wind_kz.json
{"header": {"discipline":0,"disciplineName":"Meteorological products","gribEdition":2,"gribLength":871,"center":7,"centerName":"US National Weather Service - NCEP(WMC)","subcenter":0,"refTime":"2023-08-21T06:00:00.000Z","significanceOfRT":1,"significanceOfRTName":"Start of forecast","productStatus":0,"productStatusName":"Operational products","productType":1,"productTypeName":"Forecast products","productDefinitionTemplate":0,"productDefinitionTemplateName":"Analysis/forecast at horizontal level/layer at a point in time","parameterCategory":0,"parameterCategoryName":"UnknownDiscipline_0_Category_0","parameterNumber":0,"parameterNumberName":"UnknownParameter_D0_C0_0","parameterUnit":"Unknown","genProcessType":2,"genProcessTypeName":"Forecast","forecastTime":240,"surface1Type":1,"surface1TypeName":"Ground or water surface","surface1Value":0.0,"surface2Type":255,"surface2TypeName":"Missing","surface2Value":0.0,"gridDefinitionTemplate":0,"gridDefinitionTemplateName":"Latitude_Longitude","numberPoints":615,"shape":6,"shapeName":"Earth spherical with radius of 6,371,229.0 m","gridUnits":"degrees","resolution":48,"winds":"true","scanMode":64,"nx":41,"ny":15,"basicAngle":0,"lo1":47.0,"la1":41.0,"lo2":87.0,"la2":55.0,"dx":1.0,"dy":1.0}, "data":
[rows 0 to 14 of 15, columns 0 to 40 of 41]
300.08508,294.08508,303.2851,298.7851,298.58508,297.38507,309.38507,314.2851,310.6851,312.08508,311.98508,311.88507,312.58508,313.2851,314.58508,316.7851,316.48508,314.48508,317.88507,314.38507,319.38507,312.88507,313.48508,309.58508,310.7851,317.38507,306.58508,298.6851,296.58508,294.58508,292.2851,288.58508,296.2851,310.7851,305.58508,303.38507,308.7851,311.08508,313.7851,314.98508,321.7851
292.98508,302.6851,298.88507,298.6851,298.58508,297.2851,315.7851,312.1851,309.88507,310.08508,313.1851,312.08508,312.98508,316.6851,315.08508,317.48508,318.6851,321.7851,320.1851,323.08508,321.88507,314.7851,311.38507,299.08508,294.38507,292.7851,298.38507,295.88507,298.1851,290.38507,294.1851,274.2851,288.58508,272.98508,273.38507,295.1851,295.48508,297.48508,310.7851,304.48508,284.48508
297.1851,298.58508,298.88507,298.7851,297.2851,308.48508,308.08508,309.7851,310.48508,310.58508,311.1851,313.48508,313.2851,314.2851,313.38507,315.2851,314.6851,310.58508,316.88507,315.38507,318.48508,314.6851,313.6851,305.1851,310.2851,311.98508,309.7851,304.2851,302.98508,297.98508,283.6851,274.2851,285.98508,285.7851,282.08508,279.1851,273.1851,286.2851,292.08508,286.98508,294.48508
301.88507,299.2851,298.7851,297.7851,298.38507,305.1851,306.38507,308.98508,310.98508,311.38507,311.6851,310.1851,295.2851,294.48508,309.98508,314.08508,310.38507,310.88507,309.48508,311.48508,309.98508,306.58508,313.6851,313.08508,311.48508,307.08508,311.2851,311.48508,310.98508,305.58508,305.1851,301.38507,301.08508,298.7851,293.58508,286.58508,278.58508,275.48508,279.7851,303.48508,307.98508
308.1851,298.6851,298.88507,298.2851,301.6851,306.38507,308.2851,311.6851,310.1851,307.98508,308.88507,309.38507,295.08508,293.7851,291.58508,308.58508,310.2851,308.1851,308.7851,303.58508,308.7851,310.7851,310.58508,311.48508,311.38507,311.08508,306.48508,306.58508,311.1851,313.08508,311.2851,308.48508,289.58508,273.1851,288.38507,298.1851,298.6851,295.7851,300.48508,310.58508,315.38507
307.58508,307.38507,297.1851,297.88507,298.58508,298.08508,307.2851,305.58508,304.08508,305.1851,305.1851,305.2851,296.1851,294.48508,299.7851,304.88507,307.1851,308.1851,307.2851,308.58508,307.48508,305.98508,299.88507,297.2851,301.08508,304.48508,304.6851,292.98508,305.7851,306.38507,310.88507,309.48508,308.6851,309.48508,291.48508,297.58508,291.58508,289.98508,301.1851,312.08508,309.7851
307.88507,309.1851,308.7851,308.6851,305.58508,310.2851,312.6851,308.88507,305.38507,304.1851,302.2851,302.88507,301.7851,302.48508,302.88507,303.08508,304.98508,304.2851,298.48508,294.08508,292.7851,305.08508,300.1851,293.88507,292.38507,293.88507,300.58508,301.38507,304.1851,304.1851,307.48508,309.2851,310.7851,308.6851,296.6851,294.48508,293.2851,294.2851,288.7851,284.98508,303.2851
309.6851,310.88507,309.38507,308.2851,308.6851,308.48508,307.1851,302.98508,302.6851,302.48508,301.98508,300.1851,300.98508,299.1851,300.08508,300.08508,301.98508,301.6851,303.7851,298.88507,290.1851,298.1851,291.7851,294.1851,288.6851,287.48508,289.08508,296.98508,298.48508,301.88507,302.98508,304.1851,304.58508,303.08508,293.98508,294.98508,304.48508,289.98508,301.38507,298.98508,303.08508
308.38507,307.7851,308.1851,307.38507,304.98508,305.48508,305.08508,305.7851,302.6851,302.08508,300.58508,299.98508,299.08508,300.88507,298.08508,299.2851,299.1851,300.48508,298.08508,298.88507,299.98508,289.6851,297.48508,290.38507,296.58508,287.08508,285.7851,289.2851,293.58508,293.2851,294.48508,297.48508,303.98508,304.48508,305.08508,294.08508,292.48508,296.6851,286.38507,291.2851,294.38507
306.2851,305.08508,305.1851,305.08508,303.88507,303.48508,303.1851,301.1851,300.88507,300.08508,297.6851,296.48508,296.7851,297.08508,289.98508,290.38507,296.58508,297.08508,288.58508,287.88507,286.1851,292.88507,288.1851,294.58508,291.08508,287.6851,285.7851,285.2851,290.48508,293.6851,297.1851,301.38507,305.98508,305.7851,303.7851,293.98508,288.7851,288.58508,285.6851,287.38507,290.58508
301.38507,301.48508,301.1851,301.2851,300.48508,299.7851,299.88507,299.7851,298.58508,296.48508,294.58508,295.48508,294.58508,289.1851,286.6851,290.98508,286.88507,287.7851,286.7851,286.38507,286.38507,286.7851,289.2851,285.98508,288.48508,294.2851,288.7851,287.2851,288.88507,299.38507,302.6851,304.88507,304.1851,301.2851,300.6851,294.58508,289.08508,288.08508,291.08508,288.88507,287.1851
300.88507,300.2851,300.38507,299.7851,298.08508,297.1851,295.88507,295.7851,295.98508,294.6851,291.08508,292.58508,289.38507,285.38507,285.1851,288.48508,285.6851,290.38507,286.38507,285.7851,285.48508,285.1851,285.7851,289.2851,285.38507,286.88507,287.2851,291.88507,289.08508,293.58508,299.1851,301.2851,298.7851,299.2851,295.08508,298.7851,296.58508,297.2851,295.08508,294.88507,294.48508
296.6851,300.2851,299.88507,299.1851,295.98508,293.88507,295.58508,296.1851,295.7851,291.2851,287.48508,283.08508,285.98508,283.48508,284.08508,284.58508,285.1851,289.6851,286.1851,285.7851,287.1851,285.6851,285.08508,289.7851,288.58508,289.08508,288.08508,287.6851,287.6851,295.58508,297.38507,296.98508,298.7851,294.1851,294.2851,296.7851,296.88507,295.88507,295.88507,293.38507,289.6851
296.08508,295.38507,293.6851,296.58508,294.08508,294.1851,293.88507,292.48508,293.7851,292.7851,283.6851,281.1851,284.1851,283.2851,284.88507,284.08508,284.58508,286.38507,286.6851,285.7851,288.38507,288.1851,287.58508,287.08508,288.1851,288.48508,289.38507,295.58508,293.38507,291.2851,296.6851,297.48508,296.48508,294.7851,293.88507,293.58508,294.58508,295.1851,294.7851,287.1851,289.98508
292.7851,294.6851,290.58508,295.38507,293.2851,291.38507,291.6851,290.6851,292.38507,292.2851,285.98508,284.48508,281.7851,283.58508,283.7851,285.38507,284.2851,284.38507,289.08508,286.88507,285.48508,286.48508,286.08508,289.38507,288.08508,289.7851,291.08508,287.58508,288.08508,289.48508,294.2851,288.08508,291.58508,288.48508,285.7851,285.98508,287.48508,288.58508,288.2851,288.1851,288.08508
