wind_kz.json
{"header": {"discipline":0,"disciplineName":"Meteorological products","gribEdition":2,"gribLength":1025,"center":7,"centerName":"US National Weather Service - NCEP(WMC)","subcenter":0,"refTime":"2023-09-20T06:00:00.000Z","significanceOfRT":1,"significanceOfRTName":"Start of forecast","productStatus":0,"productStatusName":"Operational products","productType":1,"productTypeName":"Forecast products","productDefinitionTemplate":0,"productDefinitionTemplateName":"Analysis/forecast at horizontal level/layer at a point in time","parameterCategory":2,"parameterCategoryName":"UnknownDiscipline_0_Category_2","parameterNumber":3,"parameterNumberName":"UnknownParameter_D0_C2_3","parameterUnit":"Unknown","genProcessType":2,"genProcessTypeName":"Forecast","forecastTime":300,"surface1Type":103,"surface1TypeName":"Specified height level above ground","surface1Value":10.0,"surface2Type":255,"surface2TypeName":"Missing","surface2Value":0.0,"gridDefinitionTemplate":0,"gridDefinitionTemplateName":"Latitude_Longitude","numberPoints":615,"shape":6,"shapeName":"Earth spherical with radius of 6,371,229.0 m","gridUnits":"degrees","resolution":48,"winds":"true","scanMode":64,"nx":41,"ny":15,"basicAngle":0,"lo1":47.0,"la1":41.0,"lo2":87.0,"la2":55.0,"dx":1.0,"dy":1.0}, "data":
[rows 0 to 14 of 15, columns 0 to 40 of 41]
0.39852783,-1.5214722,2.598528,2.868528,-0.89147216,1.4685278,0.37852782,0.32852784,-0.40147218,-1.0914721,-2.1214721,-2.3714721,-3.0114722,-3.7714722,-4.031472,-4.131472,-2.881472,-3.0214722,-3.8314722,-1.8214722,-3.661472,-3.5714722,0.008527832,-0.66147214,-2.381472,0.92852783,-0.7514722,1.3185278,0.97852784,2.9485278,1.4085279,1.1285279,-0.33147216,0.27852783,-0.36147216,1.2685279,2.4885278,2.2385278,0.8185278,0.85852784,3.1585279
1.7385278,1.4185278,3.618528,4.578528,4.1285276,1.6385279,0.22852783,0.6185278,0.048527833,-0.64147216,-2.881472,-4.191472,-3.9714723,-3.3214722,-4.561472,-4.691472,-3.631472,-5.091472,-3.0814722,-3.0014722,-4.001472,-4.6614723,-2.0414722,1.4185278,0.54852784,0.71852785,-2.0614722,1.0085279,-1.2014722,-0.011472168,1.7885278,3.4685278,0.43852782,-0.36147216,-1.8814721,0.03852783,-0.42147216,-0.46147215,1.5985278,-1.6314721,0.67852783
2.1685278,5.968528,3.2285278,3.1285279,2.7685277,1.6885278,0.60852784,0.35852784,-0.5414722,-1.2514721,-1.8514721,-2.4614723,-3.7514722,-4.1414723,-2.881472,-3.171472,-3.5914721,-4.521472,-3.661472,-2.3214722,-0.7914722,-4.591472,-6.001472,-1.6614722,-0.91147214,0.6185278,0.098527834,0.048527833,-0.20147216,0.5685278,4.1285276,0.8285278,1.2785279,-0.11147217,-1.4514722,1.7985278,3.108528,-0.83147216,-0.16147217,0.08852783,-0.081472166
2.6785278,4.098528,1.6685278,2.9485278,1.3985279,0.7485278,1.8685279,1.2785279,1.4285278,0.92852783,-0.46147215,-1.8814721,-4.211472,-5.1014724,-3.4814723,-2.1014721,-2.7814722,-3.5414722,-3.671472,-4.881472,-4.5814724,-3.1014721,0.66852784,-2.7314723,-3.2514722,-3.4614723,-3.2614722,-2.8414721,-0.6214722,-1.9514722,-1.8914722,-0.22147217,-0.8014722,-0.97147214,-0.23147216,-2.5214722,-0.9314722,2.6885278,0.6385278,0.20852783,1.4285278
1.2285278,0.39852783,1.0485278,1.9485278,1.0185279,0.33852783,0.15852784,0.40852782,0.97852784,2.4985278,1.5485278,0.20852783,-1.8414721,-4.2214723,-1.6514722,-0.60147214,-1.0914721,-2.161472,-1.9314722,-2.5014722,-3.0214722,-2.3214722,-1.6314721,-0.32147217,-0.83147216,-2.2614722,-2.6114721,-2.941472,-2.4814723,-2.5614722,-2.901472,-1.2314721,1.9685278,2.608528,-0.27147216,0.018527832,-0.39147216,-0.48147216,1.4085279,1.9185278,0.49852782
0.11852783,-0.82147217,0.27852783,0.6885278,1.9285278,1.7085278,1.1985278,1.2185278,0.19852783,0.11852783,1.9685278,1.7085278,0.18852784,-1.2214721,-1.3614721,-1.0614722,0.06852783,-1.1214721,-2.191472,1.1785278,0.19852783,0.10852783,-1.3414721,-0.38147217,1.8785279,1.0885278,0.78852785,-0.13147217,-1.3414721,-1.7914722,-2.5414722,-2.0314722,-1.1914722,-1.7014722,1.1285279,-0.31147218,1.1585279,1.4385278,1.0185279,-0.8114722,0.9485278
1.4485278,0.8785278,0.79852784,1.0285279,1.6985278,1.1385279,1.1185279,0.20852783,0.11852783,1.0185279,-0.6114722,0.23852783,-1.3314722,-0.041472167,0.79852784,0.9985278,-0.30147216,-0.53147215,-1.7214721,-2.3514721,2.1685278,1.6285279,1.0585278,-1.2414721,-1.2714722,0.24852782,2.368528,1.6285279,0.64852786,-1.6114721,0.6285278,-0.52147216,-2.1014721,-2.401472,-1.3414721,-1.3414721,-2.8414721,-0.7914722,0.9985278,0.098527834,0.22852783
2.838528,2.858528,2.8985279,2.4085279,2.6885278,1.4585278,-0.5614722,-0.35147217,0.19852783,-1.2514721,-1.1614722,-2.0214722,-0.48147216,-0.5014722,-1.3914722,-1.2514721,1.6785278,-0.081472166,-0.43147218,-0.5014722,-1.8914722,1.4285278,2.2085278,1.5485278,-0.121472165,0.41852784,1.3685279,1.0585278,-0.76147217,1.3885279,0.5085278,2.2085278,0.098527834,-0.38147217,0.32852784,1.5685278,0.14852783,-0.42147216,0.7585278,1.4585278,-1.1914722
2.318528,2.9685278,2.328528,1.5985278,1.3785279,1.2085278,-0.07147217,-2.2114723,-0.60147214,-1.9714721,-2.131472,-1.9114722,-1.8314722,-1.6114721,-1.8114722,-1.8314722,-1.0614722,0.018527832,0.78852785,1.9785278,1.6785278,-0.76147217,2.9985278,2.1585279,1.5685278,1.0185279,1.5685278,1.5985278,0.96852785,0.33852783,-0.53147215,0.5585278,2.2685277,3.9885278,2.868528,2.308528,-1.4914721,-0.27147216,0.9985278,0.83852786,-2.7214723
1.9885278,2.2685277,2.4085279,2.2185278,1.7485279,0.89852786,-1.2314721,-1.5914721,-1.3614721,-1.3814721,-1.4814721,-2.181472,-2.0114722,-2.0414722,-1.8514721,-1.9214722,-1.5514722,-0.26147217,0.37852782,0.90852785,2.3985279,2.5485277,2.328528,3.358528,3.0485277,2.7085278,1.9785278,1.3485278,0.37852782,1.3685279,2.7385278,3.3885279,2.098528,5.0485277,5.248528,2.098528,0.92852783,-3.2714722,0.5585278,4.428528,3.058528
1.6885278,1.6585279,1.4385278,0.7685278,0.35852784,0.25852785,-0.90147215,-1.3814721,-0.76147217,-0.70147216,-0.57147217,-0.19147217,-2.401472,-2.5114722,-1.7514721,-1.7514721,-1.2814722,-0.46147215,0.098527834,-0.011472168,0.5085278,0.92852783,1.2885278,2.7285278,3.2585278,3.7485278,3.6685278,4.2785277,3.358528,3.2085278,3.2985277,3.088528,4.058528,4.748528,7.1285276,4.488528,1.7185278,2.9085279,2.4985278,1.6885278,0.08852783
1.3885279,1.7085278,1.5885278,1.5585278,0.96852785,-0.25147218,-0.29147217,-0.44147217,-1.2014722,-1.0014721,-0.58147216,-1.3214722,-2.131472,-2.171472,-1.6414722,-1.4914721,-1.1214721,-0.7414722,-0.021472167,0.05852783,0.5685278,0.38852784,0.37852782,0.67852783,1.4885278,1.7585279,3.588528,3.7385278,4.0085278,3.7385278,3.7285278,4.5485277,4.1285276,5.808528,5.5285277,7.2785277,7.178528,5.218528,3.6585279,2.9985278,1.5885278
1.5685278,1.3585278,1.3685279,0.7685278,0.9485278,-0.26147217,-0.24147217,0.028527832,-0.5514722,0.08852783,0.048527833,-0.5414722,-0.97147214,-1.9514722,-2.1114721,-1.9614722,-1.4814721,-0.9414722,-0.82147217,0.14852783,0.7485278,1.2585279,1.2885278,1.3385278,1.0785278,1.7785279,1.9085279,1.9785278,2.6985278,3.088528,3.8785279,4.748528,5.328528,6.218528,6.908528,6.8985276,6.558528,4.3585277,5.198528,4.578528,2.0285277
1.0985278,0.83852786,1.0885278,1.5185279,-0.10147217,-0.021472167,-0.14147216,-0.17147216,0.44852784,-0.6114722,1.3285278,0.22852783,-0.121472165,0.06852783,-0.6914722,-1.0014721,-0.90147215,-0.58147216,-0.44147217,0.30852783,0.5585278,1.0985278,1.1985278,1.0685278,1.2585279,1.0285279,1.1485279,1.8685279,2.2885277,2.7885277,3.2485278,3.9485278,4.718528,6.098528,5.658528,6.268528,5.478528,5.848528,5.3185277,5.0885277,5.0485277
0.13852783,-0.5614722,-0.53147215,0.5085278,0.03852783,0.5685278,0.23852783,0.14852783,-0.19147217,0.35852784,1.0085279,1.2785279,1.6485279,-0.97147214,-1.0414722,-0.29147217,-0.001472168,0.26852784,0.48852783,-0.011472168,0.19852783,0.5085278,0.59852785,0.6185278,0.85852784,0.7685278,0.89852786,0.8185278,0.85852784,1.3085278,2.2685277,3.568528,3.9985278,4.718528,5.428528,5.938528,6.888528,7.2585278,5.718528,6.678528,5.248528
