wind_kz.json
{"header": {"discipline":0,"disciplineName":"Meteorological products","gribEdition":2,"gribLength":871,"center":7,"centerName":"US National Weather Service - NCEP(WMC)","subcenter":0,"refTime":"2024-02-02T12:00:00.000Z","significanceOfRT":1,"significanceOfRTName":"Start of forecast","productStatus":0,"productStatusName":"Operational products","productType":1,"productTypeName":"Forecast products","productDefinitionTemplate":0,"productDefinitionTemplateName":"Analysis/forecast at horizontal level/layer at a point in time","parameterCategory":0,"parameterCategoryName":"UnknownDiscipline_0_Category_0","parameterNumber":0,"parameterNumberName":"UnknownParameter_D0_C0_0","parameterUnit":"Unknown","genProcessType":2,"genProcessTypeName":"Forecast","forecastTime":180,"surface1Type":1,"surface1TypeName":"Ground or water surface","surface1Value":0.0,"surface2Type":255,"surface2TypeName":"Missing","surface2Value":0.0,"gridDefinitionTemplate":0,"gridDefinitionTemplateName":"Latitude_Longitude","numberPoints":615,"shape":6,"shapeName":"Earth spherical with radius of 6,371,229.0 m","gridUnits":"degrees","resolution":48,"winds":"true","scanMode":64,"nx":41,"ny":15,"basicAngle":0,"lo1":47.0,"la1":41.0,"lo2":87.0,"la2":55.0,"dx":1.0,"dy":1.0}, "data":
[rows 0 to 14 of 15, columns 0 to 40 of 41]
278.9844,271.7844,276.2844,280.2844,280.5844,282.0844,279.3844,279.8844,277.3844,277.5844,276.3844,276.9844,277.2844,277.4844,277.6844,277.1844,277.5844,277.5844,279.6844,280.5844,278.6844,277.7844,276.6844,270.5844,271.7844,273.3844,268.7844,253.4844,252.5844,250.4844,252.5844,252.4844,258.0844,267.5844,269.2844,269.8844,269.3844,269.2844,269.3844,268.7844,269.7844
260.4844,278.1844,280.0844,279.8844,280.4844,280.9844,276.2844,275.4844,274.4844,273.8844,274.2844,273.9844,274.8844,275.5844,276.0844,276.1844,277.3844,277.7844,277.5844,278.9844,279.2844,278.2844,277.1844,266.7844,247.9844,255.1844,261.0844,251.0844,254.6844,249.7844,259.5844,245.9844,258.8844,240.9844,248.3844,259.3844,257.6844,266.1844,267.7844,261.9844,263.4844
275.7844,278.8844,280.0844,280.2844,280.2844,274.4844,273.6844,273.5844,272.0844,270.6844,270.6844,271.6844,273.3844,274.0844,272.5844,271.7844,274.2844,272.5844,273.7844,274.4844,275.4844,277.6844,275.7844,271.7844,277.1844,271.1844,270.7844,269.8844,271.9844,263.7844,252.7844,256.7844,258.5844,256.6844,252.5844,260.1844,255.9844,250.3844,250.0844,251.3844,250.6844
277.2844,275.8844,277.5844,278.7844,276.9844,270.5844,272.1844,271.8844,271.2844,271.7844,271.4844,270.6844,281.0844,281.7844,272.6844,270.3844,271.0844,272.8844,273.2844,272.8844,274.2844,268.1844,273.3844,274.4844,273.2844,273.0844,272.8844,269.7844,270.3844,269.7844,269.8844,268.7844,270.6844,263.0844,259.0844,265.1844,255.3844,255.1844,261.9844,261.9844,256.6844
273.8844,271.1844,270.6844,269.2844,268.9844,270.8844,271.8844,271.2844,271.4844,271.6844,271.4844,270.8844,278.8844,278.8844,278.0844,269.4844,269.7844,270.1844,270.1844,271.1844,273.3844,273.9844,273.5844,272.8844,272.7844,269.8844,270.8844,272.8844,272.2844,272.3844,270.5844,270.6844,263.3844,251.6844,260.6844,258.3844,262.0844,255.1844,254.9844,255.1844,257.7844
272.3844,271.6844,269.6844,269.0844,268.9844,267.3844,269.6844,271.7844,270.6844,270.4844,270.4844,270.2844,277.3844,278.8844,269.0844,268.8844,269.5844,269.0844,267.8844,269.8844,268.3844,273.4844,271.6844,272.1844,271.4844,269.3844,271.8844,269.5844,270.3844,269.3844,267.9844,268.2844,264.0844,257.6844,266.1844,264.3844,264.6844,260.4844,256.1844,255.1844,257.5844
271.5844,270.9844,271.1844,270.6844,270.0844,269.9844,269.3844,270.3844,270.3844,269.6844,269.0844,267.0844,268.3844,267.6844,268.4844,269.2844,268.1844,267.5844,263.3844,262.2844,262.8844,266.2844,271.6844,271.5844,271.2844,270.1844,261.3844,265.5844,266.3844,266.2844,264.4844,262.4844,260.7844,264.8844,264.3844,262.3844,262.4844,262.5844,257.9844,257.4844,257.8844
271.3844,270.1844,271.4844,271.0844,270.7844,270.2844,269.6844,269.2844,268.0844,266.1844,263.0844,263.2844,263.0844,261.3844,265.6844,264.3844,264.0844,262.3844,260.5844,257.1844,260.3844,262.1844,265.3844,269.6844,271.6844,270.3844,268.1844,264.9844,266.0844,266.0844,260.3844,263.1844,263.7844,264.5844,256.5844,253.2844,252.3844,261.8844,262.1844,260.9844,256.8844
268.4844,268.2844,269.0844,268.0844,268.4844,268.0844,267.3844,265.0844,262.8844,260.5844,258.6844,255.4844,256.5844,259.0844,258.3844,261.1844,259.7844,260.3844,259.0844,257.5844,258.1844,260.9844,263.1844,265.7844,267.6844,272.9844,271.8844,268.1844,267.1844,267.6844,266.1844,264.6844,268.9844,265.5844,261.7844,261.2844,259.6844,258.5844,256.1844,251.0844,249.8844
264.0844,263.4844,262.0844,264.4844,263.4844,262.5844,259.7844,258.2844,258.3844,258.7844,255.9844,254.7844,255.9844,256.6844,256.7844,258.7844,258.5844,259.1844,258.9844,258.7844,258.2844,260.5844,263.4844,266.1844,268.3844,268.9844,272.8844,271.5844,271.1844,270.3844,270.4844,271.6844,271.6844,267.4844,265.2844,263.8844,264.2844,260.9844,260.2844,258.7844,250.2844
261.0844,258.8844,258.2844,258.1844,254.7844,251.1844,250.6844,251.3844,248.0844,247.2844,249.5844,253.9844,256.1844,254.7844,255.9844,256.1844,255.6844,257.2844,257.4844,256.5844,257.7844,259.0844,262.8844,265.2844,267.0844,267.4844,272.7844,273.1844,273.8844,275.2844,275.0844,274.0844,272.2844,267.8844,267.0844,263.3844,264.3844,262.6844,259.4844,257.8844,254.7844
260.6844,259.6844,256.9844,252.9844,250.6844,249.4844,247.3844,246.6844,245.5844,244.8844,243.0844,252.5844,253.7844,253.1844,255.0844,255.6844,256.1844,256.3844,257.9844,258.4844,257.0844,257.2844,258.1844,262.3844,265.5844,266.8844,273.1844,274.1844,274.3844,273.6844,273.1844,273.1844,272.6844,269.3844,268.6844,269.0844,271.1844,266.4844,267.2844,266.8844,261.7844
260.9844,258.0844,255.3844,248.8844,249.9844,248.5844,245.5844,244.8844,243.6844,247.0844,240.9844,252.3844,255.9844,254.8844,255.1844,254.7844,253.6844,254.6844,255.5844,255.2844,254.3844,255.3844,257.0844,258.0844,263.1844,265.1844,267.8844,273.1844,273.1844,273.1844,273.1844,273.1844,273.1844,270.6844,270.1844,269.6844,269.9844,272.4844,266.5844,267.0844,270.0844
261.0844,258.7844,251.6844,250.2844,245.4844,244.6844,243.8844,248.7844,248.9844,247.1844,248.7844,250.6844,255.5844,253.9844,254.5844,253.8844,254.9844,254.9844,254.6844,254.5844,254.8844,255.3844,256.2844,257.1844,260.3844,263.8844,265.6844,267.5844,273.1844,273.1844,273.1844,273.1844,273.1844,272.6844,271.3844,269.8844,270.7844,271.3844,272.4844,271.9844,272.0844
256.3844,253.2844,249.6844,247.8844,249.2844,248.3844,251.6844,249.4844,252.9844,248.4844,254.7844,254.0844,254.8844,255.9844,255.8844,254.6844,255.3844,255.1844,255.5844,254.8844,254.8844,254.8844,254.2844,253.4844,256.2844,260.9844,263.1844,265.1844,267.4844,273.1844,273.0844,273.1844,273.0844,273.1844,273.1844,271.4844,271.2844,270.7844,272.1844,273.0844,273.1844
