wind_kz.json
{"header": {"discipline":0,"disciplineName":"Meteorological products","gribEdition":2,"gribLength":1025,"center":7,"centerName":"US National Weather Service - NCEP(WMC)","subcenter":0,"refTime":"2023-08-17T18:00:00.000Z","significanceOfRT":1,"significanceOfRTName":"Start of forecast","productStatus":0,"productStatusName":"Operational products","productType":1,"productTypeName":"Forecast products","productDefinitionTemplate":0,"productDefinitionTemplateName":"Analysis/forecast at horizontal level/layer at a point in time","parameterCategory":2,"parameterCategoryName":"UnknownDiscipline_0_Category_2","parameterNumber":3,"parameterNumberName":"UnknownParameter_D0_C2_3","parameterUnit":"Unknown","genProcessType":2,"genProcessTypeName":"Forecast","forecastTime":300,"surface1Type":103,"surface1TypeName":"Specified height level above ground","surface1Value":10.0,"surface2Type":255,"surface2TypeName":"Missing","surface2Value":0.0,"gridDefinitionTemplate":0,"gridDefinitionTemplateName":"Latitude_Longitude","numberPoints":615,"shape":6,"shapeName":"Earth spherical with radius of 6,371,229.0 m","gridUnits":"degrees","resolution":48,"winds":"true","scanMode":64,"nx":41,"ny":15,"basicAngle":0,"lo1":47.0,"la1":41.0,"lo2":87.0,"la2":55.0,"dx":1.0,"dy":1.0}, "data":
[rows 0 to 14 of 15, columns 0 to 40 of 41]
1.7176934,2.2776935,0.077693485,2.6376934,3.2576935,1.8876935,2.4276934,2.1276934,1.6276935,1.0976934,-0.052306518,-0.5023065,-1.9723065,-3.3323066,-4.1823063,-5.3723063,-6.1823063,-4.4923067,-5.8923063,-4.4423065,-3.6823065,-5.1523066,-4.6423063,2.4676936,3.5576935,3.6776934,-1.1823065,0.6776935,-2.1623065,-1.7923065,1.3076935,1.5476935,0.077693485,1.0476935,3.1176934,2.4276934,0.76769346,-0.3923065,1.4276935,1.8776935,0.94769347
0.27769348,0.2976935,2.6576934,6.2376933,5.3776937,3.3276935,2.2576935,2.5676935,1.9376935,1.0976934,0.76769346,-1.0523065,-1.9823065,-3.2223065,-4.7923064,-5.3723063,-3.4123065,-4.6923065,-5.1823063,-5.4123063,-5.3223066,-5.6523066,-5.4423065,-2.1523066,3.4876935,4.0276933,3.9076934,3.9976935,-0.5823065,3.8276935,0.5676935,3.0476935,2.1376934,1.0576935,3.0576935,3.3976934,3.1076934,2.4576936,2.4176934,3.0676935,-0.07230652
0.10769348,4.2576933,6.3276935,5.8576937,4.3076935,4.5876937,3.6076934,2.3576934,2.4876935,1.6076934,-0.19230652,-0.85230654,-2.1723065,-2.7423065,-3.5323064,-4.2723064,-4.7123065,-4.6523066,-4.9923067,-5.1923065,-5.7523065,-5.0023065,-3.4323065,-2.2123065,-3.4123065,-2.4223065,-2.2123065,-3.0323064,-2.0623064,-2.7323065,-1.0223066,2.4876935,-5.0523067,0.70769346,0.9776935,-3.2323065,-2.4023066,2.1176934,-0.18230651,3.9476936,3.6276934
3.4476936,4.9576936,5.4776936,4.7376933,4.6976933,4.6976933,3.5776935,2.4276934,1.9876934,1.7476935,0.6276935,-1.9523065,-3.6223066,-4.5723066,-4.3423066,-2.8623066,-2.2023065,-2.1423066,-2.3423066,-3.6323066,-4.3523064,-3.5623064,-3.7523065,-2.9223065,-2.7123065,-2.6923065,-2.8523066,-1.5823065,-2.0123065,-3.8523066,-4.5023065,-3.0423064,2.8276935,-0.022306519,3.7276936,1.4576935,4.5776935,3.6176934,-3.7023065,-3.0323064,-4.2823067
3.3076935,4.3176937,4.1876936,2.9976935,2.5276935,2.8476934,1.5576935,0.6176935,0.6176935,0.31769347,-0.06230652,-0.5923065,-3.5123065,-4.0223064,-2.9023066,-3.6723065,-3.5223064,-3.0623064,-2.9323065,-1.9623065,-2.0823066,-2.3423066,-2.7023065,-2.8823066,-2.8423066,-1.8123065,0.33769348,-0.44230652,-1.6623065,-0.8323065,-0.7023065,-0.5323065,3.1176934,2.9676936,-0.21230651,1.7776935,-6.9923067,0.6576935,-0.73230654,-2.1123066,-4.2723064
4.1576934,4.2876935,4.0576935,3.5076935,2.4576936,0.95769346,0.31769347,-0.23230653,-0.9623065,-0.4523065,-0.8323065,-2.5323064,-2.8023064,-2.8323066,-4.2023067,-3.8423066,-3.2623065,-2.7723064,-3.3023064,-2.8823066,-2.3523066,-2.6223066,-3.3023064,-2.6823065,-2.5123065,-1.2723066,-1.2423065,-1.1523066,-1.1823065,-0.9423065,1.0276935,2.4176934,1.0076935,-0.37230653,0.7176935,-3.8923066,-5.0023065,-6.8523064,-1.3923066,3.8576934,-6.7123065
3.8876934,3.8876934,3.8976934,3.9776936,2.7076936,1.2576935,-0.24230652,-0.8223065,-1.2523065,-0.9423065,-2.1323066,-2.6823065,-3.3823066,-4.1623063,-4.3623066,-3.8123064,-3.0523064,-3.4823065,-3.9623065,-3.6023066,-2.6523066,-2.2223065,-1.8123065,-1.7623066,-1.6623065,-1.8823066,-1.5423065,-3.0023065,-1.4423065,2.3076935,3.9276934,4.7476935,3.7776935,2.5676935,1.3476934,-0.27230653,2.0576935,5.7676935,-0.74230653,6.6676936,-5.5123067
4.5776935,3.8176935,4.1576934,3.6576934,1.7276934,-0.60230654,-0.92230654,-1.7823066,-1.6723065,-2.3623066,-2.5223064,-3.5123065,-4.6623063,-4.8023067,-4.8323064,-4.1823063,-3.7323065,-4.0623064,-3.4523065,-3.1323066,-3.7123065,-3.1023066,-2.1823065,-1.7923065,-1.2123065,-0.8823065,-1.2623066,-1.4823065,-0.5123065,2.2876935,0.9376935,4.6376934,4.7076936,3.9776936,4.5776935,3.3276935,-2.2423065,-3.0423064,-1.5523065,-0.8123065,-4.1323066
5.1476936,4.6476936,4.3876934,2.5276935,0.19769348,-0.5923065,-1.2523065,-1.3623065,-2.0123065,-3.0023065,-4.3623066,-3.9123065,-4.6323066,-4.5023065,-6.0723066,-5.0823064,-3.9723065,-3.4423065,-4.3823066,-3.5923066,-1.6923065,-2.8623066,-2.7723064,-2.2923064,-1.5623065,0.6176935,0.88769346,1.6576935,2.7276936,2.8376935,5.1176934,4.4676933,5.3476934,1.6076934,1.9076935,1.3776935,3.3476934,3.2476935,5.2776933,3.7876935,2.5676935
4.5676937,4.0576935,2.3776934,0.49769348,-0.18230651,-0.40230653,-1.1223065,-2.0123065,-2.7623065,-2.9223065,-4.2323065,-4.4623065,-3.9923065,-4.7023067,-5.0423064,-5.1423063,-5.8623066,-5.1123066,-4.1823063,-4.3323064,-3.2523065,-2.7723064,-2.2423065,-0.5723065,0.9876935,1.8376935,2.7976935,2.3376935,3.0976934,3.9676936,6.8876934,4.5476933,5.8076935,6.2876935,3.4376936,2.0876935,2.7576935,5.5076933,8.117694,5.8776937,3.9476936
3.7176936,2.8276935,1.8976935,1.6876935,-0.3223065,-1.4623065,-0.7723065,-2.2123065,-2.7323065,-3.2523065,-2.9723065,-2.4823065,-3.2623065,-3.9223065,-5.2223067,-6.3223066,-5.8923063,-5.8023067,-5.5323067,-5.3823066,-5.1823063,-4.3323064,-2.7123065,-1.6923065,-0.2623065,1.2176934,3.0776935,4.9476933,6.0376935,4.2676935,3.7876935,4.9076934,5.8176937,6.8476934,6.3876934,5.2276936,5.4376936,5.9176936,8.917693,6.0576935,5.0876937
2.8376935,2.1976936,1.8776935,1.5676935,-1.0023065,-1.7523065,-0.9723065,-2.7723064,-3.0623064,-3.1623065,-2.6623065,-2.0923066,-2.5223064,-4.2323065,-4.8723063,-5.8323064,-6.8523064,-6.7223067,-6.2223067,-6.2023067,-5.8023067,-6.9523067,-6.4423065,-5.6423063,-4.2823067,-3.2823064,-0.40230653,2.3876934,3.5776935,5.4676933,7.2676935,4.9076934,4.8976936,8.207693,6.6176934,9.397694,6.0976934,1.9276935,-1.0223066,-3.3623066,-2.9723065
0.9876935,1.1876935,1.0876935,-1.0323066,-1.2823066,-1.2823066,-1.5023065,-2.5123065,-1.9123065,-2.3823066,-1.5323066,-1.6223065,-1.8823066,-4.5823064,-5.9623065,-5.8223066,-5.6423063,-6.5523067,-7.3123064,-6.7323065,-6.3423066,-7.2723064,-5.4023066,-7.1523066,-7.3623066,-6.9523067,-6.2223067,-4.1223063,-1.5823065,3.9476936,7.3176937,7.9176936,8.157694,6.4976935,6.8776937,7.9576936,7.8776937,4.1876936,3.6176934,1.5976934,0.7476935
1.1576935,0.76769346,1.2176934,-0.6423065,-0.55230653,-1.4223065,-0.73230654,-2.4823065,-2.2123065,-2.1123066,-0.7723065,-1.2623066,-4.3523064,-4.1823063,-5.4223065,-6.1023064,-6.5223064,-6.8323064,-6.9523067,-7.2923064,-7.3223066,-7.6523066,-7.2523065,-7.7923064,-8.222306,-8.332307,-8.392306,-7.0723066,-4.8423066,-2.7723064,4.5976934,8.037693,8.427693,7.3076935,7.2376933,6.4376936,5.7276936,6.0776935,5.8876934,4.8776937,4.4276934
2.1076934,0.9376935,0.077693485,-0.08230652,-1.3923066,-1.1523066,-2.1823065,-2.3523066,-1.8723065,-2.1323066,-0.54230654,-2.2823064,-2.3523066,-4.0423064,-6.7323065,-6.6423063,-6.7523065,-7.0123067,-6.5523067,-7.4023066,-6.3423066,-7.9923067,-6.7623067,-7.8223066,-8.622307,-8.852306,-8.782307,-9.032307,-5.0323067,-4.5823064,2.8176935,5.8276935,5.9576936,6.5876937,6.4376936,7.0176935,6.8976936,7.6976933,6.9676933,6.4876933,4.5576935
