wind.json
{"header": {"discipline":0,"disciplineName":"Meteorological products","gribEdition":2,"gribLength":1125,"center":7,"centerName":"US National Weather Service - NCEP(WMC)","subcenter":0,"refTime":"2023-05-29T18:00:00.000Z","significanceOfRT":1,"significanceOfRTName":"Start of forecast","productStatus":0,"productStatusName":"Operational products","productType":1,"productTypeName":"Forecast products","productDefinitionTemplate":0,"productDefinitionTemplateName":"Analysis/forecast at horizontal level/layer at a point in time","parameterCategory":2,"parameterCategoryName":"UnknownDiscipline_0_Category_2","parameterNumber":2,"parameterNumberName":"UnknownParameter_D0_C2_2","parameterUnit":"Unknown","genProcessType":2,"genProcessTypeName":"Forecast","forecastTime":180,"surface1Type":103,"surface1TypeName":"Specified height level above ground","surface1Value":10.0,"surface2Type":255,"surface2TypeName":"Missing","surface2Value":0.0,"gridDefinitionTemplate":0,"gridDefinitionTemplateName":"Latitude_Longitude","numberPoints":688,"shape":6,"shapeName":"Earth spherical with radius of 6,371,229.0 m","gridUnits":"degrees","resolution":48,"winds":"true","scanMode":64,"nx":43,"ny":16,"basicAngle":0,"lo1":45.0,"la1":40.0,"lo2":87.0,"la2":55.0,"dx":1.0,"dy":1.0}, "data":
[rows 0 to 15 of 16, columns 0 to 42 of 43]
2.7608204,-2.3391798,-1.7491797,3.8408203,2.5908203,2.5808203,2.8108203,3.3908203,9.17082,1.8708203,1.8908203,3.2908204,-0.069179684,-1.2291797,-1.1891797,-3.2791796,-1.5791796,-1.5791796,-1.1491797,-0.6591797,0.33082032,-2.6391797,-3.0391798,0.5808203,1.2908204,1.1708204,2.1708202,0.7908203,-1.6791797,-1.3091797,-1.8791797,-3.1091797,-4.3691797,-5.8591795,-3.2091796,-1.7491797,-1.0791796,-1.7291797,-2.3991797,-3.3291798,-4.3491797,-5.0991797,-6.2191796
-1.1691797,6.33082,0.6108203,0.7408203,-0.9591797,7.0308204,5.19082,5.19082,6.5508204,4.3008204,2.2708204,-1.1791797,-1.5791796,-1.5491797,-1.7791797,-1.3791797,-1.1291797,-0.31917968,-2.9791796,-5.9891796,-6.53918,-5.30918,-2.2891798,0.17082031,2.7008202,4.0508204,-1.1891797,-1.6591797,0.9708203,0.33082032,-1.0691797,-0.92917967,-2.4391797,0.5208203,-0.28917968,-2.2791796,-1.0491797,-0.35917968,-1.8091797,-3.4591796,-3.1891797,-2.0991797,-1.2491797
2.4608202,0.5508203,0.5408203,-1.1691797,5.8908205,6.67082,7.50082,6.02082,5.6808205,2.5008204,0.080820315,-2.4691796,-1.3791797,-1.1991796,-1.3391796,-1.0991797,-0.7691797,0.9008203,-4.0691795,-5.66918,-5.7391796,-3.9491796,-2.7891798,-1.4091797,2.0008204,2.3408203,0.2608203,-0.3691797,0.6508203,-0.41917968,-0.5991797,0.2508203,0.9508203,-1.0391797,-0.9891797,0.88082033,0.080820315,-0.3991797,-0.93917966,-2.9591796,-0.4291797,-5.1491795,1.0508204
0.36082032,1.2208203,5.1308203,9.770821,9.80082,8.67082,10.50082,6.2608204,4.48082,-0.4591797,-5.57918,-3.0691798,-0.8191797,-0.47917968,0.110820316,-0.28917968,-2.0391798,-5.22918,-6.07918,-5.1591797,-3.4291797,-4.74918,-5.7991796,-8.189179,-6.3191795,-5.8991795,-1.7491797,-3.0791798,-2.5291796,-1.8591797,3.2708204,0.3208203,1.4408203,2.0908203,-0.3791797,-0.6591797,0.7208203,1.3308203,1.2908204,1.3208203,0.1608203,-1.0391797,0.020820312
4.8608203,6.4108205,7.42082,11.43082,9.71082,8.29082,8.50082,3.8908203,1.6108203,1.5708203,-3.9491796,-4.07918,-2.0291796,-1.2491797,-0.38917968,0.13082032,-3.2091796,-2.7991798,-1.9591796,-0.28917968,-1.5291797,-2.3791797,-4.66918,-3.3391798,-2.4691796,-5.55918,-5.6791797,-4.32918,-1.9891797,0.3808203,-0.29917967,-2.2891798,-4.45918,-4.05918,-5.5491796,-2.0991797,-1.4191797,-1.7191796,0.4708203,0.3708203,-2.4691796,-0.6391797,-2.0191796
5.31082,6.3608203,6.1108203,9.270821,8.57082,11.76082,10.76082,4.02082,3.7508204,-1.0091797,-1.7991797,-2.7591796,-3.0491798,-0.6591797,0.1608203,0.22082031,-1.2491797,-1.7491797,-0.7591797,-0.32917967,-3.3291798,-3.4091797,-1.0091797,0.5408203,-1.7991797,-1.1491797,-2.1991796,-2.6491797,-4.28918,-2.8291798,-2.6191797,-1.7591797,-0.44917968,2.2308204,2.7608204,1.4008203,-2.0391798,-3.3591797,-0.6391797,-4.8691797,-3.6991796,-2.6191797,-3.1491797
4.3408203,4.94082,5.5308204,5.00082,5.7208204,4.2408204,3.0608203,2.3808203,1.5908203,-1.3591797,-4.24918,-4.03918,-0.3691797,0.9108203,-2.3191798,-2.6291797,-2.1391797,-3.2791796,-2.7891798,-1.9891797,-4.2991796,-2.6291797,-2.5691798,-2.3591797,-0.8791797,-1.3191797,-2.0391798,-5.30918,-5.24918,-0.5691797,-2.2191796,-1.7591797,1.3008204,0.15082031,0.8008203,-0.2791797,-1.3591797,3.3308203,-0.4691797,-3.0391798,-3.7891798,-2.3991797,-2.0591798
3.1708202,3.8808203,4.46082,3.1008203,3.7808204,1.9908203,1.3008204,2.2408204,0.3708203,-2.1791797,-6.72918,-0.44917968,-1.4391797,-4.6491795,-5.0891795,-5.4891796,-4.01918,-2.4591796,-3.9091797,-4.4291797,-5.28918,-3.7791796,-4.3591795,-4.6791797,-5.05918,-4.8791795,-4.51918,-4.99918,-3.3291798,-2.9891796,-4.28918,-3.4991796,-3.6191797,-4.6591797,-5.99918,-4.6191797,-4.26918,-5.3891797,-2.2591796,-1.8591797,-1.8891797,0.7608203,-1.9991797
2.5608203,3.1308203,3.4708204,3.0008204,1.9608203,1.8008204,0.50082034,2.5008204,-0.8591797,0.6408203,-4.0691795,-0.6091797,-1.5191797,-5.80918,-4.74918,-4.4891796,-2.4491796,-0.86917967,-2.9391797,-5.53918,-4.41918,-5.99918,-6.76918,-7.1991796,-7.4091797,-6.55918,-4.49918,-2.5291796,-3.6491797,-2.9991796,-4.8891797,-6.30918,-6.1291795,-6.28918,-6.03918,-5.6191797,-4.2391796,-4.3391795,-3.8991797,-1.2391797,0.23082031,0.2608203,2.7808204
1.9808203,1.4508203,2.0508204,1.7608203,0.81082034,1.7308203,2.4208202,0.7008203,-0.9891797,-3.7891798,-0.8291797,0.2608203,-2.0891798,-4.7191796,-5.9891796,-4.32918,-4.07918,-4.9891796,-5.45918,-5.1291795,-4.45918,-5.95918,-6.43918,-6.6091795,-6.7991796,-7.1491795,-6.2991796,-5.55918,-4.8591795,-5.18918,-5.2191796,-5.41918,-5.1491795,-3.8191798,-1.7791797,-1.1491797,-1.3991797,0.88082033,-0.7791797,1.1708204,2.1908202,-0.4991797,2.3608203
1.8108203,0.6408203,0.6608203,1.3308203,0.9508203,1.5008203,2.8308203,-0.4391797,-1.4691796,-1.8491797,-1.4291797,-1.0391797,-4.5091796,-6.76918,-5.7591796,-5.1991796,-5.0891795,-4.8491797,-4.51918,-4.20918,-4.4691796,-7.20918,-7.2791796,-5.2391796,-4.5891795,-5.1491795,-6.5691795,-6.9291797,-6.4291797,-6.95918,-5.95918,-7.01918,-5.45918,-3.6491797,-2.2591796,-0.68917966,0.3108203,-1.5891796,1.4608203,-0.059179686,2.8908203,0.75082034,0.9508203
0.7808203,1.6608204,0.5208203,0.94082034,-0.8291797,0.50082034,0.3408203,2.0708203,-3.0091796,-2.3991797,-2.7391796,-2.7691796,-6.4091797,-6.8491797,-5.7591796,-7.3591795,-6.1391797,-5.2191796,-5.7991796,-5.95918,-5.18918,-6.24918,-6.7391796,-6.1291795,-6.4691796,-6.4291797,-6.0091796,-5.8491797,-6.5891795,-6.0691795,-4.8991795,-4.53918,-3.4991796,-4.3991795,-4.8991795,-5.07918,-5.07918,-1.8091797,1.4608203,-0.3091797,0.6708203,-1.3991797,1.3708203
-0.4091797,0.7708203,0.24082032,-0.12917969,-0.9791797,-3.4991796,-1.6391797,-1.6391797,-2.6991796,-2.7191796,-5.4491796,-2.5791798,-7.16918,-5.9491796,-5.1391797,-7.8991795,-6.6491795,-5.5991797,-5.4091797,-5.9091797,-4.95918,-5.5991797,-5.5991797,-5.4691796,-6.1791797,-5.8691797,-5.4691796,-5.1391797,-4.91918,-4.2991796,-3.6191797,-3.6491797,-3.7291796,-4.95918,-4.18918,-4.5091796,-4.47918,-5.3191795,-4.9891796,-4.6791797,-3.2991798,-0.9591797,-1.3491797
-0.4391797,-1.8691797,-0.7991797,-0.099179685,-0.6491797,-2.8691797,-2.3391798,-1.0991797,-2.1091797,-3.1391797,-6.18918,-3.8091798,-4.18918,-5.6791797,-3.8691797,-5.7791796,-6.1491795,-4.93918,-5.32918,-5.0991797,-5.07918,-5.7591796,-5.5891795,-5.72918,-5.5891795,-5.1391797,-5.07918,-4.9491796,-4.2391796,-4.6291795,-3.9991796,-3.8191798,-3.8291798,-3.8091798,-4.0291796,-4.7191796,-3.8391798,-3.8491797,-4.28918,-2.5191796,-2.2191796,-0.4591797,-1.2891797
-0.6291797,-0.5391797,0.13082032,-1.1191797,1.0508204,-0.07917969,-2.2091796,-3.0991797,-4.01918,-4.68918,-3.8591797,-5.95918,-1.4991797,-5.7791796,-4.4691796,-4.6991796,-5.66918,-5.32918,-5.5291796,-5.3491797,-5.72918,-6.2591796,-5.91918,-5.7791796,-5.4291797,-5.3591795,-5.4491796,-5.4691796,-5.2591796,-4.97918,-5.1191797,-4.5091796,-3.9191797,-4.1291795,-4.6291795,-4.3691797,-4.3491797,-3.6691797,-2.8791797,-3.0491798,-3.0891798,-1.4391797,1.0108203
-1.0391797,-0.7791797,-1.2791797,-1.5991797,-2.4491796,-0.6591797,-2.6991796,-1.5591797,-0.99917966,-3.5791798,-5.82918,-4.57918,-3.1191797,-3.8891797,-2.6491797,-2.7091796,-5.51918,-5.26918,-5.45918,-5.55918,-5.68918,-6.1791797,-5.68918,-6.1191797,-5.0691795,-4.9891796,-5.0891795,-4.9491796,-4.5991797,-4.6591797,-4.76918,-4.53918,-4.55918,-4.8191795,-4.6991796,-4.6591797,-4.49918,-5.1391797,-4.5091796,-3.9491796,-2.8791797,-2.4691796,-2.4891796
