wind_kz.json
{"header": {"discipline":0,"disciplineName":"Meteorological products","gribEdition":2,"gribLength":871,"center":7,"centerName":"US National Weather Service - NCEP(WMC)","subcenter":0,"refTime":"2024-01-31T18:00:00.000Z","significanceOfRT":1,"significanceOfRTName":"Start of forecast","productStatus":0,"productStatusName":"Operational products","productType":1,"productTypeName":"Forecast products","productDefinitionTemplate":0,"productDefinitionTemplateName":"Analysis/forecast at horizontal level/layer at a point in time","parameterCategory":0,"parameterCategoryName":"UnknownDiscipline_0_Category_0","parameterNumber":0,"parameterNumberName":"UnknownParameter_D0_C0_0","parameterUnit":"Unknown","genProcessType":2,"genProcessTypeName":"Forecast","forecastTime":60,"surface1Type":1,"surface1TypeName":"Ground or water surface","surface1Value":0.0,"surface2Type":255,"surface2TypeName":"Missing","surface2Value":0.0,"gridDefinitionTemplate":0,"gridDefinitionTemplateName":"Latitude_Longitude","numberPoints":615,"shape":6,"shapeName":"Earth spherical with radius of 6,371,229.0 m","gridUnits":"degrees","resolution":48,"winds":"true","scanMode":64,"nx":41,"ny":15,"basicAngle":0,"lo1":47.0,"la1":41.0,"lo2":87.0,"la2":55.0,"dx":1.0,"dy":1.0}, "data":
[rows 0 to 14 of 15, columns 0 to 40 of 41]
278.43555,271.33554,276.73553,280.33554,280.43555,281.93555,282.63556,282.23553,280.13556,279.43555,278.53555,277.93555,277.53555,277.93555,277.33554,277.03555,279.13556,278.13556,280.23553,279.53555,278.73553,280.93555,280.63556,281.13556,279.83554,279.93555,268.83554,261.33554,261.53555,259.73553,261.63556,256.73553,267.83554,280.53555,277.63556,281.53555,282.53555,280.63556,280.03555,276.73553,278.63556
260.43555,276.83554,280.23553,279.93555,280.33554,281.03555,281.23553,280.43555,280.63556,280.83554,280.53555,278.63556,278.53555,278.93555,275.23553,274.53555,277.33554,277.83554,276.83554,279.13556,278.53555,280.13556,276.63556,271.13556,263.23553,265.93555,263.43555,260.43555,261.83554,257.23553,267.03555,254.63554,272.33554,248.53555,254.63554,270.23553,268.73553,273.13556,276.63556,272.13556,273.23553
274.73553,278.73553,280.43555,280.43555,280.43555,279.13556,277.83554,279.43555,278.73553,277.73553,278.83554,277.13556,279.13556,279.33554,270.93555,270.63556,272.03555,271.73553,272.73553,273.13556,275.03555,279.93555,278.13556,269.23553,274.93555,272.93555,270.63556,271.43555,277.93555,268.23553,264.43555,265.83554,261.63556,262.43555,260.13556,265.93555,264.43555,260.13556,261.03555,264.23553,260.83554
275.83554,276.13556,278.23553,279.33554,278.83554,275.13556,276.83554,276.03555,277.63556,275.83554,276.53555,274.13556,281.03555,281.63556,273.13556,271.03555,272.43555,271.13556,269.43555,272.43555,273.93555,272.53555,273.63556,271.73553,271.23553,271.63556,272.53555,271.33554,270.83554,271.63556,271.53555,269.43555,275.33554,271.83554,269.33554,268.83554,263.13556,256.73553,268.93555,268.03555,269.03555
274.83554,272.73553,272.13556,272.83554,274.13556,275.73553,274.73553,276.13556,276.03555,274.03555,273.13556,273.43555,279.03555,278.93555,278.13556,272.23553,272.23553,273.03555,273.53555,270.13556,269.43555,271.03555,268.13556,268.93555,269.13556,269.73553,269.93555,270.43555,273.33554,273.83554,271.53555,273.13556,268.03555,258.83554,265.43555,265.33554,266.93555,267.03555,268.63556,268.13556,267.33554
272.93555,273.63556,273.13556,272.73553,272.73553,272.73553,275.43555,274.53555,274.23553,274.33554,273.13556,273.13556,278.13556,279.13556,273.73553,273.13556,270.33554,271.53555,271.63556,270.83554,269.43555,269.13556,268.93555,268.23553,268.63556,267.33554,268.83554,267.83554,269.03555,268.93555,268.83554,270.43555,268.53555,267.03555,269.73553,267.53555,267.53555,266.73553,265.83554,263.43555,264.33554
270.23553,271.73553,273.53555,274.23553,273.23553,274.63556,274.83554,273.33554,272.43555,272.33554,271.13556,269.73553,270.23553,270.63556,271.63556,273.13556,271.93555,271.53555,268.93555,268.23553,268.13556,268.33554,267.63556,266.73553,265.13556,264.63556,263.93555,265.43555,265.33554,266.73553,265.83554,265.33554,266.53555,267.23553,266.23553,266.93555,264.33554,266.23553,263.03555,263.23553,266.53555
270.93555,270.83554,271.23553,271.63556,272.63556,272.53555,272.53555,273.23553,272.43555,271.23553,269.73553,269.73553,269.03555,269.73553,271.13556,272.03555,273.13556,273.03555,269.73553,267.93555,267.33554,267.73553,267.43555,266.83554,266.53555,265.73553,264.63556,262.53555,262.13556,263.03555,263.33554,263.13556,263.13556,265.53555,264.13556,261.03555,262.23553,266.73553,266.63556,267.13556,267.33554
269.33554,268.43555,270.13556,270.43555,271.33554,272.43555,272.43555,272.43555,271.83554,270.63556,270.13556,270.33554,271.23553,271.83554,271.13556,272.83554,272.43555,273.23553,271.83554,270.33554,269.83554,267.13556,267.33554,267.03555,266.03555,266.73553,265.13556,263.33554,262.63556,262.33554,260.63556,260.73553,266.73553,267.23553,264.33554,261.83554,263.73553,264.33554,260.43555,262.03555,262.53555
266.23553,269.33554,267.93555,269.43555,270.33554,271.43555,271.43555,271.43555,270.13556,271.03555,271.23553,271.23553,271.93555,269.33554,268.53555,268.73553,272.93555,272.83554,272.63556,270.63556,269.83554,269.53555,268.23553,268.93555,268.53555,267.73553,268.13556,265.63556,266.33554,265.63556,266.13556,268.13556,268.23553,266.73553,264.63556,263.03555,266.23553,266.43555,267.03555,266.33554,261.33554
265.93555,268.53555,268.43555,268.83554,269.73553,270.33554,271.23553,271.43555,271.33554,271.53555,271.03555,270.43555,268.03555,267.83554,265.93555,266.23553,267.13556,269.23553,271.73553,270.93555,269.03555,269.43555,270.13556,268.53555,268.83554,268.83554,267.43555,268.03555,268.03555,269.33554,269.33554,268.63556,267.13556,266.93555,264.93555,265.73553,265.13556,265.33554,263.93555,267.03555,266.83554
263.73553,266.33554,268.13556,268.43555,268.43555,267.33554,269.13556,271.23553,271.03555,271.23553,270.83554,268.13556,265.63556,268.03555,265.73553,264.33554,265.03555,266.63556,270.93555,270.83554,269.73553,269.43555,269.93555,270.33554,269.83554,269.73553,269.33554,269.73553,269.43555,269.23553,268.63556,266.73553,267.23553,264.43555,265.23553,265.73553,267.13556,266.23553,269.53555,269.63556,270.33554
263.63556,265.93555,266.93555,266.53555,267.13556,268.23553,268.93555,270.83554,270.83554,270.63556,270.43555,266.03555,263.63556,265.03555,264.43555,263.93555,265.83554,266.63556,269.03555,270.33554,270.93555,270.63556,270.33554,269.63556,268.43555,268.03555,267.33554,267.53555,267.03555,266.73553,265.83554,264.93555,264.63556,264.53555,264.13556,264.63556,264.53555,267.73553,266.03555,265.33554,268.43555
264.63556,266.73553,268.43555,264.73553,267.33554,268.13556,270.43555,270.03555,270.63556,270.83554,269.23553,267.13556,262.83554,265.23553,265.43555,266.43555,266.73553,265.93555,266.13556,265.03555,265.03555,264.43555,262.13556,261.63556,261.83554,263.33554,263.93555,263.73553,263.93555,263.83554,264.13556,263.83554,264.03555,263.53555,263.93555,263.83554,265.03555,264.43555,263.83554,265.83554,266.53555
262.63556,260.53555,265.53555,265.33554,266.43555,266.83554,269.23553,271.13556,271.03555,271.33554,270.03555,265.63556,266.73553,264.53555,265.23553,264.53555,263.63556,263.03555,262.53555,258.93555,258.83554,259.33554,259.63556,260.13556,259.33554,259.73553,260.93555,262.73553,262.73553,263.63556,263.23553,263.33554,263.23553,263.43555,263.63556,263.83554,264.03555,264.13556,264.33554,264.03555,266.73553
