wind.json
{"header": {"discipline":0,"disciplineName":"Meteorological products","gribEdition":2,"gribLength":1039,"center":7,"centerName":"US National Weather Service - NCEP(WMC)","subcenter":0,"refTime":"2023-06-28T06:00:00.000Z","significanceOfRT":1,"significanceOfRTName":"Start of forecast","productStatus":0,"productStatusName":"Operational products","productType":1,"productTypeName":"Forecast products","productDefinitionTemplate":0,"productDefinitionTemplateName":"Analysis/forecast at horizontal level/layer at a point in time","parameterCategory":0,"parameterCategoryName":"UnknownDiscipline_0_Category_0","parameterNumber":0,"parameterNumberName":"UnknownParameter_D0_C0_0","parameterUnit":"Unknown","genProcessType":2,"genProcessTypeName":"Forecast","forecastTime":120,"surface1Type":1,"surface1TypeName":"Ground or water surface","surface1Value":0.0,"surface2Type":255,"surface2TypeName":"Missing","surface2Value":0.0,"gridDefinitionTemplate":0,"gridDefinitionTemplateName":"Latitude_Longitude","numberPoints":688,"shape":6,"shapeName":"Earth spherical with radius of 6,371,229.0 m","gridUnits":"degrees","resolution":48,"winds":"true","scanMode":64,"nx":43,"ny":16,"basicAngle":0,"lo1":45.0,"la1":40.0,"lo2":87.0,"la2":55.0,"dx":1.0,"dy":1.0}, "data":
[rows 0 to 15 of 16, columns 0 to 42 of 43]
294.1294,289.42938,305.7294,314.42938,318.5294,297.92938,296.8294,295.0294,318.92938,319.3294,320.0294,320.92938,322.42938,324.6294,326.1294,323.0294,323.7294,323.5294,322.92938,322.92938,319.42938,318.8294,316.6294,318.6294,316.42938,313.8294,315.6294,306.42938,303.7294,304.42938,301.6294,322.92938,322.1294,325.6294,330.3294,329.92938,328.7294,339.3294,334.42938,331.42938,333.0294,336.7294,337.0294
294.8294,308.92938,309.7294,295.8294,304.3294,296.3294,296.8294,295.1294,311.92938,321.8294,319.2294,321.6294,319.1294,317.8294,321.0294,321.3294,321.7294,323.5294,324.8294,323.2294,327.8294,323.7294,326.8294,320.0294,315.92938,314.1294,319.0294,317.8294,314.0294,293.3294,301.0294,291.42938,296.5294,300.42938,313.5294,323.7294,331.1294,327.8294,329.6294,328.5294,330.0294,330.6294,334.5294
299.3294,292.0294,289.2294,300.3294,296.5294,296.6294,296.42938,294.8294,322.7294,318.7294,318.3294,318.42938,319.42938,318.6294,319.2294,318.1294,322.92938,323.2294,325.42938,325.7294,325.5294,329.0294,325.7294,321.1294,317.92938,307.1294,295.8294,294.2294,303.92938,299.1294,301.1294,286.1294,294.92938,286.92938,311.2294,273.1294,301.92938,320.5294,323.1294,325.0294,330.8294,319.0294,285.3294
296.3294,298.7294,307.3294,296.7294,296.6294,296.7294,296.1294,318.1294,317.92938,318.2294,318.1294,316.2294,315.8294,317.6294,317.7294,317.6294,318.7294,321.0294,321.1294,321.1294,322.2294,323.1294,323.1294,318.7294,316.6294,309.6294,320.0294,318.3294,313.7294,319.5294,317.5294,299.1294,287.6294,295.0294,298.92938,304.5294,307.6294,305.7294,299.5294,300.42938,302.8294,296.92938,293.1294
306.6294,309.92938,310.0294,297.3294,297.42938,296.92938,302.42938,319.5294,318.0294,320.1294,317.92938,316.2294,316.0294,315.6294,294.92938,294.42938,316.5294,319.1294,316.3294,319.5294,320.8294,321.5294,314.92938,314.0294,315.92938,320.42938,322.3294,320.42938,320.7294,318.92938,323.3294,312.92938,313.0294,315.1294,320.6294,323.1294,323.7294,317.6294,298.6294,300.8294,303.2294,316.92938,322.3294
311.2294,312.6294,314.3294,297.92938,297.7294,298.1294,306.0294,315.42938,316.6294,318.8294,317.1294,315.8294,317.0294,315.3294,295.42938,294.7294,292.0294,314.92938,316.5294,313.0294,311.2294,314.5294,317.2294,319.2294,319.5294,318.8294,320.8294,311.92938,321.7294,314.42938,320.6294,314.42938,308.1294,313.7294,299.6294,294.0294,308.7294,319.42938,313.7294,328.3294,329.2294,320.1294,324.0294
313.42938,314.1294,314.6294,313.8294,298.42938,297.1294,297.0294,296.8294,313.6294,316.1294,306.8294,315.8294,316.2294,315.42938,296.8294,294.0294,303.6294,311.42938,315.6294,315.1294,314.0294,315.7294,314.92938,316.1294,319.5294,320.7294,319.1294,314.0294,323.42938,291.2294,326.3294,312.5294,320.3294,315.6294,321.6294,322.0294,315.5294,312.1294,308.1294,309.5294,332.2294,329.92938,320.5294
314.1294,316.6294,314.3294,309.5294,314.8294,316.1294,310.42938,315.1294,317.42938,309.0294,307.7294,313.7294,313.7294,311.1294,311.1294,313.6294,314.3294,315.3294,317.3294,317.2294,317.0294,312.5294,314.7294,316.3294,319.92938,313.92938,312.3294,311.3294,316.2294,319.92938,323.6294,321.2294,321.2294,322.7294,322.1294,323.3294,319.8294,318.0294,311.0294,304.7294,298.92938,303.7294,317.2294
310.5294,309.8294,311.8294,314.42938,304.5294,314.8294,315.2294,315.2294,314.92938,311.92938,310.42938,310.5294,309.6294,305.6294,307.5294,309.5294,314.3294,314.3294,318.6294,315.7294,311.92938,314.3294,314.6294,319.1294,303.42938,306.0294,305.2294,311.42938,311.92938,314.8294,300.1294,305.1294,314.92938,317.0294,314.7294,309.1294,313.5294,318.42938,319.0294,288.5294,312.1294,314.2294,308.7294
293.7294,308.3294,309.6294,312.5294,313.42938,312.92938,313.0294,313.6294,311.42938,310.5294,308.2294,307.6294,306.6294,306.92938,306.7294,310.3294,310.92938,313.8294,313.2294,315.3294,313.1294,312.8294,308.1294,305.3294,299.42938,303.5294,307.0294,306.92938,304.2294,306.6294,307.42938,306.3294,307.42938,307.3294,308.5294,308.7294,310.3294,307.1294,310.0294,306.2294,295.92938,291.42938,297.2294
303.42938,306.1294,307.1294,309.42938,310.5294,310.2294,309.92938,310.7294,309.0294,307.7294,305.7294,305.92938,304.1294,302.7294,305.1294,305.6294,307.5294,306.42938,309.8294,312.1294,313.8294,307.42938,310.0294,313.6294,310.7294,308.2294,309.8294,308.2294,312.3294,306.6294,305.0294,305.7294,306.5294,309.1294,309.2294,309.8294,309.0294,306.5294,300.92938,295.5294,296.8294,295.1294,292.2294
299.3294,296.2294,303.42938,303.8294,304.7294,304.92938,306.5294,306.92938,306.0294,297.6294,302.5294,304.1294,301.8294,301.3294,304.3294,303.1294,303.5294,307.3294,303.1294,310.7294,306.5294,304.92938,307.7294,310.3294,303.7294,307.0294,305.2294,307.7294,303.92938,304.6294,308.6294,309.92938,310.8294,309.92938,309.2294,304.92938,304.6294,301.5294,296.0294,295.7294,296.1294,292.3294,293.42938
297.1294,298.2294,300.2294,301.6294,302.7294,303.42938,302.2294,302.1294,302.1294,298.3294,301.8294,301.42938,298.6294,298.92938,300.6294,297.42938,303.0294,305.42938,304.2294,305.7294,304.2294,303.6294,300.2294,307.8294,308.3294,307.7294,306.1294,306.0294,305.8294,308.5294,310.42938,310.7294,306.5294,308.2294,304.7294,303.5294,300.0294,301.8294,299.92938,297.6294,294.42938,295.7294,295.0294
295.8294,295.6294,296.2294,298.42938,301.3294,300.5294,299.92938,299.6294,300.5294,303.0294,303.6294,302.8294,297.5294,296.7294,299.6294,299.6294,300.8294,299.5294,302.0294,303.92938,304.92938,303.5294,305.7294,302.3294,304.3294,302.8294,305.1294,305.5294,308.8294,307.0294,307.1294,304.7294,305.6294,304.0294,301.7294,301.7294,299.8294,299.1294,299.0294,298.0294,295.92938,297.2294,296.42938
294.8294,295.1294,296.6294,300.1294,294.8294,299.7294,298.1294,296.1294,296.5294,297.2294,296.42938,299.1294,298.8294,298.0294,298.6294,299.1294,297.0294,299.92938,300.3294,301.7294,299.3294,300.1294,299.2294,298.8294,302.5294,302.0294,302.0294,303.92938,303.6294,303.1294,303.0294,303.0294,304.5294,303.8294,301.7294,301.1294,299.6294,298.7294,297.8294,297.42938,298.1294,295.6294,296.3294
294.1294,295.0294,296.0294,298.0294,291.0294,298.6294,299.1294,298.3294,296.1294,299.0294,299.0294,298.3294,298.6294,300.1294,299.42938,300.42938,298.5294,299.3294,294.8294,300.6294,299.6294,298.3294,299.1294,298.5294,300.0294,300.1294,299.3294,300.1294,300.7294,301.3294,300.0294,300.3294,298.3294,292.92938,300.3294,300.42938,299.42938,298.5294,297.5294,295.2294,297.0294,296.92938,297.5294
