wind.json
{"header": {"discipline":0,"disciplineName":"Meteorological products","gribEdition":2,"gribLength":1211,"center":7,"centerName":"US National Weather Service - NCEP(WMC)","subcenter":0,"refTime":"2023-06-27T06:00:00.000Z","significanceOfRT":1,"significanceOfRTName":"Start of forecast","productStatus":0,"productStatusName":"Operational products","productType":1,"productTypeName":"Forecast products","productDefinitionTemplate":0,"productDefinitionTemplateName":"Analysis/forecast at horizontal level/layer at a point in time","parameterCategory":2,"parameterCategoryName":"UnknownDiscipline_0_Category_2","parameterNumber":3,"parameterNumberName":"UnknownParameter_D0_C2_3","parameterUnit":"Unknown","genProcessType":2,"genProcessTypeName":"Forecast","forecastTime":60,"surface1Type":103,"surface1TypeName":"Specified height level above ground","surface1Value":10.0,"surface2Type":255,"surface2TypeName":"Missing","surface2Value":0.0,"gridDefinitionTemplate":0,"gridDefinitionTemplateName":"Latitude_Longitude","numberPoints":688,"shape":6,"shapeName":"Earth spherical with radius of 6,371,229.0 m","gridUnits":"degrees","resolution":48,"winds":"true","scanMode":64,"nx":43,"ny":16,"basicAngle":0,"lo1":45.0,"la1":40.0,"lo2":87.0,"la2":55.0,"dx":1.0,"dy":1.0}, "data":
[rows 0 to 15 of 16, columns 0 to 42 of 43]
-4.5103273,-0.19032715,-1.9203272,3.419673,2.5096729,-5.5703273,-5.370327,-4.4903274,-5.420327,-2.8503273,-3.580327,1.7996728,1.4396728,0.19967285,-0.9203271,-2.060327,-3.1203272,-5.080327,-4.960327,-6.230327,-6.8203273,-4.120327,-5.4703274,2.1096728,2.5096729,1.5096729,-0.5503271,1.3696729,1.3696729,-1.0903271,-2.4603271,-4.2803273,2.3996727,-1.0903271,0.31967285,-3.780327,-5.9703274,-8.380327,-9.040327,-10.860327,-0.90032715,-2.830327,-2.530327
1.5396729,2.3496728,1.7796729,0.80967283,-0.27032715,-7.160327,-5.310327,-3.330327,-3.060327,-2.6203272,3.209673,3.8796728,2.0696728,1.0996728,-0.14032716,-1.5103271,-2.8903272,-4.350327,-4.630327,-5.040327,-7.5503273,-2.8703272,-5.440327,-7.2203274,-2.4503272,-1.9903271,-1.4503272,1.1896728,-0.37032714,2.0396729,0.11967285,-1.0403272,-1.4903271,-1.4603271,-3.1903272,-2.770327,-8.300327,-12.630327,-10.810328,-7.980327,-0.37032714,-2.6603272,0.7696729
1.3196728,-3.2103271,3.5396729,0.33967286,-4.910327,-6.0103273,-5.120327,-0.9903271,-2.2303271,-2.8503273,5.5296726,4.729673,3.209673,0.92967284,-0.020327149,-1.0703272,-3.1203272,-4.230327,-3.7103271,-3.9303272,-7.5303273,-5.200327,-3.540327,-7.5903273,-5.270327,2.0196729,0.9496729,0.6396729,-2.580327,-0.43032715,-0.8603271,0.8296729,1.2396729,1.0996728,-1.5603272,-3.4703271,-0.23032714,-1.1303271,-1.2003272,-4.330327,-4.710327,-2.6103272,-1.1303271
1.7396729,1.9596728,0.74967283,-2.2303271,-5.140327,-7.270327,-10.140327,2.419673,-0.7303271,-4.5103273,5.6396728,4.2796726,2.8496728,2.0596728,1.0796728,0.85967284,-1.2903272,-3.1803272,-3.830327,-4.100327,-3.1303272,-4.640327,-5.700327,-3.8403273,-5.2803273,-3.9503272,-2.270327,0.7696729,-0.7303271,-0.44032714,-1.0703272,0.26967284,2.969673,2.1096728,1.2496729,-1.3803271,-0.8703272,2.7996728,-1.6803272,-2.1203272,0.8896729,0.07967285,-1.9903271
0.8196728,4.559673,2.2796729,-1.2503271,-4.870327,-7.000327,-7.370327,-7.700327,-3.6503272,1.5896728,-3.1603272,1.4796729,3.3896728,1.5696728,0.95967287,-3.1503272,-0.38032714,-1.4303272,-3.570327,-3.8903272,-2.4003272,-3.800327,-4.310327,-2.3803272,-2.6603272,-0.20032714,-1.5403272,-2.6103272,-3.9703271,-4.420327,-2.6803272,-2.4103272,-3.1003273,-4.600327,-2.760327,2.929673,-0.120327145,-2.9403272,0.20967285,3.219673,-0.83032715,-0.18032715,-0.14032716
1.4496728,5.149673,2.8996727,1.0896728,-2.6803272,-4.5103273,-5.460327,-5.0303273,-5.230327,8.779673,7.559673,5.7596726,7.169673,5.049673,3.6096728,1.9896729,0.37967286,-0.9903271,-2.4203272,-2.2403271,-2.6203272,-1.8303272,-2.6803272,-3.800327,-3.1603272,-0.42032716,1.4796729,-0.22032715,-1.6703272,-2.1103272,-2.4903271,-3.300327,-1.9103272,0.37967286,0.25967285,0.38967285,-0.66032714,-1.8203272,-1.0703272,-6.140327,-5.700327,-5.200327,-6.8203273
1.4096729,-1.3103272,-1.7303271,3.479673,2.0496728,-1.8803271,-4.920327,-5.5703273,-5.870327,-4.700327,1.1296729,5.959673,4.579673,3.739673,2.1096728,0.54967284,1.2896729,-0.96032715,-0.9803271,-5.680327,-7.460327,0.36967286,-1.5903271,-0.8603271,-3.050327,-1.8203272,0.77967286,0.77967286,1.5096729,-1.4603271,-2.6903272,-3.820327,-4.170327,-2.7403271,-1.9403272,-1.6003271,2.699673,2.0996728,2.8596728,1.3396728,-2.8603272,6.2196727,-2.3903272
4.0296726,1.2996728,-0.72032714,-1.8303272,-2.6503272,-2.810327,-1.4403272,-3.6803272,-3.9103272,-4.560327,-1.4003272,5.599673,3.8296728,2.3696728,1.4596728,0.17967285,0.28967285,-0.64032716,-0.85032713,-4.540327,-5.0503273,-1.2603271,1.0496728,1.6296729,1.3996729,2.709673,-0.43032715,0.25967285,1.2896729,1.8696729,-1.9903271,-3.8903272,-3.250327,-2.4103272,-2.9303272,-4.730327,-2.2003272,-3.510327,-4.700327,-3.530327,-1.9803271,-2.4303272,-3.560327
-2.4503272,2.8096728,-0.14032716,-2.3503273,-2.2203271,-3.040327,-1.9103272,-3.020327,-2.1303272,-0.030327149,1.3096728,4.479673,3.749673,2.0796728,1.2296729,0.80967283,0.18967286,-0.23032714,-0.30032715,0.44967285,-1.2003272,0.60967284,-2.9303272,-3.6403272,-2.9703271,-2.4603271,-1.6703272,0.77967286,-1.0403272,-0.47032714,-0.06032715,-1.9503272,-2.8403273,-2.320327,-1.5303272,-2.1303272,-0.45032716,-0.28032714,-2.7203271,-2.2003272,0.59967285,1.1296729,-1.9203272
-3.560327,1.2196728,0.36967286,-1.7703271,-2.760327,-1.2303271,-2.1803272,0.28967285,-1.7403271,3.8596728,2.3596728,2.8096728,3.0096729,4.229673,3.499673,2.2796729,2.0096729,0.60967284,-0.21032715,-1.2303271,0.64967287,-1.6403271,0.17967285,-2.4003272,-1.5103271,-1.4803271,-2.560327,-0.41032714,0.59967285,0.48967284,1.0696728,0.89967287,-0.18032715,0.70967287,0.92967284,1.7896729,1.9496728,-0.32032716,-2.6303272,-0.60032713,-0.59032714,-1.1703272,-1.0503272
-1.7703271,-0.59032714,0.7696729,-1.5603272,-1.0603272,-2.6003273,-1.7903272,-0.5503271,0.17967285,1.9796729,4.189673,3.179673,3.5796728,2.6196728,2.5496728,0.6396729,0.65967286,-0.75032717,-1.8103272,-2.080327,-1.9603271,-0.07032715,-0.33032715,-0.040327147,-0.120327145,0.18967286,0.39967287,0.18967286,-1.8103272,-0.34032714,0.54967284,0.45967284,1.7996728,2.2896729,2.489673,3.209673,2.229673,1.4096729,-0.22032715,-0.97032714,0.31967285,1.7296729,0.19967285
0.40967286,1.2296729,1.3096728,1.8496728,-0.84032714,-1.9603271,-0.9803271,-0.57032716,-0.38032714,0.90967286,2.5996728,1.5996728,0.96967286,1.0396729,1.7896729,1.7896729,-1.9503272,-2.260327,-2.2403271,-2.6203272,-2.040327,-1.7503271,-0.8603271,0.8196728,0.46967286,-0.8103272,0.70967287,-3.2714845E-4,0.58967286,0.30967286,0.53967285,2.5696728,3.1496727,2.969673,3.0296729,2.5296729,4.149673,2.3296728,1.0796728,0.7596729,0.14967285,-0.15032715,-0.030327149
1.8396728,1.5596728,1.7896729,1.3996729,2.3696728,1.0696728,0.86967283,-0.080327146,-0.60032713,-0.59032714,-1.0603272,0.08967285,0.27967286,0.95967287,0.12967286,-0.14032716,-1.5003271,-0.30032715,-1.4303272,-2.7203271,-1.0703272,-2.040327,-1.0903271,-1.7003272,-0.32032716,-0.27032715,0.20967285,-0.7303271,0.21967286,0.5096729,-1.3803271,-4.640327,4.1396728,4.649673,3.239673,3.1296728,3.3996727,4.439673,5.1996727,3.5796728,2.5696728,2.2796729,1.5896728
-2.1503272,1.9596728,1.9796729,1.2296729,1.8896729,1.8296728,1.1896728,-0.59032714,-1.4903271,0.30967286,-0.57032716,-0.16032715,-0.36032715,0.05967285,0.41967285,-2.320327,-0.09032715,-0.19032715,-0.69032717,-0.42032716,-0.66032714,-1.5503272,-3.030327,-1.3503271,0.58967286,1.2996728,-2.080327,-0.75032717,-0.59032714,-0.42032716,0.14967285,-1.7403271,-1.4903271,3.7796729,3.7996728,3.4096727,3.1496727,3.229673,4.339673,3.5796728,4.169673,4.289673,3.429673
1.7396729,1.7796729,2.3496728,1.6396729,1.9896729,2.1396728,1.0096729,0.96967286,0.37967286,0.8796728,0.35967284,-0.010327148,0.78967285,-0.44032714,-0.09032715,-0.46032715,-0.60032713,-0.32032716,-1.1903272,1.0296729,0.52967286,0.25967285,0.5096729,-0.9903271,-2.040327,-1.8603271,1.2596729,0.31967285,-0.41032714,1.6796728,3.0696728,2.2996728,2.719673,2.7896729,2.169673,3.419673,2.469673,2.8896728,2.1196728,2.739673,3.6596727,3.5296729,4.839673
1.5996728,0.72967285,1.7996728,2.169673,0.5796729,2.3796728,2.5896728,1.3796729,1.7296729,1.2496729,2.1396728,1.5396729,0.79967284,1.8996729,1.9996729,-0.46032715,-1.0703272,1.9096729,1.2096728,-1.0503272,0.25967285,-0.60032713,-0.7303271,-1.2203271,-1.4803271,-1.9403272,-1.8303272,-1.7603271,-1.5303272,-1.0003271,0.7596729,1.1896728,2.459673,3.7696729,3.3296728,2.0296729,1.4996729,0.65967286,1.6596729,2.6596727,2.1196728,1.9896729,2.0696728
