wind_kz.json
{"header": {"discipline":0,"disciplineName":"Meteorological products","gribEdition":2,"gribLength":1025,"center":7,"centerName":"US National Weather Service - NCEP(WMC)","subcenter":0,"refTime":"2024-04-09T00:00:00.000Z","significanceOfRT":1,"significanceOfRTName":"Start of forecast","productStatus":0,"productStatusName":"Operational products","productType":1,"productTypeName":"Forecast products","productDefinitionTemplate":0,"productDefinitionTemplateName":"Analysis/forecast at horizontal level/layer at a point in time","parameterCategory":2,"parameterCategoryName":"UnknownDiscipline_0_Category_2","parameterNumber":2,"parameterNumberName":"UnknownParameter_D0_C2_2","parameterUnit":"Unknown","genProcessType":2,"genProcessTypeName":"Forecast","forecastTime":60,"surface1Type":103,"surface1TypeName":"Specified height level above ground","surface1Value":10.0,"surface2Type":255,"surface2TypeName":"Missing","surface2Value":0.0,"gridDefinitionTemplate":0,"gridDefinitionTemplateName":"Latitude_Longitude","numberPoints":615,"shape":6,"shapeName":"Earth spherical with radius of 6,371,229.0 m","gridUnits":"degrees","resolution":48,"winds":"true","scanMode":64,"nx":41,"ny":15,"basicAngle":0,"lo1":47.0,"la1":41.0,"lo2":87.0,"la2":55.0,"dx":1.0,"dy":1.0}, "data":
[rows 0 to 14 of 15, columns 0 to 40 of 41]
3.440686,1.150686,-0.059313964,2.740686,1.290686,0.80068606,-5.8293138,-6.359314,-6.859314,-5.669314,-5.519314,-5.479314,-6.009314,-6.049314,-5.0993137,-4.5993137,-3.739314,-4.609314,-4.679314,-3.839314,-2.249314,-0.49931395,1.4806861,2.600686,0.36068603,0.15068604,0.26068604,0.35068604,3.2906861,1.520686,-0.779314,2.600686,-0.45931396,-0.24931397,-1.0193139,1.630686,-1.4093139,-1.979314,-2.089314,-1.1393139,-1.079314
-2.349314,-1.249314,1.5806861,3.210686,1.650686,0.58068603,-6.249314,-6.199314,-6.019314,-5.029314,-4.489314,-4.229314,-5.009314,-4.269314,-4.229314,-3.539314,-3.289314,-3.909314,-3.599314,-2.679314,-1.259314,-0.039313965,0.38068604,2.0506861,0.15068604,0.600686,-0.45931396,1.750686,1.200686,-0.20931396,0.31068602,0.730686,0.900686,-1.099314,0.46068603,2.380686,1.180686,0.40068603,0.75068605,0.19068603,-0.41931397
-2.049314,-0.62931395,1.320686,2.990686,3.610686,-4.049314,-4.219314,-4.109314,-4.479314,-3.7293139,-3.999314,-3.2193139,-4.559314,-2.559314,-3.119314,-2.159314,-1.719314,-0.849314,-0.22931397,0.19068603,0.51068604,2.480686,2.5206861,3.630686,-0.14931397,1.500686,0.13068603,0.18068604,3.070686,0.50068605,0.83068603,-1.0393139,-0.09931397,4.760686,-1.359314,-0.539314,0.15068604,-0.959314,2.570686,2.700686,6.000686
-4.3293138,-0.94931394,-2.029314,-0.09931397,-1.739314,-2.6993139,-1.5393139,-2.4793139,-1.209314,-1.499314,-0.44931397,-4.839314,-2.859314,-0.43931398,1.660686,2.720686,2.750686,2.090686,2.440686,2.640686,2.220686,3.170686,2.900686,2.380686,3.7806861,2.2706861,0.56068605,2.850686,3.510686,0.28068602,0.23068604,3.920686,2.360686,2.560686,2.250686,2.310686,0.51068604,2.660686,-2.019314,-3.7193139,-4.459314
-3.9693139,-2.819314,-2.869314,-1.8893139,-2.429314,-2.159314,0.32068604,-0.12931396,0.980686,-1.829314,-6.569314,-11.489314,-7.919314,-6.069314,1.130686,3.5206861,5.810686,5.750686,5.1506863,5.300686,4.9206862,5.470686,5.320686,5.180686,4.230686,2.650686,3.380686,-0.31931397,1.740686,3.430686,3.2706861,3.310686,1.270686,3.090686,-4.309314,-2.429314,0.70068604,0.37068602,0.12068603,0.51068604,0.27068603
-3.879314,-4.499314,-3.829314,-4.159314,-0.709314,-0.529314,-3.319314,-5.089314,-7.199314,-7.189314,-7.049314,-8.159314,-7.649314,-6.0993137,-3.519314,-5.629314,-4.679314,-0.35931396,1.7206861,2.080686,-2.579314,-1.6393139,3.250686,5.570686,4.000686,3.230686,3.120686,-2.529314,1.130686,4.700686,2.320686,-1.949314,-0.99931395,-2.739314,-0.50931394,0.62068605,1.300686,3.670686,7.6506863,4.690686,4.610686
-3.109314,-3.769314,-4.239314,-3.799314,-4.409314,-4.869314,-5.219314,-6.459314,-6.689314,-7.809314,-7.8493137,-8.139314,-7.089314,-5.939314,-5.809314,-5.0993137,-6.819314,-7.249314,-7.3493137,-8.179314,-6.819314,-6.5993137,-6.529314,-4.529314,-4.899314,-1.299314,-3.439314,-0.789314,-1.9193139,-3.119314,-2.739314,-2.429314,-2.509314,-3.389314,-1.949314,-1.239314,-0.109313965,0.14068604,2.960686,0.40068603,-1.009314
-3.379314,-3.689314,-4.3293138,-4.559314,-4.479314,-4.819314,-5.299314,-5.219314,-4.939314,-4.769314,-8.309314,-6.969314,-5.129314,-5.869314,-5.249314,-5.479314,-5.629314,-5.369314,-5.039314,-6.5993137,-6.089314,-5.029314,-4.069314,-3.669314,-3.509314,-2.119314,-0.74931395,0.76068604,2.150686,2.470686,0.33068603,1.1106861,1.750686,1.4806861,3.140686,1.820686,0.980686,-1.829314,-1.609314,1.7306861,2.510686
-2.2293139,-2.9793139,-3.309314,-3.119314,-3.309314,-3.329314,-4.149314,-4.699314,-4.939314,-4.739314,-5.779314,-6.469314,-4.479314,-2.849314,-4.239314,-3.989314,-4.139314,-4.239314,-4.239314,-4.369314,-4.449314,-4.259314,-3.749314,-2.9593139,-2.779314,-1.1393139,0.14068604,-0.14931397,0.660686,1.2206861,1.190686,-0.45931396,-0.19931397,-0.31931397,-0.09931397,0.62068605,-0.20931396,0.68068606,1.030686,-0.21931396,1.4706861
-0.599314,-1.449314,-1.749314,-2.139314,-2.499314,-2.249314,-2.7093139,-3.589314,-4.249314,-4.369314,-5.129314,-3.829314,-2.599314,-3.129314,-3.059314,-3.7193139,-4.059314,-4.269314,-3.999314,-3.909314,-3.869314,-3.329314,-2.659314,-2.319314,-1.819314,-1.239314,-0.42931396,-0.109313965,0.780686,1.9606861,1.7106861,3.990686,3.3006861,3.090686,6.350686,3.740686,2.140686,0.590686,1.700686,1.660686,1.550686
1.530686,0.88068604,0.09068604,-0.68931395,-1.5293139,-2.019314,-1.6393139,-1.299314,-1.9093139,-2.079314,-2.629314,-2.169314,-1.749314,-1.619314,-1.879314,-2.429314,-2.9793139,-2.539314,-2.7093139,-2.839314,-2.9793139,-1.689314,-2.139314,-0.80931395,-0.32931396,-0.22931397,0.920686,0.47068605,0.960686,2.060686,3.510686,4.490686,4.320686,3.410686,4.100686,4.010686,0.56068605,1.510686,2.710686,2.460686,2.070686
2.830686,2.600686,1.690686,0.82068604,0.75068605,0.720686,0.70068604,1.040686,0.710686,1.530686,1.820686,6.8603514E-4,0.61068606,-0.67931396,-0.72931397,-0.539314,-1.089314,-1.339314,-0.18931396,-2.379314,-1.099314,0.75068605,0.44068605,0.920686,1.5806861,2.010686,2.250686,1.950686,2.2706861,1.690686,2.5506861,2.630686,1.7306861,1.800686,2.750686,3.480686,2.260686,1.9806861,0.980686,0.58068603,1.140686
3.440686,3.840686,3.5506861,2.490686,2.250686,1.120686,1.870686,2.110686,2.090686,2.090686,2.590686,3.600686,1.270686,2.230686,0.95068604,0.960686,0.920686,0.99068606,1.190686,0.51068604,1.990686,2.490686,2.5306861,2.2806861,3.440686,4.220686,3.260686,3.100686,3.250686,2.7906861,3.460686,3.810686,2.380686,1.9606861,1.650686,2.440686,3.070686,2.130686,2.710686,3.400686,2.250686
4.090686,4.070686,2.760686,3.850686,3.180686,3.220686,3.210686,3.130686,2.470686,2.230686,2.130686,3.110686,4.250686,2.5306861,1.8606861,2.230686,2.330686,1.950686,1.3506861,2.810686,2.950686,4.330686,4.770686,4.630686,4.930686,4.430686,2.940686,2.580686,0.99068606,1.190686,0.46068603,-0.41931397,-0.709314,0.24068603,0.16068603,-0.20931396,-0.37931398,0.720686,2.0506861,-0.27931395,0.40068603
3.230686,4.740686,2.950686,3.2906861,3.110686,3.090686,4.450686,3.450686,3.0506861,2.190686,1.9806861,3.7706861,2.680686,1.9606861,1.160686,1.750686,1.9706861,-0.11931396,2.490686,1.260686,2.7706861,3.700686,3.490686,3.490686,3.920686,3.880686,3.150686,-0.35931396,6.8603514E-4,-0.26931396,0.50068605,0.20068604,0.840686,0.670686,1.4806861,0.70068604,-0.969314,-0.81931394,0.17068604,1.320686,2.0206861
