wind_kz.json
{"header": {"discipline":0,"disciplineName":"Meteorological products","gribEdition":2,"gribLength":1025,"center":7,"centerName":"US National Weather Service - NCEP(WMC)","subcenter":0,"refTime":"2023-09-21T00:00:00.000Z","significanceOfRT":1,"significanceOfRTName":"Start of forecast","productStatus":0,"productStatusName":"Operational products","productType":1,"productTypeName":"Forecast products","productDefinitionTemplate":0,"productDefinitionTemplateName":"Analysis/forecast at horizontal level/layer at a point in time","parameterCategory":2,"parameterCategoryName":"UnknownDiscipline_0_Category_2","parameterNumber":3,"parameterNumberName":"UnknownParameter_D0_C2_3","parameterUnit":"Unknown","genProcessType":2,"genProcessTypeName":"Forecast","forecastTime":120,"surface1Type":103,"surface1TypeName":"Specified height level above ground","surface1Value":10.0,"surface2Type":255,"surface2TypeName":"Missing","surface2Value":0.0,"gridDefinitionTemplate":0,"gridDefinitionTemplateName":"Latitude_Longitude","numberPoints":615,"shape":6,"shapeName":"Earth spherical with radius of 6,371,229.0 m","gridUnits":"degrees","resolution":48,"winds":"true","scanMode":64,"nx":41,"ny":15,"basicAngle":0,"lo1":47.0,"la1":41.0,"lo2":87.0,"la2":55.0,"dx":1.0,"dy":1.0}, "data":
[rows 0 to 14 of 15, columns 0 to 40 of 41]
-0.042675782,-1.5926758,0.27732423,-5.4626756,-0.20267577,-1.8826758,-1.9426758,-0.69267577,-2.4426758,-2.7626758,-3.7126758,-3.3326757,-3.7326758,-3.5326757,-2.5426757,-1.8826758,-2.8926759,-1.4926758,-3.4026759,-1.8226758,-0.16267578,1.1573242,1.0173242,-1.1626757,-1.4726758,-0.89267576,-0.83267576,0.22732422,2.2573242,3.5673242,1.1273242,1.0873243,1.4873242,0.24732421,1.0973243,1.4673243,0.67732424,0.24732421,1.1273242,2.5173242,2.4773242
2.0573242,0.7673242,-2.0326757,3.0373242,1.0373242,-0.6226758,-2.7126758,-0.89267576,-2.0726757,-2.7926757,-3.6926758,-4.2326756,-3.9726758,-3.6426759,-3.9826758,0.06732422,-0.02267578,-2.5126758,-4.622676,-3.4026759,-2.8526757,-3.122676,1.6573242,1.1973243,-0.18267578,-0.2626758,-1.5226758,1.2573242,-0.8626758,-0.05267578,1.5173242,3.8873243,0.6873242,-1.5026758,-2.372676,-0.5426758,0.4273242,-0.88267577,1.4973242,1.6373242,0.33732423
1.7473242,-0.13267578,1.1173242,2.1773243,1.9773242,-0.51267576,-1.6926758,-2.2626758,-2.382676,-3.9026759,-4.1926756,-3.5026758,-3.872676,-4.042676,-3.6726758,-1.7926757,-1.9926758,-3.1126757,-3.0226758,-3.2126758,-2.0326757,-5.082676,-5.892676,-1.6226758,-1.2826757,0.12732422,-0.8426758,0.15732422,-0.4526758,1.1473242,3.4873242,1.5773243,1.7273242,-0.52267575,-0.3926758,2.0373242,3.6473243,0.6473242,0.43732423,-1.7126758,-0.76267576
-0.47267577,-0.25267577,-0.09267578,1.5873243,0.41732422,0.05732422,0.17732422,-1.3526758,-2.2726758,-2.6626759,-3.4926758,-4.4626756,-5.252676,-5.522676,-3.8026757,-3.2426758,-3.4826758,-4.1926756,-4.502676,-5.312676,-3.2126758,-3.6426759,0.7873242,-2.4226758,-2.8626757,-2.9926758,-2.8326757,-3.3626757,-2.6126757,-2.7626758,0.23732422,-0.57267576,-1.9026757,-0.5326758,-0.20267577,-2.8226757,-2.9126759,-0.44267577,0.47732422,0.21732421,-0.6726758
-1.5626758,-1.2326758,-1.1226758,-1.2826757,0.13732421,0.79732424,-0.34267578,-0.05267578,-1.8026757,-2.8326757,-3.0026758,-3.8126757,-4.972676,-4.6126757,-4.832676,-3.8426757,-3.9926758,-3.9526758,-3.9626758,-3.7826757,-3.4426758,-2.5326757,-2.9626758,-2.8326757,-2.2126758,-2.0226758,-3.4326758,-3.5826757,-3.7726758,-5.1326756,-4.9826756,-1.4926758,1.2873242,1.1273242,-0.20267577,0.3973242,0.9473242,-3.9226758,-0.34267578,1.1173242,0.22732422
-1.6926758,-1.7626758,-2.1126757,-0.9826758,0.7473242,1.4873242,0.7573242,-0.58267576,-1.7026758,-2.6626759,-3.3026757,-3.8526757,-4.8426757,-4.992676,-3.2426758,-2.9226758,-3.1126757,-3.1626759,-3.2626758,-2.9026759,-2.2526758,-1.5026758,-1.5326757,-2.4226758,-2.4726758,-2.5926757,-3.122676,-3.9726758,-3.5626757,-4.3226757,-5.042676,-4.642676,-2.382676,-1.9426758,0.8173242,1.5273242,2.2973242,3.2973242,0.17732422,-0.09267578,-0.38267577
-0.3626758,-0.24267578,-0.7926758,-0.88267577,-0.7126758,0.10732422,0.25732422,-0.03267578,-0.9326758,-1.3126758,-2.2626758,-2.6926758,-3.0526757,-3.7526758,-3.0226758,-2.7026758,-2.2326758,-2.6426759,-3.0126758,-2.2126758,-2.6526759,-1.7626758,-1.7426758,-1.5226758,-0.89267576,-1.4626758,-3.0326757,-3.0226758,-4.1926756,-4.762676,-5.3826756,-6.502676,-6.8626757,-2.2526758,-1.6226758,-1.3326758,-2.6626759,-3.132676,-0.0026757813,-0.43267578,-0.3526758
0.20732422,1.4173242,-0.2926758,1.2273242,0.43732423,0.23732422,0.3273242,0.23732422,-0.02267578,-0.7426758,-1.0226758,-0.6826758,-2.8226757,-2.6026757,-3.5126758,-2.3926759,-2.2926757,-1.7926757,-2.0026758,-1.0326757,-2.7726758,-2.0826757,-2.4026759,-1.5826758,-0.8126758,0.017324219,-0.20267577,-1.9226757,-2.2626758,-3.8526757,-4.4026756,-3.8426757,-4.6526756,-5.852676,-2.132676,-0.76267576,-0.9826758,1.8273243,0.67732424,0.10732422,-1.8426758
-0.15267578,-0.22267579,0.22732422,0.55732423,0.6973242,0.79732424,0.7773242,0.86732423,0.7873242,0.44732422,-0.09267578,-0.5926758,-1.3226758,-1.8926758,-2.2526758,-2.5726757,-1.9826758,-1.4426758,-0.89267576,-0.7926758,-0.22267579,-1.3226758,-1.0726758,-0.5926758,-0.5526758,-0.8126758,-0.31267577,-1.0126758,-1.2726758,-1.6726757,-2.7626758,-3.1426759,-2.0226758,-2.1926758,-1.3126758,-1.0026758,-1.8026757,-0.5926758,0.6373242,-0.9226758,-3.7926757
1.1273242,1.5573242,1.0173242,0.91732424,0.97732425,1.0673242,1.3573242,1.1673242,1.3773242,1.4073242,1.4373242,1.0173242,0.8873242,-0.33267578,-0.7526758,-1.2826757,-1.2326758,-1.2726758,-1.2226758,-0.3226758,-0.7526758,-1.1226758,-1.2226758,-1.3126758,-1.4726758,-0.3626758,-0.25267577,0.5973242,0.47732422,-0.5526758,-0.18267578,0.12732422,-0.4526758,-1.7926757,-1.5126758,0.3273242,0.3973242,-1.1526757,-1.7826757,1.7373242,2.377324
-0.122675784,-1.5326757,2.2673242,1.3873242,0.5973242,1.4573243,1.3373243,1.3373243,2.0873241,2.2473242,1.9073242,1.4373242,1.5373242,0.6573242,-0.20267577,-0.9926758,-1.2226758,-0.82267576,-0.51267576,-0.6826758,0.8773242,-0.7826758,-1.3826758,-0.28267577,0.22732422,-0.25267577,-0.8726758,-0.042675782,0.16732422,0.9473242,1.6573242,1.3673242,0.80732423,-0.4826758,-2.1126757,-0.03267578,-0.8026758,1.9873242,1.1673242,1.3573242,-0.02267578
-1.4726758,-0.8426758,1.3673242,1.8173242,1.5073242,0.3573242,1.0973243,1.2173243,0.6473242,1.1573242,1.5073242,0.7673242,1.4473243,0.86732423,0.24732421,-0.09267578,-0.06267578,-0.52267575,0.21732421,-1.6226758,-0.22267579,-1.2626758,-1.0626758,-1.8926758,-0.8526758,0.25732422,2.1073241,0.43732423,1.3073242,2.0573242,2.5973241,2.4073243,1.2473242,1.2373242,0.10732422,-1.1026758,-0.70267576,1.5973243,1.8473243,1.6573242,0.8373242
-2.5726757,-1.6126758,-1.4626758,0.41732422,0.7573242,0.86732423,1.6673242,2.2073243,2.1773243,1.0873243,0.11732422,-0.09267578,0.5773242,1.2673242,0.66732424,0.07732422,0.25732422,0.25732422,0.3873242,0.09732422,0.5673242,0.06732422,0.24732421,-0.0026757813,-1.7526758,-0.27267578,1.1973243,1.6773242,1.7173243,2.6573243,2.617324,2.867324,2.4373243,2.1473243,2.2673242,2.0773242,1.7973242,0.7073242,1.3073242,1.0973243,0.6373242
-2.0726757,-2.3226757,-4.2126756,-1.7326758,0.33732423,1.6773242,2.0473242,2.7673242,2.0273242,2.6973243,1.6473242,0.25732422,-0.64267576,-0.3226758,0.7073242,0.5173242,0.46732423,0.67732424,0.80732423,0.6373242,0.6373242,1.0273242,0.7073242,0.18732423,0.27732423,-0.27267578,-0.19267578,1.2773242,2.5373242,3.2273242,3.4573243,3.3373241,3.3973243,2.6773243,2.1073241,2.6073241,2.4473243,2.0073242,2.0673242,1.8673242,1.3773242
-0.44267577,-2.1626759,-2.6026757,-1.9026757,-1.1826758,1.6373242,2.2673242,2.377324,2.4673243,2.4073243,0.92732424,2.0173242,2.4473243,0.0073242188,0.9973242,0.5873242,0.46732423,-0.02267578,0.7073242,0.33732423,0.3273242,0.37732422,0.44732422,0.5973242,0.5173242,0.6573242,0.8973242,1.0073242,1.4273242,2.2373242,3.617324,4.8273244,4.247324,4.0573244,3.3473241,3.7173243,4.257324,3.7273242,3.2973242,3.9373243,2.1573243
