wind_kz.json
{"header": {"discipline":0,"disciplineName":"Meteorological products","gribEdition":2,"gribLength":1025,"center":7,"centerName":"US National Weather Service - NCEP(WMC)","subcenter":0,"refTime":"2023-08-27T12:00:00.000Z","significanceOfRT":1,"significanceOfRTName":"Start of forecast","productStatus":0,"productStatusName":"Operational products","productType":1,"productTypeName":"Forecast products","productDefinitionTemplate":0,"productDefinitionTemplateName":"Analysis/forecast at horizontal level/layer at a point in time","parameterCategory":2,"parameterCategoryName":"UnknownDiscipline_0_Category_2","parameterNumber":2,"parameterNumberName":"UnknownParameter_D0_C2_2","parameterUnit":"Unknown","genProcessType":2,"genProcessTypeName":"Forecast","forecastTime":240,"surface1Type":103,"surface1TypeName":"Specified height level above ground","surface1Value":10.0,"surface2Type":255,"surface2TypeName":"Missing","surface2Value":0.0,"gridDefinitionTemplate":0,"gridDefinitionTemplateName":"Latitude_Longitude","numberPoints":615,"shape":6,"shapeName":"Earth spherical with radius of 6,371,229.0 m","gridUnits":"degrees","resolution":48,"winds":"true","scanMode":64,"nx":41,"ny":15,"basicAngle":0,"lo1":47.0,"la1":41.0,"lo2":87.0,"la2":55.0,"dx":1.0,"dy":1.0}, "data":
[rows 0 to 14 of 15, columns 0 to 40 of 41]
0.27455565,0.28455567,0.8445557,3.2245557,1.2845557,1.7145556,-0.6054443,-4.115444,-4.7654443,-4.1254444,-3.4754443,-2.0554442,-1.5254444,1.2245556,0.054555666,1.1445557,0.08455566,-0.82544434,-0.83544433,-0.7254443,0.10455567,0.5245557,3.1345556,3.3345556,1.8845557,2.8145556,3.4145555,3.2745557,2.8845556,0.91455567,2.8845556,1.5145557,-2.1254444,-1.6354443,-1.0054443,-0.11544433,-1.7054443,-1.5654444,-0.17544433,-5.8954444,-7.0254445
0.30455565,2.5445557,5.094556,4.6045556,-0.7954443,2.2645557,-4.3754444,-5.095444,-3.9454443,-3.2454443,-0.18544434,-0.69544435,0.43455565,-0.045444336,1.1045556,1.2945557,1.4345556,-0.11544433,-0.45544434,-0.40544432,-1.1754444,0.9045557,2.5145557,2.7045557,1.8345556,-0.11544433,0.49455565,2.9645557,1.7145556,-0.19544433,-0.51544434,-0.34544432,0.7145557,-2.5054443,0.044555664,-0.20544434,-0.035444334,1.0945556,-0.39544433,-2.8054442,-4.4954443
-6.0154443,-0.0154443355,-2.1254444,-5.2254443,-3.0254443,-3.9854443,-3.3754444,-2.9654443,-0.9854443,-0.13544434,-0.30544433,0.39455566,1.5945556,1.4845557,1.2745557,2.7645557,0.004555664,-0.5454443,-0.105444334,1.1145557,2.3345556,2.5845556,-0.6654443,1.8245556,-1.0354444,-1.5654444,-0.62544435,0.68455565,3.8345556,-0.57544434,0.08455566,-1.9154444,-0.035444334,-1.5254444,-1.4254444,-0.11544433,-0.33544433,0.55455565,0.9745557,2.0245557,0.88455564
-4.8154445,-1.5254444,-6.0854445,-4.6254444,2.4845557,2.0845556,-1.0254444,-0.7954443,-2.8754444,3.1945558,2.4645557,2.9245558,-0.21544434,0.94455564,3.5045557,0.75455564,0.19455567,1.0045557,0.37455568,-1.1054443,-0.09544434,-0.5954443,-3.3154442,-3.1354444,-2.7154443,-1.8154444,0.31455567,-2.1354444,-5.405444,-3.3454444,-1.4154444,-2.0854445,-2.6454444,-1.4554443,-0.34544432,0.5245557,-1.7554443,1.0945556,-2.5554442,-3.5554442,-0.9754443
-3.7154443,-1.4354444,-1.3554443,-1.3554443,1.1045556,0.10455567,0.38455567,0.47455567,-0.28544435,7.7845554,4.9545555,-0.7154443,1.2345557,2.2445557,3.4745557,4.7245555,2.2445557,2.1545556,0.054555666,0.37455568,-1.1654444,-1.9554443,-2.5854445,-1.7854444,-1.6654444,-2.0754442,-4.0254445,-0.61544436,-2.9254444,-3.2854443,-0.81544435,0.074555665,0.22455567,-0.16544433,-2.5254443,-2.1754444,-0.24544434,-1.3154444,-1.3354443,-1.5854443,-0.13544434
-2.1954443,-0.21544434,1.7345557,1.6445557,1.7145556,1.3145556,0.5345557,-2.7254443,4.574556,2.6045556,1.8645557,2.2045557,1.4845557,3.7545557,4.9345555,5.3545556,3.9345558,3.4345558,2.7045557,2.4245558,3.7845557,1.8645557,1.7145556,1.7545557,1.5945556,1.1345557,-3.2954443,-1.6654444,-2.1354444,-1.2754444,-0.64544433,-1.1954443,-0.89544433,-1.3354443,-2.3954444,0.20455566,-0.80544436,-1.5454444,-5.5354443,-3.4554443,-2.5854445
-1.7154443,-0.16544433,-0.56544435,-0.16544433,1.7745557,5.9345555,5.8145556,8.874556,8.554556,4.924556,4.4845557,4.9145555,5.654556,6.2145557,5.4545555,5.0145555,5.5345554,5.2645555,4.9745555,4.9345555,4.7145557,4.4945555,4.384556,4.2645555,4.154556,4.344556,4.1845555,2.3245556,1.0545557,2.0345557,3.3045557,1.0045557,-0.31544435,-1.8054444,1.2545557,-0.9054443,0.40455568,-0.44544435,1.5745556,-0.07544433,-1.4154444
-0.86544436,-2.6054444,-2.0254443,-1.4854443,0.38455567,1.4045557,2.0145557,2.4845557,5.0845556,4.6445556,5.114556,5.5245557,6.094556,5.8945556,5.5845556,4.2245555,4.1045556,4.4145555,4.7845554,5.4745555,5.9845557,5.824556,5.614556,5.384556,5.6245556,5.884556,6.4645557,6.4945555,5.9945555,5.324556,4.9745555,4.6945558,3.5145557,2.2845557,3.7845557,3.6645555,-2.6054444,-2.7854443,2.8345556,2.3445556,3.5445557
-2.3354445,-2.0954444,-0.24544434,0.28455567,0.54455566,-0.80544436,-0.6054443,-0.105444334,0.55455565,1.9345556,3.6045556,2.4645557,2.5645556,-0.58544433,0.38455567,-0.30544433,-0.41544434,0.9645557,2.0045557,4.7345557,7.0445557,7.5345554,3.6645555,-0.68544436,2.2445557,6.2245555,6.3345556,6.594556,6.654556,6.8145556,7.074556,5.6845555,5.7345557,6.2045555,5.2645555,2.5545557,-1.8354443,1.2845557,0.7245557,0.60455567,0.56455564
-1.6554444,-1.4554443,-1.0154443,-0.99544436,-0.47544435,1.0045557,0.30455565,0.13455567,0.74455565,1.7645557,3.1145556,5.574556,2.9045556,4.2745557,-0.47544435,0.35455567,1.1945556,1.2745557,2.3545556,2.7845557,3.5045557,2.5745556,3.2345557,1.9145557,2.1245556,3.6545556,6.7345557,5.6945558,5.1445556,3.3845556,4.7645555,4.7445555,3.5845556,4.6645555,1.0945556,1.3245556,-3.3454444,-1.1254443,-0.64544433,0.85455567,1.6145557
-1.0054443,-0.08544434,0.20455566,0.16455567,-0.025444336,0.21455567,-0.80544436,-0.23544434,-0.19544433,0.91455567,1.5745556,-0.6554443,1.2045556,1.4745556,1.2845557,1.8945557,1.8045557,2.2445557,2.5845556,2.8345556,2.6545556,2.5245557,3.4345558,3.9945557,3.7345557,1.9345556,3.3045557,1.3545556,0.35455567,0.7245557,0.92455566,1.9145557,5.7245555,4.2945557,2.8245556,-4.655444,-0.16544433,-0.57544434,0.49455565,-0.15544434,1.6745557
-0.70544434,-2.2354443,-0.31544435,-0.47544435,-0.68544436,0.08455566,0.004555664,0.50455564,0.23455566,0.7245557,2.8945556,2.3745556,2.2545557,3.3345556,2.0945556,2.0745556,2.9045556,3.6345556,3.6345556,3.5845556,3.5345557,3.8745556,3.5945556,4.0845556,4.174556,5.2845554,3.9945557,2.3745556,1.5945556,1.3945557,1.5545557,0.75455564,-0.15544434,-0.16544433,0.6445557,2.0445557,1.9745556,3.7045557,3.1945558,-0.56544435,0.014555664
-0.38544434,-0.33544433,-1.1454444,-0.09544434,0.57455564,0.86455566,1.0645556,1.4445556,1.0445557,0.9645557,1.9545556,3.1445556,3.1645555,2.9145555,3.4745557,3.6445556,3.9345558,4.384556,4.4445558,4.6945558,4.8345556,4.424556,3.9945557,3.4045556,3.6045556,4.1845555,4.884556,4.0845556,4.864556,4.1645555,4.114556,3.7345557,2.0845556,1.5545557,1.9945557,2.6345556,1.8745557,1.1645557,4.424556,2.7445557,1.0345557
0.73455566,0.26455566,1.6745557,1.3145556,1.7845557,1.9745556,1.8045557,2.2645557,2.5345557,2.7445557,2.7245557,3.8045557,3.6345556,2.2845557,4.094556,4.1845555,4.7345557,5.3745556,5.2545557,5.5645556,5.554556,4.6445556,5.174556,4.4545555,4.4845557,5.0045557,4.9645557,5.3145556,4.824556,4.5345554,4.4745555,4.5045557,3.5545557,3.6545556,2.9845557,1.4845557,1.7245556,2.6645555,4.4845557,0.60455567,1.2145556
1.5045557,1.8345556,1.5645556,3.0245557,3.3345556,3.0345557,3.5245557,4.0045557,4.424556,4.654556,3.4345558,5.0445557,4.7945557,4.864556,5.4845557,5.4445558,5.4945555,6.0345554,5.9745555,5.9445558,5.8145556,5.174556,5.304556,4.7745557,4.9745555,4.614556,3.8245556,3.9745557,3.8345556,3.5245557,3.3045557,3.3245556,3.0145557,3.4345558,3.0845556,3.1645555,2.9645557,4.094556,2.4945557,1.2645557,1.2145556
