wind_kz.json
{"header": {"discipline":0,"disciplineName":"Meteorological products","gribEdition":2,"gribLength":1025,"center":7,"centerName":"US National Weather Service - NCEP(WMC)","subcenter":0,"refTime":"2024-04-07T00:00:00.000Z","significanceOfRT":1,"significanceOfRTName":"Start of forecast","productStatus":0,"productStatusName":"Operational products","productType":1,"productTypeName":"Forecast products","productDefinitionTemplate":0,"productDefinitionTemplateName":"Analysis/forecast at horizontal level/layer at a point in time","parameterCategory":2,"parameterCategoryName":"UnknownDiscipline_0_Category_2","parameterNumber":3,"parameterNumberName":"UnknownParameter_D0_C2_3","parameterUnit":"Unknown","genProcessType":2,"genProcessTypeName":"Forecast","forecastTime":120,"surface1Type":103,"surface1TypeName":"Specified height level above ground","surface1Value":10.0,"surface2Type":255,"surface2TypeName":"Missing","surface2Value":0.0,"gridDefinitionTemplate":0,"gridDefinitionTemplateName":"Latitude_Longitude","numberPoints":615,"shape":6,"shapeName":"Earth spherical with radius of 6,371,229.0 m","gridUnits":"degrees","resolution":48,"winds":"true","scanMode":64,"nx":41,"ny":15,"basicAngle":0,"lo1":47.0,"la1":41.0,"lo2":87.0,"la2":55.0,"dx":1.0,"dy":1.0}, "data":
[rows 0 to 14 of 15, columns 0 to 40 of 41]
0.71412903,-3.405871,-1.205871,-9.055871,-8.785871,-0.755871,3.084129,-0.525871,-2.7058709,-3.865871,-3.055871,-3.345871,-4.935871,-4.205871,-2.6958709,-2.085871,-0.15587097,-2.045871,-3.295871,-1.195871,-0.955871,-1.975871,-0.765871,-0.645871,-0.44587097,-1.8958709,-1.795871,1.2341291,1.834129,1.664129,-3.345871,-3.4558709,1.464129,-1.6458709,1.264129,0.064129025,0.30412903,-1.1558709,0.63412905,1.414129,0.0041290284
1.3641291,0.52412903,-5.475871,-6.815871,-6.435871,-5.475871,-1.5258709,-0.91587096,-3.4558709,-4.845871,-5.455871,-7.415871,-6.955871,-5.235871,-5.755871,-3.655871,-2.135871,-3.755871,-3.545871,-2.105871,-1.535871,-2.895871,-0.085870974,1.6141291,-3.475871,-3.285871,-3.7158709,1.414129,0.81412905,0.794129,5.204129,5.154129,-1.425871,-2.4658709,-5.395871,-1.375871,-1.945871,-3.615871,-0.85587096,0.36412904,0.664129
-0.455871,-4.185871,-4.8358707,-5.855871,-6.265871,-4.435871,-1.215871,-2.4558709,-4.055871,-4.225871,-5.595871,-5.985871,-6.235871,-5.425871,-5.595871,-4.635871,-4.005871,-3.6958709,-3.315871,-2.4558709,-2.655871,-3.335871,-3.775871,-1.355871,-0.34587097,0.794129,-0.655871,-0.61587095,-0.46587098,-0.44587097,0.96412903,-0.72587097,0.41412902,-0.78587097,0.31412902,1.8541291,3.934129,0.49412903,0.33412904,-0.73587096,0.22412902
-2.175871,-3.545871,-5.185871,-5.105871,-6.195871,-3.425871,-1.805871,-2.395871,-2.635871,-3.385871,-5.125871,-6.895871,-7.465871,-7.065871,-5.485871,-5.325871,-4.235871,-4.615871,-5.155871,-5.385871,-3.4558709,-3.225871,1.134129,-1.2558709,-2.515871,-3.265871,-3.555871,-4.005871,-2.6958709,-3.855871,-4.145871,-4.015871,-1.0058709,1.124129,1.6141291,-1.165871,0.76412904,3.734129,2.314129,-1.795871,-2.005871
-1.055871,-2.855871,-3.115871,-3.755871,-4.625871,-3.825871,-3.375871,-3.285871,-2.015871,-2.9458709,-4.155871,-5.105871,-7.745871,-7.115871,-6.665871,-5.185871,-4.715871,-4.705871,-4.505871,-4.765871,-3.755871,-3.405871,-1.7758709,-1.105871,-1.615871,-2.835871,-4.285871,-3.2158709,-3.555871,-5.635871,-6.225871,-5.815871,0.07412903,-0.39587098,0.014129029,-2.385871,-4.435871,0.33412904,-2.135871,-4.045871,-5.535871
1.264129,-1.105871,-1.5258709,-2.485871,-2.805871,-3.575871,-2.895871,-2.805871,-2.875871,-3.7058709,-3.795871,-5.135871,-6.695871,-7.975871,-5.655871,-4.365871,-3.485871,-3.365871,-3.725871,-3.655871,-5.045871,-3.755871,-1.0058709,0.0041290284,0.014129029,-0.835871,-2.025871,-3.4658709,-1.745871,-1.925871,-3.585871,-3.085871,-2.045871,-1.415871,2.004129,-1.855871,-0.46587098,-4.295871,-3.055871,-2.865871,-9.055871
-0.44587097,0.854129,2.574129,1.074129,-1.075871,-0.79587096,-1.335871,-1.7758709,-2.595871,-3.025871,-4.135871,-3.555871,-4.515871,-5.275871,-4.905871,-4.905871,-4.455871,-4.155871,-3.295871,-2.345871,-4.095871,-4.645871,-4.125871,-2.125871,-0.61587095,-0.19587097,-2.605871,-1.7758709,-3.365871,-3.525871,-4.105871,-6.015871,-6.785871,-8.755871,-1.045871,-3.825871,-4.5858707,-3.985871,-2.815871,-1.355871,-7.315871
1.034129,0.18412903,3.074129,2.824129,1.924129,1.504129,0.81412905,0.0041290284,-0.49587098,-1.5258709,-2.245871,-2.4458709,-3.875871,-4.225871,-4.765871,-3.615871,-3.545871,-2.935871,-3.105871,-0.26587096,-3.045871,-3.355871,-3.865871,-2.515871,-2.015871,-0.035870973,0.82412905,-1.415871,-1.8858709,-3.035871,-4.125871,-4.685871,-5.775871,-8.355871,-6.015871,-4.125871,-3.655871,-0.905871,1.4741291,1.134129,-1.085871
3.404129,2.854129,1.944129,2.654129,3.214129,3.144129,3.124129,2.594129,1.8541291,1.1141291,-0.12587097,-0.93587095,-1.725871,-2.575871,-2.815871,-2.735871,-2.145871,-2.045871,-1.8858709,-1.535871,1.074129,-1.705871,-2.045871,-1.805871,-1.1358709,-1.285871,-0.25587097,-0.49587098,-0.835871,-1.415871,-3.975871,-5.715871,-5.315871,-4.675871,-4.495871,-5.775871,-1.665871,-3.925871,-5.0858707,-3.235871,-1.805871
5.214129,4.724129,4.154129,3.264129,2.814129,3.0341291,3.454129,3.754129,3.564129,3.144129,2.704129,2.0541291,1.784129,0.594129,0.034129027,-0.505871,-0.53587097,-0.33587098,-0.22587097,-0.15587097,0.18412903,0.594129,0.50412905,0.26412904,0.15412903,0.56412905,-0.31587097,0.48412904,-0.17587097,-0.635871,-0.92587095,-2.145871,-2.905871,-3.615871,-2.875871,-3.795871,-1.125871,-3.615871,-1.165871,-1.105871,-2.795871
4.394129,4.674129,5.544129,4.964129,3.834129,3.674129,3.264129,3.984129,4.144129,3.564129,3.654129,3.064129,3.444129,3.184129,2.894129,2.454129,2.584129,2.674129,2.564129,2.514129,2.354129,2.364129,2.094129,2.084129,1.4941291,1.694129,0.994129,1.574129,1.1141291,0.974129,-0.085870974,0.064129025,-2.015871,-2.315871,-3.235871,-3.335871,-1.855871,-0.115870975,-1.675871,-1.935871,-1.7758709
-1.575871,3.0441291,4.744129,5.254129,7.1641293,5.824129,4.124129,3.694129,3.374129,3.5441291,2.944129,2.694129,3.584129,3.584129,3.674129,3.604129,3.864129,3.744129,3.494129,3.704129,3.574129,3.194129,2.924129,2.524129,2.424129,2.584129,2.464129,2.514129,1.784129,0.594129,2.254129,1.314129,-0.38587096,-0.78587097,-1.225871,-1.625871,-1.345871,-0.695871,0.544129,0.31412902,-0.38587096
-2.575871,-2.595871,-2.045871,3.134129,4.084129,2.694129,5.154129,6.604129,5.434129,4.184129,2.994129,2.624129,4.904129,4.784129,4.504129,4.454129,4.604129,4.454129,4.084129,4.114129,4.584129,4.244129,3.824129,3.7941291,4.074129,3.484129,2.934129,2.844129,2.904129,3.194129,3.504129,2.624129,2.104129,1.644129,-0.455871,-1.0058709,-1.315871,-0.895871,-1.2758709,-1.105871,-0.37587097
-0.30587098,-1.345871,-2.7058709,-2.545871,-3.005871,2.3041291,4.704129,6.874129,7.724129,8.004129,4.964129,2.3041291,3.224129,5.734129,5.894129,6.334129,6.464129,6.264129,5.754129,5.494129,5.024129,4.844129,4.374129,4.074129,3.7941291,3.634129,3.494129,3.724129,3.484129,3.764129,4.014129,3.494129,2.904129,2.384129,1.514129,0.64412904,-0.20587097,-1.245871,-1.585871,-1.355871,-2.475871
0.14412902,-0.34587097,0.89412904,-0.23587097,-1.125871,-1.9058709,0.63412905,2.184129,5.684129,7.644129,6.154129,7.464129,4.244129,2.494129,5.464129,5.754129,6.724129,6.864129,7.054129,6.544129,6.114129,5.9141293,5.454129,5.224129,5.004129,4.944129,4.894129,4.654129,4.364129,4.284129,4.974129,4.9141293,3.814129,3.324129,2.614129,2.3041291,1.174129,-0.12587097,-1.055871,-1.7658709,-1.065871
