wind_kz.json
{"header": {"discipline":0,"disciplineName":"Meteorological products","gribEdition":2,"gribLength":1025,"center":7,"centerName":"US National Weather Service - NCEP(WMC)","subcenter":0,"refTime":"2023-09-24T00:00:00.000Z","significanceOfRT":1,"significanceOfRTName":"Start of forecast","productStatus":0,"productStatusName":"Operational products","productType":1,"productTypeName":"Forecast products","productDefinitionTemplate":0,"productDefinitionTemplateName":"Analysis/forecast at horizontal level/layer at a point in time","parameterCategory":2,"parameterCategoryName":"UnknownDiscipline_0_Category_2","parameterNumber":2,"parameterNumberName":"UnknownParameter_D0_C2_2","parameterUnit":"Unknown","genProcessType":2,"genProcessTypeName":"Forecast","forecastTime":120,"surface1Type":103,"surface1TypeName":"Specified height level above ground","surface1Value":10.0,"surface2Type":255,"surface2TypeName":"Missing","surface2Value":0.0,"gridDefinitionTemplate":0,"gridDefinitionTemplateName":"Latitude_Longitude","numberPoints":615,"shape":6,"shapeName":"Earth spherical with radius of 6,371,229.0 m","gridUnits":"degrees","resolution":48,"winds":"true","scanMode":64,"nx":41,"ny":15,"basicAngle":0,"lo1":47.0,"la1":41.0,"lo2":87.0,"la2":55.0,"dx":1.0,"dy":1.0}, "data":
[rows 0 to 14 of 15, columns 0 to 40 of 41]
-1.3607471,-0.77074707,0.9892529,-0.28074706,-2.0507472,-1.2307471,-1.6207471,-2.400747,-0.7507471,1.7292529,3.9492528,1.8692529,0.7592529,-0.35074708,-0.43074706,1.2492529,1.219253,1.3992529,-1.040747,1.679253,3.109253,2.049253,-1.1007471,-1.790747,0.16925293,-1.310747,-1.7307471,0.6292529,0.15925293,0.6092529,-0.84074706,-0.08074707,0.72925293,-0.43074706,-2.2807472,-2.720747,-2.960747,-2.740747,-2.850747,-3.0807471,-1.8607471
1.5092529,1.5292529,-0.8107471,-2.350747,-1.950747,-1.530747,-1.3607471,-1.7607471,-0.6307471,-0.16074707,-0.21074706,-1.920747,-0.97074705,0.09925293,-0.01074707,1.3792529,2.9692528,1.1392529,1.4792529,2.249253,2.539253,1.0192529,0.28925294,-2.120747,0.5692529,0.46925294,0.28925294,0.40925294,-0.12074707,-0.36074707,-0.07074707,-0.21074706,-0.73074704,-1.8407471,-0.17074707,-0.5107471,-0.73074704,-1.180747,-1.190747,0.6092529,-4.020747
-0.8707471,-3.3107471,-3.5807471,-4.590747,-4.540747,-3.740747,-2.350747,0.8792529,-2.680747,-1.540747,0.34925294,-0.12074707,1.3792529,1.329253,2.9492528,2.029253,3.769253,3.809253,2.4792528,2.6692529,1.9192529,3.399253,1.459253,0.97925293,0.22925293,0.45925292,0.58925295,-0.12074707,-3.3207471,-0.03074707,-0.31074706,1.299253,-0.16074707,0.39925292,-0.17074707,-1.5107471,0.26925293,0.17925292,-1.0207471,-0.04074707,1.189253
-3.720747,-5.820747,-4.720747,-3.450747,-3.0807471,-1.3807471,0.84925294,0.15925293,1.9792529,1.339253,0.38925293,0.25925294,1.5292529,2.349253,3.779253,4.029253,4.879253,4.479253,3.499253,0.6392529,1.8592529,0.46925294,4.629253,4.909253,4.649253,3.539253,0.49925292,-0.020747071,-0.7407471,-0.30074707,-0.92074704,-0.38074708,2.089253,1.1392529,-2.490747,-0.47074708,-1.6007471,1.4892529,-0.18074708,0.35925293,-1.3607471
-3.8107471,-4.9407473,-4.740747,-4.1707473,-3.340747,-1.910747,-1.040747,0.8692529,1.3492529,-2.840747,-1.9707471,0.22925293,1.5992529,3.739253,4.879253,1.959253,3.1892529,1.969253,0.8192529,2.999253,1.959253,3.549253,3.039253,-0.5107471,-2.5707471,-3.180747,-3.200747,-3.210747,-4.180747,-3.890747,-4.310747,-2.440747,-1.5807471,0.5492529,0.30925292,-1.300747,-3.160747,-3.510747,-1.9807471,-2.430747,-3.630747
-2.7807472,-2.690747,-4.730747,-4.070747,-3.490747,-2.7907472,-0.98074704,0.06925293,-0.8207471,-0.5507471,-1.0107471,-0.7607471,0.6792529,-0.49074706,-2.410747,-1.060747,-0.49074706,-1.9807471,-1.4007471,3.319253,2.869253,3.6692529,2.579253,-1.1207471,-2.930747,-4.640747,-3.420747,-4.7107472,-3.990747,-4.050747,-3.340747,-2.8207471,-3.0607471,-1.570747,1.059253,-2.2707472,0.7592529,-2.170747,-0.79074705,-3.5207472,-3.930747
-3.910747,-3.740747,-3.090747,-2.490747,-1.700747,-1.3307471,-1.2707471,-1.3807471,-1.9007471,-1.530747,-1.3307471,-0.6807471,-0.07074707,0.5092529,0.20925292,0.22925293,-1.1307471,-1.6307471,2.9792528,4.189253,2.859253,3.359253,3.079253,-0.47074708,-2.980747,-4.350747,-3.0207472,-3.360747,-2.870747,-3.220747,-2.3007472,-2.0407472,-1.800747,-2.190747,-2.590747,-1.5107471,-0.9407471,1.709253,-2.160747,1.3892529,-0.8207471
-3.590747,-3.140747,-2.610747,-1.910747,-1.680747,-1.410747,-1.8407471,-1.5907471,-0.5607471,-0.65074706,-1.3407471,-0.10074707,0.37925294,0.27925292,0.9892529,0.7992529,0.01925293,0.57925296,-0.8607471,-1.4007471,-1.5207471,-1.030747,-3.660747,-1.280747,-1.430747,-2.730747,-2.750747,-1.4007471,-0.60074705,-0.85074705,-0.8807471,-2.110747,-1.6207471,-1.5207471,-2.5607471,-1.4007471,1.3592529,-4.000747,-3.340747,-3.380747,-2.720747
-2.7807472,-2.500747,-2.230747,-1.7507471,-1.7307471,-1.560747,-1.4707471,-0.77074707,-0.60074705,0.12925293,-1.8407471,-1.290747,0.13925293,-0.73074704,-0.01074707,0.26925293,-1.3407471,-0.5107471,-1.180747,-1.300747,-2.360747,-4.060747,-3.700747,0.06925293,-2.0507472,-1.300747,-1.1107471,-1.1107471,1.1592529,0.52925295,-0.6107471,0.32925293,-0.39074707,-0.7507471,-1.3707471,-1.5207471,-0.49074706,-1.4807471,-0.5607471,1.1092529,-2.510747
-2.2707472,-1.8707471,-1.6407471,-1.450747,-1.1207471,-1.3507471,-1.160747,-0.47074708,-0.14074707,-0.6107471,-1.670747,-0.8707471,-0.16074707,-0.71074706,-0.21074706,-0.34074706,-0.97074705,-1.7107471,-0.5607471,-1.2707471,-1.310747,-1.1107471,-0.38074708,-0.6907471,-3.860747,-1.280747,-1.930747,-2.0307472,-1.450747,0.24925293,0.08925293,-1.3307471,-3.670747,-3.180747,-1.680747,-1.820747,-2.240747,-0.53074706,-1.910747,0.53925294,-1.780747
-0.8107471,-0.8907471,-0.5007471,-0.20074707,-0.23074707,-0.8707471,0.32925293,0.08925293,-0.42074707,-1.070747,-1.3307471,0.18925293,0.49925292,-0.01074707,-0.7607471,-0.28074706,-1.290747,-1.1107471,-0.28074706,-0.85074705,-1.310747,-1.290747,-2.3207471,-3.0507472,-2.100747,-2.0607471,-0.33074707,-2.2907472,-3.180747,-2.630747,-4.310747,-4.070747,-4.100747,-2.670747,-2.0307472,-1.7407471,-1.3907471,0.36925292,-1.280747,0.9492529,-1.0807471
0.91925293,1.199253,0.9492529,1.1492529,1.0192529,0.82925296,0.33925292,0.6992529,0.44925293,-0.01074707,-0.77074707,0.15925293,0.30925292,0.18925293,0.5592529,-0.04074707,-0.23074707,0.49925292,0.08925293,-1.060747,-2.690747,-1.8407471,-3.110747,-2.380747,-2.230747,-2.0707471,-2.470747,-3.230747,-3.0807471,-4.980747,-3.8007472,-3.930747,-2.700747,-3.150747,-2.250747,-2.3207471,-1.7707471,-0.44074708,0.14925294,-0.49074706,-0.5507471
1.689253,1.579253,1.819253,2.129253,1.7492529,1.2692529,1.3592529,0.6992529,1.199253,0.64925295,0.39925292,1.179253,0.39925292,0.64925295,0.66925293,0.41925293,0.05925293,0.29925293,-0.65074706,-1.1007471,-1.2607471,-0.8007471,-1.1207471,-1.1507471,-1.3807471,-1.4807471,-1.6307471,-2.5807471,-2.8007472,-2.8307471,-2.8107471,-2.850747,-2.860747,-2.630747,-2.2807472,-2.370747,-1.4907471,-1.3407471,-2.110747,-1.3307471,-0.77074707
2.549253,2.559253,2.2092528,2.539253,1.6492529,1.329253,1.4892529,1.7492529,0.91925293,1.819253,0.8092529,0.8192529,1.329253,1.0992529,0.83925295,0.38925293,-0.25074708,-0.9507471,-0.6107471,-0.66074705,-0.65074706,0.51925296,-1.3807471,-1.420747,-1.7507471,-1.1007471,-0.96074706,-1.3907471,-2.5707471,-2.980747,-3.250747,-2.630747,-1.5807471,-1.8607471,-1.670747,-1.5807471,-1.3507471,-1.660747,-1.320747,-0.65074706,0.18925293
1.709253,2.579253,3.859253,2.659253,2.619253,1.969253,2.589253,2.4792528,2.299253,0.65925294,0.24925293,1.049253,1.199253,1.4092529,0.25925294,0.72925293,0.27925292,-1.030747,-0.91074705,-0.8007471,-0.78074706,-0.45074707,-1.430747,-1.820747,-1.3407471,-1.2707471,-1.6507471,-2.630747,-3.3007472,-2.2707472,-2.650747,-2.420747,-2.120747,-2.2807472,-1.4007471,-1.0907471,-1.4707471,-1.2307471,-0.71074706,-0.66074705,-0.09074707
