wind_kz.json
{"header": {"discipline":0,"disciplineName":"Meteorological products","gribEdition":2,"gribLength":1025,"center":7,"centerName":"US National Weather Service - NCEP(WMC)","subcenter":0,"refTime":"2023-09-21T06:00:00.000Z","significanceOfRT":1,"significanceOfRTName":"Start of forecast","productStatus":0,"productStatusName":"Operational products","productType":1,"productTypeName":"Forecast products","productDefinitionTemplate":0,"productDefinitionTemplateName":"Analysis/forecast at horizontal level/layer at a point in time","parameterCategory":2,"parameterCategoryName":"UnknownDiscipline_0_Category_2","parameterNumber":2,"parameterNumberName":"UnknownParameter_D0_C2_2","parameterUnit":"Unknown","genProcessType":2,"genProcessTypeName":"Forecast","forecastTime":0,"surface1Type":103,"surface1TypeName":"Specified height level above ground","surface1Value":10.0,"surface2Type":255,"surface2TypeName":"Missing","surface2Value":0.0,"gridDefinitionTemplate":0,"gridDefinitionTemplateName":"Latitude_Longitude","numberPoints":615,"shape":6,"shapeName":"Earth spherical with radius of 6,371,229.0 m","gridUnits":"degrees","resolution":48,"winds":"true","scanMode":64,"nx":41,"ny":15,"basicAngle":0,"lo1":47.0,"la1":41.0,"lo2":87.0,"la2":55.0,"dx":1.0,"dy":1.0}, "data":
[rows 0 to 14 of 15, columns 0 to 40 of 41]
-0.58740234,0.99259764,-0.57740235,-3.2074022,-5.2174025,-5.6974025,-6.557402,-5.9074025,-6.9874024,-6.2974024,-5.0074024,-4.4474025,-3.5574024,-2.3774023,-1.5174023,-1.3574023,-0.84740233,-0.62740237,-0.9874023,-0.68740237,0.8225977,2.5125976,3.1525977,3.3725977,-0.41740236,1.1525977,3.2925978,3.6125977,1.1125977,0.79259765,3.5925977,0.62259763,0.90259767,-0.6674023,-1.7674023,-0.36740234,2.6625977,-1.1174023,1.9325976,4.442598,7.5925975
-0.87740237,-0.62740237,-7.6274023,-7.0074024,-5.3974023,-3.4874024,-4.6874022,-4.9674025,-4.247402,-3.7874024,-3.4074023,-3.3574023,-2.2574024,-2.0374024,-1.8374023,-1.0974023,-0.95740235,-2.1574023,-0.39740235,0.7725977,1.9925977,4.4725976,2.8025978,3.8225977,1.3625977,0.40259767,0.54259765,0.33259764,3.5125976,1.8325976,0.55259764,0.9525977,0.35259765,1.0025977,0.39259765,-0.047402345,-2.5874023,-1.0074023,-1.4574023,-0.99740237,3.9025977
-3.2774024,-6.577402,-7.457402,-6.3974023,-4.8974023,-3.9474022,-3.2474024,-2.5574024,-2.1274023,-1.0174023,-0.95740235,0.78259766,1.7225976,1.4825977,1.3625977,1.5325977,1.3725977,2.4925976,2.0225976,3.3325977,0.75259763,1.7325977,1.7125976,3.2125976,2.4225976,0.48259765,-2.8374023,-2.7774024,1.3225976,-0.56740236,1.2025976,-1.1274023,-0.70740235,1.2725977,-0.37740234,1.3325976,0.62259763,-0.70740235,4.4125977,2.8925977,-0.27740234
-7.457402,-8.417402,-7.557402,-6.6974025,-4.0674024,-2.3474023,-0.31740233,0.8325977,1.5325977,2.8225977,3.2425976,3.9125977,3.7025976,1.9625976,2.2125976,0.8925977,1.7425977,3.5325975,3.0825977,3.6325977,3.5225976,3.6325977,2.1425977,1.4925977,1.8325976,1.6725976,-0.32740235,-0.78740233,-0.35740235,-0.99740237,-1.2074023,-0.7974023,-1.7674023,-0.76740235,0.74259764,2.4425976,0.62259763,1.4125977,-3.8474023,1.7425977,2.1125977
-8.337402,-8.267403,-7.3174024,-5.7574024,-2.7974024,-0.6174023,0.86259764,1.9925977,1.7825977,2.8225977,3.1225977,4.6625977,2.6425977,-0.18740234,-1.5674024,0.032597657,1.3125976,2.8825977,3.8125978,2.7425976,2.4225976,2.9725976,3.2425976,5.5925975,5.5525975,0.67259765,-0.84740233,-2.3174024,1.9325976,2.5425978,3.4025977,3.7925978,3.0625978,3.4525976,-3.6974022,-0.15740234,0.53259766,4.272598,2.1925976,3.7625976,5.9925976
-7.4874024,-5.8674026,-4.9374022,-4.8374023,-4.2174025,-3.8774023,-1.8174024,-1.0074023,0.23259765,2.3725977,1.8425976,-1.5974023,-3.0474024,-5.7974024,-2.4674025,-1.1274023,0.7025977,1.7125976,1.8225976,2.5725977,2.8125978,1.4925977,-0.06740234,-0.71740234,-2.1174023,-2.2674024,-1.0174023,-0.48740235,2.4025977,3.7325976,5.7225976,7.8725977,9.002598,10.092598,5.9725976,0.65259767,1.0425977,3.6825976,8.172598,-2.1274023,-2.9274023
-4.7774024,-4.4174023,-5.017402,-4.287402,-3.3874023,-3.0974023,-2.3874023,-1.3774023,-1.2674023,-1.2674023,-4.6174026,-6.707402,-5.2374024,-4.4174023,-3.3774023,-1.5274024,-0.45740235,0.5125977,0.6925976,0.80259764,-0.117402345,1.1325977,-0.52740234,-0.77740234,-2.3374023,-1.2274023,0.26259765,-2.5374024,-0.78740233,1.1825976,3.2225976,1.4825977,5.0925975,7.8225975,8.272597,4.692598,2.2125976,2.7325976,7.1525974,0.97259766,0.5825977
-2.6374023,-3.8274024,-4.1074023,-3.5474024,-3.4274023,-3.0174024,-2.7674024,-3.7074022,-4.4274025,-4.8774023,-4.9274025,-5.2174025,-4.267402,-3.5574024,-2.2174025,-1.3574023,-0.87740237,-0.71740234,-0.51740235,-0.74740237,-2.0474024,-2.9974024,-3.7174025,-3.6474023,-2.3474023,-0.75740236,-3.0074024,2.1525977,0.30259764,-1.0574024,-2.5874023,-2.1374023,-3.0074024,-2.5774024,0.66259766,7.5725975,2.9625976,2.9325976,3.7425976,2.8825977,2.2825975
-2.7974024,-2.9874024,-3.1874022,-2.9374022,-3.0274024,-2.6374023,-3.1874022,-4.227402,-4.6474023,-4.577402,-4.6274023,-4.0074024,-3.3874023,-2.4674025,-2.1274023,-1.8174024,-1.6674024,-2.0474024,-2.3274024,-3.3974023,-4.8374023,-3.9574022,-3.0374024,-3.2274024,-2.8774023,-3.4174023,1.3225976,1.9025977,-1.2474023,-0.6174023,1.7125976,-0.96740234,-0.6674023,1.1725976,4.792598,4.2625976,-0.14740235,0.60259765,1.0525976,0.062597655,0.71259767
-1.5474024,-1.8574023,-2.2474024,-1.7774024,-2.0174024,-2.2074022,-2.6374023,-2.7674024,-2.9374022,-2.7874024,-3.4074023,-3.5274024,-2.2074022,-2.4374022,-2.3074024,-2.3474023,-2.7274024,-2.6974022,-2.8574023,-2.6374023,-3.3974023,-3.4574022,-2.1774023,-3.2274024,-1.5574024,-0.8674023,-1.2874024,-0.7374023,-1.4974023,0.48259765,0.55259764,2.5925977,2.3525977,0.062597655,1.1025977,-3.2274024,-2.4774024,-1.6574024,0.98259765,1.0525976,0.62259763
0.38259766,0.042597655,-0.47740233,-0.37740234,-0.52740234,-0.87740237,-1.3174024,-1.0474024,-0.6674023,0.062597655,-0.9774023,-2.1274023,-0.82740235,-1.4774023,-1.5874023,-1.8774023,-2.8274024,-3.0274024,-3.3674023,-4.267402,-3.0474024,-2.3174024,-1.7674023,-1.2874024,-0.24740234,0.62259763,-1.7874024,-0.8574023,-1.1374023,-0.6774023,0.07259765,-0.53740233,0.13259766,-1.1774024,-2.6174023,-0.7974023,-0.21740234,-1.0474024,-0.047402345,1.1825976,1.5625976
1.9425976,2.5625978,2.2225976,1.7625977,1.8125976,1.5525976,1.3825977,0.75259763,-0.30740234,0.50259763,1.9425976,2.0825977,1.5625976,1.6125977,0.91259766,0.59259766,0.27259767,-0.76740235,-1.5574024,-1.9874023,-2.3474023,-2.6674023,-2.9374022,-2.4174023,-2.3674023,-1.7174023,-0.62740237,-0.017402343,-0.027402343,0.0025976563,-1.1174023,-0.9174023,-1.6174023,-2.6474023,-2.0674024,-2.4774024,-0.44740236,-1.7874024,0.45259765,0.87259763,1.1225977
2.8525977,3.2625976,2.2425976,2.5225976,2.4925976,1.7025976,2.1125977,2.1825976,1.9925977,0.33259764,0.81259763,2.0925977,2.1825976,2.9925976,2.4025977,2.4725976,2.7125976,2.0325975,1.1025977,0.87259763,0.032597657,-0.10740235,-0.27740234,0.44259766,0.9525977,1.1725976,0.6925976,0.67259765,0.96259767,0.61259764,-0.18740234,-0.89740235,-1.8774023,-2.8774023,-2.3274024,-2.1474023,-1.4274024,-0.68740237,-0.94740236,0.32259765,0.6325977
4.8725977,4.2025976,1.9525976,3.7125976,2.4225976,3.0025976,3.0925977,3.4325976,2.9125977,1.6625977,1.2825977,1.6025977,2.0025976,2.9125977,3.5025976,3.4725976,3.4925976,3.4925976,3.4325976,3.3725977,3.1325977,2.9125977,2.9125977,2.8025978,2.6725976,2.2825975,1.8125976,1.4725976,1.3525977,1.3225976,1.8825977,0.33259764,-0.027402343,-1.1574024,-0.8074024,-1.3474023,-0.9774023,-1.0874023,-0.88740236,-1.2274023,-0.76740235
3.2825975,5.6225977,4.922598,4.3625975,3.9525976,4.1425977,5.3425975,4.4125977,3.0125976,1.4925977,1.1225977,3.8725977,3.2025976,2.8625977,3.7225976,3.8225977,4.542598,4.6625977,4.4325976,5.0625978,4.982598,4.8325977,4.3925977,4.212598,3.8925977,3.2325976,2.8525977,2.3025978,2.1125977,1.8625977,1.8625977,2.5925977,2.3625977,2.0125976,0.6925976,1.4125977,1.6225977,1.0425977,1.2025976,0.18259765,1.0125977
