wind_kz.json
{"header": {"discipline":0,"disciplineName":"Meteorological products","gribEdition":2,"gribLength":871,"center":7,"centerName":"US National Weather Service - NCEP(WMC)","subcenter":0,"refTime":"2023-08-28T18:00:00.000Z","significanceOfRT":1,"significanceOfRTName":"Start of forecast","productStatus":0,"productStatusName":"Operational products","productType":1,"productTypeName":"Forecast products","productDefinitionTemplate":0,"productDefinitionTemplateName":"Analysis/forecast at horizontal level/layer at a point in time","parameterCategory":0,"parameterCategoryName":"UnknownDiscipline_0_Category_0","parameterNumber":0,"parameterNumberName":"UnknownParameter_D0_C0_0","parameterUnit":"Unknown","genProcessType":2,"genProcessTypeName":"Forecast","forecastTime":0,"surface1Type":1,"surface1TypeName":"Ground or water surface","surface1Value":0.0,"surface2Type":255,"surface2TypeName":"Missing","surface2Value":0.0,"gridDefinitionTemplate":0,"gridDefinitionTemplateName":"Latitude_Longitude","numberPoints":615,"shape":6,"shapeName":"Earth spherical with radius of 6,371,229.0 m","gridUnits":"degrees","resolution":48,"winds":"true","scanMode":64,"nx":41,"ny":15,"basicAngle":0,"lo1":47.0,"la1":41.0,"lo2":87.0,"la2":55.0,"dx":1.0,"dy":1.0}, "data":
[rows 0 to 14 of 15, columns 0 to 40 of 41]
298.19232,286.99234,292.59235,299.29233,299.09235,297.69232,298.69232,302.09235,298.59235,299.09235,296.59235,298.39233,297.69232,297.09235,295.09235,294.39233,291.69232,292.79233,289.49234,293.19232,294.89233,289.49234,287.89233,287.19232,288.39233,288.29233,284.69232,268.99234,269.79233,267.99234,266.79233,270.19232,285.39233,294.29233,296.69232,296.09235,297.69232,298.59235,298.59235,300.29233,299.99234
276.39233,291.79233,299.29233,299.79233,299.49234,297.49234,298.99234,299.29233,298.59235,297.59235,297.39233,295.99234,294.99234,292.69232,295.29233,295.39233,293.49234,289.19232,286.19232,286.29233,289.29233,290.49234,289.59235,279.99234,270.79233,274.09235,278.79233,271.99234,272.39233,270.29233,275.79233,267.79233,276.89233,267.89233,278.39233,294.69232,294.39233,296.19232,300.09235,293.09235,283.99234
292.19232,298.99234,299.69232,299.69232,297.79233,296.49234,296.19232,297.39233,296.49234,295.49234,295.09235,295.59235,292.59235,293.79233,293.09235,291.79233,290.09235,288.59235,288.69232,288.69232,288.09235,290.49234,288.19232,283.99234,284.09235,284.49234,284.49234,282.59235,282.39233,275.79233,265.59235,274.29233,279.09235,278.59235,282.59235,282.59235,276.59235,279.99234,282.29233,280.89233,278.09235
292.39233,298.99234,299.79233,298.69232,296.49234,295.89233,297.49234,296.19232,296.29233,295.39233,295.29233,294.59235,295.29233,294.59235,293.29233,290.99234,292.39233,289.39233,291.09235,288.89233,289.39233,285.89233,291.59235,291.09235,291.29233,290.49234,288.99234,285.99234,284.59235,286.79233,287.49234,285.19232,288.69232,287.99234,288.49234,284.89233,278.19232,278.49234,283.39233,290.09235,293.69232
297.39233,297.99234,298.99234,298.19232,297.19232,296.69232,296.89233,295.59235,295.59235,298.29233,297.49234,293.99234,295.49234,293.99234,291.49234,295.09235,292.79233,291.89233,289.49234,292.29233,292.39233,291.59235,288.99234,289.59235,288.29233,287.99234,288.19232,289.19232,287.89233,288.69232,292.19232,288.99234,276.69232,268.99234,282.59235,290.99234,291.99234,296.09235,295.69232,296.29233,296.99234
297.09235,295.39233,296.49234,296.39233,297.39233,296.89233,295.79233,294.39233,293.99234,292.39233,292.49234,293.69232,294.59235,294.89233,293.19232,291.09235,294.09235,292.89233,293.79233,293.19232,290.99234,290.39233,288.69232,288.39233,286.89233,285.99234,288.49234,293.09235,290.19232,292.39233,291.09235,292.59235,290.59235,289.99234,287.59235,290.59235,283.19232,283.99234,291.19232,296.39233,297.09235
295.49234,294.29233,295.79233,295.09235,295.79233,293.99234,294.39233,294.99234,294.39233,293.59235,292.19232,290.79233,291.59235,292.69232,291.19232,291.59235,290.69232,293.69232,293.39233,291.79233,290.19232,289.19232,289.69232,289.69232,286.99234,286.49234,287.09235,289.89233,289.69232,289.79233,289.19232,289.69232,291.49234,293.49234,290.49234,289.39233,285.09235,282.69232,281.99234,285.09235,292.09235
293.19232,292.09235,290.69232,290.69232,292.69232,292.79233,294.49234,293.09235,290.39233,290.59235,290.79233,290.69232,289.69232,288.49234,288.59235,289.69232,291.99234,291.09235,291.89233,290.59235,288.99234,287.49234,287.39233,287.39233,285.39233,282.49234,283.49234,286.09235,285.39233,287.69232,287.39233,289.19232,289.79233,286.69232,288.39233,290.79233,289.79233,289.49234,290.99234,291.39233,288.29233
289.89233,288.29233,287.39233,288.29233,289.09235,290.39233,289.39233,290.29233,289.39233,287.79233,288.99234,286.59235,286.79233,288.49234,287.19232,289.69232,289.39233,288.99234,290.29233,289.59235,288.09235,286.99234,287.09235,285.49234,283.69232,283.89233,281.89233,282.49234,282.69232,282.99234,284.29233,286.39233,289.29233,290.69232,290.19232,287.79233,286.99234,287.29233,282.19232,282.29233,279.59235
286.69232,287.09235,286.09235,285.69232,284.59235,284.29233,283.59235,285.69232,286.39233,285.99234,283.29233,284.09235,284.89233,286.79233,286.59235,287.49234,286.69232,287.29233,288.39233,288.49234,287.89233,288.19232,288.39233,288.49234,285.09235,286.89233,286.09235,283.39233,283.89233,283.59235,284.89233,288.39233,290.59235,293.39233,292.29233,289.29233,286.19232,283.99234,284.19232,282.99234,282.79233
284.89233,283.49234,282.89233,283.59235,283.59235,282.99234,282.79233,281.99234,281.49234,283.29233,282.69232,282.29233,283.69232,282.29233,283.99234,284.59235,285.89233,286.59235,286.59235,286.49234,288.19232,287.29233,287.29233,286.69232,283.49234,283.89233,285.69232,284.79233,285.49234,286.89233,288.29233,289.09235,289.59235,291.79233,291.39233,288.49234,284.79233,282.89233,285.29233,284.59235,284.09235
281.69232,283.99234,283.29233,282.39233,282.19232,282.49234,280.59235,280.19232,280.69232,279.89233,277.19232,279.49234,282.19232,281.69232,282.29233,284.59235,285.39233,285.89233,286.19232,285.89233,285.09235,284.29233,284.59235,283.99234,281.89233,283.19232,284.29233,285.79233,287.29233,289.19232,288.39233,289.39233,290.49234,288.89233,290.69232,292.79233,291.89233,290.69232,288.99234,288.79233,288.89233
281.69232,283.09235,281.99234,282.09235,283.59235,281.99234,281.79233,281.69232,280.99234,276.19232,275.49234,274.69232,279.99234,281.59235,280.29233,283.79233,284.79233,284.59235,285.39233,285.29233,285.39233,282.79233,282.59235,281.09235,282.09235,283.39233,285.99234,285.79233,287.09235,286.59235,287.69232,288.19232,289.29233,289.29233,290.09235,287.89233,287.89233,290.89233,290.09235,289.29233,287.99234
281.69232,283.29233,287.59235,283.29233,281.69232,280.99234,280.69232,280.49234,280.89233,280.19232,278.89233,275.79233,276.19232,277.39233,280.19232,283.59235,284.39233,284.39233,284.99234,283.99234,283.69232,283.99234,283.49234,282.89233,283.29233,284.19232,284.69232,284.89233,286.89233,286.09235,287.19232,286.69232,288.39233,288.49234,287.59235,286.89233,288.49234,288.59235,289.89233,288.49234,288.69232
280.79233,282.19232,290.69232,282.99234,281.99234,281.69232,281.09235,280.79233,281.19232,280.99234,280.09235,274.39233,277.99234,277.79233,282.29233,283.49234,283.69232,284.99234,283.49234,283.89233,286.89233,283.49234,282.29233,281.19232,281.89233,282.49234,283.59235,285.99234,285.09235,285.59235,285.99234,285.39233,285.99234,287.29233,286.39233,287.49234,287.49234,287.59235,290.39233,290.79233,290.29233
