wind_kz.json
{"header": {"discipline":0,"disciplineName":"Meteorological products","gribEdition":2,"gribLength":1102,"center":7,"centerName":"US National Weather Service - NCEP(WMC)","subcenter":0,"refTime":"2023-09-23T18:00:00.000Z","significanceOfRT":1,"significanceOfRTName":"Start of forecast","productStatus":0,"productStatusName":"Operational products","productType":1,"productTypeName":"Forecast products","productDefinitionTemplate":0,"productDefinitionTemplateName":"Analysis/forecast at horizontal level/layer at a point in time","parameterCategory":2,"parameterCategoryName":"UnknownDiscipline_0_Category_2","parameterNumber":3,"parameterNumberName":"UnknownParameter_D0_C2_3","parameterUnit":"Unknown","genProcessType":2,"genProcessTypeName":"Forecast","forecastTime":240,"surface1Type":103,"surface1TypeName":"Specified height level above ground","surface1Value":10.0,"surface2Type":255,"surface2TypeName":"Missing","surface2Value":0.0,"gridDefinitionTemplate":0,"gridDefinitionTemplateName":"Latitude_Longitude","numberPoints":615,"shape":6,"shapeName":"Earth spherical with radius of 6,371,229.0 m","gridUnits":"degrees","resolution":48,"winds":"true","scanMode":64,"nx":41,"ny":15,"basicAngle":0,"lo1":47.0,"la1":41.0,"lo2":87.0,"la2":55.0,"dx":1.0,"dy":1.0}, "data":
[rows 0 to 14 of 15, columns 0 to 40 of 41]
1.1850805,1.7350806,-1.5249194,-7.0649195,-6.6749196,-5.7749195,-2.7649195,-1.6949195,-1.9149194,-1.5249194,-2.8449194,-1.7749194,0.38508058,-0.45491943,2.6050806,1.0350806,-0.76491946,-2.4049194,-2.9649193,2.3950806,2.9750805,-0.8849194,-1.6849195,-0.12491944,-2.0149195,-0.66491944,-1.5649195,1.7350806,2.4450805,3.0850806,0.53508055,0.39508057,0.6950806,1.9650806,-0.32491943,-1.8749194,-2.4149194,-1.9849194,-1.9949194,-2.3549194,0.64508057
0.37508056,-1.3349195,-9.814919,-6.7649193,-6.7249193,-7.7749195,-5.0549192,-3.4649193,-2.1549194,-1.8049195,-0.72491944,-1.3749194,-0.97491944,2.8150806,2.2850807,2.4250805,1.0550805,-0.47491944,-1.6549194,-1.8049195,0.8650806,1.5250806,0.115080565,0.54508054,-1.9349195,-1.2049195,-2.2849195,2.4250805,0.64508057,2.4150805,3.9150805,4.8450804,0.0050805663,-1.3449194,-5.0149193,-1.2949195,-1.1849195,-2.6849194,-1.6649194,-1.3949194,1.5850806
1.5150806,0.43508056,-2.6749194,-5.5849195,-5.3549194,-5.0649195,-5.0249195,-5.8149195,-4.1849194,-5.8649197,-1.2449194,0.36508057,1.6850805,4.5550804,3.9850805,2.8050807,0.91508055,1.0050806,-0.84491944,-2.5949194,0.7450806,0.5050806,0.8850806,1.8350806,1.9950806,0.9450806,0.64508057,1.7650806,0.045080565,1.8350806,1.9350805,1.9450805,2.1650805,-1.2749194,0.13508056,4.1450806,5.2150807,0.7650806,0.71508056,0.58508056,0.48508057
-4.844919,-6.2049193,-3.4349194,-1.8349195,-3.0249195,-2.4449193,-3.9049194,-4.5449195,-3.7049193,-2.8949194,-2.2649195,0.5650806,4.6850805,5.3150806,2.9250805,1.6650805,1.1550806,-0.40491945,-1.0849195,-1.8249195,-2.0649195,2.0950806,1.0650805,2.2050805,-0.5049194,-1.0649195,-1.3049195,0.71508056,2.6150806,1.8150805,2.1550806,-0.85491943,-1.4349195,0.25508058,0.6850806,-2.1449194,-1.3749194,3.1050806,3.6850805,0.055080567,-0.08491943
-4.2849193,-7.7049193,-8.394919,-5.9049196,-4.5449195,-2.8749194,-3.0149195,-1.4849194,-2.0149195,-1.0749195,1.3750806,2.2150805,2.0950806,1.3850806,0.98508054,0.13508056,0.035080567,-0.28491944,0.0150805665,-1.5349194,-1.4349195,-0.23491943,-0.024919434,1.0950806,-0.54491943,-0.094919436,0.6250806,-0.43491945,0.6850806,1.7650806,3.4050806,2.3350806,2.6950805,1.9350805,0.19508056,-2.9049194,-0.044919435,-1.2349194,-0.7449194,-1.3949194,-1.9549195
-4.074919,-3.9149194,-6.2249193,-8.12492,-9.974919,-10.134919,-9.11492,-10.334919,-6.2849193,-0.35491943,2.9150805,2.2150805,0.5650806,1.0850806,1.3250805,-1.3949194,0.97508055,-1.1449194,-0.76491946,-1.4949194,-1.5249194,0.27508056,1.1750805,1.9650806,1.7750806,-0.65491945,1.1250806,-1.3949194,1.8250805,2.3850806,2.9650805,2.1550806,0.6350806,2.4650805,2.2350805,10.155081,2.6750805,4.8250804,0.58508056,-1.8449194,-1.1649194
-5.8749194,-4.9249196,-3.8949194,-5.2849193,-6.8649197,-7.7849193,-9.044919,-9.724919,-7.9749193,-1.0549195,1.1850805,0.77508056,0.6950806,1.2750806,0.79508054,0.16508056,-0.43491945,0.42508057,-0.66491944,-1.8549194,0.115080565,-1.3949194,-0.45491943,-0.20491943,-0.064919434,2.9350805,1.4550805,0.54508054,-0.18491943,1.2950805,1.0650805,-0.014919434,-0.54491943,1.9550805,0.16508056,-0.79491943,-3.2949195,1.2050805,2.3050807,0.9950806,3.1550806
-4.4349194,-4.4649196,-4.2249193,-4.1349196,-3.8849194,-6.1849194,-7.5349193,-7.3049192,-7.1049194,-4.6549196,-0.58491945,0.31508055,0.79508054,-1.6549194,-1.8649194,-1.0049194,-1.1749195,1.3650806,0.47508058,-0.15491943,2.2750807,1.2650806,-1.1949195,-1.7349194,0.5150806,1.9950806,3.1450806,0.84508055,0.21508056,0.6350806,1.5350806,1.2850806,1.6050806,1.5150806,1.2050805,-0.6249194,0.0150805665,2.5450807,-1.7349194,-0.6349194,-2.3149195
-4.2649193,-3.7849195,-3.9549193,-5.1049194,-5.5549192,-3.4549193,-4.074919,-5.9349194,-5.6449194,-6.6649194,-6.7849193,-3.5649195,0.5650806,0.8050806,-1.3549194,-0.25491944,-1.6449194,-0.42491943,1.1650805,2.1250806,2.0250807,2.5150805,2.4750805,0.78508055,0.19508056,0.6350806,1.9850806,1.7850806,1.6750805,1.5250806,2.0850806,2.6550806,2.2250805,3.1150806,4.7650805,4.0050807,-1.2649194,0.8150806,2.0150805,2.0850806,-2.7849195
-4.1249194,-3.1149194,-4.3849196,-5.8349195,-4.6249194,-2.0349195,-3.0449195,-3.3449194,-3.4649193,-4.574919,-5.2549195,-4.9049196,-5.9749193,-5.1549196,-1.5549195,-0.22491944,-0.57491946,-1.3249195,-2.1749194,1.8150805,2.2350805,3.0050805,3.4050806,2.8950806,1.9350805,1.8250805,2.3250806,1.8350806,1.7850806,2.2550805,2.5350807,2.8750806,2.7850807,4.0850806,2.5850806,1.4850806,0.6950806,-2.5949194,0.28508055,3.7450805,3.8950806
-3.6749194,-3.4249194,-4.3149195,-5.0449195,-5.7749195,-5.094919,-4.4049196,-3.9549193,-4.4049196,-2.5149195,-2.5149195,-2.3249195,-5.2249193,-4.3349195,-4.6849194,-4.7049193,-4.0549192,-1.2549194,-0.40491945,-2.8449194,0.075080566,2.5350807,3.2950807,3.5850806,2.6750805,2.2050805,1.4750806,1.4150805,1.1450806,1.2650806,3.0050805,3.6750805,2.5950806,2.8550806,3.3950806,1.4050806,0.91508055,2.3450806,1.3950806,1.5450805,0.58508056
-3.5649195,-4.8849196,-4.824919,-4.8649197,-5.0849195,-4.7249193,-4.5049195,-3.7649195,-5.0449195,-3.5649195,-2.0149195,-2.1049194,-4.2749195,-3.9849195,-5.8149195,-5.7649193,-5.1449194,-4.5649195,-2.4549193,-3.3449194,-0.90491945,2.1350806,-0.32491943,3.1150806,3.1950805,2.9550805,3.1050806,2.6350806,2.6150806,2.9150805,2.5850806,3.5950806,2.8150806,3.1550806,2.8950806,2.8650806,2.4350805,3.0150805,2.5250807,2.2150805,0.96508056
-1.2449194,-2.6749194,-3.1049194,-3.0649195,-4.1949196,-3.2449195,-3.1449194,-4.074919,-4.9349194,-3.9449193,-2.0549195,-1.2449194,-2.6249194,-2.8349195,-5.2649193,-4.7749195,-4.1549196,-4.9749193,-5.2149196,-2.4049194,-3.4449193,-1.9349195,1.6750805,0.17508057,-2.2749195,3.1850805,3.0850806,2.4150805,2.5850806,3.4550805,3.5350807,3.4150805,3.0850806,3.2450805,3.4650805,3.3850806,2.9850805,2.0250807,3.2050805,1.8450806,0.8650806
-2.2949195,-2.5149195,-4.1449194,-2.9549193,-2.5549195,-2.9249194,-4.0049195,-3.7849195,-3.3149195,-4.1949196,-1.5049194,-0.9949194,-2.6549194,-4.594919,-5.6949196,-6.1649194,-5.5249195,-5.3149195,-6.9549193,-6.1149197,-4.824919,-4.9049196,-3.1149194,-1.6049194,-2.1949193,-0.58491945,-1.0849195,2.3650806,2.7350805,3.4350805,3.3350806,3.3550806,3.3750806,3.3350806,2.4150805,2.6550806,2.3350806,2.5950806,1.9750806,2.3250806,2.4050806
-1.5749195,-1.9849194,-4.4249196,-2.5849195,-2.1149194,-2.4249194,-3.2049193,-3.8249195,-4.344919,-5.094919,-2.5149195,-3.3649194,-2.3449194,-2.7649195,-5.8149195,-6.0449195,-6.5649195,-6.5249195,-5.7649193,-6.1549196,-6.2749195,-6.7149196,-3.4249194,-3.9049194,-4.3549194,-0.59491944,-3.8049195,-0.27491942,1.9650806,2.8750806,2.7250805,3.4950805,2.8050807,2.8850806,3.0750806,2.9450805,2.8350806,3.2050805,2.9150805,3.2450805,1.3350806
