wind_kz.json
{"header": {"discipline":0,"disciplineName":"Meteorological products","gribEdition":2,"gribLength":1102,"center":7,"centerName":"US National Weather Service - NCEP(WMC)","subcenter":0,"refTime":"2024-02-01T00:00:00.000Z","significanceOfRT":1,"significanceOfRTName":"Start of forecast","productStatus":0,"productStatusName":"Operational products","productType":1,"productTypeName":"Forecast products","productDefinitionTemplate":0,"productDefinitionTemplateName":"Analysis/forecast at horizontal level/layer at a point in time","parameterCategory":2,"parameterCategoryName":"UnknownDiscipline_0_Category_2","parameterNumber":3,"parameterNumberName":"UnknownParameter_D0_C2_3","parameterUnit":"Unknown","genProcessType":2,"genProcessTypeName":"Forecast","forecastTime":120,"surface1Type":103,"surface1TypeName":"Specified height level above ground","surface1Value":10.0,"surface2Type":255,"surface2TypeName":"Missing","surface2Value":0.0,"gridDefinitionTemplate":0,"gridDefinitionTemplateName":"Latitude_Longitude","numberPoints":615,"shape":6,"shapeName":"Earth spherical with radius of 6,371,229.0 m","gridUnits":"degrees","resolution":48,"winds":"true","scanMode":64,"nx":41,"ny":15,"basicAngle":0,"lo1":47.0,"la1":41.0,"lo2":87.0,"la2":55.0,"dx":1.0,"dy":1.0}, "data":
[rows 0 to 14 of 15, columns 0 to 40 of 41]
-3.6287398,-3.81874,4.5012603,5.3112597,15.8212595,15.53126,10.56126,4.97126,4.68126,3.67126,4.95126,4.42126,4.15126,3.76126,3.50126,3.32126,3.4012601,1.36126,2.6612601,1.5412601,2.04126,4.5012603,0.6312601,-1.7687399,-1.0287399,-1.6587399,-2.01874,0.49126008,3.08126,3.8612602,-0.4187399,-2.1087399,2.47126,-0.99873996,-1.0687399,-0.8487399,-0.37873992,-0.08873993,-1.11874,-0.17873994,0.7712601
5.7612596,2.68126,7.1612597,2.48126,15.37126,15.92126,9.521259,9.53126,7.9712596,6.67126,4.4812603,4.34126,3.8612602,3.22126,3.02126,3.57126,2.05126,1.12126,1.49126,3.81126,5.08126,2.59126,1.01126,1.9812601,-2.1087399,-2.05874,-3.96874,1.3512601,0.7612601,0.91126007,6.1412597,5.6212597,0.011260071,-1.11874,-4.54874,-3.1387398,-2.93874,-2.72874,-1.2087399,-0.40873992,0.06126007
-5.04874,-1.25874,5.01126,3.56126,11.30126,12.691259,10.76126,8.64126,7.29126,5.0412602,5.67126,5.50126,4.46126,4.7512603,4.70126,4.74126,4.33126,4.41126,3.71126,3.20126,2.59126,1.27126,-0.08873993,0.38126007,1.1812601,2.6112602,0.5812601,0.26126006,0.23126008,2.9012601,3.83126,2.21126,3.26126,-2.52874,-0.21873993,2.6612601,6.36126,0.43126008,1.02126,-0.62873995,0.17126007
-4.11874,-4.14874,5.2612596,7.52126,11.55126,12.021259,11.26126,9.33126,7.80126,5.8312597,4.33126,3.96126,5.75126,7.84126,4.91126,4.70126,4.81126,3.8712602,3.67126,3.3712602,3.25126,2.4012601,1.40126,1.8012601,1.37126,1.37126,1.7012601,-1.1587399,3.30126,2.6112602,1.37126,-1.0187399,-0.87873995,0.11126007,-1.36874,-3.95874,-3.0887399,1.7212601,3.26126,1.74126,1.5512601
-2.82874,-3.42874,1.4712601,6.59126,9.28126,8.00126,9.05126,9.80126,7.4512596,5.8912597,4.70126,4.5012603,4.0212603,7.29126,8.16126,4.89126,4.84126,4.31126,3.53126,3.55126,1.64126,1.00126,0.7812601,0.18126006,0.28126007,0.0012600708,-0.4187399,-1.4487399,-0.5587399,-1.0387399,-1.3187399,0.8312601,2.3812602,2.79126,-1.6787399,-1.5487399,-0.30873993,-0.46873993,0.11126007,0.17126007,0.62126005
0.28126007,0.48126006,-1.99874,4.60126,3.95126,6.38126,7.59126,7.1012597,5.96126,3.02126,2.79126,3.01126,1.3012601,7.07126,4.5012603,4.38126,5.08126,4.28126,3.1512601,2.6012602,2.08126,2.73126,3.1512601,0.9012601,0.93126005,0.21126007,-1.25874,-2.25874,-1.00874,-1.13874,-2.02874,-2.23874,-0.7287399,-0.5487399,2.31126,9.361259,4.69126,4.67126,-0.02873993,-1.5487399,-1.5487399
5.42126,4.09126,3.74126,2.80126,4.12126,9.04126,7.9512596,7.4112597,5.7012596,3.54126,2.51126,2.04126,3.17126,2.55126,2.96126,4.2912602,5.3512597,3.25126,4.86126,3.6612601,2.70126,2.69126,3.3512602,3.29126,2.27126,1.5512601,-2.01874,-1.9087399,-2.79874,-1.3287399,-1.2087399,-2.74874,-4.4587398,-1.60874,-1.34874,-1.99874,-4.02874,-1.46874,0.5912601,-0.75873995,2.05126
4.21126,6.7012596,5.3112597,5.01126,5.9112597,6.57126,9.151259,8.3212595,6.5312595,4.21126,5.36126,3.28126,2.34126,4.21126,3.22126,4.14126,4.76126,4.80126,5.8912597,5.44126,1.3112601,2.32126,2.32126,4.15126,4.70126,2.8812602,4.0412602,-0.5387399,-1.1587399,-2.8987398,-1.0687399,-1.5387399,-2.20874,-2.42874,0.5212601,0.22126007,-0.29873994,-0.37873992,-0.12873992,0.7612601,-1.3187399
2.48126,4.10126,5.88126,6.42126,7.0612597,8.95126,7.2812595,6.59126,6.00126,7.04126,5.38126,5.30126,4.92126,4.09126,5.0412602,4.99126,6.27126,6.42126,6.71126,5.59126,5.06126,3.57126,4.30126,3.06126,5.0412602,3.51126,2.05126,2.30126,2.8812602,1.8412601,2.30126,3.55126,1.87126,4.17126,4.28126,3.99126,-2.8487399,1.3412601,1.00126,0.81126004,-3.05874
2.22126,3.54126,4.5212603,6.23126,7.5312595,7.13126,7.84126,7.80126,7.61126,7.44126,7.3312597,6.3512597,5.44126,5.6012597,6.15126,6.19126,6.57126,6.29126,6.5112596,5.98126,4.59126,6.80126,5.32126,5.11126,4.35126,4.19126,2.44126,2.08126,2.06126,2.09126,2.59126,3.3712602,4.41126,3.68126,4.18126,1.61126,1.27126,-3.03874,-0.10873993,4.14126,4.37126
3.6512601,4.21126,5.57126,4.5012603,6.3912597,9.39126,8.85126,8.34126,8.79126,8.151259,7.46126,7.4912596,6.8112597,6.73126,6.7612596,7.3112597,7.71126,8.13126,7.21126,7.17126,5.1612597,5.79126,4.56126,6.36126,5.29126,4.85126,3.1512601,3.57126,3.3912601,2.1012602,3.05126,2.47126,2.82126,3.82126,4.81126,1.51126,0.87126005,2.92126,1.4712601,1.8412601,-0.24873993
3.23126,4.41126,4.99126,5.8512597,7.34126,8.66126,8.12126,9.691259,8.81126,8.191259,5.9112597,6.69126,7.21126,7.0112596,6.05126,6.65126,7.9512596,8.021259,8.731259,8.06126,7.19126,6.21126,5.2812595,5.17126,5.7412596,5.9912596,6.3912597,4.44126,4.55126,3.67126,3.4112601,3.30126,2.57126,3.24126,3.51126,2.49126,2.01126,2.84126,2.42126,2.06126,0.7212601
3.1212602,4.20126,4.92126,5.61126,7.4312596,7.0812597,8.05126,10.80126,11.521259,7.90126,4.83126,5.38126,7.23126,6.6612597,5.8312597,6.1812596,6.92126,7.7012596,8.24126,7.61126,8.37126,7.9712596,7.69126,7.1212597,6.8312597,6.29126,5.8912597,5.21126,5.1412597,4.11126,4.16126,4.0012603,3.80126,3.42126,3.6612601,3.96126,3.45126,1.9412601,2.42126,1.4112601,0.73126006
2.51126,2.23126,2.67126,6.61126,9.95126,11.67126,11.89126,10.231259,10.30126,10.53126,5.2012596,0.7112601,4.56126,6.8112597,5.69126,6.0312595,6.4712596,6.7212596,7.61126,7.30126,7.6412597,7.4312596,7.29126,6.92126,6.25126,5.42126,4.37126,5.6612597,5.30126,5.05126,4.5412602,4.7512603,4.7912602,5.3912597,3.27126,3.78126,2.68126,1.4312601,1.1912601,2.59126,2.26126
0.5112601,-1.2887399,-2.81874,6.5112596,10.271259,10.66126,11.0712595,11.38126,10.651259,9.8212595,5.8512597,1.4712601,1.89126,4.80126,4.55126,6.00126,5.6212597,5.9712596,6.6412597,7.0812597,6.8912597,7.1412597,6.7812595,6.5812597,6.5612597,6.1012597,5.80126,5.7412596,5.4712596,5.57126,5.59126,5.84126,5.36126,5.54126,5.6412597,5.19126,5.1812596,4.74126,2.43126,3.97126,0.98126006
