wind_kz.json
{"header": {"discipline":0,"disciplineName":"Meteorological products","gribEdition":2,"gribLength":871,"center":7,"centerName":"US National Weather Service - NCEP(WMC)","subcenter":0,"refTime":"2024-04-08T18:00:00.000Z","significanceOfRT":1,"significanceOfRTName":"Start of forecast","productStatus":0,"productStatusName":"Operational products","productType":1,"productTypeName":"Forecast products","productDefinitionTemplate":0,"productDefinitionTemplateName":"Analysis/forecast at horizontal level/layer at a point in time","parameterCategory":0,"parameterCategoryName":"UnknownDiscipline_0_Category_0","parameterNumber":0,"parameterNumberName":"UnknownParameter_D0_C0_0","parameterUnit":"Unknown","genProcessType":2,"genProcessTypeName":"Forecast","forecastTime":0,"surface1Type":1,"surface1TypeName":"Ground or water surface","surface1Value":0.0,"surface2Type":255,"surface2TypeName":"Missing","surface2Value":0.0,"gridDefinitionTemplate":0,"gridDefinitionTemplateName":"Latitude_Longitude","numberPoints":615,"shape":6,"shapeName":"Earth spherical with radius of 6,371,229.0 m","gridUnits":"degrees","resolution":48,"winds":"true","scanMode":64,"nx":41,"ny":15,"basicAngle":0,"lo1":47.0,"la1":41.0,"lo2":87.0,"la2":55.0,"dx":1.0,"dy":1.0}, "data":
[rows 0 to 14 of 15, columns 0 to 40 of 41]
283.5852,277.1852,280.78522,281.3852,282.3852,283.5852,287.4852,290.8852,289.5852,291.4852,289.4852,288.9852,289.28522,290.4852,292.1852,290.4852,292.3852,290.0852,292.0852,289.9852,291.3852,288.5852,287.9852,284.6852,288.28522,289.4852,283.1852,267.5852,265.8852,268.4852,260.9852,263.4852,279.28522,284.9852,285.78522,285.6852,284.8852,285.9852,286.0852,285.5852,286.3852
269.3852,281.8852,281.8852,282.3852,282.28522,282.5852,288.78522,287.5852,286.9852,286.1852,286.78522,286.9852,288.28522,287.8852,288.6852,287.9852,290.8852,292.3852,291.4852,290.78522,290.4852,289.3852,282.3852,274.9852,258.4852,261.3852,277.4852,265.4852,274.1852,257.28522,269.1852,251.18521,270.0852,245.88521,253.7852,281.78522,280.5852,282.6852,285.78522,278.4852,279.0852
282.6852,281.1852,281.3852,281.6852,281.78522,287.8852,287.28522,286.6852,285.8852,285.4852,284.9852,285.78522,285.6852,284.1852,284.9852,286.3852,287.3852,288.1852,288.6852,290.3852,290.1852,289.8852,288.0852,281.6852,283.4852,282.6852,283.8852,283.78522,282.78522,274.9852,264.8852,267.6852,273.5852,275.1852,276.0852,276.0852,262.6852,272.78522,270.4852,264.1852,260.28522
282.28522,282.0852,281.4852,281.78522,282.78522,285.9852,286.3852,285.5852,285.9852,285.78522,284.9852,284.3852,284.78522,285.3852,283.6852,284.6852,283.8852,285.5852,287.8852,289.6852,288.5852,284.5852,288.28522,289.4852,289.9852,289.5852,287.6852,285.9852,285.9852,285.6852,285.1852,283.4852,285.9852,286.5852,283.5852,280.9852,267.28522,255.9852,271.8852,280.9852,284.6852
284.0852,282.4852,281.6852,282.0852,282.4852,284.3852,284.9852,285.8852,285.6852,285.6852,284.9852,286.4852,284.0852,283.8852,282.28522,282.9852,283.9852,284.1852,284.5852,284.3852,285.9852,287.4852,287.1852,288.0852,287.78522,288.3852,287.3852,283.78522,287.1852,290.1852,289.78522,288.5852,276.1852,259.5852,277.5852,284.78522,282.4852,287.1852,287.28522,287.3852,285.4852
286.28522,284.8852,282.28522,281.0852,279.5852,280.1852,283.9852,286.0852,284.9852,284.4852,284.8852,284.28522,283.28522,283.28522,278.5852,285.5852,285.0852,284.9852,285.28522,284.3852,283.28522,283.5852,284.78522,284.5852,285.3852,284.3852,285.0852,271.78522,286.4852,287.4852,289.6852,290.3852,287.0852,285.78522,284.4852,280.4852,275.4852,277.28522,284.0852,285.3852,284.1852
286.78522,286.1852,287.9852,287.1852,283.28522,284.78522,285.8852,284.9852,284.5852,283.28522,280.8852,280.3852,280.5852,281.1852,281.9852,283.5852,283.9852,286.1852,285.1852,282.9852,282.8852,282.5852,281.78522,281.28522,280.5852,282.5852,282.3852,284.3852,285.5852,286.5852,286.4852,287.1852,286.9852,287.28522,286.1852,282.9852,278.5852,275.3852,271.3852,272.1852,280.78522
286.6852,285.3852,286.8852,286.6852,286.6852,285.78522,284.78522,282.0852,280.6852,280.78522,280.9852,279.5852,278.4852,279.0852,280.1852,283.0852,283.5852,281.6852,281.3852,280.9852,282.28522,281.4852,281.3852,279.1852,277.4852,276.5852,278.0852,280.28522,281.78522,283.4852,283.28522,284.28522,284.6852,282.1852,282.1852,282.1852,281.8852,273.0852,282.78522,281.8852,279.9852
285.0852,284.1852,285.28522,284.6852,284.9852,283.5852,282.5852,281.1852,280.5852,281.4852,278.4852,277.3852,276.6852,277.3852,279.6852,278.3852,279.4852,280.3852,279.3852,278.6852,278.0852,278.78522,279.0852,278.1852,276.6852,277.5852,276.4852,276.4852,279.6852,279.5852,279.6852,281.0852,283.3852,283.0852,282.28522,278.3852,274.4852,275.6852,266.1852,267.28522,262.28522
284.9852,284.6852,283.9852,283.4852,283.8852,282.6852,281.28522,280.6852,280.0852,278.28522,276.8852,275.1852,275.5852,275.4852,276.8852,280.0852,280.6852,281.4852,282.28522,280.9852,278.9852,279.1852,279.0852,278.9852,279.3852,277.1852,277.78522,278.8852,280.0852,280.8852,281.5852,283.3852,284.9852,283.4852,281.0852,279.6852,275.78522,273.3852,270.6852,270.0852,264.3852
284.78522,284.78522,283.4852,282.8852,282.3852,281.0852,279.3852,278.78522,280.78522,277.3852,275.9852,274.4852,274.5852,273.8852,277.28522,277.6852,278.9852,281.1852,280.1852,280.0852,278.3852,279.8852,278.8852,279.9852,279.8852,279.8852,276.6852,279.0852,282.1852,282.6852,283.9852,284.5852,283.4852,283.6852,283.5852,279.9852,274.28522,272.8852,274.8852,273.3852,269.9852
283.28522,284.1852,283.3852,282.9852,281.8852,280.8852,280.1852,279.8852,279.78522,277.6852,274.9852,274.9852,274.28522,273.9852,274.6852,278.0852,278.5852,279.1852,279.5852,279.0852,277.5852,274.6852,276.4852,276.78522,278.5852,280.1852,280.4852,282.3852,282.8852,283.4852,282.78522,282.4852,284.0852,280.4852,281.78522,281.3852,281.0852,281.4852,279.78522,279.5852,278.9852
282.28522,282.1852,282.4852,281.9852,281.28522,282.28522,281.0852,276.5852,274.1852,276.0852,273.78522,273.3852,275.8852,273.6852,273.6852,275.0852,276.5852,276.1852,277.6852,277.78522,277.9852,276.1852,277.4852,277.8852,278.4852,278.0852,278.8852,279.0852,279.4852,281.78522,282.8852,282.4852,282.1852,280.0852,280.4852,279.0852,278.5852,278.8852,278.5852,278.78522,276.3852
282.3852,281.28522,277.3852,281.4852,280.1852,280.6852,279.6852,277.8852,277.8852,276.78522,273.4852,272.9852,272.78522,273.4852,273.4852,273.4852,273.1852,273.28522,275.5852,276.8852,276.9852,277.28522,278.0852,277.6852,278.1852,277.28522,274.6852,276.8852,277.78522,277.8852,278.9852,280.8852,280.6852,279.3852,277.4852,275.28522,274.6852,273.5852,273.8852,275.3852,278.28522
283.4852,281.78522,273.1852,280.3852,279.5852,279.5852,278.9852,278.3852,277.8852,276.8852,275.28522,274.0852,272.8852,273.28522,272.6852,272.8852,272.3852,271.6852,275.78522,275.0852,275.6852,275.0852,275.1852,274.1852,273.0852,273.6852,271.8852,272.3852,275.1852,276.0852,275.1852,275.28522,276.28522,274.8852,274.6852,273.6852,273.28522,273.0852,274.78522,273.78522,276.4852
