wind_kz.json
{"header": {"discipline":0,"disciplineName":"Meteorological products","gribEdition":2,"gribLength":1025,"center":7,"centerName":"US National Weather Service - NCEP(WMC)","subcenter":0,"refTime":"2023-09-21T12:00:00.000Z","significanceOfRT":1,"significanceOfRTName":"Start of forecast","productStatus":0,"productStatusName":"Operational products","productType":1,"productTypeName":"Forecast products","productDefinitionTemplate":0,"productDefinitionTemplateName":"Analysis/forecast at horizontal level/layer at a point in time","parameterCategory":2,"parameterCategoryName":"UnknownDiscipline_0_Category_2","parameterNumber":3,"parameterNumberName":"UnknownParameter_D0_C2_3","parameterUnit":"Unknown","genProcessType":2,"genProcessTypeName":"Forecast","forecastTime":60,"surface1Type":103,"surface1TypeName":"Specified height level above ground","surface1Value":10.0,"surface2Type":255,"surface2TypeName":"Missing","surface2Value":0.0,"gridDefinitionTemplate":0,"gridDefinitionTemplateName":"Latitude_Longitude","numberPoints":615,"shape":6,"shapeName":"Earth spherical with radius of 6,371,229.0 m","gridUnits":"degrees","resolution":48,"winds":"true","scanMode":64,"nx":41,"ny":15,"basicAngle":0,"lo1":47.0,"la1":41.0,"lo2":87.0,"la2":55.0,"dx":1.0,"dy":1.0}, "data":
[rows 0 to 14 of 15, columns 0 to 40 of 41]
-0.2660791,-2.216079,2.893921,4.533921,2.9939208,0.7339209,-0.82607913,-0.7860791,-2.206079,-0.9060791,-3.456079,-2.2960792,-3.0260792,-3.7860792,-4.436079,-4.6160793,-5.776079,-3.9860792,-4.526079,-2.5560791,-2.176079,-3.616079,1.593921,-1.656079,-1.2360791,-1.406079,-1.5960791,-0.6460791,0.6439209,1.2039208,-2.8260791,-2.716079,1.3639209,2.2539208,0.5539209,0.3839209,0.1039209,1.4839209,2.123921,1.0439209,-1.6760792
3.783921,1.1239209,3.4439209,5.043921,3.643921,1.343921,-1.656079,0.0639209,-1.3860791,-1.906079,-2.4960792,-3.3260791,-3.0760791,-3.356079,-4.666079,-4.376079,-4.226079,-5.566079,-6.076079,-5.006079,-5.436079,-5.506079,-1.776079,1.1739209,-0.2560791,-1.1460791,-1.9460791,-0.0860791,-1.0060791,-0.7760791,2.883921,3.0139208,-1.036079,-4.606079,-3.416079,0.1439209,-1.4260792,-0.1960791,0.6139209,0.6039209,0.3039209
2.4939208,3.523921,4.543921,5.8239207,2.843921,1.343921,0.5639209,-1.0160791,-0.4060791,-1.9560791,-2.446079,-2.426079,-3.0660791,-3.2960792,-3.7360792,-3.966079,-3.2560792,-4.106079,-3.706079,-4.516079,-4.236079,-5.346079,-6.436079,-1.3160791,-0.6760791,0.7839209,0.4039209,0.2739209,-0.4060791,1.0239209,3.063921,1.7539209,1.7839209,-1.6260791,-0.2860791,2.283921,1.8239208,0.2539209,-0.6660791,0.1339209,0.0039208983
0.7639209,1.9239209,3.063921,2.543921,0.4439209,0.4639209,1.723921,0.0239209,0.1539209,-0.5560791,-1.4560791,-2.906079,-4.166079,-4.4460793,-3.726079,-4.076079,-4.026079,-3.846079,-3.916079,-4.206079,-4.146079,-3.3060791,-0.6060791,-2.7360792,-2.436079,-1.1460791,-1.9460791,-2.386079,-0.5160791,-0.6660791,-0.0660791,-2.866079,-2.196079,-0.046079103,0.3639209,-0.8960791,2.043921,4.023921,0.5239209,1.1639209,-2.0460792
1.3639209,1.3739209,1.4239209,1.1739209,0.8039209,0.7339209,1.2039208,1.9839209,0.7139209,-0.82607913,-1.3460791,-2.0060792,-3.7460792,-4.186079,-4.496079,-3.436079,-3.7560792,-3.916079,-3.2660792,-2.7360792,-2.856079,-2.686079,-2.916079,-2.9960792,-2.636079,-2.5060792,-2.7460792,-3.0160792,-3.096079,-3.7960792,-3.896079,-1.1160791,1.5339209,-1.0960791,-0.8760791,-1.1360791,-7.466079,1.5139209,-8.656079,-7.626079,-6.3860793
-0.3760791,-0.7860791,0.6339209,0.8939209,0.8839209,0.8539209,0.7439209,0.6439209,-0.6560791,-0.6360791,-1.9760791,-2.906079,-3.456079,-3.956079,-3.366079,-3.5060792,-3.2660792,-3.676079,-4.056079,-2.936079,-3.4860792,-2.5260792,-3.096079,-3.416079,-1.6760792,-1.9460791,-2.426079,-3.5560791,-2.7960792,-3.0760791,-3.456079,-3.676079,-3.5260792,-3.5260792,-0.7360791,-4.646079,-2.136079,-5.1560793,-2.0560791,-3.2560792,-0.6260791
-0.0860791,-0.1560791,-0.3260791,-0.5360791,-0.4860791,-0.4460791,-0.8860791,-0.3060791,-1.4460791,-1.9260792,-0.3860791,-1.6260791,-2.3260791,-3.8060791,-4.1760793,-4.8660793,-4.3860793,-4.4060793,-3.5360792,-2.2460792,-3.5760791,-3.846079,-4.506079,-3.966079,-2.916079,-1.4960791,-2.4860792,-2.156079,-2.5360792,-1.9860791,-1.5660791,-2.2460792,-2.976079,-3.3160791,-5.836079,-4.086079,-4.4260793,-3.3360791,-5.206079,-2.5060792,-8.036079
0.4539209,0.8539209,0.083920896,-0.3160791,-0.57607913,-0.7360791,-0.3760791,-1.6360791,-1.1960791,-0.5860791,-0.4560791,-0.6260791,-2.7660792,-2.856079,-3.7960792,-3.726079,-4.046079,-4.3860793,-3.896079,-1.276079,-2.3360791,-2.7760792,-3.206079,-2.7860792,-2.626079,-1.5960791,-2.176079,-1.8060791,-1.8560791,-1.7560791,-1.3560791,-2.0660791,-2.5160792,-2.456079,-1.0960791,0.9839209,-0.2460791,-5.1760793,-1.0760791,0.6339209,-0.9960791
1.1439209,1.343921,0.6439209,0.2539209,-0.3360791,-1.0660791,-1.5460792,-1.166079,-1.3360791,-0.4960791,-0.0960791,-0.5660791,-1.1960791,-2.3360791,-2.846079,-3.426079,-3.206079,-3.3060791,-2.7460792,-1.8260791,-0.9260791,-2.926079,-3.126079,-2.616079,-2.126079,-2.206079,-1.6760792,-1.5660791,-1.7260791,-2.156079,-3.116079,-2.896079,-1.166079,-1.3260791,0.0239209,-0.8060791,-1.6260791,-1.6160791,-3.5660791,-3.206079,-1.3160791
1.9339209,1.583921,1.0039209,-0.0660791,-1.1760792,-1.9660791,-0.5960791,0.043920897,0.1639209,0.5839209,1.4839209,0.7739209,0.8439209,-1.2160791,-1.9460791,-2.166079,-1.6060791,-1.7960792,-1.6860791,-1.3060791,-1.1760792,-1.1160791,-1.7560791,-2.096079,-1.9760791,-2.206079,-2.0260792,-1.526079,-1.276079,-1.0960791,-0.3860791,-0.6860791,-2.456079,-2.446079,-0.1760791,-0.1260791,-1.1360791,-3.416079,-0.9860791,-1.7260791,-1.4760791
1.9139209,1.3539209,1.083921,-0.9860791,-1.6260791,-1.8660791,-0.9360791,1.2539209,0.9339209,1.4539208,1.0739208,1.8039209,1.5439209,1.0339209,-0.5560791,-0.9560791,-0.9460791,-0.7460791,-0.3260791,-0.6060791,-0.6660791,-1.1260791,-1.656079,-1.7160791,-1.416079,-0.3760791,-0.2360791,-0.3260791,-0.046079103,-0.1560791,-0.1160791,-0.4960791,-1.3160791,-1.7460791,-2.366079,-0.3760791,0.4739209,1.6839209,-0.0760791,-0.5460791,-0.6860791
0.4839209,0.9639209,0.4639209,-0.7460791,-1.166079,-0.5060791,-0.3660791,-0.4060791,-0.3060791,0.9039209,0.083920896,-0.7160791,1.7339209,1.7939209,0.0339209,0.0039208983,0.3039209,-0.5960791,-0.016079102,-0.1060791,-0.1760791,-1.1060791,-1.1460791,-0.8460791,-0.7560791,-0.6260791,-0.1660791,-0.4960791,-0.4360791,-0.1860791,-0.1660791,0.24392089,0.4839209,-0.3460791,-0.046079103,-0.7460791,-0.0560791,0.21392089,0.5839209,-0.1860791,1.0339209
1.3939209,0.7039209,0.8839209,0.1639209,0.28392088,-0.0760791,-0.1160791,-0.0060791015,-0.0660791,1.0239209,0.123920895,-0.4260791,0.3439209,1.093921,0.3839209,-0.2660791,-0.2360791,0.0739209,0.123920895,0.083920896,1.1739209,0.7839209,0.8739209,-0.2560791,-0.4260791,-0.14607911,-0.0960791,-0.8460791,-0.0960791,-0.3760791,-0.0860791,0.5739209,1.083921,0.3139209,0.5639209,0.5039209,0.6039209,0.5739209,0.1339209,0.4039209,0.6939209
1.833921,1.5639209,0.8639209,1.1839209,0.4139209,0.4639209,0.5039209,0.5839209,0.5339209,1.4439209,1.593921,-0.0860791,-0.5360791,0.3539209,0.5839209,-0.1960791,-0.026079101,0.0739209,0.3039209,0.7439209,0.7339209,1.1639209,0.7439209,0.5739209,0.5239209,0.2739209,0.5439209,-0.1960791,-0.3060791,-0.46607912,-0.5960791,0.1339209,0.4639209,0.21392089,0.043920897,0.6239209,0.1939209,0.3339209,0.3439209,0.8339209,0.8039209
1.593921,0.8839209,1.0139209,2.333921,1.7039208,1.473921,0.9439209,0.9639209,0.6639209,0.3439209,1.5539209,1.7539209,1.6339209,0.043920897,0.4739209,1.0439209,0.5639209,0.043920897,0.1039209,0.3839209,0.3639209,0.4439209,0.4839209,0.4239209,0.1739209,0.5839209,1.3039209,0.5139209,-0.7560791,-1.5160791,-1.0860791,-1.8360791,-0.3760791,0.0639209,0.013920899,1.1539209,1.6139209,1.3539209,1.4839209,1.3039209,0.7339209
