wind_kz.json
{"header": {"discipline":0,"disciplineName":"Meteorological products","gribEdition":2,"gribLength":1025,"center":7,"centerName":"US National Weather Service - NCEP(WMC)","subcenter":0,"refTime":"2023-08-18T12:00:00.000Z","significanceOfRT":1,"significanceOfRTName":"Start of forecast","productStatus":0,"productStatusName":"Operational products","productType":1,"productTypeName":"Forecast products","productDefinitionTemplate":0,"productDefinitionTemplateName":"Analysis/forecast at horizontal level/layer at a point in time","parameterCategory":2,"parameterCategoryName":"UnknownDiscipline_0_Category_2","parameterNumber":2,"parameterNumberName":"UnknownParameter_D0_C2_2","parameterUnit":"Unknown","genProcessType":2,"genProcessTypeName":"Forecast","forecastTime":60,"surface1Type":103,"surface1TypeName":"Specified height level above ground","surface1Value":10.0,"surface2Type":255,"surface2TypeName":"Missing","surface2Value":0.0,"gridDefinitionTemplate":0,"gridDefinitionTemplateName":"Latitude_Longitude","numberPoints":615,"shape":6,"shapeName":"Earth spherical with radius of 6,371,229.0 m","gridUnits":"degrees","resolution":48,"winds":"true","scanMode":64,"nx":41,"ny":15,"basicAngle":0,"lo1":47.0,"la1":41.0,"lo2":87.0,"la2":55.0,"dx":1.0,"dy":1.0}, "data":
[rows 0 to 14 of 15, columns 0 to 40 of 41]
-2.8707824,-1.3407825,2.3692176,3.9392176,8.039218,9.059217,5.7592177,3.7492175,4.6092176,6.0992174,5.7992177,5.8392177,4.8092175,-0.12078247,3.3592176,-0.71078247,2.3092175,5.6692176,-3.4707825,-1.9107825,-0.9307825,1.8992175,-0.42078248,-0.9507825,-0.42078248,-2.9407825,-2.8007824,-0.6807825,0.43921754,1.2692175,-1.6207825,1.8492175,-0.25078246,1.1692176,-2.6507826,-0.8207825,-1.0607824,-1.2007824,-1.7207825,-2.1507826,-3.1307824
1.9792175,2.3092175,1.7092175,2.9592175,-0.29078248,-2.8807824,0.5092175,2.0092175,3.8392174,5.3492174,4.2592177,1.5492176,2.9492176,-1.8707825,-0.9507825,0.49921754,6.6892176,-1.5607824,-1.1207825,-2.4607825,-2.0407825,-1.4407824,0.20921753,-3.0207825,-0.7507825,0.78921753,-0.38078249,1.3192176,-0.98078245,-1.6707824,0.29921752,-0.14078248,0.40921754,-1.9107825,0.51921755,0.35921752,-0.48078248,-0.8707825,-2.0307825,1.9392176,0.47921753
1.1192175,-2.7107825,0.019217528,0.49921754,0.52921754,-0.18078247,-0.18078247,2.4492176,1.2192175,-0.03078247,-0.14078248,2.2992175,2.5892174,-3.5807824,-2.3207824,-1.6307825,2.2192175,1.7092175,-1.3507825,-3.3107824,-1.5307825,-3.8407824,-3.7607825,-3.9907825,1.4892175,0.8792175,0.23921753,0.5092175,-0.8907825,-0.91078246,-1.0807824,2.3292174,-0.59078246,-7.824707E-4,0.9892175,-0.13078247,0.09921753,0.31921753,1.1192175,2.5292175,2.1692176
-2.3207824,-2.0807824,-1.4607825,-0.96078247,-1.0207825,-1.1507825,2.0492175,-1.1107825,0.20921753,-0.14078248,2.1092176,-2.2007825,-5.6107826,-4.2107825,-4.3807826,-0.73078245,4.3392177,1.0792176,0.5492175,-2.6107824,-2.7007825,-2.4007826,-1.9707825,-2.9707825,-3.9307826,-4.0307827,-3.6507826,-6.5707827,-3.2807825,-0.21078247,1.3492175,-1.8907825,-0.92078245,-3.7007825,-3.3907824,-2.4907825,-1.5607824,2.6592176,1.1092175,1.2292175,-0.29078248
-0.7707825,0.17921753,1.1292175,0.7492175,1.6492175,2.4392176,3.4692175,0.6692175,0.6092175,0.20921753,-2.5007825,-5.4707823,-6.1307826,-4.9407825,-0.79078245,0.39921752,5.5692177,3.0892174,0.9292175,-2.9107826,-3.7607825,-3.9807825,-3.9207826,-3.7107825,-3.7107825,-3.9907825,-4.3907824,-2.4007826,-3.1007824,-3.5907824,-3.5207825,-2.2607825,-2.3307824,1.8892175,2.4392176,0.48921752,-7.824707E-4,-1.6907824,-1.3607825,-2.4907825,-3.3907824
2.7792175,1.9192176,2.2492175,2.9792175,3.9492176,0.82921755,-1.8807825,2.6392176,1.1392175,0.019217528,-2.2907825,-1.4107825,-0.29078248,-1.1807824,-0.5207825,0.15921754,10.469217,2.6292176,4.2192173,0.95921755,-2.6807826,-2.2507825,-2.6807826,-2.3007824,-2.1307824,-3.0607824,-1.9507824,-2.6007824,-1.5307825,-1.8907825,-0.8907825,-1.7607825,-3.1307824,-0.5007825,0.16921753,-1.4707825,1.2492175,1.7292175,1.8192176,-4.1507826,-4.1107826
0.34921753,3.0692174,3.5992174,3.5692174,2.7292175,-1.6407825,-1.2307825,-0.010782471,-0.97078246,0.76921755,-0.6407825,-0.49078247,0.9192175,-1.4807825,2.6192176,2.3392174,2.3892176,4.0392175,0.30921754,0.96921754,0.08921753,2.1192176,1.0892175,-0.6807825,0.31921753,0.9292175,1.6292175,1.4892175,1.9592175,0.21921752,-0.8107825,-1.3307824,-0.8907825,-0.35078248,-1.1807824,-1.9307824,-1.0707824,2.5192175,0.09921753,0.019217528,1.1992176
-1.6707824,-3.3107824,-3.4307826,-1.7307825,2.0692174,0.8192175,-1.4207824,-1.8507825,-0.34078246,-0.96078247,-0.84078246,0.6092175,-2.0407825,-1.8707825,1.5192175,-0.7007825,0.48921752,1.1892176,0.22921753,0.30921754,0.6292175,-1.4507824,1.9192176,1.4192176,-0.08078247,0.59921753,1.9192176,0.41921753,0.5692175,-2.7907825,-1.5007825,2.9392176,0.04921753,0.30921754,-0.8807825,1.5792176,1.1392175,3.9992175,2.3992176,2.1592176,-0.12078247
-1.4107825,-1.9407824,-0.7407825,-0.48078248,0.18921752,-0.65078247,1.7192175,-0.41078246,0.15921754,-1.5007825,-1.4107825,-0.91078246,-0.91078246,-0.8207825,-1.9507824,-0.92078245,-1.2407825,-0.91078246,0.00921753,-0.67078245,-2.2307825,-1.6207825,-1.3007824,-1.2807825,-0.47078246,-1.0207825,-0.86078244,-0.5207825,-0.43078247,0.039217528,0.25921753,0.43921754,2.7692175,2.4492176,1.6792176,0.07921753,0.42921752,-2.2207825,-0.03078247,0.49921754,-0.9507825
-1.2207825,-1.1507825,-1.4307824,-2.4307826,-3.2207825,-3.5207825,-3.7407825,-3.8507824,-3.3307824,-2.2807825,-1.5007825,-1.3207824,0.29921752,1.0092175,1.4592175,0.9192175,0.52921754,-1.0407825,-1.5707824,-0.9507825,-0.6207825,-0.79078245,-1.8007824,-2.4607825,-2.2107825,-2.0007825,-1.8607825,-1.7407825,-0.55078244,1.1592175,0.6292175,1.8392175,2.6792176,2.0992174,1.6792176,-0.92078245,-1.6907824,-0.09078247,-1.9707825,0.48921752,-0.29078248
-0.67078245,-1.2307825,-2.2307825,-2.0407825,-1.4607825,-1.3207824,-2.2207825,-2.1907825,-0.92078245,-0.24078247,-0.49078247,0.47921753,1.7592175,3.9992175,4.0592175,-0.49078247,-1.3907825,-2.2507825,-3.5207825,-3.7007825,-2.8507824,-1.3307824,-0.9907825,-2.3707824,-2.6907825,-0.7007825,-2.2007825,-1.4507824,-0.65078247,0.84921753,0.23921753,1.3692175,0.34921753,0.11921753,0.27921754,-1.6407825,-1.6107825,0.33921754,-0.73078245,0.7592175,-0.80078244
0.36921751,-1.0707824,-0.73078245,-1.4807825,-0.6807825,0.19921753,0.26921752,-0.73078245,-0.53078246,-0.65078247,-0.9307825,0.5692175,0.019217528,-1.7207825,-2.0007825,-2.5907824,-2.3607824,-1.5007825,-0.8707825,-1.9807825,-2.2907825,-1.8807825,-2.2707825,-0.9407825,-2.3007824,-3.0707824,-3.1007824,-1.9307824,-1.8507825,-1.7807825,-0.7607825,0.28921753,0.71921754,0.64921755,-1.6407825,-1.8207824,0.42921752,0.33921754,0.23921753,0.5592175,-0.5707825
0.84921753,0.90921754,0.31921753,-0.28078246,0.7392175,-0.35078248,-0.23078246,-0.92078245,-1.4607825,-0.24078247,-0.5107825,0.71921754,-0.19078247,-0.10078247,-0.71078247,-1.9207824,-1.0507824,-1.6207825,-2.1707826,-1.7307825,-2.1407824,-1.4307824,-0.79078245,-1.1407825,-1.7907825,-2.6407824,-2.5407825,-2.5207825,-2.2807825,-1.3407825,-0.47078246,-0.13078247,0.02921753,-0.46078247,-1.6507825,-1.3307824,0.35921752,-0.36078247,-0.48078248,-0.6407825,0.019217528
0.8592175,0.40921754,-1.1007825,-1.0907825,0.04921753,0.43921754,0.02921753,-0.43078247,0.43921754,-0.25078246,-0.33078247,0.37921754,1.1892176,0.94921756,0.8592175,0.30921754,0.45921752,0.34921753,-1.6107825,-1.3707825,-1.5107825,0.019217528,0.059217528,-0.8707825,-0.47078246,-1.5907825,-2.4007826,-1.9307824,-1.7407825,-0.7607825,-0.38078249,-0.66078246,-0.44078246,-0.47078246,-0.45078248,-0.8107825,0.38921753,-0.27078247,-0.14078248,-0.80078244,-0.80078244
-0.6407825,-1.1707824,-1.6407825,-1.3407825,-0.6307825,-0.27078247,1.2192175,-0.46078247,-0.49078247,-0.61078244,0.71921754,0.7492175,1.1792176,0.6292175,1.3692175,0.9392175,0.46921754,-1.0107825,-1.7207825,-2.1207824,-2.3407824,-2.8407824,-2.9107826,-2.8107824,-2.5907824,-2.1807826,-0.96078247,-0.66078246,-1.1907824,-1.3307824,-0.04078247,-1.5607824,-1.2007824,-0.80078244,-0.54078245,-0.5807825,-0.5707825,-0.6907825,0.52921754,0.84921753,0.10921753
