wind_kz.json
{"header": {"discipline":0,"disciplineName":"Meteorological products","gribEdition":2,"gribLength":1025,"center":7,"centerName":"US National Weather Service - NCEP(WMC)","subcenter":0,"refTime":"2023-09-27T06:00:00.000Z","significanceOfRT":1,"significanceOfRTName":"Start of forecast","productStatus":0,"productStatusName":"Operational products","productType":1,"productTypeName":"Forecast products","productDefinitionTemplate":0,"productDefinitionTemplateName":"Analysis/forecast at horizontal level/layer at a point in time","parameterCategory":2,"parameterCategoryName":"UnknownDiscipline_0_Category_2","parameterNumber":3,"parameterNumberName":"UnknownParameter_D0_C2_3","parameterUnit":"Unknown","genProcessType":2,"genProcessTypeName":"Forecast","forecastTime":0,"surface1Type":103,"surface1TypeName":"Specified height level above ground","surface1Value":10.0,"surface2Type":255,"surface2TypeName":"Missing","surface2Value":0.0,"gridDefinitionTemplate":0,"gridDefinitionTemplateName":"Latitude_Longitude","numberPoints":615,"shape":6,"shapeName":"Earth spherical with radius of 6,371,229.0 m","gridUnits":"degrees","resolution":48,"winds":"true","scanMode":64,"nx":41,"ny":15,"basicAngle":0,"lo1":47.0,"la1":41.0,"lo2":87.0,"la2":55.0,"dx":1.0,"dy":1.0}, "data":
[rows 0 to 14 of 15, columns 0 to 40 of 41]
1.5788476,2.1888475,-1.2011523,-4.0111523,0.30884767,-1.2611524,-1.4111524,-1.2811524,-1.8711524,-3.7911522,-5.321152,-3.8611524,-4.2011523,-4.7811522,-5.5011525,-3.7211523,-0.56115234,-1.3511523,-0.11115234,-0.39115235,0.08884766,-0.66115236,-1.0911523,1.4188477,1.4988476,2.2388477,0.71884763,0.25884765,-2.0011523,-2.1211524,-0.73115236,1.7588477,-1.0211524,-0.021152344,1.6688477,1.0088477,1.2288476,-0.22115235,-0.21115234,-0.021152344,0.16884765
0.7888477,1.1988477,0.33884767,0.22884765,1.9788476,-0.13115235,-1.9011524,-2.1011524,-2.5311522,-4.321152,-4.0011525,-4.8311524,-4.4411526,-4.8711524,-6.321152,-6.921152,-1.1611524,-2.7811522,-1.8911524,-1.4311523,-0.62115234,-0.61115235,0.23884766,-0.37115234,2.7888477,3.4588478,3.0988476,1.3988477,-0.18115234,0.58884764,-1.1411524,-2.4711523,1.5288477,-1.5911523,2.3488476,2.6788476,2.4488478,2.0388477,1.5288477,1.4988476,-0.041152343
2.2488477,3.4488478,1.2488476,0.20884766,-0.09115234,0.33884767,-1.1511524,-2.5711524,-3.1911523,-3.4111524,-4.2511525,-4.1411524,-4.9111524,-4.5811524,-4.551152,-5.4111524,-4.5811524,-4.071152,-4.2711525,-0.39115235,-0.87115234,-2.6411524,-0.60115236,0.33884767,-1.7311523,-1.8911524,-1.4511523,-1.2211523,-0.99115235,-1.9411523,-2.2111523,0.75884765,-2.2211523,1.3288476,0.57884765,-2.5811524,-3.4111524,0.23884766,-2.7911522,-0.54115236,0.27884766
2.4688478,1.4388477,-0.041152343,-0.86115235,-1.2411523,-1.9711523,-1.8711524,-2.4111524,-2.3211524,-2.3211524,-3.1211524,-4.2911525,-4.5211525,-4.7711525,-5.0211525,-4.2311525,-4.0411525,-4.3311524,-4.6811523,-4.7711525,-0.15115234,-0.67115235,0.56884766,-0.39115235,-1.0911523,-1.5711523,0.50884765,1.2388476,0.71884763,-2.3611524,-0.14115234,1.4588476,0.43884766,1.3788476,1.0888476,1.7588477,3.2788477,2.8088477,-3.4411523,-2.2511523,-1.6811523
0.8588477,0.23884766,-0.08115234,0.058847655,0.32884765,-0.11115234,-0.63115233,-1.1111523,-1.9211524,-1.6611524,-2.5211523,-3.1711524,-3.2611523,-3.3911524,-4.071152,-4.5311522,-3.3311524,-3.0311522,-3.1511524,-1.9611523,-1.6911523,0.65884763,0.25884765,0.14884765,0.34884766,1.2488476,1.0188477,0.8588477,1.2588477,-1.0011524,-2.5711524,-3.5211523,-0.9511523,-1.0911523,0.7888477,2.1488476,1.8488476,-2.2011523,-2.6111524,0.35884765,1.7688477
0.76884764,0.27884766,-2.0711524,-2.2511523,-2.1611524,-0.041152343,-0.7111523,-2.2711523,-1.7911524,-1.5611523,-1.7011523,-1.8011523,-2.6411524,-2.2711523,-3.4411523,-4.0811524,-4.0811524,-2.0211523,-2.2511523,-1.7511524,-1.5011524,-0.93115234,-0.20115234,0.46884766,0.62884766,0.6788477,-0.051152345,1.8288476,0.9288477,1.5288477,0.49884766,-1.1111523,-2.0011523,-2.9111524,-2.4511523,-1.2311523,-2.6911523,-2.5511522,-0.98115236,1.7088476,0.80884767
0.058847655,-1.2411523,-1.3711524,-2.4611523,-2.9011524,-3.1211524,-4.2311525,-4.111152,-2.4211524,-2.4411523,-2.1811523,-1.3011523,-1.9511523,-3.4611523,-2.7811522,-3.3211524,-3.4111524,-3.9711523,-4.2611523,-2.4211524,1.0988476,-0.041152343,-0.55115235,-1.4511523,-1.4211524,-1.4011524,-0.32115233,0.45884764,2.5088477,3.6488476,1.7588477,0.7888477,-1.6011523,-2.6711524,0.90884763,2.4488478,2.8788476,1.4488477,-2.6711524,0.77884763,-1.5211524
-0.30115235,-0.7611523,-1.9411523,-2.4511523,-3.5011523,-4.3511524,-5.091152,-5.1911526,-4.1611524,-3.1311524,-3.4511523,-0.19115235,-3.4211524,-4.2011523,-5.3311524,-5.9511523,-3.6711524,-3.5811524,-3.2711523,-4.611152,-0.79115236,0.9288477,1.2388476,0.93884766,1.5888476,-0.071152344,-0.33115235,-0.72115237,0.35884765,0.52884763,0.048847657,-0.28115234,-0.93115234,-0.9611523,-1.5011524,-0.68115234,-1.5511523,-1.3811524,-0.7611523,-1.3611523,1.3188477
-0.20115234,-0.85115236,-1.1711524,-2.1111524,-3.1611524,-4.4111524,-5.0311522,-4.7511525,-3.5311522,-2.2211523,-1.6511524,-1.0311524,-1.7911524,-3.9611523,-5.321152,-5.8711524,-5.7711525,-5.5111523,-5.171152,-4.2611523,-1.5211524,-1.7411523,-1.3411523,1.2488476,2.2588477,1.4188477,0.43884766,0.34884766,0.83884764,0.26884764,-0.7111523,-0.88115233,-1.1311524,2.1588476,0.17884766,-0.20115234,2.3288476,-3.1611524,-1.0111524,-1.1411524,-0.61115235
-2.1311524,-3.3211524,-3.8611524,-4.111152,-3.9411523,-3.6911523,-4.6611524,-5.2311525,-4.4311523,-1.6111523,0.69884765,-0.14115234,-1.9611523,-3.3711524,-4.841152,-5.1911526,-5.8911524,-5.9311523,-5.4711523,-4.7811522,-3.1811523,-2.6811523,-2.4011524,-0.39115235,-1.0811523,2.7188478,1.9488477,1.4388477,1.7188476,1.4988476,-1.3511523,0.64884764,2.5888476,3.4588478,1.9188477,1.1588477,1.4088477,1.6188476,-0.36115235,-0.59115237,1.2788477
-1.9211524,-3.0111523,-3.6911523,-3.9811523,-2.5711524,-3.2811522,-3.9311523,-4.591152,-3.8911524,-0.66115236,-0.061152343,-1.0811523,-1.6511524,-2.5711524,-4.2011523,-4.9611526,-5.571152,-6.071152,-5.7811522,-6.0211525,-5.0211525,-3.9811523,-3.1111524,-1.0211524,-2.1411524,-2.8311524,-0.54115236,2.6388476,0.9788477,0.5988476,2.3188477,3.6888475,3.8888476,3.0188477,2.3788476,2.2188478,1.0488477,0.078847654,1.5688477,1.6788477,0.5488477
-2.1311524,-2.6411524,-2.6911523,-2.6511524,-2.7511523,-3.0811524,-3.3111525,-3.5411522,-3.1511524,-1.2911524,-0.50115234,-0.72115237,-1.8211523,-3.0311522,-3.8511524,-3.9911523,-4.6911526,-5.2711525,-5.0211525,-5.5311522,-5.571152,-5.3711524,-5.151152,-3.8511524,-3.3911524,-3.6111524,-2.7711523,-0.98115236,0.028847657,3.0188477,4.5488477,5.1888475,3.7688477,3.5488477,2.0988476,1.1088476,0.21884766,0.08884766,-0.8211523,0.018847656,-0.19115235
-1.5211524,-2.3111525,-2.2311523,-1.8311523,-2.0811524,-1.6711524,-2.5111523,-2.5711524,-2.3811524,-2.1611524,-0.7711523,-0.88115233,0.76884764,-2.1011524,-2.8511524,-3.3311524,-3.6811523,-4.1911526,-3.9111524,-4.2011523,-5.0111523,-5.1411524,-4.5611525,-4.671152,-5.0111523,-5.5411525,-5.8711524,-4.2611523,-1.3711524,3.4788477,4.928848,5.348848,4.7988477,4.1088476,3.5888476,3.6588476,2.9288476,1.3288476,2.0288477,1.2788477,0.30884767
-1.5911523,-1.4311523,-2.2811522,-1.5011524,-1.7711524,-1.9811523,-1.7911524,-1.4211524,-0.42115235,-0.56115234,-0.32115233,-0.35115233,0.008847657,-0.63115233,-1.3411523,-2.3411524,-2.4111524,-2.5711524,-2.7411523,-3.2511523,-3.3811524,-3.1711524,-3.4911523,-4.4111524,-4.2211523,-5.0411525,-4.671152,-4.861152,-5.2611523,-0.81115234,3.8688476,5.098848,5.848848,5.698848,4.578848,4.7288475,3.4888477,2.6288476,1.8888477,1.5888476,1.6288476
-0.30115235,-1.3511523,-1.8211523,-1.2411523,-1.5111524,-1.1211524,-1.5511523,-0.86115235,-0.79115236,0.9188477,0.93884766,0.86884767,0.22884765,-0.93115234,-0.5211523,-1.5411524,-1.3111523,-1.8811524,-1.7311523,-2.5111523,-2.4711523,-2.6511524,-2.9411523,-3.3911524,-4.2911525,-4.841152,-5.1611524,-4.2711525,-3.4011524,-3.0411522,0.69884765,4.3788476,4.9988475,4.9588475,5.2788477,5.2888474,5.1888475,4.198848,2.5688477,2.5188477,1.6888477
