wind_kz.json
{"header": {"discipline":0,"disciplineName":"Meteorological products","gribEdition":2,"gribLength":871,"center":7,"centerName":"US National Weather Service - NCEP(WMC)","subcenter":0,"refTime":"2023-08-26T12:00:00.000Z","significanceOfRT":1,"significanceOfRTName":"Start of forecast","productStatus":0,"productStatusName":"Operational products","productType":1,"productTypeName":"Forecast products","productDefinitionTemplate":0,"productDefinitionTemplateName":"Analysis/forecast at horizontal level/layer at a point in time","parameterCategory":0,"parameterCategoryName":"UnknownDiscipline_0_Category_0","parameterNumber":0,"parameterNumberName":"UnknownParameter_D0_C0_0","parameterUnit":"Unknown","genProcessType":2,"genProcessTypeName":"Forecast","forecastTime":180,"surface1Type":1,"surface1TypeName":"Ground or water surface","surface1Value":0.0,"surface2Type":255,"surface2TypeName":"Missing","surface2Value":0.0,"gridDefinitionTemplate":0,"gridDefinitionTemplateName":"Latitude_Longitude","numberPoints":615,"shape":6,"shapeName":"Earth spherical with radius of 6,371,229.0 m","gridUnits":"degrees","resolution":48,"winds":"true","scanMode":64,"nx":41,"ny":15,"basicAngle":0,"lo1":47.0,"la1":41.0,"lo2":87.0,"la2":55.0,"dx":1.0,"dy":1.0}, "data":
[rows 0 to 14 of 15, columns 0 to 40 of 41]
293.76108,284.5611,287.9611,298.4611,298.36108,297.5611,295.0611,294.86108,292.86108,292.66107,291.76108,293.0611,292.16107,291.76108,291.16107,288.76108,289.0611,289.4611,289.36108,289.5611,292.0611,288.76108,286.66107,285.5611,288.0611,288.16107,286.66107,275.36108,275.76108,276.26108,276.5611,278.66107,289.66107,296.5611,297.36108,296.86108,296.26108,296.86108,296.4611,297.9611,297.4611
277.16107,287.76108,298.5611,298.76108,298.5611,297.26108,291.9611,290.86108,289.86108,289.5611,290.4611,289.26108,288.26108,287.16107,287.36108,287.86108,288.66107,286.86108,287.86108,285.66107,288.0611,289.26108,288.5611,282.4611,272.4611,273.86108,282.4611,275.4611,276.66107,273.9611,280.0611,273.86108,279.76108,267.0611,279.66107,295.36108,293.4611,294.86108,299.16107,291.76108,284.0611
289.66107,298.0611,298.86108,298.76108,297.36108,290.86108,290.16107,288.66107,288.16107,288.16107,287.36108,287.86108,286.16107,287.16107,287.86108,286.16107,285.5611,284.86108,283.9611,285.0611,288.5611,287.5611,287.76108,284.86108,284.5611,286.0611,287.66107,286.36108,284.5611,279.76108,273.76108,277.16107,280.76108,282.4611,282.66107,283.9611,279.26108,278.9611,280.26108,277.0611,278.5611
290.16107,298.26108,298.66107,298.0611,294.0611,288.9611,289.16107,287.86108,288.9611,289.0611,288.4611,288.16107,294.76108,293.9611,287.5611,286.86108,288.0611,285.86108,285.5611,285.16107,285.36108,283.76108,288.4611,289.76108,290.9611,290.9611,291.0611,287.36108,288.5611,288.26108,289.0611,288.26108,292.86108,290.9611,289.9611,287.0611,279.16107,277.9611,282.0611,292.26108,294.9611
292.16107,297.5611,298.26108,297.86108,294.5611,289.76108,289.9611,288.9611,289.26108,289.5611,288.86108,287.26108,294.4611,293.0611,290.9611,288.76108,288.36108,287.4611,285.0611,288.16107,288.4611,288.5611,287.36108,287.9611,289.76108,290.26108,288.76108,290.16107,287.0611,289.4611,292.4611,288.26108,279.26108,272.86108,283.36108,292.66107,294.36108,297.0611,296.76108,297.86108,297.5611
289.76108,287.4611,295.86108,296.36108,297.4611,296.76108,289.86108,291.26108,290.16107,290.16107,290.36108,289.76108,293.0611,294.0611,291.16107,286.66107,289.36108,288.76108,287.4611,291.0611,290.26108,287.36108,286.16107,284.4611,287.36108,286.66107,291.5611,292.4611,289.9611,291.66107,289.9611,290.66107,288.66107,288.26108,286.0611,288.5611,284.76108,286.9611,295.16107,297.26108,295.9611
288.9611,287.0611,289.16107,290.4611,291.26108,288.36108,289.86108,289.66107,290.16107,290.36108,288.9611,288.36108,287.66107,288.36108,289.66107,289.76108,289.9611,288.5611,289.9611,289.26108,286.4611,289.5611,288.86108,286.5611,284.86108,286.16107,286.26108,290.5611,289.86108,289.4611,288.76108,288.16107,287.16107,289.26108,288.4611,287.0611,285.16107,283.26108,281.9611,282.4611,292.5611
289.86108,288.5611,289.76108,289.86108,290.16107,289.5611,288.16107,287.4611,286.9611,287.36108,286.0611,285.9611,286.0611,287.0611,287.5611,288.0611,286.26108,288.16107,287.26108,284.4611,285.76108,287.0611,287.36108,287.0611,286.76108,285.9611,283.16107,283.86108,283.9611,287.66107,286.26108,286.76108,284.66107,280.5611,282.9611,286.0611,287.36108,289.26108,289.4611,290.76108,287.86108
289.0611,287.66107,288.16107,286.9611,288.66107,287.36108,285.36108,286.4611,285.5611,284.9611,284.16107,283.36108,282.36108,284.4611,285.66107,284.66107,286.16107,285.4611,285.66107,283.66107,282.76108,283.36108,284.86108,284.4611,280.5611,283.76108,279.9611,283.4611,278.26108,277.76108,280.86108,283.36108,284.26108,286.0611,282.9611,284.0611,284.0611,288.5611,276.0611,277.16107,275.4611
286.26108,288.0611,286.36108,286.16107,285.9611,285.36108,285.16107,285.36108,284.86108,283.76108,282.66107,282.26108,282.76108,282.36108,282.4611,284.76108,284.76108,284.9611,284.26108,284.0611,282.36108,282.86108,282.9611,281.86108,280.5611,278.66107,279.26108,279.86108,279.76108,280.66107,280.76108,283.86108,285.36108,285.16107,282.76108,282.66107,283.36108,280.26108,276.16107,278.36108,277.26108
287.0611,286.0611,286.16107,285.5611,284.4611,284.26108,284.4611,283.9611,283.16107,282.9611,281.26108,280.66107,282.16107,282.26108,283.36108,283.4611,281.9611,282.16107,282.66107,280.4611,280.4611,282.4611,281.9611,281.76108,281.66107,282.16107,281.76108,280.5611,284.4611,281.9611,285.16107,286.0611,285.0611,285.4611,283.9611,281.9611,281.36108,278.86108,277.5611,278.5611,277.76108
284.9611,285.86108,285.86108,284.86108,283.36108,283.0611,282.26108,282.0611,281.9611,281.26108,278.16107,279.5611,281.16107,282.9611,283.5611,283.76108,283.16107,282.76108,282.36108,282.66107,281.16107,281.0611,281.26108,279.5611,278.9611,279.9611,283.36108,284.66107,284.4611,287.0611,286.0611,283.16107,284.86108,283.36108,283.4611,283.16107,283.16107,282.66107,282.86108,282.16107,281.66107
284.76108,283.86108,284.26108,282.86108,282.0611,282.0611,281.26108,280.86108,280.5611,278.36108,276.9611,276.86108,279.76108,281.0611,283.0611,283.4611,283.86108,283.26108,282.9611,282.4611,281.9611,281.26108,281.0611,281.5611,282.9611,283.76108,284.76108,283.9611,285.16107,285.16107,286.0611,284.0611,282.4611,282.16107,282.4611,282.5611,283.26108,283.86108,283.0611,282.86108,283.4611
284.66107,284.76108,287.26108,284.0611,281.16107,280.4611,280.4611,280.86108,279.66107,279.26108,277.16107,275.76108,276.76108,279.5611,280.66107,281.16107,281.4611,281.66107,282.9611,283.0611,283.16107,283.16107,283.26108,283.26108,281.76108,283.4611,282.76108,279.66107,279.4611,280.76108,281.0611,285.0611,285.26108,280.86108,281.66107,282.0611,281.76108,282.16107,282.4611,282.5611,283.0611
286.4611,286.4611,290.0611,283.5611,281.9611,280.36108,280.5611,279.5611,279.66107,278.76108,278.76108,275.66107,276.5611,277.76108,279.66107,280.86108,281.0611,281.0611,282.0611,282.86108,282.0611,282.36108,282.86108,282.86108,282.4611,280.36108,279.66107,281.76108,283.16107,283.4611,284.66107,284.36108,280.76108,283.9611,281.66107,281.66107,281.9611,282.4611,283.26108,283.26108,282.76108
