wind_kz.json
{"header": {"discipline":0,"disciplineName":"Meteorological products","gribEdition":2,"gribLength":1102,"center":7,"centerName":"US National Weather Service - NCEP(WMC)","subcenter":0,"refTime":"2023-09-20T06:00:00.000Z","significanceOfRT":1,"significanceOfRTName":"Start of forecast","productStatus":0,"productStatusName":"Operational products","productType":1,"productTypeName":"Forecast products","productDefinitionTemplate":0,"productDefinitionTemplateName":"Analysis/forecast at horizontal level/layer at a point in time","parameterCategory":2,"parameterCategoryName":"UnknownDiscipline_0_Category_2","parameterNumber":2,"parameterNumberName":"UnknownParameter_D0_C2_2","parameterUnit":"Unknown","genProcessType":2,"genProcessTypeName":"Forecast","forecastTime":120,"surface1Type":103,"surface1TypeName":"Specified height level above ground","surface1Value":10.0,"surface2Type":255,"surface2TypeName":"Missing","surface2Value":0.0,"gridDefinitionTemplate":0,"gridDefinitionTemplateName":"Latitude_Longitude","numberPoints":615,"shape":6,"shapeName":"Earth spherical with radius of 6,371,229.0 m","gridUnits":"degrees","resolution":48,"winds":"true","scanMode":64,"nx":41,"ny":15,"basicAngle":0,"lo1":47.0,"la1":41.0,"lo2":87.0,"la2":55.0,"dx":1.0,"dy":1.0}, "data":
[rows 0 to 14 of 15, columns 0 to 40 of 41]
0.4212964,0.4712964,-2.4787035,-7.6487036,-7.3487034,-8.168704,-6.888704,-7.4787035,-7.868704,-5.5987034,-5.5087037,-5.618704,-5.2287035,-4.7687035,-4.4887037,-4.9887037,-4.4787035,-6.5187035,-5.2387037,-1.3887036,0.73129636,1.4612964,2.0512965,2.2712965,-3.1287036,0.041296385,1.7912964,0.6812964,0.021296388,0.98129636,1.2312964,-1.4387037,-0.95870364,-1.0887036,0.3512964,1.5512964,2.5012963,2.4512963,2.7512963,1.5012964,1.3612964
-0.6087036,-1.9087036,-4.4887037,-6.5487037,-7.3287034,-6.7287035,-6.388704,-8.168704,-6.388704,-4.658704,-4.3787036,-4.928704,-5.428704,-4.9387035,-5.158704,-4.0887036,-3.5787036,-3.4587035,-5.3087034,-5.7887034,-4.0087037,-0.5487036,0.9612964,2.5412965,0.23129639,-0.4887036,0.9412964,-0.2687036,1.7512964,-0.2087036,-0.068703614,-0.6187036,-0.82870364,0.081296384,0.24129638,-0.41870362,-0.25870362,-1.5987036,-4.1287036,-1.9887036,-3.9387035
-3.9087036,-8.528704,-8.268703,-9.178703,-7.138704,-7.2087035,-6.4587035,-4.4787035,-5.5987034,-5.3187037,-4.7287035,-5.6487036,-5.5887036,-5.3987036,-5.2087035,-5.2887034,-4.908704,-3.3787036,-1.7187036,1.7612964,-6.8187037,-12.758703,-8.898704,-9.628704,-4.8987036,-5.5787034,-3.6387036,-1.3187037,1.9412963,-1.1987036,0.0012963867,-0.95870364,-0.5387036,0.7812964,-2.2087035,0.8812964,1.0112964,0.49129638,7.1012964,4.7012963,1.8312964
-7.9387035,-8.9787035,-8.678703,-7.388704,-6.9387035,-7.2287035,-5.2987037,-6.7387037,-5.4987035,-5.178704,-7.0187035,-6.5787034,-5.7587037,-5.5987034,-6.8187037,-7.1087036,-7.6287036,-8.778704,-9.988704,-11.198704,-10.508703,-9.508703,-9.188704,-11.208704,-10.908704,-10.4787035,-10.168704,-10.128704,-7.448704,-2.9787035,0.6312964,1.0812964,0.2512964,-0.07870361,4.0612965,3.1312964,1.0112964,2.4212964,-1.0487037,-1.3187037,0.79129636
-8.768703,-8.268703,-7.0287037,-7.1287036,-6.4687037,-6.368704,-5.8587036,-5.868704,-6.118704,-6.2187037,-7.3787036,-6.4987035,-6.8987036,-6.6487036,-5.2187037,-8.168704,-9.188704,-9.718703,-10.948704,-12.4787035,-13.898704,-11.848703,-10.988704,-10.488704,-10.368704,-9.928703,-9.598703,-7.618704,-6.5487037,-5.4787035,-4.8787036,-3.5187037,1.2612964,0.9012964,-2.5387037,-1.4287037,1.5312964,-1.7587036,-1.2987037,1.5212964,-0.10870361
-7.6287036,-6.948704,-6.618704,-5.3587036,-4.4587035,-3.2687037,-4.7987037,-5.7187037,-5.3787036,-4.8187037,-5.5287037,-6.4987035,-7.3587036,-6.2587037,-6.5587034,-7.2787037,-8.188704,-9.188704,-9.638703,-9.568704,-10.088703,-9.168704,-8.798703,-8.298703,-8.278704,-8.318704,-8.188704,-7.448704,-6.5287037,-6.1487036,-5.7987037,-5.198704,-2.7087035,-1.2287036,-0.6587036,1.5612963,2.3912964,3.6712964,-0.9487036,-0.008703614,-1.6687036
-6.7787037,-6.2787037,-5.2087035,-5.0587034,-4.0787034,-4.9887037,-6.2187037,-6.118704,-5.7887034,-5.7687035,-6.1687036,-6.6687036,-7.118704,-6.8587036,-6.7687035,-6.5887036,-6.4787035,-6.5287037,-7.388704,-7.4687037,-7.4787035,-6.6287036,-6.158704,-6.0787034,-5.9787035,-5.5887036,-5.7287035,-4.8987036,-5.5687037,-5.0887036,-4.7387037,-5.2287035,-4.9587035,-1.7087036,-3.9087036,-1.3487036,0.8212964,-1.3587036,2.7512963,0.10129639,3.1112964
-4.4387035,-3.6687036,-3.3387036,-2.4287035,-4.868704,-5.3287034,-5.4887037,-5.7787037,-5.678704,-6.3287034,-6.658704,-7.0287037,-5.9587035,-6.198704,-5.618704,-6.0287037,-5.618704,-5.5887036,-4.9787035,-5.8187037,-5.2487035,-4.6287036,-3.9387035,-3.7987037,-4.0587034,-3.8787036,-3.4387035,-3.6487036,-3.9887037,-3.8787036,-3.9987037,-3.4287035,-3.5787036,-4.2887034,-3.9487035,-0.3687036,2.1812963,6.2712965,7.5312963,7.361296,4.7312965
-3.4687035,-3.7687037,-3.4787035,-3.9687035,-5.2887034,-5.2787037,-5.2187037,-5.2887034,-5.118704,-5.2287035,-5.2187037,-5.678704,-5.408704,-4.8287034,-5.0787034,-4.2687035,-4.2587037,-3.8087037,-3.3387036,-3.0187037,-3.0187037,-2.3787036,-1.8787036,-1.0387036,-1.6787037,-1.1087036,-1.6987036,-1.9087036,-0.8087036,-0.5487036,-1.4187036,-1.0487037,-1.5487037,-1.1887037,-0.95870364,1.1312964,-0.6087036,-1.3287036,-1.9787036,0.92129636,0.22129638
-3.3687036,-3.3287036,-3.5287037,-3.1587036,-3.4087036,-4.0287037,-4.1087036,-4.2087035,-4.118704,-3.9787035,-4.0587034,-4.4687037,-3.5387037,-3.2287035,-3.2687037,-2.5587037,-2.2787037,-1.8587036,-1.4687036,-0.9987036,-0.6687036,-0.058703613,0.37129638,0.2912964,0.4712964,0.37129638,-0.4587036,0.66129637,0.92129636,0.5712964,0.5612964,0.3512964,-0.08870361,0.10129639,0.0012963867,0.051296387,1.4512963,0.21129638,-0.6087036,0.051296387,1.1212964
-2.6187036,-2.2987037,-2.8487036,-2.7287035,-2.7087035,-2.5887036,-2.2387037,-3.2687037,-2.5687037,-2.3887036,-2.6187036,-2.3387036,-1.0687037,-1.3187037,-0.8487036,-0.2687036,0.31129637,0.3512964,0.5812964,0.33129638,0.66129637,1.1112964,1.0812964,1.4812964,1.6312964,1.7112964,2.5012963,1.6712964,1.4812964,1.8112963,1.0212964,0.8412964,0.9012964,1.0212964,0.5312964,0.5712964,0.3612964,0.8912964,0.6212964,-0.3687036,1.2312964
-0.5987036,-1.3887036,-1.6087036,-1.0887036,-1.8587036,-1.7087036,-2.0587037,-1.0187036,-1.3387036,-1.1487036,-0.038703613,0.3912964,1.0312964,1.7512964,1.7712964,2.1212964,2.2612963,2.2712965,2.2712965,2.3212965,2.5112963,2.5112963,3.0912964,2.2012963,3.4512963,2.8312964,3.1812963,2.7912965,1.6212964,0.7612964,1.5512964,1.7212964,2.3212965,2.7012963,2.1412964,2.4112964,2.5512965,2.9012964,2.0112963,2.1112964,1.6712964
0.8012964,1.3012964,0.3512964,0.15129639,-0.37870362,-0.82870364,-0.64870363,-0.31870362,0.031296387,-0.2687036,0.28129637,1.2112964,0.98129636,1.9012964,2.0112963,2.3712964,2.7412963,2.9612963,2.7412963,3.4912963,2.8212965,3.2912965,4.3712964,3.6912963,3.3512964,3.4012964,2.8012965,1.1012964,1.2912964,1.9012964,2.4012964,2.9612963,2.8912964,3.3312964,4.2112966,3.6312964,3.3312964,2.7412963,2.5312965,2.0412965,1.6812963
2.1512964,1.8012964,0.6912964,1.1112964,0.6512964,0.28129637,0.67129636,1.0912964,0.98129636,0.43129638,0.5312964,0.66129637,1.0112964,2.3212965,2.7412963,2.9112964,3.0212965,3.0912964,3.1112964,3.7912965,3.8812964,4.361296,4.9212966,5.0312963,5.0412965,3.0512965,2.3112965,3.0212965,2.6312964,2.7912965,3.3612964,3.3712964,3.9712963,4.4412966,3.5412965,2.4612963,2.6412964,3.0612965,3.1712964,2.8512964,3.6912963
1.7612964,2.8512964,2.7212963,2.9312963,2.6112964,2.0612965,2.8312964,2.4012964,1.9012964,1.1212964,0.9912964,2.4412963,1.7412964,1.7912964,2.5412965,2.7312963,3.4912963,3.6712964,3.3612964,3.9912963,4.051296,4.2412963,4.3512964,4.5112963,4.6712966,4.5112963,3.8612964,4.2612963,3.6612964,3.7812965,4.1612964,5.2512965,4.381296,4.2512965,3.4212964,3.1312964,3.0812964,2.7812965,4.7012963,4.0412965,2.2812965
