wind.json
{"header": {"discipline":0,"disciplineName":"Meteorological products","gribEdition":2,"gribLength":1211,"center":7,"centerName":"US National Weather Service - NCEP(WMC)","subcenter":0,"refTime":"2023-06-28T12:00:00.000Z","significanceOfRT":1,"significanceOfRTName":"Start of forecast","productStatus":0,"productStatusName":"Operational products","productType":1,"productTypeName":"Forecast products","productDefinitionTemplate":0,"productDefinitionTemplateName":"Analysis/forecast at horizontal level/layer at a point in time","parameterCategory":2,"parameterCategoryName":"UnknownDiscipline_0_Category_2","parameterNumber":3,"parameterNumberName":"UnknownParameter_D0_C2_3","parameterUnit":"Unknown","genProcessType":2,"genProcessTypeName":"Forecast","forecastTime":0,"surface1Type":103,"surface1TypeName":"Specified height level above ground","surface1Value":10.0,"surface2Type":255,"surface2TypeName":"Missing","surface2Value":0.0,"gridDefinitionTemplate":0,"gridDefinitionTemplateName":"Latitude_Longitude","numberPoints":688,"shape":6,"shapeName":"Earth spherical with radius of 6,371,229.0 m","gridUnits":"degrees","resolution":48,"winds":"true","scanMode":64,"nx":43,"ny":16,"basicAngle":0,"lo1":45.0,"la1":40.0,"lo2":87.0,"la2":55.0,"dx":1.0,"dy":1.0}, "data":
[rows 0 to 15 of 16, columns 0 to 42 of 43]
2.037627,-0.26237306,2.497627,6.007627,-0.082373045,-9.242373,-8.482373,-5.392373,-5.842373,-2.442373,-2.422373,2.797627,2.887627,-0.57237303,-2.652373,-4.972373,-6.642373,-8.172373,-8.052373,-6.9423733,-7.312373,-5.792373,-4.852373,-6.622373,-5.012373,5.387627,5.937627,-4.752373,-2.3223732,-4.802373,0.62762696,-6.992373,-6.922373,3.107627,-5.782373,-3.792373,-4.162373,-2.972373,-0.772373,-2.552373,-1.5323731,-3.152373,-1.7823731
-1.092373,2.077627,3.067627,2.817627,-5.092373,-8.122373,-8.222373,-7.282373,-3.862373,0.44762695,-0.93237305,2.967627,1.197627,-1.092373,-2.262373,-5.1923733,-6.852373,-6.152373,-7.672373,-6.102373,-7.572373,-8.232373,-8.802373,-7.792373,-6.822373,-4.562373,1.407627,4.947627,0.77762693,3.477627,-3.982373,-5.532373,-2.722373,0.34762695,2.237627,1.687627,-0.19237305,-6.082373,-8.722373,-3.402373,0.667627,0.37762696,0.9076269
0.48762694,2.987627,0.007626953,-2.172373,-5.452373,-7.232373,-8.662373,-9.132373,-4.002373,4.967627,1.787627,-0.75237304,0.18762696,-0.86237305,-3.372373,-4.162373,-4.532373,-5.552373,-5.832373,-6.062373,-6.642373,-7.512373,-7.572373,-6.832373,-4.992373,-3.012373,-0.38237303,2.547627,-1.422373,-0.522373,3.8976269,-4.072373,-3.522373,-1.562373,-2.292373,-3.152373,0.23762695,-5.182373,-4.752373,2.217627,1.887627,1.557627,1.6076269
-1.242373,-0.09237304,0.43762696,-3.532373,-5.822373,-6.762373,-8.022373,-5.172373,-2.712373,-2.3423731,4.437627,2.077627,-2.262373,-1.842373,-4.252373,-1.472373,-2.5823731,-5.122373,-6.452373,-6.1923733,-6.662373,-7.612373,-8.522373,-6.6923733,-3.482373,-4.922373,-5.6923733,-5.482373,-5.9423733,5.487627,-4.322373,-2.8423731,-2.392373,-0.73237306,2.337627,-5.422373,0.857627,-2.492373,-1.6523731,-3.292373,-2.682373,-0.14237304,0.68762696
-1.702373,-0.09237304,-3.142373,-3.622373,-5.502373,-6.272373,-2.712373,-2.272373,1.577627,2.617627,6.2876267,3.977627,2.207627,-0.122373044,-2.162373,-4.822373,-8.612373,-4.382373,-4.552373,-5.4623733,-5.672373,-6.622373,-7.052373,-7.432373,-5.632373,-6.082373,-5.812373,-4.9623733,-4.022373,-2.012373,-3.172373,-5.552373,-4.672373,-6.062373,-5.9623733,8.687627,5.837627,2.727627,2.3976269,1.197627,-0.8423731,-6.402373,-3.112373
-3.972373,-3.862373,-2.472373,3.047627,-0.962373,-3.0823731,-4.402373,-5.502373,0.98762697,-2.8423731,-0.03237305,0.55762696,2.007627,4.017627,2.817627,0.07762695,-2.952373,-2.442373,-3.292373,-3.242373,-4.092373,-4.422373,-4.792373,-5.122373,-5.4423733,-5.832373,-6.032373,-5.662373,-5.222373,-5.242373,-5.422373,-5.2123733,-5.162373,-3.472373,2.837627,-0.34237304,-2.3223732,-1.1223731,-0.87237304,-1.092373,-9.172373,-15.712373,-5.802373
-2.642373,-1.482373,-1.7723731,-2.5723732,2.277627,4.007627,-0.002373047,-2.282373,-1.702373,-0.5323731,-0.5923731,0.977627,1.3676269,2.347627,4.007627,2.127627,-2.5623732,-1.822373,-1.7623731,-2.5823731,-4.072373,-4.872373,-5.162373,-4.122373,-4.782373,-5.102373,-5.582373,-5.762373,-6.512373,3.887627,-3.532373,-3.372373,-1.9123731,-0.87237304,-1.0423731,-2.022373,-2.3323731,0.93762696,-0.55237305,2.977627,-5.332373,-3.8423731,-9.372373
-2.622373,-1.6523731,-1.102373,-2.512373,-1.212373,3.1876268,5.767627,4.007627,4.347627,1.947627,-0.85237306,-0.11237305,-0.54237306,-1.0023731,-0.012373047,4.8076267,1.317627,-2.452373,-3.512373,-3.012373,-4.072373,-4.472373,-4.662373,-5.182373,-4.732373,-4.4623733,-7.652373,-8.722373,-9.122373,-7.952373,-7.022373,-5.1923733,-3.182373,1.8776269,4.817627,6.407627,3.837627,0.62762696,3.377627,2.477627,-0.952373,-0.97237307,-5.612373
-2.3223732,-4.672373,-0.76237303,-0.24237305,0.14762695,1.9576269,1.887627,2.057627,-0.14237304,1.507627,1.2476269,0.27762696,3.287627,4.407627,1.4776269,0.37762696,2.6676269,-1.062373,-2.192373,-2.652373,-4.752373,-5.542373,-5.572373,-6.062373,-5.332373,-6.222373,-5.432373,-5.162373,-7.422373,-7.862373,-6.702373,-3.952373,-2.692373,-4.502373,-3.192373,-0.20237304,2.027627,-0.19237305,0.95762694,2.487627,-3.982373,-2.712373,-0.67237306
-1.332373,-0.72237307,0.61762697,-0.26237306,2.257627,1.537627,5.677627,4.717627,2.767627,-0.772373,-6.852373,-1.982373,2.577627,2.107627,1.177627,-1.0123731,-0.952373,-1.422373,-1.202373,-3.512373,-3.882373,-4.4423733,-5.652373,-5.532373,-5.552373,-5.552373,-4.582373,-4.422373,-4.602373,-5.392373,-4.622373,-4.742373,-3.752373,-3.392373,-1.5023731,-1.582373,-4.362373,-3.6023731,-5.432373,1.4876269,5.887627,3.6576269,1.157627
-2.532373,-1.842373,0.67762697,1.017627,0.027626954,5.367627,3.1676269,0.63762695,-1.352373,3.6776268,-3.5623732,-2.672373,1.907627,2.4076269,1.9776269,0.43762696,-2.5723732,-3.172373,-3.402373,-2.942373,-4.012373,-4.992373,-5.182373,-6.1923733,-4.862373,-6.342373,-8.682373,-7.9623733,-5.972373,-5.112373,-3.372373,-2.8123732,-3.662373,-0.97237307,-0.72237307,-2.8523731,-1.932373,-0.832373,-2.002373,-3.0923731,4.117627,6.397627,2.997627
-0.23237304,0.75762695,-1.1423731,1.9576269,4.067627,1.8576269,3.267627,0.99762696,2.557627,3.217627,1.407627,0.667627,0.29762694,1.807627,-0.44237304,-1.572373,-2.632373,-3.672373,-4.602373,-5.452373,-4.082373,-4.122373,-5.222373,-6.932373,-6.222373,-5.922373,-4.562373,-2.392373,-4.792373,-3.452373,-4.542373,-4.2123733,-3.212373,-2.652373,-2.182373,0.11762695,0.08762696,2.537627,3.9276268,3.4276268,3.487627,3.777627,4.677627
0.36762697,0.27762696,-0.60237306,-0.56237304,0.88762695,3.097627,6.717627,5.3076267,4.527627,3.967627,2.6776268,1.427627,-1.742373,-2.782373,-1.702373,-1.302373,-2.942373,-0.67237306,-3.112373,-4.472373,-4.352373,-4.382373,-3.772373,-3.0723732,-4.1923733,-4.102373,-5.742373,-5.132373,-5.782373,-6.722373,-5.222373,-3.202373,-3.1023731,-1.3923731,-1.242373,-0.22237305,2.1776268,5.487627,4.497627,3.877627,1.817627,-1.972373,-2.522373
2.137627,2.277627,0.9676269,0.607627,3.837627,4.367627,3.447627,2.6876268,1.187627,-2.272373,-4.4423733,1.697627,0.21762696,-0.50237304,-3.942373,-0.40237305,-1.5023731,-2.112373,-1.972373,-1.4123731,-2.802373,-2.232373,-1.6523731,-0.69237304,-3.0923731,-4.542373,-4.952373,-6.512373,-10.802373,-6.762373,-6.412373,-4.632373,-2.112373,-1.432373,-0.18237305,2.057627,2.277627,4.337627,4.727627,2.977627,4.847627,2.977627,0.857627
2.727627,5.897627,6.517627,4.957627,2.547627,0.34762695,1.7276269,0.62762696,1.297627,0.83762693,1.4976269,0.027626954,-0.052373048,-1.7523731,-0.73237306,0.037626952,0.9676269,-1.192373,-1.172373,-0.57237303,-0.19237305,-1.862373,-5.092373,-6.762373,-5.002373,-4.802373,-5.312373,-5.482373,-6.362373,-6.012373,-5.042373,-4.672373,-3.0923731,-0.30237305,1.1076269,1.827627,2.877627,4.2876267,4.627627,5.267627,3.847627,3.747627,4.887627
1.8476269,2.367627,1.8476269,3.1676269,2.4276268,-1.582373,1.937627,2.697627,-1.222373,2.6576269,1.177627,0.46762696,-0.73237306,1.287627,-2.472373,-1.482373,-1.302373,-0.31237304,-1.102373,-1.612373,-3.512373,-2.662373,-2.872373,-2.932373,-6.092373,-4.9423733,-3.372373,-4.662373,-2.802373,-3.192373,-4.552373,-6.622373,-6.412373,-4.4423733,-0.76237303,0.75762695,1.007627,3.6476269,5.867627,6.8076267,6.697627,7.127627,0.6576269
