wind_kz.json
{"header": {"discipline":0,"disciplineName":"Meteorological products","gribEdition":2,"gribLength":1025,"center":7,"centerName":"US National Weather Service - NCEP(WMC)","subcenter":0,"refTime":"2023-08-19T00:00:00.000Z","significanceOfRT":1,"significanceOfRTName":"Start of forecast","productStatus":0,"productStatusName":"Operational products","productType":1,"productTypeName":"Forecast products","productDefinitionTemplate":0,"productDefinitionTemplateName":"Analysis/forecast at horizontal level/layer at a point in time","parameterCategory":2,"parameterCategoryName":"UnknownDiscipline_0_Category_2","parameterNumber":2,"parameterNumberName":"UnknownParameter_D0_C2_2","parameterUnit":"Unknown","genProcessType":2,"genProcessTypeName":"Forecast","forecastTime":240,"surface1Type":103,"surface1TypeName":"Specified height level above ground","surface1Value":10.0,"surface2Type":255,"surface2TypeName":"Missing","surface2Value":0.0,"gridDefinitionTemplate":0,"gridDefinitionTemplateName":"Latitude_Longitude","numberPoints":615,"shape":6,"shapeName":"Earth spherical with radius of 6,371,229.0 m","gridUnits":"degrees","resolution":48,"winds":"true","scanMode":64,"nx":41,"ny":15,"basicAngle":0,"lo1":47.0,"la1":41.0,"lo2":87.0,"la2":55.0,"dx":1.0,"dy":1.0}, "data":
[rows 0 to 14 of 15, columns 0 to 40 of 41]
1.0715119,-0.76848817,1.9815118,3.9715118,2.621512,-1.7284882,-6.0984883,-6.2884884,-7.278488,-3.2884881,-3.7084882,-4.918488,-5.1784883,-4.398488,-3.848488,-4.528488,-3.0384881,-2.578488,-4.008488,-4.188488,-2.5384881,0.88151187,-2.6884882,-2.1784883,0.90151185,-1.7084881,-3.638488,-3.7584882,0.37151185,0.58151186,-1.6184882,2.2615118,1.5115118,2.0815117,-0.49848816,1.5115118,1.7215118,-0.12848815,-1.5584881,0.69151187,0.73151183
1.4815118,2.421512,0.76151186,1.8015119,1.0615119,-0.6384882,-3.9284883,-7.168488,-4.878488,-4.468488,-3.4784882,-4.498488,-4.508488,-3.4684882,-2.6684883,-3.608488,-3.148488,-3.4084883,-1.9184881,-2.8084881,-2.368488,-2.608488,-0.6884882,-3.1984882,-0.5084882,0.23151185,-0.9484882,-0.90848815,-0.8784882,-2.578488,0.021511842,-0.55848813,0.65151185,1.7915119,0.27151185,2.0815117,-1.7184882,3.151512,-1.1084882,1.2615118,-3.1984882
1.5215118,-0.10848816,-0.03848816,1.9515119,-1.3684882,-2.2384882,-3.9084883,-2.6984882,-4.6584883,-3.9984882,-3.608488,-3.7584882,-3.9984882,-4.0984883,-3.898488,-4.1384883,-4.488488,-2.7184882,-1.4884882,-0.59848815,0.26151183,-1.6484882,-3.128488,-2.9284883,0.88151187,-2.598488,-1.8284881,-2.6984882,-1.3984882,-0.80848813,-1.7184882,2.611512,0.48151183,-0.12848815,-0.32848817,-0.12848815,-1.4984882,-0.14848816,-0.83848816,-0.06848816,0.90151185
-1.0484881,-0.23848815,-2.5084882,-3.9084883,-4.3884883,0.24151184,0.36151183,-2.148488,-1.8084881,-2.598488,-2.868488,-2.148488,-0.77848816,-2.4284883,-3.4184883,-3.1984882,-2.9584882,-2.7484882,-1.3784882,-0.78848815,-1.0284882,-1.7184882,-2.7784882,-3.7384882,-4.0384884,-4.278488,-4.128488,-6.218488,-2.9984882,-0.08848816,-0.86848813,-2.868488,-2.898488,-2.7684882,-4.718488,-1.8484882,-0.18848816,0.19151184,-0.92848814,1.5315118,-0.71848816
-2.5084882,-1.8684882,-1.6684881,-3.7584882,-2.4784882,-1.0484881,-1.0784881,0.8015118,0.16151184,-0.13848816,-0.5684882,-0.17848817,-0.48848817,-1.7284882,-3.2884881,-2.088488,-2.578488,-2.098488,-1.5084882,-3.358488,-4.6384883,-5.358488,-5.188488,-4.488488,-4.838488,-4.838488,-5.568488,-3.0584881,-3.828488,-3.6984882,-3.108488,-2.0584881,-1.8484882,0.53151184,0.44151184,3.9815118,4.6915116,-0.27848816,2.671512,-0.60848814,-2.888488
-3.2184882,-3.148488,-7.498488,-7.458488,-7.1384883,-5.668488,-2.578488,-2.088488,0.17151184,2.7015119,0.18151183,0.05151184,1.4115119,1.9815118,-1.2084881,-0.89848816,-1.4384881,-1.9684882,-3.9184883,-3.7384882,-4.458488,-4.268488,-4.3284883,-4.588488,-4.568488,-4.878488,-3.2784882,-3.6684883,-3.5384881,-3.398488,-2.878488,-2.118488,-1.9384881,-1.5384881,-1.5284882,-0.70848817,-0.44848815,1.2915119,1.6115118,-3.2584882,-3.9384882
-4.5784883,-3.6884882,-3.3084881,-3.088488,-3.848488,-2.618488,-2.078488,-1.6984881,-1.9084882,-1.9084882,1.3715118,0.85151184,0.53151184,1.9815118,1.3215119,2.0615118,1.5615119,0.7415118,-2.6584883,-3.848488,-3.7384882,-3.898488,-3.878488,-2.9284883,-3.4284883,-3.7084882,-2.138488,-2.578488,-2.578488,-2.5584881,-2.4984882,-2.4784882,-1.4784882,0.28151184,-2.2784882,-1.4084882,-1.0084882,0.6215118,-0.21848816,0.48151183,1.6815119
-4.9284883,-4.6584883,-4.6184883,-3.108488,-3.5584881,-3.4884882,-1.5584881,-0.32848817,-0.39848816,-0.9384882,-1.7584882,-1.8084881,2.2715118,1.9215119,1.8715118,2.0115118,2.9315119,2.5915117,1.1715119,-1.7184882,-0.98848814,-2.2684882,-2.2984881,-3.1884882,-1.4784882,-0.91848814,-0.29848817,-0.9984882,-0.6384882,-1.3784882,-3.148488,-2.118488,-2.588488,-0.70848817,-2.6984882,1.5815119,3.0315118,4.581512,3.5315118,4.031512,1.2215118
-4.0984883,-3.398488,-2.878488,-2.638488,-2.3184881,-2.108488,-1.8684882,-1.7384882,-1.5184882,-0.76848817,0.5515118,0.13151184,-0.59848815,-0.38848817,1.8715118,2.7115119,2.411512,1.7115119,2.1815119,2.151512,0.33151186,1.0515119,1.2515118,-0.31848815,-0.39848816,-1.3584882,-0.80848813,-0.29848817,0.46151185,0.05151184,-0.26848817,-0.47848815,-0.48848817,-0.5784882,0.05151184,0.6815118,0.38151184,-2.628488,-0.44848815,0.54151183,-0.84848815
-3.4284883,-2.9284883,-1.9884882,-1.1184882,-0.66848814,-0.30848816,-1.1984881,-0.70848817,-1.6184882,-2.2484882,-2.848488,-3.128488,-0.8184882,-0.9984882,-1.3584882,-1.0984882,0.021511842,0.10151184,1.6315118,2.6815119,3.5615118,2.4715118,2.2515118,1.2915119,0.66151184,-0.03848816,1.0815119,0.13151184,0.17151184,1.0315118,0.5515118,0.69151187,0.22151184,-0.52848816,-0.61848813,-0.71848816,-1.0384881,0.07151184,-1.0484881,0.47151184,-0.15848815
-2.0584881,-2.1684883,-2.0184882,-1.2684882,-0.58848816,1.0115118,0.39151183,-0.32848817,-1.3684882,-1.1084882,-1.3284881,-0.71848816,-0.85848814,-0.78848815,-0.28848815,0.9215118,-1.5284882,-1.9284881,-0.98848814,1.1415118,0.44151184,1.8415118,0.91151184,1.0515119,1.2515118,0.6815118,1.3115119,1.6815119,1.7215118,1.3515118,1.9415119,-0.6384882,-1.8184881,-0.61848813,-1.6984881,-1.0484881,-1.2084881,-0.19848816,-0.52848816,0.24151184,-0.61848813
-0.86848813,-1.7484882,-1.8784882,-1.5884881,-0.11848816,0.05151184,-0.97848815,-0.5784882,-0.55848813,0.17151184,-0.46848816,1.5115118,0.79151183,0.48151183,1.3315119,1.3515118,1.2315118,1.4315119,-0.72848815,-1.0884881,-1.8184881,-0.08848816,0.53151184,1.4315119,1.3415118,2.2915118,1.6215118,2.5715117,2.4315119,2.2015119,1.0615119,-0.18848816,-1.1284882,-1.8484882,-1.0884881,-1.4384881,-0.9484882,-0.55848813,0.011511841,-0.08848816,-0.02848816
-0.30848816,0.35151184,0.63151187,0.49151185,1.0015118,1.0715119,1.4115119,0.89151186,0.8715118,0.26151183,0.5015118,1.3215119,2.141512,2.2315118,2.5315118,2.651512,2.5215118,2.641512,2.631512,2.651512,1.3015119,0.84151185,0.83151186,0.73151183,1.7515118,2.651512,2.601512,3.921512,2.611512,2.5615118,1.4615119,0.33151186,0.04151184,-1.2584882,-1.2284882,-1.1284882,-1.5384881,-1.3584882,-2.3184881,-1.4084882,-0.7584882
1.4015118,1.4115119,2.8215117,1.8015119,1.0415119,1.5015118,1.1615119,0.70151186,0.60151184,1.0615119,0.45151183,2.0915117,1.8815118,1.6215118,2.171512,2.2115119,2.7215118,2.7015119,2.161512,2.651512,2.7815118,2.5415118,3.0115118,3.0315118,3.1915119,2.631512,2.5515118,2.911512,3.3315117,2.4415119,1.0215118,1.0515119,-0.13848816,-0.8284882,-0.96848816,-1.1884881,-1.5684881,-1.5684881,-1.3084881,-0.76848817,-0.17848817
0.77151185,1.8815118,2.9915118,1.9515119,2.621512,1.5515119,2.161512,2.421512,3.121512,1.1315118,0.38151184,1.4115119,1.5415119,0.88151187,2.9415119,3.101512,3.921512,2.9815118,2.5615118,3.5715117,3.0415118,2.9415119,2.7815118,2.7815118,2.8415117,2.5215118,2.5515118,2.911512,2.891512,2.2315118,1.2415118,0.20151184,0.84151185,-0.45848817,0.22151184,-0.12848815,-1.1484882,-0.29848817,-1.4884882,-1.1484882,-0.95848817
