wind_kz.json
{"header": {"discipline":0,"disciplineName":"Meteorological products","gribEdition":2,"gribLength":1025,"center":7,"centerName":"US National Weather Service - NCEP(WMC)","subcenter":0,"refTime":"2023-09-18T18:00:00.000Z","significanceOfRT":1,"significanceOfRTName":"Start of forecast","productStatus":0,"productStatusName":"Operational products","productType":1,"productTypeName":"Forecast products","productDefinitionTemplate":0,"productDefinitionTemplateName":"Analysis/forecast at horizontal level/layer at a point in time","parameterCategory":2,"parameterCategoryName":"UnknownDiscipline_0_Category_2","parameterNumber":3,"parameterNumberName":"UnknownParameter_D0_C2_3","parameterUnit":"Unknown","genProcessType":2,"genProcessTypeName":"Forecast","forecastTime":300,"surface1Type":103,"surface1TypeName":"Specified height level above ground","surface1Value":10.0,"surface2Type":255,"surface2TypeName":"Missing","surface2Value":0.0,"gridDefinitionTemplate":0,"gridDefinitionTemplateName":"Latitude_Longitude","numberPoints":615,"shape":6,"shapeName":"Earth spherical with radius of 6,371,229.0 m","gridUnits":"degrees","resolution":48,"winds":"true","scanMode":64,"nx":41,"ny":15,"basicAngle":0,"lo1":47.0,"la1":41.0,"lo2":87.0,"la2":55.0,"dx":1.0,"dy":1.0}, "data":
[rows 0 to 14 of 15, columns 0 to 40 of 41]
1.3385456,2.0085456,-2.7514544,-2.3914545,-0.45145446,-1.5614544,-0.8714545,-1.0814545,-1.1614544,-3.1314545,-4.2014546,-3.7914546,-3.1514544,-1.9814545,-0.15145446,0.9385455,2.2085454,2.5685456,3.5885456,1.8285456,0.19854553,-1.5414544,0.16854553,1.7285455,2.2985456,1.6585455,0.7685455,0.37854552,0.33854553,3.8185456,2.2685456,2.1585455,0.18854553,-0.011454468,0.92854553,0.25854552,-0.071454465,0.7085455,-0.08145447,-0.7514545,-1.2314545
0.14854553,-2.4114544,-3.7614546,-3.3114545,-2.8714545,-2.4214544,-1.8014544,-2.0214546,-1.9214544,-2.7614546,-3.7314544,-4.0014544,-3.6914544,-2.9514544,-1.5214545,0.15854554,2.0585456,2.4485455,1.9585456,3.7185454,3.8085456,2.1885455,3.1885455,4.5185456,3.8785455,3.7085454,3.2685456,2.2485456,1.6585455,2.7985456,0.97854555,3.0385456,1.3585455,1.1685455,1.2385455,2.4985456,0.84854555,2.4285455,1.7585455,1.3485456,0.028545532
-1.5914545,-3.7514544,-4.7614546,-4.7714543,-4.0114546,-3.2814546,-1.3814545,-1.3014544,-1.7514545,-3.4414544,-4.4014544,-3.7314544,-3.8514545,-3.8114545,-3.4014544,-3.4614544,-1.4614545,1.9085455,4.3785458,4.5385456,6.0285454,5.0085454,3.5285456,5.0685453,0.59854555,-1.0314544,-1.6814544,-2.1114545,0.47854555,-2.4514544,0.66854554,2.0685456,-2.3414545,0.8885455,0.8885455,-1.1814544,2.0385456,2.3785455,0.55854553,1.9785455,1.0085455
-2.6114545,-4.2114544,-3.7714546,-4.6514544,-3.8014545,-3.0814545,-2.3414545,-2.7114544,-3.2614546,-2.4814544,-2.9614544,-2.9214544,-4.1214542,-3.9114544,-4.1814547,-3.9714544,-3.8714545,-2.3214545,-1.3814545,3.0285456,5.3585453,9.168546,4.5585456,5.9385457,4.2485456,2.3285456,0.90854555,2.0085456,1.7685455,-1.6314545,-0.021454468,1.5085455,1.2985455,0.37854552,-1.3714545,1.9885455,2.4085455,1.5385455,-0.65145445,-2.1714544,-1.8214545
-3.1314545,-4.6314545,-3.4114544,-4.2114544,-2.7914546,-2.7014544,-2.0814545,-2.3414545,-2.0114546,-2.4514544,-2.8714545,-2.3714545,-2.5414546,-1.3614545,-2.5614545,-2.9614544,-3.0614545,-2.2514544,-2.6114545,-2.8214545,0.58854556,5.0885453,4.4885454,4.9385457,5.5685453,5.6885457,4.7785454,4.2385454,2.6185455,3.5085456,3.5985456,0.46854553,2.3085456,2.4885454,-1.2714545,0.30854553,1.2985455,0.15854554,-2.0714545,-2.1814544,-0.45145446
-3.6914544,-3.6914544,-4.1014543,-4.6014543,-3.8714545,-2.6014545,-1.8214545,-0.70145446,-0.6014545,-2.4814544,-1.9914545,-1.1514544,-2.3714545,-2.5714545,-2.5614545,-2.1214545,-2.5014544,-2.1014545,-1.4014544,1.0285455,-1.8414545,-0.52145445,1.6485455,4.7685456,5.4185457,5.9885454,5.4785457,5.0185456,3.5885456,5.0985456,4.7385454,2.5985456,3.0785456,2.0085456,0.37854552,9.328546,-2.1014545,5.2685456,-0.42145446,-0.95145446,-0.9914545
-4.6014543,-4.1014543,-4.0714545,-4.0314546,-3.6014545,-2.9714544,-2.5514545,-1.4314544,1.9285455,0.32854554,-1.3214545,-1.3814545,-1.5714545,-3.2914546,-2.1314545,-2.0414546,0.71854556,-0.5514545,-0.30145445,0.07854553,0.6885455,3.4185455,0.48854554,-0.34145448,5.3385453,6.5485454,7.3685455,6.1585455,5.4185457,7.5485454,7.9585457,5.0585456,0.61854553,0.7585455,-0.24145447,4.1285458,3.6085455,3.3085456,3.3285456,3.7685456,3.4185455
-5.0714545,-4.7514544,-4.3414545,-3.6814544,-3.7914546,-3.6914544,-3.5314546,-1.6814544,1.4885455,1.6585455,0.6285455,-1.8114544,-0.6714545,-1.5714545,0.6485455,-1.0814545,0.16854553,-0.10145447,1.4785455,0.7485455,0.72854555,1.6385455,4.0885453,3.6385455,1.7985455,7.2385454,8.638546,8.568545,7.3585453,9.488545,9.498546,7.6685457,6.3585453,6.9585457,3.7785456,-0.94145447,-0.18145446,3.2285454,0.15854554,2.3385456,3.8685455
-4.8514543,-4.6214542,-4.2714543,-4.1214542,-4.2814546,-4.2014546,-3.9914544,-2.8614545,-1.6714544,0.71854556,-1.0214545,-2.2714546,-1.2014545,-1.0014545,0.048545532,0.97854555,1.3485456,1.1485455,2.2685456,2.5185456,2.4085455,2.1885455,2.9685454,4.0085454,6.4685454,2.7785456,7.9085455,10.398545,10.288545,9.018545,10.188545,11.858545,9.498546,5.1285458,4.6185455,5.9685454,2.7085454,0.41854554,2.4885454,1.6385455,-0.6214545
-4.4214544,-4.6614547,-4.4914546,-4.1714544,-3.5714545,-3.4814544,-2.7914546,-2.8414545,-1.9514545,-1.2614545,-0.33145446,-1.2314545,-1.4514545,-1.3114544,-0.28145447,-0.33145446,0.72854555,3.6685455,2.1085455,2.9885454,4.3385453,3.7485456,2.3785455,3.2485456,3.6985455,7.2685456,3.5585456,7.2085457,10.428545,10.758545,10.498545,9.828546,8.898545,7.3785458,7.8785458,6.1285458,3.3585455,2.1185455,2.9785454,2.8585455,2.8785455
-5.8314543,-5.4814544,-5.0714545,-4.4614544,-3.7014544,-2.3814545,-1.7214545,-0.9814545,-0.061454467,-0.53145444,-0.45145446,0.44854555,-0.57145447,-0.40145448,0.49854553,-0.52145445,0.048545532,1.6285455,2.2185454,3.6785455,3.9085455,4.2185454,4.5885453,4.8685455,5.5785456,5.4885454,8.028545,6.6785455,9.568545,10.078546,9.6585455,10.218546,9.548546,7.4085455,8.428546,7.8285456,4.6485457,3.4785454,5.3785458,1.8585455,2.7985456
-5.8814545,-5.6714544,-4.2814546,-5.5614543,-4.5114546,-3.5614545,-2.8814545,-1.7614545,0.18854553,0.53854555,0.61854553,0.58854556,0.108545534,-0.31145447,-0.65145445,-0.96145445,0.07854553,0.30854553,2.0485456,2.5585456,3.6285455,4.1285458,3.9485455,8.388546,7.2885456,7.4685454,8.268545,9.878546,2.6985455,10.028545,9.988545,10.898545,8.208546,8.878546,7.4285455,8.148545,7.1985455,2.9185455,2.5485456,2.4285455,0.61854553
-4.0914545,-4.8514543,-6.6914544,-4.6314545,-4.7614546,-3.0414546,-3.6514544,-4.1814547,-4.7714543,0.31854552,0.9385455,0.17854553,-0.58145446,0.018545533,0.11854553,-1.7014545,-0.53145444,0.90854555,0.5685455,1.0585456,1.7985455,2.2385454,3.4885454,10.018545,11.558545,9.838546,9.588546,8.568545,8.838546,10.518545,10.508545,10.738544,9.808545,8.978545,8.798546,8.178546,7.4585457,4.3785458,5.2485456,4.6885457,2.7285454
-4.6314545,-5.3514543,-6.6714544,-5.6614547,-5.2014546,-4.4214544,-4.5714545,-4.0814543,-3.4414544,-3.5714545,0.17854553,0.55854553,1.0285455,0.27854553,-0.7414545,-2.4514544,-1.1514544,-1.1414545,0.08854553,1.1085455,1.9085455,1.3285456,5.4585457,8.568545,10.038546,10.228545,11.018545,9.828546,9.188545,10.788545,10.308545,9.828546,9.328546,8.818545,7.4285455,7.5185456,6.1285458,6.2385454,6.0885453,4.4185457,5.2885456
-2.9514544,-6.8314543,-7.6614547,-5.8514543,-4.5914545,-4.8914547,-5.7614546,-5.9514546,-5.9914546,-5.6314545,-3.1514544,-1.9314544,0.44854555,0.7585455,-1.3914545,-2.8714545,-3.2614546,-3.0714545,-0.42145446,1.6985456,1.2685455,2.1585455,5.9285455,7.5085454,9.278545,8.448545,9.668546,9.748546,9.578546,10.358545,9.128546,10.298545,8.598545,8.848545,8.198545,7.3885455,7.2185454,7.8485456,7.2985454,6.9885454,4.7785454
