wind_kz.json
{"header": {"discipline":0,"disciplineName":"Meteorological products","gribEdition":2,"gribLength":1025,"center":7,"centerName":"US National Weather Service - NCEP(WMC)","subcenter":0,"refTime":"2023-08-27T00:00:00.000Z","significanceOfRT":1,"significanceOfRTName":"Start of forecast","productStatus":0,"productStatusName":"Operational products","productType":1,"productTypeName":"Forecast products","productDefinitionTemplate":0,"productDefinitionTemplateName":"Analysis/forecast at horizontal level/layer at a point in time","parameterCategory":2,"parameterCategoryName":"UnknownDiscipline_0_Category_2","parameterNumber":2,"parameterNumberName":"UnknownParameter_D0_C2_2","parameterUnit":"Unknown","genProcessType":2,"genProcessTypeName":"Forecast","forecastTime":120,"surface1Type":103,"surface1TypeName":"Specified height level above ground","surface1Value":10.0,"surface2Type":255,"surface2TypeName":"Missing","surface2Value":0.0,"gridDefinitionTemplate":0,"gridDefinitionTemplateName":"Latitude_Longitude","numberPoints":615,"shape":6,"shapeName":"Earth spherical with radius of 6,371,229.0 m","gridUnits":"degrees","resolution":48,"winds":"true","scanMode":64,"nx":41,"ny":15,"basicAngle":0,"lo1":47.0,"la1":41.0,"lo2":87.0,"la2":55.0,"dx":1.0,"dy":1.0}, "data":
[rows 0 to 14 of 15, columns 0 to 40 of 41]
-2.4289258,-0.14892578,-0.27892578,-1.5989258,-2.1489258,-1.2189258,-2.2289257,-5.048926,-4.628926,-2.5089257,-3.3789258,-3.1489258,-3.3189259,-3.6789258,-3.6889257,-3.7489257,-3.2289257,-0.3889258,-2.8689258,-1.2789258,1.2610742,1.4410743,-0.22892578,0.24107422,-0.36892578,1.2110742,-0.8289258,0.35107422,0.25107422,-0.05892578,-1.6189258,1.4010742,2.1210742,1.9510742,-0.34892577,-0.7489258,0.11107422,-2.6389258,-3.0189257,-2.8189259,-2.9789257
0.9310742,-0.37892577,-2.7089257,-3.0189257,-1.4289258,-2.2989259,-2.7289257,-3.6389258,-1.8389258,-0.48892578,0.57107425,-2.1089258,-1.4889258,-1.6089258,-2.3989258,-2.6389258,-1.0589257,-0.9989258,0.41107422,0.011074219,0.3610742,1.8910742,-0.8289258,-0.6589258,1.3910742,0.6110742,-0.23892578,0.6710742,1.1110742,-0.9389258,-0.5689258,-1.5389258,4.351074,0.5510742,0.38107422,-0.7489258,-1.6789258,-0.8189258,-1.7089257,1.7010742,-4.6889257
-2.028926,-5.088926,-4.4389257,-5.3489256,-5.928926,-4.108926,-3.3389258,-0.16892578,-3.2289257,-1.8989258,-1.0889258,-0.7589258,-0.11892578,0.51107424,0.7210742,-0.19892578,-0.7689258,1.5310742,3.1110742,2.961074,2.4310741,1.7710742,-0.7589258,-0.5889258,-0.028925782,1.2810742,2.4110742,2.5610743,-0.13892578,0.3010742,-0.9089258,0.9310742,-0.2689258,-0.85892576,0.11107422,-1.1589258,-1.0889258,0.13107422,-1.2089257,-1.1489258,0.21107422
-3.5789258,-5.418926,-5.178926,-4.8289256,-3.7089257,-2.538926,-0.14892578,-0.73892576,0.44107422,2.4410741,1.3110743,0.6210742,2.0710742,3.7410743,2.8310742,3.6510742,2.8310742,3.6010742,3.5710742,3.1810741,2.4010742,0.6810742,1.7110742,0.64107424,0.6310742,-1.4289258,0.6010742,-1.9689258,-0.8089258,1.4010742,2.0510743,-0.39892578,3.0710742,-0.04892578,-0.54892576,-1.3189257,-0.9489258,1.7610742,-0.4189258,-0.2689258,-0.45892578
-3.7389257,-5.908926,-3.6689258,-1.9989258,-1.4389257,0.6010742,1.3810742,1.9210743,3.0610743,2.2410743,2.4210742,3.1710742,3.3510742,5.661074,5.491074,3.8310742,4.3810744,4.031074,4.1510744,4.551074,3.7310743,3.7510743,3.8210742,3.1710742,3.1510742,2.9910743,2.1910741,2.711074,1.7810742,0.6110742,-1.8389258,-1.4389257,-1.6089258,-0.01892578,-1.0889258,1.2810742,7.9010744,1.5310742,0.83107424,-1.4789258,-4.448926
-2.5989258,-1.0089258,0.95107424,1.6210742,0.7410742,0.9310742,-0.54892576,-0.098925784,-1.0089258,-1.9589257,-1.4589257,-0.46892577,1.9710742,2.4110742,2.971074,2.7010741,3.8210742,1.1810743,1.1610742,3.0610743,4.471074,5.5010743,3.0510743,3.5510743,3.1510742,4.071074,3.6810741,6.781074,2.8510742,1.4410743,0.13107422,-0.48892578,0.14107423,-1.3189257,0.3010742,3.0510743,0.8010742,1.1210742,2.0410743,2.8210742,-3.3589258
-2.5989258,-2.0989258,-2.4789257,-1.2489258,-0.78892577,-0.60892576,-0.66892576,-0.19892578,-0.91892576,0.57107425,1.1410742,2.221074,2.8210742,3.3410742,3.7710743,2.9310741,1.2410742,0.96107423,1.6810743,3.3810742,4.331074,5.201074,4.321074,5.2310743,5.661074,5.5610743,3.961074,3.3610742,3.0110743,1.7910743,1.8510742,1.1810743,0.52107424,-0.028925782,1.9110742,1.2010742,-0.40892577,1.5010742,-3.1189258,1.4810742,3.1210742
-3.2089257,-2.5889258,-1.4789258,-0.73892576,-0.5789258,-0.16892578,-0.19892578,0.82107425,0.51107424,0.57107425,1.7010742,2.4910743,2.8410742,3.1410742,3.6510742,2.9310741,3.1210742,3.3810742,2.8410742,2.971074,4.3610744,4.431074,4.431074,4.281074,6.241074,6.4210744,2.0610743,1.5010742,1.3710742,1.6910743,3.2010741,2.3110743,-0.20892578,0.7210742,-0.028925782,3.4010742,0.7910742,4.9810743,4.1110744,3.5410743,1.5710742
-2.2689257,-1.5089258,-0.30892578,-0.20892578,-0.10892578,0.4910742,-0.18892579,0.081074215,-0.24892578,1.1310742,2.4210742,2.4110742,3.6310742,2.9810743,3.3310742,4.2710743,5.2110744,3.5310743,3.5210743,3.721074,3.5310743,4.6310744,3.8510742,5.661074,5.9210744,5.6110744,1.5210742,1.2410742,1.7810742,1.6710743,2.3510742,2.971074,2.0610743,0.25107422,0.3910742,1.2210742,2.5410743,-0.6189258,-2.1589258,0.4210742,-1.6489258
-2.5589259,-1.2089257,-0.5189258,-0.9489258,-0.19892578,0.46107423,-0.11892578,0.24107422,1.3810742,2.0610743,2.6810741,3.2510743,3.5310743,3.9910743,4.051074,4.4210744,3.9210742,3.9510741,4.431074,4.2710743,4.8610744,6.331074,5.071074,4.221074,5.1510744,3.9910743,2.6410742,1.8210742,1.9810742,2.2910743,0.7310742,2.1110742,-0.8689258,-1.7589258,0.031074218,-0.46892577,-1.9789258,-1.0389258,-1.4089258,0.31107423,-1.1489258
-2.1789258,-0.5189258,-0.8789258,0.41107422,0.18107422,0.52107424,0.9710742,1.7110742,2.2010741,1.9210743,2.9810743,4.3810744,4.7510743,5.591074,5.531074,5.281074,5.761074,5.321074,4.871074,4.451074,4.821074,4.391074,4.471074,3.971074,3.221074,2.9410741,3.7310743,3.6910741,2.8410742,2.0210743,1.4910742,-0.7089258,-2.7089257,-1.0689257,-2.9189258,-1.6789258,-1.7189258,0.4210742,-1.4389257,1.1610742,-1.3189257
0.051074218,-0.13892578,0.07107422,-0.14892578,1.0110742,1.1110742,1.0210742,1.5810742,1.9010742,1.9910742,1.8610742,4.141074,3.9510741,3.6510742,3.8010743,4.4410744,4.8110743,5.241074,4.9810743,5.891074,4.931074,5.491074,4.781074,4.2910743,3.0910742,3.1510742,3.221074,3.1910741,3.4810743,2.6110742,-0.19892578,-0.8389258,-1.4889258,-2.4789257,-1.9189258,-2.4589257,-2.2089257,-0.31892577,0.26107422,-0.028925782,-0.05892578
0.4510742,0.82107425,0.24107422,0.25107422,1.1410742,0.2710742,1.0010742,1.2510742,1.6710743,2.2610743,1.4510742,3.3310742,3.5210743,3.211074,3.6110742,3.971074,4.321074,4.951074,5.851074,6.321074,5.841074,6.2310743,6.4010744,5.0410743,5.4010744,3.6710742,2.7510743,1.6410742,0.52107424,0.17107421,-0.10892578,-0.5089258,-0.098925784,-1.3489258,-1.3489258,-1.3389258,-1.4589257,-0.6889258,-0.22892578,-0.46892577,-0.12892579
0.5310742,0.31107423,1.1210742,0.51107424,0.7810742,1.2610742,1.0310742,1.1510742,2.1210742,2.0810742,1.0110742,1.8310742,3.9810743,2.9410741,4.1910744,4.391074,5.071074,5.7710743,6.601074,7.9010744,8.331074,8.631074,8.361074,7.241074,5.281074,2.9010742,1.4510742,1.0010742,0.11107422,0.7910742,-0.42892578,-1.1089258,-0.59892577,-0.6489258,-1.0389258,-0.9089258,-0.42892578,0.13107422,0.35107422,0.77107424,-0.18892579
-0.12892579,0.9410742,1.8510742,1.7210742,1.2710742,1.3410742,1.9810742,1.9410743,2.4510741,1.7210742,1.2010742,1.7110742,2.1210742,3.5610743,4.4610744,4.9010744,5.0010743,6.7310743,7.411074,8.551074,9.301074,10.441074,10.591074,7.821074,5.951074,3.7410743,2.1210742,1.0710742,0.6610742,0.9210742,0.20107421,-0.8889258,-1.1489258,-0.91892576,-0.5089258,0.4210742,-0.37892577,1.8910742,0.71107423,0.28107423,-0.8689258
