wind_kz.json
{"header": {"discipline":0,"disciplineName":"Meteorological products","gribEdition":2,"gribLength":1102,"center":7,"centerName":"US National Weather Service - NCEP(WMC)","subcenter":0,"refTime":"2023-08-22T18:00:00.000Z","significanceOfRT":1,"significanceOfRTName":"Start of forecast","productStatus":0,"productStatusName":"Operational products","productType":1,"productTypeName":"Forecast products","productDefinitionTemplate":0,"productDefinitionTemplateName":"Analysis/forecast at horizontal level/layer at a point in time","parameterCategory":2,"parameterCategoryName":"UnknownDiscipline_0_Category_2","parameterNumber":2,"parameterNumberName":"UnknownParameter_D0_C2_2","parameterUnit":"Unknown","genProcessType":2,"genProcessTypeName":"Forecast","forecastTime":300,"surface1Type":103,"surface1TypeName":"Specified height level above ground","surface1Value":10.0,"surface2Type":255,"surface2TypeName":"Missing","surface2Value":0.0,"gridDefinitionTemplate":0,"gridDefinitionTemplateName":"Latitude_Longitude","numberPoints":615,"shape":6,"shapeName":"Earth spherical with radius of 6,371,229.0 m","gridUnits":"degrees","resolution":48,"winds":"true","scanMode":64,"nx":41,"ny":15,"basicAngle":0,"lo1":47.0,"la1":41.0,"lo2":87.0,"la2":55.0,"dx":1.0,"dy":1.0}, "data":
[rows 0 to 14 of 15, columns 0 to 40 of 41]
-1.2730615,0.9869385,-1.4430615,-5.4930615,-7.7030616,-7.9130616,-8.663061,-9.503061,-10.173061,-8.253061,-7.8430614,-7.5530615,-7.5630617,-6.8830614,-6.0830617,-6.0930614,-4.5830617,-6.0730615,-5.7930617,-5.1130614,-2.6130614,-0.7030615,1.5269384,3.3769386,-1.4030615,-2.2330616,0.75693846,3.9269385,2.6669385,1.5569385,2.0869384,3.0969384,2.2669384,1.2369385,-2.8030615,-3.4030616,-4.8130617,-5.9730616,-7.9830613,-7.3330617,-8.5530615
1.4269385,-4.4330616,-7.5330615,-8.463061,-8.283062,-6.7930617,-6.7830615,-8.393062,-8.403062,-7.8530617,-7.9930615,-7.3130617,-6.3930616,-6.1130614,-5.2930617,-4.4430614,-3.7530615,-3.9930615,-3.5330615,-2.4830616,-1.3530616,0.32693848,0.7169385,3.7869384,2.7969384,0.6069385,1.7169385,5.4569383,4.8069386,6.8569384,3.2669384,2.0769384,0.4769385,1.4769385,0.68693846,-0.75306153,-3.2430615,-3.5730615,-3.7930615,-5.1630616,-4.2330613
-7.9330616,-8.693062,-8.903062,-9.433062,-9.473062,-7.9630613,-7.6030617,-6.7130613,-6.4830613,-5.3230615,-4.3030615,-3.7530615,-3.1530616,-2.5630615,-2.9230616,-2.6030614,-1.2230616,0.74693847,0.68693846,-0.5330615,-0.94306153,1.9769385,3.7769384,5.4269385,-0.09306152,4.3269386,2.4169385,1.5169384,5.3569384,-0.20306152,1.6469384,-0.39306152,0.74693847,2.7269385,1.5869385,-1.8230615,1.7769384,-1.2130616,0.51693845,-1.1630615,-2.6530616
-10.413061,-11.333061,-9.593061,-8.673061,-6.1830616,-6.4130616,-5.7330613,-5.7830615,-5.0330615,-4.2230616,-3.9430616,-4.6930614,-4.8430614,-3.3330615,-1.6030616,-0.8330615,-0.56306154,1.1269385,1.5269384,1.6769385,1.6669384,1.9569385,3.6269386,5.5969386,6.5069385,7.2869387,7.4169383,2.8369384,6.2569385,6.2569385,4.5369387,7.6169386,10.856938,5.6269383,6.2769384,3.0569384,1.1869385,1.4769385,0.8569385,5.8169384,5.0269384
-10.573062,-10.5530615,-9.533062,-8.863062,-7.2430615,-5.7930617,-5.0630617,-4.6630616,-3.8030615,-2.8030615,-2.9830616,-3.6330614,-1.3730615,-2.4230616,-1.5930616,0.20693848,0.88693845,0.88693845,1.9069384,2.6169386,3.6169386,4.4769382,4.7169385,6.5269384,7.5769386,8.396938,9.766938,9.926938,7.4969387,5.0869384,9.526938,5.7669387,3.7369385,0.40693846,0.74693847,-0.5430615,8.316938,2.2769384,3.9869385,3.7169385,3.1169386
-9.473062,-7.9930615,-9.143062,-7.8730617,-7.0130615,-7.0030613,-4.6230617,-3.0130615,-2.3830614,-2.3030615,-1.8330616,-0.48306152,-0.33306152,0.9769385,1.2069385,1.1269385,2.2969384,2.6069384,2.4369385,2.9669385,4.5269384,5.0369387,6.6869383,6.9569383,7.1169386,8.596938,9.236938,8.756939,8.906939,8.866939,8.856938,8.516938,8.666939,4.0169387,3.6169386,2.4969385,2.0469384,4.1969385,14.396938,8.066938,1.3569385
-6.6930614,-6.0730615,-5.2630615,-5.7130613,-5.5830617,-4.3730617,-3.0030615,-2.2130616,-1.3230615,-0.0030615234,1.1669384,1.8469385,2.4269385,2.9869385,3.8269384,4.0069385,3.4069386,3.6369386,3.9469385,4.6069384,4.9169383,5.0769386,5.5169387,6.3869386,7.9869385,9.006939,8.506939,8.876939,9.716938,9.386938,8.246939,7.5469384,7.7369385,5.1969385,5.4269385,5.4669385,3.1469386,-1.9130615,3.9569385,-0.4930615,6.7869387
-4.5830617,-4.9030614,-4.8030615,-4.0930614,-3.3330615,-2.7430615,-1.0730615,-0.4930615,0.026938476,0.75693846,2.4569385,4.3669386,5.6069384,6.2569385,6.7069383,6.5469384,5.9269385,5.1369386,4.9069386,5.5069385,6.4469385,5.5069385,5.3369384,5.5769386,6.3469386,7.0569386,8.486938,9.556938,10.156939,9.896938,9.846938,8.136938,7.1169386,6.4769382,7.5169387,10.126939,6.1269383,2.0669384,8.096938,15.916939,4.2469387
-4.2430615,-3.8830614,-3.1830616,-2.5930614,-2.0230615,-0.38306153,0.30693847,0.7769385,1.7269385,2.5269384,3.4169385,4.1469383,5.6169386,4.6869383,5.7269382,5.8469386,7.2169385,7.0569386,6.6969385,6.7769384,7.7569385,8.276938,6.9269385,6.5069385,6.9969387,5.4569383,6.3969383,7.6569386,10.106938,11.286939,10.596938,10.906939,8.616939,8.786939,6.9269385,6.3169384,5.4369383,0.26693848,2.2469385,0.99693847,1.6769385
-2.5830615,-2.0330615,-1.9830616,-1.3430616,0.37693846,1.2269385,2.5469384,2.8169384,3.2069385,3.9969385,5.3369384,6.3169384,6.7669387,6.8269386,7.4269385,7.5769386,7.1669383,7.8369384,7.8569384,6.8569384,8.956939,9.116939,8.836939,8.166939,8.406939,7.2769384,6.7569385,6.4969387,7.1269383,9.296939,14.346938,12.9469385,10.266938,9.116939,8.176938,6.1469383,3.1769385,-0.7230615,2.4269385,1.7869384,1.5269384
-1.0130615,-0.17306152,0.9769385,1.8269385,2.7569385,3.2369385,3.1669385,3.9869385,5.0169387,5.6269383,6.5469384,7.8669386,8.746939,7.9469385,7.9369383,7.3269386,6.8969383,7.6169386,5.5469384,6.4969387,9.156939,8.126939,9.006939,8.836939,8.086939,7.9369383,7.4769382,7.7869387,7.7369385,7.5469384,10.986938,11.096938,11.326939,8.056938,7.7569385,5.8969383,1.7869384,1.4469385,0.63693845,3.2569385,2.1869385
0.9669385,1.7969384,2.1869385,2.9269385,2.8969386,3.1069384,3.9969385,4.6369386,5.5869384,5.4669385,5.5569386,7.5969386,5.4269385,7.0869384,7.0869384,6.4369383,7.4669385,8.216938,6.2169385,7.3269386,6.7469387,6.7269382,6.9069386,8.646938,8.266938,8.476938,8.436938,8.246939,6.9169383,8.176938,6.1069384,7.4169383,7.0869384,8.406939,6.7769384,7.5669384,8.066938,7.0669384,2.6969385,-0.5430615,1.0669385
0.08693848,0.7369385,1.5869385,1.9269385,2.1269386,2.5669384,3.8569384,4.1869383,5.4969387,2.3169384,2.6269386,5.1369386,5.1669383,5.5469384,4.6969385,4.0869384,4.7169385,5.8469386,5.5069385,5.8269386,6.4869385,5.8869386,5.5769386,8.1969385,8.156939,8.856938,8.806938,9.536939,8.556938,6.7869387,5.8669386,7.6269383,6.1069384,7.9569383,7.5569386,6.9469385,6.1269383,3.9369385,3.9169385,1.9369385,3.3669386
1.3869385,1.2369385,2.4269385,1.6969385,2.3769386,2.6069384,2.3269384,2.1569386,2.0569384,3.0369384,1.6469384,2.7769384,4.8769383,3.2569385,4.3269386,2.7469385,5.2169385,3.6269386,3.6069384,4.1169386,5.7469387,5.7969384,6.7169385,6.6669383,8.766938,8.336939,7.0069385,7.6469383,8.866939,9.056938,7.6269383,7.7869387,4.3669386,5.8369384,5.5869384,5.4069386,4.6869383,4.0169387,5.2869387,3.2769384,1.7269385
0.8669385,1.1569384,0.62693846,0.93693846,0.29693848,0.32693848,0.2869385,1.0069385,1.3469385,2.1069384,1.8969384,2.6569386,2.2369385,2.4769385,1.0569385,0.8369385,1.6969385,2.2269385,2.9769385,2.2769384,2.8369384,4.1669383,4.6469383,5.5069385,6.4869385,6.9669385,7.3069386,6.8469386,7.8469386,7.8469386,10.606938,8.756939,4.2069383,4.2369385,5.4869385,4.7769384,4.7669387,4.0769386,3.3569384,4.4369383,0.8969385
