wind_kz.json
{"header": {"discipline":0,"disciplineName":"Meteorological products","gribEdition":2,"gribLength":871,"center":7,"centerName":"US National Weather Service - NCEP(WMC)","subcenter":0,"refTime":"2023-08-23T00:00:00.000Z","significanceOfRT":1,"significanceOfRTName":"Start of forecast","productStatus":0,"productStatusName":"Operational products","productType":1,"productTypeName":"Forecast products","productDefinitionTemplate":0,"productDefinitionTemplateName":"Analysis/forecast at horizontal level/layer at a point in time","parameterCategory":0,"parameterCategoryName":"UnknownDiscipline_0_Category_0","parameterNumber":0,"parameterNumberName":"UnknownParameter_D0_C0_0","parameterUnit":"Unknown","genProcessType":2,"genProcessTypeName":"Forecast","forecastTime":60,"surface1Type":1,"surface1TypeName":"Ground or water surface","surface1Value":0.0,"surface2Type":255,"surface2TypeName":"Missing","surface2Value":0.0,"gridDefinitionTemplate":0,"gridDefinitionTemplateName":"Latitude_Longitude","numberPoints":615,"shape":6,"shapeName":"Earth spherical with radius of 6,371,229.0 m","gridUnits":"degrees","resolution":48,"winds":"true","scanMode":64,"nx":41,"ny":15,"basicAngle":0,"lo1":47.0,"la1":41.0,"lo2":87.0,"la2":55.0,"dx":1.0,"dy":1.0}, "data":
[rows 0 to 14 of 15, columns 0 to 40 of 41]
308.82883,293.12885,295.12885,299.92883,299.62885,298.82883,309.72882,314.12885,310.32883,314.12885,317.22882,319.12885,317.12885,316.82883,312.72882,314.82883,316.02884,313.92883,315.42883,315.12885,316.02884,311.32883,311.12885,307.62885,311.52884,313.42883,308.92883,293.12885,286.52884,285.22882,289.32883,287.62885,299.42883,309.12885,311.72882,309.92883,309.52884,309.52884,309.32883,309.02884,308.12885
288.12885,303.82883,299.72882,299.62885,299.52884,298.22882,305.52884,310.62885,313.92883,314.42883,314.72882,314.72882,313.72882,312.82883,312.72882,315.32883,314.92883,315.32883,313.22882,314.02884,313.92883,311.02884,309.52884,301.62885,294.52884,291.82883,303.22882,292.42883,292.12885,286.02884,291.42883,278.02884,290.42883,270.42883,286.42883,305.62885,304.12885,306.22882,309.42883,300.22882,286.82883
295.72882,300.22882,300.92883,300.82883,299.72882,310.92883,313.92883,314.62885,313.02884,313.12885,313.12885,313.92883,311.82883,312.42883,313.22882,313.82883,313.32883,313.72882,314.32883,313.62885,312.42883,309.92883,310.92883,306.22882,309.22882,308.32883,310.12885,309.92883,307.72882,294.32883,284.82883,287.52884,297.52884,297.32883,299.82883,298.02884,288.42883,289.02884,290.82883,285.32883,284.32883
305.62885,301.02884,300.52884,299.42883,300.82883,312.62885,313.62885,313.12885,314.12885,313.32883,311.82883,311.32883,296.82883,295.62885,309.52884,310.22882,310.62885,314.72882,316.82883,313.62885,309.02884,307.52884,309.32883,309.92883,309.82883,310.12885,311.32883,309.62885,310.12885,310.52884,313.42883,307.62885,312.52884,311.92883,310.32883,304.52884,290.12885,286.62885,291.62885,303.22882,306.62885
313.42883,300.72882,300.52884,300.22882,305.42883,311.72882,312.42883,313.22882,311.62885,311.62885,311.52884,310.42883,297.02884,296.32883,293.22882,309.32883,313.32883,310.62885,309.32883,311.42883,311.02884,310.32883,309.32883,308.62885,309.02884,309.92883,309.62885,305.92883,310.32883,311.52884,313.42883,312.02884,296.12885,286.02884,297.52884,306.82883,305.62885,313.22882,312.62885,310.82883,310.12885
311.52884,309.92883,299.02884,299.62885,300.02884,299.12885,312.82883,311.52884,311.02884,309.82883,309.82883,309.82883,297.42883,296.62885,302.02884,309.02884,310.82883,310.52884,303.82883,311.82883,310.22882,307.92883,306.72882,306.52884,306.72882,306.62885,308.82883,294.32883,309.62885,311.32883,310.62885,310.62885,311.42883,310.02884,306.72882,305.52884,300.72882,302.72882,309.62885,310.32883,308.22882
306.02884,307.72882,311.32883,306.72882,304.12885,300.22882,311.82883,309.82883,305.22882,303.92883,309.52884,307.72882,307.32883,298.52884,307.32883,309.52884,302.12885,301.02884,310.02884,309.82883,308.42883,307.12885,305.92883,305.42883,304.32883,305.52884,306.22882,308.92883,309.42883,309.52884,309.32883,310.42883,312.52884,311.42883,310.62885,307.82883,301.52884,297.92883,295.12885,292.02884,303.82883
299.02884,305.42883,299.82883,309.42883,308.72882,302.12885,301.72882,302.02884,298.42883,303.02884,303.42883,302.72882,297.32883,305.72882,306.52884,301.42883,307.92883,299.22882,301.22882,303.42883,304.62885,305.92883,304.62885,303.12885,302.42883,300.12885,300.42883,301.92883,302.32883,304.62885,306.02884,308.12885,307.62885,305.52884,305.52884,306.72882,307.72882,290.72882,307.22882,306.22882,302.42883
292.62885,300.22882,301.02884,304.72882,302.72882,298.22882,307.12885,302.42883,301.62885,300.32883,303.32883,303.42883,302.82883,302.52884,295.52884,306.82883,299.32883,299.42883,304.42883,301.92883,302.02884,303.02884,302.72882,301.22882,299.32883,299.32883,297.72882,297.02884,296.42883,294.92883,296.12885,296.92883,298.72882,302.52884,305.72882,303.32883,302.72882,302.62885,290.22882,289.02884,288.32883
302.72882,304.62885,304.12885,303.22882,303.72882,295.82883,296.92883,295.62885,298.12885,297.82883,295.52884,294.92883,297.22882,296.82883,298.42883,298.02884,302.22882,295.32883,298.92883,297.92883,298.82883,303.02884,303.02884,301.32883,300.22882,298.52884,296.02884,295.22882,294.22882,295.32883,292.32883,295.62885,296.82883,300.52884,303.42883,302.72882,300.52884,295.12885,293.52884,290.72882,287.52884
293.42883,301.72882,301.72882,301.42883,300.62885,295.72882,302.22882,302.72882,300.62885,299.32883,299.02884,298.72882,296.02884,295.12885,293.62885,297.82883,296.92883,297.02884,297.72882,299.52884,296.42883,300.62885,299.72882,299.52884,298.52884,297.52884,294.02884,295.62885,296.32883,296.22882,296.12885,297.62885,296.42883,296.62885,297.42883,297.92883,294.52884,291.72882,293.52884,292.12885,288.72882
293.12885,297.32883,296.42883,293.32883,292.32883,292.92883,296.62885,296.22882,297.92883,297.52884,294.92883,291.52884,291.62885,290.92883,291.12885,292.52884,291.62885,296.02884,297.12885,294.42883,295.62885,292.62885,294.62885,297.42883,296.42883,296.92883,294.02884,293.92883,296.42883,296.92883,294.82883,294.22882,295.12885,292.02884,293.22882,294.12885,296.22882,296.92883,297.32883,293.42883,292.42883
290.72882,292.72882,296.22882,297.02884,296.52884,295.12885,297.62885,298.02884,297.22882,291.82883,289.52884,290.12885,294.22882,291.42883,290.32883,290.72882,290.92883,293.82883,293.02884,292.82883,288.92883,291.42883,291.42883,294.82883,296.92883,295.92883,297.12885,294.02884,297.02884,294.62885,292.92883,292.82883,292.32883,293.72882,291.42883,290.92883,292.82883,295.82883,297.72882,297.12885,297.22882
290.12885,293.72882,291.82883,291.02884,289.02884,292.42883,291.22882,288.62885,293.02884,292.42883,288.02884,284.62885,287.92883,287.82883,290.62885,289.42883,285.62885,287.52884,289.22882,290.82883,292.92883,288.62885,287.72882,294.72882,295.62885,296.42883,295.32883,294.12885,292.42883,294.12885,292.42883,291.32883,292.02884,291.32883,291.72882,290.42883,289.72882,291.42883,295.92883,295.12885,296.52884
289.62885,289.52884,291.32883,287.42883,287.82883,287.52884,287.22882,286.92883,289.32883,287.82883,285.92883,289.22882,284.02884,286.02884,287.72882,288.52884,289.22882,284.02884,283.62885,284.82883,285.82883,288.32883,293.02884,295.52884,294.62885,293.12885,293.52884,293.12885,294.52884,293.22882,291.52884,287.72882,289.72882,288.92883,290.12885,290.82883,291.62885,291.62885,293.62885,297.42883,297.62885
