wind_kz.json
{"header": {"discipline":0,"disciplineName":"Meteorological products","gribEdition":2,"gribLength":1102,"center":7,"centerName":"US National Weather Service - NCEP(WMC)","subcenter":0,"refTime":"2023-09-08T00:00:00.000Z","significanceOfRT":1,"significanceOfRTName":"Start of forecast","productStatus":0,"productStatusName":"Operational products","productType":1,"productTypeName":"Forecast products","productDefinitionTemplate":0,"productDefinitionTemplateName":"Analysis/forecast at horizontal level/layer at a point in time","parameterCategory":2,"parameterCategoryName":"UnknownDiscipline_0_Category_2","parameterNumber":3,"parameterNumberName":"UnknownParameter_D0_C2_3","parameterUnit":"Unknown","genProcessType":2,"genProcessTypeName":"Forecast","forecastTime":60,"surface1Type":103,"surface1TypeName":"Specified height level above ground","surface1Value":10.0,"surface2Type":255,"surface2TypeName":"Missing","surface2Value":0.0,"gridDefinitionTemplate":0,"gridDefinitionTemplateName":"Latitude_Longitude","numberPoints":615,"shape":6,"shapeName":"Earth spherical with radius of 6,371,229.0 m","gridUnits":"degrees","resolution":48,"winds":"true","scanMode":64,"nx":41,"ny":15,"basicAngle":0,"lo1":47.0,"la1":41.0,"lo2":87.0,"la2":55.0,"dx":1.0,"dy":1.0}, "data":
[rows 0 to 14 of 15, columns 0 to 40 of 41]
-8.514818,3.865182,-9.364819,-16.214819,-16.264818,-15.894818,-13.624818,-5.084818,-1.2248181,-1.6048181,-0.5948181,-0.094818115,3.795182,3.655182,1.9251819,0.5951819,-0.13481812,-1.2548181,-2.2848182,-1.5148181,-2.2748182,-3.194818,-3.2648182,-1.6348181,2.825182,0.22518188,0.5451819,1.5251819,-3.954818,1.9251819,-3.2248182,0.98518187,-2.0648181,-1.4648181,-4.284818,-4.584818,0.5651819,-0.07481811,1.2951819,2.4151819,2.4251819
-1.5748181,2.565182,-17.764818,-14.324818,-13.144818,-12.904819,-10.814818,-7.654818,0.28518188,3.045182,0.4351819,0.4851819,3.555182,4.6451817,1.5651819,1.2651819,0.16518189,-0.15481812,-1.2848182,-2.3048182,-3.2848182,-2.7348182,-0.21481812,3.4951818,2.605182,1.7051818,2.315182,1.2351819,-0.34481812,-1.9948181,-2.0648181,4.465182,-3.3248181,0.3351819,1.2251819,0.73518187,1.2051818,0.8351819,2.6951818,2.4351819,-0.27481812
-5.654818,-15.474818,-13.874818,-9.724818,-9.614819,-7.474818,-9.404819,-11.104818,0.7151819,0.8551819,1.4651818,-1.6948181,-2.7248182,-1.4748181,-3.854818,-0.9948181,-0.8048181,-1.1748182,-2.7248182,-3.354818,-2.7348182,-2.444818,-3.7548182,-0.34481812,-0.5448181,-0.8448181,0.31518188,-2.844818,-0.7348181,-1.2348181,-1.0848181,-0.6248181,-2.8048182,2.4651818,0.67518187,1.0851818,4.275182,0.28518188,1.5351819,1.7951819,0.2651819
-5.094818,-13.154819,-7.674818,-5.4148183,-6.084818,-1.5048181,-6.044818,-9.474818,-11.394818,5.525182,5.525182,0.8351819,0.5351819,-2.5248182,-4.334818,-4.674818,-5.344818,-3.3348181,-3.934818,-4.594818,-3.374818,-1.3748181,0.7751819,0.61518186,-0.14481811,-1.4948181,-1.8048182,-0.9848181,-3.644818,-4.464818,-0.5548181,0.5451819,0.40518188,0.40518188,-1.3448181,-1.4548181,-0.15481812,0.5851819,-1.4148182,-0.76481813,-2.0848181
-2.5748181,-11.394818,-12.094818,-8.394818,-6.004818,1.0751818,-2.2348182,-4.814818,-6.8948183,-6.764818,5.1451817,2.855182,2.9751818,2.4151819,2.395182,1.5151819,-0.10481811,-2.3348181,-0.3848181,-1.9248182,-1.9948181,-0.6748181,-0.5448181,-1.6748182,0.13518189,1.7051818,-2.594818,-6.614818,-1.1048181,-3.714818,-5.6248183,-5.804818,-2.2848182,2.545182,0.99518186,0.8451819,0.5451819,-2.7548182,-2.7648182,-0.6848181,-1.1248181
-5.084818,0.055181883,-5.674818,-5.464818,-5.004818,2.785182,1.7251819,1.5651819,-1.8848181,-4.174818,-3.3148181,-1.1948181,-0.6548181,-2.884818,2.7451818,3.335182,4.3551817,2.575182,1.0051819,0.31518188,0.07518189,-1.6148181,-1.3248181,-1.4448181,-2.464818,0.005181885,3.595182,-0.75481814,-1.0348182,-1.8448181,-1.9748181,-6.564818,-8.154819,-5.514818,-0.40481812,8.495182,-0.75481814,4.915182,3.135182,-0.2948181,-0.76481813
-5.3548183,-3.7548182,-5.514818,-6.444818,-3.594818,1.7751819,-1.2548181,-2.614818,1.1851819,3.7151818,1.2751819,-4.634818,-4.614818,-1.6448181,0.025181884,-0.51481813,-0.39481813,0.7851819,0.37518188,0.92518187,0.32518187,-0.94481814,-2.364818,-3.094818,-0.9348181,-0.10481811,0.3651819,-1.2348181,-0.13481812,0.13518189,0.5151819,-0.69481814,-6.324818,-11.104818,0.24518189,-0.13481812,0.5151819,-0.4748181,0.6951819,2.885182,-0.034818117
-4.1848183,-4.084818,-5.194818,-6.274818,-4.384818,-5.754818,2.5151818,0.06518188,3.055182,3.575182,3.605182,3.7651818,2.4751818,1.3151819,1.8951819,-0.2948181,-0.9648181,-0.34481812,-0.45481813,2.4651818,1.0351819,0.015181885,-1.1648182,-2.144818,-2.454818,-3.384818,-2.5548182,-2.4948182,-1.2448181,-0.40481812,0.3651819,-0.19481811,3.405182,5.0651817,2.2351818,-0.6448181,0.5351819,2.0251818,0.18518189,1.5151819,0.23518188
-1.3248181,-6.284818,-3.714818,-2.364818,-5.024818,-4.4148183,-0.6848181,-2.344818,4.5451818,3.135182,3.325182,3.4251819,3.085182,1.7451819,1.3151819,1.595182,0.20518188,-0.9348181,-1.2348181,0.12518188,2.095182,1.1551819,-1.0248181,-1.7648181,-2.0448182,-2.7848182,-2.8048182,-2.9748182,-3.134818,-2.614818,-5.794818,-0.49481812,0.7751819,0.8151819,0.86518186,4.165182,-0.8648181,-1.4248182,1.1751819,0.8751819,0.9051819
-2.904818,-3.424818,-5.1848183,-4.234818,-3.464818,-2.434818,-4.1048183,-1.1948181,1.6351819,-1.2248181,4.555182,0.29518187,1.4251819,2.6651819,4.0851817,2.9451818,1.6151819,1.595182,0.5351819,0.045181885,0.9051819,-1.2248181,-1.5448182,-1.3248181,-1.8848181,-2.664818,-2.914818,-2.934818,-2.7348182,-2.2348182,-2.104818,-2.104818,-4.784818,-3.704818,-3.2948182,3.2351818,1.3351818,-1.1148181,0.4551819,1.8851819,-1.0548182
-4.264818,-4.774818,-4.944818,-5.9148183,-5.1248183,-4.314818,-3.594818,-2.4748182,1.9051819,2.085182,-0.08481812,0.2751819,0.6651819,1.1951818,3.7251818,3.045182,4.415182,3.0051818,2.285182,1.0151819,0.34518188,-0.4848181,-1.8948181,-2.434818,-1.7248181,-1.9848181,-1.3448181,-1.8548181,-2.214818,-1.7448181,-1.7748181,-0.6848181,-0.3248181,0.4351819,0.115181886,3.375182,1.1551819,1.2051818,1.7651819,0.8851819,0.035181884
-4.884818,-4.904818,-3.0648181,-2.904818,-4.174818,-5.044818,-5.534818,-6.674818,-6.294818,-5.294818,-3.4848182,-2.594818,-3.5248182,1.9251819,3.115182,3.315182,4.555182,3.0051818,3.9251819,2.7351818,2.135182,0.5451819,-0.43481812,-0.8048181,-1.0448182,-1.2748181,-1.3248181,-0.9848181,-1.4548181,-0.024818115,0.35518187,1.4251819,1.1451819,1.8751819,0.19518189,-2.364818,-1.7548181,-1.3648181,-0.23481812,-0.57481813,-0.15481812
-4.744818,-6.1848183,-4.724818,-3.4848182,-2.394818,-2.094818,-0.23481812,1.2851819,-0.69481814,-0.8448181,-0.3148181,-0.56481814,-1.3348181,-0.9048181,4.155182,3.305182,-2.3148181,3.0251818,1.7251819,2.7151818,1.1351819,1.9451818,0.40518188,-0.5248181,-1.2048181,-3.0448182,-2.4948182,-0.064818114,1.3251818,1.4151819,4.055182,2.1851819,-1.2248181,-0.5348181,-0.20481811,-0.2648181,-0.16481811,-0.18481812,-0.044818114,-0.88481814,-0.9348181
-3.374818,-4.474818,-2.894818,-5.6448183,-5.8948183,-5.524818,-5.6048183,-3.5548182,-3.5348182,-4.524818,-2.2448182,-1.4148182,-5.924818,-3.0048182,-2.3348181,3.6751819,5.3351817,1.4951819,-0.56481814,-0.2948181,0.5951819,1.1151819,1.2951819,0.3051819,-1.8548181,-1.8548181,0.80518186,-3.5148182,-1.9148182,0.93518186,2.305182,2.4551818,1.6451819,1.7251819,0.8751819,-0.20481811,-0.5948181,-1.6248181,-1.3448181,-1.3648181,-2.684818
-4.794818,-5.884818,-2.154818,-2.944818,-4.534818,-4.484818,-4.494818,-3.5448182,-4.724818,-4.154818,-3.094818,-2.344818,-2.2448182,-3.684818,-2.0048182,1.9051819,4.905182,4.635182,4.115182,3.9151819,3.325182,2.6851819,-0.51481813,0.40518188,-0.49481812,-0.19481811,-0.81481814,-2.414818,-1.154818,-0.9948181,0.28518188,-0.6648181,0.07518189,0.115181886,-0.024818115,0.4351819,0.6251819,-0.11481812,0.99518186,-1.1148181,-1.3148181
