wind_kz.json
{"header": {"discipline":0,"disciplineName":"Meteorological products","gribEdition":2,"gribLength":948,"center":7,"centerName":"US National Weather Service - NCEP(WMC)","subcenter":0,"refTime":"2023-09-19T12:00:00.000Z","significanceOfRT":1,"significanceOfRTName":"Start of forecast","productStatus":0,"productStatusName":"Operational products","productType":1,"productTypeName":"Forecast products","productDefinitionTemplate":0,"productDefinitionTemplateName":"Analysis/forecast at horizontal level/layer at a point in time","parameterCategory":0,"parameterCategoryName":"UnknownDiscipline_0_Category_0","parameterNumber":0,"parameterNumberName":"UnknownParameter_D0_C0_0","parameterUnit":"Unknown","genProcessType":2,"genProcessTypeName":"Forecast","forecastTime":120,"surface1Type":1,"surface1TypeName":"Ground or water surface","surface1Value":0.0,"surface2Type":255,"surface2TypeName":"Missing","surface2Value":0.0,"gridDefinitionTemplate":0,"gridDefinitionTemplateName":"Latitude_Longitude","numberPoints":615,"shape":6,"shapeName":"Earth spherical with radius of 6,371,229.0 m","gridUnits":"degrees","resolution":48,"winds":"true","scanMode":64,"nx":41,"ny":15,"basicAngle":0,"lo1":47.0,"la1":41.0,"lo2":87.0,"la2":55.0,"dx":1.0,"dy":1.0}, "data":
[rows 0 to 14 of 15, columns 0 to 40 of 41]
304.56577,292.86578,298.86578,294.66577,294.56577,294.46576,304.46576,308.46576,305.76578,306.46576,304.56577,305.36578,304.46576,304.06577,302.96576,303.16577,302.96576,302.16577,303.26578,302.66577,303.86578,301.96576,302.46576,296.66577,298.86578,300.76578,295.66577,281.76578,279.56577,275.66577,274.06577,271.26578,287.66577,291.36578,293.66577,292.96576,292.66577,292.96576,292.96576,292.06577,290.86578
287.46576,297.46576,294.06577,294.36578,294.06577,293.46576,309.56577,305.76578,304.46576,304.16577,305.56577,304.56577,303.76578,302.86578,303.36578,303.16577,302.76578,301.86578,300.46576,302.16577,300.36578,300.06577,298.56577,290.36578,281.06577,282.36578,288.96576,278.76578,281.66577,272.66577,279.76578,268.46576,280.66577,255.16577,272.06577,290.06577,288.76578,290.26578,293.06577,285.86578,283.96576
299.86578,293.06577,294.36578,293.96576,292.06577,305.66577,304.46576,304.86578,303.66577,302.76578,301.96576,301.86578,300.66577,302.76578,302.46576,301.66577,300.36578,298.76578,298.76578,299.26578,302.46576,297.86578,297.46576,290.16577,293.76578,291.86578,291.86578,291.76578,290.26578,277.76578,270.36578,272.96576,277.66577,278.16577,280.66577,278.86578,270.26578,274.96576,275.96576,270.26578,264.76578
300.86578,292.86578,294.26578,293.06577,295.56577,304.16577,303.26578,302.86578,303.86578,302.66577,300.46576,297.76578,291.86578,291.36578,301.46576,300.86578,299.16577,298.26578,297.86578,297.46576,295.96576,290.56577,295.56577,295.06577,294.06577,293.36578,292.96576,289.36578,288.06577,288.66577,287.66577,282.86578,287.96576,288.76578,286.86578,281.16577,269.16577,267.06577,269.26578,278.86578,281.96576
301.26578,291.76578,292.96576,292.16577,296.36578,303.06577,303.36578,303.86578,301.86578,300.66577,299.86578,297.36578,290.86578,289.86578,288.66577,299.16577,298.66577,296.76578,296.06577,295.96576,295.46576,295.76578,294.36578,293.76578,292.46576,290.56577,287.06577,289.56577,288.26578,288.76578,290.66577,285.36578,271.06577,256.76578,276.76578,281.26578,285.76578,284.06577,284.96576,284.86578,285.86578
302.76578,300.16577,291.26578,291.06577,291.86578,291.36578,303.66577,303.76578,299.36578,300.26578,299.26578,297.96576,291.66577,290.66577,294.36578,296.86578,298.06577,297.16577,296.46576,295.96576,294.56577,293.26578,292.56577,291.46576,290.16577,288.86578,288.96576,288.36578,288.86578,289.46576,287.66577,287.86578,285.26578,283.56577,280.36578,284.76578,272.96576,275.96576,283.56577,285.86578,284.16577
303.96576,303.86578,303.16577,303.26578,299.76578,304.36578,304.76578,302.66577,301.46576,299.86578,296.86578,296.96576,296.26578,296.46576,295.96576,296.46576,296.66577,297.16577,296.36578,294.36578,292.46576,292.16577,291.26578,290.36578,288.46576,287.76578,287.56577,287.86578,286.96576,286.86578,285.26578,284.56577,284.66577,284.26578,282.16577,280.76578,275.76578,267.56577,267.46576,269.96576,278.06577
304.36578,304.56577,304.86578,304.76578,305.76578,305.96576,306.26578,302.06577,301.16577,298.86578,297.56577,296.46576,295.56577,295.06577,295.46576,295.46576,294.46576,294.96576,295.26578,292.46576,291.26578,290.46576,289.86578,288.66577,286.06577,283.16577,283.26578,284.26578,282.16577,283.46576,281.16577,280.76578,279.16577,277.46576,278.06577,279.56577,281.56577,287.66577,281.36578,281.16577,278.56577
304.46576,303.46576,304.26578,304.36578,304.86578,304.56577,303.26578,297.76578,299.46576,299.36578,297.86578,296.46576,294.86578,295.16577,293.96576,294.56577,293.76578,293.66577,292.16577,291.06577,288.96576,288.26578,287.96576,287.06577,285.26578,284.56577,282.66577,281.06577,279.46576,277.66577,277.56577,278.06577,278.66577,278.96576,279.06577,275.76578,276.86578,276.66577,265.96576,266.56577,267.36578
303.76578,304.36578,304.26578,303.46576,303.46576,303.86578,302.86578,301.66577,299.76578,297.76578,297.06577,295.76578,295.36578,294.26578,293.46576,292.96576,293.16577,293.16577,292.36578,290.96576,288.76578,287.96576,287.66577,287.26578,286.56577,284.16577,284.16577,282.76578,281.06577,280.06577,279.16577,279.96576,281.66577,280.66577,280.16577,277.66577,276.66577,274.36578,266.06577,270.26578,268.06577
303.76578,303.46576,302.06577,302.66577,301.96576,301.96576,301.56577,301.96576,295.66577,298.26578,296.66577,295.46576,294.96576,293.86578,293.56577,293.46576,293.06577,293.06577,292.46576,289.66577,289.36578,289.16577,287.56577,287.06577,285.56577,284.46576,282.66577,283.96576,282.86578,283.66577,282.86578,282.66577,282.26578,281.46576,280.26578,278.56577,273.06577,269.86578,269.46576,270.16577,267.66577
301.96576,303.76578,303.06577,302.56577,301.16577,300.06577,298.56577,298.36578,299.06577,297.76578,294.16577,292.66577,292.66577,291.46576,291.66577,292.56577,292.26578,291.86578,291.36578,289.86578,287.76578,286.86578,286.66577,286.86578,284.96576,285.46576,284.86578,285.16577,283.96576,284.06577,282.66577,282.26578,281.46576,279.46576,278.76578,279.76578,278.66577,277.56577,276.56577,277.06577,276.36578
298.86578,300.86578,301.56577,300.96576,299.46576,298.06577,297.96576,298.06577,297.26578,295.56577,292.36578,290.56577,291.36578,290.16577,291.06577,291.16577,290.66577,290.06577,290.66577,288.86578,288.26578,286.86578,285.76578,284.76578,283.56577,283.96576,285.16577,283.86578,284.26578,282.86578,282.46576,281.16577,281.06577,280.06577,279.26578,277.96576,278.26578,278.76578,276.96576,276.76578,277.06577
301.26578,300.96576,293.56577,300.46576,299.16577,297.96576,296.76578,295.06577,294.66577,293.66577,291.06577,289.66577,291.06577,290.76578,291.26578,291.36578,290.56577,289.56577,290.06577,289.96576,289.86578,289.36578,288.56577,287.16577,286.16577,284.46576,282.46576,282.46576,281.66577,282.96576,281.76578,280.46576,279.56577,278.66577,278.26578,276.86578,275.96576,277.26578,276.86578,274.76578,276.76578
298.66577,301.26578,287.96576,300.06577,299.46576,298.46576,297.56577,296.56577,295.56577,294.06577,292.46576,290.86578,288.96576,290.16577,289.66577,290.76578,290.16577,289.76578,291.26578,290.76578,291.06577,290.36578,289.96576,288.16577,287.06577,284.46576,282.86578,280.96576,280.16577,279.76578,281.36578,282.26578,279.76578,278.56577,277.96576,277.86578,277.56577,276.26578,277.06577,277.06577,275.96576
