wind_kz.json
{"header": {"discipline":0,"disciplineName":"Meteorological products","gribEdition":2,"gribLength":948,"center":7,"centerName":"US National Weather Service - NCEP(WMC)","subcenter":0,"refTime":"2023-10-03T00:00:00.000Z","significanceOfRT":1,"significanceOfRTName":"Start of forecast","productStatus":0,"productStatusName":"Operational products","productType":1,"productTypeName":"Forecast products","productDefinitionTemplate":0,"productDefinitionTemplateName":"Analysis/forecast at horizontal level/layer at a point in time","parameterCategory":0,"parameterCategoryName":"UnknownDiscipline_0_Category_0","parameterNumber":0,"parameterNumberName":"UnknownParameter_D0_C0_0","parameterUnit":"Unknown","genProcessType":2,"genProcessTypeName":"Forecast","forecastTime":60,"surface1Type":1,"surface1TypeName":"Ground or water surface","surface1Value":0.0,"surface2Type":255,"surface2TypeName":"Missing","surface2Value":0.0,"gridDefinitionTemplate":0,"gridDefinitionTemplateName":"Latitude_Longitude","numberPoints":615,"shape":6,"shapeName":"Earth spherical with radius of 6,371,229.0 m","gridUnits":"degrees","resolution":48,"winds":"true","scanMode":64,"nx":41,"ny":15,"basicAngle":0,"lo1":47.0,"la1":41.0,"lo2":87.0,"la2":55.0,"dx":1.0,"dy":1.0}, "data":
[rows 0 to 14 of 15, columns 0 to 40 of 41]
295.5148,284.9148,284.9148,294.1148,293.71478,292.0148,292.6148,297.0148,297.4148,298.5148,298.1148,298.3148,298.0148,299.0148,298.8148,299.71478,300.0148,299.21478,301.21478,301.21478,303.6148,300.0148,301.6148,296.4148,298.71478,300.3148,295.0148,282.5148,280.4148,277.9148,275.1148,272.0148,288.1148,294.8148,295.71478,295.4148,295.6148,294.6148,293.8148,293.0148,292.8148
272.6148,291.21478,293.71478,293.6148,293.6148,291.8148,292.5148,295.71478,295.8148,293.21478,294.3148,291.1148,292.4148,293.8148,297.0148,298.21478,297.4148,300.21478,299.3148,299.9148,300.21478,299.8148,298.0148,290.8148,280.1148,280.9148,288.4148,281.71478,281.4148,276.3148,281.21478,270.71478,280.71478,252.4148,274.3148,291.6148,289.9148,291.9148,294.3148,287.4148,285.4148
294.9148,293.4148,293.4148,292.9148,291.21478,293.6148,294.3148,298.8148,294.1148,298.3148,294.8148,292.4148,290.5148,292.3148,293.5148,298.1148,297.5148,297.0148,297.8148,299.0148,298.71478,298.8148,298.9148,294.0148,296.71478,295.21478,296.71478,296.21478,294.21478,283.9148,272.71478,276.5148,281.9148,282.5148,283.9148,281.8148,274.0148,277.4148,278.0148,272.5148,271.71478
297.5148,292.4148,293.1148,292.3148,293.21478,298.8148,298.8148,301.4148,295.3148,298.71478,296.3148,294.21478,290.3148,289.8148,295.71478,297.4148,297.3148,297.3148,298.21478,298.5148,298.3148,293.71478,297.6148,298.0148,298.1148,298.9148,299.5148,296.3148,294.0148,293.8148,294.8148,291.0148,295.1148,291.1148,290.71478,285.5148,273.5148,263.4148,277.8148,286.8148,290.21478
303.5148,292.6148,292.71478,292.1148,293.6148,296.0148,299.1148,299.4148,295.1148,297.5148,290.9148,290.4148,289.5148,288.4148,287.21478,297.3148,297.8148,296.5148,296.71478,297.1148,297.8148,298.21478,297.3148,297.3148,297.0148,296.3148,293.5148,292.3148,294.21478,293.21478,295.8148,292.21478,279.1148,267.4148,280.9148,289.4148,291.4148,293.3148,293.9148,294.0148,293.21478
303.1148,301.4148,290.8148,291.71478,291.6148,291.0148,298.9148,296.6148,291.71478,291.1148,291.4148,291.8148,290.21478,289.5148,292.6148,295.1148,296.9148,296.8148,297.1148,297.3148,296.4148,295.3148,295.5148,295.3148,294.8148,292.1148,291.6148,288.0148,293.5148,293.5148,291.1148,293.1148,292.21478,289.9148,285.71478,290.1148,281.4148,285.0148,290.6148,291.6148,291.8148
302.8148,301.3148,302.71478,303.21478,298.71478,301.0148,299.6148,297.6148,296.71478,295.9148,296.1148,297.1148,296.3148,295.4148,294.3148,294.8148,295.4148,296.5148,296.5148,296.0148,295.21478,294.8148,294.5148,293.8148,291.9148,292.0148,291.71478,293.21478,292.21478,292.4148,291.4148,290.8148,291.0148,291.8148,290.21478,288.21478,282.5148,280.4148,277.9148,275.21478,287.1148
302.0148,302.21478,301.71478,301.3148,301.71478,302.1148,301.5148,299.8148,298.0148,295.8148,295.0148,296.0148,295.71478,296.0148,295.3148,294.21478,293.0148,294.9148,295.3148,293.6148,293.3148,293.3148,293.1148,292.5148,291.3148,288.6148,288.3148,289.5148,288.0148,289.4148,288.21478,288.6148,287.5148,284.8148,285.1148,285.3148,286.0148,285.8148,286.5148,287.6148,283.5148
300.1148,299.6148,299.9148,299.0148,299.1148,299.71478,299.71478,298.21478,297.0148,297.4148,295.3148,294.1148,294.0148,295.0148,294.8148,295.0148,293.5148,293.21478,292.6148,292.21478,290.21478,290.3148,291.1148,290.8148,289.21478,289.5148,287.5148,286.9148,285.9148,284.8148,285.4148,285.6148,286.1148,285.8148,285.5148,284.71478,283.8148,282.3148,271.21478,271.6148,271.8148
297.6148,297.3148,297.8148,298.3148,296.0148,297.71478,294.5148,297.3148,295.9148,293.71478,292.6148,291.6148,292.8148,294.0148,293.71478,293.5148,293.21478,292.8148,291.4148,291.71478,290.4148,289.6148,289.5148,290.21478,290.1148,288.6148,288.1148,287.5148,286.6148,286.0148,285.71478,286.4148,287.21478,286.4148,284.9148,283.1148,281.0148,277.71478,274.6148,274.71478,271.4148
295.3148,295.3148,296.1148,296.0148,296.5148,296.6148,295.71478,295.0148,292.6148,292.8148,291.3148,290.5148,290.9148,289.0148,289.8148,291.0148,292.0148,292.71478,291.8148,290.4148,290.4148,289.71478,289.1148,289.0148,288.1148,288.21478,286.5148,288.0148,287.8148,288.4148,287.9148,287.8148,286.0148,286.8148,285.6148,282.1148,278.3148,276.21478,277.5148,277.9148,274.71478
285.5148,291.1148,294.8148,295.0148,295.21478,294.71478,294.21478,291.6148,292.21478,291.3148,287.3148,288.1148,287.8148,288.3148,288.3148,289.1148,291.8148,291.4148,291.1148,290.3148,289.21478,288.21478,287.1148,286.9148,286.3148,287.3148,286.5148,287.5148,287.71478,287.3148,286.1148,285.71478,286.1148,283.1148,284.0148,282.5148,281.5148,280.71478,280.1148,280.1148,281.21478
285.3148,284.9148,287.0148,290.0148,294.0148,294.21478,294.0148,293.5148,293.21478,293.21478,287.6148,287.4148,289.8148,289.21478,290.8148,291.1148,291.21478,290.6148,291.1148,289.4148,289.1148,287.6148,286.71478,286.1148,287.1148,287.71478,288.3148,287.0148,286.4148,285.71478,286.1148,285.71478,285.21478,282.8148,283.6148,282.71478,281.71478,281.9148,278.9148,278.5148,279.5148
289.9148,290.4148,286.4148,287.3148,286.21478,288.6148,291.3148,290.71478,291.5148,291.3148,288.6148,286.21478,287.9148,289.4148,289.9148,290.9148,291.0148,290.1148,290.4148,290.21478,289.8148,289.3148,289.21478,288.71478,288.6148,288.71478,287.6148,286.9148,286.1148,285.9148,285.4148,284.6148,283.8148,282.6148,282.6148,280.9148,280.9148,280.3148,279.5148,277.71478,277.9148
288.5148,290.1148,285.3148,290.1148,288.71478,287.1148,286.6148,286.8148,290.21478,289.71478,289.71478,287.9148,285.6148,287.1148,288.4148,289.9148,289.71478,290.1148,290.8148,289.9148,290.21478,289.6148,289.4148,288.5148,288.1148,288.1148,287.6148,286.4148,286.3148,285.5148,285.1148,283.6148,283.1148,282.71478,282.3148,282.1148,281.71478,280.3148,281.0148,280.21478,279.21478
