wind_kz.json
{"header": {"discipline":0,"disciplineName":"Meteorological products","gribEdition":2,"gribLength":1102,"center":7,"centerName":"US National Weather Service - NCEP(WMC)","subcenter":0,"refTime":"2023-10-01T00:00:00.000Z","significanceOfRT":1,"significanceOfRTName":"Start of forecast","productStatus":0,"productStatusName":"Operational products","productType":1,"productTypeName":"Forecast products","productDefinitionTemplate":0,"productDefinitionTemplateName":"Analysis/forecast at horizontal level/layer at a point in time","parameterCategory":2,"parameterCategoryName":"UnknownDiscipline_0_Category_2","parameterNumber":2,"parameterNumberName":"UnknownParameter_D0_C2_2","parameterUnit":"Unknown","genProcessType":2,"genProcessTypeName":"Forecast","forecastTime":240,"surface1Type":103,"surface1TypeName":"Specified height level above ground","surface1Value":10.0,"surface2Type":255,"surface2TypeName":"Missing","surface2Value":0.0,"gridDefinitionTemplate":0,"gridDefinitionTemplateName":"Latitude_Longitude","numberPoints":615,"shape":6,"shapeName":"Earth spherical with radius of 6,371,229.0 m","gridUnits":"degrees","resolution":48,"winds":"true","scanMode":64,"nx":41,"ny":15,"basicAngle":0,"lo1":47.0,"la1":41.0,"lo2":87.0,"la2":55.0,"dx":1.0,"dy":1.0}, "data":
[rows 0 to 14 of 15, columns 0 to 40 of 41]
-2.082636,0.12736389,1.7873639,1.8773639,5.8773637,9.207364,10.157364,3.917364,2.7273638,5.777364,6.237364,7.0473638,8.267364,8.637363,9.287364,9.377364,9.607364,7.787364,2.557364,4.167364,6.037364,3.637364,3.097364,2.897364,0.12736389,2.667364,-2.2426362,1.5273639,-0.03263611,-0.8426361,-1.2426361,1.3673639,0.2473639,0.8473639,0.107363895,1.4973639,2.097364,2.9573638,3.567364,3.367364,2.7373638
3.2173638,2.2673638,0.86736387,7.0873637,9.897364,10.0573635,5.3173637,3.807364,5.737364,8.037364,8.187364,8.327364,8.297364,8.537364,9.487364,9.227364,9.117364,8.0573635,7.3973637,2.887364,4.8773637,5.327364,3.5273638,2.607364,-2.2926362,0.6573639,0.03736389,-1.6726362,-3.842636,-2.682636,0.12736389,-1.0426362,1.0173639,-2.9726362,-0.03263611,-0.072636105,-0.4126361,0.6473639,0.3073639,3.4873638,2.657364
1.1573639,4.027364,11.517364,10.397364,10.217364,4.217364,3.637364,7.207364,7.917364,8.667364,9.787364,9.747364,8.027364,9.577364,10.737363,9.697364,8.627364,5.8173637,6.3573637,2.887364,4.3573637,4.5673637,4.287364,5.267364,6.527364,9.137363,6.927364,4.027364,7.407364,2.2673638,-1.7226361,2.537364,-0.33263612,-1.2626361,0.07736389,-0.9226361,0.3073639,0.15736389,0.8373639,2.077364,2.1973639
3.9573638,10.777363,11.617363,11.167363,8.837364,6.227364,7.667364,9.127364,8.987364,10.567364,10.317364,11.127363,14.127363,14.897364,10.187364,10.507363,9.827364,9.527364,5.727364,4.257364,3.087364,4.007364,6.197364,7.847364,8.3073635,9.767364,9.827364,8.827364,12.457363,2.2473638,-2.352636,-6.972636,-3.392636,-3.842636,-3.2426362,-2.952636,-1.8726361,2.587364,1.8273638,-0.1726361,-1.1626362
5.937364,11.367363,10.947363,10.637363,10.497363,8.3073635,8.477364,10.967363,10.157364,9.937364,10.547363,12.257363,15.207363,15.5573635,15.027363,10.717363,8.747364,7.577364,5.5673637,5.707364,5.157364,7.677364,8.517364,9.157364,10.697363,9.937364,11.877363,12.257363,10.977364,4.3573637,-0.3126361,-3.092636,-3.2226362,1.097364,1.4473639,-0.5926361,-2.872636,-2.7926362,-2.112636,-1.7826362,-1.3826361
5.0673637,5.387364,10.067364,11.507363,11.637363,12.867363,10.867363,8.017364,8.467364,10.837363,11.977364,12.267364,13.407363,15.467363,14.837363,9.897364,7.957364,7.267364,6.677364,4.1473637,4.597364,7.247364,7.967364,9.207364,9.817364,11.007363,13.777363,10.227364,4.207364,-1.2826362,-1.2126361,-2.422636,-4.802636,-3.4826362,-1.2426361,-6.4526362,0.22736388,-2.212636,0.35736388,-1.8526361,-3.172636
5.987364,5.037364,6.6273637,6.8373637,8.587364,8.517364,9.257364,9.977364,11.547363,11.847363,13.417363,13.547363,13.687364,13.417363,11.717363,11.337363,10.247363,8.737364,4.537364,4.367364,5.737364,7.1473637,7.977364,9.017364,9.047364,9.417364,10.687364,3.7373638,-3.2826362,-3.8226361,-6.492636,-4.9326363,-3.602636,-7.612636,-5.012636,-2.7726362,-1.1126361,2.807364,-2.7726362,1.8073639,0.09736389
5.697364,6.017364,5.827364,6.657364,8.047364,8.157364,9.637363,9.8073635,11.507363,12.777363,13.857364,15.687364,16.147364,15.997363,14.427363,11.957363,10.957363,8.8073635,7.367364,7.3573637,8.157364,7.8373637,7.637364,8.437364,9.677364,8.977364,8.257364,0.4873639,-3.2726362,-2.8226361,-3.3226361,-3.2726362,-4.092636,-1.5626361,-3.212636,-1.1326361,-2.712636,-3.3026361,-4.3726363,-4.172636,-2.932636
5.8573637,4.307364,5.137364,5.347364,6.997364,7.707364,8.377364,10.047364,11.597363,13.257363,15.0573635,16.007362,19.097363,17.437363,15.007363,12.217363,8.987364,7.987364,7.247364,7.257364,6.987364,8.167364,7.727364,7.8373637,9.597363,8.187364,0.12736389,4.5673637,0.05736389,-2.2226362,-1.3926361,-0.4626361,1.0873638,-1.9426361,-3.2526362,-2.7626362,-0.8426361,-2.092636,-1.6326361,-0.4026361,-1.7526361
5.367364,3.2673638,4.227364,4.407364,6.137364,5.977364,7.717364,9.727364,11.097363,13.037363,14.257363,15.417363,14.207363,9.127364,10.087364,6.777364,4.6473637,5.177364,5.207364,4.0873637,7.6273637,7.987364,6.827364,8.577364,10.3073635,3.577364,1.1473639,0.17736389,-0.9026361,-1.6726362,-0.9026361,0.2773639,-1.4226362,-2.3226361,-1.9126362,-2.672636,-3.142636,-0.4726361,-1.9626361,0.107363895,-1.4826361
4.157364,2.127364,3.287364,3.6873639,4.197364,4.717364,6.767364,8.287364,9.247364,9.787364,9.267364,10.167364,2.4673638,1.9373639,0.05736389,-4.8526363,-3.652636,0.2873639,2.057364,4.417364,5.597364,6.437364,7.617364,7.5673637,7.177364,2.037364,1.2773639,-0.8726361,-0.6226361,-2.662636,-1.272636,-3.2726362,-3.892636,-2.5326362,-2.122636,-2.842636,-1.8126361,-0.33263612,-1.6226361,0.8373639,-1.6326361
3.417364,1.1973639,2.4573638,2.637364,3.377364,3.797364,5.467364,5.927364,6.3973637,5.757364,4.487364,1.6573639,-4.042636,-6.552636,-8.682636,-7.942636,-4.712636,-1.9526361,0.09736389,2.067364,3.9373639,5.577364,5.947364,6.917364,4.227364,0.047363892,-1.152636,-2.0226362,-3.0226362,-3.7626362,-3.442636,-4.302636,-3.172636,-3.2826362,-2.412636,-2.0326362,-1.3026361,-1.1326361,-0.4026361,-1.0326362,-1.1326361
2.837364,0.9273639,0.93736386,1.9673638,2.147364,2.547364,4.3773637,4.387364,4.3773637,3.857364,1.8673639,0.9473639,-3.2726362,-4.902636,-4.502636,-3.952636,-2.832636,-0.7426361,1.5173639,2.657364,3.817364,5.227364,4.327364,3.557364,0.4373639,-2.122636,-4.3926363,-5.262636,-4.592636,-4.2026362,-4.902636,-4.522636,-3.7926362,-3.7726362,-2.592636,-2.5326362,-2.682636,-1.8826361,-3.092636,-1.7126361,-1.8226361
2.157364,0.7173639,0.41736388,0.8773639,1.2973639,2.287364,1.9673638,2.1773639,2.377364,3.617364,1.7373639,1.2473639,-1.3826361,-2.9926362,-5.082636,-3.942636,0.6073639,1.3273638,2.4573638,4.637364,3.6773639,6.727364,0.14736389,-3.3226361,-4.222636,-4.8726363,-5.212636,-4.632636,-5.152636,-5.552636,-4.9126363,-3.7526362,-4.1626363,-3.7926362,-2.692636,-3.2826362,-3.0726361,-3.7326362,-2.622636,-1.7326361,-2.0526361
-0.4326361,0.4573639,-0.50263613,0.03736389,1.0573639,1.7173638,2.1873639,2.1773639,2.537364,1.5373639,0.7673639,-0.4326361,0.8173639,-0.072636105,-2.212636,-3.432636,-4.072636,-3.2726362,-2.3126361,-2.7426362,-2.092636,-2.9926362,-3.442636,-4.292636,-4.992636,-4.722636,-5.172636,-4.972636,-5.2026362,-4.982636,-5.302636,-4.692636,-4.322636,-3.412636,-3.0526361,-3.582636,-2.402636,-3.452636,-3.4726362,-2.5226362,-1.1026361
