wind_kz.json
{"header": {"discipline":0,"disciplineName":"Meteorological products","gribEdition":2,"gribLength":1025,"center":7,"centerName":"US National Weather Service - NCEP(WMC)","subcenter":0,"refTime":"2023-09-26T18:00:00.000Z","significanceOfRT":1,"significanceOfRTName":"Start of forecast","productStatus":0,"productStatusName":"Operational products","productType":1,"productTypeName":"Forecast products","productDefinitionTemplate":0,"productDefinitionTemplateName":"Analysis/forecast at horizontal level/layer at a point in time","parameterCategory":2,"parameterCategoryName":"UnknownDiscipline_0_Category_2","parameterNumber":2,"parameterNumberName":"UnknownParameter_D0_C2_2","parameterUnit":"Unknown","genProcessType":2,"genProcessTypeName":"Forecast","forecastTime":60,"surface1Type":103,"surface1TypeName":"Specified height level above ground","surface1Value":10.0,"surface2Type":255,"surface2TypeName":"Missing","surface2Value":0.0,"gridDefinitionTemplate":0,"gridDefinitionTemplateName":"Latitude_Longitude","numberPoints":615,"shape":6,"shapeName":"Earth spherical with radius of 6,371,229.0 m","gridUnits":"degrees","resolution":48,"winds":"true","scanMode":64,"nx":41,"ny":15,"basicAngle":0,"lo1":47.0,"la1":41.0,"lo2":87.0,"la2":55.0,"dx":1.0,"dy":1.0}, "data":
[rows 0 to 14 of 15, columns 0 to 40 of 41]
-0.8075684,1.4124316,-2.2275684,0.45243165,-3.2175684,-3.8275683,-2.6175683,-3.1575685,-3.3175683,-1.4875684,-1.5375683,-0.83756834,-0.46756837,1.0324316,-2.2475684,2.8124316,1.4024316,-1.2375684,-1.5975684,-1.5575683,-1.3975683,-0.36756837,-0.34756836,-1.1275684,0.13243164,1.8824316,2.9924316,2.0724316,0.31243163,1.2224317,-1.5275683,1.9724317,0.22243164,-2.1275682,-1.4275683,1.1224316,0.50243163,-0.03756836,-0.34756836,0.03243164,0.14243165
-0.82756835,-2.7075684,0.93243164,-0.8575684,-3.9275684,-3.1375685,-3.5675683,-2.4775684,-0.8575684,-0.6775684,-0.07756836,-0.24756835,0.91243166,-0.23756836,-0.62756836,-1.8675684,0.21243164,-0.43756837,-1.8675684,-1.3675684,-1.2175684,-0.24756835,1.4224316,3.0724316,1.1824317,0.12243164,0.6424316,0.20243163,2.5924315,1.1824317,0.25243163,1.0724317,-1.6175684,1.8624316,0.54243165,0.56243163,0.25243163,-1.1175684,1.1224316,-1.3975683,-1.4175683
-4.417568,-5.497568,-5.9475684,-5.647568,-4.2375684,-3.4475684,-2.8575683,-2.5275683,-0.6775684,0.90243167,1.8924316,3.0524316,3.6824317,3.4024317,2.4024317,4.252432,-1.9275683,0.91243166,-0.03756836,-0.36756837,0.04243164,3.1024315,2.5024316,4.8924317,-0.027568359,-0.0075683594,6.352432,2.7624316,-0.90756834,-0.84756833,0.55243164,-0.5575684,0.36243165,0.18243164,-0.8075684,1.3424317,0.45243165,-0.08756836,-1.1175684,0.31243163,0.16243164
-7.147568,-6.8275685,-6.6075683,-5.5775685,-4.5175686,-3.2775683,-0.74756837,-1.2175684,0.68243164,1.8024316,3.5324316,3.6424317,3.4124317,5.2824316,2.8024316,2.6924317,-0.27756837,0.8224316,1.8024316,1.7524316,2.9024317,4.542432,2.5324316,3.9924316,4.252432,5.002432,4.3924317,3.0324316,0.78243166,0.5724316,-0.22756836,1.6424316,0.96243167,0.09243164,-1.2475684,0.6924316,1.2524316,1.1724316,-1.9875684,-1.4675684,-2.0575683
-6.207568,-5.9275684,-5.3775682,-4.1575685,-3.2675683,-2.5375683,-1.5775684,-0.53756833,1.2124317,0.96243167,0.27243164,-2.8575683,-3.3575683,-3.5375683,-2.5375683,-3.4275684,-3.7575684,-0.03756836,2.5224316,3.7424316,6.4724317,6.8724318,6.8624315,6.3024316,5.4924316,3.4824317,2.7524316,1.0124316,2.2224317,1.6724316,0.50243163,-0.58756834,2.6724317,2.3124316,-2.7575684,-1.9175683,-3.2475684,-3.8575683,-2.7875683,-2.0775683,-1.2575684
-4.0275683,-3.6075683,-3.7475684,-2.7075684,-2.9775684,-2.6075683,-1.1775683,-0.87756836,-0.29756835,-1.3575684,-3.7675683,-4.3575683,-4.9475684,-4.997568,-4.7575684,-3.8675683,-1.4975684,0.84243166,2.5724316,4.272432,4.6624317,6.4324317,4.9824314,5.1124315,5.3624315,3.9724317,1.7224317,-0.05756836,-1.8275684,-3.3975685,-4.5775685,-4.497568,-3.4375684,-2.2775683,-0.48756835,-1.2175684,-0.47756836,-1.5975684,-2.3575683,-2.4775684,-2.6675684
-2.7675683,-2.3975685,-1.8375684,-1.7875683,-1.2575684,-0.59756833,-0.43756837,-0.56756836,-0.93756837,-1.7375684,-1.8475684,-1.7775683,-1.2575684,-2.5175683,-2.5775683,-2.0975683,-2.0575683,-0.40756837,0.29243165,-2.1275682,-3.2275684,-4.0375686,-1.3675684,3.4024317,3.8124316,-0.16756836,-2.1675684,-3.2875683,-4.5475683,-3.6275682,-3.4575684,-3.0675683,-3.1775684,-3.2475684,-3.2075684,0.22243164,0.90243167,0.24243164,-1.3375684,0.9424316,-2.5175683
-1.3575684,-1.0475683,-0.88756835,0.01243164,0.12243164,0.42243165,0.19243164,0.17243165,0.11243164,0.10243164,-0.31756836,0.5824316,1.2524316,1.8824316,1.4224316,1.4624317,-0.45756835,-1.4875684,-1.5575683,-1.1175684,-3.0275683,-2.8875685,-2.3975685,-2.6775684,-4.2375684,-0.07756836,-1.6375684,-2.0975683,-2.8775682,-1.5175683,1.2424316,2.1724317,3.3924317,3.0324316,1.7624316,-2.2675683,-3.2175684,-5.2375684,-6.247568,-5.0075684,-1.7775683
-0.30756837,0.16243164,1.0224316,1.2624316,1.5824317,1.3924316,1.3224317,1.5024316,1.2124317,1.3924316,1.8424317,1.8024316,1.7124317,0.87243164,0.0024316406,-0.49756837,0.59243166,0.68243164,-0.15756837,-1.3675684,-1.3375684,-1.7675683,-2.4675684,-2.6475685,-3.4775684,-2.1375685,-1.1075684,1.9424317,3.4824317,6.6424317,5.6824317,5.102432,3.3124316,5.1124315,3.6424317,-3.5075684,-1.9175683,0.96243167,-0.21756835,0.11243164,-0.33756837
1.5924317,2.1024315,2.1424317,2.6624317,2.7324317,2.4524317,2.4524317,2.4024317,2.4524317,2.2724316,2.5924315,3.7824316,2.0324316,1.3124317,1.0024316,0.30243164,0.66243166,0.68243164,0.18243164,0.9424316,0.10243164,-0.62756836,0.07243164,-0.18756837,-0.83756834,-0.9775684,-1.4075683,-0.76756835,-0.7275684,-0.31756836,0.90243167,-0.75756836,-0.83756834,-1.0875684,2.4324317,-0.10756836,-2.5875683,-1.7275684,-0.23756836,1.3124317,-1.0675683
2.6524317,3.3824317,3.8224316,4.022432,3.4424317,3.3624315,3.2424316,3.2524316,3.4624317,3.5024316,3.2124317,3.9124317,3.6324317,3.5124316,3.1424317,2.2224317,1.8624316,1.3724316,1.1424316,1.8524317,1.8124317,1.8424317,2.0124316,1.3524317,1.7124317,2.5524316,2.9124317,2.1424317,1.4924316,1.7224317,1.4924316,0.6924316,-0.23756836,-1.3475684,-1.0475683,0.79243165,-1.6975684,0.73243165,-0.027568359,-0.28756836,1.2924316
3.4824317,4.0724316,4.4324317,4.5924315,5.102432,5.062432,4.252432,3.7124317,3.8324316,3.2024317,3.1024315,3.7624316,2.9324317,4.2124314,4.772432,2.8524315,3.6624317,3.1624317,2.4924316,2.0724316,2.1924317,1.5724317,2.2124317,2.3524315,2.6524317,2.4824317,3.2224317,3.0024316,2.3924317,1.9924316,2.6724317,3.6824317,3.0824316,0.80243164,1.9124316,1.7324317,1.0324316,1.5424316,0.47243163,0.73243165,0.15243164
4.522432,5.4424314,4.9324317,5.2124314,5.2324314,4.1724315,4.8624315,4.8924317,4.4624314,2.7224317,2.0424316,4.3424315,2.8424315,3.1624317,3.5724316,2.7724316,3.2424316,4.2324314,2.6324317,3.1824317,2.7024317,2.5524316,2.9324317,1.7624316,2.0924315,2.8524315,3.5324316,4.1724315,4.772432,4.7124314,3.7224317,3.7524316,2.8924317,1.4124316,1.0924317,0.20243163,1.2924316,1.6924317,2.2824316,2.5924315,2.1124315
4.8824315,5.0724316,5.2324314,5.252432,5.3724318,5.2424316,6.042432,4.6724315,2.7624316,2.7924316,1.5424316,4.0524316,5.522432,4.042432,3.5624316,2.1524317,2.5024316,4.1124315,2.9724317,3.3924317,3.6324317,3.4524317,3.4424317,3.5124316,3.5924315,3.0424316,2.6724317,2.7224317,4.272432,3.9424317,3.9024317,2.0024316,1.3424317,2.5324316,1.4024316,0.8824316,1.4524317,1.5824317,3.2224317,3.2124317,3.1024315
3.3024316,4.6824317,5.272432,4.9624314,5.352432,4.5524316,5.2324314,4.9024315,4.7624316,3.2724316,1.4624317,4.2324314,3.3324316,2.0624316,3.2224317,2.5824316,4.3824315,4.1124315,4.332432,4.5124316,3.5824316,2.4424317,2.9324317,3.8324316,4.2224317,3.2924316,2.2924316,2.9124317,2.9124317,3.7024317,3.4824317,2.5924315,3.1224318,1.6224316,1.5724317,1.7924316,1.6824317,2.7424316,2.5124316,3.6424317,2.6124315
