wind_kz.json
{"header": {"discipline":0,"disciplineName":"Meteorological products","gribEdition":2,"gribLength":1025,"center":7,"centerName":"US National Weather Service - NCEP(WMC)","subcenter":0,"refTime":"2023-09-25T12:00:00.000Z","significanceOfRT":1,"significanceOfRTName":"Start of forecast","productStatus":0,"productStatusName":"Operational products","productType":1,"productTypeName":"Forecast products","productDefinitionTemplate":0,"productDefinitionTemplateName":"Analysis/forecast at horizontal level/layer at a point in time","parameterCategory":2,"parameterCategoryName":"UnknownDiscipline_0_Category_2","parameterNumber":3,"parameterNumberName":"UnknownParameter_D0_C2_3","parameterUnit":"Unknown","genProcessType":2,"genProcessTypeName":"Forecast","forecastTime":180,"surface1Type":103,"surface1TypeName":"Specified height level above ground","surface1Value":10.0,"surface2Type":255,"surface2TypeName":"Missing","surface2Value":0.0,"gridDefinitionTemplate":0,"gridDefinitionTemplateName":"Latitude_Longitude","numberPoints":615,"shape":6,"shapeName":"Earth spherical with radius of 6,371,229.0 m","gridUnits":"degrees","resolution":48,"winds":"true","scanMode":64,"nx":41,"ny":15,"basicAngle":0,"lo1":47.0,"la1":41.0,"lo2":87.0,"la2":55.0,"dx":1.0,"dy":1.0}, "data":
[rows 0 to 14 of 15, columns 0 to 40 of 41]
-0.9610669,-2.0810668,0.09893311,-5.6910667,-2.921067,-2.6010668,0.5189331,1.4089332,0.4189331,0.62893313,-0.3410669,0.5189331,0.3789331,-0.42106688,-0.87106687,-1.9010669,-2.1510668,-1.9410669,-3.491067,-2.001067,-1.5810668,-1.2710669,0.6589331,-0.5110669,-1.2110668,-1.0410669,-1.1410669,0.8689331,1.398933,3.318933,0.4689331,-0.1510669,0.7889331,-2.161067,-1.7410669,1.278933,0.5389331,1.3889331,0.6489331,2.6989331,1.7589331
0.8689331,0.038933106,-5.261067,-4.5210667,-1.7410669,0.9689331,1.3889331,2.6889331,1.6189331,1.3289331,0.6089331,0.7189331,0.7089331,1.0889331,-1.4510669,-0.8010669,-0.56106687,-1.8710669,-4.2310667,-3.8810668,-3.181067,-1.7010669,1.5789331,1.4789331,0.3589331,-1.5110669,-2.501067,1.3389331,0.3189331,2.298933,2.9289331,4.7289333,0.5189331,-0.7710669,-1.8110669,-1.9210669,-1.4210669,-1.8910669,0.3889331,-2.171067,0.48893312
-0.19106689,-5.851067,-5.061067,-4.4610667,-4.891067,4.7889333,1.8789331,1.1589332,2.1589332,1.7989331,1.2089331,1.9689331,0.9589331,0.9589331,0.1789331,-0.4910669,-1.0710669,-2.491067,-3.471067,-3.951067,-2.221067,-1.8010669,-0.9210669,-0.2110669,0.26893312,-0.021066895,0.078933105,0.22893311,-0.4010669,1.028933,3.728933,1.1589332,1.4889331,-0.6110669,-0.5010669,2.1089332,4.0589333,0.5589331,0.3689331,0.1889331,1.1289331
-0.011066895,-1.3010669,-1.8910669,-5.241067,3.788933,5.108933,2.6489332,3.6789331,3.1389332,2.588933,1.7489331,1.2989331,1.7889332,1.1889331,-0.041066896,-0.5710669,-1.3910669,-2.8910668,-4.2510667,-4.491067,-0.5110669,-1.1710669,2.338933,-0.7610669,-1.2910669,-1.4210669,-1.231067,-2.0510669,0.3589331,-1.5310669,-0.6610669,-1.5010669,-1.5710669,-0.11106689,-0.2010669,-4.161067,-2.041067,2.1289332,0.5889331,0.6789331,1.2089331
-1.0210669,-1.8410668,-2.741067,-2.0610669,3.3589332,4.318933,4.408933,5.5189333,3.8789332,2.778933,2.978933,2.338933,1.2189331,0.5289331,-0.7210669,-1.4010669,0.8189331,-2.661067,-3.191067,-2.941067,-1.0210669,0.4789331,-0.2310669,-0.7610669,-1.0510669,-1.1410669,-1.5810668,-0.8210669,-1.2110668,-1.5910668,-2.5710669,-0.2710669,2.4189332,3.768933,-0.7010669,-0.3510669,1.8889331,-4.061067,-1.4910669,0.8189331,0.4289331
0.4389331,-0.9410669,-2.8110669,-1.8710669,0.4189331,3.8589332,4.3289332,4.658933,4.338933,2.738933,2.488933,2.3589332,0.7089331,-0.7510669,-1.4610668,-2.3810668,-0.5510669,-2.291067,-2.0810668,-1.9010669,-0.42106688,1.268933,1.3689331,0.3189331,0.3889331,-0.7710669,-1.5010669,-0.7710669,-0.8910669,-2.011067,-2.211067,-2.1110668,-1.5810668,-1.8110669,1.4289331,1.4089332,3.3489332,3.078933,-0.7410669,-1.721067,-1.1410669
0.5389331,1.4689331,1.1789331,-0.7210669,-1.2810669,1.1389331,2.088933,3.3689332,3.6289332,3.518933,3.258933,2.9089332,2.328933,0.7189331,-0.2710669,0.1589331,-0.7310669,-0.3610669,-0.4310669,-1.2410669,-1.1910669,0.5289331,0.8689331,0.3789331,0.3589331,0.4689331,-1.8310668,-2.0610669,-2.1210668,-0.7810669,-2.481067,-4.351067,-3.781067,-1.1110669,-2.281067,-2.041067,-3.3710668,-1.8110669,1.0989331,-1.2910669,-0.5910669
1.018933,0.1589331,-0.2010669,-3.0810668,1.6589332,0.9889331,2.748933,3.1089332,4.338933,3.4389331,3.728933,3.4389331,2.558933,1.3789331,1.898933,1.4489331,0.5989331,0.108933106,0.3789331,0.9789331,-1.2110668,-0.1410669,0.5589331,1.9689331,2.328933,0.8589331,1.5389332,-0.4110669,-0.6810669,-1.4610668,-1.2410669,-1.3710669,-2.8110669,-3.691067,-0.11106689,-0.19106689,-1.8410668,0.3989331,-1.351067,0.3389331,-1.5510669
2.1989331,1.4289331,1.3389331,-1.5610669,-2.1110668,1.0889331,1.5889331,2.6889331,3.1889331,3.6689332,3.268933,3.008933,1.5089331,2.4089332,3.578933,2.3989332,2.1489332,1.7289331,1.3489331,2.3489332,2.078933,0.3689331,1.9189332,1.6289331,1.6389331,1.7289331,1.1789331,1.398933,0.8689331,0.058933105,0.4689331,0.9689331,2.078933,0.48893312,1.2089331,1.5389332,-2.3110669,-0.2810669,-0.0910669,-0.9710669,-3.5510669
-0.101066895,1.1989331,2.1689332,0.8289331,-1.9510669,-3.8710668,-2.8610668,3.1989331,3.278933,3.558933,3.1789331,3.4289331,2.4089332,3.058933,3.808933,3.248933,2.8989332,2.3989332,2.3589332,2.3689332,2.708933,3.088933,2.058933,2.1989331,3.038933,2.228933,1.9989331,1.2889332,1.1989331,1.8789331,2.1189332,1.648933,2.788933,1.6589332,0.8889331,0.5889331,0.4389331,-1.6510669,-0.9210669,2.9089332,2.788933
-3.221067,-2.171067,1.2189331,1.4989331,0.048933104,-1.4610668,2.038933,2.8489332,3.498933,3.058933,3.1189332,3.268933,3.338933,3.6789331,3.488933,3.518933,3.9289331,3.6189332,3.078933,3.068933,2.9289331,2.758933,2.498933,2.9489331,2.248933,2.218933,1.778933,2.3589332,2.468933,1.9389331,2.478933,3.1989331,2.708933,2.208933,1.8589331,0.8989331,0.3889331,1.9589331,1.3889331,1.4289331,0.5189331
-1.5010669,-3.731067,-3.3410668,-0.2710669,4.3089333,3.288933,0.68893313,1.8189331,1.898933,2.268933,2.1789331,2.538933,2.8589332,3.008933,3.3489332,3.708933,3.9089332,3.468933,3.818933,3.6289332,3.4389331,2.8989332,2.548933,2.4189332,2.6389332,2.458933,3.268933,2.8589332,3.208933,2.708933,3.238933,3.748933,2.6089332,2.518933,2.038933,1.5789331,1.4189332,2.538933,2.288933,2.1389332,1.1589332
-2.1110668,-0.7610669,-2.251067,-3.211067,-2.781067,-0.5110669,-1.8410668,1.6289331,2.968933,1.9789331,1.3489331,2.1689332,2.828933,2.818933,2.818933,2.6989331,2.6889331,2.788933,3.318933,3.248933,4.2689333,4.148933,3.538933,3.1789331,3.3989332,3.4289331,3.218933,2.9189332,3.0989332,3.4089332,3.708933,3.748933,3.3989332,3.4189332,3.1989331,3.208933,2.6489332,1.7489331,2.4089332,1.5789331,0.7689331
-1.8910669,-2.201067,-0.5810669,-2.1210668,-2.5810668,-2.0610669,-3.6110668,-2.431067,-2.261067,2.028933,2.068933,0.6489331,1.2289331,2.4089332,2.208933,2.228933,2.1789331,2.458933,2.8789332,2.4489331,2.6689332,3.208933,3.038933,3.1289332,3.3889332,3.498933,3.278933,3.588933,3.6089332,3.8989332,4.188933,4.398933,4.198933,4.068933,3.008933,3.1489332,2.748933,2.3689332,1.8489331,2.1989331,2.478933
-2.021067,-2.521067,-2.3510668,-1.3410668,0.5289331,-1.4210669,-2.1510668,-1.0710669,-2.731067,-2.1210668,-0.7510669,0.06893311,1.278933,0.14893311,0.6789331,1.4889331,1.9489331,1.8189331,2.058933,1.5789331,1.1789331,1.1989331,1.648933,1.9789331,2.788933,3.1089332,3.728933,4.448933,4.398933,4.698933,5.448933,6.5189333,4.898933,4.918933,4.658933,4.638933,4.648933,4.238933,4.198933,3.488933,1.3889331
