wind_kz.json
{"header": {"discipline":0,"disciplineName":"Meteorological products","gribEdition":2,"gribLength":1025,"center":7,"centerName":"US National Weather Service - NCEP(WMC)","subcenter":0,"refTime":"2024-01-31T00:00:00.000Z","significanceOfRT":1,"significanceOfRTName":"Start of forecast","productStatus":0,"productStatusName":"Operational products","productType":1,"productTypeName":"Forecast products","productDefinitionTemplate":0,"productDefinitionTemplateName":"Analysis/forecast at horizontal level/layer at a point in time","parameterCategory":2,"parameterCategoryName":"UnknownDiscipline_0_Category_2","parameterNumber":3,"parameterNumberName":"UnknownParameter_D0_C2_3","parameterUnit":"Unknown","genProcessType":2,"genProcessTypeName":"Forecast","forecastTime":0,"surface1Type":103,"surface1TypeName":"Specified height level above ground","surface1Value":10.0,"surface2Type":255,"surface2TypeName":"Missing","surface2Value":0.0,"gridDefinitionTemplate":0,"gridDefinitionTemplateName":"Latitude_Longitude","numberPoints":615,"shape":6,"shapeName":"Earth spherical with radius of 6,371,229.0 m","gridUnits":"degrees","resolution":48,"winds":"true","scanMode":64,"nx":41,"ny":15,"basicAngle":0,"lo1":47.0,"la1":41.0,"lo2":87.0,"la2":55.0,"dx":1.0,"dy":1.0}, "data":
[rows 0 to 14 of 15, columns 0 to 40 of 41]
0.17517883,-3.0448213,1.4351789,-0.66482115,-2.244821,-2.8748212,0.90517884,-1.3948212,-0.114821166,0.045178834,0.44517884,0.12517883,0.39517882,0.33517882,0.30517882,0.6851788,0.89517885,0.58517885,2.275179,2.015179,-4.114821,-1.7748212,-1.9148211,0.65517884,0.32517883,1.7951789,1.4451789,1.8951788,1.3151789,-1.6948211,-1.6948211,-0.92482114,1.5751789,1.4951788,0.6251788,1.4551789,1.6051788,-0.12482116,0.20517883,-2.244821,-1.7848212
2.1051788,1.3751788,0.26517883,-2.0648212,-2.3048213,-2.5448213,-0.6848212,1.0551789,-0.41482118,-0.004821167,-0.33482116,-1.2848212,-0.004821167,0.44517884,0.6851788,1.4351789,1.2151788,1.1251788,0.96517885,1.7251788,0.97517884,2.5651789,4.0551786,3.2151787,1.2451788,3.495179,-0.35482118,3.1551788,1.2951789,2.505179,5.565179,4.895179,0.31517884,-1.4148211,-2.1148212,-1.3548212,0.24517883,-0.32482117,-1.0748211,-2.004821,-1.5248212
-0.8648212,-2.4348211,-2.974821,-2.474821,-2.5948212,-0.89482117,0.07517883,0.18517883,0.64517885,0.47517884,0.66517884,0.53517884,0.8051788,1.0351788,1.2751788,2.1651788,2.8151789,1.8851788,1.7251788,1.3551788,0.83517885,3.235179,4.665179,5.0951786,0.5651788,-0.54482114,1.3251789,-0.19482116,-0.39482117,0.66517884,3.8051789,0.65517884,0.20517883,-1.0348212,0.6851788,1.0551789,4.7851787,0.045178834,0.89517885,-2.3248212,-1.9448211
-0.32482117,-2.2848213,-2.224821,-2.4048212,-1.9748212,1.2751788,0.49517882,2.6051788,1.5551789,1.0251788,0.6951788,0.96517885,-0.26482117,-0.12482116,2.8951788,3.1451788,3.5551789,2.0551789,1.7051789,1.9551789,2.8551788,4.385179,0.43517885,6.125179,2.9751787,-0.34482116,0.8851788,1.2251788,1.5451789,-0.65482116,-0.5648212,-1.4748212,0.08517883,0.66517884,0.77517885,-2.3148212,-2.0648212,0.72517884,3.3151789,2.7151787,1.3051789
0.07517883,0.07517883,0.26517883,0.35517883,1.2351788,1.8351789,2.7051787,4.085179,1.8651788,2.7251787,2.3651788,1.3651788,-0.32482117,-0.33482116,0.76517886,2.775179,2.515179,1.8751788,1.5851789,2.0951788,3.045179,2.255179,1.7351788,0.48517883,1.6151788,6.2851787,5.4751787,3.0551789,3.4051788,2.8351789,1.5451789,1.3951788,1.2151788,1.7751788,-1.3248211,-0.6148212,0.025178833,-0.6248212,-0.054821167,1.0551789,0.8651788
-0.9348212,-0.95482117,-1.3448212,-0.34482116,0.20517883,0.66517884,1.3051789,1.2751788,2.8051789,3.5951788,3.3951788,3.1751788,1.0851789,1.3151789,-0.52482116,2.0551789,2.1051788,1.7751788,1.1651788,1.2051789,2.0551789,3.3851788,4.545179,3.4651787,2.9051788,6.965179,5.125179,3.035179,2.8051789,1.9751788,-0.12482116,-0.70482117,-0.78482115,1.5951788,2.045179,2.275179,2.8551788,1.5151788,0.37517884,-2.1448212,-0.49482116
-2.8448212,-2.754821,-3.0848212,-2.954821,-2.494821,-1.3548212,0.34517884,1.4051788,2.295179,2.285179,3.245179,3.1951787,3.525179,3.3551788,3.3351789,3.3851788,2.9351788,1.8451788,1.0651789,0.34517884,1.4751788,3.265179,4.005179,4.5551786,3.3551788,3.4551787,1.1451788,2.1451788,-0.45482117,-0.5148212,-0.07482117,-1.3848212,-1.4848212,2.505179,0.85517883,0.21517883,-2.1948211,0.9251788,-1.0948212,-2.214821,1.7551788
-3.3748212,-3.6548212,-3.754821,-4.034821,-4.114821,-3.754821,-3.0448213,-1.0748211,-0.014821167,0.83517885,2.255179,3.1951787,3.0551789,3.8551788,3.1651788,3.6251788,3.2051787,1.8151789,1.4951788,1.4751788,1.2851788,2.495179,2.2251787,4.2051787,5.0751786,4.085179,6.125179,1.3351789,0.54517883,-0.16482116,0.14517884,1.4751788,0.78517884,2.3951788,1.4851788,0.90517884,0.08517883,-0.46482116,-0.71482116,0.79517883,0.46517885
-3.4248211,-4.334821,-3.6448212,-3.6948211,-4.2148213,-4.164821,-4.034821,-3.0948212,-1.6048212,-0.024821168,1.0951788,2.8651788,2.6051788,3.295179,2.7151787,3.3951788,2.9551787,2.3651788,2.1451788,1.6551788,2.1051788,2.7151787,3.245179,2.8051789,3.8651788,4.525179,2.0851789,2.8651788,3.3551788,2.8251789,3.4451787,5.385179,4.7251787,4.775179,2.8151789,3.3051789,-1.6548212,1.1751789,0.91517884,0.58517885,-1.5548211
-2.1048212,-2.6348212,-2.744821,-4.5448213,-6.724821,-4.054821,-4.074821,-3.2848213,-2.4448211,-1.0248212,0.8051788,2.4251788,3.2051787,2.8451788,2.9151788,2.6751788,2.755179,1.7951789,1.6551788,0.89517885,1.0151788,2.245179,3.0551789,3.3951788,3.6151788,3.6851788,2.8651788,2.995179,2.525179,2.7151787,2.6351788,4.2651787,5.315179,4.905179,4.585179,1.8051789,1.6451788,-1.5548211,0.65517884,3.045179,3.775179
-2.6648211,-2.964821,-3.5648212,-4.864821,-3.744821,-2.3148212,-3.4148211,-2.5348213,-1.2048211,-1.3348212,-0.37482116,1.9051788,2.6351788,3.1751788,2.9651787,3.005179,3.525179,2.295179,1.8751788,1.7951789,1.1851789,1.6851789,2.4051788,3.545179,3.1651788,3.2251787,2.275179,3.005179,3.1551788,1.5151788,2.4151788,2.2151787,2.755179,4.115179,5.275179,1.7351788,1.2951789,2.5751789,1.5051788,1.5551789,-0.114821166
-1.0448211,-1.4648212,-2.6748211,-5.104821,-6.114821,-7.354821,-6.784821,-4.784821,-3.1248212,-0.16482116,0.54517883,0.25517884,1.7251788,2.6451788,3.045179,3.3651788,3.5551789,3.525179,2.1851788,2.5551789,2.8151789,0.9451788,1.1951789,0.35517883,2.9051788,2.7251787,3.3151789,2.1951787,2.535179,2.5551789,2.1451788,2.235179,1.5251788,2.2251787,2.4451787,0.29517883,0.70517886,1.8251789,1.8651788,1.2551788,0.22517884
-3.204821,-1.5348212,-3.0248213,-3.0648212,-6.2548213,-5.9448214,-7.3148212,-6.704821,-3.8748212,-0.09482117,0.20517883,-0.26482117,1.8051789,2.3851788,3.0951788,3.1751788,3.265179,3.505179,3.1551788,2.7251787,3.045179,2.8651788,2.3151789,2.4551787,2.8751788,2.3251789,2.8751788,1.8651788,2.2051787,1.8951788,1.9451789,2.0951788,1.4351789,0.65517884,1.5551789,2.0551789,1.2251788,0.27517882,0.6251788,0.19517884,0.31517884
-1.9148211,-1.9948212,-4.994821,-2.6948211,-7.864821,-7.2948213,-6.824821,-7.014821,-6.884821,-1.5548211,1.0251788,-0.16482116,-0.40482116,0.71517885,1.7851788,2.6351788,3.6551788,3.9551787,3.8451788,3.2251787,2.985179,2.8551788,2.1251788,1.8451788,0.5551788,1.2151788,1.5051788,1.5251788,1.9451789,2.1851788,2.0551789,2.4451787,2.4251788,2.7251787,1.2651788,1.6351788,0.41517884,-0.39482117,-0.43482116,0.20517883,0.26517883
-0.89482117,-3.4148211,-4.2348213,-3.754821,-6.724821,-6.6748214,-6.594821,-6.684821,-6.4048214,-5.0448213,1.4551789,1.1551788,0.90517884,0.35517883,1.0851789,2.735179,3.3251789,3.745179,3.6451788,3.5851789,3.2251787,2.4351788,2.0551789,1.9151788,1.8051789,1.5751789,1.8051789,2.1751788,2.4751787,2.5551789,2.6151788,2.795179,2.4651787,2.4151788,2.1451788,2.015179,1.2351788,0.46517885,0.34517884,0.25517884,-0.12482116
