wind.json
{"header": {"discipline":0,"disciplineName":"Meteorological products","gribEdition":2,"gribLength":1211,"center":7,"centerName":"US National Weather Service - NCEP(WMC)","subcenter":0,"refTime":"2023-06-29T12:00:00.000Z","significanceOfRT":1,"significanceOfRTName":"Start of forecast","productStatus":0,"productStatusName":"Operational products","productType":1,"productTypeName":"Forecast products","productDefinitionTemplate":0,"productDefinitionTemplateName":"Analysis/forecast at horizontal level/layer at a point in time","parameterCategory":2,"parameterCategoryName":"UnknownDiscipline_0_Category_2","parameterNumber":2,"parameterNumberName":"UnknownParameter_D0_C2_2","parameterUnit":"Unknown","genProcessType":2,"genProcessTypeName":"Forecast","forecastTime":120,"surface1Type":103,"surface1TypeName":"Specified height level above ground","surface1Value":10.0,"surface2Type":255,"surface2TypeName":"Missing","surface2Value":0.0,"gridDefinitionTemplate":0,"gridDefinitionTemplateName":"Latitude_Longitude","numberPoints":688,"shape":6,"shapeName":"Earth spherical with radius of 6,371,229.0 m","gridUnits":"degrees","resolution":48,"winds":"true","scanMode":64,"nx":43,"ny":16,"basicAngle":0,"lo1":45.0,"la1":40.0,"lo2":87.0,"la2":55.0,"dx":1.0,"dy":1.0}, "data":
[rows 0 to 15 of 16, columns 0 to 42 of 43]
1.2282916,-2.9717083,-2.1217084,-3.7617083,-7.2817082,-5.1517086,-3.5817084,0.33829162,4.0982914,0.7582916,0.52829164,-1.1117084,-0.34170836,0.83829165,0.9482916,0.09829163,0.6382916,0.8682916,0.24829163,0.32829162,1.3382916,1.0682917,1.0182916,0.40829164,3.2582917,5.868292,5.2982917,-0.09170838,1.7382916,1.9782916,1.0182916,0.42829162,-1.1017084,-0.14170837,0.15829162,-4.7217083,-2.3517084,-4.841708,-3.5317085,-2.4417083,0.6382916,-1.2217084,-1.3517084
-2.4717083,-4.571708,-0.38170838,1.6182916,-3.1417084,-1.9417083,-0.8917084,1.5782917,6.6482916,3.6582916,1.2782916,0.46829164,1.2682916,4.3782916,2.1382916,5.158292,1.0282916,2.4682915,0.95829165,2.6482916,1.5082916,2.1082916,3.2082915,1.7382916,5.2082915,7.1482916,8.2282915,4.178292,6.2582917,6.9782915,3.1782916,1.1582916,7.0982914,0.29829162,-2.1817083,-2.3517084,-4.3917084,0.18829162,3.6482916,5.698292,4.9782915,7.408292,3.2582917
-1.7017083,1.0782917,0.23829162,-1.9717084,-2.1417084,-1.8317084,0.47829163,2.2482917,6.9682918,0.65829164,0.9382916,1.6982917,2.0282917,0.47829163,3.5982916,-0.5117084,2.8282917,4.3482914,4.5082917,3.2782917,3.4582915,3.3782916,4.1482916,0.118291624,3.6082916,4.158292,2.5582917,0.12829162,-3.1617084,4.368292,-1.7817084,0.8682916,1.2882916,0.71829164,-1.3317084,0.13829163,-0.11170837,-1.7217084,-1.9517083,0.41829163,2.3582916,4.948292,-0.54170835
-1.8617084,-1.5017084,-5.9617085,-3.9717083,-3.1317084,-1.3217083,1.4782916,5.618292,-0.33170837,1.2082916,2.5282917,2.4682915,1.2882916,3.0782917,-1.5717083,0.6682916,4.638292,6.698292,4.5182915,4.158292,5.138292,6.3282914,6.0682917,3.3982916,6.7282915,7.5082917,8.308291,8.448292,4.0582914,5.5882916,2.6382916,-1.7517084,-1.2417084,-1.3017083,-0.051708374,-0.5117084,2.0082917,-1.3817084,0.82829165,-0.041708373,-2.9117084,-0.67170835,2.9382915
-5.0417085,-6.8317084,-6.6617084,-3.5217085,-1.4617084,1.2582916,6.178292,0.46829164,1.2282916,0.51829165,0.8782916,2.6082916,3.5182917,-0.5517084,-2.4417083,2.1282916,4.6482916,6.4782915,7.408292,6.0582914,4.888292,6.7382917,6.6482916,7.3282914,6.2982917,8.608292,8.148292,8.658292,9.038292,9.638291,7.6482916,5.658292,0.21829163,4.6082916,8.078292,5.2582917,7.3282914,3.0782917,0.18829162,0.20829162,-1.2117084,-3.7617083,1.7282916
-4.9917083,-4.3317084,-4.611708,-0.17170838,1.0482917,1.8382916,2.6882915,1.4082916,2.0682917,2.2982917,0.8082916,1.3382916,2.7082915,3.5682917,2.6982915,2.6082916,6.0082917,10.298291,5.448292,6.408292,4.7782917,6.138292,7.7082915,6.8182917,7.7382917,9.208292,8.068292,8.468291,9.998292,8.458292,7.948292,8.508291,5.7782917,5.0182915,4.3382916,1.3482916,-1.7417084,9.778292,12.448291,3.1382916,4.9182916,3.0682917,4.9782915
-2.1217084,1.5982916,-0.48170838,0.5082916,2.8682916,3.6582916,5.5482917,5.888292,7.138292,4.2782917,1.8882916,2.7182915,4.388292,4.9682918,1.8182917,4.5982914,7.158292,7.5582914,3.7782917,4.7882915,6.1482916,5.8982916,6.7182918,5.698292,6.388292,7.1682916,6.5982914,7.698292,7.118292,0.16829163,5.7482915,9.498292,2.7882917,3.8182917,1.1582916,0.6282916,0.47829163,2.9982917,8.378292,8.248292,9.288292,7.7882915,-0.97170836
-1.2717084,-1.5117084,-2.5717084,1.9582916,-2.3517084,4.6482916,6.0282917,7.8182917,1.8282917,3.2282915,-1.5717083,2.7582917,0.71829164,6.0882916,3.3282917,3.8882916,5.158292,5.3282914,1.4482917,3.3982916,5.0182915,3.5582917,2.0782917,-1.9217083,0.9482916,7.1282916,10.218291,4.5782914,5.7382917,7.2082915,2.4982917,6.6682916,7.7782917,5.6682916,8.518291,7.5682917,6.8782916,7.5482917,6.8482914,0.6982916,2.3182917,2.0182917,6.0682917
-0.97170836,-0.66170835,0.45829162,0.43829164,1.3382916,1.5282916,1.4882916,2.3082917,2.1182916,2.9682915,1.9282917,1.5282916,3.9682915,6.7082915,-0.26170838,5.8482914,0.95829165,4.0382915,3.5382917,4.8782916,3.5782917,-3.6717083,-3.3417084,1.9482917,7.7582917,4.8082914,-8.641708,-8.151709,-0.021708375,8.208292,1.8082917,7.7782917,5.2982917,5.3482914,7.2982917,2.8082917,4.0982914,1.4182916,0.53829163,3.7982917,7.3582916,6.1482916,5.5382915
1.7382916,-1.2617084,2.1182916,2.2682917,0.018291626,1.6182916,1.7782916,1.5082916,2.1682916,2.5782917,-0.5017084,3.1782916,2.5382917,0.4982916,2.9482915,-0.15170838,2.3682916,4.0282917,1.4782916,9.198292,-2.4017084,-3.4917083,1.3682916,3.0382917,-1.9117084,1.0382916,-2.5717084,-3.2617083,-0.78170836,5.8182917,1.5082916,6.1082916,-6.4417086,-5.2617083,-1.7517084,-0.59170836,1.8382916,2.9282916,2.7682917,1.3082917,0.95829165,0.47829163,1.7982917
0.72829163,1.5982916,0.8682916,2.1882915,3.1682916,1.1782917,3.5382917,1.8882916,2.8582916,3.5082917,3.1682916,-2.2317083,3.3082917,-1.2817084,5.5882916,2.1282916,2.5382917,3.2782917,0.51829165,0.44829163,5.5582914,-2.0517085,-1.4417083,-2.0517085,-5.9517083,-6.8117085,-0.9917084,-5.9017086,0.06829163,-6.8517084,-7.6517086,-7.7217083,-6.341708,-4.1917086,-2.4517083,-1.5717083,-0.8117084,2.8382916,2.8882916,0.8882916,1.0282916,0.2782916,1.0682917
-0.24170837,0.7982916,1.2182916,2.1282916,0.4982916,1.5382916,1.7582916,2.5182917,3.7082915,1.1082916,-0.7417084,0.6682916,-2.4517083,0.78829163,3.6282916,0.6382916,-0.40170836,-0.6417084,7.7882915,-2.8317084,-2.7517083,-6.9117084,-1.5217084,-5.2117085,-5.631708,-7.321708,-7.6817083,-7.9617085,-7.9517083,-8.031709,-7.4817085,-6.6717086,-5.2117085,-4.2417083,-5.4317083,-5.4217086,-4.7817082,-4.4717083,-1.7217084,0.108291626,-3.6117084,0.09829163,-0.23170838
0.47829163,1.0582917,1.6882917,-0.13170837,3.7682917,0.35829163,0.47829163,1.8582916,-2.3517084,1.9682916,0.7382916,0.6382916,3.2482917,-0.41170838,3.7582917,-0.7517084,-0.7517084,0.78829163,-3.2417083,-3.8917084,-5.9117084,-4.0317082,-5.5117083,-5.4117084,-7.2917085,-7.8717084,-7.9517083,-7.9317083,-7.9917083,-7.9117084,-7.4517083,-6.6217084,-5.9717083,-6.361708,-5.2717085,-5.2717085,-4.4617085,-6.3517084,-5.1017084,-5.7217083,-2.8917084,-0.92170835,-1.6217084
2.2982917,2.7382917,0.7382916,1.0882916,-3.1917083,1.9882916,0.9982916,1.3782916,1.3182917,0.09829163,1.0682917,0.5482916,0.06829163,4.1682916,2.4582915,-0.40170836,-0.42170838,-1.6217084,-1.4317083,-1.9117084,-4.8917084,-4.611708,-4.8117085,-4.6517086,-6.7317085,-7.2817082,-8.371708,-8.281709,-8.051708,-6.881708,-6.9417086,-6.3317084,-6.4717083,-6.381708,-5.7017083,-5.3517084,-5.4817085,-4.7817082,-4.3917084,-2.4117084,-4.7717085,-4.3717084,-4.0017085
3.3082917,2.8582916,1.6682916,3.7982917,1.9082916,3.9282916,2.3482916,2.2182915,1.8182917,1.6382916,1.9382917,2.2382917,0.7482916,3.7082915,1.5482917,1.5982916,-0.8617084,-0.8317084,-1.7917084,-1.9417083,-3.7017083,-4.381708,-4.1817083,-4.5817084,-6.2617083,-6.7917085,-6.8517084,-7.1517086,-6.9817085,-6.551708,-6.3517084,-6.4117084,-6.0217085,-6.7517085,-6.8717084,-7.1217084,-4.6217084,-4.5817084,-6.571708,-4.7717085,-4.7417083,-3.7717085,-3.5117083
4.0282917,3.5182917,3.7082915,4.5882916,3.4182916,4.2282915,4.2882915,5.0882916,4.3782916,4.388292,2.5682917,3.0582917,2.4582915,1.7082916,1.5882916,3.2982917,0.15829162,0.9282916,-0.45170838,-0.49170837,-1.6017084,-3.8517084,-2.9617083,-3.7617083,-2.8217084,-4.111708,-4.0817084,-4.4317083,-4.631708,-5.0817084,-4.4817085,-5.6417084,-5.1217084,-5.4717083,-5.2717085,-5.6917086,-6.361708,-5.1717086,-3.9517083,-4.9617085,-4.7017083,-4.9217086,-3.9317083
