wind_kz.json
{"header": {"discipline":0,"disciplineName":"Meteorological products","gribEdition":2,"gribLength":1025,"center":7,"centerName":"US National Weather Service - NCEP(WMC)","subcenter":0,"refTime":"2023-08-19T18:00:00.000Z","significanceOfRT":1,"significanceOfRTName":"Start of forecast","productStatus":0,"productStatusName":"Operational products","productType":1,"productTypeName":"Forecast products","productDefinitionTemplate":0,"productDefinitionTemplateName":"Analysis/forecast at horizontal level/layer at a point in time","parameterCategory":2,"parameterCategoryName":"UnknownDiscipline_0_Category_2","parameterNumber":3,"parameterNumberName":"UnknownParameter_D0_C2_3","parameterUnit":"Unknown","genProcessType":2,"genProcessTypeName":"Forecast","forecastTime":0,"surface1Type":103,"surface1TypeName":"Specified height level above ground","surface1Value":10.0,"surface2Type":255,"surface2TypeName":"Missing","surface2Value":0.0,"gridDefinitionTemplate":0,"gridDefinitionTemplateName":"Latitude_Longitude","numberPoints":615,"shape":6,"shapeName":"Earth spherical with radius of 6,371,229.0 m","gridUnits":"degrees","resolution":48,"winds":"true","scanMode":64,"nx":41,"ny":15,"basicAngle":0,"lo1":47.0,"la1":41.0,"lo2":87.0,"la2":55.0,"dx":1.0,"dy":1.0}, "data":
[rows 0 to 14 of 15, columns 0 to 40 of 41]
3.6618116,-1.8381885,1.7618115,-0.10818848,-1.1481885,-3.8181884,-4.8781886,-6.8681884,-1.8381885,-2.5981884,-2.1781886,-2.1581886,-6.5581884,-5.0981884,3.5218115,0.6818115,-2.3081884,-4.2881885,-1.8381885,0.8518115,-3.0681884,-4.3481884,-4.1881886,-0.84818846,-1.8681885,-0.8181885,-1.5481884,1.5218115,0.7618115,2.2418115,1.5818115,2.1218116,-1.0181885,-1.1881884,0.20181152,-0.78818846,-2.0181885,-0.08818848,-1.5381885,-1.1581885,2.8518114
-0.6181885,1.4518116,3.8818116,-1.2881885,0.42181152,-2.5581884,-4.6181884,-2.6981885,-3.8581884,-2.1281884,-1.0881885,-0.11818848,-0.41818848,-2.3581884,-0.23818848,-2.6181884,-4.1781883,-3.8581884,-1.3581885,-1.5281885,-2.3781884,-3.4681885,-2.2681885,0.9918115,0.45181152,0.18181153,-3.0381885,-0.2881885,-0.47818848,-0.19818848,0.6718115,1.5318115,-1.2781885,-0.028188476,0.011811524,-1.6581885,-1.4181885,-4.0381885,-2.0081885,-2.5881884,1.1018115
0.9318115,0.18181153,-0.49818847,1.1718116,-1.4881885,-1.4081885,-1.4981885,-3.7581885,-1.9481884,-2.1981885,-2.3881884,-1.4081885,-2.5881884,2.5818114,-1.3981885,-3.2581885,-2.9381886,-3.2481885,-2.4181886,-2.4081886,-1.7681885,-2.0181885,-3.6681886,-1.6581885,0.7518115,-0.44818848,-0.5181885,0.111811526,-0.44818848,1.1718116,3.4318116,0.45181152,1.6818116,-1.6581885,-0.15818848,2.9218116,2.2418115,-1.1481885,0.25181153,0.29181153,-0.19818848
0.081811525,-0.15818848,-0.71818846,-1.5081885,-2.8081884,-0.52818847,-4.3381886,-2.1681886,-4.7481885,-1.4681885,0.011811524,-3.8381884,-3.7481885,-0.9381885,-2.2781885,-2.7581885,-3.5981884,-0.6981885,-1.0681884,-1.9881885,-1.9181885,-1.3681885,-1.3781885,-2.6881886,-2.2581885,-3.9281886,-3.2181885,-2.2681885,-1.3681885,-2.8781884,-3.6581886,-2.9381886,-2.0481884,1.0118115,0.16181153,-3.4881885,-0.8881885,2.9418116,0.45181152,1.2818115,0.97181153
-0.24818848,-0.038188476,-2.2581885,-2.9781885,-2.6981885,-2.1681886,1.3218116,-0.8281885,-1.7681885,6.6118116,-1.5481884,-3.4881885,-4.3581886,-3.2981884,-3.0981884,-3.0181885,-1.0781884,-0.41818848,-0.46818846,-2.0081885,-0.9581885,-0.5781885,-3.3281884,-1.6281885,0.22181152,-2.4581885,-3.5181885,-3.1981885,-1.2981884,-2.3681884,-3.0181885,-1.1381885,2.1718116,3.6818116,-0.8281885,-1.7781885,-5.4081883,2.2718115,-3.5981884,-3.7381885,0.20181152
2.5618114,-0.8081885,-1.9181885,-2.9081886,-5.6881886,-7.8381886,-2.7781885,-0.5781885,1.9518116,1.1618115,0.011811524,0.64181155,-0.2881885,-1.2081885,-2.6981885,-3.3081884,-2.1681886,-0.59818846,1.1918116,-0.39818847,0.14181152,1.8518115,-0.5681885,-3.2081885,1.8618115,1.3518115,0.32181153,-0.6181885,-0.41818848,1.0518116,-0.7081885,-1.2681885,-1.3681885,0.5618115,2.2318115,-0.20818847,2.7218115,-1.2481885,-3.1681886,-1.4981885,-2.6481886
-2.6481886,0.4918115,-4.0881886,-4.1481886,-5.6781883,-5.1881886,-4.3381886,-1.5181885,2.8718116,3.7618115,3.7218115,-1.0581884,-0.22818847,-0.53818846,-1.1581885,-2.4081886,-1.7781885,1.1618115,0.6318115,0.041811522,0.021811523,-0.5581885,-2.0281885,-0.7381885,1.4018115,1.7918115,2.4518116,1.6518115,0.15181153,1.3718115,1.1118115,1.0918115,-0.41818848,-2.5181885,-2.6281884,-1.4781885,-3.4181886,-1.2181885,-1.8581885,-0.23818848,-2.6081884
-3.6681886,-2.3081884,-4.1681886,-3.0181885,-4.8381886,-4.1981883,-3.5281885,-5.4481883,-2.2881885,-2.5381885,-3.5981884,-3.5281885,-0.098188475,-0.24818848,0.15181153,-0.83818847,-2.4381886,0.30181152,2.2218115,2.4618115,2.7018116,2.9618115,2.1518116,0.31181154,-0.17818847,1.0318115,-0.30818847,-2.2581885,-2.2581885,-1.2581885,-1.2081885,0.3718115,-0.048188478,-1.9681885,0.20181152,-0.008188477,-2.1181884,-1.4481884,1.6118115,0.9318115,-1.1881884
-4.0481887,-4.1381884,-3.7781885,-1.6081885,-3.5181885,-3.0181885,-4.2281885,-3.5181885,-1.0781884,-2.6481886,-3.1181884,-5.0281887,-3.9881885,-5.5681887,-0.7581885,-0.8881885,-3.3781884,-0.40818846,0.22181152,-1.4081885,-1.4581885,-2.7481885,3.4418116,2.3318114,1.5918115,2.6618116,2.6418116,0.53181154,0.66181153,-0.10818848,0.9918115,1.6818116,1.2818115,1.1918116,1.5018115,-0.59818846,-2.8981886,-0.7081885,-2.0081885,-1.9181885,-2.6681886
-2.0781884,-3.3581884,-3.1481886,-3.6981885,-3.6281884,-3.6081884,-1.8681885,-3.1481886,-3.2781885,-0.5581885,0.6718115,0.34181154,0.8718115,-1.5481884,-4.4881883,2.5818114,0.8718115,-2.3181884,-0.9581885,-1.2281885,-1.1381885,1.0718116,-0.5081885,-1.3881885,-1.9881885,-2.4681885,1.9618115,1.6918116,1.8318115,1.2118115,2.5618114,2.8418114,2.6218116,1.8518115,2.4118116,1.6518115,0.4318115,-2.7981884,0.20181152,1.1318115,0.7918115
-2.4081886,-4.1181884,-3.3681884,-3.6481886,-4.3481884,-4.4681883,-5.5781884,-5.5081882,-4.1581883,-1.6081885,-1.3181884,-0.6481885,-2.2781885,-4.3581886,-3.8581884,-2.0081885,-1.5881885,-2.7281885,0.0018115235,0.06181152,0.041811522,-0.90818846,-2.1681886,-1.3181884,-0.8981885,-0.30818847,0.8618115,1.3518115,3.1318116,2.9318116,3.2718115,4.1618114,3.5818114,2.8518114,3.3218114,2.0418115,1.0218115,1.8018116,1.5618116,1.1318115,0.44181153
-0.29818848,-2.8881884,-3.8481884,-4.3581886,-4.4781885,-5.8281884,-6.2481885,-2.4781885,-6.0881886,-4.0781884,-2.4181886,-2.9581885,-1.9681885,-3.4781885,-1.8881885,-7.1981883,-7.1281886,-1.5681884,1.4918115,-1.7881885,-2.2581885,-1.5081885,-1.3481885,-1.9181885,-0.39818847,0.4918115,2.7718115,2.4518116,2.3418114,1.0318115,2.8718116,4.2918115,3.5218115,4.0818114,3.2718115,4.0318117,3.9718115,3.6618116,3.0018115,2.6518116,1.5718116
-2.6681886,-3.2881885,-4.3481884,-4.5881886,-2.5481884,-2.0381885,-3.3381884,-2.2981884,-3.7281885,-2.3681884,-1.6481885,-1.6581885,-2.0581884,-2.6081884,-1.8081884,-0.49818847,-4.4981885,-4.2981887,-4.2781887,0.031811524,-1.0981885,-0.8681885,-0.49818847,-0.3781885,-0.07818848,-1.4281884,-1.7981884,1.3718115,2.6918116,2.4418116,1.9518116,2.7718115,2.4318116,3.6418116,3.1118116,3.4818115,2.7418115,2.0718114,3.5918114,2.6318116,1.4618115
-2.4781885,-2.5581884,-3.8281884,-4.0081882,-5.8281884,-2.0181885,-3.1881886,-4.0281887,-3.2281885,-4.4081883,-1.4781885,-1.1781884,-1.9281884,-3.2981884,-2.8281884,-2.7981884,-3.9181886,-3.2481885,-3.0781884,-2.6981885,-3.4081886,-2.8681884,-4.0581884,-4.4681883,-2.3081884,-2.3481884,-2.1081884,-2.4081886,0.34181154,1.6818116,3.4518116,2.7018116,3.0918114,1.9618115,1.7718115,2.5918114,2.6718116,3.1118116,2.4018116,3.1618116,3.9218116
-1.5681884,-3.9481885,-5.3881884,-4.2881885,-4.3681884,-3.7781885,-3.1281884,-3.0281885,-3.0081885,-2.6381884,-2.1781886,-2.5081885,-0.8181885,-2.4681885,-4.2181883,-4.5681887,-4.3881884,-3.9681885,-3.8281884,-4.4381886,-3.9281886,-4.1981883,-3.4381886,-3.7681885,-3.8481884,-4.1181884,-3.8781884,-4.0381885,-2.0081885,-1.0381885,0.8818115,3.7718115,3.0018115,3.4618115,3.1318116,1.8418115,2.6018114,3.1918116,2.8718116,4.0218115,2.7818115
