wind_kz.json
{"header": {"discipline":0,"disciplineName":"Meteorological products","gribEdition":2,"gribLength":948,"center":7,"centerName":"US National Weather Service - NCEP(WMC)","subcenter":0,"refTime":"2023-08-07T00:00:00.000Z","significanceOfRT":1,"significanceOfRTName":"Start of forecast","productStatus":0,"productStatusName":"Operational products","productType":1,"productTypeName":"Forecast products","productDefinitionTemplate":0,"productDefinitionTemplateName":"Analysis/forecast at horizontal level/layer at a point in time","parameterCategory":0,"parameterCategoryName":"UnknownDiscipline_0_Category_0","parameterNumber":0,"parameterNumberName":"UnknownParameter_D0_C0_0","parameterUnit":"Unknown","genProcessType":2,"genProcessTypeName":"Forecast","forecastTime":180,"surface1Type":1,"surface1TypeName":"Ground or water surface","surface1Value":0.0,"surface2Type":255,"surface2TypeName":"Missing","surface2Value":0.0,"gridDefinitionTemplate":0,"gridDefinitionTemplateName":"Latitude_Longitude","numberPoints":615,"shape":6,"shapeName":"Earth spherical with radius of 6,371,229.0 m","gridUnits":"degrees","resolution":48,"winds":"true","scanMode":64,"nx":41,"ny":15,"basicAngle":0,"lo1":47.0,"la1":41.0,"lo2":87.0,"la2":55.0,"dx":1.0,"dy":1.0}, "data":
[rows 0 to 14 of 15, columns 0 to 40 of 41]
320.76416,305.66415,314.66415,298.66415,298.66415,298.66415,315.46417,324.06415,320.46417,321.06415,319.16415,318.86417,317.36417,316.16415,314.86417,313.86417,313.06415,312.26416,313.36417,312.56415,314.16415,308.66415,309.86417,307.06415,308.96417,311.56415,306.96417,291.66415,290.86417,289.26416,288.56415,293.96417,301.86417,309.66415,310.76416,309.66415,310.06415,309.76416,309.26416,309.96417,310.46417
291.66415,305.26416,301.86417,299.66415,299.16415,297.56415,327.06415,322.96417,320.96417,320.96417,323.46417,320.36417,318.76416,315.36417,315.06415,314.96417,314.26416,313.56415,312.06415,311.16415,310.16415,307.76416,307.46417,300.86417,292.76416,290.56415,300.56415,291.06415,294.56415,285.06415,289.66415,284.06415,295.66415,268.46417,288.46417,304.76416,305.66415,305.76416,309.86417,300.96417,287.56415
307.16415,299.86417,300.46417,300.26416,297.16415,318.26416,318.76416,321.26416,318.46417,318.66415,319.26416,319.06415,316.26416,318.16415,316.86417,315.36417,313.86417,312.36417,311.76416,311.66415,311.46417,311.36417,307.06415,301.46417,305.66415,305.36417,305.66415,304.26416,302.16415,291.96417,283.66415,284.56415,291.56415,291.86417,294.76416,293.56415,284.06415,285.86417,287.26416,282.76416,281.66415
316.76416,299.36417,300.56415,300.76416,303.76416,318.76416,318.86417,320.16415,320.26416,316.26416,318.16415,317.16415,298.76416,298.86417,315.96417,316.46417,314.36417,313.26416,312.56415,309.96417,307.26416,305.46417,309.96417,308.76416,309.16415,308.66415,309.06415,305.86417,306.86417,304.36417,303.96417,300.16415,305.36417,305.16415,303.76416,296.66415,284.36417,282.16415,285.26416,296.26416,300.16415
320.76416,300.46417,301.76416,301.16415,308.26416,315.56415,320.86417,322.36417,317.86417,315.86417,312.76416,307.46417,297.76416,296.36417,294.36417,313.76416,315.96417,310.76416,307.36417,309.76416,310.56415,311.06415,309.66415,309.16415,309.16415,309.26416,307.96417,303.36417,305.26416,305.06415,305.36417,301.76416,288.06415,281.16415,292.06415,299.96417,299.16415,306.46417,307.26416,305.56415,304.46417
314.86417,315.16415,299.86417,300.06415,299.76416,299.36417,317.66415,317.96417,316.16415,315.86417,316.26416,309.86417,298.56415,296.46417,297.86417,308.36417,314.86417,313.66415,310.56415,309.86417,309.66415,308.26416,307.26416,306.96417,305.76416,305.36417,306.66415,294.06415,305.26416,304.26416,302.76416,302.76416,299.76416,299.86417,298.16415,298.56415,289.56415,291.86417,300.16415,303.36417,303.36417
313.96417,314.36417,317.56415,318.86417,312.36417,313.86417,317.26416,315.96417,316.16415,316.56415,315.46417,312.16415,305.36417,305.16415,308.16415,308.36417,310.46417,312.56415,310.66415,308.06415,306.46417,306.96417,306.66415,305.66415,303.16415,303.46417,302.16415,303.96417,303.36417,300.86417,301.46417,301.96417,303.96417,302.66415,299.86417,297.96417,291.76416,290.06415,285.56415,285.26416,297.56415
316.76416,318.36417,318.66415,318.96417,321.16415,315.86417,320.86417,318.36417,315.26416,316.76416,315.96417,313.86417,310.76416,315.06415,313.16415,311.66415,313.76416,311.86417,308.86417,305.36417,304.36417,304.06415,304.76416,304.06415,302.26416,299.46417,299.26416,299.26416,296.06415,297.26416,295.66415,296.76416,295.36417,292.36417,293.76416,294.46417,297.36417,289.86417,297.86417,297.56415,294.66415
319.46417,320.16415,322.36417,324.06415,322.56415,323.36417,322.36417,319.26416,317.86417,314.86417,314.96417,314.96417,313.26416,313.96417,313.36417,311.66415,310.86417,309.86417,306.96417,303.86417,301.56415,301.66415,302.46417,302.06415,300.26416,299.36417,295.46417,293.56415,292.16415,290.66415,292.36417,292.66415,293.26416,291.66415,292.66415,287.46417,288.56415,290.56415,280.66415,281.76416,279.76416
312.86417,316.56415,315.66415,312.66415,312.66415,319.66415,318.16415,317.56415,316.16415,315.16415,314.06415,313.46417,313.66415,311.66415,312.26416,309.66415,307.56415,305.96417,306.86417,305.16415,301.46417,301.16415,301.46417,298.76416,295.96417,294.56415,295.26416,295.76416,293.46417,292.56415,292.56415,294.06415,295.86417,296.66415,294.86417,293.66415,287.56415,282.26416,280.26416,280.46417,280.06415
308.96417,305.46417,310.56415,315.76416,315.96417,315.86417,314.96417,314.46417,312.96417,313.96417,312.16415,309.66415,308.36417,305.96417,305.96417,303.96417,304.76416,305.46417,304.76416,300.56415,299.36417,297.26416,292.76416,292.76416,293.76416,294.06415,292.26416,292.66415,293.86417,294.06415,294.76416,294.16415,295.16415,294.86417,295.56415,293.66415,282.76416,279.26416,283.46417,282.36417,279.06415
308.86417,296.56415,308.96417,314.46417,313.96417,313.06415,312.16415,311.66415,311.36417,311.66415,305.86417,306.26416,305.06415,301.56415,302.06415,302.06415,301.46417,300.76416,299.66415,297.66415,294.36417,291.16415,287.86417,292.66415,290.06415,291.06415,292.26416,293.56415,293.26416,293.86417,292.96417,292.26416,291.36417,292.26416,292.76416,294.76416,292.36417,290.06415,284.46417,284.86417,287.76416
303.56415,307.66415,312.16415,312.46417,310.86417,309.36417,312.26416,309.36417,307.36417,305.96417,300.06415,300.26416,299.66415,299.66415,299.76416,298.66415,298.56415,296.96417,297.96417,294.86417,292.06415,290.66415,291.96417,282.76416,284.96417,287.06415,287.86417,288.86417,289.86417,284.36417,283.76416,284.26416,286.06415,289.86417,291.26416,292.86417,289.66415,289.66415,287.86417,289.66415,286.16415
304.46417,309.96417,303.26416,311.16415,309.96417,309.96417,308.46417,302.96417,304.66415,301.86417,297.86417,297.06415,300.86417,299.06415,297.86417,292.86417,296.46417,296.06415,294.56415,292.86417,288.36417,286.96417,284.96417,286.36417,286.36417,285.36417,283.86417,283.76416,284.16415,282.76416,282.26416,281.66415,282.96417,285.06415,288.86417,286.66415,288.06415,289.86417,287.66415,284.76416,290.56415
296.56415,309.36417,293.46417,306.96417,308.96417,308.36417,306.46417,302.46417,302.36417,305.36417,300.16415,298.86417,295.76416,297.66415,298.86417,297.96417,297.26416,296.46417,292.56415,291.26416,292.76416,288.76416,286.66415,287.96417,283.86417,284.86417,283.16415,282.16415,281.26416,281.06415,282.86417,282.76416,286.46417,289.06415,289.56415,288.66415,288.66415,288.96417,292.06415,288.86417,289.96417
