wind_kz.json
{"header": {"discipline":0,"disciplineName":"Meteorological products","gribEdition":2,"gribLength":1025,"center":7,"centerName":"US National Weather Service - NCEP(WMC)","subcenter":0,"refTime":"2023-09-21T18:00:00.000Z","significanceOfRT":1,"significanceOfRTName":"Start of forecast","productStatus":0,"productStatusName":"Operational products","productType":1,"productTypeName":"Forecast products","productDefinitionTemplate":0,"productDefinitionTemplateName":"Analysis/forecast at horizontal level/layer at a point in time","parameterCategory":2,"parameterCategoryName":"UnknownDiscipline_0_Category_2","parameterNumber":3,"parameterNumberName":"UnknownParameter_D0_C2_3","parameterUnit":"Unknown","genProcessType":2,"genProcessTypeName":"Forecast","forecastTime":0,"surface1Type":103,"surface1TypeName":"Specified height level above ground","surface1Value":10.0,"surface2Type":255,"surface2TypeName":"Missing","surface2Value":0.0,"gridDefinitionTemplate":0,"gridDefinitionTemplateName":"Latitude_Longitude","numberPoints":615,"shape":6,"shapeName":"Earth spherical with radius of 6,371,229.0 m","gridUnits":"degrees","resolution":48,"winds":"true","scanMode":64,"nx":41,"ny":15,"basicAngle":0,"lo1":47.0,"la1":41.0,"lo2":87.0,"la2":55.0,"dx":1.0,"dy":1.0}, "data":
[rows 0 to 14 of 15, columns 0 to 40 of 41]
0.75875247,-0.0112475585,1.1987524,3.6087525,-2.0512476,-5.601248,-0.48124754,-0.45124757,-1.6712476,-1.1212475,-0.99124753,-1.3812475,-0.0012475586,-0.92124754,-3.0412476,-2.9612474,-4.0112476,-4.8012476,-5.1712475,-2.0612476,-4.4312477,-6.0412474,-3.7212477,0.02875244,-0.37124756,2.9487524,-0.10124756,0.43875244,0.7387524,0.52875245,0.90875244,2.2587523,-0.041247558,0.5587524,0.17875244,1.7887524,0.77875245,-1.3012476,-1.8412476,-4.3812475,0.40875244
0.42875245,0.9987524,3.1387525,1.5587524,-2.1812475,-3.0412476,0.89875245,0.45875245,-0.041247558,2.1487525,-1.3212476,-3.6312475,-3.0112476,-4.0612473,-3.1912475,-2.4212475,-3.8912475,-4.5512476,-6.6612477,-3.9812477,-3.7212477,-3.7612476,-2.4712477,0.46875244,0.8587524,2.2387524,-2.3212476,2.0287523,0.38875243,2.2487524,1.0287524,3.3787525,-0.31124756,0.05875244,-0.72124755,0.07875244,-1.3212476,-1.2612475,-0.8212476,-2.8412476,2.3987525
2.7187524,4.5087523,2.5087523,0.53875244,-3.3112476,-0.59124756,-1.6612476,-0.45124757,0.6787524,-0.30124757,-1.7412475,-0.52124757,-0.90124756,-2.9012475,-1.6212475,-3.4812477,-3.4112475,-3.6812475,-2.6112475,-3.4412475,-3.0512476,-2.6212475,-2.1012475,-0.52124757,-1.2512475,0.36875245,-0.73124754,-0.36124757,0.90875244,0.5487524,1.6687524,-1.0812476,0.25875244,1.0787524,0.57875246,1.8087524,2.2387524,-1.0812476,0.46875244,-1.3412476,-2.5012476
1.8987525,1.5087525,-1.4212476,-1.9312476,-3.5312476,-0.08124756,-1.8212476,-2.8212476,-2.2512476,-2.3412476,-3.5312476,-1.5912476,-3.1612475,-3.9212475,-3.7012475,-3.7212477,-3.5612476,-4.2112474,-3.5112476,-1.8212476,-3.0712476,-1.9712476,0.07875244,2.0387526,-3.7912476,-0.85124755,-0.9512476,-0.0112475585,3.2887526,1.9887525,1.1887524,-0.39124757,-0.7512476,0.19875245,-0.20124756,-2.2812476,0.21875244,3.0687525,0.6887524,2.0187523,2.1387525
0.81875247,0.06875244,-1.5312476,-2.3112476,-3.1512475,-2.4512475,-3.0312476,-1.3412476,-1.6312475,-3.0012476,1.7887524,0.57875246,-0.85124755,-3.2912476,-5.0412474,-3.9812477,-3.9512475,-4.3212476,-3.1212475,-3.2012475,-2.3412476,0.23875244,-0.90124756,-2.0912476,4.8087525,-0.30124757,-0.74124753,-1.8312476,-0.0012475586,-2.9912477,-2.4412475,0.42875245,2.2587523,2.2387524,-0.27124757,-3.3812475,-3.4212475,-2.6012475,-2.6612475,-3.4612474,-0.7012476
2.3887525,1.3487525,1.2587525,-0.5112476,-1.2112476,-2.9312475,-2.9612474,0.69875246,-2.3212476,-1.7712475,3.5587525,0.94875246,-0.11124756,-4.2212477,-3.7212477,-3.6912475,-4.0512476,-4.9612474,-4.1412477,-2.7912476,-2.2912476,-0.49124756,-2.7012475,-2.7112474,-3.5912476,-2.9912477,-0.91124755,-2.4212475,-2.1512475,-1.5312476,-2.5512476,-0.11124756,0.64875245,-0.08124756,2.4287524,6.378752,2.6787524,0.31875244,-2.3612475,-2.4812477,-0.8812476
2.5187523,2.5987525,1.6287525,-0.25124756,-1.1112475,0.90875244,0.22875243,0.44875243,0.05875244,0.06875244,-0.39124757,-0.32124755,-1.8212476,-2.4012475,-3.0712476,-3.1412475,-3.2912476,-4.3012476,-5.621248,-2.5312476,-2.2912476,-1.9312476,-1.1512475,-2.4012475,1.9687524,-1.0612476,0.5587524,-2.2012475,0.64875245,-2.4512475,-3.2812476,-2.8512475,-2.8312476,-2.8312476,0.25875244,-0.35124755,-0.72124755,1.5587524,-0.31124756,-0.5612476,-1.3012476
0.32875243,0.18875244,-0.47124755,-1.1212475,-3.1412475,-2.3012476,-2.3412476,-1.2012476,-0.5012476,-0.93124753,-1.0312476,0.25875244,-1.3012476,-2.1412475,-3.2212477,-4.2312474,-3.2412477,-4.4412475,-4.101248,-2.8512475,-3.0312476,-1.1812476,-1.9912475,-2.6012475,-1.3912475,-0.8812476,-1.8412476,-2.1212475,-2.4912477,-1.3012476,-2.5412476,-1.9012475,-0.5712476,-1.1912476,0.19875245,0.06875244,1.9287524,2.8987525,-1.7812476,-2.5012476,-1.6912476
1.0487524,0.70875245,-0.37124756,-1.3112476,-2.0812476,-2.8512475,-1.5412476,0.28875244,0.20875244,0.58875245,-0.31124756,-1.1112475,-1.1912476,-2.7812476,-2.7612476,-3.6912475,-4.0812473,-4.851248,-3.2512476,-3.1012475,-2.0312476,-2.0912476,-1.3212476,-0.61124754,-1.8812475,-0.73124754,1.1987524,-0.5012476,-1.1612476,-1.6212475,-2.0412476,-1.6112475,-0.58124757,-2.2512476,0.77875245,1.3787525,-0.6312476,2.4287524,2.4787524,2.0887525,0.95875245
1.5187525,0.63875246,0.44875243,0.39875245,-0.59124756,-2.1812475,-2.6612475,-1.4512476,-0.72124755,-0.6412476,-0.37124756,1.5187525,0.14875244,-1.1612476,-2.0412476,-2.8712475,-2.9612474,-3.4012475,-3.6312475,-3.5412476,-3.2612476,-2.9412475,-1.6912476,-1.0712476,-1.8012476,-2.0012476,-1.6812476,-1.5312476,-1.8812475,-2.5412476,-1.3212476,-2.9112475,-0.80124754,-1.3112476,-1.1512475,-1.0012475,0.7487524,-0.73124754,0.01875244,0.96875244,0.22875243
2.9087524,2.9387524,2.3187525,1.6387525,0.8587524,0.84875244,-0.26124755,-1.3712475,-0.99124753,-1.1112475,-0.93124753,0.008752441,1.7387525,1.9287524,0.39875245,-0.87124753,-1.6112475,-1.8412476,-2.5712476,-3.0512476,-3.1412475,-2.5312476,-2.7812476,-2.8412476,-2.4012475,-0.17124756,0.03875244,-1.6212475,-2.9012475,-3.4112475,-1.9812475,-2.0812476,-2.4412475,0.07875244,0.008752441,0.15875244,-0.5712476,0.65875244,0.9387524,0.29875243,0.28875244
2.6087525,2.6887524,2.5287523,2.4887524,2.2487524,1.7587525,1.0887524,0.6787524,-0.30124757,-0.19124755,0.35875243,-0.92124754,-2.0212476,0.65875244,1.8287524,2.0587525,1.5387524,0.38875243,0.20875244,-0.0012475586,-1.1512475,-2.0112476,-2.4512475,-1.4712476,-1.7812476,-2.2012475,-1.7112476,-2.0412476,-2.7912476,-2.7612476,-2.8212476,-2.4412475,-0.45124757,-0.021247558,-0.48124754,-0.5712476,2.0287523,2.0787525,1.4587524,1.8187524,1.0387524
0.12875244,1.0087525,2.8487525,2.1287525,1.8587525,1.2987524,1.3287524,1.5387524,0.66875243,0.8587524,0.6787524,-0.45124757,-0.031247558,-1.1012475,0.15875244,1.8687525,2.2387524,2.0187523,1.2887524,1.6187525,1.5287524,1.3887525,1.2487525,0.48875245,-0.44124755,-0.26124755,-0.98124754,-1.7212476,-1.7412475,-1.8212476,-2.0912476,-2.2612476,-2.0012476,-1.5312476,-1.6412475,-2.3912475,-2.0612476,0.69875246,1.3787525,0.95875245,1.0487524
1.1387525,-0.15124756,-0.73124754,2.4187524,2.5187523,2.2687523,2.2787523,2.3987525,2.2187524,2.1587524,2.1487525,0.25875244,-0.8112476,-0.061247557,-0.14124756,1.6287525,1.8387524,2.4587524,2.4187524,2.3687525,2.2287524,2.4487524,2.2487524,1.9587524,1.6687524,1.1387525,0.7387524,0.51875246,-0.31124756,-0.6412476,-1.1212475,-2.1312475,-0.9512476,-1.5312476,-1.2812476,0.26875246,-1.4312476,-1.2512475,0.31875244,0.33875245,0.05875244
1.7387525,1.8887525,1.3187524,0.31875244,1.3587525,1.4687524,1.9187524,3.2987525,3.0987525,2.6087525,2.2287524,3.0287523,2.7987525,0.50875247,1.1687524,1.2487525,1.3187524,1.6587524,2.9587524,2.5387526,2.7687523,2.7487524,2.5287523,2.2187524,2.1887524,2.2087524,2.1887524,1.7887524,1.8987525,1.1687524,0.35875243,-0.28124756,-0.28124756,-0.98124754,-1.8212476,0.11875244,0.9387524,0.9887524,0.69875246,0.45875245,0.12875244
