wind_kz.json
{"header": {"discipline":0,"disciplineName":"Meteorological products","gribEdition":2,"gribLength":1025,"center":7,"centerName":"US National Weather Service - NCEP(WMC)","subcenter":0,"refTime":"2023-09-20T00:00:00.000Z","significanceOfRT":1,"significanceOfRTName":"Start of forecast","productStatus":0,"productStatusName":"Operational products","productType":1,"productTypeName":"Forecast products","productDefinitionTemplate":0,"productDefinitionTemplateName":"Analysis/forecast at horizontal level/layer at a point in time","parameterCategory":2,"parameterCategoryName":"UnknownDiscipline_0_Category_2","parameterNumber":3,"parameterNumberName":"UnknownParameter_D0_C2_3","parameterUnit":"Unknown","genProcessType":2,"genProcessTypeName":"Forecast","forecastTime":120,"surface1Type":103,"surface1TypeName":"Specified height level above ground","surface1Value":10.0,"surface2Type":255,"surface2TypeName":"Missing","surface2Value":0.0,"gridDefinitionTemplate":0,"gridDefinitionTemplateName":"Latitude_Longitude","numberPoints":615,"shape":6,"shapeName":"Earth spherical with radius of 6,371,229.0 m","gridUnits":"degrees","resolution":48,"winds":"true","scanMode":64,"nx":41,"ny":15,"basicAngle":0,"lo1":47.0,"la1":41.0,"lo2":87.0,"la2":55.0,"dx":1.0,"dy":1.0}, "data":
[rows 0 to 14 of 15, columns 0 to 40 of 41]
-1.0815625,-2.5015626,2.0084374,3.0884376,1.8584375,-1.2115625,-1.5315624,-0.6515625,-2.5715625,-1.6015625,-3.9715624,-2.7515626,-2.8215625,-3.1215625,-4.1615624,-4.2915626,-4.4515624,-2.8715625,-4.4715624,-2.6815624,-2.4415624,-3.1115625,1.5784374,-0.9215625,-2.0515625,-0.8815625,-0.9515625,0.0684375,0.0084375,-0.6815625,-2.4215624,-3.0015626,1.0584375,-0.5215625,1.1184375,0.6784375,0.4084375,0.7084375,1.2784375,0.3584375,0.5384375
2.8284376,1.4584374,3.0684376,3.6584375,0.7784375,0.1984375,-1.7615625,-0.4115625,-2.0315626,-2.3415625,-3.2915626,-3.6415625,-2.6615624,-3.0215626,-4.5915623,-4.5915623,-2.5915625,-3.7515626,-5.4615626,-4.2915626,-5.3815627,-6.1315627,1.3284374,0.9384375,-0.6415625,-1.3615625,-1.6215625,-0.6415625,-0.1415625,-0.7215625,-0.0215625,0.0284375,-2.1215625,-2.8915625,-5.3215623,-0.9215625,-1.3415625,-3.2615626,-1.5615625,-3.4315624,0.1284375
2.1084375,4.3384376,4.6684375,2.7784376,2.1484375,0.2584375,-0.4215625,-1.9515625,-1.5615625,-3.2615626,-3.5315626,-1.8515625,-1.7115625,-3.1415625,-3.9615624,-3.6115625,-2.7015624,-3.4115624,-3.9915626,-4.7715626,-2.5015626,-6.5015626,-6.9015627,-2.2415626,-1.5915625,0.1884375,-0.8915625,0.2984375,-0.8515625,0.1584375,3.0784376,0.7784375,1.1884375,-0.6315625,-1.0315624,1.9084375,2.8184376,-0.7415625,0.2784375,-1.5415626,-1.5115625
1.6684375,3.6084375,2.2084374,1.7984375,0.2084375,-0.0615625,0.7084375,-0.4515625,-0.8815625,-2.5215626,-3.5215626,-3.9315624,-3.2415626,-3.5715625,-3.2215624,-3.1715624,-3.4915626,-4.0815625,-5.3615627,-6.9115624,-6.3215623,-3.8015625,0.8684375,-2.6115625,-3.3015625,-3.6215625,-3.5015626,-3.2115624,-1.2815624,-3.1515625,-3.9515624,-1.4315625,0.4284375,-0.4215625,0.9684375,-1.7015625,-0.6215625,2.8184376,0.2584375,1.0084375,4.5584373
-0.0715625,0.3684375,0.6284375,1.4084375,0.6684375,1.5684375,0.5684375,1.1584375,0.3584375,-1.5215625,-2.5815625,-2.9415624,-4.2815623,-3.4715624,-3.9915626,-3.0915625,-3.2115624,-3.2615626,-3.2415626,-3.7815626,-3.4015625,-2.2115624,-2.3315625,-2.3415625,-2.1315625,-1.7815624,-3.1415625,-2.4315624,-2.0615625,-3.4315624,-5.4715624,-5.3315625,0.3384375,0.9184375,0.1284375,-0.3515625,-1.0615625,-0.6415625,-0.8415625,-0.1615625,2.3984375
-0.6615625,-0.7515625,0.2584375,0.2584375,0.0284375,1.1984375,1.0084375,2.0484376,-0.4115625,-0.7315625,-2.4215624,-3.3315625,-4.6115627,-4.3715625,-2.2715626,-2.7015624,-2.9815626,-3.2515626,-3.1315625,-2.7715626,-3.3515625,-2.3115625,-1.8115625,-2.0015626,-2.5515625,-2.6815624,-3.3815625,-2.3915625,-2.0815625,-2.7115624,-3.8015625,-3.1115625,-3.5115626,-2.1515625,1.7284375,-2.8515625,1.2384375,-0.1515625,-1.5015625,-4.1515627,2.6684375
-0.6315625,-0.2615625,-0.6915625,-0.6415625,-1.2915626,0.0184375,0.2084375,0.7284375,-0.2515625,-1.2415625,-2.0115626,-2.4315624,-3.1915624,-3.9015625,-2.7115624,-2.0815625,-1.9715625,-2.1715624,-2.1115625,-2.2715626,-3.4115624,-3.5015626,-2.8415625,-2.0015626,-1.4015625,-1.8515625,-3.0615625,-2.3315625,-2.4815626,-2.5215626,-2.8515625,-3.7815626,-6.2215624,-6.0215626,-1.2915626,-1.1115625,-3.2715626,-2.9415624,-2.0515625,-0.4915625,-0.4615625
-0.1115625,-0.4115625,-0.9415625,-1.5315624,1.2584375,2.2384374,1.1884375,1.2784375,0.9484375,-0.5115625,-0.9415625,-1.1015625,-2.7915626,-2.7015624,-3.2115624,-1.1815625,-1.3815625,-1.5615625,-2.1015625,-0.0215625,-2.4415624,-2.4215624,-3.2915626,-2.7015624,-2.2915626,-1.1115625,-2.0115626,-2.4815626,-2.3915625,-2.5615625,-2.4215624,-2.8615625,-2.6315625,-3.0615625,-1.0515625,0.6184375,-0.3415625,-1.3315625,-0.5515625,0.1184375,-0.6315625
0.2684375,0.1584375,-0.1915625,0.1184375,-0.0515625,0.3384375,1.1184375,2.2184374,1.4084375,0.9884375,0.0284375,-0.6015625,-1.5415626,-2.3715625,-2.5715625,-2.1515625,-0.8315625,-0.6615625,-0.4715625,-0.6415625,0.5784375,-1.2015625,-1.3315625,-1.1115625,-1.2415625,-1.6015625,-1.0715625,-1.5315624,-1.4315625,-2.0715625,-3.1515625,-2.2815626,-1.3815625,-1.3915625,-0.5815625,-0.1815625,-2.1915624,-1.8415625,-2.9115624,-2.9315624,-3.6515625
0.1784375,-0.5315625,-0.8715625,-0.9115625,1.2784375,1.0884376,0.5384375,1.8184375,2.4584374,1.9184375,1.7684375,0.9184375,0.6784375,-0.3615625,-0.6115625,-1.1015625,-0.6515625,-0.3015625,0.1484375,0.2684375,0.3684375,0.7384375,0.7884375,0.5484375,0.2684375,-0.7215625,-0.8515625,-0.3615625,-0.1315625,0.1384375,-0.3615625,-0.7315625,-0.5315625,0.7084375,0.4084375,1.0284375,-0.2015625,-1.1415625,-0.0515625,2.0884376,1.7884375
0.9384375,-0.1315625,-0.6115625,-0.5915625,-0.4715625,1.2684375,2.1884375,2.6284375,3.3984375,2.0384376,1.5784374,1.6684375,2.1084375,1.7684375,1.0484375,0.8884375,0.9384375,0.5384375,0.9184375,-0.0215625,-0.5315625,-1.1515625,-1.4515625,-0.8915625,-0.3015625,0.0884375,0.0784375,0.1984375,1.2184376,1.1584375,1.3184375,0.0884375,-0.2415625,2.0384376,1.7884375,1.8384376,0.9684375,1.4084375,0.4884375,0.8984375,-0.1115625
0.1584375,0.0884375,-0.2515625,0.8484375,0.9684375,0.8684375,0.5884375,0.8084375,-0.5215625,1.2784375,1.7084374,2.0184374,2.4384375,2.0584376,1.4884375,1.5084375,1.3184375,0.5584375,0.5384375,0.1484375,-0.1415625,-1.1315625,-1.2415625,-1.0315624,-0.6515625,-0.6715625,1.1684375,0.5584375,-0.0915625,1.5884376,2.3784375,1.9484375,0.6984375,1.9084375,2.3384376,2.8384376,3.2284374,2.8984375,2.0784376,2.7084374,1.7484375
1.4884375,0.8184375,0.3184375,0.9084375,1.1984375,0.5884375,0.5084375,1.0084375,0.0084375,0.2984375,0.0384375,0.7384375,2.0284376,1.7784375,1.2784375,1.2084374,1.0184375,0.7484375,0.5284375,0.5084375,1.1884375,0.9484375,0.8784375,0.1884375,-0.8115625,0.5884375,-0.0615625,-0.3615625,0.5484375,1.5484375,2.8884375,2.5484376,1.5284375,1.0184375,3.0884376,3.1484375,1.7884375,1.9584374,2.4184375,3.1184375,2.2184374
2.1184375,1.6884375,1.2784375,2.3384376,1.6084375,1.8584375,1.0784374,1.5084375,1.3184375,1.1884375,0.9384375,0.1584375,-0.5515625,0.3284375,0.6484375,0.3584375,0.6184375,0.8384375,0.8284375,0.5184375,0.5684375,1.3084375,1.1584375,0.5184375,0.6184375,0.1784375,-0.3415625,-0.0015625,0.1884375,1.0684375,2.4484375,2.7984376,2.0684376,1.9284375,1.4284375,3.2184374,2.0184374,2.2984376,1.6684375,1.7384375,3.0784376
2.0884376,1.8984375,1.5984375,2.8284376,2.1184375,2.1984375,2.5184374,2.5184374,2.3984375,1.7784375,0.8184375,1.6484375,1.8484375,-0.2515625,0.6184375,0.2884375,0.1784375,0.1084375,0.9284375,0.5484375,0.4484375,0.4684375,0.3184375,0.2184375,0.0584375,-0.2015625,0.0084375,-0.0115625,-0.1515625,0.5784375,1.9784375,3.3784375,2.4084375,2.0984375,2.1884375,2.9984374,3.3384376,2.8584375,2.0184374,2.2584374,1.4784375
