wind_kz.json
{"header": {"discipline":0,"disciplineName":"Meteorological products","gribEdition":2,"gribLength":1025,"center":7,"centerName":"US National Weather Service - NCEP(WMC)","subcenter":0,"refTime":"2023-09-28T18:00:00.000Z","significanceOfRT":1,"significanceOfRTName":"Start of forecast","productStatus":0,"productStatusName":"Operational products","productType":1,"productTypeName":"Forecast products","productDefinitionTemplate":0,"productDefinitionTemplateName":"Analysis/forecast at horizontal level/layer at a point in time","parameterCategory":2,"parameterCategoryName":"UnknownDiscipline_0_Category_2","parameterNumber":3,"parameterNumberName":"UnknownParameter_D0_C2_3","parameterUnit":"Unknown","genProcessType":2,"genProcessTypeName":"Forecast","forecastTime":0,"surface1Type":103,"surface1TypeName":"Specified height level above ground","surface1Value":10.0,"surface2Type":255,"surface2TypeName":"Missing","surface2Value":0.0,"gridDefinitionTemplate":0,"gridDefinitionTemplateName":"Latitude_Longitude","numberPoints":615,"shape":6,"shapeName":"Earth spherical with radius of 6,371,229.0 m","gridUnits":"degrees","resolution":48,"winds":"true","scanMode":64,"nx":41,"ny":15,"basicAngle":0,"lo1":47.0,"la1":41.0,"lo2":87.0,"la2":55.0,"dx":1.0,"dy":1.0}, "data":
[rows 0 to 14 of 15, columns 0 to 40 of 41]
-1.2356244,-1.6256244,0.69437563,0.1643756,-1.4756244,-3.1956244,-3.2456243,-3.2956245,-1.8756244,-0.4056244,2.0543756,0.01437561,-1.9756244,-1.2156243,-2.5456245,-4.7356243,-3.6956244,-4.1956244,-4.2856245,-2.0756245,-3.4556243,-2.9956243,-0.2656244,0.42437562,-2.0456245,-0.9856244,-0.29562438,1.0343757,-0.4356244,2.5243757,2.1343756,2.1743755,0.13437562,-0.6656244,0.8743756,0.4343756,-1.6756244,-0.9856244,-0.3656244,-1.0956244,-0.9056244
1.2743756,1.0843756,0.8243756,-0.3156244,-3.3156245,-4.2856245,-3.7156243,-2.3056245,-3.0756245,-3.2556243,0.7143756,1.9043756,-0.09562439,1.0643756,0.06437561,-3.0756245,-2.6656244,-4.8856244,-7.605624,-5.585624,-3.9256244,-3.1156244,-0.6356244,0.50437564,2.0943756,2.1643755,0.2243756,2.1543756,0.4443756,1.2643756,0.17437561,-0.08562439,0.9643756,0.09437561,-2.1456244,-1.1456244,-1.2656244,-0.5756244,-0.7156244,-2.0556245,-0.3056244
3.0043757,2.7943757,-0.86562437,-4.7356243,-5.855624,-3.8856244,-5.355624,-4.4456244,-4.2156243,-5.3856244,-5.8656244,-5.5756245,-6.2756243,1.2843757,0.7643756,-2.8056245,-0.5856244,-3.7256243,-5.0456243,-4.7956243,-4.645624,-3.9356244,-2.4456244,1.6243756,2.2543757,3.1343756,5.0243754,1.1843756,-0.25562438,1.9843756,0.5143756,-0.07562439,1.3843756,-1.0256244,-0.6056244,2.3343756,0.4043756,-2.4256244,-0.20562439,0.7743756,0.8243756
0.24437562,-1.1256244,-3.2856245,-4.7356243,-5.6656246,-4.605624,-4.7056246,-3.8756244,-3.2956245,-3.4256244,-3.5556245,-3.3756244,-4.315624,-1.2556244,1.2243756,-1.2756244,-1.0356244,-2.7656243,-3.7556243,-3.4356244,-3.1456244,-1.5056244,-2.5056243,-3.9356244,-1.1856244,-0.61562437,1.3243756,1.2743756,0.3143756,-0.10562439,-0.3156244,-0.5256244,-1.5556244,0.11437561,0.04437561,-1.6856244,0.24437562,2.3343756,0.7443756,0.3843756,0.17437561
0.45437562,0.2943756,0.0043756105,-0.9156244,-2.0356245,-2.9756243,-3.8056245,-3.8956244,-3.1356244,-3.0956244,-3.1756244,-3.4556243,-2.7556243,-1.2456244,2.4243755,-0.99562436,-1.0656244,-3.0856245,-3.0956244,-3.2756243,-2.6456244,-2.3056245,-2.6856244,-3.5456245,-2.4856243,-0.32562438,1.4143757,0.9643756,0.42437562,-0.6756244,-1.9856244,3.2143755,2.9743757,2.5943756,-0.5456244,-0.28562438,-0.05562439,-0.5456244,-0.2656244,-1.5356244,-2.1156244
2.2343757,1.4743756,-0.4256244,-2.2556243,-3.7156243,-5.0456243,-3.1256244,-3.7056243,-3.7156243,-3.3756244,-4.1656246,-3.6356244,-3.5756245,-0.09562439,0.9643756,-1.0456244,-2.2056243,-3.2256243,-3.9456244,-4.2356243,-3.3256245,0.13437562,-0.0056243897,-1.0656244,-1.2256244,1.4343756,1.6843756,2.9743757,2.6343756,0.9843756,-0.5856244,-0.7856244,-0.3156244,-0.3156244,1.8443756,6.5643754,1.3943756,0.33437562,1.7843757,-1.0656244,-1.8356243
0.6843756,0.24437562,-1.2756244,-2.7756243,-3.7756243,-3.6356244,-3.9056244,-4.2456245,-4.9056244,-5.9056244,-4.6156244,-4.8256245,-0.4056244,1.7043756,2.2943757,-0.2756244,-2.3656244,-3.9156244,-4.1356244,-5.4556246,-6.125624,-2.7656243,-2.3256245,-2.2556243,-1.3656244,-2.7756243,0.20437561,2.0343757,1.3643756,1.9443756,2.3143756,1.8343756,1.6843756,0.5143756,-1.2856244,-0.28562438,-2.2756243,0.7243756,-0.7356244,-0.6656244,1.2443756
1.2843757,0.1443756,-0.8256244,-2.1756244,-3.1956244,-3.9956243,-4.4456244,-4.105624,-3.9856243,-5.2256246,-4.7856245,-5.7756243,-2.1656244,0.94437563,-1.4956244,-0.9756244,-1.2356244,-3.0756245,-3.9156244,-4.355624,-4.6656246,-5.2956243,-6.0356245,-4.9256244,-2.5656245,-2.3156245,-1.5456244,-1.0356244,-0.6556244,-0.7256244,0.56437564,3.1243756,2.3743756,1.8043756,2.0843756,-0.2656244,0.9843756,1.5043756,-2.2156243,-0.4556244,-2.0156243
-0.32562438,-0.41562438,-1.5356244,-2.7356243,-2.2256243,-3.6656244,-3.6556244,-3.7556243,-4.0456243,-3.8456244,-3.5356245,-3.1656244,-1.1456244,-1.5756243,-3.3256245,-3.9056244,-4.0556245,-3.5056243,-2.7656243,-3.9156244,-2.4456244,-2.0356245,-3.5156243,-4.1956244,-3.5956244,-1.7556244,-1.1256244,-0.5756244,-0.04562439,0.30437562,0.5243756,-0.1356244,0.30437562,-1.8256243,2.2243757,3.3943756,-1.3256243,0.9343756,0.81437564,0.56437564,-2.4756243
-1.4556243,-1.3856244,-1.7356244,-2.4056244,-2.5156243,-2.9756243,-3.1656244,-2.8856244,-3.3456244,-3.4556243,-1.9556243,-2.2256243,-2.7656243,-4.3456244,-1.8856244,-2.5656245,-3.7156243,-4.7056246,-3.5656245,-3.4956243,-2.7456243,-2.7356243,-1.7756244,-2.5256243,-3.1456244,-1.3456244,-1.5056244,0.1443756,-0.99562436,-0.38562438,1.4743756,0.4343756,-0.8756244,-0.04562439,1.7143756,1.3343756,1.6243756,-1.9656243,0.88437563,3.9843757,3.6443756
-0.0056243897,-1.8056244,-2.0456245,-2.1056244,-2.5356245,-2.3256245,-2.8156245,-2.6256244,-3.0356245,-3.6956244,-0.8156244,0.08437561,-2.1456244,-2.3756244,-3.1256244,-3.3856244,-2.8956244,-2.7056243,-2.6056244,-3.1256244,-1.7056243,-2.4656243,-3.0956244,-2.3956244,-2.0456245,-2.1156244,-2.0156243,2.4043756,1.9843756,0.9543756,0.4743756,-0.8156244,-1.0856243,-0.5156244,-0.5056244,2.4443755,2.2743757,2.8243756,3.0243757,1.9643756,0.3743756
-0.22562438,-0.20562439,-1.0756243,-1.4156244,-1.0856243,-1.3656244,-1.4856244,-1.3056244,-2.3556244,-2.4756243,-0.08562439,-0.86562437,-1.3956244,-1.4156244,-1.9056244,-2.4856243,-2.8156245,-2.8656244,-1.5556244,-1.8456244,-2.3256245,-2.4556243,-2.1756244,-2.3556244,-1.3656244,-0.6056244,-0.47562438,-2.6656244,3.0743756,3.3643756,1.7343756,0.13437562,-1.1056244,-0.3756244,-0.74562436,2.3043756,6.7343755,2.7343757,2.1043756,2.5943756,0.9643756
0.33437562,0.9043756,1.8843756,0.8343756,-0.3356244,-0.41562438,-0.03562439,0.24437562,-1.2456244,-0.7656244,-1.0156244,-1.0856243,-1.2156243,-0.61562437,-1.9856244,-2.3656244,-1.6256244,-1.9356244,-1.8056244,-1.5856243,-0.47562438,-0.18562439,0.33437562,-0.93562436,-1.7256244,-1.9256244,-0.5456244,0.4143756,-0.3356244,2.2943757,2.7843757,2.2043755,0.75437564,-0.28562438,-0.20562439,-0.4356244,1.0943756,2.0943756,3.0243757,2.1943755,1.1643757
0.9043756,1.1443756,2.3343756,1.2443756,0.10437561,0.6143756,0.6443756,0.46437562,1.0043756,0.49437562,1.3943756,0.07437561,-1.9956244,-1.8156244,-1.0856243,-1.8256243,-1.7856244,-1.8556244,-1.1356244,-0.4956244,-0.5256244,-0.32562438,-0.47562438,-0.8856244,-0.04562439,-1.0056244,-0.5656244,-0.5156244,2.2943757,2.6343756,0.7443756,-0.7556244,-0.14562438,1.3243756,0.39437562,-0.55562437,-0.065624386,2.1043756,1.9543756,3.1143756,2.5243757
1.4743756,1.9143757,2.2643757,2.3743756,1.5543756,1.6143756,1.4443756,2.0643756,1.1043756,1.0043756,1.0043756,0.6643756,0.36437562,-0.41562438,-0.4256244,-0.9456244,-0.6356244,-0.5856244,-0.8956244,-1.0656244,-0.6556244,-0.7956244,-0.7556244,-1.1156244,0.6643756,-0.32562438,-0.4056244,2.0543756,2.0343757,0.9943756,0.3743756,-0.5456244,1.0343757,-0.8256244,0.1643756,0.3843756,0.7043756,0.8043756,2.1843755,2.2343757,1.1043756
