wind_kz.json
{"header": {"discipline":0,"disciplineName":"Meteorological products","gribEdition":2,"gribLength":1025,"center":7,"centerName":"US National Weather Service - NCEP(WMC)","subcenter":0,"refTime":"2023-09-07T12:00:00.000Z","significanceOfRT":1,"significanceOfRTName":"Start of forecast","productStatus":0,"productStatusName":"Operational products","productType":1,"productTypeName":"Forecast products","productDefinitionTemplate":0,"productDefinitionTemplateName":"Analysis/forecast at horizontal level/layer at a point in time","parameterCategory":2,"parameterCategoryName":"UnknownDiscipline_0_Category_2","parameterNumber":3,"parameterNumberName":"UnknownParameter_D0_C2_3","parameterUnit":"Unknown","genProcessType":2,"genProcessTypeName":"Forecast","forecastTime":240,"surface1Type":103,"surface1TypeName":"Specified height level above ground","surface1Value":10.0,"surface2Type":255,"surface2TypeName":"Missing","surface2Value":0.0,"gridDefinitionTemplate":0,"gridDefinitionTemplateName":"Latitude_Longitude","numberPoints":615,"shape":6,"shapeName":"Earth spherical with radius of 6,371,229.0 m","gridUnits":"degrees","resolution":48,"winds":"true","scanMode":64,"nx":41,"ny":15,"basicAngle":0,"lo1":47.0,"la1":41.0,"lo2":87.0,"la2":55.0,"dx":1.0,"dy":1.0}, "data":
[rows 0 to 14 of 15, columns 0 to 40 of 41]
2.1612084,2.0212085,-2.1887915,-3.9987915,-5.6787915,-4.3387914,2.8412085,1.2912085,0.7612085,-0.7887915,-2.3887916,-2.6387916,-2.9487915,-2.9887915,-5.0387917,-5.3887916,-6.7287917,-6.4387913,-6.9487915,-6.6987915,-5.3187914,-4.1787915,-1.7287915,2.3612084,3.8712084,1.8312085,0.8112085,1.4312085,-3.7787914,-3.1187916,-1.7287915,1.4912086,-0.27879152,-0.048791505,-2.6687915,-0.3387915,2.3812084,0.7812085,-0.6587915,0.001208496,-2.2487915
-0.7787915,-2.9787915,-2.6487916,-1.5687915,-3.9587915,-5.4787917,3.5212085,2.5612085,1.2312084,-0.5387915,-0.3287915,-2.3587916,-3.6187916,-3.0387914,-4.3287916,-5.0687914,-5.6787915,-6.7187915,-6.9487915,-5.4687915,-7.9887915,-9.068791,-6.1687913,-1.6387916,2.5412085,0.7012085,0.2012085,-1.3387915,-0.23879151,-2.6487916,-0.9687915,-3.0887916,-3.7687914,-3.8987916,1.4712085,3.6812086,1.6612085,-1.3187915,-0.20879151,1.4312085,-0.3487915
-2.2387915,-2.3987916,-1.4587915,0.9612085,-0.7187915,0.6312085,2.7412086,2.7912085,2.3912084,0.9912085,-1.6387916,-3.1387916,-4.8087916,-2.9287915,-3.1187916,-3.9587915,-6.0787916,-6.4487915,-6.3387914,-7.9087915,-1.0587915,-5.0687914,-7.2787914,-3.7187915,-4.2287917,-3.3287916,-3.6987915,-3.7387915,-4.0087914,-2.2587914,-1.8287915,-1.6387916,-3.3887916,-3.6987915,-0.6987915,-1.8387915,-1.7187915,-4.4487915,-1.8287915,1.7312084,1.0612085
-2.5387914,-3.6087916,-5.1387916,-0.9287915,2.2312086,2.4512086,4.1712084,2.5312085,2.8512084,2.2712085,0.3412085,-1.4987915,-3.4787915,-5.2687917,-7.0987916,-3.4287915,-4.7487917,-4.9087915,-5.8087916,-6.5687914,-5.9787917,-5.7987914,-4.4687915,-4.6487913,-3.8787916,-3.2587914,-4.7487917,-4.6487913,-4.6987915,-4.0587916,-4.3487916,-4.0087914,0.8712085,2.7712085,1.7412086,1.1412085,2.6212084,1.7912085,-0.9387915,-0.8987915,-0.6187915
-1.1087915,-2.2587914,-3.6487916,-4.4587917,-5.6087914,-4.3787913,0.18120849,2.8612084,4.9112086,4.1512084,3.2212086,1.8712085,-0.8087915,-3.0787916,-4.5587916,-3.4387915,-3.8887916,-4.6987915,-4.2187915,-4.0587916,-3.9687915,-4.3887916,-4.9987917,-4.5387917,-3.3687916,-2.5087914,-4.4087915,-7.1487913,-4.4387913,-3.9287915,-3.6587915,-3.8187914,-1.9587915,-1.4487915,-1.3087915,-2.8487916,-6.6687913,4.0512085,-5.2187915,0.44120848,4.7412086
-3.3587916,-3.2987914,0.15120849,-2.3187914,-3.4787915,-3.8187914,-4.7487917,3.6912086,5.4612083,4.6312084,4.4512086,4.7912083,2.2712085,-0.3187915,-4.2487917,-2.7487915,-3.8287916,-3.6287916,-4.1287913,-3.5687914,-3.4087915,-3.1087916,-4.7587914,-4.6087914,-3.9887915,-2.9487915,-0.8087915,-1.6187915,-4.5987916,-4.4687915,-4.7887917,-4.1087914,-4.5787916,-3.6187916,-3.2887914,-2.3187914,0.1412085,-3.2587914,-3.5087914,-3.2187915,-8.278791
-3.9787915,-4.1587915,-4.1387916,-4.1387916,-4.3987913,-4.6087914,-4.1787915,-1.9087915,2.4512086,3.7112086,5.2812085,5.4412084,4.8812084,3.1612084,1.4412085,-0.6387915,-2.2087915,-2.4687915,-3.8487916,-3.6087916,-3.6187916,-1.5787915,-4.5487914,-4.3687916,-3.5087914,-2.0487914,-2.6187916,-3.0187914,-2.6187916,-3.9987915,-3.2287915,-3.4587915,-3.9587915,-1.9287915,-4.7387915,-4.3987913,-4.9187913,-2.8087914,-2.0987916,-2.2687914,-2.3687916
-3.4187915,-3.6087916,-3.6487916,-3.7787914,-3.7587914,-3.4287915,-4.0287914,-3.3287916,-0.1087915,2.6712084,5.5612087,5.5512085,5.5612087,3.6612084,2.0812085,1.7012085,0.2212085,-0.5087915,-2.1887915,-3.7087915,-1.6387916,-1.3187915,-3.6487916,-3.2587914,-3.0587914,-2.8887916,-2.6587915,-3.3787916,-4.6787915,-4.4787917,-5.1387916,-6.8587914,-4.2187915,-4.9987917,-4.1287913,-1.4187915,2.3612084,-0.3487915,1.5612085,0.8712085,1.8612084
-3.2387915,-3.1787915,-2.8487916,-2.6187916,-2.6487916,-2.6587915,-2.3087914,-2.4987915,-2.5687914,-0.5687915,3.5212085,5.5012083,5.1312084,4.4212084,3.8012085,3.2612085,2.5312085,1.6612085,0.2312085,-2.6487916,-0.5387915,0.9412085,-2.3187914,-2.3387916,-1.3187915,-2.4587915,-2.4387915,-2.0487914,-4.4087915,-3.5387914,-4.4087915,-4.2587914,-2.9187915,-3.9487915,-3.5987916,-3.2487915,-0.6387915,0.8812085,-2.4187915,-0.4687915,0.5512085
-3.5587914,-2.6787915,-2.2787914,-2.0787916,-1.8887916,-2.4887915,-3.1187916,-2.7887914,-2.1287916,-1.7187915,-1.9287915,-0.3987915,5.2312083,5.4612083,5.2612085,5.3612084,3.7112086,3.1012084,2.1712084,0.2012085,-0.60879153,0.9512085,0.0712085,-0.91879153,-0.1887915,-2.2087915,-2.2887914,-2.3587916,-1.9387915,-1.8787915,-3.0787916,-4.4587917,-4.2487917,-3.1187916,-4.0887914,-2.4087915,-1.8987916,0.051208496,-0.118791506,-0.1987915,-0.4587915
-2.5987916,-2.1487916,-1.7487915,-1.0887915,-0.7087915,-1.7587914,-3.0287914,-2.9687915,-2.4387915,-2.0187914,-0.7987915,-0.1887915,-0.3787915,0.4812085,1.6212085,4.3612084,6.1412086,4.7912083,4.2312083,2.2112086,-0.2187915,0.8612085,1.7712085,-0.7387915,0.21120849,-2.1587915,-1.7887915,-2.3787916,-3.5087914,-1.8487915,-3.0687914,-4.6787915,-3.7487915,-2.4587915,-2.5887916,-1.6687915,-1.3987916,-1.4187915,-1.7787915,-1.6887915,-0.91879153
-2.8487916,-1.8987916,-1.8187915,-1.7787915,-2.2787914,-1.9287915,-2.7987914,-1.3387915,-2.3387916,-2.1987915,-2.3187914,-1.3487915,-0.038791504,0.2812085,-0.4187915,3.6312084,4.0112085,5.0312085,5.5312085,4.3512087,1.2012085,1.3612084,1.4312085,0.011208496,0.44120848,-0.7287915,-1.9787915,-3.8487916,-3.1187916,-2.3687916,-2.9687915,-4.3987913,-1.3387915,-2.9387915,-2.7087915,-1.7087915,-1.3387915,-1.0687915,0.031208497,-0.3887915,-0.4087915
-1.8587915,-2.1687915,-0.9887915,-2.8687916,-2.5887916,-1.2287915,-0.8387915,-1.1387916,-2.5387914,-0.66879153,-0.2187915,-1.0187916,-1.6187915,-0.8187915,-1.5187916,-0.3187915,3.0112085,4.0212083,4.8812084,5.4712086,3.7012086,1.9612085,2.8512084,1.3112085,0.9112085,-0.6387915,-0.9487915,-2.0287914,-1.6687915,-3.8187914,-2.6987915,-3.4687915,-1.6287915,-2.5487914,-3.4187915,-2.4487915,-3.0487914,-1.6787915,-1.0787915,-0.7187915,-1.1487916
-1.7887915,-1.9787915,-3.3587916,-2.7787914,-2.4787915,-1.7087915,-1.5787915,-1.1187915,0.1212085,0.2012085,0.6812085,-0.20879151,-0.7987915,0.7412085,1.0512085,-0.018791504,1.0112085,4.2212086,5.5512085,4.4512086,4.0412083,2.8112085,3.0812085,1.7312084,1.6012084,0.2012085,-1.7887915,-1.8287915,-1.8587915,-2.6987915,-1.9287915,-1.6787915,-2.3687916,-1.1387916,-0.5087915,-4.4887915,-3.7787914,-3.9187915,-3.2687914,-3.2187915,-4.7687917
-0.6787915,-1.0187916,-3.8887916,-2.4687915,-2.4187915,-2.2187915,-2.1687915,-1.3587915,0.5612085,-0.0687915,1.8512084,1.3412085,0.9112085,-0.6587915,0.1412085,-0.8987915,1.6812085,5.8212085,6.5712085,6.7012086,5.1512084,4.0912085,3.2412086,2.7312086,1.8212085,0.001208496,0.041208494,-0.5687915,-1.1587915,-1.6887915,-1.5587915,-1.6087915,-1.9687915,-2.5887916,-3.1787915,-3.6387916,-3.9787915,-4.0687914,-4.1487913,-4.0087914,-3.4087915
