wind_kz.json
{"header": {"discipline":0,"disciplineName":"Meteorological products","gribEdition":2,"gribLength":1025,"center":7,"centerName":"US National Weather Service - NCEP(WMC)","subcenter":0,"refTime":"2023-08-18T18:00:00.000Z","significanceOfRT":1,"significanceOfRTName":"Start of forecast","productStatus":0,"productStatusName":"Operational products","productType":1,"productTypeName":"Forecast products","productDefinitionTemplate":0,"productDefinitionTemplateName":"Analysis/forecast at horizontal level/layer at a point in time","parameterCategory":2,"parameterCategoryName":"UnknownDiscipline_0_Category_2","parameterNumber":2,"parameterNumberName":"UnknownParameter_D0_C2_2","parameterUnit":"Unknown","genProcessType":2,"genProcessTypeName":"Forecast","forecastTime":180,"surface1Type":103,"surface1TypeName":"Specified height level above ground","surface1Value":10.0,"surface2Type":255,"surface2TypeName":"Missing","surface2Value":0.0,"gridDefinitionTemplate":0,"gridDefinitionTemplateName":"Latitude_Longitude","numberPoints":615,"shape":6,"shapeName":"Earth spherical with radius of 6,371,229.0 m","gridUnits":"degrees","resolution":48,"winds":"true","scanMode":64,"nx":41,"ny":15,"basicAngle":0,"lo1":47.0,"la1":41.0,"lo2":87.0,"la2":55.0,"dx":1.0,"dy":1.0}, "data":
[rows 0 to 14 of 15, columns 0 to 40 of 41]
-2.432544,2.487456,-2.642544,-3.722544,-4.072544,-2.982544,-0.72254395,0.36745605,-2.282544,3.037456,1.547456,1.4774561,-0.85254395,-2.6025438,-2.722544,-1.802544,-0.77254397,1.7374561,0.44745606,1.4574561,2.277456,1.3574561,2.847456,1.3474561,1.057456,1.197456,4.347456,4.207456,0.96745604,2.577456,-0.5125439,-0.33254394,-0.37254393,0.24745606,2.547456,2.607456,3.8974562,4.377456,4.767456,5.767456,5.257456
-0.8125439,-2.162544,-2.882544,-3.022544,-3.622544,-2.8425438,-1.922544,-0.52254397,0.5574561,0.29745606,-0.16254395,-1.8925439,-1.112544,-0.40254393,-0.31254396,0.30745605,0.69745606,0.35745606,1.5074561,2.217456,3.007456,2.6774561,3.367456,4.0674562,2.6574562,0.49745604,1.077456,1.3574561,4.237456,2.1774561,0.59745604,-0.122543946,-1.2925439,0.72745603,-0.8225439,0.6174561,1.9974561,-0.90254396,-0.44254395,-1.452544,0.20745605
-2.482544,-3.252544,-1.302544,0.35745606,0.71745604,2.4074562,2.287456,-0.10254394,0.07745606,0.57745606,-0.58254397,-0.032543946,0.77745605,2.027456,3.237456,4.157456,4.827456,4.487456,3.097456,2.737456,2.787456,5.287456,6.207456,6.207456,-0.17254394,-3.032544,-7.2225437,-2.3525438,-0.092543945,-1.692544,0.81745607,-2.952544,-2.142544,-0.10254394,-2.662544,1.197456,0.22745605,-0.18254395,0.007456055,0.89745605,-1.1325439
-1.822544,-1.0225439,-0.26254395,0.9874561,3.287456,2.747456,1.7574561,2.4174562,2.6774561,3.1774561,3.4074562,3.967456,4.007456,4.077456,4.867456,5.857456,5.537456,6.017456,5.457456,4.937456,3.047456,3.6674562,2.277456,2.517456,1.767456,2.517456,1.2274561,-2.462544,1.307456,0.81745607,1.557456,1.5074561,2.017456,3.887456,1.827456,1.827456,1.7374561,-0.6925439,-2.782544,-3.6025438,-2.642544
-2.222544,-1.302544,0.24745606,0.64745605,2.537456,2.747456,0.027456054,1.3774561,3.057456,4.727456,4.597456,5.727456,4.0474563,2.317456,2.847456,4.637456,4.127456,4.147456,4.267456,4.007456,5.217456,5.707456,5.687456,4.647456,4.0674562,3.567456,3.357456,4.917456,1.0074561,7.2974563,6.107456,6.2774563,1.527456,0.56745607,-3.622544,-2.3125439,-0.40254393,-1.842544,-2.452544,-1.422544,0.027456054
-0.49254394,0.14745605,-0.122543946,0.87745607,1.027456,-0.30254394,1.897456,1.027456,2.877456,4.407456,5.647456,5.017456,5.517456,6.017456,6.597456,6.907456,7.447456,6.847456,7.007456,7.5674562,7.677456,6.357456,6.677456,5.757456,5.587456,5.117456,4.427456,-0.46254393,2.867456,1.767456,7.0474563,7.937456,7.697456,7.087456,8.277456,2.317456,0.44745606,0.91745603,-0.78254396,0.17745605,0.30745605
-2.1025438,-0.19254394,0.9874561,0.97745603,0.62745607,1.017456,1.2374561,1.9574561,2.867456,3.967456,4.957456,5.897456,6.577456,7.077456,7.077456,7.137456,7.977456,8.247456,7.997456,7.697456,7.637456,7.367456,7.467456,7.0674562,5.757456,6.087456,6.237456,4.867456,3.6474562,2.827456,0.16745606,10.997456,7.8174562,7.197456,5.417456,4.147456,1.677456,-0.87254393,1.8674561,0.47745606,-1.5125439
-2.0725439,-0.642544,1.047456,0.87745607,1.267456,0.48745605,1.827456,2.357456,3.577456,4.257456,5.177456,6.257456,7.7774563,8.7874565,9.217456,6.897456,8.357456,9.517456,8.817456,9.167456,8.457456,8.047456,8.047456,8.007456,7.427456,6.407456,7.177456,7.917456,9.237456,4.667456,5.257456,7.177456,8.077456,5.097456,3.357456,-0.66254395,-3.8325438,-2.382544,-3.152544,-2.482544,1.167456
-0.43254393,-1.082544,-1.432544,-1.072544,1.327456,1.547456,2.467456,2.857456,3.047456,3.997456,4.807456,6.347456,6.267456,6.477456,7.337456,7.667456,8.477456,7.327456,7.827456,8.357456,8.367456,7.807456,7.807456,7.907456,7.987456,6.647456,6.307456,7.0674562,8.937456,8.217456,7.127456,2.6574562,6.427456,2.1874561,1.9574561,-1.0025439,-1.1625439,2.4074562,0.19745606,-0.14254394,1.6074561
-0.62254393,-0.11254395,0.09745605,1.0974561,2.4274561,2.257456,2.6674562,2.467456,2.9274561,4.167456,5.087456,5.167456,5.2774563,5.2774563,5.957456,6.857456,7.377456,7.477456,7.537456,7.867456,8.217456,8.657456,7.647456,8.127456,8.187456,6.537456,6.617456,6.577456,5.607456,4.597456,2.127456,-1.8925439,7.417456,3.477456,4.837456,0.22745605,-1.702544,-0.52254397,1.8374561,0.22745605,0.48745605
1.687456,1.437456,0.89745605,1.557456,2.127456,2.887456,2.307456,2.6774561,2.627456,3.627456,4.857456,5.337456,4.087456,6.177456,6.307456,6.577456,7.437456,8.387456,7.107456,7.437456,7.097456,8.337456,6.707456,6.847456,7.727456,7.387456,6.157456,5.857456,4.877456,3.597456,2.607456,-2.192544,6.447456,3.887456,4.127456,1.197456,-0.59254396,1.8774561,-0.96254396,-0.45254394,1.6074561
1.8674561,2.327456,1.927456,1.797456,2.327456,2.977456,2.787456,3.307456,2.627456,3.127456,4.627456,4.667456,3.367456,5.177456,6.0474563,6.767456,6.827456,8.117456,6.197456,6.737456,4.927456,4.267456,5.497456,4.787456,6.717456,6.937456,5.497456,6.5474563,6.247456,4.927456,3.487456,3.9074562,6.037456,3.8974562,4.5474563,2.9174562,3.957456,3.6674562,2.847456,-0.60254395,-0.60254395
1.8474561,2.1874561,1.787456,1.7174561,2.317456,1.947456,2.9274561,3.267456,3.297456,2.537456,3.137456,4.417456,4.707456,3.957456,5.217456,5.227456,6.557456,6.267456,3.6674562,3.277456,1.517456,2.347456,2.867456,3.1474562,3.887456,6.0474563,3.737456,5.157456,6.327456,5.917456,5.627456,5.857456,6.307456,6.267456,4.847456,3.987456,3.547456,1.657456,1.2274561,-0.27254394,-0.6925439
2.4174562,2.137456,2.487456,1.767456,1.7374561,1.7074561,1.7074561,1.6174561,2.617456,3.127456,2.4474561,4.0474563,4.5674562,4.647456,5.827456,4.907456,4.247456,2.227456,-0.49254394,1.177456,1.197456,0.37745607,1.417456,2.997456,3.007456,5.127456,3.767456,4.207456,5.057456,5.397456,6.327456,6.227456,6.207456,6.627456,4.3174562,3.007456,0.32745606,0.30745605,-1.4125439,-0.43254393,-1.6425439
1.807456,2.6874561,1.7074561,1.7474561,1.677456,1.277456,2.1574562,2.967456,2.9074562,2.847456,2.097456,3.887456,3.027456,4.137456,3.6774561,3.037456,1.057456,-1.582544,-1.812544,-2.482544,-3.212544,-1.572544,-0.27254394,1.147456,2.717456,2.107456,3.6574562,3.9274561,4.5474563,5.5274563,6.427456,6.087456,6.247456,3.797456,3.387456,1.3574561,1.7374561,0.39745605,-1.692544,-3.182544,-0.702544
