wind_kz.json
{"header": {"discipline":0,"disciplineName":"Meteorological products","gribEdition":2,"gribLength":1102,"center":7,"centerName":"US National Weather Service - NCEP(WMC)","subcenter":0,"refTime":"2023-09-09T12:00:00.000Z","significanceOfRT":1,"significanceOfRTName":"Start of forecast","productStatus":0,"productStatusName":"Operational products","productType":1,"productTypeName":"Forecast products","productDefinitionTemplate":0,"productDefinitionTemplateName":"Analysis/forecast at horizontal level/layer at a point in time","parameterCategory":2,"parameterCategoryName":"UnknownDiscipline_0_Category_2","parameterNumber":2,"parameterNumberName":"UnknownParameter_D0_C2_2","parameterUnit":"Unknown","genProcessType":2,"genProcessTypeName":"Forecast","forecastTime":300,"surface1Type":103,"surface1TypeName":"Specified height level above ground","surface1Value":10.0,"surface2Type":255,"surface2TypeName":"Missing","surface2Value":0.0,"gridDefinitionTemplate":0,"gridDefinitionTemplateName":"Latitude_Longitude","numberPoints":615,"shape":6,"shapeName":"Earth spherical with radius of 6,371,229.0 m","gridUnits":"degrees","resolution":48,"winds":"true","scanMode":64,"nx":41,"ny":15,"basicAngle":0,"lo1":47.0,"la1":41.0,"lo2":87.0,"la2":55.0,"dx":1.0,"dy":1.0}, "data":
[rows 0 to 14 of 15, columns 0 to 40 of 41]
-0.3872998,0.1527002,1.1027002,-7.2672997,-10.1673,-11.9373,-8.1873,-9.1273,-11.7273,-8.5273,-7.3973,-7.3573,-6.6273,-5.1073,-3.9372997,-3.4873,-3.1272998,-2.4572997,-4.3072996,-3.0472999,-0.9772998,-0.067299806,0.0027001954,-1.4672998,-0.57729983,-2.2172997,-2.7773,-0.9272998,0.16270019,0.8627002,1.2727002,1.7627002,0.5927002,1.1227002,-2.3572998,-1.1572998,-0.8772998,-0.3272998,-2.9472997,-3.4772997,-2.2272997
1.1327002,0.5427002,-3.9472997,-10.6273,-11.2873,-10.9873,-8.3473,-9.9373,-8.547299,-7.3173,-6.9172997,-6.4772997,-4.6672997,-3.9572997,-2.7673,-3.4472997,-2.7272997,-4.9273,-4.6973,-2.9873,-2.7972999,-2.5173,-1.4572998,-3.2072997,-0.7772998,0.8327002,-0.2372998,0.19270019,-2.0572999,0.022700196,-0.3472998,0.8127002,0.4327002,-1.3672998,0.9327002,0.6527002,-1.7672998,1.3327003,1.7527002,1.0227002,-0.37729982
-0.6872998,-2.2272997,-7.8272996,-10.8573,-10.4473,-9.7273,-9.007299,-5.6573,-8.6073,-7.0273,-6.0073,-5.9372997,-4.4972997,-3.7972999,-3.6772997,-4.0172997,-4.3773,-4.4073,-3.3972998,-2.4772997,-2.6872997,-8.0273,-6.0172997,-6.9473,-0.51729983,-3.7373,-2.2972999,-1.8872998,-2.0173,-0.9572998,0.2227002,0.7127002,-0.2672998,0.012700195,-1.2672998,-1.0072998,0.9027002,-0.7172998,4.8427,1.5827003,1.2527002
-4.6573,-8.9873,-10.2373,-10.3173,-7.5572996,-8.3073,-5.4572997,-7.1273,-5.8472996,-6.7272997,-6.2272997,-6.8573,-8.587299,-7.0873,-4.5073,-4.0673,-4.7872996,-4.5172997,-4.5273,-3.6872997,-3.1672997,-5.0572996,-1.9172997,-5.2472997,-5.3873,-5.3072996,-3.5472999,-5.5473,-2.9272997,0.13270019,0.9627002,-0.2972998,3.7027001,6.9927,-2.5872998,-1.8472998,-0.7072998,2.1027002,1.1127002,3.6027002,3.1427002
-6.8773,-10.837299,-11.8073,-10.6473,-5.6173,-6.2472997,-6.4073,-4.8173,-5.7472997,-5.0772996,-5.5172997,-5.8573,-6.8873,-7.0972996,-6.4172997,-4.4873,-4.5172997,-4.1073,-3.6672997,-5.0673,-5.6373,-5.2173,-5.0273,-4.8272996,-4.4972997,-4.0273,-4.2272997,-4.9372997,-4.4673,-4.0372996,-3.9172997,-1.0372998,-0.9072998,1.6727002,0.5327002,-0.7272998,2.6427002,0.042700194,0.4527002,-0.0872998,1.2627002
-5.6672997,-5.0572996,-8.0273,-3.9472997,-3.5472999,-6.3973,-3.7473,-4.3673,-3.9372997,-3.8972998,-3.9572997,-3.7272997,-4.6573,-7.1872997,-5.5572996,-3.7573,-3.9973,-4.2272997,-5.0172997,-3.7872999,-4.5273,-3.6572998,-4.0873,-4.3472996,-4.2573,-5.3272996,-4.4873,-8.9873,-5.3173,-5.3373,-4.4372997,-3.6072998,-2.3972998,0.7227002,4.1527004,4.8627,3.0327003,1.4627002,3.2927003,1.4827002,-0.017299805
-5.2773,-5.3472996,-5.7373,-4.8072996,-5.1872997,-4.2573,-4.3373,-3.6072998,-2.7373,-2.2972999,-2.4472997,-3.3272998,-3.4472997,-3.0372999,-3.4472997,-3.7573,-3.6572998,-3.7773,-3.9873,-4.1573,-3.2872999,-3.2673,-3.7373,-3.4572997,-3.6772997,-3.7473,-3.5173,-3.5173,-3.6972997,-3.2573,-3.8472998,-3.1172998,-0.14729981,-0.0772998,-0.9972998,-2.3572998,-1.5872998,0.28270018,0.98270017,1.5927002,0.5727002
-4.1473,-4.3072996,-4.2672997,-3.7473,-3.1372998,-2.5173,-2.4572997,-1.8472998,-1.6772999,-1.8972998,-1.5572999,-1.2972999,-1.5172998,-2.7773,-2.9572997,-3.2172997,-3.5273,-3.0872998,-3.2473,-3.9572997,-2.9572997,-2.9572997,-2.5972998,-3.1972997,-2.9973,-1.7372998,-1.6072998,-1.6372998,-1.9172997,-1.8472998,-1.6072998,-1.2472998,-1.3372998,-1.6172998,-0.5072998,3.3927002,5.6127,8.2927,7.3327003,6.6127,2.8727002
-2.4672997,-0.7472998,-0.0072998046,-2.4372997,-1.8172998,-2.3672998,-2.1372998,-2.4572997,-2.0372999,-0.6672998,-0.3872998,0.1427002,-0.3672998,-0.5672998,-1.0272998,-1.6672997,-2.3672998,-2.4472997,-2.7972999,-2.7272997,-2.3772998,-1.6472998,-2.0073,-2.0173,-1.0672998,-1.5672998,-1.1572998,-1.6772999,-0.7172998,-0.5872998,-0.6172998,-0.1372998,1.0827003,0.9527002,1.6927001,1.8827002,0.5027002,-1.1872998,-0.3272998,-0.0872998,-1.3572998
-2.8372998,-1.9972998,-2.8572998,-3.2072997,-2.7972999,-2.7172997,-2.5472999,-2.6772997,-2.8872998,-1.7672998,-1.4772998,-0.2872998,-0.2372998,-0.40729982,0.9327002,1.1627002,1.1127002,1.0827003,-0.4172998,-0.5672998,0.37270018,1.0027002,1.2927002,0.9527002,0.7227002,1.2827002,1.3027002,0.8527002,1.7727002,2.5827003,1.8427002,2.1427002,2.8627002,1.1427002,1.3727002,1.8627002,0.3527002,0.5527002,-1.4172997,0.3827002,-0.0072998046
-1.7172998,-1.3872998,-1.8872998,-1.3572998,-1.1972998,-1.5472999,-1.4972998,0.21270019,-0.2072998,-0.43729982,0.2727002,1.3527002,1.2927002,2.1127002,2.2827003,2.7127001,2.9827,3.3027003,1.8627002,2.8527002,2.9727,2.9527001,3.2027001,3.1027002,2.8327003,2.8027003,2.7927003,3.1327002,3.4227002,2.8427002,3.4327002,3.2127001,2.6227002,1.1127002,1.4927002,0.7727002,-0.5972998,0.3027002,0.032700196,-0.037299804,0.2527002
-0.5972998,0.08270019,0.2027002,0.5327002,1.0227002,0.8227002,0.5427002,0.5127002,1.5227002,-0.2172998,0.0627002,3.1727002,2.6627002,3.3827002,4.1327,3.7927003,3.9527001,4.4527,2.5627003,3.8327003,3.7827003,4.0327,3.7027001,3.3927002,5.1927004,5.0127,5.2427,5.4727,5.0627003,4.1627,3.0427003,3.2127001,2.2527,2.5527003,1.9727002,2.2627,1.6227002,1.4027002,1.1427002,0.5627002,0.5127002
0.3627002,1.1127002,1.4827002,1.2427002,1.7827002,1.6527002,1.5127002,1.1027002,1.3627002,-0.1872998,0.5227002,2.1727002,3.2827003,4.0827003,4.3927,4.0627003,3.7127001,4.1727004,2.8127003,4.3727,3.4327002,4.5227003,6.1127,4.7727003,7.2627,6.8727,6.8827,6.5127,6.2027,5.6327,5.4527,5.0027003,3.5427003,3.1227002,2.5427003,2.5527003,2.4427001,1.0827003,1.8727002,1.0027002,-0.047299806
1.5827003,1.3727002,1.6727002,2.6927001,1.4027002,1.5727001,1.6427002,2.1827002,2.2127001,1.2927002,0.4327002,0.98270017,2.7527,4.5727,4.8027,4.4427004,4.1527004,3.2927003,2.2627,5.0127,5.2427,5.9427004,7.4827003,7.2427,7.3627,6.7727003,6.7227,6.8927,6.3627,6.1527004,6.3127003,5.9227004,5.1927004,5.0027003,3.9627001,2.9727,2.4827,1.7427002,0.98270017,0.8627002,1.2727002
0.4327002,2.3427002,2.7527,2.6727002,2.8527002,1.9427001,3.2827003,2.4527001,3.5727003,2.3927002,-0.6772998,1.8227001,3.2427,3.6427002,4.2727003,4.9327,5.2027,5.5127,4.1827,5.7127004,5.7327003,6.2227,6.1527004,6.7527003,7.3827,7.0027003,6.8927,7.0027003,6.6827,6.9827003,7.5127,8.8727,6.5827003,6.3827,6.0127,5.5027003,4.5327,3.8327003,3.2527,3.4627001,1.1327002
