wind_kz.json
{"header": {"discipline":0,"disciplineName":"Meteorological products","gribEdition":2,"gribLength":1025,"center":7,"centerName":"US National Weather Service - NCEP(WMC)","subcenter":0,"refTime":"2023-09-10T00:00:00.000Z","significanceOfRT":1,"significanceOfRTName":"Start of forecast","productStatus":0,"productStatusName":"Operational products","productType":1,"productTypeName":"Forecast products","productDefinitionTemplate":0,"productDefinitionTemplateName":"Analysis/forecast at horizontal level/layer at a point in time","parameterCategory":2,"parameterCategoryName":"UnknownDiscipline_0_Category_2","parameterNumber":2,"parameterNumberName":"UnknownParameter_D0_C2_2","parameterUnit":"Unknown","genProcessType":2,"genProcessTypeName":"Forecast","forecastTime":300,"surface1Type":103,"surface1TypeName":"Specified height level above ground","surface1Value":10.0,"surface2Type":255,"surface2TypeName":"Missing","surface2Value":0.0,"gridDefinitionTemplate":0,"gridDefinitionTemplateName":"Latitude_Longitude","numberPoints":615,"shape":6,"shapeName":"Earth spherical with radius of 6,371,229.0 m","gridUnits":"degrees","resolution":48,"winds":"true","scanMode":64,"nx":41,"ny":15,"basicAngle":0,"lo1":47.0,"la1":41.0,"lo2":87.0,"la2":55.0,"dx":1.0,"dy":1.0}, "data":
[rows 0 to 14 of 15, columns 0 to 40 of 41]
0.49634278,1.4163427,-1.1236572,-6.3836575,-4.4636574,-3.4836571,-8.573657,-8.633657,-8.883657,-7.683657,-7.1036572,-5.6736574,-4.5236573,-5.013657,-4.3336573,-3.9436572,-3.8036573,-4.323657,-4.3536572,-3.6736572,-1.5736573,-0.21365723,2.4063427,3.0863428,2.5163429,2.8163428,3.6163428,3.2963428,-0.17365722,1.2963427,-0.8136572,0.65634274,-1.6836572,-3.8436573,-4.8536572,-3.6836572,-3.1336572,-2.6936572,-3.1436572,-2.0036573,-6.8536572
-1.3736572,-4.1736574,-11.043657,-7.433657,-3.7136571,0.95634276,-8.323657,-7.8836575,-7.7336574,-6.893657,-7.143657,-6.573657,-6.4836574,-5.4836574,-4.6736574,-4.6536574,-3.9536572,-4.4036574,-3.9836571,-3.8736572,-2.3736572,-1.4636573,0.37634277,1.3563428,0.63634276,-0.36365724,0.34634277,1.7563428,-0.3236572,0.57634276,-0.14365722,0.70634276,-1.9636573,0.6263428,0.49634278,-0.17365722,0.8663428,2.0563428,2.8363428,-2.9036572,-8.283657
-6.843657,-9.553658,-9.143658,-6.9036574,-4.7336574,-6.513657,-7.4236574,-7.373657,-7.593657,-6.743657,-6.843657,-6.9836574,-5.803657,-5.7136574,-5.4636574,-4.4836574,-4.0236573,-3.9436572,-2.5136573,-1.4636573,-2.5936573,-2.3636572,-1.6236572,-7.0236573,-5.1536574,-5.5236573,-4.5436573,-2.1036572,-0.79365724,-1.1236572,-0.2936572,0.07634278,0.19634277,-0.063657224,1.2363428,-0.5736572,-0.16365723,-1.0036572,5.7863426,0.9363428,-0.6836572
-9.133657,-9.663657,-8.353657,-4.9236574,-3.2836573,-6.0436573,-5.6936574,-6.2936573,-5.1736574,-5.143657,-6.843657,-6.0236573,-4.0636573,-1.7036573,-4.723657,-4.823657,-4.433657,-3.9636571,-4.0036573,-4.4236574,-5.5436573,-6.6936574,-7.7536573,-5.953657,-8.043657,-7.4636574,-6.7136574,-5.7536573,-6.0636573,-3.6436572,-2.3136573,-3.7236571,-4.013657,0.7363428,0.116342776,1.3463428,0.036342774,0.39634278,-0.023657227,0.52634275,3.2763429
-9.173657,-8.533657,-5.933657,-4.203657,-5.6536574,-4.6536574,-5.5636573,-5.6536574,-4.6536574,-4.6336575,-5.343657,-5.763657,-4.033657,-1.9836572,3.3963428,-4.553657,-4.3836575,-4.6736574,-4.973657,-6.743657,-6.393657,-5.413657,-6.2736573,-7.933657,-8.103657,-7.0636573,-6.4236574,-3.1436572,-4.0036573,-4.143657,-2.8536572,-1.5036572,0.29634276,-0.023657227,-3.3036573,0.24634278,-0.9436572,0.07634278,0.116342776,2.1063428,1.5463427
-7.473657,-6.5236573,-6.9836574,-7.1036572,-6.6336575,-5.2136574,-5.6036572,-4.5836573,-4.913657,-4.363657,-4.643657,-4.4836574,-4.9036574,-3.5336573,-1.5936573,-4.1336575,-4.143657,-4.803657,-5.7336574,-6.6336575,-6.493657,-5.7736573,-6.1036572,-5.993657,-5.703657,-5.5636573,-6.123657,-4.703657,-4.6536574,-4.1736574,-3.9136572,-3.1936572,0.4863428,0.6663428,0.77634275,0.21634278,-0.86365724,2.2363427,3.1563427,-2.0136573,0.8063428
-5.5236573,-5.573657,-4.9036574,-4.9836574,-4.323657,-3.4036572,-4.113657,-3.0736573,-3.5636573,-3.493657,-3.6736572,-4.573657,-4.3336573,-4.3136573,-4.1736574,-3.9336572,-4.1036572,-3.743657,-4.643657,-5.5036573,-5.453657,-5.473657,-5.433657,-4.6936574,-4.3136573,-4.873657,-4.163657,-4.343657,-4.3136573,-4.4436574,-4.783657,-4.7736573,-3.4736571,-1.6836572,-1.3836572,0.9363428,1.1763427,-0.73365724,1.8563428,0.026342774,4.0563426
-5.4036574,-3.8536572,-3.9436572,-3.2036572,-0.6336572,-1.7536572,-1.8836572,-1.0136572,-1.5836573,-1.9236572,-2.3836572,-2.7236571,-3.2236571,-3.3836572,-3.5236573,-4.2536573,-4.2336574,-3.8736572,-3.6336572,-4.4436574,-4.763657,-4.5836573,-4.203657,-4.203657,-4.0036573,-3.6936572,-3.7636573,-3.3036573,-5.3136573,-5.703657,-5.7336574,-5.3136573,-4.323657,-3.7136571,-2.2536573,-0.04365723,0.0063427733,3.6663427,4.716343,6.316343,5.1463428
-3.0436573,-3.0436573,-2.7736573,-2.4236572,-1.9836572,-1.2636572,-1.0136572,-0.61365724,-0.61365724,-0.46365723,-0.9636572,-1.5136572,-2.2136571,-2.4636571,-2.743657,-3.2136571,-3.6036572,-3.6436572,-3.7036572,-3.743657,-4.8336573,-4.843657,-4.3136573,-4.4636574,-4.7336574,-4.3136573,-4.873657,-4.5436573,-4.1736574,-4.7136574,-4.683657,-3.5836573,-2.4836571,-1.9036572,-0.33365723,1.1363428,-1.3836572,-0.10365722,-0.6836572,1.0363427,0.35634276
-1.5736573,-2.1136572,-1.3636572,-1.5636573,-1.3336573,-0.9536572,-1.7536572,-0.92365724,-0.80365723,-0.013657226,0.24634278,-0.6236572,-1.2436572,-0.73365724,-1.6136572,-1.8136573,-2.3736572,-2.8436573,-3.0136573,-3.4636571,-4.2336574,-4.093657,-3.9636571,-3.8736572,-3.7736573,-4.2936573,-4.0836573,-3.743657,-3.7636573,-4.1336575,-2.9236572,-2.3736572,-1.5136572,-2.3836572,-1.7736572,2.2463427,1.5163428,-0.2636572,-1.6736572,-1.2436572,0.6663428
-0.53365725,-0.48365724,0.036342774,0.4263428,0.6263428,1.7163428,-0.16365723,-0.30365723,-0.30365723,0.24634278,0.49634278,0.7963428,0.4563428,-0.16365723,-0.2936572,-0.42365724,-0.92365724,-1.0836573,-2.1436572,-2.5036573,-2.493657,-2.5736573,-2.993657,-2.9436572,-2.8136573,-3.1736572,-3.0536573,-2.8736572,-2.9636571,-2.4336572,-1.7536572,-1.4336572,-1.5336572,-1.8836572,-2.7136571,-1.9136572,-1.1136572,0.83634275,-1.4236572,-0.2936572,0.056342773
1.6963428,2.0363429,2.2263427,1.9863428,2.4163427,1.6263428,1.9963428,0.6063428,0.6163428,0.5663428,0.8763428,-0.14365722,0.9863428,1.2763427,0.71634275,0.8463428,0.30634278,0.63634276,0.4863428,-0.43365723,-0.8236572,-1.1636572,-1.1136572,-0.8836572,-1.6236572,-2.0236573,-1.9636573,-1.2436572,-1.9836572,-1.3036572,-1.4036572,-1.5236572,-1.8236573,-1.3736572,-1.4936572,-2.1236572,-1.7836572,-2.6436572,-1.8536572,-0.73365724,-1.1536572
3.0663428,3.6463428,4.126343,2.3463428,2.3863428,0.35634276,1.6963428,1.7563428,1.6063428,1.3963428,1.5963428,1.8663428,1.6163428,2.5763428,2.2363427,2.1363428,1.7063428,1.1663427,0.57634276,0.94634277,1.3363428,1.0163428,0.13634278,0.5663428,-0.04365723,0.10634277,-0.5136572,-1.1736572,-0.7736572,-0.9036572,-2.1136572,-1.3536572,-1.3636572,-0.7636572,-1.7636572,-1.6736572,-1.1036572,-1.5336572,-2.4536572,-1.8436573,-1.0136572
4.196343,4.586343,2.4663427,3.7663429,3.0963428,2.5163429,1.9863428,2.2963428,1.7563428,1.3563428,1.9263427,1.7863427,2.8963428,2.2063427,2.006343,2.4963427,2.1163428,2.0963428,1.8463428,1.8063427,1.4763428,1.7163428,1.1563427,1.2063428,1.0863428,1.2763427,1.0663428,0.28634277,-0.54365724,-1.0136572,-0.42365724,-1.1636572,-0.79365724,-1.4836572,-1.5236572,-1.7636572,-1.2436572,-0.78365725,-1.6136572,-0.8336572,-0.79365724
3.6863427,4.5363426,3.1263428,2.8063428,3.9663427,3.5763428,2.3663428,2.3463428,2.2363427,2.0963428,1.4163427,3.1363428,2.2363427,-0.093657225,2.0263429,1.8163428,2.3063428,2.5563428,2.3563428,2.6963427,2.3763428,2.2963428,2.1063428,1.5163428,2.2763429,2.1963427,2.1463428,1.2863427,0.8763428,0.9763428,-0.5036572,2.1563427,0.18634278,-1.3336573,-1.7536572,-1.2136573,-1.0936573,-1.3036572,-0.19365722,0.36634278,0.70634276
