wind_kz.json
{"header": {"discipline":0,"disciplineName":"Meteorological products","gribEdition":2,"gribLength":1025,"center":7,"centerName":"US National Weather Service - NCEP(WMC)","subcenter":0,"refTime":"2023-08-23T06:00:00.000Z","significanceOfRT":1,"significanceOfRTName":"Start of forecast","productStatus":0,"productStatusName":"Operational products","productType":1,"productTypeName":"Forecast products","productDefinitionTemplate":0,"productDefinitionTemplateName":"Analysis/forecast at horizontal level/layer at a point in time","parameterCategory":2,"parameterCategoryName":"UnknownDiscipline_0_Category_2","parameterNumber":2,"parameterNumberName":"UnknownParameter_D0_C2_2","parameterUnit":"Unknown","genProcessType":2,"genProcessTypeName":"Forecast","forecastTime":0,"surface1Type":103,"surface1TypeName":"Specified height level above ground","surface1Value":10.0,"surface2Type":255,"surface2TypeName":"Missing","surface2Value":0.0,"gridDefinitionTemplate":0,"gridDefinitionTemplateName":"Latitude_Longitude","numberPoints":615,"shape":6,"shapeName":"Earth spherical with radius of 6,371,229.0 m","gridUnits":"degrees","resolution":48,"winds":"true","scanMode":64,"nx":41,"ny":15,"basicAngle":0,"lo1":47.0,"la1":41.0,"lo2":87.0,"la2":55.0,"dx":1.0,"dy":1.0}, "data":
[rows 0 to 14 of 15, columns 0 to 40 of 41]
-0.5240009,1.3359991,-1.3540008,0.13599914,2.1859992,2.035999,3.545999,3.3359993,3.295999,3.3659992,3.745999,3.525999,3.8559992,1.7059991,0.61599916,-1.2640009,-1.3440008,-0.9640009,-1.0640008,-1.0140009,-0.054000854,-0.48400086,0.87599915,3.025999,-1.3140008,-0.15400085,3.2059991,3.1659992,0.15599914,1.5059991,2.8759992,0.06599914,0.015999146,0.76599914,-0.16400085,-2.9240007,-4.314001,-5.224001,-7.0440006,-3.8840008,1.4259992
1.0059991,-1.8740009,-0.38400087,3.235999,2.8859992,1.7459991,3.6859992,3.065999,3.9359992,3.6159992,3.8259993,4.215999,4.915999,2.745999,2.3559992,0.95599914,0.42599913,0.095999144,-0.40400085,2.6259992,2.5859993,1.4159992,0.81599915,2.785999,0.62599915,0.07599915,1.4159992,2.025999,4.005999,2.235999,0.095999144,0.7159991,-2.0540009,2.015999,-0.034000855,-0.41400087,-0.69400084,-1.4540008,1.1559992,0.33599913,2.6159992
2.5859993,5.7059994,6.635999,5.145999,3.1659992,2.9559991,4.715999,4.4559994,6.3059993,5.465999,5.2859993,4.8059993,2.9459991,3.3559992,4.395999,2.4559991,2.5859993,2.6659992,3.5859993,3.475999,2.755999,3.2159991,2.0959992,4.3259993,0.18599914,-0.13400085,0.50599915,0.23599915,3.3559992,-0.8440009,1.1859992,-1.6740009,-0.82400084,1.4359992,-0.41400087,1.9259992,1.8559991,1.6959991,5.7459993,3.245999,-1.4440008
4.255999,4.835999,4.315999,4.195999,4.925999,4.665999,4.8059993,5.0759993,3.535999,6.0759993,4.935999,3.795999,1.9259992,1.5159992,2.8859992,3.525999,3.275999,4.155999,3.1559992,0.7259991,-0.084000856,3.0759993,-0.38400087,1.8559991,2.035999,-0.62400085,-2.8140008,1.7659992,-2.8740008,-2.8140008,-0.41400087,1.2859992,0.46599916,1.2859992,3.015999,4.675999,1.4959991,0.83599913,-0.43400085,-0.14400086,-1.8440008
5.165999,6.185999,6.385999,5.375999,5.545999,7.415999,6.7859993,7.685999,5.0559993,3.285999,2.3559992,1.4459991,2.3459992,-1.0240009,2.9059992,4.695999,4.7459993,3.6359992,2.1759992,0.42599913,0.86599916,4.445999,4.025999,1.6859992,0.40599915,1.1459992,1.6559992,-0.93400085,-1.6240009,-1.6740009,-0.67400086,-0.24400085,1.3059992,1.0259992,-3.6440008,-0.11400086,0.7159991,2.8459992,0.89599913,2.3259993,0.86599916
5.335999,5.175999,5.0359993,6.905999,4.795999,6.465999,8.275999,8.415999,7.7059994,6.645999,5.905999,5.525999,1.5259992,0.68599916,2.6059992,2.775999,6.005999,2.5759993,3.995999,1.8359991,0.7259991,-0.5240009,0.45599914,0.99599916,-0.50400084,0.085999146,-3.1240008,-0.024000855,-2.1740007,-2.1540008,-1.9540008,-1.6640009,-0.68400085,0.14599915,-1.3540008,2.5959992,1.6959991,1.9159992,-0.88400084,-0.084000856,-3.734001
3.4559991,2.525999,1.9859991,1.4359992,1.1759992,0.67599916,0.99599916,0.76599914,5.5759993,8.365999,8.575999,8.216,6.3459992,6.755999,6.505999,6.3459992,5.275999,4.875999,3.6259992,2.1159992,1.7059991,1.2359991,0.6559991,0.06599914,-0.40400085,-0.73400086,0.69599915,-0.22400086,-0.41400087,0.38599914,-0.034000855,1.0259992,0.39599913,0.31599915,1.1359992,3.735999,3.4359992,1.6859992,2.8959992,1.6359992,4.105999
3.535999,2.515999,1.8359991,1.6259991,1.8859992,2.975999,3.4559991,3.805999,4.085999,3.8659992,6.105999,8.075999,9.125999,7.395999,7.045999,6.005999,6.4759994,5.235999,2.4059992,4.715999,4.155999,2.6759992,3.235999,3.0859993,1.2359991,2.485999,1.6959991,1.1959991,0.17599915,0.70599914,1.3559991,0.99599916,1.1159991,-0.80400085,1.3959992,-2.444001,-1.9740008,3.7159991,6.7459993,3.6459992,4.2859993
1.8959992,0.20599915,0.95599914,0.54599917,0.9059991,2.505999,4.335999,5.5559993,6.365999,7.275999,7.675999,8.525999,8.966,7.735999,7.315999,5.7059994,5.315999,4.505999,4.9759994,4.355999,5.105999,4.5359993,5.195999,5.185999,3.265999,2.015999,2.3259993,1.7959992,3.1459992,3.745999,2.735999,1.7059991,-0.8440009,0.83599913,0.25599915,1.9659991,2.8659992,0.095999144,0.15599914,0.37599915,0.6559991
1.0359992,0.81599915,-0.054000854,1.1359992,1.9059992,3.0959992,3.8859992,4.875999,6.665999,7.5959992,8.895999,8.845999,9.665999,8.605999,5.775999,5.295999,5.195999,5.525999,6.625999,6.9759994,7.935999,6.885999,3.065999,3.8559992,3.9459991,3.4059992,3.4459991,2.6759992,3.065999,4.0759993,3.985999,1.7959992,1.5259992,0.7859991,-0.6540009,-1.1240009,1.5959991,0.22599915,1.4859991,-0.034000855,0.87599915
1.7259991,2.975999,3.3959992,2.975999,1.7159991,2.555999,2.5859993,1.6959991,2.015999,3.725999,5.385999,6.395999,5.0959992,6.185999,7.2059994,6.3459992,5.855999,3.8359993,3.4259992,5.5159993,7.235999,7.115999,5.915999,2.6759992,1.3059992,1.4359992,2.6159992,0.31599915,1.1459992,0.58599913,-0.19400086,0.76599914,1.3459991,1.1759992,-0.5940009,-0.8440009,0.7759991,0.12599915,0.38599914,-1.3740009,1.2559991
0.39599913,-0.014000854,0.045999147,0.14599915,1.8459991,2.225999,1.2359991,0.31599915,1.0859991,1.1959991,2.4659991,3.3559992,4.185999,3.9059992,4.655999,6.755999,7.275999,7.5559993,6.335999,5.525999,5.665999,5.605999,6.715999,5.2259994,4.465999,3.9559991,2.3759992,-0.98400086,-1.8140008,-2.0640008,-2.3040009,-1.7140008,-1.5140009,-0.68400085,0.95599914,1.9359992,2.8259993,0.5359991,0.42599913,0.75599915,-0.19400086
0.22599915,0.88599914,1.5959991,1.9859991,1.1159991,1.1659992,1.2959992,0.16599914,-1.2840009,0.40599915,-0.09400085,0.64599913,-1.4740008,-1.3740009,2.1759992,5.875999,8.046,7.9559994,7.4559994,6.875999,6.865999,6.625999,5.935999,8.006,5.415999,3.005999,0.085999146,-2.0340009,-1.7440009,-1.4440008,-2.234001,-2.514001,-2.234001,0.49599916,1.0659992,2.6759992,3.3259993,2.505999,2.0859993,0.6559991,1.4659991
3.565999,2.8959992,3.1559992,2.8459992,2.995999,2.5859993,2.1959991,1.8859992,0.7859991,0.63599914,1.0159992,1.3959992,-1.4840008,-0.38400087,-0.36400086,-1.0240009,1.3659991,7.2059994,6.365999,4.915999,5.5759993,7.415999,6.7859993,3.9159992,1.7759992,2.0959992,-0.39400086,-1.3040009,-1.5940008,-1.8840009,-1.6740009,-1.4240009,-0.5940009,0.7159991,1.6559992,2.045999,1.1859992,2.1559992,2.4359992,1.9059992,0.32599914
1.5759991,1.7459991,2.4059992,0.67599916,1.0359992,1.7559991,3.245999,2.9159992,2.985999,2.6959991,1.6959991,1.0759991,1.9759991,1.6859992,-1.0940008,0.19599915,-3.774001,-1.1540009,2.295999,5.135999,4.665999,5.2059994,2.2159991,0.79599917,0.83599913,0.47599915,-1.0540009,-1.8040009,-2.0640008,-1.3240008,-2.6340008,0.94599915,1.5259992,1.4559991,2.2059991,2.555999,2.795999,2.555999,3.3559992,1.8159992,0.81599915
