wind.json
{"header": {"discipline":0,"disciplineName":"Meteorological products","gribEdition":2,"gribLength":1125,"center":7,"centerName":"US National Weather Service - NCEP(WMC)","subcenter":0,"refTime":"2023-06-30T06:00:00.000Z","significanceOfRT":1,"significanceOfRTName":"Start of forecast","productStatus":0,"productStatusName":"Operational products","productType":1,"productTypeName":"Forecast products","productDefinitionTemplate":0,"productDefinitionTemplateName":"Analysis/forecast at horizontal level/layer at a point in time","parameterCategory":2,"parameterCategoryName":"UnknownDiscipline_0_Category_2","parameterNumber":3,"parameterNumberName":"UnknownParameter_D0_C2_3","parameterUnit":"Unknown","genProcessType":2,"genProcessTypeName":"Forecast","forecastTime":240,"surface1Type":103,"surface1TypeName":"Specified height level above ground","surface1Value":10.0,"surface2Type":255,"surface2TypeName":"Missing","surface2Value":0.0,"gridDefinitionTemplate":0,"gridDefinitionTemplateName":"Latitude_Longitude","numberPoints":688,"shape":6,"shapeName":"Earth spherical with radius of 6,371,229.0 m","gridUnits":"degrees","resolution":48,"winds":"true","scanMode":64,"nx":43,"ny":16,"basicAngle":0,"lo1":45.0,"la1":40.0,"lo2":87.0,"la2":55.0,"dx":1.0,"dy":1.0}, "data":
[rows 0 to 15 of 16, columns 0 to 42 of 43]
2.339635,-0.210365,-1.640365,-0.230365,-0.360365,-1.810365,1.179635,0.359635,1.899635,0.439635,1.349635,-0.660365,0.21963501,0.829635,0.979635,-1.020365,-3.920365,-5.030365,-5.860365,-7.480365,-7.970365,-0.370365,-1.0903649,-3.360365,-3.010365,-0.850365,-2.090365,-2.730365,-2.920365,-1.030365,2.979635,2.679635,2.189635,1.879635,-0.270365,0.519635,-3.140365,-6.060365,-2.080365,3.439635,3.449635,1.639635,-0.74036497
-1.520365,-2.590365,1.069635,2.3496351,-2.280365,1.579635,2.759635,2.479635,3.549635,2.269635,0.869635,-0.16036499,-2.320365,-0.790365,0.999635,0.159635,-2.120365,-4.680365,-5.510365,-6.130365,-5.870365,-4.590365,-2.930365,2.069635,1.189635,2.059635,1.649635,1.229635,1.739635,-1.970365,-2.910365,-2.310365,1.079635,2.359635,-1.4603649,1.259635,1.099635,0.309635,-0.02036499,2.129635,0.359635,0.32963502,2.819635
0.08963501,2.239635,1.069635,-3.290365,-7.990365,2.469635,5.139635,5.149635,4.329635,2.949635,1.669635,-0.890365,-0.920365,-0.600365,0.22963502,-0.970365,-0.74036497,-0.19036499,-1.520365,-4.170365,-6.430365,-6.430365,-5.300365,-0.730365,-0.410365,-1.610365,2.169635,2.889635,3.609635,-0.840365,-0.10036499,-1.760365,-2.950365,-3.1503649,0.579635,0.259635,1.6596351,3.339635,3.189635,2.419635,3.269635,1.229635,0.06963501
-0.340365,-0.880365,-3.480365,-7.890365,-7.0203648,1.359635,4.9796352,6.4796352,4.579635,2.499635,1.079635,0.719635,-0.940365,0.639635,-1.400365,-1.950365,-1.5903649,-2.120365,-1.320365,-2.680365,-5.980365,-4.880365,-4.250365,-4.940365,-3.580365,-2.770365,-3.020365,-1.9603649,-1.780365,-1.120365,-0.970365,-3.060365,-3.580365,-1.290365,-2.100365,2.499635,1.639635,-1.680365,-3.130365,1.219635,-2.390365,0.36963502,-0.510365
-1.630365,-1.640365,-0.980365,-2.740365,-1.8403649,3.589635,7.859635,7.639635,4.419635,1.969635,2.409635,1.139635,0.869635,-0.400365,-2.790365,-3.250365,-0.580365,-1.860365,-2.710365,-0.980365,-3.310365,-3.970365,-4.210365,-4.2703648,-0.68036497,-2.210365,-2.910365,-3.500365,-2.700365,-2.1503649,-3.1503649,-4.310365,-7.320365,2.789635,1.579635,1.119635,0.07963501,1.379635,2.189635,0.799635,-4.700365,-4.680365,-5.380365
-4.990365,-5.280365,0.439635,2.879635,2.039635,8.769635,9.099635,7.239635,4.109635,3.739635,3.469635,1.449635,0.659635,-0.370365,-2.860365,-3.300365,0.14963502,-1.9603649,-3.270365,0.93963504,-0.230365,-0.850365,-0.800365,0.709635,0.519635,-0.26036498,-0.550365,-2.320365,-3.720365,-1.980365,-2.540365,-3.770365,-5.540365,-7.2703648,-3.780365,-2.4003649,1.099635,2.259635,-4.320365,0.39963502,0.979635,-2.1503649,-1.640365
-4.160365,-4.460365,-0.430365,-2.880365,1.959635,6.819635,5.2296352,5.149635,5.869635,5.309635,4.459635,2.569635,1.809635,-0.860365,-0.10036499,-1.350365,-1.4603649,0.499635,-1.880365,0.07963501,1.099635,0.859635,-0.360365,-1.390365,-1.220365,-0.62036496,-2.050365,-2.230365,-1.190365,-6.130365,-2.190365,-2.980365,-4.160365,-6.440365,-6.180365,-4.980365,-3.340365,-0.390365,-4.030365,-4.800365,-1.5903649,-2.690365,5.679635
-1.670365,-2.230365,0.129635,-2.160365,4.739635,8.829635,9.159635,8.969635,7.109635,5.679635,4.169635,3.779635,2.739635,0.22963502,-0.640365,-2.210365,-1.470365,-0.29036498,0.319635,-0.430365,-0.62036496,0.959635,0.739635,-0.830365,-2.070365,-2.020365,-1.850365,-1.930365,-2.170365,-2.580365,-2.480365,-3.140365,-4.370365,-4.510365,-5.480365,-7.110365,0.589635,-0.820365,-1.870365,-2.280365,-3.990365,1.889635,-4.340365
1.199635,-0.500365,-0.910365,-0.400365,0.709635,5.179635,10.359635,9.679635,6.709635,4.639635,3.319635,2.539635,1.079635,1.529635,3.859635,2.059635,0.129635,-1.660365,0.129635,0.889635,0.239635,1.009635,1.1596351,0.13963501,-1.680365,-2.800365,-3.1503649,-2.430365,-2.870365,-1.730365,-1.410365,-3.160365,-3.440365,-3.920365,-4.740365,-6.460365,-5.100365,-3.590365,-3.760365,-0.370365,1.019635,0.649635,-0.22036499
0.209635,2.279635,3.909635,2.969635,0.839635,1.579635,6.339635,9.259635,6.249635,3.479635,2.469635,2.449635,-0.38036498,-1.120365,3.609635,2.309635,2.939635,1.069635,0.359635,1.239635,1.369635,0.449635,0.049635008,1.059635,-0.74036497,-1.450365,-2.470365,-2.860365,-2.500365,-3.100365,-2.760365,-3.110365,-4.580365,-6.080365,-6.330365,-6.100365,-5.250365,-5.280365,-5.580365,-6.0203648,-5.460365,-2.960365,0.93963504
-5.710365,-5.570365,0.18963501,1.809635,1.1596351,1.209635,5.169635,6.019635,6.469635,4.899635,4.049635,2.169635,2.839635,3.8496351,-3.450365,0.599635,2.129635,1.989635,2.289635,1.559635,0.93963504,0.39963502,-0.770365,-0.850365,0.39963502,-0.29036498,-0.530365,-1.470365,-2.120365,-1.480365,-2.050365,-2.510365,-4.080365,-4.340365,-4.680365,-4.990365,-4.090365,-5.580365,-3.840365,1.419635,-1.310365,-3.350365,-2.6503649
-4.890365,-8.540365,-5.970365,-5.450365,-4.530365,-2.230365,-2.520365,3.889635,3.449635,2.389635,0.599635,2.219635,5.449635,4.7296352,5.7296352,2.589635,1.749635,0.919635,2.149635,0.929635,1.919635,0.839635,0.359635,-0.14036499,0.19963501,1.199635,0.749635,1.279635,-0.390365,-0.470365,-0.440365,-1.130365,0.07963501,-1.690365,-4.170365,-3.760365,-4.0203648,-4.120365,-2.800365,-2.220365,-0.670365,-0.56036496,-2.580365
-1.660365,-4.330365,-6.5203648,-9.100365,-6.7703648,-6.670365,-4.860365,-7.110365,-3.180365,-2.710365,0.419635,0.639635,3.699635,4.389635,5.659635,3.279635,3.269635,3.359635,1.339635,-0.24036498,1.519635,1.529635,1.669635,0.699635,-0.06036499,0.479635,2.499635,1.309635,0.319635,-0.330365,0.609635,3.469635,2.559635,-1.080365,-2.520365,-2.660365,-2.730365,-2.870365,-3.320365,-2.630365,-2.990365,-2.350365,-1.140365
-2.360365,-4.510365,-4.380365,-6.830365,-6.490365,-5.950365,-6.950365,-4.700365,-6.880365,-5.360365,-7.960365,-3.950365,1.569635,2.079635,3.269635,3.159635,3.739635,3.459635,3.059635,1.059635,0.50963503,1.419635,1.209635,2.169635,-0.05036499,-1.150365,-0.750365,1.919635,1.389635,1.2896351,3.269635,3.859635,3.769635,1.559635,1.269635,0.36963502,-1.660365,-2.940365,-3.040365,-1.760365,-2.750365,-2.060365,-1.070365
-3.910365,-3.620365,-2.410365,0.239635,-1.080365,-2.590365,-4.670365,-5.460365,-4.210365,-5.860365,-3.810365,-5.050365,-2.780365,-0.20036499,0.389635,1.049635,2.579635,3.529635,3.3496351,2.909635,1.179635,0.419635,3.339635,1.339635,1.279635,0.179635,0.259635,0.749635,1.709635,3.119635,5.139635,5.999635,5.119635,2.929635,1.529635,0.48963502,0.26963502,-2.010365,-1.540365,-2.840365,-0.790365,-1.860365,-2.030365
-4.500365,-3.280365,-2.960365,-4.250365,-3.800365,-3.300365,-2.760365,-1.370365,-1.920365,-2.860365,-4.130365,-2.360365,0.649635,-1.660365,-0.580365,-2.450365,-0.26036498,2.799635,4.259635,3.179635,2.169635,2.039635,1.629635,2.309635,1.989635,1.4096351,1.589635,1.889635,2.969635,4.259635,5.099635,5.949635,5.419635,3.459635,1.759635,0.42963502,-1.060365,-2.990365,2.629635,-0.35036498,-1.640365,-1.5903649,0.319635
