wind_kz.json
{"header": {"discipline":0,"disciplineName":"Meteorological products","gribEdition":2,"gribLength":1025,"center":7,"centerName":"US National Weather Service - NCEP(WMC)","subcenter":0,"refTime":"2023-08-27T12:00:00.000Z","significanceOfRT":1,"significanceOfRTName":"Start of forecast","productStatus":0,"productStatusName":"Operational products","productType":1,"productTypeName":"Forecast products","productDefinitionTemplate":0,"productDefinitionTemplateName":"Analysis/forecast at horizontal level/layer at a point in time","parameterCategory":2,"parameterCategoryName":"UnknownDiscipline_0_Category_2","parameterNumber":3,"parameterNumberName":"UnknownParameter_D0_C2_3","parameterUnit":"Unknown","genProcessType":2,"genProcessTypeName":"Forecast","forecastTime":120,"surface1Type":103,"surface1TypeName":"Specified height level above ground","surface1Value":10.0,"surface2Type":255,"surface2TypeName":"Missing","surface2Value":0.0,"gridDefinitionTemplate":0,"gridDefinitionTemplateName":"Latitude_Longitude","numberPoints":615,"shape":6,"shapeName":"Earth spherical with radius of 6,371,229.0 m","gridUnits":"degrees","resolution":48,"winds":"true","scanMode":64,"nx":41,"ny":15,"basicAngle":0,"lo1":47.0,"la1":41.0,"lo2":87.0,"la2":55.0,"dx":1.0,"dy":1.0}, "data":
[rows 0 to 14 of 15, columns 0 to 40 of 41]
2.3346753,1.4746753,-2.2553246,-2.8953247,-3.8653247,-5.1853247,-4.8653245,-4.3653245,-0.3953247,-1.7053246,-2.5953248,-2.8753247,-3.4653246,-3.7053246,-2.7453246,-5.335325,-3.9853246,-2.3053248,-0.9553247,-4.2453246,-4.0953245,-3.7753248,-4.485325,1.4646753,6.824675,4.414675,0.8446753,2.1046753,-4.925325,0.7746753,-0.7653247,-6.215325,-3.4153247,-8.485325,-2.5653248,-3.2153246,2.6446753,-1.5653247,-1.9953247,0.2646753,1.4246753
-2.6753247,1.5746753,-1.0053247,-1.7053246,-3.2053246,-5.8453245,-3.7753248,-3.7953248,-2.0553248,-2.2653246,-2.9453247,-1.0353247,-1.9453247,-3.2953248,-3.8653247,-2.5753248,-1.0553247,-1.0853248,-1.6553247,0.034675293,-2.9253247,-3.3653247,-3.7953248,-0.8853247,4.0046754,4.0246754,4.264675,2.8446753,-0.86532474,1.0046753,0.7646753,4.8846755,0.4846753,1.9246753,-5.3453245,-3.7353246,1.7446753,1.1846753,1.2046753,-1.3253247,-0.2953247
0.30467528,2.4946754,0.1346753,-2.1353247,-2.9853246,-1.1753247,-3.2953248,-3.9153247,-2.7753248,-3.0053246,-3.6553247,-3.4453247,-2.7253246,-6.6153245,-6.0353246,-6.155325,-4.485325,-2.7653246,-2.5453248,-1.7453247,-1.7453247,-0.5953247,-2.1253247,-0.23532471,-2.1353247,-3.6853247,-2.2753248,-5.215325,-1.9553246,-2.2053246,-2.0653248,-1.8453248,-3.0253248,1.5046753,-0.07532471,-1.6053247,-0.4853247,-5.1453247,-3.2653246,4.0446754,1.8546753
-0.2253247,0.7846753,-0.3953247,-3.4853246,-2.2153246,-3.6453247,-3.4353247,-3.2253246,-3.6953247,-4.4953246,-4.9753246,-4.065325,0.27467528,-0.25532472,-3.1053247,-4.465325,-5.0353246,-3.9153247,-2.7453246,-1.9353247,-0.2753247,1.8846753,-1.0053247,-4.215325,-1.8453248,-2.9353247,-0.9153247,-1.2853247,-2.2053246,-4.3453245,-3.3353248,-6.7853246,4.0246754,2.2246752,3.4846754,1.6546752,-1.3753247,1.6646752,0.07467529,-1.7653247,-1.1753247
0.9546753,0.1346753,-1.9353247,-3.2553246,-5.585325,-6.3653245,-5.9953246,-4.715325,-5.085325,-4.4753246,-4.8853245,-4.925325,2.1146753,1.0046753,-0.44532472,-1.1853247,-3.5053246,-4.1853247,-2.4153247,-3.4553246,-0.5253247,0.3846753,0.8746753,0.3546753,0.2546753,-0.10532471,0.7046753,1.9546753,0.8946753,-0.2753247,-2.0253248,-4.025325,-1.6353247,0.8746753,0.6746753,2.4846754,-7.6653247,3.5946753,1.9246753,-3.4153247,-5.735325
-1.3753247,1.8246753,4.1946754,1.9946753,-0.99532473,-2.1853247,-2.9153247,-3.5453248,-4.2853246,-4.5953245,-3.8853247,-4.005325,-3.0253248,0.9946753,4.074675,-2.9253247,-3.5953248,-4.8953247,-2.7753248,-0.7353247,0.4046753,-0.3253247,0.024675293,3.2346754,2.4346752,0.4346753,1.1746753,4.994675,1.6146753,-1.8153247,1.3046753,-2.8553247,-5.3553247,-4.2653246,-1.0953248,-0.2453247,-1.7753247,-4.6053247,-3.2253246,1.8046753,-1.2753247
-2.5053246,-4.525325,-4.9353247,-5.315325,-6.0353246,-5.9553246,-5.1253247,-4.585325,-3.2853248,-3.8653247,-4.6153245,-4.3253245,-3.8553247,-4.7253246,-4.545325,-3.8653247,-2.0053246,-2.3253248,-2.1253247,-1.3453248,0.034675293,-1.6353247,1.2046753,2.6246753,3.5546753,2.3346753,1.1546752,1.4046752,8.024675,5.4646754,3.4746752,0.4846753,3.8746753,2.1246753,-2.4753246,-1.6053247,0.3846753,1.1446753,-0.6553247,3.2646754,-6.7853246
-2.1053247,-4.0753245,-4.8553247,-5.405325,-5.8653245,-6.175325,-5.155325,-4.235325,-4.6353245,-5.3753247,-6.6353245,-6.315325,-6.315325,-5.6653247,-5.755325,-4.9153247,-5.045325,-5.005325,-1.3753247,0.4746753,-1.2053246,2.9946754,0.18467529,1.3146753,2.5246754,1.2346753,0.69467527,2.1746752,2.9746752,4.454675,5.094675,3.2146752,2.8646753,3.6546752,4.0446754,-0.7353247,-0.9553247,0.2646753,2.7146752,3.8046753,0.27467528
-2.2953248,-4.3053246,-5.175325,-5.8753247,-6.7453246,-6.2053246,-4.655325,-4.675325,-6.445325,-6.425325,-6.1353245,-6.0753245,-6.025325,-6.8453245,-6.2253246,-5.945325,-4.675325,-1.3853247,0.5246753,2.0046754,2.0146754,0.7846753,2.9146752,3.0146754,3.2846754,1.8946753,4.9046755,1.5846753,-0.4053247,3.9846754,5.434675,5.264675,3.7146752,3.9846754,1.6146753,1.5446754,0.49467528,-1.6353247,-2.4053247,0.21467529,0.6446753
-3.1053247,-3.8053248,-5.045325,-5.815325,-6.0953245,-5.6653247,-5.505325,-6.9353247,-7.1453247,-5.755325,-7.1853247,-6.8653245,-6.295325,-4.2653246,-3.7053246,-3.9253247,-2.7253246,-2.3453248,-1.2853247,-0.3353247,3.1046753,4.454675,3.4746752,2.3346753,2.3646753,6.9046755,6.2946754,4.4646754,2.4646752,-2.4853246,-1.9453247,-2.6553247,-3.1153247,1.0846753,-0.5753247,-0.4253247,-0.9253247,-1.5853248,1.0446754,-0.2453247,-0.3953247
-3.5353248,-3.8253248,-5.905325,-5.6153245,-6.0753245,-5.295325,-5.025325,-6.175325,-6.7853246,-6.775325,-8.295324,-6.8753247,-7.9553246,-7.3653245,-6.0553246,-5.8053246,-5.7653246,-2.9453247,0.7246753,3.0946753,3.3446753,2.4446752,3.8946753,5.0246754,4.1346755,6.744675,5.3146753,6.1146755,3.9646752,2.1146753,2.0046754,0.004675293,-1.2053246,1.2846752,0.3246753,1.3446753,1.2746753,0.9546753,-0.99532473,-1.0453247,-0.25532472
-3.5153246,-3.5553248,-4.7653246,-6.4953246,-6.655325,-5.255325,-4.9553246,-4.8053246,-5.4753246,-6.8953247,-6.6853247,-8.335324,-7.9553246,-7.3653245,-6.755325,-5.5553246,-5.175325,-7.215325,-2.1753247,0.9146753,3.3946753,4.3646755,4.974675,4.3546753,7.534675,5.684675,3.0046754,0.2646753,7.414675,4.684675,1.9446753,1.0346752,0.17467529,0.6246753,1.5546753,-1.4653248,1.6346753,0.4846753,-1.5553247,0.1446753,-0.7753247
-3.2753248,-5.2253246,-6.675325,-5.195325,-5.675325,-4.735325,-5.085325,-5.945325,-6.505325,-5.1853247,-3.8053248,-3.7053246,-6.0353246,-6.445325,-6.7253246,-7.3253245,-6.8253245,-5.6053247,-3.8653247,-3.2553246,1.3646753,2.8446753,3.2246752,5.5046754,5.8346753,6.3846755,3.4546752,4.6346755,1.5646753,3.4946754,3.9246752,2.0246754,1.9346753,1.8046753,6.0646753,2.7246752,-1.6753247,-0.6553247,-0.15532471,1.4446753,-0.2153247
-3.9953246,-5.3553247,-4.795325,-6.045325,-6.215325,-5.335325,-5.425325,-6.3953247,-6.835325,-6.3253245,-3.2353246,-2.7253246,-4.405325,-5.0353246,-6.925325,-7.1053247,-5.8853245,-5.6653247,-5.3753247,-4.525325,-1.8253247,1.0546753,1.5746753,3.3246753,5.6346755,5.8346753,5.224675,1.3946753,3.1846752,2.3746753,2.5346754,2.6546752,4.3946753,3.3746753,2.7946754,3.6346753,2.8446753,0.33467528,-0.5853247,-0.3253247,2.0646753
-2.4953246,-5.3653245,-2.8053248,-5.2653246,-6.175325,-5.3853245,-5.5553246,-6.3553247,-5.9353247,-5.8553247,-4.5953245,-5.485325,-3.0953248,-3.3253248,-6.2253246,-6.7853246,-7.7653246,-6.405325,-5.8853245,-4.675325,-4.525325,2.0146754,2.7046752,1.8946753,-1.0053247,4.074675,4.3546753,5.414675,4.1146755,2.9946754,3.3246753,2.4746752,0.10467529,4.684675,3.0846753,3.7246752,3.0946753,1.7146753,1.5546753,0.2646753,2.6546752
