wind_kz.json
{"header": {"discipline":0,"disciplineName":"Meteorological products","gribEdition":2,"gribLength":1025,"center":7,"centerName":"US National Weather Service - NCEP(WMC)","subcenter":0,"refTime":"2024-01-31T00:00:00.000Z","significanceOfRT":1,"significanceOfRTName":"Start of forecast","productStatus":0,"productStatusName":"Operational products","productType":1,"productTypeName":"Forecast products","productDefinitionTemplate":0,"productDefinitionTemplateName":"Analysis/forecast at horizontal level/layer at a point in time","parameterCategory":2,"parameterCategoryName":"UnknownDiscipline_0_Category_2","parameterNumber":3,"parameterNumberName":"UnknownParameter_D0_C2_3","parameterUnit":"Unknown","genProcessType":2,"genProcessTypeName":"Forecast","forecastTime":240,"surface1Type":103,"surface1TypeName":"Specified height level above ground","surface1Value":10.0,"surface2Type":255,"surface2TypeName":"Missing","surface2Value":0.0,"gridDefinitionTemplate":0,"gridDefinitionTemplateName":"Latitude_Longitude","numberPoints":615,"shape":6,"shapeName":"Earth spherical with radius of 6,371,229.0 m","gridUnits":"degrees","resolution":48,"winds":"true","scanMode":64,"nx":41,"ny":15,"basicAngle":0,"lo1":47.0,"la1":41.0,"lo2":87.0,"la2":55.0,"dx":1.0,"dy":1.0}, "data":
[rows 0 to 14 of 15, columns 0 to 40 of 41]
3.8929346,0.45293456,0.27293456,-3.6070654,-4.8070655,-5.0570655,-3.1970654,-2.6370654,-2.3470654,-3.3870654,-2.5270655,-2.3370655,-2.7670655,-3.5870655,-4.7870655,-4.837065,-3.6970654,-1.1570654,0.25293458,2.4929345,-2.6470654,-1.1170654,2.9929345,-1.4070654,0.34293458,-0.31706542,-1.1470654,1.6729345,2.4529345,3.7229345,-1.7170655,-2.7270653,2.2129345,-1.1970655,0.26293457,0.82293457,0.82293457,0.72293454,0.6329346,0.34293458,-0.6470654
5.7329345,1.7129346,-2.4670653,-4.3670654,-4.5170655,-4.5270653,-1.4370655,-3.3970654,-2.1470654,-1.8370655,-2.2470655,-2.0470655,-2.4770653,-2.4470654,-2.9470654,-2.9970655,-3.3070655,-1.9070654,-0.29706544,-1.8670654,-3.4670653,-0.98706543,4.9729347,4.5729346,3.9829345,0.8529346,-0.46706542,1.3629346,1.2229346,2.2729347,7.5229344,6.9929347,0.44293457,-0.9570654,-4.6770654,-3.4270654,-1.6970655,-2.7570655,0.11293457,-0.65706545,-0.5770654
1.3629346,-2.2770655,-2.7470655,-3.8170655,-4.357065,-2.0770655,-1.5770655,-0.8670654,-1.6570654,-2.4570653,-2.3070655,-0.9370654,-1.4270654,-2.2670655,-1.3670654,-1.4870654,-1.2670654,-4.2170653,-3.5770655,-2.3970654,-0.54706544,-2.2570655,0.11293457,3.8029346,5.7629347,1.6429346,2.5129347,1.7629346,-1.2970654,4.4029346,6.392935,3.9329345,3.8229346,-2.1970654,-0.41706544,3.7229345,7.7429347,0.7329346,1.0629345,-1.0070654,-0.19706543
-0.39706543,-3.5170655,-3.9470654,-4.0170655,-3.9170654,-0.83706546,-1.6570654,-2.0970654,-1.9370655,-2.1270654,-1.9270654,-1.7670654,-4.1470656,-4.8170652,-3.7570655,-1.9170654,1.0029346,-1.2470654,-3.9570653,-2.7870655,-0.72706544,2.7729347,-2.7670655,-1.8770654,3.3229346,4.0329347,4.6729345,-2.2970655,4.4729347,6.3729343,6.6129346,0.31293458,-0.8770654,1.5929346,-1.3270655,-4.1570654,-2.1770654,2.8629346,5.3329344,1.8429346,1.3429346
-0.40706542,-0.72706544,-0.41706544,-0.43706542,-0.29706544,-0.12706544,0.49293458,1.4529346,-1.0970654,-1.5270654,-0.6470654,-0.45706543,-3.7770655,-3.8870654,-3.9570653,-2.5270655,-1.7670654,-1.5770655,-1.7470654,-2.9670653,-1.8470654,1.3629346,1.2729346,0.89293456,-0.20706543,2.4229345,5.912935,7.1129346,4.1329346,4.412935,2.2129345,2.7629347,2.4429345,4.6929345,-1.3470654,-1.2670654,-0.67706543,-0.73706543,1.5929346,2.1329346,0.90293455
0.21293457,0.03293457,1.1129346,1.0729346,0.39293456,0.5429346,0.45293456,-0.52706546,-0.17706543,-0.83706546,-1.3870654,-0.84706545,-2.1270654,-3.8970654,-2.4770653,-1.2570654,-0.39706543,-1.1770654,-2.5070655,-3.6070654,-4.1470656,-1.3670654,1.0429345,3.2029345,4.0329347,4.3629346,4.4729347,5.6829348,8.432935,9.652935,6.6829348,2.1129346,2.9329345,3.0329347,3.3029346,12.092935,4.6829348,4.8329344,0.90293455,-0.19706543,-0.03706543
0.6829346,0.44293457,-0.6970654,-0.9370654,0.90293455,0.59293455,1.0829346,1.1729345,0.77293456,0.23293456,-0.38706544,0.27293456,-0.00706543,-0.36706543,-0.5570654,-0.73706543,-0.12706544,-0.77706546,-1.6770654,-2.7070653,-2.9370654,-3.5170655,0.64293456,2.3829346,3.0029345,3.5229347,5.2629347,4.662935,3.5029345,9.632935,4.5429344,2.6429346,0.12293457,3.5829346,0.8629346,-1.0270654,-3.8270655,0.8129346,2.4429345,0.48293456,3.0129347
-0.41706544,-0.47706544,-0.8970654,-1.0570655,-1.4670655,-0.41706544,1.3129345,1.9729346,1.5029346,0.33293456,0.9929346,0.25293458,0.33293456,-0.30706543,-1.1170654,0.41293457,0.37293458,-0.29706544,-1.4970654,-2.4270654,-3.9070654,-4.4370656,-0.97706544,2.2429345,4.2129345,3.5429347,5.3829346,5.4629345,7.6929345,9.292934,8.892935,6.7429347,5.6929345,1.7729346,1.5129346,-0.36706543,-1.0070654,3.0529346,-2.1170654,0.9929346,0.8729346
-0.41706544,-0.6870654,-1.4670655,-1.3370655,-1.0070654,-0.5670654,0.8029346,1.6129346,1.4329345,1.4129345,0.39293456,0.53293455,-0.15706544,-0.60706544,-1.3570654,-0.5570654,0.77293456,0.8829346,0.43293458,-0.11706543,-3.0070655,-2.6470654,-4.6270657,1.9129345,1.9729346,3.7929347,2.6829345,4.5229344,1.3029345,3.0029345,8.482935,10.852935,6.892935,2.5929346,5.142935,5.9329348,-1.8370655,1.5729346,3.3229346,1.9729346,-0.53706545
-0.14706543,-0.5670654,-0.44706544,-0.48706543,-0.17706543,0.25293458,0.57293457,1.3729346,1.6729345,2.1329346,1.6529346,0.7529346,1.8529346,0.03293457,-0.25706542,-0.8770654,-0.20706543,1.4729346,1.4229345,0.24293457,-0.17706543,-1.2070655,-4.3270655,2.1229346,2.1529346,1.9629346,1.2229346,2.0529346,1.3229346,0.42293456,1.3029345,0.28293458,0.03293457,0.59293455,1.7929345,0.78293455,1.0429345,-0.60706544,0.66293454,5.8529344,5.3029346
0.06293457,-0.14706543,-0.20706543,-0.18706542,0.5429346,0.84293455,1.3729346,1.4929346,1.7329346,1.4529346,2.1229346,1.9129345,1.8429346,1.4229345,0.14293458,0.45293456,-0.29706544,0.6729346,1.9829346,0.96293455,0.31293458,0.07293457,-2.6070654,-2.9170654,-1.1170654,1.1929345,0.34293458,1.3229346,0.5029346,1.1729345,1.6829345,2.1929345,2.1929345,2.0829346,1.7429346,1.0329345,1.4129345,2.0529346,1.6029346,1.2429346,1.1029346
0.5029346,0.23293456,0.03293457,0.01293457,0.45293456,1.3529346,1.3129345,1.2229346,1.1829345,1.2829345,1.5329345,0.8529346,1.0629345,1.5629345,1.1129346,1.4629346,1.3429346,0.83293456,2.2129345,2.0529346,1.9629346,0.7329346,0.15293457,-0.98706543,-0.39706543,-0.71706545,0.12293457,1.1429346,1.2029346,0.9229346,0.9329346,1.2329346,1.1429346,1.2829345,1.7929345,0.89293456,1.5129346,0.08293457,0.10293457,-0.42706543,-0.31706542
-0.8270654,-0.48706543,-0.01706543,0.5629346,0.36293456,0.42293456,1.1629345,1.6329346,1.0329345,1.9029346,0.8529346,0.47293457,1.5529345,0.8529346,1.4129345,1.3229346,1.6329346,2.1629345,2.5729346,2.2529345,2.6629345,3.0229347,2.3129346,2.1729345,1.4729346,2.1329346,1.5129346,1.6329346,1.5129346,1.3529346,2.0129347,2.3029346,1.6829345,1.3529346,1.8029345,2.0429347,1.7629346,1.0729346,2.9429345,2.8029346,1.5629345
-2.0470655,-1.4170654,-1.9270654,-0.37706542,0.46293458,0.5429346,0.9929346,1.3529346,1.3329346,1.6629345,1.8029345,0.47293457,-0.23706543,0.30293456,0.052934572,0.6929346,0.96293455,2.0329347,2.6129346,2.9029346,2.8029346,2.9829345,2.4729345,2.2429345,1.8329346,1.3929346,1.2029346,1.8529346,2.1029346,2.1529346,2.3529346,2.7729347,2.9229345,3.2329345,1.9529346,2.3229346,1.9429345,1.3929346,1.2329346,2.1629345,2.0029345
-1.1270654,-1.5670655,-1.9670655,-1.3770654,0.31293458,1.1729345,0.8829346,1.4829346,0.7429346,0.38293457,1.7329346,2.0029345,1.2929345,-0.11706543,-0.12706544,0.08293457,0.43293458,0.49293458,1.9829346,2.4129345,2.8829346,2.8229346,2.5129347,2.6229346,2.4429345,2.3929346,2.3029346,2.5129347,2.4729345,2.6529346,2.7829347,3.2529345,3.3829346,3.4929345,3.6429346,3.2529345,3.3629346,4.2529345,2.4629345,3.8029346,1.9629346
