wind_kz.json
{"header": {"discipline":0,"disciplineName":"Meteorological products","gribEdition":2,"gribLength":1025,"center":7,"centerName":"US National Weather Service - NCEP(WMC)","subcenter":0,"refTime":"2023-09-25T12:00:00.000Z","significanceOfRT":1,"significanceOfRTName":"Start of forecast","productStatus":0,"productStatusName":"Operational products","productType":1,"productTypeName":"Forecast products","productDefinitionTemplate":0,"productDefinitionTemplateName":"Analysis/forecast at horizontal level/layer at a point in time","parameterCategory":2,"parameterCategoryName":"UnknownDiscipline_0_Category_2","parameterNumber":2,"parameterNumberName":"UnknownParameter_D0_C2_2","parameterUnit":"Unknown","genProcessType":2,"genProcessTypeName":"Forecast","forecastTime":0,"surface1Type":103,"surface1TypeName":"Specified height level above ground","surface1Value":10.0,"surface2Type":255,"surface2TypeName":"Missing","surface2Value":0.0,"gridDefinitionTemplate":0,"gridDefinitionTemplateName":"Latitude_Longitude","numberPoints":615,"shape":6,"shapeName":"Earth spherical with radius of 6,371,229.0 m","gridUnits":"degrees","resolution":48,"winds":"true","scanMode":64,"nx":41,"ny":15,"basicAngle":0,"lo1":47.0,"la1":41.0,"lo2":87.0,"la2":55.0,"dx":1.0,"dy":1.0}, "data":
[rows 0 to 14 of 15, columns 0 to 40 of 41]
0.35492676,0.85492676,-4.2850733,-5.0350733,-4.775073,-0.9650732,-6.3250732,-6.295073,-6.9350734,-5.695073,-4.505073,-3.8650732,-3.3050733,-2.7650733,-2.1450732,-1.4250733,-1.1250732,-3.3950732,-3.7050734,-0.55507326,2.0749269,0.66492677,2.8749268,2.9949267,1.2349267,1.6849267,0.9649268,2.2449267,0.014926758,-0.80507326,-0.08507324,-0.77507323,-1.4750732,-1.4050733,-1.2550732,-0.12507324,-0.80507326,-3.3450732,-3.7150733,-3.9050732,-3.8950732
0.6549268,-3.7550733,-6.2850733,-4.945073,-2.2350733,0.34492674,-5.695073,-6.2250733,-6.345073,-5.4550734,-4.9750733,-4.545073,-4.985073,-3.4750733,-3.5450733,-2.2550733,-0.50507325,-1.0650733,-3.2050734,-3.3350732,-4.7450733,-1.5350733,0.66492677,1.7449268,0.88492674,-0.6650732,0.7749268,1.0549268,-4.4550734,-0.68507326,0.06492676,-0.19507325,1.3449267,-2.0350733,0.44492677,0.22492675,-0.33507323,-2.6250732,-2.6050732,-1.7850733,-0.055073243
-5.965073,-7.115073,-6.8550735,-4.2450733,-1.7250732,-4.4150734,-5.2250733,-5.565073,-6.1650734,-6.115073,-6.3250732,-6.0550733,-4.8550735,-5.7250733,-5.695073,-5.1050735,-5.5850735,-4.3350735,-2.9850733,-5.965073,-10.365073,-9.905073,-8.895073,-9.325073,-4.735073,-5.315073,-3.5950732,-1.0650733,2.4349267,-1.2550732,0.26492676,-2.2550733,0.42492676,2.2049267,-3.7450733,-0.29507324,0.60492676,-1.2550732,4.574927,2.3249269,1.0249268
-7.315073,-7.3250732,-5.4550734,-1.3850732,-1.1150732,-5.1250734,-4.2050734,-6.1050735,-5.7250733,-6.1650734,-6.985073,-6.5550733,-3.7850733,-2.0650733,-6.755073,-8.105073,-8.805073,-9.025073,-9.515073,-10.385074,-9.345074,-11.355073,-8.035073,-8.865073,-9.145073,-9.005074,-8.615073,-8.135074,-7.945073,-4.675073,-1.9850732,0.9549267,2.7849267,0.98492676,1.4149268,2.0649269,0.04492676,2.1749268,0.13492675,-0.47507325,-1.9050733
-7.0550733,-5.8750734,-5.315073,-5.5850735,-4.115073,-5.345073,-6.045073,-5.945073,-5.2050734,-5.675073,-6.4350734,-6.155073,-3.5050733,-1.4550732,-2.4950733,-7.5350733,-8.005074,-7.925073,-8.725073,-9.135074,-9.565073,-8.365073,-7.845073,-7.865073,-8.345074,-7.7850733,-7.2050734,-5.1650734,-4.8250732,-4.0150733,-4.345073,-2.4150732,-2.1450732,0.76492673,-1.5750732,-0.39507324,1.8149267,-0.19507325,-0.40507326,0.09492676,4.4649267
-5.775073,-6.005073,-6.095073,-6.3250732,-5.175073,-3.3750732,-5.4550734,-5.235073,-4.925073,-4.5550733,-4.5850735,-4.6850734,-5.0550733,-3.4250731,-3.8950732,-5.4950733,-6.235073,-6.505073,-7.0850735,-6.965073,-7.095073,-6.2250733,-5.4750733,-4.845073,-4.3950734,-4.815073,-5.2650733,-3.7150733,-2.0450733,-1.5050732,-2.1550732,-2.4250731,-1.4150733,-2.4450731,-0.93507326,2.2449267,1.8249267,3.8249269,5.204927,-2.4450731,-2.4150732
-6.2250733,-5.405073,-4.7250733,-3.7250733,-1.8150733,-4.5750732,-4.815073,-4.5550733,-4.8250732,-4.505073,-4.115073,-3.8650732,-3.7350733,-4.425073,-4.4550734,-4.4550734,-4.2250733,-4.215073,-4.1050735,-4.3950734,-4.7450733,-4.675073,-4.1850734,-2.9950733,-2.3750732,-2.2350733,-1.7850733,-0.93507326,-0.69507325,0.7049267,1.9249268,1.9849267,-0.80507326,-0.39507324,2.2849267,1.1849267,-0.30507323,0.8449268,2.5249267,1.4049268,2.1549268
-3.4350731,-4.425073,-4.6050735,-5.295073,-5.3350735,-4.545073,-4.3350735,-4.195073,-4.2050734,-4.025073,-3.9550734,-3.8950732,-3.7650733,-3.5650733,-3.0850732,-3.3050733,-2.3750732,-2.4550734,-2.1850731,-2.0150733,-2.4550734,-1.7950733,-1.9450732,-1.4250733,-0.99507326,0.07492676,1.0449268,1.1349268,1.3749268,0.28492677,2.1349268,3.1349268,0.9049268,2.6249268,4.1249266,7.344927,1.5749267,0.07492676,2.9149268,4.1649265,4.654927
-5.4550734,-4.365073,-4.7850733,-4.345073,-3.9350731,-3.4450731,-4.0350733,-3.1450732,-3.0750732,-2.4250731,-2.2450733,-2.4050732,-2.2950733,-1.6650733,-1.6250732,-1.2750733,-1.3250732,-1.4350733,-1.5450733,-1.7050732,-1.2650733,-1.0950732,-0.025073241,1.3149267,1.7649268,1.9649267,2.7049267,2.5349267,3.6749268,4.1049266,3.9649267,4.0649266,2.8849268,2.9349267,3.8949268,3.8049269,0.23492676,-0.27507323,1.7349267,0.004926758,1.4049268
-3.3150733,-2.1650732,-3.3950732,-2.9150732,-1.8950733,-1.8250732,-1.6050732,-0.50507325,0.12492676,0.28492677,0.63492674,1.2749268,1.0749267,-1.4450732,1.0449268,1.1749268,0.40492675,0.19492675,0.15492676,-0.095073245,2.0249267,3.3049269,4.0449266,3.3749268,2.1249268,1.9949268,3.1849267,3.8749268,3.7349267,4.574927,4.764927,4.954927,3.8249269,4.514927,2.7449267,3.3949268,-1.9750732,-0.28507325,1.5849267,2.2149267,1.5049268
-0.98507327,-0.73507327,-1.4450732,-0.35507324,-0.37507325,1.6949267,3.4349267,3.6749268,1.2349267,0.66492677,2.1449268,3.2349267,1.8049268,2.7349267,1.9649267,2.6849267,2.4149268,1.8449267,2.5249267,3.2749267,2.9749267,2.9149268,2.9249268,2.9449267,2.9849267,3.8549268,3.7149267,1.2649268,3.0049267,4.5449266,5.534927,5.704927,3.9349267,3.5649269,1.1649268,-1.4350733,-0.8550732,1.5449268,0.81492674,0.61492676,1.0749267
2.5049267,2.2349267,2.7149267,2.8449268,2.4749267,3.0349267,2.1649268,2.3649268,2.2549267,1.3349267,2.5349267,3.5249267,1.7549268,3.0949268,3.7549267,2.5549269,2.1449268,2.4349267,2.9149268,2.9049268,3.2949266,3.5749269,3.6949267,3.4949267,4.384927,4.5249267,4.074927,3.1649268,4.034927,4.554927,5.5449266,3.5749269,-1.4350733,-1.4650732,0.69492674,1.6349268,2.7849267,5.4449267,4.3349266,3.4949267,-0.08507324
4.404927,4.9249268,3.5049267,3.8749268,4.2949266,3.5449266,4.7549267,4.844927,4.5649266,2.8649268,1.9849267,3.0949268,2.4149268,2.1149268,3.3949268,3.2349267,3.1649268,2.8749268,2.9749267,3.4349267,3.4549267,3.7249267,3.7849267,4.224927,4.764927,4.594927,4.594927,4.0649266,4.2149267,4.3949265,4.434927,-2.7450733,-2.3250732,-0.55507326,-0.8450732,-0.17507324,0.43492675,0.35492676,2.1649268,1.8949268,-0.41507325
4.824927,5.1449265,4.494927,4.8149266,5.1249266,5.2349267,5.074927,4.554927,4.4849267,3.7349267,2.2849267,3.0549269,3.9649267,1.4649267,2.3449268,3.2849267,3.6549268,3.7049267,4.0849266,4.4849267,4.744927,4.4149265,4.7749267,4.5249267,4.474927,4.434927,3.6349268,2.8449268,2.8249269,3.0349267,-2.3950732,-2.6450732,-2.3750732,-0.50507325,-1.9550732,-1.2350732,-0.28507325,-1.1150732,-0.76507324,-0.7850732,-2.1650732
2.9549267,5.2749267,6.304927,6.204927,6.1749268,5.4649267,4.9449267,4.6249266,4.954927,4.364927,1.7349267,3.8549268,3.5749269,3.0149267,3.5749269,3.9249268,4.054927,4.404927,4.594927,5.1449265,5.114927,4.8549266,4.8149266,4.304927,4.0849266,3.4049268,2.5449266,1.4949268,2.0049267,-3.2450733,-3.3550732,-3.0650733,-2.4250731,-2.3650732,-2.1150732,0.73492676,-2.7750733,-2.8650732,-0.37507325,-2.9050732,-0.55507326
