wind_kz.json
{"header": {"discipline":0,"disciplineName":"Meteorological products","gribEdition":2,"gribLength":871,"center":7,"centerName":"US National Weather Service - NCEP(WMC)","subcenter":0,"refTime":"2025-04-05T00:00:00.000Z","significanceOfRT":1,"significanceOfRTName":"Start of forecast","productStatus":0,"productStatusName":"Operational products","productType":1,"productTypeName":"Forecast products","productDefinitionTemplate":0,"productDefinitionTemplateName":"Analysis/forecast at horizontal level/layer at a point in time","parameterCategory":0,"parameterCategoryName":"UnknownDiscipline_0_Category_0","parameterNumber":0,"parameterNumberName":"UnknownParameter_D0_C0_0","parameterUnit":"Unknown","genProcessType":2,"genProcessTypeName":"Forecast","forecastTime":0,"surface1Type":1,"surface1TypeName":"Ground or water surface","surface1Value":0.0,"surface2Type":255,"surface2TypeName":"Missing","surface2Value":0.0,"gridDefinitionTemplate":0,"gridDefinitionTemplateName":"Latitude_Longitude","numberPoints":615,"shape":6,"shapeName":"Earth spherical with radius of 6,371,229.0 m","gridUnits":"degrees","resolution":48,"winds":"true","scanMode":64,"nx":41,"ny":15,"basicAngle":0,"lo1":47.0,"la1":41.0,"lo2":87.0,"la2":55.0,"dx":1.0,"dy":1.0}, "data":
[rows 0 to 14 of 15, columns 0 to 40 of 41]
282.24496,276.64496,279.94498,282.14496,282.74496,283.24496,284.14496,286.54498,285.94498,287.74496,287.64496,288.64496,287.44498,288.44498,288.54498,288.34497,289.24496,288.34497,290.44498,287.54498,289.04498,288.34497,287.94498,285.64496,288.24496,290.04498,284.64496,270.14496,267.54498,263.74496,264.14496,265.64496,274.04498,278.64496,280.14496,281.24496,281.94498,281.94498,281.44498,281.64496,280.24496
264.04498,279.74496,281.64496,281.84497,282.14496,282.44498,283.74496,284.24496,284.44498,286.04498,286.24496,285.54498,285.64496,285.94498,287.14496,286.94498,287.74496,288.34497,287.44498,287.74496,288.14496,287.04498,284.94498,277.74496,270.34497,271.64496,280.34497,268.84497,274.44498,266.44498,268.54498,251.44498,269.04498,248.04497,255.34497,276.14496,275.44498,277.74496,278.84497,274.94498,280.64496
281.84497,280.14496,281.14496,281.54498,281.44498,280.94498,280.84497,283.44498,283.54498,287.34497,284.74496,284.74496,285.64496,285.54498,285.04498,286.04498,285.74496,285.44498,285.74496,286.54498,287.34497,286.64496,284.44498,282.74496,286.54498,284.84497,284.34497,286.14496,284.54498,277.04498,265.04498,267.84497,275.14496,273.24496,275.04498,275.94498,263.44498,256.64496,253.34497,258.64496,257.44498
282.54498,280.14496,279.64496,280.94498,281.44498,281.04498,282.64496,282.54498,284.04498,286.54498,286.84497,286.14496,284.54498,285.34497,283.44498,284.74496,284.14496,284.84497,285.14496,286.04498,284.14496,279.64496,283.64496,286.44498,286.44498,286.84497,285.94498,283.74496,285.14496,285.94498,285.14496,283.74496,284.04498,282.34497,281.54498,280.14496,267.74496,260.94498,271.84497,277.44498,280.84497
283.14496,280.34497,279.94498,280.74496,280.64496,282.14496,283.04498,282.94498,283.34497,283.14496,282.74496,281.54498,283.14496,282.54498,280.04498,281.64496,282.74496,283.04498,283.94498,283.34497,283.44498,285.14496,285.14496,285.94498,284.34497,283.84497,284.54498,280.94498,284.94498,284.74496,286.74496,285.14496,274.34497,267.04498,275.14496,279.84497,280.24496,280.14496,280.64496,281.14496,280.84497
283.64496,282.74496,280.34497,280.04498,279.34497,278.94498,281.44498,283.24496,282.14496,281.94498,281.04498,280.64496,280.54498,281.54498,274.64496,280.44498,282.74496,281.64496,284.54498,284.64496,282.94498,281.24496,279.84497,278.64496,278.94498,278.14496,279.14496,272.54498,279.94498,281.74496,282.34497,284.74496,285.34497,285.94498,283.04498,281.74496,276.64496,274.14496,278.64496,279.94498,278.54498
283.84497,283.14496,283.94498,284.34497,281.54498,281.94498,282.04498,281.94498,281.74496,280.74496,279.24496,278.74496,278.94498,278.84497,278.84497,280.04498,280.14496,279.74496,279.24496,277.84497,277.04498,276.94498,277.34497,277.24496,275.04498,275.04498,274.24496,277.04498,276.34497,276.84497,277.44498,279.14496,281.24496,281.54498,278.74496,279.44498,271.34497,273.64496,269.34497,267.44498,277.24496
282.84497,282.74496,284.14496,284.34497,284.24496,283.54498,282.54498,280.84497,280.24496,279.84497,278.84497,278.34497,277.54498,278.14496,278.24496,278.14496,278.84497,278.54498,277.44498,274.64496,271.94498,272.24496,273.94498,274.14496,272.84497,271.84497,274.74496,274.94498,274.94498,274.54498,271.54498,275.14496,272.44498,271.54498,274.54498,277.24496,279.44498,273.14496,282.94498,282.34497,276.44498
282.04498,282.14496,282.74496,282.64496,282.54498,281.84497,280.94498,279.84497,278.84497,278.24496,277.34497,276.24496,276.04498,277.04498,276.94498,277.34497,277.24496,276.84497,275.94498,274.44498,270.84497,270.34497,271.94498,272.14496,272.14496,272.94498,272.54498,272.44498,272.84497,272.14496,270.74496,270.94498,276.54498,276.54498,274.34497,273.04498,273.24496,274.14496,269.64496,263.54498,265.64496
282.44498,282.24496,281.54498,280.94498,280.84497,279.64496,278.94498,277.94498,277.74496,277.44498,276.14496,275.34497,275.84497,275.94498,276.34497,276.24496,276.34497,275.94498,275.24496,274.14496,272.54498,272.44498,272.44498,272.24496,271.34497,272.14496,275.14496,274.74496,273.54498,274.84497,275.44498,275.34497,276.54498,276.84497,276.94498,275.14496,273.64496,272.24496,272.34497,270.94498,265.34497
281.74496,281.64496,280.34497,279.24496,279.74496,279.04498,278.74496,278.24496,277.24496,276.24496,275.34497,275.34497,275.94498,275.04498,275.24496,275.24496,274.14496,274.84497,274.04498,272.64496,272.64496,272.44498,270.04498,269.84497,271.24496,272.04498,271.04498,273.14496,274.14496,275.14496,275.94498,276.94498,278.24496,276.94498,278.04498,274.64496,272.14496,272.94498,275.34497,277.04498,274.64496
281.74496,282.04498,281.34497,280.44498,279.74496,278.84497,277.94498,277.54498,277.44498,276.44498,273.94498,274.94498,274.64496,274.54498,274.44498,274.44498,274.04498,273.74496,273.04498,273.14496,272.74496,270.04498,268.64496,269.14496,269.94498,272.04498,271.94498,273.34497,274.24496,275.04498,275.24496,274.94498,275.84497,276.04498,276.74496,277.44498,277.54498,277.24496,276.84497,280.14496,283.64496
280.74496,280.54498,281.94498,282.14496,280.74496,279.84497,278.64496,276.54498,276.04498,276.44498,273.64496,273.64496,275.14496,274.14496,274.64496,274.24496,273.34497,273.04498,273.84497,272.94498,272.94498,270.54498,272.54498,271.94498,272.14496,272.64496,272.84497,272.74496,272.64496,272.84497,273.34497,273.44498,274.64496,276.24496,276.54498,275.74496,276.14496,276.64496,275.24496,277.74496,280.54498
279.24496,280.14496,276.64496,281.04498,279.54498,277.84497,277.64496,275.34497,277.14496,276.54498,274.34497,272.64496,273.74496,274.74496,275.14496,273.84497,273.44498,273.24496,273.14496,272.84497,272.74496,272.94498,273.34497,272.74496,272.34497,272.54498,272.44498,272.44498,272.24496,271.84497,271.44498,271.94498,272.94498,274.14496,275.84497,274.84497,274.84497,274.24496,277.54498,279.54498,280.94498
279.04498,280.14496,273.04498,279.24496,278.24496,278.24496,278.04498,277.94498,278.54498,276.94498,275.74496,276.34497,275.54498,274.84497,274.14496,274.04498,273.24496,273.54498,273.34497,272.74496,272.54498,272.64496,272.54498,272.24496,272.14496,271.64496,273.24496,271.94498,271.44498,271.14496,271.64496,272.04498,272.74496,273.24496,273.74496,274.84497,275.84497,274.44498,275.64496,280.74496,280.94498
