wind_kz.json
{"header": {"discipline":0,"disciplineName":"Meteorological products","gribEdition":2,"gribLength":1025,"center":7,"centerName":"US National Weather Service - NCEP(WMC)","subcenter":0,"refTime":"2023-10-02T12:00:00.000Z","significanceOfRT":1,"significanceOfRTName":"Start of forecast","productStatus":0,"productStatusName":"Operational products","productType":1,"productTypeName":"Forecast products","productDefinitionTemplate":0,"productDefinitionTemplateName":"Analysis/forecast at horizontal level/layer at a point in time","parameterCategory":2,"parameterCategoryName":"UnknownDiscipline_0_Category_2","parameterNumber":2,"parameterNumberName":"UnknownParameter_D0_C2_2","parameterUnit":"Unknown","genProcessType":2,"genProcessTypeName":"Forecast","forecastTime":180,"surface1Type":103,"surface1TypeName":"Specified height level above ground","surface1Value":10.0,"surface2Type":255,"surface2TypeName":"Missing","surface2Value":0.0,"gridDefinitionTemplate":0,"gridDefinitionTemplateName":"Latitude_Longitude","numberPoints":615,"shape":6,"shapeName":"Earth spherical with radius of 6,371,229.0 m","gridUnits":"degrees","resolution":48,"winds":"true","scanMode":64,"nx":41,"ny":15,"basicAngle":0,"lo1":47.0,"la1":41.0,"lo2":87.0,"la2":55.0,"dx":1.0,"dy":1.0}, "data":
[rows 0 to 14 of 15, columns 0 to 40 of 41]
2.6684742,-0.08152588,1.4784741,6.148474,5.408474,6.3384743,7.238474,2.6584742,-1.2215259,-1.9515259,-3.701526,-4.761526,-5.1615257,-4.841526,-4.6615257,-4.841526,-4.131526,-3.3715258,-4.4915257,-4.341526,-3.931526,-1.8715259,-0.78152585,-2.131526,-0.18152589,-2.3215258,-1.9615259,0.78847414,0.84847414,0.21847412,0.088474125,2.568474,0.7584741,1.3084741,2.018474,2.1484742,-0.53152585,1.1484741,-1.1315259,-1.3815259,0.6384741
3.288474,-0.8815259,5.138474,7.518474,6.698474,5.748474,4.708474,-0.45152587,-0.7915259,-1.9015259,-3.3515258,-5.051526,-4.6815257,-4.6815257,-3.731526,-5.091526,-4.761526,-6.001526,-3.471526,-4.601526,-4.191526,-2.961526,-2.0915258,-2.681526,0.13847412,0.9484741,-0.14152588,1.2984741,0.30847412,-0.03152588,0.24847412,-0.10152588,1.7784741,-1.2815259,0.10847412,-1.3315259,-2.1115258,-1.2115259,2.4984741,-0.021525878,-2.961526
5.0484743,8.148474,7.7784743,7.368474,5.2784743,1.5884742,2.048474,0.01847412,-3.3315258,-3.211526,-2.2515259,-3.8015258,-3.5415258,-3.951526,-3.5015259,-3.951526,-4.461526,-3.8415258,-3.7515259,-3.491526,-3.0215259,-2.211526,-2.6215258,-1.8815259,0.6784741,-1.9315258,-1.7715259,-0.021525878,-0.11152588,0.17847413,0.16847412,2.1884742,0.59847414,1.0184741,0.02847412,-1.9215258,-0.64152586,-0.3615259,-0.24152587,-0.41152588,0.90847415
5.0084743,8.038474,7.6084743,5.918474,4.498474,1.5284741,5.038474,1.0184741,-0.6115259,-2.8415258,-3.0615258,-2.8515258,-3.401526,-4.331526,-2.731526,-2.961526,-2.8015258,-2.5615258,-2.1115258,-2.5415258,-2.5815258,-1.5515258,-1.4915259,-1.3515259,0.2584741,-0.37152588,-1.0215259,0.78847414,3.528474,2.1284742,2.038474,0.84847414,3.4684741,5.2984743,-0.21152587,0.9384741,-1.0515258,1.1284741,-0.07152588,0.85847414,0.07847412
5.708474,7.168474,8.588474,7.948474,7.158474,4.658474,2.008474,4.168474,-2.0615258,-1.2215259,-1.9415259,-1.2315259,-2.0815258,-3.441526,-3.3215258,-2.5215259,-2.221526,-1.4715259,-0.6815259,-0.52152586,0.088474125,-0.11152588,1.5084741,2.308474,2.818474,2.3784742,2.6584742,3.1584742,1.1884742,2.8784742,3.058474,4.158474,-2.5515258,0.6284741,-0.7915259,-1.3715259,3.608474,1.5384741,3.4084742,1.0984741,-1.7715259
4.268474,4.968474,7.748474,8.448474,9.5984745,9.398474,2.018474,4.158474,0.5784741,-1.1115259,-2.0215259,-1.4715259,-0.89152586,-1.8315259,-2.5215259,-0.9215259,-0.29152587,-0.021525878,-0.58152586,-0.16152588,0.71847415,1.7684741,3.528474,3.578474,3.768474,3.298474,3.4684741,5.808474,4.218474,3.2284741,6.718474,3.6284742,6.2984743,5.978474,4.2984743,0.46847412,2.568474,1.7684741,5.0284743,-0.90152586,-1.9015259
7.398474,3.828474,6.498474,8.288474,7.418474,8.648474,5.948474,4.598474,2.588474,0.15847412,-1.6215259,-2.0715258,-1.8715259,-0.8215259,-0.7515259,-0.51152587,0.088474125,0.23847412,-0.37152588,0.85847414,2.328474,3.1784742,4.418474,5.7584743,6.538474,6.8584743,7.198474,3.078474,3.2384741,4.488474,5.458474,4.478474,4.638474,6.578474,4.368474,1.9384742,-0.78152585,0.97847414,1.2384741,0.3184741,2.9084742
8.208474,6.558474,7.3384743,8.488474,7.808474,7.898474,6.268474,4.708474,3.6684742,0.17847413,-0.5415259,-0.65152586,-0.5715259,-0.39152586,-0.58152586,-0.041525878,0.72847414,0.85847414,1.0784742,1.7484741,3.1684742,3.6684742,5.238474,5.388474,7.248474,2.108474,2.288474,1.9284741,3.6584742,2.848474,2.3784742,4.348474,3.298474,2.9484742,2.2084742,3.578474,2.9584742,2.578474,3.1584742,2.6784742,0.5184741
7.7584743,8.268475,7.868474,8.048474,6.478474,6.148474,6.5284743,5.6084743,6.7784743,3.3984742,1.4684741,-0.64152586,-0.041525878,-0.17152588,-0.6115259,0.23847412,1.1184741,0.9384741,1.4784741,2.038474,2.528474,3.7184741,4.0084743,4.908474,1.6484741,1.1784741,-0.31152588,0.97847414,2.348474,0.98847413,3.4684741,4.0084743,5.898474,1.6784741,1.5684742,0.29847413,0.6384741,-1.3215259,0.23847412,0.7584741,-2.0215259
8.328474,7.938474,7.938474,7.2784743,7.0484743,6.7584743,6.628474,6.708474,7.0284743,4.458474,1.0484741,0.36847413,-1.0215259,-0.19152588,-0.17152588,0.43847412,0.84847414,1.2484741,1.3384742,2.2484741,3.4484742,4.908474,5.458474,5.988474,3.6584742,0.8384741,1.7784741,3.7084742,3.9784741,4.198474,2.518474,3.1784742,3.2484741,1.4184741,-0.25152588,-0.9315259,-2.0915258,-0.24152587,-0.8115259,0.8384741,-0.7215259
8.188474,8.178474,7.5284743,7.038474,6.268474,6.2984743,6.0284743,6.058474,4.7784743,4.978474,3.368474,2.4484742,-0.71152586,-0.41152588,0.5584741,0.42847413,0.7684741,1.5384741,1.2184741,2.588474,3.7284741,3.6884742,4.968474,4.958474,0.96847415,0.98847413,2.528474,3.318474,4.0484743,4.208474,3.6384742,2.338474,0.19847412,0.3184741,-1.5515258,-2.3215258,-1.5415258,0.5284741,-0.78152585,1.0284741,-0.9915259
9.338474,7.8384743,7.488474,6.948474,5.868474,5.808474,4.878474,5.968474,5.738474,5.518474,0.8684741,2.318474,0.29847413,0.8184741,0.3184741,0.8184741,1.0384741,1.3584741,0.8684741,2.2484741,2.578474,3.1584742,2.9384742,2.6584742,1.6084741,2.278474,2.2184741,2.588474,2.1784742,2.558474,0.3884741,-2.0515258,-1.8315259,-2.8315258,-1.5515258,-0.7315259,-0.26152587,-0.44152588,0.02847412,-0.34152588,-0.51152587
7.0684743,7.968474,6.8184743,6.178474,5.0084743,3.768474,4.868474,5.5084743,6.808474,3.548474,2.4884741,1.2984741,1.5384741,2.1884742,0.8684741,0.72847414,0.9584741,0.6784741,0.5784741,1.5684742,1.5484741,1.2184741,1.9384742,1.7984741,2.2184741,0.8684741,-0.7315259,-0.16152588,-1.7015259,-1.8315259,-2.241526,-2.451526,-2.411526,-2.241526,-1.4515259,-2.0815258,-1.9715259,-1.3715259,-2.401526,-1.4115258,-1.1115259
7.468474,6.788474,7.5084743,5.708474,4.678474,4.178474,4.118474,4.808474,5.5284743,4.728474,2.018474,-0.51152587,1.0884742,1.6484741,0.088474125,0.9584741,0.8284741,0.40847412,-0.2715259,0.7084741,1.4684741,1.9884741,2.608474,2.1684742,1.8684741,-0.9415259,-1.8315259,-1.1315259,-1.9015259,-1.8415259,-2.2615259,-2.741526,-2.891526,-2.5915258,-2.0715258,-1.9815259,-1.8815259,-1.6815258,-1.3215259,-0.84152585,-0.70152587
5.8384743,6.2984743,8.3484745,4.458474,4.1084743,3.838474,4.1084743,3.4584742,4.898474,4.8384743,3.4384742,2.1384742,-0.22152588,0.36847413,-0.37152588,1.1984742,0.29847413,0.3184741,0.29847413,0.3184741,0.5084741,1.0184741,1.8584741,1.9784741,1.6584741,0.96847415,0.4484741,-0.9215259,-1.2115259,-1.0615258,-2.381526,-2.8715258,-2.5515258,-2.421526,-1.8515259,-1.2815259,-0.9715259,-0.25152588,-1.0515258,-1.3015258,-0.76152587
