wind_kz.json
{"header": {"discipline":0,"disciplineName":"Meteorological products","gribEdition":2,"gribLength":871,"center":7,"centerName":"US National Weather Service - NCEP(WMC)","subcenter":0,"refTime":"2023-10-02T06:00:00.000Z","significanceOfRT":1,"significanceOfRTName":"Start of forecast","productStatus":0,"productStatusName":"Operational products","productType":1,"productTypeName":"Forecast products","productDefinitionTemplate":0,"productDefinitionTemplateName":"Analysis/forecast at horizontal level/layer at a point in time","parameterCategory":0,"parameterCategoryName":"UnknownDiscipline_0_Category_0","parameterNumber":0,"parameterNumberName":"UnknownParameter_D0_C0_0","parameterUnit":"Unknown","genProcessType":2,"genProcessTypeName":"Forecast","forecastTime":120,"surface1Type":1,"surface1TypeName":"Ground or water surface","surface1Value":0.0,"surface2Type":255,"surface2TypeName":"Missing","surface2Value":0.0,"gridDefinitionTemplate":0,"gridDefinitionTemplateName":"Latitude_Longitude","numberPoints":615,"shape":6,"shapeName":"Earth spherical with radius of 6,371,229.0 m","gridUnits":"degrees","resolution":48,"winds":"true","scanMode":64,"nx":41,"ny":15,"basicAngle":0,"lo1":47.0,"la1":41.0,"lo2":87.0,"la2":55.0,"dx":1.0,"dy":1.0}, "data":
[rows 0 to 14 of 15, columns 0 to 40 of 41]
295.04352,287.6435,295.3435,293.6435,293.6435,292.1435,299.7435,304.6435,301.2435,301.7435,300.8435,301.7435,302.1435,302.3435,304.04352,304.7435,306.04352,304.2435,309.54352,307.3435,309.3435,306.7435,294.8435,303.6435,306.7435,309.2435,302.04352,294.2435,292.2435,287.8435,285.9435,280.8435,298.8435,305.7435,306.8435,305.3435,310.6435,310.7435,311.1435,313.6435,314.1435
274.6435,294.6435,293.2435,293.3435,293.4435,291.54352,305.4435,302.04352,300.8435,300.1435,301.7435,302.1435,301.7435,303.54352,307.04352,303.6435,308.54352,310.3435,310.3435,311.1435,311.7435,306.54352,303.8435,283.04352,274.2435,275.54352,296.9435,292.54352,288.6435,282.9435,293.54352,281.1435,291.9435,267.2435,282.9435,300.3435,302.7435,304.04352,307.8435,300.54352,284.7435
293.8435,293.1435,293.1435,292.6435,290.8435,299.9435,299.8435,299.9435,298.2435,298.8435,298.3435,301.2435,302.3435,304.4435,297.4435,306.9435,307.6435,307.6435,308.6435,310.54352,309.04352,306.9435,305.8435,297.8435,296.04352,294.3435,289.7435,297.1435,302.04352,294.04352,284.4435,286.3435,295.1435,296.04352,295.3435,294.2435,292.3435,290.7435,294.1435,288.4435,287.4435
296.04352,292.1435,293.04352,292.1435,292.3435,297.4435,298.04352,299.1435,297.4435,296.54352,298.1435,300.4435,290.1435,289.54352,295.6435,305.9435,303.2435,306.4435,307.9435,306.04352,302.8435,302.04352,305.4435,291.04352,301.1435,300.8435,304.1435,300.7435,298.7435,299.1435,295.2435,291.54352,302.7435,305.4435,305.9435,301.7435,290.3435,274.4435,293.1435,301.7435,303.2435
294.9435,291.8435,292.1435,291.7435,294.1435,297.4435,297.54352,298.6435,296.4435,297.1435,298.04352,300.9435,289.1435,287.8435,286.6435,303.7435,304.3435,302.6435,305.04352,303.4435,303.6435,302.4435,301.6435,294.9435,306.4435,305.04352,292.7435,288.8435,299.9435,301.9435,302.7435,301.9435,289.54352,284.04352,295.7435,304.1435,302.4435,309.6435,308.3435,306.54352,303.9435
295.2435,294.3435,290.04352,290.8435,291.2435,290.8435,298.6435,296.1435,296.1435,297.4435,295.4435,295.3435,288.7435,288.9435,296.3435,302.3435,300.1435,303.54352,301.4435,302.04352,304.8435,304.1435,302.8435,296.04352,299.8435,302.7435,303.8435,286.7435,290.1435,294.04352,293.2435,299.4435,302.1435,305.9435,301.3435,297.9435,296.2435,297.1435,310.4435,306.8435,302.8435
290.3435,294.1435,294.2435,295.7435,294.3435,297.54352,297.6435,295.2435,294.6435,294.7435,295.1435,294.6435,297.04352,296.2435,294.6435,297.3435,295.8435,300.54352,302.7435,301.6435,301.7435,302.4435,300.2435,298.6435,298.54352,298.8435,293.6435,291.2435,290.1435,296.7435,296.7435,301.4435,298.54352,301.2435,299.1435,299.4435,296.04352,295.3435,292.04352,291.3435,298.8435
286.9435,287.4435,288.8435,294.2435,293.54352,296.04352,297.8435,296.4435,294.7435,290.4435,292.4435,290.8435,296.9435,292.6435,297.54352,292.3435,293.3435,293.3435,299.9435,299.3435,298.7435,301.1435,302.8435,299.7435,298.1435,297.1435,296.2435,294.04352,285.04352,287.54352,288.7435,297.54352,297.2435,295.2435,295.3435,299.3435,301.9435,285.6435,300.04352,301.3435,299.6435
286.04352,285.1435,287.7435,287.2435,287.6435,288.6435,292.6435,295.4435,295.1435,293.04352,290.4435,293.6435,291.3435,293.1435,298.04352,292.3435,290.54352,293.6435,291.3435,297.4435,295.7435,294.4435,297.1435,296.54352,296.54352,296.9435,293.9435,286.4435,283.3435,284.04352,289.1435,286.7435,295.54352,295.2435,296.7435,294.3435,295.54352,295.04352,277.4435,283.7435,286.3435
288.1435,285.6435,285.54352,287.4435,291.3435,289.4435,293.9435,292.8435,293.4435,289.4435,287.8435,292.4435,292.7435,286.6435,296.1435,292.54352,289.1435,289.8435,290.8435,290.2435,297.54352,294.7435,292.9435,297.04352,299.4435,295.4435,296.1435,295.7435,293.7435,295.1435,295.8435,294.04352,294.4435,295.8435,296.6435,295.8435,293.04352,290.9435,291.1435,290.4435,282.8435
288.8435,286.4435,286.1435,285.3435,286.1435,288.8435,290.9435,291.9435,292.6435,289.3435,288.04352,290.4435,292.8435,288.54352,293.9435,295.2435,295.2435,296.8435,296.9435,295.54352,290.7435,296.1435,293.3435,293.4435,294.3435,296.8435,295.04352,297.04352,297.54352,299.6435,298.8435,298.4435,295.4435,294.2435,296.04352,295.1435,289.9435,290.7435,290.1435,289.04352,287.9435
285.9435,287.7435,286.4435,285.4435,283.6435,285.9435,289.6435,289.54352,291.3435,290.7435,288.4435,287.2435,285.1435,284.2435,288.54352,292.2435,291.6435,293.8435,294.6435,294.4435,289.9435,286.6435,293.4435,293.54352,291.04352,294.04352,296.2435,298.04352,298.1435,297.9435,297.04352,296.6435,294.04352,294.3435,293.4435,294.7435,295.04352,296.8435,294.7435,294.4435,292.4435
280.6435,284.7435,284.1435,284.4435,284.54352,283.54352,288.1435,289.4435,290.1435,288.8435,286.3435,284.6435,284.1435,286.04352,286.7435,291.3435,291.3435,290.2435,293.3435,292.3435,292.4435,291.54352,288.6435,290.4435,290.8435,291.8435,294.1435,295.54352,294.4435,295.8435,295.54352,292.9435,293.54352,294.04352,293.4435,292.7435,292.6435,292.7435,292.3435,291.7435,291.2435
279.9435,282.04352,283.2435,282.04352,283.9435,282.6435,286.7435,287.3435,288.54352,288.2435,283.8435,281.1435,281.8435,287.3435,288.1435,289.7435,289.8435,290.4435,290.6435,291.04352,291.3435,291.54352,292.8435,287.3435,287.8435,292.6435,290.1435,292.04352,293.4435,292.9435,294.2435,293.54352,292.2435,291.3435,291.9435,291.4435,291.4435,290.8435,291.9435,290.7435,291.1435
277.4435,279.04352,284.6435,280.7435,284.3435,281.8435,285.1435,287.8435,287.3435,288.04352,287.54352,286.4435,282.4435,282.4435,286.9435,287.04352,288.3435,288.9435,290.9435,290.3435,286.9435,288.3435,291.6435,290.9435,286.3435,291.4435,289.6435,289.7435,291.6435,291.6435,291.3435,289.1435,292.3435,291.8435,291.1435,291.1435,292.1435,291.4435,291.54352,291.1435,290.3435
