wind_kz.json
{"header": {"discipline":0,"disciplineName":"Meteorological products","gribEdition":2,"gribLength":1025,"center":7,"centerName":"US National Weather Service - NCEP(WMC)","subcenter":0,"refTime":"2024-04-08T12:00:00.000Z","significanceOfRT":1,"significanceOfRTName":"Start of forecast","productStatus":0,"productStatusName":"Operational products","productType":1,"productTypeName":"Forecast products","productDefinitionTemplate":0,"productDefinitionTemplateName":"Analysis/forecast at horizontal level/layer at a point in time","parameterCategory":2,"parameterCategoryName":"UnknownDiscipline_0_Category_2","parameterNumber":3,"parameterNumberName":"UnknownParameter_D0_C2_3","parameterUnit":"Unknown","genProcessType":2,"genProcessTypeName":"Forecast","forecastTime":300,"surface1Type":103,"surface1TypeName":"Specified height level above ground","surface1Value":10.0,"surface2Type":255,"surface2TypeName":"Missing","surface2Value":0.0,"gridDefinitionTemplate":0,"gridDefinitionTemplateName":"Latitude_Longitude","numberPoints":615,"shape":6,"shapeName":"Earth spherical with radius of 6,371,229.0 m","gridUnits":"degrees","resolution":48,"winds":"true","scanMode":64,"nx":41,"ny":15,"basicAngle":0,"lo1":47.0,"la1":41.0,"lo2":87.0,"la2":55.0,"dx":1.0,"dy":1.0}, "data":
[rows 0 to 14 of 15, columns 0 to 40 of 41]
0.20939209,0.47939208,-2.9006078,-7.870608,-7.570608,-7.7406077,-4.140608,-2.530608,1.0793921,1.3893921,2.059392,1.8993921,1.4593921,1.3793921,1.0493921,0.23939209,-0.49060792,-1.9606079,-1.500608,-0.30060792,-1.5306079,-0.7106079,-0.72060794,-1.9406079,-1.7806079,-2.1606078,-1.7406079,1.3393921,-0.5006079,1.869392,-0.8006079,-3.050608,0.01939209,-0.5606079,-0.8006079,-0.4006079,-1.0706079,0.2993921,-0.15060791,-2.080608,1.3193921
0.32939208,-2.1606078,-10.380608,-9.380608,-8.760608,-5.680608,-3.6106079,-2.960608,2.489392,4.2593923,2.3193922,1.989392,1.999392,1.8093921,0.44939208,0.6193921,0.1993921,-1.2006079,-1.880608,-2.1106079,-1.6006079,-2.740608,0.7493921,1.0893921,-0.7506079,-1.250608,-1.640608,1.1893921,-0.10060791,1.0593921,1.9093921,4.099392,-0.3106079,-0.5706079,-4.680608,-1.3406079,-1.4606079,-2.3606079,-0.53060794,-1.4206079,-0.3706079
-2.950608,-8.170608,-10.090608,-8.040607,-9.870608,-7.020608,-5.670608,-3.700608,3.659392,2.559392,4.079392,3.959392,2.3793921,2.3993921,2.3693922,1.369392,1.4093921,1.8193921,1.0793921,-0.05060791,-1.2006079,-2.340608,-3.200608,-0.7706079,0.7293921,0.8793921,1.0393921,-0.6106079,0.9593921,1.2993921,1.6493921,-1.3006079,-0.3406079,-0.5906079,-1.130608,1.0393921,0.8293921,-2.710608,-0.23060791,-1.2206079,-1.270608
-1.9506079,-2.580608,-2.780608,-7.080608,-9.570608,-8.560608,-6.590608,-4.480608,4.639392,3.909392,4.419392,3.0993922,3.759392,4.019392,2.259392,1.499392,0.1993921,1.4393921,1.1593921,0.25939208,-1.1606079,-1.4906079,1.9093921,-0.4406079,-1.4606079,-0.6806079,-0.8706079,-0.33060792,1.1793921,5.189392,2.429392,-3.1106079,1.0593921,2.449392,-0.6706079,-0.24060792,-0.07060791,-0.46060792,1.1893921,1.609392,0.5793921
-5.110608,-6.840608,-7.5106077,-6.870608,-7.410608,-7.150608,-5.2806077,-1.630608,0.44939208,4.049392,5.1993923,4.139392,3.809392,3.809392,3.169392,2.439392,1.109392,0.1393921,-0.14060791,-0.6506079,-0.60060793,-1.4506079,-1.2306079,0.21939209,-1.770608,-2.040608,-1.900608,-1.880608,-1.3106079,0.9393921,2.499392,0.4993921,0.38939208,0.4593921,-0.7906079,-0.85060793,-2.780608,1.0793921,1.0293921,1.8793921,-1.4906079
-2.940608,-4.670608,-6.920608,-6.540608,-6.480608,-7.570608,-6.930608,-3.710608,1.349392,3.729392,4.019392,4.879392,1.3393921,3.209392,2.699392,2.039392,1.479392,1.349392,-0.3806079,-0.4806079,-2.310608,-0.97060794,-0.7706079,-1.3206079,-2.050608,-2.810608,-3.1806078,-3.6106079,-3.090608,-2.750608,-1.8106079,-2.940608,-3.790608,0.77939206,2.249392,-1.6606079,0.8193921,-0.3206079,-2.550608,2.519392,0.71939206
-1.4206079,-3.4206078,-4.7806077,-4.920608,-5.2606077,-5.370608,-5.0506077,-3.6106079,3.6393921,3.749392,6.099392,5.6993923,4.609392,3.279392,3.409392,3.029392,2.1193922,1.989392,0.7293921,-0.72060794,-1.5606079,-1.8706079,-1.8106079,-0.5506079,-0.6906079,-0.3106079,-3.190608,-3.1406078,-4.440608,-4.270608,-4.680608,-6.270608,-6.9906077,-7.270608,-0.8006079,-2.220608,-3.990608,-3.040608,-2.310608,-1.8006079,-1.9106079
-0.3206079,-0.9006079,-2.440608,-3.280608,-4.060608,-4.320608,-4.330608,-2.240608,4.339392,4.839392,6.919392,6.209392,3.529392,3.0893922,3.1293921,3.219392,2.159392,2.049392,1.8193921,1.6893921,-1.3706079,-1.2806079,-2.3506079,-1.7206079,0.4893921,1.1793921,0.9593921,-1.640608,-2.1106079,-3.970608,-4.2406077,-4.570608,-5.910608,-6.040608,-1.5406079,0.11939209,-0.33060792,0.5993921,1.1593921,0.03939209,-1.4906079
0.4593921,0.03939209,-0.60060793,-0.91060793,-1.8406079,-1.8706079,-1.9806079,-0.42060792,3.979392,8.309392,5.189392,3.8593922,3.0893922,3.529392,3.739392,3.029392,2.789392,2.3293922,3.299392,2.689392,1.4693921,-0.5106079,-0.8806079,-0.8106079,-0.46060792,1.0593921,0.5793921,0.00939209,-0.8306079,-1.4106079,-2.720608,-3.1106079,-2.1406078,-2.780608,-1.640608,-2.6306078,-3.6006079,-2.480608,-3.190608,-3.070608,-4.040608
-0.3406079,-0.6906079,0.2693921,0.7593921,0.17939208,0.4893921,-0.2506079,0.52939206,7.119392,7.829392,8.289392,5.349392,4.679392,4.1993923,4.309392,3.3293922,2.769392,2.279392,2.529392,3.1193922,2.8793921,2.699392,1.4293921,0.8093921,-0.04060791,0.5693921,-0.43060791,0.4093921,-0.5706079,-1.4406079,-1.380608,-1.3206079,-2.530608,-2.580608,-2.4006078,-1.5406079,-0.3506079,-3.3806078,-1.7106079,0.08939209,-0.2506079
0.32939208,1.5693921,1.3793921,0.64939207,1.6493921,1.859392,2.3793921,4.499392,6.609392,7.339392,6.369392,5.599392,4.9893923,6.359392,4.579392,4.2793922,3.739392,2.979392,2.0793922,2.5993922,2.5893922,2.6093922,1.109392,0.58939207,-0.10060791,0.44939208,0.08939209,-0.5406079,-0.9506079,-1.2906079,-2.500608,-2.540608,-3.300608,-2.9006078,-3.1406078,-2.1806078,-2.070608,-0.020607911,-0.3106079,-0.3506079,-0.53060794
0.7593921,1.849392,2.039392,2.8693922,3.299392,1.9293921,0.6293921,6.4893923,5.9493923,4.269392,4.869392,3.159392,4.7393923,5.549392,5.269392,4.639392,4.459392,3.8893921,3.1093922,3.259392,2.949392,1.8193921,1.2593921,0.2793921,0.3093921,-1.2206079,-0.20060791,-1.7006079,-2.720608,-3.230608,-2.500608,-2.710608,-2.6406078,-2.8506079,-2.720608,-3.9106078,-3.050608,-1.6206079,-1.0706079,-1.020608,-0.3506079
0.5093921,0.9493921,2.009392,3.5893922,2.8693922,1.4693921,2.3693922,8.139392,9.589392,6.749392,1.4693921,3.199392,4.0093923,5.229392,4.879392,4.349392,3.8393922,3.8793921,2.919392,3.3793921,3.169392,2.3993921,1.7593921,1.1393921,0.11939209,-1.5606079,-1.6606079,-1.3406079,-1.8206079,-2.560608,-2.770608,-2.480608,-2.000608,-2.960608,-3.1006079,-3.260608,-3.750608,-2.970608,-4.250608,-3.6206079,-2.450608
1.0793921,1.6893921,2.239392,3.6293921,2.469392,2.1193922,6.7193923,8.389392,9.559392,6.749392,1.5893921,0.21939209,1.7993921,3.489392,4.7193923,4.159392,4.309392,3.989392,3.669392,3.6493921,3.509392,2.999392,1.599392,1.499392,0.2793921,-0.5806079,-0.8306079,-0.8906079,-1.2206079,-1.4406079,-1.3506079,-1.9106079,-2.210608,-1.880608,-2.530608,-3.270608,-2.730608,-3.060608,-3.300608,-3.220608,-4.210608
2.199392,3.669392,2.909392,3.279392,2.979392,2.789392,7.0293922,7.0293922,7.639392,5.7193923,2.279392,2.429392,2.189392,1.859392,4.649392,4.349392,4.129392,3.799392,3.549392,3.539392,3.479392,2.929392,2.159392,1.4093921,0.8093921,0.5993921,0.4393921,-0.14060791,-0.2606079,-0.36060792,-0.2506079,-1.3406079,-1.8306079,-1.760608,-1.8106079,-2.090608,-3.010608,-2.6306078,-2.580608,-2.770608,-1.260608
