wind_kz.json
{"header": {"discipline":0,"disciplineName":"Meteorological products","gribEdition":2,"gribLength":1025,"center":7,"centerName":"US National Weather Service - NCEP(WMC)","subcenter":0,"refTime":"2023-09-25T00:00:00.000Z","significanceOfRT":1,"significanceOfRTName":"Start of forecast","productStatus":0,"productStatusName":"Operational products","productType":1,"productTypeName":"Forecast products","productDefinitionTemplate":0,"productDefinitionTemplateName":"Analysis/forecast at horizontal level/layer at a point in time","parameterCategory":2,"parameterCategoryName":"UnknownDiscipline_0_Category_2","parameterNumber":2,"parameterNumberName":"UnknownParameter_D0_C2_2","parameterUnit":"Unknown","genProcessType":2,"genProcessTypeName":"Forecast","forecastTime":180,"surface1Type":103,"surface1TypeName":"Specified height level above ground","surface1Value":10.0,"surface2Type":255,"surface2TypeName":"Missing","surface2Value":0.0,"gridDefinitionTemplate":0,"gridDefinitionTemplateName":"Latitude_Longitude","numberPoints":615,"shape":6,"shapeName":"Earth spherical with radius of 6,371,229.0 m","gridUnits":"degrees","resolution":48,"winds":"true","scanMode":64,"nx":41,"ny":15,"basicAngle":0,"lo1":47.0,"la1":41.0,"lo2":87.0,"la2":55.0,"dx":1.0,"dy":1.0}, "data":
[rows 0 to 14 of 15, columns 0 to 40 of 41]
3.489178,1.4391779,-1.8908222,1.8791778,2.1291778,3.299178,6.5491776,-4.250822,-6.390822,-4.0108223,-3.8908222,-3.730822,-3.5908222,-2.540822,-1.9608221,-1.4808221,-0.99082214,-1.8608222,-0.35082215,0.9991779,0.28917786,-0.8808221,1.5291779,2.5991778,1.5991778,2.489178,1.7891779,2.009178,0.21917786,1.1791779,-1.8308221,0.89917785,-2.1508222,-3.540822,-2.700822,-2.0908222,-1.3008221,-1.5108222,-0.8208221,-1.0608221,-2.540822
1.3891778,-0.52082217,1.9091779,2.1791778,0.30917785,3.5791779,-3.240822,-3.740822,-3.6208222,-3.9408221,-5.040822,-3.270822,-1.3108221,-2.5508223,-1.3008221,-1.5908221,-1.2008221,-2.500822,-2.6808221,-1.9308221,0.35917786,2.1391778,2.039178,1.4591779,1.0791779,0.21917786,0.36917785,1.6791779,1.3991779,0.46917784,-0.53082216,-0.7508221,-3.000822,-2.0908222,0.5591779,-0.58082217,-0.30082214,-1.3308221,-0.61082214,0.88917786,-1.7808222
3.029178,7.0091777,2.1791778,1.5991778,-0.37082213,0.8591778,-5.400822,-3.8808222,-3.270822,-2.8208222,-2.3108222,-1.7808222,-2.6808221,-2.480822,-2.3708222,-2.4008222,-2.980822,-1.3608222,0.69917786,0.89917785,-0.15082215,-3.1708221,0.35917786,-4.810822,-2.220822,-3.450822,-1.9808221,-0.59082216,2.5591779,-1.1408222,-0.73082215,-1.3008221,0.82917786,-0.6908221,-2.6308222,-1.1208222,0.53917783,-0.19082214,2.4091778,2.259178,-0.48082215
1.6191778,2.519178,0.64917785,-0.60082215,0.63917786,-3.1808221,-3.770822,-2.1408222,-2.3208222,-2.1708221,-1.5508221,-4.7008224,-4.710822,-1.7908221,-2.790822,-4.410822,-3.990822,-3.8708222,-2.6108222,-2.460822,1.4591779,-2.3808222,-4.5308223,-5.140822,-5.100822,-5.4308224,-5.250822,-6.620822,-5.640822,-2.750822,0.019177856,-8.221436E-4,-0.60082215,0.35917786,1.3491778,0.47917786,0.18917786,1.9991778,-2.270822,-3.5908222,-3.280822
-1.8208221,-1.6108222,-1.9908222,-0.16082214,-2.270822,-4.0708222,-1.5908221,-2.6008222,-2.3608222,-1.1608222,-0.66082215,-4.2808223,-2.1808221,-1.5208222,-0.12082215,-3.270822,-3.530822,-4.380822,-5.2608223,-5.900822,-6.3208222,-5.5108223,-4.9308224,-4.8008223,-5.560822,-6.2808223,-6.0308223,-2.9308221,-4.380822,-2.8008223,-2.1908221,-1.4908222,0.029177856,0.53917783,-3.030822,-2.4408221,-5.660822,-4.140822,-3.3808222,-3.1008222,-2.8908222
-2.3308222,-1.9508221,-0.97082216,-3.8008223,-2.3508222,-3.5908222,-3.020822,-2.990822,-1.4208221,-1.1308222,-0.29082215,-0.86082214,-0.44082215,-0.31082213,2.9291778,-1.4108222,-2.750822,-4.150822,-4.5308223,-4.350822,-5.040822,-4.910822,-4.910822,-4.840822,-4.8008223,-6.3208222,-6.0708222,-4.270822,-4.460822,-4.630822,-3.760822,-3.4208221,-4.270822,-2.770822,-1.1608222,-2.1408222,-1.8408221,-1.3208221,-3.490822,-3.230822,-3.290822
-1.8608222,-3.950822,0.9991779,0.21917786,-1.2708222,-0.84082216,0.41917786,-1.1108222,-0.9408221,-0.30082214,-0.13082214,1.0191779,0.10917786,-0.27082214,0.91917783,-0.040822145,0.31917787,-1.5708221,-0.27082214,-1.5108222,-1.7008221,-1.7808222,-3.260822,-2.3408222,-2.520822,-2.290822,-2.520822,-2.1408222,-1.9808221,-2.5908222,-3.1208222,-4.0708222,-3.240822,-2.700822,-2.3508222,0.18917786,0.26917785,-1.6708221,0.119177856,0.9391779,-1.4508221
-1.0608221,-0.12082215,-0.8108221,0.57917786,1.3391778,0.8091779,1.3991779,1.8091779,1.6691779,0.9291779,1.1891779,1.4291779,1.8991779,2.989178,2.549178,1.8691778,1.8491778,1.2491778,0.9891779,1.0191779,-0.91082215,-0.40082213,-0.85082215,-0.15082215,0.41917786,0.90917784,0.83917785,0.95917785,2.029178,-0.27082214,0.039177857,-0.8908222,-0.010822143,-2.4108222,-4.670822,-5.610822,-2.970822,-2.3908222,-3.040822,-0.43082213,0.81917787
2.3691778,1.9391779,1.8691778,2.5791779,2.529178,1.8191779,2.3691778,3.259178,4.0491776,2.269178,2.6391778,3.0691779,3.279178,2.499178,3.459178,3.479178,3.3491778,3.6591778,3.3091779,2.6191778,2.5591779,0.9391779,0.9891779,0.84917784,1.0191779,0.41917786,1.4491779,1.4291779,1.8391778,2.049178,2.459178,2.3191779,1.1891779,-1.2608222,-2.720822,-2.3208222,-1.5908221,-2.6308222,-1.5208222,0.72917783,-1.9508221
-0.18082215,0.18917786,2.029178,3.049178,3.0791779,3.469178,4.109178,4.519178,4.5491776,5.839178,5.5491776,4.9691777,4.139178,4.119178,3.1791778,3.3091779,3.3791778,3.8391778,3.9391778,3.0691779,3.3591778,3.0691779,1.5391779,1.2191778,1.3191779,1.2591778,1.5991778,1.8891778,1.8091779,2.3191779,2.3791778,1.2591778,-0.66082215,-2.700822,0.17917785,-2.3308222,-2.1908221,-0.54082215,-0.9408221,-0.13082214,-1.2608222
1.6791779,1.1691779,1.3591778,2.1191778,0.8691779,3.019178,4.9691777,4.359178,4.499178,4.709178,5.1991777,5.5491776,4.2991776,4.7991776,3.719178,3.6191778,3.8491778,4.2191777,4.149178,4.159178,4.139178,3.479178,3.209178,2.539178,2.039178,2.269178,2.3191779,2.239178,1.9791778,2.049178,1.6891779,1.2891779,2.0891778,1.8991779,1.4291779,-2.250822,-0.8208221,0.6891779,-0.19082214,-0.42082214,-0.47082216
2.8191779,3.229178,3.1391778,3.6491778,3.509178,2.0991778,3.8791778,2.469178,4.2391777,4.439178,3.709178,4.2591777,4.709178,4.499178,3.6091778,3.479178,3.6291778,3.259178,3.539178,3.3191779,3.6991777,3.8191779,3.539178,2.989178,2.8291779,3.3791778,3.549178,2.8591778,1.5691779,1.3291779,1.7491778,2.1691778,1.8391778,1.3591778,-0.97082216,-0.65082216,0.6191779,1.1491779,-0.71082217,-1.1608222,-0.74082214
3.1091778,3.3391778,2.6791778,3.4391778,3.6491778,3.229178,3.8591778,2.739178,4.2591777,4.169178,2.759178,4.159178,4.2591777,3.789178,3.959178,3.969178,4.079178,3.6791778,3.6291778,3.6691778,3.4191778,3.8191779,3.1991777,2.8991778,3.3091779,3.9291778,3.6791778,3.3191779,1.7791779,1.5691779,1.5391779,1.8591778,1.7391778,1.3991779,0.35917786,-0.020822143,1.8391778,-0.61082214,-1.7808222,-1.1708221,-0.80082214
2.8691778,4.0491776,3.4191778,4.7191777,3.959178,3.8491778,3.719178,3.4391778,2.8691778,2.749178,1.3391778,2.299178,5.269178,3.1491778,3.1391778,3.539178,4.6991777,3.8191779,4.359178,4.499178,4.869178,4.729178,5.2591777,5.149178,4.909178,4.0291777,2.6191778,2.5691779,2.489178,2.1191778,2.0691779,1.1891779,1.6991779,1.1991779,1.5091778,0.41917786,-0.010822143,-0.41082215,-1.1108222,-0.40082213,-0.29082215
2.999178,3.8691778,4.839178,3.769178,5.1791778,5.309178,4.499178,4.099178,4.0691776,3.6891778,1.4991778,2.9491777,1.8591778,2.229178,2.4191778,5.909178,3.039178,3.5991778,3.0991778,3.6091778,4.2191777,4.7391777,4.5491776,4.839178,4.6991777,4.0491776,3.6491778,3.5591779,3.3991778,3.219178,2.8191779,2.279178,1.9991778,1.9191779,1.5291779,1.0991778,1.0391779,0.53917783,0.7991779,1.4191779,-0.96082217
