wind_kz.json
{"header": {"discipline":0,"disciplineName":"Meteorological products","gribEdition":2,"gribLength":1025,"center":7,"centerName":"US National Weather Service - NCEP(WMC)","subcenter":0,"refTime":"2023-08-28T12:00:00.000Z","significanceOfRT":1,"significanceOfRTName":"Start of forecast","productStatus":0,"productStatusName":"Operational products","productType":1,"productTypeName":"Forecast products","productDefinitionTemplate":0,"productDefinitionTemplateName":"Analysis/forecast at horizontal level/layer at a point in time","parameterCategory":2,"parameterCategoryName":"UnknownDiscipline_0_Category_2","parameterNumber":2,"parameterNumberName":"UnknownParameter_D0_C2_2","parameterUnit":"Unknown","genProcessType":2,"genProcessTypeName":"Forecast","forecastTime":300,"surface1Type":103,"surface1TypeName":"Specified height level above ground","surface1Value":10.0,"surface2Type":255,"surface2TypeName":"Missing","surface2Value":0.0,"gridDefinitionTemplate":0,"gridDefinitionTemplateName":"Latitude_Longitude","numberPoints":615,"shape":6,"shapeName":"Earth spherical with radius of 6,371,229.0 m","gridUnits":"degrees","resolution":48,"winds":"true","scanMode":64,"nx":41,"ny":15,"basicAngle":0,"lo1":47.0,"la1":41.0,"lo2":87.0,"la2":55.0,"dx":1.0,"dy":1.0}, "data":
[rows 0 to 14 of 15, columns 0 to 40 of 41]
-3.710547,0.19945313,0.8894531,0.67945313,0.7194531,0.67945313,-0.89054686,-0.7405469,-1.6405469,-1.0705469,-0.59054685,-0.32054687,-0.45054686,0.039453126,1.0494531,1.1194531,0.6494531,2.6494532,0.3294531,0.13945313,0.5894531,2.299453,1.6694531,-0.6705469,1.3794532,-3.1205468,-2.710547,0.25945312,0.48945314,-0.6705469,-1.9105469,1.9194531,0.78945315,1.3794532,2.059453,1.3094531,0.86945313,0.53945315,0.85945314,1.8994532,1.4394531
1.7894531,0.40945312,-0.050546873,-1.7205468,-0.5005469,-2.1605468,-1.5005469,-2.4305468,-1.5105469,0.6494531,1.4294531,0.6894531,1.0994531,1.9494531,2.529453,2.9094532,3.049453,4.059453,2.759453,2.289453,1.7194531,0.10945313,0.49945313,-1.7805469,1.6894531,0.079453126,-0.3305469,0.08945312,-2.0605469,-2.970547,-0.22054687,-0.9105469,0.079453126,-2.520547,-0.030546876,-0.46054688,-0.95054686,0.10945313,-0.48054686,1.1694531,-0.38054687
-1.6405469,-3.970547,-2.740547,-2.190547,-1.8705468,-2.1805468,-1.9505469,1.6794531,2.3294532,3.5994532,3.799453,3.3294532,2.999453,3.6594532,4.1994534,4.6994534,3.539453,4.729453,4.0694532,3.259453,2.809453,1.7394531,1.7994531,1.5794531,0.06945313,-2.200547,-2.1105468,-2.9205468,-3.1805468,-1.4805468,-1.7105469,1.7394531,0.049453124,-0.9905469,0.9994531,-1.5205469,-1.0605469,0.33945313,-1.1805469,-0.5005469,1.8694531
-3.470547,-4.610547,-3.720547,-2.8105469,-1.6205468,-0.41054687,1.4494531,3.039453,2.8994532,4.909453,3.799453,2.009453,4.409453,4.139453,4.1994534,4.409453,3.9094532,4.269453,4.789453,3.1394532,1.9394531,0.5194531,0.67945313,-0.32054687,-0.59054685,2.989453,-2.0605469,1.6794531,4.539453,6.659453,5.039453,1.1894531,2.9194531,-1.7805469,-2.290547,-3.1205468,-2.0605469,0.029453125,1.5694531,0.19945313,-0.090546876
-2.8105469,-2.1505468,-0.44054687,0.5894531,1.1494532,0.6894531,0.28945312,0.7694531,0.42945313,-0.020546876,-1.0505469,2.6394532,1.4694531,3.259453,3.039453,1.4894531,3.049453,3.8394532,3.299453,3.1394532,2.049453,2.049453,1.9194531,1.2194531,0.6394531,-0.20054688,2.0894532,2.039453,3.459453,5.6994534,4.2994533,2.8794532,-2.290547,-0.35054687,0.86945313,0.66945314,-2.9205468,-2.9005468,-2.8105469,-3.050547,-3.8205469
1.0294532,0.79945314,1.8294531,-1.5505469,-1.8505468,-2.470547,-1.0505469,0.22945313,1.1694531,1.4494531,1.4094532,0.33945313,2.1894531,2.3894532,3.3794532,4.399453,3.999453,5.229453,3.8794532,3.459453,2.9094532,2.3594532,1.4794531,1.1094531,0.9694531,0.6294531,-0.3905469,1.8994532,-2.8305469,-0.07054687,0.059453126,-4.4505467,-2.8205469,-3.3205469,-0.24054688,-6.910547,-0.3305469,-4.830547,-0.44054687,-3.1805468,-4.0505466
-0.19054687,-0.8605469,-1.5005469,-1.6205468,-1.5305469,-0.5505469,0.21945313,0.10945313,0.30945313,-0.040546875,0.8294531,1.6694531,2.0994532,2.3794532,2.5694532,3.5994532,4.419453,5.669453,4.899453,2.479453,3.259453,2.9094532,1.3594531,-0.15054688,0.23945312,-0.29054686,2.509453,-2.290547,-1.8905469,-1.4205469,-6.090547,-5.0105467,-2.8505468,-4.540547,-4.9305468,-5.570547,-1.3105469,2.969453,-2.1205468,1.0194532,0.5894531
-1.2605469,-0.7805469,-0.3305469,-1.0905468,-0.5605469,-0.7505469,-1.0905468,-0.6105469,0.47945312,-0.47054687,0.009453125,1.2194531,1.7894531,1.9894531,1.9294531,2.289453,3.549453,2.6894531,2.059453,0.98945314,1.7594532,0.8994531,0.039453126,-1.1105468,0.33945313,-0.13054687,1.5794531,-3.3705468,-1.4905468,-1.2805469,-4.100547,-2.270547,-5.9305468,-1.2205468,-2.710547,-0.52054685,1.3494531,-3.730547,-3.8705468,-3.9205468,-2.730547
-0.37054688,1.5994531,1.1294532,1.3394531,0.14945312,-0.9305469,-0.9705469,-1.0205469,-0.7205469,-0.35054687,-0.76054686,0.5894531,2.009453,1.4194531,-0.77054685,0.8894531,0.48945314,-0.47054687,-1.3805469,-2.0805469,-2.4105468,-1.1305469,-0.15054688,0.31945312,0.4194531,-0.45054686,-0.21054688,-3.8605468,-2.020547,-2.1005468,-2.970547,-1.7405468,-1.1105468,-0.23054688,-0.5405469,-0.7905469,-0.45054686,-1.9905468,-1.2905469,-0.26054686,-1.4705468
0.22945313,2.239453,2.1094532,1.6594532,-0.89054686,-1.6805469,-0.7405469,-1.4005469,-1.1805469,-1.0805469,-0.12054688,-0.76054686,0.78945315,0.26945314,-1.1405469,-2.3105469,-2.3305469,-2.6705468,-2.760547,-3.3405468,-5.400547,-4.4705467,-3.1105468,-3.3105469,-5.000547,-6.850547,-7.500547,-7.690547,-6.2605467,-4.900547,-3.050547,-2.0905468,-0.46054688,-0.6905469,0.30945313,-1.1005468,-1.3605468,-0.38054687,-1.9205469,-0.46054688,-1.1605469
1.3894532,1.1894531,0.059453126,-5.46875E-4,-1.2505469,-0.7905469,-0.3605469,-1.6705469,-1.7705469,-1.1005468,-0.5505469,0.8994531,0.22945313,-1.3905469,-1.5405469,-1.8205469,-3.0805469,-2.940547,-7.3005466,-7.520547,-8.340547,-7.360547,-8.650547,-9.350547,-6.870547,-6.480547,-9.020547,-6.920547,-6.070547,-3.4105468,-2.9105468,-2.770547,-2.4105468,-2.250547,-0.38054687,-0.25054687,-1.4305469,0.09945312,-1.2905469,0.9494531,-1.5505469
1.1794531,0.9494531,1.2094531,0.29945314,0.91945314,-0.8105469,-1.0305469,-0.9405469,-0.8705469,-1.7505469,-1.5305469,-0.19054687,-0.90054685,-1.8505468,-1.0905468,-2.200547,-3.000547,-3.8205469,-6.320547,-4.610547,-7.080547,-7.0505466,-9.250546,-8.570547,-7.9505467,-6.900547,-6.580547,-5.7605467,-6.120547,-4.020547,-3.5705469,-3.700547,-2.440547,-4.020547,-1.8505468,-3.1105468,-2.700547,-1.1805469,-0.44054687,-0.7205469,-0.70054686
1.9594531,1.3894532,1.9794531,1.4994531,0.66945314,-0.6705469,-1.2505469,-0.6805469,-0.7405469,-0.64054686,-0.6705469,-0.9205469,-0.34054688,-1.4805468,-0.7205469,-2.040547,-2.6105468,-3.750547,-3.8905468,-5.160547,-5.570547,-6.370547,-4.650547,-5.580547,-6.790547,-5.820547,-5.250547,-5.2605467,-4.570547,-3.6605468,-3.6005468,-3.5605469,-3.470547,-3.5705469,-2.780547,-2.800547,-2.010547,-0.96054685,-2.6405468,-1.7405468,-1.1405469
1.5894531,2.219453,0.8194531,2.9094532,0.42945313,-1.2305468,-0.3305469,-1.0005469,0.19945313,-0.020546876,-1.1005468,-1.2905469,0.21945313,0.59945315,-0.6005469,-1.5605469,-2.1805468,-2.6805468,-3.990547,-4.120547,-4.340547,-4.690547,-4.880547,-4.830547,-4.320547,-4.420547,-4.250547,-3.6805468,-3.8705468,-3.700547,-3.520547,-3.3405468,-3.1605468,-2.8405468,-2.0705469,-2.500547,-1.8705468,-1.6705469,-1.7305468,-0.7905469,0.029453125
1.3494531,2.019453,1.6994531,1.0594531,1.2494531,-0.65054685,-1.1505469,-1.1705469,0.44945312,-1.2005469,-1.4705468,-0.57054687,-0.7505469,0.3894531,-0.59054685,-1.6305469,-2.440547,-2.6405468,-2.3505468,-3.240547,-3.280547,-3.450547,-3.3805468,-3.690547,-3.760547,-3.6005468,-3.4305468,-3.300547,-3.230547,-3.280547,-3.3705468,-3.6605468,-3.1205468,-2.9205468,-2.740547,-2.460547,-1.9705468,-1.8905469,-0.90054685,-1.5105469,-0.8605469
