wind_kz.json
{"header": {"discipline":0,"disciplineName":"Meteorological products","gribEdition":2,"gribLength":871,"center":7,"centerName":"US National Weather Service - NCEP(WMC)","subcenter":0,"refTime":"2023-08-11T00:00:00.000Z","significanceOfRT":1,"significanceOfRTName":"Start of forecast","productStatus":0,"productStatusName":"Operational products","productType":1,"productTypeName":"Forecast products","productDefinitionTemplate":0,"productDefinitionTemplateName":"Analysis/forecast at horizontal level/layer at a point in time","parameterCategory":0,"parameterCategoryName":"UnknownDiscipline_0_Category_0","parameterNumber":0,"parameterNumberName":"UnknownParameter_D0_C0_0","parameterUnit":"Unknown","genProcessType":2,"genProcessTypeName":"Forecast","forecastTime":0,"surface1Type":1,"surface1TypeName":"Ground or water surface","surface1Value":0.0,"surface2Type":255,"surface2TypeName":"Missing","surface2Value":0.0,"gridDefinitionTemplate":0,"gridDefinitionTemplateName":"Latitude_Longitude","numberPoints":615,"shape":6,"shapeName":"Earth spherical with radius of 6,371,229.0 m","gridUnits":"degrees","resolution":48,"winds":"true","scanMode":64,"nx":41,"ny":15,"basicAngle":0,"lo1":47.0,"la1":41.0,"lo2":87.0,"la2":55.0,"dx":1.0,"dy":1.0}, "data":
[rows 0 to 14 of 15, columns 0 to 40 of 41]
298.3008,290.5008,296.3008,299.1008,299.3008,298.5008,301.2008,304.6008,302.6008,302.6008,301.0008,302.5008,301.5008,300.90082,298.6008,295.8008,295.7008,296.90082,295.1008,298.0008,298.0008,295.40082,294.1008,290.8008,292.7008,291.7008,292.0008,277.5008,276.3008,276.40082,278.6008,281.2008,290.5008,296.3008,299.90082,299.6008,299.5008,299.6008,298.40082,299.90082,301.3008
279.5008,294.7008,299.2008,299.7008,299.6008,297.6008,302.3008,301.3008,300.0008,300.0008,300.2008,298.6008,297.3008,295.8008,294.0008,293.2008,294.1008,292.5008,293.6008,294.3008,294.90082,297.2008,295.90082,289.1008,276.3008,276.2008,286.3008,283.0008,277.90082,274.3008,282.2008,273.7008,282.5008,262.6008,279.6008,295.8008,296.6008,298.40082,300.40082,292.3008,284.0008
297.8008,299.3008,300.1008,299.8008,296.8008,300.6008,300.40082,299.5008,298.3008,297.90082,297.3008,298.0008,295.0008,295.7008,295.3008,293.1008,292.3008,292.1008,292.5008,295.5008,297.3008,295.5008,294.0008,291.8008,295.7008,295.1008,293.6008,293.40082,293.1008,284.3008,275.2008,278.1008,282.3008,282.8008,284.90082,287.2008,280.7008,281.7008,281.5008,277.5008,278.1008
299.7008,299.8008,300.40082,299.5008,298.1008,298.3008,297.8008,297.6008,297.90082,297.8008,297.5008,296.6008,296.8008,295.90082,295.0008,294.1008,295.3008,293.2008,293.40082,293.6008,293.8008,290.2008,295.5008,295.8008,296.8008,300.0008,299.8008,298.40082,295.0008,295.6008,294.40082,291.6008,295.40082,292.1008,293.40082,290.6008,280.7008,279.5008,284.7008,293.1008,296.1008
299.40082,300.5008,301.0008,300.8008,299.3008,298.0008,298.5008,298.7008,297.7008,297.7008,297.3008,296.5008,297.2008,295.90082,292.90082,296.2008,296.8008,295.2008,293.6008,295.8008,296.0008,294.8008,293.3008,294.40082,295.0008,295.1008,297.0008,295.40082,295.6008,294.7008,297.6008,295.2008,284.3008,276.40082,288.6008,295.5008,295.7008,299.90082,299.7008,299.0008,299.1008
298.7008,296.6008,299.90082,300.40082,300.7008,299.90082,298.5008,298.90082,298.40082,297.90082,297.7008,297.2008,295.90082,296.0008,294.90082,295.1008,295.90082,295.7008,294.7008,296.5008,294.90082,294.6008,293.3008,293.40082,293.7008,293.40082,293.8008,293.90082,296.5008,297.3008,297.0008,297.8008,299.1008,295.1008,296.90082,294.40082,290.7008,291.8008,295.8008,298.0008,297.5008
298.3008,297.40082,299.6008,299.3008,298.5008,297.5008,297.40082,297.0008,297.1008,297.6008,297.0008,295.7008,295.2008,294.90082,294.2008,296.5008,296.1008,296.5008,294.8008,293.40082,293.1008,294.2008,294.1008,294.1008,292.40082,293.40082,293.5008,295.40082,294.3008,295.40082,297.2008,296.90082,298.0008,297.2008,294.8008,295.1008,290.40082,288.40082,284.7008,283.0008,293.90082
298.40082,297.7008,298.40082,298.1008,298.5008,298.2008,297.1008,296.40082,295.2008,295.1008,293.6008,293.5008,293.40082,294.2008,295.3008,295.40082,294.8008,294.6008,294.3008,291.1008,291.40082,291.40082,291.40082,291.5008,290.5008,288.7008,288.8008,290.5008,290.3008,291.5008,291.1008,292.0008,292.0008,291.7008,292.40082,295.8008,295.1008,289.3008,294.1008,294.8008,292.1008
296.2008,295.6008,295.90082,294.90082,296.7008,296.0008,295.0008,295.5008,294.3008,293.0008,290.0008,291.1008,290.8008,292.8008,293.6008,293.7008,293.3008,293.3008,292.40082,291.2008,289.2008,290.3008,291.7008,289.90082,288.0008,288.90082,288.2008,285.40082,285.40082,284.8008,286.5008,287.5008,289.3008,290.6008,292.6008,288.8008,288.6008,289.2008,280.90082,281.0008,279.8008
294.1008,294.6008,294.3008,293.7008,294.6008,294.7008,293.5008,293.7008,293.2008,291.40082,290.5008,289.90082,290.0008,291.3008,291.5008,292.90082,291.40082,291.8008,291.8008,291.0008,290.3008,288.90082,290.2008,290.40082,289.7008,288.40082,287.5008,288.5008,287.90082,287.7008,288.2008,289.2008,290.6008,290.8008,291.0008,289.0008,286.7008,284.1008,282.40082,282.7008,281.40082
292.90082,291.90082,292.6008,293.40082,292.6008,292.90082,292.7008,291.8008,291.1008,290.40082,289.5008,288.3008,291.2008,290.7008,288.7008,289.40082,289.3008,289.3008,288.90082,288.0008,289.2008,288.5008,288.40082,288.40082,287.1008,287.1008,286.0008,288.1008,288.7008,290.0008,290.90082,292.0008,291.7008,290.6008,290.1008,288.2008,285.1008,282.7008,282.8008,283.7008,283.40082
289.6008,291.0008,290.6008,291.5008,291.6008,291.6008,290.40082,289.5008,289.6008,288.5008,287.5008,288.7008,289.6008,287.3008,288.8008,289.1008,286.7008,286.90082,287.90082,288.0008,287.3008,286.90082,287.40082,284.7008,284.90082,286.40082,285.3008,288.6008,289.0008,288.90082,288.90082,291.0008,289.40082,290.1008,289.90082,290.40082,289.5008,288.2008,287.1008,287.8008,288.2008
290.2008,289.1008,290.1008,290.5008,291.1008,291.0008,289.7008,288.6008,288.0008,285.2008,284.90082,283.90082,288.3008,287.6008,285.2008,284.5008,284.40082,284.2008,288.1008,288.3008,288.3008,286.8008,284.5008,286.3008,287.3008,287.8008,289.3008,288.6008,288.5008,288.2008,288.7008,287.3008,287.7008,288.3008,287.90082,289.2008,289.5008,289.1008,288.5008,289.0008,287.2008
288.5008,289.40082,291.3008,290.40082,290.1008,289.0008,289.40082,288.40082,287.2008,286.6008,287.7008,283.5008,283.5008,283.6008,284.1008,286.3008,283.5008,285.8008,287.8008,288.1008,288.2008,285.2008,286.40082,286.8008,287.7008,288.0008,286.90082,285.90082,286.2008,283.8008,285.0008,285.6008,287.0008,286.3008,286.90082,286.40082,286.7008,288.2008,288.1008,287.0008,289.1008
290.40082,290.2008,292.7008,289.90082,290.0008,288.3008,287.7008,287.0008,286.40082,290.40082,286.0008,283.2008,281.8008,281.8008,284.6008,283.90082,283.5008,286.3008,287.40082,287.8008,287.2008,286.6008,286.1008,285.6008,286.7008,286.3008,285.3008,285.8008,285.40082,284.90082,281.8008,282.5008,282.3008,283.7008,284.7008,285.7008,286.5008,285.40082,286.3008,288.5008,287.8008
