wind_kz.json
{"header": {"discipline":0,"disciplineName":"Meteorological products","gribEdition":2,"gribLength":1025,"center":7,"centerName":"US National Weather Service - NCEP(WMC)","subcenter":0,"refTime":"2023-08-27T12:00:00.000Z","significanceOfRT":1,"significanceOfRTName":"Start of forecast","productStatus":0,"productStatusName":"Operational products","productType":1,"productTypeName":"Forecast products","productDefinitionTemplate":0,"productDefinitionTemplateName":"Analysis/forecast at horizontal level/layer at a point in time","parameterCategory":2,"parameterCategoryName":"UnknownDiscipline_0_Category_2","parameterNumber":2,"parameterNumberName":"UnknownParameter_D0_C2_2","parameterUnit":"Unknown","genProcessType":2,"genProcessTypeName":"Forecast","forecastTime":60,"surface1Type":103,"surface1TypeName":"Specified height level above ground","surface1Value":10.0,"surface2Type":255,"surface2TypeName":"Missing","surface2Value":0.0,"gridDefinitionTemplate":0,"gridDefinitionTemplateName":"Latitude_Longitude","numberPoints":615,"shape":6,"shapeName":"Earth spherical with radius of 6,371,229.0 m","gridUnits":"degrees","resolution":48,"winds":"true","scanMode":64,"nx":41,"ny":15,"basicAngle":0,"lo1":47.0,"la1":41.0,"lo2":87.0,"la2":55.0,"dx":1.0,"dy":1.0}, "data":
[rows 0 to 14 of 15, columns 0 to 40 of 41]
-4.9214497,1.0685505,0.23855041,-1.1614496,-2.2014496,-2.0514495,-1.1914496,-0.2714496,-3.1314497,-0.9714496,-0.83144957,-1.1914496,-1.0514495,-0.9914496,-0.23144959,-0.58144957,1.9385505,0.6085504,0.6285504,-1.9214495,-2.3114495,-1.4614496,-1.7114496,-2.9614496,-1.2114496,-1.9514496,-2.5214496,-1.2214496,0.33855042,-1.0914496,-1.6714495,2.0685503,1.1785504,1.1185504,-1.7114496,-2.9114497,-2.1714497,-3.6214495,-3.2114496,-1.1214496,0.35855043
2.2185504,-0.58144957,-1.3014495,-1.0314496,-1.9114496,-1.5814496,0.4685504,-1.0314496,0.8185504,0.5285504,1.5285504,0.5685504,0.7985504,-0.3014496,-0.90144956,-0.35144958,2.2285504,-0.9314496,0.6485504,-0.39144957,0.7785504,-0.12144958,0.108550414,-3.8314495,0.018550415,0.8085504,-0.09144959,0.008550415,-2.5214496,-3.0914495,-0.24144958,-0.9314496,3.4785504,-2.6814497,0.5085504,-0.7014496,-0.23144959,1.5485504,0.72855043,1.6885505,1.6185504
-0.3314496,-0.45144957,0.6085504,1.2385504,1.5085504,2.5085504,2.3985505,2.6785505,1.1985505,1.0185504,2.1085503,3.8085504,2.6785505,1.9685504,1.2185504,1.4085504,-1.4514496,0.9985504,0.84855044,3.2285504,1.1685504,1.4385505,-0.10144959,0.7585504,-0.39144957,-1.0414495,-0.9714496,-0.2714496,-1.6914496,-0.21144958,-2.4714496,3.1685505,-0.6614496,-1.1214496,0.53855044,-0.7214496,-0.65144956,0.19855042,-0.42144957,0.6885504,0.5685504
-1.5814496,-1.5914496,1.0085504,1.9485505,0.17855042,2.0885503,1.2185504,1.8785504,1.4685504,2.8585503,3.8685503,4.2285504,6.5585504,6.7985506,3.1885505,2.7285504,-0.071449585,3.5585504,1.0285504,1.7185504,1.6485504,0.7485504,0.8585504,2.5285504,0.48855042,-0.41144958,-0.5414496,-1.4814496,-0.10144959,-2.9014497,-0.111449584,-7.4814496,-3.2514496,-2.9714496,-2.6314497,-2.8514495,-1.8814496,1.4085504,0.21855041,0.16855042,1.1285504
-1.5314496,-1.4914496,-0.15144959,3.5385504,2.2885504,1.3885504,2.1285505,1.8585504,3.6585505,5.48855,5.9085503,4.9085503,8.298551,9.348551,6.8885503,2.6785505,3.2585504,1.5085504,2.6885505,4.98855,2.8285503,2.1785505,5.0185504,1.9385505,0.8585504,-0.6314496,-3.4714496,-2.2914495,-2.1614497,-2.1614497,-3.3814497,-2.5214496,-3.3614495,-0.13144958,1.2985504,-0.18144959,-3.9714496,-3.4114497,-1.9014496,-1.4314495,-2.6314497
0.058550414,-0.83144957,3.8885505,2.2185504,2.9385505,3.6985505,4.0085506,4.5185504,6.7085505,7.3985505,7.8385506,6.9585505,6.9985504,10.088551,9.65855,4.0885506,2.8285503,4.0485506,3.2185504,4.4785504,6.7785506,1.3685504,4.0385504,0.4685504,-0.8914496,-1.0914496,-2.5814495,-4.4614496,-3.5514495,-4.51145,-4.3514495,-3.2614496,-3.5214496,-3.2414496,-0.7214496,-5.7314496,0.18855041,-3.6714497,-0.29144958,-1.5914496,-3.2414496
0.32855043,1.8785504,2.7085505,4.0385504,5.8185506,5.7485504,6.3185506,7.19855,8.36855,9.678551,9.768551,8.77855,6.7485504,7.0185504,7.3885503,5.9985504,3.1685505,2.9685504,3.8385503,1.9285504,4.23855,4.4985504,3.0485504,3.8685503,-1.1014496,-3.9814496,-3.1114495,-3.4914496,-4.78145,-5.5014496,-6.1614494,-4.7514496,-2.4114497,-4.2114496,-5.1314497,-2.9314497,-1.3614496,1.2385504,-3.4914496,1.3085504,1.5485504
2.1085503,2.8485503,4.0485506,5.3785505,5.5785503,5.71855,6.3085504,5.8985505,6.1685505,8.098551,9.468551,9.56855,6.94855,8.848551,5.9185505,4.4785504,4.23855,3.4485505,2.5185504,0.42855042,3.0085504,4.3585505,3.0685503,4.1285505,-1.9814496,-3.9514496,-4.3914495,-3.4914496,-3.2514496,-4.4114494,-4.7714496,-3.6814497,-3.7114496,-1.0514495,-3.5214496,-1.4214495,-1.6114496,-3.0414495,-2.8514495,-2.5314496,-1.3814496
2.1985505,4.4385505,4.44855,4.9585505,4.6585503,5.1085505,3.5285504,3.8085504,4.6485505,6.96855,7.8385506,5.7685504,3.6985505,5.8885503,3.1985505,3.6085503,2.9685504,-1.5814496,-2.7914495,1.8185505,2.4985504,2.1585505,4.1685505,1.7885504,-3.1414497,-3.1014495,-4.03145,-4.2714496,-2.0414495,-3.1314497,-2.9714496,-2.4714496,-1.3714496,-1.5914496,-1.7614496,-1.8714496,-0.8614496,-2.8414495,-1.4414496,-0.3014496,-2.0514495
1.6185504,2.7985504,3.8885505,3.6185503,3.1385505,3.8985505,3.4885504,3.5285504,2.7485504,3.1985505,-0.08144958,-4.0214496,1.8485504,3.9885504,2.3485503,2.4785504,-0.5714496,0.2585504,0.5585504,1.7785504,0.9385504,0.6385504,0.7985504,0.4085504,0.17855042,-2.9514496,-2.3314495,-3.4914496,-2.4614496,-2.8514495,-1.7014496,-1.0714496,-2.4014497,-3.1414497,-2.2614496,-2.2014496,-2.4014497,-0.4014496,-2.7914495,-0.77144957,-0.8814496
1.7485504,1.6885505,2.3385503,2.4785504,2.5885503,4.4385505,2.4285505,3.4385505,3.7985504,2.7585504,2.2085505,2.6985505,0.17855042,2.8785505,2.2185504,1.4185504,-0.011449585,1.3185505,-0.3414496,-1.3214496,0.32855043,-0.8514496,0.14855042,1.1185504,1.1585504,0.6285504,-2.9814496,-1.6714495,-2.7114496,-2.8714495,-2.2214496,-2.9014497,-4.0814495,-2.7014496,-3.0814495,-2.1814497,-1.6914496,-0.5714496,-1.2414496,0.4485504,-1.1414496
1.6585504,2.4585505,2.3385503,2.4585505,2.5685503,2.8485503,3.5285504,3.7085505,4.3285503,4.1285505,3.2085505,4.1285505,4.0385504,2.2785504,2.3285503,2.5385504,0.8285504,1.9685504,0.08855042,0.5285504,0.6385504,0.11855041,-0.031449586,0.7785504,1.2385504,2.2685504,-3.5114496,-4.0614495,-4.5814495,-4.78145,-3.7814496,-3.8814497,-3.2314496,-3.8114495,-2.8814497,-3.3214495,-2.0114496,-1.2814496,-0.6714496,-1.0714496,-0.9414496
1.4585505,2.4985504,2.5885503,2.4485505,2.1385505,1.9885504,3.0485504,2.6585505,4.1085505,3.6385505,2.6385505,3.7885504,2.3185503,2.1485505,0.8085504,1.5385504,0.84855044,0.6385504,-1.4314495,0.21855041,0.4685504,2.0385504,-0.22144958,0.4785504,1.2485504,0.8585504,-4.8914495,-5.30145,-6.0914497,-4.6114497,-4.6114497,-4.1314497,-3.7814496,-3.0114496,-2.6814497,-3.9314497,-3.4214497,-2.2014496,-3.6914496,-2.3514495,-1.2414496
2.0785503,2.1585505,2.8585503,2.7185504,1.9885504,1.9685504,1.9185504,1.4685504,2.5185504,3.1085503,2.3385503,2.3285503,1.1485504,-0.3714496,-0.8014496,1.1985505,0.35855043,-0.9214496,-0.9314496,-0.8514496,1.3985504,1.6385504,1.2385504,-2.0714495,-0.26144958,-4.80145,-5.4214497,-7.4914494,-5.9514494,-5.2514496,-4.6414495,-3.6914496,-3.3714495,-3.6514497,-2.8814497,-3.8214495,-2.9414496,-3.1814497,-2.6414497,-1.7414496,-0.9314496
1.2085505,2.0685503,2.3385503,1.6485504,1.5485504,1.4985504,1.8885504,1.2185504,1.6885505,1.1085504,0.65855044,0.15855041,-0.6114496,-2.3414495,0.49855042,2.8585503,-3.0314496,-1.3214496,-0.6914496,0.6885504,1.1685504,-2.9414496,-2.0714495,-3.0714495,-4.2314496,-6.6714497,-4.9214497,-5.7014494,-5.28145,-4.2714496,-4.7314496,-4.1014495,-3.4214497,-3.2314496,-3.3914497,-3.0314496,-2.9714496,-2.7814496,-2.9414496,-2.2814496,-0.84144956
