wind.json
{"header": {"discipline":0,"disciplineName":"Meteorological products","gribEdition":2,"gribLength":1039,"center":7,"centerName":"US National Weather Service - NCEP(WMC)","subcenter":0,"refTime":"2023-06-29T12:00:00.000Z","significanceOfRT":1,"significanceOfRTName":"Start of forecast","productStatus":0,"productStatusName":"Operational products","productType":1,"productTypeName":"Forecast products","productDefinitionTemplate":0,"productDefinitionTemplateName":"Analysis/forecast at horizontal level/layer at a point in time","parameterCategory":0,"parameterCategoryName":"UnknownDiscipline_0_Category_0","parameterNumber":0,"parameterNumberName":"UnknownParameter_D0_C0_0","parameterUnit":"Unknown","genProcessType":2,"genProcessTypeName":"Forecast","forecastTime":0,"surface1Type":1,"surface1TypeName":"Ground or water surface","surface1Value":0.0,"surface2Type":255,"surface2TypeName":"Missing","surface2Value":0.0,"gridDefinitionTemplate":0,"gridDefinitionTemplateName":"Latitude_Longitude","numberPoints":688,"shape":6,"shapeName":"Earth spherical with radius of 6,371,229.0 m","gridUnits":"degrees","resolution":48,"winds":"true","scanMode":64,"nx":43,"ny":16,"basicAngle":0,"lo1":45.0,"la1":40.0,"lo2":87.0,"la2":55.0,"dx":1.0,"dy":1.0}, "data":
[rows 0 to 15 of 16, columns 0 to 42 of 43]
297.0,289.9,312.9,320.2,319.4,298.9,297.1,295.4,316.7,320.3,325.3,323.8,328.1,325.0,322.7,311.6,321.4,320.7,319.1,317.6,315.0,312.5,309.6,312.3,309.8,306.2,306.8,292.8,285.4,288.5,295.9,304.3,308.7,309.1,312.3,310.6,308.5,304.7,303.4,303.4,304.0,306.0,307.0
296.1,315.0,314.8,299.1,303.0,296.9,296.2,294.8,309.4,323.1,323.4,325.7,321.9,314.0,321.7,321.6,321.4,321.0,319.5,318.0,319.2,317.0,317.8,312.5,312.3,305.5,309.0,312.0,306.4,287.7,288.3,285.1,287.7,294.0,301.3,308.1,296.3,307.0,309.6,305.7,302.4,304.0,305.8
299.3,292.4,289.8,303.5,297.1,296.6,296.0,294.1,322.6,326.6,323.3,322.2,321.9,320.2,318.1,317.6,320.1,321.2,320.6,319.6,317.2,317.2,318.0,312.3,311.5,301.0,290.5,288.9,295.6,288.0,286.1,283.0,287.1,273.8,292.5,270.6,273.3,294.5,299.0,303.1,303.7,294.0,284.0
295.3,300.9,306.0,297.6,296.7,296.4,295.5,317.9,319.9,321.2,322.3,318.2,317.1,318.2,316.2,317.6,319.4,321.4,319.9,317.4,316.8,316.0,316.4,313.5,310.8,304.1,308.8,307.8,307.3,307.7,304.6,286.0,279.7,284.3,288.2,289.9,283.6,290.4,280.1,283.4,287.0,281.3,276.9
310.8,315.2,310.8,298.9,298.7,297.1,301.2,321.1,316.0,315.8,324.3,320.0,317.2,315.2,294.7,294.2,317.4,319.4,316.6,317.2,316.8,315.6,310.7,308.1,312.2,312.3,310.4,310.4,311.2,305.9,305.4,305.0,305.6,300.5,306.3,303.0,304.0,297.1,285.8,282.8,282.9,293.8,295.0
315.6,318.4,316.7,298.9,298.5,299.2,305.9,315.5,321.3,320.7,320.9,319.3,319.1,314.0,295.5,296.3,294.7,319.3,318.8,313.8,310.3,313.4,314.2,315.0,314.0,312.2,311.8,313.0,307.3,302.5,307.8,307.4,307.9,303.4,288.1,279.1,288.3,294.1,297.8,303.9,303.3,307.1,305.7
313.5,319.9,318.9,318.4,298.7,300.2,298.5,297.4,321.3,324.0,322.5,321.2,318.1,312.7,297.1,295.6,300.5,311.7,317.7,318.9,314.9,314.4,312.4,310.5,310.3,310.7,312.0,309.3,307.8,291.8,309.1,309.5,308.4,307.1,304.2,301.9,298.9,298.3,289.5,290.8,302.9,307.0,307.0
314.0,317.5,314.6,317.0,319.9,321.0,313.2,319.5,322.1,323.3,319.7,318.4,311.9,308.4,306.3,313.4,310.6,306.3,311.0,314.7,314.6,312.7,314.1,312.2,309.8,308.8,309.2,309.5,310.2,311.3,310.8,310.9,308.6,308.6,307.4,304.4,302.0,300.7,293.3,289.9,285.7,286.1,299.3
309.7,312.0,318.1,317.3,318.6,318.0,319.5,318.4,321.2,318.4,315.3,312.9,311.6,310.9,312.1,310.5,312.2,302.9,314.6,313.5,312.9,307.7,310.3,310.8,310.3,309.1,306.5,302.8,303.6,304.2,301.0,302.5,301.9,302.3,299.6,297.0,297.6,299.3,300.5,288.6,299.3,298.8,295.6
293.8,311.9,315.7,318.5,319.0,318.1,319.4,317.9,316.6,314.8,313.2,310.7,305.1,303.0,304.0,304.4,310.5,312.9,303.9,310.4,310.4,310.7,306.0,305.8,307.9,306.1,304.5,303.5,300.1,297.7,289.7,294.2,289.0,293.2,296.7,297.0,297.3,292.0,294.1,292.0,281.4,279.6,282.4
296.8,303.2,313.0,309.9,310.5,311.3,312.2,313.0,312.1,311.8,312.1,309.7,306.1,306.2,301.8,298.2,300.7,309.4,311.0,308.9,309.4,309.2,305.8,305.2,306.3,303.4,302.7,300.6,301.1,298.9,296.0,295.7,295.0,292.5,294.1,294.4,291.3,293.9,288.3,285.1,284.3,282.9,282.7
300.8,298.0,305.8,305.4,305.9,307.4,307.1,307.8,307.9,307.8,305.8,305.6,305.5,303.6,305.0,305.1,304.5,304.1,304.3,306.8,305.2,298.0,305.2,303.3,302.7,298.9,299.4,298.8,297.0,298.1,299.0,300.3,300.7,302.4,298.0,295.3,294.3,285.6,286.2,280.7,285.3,284.3,282.0
298.1,299.5,301.2,303.0,304.2,304.5,304.2,304.9,304.0,304.3,303.2,304.2,302.4,300.1,303.1,301.4,300.3,302.6,302.0,303.4,301.3,301.5,299.6,299.7,296.9,299.9,297.5,299.7,299.0,300.7,302.2,301.0,297.7,299.4,297.6,292.5,292.4,290.2,289.5,291.7,289.1,289.4,288.6
297.0,295.9,297.4,299.4,302.0,302.2,302.6,301.1,298.7,303.9,294.0,298.3,297.8,294.0,291.7,293.0,297.7,294.5,292.7,298.0,299.9,297.7,297.7,290.8,291.2,292.8,297.8,296.1,299.3,297.6,299.5,294.1,300.2,298.6,291.6,295.1,291.5,292.0,293.6,290.0,288.9,287.3,287.1
295.0,292.1,296.0,299.2,294.8,299.6,298.9,298.8,296.4,296.4,299.0,299.6,295.9,293.7,294.9,296.8,297.5,290.6,297.0,290.7,291.1,289.9,292.2,296.2,292.2,297.6,295.5,293.9,297.5,296.2,287.9,287.4,289.8,293.4,293.8,295.0,292.4,293.3,294.2,294.3,292.1,286.7,288.6
289.2,292.0,290.8,293.4,290.6,297.8,299.1,299.1,297.3,298.6,298.1,298.9,297.7,291.9,291.2,295.6,296.1,292.7,290.0,291.6,298.2,294.5,294.7,293.5,292.0,293.2,292.8,293.0,292.7,292.0,291.3,288.1,291.0,286.3,294.2,292.0,292.2,294.0,293.5,291.2,290.3,288.8,285.7
