wind_kz.json
{"header": {"discipline":0,"disciplineName":"Meteorological products","gribEdition":2,"gribLength":794,"center":7,"centerName":"US National Weather Service - NCEP(WMC)","subcenter":0,"refTime":"2023-08-25T12:00:00.000Z","significanceOfRT":1,"significanceOfRTName":"Start of forecast","productStatus":0,"productStatusName":"Operational products","productType":1,"productTypeName":"Forecast products","productDefinitionTemplate":0,"productDefinitionTemplateName":"Analysis/forecast at horizontal level/layer at a point in time","parameterCategory":2,"parameterCategoryName":"UnknownDiscipline_0_Category_2","parameterNumber":2,"parameterNumberName":"UnknownParameter_D0_C2_2","parameterUnit":"Unknown","genProcessType":2,"genProcessTypeName":"Forecast","forecastTime":180,"surface1Type":103,"surface1TypeName":"Specified height level above ground","surface1Value":10.0,"surface2Type":255,"surface2TypeName":"Missing","surface2Value":0.0,"gridDefinitionTemplate":0,"gridDefinitionTemplateName":"Latitude_Longitude","numberPoints":615,"shape":6,"shapeName":"Earth spherical with radius of 6,371,229.0 m","gridUnits":"degrees","resolution":48,"winds":"true","scanMode":64,"nx":41,"ny":15,"basicAngle":0,"lo1":47.0,"la1":41.0,"lo2":87.0,"la2":55.0,"dx":1.0,"dy":1.0}, "data":
[rows 0 to 14 of 15, columns 0 to 40 of 41]
-1.6556152,-0.45561522,0.24438477,-3.2556152,-2.1556153,-2.3556151,-3.4556153,-3.8556151,-4.5556154,-2.6556153,-2.4556153,-2.0556152,-3.2556152,-3.1556153,-3.0556152,-3.4556153,-0.55561525,0.14438477,-1.5556152,-1.0556152,-0.45561522,0.64438474,0.74438477,0.14438477,0.14438477,-0.45561522,-3.0556152,-0.75561523,0.94438475,-0.35561523,1.1443847,-1.7556152,6.544385,13.244385,3.0443847,-3.2556152,-4.455615,-4.1556153,-4.355615,-2.3556151,-6.955615
1.7443848,0.14438477,-3.7556152,-3.6556153,-3.6556153,-4.5556154,-3.9556153,-4.0556154,-2.0556152,-0.35561523,-0.9556152,-2.8556151,-1.5556152,-2.4556153,-2.5556152,-2.3556151,-0.25561523,-0.6556152,-0.85561526,-1.2556152,0.94438475,2.0443847,1.2443848,-0.9556152,1.0443847,0.64438474,-0.55561525,-0.15561524,1.3443848,-0.6556152,0.24438477,-0.35561523,-2.4556153,-0.25561523,1.5443847,-0.055615235,-0.25561523,0.44438475,0.24438477,0.44438475,-4.0556154
-1.2556152,-5.1556153,-5.0556154,-3.7556152,-3.9556153,-3.9556153,-2.9556153,-1.2556152,0.044384766,1.3443848,2.8443847,2.9443848,1.1443847,-1.3556153,-0.45561522,-0.6556152,-0.85561526,1.5443847,2.3443847,2.2443848,1.4443848,2.3443847,0.64438474,0.44438475,0.44438475,0.14438477,1.2443848,1.2443848,-0.9556152,-0.6556152,-1.4556153,0.14438477,-1.0556152,-0.45561522,-1.5556152,-0.6556152,-0.35561523,-0.35561523,3.9443848,1.4443848,-0.25561523
-3.8556151,-6.1556153,-6.0556154,-6.355615,-4.755615,-2.6556153,-0.35561523,-2.5556152,-1.5556152,-2.0556152,-0.9556152,-0.055615235,0.44438475,1.3443848,1.8443848,0.74438477,2.1443849,2.1443849,2.9443848,3.5443847,2.5443847,1.5443847,2.4443848,4.644385,1.6443847,2.1443849,2.2443848,0.044384766,2.3443847,-0.45561522,-1.2556152,-1.1556152,-3.8556151,-4.1556153,-2.3556151,0.44438475,0.34438476,1.0443847,0.24438477,4.744385,6.544385
-3.3556151,-4.455615,-5.1556153,-5.255615,-3.9556153,-1.7556152,-1.0556152,0.14438477,0.74438477,1.2443848,0.34438476,-0.75561523,2.2443848,0.14438477,-3.6556153,-0.9556152,1.9443848,2.3443847,2.3443847,3.1443849,2.8443847,5.744385,5.4443846,5.044385,6.144385,3.2443848,-0.45561522,2.4443848,2.2443848,-0.055615235,1.0443847,-0.35561523,-1.7556152,0.24438477,-0.75561523,-0.055615235,9.644384,9.844385,5.9443846,5.244385,5.644385
-2.0556152,-1.7556152,-1.1556152,-0.75561523,-0.35561523,-0.055615235,-1.0556152,0.34438476,0.044384766,-0.9556152,-2.3556151,-2.6556153,-1.9556153,0.14438477,2.8443847,2.3443847,3.8443847,3.7443848,4.244385,4.4443846,4.9443846,4.644385,7.044385,6.544385,4.9443846,4.244385,2.5443847,3.1443849,-0.15561524,1.1443847,2.0443847,3.8443847,0.044384766,-0.75561523,0.94438475,-1.9556153,2.7443848,6.544385,15.544385,6.744385,0.74438477
2.1443849,1.8443848,1.4443848,1.2443848,-1.2556152,-1.1556152,-1.2556152,0.24438477,-1.2556152,-1.1556152,-0.45561522,0.94438475,2.8443847,3.1443849,2.8443847,2.5443847,3.8443847,2.4443848,2.9443848,3.1443849,3.7443848,4.744385,6.744385,6.3443847,2.2443848,1.5443847,5.144385,2.0443847,1.6443847,0.5443848,2.1443849,1.0443847,2.3443847,1.5443847,-0.45561522,0.5443848,-0.85561526,-0.85561526,2.9443848,0.24438477,5.044385
-3.2556152,-3.0556152,-2.8556151,-2.7556152,-2.2556152,-1.4556153,-0.9556152,-1.1556152,-0.35561523,0.44438475,2.1443849,2.5443847,0.044384766,0.044384766,0.74438477,2.0443847,2.2443848,2.6443849,3.4443848,4.544385,5.744385,5.744385,6.3443847,5.3443847,5.544385,2.3443847,2.3443847,1.3443848,1.0443847,0.8443848,2.2443848,2.7443848,-1.6556152,0.8443848,1.8443848,5.744385,5.9443846,4.4443846,8.244385,11.844385,7.644385
-2.9556153,-2.5556152,-2.2556152,-1.8556153,-1.2556152,-0.9556152,-0.35561523,-1.0556152,-1.2556152,0.044384766,-1.7556152,-1.2556152,0.64438474,0.74438477,2.8443847,2.5443847,2.9443848,3.4443848,4.4443846,5.244385,5.744385,5.9443846,5.9443846,3.0443847,2.2443848,-0.6556152,1.2443848,2.5443847,0.64438474,-0.55561525,1.1443847,0.8443848,3.1443849,0.5443848,3.2443848,3.1443849,0.94438475,3.3443847,-0.45561522,0.14438477,0.044384766
-1.3556153,-0.9556152,-0.6556152,-0.15561524,-0.45561522,0.14438477,-0.15561524,-0.35561523,-1.1556152,-1.8556153,0.24438477,0.8443848,-0.6556152,1.4443848,2.8443847,3.6443849,3.6443849,4.3443847,3.2443848,4.8443847,5.9443846,4.8443847,2.6443849,1.4443848,2.0443847,-1.0556152,1.0443847,2.1443849,4.3443847,0.94438475,0.044384766,1.7443848,0.8443848,1.5443847,1.8443848,0.24438477,-0.9556152,-0.75561523,0.94438475,1.1443847,0.8443848
0.14438477,-0.25561523,-0.15561524,0.044384766,0.044384766,0.34438476,1.0443847,0.34438476,-0.85561526,0.24438477,1.1443847,1.4443848,2.4443848,3.1443849,3.7443848,3.7443848,3.5443847,4.244385,2.5443847,3.7443848,2.6443849,2.3443847,2.5443847,3.3443847,-1.2556152,-0.45561522,0.64438474,1.4443848,1.6443847,0.8443848,2.1443849,0.74438477,2.5443847,-0.15561524,2.1443849,-1.3556153,-0.85561526,1.0443847,0.34438476,0.44438475,-0.25561523
-0.6556152,0.34438476,0.44438475,0.64438474,0.8443848,0.34438476,-0.055615235,0.14438477,0.74438477,0.94438475,0.64438474,2.8443847,2.2443848,2.5443847,3.1443849,3.5443847,3.8443847,4.544385,1.9443848,3.2443848,2.3443847,2.3443847,-0.6556152,1.3443848,0.044384766,0.8443848,1.3443848,0.5443848,1.2443848,2.8443847,1.7443848,4.744385,0.044384766,-1.9556153,-0.15561524,-2.2556152,-2.7556152,-0.35561523,0.24438477,0.44438475,0.044384766
0.8443848,0.8443848,1.4443848,1.5443847,0.74438477,0.64438474,0.94438475,0.8443848,1.4443848,0.44438475,0.44438475,1.9443848,2.3443847,2.4443848,2.7443848,3.2443848,3.3443847,3.6443849,2.2443848,2.3443847,1.4443848,0.8443848,1.1443847,0.044384766,1.9443848,-0.85561526,1.9443848,2.9443848,4.3443847,2.8443847,1.7443848,1.4443848,-3.2556152,-3.2556152,-2.6556153,-2.8556151,-2.4556153,-1.3556153,-1.7556152,-1.0556152,0.044384766
1.4443848,1.2443848,0.74438477,0.74438477,1.0443847,1.2443848,1.1443847,1.2443848,1.1443847,0.8443848,0.24438477,1.2443848,2.7443848,2.2443848,2.7443848,2.6443849,3.0443847,2.8443847,2.3443847,1.0443847,0.8443848,1.1443847,-0.055615235,1.3443848,-0.6556152,3.0443847,2.9443848,3.0443847,-2.2556152,-0.85561526,1.2443848,-1.2556152,-2.9556153,-3.2556152,-2.4556153,-2.5556152,-1.5556152,-2.1556153,-0.85561526,-0.6556152,1.5443847
1.1443847,1.3443848,1.6443847,0.8443848,1.7443848,1.4443848,1.7443848,1.6443847,1.4443848,0.44438475,-0.45561522,1.1443847,1.6443847,1.9443848,2.4443848,2.5443847,2.7443848,2.8443847,1.8443848,-0.055615235,0.34438476,0.14438477,0.74438477,0.8443848,0.64438474,-2.0556152,0.044384766,-2.1556153,-0.6556152,1.1443847,-2.3556151,-1.5556152,-2.7556152,-2.7556152,-2.6556153,-2.4556153,-1.5556152,-1.6556152,-0.25561523,-0.55561525,-0.25561523
