wind_kz.json
{"header": {"discipline":0,"disciplineName":"Meteorological products","gribEdition":2,"gribLength":948,"center":7,"centerName":"US National Weather Service - NCEP(WMC)","subcenter":0,"refTime":"2023-09-28T00:00:00.000Z","significanceOfRT":1,"significanceOfRTName":"Start of forecast","productStatus":0,"productStatusName":"Operational products","productType":1,"productTypeName":"Forecast products","productDefinitionTemplate":0,"productDefinitionTemplateName":"Analysis/forecast at horizontal level/layer at a point in time","parameterCategory":0,"parameterCategoryName":"UnknownDiscipline_0_Category_0","parameterNumber":0,"parameterNumberName":"UnknownParameter_D0_C0_0","parameterUnit":"Unknown","genProcessType":2,"genProcessTypeName":"Forecast","forecastTime":300,"surface1Type":1,"surface1TypeName":"Ground or water surface","surface1Value":0.0,"surface2Type":255,"surface2TypeName":"Missing","surface2Value":0.0,"gridDefinitionTemplate":0,"gridDefinitionTemplateName":"Latitude_Longitude","numberPoints":615,"shape":6,"shapeName":"Earth spherical with radius of 6,371,229.0 m","gridUnits":"degrees","resolution":48,"winds":"true","scanMode":64,"nx":41,"ny":15,"basicAngle":0,"lo1":47.0,"la1":41.0,"lo2":87.0,"la2":55.0,"dx":1.0,"dy":1.0}, "data":
[rows 0 to 14 of 15, columns 0 to 40 of 41]
302.56375,293.16376,298.26373,293.26373,293.16376,292.66376,301.76373,305.16376,301.96375,302.66376,301.56375,302.06375,301.36374,301.26373,301.16376,300.86374,300.76373,300.86374,301.56375,301.46375,302.66376,299.36374,299.46375,293.36374,295.86374,297.66376,292.26373,280.56375,277.86374,273.66376,264.26373,274.66376,287.56375,293.56375,293.26373,293.56375,294.06375,292.76373,292.06375,291.06375,289.06375
279.36374,296.26373,292.86374,292.86374,292.86374,291.36374,305.76373,302.36374,300.36374,300.26373,301.06375,300.56375,301.86374,300.96375,300.36374,300.06375,300.56375,300.96375,299.76373,299.86374,299.86374,299.56375,297.06375,287.66376,272.26373,271.16376,286.26373,280.06375,280.56375,267.06375,278.46375,259.66376,275.26373,251.46375,273.46375,290.16376,287.86374,290.06375,293.06375,285.86374,283.86374
300.66376,292.46375,292.56375,292.36374,290.66376,302.26373,300.46375,300.56375,299.46375,298.56375,297.96375,299.46375,300.26373,299.96375,299.16376,298.86374,298.96375,298.76373,298.96375,299.36374,300.56375,298.56375,298.76373,291.36374,295.26373,292.96375,293.96375,293.66376,291.96375,281.66376,270.06375,275.56375,280.36374,279.86374,281.36374,280.46375,271.36374,275.86374,277.26373,272.16376,270.86374
300.56375,291.56375,292.16376,291.56375,293.66376,300.16376,300.16376,299.46375,299.36374,298.66376,297.06375,294.16376,289.46375,289.06375,298.36374,298.06375,297.46375,298.06375,298.16376,298.76373,298.36374,292.76373,296.56375,296.66376,296.26373,295.96375,295.96375,292.86374,290.26373,291.46375,292.06375,288.36374,293.36374,289.06375,287.66376,284.06375,273.16376,265.16376,277.86374,284.96375,289.36374
299.16376,290.46375,291.06375,290.16376,294.26373,299.96375,299.76373,299.66376,298.26373,297.46375,296.56375,293.56375,288.26373,287.26373,286.46375,297.06375,296.76373,296.56375,296.96375,296.86374,297.26373,297.46375,296.46375,296.16376,295.56375,294.26373,291.26373,290.26373,292.26373,291.96375,294.26373,290.96375,277.86374,268.06375,280.86374,289.76373,290.76373,292.06375,292.36374,292.36374,291.76373
298.26373,297.56375,289.16376,290.06375,290.06375,289.56375,299.26373,298.46375,297.26373,297.06375,297.16376,296.76373,289.26373,288.06375,291.76373,294.96375,296.26373,295.26373,295.46375,296.36374,295.66376,294.76373,294.76373,294.26373,293.66376,291.66376,290.86374,286.06375,292.86374,293.16376,291.06375,292.36374,290.96375,288.16376,284.36374,286.86374,279.96375,282.16376,289.16376,290.16376,290.16376
299.86374,299.06375,298.96375,298.26373,295.16376,299.06375,298.96375,296.76373,297.66376,297.36374,296.76373,296.06375,295.16376,295.26373,294.46375,294.56375,294.66376,295.36374,294.96375,294.06375,293.06375,293.06375,293.36374,293.66376,292.16376,292.06375,290.86374,291.96375,290.76373,291.46375,290.96375,290.76373,290.16376,290.96375,289.66376,286.66376,280.96375,277.96375,275.76373,275.66376,285.66376
299.86374,298.16376,299.06375,299.66376,299.76373,299.26373,299.86374,297.76373,297.96375,297.16376,296.76373,295.86374,294.56375,294.66376,294.76373,294.76373,293.56375,294.76373,294.36374,292.56375,291.86374,291.56375,291.16376,290.66376,289.76373,287.66376,287.36374,288.66376,287.06375,288.16376,287.46375,287.16376,285.76373,284.16376,283.26373,285.76373,286.86374,284.76373,285.46375,286.16376,282.86374
299.16376,297.86374,298.06375,298.86374,298.26373,297.96375,297.16376,296.76373,296.46375,295.86374,295.16376,294.66376,293.36374,294.16376,293.26373,294.36374,293.56375,293.46375,292.16376,291.26373,289.76373,289.26373,289.56375,289.16376,287.46375,287.06375,285.16376,284.16376,283.36374,282.26373,283.26373,283.66376,284.46375,284.36374,283.36374,281.56375,282.26373,281.16376,269.96375,271.66376,269.16376
298.96375,298.66376,298.16376,296.86374,296.76373,295.86374,294.86374,293.96375,294.86374,294.06375,293.16376,292.66376,293.16376,292.66376,292.46375,292.46375,292.56375,292.46375,291.86374,291.06375,289.56375,288.76373,289.06375,288.46375,287.66376,286.06375,285.76373,284.86374,284.06375,283.66376,283.46375,284.86374,285.76373,285.16376,284.16376,283.06375,279.96375,275.96375,272.36374,274.06375,271.66376
297.06375,296.86374,295.56375,294.76373,294.66376,293.16376,294.16376,292.66376,293.26373,293.16376,292.46375,291.96375,291.86374,290.76373,291.36374,291.46375,291.36374,291.76373,291.06375,289.96375,289.66376,288.46375,288.06375,287.76373,286.76373,286.16376,284.26373,286.16376,285.96375,286.56375,286.26373,286.26373,284.96375,285.36374,284.96375,282.36374,277.56375,275.76373,276.46375,276.76373,273.56375
295.56375,296.36374,295.36374,294.16376,292.16376,291.06375,291.16376,292.26373,292.96375,292.46375,289.86374,290.66376,290.96375,289.46375,289.96375,290.06375,289.96375,289.56375,289.46375,288.96375,287.76373,286.96375,285.96375,286.26373,285.36374,286.36374,286.36374,287.06375,287.06375,286.96375,285.86374,285.36374,285.56375,282.96375,283.76373,283.16376,283.46375,283.96375,282.86374,281.96375,279.76373
291.26373,292.46375,293.26373,292.46375,290.46375,290.56375,290.56375,290.66376,290.86374,290.86374,287.66376,286.36374,289.16376,288.16376,289.06375,288.96375,289.26373,288.16376,288.46375,287.36374,286.86374,285.46375,284.46375,284.06375,285.46375,286.36374,287.56375,286.56375,286.46375,285.86374,285.96375,285.36374,284.86374,283.66376,283.76373,283.66376,283.06375,284.96375,282.76373,281.76373,282.26373
291.56375,290.96375,287.16376,289.96375,289.56375,289.16376,288.66376,288.66376,290.46375,289.96375,286.66376,284.56375,286.86374,287.56375,287.66376,288.16376,287.86374,286.96375,287.06375,287.06375,286.76373,286.26373,286.56375,286.46375,286.66376,286.56375,286.06375,286.06375,285.16376,285.26373,284.86374,284.16376,283.56375,282.96375,283.86374,282.66376,283.36374,282.16376,283.26373,282.16376,282.56375
288.16376,289.16376,284.36374,288.96375,289.46375,289.06375,289.06375,288.76373,289.36374,288.46375,287.26373,285.86374,284.46375,285.36374,286.06375,287.06375,286.56375,286.06375,286.56375,286.66376,286.76373,286.46375,285.96375,285.36374,285.16376,284.96375,284.46375,284.06375,283.76373,283.16376,283.26373,283.36374,282.36374,282.06375,282.16376,282.36374,283.96375,282.06375,283.16376,282.26373,281.86374
