wind_kz.json
{"header": {"discipline":0,"disciplineName":"Meteorological products","gribEdition":2,"gribLength":1025,"center":7,"centerName":"US National Weather Service - NCEP(WMC)","subcenter":0,"refTime":"2023-10-02T06:00:00.000Z","significanceOfRT":1,"significanceOfRTName":"Start of forecast","productStatus":0,"productStatusName":"Operational products","productType":1,"productTypeName":"Forecast products","productDefinitionTemplate":0,"productDefinitionTemplateName":"Analysis/forecast at horizontal level/layer at a point in time","parameterCategory":2,"parameterCategoryName":"UnknownDiscipline_0_Category_2","parameterNumber":2,"parameterNumberName":"UnknownParameter_D0_C2_2","parameterUnit":"Unknown","genProcessType":2,"genProcessTypeName":"Forecast","forecastTime":60,"surface1Type":103,"surface1TypeName":"Specified height level above ground","surface1Value":10.0,"surface2Type":255,"surface2TypeName":"Missing","surface2Value":0.0,"gridDefinitionTemplate":0,"gridDefinitionTemplateName":"Latitude_Longitude","numberPoints":615,"shape":6,"shapeName":"Earth spherical with radius of 6,371,229.0 m","gridUnits":"degrees","resolution":48,"winds":"true","scanMode":64,"nx":41,"ny":15,"basicAngle":0,"lo1":47.0,"la1":41.0,"lo2":87.0,"la2":55.0,"dx":1.0,"dy":1.0}, "data":
[rows 0 to 14 of 15, columns 0 to 40 of 41]
2.2778156,-0.81218445,3.1278155,5.6178155,4.6778154,6.8978157,2.8978155,3.1178155,2.4878156,-2.8421845,-4.0521846,-4.7321844,-5.1221843,-5.182184,-4.7321844,-4.3721843,-2.8621845,-1.8421844,-2.6521845,-2.9321845,-2.4421844,-1.3521844,-1.0521845,-2.3921845,0.5978156,-1.9921844,-2.7921844,-0.11218445,1.0978155,1.1878155,-0.11218445,1.1078155,0.027815552,0.007815552,2.3178155,2.0378156,1.5478156,2.6878157,2.2578156,0.24781555,0.85781556
-0.7821844,2.7878156,4.4378157,4.7378154,3.8178155,2.3278155,-3.5921845,-1.1521845,-5.4921846,-4.9521847,-3.8621845,-5.6521845,-6.3221846,-5.432184,-3.8021843,-3.4921844,-2.6721845,-3.0421844,-1.5821844,-0.98218447,-0.24218445,-0.9621844,0.49781555,-2.3821845,0.82781553,0.69781554,0.007815552,1.9078156,-0.9621844,-0.15218444,0.33781555,0.33781555,-1.2321844,-2.2921844,0.077815555,1.1578156,1.0078156,0.73781556,0.05781555,1.0778155,-3.9721844
0.87781554,1.9478155,2.2178156,2.4478157,2.7378156,-2.5021844,-6.1521845,-6.5321846,-6.7721844,-5.5121846,-4.4121842,-6.6621842,-5.3221846,-4.4821844,-4.1921844,-3.6721845,-3.6221845,-2.7021844,-1.5921844,-0.37218446,1.8278155,-0.0021844483,-2.1321845,-2.1121845,0.99781555,-1.5621845,-1.5921844,-0.08218445,-1.8521844,-0.98218447,-0.41218445,1.4978156,0.05781555,-0.26218444,-0.52218443,-1.1921844,0.16781555,0.027815552,3.3778155,2.9078155,1.8078156
0.41781557,1.1078155,2.3178155,1.2078155,-3.4121845,-1.6221844,-2.9021845,-6.7321844,-3.6721845,-5.8621845,-5.2521844,-6.432184,-7.3921843,-5.1221843,-3.0521843,-3.0021844,-3.4521844,-3.0121844,-1.4021845,-0.94218445,-1.8221844,-2.1121845,-0.42218444,-2.8321846,-4.2921844,-5.0621843,-3.8421845,-6.9421844,-2.9321845,-1.6521845,-0.74218446,-1.4521844,-1.3121845,-2.0421844,-2.2721844,-1.7121844,-1.8621844,1.8778156,0.61781555,-0.9021844,0.36781555
-2.3421845,-3.8221846,-5.1221843,-6.1521845,-4.6321845,-2.9521844,-3.6221845,-2.9521844,-2.8121843,-4.0921845,-4.3921843,-4.9521847,-5.0021844,-4.3621845,-3.3921845,-2.7321844,-2.6321845,-1.9021845,-1.1221844,-2.4221845,-2.8321846,-3.0021844,-2.6121845,-3.0521843,-4.3821845,-5.5821843,-5.5721846,-4.0621843,-4.2421846,-3.9721844,-3.3721845,-1.9021845,-1.9321845,1.0378156,0.98781556,0.8478156,0.10781555,-0.92218447,-0.9021844,-1.8321844,-2.6821845
-1.9021845,-2.2021844,-4.2421846,-5.5821843,-0.58218443,-1.7121844,-2.3421845,-2.2421844,-1.9121845,-3.4521844,-3.4021845,-3.3621845,-3.0321844,-4.6421843,-4.1021843,-2.2421844,-2.5921845,-1.8721844,-1.3321844,-1.9421844,-1.8621844,-1.4921844,-1.9821844,-4.0621843,-4.7621846,-4.8521843,-3.2521844,-4.5321846,-3.4821844,-3.2621844,-3.0721846,-2.2121844,-3.7321844,-3.1621845,-2.0121844,-1.0821844,-0.13218445,-0.21218444,3.1078155,-4.5121846,-3.5721846
-1.8721844,-0.46218446,-1.2121844,-2.3021843,2.3678155,0.92781556,0.38781556,-1.1421845,-1.8421844,-1.3421844,-1.7821845,-1.6521845,-1.7121844,-3.3221846,-3.1921844,-2.6921844,-1.9621844,-1.3321844,-2.0521843,-2.7721844,-2.2421844,-2.4821844,-2.7821844,-3.3721845,-2.7921844,-2.7221844,-1.2221844,-1.6321845,-2.4821844,-2.5521843,-2.0121844,-2.3821845,-2.2921844,-1.5821844,-2.3621845,-2.2521844,-1.2521844,1.4278156,-0.46218446,-0.62218446,1.9578155
-0.74218446,1.1578156,1.7478156,2.0378156,-1.4421844,-2.4521844,-3.4421844,-2.7821844,-2.9421844,-1.8421844,-2.6921844,-2.2021844,-2.9821844,-2.8721845,-2.8521845,-2.9021845,-2.2821844,-2.2021844,-2.2421844,-2.4521844,-1.4321845,-2.4921844,-1.9821844,-2.4321845,0.41781557,-0.43218446,-0.34218445,-1.5421845,-1.4021845,-2.7721844,-2.4121845,-3.4121845,-3.7521844,-1.2521844,-2.7321844,-0.57218444,-0.76218444,0.9578155,1.4178156,3.0378156,0.33781555
0.80781555,-0.55218446,0.61781555,1.0378156,0.23781556,0.7778156,-0.86218446,-1.9121845,-2.6021845,-2.2121844,-3.2421844,-2.3121843,-0.28218445,-0.55218446,-0.9621844,-1.5721844,-1.8121845,-2.3021843,-2.0021844,-2.2921844,-2.7021844,-1.9821844,-2.4421844,-1.5421845,-1.1221844,-0.94218445,-0.64218444,-0.0021844483,0.88781554,-0.27218446,-1.5821844,-2.1221845,-1.5621845,-1.5821844,-0.51218444,-0.51218444,-0.22218445,-2.2221844,-1.4821844,0.12781554,-1.7421844
0.36781555,1.4278156,1.4778155,0.41781557,0.79781556,1.7978156,1.5478156,0.34781554,1.1378156,-0.64218444,1.0878155,0.93781555,1.4178156,2.2478156,2.2478156,2.4878156,2.0178156,0.55781555,-0.44218445,-0.94218445,-0.32218444,0.24781555,0.08781555,-0.39218444,-2.0421844,-1.9721844,-1.8621844,-1.4521844,-0.52218443,-0.18218444,-0.47218445,-0.34218445,-1.0621845,0.35781556,0.41781557,-0.40218446,-1.8021845,-0.22218445,-1.0021844,-0.11218445,-0.5321844
2.4778156,1.9878155,1.4378155,0.38781556,1.9478155,0.99781555,-0.052184448,1.0378156,1.2178155,1.6378156,2.1578155,1.6878155,1.3578155,2.2278156,3.3578155,3.2078156,2.8978155,3.0778155,1.6078155,1.7378155,2.0378156,1.7078155,1.3478155,1.3978156,-0.0021844483,0.21781555,0.54781556,1.0278156,0.46781555,-0.51218444,-0.40218446,-0.04218445,-0.07218445,0.28781554,0.60781556,-0.45218444,-1.0121845,0.37781554,-0.63218445,0.88781554,-0.88218445
1.4778155,2.1378155,2.1378155,1.9678155,1.5078156,1.0578156,0.75781554,0.98781556,1.7478156,1.6178155,0.81781554,2.7578156,2.5278156,3.2378156,3.9978156,3.5178156,3.2578156,3.2878156,1.7178155,2.3178155,2.0178156,2.7678156,2.4378157,2.1578155,2.1278155,2.5078156,2.1178155,2.2778156,1.9978156,0.48781556,0.73781556,1.8378155,0.6478155,0.15781555,-0.06218445,-0.35218444,-0.102184445,-0.21218444,0.10781555,-0.30218446,-0.052184448
3.0778155,2.1878157,2.1378155,1.8778156,1.6778156,1.3178155,1.6978155,1.5678155,2.4378157,1.5678155,0.43781555,2.5378156,3.4178154,4.0878158,4.4078155,3.5778155,3.4778156,2.7678156,2.1978157,2.5378156,1.3478155,1.6778156,2.1178155,2.1878157,3.6278155,3.1278155,3.4678156,3.3178155,1.8178155,1.5378156,1.3778156,1.6978155,1.3878156,0.09781555,0.51781553,0.35781556,0.79781556,-0.64218444,-0.21218444,-0.39218444,-0.56218445
4.6678157,3.5978155,2.3878155,3.0278156,1.6378156,1.2878156,1.8478155,1.9678155,1.1178155,1.7078155,0.24781555,1.0778155,2.1678154,3.0378156,3.5178156,2.9878156,3.2178156,2.9778156,1.9778155,2.5878155,3.0978155,3.3378155,3.6778154,2.9578156,2.4978156,3.0578156,2.6278155,2.6378155,2.0878155,1.9578155,1.8778156,1.7678156,1.5478156,1.5578156,1.3678155,1.0078156,0.67781556,0.63781554,-0.6621845,0.16781555,-0.0021844483
4.2578154,5.1578155,4.8578157,3.7578156,3.1178155,4.1278157,4.2878156,3.1678154,2.6678154,2.7878156,1.1378156,4.9278154,3.6978157,2.1478155,2.9378157,2.7178156,2.9078155,3.3778155,2.7278156,2.4878156,2.4978156,2.7278156,3.0378156,2.8778155,3.4778156,3.4778156,3.6278155,2.1778154,2.0778155,1.8778156,2.6278155,2.5278156,1.8378155,1.8478155,1.7978156,2.0778155,0.73781556,1.3078156,1.3578155,0.56781554,-0.99218446
