wind_kz.json
{"header": {"discipline":0,"disciplineName":"Meteorological products","gribEdition":2,"gribLength":1025,"center":7,"centerName":"US National Weather Service - NCEP(WMC)","subcenter":0,"refTime":"2023-09-09T00:00:00.000Z","significanceOfRT":1,"significanceOfRTName":"Start of forecast","productStatus":0,"productStatusName":"Operational products","productType":1,"productTypeName":"Forecast products","productDefinitionTemplate":0,"productDefinitionTemplateName":"Analysis/forecast at horizontal level/layer at a point in time","parameterCategory":2,"parameterCategoryName":"UnknownDiscipline_0_Category_2","parameterNumber":2,"parameterNumberName":"UnknownParameter_D0_C2_2","parameterUnit":"Unknown","genProcessType":2,"genProcessTypeName":"Forecast","forecastTime":120,"surface1Type":103,"surface1TypeName":"Specified height level above ground","surface1Value":10.0,"surface2Type":255,"surface2TypeName":"Missing","surface2Value":0.0,"gridDefinitionTemplate":0,"gridDefinitionTemplateName":"Latitude_Longitude","numberPoints":615,"shape":6,"shapeName":"Earth spherical with radius of 6,371,229.0 m","gridUnits":"degrees","resolution":48,"winds":"true","scanMode":64,"nx":41,"ny":15,"basicAngle":0,"lo1":47.0,"la1":41.0,"lo2":87.0,"la2":55.0,"dx":1.0,"dy":1.0}, "data":
[rows 0 to 14 of 15, columns 0 to 40 of 41]
-1.5127728,0.41722718,0.25722718,-0.70277286,-1.6227728,-2.0027728,-0.34277284,-3.382773,-5.612773,-1.7027729,-4.962773,-6.132773,-5.032773,-5.1627727,-4.6627727,-4.152773,-3.3427727,-1.1727729,-3.5927727,-0.58277285,1.5372272,1.3372272,1.0872272,-0.9227728,-1.1227728,-2.2227728,-2.5227728,0.06722717,1.4672272,0.65722716,0.9272272,-0.39277282,-1.2527728,-2.0927727,-8.022773,-5.8127728,-4.382773,-3.5527728,-3.672773,-2.872773,-0.7627728
2.3072271,2.077227,-1.1027728,-1.1727729,-2.362773,-4.1227727,-3.382773,-5.132773,-4.302773,-3.672773,-3.8427727,-5.6427727,-4.742773,-5.192773,-4.242773,-3.3327727,-1.8727728,-4.092773,-2.382773,0.27722716,0.5072272,-0.78277284,1.1472272,-2.3427727,-0.41277283,0.83722717,-0.5527728,1.8872272,-0.43277282,-0.53277284,0.36722717,0.117227174,0.89722717,-1.5727729,0.21722718,-1.5727729,-0.30277282,0.9872272,0.44722718,-0.13277283,-3.1927729
2.4372272,1.2172272,-0.43277282,-1.5227728,-3.2527728,-3.2227728,-3.362773,-2.622773,-4.6627727,-3.8527727,-3.9627728,-4.632773,-4.552773,-3.2327728,-2.4827728,-4.242773,-3.9727728,-2.0027728,-0.66277283,0.38722718,1.7372272,1.3472272,-1.7327728,-3.142773,1.4572272,-0.9927728,-0.24277283,-1.2627728,-2.2427728,-0.44277284,0.21722718,1.5872272,-0.28277284,-0.6227728,0.28722718,-0.35277283,-0.8127728,0.08722717,-0.8227728,3.1472273,3.0472271
2.347227,2.837227,1.7772272,-0.58277285,-2.642773,-1.9727728,-1.6527728,-2.9727728,-2.7727728,-2.7127728,-2.912773,-3.2127728,-4.3327727,-3.9827728,-1.7427728,-1.3427728,-1.4927728,-2.412773,-1.5727729,-0.60277283,-0.6127728,-2.362773,0.59722716,-1.2127728,-3.4527729,-2.0827727,-2.622773,-4.1227727,-1.9027728,-0.20277283,1.2372272,-1.1727729,-2.0227728,-2.9827728,-2.152773,-1.7427728,-1.3527728,2.4072273,-0.012772827,-0.90277284,-1.5027728
1.7472272,5.947227,3.4572272,4.767227,-1.7127728,-1.4127728,-0.77277285,-0.8727728,-1.7927728,-1.8927728,-3.172773,-3.2627728,-6.262773,-3.3427727,-2.9827728,-2.372773,-3.3327727,-1.7327728,-1.7927728,-1.4127728,-3.1027727,-2.412773,-2.7127728,-2.4827728,-4.032773,-3.5727727,-4.462773,-3.642773,-3.5027728,-3.142773,-2.6927729,-2.3027728,-1.6727729,2.4672272,-1.5727729,-1.4027728,-1.5027728,-3.5727727,-1.9027728,-0.96277285,-1.5827729
3.9272273,2.4272273,0.36722717,0.33722717,-1.7827728,-1.1627728,-2.2227728,-1.3227729,-2.2427728,-2.2927728,-2.0927727,-2.412773,0.97722715,2.2972271,1.2972271,-0.7427728,-0.71277285,-0.39277282,-0.39277282,1.2472272,-3.0727727,-3.362773,-2.2527728,-4.232773,-5.012773,-5.802773,-3.8027728,-6.9127727,-3.122773,-2.7427728,-1.8527728,-1.1427728,-2.2227728,-1.3027729,-0.7927728,-0.5627728,-0.102772824,-0.5127728,-1.2227728,-3.5427728,-4.4127727
4.6872272,2.7072272,0.45722717,-1.1427728,-0.20277283,-1.6927729,-2.0627728,-1.3027729,-2.2827728,-1.9527729,-0.102772824,1.8772272,1.8272271,1.6672271,2.4972272,2.5472271,3.4772272,0.44722718,0.8172272,-1.0427728,-1.9627728,-2.9927728,-3.5727727,-3.5327728,-3.662773,-2.9427729,-3.1927729,-2.422773,-3.2027729,-2.9727728,-3.0427728,-2.9827728,-0.28277284,-1.9527729,-2.1027727,-1.9827728,-1.1927729,2.107227,-1.0127728,0.17722717,1.9372271
2.4472272,2.5372272,1.1072272,-0.29277283,-0.07277283,-0.85277283,-1.1227728,-1.4527729,-0.17277282,0.35722718,2.0472271,2.087227,1.2272272,0.08722717,1.0372272,2.0372272,0.3472272,0.09722717,-0.39277282,-1.1627728,-1.5327728,-2.362773,-3.5027728,-2.7127728,-2.5727727,-0.7527728,-1.7227728,-1.1527728,-1.1427728,-2.122773,-2.2927728,-1.4727728,-2.132773,-0.3727728,-1.4227729,0.6372272,2.6572273,2.7972271,-0.5727728,-0.90277284,-1.2327728
0.9872272,0.58722717,-0.9927728,2.9372272,0.3772272,1.8172271,0.35722718,-0.59277284,0.7672272,1.4072272,2.4372272,2.0172272,-0.13277283,-1.2827728,1.1572272,2.377227,2.107227,0.15722717,0.037227172,-0.85277283,-0.52277285,-0.6327728,-0.7327728,-1.4227729,-0.6827728,-0.9427728,0.71722716,0.21722718,0.58722717,0.84722716,-0.89277285,-0.6827728,1.4872272,-0.7327728,0.35722718,-0.33277282,-0.14277282,-1.9327729,-0.27277282,0.7072272,-1.0527729
-2.132773,0.17722717,2.4072273,4.327227,0.91722715,-1.1727729,-0.43277282,-0.052772827,0.6972272,1.8172271,2.9972272,2.0572271,0.9372272,-0.28277284,-0.35277283,-0.27277282,0.30722716,1.7372272,1.7772272,2.327227,2.7072272,2.607227,2.1572273,2.2872272,1.4272271,1.6972271,1.8272271,2.2172272,2.4272273,2.6772273,1.0072272,2.127227,1.6072272,2.4372272,0.6272272,-0.8027728,-1.6127728,-0.48277283,-1.2327728,0.3772272,-0.72277284
-3.3027728,-2.9627728,-0.4027728,-0.11277283,-0.22277282,0.40722716,0.47722718,1.2272272,-0.16277283,1.3872272,1.2972271,0.41722718,0.18722717,0.32722718,-0.58277285,-0.70277286,0.3472272,0.43722716,0.53722715,0.44722718,2.7472272,3.7572272,2.9472272,2.4572272,2.6772273,3.1572273,3.7972271,4.257227,4.757227,4.4372272,3.2172272,2.857227,-1.2727728,0.6972272,0.84722716,-1.4927728,-0.89277285,-0.09277283,-0.5027728,0.7672272,-1.2427728
-3.7227728,-4.3327727,-3.5827727,-2.412773,-1.3427728,-0.17277282,-0.5027728,-1.1027728,-0.48277283,-1.3927728,-1.1527728,-0.042772826,-0.53277284,-0.72277284,0.28722718,0.8272272,0.8272272,1.4672272,1.2172272,2.097227,2.2472272,2.637227,2.627227,2.6772273,3.347227,4.3572273,5.1472273,5.747227,5.0472274,4.007227,2.7872272,2.6572273,1.6272272,0.77722716,0.5072272,1.2872272,0.28722718,-0.65277284,-0.6127728,-0.44277284,-0.07277283
-2.0327728,-3.0127728,-2.9727728,-3.392773,-2.902773,-2.2227728,-3.912773,-1.5927728,-1.2027729,-1.2027729,-1.0727729,-0.70277286,-0.27277282,0.7072272,1.9072272,1.7272272,1.5572271,2.0172272,2.2172272,2.577227,2.9072273,3.607227,4.4172273,4.8372273,5.367227,6.0672274,6.5672274,5.967227,5.267227,3.607227,2.6472273,2.2072272,1.5172272,0.91722715,0.8872272,-0.7527728,-0.6727728,-0.84277284,-2.5227728,0.60722715,-0.64277285
-1.5627729,-0.97277284,-0.53277284,0.45722717,-0.30277282,-0.16277283,0.19722718,-0.48277283,-1.1927729,-0.5727728,-1.5627729,-1.1527728,0.8272272,1.1672271,1.8872272,1.7272272,2.0472271,2.5672271,1.9872272,2.627227,3.9372272,4.2772274,3.9572272,3.7472272,3.877227,3.9872272,3.7272272,2.5372272,2.357227,1.7672272,0.8672272,0.13722718,-0.27277282,-0.84277284,-1.7727728,-1.0927728,-1.5227728,-2.7027729,-2.2227728,-0.6127728,-0.90277284
0.7472272,0.52722716,1.3572272,-0.9827728,-1.7627728,-0.6327728,0.5172272,-0.31277284,-0.43277282,-1.1327728,-1.9427729,-0.65277284,0.48722717,0.6272272,2.327227,2.2672272,2.4072273,2.1872272,3.107227,4.787227,4.227227,2.857227,2.1572273,1.7472272,1.3572272,-1.2427728,-0.46277282,1.1972271,1.6672271,0.017227173,-0.8727728,-1.9527729,-2.0527728,-2.2627728,-1.8727728,-1.3827728,-0.64277285,-1.1227728,-1.5527729,-1.8127729,-1.1527728
