wind_kz.json
{"header": {"discipline":0,"disciplineName":"Meteorological products","gribEdition":2,"gribLength":794,"center":7,"centerName":"US National Weather Service - NCEP(WMC)","subcenter":0,"refTime":"2025-04-05T06:00:00.000Z","significanceOfRT":1,"significanceOfRTName":"Start of forecast","productStatus":0,"productStatusName":"Operational products","productType":1,"productTypeName":"Forecast products","productDefinitionTemplate":0,"productDefinitionTemplateName":"Analysis/forecast at horizontal level/layer at a point in time","parameterCategory":2,"parameterCategoryName":"UnknownDiscipline_0_Category_2","parameterNumber":3,"parameterNumberName":"UnknownParameter_D0_C2_3","parameterUnit":"Unknown","genProcessType":2,"genProcessTypeName":"Forecast","forecastTime":240,"surface1Type":103,"surface1TypeName":"Specified height level above ground","surface1Value":10.0,"surface2Type":255,"surface2TypeName":"Missing","surface2Value":0.0,"gridDefinitionTemplate":0,"gridDefinitionTemplateName":"Latitude_Longitude","numberPoints":615,"shape":6,"shapeName":"Earth spherical with radius of 6,371,229.0 m","gridUnits":"degrees","resolution":48,"winds":"true","scanMode":64,"nx":41,"ny":15,"basicAngle":0,"lo1":47.0,"la1":41.0,"lo2":87.0,"la2":55.0,"dx":1.0,"dy":1.0}, "data":
[rows 0 to 14 of 15, columns 0 to 40 of 41]
1.1642593,1.4642594,-1.2357407,-3.8357406,-2.9357407,-1.9357407,-2.6357408,-1.8357407,0.86425936,0.064259335,1.9642594,-0.23574066,-1.0357406,-2.0357406,-2.7357407,-5.035741,-6.3357406,-6.6357408,-4.535741,-1.7357407,-2.4357407,2.2642593,-1.6357406,1.6642593,3.8642592,0.6642593,0.86425936,-0.33574066,1.6642593,4.1642594,1.8642594,1.9642594,0.56425935,1.8642594,3.8642592,1.6642593,2.3642592,3.4642594,1.6642593,1.1642593,0.56425935
4.3642592,0.86425936,-3.3357406,-2.2357407,-4.1357408,-1.8357407,-0.73574066,1.1642593,0.6642593,1.6642593,-0.8357407,1.7642593,0.56425935,-0.23574066,-2.5357406,-4.2357407,-5.3357406,-3.3357406,-5.4357405,-5.035741,-5.1357408,-2.4357407,0.46425933,-0.63574064,3.2642593,3.3642592,2.7642593,1.2642593,1.8642594,2.2642593,2.5642593,4.3642592,1.2642593,1.9642594,-0.43574065,3.0642593,1.9642594,4.1642594,1.0642593,2.0642593,2.6642594
-1.6357406,-2.3357406,-2.3357406,-2.4357407,-3.3357406,-0.33574066,1.7642593,1.5642593,1.4642594,1.3642594,1.3642594,2.7642593,3.0642593,1.8642594,0.26425934,-2.7357407,-4.1357408,-5.535741,-4.9357405,-4.6357408,-5.035741,-1.1357406,1.7642593,4.6642594,1.5642593,-1.6357406,-3.8357406,-0.13574067,2.4642594,1.7642593,0.16425934,2.3642592,2.9642594,2.2642593,1.1642593,-1.7357407,1.9642594,1.2642593,-0.035740662,1.0642593,0.36425933
-1.4357407,-2.0357406,-1.6357406,-2.1357408,-2.3357406,2.2642593,2.1642594,3.6642594,2.1642594,1.1642593,1.1642593,3.2642593,3.5642593,3.2642593,0.36425933,-0.93574065,-2.8357406,-5.035741,-4.1357408,-5.035741,-4.035741,0.064259335,-1.2357407,4.464259,-0.8357407,-0.63574064,0.6642593,3.1642594,3.5642593,4.964259,6.464259,1.4642594,0.36425933,0.56425935,2.8642592,2.0642593,2.6642594,1.9642594,-2.8357406,-2.9357407,0.16425934
-1.5357406,-2.4357407,-2.8357406,-2.8357406,-1.4357407,0.9642593,2.3642592,2.0642593,0.56425935,1.4642594,2.3642592,4.0642595,4.964259,3.9642594,2.3642592,1.0642593,-2.1357408,-3.9357407,-4.3357406,-4.8357406,-4.535741,-1.3357407,0.16425934,0.9642593,-0.63574064,-0.93574065,5.464259,2.7642593,6.464259,6.5642595,0.064259335,0.16425934,-0.93574065,1.2642593,0.56425935,1.6642593,2.2642593,-0.035740662,-0.8357407,-0.23574066,-0.035740662
-1.2357407,-0.13574067,-0.73574066,-1.9357407,-1.7357407,0.56425935,-0.43574065,0.36425933,-0.13574067,1.1642593,1.3642594,2.0642593,3.9642594,2.5642593,2.1642594,0.56425935,-0.23574066,-4.035741,-4.6357408,-6.6357408,-5.2357407,-2.2357407,1.4642594,2.0642593,2.9642594,1.2642593,3.6642594,0.26425934,5.1642594,3.9642594,2.5642593,2.9642594,0.9642593,-2.8357406,-1.9357407,3.3642592,-2.4357407,0.26425934,1.0642593,1.4642594,0.86425936
0.064259335,0.16425934,-0.035740662,-0.33574066,0.56425935,-1.5357406,2.1642594,1.3642594,3.5642593,4.5642595,3.5642593,3.1642594,2.9642594,2.1642594,1.1642593,0.9642593,-0.5357407,-3.3357406,-4.6357408,-5.9357405,-5.535741,-3.4357407,1.6642593,4.964259,5.964259,2.2642593,1.7642593,5.464259,3.6642594,4.3642592,4.8642592,3.6642594,1.8642594,3.1642594,1.6642593,1.0642593,0.76425934,2.6642594,0.46425933,3.3642592,2.8642592
-2.8357406,-3.2357407,-2.4357407,-1.0357406,-1.2357407,-2.6357408,-2.8357406,-3.0357406,-4.3357406,-0.93574065,2.1642594,2.8642592,0.6642593,0.36425933,-2.5357406,-1.7357407,-2.6357408,-3.8357406,-5.1357408,-3.3357406,-5.535741,-2.7357407,-1.2357407,2.9642594,4.2642593,4.0642595,3.8642592,3.6642594,6.2642593,5.2642593,4.964259,4.964259,4.8642592,5.8642592,3.1642594,0.76425934,-1.4357407,1.1642593,-0.43574065,1.8642594,2.6642594
-5.035741,-4.035741,-3.7357407,-3.9357407,-3.6357408,-3.5357406,-3.6357408,-3.4357407,-3.2357407,-2.5357406,-3.0357406,-2.9357407,-3.5357406,-3.9357407,-4.8357406,-4.4357405,-4.1357408,-4.8357406,-4.7357407,-4.7357407,-2.6357408,-4.3357406,-3.3357406,-2.2357407,1.9642594,1.3642594,0.6642593,3.4642594,4.0642595,4.3642592,4.8642592,6.1642594,6.2642593,4.0642595,5.5642595,5.8642592,2.9642594,2.6642594,1.5642593,2.8642592,-0.63574064
-5.1357408,-4.7357407,-4.535741,-4.8357406,-4.2357407,-3.6357408,-3.5357406,-3.9357407,-3.4357407,-3.0357406,-3.2357407,-3.6357408,-3.7357407,-4.3357406,-4.9357405,-4.8357406,-4.3357406,-3.5357406,-4.7357407,-4.8357406,-2.5357406,-2.6357408,-2.7357407,-3.1357408,-2.4357407,-0.33574066,1.5642593,3.4642594,3.4642594,3.1642594,0.16425934,1.2642593,3.0642593,2.4642594,3.7642593,4.8642592,3.2642593,2.6642594,2.4642594,2.4642594,2.9642594
-6.535741,-6.035741,-5.4357405,-5.1357408,-4.4357405,-4.535741,-3.1357408,-3.0357406,-3.5357406,-3.5357406,-2.8357406,-3.4357407,-4.4357405,-5.4357405,-5.9357405,-5.8357406,-5.4357405,-5.6357408,-4.9357405,-3.6357408,-3.6357408,-3.4357407,-4.1357408,-2.8357406,-2.6357408,-2.8357406,-1.5357406,0.46425933,0.26425934,-1.7357407,-1.0357406,-0.13574067,0.16425934,2.4642594,0.6642593,3.0642593,3.8642592,2.4642594,5.464259,1.8642594,1.0642593
-5.8357406,-6.6357408,-5.7357407,-5.4357405,-5.035741,-5.2357407,-5.035741,-4.7357407,-2.9357407,-2.7357407,-2.9357407,-4.6357408,-4.535741,-5.2357407,-6.9357405,-7.4357405,-6.9357405,-6.535741,-5.2357407,-4.9357405,-4.535741,-4.2357407,-3.7357407,-2.5357406,-1.6357406,-1.8357407,-1.9357407,-3.0357406,-2.1357408,-1.8357407,-1.7357407,0.6642593,0.76425934,1.5642593,2.8642592,5.7642593,3.6642594,2.2642593,0.6642593,1.7642593,1.2642593
-4.3357406,-5.535741,-5.535741,-4.8357406,-4.535741,-3.7357407,-5.2357407,-6.3357406,-7.1357408,-4.3357406,-1.7357407,-2.8357406,-4.7357407,-4.9357405,-5.3357406,-5.535741,-6.7357407,-7.4357405,-7.6357408,-6.535741,-6.1357408,-5.035741,-4.2357407,-3.6357408,-4.1357408,-2.9357407,-2.4357407,-2.1357408,-2.1357408,-1.1357406,0.56425935,2.5642593,1.6642593,1.5642593,1.1642593,1.1642593,2.4642594,2.2642593,3.4642594,5.5642595,4.2642593
-4.1357408,-4.7357407,-3.6357408,-4.3357406,-4.3357406,-4.4357405,-5.2357407,-5.1357408,-5.3357406,-5.535741,-2.3357406,-1.3357407,-3.8357406,-5.7357407,-4.8357406,-5.3357406,-6.4357405,-6.7357407,-6.4357405,-6.6357408,-6.9357405,-6.035741,-6.1357408,-5.4357405,-5.035741,-4.3357406,-4.2357407,-2.2357407,-0.43574065,0.9642593,0.86425936,1.4642594,2.3642592,1.6642593,0.36425933,0.56425935,1.9642594,1.9642594,3.7642593,5.464259,5.8642592
-3.6357408,-4.535741,-3.8357406,-4.2357407,-3.9357407,-4.035741,-4.2357407,-4.535741,-4.6357408,-4.2357407,-1.9357407,-2.9357407,-0.73574066,-1.6357406,-4.035741,-6.2357407,-6.8357406,-5.535741,-6.6357408,-7.1357408,-6.4357405,-7.3357406,-6.9357405,-6.535741,-5.535741,-5.4357405,-5.2357407,-4.535741,-2.9357407,0.26425934,1.0642593,2.9642594,1.3642594,1.2642593,1.4642594,1.3642594,2.4642594,4.5642595,5.464259,5.964259,5.2642593
