wind_kz.json
{"header": {"discipline":0,"disciplineName":"Meteorological products","gribEdition":2,"gribLength":1025,"center":7,"centerName":"US National Weather Service - NCEP(WMC)","subcenter":0,"refTime":"2023-08-20T18:00:00.000Z","significanceOfRT":1,"significanceOfRTName":"Start of forecast","productStatus":0,"productStatusName":"Operational products","productType":1,"productTypeName":"Forecast products","productDefinitionTemplate":0,"productDefinitionTemplateName":"Analysis/forecast at horizontal level/layer at a point in time","parameterCategory":2,"parameterCategoryName":"UnknownDiscipline_0_Category_2","parameterNumber":3,"parameterNumberName":"UnknownParameter_D0_C2_3","parameterUnit":"Unknown","genProcessType":2,"genProcessTypeName":"Forecast","forecastTime":240,"surface1Type":103,"surface1TypeName":"Specified height level above ground","surface1Value":10.0,"surface2Type":255,"surface2TypeName":"Missing","surface2Value":0.0,"gridDefinitionTemplate":0,"gridDefinitionTemplateName":"Latitude_Longitude","numberPoints":615,"shape":6,"shapeName":"Earth spherical with radius of 6,371,229.0 m","gridUnits":"degrees","resolution":48,"winds":"true","scanMode":64,"nx":41,"ny":15,"basicAngle":0,"lo1":47.0,"la1":41.0,"lo2":87.0,"la2":55.0,"dx":1.0,"dy":1.0}, "data":
[rows 0 to 14 of 15, columns 0 to 40 of 41]
3.8156152,-3.0643847,2.6756153,6.125615,3.6456153,0.67561525,1.6656152,-0.7243848,-0.8443848,0.6456152,-1.0443847,-1.3143848,-2.6643848,-2.2943847,-3.8443847,-4.474385,-4.244385,-3.9643848,-5.454385,-3.3243847,-2.5443847,-2.5543847,-1.8543848,0.0056152344,-1.6743847,1.5456152,-0.37438476,1.6256152,2.8956153,2.0756152,0.97561526,-1.1443847,-0.70438474,-0.024384765,-1.0143847,-1.3643848,-1.2943847,0.22561523,0.43561524,-2.6943848,0.55561525
5.525615,2.1756153,4.025615,4.225615,2.4656153,0.27561525,-0.33438477,1.0556152,-0.014384765,-0.5943848,-2.0643847,-2.1643848,-2.2843847,-2.5643847,-4.0143847,-4.3643847,-4.044385,-5.6943846,-6.2643847,-5.1743846,-4.6143847,-2.7943847,0.6556152,1.4756153,-0.15438476,-0.26438478,-3.6643848,0.9056152,0.055615235,1.2856152,1.7756152,3.6756153,1.2356153,-0.51438475,-0.28438476,-1.2043848,-1.1043848,-2.8443847,-1.4143847,-1.7543848,0.55561525
3.6756153,6.855615,5.1956153,4.0156155,0.75561523,-0.044384766,0.81561524,1.1156152,0.5256152,-0.52438474,-1.4943848,-1.2143848,-2.4543848,-3.4243848,-3.6943848,-3.6143847,-3.5843847,-4.354385,-4.4243846,-4.354385,-2.9643848,-1.9543848,-1.5243847,-0.69438475,-1.2043848,1.0356152,-0.57438475,1.6856152,1.1756152,2.7456152,4.0956154,0.94561523,2.0556152,-1.8143848,-0.39438477,3.5956151,3.9656153,-0.39438477,0.86561525,1.0156152,1.2656152
4.295615,6.145615,4.375615,2.1056151,-0.44438475,0.50561523,2.5956151,3.6656153,2.5256152,1.3556153,1.5756153,-0.36438477,-1.7243848,-3.5243847,-4.044385,-4.6543846,-4.7143846,-4.1543846,-5.024385,-4.524385,-3.7943847,-2.1643848,-1.0543847,-1.9143847,-2.0143847,-2.7243848,-3.5043848,-2.9943848,-1.0243847,-1.9743848,-3.2643847,-2.6543849,-0.88438475,1.8556153,0.69561523,-3.4543848,-0.43438476,2.4756153,0.43561524,0.81561524,1.1356152
2.9956152,3.6056151,2.6956153,-1.0943848,3.2056153,2.6656153,2.6856153,4.3056154,3.5156152,2.8056152,3.8556151,2.3856153,-0.24438477,-2.8443847,-4.544385,-3.1543849,-4.3243847,-4.374385,-4.3443847,-4.504385,-2.7743847,-2.9943848,-3.5043848,-1.4643848,-1.1643847,-3.0243847,-3.2743847,-3.8243847,-4.2643847,-3.9543848,-3.2943847,0.46561524,1.4656153,2.9956152,-0.83438474,-1.3543848,0.80561525,1.1056153,-1.2643847,-2.3943849,-3.7743847
2.3756151,2.1656153,3.2156153,1.9156152,1.6356152,0.38561523,0.30561525,3.7256153,3.4256153,3.0056152,4.6956153,3.4256153,2.5256152,-0.32438478,-2.6043847,-2.7443848,-3.4343848,-4.244385,-4.7143846,-3.6643848,-2.7743847,-2.9143848,-1.8343848,-2.6043847,-2.0043848,-2.0343847,-2.3643847,-4.2343845,-3.9043849,-3.5143847,-3.2343848,-1.8443848,-0.054384764,2.0456152,2.5956151,3.4556153,3.0256152,2.2256153,1.0856153,-1.5743848,-2.5943847
7.0956154,6.2356153,5.4256153,4.6556153,3.9656153,3.0956151,2.5756152,1.2056153,4.2856154,4.295615,4.0756154,5.045615,4.085615,2.7056153,1.0956153,0.44561523,-2.5343847,-3.8743849,-4.224385,-2.0843847,-3.3943849,-2.8343847,-2.5843847,-3.3743849,-2.2143848,-3.3243847,-3.2243848,-4.934385,-3.6243849,-4.2143846,-4.7843847,-7.2643847,-4.524385,-0.044384766,-0.31438476,-2.5843847,-3.6143847,-1.9743848,-0.94438475,-1.8843848,1.1956153
8.015615,8.175615,6.585615,4.565615,4.7856154,3.8256152,3.2256153,2.4556153,4.5156155,5.1956153,4.8256154,3.8956153,3.5256152,3.1656153,4.815615,3.0056152,-1.8043847,-2.9543848,-3.7643847,-2.2843847,-4.664385,-5.1543846,-5.8443847,-3.3543847,-2.8943849,-2.0343847,-2.5543847,-3.0443847,-3.2743847,-4.274385,-4.7343845,-4.684385,-5.994385,-4.5143847,-0.5343848,-0.08438477,-1.0643848,0.0056152344,-1.2843847,0.20561524,-2.1143847
-0.34438476,0.5156152,-0.034384765,-2.2243848,0.015615234,-1.2443848,1.1456152,-1.9143847,-1.1743847,4.645615,5.605615,5.085615,3.8956153,2.2456152,1.9356152,0.36561525,0.16561523,-1.8343848,-3.1643848,-3.7643847,-0.9243848,-1.6943848,-4.104385,-3.7743847,-3.6343849,-2.9843848,-1.3843848,-1.7443848,-1.9343848,-2.4543848,-3.4143848,-3.5243847,-1.5543847,-2.8643847,-2.1143847,-0.034384765,-3.6543849,-0.94438475,0.5356152,0.15561524,-0.51438475
0.72561526,-0.57438475,-0.21438476,0.14561523,-0.7143848,-2.0743847,-3.2643847,-3.6243849,-2.4243848,0.32561523,0.37561524,-0.014384765,2.4656153,-0.034384765,-0.62438476,-1.5043848,-2.6143847,-3.1043847,-2.2843847,-1.7443848,-2.7043848,-3.2343848,-3.7343848,-3.1543849,-3.2943847,-2.9743848,-2.3543847,-2.4343848,-2.0743847,-1.7243848,-2.2743847,-3.4543848,-6.2343845,-3.8343847,-2.4943848,-1.7743847,0.16561523,-3.4243848,0.25561523,3.3856153,2.6556153
-0.074384764,0.56561524,0.26561522,-0.8543848,-2.4043849,-1.9443848,-1.3943847,-1.5343847,-2.2043848,-2.1143847,-1.3743848,-0.45438477,0.6456152,3.0156152,1.4856153,-0.29438478,-0.014384765,-1.4043847,-2.2643847,-1.5043848,-1.4743848,-2.7943847,-3.0443847,-2.8643847,-1.9743848,-1.6043848,-1.4243847,-2.0143847,-1.7143848,-2.9043849,-4.974385,-4.724385,-4.274385,-3.7943847,-3.2643847,0.06561524,0.25561523,2.0856152,1.4556153,0.75561523,0.13561523
-0.7843848,-0.83438474,-0.15438476,0.14561523,0.29561523,-0.38438475,-0.70438474,-0.34438476,-1.2543848,-0.41438475,0.45561522,-0.21438476,-0.18438476,-0.014384765,1.0656152,1.2156153,0.14561523,-1.2143848,-1.2843847,-2.4643848,-2.1243849,-2.2843847,-2.7543848,-3.2443848,-2.9243848,-3.1043847,-0.28438476,0.105615236,-0.08438477,-0.9043848,-2.5043848,-3.4043849,-3.2243848,-3.6943848,-2.7843847,-2.8143847,-0.40438476,2.9456153,3.3056152,2.7956152,1.5256152
-1.1143848,-0.9043848,-0.7943848,-0.63438475,-0.16438477,-0.074384764,0.13561523,0.23561524,-0.27438477,0.17561524,-0.0043847654,-0.034384765,1.4456153,0.72561526,0.87561524,0.105615236,0.18561524,-0.87438476,-1.2843847,-1.6643847,-1.3743848,-0.87438476,-0.47438475,-1.1543847,-2.3843849,-3.6443849,-4.0743847,-1.4643848,-0.64438474,0.75561523,0.45561522,-0.64438474,-1.2443848,-1.5543847,-2.9143848,-3.0243847,-2.8643847,-2.9643848,2.3856153,2.8856153,1.3056152
-0.6143848,-1.2643847,-1.1843848,-0.57438475,-0.64438474,-0.77438474,0.60561526,-0.77438474,-1.4343848,-2.4543848,0.29561523,-0.034384765,0.27561525,1.6956153,2.1656153,2.0256152,1.6356152,1.3156152,0.44561523,0.68561524,-0.034384765,0.25561523,-0.74438477,-0.16438477,-0.064384766,-0.55438477,-0.8643848,-1.2543848,-2.4543848,0.08561523,1.3956152,0.94561523,1.3856152,0.5356152,-0.46438476,-1.2243848,-0.94438475,-1.9243847,-2.4043849,-0.8543848,2.6856153
-1.5243847,-1.4243847,-0.48438478,0.97561526,0.6356152,-0.41438475,-0.5443848,-0.62438476,-0.94438475,-1.3543848,-1.0343847,-0.33438477,0.6556152,-0.6043848,-2.0243847,-1.8743848,-1.8943847,-0.89438474,0.35561523,1.5456152,1.3156152,1.6156152,1.3756152,0.86561525,0.105615236,-0.24438477,0.28561524,0.68561524,0.80561525,0.7156152,-0.18438476,-0.88438475,1.4456153,1.5656152,1.6056153,1.0656152,1.6256152,1.5356152,-0.99438477,-1.0643848,-0.35438478
