wind_kz.json
{"header": {"discipline":0,"disciplineName":"Meteorological products","gribEdition":2,"gribLength":871,"center":7,"centerName":"US National Weather Service - NCEP(WMC)","subcenter":0,"refTime":"2023-08-20T06:00:00.000Z","significanceOfRT":1,"significanceOfRTName":"Start of forecast","productStatus":0,"productStatusName":"Operational products","productType":1,"productTypeName":"Forecast products","productDefinitionTemplate":0,"productDefinitionTemplateName":"Analysis/forecast at horizontal level/layer at a point in time","parameterCategory":0,"parameterCategoryName":"UnknownDiscipline_0_Category_0","parameterNumber":0,"parameterNumberName":"UnknownParameter_D0_C0_0","parameterUnit":"Unknown","genProcessType":2,"genProcessTypeName":"Forecast","forecastTime":180,"surface1Type":1,"surface1TypeName":"Ground or water surface","surface1Value":0.0,"surface2Type":255,"surface2TypeName":"Missing","surface2Value":0.0,"gridDefinitionTemplate":0,"gridDefinitionTemplateName":"Latitude_Longitude","numberPoints":615,"shape":6,"shapeName":"Earth spherical with radius of 6,371,229.0 m","gridUnits":"degrees","resolution":48,"winds":"true","scanMode":64,"nx":41,"ny":15,"basicAngle":0,"lo1":47.0,"la1":41.0,"lo2":87.0,"la2":55.0,"dx":1.0,"dy":1.0}, "data":
[rows 0 to 14 of 15, columns 0 to 40 of 41]
298.1838,286.5838,291.88382,298.88382,298.6838,297.6838,298.48383,301.0838,298.2838,298.0838,296.2838,296.38382,295.48383,296.1838,297.1838,295.7838,295.88382,296.48383,295.48383,293.7838,293.38382,288.7838,290.1838,290.48383,295.48383,292.1838,289.0838,278.0838,280.2838,280.5838,280.0838,279.98383,287.5838,298.6838,301.2838,299.98383,298.98383,300.6838,299.98383,301.0838,300.5838
279.1838,290.2838,298.98383,298.98383,298.7838,297.48383,298.88382,297.7838,296.48383,295.5838,295.7838,293.6838,292.2838,292.0838,293.0838,295.5838,296.7838,297.1838,290.88382,294.48383,294.2838,291.5838,291.38382,285.2838,278.2838,279.2838,287.6838,278.38382,280.98383,278.38382,285.6838,276.88382,283.38382,269.6838,280.2838,296.2838,294.0838,298.1838,301.98383,293.2838,284.1838
292.48383,298.98383,299.38382,299.48383,297.5838,297.0838,297.0838,296.38382,294.48383,293.2838,292.88382,292.7838,289.2838,290.88382,293.0838,293.0838,292.98383,292.5838,293.7838,293.48383,290.2838,291.7838,289.5838,285.88382,291.88382,291.6838,291.38382,290.0838,290.98383,282.88382,279.1838,281.0838,285.7838,284.98383,285.38382,288.1838,279.98383,280.6838,283.38382,277.88382,278.0838
294.7838,299.5838,299.0838,298.1838,296.2838,295.88382,295.48383,294.6838,295.38382,294.7838,293.38382,291.2838,295.48383,294.7838,293.0838,295.1838,293.5838,294.2838,295.98383,294.48383,294.0838,288.48383,294.6838,294.6838,293.88382,295.88382,295.5838,293.98383,293.98383,296.0838,296.98383,294.1838,300.1838,298.5838,296.0838,291.88382,283.48383,280.38382,284.1838,294.2838,298.38382
295.88382,299.1838,299.1838,298.5838,297.5838,295.88382,296.38382,295.98383,295.38382,294.7838,294.38382,292.7838,295.48383,294.2838,291.7838,292.98383,293.5838,292.38382,290.48383,293.1838,295.2838,295.6838,296.1838,294.7838,296.6838,296.0838,294.98383,294.48383,295.88382,297.2838,300.2838,294.1838,286.38382,277.88382,287.38382,294.38382,297.48383,303.1838,303.2838,302.48383,303.5838
293.5838,290.6838,297.7838,298.1838,298.5838,298.1838,295.6838,296.98383,295.1838,294.7838,295.0838,294.38382,294.48383,294.7838,293.2838,292.38382,293.6838,292.5838,291.88382,292.2838,292.38382,294.6838,294.98383,294.7838,295.48383,297.38382,298.48383,293.5838,298.2838,298.6838,296.48383,298.7838,297.6838,293.0838,294.48383,294.5838,290.88382,293.0838,300.5838,303.2838,301.1838
294.2838,291.1838,295.5838,295.2838,295.38382,293.5838,295.1838,294.1838,294.7838,295.2838,293.48383,291.7838,290.48383,291.0838,288.7838,293.2838,293.6838,292.1838,292.6838,290.48383,291.5838,291.6838,293.6838,295.48383,295.6838,297.5838,297.38382,299.1838,296.6838,296.48383,295.7838,296.5838,297.48383,299.1838,298.0838,297.0838,292.6838,287.88382,282.88382,283.48383,298.2838
296.38382,296.1838,297.0838,296.98383,297.1838,296.48383,295.0838,293.48383,292.1838,293.0838,291.98383,291.88382,290.2838,289.5838,289.98383,291.5838,293.0838,293.38382,290.5838,289.6838,290.7838,291.2838,290.7838,293.88382,292.6838,291.88382,293.7838,292.6838,290.98383,293.2838,291.6838,292.38382,291.98383,290.38382,290.6838,293.6838,295.5838,289.38382,295.1838,294.98383,294.6838
295.7838,295.1838,296.0838,294.6838,296.6838,294.98383,293.38382,292.98383,291.5838,290.88382,288.0838,287.98383,287.0838,288.2838,288.7838,289.2838,290.6838,291.5838,290.98383,290.0838,290.38382,289.7838,289.7838,292.0838,291.5838,291.1838,290.6838,290.48383,286.6838,286.5838,286.98383,287.5838,288.38382,290.48383,289.7838,289.5838,292.7838,292.48383,279.7838,283.2838,280.6838
294.5838,294.98383,294.38382,293.48383,293.0838,292.0838,292.0838,291.48383,290.38382,288.1838,287.7838,288.1838,287.6838,288.0838,287.88382,288.1838,288.38382,289.1838,289.6838,289.5838,288.1838,290.6838,291.6838,291.2838,291.6838,289.48383,291.7838,289.6838,287.5838,286.48383,285.7838,289.2838,290.0838,290.1838,290.1838,288.98383,288.5838,289.38382,283.2838,281.48383,280.98383
294.0838,292.7838,291.88382,290.98383,290.7838,292.5838,291.2838,290.98383,292.38382,291.1838,287.88382,287.1838,288.5838,286.2838,285.38382,286.98383,286.5838,287.1838,288.38382,286.7838,287.0838,288.38382,289.6838,288.6838,288.7838,289.0838,289.5838,289.98383,288.98383,289.48383,289.38382,289.98383,289.0838,289.48383,288.98383,288.6838,285.5838,284.2838,283.38382,285.88382,280.88382
292.7838,293.48383,293.1838,291.6838,290.2838,290.98383,289.6838,290.7838,290.7838,290.98383,288.1838,287.6838,287.5838,287.88382,286.98383,284.98383,284.7838,285.38382,285.6838,285.5838,283.7838,283.6838,286.1838,287.38382,286.6838,287.5838,288.88382,290.88382,291.0838,290.0838,288.5838,288.5838,288.88382,287.5838,288.1838,288.2838,288.98383,287.38382,286.98383,287.88382,287.98383
290.6838,290.5838,293.7838,294.1838,292.7838,291.0838,289.38382,287.88382,286.0838,286.7838,285.38382,284.98383,286.2838,285.38382,285.38382,285.2838,284.88382,284.48383,284.98383,283.6838,283.38382,282.48383,281.7838,283.5838,285.6838,286.88382,288.88382,289.1838,289.98383,287.98383,288.1838,286.98383,286.1838,286.38382,286.2838,286.48383,286.2838,288.2838,287.5838,286.5838,288.2838
289.2838,290.1838,291.1838,292.2838,290.98383,288.0838,286.48383,285.0838,285.98383,286.7838,286.2838,282.88382,282.6838,283.2838,284.38382,285.1838,284.7838,284.1838,284.0838,282.48383,283.5838,283.48383,284.1838,285.48383,284.98383,287.48383,287.5838,287.5838,287.5838,286.88382,286.0838,285.7838,284.6838,283.88382,284.5838,284.88382,285.6838,285.7838,285.7838,284.88382,285.5838
287.7838,290.7838,291.2838,287.6838,288.1838,286.7838,285.5838,285.5838,287.48383,287.6838,288.5838,286.5838,283.48383,283.48383,284.1838,284.7838,284.0838,283.5838,283.98383,282.38382,283.38382,284.1838,282.7838,282.48383,287.38382,287.6838,287.48383,287.6838,287.48383,286.38382,284.98383,283.5838,283.6838,283.2838,283.38382,284.38382,283.0838,283.7838,283.5838,285.2838,286.7838
