wind.json
{"header": {"discipline":0,"disciplineName":"Meteorological products","gribEdition":2,"gribLength":1125,"center":7,"centerName":"US National Weather Service - NCEP(WMC)","subcenter":0,"refTime":"2023-05-30T06:00:00.000Z","significanceOfRT":1,"significanceOfRTName":"Start of forecast","productStatus":0,"productStatusName":"Operational products","productType":1,"productTypeName":"Forecast products","productDefinitionTemplate":0,"productDefinitionTemplateName":"Analysis/forecast at horizontal level/layer at a point in time","parameterCategory":2,"parameterCategoryName":"UnknownDiscipline_0_Category_2","parameterNumber":2,"parameterNumberName":"UnknownParameter_D0_C2_2","parameterUnit":"Unknown","genProcessType":2,"genProcessTypeName":"Forecast","forecastTime":300,"surface1Type":103,"surface1TypeName":"Specified height level above ground","surface1Value":10.0,"surface2Type":255,"surface2TypeName":"Missing","surface2Value":0.0,"gridDefinitionTemplate":0,"gridDefinitionTemplateName":"Latitude_Longitude","numberPoints":688,"shape":6,"shapeName":"Earth spherical with radius of 6,371,229.0 m","gridUnits":"degrees","resolution":48,"winds":"true","scanMode":64,"nx":43,"ny":16,"basicAngle":0,"lo1":45.0,"la1":40.0,"lo2":87.0,"la2":55.0,"dx":1.0,"dy":1.0}, "data":
[rows 0 to 15 of 16, columns 0 to 42 of 43]
1.1609155,-0.19908448,-3.1790845,-8.759085,-7.5990844,-1.7490845,0.7709155,0.040915526,1.5609155,1.6409155,4.8309155,-0.5490845,-3.8490844,-4.8190846,-4.7290845,-4.2690845,-4.2490845,-2.6790845,-3.0990844,-2.9390845,-4.0390844,-3.1490846,-3.5390844,1.1809155,0.17091553,-0.83908445,0.050915528,-0.16908447,-0.029084472,-0.37908447,-1.4590845,2.3309155,0.20091553,0.09091553,0.14091553,-1.0190845,-1.7590845,-4.0890846,-5.8290844,-5.1290846,-3.4090846,-1.9090844,-8.109084
2.7109156,8.740915,-2.4190845,-1.6590844,1.5709156,-0.58908445,-1.5490844,-0.019084472,4.8309155,4.2809157,-1.5190845,-1.4990845,-0.36908448,-1.6390845,-3.8290844,-3.5290844,-5.0690846,-3.1790845,-4.2290845,-3.5490844,-3.8390844,-1.1690844,-2.3890846,-1.2290845,-0.9090845,-2.4890845,1.2509155,-2.5090845,-3.4490845,-1.5790845,-0.06908447,0.6909155,1.0509155,0.7009155,3.4509156,1.6109155,-2.2390845,-3.7090845,-3.1690845,-4.2790847,-3.4690845,-4.0490847,-4.8390846
-1.1690844,-1.8590845,0.13091552,2.1309156,1.5609155,1.4109155,0.31091553,1.7409155,4.2209153,0.5009155,-0.07908447,0.19091552,2.3709154,-4.4890842,-2.0490844,-2.5990844,-3.4890845,-5.1990843,-5.6090846,-5.3990846,-3.1190844,-3.1290846,-4.5590844,-4.7390842,-2.7790844,-3.4590845,-0.82908446,0.11091553,-1.3290845,0.11091553,-3.4490845,-1.9990845,-0.57908446,0.37091553,-0.009084472,-2.8390844,0.38091552,0.5309155,-0.049084473,0.37091553,-1.3390845,0.93091553,-6.0590844
0.050915528,0.8209155,0.7509155,1.0509155,2.7809155,3.4609156,3.0309155,3.1209154,3.3609154,4.6509156,3.2709155,2.9009156,1.7009156,1.1309155,-2.9090846,1.3809155,-3.1490846,-5.4190845,-6.0390844,-5.2290845,-3.6690845,-2.9990845,-3.4990845,-2.7790844,-3.7290845,-4.8990846,0.6409155,-2.6390846,-2.5590844,-3.7390845,-2.9190845,-0.57908446,-1.4690845,2.2609155,0.22091553,-0.45908448,0.22091553,-1.3790845,-0.009084472,0.17091553,2.7909155,2.5209155,2.1909156
4.2809157,3.6709156,1.8209156,1.2809155,3.0509155,3.7309155,3.6909156,3.0409155,2.8909156,2.3509154,3.5209155,3.9409156,3.6309156,3.6209154,-0.41908446,-2.2790844,0.47091553,-4.6590843,-6.1990843,-5.4990845,-3.9490845,-4.2290845,-2.7590845,-2.1590846,-2.3590844,-5.6590843,-7.3590846,-6.9890842,-7.3190846,-9.999084,-4.9090843,-1.4590845,0.85091555,-1.7690845,0.8209155,1.9409156,-3.0190845,-2.5290844,-1.5090845,2.3709154,1.3909155,0.73091555,0.28091553
0.23091553,-1.8590845,-2.3390844,-0.43908447,1.3909155,2.2009156,3.9609156,3.8309155,3.9409156,1.7709155,2.6309156,3.1009154,1.5709156,-0.83908445,0.5209155,3.0509155,0.7509155,-4.3390846,-4.5390844,-4.4190845,-3.9590845,-3.4290845,-3.4990845,-2.5390844,-0.95908445,-6.0690846,-7.5890846,-7.4590845,-9.529084,-6.5990844,-5.4890842,-5.0290847,-6.2890844,-3.8790846,-2.4990845,1.5209155,1.9009155,-1.4790845,4.5709157,1.4009155,-3.4290845,0.27091554,-5.7490845
-7.7790847,-6.7790847,-6.9390845,-4.9690843,-2.1290846,-0.6190845,3.7509155,4.0609155,4.2509155,5.1009154,4.1609154,4.1609154,3.4809155,3.9909155,0.8809155,1.6509155,0.79091555,-5.1590843,-4.7590847,-3.0190845,-3.9490845,-2.8190844,-3.7490845,-2.2690845,0.9409155,-5.6390843,-7.7090845,-7.4890842,-4.7390842,-6.2390842,-4.4990845,-6.0990844,-7.9090843,-6.5190845,-4.2890844,-1.8290845,0.33091554,0.92091554,0.37091553,1.7309155,3.6209154,-7.0590844,-7.0690846
-5.7690845,-5.8190846,-6.6890845,-6.4490843,-6.3990846,-6.6390843,-5.1690845,-6.3990846,-5.7890844,0.62091553,4.9509153,6.3409157,0.9409155,-2.9290845,-3.7990844,-3.4790845,-5.1890845,-2.4690845,-6.2390842,-5.0190845,-4.3890843,-2.3690844,-2.3590844,1.2709155,1.3409156,-1.0190845,-5.1890845,-5.8090844,-3.2090845,-3.4190845,-3.8590844,-5.9190845,-7.1290846,-6.2390842,-4.5290847,-3.3690844,-1.9190844,-2.8290844,-1.2290845,1.0909156,0.62091553,-1.3190845,3.7509155
-5.8890843,-5.2890844,-5.8690844,-6.8290844,-6.5290847,-6.2490845,-5.7690845,-5.5290847,-6.6190844,-8.109084,-8.809085,-10.739084,-10.309085,-10.369084,-8.629085,-9.849085,-8.179085,-7.4990845,-7.1390843,-5.8390846,-3.4290845,-3.0190845,-2.1790845,-1.3490845,-0.089084476,-1.7790844,-2.9690845,-2.0290844,-2.2490845,-3.8190844,-4.2190843,-5.3890843,-4.6390843,-4.0090847,-4.0890846,-2.5190845,-3.9990845,1.3909155,3.6109154,4.8009157,4.3309155,7.2909155,0.5209155
-6.8790846,-5.1590843,-5.3290844,-4.3990846,-4.5090847,-5.5290847,-6.3390846,-6.3490844,-6.6790843,-7.7490845,-9.049085,-8.949084,-9.299085,-9.789084,-8.399084,-7.4890842,-7.1290846,-5.4190845,-5.0390844,-4.4090843,-1.3690845,0.99091554,2.2409155,1.2209156,-0.95908445,-4.7390842,-5.6790843,-6.1190844,-6.5690846,-6.2790847,-0.81908447,-3.0190845,-2.7790844,-2.6190844,-0.38908446,-1.6190845,-1.1190845,1.0409155,0.9509155,-1.2090845,-1.5490844,0.98091555,0.060915526
-5.4490843,-4.0790844,-4.6590843,-4.8990846,-4.9690843,-2.5190845,-1.8790845,-2.3590844,-3.5290844,-5.9290843,-6.4190845,-6.5890846,-4.4990845,-5.6690845,-3.5590844,-2.9290845,-3.0490844,-2.4090846,-1.7290845,-3.9690845,-1.0590844,-2.5690844,-6.5590844,-1.9790845,-3.7390845,-3.6690845,-6.3490844,-6.5890846,-5.0290847,-1.1990845,-3.4290845,-3.3590844,-2.7490845,-1.3690845,-0.25908446,-3.9290845,-1.8490845,1.0909156,-0.7890845,-0.25908446,-2.1790845,0.35091552,0.87091553
-2.3890846,-2.8590844,-2.0290844,-4.0590844,-4.3490844,-3.7390845,-2.8990846,-4.4690843,-5.4590845,-2.6590846,-2.1690845,-1.1990845,-2.5290844,-1.0490844,-2.1090844,-1.3290845,2.2209156,3.5209155,2.7709155,-1.6790844,-0.22908448,-0.099084474,-6.8990846,2.9409156,-4.8290844,-3.8090844,-4.1790843,-5.1990843,-3.1690845,-2.7090845,-1.2290845,-1.8090844,-4.2590847,-4.5090847,-4.1490846,-2.9590845,-2.8190844,-0.9190845,-1.6290845,-0.27908447,-0.9390845,0.5009155,-1.3590845
-2.4190845,-2.6590846,-3.9990845,-4.5190845,-4.3690844,-4.3190846,-4.2690845,-4.6890845,-4.5190845,-4.3390846,-2.7090845,-0.9790845,-1.9090844,-1.0590844,-2.3590844,-4.4590845,-2.5190845,-2.0690844,-2.0690844,-3.5690844,-3.5890844,-3.7790844,-4.7590847,-4.9990845,-4.7690845,-4.0790844,-3.2190845,-3.3790846,-3.8290844,-1.7690845,-0.50908446,-3.2990844,-2.7290845,-3.5490844,-1.9190844,-2.5290844,-2.0090845,-1.9990845,-2.0490844,-0.41908446,0.10091553,-0.15908447,0.33091554
-2.8590844,-2.3790846,-1.6690844,-1.2390845,-2.1190844,-3.4690845,-3.2390845,-2.7090845,-3.4290845,-3.7090845,-2.9090846,-0.5390845,0.060915526,-1.4890845,-1.0890845,-2.3890846,-2.3290844,-2.2190845,1.4609156,-2.2390845,-2.2590845,-2.6190844,-3.4090846,-1.6090845,-1.9190844,-0.10908447,-1.8490845,-3.2190845,0.73091555,-3.1590846,-2.8790846,-1.6190845,-2.7890844,-3.2790844,-3.1890845,-3.0390844,-0.57908446,-0.45908448,-0.6690845,-0.6790845,-1.6990845,-0.10908447,-0.9190845
-2.1190844,-0.9690845,-1.2590845,-2.7690845,-1.2590845,-1.5490844,-0.36908448,-1.4590845,-1.8290845,-2.4890845,-0.6890845,-0.22908448,-0.52908444,-1.1490844,-2.3690844,-3.3590844,-3.1190844,-2.9990845,-2.4690845,-3.1590846,-4.7490845,-1.3190845,-0.12908447,-2.6790845,-2.4490845,-2.5490844,-0.9090845,-1.0590844,0.5109155,1.7109156,-1.4890845,-1.8990844,-1.3490845,-1.0590844,-0.88908446,-0.46908447,-0.77908444,-1.0790845,-0.06908447,-0.7390845,-1.0690845,-0.14908448,0.7009155
-1.7990844,-1.5590844,-1.6190845,-1.2190845,-1.5590844,-1.5790845,-2.9790845,-3.1590846,-3.1490846,-1.7190845,-0.6890845,-2.0590844,-1.1990845,-0.6590845,1.3109155,-0.95908445,-3.5590844,-2.3490844,-0.9190845,-0.37908447,-2.2190845,-2.2790844,0.31091553,-2.1790845,-2.2690845,-1.2490845,0.6409155,0.62091553,0.92091554,-0.13908447,1.7409155,2.6309156,-0.45908448,1.6909156,0.91091555,1.8509156,0.9409155,-0.019084472,0.07091553,0.7509155,2.0609155,-0.83908445,0.080915526
