wind.json
{"header": {"discipline":0,"disciplineName":"Meteorological products","gribEdition":2,"gribLength":1211,"center":7,"centerName":"US National Weather Service - NCEP(WMC)","subcenter":0,"refTime":"2023-06-30T00:00:00.000Z","significanceOfRT":1,"significanceOfRTName":"Start of forecast","productStatus":0,"productStatusName":"Operational products","productType":1,"productTypeName":"Forecast products","productDefinitionTemplate":0,"productDefinitionTemplateName":"Analysis/forecast at horizontal level/layer at a point in time","parameterCategory":2,"parameterCategoryName":"UnknownDiscipline_0_Category_2","parameterNumber":2,"parameterNumberName":"UnknownParameter_D0_C2_2","parameterUnit":"Unknown","genProcessType":2,"genProcessTypeName":"Forecast","forecastTime":180,"surface1Type":103,"surface1TypeName":"Specified height level above ground","surface1Value":10.0,"surface2Type":255,"surface2TypeName":"Missing","surface2Value":0.0,"gridDefinitionTemplate":0,"gridDefinitionTemplateName":"Latitude_Longitude","numberPoints":688,"shape":6,"shapeName":"Earth spherical with radius of 6,371,229.0 m","gridUnits":"degrees","resolution":48,"winds":"true","scanMode":64,"nx":43,"ny":16,"basicAngle":0,"lo1":45.0,"la1":40.0,"lo2":87.0,"la2":55.0,"dx":1.0,"dy":1.0}, "data":
[rows 0 to 15 of 16, columns 0 to 42 of 43]
0.46289796,-3.487102,-1.837102,-7.087102,-8.147102,-5.437102,-3.197102,0.97289795,4.7528977,-3.567102,-2.777102,-1.7071021,0.16289794,-1.137102,-1.987102,-4.187102,-1.2971021,-0.07710205,-0.63710207,-0.46710205,-1.6571021,-1.967102,-3.497102,1.0428979,3.032898,-4.417102,7.492898,0.572898,1.0728979,0.5628979,0.67289793,2.712898,-5.587102,0.14289795,-2.207102,-0.47710204,-0.21710205,-0.38710204,-0.05710205,-3.917102,-3.817102,-8.387102,-7.387102
-2.267102,-5.377102,-1.5771021,0.632898,-5.177102,-2.647102,-1.627102,0.40289795,2.6328979,0.23289795,-3.8871021,0.25289795,-0.22710206,-2.297102,-0.30710205,-3.317102,-2.8771021,-4.107102,-2.207102,-2.217102,-4.877102,-3.3771021,-0.77710205,2.022898,4.092898,4.742898,4.642898,3.322898,5.462898,5.5028977,0.36289796,1.722898,1.8028979,-0.29710206,-1.107102,2.062898,1.272898,1.252898,-2.467102,-3.587102,-4.277102,-2.587102,-3.507102
-3.447102,0.53289795,-0.747102,-5.2671022,-4.447102,-3.767102,-1.127102,2.3928978,-4.537102,-4.547102,-1.967102,-3.717102,-2.237102,-7.927102,-1.527102,-1.4271021,-3.757102,-4.377102,-1.497102,-4.4771023,-6.757102,-3.907102,-3.477102,-2.037102,0.49289796,0.04289795,2.702898,-1.2971021,0.40289795,2.852898,6.202898,-1.6671021,0.96289796,0.47289795,-2.317102,0.43289796,-0.48710206,1.8128979,1.852898,-0.5671021,1.242898,-1.0571021,-0.49710205
-0.72710204,-1.1571021,-8.217102,-4.967102,-5.087102,-2.307102,1.872898,1.892898,-3.6371021,-6.077102,-6.947102,-7.147102,-7.5171022,-4.697102,-4.257102,-1.837102,-2.1271021,-2.477102,-4.347102,-1.267102,-6.967102,-4.107102,-4.837102,-6.697102,-5.9971023,-5.557102,-1.877102,-1.6671021,-1.147102,-1.6871021,-2.1271021,-0.53710204,2.4028978,-0.71710205,2.8628979,-1.0571021,8.002898,0.60289794,0.52289796,3.042898,3.432898,0.0028979492,1.362898
-9.147102,-10.877102,-10.057102,-6.307102,-4.837102,1.852898,3.1428978,-3.547102,-8.497102,-5.877102,-4.987102,-8.287102,-8.387102,-6.857102,-2.057102,-1.267102,3.272898,-3.667102,-4.0171022,-3.8571022,-2.787102,-2.737102,-6.177102,-6.577102,-6.107102,-6.307102,-6.717102,-3.427102,-2.897102,-4.107102,0.19289795,2.212898,2.802898,3.542898,5.452898,9.902898,7.932898,6.362898,1.9428979,2.082898,-1.4271021,-0.54710203,0.26289794
-10.117102,-10.437102,-9.647102,-8.277102,-7.487102,-4.437102,-1.747102,-4.027102,-9.587102,3.052898,-5.897102,-5.847102,-8.537102,-6.9971023,-4.987102,-1.8071021,3.692898,-3.3571022,-3.437102,-4.047102,-2.577102,-4.467102,-4.327102,-6.427102,-5.737102,-5.9771023,-9.247102,-8.797102,-5.967102,1.1728979,-3.337102,-4.327102,0.06289795,3.832898,0.21289796,1.8028979,-1.357102,0.66289794,13.312898,6.0028977,2.252898,2.062898,-0.12710205
-9.997102,-9.567102,-7.357102,-7.467102,-5.607102,-2.8671021,-2.427102,-1.3271021,-6.657102,-4.9771023,-4.367102,-4.037102,-6.257102,-7.0171022,-5.0171022,-0.677102,-0.30710205,-5.187102,-4.7471023,-3.717102,-5.137102,-4.887102,-5.467102,-3.987102,-3.6371021,-6.627102,-6.757102,-7.237102,-5.987102,-3.537102,-4.9771023,-3.077102,-5.807102,-4.337102,-7.557102,-3.8671021,0.8728979,4.562898,6.242898,6.402898,7.222898,-0.16710205,-1.5771021
-6.037102,-6.597102,-8.307102,-6.377102,-6.697102,-4.377102,-2.267102,-5.9971023,-5.197102,-3.917102,-5.217102,-5.147102,-4.837102,-5.817102,-5.147102,-6.447102,-5.437102,-6.167102,-5.937102,-6.117102,-6.237102,-6.587102,-7.007102,-5.707102,-4.2271023,-3.8871021,-7.467102,-5.9971023,-4.447102,-2.767102,-4.947102,-6.467102,-4.7471023,-3.557102,-4.417102,-0.78710204,-0.15710205,-0.6271021,0.22289795,4.242898,3.172898,-0.14710206,1.752898
-7.217102,-5.797102,-7.367102,-7.307102,-5.867102,-5.387102,-5.887102,-5.2471023,-5.627102,-5.447102,-5.307102,-5.667102,-4.7271023,-5.7271023,-5.417102,-6.097102,-6.107102,-5.867102,-5.707102,-5.177102,-6.007102,-5.297102,-6.377102,-5.9971023,-3.777102,-4.4971023,-8.997102,-5.207102,-2.667102,-5.257102,-6.027102,-5.197102,-4.327102,-2.247102,-0.70710206,-1.017102,0.9928979,2.042898,-1.247102,4.932898,6.332898,7.2328978,5.882898
-3.337102,-6.257102,-4.847102,-6.137102,-6.077102,-4.917102,-5.377102,-5.177102,-4.947102,-5.257102,-5.557102,-4.147102,-3.727102,-5.367102,-6.027102,-5.207102,-4.917102,-4.887102,-3.577102,-5.077102,-4.797102,-4.9771023,-4.047102,-6.127102,-4.717102,-4.197102,-5.947102,-4.067102,-4.337102,-4.137102,-3.1171021,0.18289796,-1.487102,0.44289795,1.412898,-0.15710205,1.892898,2.6528978,2.782898,1.142898,-0.63710207,0.67289793,0.47289795
-4.357102,-3.417102,-4.167102,-4.647102,-5.337102,-5.027102,-4.807102,-5.707102,-5.787102,-5.687102,-5.5171022,-6.0171022,-5.2271023,-4.487102,-3.8471022,-4.217102,-4.577102,-4.447102,-3.717102,-3.6071022,-4.347102,-3.737102,-3.817102,-3.477102,-3.897102,-4.137102,-3.807102,-4.047102,-2.457102,-4.107102,-3.337102,-1.1671021,-0.79710203,1.482898,-2.687102,0.7428979,-0.82710207,0.03289795,0.16289794,0.51289797,-1.467102,-0.54710203,0.83289796
-3.317102,1.0728979,-2.287102,-1.0371021,-2.307102,-2.307102,-3.067102,-3.477102,-3.317102,-2.1071022,-2.267102,-1.757102,-2.227102,-2.687102,-3.037102,-3.427102,-3.187102,-2.677102,-2.787102,-3.537102,-3.247102,-2.317102,-1.967102,-1.617102,-1.227102,-2.687102,-1.527102,-2.027102,-2.217102,-0.72710204,-1.3171021,-2.6371021,-1.387102,-0.15710205,0.502898,-1.627102,-4.007102,-0.42710206,-1.8171021,-0.8771021,-0.84710205,-0.11710205,-0.03710205
-1.477102,-0.78710204,-1.6871021,-1.1771021,1.162898,-0.45710206,1.502898,2.162898,1.762898,2.482898,-0.557102,0.80289793,2.582898,-2.557102,-0.69710207,-0.007102051,-0.44710204,-0.76710206,-2.1171021,-3.207102,-1.837102,-1.347102,-1.377102,-0.6871021,0.03289795,1.8328979,-1.0371021,-0.03710205,0.22289795,0.83289796,1.162898,0.40289795,0.41289794,-0.9371021,-1.087102,3.662898,-3.007102,-1.1871021,-1.887102,-0.73710203,-0.91710204,-0.66710204,0.21289796
0.9928979,1.8228979,1.5828979,1.0928979,1.002898,0.16289794,-1.747102,0.6228979,0.692898,2.002898,2.832898,1.662898,3.322898,1.872898,-1.0671021,0.44289795,-0.47710204,1.152898,1.6928979,1.152898,0.67289793,0.21289796,0.32289794,1.162898,1.762898,1.132898,1.402898,2.232898,1.642898,1.8028979,1.872898,1.5428979,-0.37710205,2.022898,-1.0371021,0.12289795,-4.177102,-1.757102,0.04289795,0.95289797,-0.36710206,-2.3771021,0.33289796
3.032898,3.802898,2.292898,2.9028978,-2.657102,3.432898,0.64289796,0.38289794,-0.57710207,0.0028979492,0.59289795,1.512898,2.182898,2.662898,-1.987102,0.66289794,-0.54710203,1.1828979,1.3428979,2.442898,2.662898,3.052898,3.562898,1.012898,2.742898,3.012898,2.9028978,2.6128979,2.962898,2.302898,2.032898,2.732898,0.49289796,1.352898,4.372898,-0.05710205,-0.04710205,-2.077102,-1.6971021,-2.087102,-0.017102052,-1.3171021,0.85289794
1.1728979,2.072898,3.452898,2.842898,3.3928978,4.782898,-0.23710205,3.032898,2.422898,0.9928979,1.862898,1.142898,2.202898,0.46289796,1.0528979,1.4628979,1.252898,0.73289794,2.342898,2.352898,3.6528978,0.502898,2.712898,2.6328979,3.212898,4.052898,3.552898,3.4028978,3.482898,2.222898,3.6228979,3.412898,2.052898,2.6128979,4.142898,0.05289795,-0.52710205,-0.32710207,-2.477102,0.42289793,2.252898,-0.16710205,-0.41710204
