wind_kz.json
{"header": {"discipline":0,"disciplineName":"Meteorological products","gribEdition":2,"gribLength":1102,"center":7,"centerName":"US National Weather Service - NCEP(WMC)","subcenter":0,"refTime":"2024-03-19T18:00:00.000Z","significanceOfRT":1,"significanceOfRTName":"Start of forecast","productStatus":0,"productStatusName":"Operational products","productType":1,"productTypeName":"Forecast products","productDefinitionTemplate":0,"productDefinitionTemplateName":"Analysis/forecast at horizontal level/layer at a point in time","parameterCategory":2,"parameterCategoryName":"UnknownDiscipline_0_Category_2","parameterNumber":2,"parameterNumberName":"UnknownParameter_D0_C2_2","parameterUnit":"Unknown","genProcessType":2,"genProcessTypeName":"Forecast","forecastTime":60,"surface1Type":103,"surface1TypeName":"Specified height level above ground","surface1Value":10.0,"surface2Type":255,"surface2TypeName":"Missing","surface2Value":0.0,"gridDefinitionTemplate":0,"gridDefinitionTemplateName":"Latitude_Longitude","numberPoints":615,"shape":6,"shapeName":"Earth spherical with radius of 6,371,229.0 m","gridUnits":"degrees","resolution":48,"winds":"true","scanMode":64,"nx":41,"ny":15,"basicAngle":0,"lo1":47.0,"la1":41.0,"lo2":87.0,"la2":55.0,"dx":1.0,"dy":1.0}, "data":
[rows 0 to 14 of 15, columns 0 to 40 of 41]
-1.6656641,0.064335935,-1.3856641,-4.435664,-3.4356642,-4.075664,-3.165664,-2.9956641,-2.765664,-1.455664,-0.5956641,0.61433595,1.9543359,1.8543359,3.424336,2.154336,3.924336,5.4343357,5.754336,6.014336,1.894336,-2.265664,-1.3756641,1.0843359,0.27433595,1.544336,0.37433594,2.714336,-0.24566406,0.0043359376,2.3043358,0.66433597,-1.1256641,-1.2756641,-5.055664,-5.005664,-3.555664,-3.7056642,-2.835664,-3.505664,2.214336
1.144336,-2.395664,-4.895664,-4.685664,-3.2256641,-3.145664,-1.2556641,0.31433594,0.67433596,1.0743359,1.4943359,0.9043359,1.5043359,1.2443359,1.7043359,2.414336,2.424336,3.244336,5.464336,7.244336,6.864336,5.514336,3.974336,0.61433595,1.8443359,0.82433593,0.62433594,0.7143359,1.314336,0.42433593,1.5743359,0.48433593,0.27433595,1.384336,-0.16566406,0.82433593,-0.49566406,-2.815664,-1.4056641,0.66433597,-1.0056641
-2.285664,-4.795664,-4.045664,-3.4456642,-1.855664,-0.80566406,-0.5456641,-0.6056641,-0.36566406,-0.5256641,-1.0556641,-0.25566405,0.45433593,1.6243359,1.294336,1.9843359,3.0243359,4.214336,4.194336,3.684336,3.434336,3.624336,5.124336,7.564336,11.184336,2.854336,0.61433595,0.9543359,1.6043359,-0.80566406,1.804336,-1.5256641,0.34433594,-0.32566407,-1.0456641,0.51433593,0.9643359,-0.68566406,3.704336,2.0543358,-1.085664
-5.225664,-5.075664,-4.0656643,-2.2256641,-1.1356641,-0.6056641,-0.50566405,-1.4056641,-0.56566405,-1.2556641,-2.6856642,-2.4856641,-1.5156641,-0.86566406,-1.0356641,-0.89566404,0.5343359,1.934336,2.574336,3.954336,4.054336,6.024336,1.314336,9.814336,10.244336,13.524336,10.484336,6.054336,11.474336,4.674336,2.8043358,1.3443359,-0.7756641,-3.4556642,-5.215664,-2.375664,-0.51566404,1.7143359,-1.725664,-0.7956641,-1.615664
-3.865664,-3.615664,-3.2156641,-2.275664,-1.1256641,-1.0256641,-0.9656641,-0.73566407,-1.8856641,-2.7156641,-2.9756641,-3.915664,-3.375664,-3.405664,-3.085664,-1.725664,-1.7956641,-1.085664,-0.115664065,1.4543359,4.624336,6.074336,6.574336,7.104336,7.334336,9.784336,8.844336,8.754336,8.904336,8.734336,6.714336,4.9343357,4.574336,3.244336,-2.395664,-2.055664,-0.5256641,-0.57566404,-1.3056641,-1.215664,-1.8856641
-1.7456641,-1.705664,-1.475664,-1.5556641,-1.095664,-1.1556641,-2.095664,-3.045664,-4.555664,-4.035664,-4.555664,-4.925664,-4.185664,-5.155664,-3.035664,-3.505664,-2.7456641,-3.855664,-3.835664,-2.7456641,-2.875664,-0.88566405,2.484336,4.594336,4.864336,8.014336,6.454336,4.714336,7.694336,3.724336,7.884336,7.194336,9.144336,7.724336,2.7843359,-1.465664,2.3043358,2.684336,-2.755664,-3.655664,-2.175664
-2.4456642,-2.635664,-3.095664,-3.565664,-3.555664,-3.925664,-4.465664,-5.165664,-4.905664,-5.175664,-5.215664,-6.125664,-4.3556643,-5.455664,-4.995664,-4.125664,-4.725664,-5.015664,-4.955664,-6.485664,-5.265664,-3.545664,-2.655664,-2.285664,-2.515664,-1.865664,-2.665664,-2.505664,-0.99566406,3.194336,3.7743359,-0.33566406,0.26433593,-1.2556641,-5.545664,-3.345664,-0.95566404,-0.36566406,1.6243359,0.41433594,-0.93566406
-3.915664,-3.845664,-4.175664,-4.165664,-4.015664,-4.275664,-4.695664,-4.1056643,-4.305664,-5.145664,-5.015664,-4.985664,-4.695664,-5.525664,-4.345664,-5.0856643,-5.685664,-4.545664,-4.265664,-6.035664,-4.745664,-4.305664,-3.1856642,-4.125664,-4.425664,-4.635664,-4.295664,-6.285664,-8.545664,-7.205664,-7.435664,-4.935664,-6.6056643,-2.085664,-2.375664,-2.105664,-0.64566404,0.85433596,-0.25566405,1.2043359,1.2243359
-4.825664,-5.505664,-5.285664,-5.165664,-5.285664,-4.965664,-4.595664,-3.895664,-4.495664,-3.785664,-3.915664,-3.1856642,-3.555664,-2.575664,-3.405664,-4.505664,-4.5656643,-4.735664,-3.325664,-2.4856641,-4.975664,-4.365664,-3.7256641,-3.105664,-4.875664,-3.515664,-2.895664,-4.415664,-3.595664,-4.3556643,-6.895664,-4.3156643,-3.425664,-4.045664,-2.4456642,-1.185664,-0.74566406,-1.695664,0.81433594,-0.28566405,0.8343359
-4.685664,-4.5656643,-4.735664,-4.645664,-4.435664,-3.2356641,-3.7256641,-3.865664,-3.515664,-2.895664,-2.915664,-3.535664,-1.9956641,-1.5556641,-2.825664,-1.9956641,-3.005664,-3.575664,-2.605664,-2.335664,-4.425664,-2.775664,-1.7456641,-2.535664,-3.4356642,-4.195664,-5.0856643,-4.575664,-4.225664,-4.485664,-3.095664,-3.835664,-2.6856642,-2.805664,-1.6756641,-1.1756641,0.42433593,-0.33566406,1.384336,1.274336,0.47433594
-3.275664,-3.305664,-3.115664,-3.065664,-3.1856642,-3.005664,-2.7056642,-2.525664,-2.405664,-1.2956641,-0.8456641,-0.45566407,-0.20566407,-0.09566406,-0.6056641,-0.8556641,-1.3056641,-2.1956642,-1.4956641,-2.095664,-2.2056642,-1.6256641,-1.215664,-0.98566407,-0.93566406,-1.5256641,-2.035664,-2.375664,-2.845664,-1.855664,-2.025664,-1.185664,-0.82566404,-1.4956641,-0.9656641,0.5343359,0.69433594,0.67433596,0.27433595,0.93433595,2.0643358
-2.275664,-2.385664,-2.2356641,-2.2156641,-1.725664,-1.5156641,-1.1456641,-0.80566406,-0.67566407,0.024335938,0.93433595,0.85433596,1.0043359,1.9943359,1.8243359,1.9443359,1.774336,0.99433595,1.1243359,1.2143359,0.91433597,1.0943359,1.5843359,1.274336,1.7343359,1.424336,1.934336,1.764336,1.174336,1.0943359,1.2243359,1.3343359,1.644336,1.1043359,1.1943359,1.7343359,2.7943358,3.7943358,2.384336,1.404336,2.7843359
-0.81566405,-0.88566405,-0.17566407,-0.73566407,-0.7956641,-0.42566407,-0.41566408,-0.13566406,0.66433597,0.45433593,0.6543359,2.084336,1.044336,3.444336,2.5043359,2.374336,2.164336,2.744336,1.814336,2.974336,2.404336,2.5043359,2.964336,2.404336,2.174336,3.384336,3.244336,3.2843359,2.944336,2.664336,2.444336,2.5643358,2.924336,2.354336,2.7743359,3.5643358,4.074336,2.714336,4.944336,4.594336,4.334336
0.15433593,0.79433596,0.064335935,0.88433594,1.524336,1.7543359,1.6043359,1.814336,0.41433594,0.9543359,0.98433596,1.8443359,1.804336,1.6143359,2.134336,1.394336,1.634336,2.484336,1.9643359,3.194336,2.864336,3.0143359,3.724336,3.8143358,3.604336,2.904336,2.344336,2.194336,2.424336,2.2743359,2.214336,2.464336,2.3043358,2.094336,2.204336,2.714336,2.984336,3.604336,4.204336,4.364336,5.1443357
1.764336,1.6243359,1.544336,1.804336,1.4643359,1.7243359,2.874336,2.824336,1.9543359,1.794336,1.4443359,3.2743359,2.664336,2.714336,2.204336,1.9943359,3.894336,4.174336,3.574336,3.984336,4.324336,3.354336,3.114336,3.124336,2.5443358,1.764336,1.294336,1.4543359,0.014335938,-1.965664,-2.105664,-1.695664,-0.9756641,0.11433594,1.294336,2.114336,2.934336,3.5243359,3.594336,4.134336,3.2843359
