wind_kz.json
{"header": {"discipline":0,"disciplineName":"Meteorological products","gribEdition":2,"gribLength":871,"center":7,"centerName":"US National Weather Service - NCEP(WMC)","subcenter":0,"refTime":"2023-08-26T18:00:00.000Z","significanceOfRT":1,"significanceOfRTName":"Start of forecast","productStatus":0,"productStatusName":"Operational products","productType":1,"productTypeName":"Forecast products","productDefinitionTemplate":0,"productDefinitionTemplateName":"Analysis/forecast at horizontal level/layer at a point in time","parameterCategory":0,"parameterCategoryName":"UnknownDiscipline_0_Category_0","parameterNumber":0,"parameterNumberName":"UnknownParameter_D0_C0_0","parameterUnit":"Unknown","genProcessType":2,"genProcessTypeName":"Forecast","forecastTime":60,"surface1Type":1,"surface1TypeName":"Ground or water surface","surface1Value":0.0,"surface2Type":255,"surface2TypeName":"Missing","surface2Value":0.0,"gridDefinitionTemplate":0,"gridDefinitionTemplateName":"Latitude_Longitude","numberPoints":615,"shape":6,"shapeName":"Earth spherical with radius of 6,371,229.0 m","gridUnits":"degrees","resolution":48,"winds":"true","scanMode":64,"nx":41,"ny":15,"basicAngle":0,"lo1":47.0,"la1":41.0,"lo2":87.0,"la2":55.0,"dx":1.0,"dy":1.0}, "data":
[rows 0 to 14 of 15, columns 0 to 40 of 41]
302.3853,294.08533,303.08533,299.18533,299.18533,298.48532,309.78534,316.48532,314.78534,315.98532,312.78534,313.68533,313.18533,312.8853,313.18533,314.8853,315.3853,315.18533,320.78534,317.48532,316.28534,312.3853,313.48532,315.78534,312.08533,313.78534,309.68533,300.48532,295.78534,287.8853,276.68533,285.08533,304.8853,318.78534,323.58533,312.08533,317.58533,314.68533,318.8853,319.78534,319.8853
285.78534,304.18533,299.3853,299.58533,299.58533,298.28534,315.8853,312.78534,311.78534,312.3853,313.18533,311.98532,311.98532,310.58533,311.98532,312.68533,315.3853,319.68533,316.68533,319.78534,318.48532,313.8853,310.58533,301.8853,288.18533,288.68533,302.3853,297.98532,304.8853,288.8853,295.98532,276.98532,298.18533,272.98532,287.68533,310.68533,304.18533,311.78534,318.68533,307.3853,284.28534
306.3853,298.68533,299.78534,299.78534,298.28534,310.48532,310.58533,311.28534,310.18533,309.78534,310.3853,307.28534,307.18533,311.58533,312.08533,313.78534,313.18533,314.98532,315.3853,314.48532,313.48532,313.48532,312.58533,305.8853,312.58533,308.68533,307.98532,308.48532,310.98532,299.8853,273.58533,283.98532,298.98532,296.8853,298.08533,297.28534,297.48532,290.98532,292.58533,291.28534,291.48532
300.48532,298.98532,299.3853,298.8853,298.68533,306.18533,306.08533,308.28534,308.3853,302.78534,307.98532,305.98532,295.48532,294.68533,299.3853,300.58533,310.28534,314.3853,315.18533,315.68533,310.58533,306.68533,313.58533,308.18533,306.98532,310.48532,311.68533,311.08533,308.8853,308.58533,309.68533,303.8853,308.18533,312.48532,312.48532,305.3853,298.8853,296.98532,296.78534,306.48532,308.48532
305.98532,298.28534,298.8853,298.58533,301.58533,302.98532,303.3853,305.78534,304.68533,305.18533,304.08533,298.8853,295.28534,293.98532,291.48532,295.58533,308.78534,306.98532,308.48532,307.8853,310.18533,313.3853,313.28534,310.58533,312.18533,313.68533,312.8853,306.18533,310.68533,309.98532,310.8853,310.8853,299.18533,280.58533,300.98532,312.8853,307.68533,319.8853,321.3853,308.48532,317.28534
303.68533,301.3853,296.48532,296.8853,297.98532,297.3853,302.48532,300.68533,300.28534,300.48532,299.8853,300.18533,295.28534,294.58533,292.28534,291.48532,302.18533,307.58533,307.58533,306.28534,306.48532,306.48532,307.48532,309.98532,309.78534,310.98532,309.28534,293.28534,311.3853,308.08533,310.78534,308.28534,308.8853,307.08533,303.28534,306.18533,301.68533,302.28534,315.68533,317.3853,304.58533
301.3853,301.28534,301.58533,300.48532,298.98532,299.48532,301.28534,298.08533,297.8853,297.58533,298.48532,295.78534,296.68533,298.48532,293.18533,291.28534,290.68533,300.48532,298.18533,303.68533,304.68533,304.58533,304.28534,304.68533,304.18533,304.08533,305.98532,308.18533,309.68533,311.3853,310.08533,311.3853,312.78534,310.78534,309.18533,309.08533,303.78534,298.78534,291.98532,290.8853,305.08533
299.08533,299.3853,297.8853,297.68533,297.98532,297.58533,299.08533,296.68533,292.8853,296.28534,297.68533,296.18533,298.18533,297.68533,297.8853,294.18533,289.98532,289.28534,294.78534,298.8853,301.8853,299.48532,301.98532,301.48532,302.18533,300.78534,299.48532,302.8853,303.68533,307.58533,307.68533,309.58533,308.98532,306.8853,308.48532,311.3853,313.08533,290.08533,311.18533,297.08533,299.48532
296.28534,296.28534,296.28534,296.8853,295.78534,296.78534,293.48532,287.08533,285.3853,284.78534,287.3853,290.48532,295.58533,297.78534,297.28534,291.28534,288.78534,287.98532,287.28534,289.68533,290.98532,297.68533,300.78534,302.08533,299.78534,302.28534,299.18533,298.8853,298.58533,298.48532,301.98532,303.48532,307.08533,308.58533,311.78534,304.18533,302.68533,303.48532,292.08533,283.3853,283.58533
295.08533,294.8853,295.48532,295.48532,295.08533,292.08533,289.98532,289.98532,284.48532,282.98532,281.68533,283.68533,289.18533,294.48532,295.68533,286.78534,288.68533,286.18533,286.78534,286.78534,288.28534,296.58533,293.3853,296.3853,300.18533,300.78534,301.78534,300.78534,299.48532,299.78534,300.68533,303.8853,306.48532,307.18533,307.98532,307.8853,298.08533,293.78534,296.48532,285.78534,282.8853
293.08533,293.58533,293.58533,292.8853,285.58533,292.08533,288.3853,283.8853,281.78534,282.58533,281.58533,281.98532,286.18533,292.98532,294.68533,296.08533,288.28534,288.58533,285.78534,285.48532,286.3853,287.98532,292.68533,292.28534,295.98532,298.68533,297.48532,298.98532,301.3853,303.48532,305.08533,305.3853,303.78534,301.48532,302.08533,300.08533,292.78534,293.28534,293.3853,283.18533,282.48532
292.28534,292.3853,292.3853,289.68533,289.3853,290.68533,289.18533,286.3853,287.8853,286.68533,284.48532,290.28534,294.48532,291.48532,292.3853,294.68533,287.68533,287.28534,287.18533,286.18533,285.58533,284.8853,286.28534,288.68533,294.78534,297.8853,298.78534,301.28534,303.3853,302.78534,301.28534,303.28534,300.58533,300.3853,298.28534,299.18533,298.18533,296.98532,293.08533,289.98532,287.28534
287.98532,289.98532,291.8853,290.78534,288.28534,281.48532,288.28534,289.58533,287.98532,286.08533,282.58533,282.8853,290.3853,285.58533,286.48532,291.28534,290.08533,288.68533,288.98532,290.78534,287.78534,289.28534,290.58533,292.08533,294.48532,297.08533,298.78534,300.18533,298.8853,299.98532,302.48532,300.68533,301.28534,300.78534,299.8853,296.58533,298.18533,296.68533,291.8853,288.78534,287.48532
289.08533,289.98532,290.98532,290.8853,289.28534,283.18533,281.78534,280.8853,280.98532,282.8853,278.8853,278.48532,279.3853,283.78534,284.78534,290.08533,291.58533,290.68533,290.08533,291.18533,287.68533,289.28534,289.78534,294.3853,295.98532,299.08533,298.58533,299.98532,299.8853,298.58533,298.18533,297.08533,296.18533,296.08533,296.98532,296.78534,297.28534,296.3853,292.98532,289.3853,288.18533
287.18533,290.48532,290.78534,290.08533,290.28534,286.18533,285.8853,282.78534,284.98532,284.78534,282.18533,280.98532,278.98532,281.3853,282.78534,284.78534,289.98532,287.8853,287.78534,285.98532,286.28534,289.68533,296.3853,293.68533,295.18533,295.98532,296.78534,296.58533,296.28534,296.18533,295.98532,289.68533,295.3853,295.48532,296.68533,297.3853,297.78534,296.98532,292.18533,290.98532,288.28534
