wind_kz.json
{"header": {"discipline":0,"disciplineName":"Meteorological products","gribEdition":2,"gribLength":1025,"center":7,"centerName":"US National Weather Service - NCEP(WMC)","subcenter":0,"refTime":"2023-09-07T06:00:00.000Z","significanceOfRT":1,"significanceOfRTName":"Start of forecast","productStatus":0,"productStatusName":"Operational products","productType":1,"productTypeName":"Forecast products","productDefinitionTemplate":0,"productDefinitionTemplateName":"Analysis/forecast at horizontal level/layer at a point in time","parameterCategory":2,"parameterCategoryName":"UnknownDiscipline_0_Category_2","parameterNumber":3,"parameterNumberName":"UnknownParameter_D0_C2_3","parameterUnit":"Unknown","genProcessType":2,"genProcessTypeName":"Forecast","forecastTime":120,"surface1Type":103,"surface1TypeName":"Specified height level above ground","surface1Value":10.0,"surface2Type":255,"surface2TypeName":"Missing","surface2Value":0.0,"gridDefinitionTemplate":0,"gridDefinitionTemplateName":"Latitude_Longitude","numberPoints":615,"shape":6,"shapeName":"Earth spherical with radius of 6,371,229.0 m","gridUnits":"degrees","resolution":48,"winds":"true","scanMode":64,"nx":41,"ny":15,"basicAngle":0,"lo1":47.0,"la1":41.0,"lo2":87.0,"la2":55.0,"dx":1.0,"dy":1.0}, "data":
[rows 0 to 14 of 15, columns 0 to 40 of 41]
-0.27890137,-0.32890138,-1.4089013,-5.4589014,-5.6889014,-7.5389013,0.20109864,0.9010986,0.80109864,1.1210986,0.6410986,0.80109864,0.5910986,0.12109863,-0.7989014,-2.2489014,-3.2589014,-2.4289014,-4.4189014,-3.0089014,-1.6489013,-3.5189013,-3.3689013,1.5010986,2.7710986,3.1410987,-0.08890137,2.2210987,-2.5589013,-3.0389013,-0.17890137,2.6810987,-0.31890136,-1.0189013,-0.22890137,0.75109863,1.4310986,0.93109864,0.66109866,0.86109865,1.1910987
0.19109863,0.101098634,2.5310986,0.79109865,2.3310986,-2.1589015,-5.698901,1.2310987,1.1710986,2.1010985,1.7510986,1.4710987,0.99109864,-0.5989014,-1.1889014,-1.5589013,-1.8089013,-2.1389015,-2.8389013,-3.5889013,-2.8389013,-2.8289013,-2.4889014,1.1610986,3.8310986,4.4910984,3.7710986,5.301099,-0.89890134,4.0210986,2.3310986,3.4110987,1.7110987,2.9910986,3.6910987,2.6610987,3.9610987,2.2410986,2.2010987,2.0710986,0.021098632
1.7110987,4.9310985,0.41109863,-1.1689013,-0.82890135,1.2710986,1.0810987,2.0010986,2.1610987,2.4410987,1.7010987,0.5310986,-0.018901367,-0.8689014,-1.2689013,-1.0189013,-0.93890136,-1.9489014,-1.1789013,-1.8389014,-1.7289014,-1.6389014,-0.87890136,2.0910985,-2.5589013,-2.7789013,-2.4389014,-3.1789014,-2.6389015,-3.0789013,-0.8589014,2.3510985,-4.0389013,2.8310986,0.031098632,-4.6189013,-4.5589013,-1.4189013,-2.1389015,2.9910986,2.9810987
-0.55890137,-1.5689014,-4.2289014,-4.198901,1.1210986,0.79109865,0.72109866,2.2110987,1.8110986,1.4910986,0.36109865,-0.47890136,-1.4689014,-2.2689013,-2.7789013,-0.95890135,-0.51890135,-0.06890137,0.25109863,0.021098632,-0.25890136,0.36109865,-2.4389014,-1.2989013,-1.7589014,-1.0689014,-0.32890138,0.18109864,1.0510986,-2.0589013,-3.5189013,-4.7689013,-0.5989014,2.4610987,1.3110986,0.31109864,4.281099,2.7910986,-2.6789014,-2.0889013,-5.9789014
-1.1989014,-2.6689014,-2.6289015,-3.5389013,-2.8089013,-0.008901367,1.0410986,1.1910987,0.9610986,0.87109864,-0.89890134,-1.6389014,-1.2189014,-2.4989014,-1.7289014,-0.7389014,0.66109866,-0.14890137,2.5210986,1.4410987,1.2110987,0.87109864,0.7810986,0.35109863,-0.52890134,-0.7189014,1.6610986,0.9010986,1.4710987,1.1510986,1.3110986,1.6510986,3.8210986,1.9810987,1.0210986,-1.5289013,-6.4589014,1.7210987,-2.5589013,-4.408901,-7.2589016
-1.9689014,-2.9989014,-1.4489014,-2.1989014,-3.6989014,-1.6389014,-2.2689013,2.6110985,1.2810986,-0.08890137,-0.80890137,-0.9689014,-2.5289013,-1.4689014,-1.5689014,-0.95890135,0.15109864,0.5110986,1.5210986,1.6110986,0.80109864,1.1110986,0.5710986,0.6510986,1.2810986,0.74109864,-0.08890137,-2.2189014,0.81109864,1.4710987,2.8110986,3.1310987,4.5610986,1.9110986,4.2110987,4.3810987,0.11109863,-5.8689013,-7.948901,-5.698901,-6.6489015
-2.6289015,-3.7689013,-2.9589014,-3.0089014,-3.3989015,-2.4589014,0.11109863,1.3410987,1.2910986,0.26109862,-1.3089013,0.25109863,-1.2589014,-1.5489013,-1.5489013,-1.3189014,-0.13890137,0.27109864,0.6310986,1.3410987,1.6410986,1.6010987,1.2610986,0.62109864,0.19109863,0.101098634,0.9610986,1.4110986,1.7810986,2.8010986,3.0710986,5.1010985,4.7410984,5.3510985,2.5110986,5.111099,3.3810987,3.4010987,-2.8689013,0.60109866,-8.238901
-2.7589014,-3.0089014,-3.7489014,-3.2489014,-3.6589015,-3.2189014,-2.1689014,-1.0089014,-0.55890137,-1.6889014,-2.1389015,-2.3989015,-2.6189013,-3.0189013,-2.9789014,-1.2189014,-0.31890136,0.74109864,1.0410986,0.66109866,0.87109864,0.8910986,1.6110986,2.2510986,1.8510987,1.9610987,0.33109865,0.5710986,1.3210987,0.8910986,3.7610986,4.6010985,4.861099,6.7710986,7.3710985,6.3510985,6.1410985,1.0010986,1.2410986,-1.6189014,-2.6489015
-2.9689014,-3.7789013,-3.5689013,-3.9089015,-3.2089014,-3.7089014,-3.4389014,-3.1589015,-2.7889013,-3.5489013,-3.7189014,-3.4189014,-3.8489013,-4.8589015,-3.9689014,-2.9889014,-2.2089014,0.35109863,1.5210986,1.6210986,2.1410987,2.3210986,0.021098632,1.5410986,1.0410986,0.68109864,1.5210986,3.2510986,1.1010987,1.6410986,3.5010986,4.7210984,4.4510984,5.9810987,5.281099,4.9210987,7.1010985,6.5610986,5.031099,3.7010987,3.1310987
-3.3889015,-4.4989014,-3.2189014,-4.0489016,-3.5989013,-4.0289016,-4.198901,-4.1489015,-4.2889013,-3.7589014,-3.4889014,-3.5989013,-1.9489014,-4.1489015,-4.4189014,-3.1789014,-3.0489013,-0.9889014,0.7810986,0.45109862,1.0610986,0.74109864,1.8510987,2.1010985,0.5910986,0.47109863,1.0510986,2.5710986,2.9010987,2.0810986,2.2610986,1.8910986,2.8310986,3.2310987,7.5210986,4.6910987,4.6710987,3.2710986,7.2710986,5.281099,3.9410987
-3.1789014,-3.7189014,-4.0989013,-4.3089013,-3.8989015,-4.178901,-4.3089013,-4.678901,-5.198901,-5.3989015,-4.8689013,-2.4789014,-1.6789013,-3.0789013,-3.9689014,-4.7289014,-4.6889014,-4.6289015,-4.2589016,-1.8989013,-0.83890134,-3.7989013,-0.22890137,0.14109863,0.75109863,1.9510987,0.17109863,1.5710987,1.8610986,0.19109863,1.3210987,1.5210986,4.801099,6.1810985,5.9110985,9.191098,8.301099,10.3710985,10.881099,5.8110986,3.5510986
-4.1489015,-2.8489013,-4.0989013,-4.0889015,-4.3689013,-5.158901,-5.5189013,-5.3589015,-5.9589014,-5.5989013,-4.7289014,-3.5989013,-2.8089013,-4.5089016,-5.0789013,-5.3189015,-6.1289015,-4.678901,-3.5289013,-2.0189013,-0.47890136,-1.9789014,-2.1389015,0.28109863,0.7010986,1.5510986,-1.5089014,-1.6989014,-1.3289014,-0.13890137,1.6610986,3.0510986,3.6410987,8.071098,8.041099,10.461099,10.841099,6.6610985,2.2410986,5.1510987,-0.36890137
-3.4689014,-3.7989013,-4.428901,-4.158901,-4.3189015,-3.6989014,-5.2889013,-5.408901,-6.4589014,-4.5889015,-4.1489015,-3.4089015,-5.138901,-4.9789014,-4.5189013,-5.1689014,-4.6889014,-4.1489015,-3.6589015,-4.0089016,-1.7189014,-1.3089013,-1.1689013,-1.6889014,-4.3689013,-2.1489015,-3.0789013,-2.8389013,-1.2089014,0.11109863,4.6210985,4.9210987,4.6710987,6.1810985,9.241098,8.991098,9.051099,5.821099,7.9610987,5.011099,0.26109862
-3.5489013,-4.2589016,-4.3489013,-4.1289015,-4.5089016,-4.8489013,-5.2089014,-5.388901,-3.5089014,-2.7189014,-1.7889013,-2.6589015,-5.1489015,-5.8189015,-6.5489016,-5.1289015,-4.698901,-4.178901,-3.4189014,-4.2589016,-3.4289014,-3.1889014,-3.4389014,-2.2189014,-1.3889014,-2.6989014,-4.4789014,-5.7589016,-4.1889014,-3.5589013,-1.3989013,4.5010986,5.8910985,7.4110985,6.9510984,8.391099,6.321099,7.2310987,7.8510985,5.9810987,4.7510986
-2.3289013,-3.9389014,-4.198901,-4.5089016,-4.658901,-4.5189013,-4.8089013,-4.4789014,-4.428901,-2.5689013,-1.7989013,-4.0389013,-4.0789013,-4.1889014,-5.678901,-5.0689015,-5.448901,-5.0089016,-3.5189013,-3.9589014,-3.4289014,-4.3589015,-3.5289013,-3.4489014,-3.8089013,-4.1289015,-5.6689014,-6.7489014,-5.4189014,-4.5689015,-4.8389015,-3.0789013,3.0710986,4.7510986,6.821099,9.511099,8.291099,9.791099,8.271099,8.741098,5.1410985
