wind_kz.json
{"header": {"discipline":0,"disciplineName":"Meteorological products","gribEdition":2,"gribLength":871,"center":7,"centerName":"US National Weather Service - NCEP(WMC)","subcenter":0,"refTime":"2024-02-02T00:00:00.000Z","significanceOfRT":1,"significanceOfRTName":"Start of forecast","productStatus":0,"productStatusName":"Operational products","productType":1,"productTypeName":"Forecast products","productDefinitionTemplate":0,"productDefinitionTemplateName":"Analysis/forecast at horizontal level/layer at a point in time","parameterCategory":0,"parameterCategoryName":"UnknownDiscipline_0_Category_0","parameterNumber":0,"parameterNumberName":"UnknownParameter_D0_C0_0","parameterUnit":"Unknown","genProcessType":2,"genProcessTypeName":"Forecast","forecastTime":120,"surface1Type":1,"surface1TypeName":"Ground or water surface","surface1Value":0.0,"surface2Type":255,"surface2TypeName":"Missing","surface2Value":0.0,"gridDefinitionTemplate":0,"gridDefinitionTemplateName":"Latitude_Longitude","numberPoints":615,"shape":6,"shapeName":"Earth spherical with radius of 6,371,229.0 m","gridUnits":"degrees","resolution":48,"winds":"true","scanMode":64,"nx":41,"ny":15,"basicAngle":0,"lo1":47.0,"la1":41.0,"lo2":87.0,"la2":55.0,"dx":1.0,"dy":1.0}, "data":
[rows 0 to 14 of 15, columns 0 to 40 of 41]
276.00928,262.40927,270.2093,280.40927,280.50928,282.00928,277.80927,275.40927,273.7093,275.10928,274.2093,275.2093,275.80927,276.30927,276.90927,276.90927,277.60928,277.7093,281.40927,282.7093,278.90927,279.80927,278.2093,273.7093,271.80927,272.7093,267.30927,250.70927,249.50928,249.00928,250.80928,249.40927,256.2093,267.2093,268.60928,268.90927,269.10928,268.80927,268.7093,267.40927,269.00928
253.30928,273.10928,280.2093,280.00928,280.7093,281.10928,274.60928,273.10928,273.10928,273.40927,273.7093,274.40927,274.80927,275.50928,275.60928,275.60928,277.10928,278.2093,278.7093,281.10928,281.7093,278.50928,276.30927,269.2093,251.40927,253.40927,258.2093,249.90927,253.00928,248.60928,257.7093,241.60928,256.10928,237.50928,246.40927,258.2093,256.10928,264.50928,266.30927,260.00928,265.30927
273.30927,278.90927,280.2093,280.50928,280.50928,274.2093,272.60928,272.00928,271.40927,272.90927,272.10928,272.7093,273.80927,274.00928,272.60928,272.10928,273.00928,273.2093,274.10928,274.60928,277.50928,280.00928,279.00928,272.60928,274.50928,271.10928,267.10928,269.30927,270.00928,260.30927,251.00928,253.50928,255.10928,253.90927,250.00928,258.30927,251.80928,246.40927,247.50928,250.70927,246.60928
274.10928,275.90927,277.7093,279.00928,277.50928,270.7093,271.60928,271.10928,271.00928,271.40927,272.00928,271.90927,281.30927,281.90927,273.10928,272.2093,273.90927,273.40927,273.2093,273.40927,276.2093,272.80927,275.60928,272.10928,273.2093,272.90927,271.00928,266.60928,266.00928,264.40927,264.10928,264.90927,268.30927,257.60928,256.10928,262.50928,252.10928,249.90927,258.40927,253.50928,253.10928
272.7093,272.00928,271.00928,270.80927,271.40927,271.50928,271.50928,271.90927,271.40927,272.10928,272.00928,271.40927,279.00928,279.10928,278.30927,272.2093,273.2093,273.50928,272.90927,272.00928,273.30927,273.90927,273.7093,273.40927,270.90927,269.30927,266.80927,265.40927,269.7093,268.10928,267.7093,265.80927,259.7093,246.50928,257.90927,255.00928,256.10928,250.80928,251.40927,253.10928,256.00928
272.30927,271.60928,269.40927,269.50928,270.7093,270.90927,272.00928,272.30927,272.10928,271.50928,272.00928,271.80927,278.00928,279.2093,272.30927,273.40927,272.60928,271.60928,271.40927,272.2093,273.2093,273.30927,271.90927,271.2093,268.30927,264.80927,262.90927,263.60928,263.40927,263.50928,262.50928,264.60928,260.10928,256.40927,262.7093,263.00928,261.30927,258.80927,255.00928,251.40927,254.00928
270.90927,269.30927,269.7093,270.80927,270.50928,271.10928,271.60928,271.90927,271.7093,271.7093,271.30927,270.00928,271.60928,270.7093,272.00928,273.2093,270.80927,270.50928,271.00928,271.90927,269.90927,270.90927,270.2093,268.90927,264.30927,262.30927,258.90927,259.90927,257.60928,258.2093,258.80927,261.60928,259.50928,259.50928,261.00928,259.80927,260.2093,259.40927,255.30928,253.50928,257.30927
269.80927,269.80927,270.50928,270.2093,270.50928,271.10928,272.00928,272.2093,271.2093,271.00928,270.00928,270.30927,269.60928,271.10928,273.10928,272.10928,271.40927,270.40927,271.2093,269.50928,266.40927,267.40927,267.50928,268.40927,266.50928,262.90927,262.80927,256.00928,253.20927,254.10928,256.30927,253.50928,259.10928,256.90927,252.50928,248.60928,247.90927,250.70927,258.00928,259.7093,256.90927
271.00928,270.00928,270.00928,269.2093,270.30927,271.40927,272.2093,270.30927,271.50928,270.80927,269.90927,269.60928,269.90927,272.80927,270.90927,271.2093,269.7093,269.90927,270.60928,269.7093,267.30927,265.2093,266.80927,265.60928,266.30927,265.50928,259.50928,259.60928,258.90927,256.40927,255.00928,256.2093,261.00928,261.10928,258.00928,259.2093,256.10928,256.00928,253.10928,250.50928,250.40927
267.30927,268.80927,267.7093,269.2093,270.00928,271.40927,270.50928,270.10928,269.90927,270.2093,269.7093,270.30927,272.00928,271.00928,269.50928,267.90927,267.40927,267.80927,268.7093,268.30927,268.30927,266.90927,265.60928,265.60928,267.10928,261.80927,260.00928,259.50928,255.60928,255.30928,261.90927,265.50928,265.80927,261.80927,257.2093,251.70927,258.50928,257.90927,254.10928,255.00928,250.20927
266.10928,266.40927,269.40927,268.2093,269.7093,272.80927,271.10928,270.7093,271.30927,272.2093,272.80927,271.40927,271.50928,268.40927,267.60928,267.40927,265.90927,265.90927,267.80927,266.30927,265.40927,265.60928,264.90927,263.2093,261.30927,262.30927,256.90927,259.80927,260.90927,261.40927,262.80927,265.00928,262.60928,263.80927,259.30927,254.30928,258.10928,256.60928,250.90927,255.50928,253.40927
260.30927,265.10928,269.10928,267.10928,268.00928,272.90927,273.00928,272.80927,273.00928,272.80927,270.90927,270.50928,269.80927,268.80927,267.40927,267.7093,266.7093,266.2093,266.40927,265.10928,264.80927,262.80927,262.7093,264.00928,263.50928,261.2093,263.80927,263.90927,260.80927,258.40927,259.10928,261.80927,261.90927,260.10928,257.90927,253.30928,256.7093,258.60928,261.00928,259.00928,256.30927
258.30927,267.80927,268.30927,265.30927,268.00928,273.10928,272.80927,271.60928,271.40927,271.00928,268.90927,268.00928,269.60928,268.90927,267.50928,267.50928,267.2093,266.00928,265.60928,265.2093,266.2093,265.50928,264.80927,263.50928,263.10928,263.90927,263.40927,260.90927,260.00928,260.2093,261.2093,260.40927,259.30927,258.2093,256.60928,257.80927,254.20927,256.90927,256.7093,253.20927,252.40927
257.7093,263.90927,262.90927,262.2093,265.7093,272.00928,271.80927,271.00928,271.40927,272.10928,270.10928,267.50928,268.30927,268.60928,267.50928,267.80927,267.40927,267.10928,267.10928,267.10928,266.30927,265.60928,265.90927,265.40927,264.2093,263.10928,258.90927,259.00928,259.2093,260.40927,261.00928,260.00928,258.40927,258.90927,255.90927,255.40927,253.70927,253.40927,253.80928,258.2093,250.90927
251.60928,256.10928,257.7093,257.90927,262.60928,268.60928,272.7093,272.2093,272.10928,271.90927,268.7093,270.50928,269.60928,268.7093,269.00928,267.00928,266.10928,265.80927,266.80927,266.2093,266.10928,266.40927,266.30927,263.10928,261.90927,260.50928,259.60928,258.7093,258.40927,258.00928,258.10928,258.30927,261.2093,259.90927,258.90927,257.30927,252.90927,253.30928,251.10928,252.40927,253.40927
