wind_kz.json
{"header": {"discipline":0,"disciplineName":"Meteorological products","gribEdition":2,"gribLength":871,"center":7,"centerName":"US National Weather Service - NCEP(WMC)","subcenter":0,"refTime":"2023-08-27T00:00:00.000Z","significanceOfRT":1,"significanceOfRTName":"Start of forecast","productStatus":0,"productStatusName":"Operational products","productType":1,"productTypeName":"Forecast products","productDefinitionTemplate":0,"productDefinitionTemplateName":"Analysis/forecast at horizontal level/layer at a point in time","parameterCategory":0,"parameterCategoryName":"UnknownDiscipline_0_Category_0","parameterNumber":0,"parameterNumberName":"UnknownParameter_D0_C0_0","parameterUnit":"Unknown","genProcessType":2,"genProcessTypeName":"Forecast","forecastTime":0,"surface1Type":1,"surface1TypeName":"Ground or water surface","surface1Value":0.0,"surface2Type":255,"surface2TypeName":"Missing","surface2Value":0.0,"gridDefinitionTemplate":0,"gridDefinitionTemplateName":"Latitude_Longitude","numberPoints":615,"shape":6,"shapeName":"Earth spherical with radius of 6,371,229.0 m","gridUnits":"degrees","resolution":48,"winds":"true","scanMode":64,"nx":41,"ny":15,"basicAngle":0,"lo1":47.0,"la1":41.0,"lo2":87.0,"la2":55.0,"dx":1.0,"dy":1.0}, "data":
[rows 0 to 14 of 15, columns 0 to 40 of 41]
294.2723,284.3723,289.7723,299.3723,299.2723,298.1723,295.6723,295.47232,293.6723,294.2723,293.1723,294.57233,295.2723,295.07233,294.57233,292.8723,292.6723,295.2723,297.57233,296.7723,296.7723,292.47232,294.8723,289.57233,293.1723,294.2723,289.8723,274.2723,273.7723,276.47232,273.57233,277.8723,288.1723,296.47232,298.2723,294.2723,295.1723,294.8723,295.47232,295.2723,295.47232
273.2723,287.1723,299.2723,299.57233,299.3723,297.8723,292.7723,291.47232,291.3723,291.6723,292.57233,292.07233,292.1723,291.8723,292.8723,291.7723,291.6723,291.07233,291.7723,292.1723,294.6723,294.6723,292.6723,286.8723,278.3723,279.6723,283.57233,276.97232,277.47232,273.7723,280.7723,273.2723,281.3723,269.3723,277.1723,294.07233,290.7723,293.6723,296.1723,288.7723,283.97232
287.6723,298.6723,299.7723,299.7723,297.97232,291.1723,290.6723,289.47232,288.8723,289.1723,289.2723,290.2723,289.1723,290.57233,291.47232,289.07233,288.97232,289.6723,290.2723,292.47232,293.2723,293.07233,294.3723,288.3723,293.1723,288.47232,291.7723,290.6723,289.07233,282.47232,277.1723,279.57233,286.07233,281.2723,282.1723,283.2723,277.8723,278.47232,279.7723,275.47232,275.6723
290.1723,298.8723,299.47232,298.8723,294.97232,289.8723,289.6723,288.2723,288.1723,288.97232,289.3723,289.2723,295.47232,294.7723,290.57233,289.57233,290.97232,292.47232,293.07233,291.47232,294.3723,291.2723,294.97232,295.07233,296.07233,297.57233,293.6723,292.1723,292.57233,295.47232,294.97232,294.6723,298.2723,294.97232,296.07233,289.97232,282.07233,276.7723,282.7723,291.7723,294.47232
289.97232,298.47232,299.1723,298.7723,297.07233,291.57233,290.57233,289.6723,288.07233,288.3723,288.3723,288.1723,295.57233,294.1723,291.6723,291.1723,291.7723,290.6723,288.57233,293.2723,294.2723,294.7723,294.1723,296.1723,296.3723,293.57233,294.2723,294.47232,295.7723,295.3723,297.97232,294.97232,285.3723,275.2723,284.2723,293.6723,295.1723,300.3723,298.07233,298.2723,298.07233
286.8723,285.6723,296.6723,297.07233,298.1723,297.6723,291.07233,290.1723,288.7723,288.3723,288.3723,287.8723,293.97232,294.7723,292.47232,289.47232,289.2723,290.6723,289.7723,292.47232,294.47232,293.57233,293.3723,292.7723,291.7723,291.1723,292.97232,293.47232,296.57233,298.1723,297.6723,296.6723,294.6723,292.7723,293.97232,292.6723,291.3723,292.8723,295.8723,298.8723,297.3723
285.6723,284.8723,287.3723,288.57233,291.3723,288.6723,289.07233,287.57233,287.97232,288.3723,287.07233,286.8723,287.47232,288.97232,289.3723,292.47232,290.97232,290.3723,290.2723,289.7723,291.1723,294.1723,294.1723,293.2723,291.2723,291.1723,291.3723,296.3723,295.07233,296.1723,295.2723,295.57233,294.7723,295.97232,294.97232,293.57233,290.2723,286.3723,283.7723,281.7723,292.7723
286.57233,284.2723,288.47232,288.07233,289.97232,289.6723,288.07233,286.57233,285.7723,285.8723,284.7723,284.6723,285.07233,287.1723,288.07233,289.57233,290.3723,291.3723,290.07233,288.07233,288.3723,291.8723,292.07233,290.1723,290.57233,288.3723,288.47232,292.57233,291.57233,293.47232,292.47232,293.07233,291.57233,290.97232,290.2723,290.97232,289.97232,289.3723,291.97232,291.47232,290.97232
286.3723,285.6723,286.8723,285.1723,287.47232,287.07233,290.07233,289.1723,288.1723,284.7723,283.8723,283.07233,282.57233,285.3723,288.2723,289.8723,289.07233,289.1723,288.57233,287.47232,287.07233,286.3723,289.1723,287.7723,287.3723,289.07233,286.7723,287.47232,287.7723,286.6723,288.3723,288.7723,290.1723,290.07233,287.97232,287.47232,288.6723,288.8723,280.3723,280.2723,279.07233
284.47232,286.1723,286.2723,284.57233,284.97232,289.07233,285.47232,287.97232,287.6723,287.07233,282.57233,281.97232,281.47232,286.97232,287.07233,287.2723,289.07233,290.1723,287.97232,287.47232,287.3723,286.07233,287.47232,287.2723,286.47232,286.2723,286.2723,289.57233,288.2723,287.6723,287.6723,290.07233,291.07233,292.1723,288.1723,287.57233,286.47232,284.3723,282.2723,282.8723,280.1723
286.1723,283.8723,283.3723,285.47232,287.1723,284.7723,283.6723,283.3723,286.3723,285.97232,282.3723,285.1723,282.97232,285.6723,286.7723,285.8723,286.6723,287.6723,288.1723,287.47232,285.47232,287.1723,286.7723,286.6723,286.47232,284.57233,284.1723,285.97232,288.3723,290.97232,290.97232,291.8723,289.8723,290.3723,288.07233,286.6723,284.57233,282.47232,281.07233,282.3723,282.07233
281.07233,282.6723,282.8723,282.2723,281.6723,282.07233,282.07233,283.57233,282.7723,281.7723,281.3723,280.1723,284.97232,281.6723,282.1723,285.1723,282.47232,282.3723,283.97232,285.2723,283.57233,284.2723,284.7723,285.57233,285.47232,285.8723,284.8723,286.7723,288.2723,288.97232,288.7723,288.97232,288.2723,286.6723,286.57233,285.07233,285.57233,285.1723,285.47232,285.8723,285.47232
281.3723,281.6723,285.2723,283.57233,285.07233,283.47232,281.6723,283.7723,283.2723,277.07233,280.2723,279.6723,280.47232,279.8723,283.57233,284.6723,283.1723,280.97232,281.3723,280.57233,280.6723,279.7723,280.97232,284.3723,284.97232,286.3723,288.7723,288.07233,286.1723,285.2723,286.47232,287.2723,284.47232,286.57233,285.7723,284.6723,285.47232,286.57233,286.07233,285.7723,285.8723
282.7723,283.6723,288.1723,284.1723,284.2723,282.8723,282.6723,281.8723,282.3723,280.1723,278.07233,276.07233,275.3723,280.6723,279.7723,280.57233,283.8723,283.8723,279.97232,281.6723,284.8723,281.8723,284.8723,283.8723,282.07233,283.6723,285.97232,287.07233,286.57233,284.47232,284.57233,284.1723,283.8723,283.3723,283.1723,283.97232,284.2723,284.1723,284.6723,284.2723,284.8723
282.3723,284.6723,290.8723,282.97232,283.8723,281.2723,283.1723,282.07233,282.2723,281.8723,280.47232,277.8723,277.97232,279.1723,278.97232,279.57233,279.47232,283.1723,283.1723,279.3723,283.57233,284.6723,284.6723,284.1723,280.8723,280.8723,280.6723,284.2723,285.47232,284.97232,283.3723,283.3723,282.47232,281.97232,282.07233,282.6723,283.3723,283.07233,283.57233,283.6723,284.47232
