wind_kz.json
{"header": {"discipline":0,"disciplineName":"Meteorological products","gribEdition":2,"gribLength":1025,"center":7,"centerName":"US National Weather Service - NCEP(WMC)","subcenter":0,"refTime":"2025-04-05T18:00:00.000Z","significanceOfRT":1,"significanceOfRTName":"Start of forecast","productStatus":0,"productStatusName":"Operational products","productType":1,"productTypeName":"Forecast products","productDefinitionTemplate":0,"productDefinitionTemplateName":"Analysis/forecast at horizontal level/layer at a point in time","parameterCategory":2,"parameterCategoryName":"UnknownDiscipline_0_Category_2","parameterNumber":3,"parameterNumberName":"UnknownParameter_D0_C2_3","parameterUnit":"Unknown","genProcessType":2,"genProcessTypeName":"Forecast","forecastTime":240,"surface1Type":103,"surface1TypeName":"Specified height level above ground","surface1Value":10.0,"surface2Type":255,"surface2TypeName":"Missing","surface2Value":0.0,"gridDefinitionTemplate":0,"gridDefinitionTemplateName":"Latitude_Longitude","numberPoints":615,"shape":6,"shapeName":"Earth spherical with radius of 6,371,229.0 m","gridUnits":"degrees","resolution":48,"winds":"true","scanMode":64,"nx":41,"ny":15,"basicAngle":0,"lo1":47.0,"la1":41.0,"lo2":87.0,"la2":55.0,"dx":1.0,"dy":1.0}, "data":
[rows 0 to 14 of 15, columns 0 to 40 of 41]
-1.947926,-2.877926,1.522074,-0.87792605,3.172074,1.552074,2.722074,-1.687926,2.672074,2.292074,1.542074,0.54207397,0.652074,-0.777926,-1.267926,-0.987926,-1.467926,-1.277926,-1.7879261,-1.117926,-0.42792603,-1.947926,-0.787926,2.862074,0.13207397,2.182074,-1.267926,1.532074,4.032074,4.952074,2.842074,-1.4079261,1.5820739,3.792074,4.222074,4.382074,3.9020739,4.142074,4.082074,3.722074,1.8220739
7.062074,1.642074,3.202074,2.452074,1.4620739,3.462074,1.392074,-0.51792604,4.122074,2.502074,1.722074,2.112074,0.85207397,-0.95792603,-1.867926,-0.797926,-2.217926,-2.797926,1.782074,1.7120739,1.3320739,-1.827926,-0.047926024,1.172074,1.772074,-0.56792605,-0.06792603,0.052073974,0.582074,2.932074,6.262074,5.942074,1.782074,1.262074,-4.297926,-0.95792603,-0.64792603,-1.5379261,0.81207395,0.17207398,2.182074
2.912074,4.352074,2.9020739,1.312074,1.942074,3.922074,1.9620739,-0.26792604,4.692074,3.122074,3.1520739,2.442074,0.752074,-1.217926,-2.337926,-2.067926,-2.467926,-3.317926,-1.577926,1.722074,2.072074,-1.597926,-4.257926,-1.517926,-0.797926,-1.597926,-0.37792602,0.052073974,0.09207398,-2.017926,2.752074,-0.33792603,-0.027926026,-1.577926,-1.237926,3.8920739,5.622074,-0.48792604,0.392074,0.24207397,0.832074
1.512074,3.3920739,1.672074,1.482074,2.412074,6.322074,5.492074,3.932074,5.472074,2.6420739,2.022074,0.702074,-0.357926,-2.237926,-0.45792603,-2.137926,-2.877926,-4.017926,-4.177926,-4.077926,-2.3479261,-2.317926,1.9620739,1.742074,-1.227926,-2.557926,-4.027926,-3.047926,-3.997926,-4.947926,-4.777926,-5.717926,-0.58792603,2.292074,-0.76792604,-0.50792605,0.17207398,2.6520739,5.222074,2.592074,0.022073975
2.962074,3.682074,0.062073976,1.602074,1.2020739,3.282074,3.602074,6.832074,5.912074,5.592074,4.562074,2.362074,0.572074,-2.187926,-2.667926,0.07207397,-1.807926,-3.447926,-3.5979261,-3.767926,-4.197926,-3.3579261,-0.88792604,-1.367926,-0.40792602,-2.427926,-3.937926,-3.877926,-2.327926,-4.397926,-4.677926,-0.907926,-0.70792603,4.182074,-1.397926,-1.707926,0.022073975,-0.76792604,0.892074,-0.28792602,-1.467926
0.28207397,3.912074,4.412074,3.052074,2.552074,0.692074,0.692074,7.512074,7.392074,6.7720737,5.5220737,3.682074,1.5720739,-0.46792603,-2.507926,1.372074,0.24207397,-1.857926,-3.417926,-3.3479261,-3.6179261,-3.6079261,-3.337926,-4.317926,-3.327926,-3.067926,-4.127926,-3.947926,-5.277926,-4.347926,-4.187926,-3.337926,-0.107926026,3.112074,3.842074,-3.0979261,0.772074,-1.197926,0.632074,-0.82792604,-0.28792602
1.8220739,-1.437926,5.312074,4.602074,5.152074,3.342074,3.3820739,7.742074,7.382074,8.302074,6.812074,5.402074,3.742074,2.762074,0.572074,1.2020739,0.15207398,-1.237926,-2.587926,-2.437926,-2.997926,-4.307926,-4.047926,-3.937926,-4.337926,-4.577926,-5.737926,-6.137926,-7.667926,-9.727926,-5.447926,-8.077926,-9.147926,-10.397926,2.522074,0.98207396,-2.527926,0.25207397,0.66207397,1.0720739,0.572074
3.352074,-0.19792603,-1.4179261,5.992074,5.162074,3.092074,3.6320739,7.102074,6.952074,6.432074,8.412074,7.792074,5.052074,4.232074,3.112074,3.082074,1.402074,0.712074,-0.89792603,-1.6779261,-2.737926,-3.137926,-3.967926,-3.767926,-3.6079261,-2.907926,-3.497926,-3.837926,-4.317926,-5.807926,-8.177926,-9.047926,-7.817926,-10.9879265,-6.927926,-4.687926,-3.687926,-0.867926,0.27207398,0.17207398,-0.95792603
5.492074,3.952074,0.592074,-1.9179261,5.972074,4.5220737,3.312074,3.942074,4.842074,6.782074,5.782074,7.402074,7.642074,6.032074,5.592074,5.602074,4.422074,2.672074,0.61207396,-0.607926,-1.097926,-2.987926,-3.667926,-3.587926,-3.297926,-3.277926,-3.017926,-2.827926,-2.767926,-2.237926,-4.177926,-6.167926,-6.487926,-8.077926,-5.867926,-6.427926,-4.577926,-3.227926,1.312074,1.372074,-0.58792603
-0.977926,2.492074,3.1320739,2.162074,-0.09792603,3.792074,5.942074,4.192074,5.462074,5.452074,7.222074,6.682074,5.112074,6.062074,5.342074,5.072074,4.652074,3.682074,2.462074,0.73207396,-0.48792604,-1.477926,-1.767926,-2.577926,-2.937926,-2.727926,-2.957926,-2.807926,-3.467926,-4.017926,-0.557926,2.492074,-2.6179261,-4.797926,-4.087926,-2.817926,-0.36792603,-2.547926,1.352074,3.822074,3.322074
0.66207397,0.29207397,0.85207397,2.072074,1.902074,0.24207397,-0.45792603,1.022074,3.502074,5.172074,5.372074,6.922074,7.2720737,6.622074,5.902074,6.762074,5.112074,3.972074,3.182074,2.232074,0.55207396,0.25207397,-0.36792603,-1.477926,-1.487926,-1.897926,-1.6779261,-2.287926,-2.5979261,-2.457926,-3.317926,-2.717926,-2.907926,0.42207396,-3.817926,0.40207398,-2.087926,-0.13792603,-3.1079261,-2.997926,-0.68792605
0.91207397,2.922074,1.732074,1.242074,1.552074,2.1420739,2.422074,1.472074,-0.047926024,-0.22792603,0.22207397,0.25207397,0.512074,1.022074,0.362074,2.182074,4.432074,4.292074,3.522074,2.612074,1.472074,0.34207398,0.102073975,0.392074,0.55207396,-0.88792604,-1.057926,-1.437926,-1.6779261,-1.707926,-2.0979261,-2.537926,-2.497926,-3.3479261,-2.917926,-1.767926,1.252074,1.7120739,0.962074,-0.357926,-1.017926
1.7020739,2.252074,2.612074,3.202074,2.582074,1.652074,2.462074,3.412074,3.552074,1.652074,0.0020739746,1.512074,1.742074,1.802074,1.802074,0.17207398,-0.447926,0.12207398,0.68207395,1.472074,1.912074,1.542074,1.052074,0.87207395,0.29207397,-0.31792602,-0.51792604,-1.2879261,-1.717926,-1.647926,-1.387926,-1.6579261,-2.087926,-2.137926,-2.687926,-2.407926,-0.94792604,0.532074,-2.1079261,-0.89792603,2.822074
3.272074,2.782074,2.932074,2.492074,4.572074,3.482074,1.762074,3.752074,3.4020739,3.8820739,0.882074,0.332074,3.712074,4.112074,3.092074,3.282074,2.862074,2.602074,2.232074,1.772074,1.132074,1.682074,1.362074,0.73207396,1.552074,1.152074,0.28207397,-0.387926,-0.28792602,-0.26792604,-0.83792603,-1.197926,-1.227926,-1.627926,-2.3579261,-2.477926,-1.617926,-0.447926,-0.357926,-0.997926,-0.57792604
4.182074,3.1520739,4.652074,3.422074,3.282074,1.892074,2.162074,1.012074,2.442074,2.762074,0.522074,0.79207397,0.67207396,0.47207397,1.162074,1.532074,1.672074,2.422074,1.722074,0.832074,0.31207398,1.8220739,1.972074,1.002074,0.49207398,0.38207397,0.632074,1.2020739,1.272074,1.102074,1.0820739,1.032074,0.302074,0.102073975,-0.447926,-1.4079261,0.592074,0.60207397,-0.63792604,-0.40792602,-0.08792602
