wind_kz.json
{"header": {"discipline":0,"disciplineName":"Meteorological products","gribEdition":2,"gribLength":948,"center":7,"centerName":"US National Weather Service - NCEP(WMC)","subcenter":0,"refTime":"2023-08-28T06:00:00.000Z","significanceOfRT":1,"significanceOfRTName":"Start of forecast","productStatus":0,"productStatusName":"Operational products","productType":1,"productTypeName":"Forecast products","productDefinitionTemplate":0,"productDefinitionTemplateName":"Analysis/forecast at horizontal level/layer at a point in time","parameterCategory":0,"parameterCategoryName":"UnknownDiscipline_0_Category_0","parameterNumber":0,"parameterNumberName":"UnknownParameter_D0_C0_0","parameterUnit":"Unknown","genProcessType":2,"genProcessTypeName":"Forecast","forecastTime":120,"surface1Type":1,"surface1TypeName":"Ground or water surface","surface1Value":0.0,"surface2Type":255,"surface2TypeName":"Missing","surface2Value":0.0,"gridDefinitionTemplate":0,"gridDefinitionTemplateName":"Latitude_Longitude","numberPoints":615,"shape":6,"shapeName":"Earth spherical with radius of 6,371,229.0 m","gridUnits":"degrees","resolution":48,"winds":"true","scanMode":64,"nx":41,"ny":15,"basicAngle":0,"lo1":47.0,"la1":41.0,"lo2":87.0,"la2":55.0,"dx":1.0,"dy":1.0}, "data":
[rows 0 to 14 of 15, columns 0 to 40 of 41]
308.44656,296.14655,301.44656,298.94656,298.64655,297.24655,309.94656,317.44656,314.44656,314.54657,313.94656,313.34656,311.94656,311.04657,313.74655,313.74655,316.74655,317.04657,324.24655,319.64655,319.34656,313.84656,312.24655,311.04657,312.94656,312.44656,308.04657,302.14655,302.34656,297.44656,297.74655,287.04657,309.04657,315.24655,327.84656,326.64655,330.74655,326.34656,326.34656,327.24655,326.04657
291.74655,302.24655,298.74655,299.04657,298.84656,297.14655,314.24655,311.54657,310.44656,311.74655,313.94656,313.74655,315.84656,316.04657,310.44656,310.94656,313.24655,318.24655,318.44656,321.04657,320.74655,315.44656,309.34656,300.74655,295.44656,294.24655,305.24655,302.84656,303.14655,294.04657,300.94656,285.64655,301.84656,273.24655,298.04657,316.94656,319.64655,321.34656,325.54657,314.94656,285.64655
305.34656,298.04657,298.84656,298.84656,297.04657,309.04657,307.84656,308.24655,309.44656,308.94656,309.94656,310.04657,311.14655,313.04657,312.84656,315.44656,314.94656,315.44656,316.74655,317.14655,317.24655,312.94656,311.24655,302.64655,311.14655,309.44656,310.84656,310.14655,307.74655,299.34656,295.04657,297.64655,300.34656,303.64655,302.44656,302.94656,300.74655,300.84656,308.24655,299.94656,298.74655
306.04657,298.14655,298.64655,297.94656,299.44656,307.04657,306.24655,307.54657,306.64655,307.34656,308.74655,307.04657,294.94656,294.14655,308.34656,313.04657,310.54657,313.74655,316.44656,321.24655,311.74655,310.24655,310.44656,310.74655,310.54657,309.44656,311.64655,311.24655,315.14655,318.54657,313.64655,315.94656,315.54657,321.84656,313.94656,309.24655,299.04657,298.64655,300.54657,313.54657,315.94656
307.04657,297.14655,297.94656,297.34656,302.54657,307.34656,307.34656,309.64655,307.64655,306.84656,308.34656,307.74655,294.64655,293.44656,291.34656,308.34656,309.74655,307.44656,308.14655,306.24655,306.04657,306.94656,309.44656,308.64655,310.64655,312.14655,312.04657,309.34656,314.44656,314.84656,315.34656,311.84656,298.44656,295.54657,303.04657,316.74655,308.94656,325.04657,323.34656,320.34656,322.44656
308.14655,309.14655,295.84656,295.54657,296.54657,296.04657,309.24655,305.34656,305.04657,304.44656,302.74655,302.94656,295.54657,294.24655,299.44656,306.04657,306.04657,305.14655,300.34656,292.84656,292.84656,301.14655,294.54657,304.44656,308.04657,306.04657,303.34656,292.94656,308.84656,311.34656,314.64655,313.64655,314.64655,314.64655,308.94656,307.54657,303.94656,302.94656,313.94656,310.54657,314.44656
308.24655,309.64655,308.24655,308.44656,304.84656,308.74655,309.84656,307.04657,305.94656,304.24655,306.74655,304.64655,298.04657,294.64655,303.24655,292.84656,297.24655,298.64655,299.34656,294.34656,295.94656,304.04657,305.54657,300.44656,296.44656,298.54657,305.64655,307.24655,309.14655,309.84656,309.14655,308.84656,312.04657,312.54657,313.14655,310.14655,304.04657,302.14655,300.64655,300.74655,298.14655
308.94656,309.34656,309.44656,308.14655,307.04657,308.64655,307.54657,304.74655,303.94656,302.74655,302.64655,301.74655,302.84656,302.14655,303.14655,301.74655,301.74655,293.94656,294.84656,290.64655,293.54657,295.44656,298.74655,301.54657,302.64655,300.84656,300.94656,303.34656,303.04657,306.44656,305.24655,305.44656,306.24655,305.64655,305.24655,308.44656,315.04657,289.74655,303.54657,300.84656,302.04657
307.34656,307.94656,307.34656,306.04657,306.34656,305.84656,305.34656,305.64655,303.94656,302.64655,297.24655,300.04657,299.64655,300.74655,301.14655,295.64655,302.34656,302.04657,296.54657,296.14655,290.94656,291.04657,293.94656,296.94656,295.54657,297.14655,295.44656,297.54657,297.54657,297.04657,300.54657,302.04657,305.74655,306.94656,307.34656,305.54657,305.54657,305.94656,292.14655,286.34656,280.24655
306.74655,306.54657,306.14655,304.34656,304.04657,304.34656,303.94656,302.74655,301.44656,300.54657,299.54657,297.84656,298.34656,299.74655,299.44656,290.24655,289.94656,287.64655,295.94656,295.24655,293.94656,295.34656,297.64655,294.24655,293.84656,293.14655,293.74655,294.54657,295.94656,296.94656,295.74655,304.54657,306.74655,308.24655,308.14655,305.24655,300.24655,296.64655,292.94656,285.24655,284.44656
303.34656,303.34656,302.64655,301.14655,301.44656,301.54657,301.34656,301.34656,299.44656,298.54657,297.14655,295.84656,296.84656,297.14655,295.34656,290.04657,288.24655,296.94656,296.34656,294.74655,291.34656,291.04657,287.04657,291.24655,291.94656,290.34656,287.34656,290.04657,297.34656,300.44656,301.34656,303.44656,301.94656,301.34656,304.24655,303.04657,295.14655,293.94656,295.04657,290.54657,287.34656
303.34656,303.14655,302.84656,300.74655,299.54657,298.74655,296.94656,294.74655,296.54657,296.04657,293.94656,294.44656,294.04657,287.74655,292.74655,289.24655,294.74655,295.14655,294.04657,288.24655,284.84656,283.14655,283.34656,283.04657,283.64655,286.04657,288.14655,296.54657,295.74655,300.04657,298.24655,297.64655,298.34656,300.54657,300.44656,302.44656,303.54657,305.24655,302.24655,299.14655,295.84656
297.84656,300.24655,300.04657,298.84656,296.84656,295.84656,296.94656,289.74655,295.84656,288.94656,283.84656,290.24655,287.84656,287.94656,285.64655,291.84656,292.24655,293.44656,293.14655,291.84656,288.04657,283.54657,286.34656,289.34656,291.34656,287.94656,290.14655,294.74655,292.54657,296.24655,292.94656,295.74655,297.44656,296.44656,302.04657,299.34656,299.24655,301.54657,301.34656,299.24655,298.74655
300.34656,299.64655,294.54657,296.54657,296.54657,296.14655,295.74655,294.34656,293.04657,288.64655,285.94656,286.24655,289.14655,288.14655,285.44656,285.24655,290.94656,292.64655,292.34656,294.24655,290.84656,290.24655,289.04657,284.24655,291.94656,297.04657,295.94656,295.24655,294.94656,293.94656,294.14655,294.24655,293.14655,297.44656,299.44656,300.54657,298.74655,300.24655,301.54657,298.24655,300.24655
297.44656,300.64655,290.54657,296.54657,295.34656,293.74655,292.64655,293.14655,294.14655,286.24655,288.04657,288.14655,283.14655,288.44656,286.64655,287.54657,291.24655,290.84656,292.74655,294.34656,294.34656,289.34656,291.54657,285.24655,284.54657,285.64655,285.04657,291.34656,285.44656,286.34656,290.44656,289.74655,292.44656,296.44656,298.14655,297.64655,301.44656,299.64655,300.84656,301.34656,298.54657
