wind_kz.json
{"header": {"discipline":0,"disciplineName":"Meteorological products","gribEdition":2,"gribLength":794,"center":7,"centerName":"US National Weather Service - NCEP(WMC)","subcenter":0,"refTime":"2023-09-26T00:00:00.000Z","significanceOfRT":1,"significanceOfRTName":"Start of forecast","productStatus":0,"productStatusName":"Operational products","productType":1,"productTypeName":"Forecast products","productDefinitionTemplate":0,"productDefinitionTemplateName":"Analysis/forecast at horizontal level/layer at a point in time","parameterCategory":2,"parameterCategoryName":"UnknownDiscipline_0_Category_2","parameterNumber":2,"parameterNumberName":"UnknownParameter_D0_C2_2","parameterUnit":"Unknown","genProcessType":2,"genProcessTypeName":"Forecast","forecastTime":240,"surface1Type":103,"surface1TypeName":"Specified height level above ground","surface1Value":10.0,"surface2Type":255,"surface2TypeName":"Missing","surface2Value":0.0,"gridDefinitionTemplate":0,"gridDefinitionTemplateName":"Latitude_Longitude","numberPoints":615,"shape":6,"shapeName":"Earth spherical with radius of 6,371,229.0 m","gridUnits":"degrees","resolution":48,"winds":"true","scanMode":64,"nx":41,"ny":15,"basicAngle":0,"lo1":47.0,"la1":41.0,"lo2":87.0,"la2":55.0,"dx":1.0,"dy":1.0}, "data":
[rows 0 to 14 of 15, columns 0 to 40 of 41]
-1.0505219,-0.55052185,-0.15052184,0.64947814,1.5494782,2.4494781,2.049478,2.549478,1.2494781,0.5494782,-4.450522,3.049478,-1.4505218,-4.850522,-0.6505219,-3.250522,-1.6505219,-3.1505218,-4.050522,-3.6505218,-2.6505218,-0.35052186,-1.4505218,-2.0505219,0.8494781,-2.250522,-3.0505219,-0.25052184,-0.15052184,0.74947816,-0.05052185,1.9494781,0.8494781,0.74947816,-1.9505218,-1.9505218,-1.4505218,-1.0505219,-1.0505219,-1.0505219,-2.950522
1.0494782,0.04947815,5.649478,8.449478,5.449478,4.949478,3.1494782,0.34947816,2.8494782,-2.450522,-4.050522,-3.750522,-2.450522,-1.7505219,-2.450522,-1.9505218,-0.6505219,-2.6505218,-1.8505218,-2.3505218,-1.3505218,-1.3505218,-1.0505219,-2.750522,0.44947815,1.1494782,-0.35052186,0.24947815,-1.5505219,-0.15052184,0.34947816,-0.05052185,0.14947815,-1.4505218,-0.15052184,0.94947815,0.8494781,-0.25052184,-0.6505219,2.1494782,-0.55052185
2.6494782,10.149478,12.049479,10.749478,7.8494782,4.549478,2.749478,0.34947816,5.449478,-2.450522,-3.8505218,-4.450522,-1.4505218,-1.7505219,-2.1505218,-0.9505218,-2.450522,-1.0505219,-1.5505219,-0.85052186,0.44947815,1.6494782,-2.0505219,-1.0505219,0.94947815,0.74947816,2.3494782,1.3494781,-3.3505218,-0.75052184,-1.0505219,1.7494781,0.8494781,0.5494782,0.5494782,-0.35052186,0.8494781,-0.05052185,0.34947816,2.4494781,2.4494781
6.7494783,10.949478,9.849478,7.049478,4.549478,2.749478,2.749478,2.1494782,-1.6505219,-3.750522,-2.3505218,-3.1505218,0.8494781,-1.9505218,0.24947815,-0.55052185,-2.250522,-2.5505219,-1.6505219,0.04947815,1.0494782,-0.55052185,2.4494781,2.049478,2.1494782,1.1494782,0.04947815,-0.05052185,0.04947815,0.14947815,-1.0505219,-3.250522,-2.250522,-2.750522,-2.0505219,-2.0505219,-1.2505219,2.3494782,1.6494782,-0.45052186,-0.55052185
3.6494782,2.9494781,1.3494781,-1.3505218,1.3494781,2.3494782,3.4494781,2.4494781,-2.6505218,-2.1505218,-3.250522,-2.1505218,-2.8505218,-3.3505218,-2.950522,-2.950522,-1.6505219,-0.9505218,0.04947815,0.74947816,-1.0505219,-2.1505218,-2.250522,-1.1505219,-0.45052186,-0.35052186,-1.8505218,-0.6505219,-1.2505219,-1.0505219,-0.9505218,-0.15052184,-2.3505218,1.6494782,2.749478,-0.25052184,-1.8505218,-1.8505218,-1.7505219,-1.1505219,-1.2505219
1.0494782,1.1494782,0.64947814,-1.5505219,1.1494782,3.4494781,0.34947816,-4.1505218,-3.6505218,-2.950522,-2.750522,-2.950522,-2.6505218,-2.6505218,-2.3505218,-1.2505219,-0.6505219,-0.45052186,-1.8505218,-1.8505218,-2.950522,-1.9505218,-0.75052184,-0.85052186,-0.75052184,-3.250522,-2.450522,-2.750522,-1.6505219,0.14947815,0.8494781,2.4494781,3.1494782,1.8494781,0.94947815,-3.5505219,1.5494782,-1.8505218,-0.05052185,-1.1505219,-0.75052184
1.9494781,1.9494781,0.14947815,-0.05052185,-1.9505218,-3.0505219,-3.8505218,-2.450522,-2.5505219,-2.8505218,-2.750522,-3.3505218,-2.750522,-2.250522,-1.7505219,-1.4505218,-1.2505219,-2.3505218,-2.950522,-3.950522,-2.0505219,-1.5505219,-1.0505219,0.14947815,-2.0505219,-3.0505219,-2.250522,-1.8505218,-1.9505218,-0.6505219,-2.8505218,-1.8505218,-0.55052185,-3.0505219,-3.950522,-2.6505218,-0.6505219,2.1494782,-2.250522,2.3494782,0.64947814
2.249478,2.6494782,0.14947815,0.5494782,-0.55052185,-0.85052186,-1.0505219,-2.1505218,-2.450522,-1.9505218,-2.8505218,-3.250522,-2.750522,-2.8505218,-2.0505219,-1.7505219,-2.750522,-2.950522,-2.750522,-3.450522,-2.0505219,-1.6505219,-1.5505219,-2.250522,-2.8505218,-1.8505218,-1.8505218,-2.3505218,-1.9505218,-3.1505218,-5.2505217,-1.2505219,-4.350522,0.34947816,-0.75052184,0.34947816,0.44947815,-7.850522,-9.550522,-3.8505218,-2.8505218
0.94947815,0.8494781,-2.1505218,0.14947815,-1.0505219,-1.7505219,-2.250522,-2.450522,-2.6505218,-2.0505219,-1.7505219,-2.3505218,-2.1505218,-2.6505218,-2.750522,-1.9505218,-2.450522,-2.6505218,-2.750522,-2.950522,-3.5505219,-2.3505218,-2.1505218,-3.1505218,-3.8505218,-3.0505219,-2.750522,-3.1505218,-1.6505219,-2.5505219,-2.250522,-1.4505218,1.9494781,-0.05052185,-0.15052184,-0.6505219,-0.55052185,-3.250522,-2.0505219,0.94947815,-2.450522
0.24947815,1.6494782,-0.6505219,-2.750522,-2.450522,-2.1505218,-2.6505218,-2.3505218,-2.1505218,-1.6505219,-1.9505218,-1.9505218,-2.1505218,-2.250522,-2.8505218,-2.250522,-2.250522,-1.8505218,-2.250522,-2.450522,-3.5505219,-3.3505218,-2.8505218,-3.1505218,-3.8505218,-4.350522,-3.450522,-3.0505219,-2.250522,-2.250522,0.14947815,1.3494781,1.5494782,0.44947815,0.8494781,-0.75052184,-1.7505219,-0.35052186,-1.5505219,0.34947816,-1.4505218
0.24947815,-0.25052184,-0.35052186,-1.6505219,-3.750522,-3.450522,-1.3505218,-2.250522,-0.85052186,-1.0505219,-0.15052184,-0.15052184,-0.85052186,-1.3505218,-1.5505219,-1.7505219,-1.9505218,-1.6505219,-2.6505218,-2.950522,-2.950522,-3.1505218,-3.1505218,-3.1505218,-2.8505218,-2.750522,-2.6505218,-1.8505218,-1.9505218,-0.45052186,-0.55052185,-0.55052185,-1.5505219,-1.5505219,-0.25052184,-0.55052185,-1.2505219,0.44947815,-0.85052186,0.94947815,-0.9505218
0.04947815,-0.55052185,-1.3505218,-0.9505218,-2.450522,-1.8505218,-0.45052186,-0.35052186,-1.3505218,-0.45052186,-0.75052184,-0.75052184,0.04947815,0.24947815,0.04947815,-1.5505219,-1.9505218,-1.8505218,-2.750522,-2.1505218,-2.450522,-2.6505218,-2.8505218,-2.6505218,-2.8505218,-2.5505219,-2.3505218,-1.7505219,-1.7505219,-2.450522,-2.1505218,-2.450522,-1.9505218,-2.450522,-1.6505219,-1.7505219,-2.250522,-1.2505219,0.04947815,-0.55052185,-0.45052186
-0.15052184,0.44947815,0.04947815,-0.85052186,-0.15052184,-0.45052186,1.2494781,0.24947815,1.3494781,0.14947815,-0.9505218,1.0494782,-0.05052185,1.8494781,-0.55052185,1.1494782,-0.05052185,-1.2505219,-2.0505219,-2.250522,-1.8505218,-0.6505219,-1.3505218,-1.0505219,-2.250522,-2.3505218,-1.3505218,-2.250522,-2.8505218,-2.3505218,-3.0505219,-2.750522,-2.5505219,-3.1505218,-2.1505218,-3.3505218,-2.250522,-1.4505218,-2.5505219,-1.6505219,-0.9505218
1.0494782,0.34947816,0.8494781,2.049478,1.3494781,0.44947815,0.04947815,2.4494781,3.049478,2.1494782,0.8494781,0.24947815,1.9494781,1.7494781,0.8494781,0.04947815,0.34947816,-0.05052185,-1.0505219,-1.6505219,-1.5505219,-1.3505218,-0.9505218,-1.7505219,-2.1505218,-2.250522,-2.0505219,-1.9505218,-3.450522,-3.750522,-4.2505217,-3.950522,-4.450522,-4.350522,-3.450522,-3.8505218,-2.8505218,-2.5505219,-2.5505219,-1.0505219,0.5494782
1.1494782,1.4494781,1.7494781,1.8494781,2.549478,2.8494782,3.6494782,-0.05052185,2.4494781,3.1494782,0.14947815,0.74947816,0.74947816,0.94947815,0.94947815,0.64947814,1.2494781,0.5494782,-0.05052185,0.14947815,-0.25052184,-0.45052186,-1.0505219,-1.3505218,-1.3505218,-1.1505219,-1.5505219,-2.450522,-3.3505218,-3.750522,-3.8505218,-4.050522,-2.8505218,-2.450522,-2.5505219,-3.0505219,-2.3505218,-2.5505219,-1.7505219,-3.1505218,-1.8505218
