wind_kz.json
{"header": {"discipline":0,"disciplineName":"Meteorological products","gribEdition":2,"gribLength":1025,"center":7,"centerName":"US National Weather Service - NCEP(WMC)","subcenter":0,"refTime":"2023-09-09T18:00:00.000Z","significanceOfRT":1,"significanceOfRTName":"Start of forecast","productStatus":0,"productStatusName":"Operational products","productType":1,"productTypeName":"Forecast products","productDefinitionTemplate":0,"productDefinitionTemplateName":"Analysis/forecast at horizontal level/layer at a point in time","parameterCategory":2,"parameterCategoryName":"UnknownDiscipline_0_Category_2","parameterNumber":3,"parameterNumberName":"UnknownParameter_D0_C2_3","parameterUnit":"Unknown","genProcessType":2,"genProcessTypeName":"Forecast","forecastTime":300,"surface1Type":103,"surface1TypeName":"Specified height level above ground","surface1Value":10.0,"surface2Type":255,"surface2TypeName":"Missing","surface2Value":0.0,"gridDefinitionTemplate":0,"gridDefinitionTemplateName":"Latitude_Longitude","numberPoints":615,"shape":6,"shapeName":"Earth spherical with radius of 6,371,229.0 m","gridUnits":"degrees","resolution":48,"winds":"true","scanMode":64,"nx":41,"ny":15,"basicAngle":0,"lo1":47.0,"la1":41.0,"lo2":87.0,"la2":55.0,"dx":1.0,"dy":1.0}, "data":
[rows 0 to 14 of 15, columns 0 to 40 of 41]
0.28153136,1.4115313,3.2015314,3.0615313,2.2515314,1.3315314,2.2315314,2.1115313,0.25153136,-0.72846866,-2.8984687,-2.9184687,-3.5784686,-4.6584687,-5.9684687,-5.8184686,-6.3884687,-3.8784685,-6.9184685,-5.6084685,-6.2184687,-6.6284685,-4.268469,1.3115314,5.4715314,1.8615314,-0.31846863,3.3815315,-2.1684687,-3.2284687,1.2815313,3.7415314,0.52153134,-0.5884686,-0.27846864,-0.41846862,0.8015314,0.64153135,-0.088468626,-0.06846863,-0.4284686
4.2015314,2.7215314,5.481531,4.3115315,3.9715314,3.1115313,1.5615314,2.1015313,1.2215314,-0.54846865,-1.1784686,-1.8584687,-2.7284687,-3.5384686,-5.3684688,-5.8884687,-5.2284684,-6.6184688,-7.9584684,-8.168468,-8.348469,-8.198468,-5.1684685,0.9615314,1.1015314,4.2215314,3.0915313,3.8815315,0.081531376,4.2915316,2.7415314,3.5715313,2.6715314,2.3715315,2.9515314,-1.1784686,-2.7984686,1.1515313,1.5515313,1.7815313,-0.7584686
3.9215314,7.7215314,5.921531,5.191531,4.3815312,2.6615314,2.2415314,2.3715315,2.7115314,0.93153137,-0.99846864,-1.3384687,-2.9784687,-3.4984686,-4.8784685,-5.9884686,-6.3384686,-6.8384686,-7.6584687,-8.538468,-8.968469,-7.598469,-1.6684686,-1.3284687,-7.0084686,-5.2984686,-2.2884686,2.5015314,1.8315314,0.64153135,-1.0884687,1.7415314,-4.598469,-1.8484687,1.1715313,-1.9284686,2.1015313,3.2815313,-1.1784686,2.9915314,1.7215314
3.8915315,5.3715315,5.191531,4.191531,2.8115313,3.3515313,3.6015313,2.8715315,3.0115314,2.2215314,0.83153135,-1.4184686,-3.5884686,-4.4484687,-4.1984687,-4.8184686,-5.7784686,-6.538469,-7.3684688,-8.008469,-8.108469,-4.828469,-5.8784685,-6.5084686,-5.2784686,-3.1184685,-2.2084687,-7.1884685,-0.60846865,4.2915316,2.8415313,-0.81846863,-2.5384686,2.1415315,2.3715315,3.1615314,4.5115314,4.2015314,-2.4484687,-3.5884686,-1.8984686
3.2215314,3.8315313,3.6215315,2.8715315,2.5915313,2.3915315,2.2115314,3.3715315,3.1715314,1.9615314,0.6515314,-0.8284686,-2.2684686,-3.8384686,-4.7184687,-5.2284684,-5.9884686,-6.9484687,-7.7084684,-7.7584686,-7.5484686,-7.538469,-7.6584687,-7.8784685,-8.068469,-6.9984684,-0.17846863,1.5815314,3.4115314,-1.8684686,0.88153136,5.4315314,3.5615313,-1.5884687,0.18153137,0.15153137,1.1415313,0.93153137,-3.4384687,-5.9084687,-1.9884686
3.5015314,3.3015313,4.1115313,3.5615313,3.3915315,2.7315314,2.7015314,3.4315314,2.6015313,2.3915315,0.7915314,-0.32846862,-1.9284686,-4.018469,-5.1984687,-5.7784686,-6.1284685,-7.0084686,-7.598469,-6.9784684,-6.9584684,-7.6384687,-8.578468,-9.338469,-9.298469,-9.018469,-7.518469,-8.388469,-7.558469,-1.0884687,1.2215314,1.5815314,0.33153138,-2.2584686,4.6015315,-7.8984685,-2.3784685,3.0015314,1.2415314,-0.048468627,-2.4184687
2.5615313,2.8415313,2.4515314,2.4015315,2.5415313,2.3215313,2.6815314,3.4115314,2.7715313,2.1415315,1.1415313,0.34153137,-1.3184686,-2.8084686,-3.9484687,-5.0084686,-5.9684687,-6.558469,-7.4284687,-6.9684687,-6.9484687,-7.5084686,-7.6184688,-8.698468,-9.118468,-9.038468,-8.748468,-9.048469,-6.848469,-8.6284685,-7.6284685,0.14153138,1.0115314,-4.1084685,2.0015314,2.3315313,5.8415313,3.8715315,4.1815314,2.5515313,4.9715314
2.6215315,2.6015313,2.5415313,2.3515313,1.8415314,1.5815314,2.1315315,3.1715314,2.5015314,2.7215314,1.6915314,0.63153136,-1.2984686,-2.2984686,-3.7584686,-4.848469,-5.2484684,-5.3684688,-6.3384686,-6.7284684,-6.4684687,-7.0484686,-7.2084684,-7.6284685,-8.018469,-8.528469,-9.418468,-9.048469,-8.068469,-7.2084684,-9.108469,-10.088469,-3.0384686,-9.958468,-1.0784687,-2.4784687,-4.8584685,3.4415314,4.1215315,0.47153136,6.401531
3.1215315,2.7115314,2.7815313,2.2715313,1.5115314,1.0615314,1.0715314,2.0915313,3.0415313,2.8715315,2.4615314,0.8015314,-0.54846865,-2.2084687,-3.8384686,-4.848469,-5.268469,-5.6584687,-5.4684687,-5.5284686,-4.7384686,-6.308469,-7.2584686,-7.9284687,-8.098469,-7.788469,-7.4984684,-7.1484685,-8.228469,-7.268469,-7.2184687,-6.7584686,-6.3984685,-5.9584684,-7.578469,-5.3684688,2.4415314,8.501532,6.9915314,3.5015314,6.1015315
3.4515314,2.7415314,2.5515313,2.3315313,1.7415314,1.0115314,0.56153136,0.63153136,1.4515314,2.0115314,1.9615314,1.2415314,0.42153138,-1.5284686,-3.1484687,-3.4084687,-4.2584686,-4.7784686,-5.2784686,-4.6284685,-4.7384686,-5.768469,-5.7184687,-6.3784685,-6.6384687,-6.6584687,-6.1084685,-6.3884687,-5.9784684,-5.848469,-6.7284684,-7.288469,-6.3784685,-6.7184687,-5.078469,-6.578469,-0.5784686,2.6715314,0.5515314,5.921531,2.7115314
3.6615314,3.3715315,3.1815314,2.3915315,2.1015313,2.3015313,0.9215314,0.081531376,-0.5784686,-0.56846863,-0.6584686,-0.09846863,0.57153136,-1.1984687,-3.6384687,-4.538469,-3.6284685,-3.6784687,-4.4984684,-4.9584684,-5.2084684,-4.828469,-5.7384686,-6.0684686,-5.9284687,-6.518469,-6.2084684,-6.5884686,-6.2784686,-5.9384685,-6.078469,-5.5284686,-4.6884685,-4.268469,-4.5884686,-3.5384686,-2.3284686,-1.7984686,4.3215313,3.5615313,3.9315314
2.9515314,3.1415315,3.2115314,3.4515314,3.1715314,2.6515315,2.3115313,1.3615314,-0.048468627,-0.5184686,-1.1684686,-0.54846865,1.0715314,0.22153138,-2.6284685,-3.8984687,-3.9084687,-3.7084687,-2.8784685,-4.3184686,-4.308469,-4.6484685,-4.6884685,-5.098469,-5.2584686,-6.4184685,-6.288469,-6.8384686,-6.018469,-6.0084686,-5.5284686,-5.4384685,-3.7584686,-3.5384686,-2.5184686,-2.5484686,1.7815313,-0.5084686,-1.6584686,-1.8384687,-1.6284686
3.7915313,4.1015315,3.6015313,2.8615313,2.6915314,2.0615313,2.1615314,1.7815313,0.83153135,0.17153138,-0.72846866,-1.7384686,-0.07846863,0.28153136,-1.2984686,-3.2984686,-4.058469,-4.3184686,-3.3684685,-2.3284686,-3.4784687,-3.9284687,-4.288469,-5.038469,-5.7584686,-5.6984687,-6.1984687,-6.1784687,-5.9384685,-5.3684688,-5.1284685,-4.6284685,-3.9084687,-3.0384686,-2.3984687,-1.1684686,-1.1684686,-0.048468627,0.5515314,-1.8384687,-1.6184686
4.7915316,4.711531,5.1115313,4.191531,3.8215313,3.5415313,3.0415313,2.2115314,1.9915314,2.1115313,0.18153137,-0.5284686,0.0015313721,0.19153138,-1.6684686,-1.9684687,-2.8784685,-3.7284687,-2.9084687,-2.1784687,-2.2584686,-3.5184686,-4.1584687,-4.4684687,-4.3984685,-4.7284684,-5.6884685,-5.3184686,-5.078469,-5.5284686,-4.2184687,-3.5584686,-4.1084685,-3.4184687,-2.3284686,-1.6484686,-0.3984686,0.77153134,1.1815314,1.8115314,0.70153135
3.7815313,4.2815313,6.1415315,5.1615314,4.9915314,4.1115313,3.5015314,3.6215315,3.0915313,3.2915313,2.4815314,1.0615314,0.43153137,-1.7884686,-1.2784686,-1.6084687,-2.2184687,-3.5284686,-2.4284687,-3.0284686,-2.4584687,-2.7884686,-3.6484687,-4.2084684,-4.5284686,-4.308469,-5.2284684,-5.098469,-5.2484684,-5.058469,-4.7584686,-4.0884686,-3.3784685,-3.2884686,-2.4384687,-1.4784687,-1.1484686,0.5315314,1.6015314,1.9615314,2.6515315
