wind_kz.json
{"header": {"discipline":0,"disciplineName":"Meteorological products","gribEdition":2,"gribLength":871,"center":7,"centerName":"US National Weather Service - NCEP(WMC)","subcenter":0,"refTime":"2024-02-01T00:00:00.000Z","significanceOfRT":1,"significanceOfRTName":"Start of forecast","productStatus":0,"productStatusName":"Operational products","productType":1,"productTypeName":"Forecast products","productDefinitionTemplate":0,"productDefinitionTemplateName":"Analysis/forecast at horizontal level/layer at a point in time","parameterCategory":0,"parameterCategoryName":"UnknownDiscipline_0_Category_0","parameterNumber":0,"parameterNumberName":"UnknownParameter_D0_C0_0","parameterUnit":"Unknown","genProcessType":2,"genProcessTypeName":"Forecast","forecastTime":300,"surface1Type":1,"surface1TypeName":"Ground or water surface","surface1Value":0.0,"surface2Type":255,"surface2TypeName":"Missing","surface2Value":0.0,"gridDefinitionTemplate":0,"gridDefinitionTemplateName":"Latitude_Longitude","numberPoints":615,"shape":6,"shapeName":"Earth spherical with radius of 6,371,229.0 m","gridUnits":"degrees","resolution":48,"winds":"true","scanMode":64,"nx":41,"ny":15,"basicAngle":0,"lo1":47.0,"la1":41.0,"lo2":87.0,"la2":55.0,"dx":1.0,"dy":1.0}, "data":
[rows 0 to 14 of 15, columns 0 to 40 of 41]
287.54584,277.14584,281.74585,280.14584,280.24585,281.64584,285.54584,286.44586,283.24585,284.04584,282.04584,282.34586,281.84586,281.44586,281.04584,281.04584,282.64584,282.34586,284.54584,283.54584,286.54584,285.74585,285.74585,282.54584,283.74585,285.64584,278.84586,261.64584,259.44586,252.74585,256.24585,254.04585,262.84586,273.74585,272.64584,273.54584,274.24585,272.54584,270.94586,270.74585,270.94586
266.84586,283.74585,280.04584,279.74585,280.24585,280.74585,287.14584,284.14584,283.64584,283.34586,283.54584,281.64584,281.54584,280.84586,279.54584,279.64584,282.04584,281.14584,280.34586,282.84586,283.64584,284.14584,283.04584,272.84586,253.64584,260.04584,263.54584,254.44585,258.04584,254.64584,263.34586,241.84586,262.64584,239.44585,248.84586,261.04584,258.84586,269.34586,270.64584,267.64584,269.44586
282.54584,278.14584,279.84586,280.04584,280.14584,284.24585,283.54584,282.84586,281.34586,281.14584,280.54584,280.54584,279.84586,279.44586,275.84586,275.04584,275.24585,274.34586,275.14584,276.94586,280.24585,281.14584,279.04584,268.94586,277.74585,275.04584,274.44586,275.74585,274.94586,265.64584,248.84586,255.34586,260.34586,257.64584,257.94586,262.74585,251.14584,251.64584,252.94585,252.24585,250.14584
282.84586,275.74585,277.74585,278.84586,280.54584,282.84586,282.34586,281.24585,281.94586,280.14584,279.34586,278.54584,281.14584,281.74585,275.94586,274.44586,274.54584,274.14584,274.34586,275.04584,277.64584,267.14584,273.14584,272.64584,272.94586,272.64584,272.54584,269.74585,270.84586,270.24585,269.74585,269.34586,272.74585,269.64584,262.44586,260.84586,251.74585,252.24585,259.54584,261.84586,263.04584
280.54584,272.94586,272.34586,272.84586,277.34586,282.24585,280.14584,281.34586,280.04584,277.64584,276.64584,276.24585,278.84586,278.84586,278.14584,273.84586,273.54584,273.14584,273.14584,272.34586,273.54584,273.74585,272.04584,272.44586,271.74585,270.74585,264.84586,270.14584,270.24585,269.64584,271.54584,270.64584,257.04584,254.04585,260.14584,259.34586,263.34586,261.24585,263.64584,262.34586,261.04584
280.74585,279.84586,273.04584,272.94586,272.74585,272.54584,281.14584,280.14584,277.74585,276.84586,275.64584,274.94586,278.04584,278.94586,272.34586,273.34586,273.24585,272.54584,270.74585,270.94586,265.24585,270.84586,268.24585,265.14584,266.24585,261.64584,268.24585,267.44586,266.84586,265.84586,266.64584,270.04584,263.74585,261.24585,263.54584,260.94586,260.24585,255.94585,256.84586,258.24585,257.54584
278.94586,279.84586,281.04584,279.94586,275.74585,279.94586,281.44586,277.64584,276.74585,275.64584,275.34586,272.94586,273.24585,271.94586,272.04584,272.34586,271.44586,270.94586,265.54584,263.84586,262.64584,262.64584,262.14584,262.64584,259.64584,258.24585,256.64584,260.14584,257.24585,258.14584,254.94585,254.14584,256.04584,254.34586,256.94586,256.94586,254.84586,257.34586,254.64584,252.34586,251.64584
277.84586,278.64584,278.94586,278.84586,278.04584,276.34586,276.74585,275.74585,275.04584,272.44586,269.44586,269.04584,266.94586,265.74585,267.24585,266.94586,265.94586,264.64584,263.64584,262.24585,260.14584,260.14584,259.24585,259.64584,258.44586,256.04584,256.04584,255.44585,254.04585,251.94585,250.24585,253.64584,253.04585,254.44585,256.64584,255.44585,255.94585,258.84586,258.04584,256.74585,250.54585
276.84586,276.44586,276.74585,276.44586,275.44586,275.84586,275.24585,271.94586,270.74585,268.84586,268.84586,267.84586,264.84586,264.64584,263.84586,264.74585,264.34586,264.74585,262.94586,262.24585,260.94586,259.84586,259.84586,258.14584,256.94586,257.54584,255.54585,254.04585,254.24585,252.14584,249.74585,252.74585,262.14584,265.24585,261.84586,258.04584,254.44585,255.44585,249.74585,251.34586,246.64584
275.64584,275.34586,273.24585,273.04584,271.04584,269.14584,268.24585,268.14584,268.14584,268.94586,268.54584,267.14584,266.34586,264.04584,263.54584,263.74585,269.04584,268.64584,268.44586,267.94586,267.74585,267.84586,266.34586,262.04584,262.94586,262.74585,262.34586,263.04584,261.34586,259.94586,260.54584,265.34586,265.74585,265.24585,260.34586,259.24585,258.64584,249.94585,246.84586,252.24585,253.74585
270.94586,270.04584,269.04584,267.84586,268.64584,267.54584,266.54584,266.94586,267.54584,265.84586,266.34586,266.44586,264.84586,264.94586,263.84586,271.34586,271.34586,268.24585,269.34586,268.74585,269.04584,269.24585,267.54584,268.74585,267.84586,265.94586,263.24585,264.34586,265.04584,266.34586,265.44586,263.64584,262.94586,263.54584,259.94586,260.14584,257.14584,252.24585,252.94585,258.84586,254.84586
270.44586,269.14584,267.94586,266.84586,266.04584,265.44586,265.74585,265.04584,263.84586,265.14584,272.04584,266.84586,265.14584,265.94586,266.64584,272.04584,272.74585,268.34586,266.84586,271.44586,271.84586,271.64584,271.54584,271.24585,269.04584,268.14584,266.64584,265.64584,265.24585,263.84586,261.44586,258.34586,260.44586,254.94585,260.94586,256.14584,258.54584,262.54584,259.04584,257.94586,258.54584
270.94586,268.24585,267.74585,267.84586,268.34586,271.14584,264.44586,263.24585,264.64584,264.84586,272.74585,272.84586,266.94586,267.84586,267.74585,272.44586,266.84586,266.44586,271.54584,272.74585,272.84586,272.64584,272.54584,272.04584,272.14584,272.14584,265.14584,263.34586,258.64584,257.84586,256.74585,256.14584,254.64584,253.74585,252.44585,250.24585,252.14584,255.94585,252.34586,249.54585,250.94585
271.84586,269.34586,267.44586,266.94586,266.54584,267.44586,265.84586,265.54584,265.84586,266.84586,272.24585,271.34586,269.04584,267.84586,267.34586,266.54584,266.34586,266.54584,266.24585,268.64584,273.24585,273.14584,273.14584,273.14584,272.94586,265.54584,262.74585,258.34586,257.64584,255.74585,253.54585,252.64584,251.84586,250.84586,249.64584,246.94585,248.44585,247.14584,244.84586,245.94585,251.94585
272.64584,268.54584,267.24585,268.14584,268.14584,268.94586,268.44586,268.14584,266.24585,268.14584,270.24585,269.84586,270.54584,270.74585,268.54584,267.44586,267.94586,268.74585,266.84586,268.84586,273.24585,273.24585,273.14584,273.24585,270.94586,261.94586,259.04584,256.74585,255.84586,254.44585,253.64584,252.34586,250.04585,248.94585,248.24585,247.64584,244.54585,247.04585,247.04585,246.14584,246.34586
