wind_kz.json
{"header": {"discipline":0,"disciplineName":"Meteorological products","gribEdition":2,"gribLength":1102,"center":7,"centerName":"US National Weather Service - NCEP(WMC)","subcenter":0,"refTime":"2023-10-02T12:00:00.000Z","significanceOfRT":1,"significanceOfRTName":"Start of forecast","productStatus":0,"productStatusName":"Operational products","productType":1,"productTypeName":"Forecast products","productDefinitionTemplate":0,"productDefinitionTemplateName":"Analysis/forecast at horizontal level/layer at a point in time","parameterCategory":2,"parameterCategoryName":"UnknownDiscipline_0_Category_2","parameterNumber":3,"parameterNumberName":"UnknownParameter_D0_C2_3","parameterUnit":"Unknown","genProcessType":2,"genProcessTypeName":"Forecast","forecastTime":240,"surface1Type":103,"surface1TypeName":"Specified height level above ground","surface1Value":10.0,"surface2Type":255,"surface2TypeName":"Missing","surface2Value":0.0,"gridDefinitionTemplate":0,"gridDefinitionTemplateName":"Latitude_Longitude","numberPoints":615,"shape":6,"shapeName":"Earth spherical with radius of 6,371,229.0 m","gridUnits":"degrees","resolution":48,"winds":"true","scanMode":64,"nx":41,"ny":15,"basicAngle":0,"lo1":47.0,"la1":41.0,"lo2":87.0,"la2":55.0,"dx":1.0,"dy":1.0}, "data":
[rows 0 to 14 of 15, columns 0 to 40 of 41]
7.190237,1.5102369,-2.6997633,-13.129764,-12.819763,-11.429763,-8.109763,-7.4897633,-3.6197631,-4.6997633,-5.0997634,-5.529763,-5.529763,-5.249763,-4.959763,-4.1397634,-1.6597632,-1.3297632,-3.4997633,-2.4797633,-0.4297632,-1.8897632,-2.2897632,2.1202369,1.8502368,1.2502369,0.6102368,-0.83976316,-1.6197631,3.5302367,1.3602368,0.24023682,-1.6697632,1.3802369,0.17023681,-2.3797631,-2.6297631,-0.5797632,0.65023685,1.6302369,3.7502367
-1.9897631,-1.9697632,-11.7497635,-11.949763,-10.769763,-8.869763,-5.9097633,-6.6197634,-6.9497633,-4.6397634,-5.209763,-4.709763,-5.019763,-5.8697634,-6.029763,-6.0997634,-3.5397632,-3.4997633,-3.2897632,-3.0397632,-4.7197633,-3.419763,-3.5097632,-1.7997632,1.3702369,1.7302368,0.020236816,1.8602368,-0.8797632,0.79023683,-0.019763183,3.080237,1.9102368,-1.0297632,-0.47976318,2.860237,1.7002368,0.46023682,0.3202368,1.2102368,-0.6797632
-4.0097632,-8.209764,-9.759763,-10.619763,-11.399763,-5.6397634,-3.0897632,-0.4397632,-2.899763,-4.8897634,-4.3297634,-4.9697633,-5.4497633,-5.3297634,-5.589763,-5.709763,-4.799763,-5.749763,-5.529763,-5.6597633,-4.6997633,-2.899763,-3.5597632,-1.3697631,-0.6797632,0.15023682,-0.23976319,-1.1397632,-0.5097632,-0.07976318,2.6802368,1.1802368,-1.0997632,1.6202369,-0.9297632,0.7102368,2.310237,0.9502368,0.19023682,-1.0497632,0.120236814
-4.439763,-6.879763,-8.279763,-9.729763,-8.769763,-8.459764,-0.9397632,3.580237,3.070237,2.8002367,-1.7197632,-2.8097632,-5.0797634,-7.6597633,-6.059763,-5.9297633,-6.0797634,-6.1597633,-6.339763,-6.979763,-6.919763,-1.8597631,-2.139763,-0.7297632,-0.28976318,-1.0697632,-1.8797631,-0.44976318,2.5202367,-1.3597631,2.1302369,-0.23976319,-1.2297632,-2.0297632,-0.29976317,-1.2997632,-0.24976319,2.2102368,4.350237,-0.22976318,-0.32976317
-5.309763,-7.669763,-8.159763,-9.399763,-9.729763,-8.379764,-5.9897633,0.5502368,3.7702367,4.0702367,2.830237,0.19023682,-2.7197633,-5.8297634,-6.209763,-6.629763,-6.419763,-6.149763,-5.6597633,-6.029763,-5.4897633,-3.2297633,-0.8797632,-0.48976317,0.43023682,1.3402368,0.15023682,-4.209763,-0.8097632,-1.7797632,-2.3097632,-2.8397632,1.9602368,3.9402368,-1.1997632,0.3202368,0.120236814,-1.6497632,-1.8897632,0.080236815,0.5102368
-5.299763,-5.9097633,-8.559763,-9.819763,-11.239763,-10.799763,-3.3097632,-0.83976316,2.0002367,2.820237,1.9202368,0.27023682,-1.7297632,-4.459763,-5.4897633,-5.1997633,-6.059763,-6.309763,-6.8697634,-5.729763,-4.529763,-3.7797632,-3.389763,-0.8097632,0.3202368,1.8202368,0.5102368,-4.559763,0.72023684,0.0102368165,-2.5897632,-2.8697631,-1.6697632,-2.3497632,1.1402369,8.390237,2.2602367,3.9402368,2.2502367,-0.15976319,1.5102369
-4.539763,-5.549763,-6.4897633,-7.1197634,-9.649763,-10.199763,1.1802368,1.9802368,3.8902369,1.7002368,0.8202368,-4.069763,-2.9497633,-2.889763,-2.7097633,-3.2997632,-4.749763,-5.789763,-6.4297633,-5.1397634,-4.5797634,-4.819763,-4.0797634,-3.6297631,0.59023684,1.6202369,2.7702367,3.1302369,2.4702368,3.820237,1.8902369,0.18023682,-0.59976315,0.23023681,-1.0697632,0.42023683,-0.7397632,0.6702368,2.0002367,1.9202368,2.560237
-3.1297631,-4.269763,-4.8497634,-5.539763,-5.6997633,-7.309763,-7.229763,-4.499763,-1.0097632,0.45023683,-0.59976315,-0.83976316,0.19023682,0.42023683,-0.34976318,-2.2397633,-2.8697631,-4.1997633,-5.1597633,-5.2197633,-4.249763,-4.749763,-5.0997634,-4.019763,-0.6297632,2.6402369,3.5402367,2.8902369,1.7002368,1.4202368,1.8902369,1.6902368,1.6802368,0.8802368,-0.4397632,-0.11976318,-0.84976315,0.110236816,-1.1497632,-0.20976318,1.3102368
-1.0997632,-1.8797631,-2.7197633,-3.3697631,-3.6997633,-1.0997632,-2.3797631,-2.3797631,-1.4697632,0.18023682,2.4102368,0.4402368,0.020236816,0.060236815,0.21023682,-0.009763184,-1.9297632,-2.899763,-3.2797632,-3.689763,-2.939763,-4.359763,-5.669763,-5.749763,-5.899763,-3.5497632,0.78023684,2.7402368,2.570237,2.6602368,2.560237,2.9302368,1.9802368,1.6102368,1.9702368,2.0002367,0.42023683,0.3202368,1.9602368,1.6602368,0.3502368
0.6302368,-0.13976318,-0.6097632,-1.0897632,-1.7597632,-1.9797632,0.060236815,1.0702368,0.48023683,-1.2497631,-1.1197631,-0.8097632,-0.6397632,-0.71976316,0.65023685,0.90023685,0.19023682,-0.44976318,-1.0797632,-1.6197631,-1.6097631,-1.8197632,-2.7297633,-4.7397633,-4.789763,-4.859763,-2.429763,-2.3797631,0.6902368,-0.2797632,0.2502368,0.22023682,0.6402368,1.8302368,1.0102369,0.42023683,0.7502368,-0.3697632,0.33023682,1.3702369,1.8002368
2.360237,1.7902368,1.0802368,0.6302368,0.3502368,0.29023683,-0.32976317,-0.34976318,-0.3797632,-0.59976315,1.6102368,0.49023682,-0.6097632,0.3402368,0.3102368,0.97023684,0.53023684,0.9302368,2.3681641E-4,-0.039763182,0.20023681,-0.4397632,-1.2297632,-2.2397633,-2.889763,-3.5397632,-2.4997633,-4.1597633,-3.429763,-2.8397632,-2.8697631,-2.899763,1.1202369,1.7502369,2.6402369,1.3102368,1.2002368,1.0102369,0.65023685,0.13023682,-0.19976318
3.0102367,3.1702368,2.4602368,2.1402369,1.9402368,1.8402368,0.9602368,0.5802368,0.6302368,0.4402368,0.40023682,0.46023682,0.27023682,0.79023683,1.3702369,1.4202368,1.2702368,1.2502369,1.3402368,1.2902368,0.8202368,0.7402368,1.1302369,0.3402368,-0.5097632,-1.1497632,-1.5297632,-2.0797632,-2.399763,-2.7697632,-2.7197633,-2.639763,-1.3697631,1.7402368,1.5602368,1.3502368,0.9202368,-0.4697632,-0.07976318,-0.59976315,-0.35976318
4.460237,3.2502367,3.5402367,3.1902368,2.4902368,2.0302367,2.2802367,1.7002368,1.6302369,1.0902368,0.6302368,0.22023682,0.6802368,1.0202368,1.4602368,1.0602368,1.4902368,1.4902368,2.0302367,2.600237,1.7902368,1.7302368,1.4702368,1.6802368,1.0002369,0.72023684,-0.25976318,-0.9197632,-0.4697632,-1.4297632,-1.8497632,-2.399763,-2.3797631,-1.3797631,1.1202369,1.4202368,2.080237,1.3802369,1.6902368,-0.3797632,-0.4297632
5.120237,6.1302366,5.100237,3.6702368,3.5402367,3.1702368,3.2202368,2.2602367,1.6102368,1.9202368,1.1502368,0.6202368,0.9502368,0.16023682,0.20023681,1.5802368,1.4602368,1.9302368,2.0502367,2.4502368,3.0202367,3.0502367,1.9102368,1.7702368,2.0102367,1.8002368,1.2502369,0.8202368,0.5002368,-0.12976319,-0.48976317,-0.9397632,-2.139763,-1.9297632,0.6102368,1.6802368,1.5002369,2.4102368,1.9502368,1.7102368,0.5502368
4.190237,5.5302367,8.450237,5.5702367,4.750237,3.6502368,3.070237,2.7602367,2.1802368,2.4002368,2.590237,2.8802369,0.9602368,0.110236816,-1.1297631,-0.3697632,0.23023681,1.6302369,2.3902369,3.060237,3.1902368,3.090237,3.4602368,2.9902368,2.4802368,2.7302368,2.7202368,1.5802368,1.3902369,0.8802368,0.4702368,1.2702368,0.8202368,-0.099763185,-0.7497632,0.84023684,1.2902368,1.3902369,2.9602368,2.4202368,1.5002369
