wind_kz.json
{"header": {"discipline":0,"disciplineName":"Meteorological products","gribEdition":2,"gribLength":871,"center":7,"centerName":"US National Weather Service - NCEP(WMC)","subcenter":0,"refTime":"2023-09-19T06:00:00.000Z","significanceOfRT":1,"significanceOfRTName":"Start of forecast","productStatus":0,"productStatusName":"Operational products","productType":1,"productTypeName":"Forecast products","productDefinitionTemplate":0,"productDefinitionTemplateName":"Analysis/forecast at horizontal level/layer at a point in time","parameterCategory":0,"parameterCategoryName":"UnknownDiscipline_0_Category_0","parameterNumber":0,"parameterNumberName":"UnknownParameter_D0_C0_0","parameterUnit":"Unknown","genProcessType":2,"genProcessTypeName":"Forecast","forecastTime":240,"surface1Type":1,"surface1TypeName":"Ground or water surface","surface1Value":0.0,"surface2Type":255,"surface2TypeName":"Missing","surface2Value":0.0,"gridDefinitionTemplate":0,"gridDefinitionTemplateName":"Latitude_Longitude","numberPoints":615,"shape":6,"shapeName":"Earth spherical with radius of 6,371,229.0 m","gridUnits":"degrees","resolution":48,"winds":"true","scanMode":64,"nx":41,"ny":15,"basicAngle":0,"lo1":47.0,"la1":41.0,"lo2":87.0,"la2":55.0,"dx":1.0,"dy":1.0}, "data":
[rows 0 to 14 of 15, columns 0 to 40 of 41]
302.15976,291.75977,298.95978,293.85977,293.85977,293.55975,303.65976,308.55975,305.75977,307.85977,305.45978,307.25977,307.05975,307.25977,306.55975,308.75977,309.05975,310.15976,314.25977,312.65976,314.25977,311.65976,312.15976,308.65976,310.15976,310.75977,307.05975,298.45978,295.85977,294.75977,291.55975,285.95978,298.45978,306.55975,308.65976,304.75977,307.05975,305.85977,310.15976,309.75977,310.85977
285.75977,297.15976,293.55975,293.65976,293.25977,291.85977,308.75977,304.85977,304.75977,304.35977,306.35977,305.35977,307.45978,306.65976,308.75977,309.15976,310.75977,311.35977,312.45978,316.25977,313.55975,308.25977,308.95978,301.35977,291.35977,294.45978,301.65976,300.05975,297.95978,292.55975,294.85977,287.25977,294.95978,267.85977,273.15976,299.55975,300.75977,303.15976,306.25977,299.35977,284.15976
299.15976,292.55975,293.85977,293.35977,291.35977,303.55975,303.05975,303.55975,304.35977,303.65976,303.55975,305.55975,306.95978,307.45978,305.15976,309.05975,309.15976,308.95978,309.65976,314.15976,310.45978,314.05975,309.95978,303.55975,306.45978,306.05975,306.35977,306.25977,304.95978,298.95978,289.75977,292.85977,297.95978,300.35977,298.05975,294.95978,273.15976,290.85977,292.75977,279.25977,275.25977
301.25977,292.15976,293.55975,292.35977,294.35977,303.45978,301.75977,303.45978,304.45978,304.75977,304.95978,303.85977,291.25977,290.65976,306.35977,307.85977,306.75977,309.45978,310.15976,310.45978,310.65976,308.65976,307.55975,307.85977,306.45978,304.75977,307.45978,308.55975,305.05975,305.45978,306.75977,305.75977,307.25977,308.65976,308.65976,303.55975,279.45978,273.15976,289.05975,301.85977,304.15976
300.25977,290.65976,291.85977,290.95978,295.95978,303.35977,303.65976,305.65976,303.55975,303.25977,304.45978,306.05975,290.25977,289.25977,287.65976,306.55975,307.25977,306.05975,307.45978,305.65976,306.45978,308.35977,308.65976,308.55975,309.35977,309.35977,307.35977,301.45978,309.35977,308.15976,306.35977,305.15976,295.85977,279.65976,297.45978,303.65976,300.65976,307.95978,310.35977,307.55975,303.75977
300.95978,301.45978,290.15976,289.75977,290.55975,289.95978,305.95978,303.75977,302.85977,303.55975,303.25977,303.25977,292.25977,290.15976,298.45978,305.05975,304.15976,306.85977,304.65976,307.55975,307.45978,306.75977,306.95978,307.25977,308.15976,307.05975,308.75977,287.75977,305.95978,305.55975,307.45978,304.75977,306.25977,305.65976,302.35977,299.55975,297.25977,297.35977,310.15976,307.05975,305.15976
301.65976,303.55975,301.35977,302.85977,300.05975,304.85977,304.85977,302.85977,302.55975,301.95978,302.85977,302.15976,302.05975,303.65976,304.15976,303.05975,304.55975,303.55975,305.05975,307.35977,305.55975,303.75977,303.85977,304.05975,302.25977,303.55975,306.25977,308.15976,308.85977,309.15976,307.35977,307.95978,307.35977,304.25977,303.55975,302.65976,297.35977,295.25977,290.55975,285.35977,298.25977
301.95978,303.15976,302.45978,301.85977,302.45978,303.15976,304.35977,304.45978,303.55975,301.75977,300.65976,300.45978,301.85977,300.85977,303.25977,303.75977,302.05975,302.45978,302.55975,302.05975,301.45978,302.75977,302.35977,301.95978,301.85977,300.15976,299.35977,301.95978,301.05975,303.45978,302.55975,302.25977,302.35977,300.05975,299.55975,301.95978,302.85977,287.35977,303.05975,302.95978,298.25977
301.55975,300.95978,301.75977,302.65976,301.75977,302.45978,303.35977,302.55975,301.75977,300.85977,299.75977,299.45978,298.75977,300.75977,302.05975,302.15976,297.65976,295.35977,298.05975,300.25977,299.15976,297.75977,299.55975,298.55975,298.85977,298.85977,297.55975,294.85977,290.45978,290.45978,290.05975,287.55975,292.15976,290.35977,292.55975,293.75977,295.65976,295.85977,276.75977,276.35977,276.35977
300.75977,300.95978,301.65976,301.55975,301.65976,302.05975,302.65976,301.95978,300.55975,299.75977,298.25977,297.45978,297.75977,298.65976,292.15976,293.55975,291.15976,298.35977,299.05975,297.75977,290.35977,295.95978,294.35977,295.15976,290.05975,289.15976,289.25977,287.95978,287.45978,288.65976,290.55975,292.35977,293.85977,296.55975,289.85977,285.05975,280.15976,278.25977,283.95978,285.15976,280.45978
300.45978,300.45978,300.25977,300.55975,300.85977,302.25977,302.15976,301.35977,300.25977,298.75977,296.75977,296.15976,296.65976,296.15976,291.25977,292.85977,295.25977,297.55975,296.95978,294.65976,295.25977,294.35977,294.05975,293.45978,288.75977,286.65976,285.15976,286.55975,284.35977,285.45978,287.65976,288.95978,292.95978,291.65976,289.25977,283.75977,278.65976,276.35977,280.35977,280.85977,277.95978
299.35977,300.15976,300.85977,300.95978,300.25977,300.25977,299.95978,299.55975,298.55975,297.55975,294.35977,293.75977,294.95978,294.05975,294.15976,292.85977,291.75977,292.15976,293.85977,293.45978,292.65976,291.25977,291.25977,291.55975,289.65976,290.95978,291.05975,291.65976,291.75977,292.65976,290.75977,290.05975,286.25977,284.05975,285.05975,288.15976,283.15976,281.75977,281.55975,281.95978,280.75977
295.75977,298.25977,298.15976,298.55975,297.85977,297.85977,298.45978,297.95978,297.35977,294.25977,291.65976,290.65976,292.75977,287.95978,287.65976,288.75977,287.05975,284.85977,288.05975,284.45978,287.95978,289.45978,287.55975,286.75977,288.05975,288.85977,289.45978,289.35977,289.95978,288.85977,289.05975,288.15976,287.95978,287.45978,286.95978,285.15976,284.45978,282.65976,280.55975,280.15976,279.95978
298.25977,297.45978,292.15976,298.25977,298.25977,296.75977,294.95978,294.25977,294.15976,293.45978,291.15976,290.05975,288.85977,285.85977,286.65976,290.25977,289.95978,287.05975,287.15976,287.45978,285.85977,287.25977,288.75977,287.85977,287.95978,288.45978,288.05975,287.65976,286.95978,286.65976,286.35977,285.15976,283.75977,282.75977,280.95978,277.05975,276.75977,276.85977,281.45978,276.85977,278.15976
293.75977,296.65976,286.55975,296.45978,296.55975,296.55975,290.75977,295.35977,295.15976,294.55975,291.95978,292.95978,289.35977,289.45978,290.25977,292.05975,290.55975,286.15976,285.55975,287.95978,288.65976,287.55975,286.55975,285.55975,285.45978,285.55975,285.55975,285.25977,284.85977,284.55975,284.35977,283.55975,282.75977,282.45978,278.75977,277.25977,278.05975,276.45978,276.75977,276.35977,275.45978
