wind.json
{"header": {"discipline":0,"disciplineName":"Meteorological products","gribEdition":2,"gribLength":953,"center":7,"centerName":"US National Weather Service - NCEP(WMC)","subcenter":0,"refTime":"2023-06-29T00:00:00.000Z","significanceOfRT":1,"significanceOfRTName":"Start of forecast","productStatus":0,"productStatusName":"Operational products","productType":1,"productTypeName":"Forecast products","productDefinitionTemplate":0,"productDefinitionTemplateName":"Analysis/forecast at horizontal level/layer at a point in time","parameterCategory":0,"parameterCategoryName":"UnknownDiscipline_0_Category_0","parameterNumber":0,"parameterNumberName":"UnknownParameter_D0_C0_0","parameterUnit":"Unknown","genProcessType":2,"genProcessTypeName":"Forecast","forecastTime":0,"surface1Type":1,"surface1TypeName":"Ground or water surface","surface1Value":0.0,"surface2Type":255,"surface2TypeName":"Missing","surface2Value":0.0,"gridDefinitionTemplate":0,"gridDefinitionTemplateName":"Latitude_Longitude","numberPoints":688,"shape":6,"shapeName":"Earth spherical with radius of 6,371,229.0 m","gridUnits":"degrees","resolution":48,"winds":"true","scanMode":64,"nx":43,"ny":16,"basicAngle":0,"lo1":45.0,"la1":40.0,"lo2":87.0,"la2":55.0,"dx":1.0,"dy":1.0}, "data":
[rows 0 to 15 of 16, columns 0 to 42 of 43]
282.8,279.9,293.4,295.3,295.6,296.7,296.2,294.4,295.2,295.9,300.3,299.0,302.1,298.8,298.0,299.2,298.4,298.1,297.1,295.9,295.3,293.4,290.3,290.3,288.8,287.4,289.9,284.2,276.7,275.1,279.7,290.5,293.0,295.2,298.0,297.8,299.2,297.7,298.0,299.1,299.4,299.7,299.1
286.7,294.1,293.6,285.0,287.8,295.9,295.9,294.5,295.2,298.8,297.9,300.5,299.2,300.0,298.9,298.6,297.7,295.0,294.9,294.5,292.8,292.9,292.9,290.3,288.8,285.3,291.4,293.6,289.3,276.2,276.7,275.8,275.2,279.1,289.4,296.7,297.7,298.1,298.9,298.7,299.5,299.2,300.1
286.8,285.2,278.2,289.0,295.7,295.6,295.6,293.6,299.3,298.3,298.3,298.6,297.5,297.2,296.8,296.0,293.3,293.4,292.7,292.3,291.5,290.6,291.2,291.5,288.0,282.7,271.5,272.6,282.8,276.3,277.3,273.3,279.7,269.7,283.1,259.2,275.8,292.0,292.3,295.0,300.4,291.4,283.5
287.3,289.5,291.9,296.2,295.9,295.7,295.0,296.3,296.9,296.6,296.0,295.5,295.0,298.2,296.7,297.4,294.8,292.2,291.4,290.2,290.1,290.9,291.1,291.6,293.4,286.2,285.8,285.6,286.8,286.7,286.4,279.0,276.6,277.2,282.0,283.5,283.0,283.1,278.1,280.3,282.1,278.4,276.1
292.3,295.2,292.4,296.5,296.5,295.9,295.0,294.6,295.0,294.4,294.8,295.1,293.8,293.7,294.2,293.6,292.3,291.6,293.5,291.3,292.1,290.8,290.3,285.7,290.8,291.9,289.8,291.4,291.7,290.4,288.5,289.2,290.1,289.6,295.0,292.4,291.7,287.7,278.9,275.7,284.0,292.8,297.3
292.5,295.7,293.7,297.2,297.0,297.6,296.8,295.3,295.8,296.1,296.4,294.7,293.5,292.2,294.7,294.1,291.2,292.9,293.1,292.1,289.7,292.0,291.9,291.5,290.7,290.8,291.0,291.4,289.9,290.8,291.0,291.0,292.6,289.8,279.7,271.3,282.5,292.0,294.2,298.8,298.6,298.0,299.4
291.4,295.1,293.3,292.1,297.9,296.9,296.7,296.2,295.3,295.0,295.2,295.8,296.2,294.9,293.1,293.4,291.8,291.4,295.2,293.7,291.7,291.6,290.1,289.5,288.9,288.7,288.8,287.8,289.6,290.3,288.8,292.2,290.6,291.6,290.3,288.7,288.3,290.0,284.0,285.8,295.0,297.7,298.0
292.5,293.2,291.4,291.6,295.2,294.9,295.0,293.8,294.0,291.9,295.9,295.8,294.6,290.6,290.3,291.4,291.7,289.5,289.8,290.6,290.4,288.6,288.2,288.7,288.3,288.1,285.9,285.8,286.0,288.0,287.8,288.3,289.0,289.5,290.5,290.2,289.7,289.0,285.8,282.9,281.4,282.9,293.4
290.6,290.0,292.0,292.2,294.1,294.2,293.9,291.2,290.9,291.2,291.5,293.8,291.1,291.3,290.9,293.5,292.1,292.8,290.4,290.9,288.6,283.5,285.2,284.7,285.2,285.1,283.0,280.1,281.6,283.7,282.3,285.0,284.8,286.3,285.1,284.9,285.5,288.6,291.9,288.1,290.7,289.9,290.6
289.2,289.3,289.6,290.7,291.5,290.0,291.4,290.1,289.7,289.7,289.2,290.7,290.1,290.8,291.4,293.7,291.8,291.2,292.5,289.0,287.3,285.9,284.4,283.9,284.8,284.4,282.6,282.6,280.7,280.5,280.6,279.5,281.2,282.6,284.8,286.6,286.8,285.3,285.3,286.7,277.6,279.7,278.6
286.8,286.7,287.3,289.2,287.7,287.7,288.8,288.2,287.7,287.2,287.6,287.0,290.1,290.0,289.8,290.4,289.2,288.0,288.9,288.5,289.4,286.5,285.4,286.1,286.0,284.8,284.1,283.2,282.7,281.8,281.6,282.0,283.1,285.5,287.0,286.9,287.0,286.1,284.1,281.8,280.7,279.1,278.1
286.2,287.6,285.9,284.2,286.4,286.4,288.9,289.8,287.1,285.7,285.4,284.4,288.0,285.8,286.8,287.3,286.3,286.1,285.8,287.2,286.4,286.0,286.0,285.4,284.8,284.8,283.9,282.9,281.9,284.1,284.9,286.6,287.2,288.3,287.3,287.1,287.6,285.5,282.0,280.1,281.1,281.5,280.0
287.2,283.6,284.4,284.4,284.4,284.8,286.1,288.5,283.8,285.7,283.8,284.6,283.5,284.9,284.2,285.5,285.3,285.8,285.7,286.3,285.4,285.8,284.4,284.3,283.7,283.8,282.6,283.4,283.3,285.2,286.2,287.3,287.8,288.0,288.0,286.1,286.3,285.5,286.0,286.2,286.8,284.9,284.1
284.3,282.9,283.1,282.8,283.9,283.4,284.1,287.3,283.1,282.8,283.2,283.1,282.2,280.6,287.0,283.9,285.0,285.0,285.2,284.8,285.4,285.0,284.4,283.3,282.8,282.8,283.9,284.1,285.6,285.1,285.4,286.9,287.9,287.5,287.1,285.9,287.0,285.4,285.7,285.7,285.9,286.6,287.5
284.2,283.1,282.8,287.9,286.9,288.7,283.1,282.8,282.9,285.2,283.4,283.5,283.0,283.3,281.7,285.1,287.5,285.7,285.2,285.3,284.7,286.4,285.7,285.8,284.7,284.6,284.7,284.5,284.3,284.3,284.7,285.3,286.5,286.5,285.7,284.6,284.8,284.2,285.0,285.1,285.3,285.2,285.1
285.0,283.6,283.5,287.7,289.7,283.7,284.7,282.6,285.1,287.9,285.0,284.3,284.7,283.0,285.5,287.7,288.1,287.7,285.3,285.1,285.0,286.5,286.0,285.5,284.7,284.1,284.6,284.1,283.8,284.2,284.1,283.9,284.4,283.8,284.9,284.4,284.4,284.4,285.3,285.1,285.7,286.5,285.1
