wind_kz.json
{"header": {"discipline":0,"disciplineName":"Meteorological products","gribEdition":2,"gribLength":1102,"center":7,"centerName":"US National Weather Service - NCEP(WMC)","subcenter":0,"refTime":"2023-08-25T00:00:00.000Z","significanceOfRT":1,"significanceOfRTName":"Start of forecast","productStatus":0,"productStatusName":"Operational products","productType":1,"productTypeName":"Forecast products","productDefinitionTemplate":0,"productDefinitionTemplateName":"Analysis/forecast at horizontal level/layer at a point in time","parameterCategory":2,"parameterCategoryName":"UnknownDiscipline_0_Category_2","parameterNumber":2,"parameterNumberName":"UnknownParameter_D0_C2_2","parameterUnit":"Unknown","genProcessType":2,"genProcessTypeName":"Forecast","forecastTime":180,"surface1Type":103,"surface1TypeName":"Specified height level above ground","surface1Value":10.0,"surface2Type":255,"surface2TypeName":"Missing","surface2Value":0.0,"gridDefinitionTemplate":0,"gridDefinitionTemplateName":"Latitude_Longitude","numberPoints":615,"shape":6,"shapeName":"Earth spherical with radius of 6,371,229.0 m","gridUnits":"degrees","resolution":48,"winds":"true","scanMode":64,"nx":41,"ny":15,"basicAngle":0,"lo1":47.0,"la1":41.0,"lo2":87.0,"la2":55.0,"dx":1.0,"dy":1.0}, "data":
[rows 0 to 14 of 15, columns 0 to 40 of 41]
0.14775635,1.3477564,2.7577562,-6.0122437,-4.8822436,-0.81224364,-2.7022436,-5.7522435,-6.492244,-5.1022434,-4.9222436,-4.7322435,-3.9822435,-2.9522436,-2.8022437,-1.3122437,-0.052243654,-0.032243654,0.05775635,0.45775634,0.9877564,-2.1322436,3.4877563,1.8277564,-4.7522435,-4.4422436,-3.0422437,1.5877564,2.2477562,2.3077564,1.2677563,0.16775635,-1.1822437,-5.3322434,-4.2722435,-6.5122437,-7.0622435,-6.912244,-8.402244,-10.102243,-10.372244
-0.13224365,-2.6222436,-12.682243,-9.332244,-4.912244,-0.27224365,-4.4422436,-4.722244,-4.432244,-4.4822435,-5.7722435,-3.5022438,-1.6622436,-2.9522436,-1.2422436,-0.40224364,-0.042243652,0.35775635,2.3677564,1.5877564,1.9477563,1.2477564,2.4677563,2.8077564,2.1977563,0.6677563,0.76775634,1.8477564,1.0177563,2.8577564,2.4677563,-1.1422436,1.4577564,-2.4022436,-1.2622436,-3.2422438,-3.7122436,-2.3222437,-5.5422435,-5.8222437,-10.042244
-4.6922436,-10.252244,-11.292244,-8.442244,-5.5922437,-3.7522438,-4.892244,-4.0222435,-3.3722436,-3.0222437,-3.2022436,-1.5522437,-1.3722436,-1.7122437,1.4177563,2.7377563,1.3977563,1.6377563,2.9077563,3.3777564,3.6877563,2.7477562,4.1377563,5.6777563,5.257756,1.8577564,1.6777563,-2.6022437,-5.5822434,0.9177563,1.2277564,-0.102243654,-0.15224366,4.777756,-2.5922437,-3.0622437,0.14775635,-0.67224365,6.067756,-1.9422437,-2.5522437
-9.082244,-9.612244,-8.922244,-6.7522435,0.34775636,-3.8622437,-4.6022434,-2.2522438,-2.4722435,-2.8522437,-1.0822437,1.1277564,-2.8322437,0.5977563,4.3477564,5.9377565,5.047756,2.2277563,2.4977562,3.2477562,3.0777564,3.6177564,5.1477566,1.9777564,4.297756,3.8677564,4.3877563,-0.14224365,4.377756,4.1877565,2.8277564,7.1377563,13.447757,13.427756,9.697757,7.3877563,1.1877563,-2.1322436,-0.53224367,2.7077563,3.6677563
-8.832244,-7.972244,-6.3822436,-2.1922436,-1.4722437,-3.8722436,-2.0822437,-2.6022437,-2.9422436,-0.22224365,0.70775634,-0.20224366,-2.1822436,-0.5822437,3.6477563,6.4177566,6.087756,4.3877563,3.4177563,2.7477562,3.3077564,3.6177564,6.0177565,5.797756,4.9377565,7.0577564,6.8977566,6.6377563,5.527756,5.337756,3.2177563,2.0277565,1.6177564,-0.28224364,-2.4322436,-4.1322436,16.407757,2.1777563,4.6577563,3.9777563,-2.8422437
-6.622244,-5.9222436,-5.0322437,-4.7522435,-5.8322434,-4.4422436,-1.6622436,-1.6422436,0.7877563,1.6377563,1.3077563,0.8477563,1.9377563,2.2577562,2.0577564,3.3377564,4.7077565,6.7877564,5.2077565,4.4477563,4.6877565,2.7977564,5.567756,4.7177563,8.717756,8.037756,6.3977566,4.6577563,5.757756,7.1377563,6.4777565,4.6777563,5.4877563,6.567756,4.6477566,7.9877563,4.9877563,8.627756,15.857757,10.607757,-6.8822436
-4.0022435,-4.872244,-2.2522438,-2.9422436,-2.6022437,-0.38224366,3.4377563,-0.022243652,1.7377564,1.6077564,2.1177564,2.7077563,2.7677565,3.7877564,3.3177564,2.7077563,3.4477563,5.3477564,5.1877565,7.1177564,4.817756,3.8777564,3.1777563,6.107756,5.1777563,6.7277565,5.0977564,6.5177565,6.9577565,7.757756,8.257756,5.1577563,7.2077565,5.6777563,5.857756,7.9477563,3.4077563,-1.3322437,4.4977565,0.43775636,7.777756
-3.3522437,-1.9522437,-1.5122436,0.19775635,1.0877564,1.7377564,2.0477564,3.1777563,3.4877563,3.5877564,4.1677566,3.4677563,4.627756,4.567756,3.8277564,6.8977566,3.4277563,4.9477563,5.5377564,5.9977565,6.2477565,4.9677563,2.0677564,4.6177564,4.0577564,6.107756,7.1577563,4.317756,6.9877563,6.877756,6.6477566,3.4477563,3.0477564,6.1877565,5.1177564,5.8477564,7.2677565,6.5777564,9.937757,13.147757,11.177756
0.32775635,2.0377564,2.4177563,3.2077563,3.3677564,4.4277563,4.777756,5.4377565,5.3277564,5.2477565,4.8277564,4.3077564,4.3977566,4.2177563,4.067756,8.997756,5.527756,4.797756,5.8977566,5.6577563,6.817756,5.6977563,4.6877565,2.7377563,2.7577562,5.4577565,4.9677563,5.4677563,4.1677566,1.2777563,-1.8422437,-4.5122437,-3.3022437,-1.4522437,0.08775635,1.1177564,2.8277564,0.74775636,0.57775635,0.33775634,1.4577564
2.7277563,3.5877564,4.1177564,4.6377563,5.3077564,5.837756,5.877756,5.837756,5.9677563,6.5977564,6.567756,6.5977564,3.7277563,5.1377563,5.1577563,6.4677563,6.7277565,4.9677563,5.5777564,6.4677563,6.7177563,6.4077563,5.2077565,4.7377563,4.007756,4.7377563,6.4677563,6.1377563,6.1377563,-0.36224365,-1.7022437,-3.4522436,-3.9122436,-2.4422436,-2.3022437,2.6877563,0.5377563,1.3977563,1.6977563,0.49775636,1.3977563
4.9877563,5.567756,6.127756,6.337756,6.3077564,6.5977564,6.8077564,7.4477563,7.507756,7.7077565,5.9177566,7.257756,5.627756,6.257756,6.6777563,8.257756,4.5777564,4.8477564,5.257756,5.8877563,7.027756,7.587756,6.047756,4.0577564,3.6077564,2.5877564,4.6477566,6.1677566,5.1977563,0.31775635,-0.67224365,0.6677563,-0.19224365,-3.0822437,-2.1122437,-2.3722436,-0.14224365,0.81775635,0.7277563,-0.12224365,-0.7722437
5.8477564,6.4177566,7.2077565,7.2877564,7.7177563,7.9777565,8.187757,8.157757,7.8877563,3.6077564,5.3677564,2.8377564,6.3077564,6.3477564,7.507756,7.9977565,5.297756,4.127756,4.7377563,6.027756,6.127756,6.0577564,4.6477566,1.8577564,3.7777565,5.127756,4.8677564,4.8477564,6.9177566,5.0377564,2.9877563,2.0477564,1.5477563,1.4077563,-2.3222437,-2.1322436,-1.8722436,-0.78224367,1.6177564,2.2677565,2.0977564
5.9877563,7.627756,6.7877564,6.9277563,7.6177564,6.4077563,7.627756,6.7277565,9.827756,4.797756,2.8677564,4.9777565,4.4277563,4.857756,7.1777563,5.8277564,3.4077563,4.6977563,5.1877565,6.1377563,6.1877565,6.4977565,6.1377563,6.107756,5.337756,7.0177565,5.2277565,4.5777564,3.5077562,5.1477566,3.9077563,2.9877563,4.047756,1.5677563,4.547756,-0.08224365,-1.0522437,-1.2822436,1.0877564,3.4277563,3.6977563
6.5977564,7.3277564,4.3877563,4.3677564,8.237757,9.487757,8.557756,7.757756,4.567756,-0.07224365,1.5677563,1.3977563,3.4477563,5.107756,6.5977564,3.0977564,2.8777564,4.9177566,6.9277563,6.087756,8.207756,6.3477564,5.8477564,6.6977563,5.3277564,6.1377563,5.2077565,4.4777565,4.607756,5.107756,3.1677563,3.1477563,3.1277564,4.277756,4.9677563,3.8377564,-0.94224364,-1.1622436,-0.75224364,2.8577564,4.9177566
4.4277563,8.177756,8.587756,8.427756,9.127756,8.257756,7.3977566,6.2377563,-0.16224365,-2.3422437,-0.20224366,1.8477564,2.5777564,3.0477564,7.3977566,5.8877563,4.5977564,4.9677563,5.297756,6.127756,6.2377563,5.3277564,5.5977564,5.7377563,6.507756,4.4177566,3.8277564,3.8377564,2.4077563,3.5877564,3.1877563,0.6577563,2.4777563,3.9977562,3.9477563,4.6977563,-0.35224366,0.57775635,-0.032243654,4.2877564,3.4077563
