wind_kz.json
{"header": {"discipline":0,"disciplineName":"Meteorological products","gribEdition":2,"gribLength":1025,"center":7,"centerName":"US National Weather Service - NCEP(WMC)","subcenter":0,"refTime":"2023-10-04T18:00:00.000Z","significanceOfRT":1,"significanceOfRTName":"Start of forecast","productStatus":0,"productStatusName":"Operational products","productType":1,"productTypeName":"Forecast products","productDefinitionTemplate":0,"productDefinitionTemplateName":"Analysis/forecast at horizontal level/layer at a point in time","parameterCategory":2,"parameterCategoryName":"UnknownDiscipline_0_Category_2","parameterNumber":2,"parameterNumberName":"UnknownParameter_D0_C2_2","parameterUnit":"Unknown","genProcessType":2,"genProcessTypeName":"Forecast","forecastTime":180,"surface1Type":103,"surface1TypeName":"Specified height level above ground","surface1Value":10.0,"surface2Type":255,"surface2TypeName":"Missing","surface2Value":0.0,"gridDefinitionTemplate":0,"gridDefinitionTemplateName":"Latitude_Longitude","numberPoints":615,"shape":6,"shapeName":"Earth spherical with radius of 6,371,229.0 m","gridUnits":"degrees","resolution":48,"winds":"true","scanMode":64,"nx":41,"ny":15,"basicAngle":0,"lo1":47.0,"la1":41.0,"lo2":87.0,"la2":55.0,"dx":1.0,"dy":1.0}, "data":
[rows 0 to 14 of 15, columns 0 to 40 of 41]
-1.9199438,0.73005617,-1.7699438,-2.9299438,-4.379944,-4.4999437,-3.4999437,-3.4299438,-3.829944,-1.3599439,-1.1499438,-1.0499438,-0.7299439,-0.04994385,-0.13994385,0.40005615,0.79005617,1.4700562,-0.47994384,1.3600562,3.730056,2.930056,1.0600562,2.430056,-0.29994383,0.13005616,2.210056,3.240056,0.38005614,0.74005616,-0.86994386,1.5900562,5.6152345E-5,-1.5699439,-3.829944,-3.3699439,-3.1399438,-3.029944,-2.759944,-2.7099438,-2.6199439
1.0000561,-1.9399438,1.6800561,-1.1599438,-2.069944,-2.8999438,-2.4099438,-2.289944,-1.1599438,-0.67994386,-0.48994386,-1.5999439,-0.66994387,-0.5399439,-0.009943848,1.4400562,2.450056,1.4600562,2.6300561,2.8800561,3.430056,3.8100562,1.7700561,3.2600563,1.9100561,0.50005615,1.3300562,5.6152345E-5,2.420056,0.98005617,0.67005616,0.16005616,-0.45994386,-0.22994384,0.24005616,-0.14994384,0.19005615,-1.7399439,-1.3499439,-0.32994384,0.10005615
-2.4899437,-0.24994385,-0.8999438,1.3200562,2.3000562,1.8200562,1.5400561,1.3300562,1.6000562,1.2100562,1.3200562,0.7800562,0.62005615,0.30005616,-0.029943848,0.88005614,1.5500561,3.160056,4.0000563,3.420056,4.040056,5.590056,3.690056,5.290056,2.420056,2.8400562,5.760056,6.2100563,1.8200562,0.26005614,0.9000561,-0.42994386,-0.059943847,0.21005616,0.8400562,1.8200562,-0.38994384,0.08005615,-1.0999439,0.45005617,2.0600562
-0.5399439,1.1600561,2.9000561,4.080056,4.300056,3.8300562,5.010056,4.560056,4.470056,3.3300562,2.6200562,2.6000562,1.4500562,1.1900562,0.9100562,0.50005615,1.4100561,2.7900562,3.1300561,4.050056,3.190056,0.5200561,2.220056,2.5800562,3.3700562,0.6600562,1.9700562,4.030056,4.590056,-0.38994384,-8.259944,-4.609944,-2.4799438,-3.1099439,-3.579944,-0.09994385,0.010056152,1.8200562,-1.4999439,0.40005615,-7.6199436
0.37005615,2.3300562,3.4000561,3.420056,4.760056,6.120056,6.350056,6.9400563,6.490056,4.450056,3.6400561,2.3800561,1.0400561,1.2600561,-0.19994384,1.0000561,1.4000561,1.7900561,2.0700562,2.3300562,1.6400561,2.0400562,1.6100562,3.7800562,4.4600563,4.1700563,5.990056,0.18005615,5.310056,0.42005616,-1.2299439,0.08005615,-0.13994385,1.3000561,-1.1799438,-2.2499437,-1.1099439,-4.899944,-3.789944,-5.3699436,-4.8699436
1.7500561,2.480056,2.5000563,4.780056,6.370056,7.760056,7.570056,7.220056,5.7500563,5.320056,3.700056,1.9300561,1.2600561,0.8500562,0.54005617,0.49005616,0.63005614,0.40005615,0.87005615,0.36005616,0.41005614,1.2100562,1.3200562,2.200056,3.0700562,5.040056,3.5900562,2.700056,3.410056,2.690056,-1.0799439,0.75005615,-1.0199438,-0.36994386,3.2500563,-6.049944,0.75005615,-6.739944,-3.769944,-3.059944,-3.019944
1.6200562,2.2500563,3.5000563,4.450056,4.910056,5.410056,5.950056,6.090056,5.200056,5.3800564,2.3700562,3.1000562,2.3800561,1.7800561,0.9600561,0.5200561,0.43005615,-0.12994385,-0.7799438,-0.7299439,-1.4699439,-0.67994386,-0.35994384,1.5400561,2.240056,3.5500562,2.5300562,5.800056,1.2300562,0.94005615,-1.4499439,-1.7199439,-3.5999439,-8.639944,-9.179944,-8.069943,-2.3499439,0.64005613,-3.579944,1.9300561,-1.8199439
2.990056,3.3800561,3.8300562,3.8100562,4.410056,5.110056,5.970056,5.590056,7.1700563,4.990056,-0.5299438,3.480056,1.4700562,1.3400562,1.1500561,0.34005615,-0.12994385,-0.8399438,-1.9599439,-2.089944,-2.589944,-2.6199439,-2.039944,-1.0299438,-0.29994383,0.89005613,1.7700561,2.8700562,4.850056,1.2600561,0.17005615,-1.7199439,-3.1899438,0.17005615,-0.27994385,-1.7299439,-3.549944,-9.929944,-11.869944,-11.149944,-4.489944
3.440056,3.8900561,3.5300562,3.6300561,3.7500563,4.3800564,4.910056,0.98005617,-1.3399439,-1.9699439,0.79005617,0.14005615,2.1300561,1.5700562,0.6000562,0.09005615,-0.27994385,-0.8399438,-1.5499438,-2.6599438,-2.8699439,-2.7499437,-1.8999438,-1.6799438,-1.4799439,0.51005614,0.37005615,0.88005614,2.0000563,0.35005614,-0.70994383,0.63005614,5.0200562,-0.32994384,-2.769944,-6.649944,-4.9999437,-6.3299437,-2.3999438,-1.8299439,0.7100561
4.1700563,4.1300564,3.8800561,3.2900562,2.990056,2.190056,0.8500562,-0.49994385,-0.57994384,0.070056155,2.1400561,4.540056,2.920056,1.9000561,2.160056,1.7100562,1.0000561,0.23005615,-0.8499439,-1.0799439,-2.0999439,-1.9499439,-1.1599438,-1.1499438,-2.3799438,-1.0499438,-2.4499438,-1.1299438,-0.48994386,2.2800562,3.170056,0.75005615,4.320056,2.5500562,1.7300562,-0.39994386,-2.4099438,-1.2099439,1.8300562,0.54005617,-1.0999439
3.950056,4.280056,4.0000563,3.480056,2.8400562,3.2600563,1.8900561,2.0100563,1.2800561,3.1200562,1.1900562,2.8100562,3.1000562,3.3400562,3.0100563,2.670056,2.2800562,1.3700562,0.93005615,0.30005616,-0.38994384,-0.55994385,-1.0499438,-0.60994387,-0.85994387,-1.4999439,-0.49994385,0.12005615,0.95005614,1.5900562,2.7800562,5.4000564,2.3700562,5.850056,2.920056,0.83005613,0.32005614,0.24005616,-0.42994386,-0.76994383,0.63005614
3.2700562,3.180056,3.730056,3.730056,3.6000562,3.470056,2.1100562,2.8300562,2.1400561,1.4700562,2.7700562,4.370056,1.9700562,3.3900561,3.160056,2.930056,3.180056,2.680056,2.180056,1.7700561,1.9500562,1.1800561,0.70005614,0.6000562,0.83005613,0.49005616,0.42005616,0.75005615,1.2900561,1.4500562,0.35005614,2.720056,2.980056,4.260056,2.2900562,2.980056,2.440056,-0.18994385,1.1800561,-0.39994386,-0.8399438
3.7700562,3.470056,2.0700562,3.170056,3.220056,2.7800562,3.3200562,3.0400562,1.6000562,0.70005614,2.5000563,3.3200562,1.8800561,1.6400561,2.6400561,2.700056,2.710056,2.710056,2.2700562,2.6300561,2.8800561,2.5700562,2.1300561,2.1100562,1.8300562,2.0300562,1.7700561,1.0800562,0.55005616,-0.33994386,0.040056154,-0.15994385,0.54005617,1.1500561,3.410056,0.7100561,0.16005616,-0.23994385,-1.0999439,-1.8699439,-1.4399438
4.9800563,2.7500563,1.8000561,3.0800562,2.3200562,2.950056,3.690056,4.4800563,3.8800561,2.8900561,2.0000563,1.6900562,2.6400561,3.6300561,3.9000561,3.6500561,3.1300561,2.8700562,2.6400561,3.730056,3.8600562,3.7700562,4.0200562,3.6300561,2.930056,2.5900562,2.490056,1.7800561,0.41005614,-0.069943845,-1.2199439,-0.25994384,-0.16994385,-0.80994385,-2.039944,-1.8099438,-1.3099438,-0.20994385,-1.3799438,-1.1699438,-2.319944
2.490056,2.6300561,2.730056,2.7600563,1.9300561,2.3900561,3.5900562,3.730056,3.8800561,3.0700562,1.7500561,2.690056,1.7700561,0.81005615,2.7500563,2.8300562,3.6500561,3.8700562,3.5500562,4.2700562,4.790056,4.9000564,4.610056,4.010056,3.5600562,2.930056,2.680056,2.2600563,0.94005615,0.10005615,-0.61994386,-1.1699438,0.24005616,-0.15994385,-0.91994387,-1.4899439,-3.4699438,-2.1099439,-1.5899439,-0.9799439,-1.2299439
