wind_kz.json
[{"header":{"discipline":0,"disciplineName":"Meteorological products","gribEdition":2,"gribLength":948,"center":7,"centerName":"US National Weather Service - NCEP(WMC)","subcenter":0,"refTime":"2023-08-26T12:00:00.000Z","significanceOfRT":1,"significanceOfRTName":"Start of forecast","productStatus":0,"productStatusName":"Operational products","productType":1,"productTypeName":"Forecast products","productDefinitionTemplate":0,"productDefinitionTemplateName":"Analysis/forecast at horizontal level/layer at a point in time","parameterCategory":0,"parameterCategoryName":"UnknownDiscipline_0_Category_0","parameterNumber":0,"parameterNumberName":"UnknownParameter_D0_C0_0","parameterUnit":"Unknown","genProcessType":2,"genProcessTypeName":"Forecast","forecastTime":120,"surface1Type":1,"surface1TypeName":"Ground or water surface","surface1Value":0.0,"surface2Type":255,"surface2TypeName":"Missing","surface2Value":0.0,"gridDefinitionTemplate":0,"gridDefinitionTemplateName":"Latitude_Longitude","numberPoints":615,"shape":6,"shapeName":"Earth spherical with radius of 6,371,229.0 m","gridUnits":"degrees","resolution":48,"winds":"true","scanMode":64,"nx":41,"ny":15,"basicAngle":0,"lo1":47.0,"la1":41.0,"lo2":87.0,"la2":55.0,"dx":1.0,"dy":1.0},"data":[310.6,297.1,302.5,298.9,300.5,299.4,308.8,318.4,315.0,314.1,311.9,312.3,311.5,310.9,310.4,310.2,308.9,308.1,308.4,308.2,310.2,304.2,305.2,303.0,301.9,305.4,302.0,290.9,290.3,284.3,284.4,284.0,301.2,309.3,311.2,310.0,309.8,309.1,308.0,308.2,307.5,291.7,303.0,299.0,299.0,299.1,298.1,318.9,314.4,312.7,311.8,312.0,309.7,308.1,306.9,308.1,308.2,308.2,307.9,306.9,307.8,307.7,304.1,302.4,294.3,284.1,285.8,291.7,285.4,293.1,287.0,290.4,284.2,293.6,265.6,288.8,305.8,304.9,306.7,309.8,301.6,286.2,305.7,298.3,299.1,299.1,298.5,311.9,311.8,312.1,309.2,309.2,308.0,307.7,305.7,306.3,307.5,307.3,306.2,305.8,306.9,307.0,307.1,303.6,301.9,296.6,304.3,301.8,302.6,301.2,297.8,290.6,286.1,285.0,291.7,289.9,295.7,296.3,286.3,290.1,292.7,287.0,286.0,306.9,298.6,299.0,299.6,299.8,311.1,309.7,310.1,309.8,308.3,307.2,306.1,295.7,294.4,303.9,304.5,305.2,306.1,306.7,305.8,302.3,299.3,303.5,304.1,304.8,304.9,304.2,302.0,302.1,300.9,300.5,296.4,304.7,302.0,304.4,300.9,290.3,287.9,291.7,303.1,306.5,310.8,298.4,299.9,298.9,302.9,307.1,307.1,308.1,301.9,298.0,305.1,298.9,294.9,293.5,291.5,302.5,303.3,302.8,302.3,303.4,303.4,303.1,302.2,302.1,302.7,302.8,301.6,301.6,303.8,302.7,303.7,302.4,288.8,283.5,292.9,303.4,299.4,310.4,309.3,308.6,309.3,314.1,310.0,296.3,297.3,298.3,297.1,308.2,307.1,305.9,304.6,304.2,303.8,295.5,294.3,297.8,300.4,300.5,299.6,300.7,302.9,301.8,301.4,301.3,299.3,300.7,299.8,301.5,292.9,302.6,303.8,304.3,302.9,301.1,299.8,297.5,297.5,293.2,295.3,306.7,309.1,307.5,310.7,310.4,311.6,310.6,305.6,306.3,307.5,304.1,304.7,304.5,303.9,299.8,299.8,300.7,300.5,298.6,295.9,301.8,299.4,296.6,295.0,293.7,297.7,299.9,298.3,298.3,299.3,301.0,299.4,301.2,300.3,301.7,300.2,300.7,300.1,299.5,296.6,292.9,291.3,289.9,301.4,309.5,309.7,308.6,307.1,307.5,306.1,306.2,303.4,302.8,302.5,301.7,299.7,299.0,297.5,298.6,295.7,295.2,294.4,295.4,290.0,291.5,290.9,295.0,291.7,293.5,294.1,295.4,296.8,296.1,298.4,297.8,299.2,298.9,296.9,297.4,299.2,302.4,289.6,302.2,304.6,301.7,307.1,305.7,304.8,303.9,303.7,304.5,303.2,303.1,301.3,300.7,298.3,296.3,292.6,292.2,291.4,294.1,294.2,291.3,292.1,291.2,286.7,288.1,290.4,290.3,288.7,290.3,292.1,292.1,292.0,291.6,294.0,295.0,297.2,298.9,298.8,296.4,298.1,296.0,287.5,287.8,286.7,305.2,303.8,303.2,302.3,302.2,302.5,302.2,300.7,298.8,291.5,291.4,293.8,292.8,288.3,286.7,289.6,287.9,289.6,292.0,291.2,287.1,289.3,293.2,292.8,289.6,289.1,291.0,290.7,291.5,292.7,293.0,296.9,299.3,300.3,299.8,298.6,293.7,291.6,287.6,288.2,287.5,302.8,301.4,300.8,300.2,299.8,299.7,299.7,298.8,296.5,291.6,290.5,287.8,292.0,288.6,290.1,289.7,288.1,291.6,287.3,285.4,285.9,287.4,287.9,288.9,291.6,293.2,290.0,290.2,291.9,294.9,295.7,297.1,297.6,297.4,297.0,296.3,291.5,289.8,291.5,290.8,289.8,301.4,300.7,300.0,299.7,298.0,296.5,295.4,296.0,295.6,292.2,286.6,289.3,289.7,288.0,288.5,289.7,286.6,289.4,286.9,285.2,284.1,286.1,286.5,286.1,289.5,289.0,291.1,292.5,294.4,295.3,294.6,295.0,296.9,295.2,295.0,294.9,295.4,295.7,293.4,294.1,292.7,296.5,297.9,298.1,297.7,296.2,295.0,295.4,296.5,291.5,291.7,286.1,282.4,286.3,286.4,287.5,288.0,286.9,287.0,289.4,285.0,284.4,282.3,281.2,283.3,285.4,287.3,290.4,292.0,292.8,294.0,294.8,293.6,296.6,295.5,293.4,291.4,292.3,292.7,294.1,293.1,294.4,298.2,297.7,293.3,296.4,295.7,294.4,293.4,292.4,291.6,286.6,283.3,280.3,283.4,284.1,285.5,286.2,288.3,288.1,286.2,284.2,283.6,285.3,286.7,287.2,285.8,288.1,290.3,290.8,292.4,293.5,293.2,295.1,294.8,293.3,291.4,289.5,290.6,289.5,293.2,293.3,295.3,295.2,297.6,290.6,295.5,294.7,293.0,292.2,292.3,288.7,287.5,288.4,281.6,280.4,281.4,282.2,284.0,287.5,287.3,290.2,284.8,287.4,288.4,287.5,288.8,289.6,288.2,289.1,290.9,290.6,293.5,290.6,290.0,293.0,290.8,289.8,289.2,288.6,292.2,294.0,296.8,294.7]},{"header":{"discipline":0,"disciplineName":"Meteorological products","gribEdition":2,"gribLength":1025,"center":7,"centerName":"US National Weather Service - NCEP(WMC)","subcenter":0,"refTime":"2023-08-26T12:00:00.000Z","significanceOfRT":1,"significanceOfRTName":"Start of forecast","productStatus":0,"productStatusName":"Operational products","productType":1,"productTypeName":"Forecast products","productDefinitionTemplate":0,"productDefinitionTemplateName":"Analysis/forecast at horizontal level/layer at a point in time","parameterCategory":2,"parameterCategoryName":"UnknownDiscipline_0_Category_2","parameterNumber":2,"parameterNumberName":"UnknownParameter_D0_C2_2","parameterUnit":"Unknown","genProcessType":2,"genProcessTypeName":"Forecast","forecastTime":120,"surface1Type":103,"surface1TypeName":"Specified height level above ground","surface1Value":10.0,"surface2Type":255,"surface2TypeName":"Missing","surface2Value":0.0,"gridDefinitionTemplate":0,"gridDefinitionTemplateName":"Latitude_Longitude","numberPoints":615,"shape":6,"shapeName":"Earth spherical with radius of 6,371,229.0 m","gridUnits":"degrees","resolution":48,"winds":"true","scanMode":64,"nx":41,"ny":15,"basicAngle":0,"lo1":47.0,"la1":41.0,"lo2":87.0,"la2":55.0,"dx":1.0,"dy":1.0},"data":[0.18818359,1.6481836,-2.9118164,-5.5018163,-1.1218164,1.3081836,5.8281837,1.1381836,0.7181836,0.4881836,1.4881836,0.4681836,1.2781836,1.7581836,2.0781837,1.9081836,1.9781836,1.1281836,0.8381836,1.7581836,1.4181836,0.5481836,4.1081834,3.0481837,3.8881836,2.8281837,5.5181837,4.9681835,-0.2418164,-1.5518165,-0.021816406,1.2481836,-0.44181642,-0.1418164,1.8681836,-1.2918164,1.0781837,-0.5918164,0.78818357,-0.4618164,-0.8218164,-1.5218164,-3.7918165,-4.6618166,-5.2018166,-2.2118163,0.028183594,1.7381836,0.8581836,1.8481836,2.3281837,3.0581837,4.0381837,5.4881835,5.7481837,4.3381834,5.1081834,4.148184,4.2281837,5.0681834,2.5281837,1.1581836,2.9281836,3.2881837,3.1081836,3.6781836,-0.96181643,-1.9718164,2.1881835,4.5281835,2.6881835,-0.8718164,0.7781836,-2.2818165,-0.52181643,0.23818359,1.5881836,0.7181836,1.2781836,1.5481836,-0.6718164,-1.0618165,-6.4918165,-5.8418164,-4.8618164,-3.1118164,0.3181836,3.5481837,1.7981836,2.1981835,3.7981837,3.5481837,4.3381834,4.6381836,5.9081836,7.0481834,6.3881836,5.7581835,5.898184,5.458184,4.438184,3.4781835,3.4481835,3.8081837,4.9781837,6.7181835,2.9681835,0.4781836,-0.7918164,1.1181836,0.9681836,-0.38181642,0.8381836,-3.8818164,0.6281836,3.0081835,-3.6818163,-2.6518164,1.0281836,-0.3418164,-0.83181643,-3.3318164,-1.8018165,-7.3718166,-4.7518163,-3.3218164,-0.6918164,4.8781834,0.8981836,0.4081836,3.5381837,3.7081835,5.2681837,6.438184,6.5981836,0.3481836,1.6881835,5.688184,9.348184,7.938184,6.1781836,4.3181834,4.9081836,5.7281837,6.918184,4.8581834,2.3481836,2.5881836,4.6281834,2.9881835,4.0881834,-2.3318164,-2.0118165,-1.5918164,0.5681836,5.4681835,11.268184,7.7481837,4.8881836,1.0181836,-2.2218163,-0.9118164,1.3081836,0.018183595,-5.061816,-1.6218164,0.1981836,1.6981835,2.6481836,3.4981835,4.6381836,6.2581835,7.418184,7.4481835,9.448184,7.7281837,1.0481836,4.2781835,5.188184,8.658184,9.328183,6.3481836,8.378183,5.9081836,6.9781837,7.0881834,8.108184,6.4881835,6.668184,6.5281835,6.4081836,4.898184,3.1881835,3.0281837,3.5081835,1.0081836,-1.6518164,1.1581836,0.4481836,-0.8118164,10.538183,3.3981836,0.8881836,4.2781835,1.9081836,-0.4018164,2.2881837,1.1381836,0.07818359,1.2581836,3.9681835,5.9481835,6.7581835,6.0881834,5.6581836,6.7381835,7.6081834,7.3181834,4.0681834,7.0581837,8.528184,9.448184,3.6781836,11.088183,7.9981837,8.408184,8.618183,8.188184,7.3581834,8.328183,7.8281837,8.368183,1.4781836,6.8081837,6.0281835,2.7181835,3.9281836,2.8581836,-1.2918164,2.1681836,3.2281835,2.5681837,5.4481835,6.1781836,1.7881836,1.6481836,-1.8418164,-0.35181642,0.4381836,0.9481836,2.3181837,3.8781836,4.7381835,5.9881835,6.2181835,6.3581834,5.688184,6.3181834,7.168184,7.898184,6.7881837,2.9481835,5.9481835,7.8081837,8.078183,8.288183,7.8781834,8.208183,9.448184,8.838183,9.538183,7.9481835,7.5081835,8.078183,4.0181837,5.5281835,7.4981837,6.3181834,5.0381837,5.9481835,5.708184,5.3481836,3.2681837,-1.9318165,2.4881835,0.4081836,7.708184,-1.5318164,-0.0018164063,1.2881836,2.7581835,3.0081835,3.3581836,3.9381835,4.0281835,4.3681836,4.3281837,6.3081837,6.5681834,6.2581835,4.9681835,5.7681837,7.7381835,8.598184,9.618183,8.778184,7.3681836,9.488184,9.348184,9.278184,7.8881836,8.778184,8.888184,7.6781836,6.5381837,7.8481836,7.898184,7.1081834,7.168184,5.9881835,5.3181834,6.4781837,6.3281837,5.1281834,1.5581836,7.9981837,8.358184,7.6281834,-1.4418164,0.23818359,1.2281836,2.0681837,3.1381836,3.7681837,3.6181836,3.0481837,3.9681835,5.0181837,3.8781836,5.4281836,6.2881837,5.1781836,5.4881835,6.8381834,8.688184,7.4681835,7.898184,8.088183,7.2181835,8.448184,8.728184,6.5281835,5.2581835,5.4481835,6.5481834,7.458184,8.028184,6.9081836,7.458184,6.8181834,7.0081835,6.1781836,5.1781836,4.9481835,0.5481836,3.5881836,0.2681836,1.5481836,-0.9718164,-1.2018164,-0.8418164,-0.041816406,0.6581836,1.8381836,2.0881836,2.3881836,2.3581836,1.2681836,3.7781837,3.7981837,6.2481837,5.2981834,3.7181835,6.1981835,6.4081836,6.4981837,6.9281836,8.178184,8.028184,6.7481837,7.6281834,6.3181834,6.0781837,6.1181836,3.6781836,4.7481837,6.5181837,8.2181835,8.7181835,7.6081834,7.188184,6.0281835,6.0081835,0.8881836,2.0681837,-1.9818164,0.8381836,1.6281836,1.3981836,0.66818357,-0.6318164,-0.3318164,0.36818358,0.2581836,0.4881836,1.3781836,1.9281836,3.0581837,3.2381835,2.6281836,3.9581835,2.0781837,3.7181835,6.208184,5.8181834,5.5081835,6.688184,8.908184,5.8481836,5.7581835,4.0881834,9.048183,6.2281837,7.1281834,8.948184,6.0281835,6.2281837,4.8381834,8.858184,8.628183,9.728184,8.618183,6.7881837,-0.47181642,3.6881835,4.168184,0.8881836,1.3481836,1.1181836,1.6381836,0.78818357,-0.23181641,-2.0718164,-0.011816407,1.1481836,0.7681836,1.6481836,1.9381835,3.1981835,-0.2818164,0.3581836,3.5581837,2.7881837,4.1781836,3.6481836,3.0181837,2.5081835,1.8181835,1.7681836,2.9881835,4.4981837,5.5181837,7.418184,7.7581835,7.2581835,6.5381837,5.9881835,9.378183,9.228184,9.618183,7.4281836,5.3781834,8.148184,6.5081835,-0.3718164,1.9481835,3.6881835,5.1081834,2.8181837,1.6981835,5.1581836,3.5781837,0.20818359,-0.8818164,-0.44181642,0.018183595,0.9381836,0.6481836,1.8481836,2.7481835,2.0881836,-0.2818164,2.6081836,4.7681837,4.1081834,3.1981835,3.2581835,3.7081835,3.9881835,4.8481836,4.5181837,-0.35181642,1.3781836,5.4781837,6.7381835,8.188184,8.378183,8.388184,8.208183,8.498183,8.888184,6.688184,4.8681836,7.2581835,4.4781837,-0.081816405,2.4581835,3.8881836,4.8081837,2.3381836,5.6781836,5.2381835,0.9581836,0.7181836,0.1681836,0.07818359,0.6381836,0.6181836,0.66818357,1.2081836,1.9181836,-0.77181643,2.0281837,2.1681836,3.1581836,4.3281837,4.1281834,3.9681835,3.2381835,4.0881834,3.3381836,-3.1318164,-0.6318164,4.5281835,5.1981835,6.4981837,6.438184,4.4281836,5.7281837,3.6881835,4.7481837,6.8281837,5.2481837,7.1781836,6.1281834,1.0181836,-0.021816406,1.9481835,2.5281837,2.4581835,4.8681836,5.5381837,4.5981836,0.7781836,1.1781836,0.1981836,0.5581836,0.6381836,0.7981836,1.1181836,1.7181836,2.1881835,1.1181836,1.8781836,1.6781836,3.3781836,3.9381835,3.6081836,4.0881834,4.188184,3.3481836,1.9881836,0.8581836,2.9581835,3.6881835,4.9681835,2.0581837,0.3781836,-0.2218164,-0.5618164,1.3181835,1.3081836,5.2281837,4.7881837,-0.4618164,-0.3118164,-2.2718165,0.4981836,1.2581836,1.7981836,2.4281836,3.2381835,4.6381836,6.8681836,0.018183595]},{"header":{"discipline":0,"disciplineName":"Meteorological products","gribEdition":2,"gribLength":1025,"center":7,"centerName":"US National Weather Service - NCEP(WMC)","subcenter":0,"refTime":"2023-08-26T12:00:00.000Z","significanceOfRT":1,"significanceOfRTName":"Start of forecast","productStatus":0,"productStatusName":"Operational products","productType":1,"productTypeName":"Forecast products","productDefinitionTemplate":0,"productDefinitionTemplateName":"Analysis/forecast at horizontal level/layer at a point in time","parameterCategory":2,"parameterCategoryName":"UnknownDiscipline_0_Category_2","parameterNumber":3,"parameterNumberName":"UnknownParameter_D0_C2_3","parameterUnit":"Unknown","genProcessType":2,"genProcessTypeName":"Forecast","forecastTime":120,"surface1Type":103,"surface1TypeName":"Specified height level above ground","surface1Value":10.0,"surface2Type":255,"surface2TypeName":"Missing","surface2Value":0.0,"gridDefinitionTemplate":0,"gridDefinitionTemplateName":"Latitude_Longitude","numberPoints":615,"shape":6,"shapeName":"Earth spherical with radius of 6,371,229.0 m","gridUnits":"degrees","resolution":48,"winds":"true","scanMode":64,"nx":41,"ny":15,"basicAngle":0,"lo1":47.0,"la1":41.0,"lo2":87.0,"la2":55.0,"dx":1.0,"dy":1.0},"data":[1.8109424,2.3309424,-2.6990576,0.22094238,-1.5990577,-1.6390576,-2.3690577,-3.6590576,-1.1990576,-2.4790576,-2.0490577,-2.4890575,-2.0690577,-1.5590576,-0.8090576,-1.1990576,-2.8790576,-3.3690577,-4.7890577,-4.6590576,-3.8390577,-4.5690575,-4.6590576,2.1209424,2.6409423,-4.0690575,-5.5790577,1.5609424,-3.4990575,0.35094237,2.3609424,1.6109424,2.5209424,4.6709423,1.1009424,-2.9690576,-0.2590576,2.0909424,0.8909424,-1.0790576,-1.7990576,-2.9090576,-0.5490576,1.1209424,-0.88905764,-2.3090577,-3.5290575,-2.3990576,-2.6790576,-1.2290577,-0.8490576,-1.1090577,0.47094238,-0.5990576,0.34094238,1.4009423,-1.0590576,-2.7090576,-0.8990576,0.07094238,-2.3590577,-3.4790576,-3.4990575,-2.9690576,0.26094237,3.8009424,3.2009423,2.2209425,1.3609424,-1.1290576,1.8809423,-1.4290576,-0.14905761,1.2609423,0.9109424,3.1809423,4.6609426,1.6509423,2.9009423,1.4809424,-0.87905765,-1.0890576,-0.37905762,2.8009424,0.9509424,-1.5690576,-2.5290575,0.5309424,-1.6090577,-2.1190577,-2.7790575,-1.4790577,-2.3690577,-4.4090576,-3.2390575,-3.9790576,-1.6190577,-0.8690576,-2.2590575,-1.6690576,-0.50905764,-1.9390576,-1.4690576,-2.5890577,-1.6590576,1.2909424,1.0109423,-3.1890576,-1.9090576,-4.4690576,1.0809424,-1.8790576,0.17094238,-1.8190576,-3.4190576,-3.1890576,0.5309424,-2.4490576,-2.5090575,-1.7490577,-0.07905762,1.7309424,-3.0390577,1.0309424,1.7109424,0.6009424,-0.14905761,0.6509424,-3.2890577,-4.459058,-2.9190576,-1.6690576,-0.9790576,-1.4590576,-1.2990576,2.0309424,-0.059057616,-3.8490577,-2.6190577,-1.8390576,0.55094236,-2.0490577,-2.5190575,-2.9590576,-0.45905763,-5.4690576,-3.7290576,-1.5390576,-0.9590576,-0.18905762,-2.8090577,-4.5190578,-2.0890577,-4.5590577,-4.4090576,-1.4790577,4.330942,3.6109424,0.7709424,-0.50905764,9.423828E-4,-2.7790575,-4.9890575,-6.5290575,2.5309424,2.6809423,1.6009424,-1.4690576,-4.0690575,-5.6490574,-6.0890574,-2.9090576,-0.6890576,-2.1190577,-3.1290576,-1.2590576,5.1709423,4.8709426,2.9709425,0.6309424,-0.3190576,-0.22905761,0.7209424,-2.5090575,-2.4890575,-1.0590576,-1.9890577,1.3009424,0.080942385,0.040942382,1.4309424,1.0909424,1.6709424,1.0409424,-2.4590576,-2.6190577,-1.7090576,1.0509424,-0.3490576,4.080942,-10.959058,0.44094238,-7.8190575,-6.5990577,-4.189058,-1.9290576,-3.2990577,5.4609423,3.6609423,0.22094238,-2.2990577,-2.5790577,-3.0290575,-4.0190578,-4.499058,-4.189058,-3.7990577,-3.2390575,1.2109424,4.1909423,0.030942382,0.29094237,0.68094236,-1.8790576,-2.4290576,-1.9990577,-0.48905763,1.2909424,2.3609424,2.1709423,1.4009423,2.0109425,5.540942,2.1709423,-1.4390576,1.0209423,0.9609424,0.34094238,3.2609425,-1.2890576,-1.5390576,-2.4290576,-4.9290576,-5.3190575,-0.06905761,-2.3790576,-3.3190577,-3.8790576,-3.9390576,-5.169058,-4.3190575,-6.749058,-6.5390577,-4.8390574,-4.0090575,-3.4590576,-3.4790576,-4.0990577,-2.6190577,-1.4490576,-2.4590576,-3.4390576,-1.5490576,-2.1690576,-3.2890577,-2.8890576,-1.2090576,-0.63905764,-2.0990577,0.55094236,3.1709423,3.9009423,2.4709425,2.7109423,8.600943,5.4809422,3.6309423,3.5809424,4.4809422,2.4309423,-0.3590576,-2.0490577,2.7409425,-1.0990577,-2.4990575,-3.4190576,-9.289058,-4.0690575,-4.209058,-4.5090575,-5.3490577,-5.2590575,-5.8190575,-5.7590575,-4.9690576,-4.2590575,-5.0790577,-3.8490577,-3.3490577,-4.6590576,-5.5290575,-4.6090574,-1.4690576,-2.4590576,-2.3390577,-2.5090575,-0.4190576,-0.8590576,-0.029057616,1.7409424,1.8509424,2.3209424,2.0409424,4.7109423,4.500942,3.5409424,3.7109423,4.4309425,4.4309425,3.9909425,4.7809424,3.2809424,2.4409423,-2.3890576,-4.439058,-2.5190575,-1.1990576,2.1309423,-4.709058,-5.8790574,-7.1990576,-7.3490577,-6.8990574,-5.419058,-5.3890576,-4.5590577,-5.5890574,-4.4890575,-5.479058,-4.7190576,-5.5090575,-6.1990576,-5.709058,-4.7690578,-2.6590576,1.4109424,0.3309424,2.7509425,3.1809423,3.1409423,3.7809424,3.9409423,2.7509425,2.5109425,2.5009425,2.3409424,1.9809424,4.5109425,4.0909424,4.4509425,3.0709424,2.3609424,1.8909423,1.4109424,2.9609423,1.2609423,2.4409423,-2.6190577,0.22094238,-5.1290574,-6.0590577,-6.8890576,-7.1490574,-6.6490574,-5.8690577,-4.6290574,-5.499058,-6.729058,-3.4290576,-4.169058,-5.1490574,-5.2990575,-5.2790575,-4.1590576,-2.6790576,-1.5890576,-1.0190576,0.41094238,4.2609425,2.6309423,1.2209424,2.8709424,4.6709423,2.1509423,2.0109425,4.3809423,2.8109424,3.7209425,3.4609423,-1.1690576,1.2209424,1.7909424,1.0409424,0.74094236,0.9709424,-0.43905762,2.3009424,4.0109425,4.270942,-1.0890576,-4.7590575,-6.6490574,-6.6190577,-6.8890576,-6.3390574,-5.8690577,-5.4290576,-5.5190578,-4.459058,-4.729058,-4.2890577,-5.9290576,-5.479058,-3.2890577,-4.209058,-5.249058,-4.209058,-0.39905763,1.0109423,1.9509424,-0.07905762,1.3409424,5.4409423,3.1709423,1.5709424,4.9909425,6.9609423,6.6009426,6.4209423,3.3809423,1.4009423,-1.5790576,0.9009424,4.6209426,2.6909423,3.2609425,2.7609425,1.3609424,2.1909423,1.1909424,-0.17905761,-5.169058,-5.5390577,-7.2190576,-6.5590577,-6.8290577,-6.1390576,-5.5390577,-5.709058,-6.6290574,-6.4490576,-6.249058,-6.6090574,-5.3890576,-4.4290576,-4.6490574,-5.0990577,-5.6190577,-3.4590576,0.5909424,1.9809424,2.1009424,3.0009425,3.2609425,1.6109424,5.3609424,5.3509426,4.4109426,2.6809423,1.6309423,4.6909423,6.3709426,2.6209424,2.2709424,4.1609426,3.1709423,2.6009424,2.8309424,0.68094236,-1.4990577,-1.1790576,0.80094236,-4.6390576,-6.8190575,-7.3490577,-6.7190576,-6.3290577,-4.3790574,-6.1790576,-6.229058,-7.5890574,-4.919058,-4.3090577,-3.9290576,-5.1590576,-6.4890575,-5.6590576,-5.2790575,-3.7690575,-1.6490576,0.3009424,-1.1590576,-2.4690576,0.3309424,1.9309424,4.1509423,4.4109426,6.2609425,5.4709425,7.0509424,7.0309424,6.2109423,7.6209426,5.4609423,5.1509423,5.2009425,2.6209424,4.040942,3.5709424,0.67094237,-1.5490576,-3.2190576,-0.24905762,-4.6590576,-6.3690577,-7.5590577,-7.3290577,-6.939058,-6.3790574,-6.5490575,-6.3790574,-6.8390574,-6.2990575,-2.7590575,-1.6990576,-4.3590574,-4.2990575,-5.7790575,-4.7690578,-3.7590575,-2.2790575,2.3609424,-0.45905763,-0.8590576,-1.2490577,2.1509423,2.6609423,5.8709426,7.4209423,8.730943,7.8609424,7.060942,6.4309425,5.4609423,5.4609423,5.2009425,6.6909423,4.0509424,3.8409424,3.3709424,2.1109424,-1.3390576,-3.5690577,0.080942385,-3.1490576,-5.8990574,-6.0790577,-7.2790575,-7.1990576,-6.0390577,-6.5990577,-6.6990576,-5.5590577,-5.959058,-3.7190576,-3.0890577,-3.3190577,-2.5690577,-3.7690575,-5.1390576,-5.0590577,-2.0990577,-0.059057616,2.6809423,-0.94905764,-1.3090576,-0.4190576,2.9509423,5.6609426,6.020942,7.8609424,7.1709423,6.6809425,5.0309424,2.9909425,5.6209426,5.770942,4.8709426,3.9109423,3.8209424,1.7809424,3.8309424,-1.6890576,0.5709424,0.6009424]}]