wind_kz.json
{"header": {"discipline":0,"disciplineName":"Meteorological products","gribEdition":2,"gribLength":1025,"center":7,"centerName":"US National Weather Service - NCEP(WMC)","subcenter":0,"refTime":"2023-09-30T12:00:00.000Z","significanceOfRT":1,"significanceOfRTName":"Start of forecast","productStatus":0,"productStatusName":"Operational products","productType":1,"productTypeName":"Forecast products","productDefinitionTemplate":0,"productDefinitionTemplateName":"Analysis/forecast at horizontal level/layer at a point in time","parameterCategory":2,"parameterCategoryName":"UnknownDiscipline_0_Category_2","parameterNumber":2,"parameterNumberName":"UnknownParameter_D0_C2_2","parameterUnit":"Unknown","genProcessType":2,"genProcessTypeName":"Forecast","forecastTime":240,"surface1Type":103,"surface1TypeName":"Specified height level above ground","surface1Value":10.0,"surface2Type":255,"surface2TypeName":"Missing","surface2Value":0.0,"gridDefinitionTemplate":0,"gridDefinitionTemplateName":"Latitude_Longitude","numberPoints":615,"shape":6,"shapeName":"Earth spherical with radius of 6,371,229.0 m","gridUnits":"degrees","resolution":48,"winds":"true","scanMode":64,"nx":41,"ny":15,"basicAngle":0,"lo1":47.0,"la1":41.0,"lo2":87.0,"la2":55.0,"dx":1.0,"dy":1.0}, "data":
[rows 0 to 14 of 15, columns 0 to 40 of 41]
1.915379,1.545379,-1.754621,-3.464621,-2.014621,-1.274621,2.255379,-2.394621,-5.384621,-4.654621,-4.374621,-4.334621,-4.294621,-3.874621,-3.034621,-2.6746209,-1.424621,-1.7246209,-2.144621,-2.894621,-2.1646209,-0.20462097,1.1353791,2.5653791,2.275379,2.245379,2.635379,4.145379,1.245379,2.615379,0.645379,2.5753791,-0.63462096,-0.38462096,-2.064621,-1.054621,2.245379,1.235379,0.74537903,0.61537904,0.53537905
1.945379,-2.704621,-3.474621,-4.734621,-3.544621,-0.34462097,-1.9846209,-2.004621,-2.834621,-3.584621,-4.284621,-3.534621,-2.654621,-2.534621,-1.904621,-1.044621,-0.25462097,-0.814621,-1.1246209,-1.294621,-1.544621,-0.814621,-0.07462097,1.545379,2.715379,0.53537905,1.335379,2.415379,5.225379,2.425379,2.605379,2.365379,-1.024621,-1.304621,0.045379028,-0.43462098,0.65537906,-0.40462098,-0.854621,1.8753791,-0.044620972
-3.594621,-4.334621,-3.9246209,-4.764621,-3.854621,-0.33462098,-1.524621,-1.934621,-2.274621,-1.584621,-0.96462095,-1.174621,-0.83462095,-1.664621,-0.14462097,0.715379,1.905379,1.295379,0.86537904,1.175379,0.965379,1.945379,2.725379,2.985379,2.365379,2.305379,3.385379,0.33537903,4.925379,-0.13462096,0.715379,-2.034621,-0.784621,1.595379,-1.534621,0.45537904,0.945379,0.19537903,1.7553791,-1.754621,0.815379
-6.014621,-5.504621,-4.894621,-4.384621,0.48537904,1.1253791,0.26537904,0.99537903,1.345379,1.0053791,0.65537906,1.2753791,-2.474621,-0.48462096,2.595379,3.195379,2.8153791,3.5653791,3.635379,3.195379,2.635379,2.445379,2.3153791,2.955379,3.535379,3.125379,3.395379,3.505379,5.265379,-1.564621,-0.48462096,-2.644621,6.075379,2.735379,4.515379,4.855379,1.995379,2.225379,-0.804621,3.425379,3.705379
-3.734621,-3.084621,-2.874621,-0.17462097,-0.24462098,0.525379,1.045379,3.385379,3.0853791,3.245379,3.535379,4.545379,0.575379,3.025379,4.155379,5.9453793,6.925379,5.875379,5.525379,5.625379,4.005379,4.555379,4.575379,4.615379,5.675379,6.775379,6.345379,5.395379,3.015379,4.615379,3.8153791,0.625379,-0.38462096,1.045379,0.35537902,-3.384621,-0.28462097,-0.914621,1.475379,-1.8546209,-3.134621
0.47537902,0.505379,0.98537904,1.5153791,2.185379,1.925379,2.745379,3.035379,3.605379,4.475379,5.165379,5.705379,1.175379,4.415379,5.615379,7.075379,7.385379,8.215379,7.905379,7.065379,6.385379,6.435379,5.815379,5.025379,5.765379,6.755379,7.245379,6.795379,4.255379,6.085379,4.9453793,3.705379,3.495379,7.035379,5.015379,4.845379,2.175379,1.685379,5.665379,2.485379,-5.634621
3.305379,3.655379,3.545379,3.0753791,3.3353791,4.895379,5.355379,5.995379,5.165379,5.895379,5.345379,4.785379,6.625379,7.295379,5.655379,7.275379,6.645379,6.905379,8.315379,6.745379,7.625379,6.125379,7.415379,4.175379,6.465379,6.735379,7.925379,6.915379,6.305379,5.375379,5.915379,5.205379,2.905379,6.735379,2.895379,-2.464621,-0.64462095,1.495379,-0.564621,1.5253791,4.225379
3.595379,5.005379,4.825379,4.355379,4.155379,3.745379,4.095379,3.875379,4.105379,5.075379,5.455379,7.385379,6.525379,6.425379,6.485379,6.255379,6.255379,7.545379,7.355379,8.165379,7.045379,6.335379,7.415379,7.075379,6.775379,7.395379,7.685379,7.085379,7.175379,5.6953793,6.305379,6.095379,4.765379,3.455379,3.0753791,-2.764621,-2.4346209,-0.39462098,-0.41462097,1.995379,2.855379
5.4453793,4.175379,4.785379,-0.28462097,-0.03462097,1.665379,2.295379,2.805379,3.455379,4.855379,5.805379,6.605379,6.375379,5.955379,4.655379,4.135379,5.525379,6.435379,6.815379,6.155379,6.835379,8.135379,8.395379,7.055379,6.995379,8.145379,7.645379,7.505379,7.125379,6.485379,6.425379,6.205379,5.485379,3.715379,3.095379,3.015379,-1.314621,0.42537904,0.42537904,0.44537902,0.46537903
2.215379,0.965379,-0.58462095,0.05537903,0.40537903,2.745379,3.405379,3.355379,3.885379,4.455379,5.455379,4.585379,3.415379,2.965379,4.035379,5.815379,5.845379,6.535379,6.395379,7.045379,7.605379,8.465379,8.825379,8.935379,8.725379,8.875379,8.715379,7.105379,7.645379,7.355379,6.655379,5.525379,3.555379,2.895379,1.985379,2.5853791,-2.094621,-0.744621,0.515379,1.175379,0.45537904
0.965379,-0.58462095,-1.544621,0.11537903,2.445379,2.345379,2.675379,2.625379,2.285379,2.235379,3.5653791,3.655379,5.035379,6.565379,6.835379,7.015379,7.105379,7.905379,7.325379,8.015379,8.875379,9.075379,9.265379,9.875379,8.345379,8.775379,9.625379,7.275379,7.415379,6.665379,6.015379,3.655379,3.295379,2.505379,2.945379,-0.16462097,-0.974621,1.185379,0.40537903,0.685379,-0.46462098
-1.554621,-2.024621,-1.304621,0.03537903,0.99537903,1.0153791,1.565379,1.965379,2.505379,3.145379,3.775379,5.545379,5.375379,6.525379,6.625379,6.245379,6.975379,8.185379,8.185379,8.795379,9.305379,9.915379,10.135379,10.015379,10.075379,10.575378,9.375379,8.245379,7.775379,5.725379,4.505379,4.065379,2.805379,2.535379,2.095379,1.035379,1.365379,-0.014620972,-2.144621,-1.414621,-1.034621
-1.574621,-2.6746209,-1.3746209,0.34537902,-0.084620975,0.08537903,1.315379,2.475379,4.275379,2.965379,2.525379,4.845379,5.525379,6.075379,5.985379,6.745379,7.605379,8.285379,8.555379,9.545379,9.9553795,10.335379,10.405378,10.645378,10.365378,10.335379,9.4553795,7.995379,6.885379,5.525379,3.905379,3.285379,2.665379,1.8753791,3.0753791,0.17537902,-0.544621,-0.534621,-2.554621,-2.334621,-1.654621
-2.864621,-1.714621,-0.544621,-0.84462094,-0.784621,0.38537902,2.555379,2.425379,3.115379,2.535379,2.235379,4.4453793,4.455379,6.355379,5.625379,6.535379,7.255379,7.615379,8.555379,10.025379,10.4953785,10.435378,11.125379,10.615378,9.075379,8.515379,8.015379,7.495379,5.405379,4.875379,3.765379,1.975379,2.025379,1.475379,0.98537904,0.46537903,-1.264621,-1.454621,-1.194621,-0.40462098,-1.4846209
-2.9246209,-2.944621,-2.004621,-1.4946209,0.21537903,0.97537905,1.935379,2.215379,3.215379,3.425379,1.965379,4.425379,5.385379,5.625379,7.175379,6.845379,7.235379,8.135379,8.055379,8.445379,8.2053795,8.275379,8.325379,8.185379,8.145379,6.735379,5.035379,3.775379,3.735379,3.165379,4.045379,2.695379,1.195379,0.965379,0.73537904,0.49537903,-0.41462097,-1.254621,-0.794621,-0.37462097,-1.094621
