wind_kz.json
{"header": {"discipline":0,"disciplineName":"Meteorological products","gribEdition":2,"gribLength":871,"center":7,"centerName":"US National Weather Service - NCEP(WMC)","subcenter":0,"refTime":"2023-09-20T00:00:00.000Z","significanceOfRT":1,"significanceOfRTName":"Start of forecast","productStatus":0,"productStatusName":"Operational products","productType":1,"productTypeName":"Forecast products","productDefinitionTemplate":0,"productDefinitionTemplateName":"Analysis/forecast at horizontal level/layer at a point in time","parameterCategory":0,"parameterCategoryName":"UnknownDiscipline_0_Category_0","parameterNumber":0,"parameterNumberName":"UnknownParameter_D0_C0_0","parameterUnit":"Unknown","genProcessType":2,"genProcessTypeName":"Forecast","forecastTime":60,"surface1Type":1,"surface1TypeName":"Ground or water surface","surface1Value":0.0,"surface2Type":255,"surface2TypeName":"Missing","surface2Value":0.0,"gridDefinitionTemplate":0,"gridDefinitionTemplateName":"Latitude_Longitude","numberPoints":615,"shape":6,"shapeName":"Earth spherical with radius of 6,371,229.0 m","gridUnits":"degrees","resolution":48,"winds":"true","scanMode":64,"nx":41,"ny":15,"basicAngle":0,"lo1":47.0,"la1":41.0,"lo2":87.0,"la2":55.0,"dx":1.0,"dy":1.0}, "data":
[rows 0 to 14 of 15, columns 0 to 40 of 41]
304.87534,292.47534,299.67535,294.97534,295.07535,294.77533,305.27533,308.67535,305.77533,306.57535,304.67535,305.27533,304.27533,304.07535,303.47534,302.97534,302.57535,301.77533,302.37534,301.87534,303.27533,299.47534,299.17535,294.17535,297.57535,299.07535,291.57535,274.57535,273.57535,274.57535,275.47534,275.67535,286.47534,290.87534,293.77533,293.17535,293.17535,293.07535,294.27533,294.17535,294.87534
286.07535,298.07535,294.77533,294.67535,294.57535,294.87534,310.57535,306.67535,305.07535,304.47534,305.37534,304.27533,303.67535,302.57535,302.57535,302.87534,303.17535,302.97534,301.27533,301.57535,301.07535,300.27533,297.37534,287.57535,274.37534,277.17535,284.57535,275.57535,274.37534,269.37534,277.27533,270.97534,281.17535,264.37534,274.77533,291.87534,290.67535,292.37534,295.77533,287.37534,284.37534
300.57535,293.57535,294.87534,294.27533,292.27533,306.07535,305.17535,305.67535,304.87534,303.77533,302.67535,303.77533,301.87534,302.67535,302.47534,302.37534,301.77533,301.67535,301.67535,301.67535,302.57535,301.17535,298.77533,292.17535,295.67535,292.17535,292.77533,290.77533,286.97534,275.47534,269.77533,272.37534,277.47534,279.27533,281.77533,282.47534,274.77533,276.17535,278.27533,271.87534,267.27533
301.67535,293.47534,294.77533,293.47534,295.97534,303.57535,304.67535,304.47534,305.37534,304.77533,303.27533,299.87534,292.27533,291.77533,299.57535,302.67535,301.67535,302.07535,302.47534,301.77533,300.17535,295.57535,299.67535,299.37534,299.07535,298.87534,297.47534,293.37534,289.57535,291.17535,287.77533,284.57535,290.77533,288.47534,289.57535,286.37534,274.97534,272.17535,279.27533,289.77533,291.87534
302.27533,292.57535,293.67535,292.77533,297.87534,304.07535,305.27533,306.07535,303.07535,302.57535,303.37534,300.67535,292.47534,290.77533,288.97534,301.97534,302.67535,301.07535,300.77533,300.87534,301.87534,302.07535,300.57535,299.67535,299.87534,296.87534,296.07535,294.47534,295.37534,294.57535,294.47534,290.37534,277.57535,270.77533,281.77533,290.07535,293.27533,295.07535,296.67535,297.87534,297.17535
303.27533,299.97534,291.87534,291.87534,292.77533,292.57535,304.77533,304.27533,300.17535,301.47534,302.17535,301.87534,292.87534,292.67535,294.77533,299.27533,301.47534,301.87534,301.77533,301.77533,301.27533,300.07535,299.37534,299.27533,297.97534,294.07535,296.47534,290.27533,296.47534,297.07535,295.67535,296.37534,293.37534,291.57535,288.97534,292.17535,282.57535,285.27533,292.97534,296.27533,294.77533
304.47534,304.57535,303.87534,303.17535,299.27533,302.87534,304.57535,301.77533,302.87534,303.07535,300.07535,299.77533,298.57535,299.17535,298.87534,299.27533,299.67535,300.57535,300.97534,300.27533,299.87534,299.77533,299.37534,297.97534,296.07535,296.17535,293.57535,295.77533,294.77533,294.57535,293.17535,292.07535,293.17535,293.37534,291.67535,288.87534,284.67535,281.57535,279.77533,276.57535,289.17535
304.77533,304.77533,304.97534,304.47534,305.07535,304.67535,304.97534,303.97534,302.27533,301.07535,299.87534,298.87534,298.57535,297.87534,298.47534,298.87534,297.67535,298.37534,299.07535,296.97534,297.27533,297.67535,294.77533,294.87534,293.77533,289.77533,289.07535,291.27533,289.17535,290.37534,289.87534,289.77533,288.17535,287.07535,287.07535,289.07535,289.97534,288.37534,289.87534,290.57535,286.37534
304.17535,302.97534,303.37534,302.47534,303.07535,302.27533,302.67535,302.17535,301.17535,300.47534,298.87534,298.17535,297.07535,297.97534,296.87534,297.57535,296.97534,296.77533,295.67535,294.87534,292.97534,293.07535,293.37534,291.97534,291.67535,290.17535,287.57535,288.77533,287.27533,286.57535,287.77533,287.67535,288.17535,287.67535,288.57535,284.97534,285.17535,284.57535,276.57535,275.97534,273.97534
303.07535,303.17535,302.67535,300.97534,300.67535,300.67535,300.27533,299.17535,299.07535,298.07535,297.27533,295.97534,296.47534,295.67535,295.67535,295.57535,295.67535,295.97534,295.47534,294.57535,292.97534,292.47534,292.67535,293.87534,292.87534,290.57535,290.77533,288.57535,289.27533,288.67535,289.37534,290.27533,291.27533,291.07535,289.17535,287.07535,284.37534,280.17535,275.37534,275.87534,275.67535
303.37534,303.57535,302.17535,301.67535,300.77533,301.07535,300.47534,299.97534,298.97534,298.17535,295.87534,295.07535,295.57535,294.67535,294.67535,295.07535,294.97534,295.37534,294.77533,292.87534,292.97534,292.47534,291.37534,291.67535,291.27533,291.67535,289.47534,290.67535,289.97534,292.77533,292.27533,292.77533,291.97534,292.07535,290.77533,287.37534,282.17535,279.97534,281.57535,280.47534,276.67535
301.27533,302.67535,302.37534,301.97534,300.67535,299.57535,298.77533,297.97534,298.47534,297.97534,294.27533,293.57535,294.27533,290.67535,289.77533,291.77533,292.27533,292.37534,292.07535,291.37534,290.37534,289.87534,289.67535,290.37534,289.07535,290.17535,290.37534,291.77533,292.27533,292.57535,291.97534,291.37534,291.47534,289.87534,289.77533,289.37534,288.77533,286.37534,285.07535,284.07535,284.37534
298.47534,300.57535,300.37534,299.77533,298.97534,298.47534,298.37534,298.07535,297.07535,294.87534,292.57535,290.67535,291.67535,291.87534,291.77533,291.27533,292.47534,291.57535,291.97534,290.67535,290.47534,289.57535,287.87534,287.87534,289.37534,290.87534,291.97534,291.17535,290.87534,290.47534,290.57535,290.37534,290.27533,289.27533,288.87534,287.87534,287.77533,288.27533,287.97534,285.57535,284.27533
300.57535,300.87534,296.07535,299.27533,299.07535,298.37534,296.47534,294.97534,296.27533,294.77533,288.77533,288.07535,290.67535,292.07535,291.87534,292.57535,292.07535,291.67535,291.97534,291.17535,291.37534,290.67535,290.17535,289.17535,289.37534,289.47534,291.17535,291.07535,290.57535,290.47534,289.87534,289.17535,288.47534,287.97534,287.67535,286.77533,287.47534,287.67535,286.87534,284.47534,284.97534
297.87534,300.47534,288.37534,298.77533,298.17535,297.27533,296.77533,295.87534,295.37534,294.57535,292.47534,289.27533,286.97534,288.97534,290.17535,291.57535,291.07535,290.17535,289.77533,289.27533,289.27533,289.37534,289.27533,288.47534,288.47534,288.87534,287.77533,287.77533,289.27533,290.97534,290.57535,286.67535,289.77533,288.87534,288.87534,287.67535,287.87534,287.27533,287.57535,288.07535,285.67535
