wind_kz.json
{"header": {"discipline":0,"disciplineName":"Meteorological products","gribEdition":2,"gribLength":1025,"center":7,"centerName":"US National Weather Service - NCEP(WMC)","subcenter":0,"refTime":"2024-02-03T06:00:00.000Z","significanceOfRT":1,"significanceOfRTName":"Start of forecast","productStatus":0,"productStatusName":"Operational products","productType":1,"productTypeName":"Forecast products","productDefinitionTemplate":0,"productDefinitionTemplateName":"Analysis/forecast at horizontal level/layer at a point in time","parameterCategory":2,"parameterCategoryName":"UnknownDiscipline_0_Category_2","parameterNumber":2,"parameterNumberName":"UnknownParameter_D0_C2_2","parameterUnit":"Unknown","genProcessType":2,"genProcessTypeName":"Forecast","forecastTime":0,"surface1Type":103,"surface1TypeName":"Specified height level above ground","surface1Value":10.0,"surface2Type":255,"surface2TypeName":"Missing","surface2Value":0.0,"gridDefinitionTemplate":0,"gridDefinitionTemplateName":"Latitude_Longitude","numberPoints":615,"shape":6,"shapeName":"Earth spherical with radius of 6,371,229.0 m","gridUnits":"degrees","resolution":48,"winds":"true","scanMode":64,"nx":41,"ny":15,"basicAngle":0,"lo1":47.0,"la1":41.0,"lo2":87.0,"la2":55.0,"dx":1.0,"dy":1.0}, "data":
[rows 0 to 14 of 15, columns 0 to 40 of 41]
1.5139111,0.50391114,-0.9060889,-2.546089,-0.31608886,0.87391114,0.8939111,1.3839111,0.68391114,0.26391113,1.3039111,1.0139111,1.1739111,0.55391115,-1.2760888,-3.1160889,-2.7260888,-4.5060887,-5.8160887,-4.466089,-1.8160889,3.3139112,2.753911,0.88391113,-0.35608888,-2.6260889,-4.0660887,-4.876089,-0.5960889,-1.0160888,-1.8360889,1.6739111,-0.44608888,-0.82608885,-1.4960889,-1.3660889,-0.9660889,-0.41608888,-0.06608887,-0.61608887,-0.5260889
2.963911,-0.6560889,-0.24608886,-0.7960889,0.30391112,0.8439111,0.6439111,2.173911,2.7939112,1.7639111,1.1639111,0.56391114,0.17391114,-0.21608886,0.11391113,-0.9660889,-2.7360888,-3.6760888,-3.556089,-2.026089,-1.0460888,1.2039112,1.7839111,-0.5960889,-0.89608884,-0.9760889,-0.86608887,-0.99608886,1.0139111,-2.796089,-0.13608886,-0.9660889,0.8439111,0.14391114,0.61391115,0.26391113,1.4539112,0.8939111,-0.03608887,0.36391112,0.69391114
-0.7960889,1.9239111,3.3739111,2.403911,2.963911,1.5739112,1.6139112,1.9239111,2.8739111,3.3739111,3.2839112,2.1039112,1.7439111,1.1539111,-0.45608887,-2.036089,-3.4860888,-1.8160889,-0.8360889,0.82391113,1.9339111,1.5539111,-4.426089,-4.706089,1.2439111,-1.4460889,-2.9760888,-3.1360888,0.023911133,-0.61608887,-0.57608885,1.9239111,-1.7660888,-0.24608886,0.6539111,1.4039111,-0.43608886,0.003911133,-1.1860889,2.903911,3.903911
2.413911,5.483911,6.303911,7.603911,5.903911,2.943911,1.9839112,2.993911,3.7839112,3.503911,3.5139112,3.5739112,3.673911,3.7939112,1.1739111,0.17391114,-1.0960889,-0.80608886,-0.23608887,1.7539111,1.0339111,-1.9460889,-4.136089,-3.4460888,-4.0660887,-4.5660887,-3.776089,-8.946089,-5.556089,-8.216089,-3.1960888,-9.666089,-5.626089,-2.6460888,-2.046089,-1.4560889,-1.3960888,2.0839112,-1.2660888,-0.34608886,-0.40608886
5.153911,5.323911,4.373911,4.9339113,5.0139112,5.133911,4.633911,5.6439114,4.843911,4.213911,3.983911,5.173911,6.033911,5.9539113,4.783911,0.93391114,0.9039111,0.35391113,-0.62608886,-2.846089,-5.576089,-5.216089,-4.726089,-4.666089,-5.846089,-7.5660887,-10.066089,-6.0660887,-6.176089,-5.7360888,-5.206089,-2.1260889,-1.5160888,0.38391113,-1.5460888,-1.2960888,-3.096089,-2.6460888,-1.2360889,0.30391112,-0.5860889
6.2639112,5.063911,4.833911,5.003911,5.173911,5.2639112,5.4339113,4.4939113,3.5239112,4.783911,4.903911,4.503911,6.7239113,7.403911,3.483911,1.2739111,0.81391114,0.34391114,-0.13608886,-1.4060888,-2.7060888,-2.3960888,-3.3560889,-5.516089,-6.746089,-8.296089,-6.686089,-5.446089,-5.926089,-6.916089,-6.866089,-5.406089,-5.406089,-3.586089,-2.9860888,-4.936089,-0.5260889,-3.4160888,-0.05608887,-1.0360888,-2.1560888
5.863911,5.573911,5.8939114,5.943911,5.8939114,6.2439113,5.733911,4.853911,4.8939114,3.923911,4.443911,3.913911,4.2639112,5.353911,4.323911,2.8539112,1.7439111,1.3839111,-0.026088867,-0.34608886,-0.33608887,-0.74608886,-1.5160888,-3.036089,-6.0460887,-6.596089,-5.0060887,-4.996089,-4.5060887,-4.616089,-5.386089,-4.726089,-2.746089,-4.456089,-3.836089,-1.4460889,-0.9860889,0.6539111,-2.1460888,1.2539111,-1.4660889
7.443911,6.503911,6.043911,6.573911,6.153911,5.4939113,7.083911,5.6439114,5.633911,4.133911,3.453911,4.4139113,4.563911,5.653911,3.903911,3.6239111,3.413911,2.473911,0.33391112,0.8439111,0.82391113,0.37391114,-0.05608887,-0.50608885,-2.016089,-1.2360889,-1.1160889,-2.1960888,-2.1660888,-2.1560888,-2.076089,-2.9260888,-2.276089,-0.07608887,-1.8960888,-1.2360889,-0.34608886,0.053911135,-5.5660887,-6.916089,-1.6960889
5.573911,5.883911,6.4939113,7.753911,7.1439114,6.483911,5.353911,5.353911,5.403911,5.383911,4.803911,4.113911,6.113911,5.403911,4.753911,3.493911,3.2639112,2.753911,2.433911,3.503911,3.963911,2.713911,1.5339111,1.3339112,1.2339112,-1.4160888,-1.5660889,-0.89608884,-0.20608887,-0.37608886,1.4639112,1.5739112,2.933911,-0.29608887,-1.9660889,-2.6460888,-1.2860888,-0.49608886,-1.2460889,-1.2660888,0.24391113
4.523911,5.293911,5.653911,6.2239113,8.443912,6.4339113,6.003911,5.283911,5.713911,5.033911,4.873911,6.1839113,4.793911,3.8839111,4.653911,3.0139112,1.8739111,3.443911,3.1039112,3.7639112,4.983911,4.443911,3.703911,3.3139112,2.413911,1.9239111,1.9939111,2.233911,2.0139112,2.153911,1.8839111,3.203911,2.3739111,0.16391113,-1.5260888,-1.6460888,-2.2060888,-1.3360889,1.2039112,0.45391113,-1.2360889
4.103911,4.613911,5.503911,5.503911,6.9139113,7.623911,6.563911,4.8939114,5.533911,5.363911,6.083911,5.313911,3.183911,4.0139112,3.0139112,2.463911,2.6339111,3.923911,3.933911,3.473911,4.253911,3.903911,2.983911,3.2739112,3.5739112,3.423911,5.303911,4.623911,4.733911,3.673911,1.4739112,0.34391114,-1.2760888,-0.10608887,-0.61608887,-0.27608886,-0.86608887,0.123911135,-0.26608887,-0.026088867,0.7239111
4.073911,4.303911,5.7239113,5.553911,7.1639113,6.783911,5.693911,4.2039113,3.923911,4.2439113,4.783911,4.373911,1.8339112,3.1139112,2.953911,2.2839112,2.753911,3.1039112,2.8939111,2.993911,2.943911,3.0739112,3.153911,2.663911,3.5539112,3.8439112,4.4139113,3.3739111,3.213911,1.4039111,-0.5960889,-0.25608885,-0.7960889,-1.5660889,-0.10608887,1.8939111,0.22391114,-1.2760888,-0.68608886,-0.32608888,-0.7960889
5.313911,5.4739113,3.243911,6.373911,5.693911,4.563911,3.3639112,3.483911,4.673911,4.293911,2.653911,1.3939111,0.85391116,1.6139112,0.9639111,1.6539111,1.9239111,2.2839112,2.0639112,1.8039111,1.7739111,2.0839112,2.3539112,2.253911,1.7939111,0.82391113,-0.6660889,-1.6460888,-1.1360888,-1.1960889,-0.80608886,-1.2760888,-1.3460889,-1.0260888,-0.7760889,0.48391113,0.22391114,-0.29608887,-0.81608886,-1.5760889,-1.6060889
5.353911,5.233911,6.563911,6.283911,5.423911,4.4139113,2.1439111,3.193911,3.8639112,1.8839111,-0.38608888,-0.76608884,-0.0060888673,0.45391113,-0.23608887,-1.5760889,-1.9460889,-2.546089,-2.816089,-2.7060888,-3.076089,-3.506089,-3.996089,-4.036089,-3.8860888,-3.9360888,-3.256089,-2.806089,-2.6660888,-2.246089,-1.8560889,-1.6460888,-1.2960888,-0.8560889,-0.93608886,-0.33608887,0.06391113,1.2739111,2.3639112,2.2839112,0.7839111
2.943911,5.613911,7.213911,5.343911,1.0339111,1.3939111,2.703911,4.8939114,3.433911,0.083911136,-1.0160888,-1.1860889,-1.0660889,-0.38608888,-2.1260889,-2.6060889,-2.9360888,-2.9260888,-2.596089,-3.4560888,-3.576089,-3.8760889,-3.8660889,-4.0460887,-3.7360888,-3.3560889,-3.1160889,-2.826089,-2.4060888,-2.026089,-2.026089,-1.7660888,-1.2560889,-1.0760889,-0.42608887,-0.31608886,0.123911135,1.0939112,-0.05608887,-0.22608887,-0.31608886
