wind_kz.json
{"header": {"discipline":0,"disciplineName":"Meteorological products","gribEdition":2,"gribLength":1025,"center":7,"centerName":"US National Weather Service - NCEP(WMC)","subcenter":0,"refTime":"2023-09-09T06:00:00.000Z","significanceOfRT":1,"significanceOfRTName":"Start of forecast","productStatus":0,"productStatusName":"Operational products","productType":1,"productTypeName":"Forecast products","productDefinitionTemplate":0,"productDefinitionTemplateName":"Analysis/forecast at horizontal level/layer at a point in time","parameterCategory":2,"parameterCategoryName":"UnknownDiscipline_0_Category_2","parameterNumber":3,"parameterNumberName":"UnknownParameter_D0_C2_3","parameterUnit":"Unknown","genProcessType":2,"genProcessTypeName":"Forecast","forecastTime":180,"surface1Type":103,"surface1TypeName":"Specified height level above ground","surface1Value":10.0,"surface2Type":255,"surface2TypeName":"Missing","surface2Value":0.0,"gridDefinitionTemplate":0,"gridDefinitionTemplateName":"Latitude_Longitude","numberPoints":615,"shape":6,"shapeName":"Earth spherical with radius of 6,371,229.0 m","gridUnits":"degrees","resolution":48,"winds":"true","scanMode":64,"nx":41,"ny":15,"basicAngle":0,"lo1":47.0,"la1":41.0,"lo2":87.0,"la2":55.0,"dx":1.0,"dy":1.0}, "data":
[rows 0 to 14 of 15, columns 0 to 40 of 41]
-1.516045,-1.5760449,1.5339551,-0.3660449,-5.046045,-8.236045,-6.9160447,-5.106045,-6.016045,-6.836045,-7.526045,-5.796045,3.153955,1.8139551,0.33395508,-0.12604493,-0.46604493,-1.786045,-3.0360448,-1.7160449,-3.676045,-4.296045,-1.8360449,-1.2060449,-1.4560449,0.3839551,-0.66604495,1.723955,1.823955,-0.7560449,0.95395505,0.8539551,0.9239551,-2.356045,-3.456045,-0.25604492,0.76395506,-0.8460449,-1.016045,1.2439551,2.043955
4.993955,2.763955,2.793955,-1.4560449,-5.426045,-7.286045,-5.216045,-4.566045,-4.046045,-4.906045,-5.6460447,-4.266045,0.7339551,3.363955,2.2539551,1.983955,1.853955,-0.23604493,-3.3060448,-2.716045,-1.666045,-3.466045,-0.43604493,1.5439551,1.363955,1.9139551,-1.0960449,2.913955,0.25395507,2.263955,0.9039551,2.873955,0.5239551,-1.2460449,-1.286045,-8.746045,-3.5660448,-0.93604493,-1.906045,-2.656045,1.083955
2.033955,4.3339553,1.353955,-2.116045,-4.136045,-3.0460448,-4.366045,-5.446045,-4.516045,-5.026045,-5.846045,-4.546045,-5.266045,2.833955,4.973955,3.143955,3.313955,2.133955,0.03395508,-1.6960449,0.103955075,-2.426045,-4.346045,-1.146045,-0.7660449,0.45395508,0.6539551,1.4939551,0.27395508,1.2939551,2.6839552,0.19395508,1.4139551,-1.146045,-1.1960449,1.723955,1.1339551,-1.266045,-0.73604494,1.343955,1.9039551
-0.16604492,1.8139551,0.27395508,-1.536045,-2.696045,-2.606045,-3.3060448,-3.656045,-4.286045,-4.986045,-5.6660447,-5.1460447,-4.3960447,-4.596045,5.473955,3.9939551,2.883955,1.7539551,0.043955076,-1.8360449,-1.676045,-1.166045,1.4939551,-2.346045,-2.336045,-3.196045,-2.226045,-3.636045,-1.676045,-1.0060449,-2.086045,-3.396045,-2.356045,1.8139551,0.09395508,-1.136045,1.3039551,3.863955,-0.5660449,0.5439551,0.03395508
2.7439551,3.1839552,1.5239551,0.7439551,-0.05604492,-0.98604494,-0.73604494,0.17395508,-0.7160449,-0.73604494,-1.786045,-2.926045,-4.8960447,-4.476045,4.413955,4.883955,3.7139552,3.343955,2.4339552,0.42395508,-0.29604492,-0.7060449,-1.7160449,-2.196045,-2.356045,-0.16604492,-0.5660449,-1.776045,-2.956045,-3.586045,-1.4560449,0.21395507,2.2139552,3.7039552,-1.136045,-0.98604494,-3.476045,-1.0660449,-3.656045,0.6239551,-1.6960449
5.053955,2.423955,3.013955,1.5239551,-0.31604493,-1.636045,-4.156045,-0.6260449,0.89395505,0.6739551,-0.32604492,0.08395508,-1.1960449,-1.896045,3.643955,4.693955,1.113955,0.76395506,2.2439551,1.363955,0.6039551,0.3839551,-0.60604495,-1.6060449,-2.8060448,-2.826045,-1.6260449,-0.47604492,-2.676045,-3.486045,-2.116045,-1.1060449,-0.4560449,1.2839551,2.333955,-1.526045,1.113955,-0.8860449,-0.5260449,-2.146045,-0.16604492
0.40395507,-1.386045,-1.6160449,-2.5260448,-3.126045,-3.236045,-3.7560449,-4.976045,-2.956045,-1.5760449,-2.476045,-2.2560449,-0.41604492,-0.38604492,0.27395508,1.9139551,2.883955,2.343955,2.153955,2.5039551,2.603955,2.403955,1.9039551,1.113955,-0.73604494,-2.626045,-2.666045,-3.636045,-3.186045,-4.256045,-2.206045,-0.4560449,-1.526045,-0.5860449,-2.866045,-1.4860449,-2.7560449,-0.16604492,-0.9660449,-0.60604495,-0.85604495
0.39395508,-0.85604495,-0.73604494,-1.516045,-2.5360448,-4.266045,-4.336045,-4.116045,-4.256045,-4.216045,-4.026045,-0.24604492,-0.3960449,0.5539551,-1.5660449,-0.7160449,-2.5660448,-2.846045,-4.566045,-5.546045,-1.5960449,-1.5960449,-1.4960449,-2.346045,-1.286045,0.25395507,-0.40604493,-1.2460449,-1.8760449,-2.7860448,-1.796045,-0.15604492,-1.3060449,-2.086045,0.4139551,-1.1260449,-2.656045,-0.8960449,1.073955,0.58395505,-1.9460449
0.8539551,-0.5760449,1.2439551,-0.23604493,-1.416045,-3.166045,-3.176045,-3.176045,-3.686045,-3.196045,-3.846045,-3.5660448,-1.546045,-1.0960449,-2.916045,-4.086045,-3.106045,-4.846045,-0.6960449,-0.37604493,1.603955,-1.266045,-1.416045,-1.646045,0.21395507,-0.6360449,-0.31604493,0.8639551,1.6939551,1.0539551,0.12395508,0.14395508,-0.55604494,-0.13604492,1.7939551,0.25395507,-3.196045,-0.8960449,0.6539551,0.23395509,1.5239551
0.9139551,0.75395507,-1.0760449,0.33395508,-0.5260449,-2.326045,-0.08604492,-1.3460449,-1.1160449,-1.5960449,-0.60604495,-0.43604493,-1.0760449,-2.106045,-0.11604492,-1.3460449,-0.5660449,1.963955,1.2839551,-1.166045,-1.5060449,-1.886045,-1.3760449,-1.5060449,-0.60604495,-0.11604492,0.13395508,0.30395508,-0.25604492,2.663955,1.7839551,2.333955,2.323955,0.39395508,-0.5360449,0.5339551,0.22395508,-2.5460448,1.223955,1.5339551,2.0039551
-1.2160449,-0.98604494,-1.4960449,-1.6860449,-1.9460449,-2.0060449,-2.076045,-2.116045,-1.3760449,-1.136045,-0.98604494,-0.61604494,0.6139551,0.5439551,-0.5360449,-1.8360449,-2.5160449,-2.146045,-2.5360448,-2.2660449,-2.206045,-2.2760448,-2.0660448,-1.7160449,-2.0260448,-0.5660449,0.14395508,0.12395508,-1.7360449,1.3139551,1.1639551,2.013955,2.113955,1.603955,2.133955,1.3739551,0.6039551,0.89395505,0.8439551,0.31395507,0.33395508
-0.2660449,0.28395507,-0.5260449,-0.5660449,0.07395508,-0.3960449,-0.6960449,-0.49604493,-0.6360449,-0.31604493,-1.2060449,-2.146045,-1.3560449,-1.4460449,-1.036045,-1.6260449,-2.3060448,-2.216045,-2.106045,-2.926045,-2.886045,-2.476045,-2.0160449,-1.4860449,-1.6860449,-1.4960449,0.50395507,1.353955,0.8539551,1.083955,1.9939551,2.7539551,1.9339551,2.553955,1.7439551,2.373955,2.4439552,1.3139551,2.333955,1.9039551,1.7839551
-0.006044922,-0.5360449,-0.92604494,-1.2460449,-1.646045,-1.0960449,-2.416045,-1.5960449,-0.20604493,0.053955078,-0.91604495,-1.0660449,-1.6160449,-2.196045,-3.0260448,-3.0160449,-1.9560449,-2.196045,-1.396045,-0.99604493,-1.166045,-0.8960449,-0.18604492,-0.7860449,-1.516045,-1.666045,-1.8560449,-1.896045,0.9939551,1.083955,0.8539551,1.0639551,2.273955,2.9439552,3.4839551,3.093955,1.483955,1.4239551,1.4339551,2.363955,0.8739551
0.013955078,-0.99604493,-0.38604492,-0.68604493,-1.3360449,-0.9460449,-1.666045,-1.4760449,0.51395506,1.483955,0.50395507,-0.19604492,-2.456045,-1.9960449,-2.366045,-2.466045,-2.166045,-2.086045,-2.126045,-2.336045,-1.9560449,-1.6960449,-1.4360449,-1.386045,-2.206045,-2.616045,-2.2960448,-2.176045,-1.766045,-0.12604493,0.8439551,0.9839551,2.4639552,2.673955,1.703955,2.813955,2.543955,1.1239551,0.5539551,1.2839551,1.583955
-0.22604492,-0.5960449,-2.3060448,0.6039551,0.03395508,-0.46604493,-0.49604493,-1.0560449,-2.3060448,0.3239551,0.2939551,0.103955075,0.8439551,-0.9460449,-1.6960449,-2.0460448,-2.986045,-3.2860448,-2.7860448,-2.826045,-3.0660448,-3.396045,-2.656045,-2.5060449,-2.426045,-2.336045,-2.576045,-2.396045,-2.416045,-0.06604492,-1.4860449,-0.5960449,-0.006044922,0.42395508,1.1639551,1.5139551,0.9739551,1.343955,0.9239551,2.2339551,0.8739551
