wind.json
{"header": {"discipline":0,"disciplineName":"Meteorological products","gribEdition":2,"gribLength":953,"center":7,"centerName":"US National Weather Service - NCEP(WMC)","subcenter":0,"refTime":"2023-06-29T00:00:00.000Z","significanceOfRT":1,"significanceOfRTName":"Start of forecast","productStatus":0,"productStatusName":"Operational products","productType":1,"productTypeName":"Forecast products","productDefinitionTemplate":0,"productDefinitionTemplateName":"Analysis/forecast at horizontal level/layer at a point in time","parameterCategory":0,"parameterCategoryName":"UnknownDiscipline_0_Category_0","parameterNumber":0,"parameterNumberName":"UnknownParameter_D0_C0_0","parameterUnit":"Unknown","genProcessType":2,"genProcessTypeName":"Forecast","forecastTime":120,"surface1Type":1,"surface1TypeName":"Ground or water surface","surface1Value":0.0,"surface2Type":255,"surface2TypeName":"Missing","surface2Value":0.0,"gridDefinitionTemplate":0,"gridDefinitionTemplateName":"Latitude_Longitude","numberPoints":688,"shape":6,"shapeName":"Earth spherical with radius of 6,371,229.0 m","gridUnits":"degrees","resolution":48,"winds":"true","scanMode":64,"nx":43,"ny":16,"basicAngle":0,"lo1":45.0,"la1":40.0,"lo2":87.0,"la2":55.0,"dx":1.0,"dy":1.0}, "data":
[rows 0 to 15 of 16, columns 0 to 42 of 43]
282.98193,278.78192,293.48193,294.88193,295.28192,297.18195,296.68195,294.98193,299.48193,299.08194,299.68195,299.08194,299.48193,296.98193,297.18195,298.38193,297.98193,297.98193,296.98193,296.78192,295.38193,293.98193,292.28192,291.18195,288.68195,288.58194,288.98193,282.08194,276.78192,276.18195,279.88193,293.08194,293.78192,296.38193,300.38193,299.58194,300.28192,299.08194,299.08194,298.88193,298.58194,298.58194,297.58194
286.98193,294.18195,293.68195,286.28192,289.18195,296.38193,296.48193,294.98193,297.58194,300.48193,299.08194,297.98193,297.38193,298.88193,298.08194,297.98193,296.98193,294.68195,295.78192,295.68195,295.68195,294.98193,295.68195,293.38193,291.68195,285.68195,291.08194,293.78192,288.68195,276.38193,276.18195,277.18195,276.38193,280.08194,288.88193,297.38193,300.48193,299.38193,299.68195,299.18195,298.88193,299.78192,300.08194
286.58194,284.18195,275.58194,289.78192,296.38193,296.28192,296.18195,294.18195,298.28192,297.58194,296.78192,297.48193,297.18195,296.68195,297.18195,296.28192,293.38193,292.28192,294.18195,293.28192,294.68195,294.18195,294.38193,294.98193,292.78192,283.38193,271.38193,273.98193,281.58194,274.98193,277.48193,273.68195,280.38193,273.68195,282.88193,268.88193,278.78192,295.48193,294.88193,297.48193,300.68195,292.68195,283.38193
287.88193,290.38193,290.98193,296.78192,296.48193,296.38193,295.58194,296.38193,297.18195,296.48193,295.68195,295.38193,296.88193,297.68195,293.58194,294.58194,295.28192,292.18195,292.18195,292.38193,292.98193,293.68195,294.28192,294.18195,292.98193,286.58194,290.38193,290.28192,290.58194,288.58194,289.18195,280.88193,273.38193,275.88193,282.58194,284.18195,285.58194,286.48193,279.08194,281.88193,282.48193,279.38193,278.58194
293.08194,294.28192,291.28192,297.08194,297.18195,296.58194,295.78192,296.08194,296.38193,296.38193,296.98193,297.38193,298.08194,297.38193,294.58194,293.98193,293.88193,293.38193,294.98193,293.88193,294.68195,294.28192,292.58194,287.78192,295.28192,294.98193,293.18195,293.58194,293.48193,288.88193,291.38193,293.58194,292.88193,289.38193,296.08194,295.18195,295.28192,290.78192,279.88193,279.08194,284.48193,295.08194,297.68195
294.28192,295.38193,294.38193,297.68195,297.48193,298.08194,297.48193,296.18195,296.78192,296.98193,297.28192,298.18195,297.78192,297.18195,295.28192,294.58194,291.68195,294.98193,295.68195,295.68195,293.58194,295.78192,296.08194,295.38193,294.68195,294.98193,294.48193,294.38193,293.18195,292.68195,293.68195,293.58194,295.28192,293.78192,281.68195,278.08194,286.68195,296.78192,297.38193,302.48193,301.48193,299.78192,299.48193
298.68195,297.88193,295.78192,293.58194,298.38193,297.38193,297.28192,296.78192,296.08194,296.48193,296.88193,297.08194,297.18195,297.48193,293.78192,293.98193,293.58194,294.28192,295.38193,295.58194,296.08194,296.78192,294.98193,294.68195,294.18195,293.68195,293.28192,292.28192,293.68195,290.58194,293.88193,295.28192,297.48193,296.78192,296.48193,294.38193,295.28192,294.48193,289.88193,289.18195,297.68195,300.58194,299.18195
296.98193,297.68195,299.48193,296.68195,299.18195,298.28192,296.88193,296.98193,297.78192,298.98193,297.48193,298.18195,296.48193,295.68195,294.38193,294.98193,294.38193,295.28192,295.18195,295.98193,294.88193,293.48193,293.18195,293.98193,293.88193,294.08194,292.18195,291.98193,292.28192,293.58194,292.08194,292.88193,294.88193,297.08194,297.58194,296.78192,295.78192,293.28192,289.88193,287.88193,285.18195,285.78192,295.98193
296.28192,297.18195,296.28192,297.88193,300.58194,301.08194,300.78192,299.78192,297.78192,296.98193,295.38193,296.58194,297.18195,295.88193,293.68195,293.68195,294.18195,294.38193,294.68195,294.68195,293.58194,290.68195,291.38193,291.88193,292.08194,291.98193,291.08194,287.68195,289.18195,291.68195,290.38193,292.58194,293.38193,294.98193,294.18195,290.78192,290.28192,294.08194,294.98193,288.18195,294.18195,294.18195,291.68195
290.58194,294.18195,294.08194,294.58194,295.38193,294.48193,296.98193,296.28192,297.18195,296.28192,294.28192,293.78192,292.48193,291.98193,291.28192,292.48193,292.08194,293.58194,292.48193,292.08194,292.38193,291.18195,289.98193,290.78192,291.48193,291.28192,289.48193,290.88193,290.28192,290.58194,289.28192,289.28192,291.58194,291.08194,290.78192,292.08194,291.38193,290.28192,293.18195,292.48193,282.88193,282.18195,283.08194
292.48193,291.78192,291.58194,292.38193,292.38193,292.88193,294.18195,293.88193,293.48193,293.58194,295.58194,291.08194,290.48193,289.38193,289.38193,290.88193,290.98193,291.18195,291.08194,291.88193,291.58194,290.78192,289.88193,291.18195,291.28192,291.78192,291.78192,291.28192,293.18195,293.88193,291.28192,290.88193,290.08194,290.88193,291.88193,290.98193,289.98193,289.18195,288.08194,287.28192,287.58194,284.48193,282.98193
290.08194,290.38193,290.78192,290.98193,292.78192,291.98193,291.28192,291.48193,291.58194,291.28192,290.78192,289.98193,288.88193,288.18195,289.28192,287.78192,288.28192,288.48193,288.88193,289.68195,290.08194,289.78192,288.98193,289.48193,290.48193,290.88193,291.38193,291.48193,292.08194,294.18195,293.18195,292.98193,292.68195,292.18195,291.68195,290.28192,289.18195,288.08194,286.98193,284.48193,283.38193,283.08194,283.18195
288.28192,288.98193,289.28192,290.38193,290.28192,289.98193,289.98193,290.18195,290.08194,289.28192,289.68195,288.38193,286.18195,286.38193,287.58194,287.48193,288.38193,287.78192,287.68195,288.18195,288.18195,287.98193,288.28192,288.98193,289.48193,291.48193,292.18195,291.98193,294.08194,293.58194,293.58194,293.28192,291.68195,291.78192,291.28192,289.38193,288.58194,287.78192,286.48193,286.68195,287.28192,286.78192,286.18195
284.88193,285.98193,287.58194,288.88193,289.88193,289.78192,289.98193,289.88193,289.08194,290.28192,288.88193,287.48193,285.68195,284.38193,285.78192,286.18195,287.68195,288.58194,287.68195,287.38193,287.78192,287.68195,287.98193,287.78192,288.78192,291.88193,292.38193,293.78192,294.48193,292.48193,292.48193,291.68195,291.78192,290.88193,288.88193,288.38193,287.78192,286.48193,286.28192,286.38193,285.68195,286.68195,287.68195
284.78192,285.08194,286.58194,288.08194,289.98193,289.58194,289.48193,289.38193,289.48193,289.48193,289.88193,287.28192,286.48193,283.78192,283.88193,285.78192,287.58194,288.08194,287.88193,287.98193,287.98193,288.38193,288.98193,289.08194,291.68195,291.88193,291.88193,292.48193,291.58194,290.98193,290.88193,291.28192,291.68195,291.18195,290.08194,288.58194,287.48193,286.58194,286.38193,285.88193,285.88193,285.28192,286.38193
283.88193,284.68195,285.38193,286.98193,290.58194,288.68195,289.08194,288.68195,289.18195,289.68195,289.48193,287.68195,287.28192,284.88193,284.88193,285.98193,287.78192,288.08194,288.98193,288.48193,288.78192,288.18195,289.08194,289.28192,289.88193,291.18195,291.38193,290.18195,289.78192,289.98193,290.18195,290.68195,288.98193,286.68195,288.68195,288.18195,287.88193,286.48193,286.38193,284.88193,286.08194,285.88193,288.98193
