wind.json
{"header": {"discipline":0,"disciplineName":"Meteorological products","gribEdition":2,"gribLength":1211,"center":7,"centerName":"US National Weather Service - NCEP(WMC)","subcenter":0,"refTime":"2023-06-28T12:00:00.000Z","significanceOfRT":1,"significanceOfRTName":"Start of forecast","productStatus":0,"productStatusName":"Operational products","productType":1,"productTypeName":"Forecast products","productDefinitionTemplate":0,"productDefinitionTemplateName":"Analysis/forecast at horizontal level/layer at a point in time","parameterCategory":2,"parameterCategoryName":"UnknownDiscipline_0_Category_2","parameterNumber":3,"parameterNumberName":"UnknownParameter_D0_C2_3","parameterUnit":"Unknown","genProcessType":2,"genProcessTypeName":"Forecast","forecastTime":300,"surface1Type":103,"surface1TypeName":"Specified height level above ground","surface1Value":10.0,"surface2Type":255,"surface2TypeName":"Missing","surface2Value":0.0,"gridDefinitionTemplate":0,"gridDefinitionTemplateName":"Latitude_Longitude","numberPoints":688,"shape":6,"shapeName":"Earth spherical with radius of 6,371,229.0 m","gridUnits":"degrees","resolution":48,"winds":"true","scanMode":64,"nx":43,"ny":16,"basicAngle":0,"lo1":45.0,"la1":40.0,"lo2":87.0,"la2":55.0,"dx":1.0,"dy":1.0}, "data":
[rows 0 to 15 of 16, columns 0 to 42 of 43]
-2.7073095,3.1726904,-0.8673096,-5.1973095,-2.2473097,-17.38731,-12.647309,-2.1073096,2.1626904,0.47269043,-0.17730957,-0.45730957,-1.0673096,-1.0373095,-1.2073096,-0.19730957,0.15269043,-1.5273095,-2.1173096,-4.2373095,-4.9673095,0.7126904,-1.4973096,-0.0073095704,1.5626904,2.6526904,2.2626905,3.5426905,2.5026903,-1.5273095,-3.9973097,-2.4173095,-1.3773096,-1.8673096,-1.5073096,-4.12731,-12.067309,-6.5273094,-6.3473096,0.61269045,5.5726905,3.4326904,0.86269045
0.92269045,-2.6573095,-2.2473097,-4.1373096,-1.7573096,-12.16731,-11.61731,-5.3273096,-1.8873096,-1.2273096,-3.3073096,-0.9073096,-3.5273097,-2.8073096,-4.3673096,-4.4273095,-0.12730958,-0.74730957,-0.9673096,-1.5573096,-4.6573095,-3.4673095,-2.5273097,-2.0873096,1.9526905,-1.0173095,-1.3373096,-2.1273096,-1.6173096,1.6726904,1.1926904,-1.4673096,-3.3173096,-4.1573095,0.42269042,-4.9273095,-6.7773094,-5.2873096,-10.107309,-3.5473096,0.8226904,-0.9773096,3.3926904
0.24269043,-4.4673095,3.2526903,1.1926904,-10.987309,-11.38731,-7.2273097,-4.6973095,-4.4473095,-1.2773095,-2.5973096,-3.0473096,-4.3173094,-3.2073095,-4.9373097,-1.1173096,-2.2373095,0.47269043,-1.4573096,-2.4673095,-2.3673096,-3.3173096,-4.1173096,-4.2873096,-1.8873096,1.9926904,-0.30730957,-1.2673095,-1.3873096,0.27269042,0.5726904,1.8426905,1.5326904,-1.1973096,-2.1373096,-3.7173095,-5.12731,-13.49731,-6.4173098,-7.8373094,-3.2773097,-3.9273095,1.0626904
2.3126905,2.4626904,-0.8373096,-7.5773096,-7.3873096,-9.767309,-5.5873094,-4.6173096,-0.64730954,-0.037309572,-2.0673096,-2.4173095,-3.7473097,-5.0673094,-5.1373096,-3.8173096,-2.3873096,2.0026903,1.4726905,1.1826904,0.27269042,-1.3973095,-1.5473095,-3.6173096,-6.0673094,-1.3773096,0.03269043,0.05269043,-0.27730957,1.8526905,-0.51730955,1.9926904,1.3326905,0.34269044,2.5326905,-0.5273096,-0.5273096,2.5126905,3.0226905,-0.32730958,-0.5873096,-1.4173095,-0.57730955
1.2626904,-1.7373096,-0.34730956,-2.8973095,-3.3273096,-3.9073095,-0.42730957,-0.40730956,-1.6173096,0.79269046,1.0426904,-0.7773096,-2.8773096,-4.6673098,-6.3873096,-7.8373094,-6.0573096,-3.7473097,0.9526904,2.7426903,1.2926904,-1.2373096,-2.6773095,-2.7673097,0.56269044,-1.5273095,-1.8573096,-2.6373096,-3.0573096,-2.3273096,-0.21730956,-1.9673096,-1.7473096,-0.50730956,0.60269046,2.1626904,-0.01730957,-1.0073096,0.37269044,-1.0773096,4.5326905,6.1426907,2.9126904
-1.3273096,-1.3373096,-2.4373095,-1.8573096,-1.7573096,-3.1373096,-2.4173095,-3.3773096,2.4726903,1.0926905,0.41269043,0.41269043,-0.87730956,-2.7073095,-5.4073095,-6.37731,-6.1773095,-4.4673095,-3.0273097,1.0026904,1.7026905,0.44269043,-0.51730955,0.10269043,-0.76730955,-0.5373096,-2.5773096,-3.1473095,-1.3273096,-0.7273096,-2.4473095,-3.4873095,-4.4973097,-0.9673096,1.2526904,2.2426903,-0.15730958,-1.1373096,-3.8673096,1.3626904,0.7826904,8.24269,1.4426904
-0.20730957,1.0726905,-0.20730957,-1.6873096,0.10269043,-1.0173095,-2.0073097,-3.6073096,-0.33730957,2.7426903,-0.5473096,2.4926903,-1.0973096,-3.3173096,-4.3673096,-6.7173095,-6.4173098,-4.9073095,-4.2373095,-1.8773096,2.5226905,0.80269045,0.46269044,0.68269044,-0.89730954,-1.0973096,-1.0473095,-1.3373096,-0.7973096,-1.0773096,-2.1073096,-3.4173095,-4.4573097,-4.4173098,-4.39731,-1.1673095,3.0826905,1.0526904,1.0726905,-0.23730958,-3.8673096,2.3626904,0.11269043
-0.39730957,0.56269044,3.5326905,2.7226903,0.15269043,-0.46730956,-2.3273096,-2.5573096,0.69269043,1.7426904,1.5426904,0.40269044,-2.0973096,-2.8673096,-4.2973094,-5.7573094,-5.7373095,-5.64731,-4.1773095,-4.2073097,-3.3373096,-2.7973096,-4.2373095,-4.3873096,-3.7273095,-1.7373096,2.3126905,2.2626905,-0.46730956,-0.9173096,-3.1173096,-3.3273096,-4.3373094,-6.1073093,-6.6573095,-9.32731,-0.0073095704,-3.7873096,-6.0973096,-3.6973095,-1.8373096,0.8326904,-5.2273097
0.09269043,-0.8573096,4.3426905,2.5726905,1.7826904,-1.1073096,-0.8573096,0.6526904,2.7826905,2.4826903,1.5226904,0.6426904,-0.7973096,-1.2373096,-3.6073096,-5.0773096,-6.37731,-5.3173094,-5.3173094,-4.4073095,-3.1973095,-1.5173095,-4.5473094,-4.8273096,-5.2273097,-4.3673096,-1.3973095,0.5926904,0.81269044,-1.3973095,-1.7973095,-3.5973096,-3.9673095,-3.6873095,-5.4273095,-6.5273094,-1.3073096,0.47269043,-2.1173096,1.8026904,0.29269043,0.28269044,-1.4473096
-4.9273095,-2.8673096,2.2626905,3.3626904,1.3526905,-0.14730957,1.0226904,1.1426904,1.7126905,1.1126904,0.48269042,0.29269043,-0.7273096,-1.1473095,-2.8573096,-4.4973097,-4.6373096,-5.5373096,-5.3373094,-4.7573094,-3.7173095,-2.9473095,-1.6573095,-3.2773097,-3.2073095,-2.0473096,-1.2873095,-1.2273096,0.39269042,0.9626904,0.26269042,-0.88730955,-1.3673096,-2.2273095,-2.1573095,-3.1573095,-1.8173096,-2.4873095,-2.7273095,-1.9573096,0.02269043,-0.46730956,0.35269043
-3.5273097,-0.45730957,2.4426904,2.7426903,1.8926904,1.0426904,0.6426904,0.74269044,0.50269043,0.26269042,0.26269042,-0.10730957,-0.40730956,-1.5273095,-1.3773096,-2.4773095,-2.1773095,-3.1173096,-3.4673095,-3.1973095,-2.2573097,-2.3073096,-2.7773097,-3.1173096,-2.3573096,-2.8873096,-2.2273095,-2.5973096,-3.0873096,-0.8473096,-2.3873096,-1.7573096,-1.5173095,-2.2973096,-2.8473096,-3.6073096,-1.8773096,-0.94730955,0.43269044,-1.6473095,-2.0073097,-0.20730957,-0.7273096
4.10269,-0.5473096,0.69269043,1.8426905,3.3826904,1.0326904,-0.23730958,0.92269045,1.1626904,0.6526904,0.40269044,-0.01730957,-0.8373096,-0.57730955,-0.87730956,-1.0173095,-2.1573095,-3.4473095,-3.6673095,-3.2173095,-2.9373095,-3.5573096,-3.3973095,-3.4073095,-2.2473097,-2.5973096,-3.3873096,-3.4073095,-2.5573096,-3.3573096,-2.8673096,-2.6273096,-3.4073095,-2.4973097,-3.6773095,-2.7473097,-3.1873095,-2.4873095,-1.8873096,0.48269042,-0.21730956,-0.5473096,-0.01730957
2.4726903,0.38269043,1.4526905,-0.48730958,0.80269045,3.1626904,2.4926903,2.2226903,1.0626904,1.2126905,-0.87730956,-0.40730956,-0.43730956,-1.9273095,-1.5573096,-2.0573096,-2.2273095,-2.9573095,-3.9873095,-4.0073094,-3.2273095,-3.1873095,-2.8173096,-2.4473095,-2.2173095,-2.8073096,-2.5273097,-2.4973097,-2.1273096,-2.2473097,-1.8973095,-2.2473097,-2.6373096,-2.8573096,-2.0673096,-2.8273096,-2.8273096,-3.1173096,-2.1573095,-0.74730957,0.11269043,0.8926904,0.15269043
2.4626904,1.7426904,2.5626905,1.6126904,0.5726904,1.0426904,2.2626905,1.1126904,1.1226904,1.3926904,-0.02730957,0.17269044,-0.5973096,-0.44730958,-2.2273095,-2.0273097,-2.5973096,-2.7273095,-2.8773096,-2.7673097,-2.7173095,-3.1073096,-2.2973096,-2.0973096,-1.7673095,-1.0673096,-1.1973096,-1.8673096,-2.4673095,-1.8673096,-2.0673096,-2.2573097,-3.2873096,-2.6773095,-2.0373096,-2.5973096,-2.7573097,-2.3073096,-3.1573095,-1.8373096,-2.0073097,-1.9073095,-1.6573095
3.1226904,2.9026904,2.4426904,4.1426907,1.9226904,3.6626904,2.9226904,2.9226904,0.41269043,1.7426904,1.0526904,0.47269043,0.50269043,-0.6173096,-1.4073095,-1.5773096,-1.5873096,-1.7773095,-1.4673096,-2.2773097,-2.2573097,-2.4573095,-2.6773095,-2.7173095,-2.4773095,-1.6173096,-1.6573095,-2.9573095,-2.8773096,-2.8973095,-2.6973095,-2.3873096,-2.1073096,-2.5373096,-1.9573096,-2.4173095,-2.1973095,-3.2873096,-2.0473096,-1.4673096,-1.5073096,-1.6673095,-1.8073096
5.3026905,4.9426904,3.6226904,3.9126904,2.0526905,3.6726904,3.0926905,1.6626904,1.5826905,1.8826904,1.6426904,0.5126904,-0.12730958,1.1326904,1.1426904,-1.5273095,-1.2273096,-1.4573096,-2.1373096,-1.9773096,-1.4073095,-1.7473096,-2.6573095,-3.0373096,-2.9973097,-2.7773097,-2.5373096,-2.7773097,-3.0673096,-2.3673096,-2.5473096,-2.8373096,-2.9273095,-3.0973096,-2.2873096,-1.9373096,-1.9973096,-2.3573096,-1.9473096,-1.3973095,-1.2573096,-2.1773095,-0.48730958
