wind_kz.json
{"header": {"discipline":0,"disciplineName":"Meteorological products","gribEdition":2,"gribLength":1025,"center":7,"centerName":"US National Weather Service - NCEP(WMC)","subcenter":0,"refTime":"2023-10-03T00:00:00.000Z","significanceOfRT":1,"significanceOfRTName":"Start of forecast","productStatus":0,"productStatusName":"Operational products","productType":1,"productTypeName":"Forecast products","productDefinitionTemplate":0,"productDefinitionTemplateName":"Analysis/forecast at horizontal level/layer at a point in time","parameterCategory":2,"parameterCategoryName":"UnknownDiscipline_0_Category_2","parameterNumber":3,"parameterNumberName":"UnknownParameter_D0_C2_3","parameterUnit":"Unknown","genProcessType":2,"genProcessTypeName":"Forecast","forecastTime":60,"surface1Type":103,"surface1TypeName":"Specified height level above ground","surface1Value":10.0,"surface2Type":255,"surface2TypeName":"Missing","surface2Value":0.0,"gridDefinitionTemplate":0,"gridDefinitionTemplateName":"Latitude_Longitude","numberPoints":615,"shape":6,"shapeName":"Earth spherical with radius of 6,371,229.0 m","gridUnits":"degrees","resolution":48,"winds":"true","scanMode":64,"nx":41,"ny":15,"basicAngle":0,"lo1":47.0,"la1":41.0,"lo2":87.0,"la2":55.0,"dx":1.0,"dy":1.0}, "data":
[rows 0 to 14 of 15, columns 0 to 40 of 41]
2.3186402,1.0186402,-2.77136,-10.83136,-13.71136,-10.82136,-1.5713599,-0.66135985,-2.04136,-3.4013598,-5.13136,-4.5713596,-4.0113597,-5.09136,-6.31136,-3.74136,-5.8213596,-3.28136,-4.29136,-4.35136,-1.4113599,-3.1213598,-2.27136,2.4086401,2.0986402,0.38864014,0.42864013,0.36864012,-1.3213599,-2.04136,-0.061359864,-2.1213598,1.5086402,2.5686402,1.9686401,-0.111359864,-1.0713599,0.6886401,-2.31136,-2.1113598,0.24864013
-3.1713598,-2.3613598,-7.2813597,-8.4813595,-12.32136,-6.17136,-4.68136,0.47864014,3.22864,1.8186401,-0.031359863,-2.30136,-2.3513598,-6.21136,-7.8213596,-4.4913597,-3.9113598,-4.33136,-4.29136,-3.8213599,-3.05136,-2.98136,-3.4013598,-1.5313599,3.0886402,2.45864,0.5686401,0.97864014,-0.65135986,-1.4613599,-1.4013599,-1.2113599,-0.33135986,-1.3513598,1.2786402,2.1586401,2.2986403,-2.00136,0.20864014,0.5586401,-1.1413598
-3.97136,-2.05136,-3.97136,-6.5313597,-9.05136,0.108640134,-2.3413599,-3.23136,1.9886402,3.1086402,-1.6113598,-0.91135985,-0.071359865,-1.2513598,-3.03136,-4.9713597,-4.9913597,-5.15136,-5.4913597,-4.06136,-2.1213598,-1.8213599,-0.48135987,-0.28135985,-1.7713599,-0.61135983,-2.1013598,-1.9413599,-1.9913598,-2.0713599,-0.54135984,-1.4413599,-1.8113599,-1.2213598,-1.2013599,-0.44135988,-1.1713599,-3.6213598,-0.64135987,0.83864015,-0.071359865
-2.4413598,-2.6313598,-3.1713598,-4.8213596,-6.09136,-6.54136,-5.79136,-1.7913599,-0.24135986,0.08864014,-0.64135987,-3.0913599,-4.00136,-5.40136,-6.84136,-4.09136,-4.10136,-4.87136,-5.21136,-6.4713597,-4.16136,-1.4013599,-0.10135987,0.63864017,-0.49135986,-0.96135986,-3.5913599,-2.8513598,-0.34135985,-2.3413599,-1.3313599,-0.5613599,2.0486403,-0.9913599,-2.0713599,0.28864014,0.35864013,2.02864,-0.54135984,-0.19135986,-1.3513598
-1.9313599,-0.47135985,-1.9713598,-2.6513598,-3.97136,-5.19136,-3.1513598,-3.80136,-1.1113598,3.52864,0.78864014,-0.21135986,-0.7413599,-3.4413598,-5.0513597,-4.59136,-3.9113598,-3.6513598,-4.0313597,-2.8913598,-2.1413598,-2.48136,-2.3413599,-0.40135986,-0.27135986,-2.0913599,-4.0313597,-2.22136,-2.6213598,-2.9413598,-3.77136,-3.5813599,-0.20135987,1.1886401,-0.24135986,0.8086401,0.46864015,-2.01136,-1.9713598,-0.021359863,-0.43135986
-0.041359864,-3.3313599,4.37864,-0.52135986,-2.06136,-2.8213599,-4.43136,0.31864014,-0.54135984,0.43864015,0.82864016,1.7886401,1.6486402,-2.4013598,-5.54136,-4.04136,-4.54136,-2.98136,-3.21136,-1.4213599,-2.06136,-2.48136,-2.04136,-1.5513599,-0.33135986,-0.29135987,-1.5013598,-5.37136,-2.03136,-2.56136,-3.1213598,-4.3013597,-3.48136,-3.52136,-0.8013599,3.27864,-0.5613599,3.95864,2.76864,-0.33135986,-1.3813598
1.1386402,-0.78135985,-0.8113599,0.058640137,1.7186401,-2.6313598,-2.1113598,-0.27135986,3.47864,3.8586402,4.26864,1.7286401,-1.5213599,-2.77136,-2.31136,-3.30136,-3.75136,-3.74136,-3.1713598,-1.7613598,-0.46135986,-0.85135984,-1.0013598,-1.4013599,-0.54135984,-0.031359863,-0.27135986,-0.37135985,-2.00136,-2.1513598,-2.4413598,-1.6413598,-2.4113598,-1.8613598,-2.50136,-0.85135984,0.048640136,-1.0013598,-1.1113598,1.7986401,-0.73135984
0.27864015,0.39864013,2.0886402,1.4186401,0.90864015,-0.29135987,-1.0013598,-0.52135986,2.68864,3.1586401,1.4286401,0.068640135,-0.64135987,-0.49135986,-1.2313598,-2.8813598,-2.8213599,-2.97136,-2.76136,-0.42135987,-0.71135986,-0.25135985,-0.5113599,-1.1413598,-0.84135985,0.45864013,0.028640136,-0.98135984,-0.79135984,-1.5813599,-2.00136,-1.4513599,-0.78135985,-2.1813598,-0.5113599,-0.5713599,-0.8213599,-1.0413599,-0.111359864,-1.1113598,0.038640138
0.52864015,0.97864014,1.0686401,2.4286401,2.24864,2.0586402,1.1486402,0.38864014,-0.8813599,1.3386401,1.5986401,0.88864017,0.31864014,-0.37135985,-0.92135984,-1.7013599,-2.3213599,-2.4513597,-1.7413598,-1.2713599,-0.19135986,-0.58135986,-0.85135984,0.07864013,-0.40135986,-0.0013598633,0.58864015,-0.47135985,-1.4413599,-0.46135986,-0.9313599,-1.9813598,-1.0813599,-2.97136,-2.72136,-1.9613599,0.83864015,-1.4213599,0.29864013,-0.5713599,-0.6313599
1.9886402,1.7086401,1.7286401,1.6186402,3.22864,4.36864,1.9286401,3.9186401,2.27864,1.5386401,2.1786401,-0.061359864,-0.17135987,-0.24135986,0.34864014,0.17864014,-0.43135986,-0.7413599,-1.1413598,-1.3113599,-0.33135986,-0.14135987,-1.2913599,-1.7413598,-1.3513598,-1.3113599,-1.3213599,-1.0113598,-0.79135984,-0.20135987,-1.7913599,-0.61135983,0.21864013,-0.08135986,-0.53135985,-0.84135985,-1.2013599,-0.53135985,0.5586401,0.51864016,1.2786402
-2.9313598,1.9386401,2.3986402,2.93864,2.5686402,2.3286402,5.4886403,3.98864,0.77864015,2.6686401,1.9686401,1.2886401,1.6486402,1.5286402,-0.8713599,-1.4913598,1.2186401,1.2386402,1.3286401,0.72864014,0.83864015,0.28864014,0.27864015,-0.64135987,-0.5713599,-0.96135986,-0.90135986,-0.17135987,-0.83135986,-1.1613599,-1.6513599,-0.43135986,0.97864014,1.1386402,0.46864015,0.30864012,0.108640134,-0.5613599,-1.5913599,-0.49135986,0.028640136
0.64864016,-0.70135987,1.0986401,2.7986403,3.5486403,3.3486402,3.1386402,3.8486402,4.34864,4.40864,1.3286401,0.84864014,2.28864,3.5786402,2.6686401,-0.061359864,1.9486401,1.7786402,1.9886402,2.0986402,2.03864,2.22864,1.7886401,0.96864015,0.39864013,0.7586401,0.16864014,-0.19135986,0.41864014,0.11864014,-0.5013599,-0.15135986,-0.26135987,0.39864013,-0.32135987,1.4686401,0.20864014,-0.5513599,0.44864014,-0.28135985,-0.40135986
2.3586402,0.9486401,-2.1913598,0.46864015,1.7686402,2.74864,3.3086402,3.6486402,3.52864,2.3286402,2.5986402,2.4186401,2.8686402,1.6386402,3.1586401,3.0786402,2.46864,2.25864,2.8886402,2.0786402,2.76864,2.4086401,1.7286401,2.19864,1.9186401,2.0886402,1.8686402,1.2286401,0.58864015,0.6986401,0.70864016,1.0686401,0.59864014,0.9286401,0.79864013,1.0286402,1.8386401,1.5186402,1.3586402,1.1486402,1.0686401
-0.25135985,0.9886401,4.05864,3.20864,0.8786401,0.09864014,3.21864,2.8286402,3.72864,3.1786401,2.1086402,1.3786402,1.3886402,1.1086402,0.97864014,2.94864,2.52864,3.2986403,3.5986402,3.49864,3.44864,3.4086401,2.8786402,2.6286402,2.3486402,2.18864,2.1186402,1.9686401,2.6286402,2.1586401,1.9686401,1.8586402,1.9186401,1.4286401,1.5986401,1.5686401,2.03864,1.8086401,1.8086401,2.0486403,2.4186401
0.7386401,0.5686401,0.32864013,2.5886402,4.49864,3.25864,2.48864,1.5886401,2.98864,2.2986403,3.1686401,3.3786402,2.2986403,1.6586401,1.1386402,1.8886402,2.2986403,2.9186401,3.6686401,3.9186401,3.6486402,3.73864,3.19864,3.1286402,3.3886402,3.0886402,2.5886402,2.52864,2.3986402,2.4286401,2.74864,2.6086402,2.01864,2.19864,2.70864,2.5686402,2.1486402,3.00864,2.8386402,3.1686401,2.01864
