wind_kz.json
{"header": {"discipline":0,"disciplineName":"Meteorological products","gribEdition":2,"gribLength":871,"center":7,"centerName":"US National Weather Service - NCEP(WMC)","subcenter":0,"refTime":"2024-02-03T18:00:00.000Z","significanceOfRT":1,"significanceOfRTName":"Start of forecast","productStatus":0,"productStatusName":"Operational products","productType":1,"productTypeName":"Forecast products","productDefinitionTemplate":0,"productDefinitionTemplateName":"Analysis/forecast at horizontal level/layer at a point in time","parameterCategory":0,"parameterCategoryName":"UnknownDiscipline_0_Category_0","parameterNumber":0,"parameterNumberName":"UnknownParameter_D0_C0_0","parameterUnit":"Unknown","genProcessType":2,"genProcessTypeName":"Forecast","forecastTime":0,"surface1Type":1,"surface1TypeName":"Ground or water surface","surface1Value":0.0,"surface2Type":255,"surface2TypeName":"Missing","surface2Value":0.0,"gridDefinitionTemplate":0,"gridDefinitionTemplateName":"Latitude_Longitude","numberPoints":615,"shape":6,"shapeName":"Earth spherical with radius of 6,371,229.0 m","gridUnits":"degrees","resolution":48,"winds":"true","scanMode":64,"nx":41,"ny":15,"basicAngle":0,"lo1":47.0,"la1":41.0,"lo2":87.0,"la2":55.0,"dx":1.0,"dy":1.0}, "data":
[rows 0 to 14 of 15, columns 0 to 40 of 41]
275.70688,266.3069,273.3069,280.5069,280.70688,282.3069,278.3069,278.60687,276.20688,275.60687,274.10687,273.0069,272.5069,272.0069,271.60687,271.0069,271.70688,274.70688,277.20688,275.60687,274.8069,274.10687,274.9069,270.0069,270.5069,274.5069,266.70688,253.40689,254.30688,252.90689,257.0069,252.50688,257.9069,269.10687,269.9069,270.0069,269.20688,268.60687,268.8069,267.20688,269.10687
254.30688,274.5069,280.4069,280.10687,280.70688,281.10687,277.20688,277.3069,276.4069,276.20688,275.8069,272.70688,271.4069,271.60687,270.9069,270.3069,271.70688,271.60687,271.70688,272.3069,272.10687,272.10687,272.5069,267.20688,253.30688,256.0069,257.70688,248.30688,254.10689,251.00688,258.10687,239.70688,253.50688,237.90689,244.70688,258.0069,264.10687,266.5069,266.10687,259.10687,263.9069
275.4069,279.10687,280.10687,280.3069,280.60687,277.5069,275.70688,276.0069,274.5069,276.60687,276.5069,271.8069,270.60687,270.20688,267.9069,266.4069,269.3069,268.0069,269.60687,269.60687,271.10687,270.60687,271.4069,264.70688,267.8069,265.20688,264.0069,263.5069,266.10687,258.70688,249.00688,251.20688,252.40689,252.10689,249.60689,256.60687,250.90689,248.30688,247.40689,248.60689,246.20688
274.5069,276.10687,277.8069,279.0069,277.9069,274.70688,272.8069,273.5069,275.60687,273.60687,273.4069,273.4069,281.3069,281.9069,270.3069,268.0069,267.9069,266.70688,265.9069,268.10687,266.20688,262.9069,267.60687,265.10687,264.8069,264.70688,264.3069,260.3069,260.20688,259.8069,258.0069,260.60687,269.60687,258.3069,254.10689,258.70688,249.20688,250.40689,255.10689,253.90689,257.8069
272.8069,272.20688,271.8069,273.10687,272.10687,272.0069,272.10687,272.9069,273.9069,273.3069,273.20688,273.3069,279.20688,279.20688,278.4069,273.0069,268.4069,267.0069,266.3069,262.60687,264.10687,264.4069,263.8069,262.70688,261.70688,262.20688,259.8069,256.9069,264.10687,263.10687,264.20688,262.3069,255.00688,243.30688,255.40689,253.20688,259.20688,257.9069,259.0069,259.4069,258.9069
272.3069,271.70688,269.70688,269.8069,270.3069,269.60687,269.8069,271.4069,270.10687,271.20688,271.5069,273.0069,278.20688,279.20688,273.5069,273.4069,273.20688,270.60687,268.0069,267.70688,266.60687,267.4069,266.3069,263.8069,262.3069,258.5069,258.8069,261.10687,259.9069,261.3069,260.10687,264.4069,260.10687,258.8069,262.8069,263.5069,260.10687,259.3069,258.70688,257.10687,258.0069
271.5069,271.8069,271.10687,271.0069,270.20688,269.4069,268.9069,269.70688,268.9069,271.5069,270.8069,270.60687,272.8069,272.20688,273.0069,272.8069,272.8069,272.5069,269.8069,268.3069,268.20688,267.10687,265.70688,263.60687,256.5069,255.30688,252.90689,254.90689,254.00688,256.4069,255.90689,258.9069,258.8069,261.10687,262.5069,262.9069,262.10687,260.3069,258.20688,255.30688,256.70688
271.3069,270.5069,270.20688,270.5069,270.5069,269.9069,268.4069,266.0069,270.0069,270.70688,268.0069,270.20688,271.0069,271.3069,272.20688,272.60687,272.70688,273.10687,271.3069,269.4069,268.8069,267.20688,265.9069,264.8069,263.10687,259.70688,259.4069,252.30688,250.40689,248.70688,251.80688,252.30688,253.40689,254.50688,251.00688,249.90689,254.80688,259.3069,261.5069,260.8069,257.5069
268.4069,267.70688,267.9069,267.60687,271.0069,271.10687,269.60687,264.9069,266.8069,267.20688,269.20688,269.5069,268.4069,267.3069,269.60687,270.20688,271.60687,271.60687,272.5069,271.10687,270.0069,268.20688,267.10687,265.20688,264.0069,263.9069,260.5069,258.20688,256.10687,254.70688,252.80688,255.40689,261.5069,260.9069,257.3069,259.10687,257.0069,254.30688,249.20688,249.50688,245.50688
266.5069,270.60687,268.5069,269.8069,265.60687,267.10687,265.0069,266.8069,266.20688,268.4069,261.8069,266.9069,267.70688,267.60687,267.0069,268.4069,268.0069,269.8069,271.0069,272.20688,270.60687,270.3069,269.3069,267.0069,266.60687,265.3069,264.70688,263.4069,261.70688,256.10687,260.4069,265.0069,264.70688,262.20688,260.20688,254.20688,256.9069,254.50688,254.20688,252.70688,247.10689
263.4069,265.20688,268.9069,268.10687,265.60687,265.4069,265.3069,265.4069,263.8069,261.8069,262.5069,263.70688,264.0069,266.60687,266.9069,267.20688,270.20688,270.9069,271.4069,270.9069,271.3069,271.0069,270.10687,267.4069,266.70688,265.20688,263.9069,263.10687,263.5069,263.8069,265.3069,266.4069,264.0069,263.9069,263.60687,261.0069,257.10687,256.0069,255.20688,254.80688,250.60689
258.5069,260.60687,265.0069,266.20688,265.20688,265.10687,266.3069,266.4069,264.70688,262.9069,265.3069,265.60687,264.0069,267.4069,268.8069,267.60687,268.5069,269.60687,270.8069,271.70688,270.60687,270.3069,268.9069,268.60687,266.70688,264.9069,264.4069,265.10687,265.4069,265.70688,266.3069,266.10687,266.3069,264.9069,265.0069,265.5069,263.20688,260.4069,261.20688,260.8069,255.90689
262.3069,262.20688,261.3069,265.4069,266.70688,266.70688,265.3069,264.10687,263.4069,262.5069,264.5069,262.70688,263.9069,266.60687,267.4069,268.70688,269.20688,268.3069,270.10687,270.8069,271.10687,269.5069,267.9069,266.3069,265.8069,265.60687,264.60687,264.4069,265.60687,266.10687,266.4069,267.4069,267.3069,266.3069,266.0069,265.60687,263.0069,263.60687,263.0069,260.20688,259.4069
262.8069,262.3069,264.8069,266.3069,265.3069,265.0069,264.10687,263.70688,262.8069,261.9069,263.9069,263.20688,263.60687,266.0069,267.4069,268.60687,270.0069,268.20688,268.20688,268.10687,268.5069,267.3069,266.9069,266.5069,266.5069,266.20688,265.70688,264.70688,264.60687,265.20688,265.5069,266.8069,266.10687,265.20688,264.8069,264.4069,264.60687,264.20688,263.20688,262.10687,259.9069
263.60687,263.8069,266.4069,264.8069,263.8069,264.9069,265.5069,266.4069,263.9069,263.70688,265.70688,264.9069,264.20688,258.8069,264.9069,265.60687,265.4069,265.10687,266.10687,263.9069,263.10687,263.10687,263.60687,262.20688,261.4069,261.3069,257.9069,258.0069,260.3069,261.3069,262.70688,262.8069,263.20688,263.5069,263.70688,263.9069,264.8069,263.9069,263.4069,263.60687,261.8069
