wind_kz.json
{"header": {"discipline":0,"disciplineName":"Meteorological products","gribEdition":2,"gribLength":871,"center":7,"centerName":"US National Weather Service - NCEP(WMC)","subcenter":0,"refTime":"2023-08-26T06:00:00.000Z","significanceOfRT":1,"significanceOfRTName":"Start of forecast","productStatus":0,"productStatusName":"Operational products","productType":1,"productTypeName":"Forecast products","productDefinitionTemplate":0,"productDefinitionTemplateName":"Analysis/forecast at horizontal level/layer at a point in time","parameterCategory":0,"parameterCategoryName":"UnknownDiscipline_0_Category_0","parameterNumber":0,"parameterNumberName":"UnknownParameter_D0_C0_0","parameterUnit":"Unknown","genProcessType":2,"genProcessTypeName":"Forecast","forecastTime":300,"surface1Type":1,"surface1TypeName":"Ground or water surface","surface1Value":0.0,"surface2Type":255,"surface2TypeName":"Missing","surface2Value":0.0,"gridDefinitionTemplate":0,"gridDefinitionTemplateName":"Latitude_Longitude","numberPoints":615,"shape":6,"shapeName":"Earth spherical with radius of 6,371,229.0 m","gridUnits":"degrees","resolution":48,"winds":"true","scanMode":64,"nx":41,"ny":15,"basicAngle":0,"lo1":47.0,"la1":41.0,"lo2":87.0,"la2":55.0,"dx":1.0,"dy":1.0}, "data":
[rows 0 to 14 of 15, columns 0 to 40 of 41]
296.8,285.69998,291.19998,298.09998,298.09998,297.3,298.59998,299.59998,297.59998,298.59998,297.39996,298.09998,297.89996,297.19998,296.8,293.99997,293.8,294.3,292.69998,293.8,294.69998,289.89996,288.49997,285.59998,288.19998,291.19998,286.09998,273.49997,273.59998,275.39996,275.49997,275.19998,285.8,291.8,294.69998,294.3,294.99997,295.59998,295.59998,294.99997,293.89996
277.59998,290.39996,298.19998,298.3,298.19998,296.99997,298.3,296.8,295.99997,295.49997,296.19998,294.99997,293.69998,293.59998,293.49997,294.89996,296.09998,295.19998,292.69998,291.69998,291.99997,291.39996,289.99997,281.89996,274.59998,274.59998,281.59998,272.89996,274.39996,269.69998,276.19998,269.59998,277.89996,255.89998,273.89996,289.09998,288.99997,293.8,297.59998,288.39996,283.99997
293.3,297.8,298.49997,298.39996,296.99997,297.89996,297.19998,297.39996,294.69998,294.19998,292.39996,292.19998,289.19998,291.49997,294.59998,293.59998,291.8,289.69998,289.59998,290.99997,293.69998,290.19998,291.3,285.39996,286.59998,287.49997,288.59998,288.49997,286.3,277.09998,271.19998,273.39996,277.19998,280.8,280.89996,280.8,276.09998,275.69998,279.3,273.8,271.39996
297.8,297.89996,298.3,297.49997,296.19998,296.69998,297.59998,296.8,296.59998,294.8,292.49997,292.59998,294.39996,293.69998,294.89996,293.39996,293.8,290.3,289.99997,290.09998,290.99997,286.49997,291.89996,291.49997,292.09998,290.69998,289.89996,288.69998,286.39996,289.49997,290.39996,286.39996,292.89996,289.8,284.3,283.8,274.3,273.69998,278.09998,286.59998,289.99997
296.99997,297.09998,297.59998,297.39996,297.39996,299.3,299.09998,298.3,296.49997,295.09998,293.89996,293.39996,293.8,292.49997,290.49997,293.8,293.19998,292.19998,290.99997,291.99997,291.89996,291.09998,290.09998,289.69998,290.59998,290.19998,287.99997,289.49997,286.59998,286.39996,290.39996,288.3,277.8,270.89996,281.19998,290.3,291.59998,292.69998,293.59998,293.39996,292.8
295.59998,293.8,295.3,295.8,296.89996,296.09998,298.89996,298.8,296.69998,296.09998,295.89996,295.49997,293.49997,293.59998,292.99997,292.3,292.59998,292.39996,291.59998,292.39996,290.89996,290.09998,288.8,288.59998,287.99997,286.39996,287.19998,292.19998,289.8,290.19998,288.19998,291.99997,290.59998,289.19998,286.59998,289.3,281.39996,283.89996,290.8,292.89996,289.59998
294.89996,294.8,295.8,297.89996,296.89996,297.69998,298.19998,296.8,297.09998,297.39996,295.39996,293.89996,292.99997,292.69998,292.59998,293.69998,293.59998,292.99997,291.8,290.39996,288.99997,288.89996,287.99997,287.89996,286.09998,285.89996,285.8,286.69998,287.09998,289.19998,287.8,288.89996,289.89996,291.69998,290.59998,289.49997,283.59998,278.39996,276.09998,275.69998,287.8
295.49997,295.39996,298.19998,298.8,299.49997,298.8,296.39996,295.49997,295.19998,295.09998,292.69998,292.09998,291.09998,292.09998,292.59998,292.49997,291.89996,292.39996,291.3,288.19998,287.09998,286.99997,286.39996,286.19998,284.39996,281.59998,281.89996,283.8,282.8,286.59998,284.49997,286.19998,286.19998,284.59998,285.09998,284.89996,285.99997,289.3,285.39996,286.19998,279.49997
297.39996,296.99997,297.69998,296.69998,297.99997,295.49997,293.59998,294.3,293.49997,292.3,289.89996,288.99997,288.39996,289.99997,289.99997,290.69998,290.69998,289.89996,289.39996,287.89996,285.49997,285.59998,287.89996,288.39996,282.99997,282.19998,279.89996,280.09998,282.69998,278.59998,283.09998,284.49997,282.8,284.8,283.19998,280.69998,282.09998,281.19998,269.8,272.99997,271.09998
296.69998,296.49997,296.3,296.8,295.49997,293.89996,293.19998,292.89996,291.8,289.69998,288.39996,288.19998,288.59998,288.39996,288.49997,289.09998,289.3,288.39996,288.39996,287.89996,286.19998,285.99997,286.59998,285.99997,288.49997,286.89996,286.09998,285.8,282.39996,285.09998,285.39996,285.49997,285.09998,285.19998,283.8,282.59998,279.49997,278.19998,272.8,270.49997,270.59998
294.89996,294.3,295.19998,294.59998,292.99997,293.09998,292.8,290.99997,290.49997,289.8,288.49997,287.59998,288.69998,287.69998,287.3,287.8,287.69998,288.19998,287.89996,286.69998,286.69998,288.49997,288.39996,285.49997,285.49997,285.69998,286.3,288.09998,287.19998,288.39996,285.89996,285.59998,284.89996,285.09998,283.89996,281.49997,277.89996,274.39996,273.69998,275.59998,273.19998
294.09998,294.59998,293.99997,294.3,293.09998,292.39996,291.09998,289.59998,289.19998,288.3,284.8,284.89996,287.69998,290.19998,289.3,287.19998,286.99997,286.8,286.69998,285.89996,284.89996,284.49997,286.8,287.89996,287.49997,288.59998,288.3,289.59998,289.8,289.49997,286.89996,286.49997,286.69998,284.89996,284.59998,283.59998,282.99997,281.49997,281.49997,282.8,280.69998
292.19998,291.8,293.3,291.59998,292.19998,291.39996,289.49997,289.8,287.3,285.8,283.19998,281.19998,284.59998,284.09998,284.99997,285.99997,286.69998,285.99997,286.09998,285.19998,285.59998,282.69998,282.99997,286.49997,287.8,286.59998,288.39996,287.09998,286.8,288.49997,285.49997,285.69998,285.3,284.89996,287.19998,283.19998,284.39996,286.8,285.3,284.8,284.09998
290.8,291.8,290.49997,293.09998,290.69998,289.8,288.69998,288.69998,286.59998,286.19998,284.89996,282.59998,281.89996,283.3,284.99997,285.89996,286.09998,285.3,285.59998,285.3,284.89996,284.39996,284.89996,285.19998,288.39996,286.09998,287.3,284.99997,283.99997,284.99997,283.89996,283.19998,282.8,281.59998,281.39996,279.99997,280.49997,279.99997,279.39996,278.8,278.8
292.09998,292.09998,289.49997,291.19998,290.19998,288.39996,288.69998,288.69998,287.49997,285.69998,285.99997,282.09998,283.49997,284.19998,285.49997,286.49997,286.09998,285.59998,285.8,285.49997,285.19998,284.8,284.59998,284.39996,284.49997,284.3,283.89996,283.8,283.49997,282.69998,282.8,282.69998,281.19998,280.49997,279.49997,279.69998,278.59998,277.59998,277.69998,278.49997,277.89996
