wind_kz.json
{"header": {"discipline":0,"disciplineName":"Meteorological products","gribEdition":2,"gribLength":1025,"center":7,"centerName":"US National Weather Service - NCEP(WMC)","subcenter":0,"refTime":"2024-02-03T00:00:00.000Z","significanceOfRT":1,"significanceOfRTName":"Start of forecast","productStatus":0,"productStatusName":"Operational products","productType":1,"productTypeName":"Forecast products","productDefinitionTemplate":0,"productDefinitionTemplateName":"Analysis/forecast at horizontal level/layer at a point in time","parameterCategory":2,"parameterCategoryName":"UnknownDiscipline_0_Category_2","parameterNumber":3,"parameterNumberName":"UnknownParameter_D0_C2_3","parameterUnit":"Unknown","genProcessType":2,"genProcessTypeName":"Forecast","forecastTime":240,"surface1Type":103,"surface1TypeName":"Specified height level above ground","surface1Value":10.0,"surface2Type":255,"surface2TypeName":"Missing","surface2Value":0.0,"gridDefinitionTemplate":0,"gridDefinitionTemplateName":"Latitude_Longitude","numberPoints":615,"shape":6,"shapeName":"Earth spherical with radius of 6,371,229.0 m","gridUnits":"degrees","resolution":48,"winds":"true","scanMode":64,"nx":41,"ny":15,"basicAngle":0,"lo1":47.0,"la1":41.0,"lo2":87.0,"la2":55.0,"dx":1.0,"dy":1.0}, "data":
[rows 0 to 14 of 15, columns 0 to 40 of 41]
-0.7118988,-2.9818988,3.7481012,10.568101,5.968101,3.378101,2.0981011,1.5081012,0.2081012,0.5281012,-0.22189881,0.5281012,0.1981012,-1.2518988,-2.0218987,-2.1418989,-0.9418988,-1.4418988,-2.5518987,-1.0818988,-0.19189881,-0.061898805,-0.1218988,-2.4718988,-0.4218988,-2.0618987,-2.5818987,0.7781012,2.5881011,2.8081012,-3.8818989,-5.1018987,2.3081012,0.2881012,-0.1718988,-0.3318988,-0.2318988,0.1981012,0.5881012,0.3181012,-0.4218988
6.468101,0.7381012,5.0481014,10.608101,6.1881013,4.118101,0.8481012,2.3281012,2.1981013,1.4981012,0.0681012,-0.7818988,-1.0018988,-1.3818988,-3.6318989,-1.6018988,-0.4918988,-1.8618988,-2.2718987,-2.841899,-2.1518989,-2.1718988,0.7981012,1.6081012,-3.6318989,-3.4218988,-3.9318988,0.6781012,0.8681012,0.4781012,5.528101,4.4781013,-0.8418988,-2.3818989,-5.9318986,-2.9518988,-1.0418988,-0.93189883,0.1581012,-0.22189881,-0.021898804
0.058101196,3.378101,6.368101,6.8181014,4.9581013,2.9781013,1.9781013,0.8281012,2.148101,1.2781012,0.3881012,0.3781012,-0.3818988,-0.6518988,-1.7418988,-1.9418988,-0.5618988,-0.021898804,-1.4718988,-2.841899,-3.0718987,0.3981012,-0.7718988,0.2381012,0.3181012,3.1881013,0.3481012,0.038101196,-0.4918988,2.5281012,3.3381011,1.8181012,3.5181012,-2.7918987,-0.5618988,2.4181013,5.1881013,-0.061898805,0.7581012,-1.5318989,-0.9518988
0.8681012,4.308101,4.598101,3.888101,1.7981012,2.4781013,2.888101,3.6181011,3.3081012,2.5981011,1.7481012,0.7981012,0.5381012,0.2581012,-0.5418988,-0.9818988,-0.2418988,-0.6318988,-1.3618988,-2.9818988,-1.9918988,-0.3818988,-0.061898805,0.4681012,0.6381012,2.3581011,1.6381012,-0.29189882,1.0881011,1.7381012,5.078101,-1.3318988,-1.3218988,0.3881012,-0.7318988,-3.4418988,-0.4918988,3.4881012,5.3581014,2.648101,1.9781013
1.2781012,1.0081012,1.4481012,1.1981012,1.4781013,2.9881012,3.0581012,2.4981012,3.7681012,3.128101,3.1081011,2.128101,-0.0018988037,-1.1918988,-1.1918988,-1.2218988,-1.3118988,-2.0318987,-2.361899,-3.0018988,-3.0518987,-1.6418988,-1.9818988,-1.1718988,0.118101195,-1.0418988,1.4381012,1.5281012,0.0981012,3.5981011,2.388101,1.1681012,2.7081013,2.648101,-1.5318989,-2.0818987,-0.1218988,-0.5818988,-1.0718988,1.5881011,1.7481012
0.7781012,0.7581012,1.0081012,1.3981012,1.8381011,0.8281012,1.3381011,1.3981012,1.1381012,1.3281012,0.8281012,1.8181012,0.45810118,-0.4518988,-1.1218988,-1.8118988,-2.1818988,-2.0418987,-2.0218987,-2.0618987,-2.2518988,-1.3918988,-2.3318987,-1.4318988,-0.4718988,-1.0218987,-1.2318988,-0.8418988,-0.26189882,0.6681012,1.5581012,1.8781012,2.5781012,2.5081012,3.2081013,-0.0818988,2.8381011,1.0181012,0.7881012,-1.0018988,1.2781012
0.6781012,1.0881011,1.2181011,1.7881012,1.8781012,1.6781012,1.3681012,1.1181012,0.7781012,0.87810117,-0.1218988,0.8681012,-0.9618988,-1.4718988,-1.7618988,-2.371899,-1.2218988,-1.1218988,-1.0918988,-1.1818988,-1.0218987,-0.9018988,-0.3618988,0.1981012,-0.0818988,-0.6718988,-0.041898802,-0.7118988,0.13810119,1.6381012,1.1581012,0.5181012,2.4481013,1.6281012,0.2081012,-1.1918988,-1.4218988,2.5481012,-0.5218988,-2.0818987,0.48810118
1.8781012,1.9881012,2.148101,2.5481012,2.5181012,2.408101,2.0581012,1.7881012,2.2681012,0.9081012,0.3481012,-0.5518988,-1.3218988,-1.2018988,-1.6918988,-0.8918988,-0.7218988,0.0681012,-0.3118988,-0.8618988,-1.6618989,-1.4118989,-0.0718988,1.6081012,1.4781013,1.9881012,0.0981012,-0.4218988,-0.5318988,2.3681011,2.5981011,3.2481012,3.6681013,3.6781013,7.3181014,5.8181014,3.638101,4.218101,-2.0718987,1.6881012,2.1781013
1.7781012,2.1881013,2.6981013,2.3181012,1.7981012,1.3781012,1.5181012,1.2181011,0.4181012,0.5181012,0.3481012,0.078101195,-0.5918988,0.2181012,-1.4818988,-1.2318988,-1.7118988,-1.0618988,-1.1218988,-0.5018988,0.3581012,-1.9218988,-0.7918988,-1.6018988,0.118101195,0.9881012,1.6081012,1.3681012,0.24810119,-0.5118988,0.9181012,2.4781013,3.7281013,3.6981013,5.3581014,2.7781012,3.0181012,4.718101,4.9781013,3.7581012,2.1081011
1.3281012,0.118101195,-0.4418988,0.0981012,-0.0818988,0.1581012,0.5081012,0.6581012,0.7281012,0.118101195,-0.4118988,-0.4318988,-1.3418988,-1.9718988,-2.3118987,-2.2718987,-1.9918988,-2.3118987,-2.8018987,-1.9018989,-2.5118988,-2.8118987,-3.361899,-2.9618988,-3.2118988,-3.6418989,-4.3518987,-4.741899,-2.5318987,-0.9718988,-1.6818988,-4.6218987,-5.3318987,-4.211899,1.0281012,2.5381012,2.0881011,0.9781012,5.348101,5.4181013,5.238101
-0.4518988,-0.1618988,0.4781012,-0.7018988,-1.7818989,-1.2418988,-0.4918988,-0.7018988,-1.1918988,-1.7718987,-1.0818988,-0.4218988,-2.4618988,-1.9618988,-2.4818988,-2.7818987,-2.5618987,-2.8018987,-2.6418989,-2.9018989,-1.8018988,-1.6418988,-2.1318989,-1.0418988,-0.5718988,0.6981012,-1.6218988,-1.0318989,-1.5118988,-2.6418989,-2.8918989,-2.5518987,-2.9118989,-1.5218987,-1.0818988,-0.7118988,1.6681012,2.4181013,5.4581013,3.7981012,1.5681012
-0.8918988,-1.8718988,-1.0818988,-1.0518988,-0.7018988,-1.3918988,-1.6418988,-0.9518988,-2.6318989,-1.5118988,-1.3618988,-1.5118988,-1.8318988,-1.4718988,-2.1418989,-1.7318988,-1.5518988,-2.1318989,-1.4518988,-1.7718987,-0.93189883,-1.6918988,-1.2718987,-0.3918988,0.078101195,-0.32189882,-0.1318988,-1.1918988,-1.4418988,-1.4518988,-0.6118988,-0.14189881,-0.0718988,0.5981012,0.6681012,2.2081013,2.6181011,1.1781012,0.16810119,-1.3418988,-1.6218988
-0.2818988,-1.1818988,-1.0918988,-1.3218988,-1.3218988,-0.9418988,-1.3918988,-0.8018988,-1.5618988,-1.2618988,-0.62189883,-1.2018988,-0.87189883,-2.4018989,-1.1118988,-0.7418988,-0.9918988,-0.5018988,-0.5918988,-0.4718988,0.1581012,-0.2318988,-0.6718988,-1.5218987,-2.2118988,-2.0318987,-1.8118988,-1.3218988,-0.9218988,-0.8918988,-0.1818988,0.3181012,0.4981012,1.1181012,1.2781012,0.9181012,1.2481012,0.3981012,0.3181012,-1.0418988,-0.2418988
0.078101195,-0.9918988,-0.8818988,-1.0618988,-0.9618988,-0.5718988,-0.9918988,-0.8118988,-0.29189882,-0.4218988,0.8581012,-0.7018988,-1.0218987,-0.7718988,-0.0118988035,-1.6418988,-1.8918988,-2.091899,-0.6418988,-0.8218988,-0.9518988,-0.9718988,-1.2818989,-1.4318988,-1.2218988,-1.1718988,-1.0518988,-0.7118988,-0.5218988,-0.2718988,-0.0118988035,0.3981012,0.7881012,0.8881012,0.7581012,1.3181012,1.8181012,1.7981012,1.3981012,1.1081012,0.3681012
-0.3018988,-0.5018988,-1.1718988,-0.5118988,-0.4518988,0.3581012,0.4681012,1.0681012,0.8081012,0.1581012,0.62810117,1.9181012,1.7081012,0.2381012,-0.5518988,-1.0218987,-1.7618988,-1.4618988,-0.5718988,-1.1718988,-0.8318988,-1.2918988,-1.2318988,-1.7318988,-2.1818988,-1.9318988,-1.4818988,-0.87189883,-0.5818988,-0.14189881,0.118101195,0.3781012,0.81810117,1.2881012,1.5481012,1.5581012,2.1781013,2.5581012,2.2681012,2.138101,1.2081012
