wind_kz.json
{"header": {"discipline":0,"disciplineName":"Meteorological products","gribEdition":2,"gribLength":1025,"center":7,"centerName":"US National Weather Service - NCEP(WMC)","subcenter":0,"refTime":"2024-02-01T00:00:00.000Z","significanceOfRT":1,"significanceOfRTName":"Start of forecast","productStatus":0,"productStatusName":"Operational products","productType":1,"productTypeName":"Forecast products","productDefinitionTemplate":0,"productDefinitionTemplateName":"Analysis/forecast at horizontal level/layer at a point in time","parameterCategory":2,"parameterCategoryName":"UnknownDiscipline_0_Category_2","parameterNumber":2,"parameterNumberName":"UnknownParameter_D0_C2_2","parameterUnit":"Unknown","genProcessType":2,"genProcessTypeName":"Forecast","forecastTime":60,"surface1Type":103,"surface1TypeName":"Specified height level above ground","surface1Value":10.0,"surface2Type":255,"surface2TypeName":"Missing","surface2Value":0.0,"gridDefinitionTemplate":0,"gridDefinitionTemplateName":"Latitude_Longitude","numberPoints":615,"shape":6,"shapeName":"Earth spherical with radius of 6,371,229.0 m","gridUnits":"degrees","resolution":48,"winds":"true","scanMode":64,"nx":41,"ny":15,"basicAngle":0,"lo1":47.0,"la1":41.0,"lo2":87.0,"la2":55.0,"dx":1.0,"dy":1.0}, "data":
[rows 0 to 14 of 15, columns 0 to 40 of 41]
1.9002466,1.1802466,-1.2797534,0.8502466,0.15024658,0.26024657,2.7602465,2.6402466,4.4102464,4.4002466,4.2702465,3.3102465,1.8802466,2.9202466,1.8002466,-0.24975342,-2.3797534,-2.3997533,1.3802466,0.24024658,-1.3297534,2.5702467,-0.42975342,-1.5897534,1.0402466,-0.9597534,-4.3797536,-3.3897533,-0.7097534,-0.45975342,-1.8797535,1.9202466,-0.96975344,-0.53975344,0.040246584,-0.7997534,-0.7497534,-0.5697534,-0.16975342,-0.9297534,-0.08975342
2.4402466,-1.9497534,0.18024658,-0.12975341,0.8102466,1.7702466,1.8102466,2.1902466,4.700247,4.200247,3.8002465,2.5502465,2.9002466,0.6802466,0.32024658,0.8002466,0.21024658,-2.1197534,-1.6097534,0.7502466,1.1402466,2.3802466,-0.3797534,-1.3097534,0.3002466,0.9202466,-1.1097534,0.7902466,-2.0997534,-2.1997535,0.13024658,-1.5097535,2.5402465,-2.5597534,0.48024657,0.7502466,0.7002466,2.1002467,1.0702466,0.21024658,-1.4597534
-0.08975342,3.9102466,2.4102466,3.9902465,4.1102467,2.6702466,3.4502466,2.9702466,4.3002467,3.2102466,4.1602464,3.7202466,2.9202466,1.1302466,1.7402465,-0.5697534,-1.8997535,0.13024658,1.1902466,1.7502465,2.2702465,0.110246584,-3.5497534,-3.0797534,2.2602465,0.4602466,-0.20975342,0.4002466,0.21024658,-0.41975343,-2.9197533,3.3102465,-0.019753419,-0.32975343,1.0502466,-1.0297534,-1.2897534,0.6202466,0.7002466,1.4402466,2.0602465
3.3702466,3.4402466,4.9002466,4.9002466,4.6802464,4.6402464,4.4002466,6.0102468,5.3002467,4.3802466,4.5602465,3.6902466,5.6202464,4.470247,1.3602465,0.8802466,0.7502466,0.13024658,0.5502466,1.5902466,0.16024658,-2.3597534,-3.0697534,-1.7897534,-2.3297534,-3.0897534,-1.6297535,-10.049753,-5.2697535,-0.6797534,2.1802466,-6.0897536,-3.0197535,-0.71975344,-1.6597534,-2.8897533,-2.9097533,2.2602465,0.21024658,-1.0597534,-0.17975342
4.470247,3.1402466,3.7102466,3.7402465,4.7102466,6.1002464,6.1302466,6.3402467,6.8702464,5.3202467,4.6602464,5.7602468,7.0302467,6.0302467,4.3802466,1.4302466,1.2202466,0.8602466,-0.84975344,-3.1897535,-4.9097533,-4.1997533,-3.6697533,-2.7997534,-5.1297536,-6.0597534,-8.339753,-4.0697536,-3.4297533,-3.0197535,-3.1397533,-1.1297535,-3.2497535,0.08024658,0.84024656,-0.4797534,-1.1697534,-2.5797534,-2.0997534,-0.84975344,-0.8097534
5.4302464,5.5402465,4.3102465,4.3102465,5.1802464,5.7602468,7.3902464,7.5702467,7.3702464,7.0602465,5.6002464,4.4102464,6.4202466,7.6402464,3.4602466,0.8802466,0.9302466,0.6602466,-0.6997534,-1.6097534,-3.2097535,-2.5597534,-3.3197534,-4.6097536,-4.8497534,-7.5897536,-4.9797535,-3.3197534,-3.4397535,-3.2697535,-3.8297534,-2.9197533,-2.5597534,-2.4197533,-1.8797535,-6.4097533,-0.27975342,-4.5597534,0.5402466,-0.26975343,-2.1197534
5.3902464,6.240247,8.290247,7.950247,6.7702465,7.7602468,8.500247,8.460247,7.0802464,7.3002467,6.4202466,5.740247,4.3902464,5.1102467,3.4102466,1.9802465,0.59024656,0.64024657,-0.4097534,-1.0197535,-1.1897534,-1.8197534,-2.4697535,-3.1497533,-5.1297536,-4.3197536,-2.9197533,-2.9297533,-3.1197534,-2.8897533,-4.1897535,-4.9197536,-1.9697534,-3.5797534,-3.1497533,-2.8097534,-1.3397534,2.6102467,-3.9797535,2.1602466,1.4102466
6.6902466,6.9602466,7.2102466,7.6602464,7.7102466,8.050246,8.810246,9.090246,8.640246,6.7302465,7.2902465,6.4802465,5.6102467,5.1702466,3.7402465,3.1102467,1.6502466,0.52024657,-0.15975341,0.070246585,0.030246582,-0.39975342,-0.45975342,-0.9397534,-1.4197534,-1.0197535,-1.4397534,-1.6097534,-1.3697534,-1.5397534,-2.7197535,-1.7297534,-1.6397535,-0.39975342,-2.9897535,0.030246582,1.4102466,-5.6697536,-8.219753,-8.4797535,-2.6797533
6.9802465,7.3702464,7.4602466,7.740247,8.350246,8.090246,8.150247,8.920246,8.310246,5.5702467,6.8802466,5.3902464,6.2502465,3.8602467,4.5802464,3.3502467,3.0302465,2.5702467,1.8502465,2.2902465,3.0702467,1.9302466,0.9202466,0.8802466,1.0502466,-0.49975342,-1.4697534,-0.72975343,0.030246582,-0.96975344,0.8102466,1.2302465,1.2802466,-1.6797534,-2.8397534,-3.1697533,0.18024658,-1.9197534,-2.1897535,-0.16975342,-2.0697534
6.9802465,6.3202467,7.1002464,7.0702467,7.5502467,7.3302464,7.6502466,8.140246,7.3802466,7.2602468,6.8102465,5.3502464,4.700247,3.8902466,3.9902465,4.1502466,4.3702464,3.1702466,3.0302465,2.5902467,4.4102464,4.2902465,3.6202466,3.3002465,2.6202466,1.4502466,1.8702465,2.0302465,1.5902466,1.1802466,0.84024656,1.6302466,1.8002466,-0.8797534,-1.6997534,-0.6297534,-2.9197533,-0.27975342,-1.8197534,0.05024658,-1.3697534
5.3602467,6.1302466,6.5202465,6.5802464,6.3202467,6.5002465,7.4102464,8.230247,6.6402464,7.9202466,4.970247,5.4402466,4.1902466,5.2602468,3.7702465,4.9002466,2.8802466,2.7202466,3.3202467,3.8802466,3.4202466,3.4802465,3.6602466,3.3702466,3.8302467,3.9602466,5.0402465,5.3602467,4.7602468,2.8802466,3.3102465,0.17024659,-0.23975343,0.64024657,-0.08975342,-0.5197534,-0.59975344,0.5402466,-1.5297534,1.5102466,-1.9297534
5.3902464,5.5702467,6.1802464,6.0902467,6.2502465,5.8202467,6.0702467,6.7302465,6.470247,4.470247,5.1602464,5.3802466,4.1102467,3.9302466,3.2302465,2.6502466,1.7102466,2.2402465,3.1202466,3.1502466,2.7502465,2.9002466,2.9702466,2.5202465,3.5402465,4.2902465,5.3902464,6.3902464,5.5502467,5.2102466,3.7802465,2.8302467,1.4602466,0.52024657,1.4502466,3.0202465,3.1802466,-1.1097534,-0.45975342,-0.77975345,-0.5597534
5.4002466,5.9302464,5.1102467,5.0802464,5.5902467,5.4602466,7.1502466,6.6002464,7.3302464,3.3902466,3.8002465,3.7902465,1.8902466,2.3802466,1.5902466,0.52024657,0.5002466,0.6202466,0.72024655,2.7102466,1.8702465,1.9502466,2.1702466,2.2102466,3.9902465,3.8702466,4.4602466,4.4802465,3.6902466,2.5902467,2.3702466,1.9902465,1.4202466,1.1602466,1.7202466,1.8302466,1.6902466,-1.6297535,-2.4797535,-1.1597534,-1.2597535
5.2602468,5.6302466,5.1802464,3.8302467,5.5002465,6.2102466,5.2302465,3.9302466,3.8302467,1.4802465,2.7302465,2.0702467,-0.71975344,1.8802466,0.89024657,-0.08975342,-0.17975342,0.060246583,-0.45975342,0.8602466,1.3702465,1.3602465,1.3402466,-2.0997534,-3.0597534,-3.2697535,-3.3497534,-3.3997533,-3.1897535,-2.8397534,-2.0897534,-1.5597534,-0.5097534,0.030246582,-0.11975342,-0.4797534,-0.20975342,-0.45975342,-2.5197535,-1.3497534,-1.1697534
3.8202467,2.0202465,3.8502467,4.2602468,5.0802464,5.0002465,4.4302464,3.4302466,2.9102466,2.5302465,2.4802465,0.7902466,-0.29975343,-0.069753416,-0.20975342,-1.0097535,-1.1797534,-0.4797534,-0.4097534,-2.8297534,-3.4697535,-3.8397534,-3.8697534,-4.1997533,-3.5597534,-3.3697534,-3.1297534,-3.2397535,-3.0097535,-2.8197534,-2.5097535,-2.2797534,-1.6697534,-1.4497534,-1.2197534,-1.1797534,-0.96975344,2.4658203E-4,-0.8897534,-2.2497535,-1.5297534
