wind_kz.json
{"header": {"discipline":0,"disciplineName":"Meteorological products","gribEdition":2,"gribLength":1025,"center":7,"centerName":"US National Weather Service - NCEP(WMC)","subcenter":0,"refTime":"2024-02-03T12:00:00.000Z","significanceOfRT":1,"significanceOfRTName":"Start of forecast","productStatus":0,"productStatusName":"Operational products","productType":1,"productTypeName":"Forecast products","productDefinitionTemplate":0,"productDefinitionTemplateName":"Analysis/forecast at horizontal level/layer at a point in time","parameterCategory":2,"parameterCategoryName":"UnknownDiscipline_0_Category_2","parameterNumber":3,"parameterNumberName":"UnknownParameter_D0_C2_3","parameterUnit":"Unknown","genProcessType":2,"genProcessTypeName":"Forecast","forecastTime":0,"surface1Type":103,"surface1TypeName":"Specified height level above ground","surface1Value":10.0,"surface2Type":255,"surface2TypeName":"Missing","surface2Value":0.0,"gridDefinitionTemplate":0,"gridDefinitionTemplateName":"Latitude_Longitude","numberPoints":615,"shape":6,"shapeName":"Earth spherical with radius of 6,371,229.0 m","gridUnits":"degrees","resolution":48,"winds":"true","scanMode":64,"nx":41,"ny":15,"basicAngle":0,"lo1":47.0,"la1":41.0,"lo2":87.0,"la2":55.0,"dx":1.0,"dy":1.0}, "data":
[rows 0 to 14 of 15, columns 0 to 40 of 41]
-4.1872826,0.5327173,-2.2972827,-2.0172827,3.8927174,2.2927172,0.8327173,0.21271728,0.6027173,0.4627173,1.5527173,0.7327173,-1.0972828,-2.7372828,-4.4372826,-5.367283,-4.177283,-1.0472827,3.1427174,0.6727173,-1.7572827,-2.2672827,0.2527173,0.6927173,1.1727173,1.5927173,-0.87728274,0.5127173,2.2427173,2.9827173,1.3427173,-0.9872827,0.6327173,-0.2572827,-0.14728272,-1.3872827,-0.8972827,-0.20728272,-0.94728273,0.112717286,-1.1272827
4.552717,-0.6372827,-1.9072827,-1.6272827,-1.1272827,-1.2772827,-1.3372827,-0.8472827,-0.8272827,0.6027173,0.8327173,1.2227173,-0.3172827,-2.1772828,-2.7072828,-4.2272825,-2.0872827,-2.7072828,-4.5672827,-4.8972826,-3.4272828,-2.4372828,1.9427173,1.7227173,-0.6472827,-1.1572827,-0.8372827,0.7327173,0.19271728,1.9527173,5.3727174,6.1627173,-0.21728271,-0.35728273,-5.097283,-1.8472828,1.3627173,-0.30728272,-0.94728273,-1.3072827,0.5127173
-1.6872827,-6.7072825,-7.287283,-5.7372828,-3.9672828,-2.2372828,0.8327173,-0.69728273,-1.1572827,-1.4872828,1.9327173,3.3027172,1.5427173,0.20271729,-0.5172827,-0.7872827,-0.81728274,-1.7072827,-3.7172828,-4.197283,-2.2872827,-0.3172827,0.7627173,0.22271729,-0.4172827,0.68271726,-0.10728271,-0.26728272,-1.1472827,2.5927172,3.6327174,2.3027172,3.0827172,-2.1072826,-0.097282715,2.2427173,6.8927174,-0.68728274,0.7027173,-0.6072827,0.032717284
1.6627173,1.8227173,-0.9772827,-3.2272828,-3.2172828,-1.6272827,0.12271728,3.0027173,1.3727173,-0.16728272,-1.1472827,0.35271728,2.1927173,2.1827173,2.1127174,0.4927173,-0.8372827,-2.2672827,-3.1672828,-4.657283,-3.1072826,-0.9672827,1.8627173,-1.4672828,-2.2772827,-3.0372827,-3.4972827,-1.2172828,1.7127173,-0.14728272,-0.6372827,-1.0972828,-1.0672827,-0.4672827,-1.7372828,-4.557283,-2.5072827,3.5027173,2.8727174,1.3327173,1.1027173
0.042717285,3.4327173,2.4127173,1.2027173,0.87271726,0.80271727,1.1427172,-0.3772827,2.2827172,3.5427172,2.2127173,1.0727173,0.45271727,2.5227172,2.7427173,4.382717,2.7827172,0.9827173,-0.8272827,-2.2972827,-1.8472828,-0.6372827,-1.2472827,-1.5672827,-1.4572827,-2.3572826,-2.6072826,-2.3672826,-2.1172826,-3.0572827,-3.9472828,-0.7372827,2.2927172,3.4827173,-1.4672828,-0.9572827,-0.15728271,-2.1472826,-1.9472827,-1.3872827,-1.0172827
0.81271726,0.14271729,0.052717283,1.9127173,1.9627173,2.1127174,1.7927173,1.2327173,1.2827172,2.4127173,2.3227172,3.0627172,2.1227174,2.0127172,2.2827172,3.0927172,4.0827174,3.2027173,1.7627172,1.4327173,1.3627173,1.6327173,1.2827172,0.6627173,-0.2872827,-0.8272827,-1.7572827,-2.7572827,-2.8272827,-2.9472828,-3.6672828,-3.3272827,-1.7072827,-2.4272828,1.7327173,11.602717,4.572717,4.0027175,-0.29728273,-2.0772827,-1.5972828
1.2427173,1.1027173,0.7827173,0.9427173,1.4727173,1.8527173,1.5127172,2.0927172,1.4427173,2.1027174,2.6027174,2.4227173,3.4727173,3.6227174,3.9127173,4.3927174,5.6627173,5.302717,4.842717,2.9827173,2.3627174,2.3927174,2.2127173,2.5527172,1.9327173,0.7227173,-2.2072828,-2.5372827,-3.5572827,-2.7772827,-2.5672827,-3.2772827,-4.557283,-2.2472827,-1.1472827,-2.5772827,-4.4372826,-1.3372827,1.3527173,-0.35728273,2.0927172
2.7627172,2.6027174,2.7627172,2.2427173,1.4227173,1.6027173,1.6927173,2.8427172,2.4127173,1.6827173,3.0427172,2.4227173,3.3827174,3.7427173,3.5127172,4.282717,5.1027174,6.3127174,7.0427175,6.4927173,3.6227174,3.9327173,3.5427172,4.9827175,5.0427175,3.8727174,4.4327173,-0.037282716,-0.20728272,-2.4472828,-1.3072827,-1.0672827,-1.8272827,-2.6472826,0.052717283,-0.26728272,0.082717285,-0.5472827,-2.5472827,0.022717286,-1.3772827
0.9527173,1.6527172,2.6127174,2.5627172,2.5127172,1.9727173,1.8127173,1.5627173,2.3727174,3.5127172,2.1327174,3.2527173,2.5727172,3.4227173,3.7927172,3.7927172,4.7927175,6.0827174,7.0227175,7.6027174,6.0827174,6.0827174,6.572717,6.132717,6.8527174,5.7227173,3.0027173,4.862717,3.3127172,2.6927173,3.8327172,4.4827175,2.5527172,3.5127172,5.802717,3.5827172,-2.2372828,1.3527173,0.6427173,0.7827173,-2.6372826
3.4527173,2.6527174,2.2427173,2.4227173,2.5127172,2.4327173,1.9627173,1.4927173,1.9527173,3.0027173,3.2627172,2.2527173,3.2227173,2.7727172,3.8227172,3.8527174,5.3127174,6.0427175,5.9127173,7.052717,6.922717,5.922717,6.052717,7.3127174,7.3527174,7.5827174,6.592717,6.0127172,5.4727173,4.7427173,4.902717,4.402717,4.442717,4.322717,4.5427175,1.6527172,1.1727173,-3.2272828,0.052717283,4.782717,3.3827174
2.9227173,3.6727173,2.9927173,3.0727172,3.2827172,3.3127172,3.3227172,3.0527172,1.4927173,2.5227172,2.8427172,3.0327172,3.1927173,3.5927172,3.7627172,3.6727173,4.192717,5.5027175,6.5427175,7.192717,6.362717,5.5627174,5.152717,6.8927174,6.5627174,6.9727173,6.862717,7.532717,7.1827173,4.6827173,5.342717,4.842717,5.862717,6.0027175,6.7327175,1.7427173,1.3027173,3.0227172,1.8527173,1.0727173,-0.2772827
2.3427172,3.1827173,3.3727174,3.4127173,4.152717,3.8027172,3.4427173,2.9627173,2.9327173,1.5427173,3.2827172,2.3727174,3.9627173,4.172717,4.112717,4.322717,4.3727174,4.7927175,5.3327174,4.922717,4.712717,4.7527175,4.6827173,4.902717,5.7327175,6.0227175,6.5227175,5.632717,5.4927173,5.8927174,6.402717,7.5027175,5.822717,6.7527175,5.4827175,4.922717,1.1327173,2.2427173,1.9527173,1.5027173,-0.027282715
1.7327173,1.9327173,3.0327172,3.0627172,3.2227173,2.7827172,3.6627173,3.7727172,4.462717,3.2227173,3.2327173,1.7927173,2.8427172,4.192717,3.8427172,3.9727173,4.052717,3.6627173,4.3127174,3.6127174,4.2427173,4.3527174,4.2927175,4.6027174,4.5227175,5.1227174,5.1227174,4.782717,4.942717,5.402717,6.0127172,6.7327175,6.2527175,6.152717,5.6627173,5.552717,3.3827174,1.5727173,1.0427173,-0.3772827,-0.5372827
2.0127172,2.2427173,1.1127173,1.7527173,2.7027173,3.6927173,4.4527173,3.9827173,4.092717,4.382717,2.8927174,1.7027173,2.0427172,1.9927173,2.0527172,2.3127172,2.4327173,2.3827174,2.6527174,2.6427174,3.1627173,2.9727173,2.5627172,1.7227173,1.2727172,2.1127174,2.9727173,2.6927173,2.8727174,3.5327172,4.152717,4.592717,5.402717,5.5427175,4.342717,4.822717,3.9927173,3.3927174,2.4927173,0.93271726,-0.067282714
1.8827173,1.1527172,1.4327173,1.4827173,1.9727173,3.7527173,4.7927175,5.4727173,3.9527173,5.302717,3.4927173,3.2827172,1.1527172,1.7527173,2.7927172,1.8127173,1.8027173,0.68271726,0.06271729,0.18271728,-0.15728271,-0.32728273,-0.39728272,-0.18728271,-0.08728272,-0.14728272,0.6727173,0.9727173,1.4627173,1.8227173,2.9927173,3.4927173,3.7827172,4.3527174,4.5427175,4.5427175,4.592717,5.032717,2.2927172,2.3827174,0.50271726
