wind_kz.json
{"header": {"discipline":0,"disciplineName":"Meteorological products","gribEdition":2,"gribLength":1025,"center":7,"centerName":"US National Weather Service - NCEP(WMC)","subcenter":0,"refTime":"2023-08-26T18:00:00.000Z","significanceOfRT":1,"significanceOfRTName":"Start of forecast","productStatus":0,"productStatusName":"Operational products","productType":1,"productTypeName":"Forecast products","productDefinitionTemplate":0,"productDefinitionTemplateName":"Analysis/forecast at horizontal level/layer at a point in time","parameterCategory":2,"parameterCategoryName":"UnknownDiscipline_0_Category_2","parameterNumber":2,"parameterNumberName":"UnknownParameter_D0_C2_2","parameterUnit":"Unknown","genProcessType":2,"genProcessTypeName":"Forecast","forecastTime":120,"surface1Type":103,"surface1TypeName":"Specified height level above ground","surface1Value":10.0,"surface2Type":255,"surface2TypeName":"Missing","surface2Value":0.0,"gridDefinitionTemplate":0,"gridDefinitionTemplateName":"Latitude_Longitude","numberPoints":615,"shape":6,"shapeName":"Earth spherical with radius of 6,371,229.0 m","gridUnits":"degrees","resolution":48,"winds":"true","scanMode":64,"nx":41,"ny":15,"basicAngle":0,"lo1":47.0,"la1":41.0,"lo2":87.0,"la2":55.0,"dx":1.0,"dy":1.0}, "data":
[rows 0 to 14 of 15, columns 0 to 40 of 41]
-5.384321,0.49567872,-0.9743213,-3.3943212,-1.4543213,0.06567871,2.7556787,3.1756787,-2.6743212,-2.1143212,-2.2043214,-1.9243213,0.8956787,1.8456787,3.4156787,3.8556788,-0.104321286,1.6856787,-1.8543212,1.3256787,0.4756787,-0.70432127,-0.51432127,-0.57432127,1.5356787,-0.7443213,-1.0443213,1.1456788,-0.7143213,0.9956787,-1.4043213,1.9356787,-0.44432127,-0.05432129,-2.0043213,-2.7443213,-1.3043213,-0.47432128,-2.7343214,-2.7643213,-1.4343213
1.0656787,-1.3043213,-4.2043214,-2.6243212,-1.1643213,0.5056787,1.1256787,-3.8643212,-0.5043213,-2.0043213,-0.18432128,-0.11432129,0.3556787,-0.5443213,-2.5043213,-2.8443213,0.20567872,-1.1243213,-0.4243213,3.2756786,1.5056787,-2.3143213,-1.9643213,-0.6343213,1.1356788,0.14567871,-0.3943213,1.1456788,1.3156787,-1.8043213,-0.5443213,0.3256787,-0.09432129,-0.95432127,0.05567871,-0.37432128,-1.2243212,-0.3843213,-0.8743213,0.27567872,-3.6243212
-2.7743213,-5.984321,-4.5743213,-2.4443214,0.4256787,3.0256786,-0.07432129,2.4956787,1.2856787,0.9756787,0.2956787,2.6756787,3.3956788,-0.2643213,-2.2343214,-2.0243213,0.5556787,1.5956787,1.7356787,4.515679,3.2256787,-0.3943213,-0.07432129,0.8056787,1.8556787,3.2456787,-1.5243213,1.7756788,0.015678711,0.6456787,-3.0343213,1.4256787,-0.4543213,2.0956788,0.5556787,-2.2143214,1.0656787,-1.0443213,4.6956787,-1.4343213,-0.95432127
-3.8443213,-5.7843213,-3.4243212,-3.2943213,-2.2343214,-3.1943214,-0.24432129,0.43567872,-0.4543213,-0.9143213,-0.2643213,0.20567872,-1.2243212,-1.7143213,-1.9143213,1.6956787,2.7556787,2.5556786,3.4556787,4.9656787,1.8056787,0.14567871,1.7956787,3.0656786,0.16567871,-1.3943213,-0.9243213,-1.9843212,-1.6043212,-0.51432127,-0.18432128,-1.1543213,2.3856788,0.3256787,-0.9243213,-1.4943213,0.1856787,1.4456787,0.9056787,2.5756788,4.885679
-2.7543213,-3.3743212,-3.1943214,-3.2543213,-1.9043213,0.05567871,2.0256786,2.9456787,0.7756787,0.3856787,2.2456787,2.3356788,2.3656788,3.0756788,4.3956785,3.3656788,4.135679,2.5556786,2.7656786,1.8856788,0.40567872,-2.0143213,-1.0443213,-0.8743213,2.3056786,2.7756786,1.9556787,1.5356787,2.0456786,2.9356787,1.1756787,-1.2643213,-1.2543213,-0.3543213,-0.18432128,-0.82432127,3.9956787,0.8056787,3.7356787,3.5656786,-0.5043213
-2.0343213,-0.4543213,1.5456787,2.5256786,3.9156787,2.8056786,1.0356787,0.85567874,1.0756787,1.2856787,2.3756788,2.9656787,4.205679,6.0056787,4.6756787,3.5656786,4.8356786,3.3956788,3.2556787,2.9056787,1.6256787,1.8456787,2.8556788,2.2956786,2.7756786,0.5356787,1.3656787,4.7556787,2.2356787,3.4056787,1.0856787,0.34567872,-0.4543213,0.045678712,0.4256787,0.73567873,-0.08432129,1.8356787,8.025679,2.8356788,-3.1743212
-3.7543213,-3.6443212,-2.1643212,-1.8543212,-2.5943213,-0.4143213,0.13567871,0.9756787,0.8256787,2.0656786,0.24567871,-1.1243213,0.3256787,1.1856787,2.4756787,2.4156787,3.2556787,3.6456788,3.9656787,3.8356788,3.3756788,2.4656787,3.0256786,3.8856788,4.365679,1.6156787,2.3656788,3.0856788,2.5656786,2.3456788,1.3656787,2.5256786,2.7456787,2.3856788,1.8556787,1.3756787,-1.1143212,0.10567871,-0.1443213,0.85567874,7.6856785
-3.5643213,-3.1043212,-1.8943213,-1.6943213,-0.05432129,-0.4543213,0.19567871,-0.2743213,-0.2643213,-0.7143213,-0.5243213,0.7556787,2.5856788,2.8256788,3.6556787,3.7656786,4.1256785,3.5156786,3.2456787,3.5156786,4.055679,3.6656787,3.5256786,5.2356787,3.9856787,1.6356788,3.6656787,3.7756786,3.5756788,2.8156786,1.7656788,3.4956787,3.0756788,2.2756786,1.8056787,2.3556788,-0.9743213,2.2856786,3.9556787,7.0856786,1.8356787
-2.7643213,-2.8643212,-1.7543213,-1.2643213,-0.104321286,0.13567871,0.22567871,-0.3643213,1.2956787,2.0556786,3.1456788,3.8856788,3.9156787,1.7656788,2.5756788,4.1756787,3.1856787,3.4656787,3.0356786,2.5556786,3.3156786,4.865679,2.0156786,3.1356788,3.6356788,2.8356788,3.2356787,2.6756787,3.9556787,3.4456787,3.0956788,4.5256786,4.555679,1.3056787,1.5456787,0.5356787,0.8856787,0.5856787,-0.4843213,2.0456786,0.9656787
-2.9443214,-1.6543213,-1.0243213,-0.5043213,-1.2843213,0.07567871,1.1556787,1.0356787,1.9956787,2.3456788,2.7656786,3.3256788,2.5556786,3.7756786,4.1456785,4.2956786,3.0756788,3.1256788,2.8956788,4.035679,2.8856788,2.8956788,3.4656787,2.3556788,3.0556786,1.8456787,2.8156786,1.7256787,4.095679,5.325679,1.2056787,0.045678712,-0.40432128,2.4956787,1.8856788,-0.4143213,-2.5143213,-0.104321286,-0.2343213,0.7056787,0.23567872
0.30567873,-1.5343213,-1.4643213,-0.0043212892,-0.1443213,-0.3543213,0.5256787,1.7956787,1.7256787,1.6056787,2.6856787,3.7656786,4.015679,2.3756788,3.4656787,4.9356785,4.6756787,4.865679,4.4256787,5.2956786,4.865679,2.9556787,2.3656788,2.9356787,2.9456787,-0.044321287,1.2956787,2.0256786,3.0456786,1.5356787,1.1656787,-1.5143213,-1.1843213,2.1356788,3.8556788,-1.6143212,-1.8343213,0.3356787,-0.19432129,1.0456787,-0.7843213
-1.1643213,-2.3143213,-1.4743212,0.05567871,0.40567872,-0.4543213,0.2656787,1.3556787,2.0256786,1.6456788,1.7756788,3.4456787,2.3056786,2.5356786,3.4756787,4.6556787,4.6656785,5.4056787,4.055679,3.8256788,3.8456788,4.635679,2.9956787,2.0256786,2.6056788,4.135679,2.8656788,2.2556787,2.7056787,1.5456787,2.0556786,-1.0843213,0.2556787,2.2656786,1.8556787,-1.1943213,-1.6043212,-1.2743213,-0.4943213,-0.15432128,-0.4643213
-0.5343213,-0.6743213,-1.1143212,0.8056787,0.9956787,0.3556787,0.5756787,1.6156787,2.0956788,2.2056787,1.5256788,3.5256786,2.8356788,2.9256787,3.6456788,3.9656787,4.5056787,5.345679,5.305679,4.745679,3.8256788,2.8156786,4.9056787,4.055679,4.4156785,4.475679,4.595679,2.8956788,1.4456787,1.9656787,0.3356787,0.98567873,0.92567873,0.34567872,1.7956787,-2.0743213,-2.4443214,-1.5643213,-1.3143213,-1.0343213,0.045678712
0.37567872,-0.08432129,1.4156787,0.2856787,0.9656787,1.5456787,1.1856787,1.2256787,2.2056787,3.1456788,1.3256787,2.1956787,4.285679,2.1756787,2.6856787,3.6156788,3.9156787,4.0656786,3.7056787,2.4856787,4.1656785,3.0656786,3.7456787,3.6056788,2.5656786,3.3756788,2.8356788,2.9256787,1.5956787,0.73567873,0.9656787,0.6356787,2.1556787,-0.08432129,0.9356787,-1.7243212,-1.8843213,-0.40432128,-0.9343213,0.11567871,0.1856787
-0.07432129,-0.7843213,-0.57432127,-0.5343213,-0.2043213,1.0056787,1.1656787,1.3256787,2.2056787,1.7156787,1.3956788,2.0656786,1.4056787,2.7356787,3.2556787,3.2656786,3.4556787,3.9156787,3.9156787,4.325679,3.2256787,3.4256787,3.2556787,4.015679,4.265679,2.5056787,1.3856788,0.8656787,-0.6743213,-0.2943213,0.2956787,0.5656787,-0.7743213,-2.2543213,-0.28432128,1.6056787,0.015678711,2.0556786,0.8156787,1.0556787,-1.1043212
