wind_kz.json
{"header": {"discipline":0,"disciplineName":"Meteorological products","gribEdition":2,"gribLength":871,"center":7,"centerName":"US National Weather Service - NCEP(WMC)","subcenter":0,"refTime":"2023-09-07T00:00:00.000Z","significanceOfRT":1,"significanceOfRTName":"Start of forecast","productStatus":0,"productStatusName":"Operational products","productType":1,"productTypeName":"Forecast products","productDefinitionTemplate":0,"productDefinitionTemplateName":"Analysis/forecast at horizontal level/layer at a point in time","parameterCategory":0,"parameterCategoryName":"UnknownDiscipline_0_Category_0","parameterNumber":0,"parameterNumberName":"UnknownParameter_D0_C0_0","parameterUnit":"Unknown","genProcessType":2,"genProcessTypeName":"Forecast","forecastTime":180,"surface1Type":1,"surface1TypeName":"Ground or water surface","surface1Value":0.0,"surface2Type":255,"surface2TypeName":"Missing","surface2Value":0.0,"gridDefinitionTemplate":0,"gridDefinitionTemplateName":"Latitude_Longitude","numberPoints":615,"shape":6,"shapeName":"Earth spherical with radius of 6,371,229.0 m","gridUnits":"degrees","resolution":48,"winds":"true","scanMode":64,"nx":41,"ny":15,"basicAngle":0,"lo1":47.0,"la1":41.0,"lo2":87.0,"la2":55.0,"dx":1.0,"dy":1.0}, "data":
[rows 0 to 14 of 15, columns 0 to 40 of 41]
293.0498,285.4498,287.8498,297.6498,297.9498,296.5498,305.3498,310.1498,308.6498,308.5498,307.8498,307.74982,306.8498,306.0498,304.9498,304.3498,304.0498,304.3498,305.5498,305.4498,307.1498,302.24982,302.5498,299.0498,303.1498,304.74982,300.5498,286.1498,285.6498,284.1498,283.74982,287.3498,297.5498,302.0498,302.74982,301.8498,302.1498,301.8498,302.3498,302.4498,301.5498
280.6498,288.24982,296.9498,297.1498,297.1498,295.6498,299.74982,308.8498,307.3498,307.1498,309.1498,307.0498,306.9498,303.9498,303.74982,304.1498,304.0498,304.3498,303.1498,303.4498,304.4498,301.9498,299.6498,291.8498,286.3498,285.24982,294.6498,287.4498,289.6498,282.3498,287.6498,278.0498,288.0498,268.24982,283.3498,299.1498,297.9498,300.5498,303.74982,293.4498,284.6498
293.8498,296.4498,297.24982,296.9498,294.8498,304.24982,301.74982,305.5498,305.4498,305.1498,304.9498,305.0498,301.4498,301.1498,301.4498,301.74982,301.3498,300.9498,301.24982,301.5498,302.8498,300.6498,300.24982,294.5498,298.4498,296.74982,297.0498,295.74982,292.9498,284.0498,278.1498,280.1498,281.6498,286.1498,290.4498,290.74982,281.24982,284.24982,286.6498,281.1498,279.9498
289.3498,295.9498,297.24982,296.4498,297.74982,302.1498,303.74982,302.0498,304.5498,304.74982,303.6498,301.1498,293.4498,292.74982,299.0498,301.8498,300.74982,300.5498,300.9498,300.3498,298.1498,296.1498,299.24982,299.4498,299.8498,299.6498,299.5498,295.8498,289.74982,290.0498,289.8498,286.1498,294.24982,297.0498,297.3498,293.6498,282.5498,281.0498,282.9498,292.0498,294.9498
305.4498,295.0498,295.6498,294.6498,297.8498,303.4498,303.3498,303.24982,302.8498,303.3498,303.1498,300.4498,292.74982,291.5498,289.8498,300.9498,300.6498,298.6498,297.74982,298.6498,299.24982,299.74982,298.5498,298.5498,298.8498,298.74982,297.3498,296.5498,296.3498,293.74982,292.5498,288.74982,275.4498,272.0498,283.24982,292.5498,293.1498,298.3498,297.8498,297.8498,297.8498
300.24982,301.8498,294.0498,294.0498,294.5498,294.0498,302.9498,306.5498,300.8498,300.5498,301.74982,302.0498,294.3498,292.9498,294.74982,296.24982,298.74982,298.6498,298.24982,298.4498,298.0498,298.1498,296.5498,297.4498,296.24982,295.3498,296.1498,291.5498,295.9498,295.3498,290.9498,292.3498,289.9498,286.8498,285.4498,289.3498,280.8498,283.5498,295.6498,296.1498,297.3498
305.6498,303.4498,305.3498,299.0498,300.8498,297.1498,304.8498,302.1498,301.5498,301.5498,299.4498,299.6498,298.74982,298.24982,297.5498,297.24982,297.24982,297.6498,295.1498,291.9498,293.5498,296.24982,293.8498,293.8498,292.9498,292.8498,292.24982,294.3498,293.6498,292.5498,291.74982,288.5498,290.8498,291.0498,288.74982,287.1498,282.3498,280.74982,280.4498,280.4498,292.1498
302.8498,302.1498,298.1498,302.1498,301.74982,304.24982,304.6498,300.8498,298.5498,299.1498,298.9498,298.24982,298.4498,297.24982,297.1498,296.4498,296.3498,295.6498,295.24982,289.8498,291.1498,291.9498,290.3498,290.3498,289.24982,285.74982,287.3498,287.74982,286.9498,291.4498,288.6498,289.4498,286.8498,285.4498,287.74982,289.8498,291.9498,289.4498,292.6498,292.0498,285.8498
294.6498,296.3498,304.8498,305.0498,303.3498,302.3498,301.24982,302.6498,299.0498,298.5498,297.9498,297.1498,296.4498,296.5498,295.5498,296.8498,295.6498,295.74982,293.6498,288.4498,287.4498,288.0498,287.8498,287.9498,283.9498,284.24982,282.5498,282.5498,283.74982,283.3498,283.3498,285.0498,287.8498,285.9498,287.3498,287.24982,286.8498,287.24982,276.0498,276.1498,273.74982
300.3498,303.5498,303.4498,302.8498,303.3498,303.5498,303.1498,301.5498,299.8498,298.6498,296.6498,295.6498,295.0498,292.1498,292.24982,294.4498,294.3498,293.74982,292.8498,289.5498,286.8498,287.5498,286.24982,284.8498,284.4498,284.1498,283.74982,284.4498,282.4498,283.5498,285.0498,287.0498,288.8498,291.1498,289.9498,287.3498,285.9498,280.8498,277.74982,277.24982,275.74982
300.3498,301.9498,303.1498,301.5498,301.1498,300.74982,301.5498,301.1498,299.4498,297.0498,291.4498,290.9498,294.1498,292.6498,292.24982,293.5498,293.6498,293.8498,292.3498,290.0498,288.4498,287.6498,285.1498,285.1498,284.1498,283.9498,283.5498,284.5498,283.74982,285.5498,286.9498,289.4498,288.74982,290.24982,290.9498,286.24982,281.6498,280.24982,282.6498,280.9498,278.24982
300.24982,300.74982,303.6498,298.3498,296.74982,295.74982,293.8498,293.24982,292.9498,293.24982,290.24982,291.4498,291.3498,289.74982,289.1498,291.8498,292.0498,291.74982,291.1498,288.4498,284.9498,284.6498,285.5498,284.0498,283.4498,284.74982,283.3498,283.74982,283.9498,284.24982,284.24982,287.24982,287.3498,287.4498,288.4498,289.5498,289.3498,287.6498,284.1498,286.0498,284.9498
292.6498,297.74982,297.0498,298.74982,294.5498,293.24982,292.9498,292.4498,293.0498,290.4498,288.3498,287.9498,289.74982,290.0498,289.3498,288.5498,290.9498,290.24982,290.4498,288.0498,287.3498,284.8498,283.5498,283.1498,282.8498,283.3498,284.5498,285.3498,284.5498,284.0498,284.74982,283.9498,285.24982,286.24982,288.74982,287.0498,286.74982,287.6498,286.24982,286.24982,285.1498
300.1498,300.8498,292.74982,298.6498,297.24982,295.1498,294.8498,294.1498,293.1498,289.6498,287.5498,287.1498,289.4498,290.8498,290.24982,289.74982,288.3498,290.3498,288.6498,289.1498,288.9498,286.74982,286.3498,284.8498,283.5498,283.3498,283.74982,284.0498,283.74982,285.4498,284.8498,283.9498,284.6498,284.0498,285.4498,284.5498,285.0498,284.9498,287.5498,285.24982,284.74982
296.6498,298.9498,290.3498,298.5498,298.74982,297.74982,297.0498,295.3498,291.3498,292.74982,289.9498,287.3498,288.24982,289.9498,289.5498,290.6498,290.4498,290.0498,290.9498,288.3498,288.8498,286.4498,285.3498,284.0498,283.4498,282.9498,283.9498,282.8498,284.24982,285.0498,284.74982,284.6498,283.3498,284.1498,284.24982,285.0498,286.9498,284.6498,287.0498,286.24982,285.8498
