wind_kz.json
{"header": {"discipline":0,"disciplineName":"Meteorological products","gribEdition":2,"gribLength":1025,"center":7,"centerName":"US National Weather Service - NCEP(WMC)","subcenter":0,"refTime":"2023-09-22T12:00:00.000Z","significanceOfRT":1,"significanceOfRTName":"Start of forecast","productStatus":0,"productStatusName":"Operational products","productType":1,"productTypeName":"Forecast products","productDefinitionTemplate":0,"productDefinitionTemplateName":"Analysis/forecast at horizontal level/layer at a point in time","parameterCategory":2,"parameterCategoryName":"UnknownDiscipline_0_Category_2","parameterNumber":3,"parameterNumberName":"UnknownParameter_D0_C2_3","parameterUnit":"Unknown","genProcessType":2,"genProcessTypeName":"Forecast","forecastTime":300,"surface1Type":103,"surface1TypeName":"Specified height level above ground","surface1Value":10.0,"surface2Type":255,"surface2TypeName":"Missing","surface2Value":0.0,"gridDefinitionTemplate":0,"gridDefinitionTemplateName":"Latitude_Longitude","numberPoints":615,"shape":6,"shapeName":"Earth spherical with radius of 6,371,229.0 m","gridUnits":"degrees","resolution":48,"winds":"true","scanMode":64,"nx":41,"ny":15,"basicAngle":0,"lo1":47.0,"la1":41.0,"lo2":87.0,"la2":55.0,"dx":1.0,"dy":1.0}, "data":
[rows 0 to 14 of 15, columns 0 to 40 of 41]
0.39481935,-0.82518065,-1.8451806,-10.00518,-6.1251807,-2.7651806,-2.5651808,-0.44518065,-0.7851807,-0.9851807,-3.4751806,-1.5451807,-1.4751806,-1.8051807,-2.8151808,-3.2051806,-2.7051806,-1.1151806,-2.2551806,-1.8651806,-1.7251806,-1.9151807,1.8048193,-1.7951807,-1.5151807,-1.9051807,-1.5751806,1.2848194,2.6648192,2.2648194,-1.4151807,-0.23518066,0.68481934,-0.045180663,0.17481934,1.2648194,0.7648193,0.064819336,2.3748193,2.0348194,0.75481933
-2.5351806,-0.82518065,-5.8051805,-4.3051805,-4.715181,-4.445181,-2.8151808,-0.28518066,-1.2051806,-1.7751807,-1.2251806,-2.4751806,-2.4151807,-2.1951807,-3.8151808,-3.6551807,-2.2051806,-2.4851806,-2.4651806,-2.3851807,-2.3351808,-2.6951807,-1.0851806,1.8848194,0.39481935,-1.8251806,-2.5451806,1.5748193,0.19481933,1.8848194,3.1148193,3.1048193,-0.41518065,-1.9451807,-4.9151807,-1.9851806,-1.3151807,-2.3451807,-1.2051806,0.19481933,0.5248193
0.23481934,-3.4551806,-3.3051805,-4.0951805,-4.045181,-1.6151806,-1.6151806,-2.4751806,-1.0351807,-1.5451807,-1.3651806,-0.94518065,-1.6551807,-2.6751807,-2.9651806,-3.3151808,-2.3651807,-3.2251806,-3.1051807,0.19481933,0.91481936,-1.7051806,-1.3451806,0.66481936,0.7048193,0.28481933,0.23481934,0.34481934,-0.35518065,1.9948193,3.8348193,1.2948194,2.3548193,-1.1751807,-0.20518066,3.0148194,4.3248196,0.8948193,0.32481933,-0.81518066,-0.12518066
0.93481934,-0.26518068,-3.7351806,-3.2951806,-3.2151806,-1.5951806,-0.88518065,-0.7351807,-2.0251806,-1.5551807,-2.0751808,-2.4351807,-3.1851807,-2.7151806,-3.0951807,-3.6251807,-3.4651806,-3.6551807,-3.8251808,-2.6851807,-0.56518066,-0.015180664,-0.15518066,0.48481932,0.24481934,0.32481933,-0.8651807,-1.7151806,0.6348193,-0.93518066,-0.39518067,-0.9051807,-1.6751807,-0.9051807,-0.56518066,-3.1451807,-1.8051807,1.6748194,4.974819,1.3148193,0.32481933
1.4048194,0.004819336,0.27481934,-3.3751807,-1.9351807,-1.9351807,-1.0851806,0.19481933,1.3148193,0.014819336,-1.6351807,-1.7251806,-2.9151807,-3.5951807,-3.6551807,-2.9051807,-3.2451806,-3.5651808,-3.3351808,-3.2851806,-2.1651807,-1.6751807,-1.6151806,-1.3151807,-1.0351807,-1.2251806,-1.4151807,-0.9051807,-1.3151807,-2.4751806,-2.5951807,-0.06518067,1.6448194,1.3448193,0.08481934,-2.2951806,0.5748193,-1.9951806,-0.5951807,2.7548194,1.1148193
1.3048193,1.0948193,2.2448194,1.1848193,0.81481934,-2.7951806,-2.3451807,1.2148193,1.0748193,0.08481934,-1.4551806,-1.3351806,-3.4351807,-3.8951807,-3.2351806,-2.6751807,-2.9551806,-2.4551806,-2.7151806,-2.0351806,-3.1551807,-1.5551807,-1.2951807,-1.5051807,-1.1051806,-1.3551806,-1.4651806,-1.9051807,-1.7951807,-2.3751807,-2.9551806,-2.3351808,-1.2051806,-1.0151807,1.4348193,2.1348193,2.4648194,3.7848194,-1.3451806,-0.9051807,0.41481933
2.7448194,2.2348194,1.2748194,1.7048193,0.44481933,0.56481934,0.98481935,2.8048193,1.4848193,-0.31518066,-0.95518064,-0.9751807,-1.1151806,-2.5651808,-2.9551806,-3.2551806,-1.1651807,-1.2151806,-1.4651806,-1.9451807,-2.2351806,-1.3151807,-0.9851807,-0.8651807,-0.68518066,-0.6651807,-2.0451806,-2.0351806,-3.1851807,-3.3451807,-4.2051806,-5.5851808,-4.9751806,-1.8551806,-1.3151807,-1.8851807,-3.5651808,-2.6851807,0.8348193,0.11481933,0.41481933
2.0048194,3.1448193,2.0948193,0.48481932,0.8948193,1.2348193,1.0548193,2.0048194,1.9848193,0.41481933,1.6948193,1.4148194,-0.40518066,-1.0451807,-2.7951806,-2.3751807,-1.6051806,-0.94518065,-1.5651807,-1.0451807,-2.7951806,-1.3351806,-1.4651806,-0.09518066,0.54481936,0.56481934,0.7148193,-1.6751807,-1.8451806,-3.3651807,-3.3951807,-2.7751806,-4.2851806,-4.5851808,-1.3451806,-0.7951807,-1.2051806,0.6448193,-0.21518067,-0.015180664,-1.2451806
1.1048193,1.4648193,2.5248194,1.9848193,1.3348193,1.4448193,2.4648194,1.9848193,1.0448194,1.2648194,1.4148194,1.1848193,1.2548194,-0.9851807,-1.1551807,-1.6351807,-1.7451806,-0.6151807,-0.22518067,-0.36518067,-0.27518067,-2.0851808,-1.8151807,-0.6551807,0.22481933,1.1548194,0.28481933,-0.49518067,-0.81518066,-1.0651807,-1.8151807,-2.1751807,-1.0051807,-1.9751806,-1.0551807,-0.47518066,-1.9051807,0.19481933,-0.055180665,-0.6151807,-2.9051807
-2.6851807,-0.025180664,2.1548193,2.3048193,2.5448194,1.7548194,1.7248193,1.5948193,1.9648193,1.8848194,2.3348193,2.6048193,2.0948193,2.0448194,1.3048193,0.024819337,-0.075180665,-0.6551807,0.28481933,0.79481936,0.55481935,0.45481932,0.23481934,-0.15518066,-0.075180665,0.54481936,0.004819336,0.17481934,-0.46518067,-1.1551807,-0.48518068,0.37481934,0.26481932,-1.2451806,-1.1251807,0.49481934,0.22481933,-1.6451807,-1.3651806,0.29481933,2.0148194
-2.9151807,-3.0751808,0.004819336,1.7448193,2.1648192,2.6948195,2.7248194,2.1748192,1.1348194,1.0048194,1.8348193,2.4448195,3.0048194,2.6948195,1.7548194,1.5448194,0.53481936,-0.31518066,1.3748193,0.97481936,1.5648193,1.4048194,0.7148193,0.7648193,-0.015180664,0.25481933,-0.24518067,-0.55518067,-0.30518067,-0.21518067,0.72481936,1.4548193,1.4848193,0.43481934,-0.75518066,0.40481934,-0.28518066,1.3948194,1.1448194,1.5248194,-0.33518067
-1.4251807,-2.1951807,-2.0851808,-0.105180666,1.8848194,2.7948194,2.1948195,2.0948193,1.3648193,1.4548193,1.4448193,0.5748193,1.9148194,2.1948195,2.1148193,1.6248193,2.2248194,1.2048193,1.7348193,1.5248194,1.3548193,0.94481933,-0.12518066,0.054819334,0.104819335,-0.6151807,0.78481936,-0.5351807,-0.6051807,-0.48518068,0.29481933,0.43481934,1.4948193,2.4448195,1.2248193,-0.27518067,0.46481934,2.1148193,2.0148194,1.9348193,0.7648193
0.38481933,-0.09518066,-1.7151806,-0.39518067,-0.29518068,0.62481934,1.4448193,2.3948193,3.3948193,2.1948195,1.5148194,1.2648194,1.5448194,1.7548194,1.6148193,1.5848193,2.0048194,1.8048193,2.6448193,2.2648194,3.0048194,2.6648192,1.8348193,1.9548193,0.73481935,0.8448193,-0.14518066,-0.76518065,-0.51518065,0.32481933,0.6348193,0.7148193,0.79481936,2.7748194,3.0248194,2.9648194,2.2048194,1.1348194,1.6448194,0.66481936,0.28481933
1.7448193,1.7548194,0.9648193,0.60481936,0.064819336,-0.5451807,0.034819335,1.0848193,1.8348193,2.9048193,2.4048193,0.8848193,0.39481935,2.2648194,1.6048193,1.3748193,1.8448193,2.5748193,2.7548194,2.2148194,2.4748194,2.5648193,1.7648194,1.5348194,1.4848193,0.9048193,0.43481934,0.5748193,0.8448193,0.8848193,0.75481933,1.3048193,1.8948194,2.8448193,2.5548193,3.4048193,2.6648192,2.0548193,2.0948193,1.9348193,1.5348194
2.1648192,3.1148193,2.2848194,2.4048193,1.9248194,1.5548193,0.68481934,-0.035180666,-0.43518066,1.2348193,1.2948194,2.0248194,2.7348194,0.5748193,2.3648193,2.3848193,2.3448193,2.0648193,2.4148192,1.9448193,1.3048193,1.2348193,1.3148193,1.2648194,1.1548194,0.9648193,0.97481936,1.1948193,1.3648193,1.3248193,1.0148194,1.9148194,2.0248194,2.5048194,2.9248192,3.3948193,3.7148194,3.4048193,2.4248192,3.3248193,1.0848193
