wind_kz.json
{"header": {"discipline":0,"disciplineName":"Meteorological products","gribEdition":2,"gribLength":871,"center":7,"centerName":"US National Weather Service - NCEP(WMC)","subcenter":0,"refTime":"2023-09-27T00:00:00.000Z","significanceOfRT":1,"significanceOfRTName":"Start of forecast","productStatus":0,"productStatusName":"Operational products","productType":1,"productTypeName":"Forecast products","productDefinitionTemplate":0,"productDefinitionTemplateName":"Analysis/forecast at horizontal level/layer at a point in time","parameterCategory":0,"parameterCategoryName":"UnknownDiscipline_0_Category_0","parameterNumber":0,"parameterNumberName":"UnknownParameter_D0_C0_0","parameterUnit":"Unknown","genProcessType":2,"genProcessTypeName":"Forecast","forecastTime":300,"surface1Type":1,"surface1TypeName":"Ground or water surface","surface1Value":0.0,"surface2Type":255,"surface2TypeName":"Missing","surface2Value":0.0,"gridDefinitionTemplate":0,"gridDefinitionTemplateName":"Latitude_Longitude","numberPoints":615,"shape":6,"shapeName":"Earth spherical with radius of 6,371,229.0 m","gridUnits":"degrees","resolution":48,"winds":"true","scanMode":64,"nx":41,"ny":15,"basicAngle":0,"lo1":47.0,"la1":41.0,"lo2":87.0,"la2":55.0,"dx":1.0,"dy":1.0}, "data":
[rows 0 to 14 of 15, columns 0 to 40 of 41]
296.62772,286.8277,292.72772,292.62772,292.62772,291.8277,298.4277,300.8277,297.9277,298.62772,297.3277,297.62772,296.4277,295.9277,295.8277,294.9277,295.22772,294.0277,295.12772,295.22772,296.22772,294.3277,295.0277,290.8277,293.5277,295.0277,290.3277,278.4277,273.72772,274.8277,274.3277,272.3277,286.22772,294.22772,295.9277,295.5277,294.9277,293.8277,294.5277,295.12772,291.62772
272.62772,293.3277,292.12772,292.62772,292.3277,291.0277,299.8277,296.8277,295.5277,296.22772,297.4277,296.12772,296.72772,295.9277,295.12772,294.5277,293.8277,294.0277,292.5277,292.9277,293.22772,293.0277,291.0277,284.62772,273.62772,272.8277,285.0277,278.72772,279.9277,274.22772,278.12772,269.4277,276.12772,257.9277,276.3277,291.8277,289.0277,291.72772,294.4277,286.72772,284.0277
295.0277,291.9277,292.5277,292.3277,290.4277,296.12772,296.22772,295.5277,294.22772,294.0277,294.62772,296.0277,296.0277,295.72772,294.62772,293.8277,292.9277,292.0277,292.0277,292.22772,293.12772,292.8277,292.0277,286.22772,289.3277,286.72772,287.3277,286.12772,284.4277,277.9277,270.9277,272.22772,277.72772,278.12772,280.0277,280.9277,274.22772,275.9277,277.72772,273.9277,273.72772
297.72772,291.22772,292.22772,291.5277,291.72772,295.72772,295.72772,295.12772,295.62772,295.72772,295.0277,294.4277,289.62772,289.4277,294.8277,295.4277,293.4277,292.62772,292.72772,292.4277,291.0277,288.3277,292.12772,291.9277,292.62772,292.4277,292.5277,288.3277,286.8277,287.5277,287.12772,282.62772,286.3277,286.4277,287.0277,282.4277,276.4277,265.4277,280.0277,286.72772,290.9277
293.72772,290.5277,291.12772,290.0277,292.0277,296.72772,296.12772,298.12772,296.12772,294.9277,294.8277,293.4277,288.22772,287.4277,286.22772,294.12772,294.3277,292.8277,291.8277,292.0277,292.22772,292.5277,291.62772,291.12772,291.12772,291.0277,289.4277,288.3277,289.72772,288.8277,290.4277,285.9277,273.8277,269.0277,279.9277,289.5277,290.4277,294.0277,294.72772,294.3277,293.9277
293.0277,292.5277,289.3277,289.9277,289.9277,289.5277,296.3277,296.9277,295.72772,294.62772,294.72772,294.0277,288.62772,288.0277,289.8277,292.12772,293.3277,292.5277,292.0277,291.9277,290.9277,290.5277,290.22772,290.12772,289.72772,288.4277,289.3277,286.12772,290.12772,289.72772,287.8277,288.72772,286.9277,286.4277,285.3277,287.5277,280.12772,282.0277,288.9277,291.5277,291.5277
292.0277,293.4277,291.9277,293.9277,291.72772,293.4277,294.72772,294.12772,293.8277,293.62772,293.22772,292.62772,292.0277,292.3277,291.3277,291.5277,291.8277,292.12772,291.3277,290.22772,289.5277,290.22772,289.9277,289.62772,288.22772,287.9277,287.5277,288.9277,288.22772,288.0277,286.72772,286.12772,286.62772,286.72772,285.62772,285.3277,281.62772,281.62772,277.62772,276.22772,287.22772
296.8277,296.9277,295.5277,294.62772,293.3277,293.5277,293.62772,292.8277,291.8277,291.5277,290.8277,290.4277,290.5277,290.62772,291.5277,291.5277,291.12772,291.22772,290.5277,288.0277,287.72772,288.0277,288.12772,287.5277,286.22772,284.0277,283.8277,285.0277,283.3277,284.4277,283.12772,285.0277,283.8277,281.72772,283.0277,285.3277,288.72772,285.3277,288.5277,287.4277,284.12772
294.8277,294.4277,294.5277,293.4277,293.4277,294.0277,293.5277,292.62772,291.22772,290.3277,289.3277,288.9277,288.5277,290.0277,289.62772,290.62772,289.72772,289.8277,288.62772,287.5277,285.5277,285.22772,286.22772,286.3277,284.62772,284.4277,282.5277,281.62772,281.12772,279.5277,280.12772,281.62772,281.62772,282.9277,282.3277,284.72772,284.62772,284.12772,275.3277,273.4277,270.62772
292.4277,292.22772,292.5277,292.12772,291.9277,292.0277,292.0277,291.22772,290.8277,290.5277,289.4277,288.72772,289.4277,289.22772,289.0277,289.12772,289.3277,288.9277,288.12772,287.5277,285.8277,285.4277,286.0277,285.8277,285.3277,284.22772,283.9277,283.62772,282.12772,282.0277,281.62772,282.62772,284.5277,284.22772,284.5277,286.12772,284.3277,280.72772,279.4277,276.8277,273.72772
289.4277,289.3277,289.72772,289.72772,290.8277,290.0277,290.0277,290.12772,289.4277,288.8277,288.0277,288.0277,288.22772,287.0277,287.5277,287.8277,287.9277,288.4277,288.12772,285.8277,285.8277,285.4277,284.8277,285.0277,284.72772,284.3277,282.62772,284.5277,285.0277,285.62772,284.8277,284.5277,282.8277,284.4277,284.62772,286.12772,281.5277,279.9277,279.9277,281.22772,277.3277
276.0277,278.12772,281.22772,284.8277,288.0277,288.12772,287.72772,287.8277,288.5277,288.3277,286.12772,285.8277,286.8277,285.8277,285.9277,286.22772,286.0277,285.8277,286.12772,285.5277,284.62772,283.12772,282.62772,283.8277,283.22772,284.3277,284.62772,285.3277,285.8277,286.22772,285.5277,283.9277,283.22772,283.72772,284.22772,285.4277,286.12772,286.8277,286.72772,285.3277,283.4277
274.62772,275.4277,276.9277,277.22772,276.8277,277.72772,280.22772,283.0277,283.5277,284.12772,281.72772,280.9277,284.0277,282.9277,283.22772,284.22772,284.4277,284.12772,284.62772,283.62772,283.72772,283.22772,282.72772,282.22772,283.0277,284.4277,285.3277,285.0277,285.22772,285.4277,285.3277,284.62772,283.9277,282.4277,284.22772,284.0277,285.0277,286.0277,286.3277,286.4277,284.12772
278.9277,278.5277,281.8277,277.9277,277.3277,276.9277,277.22772,277.4277,279.4277,278.3277,275.72772,274.12772,277.0277,279.9277,281.22772,281.9277,281.8277,281.62772,282.0277,281.9277,281.8277,281.72772,282.0277,282.3277,283.12772,284.3277,284.62772,284.12772,284.3277,284.4277,284.5277,284.12772,283.62772,282.22772,282.4277,282.3277,283.5277,284.12772,285.9277,284.62772,284.22772
275.4277,278.3277,284.12772,278.4277,277.8277,277.0277,277.5277,278.0277,279.22772,278.5277,277.12772,275.22772,274.22772,276.3277,278.22772,279.3277,279.4277,279.72772,280.5277,280.3277,280.72772,280.5277,280.9277,280.8277,281.0277,281.12772,280.9277,283.12772,284.22772,282.9277,283.4277,283.62772,283.12772,282.9277,282.3277,282.72772,283.9277,283.72772,285.8277,286.3277,286.12772
