wind_kz.json
{"header": {"discipline":0,"disciplineName":"Meteorological products","gribEdition":2,"gribLength":1102,"center":7,"centerName":"US National Weather Service - NCEP(WMC)","subcenter":0,"refTime":"2025-04-06T06:00:00.000Z","significanceOfRT":1,"significanceOfRTName":"Start of forecast","productStatus":0,"productStatusName":"Operational products","productType":1,"productTypeName":"Forecast products","productDefinitionTemplate":0,"productDefinitionTemplateName":"Analysis/forecast at horizontal level/layer at a point in time","parameterCategory":2,"parameterCategoryName":"UnknownDiscipline_0_Category_2","parameterNumber":3,"parameterNumberName":"UnknownParameter_D0_C2_3","parameterUnit":"Unknown","genProcessType":2,"genProcessTypeName":"Forecast","forecastTime":0,"surface1Type":103,"surface1TypeName":"Specified height level above ground","surface1Value":10.0,"surface2Type":255,"surface2TypeName":"Missing","surface2Value":0.0,"gridDefinitionTemplate":0,"gridDefinitionTemplateName":"Latitude_Longitude","numberPoints":615,"shape":6,"shapeName":"Earth spherical with radius of 6,371,229.0 m","gridUnits":"degrees","resolution":48,"winds":"true","scanMode":64,"nx":41,"ny":15,"basicAngle":0,"lo1":47.0,"la1":41.0,"lo2":87.0,"la2":55.0,"dx":1.0,"dy":1.0}, "data":
[rows 0 to 14 of 15, columns 0 to 40 of 41]
-4.6420527,2.3979473,-1.6020526,-1.9420526,-0.4120526,0.7279474,9.247948,8.527947,6.7179475,5.497947,3.1279473,3.5879474,2.7879474,5.477947,6.5779476,4.7179475,2.8179474,0.037947387,-1.5220526,0.4079474,4.6679473,1.3479474,0.6279474,-2.8420527,-0.1420526,-1.3420526,-0.26205263,1.1679474,-0.72205263,-1.7220526,-3.6720526,-3.3820527,0.52794737,1.5579474,-2.6920526,-4.6520524,-2.4920526,-3.9520526,-0.4720526,1.9779474,1.3179474
6.307947,0.5679474,-3.1520526,-1.8020526,-2.3820527,0.96794736,8.617948,13.827947,10.977947,8.877948,5.8179474,6.4679475,7.1979475,5.767947,3.9679475,3.6679473,5.1379476,3.9179473,2.5879474,3.8979473,2.6179473,-0.6220526,-1.3120526,1.4179474,1.1079473,1.8979474,1.4679474,1.4879473,2.2479475,2.4679475,1.9779474,0.08794739,-0.3220526,-3.2620525,-0.5620526,-1.3420526,-4.3820524,-5.692053,-2.5220525,-2.9720526,1.3279474
-3.0620527,-7.7620525,-8.142053,-5.732053,-2.6020527,1.8279474,9.747948,14.217947,13.177947,9.877948,10.977947,5.7379475,3.0879474,8.037948,5.8379474,4.3479476,4.6279473,4.0479474,5.7179475,4.037947,1.8579473,1.7879474,-0.42205262,0.5679474,-0.5520526,-0.8020526,-0.4920526,-0.33205262,0.4679474,0.7479474,0.44794738,2.6379473,2.8379474,0.027947389,2.1479473,-1.2620527,-2.9520526,-0.1720526,-1.3920527,1.2179474,2.2179475
-2.7720525,-4.772053,-2.0620527,-3.8320527,0.45794737,5.1479473,8.507947,12.247947,11.367947,11.037947,9.027947,5.9479475,4.7579474,4.977947,5.6079473,7.037947,7.1779475,5.8479476,2.9779475,3.0679474,1.8679473,0.58794737,2.3079474,2.4179473,2.3279474,1.3279474,1.0779474,-0.42205262,0.19794738,0.5779474,0.3979474,0.9479474,1.1379474,-1.6320527,-0.4720526,1.5079474,1.9379474,2.7479475,-1.2620527,4.1579475,-0.012052612
-2.9120526,-4.7820525,-3.2320526,-4.0620527,-1.8720527,0.027947389,2.4279473,5.9679475,5.9579473,3.8879473,3.8179474,3.8379474,4.8879476,4.9479475,2.5679474,5.1279473,4.9479475,4.6179476,3.6179473,3.1679473,2.8379474,2.8579473,2.4279473,1.6879474,1.5879474,1.8479474,1.0379474,-0.26205263,1.4879473,0.9279474,0.23794739,-0.48205262,1.7979474,0.8979474,0.4679474,1.6579474,2.4579475,2.4479475,4.2579474,4.0679474,0.77794737
-4.2420526,-2.6220527,-3.6020527,-2.0320525,0.3779474,-0.13205262,-0.9520526,-1.9020526,0.04794739,-0.7120526,0.23794739,0.027947389,-0.1720526,-0.0020526124,3.0579474,3.4879475,3.5579474,2.6779473,3.1479473,3.5579474,5.1179476,4.8479476,3.7679474,1.9879473,1.7079474,1.4379474,1.4379474,-1.0720526,0.90794736,-0.04205261,0.037947387,-0.07205261,-0.0020526124,-0.22205262,-1.8220526,-2.9920526,-2.3720527,-3.6020527,-3.4520526,-1.0820526,2.5079474
-1.7520527,1.5279474,0.4279474,-0.18205261,3.4779475,2.5779474,6.2979474,5.037947,4.5279474,4.807947,3.0379474,2.4379473,5.3679476,3.7779474,2.2679474,2.4979475,2.8479474,2.9279473,3.1179473,4.5779476,4.4079475,4.2779474,3.8879473,2.5579474,1.9679474,1.7179474,1.4279474,1.7679474,1.6379474,0.83794737,1.2479473,1.2779474,0.19794738,1.7079474,0.35794738,-0.11205261,-0.66205263,2.7479475,-0.84205264,2.6779473,-1.3120526
-0.72205263,2.4879475,3.3779473,0.7879474,2.1479473,3.4779475,4.2079473,5.3579473,5.307947,4.267947,4.2379475,4.4679475,3.4379473,2.8979473,2.4679475,2.2979474,3.4779475,3.4079473,4.7179475,5.5679474,4.287947,3.1579473,2.5479474,3.6179473,3.0779474,2.5579474,1.5179474,1.5679474,0.84794736,2.0779474,1.3379474,1.2679474,2.3779473,2.1279473,2.4479475,-0.5620526,-1.7320526,-1.6520526,-0.5420526,-2.1220527,-0.6720526
2.6279473,2.0679474,3.8079474,3.1779473,1.8779473,1.5979474,0.9979474,1.2779474,1.8179474,2.1979475,3.8479474,4.6379476,5.1179476,4.1479473,4.0279474,3.6779473,4.037947,4.1679473,4.7579474,4.9579473,3.8379474,3.6679473,3.7779474,4.7979474,4.287947,3.2279475,2.5879474,2.3879473,1.3379474,0.16794738,1.7479473,2.4179473,1.9879473,2.5779474,2.8579473,3.3279474,-0.012052612,-1.1420527,-0.3220526,-1.5720526,0.19794738
3.3879473,1.9479474,1.3679473,2.5479474,3.9779475,3.3879473,2.8279474,2.1779473,2.7379475,2.9179473,3.4479475,3.3179474,3.2979474,4.017947,5.4679475,3.0379474,4.6779475,4.3679476,4.5979476,4.997947,4.6079473,3.3979473,3.2579474,4.3379474,3.3279474,3.3979473,3.0979474,2.1679473,1.6479474,1.3079474,1.3079474,0.7279474,1.1879474,3.3579473,4.4579473,3.1479473,1.7379473,1.1879474,1.5079474,1.1079473,2.3879473
1.2279474,2.2379475,0.8679474,0.9579474,3.1879473,3.4579475,4.3879476,4.2979474,4.4179473,4.0479474,4.537947,3.7279475,4.287947,3.5579474,3.3079474,3.9079473,4.7579474,4.8879476,5.0979476,4.7579474,4.017947,2.1079473,1.9479474,3.5079474,3.4879475,3.3579473,4.2579474,3.0079474,2.7379475,2.8779473,1.7979474,1.7079474,3.2879474,5.0779476,6.307947,5.767947,4.7779474,2.3979473,3.7379475,2.1479473,1.1979474
3.1279473,2.8679473,2.0179474,3.2179475,2.9979475,3.8779473,3.0579474,4.3879476,3.9479475,3.2079475,3.2079475,2.0579474,2.3879473,2.9079473,3.9479475,3.6779473,3.1479473,3.1479473,3.7279475,4.287947,4.1479473,3.3979473,2.5379474,2.6779473,2.9579475,3.4279473,3.9279473,3.7779474,3.6579473,2.8579473,3.3579473,4.3979473,4.227947,5.3179474,5.517947,7.6679473,6.6279473,5.017947,2.2379475,1.8579473,0.6979474
3.1779473,3.3879473,2.9179473,3.2279475,3.0979474,2.3779473,3.8679473,3.8179474,3.0379474,3.5279474,1.8579473,2.4979475,3.5279474,3.2379475,3.2479475,3.0379474,2.7779474,2.3179474,3.0779474,3.0079474,2.9079473,3.4579475,2.9579475,2.3979473,2.8579473,2.5279474,2.5279474,2.6479473,2.8679473,3.1779473,4.1279473,4.6179476,5.0079474,5.3179474,5.7979474,6.3279476,6.6479473,4.1179476,4.807947,4.6779475,3.0779474
2.1679473,1.2379473,0.7679474,1.9379474,2.0979474,2.1279473,0.58794737,1.4279474,0.9879474,3.4379473,2.3479474,1.9079474,2.7879474,3.8479474,2.0079474,2.3879473,2.0779474,1.5479474,1.3179474,1.1479474,0.8579474,1.6479474,1.1379474,0.5379474,0.3479474,0.3179474,1.2679474,2.2279475,3.1479473,3.0279474,3.4479475,4.2979474,4.6179476,4.8379474,4.5679474,5.1479473,4.8279476,5.1179476,5.017947,5.1079473,5.997947
-0.91205263,-1.6820526,-4.2920527,-1.9220526,-2.0320525,-0.9220526,0.10794739,0.3979474,-0.1720526,-0.6020526,-1.0420526,0.9179474,0.2779474,0.057947386,-0.20205261,0.5079474,-0.39205262,0.8979474,1.7379473,1.4179474,0.5079474,-0.45205262,-0.8020526,-0.8020526,-0.8920526,0.007947388,1.0379474,1.3779473,1.6179473,1.5779474,2.7579474,1.7379473,2.6079473,2.8879473,2.9279473,3.2179475,4.2779474,5.3479476,5.1679473,5.747947,4.7579474
