wind.json
{"header": {"discipline":0,"disciplineName":"Meteorological products","gribEdition":2,"gribLength":106064,"center":7,"centerName":"US National Weather Service - NCEP(WMC)","subcenter":0,"refTime":"2023-02-25T00:00:00.000Z","significanceOfRT":1,"significanceOfRTName":"Start of forecast","productStatus":0,"productStatusName":"Operational products","productType":1,"productTypeName":"Forecast products","productDefinitionTemplate":0,"productDefinitionTemplateName":"Analysis/forecast at horizontal level/layer at a point in time","parameterCategory":2,"parameterCategoryName":"Momentum","parameterNumber":2,"parameterNumberName":"U-component_of_wind","parameterUnit":"m.s-1","genProcessType":2,"genProcessTypeName":"Forecast","forecastTime":0,"surface1Type":103,"surface1TypeName":"Specified height level above ground","surface1Value":10.0,"surface2Type":255,"surface2TypeName":"Missing","surface2Value":0.0,"gridDefinitionTemplate":0,"gridDefinitionTemplateName":"Latitude_Longitude","numberPoints":65160,"shape":6,"shapeName":"Earth spherical with radius of 6,371,229.0 m","gridUnits":"degrees","resolution":48,"winds":"true","scanMode":64,"nx":360,"ny":181,"basicAngle":0,"lo1":0.0,"la1":-90.0,"lo2":359.0,"la2":90.0,"dx":1.0,"dy":1.0}, "data":
[rows 52 to 77 of 181, columns 295 to 353 of 360]
-4.250769,-2.620769,1.259231,-0.23076904,-0.18076904,-1.880769,-3.220769,-3.2307692,-6.000769,-5.260769,-5.320769,-5.270769,-4.790769,-5.930769,-5.730769,-5.050769,-4.200769,-4.3807693,-3.9807692,-3.380769,-1.8307691,-0.90076905,0.48923096,1.4392309,2.2292309,2.9992309,3.179231,3.689231,4.759231,5.829231,6.719231,6.909231,6.479231,7.179231,7.449231,8.079231,8.089231,8.169231,7.8892307,7.879231,8.079231,8.1292305,7.279231,7.559231,7.169231,8.509231,9.329231,9.749231,9.339231,8.169231,7.679231,7.219231,5.519231,5.1392307,4.3892307,4.069231,2.119231,2.2692308,3.0192308
-4.640769,-4.100769,-1.490769,0.20923096,-2.030769,-4.060769,-3.910769,-3.280769,-2.430769,-6.350769,-7.700769,-6.960769,-7.710769,-7.870769,-7.410769,-7.950769,-6.580769,-6.6107693,-5.440769,-4.790769,-4.1107693,-3.690769,-2.5007691,-1.020769,0.28923094,1.3092309,2.099231,2.2592309,3.089231,3.709231,4.939231,5.409231,5.229231,5.079231,5.559231,5.949231,6.329231,6.629231,7.129231,6.449231,5.849231,5.729231,6.059231,6.499231,7.219231,7.289231,7.959231,8.029231,8.259231,6.699231,6.949231,5.989231,4.1392307,4.219231,3.049231,2.309231,0.819231,1.639231,2.599231
-3.860769,-4.240769,-2.390769,-0.31076905,-0.55076903,-5.800769,-5.6307693,-2.680769,-6.930769,-7.390769,-6.810769,-5.740769,-6.080769,-8.580769,-8.820769,-9.710769,-8.240769,-9.070769,-8.820769,-7.040769,-6.100769,-5.400769,-5.100769,-4.090769,-2.9807692,-1.3307691,-0.17076904,0.12923096,0.029230958,0.91923094,1.879231,2.299231,2.909231,3.619231,3.799231,4.1192307,3.7492309,3.779231,3.879231,3.839231,3.789231,5.069231,5.509231,5.289231,5.409231,5.779231,6.179231,6.909231,5.439231,5.719231,6.049231,4.309231,3.0092309,2.299231,1.519231,0.38923097,0.73923093,0.569231,1.159231
-1.3107691,-2.410769,-1.6707691,0.17923096,-3.110769,-3.070769,-4.150769,-3.310769,-3.720769,-1.470769,-2.2307692,-5.980769,-5.920769,-7.440769,-9.580769,-9.610769,-10.580769,-9.690769,-9.560769,-8.540769,-8.190769,-8.560769,-7.270769,-7.150769,-6.520769,-5.1307693,-3.920769,-3.070769,-2.2407691,-1.890769,-1.250769,-0.76076907,0.039230958,0.90923095,1.019231,1.1992309,1.4292309,1.779231,2.079231,2.7292309,2.919231,2.809231,3.339231,3.719231,4.089231,4.009231,7.029231,4.759231,4.439231,4.579231,3.2292309,1.779231,2.4792309,1.789231,0.70923096,-0.70076907,0.32923096,-0.010769043,-1.230769
-3.920769,-1.1807691,0.039230958,-0.58076906,-4.780769,-5.890769,-0.67076904,-3.380769,-3.870769,-1.460769,-2.5107691,-1.090769,-5.150769,-7.470769,-10.360769,-11.320769,-11.970769,-10.650769,-9.720769,-10.150769,-10.520769,-9.630769,-8.880769,-8.240769,-8.390769,-7.290769,-6.820769,-6.170769,-5.070769,-4.8607693,-4.040769,-3.0007691,-2.5107691,-2.300769,-1.340769,-0.89076906,-0.22076905,0.039230958,-0.040769044,1.349231,1.4392309,1.539231,1.9592309,2.4992309,2.5092309,5.239231,3.539231,3.0092309,3.629231,2.819231,0.73923093,-0.27076903,-0.73076904,-0.20076904,-0.15076904,-3.080769,-0.940769,-1.5507691,-2.290769
-2.370769,-0.32076904,-0.37076905,-0.08076904,-3.870769,-1.4407691,-2.710769,0.089230955,-3.070769,-2.650769,-2.9807692,-1.9207691,-1.480769,-6.810769,-10.280769,-11.950769,-13.280769,-15.430769,-14.240769,-13.420769,-11.950769,-11.040769,-10.050769,-10.360769,-8.530769,-8.8707695,-8.160769,-7.690769,-6.760769,-5.980769,-5.430769,-4.640769,-4.000769,-2.7307692,-2.100769,-2.0107691,-1.4307691,-1.900769,-1.280769,-0.060769044,0.039230958,0.619231,1.089231,3.369231,4.049231,3.199231,3.679231,2.829231,2.199231,2.799231,1.129231,-1.990769,-2.9807692,-2.880769,-3.030769,-2.780769,-3.710769,-3.680769,-4.1307693
-4.3607693,3.459231,2.289231,-1.840769,-3.820769,-3.050769,-2.410769,-2.570769,-3.0107691,-2.820769,-3.120769,-2.540769,-1.9307691,-5.560769,-7.960769,-12.210769,-13.880769,-16.930769,-13.130769,-16.560768,-14.660769,-13.890769,-10.1207695,-11.380769,-9.100769,-9.3707695,-8.980769,-8.610769,-8.200769,-7.540769,-6.190769,-6.310769,-5.570769,-4.660769,-3.7307692,-3.460769,-3.160769,-2.870769,-2.2507691,-2.180769,-1.5607691,0.88923097,3.369231,3.7292309,2.2292309,3.449231,3.349231,1.5492309,1.409231,1.2992309,0.07923096,-0.91076905,-2.200769,-1.730769,-4.950769,-4.160769,-5.120769,-4.020769,-4.970769
-5.670769,2.839231,0.939231,0.46923095,-3.700769,-2.190769,-3.190769,-0.46076906,-3.150769,-3.300769,-2.7407691,-1.9307691,-1.7007691,-1.120769,0.47923097,2.029231,2.069231,-1.220769,-2.710769,-6.080769,-6.720769,-13.200769,-11.680769,-12.680769,-10.090769,-9.640769,-9.610769,-9.160769,-8.830769,-7.690769,-6.910769,-6.070769,-5.510769,-5.060769,-4.820769,-4.670769,-3.7607691,-3.070769,-0.050769042,2.639231,2.699231,2.7492309,1.769231,1.4392309,1.249231,2.129231,1.759231,0.019230956,-0.52076906,-1.0807691,-1.5707691,-2.960769,-4.780769,-5.310769,-5.750769,-5.820769,-6.710769,-6.410769,-6.720769
-4.620769,-2.470769,-1.9207691,-2.710769,-0.33076903,-2.330769,-0.70076907,-2.4907691,-1.6707691,-1.740769,-0.52076906,-2.550769,-1.630769,-0.30076903,1.8092309,-0.15076904,1.849231,-1.210769,-3.380769,-5.410769,-3.100769,-4.330769,-7.3607693,-8.1207695,-8.380769,-7.820769,-8.050769,-7.470769,-7.3807693,-7.300769,-8.130769,-4.290769,-3.9907691,-2.890769,-0.5707691,-1.0507691,0.18923096,0.809231,0.96923095,0.96923095,-0.13076904,-0.14076905,-0.61076903,0.569231,-0.44076905,-0.17076904,-0.89076906,-1.770769,-2.720769,-2.9907691,-2.920769,-4.990769,-5.6107693,-5.800769,-6.070769,-5.670769,-5.8807693,-5.830769,-5.3607693
-2.7707691,-4.490769,-3.680769,-2.200769,0.19923095,0.82923096,0.77923095,-3.400769,-3.560769,-0.51076907,-1.260769,-1.460769,-1.220769,0.119230956,-0.59076905,1.519231,1.2992309,-0.61076903,-2.110769,-3.570769,-2.930769,-3.780769,-3.660769,-3.370769,-4.540769,-5.230769,-5.220769,-5.310769,-5.350769,-5.390769,-3.850769,-3.650769,-3.280769,-4.520769,-2.2307692,-1.2907691,-1.4207691,-1.210769,-0.80076903,-0.940769,-0.37076905,0.089230955,0.23923096,-1.240769,-1.910769,-2.430769,-3.110769,-3.040769,-3.300769,-5.020769,-4.520769,-5.580769,-7.560769,-7.180769,-7.020769,-6.8807693,-7.080769,-6.310769,-5.740769
-2.430769,-3.610769,-2.600769,-2.940769,-0.11076904,0.94923097,-1.8107691,-2.030769,-1.370769,-0.030769043,-0.620769,-1.760769,-1.990769,-0.940769,0.66923094,-0.14076905,0.009230957,-1.210769,-2.720769,-5.340769,-4.540769,-4.780769,-4.740769,-5.8607693,-5.590769,-6.230769,-5.250769,-6.120769,-5.8607693,-5.140769,-5.510769,-4.650769,-4.420769,-4.470769,-4.060769,-4.000769,-3.2407691,-2.830769,-2.4907691,-2.120769,-2.420769,-2.300769,-2.4807692,-2.880769,-2.7507691,-3.380769,-3.350769,-3.970769,-4.640769,-4.350769,-4.960769,-5.810769,-5.750769,-6.850769,-7.180769,-7.520769,-7.8807693,-7.090769,-7.300769
-1.960769,-2.450769,-2.360769,-2.670769,-0.36076903,0.809231,-2.070769,-0.13076904,-2.090769,-0.49076903,0.07923096,1.0592309,-0.810769,-0.23076904,0.14923096,0.23923096,0.39923096,-2.940769,-2.570769,-4.570769,-6.040769,-6.100769,-6.480769,-6.790769,-6.400769,-6.120769,-5.980769,-6.200769,-5.660769,-6.8807693,-6.650769,-5.620769,-5.590769,-4.8807693,-5.340769,-5.100769,-4.850769,-4.070769,-3.830769,-3.860769,-4.050769,-3.930769,-3.910769,-3.790769,-4.180769,-4.180769,-4.100769,-4.350769,-3.720769,-2.820769,-2.710769,-2.7607691,-3.850769,-5.410769,-7.240769,-7.540769,-8.420769,-7.620769,-7.600769
-1.590769,-1.880769,-1.660769,-1.250769,-1.710769,-0.120769046,-0.80076903,-2.220769,-2.040769,-0.42076904,0.759231,-0.72076905,-0.18076904,0.10923096,0.88923097,0.17923096,1.249231,-5.010769,-3.180769,-1.2907691,-7.370769,-8.300769,-7.450769,-7.200769,-6.6307693,-5.810769,-5.6107693,-6.200769,-6.450769,-5.120769,-5.510769,-5.740769,-5.250769,-5.510769,-5.430769,-6.350769,-5.670769,-5.190769,-4.530769,-4.800769,-4.280769,-4.690769,-4.670769,-5.870769,-6.050769,-5.760769,-5.1307693,-4.440769,-3.0107691,-2.530769,-2.130769,-0.39076903,-0.07076904,-3.620769,-5.920769,-6.590769,-9.300769,-8.320769,-8.020769
0.26923096,-0.90076905,-2.5207691,0.07923096,-1.770769,-2.580769,-2.860769,-1.130769,-1.280769,-0.48076904,0.89923096,-0.85076904,0.059230957,-0.16076905,0.089230955,0.17923096,0.33923095,-0.35076904,-7.140769,-5.310769,-7.8607693,-8.520769,-8.670769,-7.190769,-6.470769,-5.920769,-6.000769,-6.270769,-5.980769,-5.080769,-5.470769,-5.990769,-5.8807693,-6.060769,-5.930769,-5.910769,-6.410769,-5.930769,-6.240769,-4.330769,-5.050769,-4.690769,-4.060769,-5.090769,-4.090769,-4.390769,-3.7307692,-2.600769,-2.280769,-1.840769,-0.620769,-0.65076905,-0.73076904,-2.850769,-3.360769,-5.450769,-7.200769,-9.010769,-7.8807693
2.569231,0.48923096,-2.4907691,-0.11076904,-1.780769,-2.940769,-1.9507691,-1.5607691,-0.19076905,-0.560769,0.17923096,-0.34076905,-0.5707691,-0.120769046,0.60923094,-0.49076903,0.89923096,1.0692309,0.9292309,1.029231,-5.600769,-9.860769,-9.550769,-7.580769,-6.740769,-6.730769,-6.440769,-5.970769,-3.920769,-4.450769,-6.370769,-6.510769,-6.460769,-6.470769,-6.790769,-6.090769,-5.270769,-5.800769,-5.560769,-5.870769,-5.400769,-4.620769,-4.530769,-3.330769,-3.800769,-3.7407691,-3.680769,-2.620769,-2.670769,-3.380769,-3.160769,-3.040769,-1.840769,-2.7707691,-3.120769,-3.930769,-4.960769,-7.660769,-8.070769
-1.0807691,0.939231,-2.940769,-1.630769,-2.7307692,-2.0207691,-2.5207691,-0.91076905,-0.53076905,-0.24076904,0.13923095,0.44923097,0.82923096,0.71923095,-0.26076904,-0.32076904,0.40923095,1.239231,0.29923096,0.60923094,-0.22076905,0.13923095,-4.420769,-8.130769,-5.930769,-6.8807693,-6.400769,-5.580769,-5.530769,-4.750769,-6.990769,-7.460769,-5.960769,-6.620769,-6.510769,-7.190769,-6.050769,-6.060769,-6.160769,-5.900769,-5.270769,-5.500769,-4.280769,-4.320769,-3.7307692,-4.120769,-3.920769,-3.200769,-3.090769,-3.370769,-3.560769,-2.840769,-2.570769,-2.570769,-4.050769,-3.7607691,-4.180769,-4.440769,-6.6107693
-3.450769,0.569231,-2.390769,-2.440769,-2.300769,-0.76076907,-0.25076905,-0.65076905,-0.77076906,-1.0407691,1.529231,1.1892309,0.46923095,0.119230956,0.32923096,0.009230957,1.759231,0.629231,-0.85076904,0.94923097,-0.70076907,0.27923095,-1.590769,-0.86076903,-3.5107691,-6.480769,-6.190769,-6.270769,-5.350769,-4.400769,-4.780769,-6.500769,-6.620769,-6.560769,-5.6307693,-6.410769,-6.750769,-6.210769,-6.240769,-6.330769,-5.720769,-5.400769,-5.1307693,-4.920769,-4.580769,-3.600769,-3.7707691,-3.5007691,-2.280769,-2.420769,-3.640769,-3.7507691,-3.400769,-3.150769,-2.400769,-2.030769,-3.440769,-5.190769,-4.040769
-4.1307693,0.70923096,-2.030769,-1.520769,-2.180769,-1.4507691,0.25923097,-1.2907691,-1.120769,-0.84076905,0.94923097,1.479231,-1.2007691,-0.36076903,-0.810769,0.63923097,0.91923094,0.009230957,-0.08076904,0.48923096,0.039230958,-1.590769,0.039230958,-0.51076907,-1.9207691,-5.780769,-5.030769,-4.230769,-5.3607693,-4.970769,-5.140769,-7.250769,-6.640769,-6.280769,-6.160769,-7.950769,-7.430769,-6.270769,-6.430769,-6.250769,-6.040769,-5.930769,-5.750769,-5.050769,-5.100769,-4.500769,-3.9907691,-3.710769,-3.690769,-3.670769,-3.720769,-3.140769,-3.640769,-3.880769,-4.180769,-3.280769,-2.880769,-3.810769,-5.090769
-2.460769,1.019231,-0.54076904,-0.55076903,0.24923095,-0.30076903,-0.20076904,-1.3007691,-1.760769,-1.5407691,-0.33076903,1.2092309,0.10923096,-0.560769,-1.490769,0.509231,0.029230958,-0.97076905,0.39923096,1.349231,1.2092309,-1.740769,-1.090769,-0.050769042,-1.6907691,-3.7607691,-4.400769,-5.240769,-5.370769,-5.310769,-4.640769,-6.270769,-6.490769,-5.120769,-5.660769,-5.830769,-7.350769,-7.270769,-6.060769,-6.750769,-5.590769,-5.170769,-5.980769,-5.1307693,-5.500769,-5.330769,-5.520769,-5.480769,-4.430769,-3.190769,-3.650769,-3.2407691,-3.810769,-3.860769,-4.080769,-4.430769,-3.330769,-2.5007691,-5.070769
1.0492309,-0.42076904,0.14923096,0.15923096,0.12923096,-1.160769,-0.21076904,-1.150769,-0.120769046,-1.1707691,-1.3007691,-0.79076904,0.09923096,-0.97076905,-0.8207691,0.059230957,-0.38076904,0.19923095,0.24923095,0.90923095,0.69923097,-1.600769,-0.91076905,-0.690769,-2.630769,-1.340769,-5.450769,-5.3607693,-4.870769,-5.150769,-4.410769,-5.780769,-5.660769,-5.720769,-5.010769,-5.3807693,-5.970769,-7.810769,-7.060769,-6.480769,-5.810769,-5.950769,-5.310769,-5.1307693,-5.580769,-5.170769,-5.010769,-4.850769,-3.900769,-3.850769,-3.850769,-3.780769,-4.190769,-4.370769,-4.000769,-4.250769,-3.410769,-4.580769,-3.7607691
-0.80076903,-0.28076905,0.749231,1.109231,-0.23076904,-0.27076903,-0.33076903,0.619231,0.559231,0.22923096,-1.410769,-1.150769,-0.090769045,-0.930769,0.119230956,-1.1807691,1.1792309,-1.400769,0.28923094,-0.70076907,-1.120769,-1.640769,-1.5607691,-1.210769,-1.5507691,-2.2507691,-5.960769,-4.920769,-5.180769,-5.520769,-5.570769,-5.340769,-5.960769,-5.660769,-6.150769,-6.100769,-5.900769,-6.060769,-7.460769,-7.020769,-6.550769,-6.030769,-6.000769,-5.700769,-5.320769,-5.490769,-4.730769,-5.030769,-4.8607693,-4.900769,-4.470769,-4.950769,-4.410769,-4.830769,-5.100769,-4.460769,-2.930769,-2.160769,-5.3607693
0.34923095,0.39923096,0.88923097,-0.33076903,-0.22076905,-0.740769,-0.40076905,-0.34076905,0.32923096,-0.86076903,-1.360769,0.45923096,0.629231,-0.23076904,-1.0507691,-0.91076905,-0.91076905,-0.29076904,-0.740769,-1.3207691,-0.18076904,-1.230769,-0.870769,-2.060769,-0.22076905,-0.80076903,-6.080769,-5.560769,-6.500769,-5.430769,-5.530769,-5.220769,-6.210769,-6.030769,-5.8607693,-6.350769,-5.910769,-5.300769,-5.710769,-7.250769,-6.580769,-6.840769,-6.440769,-5.660769,-5.6107693,-5.600769,-5.780769,-6.270769,-5.920769,-5.740769,-5.660769,-5.070769,-5.730769,-5.720769,-5.310769,-4.250769,-4.600769,-5.1107693,-5.820769
0.25923097,0.029230958,0.29923096,-0.11076904,-0.85076904,-1.410769,-0.48076904,-0.560769,-0.010769043,-0.66076905,0.569231,-0.28076905,-0.040769044,0.049230956,-0.38076904,-0.060769044,-1.030769,-0.37076905,-0.83076906,-0.45076904,0.43923095,-0.25076905,-1.8207691,-3.280769,-1.0707691,-2.2407691,-0.84076905,-5.910769,-6.000769,-6.6107693,-6.260769,-5.960769,-6.020769,-6.370769,-6.050769,-6.000769,-6.3607693,-6.330769,-6.8607693,-7.280769,-7.310769,-6.560769,-6.580769,-5.950769,-5.330769,-5.870769,-5.700769,-6.430769,-6.640769,-6.020769,-5.830769,-6.700769,-6.320769,-5.940769,-5.750769,-4.840769,-4.870769,-5.520769,-5.500769
-0.25076905,0.749231,0.12923096,-0.34076905,-0.36076903,0.07923096,-1.030769,1.089231,-1.2007691,-0.18076904,-0.59076905,1.219231,-0.690769,-0.97076905,-0.40076905,-0.8207691,-0.27076903,-0.60076904,-1.2007691,-2.160769,-0.39076903,0.089230955,-1.650769,-1.340769,-3.100769,-0.500769,-1.490769,-5.700769,-5.720769,-4.720769,-6.240769,-6.160769,-5.840769,-7.250769,-5.600769,-6.500769,-5.620769,-5.560769,-7.210769,-6.140769,-7.100769,-6.350769,-6.180769,-6.120769,-5.300769,-6.050769,-5.990769,-6.420769,-6.550769,-6.390769,-5.930769,-5.650769,-5.640769,-6.350769,-6.080769,-5.680769,-5.370769,-5.590769,-5.910769
-0.870769,0.569231,0.119230956,-0.030769043,-1.230769,-0.27076903,-0.66076905,-0.54076904,-0.36076903,-0.020769043,0.70923096,-1.960769,-1.630769,-0.08076904,-0.78076905,-1.230769,-1.090769,0.16923095,1.349231,-2.2607691,-0.120769046,-0.020769043,-1.610769,-2.070769,-3.850769,-1.220769,-2.560769,-5.1107693,-4.810769,-6.060769,-5.740769,-6.050769,-6.220769,-6.800769,-5.960769,-6.120769,-4.720769,-5.250769,-4.940769,-5.810769,-5.570769,-5.570769,-5.1307693,-6.170769,-6.090769,-6.540769,-6.190769,-5.600769,-6.1307693,-6.600769,-5.8607693,-6.090769,-5.140769,-6.830769,-6.050769,-5.930769,-5.490769,-5.960769,-6.310769
-0.680769,-0.620769,0.29923096,0.44923097,-0.560769,-0.18076904,-0.040769044,-0.54076904,-0.60076904,-0.120769046,0.25923097,-0.690769,-1.4207691,-0.97076905,-1.110769,-0.77076906,0.10923096,-0.27076903,-0.14076905,-1.890769,-0.44076905,1.0792309,-2.630769,-2.940769,-1.0507691,-2.890769,-0.84076905,-4.950769,-5.140769,-5.180769,-5.270769,-5.310769,-5.940769,-6.480769,-6.410769,-6.230769,-5.670769,-5.070769,-4.820769,-5.430769,-5.680769,-5.070769,-5.200769,-6.300769,-6.150769,-5.850769,-5.450769,-5.620769,-5.570769,-7.020769,-6.540769,-5.550769,-5.660769,-6.870769,-6.600769,-6.150769,-6.520769,-5.920769,-6.330769
