wind_kz.json
{"header": {"discipline":0,"disciplineName":"Meteorological products","gribEdition":2,"gribLength":794,"center":7,"centerName":"US National Weather Service - NCEP(WMC)","subcenter":0,"refTime":"2023-09-21T12:00:00.000Z","significanceOfRT":1,"significanceOfRTName":"Start of forecast","productStatus":0,"productStatusName":"Operational products","productType":1,"productTypeName":"Forecast products","productDefinitionTemplate":0,"productDefinitionTemplateName":"Analysis/forecast at horizontal level/layer at a point in time","parameterCategory":2,"parameterCategoryName":"UnknownDiscipline_0_Category_2","parameterNumber":3,"parameterNumberName":"UnknownParameter_D0_C2_3","parameterUnit":"Unknown","genProcessType":2,"genProcessTypeName":"Forecast","forecastTime":300,"surface1Type":103,"surface1TypeName":"Specified height level above ground","surface1Value":10.0,"surface2Type":255,"surface2TypeName":"Missing","surface2Value":0.0,"gridDefinitionTemplate":0,"gridDefinitionTemplateName":"Latitude_Longitude","numberPoints":615,"shape":6,"shapeName":"Earth spherical with radius of 6,371,229.0 m","gridUnits":"degrees","resolution":48,"winds":"true","scanMode":64,"nx":41,"ny":15,"basicAngle":0,"lo1":47.0,"la1":41.0,"lo2":87.0,"la2":55.0,"dx":1.0,"dy":1.0}, "data":
[rows 0 to 14 of 15, columns 0 to 40 of 41]
0.35110474,-2.4488952,0.051104736,-3.7488952,-3.2488952,-0.44889528,2.0511048,1.5511048,0.5511047,1.5511048,1.8511047,1.9511048,1.6511047,0.85110474,-0.34889525,-1.5488952,-2.2488952,-0.84889525,-1.5488952,-0.9488953,-0.64889526,2.0511048,-0.14889526,-1.2488953,-1.2488953,-0.9488953,-0.84889525,0.65110475,2.3511047,3.5511048,2.0511048,2.5511048,0.051104736,-0.9488953,0.45110473,0.95110476,2.1511047,2.8511047,2.3511047,1.6511047,-2.4488952
4.3511047,0.35110474,-3.5488954,-2.3488953,1.7511047,4.251105,3.0511048,5.4511046,2.5511048,2.2511048,1.4511048,1.7511047,0.45110473,0.85110474,-0.9488953,-0.84889525,0.65110475,-2.0488954,-2.7488952,-3.0488954,-2.7488952,-2.4488952,2.0511048,1.2511047,0.25110474,0.25110474,-1.0488952,1.2511047,0.051104736,1.7511047,3.8511047,5.0511045,1.3511047,-0.048895262,0.85110474,0.45110473,0.65110475,0.65110475,-1.1488953,-2.3488953,0.45110473
-0.14889526,-4.848895,-5.1488953,-3.3488953,4.751105,4.651105,3.9511046,2.1511047,3.2511048,2.5511048,2.9511046,2.1511047,1.0511048,0.65110475,0.35110474,-0.64889526,-0.84889525,-0.24889526,-1.7488953,-3.0488954,-1.2488953,-2.0488954,-3.6488953,-1.3488953,-0.24889526,-0.34889525,-0.44889528,0.25110474,-0.24889526,1.1511047,3.7511048,2.1511047,1.8511047,-1.0488952,-0.34889525,3.4511046,5.3511047,1.2511047,0.65110475,0.7511047,0.85110474
-1.7488953,-4.348895,-4.1488953,2.1511047,2.6511047,4.251105,3.4511046,3.5511048,2.7511048,2.0511048,1.6511047,0.95110476,1.3511047,1.5511048,1.0511048,0.15110473,0.35110474,-1.3488953,-1.7488953,-3.6488953,-2.2488952,-1.9488952,2.4511046,-0.44889528,-1.5488952,-2.3488953,-2.9488952,-2.7488952,0.35110474,-1.5488952,-0.64889526,-0.24889526,-0.24889526,-0.24889526,-0.34889525,-3.8488953,-1.1488953,1.6511047,0.15110473,0.65110475,0.051104736
-1.8488953,-3.0488954,-3.2488952,1.1511047,2.5511048,2.5511048,2.7511048,4.3511047,2.6511047,1.8511047,1.2511047,-0.24889526,-0.24889526,-0.64889526,-0.84889525,-0.7488953,-0.84889525,-0.34889525,0.65110475,-0.64889526,0.45110473,1.0511048,0.25110474,-0.14889526,-1.1488953,-2.5488954,-2.8488953,-1.4488952,-2.0488954,-3.0488954,-2.3488953,0.25110474,1.6511047,1.8511047,-1.0488952,-1.8488953,1.5511048,-1.9488952,-1.1488953,-0.9488953,-1.3488953
-1.9488952,-1.8488953,2.4511046,3.0511048,4.3511047,4.151105,3.1511047,2.8511047,2.4511046,1.6511047,0.15110473,0.15110473,-2.1488953,-2.7488952,-2.2488952,-2.4488952,-2.5488954,-1.3488953,1.6511047,2.8511047,2.3511047,1.6511047,1.8511047,-0.44889528,-1.3488953,-2.6488953,-3.8488953,-4.0488954,-1.5488952,-1.8488953,-2.8488953,-1.7488953,-1.0488952,0.65110475,1.9511048,9.451105,3.0511048,3.5511048,-0.048895262,-2.0488954,-2.1488953
1.0511048,1.4511048,0.7511047,2.8511047,3.9511046,3.4511046,3.5511048,2.5511048,1.6511047,1.8511047,0.15110473,-0.048895262,-0.7488953,-2.2488952,-2.3488953,-2.8488953,-2.1488953,-2.3488953,1.2511047,1.8511047,1.0511048,2.9511046,3.0511048,2.5511048,0.25110474,-1.4488952,-3.5488954,-3.6488953,-4.748895,-2.9488952,-3.6488953,-4.5488954,-4.748895,-2.5488954,-1.7488953,-1.6488953,-3.4488952,-1.7488953,1.5511048,1.1511047,0.85110474
1.4511048,0.95110476,1.2511047,2.9511046,2.8511047,4.151105,5.3511047,4.151105,2.8511047,1.3511047,0.95110476,0.5511047,-0.9488953,-1.4488952,-2.9488952,-3.2488952,-2.1488953,-0.44889528,-0.34889525,2.9511046,1.2511047,-0.14889526,-2.2488952,1.5511048,3.2511048,1.2511047,0.95110476,-1.8488953,-2.2488952,-4.5488954,-3.3488953,-2.8488953,-2.6488953,-4.1488953,-0.048895262,0.051104736,-1.9488952,0.65110475,-1.1488953,-0.14889526,-1.9488952
0.95110476,0.7511047,1.2511047,0.5511047,4.0511045,3.0511048,2.5511048,3.2511048,2.7511048,2.1511047,1.3511047,0.85110474,-0.048895262,-1.5488952,-2.5488954,-3.5488954,-3.3488953,-1.9488952,0.25110474,3.8511047,2.1511047,0.15110473,-1.5488952,-2.0488954,2.8511047,3.4511046,1.1511047,0.5511047,0.5511047,0.25110474,-0.64889526,-1.8488953,-0.34889525,-1.1488953,-0.14889526,0.85110474,-2.7488952,-0.14889526,1.2511047,0.65110475,-1.6488953
0.7511047,1.0511048,1.8511047,1.7511047,2.8511047,4.251105,4.3511047,4.251105,3.3511047,2.7511048,3.0511048,2.3511047,1.4511048,-0.24889526,-1.6488953,-2.9488952,-3.1488953,-3.3488953,-2.1488953,-0.34889525,0.65110475,-0.048895262,-1.4488952,-2.1488953,2.3511047,2.1511047,1.1511047,0.65110475,0.35110474,0.45110473,2.1511047,0.7511047,0.25110474,-1.0488952,-0.44889528,0.25110474,0.15110473,-2.4488952,-0.7488953,2.4511046,3.1511047
0.65110475,1.5511048,1.4511048,0.95110476,0.25110474,2.7511048,3.4511046,2.7511048,3.2511048,2.3511047,2.5511048,2.0511048,2.9511046,2.3511047,0.35110474,-0.7488953,-1.7488953,-1.7488953,-0.84889525,-0.7488953,-0.54889524,-0.84889525,-2.0488954,-1.7488953,0.25110474,2.0511048,0.25110474,1.5511048,1.3511047,2.6511047,2.2511048,1.5511048,0.45110473,-0.44889528,-0.84889525,0.25110474,0.25110474,1.8511047,1.6511047,1.6511047,-0.34889525
0.95110476,1.8511047,2.1511047,2.5511048,2.0511048,2.7511048,2.1511047,1.8511047,0.95110476,1.2511047,0.7511047,0.45110473,1.5511048,2.0511048,2.2511048,1.7511047,1.2511047,0.25110474,0.5511047,0.65110475,0.45110473,-0.64889526,-1.0488952,-1.6488953,-0.54889524,0.25110474,0.65110475,2.5511048,2.8511047,2.5511048,2.1511047,2.2511048,1.1511047,0.85110474,0.051104736,-0.7488953,0.051104736,1.7511047,1.7511047,1.7511047,0.7511047
2.7511048,2.4511046,3.1511047,3.2511048,2.6511047,1.8511047,1.6511047,1.9511048,2.5511048,1.2511047,0.15110473,0.7511047,1.0511048,1.4511048,1.2511047,2.0511048,1.9511048,1.3511047,0.95110476,1.1511047,1.2511047,1.3511047,1.0511048,0.95110476,0.35110474,1.5511048,2.0511048,2.6511047,2.8511047,2.6511047,2.5511048,2.4511046,1.9511048,1.6511047,1.5511048,1.2511047,0.95110476,0.85110474,1.4511048,1.0511048,0.65110475
3.4511046,3.4511046,3.8511047,3.4511046,1.8511047,2.0511048,1.9511048,3.0511048,2.1511047,2.4511046,1.1511047,0.15110473,-0.54889524,1.0511048,0.95110476,1.6511047,2.0511048,2.3511047,2.4511046,1.7511047,1.5511048,1.6511047,1.1511047,0.95110476,0.95110476,1.5511048,2.0511048,2.3511047,2.4511046,2.5511048,2.3511047,2.3511047,2.4511046,2.3511047,1.3511047,1.6511047,1.5511048,1.4511048,1.4511048,1.7511047,2.1511047
2.2511048,3.4511046,3.4511046,3.3511047,3.5511048,3.4511046,3.3511047,2.5511048,2.7511048,1.8511047,0.7511047,1.7511047,2.3511047,0.051104736,1.7511047,2.0511048,2.0511048,1.7511047,2.2511048,1.8511047,1.9511048,1.9511048,1.7511047,1.5511048,1.4511048,1.7511047,1.9511048,2.1511047,2.1511047,2.2511048,2.1511047,2.7511048,2.3511047,2.2511048,2.4511046,2.1511047,2.2511048,3.1511047,2.3511047,3.0511048,1.6511047
