wind_kz.json
{"header": {"discipline":0,"disciplineName":"Meteorological products","gribEdition":2,"gribLength":1025,"center":7,"centerName":"US National Weather Service - NCEP(WMC)","subcenter":0,"refTime":"2023-09-21T18:00:00.000Z","significanceOfRT":1,"significanceOfRTName":"Start of forecast","productStatus":0,"productStatusName":"Operational products","productType":1,"productTypeName":"Forecast products","productDefinitionTemplate":0,"productDefinitionTemplateName":"Analysis/forecast at horizontal level/layer at a point in time","parameterCategory":2,"parameterCategoryName":"UnknownDiscipline_0_Category_2","parameterNumber":2,"parameterNumberName":"UnknownParameter_D0_C2_2","parameterUnit":"Unknown","genProcessType":2,"genProcessTypeName":"Forecast","forecastTime":300,"surface1Type":103,"surface1TypeName":"Specified height level above ground","surface1Value":10.0,"surface2Type":255,"surface2TypeName":"Missing","surface2Value":0.0,"gridDefinitionTemplate":0,"gridDefinitionTemplateName":"Latitude_Longitude","numberPoints":615,"shape":6,"shapeName":"Earth spherical with radius of 6,371,229.0 m","gridUnits":"degrees","resolution":48,"winds":"true","scanMode":64,"nx":41,"ny":15,"basicAngle":0,"lo1":47.0,"la1":41.0,"lo2":87.0,"la2":55.0,"dx":1.0,"dy":1.0}, "data":
[rows 0 to 14 of 15, columns 0 to 40 of 41]
0.842561,0.61256105,-1.447439,-0.597439,2.312561,2.242561,2.342561,-1.017439,-5.197439,-3.087439,-2.177439,-1.3474389,-2.157439,-3.107439,-2.747439,-2.0274389,-1.667439,-2.887439,-2.997439,-3.907439,-2.107439,-1.2474389,1.212561,0.712561,-3.487439,-3.267439,-0.99743897,-1.667439,-0.58743894,-0.917439,-1.917439,1.3925611,0.12256104,-0.43743896,-0.15743896,0.762561,1.582561,0.012561035,0.31256104,-0.597439,-2.457439
-0.94743896,-1.457439,0.102561034,1.2725611,0.42256105,-1.2274389,-3.827439,-1.567439,-3.597439,-3.8074389,-3.0574389,-2.897439,-2.967439,-2.367439,-2.187439,-0.70743895,-1.8574389,-3.437439,-1.407439,-1.027439,0.67256105,1.092561,1.552561,1.992561,-0.29743898,0.14256103,1.0225611,-1.157439,1.372561,0.56256104,0.762561,0.022561036,-0.55743897,0.68256104,0.49256104,0.892561,0.652561,-0.82743895,1.322561,-1.3474389,-0.42743897
-0.667439,-0.48743898,-0.34743896,-2.457439,-2.957439,-5.327439,-5.237439,-3.847439,-4.187439,-3.437439,-3.997439,-4.347439,-3.317439,-2.267439,-2.3074389,-2.317439,-3.8074389,-1.587439,-0.74743897,-0.917439,-3.247439,-2.737439,-2.167439,-4.397439,-0.89743894,-1.557439,-2.357439,-1.8474389,2.362561,-0.41743895,0.772561,-1.8674389,-1.767439,-1.127439,-0.927439,0.98256105,-0.32743895,0.102561034,-0.0074389647,0.772561,-0.787439
-2.2974389,-1.127439,-0.95743895,-2.247439,-2.457439,-2.227439,-1.397439,-2.477439,-3.607439,-4.147439,-3.957439,-3.827439,-1.767439,-1.417439,-2.127439,-3.207439,-3.2974389,-2.647439,-3.237439,-2.2974389,0.15256104,-1.677439,-2.617439,-3.877439,-4.887439,-4.827439,-3.817439,-4.367439,-3.217439,-1.6074389,-0.25743896,-1.767439,-3.667439,-0.45743898,-0.52743894,0.49256104,0.902561,-0.25743896,-1.697439,-1.177439,-0.94743896
-0.13743897,0.74256104,1.342561,0.93256104,0.39256105,-0.977439,-2.217439,-1.957439,-3.5574389,-3.117439,-2.837439,-2.0274389,-2.137439,-2.7774389,-3.3074389,-2.917439,-2.637439,-2.667439,-3.677439,-4.447439,-4.327439,-2.877439,-3.947439,-4.167439,-4.447439,-3.907439,-4.127439,-1.6074389,-1.157439,-2.3074389,-2.457439,-0.40743896,2.332561,0.81256104,-2.957439,-1.9674389,-1.7274389,-2.947439,-2.507439,-1.447439,0.74256104
0.75256103,1.582561,1.6425611,1.452561,-1.197439,-2.617439,-2.427439,-2.367439,-1.897439,-3.0374389,-2.417439,-2.827439,-3.197439,-3.757439,-2.577439,-3.0374389,-3.0274389,-2.947439,-3.837439,-2.7874389,-4.337439,-3.397439,-2.757439,-3.7874389,-4.017439,-3.507439,-2.407439,-1.257439,-2.647439,-3.5374389,-4.037439,-2.167439,0.512561,-0.06743897,-0.49743897,1.7725611,-0.32743895,-0.52743894,-1.787439,-1.337439,-3.077439
2.6925611,2.522561,2.352561,1.682561,-0.52743894,-1.027439,-1.0974389,-1.407439,-1.317439,-1.577439,-1.5974389,-1.937439,-1.817439,-2.627439,-2.627439,-1.837439,-1.897439,-2.117439,-2.257439,-3.467439,-3.637439,-3.487439,-3.167439,-2.067439,-2.817439,-2.007439,-2.727439,-3.687439,-4.317439,-2.627439,-1.7474389,-2.267439,-2.707439,-2.497439,-1.877439,-0.24743897,0.61256105,-2.087439,1.7725611,-0.41743895,-0.08743896
3.292561,3.382561,3.482561,2.492561,0.56256104,-0.117438965,-0.50743896,-0.68743896,-0.58743894,-0.57743895,-0.037438966,0.13256103,-0.26743898,-0.20743896,-0.047438964,-0.28743896,-0.64743894,-1.387439,-1.3574389,-1.757439,-2.577439,-2.757439,-2.5274389,-1.937439,-1.157439,-0.74743897,-1.657439,-2.0374389,-3.647439,-2.5474389,-3.077439,-2.517439,-2.847439,-3.717439,-1.777439,-2.437439,-0.737439,1.0325611,1.4025611,1.742561,2.422561
4.192561,3.502561,2.4725611,2.532561,2.002561,1.2525611,1.3825611,0.79256105,1.102561,1.202561,0.642561,1.1425611,0.94256103,1.0125611,1.042561,0.32256103,-0.08743896,-0.057438966,-0.48743898,-0.537439,-0.51743895,-0.677439,-1.437439,-1.837439,-1.147439,-0.93743896,-0.44743896,0.31256104,0.19256103,0.16256103,-0.48743898,-0.847439,-2.317439,-2.197439,-1.797439,0.032561034,0.19256103,0.15256104,1.2625611,-0.077438965,1.0125611
0.47256103,5.282561,4.642561,3.752561,3.882561,4.012561,3.082561,2.882561,2.392561,2.502561,2.9725611,3.112561,2.9525611,2.062561,2.532561,1.862561,1.842561,1.7725611,1.422561,1.092561,1.172561,1.042561,0.56256104,0.97256106,0.702561,0.45256102,0.85256106,0.80256104,1.682561,2.062561,1.592561,1.182561,0.38256103,0.15256104,-0.607439,-1.817439,0.99256104,-0.19743897,1.862561,0.632561,0.48256102
0.28256103,0.80256104,4.232561,5.482561,4.752561,3.682561,4.562561,4.942561,4.402561,4.232561,3.642561,4.442561,3.882561,4.482561,4.362561,4.012561,3.622561,4.112561,2.832561,3.2025611,3.302561,2.792561,2.772561,2.332561,2.312561,2.532561,2.9725611,2.282561,2.482561,2.562561,2.2125611,2.002561,1.812561,1.582561,0.79256105,0.33256105,0.61256105,0.37256104,0.62256104,-0.46743897,1.2525611
2.792561,0.81256104,3.132561,3.092561,6.642561,4.682561,4.112561,3.652561,4.362561,4.332561,3.572561,5.862561,4.912561,4.662561,5.142561,4.512561,4.562561,4.772561,3.492561,4.462561,4.212561,4.152561,3.762561,3.632561,4.0925612,4.412561,4.442561,4.632561,3.882561,3.1925611,2.872561,3.142561,2.7025611,2.822561,2.522561,2.602561,2.752561,2.102561,1.122561,0.92256105,0.13256103
3.382561,3.4725611,2.372561,3.352561,2.502561,4.152561,5.242561,4.602561,5.742561,2.632561,1.7725611,4.292561,4.412561,5.502561,5.852561,5.902561,5.5725613,5.282561,3.792561,4.952561,4.3225613,4.662561,4.942561,5.172561,5.652561,5.242561,5.482561,4.712561,5.122561,4.852561,4.462561,4.392561,4.062561,3.982561,4.382561,4.042561,3.6925611,2.052561,3.132561,2.552561,2.012561
4.422561,4.952561,4.652561,4.132561,3.382561,2.302561,2.9425611,3.662561,4.562561,3.302561,2.522561,2.822561,5.412561,5.472561,5.682561,5.922561,5.882561,5.642561,5.042561,5.552561,5.462561,5.832561,6.382561,6.0725613,5.792561,5.412561,5.032561,5.302561,5.182561,5.282561,5.412561,5.442561,5.032561,4.722561,4.212561,4.3425612,3.552561,3.792561,3.802561,2.912561,3.052561
4.042561,5.282561,5.932561,4.3425612,4.5725613,3.4525611,4.242561,3.162561,2.042561,2.602561,1.872561,4.892561,3.782561,2.2025611,5.382561,5.532561,5.8225613,6.002561,5.422561,6.062561,6.162561,6.362561,6.012561,6.192561,6.062561,5.892561,6.202561,6.3425612,6.352561,6.382561,6.402561,6.352561,6.022561,6.012561,5.982561,6.232561,4.932561,5.772561,5.462561,5.032561,1.8825611
