wind_kz.json
{"header": {"discipline":0,"disciplineName":"Meteorological products","gribEdition":2,"gribLength":871,"center":7,"centerName":"US National Weather Service - NCEP(WMC)","subcenter":0,"refTime":"2023-08-24T00:00:00.000Z","significanceOfRT":1,"significanceOfRTName":"Start of forecast","productStatus":0,"productStatusName":"Operational products","productType":1,"productTypeName":"Forecast products","productDefinitionTemplate":0,"productDefinitionTemplateName":"Analysis/forecast at horizontal level/layer at a point in time","parameterCategory":0,"parameterCategoryName":"UnknownDiscipline_0_Category_0","parameterNumber":0,"parameterNumberName":"UnknownParameter_D0_C0_0","parameterUnit":"Unknown","genProcessType":2,"genProcessTypeName":"Forecast","forecastTime":300,"surface1Type":1,"surface1TypeName":"Ground or water surface","surface1Value":0.0,"surface2Type":255,"surface2TypeName":"Missing","surface2Value":0.0,"gridDefinitionTemplate":0,"gridDefinitionTemplateName":"Latitude_Longitude","numberPoints":615,"shape":6,"shapeName":"Earth spherical with radius of 6,371,229.0 m","gridUnits":"degrees","resolution":48,"winds":"true","scanMode":64,"nx":41,"ny":15,"basicAngle":0,"lo1":47.0,"la1":41.0,"lo2":87.0,"la2":55.0,"dx":1.0,"dy":1.0}, "data":
[rows 0 to 14 of 15, columns 0 to 40 of 41]
302.44308,291.94308,296.1431,299.44308,299.6431,298.5431,308.5431,318.34308,317.5431,317.7431,317.44308,317.6431,316.94308,317.2431,316.6431,316.2431,314.94308,314.34308,315.44308,314.94308,315.6431,312.5431,311.84308,307.34308,309.7431,311.7431,306.5431,291.0431,287.84308,286.6431,285.2431,279.44308,294.34308,302.2431,306.44308,307.84308,306.6431,306.6431,305.84308,305.84308,306.0431
286.0431,293.94308,299.0431,299.34308,299.34308,297.94308,315.5431,316.0431,315.34308,315.94308,317.84308,317.44308,316.5431,315.1431,316.0431,316.34308,315.1431,315.34308,313.1431,314.34308,314.1431,312.7431,310.7431,300.84308,290.7431,289.2431,300.0431,290.84308,292.2431,283.34308,289.0431,275.5431,284.0431,271.1431,284.6431,302.0431,301.94308,304.0431,307.44308,299.44308,286.6431
309.2431,298.44308,298.94308,298.94308,297.84308,310.6431,313.2431,312.6431,313.84308,315.1431,316.5431,317.34308,315.94308,315.34308,316.44308,315.84308,314.5431,311.94308,312.7431,313.0431,313.34308,312.0431,311.6431,305.0431,310.0431,307.6431,309.84308,307.7431,305.84308,294.2431,284.34308,280.6431,292.6431,292.44308,289.2431,286.44308,282.1431,286.1431,287.0431,284.2431,282.34308
310.5431,299.0431,298.94308,298.34308,300.1431,309.7431,308.2431,313.84308,315.5431,314.34308,315.0431,312.84308,295.34308,295.5431,311.7431,314.34308,313.84308,313.1431,312.94308,312.84308,311.44308,307.44308,311.34308,311.44308,311.1431,310.34308,311.7431,308.6431,307.0431,307.7431,308.44308,304.1431,307.94308,306.84308,304.1431,296.5431,284.34308,282.1431,287.6431,299.94308,302.0431
314.5431,299.7431,299.34308,298.7431,302.84308,309.84308,310.5431,314.6431,313.44308,313.5431,313.6431,312.6431,295.7431,293.84308,291.7431,309.44308,312.0431,310.94308,311.1431,310.84308,312.1431,313.84308,312.2431,311.1431,311.6431,309.6431,307.44308,302.84308,308.7431,307.44308,309.2431,306.34308,291.84308,283.1431,293.5431,301.6431,300.7431,306.34308,305.84308,305.7431,304.5431
313.1431,311.7431,296.6431,298.34308,298.7431,297.7431,311.1431,313.44308,313.2431,312.7431,313.1431,312.84308,297.5431,294.2431,300.44308,307.6431,309.34308,308.94308,311.1431,311.6431,312.0431,312.44308,311.84308,311.2431,309.0431,305.7431,305.94308,292.5431,307.0431,307.5431,305.84308,306.7431,305.5431,305.6431,300.6431,298.44308,295.2431,298.1431,305.0431,304.94308,302.94308
310.7431,311.94308,313.2431,313.84308,308.7431,311.6431,314.0431,312.84308,312.1431,311.44308,311.34308,310.2431,309.0431,309.6431,310.0431,306.84308,309.5431,310.34308,309.6431,308.0431,308.5431,309.7431,309.0431,309.0431,306.0431,304.5431,305.6431,307.94308,307.6431,307.5431,306.6431,306.44308,306.34308,306.5431,305.34308,302.5431,295.7431,292.1431,290.1431,288.44308,299.5431
310.84308,311.1431,311.2431,311.44308,312.5431,312.1431,312.1431,309.7431,309.0431,308.94308,308.84308,307.94308,308.7431,308.7431,308.84308,307.44308,306.34308,305.2431,308.5431,305.0431,305.1431,304.1431,305.6431,305.7431,304.34308,301.34308,301.44308,303.94308,302.94308,304.7431,303.1431,304.0431,302.1431,299.44308,300.44308,301.1431,301.6431,290.2431,299.6431,299.84308,295.44308
309.0431,307.84308,309.1431,308.94308,309.2431,309.5431,308.2431,307.44308,306.94308,306.5431,307.0431,307.44308,307.6431,305.84308,303.84308,304.5431,298.44308,303.34308,303.7431,304.34308,303.6431,300.84308,302.94308,302.84308,301.34308,302.44308,301.0431,300.0431,298.94308,297.6431,300.1431,299.6431,299.94308,300.0431,298.84308,297.0431,297.5431,296.44308,284.84308,285.2431,283.1431
305.84308,303.0431,304.0431,305.0431,305.34308,305.7431,305.5431,303.84308,303.2431,304.6431,304.2431,298.5431,303.6431,302.94308,297.5431,294.44308,295.7431,299.1431,303.2431,304.6431,303.0431,301.44308,302.1431,301.5431,301.5431,300.7431,300.84308,300.1431,299.0431,299.1431,299.84308,302.5431,302.44308,302.2431,300.34308,296.84308,293.34308,290.44308,286.5431,285.94308,284.94308
300.0431,297.6431,294.0431,296.44308,300.34308,297.7431,297.94308,299.6431,301.5431,301.5431,301.84308,301.44308,297.0431,300.44308,292.6431,290.84308,290.84308,297.34308,299.84308,295.94308,296.6431,300.6431,299.0431,298.2431,299.44308,299.34308,299.44308,299.7431,301.34308,302.2431,303.6431,303.84308,302.2431,300.7431,299.6431,296.7431,290.5431,288.44308,290.1431,286.7431,285.6431
293.1431,296.34308,296.6431,295.7431,295.2431,291.2431,291.7431,294.44308,295.1431,296.2431,297.6431,299.2431,298.7431,295.0431,296.6431,292.0431,290.44308,290.5431,294.44308,294.6431,292.44308,291.2431,294.1431,296.6431,296.2431,297.1431,295.6431,295.7431,298.34308,298.94308,300.34308,301.5431,300.0431,298.0431,297.5431,296.44308,295.1431,294.6431,291.44308,290.7431,289.34308
286.5431,289.5431,291.94308,289.94308,290.94308,291.0431,292.94308,288.0431,286.6431,291.2431,286.84308,291.5431,295.94308,297.1431,292.94308,296.6431,294.1431,292.6431,290.5431,290.5431,290.1431,292.7431,295.34308,292.94308,292.94308,292.94308,294.0431,293.6431,298.2431,297.84308,298.7431,294.7431,294.94308,294.94308,296.34308,295.7431,294.6431,293.84308,292.44308,291.2431,289.84308
283.94308,284.6431,288.2431,287.0431,287.6431,288.1431,289.0431,288.7431,287.0431,288.1431,285.44308,284.2431,288.7431,294.94308,295.1431,292.0431,295.5431,296.0431,295.7431,294.5431,294.5431,295.1431,296.1431,294.5431,290.6431,289.5431,289.34308,294.1431,296.2431,296.94308,297.0431,297.34308,295.6431,293.7431,292.84308,292.84308,291.44308,291.5431,292.2431,289.5431,290.84308
282.44308,283.1431,289.7431,283.7431,284.84308,285.1431,286.2431,286.0431,289.1431,289.94308,286.6431,286.44308,284.94308,286.84308,290.0431,289.1431,292.5431,292.7431,292.6431,291.84308,292.34308,292.6431,293.44308,293.2431,293.7431,294.0431,293.34308,293.6431,292.5431,292.0431,292.1431,289.0431,293.1431,292.5431,294.34308,293.2431,292.44308,293.34308,293.5431,291.34308,289.2431
