wind.json
{"header": {"discipline":0,"disciplineName":"Meteorological products","gribEdition":2,"gribLength":1211,"center":7,"centerName":"US National Weather Service - NCEP(WMC)","subcenter":0,"refTime":"2023-06-29T18:00:00.000Z","significanceOfRT":1,"significanceOfRTName":"Start of forecast","productStatus":0,"productStatusName":"Operational products","productType":1,"productTypeName":"Forecast products","productDefinitionTemplate":0,"productDefinitionTemplateName":"Analysis/forecast at horizontal level/layer at a point in time","parameterCategory":2,"parameterCategoryName":"UnknownDiscipline_0_Category_2","parameterNumber":3,"parameterNumberName":"UnknownParameter_D0_C2_3","parameterUnit":"Unknown","genProcessType":2,"genProcessTypeName":"Forecast","forecastTime":120,"surface1Type":103,"surface1TypeName":"Specified height level above ground","surface1Value":10.0,"surface2Type":255,"surface2TypeName":"Missing","surface2Value":0.0,"gridDefinitionTemplate":0,"gridDefinitionTemplateName":"Latitude_Longitude","numberPoints":688,"shape":6,"shapeName":"Earth spherical with radius of 6,371,229.0 m","gridUnits":"degrees","resolution":48,"winds":"true","scanMode":64,"nx":43,"ny":16,"basicAngle":0,"lo1":45.0,"la1":40.0,"lo2":87.0,"la2":55.0,"dx":1.0,"dy":1.0}, "data":
[rows 0 to 15 of 16, columns 0 to 42 of 43]
-3.8282764,2.4117236,3.3717237,4.1317234,-0.68827635,-5.2282763,-3.3282764,-4.3882766,-7.1482763,-7.9882765,-0.75827634,-2.0582764,-0.88827634,-3.4882765,-4.0682764,-5.7982764,-7.0682764,-8.328277,-8.168277,-3.3182764,-3.5482764,-2.3582764,-2.6582763,1.7117237,2.2017236,2.1417236,1.0817237,-0.27827635,1.1817236,0.04172363,-2.5982764,-3.8882763,-2.7282763,-2.7082763,-5.9282765,-10.798276,-7.8782763,-4.5682764,-4.5682764,-3.4382763,-2.9782763,-3.8482764,-3.9582763
1.3817236,-1.7082764,3.3217237,-2.8682764,0.58172363,-4.828276,-4.748276,-4.9082766,-5.6882763,-7.828276,-3.5082765,-1.0382763,-3.5882764,-1.9282764,-1.0482764,-3.4682763,-3.9882765,-4.558276,-6.018276,-6.598276,-3.6982763,-4.5482764,-4.748276,-4.268276,-3.0082765,-1.2882763,-2.0682764,0.7917236,-0.9782764,2.0817237,-0.69827634,-1.7182764,-1.9782764,-0.27827635,-0.92827636,-5.9482765,-9.858276,-3.9582763,-6.288276,-4.6482763,-4.828276,-3.9382763,-2.2782764
-0.79827636,-3.3082764,2.8617237,0.6717236,-1.7582763,-3.3682764,-4.1082764,-4.848276,-5.328276,-2.9582763,-4.1582766,-3.2782764,-3.7182763,-2.9382763,0.64172363,-1.0682764,-3.3882763,-3.9282763,-4.1782765,-5.7582765,-6.808276,-5.1782765,-4.0682764,-4.1982765,0.45172364,1.0417236,0.15172364,-2.5682764,-0.67827636,0.94172364,0.34172362,2.7617235,2.5217237,-1.2782763,-2.4282763,-2.2982764,-2.5282764,-2.6682763,-4.2182765,-4.9482765,-4.6182766,-3.0782764,2.3317237
2.2917237,2.3117237,0.94172364,0.7717236,-2.5082765,-4.5882764,-3.6982763,-3.4082763,-3.9582763,-3.4682763,-2.8482764,-3.4582763,-4.3682766,-0.67827636,-0.118276365,-0.7782764,-1.7082764,-2.8082764,-3.0782764,-2.6282763,-3.1382763,-4.1482763,-2.7482765,-4.0282764,-1.6682763,1.8917236,2.9617236,2.6917236,2.6917236,2.5917237,0.82172364,4.2617235,1.5817237,2.1317236,2.9717236,-1.4582764,0.7317236,1.6717236,-0.56827635,0.031723633,0.6017236,-2.2682765,-0.41827637
1.4017236,3.3517237,2.8417237,1.4517236,-2.2182763,-5.3582764,-5.9182763,-7.098276,-7.4082766,-8.718276,-5.038276,-3.0282764,-4.7382765,-1.3782763,0.75172365,-0.54827636,-1.1382763,-1.4682764,-2.1382763,-3.5482764,0.49172363,-0.42827636,-0.27827635,0.21172363,-2.2782764,-2.1282763,-1.8882763,-2.6982763,-5.9282765,1.3517237,6.421724,5.4317236,-0.33827636,-2.3782763,-0.99827635,1.6317236,-0.8382764,-0.94827634,-2.4882765,-0.37827638,4.4117236,4.3817234,4.6217237
3.2917237,3.4717236,2.8317237,2.0517237,0.21172363,-1.7382764,-3.3582764,-4.1382766,-4.8382764,-5.6182766,-7.3882766,-4.768276,-5.248276,-9.058276,0.58172363,-1.9182763,-2.5682764,-0.73827636,-1.7082764,-2.9482763,0.47172365,2.4617236,-0.16827637,0.30172363,0.9717236,-4.1282763,-5.558276,-5.768276,-3.8782763,-3.8982763,4.7617235,3.5817237,0.9717236,-0.24827637,0.8517236,0.51172364,-1.0082763,-2.1682763,2.2517235,0.37172362,-2.6182764,-1.2182764,-1.5782764
-3.1682763,8.941724,4.231724,2.4017236,2.1817236,1.2517236,-1.6382763,-2.9982765,-1.7282764,-3.8882763,-3.9082763,-3.0182765,-5.348276,-6.6782765,-6.3182764,-10.098276,-4.598276,-2.8282764,-6.1582766,-4.7982764,-0.25827637,2.6017237,1.3017236,-1.6582763,-1.2582763,-2.6182764,-3.8982763,-4.5482764,-2.0782764,-1.6682763,-2.1382763,-0.7082764,-0.62827635,-0.27827635,-0.92827636,1.8117236,3.0617237,-3.8382764,2.5517237,2.6317236,-3.5182765,0.26172364,-1.5082763
-3.8182764,-0.9582764,-1.2482764,-3.7082763,6.5617237,6.5417237,1.2517236,0.18172364,-1.5382763,-1.0982764,-4.1082764,-3.1382763,-4.3182764,-4.7382765,-5.3682766,-4.6682763,-10.088276,-10.468276,-5.7582765,-5.3382764,-0.79827636,-1.0882764,-3.4882765,-1.4882764,1.5917237,1.7117237,2.3717237,-0.94827634,-0.68827635,-4.558276,-1.7182764,-1.2582763,1.4317236,-2.3982763,-3.1382763,-4.9382763,-1.8782763,-0.42827636,-4.078276,-2.5582764,-1.8482764,0.43172362,-1.6982764
-4.5682764,-4.4282765,-0.8382764,-2.0382764,-2.8482764,-3.6082764,-4.3882766,-1.5382763,-3.8482764,-5.1982765,-3.4982765,-3.9482763,-4.288276,-4.7382765,-6.6782765,-6.038276,-13.278276,-9.468276,-4.6582766,-7.7782764,-7.1182766,-0.80827636,-0.92827636,-0.8982764,-2.5082765,-2.6482763,-0.038276367,-2.3182764,-2.0382764,-4.1182766,-0.74827635,-1.2382764,-0.75827634,-1.9082763,-4.5682764,-4.1882763,-2.4482763,0.36172363,-0.47827637,1.5517236,0.9217236,1.0217236,-1.6382763
-4.018276,-4.0682764,-3.8182764,-5.4882765,-2.8782763,-3.0482764,-6.4582763,-2.7782764,-2.9982765,-4.1982765,-1.7782763,-2.9282763,-4.2582765,-6.0082765,-4.1982765,-0.20827636,-4.7982764,-6.8982763,-6.0282764,0.75172365,-2.3082764,-2.5082765,-1.3982763,-4.828276,-4.9482765,-0.16827637,-2.1582763,-2.5082765,-1.7582763,-0.5782764,2.8917236,0.82172364,-1.0982764,-2.6582763,-2.5082765,-2.4782763,-1.0582764,-0.88827634,-3.4082763,1.0517236,1.6417236,1.0517236,-0.29827636
-4.1582766,-3.7682765,-3.2482765,-2.0382764,-1.5482764,-1.8282764,-5.5682764,-2.1482763,-2.2082763,-3.5182765,-1.9082763,-2.4082763,-4.0482764,-4.6082764,-3.4882765,-4.3982763,-7.0282764,-6.4282765,-6.788276,-2.9482763,-3.5982764,-3.7682765,-3.8982763,-2.0182765,-3.1082764,-3.3982763,-1.9582764,-2.0582764,-3.6082764,-3.2082763,-2.3582764,-3.0982764,-1.2182764,-1.5082763,-3.4582763,-4.4182763,-3.8382764,-2.0282764,1.2217237,-3.9682763,-2.3182764,0.14172363,1.0917237
-2.4082763,-3.4382763,-2.7182763,-3.7582765,-2.2682765,-0.94827634,-2.2682765,-3.7682765,-3.4282763,-3.5782764,-2.2282763,-2.5582764,-3.1282763,-0.60827637,-3.6582763,-3.8082764,-5.9282765,-5.248276,-4.1082764,-5.1082764,-4.6082764,-3.3382764,-2.8482764,-2.6182764,-3.3082764,-3.9682763,-3.9782763,-3.4282763,-3.2682765,-3.4882765,-3.1482763,-2.6782763,-2.3182764,-2.3482764,-3.4782763,-4.4582763,-4.308276,-5.8582764,-2.1482763,1.4017236,-0.56827635,-0.7782764,-0.66827637
-3.0482764,-2.6682763,-2.0782764,-1.0382763,-2.0582764,-2.0982764,-1.3682764,-1.9982764,-2.5482764,-2.6782763,-4.018276,-3.2582765,-1.9482764,-2.9582763,-3.4682763,-2.7682765,-4.1082764,-4.5882764,-3.2482765,-3.3382764,-3.4482763,-2.8682764,-1.9082763,-3.0482764,-3.6282763,-2.8882763,-2.5782764,-2.1882763,-0.67827636,-1.5282763,-2.1982763,-3.2082763,-2.8682764,-3.3482764,-3.2482765,-3.5782764,-3.9082763,-4.4782763,-1.8282764,-0.078276366,1.4917237,1.8717237,0.94172364
-2.0082765,-2.8282764,-2.7582765,-1.3982763,-1.2782763,-1.3782763,-1.6682763,-1.7682763,-2.2282763,-2.8782763,-3.6082764,-2.3382764,-1.6982764,-1.6482763,-2.4182763,-2.0782764,-3.4282763,-3.8782763,-2.5982764,-1.9582764,-2.5882764,-1.8182764,-1.0982764,-0.5782764,-0.9082764,-1.6282763,-2.3782763,-2.5982764,-3.1082764,-3.3382764,-2.6382763,-1.9982764,-2.0382764,-2.6182764,-3.4082763,-4.1582766,-4.8182764,-4.1882763,-4.3182764,-2.5582764,-3.2082763,-2.7982764,-1.2582763
-0.30827636,-0.54827636,-2.4182763,-2.6382763,-1.1882764,-1.3382764,-1.9582764,-2.4382763,-2.9482763,-1.9682764,-2.2382765,-1.8282764,-0.68827635,-1.3982763,-1.3782763,-2.3782763,-2.4082763,-3.2882764,-3.3882763,-0.06827637,-0.35827637,-0.33827636,-0.42827636,-0.6482764,-0.73827636,-0.69827634,-0.8482764,-1.7882763,-2.5682764,-2.3082764,-2.5382764,-1.8982763,-1.3682764,-1.3582764,-1.6882764,-2.3182764,-3.3682764,-3.9982765,-3.6982763,-4.0082765,-3.4882765,-2.6482763,-2.7982764
-0.058276366,-0.92827636,-1.3682764,-2.7982764,-3.5582764,-1.2782763,-2.3782763,-1.5682764,-1.9182763,-2.6682763,-1.8482764,-2.0382764,-1.0882764,1.7917236,0.95172364,-1.5182763,-2.1382763,-2.7682765,-2.6782763,-3.1382763,2.0917237,1.4417236,1.5217236,1.5217236,0.93172365,0.7117236,0.6717236,-0.058276366,-0.7282764,-0.8282764,-0.85827637,-1.2982764,-1.4582764,-0.7282764,-0.13827637,-1.2082764,-2.1582763,-2.6282763,-2.3382764,-1.8082764,-2.0182765,-3.1282763,-1.6882764
