wind_kz.json
{"header": {"discipline":0,"disciplineName":"Meteorological products","gribEdition":2,"gribLength":871,"center":7,"centerName":"US National Weather Service - NCEP(WMC)","subcenter":0,"refTime":"2023-08-20T12:00:00.000Z","significanceOfRT":1,"significanceOfRTName":"Start of forecast","productStatus":0,"productStatusName":"Operational products","productType":1,"productTypeName":"Forecast products","productDefinitionTemplate":0,"productDefinitionTemplateName":"Analysis/forecast at horizontal level/layer at a point in time","parameterCategory":0,"parameterCategoryName":"UnknownDiscipline_0_Category_0","parameterNumber":0,"parameterNumberName":"UnknownParameter_D0_C0_0","parameterUnit":"Unknown","genProcessType":2,"genProcessTypeName":"Forecast","forecastTime":180,"surface1Type":1,"surface1TypeName":"Ground or water surface","surface1Value":0.0,"surface2Type":255,"surface2TypeName":"Missing","surface2Value":0.0,"gridDefinitionTemplate":0,"gridDefinitionTemplateName":"Latitude_Longitude","numberPoints":615,"shape":6,"shapeName":"Earth spherical with radius of 6,371,229.0 m","gridUnits":"degrees","resolution":48,"winds":"true","scanMode":64,"nx":41,"ny":15,"basicAngle":0,"lo1":47.0,"la1":41.0,"lo2":87.0,"la2":55.0,"dx":1.0,"dy":1.0}, "data":
[rows 0 to 14 of 15, columns 0 to 40 of 41]
293.2222,284.8222,288.3222,299.0222,298.8222,297.8222,297.6222,298.0222,295.5222,294.6222,292.8222,294.0222,293.3222,293.42218,292.7222,290.1222,290.7222,291.5222,290.92218,292.0222,292.5222,289.5222,289.3222,285.0222,290.42218,289.0222,289.0222,274.8222,275.5222,276.6222,277.3222,278.0222,285.92218,293.42218,296.2222,297.6222,295.7222,298.5222,299.2222,298.8222,299.0222
277.2222,288.42218,298.92218,298.92218,298.8222,297.6222,295.8222,295.1222,293.6222,292.2222,291.8222,290.3222,289.7222,288.6222,289.0222,287.0222,287.3222,287.5222,287.0222,287.2222,288.92218,289.5222,288.7222,284.5222,273.92218,274.7222,282.8222,279.7222,274.8222,277.1222,278.7222,272.8222,279.8222,262.7222,277.3222,292.8222,293.5222,297.0222,299.5222,292.5222,283.92218
290.2222,298.92218,299.3222,299.2222,297.3222,293.2222,292.92218,290.7222,290.42218,289.3222,288.8222,289.0222,285.0222,287.42218,287.5222,286.3222,284.3222,285.0222,285.3222,286.5222,288.5222,288.8222,287.7222,283.5222,287.6222,286.6222,288.7222,288.2222,287.3222,280.92218,277.3222,274.8222,279.0222,280.42218,283.3222,283.92218,276.42218,279.8222,281.6222,279.6222,278.42218
292.1222,299.6222,299.1222,298.0222,294.6222,290.3222,290.0222,290.1222,289.6222,289.7222,289.1222,288.1222,295.3222,294.6222,285.7222,286.7222,287.5222,287.1222,287.42218,288.6222,285.42218,282.7222,289.5222,289.92218,286.92218,288.0222,291.2222,288.2222,288.42218,292.6222,292.0222,289.1222,293.6222,292.5222,291.1222,286.42218,277.8222,278.6222,283.2222,294.42218,298.1222
293.3222,299.1222,299.0222,298.5222,295.2222,290.42218,291.5222,291.0222,291.0222,290.7222,289.8222,289.3222,295.5222,294.1222,291.6222,286.92218,287.92218,287.6222,287.0222,289.5222,289.2222,289.5222,287.7222,288.5222,288.92218,289.92218,288.6222,291.5222,289.8222,292.6222,294.42218,292.0222,281.42218,273.92218,284.2222,292.7222,294.8222,298.5222,301.7222,302.8222,300.0222
291.5222,289.0222,297.5222,298.0222,298.6222,298.0222,289.8222,289.42218,289.8222,290.2222,291.1222,289.7222,293.7222,294.7222,291.42218,286.7222,287.92218,287.92218,288.92218,290.3222,289.7222,289.2222,286.42218,287.6222,287.7222,288.6222,289.42218,293.7222,291.1222,293.1222,293.0222,294.6222,294.0222,290.8222,288.3222,292.5222,284.7222,287.8222,296.42218,300.92218,302.0222
290.5222,289.0222,291.3222,290.8222,293.0222,290.6222,289.6222,288.42218,289.92218,290.0222,289.7222,292.0222,287.6222,287.6222,287.1222,288.3222,288.1222,288.0222,287.5222,288.2222,288.2222,289.42218,289.5222,288.3222,287.2222,287.2222,287.7222,290.2222,290.2222,290.5222,293.7222,293.0222,293.3222,294.8222,292.3222,290.8222,287.8222,284.0222,284.5222,286.3222,299.7222
287.2222,286.42218,289.2222,288.8222,291.3222,290.1222,289.8222,288.7222,288.8222,287.92218,286.92218,287.6222,288.6222,288.42218,288.5222,289.7222,288.2222,288.1222,287.3222,285.6222,287.2222,287.3222,287.1222,286.0222,285.2222,284.5222,283.7222,285.1222,285.8222,289.42218,290.8222,291.1222,292.7222,290.92218,291.1222,292.5222,295.0222,289.42218,294.7222,300.5222,297.2222
286.1222,285.2222,286.3222,287.92218,289.0222,289.2222,288.0222,288.7222,290.7222,286.7222,285.6222,285.8222,285.2222,286.2222,286.42218,287.1222,287.1222,287.2222,286.0222,285.5222,285.0222,284.1222,284.3222,284.3222,281.42218,281.42218,283.8222,280.42218,280.92218,281.3222,284.3222,287.42218,289.92218,291.0222,292.6222,290.1222,290.8222,291.7222,281.92218,282.1222,280.5222
284.0222,287.92218,290.92218,289.8222,288.1222,288.1222,289.5222,286.92218,286.7222,286.0222,284.7222,284.6222,284.7222,283.8222,284.5222,284.2222,284.92218,284.6222,284.6222,288.1222,284.6222,285.5222,285.6222,282.8222,282.5222,280.42218,280.2222,281.2222,282.0222,282.42218,283.6222,287.42218,290.92218,291.2222,292.0222,291.7222,287.7222,287.3222,285.92218,284.8222,282.42218
286.8222,286.2222,288.7222,288.3222,288.3222,287.5222,287.1222,288.0222,284.92218,286.42218,285.1222,286.92218,287.7222,286.6222,285.3222,285.92218,283.8222,284.2222,283.7222,284.2222,283.92218,284.7222,284.0222,284.2222,281.3222,284.0222,282.6222,285.42218,284.8222,285.0222,286.8222,287.0222,289.42218,291.7222,292.3222,289.5222,287.1222,286.8222,286.1222,284.92218,285.0222
287.6222,288.6222,287.6222,283.8222,283.3222,282.8222,282.0222,282.5222,284.92218,284.5222,282.7222,282.92218,283.8222,283.8222,285.3222,286.1222,284.92218,284.92218,282.6222,282.7222,282.2222,282.0222,284.0222,280.42218,280.3222,281.3222,282.5222,283.6222,284.1222,284.5222,284.2222,286.3222,288.2222,289.5222,288.5222,290.3222,290.1222,293.8222,290.7222,289.6222,288.1222
281.1222,280.1222,281.5222,280.8222,280.42218,279.7222,279.3222,279.5222,278.7222,279.42218,278.7222,279.6222,282.92218,282.2222,282.7222,282.2222,284.92218,284.7222,285.1222,284.1222,284.0222,282.5222,279.2222,282.6222,281.5222,282.3222,283.1222,282.92218,283.6222,284.3222,284.92218,286.1222,287.92218,288.8222,289.0222,287.7222,290.0222,292.0222,290.6222,289.3222,289.1222
280.7222,280.7222,286.2222,279.7222,278.2222,277.6222,277.6222,278.1222,280.7222,279.42218,278.8222,277.6222,279.6222,282.1222,282.42218,282.5222,282.92218,281.42218,281.8222,283.92218,284.0222,281.7222,280.6222,280.42218,281.6222,285.3222,282.1222,281.7222,284.1222,285.92218,286.6222,287.42218,288.2222,288.6222,288.8222,287.42218,288.3222,290.1222,290.0222,288.92218,288.92218
279.1222,280.8222,290.7222,281.8222,278.8222,278.42218,280.2222,280.1222,281.0222,281.42218,280.3222,280.0222,279.2222,280.6222,281.92218,282.1222,282.0222,282.0222,280.0222,279.8222,279.92218,279.7222,279.5222,279.92218,281.2222,281.5222,285.5222,284.6222,285.7222,285.6222,286.92218,286.0222,287.7222,288.1222,288.5222,286.92218,289.0222,287.3222,288.92218,289.5222,289.3222
