wind_kz.json
{"header": {"discipline":0,"disciplineName":"Meteorological products","gribEdition":2,"gribLength":1025,"center":7,"centerName":"US National Weather Service - NCEP(WMC)","subcenter":0,"refTime":"2023-10-02T18:00:00.000Z","significanceOfRT":1,"significanceOfRTName":"Start of forecast","productStatus":0,"productStatusName":"Operational products","productType":1,"productTypeName":"Forecast products","productDefinitionTemplate":0,"productDefinitionTemplateName":"Analysis/forecast at horizontal level/layer at a point in time","parameterCategory":2,"parameterCategoryName":"UnknownDiscipline_0_Category_2","parameterNumber":3,"parameterNumberName":"UnknownParameter_D0_C2_3","parameterUnit":"Unknown","genProcessType":2,"genProcessTypeName":"Forecast","forecastTime":300,"surface1Type":103,"surface1TypeName":"Specified height level above ground","surface1Value":10.0,"surface2Type":255,"surface2TypeName":"Missing","surface2Value":0.0,"gridDefinitionTemplate":0,"gridDefinitionTemplateName":"Latitude_Longitude","numberPoints":615,"shape":6,"shapeName":"Earth spherical with radius of 6,371,229.0 m","gridUnits":"degrees","resolution":48,"winds":"true","scanMode":64,"nx":41,"ny":15,"basicAngle":0,"lo1":47.0,"la1":41.0,"lo2":87.0,"la2":55.0,"dx":1.0,"dy":1.0}, "data":
[rows 0 to 14 of 15, columns 0 to 40 of 41]
-0.19311707,0.45688292,-2.9131172,-6.023117,2.2868829,1.446883,0.10688294,0.6768829,0.9968829,0.036882933,-1.673117,-1.6231171,-1.6031171,-1.2331171,-1.2531171,-1.8531171,-1.7631171,-0.55311704,1.5068829,0.5668829,-0.35311708,-0.8131171,0.21688293,0.5568829,2.416883,1.926883,1.3568829,2.396883,-2.6531172,-3.013117,-2.483117,-1.943117,-1.933117,-0.58311707,-2.383117,-2.843117,-2.273117,0.7468829,3.0968828,2.646883,2.886883
1.1568829,-1.313117,-4.333117,-2.6531172,0.016882934,1.436883,-1.4731171,0.7368829,0.51688296,-0.98311704,-1.8631171,-1.7631171,-1.053117,-1.693117,-2.4331172,-2.323117,-0.54311705,0.90688294,0.97688293,-0.67311704,-0.49311706,-0.86311704,2.646883,2.116883,-0.5631171,1.5268829,2.616883,-1.2531171,0.66688293,-0.0031170654,-0.8931171,-3.623117,1.066883,-2.813117,1.2468829,1.946883,2.376883,0.82688296,0.46688294,-1.173117,0.23688294
-2.623117,-4.663117,1.0268829,-0.13311706,1.586883,0.21688293,0.116882935,-0.7431171,0.27688295,-1.433117,-2.083117,-1.2231171,-1.543117,-2.6931171,-2.253117,-2.6931171,-0.43311706,0.69688296,0.6268829,0.9268829,-0.013117066,-0.9431171,-6.943117,-0.7631171,-2.623117,-1.573117,-0.033117067,-1.083117,-0.90311706,-1.043117,-2.9331172,-1.303117,-3.543117,-0.7431171,0.45688292,-2.523117,-3.243117,1.1368829,-0.19311707,3.8268828,4.596883
-2.9031172,-1.543117,2.2868829,3.166883,1.936883,0.46688294,1.3568829,0.5568829,0.53688294,0.6768829,-0.8731171,-2.1731172,-3.023117,-3.023117,-1.693117,-0.15311706,-0.90311706,-0.92311704,-0.15311706,0.29688293,-1.033117,-2.133117,3.916883,1.1068829,1.0368829,-1.8931171,-1.943117,-2.7031171,-1.5131171,-2.6731172,-1.683117,-0.9931171,1.6468829,0.43688294,0.47688293,1.5368829,3.3468828,5.056883,-3.533117,-1.183117,-1.433117
-4.693117,-3.4031172,2.7968829,3.366883,1.4868829,2.196883,2.0868828,2.0968828,1.4968829,0.30688295,-0.6831171,-1.0131171,-1.5131171,-1.1431171,-0.38311708,0.09688293,-0.21311706,0.14688294,0.19688293,0.6868829,2.466883,2.676883,1.9068829,1.4068829,1.0268829,-0.6831171,-2.2131171,-1.0231171,-2.003117,-3.2131171,-4.613117,-3.893117,-1.9731171,-1.6431171,1.0068829,1.556883,1.1068829,-0.34311706,-0.9331171,-2.063117,-2.123117
-7.013117,-3.393117,1.416883,3.446883,2.506883,3.7968829,3.5768828,2.456883,1.416883,1.6068829,0.7968829,0.31688294,0.45688292,0.6068829,0.7568829,0.086882934,1.2568829,1.4768829,1.206883,1.796883,1.2768829,1.5368829,2.3068829,1.166883,1.056883,0.36688292,0.076882936,-1.833117,-1.7731171,-2.4131172,-3.1631172,-1.8631171,-2.4531171,-3.263117,-1.1531171,-2.223117,-2.063117,0.7368829,-0.6231171,2.616883,-1.7731171
-5.173117,-4.163117,3.416883,2.8068829,4.786883,4.076883,4.326883,3.416883,2.956883,2.5368829,1.936883,1.956883,1.556883,0.84688294,0.42688292,0.90688294,1.446883,2.106883,2.486883,2.276883,1.2368829,1.1368829,1.416883,1.4968829,2.0768828,1.6468829,0.5068829,-0.10311706,-1.1031171,-1.693117,-1.6531171,-2.4231172,-3.293117,-2.743117,-0.18311706,-0.5731171,-0.71311706,0.34688294,0.71688294,0.8068829,-4.403117
-5.243117,-5.943117,2.3368828,2.476883,3.626883,6.056883,5.766883,5.226883,4.586883,4.106883,4.046883,3.026883,2.0768828,1.7868829,1.566883,1.8768829,1.7868829,2.0468829,2.3468828,3.156883,2.0768828,1.4068829,0.65688294,0.8768829,1.0968829,1.1168829,1.0068829,1.0168829,-0.093117066,-1.533117,-2.103117,-1.4631171,-1.693117,-3.833117,-1.9031171,-2.813117,-1.7431171,-1.7331171,-0.8731171,-0.49311706,-0.5731171
-3.613117,-4.223117,-3.1931171,3.5668828,4.256883,6.386883,6.366883,5.236883,4.826883,5.206883,4.786883,4.246883,3.356883,3.0568829,2.446883,2.006883,2.136883,1.9768829,1.7268829,1.8968829,3.0668828,1.576883,0.97688293,0.9968829,0.086882934,-0.43311706,-0.26311707,-1.0931171,-1.063117,-0.6431171,-1.173117,-0.59311706,0.64688295,0.036882933,-1.443117,-2.9031172,1.8668829,-2.373117,-0.5631171,-1.073117,0.056882933
-5.443117,-5.273117,-4.923117,3.616883,4.556883,6.456883,6.536883,6.156883,6.186883,5.796883,5.226883,4.4268827,4.206883,3.446883,2.856883,2.376883,1.8968829,1.566883,1.2768829,1.3568829,1.5368829,1.196883,0.7368829,0.43688294,0.25688294,0.036882933,-0.71311706,-0.7031171,-1.2231171,-0.12311707,0.5668829,0.5568829,1.666883,0.77688295,0.38688293,-0.043117065,0.19688293,1.5368829,-0.67311704,-1.2331171,-1.413117
-5.813117,-3.763117,-4.273117,2.0968828,3.946883,6.526883,7.026883,6.556883,6.086883,5.556883,5.1768827,4.606883,4.006883,3.976883,3.436883,3.116883,2.916883,1.8568829,1.9868829,1.666883,1.306883,0.7468829,0.51688296,-0.24311706,-0.55311704,-0.22311707,-0.66311705,-1.693117,-1.1531171,-0.46311706,2.626883,2.666883,2.016883,-0.34311706,-2.2131171,-3.243117,-1.0231171,-0.7531171,-0.98311704,-1.063117,0.58688295
-5.473117,-3.973117,-4.213117,2.8068829,4.296883,5.796883,5.936883,5.6768827,5.6768827,5.506883,4.486883,4.1968827,4.416883,4.346883,4.366883,3.896883,3.516883,3.236883,2.466883,2.246883,2.176883,1.466883,0.34688294,0.19688293,-0.34311706,-0.26311707,0.21688293,-1.4831171,-2.2131171,1.206883,2.716883,2.776883,2.106883,0.8568829,-0.6231171,-1.6031171,-1.783117,-1.5031171,-0.6331171,-0.36311707,-0.53311706
-4.5731173,-5.313117,-5.093117,-2.303117,4.316883,4.226883,5.416883,6.806883,7.6768827,5.146883,1.916883,3.5368829,4.7168827,4.436883,3.966883,3.5568829,3.446883,3.166883,3.276883,2.5768828,2.356883,2.0768828,1.2768829,0.7568829,0.28688294,-0.053117067,-0.53311706,0.20688294,0.09688293,1.306883,2.5568829,3.266883,2.196883,1.556883,0.8168829,-0.12311707,-0.49311706,-0.72311705,-1.693117,-2.383117,-1.803117
-4.563117,-5.2831173,-5.563117,-4.753117,2.5468829,4.896883,7.496883,5.436883,5.806883,6.116883,2.446883,0.8768829,3.8368828,4.336883,4.326883,4.086883,3.866883,3.736883,3.446883,2.8468828,2.506883,1.916883,1.216883,0.90688294,0.71688294,0.33688295,0.7468829,0.32688293,1.3668829,1.7368829,1.916883,2.526883,3.0868828,3.3468828,1.9068829,2.0368829,1.2368829,0.5668829,-0.25311705,-0.84311706,-1.413117
-3.4531171,-5.023117,-4.933117,-5.163117,4.616883,4.6968827,4.906883,6.236883,6.2168827,5.756883,2.486883,2.656883,1.1468829,1.8768829,3.676883,3.666883,3.656883,3.746883,3.8168828,3.3268828,2.7968829,2.196883,1.836883,1.426883,1.1368829,1.1468829,1.066883,1.2368829,1.046883,1.576883,2.626883,3.256883,2.756883,2.8168828,2.716883,2.776883,3.366883,2.426883,1.1468829,1.2468829,0.24688293
