wind_kz.json
{"header": {"discipline":0,"disciplineName":"Meteorological products","gribEdition":2,"gribLength":1025,"center":7,"centerName":"US National Weather Service - NCEP(WMC)","subcenter":0,"refTime":"2023-09-22T18:00:00.000Z","significanceOfRT":1,"significanceOfRTName":"Start of forecast","productStatus":0,"productStatusName":"Operational products","productType":1,"productTypeName":"Forecast products","productDefinitionTemplate":0,"productDefinitionTemplateName":"Analysis/forecast at horizontal level/layer at a point in time","parameterCategory":2,"parameterCategoryName":"UnknownDiscipline_0_Category_2","parameterNumber":2,"parameterNumberName":"UnknownParameter_D0_C2_2","parameterUnit":"Unknown","genProcessType":2,"genProcessTypeName":"Forecast","forecastTime":60,"surface1Type":103,"surface1TypeName":"Specified height level above ground","surface1Value":10.0,"surface2Type":255,"surface2TypeName":"Missing","surface2Value":0.0,"gridDefinitionTemplate":0,"gridDefinitionTemplateName":"Latitude_Longitude","numberPoints":615,"shape":6,"shapeName":"Earth spherical with radius of 6,371,229.0 m","gridUnits":"degrees","resolution":48,"winds":"true","scanMode":64,"nx":41,"ny":15,"basicAngle":0,"lo1":47.0,"la1":41.0,"lo2":87.0,"la2":55.0,"dx":1.0,"dy":1.0}, "data":
[rows 0 to 14 of 15, columns 0 to 40 of 41]
0.38098633,0.7209863,-1.9990137,-4.789014,-7.0890136,-7.4090137,-7.8390136,-7.9290137,-7.7290134,-4.9490137,-5.1090136,-5.519014,-4.869014,-3.7790136,-3.1090136,-2.5990136,-2.3990138,-4.4090137,-5.7390137,-2.9390137,2.3809862,2.9909863,2.1909864,2.7609863,-2.7190137,0.50098634,1.8009863,0.14098632,-1.4690137,-0.74901366,0.63098633,-0.62901366,-0.63901365,-1.4990137,-0.68901366,-0.9090137,-0.23901367,-0.27901366,-1.1890137,-3.4390137,-3.9190137
-0.55901366,-1.5390136,-5.1290135,-7.8390136,-7.539014,-6.9290137,-7.539014,-8.269013,-6.4890137,-4.8190136,-5.079014,-5.5290136,-4.5290136,-4.4290137,-4.389014,-4.0490136,-2.9990137,-2.6490138,-0.009013671,-2.7090137,-3.4590137,-2.1790137,9.863281E-4,2.7409863,0.39098632,-0.29901367,1.0609863,-0.7290137,0.48098633,0.04098633,-0.19901367,0.31098634,-0.38901368,0.86098635,0.35098633,0.020986328,-0.119013675,-2.3390136,-3.0090137,-1.6590136,-2.0590136
-2.7990136,-6.9190135,-8.409014,-9.049014,-7.5090137,-8.049014,-6.8390136,-4.9690137,-6.3390136,-5.6490135,-5.809014,-5.6890135,-5.6790137,-5.6990137,-5.5090137,-5.519014,-5.5290136,-3.6790137,-1.2490137,1.8709863,-1.4490137,-9.959014,-6.9090137,-6.6690135,-2.0990136,-3.3490136,-2.2890136,-1.1790137,3.2109864,-0.42901367,0.7609863,-1.9090136,-0.51901364,0.5809863,-1.2590137,1.0709863,0.27098632,-0.67901367,6.2209864,6.0209866,2.6509864
-7.9290137,-9.069014,-8.669014,-7.079014,-7.0690136,-6.9590135,-5.1290135,-6.119014,-5.309014,-5.9790134,-6.7590137,-6.309014,-5.9790134,-5.999014,-6.289014,-6.889014,-6.889014,-7.539014,-8.839014,-9.3990135,-7.329014,-5.0090137,-6.6690135,-9.159014,-9.479013,-9.609014,-10.339014,-11.459014,-8.159014,-3.7590137,-1.2890136,-1.2690136,-2.5990136,-1.0490136,-0.119013675,0.9509863,-0.41901368,2.7709863,-1.2290137,2.7809863,1.2709863
-7.5090137,-8.309013,-6.4190135,-7.1290135,-7.1590137,-6.6790137,-6.7790136,-6.5490136,-6.2290134,-5.9590135,-6.2390137,-6.9790134,-6.1090136,-5.6590137,-4.7590137,-6.8790135,-7.6090136,-8.179013,-9.199014,-10.839014,-12.009014,-10.729013,-10.289014,-10.139013,-10.419014,-10.249014,-10.599013,-8.359014,-7.599014,-7.0290136,-7.309014,-5.389014,0.15098633,0.7809863,-2.8190136,-1.6890137,6.5309863,-2.0590136,-3.3790138,4.3909864,5.360986
-7.6590137,-6.6690135,-6.8390136,-7.1290135,-6.2290134,-5.4490137,-5.4690137,-5.639014,-5.8390136,-5.329014,-5.789014,-6.059014,-6.619014,-6.1990137,-5.9790134,-6.2290134,-6.789014,-7.9790134,-9.109014,-9.219013,-9.709014,-8.839014,-8.429013,-8.359014,-8.199014,-8.139013,-7.539014,-5.9690137,-4.8790135,-4.349014,-4.749014,-4.7390137,-5.2390137,-4.0490136,-0.39901367,2.4009864,2.6009862,3.4209864,-0.06901367,-3.4590137,-4.7390137
-6.599014,-6.349014,-6.499014,-6.4090137,-5.829014,-6.039014,-6.1090136,-6.0290136,-6.019014,-5.9490137,-6.0290136,-6.5490136,-6.1790137,-5.8190136,-5.9290137,-6.1590137,-6.0490136,-6.039014,-6.7090135,-7.249014,-6.9590135,-6.369014,-5.849014,-5.6690135,-5.7990136,-4.6890135,-4.599014,-2.9890137,-3.1990137,-2.0990136,-2.6190138,-2.4690137,-1.7590137,-0.7190137,-0.38901368,-0.08901367,0.92098635,-0.68901366,3.3209863,0.4009863,3.6809864
-4.2790136,-4.0890136,-4.1590137,-4.139014,-4.8390136,-5.4390135,-5.2390137,-5.099014,-5.1590137,-5.389014,-5.5290136,-6.0090137,-5.4290137,-5.6490135,-4.6890135,-5.2590137,-4.999014,-5.1890135,-4.4390135,-4.9390135,-4.6790137,-3.9390137,-3.5990136,-2.8690138,-2.5790136,-1.6490136,-0.43901366,-0.26901367,-0.38901368,-0.22901367,0.18098633,0.9009863,0.9709863,-0.039013673,1.8309864,3.5409863,3.0009863,5.360986,7.210986,6.670986,2.7109864
-2.2790136,-2.2990136,-0.56901366,-3.0090137,-4.079014,-4.1590137,-3.8490136,-3.8090136,-3.5690136,-3.7090137,-3.8590136,-3.9890137,-4.2390137,-3.4790137,-3.7190137,-3.2190137,-3.2790136,-2.8290136,-2.7590137,-2.6090136,-2.1290138,-1.3890136,-0.57901365,0.5909863,1.0209863,0.86098635,1.0809864,2.4209864,2.1209862,2.8609862,3.8409863,2.3109863,3.1609864,1.7009864,3.0109863,2.1309862,1.9409863,0.9609863,1.2309864,0.7609863,1.6009864
-2.5890136,-3.2890136,-3.5190136,-4.139014,-2.9090137,-2.0590136,-1.1990137,-0.5990137,-0.61901367,-0.6090137,-1.5290136,-1.6790137,-1.2290137,-1.2190137,-1.5090137,-1.2990136,-0.9590137,-0.14901367,0.16098633,0.9109863,1.8409864,2.2609863,2.4609864,2.8209863,3.3009863,3.6209862,4.0309863,4.380986,4.1609864,4.9909863,4.7909865,4.0509863,2.8409863,1.3509864,1.6109864,-0.40901366,1.4709864,-0.15901367,2.1509864,0.9609863,1.4109863
-2.7390137,-2.5590136,-2.1190138,-1.6090137,-0.48901367,0.9609863,1.3409864,1.5809864,1.5009863,1.0809864,1.4809864,1.5509863,0.75098634,1.0009863,1.4309863,1.5209863,2.0509863,2.1609864,2.4809864,2.8609862,3.1109862,3.0909863,3.9109864,3.9509864,3.7809863,4.0209866,5.380986,4.480986,4.440986,5.5909863,4.0909863,2.3009863,0.92098635,1.8009863,1.4209863,-1.1190137,0.33098632,1.5809864,0.7209863,0.25098634,1.2109864
0.39098632,0.29098633,0.07098633,0.12098633,0.27098632,0.32098633,0.6609863,-0.039013673,-1.2590137,-0.7890137,0.56098634,0.25098634,-0.019013671,1.0809864,2.3409863,1.0409863,1.4909863,2.0409863,2.4909863,3.3509862,3.5309863,3.1709864,3.7809863,3.4709864,3.5209863,3.5909863,3.9309864,3.7209864,3.9509864,3.7009864,1.7309864,1.7709863,2.5409863,2.4409864,2.3609862,2.9109864,2.7409863,1.7109864,2.1909864,1.7009864,0.99098635
2.2809863,2.3309863,2.0009863,2.0709863,1.8809863,1.2009864,1.2309864,1.6009864,1.8509864,-0.21901368,0.27098632,1.6209863,1.2709863,1.2009864,1.5909864,2.0209863,2.6509864,3.3409863,3.1909864,4.3409863,3.9609864,4.3509865,4.6209865,4.3409863,3.9709864,2.6409864,3.6209862,3.4109864,3.0009863,2.4009864,1.9709864,3.0909863,2.8009863,3.4209864,3.5109863,3.5009863,3.4009864,2.4309864,1.4809864,1.5409863,1.4609864
3.7509863,3.3709862,2.5609863,3.4909863,2.9509864,2.6809864,2.6809864,2.5209863,2.1809864,1.0109863,0.43098632,1.0709863,1.5609863,3.1109862,3.0209863,3.2709863,3.5809863,4.0209866,3.6809864,4.3909864,4.5909863,4.7809863,5.2209864,5.3909864,5.7409863,5.0809865,3.2509863,3.3609862,3.7709863,3.0209863,2.7309864,4.110986,3.9109864,4.5809865,3.6509864,1.4509864,0.9109863,3.4509864,2.5609863,1.8409864,2.8109863
2.4309864,5.1409864,4.630986,4.380986,4.170986,4.0409865,4.4909863,3.3709862,3.2109864,1.5809864,1.0409863,2.2909863,1.7109864,1.3009863,3.4509864,3.3509862,4.3309865,4.250986,3.6109862,4.650986,4.900986,5.0109863,5.0309863,4.9909863,5.230986,5.5509863,5.7809863,5.150986,4.2809863,3.9509864,4.130986,5.5109863,5.0709863,5.1409864,2.8709862,1.6709863,2.0309863,0.5109863,0.74098635,1.5409863,0.9609863
