wind_kz.json
{"header": {"discipline":0,"disciplineName":"Meteorological products","gribEdition":2,"gribLength":1025,"center":7,"centerName":"US National Weather Service - NCEP(WMC)","subcenter":0,"refTime":"2023-09-20T18:00:00.000Z","significanceOfRT":1,"significanceOfRTName":"Start of forecast","productStatus":0,"productStatusName":"Operational products","productType":1,"productTypeName":"Forecast products","productDefinitionTemplate":0,"productDefinitionTemplateName":"Analysis/forecast at horizontal level/layer at a point in time","parameterCategory":2,"parameterCategoryName":"UnknownDiscipline_0_Category_2","parameterNumber":3,"parameterNumberName":"UnknownParameter_D0_C2_3","parameterUnit":"Unknown","genProcessType":2,"genProcessTypeName":"Forecast","forecastTime":60,"surface1Type":103,"surface1TypeName":"Specified height level above ground","surface1Value":10.0,"surface2Type":255,"surface2TypeName":"Missing","surface2Value":0.0,"gridDefinitionTemplate":0,"gridDefinitionTemplateName":"Latitude_Longitude","numberPoints":615,"shape":6,"shapeName":"Earth spherical with radius of 6,371,229.0 m","gridUnits":"degrees","resolution":48,"winds":"true","scanMode":64,"nx":41,"ny":15,"basicAngle":0,"lo1":47.0,"la1":41.0,"lo2":87.0,"la2":55.0,"dx":1.0,"dy":1.0}, "data":
[rows 0 to 14 of 15, columns 0 to 40 of 41]
1.5962207,2.0062208,1.3162208,4.9162207,2.9862206,0.4962207,1.8162208,2.0362208,1.0162207,1.2562207,-2.0837793,-1.7937793,-2.5337794,-2.9337792,-3.5737793,-4.843779,-5.803779,-4.8137794,-5.4237795,-4.2537794,-3.5137794,-1.7937793,0.016220704,0.7162207,1.2762207,-1.3937793,-2.4537792,-0.4337793,-1.8937793,-3.3937793,-2.7237792,-3.3137794,-2.1837792,1.7062207,-1.4637793,-0.033779297,-1.7437793,-0.9737793,-0.3837793,-5.5837793,-7.513779
0.2262207,2.1362207,3.8462207,5.8662205,3.4562206,2.0062208,1.4462208,1.8062207,0.9262207,-0.5837793,-0.9337793,-2.2237792,-2.3437793,-2.4337792,-4.0437794,-3.6637793,-3.6237793,-3.7437792,-4.4837794,-4.8937793,-5.573779,-4.4137793,-0.7137793,-1.6137793,1.0162207,2.2262206,3.3262208,0.3162207,0.4662207,1.4762207,-1.8237793,-3.6437793,-3.1637793,-4.0037794,-0.8937793,4.0762205,2.9862206,4.506221,4.9562206,1.0762208,3.5762208
2.5462208,4.5362206,5.3662205,4.176221,3.3262208,2.4562206,2.3962207,1.2762207,0.3062207,-1.5637794,-1.8537793,-1.1537793,-1.7537793,-1.7837793,-2.2637794,-3.2437792,-3.2237792,-3.9737792,-3.3837793,-5.0237794,-3.0837793,-4.703779,-4.6337795,-1.8837793,-1.6737792,-1.6237793,-1.1837792,-1.7137793,0.036220703,0.5362207,-0.7037793,1.9562207,0.7462207,-1.7937793,1.1962208,-0.9737793,-2.2137792,-3.1737792,-2.3637793,0.2862207,-2.5137794
3.5062208,4.4562206,4.966221,3.6362207,3.4862206,3.2362206,3.3562207,1.5062207,-0.3737793,0.4362207,-1.0237793,-1.5637794,-2.3437793,-3.2437792,-2.3937793,-3.3537793,-4.013779,-4.8537793,-5.4337792,-4.803779,-4.6737795,-4.2337794,-1.1937793,-1.4337792,-1.3737793,-0.6237793,0.5862207,-0.4637793,-0.5537793,0.42622072,0.9262207,-1.2537793,2.4862206,-0.9937793,-0.1437793,0.1562207,3.2162206,1.5362207,-4.2737794,-2.6637793,-2.2137792
2.4162207,1.3162208,1.2962207,0.8762207,2.7362206,2.8462207,3.1762207,2.8962207,1.5662208,0.7262207,-0.7037793,-1.2837793,-2.2237792,-3.0937793,-3.5337794,-4.0437794,-4.3337793,-4.2737794,-4.573779,-4.513779,-4.2337794,-2.0837793,-0.6637793,-1.5037793,-0.6737793,0.2362207,0.6362207,-0.023779297,1.1462207,1.8062207,2.0562208,0.3862207,0.016220704,-2.1537793,-0.1437793,1.2962207,-0.26377928,-0.4937793,0.3462207,-3.4037793,-0.3837793
1.9062207,1.3862207,-0.4337793,0.7662207,1.4762207,1.1662207,2.9462206,1.8662207,0.9262207,0.2062207,-0.4637793,-2.0437794,-1.8837793,-2.0537794,-2.8337793,-2.8137794,-2.8937793,-3.2937794,-4.4437795,-4.203779,-3.2137792,-3.5037794,-3.9637792,-2.1237793,-1.3137794,-2.2437792,-1.1537793,2.0662208,0.4362207,2.5262208,2.0362208,2.1362207,2.8062208,1.6462207,0.9662207,-1.3437793,-2.7637794,-7.1737795,-4.0037794,-0.9637793,0.8762207
1.5862207,1.6462207,1.4262207,1.7562207,2.8562207,1.9562207,1.4962207,1.0962207,0.1562207,-0.9837793,-1.9737793,-1.7937793,-2.7337792,-3.2937794,-3.1637793,-2.9537792,-2.9437792,-2.7937794,-2.7537794,-3.1337793,-3.1937792,-3.2037792,-3.2637794,-3.1937792,-3.1837792,-3.2237792,-2.4437792,-3.2237792,-1.8537793,0.5762207,1.9262207,2.8962207,3.3862207,3.1362207,0.4662207,-0.2037793,2.5362208,2.5162208,-4.1237793,1.9762207,0.6962207
2.1962206,1.9162207,2.1362207,1.9362206,1.9362206,1.5962207,0.7862207,0.3062207,-0.3337793,-1.3837793,-2.6337793,-2.6837792,-2.7237792,-3.7737794,-3.6537793,-3.6137793,-3.3637793,-3.0537794,-2.6137793,-3.4037793,-3.5537794,-3.0037794,-3.0337794,-2.3837793,-2.5337794,-2.9137793,-3.2937794,-3.4637792,-2.9837792,-2.1437793,-2.5037794,-2.2337792,-0.2437793,1.6162207,4.5162206,3.4662206,1.2862207,-1.3037792,0.1962207,-0.5137793,-1.8037792
1.8662207,1.0762208,0.8862207,1.0262207,0.7862207,0.7562207,0.5662207,-0.3037793,-0.7637793,-2.2637794,-3.1137793,-2.9337792,-4.3337793,-3.8937793,-3.9037793,-3.7937794,-3.7237792,-3.4637792,-3.0037794,-3.1937792,-2.9937792,-4.243779,-4.613779,-4.993779,-3.7337792,-5.1637793,-3.4737792,-2.1737792,-2.7237792,-2.1837792,-3.4637792,-1.9237792,-0.3537793,2.5962207,-3.8937793,0.116220705,1.5962207,5.006221,3.6562207,0.8362207,2.8862207
1.3562207,0.9862207,1.1562207,1.1362207,0.5462207,0.0962207,-0.2737793,-0.9137793,-1.9237792,-1.8537793,-2.7537794,-3.4337792,-3.0437794,-3.9037793,-3.8337793,-3.3737793,-3.2937794,-3.5337794,-3.4737792,-4.0437794,-3.5137794,-3.6337793,-3.7537794,-4.593779,-5.203779,-4.5037794,-4.0437794,-5.1837792,-5.053779,-5.7337794,-6.533779,-5.223779,-4.6237793,-0.5737793,1.6162207,-0.22377929,2.6862206,3.0462208,4.0862207,5.196221,2.3362207
1.8462207,1.4162207,1.6362207,0.6262207,-0.6937793,-1.6737792,-1.4837793,-1.4137793,-1.9037793,-2.1637793,-3.0337794,-2.8037794,-2.9837792,-2.9637792,-3.0237794,-3.4037793,-4.343779,-4.9237795,-4.0237794,-3.8637793,-3.1837792,-3.2137792,-3.8037794,-4.4037795,-4.8837795,-4.8737793,-4.973779,-5.303779,-5.4637794,-6.303779,-7.1837792,-7.223779,-6.863779,-5.453779,-3.8537793,-2.1537793,4.3562207,2.7162206,8.036221,3.7862208,2.3562207
1.2862207,0.8362207,0.5062207,0.016220704,-1.2837793,-1.3837793,-1.6337793,-2.3437793,-2.1337793,-2.0237794,-1.2837793,-2.2837794,-3.3737793,-3.5137794,-2.8037794,-3.1137793,-3.7637794,-4.053779,-3.4937792,-3.3737793,-3.5937793,-4.2337794,-3.8037794,-4.1437793,-4.473779,-5.1337795,-4.723779,-5.1637793,-5.573779,-5.473779,-5.9037795,-6.863779,-5.6037793,-6.6637793,-5.243779,-5.553779,-0.6437793,-4.323779,2.6662207,-0.8137793,0.076220706
0.8862207,0.006220703,-0.093779296,0.4162207,0.42622072,0.13622071,-0.5637793,-1.4537793,-1.8837793,-0.9737793,-1.7537793,-2.9737792,-2.5537794,-3.2737794,-4.1937795,-4.263779,-3.2837794,-3.8337793,-4.013779,-3.4237792,-3.9937792,-4.573779,-4.1737795,-4.6737795,-5.1737795,-5.8837795,-6.3337793,-4.573779,-4.8737793,-5.7937794,-5.053779,-4.953779,-5.283779,-5.1237793,-5.9037795,-5.783779,-5.493779,-3.7037792,-4.513779,3.2062206,4.8762207
0.6562207,0.2062207,0.48622072,0.5862207,0.7762207,-0.0837793,-0.4537793,-0.6337793,-0.6937793,-1.8637793,-1.5737793,-1.6237793,-3.9237792,-3.2537794,-3.0537794,-3.9437792,-2.6337793,-3.0637794,-3.3437793,-4.1237793,-4.573779,-4.3537793,-4.1237793,-4.2337794,-5.033779,-5.5437794,-5.973779,-5.0037794,-5.283779,-5.4837794,-5.243779,-4.723779,-4.5437794,-3.9337792,-4.0837793,-5.1637793,-5.573779,-4.6737795,-5.4137793,-4.7537794,3.3562207
1.0962207,0.1762207,0.2662207,1.0462207,0.5862207,0.6862207,0.48622072,0.6762207,0.086220704,-0.1737793,-0.3937793,-1.6837792,-1.2737793,-2.8037794,-3.3937793,-2.6237793,-2.0137794,-2.6537793,-3.0337794,-4.013779,-4.323779,-4.243779,-4.2737794,-4.6037793,-5.0037794,-5.263779,-5.243779,-5.573779,-5.613779,-5.5637794,-5.3837795,-4.6937795,-3.9237792,-3.9337792,-3.8237793,-3.9037793,-3.7737794,-4.553779,-5.5437794,-5.4237795,-1.8137794
