wind_kz.json
{"header": {"discipline":0,"disciplineName":"Meteorological products","gribEdition":2,"gribLength":948,"center":7,"centerName":"US National Weather Service - NCEP(WMC)","subcenter":0,"refTime":"2023-09-08T00:00:00.000Z","significanceOfRT":1,"significanceOfRTName":"Start of forecast","productStatus":0,"productStatusName":"Operational products","productType":1,"productTypeName":"Forecast products","productDefinitionTemplate":0,"productDefinitionTemplateName":"Analysis/forecast at horizontal level/layer at a point in time","parameterCategory":0,"parameterCategoryName":"UnknownDiscipline_0_Category_0","parameterNumber":0,"parameterNumberName":"UnknownParameter_D0_C0_0","parameterUnit":"Unknown","genProcessType":2,"genProcessTypeName":"Forecast","forecastTime":180,"surface1Type":1,"surface1TypeName":"Ground or water surface","surface1Value":0.0,"surface2Type":255,"surface2TypeName":"Missing","surface2Value":0.0,"gridDefinitionTemplate":0,"gridDefinitionTemplateName":"Latitude_Longitude","numberPoints":615,"shape":6,"shapeName":"Earth spherical with radius of 6,371,229.0 m","gridUnits":"degrees","resolution":48,"winds":"true","scanMode":64,"nx":41,"ny":15,"basicAngle":0,"lo1":47.0,"la1":41.0,"lo2":87.0,"la2":55.0,"dx":1.0,"dy":1.0}, "data":
[rows 0 to 14 of 15, columns 0 to 40 of 41]
293.96686,285.86688,292.76688,297.76688,297.66687,296.56686,307.16687,311.96686,308.76688,309.46686,304.96686,308.56686,307.66687,307.56686,306.96686,306.36688,305.76688,304.76688,305.26688,304.66687,306.26688,301.76688,301.96686,298.16687,301.26688,304.56686,299.36688,284.76688,283.46686,281.46686,280.16687,284.86688,294.86688,303.36688,304.46686,299.76688,298.86688,301.86688,301.06686,302.46686,302.56686
276.76688,292.26688,297.36688,297.46686,297.26688,295.96686,311.36688,307.86688,306.16687,305.86688,307.36688,306.16687,305.36688,304.26688,304.36688,305.46686,306.16687,305.76688,303.46686,303.26688,303.06686,302.26688,300.06686,292.06686,284.76688,285.96686,293.76688,283.56686,282.66687,278.36688,281.66687,273.86688,285.16687,260.26688,280.96686,293.16687,291.96686,294.36688,303.36688,294.76688,284.76688
293.76688,296.86688,297.86688,297.36688,295.06686,304.76688,303.26688,304.46686,303.86688,300.86688,301.56686,302.86688,301.26688,303.16687,303.56686,303.96686,303.76688,302.86688,302.76688,302.66687,304.26688,302.16687,300.56686,294.06686,297.86688,296.56686,297.86688,297.36688,292.96686,282.96686,271.66687,273.86688,278.46686,278.96686,280.86688,279.86688,273.06686,276.46686,277.66687,276.96686,270.36688
296.86688,296.46686,297.26688,296.16687,294.36688,301.96686,303.96686,304.46686,305.36688,304.36688,301.76688,299.26688,293.36688,292.66687,302.36688,303.56686,302.26688,302.56686,302.86688,302.36688,300.46686,296.36688,300.76688,300.26688,300.36688,300.26688,300.76688,297.46686,296.16687,295.36688,294.46686,288.56686,294.06686,293.26688,290.86688,283.36688,273.66687,271.96686,274.36688,284.46686,287.46686
295.56686,294.46686,295.36688,294.36688,298.16687,301.86688,300.56686,302.56686,301.46686,303.66687,303.76688,300.96686,292.86688,291.76688,290.16687,302.46686,302.56686,300.66687,300.06686,301.06686,301.66687,301.86688,300.66687,300.26688,300.36688,300.16687,299.06686,296.16687,296.86688,295.36688,297.16687,293.66687,277.46686,265.66687,281.16687,285.46686,289.36688,287.66687,288.06686,288.36688,290.26688
303.86688,300.86688,293.76688,293.26688,293.36688,293.36688,303.66687,304.36688,299.96686,300.16687,301.86688,300.46686,293.66687,293.36688,296.16687,299.26688,301.26688,301.56686,301.26688,301.66687,300.56686,299.76688,299.26688,298.96686,298.36688,296.66687,298.06686,291.96686,297.06686,295.76688,292.76688,293.96686,292.26688,291.96686,284.66687,290.36688,280.16687,281.66687,290.06686,290.36688,289.76688
298.66687,302.96686,305.86688,300.16687,301.26688,299.26688,305.86688,304.06686,304.86688,303.46686,299.96686,300.16687,299.46686,299.36688,298.66687,299.66687,299.96686,300.76688,300.46686,299.36688,298.56686,298.76688,297.96686,297.86688,295.96686,294.86688,294.66687,293.26688,293.26688,292.56686,292.16687,291.36688,291.26688,292.26688,291.26688,289.76688,282.66687,278.36688,276.96686,276.46686,287.96686
301.56686,303.06686,302.06686,306.66687,308.06686,307.36688,307.36688,304.66687,302.36688,302.16687,301.46686,300.56686,299.86688,298.96686,299.16687,298.06686,298.16687,299.06686,298.66687,297.26688,295.76688,296.16687,296.56686,295.56686,291.96686,288.26688,287.06686,289.86688,287.26688,288.46686,288.06686,287.96686,287.66687,285.46686,285.66687,288.16687,289.56686,289.36688,289.66687,290.16687,287.26688
303.16687,303.76688,300.46686,304.66687,304.06686,304.66687,303.86688,302.76688,301.66687,301.26688,300.36688,299.96686,299.16687,300.46686,299.06686,299.36688,297.96686,298.66687,296.66687,295.86688,293.66687,293.26688,293.76688,292.76688,290.96686,290.96686,287.46686,285.76688,284.96686,283.46686,284.16687,284.96686,285.46686,286.46686,285.76688,283.56686,284.46686,283.86688,273.76688,274.26688,273.96686
302.56686,304.06686,301.66687,305.16687,304.26688,302.86688,302.36688,299.46686,300.86688,300.16687,299.46686,298.16687,299.36688,299.16687,298.76688,297.66687,297.86688,297.56686,296.46686,295.96686,293.96686,292.96686,292.76688,292.76688,291.96686,290.26688,287.46686,286.56686,286.26688,285.66687,285.36688,287.16687,287.76688,287.96686,287.26688,285.96686,282.16687,280.36688,276.66687,276.76688,274.26688
302.86688,297.76688,302.16687,302.76688,301.46686,300.86688,300.56686,300.16687,299.76688,299.26688,298.26688,298.26688,298.46686,296.66687,297.96686,297.06686,297.46686,297.46686,296.46686,294.76688,294.66687,293.86688,292.66687,291.86688,290.76688,290.26688,287.96686,289.06686,288.16687,289.16687,289.76688,288.66687,288.16687,287.46686,287.56686,285.76688,279.86688,279.26688,279.16687,278.96686,276.66687
301.96686,304.16687,302.96686,302.06686,300.46686,299.66687,298.46686,298.06686,298.66687,298.16687,296.06686,295.46686,295.86688,294.76688,294.66687,296.06686,296.56686,296.36688,295.56686,294.36688,290.26688,288.56686,289.86688,291.16687,290.26688,288.66687,289.36688,290.76688,290.76688,289.26688,288.86688,288.36688,287.06686,287.06686,287.46686,287.16687,286.26688,284.66687,283.56686,283.36688,282.76688
296.86688,299.46686,300.86688,300.56686,298.66687,297.46686,297.96686,298.96686,298.26688,295.66687,292.96686,292.46686,293.56686,292.66687,293.76688,294.36688,294.26688,294.06686,294.56686,293.06686,292.76688,291.46686,290.86688,289.66687,290.56686,291.36688,291.26688,290.56686,290.26688,289.96686,289.26688,287.06686,286.96686,288.36688,287.56686,286.86688,285.76688,285.76688,285.56686,284.06686,283.96686
297.76688,298.56686,293.16687,298.26688,297.36688,296.76688,296.16687,294.96686,296.26688,294.66687,292.76688,291.36688,291.96686,293.56686,294.16687,294.26688,294.06686,293.66687,294.26688,293.16687,294.46686,293.66687,292.86688,292.16687,292.26688,292.86688,291.06686,289.06686,289.16687,289.76688,288.76688,287.96686,286.16687,286.46686,286.76688,285.86688,285.26688,285.76688,284.76688,282.76688,283.76688
296.36688,299.06686,289.16687,297.86688,297.56686,296.36688,296.26688,296.16687,296.76688,296.26688,294.46686,290.26688,290.56686,289.56686,293.36688,294.26688,294.16687,294.06686,295.56686,295.16687,295.16687,294.26688,293.46686,292.66687,292.56686,292.46686,292.56686,290.96686,290.56686,288.96686,287.66687,286.76688,286.96686,286.16687,286.76688,286.16687,287.06686,284.86688,285.26688,284.86688,284.26688
