wind_kz.json
{"header": {"discipline":0,"disciplineName":"Meteorological products","gribEdition":2,"gribLength":1025,"center":7,"centerName":"US National Weather Service - NCEP(WMC)","subcenter":0,"refTime":"2023-09-28T18:00:00.000Z","significanceOfRT":1,"significanceOfRTName":"Start of forecast","productStatus":0,"productStatusName":"Operational products","productType":1,"productTypeName":"Forecast products","productDefinitionTemplate":0,"productDefinitionTemplateName":"Analysis/forecast at horizontal level/layer at a point in time","parameterCategory":2,"parameterCategoryName":"UnknownDiscipline_0_Category_2","parameterNumber":2,"parameterNumberName":"UnknownParameter_D0_C2_2","parameterUnit":"Unknown","genProcessType":2,"genProcessTypeName":"Forecast","forecastTime":180,"surface1Type":103,"surface1TypeName":"Specified height level above ground","surface1Value":10.0,"surface2Type":255,"surface2TypeName":"Missing","surface2Value":0.0,"gridDefinitionTemplate":0,"gridDefinitionTemplateName":"Latitude_Longitude","numberPoints":615,"shape":6,"shapeName":"Earth spherical with radius of 6,371,229.0 m","gridUnits":"degrees","resolution":48,"winds":"true","scanMode":64,"nx":41,"ny":15,"basicAngle":0,"lo1":47.0,"la1":41.0,"lo2":87.0,"la2":55.0,"dx":1.0,"dy":1.0}, "data":
[rows 0 to 14 of 15, columns 0 to 40 of 41]
-0.9178467,0.7321533,-0.7978467,2.6621532,-1.5778466,-0.68784666,0.16215332,-1.2078466,-0.56784666,0.5421533,0.9221533,0.9721533,-0.39784667,3.1021533,3.8221533,1.7521533,0.9721533,2.5221534,0.04215332,-3.3178468,2.2221534,1.3621533,4.6221533,1.9021534,-1.4578466,-0.68784666,1.8221533,1.0221534,-0.4978467,1.3121533,-0.29784667,0.2521533,-0.5178467,-3.2478466,-5.8478465,-4.6378465,-4.9578466,-3.5578468,-3.6378467,-3.8578467,-4.1478467
1.3721533,-2.3878467,-3.4778466,-3.9178467,-3.7278466,-4.1178465,-3.4478467,-2.8278468,-1.2178466,-0.05784668,-1.8678467,-1.0678467,-1.8078467,-2.1978467,-1.8078467,-0.6078467,2.5821533,3.9921534,-0.2778467,-0.68784666,1.4021534,4.6921535,5.0021534,-1.9478467,-0.26784667,-0.7878467,1.1221533,-0.11784668,2.7121534,1.1321533,0.5221533,0.05215332,-0.94784665,0.27215332,0.75215334,-3.3178468,-2.0678468,-4.1678467,-2.1578467,-0.8578467,-0.87784666
-2.9778466,-4.8078465,-3.8578467,-4.1278467,-4.8278465,-4.4378467,-2.9678466,-1.9378467,-1.7978467,-0.02784668,0.48215333,1.5121533,1.2421533,1.5421534,-0.5778467,0.5821533,2.9421532,2.6821532,0.20215333,-1.7278466,1.6621534,7.1321535,3.9321532,3.5421534,-1.1478467,2.0021534,1.1721534,-1.5978466,2.3621533,0.32215333,0.23215333,0.21215332,-0.7778467,-0.4678467,0.14215332,1.7321533,1.1621534,0.36215332,-0.28784668,2.7621534,2.1721532
-5.027847,-4.967847,-4.8578467,-4.7278466,-4.1178465,-2.5378466,-1.8878467,-2.1978467,0.3721533,1.9021534,0.63215333,-2.0378466,-0.28784668,1.2821534,1.6921533,1.5121533,2.0821533,0.44215333,1.0521533,0.56215334,1.3521533,2.1721532,-1.8878467,-4.4978466,-4.9578466,-3.1178467,-4.697847,-5.7078466,-3.8878467,-1.3678467,-2.3978467,-3.4778466,-4.8578467,-2.6878467,-3.7778466,-1.4578466,0.5921533,1.5521533,-1.9878467,-1.4478467,-3.6378467
-4.7878466,-5.507847,-5.1178465,-5.447847,-3.7378466,-3.4078467,-2.1478467,0.48215333,0.5121533,-1.4678466,-1.6178467,-2.4478467,-3.4978466,-4.317847,-3.0278466,-4.237847,-5.4978466,-5.987847,-7.1478467,-8.217847,-7.3878465,-6.507847,-7.6678467,-7.197847,-6.0878468,-6.8578467,-8.457847,-4.487847,-4.4378467,-3.5178466,-2.7778466,1.2321533,2.2821534,1.1121533,-3.0878468,-3.1678467,-4.047847,-5.007847,-3.4578466,-4.3578467,-4.1578465
-2.7178466,-2.5378466,-3.3678467,-2.4678466,-3.0478468,-2.0878468,-1.9778466,-1.7478467,-0.9778467,-1.5978466,-2.6878467,-3.0978467,-3.1378467,-4.1178465,-4.0578465,-5.217847,-6.2478466,-7.3978467,-8.357846,-7.237847,-7.6278467,-8.177847,-6.297847,-7.6378465,-8.007847,-8.827847,-8.127847,-6.507847,-5.2878466,-4.3478465,-4.067847,-3.0078466,-1.3178467,-0.9878467,-1.3478466,-6.6078467,-0.99784666,-3.5078466,-3.0478468,-2.0678468,-1.5378467
-1.0378467,-0.5378467,-0.32784668,-0.14784668,-0.35784668,-0.6578467,-0.7278467,-1.5078467,-1.6278467,-2.3078468,-2.4378467,-2.8178468,-2.9078467,-3.5778468,-3.8478467,-5.0978465,-5.8378468,-5.967847,-7.1578465,-7.4078465,-7.257847,-6.527847,-6.487847,-6.7078466,-7.4378467,-7.0978465,-6.2878466,-5.8578467,-5.7878466,-5.1478467,-5.217847,-4.8578467,-4.6178465,-5.257847,-5.9178467,-5.3278465,-1.9978467,-1.4378467,-1.0278467,0.5121533,-0.47784668
1.0521533,1.7221533,1.6221533,1.7621533,1.4121534,1.1821533,0.8321533,0.02215332,-1.2078466,-2.4278467,-2.5078466,-2.0778468,-2.8278468,-2.9378467,-2.0178466,-3.4078467,-3.9678466,-4.0378466,-3.4478467,-5.3878465,-4.8578467,-5.0978465,-4.6078467,-3.8778467,-4.467847,-4.8278465,-4.507847,-4.9178467,-6.257847,-5.257847,-6.2878466,-5.2478466,-6.3478465,-4.5178466,-5.677847,-3.4978466,-1.3178467,-2.5878468,-3.2378466,-2.3578467,0.22215332
1.3821533,2.3621533,3.5421534,2.7721534,2.8221533,1.7121533,1.3721533,-1.2178466,-0.10784668,-1.0578467,-1.8378466,-2.8178468,-3.4078467,-3.0478468,-3.6678467,-2.1678467,-2.8378468,-3.4578466,-3.7778466,-4.4778466,-5.447847,-4.8278465,-4.067847,-3.8778467,-4.1278467,-3.0878468,-3.5078466,-4.177847,-4.547847,-4.2878466,-4.9978466,-4.027847,-3.0578468,-2.8478467,-2.1378467,-1.1278467,-3.1478467,-0.20784669,0.08215332,-1.0978466,-0.28784668
1.9621533,1.8121533,1.6021533,1.9321533,0.9021533,-0.3178467,0.35215333,0.80215335,0.80215335,0.6621533,-0.12784667,-1.7078466,-1.8678467,-2.4078467,-3.4578466,-3.5778468,-3.1478467,-1.8178467,-2.2278466,-2.8578467,-4.6278467,-4.3778467,-3.9678466,-4.3978467,-4.3678465,-4.757847,-3.9278467,-4.2278466,-4.2678466,-4.2078466,-3.5078466,-2.7978468,-2.0678468,-2.1678467,-0.6378467,-1.6878467,0.4721533,-0.67784667,-0.11784668,-0.6078467,-0.3478467
-0.67784667,2.1421533,1.5321534,2.0521533,1.9821533,0.13215332,1.5221534,1.3021533,0.9121533,0.7721533,0.81215334,1.1221533,0.62215334,-1.7578467,-1.6278467,-2.0178466,-2.8578467,-2.7778466,-0.7978467,-0.5478467,-1.6178467,-2.2078466,-2.4978466,-2.1378467,-2.3678467,-2.5078466,-3.0278466,-2.4978466,-2.9878466,-2.5978467,-2.7278466,-2.2778466,-2.0478468,-2.2878466,-2.1778467,-0.42784667,0.3121533,-1.2678467,-0.17784669,-0.99784666,-0.15784667
0.6421533,-1.0478467,1.6621534,2.5121534,2.7221534,3.1021533,1.1921533,2.8521533,1.8621533,0.8921533,0.38215333,2.0021534,1.8821533,1.9921533,1.0921533,1.0021533,0.38215333,-0.4978467,-1.3678467,-1.7578467,0.3121533,0.23215333,-0.41784668,-0.29784667,-0.17784669,-0.28784668,-0.8378467,-1.1878467,-1.4478467,-1.2478467,-1.4578466,-1.1978467,-1.2578467,-1.7278466,-2.0178466,-2.6578467,-3.1878467,-2.7878466,-1.8678467,-1.2178466,-0.99784666
1.0021533,1.4421533,1.2221533,2.8021533,1.7921534,2.4921534,3.9021533,3.8521533,4.0821533,0.09215332,0.6021533,2.4721534,1.9321533,3.0421534,3.0721533,3.2021532,2.5021534,2.0121534,1.5321534,0.99215335,0.57215333,0.5421533,2.0921533,1.4221534,1.8821533,2.0521533,1.4921533,1.7021533,1.8621533,1.4221534,0.6421533,0.5221533,0.3121533,0.19215332,-0.5478467,-0.9778467,-1.5378467,-1.0678467,-1.9478467,-1.9378467,-1.0978466
2.9221532,3.4021533,4.202153,3.6421533,3.8221533,4.1121535,3.7521534,4.282153,4.8821535,3.6121533,2.0121534,1.4021534,3.2021532,2.7321534,3.5521533,4.3521533,4.072153,3.6121533,3.0721533,3.7921534,3.2821534,3.5321534,3.0821533,2.8621533,2.7321534,1.9321533,1.8621533,2.5521533,2.1121533,1.7021533,2.2521534,2.1621532,1.9021534,1.7221533,1.2621533,1.3621533,0.50215334,0.38215333,0.41215333,0.8521533,-0.38784668
3.0921533,4.702153,6.2121534,5.2521534,5.572153,5.682153,5.972153,4.7521534,5.472153,4.9621534,3.1221533,4.5221534,3.5721533,2.1021533,3.5321534,3.9221532,4.1121535,4.3821535,4.222153,4.452153,4.3921533,3.9521532,4.0221534,3.9621534,3.5121534,3.2421534,3.6121533,3.3221533,2.9621534,2.6321533,2.0421534,3.0521533,2.6221533,2.5621533,2.6721532,2.7021532,1.6721534,2.7321534,2.7421534,1.5921533,0.7121533
