wind_kz.json
{"header": {"discipline":0,"disciplineName":"Meteorological products","gribEdition":2,"gribLength":1025,"center":7,"centerName":"US National Weather Service - NCEP(WMC)","subcenter":0,"refTime":"2023-09-29T12:00:00.000Z","significanceOfRT":1,"significanceOfRTName":"Start of forecast","productStatus":0,"productStatusName":"Operational products","productType":1,"productTypeName":"Forecast products","productDefinitionTemplate":0,"productDefinitionTemplateName":"Analysis/forecast at horizontal level/layer at a point in time","parameterCategory":2,"parameterCategoryName":"UnknownDiscipline_0_Category_2","parameterNumber":3,"parameterNumberName":"UnknownParameter_D0_C2_3","parameterUnit":"Unknown","genProcessType":2,"genProcessTypeName":"Forecast","forecastTime":60,"surface1Type":103,"surface1TypeName":"Specified height level above ground","surface1Value":10.0,"surface2Type":255,"surface2TypeName":"Missing","surface2Value":0.0,"gridDefinitionTemplate":0,"gridDefinitionTemplateName":"Latitude_Longitude","numberPoints":615,"shape":6,"shapeName":"Earth spherical with radius of 6,371,229.0 m","gridUnits":"degrees","resolution":48,"winds":"true","scanMode":64,"nx":41,"ny":15,"basicAngle":0,"lo1":47.0,"la1":41.0,"lo2":87.0,"la2":55.0,"dx":1.0,"dy":1.0}, "data":
[rows 0 to 14 of 15, columns 0 to 40 of 41]
0.2894342,-1.7705657,0.6994342,3.1894343,0.8094342,1.2094342,1.5494342,1.2894342,0.6994342,0.7994342,-0.5705658,0.4794342,0.3494342,-0.5205658,-2.1705658,-3.0905657,-2.5605657,-2.1505659,-0.6105658,-0.9105658,-1.0705658,-1.8405658,0.8594342,0.4194342,-2.1605659,-0.7305658,-0.8605658,1.2994342,2.879434,4.259434,1.2094342,-0.5205658,0.7994342,-1.4805658,-0.56056577,-0.36056578,-0.3705658,0.74943423,0.2294342,1.5894341,1.7394342
3.4794343,0.9894342,1.6994342,1.7194343,0.99943423,1.5394342,0.1294342,1.9394342,1.9894342,0.7894342,-0.1605658,-5.657959E-4,-0.6305658,-1.8505658,-3.7305658,-3.4805658,-2.380566,-0.3805658,-2.3205657,-1.9705658,-2.110566,-1.3305658,-0.040565796,1.5594342,1.3794342,0.2994342,-1.8005658,2.0794342,0.3194342,2.3094342,3.5594342,5.4094343,1.5194342,0.1994342,-2.1805658,-0.39056578,-0.8205658,-1.0705658,-0.1405658,-1.7805657,1.6594342
2.0894341,3.4094343,1.5694342,0.3694342,1.8094342,0.11943421,0.5194342,1.1494342,2.0394342,2.2694342,2.9694343,3.3394341,0.2594342,-2.130566,-3.3005657,-3.8905659,-1.5705658,-2.5905657,-2.0205657,-1.8605658,-0.8605658,-0.4305658,0.8994342,1.4994342,1.7994342,-0.21056579,0.5094342,1.1594342,-0.2605658,2.2694342,2.9494343,2.0994341,2.2894342,-0.9505658,-0.4405658,3.0294342,5.5794344,1.1694342,1.0794342,-0.8305658,0.4794342
0.059434205,0.9794342,0.8694342,-0.080565795,-0.3805658,-0.120565794,-0.3405658,0.5494342,1.7394342,1.9194342,1.5994343,0.38943422,-2.1505659,-4.870566,-3.3105657,-3.2005658,-3.3405657,-2.7805657,-3.360566,-3.370566,-2.860566,-1.3505658,-2.6405659,-0.2805658,0.9494342,0.17943421,0.4094342,-1.2205658,2.9794343,2.9094343,1.4694343,-0.9105658,-1.7005658,-0.4305658,-0.6305658,-4.240566,-1.7905658,1.6494342,1.2094342,0.7894342,0.9494342
0.2994342,1.2594342,0.3794342,-0.3505658,-0.3305658,-0.2505658,-0.2505658,0.8294342,1.4694343,0.4394342,1.2294343,1.0794342,-3.0605657,-4.2105656,-4.6705656,-3.3205657,-1.6305658,-2.9205658,-2.1605659,-0.24056579,-2.360566,-2.9905658,-3.4105659,-2.2105658,1.4894342,0.2994342,-0.6205658,0.7594342,2.869434,0.3194342,-1.8505658,0.2494342,1.0894341,1.7194343,-0.4705658,-1.7805657,1.1094342,-2.7105658,-1.7305658,0.9694342,0.32943422
0.14943421,-0.42056578,-0.9405658,-2.0305657,-0.6105658,-0.8305658,-0.1705658,2.379434,2.6794343,1.8594342,1.1694342,-0.7805658,-2.8905659,-4.250566,-4.290566,-3.6405659,-4.060566,-3.8005657,-4.6305656,0.1094342,-2.7305658,-3.3205657,-4.470566,-4.5105658,2.9594343,2.5794342,-0.4505658,1.6594342,-0.9805658,-1.0905658,-2.6405659,-2.1805658,-2.1605659,-2.360566,0.7794342,2.619434,3.2794342,3.7594342,-1.2705657,-1.9705658,-0.2505658
1.4094342,0.5294342,-1.8805658,-1.1005658,-2.350566,-1.5005658,0.5094342,0.3194342,-0.1105658,1.7594342,1.0194342,-0.50056577,-2.0305657,-3.2305658,-3.130566,-3.870566,-4.120566,-4.140566,-3.9605658,-0.3705658,-3.4305658,-4.1105657,-4.870566,-4.5905657,-2.7105658,-0.120565794,0.4494342,-0.030565796,1.5394342,-1.7205658,-3.4905658,-6.2105656,-4.8805656,-2.350566,-1.4105659,-1.4605658,-3.2105658,-1.9305658,1.5394342,0.4294342,1.2194343
2.4594343,1.4594342,0.4294342,-0.7205658,0.0794342,-0.8705658,0.0694342,1.1794342,1.4994342,1.5494342,1.0994343,0.1994342,-1.2305658,-2.3005657,-3.7205658,-4.0705657,-3.6805658,-4.640566,-3.2005658,0.5094342,-2.4705658,-3.4305658,-4.7805657,-4.810566,-4.720566,-1.7705657,0.5194342,-0.09056579,-0.3705658,0.049434204,-0.50056577,-1.6105658,-4.000566,-4.790566,-1.0405658,-0.5105658,-0.8605658,0.4294342,-0.9705658,-0.020565797,-2.110566
2.869434,2.639434,1.2994342,0.1894342,0.1994342,0.68943423,0.2294342,0.2694342,0.99943423,1.3094342,1.0694342,0.3694342,-0.3505658,-1.6005658,-3.120566,-4.180566,-4.020566,-3.8005657,-2.8905659,-1.9105659,-0.6005658,-3.0605657,-2.100566,-3.610566,-2.9005659,-3.4605658,-2.6405659,-1.1605659,0.049434204,0.8794342,-1.0605658,-2.0505657,-0.1905658,-1.5405658,-1.1805658,-0.4805658,-2.8305657,-0.3305658,1.4094342,0.4494342,-2.7405658
2.9094343,2.7694342,2.2994342,1.5794342,0.8594342,1.7294343,1.5194342,1.0294342,1.0494342,1.0094342,1.0394342,0.9894342,1.3494343,-1.1605659,-1.8305658,-3.4405658,-3.7205658,-3.4005659,-2.7405658,-1.8005658,-2.7605658,-3.4405658,-2.2905657,-1.3805658,0.32943422,2.0494342,0.8894342,-0.8805658,0.35943422,-2.100566,-0.4705658,-0.7705658,-1.3305658,-2.0705657,-1.3905658,-0.050565794,-0.040565796,-2.3105657,-1.0605658,2.149434,2.4994342
3.0494342,3.0394342,2.8494341,1.6994342,1.7594342,2.2894342,2.379434,1.6794342,1.4894342,1.3494343,-0.2705658,-0.5905658,0.029434204,0.5894342,-1.3105658,-2.4105659,-3.3205657,-3.4605658,-2.0205657,-2.2905657,-2.1505659,-2.3405657,-1.9705658,-1.6205658,-2.2105658,-0.8205658,-1.2305658,-1.4405658,-1.2705657,-0.8605658,-1.0405658,-1.1705658,-1.7605658,-2.2805657,-3.0305657,-0.8605658,-0.1605658,1.8194342,0.9494342,1.2194343,0.2194342
2.5094342,3.0494342,3.3494341,3.369434,3.0994341,2.6794343,1.9294342,1.8494343,1.3594342,0.7994342,0.2794342,0.38943422,0.3194342,0.20943421,-0.18056579,-0.9605658,-1.8105658,-2.4505658,-1.7005658,-1.4205658,-0.6105658,-1.5205657,-1.5005658,-1.6705658,-0.9005658,-1.3405658,-0.39056578,-0.8505658,-1.1805658,-1.4205658,-1.2805657,-1.4405658,-1.3705658,-1.6205658,-1.8505658,-2.860566,-1.9905658,-0.2305658,0.7294342,0.5594342,0.14943421
3.0194342,3.4894342,3.6794343,3.2294343,3.3194342,2.129434,2.0694342,2.6694343,3.0394342,1.3194342,0.35943422,1.0894341,0.93943423,1.7994342,0.5394342,-0.3105658,-1.2405658,0.20943421,0.1994342,0.1294342,0.8294342,0.8294342,0.6294342,0.6694342,0.7294342,0.5694342,-0.2905658,-0.75056577,-0.8605658,-0.9605658,-1.0805658,-0.9705658,-1.1805658,-1.2205658,-1.2505658,-1.3805658,-1.7905658,-1.1005658,-1.3405658,-1.0105658,-0.39056578
4.8294344,4.3894343,4.479434,5.109434,3.2794342,3.9894342,3.5694342,4.209434,3.3094342,3.379434,1.8894342,0.7094342,1.4994342,2.2594342,1.6594342,0.68943423,1.3894342,1.7994342,0.9694342,1.2694342,1.4294342,1.6794342,1.8094342,1.7794342,1.6094342,1.1594342,0.32943422,0.4794342,0.3994342,-0.2205658,-0.8605658,-1.1305658,-1.1005658,-0.5905658,-0.8405658,-0.8605658,-0.5805658,-1.0205657,-1.1005658,-0.1905658,-0.2505658
1.4094342,3.869434,4.7194343,5.2194343,5.569434,5.419434,5.7894344,4.799434,4.019434,4.089434,1.9294342,2.5694342,2.639434,1.4494342,3.139434,2.8294342,2.639434,2.4094343,2.2894342,2.869434,2.5894341,2.5994341,2.2994342,2.0894341,1.9694343,1.2994342,0.7994342,0.4694342,1.0394342,0.5794342,-1.0305657,0.3194342,0.019434204,-0.1005658,0.2894342,0.1394342,0.11943421,0.6194342,0.6694342,0.7994342,0.35943422
