wind_kz.json
{"header": {"discipline":0,"disciplineName":"Meteorological products","gribEdition":2,"gribLength":1025,"center":7,"centerName":"US National Weather Service - NCEP(WMC)","subcenter":0,"refTime":"2023-09-10T12:00:00.000Z","significanceOfRT":1,"significanceOfRTName":"Start of forecast","productStatus":0,"productStatusName":"Operational products","productType":1,"productTypeName":"Forecast products","productDefinitionTemplate":0,"productDefinitionTemplateName":"Analysis/forecast at horizontal level/layer at a point in time","parameterCategory":2,"parameterCategoryName":"UnknownDiscipline_0_Category_2","parameterNumber":3,"parameterNumberName":"UnknownParameter_D0_C2_3","parameterUnit":"Unknown","genProcessType":2,"genProcessTypeName":"Forecast","forecastTime":300,"surface1Type":103,"surface1TypeName":"Specified height level above ground","surface1Value":10.0,"surface2Type":255,"surface2TypeName":"Missing","surface2Value":0.0,"gridDefinitionTemplate":0,"gridDefinitionTemplateName":"Latitude_Longitude","numberPoints":615,"shape":6,"shapeName":"Earth spherical with radius of 6,371,229.0 m","gridUnits":"degrees","resolution":48,"winds":"true","scanMode":64,"nx":41,"ny":15,"basicAngle":0,"lo1":47.0,"la1":41.0,"lo2":87.0,"la2":55.0,"dx":1.0,"dy":1.0}, "data":
[rows 0 to 14 of 15, columns 0 to 40 of 41]
-0.06643799,-1.766438,1.483562,0.313562,-2.366438,-3.516438,-2.836438,-1.416438,-0.346438,-3.326438,-4.546438,-4.726438,-3.6564379,-3.246438,-4.046438,-4.416438,-4.486438,-2.576438,-3.186438,-2.576438,-1.8464379,-1.836438,1.513562,-0.32643798,-1.316438,-1.336438,-1.066438,1.5335621,1.893562,3.173562,0.24356201,0.11356201,1.243562,-1.556438,0.18356201,1.423562,2.283562,1.273562,1.333562,0.823562,0.743562
3.863562,1.413562,0.513562,-1.8464379,-3.536438,-2.956438,-2.796438,0.883562,-0.726438,-2.846438,-3.626438,-5.636438,-5.116438,-4.476438,-5.916438,-4.876438,-4.256438,-3.446438,-5.226438,-4.766438,-3.636438,-2.946438,-2.106438,0.36356202,0.04356201,-0.056437988,-1.806438,1.393562,0.11356201,1.613562,3.763562,4.633562,0.14356202,-2.286438,-2.816438,-0.056437988,-0.646438,-1.056438,0.433562,-0.086437985,0.973562
1.683562,1.383562,-1.566438,-2.536438,-2.876438,-2.666438,1.443562,0.413562,-0.796438,-2.466438,-3.866438,-3.296438,-4.536438,-5.086438,-5.0264378,-4.956438,-4.456438,-3.936438,-4.106438,-4.956438,-4.426438,-2.086438,-0.796438,-0.17643799,-1.816438,-0.916438,1.443562,2.133562,-0.80643797,1.793562,0.963562,0.32356203,2.353562,-1.186438,-0.41643798,2.983562,4.153562,0.733562,1.123562,-0.346438,0.173562
1.553562,-0.316438,-1.636438,-2.286438,-0.856438,1.993562,2.263562,1.613562,1.003562,-0.506438,-2.216438,-3.556438,-5.986438,-6.036438,-4.846438,-5.096438,-4.496438,-3.626438,-3.696438,-4.636438,-3.686438,-1.816438,2.133562,-0.796438,-2.296438,-0.546438,-1.426438,-1.926438,1.103562,-1.776438,-1.066438,-1.486438,-2.036438,-0.23643799,-1.006438,-2.386438,-0.496438,3.353562,4.203562,1.493562,0.19356202
0.413562,-0.286438,-0.156438,-0.56643796,2.503562,2.963562,2.423562,2.173562,1.893562,0.093562014,-2.376438,-3.746438,-5.366438,-6.306438,-5.586438,-5.126438,-5.876438,-3.166438,-3.566438,-3.466438,-3.1564379,-3.176438,-2.826438,-2.166438,-0.026437989,-2.066438,-2.356438,-1.366438,-1.446438,-2.756438,-2.346438,-0.42643797,2.653562,3.433562,-1.066438,-1.836438,0.593562,-1.386438,-0.366438,0.0135620115,-0.636438
-0.616438,0.783562,-0.406438,0.023562012,4.043562,3.043562,2.293562,1.623562,0.433562,-0.376438,-2.546438,-3.756438,-5.576438,-5.676438,-5.106438,-4.546438,-5.256438,-4.496438,-5.946438,-4.186438,-3.216438,-3.606438,-1.036438,-2.346438,-2.436438,-2.486438,-3.1564379,-4.086438,-2.886438,-3.136438,-3.636438,-3.696438,-2.636438,0.10356201,2.143562,6.193562,2.613562,4.533562,-0.016437989,-1.736438,-0.536438
-1.556438,2.823562,1.573562,1.873562,2.893562,3.323562,3.383562,2.643562,1.433562,-0.276438,-2.376438,-2.456438,-4.0264378,-4.516438,-4.036438,-3.506438,-3.646438,-2.146438,-4.196438,-5.496438,-4.106438,-3.496438,-2.736438,-0.856438,-0.866438,-1.206438,-3.466438,-2.726438,-4.716438,-5.086438,-6.056438,-7.466438,-6.626438,-1.926438,-1.406438,-0.916438,-2.636438,-2.526438,1.233562,0.713562,0.50356203
0.06356201,2.323562,2.763562,2.8435621,3.263562,3.523562,3.283562,2.883562,2.083562,-0.346438,-2.086438,-1.446438,-2.556438,-3.836438,-4.346438,-4.296438,-3.436438,-1.366438,2.953562,-0.016437989,-3.326438,-4.186438,-4.316438,-2.726438,-0.14643799,1.473562,1.623562,-1.086438,-1.7164379,-4.186438,-4.936438,-4.146438,-6.0264378,-6.006438,-2.576438,-1.136438,-1.426438,0.69356203,-0.506438,0.12356201,-1.906438
0.62356204,3.263562,3.683562,3.883562,3.763562,3.643562,3.323562,2.763562,1.883562,-0.376438,-1.356438,-1.326438,-0.586438,-2.756438,-4.196438,-4.956438,-3.996438,-0.406438,0.33356202,-0.406438,-0.06643799,-3.046438,-3.836438,-2.976438,-1.886438,-0.38643798,0.833562,0.04356201,-0.346438,-0.836438,-2.696438,-3.266438,-1.696438,-2.986438,-1.916438,-1.456438,-2.766438,-0.616438,0.663562,0.08356201,-0.99643797
0.893562,-0.866438,3.013562,4.003562,4.293562,3.883562,3.313562,2.803562,1.743562,0.373562,2.463562,0.533562,-1.766438,-1.256438,-2.446438,-3.676438,-3.376438,-2.776438,-1.886438,-1.226438,-0.68643796,-1.376438,-2.216438,-1.976438,-2.196438,-1.2164379,-1.616438,0.08356201,-0.726438,-1.476438,-0.836438,-1.206438,-2.4064379,-3.006438,-2.706438,-0.346438,-0.22643799,-2.546438,-1.256438,2.233562,2.223562
1.6535621,0.05356201,2.983562,2.603562,3.603562,3.583562,3.213562,2.863562,1.313562,2.833562,2.293562,1.123562,-1.586438,2.053562,0.15356201,-0.906438,-1.486438,-1.476438,-0.896438,-1.536438,-1.636438,-1.356438,-1.916438,-1.276438,-1.646438,-0.916438,-1.056438,-0.926438,-0.726438,-0.35643798,-1.056438,-1.506438,-1.866438,-1.906438,-2.646438,-1.386438,-0.956438,1.333562,0.703562,0.863562,0.19356202
2.243562,2.243562,1.143562,3.043562,2.543562,2.473562,2.403562,1.173562,1.2835621,0.963562,1.083562,1.513562,-0.756438,1.773562,-0.016437989,0.273562,0.653562,0.42356202,0.39356202,-0.546438,-0.026437989,-0.916438,-0.896438,-0.986438,-0.81643796,-0.99643797,-0.74643797,-1.036438,-0.846438,-1.8464379,-1.206438,-2.026438,-1.876438,-1.366438,-0.906438,-1.556438,-0.856438,0.613562,0.963562,1.253562,0.68356204
1.853562,2.953562,3.313562,2.333562,2.623562,3.583562,0.903562,3.433562,3.203562,1.343562,0.45356202,1.433562,1.523562,0.733562,0.443562,0.703562,0.703562,0.29356202,0.443562,-0.06643799,-0.656438,-0.776438,0.203562,0.633562,0.403562,-0.29643798,0.12356201,-0.216438,-0.526438,-1.066438,-1.536438,-1.306438,-1.736438,-2.216438,-2.126438,-1.626438,-1.996438,-1.396438,-1.7164379,-1.266438,-1.066438
2.693562,3.023562,4.813562,4.4735622,4.773562,4.063562,4.003562,3.873562,2.483562,2.713562,1.803562,0.633562,1.563562,1.623562,0.81356204,0.42356202,0.643562,0.573562,0.493562,0.32356203,0.253562,1.083562,0.763562,1.053562,0.833562,1.543562,1.843562,2.083562,1.343562,0.673562,0.0135620115,-0.0064379885,-0.12643799,-0.11643799,-0.726438,-0.536438,-0.736438,-1.446438,-1.746438,-1.376438,-1.376438
2.243562,4.203562,5.233562,4.213562,3.993562,3.563562,4.623562,2.873562,3.313562,2.383562,0.763562,1.753562,2.213562,0.81356204,2.313562,1.933562,1.443562,1.0335621,1.393562,0.783562,-0.41643798,-1.176438,1.143562,1.913562,1.843562,2.213562,2.513562,2.523562,2.103562,1.793562,1.7835621,1.5335621,1.233562,1.393562,1.003562,0.643562,0.12356201,0.32356203,-0.336438,-2.436438,-0.23643799
