wind_kz.json
{"header": {"discipline":0,"disciplineName":"Meteorological products","gribEdition":2,"gribLength":1025,"center":7,"centerName":"US National Weather Service - NCEP(WMC)","subcenter":0,"refTime":"2024-04-08T18:00:00.000Z","significanceOfRT":1,"significanceOfRTName":"Start of forecast","productStatus":0,"productStatusName":"Operational products","productType":1,"productTypeName":"Forecast products","productDefinitionTemplate":0,"productDefinitionTemplateName":"Analysis/forecast at horizontal level/layer at a point in time","parameterCategory":2,"parameterCategoryName":"UnknownDiscipline_0_Category_2","parameterNumber":3,"parameterNumberName":"UnknownParameter_D0_C2_3","parameterUnit":"Unknown","genProcessType":2,"genProcessTypeName":"Forecast","forecastTime":120,"surface1Type":103,"surface1TypeName":"Specified height level above ground","surface1Value":10.0,"surface2Type":255,"surface2TypeName":"Missing","surface2Value":0.0,"gridDefinitionTemplate":0,"gridDefinitionTemplateName":"Latitude_Longitude","numberPoints":615,"shape":6,"shapeName":"Earth spherical with radius of 6,371,229.0 m","gridUnits":"degrees","resolution":48,"winds":"true","scanMode":64,"nx":41,"ny":15,"basicAngle":0,"lo1":47.0,"la1":41.0,"lo2":87.0,"la2":55.0,"dx":1.0,"dy":1.0}, "data":
[rows 0 to 14 of 15, columns 0 to 40 of 41]
-0.42625487,0.68374515,-0.14625488,-0.42625487,-1.6362549,-2.8662548,-2.536255,-2.986255,0.9137451,-0.38625488,-0.55625486,-1.0662549,1.1537452,-1.4562548,-2.0562549,2.9037452,1.8137451,0.7437451,2.073745,1.6837451,-1.1462549,0.09374512,0.6437451,0.62374514,-1.1562549,0.3437451,0.46374512,1.7937452,1.2537451,4.383745,0.20374511,-1.2262549,-0.8962549,-2.746255,-3.1262548,-2.6362548,-1.7262549,-1.0462549,0.23374511,0.8037451,1.5237451
0.023745118,0.7237451,2.813745,0.6737451,-1.0762548,-1.5562549,-2.5762548,-0.86625487,1.7437451,0.3537451,-1.6762549,-3.8162549,-2.266255,-2.956255,-1.8062549,-3.166255,1.5837451,1.5437452,1.4137452,4.463745,2.563745,2.493745,2.283745,0.7437451,0.57374513,1.7237451,-0.29625487,0.46374512,-0.45625487,-0.5062549,3.9537451,4.703745,-0.2762549,-0.19625488,-3.8762548,-0.55625486,-1.2562549,-1.3162549,-1.4062549,-1.5762548,0.94374514
0.013745117,2.013745,2.073745,-0.5462549,1.7837452,-0.4662549,-2.696255,2.033745,0.63374513,1.2537451,1.2237451,-0.6462549,-2.3662548,-3.666255,-4.106255,3.243745,2.743745,1.1637452,0.18374512,0.43374512,3.3637452,2.1537452,1.4437451,1.3137451,-0.006254883,1.0537452,1.1337451,0.21374512,0.68374515,1.5937451,2.313745,0.4737451,0.68374515,0.19374512,-0.6362549,2.4537451,4.733745,-0.016254883,0.15374511,-1.0262549,-0.38625488
3.6237452,5.003745,3.503745,1.0037451,0.06374512,0.27374512,-1.0162549,1.9437451,0.3737451,4.023745,3.283745,2.803745,0.7637451,-2.3762548,-3.426255,-4.566255,-3.1062548,4.833745,3.233745,3.573745,1.1637452,4.143745,2.8537452,3.6437452,-0.42625487,-2.3662548,-3.3762548,-2.0962548,-0.9462549,-1.5162549,-2.3562548,-1.1762549,-1.8362548,-1.5862548,0.6637451,-3.3962548,-2.1162548,2.6837451,3.043745,-0.31625488,-0.81625485
-5.846255,5.383745,4.893745,3.823745,1.8137451,-0.11625488,-1.9562548,-1.7562549,-2.1562548,2.553745,3.053745,3.8637452,3.003745,-1.0862548,-3.8062549,-3.176255,-0.68625486,-2.1362548,-1.4162549,-1.7262549,-1.1362549,1.1937451,1.3637451,0.56374514,-0.7262549,-1.5962548,-2.8162549,-2.8162549,-3.026255,-3.5962548,-3.5962548,-0.5462549,1.6937451,2.5937452,-0.7162549,-1.3462548,0.9537451,-1.5762548,-2.0962548,-3.036255,-1.4262549
-1.2362549,-3.256255,1.2337451,4.563745,4.7837453,3.063745,1.1437451,-0.7862549,-1.9962549,2.513745,3.6537452,4.563745,3.3937452,1.7037451,0.10374512,-1.8762549,0.14374512,-1.4862549,-0.8862549,0.2537451,-0.26625487,1.2637451,2.793745,1.5437452,0.94374514,-0.8862549,-1.4362549,-2.466255,-2.706255,-2.8862548,-3.1562548,-3.196255,-2.266255,-2.946255,0.7137451,6.0337453,2.713745,3.6137452,0.88374513,-1.9362549,-0.10625488
-6.5262547,-4.6962547,0.3137451,-1.2062548,0.21374512,1.0637451,2.063745,2.023745,0.9637451,0.06374512,3.3537452,2.3837452,4.643745,3.303745,2.8637452,1.4237452,1.5337452,2.763745,-0.87625486,1.9537451,0.14374512,-0.17625488,1.0537452,3.283745,2.543745,1.8537451,0.23374511,-0.32625487,0.21374512,0.023745118,-0.9662549,-2.3162549,-2.1562548,-1.2762549,-1.6262549,-2.0562549,-3.3462548,-1.6662549,-1.2162548,-0.87625486,1.0837451
-4.7562547,-3.416255,-5.546255,-2.8162549,-0.036254883,0.50374514,-0.8562549,-3.036255,4.123745,3.333745,3.803745,4.173745,3.283745,1.6337451,2.993745,4.293745,4.313745,3.503745,2.8437452,2.013745,2.6337452,3.283745,2.6937451,2.073745,2.9437451,1.6937451,3.3937452,1.5337452,1.0037451,1.4437451,0.6037451,2.6437452,1.2437451,-1.7562549,0.45374513,0.30374512,-0.7562549,0.3837451,-1.5762548,0.013745117,-1.6062549
-3.186255,-2.496255,-3.6162548,-3.6162548,-1.3562549,1.1337451,1.5037451,1.6937451,-2.1262548,4.113745,4.233745,3.803745,3.483745,3.213745,2.313745,2.773745,4.5737453,4.793745,4.733745,3.6637452,2.1737452,2.253745,4.043745,3.793745,3.533745,2.793745,2.783745,2.1537452,1.6337451,1.0837451,1.4337451,2.1837451,2.6237452,4.773745,3.733745,3.283745,-1.8262548,0.32374513,-1.5462549,-0.8362549,-3.206255
-3.196255,-2.8962548,-2.6462548,-2.236255,-2.516255,-3.3362548,-1.0362549,1.2237451,1.9937451,1.0037451,-0.22625488,4.9737453,4.5537453,4.0137453,3.9137452,3.583745,4.5337453,4.5337453,4.563745,4.853745,5.133745,4.373745,3.083745,3.833745,4.293745,3.9537451,3.033745,2.8637452,2.263745,2.023745,1.6437451,1.9637451,1.8337451,4.363745,7.633745,1.4037452,1.2837452,-2.0462549,0.5437451,3.9537451,3.523745
-5.6762547,-5.856255,-4.6762547,-2.716255,-1.0462549,-2.176255,-2.8162549,-2.446255,-0.6562549,1.0937451,2.1737452,3.083745,1.7137451,0.36374512,4.213745,3.9237452,4.253745,5.273745,5.133745,5.913745,5.5137453,5.003745,4.143745,3.513745,3.753745,3.763745,2.6637452,2.803745,2.9137452,2.3837452,2.523745,2.553745,1.7837452,4.273745,8.623745,5.5737453,2.1037452,2.723745,2.533745,1.7237451,1.4237452
-5.636255,-5.576255,-6.836255,-5.576255,-4.886255,-3.0962548,-1.4562548,-0.7562549,-1.8162549,-1.7562549,0.93374515,1.3237451,2.8937452,1.6337451,3.543745,3.743745,3.3937452,2.9437451,3.473745,4.193745,3.3937452,5.273745,5.3037453,3.8637452,4.093745,3.503745,4.733745,4.793745,3.3937452,2.743745,1.9237452,2.0937452,2.3637452,3.783745,5.633745,7.463745,7.0337453,6.0137453,2.973745,1.6537452,1.0237451
-4.766255,-5.866255,-4.816255,-4.846255,-4.4662547,-4.2762547,-3.5662549,-1.3462548,-0.5162549,-0.18625489,0.21374512,-0.20625488,1.2137451,2.243745,2.743745,2.6737452,3.043745,3.2037451,1.9737451,3.6237452,2.3637452,3.4137452,2.9237452,3.053745,3.723745,2.833745,2.3937452,1.5637451,2.1837451,2.253745,1.9337451,2.5937452,3.003745,3.333745,3.7037451,4.643745,4.7637453,3.583745,6.043745,5.233745,3.213745
-3.696255,-4.7362547,-4.226255,-3.9062548,-3.6062548,-3.8762548,-4.286255,-2.686255,-2.186255,0.94374514,1.1337451,-0.3962549,-0.8862549,-0.046254884,-1.5162549,1.5937451,3.713745,3.9537451,4.633745,4.863745,3.4337451,2.7037451,1.7637451,0.93374515,1.9137452,1.6137451,1.0137451,1.9637451,1.7537451,1.5137451,2.013745,2.263745,3.0937452,3.6537452,3.273745,4.373745,3.823745,4.0137453,4.133745,4.483745,5.503745
-3.1162548,-4.9462547,-4.726255,-5.146255,-5.2562547,-3.5862548,-2.3162549,-3.486255,-3.256255,-2.3162549,1.6937451,1.4437451,1.2537451,-0.44625488,-0.4362549,-0.8562549,-1.4462548,-1.4462548,1.0037451,2.223745,2.4137452,1.8937451,1.8137451,1.0937451,0.82374513,1.6337451,2.463745,1.9237452,1.8837451,1.0937451,1.0337452,1.3737451,2.1637452,3.023745,4.2237453,5.063745,5.5337453,5.213745,5.0137453,5.293745,3.783745
