wind_kz.json
{"header": {"discipline":0,"disciplineName":"Meteorological products","gribEdition":2,"gribLength":1025,"center":7,"centerName":"US National Weather Service - NCEP(WMC)","subcenter":0,"refTime":"2023-08-25T18:00:00.000Z","significanceOfRT":1,"significanceOfRTName":"Start of forecast","productStatus":0,"productStatusName":"Operational products","productType":1,"productTypeName":"Forecast products","productDefinitionTemplate":0,"productDefinitionTemplateName":"Analysis/forecast at horizontal level/layer at a point in time","parameterCategory":2,"parameterCategoryName":"UnknownDiscipline_0_Category_2","parameterNumber":2,"parameterNumberName":"UnknownParameter_D0_C2_2","parameterUnit":"Unknown","genProcessType":2,"genProcessTypeName":"Forecast","forecastTime":120,"surface1Type":103,"surface1TypeName":"Specified height level above ground","surface1Value":10.0,"surface2Type":255,"surface2TypeName":"Missing","surface2Value":0.0,"gridDefinitionTemplate":0,"gridDefinitionTemplateName":"Latitude_Longitude","numberPoints":615,"shape":6,"shapeName":"Earth spherical with radius of 6,371,229.0 m","gridUnits":"degrees","resolution":48,"winds":"true","scanMode":64,"nx":41,"ny":15,"basicAngle":0,"lo1":47.0,"la1":41.0,"lo2":87.0,"la2":55.0,"dx":1.0,"dy":1.0}, "data":
[rows 0 to 14 of 15, columns 0 to 40 of 41]
-6.0762157,0.42378417,0.29378417,-1.2562158,-1.2062159,-0.21621582,-2.8462157,-1.8462158,-5.6362157,-2.8462157,-1.3162159,-5.606216,-5.0762157,-3.396216,-3.7162158,-2.906216,-2.5562158,0.44378418,-5.1562157,-2.1062157,-2.5162158,-1.4762158,-1.7062159,-2.5462158,1.8837842,-2.926216,-2.0662158,0.70378417,-0.086215824,-0.18621582,-1.2762158,0.9837842,-0.3862158,0.51378417,-0.73621583,-2.2862158,-1.1562158,-0.60621583,1.0937842,2.7037842,2.9137843
2.353784,-0.8062158,-2.4362159,-1.5762159,-1.5962158,1.7937841,-1.5062158,-3.2662158,-3.0162158,-2.2862158,-2.5062158,-5.1362157,-3.9762158,-2.126216,-1.4862158,-2.0362158,-1.1462158,-3.5862157,-3.5862157,-1.7362158,-0.3462158,-0.6862158,-0.5062158,-3.376216,1.9837842,0.9137842,-0.23621581,2.123784,-2.7662158,-2.2162158,0.26378417,-1.1862159,1.8037841,-3.2062159,0.4037842,0.03378418,0.52378416,0.8737842,-0.00621582,0.41378418,-2.8562157
-2.176216,-2.9462159,-2.5062158,-1.5862159,-0.2862158,-3.5662158,-1.6762158,-2.0162158,-2.3562157,-1.0062158,-1.2362158,-3.6162157,-2.3062158,-1.3762158,0.8737842,1.1337842,0.6037842,0.6337842,1.9837842,-1.5862159,2.323784,-1.1262158,-7.7362156,-2.126216,0.6137842,-1.5762159,1.5037842,3.2437842,-2.626216,0.32378417,-1.1662158,1.3937842,-0.29621583,-1.5462158,0.48378417,-1.8062158,-0.02621582,0.4337842,0.19378418,1.1437842,1.2737842
-3.146216,-3.626216,-3.416216,-1.9562159,-2.0462158,-2.636216,-0.27621582,0.89378417,-1.0162158,0.0037841797,1.1737841,-0.6362158,-0.7662158,-0.39621583,1.5637841,3.1537843,4.083784,2.3837843,0.5737842,0.83378416,1.7537842,-2.7662158,0.45378417,1.8937842,-0.8762158,3.4537842,2.603784,-0.24621582,1.5537841,0.9137842,-1.1462158,-1.4762158,0.22378418,-4.1162157,-2.2962158,-2.386216,-1.7862158,1.7837842,0.28378418,0.5637842,1.4237841
-2.9562159,-2.1862159,-0.45621583,0.8037842,1.6737841,2.333784,2.353784,3.9237843,3.4437842,2.823784,2.9737842,3.2637842,3.7237842,4.103784,3.9537842,2.9937842,2.2637842,0.45378417,2.7437842,1.1937842,1.3537842,0.3637842,3.333784,1.5137842,2.2137842,1.2637842,1.8537842,3.0237842,3.623784,0.58378416,-3.4362159,-1.9162158,-1.8662158,-0.18621582,0.3337842,1.1237842,-1.0562158,-2.7562158,-3.386216,-2.8662157,-1.1862159
1.0937842,0.9437842,4.493784,5.853784,5.973784,6.3837843,4.913784,6.3037844,6.3837843,3.623784,-1.2562158,0.8137842,5.3037844,7.1737843,6.003784,3.833784,3.7937841,2.613784,0.8637842,0.7237842,1.1737841,1.7437842,2.6637843,3.6637843,3.0137842,3.583784,5.293784,4.433784,2.593784,1.2837842,-1.0162158,-2.1862159,-2.7262158,-1.6762158,-0.20621581,-4.276216,0.10378418,-1.3262159,-0.19621582,-2.386216,-2.7462158
-0.73621583,-0.5162158,-0.10621582,0.23378418,2.083784,2.4037843,1.6537842,0.6337842,1.5237842,3.3037841,-0.13621582,1.7737842,3.103784,3.6837842,2.9337842,3.3937843,4.723784,3.1537843,3.0237842,1.2037842,1.6937842,2.4337842,2.0337842,3.2037842,4.833784,4.1537843,4.993784,3.9837842,1.0437841,-1.6862159,-0.22621582,-0.14621583,2.0037842,0.44378418,-3.626216,-2.906216,-0.73621583,2.4137843,-2.2262158,1.9237841,1.7637842
-0.7062158,0.23378418,2.0237842,3.5337842,3.4237843,1.4037842,1.8937842,3.083784,2.2237842,3.2737842,3.0337842,3.0437841,3.8037841,4.5737844,3.1337843,1.1837841,1.1437842,1.7837842,1.8637842,2.583784,2.9137843,3.4137843,2.2337842,2.4037843,3.8937843,4.8837843,4.693784,2.4137843,2.7537842,0.4937842,0.5037842,2.603784,1.3837842,1.2337842,-1.4662158,-0.6362158,-2.5262158,-4.2162156,-5.1962156,-4.066216,-2.2162158
0.9137842,2.7637842,3.333784,2.9537842,2.5137842,2.093784,3.5137842,4.3637843,2.603784,3.333784,4.183784,5.1537843,5.8837843,3.6437843,4.1737843,3.4437842,4.333784,3.7337842,3.2837842,3.7837842,2.7337842,2.9937842,3.4637842,2.853784,3.093784,2.7637842,3.5237842,1.5337842,0.64378417,1.5437841,1.0937842,1.9437842,2.1737843,-1.1762158,-1.7962158,-2.4462159,-1.2462158,-2.906216,-1.6262158,0.23378418,-1.2762158
2.833784,3.6937842,1.9937842,2.9337842,3.593784,4.0537844,3.3137841,3.2537842,4.873784,5.0737844,4.6137843,5.163784,5.603784,6.5337844,6.543784,5.5537844,5.103784,3.6437843,4.183784,3.3037841,4.733784,3.8837843,2.0537841,3.3037841,3.4537842,2.7937841,-0.06621582,1.7237842,1.3137841,0.9237842,1.0137842,1.7837842,-0.6962158,-3.5962157,-1.8362159,-1.6962159,-3.136216,-0.26621583,-2.5162158,-0.22621582,-0.27621582
1.8137841,2.1337843,2.4737842,1.5537841,2.9937842,3.5337842,3.843784,4.333784,4.503784,4.0337844,5.643784,6.213784,7.083784,7.1137843,6.743784,7.353784,6.7837844,6.5537844,5.493784,4.5537844,4.373784,5.913784,3.5237842,1.5737842,3.3137841,-0.96621585,-0.4462158,1.6537842,1.2037842,-0.43621582,1.6937842,-0.78621584,-5.3462157,-4.476216,-3.5962157,-2.4662158,-2.0362158,-0.5262158,-1.1962159,1.0037842,-1.2162158
1.5237842,2.1537843,2.2037842,2.5337842,3.7837842,3.3137841,2.8837843,3.2037842,3.5037842,3.7537842,4.703784,6.3837843,6.6537843,6.703784,7.953784,7.5737844,6.6137843,5.5937843,4.503784,5.623784,3.1337843,3.0337842,0.96378416,0.07378418,2.9337842,1.1337842,1.2337842,2.3137841,1.7237842,0.14378418,-0.27621582,0.76378417,-5.3462157,-4.896216,-3.7362158,-3.416216,-2.4662158,-1.7862158,-0.96621585,-0.7562158,-0.7062158
1.8637842,2.7037842,3.103784,3.113784,3.5037842,2.583784,3.4037843,3.8137841,4.8637843,4.3437843,3.9737842,5.6737843,6.5937843,7.963784,7.523784,5.893784,4.253784,3.8037841,2.6337843,2.7237842,3.0637841,1.1237842,-0.20621581,0.48378417,1.9037842,1.0837842,-1.7462158,-0.13621582,1.5137842,0.10378418,-2.0562158,-1.6562158,-1.4762158,-5.606216,-4.4262156,-3.7162158,-3.656216,-2.5262158,-3.5562158,-1.8462158,-1.2962158
3.2337842,2.9737842,3.9237843,2.9637842,3.8137841,1.5937842,1.6737841,3.5237842,4.5537844,5.603784,4.043784,5.3037844,4.933784,6.463784,2.7237842,3.2537842,3.6937842,2.0037842,0.78378415,0.70378417,0.0037841797,-0.3162158,-0.29621583,-0.85621583,-1.8162159,-2.2662158,-3.2362158,-0.5162158,-1.2162158,-1.4462159,-2.406216,-2.2862158,-0.086215824,-4.5962157,-3.3562157,-3.2962158,-2.9362159,-2.646216,-2.8562157,-1.3762158,-0.8862158
1.4437842,3.073784,4.563784,2.9337842,1.5737842,2.9137843,4.313784,4.6337843,6.1337843,5.9237843,4.223784,6.6737843,5.2637844,1.9337841,2.8837843,2.2637842,2.2737842,0.58378416,-0.8962158,-1.3162159,-2.176216,-1.6162158,-1.7862158,-2.396216,-2.5162158,-2.2262158,-2.4562159,-2.3562157,-2.8562157,-1.4962158,-2.2662158,-1.2762158,1.4737842,1.0637841,-3.6062157,-3.2262158,-2.4762158,-2.5162158,-2.7362158,-1.3662158,-1.2062159
