wind_kz.json
{"header": {"discipline":0,"disciplineName":"Meteorological products","gribEdition":2,"gribLength":871,"center":7,"centerName":"US National Weather Service - NCEP(WMC)","subcenter":0,"refTime":"2023-09-24T06:00:00.000Z","significanceOfRT":1,"significanceOfRTName":"Start of forecast","productStatus":0,"productStatusName":"Operational products","productType":1,"productTypeName":"Forecast products","productDefinitionTemplate":0,"productDefinitionTemplateName":"Analysis/forecast at horizontal level/layer at a point in time","parameterCategory":0,"parameterCategoryName":"UnknownDiscipline_0_Category_0","parameterNumber":0,"parameterNumberName":"UnknownParameter_D0_C0_0","parameterUnit":"Unknown","genProcessType":2,"genProcessTypeName":"Forecast","forecastTime":180,"surface1Type":1,"surface1TypeName":"Ground or water surface","surface1Value":0.0,"surface2Type":255,"surface2TypeName":"Missing","surface2Value":0.0,"gridDefinitionTemplate":0,"gridDefinitionTemplateName":"Latitude_Longitude","numberPoints":615,"shape":6,"shapeName":"Earth spherical with radius of 6,371,229.0 m","gridUnits":"degrees","resolution":48,"winds":"true","scanMode":64,"nx":41,"ny":15,"basicAngle":0,"lo1":47.0,"la1":41.0,"lo2":87.0,"la2":55.0,"dx":1.0,"dy":1.0}, "data":
[rows 0 to 14 of 15, columns 0 to 40 of 41]
291.09998,283.39996,288.69998,293.39996,293.39996,292.8,293.99997,294.39996,291.8,291.49997,290.39996,291.09998,290.09998,290.09998,289.8,287.69998,287.89996,288.69998,287.99997,288.59998,290.09998,286.89996,285.99997,282.99997,286.39996,287.89996,285.59998,272.39996,265.3,267.89996,269.59998,272.59998,282.49997,288.49997,289.39996,289.3,290.09998,289.39996,289.89996,290.3,288.39996
274.89996,287.49997,292.8,293.3,293.19998,291.99997,293.3,291.59998,290.19998,289.89996,290.8,289.69998,289.19998,288.3,285.89996,287.49997,287.69998,287.99997,287.19998,286.39996,287.39996,287.8,284.99997,279.3,269.59998,266.8,279.3,271.59998,274.19998,268.09998,272.69998,258.69998,270.3,248.29997,262.8,284.09998,282.69998,284.69998,289.3,281.39996,283.8
290.49997,292.8,293.19998,292.69998,291.19998,292.8,291.49997,290.69998,289.3,288.8,288.19998,288.3,287.59998,288.49997,288.8,286.69998,285.99997,285.39996,286.09998,285.89996,287.8,288.99997,288.09998,282.99997,283.89996,283.69998,284.59998,283.39996,282.59998,275.59998,258.69998,264.69998,275.39996,273.89996,276.59998,274.89996,263.09998,271.49997,269.8,268.59998,263.49997
289.8,291.99997,292.8,291.89996,291.49997,291.3,291.39996,289.8,289.59998,288.59998,287.89996,287.3,290.89996,290.19998,290.09998,288.39996,288.69998,286.89996,287.49997,286.59998,287.09998,282.69998,286.69998,287.49997,286.59998,287.59998,287.39996,285.8,283.8,284.19998,284.8,282.3,286.49997,285.09998,284.69998,280.69998,266.19998,257.69998,269.8,281.39996,284.19998
291.8,291.39996,291.8,290.99997,291.69998,291.59998,291.99997,291.19998,289.89996,288.99997,288.19998,286.8,289.59998,288.59998,287.09998,289.59998,289.49997,288.59998,286.69998,289.09998,288.99997,288.8,287.59998,286.99997,286.69998,286.69998,285.09998,285.09998,284.49997,283.99997,286.69998,283.09998,271.89996,261.59998,279.49997,284.49997,286.89996,285.3,284.89996,285.49997,286.09998
290.69998,289.8,290.39996,291.09998,291.19998,290.8,290.99997,291.99997,290.19998,289.39996,289.09998,288.59998,289.19998,289.39996,288.69998,288.99997,290.99997,288.59998,289.89996,288.89996,287.59998,287.99997,287.3,286.3,284.99997,283.59998,284.3,287.19998,286.19998,286.39996,283.49997,285.89996,283.09998,282.99997,281.09998,285.69998,275.69998,277.99997,282.99997,285.49997,285.49997
289.89996,288.19998,291.59998,291.09998,289.99997,290.09998,290.89996,289.99997,290.8,290.8,288.99997,288.99997,288.89996,289.39996,288.99997,289.8,289.3,289.89996,289.19998,288.3,288.09998,287.39996,287.99997,287.19998,284.8,283.99997,286.39996,284.99997,288.49997,286.39996,285.49997,286.19998,285.8,285.69998,283.3,280.89996,276.49997,275.49997,273.09998,273.8,283.89996
289.99997,288.39996,289.89996,291.19998,291.19998,291.19998,290.8,289.59998,289.09998,289.3,288.99997,288.89996,288.59998,289.3,289.99997,290.3,289.69998,289.69998,288.89996,285.8,286.59998,286.8,286.89996,285.59998,286.59998,281.19998,280.59998,282.89996,283.19998,284.99997,284.89996,285.09998,285.3,283.3,281.99997,283.8,283.09998,286.49997,283.3,283.69998,279.09998
290.89996,288.99997,290.3,289.49997,290.39996,290.09998,289.3,289.19998,288.39996,288.19998,287.49997,287.19998,287.39996,288.39996,288.09998,288.8,288.49997,288.09998,287.69998,286.49997,284.39996,284.69998,285.69998,283.99997,282.39996,282.59998,279.39996,277.99997,278.09998,279.19998,281.19998,282.39996,283.89996,284.8,285.09998,283.09998,282.39996,282.19998,270.49997,271.89996,271.89996
289.39996,289.49997,289.59998,290.89996,290.59998,290.09998,288.8,287.89996,287.69998,287.89996,286.59998,286.19998,287.09998,287.3,286.89996,287.09998,287.19998,287.39996,287.49997,287.39996,286.09998,285.8,286.39996,285.8,284.39996,281.3,279.99997,281.09998,279.49997,279.69998,279.8,281.59998,284.99997,284.39996,284.49997,283.59998,280.3,277.59998,274.99997,274.69998,268.8
291.69998,290.49997,290.49997,288.19998,289.59998,288.49997,288.09998,287.8,287.3,286.39996,286.39996,286.39996,286.69998,286.19998,286.19998,285.99997,286.09998,287.19998,287.19998,286.69998,286.89996,286.49997,285.59998,284.59998,283.69998,282.8,280.69998,285.19998,283.89996,284.3,284.3,284.59998,283.99997,283.89996,284.49997,283.3,278.3,275.3,276.99997,276.09998,270.89996
289.19998,289.39996,291.39996,288.8,289.19998,287.19998,286.19998,285.8,285.8,286.09998,284.19998,284.49997,285.59998,284.89996,285.69998,285.99997,286.59998,286.69998,286.8,286.69998,285.8,285.3,284.69998,283.39996,282.09998,282.19998,285.69998,286.49997,286.19998,285.49997,281.89996,283.8,283.39996,282.59998,282.8,283.49997,283.8,283.09998,281.49997,281.99997,280.8
287.99997,290.59998,290.09998,288.39996,290.09998,288.99997,287.3,286.3,284.99997,285.39996,283.09998,281.49997,284.8,284.49997,285.89996,286.19998,285.99997,285.99997,287.09998,286.3,285.8,284.3,283.39996,281.89996,283.3,283.89996,287.89996,282.19998,281.69998,280.8,281.59998,283.59998,283.39996,282.59998,282.3,281.8,282.99997,283.3,282.69998,282.3,281.69998
284.39996,287.49997,287.09998,291.19998,290.69998,289.69998,287.89996,287.8,287.99997,285.59998,283.49997,280.49997,281.89996,285.09998,285.89996,286.8,286.49997,285.69998,285.99997,286.19998,285.8,284.99997,284.89996,283.99997,284.19998,283.69998,281.8,280.8,279.89996,280.3,281.39996,281.3,281.99997,280.49997,281.59998,281.49997,282.19998,281.89996,281.8,280.99997,282.19998
285.49997,286.19998,285.89996,285.09998,287.49997,290.3,290.19998,289.69998,289.49997,288.39996,287.09998,284.49997,283.8,283.09998,284.89996,285.89996,285.8,285.09998,285.59998,285.69998,285.59998,284.99997,284.49997,286.09998,284.49997,281.49997,280.19998,281.09998,282.89996,282.3,281.99997,281.39996,281.19998,281.09998,281.19998,281.39996,281.8,281.49997,281.89996,281.8,281.89996
