wind_kz.json
{"header": {"discipline":0,"disciplineName":"Meteorological products","gribEdition":2,"gribLength":871,"center":7,"centerName":"US National Weather Service - NCEP(WMC)","subcenter":0,"refTime":"2024-04-07T18:00:00.000Z","significanceOfRT":1,"significanceOfRTName":"Start of forecast","productStatus":0,"productStatusName":"Operational products","productType":1,"productTypeName":"Forecast products","productDefinitionTemplate":0,"productDefinitionTemplateName":"Analysis/forecast at horizontal level/layer at a point in time","parameterCategory":0,"parameterCategoryName":"UnknownDiscipline_0_Category_0","parameterNumber":0,"parameterNumberName":"UnknownParameter_D0_C0_0","parameterUnit":"Unknown","genProcessType":2,"genProcessTypeName":"Forecast","forecastTime":240,"surface1Type":1,"surface1TypeName":"Ground or water surface","surface1Value":0.0,"surface2Type":255,"surface2TypeName":"Missing","surface2Value":0.0,"gridDefinitionTemplate":0,"gridDefinitionTemplateName":"Latitude_Longitude","numberPoints":615,"shape":6,"shapeName":"Earth spherical with radius of 6,371,229.0 m","gridUnits":"degrees","resolution":48,"winds":"true","scanMode":64,"nx":41,"ny":15,"basicAngle":0,"lo1":47.0,"la1":41.0,"lo2":87.0,"la2":55.0,"dx":1.0,"dy":1.0}, "data":
[rows 0 to 14 of 15, columns 0 to 40 of 41]
287.43866,280.53867,287.03867,282.43866,283.23868,284.23868,290.63867,292.83868,291.33868,291.93866,289.73868,291.03867,289.93866,290.13867,290.13867,289.43866,289.83868,288.23868,290.03867,287.23868,288.13867,286.13867,285.63867,281.03867,289.13867,288.23868,282.23868,269.73868,267.53867,269.93866,269.43866,271.13867,283.13867,288.23868,289.23868,289.23868,289.13867,289.13867,290.63867,291.73868,292.63867
271.43866,287.13867,282.73868,282.83868,283.03867,283.53867,292.83868,290.43866,289.53867,289.23868,289.53867,288.43866,288.63867,288.23868,289.63867,289.33868,289.73868,289.63867,288.33868,288.43866,287.83868,285.33868,280.03867,275.83868,269.23868,264.33868,276.13867,269.23868,271.53867,266.73868,273.83868,265.03867,274.13867,255.33867,263.93866,285.83868,284.93866,288.03867,289.63867,283.93866,280.43866
287.83868,282.63867,282.53867,282.83868,282.93866,291.83868,290.33868,289.63867,288.43866,287.63867,286.23868,286.53867,287.03867,287.53867,287.33868,288.63867,288.13867,287.73868,287.73868,288.53867,289.03867,286.93866,284.73868,278.13867,281.73868,281.13867,284.33868,281.63867,278.93866,272.73868,264.73868,267.03867,272.63867,275.83868,278.33868,278.03867,270.73868,275.23868,275.43866,271.93866,269.43866
288.23868,283.83868,282.63867,282.63867,285.23868,290.33868,290.23868,288.53867,287.33868,286.13867,285.13867,283.93866,286.13867,286.63867,287.13867,287.83868,286.33868,287.63867,287.43866,287.33868,285.23868,279.93866,284.43866,283.63867,284.43866,283.73868,283.03867,280.63867,279.63867,279.23868,279.63867,279.23868,283.13867,282.33868,282.43866,279.43866,272.43866,267.03867,274.33868,283.73868,287.23868
287.83868,284.63867,283.33868,283.83868,286.93866,290.23868,290.93866,289.43866,287.43866,286.03867,284.43866,283.63867,285.43866,285.23868,283.63867,285.93866,285.53867,285.33868,285.33868,285.53867,285.43866,285.83868,284.73868,284.43866,283.53867,282.33868,279.93866,280.23868,283.93866,283.93866,284.13867,279.73868,271.13867,262.33868,276.13867,282.13867,282.93866,286.33868,287.73868,288.63867,286.33868
288.63867,287.13867,284.53867,283.23868,281.93866,282.53867,289.93866,289.73868,286.93866,285.53867,285.33868,285.53867,284.53867,284.53867,279.93866,285.63867,286.13867,285.03867,285.33868,284.93866,284.43866,283.53867,283.43866,282.53867,282.03867,280.73868,281.53867,271.73868,283.43866,283.93866,282.53867,282.63867,280.93866,280.53867,280.43866,279.13867,275.33868,277.13867,285.33868,286.73868,285.23868
288.33868,288.73868,289.83868,288.93866,286.23868,289.53867,289.83868,288.53867,286.93866,286.23868,284.63867,284.23868,284.33868,284.93866,284.53867,285.33868,284.93866,284.83868,284.03867,282.43866,281.73868,282.33868,282.23868,282.03867,280.83868,281.23868,280.53867,282.23868,281.33868,281.23868,280.73868,280.53867,280.43866,280.23868,282.63867,280.23868,276.93866,274.33868,272.33868,272.53867,281.63867
288.73868,287.43866,289.93866,290.13867,289.63867,290.03867,289.23868,287.13867,285.53867,285.33868,284.53867,284.03867,283.73868,283.63867,283.83868,284.63867,284.63867,284.03867,282.83868,280.73868,280.53867,280.03867,279.63867,279.43866,278.53867,276.73868,277.23868,279.33868,278.03867,278.63867,277.23868,277.53867,276.53867,274.53867,274.63867,276.23868,278.33868,272.53867,279.13867,279.43866,277.43866
288.33868,285.93866,287.63867,286.33868,287.53867,288.33868,287.23868,285.73868,284.73868,283.63867,283.63867,284.03867,283.03867,284.13867,283.43866,284.33868,283.83868,283.43866,283.03867,282.53867,280.63867,280.33868,279.53867,278.43866,276.63867,277.03867,275.93866,275.53867,275.33868,274.23868,274.13867,273.93866,275.33868,275.43866,275.43866,274.13867,276.13867,275.03867,259.13867,264.13867,259.53867
287.13867,287.33868,284.83868,285.03867,285.83868,286.73868,286.03867,285.13867,284.63867,283.73868,283.03867,282.83868,283.23868,283.53867,280.93866,282.03867,281.33868,281.83868,282.33868,282.53867,282.73868,281.73868,281.53867,280.23868,282.23868,281.03867,279.13867,276.93866,276.73868,275.63867,275.43866,275.93866,276.33868,275.73868,274.93866,274.83868,273.73868,272.03867,263.83868,270.23868,266.23868
287.63867,286.73868,286.03867,286.13867,285.43866,285.63867,285.23868,284.83868,284.33868,283.93866,282.83868,283.53867,284.13867,283.53867,283.63867,282.43866,282.03867,281.63867,280.93866,279.83868,281.33868,281.63867,281.43866,281.73868,281.63867,281.13867,279.33868,280.83868,281.13867,279.43866,279.43866,278.63867,277.23868,276.93866,276.93866,275.63867,270.43866,270.93866,271.43866,269.93866,267.93866
287.13867,287.23868,286.23868,285.23868,284.23868,285.33868,283.43866,283.83868,284.33868,283.73868,281.93866,282.13867,283.23868,282.63867,283.03867,283.63867,283.33868,282.83868,281.33868,280.63867,278.53867,277.83868,278.03867,277.93866,277.93866,280.13867,280.33868,281.93866,281.73868,281.23868,280.23868,278.33868,277.73868,276.13867,276.23868,277.33868,277.13867,275.43866,272.73868,272.73868,271.93866
286.43866,286.23868,286.53867,285.73868,285.93866,285.33868,283.93866,283.13867,282.93866,282.73868,280.83868,279.23868,281.93866,281.43866,282.73868,282.93866,282.83868,282.73868,282.43866,281.53867,279.83868,278.33868,278.43866,276.73868,277.73868,277.73868,279.03867,280.03867,279.93866,280.03867,279.13867,278.63867,278.63867,277.43866,277.33868,276.93866,276.33868,277.03867,275.43866,274.53867,274.13867
286.53867,286.43866,277.83868,285.63867,285.63867,285.03867,284.53867,284.13867,283.43866,282.43866,281.13867,277.63867,279.43866,280.23868,282.13867,282.83868,283.53867,283.43866,284.83868,282.63867,282.03867,281.13867,280.63867,279.33868,279.33868,279.13867,279.03867,278.93866,278.13867,278.23868,277.13867,275.13867,275.03867,273.33868,273.13867,273.63867,274.03867,274.23868,274.73868,273.43866,274.53867
288.13867,286.63867,273.23868,286.03867,285.63867,285.23868,285.53867,284.23868,284.13867,283.23868,282.43866,280.43866,279.73868,280.13867,282.43866,284.03867,284.03867,283.43866,283.53867,281.33868,281.73868,281.13867,280.93866,281.03867,279.53867,277.93866,277.23868,275.13867,273.43866,275.13867,273.63867,274.63867,275.63867,273.83868,272.93866,272.13867,271.63867,270.13867,269.23868,270.43866,272.43866
