wind_kz.json
{"header": {"discipline":0,"disciplineName":"Meteorological products","gribEdition":2,"gribLength":1102,"center":7,"centerName":"US National Weather Service - NCEP(WMC)","subcenter":0,"refTime":"2023-08-26T12:00:00.000Z","significanceOfRT":1,"significanceOfRTName":"Start of forecast","productStatus":0,"productStatusName":"Operational products","productType":1,"productTypeName":"Forecast products","productDefinitionTemplate":0,"productDefinitionTemplateName":"Analysis/forecast at horizontal level/layer at a point in time","parameterCategory":2,"parameterCategoryName":"UnknownDiscipline_0_Category_2","parameterNumber":3,"parameterNumberName":"UnknownParameter_D0_C2_3","parameterUnit":"Unknown","genProcessType":2,"genProcessTypeName":"Forecast","forecastTime":60,"surface1Type":103,"surface1TypeName":"Specified height level above ground","surface1Value":10.0,"surface2Type":255,"surface2TypeName":"Missing","surface2Value":0.0,"gridDefinitionTemplate":0,"gridDefinitionTemplateName":"Latitude_Longitude","numberPoints":615,"shape":6,"shapeName":"Earth spherical with radius of 6,371,229.0 m","gridUnits":"degrees","resolution":48,"winds":"true","scanMode":64,"nx":41,"ny":15,"basicAngle":0,"lo1":47.0,"la1":41.0,"lo2":87.0,"la2":55.0,"dx":1.0,"dy":1.0}, "data":
[rows 0 to 14 of 15, columns 0 to 40 of 41]
0.24436036,-1.8656397,-0.37563965,-3.1856396,1.4943603,-1.2156396,-2.7956398,0.45436037,1.9843603,3.0743604,4.0343604,5.1243606,4.8243604,4.52436,4.5343604,3.7143602,2.6343603,0.78436035,-0.18563965,-0.98563963,0.55436033,-0.08563965,0.53436035,-0.9356396,-1.5956397,-1.3356396,-1.0456396,-0.41563964,1.1343603,2.7043602,-2.6456397,-3.1356397,1.5243603,-1.6756396,-3.6756396,-2.5856397,0.32436034,-1.6356397,-4.45564,-3.6356397,-3.0356398
-0.025639648,1.1443603,-4.2756395,-1.4556396,1.9843603,-0.20563965,-1.2956396,-1.3156396,-0.36563966,3.8943603,3.8043604,4.9943604,5.6243606,4.6943603,4.2843604,5.1143603,3.8743603,1.7343603,1.9343604,1.5343604,0.80436033,-1.0156397,-0.69563967,1.6143603,0.76436037,0.34436035,-1.9656396,1.7443603,0.32436034,2.6343603,3.9943604,5.52436,0.64436036,2.0343604,0.17436035,-3.3156397,-2.0956397,-6.1256394,-3.4956396,-2.5256395,1.6943604
1.4143604,-1.2456397,-3.4156396,-1.4556396,0.7443603,0.31436035,-0.065639645,0.13436036,0.06436035,1.7343603,3.2943604,3.8343604,4.7643604,7.79436,6.9943604,6.02436,6.29436,5.2643604,4.54436,3.7543604,2.3843603,0.40436035,-0.32563964,0.34436035,1.9043603,1.8943603,0.84436035,-0.11563965,-0.83563966,2.9443603,5.9543605,3.0343604,2.0543604,0.21436036,0.33436036,0.89436036,3.8043604,0.76436037,0.054360352,-0.84563965,0.46436036
1.1843604,0.29436034,-3.4456396,-4.45564,-0.44563964,0.42436036,-0.59563965,0.0043603517,0.5043604,0.45436037,2.3643603,4.08436,6.1643605,9.26436,8.34436,8.83436,7.5343604,6.77436,5.6943603,4.81436,3.9143603,2.3843603,2.5543604,3.2543604,2.9543602,2.6543603,2.0443604,-1.9156396,2.1943603,2.8143604,0.06436035,-0.57563967,-1.1356397,-1.5756396,-1.4156396,-1.8856397,-0.34563965,2.6343603,-0.29563963,1.6843604,0.09436035
-4.3656397,-6.68564,-6.9856396,-8.98564,-8.12564,-7.18564,-7.4656396,-7.2956395,-5.1156397,-2.0256395,-0.36563966,1.8143604,7.4443603,8.63436,9.83436,8.47436,9.49436,8.25436,7.0343604,6.5943604,5.4043603,3.3743603,2.0343604,2.5343604,2.3543603,2.4643602,2.5543604,0.8843604,1.6543603,2.0143604,-1.1456397,-0.7556397,1.7143604,2.9743605,-0.65563965,-1.4756397,-3.8656397,-0.97563964,0.60436034,3.6543603,2.3643603
-4.47564,-3.6756396,-6.3456397,-6.3856397,-7.28564,-8.145639,-6.9056396,-5.7956395,-5.97564,-2.7356396,-2.1656396,2.0643604,-2.0356398,-3.4056396,-1.2856396,7.3743606,9.484361,11.26436,9.34436,8.314361,6.5143604,6.9943604,5.5543604,3.4543602,3.1443603,1.9043603,1.3643603,3.8643603,2.2243605,2.2343605,1.6943604,0.65436035,0.66436034,-0.49563965,1.0043603,-2.2256396,1.4143604,-1.6456397,-3.1856396,1.3343604,1.9143604
-4.0556397,-3.8256397,-3.9956396,-4.53564,-4.0956397,-3.6756396,-4.5656395,-5.3956394,-5.9856396,-6.7756395,-5.3956394,-4.0256395,2.6843603,6.4543605,2.7443604,-0.095639646,-0.16563965,4.6543603,7.0743604,8.07436,7.6743603,7.8443604,6.46436,6.00436,3.8843603,3.6243603,1.7343603,1.5943604,-0.43563965,2.7443604,1.6343603,1.3743603,1.8143604,0.31436035,-1.2056396,-1.4656396,-1.3756397,-2.1456397,-1.6756396,1.7043604,-3.8056397
-4.1956396,-4.3456397,-5.1356397,-5.1356397,-4.74564,-5.7956395,-5.51564,-4.5256395,-4.76564,-5.3256397,-5.1956396,-3.7856398,-6.1356397,-2.1356397,0.92436033,7.7443604,8.644361,7.00436,8.22436,6.8743606,8.944361,7.9243603,7.3643603,7.9043603,6.27436,2.9543602,3.9443603,1.9843603,1.1143603,0.5043604,1.4043603,2.8943603,0.47436035,1.4343604,2.8243604,0.6243603,2.8543603,3.3843603,2.7443604,3.0843604,-1.9456396
-4.0556397,-3.9856396,-4.1556396,-4.5056396,-3.8556397,-3.8356397,-2.7856398,-3.5456398,-4.16564,-2.1956396,-2.2956398,-2.6556396,-2.3656397,-1.7956396,-1.3956397,-2.1556396,4.6043606,8.42436,10.984361,11.45436,8.20436,9.75436,8.78436,8.314361,5.96436,4.3243604,2.1243603,3.2243605,2.6443603,1.7643603,2.2843604,2.0543604,2.6443603,2.2643604,2.5743604,2.2443604,-0.11563965,-1.0756396,-2.8856397,-2.6056397,0.20436035
-3.9256396,-4.8956394,-4.4056396,-4.66564,-3.8556397,-3.6256397,-3.8256397,-2.2356396,-2.8456397,-1.0556396,-2.1656396,-2.0656397,-1.0756396,-2.0956397,-1.4356396,-0.025639648,2.4743605,5.9243603,10.04436,9.87436,9.16436,10.71436,8.654361,9.54436,7.7043605,5.08436,4.6543603,2.7843604,3.3043604,3.5043604,2.3443604,1.2043604,-1.4256396,0.024360351,2.5143604,1.9243604,1.5743604,0.96436036,0.78436035,0.31436035,-0.6756396
-4.03564,-5.6456394,-4.95564,-5.5856395,-5.8356395,-6.2556396,-5.8056397,-3.7056396,-1.0556396,0.17436035,-0.45563966,-0.36563966,-1.0256397,-0.5056397,-1.1756396,-0.44563964,2.4343603,1.4143604,7.4543605,11.274361,10.314361,10.37436,9.59436,9.38436,7.6043606,6.2443604,3.4643602,3.5943604,3.5943604,4.1743603,2.8543603,1.2343603,-0.31563964,-1.7256397,0.8143604,1.4743603,1.4443604,1.8543603,1.7843604,-1.4356396,-0.97563964
-3.1456397,-5.2756395,-6.28564,-6.3456397,-8.42564,-8.345639,-7.41564,-4.5056396,-2.7956398,-0.12563965,-0.36563966,-2.6656396,-1.7156396,-0.97563964,-0.6856396,1.0943604,3.4143603,3.4143603,0.66436034,10.62436,8.29436,7.2443604,8.394361,8.07436,7.1543603,5.5943604,5.2643604,5.1043606,5.0543604,4.0343604,3.5543604,2.2443604,-0.98563963,-2.7556396,-0.51563966,0.97436035,1.4443604,2.7043602,2.7943604,2.6643603,0.53436035
-4.5656395,-6.0056396,-6.4656396,-6.66564,-7.6256394,-5.8356395,-5.5056396,-5.8056397,-3.9456396,-1.6556396,-0.89563966,-1.0756396,-1.6756396,-2.6456397,-0.6856396,-0.5656397,1.0243603,2.4443603,2.4343603,10.79436,9.91436,8.774361,7.6243606,7.4543605,6.1943603,5.7843604,5.1343603,4.23436,4.27436,3.9943604,3.5643604,2.6843603,0.98436034,-0.48563966,-1.0956397,0.24436036,2.6743603,1.7243603,3.0943604,1.7843604,1.2443603
-4.0556397,-5.8556395,-8.3156395,-7.5556397,-9.40564,-8.935639,-6.6056395,-3.8756397,-2.5756397,-2.7056396,-1.3256396,-0.9356396,-0.8056396,-2.3456397,-2.3356397,0.35436034,1.4243604,1.5143603,4.71436,5.8643603,3.9943604,5.00436,6.0143604,3.7043602,4.1243606,4.0743604,2.9443603,3.8943603,3.7243605,3.6243603,2.8543603,2.6943603,2.5843604,1.6543603,0.58436036,0.024360351,2.5943604,3.2043602,2.1043603,1.4743603,1.4843603
-3.1056397,-5.91564,-9.73564,-6.43564,-7.6356397,-8.555639,-8.00564,-6.49564,-3.3256397,-2.3156397,-1.7456397,-1.3756397,0.5643604,-1.8656397,-4.0956397,-2.0956397,-1.6356397,-0.60563964,0.23436035,2.5743604,2.5743604,2.5143604,3.1843603,2.8143604,2.8943603,3.3043604,3.6443603,3.6643603,3.6543603,3.5343604,3.6143603,4.56436,3.0043604,2.2743604,2.1243603,1.3143604,2.7743604,2.8443604,3.0743604,2.8143604,1.2343603
