wind_kz.json
{"header": {"discipline":0,"disciplineName":"Meteorological products","gribEdition":2,"gribLength":871,"center":7,"centerName":"US National Weather Service - NCEP(WMC)","subcenter":0,"refTime":"2023-10-04T06:00:00.000Z","significanceOfRT":1,"significanceOfRTName":"Start of forecast","productStatus":0,"productStatusName":"Operational products","productType":1,"productTypeName":"Forecast products","productDefinitionTemplate":0,"productDefinitionTemplateName":"Analysis/forecast at horizontal level/layer at a point in time","parameterCategory":0,"parameterCategoryName":"UnknownDiscipline_0_Category_0","parameterNumber":0,"parameterNumberName":"UnknownParameter_D0_C0_0","parameterUnit":"Unknown","genProcessType":2,"genProcessTypeName":"Forecast","forecastTime":120,"surface1Type":1,"surface1TypeName":"Ground or water surface","surface1Value":0.0,"surface2Type":255,"surface2TypeName":"Missing","surface2Value":0.0,"gridDefinitionTemplate":0,"gridDefinitionTemplateName":"Latitude_Longitude","numberPoints":615,"shape":6,"shapeName":"Earth spherical with radius of 6,371,229.0 m","gridUnits":"degrees","resolution":48,"winds":"true","scanMode":64,"nx":41,"ny":15,"basicAngle":0,"lo1":47.0,"la1":41.0,"lo2":87.0,"la2":55.0,"dx":1.0,"dy":1.0}, "data":
[rows 0 to 14 of 15, columns 0 to 40 of 41]
299.31372,292.2137,296.91373,293.51373,293.51373,292.1137,300.41373,306.01373,302.2137,300.51373,302.51373,303.2137,303.51373,303.7137,304.41373,306.7137,307.91373,304.41373,310.6137,307.81372,311.01373,307.51373,310.6137,306.81372,306.7137,311.41373,304.91373,294.2137,287.31372,286.81372,285.91373,278.6137,295.51373,305.01373,306.31372,305.81372,313.41373,312.41373,309.51373,309.1137,310.81372
272.7137,296.51373,293.41373,293.2137,293.51373,291.6137,304.91373,303.41373,301.01373,298.81372,300.51373,300.91373,303.01373,303.51373,305.31372,305.2137,307.51373,309.1137,309.81372,311.6137,310.81372,307.81372,305.6137,297.7137,284.7137,287.91373,298.1137,295.01373,294.41373,284.81372,285.91373,278.91373,290.51373,267.41373,282.1137,301.41373,304.6137,304.91373,308.41373,299.91373,284.41373
298.01373,292.81372,292.91373,292.41373,291.01373,299.7137,300.51373,300.2137,299.7137,299.41373,297.1137,300.2137,303.2137,303.81372,302.41373,306.81372,308.2137,308.01373,309.2137,310.91373,308.41373,309.91373,308.1137,306.1137,305.41373,303.7137,304.01373,304.01373,306.51373,295.51373,280.2137,286.81372,292.7137,294.51373,295.31372,293.7137,290.7137,292.91373,292.2137,288.81372,281.41373
299.2137,291.6137,292.51373,291.7137,292.81372,299.01373,297.2137,298.6137,300.6137,301.01373,298.31372,299.81372,289.7137,289.1137,302.2137,305.41373,304.01373,307.7137,309.2137,310.41373,307.6137,305.31372,306.1137,306.51373,307.81372,304.7137,307.2137,306.7137,302.91373,305.91373,305.91373,303.2137,303.1137,304.7137,305.51373,300.01373,288.7137,274.6137,291.91373,299.41373,302.01373
297.7137,291.1137,291.6137,290.91373,294.51373,298.51373,297.6137,299.91373,299.01373,298.01373,299.31372,300.2137,288.7137,287.51373,286.1137,300.81372,302.41373,301.91373,303.91373,302.01373,303.7137,306.51373,307.41373,306.91373,308.1137,306.6137,306.91373,301.91373,309.31372,310.2137,307.81372,307.7137,292.2137,278.51373,294.81372,303.81372,300.91373,307.2137,308.31372,304.41373,303.1137
295.81372,297.2137,289.31372,289.81372,290.2137,289.81372,298.81372,296.7137,296.6137,297.7137,296.91373,297.41373,289.6137,288.31372,293.41373,298.81372,298.2137,301.1137,300.41373,301.51373,302.01373,301.51373,302.41373,302.41373,303.6137,303.1137,305.6137,287.7137,303.1137,300.7137,303.81372,303.31372,306.7137,305.81372,300.31372,299.6137,295.31372,297.81372,308.6137,307.31372,303.7137
289.2137,291.41373,295.2137,296.81372,294.7137,298.2137,298.2137,296.6137,295.51373,295.01373,296.51373,295.91373,296.1137,294.91373,295.51373,295.31372,296.81372,296.2137,297.7137,299.01373,299.7137,299.31372,299.01373,299.7137,298.51373,298.81372,300.1137,300.41373,301.91373,302.01373,301.1137,299.81372,302.31372,300.31372,300.01373,298.41373,294.31372,292.51373,289.7137,288.6137,298.41373
286.51373,287.2137,289.01373,290.31372,291.2137,293.1137,295.91373,294.81372,294.31372,293.51373,292.6137,292.2137,293.1137,292.7137,293.91373,294.41373,294.2137,295.2137,295.91373,294.2137,294.2137,294.91373,295.7137,297.1137,296.51373,294.51373,294.41373,295.51373,294.1137,296.31372,296.1137,297.41373,298.7137,297.2137,297.31372,300.2137,298.2137,285.81372,301.51373,301.41373,297.81372
283.51373,283.81372,284.51373,287.1137,288.1137,287.91373,288.2137,288.41373,289.6137,289.01373,291.2137,293.41373,292.1137,293.6137,293.6137,295.1137,294.81372,294.1137,293.41373,292.81372,291.1137,292.1137,293.7137,293.7137,293.31372,293.91373,292.51373,292.1137,291.51373,290.6137,291.41373,293.6137,296.41373,296.2137,291.91373,283.81372,293.51373,294.51373,283.6137,280.31372,280.1137
282.2137,281.6137,282.1137,282.91373,283.41373,286.1137,287.1137,286.51373,285.91373,286.41373,286.2137,286.01373,288.81372,288.41373,287.91373,288.51373,288.91373,291.81372,289.91373,289.2137,290.51373,290.1137,289.6137,293.2137,293.2137,293.7137,292.91373,293.01373,291.6137,292.41373,292.31372,294.2137,296.31372,296.91373,296.6137,294.41373,289.6137,287.91373,280.6137,287.7137,281.91373
282.2137,280.7137,279.81372,279.91373,280.1137,279.81372,281.41373,285.51373,285.01373,284.91373,284.51373,284.6137,286.41373,285.6137,286.01373,287.01373,286.31372,286.51373,285.91373,284.6137,286.01373,290.01373,285.7137,287.51373,287.6137,291.81372,290.01373,291.41373,293.7137,296.01373,295.91373,297.7137,297.31372,295.51373,295.6137,293.6137,286.91373,283.1137,286.7137,287.41373,286.6137
280.01373,278.51373,278.41373,278.31372,277.6137,277.1137,276.2137,275.81372,276.6137,278.51373,280.6137,282.01373,283.51373,283.7137,284.41373,285.41373,285.81372,286.01373,285.7137,284.41373,283.41373,283.6137,284.01373,284.41373,285.7137,286.7137,287.51373,290.81372,291.81372,294.51373,295.01373,296.51373,295.41373,295.1137,293.31372,294.1137,294.2137,294.1137,293.51373,293.2137,293.6137
275.31372,278.81372,281.1137,279.41373,278.7137,277.6137,277.7137,277.6137,277.51373,275.51373,274.31372,273.81372,276.7137,277.6137,280.01373,283.7137,284.1137,284.41373,285.31372,284.51373,284.1137,283.31372,283.2137,283.51373,285.6137,287.1137,287.51373,287.81372,292.2137,293.31372,293.7137,295.6137,295.91373,295.91373,295.1137,293.1137,293.1137,292.01373,291.81372,285.51373,290.31372
274.81372,277.41373,282.01373,279.51373,279.51373,278.81372,279.2137,277.51373,280.1137,278.41373,276.31372,273.91373,276.6137,277.91373,278.7137,279.51373,281.6137,281.31372,283.51373,286.91373,287.91373,285.6137,286.1137,286.81372,285.6137,286.81372,286.81372,286.41373,290.41373,292.31372,291.7137,292.7137,293.6137,293.01373,292.81372,293.41373,292.41373,288.91373,292.51373,289.2137,291.6137
274.6137,277.51373,284.01373,278.81372,278.41373,277.6137,277.91373,278.01373,278.31372,278.1137,277.51373,277.51373,276.7137,276.7137,277.2137,278.7137,279.51373,282.7137,284.41373,285.81372,288.01373,288.2137,288.1137,284.7137,285.6137,285.81372,286.41373,286.31372,287.81372,290.41373,290.51373,286.81372,291.31372,292.31372,292.31372,293.31372,293.51373,291.51373,288.31372,285.1137,287.01373
