wind_kz.json
{"header": {"discipline":0,"disciplineName":"Meteorological products","gribEdition":2,"gribLength":948,"center":7,"centerName":"US National Weather Service - NCEP(WMC)","subcenter":0,"refTime":"2023-09-23T00:00:00.000Z","significanceOfRT":1,"significanceOfRTName":"Start of forecast","productStatus":0,"productStatusName":"Operational products","productType":1,"productTypeName":"Forecast products","productDefinitionTemplate":0,"productDefinitionTemplateName":"Analysis/forecast at horizontal level/layer at a point in time","parameterCategory":0,"parameterCategoryName":"UnknownDiscipline_0_Category_0","parameterNumber":0,"parameterNumberName":"UnknownParameter_D0_C0_0","parameterUnit":"Unknown","genProcessType":2,"genProcessTypeName":"Forecast","forecastTime":60,"surface1Type":1,"surface1TypeName":"Ground or water surface","surface1Value":0.0,"surface2Type":255,"surface2TypeName":"Missing","surface2Value":0.0,"gridDefinitionTemplate":0,"gridDefinitionTemplateName":"Latitude_Longitude","numberPoints":615,"shape":6,"shapeName":"Earth spherical with radius of 6,371,229.0 m","gridUnits":"degrees","resolution":48,"winds":"true","scanMode":64,"nx":41,"ny":15,"basicAngle":0,"lo1":47.0,"la1":41.0,"lo2":87.0,"la2":55.0,"dx":1.0,"dy":1.0}, "data":
[rows 0 to 14 of 15, columns 0 to 40 of 41]
305.28522,290.78522,296.9852,294.3852,294.28522,293.9852,303.28522,309.0852,306.3852,306.78522,304.8852,305.4852,304.4852,303.8852,303.1852,303.1852,303.3852,303.4852,303.1852,302.78522,303.6852,300.8852,301.28522,295.9852,297.6852,298.6852,293.28522,282.4852,281.1852,279.6852,279.8852,278.1852,288.9852,294.6852,295.1852,294.9852,295.6852,295.0852,293.5852,292.0852,290.78522
277.3852,297.78522,293.78522,294.3852,293.8852,293.6852,309.0852,305.9852,304.1852,304.1852,305.1852,303.5852,302.78522,301.5852,301.6852,301.78522,301.9852,302.4852,302.4852,300.9852,302.9852,302.4852,300.78522,290.8852,284.3852,282.0852,289.0852,283.9852,284.0852,274.1852,281.8852,266.3852,282.6852,253.9852,276.8852,291.3852,289.78522,289.78522,293.28522,285.78522,284.28522
296.1852,293.5852,294.1852,293.8852,292.1852,305.9852,304.6852,305.5852,304.28522,302.5852,301.3852,301.6852,300.78522,301.4852,300.6852,300.3852,299.9852,300.8852,301.6852,302.28522,300.5852,298.9852,298.6852,291.28522,295.3852,293.0852,293.9852,291.8852,292.6852,281.0852,273.8852,277.0852,281.0852,282.3852,282.9852,281.1852,273.0852,274.9852,276.0852,269.28522,263.4852
297.1852,293.1852,294.1852,293.28522,296.0852,302.8852,303.78522,304.0852,304.0852,302.8852,300.4852,297.78522,291.78522,291.1852,300.5852,300.3852,298.9852,299.0852,299.4852,299.5852,298.0852,292.4852,296.28522,295.9852,295.6852,295.1852,294.8852,291.1852,288.3852,290.4852,292.6852,289.3852,294.0852,290.5852,289.6852,285.0852,267.8852,261.4852,273.28522,282.0852,284.5852
300.8852,293.0852,293.4852,292.5852,296.8852,302.3852,303.78522,304.28522,301.6852,300.9852,300.3852,297.9852,290.6852,289.8852,288.6852,299.78522,299.5852,298.3852,298.1852,297.6852,297.8852,298.0852,296.9852,296.1852,295.1852,294.0852,292.1852,292.0852,292.8852,291.78522,292.8852,289.1852,278.9852,263.0852,280.6852,287.4852,289.78522,290.4852,288.6852,288.3852,287.9852
303.9852,300.9852,292.1852,292.5852,292.4852,292.3852,303.3852,303.0852,299.5852,300.3852,299.9852,299.0852,291.78522,290.6852,295.0852,298.4852,299.5852,299.1852,298.5852,298.3852,297.5852,296.8852,296.6852,296.1852,295.4852,293.3852,292.5852,289.28522,293.5852,293.3852,290.78522,291.0852,289.4852,287.28522,283.78522,287.0852,277.9852,279.28522,286.3852,285.6852,285.6852
305.4852,305.28522,304.8852,302.8852,300.6852,303.3852,303.28522,300.6852,300.78522,300.8852,298.8852,298.5852,298.1852,298.28522,298.0852,298.6852,299.1852,299.4852,299.1852,297.5852,296.6852,296.5852,296.4852,296.3852,294.8852,294.4852,293.0852,294.1852,293.78522,293.4852,291.9852,290.9852,290.5852,289.3852,287.8852,284.8852,279.0852,274.1852,268.6852,268.5852,280.0852
306.0852,302.8852,305.1852,304.8852,304.78522,303.9852,303.6852,301.9852,300.78522,299.5852,298.5852,297.5852,297.1852,296.78522,298.1852,298.0852,297.5852,298.5852,298.3852,296.28522,295.4852,295.3852,295.0852,294.1852,291.6852,288.9852,288.3852,289.0852,288.6852,290.1852,288.28522,287.5852,285.3852,283.3852,281.4852,283.0852,283.5852,287.4852,282.8852,283.1852,279.5852
306.6852,304.28522,301.0852,305.28522,303.9852,303.4852,302.6852,301.78522,300.5852,299.8852,298.4852,297.9852,296.6852,297.4852,296.8852,298.0852,297.6852,297.5852,295.8852,294.9852,293.3852,293.28522,293.78522,292.28522,289.5852,289.0852,287.1852,286.6852,285.8852,284.6852,284.78522,284.78522,284.4852,284.5852,281.8852,280.28522,279.1852,278.28522,262.3852,264.28522,257.78522
300.8852,304.9852,305.5852,304.6852,303.6852,303.28522,302.8852,301.9852,301.28522,300.3852,299.0852,297.78522,298.0852,297.3852,297.28522,296.9852,297.3852,297.6852,296.5852,295.78522,294.0852,293.4852,292.5852,290.78522,290.1852,288.3852,288.0852,287.5852,286.6852,285.78522,285.5852,284.9852,286.3852,284.3852,281.9852,280.3852,278.8852,274.8852,268.9852,269.0852,265.5852
300.78522,303.9852,303.78522,303.8852,303.6852,302.78522,301.28522,301.1852,299.6852,298.8852,297.3852,295.8852,297.9852,294.1852,295.5852,295.6852,295.28522,296.1852,296.28522,295.28522,293.8852,291.9852,290.8852,289.9852,289.1852,289.5852,287.0852,287.9852,288.4852,288.78522,287.3852,287.28522,286.8852,284.5852,285.5852,280.1852,275.78522,273.78522,273.78522,273.3852,270.6852
301.9852,302.78522,302.5852,302.8852,302.6852,301.8852,300.78522,300.5852,300.9852,299.28522,294.8852,292.3852,294.5852,293.8852,295.0852,293.78522,296.78522,296.3852,296.0852,294.78522,293.0852,291.8852,291.4852,291.9852,290.5852,291.1852,289.8852,289.9852,289.0852,290.1852,288.78522,287.3852,286.3852,284.0852,284.9852,283.6852,281.1852,279.3852,278.0852,278.1852,276.6852
298.3852,300.3852,300.8852,300.4852,299.6852,299.3852,299.9852,300.28522,299.4852,297.78522,293.5852,292.3852,295.5852,293.9852,294.9852,295.3852,295.5852,295.1852,295.4852,293.78522,293.6852,292.3852,291.4852,290.78522,291.8852,292.0852,292.3852,290.9852,289.0852,289.1852,289.78522,288.1852,286.6852,285.3852,285.28522,283.5852,281.3852,279.4852,278.78522,277.4852,276.9852
297.28522,298.78522,293.4852,299.0852,298.28522,298.28522,297.6852,296.6852,297.6852,296.78522,292.9852,290.78522,292.1852,293.5852,294.28522,294.6852,294.5852,294.0852,294.3852,294.0852,294.4852,293.4852,293.28522,292.6852,292.78522,292.8852,291.6852,290.78522,290.6852,290.1852,290.0852,289.0852,286.3852,285.6852,284.0852,282.6852,279.3852,278.4852,278.1852,276.1852,276.4852
292.9852,296.4852,287.28522,296.6852,297.28522,297.28522,296.6852,296.0852,297.3852,297.0852,295.3852,292.8852,291.0852,291.8852,292.8852,294.0852,294.28522,293.8852,294.78522,294.28522,294.8852,294.1852,293.9852,292.6852,292.4852,292.5852,292.1852,290.4852,289.78522,289.0852,289.3852,286.0852,285.4852,284.5852,284.4852,282.28522,280.28522,277.8852,277.6852,276.3852,275.8852
