wind_kz.json
{"header": {"discipline":0,"disciplineName":"Meteorological products","gribEdition":2,"gribLength":1025,"center":7,"centerName":"US National Weather Service - NCEP(WMC)","subcenter":0,"refTime":"2023-08-18T18:00:00.000Z","significanceOfRT":1,"significanceOfRTName":"Start of forecast","productStatus":0,"productStatusName":"Operational products","productType":1,"productTypeName":"Forecast products","productDefinitionTemplate":0,"productDefinitionTemplateName":"Analysis/forecast at horizontal level/layer at a point in time","parameterCategory":2,"parameterCategoryName":"UnknownDiscipline_0_Category_2","parameterNumber":2,"parameterNumberName":"UnknownParameter_D0_C2_2","parameterUnit":"Unknown","genProcessType":2,"genProcessTypeName":"Forecast","forecastTime":60,"surface1Type":103,"surface1TypeName":"Specified height level above ground","surface1Value":10.0,"surface2Type":255,"surface2TypeName":"Missing","surface2Value":0.0,"gridDefinitionTemplate":0,"gridDefinitionTemplateName":"Latitude_Longitude","numberPoints":615,"shape":6,"shapeName":"Earth spherical with radius of 6,371,229.0 m","gridUnits":"degrees","resolution":48,"winds":"true","scanMode":64,"nx":41,"ny":15,"basicAngle":0,"lo1":47.0,"la1":41.0,"lo2":87.0,"la2":55.0,"dx":1.0,"dy":1.0}, "data":
[rows 0 to 14 of 15, columns 0 to 40 of 41]
0.23212036,2.0621204,-3.0078797,0.33212036,0.24212036,-2.5578797,-1.5578797,0.04212036,2.5321205,2.7821205,5.6821203,5.8321204,6.2221203,6.3521204,5.09212,2.0121202,1.3021203,3.0421205,4.05212,4.7421203,0.40212035,1.2121204,3.0421205,3.0921204,-2.3378797,2.0621204,3.3921204,1.5521203,0.52212036,1.4721204,-0.71787965,1.9321203,1.1321204,-1.0178796,0.13212036,1.0721203,1.2521204,0.10212036,1.7321204,0.41212037,-1.1478796
0.60212034,-3.3178797,-0.96787965,-0.04787964,-1.0578797,0.57212037,-2.8278797,-0.36787963,0.72212034,2.4821203,2.9821203,3.9321203,4.7121205,2.2821205,1.6021204,0.40212035,-0.38787964,2.2121203,0.0021203614,0.27212036,2.8321204,1.7521204,2.8521204,4.3321204,0.9921204,0.062120363,1.3821204,-0.07787964,3.2521203,3.1921203,1.2821203,1.5521203,-0.13787964,0.57212037,0.5021204,1.4621204,1.1921203,-0.30787963,-0.67787963,0.36212036,0.40212035
-2.3478796,-3.6178796,-3.0678797,-2.9178796,-2.1678796,-1.8278797,0.29212037,-0.77787966,0.96212035,0.21212035,-1.3378797,-2.3678796,-0.18787964,1.6821203,-1.5478797,1.0221204,-4.11788,-1.3278797,-4.2978797,-1.0578797,-2.6478796,-3.1978796,-2.0778797,-4.2678795,-0.78787965,-3.2478797,-2.0678797,0.20212036,4.0421205,-0.9378796,2.0521204,-1.1278796,-0.85787964,0.57212037,-0.76787966,1.8521204,1.8421204,-0.65787965,1.7221204,6.9221206,6.6421204
-4.40788,-3.7978797,-3.7978797,-2.1178796,0.79212034,-1.5478797,0.5021204,0.39212036,1.4121203,-0.32787964,0.16212036,0.58212036,-0.03787964,-1.2478796,0.96212035,-3.3978796,-2.3478796,-4.40788,-2.1678796,-0.36787963,-0.39787963,-4.0978794,-3.9578795,-4.4878798,-6.36788,-6.9378796,-5.9778795,-7.7978797,-6.6878796,-3.4878798,0.65212035,0.6921204,-1.1078796,-0.91787964,1.6321204,2.2721205,2.3821204,3.6921203,-1.7378796,1.2721204,-0.59787965
-2.8278797,-1.7478796,-1.3178797,-0.41787964,1.3321204,0.8621204,0.04212036,-0.09787964,-1.1078796,-0.37787965,1.4821204,3.3221204,-0.32787964,-2.8878796,-1.6278796,-3.7578797,-5.6478796,5.32212,-5.4778795,-3.9178796,-4.4878798,-5.0078797,-4.8078794,-4.3778796,-5.3478794,-5.9378796,-8.11788,-5.17788,-5.63788,-4.7478795,-3.7678797,-1.9378797,3.5821204,4.28212,-2.9978797,-0.70787966,-0.72787964,-1.3178797,-0.22787964,0.8621204,0.31212035
-0.54787964,0.37212035,1.2621204,3.0021203,-0.10787964,-0.8878796,0.83212036,0.71212035,-0.20787963,-0.29787964,-0.89787966,2.8321204,-0.5678796,2.1621203,-0.23787963,-0.45787963,3.9121203,-1.9778796,-1.4478797,3.0721204,2.5721204,-2.7178795,-2.9178796,-4.21788,-5.0278797,-5.7878795,-4.6078796,-1.3778796,-2.6078796,-2.9378796,-3.4578795,-3.1078796,-3.9078796,-3.6378796,-2.6878796,2.3221204,4.2721205,3.0721204,0.49212036,-1.6978797,-3.0078797
1.9521203,1.8121203,2.7921205,2.8821204,2.9821203,1.0221204,2.2321203,0.48212036,0.6921204,-1.1978797,-1.0678797,-1.3278797,1.7321204,2.7721205,4.6021204,3.1521204,5.1621203,7.9421206,8.80212,5.2121205,0.70212036,-0.73787963,0.43212035,-0.057879638,-1.4878796,-0.70787966,-0.82787967,-1.6578796,-1.6078796,-1.2378796,-1.6978797,-2.0878797,-1.4178796,-0.8178796,-0.37787965,1.6721203,0.57212037,-2.4978797,4.0121202,-0.33787963,0.53212035
-0.71787965,-1.5578797,-1.0978796,0.12212036,1.1821203,2.2921205,2.6221204,1.8321204,0.90212035,0.8021204,0.012120361,0.05212036,-1.7378796,-0.43787965,3.6221204,5.0621204,5.8121204,6.9921203,3.9321203,1.4021204,-1.1978797,0.39212036,1.8121203,1.3821204,1.3921204,2.0321205,-0.11787964,0.8621204,-0.34787965,-0.04787964,-0.027879639,-0.22787964,0.8021204,-0.67787963,0.19212036,-1.1878797,0.032120362,3.8221204,6.9921203,6.2521205,6.2921205
-0.66787964,-0.28787965,0.18212037,0.9421204,0.022120362,-1.5478797,-1.7578796,-1.6178796,-0.72787964,-0.027879639,1.1021204,2.0221205,2.7221203,1.8821204,0.90212035,1.2321204,4.5421205,2.0821204,2.0121202,1.0221204,3.2021203,2.6521204,2.9121203,1.5521203,2.7721205,3.0521204,3.6121204,3.0421205,2.9121203,2.8221204,1.9621204,0.51212037,-0.7478796,0.29212037,2.0121202,3.0321205,1.9621204,-0.43787965,1.4121203,0.97212034,2.0421205
2.9621203,2.9021204,2.6021204,0.52212036,-0.6378796,-1.3878796,-1.6278796,-0.9378796,-0.007879639,0.8621204,1.2021203,2.6521204,2.4921203,4.8921204,5.07212,2.2921205,0.31212035,1.2421204,3.1821203,2.6121204,3.6521204,2.2821205,1.1921203,1.7921203,2.1821203,1.4421203,1.1521204,0.40212035,0.97212034,0.26212037,1.0921204,-0.71787965,0.6221204,1.6621203,2.6621203,2.2321203,2.1521204,1.7921203,2.4821203,1.0421203,1.3521204
3.0721204,2.4221203,3.1321204,1.5721203,1.1321204,1.2421204,0.36212036,0.27212036,0.42212036,0.70212036,1.7521204,1.1921203,0.84212035,0.5621204,1.5721203,0.48212036,0.46212035,-0.82787967,-0.057879638,0.27212036,0.78212035,0.07212036,0.17212036,-0.007879639,-1.3278797,-1.8278797,-1.4578797,-1.2178797,-1.7078797,-1.8278797,-0.83787966,-0.39787963,0.64212036,1.4021204,2.4921203,3.3121204,3.2821205,2.0121202,1.0321203,0.79212034,1.5921204
3.5521204,3.0421205,3.5121202,2.8021204,1.8221203,1.9221203,2.4121203,2.4621203,0.29212037,1.2221204,2.3321204,1.3221203,1.0121204,-0.66787964,-1.0078796,-1.7078797,-1.4978796,-1.3578796,-1.0878797,-0.5078796,-0.43787965,-1.8978796,-1.6978797,-1.7778796,-1.9678797,-2.1378796,-1.9178796,-1.8078797,-1.4578797,-1.7878796,-1.6478796,-0.84787965,0.062120363,1.3321204,1.0721203,0.78212035,1.6321204,0.54212034,0.6321204,0.28212035,0.022120362
1.4121203,1.0521203,1.4221203,0.85212034,0.5021204,0.78212035,1.1821203,1.5421203,1.1221204,0.36212036,0.89212036,2.0821204,1.2721204,1.7421204,0.47212037,-0.20787963,-0.70787966,-1.0978796,-1.3078797,-1.7078797,0.14212036,0.53212035,-0.5578796,-1.4578797,-2.3278797,-3.0178797,-2.2378798,-2.4478796,-2.0478797,-1.5978796,-0.84787965,-0.49787962,0.9921204,3.1521204,1.6121204,1.8921204,1.1621203,1.1521204,1.1621203,1.4021204,1.6921203
-1.4778796,-1.8078797,-1.1878797,-2.1378796,-1.7478796,-1.1378796,-1.0778797,1.4821204,-0.017879639,-0.49787962,0.37212035,1.2621204,1.4121203,1.6721203,1.6721203,1.6421204,1.9521203,1.5321203,1.7821203,-0.95787966,-2.3778796,-2.5878797,-2.7078795,-2.9178796,-2.6178796,-2.5178797,-2.4378796,-2.4078796,-2.3078797,-2.3078797,-1.4078796,-0.73787963,-1.3778796,-0.32787964,-0.9378796,-2.1178796,-1.7778796,-1.0478797,-0.34787965,-0.65787965,0.71212035
-1.8978796,-0.65787965,-1.6078796,-0.42787963,0.82212037,0.77212036,2.4521203,2.4621203,2.4621203,1.5321203,1.8021203,3.3121204,2.4621203,2.4921203,1.7221204,2.1521204,2.6321204,2.3821204,0.9321204,-2.3578796,-1.6578796,-0.71787965,0.37212035,0.032120362,-0.89787966,-1.5478797,-0.98787963,-1.2178797,-1.1178796,-1.3878796,-2.0178797,-0.12787963,-1.8778796,-1.7378796,-1.1778797,-1.6178796,-1.8578796,-1.4878796,-0.28787965,-0.42787963,0.78212035
