wind_kz.json
{"header": {"discipline":0,"disciplineName":"Meteorological products","gribEdition":2,"gribLength":871,"center":7,"centerName":"US National Weather Service - NCEP(WMC)","subcenter":0,"refTime":"2023-09-09T12:00:00.000Z","significanceOfRT":1,"significanceOfRTName":"Start of forecast","productStatus":0,"productStatusName":"Operational products","productType":1,"productTypeName":"Forecast products","productDefinitionTemplate":0,"productDefinitionTemplateName":"Analysis/forecast at horizontal level/layer at a point in time","parameterCategory":0,"parameterCategoryName":"UnknownDiscipline_0_Category_0","parameterNumber":0,"parameterNumberName":"UnknownParameter_D0_C0_0","parameterUnit":"Unknown","genProcessType":2,"genProcessTypeName":"Forecast","forecastTime":300,"surface1Type":1,"surface1TypeName":"Ground or water surface","surface1Value":0.0,"surface2Type":255,"surface2TypeName":"Missing","surface2Value":0.0,"gridDefinitionTemplate":0,"gridDefinitionTemplateName":"Latitude_Longitude","numberPoints":615,"shape":6,"shapeName":"Earth spherical with radius of 6,371,229.0 m","gridUnits":"degrees","resolution":48,"winds":"true","scanMode":64,"nx":41,"ny":15,"basicAngle":0,"lo1":47.0,"la1":41.0,"lo2":87.0,"la2":55.0,"dx":1.0,"dy":1.0}, "data":
[rows 0 to 14 of 15, columns 0 to 40 of 41]
292.05884,284.05884,287.35883,296.65884,296.65884,295.65884,294.55884,294.05884,292.15884,291.85883,290.05884,290.85883,290.05884,289.45883,288.45883,286.05884,286.25885,286.35883,286.55884,286.35883,286.95883,284.05884,282.55884,280.05884,284.65884,286.45883,284.15884,270.75885,268.95883,270.65884,271.05884,273.65884,281.65884,285.85883,286.25885,286.55884,288.85883,291.45883,289.85883,289.85883,286.95883
274.05884,287.85883,296.05884,296.25885,296.05884,294.35883,292.35883,290.75885,290.05884,289.65884,289.75885,288.45883,287.55884,286.65884,286.35883,287.25885,286.05884,285.75885,285.55884,284.75885,285.45883,287.05884,284.15884,280.05884,271.05884,270.85883,278.25885,268.45883,270.75885,266.25885,272.75885,267.85883,274.65884,253.95883,271.65884,286.15884,286.55884,288.35883,290.05884,283.45883,283.95883
287.65884,295.55884,296.45883,296.15884,293.95883,291.35883,290.85883,289.95883,288.95883,289.55884,288.25885,287.75885,286.05884,286.15884,287.55884,285.55884,284.55884,283.75885,283.55884,283.65884,285.45883,289.15884,288.25885,282.05884,281.45883,282.55884,282.95883,281.05884,281.15884,273.55884,267.45883,270.35883,273.65884,278.45883,280.45883,278.85883,273.05884,274.15884,275.65884,270.55884,269.65884
291.75885,294.95883,295.95883,295.15884,292.65884,292.15884,290.55884,288.65884,288.85883,289.95883,288.55884,287.95883,292.45883,291.75885,287.05884,285.75885,286.55884,286.35883,285.15884,284.35883,285.45883,281.05884,283.85883,285.25885,285.25885,285.85883,284.75885,283.75885,281.85883,281.65884,282.85883,281.35883,284.95883,286.55884,283.35883,282.15884,272.65884,270.65884,276.15884,286.15884,287.45883
291.45883,292.75885,294.05884,292.55884,291.85883,292.85883,292.55884,291.45883,290.45883,288.95883,287.95883,287.55884,291.25885,290.15884,288.55884,286.35883,285.95883,285.05884,283.95883,286.05884,285.85883,285.15884,283.65884,283.65884,283.35883,283.45883,283.05884,285.55884,282.85883,284.15884,286.15884,283.35883,272.25885,266.15884,275.45883,285.05884,289.55884,290.85883,291.55884,291.95883,289.35883
291.35883,290.75885,291.85883,291.25885,291.85883,290.85883,290.75885,291.75885,288.85883,288.25885,288.05884,287.45883,290.35883,291.35883,287.85883,285.05884,286.05884,284.75885,285.55884,285.35883,284.35883,283.85883,283.15884,282.65884,281.65884,280.75885,282.95883,289.25885,284.65884,285.15884,283.45883,284.95883,283.15884,281.85883,281.75885,287.35883,277.65884,282.25885,287.35883,290.45883,289.15884
289.25885,289.35883,290.85883,290.35883,290.25885,289.65884,290.75885,289.85883,289.95883,289.65884,287.75885,287.15884,286.45883,286.05884,285.35883,285.65884,284.75885,284.75885,283.75885,282.65884,282.55884,283.35883,282.85883,282.95883,281.85883,281.75885,281.45883,281.85883,281.35883,281.25885,280.85883,280.75885,281.05884,282.45883,282.65884,282.15884,277.55884,277.35883,275.85883,274.65884,285.75885
288.95883,288.15884,288.35883,289.45883,290.65884,291.15884,289.95883,289.75885,288.75885,288.35883,287.35883,286.55884,285.45883,286.15884,286.15884,285.65884,284.45883,284.25885,283.25885,280.85883,280.55884,280.85883,281.05884,281.05884,279.25885,276.55884,276.85883,277.95883,275.85883,277.85883,276.95883,277.95883,277.25885,276.85883,276.65884,279.35883,283.75885,288.25885,284.25885,283.95883,279.85883
287.95883,286.65884,287.75885,287.85883,290.45883,290.05884,289.35883,289.35883,288.25885,287.55884,286.55884,285.85883,284.35883,285.95883,285.05884,285.05884,283.55884,282.35883,281.85883,280.35883,278.45883,278.25885,279.15884,279.05884,276.65884,276.15884,273.65884,273.05884,272.05884,271.45883,273.45883,275.25885,276.55884,277.35883,276.15884,275.65884,279.15884,281.05884,275.05884,273.15884,269.45883
288.25885,289.55884,290.25885,290.15884,290.95883,290.35883,289.05884,288.25885,287.45883,285.95883,284.75885,283.95883,283.25885,282.75885,284.25885,283.75885,283.05884,282.15884,281.15884,280.15884,278.65884,278.15884,279.05884,278.55884,277.85883,276.65884,276.25885,275.15884,274.25885,273.15884,272.55884,275.55884,278.05884,277.65884,276.75885,275.45883,277.45883,278.55884,276.15884,275.65884,269.15884
287.75885,287.55884,287.85883,287.35883,287.55884,287.45883,287.45883,286.15884,286.05884,285.35883,284.45883,283.95883,283.95883,283.25885,282.85883,283.25885,282.95883,282.95883,281.65884,280.65884,280.25885,279.65884,279.25885,279.15884,278.25885,277.95883,276.15884,277.45883,277.25885,277.55884,277.65884,277.45883,276.75885,277.65884,277.35883,275.25885,273.35883,274.65884,274.65884,275.85883,274.75885
285.45883,286.25885,286.85883,286.35883,286.55884,285.95883,284.75885,284.65884,285.45883,284.55884,282.35883,283.45883,283.45883,282.85883,282.85883,282.85883,282.85883,282.75885,281.75885,281.25885,279.75885,279.05884,278.75885,278.65884,280.55884,281.45883,281.15884,282.05884,280.85883,280.55884,278.35883,277.95883,278.05884,276.05884,276.35883,276.25885,275.75885,275.85883,279.35883,280.15884,280.15884
285.85883,285.75885,286.95883,285.65884,286.65884,286.05884,284.65884,284.25885,282.65884,283.65884,281.75885,280.45883,283.05884,282.35883,283.15884,282.85883,282.35883,282.25885,282.25885,281.75885,281.05884,280.45883,280.75885,279.85883,280.55884,282.85883,283.55884,282.85883,282.55884,282.35883,281.75885,280.85883,278.25885,277.55884,277.35883,277.05884,276.45883,276.05884,274.85883,274.65884,274.25885
285.25885,285.85883,286.95883,287.55884,285.85883,285.35883,284.75885,284.95883,284.95883,283.85883,282.75885,279.45883,280.55884,283.35883,283.75885,283.35883,283.05884,282.15884,281.85883,282.55884,282.45883,282.55884,282.85883,282.45883,282.35883,282.95883,283.65884,283.15884,282.55884,282.35883,282.05884,281.45883,280.65884,279.65884,278.45883,275.85883,276.05884,274.95883,274.25885,273.35883,274.45883
285.05884,286.85883,287.25885,286.95883,286.75885,285.25885,286.35883,284.85883,285.45883,284.35883,282.35883,281.35883,284.05884,286.65884,283.05884,283.75885,283.75885,283.65884,283.05884,283.15884,283.05884,282.75885,283.15884,282.85883,282.95883,283.25885,283.25885,282.95883,282.35883,281.85883,281.55884,282.25885,280.25885,280.05884,279.75885,279.35883,278.35883,276.85883,276.65884,276.85883,275.85883
