wind_kz.json
{"header": {"discipline":0,"disciplineName":"Meteorological products","gribEdition":2,"gribLength":1025,"center":7,"centerName":"US National Weather Service - NCEP(WMC)","subcenter":0,"refTime":"2023-08-27T00:00:00.000Z","significanceOfRT":1,"significanceOfRTName":"Start of forecast","productStatus":0,"productStatusName":"Operational products","productType":1,"productTypeName":"Forecast products","productDefinitionTemplate":0,"productDefinitionTemplateName":"Analysis/forecast at horizontal level/layer at a point in time","parameterCategory":2,"parameterCategoryName":"UnknownDiscipline_0_Category_2","parameterNumber":2,"parameterNumberName":"UnknownParameter_D0_C2_2","parameterUnit":"Unknown","genProcessType":2,"genProcessTypeName":"Forecast","forecastTime":180,"surface1Type":103,"surface1TypeName":"Specified height level above ground","surface1Value":10.0,"surface2Type":255,"surface2TypeName":"Missing","surface2Value":0.0,"gridDefinitionTemplate":0,"gridDefinitionTemplateName":"Latitude_Longitude","numberPoints":615,"shape":6,"shapeName":"Earth spherical with radius of 6,371,229.0 m","gridUnits":"degrees","resolution":48,"winds":"true","scanMode":64,"nx":41,"ny":15,"basicAngle":0,"lo1":47.0,"la1":41.0,"lo2":87.0,"la2":55.0,"dx":1.0,"dy":1.0}, "data":
[rows 0 to 14 of 15, columns 0 to 40 of 41]
5.517578E-4,1.6105517,-0.68944824,-7.889448,-5.2694483,-1.0394483,-6.949448,-7.0194483,-6.599448,-4.7294483,-4.219448,-4.0894485,-3.7694483,-3.0894482,-2.5894482,-3.9794483,-3.8494482,-4.3794484,-4.099448,-2.5694482,-2.4094481,0.11055176,2.7405517,3.9105518,4.2505517,0.82055175,4.2905517,3.5505517,4.170552,3.6205518,2.1405518,0.69055176,2.2005517,4.8505516,-5.119448,-3.2494483,1.4805517,-0.86944824,-3.1094482,-3.8894482,-8.679448
0.32055175,-4.829448,-9.069448,-8.599448,-5.7694483,-0.55944824,-6.829448,-7.199448,-6.3994484,-5.5594482,-5.0394483,-3.3094482,-4.369448,-3.7394483,-3.6394482,-2.4094481,-1.4094483,-2.1894484,-1.7794483,-1.3494482,-0.62944824,0.20055176,-0.71944827,1.8805518,2.1905518,-1.3994483,1.0605518,2.8605518,6.1205516,-0.10944824,0.95055175,1.0705518,0.16055176,1.1705518,0.33055174,0.5405518,1.6205517,1.0405518,-0.92944825,-4.3994484,-8.479448
-7.0394483,-9.589448,-9.599448,-8.849448,-6.329448,-5.7494483,-6.739448,-5.799448,-6.739448,-6.1694484,-5.489448,-5.409448,-4.7894483,-3.4294481,-2.2994483,-2.8894482,-2.1694481,-0.47944823,0.13055176,-0.9494482,0.35055175,-0.38944826,-1.7294482,-4.639448,-2.3194482,-3.1394482,-1.3994483,-0.45944825,3.7205517,-1.4894482,-0.56944823,-0.84944826,-0.66944826,1.7205517,-1.5694482,-0.06944824,1.0505518,-0.06944824,8.800551,4.6905518,-2.2294483
-10.329449,-9.899448,-8.989449,-4.389448,-0.91944826,-4.929448,-4.299448,-5.0394483,-5.0394483,-5.0394483,-6.5194483,-6.3094482,-4.9794483,-2.4194481,-2.3194482,-3.1994483,-2.3694482,-1.5894482,-2.2094483,-1.9994483,-0.43944824,-3.0094483,-0.13944824,-0.72944826,0.64055175,0.58055174,1.3805518,2.5505517,-1.6194482,1.4905517,2.7005517,4.360552,6.0405517,2.1605518,-4.299448,0.34055176,1.4905517,1.2505517,0.27055177,3.6405518,7.110552
-9.219448,-8.669448,-6.469448,-4.6694484,-3.7894483,-3.1894484,-3.3294482,-4.3194485,-3.4694483,-3.0494483,-4.139448,-4.8594484,-1.6794482,0.100551754,4.420552,-2.5694482,-2.7194483,-2.2994483,-1.2794483,-1.3194482,-0.38944826,0.22055176,0.77055174,1.0305518,2.1005518,3.4405518,1.7605518,-2.2394483,1.3705517,2.5305517,1.8405517,3.9905517,2.7805517,2.5705519,0.020551758,5.4405518,5.7505517,4.1805515,5.550552,3.4805517,4.4405518
-7.099448,-6.659448,-7.3094482,-7.349448,-6.549448,-3.4694483,-3.1294482,-3.1894484,-2.6194482,-3.4694483,-1.9294482,-1.5494483,1.1905518,2.4405518,3.3405519,-1.0894482,-1.0494483,-1.8394482,-1.8694482,-2.0294483,-0.80944824,-0.84944826,-0.19944824,-0.75944823,-0.8994482,0.69055176,0.19055176,-2.4394484,0.63055176,2.7205517,3.8105516,4.700552,5.570552,5.6805515,3.5405517,-0.09944824,4.2705517,6.0005517,5.920552,5.920552,-0.74944824
-5.509448,-5.739448,-4.6494484,-4.079448,-3.8394482,-2.2094483,-3.0694482,-2.6294482,-1.7594483,-1.7994483,-1.0194483,0.43055177,0.94055176,0.81055176,0.21055175,-0.19944824,0.69055176,0.57055175,0.030551758,-1.0394483,-1.6194482,0.6705518,-0.44944823,-0.32944825,0.32055175,1.8405517,1.1405518,1.2505517,3.3905518,2.4805517,3.5405517,4.4105515,4.630552,6.130552,5.9105515,5.0805516,2.7305517,1.3805518,4.4605517,-0.31944823,7.900552
-4.2694483,-3.8894482,-3.5394483,-2.5794482,-2.4394484,-1.7994483,-1.5694482,-0.49944824,0.04055176,0.37055176,1.0405518,1.8005518,2.5405517,3.2705517,2.9005518,3.0205517,1.7405517,1.9105518,2.8105516,2.5805519,1.2005517,-0.37944824,-0.35944825,1.6505518,2.3305519,0.32055175,1.5805517,2.5905519,3.1205518,2.8305519,2.5805519,3.6105518,3.3705518,3.6905518,4.8905516,6.9805517,8.990552,1.5705518,9.740552,9.510551,5.780552
-2.6494482,-2.3194482,-1.4594482,-1.2894483,-0.59944826,-0.17944825,-0.15944824,0.22055176,0.48055175,1.8005518,2.8405519,3.5805519,3.7605517,2.7905517,3.0105517,3.0705519,4.0405517,3.1105518,4.1405516,4.9305515,4.720552,5.1005516,2.1305518,3.0205517,2.8505518,3.3305519,4.380552,4.2705517,4.470552,4.900552,4.6005516,5.220552,4.700552,4.820552,5.450552,5.4805517,5.2705517,4.5605516,1.2205517,1.0405518,1.5805517
-2.1894484,-1.6794482,-1.6294483,-1.0494483,-0.21944824,0.58055174,1.3205518,1.7405517,1.9705517,3.1205518,3.9505517,4.300552,4.950552,4.7305517,4.2705517,3.9105518,3.9605517,3.7205517,4.1905518,4.4805517,6.130552,6.2505517,6.8305516,3.5105517,4.4805517,4.3105516,5.0005517,5.450552,6.2905517,4.9405518,6.1805515,6.420552,5.630552,7.5805516,7.7505517,6.010552,3.0905519,2.5705519,1.2705518,1.9705517,2.7405517
-0.5894482,-0.54944825,0.23055176,0.100551754,2.0605516,2.1205518,3.0605516,3.6005518,4.4605517,4.7905517,5.360552,6.050552,5.970552,5.5405517,5.5005517,4.820552,4.6805515,4.1005516,4.8305516,5.570552,6.2905517,6.6905518,6.400552,6.610552,3.2105517,5.0605516,5.5205517,6.4805517,6.470552,6.110552,5.720552,7.3505516,6.5205517,5.670552,5.800552,4.420552,0.9705517,0.77055174,1.7105517,2.5905519,0.7205517
2.4405518,2.5105517,2.7205517,3.5205517,4.130552,4.6905518,5.1405516,5.3105516,5.3905516,5.6905518,6.2105517,6.260552,6.2505517,6.3505516,5.8105516,5.3905516,5.1905518,5.6905518,4.780552,5.300552,5.6405516,4.8505516,6.1405516,6.320552,5.6205516,5.200552,4.200552,6.5805516,6.840552,6.7705517,6.1805515,7.1205516,5.4405518,6.0405517,4.450552,5.970552,5.3505516,4.5005517,3.4005518,0.16055176,-0.45944825
3.5105517,4.740552,4.670552,5.9605517,5.4305515,4.380552,6.3505516,6.6205516,7.5205517,5.4105515,4.1205516,5.2105517,5.720552,5.740552,4.720552,4.9105515,4.6205516,5.3505516,5.5405517,4.1905518,3.9805517,4.4405518,5.530552,5.8705516,5.5605516,4.6405516,4.070552,4.7105517,6.550552,7.0205517,5.8305516,6.3305516,4.3105516,5.030552,4.5005517,3.9705517,5.280552,3.2705517,3.2205517,1.5705518,2.8905518
4.920552,5.510552,5.5405517,5.9605517,6.4305515,6.8305516,6.800552,7.070552,7.200552,6.300552,4.1205516,5.050552,6.340552,5.6205516,4.840552,4.1605515,5.820552,5.6405516,5.8505516,5.4105515,4.5205517,2.8005517,5.200552,4.9305515,4.5605516,5.030552,5.1405516,4.670552,5.7505517,5.530552,5.0005517,5.1405516,3.3905518,3.7405517,2.1805518,2.8005517,2.8705518,1.6905518,2.1305518,2.6305518,3.7605517
4.130552,5.7505517,6.1605515,6.170552,6.8305516,6.9805517,7.4405518,7.7105517,7.3705516,6.840552,3.7005517,5.030552,5.8905516,4.990552,5.470552,6.470552,6.7705517,6.510552,6.130552,6.880552,4.4105515,4.050552,3.0205517,3.5305517,5.170552,3.4105518,4.130552,3.6005518,5.030552,5.950552,5.3105516,3.1905518,3.1105518,2.8805518,2.8905518,2.5405517,2.4805517,2.0505517,2.0405517,1.9905517,1.5105518
