wind_kz.json
{"header": {"discipline":0,"disciplineName":"Meteorological products","gribEdition":2,"gribLength":1102,"center":7,"centerName":"US National Weather Service - NCEP(WMC)","subcenter":0,"refTime":"2023-08-18T18:00:00.000Z","significanceOfRT":1,"significanceOfRTName":"Start of forecast","productStatus":0,"productStatusName":"Operational products","productType":1,"productTypeName":"Forecast products","productDefinitionTemplate":0,"productDefinitionTemplateName":"Analysis/forecast at horizontal level/layer at a point in time","parameterCategory":2,"parameterCategoryName":"UnknownDiscipline_0_Category_2","parameterNumber":2,"parameterNumberName":"UnknownParameter_D0_C2_2","parameterUnit":"Unknown","genProcessType":2,"genProcessTypeName":"Forecast","forecastTime":240,"surface1Type":103,"surface1TypeName":"Specified height level above ground","surface1Value":10.0,"surface2Type":255,"surface2TypeName":"Missing","surface2Value":0.0,"gridDefinitionTemplate":0,"gridDefinitionTemplateName":"Latitude_Longitude","numberPoints":615,"shape":6,"shapeName":"Earth spherical with radius of 6,371,229.0 m","gridUnits":"degrees","resolution":48,"winds":"true","scanMode":64,"nx":41,"ny":15,"basicAngle":0,"lo1":47.0,"la1":41.0,"lo2":87.0,"la2":55.0,"dx":1.0,"dy":1.0}, "data":
[rows 0 to 14 of 15, columns 0 to 40 of 41]
-4.749433,-0.929433,1.050567,-2.939433,-4.909433,-8.639433,-9.819433,-9.759433,-9.779433,-6.639433,-5.389433,-6.629433,-5.649433,-4.079433,-3.659433,-4.289433,-4.249433,-3.859433,-4.929433,-3.599433,-2.609433,-1.059433,-1.279433,-1.729433,0.970567,-1.999433,-3.289433,-2.149433,0.19056702,1.060567,0.330567,2.960567,-1.389433,9.920567,4.500567,1.580567,3.800567,1.6405671,-4.529433,-2.459433,-3.329433
1.410567,-0.07943299,-3.829433,-5.729433,-6.639433,-8.699433,-8.419433,-8.819433,-6.499433,-5.019433,-6.689433,-6.419433,-3.729433,-3.519433,-4.239433,-4.619433,-4.229433,-3.4294329,-2.469433,-2.509433,-1.999433,-3.769433,-1.129433,-2.699433,-0.47943297,0.680567,-1.049433,-0.37943298,-4.019433,-2.119433,-0.009432984,-0.13943298,0.390567,0.050567016,1.220567,0.590567,-0.089432985,0.450567,2.190567,1.940567,-1.249433
-1.6094329,-6.569433,-5.169433,-8.469433,-9.279433,-8.119433,-6.379433,-5.109433,-8.089433,-8.359433,-6.779433,-6.139433,-4.109433,-2.829433,-4.949433,-4.379433,-3.879433,-3.1794329,-3.729433,-2.499433,-2.739433,-4.519433,-5.629433,-5.939433,-0.15943298,-2.529433,-1.7394329,-0.539433,-2.799433,-0.489433,-2.089433,2.510567,-0.119432986,-0.25943297,-1.2394329,-0.359433,0.320567,-0.799433,3.740567,0.740567,0.12056702
-5.489433,-7.189433,-6.459433,-6.459433,-6.319433,-4.339433,-3.409433,-5.669433,-7.019433,-6.2994328,-4.719433,-4.119433,-5.259433,-4.099433,-2.719433,-1.659433,-3.079433,-2.449433,-3.209433,-3.1694329,-2.219433,-3.389433,-1.549433,-2.399433,-2.499433,-2.039433,-2.909433,-3.689433,-3.299433,-2.059433,-2.819433,-3.879433,-5.079433,-4.249433,-4.509433,-2.439433,-0.33943298,0.870567,-1.229433,0.870567,7.340567
-5.409433,-7.849433,-5.789433,-1.229433,-4.959433,-3.099433,-4.629433,-3.449433,-3.229433,-2.939433,-2.869433,-2.229433,-2.4294329,-1.589433,0.520567,0.40056702,-1.309433,-2.299433,-1.069433,0.08056702,-1.659433,-1.959433,-2.899433,-1.929433,-1.629433,-3.299433,-4.429433,-4.579433,-2.4194329,-2.029433,-2.599433,-2.889433,-1.249433,1.190567,-1.049433,-1.709433,10.550567,6.870567,5.230567,8.130567,6.050567
-4.389433,-4.129433,-4.419433,-7.439433,-6.069433,-7.459433,-4.619433,-3.1694329,-2.249433,-2.909433,-1.079433,0.67056704,1.970567,3.430567,2.730567,2.890567,1.8805671,-0.20943299,1.6405671,0.570567,-0.18943298,1.600567,0.350567,-2.449433,-2.1694329,-1.059433,-0.909433,-3.549433,-0.429433,-2.009433,-1.459433,1.690567,-1.579433,-1.069433,0.24056701,-1.149433,1.700567,5.640567,13.090567,2.980567,2.270567
-2.079433,-2.199433,-1.339433,-3.029433,-3.289433,-2.699433,-1.499433,-0.739433,-0.15943298,-0.719433,-0.46943298,1.050567,2.500567,3.490567,4.130567,3.210567,-0.23943299,-0.47943297,-0.429433,2.180567,2.120567,-0.17943299,-0.359433,-1.799433,-1.9894329,-0.809433,-0.14943299,2.160567,1.250567,1.110567,2.410567,1.340567,0.940567,0.320567,0.43056703,-0.009432984,-0.15943298,-0.07943299,3.360567,-1.139433,6.740567
0.07056702,-0.57943296,-0.13943298,-0.009432984,0.520567,1.6405671,3.560567,2.600567,1.3905671,1.100567,1.820567,3.160567,3.310567,3.460567,3.300567,-0.28943297,-1.059433,-1.539433,0.570567,1.120567,1.1405671,-2.549433,-2.069433,-0.039432984,0.44056702,-0.31943297,1.980567,1.340567,1.960567,3.250567,0.020567017,1.030567,-1.149433,0.890567,-0.059432983,2.390567,1.460567,5.170567,7.540567,11.690566,5.750567
0.700567,-0.07943299,2.560567,1.620567,2.690567,2.040567,2.030567,1.810567,2.450567,3.200567,3.760567,4.140567,4.860567,3.8305671,3.860567,-0.49943298,-0.429433,-1.129433,0.680567,1.590567,-1.709433,-1.319433,-0.63943297,0.480567,0.20056702,-2.469433,-1.849433,-1.519433,-1.169433,-1.999433,-3.709433,-2.729433,-0.07943299,2.780567,-0.559433,-1.029433,0.750567,-0.359433,1.290567,1.040567,1.050567
-1.559433,-0.25943297,0.830567,1.690567,1.980567,2.100567,2.840567,3.340567,3.880567,3.300567,2.230567,1.280567,2.180567,4.140567,3.160567,-1.339433,-2.089433,-2.209433,-0.879433,-1.219433,-1.1094329,-0.019432984,0.66056705,-0.269433,-0.979433,0.390567,-0.10943298,-1.289433,-1.389433,-1.829433,-1.589433,-1.029433,-2.329433,-2.389433,-2.349433,-1.269433,-0.76943296,-0.16943298,-0.94943297,1.420567,1.110567
1.500567,1.770567,2.390567,2.3305671,3.010567,2.760567,3.000567,-0.30943298,0.67056704,1.610567,-1.1094329,-0.33943298,-0.88943297,-2.969433,-3.589433,-3.279433,-2.079433,0.090567015,-1.829433,-0.419433,0.49056703,1.2605671,2.610567,2.740567,1.5105671,0.14056702,0.14056702,2.500567,1.020567,1.610567,0.620567,-0.51943296,1.610567,-0.21943298,-1.269433,-1.579433,-1.029433,-0.28943297,-1.209433,0.350567,0.73056704
1.410567,2.160567,2.480567,2.640567,3.100567,1.450567,0.44056702,-0.939433,1.800567,-1.519433,-1.269433,-1.479433,-2.799433,-2.9294329,-1.659433,-0.369433,0.98056704,1.950567,1.540567,2.150567,1.240567,3.230567,1.840567,0.330567,-1.079433,0.630567,1.7605671,2.230567,1.780567,0.08056702,0.350567,1.070567,-0.16943298,-0.329433,-0.569433,-0.70943296,-0.25943297,-0.399433,-0.489433,-0.489433,0.990567
0.23056702,0.970567,1.040567,0.55056703,-1.9894329,-1.419433,0.12056702,1.160567,1.170567,-1.029433,-0.859433,-0.24943298,-0.28943297,0.320567,1.490567,1.030567,0.510567,-0.919433,-0.919433,-0.95943296,-1.229433,-0.509433,-0.569433,-0.83943295,-1.339433,-0.51943296,1.3805671,2.690567,2.470567,2.620567,2.0705671,0.360567,1.910567,0.98056704,0.870567,0.420567,0.930567,0.19056702,-1.169433,-0.419433,0.380567
1.940567,0.720567,-2.269433,-2.449433,-0.70943296,-0.019432984,-0.759433,-1.1194329,1.940567,-0.119432986,-1.429433,-0.689433,1.160567,0.890567,0.15056701,-1.3594329,-0.43943298,0.44056702,-2.379433,-1.999433,-2.469433,-1.949433,-2.389433,-2.249433,-1.219433,-0.22943299,0.970567,2.670567,2.850567,1.360567,2.400567,1.460567,1.180567,0.880567,1.5105671,0.91056705,1.180567,0.67056704,-0.529433,0.47056702,0.260567
-1.059433,-1.899433,-0.25943297,-1.749433,-0.21943298,0.40056702,2.3205671,3.3305671,-1.979433,-1.919433,-1.979433,-1.039433,-0.34943298,0.79056704,1.580567,1.930567,1.8905671,2.500567,1.800567,1.700567,1.230567,1.0105671,0.520567,2.010567,2.260567,1.770567,2.920567,2.900567,3.610567,2.260567,2.440567,1.750567,0.820567,0.760567,0.050567016,1.280567,1.050567,1.020567,0.820567,0.810567,-0.269433
