wind_kz.json
{"header": {"discipline":0,"disciplineName":"Meteorological products","gribEdition":2,"gribLength":1025,"center":7,"centerName":"US National Weather Service - NCEP(WMC)","subcenter":0,"refTime":"2023-08-18T18:00:00.000Z","significanceOfRT":1,"significanceOfRTName":"Start of forecast","productStatus":0,"productStatusName":"Operational products","productType":1,"productTypeName":"Forecast products","productDefinitionTemplate":0,"productDefinitionTemplateName":"Analysis/forecast at horizontal level/layer at a point in time","parameterCategory":2,"parameterCategoryName":"UnknownDiscipline_0_Category_2","parameterNumber":3,"parameterNumberName":"UnknownParameter_D0_C2_3","parameterUnit":"Unknown","genProcessType":2,"genProcessTypeName":"Forecast","forecastTime":180,"surface1Type":103,"surface1TypeName":"Specified height level above ground","surface1Value":10.0,"surface2Type":255,"surface2TypeName":"Missing","surface2Value":0.0,"gridDefinitionTemplate":0,"gridDefinitionTemplateName":"Latitude_Longitude","numberPoints":615,"shape":6,"shapeName":"Earth spherical with radius of 6,371,229.0 m","gridUnits":"degrees","resolution":48,"winds":"true","scanMode":64,"nx":41,"ny":15,"basicAngle":0,"lo1":47.0,"la1":41.0,"lo2":87.0,"la2":55.0,"dx":1.0,"dy":1.0}, "data":
[rows 0 to 14 of 15, columns 0 to 40 of 41]
4.400137,2.6401367,-1.4698633,-3.9698632,-5.749863,-6.8998632,-6.059863,-5.709863,-4.0298634,-5.3798633,-3.7798634,-0.87986326,1.1001368,1.1001368,-0.2598633,-2.8398633,-5.3398633,-5.329863,-4.0098634,-3.0098634,-3.1198633,-5.2398634,1.3901367,1.0101367,4.1101365,3.0401368,2.0701368,0.99013674,-0.81986326,1.8901367,2.0001366,2.8401368,-0.26986328,3.2201366,2.7901368,0.8401367,0.3701367,-0.35986328,-0.9298633,-2.4898634,0.23013672
-2.5398633,-0.4698633,0.120136715,-2.1298633,-5.1298633,-6.329863,-7.3598633,-6.5498633,-5.1798635,-5.5698633,-5.3798633,-2.6198633,-0.8698633,-0.94986326,-1.7098633,-2.4898634,-3.5298634,-3.1098633,-3.8198633,-4.189863,-4.689863,-4.249863,-2.6698632,2.7901368,3.0201368,3.8001368,-0.7698633,3.8501368,-0.3498633,3.3401368,-1.7498633,1.4501367,0.6001367,0.6001367,2.8101368,3.1001368,1.0601367,1.9401367,1.8901367,2.4301367,-0.35986328
-1.3598633,0.80013674,-1.0998633,-3.0298634,-3.9598632,-5.3698635,-4.829863,-5.3198633,-6.039863,-5.7598634,-4.3998632,-4.4098635,-3.9598632,-2.7198632,-2.5898633,-2.5198634,-1.4198632,-2.1598632,-3.3898633,-4.2798634,-4.7998633,-4.8398633,-1.5698633,1.9501367,-2.2598634,-2.0998633,0.17013672,-3.6098633,1.5601367,-4.1798635,-0.93986326,-0.4798633,-4.669863,2.6201367,0.15013672,-3.0698633,-2.0298634,2.4401367,-1.8298633,0.9001367,0.26013672
-0.9598633,-1.5498633,-4.349863,-5.3698635,-3.5398633,-6.1598635,-5.789863,-4.8898635,-4.8798633,-4.329863,-4.3798633,-3.7798634,-4.2198634,-4.0698633,-3.7998633,-2.9498632,-2.4298632,-2.1898632,-2.0898633,-1.5298632,-3.8198633,-2.0698633,-4.019863,-2.0698633,2.0601368,3.4701366,3.6401367,1.5101367,0.4901367,-2.2298632,-7.9898634,-7.999863,0.3401367,1.9201367,1.9701368,2.6701367,2.8701367,0.5201367,-3.6298633,-2.4398632,-1.4998633
-2.3298633,-4.329863,-5.5898633,-6.3198633,-7.1098633,-5.439863,-3.3298633,-5.3998632,-5.6498632,-5.309863,-5.3398633,-5.2198634,-5.229863,-5.979863,-4.999863,-0.9098633,-1.6698632,-2.5098634,-2.7698634,-2.3498633,-0.6698633,-2.1398633,-1.4298633,-0.5798633,-0.6698633,0.07013672,4.460137,4.7001367,2.9601367,0.18013673,-4.2598634,-7.5698633,-3.8398633,-1.0998633,0.20013672,1.0301367,2.0701368,-0.019863281,-0.62986326,-0.48986328,0.7701367
-3.7298632,-3.0898633,-3.4898634,-5.269863,-6.5298634,-6.4298635,-6.039863,-5.7598634,-6.7798634,-6.1498632,-5.1498632,-4.979863,-5.329863,-4.209863,-2.4098632,-3.3698633,-1.3398633,-1.5198632,-0.4698633,-0.9898633,-0.22986329,0.040136717,-0.5498633,0.69013673,1.9601368,1.9001367,3.7801368,8.510137,4.3601365,3.0501368,-1.6798633,-4.0298634,-5.8698635,-3.9398632,-0.63986325,-6.3698635,-4.9498634,-1.1098633,0.9001367,0.74013674,1.4701368
-3.5198634,-4.559863,-4.729863,-4.0298634,-3.4598632,-4.459863,-4.9298635,-6.1798635,-5.6598635,-5.3198633,-5.3998632,-4.8198633,-4.689863,-4.3398633,-3.1698632,-2.5098634,-1.8098633,-0.9098633,0.03013672,0.8301367,0.50013673,0.6301367,2.4601367,3.1901367,1.7201368,2.7701368,3.6701367,4.7201366,7.790137,5.210137,4.000137,-0.41986328,-2.8298633,-1.2098633,-1.4998633,4.6301365,3.6701367,1.7901367,0.9801367,3.0801368,1.6501367
-4.499863,-5.9498634,-3.9998634,-3.6898632,-3.3198633,-3.5098634,-6.419863,-6.1498632,-5.439863,-6.2998633,-6.789863,-6.729863,-5.599863,-4.7998633,-4.6298633,-3.1298633,-1.5098633,-0.8598633,0.6301367,1.7601367,2.8201368,1.6801367,2.4401367,4.7201366,4.710137,4.270137,5.3601365,6.690137,5.9501367,7.7801366,3.4401367,3.9501367,-2.2298632,1.3001367,-2.3798633,-1.5298632,-2.7598634,1.0401367,-0.49986327,1.7201368,3.0801368
-3.8798633,-5.3398633,-4.559863,-4.349863,-3.3098633,-4.309863,-6.1998634,-6.829863,-6.439863,-6.5898633,-7.0298634,-8.429863,-9.1198635,-7.059863,-4.4698634,-1.8098633,-0.74986327,0.7801367,1.8401368,2.3101368,4.400137,3.7701368,3.5501368,4.6801367,6.9501367,6.4301367,5.500137,6.1201367,6.270137,6.170137,5.940137,4.8401365,3.3901367,3.0601368,-1.9398633,3.5301368,2.9301367,-0.50986326,-0.22986329,1.1901367,1.9001367
-2.7598634,-4.349863,-3.8798633,-4.6398635,-4.8398633,-5.019863,-5.7398634,-6.8398633,-6.479863,-7.459863,-8.269863,-9.849863,-7.1298633,-6.1498632,-5.169863,-3.5998633,-1.2798632,0.8201367,2.8301368,2.7701368,4.2601366,5.3701367,5.460137,4.6101365,6.580137,7.8201365,7.0501366,4.920137,4.520137,4.000137,1.9301367,4.040137,-2.3598633,3.5001366,0.5701367,-1.4498633,0.9101367,2.2501366,0.6301367,-1.9098632,-0.6598633
-1.8498633,-2.3898633,-3.5998633,-4.479863,-5.709863,-4.8598633,-4.939863,-5.849863,-7.6298633,-8.359863,-7.8198633,-8.259863,-5.1798635,-4.5898633,-4.7198634,-3.5798633,-2.2598634,0.14013672,3.1801367,4.3501368,5.400137,4.6301365,6.7601366,6.770137,6.810137,7.8401365,7.190137,7.1301365,4.420137,1.8001367,-0.17986327,1.8301368,-2.7898633,3.6501367,0.6001367,-0.39986327,2.3901367,1.3501368,2.1601367,1.2601367,0.06013672
-1.5498633,-2.4498632,-3.6098633,-4.499863,-4.6498632,-5.1098633,-5.5698633,-5.9698634,-7.729863,-7.939863,-8.329864,-8.459864,-8.749864,-5.8598633,-4.7798634,-3.2898633,-3.0498633,-1.5798633,2.5501368,3.7801368,4.3701367,6.670137,7.3201365,7.3801365,5.6401367,8.210136,7.8401365,6.6801367,5.4501367,2.3801367,-0.07986328,1.0101367,2.9801366,-1.9598633,1.0901368,2.2001367,0.6701367,1.2501367,-1.9798633,2.3501368,0.19013672
-0.8598633,-2.6398633,-3.1798632,-4.2798634,-4.8198633,-3.8998632,-5.2998633,-5.6298633,-8.6198635,-8.209864,-5.5098634,-6.7598634,-8.089863,-7.249863,-7.1298633,-4.9498634,-2.9298632,-2.6398633,1.9801368,3.8601367,5.3401365,6.6401367,6.5301366,6.8601365,8.170136,5.2601366,7.330137,5.6201367,4.5301366,2.9801366,0.47013673,0.13013671,0.93013674,-0.45986328,0.6701367,2.5101366,1.3801367,2.3401368,3.5901368,3.2901368,1.6401367
-0.23986328,-1.8698633,-3.4598632,-3.7698634,-4.789863,-6.249863,-5.5898633,-6.3798633,-6.9698634,-8.469863,-4.269863,-4.939863,-9.339863,-8.469863,-7.4698634,-7.019863,-3.8998632,-0.8298633,-0.42986327,-1.6598632,6.020137,4.400137,5.4301367,6.790137,7.230137,8.260137,6.670137,5.3601365,5.060137,3.7401366,1.6801367,0.87013674,1.1501367,1.3201367,2.9201367,2.6801367,2.0301368,3.6901367,4.0701365,2.9701366,2.6101367
0.7101367,-1.1898633,-3.1598632,-3.9898634,-4.669863,-4.249863,-6.1498632,-6.2398634,-6.459863,-6.9698634,-4.0898633,-4.7998633,-4.9898634,-6.3998632,-8.079864,-7.3798633,-5.6398635,-2.2498634,0.6601367,0.02013672,2.1001368,4.4501367,4.9701366,6.920137,6.9501367,5.4901366,4.3601365,5.3201365,3.9301367,3.3501368,2.8101368,3.9801366,2.5901368,4.540137,3.5201368,1.2501367,4.8501368,5.670137,4.4301367,3.7601366,2.2401366
