wind_kz.json
{"header": {"discipline":0,"disciplineName":"Meteorological products","gribEdition":2,"gribLength":1025,"center":7,"centerName":"US National Weather Service - NCEP(WMC)","subcenter":0,"refTime":"2023-09-19T18:00:00.000Z","significanceOfRT":1,"significanceOfRTName":"Start of forecast","productStatus":0,"productStatusName":"Operational products","productType":1,"productTypeName":"Forecast products","productDefinitionTemplate":0,"productDefinitionTemplateName":"Analysis/forecast at horizontal level/layer at a point in time","parameterCategory":2,"parameterCategoryName":"UnknownDiscipline_0_Category_2","parameterNumber":3,"parameterNumberName":"UnknownParameter_D0_C2_3","parameterUnit":"Unknown","genProcessType":2,"genProcessTypeName":"Forecast","forecastTime":60,"surface1Type":103,"surface1TypeName":"Specified height level above ground","surface1Value":10.0,"surface2Type":255,"surface2TypeName":"Missing","surface2Value":0.0,"gridDefinitionTemplate":0,"gridDefinitionTemplateName":"Latitude_Longitude","numberPoints":615,"shape":6,"shapeName":"Earth spherical with radius of 6,371,229.0 m","gridUnits":"degrees","resolution":48,"winds":"true","scanMode":64,"nx":41,"ny":15,"basicAngle":0,"lo1":47.0,"la1":41.0,"lo2":87.0,"la2":55.0,"dx":1.0,"dy":1.0}, "data":
[rows 0 to 14 of 15, columns 0 to 40 of 41]
-0.18801513,1.8619848,0.7119849,2.911985,4.081985,1.1419848,2.4619849,2.7819848,2.641985,3.121985,1.2719848,0.34198487,-0.69801515,-1.2680151,-2.0380151,-2.7780151,-4.398015,-4.708015,-4.498015,-2.4280152,-3.2380152,-4.198015,-2.7780151,1.7419848,-0.74801517,3.181985,-2.5180151,2.351985,-3.378015,-4.3480153,-1.2580152,2.641985,-1.0080152,1.0119848,-5.168015,-3.9880152,-2.1880152,0.68198484,0.30198488,-2.9380152,0.74198484
-0.87801516,1.0219848,3.451985,4.9019847,4.331985,2.2919848,2.901985,2.161985,0.6519849,1.7219849,1.7319849,-0.048015136,-1.3080151,-1.5580151,-2.7480152,-2.888015,-3.068015,-4.188015,-3.9280152,-3.608015,-4.318015,-4.1580153,-3.098015,-1.1980151,1.1319848,2.161985,2.7319849,-0.58801514,-0.32801515,0.5819849,-2.7380152,-4.7880154,1.1519848,0.24198486,2.371985,-1.7680151,-3.358015,0.74198484,2.141985,-1.2680151,-0.50801516
1.2019849,4.081985,5.501985,4.161985,2.5219848,3.411985,3.2819848,0.97198486,2.0519848,2.5919847,1.3919848,0.7019849,-1.0680151,-1.3080151,-2.108015,-2.848015,-3.2180152,-4.238015,-3.858015,-4.318015,-4.4080153,-1.7280152,-3.388015,-1.3980151,-2.588015,-2.4180152,-2.4380152,-2.2680151,2.651985,1.4219849,-2.5080152,0.17198487,-1.5580151,-2.4880152,1.1819849,-3.078015,-2.858015,0.8919849,0.101984866,-1.3980151,-0.8680151
3.0019848,3.5219848,4.1719847,2.3019848,3.101985,3.3219848,3.0319848,2.431985,1.0419849,2.391985,2.0519848,0.27198488,-1.5780151,-2.648015,-2.558015,-2.9780152,-3.1880152,-3.5380151,-3.308015,-2.348015,-3.808015,-3.9580152,-3.5380151,-2.6780152,-1.5480151,-1.4280151,-1.9680152,-0.16801514,-1.2880151,2.651985,3.611985,-2.0280151,2.5419848,3.2919848,-1.0880151,2.2919848,0.80198485,0.26198485,-2.828015,-2.0280151,-1.0180151
1.1019849,0.28198487,1.1619849,0.61198485,-0.08801514,0.26198485,0.061984863,1.5019848,1.4819849,3.191985,2.381985,0.61198485,-1.3980151,-2.858015,-3.068015,-3.618015,-3.1780152,-3.0380151,-2.9780152,-2.098015,-2.568015,-3.0080152,-3.4080153,-2.838015,-2.118015,0.17198487,-1.6480151,-2.7780151,-1.5480151,-0.6780151,2.871985,1.7419848,0.6319849,-1.0880151,0.9019849,1.3619848,0.60198486,0.14198487,-1.5680151,-1.3180151,0.98198485
0.33198488,0.7019849,-0.018015137,0.37198487,-0.12801513,0.43198487,0.061984863,1.0719849,2.921985,2.921985,1.8919848,-0.29801515,-0.89801514,-2.9680152,-4.318015,-3.9380152,-3.898015,-2.328015,-1.5880151,-1.7080151,-2.4680152,-2.7880151,-3.2880151,-2.888015,-2.2480152,0.09198486,-1.4080151,-2.078015,-2.868015,-3.648015,-4.048015,-2.7480152,2.4619849,0.7119849,1.3619848,-3.7680151,-2.9980152,-3.7180152,0.08198486,0.27198488,-0.028015137
1.0519849,0.7019849,0.62198484,0.72198486,0.30198488,0.011984863,-0.75801516,0.9419849,1.8719848,1.0819849,0.24198486,-0.40801513,-2.0280151,-2.7580152,-3.2580152,-3.7880151,-4.458015,-4.048015,-2.6980152,-0.50801516,-1.0980152,-2.878015,-2.5180151,-3.318015,-0.7880151,-0.9280151,-1.9380151,-2.558015,-2.2880151,-3.6680152,-4.5580153,-3.598015,-3.4980152,-3.2780151,0.87198484,0.98198485,2.5919847,1.8719848,-0.56801516,1.3819848,0.80198485
0.7719849,0.9419849,0.36198485,-0.12801513,0.08198486,0.32198486,0.16198486,0.20198487,0.16198486,0.15198487,-0.31801513,-0.96801513,-1.3380151,-2.068015,-2.1680152,-2.9980152,-3.338015,-3.6880152,-3.9680152,-0.5480151,0.35198486,-1.7580152,-2.2380152,-1.7480152,-0.9780151,-1.1280152,-2.2180152,-1.8080151,-2.5280151,-3.6580153,-4.628015,-5.968015,-5.858015,-6.188015,-2.868015,-1.4180151,-1.9880152,-1.3180151,-0.12801513,0.24198486,1.3619848
1.7519848,1.2819848,0.81198484,0.18198486,-0.09801514,-0.048015136,0.18198486,0.16198486,0.111984864,-0.44801512,-1.2280152,-1.2980151,-2.318015,-1.9880152,-2.4080153,-2.058015,-2.2580152,-2.868015,-2.638015,-2.638015,-1.9480151,0.60198486,-0.96801513,-2.1680152,-2.2480152,-0.078015134,1.4519849,-0.81801516,-1.4980152,-3.298015,-4.198015,-5.3680153,-5.428015,-3.4080153,-3.878015,-2.328015,2.2219849,1.1219848,3.3119848,2.201985,2.121985
1.5219848,1.2819848,0.93198484,0.93198484,0.46198487,-0.19801514,-0.46801513,-0.22801514,-1.0080152,-1.1180152,-1.8780152,-2.4180152,-2.2080152,-2.858015,-2.4780152,-2.1680152,-0.87801516,-0.6680151,-0.93801516,-2.1680152,-1.9980152,-1.0280151,-0.93801516,-1.3880152,-2.1980152,-1.0780151,2.631985,2.4919848,1.5219848,-1.0180151,-2.2480152,-2.4180152,-3.4080153,-3.2880151,-3.2280152,-1.6480151,1.0819849,-0.7280151,1.5819849,-0.46801513,0.31198487
1.7619848,1.1119848,1.0519849,1.2919849,1.0919849,0.6419849,0.25198486,0.14198487,-0.12801513,-0.108015135,-0.50801516,-0.87801516,-1.5380151,-1.5580151,-2.2080152,-1.6380152,-1.0780151,-0.078015134,0.5719849,0.42198485,-0.048015136,-0.35801515,-0.68801516,-0.9280151,-0.82801515,0.011984863,0.54198486,2.361985,0.53198487,-0.29801515,-0.8580151,-2.4080153,-2.598015,-2.888015,-0.18801513,-0.08801514,0.5719849,-0.50801516,0.53198487,0.9519849,0.41198486
0.9419849,1.1319848,1.0919849,1.5119848,1.2019849,1.2619848,1.0919849,0.75198483,0.38198486,0.60198486,0.041984864,-1.3880152,-0.90801513,-0.36801514,-1.1480151,-1.6680151,-0.8080151,-0.41801512,1.6819849,1.8319849,1.8819848,1.1519848,1.0219848,1.2819848,1.1219848,0.6319849,0.93198484,0.8919849,1.2819848,0.8819849,0.68198484,-0.11801514,-1.1880151,-1.5980152,-0.89801514,0.09198486,0.6419849,-0.50801516,-1.2580152,1.0019848,0.62198484
0.41198486,0.27198488,0.5119849,0.56198484,0.79198486,-0.048015136,0.14198487,0.67198485,0.91198486,1.5619849,0.5719849,-0.37801513,-0.68801516,-0.42801514,-0.16801514,-0.65801513,0.48198485,1.3519849,2.0019848,2.2119849,2.931985,2.671985,2.2119849,1.8819848,1.5919849,1.9419849,1.7019849,1.6219848,1.8119849,1.3919848,1.6819849,1.3619848,0.7119849,0.6419849,0.93198484,1.1219848,1.1419848,1.4019848,2.7419848,2.2919848,1.3319849
0.47198486,0.62198484,-0.51801515,-0.12801513,-0.13801514,0.071984865,0.44198486,1.2319849,1.6719849,2.2119849,1.2019849,-0.5980151,-1.6480151,-1.2780151,-1.3980151,-0.23801513,-1.7280152,0.79198486,1.9319849,3.5919847,2.671985,2.951985,2.631985,2.9619849,2.4919848,1.8519849,2.5519848,3.0419848,3.0919847,3.2519848,3.2219849,2.7219849,2.8119848,2.691985,2.0819848,2.411985,2.601985,2.8019848,2.351985,2.5819848,2.0919847
0.5119849,-0.88801515,-1.4080151,-1.0280151,-0.9780151,-0.6180151,-0.9180151,-1.3780152,-1.7680151,-1.0580151,2.161985,0.9619849,-0.09801514,-1.9880152,-3.0080152,-3.0380151,-2.388015,-1.8680152,-1.4380151,0.44198486,1.0519849,1.4019848,1.3619848,2.0419848,2.5119848,2.5919847,3.4819849,3.5819848,3.5719848,3.651985,4.291985,4.511985,4.101985,4.121985,3.7719848,3.4719849,4.351985,3.7419848,3.5419848,2.921985,3.4919848
