wind_kz.json
{"header": {"discipline":0,"disciplineName":"Meteorological products","gribEdition":2,"gribLength":1025,"center":7,"centerName":"US National Weather Service - NCEP(WMC)","subcenter":0,"refTime":"2024-03-19T18:00:00.000Z","significanceOfRT":1,"significanceOfRTName":"Start of forecast","productStatus":0,"productStatusName":"Operational products","productType":1,"productTypeName":"Forecast products","productDefinitionTemplate":0,"productDefinitionTemplateName":"Analysis/forecast at horizontal level/layer at a point in time","parameterCategory":2,"parameterCategoryName":"UnknownDiscipline_0_Category_2","parameterNumber":3,"parameterNumberName":"UnknownParameter_D0_C2_3","parameterUnit":"Unknown","genProcessType":2,"genProcessTypeName":"Forecast","forecastTime":120,"surface1Type":103,"surface1TypeName":"Specified height level above ground","surface1Value":10.0,"surface2Type":255,"surface2TypeName":"Missing","surface2Value":0.0,"gridDefinitionTemplate":0,"gridDefinitionTemplateName":"Latitude_Longitude","numberPoints":615,"shape":6,"shapeName":"Earth spherical with radius of 6,371,229.0 m","gridUnits":"degrees","resolution":48,"winds":"true","scanMode":64,"nx":41,"ny":15,"basicAngle":0,"lo1":47.0,"la1":41.0,"lo2":87.0,"la2":55.0,"dx":1.0,"dy":1.0}, "data":
[rows 0 to 14 of 15, columns 0 to 40 of 41]
0.71675295,-2.483247,-0.09324707,-4.043247,-3.793247,-5.763247,-4.943247,0.7567529,-1.1932471,-0.59324706,-0.72324705,-0.16324706,-0.29324707,-0.6932471,-0.32324708,-1.1532471,-1.4032471,-0.40324706,-3.243247,-1.623247,1.9167529,1.2267529,-1.113247,-0.7432471,-1.593247,-0.6932471,-0.58324707,1.4167529,0.8667529,1.5367529,-3.303247,-2.913247,-0.5732471,-0.47324708,-1.0232471,-2.403247,-1.6432471,0.31675294,0.71675295,-0.21324708,-0.8232471
4.9767528,1.006753,-2.553247,-1.7932471,-0.05324707,-1.5532471,-2.483247,1.7867529,1.2067529,0.51675296,-0.22324707,-0.60324705,-0.32324708,-0.30324706,-2.053247,-1.013247,-1.2732471,0.12675293,-1.1832471,-2.8532472,-1.983247,-1.6932471,-1.0532471,1.1667529,0.65675294,1.996753,-1.603247,2.056753,-0.8832471,1.1667529,1.5567529,1.776753,-1.4432471,-1.7932471,-5.423247,-2.933247,-1.753247,-3.763247,-0.17324707,-2.0832472,0.42675292
0.8867529,-1.623247,-2.263247,-1.733247,3.326753,2.076753,-0.33324707,2.956753,2.426753,1.5667529,1.6667529,1.5767529,0.39675292,-0.46324706,-1.593247,-1.983247,-1.363247,-0.49324706,0.06675293,-1.0232471,-2.3632472,-2.813247,-1.7132471,1.2867529,0.42675292,0.13675293,2.426753,0.85675293,-0.66324705,2.016753,1.5667529,0.91675293,1.2167529,-2.0932472,-0.6832471,0.8167529,3.976753,-1.7832471,0.27675292,-0.46324706,-0.9232471
-0.02324707,-2.193247,-2.3832471,0.25675294,3.196753,2.056753,1.8267529,3.676753,3.6167529,3.256753,1.396753,0.22675294,0.6367529,-0.11324707,-2.423247,0.9467529,-0.6332471,-1.5532471,0.17675292,-0.49324706,-2.473247,0.16675293,-1.4332471,-1.853247,-0.14324707,2.076753,1.406753,-0.47324708,1.0767529,-0.6332471,-2.053247,-1.4032471,-1.513247,0.83675295,0.05675293,-1.1432471,1.3367529,4.406753,2.786753,-0.16324706,-0.8232471
2.1267529,-0.78324705,-3.403247,-3.033247,3.086753,1.7867529,2.066753,3.766753,3.836753,3.936753,4.066753,3.306753,2.596753,0.66675293,-1.873247,-2.0832472,1.0867529,0.48675293,0.71675295,2.246753,-0.36324707,-2.573247,-0.7632471,-0.12324707,-1.133247,-1.7732471,1.1867529,-1.4632471,-2.273247,-3.043247,-2.6432471,-1.353247,3.826753,4.126753,-1.493247,0.06675293,-2.063247,0.71675295,-0.66324705,-0.16324706,-2.463247
1.5667529,-0.0032470704,-2.463247,-3.8532472,-4.303247,-3.163247,-0.0032470704,0.52675295,1.6967529,2.6167529,2.726753,3.076753,2.8767529,1.986753,0.27675292,-1.473247,-3.443247,2.186753,1.266753,1.986753,1.866753,-0.48324707,-0.84324706,-1.253247,0.30675292,2.1367528,1.266753,-0.5632471,-2.043247,-2.213247,-2.283247,-1.2132471,-2.003247,1.256753,1.9167529,-2.153247,0.24675293,-1.863247,-3.943247,0.11675293,-3.8732471
-2.503247,-3.1432471,1.5567529,-0.5032471,-2.743247,-2.0932472,-1.6532471,-1.0732471,0.6367529,0.77675295,0.37675294,-0.04324707,0.43675292,2.276753,2.196753,1.156753,0.20675293,-1.2032471,-1.5332471,0.6867529,1.6767529,0.8167529,2.9167528,1.246753,0.09675293,0.37675294,-0.71324706,-0.64324707,-1.1832471,-1.2832471,-1.853247,-1.3332471,-1.873247,0.96675295,0.07675293,-1.633247,0.11675293,1.7167529,-0.8032471,-0.65324706,-2.003247
-1.4032471,-2.423247,-2.983247,-3.173247,-1.593247,-1.473247,-1.6832471,-1.493247,-2.3332472,-2.273247,-2.523247,-2.3932471,-2.463247,-1.853247,-2.3732471,-3.1132472,-0.8132471,2.206753,2.056753,1.4767529,0.64675295,0.7567529,1.6767529,4.2267528,3.686753,3.196753,2.726753,-0.39324707,0.65675294,0.18675293,0.6267529,0.8267529,1.156753,2.6367528,2.996753,1.7167529,0.7567529,-0.72324705,0.31675294,0.40675294,-0.7032471
-0.15324707,-1.4332471,-2.243247,-2.473247,-2.313247,-2.793247,-1.5432471,-0.58324707,-0.45324707,0.04675293,-0.6832471,0.43675292,-0.32324708,-1.103247,-1.633247,-1.483247,-0.30324706,0.15675293,0.7467529,2.816753,3.426753,2.586753,3.286753,3.286753,4.096753,4.046753,4.186753,3.436753,3.526753,2.226753,3.1067529,4.816753,6.296753,4.9967527,3.716753,3.6467528,0.35675293,1.636753,2.986753,0.9267529,-0.32324708
2.3567529,1.636753,0.72675294,-0.84324706,-1.3332471,-1.0832471,0.41675293,0.53675294,1.126753,1.126753,1.0467529,0.71675295,1.7067529,-0.5732471,0.06675293,-0.16324706,0.60675293,1.6767529,2.456753,1.7167529,3.206753,3.596753,3.8667529,4.936753,4.7867527,5.256753,5.426753,4.866753,4.626753,4.956753,3.756753,6.066753,5.5367527,5.206753,4.4767528,2.446753,1.2967529,0.35675293,2.496753,4.506753,4.186753
1.8467529,1.4667529,0.6867529,0.33675292,0.31675294,0.89675295,1.2867529,1.3267529,1.8367529,1.276753,1.6967529,1.486753,1.8367529,1.886753,0.04675293,1.0467529,1.4167529,2.1567528,2.796753,3.3967528,3.936753,3.9167528,4.236753,5.396753,5.486753,6.166753,5.556753,6.076753,6.636753,5.186753,6.276753,5.096753,5.2467527,5.486753,7.046753,7.406753,3.8967528,3.476753,3.476753,1.776753,0.38675293
0.65675294,1.2067529,1.246753,1.246753,0.85675293,1.126753,0.76675296,0.5767529,0.70675296,1.0667529,0.89675295,0.83675295,0.66675293,0.95675296,0.5567529,0.44675294,0.5067529,0.5567529,1.5467529,1.9167529,2.216753,1.9367529,2.1667528,2.506753,3.826753,5.086753,6.5167527,6.5167527,5.7267528,6.096753,5.736753,6.5367527,5.756753,6.2867527,5.9767528,8.886753,9.246753,5.846753,2.236753,1.9467529,1.2967529
0.9267529,1.3167529,1.1967529,1.016753,0.84675294,0.11675293,0.04675293,0.14675292,-1.0232471,-1.4532471,-0.36324707,-1.593247,0.5767529,0.58675295,0.34675294,-0.17324707,0.26675293,-0.19324706,1.4367529,1.7067529,2.236753,2.436753,2.526753,2.326753,2.596753,3.066753,3.456753,3.326753,4.336753,5.046753,5.936753,6.216753,6.2667527,6.876753,7.2667527,8.086753,8.816753,5.166753,5.526753,4.2667527,2.8667529
1.8567529,1.2967529,0.44675294,0.40675294,0.33675292,-0.45324707,0.25675294,-0.15324707,-0.5132471,0.6167529,-0.32324708,-1.5632471,-1.4532471,0.27675292,1.776753,1.5867529,0.9367529,0.8867529,0.46675292,1.116753,2.4167528,2.706753,2.286753,2.346753,2.816753,2.6367528,2.8867528,3.446753,4.096753,4.646753,5.196753,5.816753,5.846753,6.586753,6.396753,7.2867527,6.676753,6.856753,6.606753,5.136753,5.626753
1.6867529,1.6667529,1.526753,1.6667529,1.366753,1.8167529,1.7167529,1.0867529,0.31675294,0.20675293,0.60675293,0.38675293,-0.07324707,-2.943247,-1.2732471,-1.133247,-0.23324707,-0.25324708,0.76675296,1.516753,1.0467529,1.376753,1.9567529,2.746753,2.4067528,2.286753,2.596753,2.956753,2.9167528,3.236753,4.216753,6.486753,6.006753,6.206753,6.576753,6.916753,7.596753,8.156753,7.5367527,6.956753,5.106753
