wind_kz.json
{"header": {"discipline":0,"disciplineName":"Meteorological products","gribEdition":2,"gribLength":1025,"center":7,"centerName":"US National Weather Service - NCEP(WMC)","subcenter":0,"refTime":"2023-08-28T12:00:00.000Z","significanceOfRT":1,"significanceOfRTName":"Start of forecast","productStatus":0,"productStatusName":"Operational products","productType":1,"productTypeName":"Forecast products","productDefinitionTemplate":0,"productDefinitionTemplateName":"Analysis/forecast at horizontal level/layer at a point in time","parameterCategory":2,"parameterCategoryName":"UnknownDiscipline_0_Category_2","parameterNumber":3,"parameterNumberName":"UnknownParameter_D0_C2_3","parameterUnit":"Unknown","genProcessType":2,"genProcessTypeName":"Forecast","forecastTime":240,"surface1Type":103,"surface1TypeName":"Specified height level above ground","surface1Value":10.0,"surface2Type":255,"surface2TypeName":"Missing","surface2Value":0.0,"gridDefinitionTemplate":0,"gridDefinitionTemplateName":"Latitude_Longitude","numberPoints":615,"shape":6,"shapeName":"Earth spherical with radius of 6,371,229.0 m","gridUnits":"degrees","resolution":48,"winds":"true","scanMode":64,"nx":41,"ny":15,"basicAngle":0,"lo1":47.0,"la1":41.0,"lo2":87.0,"la2":55.0,"dx":1.0,"dy":1.0}, "data":
[rows 0 to 14 of 15, columns 0 to 40 of 41]
2.3699517,1.8599517,-3.7600482,-6.3600483,-5.000048,-4.560048,-5.120048,-3.1700482,-2.060048,-1.5300483,-1.1000482,-2.1300483,-1.6900482,-0.9300482,-1.6800482,-4.0300484,-2.310048,-3.560048,-4.430048,-5.120048,-4.3800483,-3.0400481,-1.3100482,-0.41004822,3.699952,1.9999518,1.6799518,1.5199518,-2.6300483,0.6799518,-3.6800482,1.9499518,-0.07004822,1.3999518,-0.41004822,1.5299518,2.0199518,0.9999518,2.1499517,0.9999518,-0.37004822
-2.6100483,-2.3300483,-3.3700483,-4.2000484,-5.4500484,-6.5500484,-5.0500484,-5.3000484,-3.1600482,-2.6200483,-1.7900482,-0.47004822,-1.3500482,0.7799518,-0.34004822,-0.5700482,-0.8400482,-1.6800482,-1.9500482,-4.420048,-3.9600482,-2.2700481,-0.5200482,0.13995178,2.7399518,1.8799518,2.199952,1.5699518,0.039951783,-2.3200483,-1.7400482,2.3999517,0.8699518,0.20995179,1.7399517,2.9899518,3.2399518,1.6299518,0.4299518,2.0499518,-0.31004822
-1.9000483,-2.1900482,-3.8800483,-5.170048,-5.540048,-3.8700483,-3.8800483,-3.9300482,-2.9700482,-2.5800483,0.039951783,-0.04004822,-1.3800483,-1.9300482,-2.4300482,-1.1900482,-3.3600483,-3.4100482,-2.1800482,-3.8600483,-4.270048,-2.1900482,-1.0600482,1.7799518,-2.6200483,-2.7400482,-1.9600482,-1.8400482,-1.6200482,-1.8100482,-2.9000483,-1.7600483,-2.3700483,2.3199518,0.9699518,-0.5700482,1.0099518,-0.24004821,1.2699518,0.09995178,0.7399518
-1.8600482,-3.3900483,-5.120048,-6.560048,-5.710048,-5.0300484,-6.580048,-3.7800481,-3.6800482,-3.1800482,-1.1100482,-1.6200482,1.8999518,1.0399518,-1.8500482,0.039951783,0.009951782,-3.4400482,-1.5900482,-3.7800481,-4.3800483,-1.3500482,0.8499518,-1.8500482,-1.5000482,-1.7800483,-3.1200483,-3.2400482,-2.7300482,-5.600048,-5.7400484,-4.4700484,3.2199519,1.3999518,-0.9500482,0.27995178,-1.4500482,0.3999518,-0.9300482,-0.6300482,-1.2200482
1.5599518,0.2999518,-2.300048,-4.690048,-7.190048,-6.9700484,-8.010048,-6.460048,-7.500048,-7.2800484,-8.8700485,-4.250048,-6.0500484,-7.4000483,1.9399518,0.5599518,-1.7900482,-2.0800483,2.8199518,-0.7400482,-1.3800483,-2.1400483,0.079951786,0.6599518,0.8099518,-0.3200482,-6.330048,-9.400048,-3.9900482,-4.9500484,-6.4900484,-5.0300484,-3.1900482,-2.8500483,1.2499518,1.8099518,-0.16004822,-0.030048218,1.1199517,1.2499518,-0.8900482
-4.8200483,-4.920048,3.8799517,-0.13004822,-5.1500483,-5.3800483,-5.770048,-5.9700484,-4.7800484,-4.2200484,-3.9100482,-2.6200483,3.0899518,0.49995178,-8.190048,0.9999518,2.1499517,2.0599518,2.689952,3.2199519,-1.1200482,-3.050048,-1.8100482,0.13995178,-2.0100482,-0.60004824,1.1999518,-1.7000482,-4.3800483,-3.9700482,-4.2000484,-5.180048,-5.430048,-3.3600483,-1.8300482,-1.3700482,-2.6500483,-4.000048,6.6999516,3.0299518,-0.7200482
-4.850048,-6.8000484,-6.0300484,-6.250048,-6.3200483,-6.6500483,-6.670048,-6.3600483,-4.7800484,-5.190048,-5.7200484,0.9099518,1.8699517,5.439952,0.8699518,4.479952,3.0199518,4.249952,3.8099518,4.479952,2.4199517,0.4299518,-1.1700482,-2.1900482,-3.0000482,-2.4100482,-2.6600482,-3.7300482,-3.2400482,-4.850048,-0.85004824,1.2899518,-3.0900483,-0.9900482,0.009951782,0.6099518,1.4399518,1.0699518,1.6099517,1.4699517,-1.3200482
-5.250048,-4.770048,-5.710048,-7.3000484,-7.910048,-7.440048,-6.8200483,-6.180048,-5.830048,-5.0300484,-2.3600483,-5.140048,1.7299517,6.7599516,3.5099518,3.6399517,2.7599518,4.7399516,4.1799517,2.6499517,3.0799518,-1.1900482,0.6699518,-2.4700482,-2.9000483,-3.1800482,-4.6300483,-6.930048,-3.3800483,-4.190048,-2.8400483,-1.7600483,-5.7200484,-4.870048,-5.4000483,-3.4000483,-1.2200482,-1.4600482,0.04995178,0.3599518,0.76995176
-4.3000484,-5.7600484,-7.290048,-7.8600483,-7.6300483,-8.030048,-6.2200484,-8.490048,-7.370048,-6.3000484,-7.020048,-4.4500484,0.5999518,0.9099518,5.789952,3.4099517,4.339952,5.709952,1.6999518,3.3999517,5.539952,3.3999517,2.3899517,1.5699518,-1.1600482,-1.5900482,-6.5300484,-3.7800481,-4.5300484,-3.4500482,-4.4900484,-6.0100484,-6.2400484,-6.190048,-5.3000484,-5.100048,-5.480048,-2.6600482,-2.9600482,-1.2900482,0.6799518
-5.0700483,-6.5900483,-6.8000484,-7.980048,-6.920048,-7.7200484,-6.230048,-7.4000483,-6.4500484,-4.7000484,-4.5100484,-2.8200483,1.6899518,5.689952,6.459952,6.649952,2.0399518,6.589952,2.6599517,2.2399518,1.7699518,-1.6800482,-1.8900483,-3.1500483,-2.3200483,1.3899518,-3.0200481,-4.8400483,-4.730048,-5.480048,-5.5300484,-3.7300482,-5.3600483,-5.0700483,-4.890048,-3.7300482,-3.0100482,-2.7600482,-1.0500482,0.47995177,-1.0400482
-4.3800483,-5.5100484,-5.580048,-3.6800482,-5.410048,-7.500048,-7.770048,-5.7400484,-7.520048,-6.6300483,-5.910048,2.8699517,4.1799517,5.439952,-0.07004822,4.7599516,6.329952,3.9199517,2.6499517,1.8899518,-0.6500482,-0.010048218,-1.0300483,-1.4600482,-1.0600482,-2.1800482,-0.9400482,-3.8400483,-4.1100483,-5.190048,-5.3000484,-1.4900482,-3.6500483,-3.3600483,-2.9900482,-3.5300481,-1.3900483,-0.47004822,-0.6300482,-1.2500482,-1.0500482
-4.1300483,-5.100048,-4.560048,-5.180048,-4.5100484,-6.430048,-6.7400484,-7.460048,-6.170048,-6.540048,-4.4900484,-3.8200483,0.4599518,0.4299518,1.2199517,0.24995178,0.9999518,0.9199518,0.7399518,1.4599518,1.0199518,0.18995178,-0.7200482,-0.8700482,-1.5900482,-3.2600482,-3.5200481,-3.4600482,-4.1100483,-3.8800483,-1.6300483,-3.2300482,-4.140048,-2.9100482,-2.0200481,-2.7000482,-2.8700483,-1.6300483,0.58995175,-0.010048218,-0.8300482
-2.9500482,-3.3200483,-4.250048,-4.5900483,-4.3400483,-3.4900482,-4.670048,-6.640048,-8.000049,-4.120048,-2.7600482,-3.1000483,-3.4800482,-2.7800481,-1.6600482,-1.4800482,-0.34004822,0.40995178,0.7299518,0.8199518,0.40995178,0.6599518,-0.6500482,-0.38004822,-2.4300482,-2.3300483,-2.5400481,-3.0300481,-3.4300482,-2.810048,-2.800048,-2.4500482,-4.000048,-4.7200484,-4.850048,-4.520048,-4.0700483,-1.7100482,-1.3300482,-2.6300483,-1.3700482
-2.2900481,-3.0900483,-2.060048,-2.7400482,-4.430048,-4.3800483,-5.5500484,-5.640048,-3.1500483,-3.1300483,-1.5700482,-1.4600482,-3.310048,-2.6500483,-2.6800482,-1.1900482,-0.15004821,-0.3200482,0.4899518,0.16995178,-0.44004822,-0.13004822,-0.5900482,-0.5900482,-1.4200482,-2.3400483,-3.2400482,-3.550048,-3.1500483,-3.7800481,-5.4000483,-4.770048,-3.800048,-3.9400482,-3.7700481,-3.7100482,-3.6000483,-2.9800482,-3.1900482,-2.7900481,-2.8600483
-0.61004823,-0.37004822,-3.6400483,-1.9500482,-2.9000483,-2.7200482,-3.6500483,-5.140048,-3.8900483,-3.7100482,-2.4100482,-3.0800483,-1.0600482,-2.1400483,-2.6400483,-1.8500482,-0.66004825,-1.2000482,-0.5600482,0.16995178,-0.17004822,-2.2500482,-1.6500483,-1.4400482,-1.6600482,-3.1600482,-3.3700483,-3.6200483,-3.5700483,-3.4500482,-3.4900482,-2.9600482,-3.300048,-3.050048,-3.0300481,-3.7200482,-3.7400482,-3.4000483,-3.3800483,-2.5900483,-1.4200482
