wind_kz.json
{"header": {"discipline":0,"disciplineName":"Meteorological products","gribEdition":2,"gribLength":1025,"center":7,"centerName":"US National Weather Service - NCEP(WMC)","subcenter":0,"refTime":"2023-08-28T18:00:00.000Z","significanceOfRT":1,"significanceOfRTName":"Start of forecast","productStatus":0,"productStatusName":"Operational products","productType":1,"productTypeName":"Forecast products","productDefinitionTemplate":0,"productDefinitionTemplateName":"Analysis/forecast at horizontal level/layer at a point in time","parameterCategory":2,"parameterCategoryName":"UnknownDiscipline_0_Category_2","parameterNumber":2,"parameterNumberName":"UnknownParameter_D0_C2_2","parameterUnit":"Unknown","genProcessType":2,"genProcessTypeName":"Forecast","forecastTime":120,"surface1Type":103,"surface1TypeName":"Specified height level above ground","surface1Value":10.0,"surface2Type":255,"surface2TypeName":"Missing","surface2Value":0.0,"gridDefinitionTemplate":0,"gridDefinitionTemplateName":"Latitude_Longitude","numberPoints":615,"shape":6,"shapeName":"Earth spherical with radius of 6,371,229.0 m","gridUnits":"degrees","resolution":48,"winds":"true","scanMode":64,"nx":41,"ny":15,"basicAngle":0,"lo1":47.0,"la1":41.0,"lo2":87.0,"la2":55.0,"dx":1.0,"dy":1.0}, "data":
[rows 0 to 14 of 15, columns 0 to 40 of 41]
-4.513823,-0.6938232,-0.45382324,-2.2138233,-1.4138232,-0.32382324,-1.8938233,-3.4738233,-3.8438232,-3.2438233,-2.7938232,-2.4038231,-2.1638231,-2.2038233,1.6261767,-1.4138232,-1.0338233,-0.34382325,-1.5438232,-0.74382323,-1.7138232,-0.95382327,-1.0238233,-0.67382324,0.47617677,-3.4938233,-1.8638233,0.76617676,-1.0738232,-1.4138232,-1.8338232,2.7761767,4.666177,3.1361768,-0.70382327,0.30617675,-1.8038232,-3.8338232,-3.2438233,-2.6938233,-3.2838233
0.24617676,-0.43382323,-2.6838233,-2.8238232,-1.0538232,-0.77382326,-2.4938233,-3.3938231,-2.2538233,-2.4038231,-3.0738232,-2.7438233,-4.333823,-3.7038233,-3.2438233,-2.3438232,-0.83382326,-1.5338233,1.8161768,-2.1338232,-1.0838232,-1.4538232,-1.7238232,-1.3438232,0.91617674,0.76617676,-0.79382324,1.8261768,-0.103823245,-1.7038232,0.17617676,-0.26382324,1.5361768,-1.1438233,-0.24382325,-1.1538233,-0.64382327,-1.3138232,-0.26382324,0.45617676,-5.1938233
-2.0838232,-4.6338234,-4.433823,-2.0238233,0.44617677,-3.1438231,-1.6638232,0.9361768,-1.8538232,-2.1038232,-0.0038232422,0.50617677,-3.5238233,-3.0138233,-2.1438231,-0.80382323,-0.74382323,0.12617676,0.47617677,-0.34382325,0.13617676,0.17617676,1.0361768,1.4961767,1.3561767,2.9661767,2.9161768,3.1361768,-0.98382324,-0.07382324,-0.32382324,1.2461767,0.5661768,0.63617676,-2.1538231,-2.0538232,-0.58382326,0.48617676,-1.0938232,0.8661768,1.1361767
-3.8338232,-5.9038234,-5.1338234,-5.663823,-3.6638231,-2.5338233,-0.61382324,0.63617676,-3.2238233,-1.6338233,-1.2738233,-3.4838233,-3.5838232,-2.5238233,-0.36382324,0.94617677,2.4061768,2.5861769,-1.6938232,-1.4238232,-1.3638233,0.50617677,3.0961769,4.566177,3.1961768,2.6761768,1.6961768,1.3161768,4.646177,2.6261768,2.9861767,-0.99382323,1.9661767,1.5961767,-0.46382323,-1.2738233,-3.4138231,1.7461767,-1.2138232,-1.2838233,1.5661768
-2.8138232,-3.1438231,-2.5738232,-1.0638232,0.116176754,-0.14382324,0.8661768,1.4561768,-2.3438232,-0.74382323,-0.42382324,0.89617676,1.7261767,0.79617673,1.2161767,-1.0138233,-1.2738233,-0.6238232,-0.43382323,-1.1538233,-0.07382324,-0.053823244,-1.0238233,0.036176756,1.7461767,0.9361768,3.1261768,3.9961767,4.936177,3.0161767,3.4461768,-0.98382324,-0.65382326,0.26617676,0.25617677,1.1661768,0.75617677,-0.22382325,-3.8038232,-3.4638233,-3.5438232
-0.03382324,0.48617676,3.2661767,4.776177,4.316177,4.1961765,2.9961767,2.8061767,-0.85382324,2.5861769,2.1161768,-4.873823,-3.7838233,-0.08382324,-1.4438232,-1.1538233,1.5161767,-0.063823245,0.09617676,0.83617675,-0.24382325,1.1161767,3.2061768,3.7761767,3.3561769,5.816177,3.2361767,8.056177,6.4461765,5.4061766,-0.8238232,-0.91382325,1.1961768,0.24617676,0.28617677,0.18617676,0.046176758,-0.83382326,1.2261767,-3.7838233,-2.4938233
-2.9938233,1.3161768,1.9261768,-1.0838232,-0.32382324,2.4561768,-2.7238233,-1.6438233,-0.42382324,1.0961767,-2.9538233,-3.0738232,-1.5038233,-3.7038233,-2.0638232,-3.1538231,-2.7838233,-0.35382324,0.43617675,1.9661767,2.7061768,3.4261768,2.8361769,3.8861768,5.7061768,6.436177,7.9461765,6.8061767,7.5961766,5.0361767,-0.61382324,0.47617677,2.4261768,-0.043823242,-1.7538233,-1.1838232,-0.66382325,2.6061769,-2.7138233,2.5361767,3.0461767
-3.1338232,-3.7738233,-4.353823,-3.4238234,-2.4038231,-2.1938233,-2.0038233,-1.3138232,-3.8238232,-3.8738232,-1.9638232,-5.623823,-5.123823,-5.203823,-2.9438233,-0.66382325,0.72617674,1.5161767,2.6561768,3.3561769,5.3061767,5.3661766,4.336177,2.9261768,3.5561767,6.4761767,8.416177,4.2261767,3.4361768,3.2361767,0.046176758,-0.063823245,1.8761767,1.3961768,-1.6938232,0.06617676,-1.2338233,0.75617677,0.5561768,0.19617675,-1.2938232
-0.61382324,-4.413823,-3.9438233,-1.8438232,-2.1038232,-2.0938232,-2.5138233,-3.8838232,-4.203823,-2.1738234,-6.0938234,-5.433823,-2.5738232,-0.8738232,-0.95382327,1.2061768,1.0761768,2.5261767,2.9961767,3.9761767,4.296177,4.856177,4.646177,3.7861767,4.3861766,5.356177,6.166177,4.256177,1.7761768,-2.1038232,-2.7138233,-2.9138231,-1.7738233,0.5661768,-0.40382326,-1.2338233,0.45617676,-1.6438233,-1.1438233,-0.13382325,-1.5038233
-4.6338234,-3.1838233,-0.9338232,-1.1938232,-0.95382327,-3.3338232,-2.6038232,-2.9238234,-6.333823,-4.2938232,-3.3338232,-2.4138231,-2.8038232,-0.023823243,0.9861767,2.1261768,2.7361767,2.4661767,3.1461768,4.4561768,4.896177,5.9761767,5.646177,4.486177,7.236177,4.0561767,4.1561766,0.58617675,-0.52382326,0.9361768,-1.1038232,-0.34382325,-1.6238233,-1.4438232,1.7661767,-0.9338232,-2.5638232,-0.86382324,-1.3938233,-0.12382324,-0.74382323
-3.1038232,0.97617674,0.6261768,-3.1738234,-3.8038232,-3.1038232,-2.3338232,-2.6638231,-1.7138232,-3.3738232,-2.9638233,-0.8238232,-1.0438232,-0.43382323,0.75617677,1.4761767,3.0761766,1.3261768,2.5961769,2.8261766,3.9761767,2.7361767,1.2361767,2.6261768,1.3361768,2.2061768,1.2561767,0.8661768,-0.64382327,0.09617676,0.59617674,-0.34382325,-0.31382325,-1.7738233,0.016176758,-1.8438232,-1.8738233,-0.58382326,-0.97382325,0.35617676,-1.4638232
-0.47382325,0.64617676,-2.4938233,-4.0438232,-3.0838232,-2.6238232,-1.3438232,-2.6138232,-1.7738233,-2.6638231,-2.4038231,-1.4238232,-1.2838233,-0.5038232,1.3361768,1.7861768,2.6361768,1.1261767,1.4661767,1.6661768,0.75617677,0.79617673,-0.33382323,0.18617676,0.54617673,-0.64382327,0.06617676,-1.3738233,-3.0138233,-2.7938232,-1.9138232,-0.5738232,0.7461768,-1.1238233,-0.14382324,-2.7038233,-1.4838233,-2.0238233,-1.3038232,-1.0538232,-0.7538232
0.14617676,-1.6338233,-2.7338233,-3.0538232,-1.8538232,-1.7238232,-2.8538232,-3.7938232,-3.4638233,-0.78382325,-1.2438233,-1.1538233,-0.52382326,1.2961768,2.6561768,1.9961767,2.1061769,2.3661768,2.3361769,1.7061768,-0.6938232,1.4061768,0.48617676,0.32617676,-1.2038232,-2.6738234,-0.92382324,-2.8138232,-2.3238232,-2.5738232,-1.0238233,-0.91382325,-1.3538232,-0.97382325,-2.2438233,-0.79382324,-1.1838232,-1.6438233,-2.5638232,-1.8938233,-1.2538233
-1.2438233,-2.4238234,-2.8838232,-3.1238232,-2.9738233,-3.3138232,-2.9838233,-2.9338233,-0.96382326,-1.4538232,-1.0438232,-1.0438232,1.0361768,1.8261768,1.6461768,1.4261768,1.2361767,1.4161768,0.90617675,0.76617676,1.7961768,2.4161768,1.1461768,1.6261767,1.1061767,-0.54382324,-0.95382327,-2.5038233,-2.8838232,-1.8038232,-1.6138233,-1.9438232,-1.0538232,-0.99382323,-0.7538232,-1.8038232,-1.3738233,-1.1538233,-2.6638231,0.09617676,0.0061767576
-2.6238232,-2.4838233,-3.9238234,-3.3538232,-3.0138233,-2.2738233,-1.7138232,-1.9738232,-1.9138232,-1.7138232,-1.0038233,-0.28382325,0.37617674,1.5961767,1.7961768,1.4961767,0.82617676,0.17617676,-0.17382324,-0.19382325,-0.24382325,-0.8238232,-1.2538233,-1.4738232,-2.1038232,-2.7138233,-1.0238233,0.42617676,0.9861767,0.116176754,-1.3838233,-2.9938233,-1.1038232,-1.1538233,-0.74382323,-3.0638232,-1.8238232,-1.2738233,-1.5038233,-1.3638233,-1.3838233
