wind_kz.json
{"header": {"discipline":0,"disciplineName":"Meteorological products","gribEdition":2,"gribLength":871,"center":7,"centerName":"US National Weather Service - NCEP(WMC)","subcenter":0,"refTime":"2023-08-24T06:00:00.000Z","significanceOfRT":1,"significanceOfRTName":"Start of forecast","productStatus":0,"productStatusName":"Operational products","productType":1,"productTypeName":"Forecast products","productDefinitionTemplate":0,"productDefinitionTemplateName":"Analysis/forecast at horizontal level/layer at a point in time","parameterCategory":0,"parameterCategoryName":"UnknownDiscipline_0_Category_0","parameterNumber":0,"parameterNumberName":"UnknownParameter_D0_C0_0","parameterUnit":"Unknown","genProcessType":2,"genProcessTypeName":"Forecast","forecastTime":180,"surface1Type":1,"surface1TypeName":"Ground or water surface","surface1Value":0.0,"surface2Type":255,"surface2TypeName":"Missing","surface2Value":0.0,"gridDefinitionTemplate":0,"gridDefinitionTemplateName":"Latitude_Longitude","numberPoints":615,"shape":6,"shapeName":"Earth spherical with radius of 6,371,229.0 m","gridUnits":"degrees","resolution":48,"winds":"true","scanMode":64,"nx":41,"ny":15,"basicAngle":0,"lo1":47.0,"la1":41.0,"lo2":87.0,"la2":55.0,"dx":1.0,"dy":1.0}, "data":
[rows 0 to 14 of 15, columns 0 to 40 of 41]
293.92667,284.52667,290.62665,299.12665,299.02667,298.22665,296.42667,297.62665,294.92667,295.12665,294.12665,295.12665,294.52667,294.92667,293.72665,291.12665,291.02667,292.62665,290.92667,292.62665,295.32666,288.52667,287.32666,284.82666,286.72665,286.22665,284.42667,277.42667,279.32666,277.22665,280.82666,282.82666,294.62665,299.42667,299.52667,299.72665,299.32666,300.62665,301.12665,300.92667,300.62665
278.12665,290.42667,299.02667,299.22665,299.32666,297.82666,296.42667,295.32666,294.42667,293.92667,295.12665,293.42667,292.42667,291.62665,287.02667,289.22665,289.62665,290.32666,288.92667,294.72665,289.72665,291.22665,290.42667,279.72665,272.82666,274.72665,279.72665,276.72665,279.82666,274.32666,280.02667,276.12665,282.02667,269.52667,283.02667,297.12665,295.52667,298.32666,301.42667,293.32666,284.32666
292.12665,298.62665,299.32666,299.32666,297.82666,293.22665,294.62665,293.62665,292.82666,292.62665,292.52667,293.62665,289.22665,290.52667,291.62665,289.22665,289.42667,288.12665,287.82666,287.42667,288.22665,290.02667,289.42667,284.82666,286.52667,285.02667,285.82666,287.32666,286.52667,280.32666,272.32666,274.12665,281.82666,282.62665,283.22665,283.02667,279.22665,278.92667,281.12665,280.52667,279.52667
295.02667,299.42667,299.22665,298.42667,295.42667,293.02667,293.62665,292.42667,292.92667,293.12665,292.82666,292.02667,295.02667,294.32666,289.72665,288.02667,291.22665,290.92667,291.22665,288.92667,286.52667,286.12665,290.42667,291.32666,292.62665,290.32666,289.32666,285.72665,285.12665,288.82666,290.52667,287.62665,291.22665,290.12665,289.72665,285.32666,277.82666,279.52667,284.82666,291.82666,296.82666
296.52667,298.92667,299.12665,299.02667,297.12665,294.62665,295.52667,295.02667,294.82666,294.52667,293.12665,292.52667,295.02667,293.52667,291.22665,290.72665,291.82666,293.12665,287.82666,292.32666,292.12665,292.02667,288.52667,288.62665,287.52667,288.22665,287.12665,289.92667,288.42667,288.42667,291.82666,291.82666,279.42667,273.62665,285.62665,294.72665,293.42667,299.92667,298.92667,299.42667,298.52667
293.12665,291.72665,297.12665,298.12665,298.72665,298.32666,294.32666,296.22665,294.42667,293.82666,294.72665,294.62665,294.12665,294.42667,292.32666,290.32666,292.92667,291.22665,291.52667,292.02667,290.82666,289.22665,288.42667,288.72665,287.32666,286.92667,287.72665,292.72665,289.52667,290.62665,289.82666,291.72665,292.12665,290.62665,288.12665,290.22665,283.92667,286.22665,292.52667,298.72665,297.72665
293.42667,291.72665,293.02667,292.62665,294.52667,291.82666,292.62665,294.22665,295.52667,295.52667,291.92667,291.82666,292.12665,292.12665,291.12665,291.92667,291.72665,292.02667,291.12665,290.52667,289.52667,289.62665,287.92667,287.92667,288.32666,287.52667,286.92667,288.52667,288.12665,288.82666,287.32666,288.42667,290.62665,292.02667,292.32666,290.92667,287.62665,285.22665,281.42667,282.12665,293.42667
293.52667,294.02667,294.72665,294.72665,296.22665,294.82666,295.12665,294.22665,292.72665,292.52667,292.72665,291.72665,288.52667,290.32666,290.72665,290.22665,289.72665,289.62665,289.42667,287.32666,287.92667,289.82666,286.82666,286.52667,288.22665,283.82666,284.22665,284.92667,283.92667,286.02667,286.12665,287.42667,285.82666,285.02667,285.72665,290.92667,293.02667,289.52667,293.42667,294.52667,293.52667
293.22665,292.52667,294.12665,294.12665,296.02667,294.92667,293.12665,290.22665,288.72665,291.22665,291.02667,290.02667,289.52667,289.62665,288.12665,288.42667,288.32666,288.42667,287.52667,288.82666,286.42667,286.82666,284.92667,288.02667,283.52667,284.62665,282.62665,280.92667,280.62665,279.42667,282.12665,283.82666,285.82666,286.32666,287.32666,287.92667,287.52667,287.52667,282.02667,281.12665,278.52667
293.82666,294.62665,294.72665,294.12665,292.92667,290.62665,291.92667,289.82666,290.72665,289.42667,289.02667,287.12665,287.62665,287.42667,287.62665,288.42667,289.02667,289.52667,287.82666,286.42667,285.32666,287.32666,287.22665,287.72665,284.72665,282.32666,283.22665,281.92667,283.22665,282.02667,281.42667,286.72665,288.22665,288.12665,287.22665,285.32666,285.92667,284.42667,283.12665,283.62665,282.22665
293.02667,292.42667,290.92667,291.82666,288.82666,291.32666,291.72665,291.92667,290.82666,288.12665,287.12665,286.62665,287.22665,286.22665,286.02667,289.92667,288.22665,287.62665,285.52667,284.62665,286.72665,286.92667,285.82666,286.22665,286.72665,283.92667,281.02667,282.62665,283.42667,285.62665,286.42667,290.02667,286.32666,286.62665,286.32666,284.72665,283.22665,283.12665,283.82666,283.32666,282.02667
291.62665,291.22665,290.82666,291.02667,290.32666,290.42667,287.32666,287.42667,287.02667,285.92667,282.72665,285.32666,287.22665,286.52667,286.52667,286.92667,286.92667,286.42667,286.02667,283.12665,284.32666,283.12665,284.12665,284.52667,284.42667,285.42667,284.72665,284.92667,284.82666,285.92667,285.12665,286.72665,289.32666,283.62665,284.22665,284.32666,284.82666,285.42667,285.22665,285.42667,286.72665
286.92667,290.02667,291.32666,288.42667,289.12665,288.42667,286.52667,287.02667,287.62665,287.02667,284.22665,284.72665,285.72665,283.72665,284.22665,281.92667,284.72665,285.02667,285.72665,284.82666,284.32666,282.92667,282.62665,282.42667,283.92667,285.02667,286.92667,284.82666,287.42667,284.02667,285.52667,287.32666,284.72665,288.22665,283.42667,283.62665,283.22665,285.02667,285.62665,286.12665,285.32666
288.42667,287.52667,288.52667,287.72665,289.52667,288.62665,287.12665,285.52667,286.32666,285.62665,283.02667,281.12665,281.72665,283.02667,284.22665,282.52667,283.52667,282.72665,282.92667,283.42667,284.02667,283.62665,283.62665,284.12665,284.72665,285.12665,284.42667,284.42667,284.32666,283.32666,283.92667,286.52667,283.42667,282.92667,283.72665,282.72665,282.52667,282.72665,283.92667,283.92667,285.82666
283.92667,285.92667,290.32666,284.42667,283.52667,281.02667,281.82666,282.22665,281.32666,280.52667,280.52667,281.52667,280.82666,281.92667,281.92667,283.12665,282.72665,282.32666,282.62665,282.02667,282.72665,281.32666,282.92667,282.72665,283.22665,284.92667,283.72665,283.62665,284.22665,282.42667,285.22665,283.12665,283.02667,282.42667,284.52667,285.92667,286.52667,282.82666,285.52667,284.62665,285.32666
