wind_kz.json
{"header": {"discipline":0,"disciplineName":"Meteorological products","gribEdition":2,"gribLength":1025,"center":7,"centerName":"US National Weather Service - NCEP(WMC)","subcenter":0,"refTime":"2023-09-29T00:00:00.000Z","significanceOfRT":1,"significanceOfRTName":"Start of forecast","productStatus":0,"productStatusName":"Operational products","productType":1,"productTypeName":"Forecast products","productDefinitionTemplate":0,"productDefinitionTemplateName":"Analysis/forecast at horizontal level/layer at a point in time","parameterCategory":2,"parameterCategoryName":"UnknownDiscipline_0_Category_2","parameterNumber":3,"parameterNumberName":"UnknownParameter_D0_C2_3","parameterUnit":"Unknown","genProcessType":2,"genProcessTypeName":"Forecast","forecastTime":240,"surface1Type":103,"surface1TypeName":"Specified height level above ground","surface1Value":10.0,"surface2Type":255,"surface2TypeName":"Missing","surface2Value":0.0,"gridDefinitionTemplate":0,"gridDefinitionTemplateName":"Latitude_Longitude","numberPoints":615,"shape":6,"shapeName":"Earth spherical with radius of 6,371,229.0 m","gridUnits":"degrees","resolution":48,"winds":"true","scanMode":64,"nx":41,"ny":15,"basicAngle":0,"lo1":47.0,"la1":41.0,"lo2":87.0,"la2":55.0,"dx":1.0,"dy":1.0}, "data":
[rows 0 to 14 of 15, columns 0 to 40 of 41]
0.10663574,-1.8233643,2.8466358,2.5866358,1.9266357,1.4466357,0.37663573,-0.16336426,-1.6933643,-0.38336426,-1.8733642,-1.4433643,-2.0533643,-3.0433643,-3.7633643,-4.173364,-4.443364,-1.9933642,-4.673364,-2.0133643,-1.9833642,-3.0633643,0.35663575,-0.31336427,-2.1433642,-0.58336425,-0.50336426,0.83663577,-0.0033642577,0.68663573,-2.8833642,-4.7033644,-0.69336426,-1.0633643,0.8866357,-0.09336426,-4.5733643,-2.2533643,0.53663576,2.4566357,2.1466358
5.1066356,1.6666358,2.8966358,5.266636,4.096636,1.9066358,-1.4733642,1.0766357,0.16663574,0.40663573,-1.0633643,-2.3833642,-2.7933643,-2.9133642,-4.273364,-3.8133643,-2.3333642,-1.8933643,-5.1233644,-5.0533643,-4.3733644,-4.633364,-1.5433643,0.9566357,-0.72336423,-0.83336425,-1.8433642,-0.28336427,0.0066357423,-0.023364257,4.4066358,2.1766357,-2.3733642,-3.6733642,-2.5533643,-2.9833643,-0.26336426,-4.7433643,-1.9733642,-1.8933643,0.97663575
2.7666357,4.386636,3.8666358,3.9966357,2.8366358,0.61663574,0.72663575,-0.37336427,1.1066357,-0.18336426,-1.0133643,-0.70336425,-2.3033643,-2.5933642,-3.0733643,-3.2133644,-2.7133644,-3.5833642,-4.1233644,-4.9333644,-5.2033644,-0.31336427,-4.8233643,-1.2733643,0.096635744,0.41663575,0.60663575,1.8266357,0.34663573,1.7966357,1.0466357,1.5266358,1.6366358,-1.0733643,-0.59336424,1.5466357,-1.2633643,-2.0733643,-1.4833642,0.35663575,1.2666358
1.9066358,3.9766357,3.1666358,2.4766357,0.52663577,0.16663574,1.2966357,1.0166358,1.6066357,1.4266357,0.15663575,-1.5533643,-2.2133644,-3.3333642,-2.7833643,-2.9733644,-3.2233644,-3.1733642,-3.9133642,-4.773364,-4.653364,-2.4333642,-2.0933642,-2.1733642,-2.6533642,-2.8933642,-2.9333642,2.2666357,0.5166357,-0.05336426,-0.56336427,-0.7433643,-1.6633643,-1.5333643,-0.10336426,-0.33336425,1.2366357,2.6066358,0.8266357,1.3966358,1.5466357
0.62663573,0.7666357,0.99663574,0.7566357,0.31663573,0.36663574,0.23663574,0.35663575,1.4466357,0.54663575,-0.8033643,-2.1033642,-0.28336427,-1.5233643,-2.1833642,-2.1333642,-2.4033642,-3.0433643,-3.3533642,-3.9033642,-3.5033643,-3.3233643,-3.8333642,-3.5333643,-2.4833643,-2.0933642,-1.6533643,-1.0233643,-1.5733643,-1.5833642,0.15663575,2.6066358,2.9866357,1.5666357,-0.62336427,-1.1333642,0.15663575,0.21663575,3.1966357,1.1866357,2.8766358
-0.5533643,-1.0133643,-0.34336427,-0.42336425,-0.38336426,-0.7333643,-1.2333642,-1.2733643,-1.0833642,-1.0633643,-1.4533643,-1.7233642,-2.7733643,-0.94336426,-0.90336424,-2.4333642,-2.3733642,-2.9533644,-3.5133643,-3.2333643,-3.1533642,-3.2933643,-3.5033643,-3.3933642,-2.9433641,-2.9033642,-1.7133642,-1.1133642,-1.0033642,-1.1533643,-1.3633642,-0.03336426,2.1066358,2.8266358,4.016636,3.4966357,3.4366357,0.06663574,-1.0333643,-3.0033643,3.4366357
-0.21336426,-0.07336426,0.13663574,-0.20336425,-1.0033642,-0.9333643,-1.6133642,-1.0433643,-0.9233643,-1.4033643,-1.8533642,-1.0133643,-2.4933643,-1.7133642,-1.4933642,-1.9933642,-1.9833642,-2.3233643,-3.3933642,-3.2433643,-2.9933643,-3.1133642,-3.1333642,-3.3633642,-3.2633643,-2.9633644,-2.0133643,-3.3533642,-3.2333643,-3.5633643,-1.3033643,-1.7533642,-1.7833643,-0.7333643,1.3266357,2.2966356,-0.0033642577,2.5366356,-0.71336424,0.17663574,1.8966358
0.28663576,0.24663574,0.59663576,0.31663573,0.16663574,-0.05336426,-0.90336424,-0.78336424,-0.9333643,-1.3433642,-1.3933643,-1.7033643,-2.0033643,-1.8133643,-1.3433642,-1.8533642,-2.4033642,-1.6533643,-1.8433642,-1.5933642,-2.0733643,-2.6733642,-2.7933643,-2.6633642,-2.5233643,-2.0033643,-3.1033642,-3.4333642,-3.0533643,-3.3633642,-2.9333642,-2.2033644,-2.2433643,-1.5833642,-1.1833643,-1.3133643,-1.1233642,1.0266358,-0.20336425,2.6766357,-2.8933642
1.1966357,1.4066358,1.0266358,1.2766358,-0.49336424,-1.2633643,-1.3433642,-1.1833643,-0.9233643,-0.96336424,-1.1533643,-1.1333642,-1.0333643,-1.9133643,-1.3533642,-1.5833642,-0.78336424,-1.4633642,-0.65336424,0.096635744,-0.18336426,-1.3533642,-1.9033643,-2.1433642,-2.1933641,-2.0633643,-1.1033642,-1.5733643,-1.6433643,-1.7533642,-2.7233644,-2.7133644,0.20663574,-3.8833642,-4.0533643,-4.523364,-3.2533643,4.386636,4.1766357,4.6666355,4.1066356
0.9466357,0.31663573,0.016635742,-0.27336425,-0.083364256,-0.35336426,-0.63336426,-0.49336424,-0.19336426,0.026635742,-0.26336426,-0.45336425,0.13663574,-0.40336427,-0.24336426,-1.1433643,-0.71336424,-1.2633643,-0.69336426,0.08663574,1.1566358,0.45663574,-0.48336425,-1.0133643,-0.53336424,-1.0633643,-0.57336426,-0.9833643,-0.49336424,-0.65336424,-0.91336423,-2.2933643,-3.6333642,-4.7033644,-1.0733643,-3.1233642,-1.8133643,-0.70336425,5.076636,4.4166355,2.3166358
0.06663574,0.07663574,-0.07336426,-0.34336427,0.24663574,0.5766357,0.37663573,0.17663574,0.29663575,0.12663575,0.5666357,0.8966358,-0.13336426,0.6466358,0.24663574,0.15663575,-0.013364258,-0.39336425,-0.05336426,-0.36336425,1.7666358,0.9466357,0.59663576,0.80663574,0.86663574,0.7666357,0.39663574,-0.29336426,0.8866357,0.41663575,-0.29336426,-0.88336426,-1.7333642,-1.2733643,-0.16336426,-0.5433643,1.7166357,0.7566357,0.33663574,0.7066357,1.0366358
0.10663574,0.66663575,0.6966357,0.5766357,0.47663575,0.67663574,0.79663575,0.7566357,0.30663574,0.34663573,0.77663577,-0.0033642577,-0.25336426,0.44663575,0.8166357,1.0666357,1.2966357,1.1966357,0.77663577,1.6466358,2.4066358,1.1166358,1.4766357,2.0766358,1.9866357,1.3266357,1.7466358,1.9666357,2.3966358,1.6666358,1.2266357,1.2766358,0.5166357,0.16663574,0.10663574,-0.083364256,0.72663575,0.046635743,-0.5433643,-0.77336425,-1.4533643
0.8266357,0.65663576,0.06663574,0.6966357,0.74663574,0.38663575,0.85663575,1.4666357,0.77663577,0.8966358,0.68663573,-0.97336423,1.0966357,0.45663574,0.74663574,0.8166357,1.1066357,1.1466358,0.91663575,1.8166357,2.5566359,2.5166357,1.7366357,0.78663576,0.29663575,2.7266357,2.1966357,1.1966357,2.0866358,2.5766358,2.4866357,2.3766358,2.2466357,1.5266358,1.5366358,1.1466358,0.22663574,0.40663573,1.7766358,1.4466357,0.90663576
1.4466357,1.5466357,0.86663574,1.6566358,1.3266357,1.1566358,1.5766357,1.7266357,1.7966357,1.5266358,1.4166358,-0.29336426,-0.023364257,2.0766358,1.1366358,0.84663576,0.79663575,0.72663575,0.08663574,0.37663573,0.43663573,0.5766357,1.0666357,0.68663573,-0.70336425,0.71663576,2.1566358,0.62663573,1.6966357,2.1666358,2.2066357,2.3266358,2.3866358,2.2466357,1.6466358,1.6066357,1.5266358,1.0666357,1.4366357,1.8066357,2.2666357
1.5366358,1.6466358,1.3866358,2.1066358,2.0566359,2.2366357,2.1766357,2.3666358,2.2166357,1.8266357,1.9366357,2.0966358,1.2566358,-2.6033642,-0.94336426,-0.75336426,-0.77336425,-0.49336424,0.44663575,1.0566357,0.74663574,0.13663574,0.73663574,0.10663574,0.5066357,-0.7933643,-0.20336425,0.29663575,1.8466357,1.9266357,1.6466358,0.016635742,-0.123364255,2.1066358,2.8766358,2.4166358,2.5266356,2.5666358,2.8766358,3.5866358,2.4766357
