wind_kz.json
{"header": {"discipline":0,"disciplineName":"Meteorological products","gribEdition":2,"gribLength":1025,"center":7,"centerName":"US National Weather Service - NCEP(WMC)","subcenter":0,"refTime":"2023-10-05T12:00:00.000Z","significanceOfRT":1,"significanceOfRTName":"Start of forecast","productStatus":0,"productStatusName":"Operational products","productType":1,"productTypeName":"Forecast products","productDefinitionTemplate":0,"productDefinitionTemplateName":"Analysis/forecast at horizontal level/layer at a point in time","parameterCategory":2,"parameterCategoryName":"UnknownDiscipline_0_Category_2","parameterNumber":2,"parameterNumberName":"UnknownParameter_D0_C2_2","parameterUnit":"Unknown","genProcessType":2,"genProcessTypeName":"Forecast","forecastTime":0,"surface1Type":103,"surface1TypeName":"Specified height level above ground","surface1Value":10.0,"surface2Type":255,"surface2TypeName":"Missing","surface2Value":0.0,"gridDefinitionTemplate":0,"gridDefinitionTemplateName":"Latitude_Longitude","numberPoints":615,"shape":6,"shapeName":"Earth spherical with radius of 6,371,229.0 m","gridUnits":"degrees","resolution":48,"winds":"true","scanMode":64,"nx":41,"ny":15,"basicAngle":0,"lo1":47.0,"la1":41.0,"lo2":87.0,"la2":55.0,"dx":1.0,"dy":1.0}, "data":
[rows 0 to 14 of 15, columns 0 to 40 of 41]
-0.04472656,1.3452735,-1.3047266,1.7152734,2.6052735,3.9952734,5.0252733,5.4752736,3.3052735,5.5452733,6.1352735,3.6452734,-1.2847266,-1.4447266,0.40527344,3.2752733,0.9852734,-2.8147266,-3.7347267,-1.8647265,-4.3247266,0.20527343,2.3052735,2.9652734,0.035273436,1.6352735,2.0252733,2.1452734,0.16527344,0.095273435,-0.14472656,1.3152734,-1.9447266,0.38527343,-2.2647266,-0.24472657,-0.04472656,2.7852736,2.2552733,3.2552733,2.8552735
-0.54472655,-2.7647266,0.15527344,1.8952734,3.5052733,3.3752735,3.0952735,2.2052734,0.15527344,5.375273,-2.1047266,-4.5147266,-2.9547265,0.0052734376,1.0152735,-0.5047266,-0.55472654,-1.2047266,0.18527344,-1.0247265,-1.0447266,-3.2947266,0.78527343,1.0952735,1.4752735,-0.06472656,-0.72472656,2.0552735,0.48527345,0.23527344,-0.35472655,0.28527343,-2.1747265,-2.3247266,-0.7647266,0.9252734,0.38527343,0.015273438,-1.2047266,0.055273436,0.51527345
3.5152733,-1.3947265,1.9252734,1.6352735,4.9652734,0.46527344,0.27527344,-0.014726562,-2.0747266,-1.6647266,-2.0347266,-3.9147265,-4.0347266,-3.4847267,-1.9447266,-1.8747265,-2.5047266,-1.1047266,0.62527347,0.71527344,-0.14472656,-3.1647265,-0.6447266,0.17527343,0.07527344,-1.8247266,-1.9247266,-0.16472656,1.6452734,-1.1647266,-0.73472655,-0.7047266,0.81527346,0.44527343,-3.0947266,-1.1347265,-0.37472656,-0.99472654,3.4952734,2.8152735,2.5552735
4.4652734,-0.31472656,3.6252735,2.3652735,4.625273,-1.5247265,-0.54472655,0.9152734,1.6652734,-5.3047266,-7.0447264,-6.2047267,-5.6447268,-2.2947266,-1.5047265,-3.3647265,-2.6347265,-2.5747266,-1.7247266,-0.86472654,-0.034726564,-1.1747266,-1.8747265,-2.0747266,-3.5347266,-3.0547266,-3.3447266,-7.4847264,-5.3047266,-2.5647266,0.0052734376,0.9252734,-0.084726565,0.055273436,1.1152735,0.9152734,0.13527344,2.1852734,-1.9847265,-3.3647265,-2.8747265
5.5152736,1.6252735,3.5252733,2.3052735,3.4352734,-1.0647266,-2.2547266,1.9052734,-0.04472656,-4.3647265,-5.8647265,-4.7447267,-2.9347265,-2.3247266,2.2652733,-2.8347266,-2.7147264,-3.2547266,-4.0447264,-4.5347266,-4.9847264,-4.4347267,-3.9547265,-3.3847265,-4.5047264,-6.2447267,-6.2647266,-4.7447267,-4.4847264,-3.2147264,-2.6947265,-1.2947266,-0.09472656,1.4352734,-2.4647264,-2.7047265,-2.8947265,-4.0147266,-3.4347265,-2.7447267,-2.1347265
5.0752735,4.9252734,1.1052735,0.88527346,0.6652734,-0.97472656,-2.2047265,1.7752734,1.8852735,-3.8447266,-4.0947266,-3.1447265,-3.9947267,-2.6147265,-2.1847265,-2.1747265,-3.1947265,-3.7947266,-3.8447266,-4.8147264,-5.5647264,-4.7247267,-3.9047265,-4.1347265,-5.5747266,-6.5547266,-6.4647264,-5.7047267,-5.1647267,-4.854727,-3.9247265,-2.5647266,-1.9847265,-0.79472655,-1.0747266,0.035273436,-1.7647265,-1.1847266,-3.8547266,-2.6047266,-2.1147265
4.6752734,4.6352735,4.5452733,2.5452735,0.84527344,2.7252734,0.89527345,-0.80472654,3.0352736,1.3752735,2.6952734,-3.2647266,-2.1547265,-2.9847267,-2.5247266,-2.1147265,-2.3847265,-2.1747265,-2.3247266,-3.2947266,-4.3947268,-4.6547265,-4.2747264,-4.2047267,-4.7347264,-4.6147265,-4.6547265,-4.7747264,-4.2147264,-3.9847267,-3.3047266,-2.9847267,-2.5347266,-1.2447265,-2.2547266,-1.9647266,0.82527345,0.39527345,0.37527344,0.16527344,-1.3547266
5.0352736,4.2852736,4.5652733,4.2852736,1.7852734,1.5252734,2.2952735,-0.14472656,3.3952734,1.0752734,2.4052734,-0.8847266,-2.4147265,-2.4047265,-2.0847266,-2.2847266,-1.8247266,-1.5647266,-0.84472656,-1.9847265,-2.5447266,-2.4747267,-2.1247265,-2.2647266,-1.7947266,-2.2447267,-2.5747266,-2.8647265,-2.8447266,-2.3347266,-2.3847265,-1.3547266,-1.3847265,-0.60472655,-1.3447266,-3.6847265,-1.9247266,0.36527345,-1.3347266,-0.10472656,0.7452734
5.0352736,4.7952733,4.125273,2.2052734,1.6252735,0.7952734,1.6552734,0.7352734,0.48527345,1.4552734,-0.46472657,2.6752734,-1.1647266,-1.5647266,-1.6847266,-1.9147266,-2.2247267,-2.0847266,-1.1147265,-0.37472656,-1.2647265,-1.6347265,-1.2047266,-0.48472655,-1.2047266,-1.2247266,-1.4547266,-1.0647266,-1.9247266,-2.3147266,-2.8147266,-2.6047266,-0.9447266,0.13527344,-1.5247265,-0.14472656,-1.1447265,-1.3947265,-0.78472656,1.0752734,-1.6347265
5.1852736,5.7052736,5.0152736,4.5852733,0.76527345,3.2252734,-1.0647266,0.6852734,-1.7447265,-1.5747266,-3.5647266,2.6652734,4.9052734,-0.16472656,0.37527344,-0.32472655,-1.1447265,-1.6147265,-1.2247266,0.17527343,-0.6347266,-1.1847266,-0.80472654,-0.18472657,-0.73472655,-0.97472656,-1.9347266,-1.4247266,-1.6147265,-2.7847266,-1.9147266,-2.0047266,-1.5547266,-1.3347266,-0.59472656,-0.13472657,0.45527345,-0.33472657,-0.24472657,-0.22472656,-1.0847266
2.3552735,4.8452735,5.7952733,4.8552732,4.7852736,2.2652733,1.9752735,-0.60472655,0.89527345,0.6052734,2.0852735,4.5752735,4.0052733,2.8052735,2.7252734,2.7752733,2.0452735,1.3152734,0.33527344,-0.084726565,0.22527343,0.9152734,0.44527343,0.53527343,0.16527344,-0.04472656,0.64527345,-0.6447266,-1.0547266,-0.85472655,-0.44472656,-0.47472656,-0.25472656,-0.42472658,-1.0647266,0.30527344,0.30527344,0.6852734,-0.13472657,0.065273434,0.50527346
3.5052733,3.8652735,4.7052736,5.1752734,5.0552735,4.2252736,3.1452734,2.7652733,1.9452734,2.5952735,2.0452735,2.4252734,1.8852735,1.4552734,1.9452734,4.3152733,2.1152735,2.4352734,2.1552734,1.5652734,1.4452734,1.2252735,1.2852734,1.4652734,1.8152734,1.5552734,1.2152734,1.0752734,0.84527344,1.0352734,1.5452734,1.5752734,1.1352735,-0.15472656,0.84527344,1.3052734,1.2052734,0.9352734,-0.5047266,-0.77472657,0.08527344
3.1352735,1.8852735,2.5052733,4.4552736,3.8552735,3.6552734,3.0952735,2.7452734,4.4852734,2.1252735,1.5352734,3.7952735,4.0252733,4.2352734,5.0552735,3.8452735,3.1352735,2.3352735,1.3752735,3.0552735,2.4952734,2.6752734,1.9252734,2.2652733,2.6752734,2.3252735,2.1052735,1.8752735,2.3852735,2.1852734,2.1052735,1.8252734,2.2552733,0.6652734,2.0252733,1.7052734,1.5152735,0.63527346,1.4852735,1.2652735,-0.27472657
3.9752734,2.9652734,-0.15472656,2.3552735,2.5552735,3.7952735,4.8552732,4.9052734,4.6852736,2.3052735,3.0152733,2.8652735,3.6152735,3.3652735,3.3852735,3.9452734,3.8952734,3.3352735,3.3852735,3.6452734,3.9552734,3.7452734,4.3052735,3.9752734,4.0152736,3.5152733,3.2152734,2.6752734,2.3152735,2.8652735,2.8452735,2.6052735,2.0252733,2.4452734,2.0552735,1.6352735,1.3452735,1.2752734,0.9252734,0.69527346,0.27527344
2.7552733,3.0352736,1.3452735,2.1352735,1.8852735,2.6152735,3.9052734,5.1952734,4.645273,4.7652736,3.0552735,4.0952735,3.6152735,3.1952734,4.2852736,4.7052736,4.7352734,4.5452733,4.0952735,3.9652734,4.3052735,4.2752733,4.0352736,4.0952735,4.2252736,4.375273,4.2252736,3.8652735,3.0452735,2.2952735,3.0352736,3.2452734,2.1952734,2.4152734,2.5552735,2.4252734,1.5352734,2.2552733,1.5352734,1.9352734,-0.62472653
