wind_kz.json
{"header": {"discipline":0,"disciplineName":"Meteorological products","gribEdition":2,"gribLength":1025,"center":7,"centerName":"US National Weather Service - NCEP(WMC)","subcenter":0,"refTime":"2023-09-29T00:00:00.000Z","significanceOfRT":1,"significanceOfRTName":"Start of forecast","productStatus":0,"productStatusName":"Operational products","productType":1,"productTypeName":"Forecast products","productDefinitionTemplate":0,"productDefinitionTemplateName":"Analysis/forecast at horizontal level/layer at a point in time","parameterCategory":2,"parameterCategoryName":"UnknownDiscipline_0_Category_2","parameterNumber":2,"parameterNumberName":"UnknownParameter_D0_C2_2","parameterUnit":"Unknown","genProcessType":2,"genProcessTypeName":"Forecast","forecastTime":300,"surface1Type":103,"surface1TypeName":"Specified height level above ground","surface1Value":10.0,"surface2Type":255,"surface2TypeName":"Missing","surface2Value":0.0,"gridDefinitionTemplate":0,"gridDefinitionTemplateName":"Latitude_Longitude","numberPoints":615,"shape":6,"shapeName":"Earth spherical with radius of 6,371,229.0 m","gridUnits":"degrees","resolution":48,"winds":"true","scanMode":64,"nx":41,"ny":15,"basicAngle":0,"lo1":47.0,"la1":41.0,"lo2":87.0,"la2":55.0,"dx":1.0,"dy":1.0}, "data":
[rows 0 to 14 of 15, columns 0 to 40 of 41]
1.6800635,0.6000635,-2.4499366,-3.9299364,-3.7399366,1.2800635,0.020063477,-5.9799366,-7.3399367,-5.7099366,-5.6499367,-5.3299365,-4.6299367,-3.5699365,-2.5499365,-2.4199364,-2.0899365,-1.9399365,-1.1799365,0.060063478,0.8500635,0.23006348,2.8100634,2.8800635,1.3500634,2.3100634,1.7900635,2.5700636,-0.039936524,0.9100635,1.1200634,1.8300635,-1.3699365,0.72006345,2.3100634,1.2500634,2.8100634,3.3200636,3.1700635,2.5800636,3.1000636
3.4200635,-0.4799365,2.4100635,-5.7699366,-4.0999365,0.64006346,-5.5099363,-5.4599366,-5.9099364,-5.1699367,-5.4799366,-4.3999367,-3.0099366,-3.5799365,-2.6899366,-1.8399365,0.34006348,-1.0799365,-1.1399366,0.24006347,1.6100634,1.7900635,2.1500635,1.8400635,1.9000635,-0.019936524,0.31006348,2.4400635,0.64006346,0.40006348,0.040063478,-0.04993652,0.48006347,-2.7699366,0.07006348,1.8100635,1.8100635,3.6700635,1.9000635,1.2500634,4.5100636
-2.0999365,-3.8099365,-6.0299363,-6.0399365,-4.4599366,-3.8799365,-5.5199366,-5.1099367,-5.3199368,-3.9699366,-3.8899364,-3.3199365,-3.5099366,-2.9599366,-2.1299365,-1.3699365,-0.9499365,-0.3199365,0.090063475,0.5500635,1.9700634,2.9200635,2.5800636,3.0400634,0.21006347,0.97006345,0.8600635,1.1400635,1.8900635,0.32006347,-0.49993652,-1.5699365,0.020063477,1.5700635,-2.4999366,-0.9999365,0.33006346,-0.20993653,3.7000635,1.5100635,-0.119936526
-6.3499365,-5.7599363,-6.1699367,-4.9299364,-0.48993653,-4.0799365,-4.4199367,-2.8899364,-3.3899364,-3.6399364,-2.8699365,-4.0199366,-4.1399364,-2.1299365,0.58006346,0.32006347,0.77006346,1.2000635,1.5900635,1.0700635,2.2200634,-0.7499365,1.7600635,0.83006346,1.6100634,1.4200635,2.1400635,2.8500636,2.9100635,0.10006347,0.36006346,2.7700634,3.7400634,2.9100635,2.6100636,1.7900635,-0.16993652,2.3500636,-0.6299365,-0.8399365,-1.8399365
-6.3599367,-6.4799366,-6.1799364,-3.6699364,-4.6699367,-4.1699367,-2.3699365,-3.1899366,-3.3499365,-2.3699365,-1.5599365,-3.4999366,0.08006348,0.7900635,1.9100635,4.3600636,2.5800636,2.6700635,2.2500634,2.7500634,2.3200636,2.7200634,2.5400634,2.4700634,3.0800636,3.2200634,3.7400634,-2.4099364,3.1500635,0.18006347,1.0100635,0.89006346,1.1100634,2.2200634,-0.039936524,-0.97993654,1.0900635,-0.5799365,-0.6999365,-0.9299365,0.36006346
-7.2399364,-6.7299366,-6.3099365,-6.5699368,-5.7699366,-4.1799364,-4.3099365,-2.8199365,-1.0699365,-1.1999365,0.4600635,1.6900635,1.2400634,2.8800635,4.5000634,4.2000637,4.1600633,4.7700634,4.9700637,3.6100636,4.7800636,4.6100636,3.5100634,4.0500636,3.8700635,3.4800634,3.9100635,0.29006347,1.9000635,2.5000634,2.0900636,2.0500634,2.1900635,2.4800634,1.5200635,0.07006348,0.77006346,1.4500635,2.1500635,-2.3599365,-1.3299365
-6.7999363,-6.0999365,-5.4599366,-4.6599364,-3.1999366,-2.5099366,-2.6899366,-1.4999366,-0.10993652,0.6100635,2.2500634,3.4900634,4.1700635,4.6400633,4.4700637,4.6200633,5.1500635,5.8200636,5.4900637,5.7300634,5.5200634,5.6300635,5.7100635,4.8100634,4.9000635,4.6600633,4.5500636,4.1600633,1.9900634,2.8900635,4.1000633,4.5300636,2.3600636,2.8400636,1.2900635,1.4000635,0.77006346,1.2400634,0.35006347,-0.089936525,-1.0799365
-5.3399367,-5.1099367,-4.4099364,-3.4799366,-2.7699366,-1.8699365,-0.8199365,0.6700635,1.7300634,2.8200636,3.8200636,4.3100634,4.6700635,5.5100636,5.4700637,5.9000635,5.4800634,5.7800636,6.1800632,6.4100633,6.6200633,6.3800635,6.3000636,5.4600635,5.4600635,5.5700636,5.1400633,4.4200635,5.1400633,4.3100634,5.4000635,4.6400633,3.6700635,3.4600635,3.1500635,6.0800633,-3.0399365,-3.6799364,-3.5099366,-2.8599365,-1.0799365
-4.0199366,-3.2799366,-2.4399366,-1.9499365,-1.0899365,1.1400635,2.3900635,2.9900634,3.8200636,4.4900637,5.1100636,5.9900637,6.8200636,6.0600634,6.5700636,6.0900636,6.6500635,6.6600633,6.9300632,6.9600635,7.7800636,7.7700634,7.2500634,6.8000636,6.2100635,6.0200634,6.4700637,6.2300634,6.4500637,6.5700636,6.5800633,5.2900634,6.4300632,4.0600634,3.7300634,1.3600634,-1.2999365,-0.96993655,0.48006347,0.96006346,0.11006348
-0.35993654,0.22006348,1.0100635,2.0200634,2.6600635,3.6300635,3.9400635,4.7800636,5.2800636,5.6600633,6.2900634,6.4000635,6.2700634,6.1100636,6.2000637,6.1900635,6.7700634,7.1500635,7.4800634,7.7200637,8.910064,9.080064,8.720063,8.190063,8.100063,7.8300633,7.2400637,7.8700633,8.260063,9.170063,7.6200633,5.9300632,4.2300634,3.0000634,1.6000634,-0.119936526,-2.8099365,-1.3599365,-0.8299365,1.2600635,0.4600635
1.0500635,2.0900636,2.1500635,2.6000636,2.6900635,3.2500634,3.6600635,4.2200637,4.4100633,4.4100633,4.5100636,5.2800636,5.6700635,5.9100633,5.7800636,5.8900633,6.5100636,6.5600634,6.7300634,7.8800635,8.430063,8.850063,9.470063,9.250064,8.600063,8.800063,8.990064,8.780064,9.370064,9.990064,8.530064,7.2900634,5.8200636,4.0400634,3.0400634,0.19006348,-1.3099365,0.59006345,-0.2599365,1.2500634,0.060063478
1.3100635,-1.1299366,-0.14993653,-0.17993653,-0.26993653,-0.4799365,0.23006348,0.78006345,1.1900635,1.3800635,1.7700635,2.3200636,2.7700634,3.1700635,3.2100635,4.4300632,4.9500637,5.4000635,4.5700636,5.5700636,5.8200636,6.4000635,6.5600634,8.370064,9.130063,9.660064,9.190063,10.170063,8.890063,8.930063,7.7400637,7.0000634,5.5200634,5.2100635,4.0800633,4.6200633,5.4000635,6.5200634,3.3100634,-0.6899365,-0.42993653
-0.34993652,0.39006346,-0.8299365,0.34006348,0.16006348,-0.17993653,0.14006348,0.14006348,-0.36993653,0.44006348,1.1300635,1.6600635,1.0300635,-0.35993654,0.17006348,1.3800635,-2.1599364,-1.4399365,-0.15993652,3.6300635,5.4500637,5.9800634,6.3700633,7.1100636,8.130063,9.180063,9.4000635,8.210064,6.8400636,7.7700634,8.200064,7.3600636,6.2100635,3.8000634,2.4900634,2.4900634,3.1600635,3.4700634,4.3700633,4.9700637,3.6600635
-0.039936524,-1.7999365,-0.32993653,-1.1699365,-0.85993654,-0.6399365,-0.9499365,-0.16993652,-0.2899365,-0.35993654,-0.29993653,1.2800635,1.0800635,-2.5699365,-0.8799365,-0.36993653,-0.6199365,0.120063476,-0.15993652,0.8200635,1.3900635,2.3300636,3.7600634,6.2100635,7.7200637,9.9000635,9.540064,8.430063,7.9300632,7.8700633,6.9700637,5.5300636,2.9900634,0.20006348,-1.2799366,0.25006348,0.5400635,2.9900634,4.4200635,3.9000635,4.2700634
-0.5799365,-1.1499366,-3.0699365,-1.0099366,-1.1999365,-1.0999365,-0.66993654,-0.6299365,-0.14993653,0.15006347,0.5500635,-1.3399365,0.18006347,-0.40993652,-0.60993654,-0.45993653,-1.1299366,-0.8399365,-0.90993655,-0.40993652,-0.79993653,-0.5599365,-0.10993652,0.35006347,0.22006348,0.020063477,0.9400635,2.4300635,1.1600635,-3.0999365,-5.2699366,-5.7499366,-5.4599366,-5.1199365,-4.4799366,-3.9299364,-2.9499366,-2.9699366,-1.5899365,-2.0199366,-0.45993653
