wind_kz.json
{"header": {"discipline":0,"disciplineName":"Meteorological products","gribEdition":2,"gribLength":1025,"center":7,"centerName":"US National Weather Service - NCEP(WMC)","subcenter":0,"refTime":"2023-09-19T12:00:00.000Z","significanceOfRT":1,"significanceOfRTName":"Start of forecast","productStatus":0,"productStatusName":"Operational products","productType":1,"productTypeName":"Forecast products","productDefinitionTemplate":0,"productDefinitionTemplateName":"Analysis/forecast at horizontal level/layer at a point in time","parameterCategory":2,"parameterCategoryName":"UnknownDiscipline_0_Category_2","parameterNumber":3,"parameterNumberName":"UnknownParameter_D0_C2_3","parameterUnit":"Unknown","genProcessType":2,"genProcessTypeName":"Forecast","forecastTime":120,"surface1Type":103,"surface1TypeName":"Specified height level above ground","surface1Value":10.0,"surface2Type":255,"surface2TypeName":"Missing","surface2Value":0.0,"gridDefinitionTemplate":0,"gridDefinitionTemplateName":"Latitude_Longitude","numberPoints":615,"shape":6,"shapeName":"Earth spherical with radius of 6,371,229.0 m","gridUnits":"degrees","resolution":48,"winds":"true","scanMode":64,"nx":41,"ny":15,"basicAngle":0,"lo1":47.0,"la1":41.0,"lo2":87.0,"la2":55.0,"dx":1.0,"dy":1.0}, "data":
[rows 0 to 14 of 15, columns 0 to 40 of 41]
5.034253,2.504253,5.2042527,1.7842529,-1.7557471,-4.695747,1.0242529,0.44425294,-0.31574708,-1.685747,-2.7057471,-2.6857471,-2.825747,-3.785747,-5.935747,-6.175747,-7.215747,-6.915747,-7.055747,-6.765747,-8.015747,-2.475747,-2.885747,1.1442529,2.5442529,1.1442529,0.9442529,0.91425294,-3.535747,-2.735747,-2.6657472,-4.265747,-0.77574706,2.414253,0.22425292,0.95425296,1.1542529,0.24425294,-0.15574707,-0.65574706,-1.4557471
-0.31574708,2.384253,4.124253,2.744253,-0.8057471,-3.045747,0.8742529,0.28425294,-0.52574706,-2.135747,-1.2057471,-2.6757472,-4.3357472,-5.495747,-5.685747,-5.225747,-6.325747,-7.185747,-8.055747,-5.5457473,-8.335747,-9.545747,-7.8357472,-1.9657471,1.5342529,-0.7557471,-0.34574708,-2.885747,0.25425294,-2.105747,-2.1557472,-2.745747,-2.105747,-4.865747,0.6842529,4.094253,2.0442529,2.464253,1.6342529,1.334253,-1.795747
3.734253,5.544253,3.644253,2.3142529,0.8842529,1.9842529,1.7342529,0.83425295,0.5142529,-0.83574706,-4.255747,-5.925747,-6.435747,-4.235747,-3.6757472,-6.2957473,-6.655747,-7.265747,-7.735747,-8.965747,0.8142529,-5.755747,-6.865747,-5.0257473,-5.595747,-4.365747,-5.145747,-5.655747,-4.485747,-2.285747,-2.295747,-2.575747,-3.575747,-4.665747,-3.055747,-0.40574706,-3.875747,-3.255747,-2.6557472,0.8642529,2.964253
3.724253,2.964253,3.204253,2.614253,2.974253,2.744253,2.6042528,1.3842529,0.71425295,-0.8857471,-2.635747,-5.405747,-7.2757473,-9.085747,-3.615747,-4.635747,-4.685747,-5.685747,-6.7757473,-7.155747,-6.495747,-6.495747,-3.855747,-4.345747,-4.595747,-4.855747,-5.695747,-4.605747,-5.0657473,-5.505747,-6.195747,-7.455747,-5.355747,6.764253,5.844253,-0.30574706,-0.77574706,1.184253,-2.385747,-2.4257472,-4.055747
1.9942529,-0.02574707,0.9342529,-2.095747,2.004253,2.964253,1.594253,0.71425295,0.18425293,-1.0857471,-2.535747,-3.335747,-5.645747,-6.265747,-3.6657472,-3.9257472,-4.245747,-4.8357472,-5.0257473,-5.5657473,-4.945747,-4.3357472,-4.105747,-3.995747,-3.845747,-2.635747,-5.975747,-6.855747,-6.3157473,-5.325747,-6.635747,-5.735747,-3.295747,-2.315747,-0.25574708,2.964253,-0.24574707,3.6042528,3.634253,-0.29574707,0.24425294
4.244253,3.404253,-0.41574708,-1.195747,-1.925747,-2.2057471,2.734253,1.954253,-0.05574707,-0.95574707,-1.7357471,-0.9457471,-2.375747,-4.985747,-4.385747,-3.565747,-3.635747,-4.075747,-4.075747,-3.785747,-4.105747,-4.3157473,-4.145747,-4.435747,-4.105747,-4.135747,-1.285747,-3.035747,-5.675747,-6.0657473,-5.305747,-5.365747,-3.8957472,-3.575747,-3.755747,-8.505747,-0.95574707,-5.7757473,-3.035747,6.044253,-4.465747
3.8442528,4.034253,4.2242527,4.124253,3.8142529,4.074253,2.194253,2.494253,1.844253,0.6742529,-0.5157471,-0.6957471,-1.925747,-2.805747,-3.3957472,-3.755747,-3.865747,-3.4257472,-2.755747,-3.045747,-3.475747,-3.9157472,-4.435747,-4.5857472,-3.7057471,-3.9157472,-4.145747,-5.595747,-5.245747,-5.945747,-5.195747,-5.765747,-6.515747,-7.095747,-7.0257473,-6.8157473,-3.6957471,-3.535747,-3.1957471,0.6842529,-7.215747
3.744253,3.444253,3.274253,3.504253,2.464253,1.434253,1.4042529,3.424253,3.3042529,1.344253,0.30425292,0.5042529,-0.52574706,-1.545747,-2.815747,-3.135747,-3.745747,-3.885747,-3.545747,-2.295747,-2.4457471,-3.505747,-3.575747,-3.6657472,-3.785747,-4.625747,-4.735747,-5.555747,-5.235747,-5.5457473,-6.0257473,-6.095747,-6.2957473,-6.865747,-5.865747,-5.985747,-4.625747,-4.195747,-1.5057471,1.184253,0.31425294
3.284253,3.164253,2.674253,1.804253,0.46425292,0.6742529,0.13425294,2.7942529,3.8542528,2.5742528,0.90425295,0.9342529,0.19425292,-1.0057471,-1.7457471,-2.295747,-2.755747,-3.065747,-3.3957472,-3.4057472,-2.765747,-3.1557472,-4.095747,-4.165747,-4.145747,-4.5257473,-4.855747,-4.885747,-5.255747,-5.495747,-5.655747,-5.5457473,-6.555747,-6.555747,-5.615747,-6.985747,-5.405747,-4.485747,-4.235747,-1.815747,1.1442529
3.014253,2.234253,1.424253,1.074253,-0.8657471,-0.05574707,3.0742528,3.194253,4.1842527,2.144253,1.8942529,1.454253,1.0342529,0.05425293,-0.5157471,-1.2157471,-1.7757471,-2.515747,-2.535747,-2.885747,-3.055747,-2.965747,-3.115747,-3.745747,-3.565747,-4.265747,-4.3157473,-3.785747,-4.385747,-4.305747,-4.2757473,-4.645747,-5.705747,-5.365747,-5.0857472,-6.0257473,-3.535747,0.44425294,-2.465747,-2.855747,-2.045747
2.5442529,2.024253,2.024253,1.2742529,-0.02574707,-0.23574707,-0.33574706,-0.23574707,3.514253,3.0542529,2.134253,1.6242529,1.4842529,0.6842529,0.09425293,-0.8257471,-1.155747,-1.6257471,-1.8657471,-2.715747,-2.745747,-2.775747,-3.315747,-3.105747,-3.115747,-3.4457471,-3.9157472,-4.225747,-4.2757473,-4.145747,-3.875747,-3.6657472,-3.8957472,-3.965747,-3.995747,-4.755747,-3.385747,-1.5057471,-2.1457472,-1.665747,-1.785747
1.7342529,1.344253,2.464253,1.954253,0.35425293,-0.79574704,-1.175747,1.304253,1.954253,2.384253,2.284253,1.674253,1.7742529,1.2742529,0.66425294,-0.26574707,-0.7357471,-0.97574705,-1.3357471,-1.535747,-1.655747,-2.4357471,-2.085747,-2.335747,-2.1857471,-2.615747,-3.125747,-3.245747,-3.505747,-3.325747,-2.9257472,-3.725747,-3.055747,-2.8957472,-2.045747,-2.595747,-2.805747,-2.385747,-1.1057471,-1.6057471,0.01425293
2.644253,2.0642529,1.7442529,1.7842529,1.194253,0.43425292,-0.46574706,0.13425294,1.9142529,1.4742529,0.8242529,1.5442529,2.724253,1.434253,1.184253,0.5642529,0.13425294,-0.17574707,-0.5757471,-0.6357471,-0.6757471,-1.1157471,-0.47574708,-0.7657471,-0.7457471,-0.6957471,-1.425747,-2.055747,-2.115747,-2.1657472,-2.625747,-2.805747,-2.845747,-2.865747,-3.055747,-1.7757471,-2.4357471,-0.6857471,-2.975747,-2.9057472,-1.425747
3.204253,3.444253,2.994253,2.364253,2.284253,2.154253,1.324253,1.334253,1.064253,1.2742529,-0.42574707,-0.08574707,0.70425296,1.6242529,1.2542529,0.9242529,0.29425293,0.34425294,0.18425293,-0.11574707,-0.105747074,0.30425292,0.19425292,0.52425295,1.214253,1.064253,1.804253,0.5742529,-1.3957471,-1.5157471,-1.2357471,-1.045747,-1.7157471,-1.7557471,-1.685747,-1.3657471,-0.03574707,-0.77574706,-1.2257471,-0.95574707,-1.8657471
2.3042529,2.264253,3.674253,3.0842528,2.5642529,2.134253,1.944253,1.804253,2.024253,1.934253,0.97425294,-0.46574706,-0.23574707,-0.96574706,1.0042529,0.47425294,0.7342529,0.25425294,-0.04574707,-0.21574707,-0.39574707,-0.37574708,-0.16574708,0.30425292,0.28425294,2.3542528,2.3042529,2.8342528,2.3542528,0.7442529,-2.4557471,-0.71574706,-0.38574708,-0.09574707,-0.97574705,-1.2257471,-0.9957471,-0.30574706,-0.9257471,-1.3357471,0.14425293
