wind_kz.json
{"header": {"discipline":0,"disciplineName":"Meteorological products","gribEdition":2,"gribLength":1025,"center":7,"centerName":"US National Weather Service - NCEP(WMC)","subcenter":0,"refTime":"2023-09-29T06:00:00.000Z","significanceOfRT":1,"significanceOfRTName":"Start of forecast","productStatus":0,"productStatusName":"Operational products","productType":1,"productTypeName":"Forecast products","productDefinitionTemplate":0,"productDefinitionTemplateName":"Analysis/forecast at horizontal level/layer at a point in time","parameterCategory":2,"parameterCategoryName":"UnknownDiscipline_0_Category_2","parameterNumber":2,"parameterNumberName":"UnknownParameter_D0_C2_2","parameterUnit":"Unknown","genProcessType":2,"genProcessTypeName":"Forecast","forecastTime":60,"surface1Type":103,"surface1TypeName":"Specified height level above ground","surface1Value":10.0,"surface2Type":255,"surface2TypeName":"Missing","surface2Value":0.0,"gridDefinitionTemplate":0,"gridDefinitionTemplateName":"Latitude_Longitude","numberPoints":615,"shape":6,"shapeName":"Earth spherical with radius of 6,371,229.0 m","gridUnits":"degrees","resolution":48,"winds":"true","scanMode":64,"nx":41,"ny":15,"basicAngle":0,"lo1":47.0,"la1":41.0,"lo2":87.0,"la2":55.0,"dx":1.0,"dy":1.0}, "data":
[rows 0 to 14 of 15, columns 0 to 40 of 41]
-2.6466773,0.18332276,0.083322756,-4.256677,-3.2866774,-2.8466773,-1.6066773,-4.816677,-4.796677,-3.8766773,-3.3766773,-3.1166773,-3.4666772,-2.8166773,-2.2866774,-1.2366773,-0.6766772,0.53332275,-1.7266773,0.16332275,0.22332275,-0.23667724,-0.66667724,-1.4566772,-0.06667724,-2.0166771,-2.4766772,-0.06667724,1.0633228,-0.31667724,-1.6266773,0.79332274,0.033322755,-1.5266773,-1.6266773,-1.2366773,0.15332276,0.6933228,-0.23667724,-0.54667723,-1.8066772
1.6133227,-0.14667724,-4.6866775,-5.3266773,-3.9066772,-3.7966774,-4.236677,-5.816677,-4.446677,-3.6866772,-2.9266772,-3.8766773,-4.0166774,-2.5166771,-0.70667726,1.3933227,0.74332273,-0.34667724,0.26332274,0.10332275,-0.5566772,-1.4866773,-2.1366773,-1.9166772,1.1533227,1.4033227,0.30332276,0.72332275,-1.3666773,-1.5866772,0.31332275,-0.69667727,-0.46667725,-1.3966773,0.42332277,-0.79667723,-0.79667723,-1.8966773,-0.14667724,0.66332275,-4.5166774
-2.3066773,-5.8266773,-5.1166773,-4.0966773,-2.7266772,-4.006677,-4.1666775,-2.2066772,-3.9666772,-2.9766772,-4.216677,-4.426677,-3.3566773,-2.0766773,0.17332275,1.7733227,-2.8266773,-2.4666772,-1.9966773,-2.0666773,1.1833228,-0.49667725,-0.69667727,0.52332276,0.18332276,2.6633227,4.123323,1.6233227,-1.7566773,-0.086677246,-1.8466773,2.3733227,-0.30667725,-0.5566772,-0.79667723,-0.9966772,-0.50667727,0.14332275,0.46332276,1.2633227,1.9733227
-3.8466773,-6.756677,-5.296677,-3.6266773,-5.046677,-3.6366773,-0.9266772,-3.0466774,-1.9966773,-0.6866772,-3.3766773,-4.2066774,-4.176677,-1.3466773,-0.66667724,-2.2866774,-2.7366772,-2.0966773,-1.0266773,-1.3766773,-1.0866772,0.20332275,3.1633227,2.3833227,2.1533227,1.2333227,2.5233228,-3.0566773,-2.8466773,-1.8766773,-1.8966773,-4.1666775,-2.2366772,-2.1966772,-1.5466772,-2.0166771,-1.6066773,1.9133228,0.043322753,-0.77667725,-1.2066772
-4.6166773,-6.7066774,-6.9766774,-6.6666775,-4.2866774,-2.4766772,-2.1666772,-2.3766773,-1.7566773,-3.5066772,-3.6666772,-4.3666773,-2.4066772,-0.83667725,-0.7466772,-1.5066773,-1.2366773,-1.1966772,0.41332275,-0.53667724,-1.4866773,0.34332275,2.6033227,3.3733227,2.9033227,2.1933227,0.44332275,-6.856677,-6.446677,-6.7266774,-6.446677,-2.9966772,-1.8266772,1.4233228,2.0033228,0.9433228,-2.3466773,-2.1266773,-2.6466773,-4.546677,-5.046677
-3.4366772,-3.0966773,-4.216677,-3.1966772,-1.4666772,0.083322756,-0.20667724,-2.1066773,-2.1666772,-3.5866773,-4.1666775,-2.2466772,0.53332275,-4.546677,-2.7366772,-1.3266772,-0.88667727,-0.39667726,0.36332276,-2.5766773,-1.0866772,-1.3866773,-0.44667724,2.4933228,1.8733227,-1.4766773,-5.756677,-7.6866775,-7.4366775,-7.1866775,-7.2066774,-5.466677,-3.1266773,-3.1366773,-1.3366772,-1.7966772,-0.07667725,-1.3866773,-3.2866774,-5.376677,-4.1666775
-1.4466772,-1.7566773,0.053322755,1.0033227,-0.12667724,-0.27667725,-1.6066773,-4.4566774,-5.696677,-5.4166775,-4.3666773,-3.3566773,-3.8066773,-2.9066772,-2.5466774,-3.7966774,-2.5466774,-1.6966772,0.79332274,-3.9966772,-1.7766773,-2.1666772,-3.9866772,-5.0966773,-5.2866774,-7.646677,-7.426677,-5.7266774,-5.5766773,-7.106677,-7.9166775,-6.7866774,-4.296677,-2.3866773,-2.6166773,-2.1666772,-1.2266773,1.2233227,-2.0166771,1.1333227,1.5633228
-3.4766772,-3.8666773,-3.7566772,-2.9966772,-2.0966773,-3.2066772,-4.1366773,-4.5166774,-4.776677,-5.396677,-3.6366773,-3.0666773,-3.6266773,-4.066677,-3.2366772,-2.4866772,-2.3666773,-2.3466773,-2.9366772,-4.256677,-2.6866772,-3.8166773,-3.9766772,-6.3466773,-5.776677,-6.506677,-7.006677,-9.436677,-8.816677,-6.9966774,-7.0766773,-4.9166775,-6.586677,-2.8066773,-4.696677,-1.1466773,-0.60667723,0.9333227,0.71332276,2.1633227,-0.056677245
-3.4466772,-2.9166772,-3.2266772,-2.9166772,-2.8766773,-3.1766772,-3.8966773,-4.396677,-3.8566773,-2.6966772,-3.0566773,-4.5966773,-3.2466772,-2.4766772,-2.1866772,-1.9966773,-1.8466773,-3.3466773,-3.4266772,-4.8666773,-6.3266773,-0.84667724,-3.2466772,-6.6866775,-6.756677,-5.946677,-6.606677,-4.3466773,-4.8266773,-4.3666773,-4.816677,-2.8066773,-1.2866772,-1.6066773,-1.2766773,-0.35667723,0.083322756,-2.4766772,-0.7466772,0.16332275,-1.6066773
-2.2766771,-2.5566773,-2.4966772,-2.7466772,-3.0966773,-3.1266773,-3.6166773,-3.1166773,-3.2166772,-3.4966772,-4.046677,-3.6266773,-3.0866773,-1.4166772,-3.9066772,-2.5866773,-3.3866773,-3.7766771,-3.9566772,-7.3066773,-3.5766773,-0.64667726,-4.8866773,-5.5566773,-4.986677,-6.2666774,-6.7066774,-6.3466773,-4.756677,-3.5266771,-2.2566772,-1.5366772,-1.3266772,-2.1266773,-1.8866773,0.48332274,-1.0466772,-0.82667726,-1.7366773,0.083322756,0.06332275
-0.9866772,-1.5466772,-2.0066772,-2.0266771,-1.6766772,-2.5966773,-2.6066773,-3.4266772,-3.6366773,-3.7466772,-2.6066773,-1.6966772,-3.1866772,-2.8366773,-2.9866772,-3.4066772,-2.5066772,-2.5966773,-2.1666772,-0.6266773,-2.4466772,-4.776677,-5.756677,-6.646677,-5.6166773,-5.836677,-5.7066774,-5.316677,-4.3066773,-3.5266771,-3.3766773,-2.7666771,-4.106677,-2.8666773,-1.7666773,-0.5566772,-1.0466772,-0.44667724,-0.6266773,-0.17667724,-0.85667723
-0.10667725,0.043322753,0.093322754,-0.75667727,-1.1166773,-1.0566772,-1.6866772,-2.1366773,-1.7766773,-1.9466772,-2.1966772,-2.2766771,-1.8466773,-1.4466772,-2.1066773,-2.6266773,-2.1366773,-2.4766772,-2.9466772,-2.9666772,-3.6466773,-3.1666772,-4.4766774,-4.736677,-4.3466773,-4.4566774,-4.2466774,-3.9666772,-3.8366773,-3.2666771,-3.0966773,-3.1166773,-2.1966772,-2.8866773,-1.9866773,-2.0766773,-2.4466772,-1.6966772,-1.2466773,-0.48667726,0.053322755
1.0533228,0.73332274,0.5733228,0.093322754,0.29332274,-0.37667724,-0.52667725,-0.8166773,-1.0266773,-0.94667727,-0.97667724,-0.8666772,-0.38667724,-0.90667725,-1.8666773,-0.8066772,0.06332275,-2.3466773,-0.77667725,-1.9566772,-2.3466773,-2.8466773,-2.0166771,-2.3666773,-2.5566773,-2.8466773,-2.8966773,-3.1466773,-2.8166773,-2.2666771,-2.7266772,-1.6466773,-1.9766773,-2.2566772,-1.7166772,-1.9566772,-2.0966773,-1.4166772,-1.9766773,-1.4066772,-0.77667725
1.7233227,1.8333228,1.6433227,0.96332276,-0.25667724,-0.21667725,0.053322755,-0.20667724,0.21332276,-0.026677245,-0.85667723,-0.12667724,0.7533228,0.83332276,1.4033227,0.42332277,-0.15667725,-1.0466772,-0.21667725,-2.2766771,-2.5466774,-2.2066772,-2.0766773,-2.1566772,-2.5566773,-2.4466772,-1.8666773,-0.8766773,-1.8066772,-1.8566773,-1.6466773,-1.6266773,-1.7766773,-1.8666773,-1.5066773,-1.5266773,-1.5366772,-1.7266773,-1.2866772,-0.60667723,-0.11667725
3.1433227,3.0233228,1.8033228,2.1333227,2.0633228,2.1733227,1.2733227,0.15332276,0.21332276,-0.51667726,-1.1266773,-0.57667726,0.013322754,1.1233227,1.7633227,2.3233228,1.7233227,0.61332273,0.60332274,-0.6266773,-0.94667727,-0.30667725,0.25332275,0.10332275,-0.6866772,-0.79667723,-0.51667726,-0.7366772,-0.47667724,-0.23667724,0.22332275,-0.9266772,-0.6166772,-0.48667726,-0.17667724,0.043322753,-0.57667726,-0.16667725,0.093322754,-0.006677246,-0.6866772
