wind_kz.json
{"header": {"discipline":0,"disciplineName":"Meteorological products","gribEdition":2,"gribLength":1102,"center":7,"centerName":"US National Weather Service - NCEP(WMC)","subcenter":0,"refTime":"2023-09-24T06:00:00.000Z","significanceOfRT":1,"significanceOfRTName":"Start of forecast","productStatus":0,"productStatusName":"Operational products","productType":1,"productTypeName":"Forecast products","productDefinitionTemplate":0,"productDefinitionTemplateName":"Analysis/forecast at horizontal level/layer at a point in time","parameterCategory":2,"parameterCategoryName":"UnknownDiscipline_0_Category_2","parameterNumber":2,"parameterNumberName":"UnknownParameter_D0_C2_2","parameterUnit":"Unknown","genProcessType":2,"genProcessTypeName":"Forecast","forecastTime":0,"surface1Type":103,"surface1TypeName":"Specified height level above ground","surface1Value":10.0,"surface2Type":255,"surface2TypeName":"Missing","surface2Value":0.0,"gridDefinitionTemplate":0,"gridDefinitionTemplateName":"Latitude_Longitude","numberPoints":615,"shape":6,"shapeName":"Earth spherical with radius of 6,371,229.0 m","gridUnits":"degrees","resolution":48,"winds":"true","scanMode":64,"nx":41,"ny":15,"basicAngle":0,"lo1":47.0,"la1":41.0,"lo2":87.0,"la2":55.0,"dx":1.0,"dy":1.0}, "data":
[rows 0 to 14 of 15, columns 0 to 40 of 41]
-1.2662475,0.78375244,-0.83624756,-5.2862477,-6.9162474,-7.1262474,-8.116247,-8.7962475,-7.996248,-6.2562475,-5.0562477,-5.1062474,-4.4262476,-3.5962477,-3.2562475,-3.3262475,-3.8962476,-5.7862477,-4.4662476,-5.0662475,-0.24624756,1.6237525,1.4537524,2.7437525,-0.67624754,0.18375245,2.2437525,-2.2362475,-0.9462476,-0.17624755,1.5437524,0.45375243,0.30375245,0.9237524,2.8037524,3.4237525,4.4437523,4.4837523,4.7337523,4.8637524,5.7437525
1.0437524,-2.2962475,-8.626247,-8.116247,-7.5762477,-7.1162477,-6.6862473,-7.9162474,-6.5062475,-5.2162476,-4.1862473,-4.3862476,-3.7662475,-4.0562477,-3.4862475,-3.4062476,-3.7762475,-3.7362475,-5.1462474,-4.7762475,-6.2362475,-5.0662475,1.5237525,2.4237525,0.10375244,-1.2262475,0.70375246,0.05375244,1.5937524,0.35375243,0.25375244,1.1537524,0.44375244,0.6837524,0.58375245,2.0137525,2.7737525,2.2737525,2.6037524,0.6737524,8.233752
-3.1262476,-8.376247,-9.696247,-9.2962475,-8.306248,-7.9262476,-6.6962476,-4.9362473,-6.4462476,-4.9362473,-4.4862475,-3.8962476,-3.9162476,-3.7062476,-3.5962477,-3.6662476,-3.2162476,-3.9462476,-4.2362475,-4.3662477,-0.80624753,-7.3362474,-8.096248,-8.636248,-4.4062476,-5.7062473,-3.7562475,-2.6462476,2.9437525,-0.7562476,1.0737524,-1.8762475,0.19375244,4.753752,3.1437523,1.8637525,4.2937527,2.4737525,5.6437526,9.063752,7.2437525
-8.7562475,-10.2562475,-9.956247,-8.556248,-6.7962475,-6.9062476,-5.7162476,-6.9262476,-5.3062477,-4.0962477,-3.3562477,-4.0662475,-2.9762475,-3.1962476,-3.8462477,-3.7062476,-3.6762476,-4.5862474,-5.746248,-5.9162474,-6.1062474,-5.8262477,-3.6062477,-6.2962475,-6.8962474,-6.5062475,-4.2862477,-5.8362474,-3.4762475,-0.9362476,1.5737524,3.1737525,9.153752,11.713753,8.193752,2.5837524,0.34375244,3.2037525,-0.17624755,-0.21624756,3.8737524
-9.656247,-9.616247,-8.206247,-7.246248,-6.6262474,-6.1062474,-5.476248,-4.1762476,-3.7862475,-3.5862474,-5.0362477,-5.5962477,-5.1462474,-4.3962474,-2.9462476,-4.4062476,-4.6962476,-5.6062474,-5.9562473,-6.1062474,-6.1462474,-6.1262474,-6.6562476,-6.5162477,-6.5162477,-6.8262477,-7.7762475,-4.4862475,-4.0062475,-3.7062476,-2.5962477,-1.0162475,3.3637524,3.0137525,-2.7962475,-2.2462475,11.343753,-2.3462477,0.59375244,8.683752,9.863752
-8.636248,-7.1862473,-8.356248,-8.386248,-7.3062477,-6.0362477,-4.4262476,-2.5762475,-2.4862475,-4.3862476,-5.6362476,-5.6862473,-6.4662476,-5.7662477,-4.8962474,-4.8162475,-5.4262476,-5.7362475,-6.3162475,-6.1662474,-7.2662477,-6.9462476,-6.5762477,-6.9562473,-6.996248,-6.5562477,-5.2862477,-5.7762475,-3.6462476,-2.5562475,-1.6662476,-0.71624756,0.06375244,1.5337524,4.9637523,6.9537525,10.723752,13.003753,7.3337526,10.903752,-6.8962474
-7.8362474,-7.8162475,-7.4362473,-6.8462477,-5.5662475,-3.1762476,-1.3462476,-1.7362475,-4.6262474,-5.5662475,-5.6062474,-6.2162476,-5.6462474,-5.746248,-5.5262475,-5.246248,-5.1262474,-5.0262475,-5.6662474,-6.2762475,-6.1762476,-5.7362475,-6.0362477,-4.8162475,-4.1962476,-3.1162477,-2.6362476,-1.3662475,-1.3562475,-0.8162476,0.10375244,0.36375245,0.96375245,2.0237525,4.9537525,3.3437524,1.5437524,2.4937525,6.2437525,0.52375245,7.8237524
-6.8362474,-6.4562473,-5.996248,-4.6662474,-4.3262477,-3.6662476,-3.8362474,-4.4062476,-5.2762475,-5.2062473,-5.4162474,-5.7762475,-5.2762475,-5.4862475,-4.8362474,-5.0262475,-4.9662476,-4.5062475,-4.1362476,-4.746248,-5.2862477,-4.6062474,-4.1662474,-3.1262476,-2.6862476,-1.0862476,-0.05624756,0.21375245,0.34375244,0.36375245,0.9237524,1.7837524,2.2737525,1.7437525,3.1637526,3.4337525,5.4337525,9.263752,10.543753,14.333753,11.513752
-5.3262477,-5.4462476,-5.3362474,-4.5362477,-3.6762476,-3.0762475,-2.5562475,-3.0962477,-3.3862476,-4.0662475,-3.8062475,-3.9662476,-4.0662475,-3.5862474,-4.0662475,-4.1862473,-4.1962476,-4.1562476,-4.0562477,-3.8062475,-3.6862476,-2.9662476,-1.9562476,-1.3462476,-1.0762476,-0.06624756,0.95375246,2.0437524,2.9337525,3.8137524,3.4337525,2.7537525,3.6137524,3.1537523,4.0437527,5.5437527,5.023752,3.4237525,1.5737524,1.0537524,2.1437523
-4.3762474,-3.8362474,-3.7062476,-2.9762475,-2.2662475,-1.7462475,-1.8062476,-3.3062475,-1.8762475,-2.0462475,-2.9162476,-3.1762476,-2.3462477,-2.3862476,-2.3362474,-2.6962476,-2.6262476,-2.6962476,-2.4862475,-2.3362474,-1.8262476,-0.29624757,0.77375245,0.7437524,1.7537525,2.8237524,2.8737524,4.4637523,4.6337523,4.8037524,4.7237525,4.3137527,5.1337523,4.6937523,3.8237524,2.8537524,3.3137524,3.0537524,2.2137525,0.82375246,1.5337524
-2.4662476,-2.1662476,-1.6862476,-1.5962476,-1.1062475,-1.6362475,-1.9962475,-1.4362476,-2.1162477,-1.5262475,-1.1562476,-0.14624757,0.23375244,-1.2662475,-1.3162476,-0.80624753,-0.5662476,-0.41624755,0.19375244,0.33375245,1.4637524,2.5737524,3.1337523,3.6837525,4.0637527,4.4337525,4.3137527,4.4437523,5.4637523,5.8837523,5.2037525,4.5937524,3.6637526,3.7137525,3.6537523,2.9937525,1.7337525,0.84375244,1.0437524,-0.78624755,1.4937525
-1.3162476,-0.7562476,-0.13624756,-0.046247557,-0.46624756,-0.98624754,-1.7062476,-1.4562476,-1.5062475,-1.4762475,0.82375246,1.3337524,1.3637525,1.0537524,0.72375244,1.2037524,1.6837524,2.5037525,2.9237525,3.1837525,3.9337525,4.7837524,4.7637525,5.6937523,5.9437523,6.1437526,4.7137523,4.8837523,4.6237526,5.8537526,3.9037523,3.8437524,4.4437523,4.1537523,3.9337525,4.4437523,4.773752,4.9437523,3.6937525,3.0637524,2.7337525
-0.6962476,-0.8862476,-0.12624756,0.84375244,0.7437524,0.69375247,0.44375244,-0.55624753,-0.6862476,-1.1662476,-0.30624756,0.97375244,1.2037524,2.9637525,3.2337525,3.1937525,3.4137526,3.9437525,3.6237524,4.6337523,4.8637524,5.7237525,6.0437527,6.0837526,6.1037526,5.7037525,4.2337523,3.9737525,4.8137527,5.4637523,3.7437525,3.3637524,4.0437527,5.0837526,4.7837524,4.9437523,5.003752,3.2637525,4.9537525,5.3437524,3.7537525
0.57375246,1.1237525,0.26375243,1.8937525,1.4737525,0.14375244,0.51375246,0.72375244,0.57375246,0.23375244,-0.11624756,0.6737524,0.95375246,1.7637525,2.9137526,3.7337525,4.0737524,4.0337524,4.5337524,5.2637525,4.8837523,6.3637524,7.2637525,6.6137524,5.7237525,4.1337523,1.1137525,3.5537524,3.9437525,4.0737524,3.7437525,3.4237525,2.9637525,2.9237525,4.253752,5.0137525,4.9037523,4.6137524,4.2637525,3.4037523,3.4937525
1.3137524,2.2437525,2.5337524,2.8137524,1.7937524,1.6037525,1.2837524,1.3337524,1.1337525,0.15375245,-0.13624756,0.79375243,1.6437525,1.9637524,3.2937524,3.6937525,4.7437525,5.523752,4.8037524,5.5137525,5.7037525,5.6437526,4.5137525,5.4337525,3.6337523,1.8837525,1.6237525,3.2337525,3.2237525,3.5837524,2.5537524,2.4737525,3.6337523,3.3837523,3.6637526,4.7837524,4.9937525,5.4337525,4.6237526,4.253752,2.9137526
