wind_kz.json
{"header": {"discipline":0,"disciplineName":"Meteorological products","gribEdition":2,"gribLength":1025,"center":7,"centerName":"US National Weather Service - NCEP(WMC)","subcenter":0,"refTime":"2023-09-30T18:00:00.000Z","significanceOfRT":1,"significanceOfRTName":"Start of forecast","productStatus":0,"productStatusName":"Operational products","productType":1,"productTypeName":"Forecast products","productDefinitionTemplate":0,"productDefinitionTemplateName":"Analysis/forecast at horizontal level/layer at a point in time","parameterCategory":2,"parameterCategoryName":"UnknownDiscipline_0_Category_2","parameterNumber":2,"parameterNumberName":"UnknownParameter_D0_C2_2","parameterUnit":"Unknown","genProcessType":2,"genProcessTypeName":"Forecast","forecastTime":0,"surface1Type":103,"surface1TypeName":"Specified height level above ground","surface1Value":10.0,"surface2Type":255,"surface2TypeName":"Missing","surface2Value":0.0,"gridDefinitionTemplate":0,"gridDefinitionTemplateName":"Latitude_Longitude","numberPoints":615,"shape":6,"shapeName":"Earth spherical with radius of 6,371,229.0 m","gridUnits":"degrees","resolution":48,"winds":"true","scanMode":64,"nx":41,"ny":15,"basicAngle":0,"lo1":47.0,"la1":41.0,"lo2":87.0,"la2":55.0,"dx":1.0,"dy":1.0}, "data":
[rows 0 to 14 of 15, columns 0 to 40 of 41]
-3.0106554,-0.61065555,0.7793445,-4.4506555,-3.8806555,-1.8106555,-0.21065551,-3.6506555,-4.2306557,-2.6606555,-2.8206556,-2.0206556,0.4093445,0.3793445,0.5293445,-0.4606555,2.0693445,2.4393444,1.6993445,2.3193445,1.8593445,-2.1706555,-2.0206556,-1.8906555,0.5593445,-2.8606555,-2.2506554,0.8593445,0.62934446,0.45934448,-0.11065552,1.6393445,-0.47065553,1.7893444,-1.3606555,-2.6706555,-0.80065554,3.0093446,2.2593446,1.5593445,1.5193444
0.75934446,-0.50065553,-3.8206556,-4.1506557,-2.8306556,-1.9206555,-1.3106555,-3.1306555,-1.5006555,-2.3506556,0.48934448,-2.1806555,-1.0906556,-2.0606556,-0.8806555,-1.2306556,-0.22065552,2.3993444,3.1393445,2.9793444,2.8793445,0.2593445,-0.33065552,-2.7506554,0.9893445,1.2693444,-1.0706555,1.6693444,-0.040655516,-0.4606555,0.93934447,0.039344482,-0.26065552,-1.7606555,-0.10065552,2.6093445,-0.50065553,0.29934448,1.1393445,1.5793445,-2.7306554
-1.8206555,-4.4006557,-3.9206555,-2.8006556,-0.2706555,1.3893445,0.099344485,0.7393445,0.32934448,-2.0806556,-0.8906555,0.14934449,-2.2106555,-0.86065555,0.87934446,1.5593445,1.4193444,4.6393447,3.6893444,3.8593445,4.8593445,2.5493445,-1.8706555,0.4693445,0.62934446,0.17934448,-1.0406555,-0.2806555,-2.3606555,-0.7006555,-1.3306556,1.2993445,-0.030655518,0.049344484,0.6693445,-0.22065552,0.9193445,-0.48065552,5.3093443,0.4493445,1.1593444
-3.1106555,-3.2406554,-1.5206555,-0.11065552,1.1993445,-0.19065551,1.2793444,2.4893446,1.6793445,-1.2706555,-0.5206555,1.1593444,0.7693445,2.1493444,2.3893445,2.7093444,3.0993445,4.2393446,0.7693445,0.5293445,2.4093444,-1.1706555,-1.4306555,-1.4306555,-5.2606554,-5.1206555,-3.6406555,-4.7506557,-2.4106555,-0.7806555,-1.7006555,-2.0106554,-2.9206555,-3.6406555,-3.3706555,-1.6306555,1.1293445,2.0693445,0.94934446,0.5993445,6.7293444
0.21934448,1.5993445,2.6993444,3.5893445,3.2593446,2.4893446,1.6493444,2.5493445,3.9193444,0.009344483,2.1193445,1.2393445,2.7793446,4.2393446,4.1793447,2.8193445,3.6993444,1.1893445,-0.8906555,-2.3206556,-6.6106553,-5.6806555,-5.1706557,-3.7006555,-4.4106555,-1.6106555,-3.0006554,-1.6306555,-0.2706555,-1.2806555,-2.9206555,0.07934448,-1.3106555,1.7293445,0.62934446,1.1793445,1.2393445,3.6993444,6.2293444,2.0393445,10.769344
-0.16065551,2.9493444,5.1093445,4.6993446,4.2893443,5.0893445,3.1693444,2.0793445,-1.2506555,-0.39065552,-0.020655518,-0.17065552,-1.6606555,2.9793444,3.8593445,2.4293444,1.9693445,-2.6506555,-4.3906555,-3.2706556,-3.9606555,-2.7406554,-0.86065555,2.6793444,-0.6906555,0.88934445,2.2793446,4.3493443,0.08934448,-0.39065552,-2.1906555,-1.6406555,-1.6706555,-0.7206555,-0.93065554,1.2393445,0.74934447,1.5393444,6.1393447,-4.0206556,2.7093444
-3.3806555,-2.4706554,-2.5106554,-3.3906555,-3.3106556,-2.8606555,-1.2106556,0.7993445,2.4893446,1.2793444,-1.0606555,-6.5551756E-4,-0.14065552,0.63934445,-0.22065552,-0.9606555,0.56934446,-4.2006555,-5.1406555,-4.8806553,-2.1706555,-1.6206555,1.3793445,2.2793446,0.9793445,0.06934448,-3.3606555,-5.8706555,-4.7506557,-3.0206556,-1.7906555,1.4693445,2.8993444,2.2893445,-0.4006555,-0.9406555,-1.0806556,1.8293445,1.3893445,-0.86065555,5.2493443
-4.0206556,-2.8206556,-2.3706555,-1.2706555,-1.9206555,-2.9106555,-0.3006555,-0.68065554,-0.14065552,0.8493445,-0.5806555,1.6293445,0.42934448,-0.39065552,-2.3006556,-2.6406555,-3.9906554,-3.8406556,-1.6506555,-2.0206556,-1.4206555,0.49934447,-2.6306555,-3.2406554,-3.9506555,-4.1906557,-4.1906557,-3.5006554,-1.6306555,-0.3706555,-1.6606555,-0.32065552,2.6493444,0.6593445,3.7793446,5.8093443,4.8493443,0.7993445,0.06934448,-1.5606555,-0.75065553
-3.2606554,-2.4206555,-1.3306556,-2.5806556,-2.2506554,-0.50065553,-0.2706555,-1.7406555,-1.6206555,-1.0406555,-2.0206556,-1.5106555,0.029344482,-2.2906556,-1.7106556,-0.87065554,-1.1006556,-1.8506556,-0.42065552,-1.3906555,-1.3206555,-3.0006554,-3.2506554,-3.7706556,-2.9506555,-3.7906556,-1.6706555,-0.9006555,-0.8306555,-0.24065551,0.3493445,0.56934446,0.6793445,-0.20065552,0.81934446,0.7893445,1.6593444,-0.11065552,-1.1306555,0.74934447,0.94934446
-3.1606555,-2.0106554,-1.2106556,-1.2206556,-0.9706555,-0.9706555,-1.6506555,-1.9906555,-2.0806556,-0.93065554,-1.2806555,-3.5806556,-1.6306555,-2.8506556,-4.3006554,-2.4606555,-3.0406556,-1.3306556,-2.4306555,-3.2406554,-5.2206554,-2.7806556,-3.0306556,-2.5106554,-2.8706555,-2.7306554,-2.2506554,-1.2206556,1.3093445,1.8193445,0.20934448,1.7493445,2.5593445,0.88934445,0.12934448,2.7193444,0.4793445,-0.17065552,-0.040655516,1.3393445,-0.15065552
-2.8906555,-2.2406554,-1.3206555,-0.9706555,-1.1206555,-1.7206556,-0.8306555,-2.0106554,-2.3406556,-3.2206554,-3.0606556,-3.0106554,-1.9206555,-2.4206555,-2.2006555,-2.0106554,-1.9306555,-3.2906556,-3.5606556,-4.3506556,-3.9206555,-1.5606555,-1.8206555,-0.8406555,-1.5306555,-1.4206555,-1.6206555,-1.5006555,-1.4906555,-0.2806555,1.2693444,2.1793444,0.7393445,0.17934448,0.39934447,0.5293445,0.14934449,1.1693444,-0.47065553,0.3493445,1.2993445
-1.6606555,-2.1906555,-1.0806556,-1.5406555,-1.6906555,-1.9706556,-1.1706555,-2.5806556,-1.6906555,-2.2606554,-3.6406555,-2.3106556,-2.8006556,-2.8306556,-2.3006556,-2.9706554,-2.9806554,-2.7906556,-1.9706556,-1.9006555,-1.7306556,-1.9206555,-1.1106555,-1.3406556,-1.0806556,-0.6906555,-6.5551756E-4,1.6693444,-0.4006555,0.75934446,-2.5006554,-1.7406555,0.15934448,0.5893445,1.7193445,0.7793445,-1.0506555,1.3493445,1.6093445,1.1793445,0.49934447
-0.80065554,-0.8406555,-1.1006556,-0.8806555,-1.3906555,-1.8606555,-1.6406555,-1.6406555,-2.2006555,-0.8206555,-1.2306556,-1.8806555,-1.7406555,-2.4706554,-1.8706555,-2.4706554,-3.2306554,-2.5106554,-2.1306555,-2.1906555,-1.8206555,-1.6106555,-0.020655518,-0.8206555,-1.9706556,-2.5506556,-2.1606555,-3.0306556,-3.4206555,-3.3606555,-1.9906555,-0.18065552,0.13934448,-1.0506555,-0.17065552,0.99934447,1.5893445,1.3993444,2.3093445,2.4393444,0.8393445
-0.80065554,-0.7106555,0.11934448,-0.4006555,-0.68065554,-1.7006555,-0.50065553,-1.3806555,-0.7906555,-1.1806555,-1.4406555,-1.7006555,-1.6006556,-1.3906555,-1.5506555,-1.9706556,-1.8906555,-1.7906555,-2.6306555,-2.6406555,-1.6406555,0.5293445,-0.080655515,-1.0806556,-1.7506555,-3.3606555,-5.0906553,-4.9106555,-4.0606556,-3.7206554,-2.9006555,-3.2706556,-2.5306556,-2.8306556,-2.4106555,-3.2506554,-1.9206555,-1.9806556,-1.7006555,-0.48065552,2.4993446
-1.0206555,-0.7906555,-0.20065552,-0.020655518,-0.06065552,-0.68065554,-0.6906555,-1.5006555,-1.7506555,-1.7406555,-1.6606555,-0.6306555,-1.1706555,-0.7006555,-0.68065554,-1.7106556,-1.8606555,-1.8806555,-1.7906555,-3.1706555,-3.1406555,-3.5006554,-3.0706556,-3.3606555,-3.4406555,-3.9506555,-3.8306556,-4.3106556,-3.9406555,-2.8106556,-2.9106555,-3.8606555,-2.8606555,-2.7206554,-2.3406556,-2.8506556,-2.8806555,-2.3906555,-1.2706555,-1.1706555,-0.7906555
