wind_kz.json
{"header": {"discipline":0,"disciplineName":"Meteorological products","gribEdition":2,"gribLength":871,"center":7,"centerName":"US National Weather Service - NCEP(WMC)","subcenter":0,"refTime":"2023-09-25T12:00:00.000Z","significanceOfRT":1,"significanceOfRTName":"Start of forecast","productStatus":0,"productStatusName":"Operational products","productType":1,"productTypeName":"Forecast products","productDefinitionTemplate":0,"productDefinitionTemplateName":"Analysis/forecast at horizontal level/layer at a point in time","parameterCategory":0,"parameterCategoryName":"UnknownDiscipline_0_Category_0","parameterNumber":0,"parameterNumberName":"UnknownParameter_D0_C0_0","parameterUnit":"Unknown","genProcessType":2,"genProcessTypeName":"Forecast","forecastTime":240,"surface1Type":1,"surface1TypeName":"Ground or water surface","surface1Value":0.0,"surface2Type":255,"surface2TypeName":"Missing","surface2Value":0.0,"gridDefinitionTemplate":0,"gridDefinitionTemplateName":"Latitude_Longitude","numberPoints":615,"shape":6,"shapeName":"Earth spherical with radius of 6,371,229.0 m","gridUnits":"degrees","resolution":48,"winds":"true","scanMode":64,"nx":41,"ny":15,"basicAngle":0,"lo1":47.0,"la1":41.0,"lo2":87.0,"la2":55.0,"dx":1.0,"dy":1.0}, "data":
[rows 0 to 14 of 15, columns 0 to 40 of 41]
298.19214,285.79214,289.19214,292.99213,293.69214,292.49213,298.69214,302.19214,299.89215,300.99213,299.19214,299.29214,298.19214,297.79214,297.39215,296.99213,296.79214,296.99213,298.69214,299.49213,301.19214,299.79214,298.69214,295.29214,299.49213,301.49213,296.39215,282.99213,277.99213,277.19214,276.79214,278.39215,289.09213,294.89215,294.99213,294.79214,292.79214,293.39215,294.99213,294.99213,292.29214
279.19214,293.49213,292.19214,292.59213,292.29214,291.39215,300.19214,298.99213,298.19214,298.09213,298.39215,297.29214,297.59213,296.99213,297.09213,296.79214,296.69214,296.59213,295.69214,296.49213,297.69214,298.89215,296.59213,289.29214,278.09213,277.09213,289.29214,282.49213,282.89215,276.09213,282.49213,271.69214,282.19214,258.19214,277.99213,292.39215,289.79214,292.19214,294.59213,287.79214,283.99213
297.99213,291.99213,292.39215,291.89215,290.39215,297.49213,297.49213,297.39215,296.59213,296.09213,295.89215,296.09213,296.29214,296.49213,296.59213,296.29214,295.29214,294.59213,295.49213,295.79214,296.49213,297.29214,296.59213,290.79214,295.59213,294.39215,297.29214,297.39215,294.09213,284.59213,275.59213,277.29214,285.49213,283.89215,286.09213,283.99213,276.19214,279.49213,279.89215,274.59213,273.69214
299.99213,291.09213,291.79214,291.19214,292.09213,296.09213,295.49213,295.29214,295.59213,294.99213,294.99213,293.49213,290.29214,289.69214,293.89215,292.79214,295.09213,295.49213,294.99213,295.29214,295.69214,291.09213,295.99213,296.99213,296.69214,297.69214,299.49213,297.19214,295.79214,294.79214,296.49213,293.29214,297.49213,295.69214,292.69214,287.39215,277.29214,268.09213,281.59213,288.19214,291.39215
299.69214,290.39215,290.49213,290.19214,292.39215,294.59213,295.19214,295.09213,293.89215,293.69214,293.59213,291.49213,288.99213,287.99213,286.59213,291.89215,291.29214,291.79214,293.19214,294.49213,295.39215,296.19214,295.49213,295.69214,295.79214,296.39215,297.09213,294.69214,296.89215,294.99213,296.89215,295.29214,281.59213,273.29214,284.09213,289.99213,292.59213,293.49213,295.49213,296.09213,294.29214
298.39215,296.39215,289.39215,290.29214,290.39215,290.09213,294.39215,294.29214,290.29214,288.79214,289.59213,289.49213,288.59213,288.89215,288.69214,288.29214,290.19214,289.79214,292.79214,293.59213,294.09213,293.89215,293.89215,294.29214,294.79214,294.09213,296.19214,286.89215,295.89215,295.09213,293.09213,295.99213,295.49213,293.39215,290.39215,292.79214,286.49213,287.29214,294.19214,292.59213,292.59213
296.99213,296.29214,296.39215,295.79214,293.99213,289.69214,289.79214,290.09213,288.39215,288.99213,288.19214,288.99213,289.29214,290.39215,291.09213,290.19214,288.59213,289.29214,290.59213,292.29214,292.79214,292.89215,293.29214,293.89215,292.69214,293.79214,293.69214,293.19214,292.69214,293.39215,293.99213,293.69214,294.19214,293.59213,292.29214,290.39215,284.69214,281.29214,278.79214,276.09213,288.29214
295.49213,294.09213,294.59213,294.69214,293.19214,287.49213,287.79214,288.89215,287.49213,290.09213,287.89215,287.39215,287.09213,287.19214,289.39215,288.19214,290.09213,290.49213,291.59213,289.59213,291.69214,291.89215,292.39215,291.69214,291.89215,289.39215,288.19214,289.49213,289.29214,291.69214,291.39215,291.69214,289.99213,287.19214,286.39215,288.59213,289.09213,286.09213,287.69214,287.39215,284.09213
294.19214,291.99213,291.49213,291.49213,288.79214,287.19214,286.89215,286.99213,285.69214,286.29214,283.89215,285.39215,282.89215,286.39215,287.19214,287.19214,286.79214,288.59213,289.69214,289.19214,289.09213,287.89215,289.09213,291.89215,290.29214,289.79214,287.29214,286.49213,287.19214,286.49213,287.19214,287.59213,288.19214,287.69214,286.49213,284.89215,284.09213,283.49213,267.99213,268.99213,266.89215
291.99213,290.49213,290.59213,290.09213,286.09213,285.59213,285.29214,285.59213,286.39215,283.29214,281.79214,280.89215,281.99213,285.99213,287.39215,288.29214,285.99213,286.29214,288.69214,288.69214,286.89215,286.29214,288.49213,289.69214,289.49213,288.49213,287.69214,288.29214,286.69214,285.19214,285.69214,287.29214,288.59213,288.79214,286.99213,286.19214,283.39215,277.99213,273.89215,273.49213,270.69214
289.59213,288.99213,289.59213,285.79214,283.79214,283.69214,283.19214,283.89215,283.69214,280.79214,279.49213,278.59213,280.69214,281.49213,282.69214,284.69214,284.49213,285.39215,285.59213,285.79214,287.59213,287.49213,287.29214,287.09213,286.79214,286.59213,283.99213,285.29214,285.29214,285.69214,285.69214,286.39215,285.99213,288.09213,287.59213,284.29214,281.89215,277.49213,279.39215,279.89215,275.99213
289.39215,290.49213,286.29214,282.59213,281.89215,281.69214,281.49213,280.59213,280.39215,280.69214,277.89215,276.49213,277.99213,278.09213,279.49213,281.99213,283.39215,283.79214,284.89215,284.99213,284.19214,284.09213,283.99213,284.19214,283.49213,284.09213,284.09213,284.69214,284.99213,285.19214,284.19214,283.59213,283.89215,283.09213,283.89215,283.79214,282.99213,282.49213,281.99213,283.29214,280.99213
286.39215,288.49213,282.99213,280.89215,281.19214,282.59213,286.29214,282.89215,281.99213,279.89215,276.29214,274.49213,276.49213,275.79214,277.19214,278.19214,278.89215,279.69214,281.69214,280.79214,281.79214,281.19214,280.59213,280.29214,281.39215,282.99213,284.09213,282.79214,283.49213,283.19214,283.19214,283.09213,282.49213,281.19214,280.79214,280.39215,279.49213,280.89215,279.89215,279.09213,278.99213
286.39215,287.09213,285.59213,286.29214,285.79214,286.09213,284.99213,283.79214,284.49213,282.39215,278.39215,275.09213,277.09213,278.09213,277.79214,278.09213,278.79214,279.29214,279.59213,280.39215,281.79214,281.89215,282.09213,281.89215,282.09213,282.29214,281.59213,281.39215,280.49213,280.49213,280.39215,279.79214,279.49213,278.19214,278.59213,276.99213,277.09213,276.59213,275.99213,274.39215,275.69214
284.59213,286.59213,284.79214,286.19214,285.69214,284.29214,283.79214,283.59213,284.19214,283.99213,283.39215,280.79214,277.59213,278.29214,279.79214,280.49213,280.19214,280.49213,281.49213,280.79214,281.39215,281.19214,280.89215,280.29214,279.99213,279.79214,279.39215,278.99213,279.09213,278.59213,278.89215,280.39215,277.79214,277.09213,276.99213,277.19214,277.19214,275.49213,276.19214,275.69214,274.69214
