wind_kz.json
{"header": {"discipline":0,"disciplineName":"Meteorological products","gribEdition":2,"gribLength":1025,"center":7,"centerName":"US National Weather Service - NCEP(WMC)","subcenter":0,"refTime":"2023-08-20T00:00:00.000Z","significanceOfRT":1,"significanceOfRTName":"Start of forecast","productStatus":0,"productStatusName":"Operational products","productType":1,"productTypeName":"Forecast products","productDefinitionTemplate":0,"productDefinitionTemplateName":"Analysis/forecast at horizontal level/layer at a point in time","parameterCategory":2,"parameterCategoryName":"UnknownDiscipline_0_Category_2","parameterNumber":2,"parameterNumberName":"UnknownParameter_D0_C2_2","parameterUnit":"Unknown","genProcessType":2,"genProcessTypeName":"Forecast","forecastTime":0,"surface1Type":103,"surface1TypeName":"Specified height level above ground","surface1Value":10.0,"surface2Type":255,"surface2TypeName":"Missing","surface2Value":0.0,"gridDefinitionTemplate":0,"gridDefinitionTemplateName":"Latitude_Longitude","numberPoints":615,"shape":6,"shapeName":"Earth spherical with radius of 6,371,229.0 m","gridUnits":"degrees","resolution":48,"winds":"true","scanMode":64,"nx":41,"ny":15,"basicAngle":0,"lo1":47.0,"la1":41.0,"lo2":87.0,"la2":55.0,"dx":1.0,"dy":1.0}, "data":
[rows 0 to 14 of 15, columns 0 to 40 of 41]
-0.088962406,-1.4689624,2.9410377,-0.5989624,2.9110377,2.2910376,2.2810376,2.9910376,2.1010375,2.3210375,2.6610377,2.4210377,3.3410375,3.6010375,1.0210376,1.0510375,-0.6789624,-1.3689624,-2.9989624,-2.9289625,-0.9589624,1.1410376,-0.9489624,-2.0589623,-0.028962402,-2.6589625,-2.9989624,-0.17896241,0.4310376,-0.008962402,-1.2489624,1.2010376,-0.5389624,-0.048962403,-2.6889625,-2.7889624,-3.4489625,-3.3789625,-3.3689623,-3.8989625,-3.8489623
0.8510376,2.7210376,2.3010375,1.6210376,3.1710377,2.1410377,3.2210376,2.4610376,3.9910376,3.7310376,4.0810375,3.4410377,2.0510375,-2.0789623,0.8610376,-2.1989625,-3.7389624,-3.4989624,-1.6789623,-2.5389624,-2.4089625,-1.6389624,-2.2189624,-2.8689623,-0.8089624,1.2710376,-0.1689624,1.7210376,-0.9789624,-1.4589624,-0.1189624,0.3410376,-0.6989624,-1.8189625,0.4810376,0.2310376,-1.1289624,0.1310376,0.9010376,0.1810376,-4.0989623
1.6010376,2.5010376,-0.0589624,1.8410376,2.8310375,2.6210375,2.7710376,3.4710376,3.7710376,4.4810376,4.2010374,3.8810377,0.4510376,-2.6089623,1.4110376,-3.7289624,-5.0789623,-3.9989624,-4.0489626,-3.4889624,-2.4389625,-3.5789623,-3.4089625,-2.6289625,2.0210376,1.2610376,1.9410377,0.1710376,-1.3289624,-0.7989624,-1.2389624,1.4910376,-0.5289624,-0.9589624,0.6310376,-0.7289624,-0.9489624,0.5710376,-0.7789624,2.1610377,2.0410376
0.8910376,2.5410376,3.6810377,6.5210376,5.1010375,2.6510377,1.0910376,0.7710376,0.9610376,-0.4789624,-0.9889624,-2.2189624,-3.6689625,-5.678962,1.2210376,-3.7789624,-4.7089624,-4.3689623,-4.0089626,-3.4789624,-2.9189625,-1.3989624,-2.0889623,-2.3289623,-3.2789624,-2.8189623,-3.3489623,-5.6889625,-3.0789623,0.2710376,1.8310376,-3.0489624,-1.8589624,-4.0089626,-3.0389624,-2.4689624,-1.7289624,2.3910377,0.78103757,0.5610376,1.7010376
-0.5089624,0.8010376,2.3710375,1.6110376,-2.1289625,-1.6589624,-1.1489624,1.0810376,0.4110376,-0.6889624,-1.8989624,-5.3889623,-11.998962,-0.0589624,-2.7089624,-2.5589623,-3.1989625,-3.5389624,-2.7989624,-3.5489624,-3.7389624,-3.3889625,-4.0589623,-2.5589623,-4.5089626,-3.7989624,-5.4189625,-2.7889624,-3.8189623,-3.5189624,-3.5889623,-2.5689623,-2.2989624,1.8210377,2.7310376,-1.0489624,0.4110376,-2.0689623,-0.088962406,-0.028962402,-3.8989625
1.7210376,0.8610376,1.1410376,-2.8389623,-3.7189624,-5.3189626,-2.4189625,-2.3089623,-1.3189625,-1.6089624,-2.1389625,-3.6889625,-3.8489623,-0.3489624,-1.3089623,-3.1689625,-1.9689624,-1.6189624,-2.2789624,-1.4989624,-2.8589623,-2.8089623,-2.9289625,-3.1689625,-3.8889625,-3.9489625,-1.8589624,-2.7689624,-2.8189623,-2.8789625,-3.6489625,-2.9889624,-3.1489625,-2.1789625,0.031037597,-1.3189625,0.3110376,0.2610376,0.8510376,-3.3189623,-5.1389623
-0.6789624,-0.35896242,-1.9489625,-1.8789624,-1.6989625,-2.5089624,-2.8089623,-4.1189623,-2.6789625,-1.6089624,-0.7689624,-1.2689624,-2.8589623,-2.8289623,-2.1689625,-2.3189623,-3.3789625,-2.3589623,-3.2989624,-3.5089624,-2.8789625,-2.5589623,-1.8289624,-1.3589624,-1.1989625,-1.2489624,-0.1189624,0.011037597,0.1810376,0.3510376,-0.028962402,-2.0589623,-1.5289624,0.2210376,-2.5189624,-2.5489624,-0.8589624,2.3210375,0.121037595,0.6810376,0.6510376
-2.0889623,-2.9489625,-1.7889624,-2.2389624,-2.8189623,-1.4589624,-2.7489624,-2.5989623,-2.0689623,-2.7189624,-3.1189623,-3.2189624,-2.7989624,-2.2089624,-1.4989624,-2.9689624,-3.0689623,-0.9289624,-1.3289624,-2.0489624,0.121037595,1.4510376,-0.5789624,-1.7889624,-1.4689624,0.1610376,-0.6389624,-1.0689625,-0.9889624,-1.7589624,-2.0989623,-1.5389624,-0.6389624,-0.3889624,-1.5789624,-0.3789624,0.4610376,3.7510376,3.4310377,2.7510376,-0.2289624
-1.3689624,-1.0289624,-1.4989624,-1.8689624,-1.1889625,-2.4389625,-1.5089624,-0.6689624,-1.9289623,-1.0289624,-1.3889624,-3.2589624,-1.6689624,-0.2589624,-3.1689625,-2.4689624,-2.5089624,0.5210376,-0.4889624,0.5910376,-0.3089624,0.3710376,2.3410375,2.0510375,2.5210376,1.9210376,1.8310376,0.3010376,1.6210376,0.53103757,1.4810376,2.6010375,2.2810376,-0.0689624,0.121037595,-0.3889624,0.021037597,-2.8289623,-1.6489624,0.5210376,-1.4089624
0.5410376,-1.8989624,-2.5589623,-2.5389624,-1.9689624,-1.9089624,-2.9989624,-1.4389625,-2.1189623,-1.0389624,-0.3889624,-1.9889624,-1.3689624,0.6310376,0.2510376,1.0610375,-0.9789624,-0.8589624,-2.3289623,-1.3689624,-0.32896242,0.6310376,-0.1889624,-0.5589624,1.3710376,2.0810375,1.8010375,0.9710376,2.3410375,3.0910375,1.5810376,2.4610376,1.9810376,0.6210376,-0.5089624,-1.3789624,-1.8889624,-0.2089624,-1.3989624,0.0910376,0.081037596
-2.3089623,-1.6189624,-2.0589623,-2.0389624,-1.5889624,-2.4589624,-0.8589624,0.1410376,-0.4989624,-0.6589624,-1.9989624,-1.5289624,-2.3589623,-2.9089625,-2.7289624,-0.028962402,-2.6489625,-1.6189624,-1.5589623,1.1610376,1.3510376,0.4810376,0.2610376,0.2810376,1.3810376,1.7010376,1.8310376,2.9410377,3.5210376,3.9910376,3.9210377,3.1810377,1.8510376,1.2610376,0.5910376,-1.9489625,-1.4689624,0.7110376,-0.5489624,1.3110375,-0.6489624
-1.8689624,-2.1589625,-2.4289625,-2.1389625,-1.7789624,-0.7689624,-1.4689624,-1.4689624,-0.2889624,-1.1389624,-1.0189624,-1.2389624,-1.1489624,-1.7989624,-0.8689624,1.0910376,1.1710376,-0.008962402,-4.1389623,-1.7589624,1.7110376,0.021037597,-1.0489624,-1.0189624,-0.1689624,1.5910376,2.5410376,3.2510376,3.9210377,3.6210375,3.4110377,3.3410375,2.3310375,1.7510376,1.7110376,2.7310376,2.2810376,1.6110376,0.3810376,-1.0389624,-0.8989624
-1.8489624,-1.2289624,-1.2889624,-2.5289624,-0.8189624,-0.6189624,-1.2589624,-1.8489624,-2.5089624,0.8010376,-0.0689624,-1.0189624,-0.4689624,-0.3189624,0.0910376,-0.5589624,-0.9889624,-0.5289624,-0.35896242,-3.7389624,-0.0789624,-1.2989624,-0.9489624,-0.5589624,1.0610375,0.78103757,2.1510377,2.0810375,2.1110375,2.6110375,3.3910377,3.7910376,3.4610376,2.3910377,3.3110375,3.2710376,3.4010377,0.3410376,0.3810376,0.5610376,0.4510376
-1.8589624,-2.4389625,-1.0889624,-1.5289624,-1.2489624,-0.8489624,-0.9489624,-1.2189624,0.6810376,1.1110376,0.3110376,-0.6689624,-1.3589624,-0.8989624,-1.6989625,-2.2689624,-2.2789624,-2.7789624,-2.8689623,-2.0389624,-1.7689624,-1.8489624,-1.3589624,-1.1889625,-0.2689624,0.1510376,0.4710376,1.3910376,1.6410376,1.6510376,1.6410376,1.4310375,1.6310376,2.6910377,2.1310377,2.4810376,0.5610376,0.8410376,0.0510376,1.1310376,-0.0389624
-1.8389624,-1.4489625,-2.3089623,-1.5289624,-1.7489624,-1.5689625,-0.6889624,-1.3189625,0.6810376,0.4610376,-0.5589624,0.24103759,-1.0489624,-1.5389624,-1.7989624,-2.4689624,-3.4389625,-3.3689623,-2.7789624,-2.2289624,-1.3289624,-0.7889624,-0.6989624,-0.0389624,0.6210376,0.7910376,1.5410376,1.5810376,1.8310376,2.5410376,2.6510377,2.8410375,2.9210377,3.0110376,2.0010376,1.6210376,0.8710376,0.7410376,0.0010375977,0.1510376,-1.1089624
