wind_kz.json
{"header": {"discipline":0,"disciplineName":"Meteorological products","gribEdition":2,"gribLength":871,"center":7,"centerName":"US National Weather Service - NCEP(WMC)","subcenter":0,"refTime":"2023-08-20T12:00:00.000Z","significanceOfRT":1,"significanceOfRTName":"Start of forecast","productStatus":0,"productStatusName":"Operational products","productType":1,"productTypeName":"Forecast products","productDefinitionTemplate":0,"productDefinitionTemplateName":"Analysis/forecast at horizontal level/layer at a point in time","parameterCategory":0,"parameterCategoryName":"UnknownDiscipline_0_Category_0","parameterNumber":0,"parameterNumberName":"UnknownParameter_D0_C0_0","parameterUnit":"Unknown","genProcessType":2,"genProcessTypeName":"Forecast","forecastTime":240,"surface1Type":1,"surface1TypeName":"Ground or water surface","surface1Value":0.0,"surface2Type":255,"surface2TypeName":"Missing","surface2Value":0.0,"gridDefinitionTemplate":0,"gridDefinitionTemplateName":"Latitude_Longitude","numberPoints":615,"shape":6,"shapeName":"Earth spherical with radius of 6,371,229.0 m","gridUnits":"degrees","resolution":48,"winds":"true","scanMode":64,"nx":41,"ny":15,"basicAngle":0,"lo1":47.0,"la1":41.0,"lo2":87.0,"la2":55.0,"dx":1.0,"dy":1.0}, "data":
[rows 0 to 14 of 15, columns 0 to 40 of 41]
317.96265,302.36264,308.16266,299.16266,299.06265,298.76263,311.06265,317.46265,313.36264,314.56265,312.96265,313.66266,312.56265,311.96265,311.76263,311.46265,311.86264,311.16266,313.56265,313.36264,315.76263,312.16266,312.36264,308.16266,310.96265,313.26263,309.26263,296.56265,287.16266,287.66266,286.36264,287.36264,297.86264,306.16266,309.46265,309.46265,309.66266,310.16266,310.06265,310.46265,309.36264
291.06265,306.96265,298.76263,298.76263,298.66266,297.76263,317.26263,312.26263,311.86264,311.56265,312.86264,312.06265,310.76263,309.26263,309.96265,310.66266,309.46265,312.26263,311.66266,311.96265,311.56265,311.76263,311.46265,303.36264,295.66266,293.46265,303.16266,295.96265,296.36264,282.46265,285.66266,277.86264,290.76263,268.36264,286.76263,304.06265,304.26263,305.76263,309.66266,301.36264,286.96265
312.36264,298.76263,299.06265,298.96265,297.36264,314.66266,309.96265,309.16266,306.96265,310.96265,310.46265,310.56265,309.06265,307.36264,308.26263,308.56265,308.26263,309.46265,310.26263,311.96265,312.46265,309.36264,309.76263,302.86264,307.36264,306.56265,308.36264,306.86264,306.36264,294.36264,285.96265,287.96265,296.16266,296.96265,299.76263,295.26263,286.76263,282.56265,291.16266,286.96265,281.56265
311.56265,299.36264,298.86264,297.86264,301.86264,313.86264,313.86264,313.06265,313.16266,311.96265,308.86264,305.26263,295.16266,294.46265,309.56265,309.36264,308.26263,308.36264,308.96265,309.26263,307.86264,303.76263,308.26263,307.76263,307.16266,306.66266,308.06265,304.86264,303.76263,304.56265,305.96265,304.46265,309.66266,309.46265,307.66266,302.56265,290.46265,288.76263,290.16266,300.96265,305.16266
311.66266,298.86264,298.76263,298.96265,304.26263,311.06265,313.36264,314.96265,312.26263,310.66266,309.36264,305.36264,295.06265,294.06265,292.16266,308.96265,308.56265,305.46265,304.86264,305.96265,307.16266,307.66266,306.76263,306.86264,306.66266,305.26263,302.26263,300.06265,304.36264,303.46265,305.56265,303.56265,293.46265,286.46265,295.36264,303.46265,300.26263,309.76263,308.66266,308.76263,307.66266
313.06265,310.26263,297.56265,297.86264,298.36264,297.96265,316.16266,314.96265,313.76263,311.96265,310.56265,309.16266,296.66266,295.36264,300.86264,306.26263,308.36264,307.56265,306.76263,306.26263,305.16266,304.26263,305.06265,305.16266,304.86264,303.56265,302.86264,293.06265,302.36264,303.56265,302.16266,303.16266,302.66266,301.56265,298.76263,298.16266,293.96265,295.06265,304.06265,306.76263,303.76263
314.26263,313.86264,313.96265,313.86264,308.56265,313.36264,317.66266,315.16266,314.16266,313.46265,312.96265,311.96265,311.56265,311.96265,309.66266,308.26263,308.16266,308.26263,307.86264,306.36264,304.66266,303.76263,303.86264,303.96265,303.16266,303.66266,303.46265,304.06265,303.56265,303.86264,303.36264,303.76263,303.06265,302.76263,301.26263,299.46265,294.86264,291.66266,289.66266,288.26263,297.36264
315.66266,315.66266,315.76263,315.16266,315.06265,315.56265,315.96265,313.66266,312.96265,312.46265,311.86264,311.46265,310.86264,310.46265,311.36264,310.26263,309.76263,308.86264,307.86264,304.96265,305.66266,304.66266,303.36264,300.76263,300.76263,298.96265,299.86264,300.86264,299.86264,301.36264,300.16266,300.36264,298.46265,296.86264,296.26263,298.86264,299.06265,289.36264,298.06265,298.66266,296.46265
315.86264,315.56265,316.06265,315.06265,314.66266,314.56265,313.56265,313.06265,311.86264,310.86264,310.06265,310.36264,309.96265,309.06265,307.76263,308.26263,305.46265,305.46265,304.56265,303.46265,300.96265,300.56265,300.46265,299.26263,297.36264,297.66266,295.66266,294.66266,294.86264,293.16266,294.96265,295.26263,295.96265,296.46265,295.36264,292.66266,292.76263,293.46265,283.56265,283.66266,281.36264
314.66266,314.86264,314.76263,313.76263,313.06265,313.16266,312.36264,310.86264,309.66266,309.16266,307.66266,307.06265,308.16266,308.06265,306.96265,306.96265,306.36264,305.86264,304.06265,301.66266,298.86264,298.36264,299.26263,298.26263,296.96265,295.66266,295.46265,295.16266,294.06265,294.06265,294.46265,296.96265,298.06265,297.06265,295.56265,292.96265,289.46265,285.96265,283.66266,283.26263,282.46265
310.66266,310.76263,310.26263,309.66266,309.56265,309.66266,309.86264,309.66266,308.26263,306.86264,306.16266,305.86264,306.56265,304.86264,305.36264,305.46265,303.76263,303.16266,303.76263,300.76263,299.96265,298.86264,297.06265,296.76263,294.36264,294.66266,292.76263,295.06265,295.36264,296.76263,297.16266,297.46265,295.96265,294.76263,294.16266,291.76263,286.26263,283.66266,287.06265,284.76263,283.36264
308.46265,310.16266,310.46265,309.16266,307.66266,306.96265,306.56265,306.66266,306.76263,304.96265,300.56265,302.96265,304.16266,303.06265,302.26263,302.96265,302.46265,301.26263,299.36264,298.46265,295.96265,293.46265,292.56265,295.36264,291.36264,292.66266,291.16266,291.66266,292.66266,292.46265,292.46265,294.56265,294.76263,292.96265,292.46265,292.16266,291.46265,291.66266,289.86264,288.36264,287.96265
303.66266,307.26263,307.46265,308.06265,305.96265,304.56265,302.06265,300.56265,298.26263,300.06265,296.36264,293.46265,298.06265,297.66266,293.06265,292.26263,290.96265,290.86264,294.16266,293.06265,291.36264,290.66266,290.36264,289.56265,288.86264,289.96265,289.46265,288.26263,289.36264,289.46265,288.96265,289.76263,289.76263,291.06265,291.26263,290.16266,289.66266,290.66266,288.86264,288.06265,287.06265
305.86264,305.76263,297.26263,304.96265,302.46265,302.96265,297.36264,299.06265,293.36264,291.16266,287.46265,285.66266,287.76263,287.16266,285.36264,286.16266,286.56265,286.36264,286.66266,287.06265,289.46265,288.16266,286.56265,285.06265,284.96265,284.96265,284.26263,284.46265,283.96265,284.46265,285.46265,286.56265,287.66266,285.56265,286.56265,286.86264,288.06265,288.56265,287.26263,285.96265,287.06265
300.46265,303.06265,291.76263,297.26263,291.56265,289.16266,290.36264,285.66266,285.06265,285.16266,284.16266,283.56265,282.46265,283.46265,284.76263,287.36264,288.46265,288.66266,290.66266,290.66266,289.76263,288.26263,286.36264,285.56265,284.96265,283.86264,283.36264,283.26263,283.36264,283.36264,283.46265,284.26263,285.46265,284.56265,285.26263,286.16266,286.76263,284.36264,284.86264,285.26263,284.76263
