wind.json
{"header": {"discipline":0,"disciplineName":"Meteorological products","gribEdition":2,"gribLength":1125,"center":7,"centerName":"US National Weather Service - NCEP(WMC)","subcenter":0,"refTime":"2023-06-29T18:00:00.000Z","significanceOfRT":1,"significanceOfRTName":"Start of forecast","productStatus":0,"productStatusName":"Operational products","productType":1,"productTypeName":"Forecast products","productDefinitionTemplate":0,"productDefinitionTemplateName":"Analysis/forecast at horizontal level/layer at a point in time","parameterCategory":2,"parameterCategoryName":"UnknownDiscipline_0_Category_2","parameterNumber":2,"parameterNumberName":"UnknownParameter_D0_C2_2","parameterUnit":"Unknown","genProcessType":2,"genProcessTypeName":"Forecast","forecastTime":300,"surface1Type":103,"surface1TypeName":"Specified height level above ground","surface1Value":10.0,"surface2Type":255,"surface2TypeName":"Missing","surface2Value":0.0,"gridDefinitionTemplate":0,"gridDefinitionTemplateName":"Latitude_Longitude","numberPoints":688,"shape":6,"shapeName":"Earth spherical with radius of 6,371,229.0 m","gridUnits":"degrees","resolution":48,"winds":"true","scanMode":64,"nx":43,"ny":16,"basicAngle":0,"lo1":45.0,"la1":40.0,"lo2":87.0,"la2":55.0,"dx":1.0,"dy":1.0}, "data":
[rows 0 to 15 of 16, columns 0 to 42 of 43]
-2.6180983,-2.828098,-1.4080981,-0.53809816,-0.36809814,-0.45809814,0.9919019,0.53190184,-0.38809815,2.731902,4.9219017,6.6519017,11.251902,10.221902,1.1019019,3.671902,1.5419018,1.0919019,1.7119019,3.8519018,2.961902,1.3619019,3.7619019,1.9419018,-0.5080981,-2.6480982,0.23190185,0.43190184,-0.32809815,2.451902,0.5519019,-1.1080981,-1.6680981,0.33190185,-0.13809815,1.4619019,-0.58809817,1.1219019,0.77190185,1.9519019,-0.34809816,-0.028098144,-0.20809814
-2.2080982,-5.458098,-3.348098,0.15190186,-0.8280981,3.2619019,0.24190186,1.7119019,3.2719018,4.031902,4.591902,5.5019016,6.521902,4.811902,-0.25809816,4.741902,11.191902,4.791902,0.18190186,1.5419018,0.29190186,0.30190185,0.63190186,0.9819019,3.461902,1.9819019,-1.1880982,0.91190183,3.3519018,2.941902,1.3519019,1.8119018,4.761902,1.6119019,0.35190186,-0.73809814,-0.55809814,0.8619019,-0.18809815,3.1119018,0.48190185,1.5619018,-0.14809814
-0.62809813,0.87190187,-1.0480981,-0.5780981,3.3819017,6.021902,3.2819018,3.3019018,1.1419019,-0.5180981,-3.7280982,-4.1180983,-3.2480981,-3.298098,-0.96809816,-0.18809815,1.0219018,1.4419018,4.141902,7.091902,7.101902,4.6319017,4.7319016,3.0919018,4.591902,4.9019017,2.3619018,-0.008098144,0.42190185,1.7819018,3.2819018,3.4919019,1.8919019,3.0619018,-0.42809814,-0.5680981,-0.40809813,0.72190183,0.81190187,-2.038098,1.7419019,-2.2180982,-1.1280981
1.0819019,1.0519018,1.5619018,5.4419017,2.231902,5.4619017,4.391902,3.4919019,2.8519018,1.8119018,1.3219018,-0.088098146,-0.34809816,1.5819019,2.8819017,2.961902,4.811902,5.6319017,5.311902,6.951902,7.9019017,6.2119017,4.811902,5.701902,5.4819016,7.9419017,9.431902,4.741902,6.641902,3.941902,2.401902,1.1119019,2.3619018,-0.11809815,1.6219019,1.4319018,0.7419019,1.6019019,1.2619019,0.40190184,3.5419018,3.7519019,1.4319018
-0.77809817,0.14190185,1.5719018,2.0219018,1.0819019,1.3319019,0.7919018,2.8819017,2.2819018,3.0319018,2.7619019,2.8519018,2.411902,2.8119018,0.6019018,0.46190184,3.661902,6.9019017,9.361902,8.731902,9.581902,7.801902,7.701902,9.751902,9.211902,8.421902,8.721902,8.061902,4.7519016,5.301902,6.801902,3.931902,-1.1280981,0.66190183,0.031901855,1.0119019,1.4819019,2.681902,2.0519018,0.76190186,-1.7380981,-0.83809817,-1.1180981
-0.29809815,1.1719018,1.9419018,1.1019019,0.35190186,-1.6580981,-1.0280981,-0.23809814,0.87190187,2.231902,3.2919018,4.261902,3.8219018,4.4219017,0.94190186,1.5919019,3.7819018,4.141902,4.541902,6.851902,8.051902,6.291902,6.411902,9.551902,10.851902,10.551902,6.931902,7.031902,6.721902,6.851902,6.1519017,2.7419019,2.7619019,5.6319017,3.0319018,0.9819019,-3.278098,0.97190183,2.5619018,4.801902,3.931902,3.201902,0.49190184
-1.1280981,-0.8980982,-0.59809816,0.22190185,-2.068098,-0.45809814,0.16190186,0.71190184,3.3019018,1.5919019,1.8119018,2.6119018,4.831902,5.9819016,3.0519018,3.201902,3.221902,4.871902,4.261902,3.701902,3.481902,5.9019017,7.121902,5.1519017,3.9919019,6.1319017,9.161901,9.931902,7.551902,0.37190187,9.031902,4.2319016,4.551902,7.271902,5.9019017,5.761902,4.591902,5.1519017,5.1519017,4.331902,6.051902,1.6619018,1.3519019
0.41190186,0.66190183,0.40190184,0.87190187,1.5219018,0.7419019,1.2919018,1.9119018,1.8019018,2.231902,2.201902,2.151902,2.691902,3.971902,2.961902,3.171902,2.151902,2.6319017,3.3619018,4.081902,5.391902,5.601902,4.6919017,2.721902,3.7819018,4.011902,4.641902,5.891902,2.411902,1.7019019,1.4219018,4.491902,4.9219017,4.291902,3.981902,2.8719018,0.24190186,4.951902,2.2419019,0.51190186,4.6519017,2.2719018,-4.028098
2.3219018,3.3219018,3.191902,3.461902,3.7619019,3.0319018,2.7919018,2.461902,2.921902,2.6219018,4.4819016,3.651902,3.0719018,2.901902,2.671902,3.951902,2.681902,4.591902,5.121902,4.221902,4.491902,4.2519016,6.141902,5.451902,3.8219018,5.291902,6.511902,5.491902,0.39190185,7.6919017,10.521902,4.7119017,5.601902,6.6519017,4.471902,5.1319017,5.591902,8.771902,-0.9580982,0.41190186,4.121902,2.5519018,3.8619018
5.121902,5.1719017,5.141902,5.141902,4.341902,4.4619017,3.701902,2.911902,2.8119018,3.3219018,2.2619019,3.2819018,2.401902,3.981902,3.8019018,2.0119019,3.3119018,3.3319018,4.541902,4.201902,4.271902,3.5319018,4.1519017,6.741902,5.271902,5.4619017,5.0019016,4.221902,5.971902,5.9019017,3.471902,11.651902,5.9819016,6.561902,7.4619017,2.5419018,5.891902,2.5019019,1.2919018,3.161902,1.5019019,0.27190185,2.961902
3.8219018,3.3719018,4.341902,6.021902,5.2319016,3.721902,2.7519019,2.711902,2.3219018,1.6419019,1.7219019,2.431902,3.8819017,3.3219018,2.8519018,3.5019019,4.9019017,4.571902,2.661902,4.071902,3.451902,3.691902,3.7919018,5.331902,3.891902,4.5019016,4.491902,5.041902,4.3819017,5.7119017,7.051902,8.801902,6.141902,5.531902,5.341902,5.9019017,4.3619018,2.451902,-2.3880982,-0.54809815,2.8019018,2.211902,1.5019019
2.5719018,2.3119018,3.661902,3.981902,5.121902,4.3819017,3.5919018,-2.6380982,5.431902,3.151902,3.3419018,3.0719018,4.1119018,1.8119018,3.0219018,3.471902,3.671902,3.971902,4.541902,5.2319016,3.461902,3.941902,2.951902,4.9219017,4.161902,2.891902,5.271902,3.7419019,4.571902,3.7519019,5.791902,3.471902,2.681902,1.6619018,4.9619017,3.231902,3.3519018,1.2319019,0.66190183,1.5919019,-0.37809813,1.2019019,2.5519018
3.1119018,3.3219018,2.6219018,1.8019018,3.0919018,3.691902,1.8819019,-1.1680981,3.891902,1.1719018,1.6919018,1.8119018,1.1919018,-0.12809815,1.2819018,2.671902,1.6219019,4.051902,4.781902,4.801902,4.271902,4.121902,4.2319016,4.391902,4.891902,5.891902,4.571902,2.8819017,1.7819018,1.6319019,2.5319018,2.1019018,1.8519019,2.0619018,3.7819018,2.5219018,-0.42809814,-0.92809814,0.9819019,2.711902,2.1019018,1.4019018,0.0119018555
2.651902,3.3419018,3.0219018,1.5319018,2.461902,-0.71809816,-0.12809815,1.4319018,2.3019018,3.0119019,3.1319017,1.4419018,1.8119018,2.5019019,1.9119018,1.5619018,1.3319019,3.8219018,4.1519017,4.061902,4.271902,4.791902,4.451902,4.6919017,3.9919019,4.241902,3.0219018,3.931902,2.151902,1.1319019,1.4619019,0.78190184,-0.42809814,-1.4680982,-2.768098,-2.1980982,-4.068098,-3.2180982,-2.2280982,-0.52809817,-0.29809815,-1.5780982,-0.27809814
2.411902,2.2619019,3.721902,0.71190184,1.0419018,-0.5080981,1.4219018,1.5719018,1.7519019,1.5219018,1.4419018,1.1019019,1.6419019,2.2719018,1.5019019,0.45190185,1.1719018,2.951902,3.5119019,3.5519018,3.7819018,4.621902,4.101902,4.041902,3.151902,4.061902,4.2119017,4.721902,2.3419018,2.3319018,2.651902,1.6719018,-0.78809816,-1.0280981,-0.28809816,-2.538098,-3.9080982,-3.1680982,-1.0180981,-1.0480981,-1.0680982,-1.1880982,-1.4780982
2.2419019,2.481902,1.9919019,1.0019019,1.8519019,2.3319018,2.3319018,1.7719018,2.5019019,2.8319018,0.76190186,0.41190186,0.59190184,-0.058098145,1.2419019,0.041901857,0.42190185,2.0919018,2.391902,2.191902,1.3919019,0.9219019,-0.62809813,0.88190186,0.75190187,1.1419019,0.84190184,1.8619019,1.8919019,2.3219018,3.5119019,3.0919018,-0.5180981,-1.3480982,-2.268098,-2.2580981,-4.278098,-3.7180982,-2.608098,-0.7680981,-2.4080982,-3.018098,-1.4980981
