wind.json
{"header": {"discipline":0,"disciplineName":"Meteorological products","gribEdition":2,"gribLength":953,"center":7,"centerName":"US National Weather Service - NCEP(WMC)","subcenter":0,"refTime":"2023-06-29T12:00:00.000Z","significanceOfRT":1,"significanceOfRTName":"Start of forecast","productStatus":0,"productStatusName":"Operational products","productType":1,"productTypeName":"Forecast products","productDefinitionTemplate":0,"productDefinitionTemplateName":"Analysis/forecast at horizontal level/layer at a point in time","parameterCategory":0,"parameterCategoryName":"UnknownDiscipline_0_Category_0","parameterNumber":0,"parameterNumberName":"UnknownParameter_D0_C0_0","parameterUnit":"Unknown","genProcessType":2,"genProcessTypeName":"Forecast","forecastTime":180,"surface1Type":1,"surface1TypeName":"Ground or water surface","surface1Value":0.0,"surface2Type":255,"surface2TypeName":"Missing","surface2Value":0.0,"gridDefinitionTemplate":0,"gridDefinitionTemplateName":"Latitude_Longitude","numberPoints":688,"shape":6,"shapeName":"Earth spherical with radius of 6,371,229.0 m","gridUnits":"degrees","resolution":48,"winds":"true","scanMode":64,"nx":43,"ny":16,"basicAngle":0,"lo1":45.0,"la1":40.0,"lo2":87.0,"la2":55.0,"dx":1.0,"dy":1.0}, "data":
[rows 0 to 15 of 16, columns 0 to 42 of 43]
283.1057,279.0057,294.1057,296.1057,296.0057,297.30573,296.70572,295.30573,299.80573,299.9057,303.30573,299.6057,300.6057,297.70572,296.20572,297.70572,298.0057,298.80573,297.1057,297.20572,295.1057,294.30573,291.9057,294.5057,289.4057,287.5057,288.1057,280.20572,276.0057,276.5057,279.4057,292.4057,295.0057,295.6057,296.6057,295.30573,297.80573,298.4057,299.1057,298.5057,297.9057,298.30573,299.30573
287.5057,295.6057,295.6057,288.0057,291.20572,296.6057,296.4057,295.1057,298.4057,302.30573,302.0057,299.4057,298.30573,299.0057,299.20572,298.80573,298.4057,296.30573,296.80573,297.4057,295.0057,296.6057,296.5057,291.80573,291.4057,289.20572,292.5057,292.80573,289.1057,276.4057,277.30573,276.70572,278.6057,280.6057,288.5057,294.5057,296.9057,296.9057,298.9057,299.20572,299.5057,299.80573,299.9057
287.9057,285.4057,275.9057,292.0057,296.4057,296.4057,296.4057,294.30573,304.0057,300.1057,298.1057,298.70572,298.4057,297.6057,297.70572,296.9057,299.20572,296.9057,296.9057,294.4057,293.80573,293.9057,294.20572,295.5057,292.0057,284.30573,275.20572,278.1057,285.9057,278.30573,278.9057,273.4057,278.9057,273.0057,281.0057,259.5057,276.0057,291.0057,291.4057,296.70572,299.70572,291.20572,283.6057
289.1057,291.9057,292.80573,297.1057,296.9057,296.70572,295.80573,300.6057,300.4057,298.5057,296.5057,297.5057,296.9057,296.6057,297.0057,298.4057,298.70572,297.1057,295.5057,294.6057,293.70572,295.9057,294.4057,293.6057,292.9057,287.20572,290.6057,290.4057,289.30573,288.20572,288.0057,281.20572,273.5057,275.4057,281.80573,281.4057,282.1057,284.1057,278.0057,279.9057,282.4057,279.70572,276.5057
294.70572,296.0057,293.5057,297.30573,297.6057,297.0057,297.4057,299.5057,298.20572,298.4057,300.20572,297.4057,297.20572,296.4057,295.0057,294.30573,297.5057,297.9057,298.5057,294.4057,294.70572,296.30573,294.70572,289.4057,294.9057,294.30573,294.20572,294.20572,294.4057,292.70572,292.1057,292.70572,292.30573,290.9057,295.80573,294.0057,292.80573,290.20572,279.6057,277.5057,283.70572,294.6057,298.5057
294.6057,297.30573,296.4057,298.1057,298.0057,298.6057,298.80573,300.0057,301.30573,300.4057,300.9057,299.30573,298.6057,296.30573,295.5057,294.9057,291.9057,298.4057,298.20572,296.30573,294.1057,296.30573,296.0057,296.6057,295.70572,294.0057,295.70572,295.5057,294.70572,293.9057,296.30573,294.80573,296.4057,292.80573,282.6057,275.1057,285.20572,294.6057,296.30573,301.70572,301.1057,300.30573,300.4057
296.1057,298.6057,297.30573,296.30573,298.80573,297.9057,297.9057,297.20572,300.0057,301.30573,299.6057,299.20572,299.70572,298.4057,294.4057,294.20572,295.0057,298.1057,297.4057,297.1057,297.6057,296.70572,296.4057,296.70572,295.80573,295.5057,295.6057,294.9057,295.70572,290.70572,296.4057,297.30573,295.70572,295.6057,294.0057,291.9057,292.30573,292.6057,288.70572,289.70572,298.80573,300.4057,299.30573
296.70572,297.0057,296.6057,297.70572,299.9057,300.5057,298.80573,299.30573,301.0057,299.9057,299.1057,299.30573,298.4057,297.5057,297.20572,296.30573,295.9057,296.6057,297.30573,297.80573,296.30573,297.0057,297.0057,296.20572,297.30573,296.0057,295.4057,295.70572,295.1057,295.70572,296.0057,295.30573,295.1057,295.6057,295.20572,294.0057,294.0057,292.70572,289.5057,286.9057,284.9057,283.70572,294.30573
295.5057,295.0057,296.80573,296.1057,298.0057,298.5057,299.6057,300.30573,301.80573,298.30573,296.6057,297.1057,295.6057,295.20572,295.1057,296.4057,296.4057,295.5057,296.1057,297.0057,298.5057,295.4057,294.20572,294.5057,294.0057,294.4057,295.4057,291.80573,290.9057,292.4057,290.5057,292.0057,291.4057,291.80573,291.4057,290.4057,287.9057,290.9057,293.70572,288.20572,293.4057,293.20572,291.70572
291.30573,295.70572,295.20572,295.30573,295.9057,295.5057,298.80573,298.20572,297.5057,297.20572,295.4057,294.1057,293.0057,293.0057,292.9057,294.0057,294.5057,295.4057,294.0057,295.0057,294.9057,294.20572,292.0057,291.5057,292.4057,292.80573,290.9057,291.6057,288.70572,288.20572,287.1057,287.4057,288.4057,288.9057,290.4057,291.9057,289.6057,288.70572,290.9057,290.6057,284.1057,282.80573,282.5057
292.6057,292.9057,293.20572,293.80573,294.80573,294.70572,295.6057,296.0057,296.0057,294.9057,293.4057,292.1057,291.0057,291.0057,291.20572,292.5057,292.70572,293.1057,293.6057,293.20572,293.6057,293.9057,291.9057,291.6057,292.80573,292.6057,292.20572,291.5057,291.20572,290.9057,290.1057,290.0057,290.30573,292.1057,293.20572,293.5057,292.5057,290.30573,288.5057,286.0057,282.80573,282.70572,281.5057
291.4057,290.6057,292.1057,291.70572,292.6057,293.5057,293.0057,294.0057,293.6057,292.80573,291.80573,290.5057,288.70572,287.70572,290.70572,290.1057,291.1057,291.70572,291.9057,292.20572,292.80573,291.30573,291.1057,291.0057,290.4057,290.70572,290.6057,290.9057,289.70572,291.5057,292.70572,293.70572,294.1057,294.5057,293.5057,293.1057,291.30573,292.4057,287.30573,283.70572,283.6057,284.1057,283.6057
289.9057,289.0057,290.1057,290.4057,290.20572,291.5057,292.0057,291.6057,291.0057,290.0057,289.5057,289.9057,287.20572,287.30573,289.0057,288.70572,288.9057,289.80573,289.80573,290.70572,291.20572,290.70572,289.9057,289.80573,289.70572,289.5057,290.0057,291.4057,292.0057,292.4057,293.30573,293.80573,293.1057,293.80573,293.9057,292.9057,292.4057,292.20572,290.5057,290.80573,290.30573,289.4057,287.70572
288.80573,288.6057,289.5057,288.20572,289.20572,288.6057,289.80573,290.4057,289.1057,288.0057,288.80573,287.1057,286.1057,285.30573,287.4057,287.6057,288.4057,288.80573,289.30573,288.80573,289.80573,289.6057,289.5057,289.6057,289.20572,290.4057,292.80573,292.9057,294.80573,293.9057,293.20572,292.6057,293.0057,293.20572,292.80573,292.80573,292.30573,291.9057,292.4057,292.0057,290.80573,291.30573,290.6057
289.80573,289.4057,287.70572,289.30573,290.5057,290.4057,289.20572,287.9057,286.80573,287.30573,285.9057,286.0057,286.5057,285.5057,286.4057,286.70572,287.9057,288.4057,288.5057,289.0057,288.9057,288.70572,289.30573,289.80573,291.1057,290.9057,291.9057,292.5057,292.6057,292.6057,292.20572,291.80573,292.5057,292.1057,291.30573,292.1057,292.5057,292.20572,291.6057,292.6057,292.6057,291.0057,290.6057
289.20572,289.5057,289.4057,290.4057,291.0057,289.6057,289.9057,289.4057,288.70572,286.4057,286.4057,286.4057,287.6057,283.9057,285.80573,286.9057,287.4057,288.5057,288.6057,288.9057,288.70572,288.6057,288.80573,289.30573,292.0057,290.0057,289.9057,290.5057,290.0057,291.4057,291.1057,291.5057,291.1057,288.4057,291.5057,291.4057,290.80573,291.0057,292.20572,291.5057,292.70572,292.1057,292.9057
