wind_kz.json
{"header": {"discipline":0,"disciplineName":"Meteorological products","gribEdition":2,"gribLength":948,"center":7,"centerName":"US National Weather Service - NCEP(WMC)","subcenter":0,"refTime":"2023-09-20T18:00:00.000Z","significanceOfRT":1,"significanceOfRTName":"Start of forecast","productStatus":0,"productStatusName":"Operational products","productType":1,"productTypeName":"Forecast products","productDefinitionTemplate":0,"productDefinitionTemplateName":"Analysis/forecast at horizontal level/layer at a point in time","parameterCategory":0,"parameterCategoryName":"UnknownDiscipline_0_Category_0","parameterNumber":0,"parameterNumberName":"UnknownParameter_D0_C0_0","parameterUnit":"Unknown","genProcessType":2,"genProcessTypeName":"Forecast","forecastTime":300,"surface1Type":1,"surface1TypeName":"Ground or water surface","surface1Value":0.0,"surface2Type":255,"surface2TypeName":"Missing","surface2Value":0.0,"gridDefinitionTemplate":0,"gridDefinitionTemplateName":"Latitude_Longitude","numberPoints":615,"shape":6,"shapeName":"Earth spherical with radius of 6,371,229.0 m","gridUnits":"degrees","resolution":48,"winds":"true","scanMode":64,"nx":41,"ny":15,"basicAngle":0,"lo1":47.0,"la1":41.0,"lo2":87.0,"la2":55.0,"dx":1.0,"dy":1.0}, "data":
[rows 0 to 14 of 15, columns 0 to 40 of 41]
302.21957,294.71957,300.71957,293.31958,293.81958,293.5196,305.71957,312.31958,309.5196,307.61957,307.9196,308.61957,308.0196,308.11957,308.31958,312.21957,312.4196,311.71957,317.0196,313.0196,315.4196,313.4196,311.9196,310.5196,310.9196,313.5196,309.11957,297.21957,294.81958,292.9196,290.61957,280.61957,299.61957,308.31958,310.21957,308.61957,311.71957,312.0196,310.11957,314.0196,314.21957
282.9196,300.21957,292.9196,293.0196,293.31958,292.0196,311.21957,310.31958,306.21957,305.71957,307.11957,306.31958,307.9196,307.81958,311.4196,312.61957,313.9196,315.5196,315.81958,316.11957,317.5196,312.81958,311.21957,301.81958,289.5196,291.61957,300.0196,297.11957,297.0196,287.4196,295.81958,283.4196,294.31958,266.5196,287.5196,301.31958,304.11957,306.9196,310.11957,303.11957,284.5196
299.11957,291.9196,293.0196,292.81958,291.0196,305.11957,305.11957,303.61957,302.5196,302.61957,304.11957,305.0196,308.0196,307.5196,306.31958,310.4196,311.5196,312.81958,313.4196,314.9196,318.0196,316.31958,317.4196,306.71957,312.71957,308.5196,308.0196,307.9196,307.21957,298.21957,283.61957,291.4196,298.71957,299.71957,298.61957,296.21957,292.61957,291.71957,295.5196,288.5196,279.71957
297.21957,291.71957,293.11957,292.21957,294.4196,302.4196,299.61957,303.21957,302.21957,301.5196,300.9196,301.5196,290.61957,290.11957,304.61957,308.81958,306.61957,310.21957,311.21957,313.71957,311.9196,309.0196,311.21957,310.81958,310.61957,309.11957,310.31958,307.5196,304.61957,306.71957,311.81958,310.11957,309.0196,313.11957,311.0196,305.71957,291.5196,284.5196,294.81958,303.5196,305.71957
298.5196,291.11957,291.9196,290.81958,292.5196,301.31958,296.0196,298.0196,299.5196,299.71957,301.21957,299.4196,289.31958,288.4196,287.0196,306.31958,307.21957,305.81958,307.71957,306.0196,308.71957,309.4196,311.11957,311.0196,308.9196,308.5196,309.21957,301.81958,312.5196,309.9196,307.5196,308.9196,295.71957,287.21957,298.21957,304.71957,302.31958,311.21957,310.5196,308.31958,305.0196
298.11957,300.61957,289.81958,289.81958,290.4196,289.81958,298.11957,296.81958,297.31958,297.31958,297.4196,298.5196,291.0196,289.11957,297.61957,304.5196,301.71957,305.5196,302.11957,305.71957,307.81958,306.4196,306.61957,307.81958,307.71957,308.5196,309.9196,287.0196,305.11957,304.81958,306.61957,305.81958,308.11957,309.81958,304.5196,301.31958,298.21957,299.71957,309.4196,308.81958,305.21957
299.81958,301.4196,298.61957,300.5196,298.0196,300.9196,299.11957,298.5196,299.5196,299.31958,300.81958,299.11957,300.71957,301.5196,302.81958,301.61957,303.4196,302.4196,303.71957,304.9196,305.61957,305.71957,306.0196,304.61957,302.9196,301.4196,305.31958,306.21957,305.4196,306.9196,307.21957,306.71957,305.4196,305.21957,304.11957,301.11957,298.0196,296.81958,293.21957,290.71957,298.61957
299.21957,298.31958,298.81958,297.0196,298.4196,295.71957,298.21957,299.5196,298.4196,297.31958,297.9196,297.11957,298.11957,299.21957,300.61957,301.0196,300.81958,302.21957,303.0196,302.9196,302.31958,304.0196,304.21957,302.9196,302.0196,300.21957,298.31958,299.11957,299.31958,301.21957,301.0196,301.9196,301.4196,299.71957,298.81958,303.5196,303.4196,286.31958,301.0196,300.71957,299.81958
298.9196,298.21957,297.5196,296.31958,295.61957,296.71957,298.31958,298.11957,298.71957,298.81958,298.4196,299.4196,298.71957,300.0196,299.71957,300.31958,299.81958,300.71957,299.21957,299.21957,298.11957,299.21957,300.9196,301.31958,300.31958,300.0196,298.0196,297.61957,296.81958,294.4196,295.31958,297.4196,299.71957,299.71957,300.11957,295.81958,295.9196,295.81958,279.21957,283.0196,277.71957
297.0196,292.31958,295.61957,296.0196,296.11957,297.0196,298.81958,298.61957,299.61957,300.0196,299.21957,298.4196,297.71957,297.71957,298.71957,297.31958,296.21957,297.81958,298.61957,298.31958,296.61957,296.9196,298.11957,299.61957,299.9196,298.71957,299.0196,298.11957,296.61957,296.31958,295.5196,297.0196,296.5196,297.31958,296.4196,295.11957,290.81958,288.71957,288.5196,285.81958,282.5196
296.0196,293.5196,293.31958,294.4196,295.0196,294.81958,295.31958,296.81958,298.31958,295.71957,295.71957,294.11957,294.11957,293.81958,293.71957,292.11957,287.21957,288.5196,294.4196,293.61957,293.71957,293.71957,291.31958,289.0196,284.0196,283.61957,282.81958,284.81958,290.81958,288.21957,289.61957,293.61957,293.31958,294.4196,295.31958,292.5196,286.0196,285.5196,287.9196,285.21957,282.61957
289.31958,290.5196,289.4196,288.71957,288.4196,287.21957,291.71957,288.31958,292.21957,293.5196,291.61957,289.61957,288.9196,283.81958,283.81958,288.81958,283.81958,284.21957,282.21957,289.4196,289.81958,288.21957,285.5196,285.31958,282.0196,283.4196,282.21957,283.11957,284.9196,286.11957,287.71957,287.21957,289.0196,289.71957,288.9196,289.4196,286.61957,292.21957,288.31958,289.81958,289.11957
291.11957,289.61957,287.4196,288.0196,291.0196,286.5196,290.21957,290.21957,290.4196,287.11957,288.81958,284.9196,283.5196,284.4196,282.81958,280.5196,280.21957,283.81958,284.5196,285.21957,281.9196,281.0196,279.81958,279.9196,280.31958,281.21957,282.81958,282.61957,282.31958,282.31958,282.31958,284.21957,285.21957,287.0196,287.21957,287.81958,288.9196,286.71957,282.9196,282.0196,282.4196
286.71957,286.0196,287.4196,288.61957,286.0196,285.0196,283.81958,285.61957,285.9196,284.21957,287.71957,280.21957,276.71957,276.81958,277.21957,278.11957,283.11957,283.81958,284.9196,285.0196,284.61957,283.71957,283.71957,283.81958,284.71957,283.11957,284.21957,284.0196,281.61957,283.11957,282.81958,279.61957,279.81958,278.31958,279.71957,281.71957,281.21957,280.31958,281.71957,280.61957,281.71957
285.11957,286.61957,285.61957,282.81958,285.4196,284.21957,283.81958,283.61957,283.4196,283.71957,283.0196,282.31958,276.4196,275.4196,278.21957,282.21957,283.5196,283.9196,284.71957,284.21957,284.9196,284.21957,283.5196,282.9196,282.9196,282.81958,283.0196,282.4196,282.4196,282.21957,282.0196,282.21957,280.9196,278.4196,277.31958,277.4196,277.71957,277.0196,277.4196,278.0196,277.5196
