wind_kz.json
{"header": {"discipline":0,"disciplineName":"Meteorological products","gribEdition":2,"gribLength":1025,"center":7,"centerName":"US National Weather Service - NCEP(WMC)","subcenter":0,"refTime":"2023-09-22T12:00:00.000Z","significanceOfRT":1,"significanceOfRTName":"Start of forecast","productStatus":0,"productStatusName":"Operational products","productType":1,"productTypeName":"Forecast products","productDefinitionTemplate":0,"productDefinitionTemplateName":"Analysis/forecast at horizontal level/layer at a point in time","parameterCategory":2,"parameterCategoryName":"UnknownDiscipline_0_Category_2","parameterNumber":2,"parameterNumberName":"UnknownParameter_D0_C2_2","parameterUnit":"Unknown","genProcessType":2,"genProcessTypeName":"Forecast","forecastTime":300,"surface1Type":103,"surface1TypeName":"Specified height level above ground","surface1Value":10.0,"surface2Type":255,"surface2TypeName":"Missing","surface2Value":0.0,"gridDefinitionTemplate":0,"gridDefinitionTemplateName":"Latitude_Longitude","numberPoints":615,"shape":6,"shapeName":"Earth spherical with radius of 6,371,229.0 m","gridUnits":"degrees","resolution":48,"winds":"true","scanMode":64,"nx":41,"ny":15,"basicAngle":0,"lo1":47.0,"la1":41.0,"lo2":87.0,"la2":55.0,"dx":1.0,"dy":1.0}, "data":
[rows 0 to 14 of 15, columns 0 to 40 of 41]
-1.1166894,-0.55668944,3.1333106,5.1733108,-1.6366894,-7.2166896,-4.846689,-5.3366895,-7.4066896,-3.9266894,-2.0666895,-3.3866894,-4.1266894,-3.8466895,-2.8866894,-2.4866896,-1.6066895,-1.3566895,-2.5966895,-1.8766894,-1.5266894,-0.31668946,-0.5766895,-2.3266895,0.39331055,-1.4466895,-2.9166894,-0.54668945,1.2533106,0.17331055,0.78331053,1.3733106,0.56331056,-0.66668946,-2.2666895,-1.8166895,-2.2166893,-2.1666894,-0.86668944,0.19331054,-3.5366895
-0.28668946,1.5133106,3.2933106,-2.0766895,-3.6766894,-3.3466895,-4.0266895,-6.7166896,-4.3766894,-4.2766895,-2.8166895,-4.3966894,-3.6966894,-2.4766893,-2.1166894,-1.9766895,0.30331054,-0.8266895,-0.13668945,-1.0166894,-0.87668943,-1.7566894,-0.73668945,-3.6066895,-0.39668944,1.4133105,-0.56668943,0.36331055,-0.46668947,-0.8366895,0.43331054,-0.11668945,1.3233105,-3.3666894,0.07331055,-0.23668945,-0.7666895,-0.056689452,-0.33668944,0.48331055,-3.2266893
0.65331054,1.0133106,-2.4866896,-4.6366897,-3.1566894,-4.3266892,-4.7866893,-3.0466895,-5.0166893,-3.8766894,-3.2966895,-4.0866895,-3.6066895,-3.1366894,-2.7366896,-2.1866894,-2.2266893,0.09331055,0.28331053,2.0833106,-0.11668945,-1.8366895,-2.1066895,-1.4566895,-0.53668946,-0.61668944,-1.3966894,-2.3966894,-1.5066894,-0.56668943,-1.8566895,2.4233105,-0.16668946,-0.56668943,0.37331054,-0.74668944,-0.07668945,0.13331054,-1.0166894,1.0733105,2.1333106
-1.2366894,-3.8666894,-1.7566894,-2.1266894,-3.1366894,-3.7066894,-1.9166894,-5.2466893,-3.7766895,-3.5266895,-3.9666893,-3.8066895,-3.9166894,-3.6166894,-2.6666894,-2.0766895,-2.0966895,-1.8566895,-2.1466894,-1.6266894,-1.3166895,-1.0766895,-0.44668946,-2.7866895,-3.6066895,-3.7566895,-3.5866895,-5.5166893,-2.1566894,0.053310547,-0.5066894,-2.6966894,-2.7866895,-3.7866895,-2.9166894,-2.4266894,-2.0866895,2.2933106,1.7133106,0.30331054,-0.8366895
-1.3566895,-2.6366894,-2.8966894,-1.6666894,-3.3566895,-3.6766894,-0.81668943,-3.3766894,-3.2766895,-2.5366895,-4.0766892,-2.9066894,-4.2566895,-2.4066894,-2.4466894,-2.3466895,-2.8166895,-2.6866894,-3.0166895,-4.3166895,-4.3166895,-4.0666895,-4.4366894,-4.3766894,-5.4966893,-5.2966895,-6.3566895,-3.9566894,-3.5866895,-3.4666893,-3.2766895,-2.4466894,-1.9166894,0.48331055,-0.066689454,-1.1766895,-2.4666893,-3.5266895,-2.7566895,-3.1766894,-3.2766895
0.9233105,-0.61668944,-0.80668944,2.3233106,1.4633106,1.7033105,1.0333105,-1.2466894,-1.2466894,-1.8066895,-2.2566895,-2.6866894,-2.2266893,-2.2566895,-2.5966895,-1.6866895,-2.9166894,-3.7166893,-4.2366896,-3.0566895,-4.096689,-3.7966895,-4.2566895,-5.1166897,-5.2666893,-6.6266894,-4.0466895,-7.0066895,-4.1066895,-3.9566894,-3.5566895,-3.1366894,-3.3066895,-2.9466894,-1.1866895,-2.2666895,0.52331054,-2.1366894,-0.97668946,-3.8766894,-3.4366894
1.0333105,0.35331056,1.4633106,0.36331055,0.18331055,1.2633106,-1.5266894,-0.47668946,-0.12668945,0.7933105,1.1933105,0.45331055,-1.4866894,-1.8666894,-1.7366894,-2.0666895,-2.5266895,-2.8766894,-4.3766894,-4.2566895,-3.4466894,-4.0066895,-4.4366894,-4.4066896,-4.7966895,-4.4166894,-4.5766892,-3.8466895,-4.1266894,-4.0866895,-5.2266893,-5.9166894,-1.3666894,-1.8466895,-2.3066895,-1.7566894,-1.0066894,1.1033106,-1.0166894,1.2233106,-0.46668947
1.2133106,1.5333105,1.7633106,2.6933105,1.5433105,0.51331055,-0.81668943,-1.7166895,-1.1566894,-1.0666895,-1.2366894,-1.1466894,-0.9566895,-1.8066895,-1.4066894,-2.4766893,-2.8666894,-3.1566894,-3.2666895,-4.2266893,-2.8666894,-3.5766895,-3.0266895,-3.9966896,-3.8466895,-2.4666893,-3.6766894,-3.5766895,-3.2266893,-2.8066895,-4.2266893,-2.3966894,-4.0366893,-1.7766894,-2.3766894,-0.34668946,1.3733106,-1.5866895,-0.79668945,-0.8266895,-1.5666895
0.89331055,1.2733105,1.8433106,1.5333105,0.9933106,0.16331054,0.39331055,1.0833106,0.69331056,0.53331053,0.35331056,-0.19668946,-0.096689455,-0.27668944,-2.0166895,-2.1766894,-2.7266893,-2.7066894,-3.5466895,-3.5066895,-4.0066895,-3.3066895,-3.3166895,-3.6466894,-3.0966895,-2.9066894,-1.7666894,-2.1366894,-1.3866894,-1.8566895,-2.1766894,-1.6866895,-0.46668947,-1.0466895,-0.32668945,-0.07668945,-0.006689453,-1.8266895,-0.6366894,0.42331055,-1.5466895
1.6533105,2.4133105,1.8233105,1.2733105,1.6533105,1.3133105,1.0033106,0.57331055,0.37331054,1.2133106,0.9833105,0.8533105,1.2033105,0.44331056,-0.65668947,-1.6666894,-2.2366896,-2.6566894,-2.1366894,-2.6566894,-3.0266895,-2.7966895,-2.5966895,-3.0466895,-3.1966894,-2.9566894,-2.2566895,-1.3866894,-1.2666894,-1.0066894,-0.6366894,-0.066689454,-1.0166894,-1.3766894,-0.73668945,-0.8966895,-1.3766894,-0.18668945,-2.7066894,-0.65668947,-0.80668944
0.68331057,0.7933105,2.5633106,1.7733105,1.7733105,0.95331055,1.3633106,1.5033106,0.6133106,0.71331054,0.44331056,1.4133105,0.9133105,1.3533106,1.5433105,1.3133105,1.0033106,-0.036689453,-1.6066895,-1.2666894,-0.99668944,-0.99668944,-1.3066895,-1.5766895,-1.4266895,-1.0966895,-0.10668945,0.043310545,0.68331057,1.6933105,1.4233105,0.35331056,-0.006689453,-0.8366895,-1.3166895,-0.90668947,-1.2666894,-0.81668943,-0.93668944,0.68331057,-1.6366894
0.8533105,1.6333106,1.9133105,1.7333106,2.2733107,1.2133106,0.6033105,0.47331056,0.9233105,-0.16668946,-0.46668947,1.5033106,0.59331053,2.0033104,2.4433105,2.2133105,2.3733106,2.8333106,1.1433105,1.6633105,0.90331054,1.3633106,0.76331055,0.71331054,1.2333106,1.8033105,1.8033105,2.5533106,2.6333106,1.8733106,0.12331054,1.2833105,0.68331057,-0.7566894,-1.0666895,-1.6866895,-1.2566894,-0.77668947,-0.19668946,-0.78668946,-0.96668947
1.7733105,1.7133106,1.9433105,1.8933105,0.71331054,0.033310547,1.2433106,1.0833106,0.58331054,-0.40668947,-0.32668945,0.83331054,1.2633106,1.9133105,1.8333106,2.6733105,2.1833105,2.6833105,1.4333105,2.3033106,1.1733105,1.3933105,1.5833106,1.1433105,3.0033104,2.6433105,2.8033106,2.7233105,2.1533105,1.5833106,1.6533105,1.7033105,1.4533105,0.36331055,-0.23668945,-0.54668945,-1.3266895,-1.2866894,-2.1766894,-1.3766894,-1.1466894
2.5933106,2.0833106,2.0733106,1.7733105,1.1333106,1.0433105,1.1133106,1.3433106,1.3833106,-0.006689453,-0.53668946,-0.41668946,1.5333105,2.6133106,2.9033105,2.8233106,2.1933105,1.9933106,0.71331054,2.3633106,2.2833107,2.3333106,3.0833106,3.0933106,3.1433105,2.6233106,2.3433106,2.8233106,2.3233106,2.4333105,2.3833106,2.1433105,1.9033105,1.1833105,0.42331055,-0.026689453,-0.48668945,-0.26668945,-0.65668947,-0.54668945,-1.1466894
1.9933106,2.7333105,3.0533106,1.9933106,1.9333105,1.3833106,1.4833106,0.83331054,0.71331054,-0.5066894,-0.99668944,0.12331054,0.49331054,1.1533105,2.2833107,1.8433106,2.1133106,1.7733105,0.9833105,2.0433106,2.0533106,2.4033105,2.4033105,2.8833106,2.8933105,2.7933106,2.9933105,2.8433106,2.7333105,2.7833107,3.0333107,2.7733107,2.3433106,2.0033104,1.5933106,1.2833105,-0.16668946,0.9933106,-0.5866895,-0.17668945,-0.8866894
