wind_kz.json
{"header": {"discipline":0,"disciplineName":"Meteorological products","gribEdition":2,"gribLength":1025,"center":7,"centerName":"US National Weather Service - NCEP(WMC)","subcenter":0,"refTime":"2025-04-05T12:00:00.000Z","significanceOfRT":1,"significanceOfRTName":"Start of forecast","productStatus":0,"productStatusName":"Operational products","productType":1,"productTypeName":"Forecast products","productDefinitionTemplate":0,"productDefinitionTemplateName":"Analysis/forecast at horizontal level/layer at a point in time","parameterCategory":2,"parameterCategoryName":"UnknownDiscipline_0_Category_2","parameterNumber":2,"parameterNumberName":"UnknownParameter_D0_C2_2","parameterUnit":"Unknown","genProcessType":2,"genProcessTypeName":"Forecast","forecastTime":300,"surface1Type":103,"surface1TypeName":"Specified height level above ground","surface1Value":10.0,"surface2Type":255,"surface2TypeName":"Missing","surface2Value":0.0,"gridDefinitionTemplate":0,"gridDefinitionTemplateName":"Latitude_Longitude","numberPoints":615,"shape":6,"shapeName":"Earth spherical with radius of 6,371,229.0 m","gridUnits":"degrees","resolution":48,"winds":"true","scanMode":64,"nx":41,"ny":15,"basicAngle":0,"lo1":47.0,"la1":41.0,"lo2":87.0,"la2":55.0,"dx":1.0,"dy":1.0}, "data":
[rows 0 to 14 of 15, columns 0 to 40 of 41]
-1.6687915,1.6312085,0.2312085,2.5412085,1.5312085,1.6912085,3.0412085,2.4012084,-0.028791504,2.0312085,3.4512086,0.7812085,0.5712085,3.0212085,0.21120849,-0.9987915,-0.058791503,-0.5287915,-1.9587915,-1.8187915,-2.5987916,-0.6487915,-1.0687915,-2.7387915,-0.7487915,-1.9587915,-2.8987916,0.021208497,0.1312085,1.0612085,0.2612085,0.6312085,-0.20879151,0.3012085,-3.5587914,-1.9587915,-1.2587914,-1.4987915,-2.4487915,-0.118791506,-0.6787915
3.0012085,0.2912085,2.6112084,2.5712085,3.1312084,1.9812084,-0.4287915,-0.7087915,0.58120847,1.0512085,1.7312084,1.3112085,1.7112085,2.5512085,0.25120848,0.2312085,-1.0387915,-1.9487915,-1.8387915,-2.0887916,-0.6287915,-0.6387915,-0.49879152,-3.2387915,-0.6787915,1.1312085,-0.8687915,0.5012085,-0.5087915,0.25120848,0.2912085,-0.30879152,1.8512084,-2.7987914,-0.1887915,0.001208496,0.6312085,-0.088791505,-1.3487915,0.001208496,-3.9787915
0.3212085,2.8312085,3.5212085,4.6312084,3.3212085,2.7212086,-1.0687915,0.1312085,0.061208498,1.1612085,1.7212085,3.1812086,-2.0487914,-0.5787915,2.2812085,-1.9787915,-1.6387916,-1.8887916,-2.3187914,-2.8687916,-3.6587915,-3.4687915,-3.4287915,-2.0787916,0.3912085,-1.4787915,-2.4287915,-1.8187915,-1.6087915,-0.4787915,-1.6687915,1.9212085,-0.8387915,-1.7787915,-0.9887915,-0.9787915,-0.07879151,0.1912085,4.2312083,3.1612084,1.1212085
0.9412085,4.5312085,4.6612086,3.8912084,3.3912084,2.1812086,2.1312084,1.9512085,1.5312085,2.1012084,3.2212086,2.5012085,3.2612085,-0.4587915,0.7012085,0.1212085,-1.0587915,-2.7087915,-1.6887915,1.6312085,1.5612085,0.1112085,-3.1487916,-4.1387916,-3.7987914,-4.9887915,-4.3887916,-6.1187916,-2.6287916,-1.5387915,-2.0387914,-4.8587914,-3.4387915,-2.8287916,-2.5787916,-2.5287914,-1.3487915,1.6112084,1.2912085,4.4712086,5.0512085
2.0412085,4.3312087,4.1612086,3.1912086,6.2012086,4.0012083,4.2812085,3.6912086,3.5912085,3.1212084,3.7312086,6.4312086,5.1512084,6.2112083,2.0512085,-0.1687915,1.4512085,-2.6687915,-1.3887916,-1.0387915,-3.8587916,-3.5687914,-4.8487916,-4.1587915,-4.2887917,-4.5087914,-5.0187917,-3.6887915,-4.2887917,-3.8587916,-3.6387916,-2.6087916,-2.4287915,-0.2287915,1.4512085,1.4112085,1.4912086,-5.1987915,-1.8587915,-3.6087916,-2.6087916
3.6812086,3.1112084,7.1612086,6.9512086,3.9312086,3.4512086,2.9912086,4.6212087,3.6112084,2.8912084,2.2712085,3.1212084,5.2412086,5.4812083,4.3712087,3.5212085,5.8212085,4.0612087,-1.5387915,-2.1487916,-2.2087915,-3.0287914,-3.3987916,-3.7187915,-3.9387915,-4.3887916,-3.3887916,-3.0387914,-4.3387914,-4.2487917,-3.9987915,-3.5387914,-3.9587915,-3.0287914,-2.9587915,0.7112085,0.3312085,3.0412085,-0.0687915,-0.4687915,-4.2687917
4.3812084,4.7412086,6.0112085,4.0812087,3.9012084,4.1012087,3.5512085,2.7512085,1.5212085,1.9212085,2.4712086,4.2512083,4.7912083,4.4912086,4.9112086,3.1312084,6.3612084,7.0112085,0.1612085,-1.8787915,0.1912085,-1.8387915,-1.8387915,-1.8887916,-1.8787915,-2.8787916,-1.8687915,-2.3287916,-1.9587915,-2.8887916,-2.7787914,-2.8987916,-2.2387915,-2.5687914,-2.4187915,-1.8987916,-1.2387915,1.8612084,0.4912085,1.5012085,0.6512085
5.4412084,5.6412086,6.1012087,5.7112083,4.7412086,4.6012087,3.3412085,3.4612086,3.3612084,3.3612084,3.4212084,4.8912086,5.3012085,4.2612085,4.4112086,6.2812085,5.8712087,-0.3187915,2.2212086,-0.9387915,0.051208496,-0.118791506,0.1412085,-1.0687915,-1.1187915,-0.8287915,-0.30879152,-1.0787915,-0.9787915,-2.3287916,-1.9187915,-1.9387915,-2.1587915,-1.0387915,-1.0687915,0.3212085,1.6512085,2.0212085,3.4512086,2.8712084,0.8812085
6.1312084,6.2512083,6.0212083,5.7112083,5.4912086,5.2112083,5.0812087,5.1612086,4.9312086,5.0512085,4.6612086,3.9312086,6.0512085,5.2912083,5.7912083,5.6712084,7.7412086,4.5412083,5.9512086,3.3612084,0.7712085,0.9412085,0.1312085,-0.2587915,-0.20879151,-0.0987915,0.3412085,-0.0987915,-0.4187915,-1.2987915,-0.6987915,0.9812085,1.3112085,0.3112085,-0.12879151,-0.27879152,0.21120849,-2.1987915,-1.7787915,0.7012085,-1.2487915
5.3512087,6.1512084,6.3812084,5.8412085,5.3712087,6.3012085,6.0712085,6.2812085,7.1312084,8.121208,6.3112087,7.7012086,6.0112085,6.7612085,6.9912086,6.7912083,7.6512084,3.5212085,0.5412085,3.9712086,1.1712085,3.3312085,1.3212085,0.5312085,0.2412085,0.2012085,0.6812085,1.2712085,0.25120848,0.25120848,0.4112085,0.7812085,0.47120848,0.021208497,-0.7687915,-0.7787915,-1.4587915,-0.4287915,-0.4287915,-0.20879151,-0.0687915
5.2812085,6.3112087,6.3912086,6.5012083,6.5812087,7.4612083,7.7212086,8.901209,7.2712083,8.201208,6.4212084,7.4212084,6.7912083,8.311209,8.711208,7.4312086,6.7412086,4.7712083,1.8412085,3.6112084,1.0112085,1.1312085,0.8212085,0.1612085,0.6012085,-0.058791503,0.5612085,0.58120847,1.1412085,0.4612085,0.1312085,-2.0187914,-1.8087915,-0.2287915,-0.2287915,-0.7687915,-1.3187915,0.47120848,-0.23879151,0.9012085,-0.7387915
5.8212085,5.9412084,6.8012085,7.7412086,8.691209,8.231209,8.901209,9.341208,8.701208,7.2412086,6.4612083,6.5312085,5.9312086,6.2812085,8.811209,7.0512085,5.9812083,3.5212085,1.0512085,-2.7087915,-2.2787914,0.15120849,1.0412085,0.6812085,0.1412085,-0.6487915,-1.5387915,0.041208494,1.3812085,-1.7487915,-2.7287915,-2.4287915,-1.3487915,-1.5887915,0.5512085,0.7612085,0.4612085,0.2812085,0.1412085,-0.3887915,-0.5187915
5.3812084,7.2912083,7.0612087,8.271209,8.261209,7.7912083,9.701208,9.931209,10.351209,4.6312084,3.3112085,4.5012083,3.8712084,5.6712084,7.7912083,7.4312086,4.7112083,3.7612085,1.4012085,-1.1487916,-2.7587914,0.4212085,0.7112085,-1.7087915,-0.3787915,-1.9287915,-2.2987914,-2.0287914,-1.8887916,-1.8487915,-2.0087914,-1.4887915,-0.7687915,0.2712085,0.89120847,1.3012085,1.2712085,0.6212085,1.0112085,-0.3487915,-1.0287915
6.6012087,7.4112086,8.261209,8.651209,10.131208,10.081208,9.621208,8.0512085,4.7212086,2.1312084,0.7012085,1.5712085,2.8912084,4.8812084,6.3912086,5.2912083,3.6312084,3.2012086,1.0112085,-0.6887915,-0.6287915,-1.6387916,-2.3287916,-2.6887915,-2.8487916,-3.2087915,-2.3187914,-1.3087915,-1.0887915,-0.6387915,-1.6487916,-0.9887915,-0.4287915,0.041208494,0.6212085,0.5312085,0.3012085,-0.0087915035,-1.2387915,-0.3487915,-1.2387915
4.9112086,7.3512087,8.741208,8.931209,8.671208,7.4012084,5.3412085,-0.3187915,-1.7287915,-2.1987915,-0.2987915,1.2812085,1.4212085,1.8812085,3.2812085,2.6312084,1.4112085,0.5112085,-0.6187915,-1.6287915,-1.9787915,-2.3387916,-2.8087914,-3.5987916,-2.3087914,-2.5987916,-2.3387916,-1.8987916,-1.9587915,-1.3287915,-1.5787915,-1.4687915,-0.4587915,0.021208497,-0.5687915,-0.5487915,-0.0087915035,0.6912085,0.25120848,-1.6087915,-1.4187915
