wind_kz.json
{"header": {"discipline":0,"disciplineName":"Meteorological products","gribEdition":2,"gribLength":871,"center":7,"centerName":"US National Weather Service - NCEP(WMC)","subcenter":0,"refTime":"2023-09-24T18:00:00.000Z","significanceOfRT":1,"significanceOfRTName":"Start of forecast","productStatus":0,"productStatusName":"Operational products","productType":1,"productTypeName":"Forecast products","productDefinitionTemplate":0,"productDefinitionTemplateName":"Analysis/forecast at horizontal level/layer at a point in time","parameterCategory":0,"parameterCategoryName":"UnknownDiscipline_0_Category_0","parameterNumber":0,"parameterNumberName":"UnknownParameter_D0_C0_0","parameterUnit":"Unknown","genProcessType":2,"genProcessTypeName":"Forecast","forecastTime":120,"surface1Type":1,"surface1TypeName":"Ground or water surface","surface1Value":0.0,"surface2Type":255,"surface2TypeName":"Missing","surface2Value":0.0,"gridDefinitionTemplate":0,"gridDefinitionTemplateName":"Latitude_Longitude","numberPoints":615,"shape":6,"shapeName":"Earth spherical with radius of 6,371,229.0 m","gridUnits":"degrees","resolution":48,"winds":"true","scanMode":64,"nx":41,"ny":15,"basicAngle":0,"lo1":47.0,"la1":41.0,"lo2":87.0,"la2":55.0,"dx":1.0,"dy":1.0}, "data":
[rows 0 to 14 of 15, columns 0 to 40 of 41]
291.12527,282.12527,288.12527,293.72528,293.62527,292.72528,294.02527,296.32526,293.62527,293.12527,291.02527,291.92526,291.52527,291.62527,292.22528,290.82526,289.72528,289.72528,287.72528,289.32526,290.72528,290.52527,287.32526,282.02527,290.82526,293.32526,288.52527,274.42526,274.22528,274.82526,275.02527,275.32526,285.62527,290.92526,291.02527,291.32526,291.32526,290.22528,290.32526,290.12527,288.82526
274.52527,285.72528,293.22528,293.62527,293.42526,292.22528,294.82526,293.52527,292.22528,291.22528,291.92526,290.22528,289.42526,288.62527,288.62527,289.12527,289.02527,287.82526,286.72528,289.52527,287.92526,288.42526,285.62527,278.22528,271.72528,273.62527,281.62527,274.62527,274.02527,271.42526,276.42526,270.12527,277.82526,261.12527,273.92526,287.62527,286.62527,288.72528,291.42526,283.62527,283.62527
287.82526,292.92526,293.42526,292.72528,291.12527,293.02527,292.82526,292.02527,291.62527,290.62527,288.82526,288.72528,286.52527,287.12527,288.32526,287.12527,288.32526,290.92526,289.52527,290.82526,288.52527,286.42526,286.42526,281.12527,284.62527,283.72528,285.82526,285.32526,284.22528,277.92526,272.32526,276.42526,281.52527,278.52527,280.82526,280.02527,273.32526,276.42526,276.52527,271.92526,270.62527
289.02527,292.22528,293.02527,292.12527,291.52527,290.82526,292.12527,291.12527,291.02527,290.12527,288.52527,287.42526,290.92526,290.32526,287.82526,288.32526,291.42526,289.42526,290.32526,290.42526,287.22528,280.82526,286.12527,286.72528,286.12527,287.72528,289.52527,285.92526,288.42526,289.62527,289.82526,288.22528,291.62527,292.32526,286.62527,284.12527,272.62527,265.62527,276.12527,281.82526,285.52527
290.12527,291.62527,292.02527,291.32526,290.52527,289.72528,291.22528,290.72528,290.12527,289.92526,289.32526,287.12527,289.72528,288.72528,287.42526,290.22528,290.82526,291.62527,289.12527,291.72528,289.62527,288.82526,290.12527,285.52527,285.92526,286.52527,285.42526,287.12527,287.72528,288.72528,291.42526,289.72528,278.92526,271.42526,278.12527,284.72528,288.62527,288.32526,289.12527,288.52527,288.32526
288.82526,286.32526,290.62527,291.12527,291.32526,291.12527,290.22528,291.92526,289.92526,289.52527,289.72528,289.52527,289.42526,289.72528,288.72528,288.72528,290.22528,289.42526,290.52527,289.72528,290.52527,290.22528,287.02527,284.62527,283.82526,283.22528,285.12527,288.02527,288.12527,289.72528,287.82526,291.72528,290.02527,286.92526,286.42526,288.62527,279.42526,282.02527,285.02527,287.42526,287.72528
288.62527,286.72528,291.32526,290.92526,289.72528,288.82526,290.72528,290.12527,290.52527,290.52527,288.42526,288.52527,287.52527,287.42526,286.62527,288.02527,287.62527,288.42526,287.62527,286.82526,289.12527,287.92526,287.02527,285.92526,283.72528,285.62527,284.42526,286.52527,285.82526,286.22528,289.02527,288.82526,288.12527,290.22528,289.72528,288.02527,283.12527,280.12527,271.62527,274.52527,283.12527
289.12527,288.42526,290.12527,291.02527,291.52527,291.02527,290.02527,288.52527,287.82526,288.02527,287.32526,287.42526,286.22528,288.72528,286.22528,286.82526,286.72528,287.02527,286.42526,286.72528,286.82526,287.42526,287.62527,284.92526,283.82526,281.52527,283.02527,284.72528,283.52527,286.12527,283.42526,284.72528,286.22528,283.42526,283.82526,286.72528,287.02527,286.82526,284.42526,282.82526,278.82526
288.82526,288.82526,289.02527,286.92526,289.12527,288.82526,287.02527,287.62527,285.52527,285.62527,285.72528,285.72528,286.12527,288.72528,286.02527,285.02527,285.32526,284.72528,284.62527,283.52527,284.62527,282.62527,283.52527,282.92526,281.32526,283.22528,279.52527,279.72528,280.02527,279.72528,281.42526,282.92526,283.52527,283.12527,283.62527,283.92526,283.22528,285.02527,272.62527,268.92526,266.12527
287.22528,289.22528,287.42526,286.42526,287.32526,286.62527,286.72528,285.92526,286.02527,284.72528,283.52527,283.22528,284.22528,284.82526,286.22528,286.52527,286.52527,284.72528,286.52527,286.22528,284.42526,281.42526,281.92526,283.82526,284.62527,282.22528,280.82526,281.52527,281.82526,281.52527,282.32526,283.62527,284.72528,284.02527,283.32526,282.82526,281.42526,277.82526,275.32526,274.22528,269.82526
286.02527,284.92526,286.52527,286.62527,287.22528,287.02527,287.02527,285.72528,285.12527,283.42526,283.12527,282.72528,287.52527,285.72528,285.62527,285.12527,285.02527,285.42526,285.52527,283.92526,282.32526,281.32526,280.72528,280.52527,278.72528,282.12527,281.32526,282.12527,282.32526,283.12527,283.82526,282.42526,282.32526,282.72528,283.42526,282.02527,277.22528,276.22528,276.02527,275.42526,273.52527
286.02527,287.42526,286.92526,285.92526,285.62527,285.62527,284.32526,283.12527,283.82526,282.82526,281.52527,284.62527,283.02527,284.52527,283.92526,284.12527,283.82526,284.52527,285.02527,284.22528,283.32526,283.62527,283.02527,280.32526,281.72528,280.02527,281.82526,281.92526,281.92526,283.22528,282.82526,283.02527,281.12527,280.12527,281.22528,282.12527,282.02527,282.22528,281.22528,281.62527,280.22528
285.22528,285.42526,286.52527,286.02527,286.72528,285.82526,284.12527,283.62527,282.42526,282.62527,280.72528,279.32526,284.22528,281.82526,283.62527,283.52527,284.12527,284.02527,284.72528,280.92526,284.12527,282.42526,278.92526,279.62527,280.42526,281.72528,282.52527,281.72528,281.32526,283.32526,283.82526,282.12527,281.02527,281.82526,280.22528,282.12527,282.12527,283.22528,281.62527,280.52527,280.02527
284.92526,286.32526,286.42526,287.12527,286.22528,285.22528,284.72528,284.32526,283.92526,284.92526,283.82526,281.22528,280.82526,281.52527,282.72528,283.42526,284.02527,283.72528,283.52527,281.12527,284.42526,284.22528,285.02527,282.92526,283.02527,282.82526,284.62527,284.02527,279.82526,281.42526,280.42526,280.82526,281.72528,280.62527,281.02527,280.62527,281.12527,282.02527,282.02527,281.32526,282.22528
285.92526,287.02527,286.12527,287.62527,287.12527,287.12527,286.82526,284.62527,283.62527,282.22528,282.12527,279.72528,279.42526,281.32526,282.22528,283.32526,283.42526,283.52527,283.92526,283.42526,281.22528,281.42526,281.42526,280.12527,280.72528,281.82526,283.42526,283.12527,282.82526,279.52527,281.12527,282.72528,279.02527,279.32526,279.82526,280.12527,280.52527,280.52527,281.02527,281.42526,282.02527
