wind_kz.json
{"header": {"discipline":0,"disciplineName":"Meteorological products","gribEdition":2,"gribLength":1025,"center":7,"centerName":"US National Weather Service - NCEP(WMC)","subcenter":0,"refTime":"2023-08-26T00:00:00.000Z","significanceOfRT":1,"significanceOfRTName":"Start of forecast","productStatus":0,"productStatusName":"Operational products","productType":1,"productTypeName":"Forecast products","productDefinitionTemplate":0,"productDefinitionTemplateName":"Analysis/forecast at horizontal level/layer at a point in time","parameterCategory":2,"parameterCategoryName":"UnknownDiscipline_0_Category_2","parameterNumber":3,"parameterNumberName":"UnknownParameter_D0_C2_3","parameterUnit":"Unknown","genProcessType":2,"genProcessTypeName":"Forecast","forecastTime":300,"surface1Type":103,"surface1TypeName":"Specified height level above ground","surface1Value":10.0,"surface2Type":255,"surface2TypeName":"Missing","surface2Value":0.0,"gridDefinitionTemplate":0,"gridDefinitionTemplateName":"Latitude_Longitude","numberPoints":615,"shape":6,"shapeName":"Earth spherical with radius of 6,371,229.0 m","gridUnits":"degrees","resolution":48,"winds":"true","scanMode":64,"nx":41,"ny":15,"basicAngle":0,"lo1":47.0,"la1":41.0,"lo2":87.0,"la2":55.0,"dx":1.0,"dy":1.0}, "data":
[rows 0 to 14 of 15, columns 0 to 40 of 41]
2.0605726,1.9305725,-0.17942749,3.9405725,0.9205725,-0.5094275,2.9105725,1.3005725,1.6305726,1.2605726,0.4705725,-0.029427491,-1.1594275,-2.3594275,-3.1694274,-4.6794276,-4.7994275,-4.1794276,-5.8094273,-5.6394277,-4.9194274,-4.9294276,-3.5794275,1.3905725,4.4005723,2.0005724,0.8705725,1.6505725,-2.9894276,-2.4094274,-3.1494274,2.3005724,2.0305724,1.5005726,3.0805726,2.5205724,-1.1294274,1.4605725,0.02057251,-0.6694275,-2.3694274
-0.1894275,-1.8994275,5.8005724,4.9705725,2.5005724,-0.29942748,3.0905726,2.3505726,2.2505724,2.2405725,1.0005726,1.4205725,-0.41942748,-1.6294274,-3.4094274,-4.5694275,-3.6594274,-4.7494273,-5.5794277,-4.8694277,-4.0894275,-6.4994273,-3.8594275,-2.6594274,2.3005724,0.7905725,0.48057252,-1.0794275,-3.0594275,-3.4994276,-2.0494275,-3.7594275,-2.7894275,-1.4494275,1.5705725,-5.5494275,-8.229427,-1.3094275,2.5405724,1.2005725,-0.8094275
-5.1494274,4.6505723,6.6505723,6.0105724,2.8505726,4.6105723,3.3305726,2.8105726,3.5905726,3.0305724,1.1905725,0.26057252,-0.6794275,-0.7294275,-2.8194275,-3.4594276,-4.2094274,-5.2994275,-5.5394273,-6.6694274,-2.4094274,-1.6494275,-7.0794277,-4.0094275,-4.7294273,-3.5294275,-4.3694277,-3.6494274,-1.6294274,-2.6594274,-2.9094274,-2.4594276,-3.2894275,-1.9494275,-0.8094275,-1.9394275,-1.5794275,-2.2494276,3.2205725,1.9405725,1.0205725
-1.9394275,6.6805725,7.1005726,6.4005723,6.1105723,6.0305724,4.6705723,3.2705724,2.9505725,3.3305726,2.5805726,-0.84942746,-2.9494276,-5.1294274,-5.1094275,-1.6994275,-2.4594276,-3.9594276,-4.8894277,-5.8994274,-5.0494275,-4.3994274,-3.1094275,-4.5794277,-3.2694275,-3.5894275,-4.8994274,-4.4994273,-4.8794274,-3.9594276,-4.9694276,-5.5394273,-1.8994275,2.2305725,1.8405725,0.8505725,0.72057253,1.1605725,-1.1394275,-0.5694275,-0.52942747
2.5605726,6.7905726,7.8605723,7.3705726,2.1205726,5.0705724,4.5005727,3.8105726,3.2605724,3.0305724,3.4905725,2.9605725,1.8805726,-1.5994275,-4.6294274,-1.3194275,-2.3894274,-3.5794275,-3.9894276,-4.7994275,-5.0394273,-4.8394275,-4.1094275,-3.1294274,-3.9894276,-2.3494275,-0.7994275,-5.5394273,-2.5694275,-3.3994274,-4.9094276,-5.1994276,-1.7094275,-1.5194275,1.0405725,2.2805724,0.45057252,-1.0094275,-0.2494275,-0.04942749,-2.2394276
4.5205727,6.1905727,4.6705723,4.5505724,0.5505725,-0.7394275,0.090572506,2.3405726,3.6705725,3.0305724,3.7705724,6.0205727,3.8605726,1.5405725,-2.5694275,-0.7494275,-1.5594275,-2.9594276,-3.7394276,-2.8994274,-3.3894274,-5.3594275,-3.9294274,-4.3194275,-4.5494275,-3.2394276,-0.8294275,1.2705725,-3.5694275,-4.6194277,-3.6794274,-3.2594275,-4.7094274,-3.4294274,-3.1594274,-0.5394275,-2.2594275,-4.5894275,7.6605725,2.2905724,-0.1894275
-0.26942748,5.2005725,8.950573,9.200573,6.7205725,4.4805727,2.1905725,0.2305725,0.11057251,1.6805725,4.1205726,5.8605723,5.6505723,5.1205726,3.8305726,1.9605725,0.5605725,-1.7194275,-2.8094275,-3.7894275,-3.4494276,-3.1694274,-3.9494276,-4.6694274,-5.0294275,-3.8394275,-3.7294276,-4.6694274,-0.029427491,1.7305725,-2.7494276,-1.8994275,-2.6294274,-2.2994275,-3.1594274,0.01057251,1.6805725,-0.9294275,0.7705725,2.2105725,-0.5794275
-0.6094275,-0.23942749,1.2005725,9.410572,8.510572,2.5105724,-3.5094275,5.0005727,7.9005723,1.7305725,5.7905726,5.2305727,5.5605726,4.6705723,4.1605725,3.8205726,1.7305725,0.3805725,-0.009427491,-1.8794274,-2.2994275,-2.2394276,-3.0594275,-3.0394275,-2.8494275,-3.7694275,-4.0994277,-4.7294273,-4.7094274,-1.4294275,-1.2394274,-3.0994275,-1.5894275,-4.7794275,-3.3694274,-2.7394276,-0.90942746,-2.6594274,-1.8694274,-1.9494275,0.29057252
0.07057251,1.5605725,3.0005724,0.72057253,2.2705724,1.2605726,-0.4094275,3.5705726,4.6805725,5.2005725,5.7605724,5.6005726,5.1905727,5.4705725,3.9105725,2.1805725,2.5705726,2.2805724,1.2305725,1.2405725,-0.3694275,-1.5594275,1.3005725,-1.0194275,-2.1594274,-2.9394274,-3.5494275,-3.7794275,-4.3994274,-2.6794274,-3.6794274,-4.4694276,-3.6394274,-5.7994275,-4.2694273,-2.5294275,-4.1094275,-3.5594275,-1.9694275,5.725098E-4,0.8205725
-8.469427,-8.369428,-0.6094275,2.2805724,2.5105724,0.6105725,-1.9194275,3.5405724,3.9905725,4.8905725,6.6305723,5.9505725,5.5305724,4.6205726,3.3305726,3.3705726,3.3905725,3.2605724,1.8105725,1.7105725,2.1105726,0.8005725,-0.9594275,1.4205725,0.5405725,-1.6594275,-1.8894275,-2.7594275,-2.4494276,-3.0894275,-5.4794273,-0.96942747,-3.8594275,-1.9194275,-2.3494275,-3.5194275,-2.1594274,-2.7394276,-0.1594275,0.7305725,-0.8994275
-8.099427,-7.8894277,-8.949428,-8.429427,1.0905725,-0.8694275,1.9105725,4.1205726,3.2805724,5.1105723,5.3205724,5.1105723,5.0805726,4.2705727,3.8905725,3.5105724,3.0205724,3.6305726,-0.6194275,2.3405726,3.3305726,1.3805726,1.0805725,1.9205725,2.1905725,0.97057253,0.53057253,-0.5094275,0.9305725,-0.3694275,-0.5094275,-3.4894276,1.1105725,-0.2794275,-0.84942746,-3.1394274,-0.7094275,-0.8094275,-1.3994275,-0.90942746,-1.2594275
-7.6594276,-8.309427,-8.239428,-8.959428,-7.6994276,-7.3794274,-7.4694276,-2.6894274,4.7605724,5.8005724,4.8105726,5.3205724,5.4605727,4.9105725,4.1505723,3.2605724,3.0105724,1.9605725,2.8405726,1.4905725,2.1305726,2.1205726,2.1805725,1.9505725,1.9205725,0.8605725,1.1605725,0.42057252,0.04057251,0.4305725,0.4005725,-0.71942747,-1.6994275,0.26057252,-0.4694275,-0.3694275,-1.2194275,-0.6294275,-1.2894275,-0.84942746,-0.48942748
-5.1394277,-7.3094273,-6.8294277,-6.8894277,-6.1394277,-5.5094275,-6.7794275,-7.8994274,-8.529428,1.6805725,1.5905725,4.7005725,5.7005725,4.6705723,5.4805727,4.9905725,4.1605725,4.1505723,3.2705724,3.8305726,4.2505727,4.0105724,4.0505724,3.3905725,2.5705726,2.3405726,2.4805725,2.6805725,2.5605726,1.4505725,0.4905725,-0.8894275,0.2305725,0.7905725,2.5705726,1.4805725,-0.6394275,-0.1894275,1.8305725,-0.5794275,-0.13942748
-6.2194276,-6.8994274,-7.6894274,-6.5194273,-6.3994274,-5.5694275,-5.4194274,-6.3094273,-5.8094273,-7.5094275,-3.2294276,1.6605725,6.5005727,6.8305726,5.9705725,5.1405725,4.5605726,3.7305725,4.3405724,5.2005725,5.0505724,5.2005725,4.5905724,3.5205724,3.4405725,3.1605725,3.4805725,3.4405725,3.4005725,3.1005726,1.9105725,-0.1894275,1.3905725,1.1805725,0.8005725,2.2905724,2.1805725,0.13057251,1.4905725,1.5005726,-0.5594275
-5.4294276,-8.059427,-9.409428,-7.8994274,-8.169428,-6.5094275,-5.5494275,-4.4794273,-3.5394275,-2.9394274,-2.0594275,-4.6194277,-2.1694274,1.7005725,6.0905724,5.1705723,5.0705724,4.9605727,4.1105723,5.1505723,5.0405726,5.8305726,5.3705726,5.8805723,5.0005727,5.0405726,4.4705725,4.2905726,3.2405725,2.7405725,3.0305724,2.1105726,-1.1494275,1.5805725,2.3905725,0.78057253,1.4005725,2.4405725,1.5805725,1.9205725,1.1205726
