wind_kz.json
{"header": {"discipline":0,"disciplineName":"Meteorological products","gribEdition":2,"gribLength":1025,"center":7,"centerName":"US National Weather Service - NCEP(WMC)","subcenter":0,"refTime":"2023-09-25T18:00:00.000Z","significanceOfRT":1,"significanceOfRTName":"Start of forecast","productStatus":0,"productStatusName":"Operational products","productType":1,"productTypeName":"Forecast products","productDefinitionTemplate":0,"productDefinitionTemplateName":"Analysis/forecast at horizontal level/layer at a point in time","parameterCategory":2,"parameterCategoryName":"UnknownDiscipline_0_Category_2","parameterNumber":2,"parameterNumberName":"UnknownParameter_D0_C2_2","parameterUnit":"Unknown","genProcessType":2,"genProcessTypeName":"Forecast","forecastTime":60,"surface1Type":103,"surface1TypeName":"Specified height level above ground","surface1Value":10.0,"surface2Type":255,"surface2TypeName":"Missing","surface2Value":0.0,"gridDefinitionTemplate":0,"gridDefinitionTemplateName":"Latitude_Longitude","numberPoints":615,"shape":6,"shapeName":"Earth spherical with radius of 6,371,229.0 m","gridUnits":"degrees","resolution":48,"winds":"true","scanMode":64,"nx":41,"ny":15,"basicAngle":0,"lo1":47.0,"la1":41.0,"lo2":87.0,"la2":55.0,"dx":1.0,"dy":1.0}, "data":
[rows 0 to 14 of 15, columns 0 to 40 of 41]
0.70917296,1.389173,-2.030827,0.629173,-0.17082703,-3.720827,-3.260827,-3.4308271,-3.350827,-1.680827,-1.960827,-1.320827,-0.27082703,0.679173,0.859173,0.049172975,-0.91082704,-0.550827,-0.890827,0.999173,3.139173,2.009173,1.969173,3.579173,-0.45082703,-1.8908271,-4.200827,3.099173,0.999173,0.989173,-2.510827,2.109173,0.51917297,-1.540827,-1.550827,-1.030827,0.029172974,-0.990827,-1.3908271,-2.640827,-2.800827
-0.810827,-2.570827,0.009172973,-4.120827,-4.320827,-2.520827,-3.4308271,-2.340827,-0.71082705,0.36917296,0.689173,-0.53082705,-0.250827,0.13917297,-0.45082703,-0.22082703,-0.43082702,0.019172974,-0.19082703,0.34917298,3.509173,3.579173,3.039173,3.009173,0.739173,0.28917298,-0.750827,0.279173,3.0491729,2.729173,1.519173,-0.010827026,-1.840827,1.219173,0.71917295,-0.10082702,0.09917297,-1.6208271,-2.220827,-1.100827,-0.71082705
-3.6908271,-3.470827,-3.880827,-4.450827,-4.230827,-4.780827,-3.130827,-1.9908271,0.279173,0.889173,0.939173,1.439173,0.20917298,-0.940827,-0.34082702,0.34917298,0.90917295,-0.990827,-0.610827,0.26917297,-1.170827,-2.380827,-0.880827,4.659173,1.469173,2.479173,2.649173,2.169173,2.829173,0.43917298,1.639173,-0.96082705,-0.17082703,0.16917297,-0.52082705,1.179173,0.039172973,-0.15082702,0.049172975,4.639173,1.659173
-6.260827,-5.250827,-5.330827,-5.160827,-3.880827,-2.580827,-0.38082704,-1.920827,-0.54082704,1.389173,2.689173,0.53917295,1.779173,1.4991729,-0.52082705,-1.670827,-0.53082705,1.819173,0.929173,-0.59082705,-0.17082703,-1.6208271,2.859173,2.349173,2.709173,3.389173,3.989173,2.5691729,3.389173,-0.26082703,-2.800827,-2.070827,-1.320827,1.059173,-0.250827,-0.640827,-0.090827025,1.679173,-2.080827,-1.0108271,-3.420827
-6.270827,-5.170827,-4.080827,-3.530827,-3.150827,-3.030827,-2.290827,0.17917298,2.849173,3.849173,2.939173,4.009173,2.169173,-1.420827,-1.710827,-1.2408271,-0.050827026,0.89917296,0.90917295,1.219173,-0.42082703,0.279173,0.48917297,0.749173,1.289173,1.1291729,-1.2608271,-3.630827,-3.050827,-2.4408271,-0.20082703,1.979173,3.0591729,2.839173,-2.320827,-2.340827,-5.000827,-5.100827,-3.880827,-3.830827,-3.400827
-3.570827,-2.540827,-1.610827,-1.050827,-1.360827,-2.750827,-1.100827,1.8591729,3.0491729,3.539173,4.199173,3.029173,1.539173,-1.840827,-0.610827,-0.91082704,0.869173,0.59917295,1.549173,2.279173,0.53917295,-0.07082703,0.24917297,1.2491729,0.049172975,-1.100827,-2.530827,-2.460827,-3.520827,-3.800827,-3.650827,-2.260827,-1.720827,-0.580827,0.77917296,-4.100827,-0.32082704,-1.080827,-2.4508271,-3.000827,-3.300827
-3.580827,-2.320827,2.269173,0.989173,-0.800827,-0.750827,-0.08082703,1.809173,2.289173,3.129173,1.939173,3.0691729,1.809173,-0.740827,-2.490827,-1.710827,0.15917297,-0.470827,-0.48082703,-0.27082703,-1.070827,-1.160827,-0.77082705,0.42917296,-0.050827026,-4.140827,-2.720827,-0.66082704,0.28917298,-0.20082703,-1.6308271,-2.720827,-3.1908271,-3.730827,-4.050827,-1.080827,0.31917298,-0.53082705,-2.050827,0.949173,-2.210827
-4.780827,-4.350827,-3.560827,-2.810827,-0.890827,-0.550827,0.009172973,0.949173,1.139173,0.96917295,1.979173,2.0591729,-0.79082704,-2.6808271,-1.940827,-1.1408271,-1.1408271,-0.940827,-1.2408271,-0.40082702,-0.73082703,-0.49082702,0.23917298,0.95917296,2.079173,2.889173,1.599173,2.599173,3.329173,3.629173,2.149173,1.099173,0.16917297,0.049172975,1.429173,-4.030827,-5.630827,-8.260827,-7.890827,-7.600827,-2.790827
-3.040827,-2.760827,-2.410827,-2.010827,-2.020827,-2.150827,-1.190827,-0.29082704,-0.66082704,-0.800827,-1.720827,-2.510827,-2.410827,-1.610827,-1.0008271,-0.570827,0.33917296,0.18917297,0.20917298,-0.38082704,-0.35082704,-0.510827,0.689173,3.159173,3.479173,2.929173,3.479173,2.0591729,2.149173,5.339173,3.269173,2.079173,1.899173,-0.73082703,-1.660827,-3.420827,-2.090827,0.83917296,-0.510827,-0.020827027,-0.550827
-1.110827,-2.220827,-2.490827,-1.9908271,-1.3908271,-1.150827,-0.880827,-0.85082704,-1.080827,-1.210827,-0.830827,-1.030827,-0.78082705,1.179173,0.97917295,0.039172973,-0.010827026,1.019173,1.029173,1.589173,1.529173,1.269173,0.96917295,1.959173,2.599173,2.989173,2.189173,2.3091729,3.489173,3.029173,3.039173,2.479173,0.919173,-0.620827,-1.3908271,-2.070827,-2.240827,-1.300827,0.939173,0.40917298,-0.97082704
-2.610827,-1.860827,-1.930827,-1.550827,-1.2508271,-0.510827,0.19917297,-0.010827026,-0.860827,-0.49082702,-0.37082702,-0.65082705,0.35917297,1.299173,1.429173,0.42917296,0.31917298,0.65917295,1.2591729,0.739173,2.019173,2.009173,1.0091729,-0.35082704,-0.36082703,2.429173,0.33917296,-0.610827,0.18917297,-0.12082703,0.989173,1.779173,0.18917297,-0.43082702,-0.54082704,-0.85082704,-0.96082705,0.34917298,0.089172974,-0.16082703,0.96917295
-1.090827,-1.560827,-0.740827,-0.27082703,0.19917297,-0.38082704,-0.12082703,-0.19082703,-0.45082703,-0.050827026,0.44917297,-0.33082703,-0.940827,-2.110827,-1.2508271,-0.08082703,0.999173,1.559173,1.8591729,1.949173,1.789173,1.719173,1.339173,1.149173,0.059172973,-1.3808271,-1.1308271,-0.930827,-1.660827,-0.950827,-0.640827,0.95917296,1.3691729,1.1091729,0.36917296,0.999173,1.1291729,0.089172974,0.10917297,0.13917297,-0.43082702
-0.26082703,0.13917297,0.25917298,-0.040827025,0.22917297,0.009172973,0.049172975,-0.34082702,-0.71082705,0.78917295,0.32917297,0.689173,0.43917298,-0.72082704,0.47917297,1.559173,2.339173,3.169173,2.889173,2.659173,2.749173,2.5691729,2.2991729,2.0691729,1.349173,1.349173,1.1091729,-0.48082703,-0.810827,-1.060827,-0.640827,-1.180827,-0.680827,0.739173,-0.040827025,-0.440827,1.959173,-0.11082703,-0.040827025,-0.60082704,-0.090827025
0.29917297,0.43917298,1.029173,0.45917296,0.29917297,0.58917296,-0.23082703,0.279173,0.32917297,0.52917296,0.97917295,1.329173,0.26917297,0.859173,1.4891729,1.8591729,2.079173,2.379173,2.8091729,3.719173,1.689173,2.239173,2.0691729,2.019173,1.839173,1.889173,2.099173,3.0591729,2.029173,1.1291729,0.039172973,-0.740827,-0.96082705,-0.930827,-0.13082702,0.889173,0.889173,1.279173,0.799173,0.679173,-0.32082704
0.809173,1.349173,0.999173,0.639173,0.20917298,0.42917296,0.95917296,0.749173,0.919173,0.929173,0.71917295,1.5091729,1.319173,2.699173,1.829173,2.429173,2.629173,2.579173,2.729173,3.009173,2.909173,3.859173,2.769173,2.899173,4.269173,4.379173,2.139173,2.839173,2.519173,0.869173,1.1191729,1.679173,1.059173,1.189173,1.3691729,2.089173,1.2491729,1.5091729,1.399173,0.059172973,-0.59082705
