wind_kz.json
{"header": {"discipline":0,"disciplineName":"Meteorological products","gribEdition":2,"gribLength":1025,"center":7,"centerName":"US National Weather Service - NCEP(WMC)","subcenter":0,"refTime":"2023-08-19T18:00:00.000Z","significanceOfRT":1,"significanceOfRTName":"Start of forecast","productStatus":0,"productStatusName":"Operational products","productType":1,"productTypeName":"Forecast products","productDefinitionTemplate":0,"productDefinitionTemplateName":"Analysis/forecast at horizontal level/layer at a point in time","parameterCategory":2,"parameterCategoryName":"UnknownDiscipline_0_Category_2","parameterNumber":3,"parameterNumberName":"UnknownParameter_D0_C2_3","parameterUnit":"Unknown","genProcessType":2,"genProcessTypeName":"Forecast","forecastTime":120,"surface1Type":103,"surface1TypeName":"Specified height level above ground","surface1Value":10.0,"surface2Type":255,"surface2TypeName":"Missing","surface2Value":0.0,"gridDefinitionTemplate":0,"gridDefinitionTemplateName":"Latitude_Longitude","numberPoints":615,"shape":6,"shapeName":"Earth spherical with radius of 6,371,229.0 m","gridUnits":"degrees","resolution":48,"winds":"true","scanMode":64,"nx":41,"ny":15,"basicAngle":0,"lo1":47.0,"la1":41.0,"lo2":87.0,"la2":55.0,"dx":1.0,"dy":1.0}, "data":
[rows 0 to 14 of 15, columns 0 to 40 of 41]
3.9842925,-2.5257075,0.2542926,-5.1757073,-8.235707,-9.455708,-7.1757073,-7.3957076,-6.7857075,-6.3857074,-6.105707,-1.2657074,-1.0457073,-0.8757074,-2.3957074,-4.0057073,-5.6857076,-7.6357074,-6.545707,-0.1457074,-3.6857073,-0.7957074,-1.8657074,-1.1057074,-2.5357075,-0.28570738,-1.0957074,1.3942926,-0.3157074,-0.6157074,-1.8157074,0.2542926,-0.6357074,-1.3757074,-2.9357073,-4.1657076,-8.045708,-6.9357076,-6.8057075,-1.3557074,2.1442926
1.4942926,1.8842926,1.0442926,-3.3857074,-6.3057075,-7.2457075,-5.9957075,-5.1857076,-4.8657074,-5.6157074,-4.9457073,-3.9957075,-3.5857074,-2.6657073,-4.6357074,-6.1157074,-0.3757074,-3.5257075,-8.185707,-7.1257076,-2.6757073,2.9742925,1.1842926,0.2842926,-0.7657074,-0.3757074,-2.6457074,0.2242926,-0.2957074,-0.1057074,0.3542926,-0.64570737,-1.6657073,-1.7957073,-3.4457073,-4.2857075,-1.7157074,-2.5257075,-1.5857074,-1.4457074,1.9442925
1.8142926,6.2342925,4.4742928,1.0142926,-2.8957074,-4.0157075,-4.0357075,-5.5557075,-5.6757073,-6.9957075,-6.9857073,-2.6657073,-0.1057074,-1.7057074,-3.1257074,-4.3957076,-4.1557074,-4.2257075,-3.7257073,-5.5257072,-6.0057073,0.3042926,2.7442925,0.8342926,2.3842926,2.9242926,1.8142926,1.6942925,0.9642926,3.2842927,3.9742925,2.4142926,3.2042925,-0.1357074,1.5642926,1.6442926,0.4842926,-0.6957074,-0.7157074,-1.0357074,0.5342926
3.0942926,5.9442925,4.7242928,3.1442926,-0.025707398,-1.0957074,-2.0657074,-3.5357075,-5.7557073,-6.9557076,-6.9557076,-4.0357075,3.1542926,1.4042926,-0.4957074,-1.6457074,-1.9957074,-2.5257075,-4.4457073,-3.2557075,-3.4257073,-2.6257074,-1.9357074,2.4842925,3.0242927,0.0042926027,-2.4557073,-0.1757074,0.6642926,1.7942926,1.7842926,-0.6757074,-2.2657075,3.1342926,-1.4957074,-1.8157074,-1.3657074,1.6242926,1.0542926,2.5242927,2.4042926
-3.6157074,4.3042927,4.2942924,1.9742926,0.2042926,0.85429263,-0.6357074,-0.8157074,-2.1257074,-3.1557074,-3.5457075,-3.9957075,2.5742927,3.9642925,4.1342926,1.1742926,-0.7057074,-1.0157074,-0.9857074,-2.2757075,-2.4757073,-1.3257074,-2.2557075,-1.4057074,0.8842926,1.9442925,0.7642926,-0.5057074,-1.0757074,0.6942926,4.3342924,3.3042927,2.2042925,-0.3357074,-0.9757074,-1.5157074,2.2442925,-0.5657074,-0.5157074,-0.4757074,-1.5457073
-3.5957074,-3.1557074,-4.0357075,-4.0257072,-0.9757074,1.3142926,1.3942926,0.0042926027,-1.2457074,-1.7957073,-2.8657074,-4.2757072,-3.2257073,-3.2057073,-1.2857074,0.2642926,1.2042927,0.4542926,-0.8657074,-1.2457074,-3.3057075,-2.1257074,-2.9657073,-1.1757073,-0.4757074,0.8342926,2.8242927,3.2042925,2.3942926,2.3542926,2.1942925,3.8942926,4.6142926,4.7342925,4.0242925,4.0142927,3.0942926,-0.3357074,-0.3557074,-2.0457075,-0.5657074
-3.1357074,-3.9757073,-5.4657073,-7.0057073,-7.4357076,-5.7057076,-4.855707,-1.9057074,-3.8057075,-0.8157074,-2.6657073,-3.0657074,-4.9357076,-0.7157074,-4.8757076,-1.7757074,-3.1157074,-6.1457076,-2.2657075,-2.7057073,-5.2057076,-5.7857075,-1.9657074,-0.9857074,-1.2657074,0.2442926,-1.3257074,2.0842927,1.3842926,1.2642926,2.2142925,1.3842926,0.8342926,5.2742925,-0.7757074,-1.7957073,-3.0957074,0.0742926,0.14429261,-0.1557074,-0.5557074
-4.295707,-3.8257074,-4.1157074,-5.9357076,-7.1857076,-6.8257074,-7.8857074,-2.7357073,-5.3757076,-2.4957075,-1.2957073,-1.8557074,-1.6157074,-2.1957073,-2.9257073,-2.4157073,-1.1257074,-2.1957073,-3.2857075,-0.9557074,-2.1457074,-5.6457076,-5.9057074,-0.4357074,0.5742926,0.1142926,1.7542926,-1.5957074,2.1242926,1.2142926,0.0742926,4.7542925,3.3642926,-0.1057074,2.8042927,1.5542926,-0.8457074,-3.3657074,-0.045707397,0.124292605,-1.7057074
-2.8257074,-2.2757075,-3.9557073,-6.2557073,-6.355707,-5.3657074,-3.9357073,-2.9657073,-1.7657074,-0.7057074,-1.5957074,-1.8557074,-1.5857074,-1.4257073,-0.5557074,0.1542926,-1.0957074,-0.9057074,-3.9157073,-3.3657074,0.6642926,-2.6557074,-5.9357076,-3.0557075,-3.0557075,-4.065707,-1.3057075,2.3942926,0.9642926,2.7342925,0.8342926,2.7042925,1.9442925,5.1542926,5.0842924,3.2442925,-1.1457074,0.8042926,0.9842926,0.4342926,-0.5057074
-1.9957074,-2.4457073,-4.0057073,-4.1957073,-5.8257074,-5.7257075,-3.2057073,-1.9457074,1.1442926,-0.1657074,-1.9357074,-2.2257073,-1.7757074,-2.0857074,-1.9457074,-1.8357074,-1.3357074,-3.1757073,-3.2457075,-4.3257074,-4.7057076,-5.295707,-6.0157075,-5.7257075,-1.0757074,-2.1657073,-2.7857075,0.9242926,3.5642927,1.7942926,3.5742927,2.1342926,1.0542926,1.2142926,1.6942925,1.2442926,0.7942926,-2.7657075,0.6442926,3.8342927,2.8942926
0.7042926,-0.2057074,-2.7257073,-4.6157074,-4.3757076,-7.0357075,-4.3257074,-2.9457073,-0.9757074,0.024292603,0.0942926,1.1642926,-0.7757074,2.1942925,0.2942926,-1.6357074,-2.8657074,-3.6657073,-4.3257074,-4.1657076,-4.7857075,-3.5757074,-3.9457073,-4.2257075,-5.3957076,-0.9757074,-0.2957074,2.6342926,-0.2257074,3.7242925,4.6942925,4.9942927,2.2542925,3.2942927,2.7442925,0.4842926,1.4242926,2.9042926,1.8642926,1.7442926,0.4342926
0.3842926,-0.8157074,-1.4157073,-2.4157073,-3.7857075,-3.2057073,-2.7357073,-3.9857073,-3.5557075,-1.7057074,-1.1457074,-2.6257074,-4.1757073,0.3842926,0.4142926,-0.4857074,-2.0557075,-3.3757074,-2.8257074,-3.0857074,-3.3057075,-3.1757073,-2.6357074,-1.9157073,-2.2557075,-2.5557075,0.6742926,1.2042927,3.6942925,1.5242926,3.2442925,3.5542927,2.1042926,1.3442926,1.4542927,2.6742926,3.8642926,3.8542926,3.7742927,3.0742927,1.4842926
-0.4257074,0.3142926,0.3942926,-1.3757074,-2.8757074,-3.2557075,-2.1957073,-0.9057074,-1.6357074,-0.7557074,-1.3357074,-1.5557075,-2.5057075,1.7642926,2.0542927,0.7342926,-1.2157074,-1.9957074,-2.8257074,-2.9257073,-3.0857074,-2.3757074,-1.4257073,-1.5057074,-1.9657074,-3.0157075,-6.3057075,-1.5857074,4.664293,5.9042926,4.7242928,2.7742927,-2.7557075,-1.5257074,3.7442925,4.8542924,3.1242926,1.5442926,3.0242927,1.8042926,0.9542926
-0.5857074,-0.5257074,0.14429261,-1.1257074,-2.1157074,-1.8857074,-5.2757072,-5.7057076,-0.9857074,-1.2257074,0.7042926,-0.2657074,-1.0557075,0.4842926,3.0742927,1.7042927,0.7842926,0.044292603,-1.4757074,-2.7257073,-2.4457073,-2.0457075,-1.6157074,-0.6657074,0.1042926,-0.6857074,-0.8557074,-0.1257074,4.4042926,4.1742926,2.7842927,4.704293,3.4242926,1.1342926,4.7242928,4.6342926,2.8742926,1.8642926,1.2542926,1.4942926,0.8942926
0.1642926,-0.4357074,0.2842926,1.7142926,-0.3457074,-1.1257074,-1.6157074,-1.7157074,-3.1657073,-3.0357075,-1.1457074,0.5342926,1.2342926,-0.1757074,-0.0357074,0.3542926,-0.0357074,-0.6957074,-1.0757074,-3.3357074,-3.3457074,-3.1357074,-1.9357074,-0.1557074,2.2542925,2.2242925,1.6242926,2.1342926,2.5742927,1.8642926,3.7642927,2.8442926,1.4942926,3.7042925,6.6342926,5.6242924,3.7142925,3.9242926,2.4942925,2.0742927,0.5242926
