wind.json
{"header": {"discipline":0,"disciplineName":"Meteorological products","gribEdition":2,"gribLength":1125,"center":7,"centerName":"US National Weather Service - NCEP(WMC)","subcenter":0,"refTime":"2023-06-29T18:00:00.000Z","significanceOfRT":1,"significanceOfRTName":"Start of forecast","productStatus":0,"productStatusName":"Operational products","productType":1,"productTypeName":"Forecast products","productDefinitionTemplate":0,"productDefinitionTemplateName":"Analysis/forecast at horizontal level/layer at a point in time","parameterCategory":2,"parameterCategoryName":"UnknownDiscipline_0_Category_2","parameterNumber":2,"parameterNumberName":"UnknownParameter_D0_C2_2","parameterUnit":"Unknown","genProcessType":2,"genProcessTypeName":"Forecast","forecastTime":120,"surface1Type":103,"surface1TypeName":"Specified height level above ground","surface1Value":10.0,"surface2Type":255,"surface2TypeName":"Missing","surface2Value":0.0,"gridDefinitionTemplate":0,"gridDefinitionTemplateName":"Latitude_Longitude","numberPoints":688,"shape":6,"shapeName":"Earth spherical with radius of 6,371,229.0 m","gridUnits":"degrees","resolution":48,"winds":"true","scanMode":64,"nx":43,"ny":16,"basicAngle":0,"lo1":45.0,"la1":40.0,"lo2":87.0,"la2":55.0,"dx":1.0,"dy":1.0}, "data":
[rows 0 to 15 of 16, columns 0 to 42 of 43]
-5.179458,-1.059458,0.32054198,-3.579458,-4.079458,-3.209458,-2.729458,-1.799458,0.77054197,2.790542,-2.979458,-3.379458,-3.599458,-0.889458,0.190542,-5.129458,-3.629458,-1.349458,2.710542,0.09054199,1.180542,0.850542,-1.959458,0.47054198,0.860542,2.390542,1.480542,-0.549458,-0.12945801,0.820542,0.920542,3.850542,1.910542,-5.549458,-8.149458,-4.599458,-2.9494581,-2.269458,-1.949458,-2.659458,-2.099458,-1.109458,0.71054196
0.740542,-1.359458,-3.869458,-0.769458,2.080542,1.540542,1.280542,-0.929458,2.480542,5.090542,-1.769458,-2.509458,-0.229458,-0.579458,-4.759458,-3.299458,-0.569458,1.810542,1.9905419,2.260542,-1.099458,-0.039458007,0.930542,1.3605419,-0.66945803,-0.859458,4.250542,-2.089458,-3.409458,1.230542,1.120542,1.390542,2.520542,-0.66945803,1.2405419,3.600542,2.030542,0.18054199,-0.559458,-2.799458,0.720542,-2.939458,-4.059458
-1.429458,-2.269458,2.130542,0.96054196,0.050541993,0.330542,0.620542,1.710542,3.650542,0.300542,0.390542,-1.249458,-0.019458007,3.260542,-3.299458,-0.409458,1.020542,2.600542,2.840542,1.250542,1.470542,1.810542,1.540542,1.840542,1.580542,-2.189458,1.430542,-1.249458,-0.989458,1.810542,-1.039458,-2.429458,0.100541994,0.460542,0.44054198,-2.899458,0.310542,0.44054198,0.680542,0.18054199,-0.889458,-0.799458,-4.689458
-0.389458,0.010541992,-1.069458,-1.739458,-1.749458,0.360542,1.620542,3.400542,2.400542,2.630542,0.530542,1.260542,-0.929458,-2.269458,-1.339458,2.770542,3.540542,2.350542,3.520542,2.740542,2.010542,2.210542,1.620542,1.8605419,2.940542,-1.0094581,0.58054197,2.870542,3.110542,-0.899458,-3.839458,0.47054198,-2.719458,3.150542,0.18054199,-0.059458006,1.6105419,-0.139458,1.220542,-0.27945802,-0.959458,0.340542,0.130542
-3.559458,-2.619458,-1.859458,-1.749458,-2.119458,-1.1394581,-2.019458,-3.709458,-1.609458,-0.479458,-2.069458,0.600542,-0.36945802,0.750542,5.700542,5.690542,6.090542,4.120542,4.470542,5.940542,4.930542,5.170542,3.720542,1.7405419,4.870542,2.020542,1.950542,1.570542,2.140542,0.71054196,0.020541992,5.210542,2.260542,2.420542,3.950542,2.830542,-1.569458,-0.989458,-1.859458,-0.349458,1.090542,1.370542,3.220542
-1.879458,-2.059458,-0.06945801,0.83054197,0.11054199,5.419922E-4,0.880542,0.300542,1.570542,3.460542,1.670542,0.050541993,1.580542,1.370542,5.680542,7.380542,7.670542,5.600542,6.730542,6.600542,5.750542,5.570542,2.760542,-1.679458,-4.379458,-2.669458,-0.18945801,0.300542,-0.33945802,2.690542,1.210542,1.820542,2.720542,0.490542,-0.36945802,0.570542,4.330542,3.760542,1.840542,4.040542,0.510542,2.060542,2.110542
5.419922E-4,-0.36945802,-0.519458,1.470542,4.010542,3.660542,4.980542,4.770542,3.460542,4.250542,3.620542,-0.15945801,1.950542,1.560542,0.190542,-3.139458,-1.119458,2.630542,1.760542,-0.609458,0.280542,0.420542,2.340542,1.980542,2.610542,-0.299458,0.020541992,1.380542,1.960542,1.390542,-0.18945801,-3.749458,-4.429458,-4.509458,-3.149458,-2.009458,1.7405419,-2.009458,1.070542,2.810542,1.390542,-5.129458,-5.869458
0.08054199,-2.409458,-2.459458,-2.099458,3.130542,2.840542,4.680542,5.140542,1.770542,1.130542,1.770542,-0.519458,0.12054199,0.04054199,-2.129458,1.120542,0.970542,3.540542,2.590542,2.720542,-1.879458,-0.639458,-0.589458,0.270542,1.170542,1.400542,0.720542,4.400542,2.090542,0.750542,3.250542,1.250542,-3.669458,-3.379458,-0.269458,-2.409458,-1.439458,-2.939458,-1.149458,3.720542,0.20054199,3.240542,-0.06945801
-0.869458,-0.719458,-0.849458,0.270542,-1.899458,-2.179458,-0.179458,-1.579458,-0.199458,-1.499458,0.590542,-0.769458,-0.589458,-0.259458,-2.569458,-6.439458,1.020542,3.520542,-4.369458,-5.859458,0.670542,3.590542,-2.219458,-0.079458006,-1.239458,-1.449458,-0.329458,-0.929458,-0.819458,0.640542,-2.119458,-6.049458,-2.869458,-3.339458,-2.359458,-1.199458,0.07054199,4.680542,4.730542,5.780542,5.310542,5.110542,-0.439458
-0.989458,-1.829458,-1.499458,1.130542,-1.189458,-1.739458,-1.249458,-1.909458,-1.269458,-0.33945802,-2.499458,-0.549458,0.35054198,0.08054199,-0.909458,-1.499458,5.100542,2.450542,-0.269458,-1.299458,1.470542,-2.149458,-4.669458,-2.019458,-1.899458,-3.299458,-4.699458,-2.119458,-2.439458,-2.899458,-3.639458,-5.069458,-6.169458,-3.229458,-0.139458,-0.259458,1.940542,2.150542,1.980542,-0.18945801,-0.33945802,0.35054198,-1.419458
-1.219458,-0.529458,-0.559458,-0.599458,-1.629458,-1.729458,0.07054199,2.290542,-2.229458,-2.009458,-3.999458,1.030542,-0.04945801,0.500542,0.720542,0.15054199,-0.389458,-1.619458,-3.339458,-4.499458,-1.7594581,-2.539458,-5.369458,-3.009458,-1.729458,-2.429458,-4.039458,-7.879458,-5.589458,-5.499458,-4.189458,-3.019458,-3.879458,-3.839458,-2.1994581,-0.349458,1.890542,2.740542,-0.469458,-0.199458,-2.869458,-0.419458,-0.379458
-0.15945801,1.450542,1.050542,0.630542,-0.39945802,0.660542,0.270542,-0.479458,-0.999458,-1.149458,-1.299458,0.990542,0.760542,1.640542,0.260542,-1.939458,-0.899458,-0.629458,-2.149458,-2.239458,-2.919458,-5.349458,-7.029458,-5.689458,-5.029458,-5.669458,-6.019458,-6.569458,-6.069458,-3.869458,-4.229458,-4.709458,-4.939458,-3.529458,-2.099458,-1.969458,-0.18945801,-5.769458,-1.819458,-1.539458,-0.469458,1.1105419,-1.689458
1.370542,1.840542,1.590542,-1.369458,-0.24945801,-2.649458,-2.259458,-1.1394581,-1.399458,-0.21945801,0.04054199,0.04054199,-0.579458,1.580542,-1.379458,-2.669458,-0.289458,-0.739458,-1.539458,-2.739458,-2.819458,-2.939458,-4.469458,-3.419458,-4.449458,-4.739458,-4.839458,-3.779458,-3.149458,-3.219458,-4.169458,-5.189458,-3.079458,-2.759458,-2.409458,-1.989458,-1.669458,-3.329458,-3.409458,-1.789458,0.15054199,0.400542,-0.15945801
1.310542,0.71054196,1.030542,1.370542,-1.319458,-0.739458,-1.539458,-0.699458,-0.059458006,-0.649458,-0.059458006,0.210542,0.390542,0.620542,-1.069458,-0.419458,-0.699458,-0.299458,-2.229458,-2.779458,-2.829458,-3.4494581,-3.769458,-3.909458,-2.769458,-2.889458,-4.919458,-4.729458,-5.729458,-4.679458,-3.539458,-3.649458,-3.619458,-3.929458,-3.889458,-3.839458,-3.169458,-2.509458,-1.859458,-1.679458,-2.189458,-2.039458,-2.339458
1.480542,0.560542,1.530542,1.770542,-2.419458,-2.529458,-0.549458,-1.249458,0.260542,-0.39945802,1.000542,0.480542,-0.259458,-0.909458,0.77054197,-1.039458,0.630542,-0.849458,-1.189458,-2.039458,-3.839458,-3.619458,-3.549458,-3.589458,-3.679458,-3.889458,-3.379458,-3.279458,-3.189458,-3.209458,-3.329458,-3.439458,-3.249458,-3.1994581,-3.259458,-3.219458,-3.069458,-2.779458,-3.099458,-3.509458,-3.909458,-2.469458,-1.5094581
0.010541992,0.400542,0.330542,0.680542,0.25054199,-1.1394581,0.740542,-0.229458,1.190542,2.230542,2.560542,0.550542,-0.18945801,-0.289458,1.030542,1.630542,0.58054197,0.370542,-1.429458,-0.909458,-1.089458,-2.639458,-2.679458,-2.779458,-2.4494581,-2.149458,-1.589458,-1.779458,-2.339458,-2.939458,-2.619458,-2.219458,-2.349458,-3.459458,-2.749458,-2.749458,-2.669458,-2.709458,-2.6994581,-2.629458,-1.909458,-2.349458,-1.399458
