wind_kz.json
{"header": {"discipline":0,"disciplineName":"Meteorological products","gribEdition":2,"gribLength":1102,"center":7,"centerName":"US National Weather Service - NCEP(WMC)","subcenter":0,"refTime":"2023-09-21T12:00:00.000Z","significanceOfRT":1,"significanceOfRTName":"Start of forecast","productStatus":0,"productStatusName":"Operational products","productType":1,"productTypeName":"Forecast products","productDefinitionTemplate":0,"productDefinitionTemplateName":"Analysis/forecast at horizontal level/layer at a point in time","parameterCategory":2,"parameterCategoryName":"UnknownDiscipline_0_Category_2","parameterNumber":2,"parameterNumberName":"UnknownParameter_D0_C2_2","parameterUnit":"Unknown","genProcessType":2,"genProcessTypeName":"Forecast","forecastTime":60,"surface1Type":103,"surface1TypeName":"Specified height level above ground","surface1Value":10.0,"surface2Type":255,"surface2TypeName":"Missing","surface2Value":0.0,"gridDefinitionTemplate":0,"gridDefinitionTemplateName":"Latitude_Longitude","numberPoints":615,"shape":6,"shapeName":"Earth spherical with radius of 6,371,229.0 m","gridUnits":"degrees","resolution":48,"winds":"true","scanMode":64,"nx":41,"ny":15,"basicAngle":0,"lo1":47.0,"la1":41.0,"lo2":87.0,"la2":55.0,"dx":1.0,"dy":1.0}, "data":
[rows 0 to 14 of 15, columns 0 to 40 of 41]
-1.6002686,-0.8802686,1.3997314,-5.7502685,-8.650269,-7.7302685,-4.9602685,-5.2002687,-7.1902685,-4.1302686,-2.2002685,-4.3002687,-3.5702686,-2.8802686,-2.3702686,-2.4802685,-2.4202685,-1.6802685,-2.9002686,-1.7302686,0.72973144,0.099731445,-0.25026855,-1.9202685,-0.07026856,-1.6702685,-3.2202685,-3.3002687,-0.32026854,0.73973143,0.77973145,1.4597315,0.40973145,0.25973144,0.85973144,1.1797315,2.5097315,2.4797316,2.7497315,3.4897316,3.5797315
1.8197315,0.6297314,-4.660269,-8.670269,-8.150269,-8.160269,-5.9602685,-7.6702685,-5.5702686,-3.8202686,-2.6502686,-3.5802686,-2.8902686,-2.1402686,-1.5102686,-2.4702685,-1.8202685,-3.1002686,-2.4002686,-1.7202686,-0.35026854,-1.3502686,-1.1402686,-2.7302685,-0.5602686,0.08973145,-0.61026853,-0.5702686,-1.5302685,-1.6702685,-0.10026856,-0.84026855,0.9997314,-2.4702685,0.30973145,0.37973145,1.1097314,1.1297314,1.1297314,1.8197315,5.2897315
-2.2202685,-5.3802686,-6.9502687,-8.010268,-7.2502685,-6.9402685,-5.4702687,-3.2902687,-4.9602685,-3.9102685,-3.6302686,-2.6602685,-2.1402686,-2.7102685,-2.2902687,-2.2602684,-2.9902685,-2.1402686,-2.4102685,-1.5902686,0.49973145,-2.8802686,-5.5202684,-8.070269,0.45973146,-2.2702684,-1.7602686,-1.3902686,-2.2302685,-0.92026854,-2.4702685,2.8197315,0.85973144,0.34973145,0.39973146,-0.39026856,1.2997315,0.35973144,3.1097314,5.3897314,3.1997313
-6.6302686,-9.9402685,-10.250269,-8.030269,-6.0102687,-4.4602685,-3.2602684,-4.8402686,-3.7202685,-3.5602686,-3.3502686,-3.1402686,-3.4702685,-2.7502685,-2.1102686,-1.8402686,-2.0202684,-2.3102686,-2.5202684,-2.2102685,-2.6502686,-4.3302684,-0.050268553,-3.9102685,-3.5902686,-3.7402685,-3.0102684,-4.4002686,-2.7602684,-1.2902685,0.69973147,-0.46026856,2.3697314,-1.2202686,-3.5502687,-1.8502686,-0.90026855,2.5897315,0.90973145,2.5497315,1.4297315
-7.9002686,-9.110269,-8.910269,-7.9402685,-6.3802686,-4.7602687,-3.8802686,-2.2202685,-2.7702684,-2.4902685,-2.2902687,-1.8102685,-2.0802686,-1.3302685,-2.1202686,-2.3602686,-2.3002687,-1.5602685,-2.0602686,-3.0502687,-3.4102685,-3.6202686,-3.7802687,-3.3502686,-4.3302684,-4.910269,-5.9902687,-3.8402686,-3.2902687,-3.2502685,-3.1902685,-2.3902686,-1.1702685,2.3497314,3.2897315,-2.6102686,5.1797314,2.4697313,-1.0402685,5.2397313,2.3897314
-6.0502687,-4.2502685,-7.6102686,-7.5502687,-6.7202687,-6.3302684,-4.0302687,-3.2902687,-2.6602685,-2.1702685,-2.5502687,-2.6102686,-2.6102686,-2.9302685,-2.4302685,-1.5302685,-2.4802685,-2.5402687,-2.6802685,-2.5402687,-3.7402685,-2.8102686,-2.7802687,-3.2802687,-3.4902685,-5.1002684,-3.4602685,-7.1402683,-5.4002686,-4.6702685,-5.3302684,-5.6202683,-4.3302684,-2.7602684,3.5397315,7.839731,4.9297314,10.089731,11.889731,8.719731,-2.3002687
-4.6502686,-4.410269,-4.410269,-4.3402686,-4.4802685,-3.5902686,-2.5602686,-2.5002685,-2.1102686,-2.1302686,-3.5202684,-3.3202686,-3.2102685,-2.6202686,-2.5602686,-3.6702685,-3.1402686,-2.3202686,-2.5502687,-5.1702685,-4.1302686,-3.6402686,-4.6102686,-3.8002687,-3.3602686,-3.7002685,-3.5502687,-2.7802687,-2.7802687,-2.9102685,-2.9502685,-2.3402686,-0.85026854,0.85973144,3.9197314,-0.32026854,-0.65026855,1.2097315,5.1697316,-0.21026856,8.149732
-3.9602685,-3.8402686,-3.7002685,-3.4802685,-2.6502686,-2.7502685,-2.5102684,-1.8502686,-1.6102686,-2.7102685,-4.1502686,-4.2802687,-2.8202686,-2.8402686,-2.2802687,-2.0002685,-2.3302686,-1.9702686,-2.1702685,-4.0902686,-4.5402684,-2.9902685,-2.4102685,-2.8202686,-2.5002685,-1.5302685,-1.7702686,-0.71026856,0.069731444,-0.5702686,-0.13026856,0.6297314,0.60973144,0.77973145,0.59973145,2.3497314,4.6597314,9.459731,8.0597315,11.029732,5.9597316
-3.1302686,-3.1602685,-3.0702686,-2.8802686,-2.5902686,-2.7602684,-1.7702686,-3.0402687,-3.2702684,-3.6102686,-3.7002685,-3.0702686,-2.6102686,-2.0702686,-2.0102684,-1.7002685,-2.2802687,-2.7802687,-2.9302685,-3.3002687,-3.7602684,-2.4302685,-2.0402687,-1.9002686,-2.0602686,-1.5602685,-1.4202685,-0.8202686,0.59973145,0.89973146,0.8797314,1.1497314,3.1397314,2.6597314,3.2597315,2.3797314,2.6597314,1.8997314,0.9297314,1.7297314,-0.060268555
-2.9602685,-2.5102684,-2.2602684,-2.3602686,-2.3202686,-1.9802686,-2.7302685,-2.7402685,-2.7802687,-2.6902685,-2.4202685,-2.7202685,-1.3302685,-1.5402685,-1.7502686,-1.8502686,-2.7202685,-2.4502685,-2.8002687,-2.7702684,-3.0602686,-2.1602685,-1.6402686,-1.6202686,-1.6202686,-0.71026856,-2.685547E-4,1.2297314,2.3397315,2.9097314,2.8097315,3.0997314,3.2697315,3.1697314,2.0497315,1.2397314,-0.15026855,1.2997315,-1.2802685,-0.020268554,0.8697314
-2.2902687,-2.0802686,-1.5402685,-0.5702686,-0.47026855,-0.70026857,-1.5602685,-1.2902685,-1.5802685,-0.98026854,0.029731445,0.5597314,-0.24026856,-0.18026856,0.069731444,-0.9302685,-1.4602685,-0.71026856,-1.4502685,-1.6302686,-1.1502686,-0.71026856,0.35973144,0.7497314,1.2897315,2.0497315,2.2197313,3.1597314,3.8297315,4.2397313,4.0497313,3.2097313,2.7197313,1.2497314,1.2897315,0.069731444,-0.060268555,0.90973145,0.98973143,1.0597315,-0.83026856
-0.90026855,-0.55026853,-0.7402685,0.27973145,0.40973145,-0.040268555,-0.41026855,-0.33026856,-0.10026856,-0.24026856,-0.34026855,1.6697315,0.39973146,0.91973144,1.8797314,1.7097315,1.0397315,1.4097314,1.5997314,1.8697314,1.8297315,2.3497314,2.3597314,2.4597313,3.1097314,3.3997314,3.8597314,4.7097316,4.6197314,3.9497313,3.4997315,3.0997314,2.0597315,2.2897315,1.8197315,2.1297314,1.9497315,2.4997315,1.3297315,1.3597314,0.64973146
0.21973145,0.7497314,0.58973145,0.8797314,0.60973144,0.47973144,0.5597314,0.64973146,1.0197314,-0.6202686,-0.32026854,0.94973147,0.90973145,1.8797314,1.9597315,2.0897315,2.3097315,3.0197315,2.4297314,3.1497314,2.7697315,2.6797314,2.8697314,3.1797314,4.0297313,4.3897314,4.7397313,4.9897313,3.9997315,3.6197314,3.3297315,3.2097313,3.0397315,3.0797315,2.7297316,2.8897314,2.6697314,1.5497315,2.6197314,2.2997315,2.2897315
1.3797314,1.4397315,0.8697314,1.7497314,1.2197315,0.79973143,0.76973146,0.91973144,0.96973145,0.78973144,-0.15026855,0.12973145,1.1797315,1.5897315,2.8697314,2.9497313,3.0197315,3.1097314,2.8297315,3.4497313,3.5797315,3.7897315,4.8897314,5.2997313,5.4197316,5.089731,3.4497313,3.6197314,2.9497313,3.6397314,3.0897315,2.9797316,2.7397316,2.4697313,2.7897315,2.6597314,2.4097314,1.8097315,2.3197315,2.0197315,2.8197315
0.8197315,2.0797315,2.4697313,1.5597315,1.5397315,1.1497314,1.5297314,1.3697314,1.6697315,0.69973147,0.18973145,1.0297314,1.4697315,1.2997315,3.3397315,2.9897316,3.2997315,3.5297315,3.0297315,3.7197313,3.8997314,4.3497314,4.9397316,5.3797317,5.0297313,4.1597314,2.3897314,2.3597314,2.9897316,3.8497314,3.3397315,3.1897314,2.4097314,2.7697315,3.0297315,3.9397314,2.6297314,2.8697314,2.9397314,2.9797316,2.5397315
