wind_kz.json
{"header": {"discipline":0,"disciplineName":"Meteorological products","gribEdition":2,"gribLength":948,"center":7,"centerName":"US National Weather Service - NCEP(WMC)","subcenter":0,"refTime":"2024-04-08T00:00:00.000Z","significanceOfRT":1,"significanceOfRTName":"Start of forecast","productStatus":0,"productStatusName":"Operational products","productType":1,"productTypeName":"Forecast products","productDefinitionTemplate":0,"productDefinitionTemplateName":"Analysis/forecast at horizontal level/layer at a point in time","parameterCategory":0,"parameterCategoryName":"UnknownDiscipline_0_Category_0","parameterNumber":0,"parameterNumberName":"UnknownParameter_D0_C0_0","parameterUnit":"Unknown","genProcessType":2,"genProcessTypeName":"Forecast","forecastTime":300,"surface1Type":1,"surface1TypeName":"Ground or water surface","surface1Value":0.0,"surface2Type":255,"surface2TypeName":"Missing","surface2Value":0.0,"gridDefinitionTemplate":0,"gridDefinitionTemplateName":"Latitude_Longitude","numberPoints":615,"shape":6,"shapeName":"Earth spherical with radius of 6,371,229.0 m","gridUnits":"degrees","resolution":48,"winds":"true","scanMode":64,"nx":41,"ny":15,"basicAngle":0,"lo1":47.0,"la1":41.0,"lo2":87.0,"la2":55.0,"dx":1.0,"dy":1.0}, "data":
[rows 0 to 14 of 15, columns 0 to 40 of 41]
301.0235,289.6235,291.0235,283.0235,284.0235,285.92352,302.5235,314.92352,311.6235,313.32352,310.42352,309.82352,308.92352,309.5235,309.6235,307.7235,307.42352,306.42352,308.2235,299.42352,305.5235,301.0235,296.7235,289.92352,298.2235,299.7235,292.1235,283.42352,283.82352,280.5235,274.7235,277.32352,289.7235,297.92352,299.82352,299.42352,299.0235,297.7235,296.7235,296.2235,295.32352
274.1235,287.6235,283.5235,283.5235,283.92352,285.92352,315.1235,311.0235,309.32352,308.5235,310.6235,308.0235,307.1235,307.32352,306.92352,306.6235,309.0235,304.42352,306.5235,305.32352,304.32352,300.1235,292.5235,283.6235,280.1235,278.0235,287.5235,285.82352,286.32352,276.5235,284.92352,270.32352,287.7235,256.6235,265.1235,295.1235,293.0235,294.6235,296.1235,290.1235,281.0235
291.1235,283.5235,283.32352,283.6235,286.92352,309.42352,308.7235,309.42352,308.32352,306.0235,304.0235,305.6235,305.82352,306.32352,304.42352,304.7235,303.7235,302.6235,301.6235,304.0235,304.0235,299.1235,294.6235,287.2235,291.2235,290.82352,291.82352,293.0235,290.1235,283.2235,278.6235,280.32352,286.32352,287.82352,286.6235,286.6235,271.32352,281.2235,280.2235,272.32352,266.32352
296.82352,284.7235,283.7235,283.82352,290.5235,307.5235,305.0235,306.82352,307.32352,305.42352,301.0235,297.6235,286.6235,287.2235,303.1235,302.92352,301.5235,302.0235,302.2235,302.7235,300.0235,291.92352,295.6235,295.7235,296.7235,296.1235,295.6235,290.7235,290.32352,292.5235,294.6235,294.5235,300.5235,300.92352,297.32352,290.82352,275.32352,261.1235,279.2235,286.32352,288.7235
299.32352,285.42352,285.0235,286.5235,296.92352,308.5235,305.32352,305.82352,305.7235,302.42352,300.32352,299.0235,286.1235,286.2235,284.92352,302.32352,302.2235,300.7235,298.2235,296.82352,297.1235,295.92352,293.5235,295.2235,294.0235,292.5235,291.42352,289.1235,293.7235,293.7235,295.6235,293.0235,282.42352,269.32352,287.7235,294.32352,289.2235,295.7235,293.2235,291.82352,288.5235
296.0235,292.92352,286.7235,285.2235,283.0235,283.5235,305.0235,303.32352,302.42352,301.32352,301.2235,301.0235,287.32352,285.2235,288.92352,301.92352,300.82352,300.7235,299.6235,299.6235,297.32352,295.42352,294.6235,293.0235,292.42352,290.2235,291.5235,272.0235,294.32352,293.92352,291.82352,291.6235,291.7235,291.0235,287.5235,287.1235,282.5235,283.0235,292.7235,289.7235,286.82352
291.42352,292.1235,303.32352,303.7235,297.32352,304.5235,303.42352,304.32352,300.82352,300.5235,301.5235,298.92352,299.0235,298.7235,299.2235,299.32352,299.5235,299.6235,299.6235,297.5235,296.2235,296.7235,295.32352,294.42352,292.1235,292.0235,291.92352,292.82352,291.7235,291.82352,290.42352,290.1235,290.0235,289.5235,293.5235,287.5235,280.1235,276.2235,273.1235,273.7235,281.92352
290.0235,290.2235,299.42352,303.7235,303.0235,302.32352,301.5235,299.0235,298.2235,297.7235,296.42352,296.0235,295.82352,295.6235,296.32352,296.92352,297.32352,296.7235,294.82352,292.6235,292.5235,292.32352,292.7235,293.32352,291.92352,289.1235,288.42352,288.1235,286.7235,287.82352,285.6235,286.32352,284.7235,281.7235,282.92352,286.32352,286.92352,273.1235,287.0235,286.32352,282.0235
289.42352,289.32352,301.6235,301.6235,299.7235,299.0235,297.5235,296.7235,295.32352,294.42352,294.42352,293.42352,292.92352,293.92352,293.92352,294.0235,293.5235,293.42352,292.5235,291.82352,289.7235,290.0235,289.92352,289.82352,289.0235,288.42352,286.0235,285.6235,284.32352,282.0235,281.7235,281.32352,283.6235,283.5235,283.7235,282.42352,283.32352,280.2235,263.32352,264.2235,261.42352
286.32352,288.92352,297.32352,297.5235,296.0235,296.7235,295.92352,295.2235,295.0235,293.82352,292.5235,292.7235,293.0235,292.82352,291.92352,292.2235,291.7235,292.42352,291.6235,290.7235,289.6235,289.42352,290.42352,288.42352,288.6235,287.0235,287.6235,286.1235,284.32352,283.1235,282.82352,284.82352,285.0235,283.7235,282.82352,284.2235,282.5235,275.7235,268.82352,270.82352,266.2235
284.32352,291.92352,295.32352,295.7235,295.0235,294.6235,294.32352,293.2235,292.92352,292.92352,291.0235,291.92352,292.7235,291.92352,292.0235,291.32352,290.82352,289.92352,289.6235,289.7235,290.0235,289.2235,288.82352,288.2235,287.92352,287.32352,284.7235,286.2235,286.1235,287.0235,286.82352,286.2235,285.2235,284.32352,283.5235,281.0235,274.92352,273.82352,273.7235,272.32352,269.32352
291.1235,292.6235,293.7235,293.82352,292.82352,292.82352,293.1235,291.92352,292.1235,291.6235,289.32352,291.42352,292.6235,291.2235,291.82352,290.82352,290.0235,289.92352,289.7235,288.82352,286.42352,286.5235,285.92352,286.92352,285.92352,286.42352,285.92352,286.92352,286.7235,286.82352,285.5235,285.0235,284.7235,282.82352,282.6235,282.32352,281.82352,280.32352,276.92352,278.42352,276.1235
286.82352,290.2235,293.0235,291.2235,293.32352,293.42352,293.2235,294.0235,294.0235,291.92352,289.6235,287.5235,290.5235,288.82352,290.0235,289.0235,289.7235,289.82352,290.82352,288.92352,289.5235,287.6235,285.92352,284.5235,285.2235,285.6235,286.5235,285.92352,285.92352,285.82352,285.5235,284.1235,283.32352,283.1235,282.6235,281.5235,280.0235,281.0235,278.82352,278.2235,276.6235
290.32352,292.42352,281.0235,291.42352,292.6235,292.5235,292.82352,291.7235,292.82352,292.32352,289.92352,286.5235,287.7235,288.1235,289.7235,290.6235,291.0235,290.82352,291.1235,290.32352,289.7235,288.92352,288.5235,287.92352,287.6235,287.92352,287.32352,286.5235,285.1235,285.0235,284.42352,283.42352,282.82352,280.92352,280.5235,279.0235,278.6235,278.42352,277.7235,275.0235,277.32352
290.0235,292.5235,273.42352,292.1235,293.0235,292.1235,292.92352,292.1235,292.82352,292.2235,292.32352,290.2235,287.5235,288.7235,289.82352,291.92352,291.2235,289.82352,291.2235,290.2235,289.92352,289.2235,288.7235,287.0235,287.82352,286.82352,286.2235,284.92352,284.32352,282.42352,283.2235,279.42352,282.82352,281.82352,280.82352,280.2235,280.32352,278.42352,279.1235,278.0235,277.42352
