wind_kz.json
{"header": {"discipline":0,"disciplineName":"Meteorological products","gribEdition":2,"gribLength":1025,"center":7,"centerName":"US National Weather Service - NCEP(WMC)","subcenter":0,"refTime":"2023-08-07T06:00:00.000Z","significanceOfRT":1,"significanceOfRTName":"Start of forecast","productStatus":0,"productStatusName":"Operational products","productType":1,"productTypeName":"Forecast products","productDefinitionTemplate":0,"productDefinitionTemplateName":"Analysis/forecast at horizontal level/layer at a point in time","parameterCategory":2,"parameterCategoryName":"UnknownDiscipline_0_Category_2","parameterNumber":3,"parameterNumberName":"UnknownParameter_D0_C2_3","parameterUnit":"Unknown","genProcessType":2,"genProcessTypeName":"Forecast","forecastTime":0,"surface1Type":103,"surface1TypeName":"Specified height level above ground","surface1Value":10.0,"surface2Type":255,"surface2TypeName":"Missing","surface2Value":0.0,"gridDefinitionTemplate":0,"gridDefinitionTemplateName":"Latitude_Longitude","numberPoints":615,"shape":6,"shapeName":"Earth spherical with radius of 6,371,229.0 m","gridUnits":"degrees","resolution":48,"winds":"true","scanMode":64,"nx":41,"ny":15,"basicAngle":0,"lo1":47.0,"la1":41.0,"lo2":87.0,"la2":55.0,"dx":1.0,"dy":1.0}, "data":
[rows 0 to 14 of 15, columns 0 to 40 of 41]
-1.1494775,2.1405225,1.2205224,4.7505226,2.1705225,-0.80947757,0.56052244,-0.58947754,-0.83947754,-1.3894775,-2.2894776,-3.4294775,-4.349478,-4.7694774,-4.1794777,-3.5594776,-2.7494776,-2.6794775,-0.30947754,-0.93947756,-1.1694776,-1.4594775,2.9105225,-4.6094775,2.0605226,2.4905224,1.7805225,1.4605224,-2.6594775,-3.3694775,2.1505225,2.4705224,-1.0894775,0.47052246,6.2505226,-4.7694774,-5.6694775,-5.8394775,2.3005226,1.2905225,1.1805224
-2.5494776,-1.2294775,1.9905225,3.3205225,-1.0394776,1.7905225,0.5205225,-1.4494776,-2.2294776,-2.7994776,-2.7394776,-2.7494776,-2.4894776,-3.3394775,-3.9694777,-4.9694777,-2.8894775,-1.2994776,-1.1494775,-0.82947755,-1.9094776,2.5905225,2.6905224,0.7605225,3.3605225,1.7205224,3.1905224,1.7805225,0.47052246,0.80052245,-3.5494776,-2.3094776,0.31052247,1.9905225,0.46052247,2.1605225,2.9405224,0.68052244,-4.2494774,-1.5994775,-0.87947756
-1.5294776,3.5305223,1.9305224,0.7705225,2.1905224,3.4705224,0.26052245,-1.2094775,-1.8494775,-3.5394776,-4.5294776,-5.4994774,-4.2294774,-1.8294775,-1.0394776,-3.4094775,-3.2694776,-4.4694777,-4.0894775,-3.0794775,-2.9294775,0.59052247,2.4305224,2.7005224,-2.6594775,-1.8894775,1.1805224,-1.2994776,-3.3094776,-3.2394776,-2.7394776,-1.2994776,-5.6794777,0.14052247,0.21052246,1.1305225,-1.7394775,0.45052245,-0.90947753,3.2005224,3.9305224
5.0805225,2.7805223,2.1505225,3.1305225,2.9805224,1.9905225,-0.51947755,-3.5294776,-4.349478,-5.099478,-5.5294776,-5.0594773,-3.0694776,-2.2294776,-1.2194775,-1.3194776,-2.1494775,-4.5294776,-4.4894776,-3.6794775,0.79052246,5.2605224,0.24052246,0.16052246,0.7105225,0.9505225,-0.08947754,2.6005225,0.5805225,-0.50947756,-2.6994774,-2.9094775,-5.2794776,0.02052246,1.2105224,1.4005225,2.9005225,1.0705224,-5.0894775,-3.7294776,-3.9994776
2.9205225,2.0705225,0.74052244,0.81052244,-3.2494776,-2.4394774,-3.3294775,-2.7394776,-4.3994775,-5.5694776,-6.9694777,-5.5494776,-3.8894775,-1.9794775,0.44052246,-2.7094774,-5.3894777,-4.6494775,-2.7294776,-3.9994776,1.2505225,1.0805224,0.9505225,1.1105225,1.5005225,2.4705224,1.4405224,-0.93947756,-0.22947754,3.2105224,3.5305223,2.9005225,2.1105225,-0.30947754,0.55052245,-2.3294775,-3.3194776,-0.44947755,-6.1794777,-5.0394773,-4.2794776
0.50052243,0.66052246,-0.88947755,-4.0594773,-3.1094775,-3.5994775,-5.8594775,-5.4494777,-5.3394775,-5.9994774,-8.219478,-6.9594774,-5.9294777,-4.4594774,-2.1794775,-0.18947753,-2.4794776,-3.9594774,-4.6094775,-3.6194775,-1.9794775,-0.009477539,-1.8094776,-1.3594775,-0.11947754,-1.0494776,-0.38947755,4.4305224,-0.70947754,4.3405223,4.4705224,4.6705227,0.7605225,1.8605225,3.6205225,0.79052246,0.46052247,-7.8094773,-1.5194775,-0.35947755,-9.009478
-1.6894776,-2.3394775,-2.4294775,-3.3794775,-4.2194777,-5.7794776,-6.8394775,-6.7394776,-6.4694777,-6.8794775,-7.8294773,-7.2794776,-6.1794777,-5.2294774,-4.8094773,-4.1394777,-2.8294775,-3.3794775,-3.5594776,-1.8094776,-1.6694776,-1.0594776,-2.5394776,-1.4394776,-0.6794775,-1.1394775,-0.12947755,-2.1394775,3.7205224,5.0905223,3.6205225,3.5305223,0.19052246,-0.96947753,-0.25947753,3.4505224,1.7205224,1.7205224,0.60052246,4.1605225,-9.549478
-1.7194775,-2.6694775,-3.7994776,-4.4894776,-4.8194776,-5.7794776,-6.7294774,-7.0294776,-6.849478,-6.8394775,-7.2694774,-7.7794776,-6.5694776,-5.7294774,-4.1994777,-5.5394773,-3.5194776,-3.6194775,0.33052245,0.30052245,0.62052244,-1.4494776,-3.5794775,-3.6594775,-2.8094776,-0.15947753,-0.24947754,-0.11947754,-0.77947754,1.2705225,1.9805225,-0.34947753,-2.5294776,-3.8594775,-2.6594775,0.87052244,-0.9294775,2.8405225,0.45052245,-3.0394776,-3.6694775
-1.5494776,-2.2494776,-3.1994774,-4.1194777,-4.1294775,-5.5894775,-6.1494775,-5.8994775,-7.3094773,-6.8794775,-7.3094773,-6.6494775,-6.0294776,-6.6494775,-5.7794776,-3.9094775,-3.1794775,-2.4094775,-3.2494776,-2.5394776,-1.0194775,-1.7794776,-4.3594775,-2.9694777,-2.1794775,-2.1194775,-2.0194776,-2.8894775,-2.4294775,-1.2794776,-0.42947754,1.5505224,0.50052243,-0.71947753,-1.9994775,-4.0294776,-0.22947754,1.3805225,4.2905226,2.3605225,2.8105226
-1.6294775,-1.6994776,-2.8194776,-3.4994776,-4.5894775,-5.7594776,-5.9794774,-5.5594773,-7.2094774,-6.849478,-5.7294774,-6.9894776,-7.0794773,-5.1294775,-4.2494774,-4.2494774,-3.8894775,-4.2494774,-2.7594776,-1.9994775,-2.0994775,-3.4694777,-2.2394776,-1.3594775,-2.7894776,-2.0994775,-3.2594776,-3.8494775,-4.5594773,-3.1494775,-2.0394776,1.5305225,0.72052246,-0.70947754,0.24052246,2.1005225,1.8005224,1.1605225,2.0605226,1.5705224,0.5805225
-2.2194777,-2.3394775,-3.6594775,-4.4094777,-4.1794777,-4.7794776,-5.4994774,-5.6794777,-6.9994774,-6.099478,-4.6294775,-5.0394773,-5.7194777,-5.8094773,-5.2894773,-4.6794777,-5.1094775,-4.8594775,-3.8094776,-2.5094776,-2.5094776,-1.7894776,-0.8594775,-0.45947754,-2.2094774,-4.0294776,-3.4194775,-4.8594775,-4.2694774,-4.4194775,-2.4994776,0.62052244,-1.1294775,-2.1594775,-2.5994775,-1.7294775,1.6305225,-0.009477539,0.27052248,0.19052246,0.5705225
-2.3294775,-3.2994776,-3.3994775,-3.8894775,-4.6394777,-5.0694776,-6.2194777,-6.7494774,-7.2394776,-6.1194777,-3.7694776,-4.6494775,-5.3194776,-5.5894775,-5.9794774,-5.2094774,-4.6594777,-4.0794773,-1.4294776,-2.1694775,-0.48947755,-0.6094775,0.09052246,-1.1094775,-1.1094775,-3.8394775,-4.0794773,-4.3994775,-4.1394777,-3.4494774,-2.9094775,-2.7494776,-3.1694775,-3.1894774,-2.5494776,-3.0094776,-2.5094776,-2.1494775,-2.4094775,-2.0794775,-0.88947755
-2.3394775,-3.9094775,-5.0294776,-4.2194777,-3.6094775,-3.9594774,-5.5294776,-7.3794775,-7.5694776,-6.3594775,-2.6294775,-3.4194775,-5.2594776,-5.5394773,-5.6294775,-5.5294776,-4.2894773,-3.3894775,-1.9294776,-1.3394775,-0.65947753,-0.76947755,-1.4494776,-1.3194776,-1.7494775,-2.5294776,-3.1794775,-3.0294776,-3.2494776,-2.9494774,-2.4394774,-2.4094775,-1.3194776,-2.3594775,-1.6494775,-2.6394775,-2.4794776,-1.6494775,-2.3694775,-2.8494775,-2.0794775
-2.8094776,-3.9994776,-3.7994776,-4.8194776,-4.7494774,-5.1194777,-6.1894774,-6.0194774,-7.0394773,-6.4794774,-3.4594774,-2.4294775,-4.6194777,-5.4194775,-4.7394776,-4.7594776,-3.7294776,-2.0094776,-1.6694776,-2.2894776,-2.6894774,-1.9894775,-0.75947756,-1.2294775,-1.9994775,-1.4594775,-2.2494776,-2.0294776,-2.7394776,-3.0594776,-3.1294775,-3.5394776,-3.4894776,-3.0794775,-1.8894775,-2.8994775,-2.4194775,-2.3494775,-2.0594776,-2.1894774,-3.3494775
-1.9694775,-3.9394774,-3.8794775,-4.7694774,-5.3894777,-4.6394777,-5.7094774,-5.9894776,-6.6894774,-5.1294775,-2.6194775,-3.3194776,-1.4994775,-3.2494776,-5.349478,-3.4094775,-3.0794775,-1.4294776,-2.5094776,-3.3194776,-1.4294776,-1.0494776,-1.3894775,-1.0194775,-0.68947756,-1.5294776,-2.2894776,-3.4294775,-3.1794775,-3.3894775,-2.5294776,-2.1194775,-2.6994774,-3.2194777,-2.4494774,-3.0294776,-1.4594775,-0.34947753,-1.3094776,-1.3394775,-0.81947756
