wind.json
{"header": {"discipline":0,"disciplineName":"Meteorological products","gribEdition":2,"gribLength":1039,"center":7,"centerName":"US National Weather Service - NCEP(WMC)","subcenter":0,"refTime":"2023-07-02T00:00:00.000Z","significanceOfRT":1,"significanceOfRTName":"Start of forecast","productStatus":0,"productStatusName":"Operational products","productType":1,"productTypeName":"Forecast products","productDefinitionTemplate":0,"productDefinitionTemplateName":"Analysis/forecast at horizontal level/layer at a point in time","parameterCategory":0,"parameterCategoryName":"UnknownDiscipline_0_Category_0","parameterNumber":0,"parameterNumberName":"UnknownParameter_D0_C0_0","parameterUnit":"Unknown","genProcessType":2,"genProcessTypeName":"Forecast","forecastTime":180,"surface1Type":1,"surface1TypeName":"Ground or water surface","surface1Value":0.0,"surface2Type":255,"surface2TypeName":"Missing","surface2Value":0.0,"gridDefinitionTemplate":0,"gridDefinitionTemplateName":"Latitude_Longitude","numberPoints":688,"shape":6,"shapeName":"Earth spherical with radius of 6,371,229.0 m","gridUnits":"degrees","resolution":48,"winds":"true","scanMode":64,"nx":43,"ny":16,"basicAngle":0,"lo1":45.0,"la1":40.0,"lo2":87.0,"la2":55.0,"dx":1.0,"dy":1.0}, "data":
[rows 0 to 15 of 16, columns 0 to 42 of 43]
300.02814,292.92813,320.02814,325.72812,322.22812,301.1281,298.6281,298.1281,327.22812,324.72812,319.82812,322.22812,323.32812,322.92813,322.72812,322.42813,322.1281,322.52814,322.02814,320.92813,318.22812,313.1281,305.02814,305.52814,310.22812,302.82812,303.6281,287.52814,289.22812,291.22812,294.92813,304.6281,304.72812,305.42813,307.92813,306.02814,310.42813,309.02814,313.32812,311.6281,313.32812,312.1281,313.22812
301.22812,320.82812,319.82812,304.32812,313.52814,298.22812,299.82812,295.82812,315.52814,325.22812,322.22812,323.92813,321.92813,322.6281,322.02814,322.72812,322.82812,321.52814,321.72812,320.52814,321.52814,320.92813,324.02814,318.02814,316.32812,307.42813,308.6281,311.32812,308.02814,289.02814,287.32812,287.82812,287.72812,289.92813,298.22812,299.52814,310.02814,310.6281,311.72812,312.32812,310.72812,312.1281,314.02814
304.42813,297.52814,290.32812,306.52814,297.92813,297.52814,299.1281,295.52814,327.32812,323.52814,321.52814,321.72812,322.72812,322.42813,321.32812,320.22812,322.6281,323.22812,323.42813,322.42813,321.52814,322.32812,321.42813,318.22812,315.1281,302.92813,282.92813,285.1281,293.1281,283.02814,291.02814,283.72812,287.32812,276.42813,286.42813,271.72812,277.42813,302.02814,304.02814,305.6281,311.92813,301.72812,285.6281
299.72812,304.02814,306.72812,298.02814,297.42813,296.92813,296.22812,316.1281,323.6281,323.52814,321.42813,320.1281,319.82812,320.1281,316.1281,321.22812,321.32812,321.6281,320.6281,320.22812,320.22812,319.6281,320.42813,319.42813,317.02814,309.32812,313.6281,311.02814,298.52814,293.92813,294.72812,284.52814,279.32812,281.92813,290.72812,286.32812,287.72812,286.6281,278.92813,283.82812,285.32812,287.42813,284.92813
313.82812,318.82812,316.1281,298.42813,297.92813,297.32812,299.72812,316.82812,325.22812,322.42813,322.22812,320.6281,318.02814,313.82812,295.82812,295.22812,317.42813,321.42813,319.1281,319.52814,319.42813,318.42813,315.42813,313.22812,317.22812,315.32812,318.6281,316.72812,316.92813,310.32812,296.52814,300.22812,303.42813,301.1281,308.42813,307.02814,300.72812,297.6281,283.32812,280.1281,283.52814,294.32812,298.02814
319.1281,322.92813,316.22812,298.6281,298.22812,298.92813,304.1281,317.82812,318.82812,325.72812,323.32812,321.52814,319.32812,314.82812,296.32812,295.72812,293.32812,320.6281,320.1281,316.22812,313.32812,315.22812,317.02814,318.32812,318.22812,318.02814,319.1281,317.42813,305.72812,304.42813,311.82812,307.02814,313.32812,309.02814,286.02814,282.82812,293.72812,299.92813,306.52814,311.72812,308.02814,305.42813,305.52814
306.1281,316.42813,305.6281,305.72812,299.82812,299.02814,298.82812,298.42813,326.92813,324.32812,322.82812,319.6281,318.1281,317.22812,298.42813,295.72812,304.42813,314.72812,318.6281,317.92813,316.92813,316.72812,315.22812,314.1281,314.22812,315.22812,315.02814,316.52814,305.02814,291.22812,312.42813,308.6281,311.82812,310.52814,306.32812,306.02814,302.6281,300.1281,295.72812,299.6281,304.92813,310.6281,307.72812
306.92813,306.32812,308.82812,315.72812,316.1281,316.32812,309.82812,313.1281,325.22812,320.82812,320.1281,319.1281,318.72812,317.6281,318.02814,317.82812,316.6281,315.6281,316.52814,316.02814,315.52814,314.1281,312.22812,312.22812,311.6281,311.72812,309.52814,310.1281,312.32812,314.42813,311.82812,309.42813,306.1281,304.92813,308.02814,306.92813,307.32812,305.22812,298.82812,292.6281,292.6281,290.22812,301.6281
317.42813,311.6281,314.42813,318.92813,315.6281,315.72812,320.02814,319.02814,319.72812,319.1281,316.92813,317.1281,316.32812,316.42813,316.82812,315.42813,316.6281,316.22812,317.6281,314.6281,312.6281,310.32812,309.92813,309.6281,308.1281,307.6281,306.92813,305.72812,302.92813,303.72812,298.6281,304.22812,299.6281,299.22812,297.22812,299.22812,300.72812,300.42813,296.92813,289.32812,305.82812,305.02814,301.72812
294.72812,312.42813,313.72812,317.52814,313.42813,312.1281,312.92813,315.82812,318.1281,317.72812,316.52814,315.82812,314.32812,314.6281,312.82812,315.22812,313.82812,317.02814,315.22812,313.92813,311.02814,308.72812,305.82812,306.22812,306.52814,304.92813,303.52814,304.92813,300.02814,297.02814,293.22812,292.22812,294.1281,293.1281,299.52814,299.42813,301.32812,297.52814,299.72812,297.6281,287.22812,288.92813,288.1281
301.1281,304.6281,310.1281,307.92813,310.32812,313.6281,317.22812,318.82812,317.52814,316.52814,314.72812,313.42813,312.6281,312.22812,311.42813,310.82812,311.92813,315.6281,313.42813,311.72812,310.92813,309.1281,305.32812,306.1281,306.72812,304.52814,301.72812,301.02814,297.32812,297.42813,293.02814,295.22812,295.6281,296.52814,301.22812,303.02814,299.6281,298.1281,295.52814,290.82812,289.42813,288.42813,286.6281
306.52814,301.02814,311.32812,308.72812,315.22812,314.02814,315.1281,316.42813,304.72812,312.72812,310.02814,306.02814,308.32812,307.02814,306.92813,306.92813,305.92813,307.1281,307.1281,307.92813,300.02814,304.1281,303.6281,304.02814,300.72812,299.72812,297.1281,297.22812,296.42813,299.6281,300.32812,300.6281,300.82812,299.82812,299.42813,300.72812,296.1281,297.6281,291.1281,288.42813,289.32812,287.02814,286.1281
304.42813,306.82812,309.1281,310.52814,314.1281,312.32812,310.52814,310.02814,309.42813,309.1281,309.22812,308.72812,306.52814,303.22812,305.42813,304.1281,304.82812,305.52814,300.42813,303.52814,303.92813,301.32812,298.02814,298.72812,300.02814,293.92813,297.02814,299.32812,299.6281,300.6281,300.92813,297.32812,296.82812,296.32812,296.92813,295.6281,294.92813,296.72812,298.72812,296.52814,290.92813,293.72812,292.72812
299.52814,302.02814,304.92813,307.02814,309.52814,307.92813,307.52814,307.22812,307.32812,308.92813,308.02814,307.72812,304.02814,301.22812,303.42813,301.82812,302.72812,301.6281,301.82812,302.92813,297.42813,298.1281,297.72812,296.1281,296.32812,295.22812,299.32812,299.02814,300.32812,297.92813,296.32812,292.52814,293.32812,291.1281,292.1281,294.72812,293.32812,293.42813,293.92813,296.92813,291.92813,295.42813,291.42813
291.32812,292.72812,297.72812,303.1281,295.6281,309.6281,307.42813,305.02814,303.72812,302.52814,305.02814,305.52814,303.22812,300.22812,300.82812,300.82812,300.82812,300.42813,300.42813,296.42813,294.92813,299.42813,298.22812,297.22812,297.22812,292.1281,293.52814,292.92813,291.42813,295.02814,289.32812,293.92813,289.92813,293.92813,290.32812,290.6281,291.32812,293.42813,291.6281,291.72812,294.52814,295.02814,293.42813
297.6281,293.92813,290.32812,293.02814,292.1281,300.72812,300.02814,306.72812,306.52814,305.02814,304.02814,305.02814,303.82812,301.32812,301.02814,301.6281,301.82812,301.52814,301.72812,299.02814,297.92813,297.32812,293.1281,291.22812,295.72812,293.22812,293.6281,294.42813,290.42813,291.1281,292.52814,286.1281,289.6281,288.42813,293.32812,294.42813,293.92813,290.52814,293.82812,290.6281,294.02814,291.42813,290.1281
