wind_kz.json
[{"header":{"discipline":0,"disciplineName":"Meteorological products","gribEdition":2,"gribLength":948,"center":7,"centerName":"US National Weather Service - NCEP(WMC)","subcenter":0,"refTime":"2023-09-19T00:00:00.000Z","significanceOfRT":1,"significanceOfRTName":"Start of forecast","productStatus":0,"productStatusName":"Operational products","productType":1,"productTypeName":"Forecast products","productDefinitionTemplate":0,"productDefinitionTemplateName":"Analysis/forecast at horizontal level/layer at a point in time","parameterCategory":0,"parameterCategoryName":"UnknownDiscipline_0_Category_0","parameterNumber":0,"parameterNumberName":"UnknownParameter_D0_C0_0","parameterUnit":"Unknown","genProcessType":2,"genProcessTypeName":"Forecast","forecastTime":180,"surface1Type":1,"surface1TypeName":"Ground or water surface","surface1Value":0.0,"surface2Type":255,"surface2TypeName":"Missing","surface2Value":0.0,"gridDefinitionTemplate":0,"gridDefinitionTemplateName":"Latitude_Longitude","numberPoints":615,"shape":6,"shapeName":"Earth spherical with radius of 6,371,229.0 m","gridUnits":"degrees","resolution":48,"winds":"true","scanMode":64,"nx":41,"ny":15,"basicAngle":0,"lo1":47.0,"la1":41.0,"lo2":87.0,"la2":55.0,"dx":1.0,"dy":1.0},"data":[305.7,294.0,298.6,294.2,294.0,293.9,303.1,307.6,304.1,304.4,301.3,302.8,302.1,302.3,301.8,301.4,301.6,301.3,302.8,302.9,304.5,301.1,301.9,297.1,299.8,302.0,297.1,284.0,281.9,280.0,279.4,274.3,286.4,290.0,291.3,290.7,290.6,289.8,289.4,287.8,286.8,288.4,297.9,293.9,293.9,293.5,292.6,307.5,303.8,301.7,301.2,303.2,301.8,301.5,301.1,301.4,301.8,302.4,302.5,300.7,300.6,302.1,301.7,300.3,291.4,283.6,282.8,290.2,284.5,283.9,274.6,281.2,271.2,282.5,254.3,262.7,287.1,285.7,286.5,289.3,281.3,283.6,300.6,293.0,294.0,293.5,291.9,303.4,303.0,302.6,301.6,300.6,299.9,300.6,300.7,301.1,300.4,300.6,300.4,300.8,300.9,301.2,299.7,297.7,297.9,289.9,294.1,292.2,293.3,292.2,290.2,281.9,269.7,274.5,279.8,279.8,281.0,279.5,265.9,269.1,269.8,264.3,256.0,299.4,292.7,293.9,292.8,295.5,302.4,302.3,301.0,302.0,300.6,298.5,296.7,291.7,291.1,300.6,300.3,299.0,298.8,298.8,299.0,297.7,292.0,295.9,295.5,295.4,294.8,294.8,291.1,289.4,290.7,290.9,288.3,292.5,288.9,287.2,283.2,266.0,259.1,268.9,281.8,285.1,299.7,291.3,292.4,291.5,295.9,302.0,301.9,302.5,300.3,299.4,298.9,297.5,290.6,289.6,288.3,299.8,299.5,298.3,297.9,297.6,297.8,297.8,296.7,296.0,295.1,294.3,292.2,292.1,292.5,291.8,293.0,289.3,275.2,265.3,279.5,286.0,290.1,290.2,289.2,289.2,288.8,301.7,298.5,290.7,290.2,291.1,290.6,301.8,301.6,297.9,299.6,299.4,298.9,291.7,290.5,294.9,298.2,299.3,299.1,298.5,298.3,297.2,296.3,295.8,295.6,295.0,292.5,292.3,288.2,293.1,292.9,290.5,290.9,289.1,286.8,283.0,289.0,278.1,280.9,287.5,287.5,287.7,301.7,302.2,301.5,301.0,298.4,300.9,300.2,297.7,299.5,300.5,299.2,299.0,298.2,298.6,298.1,298.5,299.0,299.3,299.1,297.8,296.7,296.6,296.5,296.4,294.2,293.8,293.2,293.3,292.0,293.1,291.2,290.7,290.5,290.2,287.4,284.6,278.0,270.7,268.6,267.8,283.0,301.5,301.8,302.5,301.8,300.7,300.8,301.3,300.3,300.0,299.2,299.0,298.2,297.8,297.3,298.4,298.8,298.0,298.8,298.3,296.2,295.4,295.4,295.1,294.2,293.4,290.8,290.3,290.6,288.3,288.9,287.6,288.3,286.9,285.1,284.6,285.2,285.5,287.2,283.0,282.9,278.3,301.5,301.2,301.5,302.0,301.7,301.6,301.2,300.6,299.7,299.2,298.2,298.3,296.6,297.7,297.0,298.1,298.0,298.0,296.1,295.2,293.3,293.2,293.7,293.5,292.0,291.9,290.4,288.0,287.8,285.2,284.9,285.5,286.2,286.0,284.8,282.1,281.0,278.9,261.0,264.9,263.0,301.3,302.4,302.4,301.9,301.6,301.4,301.0,300.3,299.8,299.1,297.6,297.2,297.6,296.9,296.7,296.4,296.7,297.2,296.2,295.4,293.6,292.8,292.4,293.7,293.3,291.8,291.4,290.6,289.6,288.8,288.0,287.8,287.7,287.9,285.8,282.5,278.7,272.9,270.9,265.4,268.7,301.6,301.3,300.4,300.4,300.8,300.7,301.1,301.4,300.9,299.7,297.5,296.9,297.1,295.8,295.8,296.2,295.7,296.1,295.4,293.8,293.9,292.9,292.7,292.8,291.9,292.2,289.8,291.9,291.8,292.4,291.9,290.9,287.5,286.3,287.3,283.3,277.7,275.7,276.1,273.8,271.6,301.6,302.5,301.9,301.9,301.2,300.4,299.4,299.4,299.9,298.8,295.2,295.4,296.2,294.3,294.5,295.3,295.3,295.0,294.4,293.4,292.0,291.5,291.2,291.8,291.0,292.3,292.1,292.9,292.9,292.9,291.2,291.3,289.9,285.4,284.2,282.2,283.0,281.2,278.9,278.3,278.6,297.3,300.1,300.6,301.2,300.3,299.5,299.5,299.9,299.2,298.0,293.8,292.4,295.3,293.6,294.5,294.7,294.9,294.2,294.5,292.7,292.3,290.9,290.2,290.0,291.6,292.3,293.4,292.1,292.1,291.3,291.8,291.1,290.3,288.6,286.1,283.2,281.0,281.5,283.2,280.6,278.3,299.1,300.7,293.5,300.0,299.3,299.1,298.1,296.9,297.7,297.0,293.1,291.1,293.0,294.7,294.4,294.9,294.4,293.5,293.5,293.5,293.5,292.7,292.4,291.9,292.1,292.7,292.4,292.0,291.3,290.9,290.3,289.4,288.9,287.7,288.2,286.1,282.6,280.8,279.5,280.0,281.6,297.7,299.3,287.8,298.5,298.0,297.4,295.6,292.7,297.0,296.7,294.4,292.0,289.9,290.6,292.3,294.1,293.8,293.9,294.7,293.7,294.4,293.8,293.7,292.6,292.2,292.4,292.2,291.5,290.9,290.1,289.8,286.0,287.5,286.7,286.6,286.4,286.2,284.0,282.7,280.7,281.6]},{"header":{"discipline":0,"disciplineName":"Meteorological products","gribEdition":2,"gribLength":1025,"center":7,"centerName":"US National Weather Service - NCEP(WMC)","subcenter":0,"refTime":"2023-09-19T00:00:00.000Z","significanceOfRT":1,"significanceOfRTName":"Start of forecast","productStatus":0,"productStatusName":"Operational products","productType":1,"productTypeName":"Forecast products","productDefinitionTemplate":0,"productDefinitionTemplateName":"Analysis/forecast at horizontal level/layer at a point in time","parameterCategory":2,"parameterCategoryName":"UnknownDiscipline_0_Category_2","parameterNumber":2,"parameterNumberName":"UnknownParameter_D0_C2_2","parameterUnit":"Unknown","genProcessType":2,"genProcessTypeName":"Forecast","forecastTime":180,"surface1Type":103,"surface1TypeName":"Specified height level above ground","surface1Value":10.0,"surface2Type":255,"surface2TypeName":"Missing","surface2Value":0.0,"gridDefinitionTemplate":0,"gridDefinitionTemplateName":"Latitude_Longitude","numberPoints":615,"shape":6,"shapeName":"Earth spherical with radius of 6,371,229.0 m","gridUnits":"degrees","resolution":48,"winds":"true","scanMode":64,"nx":41,"ny":15,"basicAngle":0,"lo1":47.0,"la1":41.0,"lo2":87.0,"la2":55.0,"dx":1.0,"dy":1.0},"data":[-2.2498999,1.2601001,-3.3198998,-5.3698997,-4.6299,-3.2199,-5.5199,-5.5599,-5.8299,-4.4298997,-3.8499,-2.8399,-2.4399,-1.2298999,-1.9398999,-1.8598999,-2.9699,-3.7698998,-2.5999,-0.9998999,0.5801001,0.3601001,3.3501,3.2601001,1.9701,2.8901,3.0701,2.9301002,0.3701001,1.0101001,-1.2098999,0.8801001,-1.7799,-3.3399,-3.6899,-3.5098999,-3.4399,-2.8599,-4.0499,-1.0498999,-1.6298999,0.5201001,-4.3898997,-5.7599,-6.0399,-3.8098998,-0.7098999,-6.4999,-6.4199,-6.2299,-5.6198997,-5.5699,-6.0499,-5.2599,-4.1398997,-3.8399,-2.6499,-0.31989992,-4.2099,-5.2799,-5.3698997,-2.3599,-0.6198999,0.1101001,1.8701001,1.2801001,-0.28989992,0.3401001,2.8401,1.4201001,-0.1898999,0.3601001,-0.4198999,0.9601001,-1.8798999,-0.1998999,0.4001001,0.1301001,-0.3498999,1.1701001,-1.6699,0.3401001,-5.7399,-6.9298997,-7.6099,-5.6398997,-3.4799,-5.5299,-6.5399,-6.5599,-7.3799,-7.8698997,-8.2299,-7.9098997,-7.1198997,-7.5599,-7.6299,-7.5599,-6.5499,-5.0499,-2.8999,-2.2498999,-9.1299,-10.5199,-7.2099,-7.8698997,-2.9199,-3.3799,-1.8798999,-1.5198998,2.6701002,-0.3998999,-0.24989991,-1.3298999,0.3301001,-0.21989991,-1.7498999,-0.6398999,0.1301001,0.2101001,-1.4298999,2.1601,2.4101,-8.5999,-7.9899,-6.5599,-1.8598999,-3.6399,-5.7299,-5.2199,-7.1299,-7.9399,-9.3699,-9.7199,-9.0399,-5.2299,-4.7199,-8.8199,-9.1999,-9.6399,-9.8699,-9.7799,-10.4299,-9.5199,-11.5299,-7.8099,-8.5299,-8.3998995,-8.2299,-7.8698997,-7.4699,-6.1198997,-3.1099,0.6601001,0.7301001,-2.3098998,-0.0998999,0.6001001,0.5601001,-0.8898999,2.3001,0.5201001,-1.5198998,-2.2498999,-8.5399,-8.0999,-7.5199,-6.7699,-5.1398997,-6.2199,-6.6299,-6.7599,-7.5499,-8.4299,-8.8199,-7.9399,-5.5899,-2.4898999,-4.8299,-8.4199,-8.6599,-8.2299,-8.6799,-9.189899,-9.7599,-9.1599,-8.6599,-8.5799,-8.5699,-8.3099,-7.8199,-7.1499,-6.4399,-5.7299,-5.7599,-2.8699,-1.0798999,0.6601001,-1.6198999,-1.6398998,0.6301001,-1.4498999,-2.0598998,-0.9098999,0.090100095,-7.8399,-7.2099,-7.8898997,-7.4498997,-6.2299,-3.6699,-6.3399,-6.3999,-5.9699,-6.3698997,-6.1299,-6.7899,-6.8599,-5.3499,-6.1598997,-6.4098997,-6.8399,-6.9298997,-7.3399,-7.2299,-7.5699,-6.8399,-6.2299,-6.3099,-6.9498997,-8.0199,-7.1598997,-4.5399,-6.2299,-5.8399,-6.1099,-4.9999,-4.8199,-3.5798998,-2.5098999,1.4501001,-0.1698999,0.9901001,-1.5998999,-1.0198998,0.9101001,-7.3099,-7.2399,-6.6699,-6.0299,-3.0398998,-5.4899,-5.5499,-4.8599,-5.1398997,-4.8698997,-4.4098997,-4.8799,-4.6598997,-5.1899,-5.1198997,-4.7599,-4.7799,-4.6598997,-4.9399,-5.3799,-5.5599,-5.0299,-4.5399,-3.9799,-4.4899,-5.1499,-5.9298997,-5.6899,-5.1398997,-3.8298998,-4.6998997,-4.0499,-3.6399,-1.7198999,-0.92989993,1.1401001,-0.029899903,1.9501001,0.43010008,1.4601,-0.1898999,-5.8499,-5.5499,-5.3698997,-5.0699,-4.6598997,-4.2799,-4.1598997,-3.6699,-3.6399,-3.3799,-3.1399,-3.0498998,-2.9399,-3.0298998,-2.5999,-3.1299,-2.6099,-3.1799,-2.8899,-3.4898999,-3.6899,-3.4998999,-3.6299,-3.0798998,-2.9299,-2.6799,-3.5398998,-2.6399,-2.9799,-3.5198998,-3.1299,-1.6198999,-3.6699,-2.0899,-2.0298998,-1.7098999,-0.8698999,3.0101001,3.7501001,3.6001,1.5701001,-4.4599,-4.3799,-4.0699,-3.9998999,-3.7299,-3.6499,-3.4599,-3.0198998,-2.5698998,-2.4599,-1.7698998,-1.3698999,-1.4598999,-1.1699,-1.0598999,-0.9098999,-1.0698999,-1.4498999,-1.6998999,-1.5898999,-1.6898999,-1.7598999,-1.6098999,-0.9898999,-1.5299,-0.67989993,-0.7798999,-1.1298999,-1.5598999,-0.7798999,-1.6198999,-1.8999,-0.5298999,-1.8398999,-1.0598999,1.3101001,-0.28989992,-2.3799,-0.8198999,1.4601,-1.2698998,-2.8298998,-2.8499,-2.8999,-2.7598999,-2.7099,-2.4599,-2.4699,-2.3599,-2.3599,-1.9798999,-1.7598999,-0.8898999,0.1101001,0.5501001,1.1001,0.8101001,0.9401001,1.3901001,1.1801001,1.1001,1.0001001,0.030100098,1.1501001,0.46010008,-0.3798999,1.00097655E-4,0.120100096,0.6301001,0.2301001,-0.24989991,-0.4498999,-1.2698998,-1.3398999,-1.4199,-1.6898999,-0.3498999,0.5901001,0.030100098,-2.2598999,-0.67989993,-0.029899903,-1.8398999,-1.8598999,-1.7598999,-1.6298999,-1.8198999,-1.3798999,-1.0299,-0.8798999,0.2201001,1.0801,1.4201001,2.1301,1.7401001,2.4201002,2.3401,2.3701,2.6101,2.4901001,2.5501,2.6701002,2.7301002,2.0801,2.1901002,1.7201,1.2201,1.1301001,0.9501001,0.5601001,1.0501001,1.3301,0.6801001,-0.7398999,-0.24989991,0.1901001,1.00097655E-4,0.8401001,-0.7598999,0.6301001,0.060100097,-0.1098999,0.4201001,-0.9398999,-0.7198999,-0.5598999,0.3701001,0.9001001,1.7301002,1.7401001,2.3501,2.3101,1.7201,1.9601,2.4601002,1.3801001,2.0701,2.5701,2.6201,2.7401001,2.5501,2.5001001,2.7701,2.2401001,2.5901,2.0601,2.5601,2.1901002,2.3201,1.4001001,1.9301001,2.0501,2.0901,1.7401001,2.2001002,-0.1298999,1.3101001,1.2101,0.9901001,0.6101001,-1.1699,-0.5898999,-0.92989993,-0.7298999,1.9801002,1.3601002,3.3801,2.1801002,3.1801002,1.9501001,2.1501,2.0601,1.1601001,0.8901001,1.6101002,1.4301001,-0.1598999,0.8401001,1.2201,1.6101002,1.8401,1.9901001,1.8901001,2.6401,2.7601001,2.8601,2.4101,2.5801,2.5901,2.5501,2.8801,2.8701,3.2201002,2.8301,2.9401002,2.5401,2.4501002,0.2401001,1.0101001,0.9601001,1.4701,0.6701001,0.120100096,-0.4698999,0.1301001,3.7201002,3.0901,1.2401001,3.2101002,3.1601,3.1701002,3.3001,3.2401001,3.4101,2.3101,1.9401001,2.0901,0.9401001,0.7501001,1.8901001,2.3801,2.6701002,2.6801002,2.7801,3.3001,3.4801002,3.1801002,3.5401,3.4701002,3.7801,4.0501003,3.8501,3.6601,3.3301,3.2101002,3.1201,3.0201,2.7801,2.6501,1.6201001,0.5601001,0.2001001,1.1601001,0.9701001,1.3401,0.2601001,3.1801002,4.5401,3.5101001,4.2401,4.2401,3.7301002,3.7901,3.3901,3.7301002,3.2401001,1.0401001,3.6701002,2.6801002,2.6701002,3.7801,3.3801,3.6001,3.8801,3.9201002,4.2001,4.4001,4.4401,4.2601,4.0301,4.0701003,4.2701,4.0801,3.7201002,3.4701002,3.3701,3.6601,3.9101,2.8401,3.1301,3.1201,2.6401,1.7901001,2.4601002,2.3001,1.2001001,-0.5798999]},{"header":{"discipline":0,"disciplineName":"Meteorological products","gribEdition":2,"gribLength":1025,"center":7,"centerName":"US National Weather Service - NCEP(WMC)","subcenter":0,"refTime":"2023-09-19T00:00:00.000Z","significanceOfRT":1,"significanceOfRTName":"Start of forecast","productStatus":0,"productStatusName":"Operational products","productType":1,"productTypeName":"Forecast products","productDefinitionTemplate":0,"productDefinitionTemplateName":"Analysis/forecast at horizontal level/layer at a point in time","parameterCategory":2,"parameterCategoryName":"UnknownDiscipline_0_Category_2","parameterNumber":3,"parameterNumberName":"UnknownParameter_D0_C2_3","parameterUnit":"Unknown","genProcessType":2,"genProcessTypeName":"Forecast","forecastTime":180,"surface1Type":103,"surface1TypeName":"Specified height level above ground","surface1Value":10.0,"surface2Type":255,"surface2TypeName":"Missing","surface2Value":0.0,"gridDefinitionTemplate":0,"gridDefinitionTemplateName":"Latitude_Longitude","numberPoints":615,"shape":6,"shapeName":"Earth spherical with radius of 6,371,229.0 m","gridUnits":"degrees","resolution":48,"winds":"true","scanMode":64,"nx":41,"ny":15,"basicAngle":0,"lo1":47.0,"la1":41.0,"lo2":87.0,"la2":55.0,"dx":1.0,"dy":1.0},"data":[3.618482,2.468482,-1.421518,-0.16151795,-2.6715178,-3.9415178,-2.611518,-1.181518,-1.821518,-2.881518,-3.341518,-3.091518,-2.781518,-3.821518,-5.191518,-5.3115177,-5.5615177,-4.091518,-4.511518,-4.0415177,-3.051518,-3.351518,-2.301518,1.0484821,3.048482,1.0284821,0.97848207,0.56848204,-2.511518,-2.781518,2.228482,2.868482,-2.491518,1.2584821,-0.791518,-0.71151793,-1.1315179,-1.021518,-0.45151794,-2.821518,1.6684821,-1.311518,1.088482,2.188482,0.13848205,-2.9415178,-5.611518,-1.8315179,-1.291518,-1.4515179,-2.611518,-1.781518,-3.1715178,-4.511518,-4.351518,-4.201518,-4.781518,-3.021518,-3.271518,-4.091518,-5.621518,-3.241518,-0.731518,-3.4215178,-1.571518,2.5684822,1.6584821,1.108482,2.398482,-0.0015179444,-2.001518,-0.5915179,-1.2115179,-2.4115179,-3.991518,-2.281518,2.988482,2.038482,1.8884821,1.188482,0.61848205,-0.32151794,1.488482,3.498482,2.488482,1.928482,1.198482,0.038482055,-0.50151795,-0.87151796,-0.731518,-2.071518,-3.6415179,-4.361518,-5.631518,-4.2715178,-5.631518,-6.391518,-6.3115177,-3.3915179,-3.6915178,-1.911518,-1.7215179,-6.331518,-4.071518,-1.661518,-1.261518,-0.70151794,-0.41151795,-2.081518,0.87848204,-1.151518,0.93848205,-0.55151796,-1.7215179,1.198482,-0.30151793,-0.88151795,2.0784822,1.308482,1.328482,-1.8315179,-1.8515179,0.63848203,1.488482,1.7684821,1.0084821,0.958482,0.42848206,0.28848207,-0.30151793,-0.14151794,-0.63151795,-2.261518,-4.511518,-7.531518,-8.661518,-4.591518,-4.8115177,-5.101518,-5.681518,-6.2715178,-5.171518,-4.0615177,-4.671518,-0.37151796,-1.5815179,-1.9815179,-2.861518,-3.061518,-2.701518,-1.8615179,-1.1015179,-3.721518,1.108482,0.66848207,-0.30151793,0.60848206,1.3684821,-0.58151793,1.6384821,2.148482,-1.641518,-0.71151793,-0.89151794,-0.981518,-1.2515179,-3.301518,-1.521518,0.028482055,-0.11151794,0.08848205,0.6484821,0.33848205,-0.46151793,-2.4215178,-5.851518,-6.651518,-4.191518,-4.681518,-4.691518,-4.851518,-4.431518,-4.011518,-2.881518,-1.401518,-1.171518,-1.3815179,-2.311518,-3.351518,-5.281518,-2.851518,-2.6415179,-3.341518,-4.321518,-4.511518,0.018482056,1.6384821,-0.64151794,1.088482,0.61848205,0.058482055,-0.28151795,0.068482056,0.14848205,1.1384821,1.328482,-1.151518,-2.011518,-3.021518,-3.381518,0.46848205,0.038482055,0.22848205,1.338482,1.178482,-0.82151794,-2.131518,-4.371518,-4.961518,-4.551518,-3.971518,-3.781518,-3.041518,-2.121518,-2.201518,-2.601518,-2.281518,-1.521518,-0.021517944,0.32848206,-1.3815179,-4.661518,-2.521518,-2.871518,-3.121518,-5.151518,-3.1415179,-3.6715178,-0.96151793,0.82848203,-1.071518,-1.6315179,3.978482,1.0184821,-0.31151795,0.13848205,1.678482,2.468482,2.5884821,3.428482,0.058482055,0.48848206,0.9084821,1.1284821,0.86848205,0.23848206,-0.7815179,-2.491518,-3.231518,-3.6615179,-4.261518,-4.0215178,-3.611518,-2.9115179,-2.351518,-2.341518,-2.6715178,-2.6615179,-1.151518,-0.51151794,-1.2415179,-1.2215179,-2.521518,-3.321518,-3.951518,-2.201518,-2.791518,-1.4815179,0.41848207,1.6584821,0.68848205,-1.301518,-2.121518,-0.9715179,-1.291518,-2.521518,0.94848204,1.328482,1.2984821,0.78848207,0.6484821,0.5884821,1.0284821,0.9084821,0.78848207,0.34848204,0.048482057,-0.11151794,-1.051518,-2.091518,-3.121518,-3.051518,-3.301518,-3.251518,-3.6615179,-2.1415179,-2.381518,-2.4215178,-2.551518,-2.841518,-2.9415178,-2.791518,-1.9915179,-2.871518,-2.011518,-2.701518,-3.771518,-4.681518,-2.951518,-5.0415177,-3.351518,-1.011518,-1.551518,-0.83151793,1.0184821,1.1584821,-0.70151794,1.848482,1.488482,1.5484821,1.1184821,0.67848206,0.67848206,0.34848204,0.17848206,0.46848205,-0.24151795,-0.45151794,-0.83151793,-1.161518,-1.671518,-2.1515179,-2.331518,-2.301518,-2.291518,-2.701518,-3.301518,-2.821518,-2.881518,-3.081518,-3.041518,-2.531518,-2.351518,-2.041518,-1.8715179,-2.811518,-2.531518,-3.471518,-3.061518,-3.881518,-3.1815178,-2.4315178,-2.6615179,2.288482,-1.531518,-0.55151796,-1.4815179,-3.521518,1.578482,1.428482,1.098482,1.3984821,1.098482,0.97848207,0.5984821,0.14848205,-0.12151794,-0.14151794,-0.7215179,-1.041518,-1.1315179,-1.311518,-1.4615179,-1.171518,-1.691518,-1.2415179,-1.4515179,-1.891518,-2.581518,-2.4415178,-2.281518,-2.211518,-2.201518,-2.201518,-2.1715178,-1.541518,-2.251518,-2.271518,-2.701518,-0.8515179,-0.981518,-2.031518,-1.281518,-0.37151796,0.17848206,0.50848204,-0.51151794,0.92848206,-0.75151795,1.7484821,1.808482,1.988482,1.5484821,2.178482,1.578482,0.5984821,-0.071517944,-0.47151795,-0.7815179,-1.4515179,-1.4615179,-0.9715179,-2.031518,-2.371518,-1.7515179,-1.531518,-1.411518,-0.9115179,-1.2215179,-1.4515179,-1.4615179,-1.651518,-1.6015179,-1.781518,-1.691518,-1.921518,-2.4015179,-2.371518,-2.001518,-1.0815179,2.268482,1.7484821,0.09848206,-2.131518,-1.561518,-1.8715179,-0.63151795,-2.341518,0.60848206,0.25848207,2.128482,2.788482,2.918482,2.678482,1.9184821,0.6484821,-0.43151796,-0.5915179,-0.52151793,-0.96151793,-1.9815179,-2.121518,-1.511518,-1.7315179,-1.4715179,-1.661518,-1.8315179,-1.531518,-0.48151794,-0.82151794,-0.94151795,-1.031518,-0.82151794,-0.87151796,-0.8515179,-1.291518,-1.6315179,-1.7015179,-2.001518,-1.551518,-0.6615179,0.13848205,2.748482,2.0684822,1.1284821,0.28848207,-0.6515179,-0.39151794,0.14848205,-0.28151795,-0.12151794,2.158482,3.5784822,1.968482,1.7584821,0.39848205,0.54848206,0.67848206,0.09848206,0.018482056,-0.86151797,-0.8515179,-1.921518,-1.511518,-1.9915179,-1.7215179,-1.511518,-0.96151793,-1.031518,-0.38151795,0.36848205,0.19848205,0.28848207,0.18848206,-0.69151795,-1.3415179,-1.531518,-1.5815179,-1.431518,-0.7815179,-0.9715179,-0.52151793,0.028482055,1.0384821,3.648482,3.1084821,2.8284822,2.128482,0.98848206,1.738482,2.178482,0.24848205,-0.6015179,1.718482,1.6384821,1.848482,0.55848205,-1.7115179,0.88848203,1.088482,0.28848207,0.81848204,0.078482054,-1.3315179,-2.991518,-1.431518,-0.7215179,-0.81151795,-0.36151794,-0.021517944,-0.28151795,-0.041517943,0.34848204,0.73848206,0.5284821,0.16848205,-0.16151795,-0.35151795,-0.51151794,-0.28151795,-0.38151795,-0.31151795,0.30848205,0.55848205,0.768482,1.4984821,2.738482,3.788482,3.178482,2.278482,2.418482,2.208482,2.0984821,1.0084821,2.408482,2.0684822,1.4084821,-0.17151794,0.22848205,0.13848205,-0.45151794,-0.32151794,-0.11151794,1.4084821,0.768482,-0.37151796,-1.041518,-1.5915179,-2.4415178,-0.87151796,-0.36151794,0.078482054,0.53848207,0.41848207,0.36848205,0.93848205,1.198482,0.79848206,0.5984821,0.38848206,0.26848206,0.24848205,0.44848207,0.80848205,2.478482,1.838482,0.61848205,1.188482,2.218482,5.448482,5.288482,4.4584823,3.658482,2.698482]}]