wind_kz.json
{"header": {"discipline":0,"disciplineName":"Meteorological products","gribEdition":2,"gribLength":871,"center":7,"centerName":"US National Weather Service - NCEP(WMC)","subcenter":0,"refTime":"2023-08-27T12:00:00.000Z","significanceOfRT":1,"significanceOfRTName":"Start of forecast","productStatus":0,"productStatusName":"Operational products","productType":1,"productTypeName":"Forecast products","productDefinitionTemplate":0,"productDefinitionTemplateName":"Analysis/forecast at horizontal level/layer at a point in time","parameterCategory":0,"parameterCategoryName":"UnknownDiscipline_0_Category_0","parameterNumber":0,"parameterNumberName":"UnknownParameter_D0_C0_0","parameterUnit":"Unknown","genProcessType":2,"genProcessTypeName":"Forecast","forecastTime":60,"surface1Type":1,"surface1TypeName":"Ground or water surface","surface1Value":0.0,"surface2Type":255,"surface2TypeName":"Missing","surface2Value":0.0,"gridDefinitionTemplate":0,"gridDefinitionTemplateName":"Latitude_Longitude","numberPoints":615,"shape":6,"shapeName":"Earth spherical with radius of 6,371,229.0 m","gridUnits":"degrees","resolution":48,"winds":"true","scanMode":64,"nx":41,"ny":15,"basicAngle":0,"lo1":47.0,"la1":41.0,"lo2":87.0,"la2":55.0,"dx":1.0,"dy":1.0}, "data":
[rows 0 to 14 of 15, columns 0 to 40 of 41]
295.7647,286.46472,289.36472,299.2647,298.86472,297.66473,295.46472,295.36472,294.86472,296.96472,294.66473,297.46472,296.36472,295.2647,294.66473,291.16473,291.96472,292.86472,290.66473,293.7647,295.46472,290.36472,291.36472,289.56473,288.86472,289.36472,287.96472,276.36472,275.06473,274.16473,268.36472,271.7647,284.66473,291.16473,292.7647,293.86472,293.2647,293.66473,294.2647,295.16473,295.2647
274.66473,289.96472,298.7647,298.96472,298.86472,297.16473,290.06473,289.66473,289.96472,290.86472,291.96472,292.06473,292.16473,293.66473,293.46472,292.96472,295.2647,291.86472,289.46472,295.2647,291.06473,292.06473,292.36472,284.86472,273.36472,272.36472,282.06473,275.46472,278.46472,272.56473,278.96472,270.56473,277.2647,257.96472,275.7647,290.7647,289.16473,292.2647,295.36472,287.96472,283.96472
288.06473,298.2647,298.96472,299.06473,297.36472,289.2647,288.56473,288.06473,287.06473,287.46472,287.56473,288.56473,286.46472,289.86472,293.2647,291.46472,288.86472,289.06473,290.96472,292.2647,295.66473,294.86472,290.96472,287.56473,289.96472,289.2647,288.2647,286.66473,286.56473,282.06473,271.46472,275.96472,279.56473,278.46472,280.2647,282.46472,277.06473,275.96472,277.56473,275.36472,275.16473
286.96472,298.36472,298.7647,298.46472,294.2647,288.96472,289.36472,286.96472,286.96472,287.06473,286.66473,286.66473,295.16473,294.2647,288.86472,287.86472,291.06473,290.86472,290.06473,288.56473,290.7647,289.96472,293.56473,292.96472,293.06473,293.2647,292.06473,289.96472,288.56473,289.46472,288.96472,290.66473,291.96472,289.56473,288.86472,288.86472,276.96472,276.16473,280.2647,286.36472,290.56473
289.36472,297.56473,298.36472,298.06473,294.96472,291.66473,289.86472,287.16473,286.16473,286.46472,285.86472,285.06473,295.06473,293.66473,291.36472,287.46472,287.86472,288.7647,287.2647,291.2647,290.36472,290.7647,292.16473,292.66473,292.36472,292.2647,292.36472,291.46472,289.16473,289.2647,292.86472,288.7647,280.86472,268.96472,279.66473,288.56473,292.36472,294.16473,293.66473,292.96472,295.2647
288.16473,284.56473,296.36472,296.56473,297.36472,296.86472,288.16473,287.46472,286.66473,286.16473,286.16473,285.7647,292.7647,294.36472,289.96472,284.36472,287.56473,286.56473,288.66473,288.96472,290.7647,289.46472,288.96472,290.96472,291.2647,289.96472,290.2647,293.06473,290.7647,292.16473,290.16473,291.2647,289.46472,287.7647,286.86472,291.56473,283.7647,285.36472,290.96472,293.16473,293.56473
285.16473,284.96472,287.46472,287.56473,290.06473,286.36472,286.06473,285.36472,286.16473,286.2647,285.7647,285.7647,284.06473,284.56473,285.2647,286.66473,285.46472,286.46472,286.96472,286.16473,287.06473,290.46472,289.06473,290.86472,289.46472,290.46472,288.46472,289.96472,290.06473,290.16473,290.46472,290.16473,290.06473,291.86472,291.66473,290.46472,285.96472,282.2647,279.56473,278.16473,289.46472
285.96472,285.46472,287.06473,287.06473,287.2647,286.96472,286.2647,285.2647,286.46472,284.86472,285.56473,285.36472,284.06473,284.06473,285.56473,285.7647,285.2647,285.86472,286.06473,284.06473,285.36472,286.06473,287.36472,287.7647,289.86472,288.36472,288.46472,287.96472,285.96472,288.16473,286.86472,287.46472,287.7647,284.86472,286.36472,287.06473,288.46472,289.2647,288.7647,289.46472,287.16473
285.7647,285.7647,285.56473,285.06473,285.7647,287.36472,284.86472,285.06473,282.56473,282.36472,282.16473,282.56473,282.36472,282.66473,284.46472,283.36472,284.16473,283.36472,283.46472,283.36472,283.7647,284.56473,287.06473,287.16473,289.7647,290.2647,288.86472,287.56473,284.2647,283.2647,283.56473,284.06473,283.7647,286.66473,286.36472,285.46472,285.56473,284.86472,273.56473,278.06473,276.7647
284.2647,285.06473,284.66473,284.96472,285.16473,285.56473,286.7647,285.06473,280.66473,281.96472,281.86472,281.2647,280.2647,282.86472,282.96472,282.16473,283.66473,281.16473,281.06473,283.46472,283.7647,285.96472,287.16473,288.16473,287.16473,289.2647,289.7647,288.06473,285.66473,284.56473,284.86472,286.86472,288.16473,288.96472,287.16473,284.86472,285.06473,282.16473,277.96472,276.16473,278.16473
283.86472,283.66473,283.06473,283.86472,284.36472,284.2647,286.36472,284.56473,282.7647,280.2647,280.56473,280.86472,278.7647,278.16473,279.46472,283.36472,282.16473,281.16473,280.56473,279.96472,281.2647,284.66473,285.56473,286.96472,283.96472,289.16473,287.2647,288.7647,288.46472,288.36472,288.46472,288.46472,287.7647,289.06473,287.46472,284.66473,282.7647,279.16473,278.7647,279.36472,278.66473
281.2647,284.16473,283.36472,282.86472,282.56473,283.36472,283.06473,283.16473,283.36472,282.56473,278.2647,278.86472,279.7647,278.36472,278.2647,279.56473,282.2647,280.56473,282.36472,279.2647,279.86472,282.96472,284.46472,286.2647,285.2647,286.7647,289.56473,290.46472,289.16473,288.06473,286.86472,287.16473,287.56473,285.56473,286.66473,285.86472,285.66473,284.7647,285.06473,283.16473,282.2647
280.7647,280.56473,282.66473,282.86472,283.36472,283.16473,282.56473,282.36472,281.86472,281.86472,280.7647,277.66473,278.86472,278.96472,277.46472,278.56473,279.2647,279.46472,281.46472,280.46472,278.86472,282.06473,284.56473,285.06473,287.16473,289.2647,291.86472,289.16473,288.46472,287.06473,287.46472,286.46472,286.06473,285.56473,286.16473,285.66473,284.86472,285.66473,284.86472,283.56473,283.06473
280.36472,282.2647,286.66473,283.96472,284.46472,280.56473,281.66473,280.46472,282.36472,281.66473,280.96472,279.7647,280.96472,279.56473,278.2647,278.56473,278.66473,279.06473,281.36472,278.96472,280.36472,284.16473,286.2647,287.36472,287.2647,290.56473,290.06473,290.16473,287.86472,286.46472,286.16473,285.86472,285.66473,285.16473,284.86472,284.96472,284.66473,284.16473,284.16473,283.66473,283.36472
280.56473,282.2647,290.56473,282.66473,283.66473,284.06473,281.16473,280.66473,281.96472,282.06473,282.36472,281.46472,281.16473,282.16473,280.96472,281.66473,280.96472,281.96472,281.86472,279.56473,283.66473,284.86472,286.16473,288.66473,289.96472,289.56473,289.7647,288.56473,286.66473,285.7647,285.36472,284.36472,284.46472,284.7647,284.66473,284.86472,284.7647,284.66473,286.36472,284.36472,284.36472
