wind_kz.json
{"header": {"discipline":0,"disciplineName":"Meteorological products","gribEdition":2,"gribLength":1025,"center":7,"centerName":"US National Weather Service - NCEP(WMC)","subcenter":0,"refTime":"2023-09-23T12:00:00.000Z","significanceOfRT":1,"significanceOfRTName":"Start of forecast","productStatus":0,"productStatusName":"Operational products","productType":1,"productTypeName":"Forecast products","productDefinitionTemplate":0,"productDefinitionTemplateName":"Analysis/forecast at horizontal level/layer at a point in time","parameterCategory":2,"parameterCategoryName":"UnknownDiscipline_0_Category_2","parameterNumber":2,"parameterNumberName":"UnknownParameter_D0_C2_2","parameterUnit":"Unknown","genProcessType":2,"genProcessTypeName":"Forecast","forecastTime":120,"surface1Type":103,"surface1TypeName":"Specified height level above ground","surface1Value":10.0,"surface2Type":255,"surface2TypeName":"Missing","surface2Value":0.0,"gridDefinitionTemplate":0,"gridDefinitionTemplateName":"Latitude_Longitude","numberPoints":615,"shape":6,"shapeName":"Earth spherical with radius of 6,371,229.0 m","gridUnits":"degrees","resolution":48,"winds":"true","scanMode":64,"nx":41,"ny":15,"basicAngle":0,"lo1":47.0,"la1":41.0,"lo2":87.0,"la2":55.0,"dx":1.0,"dy":1.0}, "data":
[rows 0 to 14 of 15, columns 0 to 40 of 41]
-0.07494873,1.6550512,-2.9049487,-4.4649487,-3.2049487,0.17505127,3.7450514,1.1150513,-0.35494873,0.9750513,-0.29494873,-0.56494874,-0.024948731,0.7350513,1.1550512,1.6950513,1.6450512,0.94505125,1.5750513,2.1350513,3.2550514,2.2250512,4.815051,5.025051,0.9150513,1.0550513,-1.9749488,2.4550512,-1.2949487,1.1150513,0.68505126,2.2550514,2.4650512,1.3650513,-1.2549487,-0.36494872,-1.5249487,-1.8549488,-2.4249487,-2.9249487,-2.2049487
-1.2449487,-3.5349488,-3.7449486,-4.3849487,-3.2649488,0.6550513,-1.1749487,-0.9149487,1.2850512,1.9150512,2.3250513,4.2250514,2.4050512,0.28505126,1.0850513,1.7850512,1.1550512,1.9050512,2.7350512,2.3150513,2.7550514,2.7050512,4.8450513,4.2450514,1.7450513,-0.024948731,-0.27494872,1.2150513,-0.14494874,1.2250513,1.3050513,0.45505127,-0.8449487,0.05505127,0.10505127,1.4450513,0.93505126,0.06505127,0.28505126,-2.1149487,0.20505127
-5.514949,-5.764949,-5.6949487,-4.1049485,-0.7049487,1.2350513,0.42505127,-0.08494873,1.8650513,2.1150513,2.5350513,3.7350512,5.5950513,-0.21494873,3.3750513,3.7550514,2.9850512,1.7550513,0.24505126,4.545051,2.9950514,5.505051,5.835051,5.3950515,3.0250514,-0.024948731,-0.7749487,0.9850513,1.9250512,0.13505127,0.9750513,-0.01494873,0.94505125,2.5950513,-1.0949488,-1.4849488,0.9750513,-0.37494874,-0.19494873,0.5450513,-0.7649487
-8.144949,-6.844949,-5.1949487,-1.7549487,2.1150513,-1.1349487,0.51505125,2.3650513,2.2450514,2.8150513,3.0450513,6.655051,0.5950513,2.5850513,3.9250512,5.6150513,2.2650514,3.1050513,2.0550513,3.9350512,2.5150514,1.9550513,1.3550513,1.2650512,1.4450513,2.5550513,3.5250514,3.7850513,4.445051,4.235051,1.3350513,3.0750513,5.4950514,2.3950512,3.4850512,3.7750514,-1.4949487,2.4950514,-1.1149487,-1.9949487,-2.6149487
-7.3549485,-6.0649486,-4.764949,-3.3749487,-2.0649488,-0.99494874,2.6550512,3.3750513,4.355051,4.425051,3.1350513,5.065051,0.04505127,0.76505125,3.2250512,6.215051,-0.5349487,3.6550512,1.7850512,4.3750515,5.215051,5.2050514,4.1850514,3.6650512,3.8450513,4.815051,6.215051,4.7850513,3.3850513,0.0050512697,1.1850513,-0.75494874,1.8650513,1.0250512,-2.4449487,-1.1649487,-1.5449487,-2.6049488,-2.1549487,-1.9349487,-1.3849487
-4.454949,-3.6549487,-4.7349486,-3.7749488,-1.8649487,1.8650513,2.5750513,3.4450512,3.4250512,2.4150512,1.7150513,3.4850512,4.6250515,1.9150512,3.3150513,-0.8449487,0.30505127,1.9650513,3.0050514,3.5550513,5.0750513,5.545051,0.7250513,3.2550514,4.4750514,5.2650514,2.6150513,-5.394949,-3.2249486,-2.0549488,-2.2849488,-1.5249487,0.44505128,1.8150513,1.6250513,-1.7449487,-0.6449487,-1.2849487,-1.3649487,-0.9649487,-1.5349487
-3.4349487,-3.3849487,-1.6649487,-0.5749487,-0.06494873,0.42505127,0.99505126,2.3850513,3.7350512,1.7750512,1.8150513,1.8550513,0.45505127,3.5450513,-4.704949,-1.9949487,1.0450512,2.8450513,2.4150512,3.1850512,3.2150512,2.0650513,1.1650512,1.5150512,3.5550513,4.9150515,4.5550513,-1.2749487,-0.5349487,0.55505127,0.80505127,-0.13494873,-1.3249488,1.2750512,0.27505127,-0.13494873,1.9250512,-0.36494872,-1.3349488,1.3250513,-2.3649487
-3.1749487,-2.4149487,-2.0049486,-0.8449487,-0.10494873,0.25505126,0.69505125,1.3250513,1.1350513,2.3550513,2.4450512,3.1850512,1.6450512,-0.8249487,1.0250512,2.4550512,4.405051,2.7850513,1.5250512,3.2850513,2.5450513,0.5850513,-0.80494875,0.80505127,2.4250512,1.3750513,3.2950513,-0.42494872,2.8050513,1.8650513,2.4350512,1.9350513,1.0150512,0.88505125,1.7050513,-4.1349487,-3.6149487,-6.2949486,-5.144949,-4.7949486,-2.3949487
-3.5149488,-2.8949487,-1.7449487,-1.4849488,-1.1549487,-0.50494874,0.23505127,0.01505127,-0.0049487306,0.6550513,1.3450513,1.7450513,0.6650513,1.0650513,2.0550513,3.4450512,4.545051,1.1350513,0.74505126,0.63505125,-0.08494873,0.29505128,-0.69494873,0.99505126,0.7950513,1.0350512,2.3850513,3.2850513,2.9350512,1.9350513,2.4350512,3.6950512,3.6450512,1.7150513,-3.3349488,-2.5049486,-0.13494873,-0.19494873,-1.2749487,1.1650512,-2.0149488
-2.7949488,-2.2249486,-1.8249488,-1.2249488,-1.4549488,-0.7849487,-0.6449487,-0.88494873,-0.5849487,0.32505128,0.61505127,-0.10494873,0.51505125,1.3250513,-1.7049488,1.8850513,0.94505125,-1.3849487,-5.554949,-3.2249486,-0.73494875,-0.34494874,0.86505127,1.8750513,2.4150512,-2.2449486,-1.1649487,-0.5249487,-0.16494873,-1.7049488,-1.4649488,0.7250513,1.3450513,-0.5749487,-2.4749486,-1.7749487,-2.3449488,-0.5749487,-1.5249487,0.24505126,-1.1449487
-2.2349486,-2.1349487,-1.7749487,-1.4249487,-1.5249487,-1.3949487,-1.6549487,-1.7149488,-1.4449487,-0.67494875,-1.1849487,-2.7849488,-4.1149487,-1.9349487,2.2950513,-1.3349488,-0.29494873,-3.6949487,-1.9649488,0.7350513,-1.2749487,0.13505127,0.34505126,1.2150513,1.6850513,-3.5349488,-2.1049488,-1.5049487,-1.6449487,-2.0449488,-0.7849487,-0.8249487,-2.2249486,-1.6749487,-1.5149487,-2.0649488,-1.4649488,0.6050513,-0.81494874,0.9650513,-0.30494872
-1.6249487,-1.1949487,-1.4349487,-1.9249487,-1.8749487,-1.8049487,-2.3049488,-2.1849487,-1.8549488,-0.16494873,0.7850513,-2.3449488,-1.9849488,-0.60494876,0.74505126,2.3650513,-2.3349488,0.31505126,1.3850513,0.0050512697,1.4350513,0.12505127,-0.50494874,0.20505127,-0.85494876,-2.8449488,-3.7149487,-2.3849487,-0.6649487,-0.33494872,-1.9249487,-2.2649488,-2.0549488,-2.1549487,-1.6249487,-0.38494873,-2.0249488,-1.7949487,-0.41494873,-0.68494874,-0.19494873
-1.4449487,-1.8549488,-0.93494874,-1.1649487,-1.2549487,-0.8449487,-2.0049486,-2.1449487,-2.2349486,-0.93494874,-0.22494873,-1.3449488,-2.2449486,-1.9149487,0.75505126,-0.73494875,-2.5649488,-0.37494874,-0.56494874,-0.5149487,-0.10494873,0.45505127,-0.87494874,0.9050513,-1.3449488,-3.7049487,-3.3749487,-1.8449488,-1.1849487,0.08505127,-2.7649488,-2.7449486,-3.0349488,-0.47494873,-2.1449487,-0.99494874,0.45505127,-0.16494873,-0.5249487,0.10505127,-0.23494872
-0.09494873,-1.5549487,1.2350513,0.15505128,0.23505127,0.18505126,-1.6949487,-0.19494873,-0.47494873,-0.75494874,-1.1549487,0.45505127,0.41505128,-0.8949487,0.04505127,-0.11494873,-2.1949487,-1.2449487,-2.1449487,-2.6049488,-3.6649487,-2.8849487,-3.3949487,-0.81494874,-3.5149488,-5.0249486,-3.3149488,-3.3149488,-2.2849488,-3.1049488,-1.5649487,-2.2449486,-2.4649487,-2.2749488,-1.4749488,-0.41494873,-0.21494873,0.5350513,0.89505124,0.63505125,2.3050513
0.56505126,0.5850513,-1.0449487,0.99505126,0.50505126,0.36505127,0.17505127,-0.38494873,-0.8349487,-2.0449488,-1.2149488,-0.7049487,0.48505127,-0.43494874,-1.1849487,-2.4049487,-2.8749487,-3.5949488,-2.5249488,-4.4249487,-4.684949,-4.5249486,-3.0849488,-2.8349488,-3.1149487,-2.6049488,-3.9349487,-2.2749488,-2.2749488,-2.2149487,-2.9049487,-3.2949488,-1.9249487,-1.2549487,-1.3649487,-0.26494873,0.5250513,1.4450513,0.99505126,1.2850512,0.61505127
