wind_kz.json
{"header": {"discipline":0,"disciplineName":"Meteorological products","gribEdition":2,"gribLength":948,"center":7,"centerName":"US National Weather Service - NCEP(WMC)","subcenter":0,"refTime":"2024-04-09T06:00:00.000Z","significanceOfRT":1,"significanceOfRTName":"Start of forecast","productStatus":0,"productStatusName":"Operational products","productType":1,"productTypeName":"Forecast products","productDefinitionTemplate":0,"productDefinitionTemplateName":"Analysis/forecast at horizontal level/layer at a point in time","parameterCategory":0,"parameterCategoryName":"UnknownDiscipline_0_Category_0","parameterNumber":0,"parameterNumberName":"UnknownParameter_D0_C0_0","parameterUnit":"Unknown","genProcessType":2,"genProcessTypeName":"Forecast","forecastTime":300,"surface1Type":1,"surface1TypeName":"Ground or water surface","surface1Value":0.0,"surface2Type":255,"surface2TypeName":"Missing","surface2Value":0.0,"gridDefinitionTemplate":0,"gridDefinitionTemplateName":"Latitude_Longitude","numberPoints":615,"shape":6,"shapeName":"Earth spherical with radius of 6,371,229.0 m","gridUnits":"degrees","resolution":48,"winds":"true","scanMode":64,"nx":41,"ny":15,"basicAngle":0,"lo1":47.0,"la1":41.0,"lo2":87.0,"la2":55.0,"dx":1.0,"dy":1.0}, "data":
[rows 0 to 14 of 15, columns 0 to 40 of 41]
289.8015,283.6015,284.2015,283.1015,284.00153,284.8015,286.8015,293.3015,295.50153,299.00153,296.7015,298.50153,297.00153,297.00153,296.40152,295.6015,296.90152,295.40152,297.8015,294.6015,298.50153,294.6015,291.50153,285.1015,292.6015,293.2015,287.00153,279.2015,275.50153,274.3015,273.3015,272.7015,284.40152,289.90152,291.1015,292.40152,291.40152,291.1015,291.7015,292.2015,291.2015
273.7015,286.00153,283.3015,283.40152,283.7015,284.50153,293.50153,293.7015,296.2015,297.3015,297.1015,295.2015,294.6015,294.3015,297.1015,295.8015,297.3015,297.6015,297.1015,297.50153,298.7015,292.50153,286.8015,281.3015,275.90152,275.00153,283.3015,279.1015,280.3015,271.7015,277.90152,257.00153,275.40152,247.30151,260.40152,287.7015,286.2015,288.90152,291.1015,284.6015,279.90152
286.7015,283.6015,283.50153,283.6015,283.50153,292.90152,292.3015,296.00153,296.1015,295.6015,293.50153,292.8015,292.50153,292.8015,295.8015,296.6015,296.3015,295.7015,296.3015,297.50153,296.3015,293.90152,290.3015,284.2015,287.40152,285.8015,285.8015,288.50153,286.00153,278.90152,271.00153,272.90152,280.1015,280.40152,280.90152,281.2015,271.7015,277.2015,276.7015,271.40152,264.00153
286.6015,284.7015,283.8015,283.6015,287.40152,295.90152,296.90152,296.00153,296.2015,294.8015,293.40152,290.8015,286.50153,287.2015,295.00153,296.3015,295.2015,296.90152,296.1015,295.3015,293.50153,286.6015,290.50153,290.7015,292.1015,290.50153,289.7015,285.90152,285.3015,285.6015,286.3015,286.2015,292.40152,291.50153,288.40152,284.8015,274.00153,259.50153,276.7015,284.40152,288.50153
290.3015,285.6015,284.7015,285.00153,287.90152,294.40152,296.40152,296.1015,295.7015,294.6015,293.2015,291.1015,286.1015,286.00153,285.1015,294.1015,293.90152,292.6015,292.6015,291.50153,291.3015,292.3015,290.6015,290.7015,290.1015,289.2015,287.3015,287.00153,290.7015,290.6015,291.3015,286.00153,278.40152,263.8015,280.90152,288.7015,286.3015,292.50153,292.00153,292.1015,290.7015
293.2015,293.6015,286.00153,284.50153,283.50153,284.1015,296.00153,297.50153,295.3015,294.00153,294.1015,293.8015,286.6015,285.40152,284.1015,292.90152,293.40152,292.3015,292.7015,291.3015,290.7015,290.2015,290.1015,289.3015,289.40152,289.00153,289.00153,271.8015,290.8015,291.2015,289.40152,289.50153,288.2015,287.00153,285.1015,283.2015,280.7015,281.90152,289.40152,289.90152,288.50153
291.7015,294.1015,296.1015,296.6015,291.6015,295.00153,296.6015,295.90152,294.8015,295.00153,293.00153,292.1015,292.2015,291.7015,291.50153,292.8015,291.50153,293.1015,291.90152,291.40152,290.6015,291.00153,290.6015,290.8015,289.00153,289.00153,289.50153,290.3015,290.50153,290.00153,289.6015,288.50153,288.7015,288.6015,289.00153,286.2015,281.6015,279.00153,272.7015,276.2015,285.90152
290.50153,291.7015,294.90152,296.6015,296.7015,296.50153,295.50153,293.00153,291.40152,292.6015,291.50153,290.90152,290.50153,290.50153,290.90152,291.90152,291.00153,291.1015,290.50153,288.8015,289.1015,289.90152,289.7015,289.40152,288.1015,285.7015,287.00153,287.2015,286.3015,287.1015,286.1015,286.40152,285.6015,283.40152,283.2015,285.2015,287.00153,273.1015,285.3015,285.50153,283.1015
287.8015,288.7015,291.40152,292.2015,293.1015,292.6015,292.3015,292.1015,291.40152,290.40152,290.1015,289.2015,288.40152,289.40152,289.2015,290.2015,289.90152,290.00153,290.2015,290.00153,287.7015,288.2015,289.2015,288.6015,287.3015,287.90152,285.6015,284.90152,284.00153,283.50153,283.7015,283.7015,284.40152,283.8015,283.50153,282.40152,284.2015,282.40152,268.2015,271.90152,268.6015
286.8015,288.7015,289.00153,290.1015,291.8015,291.40152,291.1015,290.3015,291.00153,290.1015,289.8015,289.40152,289.8015,289.3015,288.3015,289.50153,289.90152,289.90152,289.90152,289.50153,289.1015,288.7015,289.40152,288.90152,289.3015,288.3015,288.1015,287.40152,285.90152,285.50153,285.00153,286.40152,286.3015,284.90152,283.7015,283.8015,282.6015,278.7015,272.50153,274.00153,269.8015
286.3015,287.2015,288.00153,288.2015,290.7015,290.2015,290.1015,292.7015,291.2015,290.2015,289.1015,291.90152,290.1015,289.1015,288.90152,289.50153,289.90152,289.50153,289.7015,289.40152,289.7015,289.3015,289.8015,289.7015,289.50153,289.00153,286.90152,288.40152,288.50153,289.2015,288.90152,288.3015,286.90152,287.1015,286.1015,284.3015,279.6015,277.8015,277.90152,276.90152,273.1015
283.8015,285.1015,286.00153,285.50153,287.40152,289.00153,289.00153,290.2015,289.3015,289.1015,290.40152,290.00153,289.7015,289.3015,289.00153,289.3015,289.50153,289.1015,289.90152,289.8015,288.50153,288.8015,288.50153,289.2015,288.8015,289.40152,289.40152,289.8015,290.3015,289.7015,289.1015,288.1015,287.2015,285.7015,286.1015,285.00153,284.40152,282.40152,281.6015,280.90152,278.90152
280.7015,282.2015,283.6015,285.50153,286.1015,287.40152,288.8015,289.00153,288.90152,288.2015,286.90152,288.6015,288.90152,287.7015,288.90152,288.7015,289.7015,290.50153,290.00153,289.1015,289.50153,289.1015,288.40152,288.6015,289.40152,290.1015,290.40152,290.40152,289.8015,289.3015,289.1015,288.8015,287.6015,287.1015,286.3015,285.2015,283.7015,284.1015,282.2015,280.7015,278.90152
279.90152,282.6015,277.3015,283.40152,284.40152,285.2015,287.2015,288.00153,290.50153,288.1015,286.8015,286.00153,286.7015,288.3015,289.1015,289.6015,289.90152,289.7015,290.00153,289.90152,290.1015,290.50153,290.8015,290.8015,290.7015,290.8015,290.3015,290.1015,289.2015,289.1015,288.40152,288.1015,288.00153,286.90152,285.90152,283.6015,282.50153,281.90152,280.90152,279.50153,279.3015
278.8015,281.8015,273.2015,282.50153,283.6015,283.7015,285.3015,285.3015,287.7015,287.3015,287.7015,285.7015,285.40152,287.40152,287.90152,289.2015,289.1015,288.90152,289.6015,289.7015,290.1015,290.6015,290.7015,289.40152,289.8015,289.1015,289.50153,288.7015,288.6015,287.8015,286.7015,280.50153,286.6015,286.50153,285.7015,285.2015,283.00153,283.1015,282.7015,280.50153,278.90152
