wind_kz.json
{"header": {"discipline":0,"disciplineName":"Meteorological products","gribEdition":2,"gribLength":1025,"center":7,"centerName":"US National Weather Service - NCEP(WMC)","subcenter":0,"refTime":"2023-09-22T12:00:00.000Z","significanceOfRT":1,"significanceOfRTName":"Start of forecast","productStatus":0,"productStatusName":"Operational products","productType":1,"productTypeName":"Forecast products","productDefinitionTemplate":0,"productDefinitionTemplateName":"Analysis/forecast at horizontal level/layer at a point in time","parameterCategory":2,"parameterCategoryName":"UnknownDiscipline_0_Category_2","parameterNumber":2,"parameterNumberName":"UnknownParameter_D0_C2_2","parameterUnit":"Unknown","genProcessType":2,"genProcessTypeName":"Forecast","forecastTime":180,"surface1Type":103,"surface1TypeName":"Specified height level above ground","surface1Value":10.0,"surface2Type":255,"surface2TypeName":"Missing","surface2Value":0.0,"gridDefinitionTemplate":0,"gridDefinitionTemplateName":"Latitude_Longitude","numberPoints":615,"shape":6,"shapeName":"Earth spherical with radius of 6,371,229.0 m","gridUnits":"degrees","resolution":48,"winds":"true","scanMode":64,"nx":41,"ny":15,"basicAngle":0,"lo1":47.0,"la1":41.0,"lo2":87.0,"la2":55.0,"dx":1.0,"dy":1.0}, "data":
[rows 0 to 14 of 15, columns 0 to 40 of 41]
-2.0397925,-0.7697925,2.5602076,-0.6097925,-3.3297925,-2.5597925,-4.0697923,-4.0697923,-4.3597927,-1.4797925,-2.1397924,-2.6597924,-2.6097925,-1.8497925,-1.6397924,-1.1497924,-1.3697925,0.6002075,-2.0797925,-0.19979247,2.5102074,1.9002075,0.9802075,0.7802075,0.7702075,-2.3297925,-2.0997925,0.40020752,0.04020752,0.03020752,-0.9497925,0.09020752,-0.25979248,-0.41979247,-3.4297924,-3.6297925,-2.0097926,-0.54979247,-1.9397925,-2.0497925,-2.1097925
1.6902075,0.43020752,-8.479793,-4.4397926,-3.7897925,-2.4997926,-2.6697924,-3.2597926,-1.3397925,-1.0297924,-1.4097924,-2.7297926,-2.0197926,-1.2697924,-0.8297925,-1.1597924,0.8002075,-0.8597925,0.15020752,1.7002075,1.6102076,0.01020752,0.10020752,-1.9197925,0.42020753,1.4402075,0.23020752,0.43020752,-0.5697925,-1.0197924,-0.009792481,-0.41979247,-0.93979245,-1.9997925,-0.25979248,-0.26979247,-0.9197925,0.4102075,-1.2097925,1.5002075,-3.1997924
-1.7997925,-10.399793,-9.289792,-5.2497926,-2.8697925,-2.8797925,-2.9197924,0.7702075,0.10020752,2.6502075,2.5402076,-0.92979246,-0.28979248,-1.7997925,-1.5397925,-0.8397925,-0.3997925,0.33020753,-0.10979248,-0.55979246,0.2902075,0.19020753,-5.5797925,-3.2497926,2.6802075,3.1602075,3.9702075,2.0902076,-1.7297925,-0.7097925,-1.0297924,0.82020754,-0.4997925,-0.8297925,-0.06979248,-0.7697925,-0.86979246,0.6402075,-0.24979249,2.2602074,1.2202076
-7.1497927,-9.299792,-7.1097927,-4.4297924,-4.7397923,-2.6997924,-0.48979247,1.2102075,2.2402074,3.5702076,3.9402075,1.8002075,-2.2897925,-4.0097923,-2.4497924,-1.1097925,-0.13979249,-1.4597925,-2.6797924,-3.0497925,-2.5197926,-2.5097926,2.8402076,2.3002076,1.8102075,1.7302076,2.8602076,1.3102075,-0.48979247,-0.22979248,-2.0697925,-3.3097925,-3.3797925,-1.2797924,-2.4097924,-2.0297925,-1.6297925,2.2702074,-0.4597925,1.4802076,1.1502075
-7.2097926,-7.5597925,-6.9797926,-5.4897923,-4.3997927,-4.6597924,-4.7297926,-2.1697924,-2.1997924,-2.1897924,-1.7797924,-6.4797926,-5.5297923,-4.7297926,-3.2797925,-1.6597924,-0.47979248,-1.0797925,-1.9997925,-2.0297925,-1.6697925,0.18020752,1.0202075,2.7702074,3.0902076,2.1002076,0.5902075,2.1102076,1.6802075,1.7902075,1.3502076,-2.2397926,-2.2497926,1.0702075,0.9202075,0.87020755,0.09020752,-1.8797925,-0.73979247,0.06020752,-1.0597925
-5.9197927,-4.4697924,-7.3797927,-6.1297927,-5.6697927,-4.8497925,-3.7197924,-3.6497924,-4.1997924,-3.3897924,-5.1097927,-5.1397924,-3.7397926,-4.2997923,-3.1697924,-1.5797925,-0.9597925,-0.92979246,-1.7097925,-0.5897925,0.15020752,-0.10979248,0.26020753,1.5502075,3.2602074,2.9202075,0.2902075,0.06020752,1.1202075,0.94020754,-1.5797925,-1.3697925,-3.5797925,-2.7597926,-1.0197924,-3.3097925,0.2902075,-0.19979247,4.9102077,0.8302075,-0.31979248
-4.5497923,-4.3097925,-4.3597927,-4.2497926,-4.1597924,-3.6097925,-4.0797925,-4.5397925,-4.3097925,-3.8297925,-3.8697925,-4.2997923,-2.9597924,-2.1497924,-1.3897924,-1.0997925,-0.9097925,-1.1897925,0.3802075,-0.9697925,-1.0697925,-0.93979245,-2.1397924,-1.3197925,-0.19979247,-2.9397924,-3.1697924,-1.8597925,-1.7697924,-4.0397925,-6.1897926,-4.7197924,-2.4497924,-2.9997926,-3.9897926,-3.4697924,-1.4497925,2.2602074,0.8402075,0.020207519,2.0602076
-3.7397926,-4.1297927,-3.9597924,-3.7497926,-3.5897925,-3.5697925,-4.3297925,-4.2497926,-3.6797924,-3.9697924,-3.7597926,-3.1397924,-1.8997924,-1.7497925,-1.0097924,-0.5097925,-0.6397925,-1.3997924,-1.2697924,-2.2297926,-1.8397925,-1.3897924,-2.6397924,-3.5197926,-4.5597925,-1.5097924,-2.6497924,-6.4897923,-6.0697923,-5.1097927,-5.8997927,-5.3497925,-3.3797925,-0.38979247,-2.5297925,-1.3197925,1.1102076,-1.5597925,0.6502075,-1.7597924,-2.3697925
-3.7297926,-3.5997925,-3.6597924,-3.6197925,-3.4097924,-3.7697926,-3.7197924,-3.7297926,-3.5997925,-3.0997925,-2.6797924,-2.4297924,-1.1797925,-2.4197924,-1.5297924,-0.8297925,-0.67979246,-1.6997925,-1.7497925,-1.8897924,-2.1497924,-1.9197925,-2.5597925,-2.6597924,-4.0097923,-5.2697926,-5.2997923,-7.0897923,-3.8697925,-5.6897926,-7.2297926,-2.8197925,-1.1097925,-1.8197925,-0.3997925,-0.119792484,-0.37979248,-2.2097924,-0.5797925,-0.4297925,-0.44979247
-3.2597926,-2.9397924,-2.9197924,-3.1097925,-3.0997925,-3.2197924,-2.7797925,-2.5697925,-2.0997925,-1.6197925,-1.1597924,-1.2097925,-1.0597925,-0.5197925,-0.5697925,-1.3997924,-1.1997925,-0.68979245,-2.0997925,-1.8597925,-2.6997924,-2.2397926,-2.3197925,-2.4897926,-3.0397925,-3.9397924,-5.5497923,-5.6197925,-4.8797927,-3.5497925,-3.3197925,-2.5897925,-2.4997926,-1.0197924,0.37020752,0.050207518,-1.6097925,-0.34979248,-1.5597925,0.21020752,-1.1097925
-2.3397925,-2.1697924,-2.3097925,-2.1297925,-2.0197926,-2.3497925,-1.9497925,-1.2397925,-0.16979247,0.31020752,1.4102075,1.2902075,1.4002075,0.51020753,0.03020752,-0.14979248,-1.1397924,0.020207519,-2.6897924,-2.7697926,-2.3997924,-2.3497925,-2.4797926,-2.2397926,-2.1797924,-2.6297925,-2.7797925,-2.6497924,-2.5397925,-0.6397925,-0.7797925,-2.6597924,-2.8597925,-2.3597925,-1.6997925,-0.62979245,-0.73979247,0.42020753,-0.98979247,0.09020752,-0.44979247
-1.0797925,-0.8497925,-0.9797925,-1.1197925,-1.4397925,-0.87979245,-0.5197925,-0.6097925,-0.02979248,-0.34979248,0.06020752,2.0202074,2.2702074,2.4402075,2.3302076,1.3902075,0.4702075,1.0202075,-0.28979248,-1.6097925,-1.9097924,-1.8197925,-2.2697926,-2.0597925,-1.0597925,-2.5797925,-2.3297925,-1.2297925,-0.10979248,-0.04979248,-0.4297925,-2.8997924,-2.4197924,-3.6297925,-2.4497924,-3.0197926,-3.5997925,-2.1397924,-0.8197925,-0.61979246,-0.44979247
0.08020752,0.43020752,0.63020754,0.20020752,0.6602075,-0.01979248,0.3802075,0.7202075,1.4002075,-0.09979248,0.12020752,1.1802075,1.9502075,3.0002074,2.9002075,2.7202075,2.3302076,2.0702076,1.2902075,1.0902076,0.06020752,0.01020752,0.39020753,0.63020754,-0.02979248,-0.8197925,-0.28979248,-1.0297924,-0.86979246,-1.1197925,-2.0697925,-3.0497925,-3.4997926,-3.0897925,-2.6497924,-3.2797925,-1.7497925,-1.0997925,-1.6297925,-0.8997925,-0.8297925
1.3102075,1.2802075,1.0602075,1.6802075,0.9002075,1.0502075,1.2502075,1.7502075,1.5702075,1.3902075,0.17020752,0.49020752,1.7402076,2.0102074,3.0002074,2.9502075,2.8902075,2.7402074,2.3102076,2.6402075,2.0302076,1.9702076,2.1202075,2.1002076,1.7502075,0.13020752,0.050207518,-0.9797925,-1.6697925,-1.5397925,-2.7697926,-3.0597925,-3.2697926,-2.6697924,-2.0397925,-2.4897926,-1.8597925,-1.4697925,-1.2197925,-0.73979247,0.2802075
0.69020754,1.7002075,2.0602076,2.0702076,2.2202075,1.6802075,2.7302074,2.2002075,2.9502075,1.0602075,-0.44979247,1.2502075,1.6202075,1.4502075,3.4302075,3.1802075,3.3102076,3.2402074,2.4602075,3.0002074,2.6802075,2.3002076,1.8602076,1.5902076,0.82020754,1.1302075,1.3602076,-0.119792484,-1.6197925,-1.6497924,-1.8097925,-2.9197924,-2.6197925,-2.7897925,-2.8197925,-2.3697925,-2.2197924,-2.1597924,-0.9197925,-1.1997925,-0.5897925
