wind_kz.json
{"header": {"discipline":0,"disciplineName":"Meteorological products","gribEdition":2,"gribLength":1025,"center":7,"centerName":"US National Weather Service - NCEP(WMC)","subcenter":0,"refTime":"2024-04-09T00:00:00.000Z","significanceOfRT":1,"significanceOfRTName":"Start of forecast","productStatus":0,"productStatusName":"Operational products","productType":1,"productTypeName":"Forecast products","productDefinitionTemplate":0,"productDefinitionTemplateName":"Analysis/forecast at horizontal level/layer at a point in time","parameterCategory":2,"parameterCategoryName":"UnknownDiscipline_0_Category_2","parameterNumber":2,"parameterNumberName":"UnknownParameter_D0_C2_2","parameterUnit":"Unknown","genProcessType":2,"genProcessTypeName":"Forecast","forecastTime":120,"surface1Type":103,"surface1TypeName":"Specified height level above ground","surface1Value":10.0,"surface2Type":255,"surface2TypeName":"Missing","surface2Value":0.0,"gridDefinitionTemplate":0,"gridDefinitionTemplateName":"Latitude_Longitude","numberPoints":615,"shape":6,"shapeName":"Earth spherical with radius of 6,371,229.0 m","gridUnits":"degrees","resolution":48,"winds":"true","scanMode":64,"nx":41,"ny":15,"basicAngle":0,"lo1":47.0,"la1":41.0,"lo2":87.0,"la2":55.0,"dx":1.0,"dy":1.0}, "data":
[rows 0 to 14 of 15, columns 0 to 40 of 41]
0.17790161,-0.5420984,1.5079017,-1.6020983,-0.14209838,0.43790162,0.8179016,-2.1920984,-2.4120984,-1.6020983,0.8879016,-0.17209838,-1.5020984,-2.0320983,-1.4820983,0.4779016,-1.4720984,3.6579015,3.0079017,6.6779017,-0.6020984,5.2279015,-0.7620984,0.17790161,-3.4020984,-3.1520984,-0.12209839,1.3579016,-0.4020984,0.1979016,-1.9020984,1.0679016,-0.20209838,0.6279016,-5.4120984,-4.5720983,-4.2420983,-4.0620985,-4.2720985,-3.1720984,-3.3720984
0.7079016,1.3679016,-1.0120984,-1.1520984,-1.1420984,-1.3220984,-0.4520984,-0.24209839,-1.0720984,-2.2520983,-2.3720984,-2.5120983,-1.0920984,-0.07209839,-0.47209838,0.24790162,1.7579017,-2.1520984,-0.25209838,-2.1220984,0.78790164,1.0679016,-0.07209839,-1.3420984,-0.34209839,-0.25209838,-0.3320984,0.8879016,1.4179016,-1.0820984,0.10790161,-0.6820984,2.7179017,-1.9320984,-0.5620984,-0.6120984,-0.5520984,-1.0020984,0.72790164,0.42790163,-4.172098
0.8479016,-1.1020983,-0.3320984,0.3779016,-1.5820984,0.11790161,0.7479016,1.6879016,0.9379016,0.1979016,1.2279016,0.2679016,-0.092098385,-0.34209839,0.09790161,0.4779016,0.12790161,-0.5020984,-0.2620984,1.6079016,-1.1020983,-0.83209836,-1.3520983,0.007901612,1.5179017,-1.9820983,-2.1820984,-3.0620985,-0.3920984,-0.1620984,-1.0920984,0.9079016,1.5779016,0.10790161,0.01790161,-0.9720984,-0.3020984,0.4179016,-1.4720984,0.9579016,0.7779016
1.0679016,1.1279016,1.0079017,1.2979016,0.6479016,0.9379016,0.3579016,2.4379015,2.7979016,2.8079016,2.3579016,3.1479015,3.8579016,0.7579016,1.0979016,0.3879016,-0.3020984,0.30790162,0.027901612,1.6779016,-0.6220984,1.6879016,0.7079016,2.7079017,0.9979016,1.0279016,1.6379017,-0.18209839,2.8679016,3.0479016,3.2279017,2.8279016,3.1679015,2.4379015,0.54790163,0.12790161,-1.5720984,1.9479016,-0.4320984,-0.8220984,-1.5420984
1.4579016,2.1779015,2.5879016,2.7279017,3.0879016,3.0579016,2.6079016,2.3279016,2.2979016,2.6079016,2.5779016,4.2579017,3.7079017,4.1979017,3.1379015,1.2379016,0.9979016,-0.4220984,0.03790161,-1.2820984,-3.6220984,-1.8520983,-3.5420983,-3.9720984,-3.3220985,-2.3420985,-3.6920984,-1.0620984,-2.4420984,-1.7220984,-0.21209839,1.6679016,-1.3020984,0.8679016,-1.0520984,-1.2020984,-4.2620983,-3.5220983,-2.4420984,-2.7120984,-3.2920983
2.4679017,1.6079016,2.6879015,4.5179014,5.3079014,5.6479015,4.1479015,3.2679017,1.9379016,2.5179017,2.8979015,2.9779017,2.5679016,4.0479016,3.2579017,3.1279016,2.6479015,1.4179016,-0.8720984,-0.9220984,-3.0020983,-2.3520985,-2.5520983,-3.2920983,-3.3720984,-3.3320985,-2.6720984,-2.1020985,-2.9520984,-2.4720984,-2.6320984,-2.4920983,-2.5320983,-1.6620984,1.1179016,-5.1820984,0.12790161,-3.5920985,-1.0620984,-2.5320983,-3.2220984
3.0079017,3.4279015,2.0079017,2.2679017,4.7879014,3.9079015,3.6479015,3.2179017,2.6479015,2.5979016,3.4679017,3.7079017,3.3179016,3.3379016,3.5579016,3.6779015,3.4779017,3.1679015,2.2279017,-0.15209839,-0.21209839,-1.5420984,-0.9920984,-1.1320984,-1.7320983,-1.8120984,-0.4020984,0.087901615,-0.8420984,-1.5420984,-2.4220984,-2.8120985,-1.1920984,-2.1220984,-1.8120984,-1.0020984,-1.1520984,2.9379015,-2.4520984,2.1179016,-0.13209839
1.2279016,0.06790161,2.8079016,0.9879016,-0.7920984,-2.5020983,-0.5720984,-0.5520984,-1.0520984,1.3679016,2.4679017,2.8479016,3.3879015,3.4779017,4.2079015,4.0279016,3.1679015,3.0179017,2.0779016,1.7879016,2.8279016,1.3279016,2.0879016,-0.20209838,0.9379016,0.15790161,1.2879016,0.3779016,0.9879016,0.8479016,0.7679016,0.6579016,0.5079016,-0.70209837,-2.1620984,-1.7820984,-2.4320984,-2.7620983,-3.9320984,-3.8920984,-2.0020983
-0.7220984,-0.21209839,-1.9120984,-1.3720984,-0.1920984,-0.0020983887,-1.7120984,-2.6020985,-2.7520983,-1.5920984,-0.83209836,-0.092098385,1.7879016,1.3879017,3.1779015,2.8379016,3.0479016,2.8479016,3.1379015,1.3879017,2.4679017,2.7879016,2.9379015,2.2879016,1.4079016,1.5479016,1.8279016,0.8779016,1.3379016,1.1779016,2.0679016,2.2679017,2.7579017,-0.8220984,-1.7420983,-2.1120985,-0.6920984,-1.5820984,-0.9020984,0.8479016,-2.0520983
-0.31209838,1.3679016,1.3979017,-1.0620984,-1.1120983,-0.8820984,-0.70209837,-2.2120984,-1.6120983,-0.2920984,1.2379016,1.7479016,1.9579016,2.6579015,1.2379016,1.6879016,2.8179016,2.8079016,2.7379017,2.2579017,4.4879017,5.2179017,3.7979016,2.1179016,3.1179016,2.8179016,2.6379015,2.9779017,2.5779016,3.6979017,1.8479016,2.9879017,2.9979017,0.6179016,-1.0620984,-1.8320984,-2.6720984,-0.24209839,-2.0220983,0.30790162,-2.1720984
-2.5320983,-1.6820984,-0.7920984,0.7179016,1.5879016,0.8979016,0.7679016,1.3479016,0.8779016,1.7779016,2.3279016,2.3879015,3.3279016,3.1279016,2.5579016,1.7279016,1.5479016,3.0779016,1.8979017,2.8179016,3.1079016,2.4079015,3.3679016,3.2179017,2.8279016,3.2679017,3.6279016,3.8279016,5.5279016,4.4479017,4.4279017,3.1279016,3.7979016,0.22790161,0.22790161,-1.6120983,-1.3420984,0.6779016,-1.1620984,0.8279016,-1.4420984
-0.4220984,-0.5520984,0.33790162,0.85790163,1.0279016,0.46790162,0.15790161,1.0979016,1.8879017,2.1779015,2.8079016,3.8679016,3.0979016,4.0079017,3.4079015,3.4179015,3.0979016,3.0679016,3.1479015,1.9779016,2.3379016,3.1879015,1.9079016,2.9179015,2.5079017,3.7579017,4.1679015,5.3579016,4.2479014,4.2779016,3.7879016,3.2079017,2.2279017,0.72790164,1.3079016,3.6079016,3.3979015,-0.24209839,-0.28209838,-0.96209836,-0.15209839
-0.4620984,0.66790164,0.7179016,0.8079016,0.3179016,-0.4920984,0.49790162,2.0479016,3.2879016,2.9579017,1.8079016,3.0079017,3.1879015,3.2079017,3.7679017,3.9379015,2.2879016,2.9179015,2.5079017,2.7879016,2.7779016,3.0679016,2.9079015,2.6779015,3.4079015,3.5179017,4.407902,3.9079015,4.1279016,3.6379015,3.0779016,3.2579017,2.8179016,3.2479017,4.4379015,4.5479016,5.3079014,3.7779016,2.8879015,0.8679016,-1.2120984
1.0379016,0.49790162,0.27790162,-0.5720984,0.1979016,1.4379016,2.2279017,0.9079016,2.2079017,2.9179015,1.3679016,2.9279015,4.097902,4.4679017,3.7379017,3.3879015,3.5779016,2.1179016,1.9779016,2.6279016,3.4279015,3.0179017,3.1579015,3.2979016,3.4379015,3.3979015,3.6279016,3.3979015,2.6179016,3.4579017,2.8279016,2.3479016,2.8279016,2.9779017,3.3679016,3.4879017,3.6979017,3.0679016,2.4079015,2.2479017,1.2579017
-0.7320984,-0.012098389,0.007901612,0.39790162,1.0779016,1.4479016,2.7479017,2.0979016,2.8779016,3.6379015,3.2079017,3.4479017,2.3179016,0.5179016,3.4179015,2.4079015,2.4779017,3.1779015,2.7179017,3.0679016,2.8879015,3.5679016,3.1679015,3.2679017,3.2979016,3.7079017,3.3979015,2.1679015,2.5279016,2.6179016,2.9979017,2.7579017,3.7679017,4.5679016,4.367902,4.7479014,3.4679017,4.1879015,3.7379017,3.0179017,-1.1520984
