wind_kz.json
{"header": {"discipline":0,"disciplineName":"Meteorological products","gribEdition":2,"gribLength":948,"center":7,"centerName":"US National Weather Service - NCEP(WMC)","subcenter":0,"refTime":"2023-08-23T00:00:00.000Z","significanceOfRT":1,"significanceOfRTName":"Start of forecast","productStatus":0,"productStatusName":"Operational products","productType":1,"productTypeName":"Forecast products","productDefinitionTemplate":0,"productDefinitionTemplateName":"Analysis/forecast at horizontal level/layer at a point in time","parameterCategory":0,"parameterCategoryName":"UnknownDiscipline_0_Category_0","parameterNumber":0,"parameterNumberName":"UnknownParameter_D0_C0_0","parameterUnit":"Unknown","genProcessType":2,"genProcessTypeName":"Forecast","forecastTime":300,"surface1Type":1,"surface1TypeName":"Ground or water surface","surface1Value":0.0,"surface2Type":255,"surface2TypeName":"Missing","surface2Value":0.0,"gridDefinitionTemplate":0,"gridDefinitionTemplateName":"Latitude_Longitude","numberPoints":615,"shape":6,"shapeName":"Earth spherical with radius of 6,371,229.0 m","gridUnits":"degrees","resolution":48,"winds":"true","scanMode":64,"nx":41,"ny":15,"basicAngle":0,"lo1":47.0,"la1":41.0,"lo2":87.0,"la2":55.0,"dx":1.0,"dy":1.0}, "data":
[rows 0 to 14 of 15, columns 0 to 40 of 41]
310.51373,294.61374,296.41376,298.41376,298.41376,297.81375,310.91376,319.11374,314.71375,315.31375,314.01373,314.41376,313.31375,312.91376,312.41376,310.71375,310.01373,309.51373,311.11374,311.51373,313.61374,308.51373,306.71375,301.31375,305.41376,307.81375,303.41376,288.11374,285.91376,284.51373,279.41376,281.41376,298.11374,307.61374,308.61374,307.61374,307.31375,307.11374,306.91376,307.11374,305.01373
289.51373,296.71375,298.31375,298.21375,298.21375,297.11374,316.81375,313.21375,311.11374,310.91376,312.81375,310.81375,310.51373,308.11374,308.01373,308.31375,308.61374,308.81375,308.31375,309.51373,309.91376,309.01373,305.41376,294.41376,284.81375,282.41376,295.41376,288.31375,290.41376,281.71375,287.01373,277.51373,287.81375,267.11374,286.51373,303.51373,302.21375,305.11374,307.91376,298.81375,286.11374
304.71375,298.21375,298.61374,298.61374,297.11374,312.91376,312.01373,311.91376,310.51373,308.71375,307.51373,307.71375,304.61374,305.21375,306.61374,306.51373,305.81375,305.31375,305.71375,306.91376,307.61374,306.91376,307.01373,299.31375,303.71375,301.31375,301.61374,299.21375,299.01373,285.81375,279.71375,281.61374,286.71375,285.11374,287.51373,289.11374,282.61374,283.31375,286.61374,284.11374,283.71375
305.61374,298.91376,298.81375,297.91376,300.71375,310.71375,311.61374,310.61374,310.81375,310.11374,308.81375,306.01373,294.81375,294.21375,303.71375,304.81375,305.31375,305.01373,305.61374,304.31375,302.01373,301.21375,303.61374,305.61374,307.11374,305.91376,306.01373,301.41376,301.31375,299.81375,301.31375,295.71375,300.81375,298.71375,298.11374,295.31375,284.51373,284.01373,287.51373,297.91376,299.41376
308.11374,298.41376,298.71375,298.31375,301.91376,308.61374,310.61374,311.71375,309.61374,308.71375,307.91376,304.71375,294.41376,293.11374,291.21375,304.21375,303.81375,301.81375,301.71375,302.61374,303.51373,302.41376,301.71375,302.21375,300.81375,304.41376,302.51373,300.71375,302.31375,301.01373,303.11374,300.21375,285.11374,279.81375,290.01373,297.01373,296.21375,306.91376,306.01373,304.71375,304.21375
310.31375,307.11374,296.41376,297.41376,297.71375,297.01373,310.71375,308.91376,308.21375,307.01373,306.31375,305.61374,295.61374,293.91376,297.31375,299.41376,301.41376,301.31375,301.01373,300.81375,300.31375,300.61374,299.71375,298.61374,298.41376,298.71375,299.51373,292.91376,300.71375,300.31375,299.11374,300.81375,300.11374,297.11374,293.21375,294.81375,287.41376,288.71375,304.21375,303.71375,301.81375
309.41376,309.61374,311.01373,311.11374,306.91376,309.81375,311.61374,309.51373,308.21375,307.41376,306.61374,304.01373,302.91376,302.51373,301.51373,300.41376,299.41376,299.61374,298.61374,297.31375,296.71375,297.81375,298.51373,298.01373,296.91376,296.41376,297.31375,298.81375,298.91376,299.01373,298.21375,298.21375,299.51373,300.11374,299.11374,296.41376,292.31375,291.51373,288.71375,287.31375,298.51373
310.71375,311.11374,310.71375,310.31375,310.31375,310.41376,310.01373,307.31375,306.61374,305.11374,304.01373,302.51373,301.51373,302.21375,301.21375,295.31375,297.01373,292.61374,294.51373,290.91376,290.01373,293.41376,293.11374,292.01373,293.41376,291.41376,292.01373,293.61374,293.71375,296.41376,295.71375,297.11374,296.81375,295.81375,296.21375,298.31375,301.11374,290.01373,301.81375,298.41376,296.21375
310.21375,308.71375,308.11374,308.61374,308.21375,308.11374,306.71375,305.71375,304.31375,302.81375,300.91376,300.31375,299.31375,298.71375,292.11374,291.91376,291.11374,289.61374,290.91376,290.71375,288.71375,289.91376,288.81375,290.41376,288.01373,289.41376,286.31375,288.91376,289.21375,287.21375,289.61374,290.91376,296.21375,297.61374,298.31375,296.71375,297.41376,297.01373,285.41376,284.11374,283.21375
308.91376,306.91376,306.81375,306.41376,306.51373,305.41376,304.41376,302.61374,301.61374,300.41376,298.21375,297.01373,296.01373,293.81375,291.61374,288.71375,290.61374,288.01373,288.11374,287.81375,287.81375,287.31375,288.71375,290.51373,289.41376,288.01373,289.61374,288.61374,288.21375,288.81375,285.81375,289.91376,293.41376,296.71375,297.71375,299.11374,294.41376,288.71375,283.51373,285.51373,284.61374
305.61374,305.31375,304.41376,303.81375,303.61374,303.21375,302.91376,301.51373,300.31375,298.01373,296.61374,295.31375,295.41376,289.51373,289.91376,288.61374,287.91376,287.91376,289.31375,285.31375,286.71375,287.41376,285.81375,286.81375,285.71375,287.21375,284.51373,286.81375,287.61374,289.41376,289.11374,289.61374,291.91376,296.61374,297.01373,296.41376,291.51373,286.51373,284.01373,287.81375,286.61374
304.71375,304.51373,304.11374,303.61374,301.81375,300.41376,299.21375,298.91376,298.61374,297.11374,294.11374,293.81375,292.91376,286.61374,288.01373,287.11374,285.31375,285.61374,286.41376,284.71375,283.41376,281.91376,282.91376,281.61374,283.51373,287.61374,285.71375,288.01373,289.41376,287.01373,284.21375,286.51373,291.61374,293.31375,297.21375,295.31375,292.31375,288.91376,292.51373,293.71375,292.61374
299.61374,302.71375,303.11374,302.31375,299.81375,298.31375,299.31375,297.81375,297.01373,294.91376,289.61374,287.41376,287.51373,286.11374,285.11374,287.01373,285.11374,284.91376,284.51373,284.41376,281.91376,282.31375,282.01373,279.91376,283.01373,284.81375,289.01373,285.31375,285.71375,284.41376,283.71375,284.11374,287.81375,290.41376,290.61374,290.51373,289.61374,293.71375,291.91376,290.71375,291.41376
302.01373,302.71375,296.01373,300.81375,299.41376,298.51373,296.71375,293.21375,293.51373,291.91376,288.61374,285.71375,286.31375,285.71375,286.01373,285.11374,284.11374,282.51373,284.01373,284.31375,283.41376,283.61374,285.01373,284.51373,282.11374,284.11374,283.11374,287.81375,288.31375,288.51373,284.41376,282.71375,283.71375,286.11374,285.51373,286.21375,288.61374,287.61374,286.71375,287.11374,289.51373
298.11374,301.61374,292.31375,299.31375,298.81375,297.11374,295.31375,293.71375,291.71375,292.61374,290.21375,288.91376,282.91376,284.81375,283.91376,282.81375,283.51373,282.31375,282.51373,281.01373,283.31375,282.81375,284.71375,285.21375,285.81375,285.11374,285.91376,287.31375,288.21375,286.31375,288.31375,285.51373,282.51373,283.21375,283.31375,284.61374,286.61374,288.21375,288.11374,288.91376,289.21375
