wind_kz.json
{"header": {"discipline":0,"disciplineName":"Meteorological products","gribEdition":2,"gribLength":948,"center":7,"centerName":"US National Weather Service - NCEP(WMC)","subcenter":0,"refTime":"2023-09-07T18:00:00.000Z","significanceOfRT":1,"significanceOfRTName":"Start of forecast","productStatus":0,"productStatusName":"Operational products","productType":1,"productTypeName":"Forecast products","productDefinitionTemplate":0,"productDefinitionTemplateName":"Analysis/forecast at horizontal level/layer at a point in time","parameterCategory":0,"parameterCategoryName":"UnknownDiscipline_0_Category_0","parameterNumber":0,"parameterNumberName":"UnknownParameter_D0_C0_0","parameterUnit":"Unknown","genProcessType":2,"genProcessTypeName":"Forecast","forecastTime":300,"surface1Type":1,"surface1TypeName":"Ground or water surface","surface1Value":0.0,"surface2Type":255,"surface2TypeName":"Missing","surface2Value":0.0,"gridDefinitionTemplate":0,"gridDefinitionTemplateName":"Latitude_Longitude","numberPoints":615,"shape":6,"shapeName":"Earth spherical with radius of 6,371,229.0 m","gridUnits":"degrees","resolution":48,"winds":"true","scanMode":64,"nx":41,"ny":15,"basicAngle":0,"lo1":47.0,"la1":41.0,"lo2":87.0,"la2":55.0,"dx":1.0,"dy":1.0}, "data":
[rows 0 to 14 of 15, columns 0 to 40 of 41]
302.97357,293.07355,297.67355,296.97357,297.17355,296.07355,305.07355,310.97357,306.47357,307.77356,305.07355,307.17355,306.37357,306.77356,306.57355,308.17355,307.77356,308.97357,312.97357,312.07355,313.17355,310.17355,308.77356,307.77356,310.77356,312.27356,306.67355,297.47357,298.37357,294.77356,287.77356,283.97357,304.97357,315.67355,319.37357,319.77356,323.07355,321.47357,319.17355,321.37357,319.77356
286.37357,298.37357,296.57355,296.47357,296.57355,295.07355,308.67355,304.17355,303.07355,302.87357,303.07355,303.07355,304.47357,303.97357,306.57355,308.77356,308.77356,311.07355,310.17355,311.87357,311.57355,309.17355,307.17355,298.87357,287.77356,286.77356,303.07355,296.07355,297.87357,290.07355,297.77356,282.87357,291.57355,271.67355,280.97357,308.37357,308.77356,311.67355,316.37357,307.37357,284.87357
298.87357,295.97357,296.97357,296.67355,294.37357,300.87357,302.07355,302.07355,300.07355,299.37357,300.07355,302.57355,304.27356,304.47357,302.77356,305.67355,307.77356,308.57355,309.07355,309.77356,307.17355,307.47357,306.77356,300.37357,307.97357,306.67355,310.07355,306.17355,301.97357,293.77356,288.67355,292.97357,295.37357,290.57355,286.17355,287.37357,285.97357,288.97357,292.87357,289.67355,289.57355
300.27356,295.57355,296.37357,295.37357,294.67355,296.67355,297.37357,295.67355,297.17355,299.57355,301.27356,300.77356,292.67355,292.07355,304.17355,305.17355,305.67355,307.77356,308.27356,308.87357,306.77356,303.17355,306.97357,308.07355,307.77356,308.77356,311.77356,308.17355,303.07355,312.07355,311.47357,307.07355,305.47357,312.77356,298.57355,293.77356,281.17355,280.17355,288.37357,301.87357,308.27356
300.27356,293.67355,294.57355,293.37357,294.97357,296.27356,298.47357,299.97357,299.47357,300.37357,302.17355,302.37357,291.87357,290.77356,289.07355,303.47357,304.27356,303.07355,303.47357,303.57355,305.47357,305.87357,305.27356,306.07355,308.57355,308.47357,309.17355,305.17355,311.27356,303.77356,307.87357,308.17355,289.27356,275.67355,293.07355,298.97357,294.77356,312.17355,310.37357,310.07355,308.67355
299.67355,299.07355,292.57355,292.17355,292.27356,291.87357,301.37357,301.27356,299.77356,299.37357,299.17355,299.07355,292.77356,291.77356,296.67355,300.27356,301.17355,303.17355,301.17355,304.47357,306.47357,305.27356,304.87357,306.87357,307.57355,309.27356,307.87357,290.57355,295.57355,304.77356,301.87357,305.47357,294.97357,301.57355,298.57355,297.27356,289.87357,286.47357,296.37357,306.67355,305.77356
299.07355,300.07355,300.67355,302.77356,299.67355,303.07355,304.07355,300.57355,300.67355,300.17355,299.67355,298.77356,298.77356,298.77356,299.37357,298.97357,300.37357,300.47357,302.17355,302.47357,303.77356,304.67355,298.27356,303.87357,304.67355,306.57355,304.57355,306.87357,300.67355,297.87357,299.17355,306.67355,305.77356,305.77356,298.67355,294.77356,287.47357,286.77356,281.67355,281.87357,296.97357
299.07355,301.67355,301.87357,302.27356,301.77356,302.37357,303.07355,301.07355,299.87357,299.37357,299.37357,298.97357,298.77356,296.87357,299.27356,298.97357,298.77356,298.77356,299.37357,298.77356,298.87357,302.27356,304.07355,303.17355,303.17355,302.87357,300.87357,300.67355,299.37357,299.67355,297.27356,304.47357,304.67355,304.87357,302.27356,301.57355,301.17355,288.67355,298.87357,299.77356,295.67355
298.77356,299.67355,300.07355,301.67355,300.47357,301.47357,301.07355,299.67355,299.27356,299.17355,299.27356,299.27356,297.97357,298.97357,297.77356,298.77356,298.17355,299.37357,297.27356,297.17355,295.57355,295.37357,298.07355,300.07355,300.47357,297.07355,297.07355,298.77356,297.47357,294.57355,299.97357,301.57355,298.97357,301.07355,301.77356,293.87357,292.17355,293.07355,283.47357,286.77356,287.97357
298.37357,297.77356,298.17355,299.27356,300.37357,300.07355,300.67355,298.87357,297.87357,298.07355,297.37357,296.27356,297.57355,297.67355,296.57355,295.87357,296.97357,297.07355,297.17355,291.77356,294.27356,287.07355,294.67355,292.27356,297.37357,297.87357,299.17355,298.27356,297.67355,299.47357,300.17355,299.27356,304.37357,303.77356,302.77356,302.37357,293.07355,291.77356,288.57355,287.07355,286.47357
296.07355,296.77356,296.77356,296.37357,297.77356,298.47357,298.07355,298.17355,297.87357,296.67355,295.57355,295.97357,296.67355,296.17355,295.67355,295.47357,296.17355,297.47357,297.57355,296.37357,297.27356,296.77356,296.97357,296.97357,296.77356,298.47357,297.17355,299.97357,301.77356,303.87357,303.57355,301.57355,303.47357,299.87357,299.47357,297.57355,291.07355,289.97357,293.27356,287.47357,285.47357
293.97357,295.27356,296.17355,296.17355,295.87357,295.77356,295.57355,295.87357,295.57355,297.17355,294.47357,294.07355,295.17355,293.37357,292.57355,294.97357,295.87357,294.97357,297.77356,296.07355,294.87357,294.67355,294.87357,295.87357,295.17355,297.07355,297.37357,299.67355,301.17355,294.47357,295.27356,296.37357,294.77356,299.47357,296.57355,298.07355,297.27356,296.77356,293.87357,295.97357,294.77356
291.87357,294.07355,294.97357,294.57355,293.67355,293.87357,294.67355,296.37357,296.37357,294.57355,292.17355,290.37357,293.27356,291.87357,292.27356,292.87357,293.17355,293.67355,295.47357,291.47357,292.17355,292.27356,292.37357,291.77356,294.07355,295.27356,297.17355,297.97357,297.67355,297.57355,296.87357,291.27356,293.97357,295.57355,291.47357,296.07355,296.37357,289.27356,292.67355,289.57355,292.57355
293.17355,293.27356,289.87357,293.07355,292.97357,293.47357,293.77356,292.97357,294.37357,293.97357,291.37357,288.57355,291.17355,292.37357,292.77356,293.67355,293.37357,291.87357,293.77356,290.47357,294.27356,294.27356,294.47357,294.47357,294.87357,295.47357,295.07355,295.67355,295.07355,297.47357,291.57355,291.97357,297.27356,289.97357,292.37357,299.77356,297.17355,289.07355,288.87357,287.67355,292.77356
290.17355,291.77356,287.67355,291.67355,291.87357,292.37357,292.27356,292.97357,294.47357,294.47357,291.87357,291.47357,288.67355,289.47357,290.17355,292.07355,292.57355,293.07355,294.87357,291.37357,291.37357,292.77356,293.67355,293.67355,293.07355,293.87357,293.77356,294.77356,295.07355,294.27356,295.27356,292.17355,296.97357,296.77356,297.17355,297.07355,293.47357,287.57355,294.67355,292.97357,287.37357
