wind_kz.json
{"header": {"discipline":0,"disciplineName":"Meteorological products","gribEdition":2,"gribLength":1025,"center":7,"centerName":"US National Weather Service - NCEP(WMC)","subcenter":0,"refTime":"2024-02-02T00:00:00.000Z","significanceOfRT":1,"significanceOfRTName":"Start of forecast","productStatus":0,"productStatusName":"Operational products","productType":1,"productTypeName":"Forecast products","productDefinitionTemplate":0,"productDefinitionTemplateName":"Analysis/forecast at horizontal level/layer at a point in time","parameterCategory":2,"parameterCategoryName":"UnknownDiscipline_0_Category_2","parameterNumber":3,"parameterNumberName":"UnknownParameter_D0_C2_3","parameterUnit":"Unknown","genProcessType":2,"genProcessTypeName":"Forecast","forecastTime":120,"surface1Type":103,"surface1TypeName":"Specified height level above ground","surface1Value":10.0,"surface2Type":255,"surface2TypeName":"Missing","surface2Value":0.0,"gridDefinitionTemplate":0,"gridDefinitionTemplateName":"Latitude_Longitude","numberPoints":615,"shape":6,"shapeName":"Earth spherical with radius of 6,371,229.0 m","gridUnits":"degrees","resolution":48,"winds":"true","scanMode":64,"nx":41,"ny":15,"basicAngle":0,"lo1":47.0,"la1":41.0,"lo2":87.0,"la2":55.0,"dx":1.0,"dy":1.0}, "data":
[rows 0 to 14 of 15, columns 0 to 40 of 41]
-5.6785793,-3.508579,1.6714209,-2.6485791,-0.7085791,-0.3385791,-1.728579,1.531421,1.3914208,0.011420898,0.4014209,-0.9885791,-1.1285791,-1.2085791,-2.6385791,-3.3685791,-4.148579,-5.788579,1.0914209,9.7314205,3.031421,7.721421,3.821421,-1.8985791,-1.2785791,-1.7485791,-2.218579,0.8714209,2.811421,3.6514208,-2.008579,-3.778579,2.551421,-0.5785791,0.7814209,1.1114209,0.6914209,0.8414209,1.1214209,0.8014209,-0.8485791
6.291421,0.7314209,5.461421,-7.388579,-5.828579,-4.188579,-1.598579,3.211421,2.4014208,1.1014209,1.031421,0.4014209,-0.63857913,-0.5285791,-0.8985791,-0.20857911,-2.688579,-2.768579,-1.718579,4.751421,10.881421,6.061421,4.001421,2.521421,-0.3485791,-1.4885792,-4.2185793,1.5514209,1.1114209,0.9714209,6.2614207,5.691421,-0.6985791,-1.9185791,-5.168579,-2.6385791,-2.5685792,-2.708579,-1.6285791,-0.3285791,0.1414209
3.541421,-1.4985791,-2.488579,-2.8385792,-4.0085793,-3.478579,-0.018579101,0.6714209,-0.118579105,0.7114209,1.3514209,2.001421,1.4214209,0.9314209,1.411421,1.521421,0.8214209,-0.9785791,1.1714209,3.9214208,7.871421,10.56142,4.381421,2.711421,3.771421,3.8514209,1.6814209,1.8514209,0.2314209,3.4314208,4.141421,2.3914208,3.761421,-2.5785792,-0.3085791,2.8714209,5.4914207,0.1614209,0.7614209,-2.008579,-1.7785791
3.211421,4.061421,1.9914209,-2.238579,-4.7585793,-2.2985792,-0.5085791,0.8114209,1.7214209,1.6914209,1.8314209,2.271421,1.7914209,1.901421,2.6614208,3.031421,0.18142089,0.9814209,4.291421,5.7614207,7.701421,9.06142,6.501421,3.031421,5.371421,6.091421,4.411421,-0.9585791,3.9414208,4.021421,3.9514208,-0.8285791,-1.2385792,-0.018579101,-1.1785791,-4.278579,-3.178579,1.8814209,4.131421,1.6014209,1.4214209
3.031421,3.531421,1.4214209,1.3514209,0.4914209,-0.038579103,1.6414208,3.261421,2.6614208,3.271421,3.3514209,3.791421,3.471421,2.511421,2.6614208,0.9814209,-0.4185791,4.171421,4.941421,5.701421,8.121421,6.941421,7.641421,3.231421,0.8514209,2.241421,1.5814209,0.2014209,1.4814209,1.2014209,0.4014209,1.901421,2.4314208,2.3714209,-1.6085792,-2.208579,-0.118579105,-0.6785791,1.0014209,1.1114209,0.3414209
0.1314209,-1.4285791,-1.7685791,-1.4585791,-0.9085791,0.1714209,1.5114208,2.811421,5.561421,6.211421,6.191421,6.121421,5.2814207,5.061421,3.281421,1.9514209,1.9414209,4.851421,4.651421,4.0114207,5.981421,7.111421,6.021421,8.441421,4.8214207,1.2114209,-0.8785791,-1.3885791,0.2914209,0.6214209,-0.9585791,0.021420898,0.5414209,-1.2785791,2.811421,11.601421,4.161421,4.981421,0.3914209,-0.8785791,-0.6085791
-2.448579,-3.0885792,-2.938579,-4.368579,-3.3185792,-2.0585792,-0.1985791,2.8914208,7.001421,8.931421,8.631421,7.251421,6.461421,6.291421,4.601421,2.1414208,5.041421,3.4414208,5.401421,5.211421,3.771421,5.921421,7.971421,8.751421,3.6114209,3.1114209,-1.8785791,-0.9485791,-2.5585792,-0.4485791,-0.4685791,-2.228579,-3.478579,-0.2985791,-0.4785791,-1.9385791,-4.208579,-0.018579101,1.3514209,-0.5085791,2.9214208
-2.678579,-3.538579,-5.038579,-4.478579,-4.6985793,-4.458579,-3.278579,1.0614209,6.811421,11.091421,10.891421,9.621421,7.581421,5.7414207,5.131421,6.161421,5.731421,4.8214207,5.901421,6.131421,1.5814209,3.9014208,4.0514207,9.151421,7.971421,3.8814209,7.0114207,-0.038579103,-0.3085791,-2.778579,-1.6285791,-0.2385791,-0.5585791,-1.5485791,0.5214209,0.3914209,-0.0885791,-0.5985791,0.3714209,1.6314209,-1.2485791
-3.788579,-4.768579,-4.848579,-5.638579,-5.558579,-5.4285793,-0.1085791,-2.3685791,4.401421,9.111421,9.331421,8.581421,6.641421,7.371421,5.771421,5.3014207,5.2814207,4.481421,5.131421,6.431421,6.091421,2.791421,5.8214207,4.231421,5.231421,6.211421,2.8914208,3.261421,2.8614209,1.6914209,2.8814209,3.6114209,2.6814208,3.531421,3.811421,5.7614207,-2.6285791,1.4814209,1.3714209,1.3314209,-2.788579
-2.918579,-3.538579,-4.668579,-5.298579,-6.378579,3.591421,3.821421,0.8814209,1.661421,4.7414207,6.901421,7.731421,6.861421,6.0514207,5.141421,2.981421,2.1614208,2.531421,2.841421,2.711421,6.4914207,8.741421,5.591421,3.341421,4.8214207,3.281421,2.1014209,1.7614208,1.3214209,2.1314209,4.221421,3.971421,2.9214208,3.1614208,2.721421,1.3814209,1.0014209,-3.028579,-1.0285791,3.3814209,4.331421
-2.468579,-3.3585792,-5.638579,-6.788579,-6.598579,2.571421,5.041421,4.541421,4.561421,5.381421,5.631421,5.141421,5.711421,5.191421,3.8714209,4.791421,4.0514207,2.011421,3.061421,2.041421,3.4114208,5.751421,4.641421,4.431421,2.3914208,3.8514209,1.3814209,2.1514208,2.3614209,1.6914209,2.4414208,2.6314209,3.3614209,5.151421,2.4514208,1.0614209,-0.0985791,2.521421,1.1214209,1.7614208,-0.4085791
-0.5585791,-1.088579,-3.8685791,-4.628579,-5.478579,-1.7585791,2.961421,3.9314208,3.221421,4.3014207,3.9014208,3.6814208,3.9314208,4.221421,3.7014208,3.9414208,4.421421,3.1414208,3.211421,3.6714208,4.431421,2.251421,2.4514208,3.051421,3.761421,3.3814209,2.4314208,3.811421,2.771421,1.6714209,1.9714209,2.6914208,2.241421,3.4314208,1.4814209,-0.3485791,0.86142087,2.3514209,2.4214208,2.1714208,0.7014209
-0.3685791,-3.238579,-2.758579,-2.938579,-3.678579,-0.9485791,1.4814209,3.981421,5.631421,4.941421,3.1314209,1.281421,2.6214209,2.9314208,2.4514208,3.1914208,3.1514208,3.271421,3.011421,3.551421,5.681421,5.361421,5.111421,3.8714209,3.331421,2.731421,2.331421,2.511421,2.331421,1.9514209,2.031421,2.4014208,1.9514209,2.221421,1.6014209,1.3714209,0.3014209,-0.0485791,0.031420898,0.0914209,0.2814209
-1.1185791,-1.3585792,-3.6085792,-2.718579,-3.178579,-1.5285791,2.571421,3.4014208,3.9214208,5.161421,3.3514209,1.031421,1.2514209,2.8914208,2.8514209,3.031421,3.3914208,3.3714209,3.1614208,3.7014208,3.331421,2.6614208,2.551421,2.011421,2.4214208,2.1614208,1.6714209,2.271421,2.291421,2.301421,2.1814208,2.341421,2.1014209,2.791421,1.6414208,1.4214209,-0.1485791,-0.6785791,-0.7985791,-0.0885791,0.3614209
0.011420898,-1.6085792,-1.6785791,-2.3085792,-2.8885791,-3.1385791,1.1014209,2.9414208,2.6114209,2.1314209,-0.3185791,5.401421,3.4414208,2.8514209,4.871421,4.0314207,3.811421,3.041421,2.9314208,3.4514208,3.551421,3.321421,3.3714209,2.8914208,2.971421,2.801421,2.8514209,2.7014208,2.591421,2.301421,2.501421,2.1714208,2.1014209,2.231421,2.4114208,2.6914208,1.411421,1.0514209,0.3814209,0.1714209,-0.1085791
