wind_kz.json
{"header": {"discipline":0,"disciplineName":"Meteorological products","gribEdition":2,"gribLength":1102,"center":7,"centerName":"US National Weather Service - NCEP(WMC)","subcenter":0,"refTime":"2023-08-23T18:00:00.000Z","significanceOfRT":1,"significanceOfRTName":"Start of forecast","productStatus":0,"productStatusName":"Operational products","productType":1,"productTypeName":"Forecast products","productDefinitionTemplate":0,"productDefinitionTemplateName":"Analysis/forecast at horizontal level/layer at a point in time","parameterCategory":2,"parameterCategoryName":"UnknownDiscipline_0_Category_2","parameterNumber":2,"parameterNumberName":"UnknownParameter_D0_C2_2","parameterUnit":"Unknown","genProcessType":2,"genProcessTypeName":"Forecast","forecastTime":120,"surface1Type":103,"surface1TypeName":"Specified height level above ground","surface1Value":10.0,"surface2Type":255,"surface2TypeName":"Missing","surface2Value":0.0,"gridDefinitionTemplate":0,"gridDefinitionTemplateName":"Latitude_Longitude","numberPoints":615,"shape":6,"shapeName":"Earth spherical with radius of 6,371,229.0 m","gridUnits":"degrees","resolution":48,"winds":"true","scanMode":64,"nx":41,"ny":15,"basicAngle":0,"lo1":47.0,"la1":41.0,"lo2":87.0,"la2":55.0,"dx":1.0,"dy":1.0}, "data":
[rows 0 to 14 of 15, columns 0 to 40 of 41]
-5.3415504,-0.2415503,-0.08155029,-0.17155029,-0.7315503,-1.1715503,0.30844972,-4.04155,-3.6815503,-4.1815505,-2.6215503,-3.7315502,-3.9415503,-2.7215502,-1.2215503,1.1784497,2.2984498,-1.0715503,-0.3915503,-1.7315503,-2.8715503,-1.5515503,-1.8715503,-2.1915503,0.008449707,-0.7815503,-3.0115502,-1.5715503,-0.8215503,0.5984497,0.5284497,0.6384497,3.5984497,9.09845,2.6984496,-0.1315503,1.7984498,-4.98155,-4.60155,-3.2215502,-1.9215503
2.1184497,1.9684497,-5.6115503,-3.5715504,-1.5515503,-1.9115503,0.6284497,0.21844971,-0.9515503,-1.1115503,0.018449707,-1.4215503,-0.5115503,1.8584497,-1.5715503,0.1484497,0.4084497,-3.1215503,-1.0915504,0.5384497,-0.35155028,-3.0715504,-2.4715502,-2.7515502,0.5784497,-0.3615503,-1.3515503,0.5284497,-1.6615503,-1.2715503,0.2684497,-0.12155029,0.008449707,0.24844971,0.7184497,1.0084497,0.058449708,-1.0015503,2.8584497,1.4284497,1.3084497
-0.12155029,-1.4915503,-3.5315504,-2.7015502,-2.5915504,-0.2815503,1.3184497,2.3884497,-1.6715503,-0.6715503,2.1284497,1.1884497,1.6084497,3.2684498,0.7184497,-0.9615503,-0.1815503,1.7984498,3.0684497,1.7684497,0.7284497,-1.9215503,-1.3415504,-0.5815503,-0.3915503,-0.3615503,1.5584497,-2.5215502,-2.8815503,-0.7815503,-2.4415503,1.6384497,-0.4315503,-1.4715503,-0.2115503,-0.5715503,-0.6015503,-0.9215503,5.87845,1.9584497,-1.2915503
-2.9515502,-5.1115503,-3.2415502,-1.3315502,-0.071550295,1.9184498,2.9584496,3.8884497,3.3584497,2.8184497,3.4884498,2.8984497,3.7284498,0.8984497,-1.9515502,-0.23155029,0.1484497,2.1484497,3.9184496,2.3884497,2.4984498,0.18844971,0.9184497,3.0184498,2.6184497,2.1884496,0.1984497,-1.6015503,-0.99155027,-1.9315503,-3.2215502,-3.2615502,-1.1315503,-4.31155,-3.3315504,-1.2215503,-0.9015503,2.2284498,0.1984497,4.3684497,8.458449
-1.4115503,-1.4115503,0.7884497,2.9784498,4.0084496,4.68845,2.6484497,2.2884498,1.7584497,3.8384497,2.6184497,3.8384497,2.9284496,2.6584496,1.8884497,1.8984497,2.5484498,3.2084496,2.3784497,3.8484497,2.7184496,2.8684497,2.8884497,1.4484497,0.3884497,-0.74155027,2.0084498,1.7784497,1.9884497,-1.4115503,-1.0215503,-1.8115503,-1.4515502,1.5284497,-1.7515503,1.5584497,14.42845,8.22845,3.5384498,7.51845,5.26845
1.3884497,2.4984498,4.6584496,6.3084497,6.8884497,7.0084496,5.2784495,4.76845,4.20845,2.8684497,1.4084496,3.6184497,0.1684497,-1.8615503,-0.44155028,2.4284496,4.1984496,4.93845,5.49845,4.2784495,2.5484498,2.9684496,2.8184497,2.6884496,1.6584496,1.7884498,3.4184496,3.0084498,1.3984497,-0.071550295,-1.1015503,-0.021550292,-2.4215503,-1.9215503,0.08844971,-3.2615502,2.6384497,6.14845,16.76845,13.48845,-0.23155029
-6.8015504,-5.1715503,-5.1615505,-3.8815503,-2.1315503,0.1684497,1.3684497,2.5784497,2.7984498,4.3284497,3.0684497,4.7984495,4.78845,6.20845,4.6184497,7.22845,7.4884496,8.81845,7.47845,6.4084496,5.8684497,3.2684498,2.7284498,2.3284497,1.8184497,3.8984497,3.0984497,3.1384497,2.8484497,1.1484497,-1.8115503,-0.44155028,1.9384497,2.2984498,0.108449705,2.7284498,0.7884497,-1.1515503,2.5084498,0.5584497,9.52845
-3.2115502,-3.2615502,-5.3215504,-5.21155,-3.7215502,-1.8515503,-0.6215503,-0.4215503,-0.9815503,-0.5715503,-0.6115503,-0.1815503,-0.4715503,0.9884497,0.6484497,2.2484498,1.9784497,2.6884496,7.9084496,8.31845,8.248449,5.4084496,4.2784495,3.0184498,3.4384496,1.2584497,1.4084496,0.2284497,-0.9715503,-0.9015503,0.2984497,3.0484498,1.6784497,2.2784498,1.7884498,6.3384495,8.0884495,6.85845,8.8384495,12.60845,6.5684495
-6.9415503,-4.4115505,-3.7715502,-3.5215502,-4.7215505,-2.3515503,-0.6315503,-0.2815503,-0.9715503,0.5784497,3.1484497,3.9584496,5.03845,3.9484496,5.45845,3.5484498,1.6884497,4.1784496,5.6784496,3.6184497,6.4684496,6.22845,3.7884498,3.6284497,2.3784497,-0.5915503,-0.5715503,-1.3215503,-0.7615503,-0.35155028,0.7184497,1.8984497,3.0384498,-0.7015503,0.4084497,6.8184495,3.0584497,3.0884497,0.8484497,1.3884497,-0.3715503
-4.96155,-3.4015503,-2.7515502,-2.9115503,-0.8515503,0.03844971,1.1684498,2.5184498,0.8684497,0.1484497,1.0784497,1.6384497,2.7584498,1.9284497,3.2484498,3.3284497,3.5484498,3.8384497,3.3584497,3.7184496,4.7984495,1.6884497,4.2384496,3.1784496,0.5484497,-0.4515503,-0.3315503,-0.08155029,-0.3415503,-0.22155029,-0.1815503,2.8384497,2.8284497,0.08844971,1.8084497,1.4184498,-1.6215503,0.2784497,0.8084497,1.7684497,-0.3915503
-2.7715502,-0.061550293,0.15844971,0.6084497,2.1784496,1.5084497,2.3184497,2.3084497,1.9684497,2.7584498,4.3684497,4.20845,4.2984495,5.0484495,5.26845,5.41845,5.18845,4.0984497,3.0484498,4.7584496,4.3284497,3.4084496,1.2884498,6.6384497,-0.29155028,-1.7215503,-1.0415503,0.3184497,-1.0115503,-0.08155029,1.9784497,3.0384498,3.2684498,0.1684497,-2.5515504,-2.6415503,-1.0215503,1.4184498,0.45844972,0.6084497,-1.3615503
-0.3415503,0.2584497,0.39844972,0.1984497,0.6584497,1.8884497,2.7084496,3.0584497,3.4384496,2.9284496,2.9284496,4.5784497,4.8184495,5.0784497,6.51845,6.5684495,7.1784496,6.97845,4.70845,2.5984497,3.6884496,5.01845,2.7684498,1.9484497,5.12845,-2.9715502,-1.6015503,0.3184497,-0.2515503,0.45844972,-0.8515503,-0.5815503,0.94844973,-0.041550294,0.7884497,-0.8915503,-2.2415502,-1.4915503,1.1684498,3.3684497,-0.14155029
-0.2715503,0.4084497,1.2384497,0.8284497,2.4284496,2.3684497,4.28845,3.6284497,2.5984497,2.4084496,3.1384497,5.1384497,4.7984495,6.3284497,6.0784497,5.4284496,5.49845,5.1984496,3.2984498,2.7484498,3.2184496,3.2084496,1.9784497,0.7984497,-2.2715502,-3.7715502,2.4084496,-3.1315503,-3.9115503,-3.0115502,-2.4915502,-1.3315502,1.3884497,2.4384496,-0.09155029,-1.2715503,-1.5215503,0.5284497,1.4784497,3.7384498,0.2684497
-0.4615503,0.008449707,1.1884497,1.8384497,3.8384497,3.3784497,3.8884497,4.60845,5.0084496,5.01845,2.8384497,5.1184497,6.1384497,6.3084497,5.41845,4.49845,3.5284498,3.7184496,2.6184497,2.2784498,1.9084496,3.1084497,0.36844972,0.2084497,-4.25155,-4.0915504,-0.7215503,-3.6915503,-3.2315502,-2.9515502,-1.0115503,0.108449705,1.9684497,2.7984498,0.7684497,-1.8515503,-0.5615503,0.56844974,-0.3315503,0.18844971,2.8084497
-0.29155028,1.9484497,3.9584496,3.6184497,5.41845,4.7184496,5.5484495,4.8384495,4.8884497,4.7184496,4.5084496,5.8284497,4.5684495,4.4884496,4.43845,4.18845,3.4984498,2.7684498,-0.001550293,-0.9115503,-3.2215502,-4.46155,-5.1815505,-3.0715504,-2.0015502,-2.2815504,-1.5315503,-3.5215502,-1.8815503,-0.9115503,0.81844974,2.6384497,2.9684496,2.0484498,-0.6615503,-2.1015503,-1.0215503,1.0984497,-0.5615503,-1.3215503,1.3484497
