wind_kz.json
{"header": {"discipline":0,"disciplineName":"Meteorological products","gribEdition":2,"gribLength":871,"center":7,"centerName":"US National Weather Service - NCEP(WMC)","subcenter":0,"refTime":"2023-08-18T00:00:00.000Z","significanceOfRT":1,"significanceOfRTName":"Start of forecast","productStatus":0,"productStatusName":"Operational products","productType":1,"productTypeName":"Forecast products","productDefinitionTemplate":0,"productDefinitionTemplateName":"Analysis/forecast at horizontal level/layer at a point in time","parameterCategory":0,"parameterCategoryName":"UnknownDiscipline_0_Category_0","parameterNumber":0,"parameterNumberName":"UnknownParameter_D0_C0_0","parameterUnit":"Unknown","genProcessType":2,"genProcessTypeName":"Forecast","forecastTime":0,"surface1Type":1,"surface1TypeName":"Ground or water surface","surface1Value":0.0,"surface2Type":255,"surface2TypeName":"Missing","surface2Value":0.0,"gridDefinitionTemplate":0,"gridDefinitionTemplateName":"Latitude_Longitude","numberPoints":615,"shape":6,"shapeName":"Earth spherical with radius of 6,371,229.0 m","gridUnits":"degrees","resolution":48,"winds":"true","scanMode":64,"nx":41,"ny":15,"basicAngle":0,"lo1":47.0,"la1":41.0,"lo2":87.0,"la2":55.0,"dx":1.0,"dy":1.0}, "data":
[rows 0 to 14 of 15, columns 0 to 40 of 41]
293.14737,286.74738,290.34735,299.94736,299.44736,298.34735,298.34735,300.54736,297.44736,298.04736,298.74738,299.94736,299.64737,299.14737,297.74738,295.74738,296.14737,295.94736,294.54736,295.34735,294.14737,288.94736,288.54736,288.04736,288.24738,290.44736,287.64737,274.64737,275.04736,276.34735,276.74738,279.04736,287.04736,292.94736,295.54736,295.64737,295.64737,296.34735,296.44736,296.14737,296.14737
276.94736,292.04736,299.64737,300.04736,299.84735,298.34735,299.54736,297.74738,297.34735,296.94736,298.44736,298.44736,298.84735,295.84735,293.04736,294.54736,293.84735,293.24738,291.24738,291.74738,293.34735,294.14737,291.54736,284.24738,274.04736,278.24738,282.04736,273.54736,274.64737,272.54736,278.84735,271.84735,280.54736,258.94736,276.94736,292.14737,291.24738,294.44736,296.44736,288.24738,283.74738
295.14737,299.84735,300.24738,299.84735,297.54736,296.64737,297.64737,297.94736,297.14737,297.04736,297.74738,297.84735,296.24738,299.14737,295.64737,293.04736,292.24738,292.24738,294.24738,294.14737,294.44736,293.64737,294.04736,288.04736,287.54736,286.14737,290.54736,287.74738,285.94736,279.84735,272.44736,273.14737,279.54736,279.84735,281.14737,283.24738,276.84735,278.24738,278.04736,274.44736,273.94736
293.84735,300.74738,300.34735,299.44736,296.94736,295.04736,295.84735,295.94736,296.94736,297.04736,297.34735,295.94736,296.54736,295.64737,294.24738,294.14737,296.44736,295.24738,294.94736,294.94736,292.84735,290.44736,293.94736,292.94736,289.74738,291.34735,292.24738,291.34735,287.74738,287.94736,289.54736,288.14737,291.94736,288.44736,287.84735,286.44736,274.84735,274.74738,279.64737,287.74738,290.74738
297.64737,301.04736,300.84735,300.34735,298.94736,296.54736,295.74738,297.34735,297.54736,299.14737,296.04736,295.14737,297.34735,295.74738,292.54736,295.34735,295.24738,297.34735,297.64737,296.94736,296.34735,295.94736,292.94736,293.04736,291.54736,290.74738,288.64737,290.94736,287.94736,288.74738,291.14737,286.34735,278.94736,269.44736,278.84735,288.64737,291.94736,293.74738,293.14737,293.74738,294.04736
296.14737,294.44736,299.54736,299.74738,300.14737,300.14737,297.24738,296.54736,298.24738,297.04736,296.14737,296.74738,295.94736,295.94736,294.84735,293.44736,294.74738,297.14737,298.24738,297.14737,295.14737,294.14737,292.74738,291.54736,290.34735,289.64737,289.44736,294.64737,290.64737,290.94736,289.34735,290.04736,289.14737,286.84735,285.84735,287.94736,282.54736,285.14737,291.14737,292.84735,291.54736
295.14737,294.54736,296.64737,299.24738,298.24738,298.14737,295.44736,294.94736,295.74738,297.94736,298.14737,295.54736,295.54736,295.94736,295.94736,299.04736,297.54736,298.14737,296.14737,293.94736,293.54736,293.44736,292.64737,291.74738,290.04736,289.94736,289.14737,290.14737,289.84735,289.24738,288.94736,288.94736,288.74738,289.44736,287.54736,286.24738,283.44736,279.74738,277.34735,276.74738,287.54736
295.54736,295.54736,295.74738,295.64737,297.94736,296.54736,296.24738,295.34735,295.84735,297.64737,296.74738,294.04736,294.44736,294.84735,295.74738,296.74738,295.64737,296.24738,295.24738,292.94736,290.54736,290.34735,289.94736,289.74738,288.34735,285.04736,285.54736,286.94736,285.64737,287.34735,286.14737,286.84735,286.04736,283.64737,283.74738,285.34735,286.44736,289.14737,286.24738,286.74738,283.94736
293.84735,294.04736,294.34735,293.84735,293.64737,296.64737,294.14737,295.04736,294.74738,294.24738,294.44736,295.74738,294.14737,294.04736,293.84735,293.44736,293.94736,295.14737,293.94736,291.74738,289.34735,287.54736,287.94736,287.64737,285.94736,286.54736,283.44736,282.14737,281.44736,280.74738,287.24738,288.04736,284.94736,285.84735,284.34735,282.54736,282.44736,282.14737,272.94736,274.04736,273.64737
292.74738,293.44736,294.14737,293.44736,292.84735,294.24738,295.44736,294.94736,295.24738,294.84735,294.34735,292.74738,294.24738,291.84735,292.54736,292.04736,292.14737,292.14737,291.74738,291.24738,291.34735,289.04736,289.84735,289.94736,287.24738,286.54736,284.64737,284.54736,284.24738,284.54736,284.14737,287.84735,289.44736,288.44736,287.14737,286.54736,285.14737,280.94736,276.34735,276.04736,275.04736
295.64737,292.44736,293.24738,294.14737,291.54736,292.84735,294.64737,294.14737,293.64737,293.54736,292.44736,289.84735,291.04736,290.14737,289.34735,289.74738,291.64737,292.24738,291.94736,290.64737,290.54736,289.84735,288.24738,287.14737,286.74738,286.14737,285.94736,287.04736,287.14737,289.04736,289.34735,288.14737,288.14737,288.04736,286.84735,286.44736,281.44736,280.24738,277.84735,278.44736,277.24738
291.54736,291.64737,292.04736,291.94736,290.74738,290.44736,289.84735,291.04736,291.04736,291.24738,289.24738,288.44736,290.24738,289.94736,290.24738,288.94736,291.04736,291.44736,291.74738,290.34735,288.94736,288.24738,288.54736,290.44736,286.84735,288.04736,287.74738,288.54736,291.04736,290.14737,286.04736,286.34735,285.94736,285.14737,285.54736,285.84735,286.14737,285.74738,284.14737,283.34735,284.44736
290.64737,290.24738,291.44736,290.24738,292.04736,291.64737,291.84735,290.74738,288.74738,287.34735,286.54736,286.34735,288.74738,288.74738,289.44736,289.74738,290.04736,290.04736,290.04736,288.84735,287.84735,286.34735,286.04736,285.24738,285.84735,286.24738,287.54736,285.84735,285.04736,283.04736,283.34735,283.44736,283.24738,283.64737,283.04736,282.94736,283.14737,283.24738,283.64737,283.44736,284.54736
288.74738,290.74738,291.24738,292.84735,291.24738,290.94736,289.04736,290.34735,288.14737,290.24738,287.84735,288.94736,286.14737,287.74738,289.84735,289.14737,288.84735,289.44736,289.34735,288.24738,286.84735,286.34735,286.04736,285.44736,284.44736,284.04736,282.74738,282.74738,282.44736,282.84735,282.04736,281.74738,281.74738,281.74738,282.44736,281.84735,283.24738,284.54736,282.34735,282.34735,284.64737
290.94736,294.64737,292.34735,291.64737,291.24738,290.24738,289.74738,289.34735,289.24738,288.44736,289.34735,286.24738,289.54736,288.14737,288.44736,289.14737,289.04736,288.24738,286.74738,286.14737,285.44736,284.64737,283.84735,282.94736,282.84735,282.54736,282.44736,282.94736,282.74738,282.14737,282.24738,282.44736,281.04736,281.24738,282.44736,283.84735,284.74738,283.74738,284.04736,283.74738,283.74738
