wind_kz.json
{"header": {"discipline":0,"disciplineName":"Meteorological products","gribEdition":2,"gribLength":1102,"center":7,"centerName":"US National Weather Service - NCEP(WMC)","subcenter":0,"refTime":"2024-04-07T12:00:00.000Z","significanceOfRT":1,"significanceOfRTName":"Start of forecast","productStatus":0,"productStatusName":"Operational products","productType":1,"productTypeName":"Forecast products","productDefinitionTemplate":0,"productDefinitionTemplateName":"Analysis/forecast at horizontal level/layer at a point in time","parameterCategory":2,"parameterCategoryName":"UnknownDiscipline_0_Category_2","parameterNumber":2,"parameterNumberName":"UnknownParameter_D0_C2_2","parameterUnit":"Unknown","genProcessType":2,"genProcessTypeName":"Forecast","forecastTime":300,"surface1Type":103,"surface1TypeName":"Specified height level above ground","surface1Value":10.0,"surface2Type":255,"surface2TypeName":"Missing","surface2Value":0.0,"gridDefinitionTemplate":0,"gridDefinitionTemplateName":"Latitude_Longitude","numberPoints":615,"shape":6,"shapeName":"Earth spherical with radius of 6,371,229.0 m","gridUnits":"degrees","resolution":48,"winds":"true","scanMode":64,"nx":41,"ny":15,"basicAngle":0,"lo1":47.0,"la1":41.0,"lo2":87.0,"la2":55.0,"dx":1.0,"dy":1.0}, "data":
[rows 0 to 14 of 15, columns 0 to 40 of 41]
2.0808887,-1.0191113,3.2408886,-5.289111,-4.229111,-6.789111,-5.9091115,-7.4091115,-8.049111,-6.3591113,-4.8191113,-4.939111,-4.3591113,-7.079111,-6.8691115,-6.2391114,-3.6791112,-4.769111,-4.6491113,-1.9791113,0.37088868,0.68088865,1.1808887,-1.5391114,-1.1491113,-1.9891113,-1.2491113,0.94088864,0.99088866,0.85088867,0.43088868,1.9508886,1.5908886,0.10088867,-4.6191115,-2.3491113,-4.8891115,-3.9191113,-2.1691113,-3.5391114,-3.5791113
2.6308887,0.67088866,-6.5891113,-7.1691113,-5.5891113,-8.219111,-7.4491115,-8.959111,-7.2591114,-5.1491113,-5.1791115,-5.6091113,-5.809111,-6.689111,-4.809111,-5.9091115,-4.459111,-4.939111,-2.9591112,-1.8991113,-0.20911133,-0.18911132,-1.2591113,-1.9291114,0.6408887,0.40088868,0.37088868,1.4308887,-0.74911135,1.8208886,0.8908887,0.54088867,1.6008887,-1.6691114,0.7008887,0.020888671,-0.40911132,0.68088865,-1.0491114,0.73088866,-2.3491113
1.2908887,-7.3191113,-8.219111,-8.299111,-9.959111,-9.809112,-8.669111,-5.5691113,-7.6491113,-6.5491114,-4.809111,-5.3591113,-5.0091114,-5.5891113,-4.4191113,-5.459111,-6.0891113,-4.0491114,-2.4791114,-0.9291113,1.4208887,-5.7391114,-5.499111,-4.689111,1.5308887,-2.4891114,0.85088867,1.7508887,1.1908886,8.886719E-4,-0.099111326,1.7808887,0.17088868,1.4908887,0.40088868,-0.82911134,1.1708887,0.33088866,2.0208886,4.6308885,3.8308887
-4.6291113,-8.229112,-8.6391115,-8.569111,-9.239111,-9.229112,-5.9191113,-7.3591113,-5.6791115,-5.709111,-5.0291114,-4.9691114,-5.3591113,-5.709111,-4.519111,-5.6391115,-5.0991116,-5.1391115,-3.9991114,-3.7291114,-3.4791114,-3.1891112,-2.8291113,-4.8991113,-5.3491116,-4.6991115,-4.209111,-8.729112,-4.9891114,-3.0291114,0.93088865,0.030888671,5.6508884,10.010889,1.2408887,1.5808886,1.6808887,2.2008886,-2.7791114,-1.6691114,-4.9691114
-6.309111,-8.969111,-8.039111,-9.779111,-8.869111,-7.1191115,-5.6091113,-4.9491115,-5.0491114,-4.249111,-5.6191115,-4.8591113,-7.0291114,-6.1791115,-5.5691113,-4.2791114,-4.8491116,-4.7791114,-4.209111,-4.8891115,-6.1591115,-5.4491115,-4.189111,-5.3491116,-7.059111,-6.8891115,-7.4691114,-6.479111,-6.5091114,-6.269111,-7.0091114,-5.2191114,-1.3691113,2.3208888,-2.9791114,-3.8791113,-1.2191113,-4.459111,-0.55911136,-2.7891114,-6.7391114
-5.3791113,-6.8591113,-7.7591114,-8.919111,-7.4691114,-5.8491116,-4.059111,-4.709111,-5.0891113,-3.7691114,-5.5891113,-6.5691113,-6.0491114,-5.4691114,-3.8391113,-3.5691113,-5.059111,-4.7991114,-5.6691113,-4.4491115,-5.8491116,-4.7791114,-4.0091114,-5.249111,-5.9891114,-6.7191114,-5.8491116,-4.1591115,-6.6391115,-7.059111,-7.1791115,-6.1691113,-4.939111,-2.2491114,2.9908886,2.1408887,2.1008887,3.3908887,-2.0491114,-3.3091114,-6.9091115
-6.6591115,-6.3991113,-5.8991113,-5.8391113,-5.5291114,-3.0491114,-2.7591114,-2.8991113,-3.9591112,-3.1391113,-2.9091113,-5.8591113,-5.439111,-4.079111,-3.5791113,-3.0791113,-5.059111,-4.0991116,-3.9691114,-4.479111,-4.0691113,-3.8791113,-4.0991116,-3.6491113,-3.8591113,-3.5891113,-3.4991114,-3.2491114,-3.6291113,-4.039111,-3.9291112,-3.6891112,-2.5291114,-0.88911134,-0.18911132,-1.6191113,-0.48911133,-0.69911134,0.81088865,-0.009111328,5.1308885
-6.4191113,-5.809111,-5.8991113,-4.8891115,-4.0891113,-4.329111,-4.2191114,-3.9291112,-2.2391114,-1.8391113,-3.5091114,-5.4291115,-4.6591115,-4.709111,-3.1291113,-3.9491112,-3.5991113,-3.7291114,-3.2291114,-3.8291113,-2.9591112,-3.3191113,-2.9491112,-3.4291112,-3.0191114,-1.8991113,-1.9991113,-1.7991114,-1.2991114,-2.0991113,-0.99911135,-0.48911133,-0.75911134,-1.6691114,-0.7891113,1.3008887,3.9308887,4.670889,6.1108885,11.0708885,7.0108886
-5.939111,-5.289111,-5.0091114,-4.7391114,-3.6191113,-3.3791113,-4.059111,-4.289111,-4.1291113,-2.9991114,-3.0491114,-4.3391113,-4.1091113,-2.3991113,-3.2991114,-3.3091114,-3.6091113,-3.1991112,-2.7391114,-2.7891114,-3.2591114,-2.7891114,-2.7991114,-2.9191113,-2.3791113,-2.0091114,-1.4591113,-1.1191113,0.46088868,0.85088867,0.9108887,0.62088865,1.3508887,0.9508887,2.0508888,2.8308887,3.2108886,1.3608887,0.7008887,1.3208886,0.5708887
-4.3891115,-4.4291115,-4.059111,-3.7391114,-3.5291114,-2.9591112,-3.6791112,-3.3791113,-3.1091113,-2.5991113,-3.4991114,-4.6391115,-2.9991114,-1.4291114,-2.1391113,-2.0091114,-2.8191113,-2.8991113,-3.2591114,-2.9991114,-3.5591114,-3.0791113,-2.3891113,-2.5391114,-1.9891113,-0.95911133,-0.069111325,0.44088867,1.7908887,2.4508886,2.2008886,2.4608886,1.7508887,2.9908886,3.1008887,3.9508886,2.1308887,0.18088867,0.16088867,1.4508886,1.7408887
-2.8591113,-2.6591113,-3.5391114,-3.3391113,-2.7891114,-2.7991114,-2.4791114,-3.3591113,-2.5191114,-3.2191114,-2.6691113,-1.5891113,-2.5291114,-1.6191113,-1.1091113,-2.0891113,-4.1491113,-3.8191113,-2.9491112,-3.1891112,-3.1091113,-2.6391113,-1.9691113,-1.1391113,0.37088868,0.54088867,1.4908887,1.7408887,1.9508886,2.5608888,1.5908886,2.5508888,2.8708887,3.0108886,4.1308885,4.3308887,1.5608886,1.8008887,1.1208887,0.25088868,1.2308887
-2.0491114,-1.8291113,-2.0091114,-2.5391114,-3.3791113,-2.9791114,-3.3291113,-2.9191113,-2.2991114,-2.7591114,-2.3891113,-1.8691113,-2.7391114,-2.1991112,-3.2991114,-4.5091114,-4.2991114,-2.5391114,-2.5891113,-2.6791112,-2.7291114,-1.5991113,-0.80911136,-0.009111328,0.5808887,0.9608887,0.23088866,1.4008887,2.6108887,1.4008887,2.3208888,3.2108886,3.0508888,4.1408887,4.2008886,5.1208887,5.770889,6.170889,1.5208887,1.3608887,0.30088866
-1.0091113,-1.4291114,-0.9191113,-1.6991113,-2.1791112,-2.0391114,-2.5091114,-1.6891114,-1.0391114,-1.7591113,-1.4491113,-1.9791113,-2.3591113,-3.7591114,-3.6191113,-3.4091113,-2.6691113,-2.5591114,-2.9491112,-2.4791114,-1.9691113,-0.51911134,0.07088867,-0.13911133,0.26088867,0.42088866,1.5208887,1.9508886,2.1408887,2.5208886,2.9908886,3.4108887,3.8508887,3.9408886,4.0108886,4.020889,3.4008887,2.2208886,3.4308887,2.9208887,2.8608887
-1.4991113,-1.9291114,-1.1391113,-2.4591112,-2.0291114,-1.9291114,-1.1991113,-0.75911134,0.45088866,-0.46911132,-1.6091113,-1.5991113,-1.4591113,-2.5991113,-3.1191113,-3.0291114,-2.2391114,-3.3191113,-3.1391113,-2.1991112,-1.8691113,-1.9091114,-1.3691113,-0.07911133,0.56088865,1.2908887,1.9908887,1.4408886,1.7308887,1.8808887,1.8708887,2.6208887,2.7608886,1.0908886,1.4208887,1.0608886,0.62088865,-0.46911132,1.6008887,0.87088865,1.4608886
-1.8491113,-2.0091114,-0.7991113,-1.7291113,-1.1491113,-1.2991114,-0.8591113,-0.39911133,-1.0091113,-2.2991114,-2.4991114,-1.5491114,-1.5291114,-1.6691114,-3.4591112,-2.4691114,-3.4291112,-3.1491113,-2.5591114,-2.3491113,-2.0091114,-0.7891113,0.31088868,0.9708887,0.73088866,0.39088866,0.69088864,1.2408887,1.1408887,1.4608886,1.1908886,1.9108887,0.30088866,0.36088866,0.94088864,0.9008887,0.93088865,0.74088866,0.6608887,0.34088868,0.25088868
