wind.json
{"header": {"discipline":0,"disciplineName":"Meteorological products","gribEdition":2,"gribLength":953,"center":7,"centerName":"US National Weather Service - NCEP(WMC)","subcenter":0,"refTime":"2023-06-30T06:00:00.000Z","significanceOfRT":1,"significanceOfRTName":"Start of forecast","productStatus":0,"productStatusName":"Operational products","productType":1,"productTypeName":"Forecast products","productDefinitionTemplate":0,"productDefinitionTemplateName":"Analysis/forecast at horizontal level/layer at a point in time","parameterCategory":0,"parameterCategoryName":"UnknownDiscipline_0_Category_0","parameterNumber":0,"parameterNumberName":"UnknownParameter_D0_C0_0","parameterUnit":"Unknown","genProcessType":2,"genProcessTypeName":"Forecast","forecastTime":60,"surface1Type":1,"surface1TypeName":"Ground or water surface","surface1Value":0.0,"surface2Type":255,"surface2TypeName":"Missing","surface2Value":0.0,"gridDefinitionTemplate":0,"gridDefinitionTemplateName":"Latitude_Longitude","numberPoints":688,"shape":6,"shapeName":"Earth spherical with radius of 6,371,229.0 m","gridUnits":"degrees","resolution":48,"winds":"true","scanMode":64,"nx":43,"ny":16,"basicAngle":0,"lo1":45.0,"la1":40.0,"lo2":87.0,"la2":55.0,"dx":1.0,"dy":1.0}, "data":
[rows 0 to 15 of 16, columns 0 to 42 of 43]
283.12653,281.8265,295.52652,297.4265,297.3265,297.02652,296.12653,294.9265,298.7265,299.7265,303.2265,301.12653,303.4265,301.8265,299.4265,302.02652,302.3265,302.2265,302.2265,303.02652,301.52652,300.02652,295.7265,300.4265,298.52652,296.8265,297.12653,289.52652,283.12653,280.62653,285.4265,296.9265,297.7265,297.7265,300.3265,300.4265,301.8265,298.3265,300.9265,298.52652,292.8265,294.4265,295.02652
288.02652,297.02652,297.62653,285.8265,288.9265,295.9265,295.62653,294.4265,297.62653,302.52652,301.7265,300.62653,301.62653,303.8265,302.8265,302.12653,302.3265,298.9265,299.4265,301.3265,302.62653,303.2265,302.3265,300.12653,302.12653,296.2265,303.8265,302.7265,294.2265,280.2265,280.7265,282.4265,281.12653,282.8265,291.3265,298.12653,300.02652,299.62653,297.62653,297.9265,297.3265,297.52652,296.7265
287.02652,282.2265,274.12653,289.12653,295.9265,295.8265,295.9265,293.62653,298.02652,298.9265,299.62653,300.7265,301.62653,301.02652,300.7265,298.7265,299.02652,296.02652,297.12653,299.4265,299.62653,300.4265,299.52652,303.2265,298.3265,288.2265,277.3265,277.52652,288.62653,278.9265,282.62653,274.7265,281.62653,272.3265,285.7265,256.3265,270.3265,294.7265,293.7265,295.52652,298.9265,290.52652,283.62653
287.2265,290.4265,293.4265,296.8265,296.4265,296.2265,295.12653,296.8265,297.9265,298.7265,298.7265,298.8265,298.9265,300.3265,298.52652,299.4265,298.12653,294.4265,294.2265,295.62653,297.4265,299.52652,301.7265,301.7265,296.2265,291.62653,296.3265,296.9265,298.9265,296.3265,291.52652,284.9265,275.4265,277.2265,283.7265,281.9265,282.9265,286.12653,275.52652,277.3265,278.8265,275.3265,273.02652
296.62653,299.02652,295.12653,297.62653,297.4265,296.4265,295.9265,296.8265,297.7265,297.52652,298.3265,298.52652,298.8265,298.7265,294.52652,294.12653,298.52652,296.62653,297.3265,295.7265,298.8265,299.62653,301.12653,296.02652,300.2265,301.4265,298.2265,300.3265,303.02652,296.7265,294.9265,293.02652,292.3265,291.3265,297.3265,293.8265,288.62653,289.9265,276.12653,276.9265,280.8265,286.7265,291.4265
296.2265,301.02652,299.62653,298.3265,298.02652,298.4265,298.3265,297.9265,298.02652,297.2265,297.02652,297.8265,297.9265,297.2265,295.2265,294.52652,291.7265,296.3265,297.8265,298.7265,296.7265,302.4265,304.12653,303.7265,300.9265,299.2265,299.3265,300.3265,298.8265,294.9265,294.7265,295.2265,297.52652,289.9265,282.4265,272.3265,284.2265,292.8265,295.12653,298.62653,297.7265,297.12653,297.2265
296.02652,300.2265,298.8265,296.02652,298.7265,298.02652,297.52652,297.12653,297.62653,298.52652,297.3265,297.4265,299.02652,297.2265,293.9265,293.7265,295.52652,296.9265,297.9265,299.3265,299.4265,302.52652,302.3265,303.7265,300.4265,299.3265,299.52652,297.52652,295.8265,290.52652,297.02652,298.02652,296.52652,294.3265,292.62653,290.02652,289.12653,287.2265,283.62653,284.2265,293.52652,295.3265,296.12653
297.12653,300.2265,298.8265,299.9265,301.2265,300.8265,299.12653,298.9265,297.9265,297.2265,298.2265,299.4265,297.7265,296.9265,299.12653,296.9265,297.9265,301.02652,297.9265,298.8265,299.8265,298.62653,300.8265,301.62653,300.3265,300.7265,296.9265,294.7265,294.2265,295.7265,292.7265,295.9265,294.4265,294.62653,294.9265,294.8265,291.12653,289.02652,285.2265,280.62653,275.2265,277.62653,291.12653
295.62653,297.2265,299.52652,297.3265,300.3265,301.2265,299.52652,297.2265,298.7265,297.62653,294.2265,294.62653,294.3265,295.7265,292.8265,296.8265,297.52652,300.3265,298.52652,298.52652,298.2265,297.12653,299.2265,299.7265,298.8265,298.4265,295.9265,290.4265,290.3265,292.9265,292.4265,294.2265,291.7265,291.3265,289.62653,287.12653,285.4265,286.3265,289.62653,287.9265,288.02652,289.4265,284.7265
291.12653,296.2265,295.2265,297.8265,297.7265,296.02652,296.52652,297.2265,294.3265,293.8265,292.52652,292.2265,294.02652,293.7265,291.4265,293.2265,294.7265,298.3265,296.12653,299.2265,297.4265,300.4265,296.2265,296.4265,298.12653,296.3265,294.62653,294.52652,290.02652,289.9265,288.8265,286.8265,288.02652,287.3265,287.4265,288.7265,284.8265,282.2265,285.02652,285.02652,274.4265,276.3265,274.3265
291.7265,293.2265,293.4265,296.9265,294.7265,293.9265,295.7265,293.02652,294.3265,292.2265,291.2265,290.2265,291.62653,288.52652,291.3265,291.02652,292.7265,295.12653,295.12653,296.12653,295.7265,297.3265,297.4265,296.62653,298.02652,297.4265,296.12653,292.62653,292.2265,291.62653,291.12653,289.9265,290.4265,291.9265,291.9265,290.8265,287.2265,284.2265,283.7265,281.52652,275.9265,272.9265,273.7265
289.62653,290.8265,291.4265,291.9265,292.7265,292.7265,291.8265,291.4265,291.2265,290.9265,289.02652,290.2265,287.12653,287.2265,289.3265,289.02652,289.62653,290.9265,291.52652,295.02652,298.12653,296.4265,297.4265,297.7265,296.4265,296.2265,293.4265,293.7265,289.7265,292.52652,292.9265,294.2265,294.02652,293.52652,291.7265,290.62653,287.9265,285.12653,281.4265,277.4265,277.12653,278.02652,276.12653
289.2265,289.3265,290.02652,290.8265,290.8265,290.9265,289.2265,291.12653,289.02652,287.9265,288.4265,288.2265,285.4265,285.9265,289.8265,288.2265,289.8265,289.3265,295.12653,294.3265,295.12653,294.12653,294.7265,296.02652,294.2265,293.7265,293.3265,292.2265,292.9265,293.7265,294.3265,294.8265,292.52652,292.4265,292.7265,288.4265,288.2265,286.52652,285.52652,284.4265,284.2265,283.02652,282.62653
289.02652,289.2265,289.52652,289.2265,290.7265,289.8265,289.9265,290.62653,288.02652,287.12653,286.62653,287.02652,285.62653,284.2265,288.7265,288.4265,290.2265,291.4265,292.8265,292.12653,291.7265,292.9265,296.4265,295.2265,290.7265,291.62653,292.12653,293.3265,293.7265,292.7265,293.2265,292.12653,292.52652,291.4265,290.4265,288.62653,287.8265,286.4265,285.7265,286.62653,284.12653,284.12653,284.52652
288.3265,288.8265,288.8265,289.3265,290.3265,289.2265,291.7265,286.9265,286.9265,286.9265,287.7265,287.4265,286.4265,284.8265,285.52652,286.7265,287.12653,289.52652,292.7265,294.02652,292.12653,291.7265,292.2265,293.12653,292.8265,292.02652,292.9265,292.62653,291.8265,291.3265,291.3265,291.52652,291.12653,290.9265,290.02652,288.8265,287.3265,286.12653,288.12653,288.4265,287.2265,285.52652,283.62653
288.4265,288.8265,289.02652,289.62653,290.8265,288.52652,288.52652,286.8265,287.7265,287.52652,287.8265,287.62653,287.7265,286.12653,286.3265,286.8265,286.8265,290.12653,292.62653,291.02652,293.2265,290.9265,291.7265,292.62653,292.8265,291.02652,290.3265,291.7265,290.52652,290.12653,290.2265,289.9265,289.52652,287.3265,288.62653,288.12653,286.4265,285.2265,286.02652,285.9265,286.52652,284.52652,284.9265
