wind_kz.json
{"header": {"discipline":0,"disciplineName":"Meteorological products","gribEdition":2,"gribLength":871,"center":7,"centerName":"US National Weather Service - NCEP(WMC)","subcenter":0,"refTime":"2024-01-31T18:00:00.000Z","significanceOfRT":1,"significanceOfRTName":"Start of forecast","productStatus":0,"productStatusName":"Operational products","productType":1,"productTypeName":"Forecast products","productDefinitionTemplate":0,"productDefinitionTemplateName":"Analysis/forecast at horizontal level/layer at a point in time","parameterCategory":0,"parameterCategoryName":"UnknownDiscipline_0_Category_0","parameterNumber":0,"parameterNumberName":"UnknownParameter_D0_C0_0","parameterUnit":"Unknown","genProcessType":2,"genProcessTypeName":"Forecast","forecastTime":180,"surface1Type":1,"surface1TypeName":"Ground or water surface","surface1Value":0.0,"surface2Type":255,"surface2TypeName":"Missing","surface2Value":0.0,"gridDefinitionTemplate":0,"gridDefinitionTemplateName":"Latitude_Longitude","numberPoints":615,"shape":6,"shapeName":"Earth spherical with radius of 6,371,229.0 m","gridUnits":"degrees","resolution":48,"winds":"true","scanMode":64,"nx":41,"ny":15,"basicAngle":0,"lo1":47.0,"la1":41.0,"lo2":87.0,"la2":55.0,"dx":1.0,"dy":1.0}, "data":
[rows 0 to 14 of 15, columns 0 to 40 of 41]
284.40253,277.70255,282.50253,280.30255,280.50253,282.00253,285.60254,288.10254,285.50253,285.50253,285.50253,285.20255,285.30255,285.50253,285.80255,286.30255,286.40253,285.70255,287.00253,286.70255,285.90253,283.70255,285.00253,277.90253,283.10254,286.70255,277.40253,267.30255,264.50253,263.20255,264.50253,258.50253,270.50253,280.90253,279.10254,283.00253,282.60254,281.60254,281.00253,278.60254,279.40253
264.00253,284.30255,280.10254,279.80255,280.30255,281.00253,286.20255,285.20255,286.40253,285.50253,286.70255,285.80255,285.30255,285.40253,284.00253,283.80255,284.80255,285.60254,285.10254,285.60254,283.70255,282.30255,281.40253,272.20255,264.70255,266.60254,269.40253,265.80255,264.60254,260.90253,269.30255,260.90253,276.40253,253.50253,261.20255,269.10254,269.00253,275.40253,279.60254,274.10254,273.10254
282.80255,278.40253,280.10254,280.30255,280.40253,283.20255,283.00253,284.50253,283.90253,284.00253,284.00253,284.60254,285.40253,281.50253,278.90253,275.90253,278.20255,277.20255,278.90253,279.50253,280.60254,280.30255,281.40253,273.20255,281.80255,276.40253,273.90253,275.20255,278.60254,271.30255,266.20255,268.70255,268.00253,267.20255,264.20255,269.80255,266.70255,261.60254,262.10254,267.10254,264.80255
284.40253,276.00253,278.10254,279.10254,280.20255,282.50253,280.80255,280.70255,282.70255,282.10254,283.60254,284.00253,281.40253,282.00253,280.10254,275.70255,277.60254,275.40253,275.40253,275.90253,279.40253,273.20255,278.30255,276.80255,275.90253,274.80255,275.50253,274.40253,274.20255,275.50253,273.40253,273.30255,278.10254,272.80255,271.90253,270.70255,264.00253,260.80255,272.50253,268.30255,268.20255
280.40253,272.90253,272.40253,272.80255,276.60254,281.20255,279.30255,281.90253,281.40253,280.00253,277.20255,278.10254,279.30255,279.20255,278.40253,276.20255,275.90253,277.30255,279.00253,274.70255,277.10254,276.80255,274.80255,275.20255,274.90253,273.60254,273.20255,273.30255,277.20255,279.00253,274.60254,275.90253,269.50253,262.30255,270.40253,269.50253,266.10254,267.50253,268.60254,266.80255,265.90253
279.90253,280.30255,273.10254,273.00253,272.80255,272.90253,280.60254,280.40253,279.90253,278.30255,274.70255,276.30255,278.80255,279.30255,275.50253,277.60254,275.00253,276.90253,273.60254,275.10254,273.10254,274.10254,274.00253,273.80255,273.80255,273.20255,274.00253,273.00253,273.30255,273.20255,273.30255,273.70255,273.20255,273.00253,272.80255,270.30255,269.80255,269.30255,265.20255,262.30255,264.20255
279.10254,279.40253,280.80255,281.00253,275.80255,278.80255,279.10254,276.50253,275.00253,274.10254,273.60254,273.30255,273.80255,273.50253,273.80255,273.80255,273.60254,273.70255,273.20255,273.20255,273.20255,273.20255,273.10254,273.20255,273.20255,273.20255,273.20255,273.30255,273.20255,273.20255,272.40253,272.60254,272.80255,271.00253,267.90253,268.90253,265.90253,270.10254,267.50253,269.20255,268.40253
278.50253,278.30255,276.80255,277.50253,277.60254,276.20255,274.60254,273.40253,273.40253,273.20255,273.10254,273.20255,273.20255,273.10254,273.20255,273.20255,273.20255,273.20255,273.10254,272.60254,272.60254,272.60254,273.20255,273.20255,273.20255,273.10254,272.80255,271.90253,271.40253,271.40253,270.30255,270.00253,266.60254,267.00253,269.30255,268.30255,264.70255,264.30255,266.10254,267.70255,267.10254
276.30255,275.20255,275.10254,274.50253,274.00253,274.60254,273.30255,273.20255,273.20255,273.20255,273.20255,272.30255,270.10254,271.10254,270.90253,271.40253,271.30255,271.70255,271.50253,271.70255,271.20255,271.10254,272.30255,273.00253,272.80255,273.20255,272.30255,270.40253,270.00253,269.10254,269.20255,268.60254,271.60254,272.00253,269.50253,265.70255,264.70255,265.60254,266.30255,266.00253,265.80255
273.60254,273.70255,273.50253,273.20255,273.10254,273.20255,273.20255,272.00253,270.60254,270.40253,270.00253,268.10254,267.80255,267.80255,267.70255,268.00253,268.50253,269.20255,269.40253,269.30255,269.80255,271.60254,272.50253,273.10254,273.00253,273.10254,273.10254,272.20255,271.50253,270.70255,271.10254,272.80255,274.30255,271.70255,268.70255,270.10254,269.70255,268.50253,271.00253,270.70255,264.40253
273.10254,273.20255,273.20255,273.20255,271.70255,270.30255,269.70255,269.50253,269.20255,268.50253,267.10254,266.00253,266.90253,266.10254,265.50253,266.00253,265.90253,266.70255,267.60254,267.80255,267.80255,268.80255,270.30255,270.60254,271.20255,271.40253,271.80255,272.70255,273.00253,273.40253,273.10254,272.90253,272.90253,273.20255,270.20255,270.10254,270.30255,271.30255,268.20255,269.20255,270.00253
272.60254,271.50253,269.70255,268.80255,268.10254,267.70255,267.00253,266.70255,266.80255,266.80255,266.10254,264.70255,265.30255,265.00253,265.20255,265.10254,265.10254,265.60254,266.80255,267.30255,267.90253,268.30255,269.00253,270.20255,271.30255,271.90253,273.20255,273.10254,272.80255,272.40253,271.60254,270.90253,272.50253,270.50253,271.40253,270.90253,272.10254,273.10254,274.10254,273.50253,272.80255
265.90253,266.40253,267.80255,267.20255,266.90253,266.80255,266.00253,265.40253,265.00253,265.00253,265.00253,264.30255,265.30255,264.50253,264.70255,265.00253,265.70255,266.20255,267.80255,269.10254,270.10254,269.90253,271.00253,271.10254,271.30255,272.60254,272.90253,272.40253,271.40253,271.00253,270.50253,269.60254,269.90253,270.30255,270.40253,270.70255,271.30255,271.90253,271.30255,270.20255,272.30255
265.10254,265.30255,265.50253,265.10254,264.40253,264.00253,263.10254,262.20255,263.00253,263.80255,265.70255,264.80255,265.60254,264.20255,264.00253,263.00253,263.60254,265.20255,265.90253,267.20255,269.10254,269.60254,270.50253,272.30255,272.20255,272.30255,271.50253,271.40253,271.10254,270.30255,270.00253,269.60254,269.40253,269.20255,270.00253,270.60254,271.90253,272.00253,270.60254,271.70255,269.20255
263.70255,262.70255,263.00253,261.10254,261.80255,261.60254,261.20255,261.30255,262.10254,263.90253,266.50253,266.40253,266.50253,268.60254,266.70255,264.10254,264.90253,266.10254,267.20255,268.40253,268.80255,269.30255,271.00253,271.70255,271.70255,271.30255,271.20255,270.60254,270.20255,270.20255,269.40253,269.40253,269.80255,270.90253,272.00253,271.70255,272.00253,271.30255,271.70255,270.90253,269.50253
