wind_kz.json
{"header": {"discipline":0,"disciplineName":"Meteorological products","gribEdition":2,"gribLength":948,"center":7,"centerName":"US National Weather Service - NCEP(WMC)","subcenter":0,"refTime":"2023-08-24T18:00:00.000Z","significanceOfRT":1,"significanceOfRTName":"Start of forecast","productStatus":0,"productStatusName":"Operational products","productType":1,"productTypeName":"Forecast products","productDefinitionTemplate":0,"productDefinitionTemplateName":"Analysis/forecast at horizontal level/layer at a point in time","parameterCategory":0,"parameterCategoryName":"UnknownDiscipline_0_Category_0","parameterNumber":0,"parameterNumberName":"UnknownParameter_D0_C0_0","parameterUnit":"Unknown","genProcessType":2,"genProcessTypeName":"Forecast","forecastTime":300,"surface1Type":1,"surface1TypeName":"Ground or water surface","surface1Value":0.0,"surface2Type":255,"surface2TypeName":"Missing","surface2Value":0.0,"gridDefinitionTemplate":0,"gridDefinitionTemplateName":"Latitude_Longitude","numberPoints":615,"shape":6,"shapeName":"Earth spherical with radius of 6,371,229.0 m","gridUnits":"degrees","resolution":48,"winds":"true","scanMode":64,"nx":41,"ny":15,"basicAngle":0,"lo1":47.0,"la1":41.0,"lo2":87.0,"la2":55.0,"dx":1.0,"dy":1.0}, "data":
[rows 0 to 14 of 15, columns 0 to 40 of 41]
311.64154,298.24155,307.84155,298.94156,299.04156,297.94156,311.24155,319.14154,316.14154,318.34155,316.04156,316.24155,317.24155,316.84155,316.74155,319.74155,320.04156,317.24155,320.74155,319.74155,322.24155,314.24155,312.74155,310.14154,314.14154,314.74155,308.34155,300.14154,297.54156,296.34155,293.14154,285.24155,306.44156,318.14154,324.34155,322.54156,320.44156,311.14154,320.44156,317.04156,328.04156
289.24155,306.74155,298.54156,298.84155,299.24155,297.54156,318.94156,316.54156,315.34155,315.74155,315.94156,315.94156,317.54156,316.54156,315.14154,317.14154,321.54156,320.04156,318.84155,320.04156,318.84155,316.84155,311.74155,302.94156,295.84155,294.54156,303.54156,298.74155,297.94156,288.64154,297.74155,280.64154,299.14154,271.54156,293.14154,310.54156,294.94156,303.54156,307.74155,307.84155,287.54156
310.54156,298.24155,298.94156,299.24155,297.74155,313.84155,314.14154,313.84155,311.24155,314.04156,310.54156,314.34155,315.94156,317.64154,316.64154,317.44156,317.14154,317.74155,317.64154,315.84155,316.04156,316.04156,315.24155,308.44156,309.44156,308.94156,307.74155,310.14154,308.74155,301.34155,290.54156,294.84155,301.14154,302.34155,300.84155,301.84155,292.44156,291.74155,299.14154,289.34155,287.64154
313.94156,299.04156,299.04156,298.24155,300.34155,312.64154,313.44156,315.54156,315.84155,315.14154,313.74155,311.94156,294.84155,294.14154,314.14154,313.24155,306.14154,308.44156,314.14154,314.14154,311.04156,311.04156,309.54156,311.34155,310.14154,309.94156,313.14154,311.54156,310.94156,313.94156,314.74155,309.64154,315.54156,317.34155,314.34155,309.14154,296.24155,295.24155,300.34155,313.14154,314.14154
316.54156,298.44156,298.84155,298.54156,304.54156,312.74155,314.34155,316.14154,313.94156,311.74155,312.84155,303.84155,294.34155,292.94156,290.94156,307.64154,309.84155,307.24155,308.24155,308.04156,310.74155,311.54156,311.64154,311.84155,311.74155,312.44156,312.34155,304.44156,314.24155,312.44156,314.44156,312.54156,296.44156,291.44156,303.44156,314.04156,310.94156,318.64154,319.94156,318.04156,319.24155
315.84155,316.24155,296.34155,297.64154,298.24155,297.44156,316.54156,312.84155,306.04156,311.14154,304.54156,303.74155,295.44156,293.84155,299.64154,306.04156,305.54156,302.44156,293.44156,307.34155,307.14154,306.44156,304.44156,302.84155,298.44156,297.64154,293.44156,292.34155,300.64154,298.54156,307.24155,302.44156,312.74155,311.14154,309.14154,311.64154,304.74155,305.94156,318.44156,317.84155,315.54156
312.14154,314.94156,313.64154,313.94156,306.94156,313.14154,316.34155,309.84155,305.24155,302.64154,299.24155,304.64154,306.84155,306.34155,306.44156,303.24155,304.04156,300.44156,305.34155,305.14154,302.24155,303.04156,303.64154,305.24155,304.94156,304.94156,295.04156,290.94156,288.24155,288.64154,293.84155,296.44156,301.94156,296.74155,308.94156,308.44156,303.14154,299.74155,297.74155,293.04156,312.14154
310.84155,311.24155,310.84155,310.84155,312.64154,314.14154,313.14154,307.64154,311.14154,310.84155,301.44156,297.94156,300.44156,294.54156,302.64154,302.24155,303.64154,300.84155,301.64154,301.14154,299.74155,299.74155,300.04156,300.84155,300.34155,296.74155,297.24155,293.54156,283.24155,284.44156,283.44156,283.14154,286.24155,282.04156,283.84155,297.84155,307.04156,289.84155,316.04156,314.04156,308.44156
309.24155,308.84155,310.54156,311.44156,310.94156,309.84155,311.74155,312.54156,311.74155,305.44156,302.14154,296.04156,298.14154,303.64154,302.24155,301.84155,299.54156,300.84155,299.44156,299.34155,297.44156,296.84155,297.34155,297.04156,296.14154,296.34155,295.14154,289.74155,283.94156,280.64154,279.94156,280.54156,282.14154,281.84155,281.34155,281.74155,289.74155,296.84155,293.94156,291.44156,292.14154
307.74155,308.04156,309.24155,309.94156,310.64154,310.34155,311.64154,310.14154,307.64154,303.74155,301.04156,289.24155,298.54156,299.54156,298.54156,297.44156,298.04156,299.04156,299.14154,298.24155,296.64154,296.54156,297.44156,294.24155,290.44156,288.54156,288.84155,289.74155,285.84155,287.44156,289.74155,288.74155,291.34155,289.64154,289.44156,287.94156,282.24155,284.84155,291.84155,293.24155,288.54156
299.84155,305.24155,305.44156,306.14154,307.14154,304.64154,307.74155,306.04156,303.14154,292.44156,297.24155,295.94156,288.94156,290.24155,295.94156,295.44156,295.04156,297.54156,298.44156,296.74155,296.84155,294.64154,292.64154,289.74155,289.84155,291.74155,286.24155,291.24155,285.14154,294.64154,298.84155,295.94156,291.84155,285.34155,291.34155,287.34155,284.84155,284.84155,287.24155,283.84155,286.84155
296.64154,305.34155,305.84155,306.74155,305.44156,304.04156,300.94156,299.64154,293.64154,297.44156,293.54156,291.54156,293.54156,292.24155,291.94156,292.64154,295.54156,295.94156,295.94156,295.14154,293.94156,292.74155,291.04156,288.94156,292.44156,294.44156,290.04156,292.24155,288.54156,290.74155,289.84155,291.74155,288.24155,289.04156,285.94156,288.04156,292.14154,290.44156,285.64154,287.44156,288.04156
297.34155,298.84155,298.34155,302.84155,295.84155,301.64154,299.54156,299.24155,295.24155,295.34155,289.74155,287.84155,291.34155,290.24155,289.24155,292.04156,293.44156,293.54156,294.74155,293.14154,292.44156,290.94156,291.04156,289.84155,292.64154,293.44156,295.34155,294.84155,295.34155,295.24155,294.74155,292.74155,288.94156,287.34155,293.14154,286.54156,291.04156,289.34155,289.04156,288.34155,288.84155
294.14154,293.54156,291.34155,295.54156,298.84155,292.94156,297.74155,296.14154,296.04156,292.84155,287.54156,286.54156,288.84155,288.34155,289.54156,290.44156,292.24155,292.84155,293.94156,293.04156,292.34155,288.44156,287.04156,288.44156,289.84155,288.54156,287.24155,286.94156,286.54156,285.44156,283.24155,283.54156,282.34155,286.84155,282.64154,283.14154,285.14154,287.24155,282.84155,290.54156,291.54156
289.84155,292.04156,290.14154,298.14154,299.24155,298.44156,295.34155,294.14154,292.24155,294.34155,292.74155,289.64154,287.94156,286.34155,288.34155,289.84155,291.24155,292.24155,293.24155,292.64154,287.74155,286.94156,288.74155,286.14154,286.34155,288.54156,288.04156,287.24155,285.64154,283.24155,282.54156,283.84155,285.44156,285.64154,286.34155,284.24155,287.74155,285.34155,288.94156,285.24155,290.34155
