wind_kz.json
{"header": {"discipline":0,"disciplineName":"Meteorological products","gribEdition":2,"gribLength":948,"center":7,"centerName":"US National Weather Service - NCEP(WMC)","subcenter":0,"refTime":"2023-09-08T00:00:00.000Z","significanceOfRT":1,"significanceOfRTName":"Start of forecast","productStatus":0,"productStatusName":"Operational products","productType":1,"productTypeName":"Forecast products","productDefinitionTemplate":0,"productDefinitionTemplateName":"Analysis/forecast at horizontal level/layer at a point in time","parameterCategory":0,"parameterCategoryName":"UnknownDiscipline_0_Category_0","parameterNumber":0,"parameterNumberName":"UnknownParameter_D0_C0_0","parameterUnit":"Unknown","genProcessType":2,"genProcessTypeName":"Forecast","forecastTime":300,"surface1Type":1,"surface1TypeName":"Ground or water surface","surface1Value":0.0,"surface2Type":255,"surface2TypeName":"Missing","surface2Value":0.0,"gridDefinitionTemplate":0,"gridDefinitionTemplateName":"Latitude_Longitude","numberPoints":615,"shape":6,"shapeName":"Earth spherical with radius of 6,371,229.0 m","gridUnits":"degrees","resolution":48,"winds":"true","scanMode":64,"nx":41,"ny":15,"basicAngle":0,"lo1":47.0,"la1":41.0,"lo2":87.0,"la2":55.0,"dx":1.0,"dy":1.0}, "data":
[rows 0 to 14 of 15, columns 0 to 40 of 41]
309.76834,296.76834,301.86835,297.16833,297.26834,296.36835,306.06833,313.36835,310.16833,310.36835,308.66833,308.76834,307.86835,307.66833,307.56833,306.96832,306.96832,305.76834,307.46832,307.06833,309.66833,305.46832,306.46832,300.76834,303.16833,305.76834,301.06833,287.96832,284.86835,282.96832,282.26834,283.26834,292.96832,298.36835,297.16833,296.26834,296.26834,295.96832,294.26834,294.86835,293.86835
288.86835,301.16833,296.96832,296.66833,296.66833,296.46832,313.56833,309.46832,308.06833,307.76834,308.36835,308.06833,307.86835,306.66833,306.36835,306.56833,306.76834,307.06833,305.96832,306.26834,307.06833,305.66833,304.26834,294.46832,284.56833,285.96832,294.26834,287.26834,288.16833,279.26834,284.26834,269.16833,283.66833,254.46834,278.56833,294.06833,292.26834,294.56833,297.06833,289.16833,284.46832
304.76834,296.86835,297.06833,296.66833,294.56833,308.86835,307.76834,306.46832,306.06833,304.66833,304.96832,306.96832,306.56833,306.16833,305.96832,306.06833,305.46832,304.56833,305.06833,306.26834,306.96832,305.16833,305.26834,297.16833,300.96832,299.56833,301.06833,301.06833,299.36835,287.96832,276.56833,278.46832,286.16833,285.26834,288.16833,284.86835,274.46832,277.56833,280.26834,274.96832,265.66833
302.56833,295.86835,296.56833,295.46832,297.56833,304.76834,305.66833,306.86835,307.96832,307.06833,305.86835,302.26834,292.76834,292.26834,304.66833,305.96832,304.56833,304.66833,304.66833,304.96832,304.26834,299.16833,302.96832,302.76834,302.36835,302.36835,302.46832,299.66833,298.06833,298.76834,300.26834,294.26834,299.36835,297.26834,294.96832,289.26834,277.46832,274.86835,281.16833,290.06833,293.96832
305.16833,293.76834,294.56833,293.56833,298.86835,304.26834,306.66833,305.46832,304.46832,305.56833,305.36835,301.16833,291.96832,290.86835,289.76834,305.06833,305.36835,303.66833,303.56833,302.96832,303.26834,303.36835,302.36835,302.26834,301.96832,300.86835,298.16833,295.76834,299.86835,299.26834,301.46832,298.96832,284.86835,268.36835,286.36835,294.56833,295.56833,298.26834,298.66833,298.06833,297.66833
307.26834,304.26834,292.56833,292.16833,292.36835,292.16833,305.46832,306.16833,301.86835,301.86835,302.76834,301.16833,293.46832,292.36835,296.06833,301.56833,304.16833,305.06833,304.46832,304.36835,302.96832,301.96832,301.76834,301.36835,300.76834,298.76834,298.26834,290.06833,299.56833,300.46832,298.56833,299.76834,298.36835,296.26834,292.06833,293.96832,285.86835,288.66833,295.96832,297.16833,295.96832
309.06833,308.66833,307.66833,305.76834,301.16833,305.76834,307.76834,304.26834,304.36835,302.86835,300.66833,301.36835,300.96832,301.06833,300.16833,301.06833,302.16833,303.76834,303.96832,303.46832,302.26834,301.76834,301.36835,301.36835,299.36835,299.06833,298.16833,298.66833,298.16833,298.96832,298.36835,298.96832,298.46832,299.06833,296.26834,293.26834,287.06833,283.96832,281.86835,281.86835,292.46832
308.46832,306.36835,308.56833,308.16833,308.46832,308.56833,306.66833,304.86835,303.06833,302.06833,301.46832,300.86835,300.86835,300.26834,300.46832,300.16833,299.56833,301.56833,302.06833,300.16833,299.26834,299.36835,299.26834,298.26834,297.36835,294.96832,294.86835,295.76834,294.66833,295.86835,294.76834,295.76834,294.16833,292.56833,291.46832,293.96832,294.06833,288.66833,292.36835,292.36835,288.56833
307.06833,306.56833,307.26834,306.86835,305.26834,305.96832,305.06833,303.36835,302.06833,301.26834,300.26834,299.96832,300.06833,300.96832,299.86835,300.46832,298.96832,299.66833,298.16833,297.66833,295.66833,295.86835,296.56833,295.96832,294.16833,294.26834,291.76834,291.26834,290.66833,289.86835,291.46832,291.66833,293.16833,292.86835,291.36835,288.86835,288.16833,287.36835,276.16833,276.66833,273.56833
306.56833,306.06833,305.56833,305.56833,305.36835,304.36835,303.36835,301.46832,300.56833,300.06833,299.06833,298.06833,299.16833,298.96832,298.86835,298.16833,298.06833,297.66833,297.06833,296.46832,294.56833,294.26834,294.86835,295.16833,294.26834,292.46832,292.36835,291.66833,290.46832,290.26834,290.46832,292.66833,293.56833,292.66833,291.26834,289.36835,286.56833,281.46832,276.86835,278.66833,276.86835
304.56833,304.26834,303.66833,303.06833,303.26834,302.36835,301.26834,300.46832,299.96832,298.96832,297.66833,297.46832,298.16833,296.66833,297.36835,297.16833,297.26834,297.36835,296.76834,294.46832,294.56833,293.96832,293.36835,293.16833,292.46832,292.26834,290.16833,292.16833,292.56833,293.36835,292.96832,292.86835,291.86835,292.36835,291.46832,289.36835,284.36835,281.56833,283.36835,282.86835,278.76834
303.46832,304.16833,303.56833,303.16833,301.76834,300.66833,300.06833,299.36835,299.56833,298.76834,296.16833,295.46832,295.96832,294.16833,293.76834,294.66833,294.96832,294.46832,293.96832,293.26834,290.66833,289.86835,289.76834,290.86835,290.26834,291.46832,291.26834,292.56833,292.96832,292.36835,291.46832,290.96832,291.96832,290.76834,291.26834,291.26834,290.96832,291.36835,288.36835,288.66833,284.96832
299.66833,301.66833,302.86835,301.86835,300.76834,299.96832,299.66833,299.36835,297.86835,297.26834,293.66833,290.76834,292.76834,291.86835,292.76834,293.06833,292.86835,293.06833,293.56833,292.36835,290.96832,289.26834,288.16833,287.86835,289.46832,291.06833,291.86835,291.56833,291.46832,291.66833,291.46832,290.66833,290.86835,290.26834,290.86835,290.16833,289.86835,291.76834,289.86835,289.36835,287.46832
300.76834,300.96832,293.76834,300.76834,300.16833,299.26834,298.06833,296.46832,297.36835,296.06833,292.86835,290.06833,290.86835,291.76834,292.46832,292.96832,293.26834,292.56833,292.86835,292.26834,291.76834,291.16833,290.66833,290.06833,290.56833,291.26834,291.06833,290.86835,290.86835,290.86835,290.06833,289.46832,289.26834,288.36835,289.06833,288.66833,288.86835,289.26834,289.06833,287.36835,288.06833
290.46832,293.46832,287.96832,295.86835,297.66833,297.56833,297.06833,297.36835,297.76834,297.36835,295.86835,292.06833,290.16833,290.66833,290.66833,292.66833,292.76834,292.86835,293.36835,292.46832,292.26834,291.76834,291.46832,290.66833,290.56833,290.76834,290.96832,290.36835,290.36835,289.76834,289.66833,286.56833,288.86835,288.36835,288.26834,287.86835,289.06833,288.66833,289.26834,288.96832,287.96832
