wind_kz.json
{"header": {"discipline":0,"disciplineName":"Meteorological products","gribEdition":2,"gribLength":1025,"center":7,"centerName":"US National Weather Service - NCEP(WMC)","subcenter":0,"refTime":"2024-04-09T06:00:00.000Z","significanceOfRT":1,"significanceOfRTName":"Start of forecast","productStatus":0,"productStatusName":"Operational products","productType":1,"productTypeName":"Forecast products","productDefinitionTemplate":0,"productDefinitionTemplateName":"Analysis/forecast at horizontal level/layer at a point in time","parameterCategory":2,"parameterCategoryName":"UnknownDiscipline_0_Category_2","parameterNumber":2,"parameterNumberName":"UnknownParameter_D0_C2_2","parameterUnit":"Unknown","genProcessType":2,"genProcessTypeName":"Forecast","forecastTime":300,"surface1Type":103,"surface1TypeName":"Specified height level above ground","surface1Value":10.0,"surface2Type":255,"surface2TypeName":"Missing","surface2Value":0.0,"gridDefinitionTemplate":0,"gridDefinitionTemplateName":"Latitude_Longitude","numberPoints":615,"shape":6,"shapeName":"Earth spherical with radius of 6,371,229.0 m","gridUnits":"degrees","resolution":48,"winds":"true","scanMode":64,"nx":41,"ny":15,"basicAngle":0,"lo1":47.0,"la1":41.0,"lo2":87.0,"la2":55.0,"dx":1.0,"dy":1.0}, "data":
[rows 0 to 14 of 15, columns 0 to 40 of 41]
-2.1962574,0.41374266,1.3737427,5.1237426,4.5137424,3.8737426,3.9037428,3.9237428,3.0737426,1.9237427,0.72374266,-2.2962573,-1.0662574,2.0537426,0.9537427,-1.1762574,-0.31625733,-0.35625732,0.7537427,1.3237426,-4.216257,-3.3762574,-2.1762574,-1.3462573,-0.69625735,-1.2362573,-2.1562574,-0.6862573,1.4137427,-0.31625733,-1.8162574,1.3737427,0.44374266,-1.7462573,-1.3362573,0.41374266,0.44374266,0.023742676,-2.3062572,-3.3062572,-2.4762573
-0.19625732,0.3837427,2.8137426,7.2937427,3.6937428,2.7037427,2.0437427,2.1937428,3.1537428,-3.6362574,-3.9162574,-3.9362574,-2.2562573,-0.4862573,0.34374267,-1.0862573,1.8137426,-0.35625732,1.3537427,0.103742674,-5.1262574,-3.1162574,-1.3762573,-2.3462572,-0.22625732,1.1737427,-1.1562573,1.0537426,-4.4562573,-1.2162573,0.033742677,-1.0062573,2.9737427,-3.2462573,0.20374268,0.8337427,-0.89625734,-0.13625732,-0.7562573,-0.026257325,-4.2262573
1.8037426,8.913743,9.843742,6.653743,2.9337428,1.9537426,2.1237426,4.113743,-4.7762575,-4.346257,-4.346257,-3.0662572,-0.9262573,1.7037426,0.97374266,0.91374266,1.3737427,1.5037427,-1.6662574,-5.0162573,-5.7462573,-4.7762575,-2.6562574,-2.1262574,-0.5562573,-1.0762573,-1.0362573,0.5037427,-2.9262574,0.11374268,-0.82625735,1.1937426,0.53374267,-0.8662573,-0.5062573,-1.4062573,0.12374268,0.3837427,-1.2162573,0.17374268,1.7737427
7.823743,10.293743,5.593743,1.3237426,-3.9262574,-3.1162574,-1.6462573,-4.716257,-4.1262574,-6.0262575,-4.216257,-2.4762573,1.4937427,1.0737426,-1.5062573,-3.1762574,-3.3762574,-6.7862573,-5.2962575,-4.2062573,-2.8662574,-1.8262573,-1.5062573,-3.6862574,-4.4862576,-3.3162572,-1.3962573,-3.1362574,-1.2962574,-0.90625733,-0.29625732,-1.3762573,2.1437426,-2.4562573,-2.0062573,-2.3462572,-2.1062574,0.9637427,1.9237427,0.3237427,-1.6062573
1.2137427,0.39374268,-3.3062572,-4.4862576,-3.9662573,-2.9162574,-2.2462573,-4.346257,-5.3762574,-5.0162573,-4.216257,-2.0562572,-1.2862573,-2.1362574,-6.176257,-4.8762574,-4.656257,-4.116257,-4.5062575,-5.4962573,-4.926257,-4.9762573,-4.846257,-4.3062572,-4.1062574,-3.0362573,-5.1862574,-3.4562573,-4.6262574,-3.5262573,-2.6562574,-1.1762574,-2.2462573,0.22374268,1.2837427,1.0937427,-1.7562573,-2.8962574,-2.9262574,-3.0662572,-3.7462573
-1.8662573,-2.0662572,-2.6162574,-1.2662573,-2.6062574,-2.4262574,-1.2762573,-4.2562575,-3.9362574,-4.0662575,-3.0762572,-3.6862574,-3.3962574,-4.966257,-4.3162575,-4.2662573,-4.3962574,-4.4562573,-4.0562572,-3.5962572,-4.156257,-3.9762573,-4.386257,-4.196257,-3.9562573,-4.656257,-4.1862574,-4.2262573,-4.9362574,-4.7662573,-4.116257,-4.366257,-2.5662572,-3.6262574,-2.0462573,-1.4562573,-0.026257325,-0.38625732,-0.51625735,-2.0962572,-3.7562573
-0.95625734,-1.4262574,-0.056257322,0.033742677,1.4237427,2.2237427,-3.5862572,-4.1862574,-3.7262573,-4.3162575,-3.4362574,-3.4962573,-4.5362573,-3.5362573,-3.1962574,-3.9162574,-3.4462574,-3.7362573,-3.8362572,-4.2662573,-4.0562572,-3.7962573,-3.4462574,-2.6962574,-2.4562573,-3.8562574,-6.406257,-6.156257,-5.7362576,-5.0162573,-5.9562573,-6.0162573,-3.6662574,-2.8662574,-2.6562574,-1.5862573,-1.2862573,1.1637427,-0.82625735,0.3237427,2.0137427
-0.19625732,-0.27625734,-1.0362573,-0.9762573,-0.13625732,-2.2562573,-4.2062573,-3.8662574,-3.4462574,-4.2962575,-5.156257,-4.5462575,-4.406257,-4.0462575,-3.5062573,-3.6562574,-3.5562572,-3.3562574,-3.8062572,-4.2462573,-3.8862574,-4.0862575,-3.7862573,-4.3962574,-3.8562574,-3.2462573,-5.6062574,-4.5162573,-5.5262575,-3.6462574,-6.0662575,-3.9662573,-5.2962575,-1.5762573,-2.4862573,1.2337427,2.9937427,3.1037426,1.9337426,2.7937427,0.3537427
0.60374266,0.7537427,0.2637427,0.85374266,1.8137426,-3.3062572,-4.216257,-4.5562572,-3.7362573,-4.1062574,-4.0462575,-4.216257,-2.9262574,-3.1662574,-2.9062574,-2.2462573,-3.2462573,-3.8862574,-3.4662573,-3.8362572,-4.1262574,-3.5662572,-3.8762574,-4.2362576,-4.7862573,-5.466257,-3.4562573,-3.3062572,-2.1462574,-5.2862573,-5.386257,-3.5662572,-0.17625733,-0.5062573,1.2937427,0.5637427,0.49374267,-3.3362572,-2.4262574,0.39374268,-2.6062574
1.3637427,-0.5462573,0.9437427,0.31374267,-1.2462573,-3.9562573,-3.7762573,-3.1062574,-2.8862574,-2.5062573,-3.0562572,-2.5062573,-2.6862574,-2.5362573,-1.7662573,-2.9262574,-3.1062574,-2.1362574,-3.2862573,-3.6462574,-3.8862574,-3.6362574,-3.5562572,-4.3562574,-4.9762573,-4.926257,-4.1662574,-3.7562573,-3.3662574,-3.3262572,-2.6062574,-3.7262573,-1.3262573,-1.3562573,0.22374268,1.3037426,-1.6962574,-0.16625732,-3.5162573,-1.4562573,-1.1862574
1.0137427,-0.5062573,-0.9162573,-0.116257325,-0.27625734,-0.21625732,-0.96625733,-2.8062572,-3.9462574,-3.5862572,-1.9462574,-1.0362573,-2.9362574,-2.6262574,-2.5362573,-2.4762573,-2.8062572,-2.0362573,-3.3462572,-3.8062572,-3.5262573,-2.8662574,-2.7262573,-4.0662575,-3.8062572,-3.8262572,-3.0262573,-3.3162572,-2.9862573,-3.3562574,-3.8162572,-3.4962573,-2.8662574,-3.6262574,-2.4662573,-1.8662573,-1.7962574,-1.4662573,-1.2062573,0.23374267,-1.5962573
-0.5662573,-0.8762573,-1.1962574,0.8137427,0.54374266,0.22374268,0.5637427,-1.5762573,-1.5762573,-1.3262573,-1.3962573,-0.8462573,-0.70625734,-1.8562573,-1.2662573,-1.7462573,-1.3562573,-1.6562573,-2.3462572,-1.4462574,-2.3762574,-1.9862573,-2.6962574,-3.0862572,-3.0662572,-3.0762572,-2.9662573,-2.3562574,-2.6862574,-3.3862574,-3.2762573,-3.2062573,-2.6462574,-3.4262574,-2.8662574,-3.1262574,-4.4762573,-2.3762574,-1.5862573,-1.0862573,-0.9862573
-0.056257322,0.34374267,0.53374267,0.85374266,1.2137427,0.79374266,1.1637427,0.97374266,-0.51625735,-0.70625734,-0.6162573,0.023742676,0.07374267,-0.70625734,0.043742675,-0.8162573,0.063742675,-0.7362573,-1.5362573,-1.6862574,-1.5562574,-0.25625733,0.6237427,-0.76625735,-0.96625733,-2.0862572,-1.6562573,-2.7262573,-3.0962572,-1.8562573,-1.7862573,-1.9262574,-2.5562572,-2.9562573,-2.5262573,-2.8462572,-2.5762572,-1.9662573,-2.8762574,-1.9862573,-1.2662573
1.2937427,0.6337427,1.0437427,0.9937427,1.7337427,1.1337427,0.46374267,-0.27625734,0.31374267,0.22374268,-0.6862573,-1.2462573,1.4437426,0.6337427,0.48374268,0.3837427,0.73374265,0.40374267,-0.8162573,0.98374265,1.9337426,2.7437427,1.9737427,1.4737427,-0.29625732,-1.2762573,-1.2962574,-0.7362573,-0.036257323,-0.06625733,-1.5862573,-1.1362573,0.013742676,0.07374267,-0.28625733,-0.7262573,-0.63625735,-0.5962573,-0.6162573,0.21374267,-1.2562573
0.3537427,1.4337426,1.8837427,0.72374266,1.1037427,0.6937427,1.4337426,0.7537427,0.9037427,2.0137427,-1.0662574,-1.2662573,0.12374268,1.0237427,1.2337427,1.1337427,1.6837426,1.8337426,0.6937427,2.1537428,2.4837427,1.7637427,-1.1562573,-1.4462574,-2.2262573,0.093742676,0.8337427,1.1937426,0.97374266,0.79374266,0.92374265,1.5337427,1.5037427,1.7737427,1.5437427,1.8537427,0.6337427,1.7637427,1.4837427,-0.6662573,-1.1762574
