wind_kz.json
{"header": {"discipline":0,"disciplineName":"Meteorological products","gribEdition":2,"gribLength":1025,"center":7,"centerName":"US National Weather Service - NCEP(WMC)","subcenter":0,"refTime":"2024-04-06T12:00:00.000Z","significanceOfRT":1,"significanceOfRTName":"Start of forecast","productStatus":0,"productStatusName":"Operational products","productType":1,"productTypeName":"Forecast products","productDefinitionTemplate":0,"productDefinitionTemplateName":"Analysis/forecast at horizontal level/layer at a point in time","parameterCategory":2,"parameterCategoryName":"UnknownDiscipline_0_Category_2","parameterNumber":3,"parameterNumberName":"UnknownParameter_D0_C2_3","parameterUnit":"Unknown","genProcessType":2,"genProcessTypeName":"Forecast","forecastTime":300,"surface1Type":103,"surface1TypeName":"Specified height level above ground","surface1Value":10.0,"surface2Type":255,"surface2TypeName":"Missing","surface2Value":0.0,"gridDefinitionTemplate":0,"gridDefinitionTemplateName":"Latitude_Longitude","numberPoints":615,"shape":6,"shapeName":"Earth spherical with radius of 6,371,229.0 m","gridUnits":"degrees","resolution":48,"winds":"true","scanMode":64,"nx":41,"ny":15,"basicAngle":0,"lo1":47.0,"la1":41.0,"lo2":87.0,"la2":55.0,"dx":1.0,"dy":1.0}, "data":
[rows 0 to 14 of 15, columns 0 to 40 of 41]
1.0296363,-2.6403637,1.0396363,2.7796361,-0.26036376,0.15963623,-0.31036377,-0.35036376,-1.4003638,-1.9103638,-0.8503638,-0.51036376,-1.1103637,-2.4703639,-3.1303637,-2.8503637,1.0696362,0.47963622,2.0696363,1.4296362,0.15963623,0.13963623,0.5796362,0.02963623,-0.26036376,-0.6103638,-0.82036376,-1.2303637,3.4496362,5.3396363,0.30963624,-1.6303638,0.24963623,0.46963623,-1.2403637,-0.24036378,1.1396363,0.7096362,2.9296362,3.3896363,3.4496362
4.3596363,1.8896363,1.9496362,0.84963626,-0.8003638,-3.6376953E-4,-0.38036376,-0.84036374,-1.5403638,0.05963623,-2.1503637,-2.5403638,-2.9903638,-2.940364,-3.9203637,-3.3103638,-2.5003638,-3.1203637,-1.9003638,-1.7603638,0.42963624,-1.6703638,1.1196362,0.06963623,-1.7803638,-1.1203637,-4.090364,0.04963623,-0.6203638,0.25963622,4.159636,5.4696364,-0.6803638,-0.41036376,-5.7603636,-0.39036378,0.16963623,-0.32036376,-0.06036377,-1.7503638,1.0896362
0.61963624,3.309636,1.1196362,-0.95036376,-2.0603638,1.6096362,-0.7303638,-0.17036377,-0.19036376,-1.4203638,-2.440364,-2.190364,-1.7603638,-1.9803637,-2.6103637,-3.2203639,-3.3703637,-3.0903637,-2.2003639,-0.15036377,-0.9803638,-2.6003637,-5.0103636,-1.4403638,-0.32036376,0.07963623,-0.89036375,-0.16036376,-0.7803638,2.4196362,5.8196363,2.4696362,2.2996361,-0.30036378,-0.30036378,3.1496363,5.3396363,0.91963625,1.3596362,-2.9903638,-2.5703638
0.009636231,0.43963623,-1.2103637,-4.020364,1.3196362,0.9496362,2.1896362,1.0296363,0.20963623,-0.47036377,-1.5003638,-2.6803637,-2.2903638,-2.6203637,-2.6303637,-2.8303638,-2.7603638,-3.5203638,-3.1403637,-3.1003637,-1.4603637,-3.0803638,1.6096362,-1.5303638,-2.2403638,-2.6103637,-3.690364,-1.8303638,0.6496362,-0.17036377,-1.1503638,0.23963623,-1.2403637,-1.3403637,-0.35036376,-3.2103639,-2.0803638,0.7796362,6.0896363,2.4696362,1.9496362
0.78963625,1.0496362,-0.17036377,-2.5703638,-0.29036376,1.4196362,0.8996362,0.92963624,1.2496362,-0.5403638,0.45963624,-0.83036375,-1.5203638,-2.5703638,-2.8403637,-3.2203639,-2.8003638,-2.6303637,-3.1103637,-2.2303638,-1.1803638,-0.58036375,-1.4703637,-1.9603637,-1.9303638,-2.6303637,-4.000364,-3.9103637,-3.9103637,-3.9503639,-4.2403636,-0.9103638,1.9996362,2.5396361,-0.19036376,-0.19036376,-0.02036377,0.01963623,0.09963623,2.0196362,3.0896363
1.1296363,0.59963626,-0.89036375,0.8796362,3.0296361,2.3696363,1.6496363,1.2296362,-0.58036375,-0.24036378,-0.6103638,-0.25036377,-2.1803637,-2.5303638,-1.9603637,-2.2603638,-3.0603638,-2.5203638,-1.5103638,-1.1603638,-1.4403638,-1.3103638,-1.2603638,-1.7303637,-1.6603638,-1.8903638,-2.7503638,-3.8603637,-3.0803638,-3.7903638,-4.610364,-4.2403636,-1.8103638,-2.6103637,1.4396362,0.92963624,2.0096362,0.72963625,-2.4703639,-1.1703638,2.1596363
0.36963624,-0.7403638,-1.0203638,1.2196362,2.5996363,1.8996363,1.2896363,1.0496362,-0.32036376,-0.29036376,-0.27036378,-0.36036378,-0.03036377,-0.39036378,-0.65036374,-0.34036377,-1.2103637,-1.7803638,-2.5703638,0.54963624,-0.95036376,-1.2003638,-1.3203638,-1.3303638,-0.8603638,-0.6103638,-2.0703638,-2.7503638,-3.7303638,-4.310364,-5.040364,-6.520364,-6.1203637,-2.0303638,-0.57036376,-1.3303638,-3.2903638,-3.3203638,-0.7903638,0.91963625,0.8796362
-0.63036376,-0.95036376,-0.42036378,0.39963624,2.6896362,2.7296362,2.5196362,2.4796362,1.4696362,0.16963623,0.19963624,0.8196362,-0.8503638,-0.13036376,-0.22036377,0.7696362,1.4196362,0.38963622,-0.65036374,0.09963623,-0.26036376,-0.49036378,-0.57036376,0.14963622,0.8296362,0.85963625,1.0096363,-1.0603638,-1.5703638,-2.7603638,-2.6803637,-2.3003638,-3.3203638,-4.0103636,-1.3903638,-0.6703638,-1.2303637,0.72963625,-0.11036377,0.37963623,-0.94036376
-1.3503637,-1.4303638,-1.6503638,-0.83036375,2.2296362,3.0996363,3.0896363,2.2696362,2.1496363,2.2596362,1.5696362,0.44963622,0.23963623,-0.44036376,-0.32036376,0.53963625,1.7296362,1.9196362,2.3696363,1.5396363,1.3896363,0.41963622,1.3596362,0.8996362,1.1996362,2.0696363,0.8396362,0.74963623,0.12963623,-0.40036377,-1.2003638,-1.3803638,0.53963625,-0.37036377,-0.22036377,-1.6903638,-2.6803637,-1.8403637,-1.9303638,-2.1803637,-3.8103638
-0.44036376,-1.2403637,-2.0703638,-2.4003637,-1.2403637,-0.82036376,2.0796363,2.309636,2.7496362,2.9196362,3.4096363,2.7396362,2.3496363,1.0996362,0.8296362,-0.50036377,0.97963625,2.1396363,2.6396363,2.5396361,2.8496363,3.1496363,2.3396363,1.8796363,2.1596363,1.2496362,1.3496362,1.1296363,0.97963625,0.5896362,0.46963623,0.37963623,2.1696362,1.0196363,0.99963623,0.39963624,0.04963623,-2.2803638,-1.2303637,0.72963625,1.8596362
0.23963623,0.84963626,0.02963623,-1.3103638,-1.8703637,-1.7203637,-0.9703638,0.6496362,1.5196363,2.2296362,2.5896363,2.7896361,3.1096363,3.1996362,2.1596363,1.9396362,1.3496362,0.54963624,2.1896362,3.0796363,3.1996362,3.2896361,2.8496363,2.7096362,1.8896363,1.9496362,1.2296362,1.4896362,1.5696362,0.9696362,1.4296362,0.5696362,0.22963624,1.1396363,1.4796362,1.4096363,0.40963623,1.4096363,0.8396362,1.1096362,0.12963623
-1.0303638,-1.0503638,2.2696362,1.4796362,0.61963624,-0.8003638,-1.2703638,-1.2803638,-1.6903638,1.0596362,1.0196363,1.7896363,1.8096362,2.5696363,2.0696363,2.1096363,1.9596362,1.2696363,1.6096362,2.3196363,3.2896361,2.8396363,2.4196362,1.8096362,1.8196362,1.0296363,2.5696363,1.6196362,1.6296363,1.1596363,0.93963623,0.79963624,0.90963626,1.0596362,1.1296363,2.4496362,2.9896362,3.1496363,2.9096363,2.9796362,1.6796362
-0.26036376,-1.5903637,0.45963624,1.9196362,1.4596362,0.6296362,0.30963624,0.25963622,-0.52036375,-0.31036377,0.11963623,0.08963623,0.23963623,2.5196362,0.47963622,-0.14036377,1.2896363,2.1696362,2.6296363,2.5996363,3.1996362,2.9196362,2.6896362,2.3896363,1.9496362,1.5796362,0.9496362,1.2896363,1.6596363,1.4796362,1.1296363,1.2996362,0.85963625,1.3296362,1.6896362,1.6896362,2.0396361,1.9396362,2.7596362,2.9396362,2.1096363
0.97963625,1.0396363,0.12963623,1.3496362,1.6596363,2.1696362,1.3996363,1.2896363,0.6996362,0.41963622,0.74963623,0.20963623,0.30963624,0.04963623,0.17963623,1.4996362,2.1696362,2.5496361,2.4896362,2.6096363,2.7096362,2.7396362,2.5196362,2.1996362,2.0996363,1.3496362,1.2396362,1.4396362,1.3896363,1.6096362,1.3196362,1.1396363,1.4396362,1.9096363,1.3096362,1.6896362,1.9896362,2.059636,2.4696362,2.1896362,2.9396362
1.1496363,1.4896362,1.5896362,2.0896363,2.2396362,2.0496361,1.9896362,2.5796363,2.1196363,2.0196362,1.2396362,2.1496363,2.3396363,0.42963624,0.39963624,-0.36036378,1.1096362,2.0896363,2.8596363,2.7996361,2.5296361,2.7196362,2.7096362,2.6196363,2.3496363,2.1896362,2.059636,1.9696362,1.9096363,1.6796362,1.9796362,1.9296362,1.6896362,2.0196362,2.1096363,2.3196363,2.7896361,3.4596362,3.1896362,3.2696362,1.0096363
