wind_kz.json
{"header": {"discipline":0,"disciplineName":"Meteorological products","gribEdition":2,"gribLength":1025,"center":7,"centerName":"US National Weather Service - NCEP(WMC)","subcenter":0,"refTime":"2023-10-02T00:00:00.000Z","significanceOfRT":1,"significanceOfRTName":"Start of forecast","productStatus":0,"productStatusName":"Operational products","productType":1,"productTypeName":"Forecast products","productDefinitionTemplate":0,"productDefinitionTemplateName":"Analysis/forecast at horizontal level/layer at a point in time","parameterCategory":2,"parameterCategoryName":"UnknownDiscipline_0_Category_2","parameterNumber":3,"parameterNumberName":"UnknownParameter_D0_C2_3","parameterUnit":"Unknown","genProcessType":2,"genProcessTypeName":"Forecast","forecastTime":240,"surface1Type":103,"surface1TypeName":"Specified height level above ground","surface1Value":10.0,"surface2Type":255,"surface2TypeName":"Missing","surface2Value":0.0,"gridDefinitionTemplate":0,"gridDefinitionTemplateName":"Latitude_Longitude","numberPoints":615,"shape":6,"shapeName":"Earth spherical with radius of 6,371,229.0 m","gridUnits":"degrees","resolution":48,"winds":"true","scanMode":64,"nx":41,"ny":15,"basicAngle":0,"lo1":47.0,"la1":41.0,"lo2":87.0,"la2":55.0,"dx":1.0,"dy":1.0}, "data":
[rows 0 to 14 of 15, columns 0 to 40 of 41]
-1.2339405,-1.9039404,2.8160596,9.34606,5.3060594,3.9360595,2.0460596,1.0260596,2.2960596,2.8360596,3.3460596,3.2360597,2.8060596,1.7560595,0.53605956,-1.0939404,-2.6639404,-1.4939405,-2.4939404,-0.9139404,-0.78394043,-3.1539404,-0.88394046,0.22605957,-2.3839405,0.8760596,-0.90394044,2.2860596,1.6560596,-1.0539404,-0.95394045,-0.83394045,0.59605956,-1.9739404,-2.5039403,-2.0039403,1.0260596,-0.03394043,-0.47394043,0.7060596,1.4760596
4.7360597,1.6860596,3.2860596,5.2160597,5.2960596,5.3160596,2.6260595,2.6560595,2.0260596,3.5460596,3.0360596,3.2660596,3.0960596,2.9860597,2.6860595,1.7760596,0.20605958,0.46605957,0.98605955,-0.06394043,-0.9239404,-1.8439404,-1.7839404,1.9660596,0.22605957,1.2560595,-0.6939404,3.0860596,1.3660595,3.2360597,4.84606,5.3360596,1.6360595,-0.32394043,-2.3839405,-2.8039405,-1.7039404,-2.0239403,1.8560596,-2.2839403,0.7560596
1.7760596,6.9460597,4.9760594,3.8060596,3.5660596,3.1160595,2.3160596,2.4760597,2.0660596,2.4960597,3.9060595,3.8560596,3.6360595,3.2560596,3.3260596,4.0760593,3.2260597,1.9060596,2.0560596,0.37605956,-0.02394043,-1.5839404,0.8160596,1.0360596,-0.41394043,-0.16394043,0.02605957,0.77605957,0.49605957,1.0160595,0.91605955,-0.18394043,0.66605955,-0.11394043,-0.14394043,0.18605956,3.7060595,0.07605957,0.48605958,0.5760596,1.6460595
1.4260596,4.5760593,4.7560596,4.4760594,3.1460595,1.5060595,2.3160596,3.2760596,2.9260595,2.3960595,2.1860595,2.4660597,4.4960594,5.4460597,3.8760595,3.8560596,3.7560596,3.7160597,3.0660596,2.5460596,2.2860596,0.30605957,1.2760596,0.26605958,0.6360596,-0.32394043,-2.2639403,-0.05394043,-1.9439404,-1.3939404,-1.8839405,-0.37394044,-0.58394045,-0.02394043,-1.1539404,0.18605956,-0.31394044,3.1560595,-0.90394044,0.92605954,1.0860596
3.1060596,4.8360596,5.1460595,5.34606,4.6460595,3.2160597,3.2660596,2.8360596,2.6660595,2.0060596,1.9660596,2.2060595,3.5260596,4.9660597,6.0060596,5.1860595,4.9260597,4.4860597,3.6060596,3.8460596,4.5760593,2.7760596,1.5960596,1.3360596,1.6460595,1.3360596,1.8060596,0.09605957,-4.5639405,-3.9139404,-2.4039404,-1.0539404,2.0460596,3.4460595,-0.09394043,-0.26394042,1.2060596,-1.0639404,0.34605956,0.07605957,0.79605955
2.3860595,2.4560595,2.8660595,3.6160595,3.9760597,4.1460595,3.3460596,2.9260595,3.1160595,2.0660596,1.9460596,2.0760596,0.90605956,2.3960595,3.2560596,4.0460596,4.6360598,4.4160595,4.0060596,4.4760594,4.8560596,4.9860597,4.1060596,3.6160595,2.7260597,2.7660596,1.7060596,3.4460595,3.0360596,-0.14394043,-0.23394042,-1.8439404,-0.8539404,0.96605957,-0.15394042,2.2360597,0.9360596,3.3260596,-1.2339405,-1.9639404,-1.0839404
2.6260595,2.7660596,2.8860595,2.9360595,2.4760597,2.3960595,2.9660597,3.3260596,3.1860595,2.4960597,2.3360596,1.7960596,1.6160595,1.2760596,2.1760595,3.3860595,4.3560596,4.7760596,4.6560597,5.2560596,4.9160595,5.59606,5.2960596,4.8760595,5.0760593,4.0060596,3.4960597,4.1060596,2.7160597,3.6260595,2.9460595,1.5060595,0.7660596,0.47605956,0.28605956,-0.06394043,-1.4939405,1.3860595,1.2960596,0.52605957,1.4060596
3.4460595,3.7060595,3.8260596,3.8860595,4.1760597,4.0660596,4.1060596,4.3060594,4.6360598,3.4760597,3.4760597,3.2960596,2.1560595,2.5360596,1.9760596,2.5860596,3.4760597,3.5960596,4.0160594,5.34606,4.1760597,4.9360595,5.0160594,4.8960595,5.4660597,5.8860598,4.7560596,3.8960595,4.2360597,5.2760596,3.3660595,2.6060596,1.8260596,1.6260595,1.4560596,0.7460596,-1.1539404,-0.5539404,-0.64394045,0.96605957,0.21605957
4.4260597,4.8060594,5.0060596,5.1560597,5.0260596,4.9960594,5.2660594,4.6960597,4.4560595,4.2860594,3.8360596,3.2260597,2.3760595,1.9960595,1.7860596,2.1760595,1.8860595,2.5860596,3.8760595,3.3960595,3.4660597,4.0360594,5.4460597,6.1960597,6.2360597,5.8260593,5.9760594,4.9260597,6.2760596,5.5760593,6.0760593,4.2960596,5.0360594,3.8460596,2.8160596,2.1660595,-1.1839404,1.0660596,2.6960595,1.9660596,0.92605954
4.5660596,4.7260594,4.7460594,5.2160597,5.7060595,5.9260597,6.34606,6.36606,6.7460594,6.3160596,5.2960596,4.4260597,3.9860597,2.6660595,2.4760597,2.4160595,2.2660596,2.0460596,2.2260597,2.8960595,3.0960596,3.1760595,3.1060596,5.1360598,7.0860596,7.6460595,7.7960596,6.6560597,5.1760597,4.7260594,6.0460596,4.6460595,4.6860595,4.2360597,3.3660595,2.5260596,1.1760596,-0.70394045,1.1760596,4.3060594,2.7060595
3.3160596,4.4260597,4.3760595,4.3760595,5.1560597,6.2760596,7.7460594,8.08606,7.3160596,6.8260593,6.5060596,5.6760597,5.0060596,4.3060594,3.1360595,2.6860595,2.5960596,3.0460596,3.7160597,1.9760596,2.0960596,3.0960596,2.7260597,3.4960597,4.5860596,6.7660594,6.9560595,8.26606,7.6960597,5.0460596,6.0060596,5.5460596,4.6260595,4.1060596,4.4060597,2.7260597,2.8960595,2.6860595,2.7260597,1.4160596,0.91605955
2.7760596,2.6260595,3.1960595,3.7660596,4.4060597,5.2760596,5.2560596,6.6060596,6.6060596,6.7860594,5.4460597,5.2660594,4.7360597,4.4260597,3.1960595,3.8560596,3.1760595,3.0660596,2.9760597,2.3960595,1.8660595,1.6160595,3.8360596,2.8860595,3.5660596,3.2560596,6.9960594,7.1460595,7.86606,7.6860595,6.4460597,6.1860595,4.7160597,4.5060596,3.4560595,4.2360597,3.7860596,2.9160595,1.8960595,0.48605958,0.03605957
1.1060596,1.2560595,2.2760596,2.8260596,3.6660595,3.8160596,5.8960595,7.61606,8.026059,7.8560596,4.8560596,4.6960597,6.2160597,5.2660594,4.2860594,3.7160597,3.4760597,3.5160596,2.8360596,1.5560596,2.1960595,1.1960596,2.8460596,2.6860595,3.4960597,2.7760596,5.2460594,4.7760596,6.3860598,6.5760593,6.5360594,6.2660594,5.7560596,5.3560596,4.6560597,4.3760595,3.2260597,2.6860595,3.2460597,2.6560595,1.0860596
-0.08394043,0.98605955,0.52605957,2.5460596,3.9260595,4.9160595,5.59606,7.0760593,8.13606,9.1660595,6.0360594,3.6860595,4.4560595,5.6860595,4.8760595,4.3560596,4.0760593,3.2060595,2.2160597,2.0160596,1.6860596,1.8460596,1.4960595,1.5560596,1.3360596,3.5060596,4.1860595,5.3360596,6.0260596,6.4460597,5.9960594,5.4060597,5.3760595,5.5260596,4.5760593,4.0260596,3.0260596,2.8460596,2.2660596,2.5160596,2.9060595
0.22605957,-0.23394042,0.54605955,0.34605956,0.9960596,3.1960595,6.9160595,6.7660594,7.7860594,8.43606,5.5660596,5.5760593,2.6860595,2.7360597,5.0560594,5.1960597,4.3260593,3.4160595,3.4660597,3.0560596,3.4160595,2.9860597,2.0360596,1.0760596,2.6560595,3.4660597,4.6860595,4.9760594,4.6560597,4.8760595,6.2160597,6.8860598,4.59606,5.1960597,5.1560597,4.8860598,4.6860595,4.2960596,3.4860597,3.4060595,2.2960596
