wind_kz.json
{"header": {"discipline":0,"disciplineName":"Meteorological products","gribEdition":2,"gribLength":948,"center":7,"centerName":"US National Weather Service - NCEP(WMC)","subcenter":0,"refTime":"2023-08-20T18:00:00.000Z","significanceOfRT":1,"significanceOfRTName":"Start of forecast","productStatus":0,"productStatusName":"Operational products","productType":1,"productTypeName":"Forecast products","productDefinitionTemplate":0,"productDefinitionTemplateName":"Analysis/forecast at horizontal level/layer at a point in time","parameterCategory":0,"parameterCategoryName":"UnknownDiscipline_0_Category_0","parameterNumber":0,"parameterNumberName":"UnknownParameter_D0_C0_0","parameterUnit":"Unknown","genProcessType":2,"genProcessTypeName":"Forecast","forecastTime":60,"surface1Type":1,"surface1TypeName":"Ground or water surface","surface1Value":0.0,"surface2Type":255,"surface2TypeName":"Missing","surface2Value":0.0,"gridDefinitionTemplate":0,"gridDefinitionTemplateName":"Latitude_Longitude","numberPoints":615,"shape":6,"shapeName":"Earth spherical with radius of 6,371,229.0 m","gridUnits":"degrees","resolution":48,"winds":"true","scanMode":64,"nx":41,"ny":15,"basicAngle":0,"lo1":47.0,"la1":41.0,"lo2":87.0,"la2":55.0,"dx":1.0,"dy":1.0}, "data":
[rows 0 to 14 of 15, columns 0 to 40 of 41]
314.87115,301.97116,310.37115,300.47116,299.87115,298.87115,312.07117,320.57117,319.87115,322.27118,320.37115,322.27118,321.87115,323.27118,322.67117,323.47116,323.27118,323.27118,328.17117,324.87115,328.87115,321.67117,318.87115,318.47116,318.87115,318.67117,316.07117,306.07117,306.47116,302.97116,302.17117,299.27118,312.27118,316.57117,311.97116,316.07117,321.37115,318.97116,312.37115,320.97116,314.27118
288.77118,311.67117,299.97116,300.27118,299.77118,298.67117,321.77118,318.77118,317.77118,319.47116,320.47116,320.07117,320.07117,319.57117,325.77118,326.07117,320.67117,326.17117,325.07117,326.87115,327.97116,323.07117,320.47116,311.97116,304.17117,300.97116,310.07117,308.57117,304.97116,294.77118,298.57117,294.67117,304.67117,273.97116,297.37115,312.07117,318.57117,317.27118,316.07117,306.37115,285.17117
310.77118,299.67117,300.37115,300.47116,298.77118,315.77118,315.57117,317.87115,316.77118,318.27118,317.97116,319.87115,322.17117,321.77118,321.67117,328.07117,326.37115,323.97116,326.37115,326.87115,327.57117,324.97116,322.07117,318.47116,320.37115,320.07117,319.47116,318.27118,317.47116,307.77118,296.57117,298.57117,309.47116,310.87115,308.97116,307.17117,293.67117,291.97116,298.97116,296.77118,290.37115
313.87115,300.77118,300.37115,299.47116,301.67117,314.17117,317.27118,317.27118,317.67117,317.37115,317.77118,317.27118,296.77118,295.77118,321.07117,324.37115,320.67117,324.77118,324.47116,327.17117,321.27118,321.07117,319.77118,320.87115,326.77118,325.47116,326.27118,324.07117,330.67117,324.17117,325.47116,320.57117,322.67117,331.37115,321.17117,314.97116,295.67117,297.97116,293.77118,306.27118,313.47116
314.77118,300.37115,300.47116,300.07117,302.97116,313.07117,316.27118,318.47116,316.67117,315.77118,317.87115,317.57117,296.77118,295.37115,292.77118,318.47116,320.87115,316.07117,319.47116,318.57117,320.87115,321.57117,321.87115,322.87115,327.77118,326.17117,327.87115,318.17117,326.37115,324.47116,323.97116,321.57117,303.87115,295.47116,307.37115,318.17117,313.07117,327.87115,320.07117,318.57117,318.27118
313.17117,311.77118,298.77118,299.37115,300.07117,299.77118,308.27118,317.37115,315.57117,316.77118,316.27118,317.77118,298.97116,295.77118,305.47116,315.77118,318.47116,319.77118,320.27118,321.17117,320.67117,320.77118,325.87115,323.37115,324.97116,322.87115,320.97116,294.77118,322.87115,322.77118,325.47116,320.77118,322.07117,320.87115,313.77118,311.47116,307.37115,308.97116,321.87115,322.47116,321.47116
310.97116,311.47116,311.77118,312.57117,308.17117,311.77118,314.47116,301.37115,307.47116,314.87115,314.87115,306.57117,315.37115,318.47116,320.47116,316.27118,319.87115,319.97116,319.47116,319.77118,320.57117,320.67117,321.37115,321.47116,318.07117,318.27118,320.27118,320.27118,321.27118,322.17117,323.17117,326.57117,324.47116,320.67117,318.17117,314.97116,303.87115,292.67117,296.97116,287.37115,310.17117
310.37115,307.57117,300.87115,310.37115,310.37115,310.97116,313.07117,311.47116,305.07117,307.57117,310.57117,311.07117,311.17117,315.57117,318.37115,318.87115,318.47116,316.17117,315.47116,315.27118,317.07117,319.47116,319.57117,320.77118,321.37115,315.67117,312.67117,314.07117,313.97116,317.27118,317.57117,319.77118,318.07117,314.47116,313.87115,320.37115,316.17117,290.07117,315.47116,315.07117,311.17117
303.47116,308.77118,308.37115,307.07117,307.47116,308.07117,308.47116,308.07117,307.77118,303.57117,303.27118,311.07117,308.57117,310.17117,312.87115,316.37115,316.07117,313.37115,310.67117,315.07117,314.87115,316.77118,317.67117,315.97116,315.57117,315.17117,311.67117,310.67117,310.87115,308.47116,310.37115,311.67117,315.87115,311.97116,311.67117,308.37115,307.97116,308.77118,300.77118,295.37115,297.17117
306.77118,295.17117,301.17117,304.67117,304.67117,305.67117,305.37115,300.77118,303.77118,306.67117,301.77118,295.77118,303.87115,303.37115,310.27118,311.57117,312.77118,315.07117,313.57117,313.97116,312.87115,313.87115,314.97116,314.37115,315.27118,314.07117,311.57117,310.97116,310.07117,311.47116,314.37115,316.37115,318.47116,315.07117,311.77118,311.87115,302.17117,298.17117,300.57117,295.37115,291.47116
300.27118,302.87115,301.27118,301.47116,299.27118,295.97116,299.77118,302.07117,303.17117,304.67117,303.77118,300.47116,297.87115,296.87115,306.47116,307.37115,307.57117,308.17117,311.17117,309.97116,311.27118,311.37115,310.67117,311.67117,311.97116,312.57117,309.67117,313.07117,312.97116,314.87115,315.47116,317.27118,311.77118,312.27118,311.37115,307.57117,300.07117,298.07117,301.97116,297.17117,296.87115
299.97116,301.27118,299.77118,297.67117,296.27118,296.17117,291.07117,289.87115,289.77118,295.17117,296.57117,298.57117,301.67117,302.07117,302.57117,302.87115,304.97116,303.27118,305.07117,306.67117,307.37115,306.57117,308.47116,308.37115,307.77118,310.17117,309.67117,311.97116,312.87115,313.67117,311.47116,311.07117,307.97116,307.17117,305.67117,304.97116,302.87115,301.77118,300.77118,300.27118,299.47116
293.77118,300.77118,294.97116,294.17117,294.17117,294.87115,296.17117,292.97116,295.97116,293.97116,287.07117,288.67117,289.17117,291.37115,296.17117,294.27118,298.87115,301.27118,300.87115,301.47116,305.77118,304.57117,298.97116,299.97116,307.07117,309.57117,311.37115,309.67117,310.27118,311.07117,315.67117,310.27118,306.87115,308.07117,307.07117,302.57117,301.97116,302.17117,299.67117,298.57117,298.87115
295.97116,297.07117,293.77118,296.97116,297.07117,297.67117,296.67117,294.87115,296.77118,298.07117,290.87115,288.37115,285.87115,284.87115,284.97116,291.27118,295.97116,289.77118,297.57117,297.57117,303.67117,306.37115,302.47116,295.17117,301.07117,308.77118,307.97116,307.47116,305.97116,306.47116,308.17117,308.57117,303.97116,302.87115,303.07117,303.87115,300.97116,300.27118,302.27118,299.77118,299.27118
289.17117,293.97116,291.57117,290.57117,290.57117,289.07117,291.27118,291.57117,295.27118,297.57117,293.17117,293.17117,289.77118,283.47116,284.87115,284.67117,284.17117,284.27118,289.57117,299.07117,301.57117,299.17117,298.57117,293.17117,293.57117,297.77118,301.67117,302.77118,297.17117,302.17117,300.47116,295.17117,302.87115,300.67117,302.07117,302.17117,301.97116,299.87115,300.07117,298.97116,300.87115
