wind_kz.json
{"header": {"discipline":0,"disciplineName":"Meteorological products","gribEdition":2,"gribLength":871,"center":7,"centerName":"US National Weather Service - NCEP(WMC)","subcenter":0,"refTime":"2023-10-03T12:00:00.000Z","significanceOfRT":1,"significanceOfRTName":"Start of forecast","productStatus":0,"productStatusName":"Operational products","productType":1,"productTypeName":"Forecast products","productDefinitionTemplate":0,"productDefinitionTemplateName":"Analysis/forecast at horizontal level/layer at a point in time","parameterCategory":0,"parameterCategoryName":"UnknownDiscipline_0_Category_0","parameterNumber":0,"parameterNumberName":"UnknownParameter_D0_C0_0","parameterUnit":"Unknown","genProcessType":2,"genProcessTypeName":"Forecast","forecastTime":240,"surface1Type":1,"surface1TypeName":"Ground or water surface","surface1Value":0.0,"surface2Type":255,"surface2TypeName":"Missing","surface2Value":0.0,"gridDefinitionTemplate":0,"gridDefinitionTemplateName":"Latitude_Longitude","numberPoints":615,"shape":6,"shapeName":"Earth spherical with radius of 6,371,229.0 m","gridUnits":"degrees","resolution":48,"winds":"true","scanMode":64,"nx":41,"ny":15,"basicAngle":0,"lo1":47.0,"la1":41.0,"lo2":87.0,"la2":55.0,"dx":1.0,"dy":1.0}, "data":
[rows 0 to 14 of 15, columns 0 to 40 of 41]
293.79507,281.59506,286.39508,292.39508,292.29507,290.89508,295.09506,299.29507,292.89508,293.69507,292.39508,292.69507,291.69507,291.29507,290.79507,289.59506,288.99506,288.49506,286.99506,284.39508,286.79507,288.59506,288.09506,288.39508,295.59506,297.79507,295.59506,281.49506,274.19507,277.79507,276.09506,272.19507,286.69507,291.69507,291.79507,291.79507,291.29507,291.59506,292.69507,293.29507,292.19507
271.89508,291.09506,292.19507,292.29507,292.49506,290.49506,296.49506,294.49506,292.99506,291.79507,292.09506,290.49506,290.79507,290.09506,289.99506,289.99506,288.89508,288.59506,287.29507,284.79507,282.79507,285.29507,286.39508,284.09506,276.89508,279.29507,287.99506,281.09506,281.29507,275.29507,281.09506,271.09506,279.09506,255.69507,274.49506,289.79507,287.39508,289.59506,292.19507,285.79507,283.79507
293.79507,291.99506,291.99506,291.59506,289.89508,292.69507,291.99506,291.99506,290.89508,289.99506,289.29507,289.69507,289.39508,289.69507,289.39508,288.39508,286.79507,286.49506,286.69507,287.39508,284.49506,282.49506,283.09506,283.09506,291.09506,292.19507,296.29507,295.59506,293.99506,283.39508,274.59506,277.69507,282.59506,283.69507,284.69507,283.79507,275.09506,276.49506,278.39508,272.59506,271.49506
293.19507,290.69507,291.39508,290.79507,290.49506,290.89508,291.59506,290.69507,290.59506,289.99506,289.09506,288.09506,288.89508,288.19507,286.19507,285.99506,286.19507,286.29507,286.99506,286.99506,285.59506,279.19507,283.19507,284.99506,287.09506,292.89508,296.39508,295.19507,293.39508,294.29507,293.69507,290.09506,294.59506,291.49506,290.19507,286.09506,275.19507,265.49506,279.29507,285.49506,290.49506
292.49506,290.09506,290.39508,289.79507,290.39508,290.39508,290.99506,291.39508,289.99506,288.79507,288.19507,287.79507,287.69507,286.49506,285.19507,285.19507,285.19507,285.29507,285.39508,285.59506,285.49506,284.79507,282.49506,282.79507,286.09506,291.39508,291.69507,292.69507,293.99506,294.69507,296.89508,293.69507,280.89508,272.19507,281.99506,288.29507,289.79507,292.59506,292.49506,293.79507,293.39508
291.59506,290.49506,288.29507,288.79507,289.19507,288.69507,289.79507,289.39508,288.19507,287.49506,287.69507,287.09506,287.19507,287.29507,286.29507,284.19507,285.39508,284.49506,284.39508,285.09506,284.29507,283.99506,282.69507,282.29507,284.09506,287.39508,291.29507,286.19507,295.79507,295.69507,293.69507,296.09506,292.99506,290.79507,289.09506,290.79507,284.39508,285.09506,290.39508,291.69507,292.49506
289.99506,289.49506,290.19507,289.69507,288.09506,288.39508,287.99506,287.19507,286.59506,285.69507,285.49506,284.59506,283.99506,283.69507,283.89508,284.09506,283.79507,284.39508,283.99506,283.09506,282.89508,283.39508,282.99506,283.79507,281.79507,286.79507,290.09506,293.49506,292.99506,291.29507,291.79507,291.29507,292.79507,292.59506,292.49506,289.59506,283.89508,281.29507,278.79507,276.79507,288.39508
289.89508,289.49506,286.99506,285.79507,285.89508,287.49506,286.79507,285.19507,283.69507,283.69507,283.09506,282.49506,281.89508,281.89508,282.49506,282.19507,282.59506,282.79507,282.99506,281.19507,281.29507,282.39508,282.49506,284.09506,283.19507,283.49506,286.79507,289.79507,289.59506,290.29507,289.89508,290.89508,289.19507,288.39508,286.99506,287.79507,288.99506,284.39508,289.99506,290.29507,286.69507
285.29507,284.39508,283.89508,283.29507,283.59506,284.09506,283.19507,282.39508,281.39508,280.99506,280.39508,278.99506,278.49506,279.99506,279.99506,281.19507,280.99506,280.79507,280.69507,280.49506,279.09506,280.29507,281.29507,282.59506,282.79507,283.19507,284.79507,287.59506,287.19507,286.29507,286.79507,288.19507,288.89508,288.89508,287.69507,285.39508,284.19507,287.29507,275.99506,276.39508,272.19507
282.29507,281.49506,281.09506,280.19507,280.29507,279.29507,279.39508,280.19507,279.59506,279.19507,277.29507,276.49506,277.99506,278.49506,278.89508,279.29507,280.09506,280.29507,280.19507,279.99506,279.19507,279.69507,281.09506,282.19507,282.69507,281.39508,283.89508,286.59506,289.39508,288.29507,288.29507,289.59506,291.29507,289.59506,288.19507,287.09506,285.19507,280.19507,278.19507,278.19507,274.79507
279.89508,278.99506,278.19507,278.29507,278.09506,277.59506,278.39508,280.19507,278.69507,277.19507,276.09506,276.29507,277.49506,276.89508,277.69507,278.49506,278.19507,278.99506,279.19507,278.49506,279.49506,279.99506,280.19507,281.59506,282.19507,282.09506,282.89508,286.69507,289.59506,290.19507,290.29507,291.29507,290.09506,290.59506,288.89508,286.49506,282.19507,280.69507,280.39508,279.89508,277.79507
278.69507,277.89508,277.29507,277.09506,276.49506,277.09506,277.79507,277.09506,277.69507,276.39508,273.49506,274.49506,276.19507,276.09506,277.39508,277.99506,278.49506,278.19507,278.39508,278.19507,277.99506,278.59506,279.19507,280.19507,280.69507,282.19507,284.59506,286.59506,290.19507,289.89508,290.49506,289.99506,290.59506,287.69507,288.49506,286.39508,286.19507,285.49506,285.29507,284.59506,283.09506
276.49506,275.99506,277.59506,276.09506,276.69507,277.79507,277.29507,276.29507,274.69507,275.29507,272.79507,271.89508,275.39508,275.59506,277.69507,278.39508,278.89508,277.99506,278.59506,278.09506,278.39508,278.39508,277.99506,278.89508,281.69507,283.39508,285.59506,286.59506,289.19507,288.89508,289.49506,288.49506,287.99506,287.89508,287.09506,286.19507,284.49506,285.89508,283.89508,283.09506,283.09506
273.39508,274.99506,279.99506,276.09506,276.39508,276.19507,275.89508,273.39508,275.79507,274.29507,272.49506,271.49506,273.19507,276.19507,277.89508,278.79507,278.99506,278.59506,278.79507,278.99506,279.19507,279.99506,280.29507,281.09506,281.59506,282.19507,284.29507,287.69507,287.79507,288.79507,288.49506,287.59506,287.29507,285.89508,285.49506,283.09506,283.09506,282.79507,282.39508,280.99506,280.49506
274.59506,274.29507,283.39508,276.09506,275.59506,274.89508,274.99506,274.19507,274.69507,274.39508,273.99506,273.29507,273.09506,275.09506,277.39508,278.99506,278.89508,279.29507,279.99506,279.09506,280.19507,280.19507,279.99506,280.29507,280.69507,281.49506,284.19507,286.09506,286.79507,288.09506,285.99506,285.39508,285.29507,283.79507,283.29507,282.69507,282.29507,281.69507,281.19507,280.39508,280.59506
