wind_kz.json
{"header": {"discipline":0,"disciplineName":"Meteorological products","gribEdition":2,"gribLength":1025,"center":7,"centerName":"US National Weather Service - NCEP(WMC)","subcenter":0,"refTime":"2023-09-29T12:00:00.000Z","significanceOfRT":1,"significanceOfRTName":"Start of forecast","productStatus":0,"productStatusName":"Operational products","productType":1,"productTypeName":"Forecast products","productDefinitionTemplate":0,"productDefinitionTemplateName":"Analysis/forecast at horizontal level/layer at a point in time","parameterCategory":2,"parameterCategoryName":"UnknownDiscipline_0_Category_2","parameterNumber":3,"parameterNumberName":"UnknownParameter_D0_C2_3","parameterUnit":"Unknown","genProcessType":2,"genProcessTypeName":"Forecast","forecastTime":0,"surface1Type":103,"surface1TypeName":"Specified height level above ground","surface1Value":10.0,"surface2Type":255,"surface2TypeName":"Missing","surface2Value":0.0,"gridDefinitionTemplate":0,"gridDefinitionTemplateName":"Latitude_Longitude","numberPoints":615,"shape":6,"shapeName":"Earth spherical with radius of 6,371,229.0 m","gridUnits":"degrees","resolution":48,"winds":"true","scanMode":64,"nx":41,"ny":15,"basicAngle":0,"lo1":47.0,"la1":41.0,"lo2":87.0,"la2":55.0,"dx":1.0,"dy":1.0}, "data":
[rows 0 to 14 of 15, columns 0 to 40 of 41]
2.562771,2.182771,-1.297229,0.532771,-0.287229,-3.307229,-3.887229,-2.227229,-3.367229,-5.127229,-5.067229,-4.997229,-4.157229,-3.377229,-1.807229,-3.097229,-1.337229,-3.847229,-3.917229,-5.447229,-4.237229,-6.087229,-4.367229,-0.957229,4.462771,2.632771,0.972771,1.182771,-0.487229,2.122771,2.282771,3.152771,0.502771,3.172771,1.542771,-1.227229,-3.137229,1.702771,-0.877229,-2.067229,-3.467229
-2.117229,0.082770996,1.662771,0.672771,-1.677229,-3.937229,-3.627229,-4.337229,-3.677229,-4.627229,-4.787229,-4.267229,-3.317229,-3.127229,-3.027229,-1.217229,-0.357229,-3.237229,-2.977229,-3.987229,-4.047229,-5.197229,-4.877229,-2.457229,2.502771,-0.897229,1.792771,2.482771,1.592771,0.852771,0.342771,-0.877229,2.252771,1.872771,1.362771,3.062771,0.572771,2.782771,2.382771,-0.24722901,-1.007229
1.622771,2.132771,0.652771,-0.747229,-1.217229,-0.357229,-2.787229,-3.787229,-4.207229,-5.037229,-5.167229,-4.967229,-4.067229,-3.357229,-0.517229,-0.697229,0.702771,-0.13722901,-0.997229,-2.197229,-5.427229,-4.537229,-2.247229,-0.697229,-4.847229,-1.767229,6.442771,-2.617229,-2.147229,2.322771,-1.837229,-1.367229,-2.587229,-2.177229,1.072771,-1.897229,-0.967229,-4.107229,-1.177229,2.282771,1.002771
0.232771,0.642771,-1.087229,-3.417229,-1.387229,-3.357229,-3.457229,-4.497229,-4.487229,-4.927229,-5.237229,-6.907229,-7.447229,0.192771,-1.767229,2.042771,1.572771,1.552771,-1.977229,-3.817229,-4.577229,-4.537229,-5.757229,-4.317229,-4.397229,-2.497229,-2.197229,-0.887229,-0.877229,3.182771,2.002771,-2.057229,2.222771,1.592771,-0.797229,-0.057229005,-1.0372291,1.542771,-1.297229,-1.197229,-2.077229
1.442771,0.332771,-1.337229,-2.057229,-4.917229,-5.057229,-4.717229,-3.327229,-3.437229,-3.457229,-3.937229,-2.837229,-5.057229,-3.877229,-0.807229,0.602771,1.892771,0.632771,-3.477229,-2.747229,-3.067229,-3.117229,-1.977229,-2.407229,-2.847229,-0.037229005,0.972771,0.842771,0.922771,0.772771,6.532771,2.382771,-0.267229,-0.797229,0.102771,-0.747229,-0.797229,-0.527229,-1.797229,-1.137229,-2.267229
-1.057229,2.032771,4.332771,1.352771,-1.667229,-2.027229,-3.257229,-3.567229,-3.637229,-3.197229,-1.877229,-0.827229,2.692771,-0.577229,-5.167229,-1.087229,-0.18722901,-0.50722903,-4.067229,-4.747229,-3.537229,-2.687229,-2.087229,-3.957229,-3.747229,-0.42722902,1.872771,2.532771,1.652771,0.492771,4.312771,8.712771,3.722771,-0.707229,0.35277098,7.502771,0.712771,3.302771,3.382771,0.22277099,-2.597229
-2.037229,-1.577229,-2.117229,-2.427229,-1.717229,-3.697229,-3.697229,-3.827229,-3.387229,-3.797229,-2.257229,1.932771,-0.327229,-1.077229,-1.677229,-2.507229,-3.327229,-3.427229,-3.167229,-4.327229,-2.617229,-4.047229,-4.097229,-3.787229,-6.437229,0.032770995,2.372771,2.712771,3.352771,4.522771,4.062771,6.292771,4.732771,1.512771,1.792771,2.112771,1.452771,1.372771,-0.057229005,2.262771,-0.477229
-3.497229,-3.677229,-3.047229,-3.517229,-3.537229,-3.327229,-3.067229,-2.917229,-3.177229,-3.187229,-2.537229,-1.727229,0.93277097,-0.377229,-0.887229,-3.137229,-3.447229,-3.157229,-2.997229,-3.317229,-3.257229,-3.237229,-4.797229,-4.597229,-4.577229,-7.037229,1.122771,2.262771,1.822771,-4.437229,1.592771,2.882771,5.212771,4.992771,4.342771,-1.397229,-0.307229,0.122770995,-1.477229,-0.157229,1.882771
-3.627229,-3.477229,-3.587229,-3.387229,-3.457229,-2.767229,-2.597229,-2.567229,-2.447229,-2.097229,-1.887229,-1.027229,-1.427229,-1.147229,0.982771,-0.597229,-1.437229,-1.987229,-2.907229,-2.047229,-1.897229,-1.207229,-4.097229,-4.847229,-4.157229,-4.477229,-4.597229,-3.767229,-3.067229,1.862771,1.502771,0.772771,1.742771,-5.157229,5.522771,3.592771,-1.027229,0.472771,2.482771,0.972771,-1.497229
-3.827229,-3.587229,-3.567229,-3.397229,-3.117229,-2.947229,-3.197229,-2.887229,-2.477229,-2.037229,-1.607229,-1.467229,0.122770995,-0.717229,-0.107229,0.192771,0.652771,-0.917229,-0.767229,-2.467229,-1.947229,-4.127229,-2.977229,-2.197229,-6.007229,-2.897229,-3.287229,-3.327229,-3.517229,-2.327229,-1.307229,-0.39722902,0.692771,1.002771,-1.767229,-0.39722902,0.452771,-2.407229,1.382771,4.342771,3.052771
-3.527229,-3.707229,-4.057229,-4.467229,-3.417229,-2.507229,-2.177229,-2.057229,-2.627229,-3.607229,-1.717229,-1.747229,-0.907229,1.232771,0.832771,1.902771,1.602771,-0.787229,-0.737229,0.102771,-0.207229,-1.747229,-3.327229,-3.387229,-1.757229,-1.517229,-4.207229,-2.057229,-0.177229,-1.137229,-1.917229,1.542771,-0.207229,2.392771,4.562771,3.672771,2.182771,2.272771,1.862771,1.412771,-0.467229
-4.127229,-3.587229,-3.467229,-2.457229,-2.567229,-2.217229,-1.357229,-0.937229,-0.097229004,-1.577229,-1.297229,-2.417229,-0.837229,1.552771,1.622771,2.832771,0.982771,1.382771,-1.0372291,-0.597229,-1.457229,-2.377229,-0.447229,-2.037229,-2.437229,-2.877229,-0.377229,-1.237229,-0.997229,-1.577229,-0.597229,-1.577229,-0.767229,2.682771,2.632771,3.052771,2.732771,1.252771,0.99277097,-1.857229,-0.007229004
-3.857229,-4.617229,-3.117229,-4.077229,-3.117229,-1.897229,-1.887229,-1.237229,-1.227229,0.14277099,0.68277097,-0.327229,-1.307229,-0.157229,1.182771,1.452771,-0.057229005,-2.097229,0.35277098,0.902771,0.592771,1.172771,0.812771,-0.647229,-1.277229,-1.057229,-1.957229,-1.867229,-2.517229,-0.857229,-0.267229,-2.057229,1.802771,-0.18722901,-0.017229004,1.532771,2.912771,2.052771,2.992771,2.472771,0.93277097
-5.457229,-5.627229,-6.487229,-4.737229,-5.197229,-3.867229,-2.117229,-0.637229,0.382771,-0.407229,1.252771,0.502771,0.712771,0.032770995,-2.207229,2.072771,3.352771,1.432771,-0.307229,1.412771,1.7127709,1.422771,0.942771,0.182771,1.302771,0.872771,-0.697229,-0.777229,-0.45722902,-1.367229,-1.857229,0.502771,0.812771,1.862771,2.332771,1.682771,2.172771,1.332771,0.93277097,1.482771,2.622771
-3.247229,-5.967229,-6.157229,-6.507229,-6.637229,-6.517229,-6.587229,-3.807229,-2.027229,-1.147229,1.862771,1.272771,0.582771,0.422771,1.262771,-0.687229,3.132771,1.572771,-1.227229,-0.617229,-0.127229,1.102771,2.382771,2.182771,0.872771,1.392771,0.802771,0.102771,-0.737229,1.382771,0.802771,1.312771,0.09277099,1.232771,1.762771,1.902771,2.252771,1.942771,1.162771,1.572771,1.112771
