wind_kz.json
{"header": {"discipline":0,"disciplineName":"Meteorological products","gribEdition":2,"gribLength":1025,"center":7,"centerName":"US National Weather Service - NCEP(WMC)","subcenter":0,"refTime":"2024-02-01T12:00:00.000Z","significanceOfRT":1,"significanceOfRTName":"Start of forecast","productStatus":0,"productStatusName":"Operational products","productType":1,"productTypeName":"Forecast products","productDefinitionTemplate":0,"productDefinitionTemplateName":"Analysis/forecast at horizontal level/layer at a point in time","parameterCategory":2,"parameterCategoryName":"UnknownDiscipline_0_Category_2","parameterNumber":2,"parameterNumberName":"UnknownParameter_D0_C2_2","parameterUnit":"Unknown","genProcessType":2,"genProcessTypeName":"Forecast","forecastTime":240,"surface1Type":103,"surface1TypeName":"Specified height level above ground","surface1Value":10.0,"surface2Type":255,"surface2TypeName":"Missing","surface2Value":0.0,"gridDefinitionTemplate":0,"gridDefinitionTemplateName":"Latitude_Longitude","numberPoints":615,"shape":6,"shapeName":"Earth spherical with radius of 6,371,229.0 m","gridUnits":"degrees","resolution":48,"winds":"true","scanMode":64,"nx":41,"ny":15,"basicAngle":0,"lo1":47.0,"la1":41.0,"lo2":87.0,"la2":55.0,"dx":1.0,"dy":1.0}, "data":
[rows 0 to 14 of 15, columns 0 to 40 of 41]
0.8713379,1.0413378,-2.1086621,1.3313379,3.6513379,4.851338,6.401338,7.891338,8.731338,8.111338,8.901338,7.931338,6.041338,4.871338,3.881338,2.101338,0.71133786,-1.2586621,1.6713378,-2.6086621,-0.8786621,-2.3186622,0.2113379,0.8113379,-0.4186621,-0.3886621,-2.908662,-1.7386621,0.8013379,1.0113379,-0.4386621,2.4013379,-0.36866212,-0.2986621,1.6013379,1.4213378,2.621338,2.9113379,2.601338,2.2113378,2.751338
0.05133789,-2.638662,0.01133789,2.4513378,4.2613378,4.5313377,4.421338,2.511338,4.331338,5.391338,4.901338,4.311338,4.191338,3.3913379,1.5713379,0.41133788,-0.6786621,-0.36866212,-1.5986621,0.2513379,-1.8286622,0.5613379,0.38133788,-2.7986622,0.8013379,0.5313379,-1.2386621,0.9713379,-2.0686622,-1.2286621,0.1313379,-0.4986621,2.771338,-3.118662,0.2813379,0.47133788,-0.4486621,0.7813379,-0.8386621,0.3913379,2.4113379
-3.6086621,-2.5586622,-0.3586621,1.2713379,3.091338,2.6813378,0.9713379,2.031338,2.9213378,0.9513379,0.3113379,-0.3486621,-0.2886621,-0.9086621,-1.7286621,-1.2186621,-0.27866212,-1.688662,-2.0086622,-2.208662,-2.2886622,-1.558662,-2.248662,-1.558662,-0.7986621,-1.438662,-2.128662,-0.02866211,1.0313379,-0.2886621,-1.6686621,1.4213378,0.8213379,-0.1986621,0.4013379,-1.2786621,0.061337892,0.6913379,0.4213379,2.2113378,1.0413378
-4.8886623,-3.0986621,-1.1586621,0.58133787,-1.0286621,-0.5786621,1.1713378,-0.42866212,-1.0886621,-1.3586621,-2.468662,-4.128662,-5.088662,-3.8086622,-2.938662,-2.8186622,-3.3486621,-3.218662,-3.2786622,-2.448662,-2.138662,-0.8686621,-3.638662,-4.008662,-3.408662,-3.7586622,-3.0586622,-5.6986623,-2.8186622,-1.058662,-0.3286621,-2.3486621,-3.128662,-2.0086622,-0.9686621,-1.7686621,-2.0986621,2.331338,-0.05866211,0.0013378906,0.19133788
-2.248662,-1.808662,-0.4386621,0.5013379,-0.04866211,-0.5786621,-1.3986621,-1.6086621,-1.7986621,-1.688662,-3.618662,-5.548662,-4.6586623,-5.028662,-4.4686623,-3.138662,-2.688662,-2.5686622,-2.0986621,-2.378662,-4.258662,-4.9886622,-5.008662,-5.098662,-5.9286623,-6.118662,-6.628662,-3.7886622,-5.648662,-3.5586622,-3.248662,-2.138662,-3.0986621,1.2513379,1.2113379,0.1613379,-0.1986621,-0.5886621,-0.6786621,-1.2686621,-0.30866212
0.4513379,0.8513379,-0.04866211,0.7913379,-0.3886621,-0.18866211,-1.0986621,-1.8486621,-1.9786621,-2.248662,-3.408662,-4.358662,-4.568662,-4.378662,-3.5286622,-3.908662,-4.068662,-4.748662,-5.4086623,-4.7186623,-5.668662,-5.268662,-4.588662,-5.8886623,-5.6386623,-6.398662,-5.248662,-4.958662,-3.948662,-3.218662,-3.0286622,-2.0786622,-2.648662,-2.2786622,-0.8286621,-0.6086621,0.9813379,1.4913379,-0.4786621,0.2113379,0.9213379
1.3413379,1.2013379,2.4013379,0.8913379,-0.008662109,-1.4686621,-1.7486621,-1.3986621,-2.2986622,-1.8286622,-2.5286622,-3.1086621,-2.648662,-3.248662,-3.378662,-3.628662,-3.678662,-4.9486623,-6.088662,-6.308662,-5.148662,-4.1586623,-3.738662,-4.068662,-5.088662,-3.5786622,-2.3386621,-1.0086621,-0.7686621,-1.1386621,-1.2586621,-1.6786621,-0.9086621,-1.3686621,-0.45866212,-1.5786622,-1.058662,0.90133786,-0.4186621,1.1213379,1.6813378
1.7513379,2.4313378,1.7313379,2.4313378,1.3813379,0.3413379,-0.6186621,-1.2286621,-0.6186621,-1.4086621,-1.1986622,-1.6386621,-0.8686621,-1.7986621,-1.7586621,-2.6086621,-3.2586622,-3.218662,-3.2586622,-4.168662,-1.9786621,-1.5086621,-1.0086621,-1.1386621,-1.0786622,-0.7986621,-0.1786621,-0.27866212,0.47133788,1.4813379,2.111338,2.261338,0.7913379,2.4613378,0.7213379,-1.4086621,-0.5186621,-2.0086622,-1.6786621,-2.498662,-1.7486621
2.271338,2.4013379,2.751338,2.4813378,1.8213379,1.4313378,0.8413379,-0.9486621,-0.7486621,0.6213379,0.6213379,0.2513379,1.6313379,1.0813379,1.0013379,0.4013379,0.3613379,0.29133788,1.0813379,0.4313379,-0.2586621,1.9613379,1.7213379,1.2513379,1.6013379,1.3313379,1.0713379,1.061338,1.3413379,1.0013379,1.5313379,2.7013378,4.891338,2.6713378,0.9313379,-1.5386621,0.10133789,0.061337892,0.2413379,0.5413379,-1.1686621
0.5313379,0.4813379,0.5013379,1.5713379,0.83133787,0.7913379,-0.21866211,0.32133788,1.1313379,1.1213379,2.071338,3.1513379,2.061338,2.2013378,2.4713378,1.9813379,1.9613379,2.131338,1.941338,1.9913379,3.571338,2.9413378,2.501338,3.1413379,2.4613378,2.6913378,3.381338,4.0513377,5.951338,6.3013377,4.991338,4.701338,3.9413378,2.101338,0.021337891,-0.59866214,-1.8586621,-0.91866213,1.1313379,1.5813379,0.7613379
-0.6586621,0.8813379,1.0213379,0.9713379,1.0513378,0.8513379,1.2613379,1.2013379,0.96133786,0.8713379,2.6913378,3.7013378,1.4313378,4.211338,3.6713378,3.4113379,3.341338,3.7013378,2.6913378,4.161338,4.7613378,3.881338,3.9613378,3.7313378,4.161338,4.201338,5.971338,6.731338,7.401338,7.831338,6.191338,4.601338,3.871338,3.2013378,2.811338,0.17133789,-0.008662109,1.0713379,-1.2586621,1.0013379,1.1313379
-0.3286621,-0.2286621,0.8613379,0.8613379,1.3713379,1.441338,1.4713379,1.7413379,1.6613379,0.8613379,1.3613379,5.041338,2.381338,4.221338,5.851338,5.001338,5.0713377,4.7813377,3.531338,5.3613377,5.101338,5.871338,5.671338,5.171338,6.1113377,6.981338,7.631338,9.741338,7.471338,6.241338,5.181338,5.991338,4.3013377,4.211338,3.4413378,4.651338,6.0113378,7.411338,3.2213378,0.03133789,-0.6486621
-0.3886621,0.19133788,0.7913379,1.1113379,1.4213378,1.2113379,1.6213379,1.6613379,2.6513379,1.3013378,1.1713378,4.311338,3.751338,5.001338,5.231338,5.181338,5.141338,5.561338,4.231338,5.651338,5.491338,6.291338,7.0513377,7.251338,8.741338,8.101337,8.811337,7.131338,6.5913377,6.191338,5.521338,5.291338,4.691338,4.621338,4.701338,5.041338,5.171338,4.201338,6.151338,5.491338,3.751338
-0.2686621,0.1613379,0.4313379,0.9513379,0.9213379,0.7513379,1.1113379,2.501338,1.2613379,2.9713378,1.6313379,3.311338,4.921338,5.931338,5.421338,4.881338,5.231338,5.171338,4.931338,6.041338,6.601338,7.1113377,8.091338,7.981338,7.491338,5.921338,5.0313377,5.741338,5.901338,5.921338,5.421338,4.701338,4.461338,4.581338,3.841338,3.621338,2.7413378,2.111338,2.621338,3.781338,4.151338
-1.2286621,-1.4686621,-1.9086621,-0.6086621,-0.2586621,0.2713379,0.32133788,1.4713379,1.9513379,2.501338,2.281338,3.9413378,4.601338,3.6513379,6.441338,5.621338,5.561338,5.331338,4.8413377,6.381338,6.251338,6.891338,6.731338,6.971338,6.831338,5.961338,5.601338,5.601338,5.491338,5.101338,5.271338,5.421338,4.001338,3.4213378,0.3413379,-0.30866212,0.3313379,2.021338,-1.3686621,-1.6186621,-1.5686622
