wind_kz.json
{"header": {"discipline":0,"disciplineName":"Meteorological products","gribEdition":2,"gribLength":1025,"center":7,"centerName":"US National Weather Service - NCEP(WMC)","subcenter":0,"refTime":"2023-09-08T06:00:00.000Z","significanceOfRT":1,"significanceOfRTName":"Start of forecast","productStatus":0,"productStatusName":"Operational products","productType":1,"productTypeName":"Forecast products","productDefinitionTemplate":0,"productDefinitionTemplateName":"Analysis/forecast at horizontal level/layer at a point in time","parameterCategory":2,"parameterCategoryName":"UnknownDiscipline_0_Category_2","parameterNumber":3,"parameterNumberName":"UnknownParameter_D0_C2_3","parameterUnit":"Unknown","genProcessType":2,"genProcessTypeName":"Forecast","forecastTime":0,"surface1Type":103,"surface1TypeName":"Specified height level above ground","surface1Value":10.0,"surface2Type":255,"surface2TypeName":"Missing","surface2Value":0.0,"gridDefinitionTemplate":0,"gridDefinitionTemplateName":"Latitude_Longitude","numberPoints":615,"shape":6,"shapeName":"Earth spherical with radius of 6,371,229.0 m","gridUnits":"degrees","resolution":48,"winds":"true","scanMode":64,"nx":41,"ny":15,"basicAngle":0,"lo1":47.0,"la1":41.0,"lo2":87.0,"la2":55.0,"dx":1.0,"dy":1.0}, "data":
[rows 0 to 14 of 15, columns 0 to 40 of 41]
1.0443463,1.1443464,-0.6856537,-5.9356537,-4.5956535,-3.8456538,-2.6256537,-4.1356535,-2.9456537,-3.9156537,-3.2256536,-3.2856536,-2.3156538,-0.8756537,-0.6756537,-0.76565367,-1.0556537,5.184346,4.6043463,4.6343465,-1.9656537,-2.7956536,1.6443464,2.1143463,1.7943463,0.8843463,2.9643464,2.2243464,-1.5956537,-1.1356537,1.7943463,3.0543463,-0.115653686,-0.15565369,-0.09565368,-1.4256537,-1.0956537,0.7543463,1.6643463,1.3643463,2.6743462
-0.6256537,0.7143463,0.43434632,-2.4056537,-3.3456538,-3.4356537,-3.9456537,-4.6156535,-5.4356537,-6.2456536,-6.3056536,-3.8656538,-1.5356537,0.6543463,1.4843463,1.3143463,0.7643463,4.054346,5.2143464,3.6843462,5.3143463,2.2243464,2.3743463,3.9043462,3.7243464,3.1743462,3.2743464,5.0643463,-0.71565366,5.184346,0.8243463,2.2343464,1.9943463,3.2943463,3.1343462,3.2843463,1.3143463,2.0343463,1.6543463,2.5143464,-0.9756537
-0.9456537,-3.2756536,-2.2856536,-1.4156537,-0.8856537,-1.0656537,-1.4756536,-3.4156537,-4.695654,-7.835654,-8.105654,-6.445654,-2.6956537,3.4043462,2.0843463,1.0343463,6.394346,7.6743464,5.5843463,3.6543462,1.5043464,0.8343463,1.0743463,2.0843463,-0.8556537,-2.6456537,-1.8556536,-3.0456536,-1.1656537,-0.9156537,0.5543463,2.5643463,-4.0756536,2.6943464,0.6443463,-2.3256538,0.6343463,2.9543464,-0.6956537,4.2943463,2.8343463
-5.585654,-7.8756537,-6.945654,-6.445654,-3.5256536,-2.1856537,-3.4556537,-2.8756537,-3.5256536,-6.9056535,-8.415653,-7.065654,-3.7356536,3.9543464,4.0743465,4.3743463,4.724346,4.0043464,2.8143463,1.2643464,0.0043463134,1.5843463,-1.4456537,-0.3056537,-0.44565368,-0.055653688,0.11434631,2.3843462,-0.13565369,0.05434631,2.3143463,-1.8656536,1.2143463,2.1443462,0.23434632,2.1743462,4.8743463,4.1143465,-4.4756536,-3.2356536,-2.8856537
-6.3956537,-8.445654,-8.3856535,-7.4956536,-7.085654,-5.8756537,-5.545654,-2.7856536,-0.6856537,-3.3856537,-5.1556535,-4.3756537,0.6143463,1.7143463,1.0643463,3.0043464,2.2943463,2.2743464,1.5243464,0.40434632,-0.07565369,0.9343463,0.8643463,0.9443463,0.5743463,1.2943463,0.7543463,-0.47565368,3.4443464,1.1443464,-0.9256537,2.9943464,3.7643464,1.5943463,0.044346314,2.2443464,1.3643463,-0.9056537,-3.8756537,-3.6256537,-2.0556536
-6.465654,-6.1256537,-7.3056536,-7.8256536,-8.045653,-6.9056535,-6.235654,-4.2456536,-1.2556537,1.3443463,0.094346315,-0.14565368,1.8943464,1.7043463,1.9143463,2.1843462,2.2143464,1.9443463,1.5543463,0.124346316,2.2643464,2.8643463,1.5443463,2.1643462,1.7843463,1.7543464,1.2443463,-1.7356536,-0.95565367,-0.8256537,0.9043463,-0.8656537,3.6543462,6.0443463,4.0843463,-5.105654,-3.8156538,-3.3456538,0.06434631,-3.3756537,-5.4556537
-6.3256536,-6.355654,-6.6156535,-7.445654,-7.1356535,-6.465654,-6.565654,-5.715654,-5.815654,4.8643465,4.1543465,3.6443462,3.0743463,3.5143464,3.0843463,2.8043463,2.8643463,2.7843463,2.7943463,1.9343463,1.7343463,3.3043463,3.7343464,1.9243463,2.4643464,1.4343463,1.1843463,2.0743463,1.3343463,2.0443463,1.1743463,1.7443463,1.7443463,0.46434632,-3.8256538,-1.6356537,-0.37565368,2.8543463,3.2143464,3.8043463,-4.025654
-5.5556536,-5.9056535,-6.6456537,-6.2256536,-6.735654,-6.6456537,-5.9956536,-7.1356535,-4.4256535,-1.2556537,0.72434634,6.434346,5.434346,4.1743464,3.6443462,3.1243463,3.2643464,3.6343462,2.9243462,3.1043463,3.6843462,4.9643464,1.8443463,3.7243464,2.2043464,1.6743463,2.0143464,0.22434631,-0.035653688,0.06434631,0.22434631,-0.09565368,0.8043463,1.8643463,3.7143464,0.23434632,1.4243463,-1.8556536,-0.8256537,0.4143463,-1.3456537
-4.815654,-5.4256535,-5.7856536,-5.815654,-5.295654,-5.3656535,-5.815654,-6.195654,-6.2656536,0.024346314,-2.3256538,1.5743463,2.6943464,5.4243464,4.6743464,4.9843464,5.4643464,2.9443464,2.9343462,1.7043463,4.644346,3.6143463,2.7043464,4.8143463,3.6843462,1.5343463,0.5743463,0.8143463,1.3143463,1.2443463,1.6343464,0.78434634,-0.07565369,0.08434632,1.1443464,2.9943464,1.8643463,2.8843462,3.6843462,2.7043464,1.7543464
-5.0556536,-4.965654,-5.1856537,-4.9956536,-4.6456537,-4.795654,-4.945654,-4.3256536,-4.0756536,-4.8256536,3.0943463,-2.2056537,0.36434633,7.414346,6.474346,5.1343465,4.1543465,4.454346,4.914346,2.7443464,1.7443463,1.8943464,2.4543464,3.3343463,3.5743463,3.6043463,1.0043464,0.49434632,0.39434633,1.4643463,-0.17565368,-1.3856537,2.3843462,2.4043462,0.22434631,-0.51565367,1.7943463,1.7643464,1.2043463,0.39434633,1.7843463
-3.5356536,-3.6056538,-4.5356536,-4.7656536,-4.7256536,-4.6456537,-4.1256537,-3.9856536,-3.2456536,-2.9556537,3.2943463,2.0743463,2.7443464,6.954346,6.3843465,5.434346,4.8643465,4.8443465,5.2543464,3.4543464,1.6043463,0.54434633,1.8043463,2.2143464,1.2243463,0.5243463,2.0843463,-0.4956537,-0.47565368,0.3543463,3.1443462,2.3943462,3.7243464,2.0043464,2.3443463,0.39434633,1.8943464,0.54434633,1.4543463,1.4443463,0.3543463
-2.4656537,-2.9256537,-4.275654,-4.1656537,-4.7856536,-4.6256537,-4.5756536,-4.3456535,-4.715654,-5.945654,2.9743464,-2.7456536,4.764346,4.974346,6.454346,4.014346,6.204346,5.974346,4.1743464,2.6843462,1.0543463,1.9043463,1.7343463,1.6243463,-0.10565369,-0.19565369,-1.0756537,-1.7856537,-1.7456536,-1.9756536,-1.7456536,-0.16565369,0.37434632,0.3543463,0.49434632,2.2343464,0.79434633,-0.12565368,-2.0456536,-1.3156537,-0.7456537
-1.9056537,-2.4556537,-2.6656537,-4.025654,-3.9056537,-3.1956537,-3.7456536,-3.7156537,-5.1756535,-3.0756538,0.5543463,2.3043463,3.8043463,1.8043463,2.9843464,5.204346,5.4643464,3.6243463,3.0043464,2.9943464,2.7543464,2.2543464,1.1743463,1.7243463,0.97434634,-0.7856537,-1.9156537,-1.3056537,-1.7556537,-1.3756537,0.21434632,0.17434631,1.4743463,1.3043463,1.5043464,2.5643463,3.1843462,1.4643463,1.3943464,2.5143464,0.8843463
-1.6256537,-3.4256537,-2.8856537,-3.3856537,-3.2156537,-3.2956536,-3.8556538,-4.4156537,-3.1156538,-3.9056537,-1.1356537,0.37434632,2.2443464,0.6743463,2.0443463,4.3243465,4.5843463,3.0243464,3.3843462,2.5443463,2.0643463,1.4443463,1.4843463,1.5743463,0.3243463,-0.7856537,-1.1856537,-1.6256537,-1.1856537,-0.31565368,-0.6256537,0.16434631,0.0043463134,0.17434631,0.60434633,1.5143464,1.2643464,1.2643464,2.2543464,1.7943463,3.8943462
0.21434632,-0.6856537,-1.2656537,-2.7556536,-2.8356538,-2.1456537,-3.9256537,-3.7656536,-4.0156536,-3.3956537,0.094346315,1.0443463,2.4143462,0.3443463,4.9643464,3.6343462,3.8843462,3.1843462,3.0043464,2.5543463,2.4543464,1.9643463,1.2143463,0.7643463,0.094346315,-0.09565368,-1.8856537,-2.2256536,-0.71565366,-0.06565369,1.3643463,0.23434632,-0.4856537,-0.07565369,1.2343463,1.3243463,2.2643464,1.5543463,1.8843464,2.7743464,1.8043463
