wind_kz.json
{"header": {"discipline":0,"disciplineName":"Meteorological products","gribEdition":2,"gribLength":1102,"center":7,"centerName":"US National Weather Service - NCEP(WMC)","subcenter":0,"refTime":"2023-09-28T12:00:00.000Z","significanceOfRT":1,"significanceOfRTName":"Start of forecast","productStatus":0,"productStatusName":"Operational products","productType":1,"productTypeName":"Forecast products","productDefinitionTemplate":0,"productDefinitionTemplateName":"Analysis/forecast at horizontal level/layer at a point in time","parameterCategory":2,"parameterCategoryName":"UnknownDiscipline_0_Category_2","parameterNumber":3,"parameterNumberName":"UnknownParameter_D0_C2_3","parameterUnit":"Unknown","genProcessType":2,"genProcessTypeName":"Forecast","forecastTime":240,"surface1Type":103,"surface1TypeName":"Specified height level above ground","surface1Value":10.0,"surface2Type":255,"surface2TypeName":"Missing","surface2Value":0.0,"gridDefinitionTemplate":0,"gridDefinitionTemplateName":"Latitude_Longitude","numberPoints":615,"shape":6,"shapeName":"Earth spherical with radius of 6,371,229.0 m","gridUnits":"degrees","resolution":48,"winds":"true","scanMode":64,"nx":41,"ny":15,"basicAngle":0,"lo1":47.0,"la1":41.0,"lo2":87.0,"la2":55.0,"dx":1.0,"dy":1.0}, "data":
[rows 0 to 14 of 15, columns 0 to 40 of 41]
-5.7542872,0.9657129,-1.0242871,-13.954288,-12.014287,-10.224287,-8.044287,-2.3142872,-0.8242871,-0.3342871,2.1957128,5.895713,5.795713,5.085713,3.085713,2.6357129,2.775713,1.8457129,-0.9042871,-0.86428714,-2.264287,-3.164287,-2.8142872,1.4457129,2.1557128,1.4657129,0.8957129,-0.18428712,-1.8042871,-1.8542871,-0.4942871,0.5457129,0.5857129,1.8857129,1.9657129,1.1557128,2.615713,0.3557129,-1.2342871,0.4057129,-1.8842871
-2.664287,-1.0342871,-14.574287,-14.584287,-12.654287,-9.524287,-4.764287,2.305713,2.595713,3.9457128,6.505713,7.485713,6.685713,4.205713,4.465713,3.095713,2.575713,0.6257129,1.5657129,1.6157129,0.6457129,-1.5142871,-2.134287,-1.4842871,1.0757129,1.545713,0.5857129,2.045713,-1.2442871,1.3157129,0.1457129,0.8357129,1.4157128,-1.3442872,-0.25428712,0.7057129,-2.954287,-2.7942872,-1.1042871,2.1857128,-0.5842871
-1.8642871,-9.164288,-11.154287,-11.504287,-9.044287,-5.7142873,-0.9542871,4.625713,6.0757127,7.3057127,7.275713,5.705713,4.065713,5.795713,4.975713,5.185713,3.545713,3.1457129,2.3757129,1.3657129,0.5157129,0.03571289,-0.22428711,-0.7042871,-1.1042871,-0.4842871,-1.1542871,-1.6142871,-0.4242871,-1.1242871,3.275713,-0.2142871,-2.0242872,1.9757129,-0.15428711,-0.5442871,1.3457129,1.425713,-1.2242872,3.1757128,3.1357129
-3.204287,-9.184287,-10.264287,-10.894287,-5.604287,-8.084287,-8.974287,-0.2642871,-1.9642872,1.3957129,3.855713,-0.5742871,-0.7742871,0.5457129,3.245713,3.065713,3.7157128,3.1657128,2.735713,0.9957129,0.8257129,-0.7542871,0.09571289,0.23571289,0.06571289,-0.55428714,0.3557129,-1.0942872,0.01571289,-1.8642871,1.7357129,0.8457129,-0.09428711,-0.5942871,0.7157129,0.7157129,1.0657129,2.2057128,2.7257128,-1.3942871,-2.744287
-7.264287,-11.914288,-10.464287,-15.534287,-1.7542871,-4.314287,-6.294287,-4.064287,-2.984287,1.1257129,-0.3742871,1.295713,0.7257129,-0.38428712,-3.3342872,3.1757128,3.995713,3.075713,3.295713,1.4457129,-0.124287106,1.4557129,1.7357129,1.5257128,1.3557129,1.3957129,-0.2842871,-2.3242872,-1.1142871,-1.3042871,-2.744287,-3.5542872,-0.3342871,1.9457129,-0.044287108,0.23571289,0.7457129,0.0057128905,-1.8942871,-1.3742871,-1.9242871
-7.524287,-7.124287,-10.974287,-10.584287,-10.934287,-1.4442871,-2.704287,-2.684287,-2.214287,-0.5442871,1.6057129,3.1757128,2.355713,-0.20428711,-0.4542871,3.005713,2.285713,2.9157128,2.6957128,2.845713,3.6257129,3.6257129,2.845713,3.335713,2.6557128,2.025713,1.5057129,-4.364287,0.4357129,-0.3942871,-1.954287,-2.974287,-1.2842871,-2.994287,-0.3742871,-1.3842871,-0.86428714,-1.0442871,3.535713,0.8957129,-2.444287
-9.594287,-8.644287,-7.824287,-10.084287,-10.214287,-7.794287,-4.184287,-3.154287,-3.8442872,-3.3742871,-0.7942871,-0.7342871,-0.6442871,1.8257129,2.8857129,2.595713,2.765713,2.815713,3.245713,3.355713,4.795713,5.0157127,4.7857127,4.355713,3.535713,2.745713,4.045713,3.355713,2.6457129,2.815713,2.4457128,1.6657128,-0.55428714,-1.5642871,1.0157129,0.33571288,0.7057129,0.9257129,-1.0242871,2.275713,-0.7842871
-7.584287,-9.804287,-9.214287,-8.004287,-8.084287,-9.094287,-7.164287,-5.384287,-3.2942872,-1.5142871,-0.18428712,7.0557127,7.435713,5.645713,2.825713,3.745713,4.415713,5.215713,4.665713,4.375713,5.155713,5.175713,4.915713,5.005713,4.965713,4.005713,2.9257128,2.335713,2.595713,0.9657129,-1.2242872,-0.29428712,1.1857129,0.7957129,-0.44428712,-1.1542871,-0.6342871,-0.3642871,0.6257129,-0.5242871,-0.74428713
-7.934287,-8.714287,-8.4942875,-9.184287,-8.404287,-7.474287,-5.014287,-6.854287,-6.634287,-2.6142871,-2.5542872,-2.1042871,-1.3342872,2.1257129,2.105713,4.415713,5.0157127,4.625713,4.0557127,2.6857128,3.315713,4.895713,4.795713,5.0157127,4.465713,3.615713,3.1957128,3.615713,3.555713,0.11571289,1.3457129,2.595713,0.10571289,-2.214287,-0.7942871,1.8857129,1.0957129,-0.15428711,0.4857129,1.0657129,-0.23428711
-7.044287,-7.454287,-7.7542872,-8.154287,-8.184287,-8.004287,-7.4442873,-6.744287,-3.6142871,-5.594287,-3.8042872,-2.0842872,-3.974287,-3.184287,-0.9542871,2.845713,4.085713,4.985713,3.6957128,2.315713,2.865713,3.295713,4.195713,5.365713,4.955713,4.065713,2.115713,2.255713,0.1657129,2.1357129,0.5157129,0.7057129,0.2257129,1.175713,1.9957129,1.2557129,0.6557129,-0.1342871,0.5457129,1.5157129,1.9457129
-7.024287,-7.994287,-7.7342873,-7.4242873,-7.374287,-7.584287,-7.564287,-6.824287,-7.054287,-6.354287,-2.1142871,-4.344287,-3.144287,-2.684287,-3.764287,-4.9042873,0.08571289,1.2257129,2.335713,3.295713,1.9357129,1.3857129,1.3857129,1.4057128,1.7057129,1.0357128,1.6957129,3.795713,1.8857129,1.3657129,-1.4842871,-2.494287,1.7557129,2.4757128,3.4557128,2.325713,1.4557129,1.2357129,0.5857129,1.0557129,0.4857129
-6.614287,-7.384287,-8.114287,-7.854287,-7.624287,-6.784287,-6.6742873,-6.684287,-6.9642873,-6.524287,-3.974287,-4.054287,-3.164287,-5.064287,-5.224287,-6.134287,-6.054287,-7.114287,-1.2742871,2.825713,2.6657128,2.7157128,2.4657128,2.515713,2.2157128,1.5857129,0.4457129,-0.3642871,1.5957129,-0.8142871,0.27571288,0.21571289,0.6557129,3.2257128,2.755713,3.115713,0.7757129,0.2257129,0.12571289,0.10571289,-0.3142871
-5.874287,-7.0042872,-7.594287,-6.864287,-6.7142873,-5.354287,-6.454287,-6.474287,-7.354287,-6.564287,-3.0742872,-1.6942871,-3.7942872,-3.8342872,-3.014287,-5.914287,-6.494287,-6.9042873,-7.844287,-5.274287,-2.2742872,0.9957129,3.1657128,2.355713,2.6757128,2.605713,1.425713,1.7557129,1.6357129,1.8557129,1.0657129,1.8757129,1.8157129,2.585713,2.9357128,2.9457128,2.485713,1.6457129,2.015713,0.7457129,0.17571288
-6.344287,-6.414287,-7.074287,-6.614287,-6.794287,-6.9442873,-7.104287,-6.804287,-6.2542872,-6.184287,-3.3342872,-2.654287,-1.574287,-4.644287,-4.334287,-4.844287,-3.434287,-1.8942871,-5.344287,-5.524287,-5.4442873,-2.744287,-2.444287,-2.8142872,-1.6842871,1.5957129,2.285713,2.4657128,2.1657128,2.365713,2.365713,2.6857128,3.095713,2.9457128,2.6857128,2.9257128,2.335713,1.8957129,2.245713,1.5657129,0.3457129
-4.134287,-5.874287,-6.0042872,-4.344287,-5.1942873,-4.354287,-4.414287,-4.704287,-4.4242873,-4.264287,-3.5342872,-4.184287,-3.014287,-3.0742872,-4.284287,-4.164287,-4.4242873,-4.314287,-3.0842872,-0.6042871,-4.034287,-4.074287,-4.104287,-3.5542872,1.5757129,-0.41428712,2.3757129,3.025713,3.015713,3.035713,3.255713,3.3957129,3.1257129,3.255713,3.1457129,3.055713,2.6357129,2.825713,2.2257128,1.9857129,0.5357129
