wind_kz.json
{"header": {"discipline":0,"disciplineName":"Meteorological products","gribEdition":2,"gribLength":1025,"center":7,"centerName":"US National Weather Service - NCEP(WMC)","subcenter":0,"refTime":"2023-10-01T00:00:00.000Z","significanceOfRT":1,"significanceOfRTName":"Start of forecast","productStatus":0,"productStatusName":"Operational products","productType":1,"productTypeName":"Forecast products","productDefinitionTemplate":0,"productDefinitionTemplateName":"Analysis/forecast at horizontal level/layer at a point in time","parameterCategory":2,"parameterCategoryName":"UnknownDiscipline_0_Category_2","parameterNumber":2,"parameterNumberName":"UnknownParameter_D0_C2_2","parameterUnit":"Unknown","genProcessType":2,"genProcessTypeName":"Forecast","forecastTime":120,"surface1Type":103,"surface1TypeName":"Specified height level above ground","surface1Value":10.0,"surface2Type":255,"surface2TypeName":"Missing","surface2Value":0.0,"gridDefinitionTemplate":0,"gridDefinitionTemplateName":"Latitude_Longitude","numberPoints":615,"shape":6,"shapeName":"Earth spherical with radius of 6,371,229.0 m","gridUnits":"degrees","resolution":48,"winds":"true","scanMode":64,"nx":41,"ny":15,"basicAngle":0,"lo1":47.0,"la1":41.0,"lo2":87.0,"la2":55.0,"dx":1.0,"dy":1.0}, "data":
[rows 0 to 14 of 15, columns 0 to 40 of 41]
0.5464941,0.01649414,1.4764942,-0.66350585,-0.8935059,-3.3735058,-1.3835058,-3.3435059,-2.253506,-0.42350587,-0.91350585,-2.0835059,-2.283506,-2.283506,-1.5835059,-0.87350583,0.09649414,1.0464941,-1.0735059,0.29649413,-0.6935059,-2.0935059,-5.7535057,-0.06350586,-1.3435059,-1.0735059,-1.3635058,-0.74350584,0.09649414,-0.36350587,-1.5335059,1.1464942,0.7364941,0.94649416,-1.4235059,-2.4035058,-2.6135058,-2.3235059,-2.9535058,-3.503506,-2.993506
1.6564941,2.486494,1.3864942,0.09649414,-1.2135059,-1.2235059,-0.09350586,1.5664941,1.6064942,2.276494,0.47649413,-0.25350586,0.65649414,-0.40350586,-1.3335059,-1.8135059,0.34649414,-1.2735058,0.02649414,0.12649414,0.59649414,-1.9335059,-5.283506,-0.23350586,-0.66350585,-0.20350586,-0.19350585,-0.46350586,-2.1935058,-2.813506,-0.16350585,-0.36350587,0.34649414,-2.4135058,-0.013505859,-1.1035058,-1.4635059,-1.8435059,-0.7535059,0.62649417,-3.233506
1.4964942,0.56649417,2.1064942,2.5864942,-0.33350587,-1.5535059,-1.4935058,0.65649414,2.0564942,3.0564942,4.316494,3.6364942,2.0464942,2.0664942,0.9364941,1.0764941,1.7464942,2.466494,2.8764942,1.9364941,1.4664941,2.526494,0.0064941407,0.34649414,5.196494,2.706494,0.90649414,2.6764941,-0.7635059,0.76649415,-1.2435058,2.5764942,-0.80350584,-1.4335059,0.6164941,-0.92350584,-0.85350585,0.31649414,-1.2035059,0.02649414,1.7364942
2.216494,3.8164942,3.6664941,3.716494,2.526494,1.4364941,0.8564941,2.456494,2.1264942,1.6164942,2.8464942,2.1464942,3.1364942,3.3064942,2.8064942,2.446494,3.436494,3.9264941,3.486494,2.3164942,0.97649413,1.7264942,3.4064941,5.596494,5.7464943,1.8164941,-1.6735059,-0.5035059,-0.32350585,0.21649414,-0.25350586,-5.413506,-3.253506,-2.8335059,-2.6735058,-2.303506,-1.8435059,1.5264941,0.48649415,-0.99350584,-0.6435059
2.8564942,5.4364944,5.716494,5.076494,4.716494,3.5864942,3.0764942,3.2864943,3.5864942,3.246494,1.6764941,1.2564942,0.44649413,2.6464942,2.726494,2.9064941,3.8864942,2.466494,3.1064942,2.6764941,3.3064942,3.986494,9.126494,7.256494,2.446494,-3.033506,0.6064941,-1.1435058,-3.313506,-2.8935058,-3.793506,-2.283506,-2.763506,-0.12350586,0.02649414,-0.40350586,-2.223506,-3.6635058,-3.273506,-3.5835059,-3.6535058
0.22649413,1.5264941,3.746494,6.216494,6.616494,5.7264943,3.966494,3.226494,2.8064942,2.7864943,2.8064942,1.6564941,3.0664942,3.8864942,4.4964943,3.446494,2.1164942,2.6464942,2.446494,-2.1135058,1.2164941,6.0364943,9.276494,3.1364942,-1.7335058,-5.5035057,-2.6235058,-1.5835059,-3.3235059,-3.733506,-4.393506,-3.1935058,-3.1835058,-2.513506,-0.25350586,-5.8135056,0.16649415,-3.6335058,-1.1935059,-3.2035058,-4.303506
1.0964942,0.94649416,1.6964941,3.5864942,4.576494,4.126494,3.3964942,3.3064942,3.1364942,3.2964942,2.986494,1.9764942,2.6664941,3.3664942,3.256494,3.1764941,1.5164942,3.006494,2.476494,0.07649414,3.6464942,4.946494,2.206494,-2.8335059,-6.243506,-5.5235057,-1.4335059,0.41649413,-3.253506,-4.553506,-4.403506,-3.1235058,-1.5535059,-2.9435058,-4.5035057,-3.563506,-1.1235058,2.3264942,-2.6535058,1.8964942,0.14649414
2.0564942,2.2964942,1.9664941,1.1164942,1.8064941,3.966494,3.746494,2.686494,3.706494,3.0964942,2.6564941,3.686494,2.8564942,3.4264941,3.8464942,3.516494,-0.73350585,2.5464942,2.1064942,-0.06350586,2.466494,3.5664942,-0.7535059,-3.223506,-4.203506,-2.1035058,-2.1635058,-2.5935059,-2.563506,-3.043506,-2.993506,-1.5935059,-2.043506,-1.4135059,-3.243506,-1.8535058,-1.4435059,-4.423506,-4.153506,-3.9135058,-2.6535058
1.4464941,2.1064942,2.216494,3.016494,2.726494,2.696494,3.6464942,3.1064942,2.756494,3.256494,3.6264942,2.526494,5.046494,2.756494,3.746494,2.3764942,1.9464941,2.486494,2.0764942,-0.073505856,1.0064942,2.206494,-1.2735058,-2.1735058,-2.4335058,-2.6635058,-1.9835058,-2.1535058,-1.5135058,-1.6735059,-1.9435059,-1.3235059,-1.2635058,-1.1735059,-1.7635058,-1.9935058,-0.84350586,-2.233506,-1.5935059,0.27649415,-2.3235059
1.3264941,1.2464942,1.8264941,2.1564941,2.8364942,3.266494,2.8864942,3.2864943,3.5364943,3.3964942,3.2864943,3.526494,2.8864942,4.116494,2.6164942,2.946494,2.1564941,2.5864942,2.936494,2.446494,1.7164941,1.3864942,1.6364942,-0.52350587,-2.4235058,-2.1835058,-1.3335059,-1.7335058,-0.45350587,-1.2135059,-0.84350586,0.18649414,-1.3935058,-2.0935059,-1.7435058,-1.6835059,-2.1735058,-0.41350585,-1.9535059,-0.29350585,-1.5235058
3.0864942,3.3264942,3.1564941,3.3164942,2.9064941,3.0364943,3.3964942,3.516494,3.3964942,3.696494,3.0664942,3.0664942,3.0864942,3.026494,3.0964942,2.4164941,1.2764941,2.1264942,1.7864941,1.0964942,1.9764942,0.32649413,-1.6135058,-1.5335059,-1.8235059,-2.293506,-1.7235059,-0.96350586,-0.67350584,-1.8035059,-2.243506,-2.233506,-3.013506,-2.3635058,-2.033506,-1.5035058,-1.4235059,-0.19350585,-1.1535058,0.57649416,-1.3635058
3.196494,3.5664942,3.736494,3.2864943,3.3764942,2.8764942,2.8564942,1.8664942,1.1664941,1.5364941,1.7064941,3.7864943,2.446494,2.8164942,3.256494,2.9064941,2.726494,2.776494,0.9864941,1.7964941,1.1064942,1.4464941,-0.42350587,-1.3235059,-1.2735058,-0.71350586,-0.20350586,0.29649413,-0.66350585,-2.0935059,-1.7735058,-1.7335058,-1.5735059,-2.4135058,-1.8035059,-2.273506,-1.4435059,-0.91350585,-0.30350587,-0.79350585,-0.8235059
3.986494,5.256494,4.336494,3.226494,2.7964942,2.016494,3.006494,3.206494,3.246494,1.4564941,0.7964941,2.4264941,1.9064941,3.6164942,3.486494,2.466494,2.6564941,1.8464942,1.6964941,1.8164941,0.6064941,0.46649414,0.82649416,0.10649414,2.0964942,1.4864942,1.1064942,-0.34350586,-0.8135059,-1.0535059,-0.84350586,-1.1435058,-0.9435059,-1.3235059,-1.3335059,-1.6335058,-1.8635058,-1.5835059,-2.4335058,-1.6035058,-1.1535058
4.7664943,4.826494,5.2464943,4.366494,2.3564942,2.436494,2.476494,2.7864943,1.7364942,3.3364942,1.1864941,1.3564942,2.0964942,3.226494,3.8064942,3.3464942,2.246494,1.6964941,0.72649413,2.0564942,1.6864941,1.5364941,1.7164941,1.6464942,1.4264941,0.89649415,0.19649415,0.9364941,-0.17350586,-0.18350586,-0.23350586,-0.42350587,-0.47350585,-0.42350587,-0.85350585,-0.8135059,-1.2235059,-1.2735058,-1.3235059,-0.45350587,-0.93350583
2.7964942,5.026494,5.636494,4.626494,3.6564941,3.1464942,3.986494,2.766494,3.016494,3.526494,1.4864942,2.1064942,3.6664941,3.8564942,3.986494,3.956494,3.3764942,2.6564941,1.5664941,2.2964942,1.6764941,1.2964941,1.2864941,1.2164941,0.89649415,0.83649415,0.75649416,0.8064941,0.57649416,0.59649414,0.9964941,0.36649415,0.31649414,0.41649413,0.82649416,1.2864941,-0.17350586,1.1164942,0.24649414,-0.08350586,-1.2635058
