wind_kz.json
{"header": {"discipline":0,"disciplineName":"Meteorological products","gribEdition":2,"gribLength":948,"center":7,"centerName":"US National Weather Service - NCEP(WMC)","subcenter":0,"refTime":"2023-09-21T00:00:00.000Z","significanceOfRT":1,"significanceOfRTName":"Start of forecast","productStatus":0,"productStatusName":"Operational products","productType":1,"productTypeName":"Forecast products","productDefinitionTemplate":0,"productDefinitionTemplateName":"Analysis/forecast at horizontal level/layer at a point in time","parameterCategory":0,"parameterCategoryName":"UnknownDiscipline_0_Category_0","parameterNumber":0,"parameterNumberName":"UnknownParameter_D0_C0_0","parameterUnit":"Unknown","genProcessType":2,"genProcessTypeName":"Forecast","forecastTime":60,"surface1Type":1,"surface1TypeName":"Ground or water surface","surface1Value":0.0,"surface2Type":255,"surface2TypeName":"Missing","surface2Value":0.0,"gridDefinitionTemplate":0,"gridDefinitionTemplateName":"Latitude_Longitude","numberPoints":615,"shape":6,"shapeName":"Earth spherical with radius of 6,371,229.0 m","gridUnits":"degrees","resolution":48,"winds":"true","scanMode":64,"nx":41,"ny":15,"basicAngle":0,"lo1":47.0,"la1":41.0,"lo2":87.0,"la2":55.0,"dx":1.0,"dy":1.0}, "data":
[rows 0 to 14 of 15, columns 0 to 40 of 41]
303.0384,291.6384,298.8384,294.7384,294.93842,294.6384,304.6384,308.43842,305.43842,305.93842,304.6384,305.3384,304.93842,304.43842,304.0384,303.2384,303.1384,302.43842,303.6384,302.93842,304.7384,301.2384,301.3384,296.1384,298.6384,300.93842,296.0384,278.1384,279.6384,275.1384,276.3384,277.1384,287.1384,289.6384,289.5384,287.93842,288.1384,288.8384,289.43842,289.1384,291.8384
289.1384,297.93842,294.3384,294.43842,294.43842,294.1384,309.2384,305.6384,303.8384,303.5384,305.3384,304.6384,304.1384,303.5384,303.3384,303.5384,303.6384,303.3384,302.1384,302.6384,302.2384,301.93842,299.8384,290.3384,281.1384,280.8384,287.3384,278.0384,281.5384,263.93842,279.0384,268.5384,280.1384,253.5384,274.3384,288.0384,287.0384,286.93842,289.3384,284.6384,284.2384
300.93842,293.43842,294.43842,294.1384,292.1384,305.3384,304.0384,304.0384,302.5384,302.43842,302.5384,303.3384,301.8384,303.1384,302.8384,302.7384,302.1384,301.5384,301.8384,301.93842,302.7384,301.0384,300.2384,292.7384,296.5384,294.3384,294.5384,292.6384,291.0384,282.1384,272.2384,270.5384,283.0384,281.1384,281.43842,279.8384,271.8384,274.2384,274.93842,271.93842,269.0384
301.7384,293.3384,294.7384,293.6384,296.3384,304.0384,304.43842,302.6384,302.43842,302.93842,301.93842,299.2384,292.1384,291.5384,300.5384,302.6384,301.3384,301.6384,302.0384,301.43842,300.5384,295.5384,299.7384,299.8384,299.6384,299.1384,298.8384,295.43842,293.3384,294.1384,294.1384,289.7384,294.7384,293.3384,290.93842,284.2384,271.8384,265.93842,276.8384,288.6384,291.43842
302.0384,292.93842,293.7384,293.0384,298.1384,303.2384,303.7384,301.5384,300.2384,300.93842,301.6384,300.7384,291.5384,290.43842,288.93842,301.6384,301.7384,299.93842,299.7384,299.7384,300.7384,301.0384,299.0384,298.1384,298.1384,299.2384,297.1384,295.5384,296.43842,296.43842,297.6384,292.5384,277.93842,270.1384,284.1384,292.43842,293.2384,295.2384,295.43842,294.3384,294.2384
303.1384,301.3384,292.0384,292.43842,292.8384,292.3384,303.2384,303.6384,299.93842,300.6384,300.93842,300.93842,293.0384,292.8384,295.5384,299.93842,301.0384,300.3384,299.6384,299.43842,298.43842,297.7384,296.2384,296.7384,296.6384,295.6384,296.7384,289.6384,296.5384,296.3384,295.1384,296.0384,293.7384,292.43842,290.1384,292.1384,280.7384,282.6384,291.0384,293.93842,293.0384
305.43842,303.7384,302.93842,302.93842,299.93842,303.0384,303.6384,302.0384,302.93842,302.7384,300.5384,300.5384,299.43842,300.0384,300.43842,300.5384,300.8384,300.2384,298.93842,298.3384,297.8384,298.5384,297.7384,296.2384,294.0384,294.3384,294.8384,295.3384,293.3384,291.5384,289.6384,290.0384,290.0384,289.1384,287.7384,287.2384,282.6384,280.0384,277.1384,275.8384,287.3384
304.6384,304.6384,304.7384,304.2384,304.7384,304.2384,304.7384,303.7384,302.8384,301.93842,300.93842,300.1384,299.5384,298.7384,299.8384,300.1384,299.5384,299.1384,298.7384,295.43842,295.3384,296.0384,293.43842,292.2384,290.43842,286.43842,286.2384,287.0384,285.43842,286.8384,284.3384,284.5384,283.43842,282.0384,281.3384,283.7384,284.93842,288.0384,287.1384,289.43842,285.8384
304.3384,303.0384,303.0384,302.8384,303.1384,302.7384,303.43842,303.5384,302.6384,301.3384,300.1384,299.8384,296.2384,296.1384,295.8384,298.93842,298.3384,298.1384,296.6384,294.43842,291.2384,288.5384,287.8384,289.7384,287.7384,287.3384,284.8384,282.8384,281.7384,280.1384,280.5384,280.93842,281.6384,282.1384,281.8384,279.93842,280.7384,281.1384,272.8384,275.0384,273.2384
302.6384,301.2384,301.93842,301.7384,302.5384,303.3384,304.0384,303.43842,301.7384,300.93842,299.93842,297.93842,297.93842,297.5384,296.8384,294.1384,294.5384,295.7384,293.8384,290.6384,290.2384,290.0384,289.5384,289.0384,288.1384,285.8384,284.93842,283.93842,282.8384,282.2384,281.6384,283.1384,284.2384,283.3384,283.3384,281.1384,278.5384,276.93842,274.43842,274.43842,274.1384
301.8384,301.0384,300.93842,302.1384,302.93842,303.7384,303.3384,302.6384,301.3384,298.2384,298.5384,295.1384,296.8384,293.8384,292.6384,292.2384,292.3384,290.8384,290.7384,291.2384,291.5384,290.3384,288.1384,288.0384,286.93842,286.6384,283.6384,285.43842,285.0384,285.8384,285.7384,285.7384,284.6384,284.5384,283.3384,280.2384,274.93842,273.3384,275.0384,277.1384,275.3384
300.7384,302.3384,302.6384,302.7384,303.0384,302.6384,300.8384,299.93842,298.7384,295.3384,292.43842,293.1384,295.43842,291.6384,290.7384,292.3384,292.2384,291.7384,291.8384,290.2384,288.2384,287.0384,286.1384,286.0384,285.43842,285.43842,285.1384,285.3384,285.5384,285.3384,285.2384,284.3384,284.0384,282.93842,282.6384,282.3384,280.93842,278.8384,277.0384,278.8384,278.2384
298.1384,300.5384,301.5384,301.6384,301.1384,300.5384,300.7384,299.8384,296.0384,294.0384,291.43842,289.93842,293.93842,290.3384,291.93842,291.0384,291.0384,289.8384,290.0384,288.3384,287.2384,284.8384,283.43842,282.8384,283.93842,284.7384,285.6384,284.5384,283.8384,283.6384,282.93842,282.7384,282.43842,282.3384,282.3384,281.7384,280.3384,281.43842,278.3384,277.3384,277.7384
300.8384,301.2384,293.6384,301.5384,300.5384,299.7384,298.5384,296.43842,295.5384,292.43842,291.7384,290.0384,291.93842,292.2384,291.3384,290.2384,289.5384,288.6384,288.7384,288.0384,287.5384,285.8384,285.2384,284.5384,284.93842,285.2384,284.43842,283.8384,282.7384,282.3384,281.6384,280.5384,280.93842,280.2384,280.1384,279.43842,279.6384,279.0384,279.0384,276.1384,276.43842
298.93842,301.3384,288.8384,300.6384,300.3384,299.3384,298.43842,296.6384,295.93842,292.1384,291.43842,290.6384,288.93842,290.3384,290.43842,289.93842,288.8384,288.3384,288.7384,287.43842,286.93842,285.8384,285.1384,284.43842,284.1384,284.1384,283.5384,282.43842,281.7384,281.2384,280.2384,281.43842,279.2384,278.7384,279.2384,279.7384,280.0384,278.5384,278.8384,278.0384,277.0384
