wind_kz.json
{"header": {"discipline":0,"disciplineName":"Meteorological products","gribEdition":2,"gribLength":1025,"center":7,"centerName":"US National Weather Service - NCEP(WMC)","subcenter":0,"refTime":"2023-08-24T18:00:00.000Z","significanceOfRT":1,"significanceOfRTName":"Start of forecast","productStatus":0,"productStatusName":"Operational products","productType":1,"productTypeName":"Forecast products","productDefinitionTemplate":0,"productDefinitionTemplateName":"Analysis/forecast at horizontal level/layer at a point in time","parameterCategory":2,"parameterCategoryName":"UnknownDiscipline_0_Category_2","parameterNumber":2,"parameterNumberName":"UnknownParameter_D0_C2_2","parameterUnit":"Unknown","genProcessType":2,"genProcessTypeName":"Forecast","forecastTime":60,"surface1Type":103,"surface1TypeName":"Specified height level above ground","surface1Value":10.0,"surface2Type":255,"surface2TypeName":"Missing","surface2Value":0.0,"gridDefinitionTemplate":0,"gridDefinitionTemplateName":"Latitude_Longitude","numberPoints":615,"shape":6,"shapeName":"Earth spherical with radius of 6,371,229.0 m","gridUnits":"degrees","resolution":48,"winds":"true","scanMode":64,"nx":41,"ny":15,"basicAngle":0,"lo1":47.0,"la1":41.0,"lo2":87.0,"la2":55.0,"dx":1.0,"dy":1.0}, "data":
[rows 0 to 14 of 15, columns 0 to 40 of 41]
-0.28745118,1.5925488,-1.0474511,-1.3574512,-1.4674512,-3.217451,-0.53745115,0.45254883,0.092548825,1.5425488,1.6725488,3.3925488,5.202549,6.652549,7.1925488,7.682549,7.2125487,7.882549,6.432549,5.432549,4.682549,2.8525488,2.2225487,2.042549,1.0425488,-0.13745117,3.5825489,3.8125489,-0.11745117,-0.07745117,-0.6374512,-0.8874512,1.6025488,8.642549,0.33254883,-0.13745117,0.042548828,-2.0274513,-3.1374512,-2.5474513,-2.0974512
0.20254883,-2.1374512,-1.8574512,-0.47745118,1.1925489,0.28254882,1.9525489,1.9325489,3.252549,2.532549,3.8525488,3.762549,4.622549,5.152549,8.882549,9.592548,9.632549,9.272549,8.6825485,5.472549,3.272549,2.0825489,1.8725488,-2.0174513,0.6825488,-0.4974512,1.5525489,0.2525488,2.0625489,0.78254884,0.65254885,-0.6174512,-1.1674511,0.7625488,1.0325488,-0.5674512,-2.457451,-2.737451,-0.89745116,-3.6674511,0.96254885
-1.2374512,-0.03745117,0.83254886,3.3325489,0.122548826,3.9625487,5.4425488,5.7725487,5.5625486,4.0225487,5.0825486,5.612549,5.892549,6.412549,8.302548,9.242549,9.822549,8.242549,7.0225487,4.532549,4.262549,3.5825489,0.28254882,7.202549,1.6125488,-3.5274513,1.4825488,2.772549,5.682549,-1.1274512,1.4325489,-0.8174512,-0.6874512,-0.32745117,0.5125488,1.9225488,0.33254883,0.36254883,-0.11745117,-1.3874512,0.29254884
1.3325489,2.1425488,-0.44745117,0.8225488,3.1725488,3.1725488,2.9825487,5.922549,4.7725487,6.432549,5.412549,6.282549,7.6025486,8.812549,9.7225485,9.4325485,9.292549,6.802549,6.202549,5.4625487,5.612549,5.7725487,3.502549,5.072549,3.0725489,7.032549,6.4825487,3.4025488,2.1425488,8.142549,3.4025488,-3.6174512,-3.967451,-4.547451,-1.5474511,-0.6174512,0.7025488,0.6925488,-1.3374512,1.6525488,2.792549
0.9325488,-0.82745117,0.13254882,0.8625488,2.7325487,2.1325488,1.4725488,2.8325489,5.0025487,5.1925488,5.302549,7.052549,7.142549,7.322549,9.112549,8.512548,8.552548,8.172549,7.172549,7.8525486,7.972549,8.762548,8.1825485,7.282549,5.162549,5.1925488,10.462549,11.7225485,6.822549,6.912549,5.422549,1.4925488,1.5525489,-0.45745116,-2.987451,0.8025488,-0.23745117,-2.0774512,-3.0574512,-1.8074511,-2.5974512
2.252549,3.042549,1.7125489,3.272549,3.9425488,4.202549,4.072549,2.492549,3.1625488,4.6025486,4.782549,5.642549,6.132549,6.7125487,5.492549,4.132549,4.882549,7.5425487,7.652549,8.062549,8.512548,7.4625487,7.0425487,7.822549,8.942549,8.162549,9.6825485,5.922549,8.162549,9.642549,8.452549,2.8725488,1.4125488,-0.5574512,-1.2574512,1.6225488,-1.7574512,-1.6174512,-3.6174512,-3.0974512,-3.3374512
2.742549,3.7225487,3.1025488,2.1825488,2.3125489,3.3325489,2.4225488,2.5825489,3.9725487,3.8625488,3.292549,3.6225488,-0.057451174,0.14254883,0.8225488,-0.66745114,3.042549,5.3325486,2.492549,4.342549,6.7525487,7.4825487,8.6825485,9.022549,7.682549,7.682549,7.1025486,8.652549,5.932549,9.9325485,7.052549,3.042549,0.6425488,1.4225488,-2.8374512,-3.0474513,-3.0174513,0.13254882,-2.977451,1.6725488,-1.9574512
3.522549,2.032549,2.4125488,3.4825487,3.4025488,2.3925488,3.2125487,2.262549,2.4825487,3.1225488,3.512549,3.492549,0.78254884,3.4525487,4.0225487,1.4825488,0.49254882,3.1125488,1.7525488,3.4725487,5.142549,5.662549,4.382549,4.572549,7.202549,8.912549,8.362549,5.9825487,3.3425488,7.972549,5.622549,6.122549,2.3625488,3.3725488,4.2125487,-3.007451,-2.5174513,-3.1074512,3.4625487,0.6925488,0.8725488
5.0625486,4.922549,4.912549,4.7325487,4.472549,5.0025487,4.622549,3.6225488,4.5225487,3.6825488,3.022549,3.4525487,3.3725488,1.2125489,-0.8874512,-1.5974512,-1.5774512,-0.46745118,0.10254883,-1.0574511,2.1225488,0.5625488,0.5525488,2.8425488,3.262549,5.952549,10.262548,6.122549,5.2525487,1.5325488,2.7125487,1.8625488,0.34254882,2.2325487,1.2325488,-0.76745117,-1.4174511,1.1525488,1.3825488,0.7625488,1.6125488
5.362549,7.402549,7.342549,6.882549,6.3125486,4.6925488,4.6025486,4.4825487,4.452549,3.8125489,3.8725488,3.2025487,0.8725488,-0.77745116,1.3625488,-1.1074512,-1.7974511,-0.7474512,-0.8574512,-1.8574512,2.2225487,-0.15745117,-1.3674512,-1.9674512,-4.317451,-0.16745117,0.98254883,-4.797451,-2.1774511,-4.2874513,-4.237451,-2.2774513,-2.257451,-1.9574512,-2.257451,-1.2374512,0.19254883,-1.5774512,3.0825489,1.5125488,-1.1474512
7.5825486,6.282549,6.5825486,7.932549,6.782549,4.662549,3.242549,4.262549,4.612549,4.3525486,3.9525487,3.8425488,1.4425489,0.29254884,2.4725487,0.6925488,-1.3374512,-2.2774513,-1.9574512,-4.367451,-4.1474514,-3.007451,-0.30745116,-0.89745116,-3.8774512,-2.1674511,-0.89745116,-1.3574512,-2.6074512,-3.8174512,-4.967451,-3.2974513,-1.3374512,-2.227451,-0.72745115,0.05254883,1.1725488,2.012549,1.3225489,-0.7974512,1.6725488
7.2525487,5.8525486,5.382549,4.0825486,1.0625489,0.77254885,4.5825486,4.902549,4.2725487,3.5925488,4.7125487,3.9225488,3.2125487,2.4525487,1.3925488,-0.23745117,-1.8974512,-0.90745115,-1.2774512,-2.247451,-3.8874512,-3.5574512,-4.127451,-3.0974512,-3.3574512,-4.9974513,-2.0574512,0.92254883,0.92254883,-5.547451,-4.6474514,-5.177451,-3.8974512,-2.947451,-2.737451,-3.1174512,-2.717451,-2.8374512,-1.7974511,-1.1074512,-1.4474511
3.802549,4.152549,1.9925488,2.9825487,2.992549,1.4525489,3.282549,5.4425488,5.5425487,4.1925488,3.012549,3.8125489,4.0025487,3.7225487,2.5925488,1.2825488,0.002548828,0.33254883,0.122548826,-2.947451,-2.0274513,-3.0974512,-4.2874513,-3.9174511,-2.1874511,-1.9974512,-2.4174511,-4.4374514,-4.077451,-3.6574512,-6.157451,-5.087451,-4.8074512,-4.3074512,-4.027451,-4.4574513,-3.7774513,-2.0974512,-3.0474513,-2.5874512,-1.1774511
2.0625489,1.7825488,4.4625487,3.3125489,3.6425488,3.8225489,3.4525487,4.4625487,3.6725488,1.1225488,2.9825487,3.5625489,3.8225489,2.6225488,0.7525488,1.8625488,1.3625488,0.79254884,-0.017451173,-1.8774512,-1.6474512,-2.757451,-2.3974512,-3.697451,-4.2674513,-3.967451,-0.33745116,-2.997451,-1.9974512,-1.6674511,-3.1874511,-3.3574512,-3.717451,-3.987451,-3.1574512,-3.6874511,-3.5174513,-2.6174512,-2.1174512,-1.8874512,-1.6774511
2.532549,3.5825489,5.402549,3.3525488,2.9725487,4.2325487,3.6125488,4.0625486,4.3525486,3.2025487,0.6125488,2.552549,1.1625488,2.052549,3.1225488,2.022549,2.2125487,1.6225488,1.0125488,-1.3474512,-1.8274512,-2.0874512,-1.5774512,-2.2774513,-2.8474512,-3.507451,-4.157451,-1.2674512,-1.5274512,0.47254884,-2.7974513,-2.0874512,-2.8374512,-3.0874512,-3.7774513,-3.7874513,-2.997451,-2.8474512,-2.247451,-1.3874512,-0.047451172
