wind_kz.json
{"header": {"discipline":0,"disciplineName":"Meteorological products","gribEdition":2,"gribLength":871,"center":7,"centerName":"US National Weather Service - NCEP(WMC)","subcenter":0,"refTime":"2023-08-24T12:00:00.000Z","significanceOfRT":1,"significanceOfRTName":"Start of forecast","productStatus":0,"productStatusName":"Operational products","productType":1,"productTypeName":"Forecast products","productDefinitionTemplate":0,"productDefinitionTemplateName":"Analysis/forecast at horizontal level/layer at a point in time","parameterCategory":0,"parameterCategoryName":"UnknownDiscipline_0_Category_0","parameterNumber":0,"parameterNumberName":"UnknownParameter_D0_C0_0","parameterUnit":"Unknown","genProcessType":2,"genProcessTypeName":"Forecast","forecastTime":60,"surface1Type":1,"surface1TypeName":"Ground or water surface","surface1Value":0.0,"surface2Type":255,"surface2TypeName":"Missing","surface2Value":0.0,"gridDefinitionTemplate":0,"gridDefinitionTemplateName":"Latitude_Longitude","numberPoints":615,"shape":6,"shapeName":"Earth spherical with radius of 6,371,229.0 m","gridUnits":"degrees","resolution":48,"winds":"true","scanMode":64,"nx":41,"ny":15,"basicAngle":0,"lo1":47.0,"la1":41.0,"lo2":87.0,"la2":55.0,"dx":1.0,"dy":1.0}, "data":
[rows 0 to 14 of 15, columns 0 to 40 of 41]
295.32077,285.02078,288.92078,299.42078,299.32077,298.52078,295.32077,295.02078,293.1208,294.92078,293.92078,296.22076,295.82077,295.22076,294.92078,291.02078,291.22076,294.1208,294.82077,297.1208,295.32077,295.22076,291.6208,286.82077,294.1208,295.82077,290.42078,276.22076,276.02078,275.32077,274.92078,277.6208,287.42078,297.02078,298.1208,299.22076,295.6208,296.22076,295.6208,297.02078,296.32077
276.42078,287.22076,299.32077,299.42078,299.6208,298.32077,292.1208,291.1208,291.22076,292.1208,293.32077,293.52078,292.72076,291.6208,291.52078,290.22076,289.72076,289.1208,289.22076,292.1208,292.1208,294.52078,292.82077,285.92078,277.42078,276.22076,283.42078,278.92078,278.32077,274.52078,280.32077,273.52078,279.22076,269.42078,279.82077,294.22076,292.42078,294.32077,297.32077,289.72076,283.92078
288.22076,298.82077,299.42078,299.52078,298.1208,291.42078,291.1208,290.1208,289.02078,289.52078,289.6208,290.92078,291.22076,291.02078,291.32077,288.52078,287.82077,288.02078,288.22076,289.72076,290.1208,294.52078,292.52078,287.32077,292.1208,289.82077,291.32077,291.42078,291.82077,283.02078,276.1208,278.82077,284.42078,283.02078,283.22076,283.52078,278.32077,279.22076,282.72076,275.82077,276.52078
288.42078,299.6208,299.52078,298.92078,295.52078,291.82077,292.1208,291.92078,288.92078,289.1208,289.32077,288.92078,295.72076,295.02078,290.6208,288.32077,289.72076,289.1208,290.22076,289.82077,288.42078,289.92078,293.1208,293.52078,294.1208,294.72076,296.72076,292.52078,292.52078,292.72076,292.22076,292.52078,297.32077,296.92078,296.02078,286.6208,278.42078,277.92078,283.72076,293.02078,295.1208
291.02078,299.52078,299.72076,299.72076,296.72076,292.22076,292.22076,293.6208,289.1208,289.32077,290.6208,287.42078,295.72076,294.32077,291.72076,290.72076,290.42078,290.52078,288.1208,291.42078,292.52078,294.32077,294.22076,293.72076,294.82077,296.42078,293.92078,294.6208,294.6208,293.52078,295.92078,292.1208,283.6208,275.52078,287.22076,295.72076,295.1208,300.02078,298.82077,299.6208,297.42078
287.22076,285.52078,297.82077,299.1208,299.72076,299.32077,290.82077,290.72076,288.92078,289.02078,290.1208,289.02078,293.72076,294.82077,293.1208,291.82077,290.6208,291.1208,291.32077,292.1208,290.92078,292.22076,293.92078,291.6208,292.02078,294.6208,296.42078,293.52078,294.1208,296.1208,296.6208,294.92078,292.82077,291.6208,291.42078,294.02078,289.1208,292.6208,296.82077,298.92078,298.92078
285.6208,285.42078,288.82077,288.52078,291.22076,287.32077,287.92078,287.22076,287.52078,287.92078,290.52078,289.82077,289.92078,289.6208,289.82077,291.42078,291.22076,292.92078,292.82077,289.72076,289.02078,293.72076,293.6208,292.72076,291.22076,294.82077,295.22076,296.52078,295.92078,294.1208,294.92078,293.82077,293.32077,295.32077,293.52078,292.22076,291.1208,288.52078,286.1208,282.92078,294.1208
286.72076,285.42078,286.6208,287.6208,288.52078,287.42078,287.1208,286.02078,285.52078,286.1208,289.1208,288.82077,288.6208,290.42078,292.72076,293.32077,292.82077,292.6208,291.6208,289.52078,289.1208,290.1208,291.22076,290.82077,291.22076,290.52078,290.82077,293.32077,292.32077,292.6208,291.52078,290.32077,290.42078,288.52078,288.02078,290.1208,292.32077,289.32077,293.92078,292.82077,292.32077
286.6208,287.1208,285.72076,285.32077,287.1208,286.22076,284.82077,285.32077,283.92078,283.72076,287.1208,288.82077,287.72076,290.92078,291.02078,291.52078,290.1208,291.02078,290.6208,289.92078,288.72076,289.22076,288.82077,287.42078,288.02078,289.92078,288.82077,288.82077,288.52078,287.22076,287.72076,287.32077,288.1208,289.32077,288.02078,286.72076,288.82077,288.82077,280.02078,280.1208,278.82077
285.52078,285.32077,285.02078,285.02078,285.1208,284.32077,283.72076,283.82077,284.02078,283.6208,284.82077,286.6208,285.82077,285.92078,288.72076,286.82077,287.82077,286.72076,287.52078,291.32077,288.1208,285.6208,290.6208,289.32077,289.42078,290.1208,290.42078,289.02078,287.92078,288.32077,288.1208,289.6208,290.22076,289.02078,288.22076,286.52078,287.42078,284.72076,281.02078,282.22076,279.82077
285.02078,283.72076,286.6208,283.6208,282.6208,282.92078,282.72076,282.42078,286.42078,283.82077,281.52078,281.52078,283.42078,282.1208,282.1208,283.22076,284.32077,285.22076,285.22076,284.92078,287.32077,287.92078,287.92078,287.92078,287.02078,288.6208,285.22076,287.02078,287.92078,289.52078,288.92078,288.52078,288.22076,287.72076,285.92078,284.82077,284.6208,281.92078,281.32077,281.82077,281.32077
285.72076,286.1208,285.1208,280.72076,280.92078,281.02078,280.42078,281.02078,285.02078,285.1208,282.22076,279.22076,284.32077,284.92078,283.1208,281.22076,281.92078,283.6208,283.6208,283.42078,282.6208,285.32077,286.6208,286.02078,285.82077,286.22076,286.6208,290.32077,289.42078,288.82077,286.72076,286.52078,286.22076,284.42078,284.92078,285.6208,285.52078,284.92078,284.92078,287.42078,287.32077
283.32077,284.1208,284.82077,280.72076,280.6208,279.82077,279.32077,279.1208,278.42078,282.72076,277.42078,280.02078,283.42078,282.72076,283.72076,283.32077,283.92078,280.32077,281.32077,281.6208,281.02078,280.22076,281.32077,281.52078,282.1208,286.1208,286.02078,286.02078,289.92078,289.1208,286.82077,286.02078,284.72076,284.92078,283.32077,284.6208,284.72076,286.02078,285.6208,286.02078,286.02078
281.92078,281.6208,286.72076,282.72076,280.02078,279.1208,280.72076,278.92078,279.02078,279.42078,277.6208,276.92078,275.22076,280.52078,281.82077,279.52078,278.92078,278.32077,278.92078,281.6208,280.02078,280.52078,281.02078,282.32077,284.42078,282.92078,281.32077,284.02078,284.1208,287.42078,286.1208,284.6208,283.82077,283.72076,283.02078,282.72076,283.02078,283.52078,283.82077,283.32077,284.92078
282.22076,283.82077,290.92078,282.22076,281.92078,282.72076,282.1208,281.6208,281.42078,281.52078,280.6208,278.72076,276.52078,276.32077,277.42078,278.22076,278.52078,278.42078,278.82077,283.6208,284.02078,284.22076,279.22076,282.1208,280.1208,279.92078,279.6208,280.6208,282.1208,283.02078,285.02078,285.02078,282.92078,282.82077,282.82077,283.1208,282.92078,282.22076,283.02078,283.92078,284.6208
