wind_kz.json
{"header": {"discipline":0,"disciplineName":"Meteorological products","gribEdition":2,"gribLength":948,"center":7,"centerName":"US National Weather Service - NCEP(WMC)","subcenter":0,"refTime":"2023-09-20T12:00:00.000Z","significanceOfRT":1,"significanceOfRTName":"Start of forecast","productStatus":0,"productStatusName":"Operational products","productType":1,"productTypeName":"Forecast products","productDefinitionTemplate":0,"productDefinitionTemplateName":"Analysis/forecast at horizontal level/layer at a point in time","parameterCategory":0,"parameterCategoryName":"UnknownDiscipline_0_Category_0","parameterNumber":0,"parameterNumberName":"UnknownParameter_D0_C0_0","parameterUnit":"Unknown","genProcessType":2,"genProcessTypeName":"Forecast","forecastTime":120,"surface1Type":1,"surface1TypeName":"Ground or water surface","surface1Value":0.0,"surface2Type":255,"surface2TypeName":"Missing","surface2Value":0.0,"gridDefinitionTemplate":0,"gridDefinitionTemplateName":"Latitude_Longitude","numberPoints":615,"shape":6,"shapeName":"Earth spherical with radius of 6,371,229.0 m","gridUnits":"degrees","resolution":48,"winds":"true","scanMode":64,"nx":41,"ny":15,"basicAngle":0,"lo1":47.0,"la1":41.0,"lo2":87.0,"la2":55.0,"dx":1.0,"dy":1.0}, "data":
[rows 0 to 14 of 15, columns 0 to 40 of 41]
304.17725,291.17725,295.77725,294.27725,294.47723,294.17725,302.57724,308.37726,302.97723,307.17725,305.57724,306.07724,305.17725,304.87726,304.27725,303.97723,303.57724,302.67725,303.57724,304.27725,305.97723,301.77725,302.77725,296.87726,299.37726,302.07724,297.47723,284.57724,281.87726,278.77725,279.67725,278.77725,289.47723,294.97723,296.97723,296.07724,295.87726,294.57724,293.97723,294.07724,292.77725
283.57724,295.07724,293.97723,294.07724,294.17725,293.37726,309.17725,305.17725,304.57724,304.87726,305.77725,304.77725,304.27725,302.97723,302.47723,302.27725,302.77725,303.67725,302.17725,302.57724,304.27725,303.77725,301.07724,291.87726,281.87726,283.67725,290.17725,284.87726,283.87726,271.57724,281.87726,271.47723,282.27725,254.17725,268.37726,292.37726,291.27725,293.67725,294.57724,287.27725,284.57724
299.47723,293.07724,294.27725,293.87726,291.97723,305.27725,304.07724,302.77725,303.47723,303.07724,301.67725,302.17725,301.67725,302.57724,301.37726,301.27725,301.47723,302.17725,302.77725,302.47723,301.27725,300.27725,299.57724,292.07724,296.37726,294.07724,294.37726,293.27725,291.37726,280.67725,272.87726,274.77725,282.17725,283.07724,283.47723,281.67725,271.57724,275.47723,276.87726,270.07724,265.07724
300.87726,293.07724,294.37726,293.47723,295.97723,304.27725,305.07724,304.27725,304.27725,303.47723,301.37726,298.37726,291.67725,291.17725,301.77725,301.37726,300.37726,301.27725,301.37726,300.87726,299.27725,293.57724,297.17725,296.57724,296.47723,296.07724,295.57724,292.27725,289.47723,290.87726,291.47723,290.27725,294.47723,293.07724,290.07724,285.67725,271.37726,262.07724,275.37726,284.17725,286.87726
302.17725,292.37726,293.37726,292.57724,297.77725,303.87726,304.37726,303.27725,301.87726,301.37726,300.37726,298.47723,290.57724,289.77725,288.57724,300.97723,300.87726,299.77725,299.97723,299.37726,299.37726,299.47723,297.97723,296.97723,295.67725,294.67725,292.97723,292.37726,292.77725,291.37726,292.37726,289.17725,280.17725,267.27725,281.87726,288.87726,290.47723,292.77725,291.97723,290.47723,288.47723
303.47723,301.77725,291.47723,291.57724,292.17725,291.57724,303.67725,303.97723,300.87726,300.87726,300.07724,299.57724,291.77725,290.57724,295.67725,299.67725,300.47723,300.17725,299.67725,299.57724,298.67725,297.87726,297.17725,296.57724,295.77725,293.07724,292.67725,288.27725,293.37726,293.17725,290.67725,290.77725,289.57724,287.97723,284.67725,288.17725,279.67725,280.07724,288.67725,287.87726,285.57724
306.07724,305.67725,304.47723,304.87726,300.77725,303.37726,303.57724,301.67725,301.87726,301.37726,298.97723,298.57724,298.07724,298.57724,298.87726,299.47723,300.07724,300.47723,300.17725,298.67725,297.77725,297.67725,297.37726,296.77725,294.37726,294.27725,294.27725,294.97723,292.87726,292.17725,290.57724,289.87726,289.17725,289.27725,288.67725,285.77725,279.27725,274.87726,265.87726,268.27725,280.67725
306.07724,305.97723,306.17725,306.07724,305.57724,304.37726,303.57724,302.17725,300.87726,299.87726,298.87726,297.87726,297.27725,297.07724,298.17725,298.67725,298.37726,299.47723,299.47723,296.87726,296.07724,295.97723,295.77725,294.77725,293.37726,290.87726,289.37726,291.17725,289.27725,289.47723,287.07724,287.07724,284.87726,282.57724,282.27725,283.87726,284.87726,287.37726,283.07724,282.37726,279.67725
305.97723,304.37726,304.27725,303.87726,303.47723,302.47723,302.17725,301.27725,300.17725,298.97723,297.87726,297.77725,296.77725,297.77725,297.07724,298.07724,297.47723,297.77725,296.87726,295.87726,293.77725,293.27725,293.77725,293.87726,292.27725,291.47723,289.47723,287.97723,286.47723,284.97723,285.27725,283.37726,283.17725,283.47723,282.97723,280.17725,279.77725,277.77725,265.57724,265.57724,260.27725
304.77725,303.47723,304.07724,303.57724,303.17725,302.77725,302.07724,301.17725,300.07724,299.37726,298.07724,296.87726,297.37726,296.97723,296.67725,296.67725,296.97723,297.17725,296.67725,296.17725,294.47723,293.47723,293.57724,294.17725,293.77725,290.67725,289.47723,289.07724,287.57724,286.37726,285.17725,285.47723,285.67725,284.87726,283.57724,280.97723,277.27725,272.77725,268.87726,265.37726,261.17725
304.27725,303.57724,302.97723,302.97723,302.17725,302.37726,301.47723,301.17725,300.47723,299.57724,298.07724,296.97723,297.67725,296.67725,296.67725,296.87726,296.57724,297.17725,296.77725,294.37726,294.17725,292.07724,290.97723,291.57724,291.07724,289.87726,288.37726,289.57724,289.47723,289.17725,288.27725,287.17725,285.57724,285.37726,283.87726,279.97723,274.77725,270.47723,270.37726,269.57724,267.37726
302.57724,304.17725,303.47723,302.87726,302.07724,301.87726,300.67725,300.27725,300.37726,299.37726,297.07724,295.57724,296.77725,295.67725,295.47723,295.97723,295.77725,293.97723,293.77725,294.27725,292.47723,291.27725,289.77725,290.07724,289.87726,290.77725,290.87726,289.97723,291.07724,289.87726,287.27725,286.47723,285.97723,282.67725,282.97723,281.07724,279.87726,278.67725,276.07724,275.87726,275.77725
298.47723,300.97723,302.37726,302.07724,301.17725,300.07724,300.47723,301.17725,299.97723,297.67725,294.57724,292.87726,295.37726,293.97723,295.27725,295.27725,295.47723,294.77725,294.87726,292.67725,291.57724,290.57724,289.17725,289.77725,290.67725,291.17725,290.97723,290.57724,290.17725,288.37726,287.57724,285.97723,286.07724,282.47723,284.17725,282.87726,280.37726,282.37726,277.87726,276.87726,276.47723
299.67725,300.27725,293.67725,300.97723,300.47723,299.57724,298.57724,297.17725,297.87726,296.87726,293.67725,291.67725,293.97723,294.37726,294.57724,294.97723,294.77725,293.97723,294.57724,294.07724,293.37726,292.17725,291.67725,290.27725,290.77725,291.77725,291.77725,291.57724,289.07724,287.07724,285.37726,285.07724,283.87726,283.17725,281.17725,280.87726,280.87726,280.47723,279.77725,276.67725,277.07724
297.87726,299.77725,287.47723,299.27725,299.77725,299.37726,298.57724,298.17725,298.47723,297.77725,295.87726,293.97723,291.87726,292.57724,293.67725,294.07724,293.67725,293.57724,294.57724,293.97723,294.57724,294.47723,294.07724,293.47723,292.67725,292.57724,291.07724,289.77725,288.57724,285.47723,284.77725,284.07724,282.47723,281.67725,281.07724,281.77725,281.37726,280.07724,280.37726,280.17725,278.47723
