wind_kz.json
{"header": {"discipline":0,"disciplineName":"Meteorological products","gribEdition":2,"gribLength":948,"center":7,"centerName":"US National Weather Service - NCEP(WMC)","subcenter":0,"refTime":"2023-09-25T00:00:00.000Z","significanceOfRT":1,"significanceOfRTName":"Start of forecast","productStatus":0,"productStatusName":"Operational products","productType":1,"productTypeName":"Forecast products","productDefinitionTemplate":0,"productDefinitionTemplateName":"Analysis/forecast at horizontal level/layer at a point in time","parameterCategory":0,"parameterCategoryName":"UnknownDiscipline_0_Category_0","parameterNumber":0,"parameterNumberName":"UnknownParameter_D0_C0_0","parameterUnit":"Unknown","genProcessType":2,"genProcessTypeName":"Forecast","forecastTime":180,"surface1Type":1,"surface1TypeName":"Ground or water surface","surface1Value":0.0,"surface2Type":255,"surface2TypeName":"Missing","surface2Value":0.0,"gridDefinitionTemplate":0,"gridDefinitionTemplateName":"Latitude_Longitude","numberPoints":615,"shape":6,"shapeName":"Earth spherical with radius of 6,371,229.0 m","gridUnits":"degrees","resolution":48,"winds":"true","scanMode":64,"nx":41,"ny":15,"basicAngle":0,"lo1":47.0,"la1":41.0,"lo2":87.0,"la2":55.0,"dx":1.0,"dy":1.0}, "data":
[rows 0 to 14 of 15, columns 0 to 40 of 41]
303.9511,291.8511,295.6511,293.9511,294.3511,293.3511,301.6511,310.4511,306.9511,307.3511,305.7511,305.6511,304.3511,304.0511,303.8511,303.6511,303.7511,302.7511,304.1511,304.0511,305.2511,301.2511,302.4511,296.7511,298.9511,301.3511,294.7511,284.1511,281.1511,280.5511,279.2511,277.4511,288.9511,294.0511,294.0511,294.0511,295.0511,294.4511,293.4511,292.7511,291.8511
277.0511,293.4511,293.2511,293.8511,294.1511,292.3511,310.6511,307.8511,305.5511,304.7511,304.7511,303.7511,304.8511,303.8511,303.1511,303.2511,302.7511,303.0511,301.7511,302.1511,302.0511,301.1511,299.6511,291.2511,281.2511,276.2511,288.7511,283.2511,283.1511,276.2511,281.2511,268.9511,281.1511,252.9511,266.1511,291.2511,289.6511,291.0511,294.3511,287.3511,284.1511
291.2511,292.7511,293.2511,293.6511,291.0511,304.3511,305.6511,303.3511,303.4511,302.4511,302.5511,303.0511,303.8511,303.1511,301.9511,302.2511,302.0511,300.9511,301.0511,301.3511,300.8511,301.3511,300.4511,293.3511,297.1511,295.1511,295.9511,295.0511,293.8511,283.6511,272.3511,275.3511,282.2511,282.2511,284.2511,282.4511,272.8511,277.2511,279.2511,273.9511,270.2511
300.4511,292.2511,293.4511,292.2511,294.7511,304.8511,303.3511,303.7511,303.7511,302.9511,302.4511,300.2511,290.8511,290.6511,301.9511,301.1511,299.8511,299.7511,300.8511,301.4511,300.4511,295.4511,298.2511,298.2511,297.7511,298.1511,298.2511,295.0511,292.6511,294.0511,294.8511,290.7511,295.0511,291.2511,291.1511,285.8511,274.4511,264.0511,278.2511,286.6511,290.1511
304.3511,291.8511,292.4511,292.0511,297.6511,303.7511,303.5511,302.8511,300.6511,301.1511,300.6511,298.7511,290.1511,289.1511,288.0511,300.0511,300.2511,299.0511,298.7511,298.5511,298.8511,298.9511,297.9511,297.6511,297.2511,296.5511,293.7511,292.6511,294.7511,293.9511,296.4511,292.6511,279.2511,266.3511,281.8511,289.6511,292.4511,293.5511,293.6511,294.0511,293.4511
299.2511,297.2511,290.5511,291.2511,291.3511,291.1511,303.7511,301.9511,300.1511,299.5511,299.2511,300.4511,291.0511,289.7511,292.4511,298.9511,300.5511,299.9511,299.5511,299.2511,298.5511,297.5511,297.0511,296.4511,295.9511,294.1511,293.5511,287.4511,294.8511,294.9511,292.8511,294.7511,293.4511,290.8511,286.5511,290.8511,282.3511,284.8511,290.3511,291.6511,291.3511
301.9511,294.8511,297.6511,299.9511,296.9511,301.2511,302.2511,300.2511,300.3511,299.5511,298.7511,298.2511,297.8511,298.5511,297.7511,298.3511,299.6511,299.8511,299.8511,298.7511,298.2511,297.7511,297.5511,296.5511,294.6511,294.7511,294.5511,295.2511,294.4511,294.2511,293.2511,292.4511,292.4511,292.7511,290.6511,288.0511,281.9511,279.1511,276.5511,276.5511,286.4511
304.0511,298.9511,298.4511,299.2511,300.5511,302.2511,301.8511,300.3511,300.3511,299.2511,298.0511,296.9511,296.3511,296.7511,297.7511,298.3511,297.8511,298.9511,299.0511,296.5511,296.5511,296.7511,296.3511,295.3511,294.3511,291.5511,291.4511,292.4511,290.7511,291.8511,290.7511,290.7511,288.6511,286.8511,286.4511,286.8511,287.0511,286.4511,285.8511,285.2511,281.6511
301.7511,302.5511,301.1511,300.3511,299.8511,300.1511,299.0511,299.9511,299.2511,298.4511,297.3511,296.9511,295.6511,296.3511,295.7511,296.7511,296.2511,297.0511,296.8511,295.6511,293.8511,294.0511,294.6511,293.8511,291.6511,291.1511,288.7511,287.8511,287.1511,286.0511,287.3511,287.9511,289.3511,287.7511,287.5511,284.2511,282.8511,282.1511,265.9511,266.2511,262.8511
295.2511,298.0511,298.1511,299.3511,299.9511,299.4511,298.2511,297.4511,296.5511,297.2511,295.9511,295.8511,295.7511,295.2511,294.7511,294.7511,295.0511,295.5511,295.8511,295.9511,294.0511,293.4511,293.6511,293.6511,292.4511,289.9511,289.0511,288.1511,286.8511,286.4511,286.8511,288.9511,291.1511,289.7511,288.1511,286.5511,283.1511,276.2511,272.8511,270.0511,266.6511
297.1511,296.7511,296.2511,294.6511,297.6511,296.4511,297.1511,296.9511,297.0511,295.8511,295.5511,295.3511,295.4511,294.2511,293.7511,293.8511,293.5511,294.3511,294.2511,293.3511,294.2511,293.6511,292.6511,292.4511,291.2511,290.6511,287.7511,289.1511,288.2511,289.1511,289.1511,289.4511,288.5511,289.1511,290.3511,285.4511,279.5511,275.4511,277.5511,275.6511,272.1511
294.9511,296.4511,296.5511,296.8511,296.1511,294.6511,293.7511,294.5511,295.6511,295.4511,293.1511,292.2511,293.8511,292.6511,292.8511,292.9511,292.3511,292.1511,292.6511,292.4511,291.7511,291.2511,291.0511,291.2511,290.4511,291.3511,290.6511,291.0511,290.0511,289.2511,288.0511,288.2511,288.7511,286.3511,286.4511,285.2511,285.5511,286.4511,283.6511,281.9511,280.6511
289.8511,292.3511,294.3511,294.1511,294.4511,294.3511,294.0511,288.4511,287.1511,290.4511,289.2511,289.4511,292.0511,290.5511,291.3511,292.2511,292.3511,291.2511,292.0511,290.8511,290.5511,290.1511,289.3511,289.1511,290.2511,291.2511,291.9511,290.9511,290.4511,288.9511,288.2511,287.2511,287.5511,286.7511,286.4511,285.2511,285.4511,286.0511,284.1511,281.6511,280.9511
288.8511,290.7511,288.4511,291.8511,292.3511,292.5511,292.3511,291.8511,292.1511,288.4511,284.3511,284.2511,287.7511,289.9511,290.9511,291.5511,291.8511,291.3511,292.0511,291.2511,291.2511,290.7511,291.2511,290.6511,290.9511,290.9511,289.7511,289.6511,289.2511,288.9511,288.2511,286.7511,286.0511,284.5511,284.7511,283.5511,283.4511,281.8511,281.3511,280.7511,281.3511
286.7511,286.7511,285.9511,290.3511,290.1511,290.5511,290.9511,290.7511,291.2511,291.3511,289.8511,287.5511,285.7511,286.8511,286.2511,289.8511,290.6511,290.5511,290.9511,290.0511,290.7511,290.3511,290.6511,290.5511,290.0511,289.9511,289.9511,289.2511,289.3511,288.8511,287.7511,286.0511,286.4511,285.6511,284.5511,284.1511,283.9511,281.8511,282.4511,282.5511,282.7511
