wind_kz.json
{"header": {"discipline":0,"disciplineName":"Meteorological products","gribEdition":2,"gribLength":1025,"center":7,"centerName":"US National Weather Service - NCEP(WMC)","subcenter":0,"refTime":"2023-09-20T00:00:00.000Z","significanceOfRT":1,"significanceOfRTName":"Start of forecast","productStatus":0,"productStatusName":"Operational products","productType":1,"productTypeName":"Forecast products","productDefinitionTemplate":0,"productDefinitionTemplateName":"Analysis/forecast at horizontal level/layer at a point in time","parameterCategory":2,"parameterCategoryName":"UnknownDiscipline_0_Category_2","parameterNumber":3,"parameterNumberName":"UnknownParameter_D0_C2_3","parameterUnit":"Unknown","genProcessType":2,"genProcessTypeName":"Forecast","forecastTime":0,"surface1Type":103,"surface1TypeName":"Specified height level above ground","surface1Value":10.0,"surface2Type":255,"surface2TypeName":"Missing","surface2Value":0.0,"gridDefinitionTemplate":0,"gridDefinitionTemplateName":"Latitude_Longitude","numberPoints":615,"shape":6,"shapeName":"Earth spherical with radius of 6,371,229.0 m","gridUnits":"degrees","resolution":48,"winds":"true","scanMode":64,"nx":41,"ny":15,"basicAngle":0,"lo1":47.0,"la1":41.0,"lo2":87.0,"la2":55.0,"dx":1.0,"dy":1.0}, "data":
[rows 0 to 14 of 15, columns 0 to 40 of 41]
-0.5503271,-1.8903271,2.1496727,7.039673,1.1396729,-2.2203271,-2.4603271,-2.4903271,-0.19032715,-1.2903272,-3.020327,-2.820327,-2.800327,-2.9703271,-2.300327,-2.4903271,-2.2303271,-1.2803272,-1.4203272,-0.05032715,0.60967284,2.7796729,-0.45032716,1.8996729,-0.72032714,3.2696729,0.25967285,2.949673,-0.51032716,3.3496728,1.3396728,1.0196729,0.52967286,-1.4103272,-0.40032715,0.99967283,1.2196728,1.3896729,2.1296728,1.5496728,1.7296729
4.329673,2.0296729,4.769673,4.319673,0.31967285,-2.1603272,-2.300327,-3.2714845E-4,-0.8003271,-2.3803272,-3.1803272,-3.080327,-2.3903272,-2.060327,-1.8203272,-0.60032713,-3.2714845E-4,-1.6903272,-2.080327,-1.4003272,0.53967285,1.8396728,5.559673,3.7596729,2.8096728,1.6096729,-0.75032717,2.699673,0.6396729,2.239673,2.689673,4.0096726,1.1496729,1.7296729,0.9396728,-1.1503272,-1.4003272,-2.2103271,-0.53032714,-1.6103271,1.5196729
2.719673,5.939673,4.2596726,2.0496728,-0.72032714,-0.09032715,0.99967283,-0.89032716,-2.3603272,-3.4803271,-3.4603271,-3.4503272,-2.9603271,-2.4403272,-3.3903272,-0.05032715,1.9596728,1.2196728,0.28967285,-1.1103271,0.5096729,0.08967285,3.0896728,6.9496727,3.0896728,0.85967284,0.52967286,-0.33032715,-1.8903271,0.7696729,1.6196729,-0.49032715,1.3396728,0.019672852,-0.15032715,2.3896728,4.9696727,1.1596729,0.96967286,0.049672853,0.36967286
0.67967284,3.469673,3.0496728,0.85967284,0.52967286,0.24967285,-0.69032717,-1.1203271,-1.6903272,-2.570327,-2.8903272,-3.520327,-7.230327,-7.210327,-4.8403273,-3.500327,-0.90032715,0.86967283,1.6496729,1.2896729,2.3396728,2.679673,0.6296728,3.219673,2.0696728,1.9096729,-2.300327,-5.100327,1.1796728,-4.810327,-5.080327,-2.9003272,-0.95032716,-1.0403272,0.31967285,-2.050327,-0.52032715,3.3596728,1.6596729,0.8196728,-1.2403271
1.8396728,2.2596729,1.3296728,0.7696729,0.49967286,0.99967283,0.96967286,0.59967285,-0.65032715,-1.9103272,-2.4603271,-2.500327,-6.430327,-5.810327,-5.7203274,-3.9903271,-4.3203273,-2.6103272,-0.70032716,1.7796729,5.249673,4.4696727,4.709673,5.479673,2.3096728,-1.4703271,4.819673,-0.79032713,1.3296728,1.2296729,1.2696729,-3.510327,0.67967284,1.0696728,-0.15032715,-1.8903271,0.029672852,-1.4203272,-0.24032715,-0.020327149,-1.3503271
2.0896728,0.71967286,0.08967285,-0.58032715,-0.41032714,0.65967286,1.1896728,0.90967286,0.96967286,-0.82032716,-3.260327,-2.1203272,-3.830327,-5.040327,-5.770327,-3.1303272,-4.870327,-4.620327,-6.2403274,-3.060327,-1.1603272,2.0596728,0.92967284,0.9396728,3.3696728,1.7796729,-0.13032715,-1.9503272,0.48967284,0.05967285,0.049672853,0.9496729,0.31967285,-0.27032715,0.79967284,1.3696729,2.209673,3.9096727,1.0796728,-1.5003271,-0.48032716
2.3296728,-0.35032713,0.64967287,1.1096729,-0.52032715,0.34967285,1.9196728,1.0196729,0.41967285,0.22967285,-1.9203272,-1.7903272,-2.080327,-2.320327,-2.1403272,-2.6803272,-3.830327,-5.230327,-4.560327,-0.9303272,-0.8703272,0.46967286,1.5296729,-0.21032715,-1.6203271,1.0896728,1.2696729,4.999673,2.5396729,1.6296729,-1.3203272,-4.150327,-4.420327,1.5296729,0.59967285,-0.59032714,-2.1203272,-2.020327,1.3896729,1.0496728,-0.48032716
-0.040327147,-0.85032713,-1.2803272,-2.2203271,-2.800327,-2.270327,0.12967286,2.0396729,0.92967284,-1.0303272,-0.14032716,-0.48032716,-2.2303271,-2.3903272,-2.1403272,-1.3303272,-1.8203272,-3.270327,-4.2803273,-0.26032716,-1.9603271,-3.040327,-3.260327,-0.90032715,-2.9203272,2.939673,2.1496727,2.169673,0.64967287,1.2496729,-1.0403272,-1.4503272,-4.0703273,-4.520327,-0.6803272,-0.95032716,-1.7903272,1.0096729,-0.42032716,0.19967285,-2.3903272
-2.8703272,-2.4603271,-3.1303272,-3.3803272,-3.1803272,-4.3003273,-3.070327,-1.7603271,0.10967285,-0.9803271,-2.040327,-2.0903273,-1.5203271,-2.040327,-2.4703271,-2.550327,-2.2203271,-0.9203271,-1.3603271,-1.1503272,0.31967285,-0.76032716,-1.9203272,-4.3003273,-1.0403272,-3.9203272,-1.4803271,-1.3703271,2.179673,1.5696728,1.6396729,1.2696729,1.3796729,-0.5603272,-0.70032716,0.35967284,-3.060327,-0.29032716,0.84967285,0.37967286,-1.6903272
0.019672852,-1.3403271,-2.4703271,-2.790327,-2.250327,-3.040327,-3.540327,-4.170327,-3.3903272,-2.6403272,-2.500327,-2.4003272,-2.8803272,-3.2303271,-2.9203272,-2.790327,-2.6503272,-2.000327,1.0596728,-0.69032717,-0.11032715,-0.030327149,-1.5903271,-2.6203272,-1.8403271,-0.58032715,-3.1303272,-0.38032714,-0.53032714,2.8696728,2.939673,2.719673,2.8996727,2.2796729,0.36967286,0.06967285,-0.020327149,-2.6203272,-0.22032715,3.8496728,2.7896729
0.03967285,-1.3103272,-2.580327,-2.7003272,-2.9203272,-2.520327,-2.780327,-3.1503272,-3.560327,-3.800327,-2.4603271,-1.8203272,-3.4503272,-3.1003273,-3.4003272,-3.4403272,-3.4703271,-3.1903272,0.6996729,0.8296729,-0.82032716,-1.3503271,0.71967286,-2.1603272,-1.1803272,-0.21032715,-1.9703271,-1.8603271,-1.9103272,-0.46032715,2.0296729,2.0596728,1.1696728,0.33967286,1.4396728,0.78967285,0.5196729,1.8896729,1.4096729,1.3496728,0.31967285
0.33967286,-0.97032714,-0.8603271,-1.8703271,-1.8103272,-2.3503273,-2.9703271,-2.780327,-3.2303271,-2.9303272,-2.1403272,-2.790327,-4.700327,-4.4903274,-3.290327,-3.4203272,-3.4303272,-2.8403273,-1.8603271,-1.7803272,-0.48032716,-0.48032716,-0.6803272,-1.5603272,-2.2403271,-0.18032715,0.91967285,1.8896729,1.3296728,0.5196729,1.7396729,1.6096729,0.6996729,0.61967283,0.55967283,1.5896728,1.6196729,2.709673,2.0096729,2.1296728,1.1596729
1.6996728,0.08967285,-0.20032714,-0.14032716,-1.2603271,-1.1603272,-1.8203272,-2.550327,-3.2303271,-2.040327,-1.8703271,-1.3303272,-4.500327,-5.620327,-6.420327,-5.400327,-3.6303272,-2.4303272,-1.4203272,-1.2703271,-1.3903271,-0.79032713,0.61967283,-0.09032715,-2.4503272,-0.85032713,1.8996729,1.9396728,1.8596729,0.95967287,0.79967284,1.9196728,1.7796729,0.70967287,-0.91032714,0.92967284,0.59967285,1.3496728,1.7496729,1.8896729,1.5196729
1.8796729,1.5396729,0.8796728,-0.32032716,-0.38032714,-0.84032714,-1.7103271,-2.3703272,-2.050327,-2.280327,-0.78032714,-1.3103272,-1.4903271,-2.820327,-4.7803273,-4.880327,-4.8203273,-3.4503272,-3.260327,-1.4703271,-1.2903272,-1.2703271,-1.9003272,-0.58032715,-0.96032715,-0.28032714,-0.18032715,1.2496729,1.1096729,1.8296728,1.7496729,1.3196728,0.74967283,0.6896728,0.52967286,0.07967285,0.19967285,0.58967286,0.6996729,0.74967283,1.4196728
1.7096728,2.1396728,1.9096729,1.6496729,1.0596728,0.72967285,-0.05032715,-0.82032716,-1.6803272,-2.1603272,-1.3503271,-0.83032715,0.12967286,-0.9203271,-3.280327,-3.9603271,-3.820327,-4.690327,-4.130327,-3.1003273,-3.6003273,-3.290327,-1.5803272,-0.40032715,-0.70032716,-0.66032714,1.4796729,1.7796729,1.0396729,1.8296728,1.7596729,1.6796728,1.2796729,1.2496729,0.34967285,0.07967285,1.4896729,1.5196729,1.1096729,0.009672851,0.37967286
