wind.json
{"header": {"discipline":0,"disciplineName":"Meteorological products","gribEdition":2,"gribLength":953,"center":7,"centerName":"US National Weather Service - NCEP(WMC)","subcenter":0,"refTime":"2023-05-30T12:00:00.000Z","significanceOfRT":1,"significanceOfRTName":"Start of forecast","productStatus":0,"productStatusName":"Operational products","productType":1,"productTypeName":"Forecast products","productDefinitionTemplate":0,"productDefinitionTemplateName":"Analysis/forecast at horizontal level/layer at a point in time","parameterCategory":0,"parameterCategoryName":"UnknownDiscipline_0_Category_0","parameterNumber":0,"parameterNumberName":"UnknownParameter_D0_C0_0","parameterUnit":"Unknown","genProcessType":2,"genProcessTypeName":"Forecast","forecastTime":60,"surface1Type":1,"surface1TypeName":"Ground or water surface","surface1Value":0.0,"surface2Type":255,"surface2TypeName":"Missing","surface2Value":0.0,"gridDefinitionTemplate":0,"gridDefinitionTemplateName":"Latitude_Longitude","numberPoints":688,"shape":6,"shapeName":"Earth spherical with radius of 6,371,229.0 m","gridUnits":"degrees","resolution":48,"winds":"true","scanMode":64,"nx":43,"ny":16,"basicAngle":0,"lo1":45.0,"la1":40.0,"lo2":87.0,"la2":55.0,"dx":1.0,"dy":1.0}, "data":
[rows 0 to 15 of 16, columns 0 to 42 of 43]
277.5556,276.35562,290.1556,293.5556,293.95563,293.2556,292.0556,291.5556,294.45563,294.35562,297.45563,296.6556,298.85562,299.45563,299.1556,298.5556,298.2556,297.6556,296.0556,294.7556,293.95563,291.6556,289.2556,289.6556,286.6556,285.45563,286.0556,279.85562,274.1556,273.1556,274.0556,286.95563,288.95563,291.85562,294.35562,294.45563,294.2556,292.95563,293.45563,293.2556,293.1556,293.2556,292.5556
283.2556,290.7556,291.6556,282.0556,285.6556,290.45563,290.6556,290.5556,291.95563,295.7556,296.0556,298.7556,296.45563,299.1556,299.0556,298.35562,298.2556,294.6556,295.1556,294.35562,292.6556,292.0556,293.85562,291.2556,289.35562,287.2556,289.85562,289.5556,283.85562,274.7556,273.85562,273.6556,269.35562,274.0556,284.35562,292.7556,294.45563,293.7556,295.0556,293.2556,293.35562,293.6556,293.45563
282.2556,280.95563,273.6556,285.45563,289.95563,290.35562,290.0556,289.85562,293.35562,295.1556,296.1556,296.45563,297.6556,297.85562,298.35562,299.0556,296.0556,294.45563,294.95563,293.1556,291.7556,290.7556,293.95563,291.7556,288.1556,283.2556,271.85562,271.95563,277.85562,274.5556,277.5556,275.2556,280.1556,266.35562,277.45563,265.7556,271.35562,290.95563,289.0556,290.6556,294.1556,286.7556,282.7556
282.35562,284.2556,287.0556,290.95563,289.85562,289.85562,289.7556,292.6556,295.0556,297.85562,295.45563,295.5556,297.2556,298.2556,297.6556,298.35562,296.5556,293.6556,291.95563,290.35562,289.95563,290.35562,294.35562,294.0556,292.45563,285.2556,282.0556,283.35562,281.0556,283.6556,284.6556,276.95563,272.6556,275.0556,279.1556,280.1556,280.6556,281.85562,274.1556,277.35562,277.95563,274.45563,269.0556
286.85562,289.85562,288.1556,292.7556,290.85562,290.5556,290.7556,293.45563,295.0556,294.45563,297.2556,296.2556,296.6556,296.5556,291.35562,291.6556,298.35562,296.2556,294.2556,293.1556,291.95563,290.95563,290.6556,287.5556,289.95563,290.0556,289.7556,289.5556,289.0556,288.0556,284.6556,284.5556,285.85562,284.5556,290.0556,288.2556,287.95563,284.35562,275.35562,266.2556,278.0556,287.0556,289.7556
286.95563,289.95563,289.85562,294.35562,293.7556,294.1556,294.2556,293.85562,295.85562,297.1556,295.1556,296.5556,297.5556,295.0556,292.45563,292.0556,289.6556,296.0556,295.45563,294.0556,292.0556,292.85562,292.45563,292.2556,291.1556,290.5556,290.35562,290.35562,288.45563,289.6556,288.5556,288.5556,288.7556,284.6556,278.2556,271.1556,280.2556,289.0556,290.45563,292.5556,292.45563,291.85562,291.7556
288.0556,290.1556,290.95563,291.6556,294.85562,294.2556,294.0556,294.2556,294.95563,296.1556,295.95563,297.95563,297.2556,297.6556,291.95563,291.5556,294.5556,296.1556,296.85562,295.1556,293.95563,293.6556,291.95563,291.85562,291.35562,290.7556,289.95563,288.85562,289.35562,289.7556,290.85562,290.85562,289.2556,288.85562,287.1556,285.45563,284.7556,286.85562,280.45563,282.1556,290.2556,291.35562,290.7556
288.85562,288.85562,290.0556,291.2556,293.0556,293.7556,293.6556,293.2556,294.45563,294.5556,297.45563,298.85562,297.1556,296.45563,297.2556,297.2556,296.45563,297.1556,297.0556,296.45563,294.6556,292.5556,291.45563,291.0556,290.85562,290.85562,289.1556,288.7556,288.1556,289.85562,289.85562,289.6556,288.45563,287.85562,287.5556,287.0556,286.45563,285.35562,282.45563,280.35562,277.6556,275.7556,287.6556
287.85562,287.5556,289.6556,291.0556,294.35562,294.85562,294.7556,294.6556,293.85562,296.1556,297.2556,295.6556,295.7556,295.45563,295.0556,296.5556,297.7556,297.2556,297.6556,295.95563,294.35562,291.6556,289.7556,290.35562,290.5556,290.6556,288.35562,285.0556,285.7556,286.45563,285.5556,286.2556,284.95563,285.35562,284.1556,282.2556,283.35562,286.85562,288.1556,284.85562,288.1556,287.6556,285.6556
286.7556,288.2556,291.0556,291.7556,293.0556,293.0556,294.2556,292.95563,293.0556,297.1556,294.7556,294.7556,293.5556,292.95563,291.1556,293.85562,295.6556,294.95563,293.7556,292.6556,293.1556,292.2556,289.85562,288.7556,289.6556,288.2556,286.7556,286.7556,283.95563,283.85562,282.85562,282.45563,283.6556,283.6556,284.6556,283.6556,284.2556,283.5556,285.35562,284.1556,276.95563,277.35562,275.85562
285.5556,288.2556,290.2556,291.5556,290.1556,293.2556,291.2556,295.45563,295.35562,297.85562,294.45563,294.0556,293.7556,293.1556,293.2556,293.5556,294.6556,294.45563,292.7556,292.95563,292.45563,291.6556,290.5556,289.95563,289.6556,288.35562,288.2556,287.1556,286.5556,285.6556,285.35562,285.35562,285.6556,286.85562,287.0556,286.35562,285.5556,285.45563,283.6556,281.5556,278.95563,279.85562,277.5556
284.0556,286.6556,289.7556,290.5556,291.1556,292.7556,293.7556,292.2556,292.95563,295.2556,294.35562,293.5556,292.6556,294.6556,294.5556,295.5556,293.6556,294.5556,293.2556,293.6556,292.95563,292.0556,291.2556,290.5556,290.5556,290.0556,288.35562,287.95563,286.0556,287.7556,287.7556,289.5556,289.6556,289.0556,288.45563,288.45563,286.5556,285.0556,282.45563,280.0556,279.95563,280.0556,277.95563
283.0556,285.45563,288.45563,289.85562,289.35562,289.45563,290.2556,293.35562,293.45563,293.35562,290.45563,291.95563,292.95563,292.6556,291.6556,293.6556,294.35562,293.2556,293.45563,294.0556,294.1556,292.6556,291.6556,290.95563,290.2556,289.45563,288.95563,289.7556,289.1556,290.2556,290.45563,290.6556,289.6556,290.2556,290.0556,288.5556,288.45563,286.95563,285.85562,285.95563,285.7556,283.6556,282.5556
282.0556,283.35562,285.85562,287.7556,288.6556,289.45563,289.95563,291.2556,291.6556,292.6556,292.1556,291.35562,290.6556,287.35562,292.85562,290.6556,294.35562,294.1556,293.45563,293.0556,293.2556,293.45563,292.35562,290.6556,290.85562,290.0556,291.35562,291.5556,291.85562,290.6556,290.2556,289.7556,290.1556,290.95563,290.95563,289.0556,288.35562,288.5556,288.0556,287.85562,286.5556,286.85562,285.5556
282.2556,282.6556,283.35562,285.7556,285.6556,287.2556,288.45563,288.2556,289.1556,289.85562,290.2556,290.0556,290.6556,288.85562,290.35562,291.0556,291.35562,292.85562,293.7556,293.95563,294.85562,295.1556,294.0556,292.6556,293.35562,293.0556,294.2556,293.45563,292.2556,291.7556,290.45563,289.85562,290.0556,289.6556,289.45563,289.0556,289.5556,289.2556,289.2556,289.0556,287.5556,287.95563,286.85562
280.1556,281.95563,282.7556,284.95563,284.45563,286.35562,287.0556,287.35562,288.2556,287.5556,287.2556,289.5556,289.45563,288.45563,289.45563,290.1556,289.45563,292.45563,293.85562,292.85562,293.2556,292.7556,293.6556,293.6556,291.6556,291.5556,291.95563,293.2556,292.6556,291.35562,290.6556,290.45563,288.6556,285.35562,288.85562,288.1556,287.85562,288.85562,289.95563,289.1556,289.6556,288.7556,287.5556
