wind_kz.json
{"header": {"discipline":0,"disciplineName":"Meteorological products","gribEdition":2,"gribLength":871,"center":7,"centerName":"US National Weather Service - NCEP(WMC)","subcenter":0,"refTime":"2023-09-08T12:00:00.000Z","significanceOfRT":1,"significanceOfRTName":"Start of forecast","productStatus":0,"productStatusName":"Operational products","productType":1,"productTypeName":"Forecast products","productDefinitionTemplate":0,"productDefinitionTemplateName":"Analysis/forecast at horizontal level/layer at a point in time","parameterCategory":0,"parameterCategoryName":"UnknownDiscipline_0_Category_0","parameterNumber":0,"parameterNumberName":"UnknownParameter_D0_C0_0","parameterUnit":"Unknown","genProcessType":2,"genProcessTypeName":"Forecast","forecastTime":180,"surface1Type":1,"surface1TypeName":"Ground or water surface","surface1Value":0.0,"surface2Type":255,"surface2TypeName":"Missing","surface2Value":0.0,"gridDefinitionTemplate":0,"gridDefinitionTemplateName":"Latitude_Longitude","numberPoints":615,"shape":6,"shapeName":"Earth spherical with radius of 6,371,229.0 m","gridUnits":"degrees","resolution":48,"winds":"true","scanMode":64,"nx":41,"ny":15,"basicAngle":0,"lo1":47.0,"la1":41.0,"lo2":87.0,"la2":55.0,"dx":1.0,"dy":1.0}, "data":
[rows 0 to 14 of 15, columns 0 to 40 of 41]
292.52664,281.12665,284.72662,297.52664,297.42664,296.32663,292.92664,293.92664,291.82663,294.12665,293.52664,293.62665,291.72662,291.72662,291.82663,290.02664,290.62665,289.62665,289.02664,288.92664,290.82663,287.52664,286.22662,284.72662,289.62665,291.02664,287.92664,276.82663,275.92664,275.72662,275.62665,277.82663,285.92664,290.62665,291.72662,291.62665,291.12665,291.82663,291.72662,291.62665,291.52664
267.02664,285.12665,297.02664,297.22662,296.92664,295.32663,290.92664,290.92664,290.72662,291.72662,293.32663,291.82663,290.82663,289.92664,287.32663,288.72662,288.52664,287.82663,287.52664,287.02664,287.82663,289.22662,288.12665,284.42664,275.22662,274.82663,283.72662,276.82663,276.22662,272.92664,279.42664,271.82663,279.82663,257.92664,275.82663,290.42664,288.92664,290.72662,294.62665,285.62665,284.02664
285.92664,296.62665,297.52664,297.12665,294.72662,289.82663,289.32663,289.42664,289.52664,289.92664,290.32663,290.62665,288.92664,289.52664,290.42664,287.62665,286.72662,285.72662,285.62665,285.92664,286.42664,287.12665,290.32663,284.42664,287.62665,285.52664,287.42664,285.92664,285.52664,282.92664,277.52664,274.42664,278.92664,280.92664,281.62665,283.82663,277.42664,279.52664,279.42664,274.22662,272.82663
286.12665,296.12665,297.02664,296.22662,293.12665,288.92664,289.62665,288.92664,289.72662,289.52664,289.12665,288.92664,293.42664,292.72662,290.72662,288.72662,287.92664,286.22662,287.12665,286.32663,287.12665,282.32663,285.82663,287.62665,287.82663,287.92664,287.92664,287.92664,285.82663,288.02664,289.52664,287.72662,292.22662,289.42664,288.82663,284.72662,276.72662,274.02664,277.62665,283.32663,287.92664
288.32663,294.12665,295.22662,293.92664,292.32663,289.22662,289.72662,288.72662,288.32663,288.32663,288.72662,289.02664,292.62665,291.42664,289.72662,290.82663,288.02664,287.02664,285.12665,287.52664,287.22662,287.32663,286.02664,285.92664,285.92664,285.92664,285.52664,287.32663,285.62665,285.82663,287.42664,283.82663,275.92664,269.42664,277.12665,286.12665,289.92664,289.22662,289.32663,291.02664,291.12665
285.82663,284.62665,293.22662,292.62665,293.02664,292.62665,287.72662,288.22662,286.92664,287.22662,288.02664,289.22662,291.92664,292.72662,291.82663,290.92664,288.72662,287.22662,287.72662,287.42664,286.72662,286.02664,285.22662,284.62665,283.52664,283.32663,284.42664,291.12665,286.62665,287.12665,285.12665,286.62665,284.22662,280.72662,281.72662,285.52664,277.42664,279.72662,289.02664,291.72662,290.12665
285.12665,284.62665,286.62665,287.72662,288.42664,288.12665,288.32663,288.72662,290.22662,289.42664,288.02664,287.92664,288.82663,289.72662,291.02664,290.42664,287.52664,287.62665,286.92664,286.02664,285.52664,285.32663,285.22662,287.42664,283.42664,283.12665,282.82663,284.62665,283.82663,284.42664,284.12665,283.42664,284.02664,284.92664,283.12665,282.22662,277.72662,274.82663,272.32663,272.12665,284.32663
287.32663,287.22662,286.82663,286.72662,289.32663,289.92664,290.42664,290.42664,288.92664,288.22662,287.72662,288.72662,287.82663,289.02664,289.92664,289.42664,286.92664,290.62665,288.22662,285.12665,285.92664,287.92664,288.12665,288.12665,286.92664,284.02664,282.22662,284.02664,283.72662,284.42664,280.72662,280.42664,279.42664,278.02664,279.22662,283.52664,286.62665,289.12665,283.12665,283.62665,280.02664
285.42664,284.72662,288.82663,288.52664,289.42664,288.72662,288.32663,289.12665,288.72662,287.32663,287.72662,287.32663,287.02664,287.12665,285.72662,287.62665,288.72662,288.42664,288.32663,287.12665,285.12665,285.22662,282.02664,284.92664,284.12665,280.72662,278.92664,279.82663,276.32663,275.32663,277.32663,277.82663,278.12665,279.22662,277.62665,277.12665,278.42664,278.32663,274.82663,273.12665,269.22662
284.42664,285.92664,287.92664,285.32663,288.32663,288.92664,286.52664,286.12665,286.12665,284.02664,283.72662,286.72662,284.32663,281.92664,282.22662,286.32663,286.42664,287.62665,287.82663,287.32663,282.52664,281.32663,282.62665,285.32663,281.32663,279.72662,279.12665,278.92664,278.42664,281.02664,279.52664,280.12665,280.82663,280.82663,281.12665,284.12665,281.22662,275.12665,271.92664,271.42664,270.32663
286.62665,284.42664,283.42664,283.12665,286.72662,284.02664,284.42664,284.22662,283.92664,285.22662,286.12665,283.22662,283.12665,285.22662,285.52664,284.12665,285.12665,286.42664,283.42664,282.42664,282.32663,281.72662,280.92664,281.12665,282.82663,280.12665,278.52664,279.42664,282.42664,284.32663,284.92664,284.12665,281.42664,281.32663,280.62665,278.52664,278.22662,277.12665,274.42664,277.02664,274.62665
284.42664,286.22662,282.02664,281.42664,284.92664,283.92664,281.42664,281.42664,283.02664,285.62665,283.72662,283.62665,282.82663,281.52664,284.02664,284.42664,282.62665,282.42664,285.02664,283.82663,281.32663,281.62665,283.02664,282.92664,281.22662,282.82663,279.92664,282.52664,282.02664,284.62665,283.72662,284.92664,284.72662,283.92664,283.82663,284.12665,284.12665,280.42664,279.52664,279.12665,278.32663
283.82663,281.52664,284.12665,281.92664,282.52664,282.72662,282.22662,284.42664,284.72662,284.32663,282.52664,281.62665,283.32663,280.22662,281.12665,284.92664,281.72662,281.12665,282.12665,280.72662,280.72662,282.92664,281.82663,279.52664,280.42664,280.92664,281.52664,281.12665,284.02664,284.52664,285.62665,285.82663,285.32663,281.52664,281.42664,281.12665,280.92664,281.52664,280.62665,279.12665,278.92664
285.52664,284.12665,287.32663,284.12665,284.72662,281.82663,280.32663,283.92664,284.52664,284.42664,282.82663,281.02664,281.72662,282.82663,284.22662,284.62665,284.62665,283.92664,284.12665,284.62665,284.02664,281.12665,281.02664,281.32663,281.32663,281.32663,281.02664,280.92664,281.22662,284.32663,285.52664,285.62665,285.42664,284.72662,282.72662,281.72662,281.72662,281.72662,280.42664,279.32663,278.52664
282.02664,283.02664,288.32663,286.32663,284.12665,282.72662,284.82663,284.02664,285.72662,284.82663,284.72662,283.02664,282.42664,283.02664,283.92664,285.02664,284.42664,284.42664,284.72662,284.32663,285.12665,285.22662,281.82663,280.82663,280.62665,281.22662,280.82663,282.92664,285.02664,284.82663,285.22662,284.92664,281.52664,283.92664,280.92664,281.02664,280.62665,279.82663,279.82663,281.02664,282.42664
