wind_kz.json
{"header": {"discipline":0,"disciplineName":"Meteorological products","gribEdition":2,"gribLength":1025,"center":7,"centerName":"US National Weather Service - NCEP(WMC)","subcenter":0,"refTime":"2023-09-23T00:00:00.000Z","significanceOfRT":1,"significanceOfRTName":"Start of forecast","productStatus":0,"productStatusName":"Operational products","productType":1,"productTypeName":"Forecast products","productDefinitionTemplate":0,"productDefinitionTemplateName":"Analysis/forecast at horizontal level/layer at a point in time","parameterCategory":2,"parameterCategoryName":"UnknownDiscipline_0_Category_2","parameterNumber":3,"parameterNumberName":"UnknownParameter_D0_C2_3","parameterUnit":"Unknown","genProcessType":2,"genProcessTypeName":"Forecast","forecastTime":180,"surface1Type":103,"surface1TypeName":"Specified height level above ground","surface1Value":10.0,"surface2Type":255,"surface2TypeName":"Missing","surface2Value":0.0,"gridDefinitionTemplate":0,"gridDefinitionTemplateName":"Latitude_Longitude","numberPoints":615,"shape":6,"shapeName":"Earth spherical with radius of 6,371,229.0 m","gridUnits":"degrees","resolution":48,"winds":"true","scanMode":64,"nx":41,"ny":15,"basicAngle":0,"lo1":47.0,"la1":41.0,"lo2":87.0,"la2":55.0,"dx":1.0,"dy":1.0}, "data":
[rows 0 to 14 of 15, columns 0 to 40 of 41]
4.5679736,2.2979736,3.4179735,2.6079736,-0.38202637,-2.8920264,-2.8920264,-1.4720263,-2.0220263,-3.8520265,-4.0120263,-5.2120266,-5.0220265,-5.4120264,-5.5220265,-5.2120266,-4.9120264,-4.172026,-1.4020264,-2.7320263,-0.85202634,-3.1220264,-2.7420263,-0.062026367,4.097974,2.7279737,1.3279736,0.8679736,-2.3320265,3.7479737,1.9179736,2.3279736,1.4879737,4.2879734,2.6379735,0.9479736,-0.08202637,0.8079736,-1.9820263,-3.5320263,0.007973633
-0.8720264,2.9279737,4.847974,2.9879737,-1.4120264,-5.442026,-2.0020263,-2.6320264,-3.1920264,-3.9720263,-4.922026,-8.682026,-9.742026,-5.672026,-5.2320266,-6.422026,-5.9720263,-2.6420264,-3.1920264,-3.4920263,-3.4020264,-3.8420265,-2.8120263,-0.15202637,4.0479736,3.2579737,2.2779737,2.1379735,-1.0920264,-1.9520264,-2.2520263,-1.9620264,1.5779736,-1.2120264,1.5179737,3.2279737,1.9679736,1.6179737,-0.0020263672,1.0879736,-0.44202638
3.2779737,6.2779737,4.367974,3.2279737,3.2079737,0.19797364,-2.4120264,-3.1220264,-3.9320264,-4.1620264,-4.7820263,-4.692026,-6.0620265,-7.9120264,-8.322026,-7.0020266,-3.3020263,-2.8320265,-1.5920264,0.11797363,2.5479736,-2.0620263,-0.79202634,-0.5020264,2.1379735,3.8479736,-0.042026367,-4.4720263,-2.3920264,-1.9220264,-1.8920264,-1.2120264,-2.3320265,0.76797366,0.6379736,-0.8020264,0.21797363,-2.9620264,-2.0520263,1.5479736,0.60797364
3.4879737,3.6879737,2.9979737,1.2879736,1.2179736,-0.12202637,-1.2420263,-3.6520264,-4.6020265,-5.5520263,-5.3520265,-5.0520263,-6.0420265,-6.4520264,-6.6420264,-4.5620265,-3.5020263,-2.1920264,-1.7820264,-1.2520263,-3.7820263,1.5979736,-1.9720263,1.0279737,2.9579737,3.9579737,-1.8120264,-4.4920263,-1.1820264,-2.7220263,-2.3520265,-0.35202637,1.8579736,1.6479737,0.48797363,0.41797364,-2.3420265,0.18797363,2.2779737,-1.0620264,-1.4220264
1.4079736,0.91797364,-0.8220264,-1.3820263,-0.43202636,-0.42202637,-2.3320265,-2.9720263,-3.8720264,-4.7020264,-5.2820263,-3.4820263,-5.7620263,-6.592026,-7.112026,-5.0220265,-5.7720265,-2.1320264,5.6079736,-0.53202635,-1.1720264,-0.6820264,-2.9320264,2.9779737,5.617974,4.2079735,6.6679735,-3.4420264,-2.1220264,-3.3120263,-5.942026,-6.2720265,-2.9220264,-0.072026365,0.8779736,1.4979737,0.8679736,0.33797362,0.43797362,-0.23202637,-1.1120263
3.1979737,2.8279736,1.3079736,0.31797364,-1.5120263,-4.3220263,-1.7620263,-2.8520265,-3.5220263,-4.882026,-6.132026,-6.0520263,-5.7920265,-6.3220263,-5.9820266,-5.0320263,-5.4820266,-4.2520266,-4.172026,5.347974,3.0079737,3.9679737,2.5879736,2.0179737,5.5179734,2.3879735,1.5879736,-3.4620264,-3.6920264,-3.6420264,-4.132026,-4.4820266,-5.112026,-3.2320263,-1.4620264,-0.31202638,-1.4220264,0.43797362,4.4379735,1.7079736,-0.6820264
3.1479735,2.4479737,3.2179737,3.2579737,3.6679735,-1.4020264,-1.8920264,-2.4520264,-3.5320263,-4.7320266,-5.2520266,-5.7720265,-6.6420264,-7.1620264,-7.112026,-7.7020264,-5.902026,-3.6420264,-0.8820264,-2.1120265,-4.2020264,-0.8620264,2.8179736,0.34797364,0.64797366,1.4479736,-1.7620263,-3.9820263,-5.8120265,-3.2920263,-4.422026,-4.8720264,-6.672026,-7.4520264,-0.28202638,-1.6220263,-0.73202634,-1.9120264,-1.6220263,1.9579736,-2.7920263
2.5579736,1.7879736,1.4779736,1.3679737,-0.20202637,-1.3820263,-1.7120264,-2.6520264,-3.3720264,-4.4520264,-5.0820265,-4.8520265,-6.2220263,-6.7620263,-7.2620263,-7.1420264,-7.4620266,-7.3720264,-5.9120264,-4.7620263,-3.9020264,-3.9720263,-2.5020263,1.4979737,3.3779736,3.5279737,1.2779737,-3.4620264,-3.8520265,-1.8420264,-2.6920264,-3.2920263,-4.6020265,-7.0620265,-5.2720265,-5.2120266,-0.29202637,-0.7420264,1.9679736,0.85797364,-0.33202636
2.5679736,2.2579737,1.5979736,0.84797364,-0.6220264,-1.2920264,-1.5020263,-2.2520263,-2.4920263,-3.3220263,-4.092026,-4.7520266,-5.2420263,-5.8920264,-6.3720264,-6.9520264,-7.2420263,-7.0720263,-5.7220263,-5.092026,-2.7520263,-3.3720264,-3.2920263,-2.4320264,0.107973635,6.2079735,3.8279736,2.5879736,0.71797365,-1.0720264,-0.9420264,-3.0420263,-4.1620264,-4.7220263,-4.7320266,-4.632026,-3.4620264,-2.9020264,-1.8120264,-1.5220264,-2.6820264
2.8979735,2.2179737,1.4179736,0.5679736,-0.21202637,-1.1220263,-1.5020263,-2.1520264,-2.7420263,-3.3220263,-3.9120264,-4.0620265,-4.7220263,-4.692026,-5.402026,-5.6220264,-6.0320263,-5.9120264,-5.1420264,-5.442026,-4.902026,-5.0120263,-5.4320264,-5.1820264,-5.5520263,-3.8820264,-3.5220263,-2.5920265,-2.3120263,-2.8520265,-1.7220263,-2.5820265,-3.2220263,-3.1120265,-2.7920263,-2.8320265,-1.4820263,-0.26202637,0.077973634,0.26797363,-0.8020264
3.1679735,2.3679736,1.7879736,1.0579736,0.27797362,-0.59202635,-1.1320263,-1.5420264,-2.3720264,-3.0520263,-2.8320265,-2.7520263,-3.7220263,-4.2520266,-4.652026,-4.6820264,-5.0720263,-5.1820264,-4.5420265,-4.4920263,-3.8120263,-4.2020264,-4.4920263,-4.0720263,-4.2320266,-3.6220264,-1.6220263,-2.0720263,-1.8820263,-1.7220263,-2.4220264,-2.8820264,-3.1320264,-3.3520265,-2.5620263,-2.7320263,-1.9120264,-1.0220264,-3.0820265,-1.7620263,-1.3420264
3.4579737,2.5679736,2.1979737,2.0879736,0.97797364,-0.5520264,-1.4220264,-2.0720263,-2.5620263,-2.4020264,-2.1920264,-1.2520263,-2.4220264,-2.8720264,-3.4320264,-3.7720263,-3.9120264,-3.6620264,-3.9320264,-3.3820264,-3.5120263,-2.3520265,-1.4720263,-1.7720264,-1.7820264,-1.8820263,-1.7920264,-1.8420264,-1.9720263,-1.8220264,-1.3020264,-2.2020264,-2.2120264,-2.9220264,-2.7420263,-1.7320263,-2.5320263,-1.9420264,-1.8620263,-0.6220264,-0.53202635
3.3679736,3.7179737,2.2879736,1.8379736,1.4979737,0.44797364,-0.18202637,-1.7320263,-2.4320264,-3.2520263,-1.8620263,-1.7720264,-0.0020263672,-1.9120264,-2.4520264,-2.9520264,-3.3920264,-3.0520263,-2.7120264,-2.0520263,-1.7120264,-1.6220263,-1.6320263,-1.4720263,-1.0520264,-0.97202635,0.067973636,-0.41202638,-0.28202638,-1.1020263,-0.59202635,-1.0220264,-2.1020265,-0.70202637,-2.0620263,-2.3820264,-2.5520263,-1.6620264,-2.1820264,-1.5220264,-1.3820263
3.4779737,3.6279736,3.7379737,2.1779737,1.7679737,1.4879737,0.6879736,-0.52202636,-0.76202637,-1.6520264,-1.6120263,-1.5020263,-1.1320263,-0.49202636,-2.0620263,-2.2720263,-2.5620263,-2.2820263,-1.4620264,-1.5720264,-1.2920264,-1.3420264,-1.3020264,-1.4020264,-1.1520264,-1.0720264,-0.25202638,-0.38202637,-0.37202635,-1.0220264,-1.4120264,-0.65202636,0.53797364,-0.5720264,-1.7320263,-0.76202637,-1.3020264,-1.5420264,-1.8120264,-1.0520264,-1.2220263
2.8779736,3.4279737,4.8779736,2.3679736,2.2679737,1.8979737,0.89797366,0.107973635,-0.25202638,-0.41202638,-0.27202636,-0.23202637,-0.43202636,-2.3120263,-2.7320263,-2.7420263,-2.4320264,-1.9820263,-1.8320264,-1.2720264,-1.3820263,-1.3220264,-1.0120263,-1.2720264,-1.1720264,-0.9320264,-1.5820264,-1.8520263,-1.4020264,-1.1420264,-1.7220263,-0.37202635,0.84797364,0.7579736,0.30797362,-1.1420264,-1.0420264,-1.9820263,-2.2620263,0.007973633,0.90797365
