wind_kz.json
{"header": {"discipline":0,"disciplineName":"Meteorological products","gribEdition":2,"gribLength":871,"center":7,"centerName":"US National Weather Service - NCEP(WMC)","subcenter":0,"refTime":"2023-08-25T12:00:00.000Z","significanceOfRT":1,"significanceOfRTName":"Start of forecast","productStatus":0,"productStatusName":"Operational products","productType":1,"productTypeName":"Forecast products","productDefinitionTemplate":0,"productDefinitionTemplateName":"Analysis/forecast at horizontal level/layer at a point in time","parameterCategory":0,"parameterCategoryName":"UnknownDiscipline_0_Category_0","parameterNumber":0,"parameterNumberName":"UnknownParameter_D0_C0_0","parameterUnit":"Unknown","genProcessType":2,"genProcessTypeName":"Forecast","forecastTime":300,"surface1Type":1,"surface1TypeName":"Ground or water surface","surface1Value":0.0,"surface2Type":255,"surface2TypeName":"Missing","surface2Value":0.0,"gridDefinitionTemplate":0,"gridDefinitionTemplateName":"Latitude_Longitude","numberPoints":615,"shape":6,"shapeName":"Earth spherical with radius of 6,371,229.0 m","gridUnits":"degrees","resolution":48,"winds":"true","scanMode":64,"nx":41,"ny":15,"basicAngle":0,"lo1":47.0,"la1":41.0,"lo2":87.0,"la2":55.0,"dx":1.0,"dy":1.0}, "data":
[rows 0 to 14 of 15, columns 0 to 40 of 41]
295.03912,285.43912,289.1391,298.53912,298.3391,297.6391,296.53912,297.7391,296.43912,297.7391,297.3391,298.53912,297.6391,296.8391,296.6391,293.93912,294.03912,293.1391,293.53912,292.8391,294.53912,289.43912,288.6391,287.7391,289.2391,291.2391,289.6391,275.53912,274.53912,274.6391,273.2391,268.93912,285.93912,292.43912,294.53912,293.8391,293.43912,294.43912,294.7391,295.43912,294.6391
276.8391,290.53912,298.1391,298.43912,298.6391,297.43912,297.03912,295.93912,296.03912,297.03912,296.8391,295.6391,295.53912,294.03912,295.03912,294.93912,290.03912,290.03912,291.53912,291.53912,293.2391,292.6391,292.53912,285.93912,274.8391,274.6391,284.03912,275.1391,276.6391,272.43912,278.6391,270.93912,278.2391,251.83911,272.53912,290.3391,288.8391,291.43912,295.1391,286.3391,283.93912
289.6391,297.6391,298.43912,298.53912,297.3391,296.1391,296.2391,296.03912,294.43912,294.6391,295.2391,295.1391,293.3391,294.1391,293.7391,293.8391,292.53912,290.3391,289.2391,289.93912,293.03912,293.1391,293.93912,287.03912,286.93912,287.6391,288.2391,287.3391,287.53912,280.53912,272.6391,273.53912,279.43912,278.8391,281.1391,281.7391,273.6391,274.53912,276.03912,272.1391,272.1391
290.43912,298.2391,298.6391,297.7391,295.93912,295.6391,296.53912,295.03912,295.1391,295.03912,293.6391,293.3391,294.3391,293.6391,293.43912,293.1391,294.03912,293.2391,290.8391,290.53912,290.03912,286.3391,290.53912,291.43912,292.03912,290.3391,291.8391,290.93912,286.7391,285.6391,286.93912,286.2391,290.53912,289.6391,289.03912,286.2391,272.7391,271.7391,277.3391,285.03912,288.43912
290.43912,297.3391,298.03912,297.8391,296.3391,295.03912,296.53912,294.53912,295.6391,295.7391,293.93912,292.43912,294.03912,292.6391,290.6391,294.7391,294.2391,292.8391,291.3391,292.93912,292.53912,292.6391,290.7391,290.6391,290.93912,291.3391,288.93912,290.53912,289.3391,288.7391,289.93912,285.93912,277.7391,270.3391,279.43912,288.1391,289.93912,291.2391,290.7391,292.6391,291.8391
286.7391,286.53912,295.53912,296.3391,297.3391,296.8391,294.43912,296.7391,297.2391,296.8391,294.2391,294.43912,293.6391,293.7391,293.93912,293.3391,295.1391,293.53912,293.7391,293.2391,292.6391,292.53912,291.2391,290.6391,289.3391,289.1391,288.7391,292.2391,290.6391,290.53912,289.2391,289.8391,287.53912,284.53912,285.6391,288.43912,281.3391,283.1391,289.2391,293.03912,293.53912
288.8391,288.1391,289.3391,289.53912,291.53912,290.43912,293.43912,294.1391,296.1391,298.03912,297.3391,297.1391,296.1391,294.93912,295.1391,296.3391,295.03912,294.6391,293.93912,292.43912,291.3391,291.7391,292.1391,291.8391,289.8391,289.8391,288.43912,289.43912,289.03912,288.43912,288.3391,288.8391,288.03912,289.53912,286.7391,286.3391,283.3391,279.1391,277.7391,280.3391,290.7391
287.2391,288.43912,291.03912,289.43912,290.8391,290.43912,291.8391,294.3391,292.6391,296.3391,297.53912,297.2391,293.93912,294.93912,296.43912,295.2391,294.3391,294.03912,293.2391,290.8391,289.8391,290.1391,289.93912,290.2391,289.43912,286.43912,286.2391,286.8391,285.03912,286.43912,285.7391,285.43912,284.93912,282.6391,279.53912,284.2391,287.03912,289.3391,285.8391,285.1391,281.93912
287.6391,287.93912,288.8391,286.8391,288.2391,288.6391,288.03912,290.6391,293.7391,293.53912,293.03912,293.8391,292.2391,294.03912,295.1391,294.93912,294.03912,292.8391,291.6391,290.3391,288.43912,287.7391,288.93912,288.6391,287.7391,287.6391,284.53912,283.8391,281.03912,280.03912,282.3391,282.6391,282.6391,283.93912,281.7391,279.6391,283.1391,283.1391,274.8391,276.93912,277.43912
285.93912,287.8391,291.3391,287.93912,287.6391,287.6391,285.6391,288.6391,292.6391,293.6391,293.6391,293.2391,294.03912,293.8391,292.6391,291.8391,292.93912,291.2391,290.43912,290.03912,288.7391,288.8391,288.7391,288.7391,288.2391,286.7391,286.2391,285.2391,284.53912,283.3391,281.53912,284.1391,286.1391,285.3391,283.1391,280.8391,280.93912,280.53912,276.53912,274.53912,275.43912
285.93912,288.7391,286.3391,288.03912,287.3391,286.6391,286.93912,285.3391,287.3391,293.8391,291.2391,292.03912,293.2391,291.43912,292.03912,292.53912,290.1391,290.7391,290.43912,289.03912,288.6391,288.6391,288.3391,288.53912,287.8391,288.1391,285.6391,287.03912,286.8391,287.6391,286.93912,286.1391,285.53912,285.6391,283.6391,282.53912,279.8391,276.1391,274.7391,277.53912,276.6391
286.03912,286.7391,284.8391,287.8391,285.7391,288.8391,284.6391,284.2391,285.7391,287.53912,288.53912,289.43912,291.1391,290.3391,290.53912,291.53912,292.1391,291.8391,289.53912,288.6391,287.8391,286.93912,287.3391,287.8391,289.2391,288.03912,288.7391,290.03912,289.6391,289.2391,287.7391,285.93912,287.1391,285.1391,285.43912,283.8391,283.1391,281.03912,281.93912,281.03912,281.03912
283.43912,286.1391,287.7391,286.6391,284.93912,285.6391,284.03912,284.3391,284.7391,286.3391,285.3391,285.3391,288.43912,288.03912,288.53912,290.1391,291.3391,289.43912,288.6391,288.03912,287.53912,286.6391,286.2391,286.8391,291.1391,290.43912,290.43912,289.93912,289.8391,289.43912,289.3391,288.7391,287.6391,286.53912,285.2391,284.6391,284.03912,283.93912,282.7391,281.43912,280.7391
284.43912,285.3391,287.93912,286.7391,286.43912,286.1391,282.53912,284.2391,284.3391,288.53912,286.03912,284.8391,286.6391,287.53912,288.1391,289.03912,290.53912,288.93912,288.2391,288.03912,287.8391,287.6391,288.03912,288.03912,288.6391,288.43912,287.53912,289.6391,288.6391,289.93912,288.7391,288.1391,287.03912,286.2391,286.3391,285.03912,284.6391,283.7391,282.3391,281.93912,281.03912
284.2391,285.3391,289.6391,285.43912,284.3391,285.6391,283.7391,282.3391,285.1391,286.6391,286.53912,285.3391,285.7391,286.53912,287.53912,288.8391,289.3391,287.7391,287.7391,287.6391,290.03912,287.3391,287.53912,287.1391,287.3391,287.43912,287.2391,287.6391,288.53912,287.8391,288.1391,285.6391,286.3391,286.3391,286.3391,285.7391,285.2391,284.6391,283.43912,283.3391,281.6391
