wind_kz.json
{"header": {"discipline":0,"disciplineName":"Meteorological products","gribEdition":2,"gribLength":1025,"center":7,"centerName":"US National Weather Service - NCEP(WMC)","subcenter":0,"refTime":"2023-10-05T18:00:00.000Z","significanceOfRT":1,"significanceOfRTName":"Start of forecast","productStatus":0,"productStatusName":"Operational products","productType":1,"productTypeName":"Forecast products","productDefinitionTemplate":0,"productDefinitionTemplateName":"Analysis/forecast at horizontal level/layer at a point in time","parameterCategory":2,"parameterCategoryName":"UnknownDiscipline_0_Category_2","parameterNumber":3,"parameterNumberName":"UnknownParameter_D0_C2_3","parameterUnit":"Unknown","genProcessType":2,"genProcessTypeName":"Forecast","forecastTime":120,"surface1Type":103,"surface1TypeName":"Specified height level above ground","surface1Value":10.0,"surface2Type":255,"surface2TypeName":"Missing","surface2Value":0.0,"gridDefinitionTemplate":0,"gridDefinitionTemplateName":"Latitude_Longitude","numberPoints":615,"shape":6,"shapeName":"Earth spherical with radius of 6,371,229.0 m","gridUnits":"degrees","resolution":48,"winds":"true","scanMode":64,"nx":41,"ny":15,"basicAngle":0,"lo1":47.0,"la1":41.0,"lo2":87.0,"la2":55.0,"dx":1.0,"dy":1.0}, "data":
[rows 0 to 14 of 15, columns 0 to 40 of 41]
-0.6029053,1.1470947,-2.4229052,-10.462905,-11.232905,-11.432905,-9.552905,-6.8829055,-6.642905,-6.5229053,-6.8129053,-4.7129054,-4.1129055,-3.5529053,3.1470947,2.5870948,2.3270948,0.27709472,0.06709473,-1.8229053,1.7770947,-1.9229053,-1.7629052,-2.0629053,-1.3129053,-0.31290528,-1.2629052,1.0370947,0.7870947,-0.13290527,-2.2929053,-3.2129052,-0.50290525,-2.2029052,-1.9529053,-2.1129053,-2.1729052,-2.0229053,-3.2129052,-3.3629053,1.0770947
-0.5929053,-1.0729053,-10.782906,-8.712905,-10.242906,-11.342905,-8.402905,-9.502905,-7.0229053,-7.6129055,-7.2729053,-5.8129053,-5.642905,-5.4629054,-5.7329054,3.1070948,3.8070948,2.4270947,0.7370947,0.50709474,1.7570947,-0.44290528,0.087094724,1.4470947,-0.18290527,-1.2329053,-2.4129052,0.87709475,-0.32290527,1.2370948,1.8970947,1.0470947,-0.74290526,-4.1129055,-4.9429054,-1.4929053,-2.2829053,-3.0129054,0.26709473,-2.8729053,-1.1729053
-1.0529053,-5.5829053,-7.9229054,-8.932905,-9.322906,-8.452906,-9.512905,-8.122906,-7.842905,-8.432905,-8.232905,-7.052905,-6.572905,-6.6729054,-4.9229054,-3.7429054,4.507095,4.237095,2.7070947,3.5670948,1.3970947,-1.1929053,-0.36290526,0.68709475,1.0170947,0.7070947,1.0370947,0.9270947,-0.022905273,2.4270947,1.2770947,1.4870948,1.7770947,0.0070947264,-1.1629052,3.0870948,4.3070946,-1.4529053,-0.48290527,-0.75290525,1.9770948
2.5070946,-2.2529054,-4.932905,-6.5229053,-5.0829053,-6.302905,-6.9829054,-7.3629055,-7.762905,-6.9829054,-7.472905,-7.0829053,-9.652905,-8.032906,-5.0029054,-2.5129054,-0.7829053,4.7270947,3.1470947,4.4370947,2.0870948,1.3970947,1.4070947,1.4770948,0.8370947,-0.35290527,-0.7829053,-0.052905273,3.9570947,3.7070947,1.3270947,-0.62290525,-1.6529052,-1.4529053,-1.1129053,-2.4429052,-1.1629052,1.5370947,4.3770947,0.37709472,1.2370948
3.8570948,-2.9029052,-5.0429053,-5.142905,-3.7229052,-1.2829052,-4.3529053,-4.9029055,-5.4629054,-6.3729053,-6.3329053,-6.8729053,-9.232905,-8.042905,-5.762905,-0.49290526,1.4470947,4.2870946,4.5770946,4.1270947,2.5570948,2.0470948,1.8570948,0.7270947,-0.07290527,-1.0029052,-1.1529052,-1.6129053,-0.0029052733,-0.56290525,-1.1729053,1.4270947,2.2670946,2.4670947,-1.0729053,-0.6429053,-0.39290527,0.27709472,1.3270947,0.8570947,0.017094726
2.0170946,0.057094727,-2.0929053,-3.8029053,-4.6929054,-3.5029054,-1.5429053,-4.7129054,-4.8129053,-5.0829053,-6.452905,-7.7729053,-8.012905,-8.012905,-6.472905,-0.94290525,2.6770947,5.217095,4.4770947,4.157095,3.4870946,3.9970946,3.0670948,2.2570946,1.4570947,0.10709473,-0.27290526,0.15709473,-0.34290528,-1.0229052,-1.0629053,-0.73290527,-0.13290527,0.047094725,1.7670947,3.7570946,3.1470947,2.4070947,0.68709475,0.80709475,0.61709476
-0.20290527,0.037094727,-0.7929053,-0.41290528,-1.8829052,-2.6029053,-2.8329053,-3.9229052,-4.282905,-5.6229053,-4.392905,-5.2529054,-6.202905,-7.0829053,-7.1129055,-6.822905,0.09709473,5.237095,5.607095,4.0570946,3.7070947,3.8170948,3.7370946,4.3470945,3.2270947,2.0470948,0.55709475,0.7270947,0.39709473,0.21709472,-0.17290527,-0.69290525,-1.1129053,-0.14290528,-0.50290525,-1.9629053,-2.9929054,-0.4629053,0.14709473,-0.28290528,0.20709473
-0.5929053,-0.93290526,-0.44290528,-1.3329053,-1.9129052,-1.5529053,-2.2429054,-2.1029053,-3.6429052,-3.8129053,-4.662905,-4.3329053,-5.6229053,-6.662905,-6.952905,-7.5629053,-5.072905,4.0370946,6.777095,4.657095,3.3670948,3.4970946,3.5770948,4.3670945,5.1870947,2.8170948,3.8670948,2.2770948,1.3370948,2.5970948,1.3270947,1.6770947,0.9870947,0.24709472,0.6470947,0.5370947,0.5870947,-0.5929053,0.5370947,0.047094725,-1.9629053
2.1070948,0.9570947,-0.12290528,-0.6529053,-0.7029053,-1.2629052,-1.2329053,-1.8329053,-2.0929053,-2.1629052,-2.8829052,-3.8229053,-4.5629053,-6.0829053,-6.4829054,-7.142905,-6.4029055,1.3370948,7.8070946,6.7470946,6.4370947,4.7270947,4.547095,4.2270947,4.5970945,3.8970947,2.6170948,3.1570947,2.5770948,2.0970948,3.0270948,2.3470948,1.7970947,2.0170946,1.1870947,1.1470947,-1.8729053,0.3470947,0.9570947,0.7370947,-1.3729053
0.5970947,1.6870947,1.6770947,1.2870947,0.7070947,0.22709472,-0.062905274,-1.2829052,-1.7429053,-2.0229053,-2.3329053,-2.9829054,-4.392905,-4.3829055,-5.3129053,-6.6729054,-6.842905,-3.6229053,4.197095,6.8670945,6.5770946,7.1870947,5.6170945,4.717095,4.5170946,3.8170948,3.8470948,3.1670947,3.1170948,2.5470948,3.2170947,2.6670947,3.3670948,2.8670948,0.9870947,0.93709475,0.30709472,-2.3229053,-0.5729053,2.7170947,2.8370948
1.2170948,1.0770947,1.6370947,1.6470947,1.9670948,1.2670947,1.0770947,1.3070947,-0.50290525,-0.4029053,-2.1729052,-3.3729053,-2.0829053,-3.4629052,-3.7929053,-4.592905,-4.992905,-5.762905,-2.9529052,5.677095,5.317095,6.3870945,6.3970947,6.1870947,6.0570946,5.2670946,3.3970947,3.6870947,3.3670948,3.4370947,3.0470948,3.5170946,3.6870947,3.0570948,2.5570948,0.7970947,0.7370947,2.1770947,1.3170947,1.2870947,0.10709473
-0.17290527,-0.19290528,0.50709474,0.55709475,1.1070948,1.9570947,1.6570947,1.7670947,1.6470947,1.5870948,-0.5929053,-1.6629052,-2.1429052,-1.4129052,-2.0429053,-1.4429053,-3.7429054,-3.0529053,-4.0629053,-0.63290524,6.2470946,6.2670946,6.1270947,5.817095,5.587095,4.4570947,4.5570946,4.357095,4.0770946,3.6570947,2.8770947,3.6170948,3.0470948,3.2170947,2.4670947,2.3870947,1.8770947,2.2670946,1.9770948,2.1070948,1.0870948
-0.012905274,0.42709473,0.6570947,0.50709474,1.4470947,1.1570947,1.5070947,2.6270947,3.0070946,2.3770947,1.6270947,-0.21290527,0.017094726,-1.4529053,-2.3729053,-1.8229053,-0.48290527,-1.5129052,-2.4229052,-3.4529052,-0.75290525,5.9170947,6.087095,6.1270947,5.6470947,4.947095,4.7670946,4.1370945,3.7970948,3.5470948,3.6170948,3.6570947,3.2270947,3.3970947,3.1670947,3.1670947,2.4870946,1.5270947,2.1770947,1.3270947,0.86709476
0.047094725,-0.15290527,-0.99290526,-0.10290527,0.3170947,1.0370947,2.0070946,2.8770947,3.6070948,3.7070947,2.4370947,1.1970947,0.9870947,1.1670947,0.41709474,-1.7529052,-1.8229053,0.9070947,-1.1429052,-1.5429053,-2.7529054,-3.8429053,3.3270948,3.9770947,4.8770947,4.1370945,3.6470947,4.2270947,3.5570948,3.7470946,3.7670946,3.6670947,3.6070948,3.6570947,2.8370948,2.8070948,2.3670948,1.8870947,1.7470948,1.9470947,1.8270947
-0.07290527,-0.21290527,-2.3629053,-1.0929053,0.19709472,1.5070947,2.5070946,3.2770948,4.087095,4.337095,3.4570947,3.7170947,2.0070946,0.8370947,0.017094726,-0.15290527,-1.6329052,-2.6229053,-0.042905275,-0.022905273,-0.042905275,-1.1629052,-2.6629052,-2.4229052,3.3070948,4.0770946,4.0370946,3.5570948,3.4370947,3.8270948,3.9270947,4.5770946,3.4770947,3.3770947,3.6070948,3.5670948,3.0970948,3.0370948,2.6670947,2.8870947,1.2870947
