wind_kz.json
{"header": {"discipline":0,"disciplineName":"Meteorological products","gribEdition":2,"gribLength":1025,"center":7,"centerName":"US National Weather Service - NCEP(WMC)","subcenter":0,"refTime":"2023-08-22T06:00:00.000Z","significanceOfRT":1,"significanceOfRTName":"Start of forecast","productStatus":0,"productStatusName":"Operational products","productType":1,"productTypeName":"Forecast products","productDefinitionTemplate":0,"productDefinitionTemplateName":"Analysis/forecast at horizontal level/layer at a point in time","parameterCategory":2,"parameterCategoryName":"UnknownDiscipline_0_Category_2","parameterNumber":2,"parameterNumberName":"UnknownParameter_D0_C2_2","parameterUnit":"Unknown","genProcessType":2,"genProcessTypeName":"Forecast","forecastTime":120,"surface1Type":103,"surface1TypeName":"Specified height level above ground","surface1Value":10.0,"surface2Type":255,"surface2TypeName":"Missing","surface2Value":0.0,"gridDefinitionTemplate":0,"gridDefinitionTemplateName":"Latitude_Longitude","numberPoints":615,"shape":6,"shapeName":"Earth spherical with radius of 6,371,229.0 m","gridUnits":"degrees","resolution":48,"winds":"true","scanMode":64,"nx":41,"ny":15,"basicAngle":0,"lo1":47.0,"la1":41.0,"lo2":87.0,"la2":55.0,"dx":1.0,"dy":1.0}, "data":
[rows 0 to 14 of 15, columns 0 to 40 of 41]
0.75808835,1.6680884,-2.1419115,-2.2919116,-1.7219117,-0.69191164,2.7980883,4.1280885,4.198088,3.5780883,5.0180883,5.6680884,5.3180885,6.2280884,7.5780883,6.3480883,5.3080883,8.218088,7.158088,7.2280884,5.7280884,4.138088,2.4680884,2.4280884,1.5880884,1.7780883,3.5880883,3.7280884,0.44808838,0.5280884,-0.7019116,-0.27191162,1.0580884,0.62808836,0.29808837,-1.2919116,-1.5119116,-1.2519116,-0.75191164,-3.2319117,-1.1019117
0.4380884,-1.8519117,1.7280884,2.2180884,2.4880884,3.5180883,6.9180884,6.8780885,8.148088,7.5280886,6.2980886,7.178088,7.448088,7.388088,7.908088,8.298088,7.428088,8.928088,9.278089,7.928088,6.0980883,3.4680884,3.8380883,5.428088,4.0480886,0.38808838,1.4380884,1.5480884,3.2180884,1.8880883,0.5480884,0.15808839,0.07808838,0.9080884,-0.09191162,0.5780884,-0.62191164,-3.1919117,-0.6619116,-3.5419116,-0.5519116
-1.4719117,-0.7019116,0.3380884,2.8080883,4.8980885,6.0680885,7.3980885,7.2380886,8.978088,9.788089,7.8980885,6.718088,7.0780883,7.6180882,8.898088,10.118089,10.158089,9.338088,9.848088,9.408089,6.1480885,3.5680883,3.8780885,5.718088,2.9380884,0.4080884,-1.8219116,-0.5219116,4.2580886,-0.7319116,1.7380884,-2.5919116,-0.6119116,-0.12191162,-1.1419116,2.2880883,1.9180884,-0.29191163,0.98808837,-0.18191162,0.9080884
-0.7219116,-0.06191162,2.5180883,4.1280885,5.888088,4.7880883,6.3480883,8.788089,9.628088,10.098088,9.798088,8.188088,7.0680885,9.198089,9.628088,10.648088,10.918088,9.038089,5.948088,5.4780884,3.2880883,3.3280883,3.9380884,4.3080883,1.1180884,2.1380885,4.9380884,3.9680884,3.9780884,2.3780885,2.5080884,0.11808838,-2.4919116,-1.3019116,-1.2319117,-1.0419116,1.3380884,0.45808837,-0.81191164,3.2180884,2.1880884
-0.10191162,1.4280884,2.1680884,3.0580883,2.5580883,3.1480885,3.9980884,4.1680884,5.908088,6.9180884,7.3780885,8.628088,9.748089,9.918088,9.688088,10.998089,10.518088,8.068089,5.638088,4.4380884,2.6880884,7.5680885,4.4980884,3.2980883,3.1180885,4.7280884,6.1680884,6.3780885,6.1280885,5.5580883,5.7680883,6.448088,6.0880885,0.18808837,-2.9719117,-1.1819116,-0.6119116,-5.2219114,-3.3019116,-4.6519117,-1.6819116
3.1280885,3.4380884,4.2580886,5.1680884,3.1680884,2.6080885,2.3880885,3.4780884,5.6680884,6.888088,7.2480884,7.948088,9.228088,10.278089,10.568089,9.488089,8.118089,6.7780886,5.7580886,7.388088,4.3480883,4.3980885,8.178088,5.5080886,5.5480886,7.1080885,6.718088,3.0680883,7.678088,7.1880884,7.3680882,6.388088,6.928088,8.318089,8.018088,3.8680885,0.7980884,-0.5519116,-3.0919116,-1.0919117,-4.4619117
4.5980883,3.8780885,4.1080885,4.1480885,4.218088,4.0080886,4.2280884,4.218088,3.7680883,5.5880885,5.678088,7.468088,8.418088,9.328089,10.198089,7.7680883,5.0180883,4.5080886,6.2480884,5.658088,5.1180882,-0.43191162,9.968088,7.2280884,5.2980886,6.2680883,9.118089,9.468088,9.228088,6.5080886,5.2980886,2.5480883,0.86808836,1.7180884,1.1580883,-0.3119116,-2.1319115,1.0680884,-1.7819116,3.2280884,3.7380884
2.0980883,2.8480883,4.3380885,5.0580883,4.3480883,4.5380883,4.8980885,4.198088,4.4880886,4.8180885,5.6880884,7.0280886,8.198089,7.6080885,8.908089,7.718088,6.0580883,6.2380886,7.2080884,7.3980885,6.8280883,1.1280884,5.8180885,4.9780884,4.7680883,6.5580883,8.158089,8.008088,6.448088,3.5880883,2.2280884,2.7980883,2.0880883,-3.5919116,-3.5519116,-3.5619116,-1.7819116,0.93808836,-0.23191161,1.2280884,-0.10191162
2.8180883,3.1980884,4.448088,4.2780886,4.3480883,4.5080886,4.138088,3.8980885,4.698088,5.0680885,5.3280883,7.1180882,7.6480885,7.0280886,6.3780885,5.5080886,6.1480885,6.5980883,3.3180883,3.4580884,3.4280884,-4.4219117,9.548088,3.1880884,2.1780884,3.7080884,5.0880885,3.9380884,0.81808835,0.038088378,1.2480884,0.73808837,-2.6719117,-2.5919116,-4.5119114,-2.1019115,-2.4019117,0.4380884,1.0280883,0.22808838,0.9480884
3.2880883,3.6180885,3.6880884,3.2280884,3.3980885,4.138088,3.4980884,4.6080885,4.2780886,5.218088,5.9580884,6.4580884,6.678088,7.6880884,5.7380886,6.7580886,0.9780884,-0.09191162,-2.3419116,-1.2019116,2.6680884,2.8480883,1.9080883,-0.29191163,-0.18191162,-1.6619116,-2.6419115,-3.6219115,-3.3719115,-4.051912,-4.9519114,-5.9719114,-5.1219115,-4.7419114,2.2680883,-0.94191164,-0.68191165,-0.45191163,2.8480883,1.5880884,-0.6619116
2.5180883,3.0380883,3.5880883,3.6580884,4.2580886,3.6080885,4.2980886,3.8580885,3.9780884,4.718088,5.428088,5.1480885,5.1280885,3.7080884,3.6080885,0.8280884,-1.9019116,-0.021911621,5.7380886,3.9780884,1.9980884,-4.5119114,-3.3119116,-1.5319116,-0.76191163,-2.1919117,-2.9019117,-5.6019115,-5.4919114,-7.4519114,-7.2519116,-5.591912,-4.4919114,-2.6019115,-2.0719116,-0.6519116,-1.0319116,1.0380883,3.9980884,1.1280884,3.6680884
3.3280883,2.9080884,3.4980884,3.9780884,3.5180883,3.6180885,3.6380885,3.7780883,3.6980884,3.5680883,3.1680884,3.2880883,2.5880883,1.1680884,3.0080884,-1.1619116,2.9780884,4.178088,-1.2419116,-5.2019114,-5.9319115,-5.4519114,-5.0119114,-4.7519116,-4.4319115,-5.031912,-5.9819117,-6.6419115,-6.4319115,-6.7119117,-4.5619116,-3.8619115,-3.2919116,-4.4819117,-3.9719117,-4.861912,-3.1719117,-2.0019116,-1.8919116,1.3180884,0.11808838
3.2780883,3.1680884,3.3280883,3.2080884,2.3780885,2.9480884,2.2780883,2.2680883,2.2580884,1.6980884,1.3080884,2.7880883,0.42808837,0.6480884,-2.9019117,-2.1919117,-1.2219117,-3.4619117,-3.2919116,-3.6419115,-3.9719117,-4.1019115,-4.8519115,-6.1319118,-6.5819116,-7.0019116,-6.821912,-6.4219117,-5.9119115,-6.071912,-6.1019115,-5.801912,-6.3519115,-4.9919114,-5.611912,-5.4119115,-4.571912,-2.6619117,-3.8419116,-2.6919117,-1.6519116
3.2180884,3.7880883,4.2980886,3.4080884,2.2080884,3.0180883,1.2280884,1.3980883,1.6780884,1.7480884,1.5580884,2.1780884,0.61808836,0.008088379,-1.8919116,-4.3119116,-4.5619116,-4.7219114,-5.7419114,-5.9919114,-5.0819116,-4.9519114,-5.1819115,-5.2919116,-6.1519117,-6.4919114,-6.2919116,-5.821912,-5.6919117,-5.7019114,-5.0019116,-5.7019114,-5.9519114,-5.3819118,-5.2919116,-5.8819118,-4.551912,-4.0219116,-3.9919116,-2.0019116,-0.82191163
3.0880883,3.7780883,3.9780884,3.0780883,2.5380883,1.7480884,2.7080884,2.4280884,1.4680884,1.0080884,-1.0019116,0.11808838,0.5280884,0.5180884,-1.7719116,-4.3819118,-4.4519114,-5.5819116,-4.6519117,-6.4019117,-6.2619114,-5.6519117,-4.6019115,-4.4819117,-3.5819116,-4.1619115,-4.071912,-4.6719117,-3.9219117,-3.8519115,-4.111912,-4.611912,-4.9419117,-4.9419117,-5.6619115,-5.5219116,-5.111912,-4.801912,-4.611912,-4.1619115,-2.6719117
