wind_kz.json
{"header": {"discipline":0,"disciplineName":"Meteorological products","gribEdition":2,"gribLength":1025,"center":7,"centerName":"US National Weather Service - NCEP(WMC)","subcenter":0,"refTime":"2023-10-05T06:00:00.000Z","significanceOfRT":1,"significanceOfRTName":"Start of forecast","productStatus":0,"productStatusName":"Operational products","productType":1,"productTypeName":"Forecast products","productDefinitionTemplate":0,"productDefinitionTemplateName":"Analysis/forecast at horizontal level/layer at a point in time","parameterCategory":2,"parameterCategoryName":"UnknownDiscipline_0_Category_2","parameterNumber":3,"parameterNumberName":"UnknownParameter_D0_C2_3","parameterUnit":"Unknown","genProcessType":2,"genProcessTypeName":"Forecast","forecastTime":60,"surface1Type":103,"surface1TypeName":"Specified height level above ground","surface1Value":10.0,"surface2Type":255,"surface2TypeName":"Missing","surface2Value":0.0,"gridDefinitionTemplate":0,"gridDefinitionTemplateName":"Latitude_Longitude","numberPoints":615,"shape":6,"shapeName":"Earth spherical with radius of 6,371,229.0 m","gridUnits":"degrees","resolution":48,"winds":"true","scanMode":64,"nx":41,"ny":15,"basicAngle":0,"lo1":47.0,"la1":41.0,"lo2":87.0,"la2":55.0,"dx":1.0,"dy":1.0}, "data":
[rows 0 to 14 of 15, columns 0 to 40 of 41]
2.2829382,0.36293823,0.79293823,-5.567062,-9.507062,-11.157062,0.91293824,-1.2570617,1.4129382,1.1929382,-0.05706177,0.28293824,-0.66706175,-1.3670617,-2.5170617,-1.3070618,0.19293824,1.2829382,-0.70706177,-0.17706177,-0.7570618,-1.7670617,-1.6670618,-1.4570618,-1.9370618,-1.6270617,-0.6170618,-0.047061767,1.5929382,2.6129382,0.6229382,-0.09706177,0.5029382,-1.1170617,-1.4270618,0.91293824,1.2429383,-0.5070618,-1.4170618,-2.2370617,2.0429382
5.7329383,1.9929383,1.7429383,-3.2970617,-6.4770617,-8.117062,-2.8070617,-1.6270617,-3.9170618,4.392938,3.3229382,1.2029382,-0.20706177,-0.0070617674,-1.1670618,-3.4670618,-0.24706177,-1.3270618,-1.1170617,0.012938232,-0.12706177,-1.4370618,-1.2870618,1.0329382,0.8129382,0.41293824,-2.4370618,1.8129382,0.41293824,1.9929383,1.5529382,4.0229383,1.4829383,0.91293824,1.4329382,-0.79706174,-1.4170618,-2.1270618,-1.6070617,-1.5970618,0.6329382
1.7629383,4.0929384,1.5629382,-2.6070619,-3.3770618,-2.6670618,-3.3570619,-4.4070616,-3.0170617,2.5029383,4.872938,3.1929383,1.2829382,1.2729383,2.2229383,-1.5570618,0.9329382,-0.6170618,1.1429383,2.6729383,0.60293823,-0.72706175,-2.0070617,0.11293823,1.2929382,1.0929382,-0.23706177,0.36293823,-0.18706177,-0.17706177,3.4329383,1.0729382,0.32293823,0.7529382,-0.65706176,-0.037061766,-0.0070617674,-2.5470617,-0.83706176,1.1529382,1.6329383
-0.38706177,0.47293824,-2.2270617,-2.3170617,-1.3870617,-0.72706175,-1.5470618,-0.6870618,-1.9870617,-4.1370616,-5.4970617,5.0529385,5.1929383,3.2829382,1.1529382,-2.8570619,0.8229382,0.18293823,1.4229382,2.3129382,0.91293824,0.44293824,0.22293824,2.2529383,2.8329382,2.6129382,2.7129383,0.64293826,0.43293822,-1.1570618,-4.047062,-1.7770618,0.24293824,1.3329382,0.19293824,-2.2770617,0.9429382,2.2629383,-0.21706177,1.1329383,0.24293824
-0.85706174,-2.7070618,-1.9870617,-2.1870618,-0.96706176,1.4629382,0.98293823,-0.52706176,1.4029382,0.17293823,0.70293826,-3.9770617,8.652938,6.432938,3.7529383,0.89293826,-1.4270618,0.22293824,0.98293823,3.3329382,2.2829382,1.3629383,-1.3770617,-2.0570617,0.7429382,1.5129383,2.1329381,2.3629382,0.8029382,2.3829381,-3.0670617,0.38293824,1.8629383,1.8529382,-0.13706177,-0.16706176,-0.8170618,-0.28706178,2.4429383,1.4129382,-1.8870617
0.72293824,0.70293826,0.042938232,-0.47706178,-2.7070618,-3.1970618,1.7929382,1.9829383,1.5729382,1.6229383,0.66293824,0.27293822,-6.9770617,8.992938,5.852938,2.3729382,-0.79706174,0.89293826,1.5629382,-0.6370618,2.0429382,1.0429382,0.41293824,-2.0570617,1.6629382,0.97293824,-0.77706176,-1.6470618,0.0029382324,-0.16706176,2.4229383,1.8729383,2.9429383,1.6729382,1.0629382,-0.8270618,0.7429382,0.58293825,-1.3170618,1.2529383,1.2529383
1.5929382,1.0929382,1.1629382,1.0329382,0.64293826,-0.51706177,-0.37706175,3.3129382,3.0229383,1.9129382,1.7529383,3.3429382,1.2129382,7.742938,6.3629384,4.2729383,2.1729383,2.3829381,2.4429383,1.2329383,0.19293824,-0.27706176,1.8529382,1.8429382,2.8529382,1.5329382,-1.3370618,-4.1170616,2.4429383,3.1529381,3.1729383,-1.1270617,2.8729382,2.5129383,-0.05706177,-0.98706174,-2.1770618,0.12293823,0.78293824,0.8129382,-1.1970618
3.2629383,2.9729383,1.4529382,0.41293824,0.07293823,-1.7470617,-3.1270618,1.0629382,2.8129382,2.4729383,2.2729383,3.0129383,1.2929382,9.132938,8.242938,6.4629383,4.9829383,3.1929383,3.6729383,2.0129383,1.1829382,-0.49706176,-0.117061764,0.9329382,3.4929383,2.8229382,-0.09706177,-3.0970619,-1.9770617,0.11293823,1.6229383,0.70293826,1.5629382,2.9229383,2.7329383,1.8229382,1.4129382,-0.18706177,-0.7470618,2.3329382,-0.54706174
3.6229382,3.2029383,3.0729382,1.4929383,1.3929383,0.6929382,0.59293824,0.53293824,3.2329383,2.7829382,1.4929383,2.1329381,3.3529382,4.722938,7.1329384,7.742938,5.622938,5.4229383,4.392938,3.9029381,2.6829383,0.60293823,0.27293822,-1.9970617,2.2829382,2.5629382,2.2229383,0.51293826,-0.98706174,1.1229383,1.1429383,3.1429381,3.6229382,3.8629382,3.6129382,2.3529382,0.7429382,1.7829382,1.1729382,0.5629382,-0.9470618
3.8629382,3.4929383,4.6929383,2.7329383,2.0729382,0.5529382,0.6229382,-0.65706176,2.4229383,1.8929383,0.5029382,3.5629382,5.1929383,6.2729383,7.4829383,5.872938,5.952938,4.372938,3.7429383,3.2329383,3.5629382,3.3329382,1.7129382,1.0829382,-1.7870618,-0.79706174,0.90293825,2.2529383,1.9729382,2.6329381,3.0229383,3.1529381,4.2129383,4.292938,3.162938,1.9429382,0.90293825,-1.5270618,1.0029383,3.3729382,2.8429382
5.4829383,4.6529384,5.3429384,3.9829383,2.8129382,1.6329383,1.9329382,-0.25706178,2.4329383,0.27293822,-0.0070617674,5.912938,8.732938,5.032938,6.742938,5.562938,6.792938,4.622938,4.0529385,3.4829383,3.3129382,3.3129382,2.8029382,3.0329382,1.6929382,0.03293823,-0.37706175,-0.43706176,0.5629382,-0.42706177,1.3029382,3.5129383,3.5529382,3.1729383,3.0629382,1.7029382,1.3829383,2.6529381,2.0229383,1.5929382,0.52293825
5.912938,5.432938,5.432938,5.432938,2.8829381,2.4529383,1.4629382,1.8029382,0.8729382,1.6429383,0.48293823,2.2029383,7.0229383,4.8029385,5.2529383,5.412938,5.1329384,4.1929383,3.1429381,4.062938,3.1229382,2.6329381,2.0129383,2.4729383,2.8829381,0.96293825,0.70293826,-1.1570618,1.6929382,1.2629383,3.1129382,3.9329383,2.8729382,2.7329383,2.2629383,1.8429382,2.1529381,2.9229383,2.4529383,2.0829382,1.0029383
5.2329383,6.042938,6.012938,6.242938,4.3629384,2.1129382,2.4529383,2.7229383,2.0629382,3.4829383,1.1429383,2.4629383,3.6829383,4.872938,4.452938,3.8829381,3.4729383,3.6429381,3.4229383,3.2429383,3.3529382,3.1729383,3.2229383,3.3529382,3.2829382,2.2129383,0.42293823,-0.53706175,-0.08706177,1.5729382,3.7529383,3.8329382,3.412938,3.1229382,3.1529381,3.2629383,3.0929382,1.6929382,2.4429383,1.3829383,0.8029382
8.122938,5.9029384,7.1929383,6.722938,4.912938,2.9029381,4.0529385,3.3829381,2.7929382,3.4829383,1.9029382,0.8729382,2.0229383,4.102938,4.242938,4.3029385,4.032938,3.8229382,3.2429383,3.1129382,2.9229383,3.3129382,3.5329382,3.4329383,2.8229382,1.8729383,0.41293824,0.28293824,0.6329382,3.1729383,3.7929382,3.6429381,3.4929383,3.3729382,2.3729382,2.4729383,2.0729382,1.2829382,1.1529382,1.5029383,1.2929382
6.4629383,7.8429384,9.202938,7.1329384,5.6329384,4.5029383,3.8929381,4.2729383,4.1129384,4.042938,3.2229383,3.9829383,1.8029382,2.2729383,5.332938,4.912938,4.7529383,3.7329383,3.8229382,3.4729383,2.7029383,3.0329382,3.1029382,3.3129382,3.0029383,2.3629382,2.4329383,2.3929381,1.4729382,3.412938,4.532938,4.602938,3.3229382,3.2929382,3.162938,3.162938,2.0529382,2.0829382,1.5129383,1.8229382,0.60293823
