wind.json
{"header": {"discipline":0,"disciplineName":"Meteorological products","gribEdition":2,"gribLength":1125,"center":7,"centerName":"US National Weather Service - NCEP(WMC)","subcenter":0,"refTime":"2023-06-30T18:00:00.000Z","significanceOfRT":1,"significanceOfRTName":"Start of forecast","productStatus":0,"productStatusName":"Operational products","productType":1,"productTypeName":"Forecast products","productDefinitionTemplate":0,"productDefinitionTemplateName":"Analysis/forecast at horizontal level/layer at a point in time","parameterCategory":2,"parameterCategoryName":"UnknownDiscipline_0_Category_2","parameterNumber":2,"parameterNumberName":"UnknownParameter_D0_C2_2","parameterUnit":"Unknown","genProcessType":2,"genProcessTypeName":"Forecast","forecastTime":60,"surface1Type":103,"surface1TypeName":"Specified height level above ground","surface1Value":10.0,"surface2Type":255,"surface2TypeName":"Missing","surface2Value":0.0,"gridDefinitionTemplate":0,"gridDefinitionTemplateName":"Latitude_Longitude","numberPoints":688,"shape":6,"shapeName":"Earth spherical with radius of 6,371,229.0 m","gridUnits":"degrees","resolution":48,"winds":"true","scanMode":64,"nx":43,"ny":16,"basicAngle":0,"lo1":45.0,"la1":40.0,"lo2":87.0,"la2":55.0,"dx":1.0,"dy":1.0}, "data":
[rows 0 to 15 of 16, columns 0 to 42 of 43]
2.0147142,-2.2752857,-2.8152857,-2.3952856,-1.0652857,-0.44528565,-1.4752856,-2.1052856,-4.8952856,-6.465286,-5.2952857,-5.3052855,-4.0752854,-3.6352856,-2.1852856,-0.6352856,-1.5052856,-1.5252856,-1.4752856,-2.6952856,-1.4852856,-0.54528564,-5.0352855,-1.2352856,1.7647144,2.9847143,1.2847143,0.09471436,-0.22528565,0.54471433,1.7747144,1.2247144,1.0047144,-3.6352856,-1.5452857,-1.8752856,-1.2152857,-1.6052856,-1.4952856,-1.0952857,-3.3752856,-2.4752855,-3.0452857
-1.6052856,-1.6852857,-0.045285646,1.7047143,-1.9952856,-3.2852857,-3.3952856,-2.9552855,-5.1652856,-3.4652855,-3.7552857,-3.2952857,-3.6352856,-3.0052857,-1.4952856,0.22471435,1.4847144,1.9347143,-0.09528565,-0.28528565,-1.7852856,-0.055285644,1.8947144,1.0347143,3.6747143,4.0047145,-3.5252857,3.0647144,0.65471435,2.6847143,0.96471435,1.3747144,2.3247144,0.7447144,-0.66528565,-0.8852856,0.76471436,-1.8152857,-0.66528565,0.044714354,1.8047143,0.8047144,-0.6852856
-0.9452856,1.2147144,0.014714356,-2.3652856,-5.365286,-4.5652857,-3.9852858,-1.4252857,-3.2552857,-3.4952857,-3.2452857,-2.8252857,-1.2952857,-1.1552856,0.54471433,1.5747143,2.9447143,3.5147142,1.7847143,1.9347143,1.6247144,1.5647143,2.5147142,2.3847144,4.1247144,4.7247143,2.8347144,0.52471435,0.72471434,1.1647143,4.2947145,3.1247144,2.1747143,0.90471435,-1.6352856,0.044714354,0.47471437,1.6547143,-0.52528566,-3.0452857,-1.4352857,-0.40528566,-0.08528564
-0.52528566,-0.27528563,-2.1752856,-5.4752855,-3.9852858,-2.8652856,-2.4052856,-1.4952856,-1.7652856,-1.6852857,-0.32528564,-1.4652857,-1.3952856,0.39471436,1.4347143,2.2447143,3.0647144,4.094714,4.9447145,5.034714,4.074714,4.5247145,3.8647144,5.824714,5.884714,5.8347144,-0.7552856,0.014714356,0.75471437,2.5447145,-5.0152855,2.8647144,1.8047143,-1.2352856,0.45471436,2.5947144,1.0947144,2.0147142,1.6347144,-0.13528565,2.8647144,6.1747146,1.5447143
-2.9952857,-3.7252855,-4.175286,-2.1952856,-1.1252856,-0.97528565,-0.23528564,-2.0052857,-1.3052857,-0.60528564,0.51471436,1.4447143,1.8747144,3.0847144,1.9247143,2.8247144,4.034714,5.7147145,5.6647143,5.9847145,5.2347145,5.4147143,3.5647144,4.9747143,4.3347144,5.804714,5.3147144,3.0147142,5.6047144,4.1247144,6.324714,8.874714,3.2547143,1.8547144,-0.80528563,0.79471433,3.0347145,2.3947144,2.1047144,2.2447143,-2.1652856,-1.3452857,-4.2952857
-2.2752857,-2.5252857,-2.5152857,-0.20528564,1.5847144,2.5347145,3.6247144,2.7847145,4.094714,4.9447145,5.3947144,5.3747144,4.634714,4.6247144,2.9147143,4.5147142,4.0147142,7.1847143,6.0447145,7.0247145,6.864714,5.7747145,6.2547145,6.784714,7.864714,8.074715,7.1547146,6.8947144,5.7447143,4.2947145,5.2047143,2.9447143,2.2147143,7.1447144,5.3547144,2.7147143,-2.6852856,-1.4752856,-0.72528565,-3.6552856,-3.3452857,-3.1952856,-3.1152856
-0.48528564,1.2547144,1.8347144,2.4547143,1.6847143,3.2947145,3.6047144,4.9647145,6.4747143,5.7347145,4.864714,5.9347143,5.4847145,4.844714,4.7447143,1.8347144,4.7347145,7.2447143,7.6247144,6.7647142,6.7947145,5.2547145,6.7647142,7.9947143,7.2547145,7.2747145,8.424714,6.9447145,3.4647143,-1.6052856,0.50471437,-1.0852857,-2.4752855,-1.0752857,-0.25528565,1.6447144,2.4447143,1.1947143,3.6147144,1.7347144,-0.91528565,-0.09528565,-0.41528565
0.6747143,0.47471437,0.074714355,0.8147144,2.0847144,3.1147144,2.5847144,3.3747144,3.1347144,3.2947145,4.7247143,5.534714,5.614714,5.9747143,6.4047146,6.0447145,5.824714,5.7647142,6.2947145,6.634714,6.9747143,6.824714,7.6047144,7.7247143,6.6647143,6.6647143,5.0447145,2.8347144,-1.5152856,-1.8552856,-1.6852857,-0.055285644,-3.3252857,-4.0852857,-3.3052857,-1.7252856,-0.24528565,1.1747143,1.3447144,-2.9952857,3.3547144,0.28471434,-1.3952856
2.6047144,2.7947145,3.5447145,3.4347143,3.0147142,3.5247145,4.3747144,4.364714,4.9047146,4.9047146,4.4047146,4.304714,4.9947143,6.0847144,6.9047146,5.7647142,6.6847143,6.4247146,7.6947145,7.304714,7.4147143,6.9347143,8.114715,7.114714,5.284714,5.6047144,3.2847145,-0.16528565,-2.3952856,-2.3152857,-3.1452856,-3.0652857,-4.2552857,-2.9252856,-2.5152857,-2.0952857,-1.1852857,-2.5352857,-2.4052856,0.88471437,3.4347143,1.6547143,2.8047144
3.6447144,4.824714,4.2947145,4.4147143,3.8247144,3.7047143,4.2947145,5.094714,5.8947144,5.114714,5.2347145,5.304714,4.6047144,6.304714,6.4747143,5.824714,6.4547143,6.1447144,6.4047146,7.2147145,7.324714,7.884714,8.364715,6.9447145,5.304714,3.2147143,1.0347143,-1.9352857,-1.6452856,-1.7152857,-1.8652856,-3.8252857,-4.7952857,-5.3952856,-4.3252854,-2.2252855,-0.31528565,0.78471434,0.35471436,0.114714354,3.1347144,-0.32528564,1.3847144
4.1947145,4.2947145,4.2647142,3.5347145,3.5347145,4.1047144,4.5847144,5.0047145,4.594714,4.8347144,5.554714,4.4647145,5.3947144,5.3347144,4.9547143,4.5647144,4.7047143,4.9547143,5.2247143,6.2647142,7.3547144,7.784714,8.064714,7.034714,4.6547146,0.30471435,0.074714355,-0.29528564,-0.32528564,-4.2852855,-2.7752857,-4.155286,-5.2352858,-5.5852857,-4.4152856,-4.3052855,-2.7752857,-1.7652856,0.6747143,0.6247144,1.4647144,0.28471434,1.4647144
3.7147143,1.9747144,3.2747145,3.8347144,3.6447144,4.344714,4.9347143,5.2747145,5.0147142,4.6447144,4.3747144,3.7947145,4.2147145,5.134714,3.9147143,3.9047143,4.0147142,3.1947143,3.8547144,4.1047144,5.1747146,4.9347143,5.1647143,0.014714356,-3.3252857,-2.6752856,2.2647142,0.16471435,-0.72528565,-2.1452856,-4.2552857,-6.0052857,-6.0752854,-5.4352856,-5.8752856,-5.5652857,-5.9952855,-4.7652855,-0.58528566,0.044714354,0.28471434,-1.8852856,1.6047144
4.0047145,3.4547143,3.2247143,3.6647143,3.9947143,4.384714,4.9847145,5.134714,4.7147145,3.8547144,2.6947143,2.9547143,3.6147144,3.4947143,3.1947143,2.8347144,2.3647144,1.4647144,2.8847144,4.9447145,3.4647143,0.82471436,-2.5152857,-0.96528566,-2.5452857,-1.5552857,-1.8652856,-0.58528566,-1.5752857,-3.7152855,-5.9352856,-6.2552857,-4.3952856,-4.445286,-4.5252857,-4.6852856,-4.8952856,-5.405286,-4.5052857,-5.175286,-4.3752856,-2.0852857,-1.1252856
2.9047143,3.1247144,2.6447144,3.4447143,3.1047144,3.9447143,3.8247144,3.3247144,4.0147142,3.9047143,3.1547143,2.4247143,2.0947144,2.9547143,2.0547144,2.3647144,1.5447143,1.9947144,0.53471434,-1.7052857,-0.90528566,1.9947144,-3.0352857,-1.7352856,-2.3352857,-4.215286,-4.0852857,-4.965286,-6.3152857,-6.5552855,-6.0952854,-4.6852856,-3.3952856,-3.0652857,-3.8652856,-2.9852858,-2.9352856,-3.2052855,-4.405286,-1.1652856,-2.6552856,-1.4152856,-0.83528566
2.9547143,2.9347143,3.6947143,3.8547144,2.0747144,3.0647144,3.0647144,3.9447143,4.1947145,3.7847145,3.2447143,2.5647144,2.3747144,2.8547144,1.3547144,0.82471436,0.94471437,1.4147143,0.0047143553,-0.95528567,-1.8652856,-2.1852856,-3.0252857,-3.5652857,-4.445286,-5.6652856,-6.8352857,-6.7952857,-6.195286,-5.7052855,-4.675286,-3.5952857,-2.6352856,-1.4652857,-0.83528566,-0.52528566,-1.5952857,-1.9352857,-2.6952856,-1.4752856,-2.3252857,-0.27528563,0.95471436
1.2947143,2.9047143,2.3247144,3.0747144,3.4647143,4.7447143,3.8547144,4.4347143,4.6847143,4.0247145,2.5347145,1.4247143,1.9547143,2.6847143,2.5447145,1.9847144,0.53471434,0.13471435,0.78471434,-1.5852857,-1.1952857,-1.4052856,-4.7352858,-5.0352855,-5.885286,-6.0452857,-5.6052856,-5.405286,-4.7852855,-4.425286,-3.3652856,-2.2852857,-1.7352856,2.2747145,1.9947144,-0.7552856,-3.2652857,-3.3652856,-0.5052856,-1.4552857,-0.49528563,-2.3252857,-0.8152856
