wind_kz.json
{"header": {"discipline":0,"disciplineName":"Meteorological products","gribEdition":2,"gribLength":1025,"center":7,"centerName":"US National Weather Service - NCEP(WMC)","subcenter":0,"refTime":"2023-08-21T18:00:00.000Z","significanceOfRT":1,"significanceOfRTName":"Start of forecast","productStatus":0,"productStatusName":"Operational products","productType":1,"productTypeName":"Forecast products","productDefinitionTemplate":0,"productDefinitionTemplateName":"Analysis/forecast at horizontal level/layer at a point in time","parameterCategory":2,"parameterCategoryName":"UnknownDiscipline_0_Category_2","parameterNumber":2,"parameterNumberName":"UnknownParameter_D0_C2_2","parameterUnit":"Unknown","genProcessType":2,"genProcessTypeName":"Forecast","forecastTime":120,"surface1Type":103,"surface1TypeName":"Specified height level above ground","surface1Value":10.0,"surface2Type":255,"surface2TypeName":"Missing","surface2Value":0.0,"gridDefinitionTemplate":0,"gridDefinitionTemplateName":"Latitude_Longitude","numberPoints":615,"shape":6,"shapeName":"Earth spherical with radius of 6,371,229.0 m","gridUnits":"degrees","resolution":48,"winds":"true","scanMode":64,"nx":41,"ny":15,"basicAngle":0,"lo1":47.0,"la1":41.0,"lo2":87.0,"la2":55.0,"dx":1.0,"dy":1.0}, "data":
[rows 0 to 14 of 15, columns 0 to 40 of 41]
-5.2746043,0.7653955,0.5353955,-0.5646045,-0.12460449,1.4153955,3.5353956,6.8453956,7.1153955,7.4353957,1.4653955,1.8853955,-1.2446045,1.1553955,1.6453955,2.5553956,0.5453955,0.6753955,-1.0146044,-1.0046045,-3.7946045,-0.06460449,-1.0646045,-1.0746045,2.9753954,-3.2346046,-2.6046045,0.3153955,0.065395504,1.1553955,-0.4346045,0.2953955,0.50539553,8.255396,6.0453954,5.4253955,3.9853954,-3.4446044,-1.5246044,1.3653955,0.5853955
1.9653955,0.6053955,-0.74460447,1.1953955,2.4253955,3.7953956,6.2953954,3.5953956,4.4953957,6.0853953,4.1353955,3.4553955,3.8553956,-0.3046045,-1.1746045,3.8953955,3.8753955,3.2653954,2.4153955,1.4053955,-2.0946045,-2.0946045,-2.8646045,-2.0946045,1.0153955,-0.4946045,-1.8346045,0.4653955,-3.6446044,-2.1846044,-0.22460449,0.095395505,0.9353955,0.39539552,1.2853955,2.0653956,-0.8446045,-1.5646045,0.19539551,2.4853954,0.025395507
-1.9346045,-0.8146045,0.3253955,2.0253954,2.1453955,2.5853956,3.8153956,4.1553955,5.0253954,5.2853956,6.3953953,4.5453954,5.3053956,6.1953955,3.9453955,2.8153956,3.2453954,2.6853955,4.0153956,3.1853955,0.2353955,-1.2046045,-1.6546044,2.1653955,1.4253955,2.7953956,3.7553954,3.4053955,-3.0146046,-0.12460449,-1.4346045,1.6853955,-1.3846045,-1.6946045,-1.7946045,1.4253955,-0.62460446,0.025395507,0.065395504,-0.62460446,0.07539551
-0.9146045,-0.4046045,1.2953955,1.3753955,3.6853955,0.9753955,2.9153955,4.8653955,5.8053956,7.1353955,8.595395,8.6553955,10.555395,9.225395,8.1553955,3.3953955,5.9953957,5.7453957,4.2353954,4.0753956,-0.9646045,0.33539551,4.2153955,3.0053954,4.3853955,3.0353956,4.2853956,-0.2746045,-1.3746045,-2.7646046,-2.0346045,-3.3646045,-1.6146045,-2.6946044,-3.2246046,-2.0846045,-1.6946045,1.5553955,-0.4446045,1.7653955,5.7853956
-0.19460449,0.5153955,2.8253956,2.8153956,2.9453955,1.4053955,2.5753956,5.2953954,7.6953955,6.8953953,8.4053955,10.285396,11.935395,10.625396,8.075396,6.4753957,9.665396,6.4053955,6.5153956,4.0253954,0.8453955,3.0053954,5.0053954,6.2253957,4.1453953,3.8353956,3.7153955,3.6653955,-7.9046044,-6.6246047,-5.0746045,-2.4546044,-2.5346045,0.3453955,2.4453955,1.3553956,1.4153955,3.0853956,2.3253956,4.4053955,-0.41460449
-0.1546045,0.9953955,1.2653955,2.6353955,1.1453955,3.5453956,3.2453954,5.5053954,6.6653957,8.595395,9.975395,8.675396,4.5453954,5.9353957,6.0753956,4.3353953,7.1653957,6.5953956,7.6553955,2.5253954,2.3653955,5.2553954,6.8553953,4.4553957,3.1453955,3.4753954,3.4653955,1.0853955,-6.7046046,-5.6946044,-5.2446046,-3.6446044,-2.8046045,-1.0446045,-0.17460449,-0.9846045,0.4353955,0.8853955,3.7553954,-1.7646044,-2.0446045
0.16539551,1.9253955,2.1653955,2.7353954,1.0653955,3.4453955,5.6753955,4.3553953,4.6853957,5.4653955,6.9753957,7.4653955,6.3853955,5.5553956,2.3853955,5.6153955,5.3553953,6.0253954,10.115396,-5.2446046,-1.5746045,-2.4646044,-1.0946045,4.7353954,2.5853956,2.2653954,0.6353955,-3.0346045,-4.9946046,-5.1346045,-4.8446045,-3.7746046,-4.6846046,-2.3346045,-0.9146045,-3.1646044,-0.6146045,2.6553955,-2.9246044,2.0953956,5.9553957
0.1453955,2.6153955,3.7953956,1.1453955,4.2453957,5.6053953,5.3353953,5.2353954,4.4553957,4.0353956,5.4453955,3.5253954,4.2653956,6.3353953,2.1453955,3.8253956,4.0553956,4.1753955,2.8853955,-4.4846044,-2.6146045,-1.9946045,-0.084604494,-0.8346045,0.9153955,-1.0746045,-1.1246045,-3.5146046,-4.5946045,-4.8046045,-3.5646045,-3.9846046,-4.0646043,-2.4646044,-3.4146044,0.3553955,3.0553956,5.6953955,3.0153954,1.4753956,1.4753956
0.33539551,1.8453956,-1.5446045,0.5753955,2.8153956,2.5653956,3.7653954,3.6753955,4.4653955,4.9153957,4.9753957,4.4153957,4.7553954,2.3753955,-0.20460449,-1.2946045,-1.1546044,9.085396,2.7253954,-2.2546046,-2.1446044,-1.6146045,-1.6746045,-2.6446044,-5.0746045,-4.8346043,-5.7146044,-5.3046045,-3.8046045,-3.1746044,-4.2546043,-2.8146045,-2.5846045,-3.0646045,-1.7746044,0.2053955,0.6453955,-2.4746046,0.15539551,0.9353955,-0.9746045
-0.9446045,-0.8946045,0.26539552,0.9953955,3.5653956,3.6953955,2.5753956,2.9953954,3.0053954,4.2553954,4.8153954,5.1053953,3.9753954,-0.9446045,-1.3246045,2.5153954,7.8653955,0.7753955,-3.2846045,-1.7346045,-0.22460449,1.1353955,-1.1546044,-2.9946046,-2.7446046,-3.3446045,-2.6146045,-2.4546044,-4.4446044,-4.6946044,-3.7146044,-3.0746045,-4.0346045,-4.2246046,-2.0946045,-0.8446045,-1.0946045,0.5353955,-0.6346045,-0.5146045,-0.8546045
1.6153955,3.1053956,1.4353955,2.4053955,2.9553955,3.3353956,3.1153955,3.1953955,3.1953955,3.7653954,4.1853957,3.7853956,1.2953955,-1.4146045,1.0253955,4.5553956,2.5653956,-4.0546045,-4.2046046,-5.2946043,-5.5146046,-4.7946043,-4.6646047,-4.6646047,-3.2446046,-5.6546044,-6.2346044,-6.1246047,-4.9146047,-4.1946044,-3.7846045,-4.3446045,-4.5846043,-2.9246044,-1.9346045,-0.6646045,-1.0046045,0.10539551,0.2353955,0.21539551,-1.2446045
2.1653955,2.1953955,2.3653955,2.9953954,2.3153956,3.0353956,2.6653955,2.1553955,1.6253955,2.2953956,1.6953955,-0.48460448,-2.7846045,-1.2546045,1.7453955,2.3653955,-2.9346044,-4.2846045,-3.9846046,-4.5146046,-4.7846045,-3.6246045,-4.0646043,-4.5646043,-4.6046047,-3.8946044,-4.9346046,-4.2646046,-4.0246043,-4.6446047,-4.0646043,-4.0246043,-2.6846044,-2.7246046,-2.0346045,-2.6046045,-2.5646045,-1.4046044,-0.8246045,0.5953955,0.87539554
2.3753955,2.8853955,2.4953954,1.7153955,3.0153954,1.9853956,1.9253955,1.7453955,2.5853956,1.5653955,0.48539552,-1.0546045,-1.2646044,0.2053955,-3.5146046,-1.9946045,-3.9346044,-3.9446044,-2.7146044,-2.1246045,-3.0846045,-2.1646044,-1.6646045,-2.5846045,-2.6746044,-3.6546044,-3.1546044,-2.7646046,-3.4246044,-3.4546044,-3.5646045,-3.4246044,-3.5946045,-3.4146044,-2.4046044,-2.7946045,-1.8746045,-0.3446045,0.24539551,1.2953955,1.5253955
3.2253954,2.6253955,3.6153955,2.0753956,2.3653955,1.6753955,1.5953956,1.6453955,2.5053954,1.0053955,0.50539553,0.6153955,-0.74460447,-0.7946045,-1.8046045,-1.8546045,-3.0746045,-3.5946045,-1.6946045,-1.2046045,-2.6246045,-1.9946045,0.04539551,-0.7246045,-2.1546044,-3.1346045,-3.3046045,-2.4346044,-2.9746046,-3.7746046,-3.2546046,-3.1246045,-3.2646046,-2.8146045,-2.1046045,-2.1046045,-1.6546044,-1.7546045,-0.6546045,-0.14460449,1.5853955
1.4153955,3.0653956,3.7553954,1.2353956,2.1953955,1.8353955,1.8653955,2.0853956,2.2053955,0.6953955,0.50539553,0.5953955,-0.06460449,0.7853955,-0.38460448,-1.4746045,-2.3246045,-1.8346045,-2.2446046,-2.2546046,-2.2346046,-2.3946044,-2.6746044,-2.7546046,-2.9546044,-2.0046046,-1.5046045,-2.9646044,-2.9846046,-2.8546045,-2.7146044,-3.3146045,-2.7546046,-2.2446046,-2.5246046,-2.7746046,-2.2646046,-1.1646045,-0.5646045,-0.20460449,0.3553955
