wind_kz.json
{"header": {"discipline":0,"disciplineName":"Meteorological products","gribEdition":2,"gribLength":1025,"center":7,"centerName":"US National Weather Service - NCEP(WMC)","subcenter":0,"refTime":"2024-04-09T12:00:00.000Z","significanceOfRT":1,"significanceOfRTName":"Start of forecast","productStatus":0,"productStatusName":"Operational products","productType":1,"productTypeName":"Forecast products","productDefinitionTemplate":0,"productDefinitionTemplateName":"Analysis/forecast at horizontal level/layer at a point in time","parameterCategory":2,"parameterCategoryName":"UnknownDiscipline_0_Category_2","parameterNumber":2,"parameterNumberName":"UnknownParameter_D0_C2_2","parameterUnit":"Unknown","genProcessType":2,"genProcessTypeName":"Forecast","forecastTime":180,"surface1Type":103,"surface1TypeName":"Specified height level above ground","surface1Value":10.0,"surface2Type":255,"surface2TypeName":"Missing","surface2Value":0.0,"gridDefinitionTemplate":0,"gridDefinitionTemplateName":"Latitude_Longitude","numberPoints":615,"shape":6,"shapeName":"Earth spherical with radius of 6,371,229.0 m","gridUnits":"degrees","resolution":48,"winds":"true","scanMode":64,"nx":41,"ny":15,"basicAngle":0,"lo1":47.0,"la1":41.0,"lo2":87.0,"la2":55.0,"dx":1.0,"dy":1.0}, "data":
[rows 0 to 14 of 15, columns 0 to 40 of 41]
-0.2497876,-0.8997876,4.2802124,-0.7897876,-1.4697876,-0.9297876,-2.1897876,-6.1597877,-6.3897877,-5.3297877,-4.8297877,-5.1097875,-4.9697876,-4.5597878,-3.4697876,-3.0497875,-3.2997875,-3.1597877,-4.3097878,-3.1797876,-1.5497876,-1.1897876,0.090212405,2.1240234E-4,0.1002124,3.7602124,-0.6597876,1.7802124,-0.5397876,-0.009787598,-0.6997876,1.8102124,1.0802124,-1.0797876,-3.8797877,-3.6097877,-0.9697876,-1.7097876,-3.5497875,-1.3397876,1.1402124
3.1802125,1.7002124,-10.099788,-6.019788,-3.9397876,-2.8397875,-2.4297876,-6.5997877,-5.039788,-5.3397875,-4.3597875,-5.0897875,-3.8397875,-3.2897875,-2.4597876,-2.5897875,-2.4597876,-3.0597875,-2.7097876,-2.1997876,-1.9097877,-0.3397876,0.050212402,-0.3697876,0.7902124,-0.039787598,-0.9897876,1.2302125,-0.8097876,-0.4697876,0.1102124,-0.2297876,2.0202124,-1.9897876,-0.0797876,0.5602124,-1.5797876,0.5202124,0.040212404,2.1702125,-3.5097876
1.3602124,-6.479788,-9.519788,-7.7997875,-5.6897874,-2.0997877,-5.0297875,-2.6097877,-5.9397874,-3.9797876,-3.3097875,-3.9097877,-3.5997877,-3.4697876,-2.8497877,-2.0197875,-2.3797877,-1.5897876,-1.0997876,-0.9197876,1.0202124,2.4502125,3.0002124,1.6102124,0.2702124,-0.5397876,2.1702125,4.7802124,1.7202125,-0.9597876,-1.0197875,-0.3797876,0.4402124,0.9002124,-0.4497876,-0.2997876,0.020212403,-0.3697876,3.3002124,2.5302124,0.2902124
-5.6097875,-12.0497875,-9.819788,-8.329787,-4.9597874,-3.6997876,-4.5897875,-3.2997875,-2.5897875,-2.6997876,-3.1097877,-3.5997877,-4.1297874,-4.3997874,-2.4997876,-2.4197876,-1.5897876,-1.1297876,0.2302124,1.3402123,2.1002123,1.3702124,6.1802125,4.0402126,4.6402125,2.0502124,0.3502124,2.6202123,6.2902126,3.1002123,2.3002124,1.0302124,-0.6497876,0.2802124,-2.2797875,-0.35978758,1.2302125,1.1102124,0.2702124,1.3202124,2.2402124
-8.689788,-10.309788,-9.009788,-6.0897875,-3.0197875,-4.3597875,-4.0097876,-2.5297875,-2.1897876,-1.9397876,-1.9597876,-1.7297876,-1.7697875,-2.4397876,-2.7197876,-1.0397877,-0.5497876,-0.3197876,0.7302124,1.9602123,3.9202125,5.3902125,5.2902126,5.8802123,5.3002124,4.520212,1.1902124,4.1002126,5.4702125,6.4302125,3.7102125,-0.7997876,-1.2497876,0.5302124,-1.1097876,-1.0497876,4.5502124,-0.049787596,0.2402124,-2.0897875,-3.9397876
-6.8697877,-4.8697877,-4.8697877,-3.4697876,-4.979788,-6.7197876,-4.9197874,-3.9897876,-3.0997877,-2.6497877,-1.1497875,-1.1197876,0.9802124,1.2302125,0.8002124,1.0702124,0.040212404,0.5102124,0.8802124,2.2002125,2.0402124,1.4702125,2.2602124,-0.9097876,2.6002123,1.7302125,4.6702123,3.8702123,4.4902124,1.9402124,-1.2397876,-1.3597876,-1.4997876,-0.5497876,0.2502124,0.3702124,0.4902124,2.5002124,4.5702124,-2.2097876,-3.5397875
-4.9197874,-4.8497877,-4.3597875,-4.7597876,-5.7397876,-4.1797876,-3.4997876,-3.1197877,-2.3497877,-2.2497876,-1.6397876,-0.3197876,0.2402124,2.4102125,2.0302124,2.7802124,0.9002124,0.7802124,0.36021242,0.3802124,0.5102124,0.3202124,-1.3297876,-0.9797876,0.5202124,2.9702125,6.3102126,3.3802123,6.7002125,2.8502123,-1.4997876,-0.8897876,2.1102123,1.3702124,-0.5097876,-0.6297876,-0.7897876,1.4302124,-0.089787595,0.4002124,3.1802125
-3.0497875,-3.6997876,-3.5197875,-3.9197876,-3.1397877,-2.7297876,-1.8797876,-2.0597875,-0.6397876,-0.7297876,-0.4997876,0.18021241,1.6102124,2.5002124,2.6502123,2.6602125,2.4302125,1.0202124,-0.2297876,-0.3697876,0.1102124,-0.4797876,-2.0597875,-2.2197876,-2.3297875,0.8502124,0.9402124,-2.2897875,-1.1097876,3.1002123,1.2902124,1.1402124,-1.4997876,0.9502124,0.3102124,0.4002124,0.2202124,2.3902123,2.7402124,2.5102124,-0.5197876
-1.0597876,-0.9497876,-0.99978757,-0.9497876,-0.3197876,0.3002124,0.1302124,-0.3697876,0.1602124,1.0102124,1.9402124,1.5302124,3.3602123,3.4002123,2.6102123,2.3502123,2.7502124,2.4202125,1.2602124,0.3702124,-0.019787598,-0.6997876,-0.3997876,-1.2997876,-1.7597876,-1.1597877,-0.6697876,-1.8397876,-2.0497875,-1.1497875,-1.4797876,-1.7797875,1.6202124,1.9702125,0.3402124,-0.029787598,0.3802124,-2.5497875,-1.6797876,1.1302124,-1.7597876
0.6802124,0.7202124,0.8402124,0.7702124,1.1402124,0.8102124,1.1702124,1.0802124,0.9302124,1.6902124,2.7502124,3.1502123,3.3702123,4.750212,2.9602125,2.2802124,2.3502123,2.3602123,2.2202125,0.7002124,1.8302124,0.0702124,-0.7397876,-0.8297876,-1.8997875,-1.4797876,-2.4497876,-1.6097876,-1.1897876,0.2002124,0.9302124,3.9202125,4.4102125,3.7302125,0.2402124,-1.1597877,-1.9597876,-0.019787598,-1.7597876,0.1302124,-0.8697876
1.7102123,2.0902123,2.1002123,2.4102125,2.4602125,2.1202123,2.6502123,3.5302124,2.3802123,2.6902125,3.4902124,4.5402126,3.5502124,5.8002124,5.480212,2.1102123,2.2102125,4.250212,1.4402124,2.5102124,1.6102124,0.8702124,1.3602124,-0.8597876,-0.8197876,-0.4797876,0.090212405,0.4402124,1.3502125,4.020212,5.520212,6.210212,5.8402123,3.9802125,2.0802124,-1.4097877,-1.7097876,1.0602124,-0.4997876,1.0102124,-0.8097876
0.5102124,1.5002124,2.7002125,2.5302124,2.6902125,2.1502123,2.1802125,2.7702124,3.3402123,1.6502124,3.0802124,6.0302124,3.5502124,5.9302125,7.1602125,3.9602125,3.1802125,4.7802124,1.8202124,2.1002123,1.1602124,1.6002125,1.0802124,1.4502124,1.5402124,1.6302124,1.7502124,2.0902123,3.1502123,3.8202124,4.2602124,5.8202124,5.6202126,4.3802123,0.030212402,-0.7397876,0.8202124,-0.20978759,0.090212405,-0.7597876,-0.8197876
2.5202124,3.0202124,2.6802125,3.0002124,3.0502124,2.5102124,3.6002123,2.8802123,3.2102125,1.2502124,0.9902124,5.6002126,3.5702124,6.1702123,5.0302124,3.8602123,4.1702123,3.0202124,1.6202124,1.6602124,1.2202125,0.9602124,1.0302124,0.9802124,1.7502124,1.7602124,1.6002125,1.8502125,1.5902123,2.4502125,2.6402123,3.1002123,0.7402124,-2.3497877,-2.2297876,0.060212404,-2.7297876,-0.039787598,-0.029787598,-0.8397876,-1.4197876
2.5002124,2.7802124,3.0802124,4.3102126,3.5702124,3.8902123,4.2802124,4.6502123,5.3102126,2.6302123,2.4302125,3.1202123,5.980212,3.8202124,4.500212,4.020212,3.8002124,2.4302125,0.5802124,1.6102124,1.2802124,1.3602124,1.2902124,0.9302124,-0.2197876,-0.029787598,0.6502124,1.3202124,0.8902124,1.8702124,1.5502124,0.1402124,-1.9797876,-2.2097876,-0.9497876,-2.5097876,-0.2697876,-1.7297876,-0.6897876,-1.1397876,-2.3297875
2.5802124,3.3102124,3.8302124,4.1902122,4.2802124,5.8902125,6.3102126,5.500212,5.980212,4.0102124,1.7302125,5.4502125,4.500212,3.7302125,4.000212,3.4002123,2.9802125,1.6902124,1.2902124,1.4202124,0.8802124,0.4002124,-0.2197876,-0.20978759,-0.17978759,-0.059787598,0.2202124,1.1002125,1.1702124,0.4402124,0.120212406,-0.6297876,-1.5597876,-2.0697875,-1.7497876,-1.5897876,0.5202124,-2.2197876,-0.5097876,-1.4997876,-0.8597876
