wind_kz.json
{"header": {"discipline":0,"disciplineName":"Meteorological products","gribEdition":2,"gribLength":1025,"center":7,"centerName":"US National Weather Service - NCEP(WMC)","subcenter":0,"refTime":"2023-08-19T12:00:00.000Z","significanceOfRT":1,"significanceOfRTName":"Start of forecast","productStatus":0,"productStatusName":"Operational products","productType":1,"productTypeName":"Forecast products","productDefinitionTemplate":0,"productDefinitionTemplateName":"Analysis/forecast at horizontal level/layer at a point in time","parameterCategory":2,"parameterCategoryName":"UnknownDiscipline_0_Category_2","parameterNumber":3,"parameterNumberName":"UnknownParameter_D0_C2_3","parameterUnit":"Unknown","genProcessType":2,"genProcessTypeName":"Forecast","forecastTime":300,"surface1Type":103,"surface1TypeName":"Specified height level above ground","surface1Value":10.0,"surface2Type":255,"surface2TypeName":"Missing","surface2Value":0.0,"gridDefinitionTemplate":0,"gridDefinitionTemplateName":"Latitude_Longitude","numberPoints":615,"shape":6,"shapeName":"Earth spherical with radius of 6,371,229.0 m","gridUnits":"degrees","resolution":48,"winds":"true","scanMode":64,"nx":41,"ny":15,"basicAngle":0,"lo1":47.0,"la1":41.0,"lo2":87.0,"la2":55.0,"dx":1.0,"dy":1.0}, "data":
[rows 0 to 14 of 15, columns 0 to 40 of 41]
-2.899436,-1.6994361,0.09056397,-8.549436,-11.109436,-11.749436,-9.249436,-5.3894362,-1.289436,-1.119436,-3.559436,-1.659436,-2.399436,-3.429436,-4.1394362,-4.049436,-4.329436,-1.849436,0.800564,0.46056396,-2.149436,-1.8194361,0.52056396,-1.919436,-1.979436,-2.0194361,-1.9494361,0.13056396,1.9305639,2.090564,-1.379436,-1.5594361,0.28056395,-2.659436,-0.73943603,-1.729436,0.810564,0.29056397,-1.029436,0.60056394,-1.529436
0.53056395,1.110564,-3.449436,-9.579436,-11.279436,-8.989436,-7.599436,-2.2694361,-0.35943604,0.09056397,-1.209436,-3.199436,-2.849436,-3.5094361,-4.769436,-5.319436,-3.919436,-4.099436,-2.589436,-1.499436,-1.529436,-3.079436,0.52056396,2.040564,-0.84943604,-1.359436,-1.899436,1.340564,0.73056394,2.380564,2.200564,3.160564,-0.23943603,0.20056397,-1.639436,-1.479436,-1.009436,-4.089436,-0.53943604,-1.9294361,0.41056398
0.53056395,-2.159436,-4.1194363,-4.709436,-5.8694363,-4.159436,-1.619436,1.9305639,1.640564,0.22056396,-1.519436,-1.669436,-2.399436,-3.029436,-3.949436,-4.589436,-4.039436,-1.369436,-2.139436,-2.359436,-2.299436,-2.539436,-7.049436,-1.749436,-0.08943603,-0.619436,-0.43943605,-0.019436035,-0.39943603,1.9505639,1.750564,1.460564,2.860564,-1.149436,-0.049436036,2.450564,1.110564,-1.539436,0.23056397,-0.44943604,0.54056394
-1.9394361,-3.569436,-2.449436,-4.469436,-3.479436,-0.879436,-4.259436,1.360564,2.800564,1.720564,0.010563965,-1.9494361,-2.179436,-2.969436,-2.829436,-3.9994361,-4.669436,-4.209436,-3.429436,-3.419436,-1.7994361,-2.699436,1.530564,-1.159436,-2.219436,-3.429436,-2.449436,-4.319436,-1.4394361,-3.619436,-2.069436,-2.119436,-1.4494361,-1.489436,0.010563965,-2.089436,0.860564,2.2505639,2.440564,1.9305639,-0.569436
0.43056396,-1.659436,-0.949436,-0.49943602,-4.069436,-2.109436,-4.539436,4.210564,3.440564,1.720564,1.370564,-1.039436,-2.449436,-3.2494361,-3.639436,-3.549436,-4.439436,-4.289436,-4.029436,-4.449436,-2.799436,-0.98943603,-1.119436,-2.5094361,-2.879436,-2.2394361,-4.459436,-2.679436,-3.609436,-5.489436,-5.929436,-2.399436,1.990564,2.200564,1.470564,-1.499436,-3.829436,0.23056397,-2.109436,-2.879436,-5.699436
0.28056395,1.110564,2.890564,1.160564,-2.229436,-1.8194361,-3.7594361,4.490564,3.680564,1.640564,0.570564,-0.51943606,-3.189436,-3.559436,-2.9894361,-3.219436,-3.909436,-4.499436,-4.919436,-3.349436,-4.729436,-2.899436,-1.399436,-0.879436,-0.59943604,-1.629436,-2.639436,-4.159436,-3.879436,-4.039436,-4.689436,-4.849436,-4.529436,-2.049436,2.470564,-3.789436,0.38056397,-0.97943604,1.780564,1.330564,-6.799436
0.53056395,2.270564,2.340564,1.2005639,-0.98943603,-0.46943605,7.180564,5.480564,3.600564,2.410564,0.85056394,-0.109436035,-0.70943606,-2.919436,-3.139436,-2.889436,-2.939436,-3.369436,-3.849436,-3.459436,-5.299436,-5.039436,-3.909436,-1.1794361,1.640564,0.91056395,-2.599436,-2.879436,-5.109436,-5.959436,-7.6394362,-8.989436,-8.529436,-11.719436,-1.159436,-0.109436035,-1.349436,-1.239436,-0.31943604,-0.699436,-7.019436
1.980564,2.820564,1.900564,0.58056396,3.460564,-2.409436,5.8605638,6.340564,5.500564,3.470564,2.2505639,1.010564,-1.289436,-1.649436,-2.949436,-2.779436,-3.339436,-2.679436,-2.559436,-0.879436,-4.479436,-4.879436,-5.669436,-3.919436,-1.339436,1.140564,0.78056395,-1.849436,-3.049436,-5.539436,-6.329436,-6.039436,-8.329436,-10.519436,-2.949436,-0.29943603,-0.759436,1.990564,-0.35943604,1.490564,-1.3094361
2.550564,2.060564,-0.40943605,-1.339436,2.310564,-3.549436,6.410564,5.3805637,5.030564,4.100564,2.800564,1.500564,-0.029436035,-1.4494361,-2.149436,-3.209436,-2.569436,-2.969436,-2.629436,-1.9294361,-0.689436,-4.049436,-5.279436,-4.259436,-2.709436,-1.339436,-0.17943603,-1.289436,-1.649436,-2.159436,-4.559436,-5.069436,-3.559436,-4.8694363,-4.3694363,-4.329436,-3.799436,-2.309436,-0.24943604,0.030563965,0.08056396
0.08056396,1.390564,0.91056395,2.130564,-0.46943605,-0.42943603,6.070564,5.300564,6.050564,5.190564,4.190564,2.470564,1.8105639,0.050563965,-0.54943603,-1.359436,-1.599436,-1.779436,-2.119436,-1.6794361,-1.349436,-1.619436,-2.439436,-2.639436,-2.7694361,-1.629436,-2.4994361,-1.639436,-1.589436,-2.139436,-1.729436,-2.349436,-3.539436,-3.919436,-2.929436,-1.5494361,0.19056396,-1.779436,-1.8294361,0.570564,0.79056394
-2.2394361,3.7305639,1.760564,-0.60943604,-3.559436,0.73056394,4.660564,4.390564,5.530564,4.900564,3.860564,3.710564,2.200564,2.300564,1.260564,0.630564,0.15056397,-0.72943604,-0.77943605,-0.77943605,-0.64943606,-0.759436,-0.90943605,-0.70943606,-1.009436,-1.1894361,-1.0494361,-2.099436,-2.0094361,-1.9394361,-2.589436,-2.829436,-3.429436,-2.7394361,-3.5194361,-3.0194361,-2.469436,0.89056396,0.46056396,-0.66943604,-0.85943604
-1.779436,1.4505639,2.2505639,2.320564,-1.919436,-3.219436,0.43056396,3.850564,3.950564,3.9805639,3.030564,1.6705639,2.4805639,2.590564,2.070564,1.6705639,1.1905639,0.92056394,0.33056396,0.33056396,0.690564,-0.23943603,-0.44943604,-0.58943605,-1.039436,-2.139436,-1.749436,-2.099436,-2.369436,-2.649436,-2.699436,-3.089436,-2.479436,-3.419436,-2.619436,-2.709436,-1.6994361,0.64056396,1.220564,1.1705639,0.70056397
-1.669436,1.260564,1.650564,2.820564,2.110564,0.14056396,-1.479436,-2.809436,6.960564,3.300564,-0.039436035,1.9405639,2.5005639,2.910564,3.0005639,2.600564,1.860564,2.090564,1.600564,1.740564,2.0105639,1.620564,1.260564,0.49056396,-1.759436,-1.519436,-2.169436,-2.4994361,-2.059436,-1.899436,-1.169436,-1.889436,-2.669436,-2.979436,-2.349436,-2.189436,-2.139436,-1.4394361,-2.809436,-1.389436,0.16056396
-0.559436,0.54056394,3.820564,2.550564,3.2605639,5.6105638,4.700564,1.770564,-1.619436,-0.029436035,0.76056397,0.21056396,0.880564,2.360564,3.400564,3.330564,3.300564,3.150564,2.580564,2.2405639,2.080564,1.900564,1.370564,1.150564,0.90056396,-0.629436,-1.719436,-1.649436,-2.309436,-2.2694361,-1.379436,-1.239436,-1.729436,-2.119436,-2.439436,-3.039436,-2.029436,-1.379436,-1.529436,-0.58943605,-0.049436036
1.120564,0.45056397,3.9905639,2.960564,4.870564,7.100564,8.470564,7.430564,7.050564,1.360564,-0.59943604,0.16056396,1.9305639,1.7005639,3.780564,3.110564,3.2605639,2.690564,2.270564,2.870564,2.860564,2.430564,1.620564,1.770564,0.24056396,-1.1994361,-1.289436,-1.359436,-1.619436,-1.849436,-2.159436,-2.529436,-1.4294361,-1.0594361,-0.52943605,-0.78943604,-0.699436,-0.24943604,-0.16943604,-0.64943606,0.52056396
