wind_kz.json
{"header": {"discipline":0,"disciplineName":"Meteorological products","gribEdition":2,"gribLength":1025,"center":7,"centerName":"US National Weather Service - NCEP(WMC)","subcenter":0,"refTime":"2023-09-08T12:00:00.000Z","significanceOfRT":1,"significanceOfRTName":"Start of forecast","productStatus":0,"productStatusName":"Operational products","productType":1,"productTypeName":"Forecast products","productDefinitionTemplate":0,"productDefinitionTemplateName":"Analysis/forecast at horizontal level/layer at a point in time","parameterCategory":2,"parameterCategoryName":"UnknownDiscipline_0_Category_2","parameterNumber":3,"parameterNumberName":"UnknownParameter_D0_C2_3","parameterUnit":"Unknown","genProcessType":2,"genProcessTypeName":"Forecast","forecastTime":0,"surface1Type":103,"surface1TypeName":"Specified height level above ground","surface1Value":10.0,"surface2Type":255,"surface2TypeName":"Missing","surface2Value":0.0,"gridDefinitionTemplate":0,"gridDefinitionTemplateName":"Latitude_Longitude","numberPoints":615,"shape":6,"shapeName":"Earth spherical with radius of 6,371,229.0 m","gridUnits":"degrees","resolution":48,"winds":"true","scanMode":64,"nx":41,"ny":15,"basicAngle":0,"lo1":47.0,"la1":41.0,"lo2":87.0,"la2":55.0,"dx":1.0,"dy":1.0}, "data":
[rows 0 to 14 of 15, columns 0 to 40 of 41]
-1.001532,0.738468,0.408468,-2.021532,-2.481532,-4.911532,-4.611532,-2.391532,-4.141532,-5.421532,-5.671532,-5.741532,-5.281532,-4.151532,-2.701532,-1.551532,-0.661532,-0.791532,-0.22153199,0.48846802,1.258468,-2.741532,0.888468,1.408468,3.208468,-1.681532,-0.611532,1.4684681,-2.541532,-3.501532,-0.251532,-3.501532,-3.9715319,1.868468,1.168468,1.308468,0.06846802,-0.791532,-0.75153196,-0.711532,-1.461532
0.648468,-2.401532,-4.101532,-1.361532,-2.421532,-1.801532,-5.431532,-5.031532,-4.011532,-5.311532,-5.151532,-5.241532,-4.751532,-3.551532,-1.541532,0.13846801,0.798468,1.428468,0.948468,2.158468,5.178468,7.578468,6.058468,3.178468,1.158468,0.62846804,-1.581532,1.428468,-0.10153198,-2.571532,0.918468,0.738468,0.918468,-0.581532,-1.071532,5.548468,-0.921532,3.458468,1.388468,1.198468,0.668468
-2.501532,-6.991532,-7.161532,-8.011532,-4.871532,-0.601532,-3.591532,-6.191532,-3.801532,-5.161532,-4.991532,-7.601532,-7.281532,-7.621532,-3.391532,1.528468,2.608468,2.798468,3.308468,4.058468,2.998468,3.508468,2.048468,7.268468,1.668468,3.628468,-0.20153198,-3.481532,-0.93153197,-0.17153198,-1.861532,-1.251532,-4.191532,0.68846804,-1.321532,3.608468,4.258468,-5.931532,-2.4715319,4.938468,0.928468
-3.991532,-5.5915318,-6.231532,-7.291532,-6.771532,-5.001532,-7.021532,-3.731532,-6.351532,-6.071532,-5.981532,-6.131532,-6.541532,-5.801532,-4.871532,3.608468,3.748468,3.498468,5.758468,4.298468,3.578468,5.428468,-0.541532,-0.38153198,-1.471532,-3.581532,-3.4715319,-2.541532,-1.811532,-3.351532,-2.501532,-6.231532,-3.401532,1.818468,1.938468,1.698468,3.148468,4.4084682,-2.561532,-2.861532,-6.131532
-4.661532,-3.601532,-2.751532,-4.671532,-5.711532,-6.191532,-5.881532,-5.081532,-4.661532,-3.4715319,-5.801532,-3.751532,-4.951532,-5.241532,-2.361532,2.558468,2.388468,0.12846802,1.788468,-0.16153198,0.35846803,-1.101532,-1.4115319,-0.39153197,-0.471532,0.93846804,0.958468,-7.301532,-2.781532,-4.511532,-5.761532,-2.691532,2.398468,0.848468,-1.0215319,3.7884681,-1.101532,1.428468,-2.251532,-6.191532,-7.651532
-5.161532,-4.681532,-4.3415318,-3.871532,-4.121532,-4.791532,-3.761532,-3.551532,-3.991532,-3.751532,-1.421532,-2.731532,2.178468,-3.2115319,-3.561532,2.148468,1.878468,2.688468,2.328468,0.908468,1.328468,0.948468,1.748468,1.488468,2.118468,-0.68153197,2.0384681,-4.161532,-3.481532,-3.881532,-4.611532,-6.201532,-5.811532,-5.411532,1.378468,0.028468018,-1.4115319,-0.45153198,-5.411532,0.048468016,-5.751532
-4.331532,-4.671532,-4.871532,-5.0915318,-5.331532,-4.921532,-4.431532,-4.261532,-3.431532,-3.7115319,-1.7715319,-0.711532,0.578468,4.708468,1.798468,2.218468,1.308468,1.178468,1.608468,1.738468,1.938468,2.488468,3.128468,1.798468,0.06846802,-1.171532,1.0984681,0.308468,1.788468,0.21846801,0.19846801,-0.33153197,0.778468,0.408468,-2.331532,-1.0215319,-0.801532,0.968468,0.33846802,0.29846802,-5.221532
-4.331532,-4.441532,-4.631532,-4.611532,-5.041532,-4.621532,-4.521532,-3.641532,-3.121532,-4.381532,-4.251532,-3.261532,4.998468,3.848468,8.438468,4.118468,2.648468,2.838468,2.818468,3.478468,2.348468,2.7784681,0.698468,1.058468,1.248468,-0.341532,1.548468,-0.20153198,0.42846802,-2.521532,-1.461532,-1.461532,-0.10153198,0.32846802,2.668468,1.418468,1.638468,2.088468,1.528468,-0.39153197,-1.831532
-4.031532,-2.851532,-4.391532,-4.631532,-4.231532,-5.281532,-5.301532,-3.591532,-2.641532,-2.941532,-3.131532,0.11846802,-4.421532,3.868468,8.358468,6.018468,4.808468,4.208468,2.918468,2.7884681,4.388468,4.148468,2.958468,2.108468,1.498468,1.0984681,0.68846804,-0.56153196,-2.001532,-2.741532,-1.131532,-1.301532,-1.341532,-1.6515319,-2.901532,3.178468,3.408468,-1.931532,-2.381532,-0.26153198,1.318468
-5.261532,-4.461532,-3.301532,-3.641532,-4.821532,-2.451532,-3.7215319,-3.031532,-3.901532,-2.171532,-1.721532,0.888468,-0.341532,-5.041532,4.898468,6.598468,5.928468,2.898468,2.238468,3.2784681,3.938468,-0.821532,2.388468,2.428468,2.818468,2.658468,0.06846802,-0.851532,-1.431532,-2.161532,-0.50153196,-0.831532,-0.911532,0.14846802,-1.501532,-2.581532,-0.36153197,0.99846804,-0.041531984,-0.69153196,-1.051532
-1.421532,-2.091532,-4.101532,-3.881532,-3.751532,-4.131532,-4.201532,-3.2215319,-5.021532,-4.471532,-3.231532,2.308468,-0.771532,-1.741532,5.398468,5.418468,4.548468,5.978468,5.388468,2.108468,2.438468,1.878468,1.038468,0.928468,-0.48153198,-1.121532,-0.94153196,0.13846801,-2.041532,-0.711532,-0.281532,-0.791532,0.958468,-1.491532,-1.451532,-0.07153198,-1.881532,-0.26153198,-2.511532,-0.701532,-0.18153198
-2.111532,-1.391532,-1.321532,-2.841532,-1.6615319,-3.551532,-3.531532,-4.221532,-5.201532,-4.931532,-3.411532,1.778468,-0.08153198,-0.851532,2.798468,3.968468,3.928468,5.208468,5.1584682,2.0284681,1.918468,1.408468,2.148468,2.378468,1.358468,1.158468,-1.9015319,-2.281532,-1.6615319,-3.351532,-4.451532,-2.731532,0.25846803,-0.591532,0.38846803,-2.081532,-0.24153198,-0.36153197,0.578468,-1.091532,-1.371532
-1.1615319,-1.311532,-2.021532,-2.741532,-4.171532,-3.111532,-4.271532,-4.441532,-5.461532,-5.081532,-1.471532,1.408468,1.118468,3.518468,2.328468,1.638468,2.728468,1.398468,1.4684681,0.588468,1.428468,1.048468,0.608468,0.738468,-0.08153198,-2.611532,-2.531532,-3.041532,-3.781532,-3.531532,0.07846802,-0.24153198,-0.05153198,-1.171532,-1.361532,-0.32153198,-2.881532,0.378468,-0.891532,-0.08153198,0.07846802
-1.091532,-2.271532,-3.191532,-2.071532,-2.2215319,-3.241532,-4.151532,-3.901532,-3.241532,-2.9615319,-1.4115319,-0.831532,1.938468,1.798468,3.478468,1.128468,1.808468,0.50846803,0.48846802,1.298468,0.788468,1.038468,0.87846804,-0.13153198,-0.961532,-1.201532,-1.7815319,-1.511532,-1.861532,-1.381532,-1.671532,-1.4015319,-1.4015319,-2.641532,-1.461532,-1.451532,1.5884681,0.35846803,-0.32153198,-0.551532,0.838468
0.21846801,0.55846804,-0.401532,-2.681532,-1.811532,-2.011532,-3.121532,-2.841532,-3.291532,-4.011532,-1.951532,-0.891532,1.418468,-0.061531983,4.178468,3.508468,3.068468,1.918468,2.178468,2.238468,1.9684681,1.748468,0.80846804,0.548468,-0.591532,-0.611532,-2.341532,-2.851532,-3.021532,-1.391532,1.798468,0.048468016,-0.911532,-1.0215319,-1.371532,-0.731532,-0.30153197,-1.2815319,0.45846802,1.268468,1.358468
