wind_kz.json
{"header": {"discipline":0,"disciplineName":"Meteorological products","gribEdition":2,"gribLength":871,"center":7,"centerName":"US National Weather Service - NCEP(WMC)","subcenter":0,"refTime":"2023-10-01T00:00:00.000Z","significanceOfRT":1,"significanceOfRTName":"Start of forecast","productStatus":0,"productStatusName":"Operational products","productType":1,"productTypeName":"Forecast products","productDefinitionTemplate":0,"productDefinitionTemplateName":"Analysis/forecast at horizontal level/layer at a point in time","parameterCategory":0,"parameterCategoryName":"UnknownDiscipline_0_Category_0","parameterNumber":0,"parameterNumberName":"UnknownParameter_D0_C0_0","parameterUnit":"Unknown","genProcessType":2,"genProcessTypeName":"Forecast","forecastTime":240,"surface1Type":1,"surface1TypeName":"Ground or water surface","surface1Value":0.0,"surface2Type":255,"surface2TypeName":"Missing","surface2Value":0.0,"gridDefinitionTemplate":0,"gridDefinitionTemplateName":"Latitude_Longitude","numberPoints":615,"shape":6,"shapeName":"Earth spherical with radius of 6,371,229.0 m","gridUnits":"degrees","resolution":48,"winds":"true","scanMode":64,"nx":41,"ny":15,"basicAngle":0,"lo1":47.0,"la1":41.0,"lo2":87.0,"la2":55.0,"dx":1.0,"dy":1.0}, "data":
[rows 0 to 14 of 15, columns 0 to 40 of 41]
278.98236,270.58237,275.3824,292.68237,292.58237,291.68237,286.3824,282.3824,278.18237,279.3824,278.78238,280.28238,280.3824,280.18237,280.98236,280.98236,285.08237,285.28238,285.8824,285.3824,285.8824,285.98236,284.18237,283.98236,287.78238,288.68237,283.48236,273.48236,272.8824,273.28238,270.78238,270.78238,279.8824,285.48236,286.3824,287.58237,285.98236,286.68237,288.08237,288.28238,286.18237
258.78238,273.68237,292.18237,292.3824,292.58237,290.8824,281.98236,280.18237,277.8824,278.58237,279.18237,279.28238,279.28238,279.58237,279.98236,280.58237,283.28238,284.78238,284.98236,284.18237,284.8824,285.18237,285.08237,280.68237,273.98236,273.48236,280.8824,275.18237,277.48236,271.98236,277.48236,269.48236,273.08237,252.98238,270.78238,283.3824,281.18237,284.28238,286.48236,280.98236,283.3824
274.68237,292.08237,292.48236,291.98236,290.48236,280.48236,278.68237,278.78238,277.48236,277.78238,277.68237,279.18237,279.78238,280.08237,280.8824,282.08237,282.48236,282.3824,284.28238,284.28238,285.28238,284.48236,284.28238,281.28238,287.28238,284.18237,287.98236,288.18237,287.48236,281.3824,272.98236,273.98236,278.58237,276.8824,278.18237,280.3824,272.98236,271.3824,272.98236,270.08237,270.08237
276.8824,291.18237,291.8824,291.08237,287.48236,278.48236,279.3824,277.98236,278.98236,278.78238,278.98236,278.98236,289.28238,288.68237,282.18237,281.08237,280.8824,281.18237,282.68237,283.28238,283.58237,279.58237,285.3824,285.18237,286.28238,285.8824,288.08237,287.68237,286.48236,288.8824,288.48236,288.48236,288.68237,287.28238,286.3824,284.8824,271.8824,265.78238,275.78238,279.98236,283.68237
278.28238,290.48236,291.08237,290.3824,286.28238,280.08237,279.98236,279.68237,280.28238,280.3824,278.8824,278.68237,287.98236,286.8824,285.68237,283.08237,282.08237,282.08237,283.08237,282.08237,283.68237,284.3824,284.58237,284.68237,284.08237,285.8824,285.58237,288.48236,291.78238,290.68237,288.18237,287.48236,278.58237,269.08237,275.3824,282.3824,286.18237,285.8824,286.08237,286.18237,286.68237
277.58237,277.8824,288.98236,289.8824,290.08237,289.58237,280.78238,280.68237,278.28238,278.3824,278.68237,278.98236,286.3824,287.68237,283.98236,282.28238,282.8824,282.8824,280.98236,282.18237,281.3824,282.78238,283.68237,283.68237,284.3824,284.28238,286.68237,285.98236,289.58237,287.98236,285.98236,287.48236,286.98236,285.48236,285.68237,287.08237,280.18237,279.98236,282.3824,284.3824,284.98236
277.58237,276.08237,277.48236,277.58237,280.3824,276.98236,277.78238,278.28238,277.98236,278.28238,278.18237,277.8824,278.78238,278.8824,278.68237,279.58237,279.98236,280.98236,280.8824,280.68237,280.68237,281.28238,282.58237,283.78238,283.98236,286.3824,287.48236,287.98236,287.78238,288.58237,286.18237,284.98236,284.18237,286.8824,285.8824,283.98236,280.58237,277.68237,274.48236,272.18237,281.18237
277.08237,276.08237,276.98236,276.98236,277.3824,277.18237,277.08237,276.98236,275.3824,276.18237,276.08237,276.18237,276.48236,278.18237,279.08237,279.58237,279.08237,279.3824,280.18237,278.78238,278.58237,279.58237,280.8824,282.8824,284.18237,283.68237,286.68237,283.98236,283.78238,284.48236,282.78238,282.18237,282.68237,278.8824,279.8824,277.8824,280.68237,284.3824,282.3824,281.68237,279.58237
278.58237,274.78238,275.48236,274.58237,275.18237,275.48236,275.18237,275.48236,274.98236,274.48236,273.08237,272.48236,272.28238,275.8824,275.28238,277.18237,278.68237,280.28238,279.08237,278.98236,277.48236,277.78238,279.8824,282.58237,283.3824,285.68237,284.8824,286.08237,283.3824,280.78238,280.78238,280.58237,282.48236,281.3824,281.3824,279.08237,278.8824,278.48236,269.68237,269.8824,268.18237
277.78238,274.68237,273.78238,273.48236,274.48236,274.08237,274.08237,273.58237,274.48236,273.58237,272.08237,272.58237,276.78238,278.58237,276.3824,275.18237,277.28238,279.8824,280.78238,279.18237,278.28238,279.3824,281.08237,283.28238,284.68237,287.08237,286.78238,284.98236,282.98236,282.48236,281.3824,282.3824,282.68237,281.8824,280.18237,278.3824,278.78238,274.3824,270.68237,271.18237,269.78238
276.8824,273.18237,273.08237,272.58237,272.08237,272.28238,272.8824,273.18237,274.3824,272.68237,273.08237,276.58237,278.48236,276.98236,278.68237,275.48236,276.18237,280.08237,280.8824,280.28238,279.08237,279.48236,280.98236,283.3824,284.3824,286.68237,285.68237,283.28238,283.8824,283.28238,282.68237,282.48236,281.48236,282.98236,281.18237,278.28238,276.3824,273.48236,271.48236,271.68237,270.58237
276.28238,273.48236,272.3824,270.68237,270.3824,270.48236,271.08237,271.78238,274.58237,273.78238,273.68237,276.68237,278.18237,277.08237,277.08237,277.48236,279.08237,279.98236,279.78238,278.98236,278.98236,280.8824,281.3824,283.18237,284.28238,283.98236,283.48236,283.58237,283.3824,282.8824,281.28238,281.18237,281.18237,278.78238,279.58237,277.78238,277.28238,277.08237,277.28238,275.78238,273.8824
274.08237,273.68237,271.98236,270.8824,269.98236,270.48236,270.3824,271.3824,271.98236,274.08237,273.58237,274.28238,276.78238,277.68237,277.78238,278.98236,278.98236,278.68237,279.78238,280.08237,281.18237,282.48236,283.18237,283.8824,282.78238,282.28238,281.68237,281.28238,281.28238,280.3824,280.3824,279.8824,278.98236,278.78238,278.08237,277.08237,276.3824,277.68237,276.58237,274.68237,274.58237
273.08237,274.48236,279.08237,270.68237,269.28238,268.8824,269.68237,270.18237,271.8824,273.58237,273.68237,273.28238,273.3824,276.48236,278.48236,280.8824,279.78238,280.28238,281.18237,283.08237,284.58237,285.68237,283.68237,281.58237,281.68237,281.48236,281.18237,280.3824,279.78238,279.3824,278.8824,278.18237,278.18237,277.48236,276.3824,275.68237,275.68237,275.78238,275.28238,274.28238,273.98236
272.58237,273.78238,283.68237,271.58237,269.58237,267.98236,269.18237,269.48236,270.48236,272.28238,274.28238,274.18237,273.68237,274.78238,276.78238,278.58237,278.8824,279.68237,283.8824,284.3824,284.08237,283.28238,282.18237,281.68237,281.18237,281.08237,280.08237,279.08237,278.78238,278.28238,279.8824,279.98236,277.3824,276.3824,276.28238,276.28238,275.3824,275.18237,275.28238,274.8824,274.68237
