wind.json
{"header": {"discipline":0,"disciplineName":"Meteorological products","gribEdition":2,"gribLength":953,"center":7,"centerName":"US National Weather Service - NCEP(WMC)","subcenter":0,"refTime":"2023-07-02T00:00:00.000Z","significanceOfRT":1,"significanceOfRTName":"Start of forecast","productStatus":0,"productStatusName":"Operational products","productType":1,"productTypeName":"Forecast products","productDefinitionTemplate":0,"productDefinitionTemplateName":"Analysis/forecast at horizontal level/layer at a point in time","parameterCategory":0,"parameterCategoryName":"UnknownDiscipline_0_Category_0","parameterNumber":0,"parameterNumberName":"UnknownParameter_D0_C0_0","parameterUnit":"Unknown","genProcessType":2,"genProcessTypeName":"Forecast","forecastTime":120,"surface1Type":1,"surface1TypeName":"Ground or water surface","surface1Value":0.0,"surface2Type":255,"surface2TypeName":"Missing","surface2Value":0.0,"gridDefinitionTemplate":0,"gridDefinitionTemplateName":"Latitude_Longitude","numberPoints":688,"shape":6,"shapeName":"Earth spherical with radius of 6,371,229.0 m","gridUnits":"degrees","resolution":48,"winds":"true","scanMode":64,"nx":43,"ny":16,"basicAngle":0,"lo1":45.0,"la1":40.0,"lo2":87.0,"la2":55.0,"dx":1.0,"dy":1.0}, "data":
[rows 0 to 15 of 16, columns 0 to 42 of 43]
283.48773,278.5877,294.1877,296.0877,296.98773,297.78772,296.98773,295.28772,300.28772,299.1877,300.48773,300.28772,304.1877,300.98773,298.98773,300.0877,299.98773,302.28772,299.38773,297.98773,296.48773,294.38773,292.38773,292.6877,291.5877,287.88773,288.0877,280.6877,276.88773,277.38773,278.88773,292.6877,294.98773,296.38773,297.5877,296.98773,299.48773,297.5877,299.98773,299.78772,298.98773,299.0877,299.28772
287.48773,296.1877,295.6877,288.28772,291.38773,296.78772,296.38773,294.6877,298.28772,302.78772,301.0877,303.6877,300.0877,301.0877,300.28772,299.48773,299.6877,297.28772,297.38773,296.5877,295.48773,296.1877,295.48773,292.0877,290.0877,286.38773,292.6877,293.0877,287.6877,276.28772,277.98773,278.1877,278.48773,279.28772,289.5877,296.28772,298.1877,298.1877,298.1877,298.78772,298.78772,299.98773,300.5877
287.78772,285.28772,276.5877,292.0877,296.5877,296.6877,296.0877,293.6877,301.6877,300.6877,300.48773,299.5877,301.1877,298.5877,297.78772,297.1877,296.78772,295.1877,294.28772,295.0877,294.78772,293.88773,294.0877,294.48773,290.98773,283.88773,271.5877,272.88773,281.1877,275.6877,276.88773,275.0877,281.28772,272.78772,281.98773,260.1877,276.5877,293.78772,292.6877,296.0877,301.28772,294.0877,283.48773
289.5877,292.1877,293.1877,296.5877,296.48773,296.38773,295.6877,300.28772,300.78772,299.6877,298.88773,298.48773,297.98773,297.88773,295.88773,296.6877,297.28772,295.5877,293.1877,292.78772,292.38773,292.6877,294.1877,292.98773,293.1877,287.28772,289.1877,287.48773,288.78772,287.6877,287.88773,280.88773,276.48773,276.5877,280.98773,280.78772,282.1877,283.0877,277.78772,279.6877,281.0877,279.78772,278.6877
295.0877,296.48773,294.48773,297.48773,297.38773,296.78772,297.0877,298.48773,298.98773,298.38773,300.0877,298.48773,298.38773,297.88773,295.0877,294.48773,296.0877,294.6877,296.38773,295.1877,294.38773,293.1877,292.5877,287.5877,293.88773,294.28772,290.88773,293.0877,293.88773,290.78772,291.0877,291.48773,292.48773,291.98773,293.5877,291.98773,291.28772,287.48773,278.98773,277.6877,283.88773,292.98773,297.0877
295.88773,298.78772,298.1877,298.1877,297.88773,298.5877,298.48773,299.48773,300.78772,300.38773,300.48773,299.78772,297.5877,297.38773,295.6877,294.98773,292.0877,297.98773,298.28772,296.38773,293.5877,296.28772,295.88773,294.38773,294.28772,294.38773,293.6877,294.0877,292.78772,291.5877,292.1877,293.28772,295.6877,291.78772,282.48773,274.78772,283.98773,292.98773,294.88773,300.28772,300.0877,299.88773,300.1877
297.38773,300.1877,298.78772,297.48773,299.0877,298.28772,297.98773,297.5877,300.78772,302.0877,300.0877,299.28772,298.48773,297.5877,294.38773,294.1877,294.98773,296.48773,298.0877,296.6877,295.0877,296.1877,294.38773,293.48773,292.1877,291.88773,290.78772,289.38773,291.28772,290.5877,294.1877,294.38773,296.6877,295.78772,292.28772,292.0877,293.28772,291.28772,287.0877,288.1877,297.28772,300.1877,299.28772
298.88773,302.6877,298.98773,299.98773,301.1877,301.28772,299.0877,299.6877,300.28772,300.48773,300.98773,300.28772,299.0877,296.78772,297.0877,297.38773,297.38773,296.38773,296.38773,296.78772,295.5877,293.28772,293.78772,292.6877,290.78772,290.78772,288.5877,288.1877,288.6877,291.48773,292.78772,293.88773,293.0877,293.5877,293.98773,292.98773,292.1877,292.88773,289.1877,285.38773,284.5877,285.48773,296.0877
298.5877,297.5877,299.5877,298.78772,300.5877,300.38773,299.98773,299.1877,298.6877,298.5877,296.98773,298.38773,296.48773,295.48773,294.88773,295.6877,296.5877,296.6877,296.48773,297.1877,295.1877,292.5877,291.98773,290.78772,290.0877,289.78772,287.38773,284.38773,286.1877,287.98773,287.28772,290.1877,289.5877,290.1877,288.6877,288.28772,289.38773,291.78772,294.28772,288.1877,295.6877,294.98773,294.0877
291.5877,298.28772,297.98773,297.98773,297.98773,298.6877,298.88773,297.5877,295.88773,296.38773,295.98773,294.6877,293.78772,293.6877,292.88773,293.98773,294.28772,295.1877,294.5877,294.0877,293.48773,292.88773,289.5877,288.78772,289.88773,288.5877,286.0877,286.0877,284.48773,284.28772,286.48773,284.78772,285.38773,288.0877,288.6877,289.78772,290.48773,289.1877,290.0877,293.0877,284.6877,283.5877,282.1877
293.6877,294.38773,294.78772,295.78772,295.5877,295.38773,296.1877,295.0877,294.78772,294.1877,294.1877,292.88773,291.98773,291.48773,291.88773,291.78772,292.28772,293.28772,293.78772,293.0877,292.48773,292.98773,289.88773,289.48773,290.6877,288.6877,287.38773,287.78772,286.88773,287.48773,287.38773,286.6877,286.98773,289.38773,289.98773,290.88773,290.5877,289.38773,288.38773,287.1877,286.0877,284.48773,283.48773
290.6877,291.1877,292.88773,292.6877,292.78772,293.28772,292.48773,292.78772,292.6877,292.1877,291.78772,290.6877,289.6877,289.5877,293.0877,290.38773,290.6877,292.1877,291.48773,292.38773,292.78772,291.28772,290.5877,289.5877,289.5877,288.48773,287.48773,289.0877,288.5877,290.28772,290.28772,291.88773,291.98773,292.1877,293.6877,291.0877,290.1877,288.88773,286.1877,286.28772,285.1877,284.98773,285.38773
289.1877,289.28772,290.38773,290.6877,290.48773,291.38773,290.48773,290.6877,290.28772,289.88773,290.78772,289.6877,289.6877,290.48773,291.1877,289.28772,290.0877,290.6877,291.28772,291.28772,291.0877,290.5877,289.6877,289.38773,289.48773,288.98773,287.78772,289.0877,289.38773,290.5877,291.48773,292.5877,291.38773,292.48773,293.0877,291.28772,289.98773,289.88773,291.48773,291.48773,289.5877,290.78772,289.38773
288.1877,288.48773,289.5877,288.78772,290.5877,290.28772,290.5877,290.48773,289.28772,288.28772,287.98773,286.5877,286.28772,286.1877,291.38773,290.0877,289.0877,289.38773,290.0877,289.5877,290.38773,290.78772,290.28772,289.0877,290.38773,288.78772,291.0877,291.48773,291.6877,291.5877,291.1877,291.0877,291.6877,292.5877,291.78772,290.48773,290.48773,291.98773,291.78772,292.28772,291.0877,290.88773,290.28772
289.0877,288.0877,287.6877,292.98773,289.98773,289.5877,290.88773,290.48773,289.28772,288.28772,287.48773,287.28772,285.88773,284.6877,285.6877,288.98773,291.48773,288.88773,288.88773,288.78772,290.78772,291.38773,290.98773,290.1877,290.88773,292.98773,291.5877,292.28772,292.88773,293.38773,292.1877,292.0877,292.28772,292.38773,291.98773,292.1877,292.0877,292.6877,291.78772,291.78772,292.28772,291.28772,291.78772
291.38773,287.28772,288.6877,287.78772,291.0877,288.1877,287.78772,286.28772,286.1877,285.88773,286.78772,287.28772,288.6877,283.98773,287.78772,287.1877,292.1877,292.48773,290.98773,289.48773,289.88773,290.78772,290.78772,290.5877,289.48773,289.78772,289.78772,290.0877,290.38773,291.48773,291.48773,293.0877,291.88773,288.6877,292.88773,292.5877,292.48773,292.0877,292.5877,291.38773,292.1877,292.0877,292.1877
