wind_kz.json
{"header": {"discipline":0,"disciplineName":"Meteorological products","gribEdition":2,"gribLength":1025,"center":7,"centerName":"US National Weather Service - NCEP(WMC)","subcenter":0,"refTime":"2023-09-27T00:00:00.000Z","significanceOfRT":1,"significanceOfRTName":"Start of forecast","productStatus":0,"productStatusName":"Operational products","productType":1,"productTypeName":"Forecast products","productDefinitionTemplate":0,"productDefinitionTemplateName":"Analysis/forecast at horizontal level/layer at a point in time","parameterCategory":2,"parameterCategoryName":"UnknownDiscipline_0_Category_2","parameterNumber":3,"parameterNumberName":"UnknownParameter_D0_C2_3","parameterUnit":"Unknown","genProcessType":2,"genProcessTypeName":"Forecast","forecastTime":180,"surface1Type":103,"surface1TypeName":"Specified height level above ground","surface1Value":10.0,"surface2Type":255,"surface2TypeName":"Missing","surface2Value":0.0,"gridDefinitionTemplate":0,"gridDefinitionTemplateName":"Latitude_Longitude","numberPoints":615,"shape":6,"shapeName":"Earth spherical with radius of 6,371,229.0 m","gridUnits":"degrees","resolution":48,"winds":"true","scanMode":64,"nx":41,"ny":15,"basicAngle":0,"lo1":47.0,"la1":41.0,"lo2":87.0,"la2":55.0,"dx":1.0,"dy":1.0}, "data":
[rows 0 to 14 of 15, columns 0 to 40 of 41]
0.7161475,0.5961475,-0.6538525,-9.403852,-10.513852,-10.823853,-9.803852,-5.0038524,-0.27385253,-0.043852538,0.14614746,-0.05385254,-0.6638525,2.9061475,0.8361475,-2.2638526,-2.5938525,-1.9538525,-3.4538527,-2.9938526,-2.7138526,-1.1238525,-2.3438525,0.9661475,2.6761475,-0.44385254,1.0061475,2.0761476,-0.51385254,0.79614747,1.4861474,0.76614743,-0.40385255,-0.26385254,-1.4438525,2.4661474,1.6761475,2.8361475,-0.20385253,0.43614745,-0.46385252
-0.14385253,-0.50385255,-4.7038527,-9.063852,-9.873853,-9.383853,-8.913853,-5.9138527,-1.5338526,-0.20385253,0.51614743,1.6261475,2.4361475,1.9761474,-0.35385254,-1.2338525,-2.0338526,-1.5538526,-1.2638526,-1.9338526,-1.7838526,-4.4938526,0.43614745,-0.9038525,0.74614745,2.0961475,0.35614747,1.2661475,-0.08385254,-0.05385254,-1.1938525,0.7161475,-3.0338526,-3.0738525,0.99614745,1.7461475,1.3761475,2.8961475,1.1861475,-0.68385255,-0.33385253
-5.4938526,-6.5138526,-8.053852,-8.223852,-6.4338527,-6.6138525,-6.6738524,-7.0138526,-1.9738525,0.15614747,-1.4038526,-0.44385254,-1.3238525,-0.18385254,-1.4038526,-2.2238526,-3.1638525,-3.2238526,-2.5038526,-2.5238526,-2.3038526,-2.3138525,-2.1638525,2.6361475,-2.7938526,-1.7638526,-1.4438525,-2.2438526,-1.3938526,-0.05385254,-0.47385255,-1.2938526,-1.8338525,-1.9038526,-1.2238525,-0.44385254,-1.3638525,-3.6538525,0.28614748,1.2161474,1.0361475
-4.0338526,-5.6538525,-6.2738523,-5.8038526,-4.3838525,-5.1638527,-5.6838527,-4.6338525,-2.5838525,0.03614746,0.70614743,-0.75385255,-2.6938524,-3.8838525,-5.0538526,-1.7038525,-2.3438525,-3.2538526,-3.7538526,-3.4538527,-1.1438526,0.7161475,-1.9638525,-1.1838526,-0.9638525,-1.5038525,-0.31385255,-0.19385254,1.0661474,-0.8438525,1.8661475,-0.003852539,2.7261474,1.3161474,-1.0238526,0.28614748,1.0861474,2.1661475,-0.9138525,-0.27385253,-1.7038525
-4.6538525,-2.2938526,-4.8738527,-4.4638524,-3.1138525,-3.9538527,-5.0538526,-3.7238526,-0.69385254,-0.5338525,0.6461475,2.1061475,0.67614746,-2.2538526,-2.9338524,-1.2638526,-2.1338525,-2.6238525,-2.7538526,-0.5238525,0.12614746,-0.23385254,-0.09385254,-0.07385254,0.34614745,0.09614746,-1.6238525,-4.1438527,-0.9638525,-2.4538527,-2.5238526,-2.2838526,-0.34385255,0.31614745,0.36614746,1.4561474,0.19614746,1.8961475,1.8961475,-1.2938526,-1.7738526
-4.8938527,-5.2738523,-2.3238525,1.8761475,0.38614747,-2.5538526,-2.2938526,-0.92385256,3.6261475,2.3761475,2.2361474,3.9661474,2.1761475,0.006147461,-3.9538527,-0.30385253,-0.49385253,-0.56385255,-0.89385253,-1.3038526,-1.2838526,-1.4638525,-0.6538525,-0.07385254,0.9061475,1.6061474,-0.6638525,-3.9838526,-0.76385254,-1.2438525,-0.49385253,-2.4438524,-1.6938525,-2.8538525,-0.28385255,-1.4538525,-1.3338525,-1.5438526,-1.1938525,-1.5838525,-2.8738525
-5.2438526,-5.583853,-5.333853,-5.0738525,-4.333853,-2.8038526,-1.2038525,4.5261474,2.7261474,2.4161475,2.4461474,3.1161475,1.7361474,0.9061475,0.7161475,-0.56385255,-1.1038525,-1.1838526,-1.2238525,-0.43385255,-0.9038525,-1.2238525,-0.73385257,0.03614746,1.0661474,1.1961474,0.34614745,-1.0038525,1.9561474,2.4961474,1.9661474,0.6461475,-0.14385253,0.50614744,1.4661474,0.85614747,-0.79385257,-1.4538525,1.1661475,-1.3738525,-4.5738525
-5.9838524,-5.6338525,-5.6938524,-5.5538526,-3.4738526,-3.8838525,2.3961475,2.7961473,2.5161474,2.5361474,2.9261475,2.6961474,1.5161475,0.50614744,-0.15385254,1.5361475,-1.1138525,-0.5938525,-1.7738526,-0.47385255,0.45614746,-0.41385254,-0.6038525,-0.6038525,0.07614746,1.1761475,1.1561475,0.76614743,0.45614746,0.75614744,0.46614745,2.5061474,-2.0038526,-0.33385253,-0.22385255,-2.1238525,1.6161475,2.6061475,-1.1038525,-1.6538526,-4.2938523
-5.1738524,-3.7338526,-4.7138524,-5.1838527,-3.3538525,-3.1838524,1.8561474,-1.4238526,2.0261474,2.3161476,1.4561474,1.0761474,1.1061474,0.63614744,1.1661475,1.7961475,1.9961475,1.6161475,-0.95385253,-1.2938526,-0.48385254,-0.06385254,-0.36385253,0.18614747,0.80614746,0.93614745,0.87614745,1.1161475,1.6361475,1.7061474,-1.0038525,-1.1138525,-0.79385257,-2.8038526,-1.7038525,1.6961474,1.7761475,0.07614746,-2.4338524,1.2661475,0.006147461
-3.2238526,-3.4838526,-2.8038526,-3.1538525,-2.9138525,-3.3538525,-0.68385255,-1.0838525,-0.9638525,-0.27385253,-1.4338526,0.6461475,0.63614744,0.5361475,0.81614745,1.0961474,0.48614746,0.50614744,1.3761475,0.79614747,-1.2338525,-0.50385255,-0.74385256,-0.33385253,0.81614745,0.9161475,0.13614745,-0.08385254,0.8461475,0.26614746,1.7161474,0.49614745,-0.8538525,-1.5538526,-1.7538525,-1.1738526,-0.33385253,-0.23385254,-0.35385254,0.5861475,1.3561474
-0.6638525,-1.6138525,-2.4438524,-1.0438526,-1.0538526,-1.9438525,-2.5938525,-2.0238526,3.8561475,2.9661474,2.1161475,0.7261475,-0.81385255,-0.18385254,0.67614746,-0.11385254,0.50614744,0.99614745,1.0261475,-0.0138525395,0.006147461,1.0861474,1.1961474,0.99614745,1.0561475,1.6861475,1.9261475,0.85614747,0.13614745,1.5661474,1.2661475,0.67614746,-1.4738525,-1.1938525,-2.2038527,-1.7138525,-1.3138525,-0.22385255,-0.67385256,0.20614746,0.22614746
1.0661474,0.34614745,-0.7138525,-1.3738525,-0.18385254,1.0961474,0.68614745,-1.3738525,-0.86385256,-1.0738525,0.03614746,-0.70385253,-0.27385253,0.7261475,0.38614747,0.20614746,-0.11385254,0.43614745,1.4761474,1.1961474,1.2061474,1.9361475,1.6461475,1.3661475,1.2761475,1.0161475,2.0761476,2.2661474,2.0761476,2.0861475,1.2061474,-0.56385255,-1.1138525,-2.1738524,-0.40385255,-1.1538526,-1.0038525,-0.51385254,0.40614745,-0.123852536,-0.31385255
1.5761474,2.2061474,1.0661474,0.60614747,0.8361475,0.7261475,1.7661475,2.2061474,3.1561475,0.79614747,0.26614746,-0.43385255,-0.9138525,0.88614744,0.48614746,1.3961475,1.4061475,1.2161474,2.6961474,1.0061475,2.2561474,2.4761474,2.4261475,2.4361475,2.7361474,2.5961475,2.5261474,2.6861475,2.8261476,2.4961474,2.2861474,1.4461474,0.34614745,-0.16385254,-0.8438525,-0.24385254,-1.3938526,-0.67385256,-0.81385255,-0.8538525,-1.2138525
3.2861474,2.4161475,2.8261476,1.5261475,1.4061475,0.76614743,0.56614745,0.01614746,1.2361474,1.4161475,1.3861475,0.69614744,0.60614747,1.0261475,0.7261475,0.09614746,0.86614746,0.55614746,1.4861474,2.9461474,3.3661475,2.5961475,2.5861475,2.8161476,2.4661474,3.3961475,3.5161474,3.3261476,3.2661474,3.1261475,2.7261474,2.3461475,1.6861475,1.3761475,1.0361475,0.21614747,0.45614746,-0.48385254,-0.8338525,-0.43385255,-1.2038525
2.6661475,3.4561474,4.7461476,2.1161475,2.3361475,2.1861475,1.4861474,0.26614746,0.03614746,1.3061475,1.1161475,0.88614744,0.37614745,-0.95385253,-1.8538525,0.92614746,2.4061475,2.2561474,0.69614744,0.41614747,3.3961475,4.3161473,3.7361474,3.6661475,3.4861474,3.2861474,3.6261475,3.5461473,3.4961474,3.4361475,3.7261474,3.6561475,2.7261474,2.4561474,2.0061474,1.8761475,1.0261475,-0.03385254,0.9661475,0.6661475,-0.19385254
