wind_kz.json
{"header": {"discipline":0,"disciplineName":"Meteorological products","gribEdition":2,"gribLength":1025,"center":7,"centerName":"US National Weather Service - NCEP(WMC)","subcenter":0,"refTime":"2023-09-26T00:00:00.000Z","significanceOfRT":1,"significanceOfRTName":"Start of forecast","productStatus":0,"productStatusName":"Operational products","productType":1,"productTypeName":"Forecast products","productDefinitionTemplate":0,"productDefinitionTemplateName":"Analysis/forecast at horizontal level/layer at a point in time","parameterCategory":2,"parameterCategoryName":"UnknownDiscipline_0_Category_2","parameterNumber":3,"parameterNumberName":"UnknownParameter_D0_C2_3","parameterUnit":"Unknown","genProcessType":2,"genProcessTypeName":"Forecast","forecastTime":60,"surface1Type":103,"surface1TypeName":"Specified height level above ground","surface1Value":10.0,"surface2Type":255,"surface2TypeName":"Missing","surface2Value":0.0,"gridDefinitionTemplate":0,"gridDefinitionTemplateName":"Latitude_Longitude","numberPoints":615,"shape":6,"shapeName":"Earth spherical with radius of 6,371,229.0 m","gridUnits":"degrees","resolution":48,"winds":"true","scanMode":64,"nx":41,"ny":15,"basicAngle":0,"lo1":47.0,"la1":41.0,"lo2":87.0,"la2":55.0,"dx":1.0,"dy":1.0}, "data":
[rows 0 to 14 of 15, columns 0 to 40 of 41]
2.3256946,2.1156945,-1.2243054,0.8756946,-0.80430543,-1.6543055,-2.0543053,-3.8443055,-1.8543054,-3.5143054,-2.7443054,-5.4043055,-5.0543056,-3.5343053,-2.2843053,-4.2643056,-4.2443056,-4.5343056,-4.1043053,-3.9743054,-2.9243054,-2.0243053,-2.2143054,-1.9143054,5.335695,1.4756945,1.4656945,0.02569458,-1.1943054,2.4456947,1.0456946,1.4656945,0.7956946,0.8156946,-1.5743054,-3.0643053,-3.1843054,-0.3643054,-1.3743054,-0.7643054,-0.4243054
-2.9643054,0.23569459,-0.11430542,1.0756946,-0.3343054,-3.4443054,-3.3143053,-3.2343054,-2.1943054,-2.5343053,-2.7143054,-2.8143053,-4.7443056,-4.1043053,-3.4643054,-4.9043055,-4.6043053,-3.2443054,-4.7443056,-4.4843054,-4.3243055,-4.6343055,-1.6943054,-1.9043055,0.7256946,-0.10430542,1.8356946,1.0756946,-0.13430542,-1.1043054,-0.9543054,-0.8143054,1.7156945,0.57569456,1.2956946,2.2356946,0.83569455,2.3556945,2.1056945,0.23569459,-1.1043054
1.8156946,1.8956946,0.40569457,0.27569458,1.0456946,-0.09430542,-3.6143055,-2.9843054,-5.3143053,-5.914305,-5.3443055,-3.6343055,-2.3743055,-2.3743055,-2.9943054,-3.6843054,-5.6743054,-5.894305,-5.184305,-4.5843053,-5.7243056,-4.1943054,-0.5843054,0.9856946,-2.6943054,-2.9143054,-2.8343055,-3.2543054,-2.7643054,-0.55430543,-0.3343054,-0.98430544,-1.7643055,-3.1343055,-0.22430542,-1.3643054,-1.7043054,-3.7943053,-0.2643054,2.0356946,1.9656945
0.5456946,-0.19430542,-0.24430542,0.14569458,-1.2743055,-3.8143053,-4.7743053,-4.6243052,-6.5243053,-8.004306,-7.2243056,-4.8643055,-2.0643053,-1.0843054,-2.4243054,-3.3143053,-4.164305,-6.4043055,-5.6943054,-4.5943055,-5.6143055,-2.9743054,-3.3343055,-0.41430542,-2.0843055,-2.1843054,-2.0043054,-0.27430543,-0.61430544,-2.9543054,1.4156946,0.7956946,2.2156947,-0.44430542,-1.5043054,1.2456946,-0.3643054,1.9356946,-1.0843054,-1.1743054,-1.7243054
0.02569458,-1.4443054,-2.9243054,-3.6943054,-5.7943053,-5.6943054,-5.9443054,-4.7943053,-5.7543054,-7.684305,-6.9943056,-5.3543053,-1.4043055,0.9056946,1.7956946,-0.8243054,-4.7343054,-5.6943054,-5.414305,-4.8743052,-4.1343055,-2.9343054,-1.2743055,-1.5843054,-1.5043054,-1.1143054,0.12569457,-2.7243054,-2.3243055,-1.0543054,0.05569458,-0.5743054,1.1356946,0.17569458,0.7956946,1.1356946,-0.27430543,-1.8743054,-1.9143054,-0.98430544,-1.0843054
-1.8243054,1.5756946,1.3256946,0.25569457,-1.3043054,-1.1543055,-0.79430544,-4.0843053,-6.1043053,-7.5543056,-7.1043053,-5.3843055,-1.6243054,3.1256945,3.4356947,-0.55430543,-3.5243053,-4.5743055,-5.3443055,-5.7943053,-3.7343054,-1.4743054,-2.8443055,-2.9143054,-2.2343054,-1.9143054,-1.0743054,-0.92430544,-2.5943055,-1.2643055,-1.2943054,-4.2043056,-3.8343055,-2.0243053,-0.6843054,6.815695,-0.8143054,3.1956947,3.5156946,-0.16430542,-2.0643053
-2.5143054,-3.8543055,-4.5143056,-5.8843055,-6.3243055,-5.9643054,-5.9543056,-5.2543054,-6.2743053,-7.2043056,-7.1543055,-7.9243054,-6.144305,2.2156947,2.3956945,-1.5343055,-3.0043054,-3.6643054,-4.7743053,-5.5643053,-4.0243053,-3.6143055,-3.3743055,-2.4443054,-2.6543055,-0.92430544,0.2656946,1.0756946,3.2156947,1.9856945,0.6656946,1.2356945,-0.5143054,-1.8943055,1.7456946,2.4456947,1.5856946,1.1256946,-0.80430543,2.2756946,1.8156946
-2.6343055,-3.4443054,-4.8743052,-6.0943055,-5.7943053,-5.9743056,-5.5243053,-5.6943054,-5.8543053,-6.5643053,-6.8143053,-5.4943056,-8.244306,0.5356946,-0.10430542,-1.6443055,-2.0743055,-3.1943054,-4.1243052,-5.0743055,-4.1943054,-2.3843055,-3.1043055,-3.3243055,-3.6743054,-2.9243054,-2.4743054,-2.0343053,-1.0043054,-0.21430542,1.8756946,1.9556946,0.49569458,1.6056945,-0.8243054,0.31569457,0.02569458,0.69569457,-1.8643054,0.06569458,-1.9943054
-3.2643054,-3.1543055,-3.9343054,-5.434305,-5.3143053,-5.0543056,-5.6143055,-5.7343054,-5.9243054,-5.9843054,-6.0143056,-5.6243052,-4.1743054,1.8356946,1.6456946,-0.3943054,-3.0343053,-3.0043054,-2.5243053,-3.2343054,-3.7443054,-4.1343055,-4.1143055,-3.3443055,-3.4643054,-3.6343055,-2.5843055,-2.5943055,-2.9143054,1.2456946,1.0656946,2.4856946,2.1056945,-0.7143054,2.8656945,4.3756948,0.7356946,0.09569458,0.9756946,0.5956946,-2.3543055
-3.3243055,-2.1943054,-3.3943055,-4.4843054,-4.3443055,-4.934305,-4.8743052,-5.0443053,-5.4843054,-5.7243056,-5.7043056,-5.0143056,-5.4243054,-4.894305,-3.8643055,-0.22430542,-2.0443053,-3.1443055,-2.4743054,-2.2543054,-2.2743053,-2.5743055,-3.0443053,-3.4043055,-4.0043054,-3.6943054,-3.0043054,-3.7643054,-0.7543054,-1.1543055,-0.79430544,-0.37430543,2.7056947,6.4556947,4.565695,3.1656945,1.1856946,-1.2243054,0.9956946,4.355695,3.3156946
-2.4843054,-2.9243054,-2.7043054,-3.5043054,-4.1343055,-4.5343056,-4.9543056,-4.9443054,-4.8043056,-5.434305,-4.8443055,-4.1543055,-4.894305,-4.5143056,-4.3643055,-3.5443053,-3.6443055,-4.8143053,-3.2443054,-2.1943054,-1.7543054,-2.1743054,-2.8543055,-2.3343055,-0.4543054,-1.8543054,-3.2143054,-4.0143056,-4.934305,-5.164305,-5.4243054,0.9856946,0.76569456,2.4456947,3.0956945,2.6456945,1.5656946,1.9956946,2.2056947,0.83569455,0.6556946
-2.0443053,-2.6843054,-3.1343055,-3.1543055,-3.2643054,-3.5043054,-4.3543053,-4.684305,-4.8143053,-4.934305,-3.7843053,-2.5543053,-4.7543054,-3.9443054,-3.9143054,-3.6343055,-3.5043054,-3.4743054,-4.2443056,-3.2943053,-1.9243054,-2.5943055,-1.4043055,0.13569458,-1.4343054,-1.3143054,1.0056946,-2.0043054,-1.5443054,-4.9043055,-4.2143054,-2.7043054,2.2656946,2.7756946,2.5356946,3.2656946,1.0656946,-0.49430543,0.14569458,-0.2643054,-0.28430542
-1.6843054,-2.0743055,-2.4343054,-2.1943054,-2.8943055,-2.4343054,-3.1843054,-3.7643054,-4.8843055,-4.5743055,-2.7543054,-3.0843055,-5.1943054,-3.4743054,-5.1943054,-4.5843053,-3.7643054,-3.4943054,-3.7443054,-0.8943054,-2.0443053,-1.7143054,-0.5843054,-1.1143054,-3.5443053,-1.6143054,-1.9443054,-2.2443054,-1.8743054,-2.3643055,-4.5943055,-4.5543056,-1.4743054,0.2656946,2.5056946,2.7356946,2.0656946,1.0256946,1.8456945,1.1756946,-0.34430543
-1.7643055,-1.6543055,-2.2943053,-2.3543055,-2.3043053,-2.7243054,-2.6843054,-2.6743054,-2.7543054,-3.2343054,-1.9443054,-2.1643054,-3.2043054,-2.9043055,-3.3843055,-4.6243052,-4.2043056,-2.2143054,-2.3443055,-2.4343054,-0.10430542,0.2956946,-0.04430542,-1.0343055,-2.1343055,-1.4543054,-1.6743054,-1.6243054,-2.5243053,-1.2643055,-1.5243055,-2.8343055,-1.7043054,0.5256946,-0.11430542,0.5556946,0.34569457,-0.21430542,1.3656945,1.5156946,1.1456946
-0.25430542,-0.41430542,0.4156946,-1.0843054,-1.4843054,-1.3343054,-2.2143054,-2.4343054,-2.7043054,-2.4243054,-1.1843054,-1.2643055,-1.0943054,-1.6743054,-2.3843055,-1.4043055,-2.3943055,-2.7043054,-3.0243053,-2.8943055,-3.7643054,0.43569458,0.9156946,0.5956946,0.7156946,0.05569458,-0.18430541,-0.79430544,-1.2743055,-0.6843054,0.8756946,2.0656946,0.03569458,0.6156946,2.4756947,2.4956946,2.5056946,2.1556945,0.76569456,2.4656947,1.4056946
