wind_kz.json
{"header": {"discipline":0,"disciplineName":"Meteorological products","gribEdition":2,"gribLength":871,"center":7,"centerName":"US National Weather Service - NCEP(WMC)","subcenter":0,"refTime":"2023-08-23T06:00:00.000Z","significanceOfRT":1,"significanceOfRTName":"Start of forecast","productStatus":0,"productStatusName":"Operational products","productType":1,"productTypeName":"Forecast products","productDefinitionTemplate":0,"productDefinitionTemplateName":"Analysis/forecast at horizontal level/layer at a point in time","parameterCategory":0,"parameterCategoryName":"UnknownDiscipline_0_Category_0","parameterNumber":0,"parameterNumberName":"UnknownParameter_D0_C0_0","parameterUnit":"Unknown","genProcessType":2,"genProcessTypeName":"Forecast","forecastTime":180,"surface1Type":1,"surface1TypeName":"Ground or water surface","surface1Value":0.0,"surface2Type":255,"surface2TypeName":"Missing","surface2Value":0.0,"gridDefinitionTemplate":0,"gridDefinitionTemplateName":"Latitude_Longitude","numberPoints":615,"shape":6,"shapeName":"Earth spherical with radius of 6,371,229.0 m","gridUnits":"degrees","resolution":48,"winds":"true","scanMode":64,"nx":41,"ny":15,"basicAngle":0,"lo1":47.0,"la1":41.0,"lo2":87.0,"la2":55.0,"dx":1.0,"dy":1.0}, "data":
[rows 0 to 14 of 15, columns 0 to 40 of 41]
290.08948,283.08948,283.98947,298.88947,298.88947,297.88947,295.38947,297.68948,297.2895,297.58948,294.08948,295.88947,295.08948,295.08948,295.38947,292.98947,291.38947,291.98947,290.98947,292.98947,292.68948,291.58948,290.88947,292.68948,294.7895,298.98947,292.98947,279.88947,280.68948,282.08948,278.98947,276.68948,291.58948,297.58948,298.68948,300.08948,299.18948,300.2895,298.58948,299.18948,300.18948
272.98947,284.7895,298.68948,298.88947,298.7895,297.48947,294.08948,293.48947,292.88947,293.08948,293.18948,295.18948,293.88947,288.2895,289.58948,288.88947,290.2895,289.18948,288.68948,288.48947,289.2895,294.68948,292.18948,286.08948,278.7895,279.58948,287.58948,280.48947,282.48947,277.68948,285.38947,274.2895,284.2895,260.48947,281.7895,296.2895,295.18948,297.7895,300.68948,292.68948,284.08948
287.58948,298.2895,298.98947,298.98947,297.48947,291.7895,291.18948,290.7895,290.18948,290.68948,290.88947,290.48947,287.48947,288.58948,288.58948,286.68948,286.18948,285.38947,286.58948,287.7895,288.7895,288.68948,287.58948,287.48947,290.88947,290.88947,293.88947,290.48947,289.58948,282.08948,277.98947,280.38947,285.88947,284.88947,286.98947,289.48947,278.38947,279.7895,283.48947,278.48947,278.68948
287.08948,299.2895,299.18948,298.18948,294.68948,290.08948,290.88947,288.98947,289.88947,290.68948,289.88947,289.58948,295.18948,294.58948,288.7895,285.48947,287.18948,286.38947,287.68948,286.38947,286.18948,283.88947,290.18948,290.18948,292.88947,295.2895,295.38947,292.58948,291.38947,292.38947,294.18948,293.2895,298.88947,299.68948,294.38947,287.38947,280.88947,281.18948,284.98947,292.38947,296.98947
291.58948,299.18948,299.38947,298.98947,296.38947,291.18948,291.88947,291.48947,290.58948,290.88947,290.48947,289.58948,295.08948,293.7895,291.58948,291.58948,290.88947,287.68948,289.38947,289.48947,289.58948,289.88947,289.88947,289.08948,288.88947,289.48947,290.88947,293.58948,292.68948,292.7895,295.88947,294.98947,285.7895,279.7895,289.08948,296.68948,296.2895,300.7895,301.2895,301.58948,301.58948
288.88947,285.98947,297.2895,298.2895,298.58948,297.98947,291.58948,291.58948,290.88947,290.48947,290.58948,290.7895,293.48947,294.38947,291.7895,289.18948,290.48947,290.18948,290.08948,290.98947,290.2895,288.08948,287.38947,287.88947,288.58948,287.18948,288.18948,293.08948,292.58948,293.58948,293.48947,295.58948,296.08948,297.88947,295.08948,295.2895,289.58948,291.48947,297.18948,300.18948,300.2895
288.7895,286.58948,290.18948,290.68948,292.48947,288.7895,289.48947,289.58948,291.7895,289.2895,289.48947,288.08948,287.98947,287.88947,287.98947,289.2895,289.7895,289.88947,288.18948,287.48947,287.7895,289.2895,289.88947,288.38947,287.88947,287.68948,287.58948,288.88947,290.7895,290.48947,292.18948,293.68948,297.58948,299.2895,297.7895,297.48947,291.7895,289.2895,284.68948,282.58948,294.68948
288.98947,286.2895,289.48947,289.68948,291.18948,290.08948,289.48947,288.18948,287.08948,288.2895,287.2895,285.88947,285.68948,286.58948,288.2895,288.88947,287.7895,287.88947,286.7895,285.18948,284.7895,286.2895,287.7895,287.98947,288.7895,284.68948,284.88947,287.18948,285.88947,288.88947,289.38947,292.2895,293.2895,292.88947,292.68948,294.88947,295.88947,289.38947,295.88947,294.18948,292.18948
290.38947,288.08948,287.98947,287.98947,289.68948,288.7895,287.58948,286.68948,285.38947,286.88947,284.38947,284.58948,283.88947,285.38947,286.2895,285.48947,287.2895,286.08948,284.98947,283.2895,282.18948,281.88947,285.58948,286.48947,286.2895,286.7895,283.88947,281.88947,284.38947,282.88947,286.48947,289.48947,292.58948,295.7895,292.7895,291.98947,292.68948,293.68948,278.08948,278.18948,276.98947
288.08948,288.48947,288.7895,288.48947,288.48947,287.38947,286.48947,285.2895,284.68948,280.58948,281.68948,282.7895,283.58948,283.7895,283.7895,284.58948,285.68948,283.88947,283.2895,282.7895,282.08948,283.88947,284.58948,283.98947,286.98947,286.98947,284.7895,284.48947,282.88947,285.7895,287.98947,291.38947,295.98947,295.38947,293.98947,294.58948,290.48947,288.98947,281.2895,281.68948,280.68948
287.2895,287.38947,286.7895,287.18948,286.88947,285.38947,285.48947,284.2895,282.18948,283.08948,281.88947,281.18948,283.08948,282.58948,282.88947,282.38947,282.68948,283.38947,284.18948,283.2895,283.88947,284.18948,282.58948,283.38947,283.98947,286.98947,283.7895,285.58948,285.2895,287.88947,292.08948,292.7895,294.48947,294.88947,295.08948,293.58948,288.7895,286.08948,282.2895,284.68948,283.38947
285.18948,286.68948,286.2895,285.68948,285.48947,284.48947,282.58948,281.98947,279.88947,283.58948,278.98947,279.18948,281.18948,281.08948,281.58948,281.08948,282.2895,281.2895,281.88947,283.2895,281.98947,283.08948,282.18948,283.08948,283.2895,285.08948,286.58948,287.18948,286.68948,288.58948,286.88947,289.98947,295.18948,294.18948,294.18948,295.08948,293.48947,291.48947,291.38947,289.7895,288.48947
283.08948,284.08948,285.2895,286.18948,285.88947,283.7895,281.88947,281.58948,277.68948,281.58948,278.18948,276.88947,279.18948,278.88947,280.08948,279.18948,281.2895,282.18948,283.68948,283.08948,283.2895,282.08948,281.18948,282.48947,283.38947,285.7895,287.48947,286.58948,286.68948,286.88947,289.88947,290.88947,293.58948,294.98947,294.18948,293.68948,291.38947,293.2895,290.98947,289.58948,290.7895
286.7895,287.08948,288.7895,285.48947,284.98947,283.38947,281.2895,280.98947,279.18948,279.08948,278.88947,276.7895,277.7895,278.58948,279.58948,280.68948,281.48947,281.08948,282.88947,282.48947,282.88947,283.08948,282.38947,285.08948,285.68948,288.88947,286.2895,285.2895,285.08948,284.98947,288.2895,289.58948,291.38947,292.88947,292.38947,293.18948,291.48947,290.38947,289.2895,290.08948,288.48947
283.68948,286.98947,290.58948,286.08948,286.2895,282.98947,282.08948,279.98947,281.88947,282.98947,281.98947,279.2895,278.08948,278.38947,279.18948,280.38947,280.98947,281.88947,282.38947,283.08948,283.88947,284.38947,282.58948,283.38947,285.58948,286.08948,284.98947,284.68948,284.58948,286.2895,287.18948,286.58948,289.38947,291.08948,292.7895,292.58948,291.48947,289.68948,289.48947,289.7895,288.98947
