wind_kz.json
{"header": {"discipline":0,"disciplineName":"Meteorological products","gribEdition":2,"gribLength":871,"center":7,"centerName":"US National Weather Service - NCEP(WMC)","subcenter":0,"refTime":"2023-10-02T06:00:00.000Z","significanceOfRT":1,"significanceOfRTName":"Start of forecast","productStatus":0,"productStatusName":"Operational products","productType":1,"productTypeName":"Forecast products","productDefinitionTemplate":0,"productDefinitionTemplateName":"Analysis/forecast at horizontal level/layer at a point in time","parameterCategory":0,"parameterCategoryName":"UnknownDiscipline_0_Category_0","parameterNumber":0,"parameterNumberName":"UnknownParameter_D0_C0_0","parameterUnit":"Unknown","genProcessType":2,"genProcessTypeName":"Forecast","forecastTime":60,"surface1Type":1,"surface1TypeName":"Ground or water surface","surface1Value":0.0,"surface2Type":255,"surface2TypeName":"Missing","surface2Value":0.0,"gridDefinitionTemplate":0,"gridDefinitionTemplateName":"Latitude_Longitude","numberPoints":615,"shape":6,"shapeName":"Earth spherical with radius of 6,371,229.0 m","gridUnits":"degrees","resolution":48,"winds":"true","scanMode":64,"nx":41,"ny":15,"basicAngle":0,"lo1":47.0,"la1":41.0,"lo2":87.0,"la2":55.0,"dx":1.0,"dy":1.0}, "data":
[rows 0 to 14 of 15, columns 0 to 40 of 41]
289.11472,281.5147,285.11472,294.11472,294.11472,292.61472,292.81473,295.91473,294.81473,294.41473,294.21472,294.31473,293.5147,292.81473,291.91473,290.0147,290.0147,290.5147,289.0147,290.31473,291.41473,288.81473,288.71472,285.21472,287.41473,289.5147,286.91473,273.61472,271.71472,271.41473,271.31473,272.31473,284.11472,291.61472,292.31473,291.21472,291.71472,290.61472,290.21472,289.21472,288.31473
271.11472,286.11472,293.71472,293.71472,294.0147,292.0147,293.71472,293.21472,292.5147,292.11472,293.91473,291.91473,291.91473,290.81473,287.91473,287.81473,287.5147,287.91473,287.11472,286.5147,286.21472,288.81473,285.81473,281.81473,271.71472,271.91473,280.71472,273.61472,272.81473,269.61472,276.0147,268.91473,277.41473,254.31473,271.0147,287.0147,285.91473,287.91473,291.0147,283.71472,283.61472
285.91473,293.61472,293.5147,293.11472,291.21472,294.61472,293.61472,293.21472,293.0147,293.31473,291.31473,291.0147,289.31473,289.5147,289.21472,286.21472,285.5147,284.61472,285.11472,285.11472,285.0147,286.21472,286.21472,283.41473,285.31473,284.91473,286.31473,285.11472,285.31473,278.31473,269.91473,272.31473,276.91473,277.41473,279.91473,279.41473,271.81473,273.91473,275.11472,270.61472,270.81473
288.71472,292.5147,293.5147,292.5147,291.31473,292.11472,292.81473,292.21472,291.31473,292.0147,289.31473,289.0147,290.5147,289.81473,289.21472,287.0147,287.41473,284.61472,286.0147,285.81473,286.91473,281.41473,286.61472,288.5147,288.0147,289.11472,289.21472,288.11472,285.41473,285.31473,286.41473,283.71472,288.0147,285.71472,284.41473,282.31473,270.41473,264.31473,274.31473,282.91473,286.71472
291.0147,292.41473,292.71472,292.31473,291.41473,291.21472,291.71472,289.41473,290.21472,288.81473,287.81473,286.71472,289.41473,288.21472,286.71472,288.21472,287.81473,287.31473,285.31473,287.81473,287.81473,288.11472,287.21472,287.61472,286.31473,287.0147,285.31473,285.91473,285.5147,285.5147,287.91473,284.21472,273.5147,265.61472,276.71472,285.11472,288.21472,289.21472,290.0147,290.41473,290.11472
290.81473,287.91473,290.61472,291.41473,291.81473,291.5147,289.41473,289.81473,289.0147,290.41473,289.21472,287.91473,288.91473,289.21472,288.31473,287.11472,289.0147,287.61472,287.91473,288.0147,286.81473,286.61472,286.71472,286.41473,285.81473,283.71472,284.21472,287.41473,287.0147,287.31473,285.31473,286.81473,285.81473,284.21472,282.61472,285.11472,277.41473,279.61472,285.91473,288.41473,287.91473
288.71472,287.31473,290.0147,290.71472,291.0147,287.61472,290.11472,290.21472,290.0147,289.81473,290.5147,290.21472,287.71472,287.71472,287.21472,287.41473,286.91473,287.81473,287.21472,286.61472,286.11472,286.31473,287.61472,287.71472,285.5147,285.31473,284.41473,285.61472,285.5147,285.71472,284.5147,284.91473,285.61472,286.5147,285.21472,283.31473,278.5147,275.41473,272.81473,272.71472,283.5147
287.21472,287.41473,291.61472,290.21472,291.71472,291.0147,288.21472,288.31473,287.91473,287.31473,287.21472,287.5147,286.81473,287.91473,287.71472,287.21472,285.61472,286.41473,286.21472,284.11472,284.31473,284.81473,285.21472,285.61472,284.0147,282.31473,282.21472,282.5147,281.71472,283.61472,282.61472,283.41473,282.61472,280.31473,280.91473,282.61472,284.21472,285.71472,283.11472,283.41473,280.0147
291.91473,290.21472,290.81473,288.5147,289.61472,288.91473,288.91473,288.81473,287.81473,286.71472,285.41473,284.81473,285.31473,286.81473,286.21472,286.71472,285.0147,283.81473,283.81473,283.81473,282.5147,282.31473,283.5147,283.41473,282.11472,282.0147,281.0147,280.11472,279.41473,278.41473,278.5147,279.71472,280.31473,281.81473,280.91473,279.81473,280.0147,278.71472,265.11472,267.0147,267.21472
290.91473,292.21472,291.81473,291.81473,288.31473,289.5147,290.41473,288.91473,287.71472,285.91473,284.61472,284.11472,284.61472,284.71472,284.31473,285.0147,284.81473,284.0147,282.11472,283.11472,282.81473,284.0147,284.11472,283.91473,284.21472,282.61472,282.31473,282.41473,281.11472,279.91473,281.31473,282.31473,283.0147,282.41473,282.31473,281.0147,279.5147,274.91473,271.91473,271.21472,269.21472
285.41473,286.21472,287.31473,286.5147,286.81473,290.31473,286.61472,285.61472,285.11472,284.31473,284.11472,287.41473,288.61472,285.21472,285.21472,287.11472,284.0147,284.41473,283.61472,282.31473,281.61472,281.11472,282.31473,283.5147,283.71472,283.81473,282.11472,282.91473,282.41473,283.0147,283.21472,282.81473,282.0147,282.61472,281.91473,280.61472,278.0147,274.71472,274.61472,274.41473,270.41473
283.31473,284.5147,284.71472,285.21472,285.5147,284.71472,288.21472,288.0147,288.31473,284.31473,283.81473,286.21472,284.5147,283.71472,284.81473,287.61472,284.71472,284.11472,283.61472,282.91473,281.61472,280.81473,280.0147,279.91473,280.31473,282.21472,283.11472,283.71472,283.81473,283.31473,282.5147,282.61472,283.0147,280.41473,281.11472,279.11472,278.81473,278.31473,278.21472,277.91473,277.5147
284.71472,283.91473,284.11472,283.61472,284.41473,284.61472,283.5147,283.5147,287.41473,288.41473,282.31473,281.0147,284.71472,284.91473,287.21472,287.91473,287.41473,284.31473,283.81473,282.71472,282.0147,280.61472,280.11472,279.41473,280.41473,281.71472,283.0147,283.11472,283.21472,282.5147,282.41473,281.91473,281.71472,280.41473,280.21472,279.61472,277.61472,279.21472,276.81473,276.11472,276.0147
286.41473,285.91473,285.21472,285.91473,283.81473,282.91473,282.61472,282.91473,283.11472,283.11472,282.0147,279.31473,280.71472,283.31473,284.11472,285.21472,284.71472,285.31473,285.0147,283.31473,283.21472,283.11472,283.11472,282.61472,283.31473,281.81473,281.71472,282.0147,281.91473,282.11472,281.41473,281.0147,280.61472,279.81473,279.71472,278.5147,278.31473,276.91473,276.21472,275.81473,275.5147
287.71472,287.61472,285.31473,287.11472,285.31473,285.61472,285.11472,284.21472,284.61472,287.11472,285.91473,285.21472,284.11472,282.81473,283.21472,283.5147,284.21472,283.91473,284.41473,285.61472,285.11472,282.81473,284.81473,282.61472,285.11472,284.71472,284.41473,280.61472,281.61472,280.61472,281.11472,282.21472,279.71472,279.61472,279.31473,279.11472,278.81473,277.31473,276.81473,276.41473,276.41473
