wind_kz.json
{"header": {"discipline":0,"disciplineName":"Meteorological products","gribEdition":2,"gribLength":1025,"center":7,"centerName":"US National Weather Service - NCEP(WMC)","subcenter":0,"refTime":"2024-02-03T12:00:00.000Z","significanceOfRT":1,"significanceOfRTName":"Start of forecast","productStatus":0,"productStatusName":"Operational products","productType":1,"productTypeName":"Forecast products","productDefinitionTemplate":0,"productDefinitionTemplateName":"Analysis/forecast at horizontal level/layer at a point in time","parameterCategory":2,"parameterCategoryName":"UnknownDiscipline_0_Category_2","parameterNumber":2,"parameterNumberName":"UnknownParameter_D0_C2_2","parameterUnit":"Unknown","genProcessType":2,"genProcessTypeName":"Forecast","forecastTime":180,"surface1Type":103,"surface1TypeName":"Specified height level above ground","surface1Value":10.0,"surface2Type":255,"surface2TypeName":"Missing","surface2Value":0.0,"gridDefinitionTemplate":0,"gridDefinitionTemplateName":"Latitude_Longitude","numberPoints":615,"shape":6,"shapeName":"Earth spherical with radius of 6,371,229.0 m","gridUnits":"degrees","resolution":48,"winds":"true","scanMode":64,"nx":41,"ny":15,"basicAngle":0,"lo1":47.0,"la1":41.0,"lo2":87.0,"la2":55.0,"dx":1.0,"dy":1.0}, "data":
[rows 0 to 14 of 15, columns 0 to 40 of 41]
0.5908667,-1.6891333,1.9308667,1.1208667,0.7808667,0.8108667,0.3508667,-2.7491333,-2.3791332,-1.7791333,-2.0191333,-2.6391332,-2.7191334,-2.5891333,-2.4191332,-2.2091334,-1.8991333,-1.4791332,-2.6291332,-2.5591333,-3.1491332,-1.3891333,-1.5091333,-3.2291334,-0.3491333,-1.8191333,-2.9291334,-1.1691333,2.0808668,0.8108667,-0.1391333,3.3008666,-0.40913332,-0.2491333,-0.0491333,0.1208667,1.1508667,1.6108667,2.3908668,1.8908668,2.2108667
2.3708668,1.8208667,1.4908667,0.5608667,-0.4591333,-0.5291333,-1.0791333,0.2908667,-0.2691333,0.2108667,-0.6391333,-1.0791333,-1.0591333,-1.5691333,-0.1691333,-1.3091333,-2.0591333,-2.1991334,-1.7891333,-1.8991333,-2.1091332,-1.5891333,0.0908667,-4.3191333,-0.5591333,2.1308668,-1.0691333,1.5808667,-3.0591333,-0.7391333,0.3208667,-1.2191333,2.9208667,-2.6491332,-0.059133302,0.3608667,-0.069133304,1.2608666,-0.0391333,0.5608667,-1.7591333
1.5808667,-1.1691333,-2.1791334,-3.1291332,-2.0091333,-1.3691334,0.5108667,2.1508667,0.7908667,0.9208667,2.4108667,1.0308667,1.0708667,1.3508667,0.8508667,0.8408667,1.6908667,1.0608667,0.7608667,-0.3491333,-1.2491333,-1.4591333,-0.4491333,1.5308667,-0.6591333,-0.5891333,-1.6291333,-1.9591333,-1.1091332,-0.2491333,-1.3491333,2.5308666,0.1408667,-0.0991333,0.4708667,-0.5991333,0.3908667,0.3308667,0.2708667,1.6008667,1.3508667
-0.6491333,0.34086668,0.1808667,-0.8691333,-1.8691334,0.1408667,2.3808668,3.3108666,3.1808667,2.9308667,2.8108666,3.2708666,4.7608666,4.9508667,1.8908668,1.8008667,1.9808667,1.5808667,0.9208667,0.2308667,-0.4891333,0.1608667,-1.9691333,-2.7091334,-2.0491333,-1.7991333,-2.3591332,-1.7191333,-0.6191333,-0.8791333,-1.1491333,-1.3591332,-2.4991333,-2.7191334,-2.6691332,-1.4491333,-1.5391333,2.8408668,0.2308667,2.8208666,0.2208667
2.7708666,2.6708667,3.0208666,2.7508667,2.4108667,3.7508667,2.9208667,4.3008666,4.330867,4.330867,4.580867,7.0708666,6.770867,6.3208666,5.9708667,2.1008668,2.3208666,1.4608667,1.2808667,1.1508667,1.7508667,0.2508667,-2.1291332,-1.8091333,-1.1291333,-1.2991333,-0.4991333,-1.8891333,-1.3991333,-0.7091333,0.1608667,-0.4991333,-0.019133301,3.9608667,0.9808667,0.5508667,1.2808667,2.8408668,2.2508667,1.1008667,0.3708667
4.2408667,3.3908668,3.7008667,4.1108665,4.9408665,5.2608666,5.350867,5.0508666,2.9808667,6.3908668,5.520867,5.850867,7.9208665,8.610867,5.020867,1.2008667,2.1508667,2.5008667,2.6008668,2.3208666,2.2108667,2.3408668,0.9908667,0.4108667,0.4908667,0.6108667,1.8008667,0.6508667,1.1308666,0.4008667,1.0208668,1.8608667,-0.2391333,-0.3291333,1.2708668,-2.2891333,1.8108667,3.2608666,6.310867,-1.9391333,-0.029133301
5.0908666,4.580867,5.5108666,5.2608666,5.2808666,6.0908666,7.1108665,6.9708667,6.560867,7.350867,7.1408668,6.5708666,6.7808666,7.7808666,6.1408668,4.8908668,4.0308666,2.8208666,2.8308668,2.6308668,3.7908666,3.1908667,1.7808667,1.3108667,1.5308667,1.4608667,1.8008667,1.7908667,1.4108667,1.4308667,-0.2491333,0.9408667,1.8708667,0.0908667,0.2008667,0.6008667,-1.1991333,0.8908667,1.3408667,-1.2491333,1.4008667
4.1308665,4.5108666,4.330867,4.6308665,4.790867,5.1608667,5.730867,5.4508667,6.850867,7.210867,7.210867,8.140866,7.7208667,7.2008667,5.540867,4.0708666,3.0808668,2.4408667,3.3108666,4.350867,5.0308666,3.8608668,3.4508667,2.8008666,3.1208668,3.2408667,4.040867,1.0008667,2.9408667,1.5708667,1.7508667,3.5408666,0.3008667,1.2908667,4.3808665,6.4308667,-2.0691333,-1.6491333,-0.4791333,-1.5491333,0.2708667
3.1908667,3.3908668,3.3908668,3.3708668,3.4708667,3.3108666,3.3508668,4.310867,5.7608666,6.2208667,6.6908665,6.350867,6.9408665,3.7208667,3.6208668,3.5608666,3.4008667,4.1108665,4.9108667,4.8908668,6.520867,3.6408668,4.0508666,4.9008665,5.520867,4.600867,5.3008666,4.3608665,4.6908665,3.2708666,4.330867,4.750867,8.420867,4.9908667,3.9008667,0.4608667,1.1808667,0.2408667,0.1908667,1.0308667,1.3108667
2.2508667,2.2008667,1.9208667,0.2108667,1.2608666,1.9108667,2.1608667,2.3508668,3.1408668,3.6908667,3.4308667,3.1908667,2.4508667,1.5808667,3.3008666,3.2908666,4.250867,4.520867,4.8908668,5.350867,6.9708667,7.330867,5.750867,5.870867,5.8808665,6.5508666,6.3608665,6.8608665,6.3908668,7.790867,5.500867,7.080867,5.3008666,4.7408667,0.3008667,0.6008667,-2.3591332,-0.019133301,5.080867,2.2708666,1.6408668
-1.2991333,-1.0291333,-0.7291333,-0.2191333,0.2408667,0.4208667,0.4808667,0.5408667,0.3608667,0.5308667,1.0708667,1.0808667,1.2308667,2.9808667,3.4108667,4.4308667,4.980867,5.4508667,5.460867,6.480867,6.5108666,6.2208667,6.000867,5.8208666,6.230867,6.310867,8.740867,7.210867,8.610867,7.2808666,8.710867,6.2008667,4.0708666,2.4308667,1.2608666,-1.2791333,0.0908667,0.6308667,1.1008667,2.4808667,2.4308667
-1.3591332,-1.3791333,-1.3291333,-1.3191333,-0.0991333,0.2508667,-0.2391333,0.0208667,1.0508667,0.34086668,0.7708667,2.9508667,2.4808667,3.3008666,4.6608667,4.7008667,5.7808666,6.3808665,6.1308665,7.1508665,7.2608666,7.210867,7.1608667,6.960867,7.7008667,8.740867,9.850866,9.460867,8.600866,7.7408667,5.9508667,5.6508665,3.8908668,2.8608668,2.5808668,3.6808667,6.020867,5.9908667,-0.5391333,-1.1791333,-0.6691333
-0.0791333,0.0208667,-0.3791333,-0.069133304,0.5808667,0.2008667,0.2908667,0.7208667,1.2608666,0.7808667,2.5108666,5.4708667,2.7108667,5.9208665,6.5108666,6.870867,7.0508666,7.1108665,5.9308667,6.9108667,6.3408666,6.870867,7.120867,7.3008666,7.7608666,8.450867,8.350866,8.290867,8.280867,7.270867,6.3908668,5.8608665,5.0508666,4.370867,3.7908666,4.480867,4.5508666,3.5208666,5.0708666,1.8208667,-1.0691333
-0.2191333,0.1508667,0.2908667,1.1408668,0.8908667,1.0508667,1.1408668,1.7608666,1.3408667,1.7708668,1.3608667,3.7008667,7.1408668,6.7208667,7.3208666,6.850867,6.2408667,5.6308665,5.350867,5.790867,6.4208665,7.0908666,7.6808667,7.330867,7.0108666,6.580867,6.330867,6.2608666,6.250867,6.1608667,5.540867,5.230867,3.7408667,3.8308668,3.5808668,3.7508667,3.6208668,3.8708668,3.0808668,3.1808667,-0.1991333
-0.0791333,1.1808667,2.8908668,2.0808668,2.3508668,2.0208666,3.3408668,2.8308668,4.2408667,1.7808667,2.0808668,6.080867,5.870867,5.3008666,4.850867,5.370867,5.9408665,6.4708667,5.120867,6.2408667,6.2608666,6.4308667,6.1108665,6.6708665,6.6508665,6.2408667,5.5508666,5.1608667,4.7608666,4.710867,4.4408665,4.020867,2.9908667,2.9708667,3.1208668,3.6408668,3.6008668,4.5708666,4.2008667,2.5808668,1.2308667
