wind_kz.json
{"header": {"discipline":0,"disciplineName":"Meteorological products","gribEdition":2,"gribLength":871,"center":7,"centerName":"US National Weather Service - NCEP(WMC)","subcenter":0,"refTime":"2023-09-09T12:00:00.000Z","significanceOfRT":1,"significanceOfRTName":"Start of forecast","productStatus":0,"productStatusName":"Operational products","productType":1,"productTypeName":"Forecast products","productDefinitionTemplate":0,"productDefinitionTemplateName":"Analysis/forecast at horizontal level/layer at a point in time","parameterCategory":0,"parameterCategoryName":"UnknownDiscipline_0_Category_0","parameterNumber":0,"parameterNumberName":"UnknownParameter_D0_C0_0","parameterUnit":"Unknown","genProcessType":2,"genProcessTypeName":"Forecast","forecastTime":180,"surface1Type":1,"surface1TypeName":"Ground or water surface","surface1Value":0.0,"surface2Type":255,"surface2TypeName":"Missing","surface2Value":0.0,"gridDefinitionTemplate":0,"gridDefinitionTemplateName":"Latitude_Longitude","numberPoints":615,"shape":6,"shapeName":"Earth spherical with radius of 6,371,229.0 m","gridUnits":"degrees","resolution":48,"winds":"true","scanMode":64,"nx":41,"ny":15,"basicAngle":0,"lo1":47.0,"la1":41.0,"lo2":87.0,"la2":55.0,"dx":1.0,"dy":1.0}, "data":
[rows 0 to 14 of 15, columns 0 to 40 of 41]
288.70984,279.70984,285.50983,297.30984,297.20984,296.10983,292.70984,293.20984,290.60983,291.10983,290.20984,291.30984,290.60983,290.50983,289.70984,287.50983,287.50983,287.30984,285.90985,287.00983,289.30984,288.00983,286.80984,283.50983,287.50983,289.40985,286.10983,273.90985,275.20984,279.00983,279.20984,279.00983,286.60983,290.90985,291.50983,291.50983,291.50983,291.80984,291.50983,291.70984,291.30984
269.00983,285.40985,296.90985,297.00983,296.60983,294.90985,289.70984,289.70984,289.00983,289.50983,290.00983,288.80984,287.70984,286.00983,286.80984,287.20984,285.50983,283.90985,283.70984,284.00983,285.20984,286.60983,286.50983,284.90985,276.50983,273.40985,285.50983,275.30984,274.60983,274.40985,277.70984,272.10983,279.10983,268.10983,276.70984,289.50983,288.70984,290.70984,292.60983,285.90985,284.10983
286.90985,296.50983,297.20984,296.70984,294.50983,289.30984,289.00983,288.70984,287.50983,287.40985,286.70984,287.50983,284.10983,285.40985,287.70984,284.70984,284.20984,283.10983,283.20984,283.50983,284.30984,286.10983,285.00983,281.40985,285.70984,287.70984,288.80984,288.90985,284.70984,277.30984,271.90985,273.30984,278.30984,279.70984,283.70984,283.40985,275.50983,276.80984,278.60983,274.00983,273.40985
289.30984,295.80984,296.70984,295.80984,292.10983,287.40985,288.50983,287.20984,287.60983,287.20984,287.30984,286.80984,293.10983,292.40985,287.00983,285.60983,286.10983,286.00983,285.60983,284.40985,284.00983,280.20984,287.10983,290.10983,286.60983,287.90985,289.10983,289.10983,288.10983,290.30984,288.30984,287.70984,291.50983,290.30984,285.70984,283.20984,274.70984,274.50983,277.40985,285.90985,290.00983
290.90985,293.60983,294.90985,293.30984,290.60983,287.10983,288.20984,287.80984,286.90985,286.50983,286.80984,286.20984,292.10983,290.90985,289.30984,285.90985,286.20984,285.40985,283.10983,285.60983,286.50983,286.80984,285.00983,285.50983,285.90985,285.80984,287.80984,288.20984,287.60983,291.30984,292.10983,289.10983,279.90985,273.80984,280.70984,287.90985,290.80984,290.00983,292.70984,294.00983,293.10983
289.00983,287.90985,292.80984,292.10983,292.70984,291.60983,287.50983,288.60983,286.90985,286.60983,286.90985,286.60983,291.10983,292.30984,289.20984,286.30984,286.20984,285.10983,286.20984,286.00983,285.40985,285.10983,284.60983,283.90985,283.50983,283.00983,286.60983,290.60983,288.00983,287.90985,288.00983,289.70984,289.00983,288.90985,287.20984,290.00983,282.30984,284.50983,290.00983,292.40985,291.00983
289.90985,286.80984,288.90985,288.80984,289.00983,286.60983,287.90985,287.40985,287.50983,287.20984,286.30984,287.30984,285.90985,286.30984,288.70984,288.90985,286.00983,286.40985,285.20984,284.10983,284.70984,285.60983,284.90985,285.10983,285.50983,283.80984,285.20984,286.40985,285.50983,286.60983,285.00983,283.40985,286.10983,287.70984,288.60983,286.60983,283.10983,281.60983,280.40985,279.20984,287.70984
291.40985,289.20984,287.40985,287.40985,288.90985,288.30984,287.50983,286.80984,285.60983,285.20984,285.10983,287.30984,287.60983,287.70984,286.40985,286.40985,286.30984,286.60983,285.60983,282.80984,283.00983,282.90985,283.00983,283.20984,282.50983,280.80984,280.90985,283.80984,281.90985,283.30984,282.50983,287.00983,283.10983,279.70984,280.90985,286.40985,288.70984,289.20984,287.90985,288.30984,285.60983
290.50983,291.70984,291.20984,287.90985,287.50983,286.10983,285.60983,285.40985,284.40985,284.20984,286.90985,285.00983,286.60983,284.80984,284.20984,285.10983,284.60983,287.50983,284.70984,283.10983,281.20984,280.80984,281.70984,281.80984,282.00983,281.60983,282.50983,281.70984,281.20984,279.90985,280.10983,281.50983,284.20984,282.80984,281.30984,280.60983,280.00983,282.50983,273.90985,275.30984,274.50983
289.80984,289.60983,290.70984,289.00983,287.90985,284.90985,284.70984,287.40985,286.70984,287.70984,286.80984,282.60983,282.90985,283.30984,283.10983,283.80984,284.30984,284.20984,283.60983,283.30984,282.10983,283.60983,283.50983,282.60983,282.00983,280.20984,281.90985,281.90985,282.50983,281.10983,282.20984,284.90985,284.30984,284.30984,283.70984,282.90985,281.50983,280.70984,277.80984,274.10983,272.00983
288.80984,290.30984,289.40985,288.50983,284.60983,284.30984,288.70984,288.20984,287.80984,286.80984,282.30984,281.70984,283.10983,282.10983,282.30984,282.90985,283.00983,283.40985,282.90985,282.30984,283.30984,284.50983,283.90985,283.90985,282.70984,280.30984,278.80984,279.90985,282.00983,283.00983,284.20984,285.70984,282.90985,283.00983,283.60983,281.90985,280.40985,278.50983,275.90985,277.20984,275.20984
286.00983,287.70984,288.00983,286.70984,287.00983,287.30984,286.90985,286.40985,286.50983,285.20984,279.40985,280.30984,281.70984,281.10983,283.50983,281.90985,284.10983,281.80984,281.80984,281.90985,283.30984,283.00983,281.80984,283.10983,282.30984,283.10983,282.70984,281.80984,281.40985,282.60983,282.40985,282.70984,283.30984,282.50983,284.10983,281.90985,284.20984,281.30984,281.10983,280.70984,281.30984
285.20984,286.50983,287.30984,284.50983,286.50983,285.50983,286.20984,285.90985,284.90985,284.40985,281.70984,281.40985,283.50983,283.10983,284.00983,284.30984,284.30984,281.30984,281.40985,281.20984,281.10983,279.80984,278.80984,279.20984,280.30984,281.50983,283.20984,282.30984,282.40985,281.10983,281.60983,284.20984,284.50983,284.40985,283.90985,283.30984,283.60983,283.30984,283.40985,283.20984,282.10983
282.90985,285.00983,287.00983,287.00983,286.30984,285.30984,284.70984,285.10983,285.20984,284.30984,283.20984,281.00983,278.40985,281.40985,281.70984,284.40985,283.40985,283.30984,280.90985,281.10983,283.10983,281.40985,280.50983,280.60983,282.70984,282.30984,282.00983,283.20984,281.90985,281.00983,283.10983,282.90985,282.90985,283.00983,283.00983,281.90985,283.50983,282.70984,282.90985,281.90985,281.30984
283.70984,283.10983,288.20984,284.40985,286.10983,285.00983,285.60983,285.00983,286.30984,285.40985,282.60983,282.30984,281.20984,280.00983,280.30984,283.80984,284.10983,281.60983,280.90985,283.10983,281.10983,280.90985,280.10983,280.50983,282.30984,281.40985,279.40985,282.40985,280.40985,281.00983,282.90985,283.50983,281.40985,280.60983,280.40985,281.20984,281.20984,280.40985,281.00983,282.20984,280.00983
