wind_kz.json
{"header": {"discipline":0,"disciplineName":"Meteorological products","gribEdition":2,"gribLength":794,"center":7,"centerName":"US National Weather Service - NCEP(WMC)","subcenter":0,"refTime":"2023-08-23T12:00:00.000Z","significanceOfRT":1,"significanceOfRTName":"Start of forecast","productStatus":0,"productStatusName":"Operational products","productType":1,"productTypeName":"Forecast products","productDefinitionTemplate":0,"productDefinitionTemplateName":"Analysis/forecast at horizontal level/layer at a point in time","parameterCategory":2,"parameterCategoryName":"UnknownDiscipline_0_Category_2","parameterNumber":2,"parameterNumberName":"UnknownParameter_D0_C2_2","parameterUnit":"Unknown","genProcessType":2,"genProcessTypeName":"Forecast","forecastTime":180,"surface1Type":103,"surface1TypeName":"Specified height level above ground","surface1Value":10.0,"surface2Type":255,"surface2TypeName":"Missing","surface2Value":0.0,"gridDefinitionTemplate":0,"gridDefinitionTemplateName":"Latitude_Longitude","numberPoints":615,"shape":6,"shapeName":"Earth spherical with radius of 6,371,229.0 m","gridUnits":"degrees","resolution":48,"winds":"true","scanMode":64,"nx":41,"ny":15,"basicAngle":0,"lo1":47.0,"la1":41.0,"lo2":87.0,"la2":55.0,"dx":1.0,"dy":1.0}, "data":
[rows 0 to 14 of 15, columns 0 to 40 of 41]
-0.2820282,-1.0820282,0.6179718,2.117972,-2.882028,-7.882028,-6.1820283,-8.482028,-9.882029,-4.282028,-5.6820283,-6.382028,-5.382028,-4.282028,-3.2820282,-2.6820283,-3.0820282,-1.8820282,-3.1820283,-2.0820282,-2.882028,0.3179718,-0.2820282,-1.5820282,0.4179718,-2.382028,-2.2820282,-0.6820282,-0.8820282,-0.2820282,-1.0820282,-0.4820282,1.4179718,0.7179718,-2.0820282,-1.1820282,0.4179718,0.017971803,0.3179718,-0.2820282,0.4179718
0.2179718,0.5179718,-0.2820282,-2.2820282,-5.5820284,-7.282028,-5.0820284,-9.182028,-6.382028,-5.382028,-4.6820283,-5.1820283,-3.4820282,-2.0820282,-2.1820283,-1.7820282,-1.7820282,-3.0820282,-2.2820282,-1.7820282,-1.2820282,-1.2820282,-1.4820282,-2.5820282,-0.7820282,1.0179718,-0.6820282,0.7179718,-0.8820282,-1.1820282,0.1179718,-1.0820282,0.3179718,-2.5820282,0.3179718,0.3179718,0.4179718,-0.082028195,-0.3820282,1.6179718,1.5179718
-0.3820282,-3.6820283,-2.882028,-6.382028,-6.782028,-6.382028,-5.882028,-3.6820283,-5.382028,-3.882028,-4.282028,-3.882028,-3.0820282,-2.6820283,-1.1820282,-1.2820282,-3.6820283,-3.4820282,-2.2820282,-1.4820282,0.2179718,-0.8820282,-3.4820282,-2.9820282,0.4179718,0.2179718,2.3179717,2.8179717,-0.7820282,-0.4820282,-2.0820282,2.4179718,-0.9820282,-0.9820282,0.017971803,-1.2820282,-0.4820282,-0.7820282,-0.3820282,0.8179718,0.017971803
-3.2820282,-4.482028,-6.482028,-6.6820283,-5.0820284,-4.6820283,-2.6820283,-4.5820284,-3.382028,-3.0820282,-2.9820282,-3.5820282,-4.882028,-4.0820284,-1.9820282,-2.4820282,-3.2820282,-3.2820282,-3.5820282,-2.382028,-1.2820282,-2.0820282,0.3179718,-2.5820282,-1.5820282,-1.0820282,-1.8820282,-4.482028,-1.4820282,0.6179718,2.9179718,-0.8820282,0.2179718,-2.882028,-3.1820283,-2.6820283,-1.9820282,1.3179718,0.4179718,0.6179718,0.9179718
-2.6820283,-4.282028,-4.482028,-5.6820283,-4.382028,-3.7820282,-3.1820283,-2.5820282,-3.2820282,-0.5820282,-0.1820282,-0.1820282,-0.6820282,-1.6820282,-2.7820282,-1.6820282,-2.0820282,-3.1820283,-2.5820282,-3.382028,-3.1820283,-3.2820282,-2.882028,-1.9820282,-2.6820283,-2.4820282,-3.0820282,-0.3820282,-0.4820282,0.5179718,-1.7820282,-1.4820282,-1.8820282,-0.082028195,1.5179718,0.1179718,-0.1820282,-1.3820282,0.9179718,1.3179718,0.5179718
-0.8820282,-0.7820282,-0.9820282,-1.2820282,-0.9820282,-2.2820282,-2.4820282,-1.9820282,-1.4820282,0.1179718,0.6179718,0.7179718,2.4179718,3.117972,2.617972,1.9179718,0.017971803,-1.6820282,-2.5820282,-1.9820282,-2.382028,-2.0820282,-2.4820282,-2.4820282,-2.1820283,-2.4820282,-1.3820282,-1.6820282,-1.9820282,0.7179718,1.1179718,1.2179718,-0.7820282,0.7179718,0.5179718,0.017971803,-0.082028195,-0.082028195,1.0179718,-0.8820282,-1.0820282
2.2179718,1.2179718,2.0179718,1.6179718,1.3179718,-0.2820282,-0.2820282,-1.1820282,-1.1820282,-0.3820282,0.7179718,0.7179718,0.4179718,1.5179718,2.9179718,3.2179718,3.4179718,3.4179718,1.2179718,-0.6820282,-0.4820282,-1.4820282,-2.2820282,-2.382028,-1.1820282,-0.082028195,-0.2820282,-0.3820282,-1.2820282,-1.4820282,1.1179718,0.5179718,0.7179718,0.5179718,1.2179718,-1.5820282,-0.8820282,2.617972,-1.2820282,0.2179718,2.4179718
3.4179718,3.7179718,3.8179717,2.7179718,1.9179718,0.8179718,-1.3820282,-0.9820282,0.8179718,1.3179718,1.1179718,1.0179718,1.6179718,1.6179718,2.0179718,1.6179718,2.117972,2.7179718,2.617972,1.7179718,2.8179717,2.117972,1.9179718,0.7179718,-0.4820282,0.6179718,1.4179718,0.7179718,0.017971803,-0.8820282,-1.6820282,0.4179718,-2.4820282,-0.4820282,-0.3820282,0.5179718,3.8179717,4.617972,-3.2820282,-2.9820282,-2.2820282
3.4179718,4.3179717,5.3179717,4.117972,-0.2820282,-2.7820282,-2.9820282,-0.9820282,0.7179718,2.4179718,2.4179718,2.4179718,3.4179718,3.2179718,3.5179718,2.5179718,2.617972,2.3179717,2.9179718,2.9179718,2.5179718,3.9179718,2.4179718,3.117972,1.0179718,0.9179718,0.8179718,1.1179718,0.3179718,-0.1820282,-1.8820282,-1.4820282,-0.5820282,-1.3820282,-0.2820282,1.2179718,-0.5820282,-0.2820282,-1.4820282,-0.2820282,-1.1820282
-0.1820282,-1.8820282,-4.282028,-5.782028,-6.1820283,-6.5820284,-2.7820282,-1.7820282,3.9179718,3.7179718,2.8179717,3.117972,3.3179717,3.7179718,3.4179718,2.7179718,1.6179718,1.7179718,3.117972,2.4179718,3.3179717,3.0179718,3.5179718,3.0179718,1.9179718,0.2179718,1.0179718,1.0179718,0.5179718,1.7179718,0.1179718,1.7179718,1.3179718,0.017971803,0.8179718,1.4179718,0.9179718,-0.2820282,-1.5820282,-0.9820282,-1.1820282
-2.2820282,-3.7820282,-4.882028,-4.6820283,-3.1820283,-1.5820282,2.0179718,3.8179717,4.017972,2.7179718,2.617972,2.9179718,2.5179718,3.3179717,2.9179718,2.4179718,2.4179718,3.3179717,2.5179718,3.7179718,3.7179718,3.617972,3.5179718,3.2179718,2.617972,1.1179718,1.6179718,1.5179718,2.117972,1.4179718,2.0179718,2.0179718,1.1179718,0.2179718,0.7179718,-0.082028195,-0.9820282,-1.5820282,0.6179718,-0.1820282,-1.7820282
-0.6820282,-1.2820282,-1.1820282,-0.1820282,1.2179718,2.617972,2.8179717,1.8179718,1.3179718,1.7179718,1.4179718,3.0179718,2.7179718,3.0179718,3.5179718,3.117972,3.7179718,5.117972,2.9179718,4.3179717,3.5179718,3.8179717,3.0179718,2.617972,3.5179718,3.0179718,2.2179718,2.3179717,2.5179718,2.4179718,1.8179718,2.3179717,1.6179718,0.7179718,0.7179718,1.5179718,0.4179718,1.0179718,-1.2820282,0.2179718,0.2179718
0.7179718,0.4179718,0.5179718,1.1179718,0.4179718,0.1179718,1.5179718,2.5179718,3.0179718,1.8179718,0.9179718,1.8179718,3.5179718,3.4179718,3.9179718,3.8179717,4.217972,4.3179717,4.017972,4.017972,3.9179718,4.717972,4.217972,2.7179718,4.9179716,4.8179717,4.3179717,2.617972,2.2179718,1.8179718,1.2179718,1.6179718,2.3179717,1.9179718,2.117972,1.3179718,2.4179718,1.3179718,1.8179718,-0.4820282,-0.9820282
0.7179718,0.6179718,0.6179718,1.0179718,0.9179718,1.1179718,0.9179718,1.3179718,1.6179718,2.0179718,1.2179718,1.7179718,2.3179717,3.5179718,4.717972,4.3179717,5.017972,5.117972,4.217972,4.8179717,4.3179717,4.4179716,4.8179717,4.517972,4.617972,3.617972,2.3179717,2.2179718,1.9179718,1.9179718,1.3179718,0.7179718,1.3179718,1.8179718,2.5179718,1.7179718,2.0179718,2.5179718,1.8179718,-0.6820282,-1.2820282
0.1179718,-0.082028195,0.5179718,0.3179718,1.7179718,1.7179718,2.2179718,2.2179718,2.3179717,1.5179718,0.5179718,3.5179718,2.8179717,3.9179718,5.4179716,5.617972,5.4179716,5.4179716,4.8179717,5.117972,5.017972,4.017972,4.717972,4.217972,3.617972,3.617972,4.017972,3.0179718,2.2179718,1.5179718,1.4179718,0.8179718,0.7179718,2.0179718,2.0179718,2.9179718,1.7179718,2.4179718,1.0179718,-1.3820282,-2.6820283
