wind.json
{"header": {"discipline":0,"disciplineName":"Meteorological products","gribEdition":2,"gribLength":1125,"center":7,"centerName":"US National Weather Service - NCEP(WMC)","subcenter":0,"refTime":"2023-06-28T06:00:00.000Z","significanceOfRT":1,"significanceOfRTName":"Start of forecast","productStatus":0,"productStatusName":"Operational products","productType":1,"productTypeName":"Forecast products","productDefinitionTemplate":0,"productDefinitionTemplateName":"Analysis/forecast at horizontal level/layer at a point in time","parameterCategory":2,"parameterCategoryName":"UnknownDiscipline_0_Category_2","parameterNumber":2,"parameterNumberName":"UnknownParameter_D0_C2_2","parameterUnit":"Unknown","genProcessType":2,"genProcessTypeName":"Forecast","forecastTime":180,"surface1Type":103,"surface1TypeName":"Specified height level above ground","surface1Value":10.0,"surface2Type":255,"surface2TypeName":"Missing","surface2Value":0.0,"gridDefinitionTemplate":0,"gridDefinitionTemplateName":"Latitude_Longitude","numberPoints":688,"shape":6,"shapeName":"Earth spherical with radius of 6,371,229.0 m","gridUnits":"degrees","resolution":48,"winds":"true","scanMode":64,"nx":43,"ny":16,"basicAngle":0,"lo1":45.0,"la1":40.0,"lo2":87.0,"la2":55.0,"dx":1.0,"dy":1.0}, "data":
[rows 0 to 15 of 16, columns 0 to 42 of 43]
-5.0970507,-0.48705077,1.8629493,-3.8470507,-2.2270508,-2.1270509,-2.607051,-0.47705078,1.3429493,2.3629491,-3.4770508,-1.5670508,-2.6970508,-1.8970507,-1.1370507,-3.0270507,-1.3870507,0.3729492,2.4629493,0.9129492,-0.92705077,0.62294924,-4.987051,1.7529492,0.32294923,1.1829492,0.15294921,0.10294922,-0.36705077,1.4429492,1.6629492,2.3329492,0.8329492,0.2529492,1.8729492,-4.477051,-4.027051,-2.0470507,-1.4070507,-1.9170508,-2.0270507,-5.357051,-4.3670506
1.9229492,-0.9870508,-4.007051,-1.2570508,1.5929493,-3.5070508,-3.0970507,-0.28705078,3.0029492,4.3029494,-4.747051,-4.227051,-4.977051,-5.727051,-3.4070508,-1.9570508,-2.4270508,-1.4070507,-0.107050784,0.39294922,0.7229492,0.22294922,-2.4770508,-1.8170508,-0.44705078,-1.0970508,5.022949,4.002949,-3.0970507,2.4329493,0.14294922,1.5229492,1.3829492,0.8929492,2.5329492,3.9329493,-3.9270508,-2.5870507,-0.7070508,-2.1670508,-1.0670508,-3.9170508,-3.2170508
-1.0170507,-2.2370508,2.2029493,1.8729492,-1.2070508,-3.3370507,-2.4970508,0.06294922,1.0929493,-3.1570508,-4.8670506,-5.1370506,-4.487051,-3.6770508,-2.1470509,-0.31705078,-0.3770508,1.0729492,3.4629493,-3.0970507,-4.567051,-4.237051,-2.4670508,-2.6370509,-2.5870507,-2.5070508,2.0529492,-0.13705078,-2.0270507,2.9329493,-2.3370507,-0.9870508,-0.6470508,-0.29705077,-0.87705076,-2.367051,-1.3270508,-0.47705078,-2.607051,1.8629493,0.8429492,0.12294922,3.142949
0.11294922,0.20294923,-1.0670508,-3.7970507,-3.1470509,-2.1370509,0.6529492,0.36294922,2.9229493,-3.9670508,-1.6170508,-5.027051,-3.0970507,-0.8270508,-0.8870508,0.48294923,2.2129493,2.6929493,0.2829492,-2.867051,-2.1570508,-1.2170508,-2.5670507,-0.67705077,-3.1970508,-0.9470508,0.57294923,0.4429492,-0.50705075,1.1829492,-3.4470508,-0.61705077,-1.2670507,2.0829492,0.38294923,0.21294922,-0.26705077,-1.2070508,-1.4270508,1.5529492,0.6029492,0.29294923,1.9329492
-6.797051,-7.1970506,-4.4670506,-6.777051,-6.3870506,-2.8170507,-6.0970507,-3.7370508,-4.337051,-3.0970507,0.06294922,-3.7570508,-3.8070507,-0.32705078,1.9429492,1.7029492,1.0529492,-0.55705076,-2.4570508,-1.6170508,-1.6870508,-0.8470508,0.4029492,-1.1270508,1.1229492,0.7129492,-0.6470508,-1.7570508,-2.6470509,0.3129492,0.81294924,0.08294922,1.2829492,0.50294924,5.4029493,5.9629493,-2.4070508,-2.117051,-0.8370508,0.3429492,2.3129492,1.4729493,3.2829492
-5.317051,-6.067051,-5.477051,-5.8270507,-5.4470506,-4.817051,-2.5070508,-4.4070506,-4.027051,-1.6670508,0.14294922,-1.8970507,-3.2070508,0.11294922,2.6029491,2.9329493,1.8729492,-1.0370507,-1.4870508,-0.87705076,-1.5370507,-7.297051,-1.3670508,-3.4370508,0.14294922,0.29294923,-1.9570508,-3.617051,-3.7470508,-0.44705078,8.04295,-1.0670508,-1.8970507,-1.7870507,-1.5170507,-1.3770508,3.0729492,2.1129491,3.2929492,0.7229492,3.7629492,5.4029493,8.882949
-3.9170508,-3.857051,-2.2770507,-2.7070508,-3.3370507,-2.867051,-2.8170507,-2.8770509,0.5929492,-0.6070508,-5.207051,-2.8370507,-3.4070508,-3.6670508,0.62294924,-3.0470507,-2.9570508,-1.3270508,-2.6770508,-3.1370509,-5.357051,-5.477051,-2.7670507,0.8329492,-1.0270507,-4.007051,-4.297051,-3.4370508,-0.50705075,1.8429493,-1.9070507,-1.5570508,0.04294922,-1.2270508,3.0929492,2.5229492,1.1929492,-1.5570508,1.9529492,0.99294925,7.062949,0.45294923,-5.2670507
-2.4070508,-0.2770508,0.46294922,-0.39705077,-5.8870506,-4.087051,-2.5970507,-1.4070507,-1.0470508,-0.5170508,-3.607051,-5.8470507,-4.797051,-4.2170506,-2.8770509,-3.5570507,-1.9470508,-2.3370507,-2.8870509,-2.8370507,-2.8170507,0.11294922,0.2829492,-3.3170507,-3.0370507,-1.7070508,-2.0570507,-4.4270506,-4.6570506,-5.067051,0.7729492,2.3629491,1.1529492,0.9529492,3.8329492,2.9129493,1.0729492,-1.4870508,-0.7370508,4.352949,0.45294923,1.1629492,5.312949
-3.1770508,-2.4870508,-7.0570507,-5.5970507,-5.127051,-4.727051,-2.1570508,-1.0270507,-0.61705077,-0.45705077,-4.917051,-4.487051,-5.297051,-5.1370506,-3.9570508,-4.027051,-2.6970508,-3.1870508,-2.4870508,-3.9170508,-3.1470509,-3.9370508,-5.107051,-2.7870507,-0.6470508,-2.0970507,-3.0370507,-2.4770508,-5.237051,-7.7870507,-5.917051,-1.2870507,-3.0370507,-0.15705079,-1.5270507,0.88294923,-0.5470508,1.6529492,2.3529491,4.872949,2.0329492,2.892949,-0.6470508
-3.3170507,-2.2570508,-2.6970508,-7.207051,-4.9270506,-3.2070508,-2.0070508,-2.3070507,-1.3070508,-3.2170508,-3.9670508,-3.0770507,-3.7270508,-4.147051,-2.9870508,-2.5870507,-3.9870508,-3.2970507,-3.3370507,-3.6470509,-3.0470507,-2.9570508,-3.4870508,-4.3670506,-3.9870508,-4.797051,-0.7870508,-0.8270508,-1.9870508,-2.5570507,-1.0470508,1.7629492,-0.61705077,0.06294922,2.4829493,0.7929492,1.3429493,0.6729492,1.3129492,-0.68705076,-0.5770508,1.2229493,-1.0970508
-2.3370507,-1.5570508,-4.047051,-4.5570507,-4.0170507,-3.9970508,-3.1870508,-2.4970508,-3.0370507,-4.457051,-5.357051,-7.1170506,-5.8070507,-5.937051,-5.257051,-2.0970507,-2.4870508,-3.357051,-3.4670508,-2.5670507,-3.1770508,-3.0070508,-3.5170507,-1.5570508,-3.0070508,-3.0970507,-4.3070507,-3.6770508,-1.3670508,-2.4070508,-1.6070508,-1.8470508,-0.67705077,-2.5570507,-3.4970508,-3.2370508,-1.0070508,1.8529493,-1.0570508,0.36294922,-2.3970509,0.13294922,-0.007050781
-2.0970507,-1.4770508,-2.5470507,-1.8870507,-4.0170507,-3.6770508,-3.8770509,-2.7270508,-2.4170508,-2.2570508,-2.8870509,-1.4570508,-3.5070508,-2.7370508,-3.5470507,-4.477051,-3.0970507,-2.7470508,-1.8170508,-2.117051,-1.9370508,-3.0470507,-2.6670508,-2.1970508,-2.2270508,-1.9870508,-1.4270508,-2.2870507,-2.0770507,-0.21705078,-0.7870508,-1.6670508,-2.2570508,-2.4270508,-2.8470507,-2.2070508,-1.4170508,-0.027050782,-1.6370507,-1.3370508,-0.4970508,0.7329492,-1.2770507
-2.8070507,-0.9570508,-1.9170508,-2.2570508,-3.2670507,-4.1970506,-3.0870507,-2.6270509,-2.3770509,-3.0170507,-1.5870508,-1.5670508,-1.3370508,-2.1870508,-3.8470507,-3.3470507,-2.0770507,-0.8470508,-1.8970507,-1.8570508,-1.7570508,-1.9270508,-2.1470509,-0.68705076,-1.8370508,-1.2870507,-0.36705077,-0.3070508,-1.0570508,-1.0870508,0.57294923,-1.7470508,-2.4970508,-2.5970507,-1.6070508,-2.9170508,-1.4970508,-2.1270509,-2.4870508,-1.7270508,0.14294922,-0.3370508,-0.007050781
-1.3070508,-1.0970508,-0.5470508,-1.9570508,-2.2370508,-2.5070508,-2.0270507,-1.7170508,-2.0470507,-2.2070508,-1.7670507,-0.15705079,-0.8370508,0.3129492,-2.5970507,-2.5170507,-1.9470508,-1.5670508,-0.7770508,-0.7770508,0.24294922,-1.5270507,-2.4370508,-1.0570508,0.16294922,-0.5370508,0.21294922,-0.68705076,-0.17705078,-0.3370508,-0.9670508,-2.0170507,-3.1970508,-3.0270507,-2.8770509,-3.0370507,-2.1370509,-1.9670508,-1.6970508,-1.6970508,-2.5270507,-2.0370507,-0.87705076
-2.117051,-1.0170507,-0.4370508,-1.6070508,0.3429492,1.2229493,-1.2670507,-1.0370507,-1.1870508,-1.6270508,-0.107050784,0.17294922,-0.55705076,-1.1770508,-0.12705079,0.2829492,-1.4070507,-1.5870508,-0.7670508,-0.107050784,-0.48705077,-1.3170508,-1.0270507,-0.4370508,-0.7070508,-0.09705078,-0.13705078,-0.3470508,-1.0370507,-0.6070508,0.19294922,-1.2870507,-2.0470507,-1.4670508,-2.1870508,-2.3170507,-1.4870508,-2.2170508,-1.7070508,-1.4370508,-1.9670508,-0.99705076,-0.32705078
-1.3970507,-0.03705078,-0.107050784,-1.6770508,-1.5970508,-2.4770508,-2.2270508,-1.2070508,0.9629492,-1.0970508,-1.0270507,-0.67705077,-0.50705075,-1.0170507,-0.44705078,1.4829493,1.0229492,-0.08705078,-0.6470508,0.5529492,0.06294922,-0.5870508,-0.28705078,0.8629492,0.04294922,0.4029492,0.06294922,0.0029492187,0.7729492,-0.35705078,-0.16705078,-0.7870508,-1.1470507,-1.9170508,-1.3770508,-0.8270508,1.0929493,-0.3470508,-0.9070508,-1.1870508,-0.23705079,-1.0570508,-0.3770508
