wind_kz.json
{"header": {"discipline":0,"disciplineName":"Meteorological products","gribEdition":2,"gribLength":1025,"center":7,"centerName":"US National Weather Service - NCEP(WMC)","subcenter":0,"refTime":"2023-08-18T18:00:00.000Z","significanceOfRT":1,"significanceOfRTName":"Start of forecast","productStatus":0,"productStatusName":"Operational products","productType":1,"productTypeName":"Forecast products","productDefinitionTemplate":0,"productDefinitionTemplateName":"Analysis/forecast at horizontal level/layer at a point in time","parameterCategory":2,"parameterCategoryName":"UnknownDiscipline_0_Category_2","parameterNumber":3,"parameterNumberName":"UnknownParameter_D0_C2_3","parameterUnit":"Unknown","genProcessType":2,"genProcessTypeName":"Forecast","forecastTime":60,"surface1Type":103,"surface1TypeName":"Specified height level above ground","surface1Value":10.0,"surface2Type":255,"surface2TypeName":"Missing","surface2Value":0.0,"gridDefinitionTemplate":0,"gridDefinitionTemplateName":"Latitude_Longitude","numberPoints":615,"shape":6,"shapeName":"Earth spherical with radius of 6,371,229.0 m","gridUnits":"degrees","resolution":48,"winds":"true","scanMode":64,"nx":41,"ny":15,"basicAngle":0,"lo1":47.0,"la1":41.0,"lo2":87.0,"la2":55.0,"dx":1.0,"dy":1.0}, "data":
[rows 0 to 14 of 15, columns 0 to 40 of 41]
2.6130743,2.0930743,2.4430742,1.2030743,-2.1069257,-1.7769257,1.4230744,0.57307434,-0.21692567,-2.1069257,-1.9969257,-2.5269256,-1.9369256,-0.63692564,0.23307434,1.3530743,-3.5469255,-5.4269257,0.04307434,0.38307434,-1.0369257,-2.6969256,-0.8369257,1.7430743,1.8630743,2.6530743,1.2930744,-1.3169256,-1.1169257,4.2030745,2.4330742,2.9830744,-0.14692566,0.57307434,1.0730743,0.9630743,0.08307434,0.10307434,-0.55692565,1.5030743,1.8530743
1.1830744,3.5630744,1.8730743,-0.54692566,-0.0069256593,1.7130743,-0.17692566,-0.26692566,-2.0569258,-3.8869257,-5.4169254,-1.0769256,-0.37692565,2.5130744,0.34307435,-0.20692566,-3.3369257,-4.5469255,-0.36692566,-0.40692565,-2.9669256,-1.9669256,-0.19692566,-0.11692566,3.4930744,3.5730743,3.4930744,0.79307437,-0.39692566,4.213074,-1.4169257,0.80307436,1.0630744,1.0130744,2.7330744,2.8730743,2.8330743,2.2730744,1.4230744,2.7730744,-0.12692566
2.1330743,3.5630744,1.3230743,0.6630743,-0.17692566,-0.28692567,-0.37692565,-1.0369257,-2.3869257,-4.0469255,-4.5969257,-2.8469257,-1.5869256,-1.7869257,-0.15692566,0.74307436,-2.7769256,-2.2169256,-0.92692566,-0.88692564,-0.20692566,-1.6169257,0.05307434,-1.1269257,-2.3369257,-1.6269257,-1.3469256,-2.8769257,-1.0669256,-3.8769257,-1.1169257,2.0930743,-2.9269257,1.4830743,1.1930743,-2.7769256,-4.056926,1.6730744,-1.9169257,0.30307433,1.4130744
2.5530744,2.9130743,1.2830744,-0.82692564,-1.1469257,-4.0269256,-3.2769256,-3.1169257,-2.4469256,-1.8569256,-0.26692566,0.25307435,-4.496926,-1.4369256,-0.026925659,-0.55692565,-5.3869257,-8.546926,-5.7569256,-1.4769256,-2.3269258,-1.8269256,1.0030743,-0.61692566,-1.5269257,-1.6169257,-2.3369257,-2.8369257,-3.0669258,-4.536926,-2.9469256,0.89307433,1.7330743,1.0330744,0.88307434,1.8230743,3.2630744,1.9930743,-3.8569257,-3.6669257,-3.4369256
3.1730742,2.3530743,1.7430743,0.13307434,-2.7169256,-1.2869257,-0.95692563,-2.1169257,-2.7369256,-3.4369256,-0.51692563,1.6330743,1.8430743,2.1830742,-0.38692567,-0.40692565,-8.176926,-4.1469254,-4.1569257,-5.8269258,0.21307434,1.0630744,0.6530743,0.41307434,0.7830743,0.16307434,0.26307434,-0.82692564,-2.0969257,-3.8769257,-4.9169254,-5.0869255,-0.95692563,-0.10692566,0.86307436,1.8530743,0.7130743,1.2730744,-2.1869256,-2.0069256,-1.1569257
2.4830744,2.8730743,3.1930742,1.1530744,-1.5969256,-0.81692564,0.12307434,-1.1369257,-1.7469257,-3.7869256,-2.9869256,0.47307435,3.0830743,2.5330744,3.7230744,2.9130743,3.5330744,-4.2169256,-8.526926,-8.716926,-2.4469256,1.4130744,2.0530744,1.6430744,0.6030743,0.99307436,1.6030743,-0.81692564,-1.0469257,-1.7869257,-1.2369256,-2.4069257,-2.5869257,-4.3169255,-3.9269257,-2.2169256,-3.7069256,-3.9069257,-2.5169256,-0.0069256593,-0.61692566
1.8730743,0.30307433,0.83307433,0.62307435,1.8230743,1.5130744,-0.29692566,0.27307433,-0.82692564,-2.5869257,-4.306926,-3.2469256,-1.0469257,3.5830743,5.8330746,6.6730742,6.753074,2.8130744,-1.0269257,-0.6569257,3.4130743,3.0330744,2.9330742,1.6930743,1.8330743,0.24307434,-0.56692564,0.06307434,0.43307436,-1.0769256,-3.0069256,-1.2369256,-1.6469257,-2.3469257,0.36307433,2.1730742,2.3730743,-0.49692565,-2.3469257,1.6130743,-4.6769257
0.29307434,-2.1469257,-2.2069256,-1.8669257,-0.55692565,1.1030743,0.47307435,-0.63692564,-1.1169257,-1.4469256,-3.2169256,-4.496926,-4.056926,-1.5669256,2.1830742,5.1230745,4.793074,3.0630744,4.003074,1.4330744,2.9630744,3.8330743,3.6030743,2.6130743,1.7130743,1.0630744,2.0030744,2.2530744,0.82307434,-0.12692566,-1.1869256,-2.4769256,-1.0369257,-1.7069256,-2.5269256,-2.5569258,-3.3069258,-2.3869257,-0.21692567,-1.4269257,-0.03692566
-0.19692566,-1.2769257,-1.3569256,-1.7869257,-1.5569257,-1.1069256,-0.91692567,-1.3469256,-2.2069256,-2.6369257,-3.3269258,-3.7769256,-3.9969256,-4.6469254,-3.5769258,-1.0069257,3.5630744,2.9230742,2.6730742,1.1430744,1.0630744,1.6630744,2.6030743,1.4230744,-0.23692566,1.4330744,3.8630743,2.2530744,-0.47692567,-1.1369257,-0.8969257,-2.2269256,-2.6969256,-2.7069256,-2.8669257,-3.5269256,-2.9869256,-3.8869257,-3.0769258,-1.3269256,1.4430743
-1.5269257,-0.99692565,-0.7169257,0.50307435,0.013074341,-0.6469257,-1.3369256,-2.3669257,-3.4869256,-3.0769258,-4.226926,-3.9069257,-3.5369256,-2.6269257,-1.9069257,-1.8869257,-1.0169257,0.34307435,0.9130743,1.7430743,1.4530743,0.03307434,-0.15692566,0.16307434,-0.14692566,0.94307435,0.92307436,1.9230744,2.0630744,1.4030744,0.70307434,0.82307434,-1.8469256,-2.2469256,-3.4769256,-3.3069258,-0.34692565,1.9630743,1.1530744,-1.5669256,-1.8969257
-1.3169256,-1.9869256,0.21307434,1.7830744,1.5130744,0.25307435,0.13307434,-1.1069256,-2.6069257,-2.7069256,-3.5869257,-3.1469257,-4.226926,-4.0869255,-0.10692566,-0.8469257,1.1830744,-0.39692566,0.74307436,1.3730743,0.98307437,0.88307434,1.5630744,1.1630744,1.5330744,2.0630744,2.8530743,1.1930743,0.70307434,0.7730743,1.1030743,-0.016925659,-1.2969257,-2.8869257,-2.2369256,-1.9169257,0.9730743,1.1930743,0.06307434,0.6530743,0.82307434
-0.81692564,-0.62692565,0.18307434,1.6130743,1.9230744,0.49307433,0.58307433,0.33307433,-0.14692566,-1.9569256,-2.8069258,-1.9869256,-2.6469257,-2.8969257,-3.2669256,-2.4869256,-1.5369257,-1.3469256,-0.10692566,0.83307433,2.2230744,1.9830743,1.7230743,1.3330743,1.5930743,0.15307434,0.40307435,0.99307436,1.6030743,1.8830743,1.4730743,-0.09692566,-1.6469257,-2.5569258,-2.2069256,-1.4369256,-2.0369256,-1.3369256,-1.4269257,-1.0669256,-1.0969256
-0.35692567,-1.5769256,-1.0569257,1.0130744,0.69307435,0.43307436,0.95307434,1.0230744,0.57307434,-1.5569257,-1.5469257,-2.4569256,-1.2569257,-0.82692564,-1.5969256,-2.3069258,-2.0069256,-0.8369257,-0.44692567,0.9730743,1.9230744,2.4030743,2.5330744,2.4930744,2.2930744,1.4730743,0.87307435,0.76307434,0.69307435,0.63307434,-0.19692566,-0.66692567,-1.3469256,-0.8369257,-1.0169257,-0.92692566,0.61307436,-0.29692566,-0.33692566,0.13307434,0.9130743
-1.2569257,-2.5769258,-2.5769258,-2.0069256,-1.6269257,-1.6369257,-2.5969257,-2.2369256,0.7230743,0.49307433,0.32307434,0.02307434,0.14307433,-0.40692565,-0.04692566,-0.55692565,-0.80692565,-0.68692565,0.64307433,1.9630743,1.6230743,1.3130744,2.0830743,2.5330744,2.6730742,2.5630744,1.8130744,1.5130744,0.41307434,-0.61692566,-1.5469257,-0.95692563,-1.8369256,-1.5369257,-0.37692565,-0.87692565,-1.2969257,-1.2369256,-1.6169257,-0.24692565,-1.2569257
0.27307433,-1.2569257,-1.9369256,-2.2369256,-1.5769256,-0.12692566,-0.016925659,-0.93692565,-0.03692566,0.89307433,1.9630743,-0.20692566,-0.33692566,-0.8469257,-0.36692566,0.41307434,0.67307436,-0.086925656,2.2830744,1.8130744,1.0730743,1.8830743,2.5430744,3.2230744,3.0830743,2.8830743,2.7130744,2.5030744,1.8030744,0.74307436,1.0930743,-1.2969257,0.22307435,-1.0869256,-1.7169256,-1.4969257,-2.4469256,-1.6669257,-2.3069258,-1.5369257,0.04307434
