wind_kz.json
{"header": {"discipline":0,"disciplineName":"Meteorological products","gribEdition":2,"gribLength":1025,"center":7,"centerName":"US National Weather Service - NCEP(WMC)","subcenter":0,"refTime":"2023-08-19T00:00:00.000Z","significanceOfRT":1,"significanceOfRTName":"Start of forecast","productStatus":0,"productStatusName":"Operational products","productType":1,"productTypeName":"Forecast products","productDefinitionTemplate":0,"productDefinitionTemplateName":"Analysis/forecast at horizontal level/layer at a point in time","parameterCategory":2,"parameterCategoryName":"UnknownDiscipline_0_Category_2","parameterNumber":2,"parameterNumberName":"UnknownParameter_D0_C2_2","parameterUnit":"Unknown","genProcessType":2,"genProcessTypeName":"Forecast","forecastTime":60,"surface1Type":103,"surface1TypeName":"Specified height level above ground","surface1Value":10.0,"surface2Type":255,"surface2TypeName":"Missing","surface2Value":0.0,"gridDefinitionTemplate":0,"gridDefinitionTemplateName":"Latitude_Longitude","numberPoints":615,"shape":6,"shapeName":"Earth spherical with radius of 6,371,229.0 m","gridUnits":"degrees","resolution":48,"winds":"true","scanMode":64,"nx":41,"ny":15,"basicAngle":0,"lo1":47.0,"la1":41.0,"lo2":87.0,"la2":55.0,"dx":1.0,"dy":1.0}, "data":
[rows 0 to 14 of 15, columns 0 to 40 of 41]
-0.35313293,2.626867,-4.703133,-4.863133,-1.703133,2.366867,6.206867,1.9468671,2.696867,0.46686706,1.676867,4.026867,5.506867,5.726867,7.016867,6.816867,7.386867,6.776867,8.036867,6.466867,2.966867,2.7468672,5.996867,6.076867,4.346867,3.616867,4.006867,3.906867,-2.7031329,-0.5831329,5.006867,1.656867,0.23686707,0.27686706,3.946867,-0.85313296,0.99686706,-2.043133,-0.043132935,0.7768671,-0.60313296
0.86686707,-5.463133,-5.703133,-2.5031328,0.7868671,3.5368671,1.4768671,-1.1631329,-0.27313292,1.636867,1.8668671,2.2868671,5.276867,6.736867,-1.4031329,4.256867,10.126867,3.2668672,5.496867,6.946867,1.176867,3.636867,4.226867,4.086867,3.236867,-0.043132935,0.7868671,3.736867,2.0368671,0.5468671,-0.22313294,0.37686706,-0.7031329,-0.39313293,-1.0131329,-0.5331329,3.7568672,-2.9431329,1.3368671,0.46686706,-2.433133
-7.433133,-6.193133,-3.273133,-0.45313293,3.836867,5.506867,1.9968671,0.82686704,3.4968672,1.546867,-2.293133,-1.573133,2.196867,2.0568671,1.876867,4.346867,7.3768673,7.286867,5.756867,7.716867,0.75686705,4.856867,2.636867,3.0368671,-0.37313294,-2.823133,-1.573133,-5.173133,-2.103133,-1.9131329,0.25686705,-2.293133,0.13686706,-0.93313295,-5.173133,0.5368671,1.926867,-0.61313295,3.2568672,5.336867,-1.0031329
-6.763133,-4.183133,-1.5031329,3.136867,6.286867,-3.603133,0.6568671,-1.6331329,0.49686706,2.676867,2.2568672,-5.163133,-3.623133,-1.573133,1.546867,1.636867,8.466867,6.996867,1.0868671,8.186867,3.336867,2.456867,-2.623133,-2.813133,-4.713133,-4.303133,-5.663133,-6.913133,-6.403133,-3.553133,-0.68313295,0.99686706,7.866867,5.716867,4.806867,3.446867,0.93686706,1.9668671,-1.243133,0.17686707,-0.8431329
-4.943133,-1.0331329,1.1168671,2.0068672,1.256867,0.016867066,2.366867,-1.373133,-0.11313293,1.4868671,2.876867,-5.483133,-0.37313294,2.116867,2.906867,0.33686706,-2.4531329,-3.153133,-3.913133,-3.373133,-4.213133,-4.153133,-2.063133,-2.153133,-3.6931329,-4.793133,-8.103133,1.7168671,-5.473133,-4.933133,-3.923133,-2.643133,-1.1731329,1.0668671,-3.563133,-0.7231329,5.796867,-0.68313295,-2.673133,0.55686706,0.68686706
-2.313133,1.416867,2.066867,3.0068672,1.3568671,2.696867,5.4168673,-0.6431329,-0.74313295,-0.31313294,3.136867,3.946867,-0.21313293,0.7968671,4.546867,2.666867,-0.44313294,-5.313133,-0.36313292,-3.153133,-0.7231329,-3.9431329,-2.7531328,-3.4731328,-4.043133,-5.563133,-6.133133,-3.4731328,-3.183133,-5.3331327,-5.043133,-3.563133,-4.203133,-2.0031328,-0.56313294,2.076867,4.206867,4.106867,8.106867,-1.613133,-0.85313296
3.0368671,1.8368671,1.9568671,1.4568671,2.336867,4.036867,6.736867,1.1868671,0.09686706,-0.82313293,1.7168671,4.726867,-0.93313295,-3.563133,-1.7731329,6.016867,5.356867,-1.1331329,2.366867,0.86686707,-0.7231329,0.016867066,-1.483133,-0.69313294,-1.9331329,-2.7431328,-3.153133,-1.8131329,-0.86313295,-2.523133,-2.303133,-1.5431329,-1.713133,-0.55313295,0.6568671,-0.8431329,-1.353133,0.74686706,3.626867,-1.0031329,3.5368671
2.116867,2.3068671,0.48686707,5.1668673,8.616867,7.926867,3.686867,4.776867,3.236867,0.68686706,1.3168671,3.096867,6.486867,3.106867,0.036867067,1.9968671,2.206867,1.8268671,5.386867,0.6668671,6.296867,3.916867,0.0068670656,0.75686705,-0.92313296,1.906867,-0.5231329,-0.7731329,-0.18313293,-1.6931329,-0.8331329,-0.85313296,-1.493133,-1.713133,1.5768671,-1.743133,1.676867,4.8768673,6.216867,7.776867,6.6268673
9.976867,4.406867,3.576867,3.686867,5.496867,5.066867,4.276867,-1.323133,1.7468671,0.87686706,0.95686704,2.456867,4.496867,3.7468672,4.336867,1.2168671,0.9668671,4.6268673,9.146867,5.996867,4.966867,2.716867,4.4168673,-0.9131329,1.3268671,1.1168671,3.2768672,3.456867,1.0668671,0.49686706,0.13686706,-2.863133,-1.223133,0.31686705,0.48686707,2.096867,1.5968671,0.50686705,0.42686707,0.64686704,0.89686704
5.526867,2.336867,4.746867,4.406867,5.796867,6.746867,5.766867,4.226867,1.5668671,2.5268672,1.3468671,2.5468671,1.156867,4.106867,5.1268673,6.846867,3.636867,4.556867,5.576867,6.1468673,2.176867,2.586867,1.2068671,1.7468671,3.476867,4.086867,3.956867,2.706867,3.086867,-1.863133,-3.533133,-2.5031328,-0.013132934,1.5868671,3.156867,-1.3131329,1.0968671,1.9768671,-0.81313294,1.136867,0.45686707
4.966867,5.276867,6.206867,5.436867,5.996867,6.9168673,6.706867,2.086867,2.096867,3.0268672,3.066867,4.316867,1.896867,2.576867,3.156867,5.856867,6.886867,4.566867,-2.553133,3.236867,2.7768672,0.75686705,-0.18313293,1.916867,2.816867,2.476867,2.0268672,-2.403133,-2.073133,-4.813133,-3.263133,-1.1931329,-1.1931329,-0.14313294,-0.30313292,-0.88313293,-0.27313292,0.80686706,0.036867067,0.42686707,-0.67313296
3.4968672,4.506867,4.8768673,5.196867,2.136867,3.956867,3.156867,2.2468672,2.716867,3.2968671,4.226867,2.646867,1.926867,2.676867,0.55686706,2.336867,3.616867,3.066867,1.1168671,3.686867,4.406867,2.0268672,0.7868671,1.536867,3.086867,1.4468671,2.2768672,-1.0031329,-2.793133,-2.303133,-1.833133,-0.68313295,-0.13313293,-0.7131329,-0.11313293,0.026867066,0.63686705,1.0668671,1.166867,-0.053132936,-0.8431329
3.0168672,1.9768671,-3.313133,2.326867,2.086867,2.606867,3.446867,0.48686707,-1.4131329,6.116867,3.446867,3.626867,3.206867,2.196867,2.366867,3.2468672,1.646867,1.9368671,3.396867,1.406867,-2.833133,-2.543133,0.86686707,1.046867,1.5868671,-1.9331329,-2.163133,-2.613133,-1.953133,-0.9531329,-0.74313295,0.5468671,-0.5831329,2.136867,-3.343133,0.14686707,0.31686705,0.18686706,0.016867066,-1.4031329,-0.50313294
-0.7231329,-3.063133,0.75686705,-0.28313294,-1.083133,-1.7831329,-2.173133,-0.74313295,0.68686706,-0.9031329,-0.9731329,0.7968671,5.546867,1.4668671,0.61686707,2.726867,3.076867,1.526867,2.356867,1.9668671,2.216867,2.866867,2.106867,6.966867,0.6568671,-2.2231328,0.17686707,-0.39313293,-1.2731329,-1.823133,1.4968671,0.67686707,-2.903133,-3.043133,-1.5031329,-1.373133,0.06686707,0.0068670656,-2.043133,-1.2631329,1.2468671
-1.1631329,-1.123133,-0.37313294,0.10686707,-0.15313293,0.61686707,2.0468671,2.7868671,3.0068672,3.0568671,2.0568671,4.096867,3.716867,3.406867,4.356867,2.0468671,3.456867,3.9968672,2.436867,1.3168671,-1.953133,-3.063133,-2.583133,-0.85313296,-0.5231329,-0.9631329,-2.4631329,-0.08313294,-2.663133,-2.9731328,-0.69313294,0.14686707,-3.573133,-1.0631329,-0.7631329,-0.62313294,-0.54313296,-2.2231328,0.6568671,0.20686707,-0.88313293
