wind_kz.json
{"header": {"discipline":0,"disciplineName":"Meteorological products","gribEdition":2,"gribLength":1025,"center":7,"centerName":"US National Weather Service - NCEP(WMC)","subcenter":0,"refTime":"2023-08-20T06:00:00.000Z","significanceOfRT":1,"significanceOfRTName":"Start of forecast","productStatus":0,"productStatusName":"Operational products","productType":1,"productTypeName":"Forecast products","productDefinitionTemplate":0,"productDefinitionTemplateName":"Analysis/forecast at horizontal level/layer at a point in time","parameterCategory":2,"parameterCategoryName":"UnknownDiscipline_0_Category_2","parameterNumber":3,"parameterNumberName":"UnknownParameter_D0_C2_3","parameterUnit":"Unknown","genProcessType":2,"genProcessTypeName":"Forecast","forecastTime":60,"surface1Type":103,"surface1TypeName":"Specified height level above ground","surface1Value":10.0,"surface2Type":255,"surface2TypeName":"Missing","surface2Value":0.0,"gridDefinitionTemplate":0,"gridDefinitionTemplateName":"Latitude_Longitude","numberPoints":615,"shape":6,"shapeName":"Earth spherical with radius of 6,371,229.0 m","gridUnits":"degrees","resolution":48,"winds":"true","scanMode":64,"nx":41,"ny":15,"basicAngle":0,"lo1":47.0,"la1":41.0,"lo2":87.0,"la2":55.0,"dx":1.0,"dy":1.0}, "data":
[rows 0 to 14 of 15, columns 0 to 40 of 41]
-0.4885205,-1.8485205,1.3414795,0.79147947,0.9114795,-3.1785204,-4.6385207,-5.0785203,-2.9785204,1.1114795,0.5214795,-0.37852052,-2.7385206,-1.6585205,-4.9685206,-4.1385207,-3.2085204,-1.9385206,-3.9385204,-3.8585205,-4.6985207,-4.1385207,-3.8985205,-1.2885205,-2.4285204,0.031479493,-0.1785205,2.0414796,0.2014795,-0.7785205,-1.1785206,-0.9885205,-0.9785205,-3.7885206,-11.50852,-8.368521,-10.488521,-9.50852,-1.3285205,1.8214794,2.1114795
2.2014794,1.9514794,0.67147946,2.0314796,0.8814795,-2.1985204,-3.0885205,-3.0285206,-3.1285205,2.2114794,3.0714796,1.5214795,-3.1385205,0.4414795,-3.8585205,-6.0685205,-2.7385206,-4.3185205,-5.6085205,-5.0785203,-4.3485203,-4.8385205,-0.1285205,0.021479493,-0.82852054,-3.3985205,-4.8485203,-0.7285205,-0.46852052,-1.1885206,1.4014795,0.2014795,-1.8585205,-3.5685205,-1.3285205,-1.9585205,-0.9485205,-5.6485205,-0.06852051,-2.7385206,1.3314795
2.3514795,4.9114795,1.6614795,3.3314795,-1.2585205,-2.3885205,-0.6785205,-1.1985205,1.5714794,1.1914794,-0.2985205,1.9014795,-0.4985205,-2.1085205,-3.1485205,-4.0885205,-4.5285206,-3.3985205,-3.0485206,-3.7685206,-2.9985206,-2.2485206,-3.5485206,0.2014795,2.9014795,1.6014795,1.0614794,2.1514795,0.2914795,3.0414796,4.4714794,2.6714795,3.6914794,-0.008520508,-2.1285205,3.5014794,0.6214795,-2.5485206,0.11147949,1.6414795,-0.1885205
2.5914795,4.8214793,3.0414796,1.1314795,-0.8485205,-1.5585206,-5.3085203,-5.2485204,3.0614796,0.92147946,3.5214796,3.3414795,2.7314794,0.5314795,-0.6585205,-1.9185205,-2.8785205,-3.4385204,-1.9985205,-3.9485204,-3.9185205,-1.5685205,-0.6985205,-2.4285204,-4.5385203,-2.6785204,-2.0585206,-0.5085205,2.4614794,-1.2085205,2.3814795,-1.1885206,-1.6585205,2.9114795,-0.9885205,-0.8585205,-0.2385205,1.9714795,0.051479492,1.0814795,1.9714795
6.3314795,6.6814795,5.5814795,3.7514794,0.4714795,-2.1885204,-3.0085206,-3.7385206,-1.2285205,0.021479493,-2.4085205,1.1714795,3.9114795,1.0614794,0.04147949,-0.8685205,-0.6085205,-1.4385206,0.3914795,-2.9785204,-3.8385205,-2.3185205,-2.4385204,-2.3185205,-1.3785205,-0.9285205,-2.5085206,-4.1385207,0.7414795,0.9914795,0.5914795,0.9414795,2.1514795,0.9914795,-1.1585205,-1.8585205,-2.5785205,0.9714795,2.5214796,0.7814795,-0.6785205
5.5514793,5.9314795,5.2714796,4.6014795,-0.13852051,2.5714796,0.28147948,-1.9485205,-1.1585205,-1.3585205,-3.2485206,-3.1085205,-4.1785207,1.8414795,1.3214794,-1.3385205,-1.9185205,-1.9885205,-2.2985206,0.2914795,-2.9385204,-2.4585204,-0.8085205,-1.5585206,-2.2085204,1.5514795,0.9014795,-2.3685205,-3.0085206,1.8314795,0.2714795,0.3514795,-2.6285205,1.3814795,2.7414794,1.5614794,3.2714796,1.3614795,-2.0785205,0.8414795,-2.1185205
-4.1685205,1.0814795,4.0414796,6.2214794,4.5014796,3.0414796,3.0214796,1.5114795,3.9414794,2.4614794,3.2914796,1.4614795,-0.4585205,-3.2085204,-2.7485206,1.4214795,0.5214795,-0.4785205,-2.8985205,-2.2685206,0.5314795,-1.5285205,2.0614796,-0.7585205,-0.34852052,1.8914795,-0.07852051,-3.2085204,-4.2185206,-1.9985205,-3.3585205,-5.4985204,-4.7885203,-5.0885205,-3.8485205,-1.6185205,-3.0285206,-1.9385206,-0.5985205,-0.2185205,-2.8985205
-2.7185204,-2.6685205,-0.8985205,3.7814796,3.9414794,3.5914795,-2.0485206,3.4914794,4.1814795,4.1414795,3.6814795,2.5714796,0.1514795,0.6214795,-2.0685205,-2.5385206,4.3514795,2.0614796,-1.4885205,-2.5885205,-2.0885205,1.5014795,2.3614795,2.6314795,1.3114794,1.0814795,0.31147948,0.6414795,0.9114795,-1.9685205,-3.9885206,-2.6685205,-4.4885206,-7.9685206,-3.6985204,-1.3685205,0.3614795,-2.1685205,1.0514795,1.5214795,-1.2785205
-4.6785207,-5.4185205,-1.3685205,0.34147948,1.6714795,4.0014796,1.9014795,2.3414795,1.1814795,2.5414796,1.1514795,0.7714795,2.4314795,2.6614795,-0.57852054,-2.5785205,4.1314793,3.1214795,-0.4485205,-1.8185205,-1.7785205,-3.8185205,-3.0385206,2.9914794,2.6914794,3.1214795,2.0914795,1.9614795,1.6714795,0.7014795,0.5114795,-0.5085205,-2.1985204,-3.3285205,-3.5885205,0.7614795,-3.0085206,-0.31852052,-2.3585205,-1.6485205,-1.9785205
-3.8385205,-4.6085205,-3.7285204,-3.7685206,-0.7585205,4.1914797,4.2314796,5.2014794,3.5214796,0.10147949,-2.0385206,1.5814795,4.7714796,3.1214795,0.5114795,-1.5285205,5.1914797,3.4914794,1.6414795,0.22147949,-1.6485205,-2.5285206,-5.1885204,-2.1685205,0.8214795,3.5714796,3.8814795,2.1214795,2.5314796,5.4514794,4.3614793,3.0514796,2.2914796,-1.2385205,0.10147949,-0.5685205,-0.038520508,-3.6385205,-0.7585205,1.1214795,1.3214794
-2.1585205,-2.5385206,-4.0285206,-2.0085206,-3.5885205,-1.7985206,-1.6485205,0.19147949,-0.40852052,-1.2085205,-1.7285205,-1.2785205,4.1914797,2.4514794,-0.058520507,-3.0885205,-0.09852051,5.7014794,3.7814796,3.0814795,1.3314795,-1.5885205,-3.4785204,-4.7485204,1.2014794,3.9914794,2.4314795,3.7614794,3.2714796,3.2414794,4.9414797,3.9314795,2.7014794,2.3314795,0.3214795,-0.2685205,-0.2685205,1.7114795,0.6214795,0.2614795,-0.1885205
-1.5585206,-2.6285205,-2.6385205,-2.2185204,-0.6585205,3.0514796,3.7214794,4.2714796,2.7014794,2.5614796,1.0814795,-1.5985205,0.4214795,2.0614796,1.8014795,1.6214795,0.5514795,-2.8985205,0.6114795,2.9814794,2.8514795,0.8414795,-2.5285206,-1.3785205,-1.3785205,-2.4185205,-3.1685205,0.6214795,-2.3385205,-3.0785205,2.6214795,4.0714793,2.4814794,2.4614794,1.3514795,-0.008520508,0.04147949,2.0614796,2.1314795,1.7414795,1.0114795
-0.6085205,-0.51852053,1.0714794,0.12147949,-1.4485205,-1.4085205,-1.0285205,0.6814795,-0.3685205,0.031479493,-1.2785205,0.6314795,-0.6285205,-2.4585204,3.6214795,2.8914795,1.6614795,-0.10852051,-1.0185205,-0.1785205,0.5014795,0.7514795,0.5014795,-0.7485205,1.3614795,1.6214795,0.8814795,-2.1585205,-1.6085205,-2.7385206,-4.1185207,-0.5585205,3.5814795,3.3814795,3.3814795,2.5614796,1.2514795,0.051479492,0.43147948,0.3214795,0.08147949
-0.5985205,-2.1285205,-2.5385206,-3.1785204,-0.028520508,-0.04852051,-1.3085206,-0.4285205,1.1714795,-0.3885205,0.5714795,0.091479495,-0.6485205,-0.51852053,0.4714795,0.6914795,0.021479493,-0.7985205,0.04147949,1.1514795,1.4114795,1.3514795,-0.3385205,0.6814795,0.5514795,-0.3585205,-1.4485205,-0.28852051,-0.3285205,0.0014794922,-0.6485205,-2.7285204,-0.5385205,1.8014795,3.1314795,3.4014795,2.3914795,0.98147947,-0.07852051,0.1514795,0.6014795
-1.8185205,-1.3085206,-2.6585205,-2.3385205,-0.6885205,0.5114795,-0.7985205,-2.1785204,-1.9985205,-1.7185205,0.2914795,-0.4585205,0.11147949,-1.1285205,-2.9985206,-2.4185205,1.7514795,0.04147949,-1.6385205,-1.7285205,1.8214794,2.4314795,0.2614795,-0.8885205,-1.5385205,-2.1285205,-2.1385205,0.5814795,0.54147947,-0.7385205,-1.5385205,-0.6285205,-1.6285205,-0.7385205,1.1814795,3.1814795,3.1614795,2.8114796,1.8414795,1.2814795,0.3014795
