wind_kz.json
{"header": {"discipline":0,"disciplineName":"Meteorological products","gribEdition":2,"gribLength":1025,"center":7,"centerName":"US National Weather Service - NCEP(WMC)","subcenter":0,"refTime":"2023-09-22T06:00:00.000Z","significanceOfRT":1,"significanceOfRTName":"Start of forecast","productStatus":0,"productStatusName":"Operational products","productType":1,"productTypeName":"Forecast products","productDefinitionTemplate":0,"productDefinitionTemplateName":"Analysis/forecast at horizontal level/layer at a point in time","parameterCategory":2,"parameterCategoryName":"UnknownDiscipline_0_Category_2","parameterNumber":2,"parameterNumberName":"UnknownParameter_D0_C2_2","parameterUnit":"Unknown","genProcessType":2,"genProcessTypeName":"Forecast","forecastTime":300,"surface1Type":103,"surface1TypeName":"Specified height level above ground","surface1Value":10.0,"surface2Type":255,"surface2TypeName":"Missing","surface2Value":0.0,"gridDefinitionTemplate":0,"gridDefinitionTemplateName":"Latitude_Longitude","numberPoints":615,"shape":6,"shapeName":"Earth spherical with radius of 6,371,229.0 m","gridUnits":"degrees","resolution":48,"winds":"true","scanMode":64,"nx":41,"ny":15,"basicAngle":0,"lo1":47.0,"la1":41.0,"lo2":87.0,"la2":55.0,"dx":1.0,"dy":1.0}, "data":
[rows 0 to 14 of 15, columns 0 to 40 of 41]
-1.8051087,-1.2151086,2.0648913,3.6748915,-1.1251086,-3.8851087,-8.635109,-8.055109,-8.695108,-5.5751085,-4.7451086,-3.9451087,-3.3551087,-2.6451087,-1.9951086,-2.2651086,-1.8751086,-1.1351086,-1.6651087,-2.8551087,-2.0551085,-1.1751087,-2.2351086,-2.1251087,0.56489134,-2.2351086,-2.7351086,-2.4651086,0.55489135,-0.16510864,-1.2551086,0.41489136,-0.21510865,1.4648913,-1.8951087,-3.0751085,-3.8751087,-2.6151087,-0.30510864,1.1248914,-0.27510864
1.5048914,0.26489136,2.2048914,-4.755109,-9.195108,-8.8651085,-8.505109,-8.625109,-5.565109,-4.8051085,-5.775109,-3.7051086,-2.1151087,-2.8051085,-1.6051086,-1.5051086,-1.4951086,-2.2351086,-2.8651087,-3.9351087,-3.5051086,-3.0651085,-0.9851086,-2.7051086,-0.89510864,0.41489136,-1.0851086,-0.33510864,-3.2151086,-1.7451086,0.0048913574,-0.23510864,2.7648914,-3.1651087,0.60489136,0.094891354,0.31489137,0.80489135,-0.25510865,1.1448914,1.1148914
-0.9151086,-2.2451086,-5.3051085,-8.925109,-9.325109,-8.385109,-7.025109,-7.045109,-6.9151087,-6.2651086,-3.4151087,-4.5151086,-2.4651086,-2.5451086,-2.3551087,-2.8151085,-3.7751086,-3.0051086,-3.6151087,-5.8551087,-7.965109,-7.5151086,-4.9551086,-5.9551086,-0.47510865,-3.7851086,-2.5751085,-1.4451087,-2.2851086,-0.71510863,-2.4451087,2.2948914,0.08489136,0.07489136,-1.1751087,-1.0651087,0.97489136,0.25489137,4.1348915,3.7148914,0.80489135
-3.8551087,-5.6751084,-6.5751085,-7.9951086,-6.775109,-7.505109,-6.9751086,-6.8551087,-5.8851085,-4.565109,-3.9151087,-3.2051086,-3.5851088,-3.7251086,-3.7351086,-3.6051087,-4.2851086,-4.2251086,-4.3951087,-4.525109,-5.6451087,-3.1151087,-3.5351086,-8.025108,-8.385109,-8.145108,-7.3351088,-10.645108,-5.3451085,-1.6551087,-0.20510864,-2.4551086,-1.1551087,-1.6051086,-2.0951087,-1.8751086,-1.4151087,2.4248915,1.6748914,1.7048913,2.8748913
-4.7851086,-6.2051086,-6.1351085,-5.3851085,-5.505109,-5.8251085,-6.4551086,-5.505109,-4.735109,-4.0851088,-4.0351086,-3.1051087,-4.6251087,-4.3651085,-4.0751085,-4.3251085,-4.565109,-4.0751085,-4.6351085,-7.1151085,-9.235108,-8.335109,-8.095109,-7.795109,-7.7451086,-7.1151085,-8.515109,-5.4551086,-4.3651085,-3.5751085,-4.9751086,-2.5651085,-2.3151085,1.1448914,0.7648914,-0.6751087,1.2748914,-1.5451087,0.84489137,1.0148914,-4.1251087
-4.7051086,-3.8151085,-5.255109,-7.3251085,-8.565108,-7.8951087,-5.0351086,-4.5351086,-3.3151085,-2.8751087,-3.2351086,-3.6151087,-3.3851087,-4.1151085,-3.9351087,-3.7551086,-3.8951087,-4.315109,-4.6251087,-4.6651087,-6.0851088,-6.6551085,-6.1551085,-5.8751087,-5.1451087,-5.025109,-4.1751084,-4.545109,-3.5951087,-3.5851088,-3.6551087,-4.045109,-3.2251086,-1.5351087,-0.15510865,-2.1151087,0.06489136,2.5448914,0.73489136,-1.8051087,-3.4151087
-4.315109,-4.0551085,-4.1751084,-5.755109,-6.6851087,-5.315109,-4.8551087,-4.505109,-4.0351086,-4.2451086,-4.4251084,-3.7751086,-3.4451087,-3.1551087,-2.5551085,-3.2551086,-3.5551085,-4.0951085,-4.505109,-4.8851085,-4.465109,-4.2651086,-4.0951085,-3.9651086,-3.6151087,-3.6751087,-2.3351088,-2.9051087,-3.1951087,-4.1951084,-4.3051085,-3.4351087,-2.3151085,-2.7851086,-2.2651086,-2.3251085,-1.1351086,2.3148913,2.0848913,0.8948914,3.5048914
-4.1451087,-3.8151085,-3.8251085,-4.3051085,-5.1151085,-4.6551085,-4.315109,-3.4251087,-2.9651086,-4.0551085,-3.6251087,-3.6851087,-2.6351087,-3.1251087,-2.6051087,-3.0851088,-3.4451087,-3.6551087,-3.8651087,-4.505109,-3.8151085,-4.0151086,-3.7551086,-4.275109,-3.6151087,-2.3151085,-2.8951087,-2.6651087,-2.0251086,-2.6551087,-2.8651087,-2.3851087,-1.8451086,-1.0351087,-1.8951087,1.9048914,3.5548913,5.5448914,4.1648912,4.5748916,0.044891357
-4.3851085,-3.9651086,-4.3551087,-4.295109,-4.0851088,-3.1551087,-3.3951087,-3.4651086,-4.1951084,-3.7951086,-3.4251087,-2.9251087,-2.0451086,-2.6851087,-3.6651087,-3.6151087,-3.1751087,-3.4651086,-3.6851087,-3.4451087,-4.0151086,-3.4851086,-3.3451087,-3.4651086,-2.6251087,-2.5251086,-1.7151086,-1.8451086,-0.90510863,-0.81510866,-1.3851086,-0.70510864,1.0348914,0.6548914,1.9248914,1.4548913,0.99489135,0.044891357,-1.6951087,0.92489135,-1.2451086
-3.4151087,-2.9551086,-3.1051087,-3.3951087,-3.5551085,-3.5251086,-4.045109,-4.065109,-4.065109,-3.4051087,-3.1051087,-3.4051087,-3.4151087,-3.0351086,-3.5451086,-3.2551086,-3.3551087,-2.3651087,-2.3751087,-2.8351088,-3.1651087,-2.4651086,-2.2551086,-2.2651086,-2.8851087,-2.0951087,-1.5151086,-0.7251086,-0.70510864,-0.13510865,0.87489134,0.9548914,1.0648913,0.60489136,0.84489137,1.0948913,-0.55510867,0.56489134,-1.6751087,-0.055108644,-0.48510864
-3.7151086,-3.9951086,-3.1251087,-2.2751086,-2.6451087,-2.9251087,-3.5051086,-3.5551085,-3.3151085,-2.4251087,-1.7151086,-1.6551087,-3.0751085,-3.2451086,-2.8151085,-2.5351086,-2.5751085,-1.7451086,-2.5251086,-2.9851086,-2.3351088,-2.3251085,-2.4551086,-2.3351088,-1.1951087,-0.41510865,0.85489136,1.4348913,1.5648913,2.1248913,1.7648914,1.2448914,-0.24510865,0.05489136,0.044891357,0.37489137,-0.46510863,0.7148914,-0.23510864,0.81489134,-0.95510864
-2.4751086,-2.0651085,-2.6251087,-3.3751087,-3.0151086,-3.0951087,-2.1751087,-1.7051086,-1.1551087,-1.4851086,-1.3751086,-0.03510864,-1.7151086,-1.1051086,-0.30510864,-0.70510864,-0.96510863,-0.49510863,-1.9751086,-0.69510865,-1.3351086,-0.48510864,-0.82510865,0.0048913574,1.0748913,1.8848914,1.8648914,2.9148912,2.9748914,2.6048913,2.2848914,2.6648912,1.1248914,0.9548914,1.1548914,1.7148913,1.9448913,1.5848913,0.7648914,0.19489136,0.034891356
-1.9151087,-2.0351086,-3.2551086,-2.5551085,-1.9451087,-1.7351086,-1.6551087,-1.1251086,-1.0351087,-0.9751086,-0.7351086,-0.40510863,0.15489136,0.28489137,1.3248913,0.49489135,0.78489137,0.79489136,0.10489136,0.8348914,0.124891356,0.53489137,1.3248913,1.4348913,2.9548914,2.9148912,3.3548913,3.2848914,3.1548913,3.2148914,3.2848914,3.3248913,2.7948914,1.8948914,2.3048913,2.7048914,2.5548913,1.3448913,1.8548913,1.0448914,-0.015108642
-1.1751087,-0.9851086,-1.6551087,-0.99510866,-1.2251086,-1.1751087,-0.69510865,-1.1751087,-0.39510864,-0.70510864,-0.9751086,-0.71510863,0.80489135,0.7148914,0.5148914,0.68489134,0.74489135,1.0548913,0.93489134,1.7648914,2.1148913,2.4948914,3.2148914,3.3548913,3.4248915,3.3548913,3.2148914,3.4748914,3.3248913,3.5948913,3.5848913,3.4448915,3.0148914,2.7048914,2.6148913,3.0148914,2.4548914,2.3848913,1.5648913,1.1248914,0.88489133
-1.1251086,-0.93510866,-0.5951086,-0.5451086,-0.45510864,-0.63510865,0.72489136,-0.42510864,0.20489135,-1.1051086,-1.2551086,-0.28510866,-0.015108642,1.2448914,1.4148914,1.4348913,2.2648914,2.7548914,2.2548914,3.0948913,3.0948913,3.3748913,3.2848914,3.4148912,3.5048914,3.4848914,3.6548913,3.7148914,3.6948915,3.7748914,4.0448914,4.784891,3.4548914,3.3248913,3.4848914,3.8848913,1.9548913,3.0548913,2.8348913,2.7348914,0.39489135
