wind_kz.json
{"header": {"discipline":0,"disciplineName":"Meteorological products","gribEdition":2,"gribLength":1025,"center":7,"centerName":"US National Weather Service - NCEP(WMC)","subcenter":0,"refTime":"2023-09-22T06:00:00.000Z","significanceOfRT":1,"significanceOfRTName":"Start of forecast","productStatus":0,"productStatusName":"Operational products","productType":1,"productTypeName":"Forecast products","productDefinitionTemplate":0,"productDefinitionTemplateName":"Analysis/forecast at horizontal level/layer at a point in time","parameterCategory":2,"parameterCategoryName":"UnknownDiscipline_0_Category_2","parameterNumber":2,"parameterNumberName":"UnknownParameter_D0_C2_2","parameterUnit":"Unknown","genProcessType":2,"genProcessTypeName":"Forecast","forecastTime":120,"surface1Type":103,"surface1TypeName":"Specified height level above ground","surface1Value":10.0,"surface2Type":255,"surface2TypeName":"Missing","surface2Value":0.0,"gridDefinitionTemplate":0,"gridDefinitionTemplateName":"Latitude_Longitude","numberPoints":615,"shape":6,"shapeName":"Earth spherical with radius of 6,371,229.0 m","gridUnits":"degrees","resolution":48,"winds":"true","scanMode":64,"nx":41,"ny":15,"basicAngle":0,"lo1":47.0,"la1":41.0,"lo2":87.0,"la2":55.0,"dx":1.0,"dy":1.0}, "data":
[rows 0 to 14 of 15, columns 0 to 40 of 41]
-0.61077577,1.7992243,-1.9107758,1.0092243,-4.8507757,-5.1007757,-5.0107756,-4.380776,-4.1207757,-0.6007758,-1.1107757,-0.060775757,0.87922424,1.7692243,2.5492241,2.8392243,1.6492243,-0.64077574,0.38922423,2.2292242,2.4292243,1.2292242,2.2392242,2.0292242,-1.1407758,-0.83077574,1.8692242,1.9692242,-0.100775756,0.42922425,1.9092243,0.20922424,-0.09077576,-0.48077574,0.67922425,1.1092242,1.7592243,1.6592243,2.2992241,2.9792242,2.3492243
-0.65077573,-2.7007759,0.91922426,-2.1507757,-3.7507758,-4.3707757,-4.8307757,-4.710776,-4.040776,-2.7907758,-2.0607758,-3.0007758,-1.5307758,-1.5707757,-2.1907759,-0.8507758,-1.2607758,-0.61077577,0.109224245,-0.15077576,0.47922423,1.7292242,2.5692244,2.4292243,0.60922426,-0.20077576,1.0192243,0.28922424,3.2292242,1.4392242,0.54922426,0.8992242,0.38922423,0.81922424,0.20922424,1.5792242,1.8192242,-0.5407758,0.50922424,-0.100775756,-1.6607758
-2.7707758,-2.2507758,-2.8207757,-4.290776,-4.630776,-4.820776,-4.7207756,-3.2707758,-4.400776,-4.150776,-3.1107757,-3.7807758,-3.1007757,-3.6207757,-4.1207757,-4.4907756,-3.3207757,-0.34077576,0.73922426,-0.08077576,-0.63077575,-4.0107756,-2.2107759,0.069224246,-0.7207758,-0.44077575,-0.110775754,-0.43077576,3.3592243,0.38922423,1.8492242,-1.9407758,-0.43077576,1.4192243,-0.26077574,1.4392242,1.3792243,-0.32077575,2.7392242,5.829224,2.0092242
-3.8907757,-4.730776,-4.7007756,-4.730776,-4.090776,-4.3507757,-1.4007758,-2.7207758,-1.7007757,-2.3807757,-3.2407758,-4.2807755,-1.4707757,-2.2007759,-4.460776,-5.1407757,-5.150776,-5.8107758,-4.9107757,-2.7407758,-0.030775758,-2.4107757,-4.460776,-6.250776,-6.2407756,-5.6807756,-5.880776,-7.460776,-4.360776,-1.1207757,1.1892242,0.20922424,-1.0107758,0.75922424,-0.68077576,1.1692243,0.47922423,1.4692242,-1.6407758,0.029224243,-1.1707758
-6.040776,-5.790776,-4.8507757,-4.5607758,-3.9407759,-3.4907758,-3.1207757,-2.0507758,-1.8007758,-2.9907758,-2.8707757,-3.5207758,-2.5107758,-2.6407757,-1.8707757,-4.7207756,-4.750776,-5.380776,-6.880776,-8.770776,-9.020776,-7.6207757,-7.5307755,-7.4907756,-7.340776,-7.2807755,-8.480776,-5.250776,-4.8007755,-4.130776,-2.9807758,-0.69077575,3.0592241,1.8392242,-2.4807758,-1.6507758,0.049224243,-1.7107757,-1.8807758,-0.76077574,-0.87077576
-3.9007757,-3.6507757,-3.9007757,-3.3207757,-2.6307757,-2.1907759,-0.45077574,-2.0407758,-2.4307756,-1.7707758,-2.8807757,-2.9807758,-3.4607759,-3.2607758,-3.2607758,-4.9507756,-5.0307755,-5.290776,-6.170776,-6.9707756,-7.5607758,-6.7007756,-6.340776,-6.150776,-6.440776,-6.770776,-7.360776,-4.400776,-4.500776,-4.020776,-4.820776,-3.2307758,-0.71077573,-1.1107757,-0.94077575,2.1792243,1.1992242,1.9592242,-1.3407757,-1.9007758,-1.3907758
-2.3407757,-1.8307757,-1.7207757,-1.8807758,-2.8307757,-2.8407757,-2.8307757,-1.7407757,-1.6507758,-1.5307758,-2.2507758,-3.2707758,-3.1107757,-2.9707758,-4.170776,-4.150776,-4.4907756,-5.110776,-6.130776,-6.2007756,-5.2007756,-5.0607758,-4.7807755,-4.190776,-4.3907757,-3.9307756,-3.8907757,-3.4007757,-4.0607758,-4.3007755,-4.7207756,-5.270776,-5.650776,-1.6707758,-0.81077576,1.2692243,0.88922423,-1.0207758,2.2392242,-0.43077576,0.18922424
-1.4207758,-1.4007758,-1.8707757,-3.3707757,-2.6507757,-3.5007758,-2.5607758,-2.4807758,-1.9707757,-2.1807756,-2.7107759,-1.2907758,-1.6407758,-2.7807758,-3.5407758,-3.8007758,-4.070776,-3.0607758,-4.320776,-6.2007756,-5.6207757,-5.630776,-4.540776,-4.1807756,-3.5207758,-3.1407757,-2.1307757,-2.2107759,-2.0107758,-2.8607757,-2.8407757,-2.1507757,-2.9907758,-2.7007759,-2.4807758,-0.95077574,-0.26077574,-0.32077575,-0.94077575,-1.6707758,1.0692242
-4.7407756,-4.5807757,-4.0607758,-2.2807758,-2.8907757,-2.3807757,-4.1407757,-3.1307757,-1.1507758,-2.5107758,-1.8907758,-1.3307757,-1.3807758,-1.8807758,-2.4907758,-2.8607757,-3.5707757,-4.4707756,-4.110776,-3.5907757,-4.1407757,-4.1607757,-3.5707757,-3.5107758,-3.3907757,-2.6107757,-2.5007758,-2.0707757,-1.2307757,-0.56077576,-0.7807758,-0.75077575,-0.25077575,-0.13077575,-0.82077575,1.7392242,0.23922424,-0.27077577,0.80922425,0.009224243,-0.37077576
-4.4107757,-4.690776,-4.520776,-3.5707757,-2.5907757,-2.1907759,-2.1707757,-3.5007758,-3.2507758,-1.4607757,-1.6307758,-1.7607758,-1.8407757,-2.4207757,-3.0307758,-2.8307757,-3.2007759,-2.7207758,-3.1507757,-2.9107757,-3.2907758,-2.4407759,-1.8207757,-1.8107758,-1.4907757,-1.2507758,-0.86077577,-0.37077576,-0.56077576,-0.060775757,1.2792243,1.5192243,1.6992242,0.50922424,1.0492243,-1.1807758,0.94922423,-0.48077574,0.68922424,0.33922425,-0.9707758
-4.0807757,-3.6207757,-2.2007759,-2.1507757,-1.4207758,-1.9807757,-1.5907757,-1.8107758,-0.6007758,-0.48077574,-2.5007758,-2.3607757,-3.8007758,-4.400776,-3.7207758,-3.9907758,-3.3407757,-2.7307758,-1.8307757,-2.6507757,-1.7507758,-1.2507758,-1.2707758,-1.1107757,-0.76077574,-0.09077576,0.74922425,0.94922423,1.7092242,2.9092243,2.4492242,2.4492242,1.4192243,0.13922425,-0.31077576,0.67922425,0.20922424,0.92922425,-1.4307758,-0.15077576,0.30922425
-2.0007758,-2.3907757,-1.8907758,-1.8707757,-1.4307758,-1.0907757,-2.6307757,-2.8507757,-2.6707757,-3.2107759,-3.4607759,-4.130776,-3.4707758,-4.2407756,-2.9207757,-2.6307757,-2.8507757,-2.1807756,-1.6607758,-1.3007758,-1.0607758,-1.2907758,-1.4807757,-1.2607758,-1.2207757,-0.56077576,0.28922424,1.6492243,3.7192242,3.9192243,3.2792242,2.7392242,1.8392242,1.0392243,0.14922424,0.109224245,2.2992241,1.4292243,0.75922424,0.08922424,-1.0307758
-1.2107757,-1.5307758,-1.1407758,-1.6007757,-1.6707758,-1.9707757,-2.9207757,-2.3407757,-4.170776,-0.77077574,-0.5307758,-1.4107758,-1.2507758,-1.9707757,-1.3407757,-1.2407757,-1.2207757,-1.5207758,-1.3407757,-1.3707757,-1.0407758,-1.1607758,-1.0607758,-0.19077575,0.50922424,0.8292242,0.98922426,1.3892243,1.3292242,0.9692242,3.1392243,3.3692243,2.1192243,1.0392243,-0.08077576,-0.6707758,-0.9107758,-0.24077576,-0.87077576,-0.8407757,-0.38077575
-0.71077573,-1.3707757,-0.50077575,-1.1207757,-1.1407758,-1.3607757,-2.2407758,-1.7207757,-1.0607758,-0.93077576,-0.040775757,0.68922424,-0.060775757,-0.040775757,-0.21077576,-0.58077574,0.62922424,1.4492242,1.9692242,1.7692243,1.4492242,1.5392243,0.49922425,0.68922424,1.2792243,1.8592242,2.5492241,3.6492243,3.4392242,2.8892243,2.1792243,1.8492242,3.3092241,2.5692244,0.67922425,0.5192242,0.039224245,-0.32077575,-0.56077576,0.39922425,-1.0007758
0.8992242,1.3892243,-7.7575684E-4,-0.30077577,0.41922423,0.6592243,0.6492242,1.0892242,0.9692242,1.2292242,0.88922423,1.4892242,1.1792243,1.7692243,2.2092242,2.1892242,2.9892242,3.0592241,2.5892243,3.6592243,3.5392241,3.0392241,2.3992243,2.3792243,2.7192242,3.1092243,3.8792243,3.7992241,3.6792243,3.7092242,4.1092243,3.7992241,2.7192242,3.6292243,3.0092242,2.1292243,1.4592242,1.7992243,1.4692242,0.7092242,0.37922424
