wind_kz.json
{"header": {"discipline":0,"disciplineName":"Meteorological products","gribEdition":2,"gribLength":1025,"center":7,"centerName":"US National Weather Service - NCEP(WMC)","subcenter":0,"refTime":"2024-04-08T18:00:00.000Z","significanceOfRT":1,"significanceOfRTName":"Start of forecast","productStatus":0,"productStatusName":"Operational products","productType":1,"productTypeName":"Forecast products","productDefinitionTemplate":0,"productDefinitionTemplateName":"Analysis/forecast at horizontal level/layer at a point in time","parameterCategory":2,"parameterCategoryName":"UnknownDiscipline_0_Category_2","parameterNumber":2,"parameterNumberName":"UnknownParameter_D0_C2_2","parameterUnit":"Unknown","genProcessType":2,"genProcessTypeName":"Forecast","forecastTime":0,"surface1Type":103,"surface1TypeName":"Specified height level above ground","surface1Value":10.0,"surface2Type":255,"surface2TypeName":"Missing","surface2Value":0.0,"gridDefinitionTemplate":0,"gridDefinitionTemplateName":"Latitude_Longitude","numberPoints":615,"shape":6,"shapeName":"Earth spherical with radius of 6,371,229.0 m","gridUnits":"degrees","resolution":48,"winds":"true","scanMode":64,"nx":41,"ny":15,"basicAngle":0,"lo1":47.0,"la1":41.0,"lo2":87.0,"la2":55.0,"dx":1.0,"dy":1.0}, "data":
[rows 0 to 14 of 15, columns 0 to 40 of 41]
-0.33478728,0.1652127,-0.7947873,0.7752127,0.9252127,1.4352127,1.8052127,-3.6447873,-3.5047872,-1.2047873,-1.6947873,-0.4747873,-0.2947873,-2.3747873,-0.114787295,1.5552127,2.5752127,2.5152128,-0.1747873,-0.75478727,-0.56478727,-1.9247873,-1.0547873,-2.2147872,0.5352127,-2.0447874,-3.2847872,-0.7247873,1.3852127,-0.2547873,-1.8947873,1.7952127,0.1852127,-0.7047873,-1.9047873,-0.6447873,-0.3447873,1.6352127,2.8852127,0.3052127,2.5552127
0.5952127,-1.0847872,-1.5547873,1.1852127,2.0152128,-1.1847873,-1.5747873,-2.1747873,-1.9447873,-0.18478729,0.4752127,-0.2247873,0.93521273,-2.0247872,-1.0347873,0.8452127,3.2252128,4.0752125,4.5352125,3.3252127,2.1252127,0.44521272,-0.8347873,-3.7147872,-0.18478729,2.2952127,-1.3847873,0.9152127,-2.8747873,-1.9447873,0.2552127,-0.8947873,2.2052126,-2.8847873,-0.024787292,0.2752127,0.38521272,1.0052127,0.55521274,0.8352127,2.7852128
-2.2747872,-4.724787,-2.4147873,-0.2547873,0.9752127,-0.45478728,-3.0747874,0.3652127,-2.2247872,-0.6447873,-0.39478728,0.7552127,-1.5947872,-1.1147873,1.0552127,3.6252127,5.1852126,4.8152127,3.5352128,4.445213,4.8952127,5.335212,1.7252127,-0.3247873,-0.5947873,2.7452128,2.3452127,2.1452127,-2.0447874,-0.1747873,-1.7147872,3.0952127,0.1652127,-1.1447873,0.1952127,-1.6747873,-0.1447873,-0.06478729,-0.45478728,1.3252127,2.2052126
-4.384787,-4.3947873,-3.4747872,-3.1047873,-2.6647873,-3.3947873,-1.0747873,-2.1047873,-0.034787294,0.8852127,0.9652127,1.3552127,2.7152128,3.7652128,3.6852126,4.1652126,5.1552124,6.4052124,6.395212,5.9652123,1.6452127,3.2052126,9.205213,2.7652128,-0.9347873,0.5252127,1.2652127,0.04521271,3.4452126,0.7952127,-0.75478727,-4.114787,-1.7447873,-2.1347873,-2.0447874,-3.0047872,-2.5947874,2.8652127,1.9952127,-0.06478729,-2.0547874
-2.3447874,-1.8747873,-2.1747873,-2.3947873,-1.7847873,-1.0647873,0.7752127,2.3952127,2.9752128,1.9052128,0.55521274,0.22521271,1.2552127,5.7252126,5.9352126,5.2852125,5.7152123,4.0652127,3.4152126,2.8252127,3.3652127,3.1952126,2.9252126,1.9752127,0.6252127,0.8852127,-0.56478727,0.7552127,1.5052127,4.4352126,3.1952126,-0.8647873,-1.3447872,1.6752127,1.8252127,0.2152127,-1.2647873,-2.3947873,-3.9547873,-1.7047873,-1.7147872
0.1552127,0.3752127,1.4652127,2.3452127,2.5252128,2.8452127,3.0952127,4.0752125,1.4152128,-1.1047873,-0.39478728,1.3452127,1.7552127,4.2452126,2.2952127,3.5352128,4.7252126,5.7052126,2.4652128,3.1152127,2.8952127,3.3052127,3.1752126,2.2752128,4.2952127,2.7452128,2.1652126,0.04521271,0.2652127,-0.2947873,0.93521273,2.6652126,-2.3447874,-1.7447873,-0.94478726,-0.45478728,0.35521272,-1.5147873,-0.7147873,-1.2647873,0.0052127074
-0.9547873,-1.4447873,-1.5647873,2.1052127,3.8152127,3.9352126,2.5252128,-0.5247873,0.20521271,1.3552127,1.0252128,1.1452127,2.2352128,1.9952127,1.5852127,3.5852127,3.6752126,3.9852128,3.4152126,4.0752125,4.215213,3.2452128,3.5652127,2.6052127,3.3952127,4.8052125,2.2852128,3.1052127,2.0052128,2.1752126,-0.6147873,0.35521272,-0.1747873,-4.284787,-4.054787,-3.2147872,-1.3047873,2.1352127,-3.3047874,1.9252127,-1.5647873
1.1652128,-0.45478728,2.5352128,1.8452127,2.6152127,2.4152126,2.2352128,0.9152127,1.8352127,1.8752127,3.1452127,3.0252128,3.2852128,3.2352128,2.7552128,4.445213,3.1152127,4.0452127,4.0352125,4.215213,5.7752123,5.4552126,4.2852125,3.7252128,3.6552126,3.0352128,3.9752128,2.7052126,5.0452127,3.4652128,4.7652125,5.7452126,0.44521272,-0.8447873,-1.3147873,-1.7547873,-3.4647872,-4.8547873,-4.474787,-4.1247873,-2.5247872
1.6952127,2.7252128,2.4852128,2.6152127,2.9452126,3.0952127,3.1152127,2.4352126,2.9952128,3.3252127,3.4552126,3.4752128,3.6152127,3.4252126,3.8452127,4.0152125,4.4752126,3.7152128,3.5452127,4.1852126,6.2152123,7.4952126,4.965213,4.465213,3.6852126,4.135213,1.6052127,1.1052127,3.7352128,4.3252125,2.3952127,2.6052127,4.7952127,1.3552127,-2.3647873,-1.6447873,-0.8347873,-2.4347873,-1.4047873,0.08521271,-2.5847874
2.7352128,3.3352127,3.5252128,3.5052128,3.4452126,3.6552126,3.9752128,3.7152128,2.6352127,3.2252128,3.9252126,3.4852128,3.8152127,2.9652128,3.8452127,5.0852127,5.5552125,3.8552127,4.3752127,5.7552123,5.145212,5.2352123,4.235213,3.8952127,3.4652128,2.2552128,2.0452127,3.3152127,3.6652126,5.3152122,6.9652123,5.9352126,3.4952128,-2.1147873,-1.8447872,-2.0447874,-3.0747874,-1.1747873,-1.8047873,0.2752127,-1.1247873
3.2852128,3.4352126,3.4152126,3.4352126,3.5452127,2.8552127,2.4652128,3.1652126,2.6752126,3.1652126,3.4452126,2.5652127,3.2352128,4.5652127,4.2252126,4.445213,3.2052126,1.5352128,2.9152126,2.2552128,-0.7047873,0.6552127,2.2852128,2.5752127,2.6652126,2.0152128,3.6852126,3.1552126,5.0852127,2.9652128,3.2352128,2.7652128,3.7352128,-0.014787292,-1.8247873,-1.4847873,-1.7347873,-0.36478728,-1.2547873,1.1252127,-1.1647873
3.8352127,3.3152127,3.1052127,3.1552126,3.3452127,2.4252126,3.0752127,2.4152126,2.2552128,0.3352127,2.0952127,4.2652125,4.2452126,3.8652127,3.6752126,1.7252127,1.9352127,2.4152126,3.2252128,1.5752127,1.4252127,2.2152128,2.2652128,2.0352128,2.9752128,2.1952126,4.345213,4.2852125,5.3052125,0.74521273,0.6252127,4.655213,2.0052128,-0.8647873,-0.6647873,0.23521271,-1.2947873,-1.0747873,-0.30478728,-0.8847873,-0.6847873
4.3152127,4.695213,3.4952128,3.2152128,2.8652127,2.2952127,2.7352128,1.2752128,0.5252127,0.6352127,0.9552127,4.4152126,4.4952126,3.5452127,3.5352128,3.0952127,2.4152126,2.0352128,3.3752127,3.1252127,2.7152128,1.5152127,2.0852127,1.8552127,3.8552127,3.3352127,0.7252127,1.4152128,2.1852126,0.6952127,0.5052127,-1.0147873,0.6252127,-1.1247873,-0.6047873,-2.4147873,-2.1647873,-2.0047872,-2.5047872,-1.2147872,-0.9947873
5.355212,5.025213,4.965213,5.125212,3.3052127,4.0152125,3.8752127,3.5352128,2.7552128,0.8452127,0.9252127,3.1452127,4.3952127,3.0352128,2.3852127,2.8752127,3.5152128,3.2752128,3.0052128,3.8352127,3.3952127,3.7052126,2.8352127,2.5152128,2.1252127,1.4552127,1.0552127,1.6652128,2.1652126,1.6852127,-0.034787294,-0.12478729,-0.5747873,-1.9747872,-1.4747872,-2.1747873,-2.1847873,-2.0447874,-1.1347873,-0.56478727,-1.3447872
4.405213,5.4052124,5.4852123,5.4352126,4.885213,5.0652127,6.3452125,4.365213,4.7452126,2.5052128,0.7852127,3.3952127,3.1752126,2.7752128,3.7552128,3.0752127,3.3952127,3.3852127,3.4252126,3.1852126,3.9852128,4.0452127,3.2252128,2.4052126,2.2852128,1.7852128,1.8952127,2.4752128,2.6352127,1.6152127,-1.4447873,-2.5347872,-2.8847873,-1.8847873,-1.7747873,-1.7047873,-1.5647873,-0.6647873,-0.4347873,0.5252127,-1.1047873
