wind_kz.json
{"header": {"discipline":0,"disciplineName":"Meteorological products","gribEdition":2,"gribLength":1102,"center":7,"centerName":"US National Weather Service - NCEP(WMC)","subcenter":0,"refTime":"2023-08-18T00:00:00.000Z","significanceOfRT":1,"significanceOfRTName":"Start of forecast","productStatus":0,"productStatusName":"Operational products","productType":1,"productTypeName":"Forecast products","productDefinitionTemplate":0,"productDefinitionTemplateName":"Analysis/forecast at horizontal level/layer at a point in time","parameterCategory":2,"parameterCategoryName":"UnknownDiscipline_0_Category_2","parameterNumber":2,"parameterNumberName":"UnknownParameter_D0_C2_2","parameterUnit":"Unknown","genProcessType":2,"genProcessTypeName":"Forecast","forecastTime":60,"surface1Type":103,"surface1TypeName":"Specified height level above ground","surface1Value":10.0,"surface2Type":255,"surface2TypeName":"Missing","surface2Value":0.0,"gridDefinitionTemplate":0,"gridDefinitionTemplateName":"Latitude_Longitude","numberPoints":615,"shape":6,"shapeName":"Earth spherical with radius of 6,371,229.0 m","gridUnits":"degrees","resolution":48,"winds":"true","scanMode":64,"nx":41,"ny":15,"basicAngle":0,"lo1":47.0,"la1":41.0,"lo2":87.0,"la2":55.0,"dx":1.0,"dy":1.0}, "data":
[rows 0 to 14 of 15, columns 0 to 40 of 41]
-0.71976256,0.10023743,-2.2697625,0.6102374,3.6402373,5.9602375,8.410237,10.240237,7.2302375,4.1902375,5.3702374,7.0002375,6.9202375,7.2702374,4.7102375,4.0602374,5.3002377,-1.1797626,0.7402374,-1.5897626,-1.4997625,1.3402374,2.6602373,4.9402375,2.9702375,2.7202375,4.1802373,3.6602373,0.39023742,3.6002374,0.33023742,2.1902375,0.37023744,1.6002374,3.9602375,-0.37976256,0.6102374,-2.4897625,0.38023743,0.52023745,-0.53976256
-1.8197626,-3.3997626,-0.6897626,2.4902375,5.6102376,8.540237,8.490237,2.1602373,4.2102375,3.6902375,3.0402374,7.740237,5.4702373,5.5602374,4.5502377,-0.7697626,6.9002376,-3.2297626,-0.85976255,0.38023743,-0.83976257,0.13023743,0.91023743,2.9702375,3.5302374,-0.71976256,0.72023743,3.7402375,2.2602375,0.76023746,-0.20976257,-1.9597626,-2.3797626,-1.0097625,0.90023744,2.6602373,1.7602375,0.44023743,1.6602374,1.6402375,-1.0097625
-5.0497627,-3.0397625,2.1102374,5.0502377,7.6402373,10.350237,0.76023746,-1.0597626,-0.54976255,0.8002374,1.9302374,0.45023742,0.5502374,6.030237,3.8902373,-1.2697625,0.8202374,2.7102375,-1.0897626,1.1702374,0.34023744,2.6302373,-1.4697626,-4.7297626,-0.089762576,-1.2897626,0.40023744,1.9902375,0.17023742,-1.5097625,0.120237425,-0.6897626,0.05023743,-1.6797626,5.8702374,-1.4097626,0.4302374,1.8102374,3.5702374,5.9402375,-1.9797626
-6.5197625,-1.8797625,1.4302374,4.0402374,3.3102374,-1.7797626,-0.33976257,-2.4697626,-1.9397626,-0.18976258,0.040237427,-1.6397625,-0.3197626,2.5802374,6.7702374,-7.219763,-2.0897627,-2.3597627,-1.8597625,0.59023744,-3.0297625,-3.9697626,-0.97976255,1.0502374,-4.2797627,-2.0697625,-1.2097626,-5.0397625,-3.9497626,-2.2697625,0.34023744,1.5602374,7.8102374,6.1202374,5.4202375,4.8102374,2.1102374,2.9302375,-2.3397627,-2.4897625,-2.5797625
-5.5297627,-3.7897625,-3.2597625,-1.3597625,0.26023743,0.07023743,-0.16976257,-2.8897626,-2.2897625,-1.5497626,0.05023743,-6.6397624,-0.9597626,-3.6697626,-4.3097625,-5.469763,0.30023742,-1.7997626,-0.6497626,0.34023744,0.65023744,-0.30976257,-2.0697625,-0.96976256,-1.1497626,-1.2097626,-6.3297625,1.6602374,-3.9697626,-2.9497626,-3.4297626,-2.0597625,-0.03976257,1.9202374,-3.4797626,-2.3597627,1.6302375,-2.4397626,-1.9597626,-1.5397626,0.060237426
-3.0397625,-0.48976257,-2.4997625,-2.1297626,2.3402374,3.6002374,4.6402373,-2.1797626,-2.4497626,-2.1997626,-5.2497625,-5.6697626,-1.9897625,-1.8597625,-3.3097625,-2.2597625,-3.4197626,-2.0897627,-3.4097626,-1.8897625,-1.3797625,-1.1597626,-0.24976258,-0.5597626,-1.7397625,-0.79976255,-3.0597625,-3.1097627,-0.6897626,-0.98976254,-0.8097626,-1.8997626,0.76023746,0.38023743,2.6202374,2.0302374,3.4902375,2.5602374,-1.0697626,0.47023743,1.5402374
-0.78976256,-1.5697626,-0.45976257,-2.9397626,-0.32976258,-2.4697626,-1.7897626,-1.8297626,-1.3197626,-1.2897626,-2.3697627,-1.4497626,-6.2697625,2.3742676E-4,1.5702374,-1.0397626,-1.4497626,-0.6297626,1.9302374,2.1902375,1.5202374,0.42023742,0.59023744,1.3102374,2.2702374,2.3602374,3.8302374,1.2002374,2.8402374,3.8602374,0.07023743,0.18023743,0.65023744,1.6902374,3.9602375,3.1702375,2.8502374,-0.65976256,6.1902375,-0.7097626,-1.3797625
-0.72976255,1.6002374,2.1302373,1.8002374,0.39023742,0.77023745,-0.099762574,0.020237427,-0.85976255,2.6902375,0.71023744,-2.9797626,-0.65976256,-0.029762574,0.25023744,0.27023742,1.4802375,2.8002374,3.2002375,3.7102375,5.9002376,0.77023745,2.3102374,3.7902374,2.1502373,0.23023742,1.5802374,1.8402374,2.7402375,1.7302375,3.0902374,1.1902374,1.9702374,-2.7297626,0.9402374,-2.6197627,-0.15976258,4.1602373,5.990237,5.490237,4.5502377
2.3602374,0.8102374,0.9302374,1.7502375,0.91023743,2.3902373,1.9702374,1.1602374,0.030237427,1.1102375,3.2802374,-2.5697625,0.30023742,1.9902375,2.9002373,0.9902374,3.4302375,2.9302375,0.71023744,1.0202374,1.6102375,2.1502373,0.13023743,1.9802375,0.07023743,0.28023744,2.5902374,2.1402373,2.6902375,1.6402375,1.5802374,1.2702374,-0.33976257,-0.18976258,0.31023744,1.1102375,1.8102374,-0.65976256,-0.06976257,0.44023743,1.4502374
0.53023744,-0.6997626,-0.7497626,-0.7497626,-1.2097626,0.41023743,1.2602375,2.0902374,3.3702374,4.030237,4.8002377,6.3602376,3.0702374,3.4402375,2.7902374,1.2402375,0.77023745,2.1202374,0.18023743,-0.11976257,1.4402374,2.3202374,2.3902373,1.2002374,3.0202374,2.8702374,4.3002377,3.7902374,3.5002375,2.8202374,0.4902374,0.8802374,0.7402374,2.4402375,1.3602375,-1.4697626,1.3002374,0.70023745,1.7802374,0.58023745,1.1702374
-0.24976258,0.15023743,0.07023743,-0.019762574,0.26023743,-0.049762573,0.6102374,2.0502374,1.5302374,3.6402373,5.490237,6.6202374,1.4402374,3.6302373,-4.5497627,-2.8697627,-0.73976254,-2.3197625,-0.32976258,-2.2797625,1.4202374,0.96023744,2.7902374,2.5302374,4.2902374,2.5002375,4.0502377,-3.0397625,-1.5797626,15.340237,-2.1797626,2.0702374,2.1002374,3.7302375,1.9002374,-1.1997626,1.5502374,0.51023746,0.28023744,1.3802375,1.0902374
0.29023743,-1.5697626,0.5502374,-0.6497626,-0.54976255,-1.3997626,0.020237427,0.5702374,0.020237427,1.6402375,4.0502377,-5.4297624,-5.0397625,-4.2797627,-2.6397626,-3.2397625,-2.9597626,-2.4897625,-2.0497625,-0.7597626,1.5502374,-0.42976257,-0.6497626,-1.5097625,-4.0397625,-1.1697626,-1.6797626,0.8802374,0.77023745,-0.96976256,0.97023743,0.89023745,1.0802374,1.3002374,2.1902375,1.0302374,2.0402374,3.6602373,2.6802375,-0.22976257,0.5502374
0.7502374,0.6702374,-1.0097625,-0.85976255,-0.2897626,-0.40976256,0.27023742,0.6002374,-0.12976258,0.44023743,-1.0197625,-2.3497627,-2.9097626,-3.0697625,-1.7897626,-2.0197625,-1.4597626,-1.7097626,-1.1197625,-2.2097626,-0.7097626,-0.8097626,-1.7597625,-0.6997626,-0.46976256,-0.9497626,-0.60976255,1.3502374,2.6302373,0.5502374,1.5302374,0.89023745,1.0602374,1.4802375,3.0302374,2.4502375,3.0102375,1.6802374,3.0702374,1.3902375,1.5902374
1.5102375,-0.24976258,2.7602375,0.53023744,0.71023744,-0.42976257,-0.9297626,0.64023745,0.84023744,1.2202374,-0.35976258,0.11023743,-2.1397626,-1.7497625,-0.41976258,-0.2597626,1.2902374,0.07023743,0.34023744,0.34023744,-0.47976258,-0.27976257,-0.6297626,0.15023743,0.7502374,0.5602374,-0.2597626,-0.03976257,-0.22976257,0.9802374,1.7202374,1.0702374,2.4002373,2.5302374,2.8602374,3.0702374,0.9302374,0.18023743,0.71023744,-0.41976258,-1.7597625
1.6802374,1.5202374,-1.4697626,2.2302375,2.0902374,-1.0997626,0.0102374265,1.0102375,1.6502374,1.1502374,0.36023742,-1.9597626,0.22023743,-0.38976258,-0.36976257,-1.0697626,-1.0697626,-1.0797626,-1.1497626,-1.7997626,-1.2797626,-1.3097626,-0.9597626,-1.0597626,-0.5197626,-0.32976258,-0.9597626,0.36023742,-0.26976258,0.45023742,0.9902374,1.8202374,2.1002374,3.4802375,4.8302374,3.0202374,0.5702374,-0.6797626,-0.34976256,0.21023743,-0.5097626
