wind_kz.json
{"header": {"discipline":0,"disciplineName":"Meteorological products","gribEdition":2,"gribLength":871,"center":7,"centerName":"US National Weather Service - NCEP(WMC)","subcenter":0,"refTime":"2024-01-31T00:00:00.000Z","significanceOfRT":1,"significanceOfRTName":"Start of forecast","productStatus":0,"productStatusName":"Operational products","productType":1,"productTypeName":"Forecast products","productDefinitionTemplate":0,"productDefinitionTemplateName":"Analysis/forecast at horizontal level/layer at a point in time","parameterCategory":0,"parameterCategoryName":"UnknownDiscipline_0_Category_0","parameterNumber":0,"parameterNumberName":"UnknownParameter_D0_C0_0","parameterUnit":"Unknown","genProcessType":2,"genProcessTypeName":"Forecast","forecastTime":0,"surface1Type":1,"surface1TypeName":"Ground or water surface","surface1Value":0.0,"surface2Type":255,"surface2TypeName":"Missing","surface2Value":0.0,"gridDefinitionTemplate":0,"gridDefinitionTemplateName":"Latitude_Longitude","numberPoints":615,"shape":6,"shapeName":"Earth spherical with radius of 6,371,229.0 m","gridUnits":"degrees","resolution":48,"winds":"true","scanMode":64,"nx":41,"ny":15,"basicAngle":0,"lo1":47.0,"la1":41.0,"lo2":87.0,"la2":55.0,"dx":1.0,"dy":1.0}, "data":
[rows 0 to 14 of 15, columns 0 to 40 of 41]
274.7,261.10004,270.00003,280.2,280.50003,282.10004,274.30002,271.90002,269.80002,271.80002,270.40002,271.80002,269.00003,270.80002,271.30002,270.60004,272.00003,271.50003,272.30002,271.90002,273.2,274.2,273.7,271.7,271.30002,275.7,271.60004,256.60004,253.90002,253.70003,258.80002,259.60004,265.60004,269.7,269.7,269.7,269.2,267.60004,267.30002,266.00003,267.60004
247.00003,268.00003,279.90002,279.90002,280.40002,281.00003,266.80002,265.80002,267.00003,267.90002,268.30002,266.80002,266.90002,268.2,268.80002,269.00003,271.60004,272.40002,271.00003,272.2,272.2,272.50003,270.7,265.10004,247.20003,256.80002,262.7,256.50003,254.40002,249.50003,258.10004,250.20003,259.90002,249.60002,257.2,264.30002,265.60004,264.80002,264.00003,260.80002,264.00003
269.00003,278.50003,280.40002,280.40002,280.40002,266.10004,264.7,265.7,267.10004,267.50003,267.40002,267.60004,268.10004,268.00003,267.80002,267.90002,268.40002,268.30002,268.60004,267.90002,269.90002,270.2,270.60004,266.60004,266.40002,269.00003,271.50003,270.80002,269.2,257.90002,251.90002,255.80002,260.2,256.90002,260.2,261.2,251.10002,250.70003,250.20003,252.20003,253.80002
267.10004,276.10004,278.30002,279.40002,277.00003,266.30002,268.80002,266.80002,266.80002,266.60004,267.7,267.90002,281.2,281.80002,270.00003,270.00003,268.30002,267.00003,265.80002,265.60004,264.80002,262.40002,266.80002,267.10004,267.80002,268.90002,272.50003,270.7,269.7,270.40002,270.00003,266.30002,270.80002,268.50003,266.80002,265.40002,253.80002,248.80002,258.80002,256.50003,255.00003
269.40002,270.60004,268.40002,268.00003,268.10004,269.2,270.00003,268.7,268.2,267.50003,266.7,267.30002,279.10004,279.00003,278.2,266.7,266.30002,265.90002,265.40002,263.40002,263.50003,265.60004,266.00003,266.30002,267.7,269.30002,271.00003,270.60004,270.2,270.30002,269.60004,269.30002,258.40002,249.80002,259.80002,256.2,256.7,249.80002,250.40002,252.50003,256.10004
269.30002,269.10004,269.00003,269.00003,268.80002,268.80002,269.50003,271.10004,269.60004,268.00003,267.30002,267.40002,277.10004,279.10004,266.60004,265.80002,266.00003,264.50003,262.7,262.60004,262.10004,265.2,266.00003,266.00003,267.80002,269.40002,266.7,266.50003,264.80002,267.00003,265.2,268.40002,268.00003,268.7,264.90002,261.60004,259.10004,258.2,253.00003,251.70003,253.50003
269.50003,269.40002,269.80002,270.10004,269.80002,270.10004,269.40002,268.50003,267.90002,267.90002,267.60004,266.60004,266.10004,265.50003,265.60004,265.50003,264.10004,262.40002,257.40002,259.90002,259.40002,264.40002,266.30002,266.60004,265.90002,266.50003,264.40002,263.50003,259.7,261.60004,259.50003,259.30002,258.7,264.7,264.30002,261.50003,259.90002,257.90002,256.00003,254.40002,251.60002
268.2,268.00003,268.30002,268.80002,269.30002,269.40002,269.50003,269.10004,268.2,267.7,267.00003,266.30002,265.90002,265.10004,265.50003,264.50003,262.30002,259.80002,253.20003,258.80002,260.80002,263.30002,264.2,266.90002,266.2,263.60004,261.7,254.40002,253.20003,253.10002,250.00003,253.50003,254.80002,257.50003,261.90002,252.80002,252.90002,254.60002,252.00003,255.40002,256.00003
268.7,270.40002,266.10004,265.80002,266.7,266.90002,267.60004,267.2,266.90002,266.80002,266.80002,265.7,264.60004,265.2,263.50003,262.90002,260.50003,256.80002,252.70003,253.70003,263.00003,262.30002,263.40002,262.90002,262.80002,263.80002,256.30002,257.00003,252.70003,252.90002,251.50003,256.80002,261.90002,261.90002,259.30002,255.40002,254.80002,253.40002,256.7,253.50003,251.40002
271.80002,269.00003,268.80002,271.50003,270.90002,265.30002,264.2,263.2,264.00003,264.7,264.10004,264.90002,264.80002,264.30002,261.50003,259.40002,258.10004,252.80002,248.20003,247.90002,260.00003,263.60004,262.80002,263.60004,264.00003,262.80002,261.50003,259.30002,254.80002,253.40002,258.7,261.80002,262.30002,261.50003,258.7,256.60004,259.30002,257.80002,256.30002,257.7,250.70003
266.80002,266.2,266.60004,267.80002,268.40002,263.50003,266.80002,263.2,259.30002,261.40002,263.7,263.7,264.90002,262.80002,260.50003,258.90002,257.00003,254.10002,246.60002,248.20003,250.30002,260.40002,261.7,262.50003,262.60004,262.90002,261.10004,261.00003,260.7,259.10004,260.80002,260.80002,261.40002,262.00003,261.30002,259.10004,259.00003,257.80002,254.90002,256.7,253.60002
262.50003,262.30002,264.60004,266.50003,267.50003,268.90002,269.2,268.40002,266.00003,261.00003,261.60004,263.2,262.50003,260.60004,260.00003,257.40002,256.40002,256.10004,248.70003,247.70003,250.30002,246.90002,253.80002,254.80002,259.80002,258.60004,257.80002,256.00003,257.7,256.90002,255.70003,256.60004,258.40002,257.00003,257.60004,253.60002,254.50003,256.30002,258.40002,255.90002,254.90002
265.7,259.10004,265.50003,265.7,270.7,270.7,270.10004,269.00003,267.40002,265.2,256.40002,261.30002,262.80002,259.30002,260.50003,258.2,257.60004,255.00003,249.00003,249.10002,250.20003,250.50003,250.60002,251.80002,254.40002,253.30002,255.80002,253.90002,255.40002,254.90002,252.80002,253.10002,250.80002,250.30002,250.60002,252.30002,248.70003,253.10002,253.70003,250.60002,248.30002
262.60004,262.10004,266.2,264.80002,270.50003,270.80002,270.40002,269.80002,270.00003,268.2,263.10004,257.40002,263.2,261.2,259.30002,258.40002,258.30002,257.10004,251.50003,251.70003,251.10002,251.00003,248.30002,247.60002,246.40002,248.00003,248.20003,248.60002,248.80002,248.90002,249.10002,250.00003,250.20003,251.30002,247.70003,250.40002,251.50003,250.00003,249.50003,253.30002,245.50003
261.30002,265.30002,265.40002,269.00003,270.80002,270.80002,270.60004,270.50003,270.50003,271.00003,265.60004,264.10004,263.50003,263.40002,260.7,258.30002,257.7,257.2,255.00003,252.60002,250.60002,249.00003,247.40002,247.30002,248.20003,247.50003,247.90002,247.30002,250.50003,250.80002,250.20003,251.70003,252.30002,253.30002,253.70003,251.90002,253.80002,251.00003,247.10002,246.10002,247.10002
