wind_kz.json
{"header": {"discipline":0,"disciplineName":"Meteorological products","gribEdition":2,"gribLength":871,"center":7,"centerName":"US National Weather Service - NCEP(WMC)","subcenter":0,"refTime":"2024-04-08T00:00:00.000Z","significanceOfRT":1,"significanceOfRTName":"Start of forecast","productStatus":0,"productStatusName":"Operational products","productType":1,"productTypeName":"Forecast products","productDefinitionTemplate":0,"productDefinitionTemplateName":"Analysis/forecast at horizontal level/layer at a point in time","parameterCategory":0,"parameterCategoryName":"UnknownDiscipline_0_Category_0","parameterNumber":0,"parameterNumberName":"UnknownParameter_D0_C0_0","parameterUnit":"Unknown","genProcessType":2,"genProcessTypeName":"Forecast","forecastTime":0,"surface1Type":1,"surface1TypeName":"Ground or water surface","surface1Value":0.0,"surface2Type":255,"surface2TypeName":"Missing","surface2Value":0.0,"gridDefinitionTemplate":0,"gridDefinitionTemplateName":"Latitude_Longitude","numberPoints":615,"shape":6,"shapeName":"Earth spherical with radius of 6,371,229.0 m","gridUnits":"degrees","resolution":48,"winds":"true","scanMode":64,"nx":41,"ny":15,"basicAngle":0,"lo1":47.0,"la1":41.0,"lo2":87.0,"la2":55.0,"dx":1.0,"dy":1.0}, "data":
[rows 0 to 14 of 15, columns 0 to 40 of 41]
284.4981,275.3981,279.4981,281.3981,282.2981,283.3981,284.8981,286.4981,286.09808,287.2981,286.7981,288.59808,288.1981,288.3981,288.59808,287.9981,288.2981,286.3981,287.7981,285.09808,285.7981,284.09808,283.2981,279.3981,281.9981,283.3981,278.4981,260.3981,260.4981,262.9981,257.59808,261.3981,272.6981,278.7981,280.7981,280.9981,281.4981,282.6981,283.4981,283.9981,283.3981
262.59808,279.09808,281.6981,281.8981,282.09808,282.59808,286.1981,284.7981,286.4981,285.1981,285.8981,286.6981,286.9981,287.6981,287.9981,288.2981,288.3981,287.4981,286.2981,286.7981,285.7981,283.1981,280.09808,269.1981,253.4981,258.4981,272.7981,259.8981,268.7981,253.69809,263.6981,250.0981,264.1981,243.19809,254.0981,277.2981,276.7981,279.6981,282.7981,278.9981,278.9981
280.2981,281.09808,281.2981,281.6981,281.7981,283.9981,284.4981,283.8981,283.59808,285.4981,285.2981,287.1981,288.6981,288.9981,288.1981,288.4981,287.6981,286.9981,286.9981,287.1981,286.59808,284.7981,282.59808,276.9981,279.8981,277.6981,279.1981,280.2981,278.7981,269.9981,257.6981,261.8981,269.3981,270.1981,272.4981,271.8981,262.09808,272.1981,270.9981,265.09808,264.1981
280.2981,281.7981,281.09808,281.2981,281.3981,280.7981,281.6981,280.9981,282.1981,282.4981,283.59808,284.6981,284.8981,285.59808,287.59808,288.1981,288.4981,288.6981,288.3981,287.2981,285.2981,280.2981,283.1981,282.8981,283.3981,284.09808,283.59808,280.3981,279.3981,280.3981,281.1981,277.8981,280.3981,280.8981,280.09808,276.3981,269.8981,259.4981,270.7981,277.7981,281.7981
280.6981,282.09808,280.9981,281.59808,281.1981,280.3981,281.09808,280.9981,280.8981,281.3981,281.2981,281.4981,283.7981,283.6981,282.2981,285.3981,286.7981,286.59808,288.09808,286.4981,286.2981,285.7981,285.1981,285.2981,284.1981,283.4981,281.8981,280.3981,283.2981,283.3981,284.4981,280.9981,270.59808,251.9981,272.2981,280.6981,280.09808,284.8981,285.3981,284.7981,283.4981
282.6981,281.4981,281.7981,280.59808,279.2981,279.9981,280.1981,281.2981,280.09808,280.2981,281.09808,281.59808,282.59808,282.8981,276.59808,283.09808,285.1981,285.8981,287.2981,287.6981,286.59808,286.2981,286.4981,284.4981,284.59808,282.2981,282.2981,271.7981,281.8981,282.3981,283.2981,282.6981,280.3981,279.6981,278.3981,278.2981,271.7981,272.4981,280.7981,282.2981,282.2981
280.4981,280.2981,281.59808,281.2981,279.7981,279.7981,280.09808,280.3981,280.59808,280.6981,279.59808,279.59808,279.7981,279.7981,280.2981,281.2981,282.3981,283.6981,283.9981,286.09808,285.3981,286.7981,285.59808,284.4981,282.8981,281.7981,280.8981,281.1981,279.09808,280.09808,280.09808,280.09808,280.9981,280.09808,278.9981,277.2981,274.59808,271.9981,267.8981,268.6981,280.8981
280.1981,279.09808,279.8981,279.9981,279.3981,279.1981,279.09808,277.8981,277.4981,278.3981,277.8981,278.4981,279.1981,279.1981,279.2981,280.1981,281.2981,282.4981,283.8981,283.2981,282.9981,283.7981,283.7981,282.6981,281.4981,277.59808,277.8981,277.7981,275.9981,277.59808,277.9981,279.1981,279.1981,274.1981,274.6981,274.6981,276.9981,271.9981,277.8981,277.8981,275.2981
278.3981,277.2981,278.59808,278.2981,277.8981,277.9981,278.1981,279.59808,278.9981,276.3981,276.4981,277.59808,279.2981,278.9981,277.8981,278.6981,278.9981,281.59808,282.6981,281.59808,277.8981,280.3981,281.6981,281.9981,280.09808,279.09808,275.4981,273.8981,276.09808,274.1981,274.59808,275.4981,277.2981,276.1981,274.4981,272.3981,271.59808,271.59808,260.59808,265.2981,261.2981
277.09808,277.09808,276.8981,276.7981,277.59808,276.9981,276.1981,276.6981,276.9981,278.9981,278.3981,277.9981,279.2981,278.59808,278.2981,277.2981,277.9981,278.4981,278.7981,278.7981,278.59808,278.59808,279.09808,280.1981,280.6981,277.3981,276.9981,276.2981,275.9981,275.8981,275.59808,276.1981,276.4981,275.8981,274.6981,275.4981,271.7981,269.2981,265.8981,266.7981,269.4981
277.1981,276.8981,276.2981,277.2981,276.6981,275.9981,276.3981,276.9981,278.59808,277.6981,278.6981,276.4981,276.2981,275.8981,276.9981,277.3981,276.6981,277.3981,277.59808,274.7981,276.09808,278.7981,277.6981,278.1981,278.2981,277.3981,273.9981,276.8981,275.59808,275.8981,276.09808,276.7981,276.6981,275.6981,275.1981,278.3981,271.09808,269.1981,272.6981,272.7981,268.1981
275.8981,277.3981,276.3981,275.09808,275.8981,276.59808,275.1981,275.9981,276.7981,276.59808,273.7981,275.3981,275.2981,276.09808,276.6981,276.2981,277.2981,278.1981,277.3981,276.59808,275.09808,273.6981,274.2981,274.2981,276.2981,275.6981,275.59808,275.59808,274.9981,275.09808,273.4981,273.1981,274.1981,277.9981,277.3981,275.59808,277.59808,277.9981,277.9981,279.4981,277.59808
275.2981,277.8981,277.8981,277.2981,275.8981,275.8981,276.6981,273.59808,273.1981,274.1981,274.09808,273.6981,275.09808,275.1981,276.3981,276.3981,277.59808,276.2981,276.2981,274.8981,273.2981,273.3981,275.09808,275.3981,275.4981,273.8981,274.1981,274.09808,273.6981,273.2981,273.6981,273.4981,274.4981,274.9981,274.7981,274.59808,275.3981,275.6981,275.1981,275.3981,273.3981
278.1981,275.2981,274.9981,276.3981,275.2981,272.59808,274.6981,274.09808,276.09808,274.8981,274.1981,273.6981,273.1981,273.6981,274.2981,274.8981,275.2981,275.6981,275.4981,270.9981,273.8981,274.09808,274.8981,274.59808,273.9981,272.6981,272.2981,272.8981,272.59808,272.2981,272.6981,274.09808,272.9981,272.6981,271.9981,271.09808,271.09808,269.3981,268.7981,267.7981,272.3981
276.9981,277.59808,270.4981,275.4981,273.8981,273.6981,274.2981,274.7981,275.1981,274.7981,274.7981,274.2981,274.7981,273.6981,273.6981,274.3981,274.3981,274.3981,274.2981,273.59808,271.2981,271.7981,272.59808,272.09808,271.59808,271.3981,270.8981,270.9981,270.59808,270.2981,269.2981,267.09808,266.2981,265.3981,266.3981,268.09808,267.3981,265.4981,268.9981,268.09808,267.8981
