wind_kz.json
{"header": {"discipline":0,"disciplineName":"Meteorological products","gribEdition":2,"gribLength":1025,"center":7,"centerName":"US National Weather Service - NCEP(WMC)","subcenter":0,"refTime":"2023-08-07T06:00:00.000Z","significanceOfRT":1,"significanceOfRTName":"Start of forecast","productStatus":0,"productStatusName":"Operational products","productType":1,"productTypeName":"Forecast products","productDefinitionTemplate":0,"productDefinitionTemplateName":"Analysis/forecast at horizontal level/layer at a point in time","parameterCategory":2,"parameterCategoryName":"UnknownDiscipline_0_Category_2","parameterNumber":3,"parameterNumberName":"UnknownParameter_D0_C2_3","parameterUnit":"Unknown","genProcessType":2,"genProcessTypeName":"Forecast","forecastTime":300,"surface1Type":103,"surface1TypeName":"Specified height level above ground","surface1Value":10.0,"surface2Type":255,"surface2TypeName":"Missing","surface2Value":0.0,"gridDefinitionTemplate":0,"gridDefinitionTemplateName":"Latitude_Longitude","numberPoints":615,"shape":6,"shapeName":"Earth spherical with radius of 6,371,229.0 m","gridUnits":"degrees","resolution":48,"winds":"true","scanMode":64,"nx":41,"ny":15,"basicAngle":0,"lo1":47.0,"la1":41.0,"lo2":87.0,"la2":55.0,"dx":1.0,"dy":1.0}, "data":
[rows 0 to 14 of 15, columns 0 to 40 of 41]
4.287463,-3.1925366,0.67746335,-4.3825364,-3.4825366,-2.3125367,-2.4625366,-0.3925366,-2.6525366,-2.7825365,-3.2825365,-4.8225365,-6.1225367,-7.6125364,-8.412537,-8.612536,-5.0425367,-3.7125366,-5.0325365,-3.5825367,-3.7525365,-4.4025364,-3.7525365,-0.13253662,-2.3725367,0.25746337,-0.76253664,1.0874634,-1.2525367,1.4074634,-0.29253662,-0.37253663,0.25746337,-3.0825367,-3.7825365,-2.9725366,0.8074634,-0.15253662,-1.5125366,5.4674635,4.2974634
2.0074635,1.3674634,-1.5625366,-3.5825367,-0.08253662,-2.3125367,0.007463379,-0.04253662,-0.7925366,-0.9125366,-0.7825366,-2.3825366,-3.4525366,-4.712537,-7.6125364,-6.9925365,-5.0625367,-5.8625364,-6.7925367,-5.8325367,-4.7825365,-3.9825366,-0.15253662,-0.38253662,-1.4025366,-2.9725366,-4.6225367,-0.63253665,-0.5625366,-0.9425366,1.6274633,0.7774634,-0.8525366,-0.5625366,-2.1425366,-4.1225367,-2.8925366,-4.3525367,0.13746338,-2.9525366,1.0774634
1.9674634,1.9274634,-0.90253663,-4.0625367,-4.922537,-3.9125366,0.91746336,3.2574635,2.9674635,1.6374633,0.6874634,-0.22253662,-2.9825366,-3.6625366,-4.8525367,-4.8625364,-4.422537,-4.9325366,-5.502537,-5.8125367,-6.7225366,-3.1925366,-1.6125367,-1.6625366,0.9074634,2.2674634,0.73746336,0.36746338,-0.5525366,0.6274634,3.3274634,1.1674634,2.2874634,-1.5825366,0.007463379,4.287463,2.8774633,-0.09253662,0.60746336,0.98746336,-0.38253662
1.3274634,2.0674634,-0.77253664,-2.9425366,-4.7825365,-0.27253664,1.9274634,4.4174633,3.5874634,1.5974634,3.4574633,1.4874634,-3.0325365,-6.0425367,-5.7425365,-5.8625364,-5.6825366,-5.232537,-5.0125365,-4.5525365,-3.8725367,-2.4725366,-0.88253665,-2.7925367,-1.8625367,-1.5125366,-0.43253663,-2.6125367,-1.2025366,-2.6025367,-3.1725366,-3.8025367,-2.3925366,1.8874633,-0.3325366,-2.8425367,-0.3025366,2.6874633,3.0774634,2.2174635,2.6774633
0.8374634,1.9374634,0.5574634,-1.1625366,-2.6725366,-3.9025366,-4.2225366,1.4474634,2.6974633,0.8174634,4.6274633,4.0274634,0.53746337,-4.2025366,-6.1425366,-5.3525367,-6.0925364,-5.3325367,-5.3225365,-5.0425367,-1.2525367,-2.6625366,-2.7225366,-2.0625367,-1.2425367,-0.21253662,-0.9325366,-0.49253663,-1.5925366,-2.5025365,-3.8125367,-2.7925367,1.6074634,2.4774635,-1.2425367,-2.3725367,-4.4725366,-0.07253662,-1.1525366,-1.7725366,2.9374633
2.1874633,2.4674635,2.6174634,0.09746338,-2.6025367,-3.8525367,-3.7525365,-3.9625366,0.16746338,3.4074633,2.3774633,4.6774635,2.3974633,-0.51253664,-1.8625367,-4.2725368,-6.2925367,-7.2925367,-8.912537,-6.3025365,-3.1925366,-0.112536624,1.6774634,0.16746338,-1.8125366,-1.5725366,-0.7925366,-1.6325366,-0.9325366,-1.1825366,-2.1025367,-3.7025366,-4.252537,-3.2525365,2.2974634,-1.9425366,2.5574634,0.25746337,-4.2025366,-1.0925366,-2.0325365
0.2674634,4.1174636,2.9874635,1.3474634,-0.07253662,-1.1125367,-1.5325366,-1.8425366,-3.7325366,-3.7225366,-1.1325366,2.5274634,4.3374634,3.3074634,-0.12253662,-2.8825366,-4.942537,-7.0325365,-7.7025366,-7.3725367,-3.7425365,-3.5325365,2.5574634,4.7074633,3.5174634,3.3874633,2.4474633,2.8274634,2.0174634,1.2374634,0.007463379,-2.4925365,-4.6325364,-6.8325367,-2.0925367,-2.8525367,-5.3025365,-3.0025365,-1.6425366,-0.38253662,-3.5925367
0.3574634,-0.20253663,-2.8725367,-5.0125365,-3.8825366,-6.0225368,-3.3925366,-3.3525367,-3.7625365,-3.2925367,-2.9625366,-1.6325366,0.067463376,3.3074634,2.3674634,-0.5925366,-3.4025366,-4.982537,-6.0325365,-5.8425364,-3.7125366,-4.2625365,-4.1525364,-4.1025367,-5.0425367,2.4874635,4.517463,3.9674635,2.0674634,0.97746336,-0.20253663,-1.5025367,-3.3225367,-4.1125364,-2.1825366,-1.2525367,-2.0725367,-1.6325366,1.4574634,0.28746337,-1.0825366
-5.3725367,-4.3125367,-4.502537,-8.352536,-5.232537,-5.7825365,-3.3525367,-2.8825366,-2.1325366,-1.2425367,-4.1625366,-3.1725366,-0.22253662,2.3374634,3.6574633,2.1374633,-1.4825367,-2.7425365,-4.002537,-5.0625367,-2.4325366,-4.1825366,-3.4725366,-2.9225366,-3.8225367,-3.2825365,-0.9425366,-0.37253663,2.6874633,0.8874634,0.4474634,-1.2525367,-2.2725365,-2.3025367,-1.8225366,-2.4025366,-3.6425366,-0.5325366,-2.0625367,-1.4625366,-1.3725367
-1.8025366,-2.0625367,-2.7825365,-3.3425367,-5.252537,-2.0425367,0.8074634,-2.0525367,-2.1825366,-2.8425367,-3.3725367,-1.7125366,-1.0825366,0.20746338,3.3774633,2.8274634,1.6574634,-1.2825366,-2.3625367,-2.6625366,-0.41253662,-1.4725366,-2.4325366,-2.8425367,-2.8725367,-1.9625366,-2.0825367,1.0974634,0.13746338,0.21746337,0.8274634,-1.6425366,-3.3425367,-0.34253663,-2.0925367,-1.3325366,0.8274634,-2.6225367,-1.5425366,0.14746338,0.25746337
-0.77253664,0.45746338,1.4374634,-0.5925366,-2.1525366,-2.1725366,-2.3725367,-2.9325366,-2.0225365,-2.2225366,-0.9225366,-0.8525366,-4.2625365,3.7474635,3.9674635,3.6674633,3.2174635,-0.10253662,-3.4425366,-1.9925367,-0.8025366,-1.9825367,-1.1825366,-2.3725367,-2.7225366,-1.3925366,0.067463376,1.1774634,1.0574634,2.3474634,0.8974634,-0.9725366,-2.3925366,0.20746338,-2.0325365,-2.7225366,-1.7425367,1.1474633,-0.26253662,-0.6725366,-0.58253664
-1.9425366,-2.7325366,-3.9625366,-5.2625365,-3.4425366,-3.4325366,-3.1825366,-4.0225368,-0.6625366,-0.9125366,-0.3025366,-1.9125366,-3.7525365,-3.2725365,0.34746337,2.6974633,4.4674635,3.2674634,-0.112536624,1.5974634,1.9374634,0.73746336,-0.31253663,-0.6625366,-1.5625366,-2.1525366,-2.7825365,3.2774634,2.3274634,0.09746338,1.2074634,1.5474634,-0.88253665,-2.5225365,-1.2325367,-0.17253663,0.07746338,1.4874634,2.0374634,1.8974633,1.3174634
-2.2125366,-1.9425366,-2.7625365,-2.1225367,-2.5625367,-2.2625365,-3.3025367,-2.0925367,-3.6325366,-2.3425367,-0.02253662,0.19746338,0.17746338,-0.21253662,-0.95253664,-1.2925366,-1.1225367,2.3874633,2.0674634,1.4574634,2.4574633,3.4774635,2.6474633,1.7574633,-0.6925366,0.8174634,-2.6225367,-2.2625365,0.49746338,2.3774633,0.6874634,1.5674634,0.8974634,-0.17253663,-0.6725366,-1.6725366,-2.6025367,-1.5225366,0.027463378,1.1374633,0.40746337
-2.3525367,-3.0725367,-3.7525365,-2.4125366,-1.4725366,-2.0925367,-1.8925366,-2.4425366,-1.1625366,-1.6525366,0.43746337,0.18746337,-0.19253662,-0.5625366,2.5774634,3.6574633,3.8874633,3.6574633,1.9074634,0.78746337,2.0374634,3.5674634,3.8274634,2.4874635,0.45746338,0.13746338,-1.2425367,-2.4025366,1.5574634,1.7374634,1.1874634,-0.3325366,0.45746338,-0.41253662,-1.3825366,-0.47253662,-1.8925366,-1.5925366,-1.0525366,0.30746338,1.1774634
-1.2825366,-1.9625366,-2.4925365,-2.6325366,-2.3525367,-1.6525366,-1.1725366,-2.0025365,-3.0425367,-1.3525367,-0.5925366,-0.7925366,1.4574634,-0.012536621,1.5174633,1.2074634,0.7474634,0.4474634,2.3874633,2.8174634,2.9574633,3.7774634,3.8874633,2.0474634,1.0374634,0.16746338,-0.58253664,-0.7425366,0.53746337,0.22746338,-0.3925366,-1.2525367,-1.7725366,-1.5225366,0.08746338,-0.96253663,-0.82253665,-0.7325366,-0.95253664,-0.76253664,1.0674634
