wind_kz.json
{"header": {"discipline":0,"disciplineName":"Meteorological products","gribEdition":2,"gribLength":1025,"center":7,"centerName":"US National Weather Service - NCEP(WMC)","subcenter":0,"refTime":"2023-10-04T00:00:00.000Z","significanceOfRT":1,"significanceOfRTName":"Start of forecast","productStatus":0,"productStatusName":"Operational products","productType":1,"productTypeName":"Forecast products","productDefinitionTemplate":0,"productDefinitionTemplateName":"Analysis/forecast at horizontal level/layer at a point in time","parameterCategory":2,"parameterCategoryName":"UnknownDiscipline_0_Category_2","parameterNumber":2,"parameterNumberName":"UnknownParameter_D0_C2_2","parameterUnit":"Unknown","genProcessType":2,"genProcessTypeName":"Forecast","forecastTime":120,"surface1Type":103,"surface1TypeName":"Specified height level above ground","surface1Value":10.0,"surface2Type":255,"surface2TypeName":"Missing","surface2Value":0.0,"gridDefinitionTemplate":0,"gridDefinitionTemplateName":"Latitude_Longitude","numberPoints":615,"shape":6,"shapeName":"Earth spherical with radius of 6,371,229.0 m","gridUnits":"degrees","resolution":48,"winds":"true","scanMode":64,"nx":41,"ny":15,"basicAngle":0,"lo1":47.0,"la1":41.0,"lo2":87.0,"la2":55.0,"dx":1.0,"dy":1.0}, "data":
[rows 0 to 14 of 15, columns 0 to 40 of 41]
0.25838134,-0.73161864,3.2083814,3.1483812,0.048381347,-2.0616186,-1.6316186,-3.4016187,-3.6216187,-2.7716186,-2.3516188,-2.4116187,-1.4016186,-0.8716186,-2.0116186,-2.8816187,-2.3316185,-1.8816186,-3.1016188,-1.2816186,1.6983813,1.6283814,0.21838135,0.13838135,0.48838136,-2.3716187,-2.1416187,0.23838134,-0.41161865,-0.17161866,-1.1416186,1.5783813,0.5583813,0.7383813,-3.2216187,-3.0216186,-3.0716186,-2.3416185,-1.3516186,-3.6916187,-2.3316185
3.6083813,2.7183814,2.4783814,-0.8716186,-3.6516187,-4.6316185,-2.3816187,-3.2616186,-2.8916187,-2.2416186,-1.6816187,-2.8016186,-2.4316187,-1.1916187,-0.13161865,-0.13161865,-1.2716186,-2.6316187,-1.0316186,-0.89161867,0.24838135,2.1483812,0.63838136,-1.0716187,0.21838135,0.58838135,0.028381348,1.4483813,-0.32161865,-0.84161866,0.50838137,-0.17161866,0.30838135,-3.0616186,0.008381348,-0.43161866,-0.83161867,-1.7016187,-1.7616186,-0.5016186,-2.2116187
2.1383812,4.9483814,-2.9716187,-6.8416185,-6.1916184,-4.6816187,-3.7016187,-1.8616186,-3.3916187,-1.8916186,-1.1116186,-0.64161867,-1.3816186,-2.0716186,-2.2216187,0.45838135,1.3083813,-0.011618652,1.0683813,0.09838135,1.1883813,2.6383812,-2.6716187,-0.35161865,0.8683813,-0.84161866,1.8483814,0.41838133,-0.96161866,0.31838134,-0.67161864,1.0083814,0.06838135,-1.0716187,-0.39161864,-0.7516186,-0.24161865,0.20838135,0.27838135,1.0783813,0.9283813
-0.66161865,-5.771619,-6.351619,-5.6616187,-5.1916184,-2.4516187,-1.7616186,-1.9516187,-1.4316187,-0.7616187,-0.35161865,0.41838133,0.52838135,-0.65161866,-0.78161865,-1.4216187,-1.9416187,1.1483814,0.42838135,0.64838135,1.0483813,0.75838137,-0.8716186,1.1683813,2.8383813,0.108381346,-2.0116186,-1.6916187,-2.4616187,1.3283813,-0.59161866,-2.0716186,-1.4116187,-2.3716187,-2.6916187,-1.7916187,-1.4716187,1.4583813,-0.09161865,0.5583813,1.4783814
-1.5716187,-3.5816185,-3.0016186,-0.64161867,-1.3916186,-2.0316186,-0.6316187,-0.23161866,-0.28161865,0.42838135,0.8083813,2.6183813,2.8483813,2.5183814,0.6883814,0.89838135,1.5283813,2.1183813,1.1483814,0.42838135,1.0883813,1.1483814,2.3783813,0.9983814,0.018381348,0.72838134,-2.6016188,-1.4016186,-2.2916186,-2.0216186,-2.6916187,-1.4616187,-2.0816185,-0.101618655,0.03838135,-0.38161865,-1.4516187,-1.7716186,-1.8816186,-1.5616187,-1.7816186
1.0783813,1.0583813,1.9283813,2.6183813,2.7583814,1.8583814,0.35838136,0.60838133,-0.5716187,0.7983813,1.7783813,1.6583813,3.2283814,3.6383812,1.9883814,1.6483814,2.2283814,2.3783813,2.3383813,1.0883813,1.6783813,1.7483814,-0.7516186,-0.61161864,-2.0516186,-2.2916186,0.32838136,-1.0016186,-1.5116186,-1.8416187,-2.6916187,-2.1516187,-1.7316186,-0.68161863,-0.20161866,-4.101619,0.52838135,-0.73161864,1.2783813,-1.7516186,-2.9016187
6.498381,4.418381,4.2383814,4.6283813,5.6283813,4.2783813,3.6283813,2.5483813,2.2183814,2.4683814,1.5783813,2.0183814,2.6583815,2.4683814,2.0283813,1.8783814,2.2483814,2.4983814,2.1383812,1.1883813,1.9583813,2.5783813,1.3583814,1.8783814,-0.71161866,-1.7416186,-0.18161865,-0.60161865,-1.1416186,-1.6916187,-0.61161864,0.57838136,-0.19161865,-2.5216186,-2.9616187,-1.8616186,-1.0716187,1.7683814,-1.3616186,0.48838136,0.108381346
7.6083813,6.8083816,6.7183814,6.6183815,6.4683814,5.7183814,5.4483814,4.5583816,5.2583814,4.1183815,3.6583815,4.5483813,3.1583815,3.9583814,2.9083815,2.3383813,2.1583815,1.9583813,1.7983813,1.3783814,2.1483812,1.8383813,2.3983812,0.51838136,1.3783814,-0.22161865,0.53838134,-0.08161865,0.81838137,0.11838135,1.1183814,1.5883813,-2.3216186,0.11838135,-1.5216186,-0.24161865,-2.0916185,-3.5016186,-2.9016187,-2.3316185,-2.1116188
7.5083814,5.458381,4.8483815,6.8183813,6.708381,6.5683813,6.9483814,6.898381,6.248381,5.898381,5.5083814,4.2383814,5.8683815,3.8583813,3.1283813,3.0383813,2.3183813,1.1483814,1.5783813,1.5383813,1.5683813,1.8983814,1.9683814,1.0783813,0.14838135,0.38838136,0.6783813,0.23838134,1.1983813,0.90838134,1.9083813,2.4883814,2.3683813,0.31838134,-0.46161866,-1.4316187,-0.66161865,-1.4216187,-0.85161865,0.21838135,-1.9316187
7.438381,6.668381,6.4883814,7.1083813,8.438381,9.018381,6.6383815,6.8383813,5.9683814,6.668381,6.248381,6.2183814,5.3483815,4.648381,4.6083813,4.018381,3.1783814,2.3883812,1.6983813,1.2183814,2.5883813,2.6583815,2.3583813,1.7583814,1.4283813,0.63838136,1.2983813,1.2983813,1.9283813,3.2483814,1.8383813,2.7783813,2.6183813,1.8283813,0.25838134,-0.79161865,-2.5416186,-0.97161865,-1.1816187,0.63838136,-0.79161865
-1.5216186,0.15838134,6.3883815,5.1983814,5.5083814,5.728381,6.8083816,7.9483814,6.188381,5.8183813,6.268381,6.6383815,5.4283814,5.898381,5.8183813,5.498381,4.3883815,4.248381,2.3983812,3.4983814,2.9183815,1.7183814,2.2083814,1.6883813,1.5283813,1.2483814,1.2183814,2.2583814,2.9083815,2.8983812,2.8083813,1.5883813,0.32838136,0.83838135,-0.66161865,-2.5816185,-1.8616186,-0.43161866,-0.98161864,0.9983814,-1.0216186
-1.4916186,-1.2516186,-1.8116187,-3.2016187,-0.14161865,3.9683814,5.4683814,7.3683815,6.0283813,5.9083815,5.7383814,6.6183815,5.6083813,5.6583815,6.7783813,6.1283813,6.2183814,4.8183813,3.5883813,3.8183813,3.2483814,3.0883813,2.4083815,2.1683815,1.6883813,2.0983813,1.0983814,2.2583814,2.8283813,1.7883813,0.6283814,1.6183814,1.1283814,-0.52161866,-0.22161865,-0.72161865,-1.9916186,0.22838135,0.06838135,-0.5716187,-0.66161865
0.028381348,-0.46161866,-0.101618655,-1.3916186,-0.97161865,0.48838136,-1.1616187,-2.7416186,5.3083816,2.9683814,2.4583814,4.8883815,3.9983814,5.4883814,5.7183814,5.728381,5.0983815,5.3783813,5.0483813,4.168381,3.8683813,3.5583813,3.1483812,1.6583813,2.0883813,2.0783813,2.2283814,1.4783814,1.4583813,1.3483814,1.2883813,0.65838134,1.1883813,0.6283814,0.89838135,0.39838135,0.52838135,-0.11161865,-2.0716186,-1.3516186,-1.1416186
2.2083814,2.1683815,1.3683814,1.5283813,0.96838135,1.5583813,1.6083814,-0.49161866,-0.68161863,-1.0316186,0.51838136,1.0083814,1.9383813,3.9083815,4.3883815,4.5783815,5.1783814,4.438381,2.7083814,5.8683815,4.0883813,4.438381,3.5283813,2.5083814,2.1783814,1.7683814,0.77838135,0.96838135,0.56838137,1.0883813,1.0783813,0.42838135,0.8683813,1.2483814,1.0183814,0.51838136,-0.7016187,-1.2616186,-1.5716187,-1.0316186,0.17838135
2.3383813,3.7883813,5.3483815,2.8383813,2.3983812,2.1883814,1.1283814,1.3583814,0.6783813,0.8683813,0.36838135,1.8283813,0.50838137,1.6683813,2.7883813,2.6483812,2.6783814,3.1683815,3.1283813,5.438381,5.168381,4.3583813,3.1783814,2.2883813,1.8883814,1.5183814,1.1583813,1.0383813,0.48838136,0.50838137,0.72838134,0.41838133,0.34838134,0.94838136,0.97838134,0.53838134,-1.0816187,-0.21161865,-0.23161866,-0.45161864,-1.5116186
