wind_kz.json
{"header": {"discipline":0,"disciplineName":"Meteorological products","gribEdition":2,"gribLength":1025,"center":7,"centerName":"US National Weather Service - NCEP(WMC)","subcenter":0,"refTime":"2023-09-23T06:00:00.000Z","significanceOfRT":1,"significanceOfRTName":"Start of forecast","productStatus":0,"productStatusName":"Operational products","productType":1,"productTypeName":"Forecast products","productDefinitionTemplate":0,"productDefinitionTemplateName":"Analysis/forecast at horizontal level/layer at a point in time","parameterCategory":2,"parameterCategoryName":"UnknownDiscipline_0_Category_2","parameterNumber":3,"parameterNumberName":"UnknownParameter_D0_C2_3","parameterUnit":"Unknown","genProcessType":2,"genProcessTypeName":"Forecast","forecastTime":240,"surface1Type":103,"surface1TypeName":"Specified height level above ground","surface1Value":10.0,"surface2Type":255,"surface2TypeName":"Missing","surface2Value":0.0,"gridDefinitionTemplate":0,"gridDefinitionTemplateName":"Latitude_Longitude","numberPoints":615,"shape":6,"shapeName":"Earth spherical with radius of 6,371,229.0 m","gridUnits":"degrees","resolution":48,"winds":"true","scanMode":64,"nx":41,"ny":15,"basicAngle":0,"lo1":47.0,"la1":41.0,"lo2":87.0,"la2":55.0,"dx":1.0,"dy":1.0}, "data":
[rows 0 to 14 of 15, columns 0 to 40 of 41]
-0.042785645,1.8372144,-4.822786,-4.2227855,-3.4027855,-4.7727857,-2.4327857,3.3872144,0.7472144,2.9472144,3.5372143,3.0672143,3.1672144,2.4972143,1.6972144,0.0072143553,1.7472143,0.5572144,-0.35278565,-0.32278565,1.0672144,0.70721436,-0.30278563,0.47721437,2.1072145,0.31721437,0.38721436,-0.20278564,0.71721435,-1.5027857,-1.7027856,1.3672143,-2.0827856,-1.1327857,-3.0327857,-6.0427856,-2.0527856,-2.5427856,-3.6127856,1.5572144,1.1572144
-0.45278564,-0.52278566,-4.4827857,-2.9127855,0.6772144,1.3572143,3.0072143,1.2572143,4.2172146,4.0472145,3.0072143,3.5972145,3.4672143,2.7972143,1.1772144,1.0172143,0.77721435,-0.13278565,0.52721435,-0.7627857,-1.2227856,-0.59278566,1.9372144,-0.48278564,1.7172143,0.14721435,2.6272144,0.067214355,-0.30278563,1.0972143,-0.042785645,-0.67278564,-0.23278564,-1.9127856,-0.29278564,-1.3427856,0.57721436,3.6872144,4.137214,1.0472144,0.75721437
-0.06278565,-5.3127856,-4.1927857,-3.1927857,0.47721437,4.2272143,3.1272144,4.1672144,6.0872145,5.0872145,4.0372143,4.1072145,4.0872145,2.2472143,1.3572143,0.9272144,0.26721436,0.34721434,2.1572144,-1.7127856,-1.8627857,0.26721436,1.5472144,-0.6927856,-1.0527856,-1.6727856,-0.7527856,-1.3627857,-0.52278566,-0.89278567,-1.1027856,1.9872143,1.1672144,2.3372145,0.6272144,-1.2927856,-0.54278564,1.3272144,-1.0327857,2.8372145,2.3772144
-2.4227858,-2.3327856,-2.8827856,-2.9627857,0.50721437,6.0072145,6.8772144,6.8972144,6.347214,4.907214,4.3372145,3.8072143,1.8272144,2.1972144,2.6272144,1.4572144,1.2672143,-0.7027857,-3.2427857,0.6172144,2.3572145,-1.6027856,2.3872144,0.97721434,0.21721436,-0.71278566,-0.77278566,-0.6227856,0.71721435,1.4172144,3.6372144,1.5472144,1.0872144,0.35721436,0.41721436,0.9972144,0.96721435,0.97721434,-1.3727857,-1.7027856,0.40721434
-3.7627857,-0.60278565,-3.4627857,-3.9127855,2.0972145,5.2872143,5.2372146,7.407214,6.1872144,5.6672144,6.2172146,3.4672143,3.4572144,2.4972143,1.3072144,1.7672143,2.0672143,0.89721435,-0.66278565,-0.14278564,1.9472144,3.0572143,1.8872143,1.4472144,1.6572144,1.0072143,-0.6227856,-0.5727856,-1.0727856,-0.43278563,-0.89278567,-1.6327857,-1.3027856,1.0972143,0.17721435,1.2872144,1.5072143,0.33721435,0.65721434,0.08721436,0.7472144
-0.48278564,-1.0227857,-2.7427857,-2.8827856,4.3172145,4.887214,6.367214,6.097214,6.197214,4.7072144,5.3272142,4.7472143,3.5472143,2.5272143,3.2972143,3.5472143,3.3872144,2.7872143,2.0072143,2.1072145,2.2572143,2.3172143,2.4972143,2.5372143,2.0572143,1.5772144,1.6172143,-1.3427856,0.037214354,-0.89278567,-0.37278566,-0.28278565,-0.68278563,-3.0927856,-1.6227857,-2.1027856,-2.3127856,-0.8827856,-1.9727856,1.0272144,2.1272144
0.0072143553,0.25721437,-0.65278566,0.08721436,5.137214,7.0272145,6.947214,7.3372145,6.5872145,5.8172145,5.197214,5.2672143,5.347214,4.3772144,3.8472145,4.0872145,4.0372143,3.7672143,3.8272142,3.0272143,2.2472143,2.5372143,2.7472143,2.8972144,2.7872143,1.9272144,1.4372144,1.1972144,1.8172144,2.3372145,1.2372143,1.1572144,0.8072144,0.70721436,0.47721437,2.3272142,2.5472143,-1.0927856,-1.3627857,0.39721435,-1.9427856
0.85721433,0.8672144,1.0172143,2.3272142,4.657214,5.097214,6.3272142,7.6872144,7.7072144,6.597214,6.3772144,6.157214,4.9572144,5.3272142,4.3972144,4.947214,4.387214,4.3972144,4.3572145,4.7972145,3.1072145,2.3372145,1.9672143,2.0772142,2.9972143,2.8472145,1.9372144,1.3272144,1.8572143,2.2872143,0.7972143,1.0172143,1.0772144,1.0272144,-0.072785646,-1.5827856,-0.32278565,-1.5627856,-0.42278564,-1.0727856,0.107214354
0.13721436,1.8372144,3.2172143,3.4572144,4.2272143,5.1672144,6.7772145,7.5272145,7.4972143,7.2572145,6.7772145,6.367214,6.1672144,4.5772142,4.8072143,4.2272143,5.0072145,4.8972144,4.7872143,4.4772143,4.3572145,3.6472144,3.5272143,2.3672144,2.1872144,2.0372143,1.5272144,1.4172144,1.1372143,1.4572144,1.2672143,0.22721435,-0.08278564,0.13721436,1.1572144,-1.7027856,1.1172143,-2.7127857,-1.3827857,-0.90278566,-1.3527856
-3.5527856,0.7472144,3.4272144,2.9772143,3.3972144,4.5472145,6.2872143,8.077214,8.667214,8.367214,7.927214,7.2972145,6.4672146,5.907214,5.3772144,4.4672146,3.9272144,3.8372145,3.8472145,3.5872145,3.1972144,2.7672143,2.4672143,2.1772144,2.3972144,2.2372143,1.9372144,1.2872144,1.4172144,1.1472144,0.37721434,0.097214356,-0.43278563,-0.15278564,0.097214356,2.4772143,0.9372144,1.2172143,0.70721436,-0.61278564,1.2472143
-2.8927855,-1.5827856,5.2672143,4.7472143,0.29721436,3.5772142,6.197214,6.7872143,7.9572144,8.537214,7.7972145,6.8772144,6.1072145,6.347214,5.6872144,5.2572145,5.1872144,4.5372143,4.347214,4.3572145,3.4372144,3.1172144,2.7672143,2.6072145,2.1172144,1.7072144,1.6772144,1.4572144,1.3572143,0.6272144,0.107214354,-0.032785643,0.33721435,1.0272144,0.8772144,3.1572144,2.3872144,1.7272143,0.57721436,1.2872144,0.45721436
-1.3727857,-0.8127856,1.3772143,5.137214,6.927214,2.4072144,3.8072143,5.5372143,6.907214,7.3772144,7.097214,6.3772144,6.3572145,6.0472145,5.4372144,5.1072145,5.4172144,5.0672145,4.9672146,4.3272142,3.8372145,3.3172143,2.6372144,2.3772144,2.1772144,1.7672143,1.9172144,1.1572144,0.83721435,0.81721437,0.8772144,0.9872143,0.95721436,1.4072144,1.5572144,2.5572143,2.3572145,1.5472144,1.1172143,2.2572143,1.0072143
0.047214355,-0.6227856,-0.13278565,3.6672144,3.0272143,2.9872143,2.1772144,6.3172145,7.5172143,6.0472145,4.1072145,5.1872144,6.5072145,5.6472144,5.0872145,4.9872146,5.097214,4.7772145,4.947214,4.2472143,4.2972145,4.0372143,3.2372143,2.8072143,2.2072144,1.6272143,1.0572144,1.3672143,1.1372143,1.0372144,1.3772143,1.2972144,1.1672144,1.2172143,1.5772144,1.8872143,2.1372144,1.7172143,2.3772144,3.3572145,2.9272144
1.3972144,0.8072144,0.84721434,2.6372144,5.677214,5.7472143,5.7272143,4.7972145,5.9972143,7.3272142,4.1272144,3.2372143,5.197214,5.5772142,5.2572145,5.4972143,5.2672143,5.2472143,5.0872145,4.4972143,4.387214,4.0372143,3.3172143,2.7672143,2.1672144,1.8872143,1.7172143,0.9972144,0.5572144,0.70721436,1.1272143,1.2472143,1.1772144,1.4272144,1.1972144,1.5572144,1.4272144,1.6972144,1.7372143,2.4072144,2.8972144
1.5572144,1.1172143,1.5272144,5.0272145,4.3072143,5.7272143,6.7972145,4.7972145,5.5372143,6.6872144,4.1672144,4.617214,2.3772144,3.5072143,5.5472145,5.367214,5.2872143,4.7272143,4.7572145,4.197214,3.7772143,3.6972144,3.4772143,3.3272142,2.7472143,1.8272144,1.1072143,0.90721434,0.6872144,0.027214356,-0.13278565,1.3872143,1.2072144,1.2672143,1.0872144,0.9272144,1.6572144,1.7472143,0.72721434,0.8672144,1.8472143
