wind_kz.json
{"header": {"discipline":0,"disciplineName":"Meteorological products","gribEdition":2,"gribLength":871,"center":7,"centerName":"US National Weather Service - NCEP(WMC)","subcenter":0,"refTime":"2023-08-28T12:00:00.000Z","significanceOfRT":1,"significanceOfRTName":"Start of forecast","productStatus":0,"productStatusName":"Operational products","productType":1,"productTypeName":"Forecast products","productDefinitionTemplate":0,"productDefinitionTemplateName":"Analysis/forecast at horizontal level/layer at a point in time","parameterCategory":0,"parameterCategoryName":"UnknownDiscipline_0_Category_0","parameterNumber":0,"parameterNumberName":"UnknownParameter_D0_C0_0","parameterUnit":"Unknown","genProcessType":2,"genProcessTypeName":"Forecast","forecastTime":60,"surface1Type":1,"surface1TypeName":"Ground or water surface","surface1Value":0.0,"surface2Type":255,"surface2TypeName":"Missing","surface2Value":0.0,"gridDefinitionTemplate":0,"gridDefinitionTemplateName":"Latitude_Longitude","numberPoints":615,"shape":6,"shapeName":"Earth spherical with radius of 6,371,229.0 m","gridUnits":"degrees","resolution":48,"winds":"true","scanMode":64,"nx":41,"ny":15,"basicAngle":0,"lo1":47.0,"la1":41.0,"lo2":87.0,"la2":55.0,"dx":1.0,"dy":1.0}, "data":
[rows 0 to 14 of 15, columns 0 to 40 of 41]
290.21906,282.21906,286.91904,299.21906,298.81903,297.31903,294.01904,294.01904,291.21906,291.41904,289.71906,291.51904,291.21906,291.31903,289.91904,288.61905,286.21906,287.21906,285.91904,286.91904,289.31903,288.21906,288.21906,286.81903,290.71906,290.81903,291.11905,278.81903,277.31903,275.51904,273.81903,274.31903,287.11905,292.71906,293.01904,293.61905,292.71906,293.91904,294.01904,294.61905,294.31903
274.91904,287.41904,298.71906,299.51904,299.11905,297.31903,290.91904,289.71906,289.11905,289.41904,290.01904,288.61905,287.51904,286.41904,289.31903,289.31903,287.61905,285.01904,282.41904,283.61905,284.41904,287.61905,289.61905,284.81903,275.21906,278.21906,283.71906,277.31903,281.81903,273.71906,280.81903,271.81903,279.51904,260.21906,276.11905,290.71906,289.51904,292.31903,295.21906,288.61905,283.91904
288.31903,298.51904,299.01904,299.01904,297.31903,290.01904,289.81903,289.01904,287.61905,287.21906,287.01904,288.21906,285.61905,287.31903,286.51904,285.11905,285.51904,285.61905,284.61905,283.31903,284.31903,286.51904,286.51904,284.51904,288.91904,289.01904,290.51904,290.31903,289.01904,281.11905,272.31903,273.71906,280.81903,282.51904,282.61905,284.71906,277.71906,276.61905,278.81903,274.71906,275.61905
289.01904,298.51904,299.31903,298.21906,294.11905,288.61905,289.21906,287.41904,288.31903,288.01904,287.81903,287.61905,295.01904,294.31903,288.61905,286.51904,287.61905,288.31903,290.81903,285.41904,284.61905,281.11905,287.41904,287.81903,289.01904,289.91904,292.11905,289.91904,290.01904,290.91904,291.91904,289.11905,294.61905,294.21906,291.31903,285.81903,278.21906,277.11905,282.51904,288.41904,292.41904
290.31903,297.61905,298.51904,297.61905,294.51904,289.31903,289.71906,289.51904,288.81903,288.91904,288.21906,287.51904,295.01904,293.71906,291.31903,291.31903,288.51904,289.81903,285.71906,288.31903,288.41904,288.21906,286.11905,287.01904,286.51904,287.51904,288.11905,292.11905,290.41904,292.31903,293.91904,293.91904,279.41904,270.81903,283.51904,290.91904,292.61905,294.71906,294.61905,295.51904,295.41904
288.51904,287.61905,296.11905,296.11905,297.01904,296.51904,292.11905,291.61905,290.01904,288.51904,287.71906,287.01904,293.11905,294.51904,291.91904,286.41904,288.81903,288.61905,289.61905,291.21906,290.31903,289.31903,285.61905,286.01904,285.41904,285.31903,287.01904,292.91904,292.31903,292.91904,293.11905,295.11905,294.41904,293.01904,291.11905,291.71906,286.61905,287.81903,293.11905,294.61905,294.51904
287.91904,286.91904,289.91904,290.01904,291.31903,287.91904,288.91904,288.31903,288.01904,287.71906,286.31903,285.71906,286.41904,286.21906,286.21906,287.91904,289.11905,290.01904,289.61905,288.91904,288.71906,289.31903,288.71906,286.81903,285.61905,285.81903,285.91904,289.11905,292.71906,292.51904,290.91904,292.51904,295.21906,295.91904,293.41904,291.81903,288.91904,285.21906,282.31903,279.91904,291.01904
288.21906,286.91904,287.11905,287.21906,289.41904,288.41904,288.01904,286.81903,285.21906,285.01904,284.31903,284.91904,287.31903,285.91904,286.61905,286.71906,288.01904,287.91904,288.01904,284.71906,286.41904,287.51904,288.31903,287.41904,287.71906,281.91904,283.31903,285.61905,287.81903,290.91904,289.21906,290.81903,292.31903,291.61905,290.41904,291.71906,291.61905,289.31903,291.51904,291.91904,289.61905
287.11905,286.41904,286.21906,286.01904,286.21906,286.51904,285.61905,287.91904,284.11905,283.61905,286.61905,283.21906,284.71906,285.81903,286.01904,286.91904,286.51904,286.61905,286.31903,285.91904,284.51904,285.01904,286.51904,287.21906,286.11905,285.31903,281.11905,281.41904,286.41904,286.01904,286.81903,288.41904,291.81903,291.81903,291.71906,291.21906,288.51904,288.41904,277.51904,277.91904,276.31903
285.81903,286.11905,285.01904,285.81903,285.21906,284.31903,284.61905,283.91904,283.41904,286.01904,284.61905,282.31903,283.71906,284.71906,282.91904,282.71906,285.01904,283.51904,283.71906,285.11905,283.71906,284.81903,285.91904,286.61905,285.81903,282.21906,281.91904,283.01904,284.11905,286.91904,288.61905,291.61905,293.11905,291.71906,290.71906,289.41904,289.31903,284.91904,279.21906,280.41904,278.91904
285.41904,284.91904,284.51904,284.71906,283.81903,283.61905,282.91904,283.11905,282.41904,282.41904,283.11905,283.71906,283.81903,282.51904,279.71906,280.21906,281.01904,282.31903,284.11905,283.61905,284.01904,284.01904,284.01904,284.81903,283.81903,282.31903,280.41904,283.21906,285.21906,289.71906,291.21906,292.71906,292.51904,293.71906,293.41904,290.61905,287.51904,283.01904,279.01904,281.31903,280.71906
282.51904,284.31903,284.21906,283.51904,282.71906,282.11905,281.71906,284.01904,285.71906,286.11905,283.01904,282.31903,282.71906,279.61905,279.01904,278.81903,279.71906,280.91904,283.11905,282.61905,281.01904,281.91904,281.91904,282.41904,281.21906,281.71906,282.81903,284.31903,286.81903,290.41904,290.71906,291.41904,292.01904,290.11905,290.31903,290.11905,290.41904,288.41904,287.01904,285.31903,284.51904
281.31903,281.11905,283.41904,282.71906,283.21906,282.21906,281.61905,284.81903,281.61905,284.61905,280.91904,280.21906,281.91904,280.61905,280.31903,281.21906,280.41904,280.01904,280.21906,278.71906,279.81903,280.71906,279.81903,281.31903,280.61905,282.11905,284.21906,285.51904,287.21906,291.01904,292.31903,290.71906,290.61905,291.21906,290.61905,289.91904,287.81903,287.21906,286.21906,284.81903,284.31903
280.01904,283.01904,286.71906,285.11905,280.51904,279.71906,284.01904,284.31903,285.61905,283.41904,281.11905,279.91904,280.81903,279.81903,280.71906,282.21906,282.01904,278.81903,278.91904,279.41904,283.21906,283.11905,280.71906,280.11905,280.51904,282.11905,283.01904,284.71906,288.41904,290.01904,290.91904,291.41904,291.11905,290.01904,287.51904,287.11905,285.91904,285.11905,284.81903,284.21906,284.51904
281.11905,285.11905,290.41904,282.41904,282.11905,279.81903,281.91904,284.01904,285.41904,283.61905,282.51904,281.51904,280.51904,281.31903,281.51904,282.61905,280.91904,279.91904,278.81903,279.41904,280.51904,281.01904,282.71906,280.41904,280.51904,283.21906,283.01904,285.61905,289.01904,289.01904,288.51904,287.91904,289.21906,287.21906,287.21906,285.31903,285.51904,284.51904,284.51904,285.11905,285.11905
