wind_kz.json
{"header": {"discipline":0,"disciplineName":"Meteorological products","gribEdition":2,"gribLength":1102,"center":7,"centerName":"US National Weather Service - NCEP(WMC)","subcenter":0,"refTime":"2023-08-28T00:00:00.000Z","significanceOfRT":1,"significanceOfRTName":"Start of forecast","productStatus":0,"productStatusName":"Operational products","productType":1,"productTypeName":"Forecast products","productDefinitionTemplate":0,"productDefinitionTemplateName":"Analysis/forecast at horizontal level/layer at a point in time","parameterCategory":2,"parameterCategoryName":"UnknownDiscipline_0_Category_2","parameterNumber":2,"parameterNumberName":"UnknownParameter_D0_C2_2","parameterUnit":"Unknown","genProcessType":2,"genProcessTypeName":"Forecast","forecastTime":180,"surface1Type":103,"surface1TypeName":"Specified height level above ground","surface1Value":10.0,"surface2Type":255,"surface2TypeName":"Missing","surface2Value":0.0,"gridDefinitionTemplate":0,"gridDefinitionTemplateName":"Latitude_Longitude","numberPoints":615,"shape":6,"shapeName":"Earth spherical with radius of 6,371,229.0 m","gridUnits":"degrees","resolution":48,"winds":"true","scanMode":64,"nx":41,"ny":15,"basicAngle":0,"lo1":47.0,"la1":41.0,"lo2":87.0,"la2":55.0,"dx":1.0,"dy":1.0}, "data":
[rows 0 to 14 of 15, columns 0 to 40 of 41]
-2.8921216,1.0078784,-2.7321215,-3.9021215,-4.2421217,-1.4121215,-4.0221214,-3.6121216,-4.0421214,-3.2121215,-3.2121215,-3.3721216,-2.2521217,-1.2521216,-1.0021216,0.67787844,0.93787843,-0.4821216,-2.0521216,-2.0021217,-1.3421216,0.4878784,2.6878784,5.7478786,7.5378785,5.2278786,5.2278786,5.4478784,4.2278786,3.0978785,3.7978785,0.6278784,-2.6421216,12.787878,-2.2621217,-3.1721215,-3.4221215,-1.8521216,3.1378784,-0.24212158,-1.9521216
-0.25212157,-3.5921216,-4.7621217,-5.5421214,-3.9121215,-0.9621216,-3.7421217,-3.2421217,-2.4421215,-1.5021216,-2.7521217,-2.1321216,-3.8821216,-1.9721216,-1.7421216,-1.1721215,-1.6021216,-0.94212157,-0.9121216,-0.15212159,0.43787843,1.2178785,1.7878784,2.5478785,3.2078784,0.13787842,4.4078784,5.4178786,9.037878,7.6678786,3.0678785,2.7678785,1.2278785,-0.64212155,0.16787842,-5.5821214,-0.70212156,0.8978784,1.5878785,-0.9621216,-1.2121216
-7.3621216,-7.7221217,-7.412122,-4.8521214,0.06787842,-3.0221217,-3.5421216,-2.4921217,-2.3121216,-2.5121217,-4.1121216,-1.9421216,-4.9921217,0.28787842,-0.11212158,-1.0121216,-0.3821216,0.7678784,2.0778785,2.7278783,2.2078784,4.1378784,5.4578786,4.2878785,-0.6121216,1.9378784,2.9178784,3.6978784,4.0278783,-0.14212158,0.98787844,-1.6921216,0.8178784,2.3778784,-7.2921214,-1.3421216,0.7178784,-0.17212158,-5.0921216,3.1878784,1.6278784
-9.532122,-8.832122,-6.392122,-1.7621216,-3.3921216,-2.9721215,-0.102121584,-3.1921215,-3.0421216,-3.0721216,-5.6921215,-6.3021216,-4.7421217,-2.1721215,0.7678784,1.1778784,1.1878784,2.6078784,3.9478784,5.0578785,3.4778783,5.3278785,4.9078784,5.5278783,6.357878,5.2178783,5.5578785,7.0078783,7.9678783,7.0178785,2.5778785,3.4578784,8.167878,5.1178784,6.1578784,5.3478785,1.8578784,1.3878784,-2.1021216,-2.3421216,1.8678784
-9.822122,-9.022121,-8.662122,-7.5121217,-3.6921215,-3.2521217,-3.4021215,-3.3921216,-4.2221217,-4.1321216,-4.4521217,-5.0021214,-0.6721216,-0.37212157,3.8978784,1.6578784,2.0878785,2.8778784,3.3778784,5.0478783,4.9678783,5.5078783,7.6878786,7.127878,7.8078785,7.9078784,7.9378786,7.5978785,7.127878,4.9278784,7.0378785,3.1978784,2.6378784,1.4878784,-2.0821216,-0.36212158,4.5278783,3.5978785,-2.1321216,1.1878784,1.0578784
-6.1921215,-7.2521214,-6.2221217,-4.412122,-3.3221216,-0.51212156,-3.9221215,-3.7621217,-2.7421217,-1.9921216,-1.3721216,-0.6021216,0.6278784,2.2678785,2.8278785,2.4678783,2.6878784,2.8078785,3.5178785,4.7778783,4.9278784,3.4678783,4.4478784,5.127878,5.5678782,6.9578786,9.697879,1.7678784,4.3078785,4.9278784,6.8978786,7.1678786,4.5478783,5.4378786,4.0078783,-0.16212158,4.0278783,4.4578786,4.2078786,-0.42212158,-3.0721216
-6.1921215,-5.7921214,-4.8121214,-4.2321215,-2.8721216,-3.1521215,-2.5421216,-1.5621216,-0.6221216,-0.3821216,0.007878418,0.6578784,-0.37212157,1.1078784,0.18787841,0.54787844,1.0878785,1.6378784,3.3378785,4.5478783,4.4178786,4.7578783,4.5578785,5.877878,7.7078786,7.1178784,7.9878783,8.347878,6.0778785,7.7478786,8.467878,7.3678784,9.567879,8.897879,8.427878,4.8878784,3.8778784,1.1278784,2.3378785,0.7578784,1.8078784
-5.7821217,-5.0921216,-4.642122,-3.9621215,-3.3621216,-1.9121215,-0.8621216,0.037878416,0.05787842,-0.22212158,-0.63212156,0.047878418,-0.12212158,0.34787843,-2.8621216,-0.27212158,0.7178784,1.7578784,2.6078784,2.7678785,3.0678785,3.4278784,2.3378785,6.587878,5.7678785,5.837878,6.8678784,8.737879,3.9278784,5.587878,7.857878,7.0478783,7.5278783,7.4078784,4.2178783,10.527879,2.9878783,5.8878784,6.0978785,5.0278783,1.9078784
-4.9321218,-4.7521214,-3.7821217,-2.8221216,-1.9721216,-2.0921216,-1.6521215,-1.3621216,-0.102121584,-0.6221216,0.32787842,0.99787843,0.2978784,0.6478784,-1.3321216,-0.9121216,1.0078784,1.0378784,1.4478784,1.2278785,4.0078783,3.6778784,3.8078785,5.0978785,4.2078786,3.3678784,3.8278785,4.6378784,4.857878,4.877878,4.5478783,6.857878,6.6978784,7.2278786,3.4978783,2.6378784,4.0978785,2.7778785,2.2578783,-0.4421216,0.9478784
-1.7821215,-1.7021216,-1.6721215,-1.9821216,-1.5721216,-1.9321216,-2.3321216,-1.4721216,-0.95212156,-0.13212158,0.8878784,1.2978784,0.47787842,1.5578784,1.0378784,0.7778784,0.7778784,0.8778784,2.2478783,3.0178785,3.8478785,4.3978786,1.3578784,1.4778785,3.0178785,2.4078784,3.9878783,1.0878785,3.3978784,4.9578786,4.8078785,3.1978784,2.7778785,-0.36212158,0.4578784,-1.9021215,-0.14212158,1.2578784,0.037878416,-0.31212157,1.7978784
-1.8821216,3.7878785,-1.2021216,3.7278783,0.8278784,0.46787843,0.2978784,-0.9321216,-0.8621216,0.46787843,1.4678785,-0.5821216,0.25787842,1.7278785,0.34787843,1.2678784,2.0778785,1.4878784,0.92787844,1.7978784,3.1878784,3.2878785,1.3978784,1.7778784,1.1078784,1.9678785,2.9778783,2.1478784,3.5478785,5.0778785,3.2378783,2.7278783,3.7178783,3.8378785,-0.4721216,1.2678784,0.22787842,0.2778784,0.5078784,0.46787843,-1.1121216
1.5578784,-1.2221216,1.4378784,4.0578785,3.0878785,0.7178784,1.0878785,0.7278784,0.8278784,0.5078784,2.2478783,0.047878418,-0.23212159,-3.6221216,0.5878784,1.7778784,0.49787843,2.2178783,1.0978785,1.4778785,1.3478785,2.2578783,2.9678783,-1.1421216,-0.8621216,-0.40212157,-0.8721216,0.46787843,1.9978784,2.1978784,1.6478784,2.6778784,2.0578785,0.80787843,-2.7221215,-0.9021216,0.7678784,-2.4021215,-0.42212158,1.3778784,-0.56212157
1.4378784,2.2778785,1.7878784,-0.27212158,-0.15212159,-0.7821216,0.35787842,2.2878785,-0.4121216,-0.7721216,0.80787843,1.7978784,-4.3321214,-0.7421216,-0.43212157,-0.08212158,2.0278785,1.6478784,0.37787843,0.79787844,0.13787842,0.9578784,1.1278784,1.3078784,1.1278784,0.7778784,0.017878419,-2.2821217,-1.3621216,1.3878784,2.8778784,1.3478785,2.5678785,1.8478785,2.3178785,0.9478784,1.1678784,-0.37212157,1.7478784,0.7078784,0.67787844
-0.33212158,-1.2321216,-1.1021216,-0.39212158,-0.07212158,0.7778784,0.4278784,0.38787842,-1.1121216,-0.9021216,0.5178784,0.28787842,0.60787845,0.4878784,-0.4721216,0.55787843,1.3478785,1.5378784,-0.8621216,-1.2721215,0.047878418,0.6978784,0.9078784,1.4678785,1.7378784,0.60787845,-0.19212158,2.5178785,1.2178785,1.7178785,1.5978785,-0.5321216,-2.3421216,0.92787844,2.0978785,0.7178784,1.2878784,1.1378784,2.0478785,1.0178784,1.9878784
-1.4521216,0.6678784,-2.3621216,-1.4921216,-1.8421216,-1.5921216,-0.88212156,-0.17212158,-0.8521216,-0.9021216,0.43787843,-0.82212156,1.9778785,0.68787843,-0.23212159,0.5678784,0.6278784,1.0678784,-0.21212158,0.13787842,-0.4121216,-1.1521215,-0.56212157,-0.31212157,-0.06212158,0.007878418,2.0978785,-0.4421216,-0.4821216,0.9778784,-2.2721217,-3.0521216,0.34787843,1.7678784,2.5278785,2.8078785,2.3278785,2.9478784,2.9778783,4.4178786,1.7978784
