wind_kz.json
{"header": {"discipline":0,"disciplineName":"Meteorological products","gribEdition":2,"gribLength":1025,"center":7,"centerName":"US National Weather Service - NCEP(WMC)","subcenter":0,"refTime":"2023-09-24T00:00:00.000Z","significanceOfRT":1,"significanceOfRTName":"Start of forecast","productStatus":0,"productStatusName":"Operational products","productType":1,"productTypeName":"Forecast products","productDefinitionTemplate":0,"productDefinitionTemplateName":"Analysis/forecast at horizontal level/layer at a point in time","parameterCategory":2,"parameterCategoryName":"UnknownDiscipline_0_Category_2","parameterNumber":2,"parameterNumberName":"UnknownParameter_D0_C2_2","parameterUnit":"Unknown","genProcessType":2,"genProcessTypeName":"Forecast","forecastTime":180,"surface1Type":103,"surface1TypeName":"Specified height level above ground","surface1Value":10.0,"surface2Type":255,"surface2TypeName":"Missing","surface2Value":0.0,"gridDefinitionTemplate":0,"gridDefinitionTemplateName":"Latitude_Longitude","numberPoints":615,"shape":6,"shapeName":"Earth spherical with radius of 6,371,229.0 m","gridUnits":"degrees","resolution":48,"winds":"true","scanMode":64,"nx":41,"ny":15,"basicAngle":0,"lo1":47.0,"la1":41.0,"lo2":87.0,"la2":55.0,"dx":1.0,"dy":1.0}, "data":
[rows 0 to 14 of 15, columns 0 to 40 of 41]
1.0085772,1.5985773,-1.2814227,-6.2014227,-1.1314228,-3.1114228,-6.021423,-7.3214226,-7.8614225,-6.9114227,-6.791423,-6.8214226,-6.5714226,-5.8614225,-5.501423,-6.041423,-6.061423,-6.7214227,-6.441423,-6.1114225,-3.8114228,-0.6014227,0.8285773,3.3085773,-1.6914227,0.5685773,1.5085772,1.8385773,0.18857726,0.9985773,1.5385773,0.20857728,-1.8614228,-2.0314226,-3.5114226,-4.311423,-0.9814227,0.13857727,-0.52142274,-0.97142273,-3.9914227
0.8085773,-2.0814228,-2.8014228,-5.7614226,-3.0814228,0.5685773,-6.0914226,-6.1614227,-6.5514226,-6.231423,-6.7014227,-5.581423,-5.461423,-5.9014225,-6.1614227,-6.1614227,-5.751423,-6.271423,-5.6514225,-5.501423,-3.5814228,-1.9114227,-0.45142272,0.7485773,0.47857726,0.48857728,-1.0814227,1.7385772,0.8985773,0.8985773,-0.38142273,0.03857727,-0.9114227,-1.5514227,0.36857727,1.2885773,-1.7414228,0.00857727,0.54857725,-0.9414227,-0.96142274
1.3985772,-2.3914227,-3.3614228,-5.211423,-2.6914227,-3.2314227,-5.2814226,-5.461423,-5.871423,-5.3414226,-4.981423,-5.441423,-5.731423,-5.6814227,-5.9014225,-6.481423,-6.7014227,-6.3014226,-5.3814225,-4.561423,-2.5214226,-5.101423,-3.8114228,-6.9014225,-3.2814226,-4.6114225,-3.9914227,-0.39142272,3.0385773,-0.76142275,0.35857728,-1.6714227,-0.39142272,-1.1314228,-1.3914227,-0.11142273,-0.30142272,-0.58142275,5.6585774,3.8085773,-0.23142272
4.6085773,-1.6814227,-5.2214227,-4.8214226,0.52857727,-3.2214227,-4.421423,-2.9314227,-3.6614227,-4.6614227,-3.9714227,-6.6814227,-6.441423,-4.7014227,-5.1414227,-5.271423,-4.291423,-5.2614226,-5.1414227,-5.231423,-5.771423,-7.3214226,-3.9214227,-4.231423,-3.1814227,-2.0914228,-1.3314227,0.5885773,-1.8814228,-2.1214228,-0.6714227,1.3185773,0.96857727,0.91857725,-1.9414227,0.61857724,-0.34142274,2.1985772,-0.72142273,0.13857727,1.1885773
-3.8214228,-5.001423,-4.9914227,-1.6514227,0.67857724,-3.5814228,-1.0014228,-2.3314228,-2.6514227,-2.1814227,-1.7414228,-4.3914227,-3.4714227,-1.3614228,-0.0014227295,-2.4714227,-3.3814228,-2.1214228,-3.2114227,-3.1214228,-4.021423,-3.7514226,-3.1314228,-2.7814226,-1.4014227,-0.70142275,-1.4314227,-2.4514227,2.1585772,0.41857728,0.12857728,0.31857726,0.96857727,1.7885773,-3.4514227,-1.8314227,3.4585772,-2.7814226,0.65857726,4.128577,4.0285773
-3.7614226,-2.1214228,-1.7114227,0.04857727,-1.4114227,-3.2714226,-1.0914227,-1.4314227,-0.90142274,-0.44142273,-0.39142272,-2.0114226,-0.64142275,0.34857726,2.7485774,2.3685772,1.0585773,0.72857726,1.2985773,0.9585773,1.7685772,1.6885773,1.3985772,1.6985773,1.9085773,2.3985772,2.3785772,-1.0114228,1.1085773,1.7285773,1.3285773,2.1285772,1.9685773,2.0285773,1.8785772,-0.58142275,2.9185772,6.5885773,9.388577,3.4885774,4.518577
0.35857728,1.4785773,-2.0614228,0.17857727,1.1985773,1.2685772,3.3985772,0.54857725,0.8285773,0.37857726,0.61857724,1.1585773,1.0985773,1.8985772,3.4585772,4.0985775,4.5985775,4.3685775,4.558577,4.998577,5.288577,5.1185775,5.0985775,4.958577,5.1985774,5.0085773,5.058577,3.9185772,2.4785774,3.8285773,3.9485772,4.6985774,4.998577,4.9485774,0.37857726,0.73857725,0.96857727,-0.47142273,3.2585773,-1.3214227,1.8985772
1.5885773,0.7485773,1.8685772,1.4485773,1.2285773,3.1885772,3.2985773,3.0585773,2.6685772,2.9485772,3.6385772,4.0885773,4.5285773,5.058577,5.308577,5.4485774,5.438577,5.9085774,6.0485773,6.6085773,7.1185775,5.748577,5.828577,5.648577,5.3685775,6.018577,6.3585773,4.578577,4.768577,5.6085773,5.3685775,6.628577,4.7985773,3.5085773,4.328577,5.3685775,0.98857725,4.4285774,5.078577,5.628577,2.1385772
3.5185773,3.2285774,2.8185773,2.9885774,2.9285772,3.5085773,4.3485775,4.328577,4.9085774,5.2585773,5.4485774,5.7585773,6.5085773,6.3685775,6.018577,6.2985773,6.538577,6.4685774,6.2785773,6.208577,6.6085773,7.1585774,6.5085773,6.0485773,5.8585773,5.4685774,5.5685773,4.3385773,6.558577,6.0285773,6.228577,7.4885774,8.008577,5.7185774,3.7485774,1.0385773,1.4185773,1.8385773,0.8185773,-0.30142272,0.53857726
4.8685775,5.078577,4.5285773,4.8685775,4.878577,4.648577,5.5085773,6.3585773,6.0885773,5.958577,5.728577,6.5285773,6.4885774,5.9285774,6.018577,6.038577,5.9885774,6.0685773,5.728577,6.4085774,7.6085773,6.558577,6.5685773,5.498577,5.9085774,2.4485772,5.4885774,4.7785773,4.128577,6.7785773,6.328577,6.6985774,7.288577,5.7785773,2.4385772,4.4285774,0.6485773,0.05857727,0.73857725,0.8785773,0.17857727
5.8685775,5.4285774,5.0985775,4.978577,5.4285774,5.1585774,6.0485773,5.648577,5.708577,6.2185774,5.8185773,6.1985774,6.0985775,6.6085773,6.3185773,6.308577,6.078577,5.5085773,2.8585773,6.0685773,4.538577,7.7185774,6.9285774,5.7585773,4.5685773,5.418577,7.288577,5.2785773,5.3885775,6.808577,7.2785773,7.148577,1.6785773,2.3585773,1.9785773,2.0285773,0.5085773,-0.16142273,-0.36142272,1.6785773,1.3085773
5.268577,6.8485775,6.4685774,5.9085774,5.3385773,5.518577,5.418577,5.2985773,5.4285774,5.2585773,5.328577,5.728577,5.998577,6.128577,6.1085773,6.248577,5.208577,4.578577,4.5485773,6.058577,7.5085773,5.5685773,4.3585773,4.5985775,4.478577,5.8585773,6.458577,5.3185773,5.728577,4.648577,4.6785774,3.0885773,1.8685772,0.5885773,1.7485772,1.7585772,2.6185772,1.9385773,1.0185772,1.8185773,-0.08142273
4.1185775,3.2285774,3.5785773,5.148577,5.8485775,4.7585773,6.2585773,6.168577,7.2985773,4.7585773,3.3085773,4.7985773,5.6185775,5.688577,5.6385775,4.308577,3.0185773,4.898577,5.438577,5.7385774,4.6985774,4.038577,3.6985772,5.438577,4.4685774,5.228577,5.018577,5.648577,4.3685775,4.478577,3.7285774,1.8785772,0.03857727,1.9685773,1.5385773,1.2485772,1.5485773,1.2985773,2.8585773,3.1185772,2.8785772
5.688577,4.4285774,3.7385774,3.5985773,6.1385775,4.9485774,5.3685775,6.0985775,5.5485773,5.2785773,3.6085773,4.1985774,4.1185775,4.7385774,1.9285773,3.5885773,2.8885772,4.1785774,3.9785774,3.4985774,4.6185775,4.1985774,3.8985772,4.9285774,4.058577,4.6085773,4.4285774,3.6385772,4.628577,2.9085772,-1.1614227,0.23857728,2.5685773,0.8785773,1.7785773,1.9485773,2.8085773,3.6785772,2.7785773,3.3785772,5.3885775
3.8485773,5.0485773,6.5685773,5.768577,5.2985773,5.478577,6.398577,5.128577,3.3785772,0.43857726,-0.7314227,2.0685773,1.4585773,0.67857724,2.8585773,2.9985774,4.148577,2.2285774,2.8285773,3.7185774,3.7085772,4.378577,4.2985773,3.7785773,3.5085773,3.9285772,3.1385772,4.418577,-1.7714227,-1.3914227,-0.10142273,2.6385772,-0.05142273,1.4285773,2.3085773,3.0185773,2.3585773,2.3685772,4.0285773,5.788577,3.7485774
