wind_kz.json
{"header": {"discipline":0,"disciplineName":"Meteorological products","gribEdition":2,"gribLength":871,"center":7,"centerName":"US National Weather Service - NCEP(WMC)","subcenter":0,"refTime":"2023-09-22T12:00:00.000Z","significanceOfRT":1,"significanceOfRTName":"Start of forecast","productStatus":0,"productStatusName":"Operational products","productType":1,"productTypeName":"Forecast products","productDefinitionTemplate":0,"productDefinitionTemplateName":"Analysis/forecast at horizontal level/layer at a point in time","parameterCategory":0,"parameterCategoryName":"UnknownDiscipline_0_Category_0","parameterNumber":0,"parameterNumberName":"UnknownParameter_D0_C0_0","parameterUnit":"Unknown","genProcessType":2,"genProcessTypeName":"Forecast","forecastTime":300,"surface1Type":1,"surface1TypeName":"Ground or water surface","surface1Value":0.0,"surface2Type":255,"surface2TypeName":"Missing","surface2Value":0.0,"gridDefinitionTemplate":0,"gridDefinitionTemplateName":"Latitude_Longitude","numberPoints":615,"shape":6,"shapeName":"Earth spherical with radius of 6,371,229.0 m","gridUnits":"degrees","resolution":48,"winds":"true","scanMode":64,"nx":41,"ny":15,"basicAngle":0,"lo1":47.0,"la1":41.0,"lo2":87.0,"la2":55.0,"dx":1.0,"dy":1.0}, "data":
[rows 0 to 14 of 15, columns 0 to 40 of 41]
291.02216,282.52216,286.82217,293.02216,293.22217,292.82217,291.82217,291.92218,291.42218,291.92218,290.82217,289.72217,289.22217,288.82217,288.52216,286.32217,286.12216,285.22217,284.82217,285.42218,286.12216,283.92218,283.92218,282.72217,282.22217,285.62216,283.92218,270.42218,267.22217,268.42218,269.92218,271.52216,278.32217,285.02216,285.92218,286.02216,285.82217,284.62216,283.72217,284.62216,284.72217
276.32217,286.22217,292.32217,292.52216,292.52216,291.42218,290.02216,288.22217,288.42218,289.62216,290.82217,288.92218,287.72217,286.62216,286.22217,286.12216,282.92218,281.82217,281.52216,282.22217,285.12216,285.52216,284.92218,278.62216,268.02216,265.42218,277.72217,269.42218,270.62216,264.52216,272.12216,261.72217,268.22217,246.82217,255.42216,281.62216,280.12216,282.72217,284.52216,278.82217,283.52216
284.92218,291.72217,292.52216,292.52216,290.82217,292.22217,289.42218,286.02216,285.62216,286.22217,286.02216,286.62216,286.02216,286.02216,285.82217,283.92218,282.12216,281.32217,280.52216,280.02216,281.92218,282.12216,282.62216,279.82217,281.22217,280.62216,282.72217,282.12216,282.62216,275.42218,262.72217,269.22217,273.42218,272.52216,274.52216,275.32217,266.72217,268.72217,269.62216,265.32217,259.12216
284.02216,291.12216,292.52216,291.62216,290.72217,290.32217,288.52216,289.92218,287.82217,287.42218,285.32217,285.72217,290.22217,289.72217,286.92218,286.42218,284.22217,282.12216,282.72217,281.62216,280.02216,276.52216,281.32217,283.42218,284.72217,285.42218,285.62216,284.72217,281.72217,281.22217,282.42218,280.82217,284.72217,283.32217,281.62216,279.72217,267.72217,256.42218,271.02216,277.62216,280.82217
286.42218,290.52216,291.12216,290.22217,290.22217,291.52216,292.62216,291.72217,290.22217,289.02216,288.82217,288.22217,288.92218,288.12216,286.62216,284.82217,283.92218,283.72217,282.52216,284.12216,283.52216,283.42218,282.92218,283.32217,283.82217,284.22217,283.02216,284.02216,282.22217,282.12216,283.22217,281.72217,272.42218,259.72217,271.82217,281.62216,285.22217,284.32217,283.92218,284.32217,284.02216
286.22217,285.12216,289.52216,289.82217,290.12216,289.82217,289.02216,290.72217,289.22217,289.62216,289.32217,289.22217,288.82217,288.72217,287.42218,286.02216,286.32217,284.12216,284.42218,283.12216,282.12216,281.72217,281.82217,281.82217,281.32217,280.42218,280.52216,286.22217,282.62216,282.42218,281.22217,282.22217,281.32217,280.02216,279.22217,282.42218,275.12216,276.72217,280.02216,283.62216,283.02216
286.82217,284.22217,287.72217,287.92218,288.82217,288.12216,289.72217,288.82217,287.82217,289.82217,288.82217,286.52216,286.72217,287.92218,286.22217,286.82217,285.92218,285.92218,284.82217,283.72217,281.72217,281.82217,282.12216,281.52216,280.52216,281.22217,281.22217,283.12216,282.22217,282.02216,281.72217,281.82217,280.92218,281.82217,281.52216,279.82217,276.82217,272.92218,269.32217,269.72217,279.82217
285.22217,285.72217,287.02216,287.52216,287.72217,288.62216,288.12216,287.02216,285.32217,285.52216,286.42218,286.12216,284.82217,285.72217,286.72217,286.72217,286.22217,286.22217,285.42218,283.32217,282.62216,282.52216,282.72217,283.12216,282.82217,280.52216,281.22217,281.42218,279.82217,280.82217,279.92218,279.92218,279.92218,277.52216,276.82217,276.32217,278.32217,285.72217,276.72217,276.72217,275.52216
283.12216,284.12216,285.82217,284.92218,285.62216,285.02216,284.72217,286.32217,284.12216,283.62216,283.92218,283.82217,283.52216,284.32217,285.02216,285.32217,285.32217,284.82217,284.72217,283.82217,282.22217,282.22217,282.92218,283.52216,282.32217,282.62216,279.72217,278.82217,277.32217,276.72217,278.12216,278.12216,277.62216,278.92218,276.22217,275.02216,276.72217,275.32217,268.02216,268.92218,265.42218
285.52216,284.92218,285.12216,285.12216,285.32217,284.12216,283.32217,283.72217,284.12216,285.82217,285.12216,284.62216,284.32217,284.32217,283.72217,284.32217,284.42218,284.12216,283.52216,283.82217,283.12216,282.82217,283.22217,284.02216,283.92218,282.42218,281.02216,279.92218,280.02216,279.12216,278.62216,280.22217,280.82217,280.32217,278.52216,276.72217,276.02216,272.92218,270.02216,268.32217,266.92218
285.62216,285.62216,285.02216,284.02216,284.42218,284.12216,284.22217,283.02216,282.12216,282.32217,283.92218,284.52216,285.02216,284.72217,284.22217,284.12216,283.42218,283.02216,283.32217,282.92218,282.92218,282.22217,282.02216,282.12216,282.62216,281.92218,280.52216,281.02216,280.92218,282.62216,283.02216,282.42218,280.82217,281.72217,279.32217,276.72217,274.82217,271.62216,269.62216,270.52216,267.02216
284.92218,285.82217,285.42218,284.12216,284.32217,283.82217,282.42218,281.82217,281.72217,281.62216,280.72217,281.92218,284.02216,283.72217,284.42218,284.02216,284.52216,284.12216,282.92218,283.82217,283.52216,282.72217,281.82217,281.62216,281.62216,282.02216,281.82217,283.52216,283.62216,283.02216,282.72217,281.72217,283.22217,280.42218,280.52216,278.32217,277.62216,276.32217,276.02216,274.72217,273.12216
284.32217,284.32217,285.12216,285.02216,284.72217,283.82217,283.22217,285.52216,282.12216,281.22217,279.92218,277.92218,281.72217,281.62216,283.62216,283.92218,283.82217,283.72217,283.72217,282.72217,282.72217,282.32217,282.12216,281.42218,283.32217,283.12216,284.02216,283.52216,283.12216,282.92218,283.02216,282.62216,282.22217,281.52216,280.82217,279.82217,278.32217,278.72217,277.32217,275.82217,274.52216
284.02216,285.02216,285.22217,284.32217,283.42218,283.42218,282.72217,282.42218,282.42218,284.72217,281.52216,277.52216,277.92218,281.12216,282.02216,282.92218,284.12216,284.12216,283.52216,283.42218,282.92218,282.62216,283.12216,283.12216,283.32217,283.22217,283.22217,283.72217,283.02216,283.12216,282.72217,282.32217,281.82217,281.02216,280.52216,279.02216,279.12216,278.62216,278.12216,278.12216,278.82217
284.22217,285.52216,285.32217,284.42218,284.02216,282.92218,283.02216,282.22217,282.72217,282.32217,281.12216,279.42218,280.12216,279.82217,281.52216,282.32217,281.72217,283.22217,282.92218,282.92218,283.02216,282.12216,282.22217,282.32217,282.72217,282.52216,282.32217,283.22217,282.92218,282.52216,282.52216,283.02216,282.02216,280.82217,280.52216,280.62216,280.72217,279.12216,278.82217,279.22217,278.82217
