wind_kz.json
{"header": {"discipline":0,"disciplineName":"Meteorological products","gribEdition":2,"gribLength":1025,"center":7,"centerName":"US National Weather Service - NCEP(WMC)","subcenter":0,"refTime":"2023-08-23T00:00:00.000Z","significanceOfRT":1,"significanceOfRTName":"Start of forecast","productStatus":0,"productStatusName":"Operational products","productType":1,"productTypeName":"Forecast products","productDefinitionTemplate":0,"productDefinitionTemplateName":"Analysis/forecast at horizontal level/layer at a point in time","parameterCategory":2,"parameterCategoryName":"UnknownDiscipline_0_Category_2","parameterNumber":3,"parameterNumberName":"UnknownParameter_D0_C2_3","parameterUnit":"Unknown","genProcessType":2,"genProcessTypeName":"Forecast","forecastTime":0,"surface1Type":103,"surface1TypeName":"Specified height level above ground","surface1Value":10.0,"surface2Type":255,"surface2TypeName":"Missing","surface2Value":0.0,"gridDefinitionTemplate":0,"gridDefinitionTemplateName":"Latitude_Longitude","numberPoints":615,"shape":6,"shapeName":"Earth spherical with radius of 6,371,229.0 m","gridUnits":"degrees","resolution":48,"winds":"true","scanMode":64,"nx":41,"ny":15,"basicAngle":0,"lo1":47.0,"la1":41.0,"lo2":87.0,"la2":55.0,"dx":1.0,"dy":1.0}, "data":
[rows 0 to 14 of 15, columns 0 to 40 of 41]
-0.60680145,-2.6668015,1.5031985,0.42319855,-3.6268015,1.8531985,-1.6968014,-2.5968015,-0.20680146,-1.4368014,0.34319854,-0.30680144,1.2631985,-0.15680145,-3.0068014,-3.2868013,-1.3368014,-0.90680146,-1.2668015,-1.1868014,-1.6668015,0.19319855,-0.42680144,-1.4868015,-1.4468014,-1.5168015,-1.5868014,0.82319856,0.23319855,-0.8968015,-1.0668014,1.3331985,2.2831986,-0.61680144,-1.2568015,-1.3668015,-2.1168015,-0.83680147,1.7731986,-3.5768015,1.8931985
1.9031986,2.3231986,-1.6468015,-2.2568014,-1.1368015,1.3831985,-2.4868014,-1.9668014,-2.0868015,-1.8868015,-1.0168015,2.2031984,2.1031985,1.9131986,-1.1668015,-2.6368015,-1.7468015,-0.5668014,-1.9568014,-1.4468014,-2.5268013,-1.6368015,0.10319855,1.2331985,0.12319855,0.13319854,-1.6168015,0.18319854,-0.41680145,-0.10680145,0.72319853,-1.6768014,-2.0668015,-3.1968014,-3.7668014,-3.2168014,-2.6068015,-4.5268016,0.063198544,-4.7968016,-1.5368015
2.7231987,0.50319856,-1.5668014,-0.79680145,0.7331985,-0.8268015,-0.86680144,-2.0968015,-1.8068014,-3.1368015,-3.9668014,2.7331986,3.9131985,2.9731987,2.4831986,-0.93680143,-1.0468014,-2.4268014,-2.9468014,0.76319855,-0.84680146,-1.3168014,1.3531985,0.83319855,1.8231986,1.7431985,1.3031986,1.7131985,-0.6368015,2.3731985,1.6831986,0.38319856,2.6431985,-1.4068015,0.22319855,2.2431986,1.9631985,-1.1568015,1.4831985,2.2731986,-2.3468015
0.033198547,-1.1468015,-1.3968015,2.5631986,2.5031986,1.2131985,-0.21680145,-3.0168014,-2.6068015,-1.7968014,-0.66680145,-3.2368014,2.7331986,1.8831985,2.5031986,-1.2468015,-0.7668015,-2.4468014,-3.6968014,-2.2868013,1.0431986,0.36319855,-0.18680145,-0.7668015,2.7331986,2.7431986,2.9431984,0.41319856,-0.91680145,-0.06680145,0.72319853,-1.4268014,-1.3368014,0.34319854,0.41319856,-3.0268013,-1.4768014,-0.07680145,0.66319853,1.9531986,-0.47680146
-4.2468014,-3.9068015,0.94319856,2.3531985,3.5531986,3.0631986,2.3231986,0.063198544,-0.37680146,2.2131987,0.95319855,-0.52680147,-1.9568014,2.1231985,0.6131985,-0.40680146,-2.1968014,-2.8168015,-3.3168015,-3.3168015,0.87319857,-0.18680145,0.57319856,0.27319854,1.8431985,-0.5068014,-0.6368015,-3.6568015,1.4631985,0.9331986,-0.8968015,0.063198544,1.1631986,-0.31680146,-1.2568015,-2.3468015,-2.7668014,-0.29680145,-0.24680145,-0.21680145,2.0331986
-1.5968014,-1.8768015,-2.4268014,0.6031985,2.9831986,3.7131987,2.0931985,2.6131985,0.23319855,-1.3468014,2.4031985,1.4631985,3.4731987,2.5631986,1.4231986,-2.3668015,-1.1168015,-1.6968014,-2.1668015,-2.5968015,-1.7468015,0.12319855,-0.48680145,1.1931986,2.2631986,2.3831985,-0.45680144,-1.7768015,1.1831986,0.18319854,-2.0668015,1.3831985,3.2131987,2.5231986,2.9031985,-0.14680146,3.0631986,1.4231986,-1.7768015,-2.8468015,0.39319855
-2.3468015,-0.61680144,-1.6668015,-2.5368013,-3.2568014,1.8931985,2.0031986,2.8031986,2.8731985,2.0431986,1.6831986,3.4031985,2.6731985,0.41319856,-0.04680145,-0.30680144,-2.2968016,-0.98680145,-0.15680145,0.53319854,0.84319854,0.64319855,0.41319856,2.2831986,1.5931985,0.82319856,0.66319853,1.5531986,1.1331985,2.1631985,0.66319853,-0.31680146,-2.8468015,0.08319855,-0.026801452,-1.6568015,-3.4268014,-2.3168015,-1.8368014,-2.6868014,-0.26680145
-2.1868014,-3.6068015,-4.5468016,-4.9368014,-4.3868012,-3.4168015,-4.6868014,-1.6568015,3.4531984,2.9431984,4.593199,4.0431986,2.6331985,2.8131986,0.21319854,0.19319855,-0.36680144,-2.0668015,-0.5768015,3.7331986,2.6531985,2.6131985,2.3431985,-0.59680146,2.8831985,1.8931985,2.0431986,1.1931986,0.63319856,0.15319854,-0.22680146,-0.77680147,-2.0568016,-1.7868015,1.5531986,1.6231985,-0.15680145,1.7831986,0.48319855,0.64319855,-1.4168015
-2.0368013,-2.3668015,-3.0268013,-3.2368014,-2.7968016,-3.6568015,-3.7268014,-1.6368015,-0.85680145,2.8131986,4.1431985,4.1131988,2.2731986,3.7531986,2.3331985,0.76319855,2.2031984,0.75319856,3.1831985,3.6431985,2.4231985,2.5831985,3.7731986,3.0331986,2.6231985,2.7731986,2.3931985,2.0831985,2.0631986,1.5931985,0.90319854,0.90319854,0.8631985,1.2131985,-0.55680144,-1.0268015,-2.9468014,-1.7168014,-2.3668015,-2.9168015,-3.4068015
-0.35680145,-1.8668015,-2.4568014,-3.2168014,-3.1068015,-2.7568014,-2.4768014,-0.84680146,0.29319856,2.1331985,4.4231987,3.3331985,3.9231985,2.9231985,1.4931985,-0.5068014,0.0031985473,4.1331987,6.273198,4.343199,4.2631984,3.5631986,3.3631985,3.7531986,3.1231985,2.5631986,1.5931985,0.5531986,1.2131985,2.2431986,1.4931985,0.9931986,-0.33680144,0.8531985,-0.13680145,0.24319854,0.39319855,-2.1068015,-0.42680144,0.51319855,1.0231986
-0.58680147,-0.6968014,-2.2268014,-2.9368014,-3.9768014,-3.3468015,-3.5468016,-2.0468016,-2.1468015,-1.3468014,3.1031985,4.5631986,4.1631985,4.3131986,4.7431984,2.8931985,0.24319854,-0.38680145,3.9331985,3.7531986,3.5731986,4.8131986,4.5631986,4.5531983,3.7231987,3.4031985,1.2631985,1.9531986,0.14319855,-0.8968015,-1.1368015,-2.2268014,2.2631986,1.9831985,1.2131985,1.6231985,0.5431985,1.4131986,1.4331986,1.6931986,0.07319855
-0.7068015,1.1631986,-0.72680146,-2.6568015,-2.6368015,-4.2068014,-4.0368013,-3.3968015,-4.2968016,-2.6268015,-0.07680145,1.1431985,1.9831985,3.9931986,5.0731983,5.3631983,4.6631985,4.2031984,2.3531985,4.2031984,4.4331985,4.0131984,4.1431985,3.5431986,4.0431986,3.5031986,3.4231985,3.1431985,0.6031985,-1.4368014,-2.5868015,-2.9468014,-1.9468014,-1.0768014,1.0431986,1.9831985,2.1331985,3.2831986,2.6831985,2.5531986,1.1831986
-1.9068015,-1.5568014,-1.4968015,-1.1468015,-2.0068014,-1.0868014,-3.2868013,-3.7668014,-2.7068014,-3.4368014,-1.3768015,-1.2668015,0.78319854,2.8731985,3.3231986,2.6131985,2.2031984,1.8731985,2.4531984,3.7531986,4.6531987,5.833198,6.623198,5.3431983,3.9931986,3.6731985,3.0231986,2.2231987,0.8031986,-0.04680145,-1.3668015,-2.7868013,-3.2368014,-2.4168015,-0.80680144,2.2531986,3.5131986,2.0731986,3.0331986,1.7831986,0.97319853
-0.6468015,-1.2468015,-2.1968014,-1.0768014,-1.3868015,-1.4468014,-1.6168015,-2.5468016,-1.5868014,-1.7268014,-1.2768015,-1.0268015,-2.3668015,-4.6668015,-3.8568015,1.6831986,3.2531986,1.6931986,1.1331985,1.4831985,3.3131986,2.9231985,2.5331986,3.4131985,2.8931985,2.6031985,2.4731987,2.6631985,1.9431986,0.9331986,-0.80680144,-2.9068015,-2.7668014,-2.7268014,-2.3068016,0.33319855,2.4331985,1.8131986,1.8431985,2.0831985,1.8231986
-0.77680147,-1.9468014,-3.2668014,-0.34680146,-0.28680146,-0.46680146,-0.86680144,-0.32680145,-0.66680145,-2.4768014,-0.44680145,0.6131985,-0.24680145,-2.3768015,-4.3468013,-4.2968016,-4.8168015,-2.1868014,-0.6368015,0.31319854,-1.4968015,-1.8368014,-1.4368014,-0.71680146,1.0931985,2.1431985,2.7131987,2.7231987,2.5731986,1.2331985,-0.8968015,-1.6268015,-2.2568014,-1.9168015,-1.8668015,-0.036801454,3.2831986,2.7331986,2.0031986,2.7531986,0.82319856
