wind_kz.json
{"header": {"discipline":0,"disciplineName":"Meteorological products","gribEdition":2,"gribLength":1025,"center":7,"centerName":"US National Weather Service - NCEP(WMC)","subcenter":0,"refTime":"2024-02-02T12:00:00.000Z","significanceOfRT":1,"significanceOfRTName":"Start of forecast","productStatus":0,"productStatusName":"Operational products","productType":1,"productTypeName":"Forecast products","productDefinitionTemplate":0,"productDefinitionTemplateName":"Analysis/forecast at horizontal level/layer at a point in time","parameterCategory":2,"parameterCategoryName":"UnknownDiscipline_0_Category_2","parameterNumber":3,"parameterNumberName":"UnknownParameter_D0_C2_3","parameterUnit":"Unknown","genProcessType":2,"genProcessTypeName":"Forecast","forecastTime":0,"surface1Type":103,"surface1TypeName":"Specified height level above ground","surface1Value":10.0,"surface2Type":255,"surface2TypeName":"Missing","surface2Value":0.0,"gridDefinitionTemplate":0,"gridDefinitionTemplateName":"Latitude_Longitude","numberPoints":615,"shape":6,"shapeName":"Earth spherical with radius of 6,371,229.0 m","gridUnits":"degrees","resolution":48,"winds":"true","scanMode":64,"nx":41,"ny":15,"basicAngle":0,"lo1":47.0,"la1":41.0,"lo2":87.0,"la2":55.0,"dx":1.0,"dy":1.0}, "data":
[rows 0 to 14 of 15, columns 0 to 40 of 41]
-1.404414,0.9255859,-0.78441405,-2.834414,-0.27441406,2.145586,-1.0944141,0.11558594,1.9855859,2.105586,0.8155859,-0.35441408,-0.8744141,-0.124414064,0.70558596,-0.73441404,-0.79441404,-1.944414,-3.394414,-1.284414,0.31558594,-1.2744141,-2.234414,-1.334414,-2.504414,-0.014414063,-1.794414,1.665586,2.415586,1.815586,-2.9044142,-4.104414,2.175586,2.215586,2.2955859,1.595586,2.0555859,2.405586,2.245586,1.6255859,2.2955859
-1.9844141,-0.24441406,-2.774414,-3.1544142,-2.084414,5.975586,2.105586,0.72558594,3.3255858,2.755586,1.955586,0.31558594,1.075586,0.41558594,-0.8844141,-0.19441406,-1.304414,-1.444414,-0.85441405,-1.424414,-0.9344141,-2.284414,-2.4244142,1.055586,-1.4644141,-0.8144141,-4.424414,2.8155859,0.045585938,2.445586,6.355586,4.055586,0.83558595,-1.674414,-1.0244141,0.7455859,1.925586,1.075586,0.96558595,0.43558595,-0.5144141
-0.80441403,-1.1444141,-3.324414,-3.324414,-3.784414,6.825586,2.265586,3.5855858,2.365586,2.0355859,2.675586,2.495586,1.935586,2.0655859,1.1555859,1.065586,0.10558594,1.7655859,1.5155859,0.66558594,-0.55441403,-1.3544141,-2.014414,-0.37441406,-0.71441406,1.425586,-0.034414064,-0.9444141,-0.5744141,0.7455859,2.5455859,1.8855859,0.13558593,-2.034414,-1.704414,-0.9944141,-1.6244141,-5.404414,-0.77441406,1.565586,0.35558593
-0.84441406,-1.5044141,-1.784414,-1.814414,-0.44441405,6.045586,5.065586,5.155586,5.115586,4.455586,3.695586,2.975586,5.315586,6.1955857,3.3355858,2.7955859,2.385586,2.415586,2.5655859,2.3355858,1.045586,-1.084414,0.025585938,0.9855859,-0.0044140625,-0.25441405,0.42558593,-0.5644141,0.9955859,0.15558594,-0.96441406,-2.334414,0.52558595,-1.6244141,0.29558593,-1.6444141,0.5655859,0.47558594,-1.424414,0.7455859,0.84558594
0.54558593,1.075586,1.2755859,1.6055859,1.565586,1.7355859,4.205586,6.145586,5.395586,6.335586,5.725586,5.255586,6.815586,7.615586,8.515586,4.815586,4.255586,4.165586,4.025586,3.5455859,3.2855859,1.185586,0.41558594,0.095585935,0.20558594,-0.5744141,1.315586,-0.36441407,-0.72441405,-0.9944141,-0.48441407,0.095585935,3.225586,3.705586,-1.674414,-0.8744141,-0.24441406,-1.3744141,-0.06441406,0.22558594,1.5055859
1.555586,1.575586,1.925586,3.135586,3.245586,3.415586,4.1955857,4.9455857,5.995586,6.355586,6.255586,6.575586,7.2155857,9.285586,7.045586,6.625586,6.255586,5.685586,5.505586,4.485586,3.625586,3.855586,3.355586,2.445586,2.105586,1.705586,0.69558597,2.205586,0.76558596,0.08558594,0.54558593,-0.5144141,-1.3544141,-0.45441407,1.445586,0.37558594,1.7455859,-0.64441407,0.30558595,-0.89441407,1.0255859
1.8655859,2.425586,3.155586,2.735586,3.955586,4.105586,4.305586,5.165586,6.745586,6.805586,7.305586,7.625586,7.605586,7.235586,7.295586,8.015586,8.295586,7.1955857,7.185586,6.635586,5.1955857,4.475586,4.185586,3.685586,3.0855858,2.145586,0.65558594,1.095586,0.7455859,2.155586,2.015586,0.045585938,0.70558596,0.45558593,-0.09441406,-0.6844141,-1.834414,0.95558596,-0.83441406,-1.1244141,0.88558596
2.225586,2.8355858,3.0355859,3.015586,3.175586,3.445586,4.055586,4.975586,6.285586,6.815586,7.895586,7.855586,7.755586,8.495586,8.865586,7.995586,8.985586,8.495586,8.765586,7.975586,5.875586,4.985586,4.705586,5.225586,4.345586,3.675586,3.705586,2.105586,1.7355859,2.685586,2.625586,2.495586,1.325586,3.505586,4.9455857,1.1355859,-1.064414,1.845586,-0.70441407,-0.044414062,-0.044414062
2.235586,1.565586,3.0555859,2.905586,2.675586,3.245586,3.2855859,4.145586,5.355586,6.045586,6.885586,7.595586,7.265586,7.655586,7.105586,8.395586,8.465586,9.175586,8.745586,7.955586,6.115586,6.265586,6.555586,5.815586,6.265586,5.525586,5.145586,4.325586,5.255586,2.925586,4.905586,6.4655857,8.655586,6.145586,5.165586,4.725586,0.6155859,2.0455859,2.645586,1.685586,1.5155859
3.125586,2.975586,3.0555859,2.8355858,3.185586,3.265586,3.165586,4.005586,4.9655857,5.7155857,6.485586,6.985586,6.535586,5.485586,6.9655857,6.9455857,7.7155857,7.895586,7.515586,6.905586,6.6955857,5.875586,5.4255857,5.865586,5.375586,5.825586,5.625586,4.935586,4.605586,5.045586,4.285586,5.785586,5.565586,6.4255857,5.255586,4.355586,1.715586,1.1555859,3.385586,2.995586,2.175586
2.935586,3.155586,2.975586,3.175586,2.995586,3.0955858,3.0555859,3.905586,4.1955857,4.835586,5.625586,4.935586,5.635586,5.855586,6.275586,6.915586,7.375586,7.045586,6.655586,6.905586,5.935586,5.575586,4.955586,4.7155857,4.325586,4.485586,4.165586,4.4455857,4.805586,3.5455859,4.665586,3.915586,4.655586,5.015586,6.885586,6.915586,5.475586,2.995586,2.425586,1.2555859,-0.5144141
2.935586,3.5455859,2.905586,3.5655859,2.5955858,2.915586,3.205586,3.645586,3.5955858,3.955586,3.135586,3.3055859,4.935586,5.125586,5.035586,5.685586,6.255586,5.995586,5.9655857,5.335586,5.575586,4.235586,3.665586,3.8155859,3.655586,3.465586,3.715586,2.995586,3.125586,2.665586,3.365586,5.935586,5.545586,4.375586,4.825586,7.4655857,7.105586,0.11558594,1.6355859,1.3655859,0.43558595
2.145586,4.035586,4.155586,3.5555859,3.115586,2.475586,3.615586,4.125586,5.035586,3.0955858,1.8755859,2.5855858,2.985586,3.165586,3.185586,3.5555859,3.125586,4.835586,4.615586,4.6755857,4.9455857,4.335586,3.3455858,3.265586,2.5955858,1.7455859,0.60558593,1.205586,1.6555859,1.695586,3.0655859,6.075586,6.295586,4.915586,4.135586,5.785586,6.405586,2.195586,2.155586,1.6055859,0.77558595
2.265586,3.435586,4.4255857,4.375586,3.5955858,4.565586,4.9255857,5.225586,4.6755857,4.905586,1.205586,0.42558593,1.555586,1.7855859,2.365586,2.955586,3.3155859,3.985586,4.455586,3.105586,3.0755858,2.5555859,1.685586,1.915586,1.3855859,0.45558593,0.13558593,0.11558594,0.16558594,-0.0044140625,-0.26441407,6.145586,6.6955857,5.725586,4.885586,4.525586,2.665586,1.4955859,0.95558596,1.065586,1.815586
2.5455859,2.965586,4.605586,4.765586,5.295586,5.155586,4.725586,5.1955857,5.055586,4.075586,1.3755859,-0.30441406,0.29558593,1.205586,3.855586,4.225586,4.005586,3.615586,2.385586,2.7855859,2.3255858,2.115586,1.8855859,1.9955859,1.5155859,0.70558596,-0.09441406,-0.31441405,-0.91441405,-1.074414,-1.034414,1.7755859,4.575586,3.955586,3.395586,2.7955859,3.5655859,2.975586,1.7555859,-0.54441404,0.53558594
