wind.json
{"header": {"discipline":0,"disciplineName":"Meteorological products","gribEdition":2,"gribLength":953,"center":7,"centerName":"US National Weather Service - NCEP(WMC)","subcenter":0,"refTime":"2023-05-30T00:00:00.000Z","significanceOfRT":1,"significanceOfRTName":"Start of forecast","productStatus":0,"productStatusName":"Operational products","productType":1,"productTypeName":"Forecast products","productDefinitionTemplate":0,"productDefinitionTemplateName":"Analysis/forecast at horizontal level/layer at a point in time","parameterCategory":0,"parameterCategoryName":"UnknownDiscipline_0_Category_0","parameterNumber":0,"parameterNumberName":"UnknownParameter_D0_C0_0","parameterUnit":"Unknown","genProcessType":2,"genProcessTypeName":"Forecast","forecastTime":120,"surface1Type":1,"surface1TypeName":"Ground or water surface","surface1Value":0.0,"surface2Type":255,"surface2TypeName":"Missing","surface2Value":0.0,"gridDefinitionTemplate":0,"gridDefinitionTemplateName":"Latitude_Longitude","numberPoints":688,"shape":6,"shapeName":"Earth spherical with radius of 6,371,229.0 m","gridUnits":"degrees","resolution":48,"winds":"true","scanMode":64,"nx":43,"ny":16,"basicAngle":0,"lo1":45.0,"la1":40.0,"lo2":87.0,"la2":55.0,"dx":1.0,"dy":1.0}, "data":
[rows 0 to 15 of 16, columns 0 to 42 of 43]
280.2,279.30002,292.50003,292.7,292.80002,293.40002,292.2,291.80002,295.10004,294.90002,298.10004,296.90002,298.2,299.10004,297.50003,297.10004,296.7,296.10004,294.7,295.90002,295.90002,291.30002,291.60004,292.7,288.30002,286.90002,286.2,280.7,274.2,274.10004,275.90002,287.2,287.90002,293.2,293.90002,293.80002,294.40002,295.50003,294.80002,294.50003,293.80002,293.7,292.90002
284.90002,291.00003,291.80002,285.2,288.2,291.00003,291.00003,290.80002,292.40002,296.60004,296.50003,298.2,297.10004,298.30002,296.2,296.50003,296.2,293.60004,295.60004,293.60004,294.30002,293.90002,295.50003,292.60004,290.80002,287.50003,290.10004,290.30002,288.00003,274.90002,276.60004,273.2,265.80002,271.2,286.60004,293.60004,294.60004,296.2,296.10004,294.10004,294.2,294.80002,294.90002
283.80002,282.50003,275.50003,288.00003,290.50003,290.90002,290.30002,290.10004,296.2,296.90002,297.10004,296.90002,296.40002,294.7,295.2,294.80002,294.60004,295.10004,290.90002,294.30002,291.30002,293.90002,295.30002,291.30002,290.2,283.50003,272.10004,273.00003,281.2,274.60004,277.00003,273.50003,281.10004,270.50003,279.50003,266.7,272.80002,291.80002,291.60004,292.2,295.10004,288.30002,282.80002
285.90002,287.2,288.60004,291.50003,290.30002,290.30002,290.10004,294.60004,296.30002,296.90002,296.7,295.90002,293.90002,293.2,293.60004,294.50003,295.80002,296.50003,292.90002,292.50003,291.50003,293.10004,295.2,291.80002,291.40002,286.10004,284.30002,285.00003,285.7,287.2,288.90002,280.7,273.10004,275.00003,281.40002,280.90002,281.50003,283.00003,275.50003,279.10004,280.7,274.40002,272.7
291.00003,292.30002,290.40002,293.2,291.50003,291.10004,292.40002,295.30002,296.2,297.30002,297.50003,296.00003,294.00003,293.40002,291.50003,291.60004,295.80002,296.7,294.80002,292.90002,294.7,294.80002,292.50003,287.10004,290.10004,290.90002,291.90002,291.90002,292.40002,290.90002,288.10004,289.00003,289.7,290.60004,293.00003,291.2,290.10004,286.2,277.40002,272.2,280.7,288.40002,292.00003
291.10004,293.60004,293.50003,294.90002,294.30002,294.80002,295.2,296.2,297.10004,297.2,297.2,296.60004,295.60004,293.10004,292.60004,292.2,289.80002,296.00003,294.60004,294.40002,292.50003,294.50003,293.2,294.00003,293.2,293.00003,292.7,293.40002,291.10004,291.00003,290.80002,291.60004,293.10004,289.7,281.00003,271.80002,281.60004,290.80002,292.40002,295.90002,296.40002,295.7,294.90002
290.80002,293.30002,293.10004,291.90002,295.30002,294.80002,294.60004,294.7,296.40002,297.30002,296.00003,296.30002,296.2,295.90002,291.90002,291.60004,293.60004,295.60004,296.7,295.40002,295.40002,294.90002,292.90002,292.2,292.80002,292.00003,291.50003,290.30002,291.7,290.00003,293.60004,293.60004,291.80002,291.40002,289.90002,288.30002,287.7,292.00003,284.90002,286.50003,295.50003,296.2,295.00003
291.7,292.90002,292.2,292.50003,295.10004,296.2,294.7,294.7,294.30002,294.60004,295.2,296.00003,295.7,295.10004,295.10004,295.60004,294.50003,297.10004,295.30002,296.7,294.80002,293.50003,290.80002,291.30002,291.80002,291.90002,290.30002,290.50003,289.60004,291.80002,292.40002,293.7,293.10004,292.80002,292.2,292.80002,291.50003,290.30002,286.90002,284.50003,282.7,281.10004,292.40002
290.50003,290.7,292.80002,293.00003,296.10004,296.80002,296.2,294.90002,293.2,292.2,291.30002,292.60004,292.7,295.2,293.40002,294.60004,294.80002,296.10004,295.50003,295.90002,294.00003,292.80002,291.10004,290.7,290.40002,290.30002,288.7,286.30002,288.40002,289.40002,288.50003,289.40002,289.00003,289.7,290.10004,287.60004,287.90002,291.50003,291.90002,285.30002,293.7,293.60004,290.2
287.10004,290.2,291.30002,291.2,293.10004,295.7,295.60004,292.30002,291.30002,291.10004,290.2,289.10004,289.80002,291.10004,291.40002,294.30002,293.7,299.30002,293.40002,293.30002,294.10004,292.80002,290.40002,288.80002,290.00003,289.2,288.40002,288.7,286.90002,287.2,285.50003,286.10004,287.2,287.50003,289.10004,290.30002,290.00003,288.80002,289.2,288.80002,283.90002,283.2,281.00003
285.80002,286.7,287.60004,289.2,289.10004,294.00003,293.7,290.00003,289.7,289.10004,288.7,286.90002,288.2,288.30002,290.00003,291.80002,293.2,294.2,294.2,295.2,292.30002,292.80002,291.00003,290.50003,290.10004,289.40002,289.30002,288.60004,288.50003,287.80002,287.10004,288.30002,288.30002,289.7,290.80002,290.90002,290.50003,289.7,288.60004,286.90002,285.60004,284.80002,282.50003
283.40002,284.90002,285.50003,287.7,290.7,288.00003,288.90002,289.40002,289.50003,288.7,286.10004,286.40002,286.00003,287.10004,288.7,290.10004,291.2,292.50003,293.80002,292.10004,291.40002,293.10004,292.40002,290.50003,291.30002,290.90002,288.90002,289.40002,287.50003,289.60004,290.50003,292.40002,293.10004,292.80002,291.80002,290.60004,288.90002,289.00003,288.10004,284.90002,285.10004,285.50003,284.60004
279.30002,282.80002,283.50003,284.7,288.30002,288.30002,291.40002,289.50003,286.50003,286.50003,285.7,285.50003,284.30002,286.40002,287.90002,288.50003,290.90002,291.2,291.90002,292.30002,292.00003,293.10004,291.60004,290.40002,290.10004,289.7,289.50003,290.30002,291.40002,293.2,294.2,295.00003,294.00003,294.80002,294.50003,292.50003,292.10004,290.2,289.50003,289.2,289.60004,288.30002,287.50003
276.10004,276.30002,280.90002,282.90002,285.60004,287.80002,287.2,287.80002,285.30002,285.00003,284.90002,284.80002,284.00003,283.10004,286.30002,287.00003,287.90002,290.10004,290.50003,290.50003,291.80002,291.60004,291.2,289.60004,289.30002,289.60004,291.80002,292.60004,294.30002,294.50003,294.40002,295.2,295.50003,295.80002,296.10004,294.80002,294.40002,293.10004,292.40002,291.7,290.40002,291.30002,289.90002
276.90002,276.90002,277.40002,281.50003,284.40002,285.00003,287.00003,289.00003,286.10004,288.30002,284.90002,284.90002,286.40002,282.90002,283.7,286.00003,286.80002,288.00003,289.40002,290.2,291.00003,291.60004,291.80002,290.60004,292.10004,292.10004,293.50003,293.60004,293.80002,294.50003,294.30002,294.80002,295.2,295.10004,295.60004,295.10004,294.60004,294.2,293.50003,292.2,291.7,291.90002,291.60004
279.50003,279.30002,277.40002,279.30002,284.80002,283.7,285.2,287.2,288.40002,287.60004,285.50003,285.2,285.30002,283.7,284.40002,285.30002,286.00003,287.2,287.90002,288.80002,290.00003,290.7,291.30002,291.00003,290.2,290.60004,291.00003,291.2,292.40002,292.60004,293.40002,293.30002,293.7,288.7,294.60004,294.30002,294.10004,294.2,293.90002,292.40002,292.50003,292.10004,290.2
