wind.json
{"header": {"discipline":0,"disciplineName":"Meteorological products","gribEdition":2,"gribLength":1211,"center":7,"centerName":"US National Weather Service - NCEP(WMC)","subcenter":0,"refTime":"2023-06-30T18:00:00.000Z","significanceOfRT":1,"significanceOfRTName":"Start of forecast","productStatus":0,"productStatusName":"Operational products","productType":1,"productTypeName":"Forecast products","productDefinitionTemplate":0,"productDefinitionTemplateName":"Analysis/forecast at horizontal level/layer at a point in time","parameterCategory":2,"parameterCategoryName":"UnknownDiscipline_0_Category_2","parameterNumber":3,"parameterNumberName":"UnknownParameter_D0_C2_3","parameterUnit":"Unknown","genProcessType":2,"genProcessTypeName":"Forecast","forecastTime":0,"surface1Type":103,"surface1TypeName":"Specified height level above ground","surface1Value":10.0,"surface2Type":255,"surface2TypeName":"Missing","surface2Value":0.0,"gridDefinitionTemplate":0,"gridDefinitionTemplateName":"Latitude_Longitude","numberPoints":688,"shape":6,"shapeName":"Earth spherical with radius of 6,371,229.0 m","gridUnits":"degrees","resolution":48,"winds":"true","scanMode":64,"nx":43,"ny":16,"basicAngle":0,"lo1":45.0,"la1":40.0,"lo2":87.0,"la2":55.0,"dx":1.0,"dy":1.0}, "data":
[rows 0 to 15 of 16, columns 0 to 42 of 43]
-2.6287622,3.5012379,1.8712378,3.9312377,1.9512378,-1.8487622,-3.9587622,-4.8787622,-6.458762,-3.8787622,-3.288762,3.4912379,-0.038762208,2.3612378,0.9612378,-0.5287622,-1.1987622,-3.1887622,-3.1387622,-4.098762,-5.0487623,-2.2287621,-2.9887621,1.2812378,2.5212379,1.6312377,2.231238,2.4412377,1.0812378,-1.4587622,-2.4687622,0.16123779,1.6612378,-1.5487622,-1.9687622,-4.7187624,-2.8987622,-1.1687622,-1.7187622,-2.5487623,1.9012378,1.0312378,-0.048762206
-0.9887622,-3.7287621,1.1212378,-1.1987622,-0.3987622,-3.8787622,-5.078762,-5.788762,-5.618762,-5.6087623,-2.9787621,-3.1287622,2.981238,2.1212378,0.031237792,-0.7587622,-1.5087622,-3.1287622,-3.0887623,-2.8887622,-2.6387622,-2.9787621,-6.728762,-6.138762,-2.1687622,-1.6787622,-1.4987622,-0.09876221,-0.82876223,1.6612378,-0.7887622,-1.5387622,-3.1287622,-3.0687623,-1.7687622,-3.5587623,-3.7187622,-5.618762,-3.4387622,-0.08876221,4.591238,3.961238,2.7712379
1.8712378,-2.2087622,2.5112379,-2.288762,-6.308762,-3.9387622,-4.248762,-5.248762,-5.908762,-2.9387622,-4.958762,-3.2087622,2.6412377,2.3412378,-0.3587622,-3.0487623,-1.9187622,-2.6587622,-3.0887623,-3.6487622,-2.768762,-1.5987622,-4.148762,-6.188762,-3.9187622,1.9012378,-0.8187622,-1.8187622,-3.538762,-1.0187622,-0.7787622,-0.20876221,-0.08876221,-0.4587622,-1.8587623,-1.7287621,-3.5987623,-6.2387624,-1.1887622,-3.0087621,-1.0187622,-4.958762,0.4612378
2.7412379,1.3912377,-3.4287622,-10.118762,-6.3787622,-4.188762,-4.4287624,-3.5687623,-3.038762,-3.778762,-0.9887622,-3.2387621,2.2712379,-1.4787621,0.5512378,-0.5287622,-2.0587623,-4.598762,-2.278762,-0.5287622,-2.2587621,-3.1287622,-3.3387623,-4.168762,-4.5287623,-3.518762,-1.6187623,0.21123779,-0.7287622,-0.22876221,-0.22876221,2.221238,2.211238,1.9212378,2.8912377,-0.7887622,0.37123778,1.5412378,-0.5287622,-1.3887622,0.7712378,1.6112378,1.3912377
4.8012376,0.34123778,-1.8287622,-7.868762,-7.2387624,-5.0687623,-5.0487623,-3.8887622,-2.0487623,-7.3787622,1.5112377,2.471238,0.1412378,3.3312378,-0.9287622,-1.8687623,0.4012378,-1.7887622,-2.8487623,-0.82876223,-0.4887622,-1.2687622,-1.5787622,-2.0887623,-0.018762207,-2.1387622,-2.4287622,-3.5887623,-4.5087624,-3.288762,0.24123779,-1.1387622,-2.3087623,-4.2587624,-2.4687622,1.8712378,-0.49876222,-2.5087621,-0.3487622,2.0412378,-0.5687622,0.4612378,2.211238
4.351238,1.6112378,-3.1787622,-7.9887624,-8.648762,-5.638762,-2.4287622,-3.768762,-4.498762,-4.3387623,-1.1387622,3.1212378,4.331238,1.1812378,0.2012378,-2.6787622,-2.4787621,-0.8087622,-1.3587623,-0.1587622,0.19123779,-1.3387622,-1.8787622,-1.6487622,-2.8187623,1.2412378,1.5712378,0.4912378,-1.2787622,-3.4087622,-3.2287621,-1.8987622,-1.4087622,1.5712378,0.3512378,-0.20876221,0.37123778,-1.5487622,-1.0987622,1.8312378,2.0112379,1.7012378,0.8012378
3.5612378,3.7612379,4.311238,-3.6287622,-3.4887621,-3.3387623,-1.9687622,0.5212378,-1.3487622,-2.9987621,3.8112378,3.8912377,1.5912378,2.471238,-0.8787622,-1.3587623,0.08123779,0.7712378,-2.268762,-3.2487621,-1.5687622,1.4112378,-0.9587622,-1.1887622,-2.6387622,-2.0487623,3.6412377,3.9512377,2.961238,2.1512377,0.34123778,-1.1487622,-1.6687622,-2.3587623,0.2012378,3.4112377,3.3112378,2.8212378,2.3212378,1.1112378,3.1612377,-0.6787622,-1.6587622
2.2012377,0.9912378,0.3812378,-0.1687622,-2.9487622,-4.6987624,-6.168762,3.481238,2.3912377,0.6412378,8.041238,6.561238,5.151238,4.8012376,3.721238,2.5312378,2.0912378,2.2612379,2.1312377,0.3912378,-3.528762,-1.3787622,-1.9187622,1.6112378,0.4212378,-4.8787622,-2.3087623,-2.2087622,-2.518762,-1.8887622,-4.158762,-3.9487622,-1.4387622,-4.368762,-6.0487623,-4.518762,-2.6787622,-1.4487622,-3.3987622,-0.9287622,-0.7887622,0.15123779,-1.5487622
2.6912377,1.5112377,0.86123776,-1.3787622,-2.3587623,-3.5887623,-3.2387621,-5.3187623,6.041238,4.1812377,7.591238,5.691238,6.0512376,4.2412376,4.2812376,3.9112377,3.7712379,3.3012378,3.0612378,0.1712378,-2.7987623,0.25123778,-2.1387622,-2.778762,-2.5487623,-3.5887623,-2.9087622,-1.1287622,-2.4387622,-4.408762,-3.2587621,-3.2987623,-2.768762,-2.8287623,-2.788762,-4.4487624,-1.3387622,-5.688762,3.9912379,3.0512378,1.0012378,-1.5287622,-1.6887622
3.461238,3.7612379,1.5412378,0.5712378,0.4512378,-2.6587622,-1.3887622,-5.618762,-0.5687622,6.111238,9.341238,4.111238,4.4112377,3.1712377,3.8012378,3.9112377,3.8412378,2.2412379,0.13123779,3.4412377,1.9512378,1.0612378,1.1012378,-1.2887622,-1.4787621,-1.4787621,-1.0887622,-0.9087622,-0.76876223,-1.2287621,-1.0987622,-0.7587622,-2.268762,-0.9587622,0.031237792,-1.5387622,0.9912378,-0.2487622,-1.6887622,1.6912378,-1.4487622,-1.7287621,-0.5487622
3.9012377,3.3912377,1.8312378,1.7612377,0.6612378,-1.4887623,-1.7187622,-4.2787623,-4.458762,2.3412378,9.691237,5.441238,-3.5787623,4.601238,6.7412376,3.6312377,3.5512378,2.7612379,-0.068762206,-1.0687622,2.5612378,2.3012378,0.5312378,-0.2987622,-0.8187622,0.6412378,-0.2987622,-1.7787622,-1.3287622,0.5412378,-0.2387622,0.041237794,0.4512378,-0.49876222,0.6512378,0.7712378,1.4112378,0.3012378,0.5812378,-2.9487622,1.2212378,4.541238,2.5112379
3.5912378,2.981238,2.971238,1.7012378,1.7412378,-0.8787622,-1.2987622,-3.278762,-4.478762,2.6712377,4.8712378,10.511238,8.381238,10.811237,7.601238,5.3212376,4.0712376,3.1412377,1.9312378,1.7112378,-0.1687622,0.92123777,0.3812378,-0.8087622,-1.7887622,-2.028762,-2.788762,-3.1687622,-1.8987622,-1.9687622,0.09123779,-1.2787622,-2.3887622,-1.7487622,-0.0787622,0.7112378,1.6412377,0.6412378,1.2312378,2.1112378,2.481238,1.7112378,1.2612377
3.1012378,1.4112378,1.7312378,0.9112378,1.1112378,-0.8087622,-0.7987622,-2.2087622,0.92123777,0.6812378,0.5512378,2.4912379,3.8012378,2.2512379,3.8212378,5.7212377,3.8812377,2.5212379,2.2912378,1.6512378,0.8712378,0.2312378,-0.40876222,-1.8887622,-2.2587621,-2.528762,-3.2487621,-2.3387623,-1.8987622,-2.4587622,-3.1887622,-3.3387623,-3.2187622,-3.5787623,-2.278762,0.8912378,1.6712378,2.5812378,2.4012377,1.8012378,1.9012378,1.4512378,0.4312378
3.1712377,3.1612377,2.4012377,1.6212378,2.4212377,1.0912378,0.001237793,-1.1687622,0.9012378,0.9312378,1.1112378,1.8312378,0.4512378,2.0412378,3.0012379,2.5312378,3.2912378,2.7412379,3.0712378,2.6512377,2.0612378,1.4212378,0.3212378,-0.8087622,-1.1587622,-0.3587622,-2.3687623,-2.8287623,-3.0987623,-2.5787623,-3.1887622,-2.7587621,-2.7587621,-2.8687623,-3.5587623,-2.788762,-1.1087623,2.1212378,3.5012379,2.0312378,3.0912378,3.6112378,2.3312378
3.1312377,2.3312378,2.5012379,2.3912377,2.2612379,1.9512378,0.12123779,2.2412379,0.8812378,2.5412378,2.1012378,3.2412379,2.2712379,0.16123779,0.4212378,2.3512378,2.8212378,2.7912378,3.3412378,3.1912377,2.5812378,2.5112379,1.7212378,0.31123778,-1.5987622,-1.5287622,-2.1487622,-0.7587622,-2.8487623,-2.5587623,-2.4687622,-1.9087622,-2.0787623,-2.2987623,-2.3987622,-1.6887622,-1.6987622,-2.3887622,-0.9187622,2.1612377,2.2712379,1.9812378,1.9012378
3.0212379,2.3112378,1.7912378,1.6012378,3.0512378,1.5812378,2.5612378,1.4312378,1.2412378,2.2912378,0.8812378,0.7112378,0.3312378,1.6812378,1.9512378,1.2312378,3.7512379,3.8012378,3.2012377,3.6412377,2.9212377,2.6612377,1.4512378,0.6812378,-0.7087622,-1.2587622,-1.7587622,-1.5687622,-1.6787622,-1.9987622,-2.3787622,-2.3987622,-2.4987621,-2.538762,-1.9487622,-1.8787622,-1.4887623,-1.6887622,-1.6087623,-0.038762208,0.98123777,3.5912378,3.221238
