wind_kz.json
{"header": {"discipline":0,"disciplineName":"Meteorological products","gribEdition":2,"gribLength":1025,"center":7,"centerName":"US National Weather Service - NCEP(WMC)","subcenter":0,"refTime":"2023-09-07T18:00:00.000Z","significanceOfRT":1,"significanceOfRTName":"Start of forecast","productStatus":0,"productStatusName":"Operational products","productType":1,"productTypeName":"Forecast products","productDefinitionTemplate":0,"productDefinitionTemplateName":"Analysis/forecast at horizontal level/layer at a point in time","parameterCategory":2,"parameterCategoryName":"UnknownDiscipline_0_Category_2","parameterNumber":2,"parameterNumberName":"UnknownParameter_D0_C2_2","parameterUnit":"Unknown","genProcessType":2,"genProcessTypeName":"Forecast","forecastTime":240,"surface1Type":103,"surface1TypeName":"Specified height level above ground","surface1Value":10.0,"surface2Type":255,"surface2TypeName":"Missing","surface2Value":0.0,"gridDefinitionTemplate":0,"gridDefinitionTemplateName":"Latitude_Longitude","numberPoints":615,"shape":6,"shapeName":"Earth spherical with radius of 6,371,229.0 m","gridUnits":"degrees","resolution":48,"winds":"true","scanMode":64,"nx":41,"ny":15,"basicAngle":0,"lo1":47.0,"la1":41.0,"lo2":87.0,"la2":55.0,"dx":1.0,"dy":1.0}, "data":
[rows 0 to 14 of 15, columns 0 to 40 of 41]
-2.9895654,-0.40956542,1.0904346,1.1004345,-0.02956543,0.5604346,-0.6995654,-4.4995656,-5.9995656,-5.919565,-5.149565,-4.0495653,-4.3195653,-3.9795654,-3.2395654,-2.9495654,-3.2095654,-2.9795654,-3.9495654,-2.3695655,-1.9595654,-0.11956543,-0.01956543,-1.2595655,-0.97956544,-2.9595654,-1.6295655,0.35043457,-0.19956543,0.19043458,-0.44956544,1.5204346,6.6704345,1.4204346,3.0604346,-2.5795655,-2.7495654,-3.3395655,-3.3695655,-2.1995654,-3.1095655
0.45043457,0.76043457,-0.19956543,-0.8695654,0.04043457,1.2004346,-0.21956544,-1.8795655,-3.5795655,-4.649565,-3.6295655,-4.2095656,-4.4495654,-3.8695655,-2.9695654,-3.4095654,-2.9295654,-2.7895653,-1.6895654,-0.91956544,0.18043457,0.5604346,1.0504346,-1.5295655,0.84043455,0.9904346,-1.1895654,1.5304346,-3.2695653,-1.2895654,0.42043456,-0.6195654,0.46043456,-1.5995654,0.24043457,-0.9495654,-0.43956542,0.90043455,0.37043458,-0.12956543,-4.8895655
-0.79956543,-2.3895655,-1.7295654,-0.5695654,0.5504346,1.2804346,-0.91956544,0.72043455,0.28043458,-2.8995655,-2.2195654,-3.2895653,-4.0495653,-2.9995654,-3.5995655,-3.1395655,-2.9895654,-0.7495654,0.12043457,-0.07956543,1.1404346,0.7504346,-4.2695656,-3.3695655,1.5904346,-2.4995654,-1.2795655,1.1204345,-2.4295654,-0.43956542,-0.16956542,1.0504346,-0.12956543,1.1904346,0.78043455,-1.4795654,-0.03956543,0.5004346,2.4404345,0.9804346,1.8504345
-2.0095654,-1.4395654,-0.6395654,-0.72956544,-1.7795655,-1.7595655,0.35043457,1.0804346,1.5104346,2.1304345,-2.2195654,-5.2295656,-6.6195655,-4.5295653,-2.5695655,-2.3195655,-1.7995654,-2.0295653,-1.0595654,0.9304346,0.90043455,-2.1395655,2.4704347,-0.32956544,-0.64956546,-0.8195654,-0.6895654,-2.2495654,-0.01956543,0.43043458,0.58043456,-1.0695654,2.2504346,2.9004345,-2.7295654,-1.7895654,-1.1495655,2.1004345,0.13043457,-0.71956545,-0.85956544
-0.7695654,2.5104346,1.9004346,1.3104346,2.4304345,1.7004346,2.3504345,3.0604346,3.4404345,2.7104347,-2.2395654,-4.8595653,-4.9895654,-4.0795655,-2.6895654,-2.6995654,-1.5495654,-1.4595654,-0.24956542,0.27043456,0.6204346,-3.3895655,-3.1095655,-2.5095654,-2.2195654,-2.1195655,-2.2095654,1.0004345,1.4304346,2.6904345,1.0104346,-0.43956542,-0.8195654,1.3804345,0.8604346,1.1504346,0.23043457,-0.38956544,-0.04956543,-0.6395654,-0.28956544
-2.5495653,-1.8995655,-2.6095655,0.36043456,3.7104347,5.6304345,4.0704346,4.4904346,2.9004345,3.0804346,-2.2095654,-4.899565,-3.9195654,-4.1595654,1.5604346,-1.9895654,-1.4095654,-1.1895654,0.31043458,0.8604346,-0.6895654,-2.8895655,-2.6695654,-2.3295655,-1.2395654,-1.1295655,-1.5295655,0.14043456,3.2004347,2.4404345,1.5504346,0.95043457,0.76043457,-2.0695655,1.5204346,-3.6995654,0.5004346,-0.77956545,1.8504345,-0.52956545,1.5904346
-1.2495655,-0.42956543,-0.14956543,0.42043456,1.4004346,1.7904346,2.2904346,2.4404345,1.3904346,-1.5895654,-1.8195654,-3.2395654,-1.8595654,-3.0495653,4.6704345,2.5304346,-1.7595655,-0.5595654,0.6104346,0.7404346,0.08043457,-0.53956544,-3.2595654,-2.8495655,-1.3895655,-1.5795654,-0.89956546,-2.0995655,-1.8395654,-1.3095654,1.3404346,-0.18956544,-2.9195654,-2.3895655,-2.7195654,-1.2195654,-0.6295654,2.4204345,-0.60956544,0.21043457,3.2804346
-0.25956544,0.13043457,0.8204346,1.4104346,1.1304345,2.2104347,2.2604346,1.4404346,2.8704345,0.28043458,-0.73956543,-0.23956543,0.59043455,1.4504346,4.6704345,-0.44956544,-0.77956545,1.4104346,1.3104346,-0.53956544,0.64043456,-1.6895654,-3.4795654,-2.5395653,-1.9095654,-0.8095654,0.37043458,-0.49956542,-0.33956543,-1.2095654,-2.2895653,-2.0195653,-3.7795653,-1.4395654,-3.0895655,1.7604346,3.4104345,1.2504345,-2.6595654,-3.8495655,-1.1795654
-0.9295654,0.66043454,1.1004345,2.0604346,1.8704345,0.9304346,2.6204345,2.4504347,2.1804345,2.9104345,2.9604347,1.6204345,2.7804346,3.2804346,-1.4495654,-2.7795653,-2.0495653,0.59043455,2.0904346,0.9904346,-3.3295655,-2.8195655,-2.8095655,-1.8495654,-2.2995653,-0.7495654,0.85043454,-0.089565426,2.1104345,0.29043457,0.19043458,-1.4395654,-0.91956544,-1.4095654,-1.1195655,-0.15956543,0.23043457,-2.8895655,-1.7295654,0.27043456,-0.96956545
0.85043454,2.1404345,0.05043457,0.58043456,-0.05956543,0.6704346,2.1604345,2.7704346,2.3104346,3.4504347,3.6804345,3.5304346,-2.8695655,-0.02956543,-1.9295654,-2.7495654,-2.1795654,-2.6195655,-1.9895654,-3.2495654,-2.6695654,-1.9295654,-2.3795655,-1.7095654,-1.0895654,0.14043456,0.85043454,0.5504346,0.46043456,0.5604346,1.0304346,1.2004346,0.14043456,-0.8195654,0.030434571,1.1204345,-1.3795655,-0.41956544,-0.6795654,-0.15956543,0.37043458
2.0604346,1.3904346,1.4604346,1.8204346,1.8404346,2.1304345,3.2704346,3.9104345,3.1004345,2.6404345,3.3604345,2.0504346,-4.4995656,-2.2495654,-3.4095654,-2.4995654,-2.2295654,-2.3695655,-3.4095654,-3.0495653,-2.2095654,-3.0295653,-1.1395655,0.20043457,1.2804346,1.8804345,2.2904346,2.4404345,2.6904345,2.6404345,1.6604346,3.1204345,1.4804345,1.3904346,1.9404346,-0.33956543,-1.2495655,0.66043454,-0.8895654,0.46043456,-1.1395655
1.7804346,2.1604345,2.0004346,2.1404345,2.6804345,2.5104346,3.4004345,3.8404346,3.0604346,3.7004347,-0.5695654,-2.1895654,-4.5595655,-0.04956543,-3.4795654,-3.1395655,-2.3495655,-2.0695655,-1.5195655,-2.2095654,-1.1795654,1.5004345,-0.42956543,1.8504345,1.9804345,2.1104345,3.2504346,3.9004345,3.5904346,3.5804346,2.1404345,3.0404346,2.2804346,2.4104345,0.29043457,-0.02956543,-0.10956543,2.0504346,0.9404346,0.6104346,-0.01956543
1.7304345,2.1204345,2.4804347,3.3904345,2.7904346,2.0804346,2.2904346,3.8704345,4.830435,-0.27956542,-1.8695655,-3.1495655,-2.2195654,-2.9895654,-4.1295652,-3.3595655,-2.0195653,-1.8895655,-1.6495655,-1.5395654,-1.2595655,-0.65956545,1.3204346,1.0604346,2.9704347,2.8604345,3.2104347,2.5404346,2.8804345,2.5204346,2.7404346,3.5604346,1.6204345,1.4504346,2.1904345,0.23043457,1.6104345,1.9704345,1.8304346,0.49043456,-0.9295654
3.0804346,2.9704347,3.6304345,3.0504346,2.9804347,2.4004345,2.1204345,1.6104345,0.39043456,-1.9695654,-1.9095654,-3.1895654,-2.2395654,-1.7195654,-2.8995655,-2.9295654,-2.3695655,-2.5595655,-2.1895654,-0.9495654,-0.54956543,0.09043457,1.3604345,2.4804347,0.14043456,0.6104346,1.4304346,1.7304345,1.4304346,-0.38956544,0.5404346,1.3004346,2.1004345,2.2804346,1.9904345,-0.33956543,0.010434571,-1.2795655,-1.1095654,-0.39956543,-0.16956542
1.7804346,3.3804345,4.1904345,2.3504345,2.2304347,0.8804346,2.0104346,0.9204346,-1.4895654,-1.8995655,-2.1695654,-2.0895655,-2.6295655,-1.0495654,-2.1395655,-1.5995654,-1.1295655,-0.91956544,-1.0195655,-0.71956545,0.15043457,0.17043456,0.8204346,-0.17956543,-0.8295654,-0.03956543,0.96043456,0.5404346,-0.9395654,-1.1095654,-0.44956544,-1.3395654,-1.5695654,-1.7095654,-1.1595654,-0.43956542,-0.5695654,0.14043456,-0.8295654,0.28043458,-0.6795654
