wind_kz.json
{"header": {"discipline":0,"disciplineName":"Meteorological products","gribEdition":2,"gribLength":871,"center":7,"centerName":"US National Weather Service - NCEP(WMC)","subcenter":0,"refTime":"2023-10-03T06:00:00.000Z","significanceOfRT":1,"significanceOfRTName":"Start of forecast","productStatus":0,"productStatusName":"Operational products","productType":1,"productTypeName":"Forecast products","productDefinitionTemplate":0,"productDefinitionTemplateName":"Analysis/forecast at horizontal level/layer at a point in time","parameterCategory":0,"parameterCategoryName":"UnknownDiscipline_0_Category_0","parameterNumber":0,"parameterNumberName":"UnknownParameter_D0_C0_0","parameterUnit":"Unknown","genProcessType":2,"genProcessTypeName":"Forecast","forecastTime":300,"surface1Type":1,"surface1TypeName":"Ground or water surface","surface1Value":0.0,"surface2Type":255,"surface2TypeName":"Missing","surface2Value":0.0,"gridDefinitionTemplate":0,"gridDefinitionTemplateName":"Latitude_Longitude","numberPoints":615,"shape":6,"shapeName":"Earth spherical with radius of 6,371,229.0 m","gridUnits":"degrees","resolution":48,"winds":"true","scanMode":64,"nx":41,"ny":15,"basicAngle":0,"lo1":47.0,"la1":41.0,"lo2":87.0,"la2":55.0,"dx":1.0,"dy":1.0}, "data":
[rows 0 to 14 of 15, columns 0 to 40 of 41]
285.39996,279.69998,282.69998,292.3,292.09998,290.8,287.99997,288.8,286.99997,288.49997,287.09998,288.8,287.89996,288.69998,289.8,287.8,289.49997,290.8,290.3,290.69998,290.99997,288.59998,287.49997,286.3,287.09998,289.3,286.49997,273.69998,271.09998,270.3,271.39996,267.8,280.89996,286.3,287.69998,287.69998,286.99997,289.19998,290.69998,290.19998,288.19998
261.69998,279.89996,291.89996,291.8,291.99997,290.3,285.59998,284.99997,285.39996,286.09998,286.59998,285.89996,285.8,285.89996,286.39996,284.99997,286.39996,286.09998,285.89996,287.3,285.3,287.99997,289.59998,281.49997,271.8,274.09998,280.09998,271.8,273.49997,272.89996,275.89996,266.59998,268.3,255.59998,263.69998,285.3,283.3,288.59998,290.8,284.59998,283.49997
281.09998,291.49997,291.49997,291.19998,289.69998,283.69998,282.8,283.3,283.19998,283.89996,283.8,285.8,284.69998,285.19998,285.99997,286.89996,283.39996,284.3,285.09998,285.99997,286.89996,285.99997,284.89996,284.59998,285.69998,284.3,283.39996,282.69998,283.19998,277.89996,262.69998,272.19998,277.39996,277.89996,279.8,279.59998,272.8,273.8,273.69998,270.89996,268.19998
281.89996,290.3,291.19998,290.49997,288.09998,282.19998,283.39996,281.69998,282.19998,282.99997,283.89996,283.39996,288.59998,288.19998,284.69998,282.3,283.3,283.59998,283.8,284.09998,287.3,283.69998,286.19998,284.89996,285.69998,285.19998,284.99997,282.49997,281.8,281.39996,280.39996,281.99997,284.69998,283.99997,283.8,280.8,272.89996,267.69998,272.59998,278.3,283.19998
282.89996,289.8,290.09998,289.39996,286.89996,282.89996,283.19998,282.89996,282.49997,282.3,283.69998,282.3,287.39996,286.3,285.09998,282.49997,282.39996,282.39996,281.49997,283.69998,287.39996,287.59998,283.69998,284.49997,286.3,284.99997,282.09998,282.39996,284.59998,283.49997,285.09998,282.39996,271.49997,265.19998,273.19998,280.19998,284.09998,286.09998,287.59998,287.59998,286.99997
280.99997,279.59998,287.8,288.3,288.69998,288.3,282.39996,283.99997,281.39996,281.59998,281.8,282.19998,286.39996,287.09998,285.3,282.09998,282.99997,281.39996,280.89996,281.89996,282.19998,283.89996,285.8,285.69998,283.39996,281.39996,280.39996,285.09998,280.8,281.39996,279.59998,280.19998,278.99997,279.8,275.69998,280.19998,270.89996,272.49997,278.89996,282.09998,285.8
279.39996,279.09998,281.19998,281.09998,282.49997,280.3,280.59998,280.09998,280.59998,280.89996,280.8,280.19998,280.49997,281.39996,280.89996,282.69998,281.89996,281.89996,280.39996,279.8,280.3,281.69998,284.89996,283.99997,281.09998,279.49997,277.39996,278.39996,278.39996,277.99997,278.09998,278.09998,277.89996,277.49997,277.99997,276.3,271.19998,267.99997,266.39996,268.99997,277.8
279.09998,277.39996,279.19998,279.59998,279.89996,279.69998,279.39996,279.19998,278.19998,278.59998,279.09998,279.8,278.99997,280.09998,280.8,282.3,282.3,281.39996,280.8,280.49997,278.59998,281.8,281.69998,282.3,279.99997,276.3,275.3,275.8,274.69998,276.3,274.39996,275.09998,273.09998,270.09998,271.09998,273.49997,275.49997,283.8,278.19998,278.49997,274.8
277.19998,277.49997,278.3,277.49997,278.3,279.8,279.3,278.69998,278.89996,276.49997,276.69998,276.49997,277.3,279.39996,281.09998,281.99997,281.8,280.19998,279.99997,281.19998,276.3,275.99997,277.3,278.59998,278.19998,275.09998,272.49997,273.19998,271.19998,270.89996,271.09998,270.09998,269.89996,271.99997,272.69998,271.49997,274.19998,274.59998,266.59998,269.09998,267.39996
277.69998,277.39996,279.3,279.69998,279.49997,279.59998,279.19998,278.69998,278.09998,278.39996,278.3,277.69998,278.89996,278.8,279.49997,280.49997,280.3,280.3,281.09998,279.39996,276.3,275.99997,277.09998,276.69998,276.3,274.39996,272.59998,270.49997,269.89996,264.09998,265.19998,271.49997,273.99997,273.99997,274.3,275.8,273.49997,273.89996,272.99997,271.19998,266.69998
278.59998,278.89996,278.99997,278.99997,278.8,279.19998,279.39996,278.8,278.19998,278.3,277.69998,277.49997,277.49997,277.39996,278.39996,279.09998,277.99997,278.49997,278.09998,276.89996,277.69998,276.89996,275.19998,275.89996,275.59998,274.89996,269.3,271.89996,271.19998,273.09998,273.8,274.09998,276.19998,276.09998,276.09998,275.19998,272.99997,271.8,273.59998,271.8,270.8
278.19998,278.99997,278.89996,278.59998,278.19998,276.8,278.19998,278.19998,278.3,278.09998,276.09998,276.3,277.3,277.59998,277.59998,277.49997,278.59998,278.09998,278.59998,277.49997,276.39996,274.99997,275.19998,275.59998,275.99997,275.89996,275.59998,275.49997,275.59998,275.8,274.8,274.09998,275.89996,274.3,275.49997,276.19998,276.69998,276.8,275.69998,276.3,275.69998
276.8,277.49997,278.59998,278.49997,278.39996,277.89996,276.49997,277.8,276.99997,276.69998,275.09998,273.59998,276.3,276.49997,277.59998,278.8,278.8,277.39996,278.3,277.89996,276.89996,275.69998,275.09998,275.8,277.09998,276.89996,278.19998,276.39996,275.69998,275.59998,275.69998,274.89996,274.19998,275.8,274.8,274.59998,274.49997,274.59998,274.8,273.59998,274.99997
276.69998,278.3,280.8,277.8,277.09998,277.49997,277.49997,276.49997,276.8,276.8,274.99997,272.8,273.99997,275.59998,277.49997,278.3,278.49997,277.3,277.8,277.49997,276.49997,276.19998,277.49997,277.89996,277.89996,277.8,276.69998,276.19998,274.69998,274.8,274.8,274.3,273.69998,275.99997,276.59998,274.39996,274.3,273.39996,273.39996,272.59998,274.09998
277.09998,278.49997,283.09998,277.89996,277.49997,277.3,277.39996,276.99997,276.89996,276.59998,276.09998,274.8,273.19998,274.19998,276.8,277.99997,278.19998,277.89996,277.69998,276.49997,276.69998,276.69998,278.99997,278.8,277.59998,276.69998,275.8,274.89996,274.39996,273.8,274.3,276.8,272.09998,271.39996,271.99997,273.99997,276.09998,272.89996,274.69998,275.19998,275.3
