wind_kz.json
{"header": {"discipline":0,"disciplineName":"Meteorological products","gribEdition":2,"gribLength":871,"center":7,"centerName":"US National Weather Service - NCEP(WMC)","subcenter":0,"refTime":"2023-09-20T18:00:00.000Z","significanceOfRT":1,"significanceOfRTName":"Start of forecast","productStatus":0,"productStatusName":"Operational products","productType":1,"productTypeName":"Forecast products","productDefinitionTemplate":0,"productDefinitionTemplateName":"Analysis/forecast at horizontal level/layer at a point in time","parameterCategory":0,"parameterCategoryName":"UnknownDiscipline_0_Category_0","parameterNumber":0,"parameterNumberName":"UnknownParameter_D0_C0_0","parameterUnit":"Unknown","genProcessType":2,"genProcessTypeName":"Forecast","forecastTime":240,"surface1Type":1,"surface1TypeName":"Ground or water surface","surface1Value":0.0,"surface2Type":255,"surface2TypeName":"Missing","surface2Value":0.0,"gridDefinitionTemplate":0,"gridDefinitionTemplateName":"Latitude_Longitude","numberPoints":615,"shape":6,"shapeName":"Earth spherical with radius of 6,371,229.0 m","gridUnits":"degrees","resolution":48,"winds":"true","scanMode":64,"nx":41,"ny":15,"basicAngle":0,"lo1":47.0,"la1":41.0,"lo2":87.0,"la2":55.0,"dx":1.0,"dy":1.0}, "data":
[rows 0 to 14 of 15, columns 0 to 40 of 41]
290.58597,282.28595,288.48596,293.48596,293.68597,293.38596,294.38596,294.28595,291.88596,292.38596,291.38596,292.48596,291.68597,291.78595,291.38596,289.38596,289.98596,290.98596,289.38596,289.98596,291.38596,289.38596,286.78595,283.78595,286.58597,289.78595,287.48596,275.18597,273.78595,272.38596,273.18597,271.98596,283.88596,289.28595,290.28595,290.18597,290.88596,290.98596,290.38596,288.98596,289.38596
275.18597,286.18597,293.18597,293.18597,293.28595,291.98596,293.68597,291.98596,290.88596,290.78595,292.58597,291.08597,291.18597,289.78595,288.78595,289.18597,289.28595,288.98596,288.68597,287.88596,288.18597,290.08597,286.78595,280.78595,271.98596,271.28595,280.68597,270.18597,273.88596,268.88596,275.38596,264.88596,276.28595,252.58597,270.48596,286.78595,285.98596,287.68597,289.58597,283.48596,283.68597
288.08597,292.18597,293.28595,292.98596,290.98596,292.88596,291.68597,291.38596,290.68597,290.48596,289.98596,290.48596,288.38596,289.48596,290.78595,288.88596,288.08597,287.78595,287.98596,287.78595,289.98596,286.78595,288.68597,283.58597,287.48596,286.18597,289.28595,289.38596,287.38596,277.08597,263.28595,267.98596,279.78595,280.18597,279.28595,278.78595,270.78595,274.08597,274.88596,270.78595,268.28595
291.98596,292.08597,293.38596,292.38596,291.78595,291.48596,292.38596,291.38596,291.98596,291.58597,290.98596,289.78595,290.78595,290.28595,290.38596,289.68597,290.08597,287.78595,288.68597,287.88596,289.68597,285.48596,287.78595,290.18597,290.88596,291.38596,291.48596,288.68597,288.18597,289.28595,289.08597,285.18597,291.38596,286.78595,287.28595,285.68597,274.08597,269.38596,277.48596,287.48596,289.28595
291.68597,291.48596,292.28595,291.18597,291.78595,292.38596,293.28595,292.78595,292.48596,292.18597,291.78595,290.08597,289.58597,288.68597,287.18597,289.98596,288.88596,288.08597,286.08597,289.18597,289.88596,290.48596,289.38596,289.08597,289.38596,290.08597,287.78595,287.08597,287.18597,287.88596,290.48596,286.78595,276.88596,267.68597,278.88596,287.28595,289.98596,292.78595,292.58597,289.88596,289.58597
290.58597,288.38596,290.18597,290.38596,290.88596,290.18597,292.98596,294.38596,292.68597,292.28595,292.58597,291.58597,289.68597,289.38596,288.78595,288.28595,289.68597,287.68597,288.38596,288.38596,288.88596,289.08597,288.98596,288.18597,287.88596,287.08597,287.28595,287.08597,288.38596,288.78595,286.18597,288.48596,285.68597,284.28595,284.18597,286.18597,279.18597,280.28595,287.48596,288.98596,287.88596
289.78595,289.08597,292.48596,292.28595,291.08597,291.88596,293.38596,292.48596,292.58597,292.48596,290.48596,290.48596,289.68597,289.08597,288.38596,289.18597,288.58597,289.08597,287.78595,287.18597,286.58597,287.38596,287.98596,288.08597,286.48596,286.68597,286.38596,287.48596,286.98596,287.28595,286.58597,286.68597,287.48596,287.08597,284.48596,282.78595,278.58597,276.58597,273.28595,272.78595,283.48596
290.28595,289.98596,291.58597,293.18597,293.18597,292.78595,291.48596,289.58597,288.98596,289.68597,289.48596,288.98596,287.98596,288.58597,288.58597,288.78595,288.48596,288.68597,287.68597,284.88596,285.48596,285.48596,285.68597,285.38596,283.78595,281.58597,281.98596,283.08597,281.88596,283.88596,283.08597,285.08597,286.18597,285.78595,284.78595,283.48596,285.48596,286.58597,282.28595,283.18597,278.98596
290.18597,290.08597,290.78595,289.88596,290.98596,289.78595,286.88596,288.08597,287.68597,287.28595,287.48596,287.18597,286.28595,286.98596,286.88596,287.78595,287.18597,286.98596,286.38596,285.28595,283.08597,283.18597,283.78595,283.58597,281.98596,282.28595,281.28595,279.88596,279.78595,278.38596,279.48596,280.28595,281.78595,282.48596,282.08597,280.88596,282.68597,281.88596,273.88596,271.18597,270.78595
288.98596,289.38596,288.98596,288.48596,288.28595,287.78595,287.18597,286.28595,286.88596,285.28595,285.28595,285.58597,285.48596,285.38596,285.68597,285.88596,286.18597,285.78595,285.38596,285.08597,283.38596,282.88596,283.48596,283.18597,282.58597,280.78595,280.58597,280.68597,281.88596,282.28595,282.68597,284.38596,285.58597,285.08597,283.38596,284.08597,281.88596,277.88596,275.88596,274.98596,271.88596
286.88596,286.28595,286.98596,286.48596,286.38596,285.68597,286.18597,283.98596,284.58597,283.48596,284.58597,284.88596,285.88596,284.58597,284.38596,284.78595,284.78595,284.88596,284.48596,283.78595,283.08597,282.28595,281.78595,281.28595,279.98596,279.88596,281.38596,280.48596,281.38596,281.38596,281.78595,282.48596,282.38596,284.08597,284.88596,283.58597,278.38596,276.28595,277.88596,277.58597,274.88596
284.38596,285.08597,286.28595,286.28595,285.38596,284.68597,283.38596,283.38596,283.78595,283.38596,281.48596,283.58597,285.48596,284.48596,284.78595,284.08597,283.58597,283.38596,283.08597,282.78595,281.28595,280.38596,279.38596,278.88596,277.58597,278.08597,277.68597,278.88596,278.98596,279.28595,278.48596,278.98596,279.98596,278.38596,279.28595,280.58597,281.38596,280.58597,280.48596,281.48596,280.58597
284.88596,283.98596,285.58597,284.78595,285.18597,284.68597,283.08597,283.28595,282.68597,282.58597,280.98596,279.68597,284.28595,283.68597,284.58597,284.58597,284.28595,283.28595,282.78595,281.48596,280.18597,277.58597,276.48596,275.78595,277.28595,278.38596,279.28595,278.18597,278.18597,277.08597,277.68597,277.58597,277.68597,277.18597,277.18597,277.28595,278.58597,278.98596,278.78595,278.88596,279.98596
283.18597,284.78595,285.88596,285.88596,284.08597,283.28595,283.38596,283.68597,283.38596,283.08597,281.48596,278.98596,280.28595,283.48596,284.38596,284.58597,283.88596,282.48596,282.38596,282.08597,279.68597,277.88596,277.68597,277.58597,278.28595,277.88596,277.28595,277.38596,276.58597,276.68597,276.18597,275.88596,275.38596,274.28595,274.78595,273.78595,274.58597,274.88596,276.78595,275.88596,278.28595
283.38596,284.68597,285.88596,284.38596,284.48596,283.38596,284.28595,282.88596,283.28595,281.98596,282.18597,280.28595,281.78595,281.48596,282.88596,283.58597,282.58597,281.88596,283.98596,282.58597,278.48596,277.58597,276.18597,276.38596,275.68597,275.48596,275.28595,275.28595,275.68597,275.28595,275.08597,278.58597,274.48596,273.98596,273.68597,273.78595,273.98596,273.68597,275.58597,276.38596,275.68597
