wind_kz.json
{"header": {"discipline":0,"disciplineName":"Meteorological products","gribEdition":2,"gribLength":948,"center":7,"centerName":"US National Weather Service - NCEP(WMC)","subcenter":0,"refTime":"2023-08-28T12:00:00.000Z","significanceOfRT":1,"significanceOfRTName":"Start of forecast","productStatus":0,"productStatusName":"Operational products","productType":1,"productTypeName":"Forecast products","productDefinitionTemplate":0,"productDefinitionTemplateName":"Analysis/forecast at horizontal level/layer at a point in time","parameterCategory":0,"parameterCategoryName":"UnknownDiscipline_0_Category_0","parameterNumber":0,"parameterNumberName":"UnknownParameter_D0_C0_0","parameterUnit":"Unknown","genProcessType":2,"genProcessTypeName":"Forecast","forecastTime":240,"surface1Type":1,"surface1TypeName":"Ground or water surface","surface1Value":0.0,"surface2Type":255,"surface2TypeName":"Missing","surface2Value":0.0,"gridDefinitionTemplate":0,"gridDefinitionTemplateName":"Latitude_Longitude","numberPoints":615,"shape":6,"shapeName":"Earth spherical with radius of 6,371,229.0 m","gridUnits":"degrees","resolution":48,"winds":"true","scanMode":64,"nx":41,"ny":15,"basicAngle":0,"lo1":47.0,"la1":41.0,"lo2":87.0,"la2":55.0,"dx":1.0,"dy":1.0}, "data":
[rows 0 to 14 of 15, columns 0 to 40 of 41]
314.78818,300.88818,304.38818,298.5882,298.68817,298.0882,311.18817,321.78818,318.18817,318.38818,316.68817,315.5882,314.28818,313.4882,312.68817,311.38818,312.38818,310.68817,310.88818,310.18817,311.18817,306.68817,305.4882,301.28818,304.68817,306.78818,301.5882,288.38818,287.18817,283.9882,278.88818,280.38818,296.68817,303.18817,303.0882,302.9882,302.38818,302.18817,302.5882,302.38818,302.38818
291.4882,304.88818,298.68817,299.0882,298.68817,296.9882,319.88818,316.0882,314.78818,314.5882,315.18817,313.68817,312.38818,310.4882,312.18817,312.0882,311.9882,310.4882,309.9882,309.5882,309.68817,307.78818,304.28818,294.4882,285.18817,284.4882,293.9882,287.88818,289.4882,281.9882,286.38818,275.18817,280.78818,263.38818,282.78818,299.9882,298.38818,300.4882,303.78818,295.0882,286.78818
308.18817,298.4882,298.4882,298.5882,297.18817,314.5882,313.88818,313.18817,312.28818,311.38818,311.28818,311.88818,310.88818,312.0882,309.9882,310.18817,308.9882,308.5882,309.28818,308.9882,308.5882,307.28818,308.18817,300.0882,304.4882,301.5882,301.0882,300.88818,299.9882,289.68817,278.88818,282.38818,289.68817,289.38818,289.9882,289.78818,279.88818,283.78818,286.0882,281.38818,277.5882
310.5882,297.9882,298.4882,297.38818,300.28818,311.28818,311.18817,311.38818,311.28818,310.88818,310.28818,308.78818,295.28818,294.9882,306.78818,309.0882,308.5882,308.0882,308.18817,309.68817,307.68817,304.88818,307.78818,307.0882,307.18817,306.88818,306.78818,303.0882,301.4882,302.18817,303.28818,299.4882,303.9882,303.28818,300.68817,295.9882,283.0882,281.5882,284.78818,293.5882,296.78818
312.4882,296.68817,297.38818,296.4882,300.88818,307.68817,308.18817,310.9882,308.18817,307.28818,304.78818,299.9882,293.9882,292.88818,290.9882,304.9882,304.88818,305.38818,306.38818,307.88818,308.68817,308.68817,307.9882,306.9882,306.9882,305.5882,301.68817,298.9882,303.5882,302.4882,304.4882,301.78818,287.38818,278.68817,289.18817,298.38818,299.4882,303.38818,303.18817,301.88818,301.78818
311.9882,309.88818,295.28818,295.18817,295.5882,294.9882,308.0882,306.28818,298.78818,302.9882,302.18817,300.5882,293.68817,293.78818,295.38818,298.78818,303.4882,303.68817,306.9882,306.5882,306.9882,305.4882,306.0882,305.9882,304.38818,302.4882,302.4882,292.28818,303.18817,304.0882,302.88818,302.88818,301.4882,300.5882,296.78818,297.18817,290.38818,293.68817,301.38818,301.78818,300.9882
310.28818,308.28818,308.38818,308.5882,304.18817,306.28818,308.18817,305.68817,305.5882,304.38818,302.88818,298.88818,296.38818,292.9882,294.4882,299.5882,301.0882,305.0882,305.68817,302.78818,304.0882,304.68817,304.68817,304.4882,302.38818,302.88818,302.5882,303.4882,302.78818,302.88818,303.68817,302.78818,302.38818,302.68817,300.78818,297.88818,291.5882,288.68817,286.0882,284.68817,296.38818
303.28818,308.38818,307.4882,306.28818,306.4882,305.9882,305.9882,303.38818,299.78818,300.78818,298.28818,297.28818,299.78818,295.28818,292.78818,297.28818,301.38818,303.0882,303.4882,300.4882,299.78818,301.28818,302.9882,302.28818,300.68817,297.4882,297.78818,298.5882,298.18817,300.0882,299.5882,301.38818,297.78818,296.0882,296.78818,298.0882,299.0882,289.9882,298.0882,296.18817,292.9882
307.9882,305.68817,304.88818,303.88818,303.38818,303.38818,302.68817,301.38818,298.88818,299.78818,294.4882,293.0882,296.18817,289.38818,291.4882,296.4882,300.88818,302.5882,301.88818,298.78818,297.18817,298.9882,300.4882,300.0882,298.0882,297.28818,292.28818,291.0882,291.18817,290.38818,292.18817,293.5882,295.18817,297.0882,296.4882,294.5882,294.0882,292.88818,281.38818,280.28818,278.4882
305.18817,303.88818,303.28818,302.5882,300.78818,299.78818,294.4882,299.38818,295.78818,289.9882,287.4882,294.28818,290.0882,288.38818,293.0882,294.88818,296.78818,301.78818,301.18817,296.9882,295.9882,298.4882,299.88818,299.88818,297.4882,294.0882,294.18817,294.5882,290.28818,290.4882,292.18817,294.28818,295.88818,294.9882,294.88818,293.5882,290.78818,285.68817,282.78818,281.4882,278.9882
300.28818,300.28818,301.28818,294.0882,294.78818,295.0882,293.68817,292.28818,293.78818,286.5882,285.78818,289.18817,289.18817,287.68817,290.18817,293.4882,299.0882,298.88818,299.9882,298.28818,297.78818,297.68817,297.5882,295.0882,296.4882,295.9882,290.18817,292.88818,291.5882,293.0882,293.4882,294.5882,294.78818,294.18817,293.18817,292.18817,285.0882,282.9882,282.88818,281.18817,280.68817
298.5882,300.0882,301.28818,294.5882,293.88818,295.28818,290.78818,292.28818,289.4882,285.88818,285.0882,285.5882,286.9882,290.9882,292.0882,296.68817,296.78818,295.88818,296.4882,295.9882,293.4882,292.9882,293.28818,294.5882,293.88818,293.68817,292.88818,293.0882,295.88818,295.28818,292.4882,292.38818,290.68817,290.0882,290.0882,291.68817,290.18817,288.5882,286.4882,286.88818,285.68817
294.88818,298.68817,299.38818,294.28818,293.88818,293.38818,295.68817,289.0882,288.28818,287.78818,283.68817,283.78818,286.4882,288.0882,291.78818,291.5882,294.0882,294.0882,295.28818,294.4882,294.18817,292.4882,292.28818,288.28818,291.0882,292.18817,294.38818,293.4882,292.18817,292.18817,292.38818,291.38818,291.38818,292.0882,291.5882,290.0882,289.88818,289.38818,288.28818,286.88818,285.9882
297.18817,296.5882,291.9882,292.88818,293.28818,293.5882,293.18817,290.9882,287.18817,285.78818,285.4882,282.68817,284.5882,288.18817,289.88818,291.4882,292.88818,293.28818,294.38818,293.88818,293.18817,293.38818,294.18817,292.28818,291.68817,292.0882,291.78818,292.28818,291.38818,290.38818,290.18817,290.38818,288.68817,287.4882,287.88818,287.5882,287.28818,287.28818,287.4882,285.9882,286.38818
293.68817,296.38818,289.68817,294.0882,295.38818,292.18817,292.28818,290.88818,287.88818,288.78818,286.38818,283.9882,282.9882,284.38818,286.28818,287.88818,289.0882,291.4882,291.88818,293.18817,293.78818,291.28818,291.28818,290.9882,290.5882,291.5882,291.0882,290.4882,290.28818,289.68817,288.88818,286.5882,287.78818,286.78818,286.78818,286.4882,286.9882,285.78818,286.28818,285.5882,285.5882
