wind.json
{"header": {"discipline":0,"disciplineName":"Meteorological products","gribEdition":2,"gribLength":1125,"center":7,"centerName":"US National Weather Service - NCEP(WMC)","subcenter":0,"refTime":"2023-06-28T18:00:00.000Z","significanceOfRT":1,"significanceOfRTName":"Start of forecast","productStatus":0,"productStatusName":"Operational products","productType":1,"productTypeName":"Forecast products","productDefinitionTemplate":0,"productDefinitionTemplateName":"Analysis/forecast at horizontal level/layer at a point in time","parameterCategory":2,"parameterCategoryName":"UnknownDiscipline_0_Category_2","parameterNumber":2,"parameterNumberName":"UnknownParameter_D0_C2_2","parameterUnit":"Unknown","genProcessType":2,"genProcessTypeName":"Forecast","forecastTime":0,"surface1Type":103,"surface1TypeName":"Specified height level above ground","surface1Value":10.0,"surface2Type":255,"surface2TypeName":"Missing","surface2Value":0.0,"gridDefinitionTemplate":0,"gridDefinitionTemplateName":"Latitude_Longitude","numberPoints":688,"shape":6,"shapeName":"Earth spherical with radius of 6,371,229.0 m","gridUnits":"degrees","resolution":48,"winds":"true","scanMode":64,"nx":43,"ny":16,"basicAngle":0,"lo1":45.0,"la1":40.0,"lo2":87.0,"la2":55.0,"dx":1.0,"dy":1.0}, "data":
[rows 0 to 15 of 16, columns 0 to 42 of 43]
-3.0406177,0.3193823,-0.5406177,-4.8806176,-6.200618,-2.4506178,1.2393823,3.7693822,3.6393824,2.9793823,5.7593822,1.4693823,-0.5706177,-6.7906175,-7.180618,-5.910618,-5.870618,-3.7306178,-3.4506178,-4.7606177,-4.830618,-3.1906176,-3.9206176,-1.3206177,2.2493823,2.2293823,-0.5506177,-0.10061768,0.52938235,1.4393823,1.8793824,2.0393822,2.5793824,1.8693824,-0.8706177,-0.7006177,-4.8006177,-2.4206176,-2.0906177,-1.8806176,-3.2406178,-2.6306176,-3.5006177
0.9893823,3.1893823,-3.6106176,1.2993823,2.4693823,4.4093823,3.5193822,5.669382,6.859382,6.819382,6.5193825,-2.7006178,-7.6906176,-8.250618,-8.460618,-6.9806175,-4.830618,-3.5506177,-3.0506177,-3.8706176,-4.0306177,-3.7106178,-1.0006176,0.42938232,0.7693823,0.25938234,3.1293824,4.8693824,-2.1606176,2.3893824,1.3493823,2.0293822,2.9993823,1.7693824,1.4493823,0.14938232,-1.3506176,-1.2406176,0.16938232,-3.2306178,0.5193823,-0.26061767,-0.9906177
-1.4106177,-1.1506177,1.9593823,1.1893823,3.0593824,3.2193823,3.6393824,6.3293824,2.6093824,-0.8006177,-6.430618,-8.640617,-8.740618,-9.060617,-6.910618,-4.0506177,-4.1706176,-4.1506176,-3.3706176,-4.0106177,-3.9306176,-1.9606177,0.7593823,1.7093823,0.91938233,-2.3106177,1.1193824,0.97938234,-0.6106177,1.2893823,-3.7606177,-1.3306177,0.21938233,-0.4306177,0.83938235,-1.9806176,0.3493823,0.96938235,-0.17061767,-0.4306177,0.039382324,1.5993823,2.5293822
-0.65061766,-0.46061766,-0.6806177,0.33938232,0.6293823,2.8393824,2.5893824,0.5793823,-2.1606176,-4.3106174,-5.2406178,-7.890618,-8.860618,-7.0506177,-5.830618,-3.5206177,-0.8806177,-4.5706177,-3.6206176,-2.5306177,-3.2206178,-0.8806177,0.9993823,-2.0306177,-5.1706176,-4.3406177,-0.7906177,-2.1306176,-0.49061766,0.96938235,-0.7406177,-0.7406177,-1.0606177,0.07938232,-0.85061765,-0.5006177,0.7393823,0.72938234,1.0493823,0.32938233,0.6193823,2.3093824,-0.8006177
1.6593823,-1.2906177,-0.39061767,-0.24061768,0.28938234,1.7293823,1.6993823,0.11938232,1.8893824,1.0893823,-4.4906178,-3.5006177,-5.7306175,-5.9906178,-5.870618,-4.1706176,-2.7406178,-2.6906176,-3.9706178,-2.9006176,-1.8706176,-1.7806177,-1.1006176,-4.390618,-1.5106177,-2.0606177,-1.5006176,-0.7406177,1.2093823,-1.1206176,1.0693823,-0.42061767,0.5593823,-0.97061765,3.1693823,6.2293825,-3.8506176,-2.2106178,-1.7906177,2.5593824,0.5493823,-1.6306176,0.7393823
-2.0306177,0.59938234,0.9493823,0.65938234,4.339382,4.4293823,3.6893823,2.8693824,3.5693824,-1.8306177,-5.100618,-2.7106178,-5.5006175,-4.9906178,-4.2306175,-3.1606176,-1.4306177,-0.27061766,-2.8206177,-2.3206177,-0.22061768,-1.6106176,-0.33061767,-0.9906177,-1.6506177,-0.65061766,-0.71061766,-0.5106177,-0.3706177,-2.2506177,-1.3006177,-0.78061765,1.0793823,-0.13061768,-1.3806176,2.5993824,-0.6106177,1.4293823,2.3893824,3.2893822,3.2693822,-0.8106177,0.97938234
1.6293824,2.5893824,1.9593823,1.9493823,4.7193823,7.379382,5.7393823,4.629382,3.3293824,0.35938233,-3.9806178,-5.0306177,-5.830618,-3.5306177,-1.1706177,1.0993823,0.52938235,1.0093824,0.20938233,-2.1306176,-2.3306177,-0.060617674,-0.58061767,0.9293823,-0.14061767,0.30938232,-2.3106177,-2.2406178,-3.1406176,-4.330618,-2.2106178,-0.5406177,0.8093823,3.6393824,3.2593822,1.8493823,1.3193823,0.84938234,1.5093824,3.1993823,6.5393825,3.1593823,1.8193823
1.6993823,1.8393823,-0.4006177,2.0193822,4.879382,5.129382,3.0893824,2.9993823,4.2693825,2.5293822,-5.970618,-6.450618,-5.3606176,-2.2106178,0.23938233,2.1593823,3.4093823,1.2193823,0.91938233,-1.7506176,1.4493823,-1.4206177,-0.32061768,0.11938232,0.8293823,0.8893823,-0.66061765,-2.2006178,-1.0206177,1.1493824,1.4793823,-0.7306177,1.6793823,2.3593824,2.0393822,3.4493823,2.6893823,-1.9406177,-1.6806177,2.7393823,-1.6906177,2.7993822,0.049382325
1.8393823,0.07938232,3.2193823,3.4993823,3.8793824,4.2893825,-3.8506176,-4.1906176,-4.7606177,-4.2106175,-3.4006176,-3.2306178,-2.2906177,0.78938234,2.8193824,-0.36061767,0.89938235,0.49938232,-0.96061766,0.3493823,-2.9306176,0.35938233,1.9193823,-0.66061765,1.8593823,-1.2506176,0.7393823,0.28938234,2.1793823,2.5093822,3.6593823,2.7293823,1.8393823,3.9793823,2.3293824,2.2793822,1.4793823,2.0593824,1.9393823,4.839382,-0.30061767,-2.8206177,-1.9206177
-0.7506177,0.8293823,2.9493823,3.2493823,3.4193823,-1.4806176,-3.9206176,-4.4206176,-2.6106176,-3.1306176,-2.8306177,-2.5606177,-2.2906177,1.6893823,-0.7306177,-3.5906177,0.18938233,0.20938233,-1.5706177,-2.0206177,1.9193823,2.5193822,-1.6606177,-0.5406177,1.4193823,-1.2106177,-1.1506177,1.3293823,-0.15061767,1.2193823,2.1893823,2.4893823,2.5493822,4.1393824,6.6793823,5.3493824,2.8293824,1.9793823,0.83938235,-2.1306176,-0.5506177,0.18938233,0.49938232
1.7793823,3.4493823,3.2493823,3.5293822,-2.4706178,-3.2806177,0.5593823,-5.370618,-4.700618,-2.4106176,-2.2606177,-1.4706177,-1.3706176,2.9993823,1.5193824,3.2193823,-1.6606177,0.45938233,-1.1606177,-1.8406177,0.21938233,2.4293823,0.8893823,1.8493823,-0.3106177,1.5393823,3.0493822,2.4093823,3.1793823,3.6493824,3.9893823,5.6193824,5.7893825,6.3493824,6.7593822,4.529382,3.4293823,2.1793823,0.78938234,-0.33061767,1.4593823,0.53938234,-0.7506177
1.2493824,1.2193823,0.009382324,-3.2706177,-5.9206176,-4.370618,-4.080618,-3.8106177,-2.2406178,-0.13061768,0.96938235,1.7893823,3.0793824,2.3593824,2.7193823,-2.6506176,-2.6906176,-0.8006177,-0.060617674,0.15938233,0.3793823,0.7393823,-0.32061768,1.1693823,2.6093824,3.4793823,3.3893824,3.6493824,3.5393822,4.609382,6.169382,4.3093824,7.379382,4.3693824,5.9293823,6.609382,4.3493824,2.6393824,0.029382324,0.9893823,-0.5606177,1.6293824,0.039382324
-2.7406178,-1.6806177,-3.3606176,-4.220618,-3.4906178,-3.2206178,-2.4206176,-0.3106177,-0.22061768,1.3293823,2.1893823,1.1793823,-0.83061767,0.8093823,0.32938233,1.5693823,1.8293823,3.0493822,3.0493822,3.5393822,2.0993824,3.2293823,2.5793824,3.4693823,3.3593824,3.7493823,3.7493823,4.669382,4.6793823,3.7493823,3.3193824,4.4893823,6.529382,6.879382,6.2293825,6.8293824,4.4093823,4.5993824,5.0993824,6.069382,4.169382,0.5793823,-0.27061766
-2.0506177,-1.5006176,-1.4406177,-1.4806176,-0.38061768,0.16938232,0.9393823,1.2293823,2.3293824,3.0493822,2.0093822,-0.14061767,-0.36061767,0.9493823,2.4993823,2.8193824,3.9593823,3.0093822,2.8693824,3.4093823,3.4593823,3.1593823,1.9093823,2.4193823,2.8893824,3.3893824,5.0793824,5.6993823,5.2893825,4.5093822,5.6593823,6.2693825,7.359382,7.779382,7.7393823,7.1593823,6.859382,4.799382,4.4393826,3.1193824,4.7693825,4.9593825,-0.29061767
-2.1006176,-0.010617676,-0.21061768,0.84938234,1.7893823,2.5493822,2.2093823,1.6893823,1.0293823,0.8093823,0.9493823,0.65938234,-0.19061768,0.19938232,2.3693824,1.8793824,3.2493823,3.2593822,3.1593823,3.0393822,2.1593823,3.3593824,3.6493824,3.7693822,4.0393825,4.4793825,4.339382,4.029382,4.2493825,5.2493825,5.3293824,6.3093824,7.1993823,7.8293824,7.3293824,5.9793825,4.7493825,4.9293823,3.8493824,2.8593824,4.5793824,3.8893824,0.009382324
0.72938234,1.1893823,0.9493823,2.6493824,4.549382,3.3693824,2.7093823,2.1093824,3.1493824,1.8093823,2.5193822,1.5893823,-0.12061767,1.7393823,1.2093823,1.7993823,3.3793824,3.5793824,3.8993824,3.0593824,2.2493823,3.3793824,3.0493822,3.8293824,3.9093823,3.8793824,3.9193823,4.069382,5.169382,5.799382,4.8893824,4.1793823,5.9893823,6.149382,6.3693824,4.839382,4.9993825,2.7693822,2.7093823,2.7893822,4.169382,2.6893823,0.17938232
