wind_kz.json
{"header": {"discipline":0,"disciplineName":"Meteorological products","gribEdition":2,"gribLength":1102,"center":7,"centerName":"US National Weather Service - NCEP(WMC)","subcenter":0,"refTime":"2023-08-23T12:00:00.000Z","significanceOfRT":1,"significanceOfRTName":"Start of forecast","productStatus":0,"productStatusName":"Operational products","productType":1,"productTypeName":"Forecast products","productDefinitionTemplate":0,"productDefinitionTemplateName":"Analysis/forecast at horizontal level/layer at a point in time","parameterCategory":2,"parameterCategoryName":"UnknownDiscipline_0_Category_2","parameterNumber":3,"parameterNumberName":"UnknownParameter_D0_C2_3","parameterUnit":"Unknown","genProcessType":2,"genProcessTypeName":"Forecast","forecastTime":120,"surface1Type":103,"surface1TypeName":"Specified height level above ground","surface1Value":10.0,"surface2Type":255,"surface2TypeName":"Missing","surface2Value":0.0,"gridDefinitionTemplate":0,"gridDefinitionTemplateName":"Latitude_Longitude","numberPoints":615,"shape":6,"shapeName":"Earth spherical with radius of 6,371,229.0 m","gridUnits":"degrees","resolution":48,"winds":"true","scanMode":64,"nx":41,"ny":15,"basicAngle":0,"lo1":47.0,"la1":41.0,"lo2":87.0,"la2":55.0,"dx":1.0,"dy":1.0}, "data":
[rows 0 to 14 of 15, columns 0 to 40 of 41]
1.9208752,1.8608752,-0.86912477,12.000875,7.2908754,4.630875,0.97087526,4.0408754,3.8408751,3.6308753,3.7108753,2.6608753,0.91087526,0.010875244,-0.81912476,0.090875246,-2.5191247,-1.7691247,-1.1091248,-1.4191247,-3.3291247,-2.8591247,-0.06912476,0.69087523,-0.9891248,-2.3491247,-1.4591248,1.1808753,-4.329125,1.7508752,-1.3991247,1.0708753,-0.9291248,-9.459125,-3.8491247,-6.6491246,-9.279125,-0.9291248,0.010875244,0.75087523,-6.849125
-0.50912476,-3.0791247,2.0408752,10.660875,9.100875,4.6608753,3.0608752,4.0008755,3.0908751,4.6808753,4.7408752,3.0408752,2.6008751,2.7608752,0.18087524,1.3108753,-1.3591248,-0.51912475,-0.6091248,-0.7891247,-0.81912476,8.7524415E-4,-1.1491247,1.7108753,1.9508753,2.2008753,2.7908752,3.1408753,-0.39912474,1.9308753,0.6408752,-4.3791246,-0.24912475,2.6908753,-0.80912477,-5.4791245,-7.639125,1.3108753,4.6208754,0.50087523,-0.83912474
-3.4091249,1.2708752,8.540875,9.600875,7.2708755,5.4508753,2.3208752,3.3108752,3.2708752,5.0808754,5.010875,4.3508754,2.8008752,2.5908751,-0.19912475,1.1708752,1.1708752,1.0408752,8.7524415E-4,0.20087524,-1.1891247,0.66087526,0.24087524,1.2008753,-3.5691247,-1.0291247,2.3208752,-0.44912475,1.6308752,-0.37912476,-1.3191247,-0.5491248,-0.89912474,-1.2691247,1.2708752,-2.5991247,-3.0391247,-8.179125,-3.4691248,3.3708754,-2.9191248
-1.1791247,3.3208752,9.240875,9.070875,6.900875,5.190875,4.1008754,2.3508751,2.5308752,3.1508753,4.8708754,4.3708754,1.8608752,-0.64912474,-0.52912474,-0.43912476,1.7208753,-0.22912475,-0.9891248,-0.119124755,3.1208754,2.7608752,-0.27912477,1.4108752,0.17087525,0.16087525,-1.0491247,6.090875,2.8508751,5.860875,5.920875,0.050875243,1.1408752,6.980875,-0.24912475,1.1008753,3.6308753,0.93087524,-2.6491249,-3.1891248,-3.4891248
2.3308752,3.2408752,5.320875,5.5208755,1.2008753,0.7008752,0.9608753,0.49087524,-0.23912476,1.9108752,1.5908753,3.2008753,7.4708753,6.2208753,5.260875,1.8308753,-0.47912475,0.48087525,0.11087524,2.1508753,1.7008753,2.0708752,2.7608752,1.6008753,-0.31912476,-0.7291248,0.98087525,0.47087523,3.4908752,3.3708754,8.220875,2.3708754,0.29087526,-1.9591248,-1.9691248,-2.4891248,-8.689125,-1.3391248,-9.099125,2.8408751,-7.7791247
0.79087526,5.7708755,7.1408753,5.2508755,3.2008753,1.7608752,0.060875244,-0.18912476,2.7508752,2.8008752,2.5508752,3.1008751,6.6608753,7.7408752,6.050875,4.6608753,3.9008753,3.0708752,2.7608752,1.6908753,2.5208752,3.9408753,3.3508751,3.3108752,3.5408752,-1.7291248,0.39087525,3.9708753,2.2708752,0.88087523,2.5208752,3.4908752,3.7108753,1.2308753,2.3808753,-1.1691247,-0.079124756,-6.579125,-5.9391246,-3.5091248,-6.5091248
1.4608753,0.97087526,-1.1291248,-1.7091248,3.2108753,3.4008753,4.530875,3.1508753,-0.58912474,-2.4991248,-2.6991248,0.47087523,2.4508753,2.0008752,5.4908752,8.140875,4.4908752,1.1408752,3.8508751,3.5508752,3.4608753,5.480875,4.1208754,3.1208754,3.7908752,2.7508752,2.3808753,4.440875,0.5708752,6.480875,4.3708754,1.7208753,3.5808752,3.6108751,0.30087525,-0.8591248,1.0208752,0.43087524,-2.3291247,2.2908752,-11.699124
-2.3491247,0.99087524,1.8608752,1.6108752,0.26087525,-3.0291247,-4.199125,0.48087525,1.3808752,-0.41912475,1.9908752,3.5008752,2.2808752,3.9608753,5.3308754,2.9308753,5.9908752,3.6808753,-2.4591248,4.6808753,4.650875,4.1808753,4.7408752,3.7708752,4.1408753,3.8008752,0.8908752,-0.80912477,2.1208754,3.0308752,7.420875,4.980875,4.480875,2.5808752,4.9908752,-0.29912475,0.090875246,-3.5391247,-2.7891247,1.8908752,1.0608753
-7.6891246,-7.429125,-6.0891247,-3.8791246,-1.1891247,-0.38912475,1.5308752,1.2908752,2.8208752,0.63087523,-0.62912476,0.020875243,-0.059124757,5.880875,4.8308754,3.4708753,6.010875,6.130875,7.900875,1.6508752,6.150875,5.440875,5.510875,6.320875,4.5808754,4.2908754,1.9708753,2.5508752,2.1708753,5.010875,4.9108753,5.760875,4.6808753,4.920875,4.840875,2.9208753,-1.1691247,-0.019124756,-2.7491248,-1.8891248,0.30087525
-5.1291246,-3.6791248,-3.4291248,-3.9991248,-5.4191246,-7.019125,-6.4991245,-6.239125,-6.2791247,-4.849125,-4.139125,-3.0691247,-0.9291248,-1.2791247,0.6408752,4.190875,5.0208755,6.9508753,5.550875,8.000875,6.0008755,4.6208754,4.1608753,6.2208753,5.630875,4.4508753,4.0608754,3.5508752,4.800875,3.5708752,-0.43912476,6.5408754,4.150875,7.2008753,6.090875,4.010875,1.1908753,-0.45912474,1.7008753,0.7008752,1.6608752
-5.909125,-6.139125,-7.159125,-6.659125,-5.769125,-6.679125,-8.009125,-7.1091247,-5.699125,-6.809125,-7.239125,-5.099125,-4.0691247,-3.6891248,-1.6291248,-4.2791247,2.5408752,6.6608753,7.7008753,7.670875,9.4608755,5.2408752,4.6808753,6.260875,6.9708753,3.9108753,3.5708752,2.8708754,1.8108753,4.070875,1.6708752,-0.63912475,7.070875,5.170875,2.7708752,5.6808753,1.6708752,0.020875243,-0.76912475,-1.2791247,-3.0491247
-6.1291246,-6.099125,-6.389125,-7.699125,-6.949125,-5.2991247,-5.889125,-5.139125,-5.989125,-5.079125,-3.0791247,-3.7791247,-4.2791247,-1.1891247,-3.0191247,-0.23912476,1.3308753,7.1808753,8.540875,8.590876,7.690875,6.3908753,5.6608753,6.0608754,7.320875,2.8808753,3.0308752,2.8108752,0.59087527,0.84087527,-1.4991248,-2.4191248,1.5008752,4.230875,3.4108753,4.460875,5.690875,2.0108752,2.3008752,-0.42912474,0.14087525
-6.079125,-7.1091247,-6.829125,-5.619125,-4.4591246,-2.5891247,-4.7491245,-4.219125,-5.7591248,-5.099125,-3.3791246,-2.9691248,-4.269125,-2.1191247,-0.089124754,-0.059124757,1.6908753,2.2708752,9.010876,8.140875,8.360875,4.440875,5.530875,5.9908752,6.210875,5.3908753,3.1508753,1.0508752,1.6008753,1.1108752,-0.029124755,0.9008753,1.2808752,4.0008755,6.7908754,5.050875,6.150875,1.6008753,2.2808752,-0.6091248,-1.2891247
-5.849125,-4.579125,-4.6891246,-5.599125,-6.039125,-5.8391247,-5.119125,-4.179125,-4.849125,-4.869125,-2.7591248,-2.6591249,-2.2191248,-1.9591248,1.3008752,4.1808753,1.6508752,5.0808754,7.6408753,6.7508755,6.6008754,5.070875,5.710875,5.340875,4.9908752,5.050875,4.030875,2.9208753,2.4708753,1.4208752,3.4708753,4.940875,3.5608752,5.8508754,5.1608753,6.1208754,5.130875,3.6108751,1.5608753,0.8308752,-1.1691247
-4.0691247,-7.8791246,-10.559125,-6.829125,-4.8991246,-4.0891247,-4.559125,-5.409125,-5.929125,-4.6091247,-2.1591249,-1.4691248,-1.1391248,-3.1891248,0.07087524,1.9108752,-0.26912475,4.800875,4.0608754,6.7908754,6.070875,6.6408753,6.030875,3.4708753,3.6508753,2.7208753,3.1108751,2.0108752,2.1208754,3.8808753,6.590875,6.7508755,3.6108751,6.070875,6.570875,5.070875,2.3608751,3.5808752,3.4608753,1.2008753,0.22087525
