wind_kz.json
{"header": {"discipline":0,"disciplineName":"Meteorological products","gribEdition":2,"gribLength":871,"center":7,"centerName":"US National Weather Service - NCEP(WMC)","subcenter":0,"refTime":"2023-09-07T18:00:00.000Z","significanceOfRT":1,"significanceOfRTName":"Start of forecast","productStatus":0,"productStatusName":"Operational products","productType":1,"productTypeName":"Forecast products","productDefinitionTemplate":0,"productDefinitionTemplateName":"Analysis/forecast at horizontal level/layer at a point in time","parameterCategory":0,"parameterCategoryName":"UnknownDiscipline_0_Category_0","parameterNumber":0,"parameterNumberName":"UnknownParameter_D0_C0_0","parameterUnit":"Unknown","genProcessType":2,"genProcessTypeName":"Forecast","forecastTime":180,"surface1Type":1,"surface1TypeName":"Ground or water surface","surface1Value":0.0,"surface2Type":255,"surface2TypeName":"Missing","surface2Value":0.0,"gridDefinitionTemplate":0,"gridDefinitionTemplateName":"Latitude_Longitude","numberPoints":615,"shape":6,"shapeName":"Earth spherical with radius of 6,371,229.0 m","gridUnits":"degrees","resolution":48,"winds":"true","scanMode":64,"nx":41,"ny":15,"basicAngle":0,"lo1":47.0,"la1":41.0,"lo2":87.0,"la2":55.0,"dx":1.0,"dy":1.0}, "data":
[rows 0 to 14 of 15, columns 0 to 40 of 41]
298.08673,290.08673,294.2867,297.6867,297.6867,296.38672,307.38672,312.98672,308.88672,305.88672,296.98672,310.1867,310.48672,309.2867,310.2867,310.7867,302.1867,309.38672,314.48672,314.48672,316.2867,312.7867,312.38672,310.98672,314.7867,311.58673,311.7867,302.1867,301.98672,299.48672,296.1867,295.58673,308.2867,315.58673,319.1867,318.38672,319.88672,318.58673,319.08673,320.6867,320.6867
275.38672,295.48672,296.98672,297.1867,297.1867,295.58673,308.6867,304.98672,297.48672,293.88672,301.88672,308.2867,308.88672,308.6867,311.08673,311.6867,311.88672,313.88672,313.08673,315.38672,315.7867,312.58673,310.88672,303.6867,295.38672,297.98672,308.38672,302.48672,303.88672,293.7867,300.6867,293.1867,300.2867,270.2867,291.38672,311.48672,314.2867,308.2867,310.38672,313.1867,285.2867
297.38672,296.6867,297.88672,297.2867,294.98672,300.1867,302.48672,299.58673,296.7867,296.88672,300.7867,305.48672,308.1867,309.38672,306.38672,309.98672,311.58673,311.2867,311.58673,313.38672,311.48672,315.58673,312.88672,305.88672,308.48672,308.58673,312.48672,309.48672,309.38672,302.7867,292.2867,293.2867,302.58673,301.98672,297.48672,294.88672,282.98672,291.38672,292.48672,286.1867,280.88672
299.1867,296.2867,297.1867,296.08673,295.08673,297.38672,297.6867,298.08673,302.6867,303.48672,304.38672,305.08673,293.58673,293.08673,307.2867,307.08673,307.2867,310.58673,311.7867,313.7867,313.58673,309.58673,308.48672,308.08673,306.7867,306.1867,307.7867,304.48672,306.48672,306.98672,309.88672,308.7867,312.58673,315.7867,315.58673,307.2867,289.1867,289.48672,282.88672,303.7867,305.08673
302.1867,294.58673,295.48672,294.38672,296.08673,296.58673,296.58673,290.08673,292.98672,296.38672,298.1867,298.7867,292.6867,291.58673,289.7867,305.6867,306.58673,305.58673,307.1867,305.58673,306.7867,307.7867,307.58673,307.1867,307.1867,307.08673,304.08673,301.58673,306.88672,306.2867,305.98672,305.1867,298.58673,293.08673,296.6867,305.7867,304.48672,312.7867,311.48672,309.08673,308.2867
302.88672,301.48672,293.48672,293.2867,293.38672,292.98672,295.48672,296.98672,291.48672,291.1867,291.6867,295.48672,292.7867,292.7867,296.98672,301.6867,302.6867,302.1867,303.08673,306.2867,306.2867,305.58673,306.08673,305.98672,305.98672,304.88672,304.6867,291.38672,302.38672,302.98672,303.6867,302.6867,306.1867,304.38672,299.98672,305.38672,296.98672,298.1867,307.38672,304.98672,303.48672
301.08673,301.88672,302.2867,301.58673,298.6867,292.6867,301.98672,301.2867,301.6867,300.08673,298.58673,294.7867,297.08673,297.48672,299.08673,299.2867,295.88672,300.1867,304.08673,299.48672,303.1867,304.48672,304.58673,303.7867,301.1867,301.48672,303.38672,304.6867,305.2867,305.48672,303.58673,303.38672,305.08673,306.7867,304.98672,303.2867,297.48672,294.58673,293.58673,290.38672,303.1867
298.58673,299.88672,300.1867,301.98672,301.7867,302.38672,304.1867,293.98672,299.58673,299.1867,297.88672,297.1867,295.6867,294.38672,295.98672,297.48672,292.48672,295.48672,298.08673,296.7867,297.98672,301.2867,302.1867,301.7867,300.6867,298.08673,297.48672,300.48672,294.38672,297.88672,298.7867,299.58673,299.98672,298.08673,299.38672,304.08673,305.1867,289.38672,301.48672,303.2867,300.38672
294.38672,297.2867,298.08673,301.38672,300.98672,303.08673,304.48672,302.38672,300.38672,296.38672,297.6867,295.58673,293.38672,290.6867,295.2867,296.58673,295.58673,295.6867,296.7867,296.88672,294.98672,297.38672,299.1867,298.38672,296.88672,296.7867,295.08673,288.58673,289.88672,292.48672,290.6867,295.2867,297.08673,299.38672,299.08673,297.2867,299.08673,294.98672,286.98672,288.48672,289.88672
295.38672,291.6867,299.48672,299.38672,301.08673,301.6867,303.1867,300.58673,292.2867,295.2867,295.48672,293.7867,290.98672,290.08673,290.38672,289.7867,293.1867,297.6867,298.1867,297.38672,295.98672,296.1867,296.08673,297.48672,297.6867,295.48672,288.48672,289.38672,288.08673,292.7867,297.2867,299.08673,290.6867,299.58673,299.08673,298.38672,291.7867,290.1867,285.2867,281.58673,274.48672
288.98672,294.98672,295.58673,296.7867,298.48672,298.7867,299.38672,298.2867,296.58673,294.58673,293.38672,293.58673,292.88672,290.1867,290.7867,290.88672,289.08673,297.08673,297.98672,296.48672,296.88672,295.98672,292.88672,291.38672,290.38672,289.88672,291.6867,292.08673,290.58673,292.88672,301.58673,294.98672,291.7867,290.6867,296.08673,295.08673,289.08673,288.88672,286.1867,278.98672,280.6867
285.98672,294.2867,296.2867,295.58673,296.38672,295.2867,294.6867,290.58673,292.88672,293.7867,291.1867,286.6867,289.2867,288.58673,291.08673,293.7867,293.7867,291.2867,289.7867,290.2867,287.48672,290.1867,287.48672,288.7867,289.2867,291.7867,290.1867,291.48672,291.98672,292.1867,291.1867,290.38672,290.48672,290.38672,290.1867,295.98672,294.98672,290.1867,286.2867,290.2867,289.7867
291.48672,293.7867,295.38672,294.6867,292.6867,291.48672,291.88672,292.7867,288.2867,291.1867,286.58673,284.6867,287.1867,286.48672,288.2867,289.88672,288.7867,290.88672,291.88672,288.08673,292.1867,289.7867,288.08673,290.2867,289.2867,291.08673,292.1867,291.98672,291.7867,291.48672,290.88672,290.88672,292.98672,291.58673,291.08673,290.88672,294.48672,292.08673,295.1867,290.98672,288.1867
294.08673,294.2867,290.48672,293.88672,292.1867,288.98672,290.38672,284.1867,289.88672,290.88672,285.98672,283.6867,288.58673,290.58673,291.1867,289.7867,291.08673,293.6867,288.98672,289.1867,289.48672,289.88672,290.2867,289.88672,290.98672,292.08673,290.88672,292.1867,290.88672,291.1867,291.6867,292.6867,297.7867,296.7867,296.48672,295.48672,293.38672,294.48672,294.7867,291.38672,293.98672
291.48672,294.38672,288.58673,292.88672,291.88672,290.58673,290.98672,288.98672,288.2867,289.08673,288.48672,283.88672,287.2867,286.08673,289.88672,291.48672,286.1867,286.08673,290.38672,291.48672,296.88672,296.6867,290.98672,299.48672,299.2867,300.48672,299.7867,298.08673,293.48672,292.98672,296.88672,290.98672,295.6867,294.48672,295.48672,295.48672,295.98672,294.98672,295.58673,295.48672,292.88672
