wind_kz.json
{"header": {"discipline":0,"disciplineName":"Meteorological products","gribEdition":2,"gribLength":1025,"center":7,"centerName":"US National Weather Service - NCEP(WMC)","subcenter":0,"refTime":"2023-08-20T06:00:00.000Z","significanceOfRT":1,"significanceOfRTName":"Start of forecast","productStatus":0,"productStatusName":"Operational products","productType":1,"productTypeName":"Forecast products","productDefinitionTemplate":0,"productDefinitionTemplateName":"Analysis/forecast at horizontal level/layer at a point in time","parameterCategory":2,"parameterCategoryName":"UnknownDiscipline_0_Category_2","parameterNumber":3,"parameterNumberName":"UnknownParameter_D0_C2_3","parameterUnit":"Unknown","genProcessType":2,"genProcessTypeName":"Forecast","forecastTime":0,"surface1Type":103,"surface1TypeName":"Specified height level above ground","surface1Value":10.0,"surface2Type":255,"surface2TypeName":"Missing","surface2Value":0.0,"gridDefinitionTemplate":0,"gridDefinitionTemplateName":"Latitude_Longitude","numberPoints":615,"shape":6,"shapeName":"Earth spherical with radius of 6,371,229.0 m","gridUnits":"degrees","resolution":48,"winds":"true","scanMode":64,"nx":41,"ny":15,"basicAngle":0,"lo1":47.0,"la1":41.0,"lo2":87.0,"la2":55.0,"dx":1.0,"dy":1.0}, "data":
[rows 0 to 14 of 15, columns 0 to 40 of 41]
-1.2094067,2.3005934,-4.9494066,-5.479407,-0.46940672,-0.56940675,1.7605933,1.9105933,0.8305933,-0.049406737,-0.11940674,-0.87940675,-2.2994068,-0.35940674,-0.81940675,-4.419407,-0.74940675,-1.9094068,-1.5394068,-0.19940674,-0.5894067,-3.5394068,-3.9594069,1.4505932,2.4205933,3.4305933,0.38059327,0.38059327,-1.5694067,1.9105933,2.8705933,2.7305932,-1.0994067,-0.29940674,0.14059326,0.99059325,1.2005932,-0.62940675,0.5905933,0.9705933,1.2705933
-2.9894068,-3.8694067,-4.129407,-4.0594068,-2.0194068,-0.64940673,-0.5394067,0.5905933,-0.40940675,-0.7194067,-1.5694067,-0.24940674,0.13059326,0.75059325,0.37059325,1.3905933,-2.5194068,0.16059326,1.1605933,-0.86940676,-2.1594067,-4.109407,-5.8294067,-1.6994067,3.5105932,3.4105933,3.6505933,1.0305933,-0.98940676,2.5505934,-2.8394067,1.7405933,2.2105932,2.5005932,3.4705932,3.4205933,3.2505932,1.8805933,2.3805933,2.6105933,0.32059327
-1.6094067,-4.919407,-5.0694065,-6.7594066,-0.69940674,-1.9694067,-0.50940675,-2.1694067,-2.0994067,-2.0094068,-0.5994067,3.8805933,2.9505932,3.7905931,0.18059327,-1.4594067,-0.82940674,-0.74940675,-0.87940675,-1.8994068,-1.7694068,-2.1294067,-4.5694065,-2.5294068,-3.6394067,-2.9294066,-2.6794066,-1.2594067,-1.3794067,-3.4494066,-1.6894068,0.79059327,-3.2494068,2.3905933,1.5905932,-1.0394068,-0.76940674,2.8405933,-1.0994067,0.8905933,0.020593261
-3.3694067,-5.7594066,-6.289407,-6.7194066,-0.46940672,1.9105933,-1.3094068,-0.7294067,-3.6994066,-2.9294066,0.9005933,2.5505934,2.8705933,-3.0194068,-2.2594068,-3.7194068,0.69059324,0.44059327,-1.2994068,-2.1094067,-4.0994067,-2.5494068,-1.1094067,-2.2494068,-2.9294066,-2.3694067,-1.2194067,-2.4894068,-2.6094067,-4.1794066,-1.6494068,1.1105933,0.5805933,0.57059324,0.44059327,2.0005932,2.9705932,1.8905933,-4.019407,-2.8694067,-2.3094068
-3.5994067,-6.629407,-7.2994065,-5.979407,-4.499407,-3.9194067,-1.3594067,-2.1794066,-3.4394066,-0.73940676,3.5005932,4.390593,3.6005933,3.1605933,1.1105933,0.5205933,3.4805932,3.1505933,0.50059325,-0.03940674,-1.3894067,-0.42940673,-0.30940673,-1.0994067,0.75059325,-0.51940674,-0.98940676,-2.0794067,-2.0694067,-3.7594068,-4.8494067,-4.4894066,-0.48940673,-0.32940674,0.62059325,2.9505932,2.4905932,-0.21940674,-2.8194067,-0.7794067,-0.10940674
-3.1094067,-4.3094068,-4.3494067,-5.729407,-4.539407,-3.0394068,-2.7494068,-4.209407,-2.0494068,-1.4894067,-0.64940673,-1.5294068,-1.8494067,-1.4294068,-1.2994068,-0.51940674,1.9505932,1.7405933,1.2305932,1.1605933,1.2805933,-0.62940675,1.7205932,0.9705933,0.36059326,-0.089406736,0.87059325,-1.1894068,-1.4794067,-2.1194067,-2.6094067,-3.7894068,-3.7094069,-4.189407,-3.2094069,-1.6294067,-3.9194067,-2.1194067,-0.24940674,1.4305933,0.6505933
-3.3994067,-3.3394067,-3.8494067,-3.1594067,-2.2494068,-4.169407,-5.8094068,-4.4694066,-3.5694067,-2.1094067,-0.63940674,-0.5894067,0.74059325,-0.10940674,-1.9594067,0.39059326,3.6905932,3.0505934,1.2605933,1.0705932,-0.26940674,0.15059327,-0.46940672,2.4605932,2.0605934,0.30059326,-0.09940674,-0.67940676,0.20059326,-2.2494068,-0.6094067,-0.33940673,-2.3694067,-3.0794067,0.23059326,2.2905931,3.2505932,3.5505934,-0.62940675,3.2205932,-0.26940674
-3.3094068,-2.9894068,-2.6294067,-4.149407,-4.839407,-5.6194067,-4.979407,-4.0594068,-3.2194068,-2.8594067,-0.7894067,1.7205932,0.6405933,-0.07940674,-1.6694068,-1.4794067,1.2705933,2.5405931,2.5605934,2.6005933,2.1205933,1.1405933,0.17059326,1.4905933,1.3305932,-0.13940674,-0.49940673,-0.07940674,-1.2794068,-2.3794067,-1.1694068,-0.68940675,-1.7394067,-1.3694067,-1.9594067,-0.9694067,-1.9794067,-1.9494067,-0.7894067,-1.7194067,0.14059326
-1.7194067,-2.8194067,-2.5994067,-3.1194067,-4.4094067,-5.0094066,-5.5794067,-4.3194065,-4.4094067,-3.5694067,-1.9394068,-1.6594068,-0.98940676,-1.1494068,-0.10940674,-0.6694067,0.81059325,0.7705933,1.1205933,-0.7194067,1.7705933,-1.1494068,-1.2794068,2.4405932,0.9105933,0.94059324,0.60059327,-0.049406737,-1.6694068,-2.0994067,-1.2894068,-1.8494067,-2.1094067,-0.18940674,-1.0394068,-1.9994067,1.1905932,-2.7594068,-0.03940674,1.0005933,2.4505932
-1.9594067,0.17059326,-1.5394068,-2.3994067,-3.5394068,-4.3894067,-5.2594066,-5.609407,-5.789407,-4.1994066,-2.9694068,-2.7694068,-3.4194067,-2.9494066,-1.4694067,-0.40940675,-1.0194068,-2.6794066,-2.4894068,-0.8494067,-2.8294067,-1.9994067,-0.7794067,-0.63940674,-1.0194068,-1.3594067,-0.32940674,-0.40940675,5.9326174E-4,0.36059326,-1.1094067,-0.51940674,-0.21940674,1.5405933,2.4205933,0.99059325,0.14059326,2.3505933,1.2405933,-1.5994067,-1.1794068
-2.7094069,-1.8194067,-1.8494067,-2.0494068,-3.0894067,-4.399407,-4.8194065,-5.0594068,-4.7594066,-4.649407,-2.9394066,-2.3194067,-2.7494068,-1.8894067,-2.1094067,-2.0994067,-1.9394068,-1.7394067,-2.6994066,-7.0594068,-1.5994067,-0.9094067,-2.0094068,-1.7894068,-1.5894067,-1.9294068,-2.7394068,-2.7294068,-2.4794068,-3.8294067,-3.8794067,-0.47940674,2.9205933,3.0805933,4.2605934,4.350593,1.9205933,-0.089406736,1.1305933,1.1705933,-0.009406738
-1.5294068,-2.9494066,-2.2594068,-3.1194067,-3.4194067,-3.8694067,-3.9594069,-4.4894066,-5.439407,-4.7194066,-2.8794067,-1.1594068,-2.7294068,-2.4894068,-3.1194067,-3.2894068,-2.4494066,-2.4394066,-0.30940673,0.85059327,-1.3394067,-1.5994067,-2.0994067,-1.3394067,-2.4694068,-2.9394066,-3.5094068,-4.2194066,-3.9194067,-3.7494068,-3.8094068,-3.0094068,0.20059326,1.3205932,2.6905932,4.8005934,4.4505935,2.5005932,0.5805933,1.3105932,1.1705933
-0.89940673,-2.0894067,-3.3794067,-2.5794067,-3.1294067,-2.6494067,-3.0494068,-3.4394066,-4.5494065,-4.4894066,-1.3694067,-0.23940673,-3.0694067,-2.2694068,-2.3094068,-2.1494067,-2.6894066,-2.3194067,-1.3894067,-1.7694068,-2.2294068,-2.7494068,-3.7594068,-4.3094068,-4.439407,-4.4294066,-5.1594067,-5.149407,-5.1194067,-5.0694065,-4.769407,-3.9594069,-2.1394067,-0.089406736,0.7805933,2.4505932,2.0205932,1.1305933,2.1205933,3.0105932,2.6405933
-0.09940674,-2.2794068,-3.1794066,-3.4594069,-3.1894066,-3.1094067,-3.1294067,-3.3994067,-4.2794065,-4.2594066,-1.2694068,0.20059326,-2.0594068,-1.8994068,-2.5694067,-2.6494067,-2.8394067,-2.9994068,-3.2094069,-2.0494068,-2.5394068,-2.5994067,-3.0794067,-3.1594067,-4.0994067,-4.6594067,-5.289407,-5.2594066,-4.9894066,-4.9894066,-4.249407,-4.169407,-4.169407,-2.2694068,-1.1894068,-0.14940673,1.0405933,1.4305933,1.1905932,1.7505933,1.7905933
0.36059326,-1.9994067,-1.9794067,-1.8994068,-2.4694068,-2.5894067,-3.1294067,-3.5394068,-4.3894067,-3.4994068,-0.6594067,-0.42940673,1.1105933,-0.73940676,-0.6694067,-1.5494068,-1.7794068,-1.2794068,-2.6994066,-3.1494067,-3.6494067,-4.1394067,-4.0594068,-3.9694068,-4.4094067,-4.7394066,-5.3194065,-4.6994066,-5.149407,-4.459407,-5.959407,-4.419407,-2.7794068,-1.8994068,-1.8194067,-1.0994067,0.61059326,0.75059325,0.99059325,1.9505932,1.8305932
