wind_kz.json
{"header": {"discipline":0,"disciplineName":"Meteorological products","gribEdition":2,"gribLength":1025,"center":7,"centerName":"US National Weather Service - NCEP(WMC)","subcenter":0,"refTime":"2023-08-21T06:00:00.000Z","significanceOfRT":1,"significanceOfRTName":"Start of forecast","productStatus":0,"productStatusName":"Operational products","productType":1,"productTypeName":"Forecast products","productDefinitionTemplate":0,"productDefinitionTemplateName":"Analysis/forecast at horizontal level/layer at a point in time","parameterCategory":2,"parameterCategoryName":"UnknownDiscipline_0_Category_2","parameterNumber":3,"parameterNumberName":"UnknownParameter_D0_C2_3","parameterUnit":"Unknown","genProcessType":2,"genProcessTypeName":"Forecast","forecastTime":300,"surface1Type":103,"surface1TypeName":"Specified height level above ground","surface1Value":10.0,"surface2Type":255,"surface2TypeName":"Missing","surface2Value":0.0,"gridDefinitionTemplate":0,"gridDefinitionTemplateName":"Latitude_Longitude","numberPoints":615,"shape":6,"shapeName":"Earth spherical with radius of 6,371,229.0 m","gridUnits":"degrees","resolution":48,"winds":"true","scanMode":64,"nx":41,"ny":15,"basicAngle":0,"lo1":47.0,"la1":41.0,"lo2":87.0,"la2":55.0,"dx":1.0,"dy":1.0}, "data":
[rows 0 to 14 of 15, columns 0 to 40 of 41]
2.2849321,-3.0750678,1.7849323,-4.2450676,1.5549322,-0.52506775,-0.53506774,-0.66506773,-0.28506774,-1.6750678,-2.5750678,-2.1750677,-3.1450677,-4.4550676,-4.9950676,-5.905068,-6.6050677,-8.015068,-7.1650677,-3.9950678,-6.9750676,-6.485068,-4.2450676,0.15493225,-0.9250677,0.73493224,0.49493226,2.0149322,-0.32506776,-1.7450677,0.034932252,0.37493226,0.8249323,-1.9750677,-3.6750677,-4.4350677,-3.8050678,-1.7550677,-1.1750678,2.7149322,1.8249322
3.3049324,1.8249322,1.8549323,-3.6950676,-1.1550678,2.7149322,2.2549322,0.24493225,-0.12506776,-2.0750678,-3.2850678,-5.0550675,-3.7550678,-3.5450678,-4.4150677,-5.0150676,-4.795068,-5.9150677,-7.3550677,-5.7450676,-5.695068,-8.145068,-6.2050676,1.3949323,0.77493227,-0.14506775,-3.3450677,-0.9850677,-1.2650677,-0.44506776,0.61493224,-1.7550677,-1.9250678,0.65493226,-3.3850677,-3.2050676,-2.6550677,-5.275068,-1.0050677,-1.1650678,0.7049323
2.3649323,4.884932,2.3549323,-0.48506775,0.8749322,1.8949323,0.78493226,-0.47506773,-1.2650677,-2.0350678,-2.9050677,-3.2450678,-3.9350677,-4.815068,-3.2450678,-3.4550676,-3.1350677,-5.005068,-5.735068,-5.985068,-6.925068,-5.3950677,-6.045068,-3.4450676,-0.16506775,-0.34506774,-0.35506776,0.19493225,-0.08506775,-0.025067749,0.6949322,-0.39506775,0.7549322,-1.4050678,-1.5350678,1.7949322,2.0249321,-2.3050678,-0.31506774,-0.6750677,-0.46506774
2.5149322,4.034932,1.4949323,0.58493227,1.5449322,2.5949323,1.7349323,2.1749322,1.5249323,0.27493227,-1.5050677,-3.3150678,-6.1250677,-6.0150676,-3.3850677,-3.2950678,-3.0450678,-2.9950678,-3.6150677,-4.3550677,-4.795068,-8.965068,-4.7850676,-3.9250677,-1.6850678,0.14493226,-2.9150677,-2.0650678,-1.4550678,-2.0850677,-1.8350677,-2.4450676,-0.65506774,3.8449323,-0.53506774,-1.5550678,0.07493225,3.0049322,-0.64506775,-0.83506775,-0.88506776
2.8549323,1.9949323,0.80493224,2.6149323,1.0549322,1.3749323,2.8249323,3.6149323,3.0649323,1.9949323,0.60493225,-0.40506774,-2.7350678,-3.6850677,-4.425068,-3.1650677,-2.7950678,-2.8650677,-3.1850677,-2.6450677,-2.1450677,-3.0650678,-5.1850677,-5.715068,-5.0850677,1.4749322,-2.3250678,-3.9150677,-3.6750677,-1.9350678,-0.83506775,0.66493225,0.26493225,1.4549322,0.23493224,-2.5150678,-4.0350676,3.4949322,-6.0850677,-3.7750678,-5.7850676
2.1849322,0.90493226,1.5449322,1.4349322,2.1749322,2.2449322,1.8849323,2.1449323,2.5749323,3.3849323,2.7949324,1.4949323,0.10493225,-1.1350677,-0.78506774,-1.9050678,-1.6550678,-0.49506775,0.5749323,-0.6850678,0.04493225,0.8749322,-0.77506775,-3.0950677,-3.5550678,-4.045068,-1.8350677,-3.4850678,-3.4350677,-6.3750677,-3.2250679,-2.6050677,-1.9050678,-1.9650677,1.3349322,-0.8650677,1.9849323,-0.6150677,-1.3650677,0.17493226,-4.2250676
3.5949323,3.1649323,2.4949322,2.1749322,1.8749323,1.2749323,1.4549322,2.0749323,1.1049323,0.05493225,-0.72506773,0.32493225,-0.14506775,-1.5050677,-1.4850677,-0.35506776,-0.72506773,-0.75506777,0.85493225,1.7349323,1.2849323,4.1949325,3.1849322,0.6349323,-1.4750677,-3.2850678,-3.2050676,-4.135068,-2.7050676,-1.5150677,-2.9950678,-4.545068,-4.965068,-4.885068,-2.9550676,-2.3250678,-3.7750678,-2.3150678,-1.9150678,-2.3050678,-3.6950676
6.1949325,5.0249324,3.9149323,3.3149323,3.7249322,2.9049323,3.4749322,3.1449323,3.1749322,2.4949322,1.5649322,-0.6750677,-2.6550677,-2.7150679,-2.7850678,-2.7050676,-3.1850677,-3.4850678,-2.9450676,-1.6550678,-2.2950678,-2.3550677,3.7349322,3.2549322,2.1349323,0.61493224,-0.58506775,-2.1850677,-2.0850677,-3.0850677,-0.64506775,-1.8550677,-2.2350678,-3.5350678,-1.0350678,-1.2350677,-1.4350678,-1.6750678,0.47493225,-0.31506774,-1.8350677
6.1449323,6.4849324,6.7149324,4.9249325,3.4749322,4.184932,4.0849323,3.4349322,2.9049323,1.7349323,-0.46506774,-1.6050677,-2.2350678,-3.3550677,-3.1250677,-3.3250678,-3.1250677,-3.5450678,-3.3650677,-2.8850677,-1.9150678,-2.7150679,3.8049324,3.3749323,2.4849322,0.12493225,1.4049323,0.004932251,0.24493225,-0.95506775,-1.3250678,-1.2350677,-1.7650677,-2.4150677,-2.1650677,-1.5750678,-2.6550677,-0.71506774,0.98493224,-0.03506775,0.41493225
4.2349324,6.2949324,6.6749325,5.594932,4.0849323,4.134932,4.2149324,3.4449322,2.6349323,1.5649322,0.06493225,-1.3450677,-1.7650677,-2.4250677,-2.8750677,-2.9050677,-2.6150677,-2.6250677,-3.0650678,-3.3250678,-3.2950678,-3.0950677,0.31493226,3.7849321,3.0849323,1.8249322,2.2749321,1.6349323,1.5849322,1.4849323,0.80493224,-0.96506774,0.6349323,-1.9650677,-0.91506773,0.47493225,0.27493227,-0.78506774,0.72493225,1.3049322,0.014932251
3.9449322,4.1049323,4.5849323,4.114932,4.2749324,4.0649323,4.0849323,3.8449323,2.9249322,1.2649323,0.91493225,1.0149323,-0.49506775,-1.7750678,-2.4350677,-2.7650678,0.114932254,-1.3350677,-2.2750678,-2.7950678,-3.2550678,-3.5350678,1.7549323,2.9749322,1.4049323,0.42493224,-0.11506775,1.9649322,0.80493224,0.21493225,0.6249322,-1.5050677,-1.3750677,0.10493225,-1.4150678,1.3249322,0.61493224,1.2349323,0.24493225,-0.84506774,0.14493226
2.9549322,4.114932,4.404932,4.4649324,4.434932,3.8349323,3.4949322,3.1649323,2.1949322,1.6949322,1.3349322,0.07493225,-0.27506775,0.05493225,-0.8650677,-1.3250678,2.4849322,0.22493225,-1.2050678,-2.3450677,-2.5850677,-2.6550677,2.0749323,2.7049322,1.8849323,0.61493224,1.6249323,2.0849323,2.6149323,0.034932252,-0.94506776,-1.6950678,-0.66506773,0.59493226,-0.14506775,0.8849323,2.6949322,3.1549323,1.5149323,1.2049322,0.33493224
3.5849323,3.5149322,4.384932,4.1949325,3.6849322,2.8149323,3.1849322,3.5849323,3.4549322,2.3649323,1.2749323,0.7049323,0.15493225,0.17493226,0.55493224,1.0449322,3.0149322,1.7049322,0.17493226,-0.52506775,-0.95506775,-0.47506773,0.04493225,2.3949323,2.3049324,2.2049322,1.6049323,2.4749322,0.48493224,-0.36506775,-1.5150677,-0.5550678,-1.4850677,-1.1050677,-0.21506774,-0.64506775,-1.7950678,0.47493225,0.16493225,0.07493225,-0.33506775
5.094932,4.784932,4.264932,5.324932,3.4549322,4.3549323,4.614932,4.244932,3.1949322,3.4549322,2.1149323,0.6349323,0.53493226,1.9749322,0.7049323,2.5149322,3.7649322,3.1449323,1.0449322,0.17493226,-0.91506773,-0.97506773,1.7149322,3.3049324,1.4649322,-1.8250678,3.0949323,2.8049324,2.2549322,-0.50506777,-0.37506774,-0.48506775,-0.78506774,-0.10506775,0.19493225,-0.72506773,-1.5550678,-1.6750678,-1.7050678,-0.94506776,-0.44506776
3.7049322,4.614932,5.594932,5.4849324,5.4849324,5.3949323,4.134932,3.8449323,3.4449322,2.4949322,2.3849323,2.9449322,1.8349322,0.46493226,2.6849322,3.8849323,4.114932,3.1549323,2.4749322,1.4249322,-0.025067749,-1.1050677,0.8849323,2.4949322,1.5549322,0.71493226,3.0049322,2.8249323,2.0549324,-0.51506776,-1.5850677,-0.40506774,0.5049322,0.84493226,0.39493224,-0.69506776,-1.1050677,0.60493225,-0.08506775,-2.3550677,-0.59506774
