wind_kz.json
{"header": {"discipline":0,"disciplineName":"Meteorological products","gribEdition":2,"gribLength":1025,"center":7,"centerName":"US National Weather Service - NCEP(WMC)","subcenter":0,"refTime":"2023-09-20T06:00:00.000Z","significanceOfRT":1,"significanceOfRTName":"Start of forecast","productStatus":0,"productStatusName":"Operational products","productType":1,"productTypeName":"Forecast products","productDefinitionTemplate":0,"productDefinitionTemplateName":"Analysis/forecast at horizontal level/layer at a point in time","parameterCategory":2,"parameterCategoryName":"UnknownDiscipline_0_Category_2","parameterNumber":3,"parameterNumberName":"UnknownParameter_D0_C2_3","parameterUnit":"Unknown","genProcessType":2,"genProcessTypeName":"Forecast","forecastTime":60,"surface1Type":103,"surface1TypeName":"Specified height level above ground","surface1Value":10.0,"surface2Type":255,"surface2TypeName":"Missing","surface2Value":0.0,"gridDefinitionTemplate":0,"gridDefinitionTemplateName":"Latitude_Longitude","numberPoints":615,"shape":6,"shapeName":"Earth spherical with radius of 6,371,229.0 m","gridUnits":"degrees","resolution":48,"winds":"true","scanMode":64,"nx":41,"ny":15,"basicAngle":0,"lo1":47.0,"la1":41.0,"lo2":87.0,"la2":55.0,"dx":1.0,"dy":1.0}, "data":
[rows 0 to 14 of 15, columns 0 to 40 of 41]
-0.32148132,-0.05148132,1.5385187,1.6485187,-4.4814816,-1.9214814,-0.20148133,-0.63148135,-1.9414814,-2.1814814,-1.1114813,-1.3414813,-2.3214812,-3.7814813,-4.0014815,-4.461481,-3.9214814,-4.5514812,-3.0714812,-2.9814813,-4.3314815,-4.1214814,-2.9414814,-2.0614812,-3.3614814,-1.3814813,-2.5714812,1.0985187,-1.0314813,-2.3114812,-2.4114814,-2.5814812,-1.2114813,-1.6214813,-0.16148132,-1.1914814,-9.721481,-6.591481,-5.0214815,-2.9914813,2.6785188
1.7085186,1.1885186,2.5485187,0.068518676,-2.3014812,-0.69148135,-0.40148133,0.11851868,-0.27148134,-3.0514812,-3.4814813,-3.9514813,-4.5114813,-5.2214813,-5.671481,-4.6814814,-4.5614815,-4.3714814,-4.7714815,-3.5214813,-3.0514812,-3.8514814,-2.7814813,1.4385186,0.2685187,-0.70148134,-2.7914813,0.7485187,-0.33148134,-1.4614813,1.8085186,-0.77148134,-2.3614814,-4.5614815,-2.1814814,0.03851868,0.91851866,-1.5014813,-2.9214814,-3.7214813,0.27851868
2.3885186,3.7885187,2.5485187,-0.70148134,-1.3514813,-0.25148132,0.44851866,0.8985187,0.15851867,-0.8614813,-2.3814814,-2.6114814,-3.9714813,-4.4314814,-5.7214813,-5.2514815,-3.6914814,-3.4014814,-3.2814813,-3.8514814,-2.3314812,-1.7614813,-3.5114813,-1.4614813,0.84851867,1.2285187,1.4585186,0.7085187,0.08851868,1.6785187,0.5885187,0.12851867,0.018518677,-0.071481325,2.3985186,-1.4714813,-2.1214814,-1.9814813,-0.9114813,-1.3214813,-1.5714813
0.8185187,0.44851866,-1.3214813,-2.9614813,-1.8814813,-1.5614814,0.8985187,0.24851868,1.0585186,2.5385187,0.53851867,-1.4114814,-4.2214813,-5.131481,-5.1414814,-4.5414815,-3.8014812,-2.0614812,-3.3614814,-4.131481,-3.2814813,-1.5014813,0.078518674,-0.4814813,-0.7414813,-0.14148133,3.2785187,0.98851866,1.6885186,2.7685187,2.6985188,-1.7614813,0.91851866,4.4485188,-3.1614814,0.16851868,2.0185187,1.3985187,-1.8014814,3.1585188,-0.021481324
-0.011481323,-0.64148134,-1.6814814,-2.2914813,-1.6814814,-1.7414813,-2.3114812,0.43851867,-0.65148133,1.0185187,2.4485188,1.0885186,-2.5614812,-4.0314813,-5.7014813,-4.5314813,-4.6214814,-2.4314814,-2.0514812,-3.5914812,-2.5614812,-2.8814814,-2.8214812,2.5785186,2.9885187,2.8485186,3.3285186,2.0585186,-0.8414813,-0.8114813,4.9585185,1.5785186,0.078518674,-0.4814813,-1.1314813,0.7485187,3.3985186,2.4385188,2.0285187,-3.2514813,-2.1114814
1.1285187,-0.111481324,-0.6014813,-0.7914813,-0.71148133,-1.6414813,1.3285186,0.6985187,1.0485187,0.34851867,-1.7314813,0.5685187,0.03851868,-3.1014814,-4.691481,-4.3314815,-4.881481,-4.651481,-5.0414815,-3.5514812,-2.1314814,-1.8914813,-2.5614812,-2.7414813,0.47851866,2.1485186,2.9485188,4.178519,0.92851865,-1.2814813,-2.3614814,-1.1414813,-1.3214813,2.3685186,2.6685188,-3.1714814,0.34851867,-3.4714813,-4.591481,-2.5014813,-2.1314814
3.0585186,2.5985186,1.6285187,1.2685187,0.79851866,-1.9414814,1.6085187,-0.08148132,0.85851866,1.2085186,0.08851868,0.18851867,-1.0214813,-1.5814813,-2.6814814,-3.3314812,-3.4814813,-4.5114813,-5.321481,-4.0214815,-4.2314816,-1.4314814,-2.4914813,0.7485187,-1.6914814,-3.8314812,-1.0914813,3.1785188,2.1185186,1.5785186,1.5285187,0.7685187,0.40851867,-0.7514813,-2.7414813,-2.9214814,-3.4614813,-1.3714813,-2.3014812,-1.8114814,-2.1414814
0.8385187,1.4885187,0.5685187,-0.18148132,-0.34148133,-1.4714813,-0.77148134,0.7785187,0.6485187,0.24851868,-1.1114813,-2.4114814,-0.44148132,-0.2614813,-0.8014813,-0.9814813,-0.9914813,-1.5514814,-2.8114812,-3.1314814,-3.2414813,-3.8214812,-4.0214815,0.79851866,-0.31148133,-0.7514813,-1.4214814,-0.25148132,-0.38148132,1.4485186,1.1885186,2.1585188,2.2285187,0.7185187,1.2785187,1.3585187,-0.38148132,-1.7614813,1.0485187,2.0385187,-1.0514814
-0.021481324,-0.011481323,-0.51148134,-0.3614813,-0.9314813,-0.34148133,-0.8514813,0.008518677,-0.011481323,-0.41148132,-1.7814813,-1.9414814,-1.9014813,-2.5514812,-2.5214813,-2.3614814,-1.2914814,-0.71148133,-0.6014813,-0.95148134,-0.9914813,-1.4014813,-2.3914814,-2.0114813,-1.6914814,0.108518675,0.6885187,-0.18148132,0.9685187,0.3885187,1.4785187,2.8385186,3.2485187,3.0985186,2.2785187,0.46851867,-2.7214813,0.3585187,-0.52148134,0.44851866,0.14851868
0.3285187,0.6385187,-0.031481322,0.15851867,-1.0514814,-1.1014813,-1.3914813,-1.4814813,-1.3614813,-1.7314813,-1.5814813,-2.3514814,-1.9014813,-2.2514813,-2.0014813,-1.6214813,-1.6414813,-0.88148135,0.14851868,0.59851867,0.9985187,1.1785187,0.8185187,0.5785187,0.36851868,0.27851868,0.8885187,1.3385186,1.1785187,1.3085186,1.4785187,2.7285187,3.5685186,3.3485186,3.1085186,2.1985188,0.85851866,-1.3814813,1.4785187,2.1385186,1.5185187
2.8185186,2.8285186,2.7485187,1.2585187,1.8185186,0.60851866,0.8385187,-0.021481324,-0.32148132,-0.34148133,-0.27148134,0.108518675,-1.6314813,-2.1714814,-2.5314813,-2.2014813,-1.7314813,-1.7414813,-2.0614812,-1.8814813,-1.7414813,-0.90148133,-0.21148132,0.8185187,0.6985187,1.0885186,0.8885187,1.1785187,1.6785187,1.1485187,1.8985187,1.7185187,2.7985187,3.7785187,5.1485186,3.6785188,2.0685186,2.0185187,1.3685187,0.55851865,0.068518676
2.0685186,2.2985187,1.5885186,1.2885187,1.0585186,1.2585187,0.16851868,-0.3614813,-0.7914813,-0.9714813,-0.69148135,-1.2714813,-2.1914814,-2.2014813,-2.2614813,-2.9414814,-2.0914812,-2.3114812,-0.9314813,-1.7114813,-1.7914814,-1.9214814,-2.3614814,-2.0414813,-0.6014813,-0.9314813,0.6285187,-0.77148134,-1.5914813,-3.4414814,0.028518677,2.7685187,2.7385187,3.8285186,4.2185187,5.078519,6.0285187,4.8385186,3.9685187,3.4785187,1.9585186
0.5185187,0.86851865,2.3785186,0.6585187,0.8185187,0.5185187,-0.0014813233,-0.44148132,-1.2314813,-0.20148133,-0.031481322,-1.0814813,-0.3914813,-1.6514813,-2.0014813,-1.4414814,-1.6414813,-2.3714814,-1.9914813,-1.8114814,-1.8614813,-2.3314812,-2.5314813,-3.2914813,-4.2314816,-4.091481,-3.6414814,-1.5514814,0.058518678,-0.7414813,0.8885187,0.018518677,1.4185187,4.178519,4.8585186,5.308519,5.1985188,3.7885187,4.2985187,3.5385187,3.2585187
0.9985187,0.55851865,0.6385187,0.98851866,0.31851867,0.44851866,-0.25148132,-0.20148133,0.6385187,-1.2214813,1.1085187,0.42851868,-1.2614813,-1.4514813,-1.1114813,-1.7014813,-2.1614814,-1.9514813,-2.1114814,-2.4814813,-4.111481,-4.321481,-6.401481,-6.6014814,-6.6814814,-7.2614813,-7.191481,-6.211481,-7.7314816,-7.7914815,-5.821481,-0.16148132,0.97851866,1.4485186,3.3185186,4.1285186,4.2985187,5.0285187,4.8785186,4.0485187,3.7885187
0.24851868,-0.5614813,-1.8214813,-0.30148134,-0.22148132,-0.63148135,-1.1614814,-0.8614813,-1.8014814,-2.1014814,-1.0914813,-1.0814813,-1.1314813,-2.4714813,-3.1514814,-5.2214813,-4.0614815,-3.4914813,-4.191481,-3.6514814,-3.6414814,-2.4914813,-2.1314814,-2.2214813,-2.4514813,-3.2914813,-4.2414813,-4.9714813,-5.671481,-6.4914813,-7.5814815,-7.7214813,-8.961481,-1.0014813,0.33851868,3.6785188,5.288519,5.888519,5.9685187,6.0185184,4.348519
