wind.json
{"header": {"discipline":0,"disciplineName":"Meteorological products","gribEdition":2,"gribLength":1211,"center":7,"centerName":"US National Weather Service - NCEP(WMC)","subcenter":0,"refTime":"2023-05-30T00:00:00.000Z","significanceOfRT":1,"significanceOfRTName":"Start of forecast","productStatus":0,"productStatusName":"Operational products","productType":1,"productTypeName":"Forecast products","productDefinitionTemplate":0,"productDefinitionTemplateName":"Analysis/forecast at horizontal level/layer at a point in time","parameterCategory":2,"parameterCategoryName":"UnknownDiscipline_0_Category_2","parameterNumber":2,"parameterNumberName":"UnknownParameter_D0_C2_2","parameterUnit":"Unknown","genProcessType":2,"genProcessTypeName":"Forecast","forecastTime":300,"surface1Type":103,"surface1TypeName":"Specified height level above ground","surface1Value":10.0,"surface2Type":255,"surface2TypeName":"Missing","surface2Value":0.0,"gridDefinitionTemplate":0,"gridDefinitionTemplateName":"Latitude_Longitude","numberPoints":688,"shape":6,"shapeName":"Earth spherical with radius of 6,371,229.0 m","gridUnits":"degrees","resolution":48,"winds":"true","scanMode":64,"nx":43,"ny":16,"basicAngle":0,"lo1":45.0,"la1":40.0,"lo2":87.0,"la2":55.0,"dx":1.0,"dy":1.0}, "data":
[rows 0 to 15 of 16, columns 0 to 42 of 43]
1.9775342,2.5275342,-1.3024658,-0.3824658,-3.3924658,-2.1524658,0.04753418,0.7875342,3.7275343,1.8775342,1.3175342,2.0475342,1.0375342,0.5075342,-2.782466,-3.9024658,-3.7524657,-3.4024658,-4.112466,-4.952466,-4.8524656,-4.2924657,-4.2324657,-1.0524658,2.5175343,4.277534,2.207534,0.61753416,0.05753418,2.5275342,2.7975342,-0.04246582,1.5975342,-0.51246583,-1.0424658,-0.19246583,-1.3624659,-1.0524658,1.5675342,1.8475342,4.297534,4.6675344,2.937534
-1.2924658,3.717534,3.1575341,1.9075341,-2.6624658,1.5075341,1.8075342,2.0475342,4.927534,4.027534,3.2975342,4.367534,2.8075342,1.0975342,-3.332466,-2.4024658,-4.4824657,-3.3524659,-4.672466,-5.192466,-4.262466,-5.5824656,-1.3224658,2.3675342,3.687534,3.207534,1.1575341,3.1275342,2.9875343,1.9175342,2.2475343,1.7575341,2.197534,2.2775342,-3.562466,1.5275341,-0.23246582,-2.2124658,-3.822466,-1.8424659,0.4575342,9.247534,2.6075342
2.1375341,1.3775342,1.7575341,-1.4424658,1.7075342,3.5475342,4.677534,1.9675342,6.137534,5.197534,2.0475342,2.667534,6.4375343,4.7475343,-2.3724658,-4.862466,-4.052466,-3.4724658,-4.932466,-6.442466,-5.742466,-3.8624659,-5.6224656,-2.9024658,-2.4724658,1.9075341,1.7975342,-1.5124658,0.15753418,2.8675342,-1.0624658,-0.4724658,0.28753418,0.48753417,-0.28246582,-0.27246583,1.4375342,1.9475342,3.467534,1.6775342,0.5775342,4.097534,3.437534
1.1175342,1.1575341,4.847534,3.0575342,3.927534,5.867534,5.7675343,6.117534,3.5375342,2.0575342,3.1175342,5.2475343,5.067534,6.487534,-0.6724658,-3.4824657,-5.212466,-4.222466,-6.5224657,-6.262466,-6.682466,-5.662466,-7.8324656,-8.5124655,-8.922466,-10.392466,-7.3324656,-9.642466,-7.802466,-5.192466,-5.072466,-2.1524658,0.43753418,-0.19246583,-1.0824658,4.757534,2.7875342,0.38753417,4.4575343,3.467534,9.2775345,7.697534,1.2575341
3.0975342,8.517534,-3.1924658,-3.1924658,0.6475342,1.6175342,6.6275344,0.55753416,1.4175342,2.7375343,3.437534,3.5075343,9.387534,5.9175344,-10.372466,-5.182466,-5.2924657,-4.692466,-6.912466,-7.432466,-7.4824657,-7.5424657,-8.062466,-9.742466,-9.392466,-10.622466,-11.2624655,-11.462466,-11.642466,-11.102466,-9.942466,-6.172466,-2.802466,-0.23246582,9.957534,10.187534,9.957534,6.027534,-0.7924658,-0.62246585,2.3675342,3.8275342,5.087534
-1.2524658,0.4575342,-7.382466,-5.052466,-4.0824656,-3.052466,-2.9324658,-1.9624658,-1.1124659,-0.23246582,1.4675342,5.6875343,2.0175343,-8.302465,-8.852466,-3.802466,-3.1924658,-4.132466,-6.7324657,-6.472466,-6.7524657,-7.5424657,-8.092465,-9.462466,-10.432466,-10.702466,-11.2224655,-11.272466,-10.502466,-9.282466,-9.232466,-8.602466,-7.692466,-5.5824656,-5.202466,0.3675342,-3.7724657,-1.7624658,9.127534,3.2675343,4.527534,4.1675344,6.757534
-2.9924657,-1.2724658,-1.6424658,-3.4124658,-2.3424659,-2.4224658,-0.4724658,1.7575341,-0.37246582,-0.06246582,0.15753418,3.177534,-7.912466,-7.802466,-3.292466,-0.8024658,1.1075342,-3.3724658,-5.0024657,-5.7924657,-6.7724657,-7.402466,-7.7324657,-8.002466,-8.312466,-8.832466,-9.582466,-10.532466,-10.862466,-5.382466,-8.282466,-8.342465,-8.022466,-8.212466,-6.152466,-2.572466,2.7875342,8.997534,8.747534,9.327534,4.307534,-5.3324656,-5.1024656
-1.7924658,-1.5324658,-0.23246582,-1.4224658,-2.7524657,-1.3324658,-0.9624658,-1.8324658,-0.9324658,0.05753418,-0.6524658,-1.2324659,-5.942466,-3.6824658,-3.1324658,-1.4324658,-2.812466,-2.072466,-3.9324658,-3.4224658,-5.8524656,-5.3124657,-5.882466,-6.262466,-5.9824657,-6.512466,-7.052466,-7.632466,-7.632466,-7.702466,-8.252466,-7.632466,-7.3324656,-6.592466,-5.2324657,-1.9524658,0.47753417,1.1575341,1.6075342,2.957534,6.1475344,3.5775342,10.007534
0.60753417,1.1775342,1.4575342,1.6975342,0.23753418,1.6775342,1.3475342,1.3175342,-0.14246581,-0.7324658,0.23753418,0.60753417,0.24753419,0.4275342,0.01753418,-0.3524658,-1.9224658,-2.9624658,-3.032466,-2.8624659,-2.1324658,-3.552466,-4.802466,-4.7924657,-4.092466,-4.992466,-5.262466,-5.202466,-5.592466,-6.672466,-7.362466,-6.992466,-6.712466,-5.0624657,-3.4124658,-3.8424659,-1.7724658,2.0475342,2.7975342,5.317534,1.6775342,3.167534,4.057534
0.5675342,1.6375341,1.5575342,2.9075341,2.457534,3.0475342,3.1075342,2.3075342,2.3875341,1.8475342,0.79753417,1.1875342,1.9675342,1.8375342,0.67753416,0.28753418,-0.87246585,-1.2424659,-2.4524658,-3.6524658,-2.4924657,-1.9424658,-3.1624658,-3.4224658,-3.9024658,-5.072466,-5.612466,-6.1224656,-5.612466,-5.8524656,-6.462466,-5.8924656,-5.012466,-4.6224656,-3.8524659,-3.052466,-1.0524658,2.1175342,0.55753416,-1.7824658,0.04753418,1.0575342,-2.4524658
3.0575342,1.8775342,2.6575341,2.667534,3.197534,5.3575344,4.1475344,3.0475342,3.7775342,2.947534,1.8775342,1.8775342,4.297534,3.5375342,1.0075341,-2.3624659,-0.20246582,-1.3224658,-2.1824658,-3.792466,-2.332466,-1.8324658,-2.8524659,-3.332466,-4.172466,-4.6424656,-5.052466,-5.912466,-5.992466,-5.422466,-5.0624657,-5.3524656,-4.462466,-3.2324657,-4.682466,-3.7624657,-3.7724657,0.12753418,-1.8824658,-1.5024658,-2.6424658,-0.64246583,0.55753416
4.007534,4.5175343,4.117534,4.587534,4.557534,4.4375343,3.6275342,3.8475342,3.7975342,3.457534,4.2275343,2.8575342,4.337534,3.7675343,-1.5224658,-1.8424659,-1.1224658,-1.0724658,-2.2624657,-3.9124658,-2.6224658,-3.3524659,-4.1224656,-3.2024658,-4.0824656,-3.6724658,-3.332466,-4.202466,-4.912466,-4.742466,-4.182466,-4.1024656,-3.6224658,-4.012466,-4.032466,-5.5224657,-4.422466,-4.1224656,-2.292466,-1.9124658,-1.4324658,-1.5424658,-0.5524658
5.1275344,5.0175343,4.9175344,5.137534,5.217534,5.547534,4.807534,3.6375341,3.7675343,3.6375341,3.9975343,2.5975342,2.8175342,-0.09246582,-1.2524658,-1.0024658,-1.3024658,-1.1424658,-2.2324657,-2.5224657,-2.4424658,-3.2124658,-2.2724657,-3.0024657,-3.5024657,-3.2624657,-2.4124658,-3.3624659,-2.9924657,-4.0224657,-3.052466,-3.2724657,-2.3824658,-4.032466,-3.6524658,-3.9524658,-3.8524659,-4.7524657,-4.472466,-3.532466,-0.9224658,1.2475342,-2.9524658
3.8475342,4.467534,4.737534,5.3975344,4.9975343,5.9175344,4.057534,3.457534,4.0175343,4.1875343,4.9975343,1.3375342,1.6175342,0.09753418,-2.2324657,-3.3924658,-2.0224657,-0.81246585,-1.1624658,-1.3424659,-2.582466,-1.5224658,-1.4724659,-1.3424659,-1.7224659,-0.13246582,-1.8024658,-2.4924657,-2.7524657,-2.9324658,-2.7324657,-3.1824658,-2.2724657,-1.9124658,-2.9924657,-3.822466,-3.052466,-2.7324657,-3.5224657,-2.4124658,-0.9624658,-0.62246585,-0.42246583
4.907534,3.8275342,3.6575341,5.087534,4.237534,4.797534,4.2475343,4.467534,4.587534,4.307534,4.237534,1.8775342,3.0775342,-0.2524658,-1.2824658,-1.4424658,-1.3524659,0.60753417,-0.8624658,-0.95246583,-0.5224658,-0.75246584,-2.9624658,-1.5624658,0.61753416,-2.572466,-3.0024657,-1.3224658,-1.9924659,-0.04246582,-1.3324658,-2.0024657,-0.8324658,-1.9024658,-1.6824658,-3.052466,-3.3524659,-2.5224657,-1.5324658,-2.1324658,-3.292466,-1.3124658,-0.012465821
2.6175342,3.5975342,3.3175342,4.3575344,3.2775342,3.5675342,4.847534,4.3775344,4.757534,4.0175343,4.4975343,2.217534,3.3075342,2.7375343,0.40753418,0.62753415,0.26753417,-0.7924658,-0.8424658,-0.9024658,-0.75246584,-1.1324658,-0.9924658,0.08753418,-1.8224658,-1.5624658,-1.2724658,-0.3224658,1.3875341,-1.5924659,-1.5824658,-2.042466,0.5275342,2.2475343,-0.09246582,-0.17246582,-1.5524658,-1.5524658,-2.4424658,-2.582466,-1.0524658,-2.6524658,-2.9924657
