wind.json
{"header": {"discipline":0,"disciplineName":"Meteorological products","gribEdition":2,"gribLength":953,"center":7,"centerName":"US National Weather Service - NCEP(WMC)","subcenter":0,"refTime":"2023-07-01T06:00:00.000Z","significanceOfRT":1,"significanceOfRTName":"Start of forecast","productStatus":0,"productStatusName":"Operational products","productType":1,"productTypeName":"Forecast products","productDefinitionTemplate":0,"productDefinitionTemplateName":"Analysis/forecast at horizontal level/layer at a point in time","parameterCategory":0,"parameterCategoryName":"UnknownDiscipline_0_Category_0","parameterNumber":0,"parameterNumberName":"UnknownParameter_D0_C0_0","parameterUnit":"Unknown","genProcessType":2,"genProcessTypeName":"Forecast","forecastTime":60,"surface1Type":1,"surface1TypeName":"Ground or water surface","surface1Value":0.0,"surface2Type":255,"surface2TypeName":"Missing","surface2Value":0.0,"gridDefinitionTemplate":0,"gridDefinitionTemplateName":"Latitude_Longitude","numberPoints":688,"shape":6,"shapeName":"Earth spherical with radius of 6,371,229.0 m","gridUnits":"degrees","resolution":48,"winds":"true","scanMode":64,"nx":43,"ny":16,"basicAngle":0,"lo1":45.0,"la1":40.0,"lo2":87.0,"la2":55.0,"dx":1.0,"dy":1.0}, "data":
[rows 0 to 15 of 16, columns 0 to 42 of 43]
284.74155,280.14154,297.04156,299.44156,299.04156,297.74155,296.84155,295.14154,303.34155,302.44156,305.24155,303.04156,305.54156,304.54156,302.14154,303.84155,303.54156,303.24155,301.74155,301.04156,299.34155,300.24155,298.24155,296.84155,294.54156,293.14154,294.34155,287.54156,281.94156,283.04156,283.74155,296.44156,298.54156,299.74155,300.84155,300.54156,303.04156,300.74155,303.84155,301.54156,297.84155,295.54156,296.84155
287.94156,297.84155,297.14154,287.04156,291.44156,296.34155,296.24155,294.54156,300.84155,306.24155,304.44156,304.14154,303.24155,304.74155,303.64154,302.94156,302.24155,300.44156,300.94156,301.34155,299.74155,300.94156,301.14154,297.74155,297.64154,290.34155,299.34155,299.14154,293.74155,279.24155,280.54156,278.94156,278.84155,282.34155,290.24155,298.44156,302.24155,301.14154,300.54156,299.54156,299.14154,299.34155,298.84155
288.54156,284.74155,277.44156,290.34155,296.24155,296.34155,295.94156,293.34155,303.14154,302.84155,302.14154,301.74155,302.74155,301.14154,300.84155,299.84155,298.24155,297.14154,299.14154,300.04156,298.84155,298.14154,298.54156,298.84155,295.14154,285.84155,277.14154,277.24155,285.24155,278.04156,281.24155,276.34155,281.64154,273.64154,282.64154,268.24155,274.04156,297.74155,296.64154,298.14154,301.04156,292.84155,283.84155
288.34155,291.54156,293.74155,296.74155,296.44156,296.24155,295.14154,300.24155,301.84155,301.14154,300.54156,300.64154,300.34155,300.94156,297.24155,298.24155,299.24155,296.34155,295.54156,295.84155,296.74155,297.44156,298.04156,298.04156,297.04156,289.64154,292.84155,292.74155,294.44156,296.34155,291.64154,283.84155,276.64154,276.34155,283.94156,284.64154,284.34155,287.64154,278.84155,281.64154,282.84155,277.74155,276.34155
298.64154,298.44156,293.54156,297.54156,297.34155,296.54156,296.84155,301.24155,301.54156,301.34155,302.54156,301.44156,301.44156,300.44156,294.74155,294.64154,297.64154,295.54156,297.84155,296.94156,300.44156,298.14154,296.94156,292.34155,298.54156,299.34155,296.44156,296.24155,297.54156,294.14154,296.04156,298.64154,299.74155,294.44156,298.94156,297.84155,293.64154,292.44156,282.64154,279.14154,283.14154,290.84155,292.94156
297.84155,299.34155,298.34155,298.14154,297.94156,298.84155,299.24155,300.44156,301.44156,301.94156,301.94156,304.54156,303.44156,300.64154,295.44156,294.64154,292.24155,297.64154,299.14154,299.04156,295.74155,299.64154,300.54156,300.44156,298.14154,298.44156,298.04156,298.54156,295.94156,296.24155,297.74155,299.94156,302.24155,296.34155,283.64154,273.94156,286.64154,294.84155,297.44156,302.54156,301.64154,300.44156,300.54156
301.54156,302.34155,300.04156,296.04156,298.84155,298.34155,298.04156,297.74155,299.84155,302.34155,300.94156,300.34155,299.54156,298.74155,294.14154,293.84155,294.74155,296.44156,297.84155,299.24155,298.84155,300.54156,298.64154,300.94156,297.44156,297.24155,296.94156,297.14154,299.04156,290.54156,297.04156,299.54156,298.84155,299.84155,296.24155,292.54156,293.34155,291.74155,288.34155,288.74155,297.54156,299.14154,299.54156
302.54156,301.94156,300.74155,301.54156,302.44156,302.84155,299.94156,300.64154,300.24155,302.44156,303.24155,301.44156,299.34155,298.04156,297.34155,296.64154,297.84155,296.84155,297.94156,297.24155,298.84155,296.64154,296.04156,297.34155,297.84155,298.14154,296.44156,296.54156,297.64154,298.14154,294.34155,294.94156,296.04156,295.64154,296.24155,296.94156,295.24155,291.14154,290.64154,284.64154,279.44156,281.14154,294.04156
297.74155,296.84155,300.94156,302.54156,303.34155,304.64154,304.24155,303.94156,303.04156,299.44156,298.04156,298.64154,297.34155,296.24155,293.74155,298.54156,296.84155,297.24155,297.84155,296.24155,295.44156,295.44156,293.74155,294.04156,297.44156,297.14154,293.34155,289.84155,291.84155,295.74155,292.34155,293.84155,293.44156,293.84155,292.64154,289.64154,287.34155,291.54156,294.44156,288.34155,291.34155,292.54156,287.64154
292.54156,298.14154,298.64154,301.04156,301.74155,299.54156,302.44156,300.24155,297.94156,298.14154,297.44156,295.74155,294.44156,294.94156,292.54156,293.84155,292.34155,294.94156,294.94156,292.54156,294.84155,293.04156,291.14154,291.14154,292.74155,293.04156,291.04156,291.54156,288.54156,289.44156,288.04156,289.14154,289.84155,289.44156,289.54156,291.54156,286.94156,285.84155,288.84155,288.14154,271.54156,277.54156,274.14154
295.44156,293.44156,293.64154,295.94156,297.74155,297.54156,297.84155,297.84155,296.44156,298.04156,294.84155,292.94156,294.54156,293.24155,294.44156,291.44156,290.74155,290.84155,291.24155,292.24155,289.84155,292.34155,291.74155,290.84155,293.04156,292.44156,293.74155,291.24155,293.74155,291.94156,291.94156,291.64154,292.44156,294.34155,294.14154,292.64154,290.14154,287.64154,288.24155,285.34155,279.04156,275.94156,276.54156
295.04156,294.34155,294.24155,294.14154,294.44156,296.74155,296.44156,294.54156,296.74155,292.14154,291.74155,294.74155,291.14154,292.94156,291.04156,291.24155,291.94156,290.14154,287.84155,289.44156,290.64154,290.24155,289.84155,289.54156,289.44156,291.74155,290.64154,293.64154,293.14154,294.34155,294.54156,297.44156,296.34155,295.94156,294.14154,292.54156,291.04156,290.64154,283.94156,280.14154,278.14154,280.04156,278.74155
291.14154,291.74155,292.84155,293.44156,293.24155,295.44156,292.74155,291.44156,293.74155,289.94156,291.44156,289.84155,289.84155,288.54156,289.74155,291.34155,290.74155,288.84155,289.54156,288.54156,288.34155,288.44156,288.64154,289.04156,291.74155,290.24155,290.64154,295.44156,294.04156,296.64154,296.54156,296.54156,294.94156,294.54156,293.84155,290.34155,289.74155,288.24155,286.94156,284.44156,283.64154,282.94156,281.84155
291.54156,291.54156,290.64154,291.84155,293.34155,292.24155,292.24155,293.94156,292.24155,288.84155,288.14154,288.54156,287.04156,285.54156,288.54156,288.64154,290.24155,290.24155,289.74155,287.84155,288.94156,289.34155,288.04156,287.14154,287.94156,291.44156,292.64154,294.94156,297.34155,295.14154,296.04156,293.74155,293.64154,292.64154,292.04156,290.44156,288.74155,288.24155,287.14154,287.24155,285.34155,284.24155,283.24155
290.44156,290.84155,291.24155,291.34155,291.24155,292.34155,291.64154,292.64154,288.64154,288.44156,288.74155,289.44156,287.34155,285.34155,286.14154,288.74155,289.24155,290.44156,290.44156,290.04156,289.14154,290.14154,289.54156,290.34155,291.34155,293.84155,294.14154,296.34155,294.74155,294.14154,292.84155,292.34155,292.04156,292.14154,290.94156,290.64154,289.24155,286.44156,286.84155,285.64154,284.44156,283.74155,283.54156
289.64154,290.24155,289.94156,291.04156,291.44156,291.94156,291.24155,291.84155,291.34155,287.74155,290.24155,288.74155,290.34155,286.24155,286.34155,288.04156,288.74155,291.64154,291.74155,291.24155,293.84155,288.84155,289.64154,292.44156,291.14154,292.14154,292.54156,294.04156,292.24155,292.34155,291.54156,291.04156,290.74155,287.64154,288.04156,287.44156,286.34155,287.04156,286.14154,284.44156,285.94156,285.24155,284.24155
