wind.json
{"header": {"discipline":0,"disciplineName":"Meteorological products","gribEdition":2,"gribLength":1039,"center":7,"centerName":"US National Weather Service - NCEP(WMC)","subcenter":0,"refTime":"2023-06-28T18:00:00.000Z","significanceOfRT":1,"significanceOfRTName":"Start of forecast","productStatus":0,"productStatusName":"Operational products","productType":1,"productTypeName":"Forecast products","productDefinitionTemplate":0,"productDefinitionTemplateName":"Analysis/forecast at horizontal level/layer at a point in time","parameterCategory":0,"parameterCategoryName":"UnknownDiscipline_0_Category_0","parameterNumber":0,"parameterNumberName":"UnknownParameter_D0_C0_0","parameterUnit":"Unknown","genProcessType":2,"genProcessTypeName":"Forecast","forecastTime":300,"surface1Type":1,"surface1TypeName":"Ground or water surface","surface1Value":0.0,"surface2Type":255,"surface2TypeName":"Missing","surface2Value":0.0,"gridDefinitionTemplate":0,"gridDefinitionTemplateName":"Latitude_Longitude","numberPoints":688,"shape":6,"shapeName":"Earth spherical with radius of 6,371,229.0 m","gridUnits":"degrees","resolution":48,"winds":"true","scanMode":64,"nx":43,"ny":16,"basicAngle":0,"lo1":45.0,"la1":40.0,"lo2":87.0,"la2":55.0,"dx":1.0,"dy":1.0}, "data":
[rows 0 to 15 of 16, columns 0 to 42 of 43]
296.8317,294.4317,312.03168,319.9317,322.8317,298.13168,297.4317,296.03168,320.8317,318.63168,325.53168,321.63168,324.9317,328.3317,328.13168,326.3317,326.8317,326.4317,326.9317,326.4317,323.8317,325.63168,323.53168,325.9317,322.7317,320.53168,320.13168,308.53168,305.53168,308.2317,311.53168,323.4317,326.2317,327.7317,330.53168,333.03168,332.8317,334.53168,333.63168,335.3317,334.03168,334.2317,337.2317
297.9317,308.3317,313.3317,300.4317,309.9317,297.53168,297.3317,295.9317,312.7317,325.2317,326.9317,325.4317,323.8317,325.53168,325.8317,326.4317,326.8317,329.63168,327.9317,326.4317,329.8317,327.9317,331.63168,325.03168,323.63168,320.8317,324.3317,325.4317,319.03168,301.13168,304.3317,298.4317,307.4317,302.2317,314.7317,327.13168,331.7317,332.8317,331.63168,332.63168,334.4317,333.8317,335.3317
297.63168,295.13168,289.63168,305.4317,297.7317,297.63168,297.2317,295.13168,330.2317,320.9317,323.2317,322.3317,324.8317,325.63168,326.53168,327.03168,329.7317,331.13168,332.53168,328.9317,327.63168,327.63168,329.3317,327.13168,324.7317,313.63168,301.7317,298.7317,306.63168,300.3317,301.4317,295.4317,301.3317,294.53168,309.4317,273.2317,302.4317,319.63168,323.63168,325.8317,332.13168,321.13168,286.7317
291.9317,298.03168,307.63168,297.8317,297.8317,297.63168,296.8317,320.4317,324.53168,322.13168,323.4317,321.03168,320.3317,323.3317,326.8317,327.4317,328.9317,333.63168,327.2317,328.2317,327.4317,327.63168,327.53168,324.7317,327.03168,319.9317,324.7317,324.53168,321.9317,323.53168,317.03168,300.7317,292.63168,297.2317,306.8317,310.8317,312.7317,308.3317,301.8317,301.4317,307.13168,300.03168,298.3317
297.4317,310.3317,305.63168,298.03168,298.4317,297.9317,300.4317,317.3317,321.03168,324.9317,323.9317,322.63168,323.13168,323.53168,295.8317,295.2317,326.3317,333.2317,328.2317,330.63168,329.2317,328.03168,321.7317,323.03168,327.4317,328.13168,328.03168,325.9317,326.8317,322.2317,319.4317,312.9317,329.53168,324.13168,324.53168,332.8317,333.2317,322.03168,299.7317,301.13168,302.9317,317.3317,323.8317
301.9317,305.9317,305.53168,298.53168,298.53168,299.13168,303.13168,318.3317,318.7317,319.8317,322.7317,317.4317,321.63168,318.63168,296.03168,295.53168,294.63168,328.13168,327.53168,324.8317,321.8317,324.8317,325.9317,334.2317,330.3317,328.8317,326.03168,326.63168,324.13168,314.7317,317.3317,320.7317,322.2317,321.03168,305.2317,296.53168,303.9317,315.8317,311.8317,325.7317,327.8317,322.3317,325.53168
301.03168,301.3317,304.53168,313.4317,299.13168,298.2317,298.13168,297.8317,318.3317,318.53168,321.4317,322.9317,322.2317,323.53168,298.53168,294.8317,309.2317,322.9317,326.8317,325.2317,323.8317,329.9317,327.4317,324.3317,327.4317,325.03168,318.3317,320.3317,321.13168,291.13168,322.9317,318.3317,318.7317,316.4317,318.13168,317.2317,312.03168,312.13168,308.7317,311.9317,330.7317,328.2317,321.13168
303.63168,303.4317,309.13168,312.4317,311.9317,302.9317,301.2317,308.7317,316.53168,316.7317,311.9317,316.63168,315.53168,320.7317,311.03168,322.4317,325.03168,327.4317,329.2317,324.7317,326.2317,324.8317,322.3317,323.2317,323.3317,317.4317,319.53168,317.4317,315.03168,316.8317,326.3317,328.03168,330.9317,324.13168,324.3317,323.7317,325.2317,317.4317,314.2317,305.13168,301.2317,302.8317,317.8317
310.13168,307.2317,310.3317,313.03168,313.4317,313.8317,316.8317,313.3317,316.9317,315.53168,310.8317,313.9317,316.53168,315.4317,317.53168,318.53168,325.53168,324.8317,328.7317,324.2317,314.9317,321.9317,318.4317,324.4317,321.3317,318.8317,310.2317,314.13168,313.63168,311.63168,313.63168,316.8317,314.4317,320.13168,324.8317,312.8317,315.7317,324.3317,322.7317,289.03168,316.03168,317.4317,309.8317
294.2317,310.03168,310.8317,308.7317,312.4317,311.7317,312.03168,314.03168,313.8317,313.7317,313.2317,313.7317,312.4317,315.13168,317.3317,323.13168,321.53168,324.7317,323.63168,324.13168,323.7317,322.63168,318.4317,318.53168,318.63168,317.3317,313.9317,312.13168,305.7317,308.8317,309.9317,306.9317,308.13168,307.8317,308.63168,310.8317,311.03168,308.53168,308.53168,308.9317,289.4317,285.4317,287.3317
304.03168,307.53168,310.03168,312.3317,311.63168,309.8317,309.53168,312.9317,311.4317,309.53168,309.4317,310.13168,310.2317,310.7317,311.9317,312.4317,312.9317,314.7317,315.7317,315.4317,308.03168,319.8317,315.63168,316.3317,317.53168,316.03168,313.4317,310.2317,311.3317,312.03168,307.8317,307.7317,308.8317,310.7317,314.63168,312.53168,311.4317,314.13168,300.2317,295.13168,297.13168,293.63168,289.3317
300.4317,297.53168,305.53168,308.8317,307.53168,307.8317,308.2317,308.53168,306.03168,305.53168,304.13168,304.3317,305.03168,304.53168,308.8317,306.8317,300.3317,303.8317,308.4317,308.53168,311.9317,309.7317,311.4317,313.13168,310.53168,309.7317,309.53168,307.53168,305.13168,309.4317,308.2317,314.13168,311.3317,311.7317,309.9317,307.3317,309.2317,305.53168,296.4317,296.03168,298.7317,297.3317,292.8317
297.9317,300.8317,302.53168,303.63168,305.4317,306.3317,307.03168,304.2317,303.4317,302.53168,301.7317,300.4317,298.9317,295.9317,300.53168,301.53168,301.4317,303.53168,303.8317,306.63168,305.7317,304.8317,304.03168,304.2317,306.3317,307.03168,305.9317,306.7317,308.53168,309.9317,310.2317,308.4317,306.53168,303.03168,304.03168,305.03168,303.2317,306.03168,303.9317,299.8317,298.03168,299.2317,298.4317
295.13168,297.9317,298.53168,300.03168,303.7317,302.3317,302.4317,300.9317,300.3317,301.8317,296.63168,297.2317,293.53168,292.8317,296.7317,296.13168,297.8317,298.7317,299.9317,300.3317,301.4317,298.8317,298.53168,298.63168,301.13168,301.53168,304.8317,307.2317,310.4317,310.2317,308.8317,305.63168,304.9317,298.7317,302.4317,300.13168,301.03168,299.8317,294.2317,296.53168,298.03168,291.13168,290.8317
295.4317,295.3317,295.9317,292.8317,295.7317,294.13168,301.53168,300.53168,296.4317,292.8317,291.8317,293.4317,290.7317,289.9317,296.9317,294.7317,295.4317,295.7317,296.03168,296.2317,296.8317,296.9317,298.4317,298.2317,300.2317,300.9317,302.7317,306.13168,304.9317,303.53168,304.9317,307.2317,307.2317,305.13168,298.3317,299.3317,298.7317,299.63168,293.9317,296.8317,296.7317,286.4317,286.9317
295.13168,295.8317,294.9317,292.53168,292.03168,297.3317,291.53168,292.63168,296.63168,294.7317,294.9317,294.9317,291.8317,291.53168,289.2317,292.13168,293.8317,294.03168,293.03168,293.3317,295.13168,293.7317,294.4317,296.9317,298.4317,299.63168,299.63168,300.7317,301.53168,303.8317,302.63168,302.9317,302.53168,293.03168,298.8317,295.03168,299.9317,299.4317,296.03168,287.9317,288.4317,287.3317,287.63168
