wind_kz.json
{"header": {"discipline":0,"disciplineName":"Meteorological products","gribEdition":2,"gribLength":948,"center":7,"centerName":"US National Weather Service - NCEP(WMC)","subcenter":0,"refTime":"2023-08-21T00:00:00.000Z","significanceOfRT":1,"significanceOfRTName":"Start of forecast","productStatus":0,"productStatusName":"Operational products","productType":1,"productTypeName":"Forecast products","productDefinitionTemplate":0,"productDefinitionTemplateName":"Analysis/forecast at horizontal level/layer at a point in time","parameterCategory":0,"parameterCategoryName":"UnknownDiscipline_0_Category_0","parameterNumber":0,"parameterNumberName":"UnknownParameter_D0_C0_0","parameterUnit":"Unknown","genProcessType":2,"genProcessTypeName":"Forecast","forecastTime":300,"surface1Type":1,"surface1TypeName":"Ground or water surface","surface1Value":0.0,"surface2Type":255,"surface2TypeName":"Missing","surface2Value":0.0,"gridDefinitionTemplate":0,"gridDefinitionTemplateName":"Latitude_Longitude","numberPoints":615,"shape":6,"shapeName":"Earth spherical with radius of 6,371,229.0 m","gridUnits":"degrees","resolution":48,"winds":"true","scanMode":64,"nx":41,"ny":15,"basicAngle":0,"lo1":47.0,"la1":41.0,"lo2":87.0,"la2":55.0,"dx":1.0,"dy":1.0}, "data":
[rows 0 to 14 of 15, columns 0 to 40 of 41]
309.31696,293.31696,297.41693,298.81696,298.51694,297.41693,307.51694,318.51694,318.41693,319.81696,319.41693,320.41693,318.31696,317.21695,317.41693,316.81696,316.71695,316.51694,318.11694,317.91693,319.41693,315.31696,314.11694,309.31696,311.71695,314.41693,309.31696,288.11694,280.21695,283.61694,286.01694,287.51694,300.21695,309.31696,311.01694,310.01694,309.61694,309.51694,308.91693,309.21695,307.01694
290.61694,300.01694,298.81696,298.71695,298.31696,297.21695,314.71695,317.71695,317.31696,318.91693,320.61694,319.21695,317.41693,317.01694,315.51694,316.31696,317.21695,317.11694,316.21695,317.51694,317.31696,316.51694,314.21695,303.31696,283.41693,287.11694,301.51694,292.81696,294.91693,282.71695,287.01694,279.31696,291.41693,268.31696,288.01694,305.51694,304.61694,307.41693,310.21695,301.51694,286.51694
301.01694,298.51694,298.81696,298.81696,297.21695,313.31696,314.91693,315.01694,316.31696,317.11694,318.11694,319.01694,317.41693,314.21695,314.21695,318.21695,316.61694,316.41693,317.51694,317.61694,318.01694,317.11694,316.41693,309.41693,310.31696,306.71695,303.71695,306.51694,306.11694,289.11694,285.51694,288.91693,297.91693,292.71695,298.31696,290.61694,289.31696,288.81696,291.91693,286.71695,279.61694
311.11694,299.21695,298.71695,297.71695,300.11694,311.91693,312.21695,315.51694,318.91693,319.31696,319.61694,317.21695,296.21695,294.81696,311.91693,317.91693,316.61694,318.31696,318.71695,320.61694,317.71695,314.11694,315.21695,314.41693,314.01694,312.41693,311.81696,308.01694,307.31696,308.81696,310.31696,306.21695,310.41693,311.11694,310.01694,305.21695,288.91693,288.41693,291.51694,302.31696,305.11694
316.11694,299.21695,298.71695,298.11694,303.61694,310.51694,312.01694,319.41693,319.31696,319.61694,320.81696,318.61694,296.71695,294.31696,292.21695,317.21695,316.81696,315.21695,317.01694,315.91693,316.21695,315.71695,314.11694,312.71695,310.11694,308.21695,304.81696,302.61694,308.41693,308.11694,310.71695,309.51694,295.51694,286.51694,295.81696,305.11694,304.31696,310.01694,309.81696,308.21695,306.51694
313.01694,310.21695,297.61694,298.01694,298.21695,297.81696,313.61694,317.11694,317.31696,318.71695,318.81696,318.71695,300.21695,297.21695,305.01694,314.91693,316.21695,317.41693,316.01694,316.21695,315.01694,313.41693,311.61694,310.41693,307.91693,306.31696,306.51694,293.21695,308.41693,309.01694,307.41693,308.11694,310.21695,308.61694,305.41693,303.21695,299.91693,300.21695,308.61694,307.71695,305.71695
310.01694,311.11694,311.21695,312.01694,307.91693,312.71695,314.51694,313.91693,317.61694,317.01694,318.31696,317.01694,317.21695,317.11694,317.81696,316.01694,316.31696,316.61694,316.21695,314.41693,313.21695,311.71695,311.41693,309.71695,307.81696,307.61694,307.41693,308.81696,308.61694,308.11694,307.21695,306.81696,306.81696,308.11694,309.91693,307.01694,300.31696,295.31696,293.91693,291.71695,303.31696
309.01694,308.91693,309.81696,309.81696,312.01694,312.01694,307.51694,308.01694,309.01694,313.31696,313.51694,312.11694,316.81696,316.11694,317.21695,316.81696,315.31696,315.21695,314.51694,311.81696,310.41693,310.51694,310.01694,309.71695,308.41693,304.81696,304.31696,304.91693,302.71695,304.21695,302.11694,302.51694,300.51694,298.71695,300.21695,303.01694,305.81696,290.11694,302.81696,303.21695,299.91693
308.51694,307.71695,307.01694,308.41693,309.21695,310.01694,310.81696,305.61694,306.11694,309.41693,306.81696,312.81696,314.21695,316.11694,314.91693,315.61694,313.91693,314.21695,311.81696,310.91693,308.91693,308.11694,308.31696,307.91693,307.01694,306.81696,303.81696,301.51694,299.41693,296.51694,297.11694,297.21695,298.41693,299.01694,299.01694,298.61694,301.61694,300.41693,290.31696,288.71695,288.11694
306.51694,305.41693,306.41693,306.81696,307.21695,308.21695,307.21695,306.71695,302.21695,304.81696,303.51694,308.91693,312.01694,313.21695,312.91693,313.41693,313.11694,313.91693,313.21695,311.31696,307.51694,307.31696,307.31696,307.71695,306.41693,305.11694,303.31696,301.91693,299.71695,299.11694,298.71695,299.91693,301.01694,299.41693,298.91693,299.11694,296.51694,294.11694,291.01694,289.21695,287.61694
303.21695,302.71695,303.21695,303.31696,303.31696,304.81696,305.51694,305.31696,299.41693,297.71695,299.51694,303.11694,310.31696,310.21695,310.01694,311.01694,310.71695,311.51694,311.41693,309.01694,308.51694,307.61694,306.31696,306.31696,305.91693,304.91693,301.81696,302.81696,302.11694,302.91693,302.51694,302.21695,299.91693,298.21695,296.71695,296.11694,291.81696,291.11694,291.61694,288.81696,289.61694
300.61694,301.61694,302.21695,301.41693,301.61694,301.51694,302.11694,301.71695,300.91693,297.41693,296.21695,296.41693,305.21695,305.71695,306.11694,307.61694,308.71695,308.11694,308.51694,307.11694,304.31696,304.11694,304.31696,303.81696,303.21695,303.81696,302.91693,304.01694,304.01694,303.91693,301.51694,299.61694,299.01694,296.71695,295.51694,295.01694,295.01694,294.91693,293.01694,292.61694,291.11694
294.61694,297.61694,298.91693,299.41693,297.61694,298.21695,299.41693,302.11694,300.91693,297.11694,293.01694,293.11694,296.71695,302.51694,304.01694,304.81696,305.81696,306.01694,306.01694,304.01694,304.31696,304.21695,304.11694,302.01694,303.51694,304.01694,304.71695,304.01694,304.21695,303.41693,303.11694,300.61694,298.61694,297.91693,296.41693,293.61694,292.71695,293.31696,291.41693,290.71695,289.91693
293.91693,296.21695,293.21695,296.01694,295.41693,296.81696,298.71695,298.51694,298.71695,301.01694,291.11694,291.81696,292.71695,296.91693,299.71695,301.51694,304.11694,305.91693,305.41693,303.81696,303.61694,303.31696,302.91693,303.91693,304.81696,305.51694,303.91693,303.31696,302.71695,303.41693,303.11694,302.91693,299.51694,296.51694,295.91693,294.21695,293.21695,292.11694,291.41693,288.91693,289.21695
285.91693,291.91693,290.31696,292.51694,293.61694,294.21695,291.11694,291.31696,298.11694,299.11694,296.51694,291.41693,291.11694,292.91693,295.11694,301.71695,301.11694,305.11694,307.31696,304.81696,303.71695,303.31696,304.11694,303.41693,304.11694,304.31696,304.91693,303.71695,303.11694,301.51694,296.51694,292.91693,300.01694,297.31696,295.41693,293.91693,292.91693,291.41693,290.61694,290.51694,289.51694
