wind_kz.json
{"header": {"discipline":0,"disciplineName":"Meteorological products","gribEdition":2,"gribLength":871,"center":7,"centerName":"US National Weather Service - NCEP(WMC)","subcenter":0,"refTime":"2024-01-31T12:00:00.000Z","significanceOfRT":1,"significanceOfRTName":"Start of forecast","productStatus":0,"productStatusName":"Operational products","productType":1,"productTypeName":"Forecast products","productDefinitionTemplate":0,"productDefinitionTemplateName":"Analysis/forecast at horizontal level/layer at a point in time","parameterCategory":0,"parameterCategoryName":"UnknownDiscipline_0_Category_0","parameterNumber":0,"parameterNumberName":"UnknownParameter_D0_C0_0","parameterUnit":"Unknown","genProcessType":2,"genProcessTypeName":"Forecast","forecastTime":60,"surface1Type":1,"surface1TypeName":"Ground or water surface","surface1Value":0.0,"surface2Type":255,"surface2TypeName":"Missing","surface2Value":0.0,"gridDefinitionTemplate":0,"gridDefinitionTemplateName":"Latitude_Longitude","numberPoints":615,"shape":6,"shapeName":"Earth spherical with radius of 6,371,229.0 m","gridUnits":"degrees","resolution":48,"winds":"true","scanMode":64,"nx":41,"ny":15,"basicAngle":0,"lo1":47.0,"la1":41.0,"lo2":87.0,"la2":55.0,"dx":1.0,"dy":1.0}, "data":
[rows 0 to 14 of 15, columns 0 to 40 of 41]
271.26553,264.56552,271.16553,280.36554,280.36554,281.9655,277.36554,274.9655,273.56552,273.9655,273.06552,272.66553,272.66553,273.16553,273.4655,271.9655,271.76553,271.76553,275.16553,274.36554,272.4655,272.06552,271.4655,269.4655,268.66553,270.16553,263.16553,246.96553,245.76553,246.16553,243.76553,245.96553,254.56552,264.4655,268.36554,265.26553,266.56552,266.36554,267.36554,266.86554,269.06552
252.76553,271.86554,280.16553,279.76553,280.26553,281.06552,273.26553,272.56552,271.36554,271.06552,271.76553,271.06552,271.06552,271.06552,271.9655,271.66553,272.4655,272.66553,272.36554,271.9655,272.36554,270.86554,267.66553,260.86554,242.26553,244.96553,253.56552,243.36552,248.86552,243.56552,253.26553,238.26553,249.66553,235.96553,242.66553,258.86554,257.9655,263.76553,266.36554,260.76553,265.16553
272.86554,278.56552,280.36554,280.36554,280.36554,273.86554,269.76553,269.76553,269.9655,269.06552,268.86554,269.26553,270.26553,269.86554,267.4655,267.56552,269.06552,268.16553,268.86554,269.36554,271.76553,270.06552,269.16553,259.26553,267.16553,263.06552,260.76553,262.06552,266.26553,255.76553,247.76553,249.66553,248.56552,249.66553,250.86552,255.26553,250.26553,249.36552,249.16553,249.16553,247.96553
275.86554,276.26553,278.26553,279.36554,278.06552,271.16553,271.9655,270.06552,269.86554,269.66553,269.16553,266.76553,280.9655,281.66553,267.9655,267.36554,267.4655,267.26553,266.16553,267.16553,264.86554,258.76553,267.36554,263.86554,264.9655,264.76553,263.86554,262.16553,261.16553,264.86554,262.76553,262.4655,267.9655,259.16553,255.36552,258.86554,246.96553,246.76553,254.66553,257.36554,258.56552
274.36554,272.4655,271.4655,271.56552,272.16553,273.26553,272.06552,271.66553,271.16553,269.76553,266.86554,267.4655,279.06552,278.9655,277.9655,263.16553,264.26553,264.26553,263.4655,260.36554,260.86554,264.26553,263.06552,263.16553,262.4655,261.76553,260.9655,258.56552,265.9655,265.26553,266.26553,264.16553,253.16553,240.86552,254.86552,257.26553,261.06552,258.16553,256.86554,255.46553,258.4655
273.86554,273.4655,272.16553,271.26553,271.06552,270.66553,271.36554,272.66553,271.06552,270.16553,268.4655,267.66553,277.26553,279.16553,269.66553,267.06552,266.36554,263.9655,262.26553,260.66553,262.4655,263.76553,265.06552,263.86554,261.86554,258.86554,259.66553,262.36554,262.06552,263.26553,262.26553,264.56552,261.56552,259.16553,260.36554,262.4655,256.86554,257.4655,258.4655,253.66553,256.76553
271.26553,272.16553,272.56552,272.16553,271.56552,271.66553,270.36554,269.4655,269.9655,270.86554,271.86554,269.66553,266.86554,268.26553,269.4655,270.26553,268.76553,267.9655,266.86554,264.36554,265.26553,265.9655,265.9655,265.26553,262.86554,261.4655,258.76553,260.06552,257.4655,258.36554,257.76553,259.06552,258.16553,264.16553,260.36554,260.16553,256.76553,259.06552,259.76553,258.26553,261.06552
271.16553,270.86554,271.76553,272.16553,271.9655,271.16553,269.86554,267.26553,266.16553,266.66553,270.26553,269.06552,269.86554,271.26553,270.06552,271.86554,270.66553,270.36554,268.4655,266.86554,266.4655,266.36554,265.9655,265.9655,265.36554,262.56552,262.4655,261.36554,258.76553,256.86554,255.46553,253.96553,252.66553,255.76553,251.76553,248.36552,251.36552,259.16553,261.66553,262.36554,262.06552
269.9655,269.76553,272.26553,272.66553,272.36554,271.56552,269.4655,266.86554,266.16553,266.76553,266.36554,270.66553,271.26553,272.36554,272.76553,272.4655,272.4655,272.4655,270.76553,269.16553,268.06552,266.9655,267.26553,266.36554,265.9655,265.86554,264.4655,261.56552,259.36554,257.56552,253.46553,256.16553,259.76553,260.16553,256.86554,254.46553,257.4655,257.26553,254.16553,253.36552,255.06552
268.26553,268.36554,268.06552,271.9655,272.36554,271.86554,271.36554,271.06552,270.06552,270.4655,270.9655,270.86554,271.4655,271.66553,271.76553,271.86554,272.36554,272.4655,272.26553,271.06552,269.06552,269.06552,268.76553,268.76553,268.06552,267.16553,266.36554,263.86554,263.66553,260.76553,260.26553,263.26553,262.36554,261.4655,257.56552,253.66553,258.66553,258.76553,259.4655,253.96553,250.66553
267.06552,266.16553,269.56552,271.16553,272.16553,272.56552,271.36554,270.9655,270.76553,270.9655,270.4655,268.76553,270.56552,269.9655,266.56552,265.9655,269.36554,269.36554,271.9655,270.86554,269.56552,269.9655,269.66553,269.06552,268.66553,267.56552,265.06552,263.86554,263.86554,262.76553,262.56552,261.76553,260.56552,261.56552,260.06552,262.56552,261.26553,253.46553,251.06552,256.66553,252.46553
268.56552,267.56552,266.76553,264.16553,269.9655,271.56552,271.66553,270.9655,271.26553,271.16553,269.86554,268.06552,266.26553,266.26553,262.9655,265.4655,266.26553,266.56552,269.4655,267.86554,268.86554,267.4655,266.26553,265.9655,264.36554,263.16553,263.26553,263.36554,262.66553,262.66553,261.4655,259.4655,261.36554,260.36554,259.9655,261.66553,262.76553,260.4655,262.26553,261.66553,262.66553
264.9655,264.4655,259.9655,264.9655,269.4655,270.76553,270.56552,270.16553,269.26553,269.76553,269.16553,263.16553,262.26553,262.9655,259.36554,260.76553,261.76553,264.16553,265.76553,266.06552,265.36554,262.66553,256.56552,255.56552,257.16553,258.06552,260.36554,256.16553,256.86554,260.06552,260.4655,260.66553,261.26553,261.36554,259.56552,259.76553,259.66553,262.06552,259.86554,263.86554,261.66553
266.66553,265.26553,259.86554,259.76553,268.56552,270.56552,270.06552,270.06552,270.16553,269.66553,267.06552,261.56552,257.86554,263.9655,260.4655,263.26553,262.16553,262.9655,261.66553,257.36554,253.86552,255.26553,255.06552,251.36552,249.36552,250.36552,251.06552,250.46553,252.56552,255.06552,257.26553,258.26553,259.9655,260.06552,258.9655,258.26553,258.36554,258.9655,257.9655,262.26553,266.06552
263.36554,256.16553,265.06552,262.86554,266.06552,269.16553,269.66553,270.4655,270.56552,268.66553,267.9655,262.36554,263.16553,259.26553,262.06552,261.66553,260.4655,256.86554,254.56552,254.36552,252.76553,251.76553,250.86552,251.26553,250.56552,247.26553,246.16553,247.86552,254.76553,254.66553,258.4655,260.66553,259.56552,259.56552,258.86554,257.26553,257.16553,259.56552,259.36554,264.76553,263.06552
