wind_kz.json
{"header": {"discipline":0,"disciplineName":"Meteorological products","gribEdition":2,"gribLength":871,"center":7,"centerName":"US National Weather Service - NCEP(WMC)","subcenter":0,"refTime":"2024-04-07T06:00:00.000Z","significanceOfRT":1,"significanceOfRTName":"Start of forecast","productStatus":0,"productStatusName":"Operational products","productType":1,"productTypeName":"Forecast products","productDefinitionTemplate":0,"productDefinitionTemplateName":"Analysis/forecast at horizontal level/layer at a point in time","parameterCategory":0,"parameterCategoryName":"UnknownDiscipline_0_Category_0","parameterNumber":0,"parameterNumberName":"UnknownParameter_D0_C0_0","parameterUnit":"Unknown","genProcessType":2,"genProcessTypeName":"Forecast","forecastTime":240,"surface1Type":1,"surface1TypeName":"Ground or water surface","surface1Value":0.0,"surface2Type":255,"surface2TypeName":"Missing","surface2Value":0.0,"gridDefinitionTemplate":0,"gridDefinitionTemplateName":"Latitude_Longitude","numberPoints":615,"shape":6,"shapeName":"Earth spherical with radius of 6,371,229.0 m","gridUnits":"degrees","resolution":48,"winds":"true","scanMode":64,"nx":41,"ny":15,"basicAngle":0,"lo1":47.0,"la1":41.0,"lo2":87.0,"la2":55.0,"dx":1.0,"dy":1.0}, "data":
[rows 0 to 14 of 15, columns 0 to 40 of 41]
297.4941,288.29413,294.59412,282.3941,283.4941,284.8941,301.59412,310.79413,306.19412,307.09412,305.29413,303.79413,305.29413,303.79413,305.09412,307.09412,304.4941,304.4941,304.8941,304.69412,306.69412,303.79413,302.29413,300.59412,308.9941,312.4941,298.79413,292.4941,291.3941,281.8941,280.29413,279.8941,294.79413,306.3941,308.69412,308.3941,307.4941,312.19412,310.69412,312.8941,315.3941
273.8941,296.09412,282.59412,282.79413,283.19412,283.8941,309.29413,305.59412,304.19412,304.3941,306.69412,303.8941,305.19412,306.29413,302.09412,302.4941,306.59412,306.69412,304.9941,305.69412,304.8941,304.09412,296.29413,292.9941,273.29413,273.19412,297.69412,294.69412,294.69412,273.8941,287.19412,273.3941,289.69412,270.69412,273.19412,300.4941,303.19412,306.79413,310.09412,301.19412,279.8941
297.59412,282.29413,282.29413,282.59412,283.09412,302.69412,303.9941,305.19412,305.69412,305.3941,302.69412,302.4941,304.69412,305.8941,303.09412,303.59412,303.4941,303.8941,304.79413,305.19412,305.09412,307.9941,301.19412,293.79413,300.79413,299.09412,299.09412,300.59412,298.19412,292.9941,280.69412,287.3941,291.69412,293.09412,293.8941,293.9941,283.09412,292.29413,290.4941,283.69412,278.9941
294.29413,283.59412,282.19412,282.29413,287.69412,303.29413,303.19412,305.79413,307.3941,307.3941,305.3941,304.09412,286.59412,286.8941,303.19412,303.3941,305.29413,304.69412,302.79413,305.09412,304.29413,300.59412,304.9941,305.79413,305.29413,304.69412,305.3941,300.9941,300.79413,301.59412,303.79413,299.59412,304.4941,306.59412,303.09412,299.09412,289.8941,274.69412,290.79413,302.3941,305.3941
295.9941,284.4941,283.09412,283.69412,291.9941,302.8941,303.79413,307.79413,306.29413,305.29413,305.79413,305.09412,285.9941,285.79413,283.8941,305.8941,305.69412,306.79413,304.29413,305.69412,306.09412,307.9941,308.3941,307.79413,306.79413,307.9941,307.09412,298.9941,304.3941,309.9941,309.59412,305.09412,291.59412,275.9941,298.29413,306.4941,292.19412,311.69412,310.79413,307.4941,303.4941
296.9941,298.09412,284.4941,283.09412,281.79413,282.59412,305.69412,302.3941,303.8941,303.29413,303.09412,304.79413,287.59412,284.9941,288.79413,305.09412,303.59412,306.59412,303.79413,304.8941,304.8941,304.3941,307.79413,305.19412,299.4941,304.9941,309.09412,271.9941,296.8941,307.09412,295.79413,306.8941,305.79413,302.4941,297.29413,297.09412,296.29413,298.3941,313.8941,306.59412,303.29413
296.29413,297.3941,297.69412,300.4941,296.29413,303.3941,305.29413,303.9941,301.3941,299.4941,302.4941,299.69412,300.8941,299.79413,300.09412,298.69412,300.3941,299.69412,302.29413,302.8941,301.69412,302.29413,302.8941,301.8941,301.09412,302.3941,292.59412,303.79413,304.3941,302.09412,297.9941,303.69412,305.29413,302.69412,301.29413,299.8941,296.3941,295.19412,295.29413,285.19412,303.09412
297.19412,297.59412,297.8941,298.19412,300.19412,299.69412,300.29413,299.4941,299.69412,298.09412,297.3941,297.79413,297.19412,292.79413,290.09412,292.4941,293.69412,295.9941,296.29413,296.3941,296.69412,298.69412,298.69412,298.8941,298.79413,298.29413,298.8941,300.3941,294.4941,301.59412,300.69412,303.29413,301.8941,298.8941,302.9941,300.9941,300.3941,273.09412,303.69412,300.8941,300.4941
294.79413,296.59412,298.79413,300.09412,297.69412,299.8941,299.59412,297.79413,296.9941,297.09412,296.79413,297.3941,296.79413,297.29413,296.3941,298.8941,295.59412,290.8941,293.9941,293.9941,294.09412,295.4941,296.29413,296.59412,296.29413,296.9941,296.79413,296.8941,292.3941,292.9941,294.19412,298.4941,301.4941,300.19412,300.9941,296.29413,296.29413,296.09412,273.19412,273.19412,274.29413
292.59412,294.69412,294.8941,296.19412,294.79413,297.19412,297.29413,297.3941,296.8941,296.59412,295.9941,296.59412,297.4941,297.8941,295.4941,295.8941,296.79413,296.19412,292.79413,293.4941,293.09412,295.19412,296.4941,296.4941,297.3941,296.79413,298.09412,298.3941,298.3941,298.09412,298.79413,301.19412,302.29413,299.8941,298.4941,291.9941,289.59412,281.9941,273.19412,290.9941,282.4941
295.4941,295.29413,295.59412,295.3941,294.4941,295.4941,294.9941,295.59412,294.9941,295.59412,293.3941,294.8941,295.9941,296.19412,296.29413,296.29413,295.59412,295.79413,294.79413,293.69412,293.19412,294.29413,296.19412,296.3941,296.4941,296.59412,295.69412,299.19412,300.9941,303.29413,303.8941,301.69412,301.09412,300.69412,299.4941,295.59412,288.79413,282.59412,292.3941,285.59412,285.4941
294.09412,295.59412,293.8941,292.9941,292.09412,292.9941,293.69412,292.3941,295.09412,293.9941,292.09412,292.3941,293.4941,292.59412,293.19412,296.19412,296.59412,295.29413,293.4941,294.09412,290.8941,291.59412,290.29413,293.19412,293.8941,295.8941,296.59412,298.79413,300.3941,300.8941,300.09412,300.19412,300.09412,298.4941,297.9941,296.09412,295.4941,295.69412,291.4941,293.9941,293.19412
288.9941,290.59412,289.4941,291.59412,290.3941,290.79413,290.3941,290.09412,292.4941,287.09412,286.59412,289.8941,292.3941,292.09412,294.09412,293.4941,293.8941,295.09412,294.9941,291.19412,293.8941,292.29413,291.59412,291.69412,293.09412,295.19412,297.8941,297.19412,297.59412,297.4941,298.29413,298.79413,298.79413,298.09412,297.9941,296.4941,290.59412,291.4941,291.79413,292.79413,292.19412
281.4941,282.09412,277.9941,282.69412,286.79413,286.59412,288.3941,287.29413,288.29413,290.3941,284.3941,281.9941,283.3941,289.4941,293.29413,293.19412,293.29413,293.9941,294.9941,293.8941,293.3941,292.9941,293.9941,294.29413,293.4941,294.59412,293.9941,295.09412,294.29413,295.29413,296.3941,296.4941,296.19412,295.29413,295.29413,293.69412,293.19412,288.69412,287.09412,286.69412,292.19412
285.09412,285.59412,273.29413,285.3941,286.19412,285.9941,286.29413,287.29413,289.09412,288.59412,287.29413,284.3941,282.8941,281.59412,282.4941,286.3941,287.19412,290.59412,286.69412,293.79413,293.09412,293.69412,293.79413,292.09412,292.79413,292.59412,292.19412,291.9941,292.59412,291.79413,292.09412,284.19412,293.19412,293.59412,293.79413,293.19412,293.79413,290.8941,290.69412,290.3941,283.8941
