wind.json
{"header": {"discipline":0,"disciplineName":"Meteorological products","gribEdition":2,"gribLength":1039,"center":7,"centerName":"US National Weather Service - NCEP(WMC)","subcenter":0,"refTime":"2023-06-30T06:00:00.000Z","significanceOfRT":1,"significanceOfRTName":"Start of forecast","productStatus":0,"productStatusName":"Operational products","productType":1,"productTypeName":"Forecast products","productDefinitionTemplate":0,"productDefinitionTemplateName":"Analysis/forecast at horizontal level/layer at a point in time","parameterCategory":0,"parameterCategoryName":"UnknownDiscipline_0_Category_0","parameterNumber":0,"parameterNumberName":"UnknownParameter_D0_C0_0","parameterUnit":"Unknown","genProcessType":2,"genProcessTypeName":"Forecast","forecastTime":240,"surface1Type":1,"surface1TypeName":"Ground or water surface","surface1Value":0.0,"surface2Type":255,"surface2TypeName":"Missing","surface2Value":0.0,"gridDefinitionTemplate":0,"gridDefinitionTemplateName":"Latitude_Longitude","numberPoints":688,"shape":6,"shapeName":"Earth spherical with radius of 6,371,229.0 m","gridUnits":"degrees","resolution":48,"winds":"true","scanMode":64,"nx":43,"ny":16,"basicAngle":0,"lo1":45.0,"la1":40.0,"lo2":87.0,"la2":55.0,"dx":1.0,"dy":1.0}, "data":
[rows 0 to 15 of 16, columns 0 to 42 of 43]
299.17892,294.87894,313.27893,320.87894,325.17892,298.67892,297.67892,296.57892,326.67892,326.27893,326.27893,325.87894,328.47894,329.27893,329.47894,326.97894,326.37894,326.07892,325.87894,325.57892,324.67892,325.97894,324.27893,322.57892,319.97894,311.27893,311.37894,301.97894,302.17892,305.27893,304.07892,319.57892,320.77893,319.07892,327.47894,329.07892,327.37894,329.37894,326.27893,326.17892,329.07892,329.77893,326.67892
298.67892,311.57892,319.17892,303.47894,313.37894,297.37894,297.17892,295.77893,316.47894,327.67892,325.27893,330.97894,325.47894,324.37894,325.67892,326.37894,325.87894,327.17892,326.97894,324.47894,329.27893,327.97894,332.97894,325.27893,321.87894,319.27893,321.37894,323.17892,312.57892,299.77893,301.67892,298.47894,306.87894,299.77893,309.07892,324.27893,326.37894,329.17892,331.27893,330.67892,331.67892,337.57892,334.47894
298.77893,296.77893,292.47894,308.47894,297.17892,297.47894,296.97894,294.67892,329.17892,325.57892,324.87894,324.97894,328.07892,325.87894,326.17892,326.97894,329.97894,331.67892,329.87894,328.87894,327.27893,328.67892,329.27893,328.57892,325.27893,311.77893,298.77893,297.97894,304.27893,301.17892,300.27893,294.07892,297.47894,295.97894,304.57892,273.17892,298.97894,318.37894,316.27893,321.17892,326.67892,320.47894,287.17892
297.67892,299.97894,309.87894,297.97894,297.77893,297.97894,296.37894,321.87894,322.07892,323.97894,324.67892,323.97894,323.57892,324.47894,324.87894,327.87894,329.37894,332.27893,332.87894,331.07892,328.67892,328.47894,326.97894,319.97894,320.17892,312.87894,318.37894,315.57892,316.47894,318.97894,314.47894,296.97894,295.87894,295.77893,302.77893,303.67892,307.27893,305.57892,299.47894,298.57892,302.47894,300.17892,301.07892
307.97894,310.07892,307.47894,298.57892,298.67892,297.87894,302.67892,321.77893,323.87894,325.47894,324.07892,323.67892,323.27893,321.47894,296.17892,295.47894,328.57892,328.87894,326.57892,330.67892,326.97894,326.07892,319.97894,315.77893,321.17892,320.67892,321.07892,322.77893,322.47894,319.77893,316.27893,319.37894,321.37894,319.77893,326.27893,323.87894,322.17892,315.77893,297.77893,301.27893,302.57892,316.67892,321.57892
308.07892,311.97894,314.27893,299.07892,298.87894,299.37894,308.37894,321.47894,324.17892,326.77893,322.87894,323.97894,324.67892,322.57892,296.27893,295.57892,292.67892,326.37894,326.67892,323.27893,320.37894,323.07892,323.87894,325.27893,324.87894,322.57892,323.37894,323.17892,322.47894,314.37894,321.97894,321.47894,320.77893,317.27893,304.17892,298.47894,305.87894,318.07892,311.57892,329.17892,331.67892,323.77893,323.97894
308.67892,311.17892,304.67892,306.37894,299.57892,298.87894,298.57892,298.07892,326.47894,322.67892,324.27893,324.77893,326.47894,325.87894,299.37894,294.67892,312.07892,324.07892,327.57892,326.87894,327.37894,327.07892,326.57892,324.47894,325.27893,326.37894,325.47894,323.47894,321.17892,290.97894,322.17892,320.67892,322.37894,320.27893,320.57892,320.47894,314.17892,311.57892,308.77893,309.97894,328.77893,328.17892,322.97894
309.77893,310.97894,303.67892,317.57892,315.77893,317.57892,312.27893,321.17892,324.87894,322.47894,323.37894,324.37894,326.87894,328.17892,325.57892,326.17892,326.57892,329.57892,330.27893,329.47894,327.97894,324.77893,322.77893,321.87894,320.67892,320.27893,319.17892,319.07892,320.27893,322.27893,326.87894,324.47894,324.27893,322.27893,320.97894,319.37894,329.17892,317.27893,309.57892,306.77893,299.47894,303.17892,320.47894
311.97894,312.17892,305.77893,315.57892,322.47894,319.87894,318.57892,320.47894,323.17892,323.27893,323.67892,322.97894,321.47894,323.57892,324.87894,324.97894,327.67892,327.07892,331.07892,327.07892,325.37894,321.77893,319.17892,321.47894,320.57892,319.87894,318.87894,315.57892,316.17892,318.77893,317.07892,318.57892,315.77893,318.57892,316.27893,312.17892,313.57892,320.67892,317.77893,288.67892,314.67892,312.87894,309.27893
295.57892,306.47894,310.97894,316.87894,322.37894,321.27893,318.27893,319.57892,321.47894,321.07892,322.57892,321.57892,322.57892,319.27893,323.17892,326.57892,323.67892,328.27893,326.67892,327.57892,323.07892,324.47894,319.27893,320.67892,322.37894,318.37894,316.07892,316.57892,312.87894,311.87894,310.07892,311.17892,310.57892,310.27893,311.37894,312.87894,311.67892,307.87894,307.87894,306.97894,300.47894,292.97894,298.97894
296.67892,308.57892,313.07892,316.67892,317.27893,315.87894,316.47894,320.47894,319.47894,319.97894,319.67892,315.67892,317.27893,315.57892,307.27893,324.07892,320.67892,320.17892,320.47894,322.47894,321.57892,320.57892,317.87894,320.07892,322.67892,323.17892,322.07892,316.27893,314.27893,316.17892,311.57892,310.27893,311.17892,311.77893,312.77893,310.97894,310.67892,306.67892,298.87894,295.87894,299.87894,296.37894,293.77893
292.17892,294.87894,302.07892,304.07892,307.97894,311.47894,312.87894,309.87894,316.97894,308.07892,314.47894,311.87894,307.17892,311.67892,314.47894,312.17892,314.27893,315.67892,316.47894,318.57892,319.17892,315.57892,315.57892,316.57892,314.17892,310.67892,313.07892,311.97894,307.97894,313.57892,314.27893,320.37894,317.97894,314.07892,312.17892,306.27893,303.77893,301.77893,295.47894,294.77893,296.97894,290.67892,291.77893
291.67892,292.37894,294.07892,297.87894,297.17892,297.47894,303.47894,301.47894,298.67892,309.47894,310.97894,313.27893,311.57892,306.87894,310.07892,310.67892,306.87894,311.07892,312.37894,314.07892,312.07892,311.17892,309.97894,310.87894,312.07892,311.77893,309.37894,297.97894,313.17892,316.07892,317.87894,314.57892,309.27893,314.27893,308.37894,306.47894,301.67892,302.87894,300.87894,301.57892,298.67892,297.97894,296.67892
287.97894,288.07892,288.67892,291.57892,294.87894,292.87894,298.77893,296.97894,300.47894,298.07892,304.97894,306.17892,304.37894,302.47894,306.37894,304.57892,306.87894,306.77893,308.97894,308.97894,309.97894,306.37894,306.57892,307.47894,307.97894,309.27893,312.67892,313.67892,316.17892,315.27893,312.27893,300.57892,304.97894,310.77893,308.67892,304.77893,305.57892,300.47894,299.17892,298.77893,297.47894,298.47894,296.57892
291.17892,291.17892,291.17892,288.87894,290.87894,290.77893,289.77893,290.27893,291.37894,295.97894,297.57892,301.97894,298.87894,300.87894,303.87894,305.37894,305.77893,304.37894,302.27893,306.17892,307.37894,307.17892,306.87894,306.47894,307.27893,307.07892,308.47894,310.97894,308.97894,306.57892,306.17892,306.07892,302.07892,307.77893,305.67892,305.97894,300.97894,301.57892,299.37894,298.77893,298.27893,296.27893,294.77893
293.87894,293.37894,294.77893,292.87894,291.77893,293.17892,294.07892,294.27893,292.47894,294.57892,297.17892,298.27893,291.97894,297.97894,298.77893,302.17892,305.97894,304.17892,303.87894,304.47894,305.27893,305.37894,305.07892,304.07892,305.07892,305.97894,305.67892,305.77893,305.47894,305.37894,303.57892,304.57892,300.17892,292.97894,302.77893,304.57892,302.67892,301.37894,299.37894,295.97894,297.37894,295.77893,296.07892
