wind_kz.json
{"header": {"discipline":0,"disciplineName":"Meteorological products","gribEdition":2,"gribLength":1025,"center":7,"centerName":"US National Weather Service - NCEP(WMC)","subcenter":0,"refTime":"2023-09-27T12:00:00.000Z","significanceOfRT":1,"significanceOfRTName":"Start of forecast","productStatus":0,"productStatusName":"Operational products","productType":1,"productTypeName":"Forecast products","productDefinitionTemplate":0,"productDefinitionTemplateName":"Analysis/forecast at horizontal level/layer at a point in time","parameterCategory":2,"parameterCategoryName":"UnknownDiscipline_0_Category_2","parameterNumber":2,"parameterNumberName":"UnknownParameter_D0_C2_2","parameterUnit":"Unknown","genProcessType":2,"genProcessTypeName":"Forecast","forecastTime":0,"surface1Type":103,"surface1TypeName":"Specified height level above ground","surface1Value":10.0,"surface2Type":255,"surface2TypeName":"Missing","surface2Value":0.0,"gridDefinitionTemplate":0,"gridDefinitionTemplateName":"Latitude_Longitude","numberPoints":615,"shape":6,"shapeName":"Earth spherical with radius of 6,371,229.0 m","gridUnits":"degrees","resolution":48,"winds":"true","scanMode":64,"nx":41,"ny":15,"basicAngle":0,"lo1":47.0,"la1":41.0,"lo2":87.0,"la2":55.0,"dx":1.0,"dy":1.0}, "data":
[rows 0 to 14 of 15, columns 0 to 40 of 41]
-0.53374326,1.4062567,-3.4937432,-4.123743,-1.9337432,-0.103743285,-2.5237434,-1.7837433,-3.3737433,-2.1337433,-2.0037432,-1.7237433,-1.5137433,-1.3637433,-0.8937433,0.6262567,-1.5437433,0.7662567,2.9462566,3.2562568,0.8262567,-0.3837433,2.4262567,4.896257,1.2662567,2.6362567,2.8962567,3.0162568,0.8062567,1.0062567,1.7662567,-0.0037432862,-1.6637433,-0.8337433,-0.4037433,0.2862567,1.8062568,2.1162567,1.5762568,1.0462567,0.9462567
0.3362567,-4.4937434,-4.1137433,-4.1637435,-1.8337433,0.8062567,-3.6537433,-2.8237433,-2.1637433,-2.1037433,-0.6737433,-1.9837433,-2.5037432,-2.0037432,-1.2837433,-1.7537433,-0.103743285,-0.2537433,-1.0237433,2.8462567,3.1962566,-1.3737433,1.6262567,1.7562567,1.9462568,0.4062567,-0.23374328,2.4962568,1.2262567,-0.53374326,0.116256714,-0.6437433,0.7962567,-1.5437433,0.14625672,2.4062567,1.8162568,0.116256714,-0.5237433,-0.4437433,-2.3837433
-7.1537433,-7.0137434,-5.9237432,-3.5037432,0.47625673,0.7462567,-2.0637434,-2.5237434,-2.7837434,-1.7637433,-1.4137433,-1.8437433,-2.2137432,0.65625674,-0.97374326,-1.4337432,-0.8037433,-1.4537433,-0.9837433,1.1362567,0.5162567,2.0762568,1.5462567,4.306257,-0.2537433,-0.7037433,0.7362567,1.5962567,2.6762567,-0.26374328,-0.3737433,-1.5237433,0.44625673,0.5762567,-2.0237434,-0.4437433,0.41625673,-1.1637433,4.1562567,2.5862567,0.8062567
-8.853744,-7.273743,-4.753743,-1.5737433,-2.6437433,-3.8937433,-2.7137432,-2.5937433,-1.9637433,-2.3137434,-1.4437432,-3.3437433,-0.6737433,0.17625672,2.1162567,-0.6237433,-1.1437433,-0.7437433,-2.2837434,-2.3237433,-1.4237432,0.12625672,-1.7137433,-1.3237433,-0.84374326,0.15625672,1.4562567,2.5062568,-3.9037433,-2.0237434,-1.1037433,2.6162567,1.9462568,0.9962567,1.7562567,1.9162567,0.08625671,2.3862567,-1.0837433,-1.8537433,-2.7937434
-7.7237434,-6.1837435,-4.4137435,-2.6237433,-0.96374327,-1.9637433,-2.7737434,-2.3037434,-0.4337433,-1.1437433,-1.1837432,-4.693743,1.0762568,2.0062568,3.9562566,-0.42374328,-0.4337433,-0.6337433,-0.6837433,-1.3337433,-1.7037433,-2.0637434,-1.3637433,-0.6037433,-0.2837433,-1.3937433,-4.0937433,-0.8237433,-2.0537434,-3.3737433,-3.4737432,-2.0637434,0.9462567,0.8162567,-3.0037432,-3.4237432,-5.0337434,-4.2837434,-3.6137433,-2.4137433,-3.3237433
-5.523743,-6.123743,-4.0137434,-3.9937432,-2.7537432,-0.5837433,0.4062567,0.09625671,0.7662567,2.7662568,1.4562567,0.78625673,1.3862567,2.2362566,0.8662567,-0.78374326,0.6362567,0.53625673,0.6262567,0.8762567,0.6362567,-0.24374329,1.0362567,0.106256716,0.3362567,-3.5237434,-3.2437432,-2.6837432,-1.3437433,-3.9237432,-2.7337432,-3.2937434,-2.2537432,-1.9837433,-0.78374326,0.4662567,0.2862567,0.4362567,-3.5537434,-3.0337434,-1.2537433
-5.0137434,-4.4337435,-3.7137432,-2.8437433,-1.3437433,-1.2437433,-0.21374328,0.9562567,1.5662568,1.4762567,0.8962567,-0.21374328,-1.1537433,-1.9837433,-1.5937433,0.6262567,1.3162568,0.42625672,0.6162567,2.4362566,2.1662567,0.5062567,-2.2037432,-0.9937433,-0.8337433,0.036256716,-0.6937433,0.5462567,1.0862567,0.2862567,1.8562567,0.8962567,-2.6137433,-0.08374329,1.0362567,0.116256714,0.4062567,-0.7737433,0.6262567,0.4062567,-1.7637433
-1.7737433,-2.3637433,-1.2537433,-0.2837433,-0.36374328,0.4362567,1.6662567,2.1562567,3.2562568,2.8662567,0.96625674,1.4862567,-1.0237433,-0.9937433,-0.4637433,0.19625671,-0.3437433,1.0862567,1.1262567,2.9362566,1.8562567,1.1162567,3.7562568,-0.33374327,3.4962568,1.6162567,1.5062567,1.4562567,4.5962567,-2.3637433,1.5562568,-1.9937433,1.4562567,-1.6537433,-0.15374328,-2.8837433,-2.7337432,0.6162567,0.6862567,0.2762567,0.6162567
-0.7637433,-0.7937433,-1.0337433,-0.043743286,3.2462568,3.6162567,2.8362567,2.5262568,2.5762568,1.7962567,1.1062567,0.12625672,-1.2937433,-0.8837433,-0.9337433,-0.8237433,-0.6137433,0.056256715,0.6862567,1.5062567,3.5362568,2.7962568,1.2362567,2.2462568,1.7762567,-0.21374328,5.3262568,3.0962567,2.2662568,1.5662568,2.0162568,-0.073743284,-0.6037433,-1.1837432,-2.5337434,-0.53374326,-1.3437433,-2.0437434,-0.27374327,1.0962567,-1.4137433
-1.5437433,-0.4337433,1.4062567,2.6162567,2.2462568,2.3762567,1.6862568,1.5162567,1.8562567,2.2662568,1.2062567,-0.21374328,-0.20374328,-0.42374328,-0.5437433,-0.6937433,-0.8137433,-0.8837433,-0.6237433,-0.6437433,-0.3437433,1.5062567,1.9862567,3.0662568,1.8362567,2.0262568,4.0262566,3.8762567,3.5962567,0.96625674,2.0462568,-2.2537432,-2.7037432,-2.5537434,-1.4037433,-2.6437433,-1.0637432,-0.33374327,-0.53374326,0.32625672,-0.84374326
1.4962567,1.3062568,1.5062567,0.7662567,0.7662567,0.77625674,0.19625671,-0.32374328,0.7062567,0.20625672,-0.023743287,-0.3737433,0.3662567,0.3462567,0.24625671,0.8062567,0.15625672,0.39625672,0.8162567,-0.6137433,-0.6337433,-0.9437433,-2.1537433,0.12625672,1.9062567,2.4562566,3.9362566,2.8362567,3.3462567,3.0362568,0.016256714,-3.0337434,-2.2237432,-1.5637432,-1.4337432,-0.90374327,0.23625672,0.8762567,-1.1837432,0.9562567,0.2762567
1.5662568,-0.2837433,1.9862567,1.5562568,1.5862567,0.77625674,0.6162567,0.9162567,0.44625673,1.3362567,2.3762567,1.5662568,1.7062567,1.6062567,0.7362567,0.9362567,0.8862567,0.7562567,1.4162567,0.056256715,0.45625672,-0.21374328,-1.7137433,-1.9937433,-0.9337433,0.19625671,-0.5037433,2.4762566,2.5862567,4.2562566,1.8562567,-2.8037434,-1.5237433,-1.8837433,-1.6237433,-1.7437433,-0.13374329,-2.3337433,-1.2337433,-1.3037432,-0.7037433
2.0362568,1.8762567,1.9462568,3.0562568,2.0562568,1.4162567,2.0662568,2.3762567,2.6462567,0.77625674,1.7862567,2.3462567,2.2662568,2.3462567,1.2062567,1.7662567,2.2062566,2.1462567,2.0562568,2.3462567,2.0062568,1.9662567,1.2262567,0.9162567,-0.053743288,0.8262567,0.036256716,0.09625671,0.90625674,-1.9737433,-2.8137434,-1.1537433,-2.3737433,-0.8637433,-2.0237434,-1.2237433,-0.7537433,-1.7637433,-1.6337433,-1.3237433,-1.1337433
2.7962568,2.7362566,1.9262567,3.8962567,3.4062567,3.2162566,3.1762567,3.4062567,2.6262567,2.5562568,2.0562568,2.4862566,1.3262568,1.3162568,2.0762568,2.7462568,2.9462566,2.5562568,2.4062567,2.7062566,2.3962567,2.8462567,1.4862567,1.9262567,1.5962567,1.5862567,0.7462567,-0.15374328,-0.103743285,0.5062567,-0.4137433,0.6262567,-1.2137433,0.35625672,-0.6437433,-0.26374328,-0.4337433,-0.8137433,-0.23374328,1.1662567,-1.7637433
2.9862566,3.8562567,3.9462566,3.9962568,4.5062566,4.4862566,4.4662566,4.266257,4.3862567,3.6362567,2.4862566,3.8162568,3.1362567,2.9662566,2.9462566,2.9262567,2.5062568,2.6062567,2.5662568,3.0462568,2.9462566,3.4762566,2.8062568,2.1962566,1.3162568,1.4062567,1.2662567,1.5862567,1.2162567,0.106256716,-0.18374328,1.2862567,-0.9837433,1.5562568,0.78625673,0.24625671,-0.22374329,0.3462567,1.5162567,0.2862567,-0.13374329
