wind_kz.json
{"header": {"discipline":0,"disciplineName":"Meteorological products","gribEdition":2,"gribLength":1025,"center":7,"centerName":"US National Weather Service - NCEP(WMC)","subcenter":0,"refTime":"2023-08-18T06:00:00.000Z","significanceOfRT":1,"significanceOfRTName":"Start of forecast","productStatus":0,"productStatusName":"Operational products","productType":1,"productTypeName":"Forecast products","productDefinitionTemplate":0,"productDefinitionTemplateName":"Analysis/forecast at horizontal level/layer at a point in time","parameterCategory":2,"parameterCategoryName":"UnknownDiscipline_0_Category_2","parameterNumber":2,"parameterNumberName":"UnknownParameter_D0_C2_2","parameterUnit":"Unknown","genProcessType":2,"genProcessTypeName":"Forecast","forecastTime":0,"surface1Type":103,"surface1TypeName":"Specified height level above ground","surface1Value":10.0,"surface2Type":255,"surface2TypeName":"Missing","surface2Value":0.0,"gridDefinitionTemplate":0,"gridDefinitionTemplateName":"Latitude_Longitude","numberPoints":615,"shape":6,"shapeName":"Earth spherical with radius of 6,371,229.0 m","gridUnits":"degrees","resolution":48,"winds":"true","scanMode":64,"nx":41,"ny":15,"basicAngle":0,"lo1":47.0,"la1":41.0,"lo2":87.0,"la2":55.0,"dx":1.0,"dy":1.0}, "data":
[rows 0 to 14 of 15, columns 0 to 40 of 41]
-0.49499756,1.8850025,-2.8349977,-0.10499756,-1.4649975,-0.94499755,0.5850024,1.2550025,0.49500245,1.1450025,1.4350024,0.99500245,-0.36499757,-1.2649976,-0.43499756,0.97500247,-0.7949976,-1.3049976,-1.9049976,-2.3749976,-2.7449975,-1.4949975,1.1350025,2.4950025,0.07500244,-0.21499756,2.9150023,3.8350024,0.5150024,2.5350025,-1.1349976,1.2250024,-0.06499756,-0.76499754,0.80500245,0.41500244,0.67500246,0.7750024,1.2150024,0.5950024,-0.41499755
-0.51499754,-2.4849975,-1.2649976,-1.7149975,-1.8649975,-0.82499754,-0.50499755,-1.2049975,0.74500245,1.3250024,2.9150023,1.1850024,0.60500246,-1.4749975,-1.7249975,-2.0749977,0.06500244,1.2550025,1.1250024,-0.89499754,-2.2049975,-1.0849975,0.8350024,3.6450024,0.85500246,0.13500243,1.2950025,2.1450024,3.9850025,2.9450026,-0.19499756,-0.87499756,-1.8649975,0.015002442,0.39500245,4.5050025,5.6550026,1.9550024,0.21500245,-0.014997559,-0.34499756
-2.3249977,-2.6849976,-0.7849976,-1.6549976,-1.1049975,-0.80499756,-0.0049975584,1.0550025,1.3250024,0.74500245,0.57500243,1.3450024,0.69500244,-2.0849977,-2.5149975,-0.124997556,1.3150024,2.8350024,1.9850024,-2.3249977,-3.5649977,-4.6449976,-4.1849976,-6.2849975,-0.30499756,-0.06499756,0.06500244,2.3450024,4.2950025,-0.57499754,1.9950024,-1.7849976,0.86500245,0.47500244,-2.2549975,1.0850024,1.1150024,0.21500245,2.0850024,4.9450026,2.8250024
-3.0949976,-1.9849975,0.31500244,0.40500244,2.7150025,1.6150024,1.0450025,1.3750024,3.2550025,2.8050025,2.0950024,1.0850024,-3.0149975,-3.8149977,-1.5949975,-1.9349976,-1.4849975,-0.39499757,-2.3349977,-2.3949976,-2.4049976,-6.194998,-4.2849975,-3.8349977,-2.9549975,-2.5349975,-1.7949976,-5.0549974,-3.6949975,-0.43499756,2.2450025,3.3150024,1.2150024,0.81500244,1.3050025,2.0950024,2.1650023,2.3850024,-2.1749976,-2.9549975,-3.6849976
-0.9049976,2.3950024,3.4350023,1.8950025,4.4550023,3.9750025,4.1250024,3.9250023,3.4950025,3.1950026,1.5550025,-4.0549974,-4.9349976,-3.9449975,-2.5749977,-0.9749976,-0.43499756,-1.8249975,-3.4449975,-5.4149976,-5.2949977,-6.6649976,-5.9949975,-4.5349975,-4.0149975,-3.9249976,-6.1449976,-2.5649977,-3.6349976,-3.1549976,-2.4649975,-1.2249975,3.9750025,3.4750025,-2.9649975,-2.6449976,-1.9949975,-4.3749976,-2.6449976,-3.2849975,-2.6449976
0.62500244,2.0150025,1.8850025,4.0250025,2.4650025,2.1050024,2.3850024,-1.3049976,0.015002442,-0.68499756,-4.0649977,-8.124997,-4.3849974,-3.3149977,0.37500244,-2.8849976,-4.5049977,-2.5049975,-4.214998,-4.444998,-4.9249973,-5.9349976,-6.0749974,-5.2449975,-4.9549975,-4.4149976,-4.5549974,-3.6049976,-3.8249977,-3.6149976,-3.2949975,-2.6449976,0.14500244,0.30500245,-0.24499756,3.2450025,1.3250024,2.1250024,-1.8849976,-2.6049976,-2.1549976
1.2150024,1.3050025,-0.6549976,1.8950025,1.1750025,-0.11499756,-3.0549974,-2.0749977,-2.8249977,-5.194998,-6.4849977,-6.7549977,-5.9049973,-4.8549976,-5.6149974,-4.5249977,-4.7449975,-3.2749975,-3.4749975,-4.444998,-4.7349977,-4.3549976,-3.8949976,-2.9849975,-3.0349975,-2.7449975,-2.3949976,-2.6049976,-3.0649977,-3.2749975,-4.0549974,-3.2949975,-2.1749976,-1.0649976,-0.64499754,0.5850024,1.1650025,-2.2349975,4.555002,-0.07499756,-0.52499753
1.9750024,1.5450025,0.39500245,-2.0349975,-3.3849976,-3.2749975,-2.3149977,-1.6849976,-3.7449975,-5.2849975,-7.6849976,-7.4349976,-6.1649976,-6.6249976,-5.1049976,-4.7449975,-4.0849977,-4.0249977,-3.4949975,-5.2949977,-4.6249976,-3.8349977,-3.3149977,-2.5649977,-2.7849975,-1.7049975,-1.3049976,-0.32499754,-0.80499756,-0.51499754,-1.7849976,-2.6449976,-3.8849976,-4.6549973,-4.6549973,-3.2849975,-1.2149975,3.2950025,4.0450025,3.6450024,5.0450025
-1.5249976,-1.6649976,-1.0649976,-2.1449976,-4.7049975,-3.9649975,-4.5849977,-5.1449976,-5.194998,-6.9149976,-6.5949974,-6.1749973,-8.194998,-7.6749973,-7.3049974,-6.5749974,-6.6449976,-6.5849977,-4.9249973,-2.8549976,-2.8549976,-2.3049974,-1.8949976,-1.3049976,-0.74499756,-0.62499756,-0.76499754,-1.1249976,-0.5949976,-0.43499756,0.9050024,-0.7349976,-1.4849975,-0.7849976,-0.49499756,0.23500244,-0.25499755,-0.014997559,1.8250024,-0.33499756,1.7650025
-3.1749976,-3.8149977,-5.0149975,-5.7449975,-5.9049973,-6.214998,-5.714998,-5.7649975,-6.4149976,-6.6049976,-6.714998,-6.7349977,-7.3349977,-6.5649977,-5.1649976,-4.4949975,-4.194998,-3.3649976,-2.4249976,-1.1949975,-0.93499756,-0.32499754,0.80500245,1.4950024,1.0350025,0.30500245,0.5150024,1.5650024,1.1750025,-0.52499753,1.9050025,1.4850024,2.2850025,4.3950024,3.2050025,1.7950025,1.9850024,0.97500247,2.3250024,0.97500247,1.6150024
-3.8349977,-5.0949974,-5.7849975,-6.8849974,-5.6749973,-6.9249973,-7.4949975,-6.9849977,-6.7749977,-6.0449977,-6.1149974,-4.9549975,-2.3149977,-3.4249976,-3.2549975,-3.2949975,-2.8349977,-2.4049976,-2.4049976,-2.3049974,-2.5149975,-2.1849976,-1.5249976,-0.24499756,1.1850024,-2.2949975,-1.8249975,-2.1049976,-2.4249976,-1.5049976,0.20500244,1.4250025,2.5950024,2.9650025,2.9550025,2.2850025,1.4150025,1.9850024,1.7250024,0.38500243,1.8150024
-3.7249975,-4.5649977,-5.1449976,-5.5249977,-5.5249977,-5.444998,-5.8549976,-5.9549975,-4.4349976,-4.1749973,-4.714998,-3.7049975,-3.2149975,-3.1449976,-2.6249976,-2.0549974,-1.5749975,-1.5549976,-1.7249975,-1.6449976,-1.5649976,-1.8349975,-1.3949976,-1.7249975,-2.8549976,-2.9649975,-2.2649975,-1.2049975,-1.1349976,-0.70499754,-0.64499754,-0.094997555,0.36500245,1.0950024,1.0150025,1.8050025,3.0950024,4.6850023,3.1750023,2.8350024,2.4550025
-3.3049974,-3.9249976,-4.0149975,-4.2049975,-3.2649975,-2.7649975,-3.9449975,-3.8549976,-2.7949975,-2.3849976,-2.3149977,-3.1249976,-2.5049975,-2.3649976,-1.7349975,-1.2249975,-1.4249976,-2.0649977,-1.8949976,-2.3849976,-2.0549974,-1.7149975,-2.4449975,-1.5049976,-1.1249976,-1.1649976,-0.86499757,-1.3449975,-0.62499756,-0.15499756,0.5150024,0.38500243,0.67500246,1.1250024,-0.64499754,0.73500246,2.2850025,2.4950025,3.0750024,3.9050024,2.5250025
-2.2049975,-3.1349976,-2.2549975,-3.6849976,-3.3049974,-3.0849977,-2.1949975,-1.5349976,-1.2349975,-1.2749976,-0.11499756,-0.43499756,-1.6749976,-1.4449975,-1.9349976,-2.3049974,-2.0449975,-1.6649976,-1.6349976,-2.2249975,-1.9349976,-2.4149976,-1.9449975,-1.4349976,-0.69499755,0.05500244,0.25500244,0.9050024,1.7150024,1.9250025,2.4950025,2.1450024,3.0650024,3.2950025,2.8850024,2.7550025,1.4850024,2.0550025,2.0850024,1.7050024,3.4650025
-1.7049975,-2.7149975,-3.1049976,-1.7149975,-1.0049976,-1.2449975,-0.67499757,-0.22499757,-0.17499755,-0.75499755,0.36500245,0.24500245,0.7150024,0.23500244,0.085002445,-0.25499755,-0.33499756,-0.33499756,-0.48499757,-0.57499754,0.15500244,-0.70499754,0.38500243,1.3150024,1.6650025,2.1050024,1.3450024,2.1450024,2.7950025,3.0450025,3.4050024,4.0450025,3.8150024,3.2450025,2.9350023,1.8950025,3.0850024,3.2150025,3.9250023,3.1350024,1.4550024
