wind_kz.json
{"header": {"discipline":0,"disciplineName":"Meteorological products","gribEdition":2,"gribLength":871,"center":7,"centerName":"US National Weather Service - NCEP(WMC)","subcenter":0,"refTime":"2023-08-18T12:00:00.000Z","significanceOfRT":1,"significanceOfRTName":"Start of forecast","productStatus":0,"productStatusName":"Operational products","productType":1,"productTypeName":"Forecast products","productDefinitionTemplate":0,"productDefinitionTemplateName":"Analysis/forecast at horizontal level/layer at a point in time","parameterCategory":0,"parameterCategoryName":"UnknownDiscipline_0_Category_0","parameterNumber":0,"parameterNumberName":"UnknownParameter_D0_C0_0","parameterUnit":"Unknown","genProcessType":2,"genProcessTypeName":"Forecast","forecastTime":240,"surface1Type":1,"surface1TypeName":"Ground or water surface","surface1Value":0.0,"surface2Type":255,"surface2TypeName":"Missing","surface2Value":0.0,"gridDefinitionTemplate":0,"gridDefinitionTemplateName":"Latitude_Longitude","numberPoints":615,"shape":6,"shapeName":"Earth spherical with radius of 6,371,229.0 m","gridUnits":"degrees","resolution":48,"winds":"true","scanMode":64,"nx":41,"ny":15,"basicAngle":0,"lo1":47.0,"la1":41.0,"lo2":87.0,"la2":55.0,"dx":1.0,"dy":1.0}, "data":
[rows 0 to 14 of 15, columns 0 to 40 of 41]
316.32782,303.4278,312.0278,298.7278,299.0278,297.5278,312.5278,317.9278,313.82782,314.0278,312.2278,312.0278,310.9278,310.82782,310.9278,310.5278,310.4278,308.32782,309.5278,309.32782,311.32782,305.9278,306.32782,302.4278,303.9278,306.2278,300.9278,286.4278,284.5278,280.4278,276.0278,273.32782,284.4278,293.32782,298.0278,304.1278,303.82782,306.32782,306.9278,306.9278,306.32782
294.6278,309.4278,298.5278,298.6278,298.5278,298.0278,318.5278,314.6278,312.1278,311.5278,312.1278,311.2278,311.5278,309.82782,310.0278,310.6278,310.6278,309.82782,308.2278,308.32782,308.2278,305.9278,304.6278,296.4278,287.9278,286.6278,295.9278,287.32782,289.2278,280.0278,283.4278,272.5278,273.2278,269.5278,278.1278,295.9278,296.2278,300.32782,306.7278,297.7278,284.4278
312.5278,298.9278,298.9278,298.4278,296.7278,315.0278,313.32782,312.82782,310.9278,310.2278,310.7278,312.0278,310.2278,310.6278,310.7278,311.2278,309.9278,308.82782,308.4278,307.7278,308.0278,307.1278,305.9278,301.32782,302.6278,302.0278,300.9278,300.32782,298.6278,283.82782,275.82782,275.9278,283.9278,283.2278,282.9278,282.6278,277.82782,281.4278,284.1278,284.1278,282.5278
309.5278,299.2278,298.7278,297.7278,301.6278,314.32782,313.2278,313.7278,313.1278,312.0278,311.1278,308.0278,295.32782,294.9278,310.1278,312.2278,310.4278,310.4278,309.32782,308.6278,305.1278,301.5278,306.82782,305.4278,304.6278,304.9278,305.7278,301.4278,299.1278,299.9278,298.6278,292.9278,295.5278,294.4278,293.2278,286.2278,278.7278,278.82782,281.6278,293.5278,298.6278
309.2278,299.1278,298.82782,298.9278,307.2278,314.4278,316.0278,317.2278,314.0278,312.9278,312.6278,309.0278,295.5278,294.82782,293.1278,310.2278,311.6278,307.6278,307.32782,307.82782,308.6278,307.4278,307.0278,305.6278,304.9278,303.0278,302.82782,298.6278,303.2278,302.1278,302.7278,298.4278,284.0278,274.32782,284.6278,291.2278,291.5278,299.0278,301.0278,302.4278,304.4278
308.1278,308.9278,297.6278,297.9278,298.5278,298.4278,319.6278,316.32782,314.1278,313.7278,312.0278,311.7278,296.4278,294.6278,299.2278,305.9278,308.82782,308.32782,307.0278,307.32782,306.1278,305.1278,304.32782,304.1278,303.4278,301.82782,302.32782,293.6278,300.2278,303.9278,302.2278,300.32782,297.82782,294.7278,292.5278,293.4278,286.4278,285.1278,293.2278,302.5278,302.82782
313.2278,313.1278,313.1278,313.82782,307.82782,312.32782,316.0278,316.0278,313.82782,312.32782,311.7278,310.2278,309.1278,309.0278,305.6278,305.32782,303.0278,307.2278,306.4278,304.7278,303.7278,303.2278,302.2278,302.1278,297.82782,298.1278,299.7278,301.82782,300.5278,300.32782,298.5278,298.5278,298.82782,298.32782,295.7278,293.9278,290.2278,286.32782,280.9278,286.4278,294.32782
314.1278,313.82782,314.1278,313.82782,315.4278,316.9278,316.0278,312.7278,310.6278,309.5278,308.82782,307.2278,307.0278,306.4278,305.0278,299.7278,299.6278,297.7278,301.1278,297.5278,298.5278,301.0278,300.0278,298.5278,295.5278,293.1278,294.0278,295.7278,294.82782,296.2278,296.5278,297.2278,295.4278,292.1278,291.6278,295.2278,298.1278,289.6278,296.6278,297.0278,295.0278
313.9278,312.4278,312.7278,312.32782,313.5278,313.6278,312.82782,310.32782,308.4278,306.6278,305.6278,303.82782,302.5278,302.82782,294.0278,293.0278,294.1278,295.2278,294.0278,293.82782,294.5278,295.9278,294.9278,294.82782,293.0278,295.1278,292.4278,291.2278,289.2278,288.6278,288.7278,292.5278,293.7278,294.6278,293.7278,291.6278,293.2278,291.4278,282.1278,282.2278,283.0278
312.0278,312.2278,312.5278,311.82782,312.0278,310.0278,308.7278,308.2278,306.9278,305.6278,303.2278,300.9278,297.1278,291.82782,295.82782,292.0278,293.2278,292.0278,293.82782,293.9278,293.6278,293.7278,294.2278,292.0278,294.1278,290.2278,290.32782,291.0278,291.5278,290.82782,290.4278,291.9278,294.5278,294.4278,294.0278,293.0278,290.2278,287.1278,285.2278,284.1278,281.2278
310.5278,309.82782,308.4278,308.0278,307.32782,307.1278,306.9278,304.1278,299.7278,301.7278,296.6278,295.2278,290.9278,290.0278,293.82782,298.4278,299.2278,299.5278,297.2278,295.7278,296.0278,293.4278,288.4278,290.4278,290.0278,289.4278,289.6278,290.82782,292.2278,293.4278,294.5278,294.5278,293.1278,293.0278,292.9278,291.4278,287.0278,285.9278,286.6278,284.9278,282.5278
308.6278,308.6278,308.82782,307.4278,302.0278,296.9278,300.32782,297.1278,296.2278,292.9278,287.9278,286.82782,289.7278,292.32782,293.1278,294.82782,296.0278,295.32782,295.7278,293.9278,291.6278,288.1278,285.5278,285.6278,286.1278,288.6278,291.1278,290.4278,294.4278,292.9278,293.1278,293.2278,291.6278,290.2278,290.2278,291.82782,291.2278,292.4278,288.9278,289.4278,286.0278
294.7278,302.7278,302.0278,295.5278,302.2278,293.82782,289.0278,286.4278,285.4278,285.82782,286.5278,288.6278,291.2278,289.5278,289.9278,290.82782,293.2278,294.32782,292.1278,289.82782,292.82782,289.32782,288.5278,287.9278,287.1278,287.32782,289.2278,291.7278,293.0278,293.6278,293.5278,293.1278,292.5278,290.82782,291.82782,290.2278,290.32782,291.4278,290.9278,289.9278,286.6278
297.9278,290.32782,291.2278,285.82782,286.5278,285.1278,284.9278,287.0278,291.4278,292.32782,287.7278,284.82782,289.5278,288.5278,289.1278,290.1278,291.2278,291.1278,291.4278,294.0278,291.4278,290.2278,286.4278,285.4278,289.1278,285.9278,285.0278,287.6278,289.5278,289.6278,291.9278,292.32782,291.5278,290.4278,290.32782,289.9278,290.2278,289.6278,290.32782,287.7278,287.2278
284.82782,285.2278,290.82782,291.0278,290.7278,289.9278,291.1278,292.5278,292.5278,292.1278,288.1278,287.7278,283.7278,285.4278,289.6278,289.0278,287.9278,289.6278,290.6278,287.1278,290.32782,290.7278,285.82782,286.6278,285.5278,284.82782,286.4278,284.5278,288.6278,287.7278,287.5278,287.32782,288.32782,289.2278,289.1278,289.82782,290.1278,289.82782,291.2278,291.2278,287.32782
