wind_kz.json
[{"header":{"discipline":0,"disciplineName":"Meteorological products","gribEdition":2,"gribLength":871,"center":7,"centerName":"US National Weather Service - NCEP(WMC)","subcenter":0,"refTime":"2025-04-06T00:00:00.000Z","significanceOfRT":1,"significanceOfRTName":"Start of forecast","productStatus":0,"productStatusName":"Operational products","productType":1,"productTypeName":"Forecast products","productDefinitionTemplate":0,"productDefinitionTemplateName":"Analysis/forecast at horizontal level/layer at a point in time","parameterCategory":0,"parameterCategoryName":"UnknownDiscipline_0_Category_0","parameterNumber":0,"parameterNumberName":"UnknownParameter_D0_C0_0","parameterUnit":"Unknown","genProcessType":2,"genProcessTypeName":"Forecast","forecastTime":300,"surface1Type":1,"surface1TypeName":"Ground or water surface","surface1Value":0.0,"surface2Type":255,"surface2TypeName":"Missing","surface2Value":0.0,"gridDefinitionTemplate":0,"gridDefinitionTemplateName":"Latitude_Longitude","numberPoints":615,"shape":6,"shapeName":"Earth spherical with radius of 6,371,229.0 m","gridUnits":"degrees","resolution":48,"winds":"true","scanMode":64,"nx":41,"ny":15,"basicAngle":0,"lo1":47.0,"la1":41.0,"lo2":87.0,"la2":55.0,"dx":1.0,"dy":1.0},"data":[298.3,281.4,289.2,284.0,284.9,286.7,296.7,302.3,298.8,300.9,299.5,299.6,298.5,298.4,298.5,298.6,298.9,296.8,296.9,290.0,289.3,288.3,285.9,281.6,289.1,290.3,286.5,279.8,286.3,279.4,282.5,277.7,294.3,302.5,303.1,303.2,303.5,302.6,302.0,302.4,302.2,272.6,288.4,283.6,283.6,284.4,284.3,300.0,298.4,297.6,298.3,299.1,297.4,298.1,297.1,297.5,297.1,297.7,298.1,296.1,293.5,290.4,288.6,283.5,275.1,273.5,273.5,282.6,279.6,285.7,284.7,290.3,269.6,290.0,259.5,267.7,298.9,297.3,299.3,302.5,295.3,283.4,293.2,282.7,283.9,283.9,283.1,296.4,297.8,298.2,297.0,295.8,295.7,296.1,296.7,296.9,294.4,293.3,292.4,295.2,293.6,294.2,292.3,291.9,285.9,279.8,284.8,282.2,288.3,290.3,286.5,283.7,281.0,283.2,289.7,290.9,294.1,292.5,284.2,283.6,287.7,282.8,277.1,293.2,282.9,282.0,282.8,286.6,295.6,297.0,296.4,295.9,293.6,293.6,292.8,286.3,286.9,293.1,288.1,291.9,292.7,291.7,294.3,291.4,285.8,288.5,286.4,287.8,287.6,288.0,290.7,290.5,288.4,294.5,292.2,298.2,300.8,296.9,293.4,284.1,275.3,287.5,294.5,298.2,295.3,284.0,283.2,283.7,287.7,293.8,294.5,292.7,292.3,292.8,293.1,291.8,285.3,284.9,282.3,292.0,289.5,289.5,290.0,290.9,289.5,291.9,289.0,288.3,287.8,287.7,286.8,289.2,295.0,295.0,296.7,292.5,284.7,274.6,289.3,297.3,293.7,300.5,300.1,299.6,298.5,293.1,293.5,284.0,283.5,282.4,282.0,291.7,292.9,291.8,290.5,290.4,291.1,283.9,283.8,286.7,288.0,290.9,288.3,289.0,291.2,291.4,288.5,288.3,287.4,285.7,285.9,288.0,273.1,299.0,293.3,294.8,297.0,297.2,295.8,295.5,292.6,290.1,290.2,297.6,299.1,299.0,292.1,292.4,293.6,293.3,289.4,290.7,291.2,289.2,289.0,288.0,288.0,287.8,289.9,289.6,289.6,289.6,289.1,291.8,290.4,288.3,289.4,287.1,287.3,285.6,283.3,285.3,286.9,296.4,294.5,295.9,292.1,296.0,297.8,296.0,296.1,294.7,290.8,289.1,287.1,285.7,295.5,289.5,290.4,290.6,286.2,287.8,287.6,287.9,286.0,284.7,284.6,284.9,286.5,285.8,286.7,288.8,289.1,290.0,289.9,287.6,285.0,285.2,286.0,285.5,286.2,283.9,282.3,283.9,287.1,291.0,293.7,293.3,293.4,293.4,291.8,293.5,293.3,294.3,273.1,297.0,295.5,294.1,287.6,287.9,287.9,286.4,283.9,284.9,283.5,283.0,282.7,283.3,283.4,283.0,284.2,287.3,288.1,288.5,287.5,287.0,286.2,285.2,283.4,284.3,284.3,283.2,283.1,282.2,282.8,284.1,287.9,288.9,291.4,291.9,293.7,295.0,295.0,291.1,292.1,291.3,280.6,284.6,283.0,287.1,285.8,284.7,283.8,282.1,282.2,281.6,282.7,281.3,279.7,281.7,282.9,284.3,284.7,285.1,284.0,285.8,286.6,284.9,285.8,284.9,284.0,283.6,283.7,283.4,281.9,283.1,283.7,288.9,288.2,289.9,296.7,297.4,296.5,294.2,292.5,291.2,288.1,287.1,285.1,282.5,285.3,284.2,281.9,281.4,280.7,279.9,279.1,281.2,280.8,280.3,280.5,280.9,283.5,282.4,282.3,283.3,283.9,285.3,284.4,284.2,285.9,285.6,285.1,284.3,283.0,283.5,280.7,284.1,288.1,291.4,291.5,293.9,297.7,297.2,296.2,293.5,288.1,286.6,287.7,286.2,284.1,281.9,283.0,281.0,280.6,279.6,278.1,276.9,279.1,280.2,280.1,277.8,277.4,280.2,279.4,281.2,281.8,283.0,284.4,285.6,283.1,284.0,284.9,285.2,283.3,282.7,284.1,283.4,282.6,285.8,286.7,288.0,293.6,297.7,294.9,296.2,296.0,295.5,294.9,292.4,292.2,289.6,277.2,278.8,280.8,279.5,277.3,277.2,277.7,279.2,280.0,278.0,275.0,275.6,278.8,277.4,279.8,281.0,282.7,283.5,284.7,285.8,285.3,283.1,284.2,283.1,283.9,284.6,285.5,284.2,283.8,284.6,286.3,292.5,294.7,295.5,296.1,294.7,294.8,294.5,290.5,291.8,288.8,278.2,278.0,276.3,277.1,275.9,274.8,276.8,275.3,277.2,277.4,273.3,272.5,276.0,277.7,279.1,279.5,279.6,280.7,282.8,284.4,285.7,285.5,286.9,284.0,285.5,288.4,285.5,284.6,281.2,283.0,284.6,288.3,291.6,294.2,295.3,293.0,293.0,292.2,291.5,288.8,289.6,277.6,279.1,273.2,277.6,276.9,275.6,275.2,275.6,276.5,276.8,274.8,274.1,272.2,274.1,275.5,278.2,278.4,279.4,281.4,282.8,283.8,286.1,284.6,284.8,284.6,286.7,286.0,284.0,281.4,280.0,281.2,280.2,289.5,293.3,293.0,293.2,292.3,292.0,292.2,289.4,288.2]},{"header":{"discipline":0,"disciplineName":"Meteorological products","gribEdition":2,"gribLength":1102,"center":7,"centerName":"US National Weather Service - NCEP(WMC)","subcenter":0,"refTime":"2025-04-06T00:00:00.000Z","significanceOfRT":1,"significanceOfRTName":"Start of forecast","productStatus":0,"productStatusName":"Operational products","productType":1,"productTypeName":"Forecast products","productDefinitionTemplate":0,"productDefinitionTemplateName":"Analysis/forecast at horizontal level/layer at a point in time","parameterCategory":2,"parameterCategoryName":"UnknownDiscipline_0_Category_2","parameterNumber":2,"parameterNumberName":"UnknownParameter_D0_C2_2","parameterUnit":"Unknown","genProcessType":2,"genProcessTypeName":"Forecast","forecastTime":300,"surface1Type":103,"surface1TypeName":"Specified height level above ground","surface1Value":10.0,"surface2Type":255,"surface2TypeName":"Missing","surface2Value":0.0,"gridDefinitionTemplate":0,"gridDefinitionTemplateName":"Latitude_Longitude","numberPoints":615,"shape":6,"shapeName":"Earth spherical with radius of 6,371,229.0 m","gridUnits":"degrees","resolution":48,"winds":"true","scanMode":64,"nx":41,"ny":15,"basicAngle":0,"lo1":47.0,"la1":41.0,"lo2":87.0,"la2":55.0,"dx":1.0,"dy":1.0},"data":[0.6960718,1.9860718,-1.0439283,-5.8839283,1.6060718,2.7660718,5.286072,6.7760715,10.196072,9.336072,8.936071,8.246072,9.046072,9.996072,9.966072,9.766071,10.716072,7.626072,4.6960716,3.7260718,7.286072,4.7360716,2.3360717,4.416072,2.7460718,4.246072,4.3060718,2.6260717,-1.4439282,-2.3539283,-4.9039283,-1.7939283,-2.9439282,-6.083928,-6.8439283,-6.6139283,-6.1739283,-5.4939284,-4.8039284,-4.043928,-3.5339282,1.3960718,-3.073928,-4.543928,-3.0239282,-0.95392823,1.9260718,7.706072,8.996072,8.656072,7.6760716,7.546072,7.956072,7.126072,8.406072,9.096072,7.766072,9.266071,10.286072,8.496072,7.3660717,4.6360717,4.2360716,2.3660717,-0.57392824,0.13607177,-2.1139283,0.7060718,0.17607178,4.106072,6.4260716,2.2260718,-2.4539282,-0.43392822,-2.073928,0.18607178,-3.9839282,-3.2039282,-2.6739283,-0.40392822,-2.7939281,-0.4439282,-2.6939282,-3.9539282,-1.2839283,1.7360718,4.0560718,7.566072,7.456072,6.416072,6.546072,7.666072,7.016072,7.4260716,7.916072,8.216072,4.686072,7.496072,8.076072,10.5660715,9.806072,9.716072,7.5560718,7.0560718,4.896072,6.0260715,3.166072,8.216072,9.236072,-0.45392823,1.1960717,0.7260718,-0.7139282,-3.0439281,-0.34392822,3.4460719,-5.953928,-0.16392823,-0.13392822,0.13607177,-1.7139282,-1.8339282,1.2360718,-0.43392822,-0.8639282,2.9960718,4.746072,6.126072,8.356071,6.146072,7.0060716,8.436071,7.606072,7.706072,8.616072,6.266072,5.0060716,6.666072,7.9060717,10.146071,10.606071,9.806072,12.176072,8.356071,8.476071,8.416072,8.686071,8.646071,9.546072,10.326072,3.2860718,1.2160717,1.7160717,2.0960717,-0.17392822,4.976072,3.2760718,4.8860717,3.6260717,-0.14392823,0.9560718,-2.8639283,-3.333928,-3.8039281,2.4560719,0.60607177,4.586072,4.726072,5.4060717,7.726072,7.2160716,7.536072,8.306072,9.3160715,9.646071,9.236072,5.9060717,6.3660717,8.136072,9.726071,10.5660715,10.046072,9.696072,10.216072,8.996072,7.836072,8.256072,7.7160716,9.116072,9.976071,10.056072,4.816072,4.3460717,2.5460718,2.5460718,2.8060718,-0.46392822,0.44607177,-3.1939282,-0.8039282,-5.1739283,-4.143928,-4.603928,-3.833928,-3.0539281,1.9260718,4.5060716,4.7160716,4.296072,7.6960716,7.8060718,9.036072,10.596072,10.736072,9.986072,8.596072,9.016071,8.286072,5.4660716,5.266072,8.876072,9.506072,7.226072,6.976072,10.966072,8.216072,7.516072,9.206072,8.796072,6.8460717,7.0260715,13.586072,2.3260717,3.8560717,2.7160718,2.5060718,2.8460717,2.8360717,1.1960717,-0.63392824,-2.2839282,-2.3639283,-2.4539282,-2.0239282,-2.6939282,-1.5439283,1.9960718,3.2460718,5.1760716,5.396072,6.706072,7.5060716,8.516071,7.976072,9.466072,9.5660715,10.596072,8.236072,7.586072,8.5660715,8.586072,7.546072,8.146071,6.6160717,5.9260716,7.186072,7.5560718,7.8660717,9.716072,7.086072,6.5060716,6.206072,10.996072,9.396071,1.9960718,0.0060717775,0.5860718,3.8660717,1.7660718,2.7760718,1.4160718,-2.5139282,-1.6539283,0.8260718,0.3960718,0.12607178,-2.5039282,0.9560718,2.676072,3.3760717,4.546072,5.666072,7.066072,8.306072,9.296072,9.8160715,9.636072,10.286072,7.726072,8.426072,4.416072,7.6160717,8.396071,7.106072,7.1360717,7.036072,7.3460717,8.736072,8.706072,7.286072,7.766072,5.066072,6.226072,7.266072,10.176072,3.1360717,0.7560718,4.0560718,4.0060716,2.0060718,0.3360718,1.4360718,-3.7439282,-2.2839282,-1.7239282,-9.463928,-8.193928,-1.4139283,1.8460717,2.1860719,2.9960718,3.3160717,3.9360719,5.666072,6.7560716,7.0560718,10.406072,10.256072,9.746072,9.376072,8.356071,6.976072,7.436072,6.086072,7.3060718,7.1360717,8.166072,7.666072,8.626072,8.166072,6.916072,7.316072,4.586072,5.0260715,4.976072,9.536072,4.5760717,2.7860718,3.4660718,6.016072,3.2360718,1.1760718,2.7760718,-2.3439283,1.2260718,-2.3039281,-1.3939282,-0.9039282,1.2360718,2.9060717,2.8960717,2.5460718,2.916072,3.8460717,4.016072,5.4260716,7.2760715,7.316072,6.4060717,7.566072,7.016072,6.956072,7.2560716,8.256072,6.836072,7.996072,8.246072,5.726072,8.086072,9.256072,9.596072,7.706072,7.146072,7.1360717,4.2560716,5.9860716,6.726072,3.8360717,-0.49392822,5.0760717,4.6960716,3.5360718,2.7560718,1.6460718,-1.4139283,-1.3939282,-1.4539282,1.2660718,0.4960718,0.4960718,2.2860718,2.6360717,2.8160717,3.2060719,3.5760717,3.9860718,4.996072,6.0960717,6.7160716,6.8060718,6.3660717,7.356072,8.576072,7.9860716,9.286072,9.086072,9.706072,9.586072,5.706072,8.846072,7.726072,9.126072,8.496072,6.936072,7.9660716,4.206072,5.0760717,5.016072,5.296072,4.3460717,5.586072,3.7960718,2.3160717,0.5860718,1.7960718,-1.9639282,-1.0639282,0.46607178,1.4360718,1.2460718,0.7660718,2.8460717,2.0560718,2.6860719,3.5460718,4.3060718,4.0760717,4.4260716,5.5760717,5.6760716,6.1360717,6.746072,8.076072,7.796072,7.7760715,8.016071,8.226071,8.056072,8.946072,7.786072,6.0260715,7.3060718,6.9260716,6.2160716,6.856072,7.686072,3.4460719,3.4960718,3.2760718,5.126072,5.586072,5.1560717,6.7360716,-0.49392822,-1.3839282,-0.63392824,0.40607178,1.7560718,3.8860717,-2.1839283,-0.34392822,-0.49392822,2.2160718,3.0560718,2.3460717,3.8960717,3.3360717,3.5160718,4.766072,4.916072,5.5060716,4.166072,4.016072,5.1160717,6.0760717,6.036072,5.9860716,4.1360717,5.3460717,5.436072,7.956072,6.2160716,6.1360717,4.6360717,5.936072,4.4660716,8.886072,3.3160717,-0.26392823,1.2260718,4.3260717,5.226072,5.4460716,6.1960716,3.7660718,2.7260718,0.74607176,-0.13392822,0.29607177,-0.63392824,-3.3539283,0.25607178,-1.5339283,3.3760717,3.3960717,3.5860717,3.1060717,3.4860718,3.4560719,4.016072,3.6060717,4.036072,4.106072,2.9760718,3.8660717,4.496072,2.2160718,2.9960718,3.8160717,5.2760715,6.036072,5.8660717,5.746072,3.8860717,3.1360717,5.1960716,1.8660718,6.316072,0.9660718,-1.1639283,-0.033928223,1.9760718,3.176072,2.4060717,4.206072,2.5760717,3.2360718,0.43607178,-3.3839283,-2.7839282,-1.4839282,-1.1339282,-0.89392823,-2.4339283,2.416072,3.1260717,2.6160717,3.0960717,2.8660717,3.666072,3.2460718,2.9360719,3.9660718,2.7860718,2.6060717,3.926072,3.2260718,3.5760717,4.2160716,4.9860716,4.726072,4.976072,4.916072,6.3860717,6.0960717,4.546072,3.8960717,3.9060717,5.956072,2.0760717,-0.69392824,-0.0039282227,0.13607177,1.6660718,2.0660717,3.3360717,3.2660718,1.6560718,-1.1339282,-3.8839283,-1.7839283,-1.9439282,-0.7139282,-2.2839282,-0.33392823]},{"header":{"discipline":0,"disciplineName":"Meteorological products","gribEdition":2,"gribLength":1025,"center":7,"centerName":"US National Weather Service - NCEP(WMC)","subcenter":0,"refTime":"2025-04-06T00:00:00.000Z","significanceOfRT":1,"significanceOfRTName":"Start of forecast","productStatus":0,"productStatusName":"Operational products","productType":1,"productTypeName":"Forecast products","productDefinitionTemplate":0,"productDefinitionTemplateName":"Analysis/forecast at horizontal level/layer at a point in time","parameterCategory":2,"parameterCategoryName":"UnknownDiscipline_0_Category_2","parameterNumber":3,"parameterNumberName":"UnknownParameter_D0_C2_3","parameterUnit":"Unknown","genProcessType":2,"genProcessTypeName":"Forecast","forecastTime":300,"surface1Type":103,"surface1TypeName":"Specified height level above ground","surface1Value":10.0,"surface2Type":255,"surface2TypeName":"Missing","surface2Value":0.0,"gridDefinitionTemplate":0,"gridDefinitionTemplateName":"Latitude_Longitude","numberPoints":615,"shape":6,"shapeName":"Earth spherical with radius of 6,371,229.0 m","gridUnits":"degrees","resolution":48,"winds":"true","scanMode":64,"nx":41,"ny":15,"basicAngle":0,"lo1":47.0,"la1":41.0,"lo2":87.0,"la2":55.0,"dx":1.0,"dy":1.0},"data":[1.2748785,1.2548785,-2.4651215,2.6648786,0.55487853,1.2348785,-1.9151214,-5.4851213,-2.8451214,-2.1751215,-3.6651216,-3.7651215,-3.6251214,-3.0151215,-1.9051214,-1.5651214,-1.1751214,0.17487854,-0.95512146,-1.2151215,-1.8551215,-3.6751215,-3.3051214,0.6248785,4.7048783,2.7548785,3.3448784,-0.06512146,6.1348786,8.734879,7.4248786,0.27487853,-2.8151214,-1.0551214,-1.1651214,0.43487853,0.66487855,0.5148785,0.67487854,0.35487854,0.97487855,3.0648785,0.8848785,-0.16512147,-1.0151215,-2.9351215,-3.0351214,-3.0951214,-3.2451215,-3.3851213,-2.2851214,-2.8951216,-2.2251215,-3.6151214,-3.1151214,-4.1751213,-5.0551214,-2.5451214,-1.7451215,1.3648785,0.13487855,-1.9551215,-1.7851214,0.45487854,4.2548785,4.4848785,0.59487855,0.96487856,1.2448785,0.5048785,6.5448785,3.8848786,5.1648784,3.4348786,2.1248786,-0.9951215,2.6148787,2.6548786,1.3348786,1.4648786,1.1648785,-0.49512145,-0.41512147,0.49487853,-1.6751214,-1.9551215,-2.4351215,-1.7851214,-0.25512147,-1.9751215,-3.4851215,-1.9951215,-2.8951216,-3.5651214,-3.2451215,-2.9151216,-7.2651215,-6.8751216,-2.7851214,-1.8151214,-2.5751214,-0.94512147,-0.28512147,-2.2951214,-1.9751215,3.0648785,-1.8051214,-3.0851214,-1.1451215,1.9848785,0.46487853,-0.11512146,0.42487854,-1.5551214,-1.5751214,-4.2151213,-1.5151215,-2.1451216,1.9148785,0.39487854,-0.23512146,3.1048784,1.0748786,-3.2951214,-1.7551215,-2.0551214,-2.1551216,-0.84512144,0.5048785,-1.9651215,-2.5151215,-2.3151214,-3.7251215,-4.2151213,-4.3951216,-5.4851213,-2.7851214,-3.6051214,-3.9751215,-5.5951214,-0.75512147,-0.31512147,-1.3351215,0.70487857,0.00487854,-3.6051214,-3.5351214,-4.0551214,-6.0451217,-7.6351213,3.9548786,4.6248784,1.0748786,-4.0451217,-4.7451215,2.9348786,2.2848785,0.09487854,-0.6751215,-2.8751214,2.4848785,-1.4451214,-2.2051215,-1.3851215,-3.7451215,1.5948786,-1.8651215,-2.3051214,-3.9451215,-3.8151214,-6.2651215,-6.3351216,-5.0351214,-2.7951214,-2.2251215,-2.7251215,-2.9051216,-3.4051216,-2.6051214,-0.28512147,-1.9351214,-2.9951215,-0.6751215,1.1148785,-0.6251215,-1.8651215,-1.7051215,-2.0651214,-4.3451214,-4.3551216,-8.935122,6.6048784,3.9248786,2.0348785,-0.5651215,-0.12512146,0.17487854,4.1548786,-0.41512147,0.98487854,0.86487854,-2.9951215,-2.3251214,-2.4351215,-1.9551215,-5.2151213,-3.8851213,-5.3851213,-1.2651215,-0.7351215,-1.2151215,-1.3751215,-1.6651214,-2.0751214,-2.0951214,-2.2451215,-1.4851215,-2.0851214,1.1148785,-1.5751214,-2.0651214,0.37487853,-2.1351213,-1.0651214,-3.1251214,-0.34512147,-0.9851215,-0.85512143,-2.0451214,-4.005121,-3.9951215,-5.8251214,4.6748786,6.3548784,4.7048783,1.9548786,-1.5951215,0.92487854,-3.6951215,-0.75512147,4.0348787,-1.4251214,3.8148785,0.54487854,-0.63512146,-1.8451215,-5.2251215,-5.8651214,-6.1051216,-5.8351216,-5.8751216,-5.4451213,-3.6751215,-2.4951215,-2.1951215,-0.9251215,-0.06512146,-1.2451215,-2.9451215,-1.8851215,-0.71512145,-0.59512144,2.3548784,0.92487854,0.13487855,-2.0251215,-1.2451215,-1.4751215,-1.8351215,-1.0151215,-4.0451217,-2.4651215,-5.6151214,2.0048785,6.7348785,5.4248786,3.8448784,0.16487855,1.7448785,-0.01512146,-1.4251214,2.5148785,1.8448786,-0.5651215,1.0848786,2.3748786,1.8948785,-6.4351215,-6.8251214,-6.1751213,-6.6651216,-7.3551216,-7.1351213,-5.1851215,-3.6851215,-3.6951215,-2.5751214,0.86487854,-0.6251215,-2.0951214,-2.9451215,-0.38512146,-1.0451214,-1.9251214,-1.6451215,-0.48512146,0.26487854,-1.1051215,-1.2751215,-2.6451216,-0.72512144,-1.2551215,-3.4651215,-5.9151216,-7.1751213,7.6148787,8.474878,7.7848787,4.7148786,3.7048786,3.5148785,0.79487854,0.15487854,-1.1351215,0.46487853,-3.4851215,0.8848785,2.7248785,-6.0751214,-6.8251214,-6.9151216,-7.3651214,-6.9551215,-6.3051214,-6.9451213,-6.2751217,-3.7251215,-2.5251215,-1.1451215,-1.3751215,-1.6251215,-1.6951214,-2.2251215,-1.1251215,-3.8151214,-1.0151215,-0.6751215,0.54487854,-0.66512144,-0.9851215,0.08487854,-3.7351215,0.33487853,-2.5851214,-3.1851215,-4.505121,2.2748785,5.8748784,8.454879,5.1848783,8.214878,6.0948787,3.1748786,3.6248786,2.0448785,3.3848786,2.6248786,2.1448786,1.7448785,-5.8951216,-6.4851213,-7.2151213,-7.4751215,-7.0551214,-7.2251215,-7.1551213,-5.9751215,-5.3551216,-6.1351213,-2.6251214,-2.4451215,-2.3851213,-1.9651215,-1.8951215,-1.5951215,-2.4751215,-1.9251214,0.60487854,-0.32512146,2.4648786,0.65487856,-0.83512145,-1.6551214,-2.0451214,0.33487853,-2.2551215,-4.1351213,-2.4951215,1.3548785,-2.7251215,7.3248787,6.5048785,4.9448786,2.2748785,4.5548787,1.0748786,0.49487853,0.9348785,2.2148786,2.1948786,-6.3751216,-6.9751215,-7.3151217,-7.1651216,-7.4851213,-7.6151214,-7.6351213,-6.2851214,-5.6651216,-3.8851213,-4.2751217,-3.4651215,-3.1651216,-4.1151214,-3.0251215,-3.4851215,-1.8551215,-0.97512144,3.0748785,-0.50512147,2.6148787,2.3948786,1.5148785,0.6248785,-2.6551216,1.1848786,0.31487855,-1.0751214,-4.6451216,-5.4751215,-6.6251216,0.14487854,6.0948787,5.0948787,4.5348787,6.1948786,2.1448786,2.0048785,3.6948786,0.02487854,0.26487854,-6.7251215,-6.9051213,-7.0551214,-7.7851214,-7.3851213,-7.5851216,-7.4351215,-6.8251214,-5.7651215,-4.9251213,-2.7151215,-1.3551215,-1.1851214,-1.8051214,-2.1851215,-2.4651215,-1.1251215,0.01487854,1.1848786,3.2548785,1.1948786,2.5048785,1.0048785,0.8748785,-0.18512146,3.3848786,2.2148786,0.03487854,-2.7651215,-5.6551213,-3.8051214,-0.91512144,4.3048787,4.9048786,3.7348785,4.494879,4.4048786,1.2748785,-0.29512146,-1.7051215,-1.5951215,-5.3551216,-7.1651216,-7.3151217,-6.8051214,-6.5351214,-5.4651213,-7.4851213,-7.2251215,-7.9051213,-5.9351215,-3.2751215,-2.2551215,-2.3651214,-2.4951215,-2.1851215,-3.3851213,-3.2351215,-1.8651215,-0.71512145,2.8448784,2.9248786,2.1248786,1.2848785,1.2748785,-3.3451214,4.9648786,2.7748785,-0.79512143,-0.51512146,-2.5751214,-1.6951214,-4.0151215,3.6648786,2.8248785,5.5948787,6.1548786,3.7448785,0.60487854,1.2848785,1.8348786,0.64487857,-6.4851213,-6.7451215,-7.7451215,-7.3351216,-7.3751216,-7.0951214,-7.1051216,-6.9051213,-6.9751215,-6.5451217,-3.4651215,-3.4351215,-3.7951214,-4.2751217,-3.5151215,-4.4551215,-3.4851215,-2.7551215,-1.4651215,-0.58512145,0.15487854,0.8248785,1.1348785,2.0548785,-3.0851214,3.8948786,5.1548786,0.7648785,-0.19512147,-2.2251215,-4.1251216,-2.3351214,1.2648785,2.2648785,5.3048787,4.4748783,3.3148785,2.8748786,2.6248786,1.1448785,1.4548786,-4.6351213,-7.2351213,-7.1451216,-7.6751213,-7.8951216,-7.005121,-7.1751213,-6.9951215,-7.0451217,-6.1751213,-3.4551215,-3.7151215,-3.1851215,-3.5851214,-4.8751216,-4.0751214,-3.1051214,-2.3051214,-1.6651214,-0.59512144,-0.02512146,0.92487854,1.4548786,0.77487856,0.58487856,-1.9051214,2.8248785,2.9848785,0.21487854,-1.3451215,-4.4151216,-2.6451216,-2.5651214,8.684878,6.2248783,6.6848783,5.6048784,5.0048785,3.8648787,2.7048786,1.1348785]}]