wind_kz.json
{"header": {"discipline":0,"disciplineName":"Meteorological products","gribEdition":2,"gribLength":1025,"center":7,"centerName":"US National Weather Service - NCEP(WMC)","subcenter":0,"refTime":"2024-04-07T00:00:00.000Z","significanceOfRT":1,"significanceOfRTName":"Start of forecast","productStatus":0,"productStatusName":"Operational products","productType":1,"productTypeName":"Forecast products","productDefinitionTemplate":0,"productDefinitionTemplateName":"Analysis/forecast at horizontal level/layer at a point in time","parameterCategory":2,"parameterCategoryName":"UnknownDiscipline_0_Category_2","parameterNumber":3,"parameterNumberName":"UnknownParameter_D0_C2_3","parameterUnit":"Unknown","genProcessType":2,"genProcessTypeName":"Forecast","forecastTime":60,"surface1Type":103,"surface1TypeName":"Specified height level above ground","surface1Value":10.0,"surface2Type":255,"surface2TypeName":"Missing","surface2Value":0.0,"gridDefinitionTemplate":0,"gridDefinitionTemplateName":"Latitude_Longitude","numberPoints":615,"shape":6,"shapeName":"Earth spherical with radius of 6,371,229.0 m","gridUnits":"degrees","resolution":48,"winds":"true","scanMode":64,"nx":41,"ny":15,"basicAngle":0,"lo1":47.0,"la1":41.0,"lo2":87.0,"la2":55.0,"dx":1.0,"dy":1.0}, "data":
[rows 0 to 14 of 15, columns 0 to 40 of 41]
1.0836933,1.4236932,5.9336934,5.4136934,3.5636933,1.8836932,-0.6063068,1.0636933,0.5036932,-1.2863067,-2.4563067,-3.0963068,-3.3863068,-2.9963067,-3.7363067,-4.616307,-5.556307,-5.416307,-5.2563066,-3.9563067,-1.4363067,-1.6863067,-1.7263068,1.3536932,-0.76630676,4.273693,1.9236932,2.4636931,-3.9863067,-3.1063068,0.66369325,0.92369324,0.49369323,3.1236932,1.4836932,-2.1463068,-0.72630674,1.1636932,-1.1363068,1.3036933,1.5036932
3.9936934,-2.0263069,4.363693,4.6836934,4.2436934,3.0136933,2.2936933,1.0436932,0.15369324,-0.82630676,-4.096307,-3.4263067,-1.5063068,-3.1863067,-3.3363068,-4.076307,-4.2163067,-3.9663067,-4.306307,-3.6363068,-3.4063067,-0.42630675,-0.006306763,1.4936932,2.4836931,3.2536933,3.0736933,0.8236932,0.74369323,1.5236932,0.20369324,0.43369323,-0.22630677,-0.82630676,-3.0063066,3.3036933,1.2536932,3.5436933,0.8836932,0.6336932,3.6536932
1.7336932,2.1636932,2.8436933,3.1836932,2.9536932,3.5436933,2.0736933,1.6936933,1.8636932,-0.44630677,-2.1763067,-2.4363067,-3.7363067,-4.7563066,-3.8663068,-3.3263068,-3.5663068,-4.2363067,-3.5863068,-3.3563068,-3.3363068,-3.6563067,3.7436934,2.7936933,2.9736931,2.8736932,2.5536933,-3.5963068,-2.6263068,-1.7763067,-0.94630677,-1.4863068,-3.3263068,-4.366307,0.52369326,-1.5463067,1.3136933,2.9236932,1.2636932,2.3036933,1.8536932
3.1436932,1.8136933,2.1136932,1.9336933,2.6136932,2.8536932,2.3736932,2.3736932,1.3636932,0.25369322,-1.1563067,-0.10630676,-0.5463068,-2.2263067,-4.1763067,-4.536307,-3.5163069,-2.9163067,-2.9663067,-2.3963068,-2.6063068,-1.6063068,-4.5463066,-1.1263068,1.9336933,-0.51630676,1.0336932,3.1536932,1.0736933,-1.7863067,-4.706307,-4.956307,-7.8363066,4.7036934,1.1036932,0.5636932,2.2336931,3.3436933,-1.9463067,-2.6763067,-3.4763067
2.3336933,1.1436932,0.67369324,-0.69630677,-3.7663069,2.1236932,2.0636933,0.8936932,-0.48630676,0.40369323,-1.3063067,-1.8863068,3.6336932,1.3636932,-0.43630677,-1.8363068,-2.8063068,-2.6063068,-2.1763067,-2.7463067,-1.7363068,-2.3663068,-1.7163068,-1.3463068,-1.6063068,-1.0563067,1.3036933,-0.43630677,-2.0463068,-2.1463068,3.3236933,1.8636932,2.7136931,1.6736932,1.7236933,3.0436933,-5.8563066,-1.1263068,-4.956307,-3.0463068,-2.4963067
4.6436934,4.4136934,2.8536932,2.0536933,0.59369326,-0.39630675,-0.8063068,1.0336932,0.44369325,-0.20630676,-0.9863068,-1.4863068,3.1936932,5.2036934,1.8336933,-3.5663068,-2.8163068,-2.5663068,-2.1063068,-2.7763069,-2.3463068,-1.6763067,-0.89630675,-1.2063068,-1.2863067,-1.6263068,-1.8263068,0.21369323,0.85369325,0.40369323,1.0536933,2.7936933,2.1436932,-0.81630677,-2.1363068,-2.9463067,-2.1563067,-7.5863066,-1.5863068,0.22369324,-1.3963068
3.7636933,2.9436932,4.043693,5.003693,4.9936934,2.8836932,3.2236931,1.9436933,0.23369324,-0.59630674,-1.3663068,-1.7163068,-2.7263067,-2.3463068,-1.8263068,-2.2063067,-2.4163067,-3.1463068,-3.6263068,-2.6563067,-2.4563067,-1.7863067,-0.7963068,-1.0463067,-0.52630675,-2.5563068,-4.346307,-4.726307,-3.5063066,0.28369322,4.583693,3.2736933,4.613693,3.0136933,1.1836933,-1.0063068,0.54369324,1.8036933,-0.046306763,1.4336933,4.2436934
2.4836931,1.9236932,2.0536933,1.7336932,1.4336933,1.2536932,0.33369324,0.06369324,-0.30630675,-0.6263068,-0.49630678,-0.84630674,-0.9863068,-2.5963068,-1.0663067,0.59369326,-0.66630673,-1.5763068,-2.4963067,-2.1463068,-2.9063067,-1.8963068,-1.1963067,0.30369323,0.23369324,1.1536932,1.0836933,-1.1763067,-4.456307,-3.9663067,-2.4763067,2.0436933,1.3736932,5.193693,4.6236935,-0.31630677,-2.2563066,-1.1363068,-1.2863067,-4.4863067,-4.0263066
1.4536933,0.7636932,-0.006306763,-0.10630676,0.15369324,0.44369325,0.5036932,0.6336932,0.52369326,-0.046306763,-0.59630674,-1.0163068,-1.6063068,-0.83630675,-1.2163068,-0.39630675,1.7836932,1.6336932,2.1136932,0.9536932,-0.72630674,-1.6063068,-0.82630676,-0.63630676,0.74369323,-0.48630676,-1.3163067,-0.71630675,-1.5763068,-1.5963068,-2.4263067,-3.1963067,5.0536933,4.613693,6.8436933,4.4536934,1.1036932,1.2536932,3.2936933,3.0636933,2.5236933
0.19369324,0.21369323,-0.12630676,-0.59630674,-0.21630676,-0.40630677,-0.9963068,-1.0663067,-0.76630676,-0.82630676,-0.65630674,-0.29630676,-1.3163067,-2.0363069,-1.8863068,-0.34630677,-0.31630677,3.3536932,1.8036933,1.7436932,1.9636933,1.0736933,-0.24630676,-0.5563068,0.36369324,-1.1063068,0.47369325,-1.1863067,-1.9363067,-0.6863068,1.5436932,-0.8763068,-4.3563066,0.023693237,3.9436932,4.8436933,1.0536933,0.43369323,1.0436932,1.0036932,2.6836932
0.5036932,-0.40630677,-1.0663067,-0.72630674,-0.50630677,-2.4763067,-2.0763068,-1.1963067,-1.5663067,-1.7663068,-0.49630678,-0.056306764,-1.2463068,-1.2963067,-1.6563067,-0.94630677,-1.5063068,0.013693238,2.2836933,3.1136932,2.5736933,1.1636932,0.93369323,0.8236932,0.06369324,1.0936933,1.1036932,-0.23630676,-0.06630676,-2.7663069,-5.686307,-5.186307,-2.0863068,-1.4863068,0.90369326,5.113693,2.3536932,1.9536933,3.2736933,2.0736933,0.6436932
0.90369326,1.0636933,0.65369326,-0.31630677,-0.5563068,-1.7963067,-2.5063066,-2.1663067,-2.6363068,-1.5763068,-1.0463067,-0.8063068,-1.3063067,-1.1763067,-1.6463068,-0.84630674,-0.95630676,-1.2163068,1.3536932,2.1836932,2.5836933,1.3636932,0.83369327,1.1836933,1.0636933,0.68369323,1.3536932,0.49369323,-0.77630675,-1.5563067,-0.75630677,-2.8363068,-2.4963067,-2.9363067,0.74369323,1.2336932,6.443693,5.113693,1.7436932,-0.23630676,1.6136932
0.91369325,0.85369325,0.06369324,-1.3163067,-1.5663067,-1.0063068,-1.8863068,-2.2263067,-3.7063067,-2.6963067,-0.91630673,-0.42630675,-0.016306764,-0.84630674,-2.0463068,-3.0363069,-2.8463068,-0.91630673,1.2136933,2.6036932,2.1736932,1.8136933,1.4536933,1.2636932,1.4736933,0.86369324,0.24369323,-0.7363068,0.16369323,0.21369323,-1.2563068,-1.9363067,-1.6363068,-1.4863068,0.86369324,2.1436932,1.2936932,2.5536933,4.293693,3.8436933,1.9636933
-0.48630676,-0.95630676,0.54369324,0.65369326,-0.35630676,-0.75630677,-1.1463068,-1.6363068,-2.0663068,-2.8263068,-1.3063067,-1.3163067,-1.5563067,-1.1363068,0.52369326,-1.6563067,-1.6663067,-0.78630674,-0.23630676,1.8036933,0.53369325,1.1936933,1.6036932,1.2736932,1.2236933,0.39369324,0.42369324,0.38369325,-0.36630675,-1.0063068,-0.43630677,-1.1763067,-1.2563068,-1.8863068,-0.71630675,0.23369324,-0.16630676,0.48369324,3.9336932,3.5236933,4.273693
0.53369325,0.8236932,1.8036933,-0.06630676,-1.2563068,-1.5063068,-2.1163068,-2.9763067,-2.7063067,-3.5263069,-2.8563068,-1.5663067,-1.6063068,-2.4563067,-3.2163067,-3.5763068,-2.6363068,-3.7263067,-0.5563068,-2.1063068,1.1836933,1.3436933,0.72369325,0.77369326,0.93369323,1.0736933,0.98369324,0.83369327,0.083693236,0.06369324,0.25369322,0.083693236,-1.2563068,0.43369323,-0.086306766,1.6836933,0.07369324,1.6936933,3.0036933,2.8936932,2.8236933
