wind_kz.json
{"header": {"discipline":0,"disciplineName":"Meteorological products","gribEdition":2,"gribLength":1025,"center":7,"centerName":"US National Weather Service - NCEP(WMC)","subcenter":0,"refTime":"2023-08-25T18:00:00.000Z","significanceOfRT":1,"significanceOfRTName":"Start of forecast","productStatus":0,"productStatusName":"Operational products","productType":1,"productTypeName":"Forecast products","productDefinitionTemplate":0,"productDefinitionTemplateName":"Analysis/forecast at horizontal level/layer at a point in time","parameterCategory":2,"parameterCategoryName":"UnknownDiscipline_0_Category_2","parameterNumber":3,"parameterNumberName":"UnknownParameter_D0_C2_3","parameterUnit":"Unknown","genProcessType":2,"genProcessTypeName":"Forecast","forecastTime":0,"surface1Type":103,"surface1TypeName":"Specified height level above ground","surface1Value":10.0,"surface2Type":255,"surface2TypeName":"Missing","surface2Value":0.0,"gridDefinitionTemplate":0,"gridDefinitionTemplateName":"Latitude_Longitude","numberPoints":615,"shape":6,"shapeName":"Earth spherical with radius of 6,371,229.0 m","gridUnits":"degrees","resolution":48,"winds":"true","scanMode":64,"nx":41,"ny":15,"basicAngle":0,"lo1":47.0,"la1":41.0,"lo2":87.0,"la2":55.0,"dx":1.0,"dy":1.0}, "data":
[rows 0 to 14 of 15, columns 0 to 40 of 41]
-1.9182202,-1.2482202,-1.1582202,-8.548221,-10.26822,-10.98822,-9.34822,-7.8482203,-4.95822,-4.4082203,-4.91822,-2.7682202,-3.3182201,-4.1182203,-2.4382203,-3.3682203,-4.4482203,-4.58822,-3.8282201,-4.23822,-4.21822,-2.60822,-3.1182203,-0.26822022,-1.2482202,-0.83822024,-0.14822021,1.4217798,1.9617798,1.9817798,1.8317798,0.9617798,1.5117798,-2.2182202,-3.6182203,0.5217798,-1.1282202,-0.018220214,-0.4882202,-1.3282202,0.5717798
0.041779786,-0.028220214,-1.9382203,-5.6982203,-8.588221,-8.43822,-6.5582204,-5.0982203,-4.72822,-4.0782204,-1.6882203,-2.3282201,-2.6682203,-2.5282202,-3.3682203,-4.64822,-5.6782203,-3.7082202,-3.84822,-2.9082203,-1.3482202,1.7217798,-0.5382202,0.8317798,1.3917798,0.8017798,-3.3082201,1.8417798,-0.7482202,1.2717798,3.1717799,0.60177976,-1.9982202,2.7017798,1.7417798,-0.5682202,-0.6682202,-1.4782202,-0.048220214,-1.5782202,0.2817798
2.9317799,6.62178,0.7517798,-3.8282201,-5.58822,-5.33822,-6.48822,-6.2882204,-2.6282203,-3.5482202,-3.6682203,-2.9382203,1.8017797,1.3917798,-0.96822023,-3.1582203,-4.39822,-3.4182203,-4.41822,-5.96822,-1.6382202,2.3717797,-1.5782202,-0.6882202,1.1317798,0.3217798,0.2617798,0.43177977,-1.1082202,0.6717798,1.8617798,1.6817797,2.5417798,-1.7682202,-0.7682202,4.16178,4.35178,-0.22822021,0.6117798,0.7317798,1.0917798
5.7317796,5.68178,3.3717797,1.3917798,-1.7082202,-4.2682204,-5.6182203,-6.4282203,-7.06822,-7.29822,-3.3282201,-3.3982203,0.59177977,3.2517798,1.4617798,-1.6382202,-3.6882203,-3.35822,-4.08822,-6.5182204,-5.64822,-2.10822,-0.4282202,-3.7082202,-3.10822,-3.7582202,-4.54822,-4.3482203,-3.2682202,-0.71822023,-5.5382204,-3.7882202,-0.4682202,0.13177979,-0.18822022,-4.6382203,-2.0082202,1.4217798,2.6117797,2.5417798,1.9017798
-2.3782203,7.14178,2.8117797,2.0717797,1.3117797,-0.018220214,-2.2982202,-3.5382202,-4.0382204,-4.89822,-4.56822,-0.8882202,-3.2182202,4.3217797,2.7817798,0.4717798,-1.0682203,-0.4082202,-1.6082202,-2.6782203,-2.5882201,-2.6682203,-3.7582202,-3.6682203,-4.0582204,-4.02822,-4.3882203,-5.0782204,-4.8082204,-2.5082202,-2.6482203,-2.7582202,1.7317798,3.3217797,-0.96822023,-2.4082203,-1.1982203,-0.9482202,3.5917797,3.1017797,2.0817797
-5.4982204,-3.1982203,-5.8682203,-0.29822022,0.8817798,0.6317798,-1.0182202,-2.0382202,-2.9782202,0.9817798,-1.4482203,-2.4382203,0.7617798,3.0017798,2.1917799,-0.19822021,-2.1882203,3.9417799,1.5717797,-2.7982202,-0.20822021,-2.1782203,-2.4982202,-4.0382204,-3.5482202,-3.7282202,-5.9982204,-4.7482204,-3.3982203,-4.43822,-2.5282202,-0.5082202,-0.8582202,1.7117798,2.2217798,2.5317798,3.8817797,3.5817797,0.6717798,-1.0582203,1.4917798
-1.8582202,-1.7782202,-2.9682202,-3.0782201,-3.9182203,-1.4382203,-0.44822022,0.84177977,-3.5082202,-3.0782201,-3.84822,-3.2082202,-4.4982204,2.2817798,2.5817797,2.7717798,1.3617798,-1.1182202,3.4717798,2.3017797,2.2517798,0.5817798,-0.7582202,-2.8882203,-3.2282202,-4.0382204,-5.0382204,-7.14822,-5.8482203,-3.5282202,-6.2482204,-3.3082201,-0.3982202,-3.0582201,-2.6582203,-1.7082202,-2.9482203,-0.16822022,1.6917797,-0.07822022,1.2717798
-1.3282202,-4.45822,-5.6382203,-3.2482202,-4.2482204,-3.1682203,-2.0382202,-2.2482202,-3.6982203,-2.85822,-0.16822022,-1.1982203,0.14177978,-1.9882202,-0.8182202,-5.35822,-0.8582202,3.90178,3.65178,3.1017797,2.4817798,0.061779786,-0.8582202,-0.058220215,-0.6282202,-1.3482202,-2.9582202,-4.1382203,-4.81822,-6.0382204,-6.0982203,-6.0182204,-6.72822,-7.81822,-5.33822,-2.6882203,0.8117798,3.2717798,-0.8482202,0.8117798,-1.7082202
-2.6582203,-2.0382202,-3.34822,-3.8182201,-2.8082201,-1.3482202,-3.4182203,-4.66822,-2.6682203,-2.5882201,-3.2582202,-3.5182202,-0.4382202,1.4317797,-1.4482203,-0.52822024,1.8317798,1.6417798,4.08178,3.2017798,3.8817797,2.1117797,1.4917798,-0.6382202,-0.9182202,0.30177978,-1.4182202,-1.5282202,-1.3482202,-2.4482203,-3.4682202,-4.5182204,-5.62822,-6.5782204,-6.71822,-4.31822,-2.7082202,1.4417797,1.4617798,1.4617798,-0.5182202
-3.2082202,-0.71822023,-1.6082202,-2.4782202,-3.6782203,-3.6582203,-3.1382203,-3.4082203,-3.5482202,-3.4482203,-4.1182203,-4.6582203,-0.7282202,-0.29822022,-0.5682202,-0.5082202,-1.2882202,-6.91822,5.5517797,4.06178,3.6717799,3.5617797,2.2217798,-0.8182202,1.1317798,-1.2782202,1.0817798,0.9517798,-1.0282202,-1.8982202,-2.2682202,-3.2482202,-3.0082202,-5.00822,-4.48822,-4.72822,-0.8682202,-1.4382203,0.49177977,4.1117797,2.7217798
-3.3382201,-3.0882201,-2.7282202,-3.1682203,-2.4682202,-2.1682203,-2.5782201,-2.9182203,-2.5282202,-3.4482203,-2.2582202,-2.7082202,-2.7282202,0.07177979,0.36177978,-0.38822022,-1.1382202,-2.7482202,-5.3882203,-3.1682203,4.22178,4.14178,1.6717798,2.0317798,0.78177977,-0.6282202,1.0917798,1.6517798,0.2617798,-1.1582202,-2.9282203,-3.4082203,-1.9282203,-0.6882202,-2.7182202,-2.7282202,-1.7282202,0.7617798,-0.24822022,1.6517798,0.84177977
-3.4982202,-2.8882203,-3.8882203,-3.6682203,-4.18822,-3.2882202,-2.4682202,-2.59822,-1.4482203,-2.8182201,-2.2882202,-3.7982202,-1.5582203,-2.4482203,-0.28822023,1.2317798,1.6917797,2.4117799,0.46177977,-0.18822022,-2.8782203,-1.3282202,0.9917798,1.6717798,1.5517797,-0.5782202,3.4117799,3.3417797,2.0817797,-0.6882202,-2.3282201,-2.6782203,-1.5782202,-0.8882202,-1.1482202,-2.35822,-1.4482203,-0.21822022,0.48177978,0.24177979,1.5017798
-1.9082202,-1.9682202,-4.06822,-2.4282203,-2.5682201,-2.4282203,-2.7282202,-3.4082203,-3.1782203,-2.34822,-1.7682202,-1.8882202,-3.4582202,-2.9582202,-1.4882202,-0.95822024,0.39177978,0.9917798,1.2017798,-0.7582202,3.6817799,2.7417798,2.3117797,1.5417798,1.8417798,2.40178,2.1617799,0.9217798,0.13177979,0.43177977,-0.5082202,-1.6882203,0.40177977,-0.9282202,-1.6482202,-1.8582202,-1.5782202,-1.0382202,-0.22822021,-0.22822021,1.6417798
-1.5382202,-1.9282203,-3.4682202,-2.6482203,-2.4782202,-1.3582202,-1.7982202,-2.1782203,-2.0682201,-1.6682202,-0.35822022,-0.6182202,-0.9482202,-2.2982202,-2.8882203,-1.9482203,-1.2782202,1.4017798,1.1717798,1.3117797,1.4317797,0.9617798,1.3317798,1.9317797,-0.11822022,1.7717798,1.5717797,0.051779784,0.3817798,0.9217798,0.40177977,-1.2682202,0.49177977,-0.24822022,-1.2582202,-2.3382201,-1.7282202,-0.83822024,-1.1182202,0.5017798,3.1917799
-1.5782202,-1.9282203,-4.5582204,-2.4582202,-3.3982203,-1.1582202,-1.5282202,-1.2582202,-1.8482202,-1.8882202,-1.1182202,-0.4882202,0.09177978,-0.6082202,-2.4482203,-1.1382202,0.30177978,-0.5082202,-2.1782203,-0.3082202,0.60177976,1.6517798,1.4117798,2.7717798,1.0217798,0.6917798,1.4817798,-0.35822022,0.3217798,1.4417797,-1.1882203,-0.8682202,0.43177977,0.45177978,-0.70822024,-1.7482202,-1.3382202,-0.3982202,0.19177979,-0.008220214,1.8217797
