wind_kz.json
{"header": {"discipline":0,"disciplineName":"Meteorological products","gribEdition":2,"gribLength":1102,"center":7,"centerName":"US National Weather Service - NCEP(WMC)","subcenter":0,"refTime":"2023-09-08T12:00:00.000Z","significanceOfRT":1,"significanceOfRTName":"Start of forecast","productStatus":0,"productStatusName":"Operational products","productType":1,"productTypeName":"Forecast products","productDefinitionTemplate":0,"productDefinitionTemplateName":"Analysis/forecast at horizontal level/layer at a point in time","parameterCategory":2,"parameterCategoryName":"UnknownDiscipline_0_Category_2","parameterNumber":2,"parameterNumberName":"UnknownParameter_D0_C2_2","parameterUnit":"Unknown","genProcessType":2,"genProcessTypeName":"Forecast","forecastTime":60,"surface1Type":103,"surface1TypeName":"Specified height level above ground","surface1Value":10.0,"surface2Type":255,"surface2TypeName":"Missing","surface2Value":0.0,"gridDefinitionTemplate":0,"gridDefinitionTemplateName":"Latitude_Longitude","numberPoints":615,"shape":6,"shapeName":"Earth spherical with radius of 6,371,229.0 m","gridUnits":"degrees","resolution":48,"winds":"true","scanMode":64,"nx":41,"ny":15,"basicAngle":0,"lo1":47.0,"la1":41.0,"lo2":87.0,"la2":55.0,"dx":1.0,"dy":1.0}, "data":
[rows 0 to 14 of 15, columns 0 to 40 of 41]
-4.043134,0.56686586,1.5168658,3.326866,4.506866,4.7468657,0.6668658,5.146866,8.346866,10.566865,11.126865,10.746865,9.446866,10.556866,9.496866,8.666866,7.856866,4.986866,0.8568658,-0.20313415,-1.4031341,0.75686586,0.70686585,-3.213134,0.49686584,-1.4531342,-3.5631342,-1.2931342,1.0768658,0.22686584,-0.91313416,1.7468659,0.34686583,1.1768658,-2.0331342,-2.8431342,-3.3431342,-3.4831343,-1.0531342,-3.0731342,-3.3631341
2.4168658,0.50686586,4.2668657,7.406866,6.356866,3.846866,4.006866,6.176866,8.646866,8.316866,9.456866,11.996865,11.536865,9.956866,11.416865,9.236866,10.066866,4.166866,-0.96313417,-1.8831341,-2.183134,-1.1831342,0.43686584,-4.273134,-1.1531341,-0.31313416,-1.1031342,-0.17313415,-0.84313416,-1.4131341,0.056865845,-0.32313415,1.1468658,-1.4931341,0.58686584,-0.44313416,-0.50313413,-2.403134,0.50686586,1.8468659,1.0368658
2.536866,8.386866,8.706866,8.076866,6.396866,2.6968658,5.416866,5.906866,8.616866,9.946866,10.636866,10.676866,11.976865,11.736865,12.566865,13.516865,10.326865,3.596866,-1.2731341,-1.2431341,-2.153134,-2.0531342,-2.173134,-0.73313415,-0.26313415,-1.2631341,-2.423134,-1.0431342,-1.0231341,-0.8931342,-1.2331342,3.1568658,0.13686584,-0.19313416,0.33686584,-1.5031341,-0.61313415,0.5568659,-0.72313416,2.0068657,2.536866
5.876866,10.546865,9.566866,8.456866,4.796866,4.896866,7.756866,6.5168657,7.916866,9.216866,12.656865,14.126865,16.046865,16.566866,12.396865,14.176866,4.5568657,-2.473134,-4.553134,-2.723134,-2.1231341,-0.7631342,-2.3031342,-3.143134,-2.423134,-1.2931342,1.0268658,-0.50313413,-0.7631342,-1.3831341,-1.5631342,-0.45313415,-2.933134,-2.213134,-2.1331341,-2.3431342,-1.8831341,1.9168658,1.1568658,0.52686584,-0.75313413
4.416866,7.276866,7.8068657,6.916866,7.666866,5.436866,5.856866,8.346866,6.086866,8.766866,12.806866,18.546865,20.026865,15.316865,11.976865,2.1268659,-5.803134,-6.433134,-6.4631343,-5.283134,-5.103134,-4.023134,-3.703134,-3.2731342,-3.0631342,-3.3231342,-4.603134,-3.2531343,-4.1931343,-3.3631341,-3.2631342,-1.9631342,-1.9831342,1.3168658,-0.5831342,-0.9531342,-2.433134,-2.663134,-2.9931343,-2.7831342,-4.1131344
3.9068658,2.9668658,5.6168656,5.8468657,6.476866,5.8868656,4.216866,2.336866,3.086866,5.856866,6.8068657,5.206866,3.6768658,8.296865,10.886866,-3.3531342,-8.043134,-8.533134,-7.853134,-4.9031343,-6.0031343,-4.183134,-2.1031342,-2.8331342,-2.0831342,-3.393134,-2.8331342,-4.313134,-4.1331344,-4.0031343,-4.103134,-3.3731341,-4.033134,-2.423134,-0.5831342,-0.66313416,0.57686585,-2.693134,0.17686585,-2.933134,-3.9931343
3.286866,2.2568657,2.9468658,3.6668658,2.9468658,3.9968657,3.606866,3.1868658,0.44686586,1.3268658,0.93686587,-3.7831342,-8.383134,-7.453134,-5.5031343,-6.013134,-7.053134,-7.453134,-6.5031343,-4.993134,-4.2331343,-4.783134,-3.223134,-1.8031342,-2.7431343,-3.473134,-1.9931341,-3.5431342,-2.7331343,-2.893134,-2.413134,-1.9931341,-1.2131342,-0.34313416,-2.2431343,-3.183134,-0.35313416,2.2568657,-2.693134,2.7268658,0.17686585
1.4868659,1.3568659,3.1968658,3.786866,3.7668657,3.0168657,2.546866,2.7268658,2.6868658,-0.98313415,-2.2931342,-3.203134,-5.373134,-5.2531343,-6.703134,-9.233134,-6.033134,-5.623134,-4.573134,-7.7131343,-7.1131344,-5.7531343,-5.4031343,-3.9931343,-3.8431342,-1.9231342,-2.7531343,-3.6331341,-3.2731342,-1.9131341,-1.9531342,-3.3231342,-3.6031342,-0.27313414,-2.0731342,-1.9031341,-1.1531341,-2.473134,-2.453134,-3.0731342,-1.6631341
1.5568658,2.2568657,2.4768658,2.9268658,3.6568658,3.0168657,2.7168658,2.2468657,1.8568659,0.19686584,-0.6931341,-2.703134,-3.8631341,-6.4231343,-5.223134,-5.973134,-4.263134,-3.943134,-6.703134,-6.953134,-8.643134,-4.813134,-4.8831344,-5.9831343,-5.4831343,-4.2531343,-3.1331341,-3.5931342,-1.8631341,-2.2431343,-4.163134,-2.663134,0.43686584,0.9868658,-2.3831341,-1.4531342,-0.7031342,-2.2531343,-1.9431342,-1.4631342,-1.6031342
1.4168658,1.1568658,0.9268658,1.7068658,0.81686586,1.5868659,2.0068657,1.8968658,0.53686583,-0.033134155,-1.6331341,-0.48313415,1.4768659,2.066866,-0.62313414,-2.2931342,-3.1131341,-3.0031343,-2.943134,-6.553134,-7.623134,-5.073134,-4.393134,-4.743134,-5.033134,-4.013134,-3.683134,-3.433134,-2.2331343,-1.1231341,-0.08313415,0.14686584,1.5268658,0.52686584,-1.0131341,-2.0131342,-2.1131341,-0.86313415,-2.183134,-0.08313415,-0.91313416
1.4468658,1.8668659,2.296866,1.7468659,1.5968659,0.62686586,0.64686584,1.0868659,-0.24313416,-1.0731342,-2.1231341,-1.4331342,-2.2831342,-2.8131342,-2.8331342,-2.7331343,-2.933134,-3.7531343,-4.623134,-2.4931343,-5.2531343,-3.8731341,-2.893134,-4.493134,-3.1231341,-3.0531342,-1.1831342,0.53686583,2.096866,3.586866,3.576866,3.4568658,2.9768658,0.53686583,0.9268658,-1.4331342,-1.6431341,-0.17313415,-1.3131342,0.76686585,-1.3131342
0.7268658,0.43686584,0.69686586,0.59686583,0.5468658,-0.61313415,-0.86313415,-1.1831342,-0.87313414,0.026865846,-2.0631342,-1.9631342,-2.193134,-2.5831342,-2.2831342,-2.183134,-3.163134,-2.913134,-2.953134,-2.663134,-3.153134,-2.7431343,-3.1131341,-2.973134,-1.9131341,0.8068659,2.2168658,3.6568658,5.356866,5.146866,4.046866,3.556866,2.356866,2.2668657,1.5468658,2.3968658,-0.87313414,-0.7631342,-0.11313415,-0.61313415,-0.81313413
-0.25313416,0.13686584,0.47686586,-0.92313415,-0.28313416,-0.78313416,-0.84313416,-1.5231341,-1.2331342,-0.13313416,-0.65313417,-0.79313415,0.22686584,0.16686584,0.6068658,0.49686584,0.68686587,-0.87313414,-1.9731342,-2.183134,-2.1031342,-1.5131341,-1.1631341,-0.86313415,1.5268658,2.4968657,4.906866,4.726866,4.416866,2.276866,-0.15313415,0.9768658,-0.7631342,-2.963134,-3.2431343,-4.4031343,-3.963134,-2.3331342,-3.453134,-1.7331342,-1.2131342
0.23686585,-0.46313417,-0.013134155,-0.47313416,-0.35313416,-1.2631341,-1.4531342,-0.96313417,-0.19313416,-1.1931342,-0.97313416,-0.91313416,-1.1131341,-0.29313415,-0.55313414,0.44686586,-0.40313417,-0.09313416,-1.1331341,-0.67313415,-1.5431342,-2.0931342,-2.453134,-0.5731342,1.0468658,1.4268658,1.5968659,-2.463134,-2.7431343,-5.2331343,-6.293134,-5.7531343,-5.333134,-5.643134,-4.603134,-4.933134,-4.143134,-3.203134,-2.7731342,-1.4531342,-0.87313414
-0.21313415,0.11686584,-0.33313414,-0.053134155,-0.27313414,-0.073134154,0.71686584,-1.4631342,-2.223134,-2.2731342,-0.68313414,-1.6831342,-0.56313413,-0.93313414,-1.4431342,-2.0931342,-2.7531343,-2.8331342,-1.9831342,-2.143134,-2.0831342,-2.3731341,-1.5931342,0.40686584,-0.033134155,-0.50313413,-3.3531342,-5.723134,-5.103134,-5.023134,-6.353134,-5.3831344,-5.9031343,-5.4631343,-4.523134,-3.7931342,-3.5931342,-3.0731342,-1.2531341,-1.3131342,-1.0131341
