wind.json
{"header": {"discipline":0,"disciplineName":"Meteorological products","gribEdition":2,"gribLength":1125,"center":7,"centerName":"US National Weather Service - NCEP(WMC)","subcenter":0,"refTime":"2023-06-29T18:00:00.000Z","significanceOfRT":1,"significanceOfRTName":"Start of forecast","productStatus":0,"productStatusName":"Operational products","productType":1,"productTypeName":"Forecast products","productDefinitionTemplate":0,"productDefinitionTemplateName":"Analysis/forecast at horizontal level/layer at a point in time","parameterCategory":2,"parameterCategoryName":"UnknownDiscipline_0_Category_2","parameterNumber":3,"parameterNumberName":"UnknownParameter_D0_C2_3","parameterUnit":"Unknown","genProcessType":2,"genProcessTypeName":"Forecast","forecastTime":180,"surface1Type":103,"surface1TypeName":"Specified height level above ground","surface1Value":10.0,"surface2Type":255,"surface2TypeName":"Missing","surface2Value":0.0,"gridDefinitionTemplate":0,"gridDefinitionTemplateName":"Latitude_Longitude","numberPoints":688,"shape":6,"shapeName":"Earth spherical with radius of 6,371,229.0 m","gridUnits":"degrees","resolution":48,"winds":"true","scanMode":64,"nx":43,"ny":16,"basicAngle":0,"lo1":45.0,"la1":40.0,"lo2":87.0,"la2":55.0,"dx":1.0,"dy":1.0}, "data":
[rows 0 to 15 of 16, columns 0 to 42 of 43]
0.83530337,-0.30469665,0.89530337,1.0753033,0.06530335,-3.8446968,-6.064697,-3.7246966,2.3953032,3.3353033,0.8253033,2.2353034,-1.7746967,-2.9746966,-5.7446966,-7.024697,-6.6746964,-4.1946964,-7.4146967,-3.5146966,-2.6046968,-0.40469664,0.12530334,-0.90469664,-2.9446967,-2.7746966,-2.7946966,-4.464697,-2.4446967,0.34530336,2.8353033,2.5753033,-1.7446966,-3.9446967,-4.4046965,-5.834697,-4.4546967,-5.564697,-1.8346967,1.3653034,-0.044696655,-1.3846966,-0.90469664
-1.7246966,-0.36469665,3.0653033,2.2153034,-1.2346966,-5.8446965,-5.1346965,-4.1346965,0.8253033,-0.29469666,1.3653034,-1.2746967,-2.9346967,-4.234697,-6.214697,-8.014697,-5.2246966,-4.044697,-5.004697,-5.754697,-3.9646966,-3.1946967,-3.2846966,1.4153033,2.9153032,0.65530336,2.6153033,1.1253034,1.2553034,0.06530335,-2.9446967,-2.7246966,2.0853033,1.2753034,1.6553034,5.1153035,-0.77469665,-2.9746966,-0.63469666,1.8053033,2.4953034,1.0253034,-0.70469666
-0.23469666,2.3853033,-1.0246967,-0.49469665,-3.9246967,-2.4946966,-4.7446966,-5.4346967,-0.9946967,0.39530334,0.64530337,-1.3546966,-3.3846967,-4.3546968,-7.8746967,-6.964697,-5.9546967,-5.1546965,-6.214697,-2.7846966,-2.8046966,-1.9146967,-2.1946967,0.41530335,1.4653033,-1.1646967,3.2153034,2.7253034,3.2553034,0.27530333,-0.40469664,-1.9446967,-2.9946966,-2.6846967,0.17530334,1.0553033,3.1053033,3.4353034,2.6453032,1.6653033,2.5553033,1.3153033,-0.24469666
-1.9746966,-1.9846966,0.44530335,-0.58469665,-2.1946967,-3.3946967,-3.2546966,-2.3746967,-0.70469666,-2.9446967,-2.0346966,-1.1646967,-4.294697,-6.1146965,-6.334697,-7.7446966,-5.774697,-6.794697,-7.734697,-4.6146965,-1.5646967,0.32530335,0.5153034,5.7353034,1.3953034,-0.46469665,-1.6746967,-3.0346966,-1.9246967,-2.6446967,-1.6346966,-3.2946966,-3.3746967,-1.1046966,-1.5846967,1.7553034,1.5753033,-1.8646966,-3.4146967,0.0153033445,-1.8846966,-0.044696655,-0.83469665
1.0853033,0.49530333,-0.5546967,-2.8246965,-3.7646966,-4.584697,-1.6646967,-3.3946967,-3.5246966,-1.5246967,-2.2246966,-1.4146967,-3.3546968,-3.2446966,-3.5646966,-3.6246967,-8.574697,-8.134697,-6.064697,-5.5746965,0.80530334,1.8453033,1.2553034,-1.5646967,0.8153033,1.4153033,0.71530336,0.32530335,-0.8746967,0.24530335,-1.6446967,-3.9646966,0.13530335,0.8153033,1.0453033,-0.66469663,1.5853033,1.9453033,1.9553033,0.5153034,-4.4046965,-5.3646965,-4.8446965
1.8153033,0.55530334,-0.89469665,-2.8746967,-5.0746965,-4.8246965,-5.2646966,-2.9846966,-1.1346966,-1.4546967,-2.1046968,-3.1546967,-2.0346966,-1.2246966,-4.734697,-6.6446967,-5.1846967,-7.1946964,-5.4746966,-4.334697,-3.6346967,-0.71469665,0.9553034,-1.3046967,-0.12469666,2.9853034,2.4553034,1.0053034,0.8253033,-0.27469665,-0.17469665,-3.1046968,-5.2846966,-6.6446967,-3.3946967,-2.0146966,0.71530336,2.1153033,-0.29469666,2.9953034,-4.1346965,-3.2746966,-1.9246967
2.1153033,-0.28469667,-1.7046967,-3.9746966,-2.8846967,-4.1046968,-5.274697,-3.4246967,-1.5046966,-1.5946966,-1.7946967,-1.0846967,0.25530335,-4.0346966,-2.0046966,-4.6346965,-8.634697,-6.484697,-4.544697,-4.8546968,-4.234697,-3.5346966,-2.1446967,-1.1546967,2.4553034,1.7553034,-0.9846966,0.55530334,0.24530335,-5.044697,-1.4146967,-2.5546966,-3.5846968,-5.6646967,-6.4046965,-4.1946964,-2.4346967,-1.1846967,-3.0846968,-3.3446968,1.5853033,0.5753033,-2.3846967
-0.17469665,0.45530334,-2.3146966,-5.064697,-4.814697,-4.6446967,-2.1346967,0.13530335,-0.50469667,-0.51469666,-0.89469665,-0.69469666,-1.6946967,-3.2146966,-4.9246964,-6.3546968,-7.814697,-7.334697,-5.4446964,-3.8046966,-3.3146966,-3.7546966,-4.1246967,-2.0846968,-0.52469665,3.0853033,4.3753033,2.2253034,-0.024696656,-1.9846966,-3.5946968,-4.234697,-4.5946965,-5.4346967,-6.1146965,-4.814697,0.26530334,2.9653034,3.1853034,1.3453033,-1.8146967,0.61530334,-7.3246965
-0.66469663,-1.9146967,-3.0346966,-4.6146965,-4.6446967,-4.7846966,-2.2846966,0.54530334,0.26530334,-0.094696656,-0.31469667,-0.90469664,-2.1846967,-2.9746966,-5.0346966,-5.1346965,-5.9146967,-6.314697,-6.7246966,-4.1746964,-4.9746966,-4.0146966,-3.5646966,-2.4346967,-2.2646966,-1.8546966,-1.8546966,-0.85469663,-0.65469664,-1.0346967,-2.6546967,-4.564697,-5.3546968,-7.6346965,-7.5346966,-7.8446965,-4.1246967,-2.7746966,-1.0446967,-3.1146967,-0.23469666,-0.9846966,0.8253033
-2.2846966,-2.3146966,-3.5346966,-4.1746964,-4.4346967,-3.8046966,-2.1346967,0.25530335,0.14530334,0.74530333,0.21530335,-1.1246966,-1.8946967,-3.6646967,-4.6146965,-5.2046967,-5.2246966,-4.8646965,-5.3546968,-4.7846966,-3.7046967,-3.4846966,-2.8646967,-3.3646967,-3.5046966,-2.2046967,-1.9246967,-1.6246966,-2.0546966,-3.7146966,-4.0346966,-5.9546967,-7.464697,-8.984696,-9.644696,-9.704697,-4.7646966,-3.4446967,1.0953033,-3.6046968,0.16530335,1.9953034,1.1253034
-1.5146966,-3.1146967,-2.4946966,-3.8146966,-4.6246967,-3.7146966,-2.1546967,-1.4046967,-0.56469667,1.0953033,0.46530333,-0.14469665,-0.39469665,-1.7146966,-3.6046968,-3.7246966,-5.6046968,-4.8446965,-4.524697,-4.6746964,-3.1246967,-3.5346966,-3.6646967,-3.4846966,-2.7846966,-1.9846966,-2.9246967,-2.1946967,-4.1346965,-4.1446967,-3.3646967,-5.084697,-6.754697,-6.8746967,-8.134697,-8.994697,-7.6146965,-3.0246966,-0.5546967,2.1053033,-2.6346967,-2.7246966,-2.1346967
-0.78469664,-3.4846966,-2.7146966,-3.6946967,-4.544697,-3.9646966,-2.8746967,-2.3946967,-1.7146966,-1.3546966,-0.77469665,-0.8046967,-1.0446967,-2.5946968,-4.2446966,-4.0146966,-4.504697,-4.8446965,-3.8346968,-3.5546966,-2.5746965,-2.3446968,-3.1146967,-3.6546967,-2.5946968,-1.9346967,-2.8546968,-3.4546967,-2.4446967,-3.8046966,-3.3546968,-2.9246967,-5.1046968,-5.714697,-6.2446966,-7.3946967,-7.0746965,-6.334697,-3.8746967,-1.7846967,-1.9846966,-1.1846967,-0.91469663
-0.034696653,-0.38469666,-1.3446966,-2.9046967,-2.7446966,-3.2146966,-1.2446966,-0.9846966,-1.2146966,-0.63469666,-1.5546967,-0.66469663,-1.0346967,-2.0146966,-3.5446966,-3.4546967,-3.6046968,-3.2846966,-3.5146966,-3.6746967,-3.4946966,-3.1846967,-2.3646967,-2.8746967,-2.6646967,-2.9946966,-3.6646967,-4.024697,-2.9646966,-2.9646966,-2.6046968,-4.024697,-5.8646965,-6.2846966,-4.6546965,-5.064697,-4.7246966,-4.834697,-4.6046968,-4.1746964,-2.3746967,-2.1646967,-1.7446966
0.93530333,-0.7346966,-1.0746967,-0.95469666,-0.6746967,-1.6446967,-1.8646966,-0.48469666,-0.004696655,-0.84469664,-0.6846967,-0.60469663,0.30530334,-0.24469666,-2.3846967,-1.5446967,-2.4146967,-1.6246966,-1.8646966,-2.4046967,-3.1246967,-2.7946966,-2.7146966,-1.7246966,-2.0346966,-3.4246967,-3.8146966,-3.6046968,-1.5846967,-2.6646967,-3.1246967,-1.8146967,-3.8046966,-5.1446967,-4.484697,-5.4746966,-3.0746965,-4.234697,-4.4946966,-1.6246966,-3.2346966,-2.1946967,-2.3246965
1.6153034,0.60530335,-0.08469666,0.20530334,0.64530337,-0.71469665,0.21530335,-0.85469663,-0.63469666,-0.6246967,-0.034696653,1.8453033,-0.004696655,0.055303346,0.54530334,-0.81469667,-1.4546967,0.55530334,-0.60469663,-1.3746966,-1.8846966,-2.0846968,-2.4446967,-2.2246966,-2.2546966,-2.7146966,-3.3746967,-2.7846966,-1.8246967,-1.6146966,-2.4046967,-3.9246967,-4.0946965,-4.8746967,-4.6346965,-4.774697,-4.6646967,-6.814697,-3.4246967,-3.9746966,-3.2146966,-3.1746967,-2.1346967
0.83530337,0.44530335,0.075303346,0.06530335,1.4453033,1.4553033,0.19530335,-0.44469666,-0.5446966,-0.20469666,0.27530333,0.90530336,0.91530335,1.4153033,-0.8046967,0.115303345,0.6353033,0.27530333,0.59530336,-0.024696656,-0.9946967,-1.7846967,-2.1546967,-2.5646966,-2.0246966,-2.2646966,-1.9346967,-1.7146966,-2.1746967,-1.5746967,-1.6846967,-2.4646966,-2.0946968,-4.6746964,-4.4946966,-4.1346965,-3.4946966,-4.274697,-4.734697,-4.8046966,-4.6146965,-5.2046967,-2.8646967
