wind_kz.json
{"header": {"discipline":0,"disciplineName":"Meteorological products","gribEdition":2,"gribLength":1025,"center":7,"centerName":"US National Weather Service - NCEP(WMC)","subcenter":0,"refTime":"2023-08-25T06:00:00.000Z","significanceOfRT":1,"significanceOfRTName":"Start of forecast","productStatus":0,"productStatusName":"Operational products","productType":1,"productTypeName":"Forecast products","productDefinitionTemplate":0,"productDefinitionTemplateName":"Analysis/forecast at horizontal level/layer at a point in time","parameterCategory":2,"parameterCategoryName":"UnknownDiscipline_0_Category_2","parameterNumber":3,"parameterNumberName":"UnknownParameter_D0_C2_3","parameterUnit":"Unknown","genProcessType":2,"genProcessTypeName":"Forecast","forecastTime":0,"surface1Type":103,"surface1TypeName":"Specified height level above ground","surface1Value":10.0,"surface2Type":255,"surface2TypeName":"Missing","surface2Value":0.0,"gridDefinitionTemplate":0,"gridDefinitionTemplateName":"Latitude_Longitude","numberPoints":615,"shape":6,"shapeName":"Earth spherical with radius of 6,371,229.0 m","gridUnits":"degrees","resolution":48,"winds":"true","scanMode":64,"nx":41,"ny":15,"basicAngle":0,"lo1":47.0,"la1":41.0,"lo2":87.0,"la2":55.0,"dx":1.0,"dy":1.0}, "data":
[rows 0 to 14 of 15, columns 0 to 40 of 41]
2.1033838,1.5933838,-1.1466162,-3.2866163,-4.7466164,-5.9366164,-4.2266164,-5.026616,-0.5366162,-1.0866162,-1.5066162,-1.2666162,-2.6166162,-3.4966161,-3.6966162,-4.446616,-4.146616,-2.9166162,-4.1666164,-3.6566162,-3.256616,-5.376616,-1.5266162,2.5733838,3.1833837,2.6633837,1.6033838,-1.3166162,-1.2666162,2.8033838,2.3833838,2.1633837,-1.0066162,0.3733838,1.8333838,-0.2966162,0.47338378,0.74338377,-0.5266162,0.47338378,-0.30661622
0.5833838,-1.9666162,-0.33661622,-1.5466162,-2.9566162,-3.8266163,-3.6266162,-2.8666162,-0.3566162,-2.3566163,-2.2366161,-1.9066162,-2.9566162,-4.236616,-4.356616,-3.6866162,-2.1766162,0.7833838,1.1533837,-1.4166162,-4.696616,-5.7066164,-4.0366163,-2.276616,3.2133837,3.3433838,3.3933837,1.3533838,0.6533838,0.4333838,-2.9566162,1.0133837,0.7133838,1.5733838,3.3833838,2.1333838,3.4633837,2.0633838,2.2733839,-0.05661621,-0.1766162
0.023383789,-2.2266161,-3.3666162,-3.0866163,-3.0666163,-2.3866162,-2.9166162,-2.3466163,-0.7466162,-2.4366162,-3.026616,-3.4766161,-4.2666163,-4.6866164,-4.3266163,-4.066616,1.1533837,1.2533838,4.0833836,1.5633838,-2.9966161,-4.5366163,-4.5566163,-0.4766162,-2.516616,-2.766616,-2.766616,-3.0966163,-0.3166162,-2.7066162,-2.6066163,0.1833838,-0.11661621,2.7933838,1.0233837,-2.8966162,-1.8066162,2.8033838,-2.0566163,0.8133838,-1.4066162
-2.6866162,-3.5466163,-3.9266162,-1.4066162,-2.4166162,-4.1166162,-3.8266163,-2.8566163,-1.4566162,-1.6266162,0.17338379,0.20338379,-1.8166162,-3.516616,-5.656616,-5.966616,0.35338378,3.1833837,3.6033838,1.2233838,-2.4266162,-2.4766161,-2.7966163,-3.4866161,-3.1066163,-3.006616,-3.1166162,-2.7266161,-2.2866163,-4.156616,3.483384,2.1833837,0.68338376,0.68338376,0.62338376,2.2833838,3.493384,0.8833838,-3.8666162,-3.4266162,-1.3066162
-2.5866163,-3.526616,-2.9966161,-4.156616,-5.256616,-4.446616,-2.5966163,-2.1466162,-2.7966163,0.6933838,0.26338378,0.3633838,0.16338378,0.3433838,-2.6066163,-2.3066163,0.19338378,-0.48661622,-2.1766162,-3.776616,-3.9766161,-3.776616,-3.1166162,-3.4066162,-3.0366163,-2.6466162,-1.3566163,-2.5566163,-2.0566163,-2.9566162,0.5333838,-0.06661621,0.05338379,-0.69661623,1.2033838,1.8533838,1.5233837,0.93338376,0.15338379,0.7633838,1.4033837
-1.8366162,-1.5266162,-1.7866162,-4.256616,-5.2066164,-5.1166162,-4.7866163,-3.6166162,-1.8466163,-0.15661621,1.0033838,0.8933838,2.0333838,-0.24661621,-0.8366162,1.4733838,3.483384,3.6633837,2.723384,0.15338379,-2.256616,-3.5566163,-4.696616,-3.9466162,-3.2166162,-2.0466163,-1.0566162,0.14338379,-2.6966162,-1.5066162,-1.4866163,-0.50661623,0.5033838,-0.94661623,-0.63661623,2.4633837,-3.4666162,-1.8066162,1.0833838,1.5333838,2.1133838
-2.0766163,-2.6466162,-3.4566162,-4.006616,-3.9666162,-4.7266164,-3.3266163,-2.1366162,-1.6166162,0.3133838,0.6633838,0.12338379,0.61338377,0.9233838,-0.1766162,2.5633838,3.8933837,3.733384,2.4333837,-0.18661621,-1.2866162,-2.9666162,-5.0766163,-4.986616,-3.3366163,-2.6966162,-1.4366162,-1.4866163,-1.2866162,-0.2266162,1.1433837,0.86338377,3.4633837,3.4533837,3.3233838,3.4233837,3.3933837,1.8333838,-2.2266161,2.5133839,1.8533838
-2.7466161,-2.1966162,-2.8966162,-2.6566162,-3.006616,-4.5966163,-3.4866161,-2.3466163,-0.9366162,-0.6466162,0.22338378,2.1033838,1.7233838,1.9633838,1.3233838,1.5433838,3.3433838,2.0233839,1.4633838,-0.33661622,-1.7766162,-2.1666162,-5.026616,-5.426616,-4.606616,-2.3866162,-2.776616,-2.0466163,-1.3366162,-0.21661621,1.7333838,3.3933837,2.983384,6.513384,6.663384,0.8833838,0.6433838,1.9133838,-0.09661621,1.3633838,3.4533837
-3.516616,-4.396616,-3.1466162,-2.7366161,-2.3666162,-3.2266161,-2.516616,-1.2066162,-0.3266162,-1.3566163,-1.4666162,2.4533837,3.6833837,3.983384,1.8633838,1.2333838,1.4733838,1.7533838,1.1133838,-0.4666162,-1.8566163,-1.4166162,-2.9966161,-4.2666163,-5.566616,-6.526616,-6.1166162,-2.8766162,-2.7066162,-1.9566162,-2.016616,-0.20661621,1.4433838,4.6333838,8.013384,8.003384,5.363384,4.303384,2.6633837,2.3833838,1.9633838
-4.5366163,-4.316616,-3.1766162,-1.8666162,-2.9066162,-2.9966161,-3.2166162,-0.9366162,-2.5566163,-3.3166163,-1.4366162,4.6333838,1.6933838,2.983384,1.6233838,1.1033838,1.7733837,1.3433838,1.4133838,-0.21661621,-0.4666162,-1.4766163,-2.6666162,-1.6966162,-3.4966161,-4.506616,-3.9566162,-4.446616,-3.756616,-4.316616,-3.9466162,-4.9966164,-2.8866162,-1.6366162,2.9633837,9.393384,4.073384,2.3333838,2.743384,1.4633838,1.0833838
-2.3366163,-3.3566163,-3.3666162,-3.4566162,-3.9066162,-4.196616,-3.0666163,-2.9866161,-3.516616,-3.9766161,-0.48661622,-1.0566162,-1.4766163,-0.7666162,0.5333838,-0.20661621,0.16338378,1.1633838,3.0133839,1.5733838,0.9633838,-0.6166162,-2.1666162,-2.6366162,-1.7366163,-3.2966163,-3.6866162,-4.696616,-5.0166163,-4.136616,-4.526616,-3.6766162,-2.516616,1.0933838,5.5633836,9.283383,5.223384,5.143384,5.853384,2.0533838,0.7133838
-1.7666162,-2.4966161,-2.4566162,-2.6466162,-2.1666162,-2.3166163,-2.1966162,-1.4666162,-1.8366162,-2.1666162,-1.3666162,0.26338378,0.7033838,1.3133838,-0.8566162,-0.87661624,-1.3166162,1.2033838,2.6833837,1.6633838,-0.2566162,-0.9366162,-0.5866162,-1.3466163,-1.6166162,-2.776616,-3.8466163,-4.2266164,-5.986616,-6.926616,-5.736616,-3.526616,-2.8466163,2.3533838,6.723384,8.393384,5.893384,5.203384,4.2133837,3.5933838,1.2033838
-2.3666162,-2.5566163,-2.8166163,-2.3766162,-2.3366163,-1.8566163,-1.9866163,-2.6166162,-2.9166162,-2.8166163,-1.7266163,-2.1266162,-1.0866162,-2.1466162,-1.3266162,2.6033838,2.243384,2.4133837,0.7333838,1.2933838,-0.03661621,-0.5966162,-0.81661624,-1.4866163,-2.2866163,-3.2266161,-4.356616,-5.386616,-4.6866164,-6.1866164,-6.196616,-4.426616,-2.6866162,-0.03661621,6.623384,5.8833838,5.4633837,3.8133838,5.593384,5.9033837,2.6333838
-3.016616,-3.9166162,-3.8066163,-2.5466163,-2.4866161,-2.9766161,-2.8066163,-3.016616,-1.4066162,-1.3766162,-1.2566162,-1.6466162,-1.9866163,-1.5766162,-1.9166162,0.4933838,2.1033838,2.223384,0.9233838,1.2833838,0.9833838,0.4333838,-1.0566162,-2.0766163,-3.016616,-1.4366162,-2.8466163,-3.4266162,-4.006616,-5.796616,-5.086616,-5.836616,-2.256616,-3.5566163,-2.1066163,-0.5566162,0.74338377,5.2933836,6.4633837,4.6933837,4.413384
-2.6466162,-5.296616,-5.5366163,-4.086616,-3.2466161,-2.2066162,-3.0566163,-2.8466163,-1.8766162,0.5933838,1.7633837,0.5433838,0.06338379,-1.8266162,-0.8066162,0.8233838,1.0733838,1.0033838,0.8233838,1.1633838,1.2133838,0.8133838,0.17338379,-0.106616214,-1.9766163,-2.776616,-2.256616,-1.7866162,-3.2966163,-4.566616,-5.156616,-5.2066164,0.073383786,2.0033839,-1.6566162,0.6333838,3.6433837,5.643384,5.343384,5.643384,3.723384
