wind_kz.json
{"header": {"discipline":0,"disciplineName":"Meteorological products","gribEdition":2,"gribLength":1025,"center":7,"centerName":"US National Weather Service - NCEP(WMC)","subcenter":0,"refTime":"2023-08-19T12:00:00.000Z","significanceOfRT":1,"significanceOfRTName":"Start of forecast","productStatus":0,"productStatusName":"Operational products","productType":1,"productTypeName":"Forecast products","productDefinitionTemplate":0,"productDefinitionTemplateName":"Analysis/forecast at horizontal level/layer at a point in time","parameterCategory":2,"parameterCategoryName":"UnknownDiscipline_0_Category_2","parameterNumber":2,"parameterNumberName":"UnknownParameter_D0_C2_2","parameterUnit":"Unknown","genProcessType":2,"genProcessTypeName":"Forecast","forecastTime":120,"surface1Type":103,"surface1TypeName":"Specified height level above ground","surface1Value":10.0,"surface2Type":255,"surface2TypeName":"Missing","surface2Value":0.0,"gridDefinitionTemplate":0,"gridDefinitionTemplateName":"Latitude_Longitude","numberPoints":615,"shape":6,"shapeName":"Earth spherical with radius of 6,371,229.0 m","gridUnits":"degrees","resolution":48,"winds":"true","scanMode":64,"nx":41,"ny":15,"basicAngle":0,"lo1":47.0,"la1":41.0,"lo2":87.0,"la2":55.0,"dx":1.0,"dy":1.0}, "data":
[rows 0 to 14 of 15, columns 0 to 40 of 41]
-0.3018408,2.6581593,-3.1118407,-3.141841,-2.7118409,-0.07184082,5.8481593,3.078159,2.7681592,2.858159,3.5481591,4.568159,4.3881593,6.418159,7.028159,6.8881593,6.6581593,6.7681594,6.2481594,5.8481593,1.8481592,2.6181593,5.568159,5.6181593,4.528159,2.7781591,3.8981593,6.6181593,5.1581593,4.418159,5.4981594,-0.6918408,-0.6618408,-1.1818408,-1.9418408,8.158159,1.5481591,0.5581592,-1.9218408,-0.73184085,0.69815916
2.4381592,-4.041841,-2.7818408,-1.7718408,-0.31184083,3.5481591,4.528159,3.5281591,5.4081593,5.738159,6.918159,6.448159,6.938159,7.188159,7.708159,8.368159,6.3081594,8.018159,9.138159,7.438159,7.108159,2.7481592,4.278159,3.7181592,0.51815915,-0.5818408,-0.5918408,-0.41184083,-2.0018408,0.62815917,-0.41184083,-1.3618408,-0.9718408,1.3381592,0.018159179,4.7481594,5.0381594,1.5181592,2.1181593,-0.67184085,1.2081592
-6.271841,-4.331841,-1.8518409,0.93815917,3.1481593,7.148159,4.9981594,5.0381594,6.718159,6.528159,5.608159,4.878159,5.858159,2.088159,3.5281591,5.678159,8.1281595,8.04816,7.648159,9.438159,8.608159,5.338159,5.628159,6.358159,6.278159,3.2481592,4.8481593,3.828159,1.5681592,-1.4118408,0.49815917,0.69815916,6.008159,2.7681592,2.3881593,-2.3018408,0.8681592,3.4081593,5.0581594,2.5381591,-0.44184083
1.7081592,-3.921841,-0.28184083,1.5281591,7.5981593,5.298159,4.378159,5.608159,5.708159,6.678159,6.728159,6.398159,-1.4818408,1.6881592,5.648159,8.1681595,9.6281595,10.078159,10.318159,9.368159,11.188159,9.858159,7.8281593,6.0181594,6.738159,6.5981593,5.1181593,5.5181594,8.188159,5.548159,1.0181592,4.478159,9.438159,8.428159,4.668159,4.338159,0.6781592,-1.1818408,-0.47184083,2.2381592,-3.181841
5.1581593,-1.0418408,0.5381592,0.8981592,1.5681592,3.6881592,5.678159,8.058159,8.788159,8.8781595,8.458159,9.148159,5.778159,3.9881592,5.228159,10.398159,10.888159,10.8781595,10.708159,11.6281595,11.438159,11.718159,10.038159,7.628159,6.238159,6.778159,7.8681593,-1.0118408,6.778159,7.238159,4.028159,4.128159,2.3881593,-1.0418408,4.798159,7.5181594,2.558159,-0.47184083,-2.891841,-2.171841,-1.5918409
5.8681593,5.8481593,1.7181592,5.108159,3.088159,4.778159,8.29816,8.908159,9.518159,7.428159,8.748159,9.79816,8.818159,6.1381593,9.558159,10.228159,11.04816,11.858159,11.948159,9.768159,11.648159,10.708159,11.238159,7.718159,7.4981594,7.4081593,8.25816,-3.3018408,3.358159,7.988159,4.238159,0.40815917,0.7281592,0.9081592,-3.0618408,2.088159,3.2681592,4.5181594,0.6781592,-0.67184085,0.30815917
7.988159,7.4081593,8.278159,8.368159,5.7881594,5.668159,5.948159,4.008159,5.4981594,5.858159,7.628159,6.838159,9.25816,9.678159,9.29816,10.468159,11.188159,10.528159,11.028159,10.718159,11.54816,10.388159,10.638159,7.358159,8.1681595,6.758159,6.4981594,3.6181593,1.2481592,0.87815917,0.27815917,2.588159,2.1381593,-2.141841,4.178159,-1.6018409,-2.0418408,-0.48184082,-0.13184083,2.598159,1.2781591
8.078159,7.458159,5.4981594,3.608159,5.5781593,4.428159,5.918159,5.398159,6.488159,6.528159,7.548159,8.29816,6.688159,8.768159,9.388159,9.778159,11.848159,10.428159,10.04816,10.188159,11.138159,10.808159,10.778159,8.898159,8.248159,7.5181594,6.948159,6.4981594,6.358159,3.058159,4.6181593,2.9181592,3.588159,2.3781593,1.0781592,-0.6618408,-1.1718408,0.46815917,4.0381594,2.8681593,4.2881594
7.688159,2.7581592,2.2781591,4.3681593,4.6181593,4.438159,6.0381594,7.068159,6.2681594,4.0781593,6.818159,5.4081593,7.588159,8.468159,8.308159,9.188159,10.488159,10.698159,11.1281595,9.988159,11.33816,11.748159,11.678159,9.938159,7.898159,7.5381594,7.148159,5.988159,5.8881593,0.88815916,3.4781592,3.7781591,5.088159,2.6281593,2.7881591,-4.2518406,4.378159,0.9681592,0.04815918,0.9581592,0.6581592
3.068159,1.4781592,3.348159,4.798159,4.5981593,5.428159,5.438159,7.168159,7.3481593,6.9081593,6.688159,9.268159,7.968159,9.348159,7.898159,9.688159,8.658159,9.6281595,11.33816,11.768159,11.04816,12.018159,11.728159,2.318159,13.9181595,2.578159,5.728159,5.0981593,4.0181594,4.898159,4.978159,4.1181593,1.4481592,-5.021841,1.5581592,-1.1518408,-0.45184082,-0.8818408,-2.4818408,1.0881592,0.008159179
2.4881592,4.8881593,3.078159,3.1981592,4.1181593,3.4781592,5.898159,8.268159,6.678159,6.548159,4.8881593,6.428159,6.588159,3.6681592,6.628159,9.198159,7.968159,8.888159,10.188159,10.578159,11.348159,10.348159,10.848159,7.458159,7.108159,1.8081592,9.028159,3.588159,3.4881592,3.1881592,2.7681592,4.0781593,-0.4618408,2.2081592,2.1381593,-3.0018408,-0.45184082,1.0381591,-2.401841,1.0581592,1.4081591
3.7781591,2.7181592,3.5481591,4.228159,4.2481594,3.9581592,5.298159,5.6181593,5.798159,5.1181593,3.4181592,6.378159,0.24815919,2.338159,2.7481592,3.9081593,4.898159,8.278159,8.858159,9.788159,7.608159,4.218159,3.9881592,0.9281592,-1.1418408,4.0381594,4.108159,3.4181592,3.7681592,5.678159,3.2681592,1.7181592,2.4981592,2.3681593,1.1481591,-0.42184082,0.7381592,-0.3618408,-1.6618408,-0.67184085,-1.4718409
2.2681592,4.988159,4.7481594,3.2481592,6.1381593,3.2981591,4.898159,5.168159,5.168159,4.048159,2.8881593,3.9081593,1.4081591,2.1281593,1.6481591,2.2381592,2.9481592,2.8881593,1.7081592,7.178159,6.0381594,2.2881591,0.03815918,-0.29184082,10.428159,1.1681591,1.9181591,-0.47184083,4.898159,3.0381591,4.0581594,1.8581592,3.2781591,3.6981592,1.7881591,-0.87184083,-2.3418407,-1.0718408,-1.4318408,-1.6918408,-0.4318408
4.398159,4.358159,2.328159,4.1581593,3.7681592,4.0581594,3.7081592,4.5181594,4.488159,4.5381594,1.8181592,2.4881592,3.5481591,2.7081592,2.7281592,-0.18184082,1.7381592,1.6081592,0.37815917,1.2981591,2.2381592,1.8481592,3.6681592,5.8081594,8.08816,3.2481592,1.0981592,0.9281592,3.058159,3.338159,2.4781592,2.0081592,1.3981591,-0.03184082,0.46815917,-1.6418408,-1.3018408,-2.1018407,-2.5518408,0.3481592,-1.2318408
2.5181592,3.4081593,3.858159,3.7281592,3.9581592,4.678159,4.6581593,5.0181594,4.778159,4.6581593,-0.4318408,0.7281592,2.818159,2.828159,1.5281591,0.2881592,0.5481592,0.27815917,-1.6718408,0.8581592,2.6781592,4.068159,4.938159,6.148159,2.7081592,4.668159,1.5281591,2.098159,2.7881591,0.93815917,7.8681593,-0.19184083,1.1081592,-1.0518408,-1.8518409,-2.2818408,-2.191841,-1.4218408,-3.2918408,-1.7618408,-0.06184082
