wind_kz.json
{"header": {"discipline":0,"disciplineName":"Meteorological products","gribEdition":2,"gribLength":1025,"center":7,"centerName":"US National Weather Service - NCEP(WMC)","subcenter":0,"refTime":"2023-08-21T00:00:00.000Z","significanceOfRT":1,"significanceOfRTName":"Start of forecast","productStatus":0,"productStatusName":"Operational products","productType":1,"productTypeName":"Forecast products","productDefinitionTemplate":0,"productDefinitionTemplateName":"Analysis/forecast at horizontal level/layer at a point in time","parameterCategory":2,"parameterCategoryName":"UnknownDiscipline_0_Category_2","parameterNumber":3,"parameterNumberName":"UnknownParameter_D0_C2_3","parameterUnit":"Unknown","genProcessType":2,"genProcessTypeName":"Forecast","forecastTime":300,"surface1Type":103,"surface1TypeName":"Specified height level above ground","surface1Value":10.0,"surface2Type":255,"surface2TypeName":"Missing","surface2Value":0.0,"gridDefinitionTemplate":0,"gridDefinitionTemplateName":"Latitude_Longitude","numberPoints":615,"shape":6,"shapeName":"Earth spherical with radius of 6,371,229.0 m","gridUnits":"degrees","resolution":48,"winds":"true","scanMode":64,"nx":41,"ny":15,"basicAngle":0,"lo1":47.0,"la1":41.0,"lo2":87.0,"la2":55.0,"dx":1.0,"dy":1.0}, "data":
[rows 0 to 14 of 15, columns 0 to 40 of 41]
6.3990974,2.0690973,-4.200903,-9.000903,-8.950903,-7.860903,-7.200903,-4.6609025,0.5490973,-0.2409027,-1.6109027,-1.4509027,-3.6909027,-4.7309027,-4.990903,-6.7709026,-5.2109027,-2.3309028,-2.1609027,-0.46090272,-3.2509027,-3.3109026,-2.8709028,-2.8809028,1.0890973,2.3990972,2.4890974,1.2990973,5.2490973,3.4590974,-1.7509027,-2.5009027,1.8190973,3.8690972,2.2890973,1.7890973,2.0090973,2.8690972,-1.3809028,2.7890973,-0.8209027
-0.9909027,-2.5409026,-6.490903,-8.370903,-8.520903,-7.2709026,-6.6709027,-4.3909025,-1.9609027,-0.43090272,1.3690972,0.5490973,-2.7509027,-5.220903,-7.130903,-6.4409027,-2.8809028,-1.3509027,0.05909729,2.4490974,1.3990973,0.4390973,0.25909728,-1.7109027,-3.6509027,-4.840903,-3.0309026,-1.3109027,-0.8909027,-0.3609027,6.4390974,3.8290973,-0.4209027,1.4790972,1.8590972,4.639097,3.3490973,1.8690972,0.89909726,2.5490973,-0.6409027
-0.8909027,-3.5409026,-7.4009027,-9.770903,-7.5609026,-7.510903,-7.0409026,-6.6209025,-0.05090271,2.8190973,3.2590973,-2.7709026,-4.6509027,-8.040903,-8.010902,-5.260903,-2.7809026,-0.3909027,-0.3509027,-2.4909027,0.5790973,3.2490973,3.0690973,1.8890973,0.9290973,-0.46090272,8.129097,5.0690975,1.6490973,3.4290972,-3.6209028,-1.8609027,-4.360903,1.1190972,2.0990973,7.719097,-0.1809027,-1.9609027,1.5690973,2.5290973,-0.5909027
-4.0609026,-3.4309027,-5.8709025,-8.210903,-7.740903,-8.860903,-9.1409025,-6.1609025,2.1790972,4.8290973,2.1390972,-1.5109028,-1.7309027,-3.8309028,-6.300903,-7.6809025,-6.820903,-4.360903,-4.490903,-0.04090271,3.2290974,3.7590973,-1.3209027,-1.9409027,-1.8609027,-2.0709028,-3.4109027,-3.1109028,-2.8109026,-4.0609026,-4.470903,-0.5809027,2.2890973,1.5290973,-0.73090273,-2.2209027,-5.9009027,-1.8109027,-0.6209027,-1.4809027,-2.0709028
-0.5009027,0.12909728,-1.7009027,-5.7709026,-6.260903,-8.6409025,-9.370903,-4.6409025,-0.6509027,1.8990973,1.0590973,0.5090973,0.4690973,-2.6209028,-4.2309027,-5.4809027,-6.2909026,-4.490903,-3.6109028,-1.6209027,-0.9209027,-0.4709027,0.06909729,0.3090973,-0.91090274,-2.3009026,-3.7309027,-3.7809026,-2.9509027,-5.0209026,-5.8909025,-4.470903,-2.4109027,-3.1909027,0.8890973,-0.04090271,0.28909728,-2.7809026,-1.6609027,-0.79090273,-2.2409027
-5.5609026,-6.1609025,2.0790973,-2.9609027,-4.9209027,-4.9209027,-9.760902,-5.9609027,-2.0909028,3.2590973,2.3190973,0.7290973,2.4590974,2.9190972,-2.6209028,-4.700903,-4.0409026,-1.1209027,-0.7809027,-0.7809027,-0.3309027,0.16909729,0.9090973,0.4190973,0.31909728,-0.60090274,-0.6709027,-4.470903,-3.1509027,-4.050903,-4.630903,-7.2509027,-5.9309025,-4.6809025,-1.1509027,2.5790973,-2.2309027,4.0890975,3.3590972,0.12909728,-0.8209027
-4.7309027,-5.570903,-6.8709025,-7.800903,-7.630903,-6.880903,-6.9109025,-9.720902,-2.6309028,-0.37090272,2.4890974,-0.1809027,-1.2109027,-2.5009027,-2.4809027,-2.3609028,-2.0109026,-0.3909027,0.18909729,0.4290973,0.70909727,0.64909726,1.1190972,1.8090973,1.2090973,0.3590973,-1.2209027,-2.8609028,-4.2509027,-4.990903,-5.860903,-6.860903,-8.990903,-9.1809025,-4.0409026,-1.9509027,-1.0309027,-3.0009027,-1.2909027,0.9190973,-2.6309028
-4.360903,-5.2709026,-6.280903,-6.9009027,-6.6409025,-7.240903,-5.6709027,-7.630903,-6.5609026,-2.0509026,2.2390974,0.13909729,0.37909728,-1.5109028,-0.11090271,0.4890973,-2.3509028,-0.34090272,-0.16090271,0.7790973,1.3590972,1.9390973,1.8890973,1.2090973,2.5290973,1.1390973,0.4690973,-0.98090273,-3.2409027,-4.9409027,-6.610903,-7.030903,-7.6409025,-8.940903,-6.200903,-5.0409026,-1.0109028,-0.10090271,2.4190972,0.2690973,0.10909729
-3.2709026,-4.720903,-5.8109026,-6.570903,-6.2109027,-6.320903,-5.510903,-5.550903,-8.050902,-4.300903,-2.6209028,0.11909729,-9.0270996E-4,-0.2509027,2.3290973,2.8290973,2.3990972,1.9090973,0.8690973,-0.05090271,1.7290972,1.7290972,1.1990973,1.5690973,0.6690973,-0.9309027,-1.1109027,-1.5909027,-3.1709027,-4.3309026,-6.550903,-7.4609027,-7.2909026,-7.760903,-7.1809025,-4.700903,1.0490973,-3.3009026,-2.5709028,-0.16090271,0.4590973
-2.1809027,-4.5809026,-5.570903,-6.0409026,-5.720903,-5.970903,-5.970903,-4.6909027,-5.9609027,-6.6909027,-4.630903,-2.8209028,0.7590973,-0.10090271,2.8390973,2.9290972,2.3890972,4.0690975,2.7990973,2.4590974,2.6590972,2.9990973,2.3290973,2.0190973,1.2190973,1.5990973,0.8790973,-0.02090271,-1.7009027,-3.8409028,-4.6509027,-6.3709025,-6.6809025,-7.8109026,-7.720903,-4.5209026,-0.20090272,0.5690973,-2.8709028,-0.9409027,-1.8409027
-3.3209028,-3.6809027,-3.1209028,-4.570903,-4.7909026,-4.6009026,-4.9609027,-4.970903,-4.8109026,-5.8709025,-5.6609025,-5.070903,2.1090972,0.28909728,2.4790974,2.9490974,3.2290974,2.4990973,3.3490973,3.6190972,3.4190972,4.1090975,3.2990973,3.1590972,2.3890972,2.6090972,2.0990973,0.8490973,-0.4709027,-1.9409027,-4.1809025,-5.1209025,-5.8309026,-5.1409025,-6.5809026,-7.380903,-3.4909027,-1.6809027,-2.5909028,-1.9209027,-1.4909027
-3.2109027,-2.7609026,-4.1409025,-2.3509028,-2.9409027,-3.5809028,-3.5209026,-4.6409025,-4.010903,-2.6609027,-2.1209028,-5.7109027,-3.5009027,1.3890973,0.9490973,1.2190973,2.9090972,3.7090974,3.3090973,4.3590975,4.1690974,4.679097,4.4990973,3.1490972,2.5190973,2.7790973,3.2790973,2.5890973,1.0990973,-0.4509027,-1.6809027,-3.3809028,-3.5009027,-3.5209026,-3.5009027,-4.8909025,-4.2909026,-3.8009026,-2.8209028,-2.3309028,-1.4709027
-1.6809027,-1.9009027,-1.9709027,-1.0309027,-1.8909028,-1.6709027,-2.5409026,-2.7609026,-3.7409027,-2.2709026,-0.37090272,0.3390973,-4.0209026,-1.8309027,0.83909726,2.3490973,2.8890972,3.5790973,3.2290974,4.0790973,5.3990974,5.929097,5.4790974,4.2690973,4.639097,4.299097,3.7090974,1.8590972,1.9590973,-9.0270996E-4,-0.8409027,-1.1909027,-0.79090273,-1.8909028,-1.3209027,-2.1009028,-2.5209026,-1.3009027,-2.4309027,-2.9309027,-2.5109026
-1.3709027,-0.9409027,-2.2409027,-1.8309027,-1.0509027,-1.4009027,-0.5809027,-0.7409027,-0.8809027,-2.2309027,-1.2909027,0.15909728,1.7290972,-0.4409027,-2.4209027,-2.7409027,2.6690972,3.9990973,4.5990973,4.5590973,4.049097,3.7790973,4.3290973,4.389097,5.009097,5.159097,4.4590974,3.3090973,1.9190973,0.8790973,0.3690973,-0.02090271,1.1890973,-0.06090271,-0.79090273,-0.6409027,-0.7209027,-1.8409027,-1.2109027,-1.0709027,-2.2009027
-1.7309027,-3.8009026,-4.7509027,-3.4209027,-1.4309027,-1.7609028,-2.4909027,-3.4709027,-3.8109026,-0.8609027,0.40909728,-1.7409027,0.5490973,0.5690973,-1.2509027,-1.1709027,-0.10090271,2.9990973,5.929097,5.759097,4.3790975,4.699097,4.489097,4.3090973,4.029097,4.029097,4.3390975,4.0590973,3.0490973,2.7990973,2.8490973,0.95909727,-0.20090272,2.8490973,2.1190972,1.3090973,1.3490973,1.0790973,0.40909728,-0.8109027,-1.0609027
