wind.json
{"header": {"discipline":0,"disciplineName":"Meteorological products","gribEdition":2,"gribLength":1125,"center":7,"centerName":"US National Weather Service - NCEP(WMC)","subcenter":0,"refTime":"2023-06-30T06:00:00.000Z","significanceOfRT":1,"significanceOfRTName":"Start of forecast","productStatus":0,"productStatusName":"Operational products","productType":1,"productTypeName":"Forecast products","productDefinitionTemplate":0,"productDefinitionTemplateName":"Analysis/forecast at horizontal level/layer at a point in time","parameterCategory":2,"parameterCategoryName":"UnknownDiscipline_0_Category_2","parameterNumber":3,"parameterNumberName":"UnknownParameter_D0_C2_3","parameterUnit":"Unknown","genProcessType":2,"genProcessTypeName":"Forecast","forecastTime":180,"surface1Type":103,"surface1TypeName":"Specified height level above ground","surface1Value":10.0,"surface2Type":255,"surface2TypeName":"Missing","surface2Value":0.0,"gridDefinitionTemplate":0,"gridDefinitionTemplateName":"Latitude_Longitude","numberPoints":688,"shape":6,"shapeName":"Earth spherical with radius of 6,371,229.0 m","gridUnits":"degrees","resolution":48,"winds":"true","scanMode":64,"nx":43,"ny":16,"basicAngle":0,"lo1":45.0,"la1":40.0,"lo2":87.0,"la2":55.0,"dx":1.0,"dy":1.0}, "data":
[rows 0 to 15 of 16, columns 0 to 42 of 43]
-4.7981615,2.7718384,2.6918383,3.0918384,0.66183835,0.18183838,0.27183837,-2.7381616,-4.4881616,-1.4881616,-3.7681615,-3.6181617,-8.0481615,-7.9481616,-6.938162,-6.0481615,-5.978162,-6.6781616,-5.978162,-4.3681617,-4.6481614,-0.24816161,-1.2181616,1.9118384,3.9218383,2.3818383,2.3518384,1.4018384,2.8518384,-2.0381615,-2.2181616,-1.6281617,-0.6781616,-1.0981616,-0.27816162,-3.1881616,-4.4081616,-6.938162,-8.468162,-5.708162,-1.8981616,0.9818384,-2.6581616
2.1018384,-0.77816164,2.9418383,-3.2881615,3.2618384,2.3418384,-1.0081617,-4.4181614,-2.6781616,0.7018384,-0.6081616,-3.5081615,-6.438162,-8.138162,-8.218162,-9.518162,-9.308162,-8.088161,-5.4081616,-5.0481615,-3.3681617,-2.7681615,1.0118384,4.0818386,1.6818384,-1.3881617,-2.2481616,-1.8881617,-1.1381617,1.3718383,-0.9381616,-1.2281616,-1.8381616,-0.8681616,0.2818384,-1.4081616,-3.7281616,-4.708162,-7.5081615,-7.5481615,-2.1381617,-0.45816162,1.6418384
-1.0381616,-4.268162,4.3718386,2.0318384,1.7418383,2.2218385,-0.97816163,-3.6081617,0.23183838,1.7318383,2.1618383,0.4018384,-3.3281617,-4.0381618,-4.688162,-6.6481614,-8.878161,-9.368161,-5.458162,-5.268162,-2.9881616,-2.3781617,-2.4381616,4.1718383,4.231838,1.3818383,-1.3981616,0.021838378,-0.05816162,-0.45816162,-0.5781616,0.71183836,-0.48816162,-0.5081616,-1.9381616,-2.1181617,-2.8981616,-7.688162,-5.228162,-5.5981617,-5.0381618,-3.8781617,2.0818384
2.4318383,3.4818385,2.3918383,3.4018383,2.3018384,-1.4081616,-3.8581617,-4.3581614,2.6918383,-0.26816162,4.8218384,0.7018384,-2.5581617,-3.1581616,-3.8081617,-3.9281616,-6.9181614,-5.6381617,-5.1081614,-5.5681615,-6.1581616,-1.7581617,-2.6381617,-0.7081616,-2.4181616,0.05183838,0.13183838,-1.5281616,0.08183838,-1.1281617,-1.1781616,0.9218384,0.77183837,-0.17816162,1.8418384,0.14183837,-1.5081617,2.0718384,4.4218383,1.1318383,-0.25816163,-1.6981616,1.1318383
-0.6981616,-1.8981616,-0.22816162,-0.7581616,-2.6381617,-2.5881617,-5.2581615,-2.3081617,-0.10816162,-1.4881616,-1.7181616,2.1518383,-1.6581616,-3.8181617,-5.5581617,-7.4881616,-5.0881615,-4.6981616,-4.1281614,-5.3181615,-5.9681616,-4.4181614,-3.1381617,-1.4081616,2.0818384,1.9918383,3.4718385,3.4018383,5.5518384,-1.2781616,-1.1581616,-2.9481616,-2.1881616,-2.1381617,-1.5881616,0.3418384,0.041838378,-0.58816165,0.41183838,2.3018384,2.9718385,5.1218386,3.0818384
0.78183836,0.07183838,0.33183837,-0.58816165,-1.6781616,-2.9781616,-4.6981616,-6.5081615,-3.0781617,-2.8681617,-0.48816162,4.3718386,1.1318383,-3.8581617,-5.688162,-7.708162,-6.998162,-6.2881618,-5.728162,-4.268162,-3.8481617,-6.208162,-6.248162,-6.8881617,-0.008161621,-4.208162,-2.4481616,3.2118385,2.2718384,2.1118383,-2.0181615,-1.8281616,-1.7281616,0.14183837,0.8618384,-0.008161621,-0.96816164,-1.1281617,0.9518384,2.5418384,3.1618383,7.271838,3.0118384
3.6218383,3.0018384,1.4918383,-0.6281616,-0.84816164,-2.5381615,-4.768162,-6.3681617,-1.4081616,-2.5581617,-1.7981616,-3.0981617,3.7418385,0.42183837,-3.4281616,-4.7581615,-6.018162,-7.3081617,-7.0581617,-3.5081615,-4.6581616,-5.9281616,-7.6081614,-6.3081617,-8.488162,-7.4181614,-1.5681616,1.9418384,1.1718384,-0.03816162,-0.6981616,-1.6681616,-3.9881616,-4.9281616,-3.1581616,-2.8981616,1.5218384,2.5418384,2.7418385,-0.8681616,-3.7981615,3.1318383,-2.8381617
4.061838,5.6318383,3.7918384,2.8118384,1.5518384,-1.0381616,-1.7581617,-1.7081616,-1.5581616,-3.0281615,-2.7281616,-6.3881617,-2.8081617,-4.228162,-3.7581615,-5.6381617,-7.7781615,-3.7381616,-4.958162,-5.6681614,-4.0281615,-5.3581614,-6.4481616,-5.6581616,-5.958162,-6.268162,-7.248162,-6.3681617,-6.5981617,-4.938162,-5.2381616,-4.958162,-6.8981614,-7.1481614,-5.8981614,-7.2981615,-4.6981616,-3.9481616,-5.4881616,-3.3781617,-1.2681617,-1.6681616,-5.1381617
1.1418384,1.0218384,1.5618384,-0.6781616,-2.6581616,-1.4081616,-3.0181615,-3.9781616,-2.8881617,-1.4681616,-0.4981616,-3.0181615,-2.4881616,-2.8381617,-4.9681616,-4.8181615,-6.208162,-6.3081617,-6.3281617,-8.178162,-4.4281616,-3.3081617,-5.0381618,-7.208162,-4.9081616,-4.3581614,-4.438162,-4.9681616,-5.5681615,-3.9581616,-3.1881616,-3.5281615,-2.9481616,-3.2781615,-3.9481616,-5.5281615,-2.5981617,-0.07816162,-1.1081616,-2.3981616,-0.72816163,-0.3781616,-2.0281615
-1.6781616,-2.2381616,2.0018384,1.8718383,0.2818384,1.3518384,1.0518384,0.011838379,-0.7581616,-1.5481616,-1.9281616,-1.8081616,-1.7681617,-1.2181616,-2.0281615,-3.9581616,-4.6781616,-3.3681617,-4.3181615,-4.5781617,-3.5381615,-3.2081616,-3.2481616,-3.8381617,-2.7981615,-2.8281617,-4.3281617,-3.7581615,-2.7381616,-3.2381616,-5.3181615,-5.4181614,-3.6281617,-3.2181616,-1.4081616,-1.1481616,-0.6181616,-2.6281617,-3.6481616,0.9518384,0.5518384,-0.06816162,1.4718384
-1.2181616,-0.38816163,-0.07816162,-1.3981616,-0.8281616,-0.4381616,0.011838379,1.9518384,1.6518384,0.72183836,-0.28816164,-1.4981617,-2.5281615,-1.1481616,-1.6181617,-3.1081617,-3.3281617,-4.6981616,-2.8881617,-4.1481614,-4.1381617,-4.0581617,-3.4081616,-4.458162,-3.4781616,-0.9581616,-2.3581617,-3.1281617,-2.6781616,-2.2681615,-2.2481616,-6.3081617,-1.9781616,0.45183837,-1.8981616,0.03183838,-0.4981616,0.65183836,0.7618384,-2.9681616,1.2218384,4.1318383,2.8018384
-0.048161622,-3.1181617,-0.33816162,-1.4681616,-2.9281616,-3.6181617,-3.0381615,-1.6681616,2.9818385,2.2418385,2.5718384,0.15183838,1.6318383,1.9918383,0.65183836,-1.1381617,-3.2081616,-2.6481616,-3.4681616,-2.6281617,-2.9781616,-3.7781615,-3.4981616,-4.1781616,-4.5781617,-4.1481614,-2.8181617,-0.8681616,-0.9981616,-1.4181616,0.78183836,0.7018384,-1.1681616,0.36183837,-2.2181616,-2.2781615,0.13183838,2.3318384,1.4218384,1.9218384,1.3918384,0.9218384,0.32183838
-1.3681617,-1.2181616,-0.7581616,-1.9181616,-1.4381616,-3.4081616,-2.3381617,-1.5781616,-1.5781616,-1.2681617,-1.5681616,-2.2281616,-1.8081616,-1.3681617,1.5118384,0.11183838,-1.9881616,-2.3881617,-3.3381617,-3.2281616,-2.7081616,-3.3081617,-3.0181615,-3.9181616,-4.1581616,-3.8381617,-3.4481616,-4.0281615,-1.4581616,-1.4381616,-3.3281617,-3.1381617,-2.7381616,-2.7981615,-1.1481616,-2.4081616,-1.1181617,0.4318384,2.8018384,3.4718385,2.6718383,2.4618385,1.7418383
-0.33816162,-0.7981616,0.021838378,1.0418384,2.1418383,-0.4381616,-0.8081616,-0.42816162,-0.77816164,-0.6281616,-1.7881616,-0.7381616,-1.3381616,-1.7081616,2.0118384,1.4218384,-0.65816164,-0.58816165,-1.5781616,-1.9581616,-2.9781616,-2.8481617,-2.7581615,-2.6781616,-2.8381617,-2.5381615,-4.1681614,-5.3781614,-5.6981616,-5.4481616,-3.6381617,-3.3981616,-4.8981614,-3.5781617,-1.8581616,-2.7781615,-2.4181616,-0.4681616,0.26183838,1.0818384,0.33183837,2.8418384,0.72183836
0.85183835,0.10183838,-0.83816165,1.0918384,3.5218384,2.5718384,1.3118384,2.0618384,0.7918384,0.9518384,-0.65816164,-1.1981616,-0.18816163,-0.9881616,-0.33816162,0.71183836,1.2718384,1.0118384,-2.4681616,-1.2081616,-2.9481616,-3.2681615,-2.3881617,-3.1481616,-3.4081616,-4.1381617,-3.3581617,-3.8981616,-3.7981615,-3.7781615,-3.8681617,-4.8581614,-3.7781615,-4.9881616,-3.2881615,-2.5381615,-1.6881616,-2.8481617,-2.0281615,-1.1081616,0.6118384,0.96183836,0.7018384
2.4818385,0.9418384,-0.18816163,0.46183836,0.6218384,0.9318384,-1.2181616,2.3218384,2.5918384,1.2318383,-0.44816163,-0.5681616,-0.52816164,0.45183837,0.36183837,-0.9881616,0.22183838,-0.3481616,-0.15816163,-1.9081616,-3.0081615,-2.6481616,-2.5981617,-3.1281617,-2.9881616,-3.5281615,-3.0381615,-3.4081616,-2.4781616,-3.1481616,-3.3581617,-3.5381615,-4.6181617,-4.4181614,-2.6581616,-2.0881617,-1.8881617,-1.9681616,-1.1281617,-1.1881616,-0.8581616,0.59183836,0.9318384
