wind_kz.json
{"header": {"discipline":0,"disciplineName":"Meteorological products","gribEdition":2,"gribLength":948,"center":7,"centerName":"US National Weather Service - NCEP(WMC)","subcenter":0,"refTime":"2023-09-28T12:00:00.000Z","significanceOfRT":1,"significanceOfRTName":"Start of forecast","productStatus":0,"productStatusName":"Operational products","productType":1,"productTypeName":"Forecast products","productDefinitionTemplate":0,"productDefinitionTemplateName":"Analysis/forecast at horizontal level/layer at a point in time","parameterCategory":0,"parameterCategoryName":"UnknownDiscipline_0_Category_0","parameterNumber":0,"parameterNumberName":"UnknownParameter_D0_C0_0","parameterUnit":"Unknown","genProcessType":2,"genProcessTypeName":"Forecast","forecastTime":240,"surface1Type":1,"surface1TypeName":"Ground or water surface","surface1Value":0.0,"surface2Type":255,"surface2TypeName":"Missing","surface2Value":0.0,"gridDefinitionTemplate":0,"gridDefinitionTemplateName":"Latitude_Longitude","numberPoints":615,"shape":6,"shapeName":"Earth spherical with radius of 6,371,229.0 m","gridUnits":"degrees","resolution":48,"winds":"true","scanMode":64,"nx":41,"ny":15,"basicAngle":0,"lo1":47.0,"la1":41.0,"lo2":87.0,"la2":55.0,"dx":1.0,"dy":1.0}, "data":
[rows 0 to 14 of 15, columns 0 to 40 of 41]
290.32642,279.02643,282.92642,293.2264,293.1264,292.32642,295.1264,300.42642,300.1264,302.92642,302.02643,303.32642,301.92642,301.1264,301.2264,301.32642,300.32642,299.6264,300.2264,300.6264,301.52643,296.52643,297.42642,293.7264,295.1264,296.92642,291.6264,280.1264,278.92642,276.6264,274.42642,274.82642,287.92642,293.82642,294.42642,294.32642,294.7264,294.52643,294.6264,293.82642,293.2264
268.32642,286.32642,293.02643,293.2264,293.1264,291.42642,298.02643,297.1264,300.32642,301.92642,301.82642,300.52643,300.6264,299.82642,300.1264,300.52643,300.2264,299.52643,296.52643,298.2264,298.42642,297.2264,294.7264,285.82642,272.42642,274.32642,285.02643,279.32642,280.52643,271.2264,279.32642,268.52643,279.7264,249.82642,276.6264,291.1264,288.1264,290.52643,294.1264,286.92642,284.32642
282.7264,292.6264,293.02643,292.6264,290.92642,295.82642,300.1264,299.6264,300.32642,299.32642,297.02643,297.1264,298.02643,299.32642,298.6264,299.7264,299.1264,298.6264,297.82642,297.42642,296.52643,296.32642,296.02643,291.02643,293.82642,290.92642,290.7264,290.52643,289.1264,281.1264,266.6264,273.42642,280.2264,280.7264,281.7264,279.6264,271.2264,276.42642,278.32642,273.92642,273.6264
285.52643,291.92642,292.7264,291.82642,289.92642,289.1264,291.6264,298.82642,295.2264,295.2264,295.7264,293.52643,289.82642,289.42642,298.6264,298.2264,297.82642,298.32642,298.6264,297.82642,296.82642,293.02643,296.42642,296.2264,296.32642,295.52643,295.92642,293.02643,291.1264,291.32642,291.52643,288.1264,292.52643,290.1264,287.02643,282.32642,272.42642,269.42642,277.82642,287.2264,290.7264
286.6264,290.82642,291.42642,290.52643,289.2264,287.82642,288.6264,289.92642,289.02643,290.2264,290.42642,290.1264,288.6264,287.6264,287.02643,298.2264,297.92642,297.92642,297.6264,297.42642,297.82642,297.7264,296.1264,295.92642,295.42642,295.02643,292.6264,290.82642,292.52643,291.42642,293.92642,290.42642,277.82642,265.82642,278.7264,287.52643,289.52643,293.32642,293.6264,293.92642,293.32642
292.32642,286.7264,289.52643,290.42642,290.52643,290.1264,287.7264,288.1264,287.42642,289.32642,289.1264,290.42642,288.92642,288.82642,291.1264,296.42642,298.02643,297.42642,297.52643,297.82642,296.6264,296.1264,295.32642,294.6264,294.42642,292.2264,291.92642,286.6264,292.6264,292.32642,290.1264,292.52643,290.32642,287.7264,284.42642,286.82642,280.2264,283.02643,290.1264,291.32642,290.92642
291.02643,291.82642,286.52643,287.7264,287.32642,286.02643,287.6264,287.42642,287.02643,288.02643,289.02643,289.1264,290.6264,292.6264,294.02643,294.6264,295.82642,296.7264,297.02643,296.2264,295.42642,295.6264,294.7264,294.52643,292.82642,292.42642,290.52643,290.92642,290.92642,290.7264,290.2264,289.6264,289.52643,290.2264,288.02643,286.1264,281.42642,279.7264,278.6264,276.6264,286.1264
288.92642,287.1264,289.52643,287.92642,285.82642,285.92642,286.7264,285.82642,285.92642,287.1264,287.32642,288.82642,290.42642,291.32642,293.82642,295.02643,294.2264,295.42642,295.92642,293.6264,293.6264,293.82642,293.6264,292.7264,291.92642,288.92642,287.7264,287.6264,288.42642,287.82642,287.52643,288.1264,286.02643,283.92642,282.7264,285.1264,286.02643,284.92642,287.2264,285.42642,281.2264
286.02643,286.42642,286.7264,287.6264,287.02643,286.02643,285.1264,285.02643,284.7264,286.02643,287.1264,288.92642,289.7264,293.2264,292.82642,294.1264,293.6264,294.2264,293.92642,293.02643,291.7264,291.42642,292.2264,291.52643,289.32642,289.52643,287.2264,285.7264,285.42642,284.6264,285.42642,286.82642,286.02643,286.52643,284.2264,282.42642,282.82642,281.6264,270.52643,271.1264,268.6264
285.92642,285.02643,284.82642,285.02643,285.7264,286.2264,286.32642,286.1264,284.52643,282.82642,284.02643,285.52643,288.2264,290.52643,291.92642,292.82642,292.92642,293.6264,293.6264,292.42642,291.6264,291.82642,292.42642,292.32642,291.02643,288.92642,288.7264,288.02643,288.02643,286.02643,286.7264,287.6264,288.92642,286.7264,285.32642,283.2264,281.7264,276.1264,271.42642,272.1264,268.7264
285.1264,284.82642,284.82642,283.92642,283.7264,283.7264,284.1264,284.6264,283.92642,284.42642,282.32642,282.2264,284.32642,286.2264,288.1264,289.92642,291.1264,291.42642,292.32642,291.2264,290.92642,289.82642,289.82642,289.6264,288.7264,288.42642,287.1264,288.7264,288.32642,288.42642,287.52643,288.82642,286.82642,287.6264,286.2264,282.6264,278.52643,276.6264,276.7264,276.6264,273.02643
283.6264,284.2264,283.92642,283.82642,283.2264,282.6264,282.02643,281.92642,282.32642,282.32642,282.92642,282.42642,281.42642,280.52643,281.02643,285.02643,286.1264,286.2264,290.52643,290.2264,289.32642,288.7264,287.82642,287.7264,286.7264,287.42642,287.1264,287.32642,287.7264,286.82642,286.2264,286.02643,287.6264,284.7264,285.1264,283.42642,282.42642,282.1264,280.2264,280.2264,280.02643
280.02643,281.42642,282.2264,282.6264,282.42642,281.92642,282.32642,281.92642,281.1264,280.1264,279.02643,276.32642,279.52643,278.82642,278.6264,278.82642,280.02643,281.82642,282.82642,285.1264,287.02643,287.92642,286.42642,285.92642,287.1264,287.82642,287.7264,286.2264,285.6264,285.32642,285.6264,285.42642,285.02643,284.42642,284.1264,283.52643,282.32642,284.02643,281.1264,280.2264,281.02643
279.6264,280.2264,282.52643,279.6264,279.82642,279.7264,279.2264,279.1264,280.02643,279.42642,277.02643,276.7264,279.2264,279.1264,279.92642,281.2264,281.02643,279.32642,279.2264,280.7264,282.6264,284.2264,286.1264,287.1264,287.82642,288.32642,286.82642,286.32642,284.82642,284.32642,284.02643,283.82642,283.7264,282.1264,282.52643,281.32642,281.7264,281.6264,281.32642,280.1264,279.92642
279.02643,280.6264,284.1264,279.02643,278.92642,278.1264,277.02643,276.32642,277.1264,277.42642,277.52643,276.52643,274.52643,276.92642,278.82642,280.1264,280.02643,280.42642,281.52643,280.82642,279.82642,281.2264,283.02643,284.7264,286.82642,287.02643,286.82642,285.7264,284.52643,283.32642,282.82642,283.2264,282.42642,282.02643,281.42642,281.92642,281.7264,280.7264,281.2264,280.92642,280.52643
