wind_kz.json
{"header": {"discipline":0,"disciplineName":"Meteorological products","gribEdition":2,"gribLength":1025,"center":7,"centerName":"US National Weather Service - NCEP(WMC)","subcenter":0,"refTime":"2023-09-24T00:00:00.000Z","significanceOfRT":1,"significanceOfRTName":"Start of forecast","productStatus":0,"productStatusName":"Operational products","productType":1,"productTypeName":"Forecast products","productDefinitionTemplate":0,"productDefinitionTemplateName":"Analysis/forecast at horizontal level/layer at a point in time","parameterCategory":2,"parameterCategoryName":"UnknownDiscipline_0_Category_2","parameterNumber":3,"parameterNumberName":"UnknownParameter_D0_C2_3","parameterUnit":"Unknown","genProcessType":2,"genProcessTypeName":"Forecast","forecastTime":60,"surface1Type":103,"surface1TypeName":"Specified height level above ground","surface1Value":10.0,"surface2Type":255,"surface2TypeName":"Missing","surface2Value":0.0,"gridDefinitionTemplate":0,"gridDefinitionTemplateName":"Latitude_Longitude","numberPoints":615,"shape":6,"shapeName":"Earth spherical with radius of 6,371,229.0 m","gridUnits":"degrees","resolution":48,"winds":"true","scanMode":64,"nx":41,"ny":15,"basicAngle":0,"lo1":47.0,"la1":41.0,"lo2":87.0,"la2":55.0,"dx":1.0,"dy":1.0}, "data":
[rows 0 to 14 of 15, columns 0 to 40 of 41]
1.6455054,-0.08449463,-0.08449463,-1.2044946,-3.5644946,-5.0244946,-3.2844946,-1.5344946,-2.4044945,-3.5244946,-5.0144944,-4.2944946,-3.0944946,-2.6944947,-4.7744946,-5.7844944,-4.634495,-3.3944945,-4.054495,-2.3844945,-1.5644946,-3.4044945,-3.4644947,0.54550534,2.9255054,1.6155053,0.65550536,0.6855054,-2.2144947,-2.8544946,-1.5944946,1.4355054,-0.60449463,1.9755054,0.83550537,-0.66449463,-0.91449463,-0.85449463,0.23550537,1.7455053,0.58550537
-1.6844946,2.4055054,1.6055053,-1.5144947,-3.2344947,-5.4844947,-1.1944946,-1.6444947,-2.5544946,-4.054495,-5.0044947,-4.1744947,-5.3144946,-5.0444946,-5.7244945,-4.344495,-4.4444947,-4.3944945,-4.614495,-2.5444946,-3.0144947,-1.8344946,-1.9544946,-1.8744947,2.8455055,0.91550535,1.1055053,2.0755053,-1.0744946,-2.0644946,-0.52449465,-2.1644945,-2.3944945,-3.4144945,0.54550534,4.3255053,2.2955053,1.4655054,-0.49449462,0.78550535,1.5755054
1.4455054,3.1655054,1.4455054,0.24550538,0.59550536,0.5555054,0.03550537,-1.9244946,-2.2144947,-3.6644945,-5.9144945,-6.904495,-7.134495,-4.9344945,-5.844495,-6.884495,-6.864495,-6.5344944,-2.9944947,-0.9344946,-4.7344947,-5.1844945,-4.4144945,-1.5344946,-1.5644946,-0.72449464,-0.8644946,0.32550538,0.7655054,-1.3344946,-0.9244946,-1.5844946,-2.1144946,-3.2044947,-1.1344947,-1.3444946,-1.9644946,-4.2244945,-1.3344946,0.60550535,0.16550536
1.0455054,2.0355053,1.1855054,-0.51449466,0.5655054,-0.11449463,-0.9944946,-2.1844947,-2.6444945,-2.6144946,-3.2044947,-5.804495,-6.7844944,-8.574494,-6.1244946,-5.5144944,-5.5144944,-5.884495,-6.6044946,-6.094495,-4.9444947,-3.6644945,-0.8844946,-1.6844946,-1.9044946,-3.0744946,-2.6044946,-2.4144945,-2.3944945,-3.3944945,-3.3444946,-3.1844947,1.4355054,0.52550536,-0.47449464,0.6255054,0.36550537,1.9655054,-1.5244946,-1.3844947,-2.2644947
0.6155054,0.15550537,-1.6744946,-3.9944947,-4.4244947,-0.85449463,-2.0144947,-1.8244946,-2.4744947,-3.4944947,-2.5844946,-2.8244946,-5.2844944,-6.0444946,-5.1844945,-5.5044947,-5.5344944,-5.1444945,-5.1844945,-4.2544947,-2.9844947,-2.0044947,-1.7844946,-1.6444947,-1.0744946,-1.9644946,-3.0244946,-6.3944945,-2.8344946,-3.2944946,-4.4844947,-4.5144944,-2.3144946,-1.4244946,-1.2044946,1.7655053,-7.1744947,5.155505,-0.05449463,0.53550535,2.5255053
0.7555054,1.4255054,-0.7544946,-1.1844946,-1.7544947,-4.0044947,-1.4044946,-1.8744947,-2.0644946,-2.8144946,-3.0044947,-3.0544946,-0.91449463,-3.0344946,-6.8344946,-4.804495,-5.1644945,-4.574495,-4.5044947,-3.5044947,-2.5944946,-2.6744947,-2.5644946,-2.2444947,-2.4444947,-1.2744946,1.1055053,-2.4144945,-2.5944946,-2.7144947,-2.2644947,-2.3044946,-3.8744946,-3.3044946,-1.5144947,0.77550536,-0.27449462,-5.384495,-3.3244946,-7.8144946,-0.7444946
0.015505371,0.7655054,0.6955054,1.5855054,2.9555054,-1.6244947,-0.90449464,-0.91449463,-1.4444946,-1.9644946,-2.2944946,-2.6044946,-2.9044945,-3.9744947,-4.074495,-4.4744945,-4.574495,-3.6344945,-3.2544947,-3.0144947,-2.3344946,-2.1844947,-2.2744946,-2.6444945,-1.8244946,-0.5644946,-1.3444946,-1.9044946,-1.9244946,-2.3444946,-2.7244947,-5.3744946,-5.5644946,-4.9244947,-4.094495,-3.3844945,-2.9944947,-2.8744946,-4.824495,-0.8744946,-1.9144946
0.64550537,0.77550536,0.21550538,-0.6944946,-1.0944946,-1.2144946,-2.1744947,-1.6944946,-0.8644946,-1.3144946,-2.6844947,-2.3344946,-2.2044947,-3.8944945,-2.8744946,-4.0044947,-2.6344945,-3.3344946,-2.4844947,-2.7944946,-1.2944946,-2.6044946,-1.8744947,-2.1144946,-2.4544947,-2.6844947,-3.4944947,-3.7744946,-3.4044945,-4.5244946,-3.7344947,-4.6744947,-4.9244947,-5.1644945,-4.634495,-5.7244945,-5.884495,-7.6644945,-1.4944947,1.0055053,0.32550538
-0.4344946,-1.4844947,-0.41449463,-1.6844946,-1.7244946,-2.9944947,-0.38449463,-2.2344947,-0.38449463,-2.3044946,-3.4544947,-3.6744947,-3.7044947,-2.7544947,-3.7544947,-2.6144946,-2.8944945,-2.2444947,-2.1044946,-1.8744947,-3.0644946,-2.6444945,-2.6144946,-2.8644946,-2.8044946,-2.4144945,-2.5644946,-3.1544945,-3.6544945,-4.0144944,-1.7744946,-3.4144945,-2.5344946,-3.2344947,-2.6444945,-3.4144945,-4.4944944,-5.384495,-4.8544946,-3.6444945,-1.6044946
-1.7044946,-2.0144947,-1.9244946,-2.6144946,-3.0844946,-0.6344946,0.40550536,-2.0744946,-1.2944946,-1.2144946,-2.3644946,-4.054495,-5.1044946,-2.5844946,-4.4644947,-3.7144947,-2.8544946,-2.5544946,-2.4844947,-1.0444946,-1.2544947,-2.3944945,-2.0344946,-1.8444946,-2.0844946,-2.2044947,-1.9844947,-1.8044946,-2.4844947,-3.1344945,-0.7544946,-0.10449463,-0.45449463,-2.1244946,-3.1044946,-3.5144947,-1.8644947,-3.5544946,-3.0944946,-0.5544946,-1.3044946
-3.1644945,-2.2444947,-2.4044945,-2.5544946,-2.5344946,-4.8344946,-1.4644946,-4.7944946,-3.8244946,-3.8244946,-0.36449462,-1.1244947,-4.3744946,-4.9744945,-4.9944944,-4.5444946,-4.1444945,-4.3344946,-3.4444947,-1.2644947,-1.3144946,-1.6244947,-1.7544947,-2.2144947,-1.7244946,-1.7544947,-1.9144946,-1.5644946,-2.0844946,-2.6244946,1.0455054,1.7355053,0.54550534,-0.8844946,-2.4544947,-3.2744946,-1.0044947,0.9955054,-0.52449465,-1.4244946,-2.0244946
-0.18449463,-3.1744947,-1.9444946,-2.1444945,-3.9544947,-4.344495,-3.4344947,-3.9744947,-4.4544945,-4.804495,-4.824495,-4.384495,-5.4744945,-4.6044946,-4.4844947,-4.6444945,-4.6744947,-4.7544947,-3.8144946,-3.4844947,-2.6344945,-2.1644945,-1.8344946,-0.76449466,-1.1244947,-1.1244947,-1.4644946,-2.5144947,-1.7744946,-0.8244946,2.6055055,2.9455054,1.6255053,1.7155054,0.60550535,-0.72449464,-0.29449463,-0.90449464,-0.07449463,0.44550538,0.32550538
-1.5644946,-0.7944946,-1.9444946,-1.6644946,-1.9544946,-2.5444946,-2.4044945,-4.324495,-5.7344947,-4.844495,-2.7844946,-2.9944947,-3.2344947,-4.4844947,-5.2544947,-4.0644946,-4.2244945,-4.614495,-4.5444946,-3.6344945,-3.1644945,-2.2844946,-1.6344947,-1.8344946,-1.8944947,-2.2344947,-2.5644946,-1.8144946,-0.11449463,1.7055054,3.2455053,3.4655054,2.2555053,2.1855054,1.8855053,1.6555054,0.5755054,2.2355053,2.8255053,2.2355053,1.1055053
-0.02449463,-1.4444946,-0.49449462,-1.8344946,-2.9244947,-2.7344947,-2.3844945,-1.9344946,-1.6644946,-2.2944946,-2.0444946,-2.7144947,-4.4544945,-5.2744946,-5.0344944,-3.8144946,-4.0444946,-3.4144945,-3.4544947,-3.5044947,-3.5144947,-4.4544945,-4.4844947,-3.8644946,-2.1244946,-1.1644946,-0.97449464,-0.5044946,1.6655054,3.5855055,4.425505,4.0155053,3.5955055,3.1255054,2.4555054,2.7855053,1.6255053,1.1455054,-0.11449463,-0.5544946,0.6955054
-1.4444946,0.26550537,1.5655054,-2.4144945,-2.7344947,-3.2044947,-3.4244947,-3.3644946,-3.3544946,-3.2344947,-2.2544947,-3.2844946,-1.6744946,-2.4444947,-4.884495,-4.3144946,-3.6244946,-4.7144947,-4.634495,-3.6744947,-3.3444946,-3.8444946,-3.5244946,-3.2544947,-3.5344946,-3.0844946,-1.9044946,0.18550538,1.2255054,3.7855053,5.2555056,5.7355056,3.3255053,3.3855054,3.1055055,2.9255054,2.1755054,0.9355054,0.10550537,0.35550538,-0.37449464
