wind_kz.json
{"header": {"discipline":0,"disciplineName":"Meteorological products","gribEdition":2,"gribLength":1025,"center":7,"centerName":"US National Weather Service - NCEP(WMC)","subcenter":0,"refTime":"2023-09-26T00:00:00.000Z","significanceOfRT":1,"significanceOfRTName":"Start of forecast","productStatus":0,"productStatusName":"Operational products","productType":1,"productTypeName":"Forecast products","productDefinitionTemplate":0,"productDefinitionTemplateName":"Analysis/forecast at horizontal level/layer at a point in time","parameterCategory":2,"parameterCategoryName":"UnknownDiscipline_0_Category_2","parameterNumber":2,"parameterNumberName":"UnknownParameter_D0_C2_2","parameterUnit":"Unknown","genProcessType":2,"genProcessTypeName":"Forecast","forecastTime":120,"surface1Type":103,"surface1TypeName":"Specified height level above ground","surface1Value":10.0,"surface2Type":255,"surface2TypeName":"Missing","surface2Value":0.0,"gridDefinitionTemplate":0,"gridDefinitionTemplateName":"Latitude_Longitude","numberPoints":615,"shape":6,"shapeName":"Earth spherical with radius of 6,371,229.0 m","gridUnits":"degrees","resolution":48,"winds":"true","scanMode":64,"nx":41,"ny":15,"basicAngle":0,"lo1":47.0,"la1":41.0,"lo2":87.0,"la2":55.0,"dx":1.0,"dy":1.0}, "data":
[rows 0 to 14 of 15, columns 0 to 40 of 41]
-0.64735353,-0.8073535,1.5426465,-4.1573534,-7.2373533,-7.4773536,-4.8973536,-4.9073534,-6.5273533,-3.0773535,-4.1573534,-4.2373533,-3.8373535,-3.5973535,-1.6273535,-2.6473534,-1.7973535,-1.3473535,-3.2773535,-3.7173536,-2.6573534,-0.3573535,-2.1773536,-1.4173535,-0.20735352,-1.5673535,-2.4573536,0.2726465,1.1926465,0.5726465,0.99264646,0.08264648,0.13264649,-0.09735352,-0.28735352,1.2226465,1.5426465,2.3126464,1.2526464,-0.43735352,-2.7973535
1.4326465,-0.077353515,-5.6073537,-6.7473536,-6.4773536,-5.6173534,-3.9573536,-5.2773533,-4.6773534,-4.6873536,-3.7073536,-4.1273537,-3.3473535,-2.2973535,-1.9873536,-3.4473536,-2.7273536,-2.8673534,-2.3773534,-3.0573535,-2.5073535,-2.4373536,-1.8473535,-2.5473535,0.6226465,0.8926465,-0.9173535,1.7326465,-0.12735352,-0.37735352,0.3026465,-0.077353515,0.5726465,-2.2073536,0.34264648,-0.6773535,-0.64735353,-0.037353516,-1.5073535,0.5026465,-2.6573534
-1.2573535,-7.2373533,-5.9873533,-7.1573534,-6.1073537,-4.6873536,-3.7473536,-2.6873536,-3.8673534,-3.4673536,-3.4773536,-3.1773536,-2.6373534,-2.7073536,-2.8873534,-3.1673536,-4.2273536,-2.9673536,-2.4373536,-2.1173534,-1.3773535,-2.6673536,-2.5073535,-1.6373535,0.6326465,0.8426465,0.0026464844,-0.6173535,-1.3473535,-0.4473535,-1.5273535,1.6126465,-0.8673535,-1.0073535,0.102646485,0.16264649,-0.7273535,-0.82735354,3.3626466,2.3626466,1.1126465
-5.3073535,-7.8573537,-6.3673534,-5.9473534,-4.7273536,-3.6173534,-2.3673534,-2.6373534,-1.3473535,-1.5073535,-1.0173535,-1.5173535,-1.4873536,-2.0073535,-1.9773536,-1.5873535,-1.5773535,-0.39735353,0.8826465,0.99264646,0.13264649,0.92264646,-0.5973535,0.4526465,0.28264648,-0.057353515,-0.027353516,-0.9273535,-0.24735351,0.032646485,-3.0273535,-2.9473536,-3.0273535,-2.3473535,-2.6173534,-2.6073534,-1.0473535,1.2726464,-0.4573535,-0.9873535,0.54264647
-5.4973536,-6.9773536,-7.4473534,-6.6773534,-4.6373534,-3.6973536,-3.3373535,-1.7673535,-2.4273536,-1.7973535,-1.3973535,1.9326465,2.5026464,2.6726465,1.9626465,1.2226465,2.0026464,1.6426464,2.3226464,2.6526465,2.5226464,1.4326465,1.5526465,1.0526465,-0.117353514,-1.5973535,-2.2073536,1.1226465,1.9126465,1.9126465,1.3826464,-1.3573536,-1.1673535,1.6026465,1.0226464,-0.6673535,0.7626465,0.79264647,0.8126465,2.3526466,2.2526464
-4.5573535,-3.8673534,-5.2573533,-4.4473534,-4.2373533,-3.4473536,-2.3173535,-1.5773535,-0.7173535,0.062646486,0.5726465,1.4826465,2.2426465,2.9626465,4.1426463,3.6526465,3.7026465,3.4126465,3.5526464,3.2026465,3.1026466,3.0226464,3.3026464,2.6026466,2.3426466,1.2926465,1.3626465,1.1726465,2.1626465,1.6326464,-2.0273535,-2.5573535,-2.8073535,-2.2273536,-1.8873535,-1.0373535,0.25264648,0.8826465,3.4426465,-2.5673535,-3.8473535
-2.5773535,-2.2373536,-1.7573535,-1.5273535,-1.2173535,-0.7273535,0.16264649,0.032646485,1.1826465,1.7126465,2.0126464,2.2726464,2.3026464,3.1026466,3.2726464,3.3226464,3.5626464,4.0426464,3.8926466,3.5726464,3.9326465,3.6826465,3.0826464,3.0826464,2.6126466,2.0526464,2.5926466,1.3226465,-0.17735352,-3.3273535,-2.5973535,-2.3173535,-2.2473536,-1.5173535,-2.5873535,-1.5273535,-1.2973535,2.2226465,-0.077353515,-0.57735354,0.102646485
0.17264648,0.2726465,1.3926464,1.8026465,1.6226465,1.8026465,1.9326465,1.9626465,2.3826466,2.3026464,1.7826465,1.7926465,1.0926465,0.6226465,1.5526465,1.2226465,-1.1373535,-0.5673535,0.44264647,2.7226465,4.1426463,3.1526465,6.2126465,3.9526465,2.8826466,1.2826465,1.3926464,1.1826465,1.0026464,1.5226464,1.3726465,1.9926465,0.6226465,0.79264647,0.4226465,3.2126465,4.1926465,-0.23735352,-2.4173536,-1.7173535,-1.1673535
1.3226465,2.2426465,2.6526465,2.5126464,2.5726464,2.6126466,2.7326465,2.0326464,2.0726464,1.9926465,1.3426465,-0.19735351,0.9126465,0.22264649,-1.6373535,-2.4673536,-2.4073534,-1.6573535,-0.6673535,-0.2573535,1.9126465,3.1326466,1.9926465,2.0626464,5.0526466,2.0326464,-0.8773535,0.12264648,0.5926465,-0.017353516,1.8626465,0.55264646,2.0226464,0.24264649,0.85264647,0.9526465,0.98264647,-0.9973535,-1.1173536,0.37264648,-0.037353516
1.3326465,2.2326465,2.4626465,2.5726464,2.2826464,2.3526466,2.0526464,2.0026464,1.8526465,1.1426464,0.16264649,-0.3573535,0.3626465,-0.43735352,-2.7973535,-1.7273536,-1.2873535,-0.5973535,0.19264649,0.67264646,1.1626465,1.5026464,2.1626465,2.3926466,-1.3673536,-1.4973536,0.012646484,1.4926465,1.5326465,-1.1173536,0.18264648,2.1426466,1.2926465,1.4426465,0.3026465,0.74264646,0.7226465,-0.2673535,-0.57735354,0.8126465,-0.5473535
1.3226465,1.8026465,1.5826465,1.2526464,1.8726465,1.5026464,1.7926465,-0.20735352,-1.1673535,-1.1773535,-0.76735353,0.20264648,1.2026465,-1.9273535,-1.6973535,-1.4373535,-0.39735353,0.37264648,1.3926464,0.102646485,-0.5373535,-1.1273535,-0.3873535,-0.8773535,-1.8773535,-1.3873535,-0.5373535,-1.4173535,0.062646486,0.46264648,1.3226465,2.0726464,1.2826465,0.6926465,0.6426465,-0.8373535,-0.21735352,-0.027353516,0.08264648,0.55264646,1.3826464
0.8226465,1.5426465,2.2126465,1.7426465,1.9026465,0.6426465,0.2626465,-0.31735352,-0.5873535,-1.4173535,-1.1273535,0.7126465,-1.5273535,-1.8773535,-1.7673535,-0.7973535,0.55264646,0.3326465,-0.89735353,-0.12735352,-0.6173535,-0.7473535,-0.9873535,-2.2073536,-2.5073535,-2.5173535,-2.2973535,-0.8673535,-0.9373535,-1.5773535,-1.5273535,-0.51735353,0.09264649,0.23264648,1.1226465,2.2526464,1.4726465,1.2726464,1.6926465,0.79264647,1.2626464
1.3926464,1.4726465,1.6826465,1.3826464,1.3526465,-0.037353516,-0.2973535,-0.36735353,-0.69735354,-1.2973535,-0.75735354,0.22264649,0.9026465,-1.4873536,-1.5673535,-0.7373535,0.3226465,0.042646483,-0.5373535,-0.5473535,-1.7573535,-1.6473535,-1.5473535,-1.7073535,-1.8673536,-2.1573534,-2.0873535,-1.8373535,0.042646483,-1.2973535,-0.17735352,0.86264646,1.5026464,2.2426465,1.8726465,2.2326465,2.1126466,1.1826465,2.8326464,2.8426466,2.1526465
2.0726464,1.8726465,1.2926465,1.8726465,0.35264647,0.34264648,0.3226465,-0.22735351,0.032646485,-0.39735353,-0.89735353,-0.6073535,0.8326465,-0.57735354,-0.36735353,0.61264646,-0.43735352,-1.3373535,-1.7673535,-1.4873536,-1.5673535,-1.8573536,-1.9073535,-2.4673536,-2.3773534,-2.4073534,-2.1573534,-1.9273535,-1.9073535,-0.5573535,-0.2573535,0.2626465,0.37264648,1.6026465,1.8326465,2.0026464,1.7626464,2.1926465,2.0726464,2.4626465,1.8626465
0.7226465,2.1226466,2.3726466,1.6626465,1.3726465,0.67264646,1.2726464,-0.23735352,-0.23735352,-1.1773535,-0.8673535,0.3226465,0.47264647,-0.107353516,-0.12735352,-0.047353517,-1.3573536,-1.7373536,-1.4273535,-2.3173535,-2.6173534,-2.1073534,-1.9373535,-2.1673536,-2.3173535,-2.1473534,-2.1173534,-2.6573534,-2.3873534,-2.0273535,-2.1073534,-2.2773535,-1.1673535,-0.2973535,-0.7373535,-1.4173535,-0.9673535,0.7026465,2.3126464,2.3426466,0.46264648
