wind_kz.json
{"header": {"discipline":0,"disciplineName":"Meteorological products","gribEdition":2,"gribLength":1025,"center":7,"centerName":"US National Weather Service - NCEP(WMC)","subcenter":0,"refTime":"2024-01-31T06:00:00.000Z","significanceOfRT":1,"significanceOfRTName":"Start of forecast","productStatus":0,"productStatusName":"Operational products","productType":1,"productTypeName":"Forecast products","productDefinitionTemplate":0,"productDefinitionTemplateName":"Analysis/forecast at horizontal level/layer at a point in time","parameterCategory":2,"parameterCategoryName":"UnknownDiscipline_0_Category_2","parameterNumber":2,"parameterNumberName":"UnknownParameter_D0_C2_2","parameterUnit":"Unknown","genProcessType":2,"genProcessTypeName":"Forecast","forecastTime":60,"surface1Type":103,"surface1TypeName":"Specified height level above ground","surface1Value":10.0,"surface2Type":255,"surface2TypeName":"Missing","surface2Value":0.0,"gridDefinitionTemplate":0,"gridDefinitionTemplateName":"Latitude_Longitude","numberPoints":615,"shape":6,"shapeName":"Earth spherical with radius of 6,371,229.0 m","gridUnits":"degrees","resolution":48,"winds":"true","scanMode":64,"nx":41,"ny":15,"basicAngle":0,"lo1":47.0,"la1":41.0,"lo2":87.0,"la2":55.0,"dx":1.0,"dy":1.0}, "data":
[rows 0 to 14 of 15, columns 0 to 40 of 41]
0.1512384,-1.1487616,0.5612384,1.3712384,0.9812384,1.4512384,-0.2187616,-3.7187617,-5.318762,-3.5587616,-4.338762,-5.088762,-5.7187614,-5.318762,-4.818762,-4.4287615,-5.2787614,-6.2587614,-9.168761,-9.688762,-4.4587617,-2.8187616,-2.4887617,-4.7287617,0.3112384,-2.3487616,-3.8687615,-3.1187615,1.7012384,1.1312385,-1.8387616,2.8312385,-0.028761597,0.2912384,0.6412384,1.5712384,1.4112384,1.0512384,1.7812384,-0.47876158,-1.2087616
1.5712384,0.5912384,1.0412384,1.5212384,1.1612384,2.2312384,-0.6687616,-3.1887617,-3.6587615,-4.088762,-3.8587615,-4.9787617,-4.1887617,-4.088762,-3.8987615,-4.7087617,-4.7787614,-5.2387614,-5.2287617,-5.5187616,-4.818762,-3.2687616,-2.2987616,-5.6987615,-1.2287616,1.2912384,-1.8387616,0.3312384,-3.3487616,-1.9887615,0.1412384,-0.83876157,2.7812383,-2.0787616,-0.3187616,0.1212384,0.7112384,0.041238405,-1.4187616,0.041238405,0.8512384
0.1812384,2.7412384,2.6512384,3.0912385,2.6012385,2.4012384,-0.7387616,-1.9287616,-3.8687615,-3.4087615,-2.8087616,-3.4387617,-3.4687617,-3.7187617,-3.6287615,-3.6987617,-4.1787615,-4.2987614,-4.3987617,-4.4487615,-4.2287617,-3.6487615,-3.3187616,-4.0787616,-0.4087616,-1.7687616,-2.3387616,-2.0187616,-2.5687616,-1.0187616,-2.0687616,2.7112384,-0.1187616,-0.5387616,1.0412384,-1.4887615,-0.3387616,0.23123841,3.2012384,1.7612385,-0.8687616
2.8912385,5.2912383,4.9912386,4.5912385,3.4412384,0.8912384,1.0712384,0.1612384,-0.2887616,-0.7987616,-0.8687616,-1.3087616,-1.6787616,-2.3387616,-1.8487616,-2.6587615,-2.6287615,-2.6687615,-2.4887617,-3.2587616,-2.2287617,-1.9587616,-2.9487617,-4.1987615,-3.8887615,-3.9287615,-3.7287617,-3.5987616,-1.5387616,-0.8487616,-1.9187616,-4.7587614,-4.6787615,-2.8887615,-2.7287617,-2.8087616,-2.3187616,3.0512383,0.4212384,-0.2387616,-1.1787616
4.4412384,4.5012383,3.9312384,3.2612383,3.5412383,3.4612384,2.8712385,0.9312384,1.3512384,1.2512383,0.5012384,2.0112383,1.8712384,0.7012384,0.30123842,-0.4987616,-0.7587616,-1.1787616,-1.3587615,-2.0287616,-2.9087615,-3.9687617,-4.0487614,-3.9487617,-4.2687616,-3.6587615,-3.7487617,-1.4787616,-2.5387616,-2.4487617,-1.9087616,-1.6087615,-1.7587616,1.1812384,2.5112383,0.7012384,-3.2887616,-2.0987616,-1.8987616,-2.2887616,-2.9087615
5.2312384,4.6112385,3.7212384,3.4612384,3.3012383,3.2612383,3.5212383,2.7412384,0.5112384,1.7812384,1.7212384,1.4612384,4.4012384,4.4912386,0.9712384,0.3212384,0.5212384,0.1612384,-0.0887616,-1.0487616,-1.8487616,-2.2387617,-2.6387615,-2.7487617,-2.3487616,-1.9687616,-0.5987616,-0.9087616,-1.4187616,-2.8187616,-2.2887616,-3.1187615,-2.3887615,-2.4487617,-1.3187616,-1.4087616,-0.5587616,1.4312384,1.0912384,-1.7787616,-2.4287615
4.0612383,4.6712384,4.871238,4.2912383,3.5112383,3.1412385,3.1712384,2.5512383,2.0612383,2.1412385,2.4212384,2.0312383,2.7912383,3.6812384,3.4412384,2.0512383,1.5012383,1.9412384,-0.2787616,-0.25876158,1.2312384,0.3312384,0.041238405,-0.038761597,0.4512384,0.3212384,-0.2987616,-0.47876158,-1.1987616,-1.9687616,-1.9087616,-0.9987616,-0.3487616,-1.0587616,-2.6887617,-1.8887616,-0.7487616,1.7012384,1.6112384,0.1512384,-0.3387616
5.391238,5.4412384,5.2612386,4.2912383,3.8812385,2.7212384,2.4412384,1.5012383,3.5312383,3.3012383,4.5112386,5.8012385,5.1012383,5.0512385,3.8612385,4.5812383,3.3412385,2.7212384,1.4912384,1.9612384,3.3512385,2.5412383,2.9512384,2.8012383,2.8612385,0.5412384,1.6312385,-0.9087616,0.3612384,-0.3987616,-0.068761595,1.2212384,-1.1087615,1.4212384,2.6812384,1.6312385,1.4412384,-2.6587615,-4.1387615,-5.1987615,-2.3287616
5.6512384,5.6712384,4.7212386,4.7712383,3.1212385,2.3812385,2.7812383,2.2012384,3.4812384,3.9712384,4.681238,5.9212384,7.141238,5.0012383,5.0412383,3.3812385,4.0212383,4.0612383,4.1312385,3.9412384,5.181238,4.2812386,4.1112385,2.5612383,0.9512384,0.6312384,-0.8187616,-0.4987616,1.1012384,0.5912384,2.7812383,2.5012383,6.9812384,3.0012383,0.9812384,-1.6087615,-0.5087616,-0.4087616,0.0912384,0.9512384,0.6012384
5.6112385,5.4412384,5.4512386,5.0312386,4.391238,3.7812383,3.6812384,3.6212385,2.7412384,3.6012385,4.6112385,5.1512384,5.8312383,5.0712385,4.871238,4.2312384,3.8712385,2.7312384,3.4512384,3.1912384,5.2412386,2.0812385,1.0612384,1.0212384,-0.3787616,-0.3887616,0.3512384,0.9212384,0.8812384,1.7512383,1.1312385,4.121238,3.2912383,3.4512384,0.9212384,0.7312384,-1.3587615,-0.9787616,1.9412384,0.3712384,0.20123841
3.6712384,6.1112385,5.2312384,5.2212386,3.8512385,3.0612383,2.9512384,3.5812385,3.4912384,3.4812384,3.3012383,4.4412384,2.1312385,4.4412384,2.7812383,2.4912384,1.5612384,0.9712384,0.8512384,0.7212384,-0.3587616,-2.0087616,-2.0687616,-1.3887616,-0.9187616,-0.8587616,1.1212384,1.5912384,2.1312385,0.91123843,4.1312385,2.3612385,2.5312383,1.7212384,1.3912385,1.9012384,2.2112384,-0.2187616,-1.3887616,1.5112385,-0.3287616
5.4912386,3.7612383,6.2412386,5.1012383,3.4112384,3.2512383,2.7612383,2.5712385,2.7512383,0.3612384,0.4212384,1.8612384,1.5912384,1.3112384,0.7812384,0.1912384,-1.1287616,-1.6887616,-1.9487616,-2.4787617,-3.0187616,-2.4487617,-2.8787615,-1.7387615,-0.008761597,0.6412384,1.2812384,1.5012383,2.4412384,3.0312383,3.7112384,3.3212385,2.8912385,1.7112384,1.8112384,3.4712384,4.6512384,3.5412383,1.2012384,-0.44876158,-0.5387616
3.9012384,4.6512384,4.891238,4.5712385,3.2012384,2.3812385,1.7112384,2.3812385,0.7412384,-1.1487616,-0.3387616,0.071238406,0.7612384,-0.1687616,-1.4987617,-2.3087616,-2.4087615,-2.2787616,-2.7087617,-2.3687615,-2.2787616,-1.7287616,-0.2087616,-1.2587616,1.5712384,1.7212384,2.1212385,3.0212383,3.1812384,3.9712384,4.0912385,2.7712383,1.3712384,1.2212384,1.2312384,1.8612384,-0.2787616,0.3312384,-0.1187616,-0.83876157,-1.0987616
3.8112383,4.1712384,4.0012383,4.9412384,2.3812385,2.4012384,3.2512383,1.3612384,0.5112384,0.4212384,-0.7287616,-1.1687616,0.91123843,-0.3687616,-1.3087616,-1.8587615,-2.0887616,-2.2487617,-2.3387616,-2.0587616,-1.8187616,-1.5187616,-0.8987616,0.021238403,0.5712384,-0.5487616,-0.3287616,1.6212384,2.3812385,3.3112383,2.4112384,0.6412384,-0.098761596,-0.5487616,0.051238403,-0.15876159,1.2412384,-0.6287616,-0.9987616,-0.6287616,-0.18876159
2.8812385,2.2112384,5.4712386,4.7912383,2.9912384,2.1512384,0.9712384,0.6912384,0.23123841,-0.1187616,-1.1287616,-1.2387615,-0.7487616,0.1912384,-1.3287616,-1.9287616,-2.2287617,-2.1687615,-2.1387615,-2.2287617,-2.0087616,-1.8787616,-0.8887616,-0.8187616,0.021238403,0.6912384,0.7312384,1.5412384,2.1412385,2.4212384,1.5412384,-0.5987616,-0.4887616,-0.5687616,0.49123842,0.91123843,1.2912384,0.6012384,-1.0787616,-0.7187616,-1.0287616
