wind_kz.json
{"header": {"discipline":0,"disciplineName":"Meteorological products","gribEdition":2,"gribLength":1025,"center":7,"centerName":"US National Weather Service - NCEP(WMC)","subcenter":0,"refTime":"2023-08-22T18:00:00.000Z","significanceOfRT":1,"significanceOfRTName":"Start of forecast","productStatus":0,"productStatusName":"Operational products","productType":1,"productTypeName":"Forecast products","productDefinitionTemplate":0,"productDefinitionTemplateName":"Analysis/forecast at horizontal level/layer at a point in time","parameterCategory":2,"parameterCategoryName":"UnknownDiscipline_0_Category_2","parameterNumber":2,"parameterNumberName":"UnknownParameter_D0_C2_2","parameterUnit":"Unknown","genProcessType":2,"genProcessTypeName":"Forecast","forecastTime":60,"surface1Type":103,"surface1TypeName":"Specified height level above ground","surface1Value":10.0,"surface2Type":255,"surface2TypeName":"Missing","surface2Value":0.0,"gridDefinitionTemplate":0,"gridDefinitionTemplateName":"Latitude_Longitude","numberPoints":615,"shape":6,"shapeName":"Earth spherical with radius of 6,371,229.0 m","gridUnits":"degrees","resolution":48,"winds":"true","scanMode":64,"nx":41,"ny":15,"basicAngle":0,"lo1":47.0,"la1":41.0,"lo2":87.0,"la2":55.0,"dx":1.0,"dy":1.0}, "data":
[rows 0 to 14 of 15, columns 0 to 40 of 41]
-1.1553491,2.334651,-2.7753491,-0.58534914,-2.355349,-1.5353491,-2.075349,0.08465088,-4.1153493,-0.6953491,1.5646509,4.0946507,5.514651,4.004651,1.8446509,0.2546509,-0.95534915,-1.5153491,-2.2953491,-0.8553491,2.114651,2.124651,1.8446509,3.9646509,0.6146509,1.7046509,4.624651,3.5346508,0.4746509,2.0246508,-1.3153491,-0.055349123,-0.6953491,-1.8153491,-2.7453492,-2.325349,-2.575349,-2.415349,-1.0553491,-2.7453492,-2.355349
0.8246509,-2.4253492,-0.9753491,0.5146509,-1.2353492,-0.10534912,2.2146509,1.0546509,4.084651,2.334651,1.4646509,2.364651,5.714651,5.144651,2.844651,1.0246509,-0.8553491,-1.2453492,-0.9953491,0.16465087,1.6146508,2.874651,2.654651,4.524651,1.0446509,-0.04534912,1.5246509,0.3146509,3.3146508,1.8346509,0.43465087,0.71465087,-2.0353491,0.90465087,0.34465086,0.10465088,-0.58534914,-3.125349,-1.9053491,-2.805349,0.85465086
-1.1453491,-0.6753491,-0.065349124,-0.08534912,0.9546509,2.354651,2.7146509,1.8046509,3.4546509,3.604651,3.944651,4.504651,6.0946507,5.464651,2.8046508,0.46465087,-1.2053491,-1.4253491,-0.47534913,0.91465086,1.7846509,5.624651,2.7646508,5.604651,2.614651,3.2746508,3.674651,3.9746509,3.874651,0.54465085,1.8946509,-0.09534912,-2.145349,-1.1753491,-1.9553491,1.6146508,0.9546509,0.3146509,0.6846509,4.184651,1.0946509
2.384651,1.5346509,1.1846509,2.694651,4.754651,3.7546508,3.5446508,4.224651,3.4946508,4.484651,6.054651,7.824651,6.624651,5.014651,0.98465085,-1.1053491,-2.7653491,-2.9753492,-3.595349,-2.5353491,-0.7953491,-1.7153491,4.004651,4.084651,5.084651,5.514651,5.244651,5.234651,6.4246507,1.7346509,-5.435349,-6.0753493,-5.165349,-3.145349,-2.0353491,-0.53534913,1.0846509,0.73465085,-1.7353492,-2.135349,-1.4653491
3.5246508,4.314651,4.704651,3.7346509,4.834651,4.994651,4.214651,5.574651,3.2546508,3.924651,3.184651,2.2346509,1.9346509,-2.895349,-2.5453491,-2.1753492,-1.7153491,-1.7153491,-3.2453492,-3.0253491,-1.8353491,0.18465088,2.104651,3.0746508,4.824651,6.974651,8.164651,5.9446507,7.294651,5.254651,4.814651,5.004651,3.0746508,0.9946509,-1.6453491,-0.71534914,-1.3253491,0.27465087,-1.2653491,-1.4053491,-0.17534912
6.004651,5.3846507,3.174651,4.954651,5.1146507,6.1946507,6.9246507,5.6746507,3.424651,3.0746508,4.064651,2.7646508,-1.6653491,-2.9253492,0.30465087,0.21465088,1.5346509,1.0146508,-0.90534914,-1.7953491,-0.7453491,0.48465088,1.5246509,2.914651,3.9746509,5.3646507,7.684651,4.9246507,6.8446507,5.834651,4.624651,3.134651,3.7846508,2.2946508,2.9746509,-1.4453491,0.7646509,0.6746509,-2.355349,-1.3353491,1.9646509
4.0946507,3.7846508,3.7846508,3.8246508,5.214651,7.324651,8.574651,5.734651,1.7546508,2.624651,1.4646509,-0.065349124,0.08465088,1.7346509,3.184651,3.4946508,4.454651,2.7246509,-0.065349124,-0.09534912,0.074650876,0.60465086,0.32465088,1.1446509,3.194651,3.8246508,3.9946508,4.9246507,7.734651,6.804651,6.6346507,3.7446508,1.2246509,-1.1753491,-1.8653492,-1.6053491,1.2046509,1.0946509,2.9746509,-0.29534912,-1.7253491
3.2346509,3.0546508,3.2346509,4.6346507,3.9746509,1.2146509,-1.3253491,0.6846509,0.48465088,1.4646509,1.6646509,1.7446508,3.2146509,3.154651,4.144651,4.704651,0.33465087,0.30465087,-0.04534912,0.4746509,0.8046509,1.0546509,0.7446509,0.19465087,0.6746509,2.144651,2.8146508,3.0546508,5.554651,6.6746507,7.084651,7.6346507,0.30465087,2.424651,5.704651,0.8746509,-3.4253492,-4.335349,-4.3253493,-2.165349,1.4946508
4.314651,4.9046507,4.8646507,4.804651,4.1546507,3.674651,2.4646509,2.9646509,3.094651,3.5546508,1.8846508,0.5846509,0.04465088,-0.08534912,1.2946509,-0.6953491,-1.5453491,-1.2053491,-0.08534912,1.2446508,2.2746508,2.2146509,0.9246509,1.5046508,0.40465087,0.9946509,0.98465085,0.6246509,0.4446509,2.434651,5.044651,7.704651,4.3846507,5.9446507,5.034651,-3.7853491,-2.2353492,0.8846509,1.6146508,-1.4253491,1.5346509
4.074651,2.134651,1.2646508,1.2546508,1.9446509,0.16465087,1.2546508,1.0146508,1.6946509,0.30465087,-0.7453491,-0.9753491,-0.15534912,0.4746509,1.6746509,2.5246508,3.084651,1.4846509,1.1146508,1.2946509,2.7546508,3.434651,3.384651,2.334651,2.404651,1.2546508,0.7746509,1.7046509,0.6946509,1.5146508,1.8146509,1.6846509,-0.015349121,1.8346509,5.824651,3.7546508,-3.5253491,-1.5853491,3.2246509,0.8646509,-0.77534914
-1.1753491,-1.8753492,-0.6653491,-0.015349121,-1.0753491,-1.5953491,-0.6953491,-2.4953492,-1.4453491,-0.21534912,0.14465088,1.6246508,2.2346509,3.4846509,4.1146507,4.704651,3.384651,0.5646509,3.5246508,3.0046508,3.0346508,2.654651,3.5646508,3.9746509,3.5446508,1.8446509,1.8646508,1.1846509,2.844651,4.644651,4.9046507,4.1346507,3.8246508,1.9246509,-1.4853492,1.9946508,1.2046509,1.3546509,2.8046508,-0.58534914,1.6946509
-1.8653492,-2.2253492,-1.5753491,-0.8253491,-0.38534912,-0.47534913,-1.2953491,-0.6953491,1.6346508,2.2846508,2.364651,2.2746508,-0.13534912,0.9546509,3.174651,2.4646509,-1.3953491,-1.6653491,-0.09534912,1.4446509,2.364651,3.5246508,3.9646509,3.3246508,3.184651,3.5146508,2.4746509,2.2346509,3.164651,4.3846507,3.664651,3.0146508,1.5746509,2.5446508,3.8146508,1.2146509,3.674651,1.2846509,1.8646508,1.5346509,-1.3553491
-0.8053491,-0.59534913,-0.08534912,0.114650875,-0.015349121,0.6146509,1.0346509,0.8146509,0.32465088,-1.4853492,-0.5653491,0.24465089,-0.47534913,-1.3553491,-2.2753491,-0.8053491,-1.1953491,-3.2353492,2.0146508,4.254651,3.134651,3.694651,3.634651,4.214651,4.3846507,3.7046509,4.104651,1.7646508,1.5846509,3.114651,1.5846509,2.664651,2.914651,-0.34534913,2.884651,0.6946509,1.6146508,1.3146509,0.42465088,-0.8253491,-1.0853491
0.5546509,0.9446509,0.49465087,-0.58534914,1.0246509,1.7846509,1.5746509,0.5846509,0.37465087,2.184651,2.2746508,1.9646509,0.9946509,1.9646509,1.9046509,2.424651,0.46465087,1.9046509,3.874651,4.034651,4.834651,4.744651,3.4846509,3.684651,4.4046507,4.414651,3.374651,3.394651,1.6246508,0.9946509,1.5646509,1.0146508,0.96465087,2.584651,-1.3453491,0.6846509,3.594651,2.154651,0.16465087,0.2846509,-1.0453491
-0.7253491,0.34465086,-0.26534912,1.6746509,2.7546508,0.7046509,0.79465085,2.0446508,2.4646509,0.7646509,1.2346509,3.134651,2.434651,2.2446508,2.654651,2.2646508,3.164651,3.154651,2.624651,3.334651,3.084651,3.144651,3.194651,4.474651,3.0046508,3.914651,3.884651,3.7346509,2.2946508,1.3346509,1.1846509,1.8746508,1.2346509,1.1746509,1.9646509,2.344651,0.37465087,2.5346508,0.8046509,0.45465088,-0.18534912
