wind_kz.json
{"header": {"discipline":0,"disciplineName":"Meteorological products","gribEdition":2,"gribLength":1025,"center":7,"centerName":"US National Weather Service - NCEP(WMC)","subcenter":0,"refTime":"2024-02-02T12:00:00.000Z","significanceOfRT":1,"significanceOfRTName":"Start of forecast","productStatus":0,"productStatusName":"Operational products","productType":1,"productTypeName":"Forecast products","productDefinitionTemplate":0,"productDefinitionTemplateName":"Analysis/forecast at horizontal level/layer at a point in time","parameterCategory":2,"parameterCategoryName":"UnknownDiscipline_0_Category_2","parameterNumber":2,"parameterNumberName":"UnknownParameter_D0_C2_2","parameterUnit":"Unknown","genProcessType":2,"genProcessTypeName":"Forecast","forecastTime":60,"surface1Type":103,"surface1TypeName":"Specified height level above ground","surface1Value":10.0,"surface2Type":255,"surface2TypeName":"Missing","surface2Value":0.0,"gridDefinitionTemplate":0,"gridDefinitionTemplateName":"Latitude_Longitude","numberPoints":615,"shape":6,"shapeName":"Earth spherical with radius of 6,371,229.0 m","gridUnits":"degrees","resolution":48,"winds":"true","scanMode":64,"nx":41,"ny":15,"basicAngle":0,"lo1":47.0,"la1":41.0,"lo2":87.0,"la2":55.0,"dx":1.0,"dy":1.0}, "data":
[rows 0 to 14 of 15, columns 0 to 40 of 41]
5.1410546,-1.348945,1.881055,0.151055,2.031055,3.921055,3.411055,1.331055,0.49105498,-0.25894502,-0.978945,-2.298945,-2.668945,-2.608945,-2.678945,-2.608945,-2.768945,-2.668945,-2.948945,-2.658945,-3.338945,-2.138945,-1.908945,-2.078945,0.021054992,-1.488945,-2.898945,-2.348945,1.431055,0.781055,-1.638945,1.881055,-0.228945,0.531055,0.741055,0.871055,1.111055,1.481055,-0.18894501,0.131055,0.451055
2.941055,1.651055,-1.498945,0.641055,2.091055,3.971055,2.801055,1.501055,0.79105496,-0.328945,-1.618945,-2.278945,-1.938945,-2.038945,-0.468945,-1.368945,-2.048945,-1.858945,-1.868945,-1.598945,-2.188945,-1.798945,-1.298945,-3.388945,-0.808945,1.811055,-1.3089451,1.101055,-3.128945,-2.388945,0.071054995,-0.95894504,2.771055,-3.078945,-0.598945,0.211055,-0.09894501,0.411055,0.561055,1.021055,-1.188945
1.171055,3.741055,-1.9289451,1.241055,2.271055,0.27105498,-0.328945,0.031054992,-0.978945,-0.818945,-0.678945,-1.038945,-0.678945,-0.15894501,-0.628945,-1.158945,-0.438945,-0.70894504,-0.13894501,-1.758945,-2.738945,-2.438945,-2.508945,-1.838945,-0.618945,-0.488945,-1.418945,-0.738945,-1.528945,-0.678945,-2.148945,2.431055,0.351055,-0.668945,0.811055,-0.718945,-0.668945,0.40105498,-0.048945006,0.951055,-0.048945006
0.05105499,2.901055,2.241055,-1.528945,2.161055,1.281055,1.801055,-0.108945005,1.301055,-0.468945,-1.108945,-0.378945,-0.018945007,-0.048945006,-0.988945,-1.138945,-1.218945,-1.348945,-0.928945,-2.188945,-2.658945,-1.158945,-0.21894501,0.761055,-1.518945,-2.358945,-2.308945,-2.178945,0.0010549927,1.041055,-1.578945,-3.158945,-3.188945,-0.868945,-1.568945,-2.028945,-1.438945,0.831055,0.361055,-0.07894501,0.841055
5.2210546,4.541055,5.731055,3.611055,4.731055,3.841055,2.871055,1.611055,0.871055,2.111055,0.801055,1.771055,0.66105497,0.131055,-0.58894503,-1.318945,-1.088945,-1.278945,-1.358945,-0.978945,0.041054994,-2.168945,-3.858945,-3.908945,-3.728945,-2.828945,-2.3689451,0.441055,-0.418945,1.631055,2.261055,-1.348945,-2.338945,0.211055,2.031055,-0.388945,-1.398945,-1.478945,-0.798945,-0.778945,-0.308945
6.401055,5.6210546,5.9110546,6.8310547,5.031055,4.051055,2.731055,2.071055,0.291055,0.571055,0.20105499,0.371055,2.571055,2.781055,-1.5589451,-1.038945,-0.988945,-0.808945,-0.878945,-0.16894501,-1.008945,-0.178945,-1.498945,-2.298945,-2.828945,-2.468945,-0.608945,-1.258945,-1.1789451,-0.658945,-0.758945,-0.698945,-2.708945,-1.978945,-0.978945,-4.418945,0.131055,-0.438945,0.481055,-1.158945,-1.818945
5.3710546,6.9110546,7.421055,7.1210546,6.691055,5.2010546,2.6310549,2.741055,1.181055,0.581055,-0.918945,-0.298945,0.08105499,0.621055,-0.338945,-0.438945,1.281055,0.191055,-0.868945,-0.12894501,0.521055,0.22105499,0.311055,0.811055,-0.428945,-1.698945,-0.238945,-0.878945,-1.188945,-1.718945,-2.358945,-2.448945,-0.08894501,-3.028945,-3.388945,-1.598945,-1.0589451,2.271055,-0.83894503,1.251055,0.801055
6.4710546,6.751055,6.981055,5.8710546,6.0210547,6.231055,4.671055,3.871055,3.301055,1.911055,1.271055,2.491055,1.761055,2.411055,2.301055,1.311055,1.131055,1.281055,1.211055,2.651055,2.041055,0.691055,1.061055,1.251055,0.961055,0.021054992,1.401055,-1.4289451,0.391055,-1.098945,-1.468945,-1.098945,-2.558945,1.881055,-2.018945,1.631055,1.4410549,1.461055,-4.018945,-4.618945,-2.588945
5.251055,6.5210547,6.0410547,5.8110547,5.921055,6.3510547,6.0210547,4.771055,4.721055,4.181055,3.841055,3.761055,5.3910546,3.451055,2.861055,2.1310549,2.211055,1.371055,1.631055,2.361055,3.951055,3.081055,1.401055,0.981055,1.301055,0.79105496,0.511055,-0.498945,0.30105498,0.14105499,1.251055,1.501055,2.731055,-0.278945,-1.6789451,-2.698945,0.561055,-1.568945,-1.608945,0.861055,-2.208945
4.821055,5.131055,4.931055,6.2910547,5.631055,5.4910545,5.1410546,4.941055,5.3010545,5.5710545,6.1810546,6.4110546,6.461055,4.941055,4.531055,3.031055,2.991055,2.331055,1.861055,1.011055,3.1310549,3.3810549,2.371055,1.051055,0.79105496,0.871055,1.231055,1.061055,0.731055,2.191055,0.691055,2.541055,2.071055,0.841055,-0.818945,-0.208945,-2.888945,-0.328945,-1.218945,0.931055,-1.748945
2.761055,3.961055,4.281055,4.901055,5.381055,5.111055,5.401055,5.4910545,5.5310545,5.341055,5.8110547,7.0110545,5.9710546,6.7910547,4.121055,3.301055,2.901055,2.611055,1.041055,1.651055,3.641055,1.931055,1.331055,1.381055,1.391055,1.761055,4.901055,3.181055,2.591055,1.261055,2.541055,1.591055,0.751055,0.021054992,0.23105499,-1.128945,-1.138945,0.591055,-1.028945,0.391055,-0.988945
2.811055,4.001055,3.911055,4.361055,6.2410545,5.2410545,5.3210545,5.461055,5.1610546,4.521055,4.941055,5.901055,5.1610546,4.831055,4.311055,3.011055,2.571055,1.081055,0.391055,2.091055,2.541055,2.101055,1.181055,1.011055,2.201055,2.891055,3.171055,3.431055,3.031055,2.171055,1.131055,1.801055,1.271055,0.511055,0.981055,3.411055,5.251055,1.3210549,0.09105499,-0.688945,-0.438945
4.901055,4.101055,3.1310549,3.291055,5.2710547,3.991055,6.5410547,6.1010547,6.981055,3.671055,3.321055,4.291055,3.501055,4.151055,2.291055,1.581055,0.781055,-0.808945,-0.048945006,0.941055,1.331055,1.811055,2.351055,1.331055,3.891055,3.611055,3.741055,3.431055,2.421055,2.551055,2.021055,2.911055,2.751055,2.091055,2.6310549,3.261055,3.701055,3.271055,5.5610547,5.051055,0.881055
5.211055,6.6410546,5.591055,5.841055,6.7810545,6.7210546,7.591055,6.611055,5.381055,4.151055,1.961055,-1.358945,1.121055,1.251055,-0.31894502,-0.678945,-1.118945,-1.068945,-1.008945,0.49105498,1.001055,1.511055,1.621055,1.891055,2.211055,1.391055,2.051055,2.591055,2.901055,3.511055,3.601055,3.6310549,3.711055,3.831055,3.331055,3.721055,4.131055,3.891055,4.211055,3.681055,3.981055
4.471055,6.2410545,7.7210546,7.651055,7.861055,8.511055,7.8710546,6.6610546,5.671055,2.141055,-0.25894502,-0.608945,-1.328945,-0.47894502,-1.648945,-1.888945,-2.478945,-1.9289451,-1.0589451,-0.328945,-0.11894501,0.351055,0.14105499,0.901055,1.671055,2.031055,2.771055,3.181055,3.491055,3.441055,3.951055,4.221055,3.871055,4.131055,4.601055,5.191055,4.681055,5.841055,5.3210545,4.111055,3.111055
