wind.json
{"header": {"discipline":0,"disciplineName":"Meteorological products","gribEdition":2,"gribLength":1125,"center":7,"centerName":"US National Weather Service - NCEP(WMC)","subcenter":0,"refTime":"2023-07-01T06:00:00.000Z","significanceOfRT":1,"significanceOfRTName":"Start of forecast","productStatus":0,"productStatusName":"Operational products","productType":1,"productTypeName":"Forecast products","productDefinitionTemplate":0,"productDefinitionTemplateName":"Analysis/forecast at horizontal level/layer at a point in time","parameterCategory":2,"parameterCategoryName":"UnknownDiscipline_0_Category_2","parameterNumber":2,"parameterNumberName":"UnknownParameter_D0_C2_2","parameterUnit":"Unknown","genProcessType":2,"genProcessTypeName":"Forecast","forecastTime":120,"surface1Type":103,"surface1TypeName":"Specified height level above ground","surface1Value":10.0,"surface2Type":255,"surface2TypeName":"Missing","surface2Value":0.0,"gridDefinitionTemplate":0,"gridDefinitionTemplateName":"Latitude_Longitude","numberPoints":688,"shape":6,"shapeName":"Earth spherical with radius of 6,371,229.0 m","gridUnits":"degrees","resolution":48,"winds":"true","scanMode":64,"nx":43,"ny":16,"basicAngle":0,"lo1":45.0,"la1":40.0,"lo2":87.0,"la2":55.0,"dx":1.0,"dy":1.0}, "data":
[rows 0 to 15 of 16, columns 0 to 42 of 43]
-2.4665534,-3.5165534,-2.2865534,-1.3365533,-4.506553,-1.0665534,1.4034467,0.92344666,-5.0565534,-1.8465533,-4.0865536,-1.7165533,-2.0965533,-2.0265534,-0.7865533,-1.3265533,-0.58655334,-1.5565534,-2.2965534,-2.3465533,0.38344666,-0.6065533,-2.5365534,-2.7265534,0.56344664,3.4634466,1.5734466,0.33344665,0.38344666,1.9134467,2.3834467,0.98344666,-0.036553346,0.033446655,-0.8465533,-2.4265532,-2.4965534,0.33344665,2.1234467,-3.5665534,-6.1465535,-5.1565533,-6.4165535
-0.93655336,-1.7865534,-2.6065533,0.7134467,-0.68655336,2.7134466,1.1834466,-1.7665534,-3.6565533,-2.9865534,-2.9565535,-2.5865533,-2.5565534,-1.0265534,-1.0165534,-1.1565534,-1.3465533,-0.026553344,-1.5765533,-3.0265534,-2.1565533,-1.2565533,-0.046553344,-0.51655334,2.8234468,5.683447,-0.32655334,4.1934466,4.1534467,2.9634466,3.6034467,1.6134467,3.6034467,-0.056553345,-0.046553344,0.36344665,0.043446656,-0.7965534,2.0834467,-0.92655337,-3.3765533,-3.0465534,-2.1365533
-2.6365533,0.31344664,0.9534466,-2.3065534,1.7134466,1.2234466,-1.1165533,1.2734467,-4.3565536,-4.5865536,-1.0265534,-0.06655335,-1.0365534,-2.8065534,-1.1865534,-1.2565533,-2.4365532,-2.1165533,-2.1765532,-2.0065534,-1.7265533,-1.0665534,0.72344667,0.6534467,1.5034467,3.8134468,2.2334466,0.28344667,0.72344667,3.2334466,3.2934465,2.4534466,3.2434466,3.8034468,1.8634467,1.6134467,0.033446655,0.38344666,-0.56655335,8.243446,1.3534466,2.4834466,-1.6865534
-0.64655334,-0.67655337,-4.236553,-0.13655335,-0.29655334,1.3334466,-2.9665534,-0.83655334,-3.0065534,-1.3965534,-0.7265533,-1.6265533,-1.3565533,-1.0665534,-2.6165533,-4.3565536,-1.3165534,-2.4365532,-2.6665533,-2.3365533,-3.3565533,-1.9565533,-0.52655333,2.0934467,-0.96655333,3.1434467,2.6434467,2.0434465,1.4134467,2.0134466,2.9034467,0.67344666,1.0734466,-0.35655335,-0.7265533,1.1834466,-1.9665533,1.5334467,0.7734467,0.37344664,0.39344665,2.3434467,1.6334467
-4.9365535,-4.7665534,-4.8565536,-3.6665533,-2.1465533,0.49344665,-0.38655335,-2.4465532,-1.4365534,-1.4065534,-1.4665533,-3.1165533,-3.0065534,-3.8165534,-1.8965534,-2.6965532,-4.5965533,-7.716553,-6.3265533,-5.6765532,-5.6065536,-6.3965535,-5.6265535,-5.566553,2.7334466,2.0634468,0.40344664,-0.46655333,-0.25655335,2.2134466,2.3834467,-1.2365533,-1.0665534,1.6234467,3.0934467,4.433447,8.273447,4.4634466,2.1134467,1.3734467,-0.89655334,1.1234467,-4.3665533
-4.4965534,-4.0965533,-3.9765534,-1.6565534,-0.13655335,-1.2165533,-1.9765533,-1.8165534,-1.2565533,-0.19655335,-0.45655334,-2.2965534,-3.8565533,-7.0865536,-5.2865534,-2.8765533,-2.1765532,-5.8765535,-5.3765535,-4.1765532,-3.7765534,-3.0265534,-2.9765534,-2.6065533,-3.5765533,-2.9765534,-4.3965535,-2.4065533,0.81344664,-2.4065533,4.0634465,3.4034467,-0.29655334,-3.3165534,-1.0765533,2.0234466,-4.0365534,-0.68655336,2.1734467,-1.0365534,-4.4165535,-2.7265534,-1.1265533
-2.7565534,-3.6065533,-2.2165534,-2.1065533,-4.526553,-3.0265534,-2.4865534,-2.6165533,-0.49655333,-2.3765533,-2.9965534,-1.6865534,-2.8165534,-5.046553,-5.4565535,-4.0565534,-3.0765533,-6.3065534,-5.6465535,-5.2465534,-5.236553,-4.466553,-4.1665535,-4.7465534,-6.216553,-7.776553,-7.3765535,-6.7665534,-7.006553,-1.5665534,-2.0165534,-1.2965534,-1.8065534,2.2934465,6.053447,8.853447,5.303447,1.9834466,3.6734467,4.6334467,7.053447,1.5534467,1.8234466
-4.8665533,-5.236553,-4.716553,-4.4365535,-4.506553,-3.2065535,-3.5665534,-2.9665534,-1.5065533,-1.6865534,-1.5765533,-1.9765533,-3.2265534,-4.6065536,-5.3065534,-5.6265535,-5.2265534,-4.7265534,-5.2865534,-5.8765535,-5.1465535,-6.3665533,-7.4265532,-6.7065535,-5.9765534,-5.4065533,-6.776553,-5.736553,-5.776553,-5.0965533,-5.296553,-6.5765533,-4.696553,-1.6765534,-0.88655335,2.3234468,3.9834466,4.8234468,4.453447,-0.68655336,4.1134467,-0.94655335,2.4934466
-3.9565535,-4.066553,-4.1065536,-3.9965534,-3.9865534,-3.9765534,-2.9765534,-1.6365533,-1.5065533,-1.7565533,-2.1865532,-3.7965534,-3.5865533,-3.2565534,-3.2665534,-5.7465534,-5.816553,-5.3765535,-5.566553,-4.5365534,-5.546553,-5.026553,-6.066553,-5.0865536,-5.776553,-5.966553,-4.9365535,-6.6765532,-5.8465533,-5.3365536,-6.3965535,-5.236553,-4.5765533,-3.0965533,-2.6965532,-1.2365533,0.09344666,1.4334466,4.433447,1.7334466,7.1434464,7.2334466,6.5834465
-3.6065533,-4.0865536,-4.046553,-4.4165535,-3.7065535,-3.0865533,-2.9465532,-2.5965533,-2.9365532,-3.1265533,-3.1265533,-3.3565533,-2.3365533,-1.5865533,-3.2265534,-4.3465533,-4.3265533,-3.9365532,-3.1965532,-4.546553,-3.2965534,-3.8065534,-4.486553,-4.1665535,-3.9265532,-4.3265533,-3.0965533,-4.9565535,-5.2065535,-5.5365534,-5.1265535,-4.1065536,-5.1765532,-4.5565534,-2.4065533,-1.6865534,1.1734467,2.4634466,3.0634468,2.8834467,2.6534467,0.17344666,2.9034467
-3.9565535,-2.5665534,-2.8365533,-3.2065535,-2.7565534,-2.8365533,-3.3465533,-2.8665533,-4.0365534,-2.8165534,-2.6265533,-2.4365532,-3.0465534,-3.8765533,-2.9665534,-2.6865532,-1.0365534,-1.2065533,-0.37655336,-1.0665534,-2.7965534,-2.5365534,-2.9765534,-3.0765533,-2.2265534,-1.4765533,-1.6665534,-1.5365534,-2.7565534,-3.1465533,-4.3565536,-3.8165534,-2.6065533,-2.4765534,-1.8065534,-1.7765534,-1.8465533,-0.5965533,1.3634467,1.2734467,1.2234466,1.1934466,1.5434467
-2.4665534,-1.1765534,-2.2165534,-2.7365534,-2.7065535,-4.3865533,-4.8465533,-4.0865536,-2.4965534,-1.5965533,-1.9265534,-2.8065534,-3.1065533,-3.7865534,-2.5765533,-3.5265534,-2.0765533,2.1934466,-2.2865534,-1.7265533,-0.93655336,-1.5165534,-0.40655336,-1.6165533,-1.2965534,-0.19655335,0.32344666,-1.2465533,0.033446655,0.41344666,-0.7965534,-1.1265533,-1.6865534,-0.67655337,0.47344667,-0.94655335,-2.1365533,-1.3765533,-1.1765534,1.1834466,1.5134467,0.80344665,1.8334466
-1.7965534,-1.9565533,-1.9965533,-2.1165533,-3.3565533,-4.3565536,-4.526553,-3.5765533,-2.7365534,-3.0265534,-2.4765534,-2.1665533,-2.5265534,-3.6065533,-2.1565533,-2.0165534,-0.7865533,0.33344665,-1.2865534,-1.8365533,-0.80655336,-0.71655333,0.79344666,0.19344665,1.0234467,0.92344666,-0.93655336,0.7034466,0.44344667,0.66344666,1.1134467,0.7034466,2.3034468,1.8034467,-0.016553344,0.9634467,-0.36655334,0.25344667,-3.2665534,2.6534467,2.1634467,2.5334466,2.5934467
-1.3465533,-1.4565533,-1.8365533,-1.8965534,-0.47655335,-0.9765533,-2.2365534,-2.4265532,-2.4865534,-2.2765534,-3.4865534,-0.7865533,-1.5065533,-2.7565534,-1.6865534,-1.4765533,-0.55655336,1.0434467,0.5234467,0.74344665,1.0934466,1.1834466,2.0034466,1.4634466,1.3734467,1.1434467,1.4334466,2.1234467,1.4434466,1.8134466,1.9034467,1.2834467,1.3434466,1.3734467,0.34344664,-0.046553344,-1.1765534,2.8334467,-1.3465533,1.2634467,2.7534466,2.4534466,1.2234466
0.8434467,0.73344666,-0.06655335,0.36344665,0.39344665,-1.7965534,-1.4965533,-1.5165534,-1.9065534,-1.7565533,-0.6565533,-0.67655337,0.043446656,-0.016553344,-1.8265533,-1.0265534,-0.58655334,0.33344665,0.39344665,0.48344666,0.75344664,1.1934466,1.3234466,1.7034466,2.5634468,2.2934465,2.1934466,1.6634467,2.2734466,2.5234466,2.8934467,2.1534467,1.1834466,1.0434467,0.33344665,-0.6665533,-2.1265533,1.9134467,0.80344665,1.8834467,3.4634466,0.013446655,1.5234467
1.9434466,1.8934467,1.3634467,1.0234467,0.103446655,-1.0265534,-0.83655334,-0.6665533,-0.9165533,-0.12655334,0.15344666,0.8934467,0.57344663,-0.99655336,0.63344663,0.55344665,0.29344666,0.81344664,1.3734467,1.0034467,-0.056553345,0.033446655,0.30344665,0.063446656,0.21344666,-0.18655334,1.3334466,1.8834467,2.2834466,3.7234466,4.783447,3.7834466,1.5334467,4.2934465,0.57344663,-0.15655334,-0.8565533,2.4834466,0.54344666,1.2134466,-0.37655336,1.0334467,-0.44655335
