wind.json
{"header": {"discipline":0,"disciplineName":"Meteorological products","gribEdition":2,"gribLength":1125,"center":7,"centerName":"US National Weather Service - NCEP(WMC)","subcenter":0,"refTime":"2023-05-29T18:00:00.000Z","significanceOfRT":1,"significanceOfRTName":"Start of forecast","productStatus":0,"productStatusName":"Operational products","productType":1,"productTypeName":"Forecast products","productDefinitionTemplate":0,"productDefinitionTemplateName":"Analysis/forecast at horizontal level/layer at a point in time","parameterCategory":2,"parameterCategoryName":"UnknownDiscipline_0_Category_2","parameterNumber":3,"parameterNumberName":"UnknownParameter_D0_C2_3","parameterUnit":"Unknown","genProcessType":2,"genProcessTypeName":"Forecast","forecastTime":120,"surface1Type":103,"surface1TypeName":"Specified height level above ground","surface1Value":10.0,"surface2Type":255,"surface2TypeName":"Missing","surface2Value":0.0,"gridDefinitionTemplate":0,"gridDefinitionTemplateName":"Latitude_Longitude","numberPoints":688,"shape":6,"shapeName":"Earth spherical with radius of 6,371,229.0 m","gridUnits":"degrees","resolution":48,"winds":"true","scanMode":64,"nx":43,"ny":16,"basicAngle":0,"lo1":45.0,"la1":40.0,"lo2":87.0,"la2":55.0,"dx":1.0,"dy":1.0}, "data":
[rows 0 to 15 of 16, columns 0 to 42 of 43]
-1.9801806,2.3398194,1.0798193,4.9698195,2.5898194,2.9798193,0.36981934,-2.5201807,-3.4601808,-1.2201806,-4.2501807,-0.94018066,1.1698194,-2.4801807,-2.7001808,-4.4301805,-7.4101806,-5.110181,-4.4701805,-5.1801805,-2.9401808,-1.5301807,-0.7401807,1.8398193,4.2998195,0.28981933,1.2198193,1.8498193,1.5898193,-0.22018066,-0.58018064,-0.11018066,-2.2901807,-3.2501807,-2.2301807,-7.2601805,-7.2101808,3.2098193,0.74981934,1.5298194,-0.22018066,-0.9701807,-2.9001806
1.6298194,-0.18018067,-0.9901807,-1.8501806,0.84981936,-0.07018066,-0.70018065,-1.5301807,-2.0701807,-1.8701806,-3.3701806,-2.2101808,-1.0401807,-3.3601806,-3.1101806,-4.1001806,-4.8301806,-5.170181,-4.420181,-3.9601808,-3.7201807,-2.1701806,0.48981935,2.0198193,-1.1601807,-1.3201807,1.8198193,-2.0401807,-1.6701807,0.84981936,0.8898193,-0.010180664,-0.83018064,-1.1001806,0.31981933,-3.2701807,-5.2801805,-6.5201807,-5.3501806,-2.0801806,-0.38018066,-1.2301806,0.36981934
-0.9201807,-4.130181,5.7498193,0.17981933,-1.5701807,-1.5901806,-2.2201807,-2.5001807,-4.0201807,-3.8101807,-2.9901807,-1.6301807,-2.8101807,-4.7101808,-4.690181,-5.7701807,-5.7401805,-4.5301805,-5.150181,-6.170181,-5.0201807,-5.0201807,-5.0801806,-2.1401806,2.1398194,2.0198193,0.31981933,-2.0601807,-3.9101806,-0.84018064,0.37981933,0.6998193,2.0798194,1.6398194,-0.7801807,-2.1601806,-3.6901808,-6.4301805,-5.9301805,-6.7501807,-3.2301807,-2.5301807,1.7698194
1.2798194,1.5198194,1.4698193,0.6398193,-1.2401806,-1.9901806,-1.7001806,-2.6101806,-1.4401807,-2.4901807,-0.40018067,0.5098193,-1.4401807,-2.6701806,-4.0201807,-5.2901807,-6.5201807,-4.670181,-4.860181,-5.7201805,-5.0301805,-1.8901807,-3.0901806,-2.9801807,-4.1601806,-1.8101807,-0.52018064,2.5098193,3.1098194,1.9998193,-0.11018066,2.4098194,2.7798193,0.85981935,2.1798193,0.06981934,-0.39018068,3.0498192,4.3398194,0.56981933,0.5898193,-0.9901807,-0.8601807
2.5698195,1.4198194,0.55981934,-0.48018065,-3.0201807,-5.070181,-6.7801805,-7.4601808,-7.0501804,-3.4501808,4.1498194,3.1898193,0.22981934,-1.7701807,-3.8501806,-4.8301806,-5.5801806,-5.130181,-5.0301805,-4.650181,-4.2301807,-3.6701806,-3.2101808,-2.7801807,0.33981934,-2.8701806,-3.6701806,-3.4001806,-0.59018064,-2.7101808,-0.39018068,0.40981933,0.049819335,-0.88018066,-2.1601806,-0.18018067,-1.7601807,-4.8101807,-4.820181,0.17981933,0.99981934,1.6298194,1.6398194
1.9098194,2.4798193,1.0598193,-0.57018065,-2.8201807,-4.420181,-5.3901806,-4.9601808,-7.130181,-4.3001804,-1.4001807,5.099819,2.6898193,0.68981934,-2.7401807,-3.4901807,-5.0801806,-3.4501808,-4.5501804,-3.2201807,-2.8801806,-2.8401806,-2.6401806,-1.9301807,-1.1601807,-1.6501807,-3.0601807,-3.1301806,-2.9301805,-3.0501807,-3.0701807,-2.7701807,-2.4101806,1.2398193,2.0998194,2.9398193,-1.2701807,-2.6101806,-2.4701807,-1.8601806,1.4198194,0.67981935,-0.6601807
3.2098193,3.0398192,2.8498194,1.3498193,0.48981935,-2.0401807,-4.7301807,-6.130181,-6.7101808,-7.1401806,-8.390181,5.8198195,4.2298193,2.2798193,-1.1401807,-2.7201807,-1.8801807,-1.0501807,-3.1601806,-1.6101806,-1.2401806,-1.9301807,-2.5301807,-1.1701807,-1.7901807,-0.25018066,-0.56018066,-1.5301807,-2.0701807,-3.6001806,-2.9001806,-2.0201807,-2.8801806,-4.2201805,-2.7401807,-0.88018066,3.1498194,4.7198195,5.1098194,4.1498194,1.7598194,-2.6301806,-3.3201807
-1.4501806,-0.51018065,-2.7301807,-2.1601806,-2.2401807,1.0598193,-0.89018065,-2.3401806,-2.7501807,-4.5501804,-6.070181,-8.05018,3.2298193,3.5698195,1.3998194,-2.4701807,2.1298194,0.7798193,-3.2601807,-0.77018064,1.0398194,0.28981933,-0.84018064,-1.3401806,-1.5501807,-1.2101806,0.8298193,1.2198193,-0.56018066,-1.0901806,-0.19018066,-1.9501806,-1.5001807,-2.9601808,-3.5001807,-2.1601806,-1.4501806,-2.9301805,-4.2601805,-2.4101806,0.9698193,-1.1501807,0.13981934
1.4798193,0.37981933,-3.0801806,-2.5001807,-0.19018066,-2.7501807,-2.5901806,-4.7801805,-4.360181,-4.1001806,-3.8101807,-4.9501805,-4.8501806,-0.95018065,-2.1001806,-3.9101806,-5.0401807,-5.7001805,-1.2801807,-1.3801807,-1.6101806,2.1198194,0.089819334,-1.4201807,-3.0401807,-1.9101807,-2.2801807,-0.26018065,-0.5301807,-2.5801806,-2.3401806,-2.5601807,-3.1501806,-1.4401807,-2.0401807,-3.3401806,-0.15018067,0.8298193,0.79981935,-2.5801806,1.3598193,-1.8601806,-2.0101807
0.84981936,2.0998194,-0.81018066,-3.0701807,-2.6701806,2.1498194,-1.4201807,-3.5001807,-4.5601807,-3.5201807,-3.6701806,-3.6201806,-4.130181,-3.7201807,-0.87018067,-3.7301807,-6.8101807,-7.130181,-3.4901807,1.0798193,-0.34018067,1.2798194,1.7398193,0.53981936,0.049819335,-1.7001806,-1.6501807,-1.0901806,-0.40018067,-0.59018064,-0.82018065,-1.1601807,-1.5601807,-1.0101807,0.45981935,-0.040180665,0.009819336,-0.76018065,-3.7501807,-0.22018066,-1.8401806,-1.8501806,-2.4401808
1.0698193,2.5798194,0.33981934,-1.5201807,-0.32018065,0.8998193,0.55981934,-0.42018068,-2.9801807,-4.2601805,-3.3001807,-2.4601808,-3.1201806,-1.6801807,-2.0601807,0.74981934,1.2398193,-0.030180665,-2.7101808,1.7498193,-0.19018066,-0.23018067,1.5198194,2.3398194,1.9298193,0.13981934,-0.6701807,-0.20018066,-0.48018065,-1.0001807,-1.3501806,-2.1501806,-0.37018067,0.089819334,-1.4601806,-1.7201806,-0.9901807,-0.040180665,0.06981934,-3.2001808,-1.3901807,-0.52018064,-0.9101807
0.61981934,1.9798193,1.0398194,-1.2901807,0.55981934,0.7098193,1.6198193,2.5598192,0.45981935,-2.7501807,-2.0601807,-0.83018064,-0.71018064,-1.8801807,-3.7701807,-4.2101808,-3.9201806,-4.1801805,-4.5301805,0.27981934,2.1398194,1.8598193,1.5398194,2.3898194,1.9998193,1.7998194,1.2698194,1.5598193,0.25981933,0.06981934,-1.1101806,0.45981935,0.54981935,-0.13018066,-1.0301807,-2.2501807,-2.8901806,-0.65018064,-0.5301807,1.2998194,-0.5501807,-0.94018066,-1.0601807
-4.7101808,1.1998193,0.84981936,-0.8001807,-1.4101807,-2.3201807,2.8098192,2.7798193,0.39981934,0.27981934,-2.0401807,-1.3001807,0.07981934,-0.95018065,-2.7401807,-3.0901806,-2.7101808,-2.7801807,-1.6701807,-2.9101806,-2.7701807,3.6898193,2.8098192,2.2198193,2.2298193,1.5998193,2.4998193,2.6798193,2.9598193,2.5598192,1.2498193,0.7598193,1.3998194,1.6498194,0.35981932,-0.62018067,-0.9101807,-2.0601807,-1.1401807,1.3598193,1.8698193,1.8998194,1.3598193
-5.7501807,-4.590181,-0.9801807,2.4398193,0.9498193,0.45981935,0.48981935,0.29981935,1.9698193,1.0098194,-1.0201807,-1.0701807,-1.1901807,-0.83018064,-2.5701807,-3.6401806,-3.4001806,-2.9801807,1.6798193,2.0498192,0.30981934,4.2498193,3.9998193,4.1098194,3.4798193,2.7998192,3.5198193,3.3698194,3.9198194,2.5898194,2.0798194,2.5998194,2.5598192,2.1598194,1.4098194,1.6798193,1.2398193,1.1898193,0.81981933,0.54981935,-0.58018064,-0.7801807,0.73981935
-3.3101807,-3.4901807,-4.150181,-4.9701805,0.42981935,2.8698194,1.7198193,1.1698194,1.4098194,1.0098194,1.8698193,0.8298193,0.39981934,-1.1901807,-0.7901807,-2.0501807,-4.2601805,-4.6601806,-4.3501806,-2.5801806,-3.0801806,-1.5201807,4.0498195,4.5098195,4.3198195,4.1298194,3.5198193,3.8498194,3.4098194,3.5298193,3.1298194,2.3398194,2.7098193,1.5698193,2.1298194,0.72981936,0.19981934,0.7598193,0.8398193,0.54981935,-0.7301807,-1.3201807,0.059819337
0.29981935,0.26981935,-0.94018066,-4.6801805,-6.880181,-1.7901807,3.5898194,2.6298194,2.4998193,2.6998193,0.41981933,0.29981935,1.0898193,1.6098193,1.8398193,-1.0801806,-2.2201807,-2.9501808,-3.6801805,-4.190181,-3.5601807,-5.3001804,-0.71018064,4.3998194,4.0698195,3.7798193,3.3098192,3.9598193,4.2098193,3.8998194,3.7898192,2.9598193,3.6998193,3.1698194,1.2798194,-1.0501807,1.4698193,0.15981933,1.2798194,0.07981934,1.7798194,0.56981933,-0.43018067
