wind_kz.json
{"header": {"discipline":0,"disciplineName":"Meteorological products","gribEdition":2,"gribLength":871,"center":7,"centerName":"US National Weather Service - NCEP(WMC)","subcenter":0,"refTime":"2023-08-24T06:00:00.000Z","significanceOfRT":1,"significanceOfRTName":"Start of forecast","productStatus":0,"productStatusName":"Operational products","productType":1,"productTypeName":"Forecast products","productDefinitionTemplate":0,"productDefinitionTemplateName":"Analysis/forecast at horizontal level/layer at a point in time","parameterCategory":0,"parameterCategoryName":"UnknownDiscipline_0_Category_0","parameterNumber":0,"parameterNumberName":"UnknownParameter_D0_C0_0","parameterUnit":"Unknown","genProcessType":2,"genProcessTypeName":"Forecast","forecastTime":60,"surface1Type":1,"surface1TypeName":"Ground or water surface","surface1Value":0.0,"surface2Type":255,"surface2TypeName":"Missing","surface2Value":0.0,"gridDefinitionTemplate":0,"gridDefinitionTemplateName":"Latitude_Longitude","numberPoints":615,"shape":6,"shapeName":"Earth spherical with radius of 6,371,229.0 m","gridUnits":"degrees","resolution":48,"winds":"true","scanMode":64,"nx":41,"ny":15,"basicAngle":0,"lo1":47.0,"la1":41.0,"lo2":87.0,"la2":55.0,"dx":1.0,"dy":1.0}, "data":
[rows 0 to 14 of 15, columns 0 to 40 of 41]
294.45166,285.75165,291.05167,299.65167,299.55167,298.85165,297.65167,298.25165,297.45166,299.45166,298.45166,299.45166,298.75165,298.55167,298.75165,296.75165,297.55167,299.65167,297.95166,298.85165,298.05167,295.25165,294.05167,289.95166,298.65167,302.05167,295.15167,281.25165,279.45166,278.05167,276.35165,279.15167,289.75165,299.25165,301.35165,301.15167,300.65167,299.95166,299.35165,299.95166,299.15167
276.85165,287.65167,299.35165,299.55167,299.75165,298.45166,296.35165,295.85165,296.65167,297.45166,298.35165,297.75165,298.25165,294.55167,293.25165,292.15167,294.35165,296.55167,295.15167,294.85165,294.35165,296.55167,296.65167,286.65167,278.75165,278.35165,286.25165,281.05167,280.65167,276.55167,281.95166,273.85165,274.05167,263.95166,281.15167,298.05167,296.75165,297.45166,300.45166,292.15167,284.05167
291.15167,298.95166,299.65167,299.75165,298.35165,293.95166,293.95166,293.65167,293.15167,293.85165,294.65167,295.45166,294.75165,294.65167,293.05167,291.85165,291.65167,292.05167,293.25165,294.65167,294.65167,298.95166,295.45166,291.15167,296.85165,294.75165,295.15167,294.85165,293.85165,283.85165,278.45166,280.15167,284.95166,285.25165,288.15167,285.45166,277.35165,281.95166,284.25165,278.05167,277.85165
290.55167,299.85165,299.65167,299.05167,296.15167,292.65167,292.35165,291.15167,292.25165,293.05167,294.45166,294.65167,295.85165,294.95166,291.55167,288.75165,292.85165,297.25165,296.05167,294.45166,294.15167,292.45166,299.75165,298.75165,296.05167,296.05167,297.15167,296.85165,294.65167,294.25165,296.15167,295.15167,300.25165,295.25165,296.65167,292.75165,282.15167,280.25165,285.75165,293.55167,297.05167
294.95166,299.65167,299.75165,299.85165,297.55167,293.55167,294.35165,294.05167,291.95166,293.05167,293.55167,292.55167,295.75165,294.25165,291.85165,293.15167,294.35165,294.25165,294.95166,296.65167,296.95166,300.15167,299.05167,299.85165,300.25165,298.35165,297.15167,294.65167,294.95166,297.65167,299.95166,293.95166,284.75165,276.25165,287.25165,295.85165,298.45166,301.85165,302.85165,302.05167,300.25165
291.35165,289.45166,297.95166,299.05167,299.65167,299.35165,293.65167,293.45166,291.85165,291.45166,292.75165,291.55167,294.25165,294.85165,293.45166,292.45166,293.45166,294.35165,296.75165,298.75165,297.05167,297.25165,295.65167,296.75165,296.85165,297.75165,297.25165,293.55167,297.45166,297.15167,296.65167,297.95166,296.25165,294.55167,292.25165,294.15167,288.75165,290.85165,298.55167,302.15167,301.15167
289.45166,288.45166,292.75165,292.75165,293.45166,291.15167,294.25165,289.95166,291.75165,291.75165,289.95166,290.75165,292.05167,292.45166,292.65167,294.25165,293.55167,293.95166,297.05167,293.95166,293.35165,294.45166,295.45166,297.05167,294.95166,296.25165,297.05167,298.15167,297.45166,296.15167,296.05167,295.75165,296.95166,298.25165,294.35165,293.25165,290.45166,287.55167,284.05167,282.95166,295.55167
290.95166,289.25165,291.35165,289.45166,292.15167,291.05167,292.05167,290.85165,290.25165,289.15167,289.55167,289.85165,289.65167,293.95166,293.55167,295.95166,292.45166,294.05167,292.75165,289.75165,291.35165,291.55167,292.95166,292.45166,294.15167,292.25165,292.65167,293.75165,292.25165,293.45166,292.95166,293.25165,291.85165,289.95166,290.65167,292.45166,293.35165,289.35165,291.45166,292.45166,291.35165
289.25165,288.45166,290.05167,288.65167,290.45166,290.55167,289.55167,289.65167,289.15167,287.35165,288.35165,290.95166,290.45166,292.45166,291.25165,292.35165,292.65167,292.35165,292.85165,291.15167,288.55167,288.95166,290.75165,290.25165,290.25165,291.65167,288.65167,289.05167,287.35165,286.15167,288.15167,288.65167,288.35165,290.45166,289.95166,287.95166,288.75165,288.75165,278.25165,278.15167,276.35165
287.45166,289.35165,289.15167,288.45166,287.25165,286.85165,287.95166,287.65167,287.75165,287.65167,286.75165,288.05167,286.05167,287.15167,291.15167,291.45166,292.25165,291.45166,289.25165,291.75165,289.35165,288.95166,290.75165,288.95166,290.25165,290.35165,291.35165,289.05167,286.85165,288.05167,288.65167,290.75165,291.45166,290.65167,289.05167,287.45166,286.05167,284.75165,278.35165,281.85165,279.45166
289.85165,286.05167,286.15167,287.35165,283.35165,285.05167,289.35165,284.95166,284.35165,285.05167,285.05167,285.05167,287.35165,285.35165,285.15167,287.05167,286.35165,289.05167,286.95166,285.75165,286.45166,287.45166,289.05167,288.45166,288.25165,290.15167,289.55167,289.55167,289.45166,289.75165,290.45166,291.55167,290.05167,289.35165,287.35165,284.65167,283.45166,280.65167,282.25165,283.65167,280.85165
283.05167,284.75165,284.45166,284.05167,282.85165,285.55167,286.15167,286.15167,286.95166,286.75165,278.65167,285.05167,284.55167,283.95166,284.05167,284.25165,287.15167,287.95166,287.75165,287.45166,283.15167,282.65167,284.75165,287.65167,287.35165,288.95166,290.15167,290.25165,291.65167,290.95166,288.55167,289.25165,289.05167,286.25165,286.35165,285.75165,285.55167,283.95166,284.15167,286.55167,287.25165
281.05167,280.45166,282.35165,282.15167,282.35165,281.95166,281.55167,282.15167,283.75165,280.55167,281.75165,276.95166,281.75165,279.15167,280.95166,282.05167,282.85165,283.15167,287.05167,285.55167,285.15167,280.15167,279.75165,281.25165,285.95166,285.75165,289.75165,289.25165,292.65167,289.95166,289.25165,287.85165,286.85165,286.75165,285.55167,284.75165,284.55167,284.85165,284.75165,283.85165,284.35165
284.25165,281.95166,287.15167,283.25165,284.15167,281.95166,279.75165,280.25165,280.55167,282.25165,280.35165,276.15167,277.95166,281.35165,279.35165,280.75165,280.45166,280.15167,280.35165,281.25165,283.25165,285.95166,286.65167,281.55167,284.35165,284.35165,285.75165,287.25165,287.65167,289.65167,288.45166,286.45166,285.75165,284.45166,283.75165,283.45166,283.25165,283.25165,283.05167,282.95166,283.75165
284.85165,285.65167,290.95166,281.85165,281.75165,281.05167,282.95166,281.25165,279.85165,282.05167,280.65167,280.95166,277.25165,277.45166,278.45166,280.15167,279.85165,279.35165,279.85165,283.95166,280.55167,285.05167,283.65167,281.15167,280.75165,282.45166,285.05167,284.65167,285.35165,289.25165,287.05167,286.15167,285.35165,285.85165,284.05167,283.95166,284.25165,282.75165,282.15167,283.75165,283.45166
