wind_kz.json
{"header": {"discipline":0,"disciplineName":"Meteorological products","gribEdition":2,"gribLength":1025,"center":7,"centerName":"US National Weather Service - NCEP(WMC)","subcenter":0,"refTime":"2024-02-02T00:00:00.000Z","significanceOfRT":1,"significanceOfRTName":"Start of forecast","productStatus":0,"productStatusName":"Operational products","productType":1,"productTypeName":"Forecast products","productDefinitionTemplate":0,"productDefinitionTemplateName":"Analysis/forecast at horizontal level/layer at a point in time","parameterCategory":2,"parameterCategoryName":"UnknownDiscipline_0_Category_2","parameterNumber":2,"parameterNumberName":"UnknownParameter_D0_C2_2","parameterUnit":"Unknown","genProcessType":2,"genProcessTypeName":"Forecast","forecastTime":60,"surface1Type":103,"surface1TypeName":"Specified height level above ground","surface1Value":10.0,"surface2Type":255,"surface2TypeName":"Missing","surface2Value":0.0,"gridDefinitionTemplate":0,"gridDefinitionTemplateName":"Latitude_Longitude","numberPoints":615,"shape":6,"shapeName":"Earth spherical with radius of 6,371,229.0 m","gridUnits":"degrees","resolution":48,"winds":"true","scanMode":64,"nx":41,"ny":15,"basicAngle":0,"lo1":47.0,"la1":41.0,"lo2":87.0,"la2":55.0,"dx":1.0,"dy":1.0}, "data":
[rows 0 to 14 of 15, columns 0 to 40 of 41]
4.8105836,2.3505836,-0.2994165,3.3005836,5.2905836,2.8005836,2.6205835,-0.6294165,-1.3294165,-0.8194165,-0.41941652,-0.3694165,-0.3794165,-0.20941651,-1.1094165,-0.55941653,0.1605835,0.9305835,0.6305835,3.9805834,0.8405835,2.2205834,0.5605835,-0.10941651,-0.1894165,-1.3294165,-1.0594165,-0.7294165,-0.5494165,1.0405835,1.0505835,0.7605835,-0.4994165,-0.7294165,0.7605835,0.5205835,1.8905835,0.6205835,-1.0394166,-1.9994165,1.9205835
1.1305835,-0.7994165,0.090583496,2.2705834,2.0205834,1.9005835,2.1005836,0.2205835,1.0405835,1.1805835,-0.7794165,-0.44941652,-1.0294166,-1.3994164,-1.8294165,-1.4094166,-0.74941653,-0.6594165,-0.4794165,2.3805835,3.7505834,1.6805835,-0.12941651,0.2405835,0.3105835,0.8105835,-1.2294165,-0.019416504,-2.4894166,-0.99941653,0.1405835,-0.6894165,0.5705835,-1.6294165,-0.2894165,-0.029416503,-0.2694165,-0.2694165,-2.3394165,0.1105835,-0.41941652
-1.3794165,-1.4394165,-2.4794166,-4.2694163,-6.6494164,-4.2794166,-1.4694165,-0.049416505,-2.7294166,-0.9494165,-0.4994165,-1.5794165,-2.2094164,-2.5994165,-1.2494165,0.010583496,0.5205835,-0.6094165,0.4705835,0.4305835,0.4205835,1.4305835,0.3805835,2.1805835,-0.9494165,-0.5294165,-1.0094165,-0.4294165,-0.4694165,-0.5794165,-0.2494165,0.030583495,0.7605835,-0.0994165,-0.3694165,-0.6194165,0.33058348,0.4105835,0.8905835,1.2005835,0.1205835
-2.2594166,-1.2394165,-2.2694166,-2.4294164,-0.7994165,-1.9394165,-3.5294166,-1.8194165,-1.0694165,0.4605835,0.2705835,0.6505835,0.9205835,1.4805835,0.6605835,0.2205835,0.6505835,0.8705835,0.2805835,-0.2194165,-1.6194165,-0.9794165,-2.6594164,0.2905835,2.8905835,2.7105834,2.3705835,0.2805835,2.8005836,-0.3394165,-2.0394166,-1.9994165,-0.7994165,0.090583496,-0.20941651,-1.1894165,-1.9694165,1.8605835,0.4905835,-0.2794165,0.3905835
2.2905836,1.1905835,2.1205835,1.0005835,1.0105835,-0.019416504,-0.6894165,0.3505835,0.9505835,1.4305835,0.5805835,2.4605834,3.3605835,3.2805834,3.2505834,0.6105835,0.3405835,-0.12941651,0.7605835,0.8205835,1.5705835,0.6505835,-0.4794165,0.7205835,2.2105834,2.9305835,3.5205834,2.3505836,-0.0694165,1.1605835,0.8405835,-1.3594165,-2.2694166,1.3005835,1.4705834,0.5405835,-0.0994165,-0.5894165,-0.3194165,-0.74941653,-0.38941652
5.1505833,4.6105833,3.8505836,3.7205834,3.3805835,0.5405835,3.2305834,1.9005835,1.4605834,2.1605835,2.1805835,1.8505836,4.0805836,4.0505834,1.5405835,-0.3494165,0.0805835,0.5205835,1.3005835,1.4605834,1.2605835,2.9005835,1.5405835,1.7105834,1.6105835,0.8005835,-1.8994164,0.1305835,-1.8494165,-1.3694165,-1.5194165,-2.0594165,-0.7094165,-0.2494165,0.020583495,-3.7294166,0.7105835,-1.5494165,-0.019416504,0.060583495,0.2405835
8.710584,9.080584,8.440583,6.8705835,5.4405837,3.5505836,3.5405836,4.0005836,3.5505836,2.6205835,1.5805835,1.9005835,1.7305835,2.0205834,0.7605835,0.2705835,0.5705835,1.0605835,1.4905835,1.1305835,1.4405835,2.4405835,2.0105834,1.4605834,0.3505835,-1.3494165,-0.5494165,-1.9694165,-0.9594165,-2.2894166,-2.2194166,-1.8694165,-0.99941653,-3.0794165,-2.2994165,-1.5194165,-1.3394165,2.9805834,-1.8594165,0.9805835,1.7005835
6.9705834,8.610583,9.520583,9.390583,7.9905834,7.2705836,6.0205836,4.8605833,4.6005836,3.3005836,2.3205836,3.2105834,2.4405835,2.9505835,1.8405834,1.2505835,0.8305835,1.5905834,1.1905835,1.4705834,2.9505835,2.0305834,1.6905835,1.1305835,1.2205834,-0.039416503,0.4605835,-1.3694165,0.1705835,-0.059416503,-0.019416504,-1.4894165,-2.0094166,2.0105834,-1.4194165,0.4705835,0.5705835,0.5905835,-0.8694165,-2.9694166,-2.1594164
6.6405835,7.2405834,8.260584,8.700583,8.210584,6.6005836,5.4105835,4.0705833,3.6105835,3.7405834,3.0605836,2.9005835,4.5005836,3.1305835,2.4405835,1.5905834,1.5305835,0.9605835,1.8005835,1.7305835,3.9105835,2.9405835,2.0705836,1.5505835,2.5705836,2.7105834,2.4305835,-0.5994165,1.3405834,-0.5694165,2.5305834,2.0305834,5.9005833,-0.3094165,-2.6994164,-2.4894166,-0.4294165,-1.1994165,-1.5694165,0.7805835,-2.1094165
6.6805835,6.7105837,6.2405834,5.5805836,5.3205833,4.0705833,3.1205835,1.6605835,1.4205835,2.1105835,2.2405834,2.5405836,3.1205835,2.8005836,2.8105836,2.1305835,2.0405836,2.0305834,1.9905835,2.0805836,4.0405836,4.7305837,2.9005835,2.6705835,2.6805835,3.4905834,4.3705835,5.3505836,3.7905836,3.6405835,2.7605834,3.2305834,3.4105835,-0.1394165,-1.7794166,-1.0894165,-2.7394166,-0.5994165,-0.9894165,0.4605835,-1.3394165
6.0805836,5.0005836,3.8705835,2.6605835,1.8105835,0.0805835,-0.5894165,-0.1994165,-0.3794165,0.4505835,0.7805835,2.0505836,1.8305835,3.4005835,3.7605834,3.0805836,2.3605835,2.9805834,2.6005836,2.5405836,4.0305834,3.7105834,5.0205836,5.9305835,5.5805836,4.8605833,5.5805836,5.0405836,6.9405837,4.9805837,5.2705836,1.3405834,-0.6794165,-0.089416504,-0.6594165,-0.3994165,-1.0294166,0.7705835,-1.1294165,1.4005835,-1.2294165
3.4705834,3.0405836,1.7005835,-0.2894165,-1.5994165,-1.7394165,-1.7294165,-1.2494165,-0.9094165,-1.5994165,0.7805835,3.0705836,2.3505836,3.6705835,4.6305833,3.2705834,3.6205835,4.4905834,3.1305835,3.8305836,3.9105835,4.5405836,4.5405836,5.6205835,6.6905837,7.4705834,6.4405837,6.8005834,6.4005833,6.8005834,5.0305834,2.6605835,1.5405835,1.7105834,1.4605834,3.3705835,4.3205833,1.5205835,-0.3194165,-0.4694165,-0.44941652
1.5905834,0.1205835,-0.9494165,-1.4394165,-1.4194165,-1.6594166,-1.9394165,-1.2394165,-1.3994164,-0.23941651,0.75058347,3.0205834,2.2605834,4.2805834,4.8305836,4.5405836,4.1005836,3.8705835,3.3205836,4.0205836,3.9005835,3.9005835,5.1805835,4.8205833,6.4505835,6.7805834,7.1905837,6.2405834,6.2005835,5.8405833,4.7405834,4.9805837,3.3005836,2.3405836,2.5705836,2.6405835,3.5105834,2.8805835,1.4205835,-0.0994165,0.10058349
-0.1494165,-1.0594165,-1.7294165,-2.4994166,-2.1294165,-2.5294166,-2.0594165,-1.7394165,-0.7594165,-0.44941652,0.4205835,1.8405834,4.3705835,4.4005833,3.8705835,5.2505836,4.9905834,4.7905836,3.1105835,4.5305834,4.1305833,5.0905833,6.0105834,6.0705833,6.5405836,6.7905836,6.1905837,6.2405834,5.2105837,5.0205836,4.4105835,3.1005836,1.9805835,1.6405835,1.6105835,1.6105835,1.3605835,2.2005835,2.6805835,3.3505836,3.0605836
-1.1594166,-2.5794165,-2.1494164,-2.7994165,-2.5394166,-1.7594165,-1.6894165,-1.0994165,-0.9894165,-0.059416503,1.1705835,3.1905835,2.5105834,1.5805835,3.6205835,4.7205834,3.8505836,4.0305834,3.5205834,4.1705837,4.1205835,5.0905833,5.2105837,5.9805837,7.9005833,7.5505834,6.3405833,6.6605835,4.3805833,3.0705836,1.5005835,-0.2894165,-0.2294165,-0.41941652,-0.1594165,0.4505835,0.9605835,2.0205834,2.2605834,2.1205835,1.8705835
