wind.json
{"header": {"discipline":0,"disciplineName":"Meteorological products","gribEdition":2,"gribLength":953,"center":7,"centerName":"US National Weather Service - NCEP(WMC)","subcenter":0,"refTime":"2023-06-30T18:00:00.000Z","significanceOfRT":1,"significanceOfRTName":"Start of forecast","productStatus":0,"productStatusName":"Operational products","productType":1,"productTypeName":"Forecast products","productDefinitionTemplate":0,"productDefinitionTemplateName":"Analysis/forecast at horizontal level/layer at a point in time","parameterCategory":0,"parameterCategoryName":"UnknownDiscipline_0_Category_0","parameterNumber":0,"parameterNumberName":"UnknownParameter_D0_C0_0","parameterUnit":"Unknown","genProcessType":2,"genProcessTypeName":"Forecast","forecastTime":240,"surface1Type":1,"surface1TypeName":"Ground or water surface","surface1Value":0.0,"surface2Type":255,"surface2TypeName":"Missing","surface2Value":0.0,"gridDefinitionTemplate":0,"gridDefinitionTemplateName":"Latitude_Longitude","numberPoints":688,"shape":6,"shapeName":"Earth spherical with radius of 6,371,229.0 m","gridUnits":"degrees","resolution":48,"winds":"true","scanMode":64,"nx":43,"ny":16,"basicAngle":0,"lo1":45.0,"la1":40.0,"lo2":87.0,"la2":55.0,"dx":1.0,"dy":1.0}, "data":
[rows 0 to 15 of 16, columns 0 to 42 of 43]
288.2536,283.6536,301.35358,302.85358,302.35358,298.5536,297.85358,296.1536,304.95358,304.85358,307.0536,305.0536,305.2536,303.45358,302.1536,306.0536,306.0536,306.1536,304.1536,305.0536,302.2536,301.85358,296.35358,299.0536,299.0536,292.2536,292.95358,286.2536,281.5536,280.95358,284.0536,295.95358,298.0536,297.35358,297.6536,301.85358,303.95358,301.6536,303.95358,303.2536,299.6536,301.6536,301.6536
293.35358,303.5536,302.85358,292.6536,298.5536,297.45358,297.6536,295.85358,303.45358,308.45358,306.2536,304.7536,303.85358,305.95358,305.45358,305.6536,306.5536,303.35358,304.5536,304.1536,303.1536,302.2536,302.1536,297.85358,297.45358,291.95358,295.7536,296.35358,294.45358,281.2536,280.95358,280.5536,280.45358,278.95358,290.2536,298.0536,302.45358,303.35358,302.85358,301.45358,301.0536,302.1536,301.85358
292.6536,290.45358,280.7536,297.45358,297.85358,297.45358,297.1536,294.5536,305.95358,306.35358,304.35358,304.7536,304.95358,303.1536,302.35358,302.5536,301.85358,301.95358,303.1536,302.45358,300.85358,299.7536,299.35358,299.2536,296.6536,286.6536,275.0536,276.2536,286.45358,278.45358,281.0536,278.35358,283.85358,276.1536,283.95358,266.45358,277.85358,297.45358,298.6536,300.1536,303.35358,297.2536,285.6536
291.35358,297.0536,299.0536,297.7536,297.6536,297.5536,296.35358,305.6536,305.7536,304.6536,303.5536,302.45358,300.95358,300.85358,298.2536,299.6536,302.7536,301.6536,300.35358,300.45358,298.2536,295.95358,300.1536,297.85358,299.5536,291.2536,292.35358,292.95358,293.5536,290.5536,290.35358,284.0536,277.2536,276.5536,286.45358,283.35358,284.5536,285.0536,277.85358,282.85358,285.0536,282.45358,281.35358
301.35358,305.6536,296.2536,298.5536,298.6536,297.85358,299.0536,302.35358,304.2536,303.5536,303.7536,302.6536,300.95358,298.95358,295.2536,294.85358,299.35358,300.1536,302.7536,300.35358,299.6536,298.95358,297.5536,293.85358,297.7536,301.2536,298.35358,299.45358,300.0536,295.45358,295.7536,296.35358,298.5536,297.45358,299.85358,297.1536,295.0536,290.35358,280.95358,280.5536,286.1536,297.85358,301.1536
298.1536,307.0536,303.0536,299.1536,299.0536,299.7536,301.2536,305.2536,304.85358,305.35358,304.35358,303.1536,300.95358,299.95358,295.85358,295.1536,292.2536,302.95358,302.45358,300.6536,298.6536,301.7536,301.45358,302.5536,301.1536,299.6536,298.95358,297.95358,297.1536,295.45358,297.6536,297.35358,301.1536,293.2536,282.85358,274.45358,285.95358,298.85358,297.7536,302.95358,303.85358,303.6536,302.7536
303.85358,306.35358,303.35358,297.95358,299.5536,299.1536,298.7536,298.5536,305.7536,306.7536,305.2536,304.0536,302.85358,301.85358,295.2536,294.45358,297.1536,301.1536,301.5536,302.35358,302.7536,303.2536,301.0536,300.5536,298.85358,296.85358,299.2536,296.0536,296.85358,290.5536,298.35358,300.95358,298.85358,298.6536,296.35358,291.2536,293.7536,293.85358,290.6536,293.35358,301.45358,301.6536,302.0536
305.5536,305.95358,301.95358,302.1536,306.95358,305.0536,302.35358,303.5536,306.0536,305.5536,306.5536,306.6536,304.1536,303.35358,302.35358,301.7536,300.95358,300.95358,301.45358,302.45358,301.95358,300.35358,299.5536,299.85358,300.5536,300.7536,298.35358,298.1536,296.45358,298.2536,297.35358,299.0536,297.6536,298.35358,298.85358,299.5536,295.1536,295.2536,291.0536,287.2536,281.35358,282.6536,296.85358
303.45358,303.85358,301.85358,306.0536,308.1536,307.1536,306.5536,306.1536,305.85358,305.0536,303.35358,303.45358,303.0536,301.95358,301.95358,303.7536,301.95358,302.95358,302.7536,303.6536,301.1536,298.5536,298.85358,298.1536,298.1536,299.45358,297.7536,293.85358,295.0536,296.7536,294.95358,295.85358,294.35358,294.95358,292.85358,291.2536,289.2536,293.0536,295.45358,288.6536,293.35358,293.5536,287.0536
294.2536,303.6536,304.5536,301.35358,306.45358,305.2536,306.95358,305.1536,304.0536,306.0536,303.95358,301.85358,298.35358,300.35358,297.7536,302.2536,300.45358,302.5536,302.85358,305.0536,300.5536,299.7536,296.0536,295.85358,297.95358,296.7536,295.5536,296.0536,291.6536,290.85358,289.85358,293.45358,294.6536,294.45358,292.7536,294.2536,290.7536,289.35358,290.85358,287.85358,278.0536,280.2536,276.5536
297.35358,298.6536,304.35358,306.1536,306.45358,304.35358,305.1536,304.0536,303.7536,304.45358,302.1536,300.5536,297.85358,296.2536,299.2536,299.45358,300.35358,305.2536,301.85358,299.2536,301.5536,302.6536,296.0536,298.45358,300.2536,298.7536,296.85358,293.1536,291.35358,290.7536,291.35358,289.7536,291.5536,295.2536,296.35358,295.85358,292.7536,291.35358,288.2536,287.35358,281.6536,277.5536,278.6536
292.5536,293.1536,301.6536,305.1536,305.0536,305.35358,302.45358,302.2536,301.45358,301.0536,300.95358,299.5536,297.1536,296.95358,298.6536,298.6536,297.7536,299.6536,298.1536,299.95358,300.2536,300.6536,297.6536,297.7536,295.85358,295.6536,293.7536,294.45358,291.45358,294.0536,294.45358,296.2536,296.1536,295.6536,295.45358,295.5536,292.2536,288.7536,286.7536,282.5536,282.0536,283.7536,281.45358
294.95358,296.1536,299.2536,298.1536,300.35358,300.2536,300.1536,298.85358,299.5536,299.7536,297.1536,296.85358,295.1536,296.95358,297.35358,294.35358,294.35358,295.45358,295.6536,295.7536,297.5536,296.85358,296.1536,296.0536,295.45358,294.95358,294.5536,295.6536,293.1536,296.7536,296.5536,296.6536,293.35358,293.85358,294.7536,291.6536,292.2536,291.1536,290.5536,289.85358,289.35358,287.85358,287.0536
292.5536,294.6536,298.45358,298.85358,300.0536,299.1536,299.0536,302.35358,299.45358,294.2536,295.45358,294.0536,294.85358,292.0536,292.0536,290.7536,291.5536,293.85358,293.85358,295.6536,293.5536,294.95358,293.85358,293.45358,293.85358,293.0536,296.2536,295.95358,299.95358,294.7536,294.6536,292.5536,292.95358,292.2536,291.7536,291.35358,290.45358,290.0536,289.35358,291.2536,291.85358,291.0536,287.95358
289.85358,290.2536,293.95358,292.35358,293.45358,299.45358,296.45358,295.6536,295.45358,296.2536,295.1536,294.6536,293.6536,291.6536,288.6536,289.5536,290.45358,291.6536,291.95358,290.95358,291.95358,296.1536,294.45358,291.7536,292.35358,292.45358,293.45358,293.7536,292.35358,291.7536,293.35358,292.5536,291.2536,289.95358,289.1536,289.2536,288.35358,288.35358,288.6536,288.0536,287.7536,287.1536,287.2536
286.45358,288.45358,289.5536,291.2536,292.0536,292.95358,294.45358,296.6536,293.85358,294.5536,293.5536,292.6536,293.35358,290.7536,291.1536,290.2536,291.0536,291.6536,291.95358,291.6536,293.0536,292.6536,291.7536,290.85358,290.2536,289.7536,290.45358,290.45358,290.35358,291.0536,291.7536,290.5536,289.45358,285.85358,287.6536,287.1536,286.85358,286.95358,286.45358,284.95358,285.0536,285.1536,285.6536
