wind_kz.json
{"header": {"discipline":0,"disciplineName":"Meteorological products","gribEdition":2,"gribLength":871,"center":7,"centerName":"US National Weather Service - NCEP(WMC)","subcenter":0,"refTime":"2023-08-28T12:00:00.000Z","significanceOfRT":1,"significanceOfRTName":"Start of forecast","productStatus":0,"productStatusName":"Operational products","productType":1,"productTypeName":"Forecast products","productDefinitionTemplate":0,"productDefinitionTemplateName":"Analysis/forecast at horizontal level/layer at a point in time","parameterCategory":0,"parameterCategoryName":"UnknownDiscipline_0_Category_0","parameterNumber":0,"parameterNumberName":"UnknownParameter_D0_C0_0","parameterUnit":"Unknown","genProcessType":2,"genProcessTypeName":"Forecast","forecastTime":180,"surface1Type":1,"surface1TypeName":"Ground or water surface","surface1Value":0.0,"surface2Type":255,"surface2TypeName":"Missing","surface2Value":0.0,"gridDefinitionTemplate":0,"gridDefinitionTemplateName":"Latitude_Longitude","numberPoints":615,"shape":6,"shapeName":"Earth spherical with radius of 6,371,229.0 m","gridUnits":"degrees","resolution":48,"winds":"true","scanMode":64,"nx":41,"ny":15,"basicAngle":0,"lo1":47.0,"la1":41.0,"lo2":87.0,"la2":55.0,"dx":1.0,"dy":1.0}, "data":
[rows 0 to 14 of 15, columns 0 to 40 of 41]
292.90363,285.5036,287.7036,298.7036,298.5036,297.1036,296.7036,296.30362,293.7036,293.2036,291.1036,293.1036,292.90363,292.7036,291.7036,290.0036,288.40363,289.0036,287.7036,288.2036,289.7036,285.6036,282.2036,281.1036,286.0036,291.7036,288.6036,276.6036,273.80362,272.6036,272.1036,273.90363,286.30362,294.1036,297.30362,297.5036,298.0036,296.30362,295.80362,295.90363,295.5036
276.6036,288.0036,298.1036,299.0036,298.80362,296.90363,295.40363,293.80362,291.5036,291.0036,291.1036,289.40363,288.80362,288.40363,290.2036,290.30362,289.2036,287.1036,285.6036,286.0036,286.6036,287.7036,285.80362,278.7036,270.40363,270.6036,279.40363,272.6036,273.7036,272.80362,277.0036,270.6036,277.1036,264.2036,275.6036,292.2036,291.0036,294.1036,299.0036,289.90363,284.0036
290.1036,297.90363,298.5036,298.6036,297.0036,294.30362,293.30362,291.90363,289.90363,289.30362,288.40363,288.30362,286.1036,287.6036,287.90363,286.80362,286.2036,285.40363,284.0036,285.0036,286.1036,284.6036,288.80362,282.6036,283.80362,282.40363,284.2036,286.40363,285.0036,278.30362,273.0036,274.5036,277.80362,279.90363,282.80362,281.80362,274.5036,278.6036,279.7036,277.2036,277.5036
291.1036,298.1036,298.80362,297.7036,295.0036,292.7036,293.0036,290.90363,290.6036,289.80362,289.1036,288.2036,294.40363,293.7036,288.7036,286.30362,289.1036,289.0036,286.30362,285.80362,285.40363,281.6036,286.80362,287.1036,287.6036,288.5036,287.0036,284.5036,284.90363,286.2036,289.0036,282.80362,289.80362,291.1036,289.2036,284.5036,277.90363,276.5036,281.2036,288.80362,291.7036
291.6036,297.0036,297.90363,297.0036,294.90363,292.6036,292.90363,291.6036,291.2036,290.80362,289.7036,288.30362,294.2036,292.80362,290.7036,289.80362,289.2036,288.5036,290.7036,287.90363,288.5036,288.1036,284.6036,288.0036,285.40363,286.1036,286.90363,288.6036,286.30362,286.6036,288.30362,285.7036,275.0036,272.7036,283.0036,290.30362,291.7036,295.6036,295.30362,295.2036,295.6036
290.6036,288.80362,295.30362,295.2036,296.0036,295.5036,292.0036,293.1036,291.40363,291.1036,291.0036,290.40363,293.1036,294.0036,291.90363,288.5036,290.40363,289.5036,288.7036,288.7036,287.2036,287.5036,288.90363,286.80362,289.5036,284.5036,286.1036,292.30362,287.40363,288.30362,287.2036,289.40363,287.90363,290.0036,287.1036,290.1036,281.30362,283.2036,290.40363,295.90363,294.6036
289.40363,287.7036,292.5036,292.2036,292.1036,289.1036,290.1036,290.5036,290.90363,292.1036,290.80362,290.1036,289.7036,290.1036,288.90363,290.30362,290.2036,290.40363,289.1036,290.80362,286.30362,286.7036,287.90363,289.90363,287.7036,288.0036,289.5036,287.30362,287.1036,287.80362,286.7036,289.5036,286.6036,289.2036,288.2036,287.5036,283.80362,281.80362,280.90363,281.0036,291.30362
291.5036,290.2036,288.7036,288.0036,291.7036,291.2036,290.80362,289.7036,288.7036,288.80362,288.0036,288.5036,288.40363,289.30362,290.90363,291.7036,291.7036,290.90363,290.80362,288.40363,287.90363,285.0036,285.1036,285.80362,287.6036,283.1036,285.7036,286.30362,282.30362,285.90363,284.80362,284.90363,283.1036,282.80362,282.6036,286.90363,291.2036,289.40363,291.90363,291.40363,287.2036
290.5036,288.30362,288.1036,288.6036,288.2036,289.30362,289.0036,288.40363,286.90363,286.7036,286.7036,286.90363,287.1036,291.2036,291.5036,291.2036,289.2036,290.2036,289.1036,288.90363,286.80362,286.1036,285.5036,284.0036,283.90363,286.0036,283.90363,281.30362,279.80362,279.90363,280.6036,283.2036,283.1036,285.5036,287.2036,283.0036,285.5036,283.80362,278.5036,275.5036,276.6036
288.7036,287.90363,288.1036,288.2036,286.1036,285.1036,284.7036,285.90363,286.80362,286.0036,286.30362,286.30362,290.0036,290.7036,289.90363,289.90363,290.1036,289.2036,286.7036,288.7036,287.1036,287.0036,287.6036,285.30362,284.5036,283.30362,282.40363,282.2036,281.40363,283.80362,284.1036,284.2036,286.0036,285.5036,284.5036,284.2036,284.80362,280.1036,275.0036,277.40363,275.2036
288.5036,285.7036,287.0036,287.2036,289.80362,286.0036,286.90363,285.7036,285.1036,285.0036,285.90363,289.7036,289.80362,287.90363,285.90363,287.30362,288.80362,289.0036,286.80362,286.5036,286.80362,286.5036,286.40363,284.7036,284.90363,284.5036,283.7036,282.90363,283.0036,284.0036,284.80362,286.0036,287.6036,284.80362,284.30362,285.6036,281.80362,280.1036,276.6036,280.5036,278.1036
287.90363,290.5036,288.6036,286.0036,286.1036,285.6036,285.40363,284.90363,285.5036,286.6036,287.7036,288.30362,288.40363,287.0036,287.2036,288.2036,287.80362,286.90363,287.30362,286.7036,285.40363,284.7036,285.30362,285.30362,283.80362,284.80362,283.2036,284.5036,284.6036,284.80362,283.80362,284.0036,286.7036,282.0036,282.6036,284.40363,283.0036,282.7036,281.90363,282.0036,281.40363
288.6036,289.2036,287.80362,285.40363,285.40363,285.80362,285.5036,283.90363,288.40363,289.40363,285.0036,285.0036,286.40363,286.1036,287.0036,287.1036,287.2036,286.7036,287.40363,285.90363,285.2036,283.90363,284.1036,284.6036,284.80362,285.6036,285.80362,285.1036,285.40363,284.2036,284.40363,283.5036,283.0036,282.90363,282.6036,282.30362,282.1036,282.40363,281.80362,281.90363,282.0036
283.2036,285.5036,287.7036,285.7036,284.6036,284.80362,286.80362,288.80362,289.5036,286.80362,285.5036,284.1036,284.6036,284.2036,286.2036,285.7036,286.5036,286.30362,286.40363,286.0036,285.6036,284.30362,285.90363,286.0036,285.30362,286.40363,285.5036,284.90363,284.2036,285.5036,284.40363,284.2036,282.80362,282.1036,281.90363,280.90363,282.5036,282.7036,282.2036,282.30362,281.0036
287.30362,285.90363,289.7036,285.30362,286.30362,288.90363,288.7036,287.1036,287.6036,287.1036,286.2036,284.7036,284.5036,283.90363,285.5036,285.80362,284.40363,284.5036,285.30362,284.0036,283.90363,282.7036,285.7036,282.80362,282.90363,284.40363,285.2036,285.6036,285.2036,285.40363,282.80362,282.90363,282.1036,284.30362,284.40363,283.6036,283.30362,284.0036,285.0036,283.90363,283.5036
