wind_kz.json
{"header": {"discipline":0,"disciplineName":"Meteorological products","gribEdition":2,"gribLength":948,"center":7,"centerName":"US National Weather Service - NCEP(WMC)","subcenter":0,"refTime":"2025-04-05T12:00:00.000Z","significanceOfRT":1,"significanceOfRTName":"Start of forecast","productStatus":0,"productStatusName":"Operational products","productType":1,"productTypeName":"Forecast products","productDefinitionTemplate":0,"productDefinitionTemplateName":"Analysis/forecast at horizontal level/layer at a point in time","parameterCategory":0,"parameterCategoryName":"UnknownDiscipline_0_Category_0","parameterNumber":0,"parameterNumberName":"UnknownParameter_D0_C0_0","parameterUnit":"Unknown","genProcessType":2,"genProcessTypeName":"Forecast","forecastTime":120,"surface1Type":1,"surface1TypeName":"Ground or water surface","surface1Value":0.0,"surface2Type":255,"surface2TypeName":"Missing","surface2Value":0.0,"gridDefinitionTemplate":0,"gridDefinitionTemplateName":"Latitude_Longitude","numberPoints":615,"shape":6,"shapeName":"Earth spherical with radius of 6,371,229.0 m","gridUnits":"degrees","resolution":48,"winds":"true","scanMode":64,"nx":41,"ny":15,"basicAngle":0,"lo1":47.0,"la1":41.0,"lo2":87.0,"la2":55.0,"dx":1.0,"dy":1.0}, "data":
[rows 0 to 14 of 15, columns 0 to 40 of 41]
293.95386,285.95386,281.45386,282.45386,283.15387,283.65387,288.65387,301.95386,304.65387,312.55386,313.55386,312.75385,310.25385,310.45386,309.65387,309.95386,309.25385,309.15387,309.75385,305.55386,306.05386,302.55386,299.75385,294.75385,299.15387,299.25385,292.05386,275.25385,278.15387,271.65387,277.05386,277.05386,290.15387,293.95386,293.65387,292.45386,293.75385,293.65387,293.85385,294.65387,294.05386
272.65387,278.15387,281.75385,281.95386,282.55386,282.95386,291.95386,300.55386,303.25385,302.45386,311.25385,310.45386,311.55386,310.55386,309.85385,308.45386,307.35385,307.05386,305.55386,305.25385,305.25385,302.45386,295.65387,287.55386,271.25385,279.35385,290.05386,279.15387,283.45386,274.15387,280.55386,263.45386,273.25385,254.65385,267.35385,288.45386,286.25385,288.55386,291.15387,285.35385,281.45386
281.35385,280.75385,281.55386,282.05386,281.95386,295.05386,297.85385,302.25385,303.15387,299.05386,303.25385,306.55386,310.35385,310.25385,307.65387,306.35385,306.55386,304.95386,304.45386,304.45386,304.65387,302.95386,299.25385,290.15387,294.35385,292.85385,293.65387,293.95386,292.05386,284.25385,270.65387,276.75385,285.35385,285.85385,283.95386,283.05386,273.55386,270.35385,273.25385,271.85385,267.75385
284.05386,281.15387,280.35385,281.55386,283.75385,290.35385,295.85385,298.55386,301.95386,295.25385,300.85385,305.45386,285.85385,286.55386,304.55386,306.55386,305.15387,305.55386,305.25385,305.85385,305.05386,296.85385,299.85385,298.25385,298.05386,297.15387,296.35385,291.35385,291.25385,291.65387,292.85385,291.95386,298.35385,297.65387,293.65387,288.05386,274.05386,262.45386,276.25385,284.85385,288.55386
283.65387,281.55386,281.15387,281.95386,282.65387,289.05386,294.05386,292.35385,297.85385,299.75385,299.95386,298.45386,284.55386,284.05386,281.65387,301.55386,301.95386,302.95386,303.55386,301.45386,301.85385,301.45386,299.15387,298.45386,297.15387,295.85385,292.65387,288.35385,296.05386,294.45386,295.45386,291.25385,280.45386,264.15387,281.35385,289.85385,290.05386,295.95386,291.35385,289.65387,291.45386
281.55386,282.55386,281.85385,281.35385,280.55386,280.15387,291.85385,296.05386,295.15387,298.65387,296.85385,295.25385,284.35385,282.85385,286.85385,299.15387,300.45386,301.65387,300.65387,300.95386,299.65387,298.65387,298.75385,296.35385,295.35385,292.45386,293.25385,273.05386,295.45386,294.55386,293.05386,293.95386,293.55386,291.65387,286.95386,286.65387,281.35385,283.55386,291.95386,292.25385,291.25385
280.45386,281.15387,283.45386,283.75385,283.25385,293.45386,297.05386,296.35385,296.95386,296.55386,295.45386,296.05386,296.35385,296.05386,298.75385,300.55386,300.05386,300.15387,297.15387,297.15387,295.95386,295.55386,295.05386,295.15387,292.75385,293.05386,293.55386,294.25385,293.85385,293.75385,293.15387,292.85385,293.85385,293.05386,290.85385,288.05386,283.45386,280.65387,274.85385,279.25385,288.45386
279.45386,280.85385,281.95386,282.35385,280.75385,286.45386,291.45386,291.15387,292.65387,295.65387,292.95386,293.05386,294.75385,292.85385,297.85385,297.85385,296.75385,297.15387,295.75385,294.25385,293.05386,293.55386,293.15387,292.85385,291.65387,291.15387,291.25385,292.85385,290.65387,291.55386,289.05386,291.95386,289.15387,286.05386,286.35385,288.35385,290.45386,273.05386,288.55386,287.95386,286.25385
280.75385,280.45386,279.15387,279.35385,278.05386,280.55386,282.35385,285.35385,290.65387,293.95386,293.95386,290.35385,290.25385,291.85385,295.35385,293.95386,294.25385,296.25385,294.15387,294.35385,292.55386,291.45386,292.45386,292.55386,291.65387,290.55386,289.95386,289.85385,290.45386,288.55386,289.15387,289.05386,290.35385,289.65387,288.45386,285.45386,287.25385,285.35385,269.35385,272.65387,268.25385
284.55386,283.65387,280.95386,278.65387,277.15387,278.55386,278.35385,282.95386,288.25385,288.85385,291.85385,292.55386,288.75385,289.25385,295.65387,293.45386,297.05386,295.45386,295.65387,294.95386,293.65387,291.65387,291.55386,293.15387,292.65387,291.75385,293.25385,291.05386,289.85385,290.75385,292.05386,293.05386,292.25385,289.45386,288.25385,287.25385,285.25385,284.65387,279.85385,279.65387,275.05386
288.55386,287.75385,284.65387,280.75385,274.85385,275.75385,276.35385,278.25385,285.75385,289.65387,289.25385,292.25385,291.55386,289.45386,292.15387,294.75385,294.05386,295.15387,294.55386,293.45386,294.75385,293.65387,292.65387,292.35385,291.25385,291.45386,289.85385,293.05386,293.25385,294.65387,294.75385,294.45386,292.65387,292.35385,291.45386,286.95386,282.95386,282.65387,285.05386,280.95386,278.95386
287.55386,287.35385,284.45386,282.85385,277.85385,273.45386,273.45386,274.55386,282.95386,287.95386,287.45386,290.15387,290.35385,289.95386,290.25385,292.25385,295.15387,294.45386,294.25385,294.15387,291.45386,291.45386,290.85385,290.95386,290.55386,291.65387,292.25385,293.75385,293.45386,293.85385,293.25385,292.35385,291.75385,289.55386,290.25385,288.75385,288.05386,286.05386,284.45386,284.65387,283.95386
283.45386,283.95386,283.45386,281.15387,279.15387,276.45386,273.25385,273.45386,275.45386,278.75385,285.25385,284.15387,288.85385,288.25385,290.25385,293.25385,294.45386,294.85385,292.95386,292.55386,291.85385,290.75385,292.05386,290.95386,290.55386,291.95386,292.85385,292.25385,291.15387,291.45386,291.35385,291.45386,290.95386,290.75385,288.65387,287.25385,285.95386,286.65387,283.85385,283.35385,282.05386
282.65387,281.55386,276.65387,279.45386,278.95386,277.45386,274.55386,273.25385,273.35385,275.75385,278.55386,276.95386,278.15387,282.55386,283.55386,292.85385,295.15387,292.45386,293.75385,292.65387,291.75385,291.45386,291.35385,291.55386,290.45386,290.85385,289.05386,289.55386,290.35385,289.45386,288.45386,288.05386,287.25385,286.45386,286.35385,283.55386,282.65387,282.35385,281.55386,279.85385,279.75385
280.85385,281.85385,273.25385,280.15387,279.05386,277.95386,277.75385,275.05386,274.55386,274.15387,274.95386,274.15387,274.65387,275.75385,278.45386,281.95386,284.55386,287.15387,290.45386,292.25385,292.85385,289.45386,289.95386,288.45386,287.25385,286.25385,285.75385,285.05386,284.45386,284.85385,286.55386,280.75385,286.35385,285.55386,284.45386,283.75385,282.85385,280.85385,280.75385,278.35385,277.75385
