wind.json
{"header": {"discipline":0,"disciplineName":"Meteorological products","gribEdition":2,"gribLength":1211,"center":7,"centerName":"US National Weather Service - NCEP(WMC)","subcenter":0,"refTime":"2023-07-01T06:00:00.000Z","significanceOfRT":1,"significanceOfRTName":"Start of forecast","productStatus":0,"productStatusName":"Operational products","productType":1,"productTypeName":"Forecast products","productDefinitionTemplate":0,"productDefinitionTemplateName":"Analysis/forecast at horizontal level/layer at a point in time","parameterCategory":2,"parameterCategoryName":"UnknownDiscipline_0_Category_2","parameterNumber":2,"parameterNumberName":"UnknownParameter_D0_C2_2","parameterUnit":"Unknown","genProcessType":2,"genProcessTypeName":"Forecast","forecastTime":0,"surface1Type":103,"surface1TypeName":"Specified height level above ground","surface1Value":10.0,"surface2Type":255,"surface2TypeName":"Missing","surface2Value":0.0,"gridDefinitionTemplate":0,"gridDefinitionTemplateName":"Latitude_Longitude","numberPoints":688,"shape":6,"shapeName":"Earth spherical with radius of 6,371,229.0 m","gridUnits":"degrees","resolution":48,"winds":"true","scanMode":64,"nx":43,"ny":16,"basicAngle":0,"lo1":45.0,"la1":40.0,"lo2":87.0,"la2":55.0,"dx":1.0,"dy":1.0}, "data":
[rows 0 to 15 of 16, columns 0 to 42 of 43]
3.2568629,0.2568628,-1.5931373,3.7968628,-2.1531372,0.9468628,4.9068627,4.346863,6.376863,5.0468626,5.8868628,6.9268627,5.996863,2.5168629,-1.3831372,-3.8631372,-5.583137,-6.623137,-5.693137,-5.2831373,-2.6231372,-1.8831372,-4.4931374,-1.0031372,-2.2331371,-1.6231372,0.1568628,0.3468628,0.2368628,2.8868628,2.8868628,0.086862795,1.4768628,-4.5331373,-3.4331372,-2.773137,-2.8731372,-4.213137,-1.9231372,-1.3031372,-1.6831372,-1.1631372,-2.7031372
-0.3231372,7.596863,2.7568629,1.2568628,1.9268628,6.9068627,6.6568627,6.576863,7.9068627,5.996863,7.556863,6.326863,1.1268628,-1.6431372,-2.5731373,-4.2831373,-5.673137,-3.7931373,-5.583137,-6.083137,-4.623137,-2.9131372,-0.8331372,-1.3231372,1.2768627,2.0068629,-3.3031373,-0.3731372,3.0768628,2.5868628,0.8468628,1.9468628,3.1868627,0.26686278,-0.6031372,-3.6031373,-4.173137,-2.7231371,-2.8431373,-1.9131372,-2.9031372,0.6368628,4.476863
3.7168627,1.3668628,1.0168628,-0.5531372,4.576863,4.6968627,4.5468626,7.936863,6.326863,5.1768627,6.126863,4.2568626,-1.0031372,-4.403137,-4.2631373,-4.423137,-3.6931372,-4.9531374,-6.123137,-5.503137,-5.603137,-5.4531374,-3.013137,-1.0231372,0.9068628,2.996863,0.3168628,-0.9631372,0.7968628,0.32686278,2.986863,3.0368629,0.35686278,0.8568628,1.3568628,1.0868628,-0.4931372,0.3168628,1.4268628,-2.0431373,-3.3731372,1.4068627,10.816863
0.7668628,1.0768628,1.0168628,4.856863,3.9468627,4.3368626,4.8368626,3.1868627,3.8368628,3.9568627,5.186863,-1.0231372,-3.6931372,-5.5531373,-4.273137,-4.873137,-4.693137,-5.2631373,-6.0331373,-6.793137,-5.853137,-3.2231371,-5.9931374,-8.363137,-7.193137,-9.733137,-5.7431374,-7.1131372,-5.2031374,-2.6031373,1.4968628,-0.5431372,1.1968628,-1.8331372,0.09686279,4.036863,0.5468628,1.7268628,2.2768629,0.4268628,6.5068626,4.8868628,0.22686279
4.9068627,6.746863,6.706863,6.916863,1.9468628,1.7268628,5.9468627,2.1868627,7.536863,4.096863,0.8068628,-0.7131372,-5.373137,-6.603137,-6.3431373,-5.1631374,-4.733137,-7.3631372,-6.2031374,-6.983137,-7.0531373,-9.903137,-9.993137,-11.543138,-7.9331374,-8.693137,-8.573137,-7.8231373,-7.503137,-7.4931374,-6.6131372,-4.063137,-1.1031373,2.236863,1.1468627,3.3568628,3.1168628,2.5868628,2.2968628,0.4668628,2.1968627,1.0868628,2.3768628
8.026863,7.166863,7.616863,8.876863,3.2568629,4.556863,8.456862,4.766863,8.826862,4.5868626,-0.5331372,-3.4431372,-8.023137,-5.9131374,-5.5131373,-5.693137,-5.8231373,-6.233137,-4.9731374,-4.8231373,-6.1831374,-6.813137,-8.703137,-9.273137,-8.973137,-8.223137,-7.8631372,-7.653137,-6.733137,-3.2331371,-3.3031373,-2.0431373,-1.4931372,1.8068628,0.7868628,1.9368628,-2.8031373,-0.023137206,2.246863,2.7068627,1.8168628,1.5268627,1.7968628
8.536862,7.576863,6.8368626,6.0068626,5.726863,3.4468627,9.906863,8.646863,9.226863,2.6668627,-3.0531373,-8.683137,-7.813137,-7.8631372,-5.5731373,-5.3431373,-4.1831374,-4.003137,-3.7331371,-4.633137,-5.643137,-4.923137,-5.643137,-5.943137,-5.7431374,-5.883137,-5.273137,-3.4531372,-5.3631372,-3.5631373,-3.3531373,-2.4031372,-0.4131372,0.1568628,2.6868627,4.4668627,5.2968626,5.0668626,5.7968626,4.326863,0.4668628,4.726863,4.5668626
7.976863,7.436863,7.126863,5.1968627,4.1768627,4.826863,6.4268627,9.056863,6.7968626,2.486863,1.0268627,-2.8731372,-4.8031373,-2.9831371,-5.2631373,-4.1631374,-3.273137,-2.263137,-2.6831372,-3.023137,-1.7931372,-3.4231372,-4.963137,-4.0731373,-4.443137,-3.4031372,-2.9731371,-1.2631372,-1.5831372,-0.3731372,-0.81313723,0.1268628,1.9368628,2.5168629,1.6668628,2.9468627,4.4668627,4.106863,7.6368628,1.5068628,6.7368627,-0.8031372,-0.6731372
7.5868626,6.4068627,5.5868626,5.116863,0.87686276,2.476863,5.146863,8.866863,6.016863,3.246863,1.1468627,-1.0431372,-1.4631371,1.5368629,-2.2831373,-3.1531372,-2.9931371,-1.3331372,-1.1931372,-2.3031373,-2.1031373,-2.4831371,-3.2431371,-2.9731371,-2.8031373,-2.7131371,-1.8231372,-0.3231372,0.7868628,1.4568628,-0.18313721,-0.2031372,0.3068628,1.1168628,1.4468628,0.7068628,1.9568628,0.7768628,2.8968627,4.476863,5.106863,5.096863,3.6268628
6.306863,5.646863,5.476863,4.726863,1.5068628,1.0668628,6.1368628,7.456863,4.9468627,-1.2331372,-2.263137,-4.503137,-4.3631372,-3.0831373,-2.8031373,-3.1131372,-3.1531372,-3.2931373,-3.2231371,-2.3331373,-2.8631372,-2.9231372,-2.8731372,-1.2931372,-1.0631372,-0.7231372,0.14686279,0.8468628,0.3368628,1.6168628,1.4568628,2.6868627,1.9468628,1.4068627,3.0068629,2.1168628,3.9368627,4.266863,3.5268629,0.6968628,0.5768628,1.7668628,4.4868627
6.206863,5.126863,5.2768626,3.9668627,2.8268628,-0.07313721,7.166863,7.456863,2.1068628,4.7768626,-0.8431372,-2.6631372,-0.13313721,-1.5131372,-1.1831372,0.22686279,-0.50313723,0.5168628,-0.3531372,0.10686279,-0.5431372,-0.3331372,0.6468628,1.0068628,0.3668628,0.3668628,0.5568628,1.7668628,0.7568628,-0.21313721,0.4968628,1.0368629,2.4168627,2.8268628,3.2868629,4.076863,2.8868628,0.7768628,1.9968628,1.0868628,-0.3131372,1.4268628,1.2268628
4.7168627,2.5368629,3.236863,2.746863,1.9868628,-0.36313722,5.826863,4.766863,2.6368628,0.7568628,2.496863,0.22686279,0.99686277,0.8068628,2.0268629,2.496863,3.0968628,3.246863,0.35686278,2.496863,-0.6631372,1.4068627,-1.9231372,-1.6131372,-1.0231372,-0.4431372,-0.6831372,-0.3231372,0.22686279,0.2768628,0.6168628,0.9668628,2.246863,3.0668628,2.8368628,2.5268629,2.8368628,3.5668628,1.7668628,1.4568628,1.2468628,0.7268628,0.4468628
3.5768628,2.2168627,2.3868628,2.746863,1.8468628,1.4868628,4.786863,4.0468626,2.0768628,1.3468628,2.3768628,0.3468628,3.4368627,2.7968628,3.4268627,3.3468628,4.4868627,3.7668629,1.3768628,-0.7831372,-1.6931372,-1.2731372,-1.3931372,-1.8331372,0.006862793,0.3068628,0.036862794,-0.2931372,0.38686278,0.1368628,1.1268628,2.0568628,2.3568628,2.5168629,2.3168628,2.9668627,3.1568627,3.976863,4.6768627,6.366863,4.3168626,3.0068629,1.6768628
4.206863,2.6068628,2.5868628,2.8168628,2.5568628,2.5768628,2.3468628,2.4168627,1.8268628,0.4168628,1.1068628,2.4168627,1.2568628,2.3368628,2.0168629,3.5768628,2.5568628,2.3568628,1.9568628,1.1368628,-1.3631372,-1.7131371,-2.0531373,-0.5231372,0.3668628,0.1568628,-0.11313721,0.7368628,0.2568628,0.6668628,1.7068628,2.1668627,2.236863,2.2968628,2.1068628,3.9268627,2.0968628,2.8868628,3.9668627,2.6368628,3.7868629,3.9168627,3.0768628
3.476863,2.226863,2.5768628,1.6668628,1.2868629,1.6968628,0.93686277,1.8568628,3.0368629,2.976863,1.0268627,1.8268628,1.0668628,2.1368628,2.0868628,4.436863,3.3268628,2.5368629,1.9868628,-0.5331372,0.2168628,-3.2131371,-2.3631372,-1.9231372,-1.0731372,-0.13313721,1.7468628,1.8168628,2.0468628,2.996863,3.0268629,3.3568628,2.5568628,2.4568627,3.226863,2.6968627,2.6568627,2.2168627,2.3868628,3.3368628,4.6768627,4.4468627,3.6268628
2.9168627,2.3268628,1.9068627,0.6668628,0.9768628,1.3968627,1.7868629,3.1868627,3.9468627,3.8468628,3.0868628,2.3568628,0.6168628,3.1068628,1.7268628,1.5768628,3.226863,2.8468628,1.0768628,-1.7931372,-0.9731372,-3.4831371,-1.6631372,-0.6931372,0.26686278,0.3968628,1.9668628,2.3768628,2.2568629,2.2068627,2.5868628,3.0668628,3.3668628,5.3368626,4.8168626,4.6368628,3.8868628,5.0668626,4.306863,4.606863,5.356863,4.4468627,1.2468628
