wind_kz.json
{"header": {"discipline":0,"disciplineName":"Meteorological products","gribEdition":2,"gribLength":1025,"center":7,"centerName":"US National Weather Service - NCEP(WMC)","subcenter":0,"refTime":"2024-04-09T00:00:00.000Z","significanceOfRT":1,"significanceOfRTName":"Start of forecast","productStatus":0,"productStatusName":"Operational products","productType":1,"productTypeName":"Forecast products","productDefinitionTemplate":0,"productDefinitionTemplateName":"Analysis/forecast at horizontal level/layer at a point in time","parameterCategory":2,"parameterCategoryName":"UnknownDiscipline_0_Category_2","parameterNumber":2,"parameterNumberName":"UnknownParameter_D0_C2_2","parameterUnit":"Unknown","genProcessType":2,"genProcessTypeName":"Forecast","forecastTime":0,"surface1Type":103,"surface1TypeName":"Specified height level above ground","surface1Value":10.0,"surface2Type":255,"surface2TypeName":"Missing","surface2Value":0.0,"gridDefinitionTemplate":0,"gridDefinitionTemplateName":"Latitude_Longitude","numberPoints":615,"shape":6,"shapeName":"Earth spherical with radius of 6,371,229.0 m","gridUnits":"degrees","resolution":48,"winds":"true","scanMode":64,"nx":41,"ny":15,"basicAngle":0,"lo1":47.0,"la1":41.0,"lo2":87.0,"la2":55.0,"dx":1.0,"dy":1.0}, "data":
[rows 0 to 14 of 15, columns 0 to 40 of 41]
1.400791,0.470791,1.890791,-1.849209,-1.519209,-3.759209,-1.959209,-1.179209,-1.6192089,-1.359209,-1.969209,-2.199209,-2.389209,-1.569209,-1.689209,-0.76920897,7.910156E-4,0.97079104,-2.869209,0.12079102,2.040791,-1.089209,0.990791,0.08079102,0.880791,-1.7492089,-2.869209,-0.849209,1.410791,0.09079102,-1.929209,2.2007911,0.24079102,-0.879209,-0.18920898,0.060791016,0.31079102,1.860791,2.430791,2.840791,2.020791
2.1907911,-0.279209,-2.649209,-3.159209,-2.789209,-2.719209,-3.289209,-3.109209,-3.149209,-2.689209,-1.549209,-1.849209,-1.639209,-0.35920897,-0.15920898,0.27079102,1.300791,0.09079102,0.380791,0.40079102,0.24079102,-0.549209,-1.229209,-3.239209,0.34079102,2.060791,-0.989209,1.120791,-2.319209,-1.7392089,0.22079101,-1.159209,2.340791,-2.109209,-0.17920898,-0.17920898,-0.23920898,0.380791,0.250791,3.830791,3.1907911
-2.149209,-5.799209,-3.579209,-3.159209,-3.079209,-4.169209,-3.699209,-2.229209,-2.819209,-1.229209,0.280791,1.290791,1.490791,2.010791,1.900791,1.700791,1.900791,2.710791,3.570791,3.9507911,3.250791,0.960791,2.160791,1.2507911,2.320791,4.640791,1.030791,3.710791,1.950791,-0.82920897,-1.879209,3.640791,0.14079101,-0.76920897,1.350791,-1.849209,-0.939209,0.09079102,-0.76920897,1.800791,2.750791
-4.609209,-4.4292088,-4.089209,-3.8092089,-4.6792088,-2.759209,-0.58920896,-2.329209,-0.819209,1.1307911,-0.699209,-1.169209,-0.299209,1.890791,2.720791,3.050791,2.750791,3.480791,3.660791,3.500791,2.600791,-0.009208985,0.260791,2.910791,4.560791,5.230791,2.680791,2.570791,0.350791,3.000791,1.900791,-3.749209,-2.599209,-2.869209,-2.649209,-2.719209,-2.629209,2.920791,2.080791,1.040791,-0.21920899
-3.449209,-3.419209,-3.019209,-3.109209,-2.239209,-1.859209,-0.83920896,0.42079103,0.770791,-0.869209,0.12079102,1.8807911,1.300791,1.910791,2.270791,1.770791,2.1907911,3.210791,3.520791,2.650791,1.610791,2.360791,2.560791,2.460791,1.370791,3.720791,5.040791,6.260791,5.390791,4.340791,3.070791,5.650791,-1.639209,1.160791,1.870791,-1.149209,-2.259209,-3.459209,-3.099209,-3.399209,-4.409209
-0.399209,-0.609209,0.18079102,0.760791,1.220791,1.820791,2.330791,2.110791,1.2507911,2.870791,2.890791,3.220791,3.520791,4.110791,2.300791,3.160791,3.160791,4.190791,2.960791,2.750791,3.380791,3.720791,3.560791,3.4507911,3.620791,3.760791,4.590791,4.600791,5.460791,4.380791,4.860791,6.220791,1.650791,2.540791,0.440791,-4.009209,-0.19920899,-1.809209,0.18079102,-2.729209,-1.889209
2.500791,2.420791,2.9507911,3.050791,3.740791,3.890791,3.7007911,3.7007911,3.560791,3.720791,3.860791,3.890791,3.6907911,4.220791,3.780791,4.160791,4.300791,3.660791,3.210791,3.820791,3.850791,3.800791,3.840791,3.990791,3.670791,3.820791,3.550791,3.920791,3.640791,4.340791,4.780791,3.410791,5.490791,-0.999209,-0.789209,-4.659209,-2.079209,1.600791,-2.869209,2.430791,-1.029209
3.310791,3.210791,3.110791,3.360791,3.520791,3.780791,3.800791,3.510791,3.9507911,3.710791,3.680791,3.370791,3.9407911,4.080791,4.130791,4.240791,4.720791,4.480791,3.230791,3.610791,4.300791,4.920791,4.910791,4.040791,4.010791,2.270791,4.300791,4.100791,5.250791,3.330791,2.430791,3.250791,0.250791,1.7507911,6.060791,-1.939209,-3.2992089,-4.239209,-6.519209,-7.709209,-2.849209
3.530791,3.740791,3.6907911,3.880791,3.810791,4.120791,3.990791,3.770791,3.790791,3.890791,4.160791,3.590791,5.840791,4.000791,4.380791,3.980791,5.050791,4.140791,5.040791,4.060791,4.920791,5.870791,5.470791,4.690791,3.390791,3.570791,2.510791,3.330791,4.360791,4.250791,3.280791,3.060791,3.830791,0.640791,-1.379209,-1.609209,-1.209209,-1.919209,-2.579209,-0.25920898,-2.209209
3.860791,4.000791,4.280791,4.290791,4.300791,4.440791,4.260791,4.000791,4.500791,5.090791,4.960791,4.110791,4.100791,4.580791,4.310791,4.880791,4.710791,4.880791,4.900791,2.610791,3.740791,2.580791,2.160791,4.750791,4.140791,3.820791,4.000791,4.280791,5.810791,5.940791,2.150791,2.710791,0.39079103,0.760791,-1.549209,-2.329209,-2.389209,-1.059209,-2.129209,-0.269209,-1.889209
3.4407911,3.920791,4.3207912,4.580791,4.870791,5.120791,6.280791,6.300791,4.830791,4.740791,5.400791,5.120791,2.570791,4.080791,4.790791,5.210791,5.350791,4.870791,1.670791,2.040791,3.4407911,3.7007911,3.180791,2.780791,3.860791,4.210791,5.500791,4.730791,4.760791,6.020791,5.640791,3.300791,1.980791,-0.08920898,-0.559209,-2.519209,-0.269209,0.030791016,-1.259209,-0.12920898,-1.639209
2.420791,3.380791,3.890791,3.850791,4.390791,3.800791,4.350791,5.140791,4.980791,3.850791,1.560791,5.980791,2.720791,4.770791,4.390791,5.560791,4.840791,4.200791,2.560791,2.6907911,2.740791,3.120791,2.710791,2.380791,3.560791,3.860791,3.840791,3.350791,6.020791,3.970791,2.850791,2.6907911,2.590791,0.42079103,-0.28920898,2.900791,3.710791,-0.109208986,-0.47920898,-0.539209,-0.869209
2.820791,3.340791,3.340791,3.4507911,3.240791,2.610791,2.860791,4.030791,3.740791,1.920791,1.160791,5.3207912,3.640791,4.100791,3.580791,4.350791,4.020791,2.710791,2.520791,3.240791,3.220791,3.800791,3.550791,2.850791,3.7007911,2.760791,3.300791,2.770791,2.100791,1.800791,3.120791,1.890791,1.490791,1.220791,0.09079102,1.200791,1.720791,-0.08920898,7.910156E-4,-0.679209,-1.339209
3.120791,3.270791,3.350791,3.820791,3.910791,4.200791,4.260791,5.080791,5.400791,4.370791,1.980791,3.620791,2.330791,4.250791,3.4507911,2.400791,3.240791,2.670791,2.540791,3.400791,3.680791,3.870791,4.060791,4.620791,4.260791,2.550791,1.830791,2.960791,2.350791,2.220791,3.410791,2.1907911,0.85079104,-0.989209,-1.769209,-0.32920897,-0.08920898,-0.989209,-2.099209,-0.729209,-1.679209
1.920791,3.140791,3.770791,2.630791,3.350791,3.250791,4.420791,4.660791,5.260791,4.980791,2.650791,4.620791,3.770791,0.060791016,2.360791,2.250791,3.020791,2.790791,2.550791,3.130791,2.890791,3.160791,3.660791,3.980791,4.200791,2.660791,2.070791,2.100791,3.720791,2.740791,3.820791,3.380791,0.810791,0.320791,-0.759209,-0.96920896,-0.83920896,-0.059208985,-2.189209,-2.199209,-1.809209
