wind_kz.json
{"header": {"discipline":0,"disciplineName":"Meteorological products","gribEdition":2,"gribLength":1102,"center":7,"centerName":"US National Weather Service - NCEP(WMC)","subcenter":0,"refTime":"2024-02-02T00:00:00.000Z","significanceOfRT":1,"significanceOfRTName":"Start of forecast","productStatus":0,"productStatusName":"Operational products","productType":1,"productTypeName":"Forecast products","productDefinitionTemplate":0,"productDefinitionTemplateName":"Analysis/forecast at horizontal level/layer at a point in time","parameterCategory":2,"parameterCategoryName":"UnknownDiscipline_0_Category_2","parameterNumber":2,"parameterNumberName":"UnknownParameter_D0_C2_2","parameterUnit":"Unknown","genProcessType":2,"genProcessTypeName":"Forecast","forecastTime":120,"surface1Type":103,"surface1TypeName":"Specified height level above ground","surface1Value":10.0,"surface2Type":255,"surface2TypeName":"Missing","surface2Value":0.0,"gridDefinitionTemplate":0,"gridDefinitionTemplateName":"Latitude_Longitude","numberPoints":615,"shape":6,"shapeName":"Earth spherical with radius of 6,371,229.0 m","gridUnits":"degrees","resolution":48,"winds":"true","scanMode":64,"nx":41,"ny":15,"basicAngle":0,"lo1":47.0,"la1":41.0,"lo2":87.0,"la2":55.0,"dx":1.0,"dy":1.0}, "data":
[rows 0 to 14 of 15, columns 0 to 40 of 41]
4.9594526,-1.1205475,-0.2905475,-7.4705477,-0.7305475,6.2494526,6.9294524,5.9094524,7.3094525,9.739452,9.429453,8.669453,9.559452,8.849453,8.749453,7.6194525,5.8394527,9.479452,6.4694524,7.9494524,-0.7105475,-3.6105475,-0.2505475,-4.1605473,-0.5605475,-1.9905475,-3.9905474,-3.7505474,1.4694525,0.5394525,-1.7405475,2.0394526,-0.3805475,0.08945251,1.1294525,1.4894525,2.0294526,2.4294524,2.3094525,1.7094525,2.0794525
3.6394525,-0.7705475,1.3694525,8.569452,8.479452,10.049453,9.069452,6.1594524,9.749453,9.399452,9.399452,10.839453,9.589453,8.989452,9.319452,6.7394524,6.1694527,8.179453,9.049453,6.3294525,1.0194526,-0.9005475,-0.5905475,-5.0605474,-0.9205475,0.41945252,-1.5805475,0.5194525,-3.1205475,-2.2105474,0.06945252,-1.0405475,2.2494526,-3.1105475,0.3394525,0.31945252,-0.17054749,0.80945253,-0.27054748,3.3694525,-1.6405475
-1.2305474,6.2794523,10.869453,12.679453,13.599453,9.139453,8.789453,9.239452,11.919453,10.139453,10.709454,9.809452,9.159452,9.649452,8.3294525,5.7394524,6.5194526,10.2894535,9.059452,3.4994526,0.5294525,2.1994524,0.21945252,-2.5105474,-3.1505475,-1.6305475,-0.7105475,-2.6105475,-2.3005476,-0.8605475,-1.9905475,3.3294525,0.009452514,-0.27054748,0.9194525,-0.8005475,-0.16054748,0.5694525,0.4294525,1.0094525,1.3394525
4.4594526,10.629453,13.549453,13.929453,14.349453,11.389453,10.769453,12.139453,12.199453,11.739453,10.699453,11.429453,13.889453,14.099453,9.509453,6.2394524,7.8494525,10.099453,7.5094523,2.9194524,-1.1005474,1.2694526,1.8294525,1.1194525,-2.9405475,-2.6105475,-2.9705474,-2.4305475,-0.57054746,-0.33054748,-3.1705475,-5.0605474,-3.5005474,-0.82054746,-1.3205475,-2.4305475,-2.2405474,1.9294525,1.1894525,0.019452514,1.0294526
6.1394525,6.2394524,8.189452,9.679453,11.279453,12.649453,13.0394535,12.979453,12.949453,12.389453,11.179453,12.009453,13.899453,13.659453,12.759453,6.8294525,8.629453,6.8194523,2.2694526,0.4994525,0.6594525,-0.8405475,-0.5405475,-4.5705476,-5.4705477,-6.7405477,-5.5005474,-3.3605475,-6.3905473,-3.2705474,-0.9805475,-2.8905475,-3.3605475,-0.3505475,2.2494526,-0.6105475,-0.5805475,-0.8405475,0.20945251,0.3294525,0.17945251
5.9194527,6.7294526,9.439452,10.369453,12.009453,12.929453,14.059453,13.709454,12.0394535,11.109453,10.139453,8.879453,10.939453,12.459454,7.9694524,7.3994527,7.1294527,1.6694525,-1.0005475,-1.8405474,-2.7405474,-4.0205474,-5.6105475,-8.250547,-7.1805477,-9.510548,-5.4905477,-5.4005475,-4.7705474,-3.9605474,-3.3005476,-3.1105475,-3.0405474,-1.8505474,-0.51054746,-6.9805474,0.4894525,-4.1305475,1.5994525,-0.9705475,-2.1905475
7.3294525,8.629453,10.609453,12.179453,13.079453,14.889453,15.869453,15.0394535,13.299453,9.5794525,6.6694527,6.3194523,8.179453,5.9194527,5.8594527,6.1794524,1.1194525,-3.3305476,-3.7705474,-5.6405473,-4.6505475,-5.1605473,-7.3905473,-9.140548,-9.080547,-9.240547,-4.1805477,-4.4905477,-3.4805474,-3.1605475,-3.9205475,-3.7405474,-1.8505474,-3.4605474,-4.3405476,-2.1405475,-0.6105475,3.3894525,-3.8005476,2.0394526,0.8594525
7.4894524,10.019452,11.639453,11.609453,13.7894535,13.999454,12.679453,6.8694525,7.7194524,3.5794525,2.6894524,5.2694526,2.4394524,4.0694523,3.1794524,0.08945251,-2.6105475,-4.6105475,-4.9305477,-8.220548,-5.7405477,-7.2305474,-5.6805477,-6.7305474,-6.7205477,-3.1805475,-3.5905476,-2.7905474,-2.2305474,-1.9605474,-3.7805474,-2.0605476,-2.8805475,-0.24054748,-2.3005476,1.5194526,1.9194525,2.0294526,-3.4405475,-8.750547,-3.3305476
8.239452,9.849453,10.489453,10.519453,11.689453,9.249453,0.23945251,-5.4748537E-4,-3.3705475,-2.9705474,-1.9905475,-0.6105475,1.7394525,0.5894525,-3.5505476,-2.8005476,-4.7105474,-4.5805473,-5.1105475,-5.6405473,-7.6105475,-4.2805476,-4.2705474,-5.1305475,-5.0905476,-5.9505477,-2.9005475,-1.5505475,-1.2205474,-2.2705474,-1.3605475,-0.08054748,1.5094525,-1.4905475,-1.6905475,-3.8005476,0.74945253,-1.9005475,-2.2005475,0.4894525,-2.6905475
8.159452,8.839453,7.8294525,8.719453,8.849453,-0.3205475,-0.20054749,-1.8605475,-3.2205474,-3.6505475,-2.7005475,-0.40054747,-4.5605474,-5.3305473,-5.6705475,-5.3705473,-5.4505477,-5.0505476,-4.7205477,-4.2405477,-4.6005473,-3.5405474,-4.0705476,-4.3405476,-5.2105474,-4.2905474,-2.4905474,-3.5905476,-1.3305475,-0.37054747,-0.49054748,0.7094525,-1.3105475,-2.4105475,-1.6805475,-1.1505475,-2.5705476,-0.050547484,-2.9105475,-0.6805475,-1.9105475
6.7694526,6.3594527,6.3494525,5.9794526,5.6394525,-0.15054749,-0.5805475,-0.4205475,-0.51054746,0.4594525,-2.7405474,-4.6905475,-5.4605474,-7.1805477,-6.1705475,-5.7305474,-5.8805475,-4.7405477,-5.3005476,-5.3905473,-5.2605476,-5.3505473,-5.0305476,-4.3805475,-3.2405474,-3.4705474,-2.0705476,-0.6805475,-0.30054748,-0.46054748,-1.3005475,-3.1805475,-3.8005476,-2.3105476,-1.9205475,-1.5805475,-1.7305474,0.09945252,-1.5205475,1.1894525,-1.9605474
2.8294525,4.5394526,3.8694525,4.5494523,4.4894524,0.18945251,-2.3505476,-2.1005476,-3.5705476,-5.7205477,-6.4505477,-5.7005477,-6.8105474,-6.8505473,-5.3505473,-4.8805475,-5.0605474,-4.6505475,-6.2305474,-5.0305476,-6.2205477,-5.1605473,-5.2505474,-3.6905475,-2.7605474,-1.9705474,-1.6505475,-1.5905474,-2.1405475,-3.1705475,-2.8005476,-3.2905474,-2.3905475,-3.6905475,-1.3805475,-0.88054746,-0.7105475,-0.6105475,-0.040547486,-0.6105475,-0.7905475
2.2994525,3.1794524,3.4994526,3.2394526,3.2294526,0.3394525,-3.4505475,-4.6305475,-5.8805475,-5.2905474,-4.2505474,-5.5305476,-6.1005473,-5.7105474,-4.5305476,-4.7405477,-4.7505474,-4.9905477,-4.2205477,-4.1305475,-4.7905474,-3.3805475,-2.2305474,-2.8005476,-2.0505476,-2.9005475,-2.4205475,-3.6305475,-3.1705475,-2.9005475,-2.8105476,-3.0605476,-2.8605475,-2.2205474,-1.5905474,-2.2605474,-1.9105475,-1.1005474,-2.1905475,-1.3705475,-1.1605475
2.1194525,2.2394526,2.4794526,2.2694526,1.4094526,0.47945252,-3.1905475,-3.8005476,-3.7605474,-3.5605476,-4.3805475,-4.9505477,-3.0805476,-3.7605474,-3.4805474,-4.1205473,-4.4505477,-4.3905473,-4.4605474,-4.0805473,-3.7505474,-3.8805475,-4.0405474,-3.7405474,-3.8905475,-3.0405474,-2.8505476,-2.6105475,-2.5705476,-2.5805476,-2.6805475,-2.5205474,-2.3205476,-2.2105474,-1.6305475,-1.7105474,-1.9905475,-1.6605475,-1.1105475,-0.9905475,-0.2605475
0.7594525,2.1494524,2.2394526,1.0094525,0.74945253,0.25945252,-3.4905474,-4.7305474,-4.0605474,-3.2405474,-1.6505475,-3.8605475,-2.6005476,-2.3505476,-3.5005474,-3.5405474,-4.2505474,-4.0505476,-3.1405475,-3.7005475,-3.5705476,-3.9105475,-3.5305474,-3.0705476,-2.6105475,-2.2705474,-2.2505474,-1.7705475,-1.8705475,-2.0605476,-2.1905475,-2.1705475,-1.9205475,-1.8405474,-1.3305475,-0.36054748,-1.1005474,-1.0105475,-1.1705475,-1.1705475,-0.9705475
