wind_kz.json
[{"header":{"discipline":0,"disciplineName":"Meteorological products","gribEdition":2,"gribLength":871,"center":7,"centerName":"US National Weather Service - NCEP(WMC)","subcenter":0,"refTime":"2023-09-26T06:00:00.000Z","significanceOfRT":1,"significanceOfRTName":"Start of forecast","productStatus":0,"productStatusName":"Operational products","productType":1,"productTypeName":"Forecast products","productDefinitionTemplate":0,"productDefinitionTemplateName":"Analysis/forecast at horizontal level/layer at a point in time","parameterCategory":0,"parameterCategoryName":"UnknownDiscipline_0_Category_0","parameterNumber":0,"parameterNumberName":"UnknownParameter_D0_C0_0","parameterUnit":"Unknown","genProcessType":2,"genProcessTypeName":"Forecast","forecastTime":180,"surface1Type":1,"surface1TypeName":"Ground or water surface","surface1Value":0.0,"surface2Type":255,"surface2TypeName":"Missing","surface2Value":0.0,"gridDefinitionTemplate":0,"gridDefinitionTemplateName":"Latitude_Longitude","numberPoints":615,"shape":6,"shapeName":"Earth spherical with radius of 6,371,229.0 m","gridUnits":"degrees","resolution":48,"winds":"true","scanMode":64,"nx":41,"ny":15,"basicAngle":0,"lo1":47.0,"la1":41.0,"lo2":87.0,"la2":55.0,"dx":1.0,"dy":1.0},"data":[286.4,281.7,284.8,293.2,293.3,292.6,292.0,293.2,294.3,293.2,293.0,293.4,293.6,294.4,293.7,292.0,291.4,291.7,291.3,291.8,291.9,289.7,289.1,285.8,287.0,288.9,286.8,274.4,272.8,273.4,273.6,273.7,283.2,290.7,290.6,291.3,289.2,289.8,290.2,290.5,288.3,270.6,285.1,292.6,292.9,292.9,291.9,290.9,292.7,294.7,296.0,295.3,293.4,293.6,294.0,291.3,291.5,289.4,289.4,287.4,287.6,290.6,289.3,287.2,281.3,271.2,272.3,280.9,274.4,274.9,270.3,276.9,269.0,275.6,254.1,274.6,287.2,285.2,287.3,289.9,282.8,283.7,285.9,292.4,292.9,292.4,291.0,293.9,293.9,295.2,292.3,291.5,291.5,292.4,289.5,290.3,291.0,287.9,287.0,285.7,285.4,286.5,289.9,289.5,288.4,283.4,284.5,285.1,286.4,285.6,285.2,278.2,269.9,272.2,277.2,277.6,281.4,280.6,273.9,274.8,277.6,271.4,271.4,288.1,291.7,292.5,291.8,291.4,291.8,294.2,294.2,291.3,291.2,289.9,288.3,290.6,290.0,289.7,288.8,289.1,287.2,287.2,287.2,288.9,283.4,288.5,288.6,288.2,288.3,288.7,286.9,284.8,286.0,286.7,286.0,289.5,286.1,284.9,282.5,273.8,268.4,276.2,281.7,285.9,291.8,291.0,292.0,291.3,291.1,292.4,294.4,294.2,293.3,292.9,289.8,287.1,289.3,288.3,286.8,289.8,289.8,289.2,288.3,289.8,289.7,289.3,287.6,286.8,286.5,286.7,284.6,285.9,284.8,285.2,287.4,284.5,274.2,264.8,277.3,285.0,288.2,288.7,289.4,289.6,289.1,291.2,290.8,290.4,291.1,291.2,290.9,294.1,294.7,292.5,291.7,290.0,289.1,289.1,289.3,289.2,288.8,290.4,289.6,289.4,289.2,288.0,287.3,286.1,285.4,284.1,282.6,282.8,287.2,285.7,286.7,285.8,286.8,286.3,283.5,283.1,287.2,279.0,281.9,286.9,288.3,287.3,289.3,289.1,293.0,292.0,291.4,293.5,294.6,293.7,293.4,292.3,289.7,289.2,288.9,289.2,288.6,289.4,289.1,289.4,288.7,287.5,286.2,286.4,286.5,285.9,283.7,283.1,281.8,283.5,284.0,284.4,284.1,284.5,285.3,286.7,285.2,283.6,279.3,276.1,274.2,272.6,283.1,289.1,290.5,291.4,292.2,293.3,293.9,294.4,292.6,291.6,290.4,288.5,287.9,288.4,289.1,288.7,288.8,288.4,289.1,289.0,286.0,285.4,285.1,285.1,284.5,283.0,279.1,279.9,280.4,279.5,281.1,280.6,281.7,281.5,280.5,281.9,279.7,282.5,286.0,283.2,282.7,280.4,289.5,288.9,290.4,290.4,290.3,292.1,290.9,291.8,290.8,288.1,287.2,287.0,287.1,287.8,286.9,287.6,287.4,287.3,286.9,286.6,284.1,282.7,284.1,283.6,281.4,280.9,278.0,277.3,276.4,275.5,276.8,277.9,279.6,280.7,280.5,279.4,280.3,279.7,265.2,266.8,264.8,288.6,289.7,290.2,289.4,291.1,291.7,290.8,291.6,289.4,287.7,286.8,286.1,286.7,286.6,285.9,285.9,285.9,285.7,285.8,285.8,284.7,284.4,284.7,283.8,282.3,280.1,279.6,278.7,277.3,276.7,277.0,279.3,281.3,281.3,281.0,280.0,279.0,276.9,271.9,271.5,269.3,287.3,285.8,287.5,289.5,289.3,291.1,290.9,290.3,289.5,287.6,289.5,286.1,286.0,285.2,285.0,285.1,284.9,285.3,284.8,284.5,284.6,284.7,284.1,283.7,282.1,280.6,277.5,279.3,278.1,279.1,279.9,280.4,279.9,280.5,280.3,278.5,275.9,272.3,271.7,272.6,270.2,281.9,283.1,287.8,288.6,288.3,289.4,288.6,288.3,288.0,286.7,288.1,285.6,284.9,283.8,284.1,284.5,284.4,283.8,283.2,283.3,283.2,283.1,282.9,282.5,281.7,281.3,280.5,280.8,280.5,280.0,278.7,278.6,279.1,277.3,278.1,277.6,277.6,276.7,276.7,276.6,275.8,282.9,281.5,284.7,287.0,287.4,286.9,286.3,287.1,286.2,287.3,285.6,284.1,283.6,282.4,283.0,283.5,283.9,283.5,283.2,282.9,282.8,281.7,281.3,281.2,282.1,282.6,282.4,280.9,280.2,278.8,278.8,278.5,277.7,277.5,276.9,277.0,276.5,277.8,276.0,274.5,274.8,283.6,284.3,285.1,285.4,283.3,285.4,285.4,285.3,285.6,285.5,284.1,282.9,281.6,283.1,283.3,283.8,283.7,283.2,283.4,283.2,282.9,282.5,282.9,283.1,283.3,283.1,281.9,281.4,280.1,279.9,279.1,278.0,277.2,276.3,276.9,275.7,275.9,275.8,275.0,274.2,272.9,283.6,284.3,285.5,284.2,284.1,283.2,282.9,284.7,285.7,285.4,285.1,284.1,283.7,282.3,283.1,283.9,284.0,283.6,283.8,283.8,284.0,282.9,282.8,282.3,282.7,282.5,281.9,281.3,281.0,280.3,280.9,281.8,278.9,278.4,277.6,277.0,276.1,275.7,275.6,275.1,274.7]},{"header":{"discipline":0,"disciplineName":"Meteorological products","gribEdition":2,"gribLength":1102,"center":7,"centerName":"US National Weather Service - NCEP(WMC)","subcenter":0,"refTime":"2023-09-26T06:00:00.000Z","significanceOfRT":1,"significanceOfRTName":"Start of forecast","productStatus":0,"productStatusName":"Operational products","productType":1,"productTypeName":"Forecast products","productDefinitionTemplate":0,"productDefinitionTemplateName":"Analysis/forecast at horizontal level/layer at a point in time","parameterCategory":2,"parameterCategoryName":"UnknownDiscipline_0_Category_2","parameterNumber":2,"parameterNumberName":"UnknownParameter_D0_C2_2","parameterUnit":"Unknown","genProcessType":2,"genProcessTypeName":"Forecast","forecastTime":180,"surface1Type":103,"surface1TypeName":"Specified height level above ground","surface1Value":10.0,"surface2Type":255,"surface2TypeName":"Missing","surface2Value":0.0,"gridDefinitionTemplate":0,"gridDefinitionTemplateName":"Latitude_Longitude","numberPoints":615,"shape":6,"shapeName":"Earth spherical with radius of 6,371,229.0 m","gridUnits":"degrees","resolution":48,"winds":"true","scanMode":64,"nx":41,"ny":15,"basicAngle":0,"lo1":47.0,"la1":41.0,"lo2":87.0,"la2":55.0,"dx":1.0,"dy":1.0},"data":[0.09767883,0.28767884,1.9176788,7.697679,7.917679,6.187679,5.467679,5.437679,4.707679,2.4676788,-3.8523211,-4.202321,-4.992321,-4.012321,-2.682321,-3.192321,-2.2323213,-1.7723212,-4.282321,-3.432321,-3.182321,-2.402321,-2.8123212,-2.5223212,0.28767884,-1.9823211,-2.8523211,0.15767883,0.90767884,0.7976788,-1.2623211,2.317679,0.32767883,-0.5523212,-2.4623213,-3.402321,-0.17232117,-1.7623211,-3.0123212,-1.9323212,-0.32232118,0.49767885,0.48767883,8.377679,8.497679,6.877679,7.8276787,6.2676787,3.0076787,1.7076788,-4.9023213,-4.2123213,-3.9923213,-4.322321,-3.692321,-2.3523211,-2.642321,-2.912321,-3.892321,-2.442321,-2.922321,-2.8023212,-1.6423211,-1.3423212,-2.7923212,1.2176788,0.89767885,-0.052321166,2.0376787,-0.20232117,-0.7423212,0.33767882,-0.022321166,-0.5523212,-1.2023212,0.32767883,0.60767883,-0.8023212,-0.7423212,-0.5523212,1.0976788,-3.642321,3.1976788,13.997678,12.917678,11.377678,7.817679,5.927679,2.067679,-3.5823212,-4.492321,-4.8423214,-7.9223213,-5.5023212,-4.102321,-4.852321,-3.7323213,-3.4823213,-3.7923212,-1.5223212,-0.8123212,-2.2723212,-4.1123214,-4.702321,-3.8123212,-3.422321,0.37767884,-2.8123212,-0.8723212,-1.5023211,-2.4623213,-0.13232116,-0.79232115,1.8376788,0.13767883,-0.34232116,0.017678833,-1.4323212,-0.27232116,-0.34232116,1.1376789,-0.61232114,2.047679,7.967679,7.927679,12.257678,4.7476788,5.5576787,2.1176789,-1.8823211,-5.6523213,-4.412321,-7.1923213,-6.1123214,-5.562321,-5.832321,-4.782321,-2.6223211,-2.5123212,-3.432321,-2.8123212,-5.302321,-4.202321,-4.352321,-2.7323213,-4.282321,-6.9823213,-6.6723213,-6.772321,-5.522321,-8.592321,-3.422321,-1.4523212,-0.07232117,-0.79232115,1.5176789,0.087678835,-1.4723212,-1.3223212,-1.7923212,2.1476789,-0.6823212,0.39767882,1.6876788,5.8476787,5.697679,-1.7923212,5.187679,7.227679,-0.8723212,-4.0023212,-4.182321,-6.762321,-6.6123214,-5.8823214,-4.892321,-4.3423214,-4.032321,-4.702321,-3.6223211,-4.072321,-3.7323213,-5.352321,-7.312321,-7.742321,-7.512321,-7.302321,-6.012321,-6.242321,-6.832321,-6.642321,-3.8023212,-2.9823213,-2.3623211,-1.9423212,-0.85232115,-1.5323212,0.9476788,-0.5123212,0.32767883,-0.84232116,-2.8823211,-3.642321,-2.402321,-3.0823212,4.377679,4.487679,-1.2623211,2.6676788,3.6976788,-2.3623211,-4.1523213,-6.372321,-7.3823214,-5.812321,-5.012321,-4.0923214,-3.402321,-4.522321,-4.6923213,-3.3223212,-3.9923213,-5.972321,-6.222321,-5.472321,-5.852321,-5.1923213,-5.2123213,-4.952321,-4.7323213,-4.972321,-3.672321,-4.9223213,-2.3423212,-3.3823211,-3.0823212,-0.7023212,-0.44232118,-0.6323212,0.89767885,-4.512321,0.19767883,-3.3623211,-0.86232114,-1.5323212,-3.1323211,4.3276787,4.297679,5.0976787,1.6976788,1.6276789,-0.36232117,-1.2723212,-6.562321,-5.5923214,-4.032321,-2.7223213,-2.2923212,-2.8523211,-3.7523212,-3.7923212,-3.1123211,-3.2723212,-3.3123212,-4.9623213,-4.722321,-4.352321,-4.052321,-4.122321,-4.2123213,-3.8023212,-3.8123212,-3.202321,-2.892321,-4.642321,-3.892321,-4.532321,-4.772321,-2.442321,-2.8023212,-4.182321,-2.652321,-0.71232116,0.38767883,-2.702321,1.3676789,1.6276789,4.317679,4.1176786,3.837679,-3.4623213,0.97767884,2.347679,-0.98232114,-3.8523211,-4.0923214,-4.3623214,-3.5223212,-3.2723212,-2.952321,-3.452321,-3.7123213,-2.8723211,-2.8223212,-3.5223212,-3.912321,-4.852321,-3.9623213,-4.582321,-4.0923214,-4.1123214,-3.5323212,-1.9223212,-3.5823212,-2.952321,-3.672321,-3.1223211,-4.492321,-3.0023212,-6.522321,-1.9323212,-4.912321,-0.46232116,0.047678832,-1.7823212,-2.5723212,-2.162321,-2.912321,5.4076786,5.707679,2.2876787,-2.912321,1.6576788,2.6576788,2.5276787,-2.412321,-4.372321,-3.2823212,-2.7323213,-3.1123211,-2.5923212,-3.452321,-2.5723212,-2.7923212,-2.682321,-3.432321,-3.422321,-3.4823213,-3.0923212,-2.0223212,-3.4823213,-3.7323213,-3.2323213,-3.5723212,-2.2623212,-2.942321,-1.5923212,-2.162321,-2.442321,-1.5023211,0.64767885,-1.7923212,-0.8123212,-0.48232117,-0.77232116,-2.3723211,-1.4823211,0.72767884,-2.6123211,3.2076788,1.7276788,0.047678832,-0.6823212,-1.1823212,2.087679,0.20767884,-3.7523212,-3.0723212,-1.9523212,-1.0023211,-1.7323211,-2.0023212,-2.0523212,-2.8623211,-2.5123212,-2.5123212,-3.0923212,-3.152321,-3.3223212,-2.0823212,-2.5923212,-2.642321,-3.2423213,-3.6223211,-3.5123212,-3.3323212,-3.162321,-2.7723212,-2.452321,-0.9523212,-0.38232118,-1.0323212,-1.1923212,-0.6223212,0.30767882,-1.1823212,-0.022321166,-1.9923211,-0.33232117,-0.85232115,0.90767884,1.6076789,0.6876788,-1.9523212,0.057678834,2.607679,2.0276787,-2.392321,-2.402321,-1.7223212,-0.11232117,-0.8123212,-1.6423211,-2.172321,-1.4723212,-1.6023211,-2.2823212,-2.3223212,-2.4923213,-2.5023212,-2.5723212,-2.1223211,-2.682321,-2.9723213,-2.0623212,-2.3123212,-1.3823211,-1.4023212,-0.79232115,-1.0023211,-1.9023212,-2.152321,-2.3323212,-1.7923212,-0.84232116,-0.59232116,-1.1723212,-0.18232116,-0.6823212,0.9376788,-1.1123211,0.09767883,0.07767883,0.20767884,-1.7223212,-2.8823211,-4.992321,-2.8723211,-1.9523212,-1.1423211,-0.5523212,-1.2523211,-1.7223212,-2.422321,-1.7723212,-0.71232116,-0.49232116,-1.0423212,-1.3523211,-1.6123211,-0.92232114,-1.2423211,-1.4823211,-2.5523212,-2.3223212,-1.7323211,-0.83232117,-1.4023212,-0.73232114,-0.60232115,-1.5023211,-1.7123212,-2.3623211,-1.5923212,-2.402321,-1.6423211,-2.0923212,-2.672321,-1.2023212,-0.31232116,-0.30232117,-0.38232118,-0.8823212,-0.8823212,-1.1323211,-2.5523212,-3.3523211,-3.0423212,-3.0823212,-3.2123213,-3.0723212,-2.0623212,-1.3123212,-1.2823212,-1.1723212,-0.73232114,-0.122321166,-0.28232116,-0.40232116,-0.36232117,-1.1123211,-1.1923212,-1.6823212,-1.2323211,-0.64232117,-1.3223212,0.6876788,-0.19232117,-0.062321167,-0.5523212,-0.48232117,-0.38232118,-0.34232116,-0.5523212,-0.85232115,-1.5723212,-1.2423211,-1.7423211,-1.5923212,-1.2323211,-2.1123211,-1.4123212,-0.78232116,-1.8023212,-1.6323211,-2.2723212,-2.5323212,-2.452321,-2.142321,-1.4623212,-1.3523211,-0.97232115,-0.7523212,-1.2523211,-1.1523212,0.5476788,0.5576788,0.9376788,0.77767885,0.13767883,0.60767883,0.20767884,0.30767882,0.63767886,-0.052321166,0.8776788,1.5776788,1.5076789,0.48767883,-0.5123212,0.5076788,0.53767884,1.2276788,1.2476789,1.1276789,0.97767884,0.8676788,0.85767883,0.18767883,0.14767884,-0.72232115,-0.90232116,-0.42232117,-0.59232116,-1.5723212,-2.152321,-2.192321,-1.5923212,-2.192321,-2.4823213,-1.8223212,-0.9523212,-0.32232118,-0.84232116,-1.1323211,-1.2923212,-1.1923212,-0.72232115,-1.8823211,0.9376788,1.7776788,1.6776788,1.1476789,1.7376789,1.5976788,2.0176787,1.7676789,1.6476789,1.6176789,0.83767885,1.3876789,1.3376788,1.5676788,1.9176788,2.4276788,2.2276788,1.9376788,2.2276788,2.2076788,2.6276789,0.7376788,1.7476789,1.4276788,0.57767886,-0.9923212]},{"header":{"discipline":0,"disciplineName":"Meteorological products","gribEdition":2,"gribLength":1102,"center":7,"centerName":"US National Weather Service - NCEP(WMC)","subcenter":0,"refTime":"2023-09-26T06:00:00.000Z","significanceOfRT":1,"significanceOfRTName":"Start of forecast","productStatus":0,"productStatusName":"Operational products","productType":1,"productTypeName":"Forecast products","productDefinitionTemplate":0,"productDefinitionTemplateName":"Analysis/forecast at horizontal level/layer at a point in time","parameterCategory":2,"parameterCategoryName":"UnknownDiscipline_0_Category_2","parameterNumber":3,"parameterNumberName":"UnknownParameter_D0_C2_3","parameterUnit":"Unknown","genProcessType":2,"genProcessTypeName":"Forecast","forecastTime":180,"surface1Type":103,"surface1TypeName":"Specified height level above ground","surface1Value":10.0,"surface2Type":255,"surface2TypeName":"Missing","surface2Value":0.0,"gridDefinitionTemplate":0,"gridDefinitionTemplateName":"Latitude_Longitude","numberPoints":615,"shape":6,"shapeName":"Earth spherical with radius of 6,371,229.0 m","gridUnits":"degrees","resolution":48,"winds":"true","scanMode":64,"nx":41,"ny":15,"basicAngle":0,"lo1":47.0,"la1":41.0,"lo2":87.0,"la2":55.0,"dx":1.0,"dy":1.0},"data":[-0.050117187,1.2398828,-1.4901172,-11.350117,-9.0501175,-4.370117,-2.6801171,-0.41011718,-0.9101172,-1.9901172,1.7598828,0.4798828,-0.9401172,-2.9301171,-3.4301171,-3.1601171,-3.2501173,-1.4901172,-1.9901172,-1.3701172,-0.11011719,-3.480117,-1.6701171,-2.0001173,-2.2901173,-0.5101172,-1.5701172,2.029883,2.9298828,3.5998828,0.3598828,0.7498828,-0.29011717,-1.6501172,-1.1001172,0.49988282,1.9898828,1.6498828,-0.020117188,-1.9901172,1.5398828,-0.4001172,-1.8101172,-11.650117,-12.680118,-8.670117,-5.180117,-1.6101172,3.6398828,2.1398828,2.789883,0.17988281,-1.9501172,-1.2301172,-2.0601172,-4.430117,-4.050117,-2.2601173,-2.6901171,-2.6101172,-2.1501172,-3.210117,-2.6501172,-0.25011718,2.2098827,1.5198828,1.6898828,-1.6001172,2.8198829,0.9098828,2.4798827,4.089883,4.649883,0.91988283,0.46988282,-0.22011718,-1.1201172,0.20988281,-0.5601172,0.039882813,-1.9901172,1.5198828,-0.8701172,-4.9001174,-9.710117,-10.420117,-9.720118,-6.200117,1.1798828,1.7498828,2.8298829,0.029882813,0.3598828,-0.06011719,-1.7101172,-2.7801173,-2.4401171,-2.8501172,-1.8001171,-2.490117,-2.3001173,-2.0201173,-1.5001172,-2.6001172,-2.210117,-1.4501172,-1.0501171,0.039882813,-1.1201172,-0.21011719,-0.3001172,1.3898828,2.6198828,1.0498828,1.3198829,-0.9801172,-0.6901172,1.7198828,3.529883,-1.3201172,0.2698828,1.0498828,0.9598828,1.3198829,-7.410117,-3.450117,-6.820117,-9.810117,-6.9801173,4.319883,5.139883,4.109883,2.4198828,0.21988282,-1.0201172,-2.3201172,-3.3401172,-2.5401173,-3.470117,-2.1001172,-3.4201171,-2.6101172,-1.6801171,-0.9901172,-1.8401172,1.3098828,-2.5001173,-3.5201173,-3.5401173,-3.3101172,-3.8501172,-1.4001172,-2.230117,-3.2701173,-1.7301172,-1.2401172,1.6398828,0.97988284,-1.0701172,0.48988283,3.9698827,0.14988281,0.9998828,0.15988281,-2.0401173,-4.510117,-0.9201172,-6.620117,-8.470118,-5.660117,2.2098827,3.3898828,4.409883,3.1398828,2.299883,0.33988282,-1.9901172,-4.0401173,-3.1001172,-2.7801173,-1.8701172,-2.6501172,-2.5101173,-2.7601173,-1.4301171,-0.8601172,-1.4601172,-2.0501173,-2.5801172,-2.9201171,-3.6701171,-3.700117,-3.2801173,-3.4301171,-2.960117,-1.3201172,2.3598828,4.259883,-0.64011717,-1.9801172,0.9098828,-2.3401172,-2.6401172,-3.5601172,-4.320117,-4.4401174,-2.9201171,3.6798828,0.36988282,-7.830117,-7.8801174,1.3498828,2.4198828,4.6898828,3.7098827,1.9298828,1.0598828,-1.5901172,-1.6401172,-1.7601172,-3.3701172,-1.8101172,-0.20011719,-1.5001172,-1.4201171,-1.6101172,-0.7401172,-0.050117187,-0.5001172,-1.5201172,-2.3201172,-3.0001173,-5.050117,-3.8501172,-4.080117,-5.4201174,-3.4401171,-2.970117,0.7998828,1.6998829,3.9098828,2.0698829,2.7098827,-1.4701172,-4.4401174,-5.2101173,-3.5301173,-4.010117,-2.3901172,5.719883,-4.160117,-6.220117,-0.3101172,3.1298828,4.569883,4.5998826,3.0998828,2.779883,1.8398829,0.12988281,-0.7301172,-2.3601172,-3.0001173,0.3198828,0.7998828,-0.25011718,-0.9201172,-0.8401172,-0.7201172,-0.15011719,-0.7401172,-0.5501172,-2.2601173,-3.3901172,-5.100117,-5.280117,-6.390117,-7.8801174,-4.850117,-0.8201172,-1.5701172,-1.8401172,-3.2701173,-2.0701172,1.0098828,0.4798828,-0.9101172,-2.460117,-3.740117,-1.5001172,6.2298827,0.97988284,-4.5201173,-0.24011719,1.8398829,2.3798828,1.7398828,1.6598828,1.7498828,2.1298828,1.8198829,0.6798828,-1.1301172,-2.6901171,-1.7801172,2.8398829,1.6598828,0.14988281,-0.52011716,-0.5101172,-0.5001172,-0.5001172,-0.4301172,0.3898828,-2.210117,-3.1101172,-5.0001173,-5.660117,-5.580117,-6.6301174,-6.1701174,-1.4801172,0.2598828,-0.4801172,0.5098828,-1.8201172,-0.5701172,-2.6601171,-2.3901172,-2.980117,1.9098828,7.9798827,6.199883,-0.7501172,-2.0601172,3.3598828,3.549883,3.039883,2.4598827,1.6898828,1.4598829,1.5098828,1.7098829,0.53988284,-1.4501172,-1.4401172,-0.6001172,4.139883,2.5998828,1.0098828,1.3398829,-0.07011719,-0.4201172,-0.08011719,-0.18011719,-0.4301172,-1.1701171,-1.5201172,-3.210117,-3.7801173,-2.5701172,-3.6301172,-2.2801173,-1.2701172,-3.4101171,-0.65011716,0.009882812,-1.171875E-4,-3.0601172,-1.7501172,-2.5201173,1.4398828,4.279883,5.129883,1.3498828,-2.710117,4.4598827,4.5398827,3.8298829,3.3598828,3.4698827,3.1998827,2.769883,1.9598829,0.9298828,0.5498828,-0.5701172,-1.1201172,-0.100117184,3.4498827,3.769883,2.8298829,1.9598829,1.4298828,0.72988284,0.7698828,1.0798829,-0.14011718,-1.0101172,-1.5301172,-2.0301173,-2.7801173,-2.7601173,-1.9401172,-1.0301172,0.019882813,-2.2501173,-0.9201172,2.259883,2.6798828,-2.470117,-2.1301172,2.4598827,2.2498827,5.399883,4.6198826,2.4798827,2.1598828,3.1698828,3.1298828,2.8798828,3.019883,3.6598828,3.1498828,2.9998827,2.4698827,1.5198828,1.4198828,-0.6801172,-0.8401172,1.9398828,3.8098829,3.1898828,3.0998828,2.6098828,2.5998828,0.5598828,2.0598829,1.1398828,0.8298828,-1.1101172,-2.0601172,-2.240117,-2.1601171,-2.8201172,-0.9101172,-0.44011718,1.5698829,0.7698828,0.8698828,0.16988282,-1.3201172,-2.6101172,0.36988282,2.7198827,0.91988283,0.33988282,0.10988281,0.84988284,0.7398828,1.9898828,1.2998828,2.1098828,2.6998827,3.2098827,2.8698828,3.039883,3.0598829,2.3998828,0.91988283,-0.2701172,0.9398828,2.9898827,2.8798828,2.7498827,2.8598828,3.0698829,3.269883,3.3698828,2.8398829,1.5598828,0.33988282,-0.58011717,-1.2801172,-1.6101172,-1.8901172,-2.6001172,-1.5701172,0.6798828,1.3798828,1.5098828,0.8098828,-0.5601172,-1.7001172,-2.1801171,1.7398828,1.3898828,0.09988281,-0.9701172,-2.5301173,-0.19011718,-1.4701172,-1.171875E-4,1.3998828,2.8298829,3.009883,2.6398828,2.5598829,2.7398827,2.789883,1.5298828,1.2898828,0.84988284,2.2398827,2.8498828,3.019883,3.529883,3.7098827,3.8798828,3.6198828,2.9598827,1.9998828,1.4998828,1.3298829,0.13988282,-0.23011719,-0.3301172,-0.9401172,-1.4201171,-0.9301172,-1.3301172,-0.77011716,-0.35011718,0.5698828,-0.8001172,-1.3401172,-0.7901172,0.5798828,0.6398828,0.24988282,1.7098829,-1.3401172,0.6898828,0.9898828,-0.09011719,0.5298828,1.9798828,2.769883,2.6198828,2.6498828,2.8998828,2.8398829,2.5598829,2.2098827,2.2098827,2.269883,2.4498827,2.779883,3.4398828,3.3198829,3.6498828,3.3998828,2.9498827,2.519883,2.009883,1.4498829,0.9998828,0.019882813,0.2598828,-0.19011718,-0.9401172,-0.83011717,-0.22011718,-0.38011718,-0.15011719,0.4398828,-0.44011718,0.78988284,0.7198828,-0.19011718,0.2598828,1.7598828,1.6598828,0.1998828,1.1498828,0.78988284,0.7798828,-0.52011716,-1.6801171,1.3698828,2.509883,2.9098828,2.9398828,2.799883,2.7098827,2.789883,2.6398828,2.529883,2.509883,3.0598829,3.2498827,3.509883,3.4298828,3.1198828,3.049883,3.9398828,2.6198828,2.2098827,1.9198828,1.2998828,1.0298828,1.7298828,1.0098828,1.1698828,0.5298828]}]