wind_kz.json
{"header": {"discipline":0,"disciplineName":"Meteorological products","gribEdition":2,"gribLength":871,"center":7,"centerName":"US National Weather Service - NCEP(WMC)","subcenter":0,"refTime":"2023-08-23T12:00:00.000Z","significanceOfRT":1,"significanceOfRTName":"Start of forecast","productStatus":0,"productStatusName":"Operational products","productType":1,"productTypeName":"Forecast products","productDefinitionTemplate":0,"productDefinitionTemplateName":"Analysis/forecast at horizontal level/layer at a point in time","parameterCategory":0,"parameterCategoryName":"UnknownDiscipline_0_Category_0","parameterNumber":0,"parameterNumberName":"UnknownParameter_D0_C0_0","parameterUnit":"Unknown","genProcessType":2,"genProcessTypeName":"Forecast","forecastTime":180,"surface1Type":1,"surface1TypeName":"Ground or water surface","surface1Value":0.0,"surface2Type":255,"surface2TypeName":"Missing","surface2Value":0.0,"gridDefinitionTemplate":0,"gridDefinitionTemplateName":"Latitude_Longitude","numberPoints":615,"shape":6,"shapeName":"Earth spherical with radius of 6,371,229.0 m","gridUnits":"degrees","resolution":48,"winds":"true","scanMode":64,"nx":41,"ny":15,"basicAngle":0,"lo1":47.0,"la1":41.0,"lo2":87.0,"la2":55.0,"dx":1.0,"dy":1.0}, "data":
[rows 0 to 14 of 15, columns 0 to 40 of 41]
295.54407,284.74408,289.94406,299.04407,298.94406,298.14407,298.24408,298.54407,295.94406,296.34406,294.24408,296.04407,295.44406,295.04407,295.24408,293.44406,293.74408,294.14407,292.94406,292.94406,292.94406,289.54407,288.44406,288.14407,290.04407,291.74408,290.94406,278.54407,277.24408,275.54407,275.24408,278.84406,287.34406,293.04407,293.84406,293.24408,292.74408,293.74408,293.04407,295.14407,297.64407
274.54407,289.64407,299.04407,299.24408,299.04407,297.64407,297.04407,295.84406,293.94406,293.14407,293.04407,291.54407,290.44406,289.64407,288.84406,288.94406,293.24408,291.04407,290.44406,290.34406,290.94406,292.54407,291.24408,284.44406,274.24408,274.14407,283.84406,278.84406,277.04407,272.74408,279.74408,269.74408,280.24408,259.54407,277.14407,291.24408,289.54407,292.54407,295.34406,287.74408,283.94406
291.24408,298.64407,299.14407,299.34406,297.74408,294.44406,293.94406,292.24408,291.74408,290.34406,289.24408,289.24408,287.04407,287.04407,288.04407,286.34406,287.74408,286.74408,286.54407,287.94406,290.24408,288.94406,292.74408,286.64407,285.74408,285.84406,288.54407,287.94406,286.74408,281.54407,272.44406,276.34406,281.44406,281.14407,282.44406,283.04407,275.94406,276.54407,277.74408,274.94406,275.14407
291.74408,299.44406,299.44406,298.54407,295.04407,291.54407,291.74408,290.54407,290.24408,289.44406,288.74408,288.24408,295.14407,294.44406,286.54407,286.04407,288.34406,286.44406,287.44406,286.54407,287.04407,283.94406,288.24408,289.34406,290.94406,289.54407,290.84406,290.84406,288.94406,290.24408,291.24408,287.54407,290.74408,290.34406,291.24408,287.94406,276.74408,276.34406,281.04407,289.34406,291.44406
293.94406,299.14407,299.44406,299.24408,295.84406,292.24408,293.04407,292.34406,290.94406,290.14407,288.64407,286.54407,295.14407,293.64407,291.34406,287.44406,287.94406,287.04407,284.54407,288.24408,287.84406,287.54407,286.14407,286.84406,286.84406,288.04407,288.44406,289.24408,287.74408,289.54407,293.14407,288.84406,281.14407,272.14407,282.14407,291.34406,293.34406,296.14407,295.34406,295.34406,294.04407
292.54407,291.24408,297.44406,298.54407,298.94406,298.24408,292.54407,291.54407,290.64407,289.64407,289.94406,287.14407,293.04407,294.34406,290.04407,285.34406,286.64407,286.44406,286.04407,287.04407,286.34406,286.34406,285.04407,285.34406,284.44406,284.14407,285.44406,292.84406,288.74408,291.44406,290.14407,293.34406,290.64407,288.14407,288.64407,289.94406,286.74408,286.94406,293.94406,295.04407,295.04407
292.74408,291.24408,293.04407,295.14407,295.64407,294.44406,290.94406,292.84406,290.64407,290.44406,288.04407,287.34406,286.44406,287.34406,287.34406,288.14407,287.24408,287.34406,285.64407,283.94406,283.24408,285.44406,285.14407,285.34406,283.84406,283.64407,282.44406,284.84406,285.94406,287.44406,289.04407,292.14407,292.34406,291.24408,290.84406,289.34406,287.04407,285.04407,281.04407,280.04407,292.94406
292.34406,291.74408,291.14407,290.74408,292.94406,294.64407,293.84406,292.44406,290.74408,288.64407,286.54407,285.94406,284.64407,286.14407,286.64407,286.64407,286.44406,286.64407,286.34406,283.64407,283.94406,283.04407,283.14407,283.44406,282.84406,279.44406,279.84406,281.14407,280.64407,283.84406,284.64407,287.04407,288.54407,287.54407,283.94406,288.24408,289.74408,289.34406,291.64407,291.94406,290.24408
290.94406,291.74408,292.54407,292.74408,293.04407,291.94406,291.44406,290.64407,289.44406,288.04407,287.04407,284.04407,285.74408,286.74408,285.54407,286.24408,285.64407,284.84406,284.64407,284.04407,282.24408,283.14407,287.04407,287.24408,280.94406,281.64407,278.94406,276.84406,276.34406,275.44406,279.24408,281.54407,282.84406,285.84406,285.34406,286.24408,288.24408,288.34406,278.54407,278.64407,275.54407
288.04407,288.14407,288.44406,290.54407,289.34406,288.74408,287.64407,287.44406,286.64407,287.24408,285.84406,282.74408,284.34406,285.34406,287.24408,288.04407,287.94406,288.14407,287.54407,287.24408,285.74408,285.64407,285.64407,286.44406,286.14407,284.44406,280.34406,279.94406,278.84406,279.04407,279.04407,282.54407,284.64407,285.54407,285.24408,285.64407,285.64407,285.94406,280.74408,282.14407,279.64407
284.64407,285.14407,285.54407,287.34406,285.74408,286.64407,286.94406,287.14407,284.14407,285.94406,285.64407,285.54407,286.44406,285.34406,285.54407,285.64407,284.74408,283.04407,282.64407,284.44406,282.24408,282.84406,282.24408,282.24408,284.14407,283.94406,282.24408,282.04407,281.14407,281.74408,282.24408,283.54407,283.14407,283.74408,284.34406,282.84406,282.44406,282.94406,279.54407,282.54407,282.14407
281.94406,283.04407,286.54407,281.94406,285.34406,283.64407,284.64407,284.14407,285.84406,285.24408,283.14407,283.34406,284.04407,283.24408,283.54407,283.34406,282.14407,284.04407,284.14407,284.04407,282.84406,281.44406,281.24408,280.84406,282.94406,283.04407,281.04407,281.74408,282.14407,282.74408,281.24408,281.74408,283.34406,281.64407,282.24408,283.64407,284.34406,285.84406,285.94406,285.84406,284.64407
279.44406,278.44406,279.64407,279.74408,281.84406,285.14407,285.04407,285.44406,284.34406,283.84406,281.24408,279.74408,281.44406,281.54407,280.04407,282.74408,281.64407,283.14407,284.04407,280.94406,281.24408,282.54407,282.74408,280.04407,283.34406,284.24408,284.84406,282.74408,281.84406,280.94406,280.84406,280.44406,281.44406,281.44406,281.64407,281.44406,283.54407,286.94406,285.44406,286.34406,285.84406
278.24408,280.34406,287.74408,283.84406,284.64407,283.64407,282.84406,283.74408,282.54407,283.44406,280.24408,278.54407,277.64407,278.04407,278.94406,279.74408,280.04407,282.34406,282.64407,282.44406,281.14407,282.54407,282.84406,283.84406,284.54407,284.14407,281.54407,281.84406,281.64407,281.74408,280.94406,280.14407,279.64407,280.14407,280.94406,280.54407,282.94406,284.54407,286.24408,284.54407,285.84406
283.14407,280.74408,290.44406,284.64407,281.24408,283.84406,284.34406,283.44406,283.74408,282.24408,279.74408,279.84406,277.04407,279.94406,280.54407,282.24408,282.04407,281.44406,282.04407,281.84406,282.24408,281.74408,282.04407,281.24408,281.64407,283.34406,283.94406,283.14407,282.04407,281.84406,282.14407,282.14407,279.74408,279.24408,280.04407,281.54407,283.04407,284.24408,286.04407,286.24408,286.24408
