wind.json
{"header": {"discipline":0,"disciplineName":"Meteorological products","gribEdition":2,"gribLength":1211,"center":7,"centerName":"US National Weather Service - NCEP(WMC)","subcenter":0,"refTime":"2023-05-30T00:00:00.000Z","significanceOfRT":1,"significanceOfRTName":"Start of forecast","productStatus":0,"productStatusName":"Operational products","productType":1,"productTypeName":"Forecast products","productDefinitionTemplate":0,"productDefinitionTemplateName":"Analysis/forecast at horizontal level/layer at a point in time","parameterCategory":2,"parameterCategoryName":"UnknownDiscipline_0_Category_2","parameterNumber":3,"parameterNumberName":"UnknownParameter_D0_C2_3","parameterUnit":"Unknown","genProcessType":2,"genProcessTypeName":"Forecast","forecastTime":180,"surface1Type":103,"surface1TypeName":"Specified height level above ground","surface1Value":10.0,"surface2Type":255,"surface2TypeName":"Missing","surface2Value":0.0,"gridDefinitionTemplate":0,"gridDefinitionTemplateName":"Latitude_Longitude","numberPoints":688,"shape":6,"shapeName":"Earth spherical with radius of 6,371,229.0 m","gridUnits":"degrees","resolution":48,"winds":"true","scanMode":64,"nx":43,"ny":16,"basicAngle":0,"lo1":45.0,"la1":40.0,"lo2":87.0,"la2":55.0,"dx":1.0,"dy":1.0}, "data":
[rows 0 to 15 of 16, columns 0 to 42 of 43]
1.3638574,-0.48614258,1.4638574,2.5038574,0.8538574,-10.846143,-8.786142,-7.3361425,-7.9961424,3.1638575,3.0738573,1.6738575,1.3238574,-2.0161426,-1.7061425,-5.7161427,-4.806143,-6.0361423,-4.6161427,-5.2661424,-5.9161425,-3.6661425,-5.0261426,-4.0061426,-2.7561426,-2.8661425,-2.5661426,-2.7161427,-2.1861427,-2.1761427,4.6338573,4.0838575,3.7538574,1.9738574,0.6038574,2.2538574,-0.7761426,2.5038574,-0.046142578,-2.3861425,-3.1161425,-4.6961427,-1.5961425
-0.80614257,1.9738574,2.2138574,1.1238574,-2.7361426,-8.466143,-7.6961427,-6.5461426,-5.826143,-1.3761426,0.8938574,1.0638574,-0.26614258,-1.7261425,-4.4461427,-4.1261425,-4.2561426,-5.096143,-4.7761426,-5.306143,-5.7461424,-5.1161427,-5.1361427,-3.0861425,-1.2761426,-0.7861426,2.1038575,-5.5261426,-3.7361426,-0.81614256,1.9038575,0.7938574,-0.5161426,-2.7561426,1.1038574,4.8238573,3.0638573,-1.6461426,-3.1361425,-1.5261426,-2.8361425,-0.46614257,-1.6161426
0.25385743,1.9138575,-2.1761427,-3.3361425,-5.7761426,-7.9161425,-7.326143,-4.9561424,-4.6861424,-2.2361426,2.9038575,-3.4761426,0.013857421,-2.5761425,-6.2061424,-4.5461426,-3.3561425,-4.4561424,-4.9361424,-5.1561427,-5.096143,-2.0961425,-5.4061427,-4.596143,-2.3161426,-1.1161426,-1.3761426,-5.1061425,-1.1461426,-2.7861426,0.18385743,-2.5161426,-2.8561425,-3.5061426,1.5738574,0.12385742,-1.1261426,2.2438574,-0.39614257,4.0038576,1.9638574,2.7938573,-0.08614258
-0.7661426,-0.7661426,-3.1361425,-4.806143,-6.1961427,-8.696142,-9.586143,-0.56614256,-1.1661426,1.9838574,-1.3261425,1.7638574,0.8438574,-3.1661425,-6.5061426,-6.4361424,-5.7161427,-1.2861426,-3.9861426,-2.7761426,-3.2161427,-5.0061426,-6.0861425,-5.0161424,-5.9161425,-5.7361426,-5.8661427,-5.2261424,7.2138577,11.073857,3.8838575,1.0338575,-1.5561426,-0.62614256,3.2338574,-3.1161425,0.6538574,-0.9561426,-3.1761427,4.9538574,-1.5361426,-0.9061426,-3.8161426
0.6638574,-1.6061425,-3.8061426,-3.6361425,-5.5161424,-6.8861427,-8.656142,-10.896143,-5.4861426,-2.3261425,-2.9161425,2.2938573,-1.2461426,-2.8461425,-0.82614255,-2.7761426,-4.3561425,-0.20614257,-0.8561426,-4.306143,-3.3161426,-5.3161426,-7.2161427,-2.6861427,-5.0861425,-5.1261425,-3.8061426,-1.7561426,-1.5761425,0.86385745,-4.5661426,-5.8861427,4.2438574,2.9338574,-0.63614255,-0.3761426,-3.9661427,-0.74614257,-3.3761425,-1.7761426,-1.8761426,-0.75614256,-2.4661427
-3.2461426,-3.5061426,-3.7661426,-0.99614257,-3.0361426,-4.7061424,-5.6161427,-7.9861426,-9.726143,-1.7161425,-1.2761426,-0.16614258,1.7138574,-3.0561426,-0.69614255,-3.3061426,-3.8161426,-0.55614257,0.023857422,-1.4261426,-2.9161425,-4.8761425,-6.1161427,-4.6261425,-0.6061426,-3.4261427,-2.6561425,-2.5461426,-3.5861425,-3.0461426,-4.9061427,3.1938574,-2.3661425,-3.2161427,-3.4561427,-0.46614257,-1.4461426,0.7338574,1.7238574,1.3538574,1.6738575,0.42385742,0.21385743
-1.7461426,-2.6661425,-3.5361426,-3.8361425,1.4538574,-2.1061425,-2.9561427,-5.596143,-5.4361424,-4.1761427,-2.9761426,-3.9561427,-0.4761426,-1.5561426,3.0838575,3.2038574,-1.8561425,-6.056143,-1.6661426,0.56385744,0.86385745,-4.5361423,-6.0661426,-4.1861424,-4.1161427,-1.4561425,-1.8861426,-4.2161427,0.06385742,-0.9661426,-5.2061424,6.7538576,2.2338574,-3.5761425,1.1038574,10.773857,1.7238574,0.29385743,3.0038574,4.0738573,3.7638574,3.7338574,1.8938575
-2.9461427,-3.6561425,-4.6761427,-4.9961424,-4.2461424,-3.6261425,-4.1761427,-3.7861426,-3.6861427,-3.8261425,-3.2561426,-2.5761425,-3.7061427,1.4438574,-0.82614255,3.6938574,0.86385745,1.5938574,-1.5961425,1.1438575,-1.0361426,-4.7461424,-4.306143,-4.2261424,-3.3461425,-2.6561425,-2.4461427,-1.8361425,-2.3561425,0.48385742,0.68385744,-5.9361424,-0.5461426,-2.3861425,-0.5461426,3.6538575,-2.3161426,-3.2961426,1.9138575,1.4838574,-0.63614255,-0.7061426,-0.17614257
-4.1961427,-4.1761427,-4.1561427,-5.2161427,-5.326143,-3.6061425,-3.9361427,-3.6361425,-2.9261427,-3.3461425,-1.9361426,-1.8161426,-2.3761425,-0.80614257,-0.9261426,2.4938574,-0.82614255,2.7938573,3.5238574,0.87385744,-2.5461426,-3.3761425,-3.2961426,-3.7961426,-5.826143,0.5438574,-0.42614257,-0.07614258,0.7238574,-0.38614258,3.2538574,-3.6761427,-0.16614258,2.1038575,1.1838574,2.1938574,0.67385745,-1.4561425,-2.5661426,-2.4761426,-2.6061425,-1.5061426,-0.7361426
-1.1661426,-4.1461425,-4.4861426,-4.6061425,-5.5361423,-5.096143,-4.2561426,-4.3161426,-3.8261425,-2.5461426,-2.4061425,0.19385742,0.3438574,-0.81614256,-0.20614257,2.5638573,2.3638575,-0.20614257,0.15385742,-0.06614258,-1.3861426,-3.0761425,-2.5161426,-2.6561425,-3.2661426,-2.1861427,-1.9961426,0.20385742,-2.9661427,-5.0061426,-2.7361426,-6.0861425,-9.676143,-0.99614257,-4.1561427,-4.9461427,-0.62614256,-1.8261425,-2.6061425,-3.9161425,-4.4961424,-3.2561426,-1.8461425
-1.4261426,-2.9161425,-4.096143,-4.556143,-5.4961424,-5.3161426,-3.4361427,-3.7961426,-3.9161425,-2.6961427,-1.8661426,-2.2461426,1.0338575,2.4638574,1.3238574,-4.0161424,2.8638575,0.24385743,-1.2961426,-1.1061425,-2.7461426,-1.3461425,0.8438574,-3.4461427,-1.5661426,-0.8361426,-2.0661426,0.31385744,-1.6861426,-4.5261426,-4.0661426,-4.5161424,-0.5461426,-2.9761426,-4.7861423,-2.8961425,0.5438574,-2.3761425,-1.1661426,0.7638574,-2.4961426,-0.8461426,-1.8361425
-1.6861426,-1.2661426,-3.4061425,-4.5261426,-4.826143,-6.2161427,-4.6861424,-3.9461427,-4.8661427,-4.4061427,-0.99614257,-0.2561426,1.5238575,-0.15614258,6.9138575,-3.0361426,0.8538574,1.5838574,0.7338574,-2.3161426,-6.6861424,-2.2761426,2.1938574,2.0638573,0.10385742,1.8538574,-1.6761426,-1.8661426,-2.0061426,0.07385742,-1.7461426,-2.0361426,-5.3961425,-5.2961426,-4.1661425,-2.8661425,-2.6261425,-2.0061426,-2.9561427,0.7238574,3.8538575,2.2438574,2.7338574
-0.43614256,-0.99614257,-2.3661425,-3.0561426,-4.9361424,-5.4661427,-5.2861423,-5.4261427,-5.596143,-4.2861423,-2.4861426,0.04385742,1.9238575,3.3138573,4.5938573,1.6038574,4.7538576,2.8038573,4.0138574,-0.29614258,-3.8061426,-1.1061425,-2.4961426,-5.9461427,-4.4361424,-7.6261425,-1.4661425,-3.1961427,4.443857,-2.0161426,-3.7261426,-2.9961426,-1.2461426,-3.2561426,-2.9261427,-3.8061426,-2.1261425,-2.5461426,-1.0861425,1.0238575,0.30385742,-0.55614257,-0.20614257
-0.82614255,-0.99614257,-1.6261426,-2.7261426,-4.5261426,-4.7961426,-2.9461427,-2.8961425,-4.8661427,-5.3861427,-6.1061425,-4.0461426,-0.21614258,1.2438574,-3.6161425,2.1938574,3.3938575,0.8438574,1.6138574,2.9038575,0.11385742,-4.2161427,-5.5861425,-4.9161425,5.173857,4.6138573,1.5138574,-0.41614258,-4.0161424,2.6738575,6.0838575,0.053857423,1.0138574,0.22385742,1.0638574,0.07385742,-1.1761426,-0.8661426,-1.6061425,-1.5661426,-1.7761426,-2.8961425,-2.6061425
2.1238575,0.7638574,-3.9861426,-2.2661426,-3.3961425,-3.4961426,-5.2261424,-4.5461426,-4.4561424,-4.3361425,-4.1861424,-4.4661427,0.20385742,1.3438574,-1.4661425,-3.7761426,-3.3261425,-2.7961426,-1.4561425,-1.3461425,0.50385743,-0.80614257,-4.326143,-3.9761426,-0.7961426,1.3938575,2.6938574,-1.6861426,-0.22614259,-1.8761426,-2.4161425,-1.2961426,-5.806143,-2.7061427,-3.4061425,-4.2961426,-4.096143,-3.8061426,-3.4261427,-4.7161427,-2.1861427,-2.3461425,-3.7161427
2.6838574,1.2438574,0.20385742,-2.7861426,0.48385742,-3.5961425,-4.1861424,-3.0761425,-4.2461424,-4.5861425,-4.6961427,-3.7661426,-1.4061426,-4.2161427,-0.15614258,0.31385744,-3.8161426,-4.7661424,-2.8461425,0.10385742,-0.39614257,-0.13614258,-0.48614258,-2.6961427,-4.3361425,-0.06614258,-0.27614257,0.94385743,1.5138574,-0.06614258,-1.2361426,-1.3461425,-0.6561426,-0.18614258,-2.0861425,-3.4561427,-2.0361426,-1.7361426,-2.8861425,-3.1961427,-4.0161424,-4.4961424,-2.0861425
