wind.json
{"header": {"discipline":0,"disciplineName":"Meteorological products","gribEdition":2,"gribLength":1125,"center":7,"centerName":"US National Weather Service - NCEP(WMC)","subcenter":0,"refTime":"2023-06-27T18:00:00.000Z","significanceOfRT":1,"significanceOfRTName":"Start of forecast","productStatus":0,"productStatusName":"Operational products","productType":1,"productTypeName":"Forecast products","productDefinitionTemplate":0,"productDefinitionTemplateName":"Analysis/forecast at horizontal level/layer at a point in time","parameterCategory":2,"parameterCategoryName":"UnknownDiscipline_0_Category_2","parameterNumber":3,"parameterNumberName":"UnknownParameter_D0_C2_3","parameterUnit":"Unknown","genProcessType":2,"genProcessTypeName":"Forecast","forecastTime":300,"surface1Type":103,"surface1TypeName":"Specified height level above ground","surface1Value":10.0,"surface2Type":255,"surface2TypeName":"Missing","surface2Value":0.0,"gridDefinitionTemplate":0,"gridDefinitionTemplateName":"Latitude_Longitude","numberPoints":688,"shape":6,"shapeName":"Earth spherical with radius of 6,371,229.0 m","gridUnits":"degrees","resolution":48,"winds":"true","scanMode":64,"nx":43,"ny":16,"basicAngle":0,"lo1":45.0,"la1":40.0,"lo2":87.0,"la2":55.0,"dx":1.0,"dy":1.0}, "data":
[rows 0 to 15 of 16, columns 0 to 42 of 43]
-2.3209937,0.25900635,1.9190063,1.0590063,-1.2809937,-1.1609937,-2.6509936,-3.7809937,-3.3909936,-1.6709937,-2.6709936,-1.0709937,-1.2409936,-0.34099364,-0.5509937,-0.75099367,-1.4509937,-2.6509936,-4.650994,-5.130994,-4.0109935,-0.89099365,0.67900634,-4.130994,-4.110994,-2.6209936,-3.2309937,-4.7309937,-2.7509937,2.7290063,4.8190064,2.2390063,3.2990065,2.3290064,-1.6009936,-0.20099366,-1.0109936,-0.63099366,-0.9909937,-1.0609937,-0.57099366,-0.85099363,-1.5709937
-1.8809936,0.28900635,1.4990064,0.029006347,-1.4309937,-0.39099365,-1.4209937,-2.6809936,-3.3609936,-3.8009937,-3.3309937,-3.6709936,-3.4609938,-3.6609936,-4.130994,-3.1809936,-1.9309937,0.61900634,-1.2809937,-3.6609936,-0.9309937,-1.5109936,-2.4009936,-2.7209938,2.8690064,-0.83099365,3.2590063,2.2790062,3.2990065,0.92900634,-1.0909936,4.6990066,2.8890064,3.3590064,-0.8009937,0.33900633,0.47900635,0.14900635,-0.50099367,0.48900634,0.64900637,0.12900634,-1.7309936
0.08900635,2.6190064,-2.5909936,-2.7309937,-1.4009937,-1.2809937,-2.8609936,-2.8209937,-4.7909937,-2.1209936,-2.2309937,-2.0709937,-3.2509937,-2.9909937,-2.8009937,-2.4909937,-1.9809936,-0.94099367,0.59900635,0.6990063,-1.1109936,0.44900635,-2.0909936,-2.3809936,0.8290064,3.1990063,3.6990063,4.289006,3.5890064,4.059006,0.029006347,4.2090063,-0.57099366,3.4290063,0.96900636,0.48900634,3.5090063,3.4690063,2.4690063,1.8590064,1.7090063,2.1490064,-1.0009936
-1.5309937,-1.4209937,-3.0509937,-3.0109937,-3.3709936,-2.3409936,-2.5809937,-4.4709935,-4.8009934,-3.8309937,-3.2109938,-3.6709936,-3.1309936,-2.7509937,-2.4509935,-3.1709936,-4.130994,-2.4109936,-0.38099366,0.31900635,0.31900635,-0.46099365,0.89900637,-0.45099366,-0.91099364,3.8190064,-0.59099364,1.0190064,-2.5809937,-2.9309936,-0.72099364,-2.4709938,-0.39099365,3.2590063,1.0590063,1.3890064,0.67900634,-2.4209936,-1.2609936,2.8590064,-1.8109937,0.23900634,0.9390063
-1.0609937,-1.1909937,-3.4209936,-3.7009935,-4.2509937,-4.2509937,-2.8009937,-6.340994,-6.7909937,-4.1609936,-3.9509935,-2.2409937,-2.4709938,-2.2709937,-1.5909936,-1.9709936,-3.5909936,-0.96099365,-1.7409936,-1.9009937,1.4490063,2.7990065,1.3390063,3.3590064,-0.12099365,1.6490064,5.3790064,1.9290063,-3.8709936,-5.9509935,-6.380994,-8.340994,0.13900635,-0.16099365,0.9490063,0.37900636,0.97900635,1.8190063,3.0090063,2.1990063,-3.3909936,-3.2509937,-0.6109936
-3.3509936,-3.3609936,-4.0309935,-3.8009937,-4.7609935,-5.7809935,-5.6209936,-7.7709937,-6.130994,-5.0509934,-5.0309935,-3.6309936,-3.0109937,-4.1809936,-1.1609937,-2.4909937,-1.9309937,0.70900637,-0.46099365,-0.83099365,2.5790064,-5.400994,3.1290064,2.6990063,-0.6109936,0.9490063,0.24900635,3.8990064,6.639006,3.0990064,-5.900994,-7.0809937,-9.7409935,-5.8009934,-0.36099365,0.31900635,1.0690063,1.5790063,2.1090064,-0.040993653,-2.0109937,-0.37099364,-0.070993654
-2.6309936,-4.0109935,-4.590994,-4.690994,-3.0309937,-3.7009935,-5.6009936,-5.4909935,-6.960994,-7.0409937,-5.1409936,-3.6409936,-3.3409936,-3.7709937,-0.17099366,0.0090063475,1.0990063,-1.4509937,-1.3009937,2.8890064,3.9590063,-0.66099364,-3.9009936,2.9190063,2.4690063,1.8090063,2.7490063,1.9690063,1.1390064,6.889006,5.159006,1.8390063,-1.6809937,-6.2909937,-0.77099365,-3.4709938,-1.6209936,-0.8109937,-4.7609935,-2.9009936,0.20900635,1.1590064,2.0390062
-3.7609937,-4.1409936,-4.840994,-5.7309937,-6.5709934,-7.9709935,-7.9109936,-7.340994,-7.2609935,-7.3109937,-6.440994,-4.190994,-2.0509937,-2.1509936,-1.3909936,-3.4009936,-2.8109937,-0.72099364,-1.3909936,2.5890064,3.2890062,4.1990066,3.6890063,2.7490063,4.039006,1.0990063,0.8790063,0.97900635,1.3490063,0.33900633,2.4390063,8.439007,5.849006,-5.380994,-3.2609937,0.0090063475,4.1090064,3.1290064,3.7090063,0.049006347,-1.9709936,0.9490063,1.1390064
-3.4209936,-4.4109936,-4.8509936,-5.4509935,-6.0609937,-7.360994,-8.340994,-7.9809937,-8.020993,-8.760994,-8.230993,-6.7209935,-2.7309937,-3.0009937,-1.1009936,-3.5609937,-2.5209937,-0.5609937,1.9690063,2.3490064,2.2790062,2.4890063,0.6890063,2.5690064,0.5090063,1.3290063,-2.5709937,-2.0909936,2.4490063,1.1890063,0.38900635,8.199006,6.5190063,-1.3509936,4.6790066,7.3590064,1.3190063,0.19900635,0.09900635,0.20900635,-0.9309937,-1.7109936,0.58900636
-3.4509935,-4.0009937,-3.1309936,-5.3309937,-7.0509934,-8.020993,-8.120994,-9.050994,-7.9709935,-7.8009934,-7.5109935,-5.5809937,-4.670994,-3.4309936,-4.0409937,-4.2409935,-3.9109936,-0.84099364,1.7190063,1.6590064,1.3590064,1.6090064,1.2490064,0.26900634,5.7390065,3.7190063,-0.030993652,-0.57099366,0.61900634,1.5490063,2.5690064,7.309006,7.4490066,3.9690063,-0.9909937,3.8590064,2.6690063,4.4290066,3.4890063,-2.3809936,-1.9409937,-0.21099365,3.1890063
-3.6909935,-4.4309936,-4.3709936,-4.9309936,-6.2209935,-7.2009935,-7.0709934,-7.3709936,-7.130994,-7.2509937,-7.3309937,-6.2909937,-5.610994,-4.440994,-4.3009934,-4.2809935,-4.0309935,-2.3009937,-0.77099365,0.95900637,0.33900633,-1.9609936,5.849006,5.1690063,3.1490064,0.0090063475,-4.920994,-1.3709936,-0.44099367,3.5690064,5.579006,6.7990065,9.519007,5.7690063,4.789006,3.1390064,-0.39099365,-0.17099366,1.4490063,0.66900635,1.6890063,0.30900633,-0.5609937
-3.0909936,-3.7309937,-4.210994,-3.7909937,-5.1609936,-5.9909935,-5.8509936,-6.5009937,-6.920994,-6.7509937,-6.710994,-6.130994,-5.0509934,-4.880994,-5.2709937,-4.460994,-4.360994,-3.7609937,-4.6209936,-4.5309935,1.8790064,7.829006,6.599006,2.3390064,-2.5409937,-0.05099365,-0.100993656,-2.8109937,-2.6009936,-1.8009937,0.8290064,1.3390063,2.3290064,1.9990064,0.9390063,0.03900635,-0.6109936,-1.8409936,0.52900636,0.29900634,-0.94099367,0.069006346,-0.32099366
-1.5309937,-2.6109936,-2.2209938,-2.9309936,-4.0209937,-4.9309936,-5.5309935,-6.0109935,-5.5809937,-5.4309936,-5.2809935,-4.3909936,-4.5509934,-6.2809935,-5.860994,-4.8909936,-4.7309937,-5.0309935,-4.7309937,-4.380994,-2.9409935,-1.9309937,-0.63099366,-0.40099365,-0.37099364,-1.8309937,-0.88099366,-1.5409937,-1.1209936,-2.0009937,-1.4909936,-2.7009935,-1.9409937,-0.94099367,-0.89099365,0.14900635,-1.1609937,-2.3209937,-2.6009936,-2.4409935,-1.8109937,-2.5809937,-1.0209937
1.0090064,-0.23099366,-0.85099363,-1.8409936,-3.0809937,-2.7509937,-3.7109938,-3.6309936,-4.940994,-4.710994,-5.860994,-5.5109935,-3.8109937,-4.650994,-6.3009934,-5.670994,-5.2309937,-5.690994,-5.1809936,-3.9709938,-3.0509937,-1.7509936,-2.1609936,-3.0609937,-3.2809937,-1.5909936,-1.0209937,1.2190063,1.2990063,1.1990063,1.0890063,-0.75099367,0.90900636,0.6390064,-0.44099367,-0.57099366,-0.48099366,-1.5509937,-1.0109936,-1.3009937,-2.8009937,-3.0809937,-2.3409936
2.9190063,1.2190063,0.39900634,-1.2509936,-1.3509936,-2.7609937,-2.8409936,-3.3809936,-3.9709938,-4.5809937,-4.5509934,-4.690994,-2.6709936,-3.2109938,-5.920994,-5.0409937,-5.130994,-4.6209936,-4.2409935,-4.0709934,-3.7209938,-2.0209937,-0.84099364,-0.030993652,-0.19099365,-0.39099365,0.54900634,-0.35099366,-0.60099363,-0.5609937,-0.82099366,-0.76099366,-0.35099366,-1.0209937,-1.5309937,-1.0109936,-2.1509936,-1.2009937,-1.9109937,-1.8909936,-2.5709937,-3.0509937,-3.3009937
4.309006,2.6290064,1.4490063,-0.29099366,0.24900635,-1.1909937,-1.6109936,-1.6509937,-2.7109938,-3.1609936,-3.0809937,-1.6809937,-1.4209937,-3.9809937,-2.5409937,-4.1609936,-3.8209937,-2.5709937,-1.7909937,-3.0609937,-2.3309937,-2.5109937,-2.5609937,-1.6409936,-0.18099365,0.54900634,0.40900636,0.26900634,0.24900635,-0.75099367,-0.29099366,1.5690063,1.6290064,1.1990063,-2.2709937,-1.4109937,-2.2709937,-1.9409937,-1.7109936,-3.0609937,-3.1709936,-3.8009937,-3.1809936
