wind.json
{"header": {"discipline":0,"disciplineName":"Meteorological products","gribEdition":2,"gribLength":1125,"center":7,"centerName":"US National Weather Service - NCEP(WMC)","subcenter":0,"refTime":"2023-06-30T06:00:00.000Z","significanceOfRT":1,"significanceOfRTName":"Start of forecast","productStatus":0,"productStatusName":"Operational products","productType":1,"productTypeName":"Forecast products","productDefinitionTemplate":0,"productDefinitionTemplateName":"Analysis/forecast at horizontal level/layer at a point in time","parameterCategory":2,"parameterCategoryName":"UnknownDiscipline_0_Category_2","parameterNumber":3,"parameterNumberName":"UnknownParameter_D0_C2_3","parameterUnit":"Unknown","genProcessType":2,"genProcessTypeName":"Forecast","forecastTime":120,"surface1Type":103,"surface1TypeName":"Specified height level above ground","surface1Value":10.0,"surface2Type":255,"surface2TypeName":"Missing","surface2Value":0.0,"gridDefinitionTemplate":0,"gridDefinitionTemplateName":"Latitude_Longitude","numberPoints":688,"shape":6,"shapeName":"Earth spherical with radius of 6,371,229.0 m","gridUnits":"degrees","resolution":48,"winds":"true","scanMode":64,"nx":43,"ny":16,"basicAngle":0,"lo1":45.0,"la1":40.0,"lo2":87.0,"la2":55.0,"dx":1.0,"dy":1.0}, "data":
[rows 0 to 15 of 16, columns 0 to 42 of 43]
0.81072265,-0.40927735,-0.019277344,1.5407226,0.44072264,-5.3692775,-5.8492775,-1.8892773,4.2007227,2.5807226,2.8407226,2.3707228,0.7807227,-0.99927735,-2.8892775,-5.729277,-6.5392776,-7.5092773,-7.689277,-7.0992775,-6.3492775,-2.7692773,-2.7692773,-3.5092773,-4.5392776,-2.2192774,-2.0992773,-3.6992774,-3.0692773,-1.2992773,-0.11927734,2.0807226,1.5507226,5.000723,3.7707226,0.73072267,-3.9992774,-4.649277,-3.5892773,-1.5992774,1.4807227,2.6007226,0.27072266
-2.0392773,-0.029277343,2.2107227,2.4507227,-2.2392774,-5.749277,-5.0092773,-4.1992774,2.7307227,1.5107226,1.2507226,-0.059277344,-0.87927735,-0.51927733,-1.8792773,-4.6992774,-4.689277,-6.0892773,-6.9492774,-6.5692773,-5.3292775,-4.5392776,-0.43927735,-1.7292774,-2.9792774,0.93072265,2.9307227,2.5707226,1.2107227,1.4007226,-3.7492774,-4.749277,-1.6692773,2.7407227,-1.0892774,2.2007227,0.26072267,-2.1692774,-2.2492774,-1.1492773,3.8907228,3.5007226,3.9307227
-0.16927734,2.4807227,-0.46927735,-2.4692774,-3.3192773,-4.2592773,-3.5892773,-3.3292773,-0.54927737,-0.039277345,1.1507226,-1.8592774,-2.8292773,-1.8192773,-3.3892775,-5.379277,-5.5692773,-4.7692776,-4.919277,-4.1392775,-4.7192774,-4.3192773,-4.0392776,-3.8192773,-2.4592774,-2.4192774,2.9307227,3.8507226,3.7507226,2.6307228,-0.109277345,1.1807227,-2.5792773,-2.3792772,0.8407227,0.54072267,2.8207226,2.6407228,2.3907228,3.1407228,3.1707227,1.5507226,-1.2592773
-2.1392775,-2.5492773,0.5207226,-1.3692774,-2.1792774,-2.6692774,-1.9392773,-1.1492773,-1.9592774,-1.1492773,-0.9092773,-3.0392773,-2.8992774,-3.7992773,-5.629277,-7.1992774,-6.919277,-5.6992774,-4.0892773,-3.6392775,-3.5392773,-3.1792774,-4.249277,-3.6192772,-0.40927735,0.32072267,-2.8892775,-1.4392773,-2.8092773,-2.6292772,-1.3492774,-2.1792774,-2.8792772,-1.5592773,-3.5192773,0.63072264,1.1107227,-1.2992773,-3.2292774,-1.2292774,-1.5792774,2.0707226,0.21072266
1.1207227,0.62072265,-0.20927735,-0.8392773,-2.0492773,-1.8692774,-1.3292774,-2.6692774,-3.3392773,-2.3792772,-2.8292773,-2.9292774,-3.5692773,-4.3592772,-5.149277,-3.6592774,-6.5792775,-5.7992773,-5.979277,-6.0892773,-5.1592774,-3.8092773,-3.2092774,-1.2192774,-4.3092775,-1.9792774,0.9107227,0.35072267,-0.009277344,-0.43927735,-2.8292773,-1.2092774,-3.1492774,0.100722656,2.2807226,-0.36927736,0.98072267,1.3007226,-0.32927734,-0.079277344,-4.399277,-5.419277,-5.8592772
1.7407227,1.3307227,0.29072267,-1.7492774,-2.8992774,-2.6192772,-2.5492773,-2.8192773,-1.5392773,-2.1192772,-2.1492774,-3.8892775,-4.3592772,-7.0592775,-5.1392775,-4.1392775,-3.8792772,-6.7992773,-6.919277,-5.899277,-4.5692773,-3.9592774,-4.0192776,-3.4992774,-1.9392773,-0.009277344,2.1507227,2.3607225,2.9407227,0.93072265,-0.019277344,0.030722655,-0.14927734,-0.60927737,-1.4092773,-2.4992774,2.0707226,4.2007227,-3.8292773,3.0207226,-1.2092774,-6.7892776,-3.6192772
1.2707226,0.24072266,-1.6492773,-1.2892773,-0.81927735,-1.6292773,-3.1592774,-4.1092772,-4.7592773,-4.399277,-4.9092774,-3.2592773,-5.6392775,-6.6392775,-3.7192774,-0.94927734,-4.7792773,-6.499277,-7.8592772,-6.399277,-5.959277,-4.5292773,-3.7392774,-2.4892774,-2.5492773,-1.3592774,1.8507227,4.1107225,3.6507227,2.8107226,-1.2792773,-0.9792774,1.2907226,0.5907227,-0.23927735,-1.0892774,-1.9792774,-3.2492774,-3.4492774,-6.5392776,-5.4692774,-4.1592774,-1.2092774
-0.74927735,-1.7392774,-2.7492774,-1.7492774,-2.2192774,-0.76927733,-2.3492773,-4.9292774,-3.9992774,-4.5492773,-6.0892773,-5.8192773,-4.2192774,-5.5992775,-6.2392774,-6.8392773,-7.2892776,-7.169277,-6.7392774,-6.2392774,-6.4892774,-5.3492775,-2.6792774,-1.7392774,-2.8792772,-1.4392773,2.4807227,3.3507226,0.86072266,2.3307226,5.5107226,4.9107227,2.3407226,1.5907227,-1.4792774,-3.0392773,0.23072265,0.09072266,1.6607226,0.63072264,-2.0192773,-0.81927735,-5.1592774
-2.3692772,-2.4692774,-2.4292774,-2.8892775,-3.6892774,-2.7392774,-3.2292774,-4.669277,-3.8892775,-5.3592772,-6.0292773,-5.399277,-4.7392774,-6.5292773,-6.729277,-6.0692773,-6.2392774,-7.5492773,-7.3092775,-6.3492775,-7.5592775,-5.6992774,-2.4492774,-1.9892774,-3.0692773,-2.5192773,0.49072266,-1.2392774,1.4007226,3.7207227,4.100723,-0.93927735,-1.4992774,-2.9992774,-3.3492773,-5.4292774,-5.669277,-4.9692774,-5.689277,-3.0092773,0.49072266,-0.5892773,-0.069277346
-3.8092773,-3.2792773,-3.0892773,-3.5492773,-3.9292774,-2.9992774,-2.9092774,-3.8292773,-3.8392773,-5.649277,-5.939277,-4.2392774,-5.0492773,-5.709277,-7.0792775,-7.3092775,-7.0892773,-6.229277,-5.7892776,-6.149277,-5.959277,-4.3592772,-2.3692772,-1.7592773,-3.9192774,-3.6792774,-2.2492774,-0.82927734,-1.6692773,-2.0292773,-2.1192772,-0.63927734,-2.0592773,-4.5392776,-4.9492774,-6.2192774,-5.689277,-6.229277,-4.7792773,-1.1992774,-1.7892773,1.4807227,2.3507226
-2.6792774,-4.0492773,-3.6692774,-3.9792774,-3.3892775,-2.0692773,-2.5892773,-2.5192773,-2.9692774,-5.1392775,-5.499277,-4.1092772,-5.2892776,-5.5392776,-6.649277,-6.5492773,-6.5992775,-6.189277,-5.649277,-5.2192774,-4.9892774,-4.0292773,-4.2192774,-5.0492773,-5.129277,-2.3092773,-1.4292773,-2.0992773,-3.0192773,-2.0992773,-2.0292773,-2.4192774,-2.1192772,-3.0492773,-4.999277,-6.6992774,-7.0592775,-5.9092774,-0.62927735,2.5707226,0.87072265,-0.049277343,-2.2192774
-3.5692773,-4.0692773,-3.3692772,-4.0892773,-3.9192774,-2.0692773,-2.3892775,-1.6392773,-2.5292773,-4.2692776,-4.4292774,-4.129277,-3.9292774,-4.4492774,-6.0392776,-5.9092774,-6.1592774,-6.459277,-5.7992773,-5.5192776,-4.459277,-3.9192774,-3.7292774,-5.0192776,-2.9392774,-2.4592774,-1.8292774,-2.6092772,-2.8392773,-4.149277,-3.0892773,-2.6292772,-3.0092773,-3.4992774,-5.1592774,-3.9792774,-6.3892775,-7.939277,-4.7992773,-2.4992774,-1.2092774,-1.4692774,-0.11927734
-2.9392774,-2.6892774,-2.2392774,-4.3692775,-4.709277,-4.1392775,-1.9492774,0.37072265,-1.7692773,-3.2692773,-3.9492774,-3.9192774,-1.9492774,-4.0992775,-5.3292775,-5.7992773,-5.149277,-4.9692774,-5.4292774,-5.3892775,-3.8492773,-4.4692774,-4.3892775,-4.3892775,-2.9792774,-2.6692774,-2.6292772,-2.9292774,-4.6792774,-4.2192774,-3.0392773,-3.2192774,-3.4192774,-4.8292775,-3.8292773,-4.9292774,-4.3892775,-4.7892776,-5.2892776,-3.6492774,-3.8092773,-3.4192774,-2.0692773
-1.8192773,-2.1992774,-2.5492773,-3.0392773,-4.3392773,-3.3192773,-2.7392774,0.56072265,-0.73927736,-2.6692774,-3.7992773,-3.8892775,-0.56927735,-2.1492774,-5.0992775,-5.999277,-4.9292774,-4.7392774,-4.0492773,-3.6792774,-3.8492773,-3.5392773,-4.379277,-4.1192775,-3.9292774,-3.5692773,-1.6892773,-2.8992774,-4.5592775,-3.3092773,-3.6692774,-3.3392773,-3.3792772,-3.3092773,-3.2992773,-3.8092773,-3.3392773,-4.9092774,-5.0392776,-3.0892773,-3.7392774,-1.0292773,2.0607226
-0.9092773,-1.5492773,-2.7192774,-3.5892773,-2.8392773,-2.4192774,-2.2992773,1.2307227,0.40072265,-1.0792774,-2.7992773,-3.6492774,-1.6092774,-0.88927734,-3.9692774,-5.1092772,-5.0392776,-4.5492773,-4.189277,-3.7092774,-3.4492774,-2.7992773,-2.3792772,-3.0192773,-3.1092772,-1.7192774,-1.4792774,-1.6692773,-3.0792773,-2.6292772,-3.3392773,-4.3892775,-4.5292773,-2.7292774,-3.1992774,-3.8892775,-4.0992775,-6.1992774,-4.8092775,-4.4092774,-4.8192773,-3.4192774,-3.0792773
-1.4292773,0.23072265,-1.8092773,-3.7592773,-3.8592772,-2.8892775,-1.0092773,2.4007227,1.9307227,1.4507227,-0.5892773,-1.4792774,-1.1092774,-2.5892773,-2.6092772,-3.0392773,-5.1792774,-5.189277,-5.0592775,-3.9092774,-3.0792773,-1.8792773,-1.3092773,-2.1792774,-2.3792772,-1.3992773,-1.0592773,-0.9092773,-0.17927735,-1.5992774,-1.7892773,-2.2992773,-2.3592772,-2.1492774,-3.4492774,-3.1092772,-3.8292773,-4.6192775,-5.649277,-5.249277,-4.2992773,-4.6992774,-3.6792774
