wind_kz.json
{"header": {"discipline":0,"disciplineName":"Meteorological products","gribEdition":2,"gribLength":948,"center":7,"centerName":"US National Weather Service - NCEP(WMC)","subcenter":0,"refTime":"2023-08-18T00:00:00.000Z","significanceOfRT":1,"significanceOfRTName":"Start of forecast","productStatus":0,"productStatusName":"Operational products","productType":1,"productTypeName":"Forecast products","productDefinitionTemplate":0,"productDefinitionTemplateName":"Analysis/forecast at horizontal level/layer at a point in time","parameterCategory":0,"parameterCategoryName":"UnknownDiscipline_0_Category_0","parameterNumber":0,"parameterNumberName":"UnknownParameter_D0_C0_0","parameterUnit":"Unknown","genProcessType":2,"genProcessTypeName":"Forecast","forecastTime":60,"surface1Type":1,"surface1TypeName":"Ground or water surface","surface1Value":0.0,"surface2Type":255,"surface2TypeName":"Missing","surface2Value":0.0,"gridDefinitionTemplate":0,"gridDefinitionTemplateName":"Latitude_Longitude","numberPoints":615,"shape":6,"shapeName":"Earth spherical with radius of 6,371,229.0 m","gridUnits":"degrees","resolution":48,"winds":"true","scanMode":64,"nx":41,"ny":15,"basicAngle":0,"lo1":47.0,"la1":41.0,"lo2":87.0,"la2":55.0,"dx":1.0,"dy":1.0}, "data":
[rows 0 to 14 of 15, columns 0 to 40 of 41]
317.49017,294.6902,308.99017,300.49017,299.7902,298.6902,309.8902,318.1902,316.99017,316.6902,312.1902,317.1902,317.8902,317.99017,319.49017,320.8902,319.59018,320.09018,320.7902,318.6902,319.2902,313.7902,314.49017,309.8902,311.8902,315.09018,310.2902,295.7902,294.1902,291.3902,291.3902,291.8902,303.49017,310.49017,312.7902,312.8902,312.59018,311.59018,310.7902,310.49017,309.7902
283.8902,307.49017,300.09018,300.3902,300.09018,298.49017,318.99017,320.1902,318.59018,318.2902,313.2902,313.49017,316.6902,313.59018,317.3902,311.1902,314.99017,318.7902,320.59018,318.49017,318.09018,314.99017,313.6902,304.6902,293.8902,293.59018,304.09018,294.6902,297.8902,288.49017,292.1902,283.3902,290.3902,268.59018,289.99017,305.2902,304.6902,306.99017,309.59018,301.3902,287.3902
312.7902,300.8902,300.7902,300.2902,297.99017,316.1902,317.6902,318.7902,311.09018,319.3902,318.1902,315.8902,313.99017,311.2902,317.2902,314.1902,317.99017,315.59018,320.09018,318.8902,318.3902,315.2902,313.59018,308.09018,312.7902,311.6902,311.6902,311.7902,308.7902,296.49017,286.49017,288.2902,297.1902,295.6902,296.8902,296.3902,286.3902,285.2902,287.3902,285.8902,286.09018
315.8902,301.49017,301.2902,299.8902,303.49017,318.3902,318.6902,318.49017,318.2902,318.2902,316.6902,304.99017,297.8902,296.59018,314.1902,314.59018,309.09018,315.8902,318.09018,317.1902,314.59018,310.49017,314.49017,314.2902,313.3902,312.1902,313.09018,310.2902,309.3902,309.1902,309.7902,306.7902,310.59018,310.59018,309.6902,304.1902,291.09018,288.7902,290.6902,301.7902,304.99017
320.1902,301.6902,301.1902,300.6902,307.2902,317.6902,319.99017,321.2902,317.99017,315.2902,316.8902,314.7902,297.99017,295.99017,293.1902,315.49017,313.8902,312.8902,313.6902,314.3902,316.99017,317.8902,315.49017,315.1902,314.99017,313.8902,309.6902,303.6902,310.59018,308.99017,310.2902,306.99017,294.2902,285.59018,295.59018,304.09018,304.59018,310.3902,310.3902,308.6902,308.6902
322.3902,311.1902,299.99017,300.2902,300.59018,300.2902,320.6902,320.1902,317.7902,316.6902,317.2902,316.09018,300.59018,296.3902,303.3902,314.3902,317.09018,315.99017,314.99017,314.1902,314.09018,312.7902,314.1902,313.8902,313.99017,312.3902,311.7902,295.6902,309.6902,309.7902,308.1902,308.09018,306.3902,305.6902,301.7902,301.2902,297.1902,299.2902,307.3902,308.09018,305.8902
321.7902,321.3902,323.1902,322.1902,312.8902,319.7902,321.3902,319.8902,318.1902,317.59018,318.2902,318.09018,309.3902,314.6902,315.99017,314.7902,313.1902,318.09018,317.3902,315.49017,314.8902,313.8902,313.49017,313.09018,310.99017,311.3902,311.1902,313.09018,308.6902,309.6902,310.3902,308.6902,308.2902,308.1902,305.6902,302.7902,297.7902,294.2902,291.8902,289.99017,301.59018
322.3902,320.8902,322.49017,321.49017,322.09018,318.7902,318.6902,317.59018,315.99017,313.49017,316.59018,316.59018,318.99017,318.09018,319.59018,316.99017,318.2902,315.99017,315.3902,312.1902,310.8902,312.6902,312.8902,309.99017,310.6902,306.09018,305.09018,306.59018,305.3902,307.09018,304.59018,305.8902,303.99017,300.59018,300.6902,302.6902,303.1902,290.2902,301.6902,302.8902,299.3902
318.8902,318.6902,318.99017,317.7902,317.6902,316.99017,311.1902,315.6902,309.59018,312.59018,312.09018,304.99017,314.49017,317.1902,314.09018,316.09018,315.6902,316.2902,315.2902,313.09018,309.49017,309.3902,308.59018,308.49017,307.2902,303.59018,303.3902,302.2902,301.09018,299.49017,300.3902,300.8902,301.7902,302.49017,301.49017,298.1902,297.7902,295.6902,286.99017,287.1902,286.59018
316.09018,316.1902,315.8902,314.7902,313.59018,313.8902,311.7902,311.99017,312.09018,310.3902,309.1902,310.2902,308.7902,313.7902,313.59018,314.6902,314.59018,314.49017,310.7902,310.1902,305.59018,307.8902,310.8902,309.3902,307.2902,305.1902,302.6902,301.2902,299.6902,301.99017,299.3902,303.09018,305.6902,304.59018,303.2902,299.59018,295.49017,292.6902,289.49017,288.09018,285.49017
310.59018,311.1902,310.59018,309.8902,307.49017,308.3902,306.09018,308.49017,308.6902,307.09018,307.1902,307.6902,308.7902,308.7902,296.59018,307.99017,307.6902,307.99017,309.1902,305.99017,305.59018,305.49017,302.09018,303.7902,304.8902,299.6902,296.8902,295.99017,292.1902,292.7902,298.09018,304.6902,303.7902,301.7902,301.6902,297.8902,292.49017,288.3902,289.99017,284.99017,288.59018
308.99017,308.2902,310.09018,308.09018,304.8902,304.1902,301.2902,304.2902,304.8902,305.49017,305.2902,300.49017,302.1902,299.8902,298.59018,297.7902,296.7902,299.6902,299.7902,296.49017,295.49017,299.09018,299.3902,295.59018,290.3902,292.3902,292.99017,298.09018,298.49017,302.49017,298.8902,300.6902,300.8902,298.7902,299.49017,294.3902,296.1902,296.6902,295.59018,293.3902,292.09018
302.3902,305.3902,305.8902,305.6902,302.6902,300.1902,299.7902,302.1902,302.49017,303.1902,295.8902,293.3902,292.6902,288.6902,292.49017,295.99017,296.1902,299.09018,299.3902,296.99017,296.2902,296.59018,293.7902,291.99017,292.59018,296.3902,293.09018,292.6902,296.2902,297.6902,298.6902,297.49017,294.8902,297.6902,297.6902,296.3902,296.49017,295.8902,291.59018,290.09018,291.59018
302.99017,304.2902,298.7902,302.8902,301.8902,300.59018,299.49017,298.59018,301.2902,302.2902,296.1902,290.7902,294.59018,292.6902,289.8902,293.99017,292.49017,296.99017,299.7902,297.09018,299.09018,297.8902,296.99017,295.99017,296.49017,297.6902,296.49017,294.7902,292.99017,293.59018,294.2902,293.59018,293.59018,292.2902,292.49017,292.6902,292.3902,292.8902,292.49017,288.99017,287.8902
298.09018,303.3902,292.7902,301.1902,301.7902,298.7902,296.99017,295.2902,300.1902,300.99017,297.49017,294.99017,292.99017,293.2902,297.2902,296.09018,297.49017,298.1902,298.49017,297.2902,297.2902,297.1902,297.49017,297.1902,297.09018,295.8902,295.09018,293.49017,293.1902,290.2902,288.8902,287.1902,289.6902,287.6902,289.59018,291.1902,293.09018,290.8902,291.99017,290.59018,288.7902
