wind_kz.json
{"header": {"discipline":0,"disciplineName":"Meteorological products","gribEdition":2,"gribLength":1025,"center":7,"centerName":"US National Weather Service - NCEP(WMC)","subcenter":0,"refTime":"2023-09-26T18:00:00.000Z","significanceOfRT":1,"significanceOfRTName":"Start of forecast","productStatus":0,"productStatusName":"Operational products","productType":1,"productTypeName":"Forecast products","productDefinitionTemplate":0,"productDefinitionTemplateName":"Analysis/forecast at horizontal level/layer at a point in time","parameterCategory":2,"parameterCategoryName":"UnknownDiscipline_0_Category_2","parameterNumber":3,"parameterNumberName":"UnknownParameter_D0_C2_3","parameterUnit":"Unknown","genProcessType":2,"genProcessTypeName":"Forecast","forecastTime":0,"surface1Type":103,"surface1TypeName":"Specified height level above ground","surface1Value":10.0,"surface2Type":255,"surface2TypeName":"Missing","surface2Value":0.0,"gridDefinitionTemplate":0,"gridDefinitionTemplateName":"Latitude_Longitude","numberPoints":615,"shape":6,"shapeName":"Earth spherical with radius of 6,371,229.0 m","gridUnits":"degrees","resolution":48,"winds":"true","scanMode":64,"nx":41,"ny":15,"basicAngle":0,"lo1":47.0,"la1":41.0,"lo2":87.0,"la2":55.0,"dx":1.0,"dy":1.0}, "data":
[rows 0 to 14 of 15, columns 0 to 40 of 41]
0.04720947,-0.78279054,0.6372095,-4.4627905,-5.3027906,-6.0127907,-3.2627904,-1.5227906,-2.6827905,-2.9427905,-5.8027906,-5.4927907,-4.4927907,-3.8727906,-3.2627904,-2.9027905,-3.6027906,-2.4627905,-2.2027905,-1.2027905,-0.44279054,-3.2527905,-1.8127905,-0.5127905,-2.0027905,-0.91279054,-1.2627906,1.1572095,0.59720945,-0.7527905,-1.6927905,-0.9827905,-0.33279052,1.0972095,1.2372094,2.8672094,3.0372095,2.4072094,2.1172094,3.1872094,3.2372096
1.6972095,0.9472095,-0.052790526,-3.0027905,-4.7927904,-5.9527907,-3.4327905,-1.1727905,-1.6127906,-3.3527906,-5.4527907,-6.3127904,-6.0327907,-4.4127903,-4.2727904,-4.3227906,-2.8827906,-1.5627905,-3.3227906,-1.9227905,-1.9927906,-2.3527906,0.27720946,1.3472095,1.0772095,0.60720944,-2.3527906,-0.24279052,-0.6127905,0.20720947,0.9872095,1.5872095,-1.3827906,-3.3327906,-3.3127906,-0.17279053,-1.1427906,-1.5827905,0.24720947,0.46720946,0.70720947
2.8472095,2.3872094,-0.58279055,-3.9327905,-4.5327907,-3.1027906,-2.6727905,-2.2327905,-0.20279053,-2.0527906,-4.2627907,-3.9927905,-5.0127907,-5.5127907,-4.4727907,-4.4327908,-4.3127904,-4.0327907,-3.4027905,-0.5527905,-0.66279054,-3.4527905,-3.6527905,-1.2627906,-0.8227905,0.107209474,-0.10279053,0.067209475,-0.032790527,1.1972095,1.3472095,0.9272095,1.3572094,-1.5927905,-0.97279054,0.5572095,-0.8627905,-3.4527905,-0.60279053,1.0272095,0.65720946
0.34720948,-0.8027905,-2.5227904,-4.5627904,-3.4827905,-2.6827905,-2.2427905,-3.0527906,-3.0927906,-0.6327905,-2.1427906,-4.4027905,-7.1427903,-7.6127906,-4.0827904,-3.9427905,-4.2727904,-4.2327905,-3.9427905,-4.3127904,-3.1327906,-1.6527905,0.9472095,-1.6827905,-2.4927905,-1.9427905,-2.7727904,-1.5727905,0.48720947,-0.91279054,-2.2927904,-3.0127904,-1.4627905,2.3672094,-0.24279052,-1.9027905,0.007209473,3.6672094,0.66720945,2.7872095,-1.7627906
-0.29279053,-1.4027905,-1.9927906,-2.6827905,-2.8427906,-2.1827905,-2.2827904,-1.7927905,-2.3927906,-2.7527905,0.66720945,-2.1027906,-4.0127907,-5.9627905,-6.2127905,-4.1927905,-3.4927905,-2.9027905,-2.5327904,-3.0727906,-2.7327905,-1.4627905,-0.6727905,0.70720947,-0.9527905,-0.52279055,-1.2827905,-1.3027905,-0.06279053,0.36720946,-0.8027905,-0.77279055,-0.6927905,0.65720946,-1.0927905,-1.6727905,-5.5427904,1.6572095,-0.0027905274,-2.5327904,-1.6027905
0.8772095,-0.13279052,0.15720947,-1.0827905,-1.6027905,-0.27279052,-0.38279054,-0.9227905,-0.85279053,-2.3527906,-1.7327905,-2.4427905,-2.2227905,-3.9027905,-4.0127907,-4.3627906,-4.1627903,-3.4727905,-1.3727906,-1.0627905,-2.5327904,-1.4427905,-1.1827905,-1.2727906,1.5872095,0.35720947,0.4072095,0.12720947,-0.7327905,-1.1727905,-0.032790527,-1.9327905,-2.0427904,-2.7327905,1.1272094,-2.8127906,-0.19279052,-5.0427904,-2.3527906,-0.0027905274,-4.1027904
2.6172094,2.1272094,1.4672095,1.1072094,-1.1127906,-1.2027905,0.11720947,-0.7627905,-2.5027905,-1.5727905,-1.3927906,-2.0827906,-2.1027906,-0.79279053,-1.5427905,-2.3427906,-3.6927905,-4.1727905,-4.3427906,0.04720947,0.6272095,0.34720948,-1.0927905,-1.1227906,-2.9927905,-1.8227905,-1.9027905,-2.1027906,-0.64279056,-0.12279053,-0.082790524,-0.19279052,-2.4627905,-4.8127904,-2.8527906,-3.2527905,-5.2427907,-3.0827906,-3.7527905,-3.9627905,-4.4627905
0.107209474,-0.9927905,-1.4527905,-0.9927905,-2.7427905,-2.2627904,-2.5827906,-2.9727905,-2.0927906,-0.6727905,-2.3927906,-1.5527905,-0.8027905,-1.6627905,-2.7327905,0.44720948,-1.4827905,-3.2627904,-3.4827905,-2.4727905,-0.09279053,0.72720945,0.20720947,0.8872095,-0.3127905,-0.6327905,-1.4027905,-0.64279056,-0.9827905,-0.47279054,1.0572095,-0.5527905,-2.6027906,-2.8427906,-0.6227905,0.65720946,-0.14279053,-2.0427904,-0.43279052,-0.6127905,-1.8027905
-0.36279052,-0.16279052,-1.0027906,-1.5327905,-3.3727906,-3.8227906,-3.7127905,-4.3327904,-4.2527905,-3.1527905,-3.6827905,-3.8727906,-2.4727905,0.6772095,-0.112790525,-0.7027905,-1.0227906,0.4372095,-2.2227905,-2.8027906,-2.4427905,-0.5727905,-2.2327905,-1.9827905,-1.2827905,-2.3827906,-1.9627905,-1.3827906,0.78720945,-0.48279053,0.85720944,0.23720947,0.7572095,-0.22279052,-0.21279053,-1.2127905,-2.5527906,-1.5527905,-4.4827905,-3.7527905,-4.6327906
-3.2727904,-1.8927906,-1.9527905,-2.1227906,-2.5727906,-3.4627905,-3.7027905,-4.0327907,-3.5827906,-2.6727905,-3.5327904,-4.6027904,-3.6727905,-3.5327904,-3.9027905,-2.7727904,1.0772095,0.84720945,2.3772094,1.0372095,0.29720947,-0.9527905,-1.1027905,-0.47279054,-1.2327905,-1.1327906,-0.7427905,-0.7527905,0.48720947,0.5672095,2.2572095,2.1572094,1.6572095,-0.40279052,-0.97279054,0.16720948,0.07720947,-2.9127905,-1.5727905,1.9772094,-0.38279054
-2.0127904,-3.3727906,-3.8627906,-3.2827904,-2.9527905,-3.1227906,-3.2727904,-4.2527905,-4.3527904,-3.7627904,-2.7727904,-2.2227905,-2.6927905,-3.3327906,-4.7527905,-5.1927905,-5.3927903,-6.0027905,-0.5127905,2.0772095,1.5172095,0.7572095,-0.022790527,1.2572094,0.30720946,-0.85279053,0.26720947,2.0072095,2.1872094,2.7272096,2.7272096,2.9372094,1.7972095,0.23720947,-2.0027905,0.20720947,-0.29279053,2.2572095,0.8272095,0.27720946,-0.23279053
-0.91279054,-2.4627905,-3.8527906,-3.1127906,-3.2227905,-3.2127905,-2.5127904,-2.8727906,-3.3927906,-3.1427906,-2.1827905,-3.3227906,-3.4327905,-3.1227906,-3.4027905,-3.6927905,-5.0427904,-5.5227904,-6.2827907,-5.7627907,-1.3427905,-0.072790526,-1.7927905,1.4272095,0.16720948,0.08720947,0.49720946,3.5472095,4.6672096,4.1572094,3.5072095,3.6472094,2.3772094,1.8572094,0.31720948,-1.6827905,-0.21279053,1.8472095,1.8672094,1.3072095,0.9872095
-0.3127905,-1.0827905,-3.0227904,-2.0527906,-2.7727904,-1.8327905,-2.6227906,-2.4427905,-3.2627904,-2.6727905,-1.8427905,-1.7227905,-2.8027906,-4.6027904,-4.5427904,-2.7327905,-3.6827905,-3.3627906,-3.8327906,-3.7327905,-4.2827907,-4.3527904,-3.5027905,-0.59279054,1.0472095,1.4372095,-1.9427905,3.5072095,4.5872097,4.3872094,3.9672096,3.9072094,3.2772095,2.8172095,2.7272096,2.4772096,1.3272095,1.1172094,1.0572095,-0.49279052,-0.112790525
-0.35279053,-1.1327906,-2.8627906,-2.4827905,-2.0027905,-1.7527906,-2.4227905,-2.5927906,-2.0527906,-2.2427905,-0.5527905,-1.0427905,-1.4027905,-2.8227906,-4.0627904,-4.9327908,-3.4827905,-3.4827905,-3.4827905,-3.1427906,-2.7527905,-3.8127906,-4.0327907,-5.2327905,-5.5827904,-3.6427906,-0.23279053,2.6572094,5.0472093,5.5072093,5.0472093,4.5872097,3.8472095,3.6072094,2.6872094,2.7672095,2.0672095,0.7472095,-0.072790526,0.4072095,0.097209476
-0.77279055,-1.3427905,-1.7027905,-1.5427905,-2.0527906,-1.1827905,-1.2627906,-1.1527905,-1.6727905,-1.6827905,-1.0927905,-0.60279053,0.007209473,-0.7027905,-3.0327904,-3.3227906,-3.3727906,-3.3827906,-3.3727906,-3.3427906,-3.4827905,-2.6827905,-1.0927905,-3.0227904,-4.9127903,-4.8127904,-4.0627904,-3.2027905,3.7072096,5.7872095,6.5172095,6.6572094,4.3872094,3.8072095,3.5172095,3.3572094,2.9072094,2.5372095,1.2272094,0.37720948,0.5672095
