wind_kz.json
{"header": {"discipline":0,"disciplineName":"Meteorological products","gribEdition":2,"gribLength":948,"center":7,"centerName":"US National Weather Service - NCEP(WMC)","subcenter":0,"refTime":"2024-02-02T12:00:00.000Z","significanceOfRT":1,"significanceOfRTName":"Start of forecast","productStatus":0,"productStatusName":"Operational products","productType":1,"productTypeName":"Forecast products","productDefinitionTemplate":0,"productDefinitionTemplateName":"Analysis/forecast at horizontal level/layer at a point in time","parameterCategory":0,"parameterCategoryName":"UnknownDiscipline_0_Category_0","parameterNumber":0,"parameterNumberName":"UnknownParameter_D0_C0_0","parameterUnit":"Unknown","genProcessType":2,"genProcessTypeName":"Forecast","forecastTime":0,"surface1Type":1,"surface1TypeName":"Ground or water surface","surface1Value":0.0,"surface2Type":255,"surface2TypeName":"Missing","surface2Value":0.0,"gridDefinitionTemplate":0,"gridDefinitionTemplateName":"Latitude_Longitude","numberPoints":615,"shape":6,"shapeName":"Earth spherical with radius of 6,371,229.0 m","gridUnits":"degrees","resolution":48,"winds":"true","scanMode":64,"nx":41,"ny":15,"basicAngle":0,"lo1":47.0,"la1":41.0,"lo2":87.0,"la2":55.0,"dx":1.0,"dy":1.0}, "data":
[rows 0 to 14 of 15, columns 0 to 40 of 41]
284.03406,273.63406,281.23407,280.73407,280.73407,282.23407,285.13406,285.53406,281.23407,282.23407,280.43405,278.53406,275.63406,275.23407,277.43405,276.63406,276.33405,275.43405,278.93405,277.63406,278.83405,278.93405,278.93405,272.23407,275.33405,277.53406,266.33405,248.13406,246.73405,245.13406,248.33406,247.13406,257.53406,268.43405,269.93405,270.23407,269.93405,269.83405,270.23407,269.03406,271.53406
265.43405,282.53406,280.33405,280.03406,280.53406,281.23407,281.23407,279.93405,282.43405,282.23407,281.43405,275.03406,276.63406,275.63406,273.23407,272.43405,273.33405,273.83405,273.53406,273.73407,276.93405,276.23407,269.93405,261.73407,244.33406,245.93405,256.43405,247.03406,249.43405,243.83406,253.93405,241.33406,264.33405,231.53406,246.13406,266.73407,267.73407,269.63406,268.83405,264.33405,268.83405
283.03406,279.13406,280.23407,280.43405,280.63406,279.93405,276.53406,276.53406,275.23407,274.03406,272.53406,273.73407,275.23407,274.33405,269.93405,269.13406,271.03406,269.93405,271.03406,271.13406,272.23407,271.53406,270.53406,263.03406,269.03406,264.13406,264.43405,262.63406,264.43405,258.53406,253.33406,252.83406,254.63406,251.53406,256.83405,262.73407,256.33405,258.13406,254.43405,257.43405,257.33405
278.13406,276.13406,277.93405,279.13406,279.53406,277.83405,275.03406,274.73407,275.63406,274.33405,274.03406,272.13406,281.03406,281.73407,271.13406,270.23407,270.33405,269.63406,268.43405,269.63406,268.33405,263.13406,269.33405,266.53406,266.63406,266.33405,265.73407,262.83405,262.13406,263.63406,265.73407,262.53406,269.63406,265.03406,261.53406,261.33405,251.13406,249.03406,260.13406,265.33405,263.53406
275.83405,273.03406,271.63406,273.23407,274.63406,276.63406,275.33405,276.33405,275.43405,273.53406,272.53406,272.03406,279.03406,279.03406,278.23407,269.53406,269.13406,269.03406,269.23407,267.73407,266.93405,266.73407,261.93405,262.33405,261.23407,259.93405,256.53406,258.53406,264.43405,264.83405,266.23407,266.03406,252.53406,249.33406,259.83405,266.13406,262.33405,261.23407,259.13406,260.53406,261.23407
276.03406,276.13406,273.13406,272.63406,271.83405,272.93405,275.63406,274.73407,274.43405,274.43405,273.13406,272.23407,278.03406,279.13406,272.53406,270.23407,268.73407,268.73407,268.93405,268.23407,266.33405,263.53406,261.93405,258.53406,258.33405,254.23405,259.53406,262.03406,259.43405,261.53406,261.73407,265.13406,257.73407,261.93405,262.43405,264.43405,254.93405,260.53406,259.63406,259.23407,260.33405
273.63406,274.63406,275.53406,276.03406,274.03406,274.63406,274.23407,273.33405,273.33405,273.23407,273.23407,272.63406,271.93405,271.03406,271.93405,271.63406,269.23407,269.13406,269.73407,269.23407,266.83405,264.03406,259.53406,258.03406,254.53406,252.63406,252.03406,255.73405,254.43405,258.73407,254.53406,254.43405,257.53406,255.83406,263.73407,261.83405,258.73407,256.63406,258.03406,259.43405,264.13406
273.83405,273.83405,273.53406,273.73407,273.73407,273.33405,273.33405,273.23407,272.53406,272.73407,273.13406,272.43405,271.73407,271.33405,271.43405,272.33405,272.43405,270.83405,269.53406,266.03406,264.73407,262.23407,260.53406,259.33405,256.53406,254.53406,254.93405,249.23405,247.53406,248.63406,250.43405,253.33406,247.73405,256.53406,259.73407,254.73405,256.43405,260.63406,262.83405,260.33405,263.83405
273.23407,273.23407,273.23407,273.23407,273.23407,273.23407,273.23407,273.23407,272.93405,271.93405,272.33405,272.53406,271.43405,271.23407,271.13406,271.23407,271.43405,270.13406,267.53406,266.03406,265.33405,262.13406,260.93405,259.63406,258.13406,257.83405,257.43405,256.83405,254.53406,247.73405,249.93405,253.23405,257.23407,261.53406,260.03406,262.23407,260.73407,257.03406,257.03406,258.93405,259.63406
273.23407,273.23407,273.23407,273.13406,273.23407,273.13406,273.23407,272.83405,271.93405,271.63406,271.53406,271.33405,271.23407,271.23407,270.03406,269.53406,269.53406,268.83405,267.03406,265.53406,263.03406,263.03406,264.73407,261.73407,260.83405,260.13406,259.73407,259.23407,258.73407,258.13406,259.03406,262.23407,263.33405,262.03406,260.43405,264.63406,264.23407,262.23407,262.73407,257.43405,259.33405
273.23407,273.13406,273.23407,273.23407,273.23407,273.13406,273.23407,271.83405,270.93405,270.23407,270.33405,269.83405,270.53406,269.53406,268.73407,267.43405,266.43405,265.73407,264.93405,261.93405,261.13406,263.23407,260.83405,259.63406,260.93405,261.13406,259.03406,260.73407,261.03406,261.83405,261.83405,262.33405,262.53406,262.93405,261.93405,263.73407,265.13406,263.93405,257.13406,258.03406,258.43405
273.23407,273.23407,273.13406,273.23407,271.43405,270.73407,270.93405,270.13406,269.93405,270.73407,269.63406,268.23407,268.73407,267.43405,266.43405,265.73407,264.63406,261.33405,260.43405,259.13406,261.13406,258.03406,258.33405,260.33405,260.33405,261.43405,261.33405,262.73407,263.23407,263.93405,264.43405,262.73407,263.03406,261.53406,262.33405,265.03406,268.43405,264.73407,263.93405,261.03406,262.53406
273.23407,273.23407,273.23407,273.13406,271.03406,271.43405,270.43405,268.53406,267.73407,267.83405,268.23407,265.13406,264.43405,264.63406,263.03406,259.63406,257.93405,259.43405,259.33405,261.53406,258.83405,259.93405,260.73407,261.43405,261.63406,259.43405,260.33405,261.33405,262.03406,262.93405,264.23407,263.03406,261.93405,262.33405,263.63406,266.83405,268.13406,266.73407,261.93405,262.93405,266.33405
273.23407,272.53406,273.13406,271.93405,270.33405,270.03406,268.93405,267.43405,267.83405,268.13406,266.93405,266.03406,259.93405,258.73407,255.83406,256.83405,258.53406,261.43405,260.03406,255.93405,259.33405,260.23407,259.53406,258.73407,253.93405,251.43405,257.93405,257.53406,261.43405,256.73407,264.93405,265.23407,263.13406,262.03406,266.93405,267.53406,267.43405,264.13406,267.63406,267.03406,264.13406
273.23407,272.83405,273.13406,271.53406,270.13406,269.33405,268.93405,268.03406,266.33405,266.63406,267.73407,264.53406,263.23407,259.13406,258.63406,260.13406,261.03406,261.03406,256.13406,254.63406,254.43405,256.63406,254.23405,250.03406,249.53406,249.23405,254.03406,254.43405,260.83405,260.33405,261.03406,267.23407,267.23407,266.53406,265.73407,263.73407,267.03406,268.63406,267.43405,265.93405,264.63406
