wind_kz.json
{"header": {"discipline":0,"disciplineName":"Meteorological products","gribEdition":2,"gribLength":1025,"center":7,"centerName":"US National Weather Service - NCEP(WMC)","subcenter":0,"refTime":"2023-09-06T18:00:00.000Z","significanceOfRT":1,"significanceOfRTName":"Start of forecast","productStatus":0,"productStatusName":"Operational products","productType":1,"productTypeName":"Forecast products","productDefinitionTemplate":0,"productDefinitionTemplateName":"Analysis/forecast at horizontal level/layer at a point in time","parameterCategory":2,"parameterCategoryName":"UnknownDiscipline_0_Category_2","parameterNumber":3,"parameterNumberName":"UnknownParameter_D0_C2_3","parameterUnit":"Unknown","genProcessType":2,"genProcessTypeName":"Forecast","forecastTime":300,"surface1Type":103,"surface1TypeName":"Specified height level above ground","surface1Value":10.0,"surface2Type":255,"surface2TypeName":"Missing","surface2Value":0.0,"gridDefinitionTemplate":0,"gridDefinitionTemplateName":"Latitude_Longitude","numberPoints":615,"shape":6,"shapeName":"Earth spherical with radius of 6,371,229.0 m","gridUnits":"degrees","resolution":48,"winds":"true","scanMode":64,"nx":41,"ny":15,"basicAngle":0,"lo1":47.0,"la1":41.0,"lo2":87.0,"la2":55.0,"dx":1.0,"dy":1.0}, "data":
[rows 0 to 14 of 15, columns 0 to 40 of 41]
-3.0085914,-0.10859131,-2.1085913,-2.3885913,0.5114087,-2.9485912,-2.7085912,-0.35859132,0.24140869,-0.29859132,-1.6685913,-0.5385913,0.5114087,-0.9485913,-2.1785913,-4.0785913,-2.2985914,-1.7185913,-3.8985913,-2.8585913,-3.0185914,-3.1685913,-0.2485913,0.9014087,2.2614088,2.7114086,2.1214087,2.3614087,-4.258591,-3.9885912,-4.548591,-1.9885913,0.5514087,-0.6185913,-1.8585913,-4.1685915,-2.2085912,1.7114087,1.1914086,1.7714087,2.2214086
-1.3985913,2.4614086,-1.2785913,-7.3985915,-2.5085914,-1.3185914,-1.5585914,-0.8785913,0.4114087,-0.6785913,-0.5185913,-1.5285913,0.21140869,-0.4385913,-2.4685912,-2.4185913,-0.4985913,-1.0785913,-2.6185913,-4.9385915,-4.9285913,-4.4185915,0.6414087,0.1614087,2.9014087,3.3514087,3.5314088,1.8914087,-0.58859134,-0.028591309,0.7014087,-2.6885912,-3.2685914,-2.2485914,-1.7885913,-7.9285913,-8.258592,-10.578591,-4.448591,1.0114087,-0.10859131
-1.3485913,8.061409,4.4614086,8.491408,2.6414087,0.13140869,-0.6685913,-1.1085913,0.081408694,0.13140869,-1.4585913,-1.4185913,-0.4685913,-0.5985913,-2.2585914,-2.6585913,-2.6285913,-1.6985914,-3.7785914,-1.4685913,-1.8085914,-5.3785915,-4.2485914,-2.8085914,-3.2985914,-2.4785912,-1.8485913,-2.4385912,-2.3085914,-3.4585912,-2.4885912,-1.1085913,-0.08859131,-0.6985913,0.5714087,-1.8585913,-2.5785913,-1.9085913,-0.06859131,0.27140868,3.8614087
2.3614087,4.8314085,5.0814085,3.0514088,1.1814086,0.0014086914,-0.098591305,-1.3385913,-0.9185913,-0.6685913,-1.0785913,-3.2385912,-2.5085914,-1.9385914,-1.1985914,-1.7785913,-1.9685913,-2.6685913,-3.9785912,-4.068591,-1.7085913,-4.3885913,1.0114087,-1.4185913,-2.9585912,-4.508591,-4.5985913,-3.8185914,-3.5685914,-5.028591,-6.6885915,-5.1285915,2.8414087,2.3014088,-0.6985913,1.0114087,3.3614087,2.6014087,-2.5885913,-2.1885912,-3.1585913
1.1214087,1.6314087,1.8514087,1.4014087,0.4314087,0.45140868,-0.8085913,-0.9585913,-0.90859133,-1.5585914,-1.2485913,-2.6785913,-3.2685914,-2.3385913,-1.5485913,-1.6585913,-1.7585913,-1.7285913,-1.1785913,-0.4585913,0.9914087,1.8014086,0.6414087,-0.5485913,-1.5885913,-2.7285912,-4.1485915,-3.5485914,-3.5185914,-4.568591,-5.3785915,-5.5385914,-2.0385914,-0.71859133,0.8714087,1.5614086,-9.478591,-2.4285913,-7.8985915,-8.388592,-6.4185915
1.2414087,0.9614087,0.30140868,-0.41859132,-0.3685913,-0.3985913,0.3714087,-0.6985913,-0.9485913,-0.4885913,-1.4885913,-1.9085913,-2.6385913,-2.2785914,-2.0585914,-2.3685913,-1.9785913,-1.9185913,0.23140869,2.5314088,2.3414087,1.9314086,1.7514087,0.4114087,-0.71859133,-1.3885913,-1.8885913,-4.1285915,-3.7285912,-4.3885913,-4.5785913,-4.338591,-4.338591,-3.3585913,1.3514087,-7.5785913,0.6814087,-8.238591,-3.2485914,1.2014087,-1.7585913
1.9914087,2.1314087,1.8814087,0.9414087,-0.4985913,-0.83859134,0.011408691,0.07140869,-0.08859131,-0.38859132,-1.2485913,-1.9085913,-1.5585914,-2.1985912,-2.3285913,-2.8385913,-2.3185914,-1.4385914,-0.03859131,4.511409,3.2614088,2.6614087,1.6714087,1.1814086,1.5214087,0.9014087,-0.9585913,-2.1285913,-2.6985912,-3.8885913,-5.068591,-5.4785914,-6.608591,-7.6385913,-8.678592,-2.7185912,1.2814087,0.9814087,-0.4085913,4.241409,-9.888592
1.6214087,1.9614087,1.4514087,1.2314087,0.4114087,0.011408691,0.1614087,0.30140868,0.4014087,-0.04859131,-0.6485913,-0.4885913,-1.9585913,-1.3285913,-2.4985914,-2.4885912,-2.6485913,-1.3185914,1.0714087,4.6114087,2.6714087,1.4414086,0.1914087,0.53140867,1.3314087,1.3114086,0.7514087,0.27140868,-1.7685913,-3.6585913,-5.1585913,-6.3985915,-7.5585914,-10.708591,-7.108591,-1.9985913,-0.83859134,1.9314086,0.5714087,-0.018591309,-0.3685913
-1.5885913,1.8514087,2.6814086,3.7814088,1.6714087,1.4014087,1.4814087,1.0914087,1.0614086,0.6414087,0.2514087,0.04140869,-0.7985913,-1.2885913,-1.7585913,-2.2485914,-1.7385913,-0.8085913,0.5014087,2.7114086,3.4714086,2.0514088,1.8514087,1.6914086,1.0614086,0.4114087,-0.5385913,-1.4685913,-3.1285913,-3.4585912,-6.0785913,-7.5985913,-8.1685915,-8.818591,-7.488591,-6.758591,-2.1485913,-1.7485913,0.11140869,0.9914087,1.6014087
1.1114087,0.4614087,1.5614086,3.4714086,3.0914087,2.3014088,2.3714087,1.9914087,1.2814087,1.3614087,1.1214087,0.4714087,0.10140869,-0.35859132,-0.38859132,-0.7885913,-0.7285913,-0.2685913,0.5814087,1.8214087,2.5614088,2.6914086,2.3414087,1.8914087,1.3114086,0.6514087,-0.8285913,-1.2585913,-2.6785913,-3.7085912,-5.008591,-6.218591,-7.1685915,-8.008592,-9.058591,-7.6685915,-0.23859131,1.4714087,-2.5785913,-2.2985914,-2.4485912
2.2814088,2.4314086,3.4214087,4.3514085,3.6014087,3.0814087,2.9514086,2.5514088,2.4514086,2.5414088,1.3914087,0.6414087,0.91140866,0.9514087,0.6914087,0.6214087,0.9514087,0.8714087,1.6814086,2.1914086,2.6714087,2.9014087,2.7714088,2.3314087,1.6714087,0.9214087,0.13140869,-1.4685913,-2.1385913,-3.1785913,-4.5785913,-4.8785915,-5.608591,-5.9985914,-7.448591,-7.778591,-3.4885912,-1.3385913,-2.0685914,-1.9985913,-1.8385913
1.5514086,1.6814086,4.0214086,4.761409,4.991409,4.471409,4.8214087,3.9714086,3.3714087,3.1414087,2.5814087,2.0514088,2.0514088,2.2714088,2.1314087,2.0814087,2.1814086,2.4914086,2.8414087,3.1114087,3.3014088,2.9814086,2.8414087,2.5414088,2.3414087,1.3114086,0.24140869,-0.90859133,-1.8385913,-2.3585913,-3.3385913,-4.6785913,-4.218591,-4.838591,-4.3885913,-4.818591,-4.818591,-3.0085914,-1.3885913,-0.05859131,-0.2685913
2.6314087,1.8914087,2.2914088,3.7514086,3.9914086,3.4414086,5.2314086,5.011409,5.8314085,3.7614088,1.8314087,2.0514088,3.2514086,3.0414088,3.2014086,3.1114087,3.1714087,3.3214087,3.5914087,3.4714086,3.4014087,3.1614087,2.4414086,2.4914086,2.1814086,1.6214087,0.45140868,-0.3785913,-1.0685914,-1.6385913,-1.9885913,-2.1385913,-3.1285913,-3.5885913,-3.8085914,-3.8885913,-4.2285914,-3.3085914,-4.948591,-3.8085914,-1.0485913
3.8514087,3.1914086,3.1414087,3.4214087,3.8014088,4.491409,5.3314085,5.951409,5.6714087,6.5914087,3.0214088,1.9514087,1.8114086,3.0714087,3.9914086,4.3314085,4.301409,4.0914087,4.1314087,3.8114088,3.6314087,3.0614088,2.3914087,2.3114088,2.0914087,1.6014087,1.0714087,0.33140868,-0.4885913,-0.71859133,-0.65859133,-0.7485913,-0.8885913,-1.7485913,-2.5385914,-3.4385912,-3.5885913,-3.8485913,-4.2885914,-4.358591,-3.0385914
1.9014087,2.8414087,2.9614086,4.6214085,5.641409,4.741409,4.3614087,4.801409,4.6914086,5.5214086,4.4214087,4.1214085,2.0514088,2.3914087,3.7514086,4.2114086,4.951409,4.761409,4.971409,4.431409,4.031409,3.6914086,3.2614088,2.8714087,2.6714087,2.1814086,1.5914087,1.1514087,0.7314087,0.5514087,0.7114087,1.5514086,0.3114087,-0.32859132,-0.17859131,-1.0685914,-1.7285913,-2.8985913,-3.3685913,-4.448591,-3.4385912
