wind_kz.json
{"header": {"discipline":0,"disciplineName":"Meteorological products","gribEdition":2,"gribLength":1025,"center":7,"centerName":"US National Weather Service - NCEP(WMC)","subcenter":0,"refTime":"2023-09-30T18:00:00.000Z","significanceOfRT":1,"significanceOfRTName":"Start of forecast","productStatus":0,"productStatusName":"Operational products","productType":1,"productTypeName":"Forecast products","productDefinitionTemplate":0,"productDefinitionTemplateName":"Analysis/forecast at horizontal level/layer at a point in time","parameterCategory":2,"parameterCategoryName":"UnknownDiscipline_0_Category_2","parameterNumber":2,"parameterNumberName":"UnknownParameter_D0_C2_2","parameterUnit":"Unknown","genProcessType":2,"genProcessTypeName":"Forecast","forecastTime":120,"surface1Type":103,"surface1TypeName":"Specified height level above ground","surface1Value":10.0,"surface2Type":255,"surface2TypeName":"Missing","surface2Value":0.0,"gridDefinitionTemplate":0,"gridDefinitionTemplateName":"Latitude_Longitude","numberPoints":615,"shape":6,"shapeName":"Earth spherical with radius of 6,371,229.0 m","gridUnits":"degrees","resolution":48,"winds":"true","scanMode":64,"nx":41,"ny":15,"basicAngle":0,"lo1":47.0,"la1":41.0,"lo2":87.0,"la2":55.0,"dx":1.0,"dy":1.0}, "data":
[rows 0 to 14 of 15, columns 0 to 40 of 41]
-2.1051953,-0.79519534,1.2948047,-1.7051953,2.7448046,3.3548048,2.9348047,3.4148047,-4.315195,-2.0251954,-0.3851953,0.1848047,-3.1051953,-5.6451955,-5.8551955,-2.4251952,-2.3651953,-1.9351953,0.5648047,0.19480468,1.6048046,-0.43519533,0.7248047,-1.2251953,-0.40519533,-2.2051954,-2.8151953,-0.08519531,-0.61519533,0.034804687,-1.1251953,0.5848047,0.034804687,0.054804686,-2.3551953,-2.2651954,-2.9051952,1.4748046,-2.2851954,-2.2751954,-3.6651952
1.0348047,1.9148047,0.6248047,1.5948046,3.0448046,4.4148045,4.054805,0.63480467,-1.0151954,-1.7651954,-1.5751953,-1.1951953,-0.7451953,-1.2051953,-1.2751954,-1.1151953,-0.3951953,-4.8751955,-0.98519534,2.3448048,1.7448047,0.6748047,-0.7651953,-1.6151953,-0.3051953,0.4748047,0.37480468,0.2948047,-1.7751954,-1.2151953,0.5648047,-0.5651953,-0.5251953,-2.7951953,0.15480469,0.27480468,-1.5351954,-1.3651953,-1.5351954,1.1248047,-5.0751953
1.6648047,-2.4651954,1.6948047,1.9948047,4.2348046,2.9048047,3.8848047,0.6548047,1.9948047,-0.3951953,-1.5551953,-1.8251953,-0.5351953,0.8948047,1.1048046,0.3248047,-0.21519531,1.8948047,6.0648046,3.5348046,2.2348046,2.1648047,1.6248047,-0.2651953,2.0848048,-0.9951953,0.22480468,1.3348047,-1.1851953,-1.0451953,-1.1151953,1.5948046,-0.43519533,-1.2251953,-0.7151953,-1.4051954,-0.25519532,0.4248047,1.0848047,0.9648047,1.5348047
-0.55519533,2.1748047,2.1548047,3.3748047,3.5748048,2.0448046,2.4748046,4.1248045,2.0948048,-0.2751953,-1.7651954,-1.1651953,-0.3851953,0.5948047,2.3948047,3.7248046,3.5848048,6.6548047,6.554805,4.4648046,2.6748047,1.5848047,1.1148047,2.2448046,3.3048048,-2.1451952,-1.6051953,-3.7851954,-1.2551953,-3.3351953,-1.4451953,-2.4051952,-1.8051953,-3.0651953,-2.0351954,-2.2451954,-1.9551953,1.9648046,0.37480468,-0.73519534,-1.7351953
3.1148047,3.9348047,4.764805,5.094805,4.1448045,3.6648047,2.6748047,2.6848047,4.3348045,1.8048047,-0.5751953,0.7448047,1.8448046,2.2648046,3.3648047,2.6848047,3.1848047,2.7348046,1.8948047,3.4048047,3.6048048,-0.55519533,2.6248047,1.2748047,-4.8951955,-5.175195,-6.275195,-4.045195,-5.0151954,-4.405195,-3.9551954,-1.8151953,-1.9351953,1.4648046,-0.5851953,1.4948047,-1.7251953,-3.1351953,-3.7951953,-3.8751953,-3.4251952
3.0648048,2.5248046,4.9448047,6.3648047,5.3948045,6.1448045,3.6748047,3.6548047,0.10480469,-1.3351953,-0.4551953,-0.6251953,1.8648047,2.9448047,3.4948046,2.5548048,0.6648047,2.1148047,1.4948047,2.2048047,1.5948046,-2.8351953,-4.175195,-6.235195,-7.405195,-7.195195,-4.5151954,-6.275195,-4.215195,-3.4951954,-3.0651953,-2.1151953,-2.1151953,-1.3851953,0.23480469,-5.565195,0.2148047,-2.4651954,-1.3751953,-3.5051954,-3.3151953
3.4948046,3.7448046,3.9348047,2.7948046,4.784805,4.324805,4.1948047,2.9948046,0.8648047,-1.4251953,-1.5951953,-1.1351953,0.6648047,2.9848046,2.3948047,1.9048047,-0.9451953,1.8848047,1.8448046,2.1748047,1.1548047,-2.6751952,-3.8451953,-3.4351952,-5.3651953,-4.9551954,-3.6351953,-2.8951952,-3.5151954,-3.6651952,-3.2551954,-2.4151952,-0.8451953,-3.4051952,-3.1151953,-2.5951953,-1.2851954,2.2148046,-2.5951953,1.8448046,0.43480468
4.344805,3.5448046,5.4248047,2.5748048,2.7448046,2.8648047,2.1348047,0.27480468,0.16480468,-1.4251953,-1.0751953,1.1548047,1.1548047,3.1948047,3.1848047,2.1848047,0.7848047,1.2148046,3.8348048,0.57480466,-1.7151953,-3.4151952,-2.7951953,-3.6851952,-3.4351952,-2.3151953,-2.2451954,-3.0351954,-2.1651952,-2.3351953,-2.5551953,-2.5351954,-3.7351954,-0.7751953,-3.0151954,-1.8251953,-1.2451953,-3.5451953,-3.3151953,-3.1751952,-1.7651954
3.7448046,4.7948046,4.0648046,4.074805,2.7548046,2.7948046,2.7748046,-0.4851953,0.6848047,1.5748047,0.5248047,0.6748047,2.7848046,3.2448046,3.8948047,3.4848046,0.3948047,4.2948046,1.5948046,0.3648047,-2.5651953,-2.6451952,-3.0851953,-3.4751954,-2.3851953,-2.5851953,-1.7651954,-1.2651954,0.13480468,-0.8451953,-2.4351952,-2.1751952,-0.18519531,-1.9451953,-1.9551953,-1.5051953,-0.6551953,-1.7351953,-1.4851953,0.16480468,-1.5051953
3.5748048,3.4248047,3.9248047,4.264805,3.6348047,1.9848046,1.7748047,1.1848047,0.2548047,1.9348047,1.7248046,1.5048047,2.6348047,3.3848047,1.1948047,2.3248048,0.4548047,0.7148047,0.7248047,-2.0651953,-3.9451952,-3.8651953,-3.6251953,-3.6251953,-3.2951953,-3.2751954,-2.8851953,-2.1251953,-2.4551954,-2.0051954,-1.2751954,-1.5551953,-2.4251952,-2.9651954,-1.8551953,-1.3651953,-1.7151953,-0.5251953,-1.3251953,-0.015195313,-1.0051953
2.9848046,3.8348048,3.4848046,3.7648046,3.2548046,2.0848048,0.7148047,2.4848046,0.31480467,1.9248047,0.9348047,1.3248047,0.9648047,1.4748046,1.9748046,1.7248046,0.8448047,-0.035195313,-2.4751954,-3.5951953,-3.5651953,-3.8651953,-3.6551952,-3.3751953,-2.7451954,-2.4851954,-1.7151953,-2.1651952,-1.8951954,-1.5551953,-2.5551953,-2.7651954,-3.1951952,-2.6451952,-2.4051952,-1.2751954,-1.2451953,-0.2951953,-0.55519533,0.4248047,-0.92519534
2.3848047,3.4348047,3.7748046,3.3748047,3.5548048,2.2148046,2.2948046,0.9348047,2.6248047,0.2148047,0.014804687,1.9748046,1.4848046,1.8048047,2.3548048,1.5448047,0.69480467,1.0448047,-0.7151953,-1.6651953,-2.5251954,-2.3351953,-2.6951952,-2.2051954,-1.7151953,-2.6351953,-2.9051952,-2.7651954,-2.1651952,-2.6951952,-2.2751954,-2.5151954,-1.9851953,-2.8051953,-2.0751953,-2.2851954,-2.0651953,-0.8151953,-0.37519532,-0.4951953,-0.44519532
3.9148047,1.5548047,2.2848046,4.2148046,3.7948046,2.1748047,2.1148047,3.0948048,2.1448047,1.9048047,0.5648047,1.1248047,2.1548047,2.0348046,2.0348046,1.7248046,1.4348047,0.88480467,0.70480466,0.49480468,-0.3651953,-0.24519531,0.2948047,-0.3951953,1.3748047,0.4548047,-0.5151953,-1.7651954,-1.7751954,-1.5851953,-1.0751953,-1.3151953,-1.0151954,-1.5151954,-1.2551953,-1.4251953,-1.1751953,-1.1051953,-1.5551953,-1.0651953,-0.8151953
4.704805,3.0448046,3.8948047,4.5048046,3.2948046,1.9648046,1.1448047,2.4348047,2.4548047,1.2348046,1.4548047,0.15480469,1.4348047,1.8648047,1.6948047,1.8348047,1.3048047,0.94480467,0.2848047,1.0448047,1.2348046,1.4648046,1.5248047,1.7448047,1.4148047,0.7548047,0.22480468,0.43480468,0.06480469,0.22480468,-0.065195315,-0.61519533,-0.3051953,-0.24519531,-0.0051953127,-0.16519532,-0.44519532,-0.4651953,-1.1151953,-0.055195313,-0.3651953
3.5648048,4.3648047,6.304805,3.7648046,3.6348047,2.3848047,3.7648046,2.1248047,1.6848047,1.8248047,0.084804684,1.6148047,0.06480469,1.0748047,2.2248046,2.4548047,2.4848046,2.2648046,1.1148047,1.7648047,1.5848047,1.3848047,1.4148047,1.6048046,1.1348047,0.9248047,1.0348047,0.9948047,1.2248046,1.3548046,1.8448046,0.69480467,0.63480467,0.9148047,1.2048047,1.7048047,0.37480468,1.3648047,1.2648047,0.6448047,-1.0651953
