wind.json
{"header": {"discipline":0,"disciplineName":"Meteorological products","gribEdition":2,"gribLength":1211,"center":7,"centerName":"US National Weather Service - NCEP(WMC)","subcenter":0,"refTime":"2023-07-01T18:00:00.000Z","significanceOfRT":1,"significanceOfRTName":"Start of forecast","productStatus":0,"productStatusName":"Operational products","productType":1,"productTypeName":"Forecast products","productDefinitionTemplate":0,"productDefinitionTemplateName":"Analysis/forecast at horizontal level/layer at a point in time","parameterCategory":2,"parameterCategoryName":"UnknownDiscipline_0_Category_2","parameterNumber":2,"parameterNumberName":"UnknownParameter_D0_C2_2","parameterUnit":"Unknown","genProcessType":2,"genProcessTypeName":"Forecast","forecastTime":300,"surface1Type":103,"surface1TypeName":"Specified height level above ground","surface1Value":10.0,"surface2Type":255,"surface2TypeName":"Missing","surface2Value":0.0,"gridDefinitionTemplate":0,"gridDefinitionTemplateName":"Latitude_Longitude","numberPoints":688,"shape":6,"shapeName":"Earth spherical with radius of 6,371,229.0 m","gridUnits":"degrees","resolution":48,"winds":"true","scanMode":64,"nx":43,"ny":16,"basicAngle":0,"lo1":45.0,"la1":40.0,"lo2":87.0,"la2":55.0,"dx":1.0,"dy":1.0}, "data":
[rows 0 to 15 of 16, columns 0 to 42 of 43]
-1.6028198,-2.84282,-3.5028198,-3.2228198,-3.9628198,-2.62282,-3.0128198,-3.08282,-3.4828198,-3.0028198,-6.76282,-6.52282,-4.04282,-2.6728199,-1.6028198,-0.63281983,0.19718018,1.6671802,-0.50281984,-4.0928197,-1.2328198,-3.4628198,-6.02282,-1.7928199,1.6571802,4.02718,3.87718,1.3371801,0.7071802,2.0371802,1.2571802,-0.8928198,0.6671802,1.4771801,-0.25281984,-4.97282,2.1971803,1.3071802,0.9771802,-0.5128198,-3.1728199,-5.52282,-5.93282
-0.30281982,-6.1128197,-2.39282,1.4371802,-2.9528198,-1.1728199,-3.6928198,-2.4728198,-5.75282,-6.79282,-7.39282,-5.0928197,-5.20282,-3.3128197,-2.10282,-0.88281983,-0.9828198,-2.2328198,-3.2428198,-5.7828197,-6.49282,-5.79282,-1.6328198,0.39718017,2.7071803,5.89718,-5.08282,-2.0028198,-1.8828198,3.0171802,2.39718,1.4571801,2.6871803,1.4971802,5.1371803,11.17718,6.75718,-0.49281982,0.0071801757,1.5671802,-0.17281982,-1.4328198,-2.8228197
-1.3928199,0.88718015,-0.29281983,-3.35282,-1.6928198,-3.1928198,-3.5228198,0.22718018,-3.7328198,-4.87282,-4.35282,-4.8828197,-3.9728198,-4.1528196,-3.9628198,-3.7528198,-3.7428198,-3.3028197,-4.54282,-3.83282,-2.86282,-1.6728199,-0.7028198,2.4471803,3.2571802,3.4971802,2.7971802,-0.7128198,-1.4928198,3.2071803,3.2971802,2.7571802,1.4571801,1.1771802,0.22718018,2.0871801,0.9771802,0.93718016,0.9871802,-2.35282,0.18718018,-3.0428197,0.93718016
-0.8228198,0.06718018,-3.5028198,-4.1128197,-3.7928197,-3.83282,-2.0028198,-0.4028198,-1.1428199,-1.9328198,-1.8228198,-1.8428198,-3.6628199,-3.5528197,-4.1128197,-3.9228199,-4.10282,-4.31282,-3.84282,-1.7828199,-0.81281984,-0.99281985,0.7371802,1.2671802,-4.0528197,-3.7128198,0.8371802,0.12718017,-0.41281983,2.0671802,6.49718,-0.32281983,1.3371801,-1.3828198,-0.8528198,2.2771802,-5.43282,-3.6828198,-0.8528198,-0.5828198,5.9271803,0.7071802,-1.9328198
-5.23282,-5.71282,-5.60282,-3.38282,-3.0628197,-1.4128199,0.27718017,-0.122819826,-0.5128198,2.2971802,0.7271802,-0.20281982,0.22718018,0.20718017,-2.0128198,-1.3628198,-0.08281983,-2.0728197,-2.3228197,-2.9628198,-1.4428198,-2.7028198,-4.1328197,-6.43282,-1.2528198,-0.55281985,0.21718018,1.7971802,3.4971802,4.4471803,1.7171801,1.0171802,3.5371802,6.00718,9.73718,10.357181,6.79718,4.24718,-0.5328198,0.24718018,-0.5728198,2.9971802,6.14718
-3.59282,-3.7628198,-4.27282,-1.0128198,0.42718017,0.69718015,0.117180176,-0.68281984,1.1471802,1.7471802,2.2171803,2.1771803,2.60718,3.8071802,1.9371802,-1.5628198,0.25718018,-0.36281982,0.17718017,0.017180176,-1.7428198,-1.4028199,-2.0728197,-2.9528198,-2.9528198,-1.8528198,-0.042819824,0.9071802,0.25718018,-0.33281982,5.51718,4.1971803,4.28718,4.58718,-1.3228198,2.8371801,5.45718,-4.6728196,11.75718,2.7571802,3.1771803,7.6971803,6.27718
-1.8528198,-0.61281985,0.32718018,2.61718,1.2671802,3.0771801,3.13718,2.40718,3.7671802,3.16718,2.87718,4.12718,6.02718,3.5071802,0.19718018,0.8571802,3.0071802,1.1071801,-0.81281984,-0.20281982,1.2071801,1.1671802,1.0871801,-0.6028198,-0.68281984,-1.0128198,-1.9428198,-0.74281985,-0.7028198,-2.4328198,3.37718,3.39718,4.93718,6.4671803,7.6971803,7.20718,4.87718,1.4971802,5.08718,9.44718,14.62718,10.74718,-2.9128199
2.2871802,2.7071803,2.88718,2.4871802,2.9971802,1.0071802,0.8371802,1.5871801,3.6871803,2.85718,3.7071803,2.11718,1.3971802,2.1871803,2.7771802,2.8271801,3.89718,3.0771801,1.3571801,0.56718016,0.7871802,2.0771801,3.4571803,0.87718016,0.7071802,0.48718017,1.1671802,0.74718016,-0.122819826,0.17718017,-0.042819824,1.1971802,3.0871801,2.11718,2.4971802,6.20718,7.6371803,8.42718,6.2171803,1.8771802,5.75718,2.0471802,6.3471804
2.0771801,1.5371802,2.6971803,2.9571803,2.2671802,2.86718,2.8171802,2.89718,2.5271802,3.9371803,4.3671803,3.5671802,4.0571804,3.4971802,3.37718,4.53718,3.5671802,4.00718,4.1571803,2.4571803,1.1671802,0.5271802,0.29718018,2.5971801,2.0171802,2.2871802,2.0871801,2.90718,1.7071801,1.2771802,1.4471802,-0.15281983,0.39718017,1.0171802,1.6171802,2.15718,7.10718,9.38718,10.52718,3.5371802,11.48718,4.04718,7.41718
4.16718,5.25718,5.50718,4.4071803,3.90718,4.45718,4.6771803,5.33718,3.41718,3.2471802,5.85718,5.98718,4.2171803,3.9971802,5.43718,4.72718,5.45718,3.0471802,4.60718,5.00718,3.61718,2.7471802,1.4471802,1.0371802,2.2171803,3.2271802,3.2571802,3.38718,3.9771802,2.9971802,1.8971802,2.66718,1.9971802,3.8171802,4.1371803,5.6971803,6.93718,6.2171803,8.90718,7.3871803,3.0471802,0.3771802,-0.86281985
4.89718,6.93718,6.4671803,3.7971802,5.31718,5.0571804,5.06718,5.16718,4.0971804,3.37718,1.6871802,0.9271802,1.0571802,2.5671802,5.6571803,6.06718,5.25718,2.62718,2.7271802,4.56718,4.5571804,5.97718,4.31718,3.62718,3.5971801,3.4571803,3.4371803,3.86718,4.01718,3.4971802,3.4871802,3.13718,2.8071802,5.49718,5.95718,6.8271804,7.02718,6.89718,4.1971803,8.13718,7.28718,3.2471802,-2.11282
4.79718,5.56718,6.39718,3.14718,-1.2128198,0.13718018,3.16718,3.8371801,5.48718,3.5471802,3.4971802,3.63718,3.7571802,4.79718,4.47718,3.63718,5.3471804,5.6971803,4.73718,4.10718,4.9471803,5.1771803,7.24718,2.3271801,4.99718,3.86718,3.61718,3.4671803,4.12718,3.11718,4.52718,4.20718,4.48718,6.5571804,5.56718,5.10718,6.6971803,5.99718,2.3371801,3.5071802,6.23718,5.2171803,6.58718
4.51718,4.9271803,3.8371801,2.6771803,3.5971801,2.6971803,4.26718,2.7571802,2.3371801,4.54718,4.1171803,3.7871802,5.08718,4.62718,4.91718,5.45718,5.8871803,6.70718,6.7171803,6.50718,5.58718,5.87718,5.49718,5.22718,4.5771804,5.20718,4.68718,4.26718,3.5571802,4.3471804,4.0771804,4.1971803,3.7871802,4.60718,2.4371803,3.7671802,4.31718,5.02718,4.4071803,8.02718,10.357181,5.6571803,7.0771804
4.0771804,4.43718,4.14718,4.75718,3.7571802,3.2171803,-0.47281983,2.7871802,0.45718017,4.6171803,4.66718,2.13718,1.8871802,4.5971804,4.4671803,2.38718,5.72718,2.66718,4.51718,2.91718,5.4071803,6.64718,2.64718,0.38718018,3.3371801,6.54718,3.61718,4.04718,3.2171803,3.9471803,2.87718,2.5471802,3.13718,2.5471802,2.41718,2.5771801,2.5071802,2.35718,3.4871802,0.6571802,2.5271802,8.15718,5.98718
3.8371801,3.5071802,4.48718,4.68718,2.90718,3.1871803,3.9871802,3.66718,3.13718,4.20718,3.3271801,3.7971802,2.13718,3.6871803,6.1171803,5.72718,4.3471804,5.5571804,5.9071803,4.0771804,0.39718017,2.2971802,1.6671802,3.0571802,4.95718,3.38718,4.35718,4.3871803,3.9271803,3.7571802,3.0871801,2.4971802,1.5471802,2.2971802,1.9271802,2.2671802,2.5571802,1.8171802,1.3271801,0.80718017,0.15718018,-0.06281982,2.8071802
3.4371803,4.48718,3.0471802,3.8071802,2.5771801,0.63718015,2.9471803,3.9771802,2.3171802,2.13718,1.3171802,3.0071802,2.62718,4.22718,3.2671802,3.35718,2.60718,3.35718,2.87718,3.38718,0.93718016,1.6471802,4.27718,5.1771803,2.7671802,2.5771801,2.0671802,3.5571802,3.9571803,3.8071802,3.39718,2.66718,2.14718,2.2971802,1.5571802,1.2471802,1.3071802,0.6571802,-1.7628198,1.0071802,1.0071802,0.027180176,-0.9128198
