wind_kz.json
{"header": {"discipline":0,"disciplineName":"Meteorological products","gribEdition":2,"gribLength":1025,"center":7,"centerName":"US National Weather Service - NCEP(WMC)","subcenter":0,"refTime":"2023-08-22T00:00:00.000Z","significanceOfRT":1,"significanceOfRTName":"Start of forecast","productStatus":0,"productStatusName":"Operational products","productType":1,"productTypeName":"Forecast products","productDefinitionTemplate":0,"productDefinitionTemplateName":"Analysis/forecast at horizontal level/layer at a point in time","parameterCategory":2,"parameterCategoryName":"UnknownDiscipline_0_Category_2","parameterNumber":2,"parameterNumberName":"UnknownParameter_D0_C2_2","parameterUnit":"Unknown","genProcessType":2,"genProcessTypeName":"Forecast","forecastTime":0,"surface1Type":103,"surface1TypeName":"Specified height level above ground","surface1Value":10.0,"surface2Type":255,"surface2TypeName":"Missing","surface2Value":0.0,"gridDefinitionTemplate":0,"gridDefinitionTemplateName":"Latitude_Longitude","numberPoints":615,"shape":6,"shapeName":"Earth spherical with radius of 6,371,229.0 m","gridUnits":"degrees","resolution":48,"winds":"true","scanMode":64,"nx":41,"ny":15,"basicAngle":0,"lo1":47.0,"la1":41.0,"lo2":87.0,"la2":55.0,"dx":1.0,"dy":1.0}, "data":
[rows 0 to 14 of 15, columns 0 to 40 of 41]
-1.0519726,-0.91197264,2.3880274,0.60802734,1.7280273,2.6080275,2.0980272,3.0780272,2.5680273,5.1480274,4.5580273,4.3580275,4.2880273,3.7780273,1.9880273,2.2680273,2.9780273,0.59802735,-1.8719727,0.21802734,1.7780273,1.8680273,2.0680273,-0.60197264,0.85802734,-2.5819726,-3.1819727,0.21802734,-0.5019727,0.89802736,-0.21197265,1.3080274,-0.84197265,-1.7419727,-2.9219728,-2.7319727,-2.7819726,-3.4719727,-3.2119727,-2.7019727,-3.1919727
1.7180274,2.5180273,-4.531973,-4.1219726,1.5480274,4.0780272,2.9480274,-0.57197267,3.2180274,4.698027,5.118027,4.3980274,1.9380274,2.8080273,2.1280274,3.7780273,-0.64197266,1.7580273,1.9280274,1.0280273,1.7080274,3.0280273,-0.0119726565,-2.5619726,2.4880273,1.0180273,0.25802734,1.3180274,-1.2819726,-0.17197266,0.19802734,-0.47197264,-0.5619727,-1.4419726,-0.14197266,0.77802736,-0.34197265,0.64802736,-0.84197265,0.66802734,-1.1319727
1.0380273,-3.4719727,-4.7519727,0.21802734,3.6380274,1.5980273,0.95802736,2.4780273,2.8880274,4.4980273,4.7680273,0.7580273,1.9880273,1.6480273,1.6080273,1.8280274,2.9580274,3.6180274,3.5180273,3.2180274,2.9180274,5.0380273,0.06802735,-1.6219727,0.71802735,1.3180274,0.26802734,2.2480273,1.6680274,-0.83197266,-1.1319727,1.7780273,-0.57197267,-0.71197265,0.09802734,-0.61197263,0.058027342,0.09802734,1.2380273,2.2080274,1.8380274
-3.3219726,-2.6319726,-0.85197264,0.008027344,-2.8419726,-1.2919726,0.84802735,-2.7819726,-1.2919726,1.2280273,3.1880274,1.8680273,2.8780274,-1.1819726,-1.6619726,-1.0519726,-0.91197264,1.2680273,3.0280273,2.8480272,3.9780273,1.5580274,-0.79197264,-1.3719727,-2.4719727,-3.2319727,-3.1419725,-4.531973,-2.0719726,0.08802734,1.1680274,0.41802734,-2.2219727,-4.0419726,-2.6919727,-2.4519727,-1.6219727,2.0980272,0.70802736,-0.11197266,0.048027344
0.8680273,1.3280274,1.2380273,1.4780273,-1.6219727,-0.58197266,-0.041972656,-1.5619726,-2.3119726,-1.3519727,1.9680274,3.6880274,2.9180274,0.37802735,-3.3119726,-1.7519727,1.8980273,-0.021972656,1.7780273,1.4480274,-1.0319726,0.08802734,-2.0219727,-0.061972655,-2.4719727,-3.7119727,-4.091973,-2.4619727,-3.3719726,-3.6219726,-3.1819727,-2.3619726,-2.3519726,1.4880273,1.9880273,0.72802734,-2.6319726,-2.2019727,-3.5819726,-2.5519726,-4.361973
3.2580273,2.8980274,4.0480275,4.698027,0.35802734,2.6780274,1.6480273,-1.1919726,-1.1719726,-0.52197266,-2.2019727,-2.2719727,4.468027,1.3880273,1.7280273,0.65802735,3.8180273,1.1480273,0.58802736,-2.7619727,1.3180274,-5.3119726,-4.7319727,-3.3919725,1.5380273,-3.6619728,-1.5419726,-1.6819726,-2.9719727,-3.0319726,-3.1819727,-2.2519727,-2.9119728,-2.5119727,-1.5219727,-1.2519727,-0.08197266,1.0480274,1.6580273,-4.5119724,-3.3719726
1.9480274,0.37802735,4.3280272,2.2380273,3.8780274,1.7780273,4.3980274,2.7380273,1.6280273,0.72802734,-1.5119727,0.22802734,-0.77197266,1.7180274,2.9280274,2.1280274,1.8180274,3.9680274,1.0180273,1.2980274,-0.71197265,-1.6819726,-1.4419726,-3.5319726,0.95802736,0.28802735,-0.6819727,-1.2519727,-1.0619726,0.49802735,-0.021972656,-1.0919727,-1.3119726,-3.4119728,-2.5619726,-1.6919726,-1.1819726,2.2480273,-0.79197264,1.5480274,2.8780274
-0.13197266,1.5180273,-0.32197267,-0.9919727,3.0980272,3.8680274,3.6680274,2.0880272,2.5880272,2.4280274,0.30802736,-0.19197266,-0.32197267,-1.0019727,-0.71197265,0.7480273,3.6680274,3.0180273,2.6080275,-0.39197266,1.9780273,0.078027345,2.8980274,3.3580275,3.4780273,2.7080274,1.9680274,-2.1219726,-0.8719727,-1.2419727,-2.1219726,-1.9319726,-2.3319726,-0.38197267,-1.1219727,-0.61197263,-1.6319727,3.1780274,1.7380273,1.7480273,-0.54197264
-0.31197265,1.1680274,1.0180273,-1.0119727,1.5180273,1.3280274,0.16802734,-0.92197263,2.7280273,2.9980273,1.7980274,1.5480274,1.1780274,1.0980273,0.49802735,0.7580273,-0.91197264,0.20802735,3.2580273,2.2580273,1.2580273,4.5080276,2.0680273,5.5280275,4.3580275,1.4580274,-0.64197266,-0.37197265,0.30802736,0.23802735,0.24802734,1.3780273,0.23802735,-0.0119726565,-0.32197267,-0.09197266,0.32802734,-2.5119727,-1.6819726,1.0580274,-1.2819726
2.3580275,2.2580273,0.66802734,0.13802734,-0.52197266,-2.2619727,-2.0119727,-0.051972657,2.5280273,2.4780273,1.7080274,2.4980273,3.2380273,3.0480273,2.2880273,1.7980274,-0.16197266,-1.0819726,-1.6419727,2.2980273,3.7680273,5.4880276,7.388027,2.8080273,0.048027344,-0.021972656,1.0080273,1.2980274,2.2680273,3.2180274,1.0080273,-1.1219727,-2.2119727,-2.3719726,-1.4619727,-1.1319727,-1.6619726,-0.22197266,-1.5119727,0.28802735,-0.20197266
3.4880273,2.5780272,0.71802735,-0.21197265,0.8780273,0.51802737,1.7880273,2.3080273,3.0480273,2.2880273,2.5880272,2.6680274,1.6180273,3.3080273,1.7980274,-2.1919727,-1.6119727,-0.76197267,-0.8119727,0.35802734,1.0280273,2.7780273,3.2480273,1.7780273,1.1580273,0.51802737,1.2280273,1.9280274,0.98802733,-1.7719727,-3.0519726,-2.9619727,-2.3119726,-2.0319726,-1.6519727,-1.1619726,-1.2319727,0.43802735,-1.2719727,0.6880273,-1.0919727
-1.4919727,-2.3119726,-1.6519727,-0.54197264,-0.76197267,-0.6319727,-0.24197266,0.78802735,1.0580274,1.6380273,0.5580273,1.1280273,0.77802736,1.0280273,-1.6519727,-2.0619726,-1.6219727,-0.23197265,0.73802733,1.8280274,1.7380273,3.1780274,3.5080273,2.0080273,2.3180273,1.7780273,0.33802736,-0.9919727,-2.1719728,-2.8019726,-2.3919725,-2.3319726,-2.2919726,-2.6619728,-1.9119726,-1.3319726,-0.90197265,-0.32197267,-0.07197265,-0.53197265,-0.73197263
-1.5219727,-1.4119726,-1.9319726,-2.7619727,-1.3819727,-1.1019727,-1.0419726,-1.2419727,-1.3819727,0.71802735,0.08802734,0.64802736,-1.2619727,-2.8119726,-1.9319726,-0.96197265,-0.16197266,1.3580273,2.4380274,3.0680273,2.5780272,3.1580274,3.5180273,3.1280274,3.6180274,1.2980274,-1.2419727,-2.6319726,-1.7219727,-1.6519727,-1.4319726,-1.8219726,-1.6119727,-2.1019726,-1.1119727,-2.0319726,-1.7219727,-1.7819726,-2.8319726,-2.0219727,-1.2119727
-0.59197265,-1.3519727,-0.85197264,-1.2619727,-1.1019727,-0.83197266,-1.0819726,-1.4819727,0.54802734,0.32802734,-0.14197266,-0.21197265,-0.36197266,-0.48197266,0.6880273,0.41802734,2.0380273,2.7080274,2.4180274,3.0480273,2.6280274,3.1480274,4.158027,4.198027,1.0380273,-0.15197265,-1.8619727,-2.3719726,-2.1919727,-2.0919726,-2.3319726,-2.0819726,-1.5719726,-1.9919727,-1.6919726,-1.8219726,-2.2919726,-2.2219727,-1.6719726,-1.2919726,-0.9919727
-0.38197267,-0.29197267,-1.0619726,-1.5119727,-1.0519726,-0.07197265,0.6980274,1.0480274,1.6980274,0.58802736,-0.58197266,0.018027343,-0.40197265,1.2880273,1.4680274,2.2480273,2.7080274,3.0380273,2.4780273,2.5180273,2.3980274,2.7680273,3.7780273,2.2180274,1.3080274,-2.1519728,-3.4119728,-2.7219727,-2.4419727,-2.4719727,-2.5719726,-2.5719726,-2.3019726,-1.7119727,-2.1319726,-1.9519726,-1.6519727,-1.7319727,-1.3619727,-1.1719726,-0.9319727
