wind_kz.json
{"header": {"discipline":0,"disciplineName":"Meteorological products","gribEdition":2,"gribLength":1102,"center":7,"centerName":"US National Weather Service - NCEP(WMC)","subcenter":0,"refTime":"2023-08-24T12:00:00.000Z","significanceOfRT":1,"significanceOfRTName":"Start of forecast","productStatus":0,"productStatusName":"Operational products","productType":1,"productTypeName":"Forecast products","productDefinitionTemplate":0,"productDefinitionTemplateName":"Analysis/forecast at horizontal level/layer at a point in time","parameterCategory":2,"parameterCategoryName":"UnknownDiscipline_0_Category_2","parameterNumber":3,"parameterNumberName":"UnknownParameter_D0_C2_3","parameterUnit":"Unknown","genProcessType":2,"genProcessTypeName":"Forecast","forecastTime":180,"surface1Type":103,"surface1TypeName":"Specified height level above ground","surface1Value":10.0,"surface2Type":255,"surface2TypeName":"Missing","surface2Value":0.0,"gridDefinitionTemplate":0,"gridDefinitionTemplateName":"Latitude_Longitude","numberPoints":615,"shape":6,"shapeName":"Earth spherical with radius of 6,371,229.0 m","gridUnits":"degrees","resolution":48,"winds":"true","scanMode":64,"nx":41,"ny":15,"basicAngle":0,"lo1":47.0,"la1":41.0,"lo2":87.0,"la2":55.0,"dx":1.0,"dy":1.0}, "data":
[rows 0 to 14 of 15, columns 0 to 40 of 41]
0.32104248,-1.3989575,3.4310424,9.641043,5.5010424,1.0210425,1.7410425,1.1610425,0.17104249,0.71104246,0.21104248,-0.12895752,-0.11895752,-1.2589575,-2.2789576,-3.9889574,0.33104247,-0.10895752,0.07104248,-0.8189575,-1.2089576,-2.8989575,-0.8189575,-0.39895752,-2.0589576,-1.3989575,-1.5389575,0.84104246,-0.78895754,-2.0889575,-1.1689575,-4.0689573,-0.9389575,-9.588958,-1.8289576,-2.3289576,-1.0889575,-0.78895754,0.91104245,-1.2289575,-1.5389575
2.2710426,1.1310425,10.161042,8.991042,5.8710423,5.0510426,0.66104245,1.4510425,1.2410425,-0.38895753,-1.6689575,1.0110425,1.2910424,0.19104248,-2.2889576,-2.8489575,-2.1189575,-1.4589576,-2.0389576,-0.9589575,0.71104246,-1.2789575,-1.8689575,0.8710425,-1.4389576,1.1110425,-0.6989575,1.7010425,-0.6989575,1.1510425,0.2810425,1.7010425,1.6910424,2.9310424,-0.19895752,-3.1789575,-3.6689575,-6.8589573,-3.9889574,-1.9989575,2.1310425
2.1810424,7.6210423,7.6510425,7.5410423,5.4910426,2.0510426,1.4010425,0.36104247,0.07104248,-1.2889575,0.06104248,1.8410425,1.6610425,0.7310425,-0.3189575,-1.5089575,-1.3889575,-1.9089575,-2.7189574,-0.36895752,-0.098957516,-0.19895752,-1.4489576,-0.4989575,-0.08895752,0.26104248,0.6710425,0.8510425,-0.6489575,-0.35895753,1.5710425,-0.32895753,0.6210425,-0.4989575,0.72104245,-2.1489575,-2.2989576,-2.2389574,-0.4089575,-1.6489575,-3.5289576
4.5010424,8.001042,8.041042,5.7310424,2.6510425,1.9310424,1.1310425,0.20104247,1.0310425,0.30104247,0.38104248,-0.08895752,3.8310425,2.8710425,1.7710425,-0.19895752,-0.90895754,-2.2389574,-2.2689576,-3.2989576,1.1010425,1.4810425,3.7810426,2.1810424,-0.8889575,0.26104248,3.8910425,0.04104248,2.3110425,0.44104248,0.77104247,-1.9489576,1.9210424,2.0810425,0.91104245,0.41104248,3.2210424,2.9910424,-0.8889575,1.2210425,-2.4389575
5.0910425,7.9210424,8.261043,4.5310426,3.3910425,1.9310424,1.3110424,0.97104245,-0.8689575,-1.2489575,-1.2789575,-1.7389575,0.9910425,2.9110425,2.2910426,2.0410426,0.39104247,-0.23895752,-1.4589576,-0.8689575,-0.36895752,-0.19895752,3.8810425,2.9210424,2.5210426,0.96104246,3.4210424,1.5810425,0.5010425,1.1310425,3.3910425,0.9210425,-0.53895754,-1.1889576,-1.8489575,-1.4589576,-8.008958,0.66104245,-2.8789575,-3.6489575,-4.1389575
1.8510425,1.8410425,5.1910424,5.4110427,4.1610427,3.1710424,1.7410425,0.30104247,-0.098957516,-1.0189575,-0.8189575,-1.4889575,-3.3489575,-0.83895755,3.0610425,2.6110425,2.5310426,1.3910425,-0.24895751,0.65104246,0.4610425,0.53104246,0.8010425,2.4210424,2.9910424,3.7610426,1.8910425,1.0410424,1.3810425,1.9010425,3.2110424,3.7610426,3.3910425,2.0810425,2.5110426,-4.5189576,-1.4189575,-5.4089575,-6.6089573,-1.7189575,-8.018957
2.7210424,2.8210425,2.7310424,2.1910424,0.7410425,0.5610425,0.2510425,-0.06895752,-0.4989575,0.26104248,-0.13895752,-1.0389575,-1.5289575,-2.3089576,-1.2589575,1.6610425,3.4010425,2.3310425,1.5710425,1.8210425,1.6710424,2.5610425,1.6910424,1.6010425,1.8210425,3.1510425,2.0110426,1.3210425,-0.8089575,-2.1189575,-1.0089575,2.2610426,3.0410426,1.8010424,0.30104247,-0.4389575,1.5910425,0.3710425,-2.8689575,-3.6489575,-11.358957
3.4610424,3.2610426,2.7610426,1.9010425,1.4710425,1.2010425,0.58104247,0.58104247,0.72104245,0.5510425,-0.27895752,-0.6989575,-0.71895754,-1.3489575,-2.1389575,-0.35895753,2.0610425,2.5310426,1.7110425,1.9810425,1.9010425,1.7910424,1.5310425,2.6610425,2.8910425,3.4410424,4.3910427,2.6110425,1.1410425,0.12104248,-0.07895752,-1.4589576,0.33104247,1.5210425,3.9010425,1.9910425,0.59104246,1.0710425,-0.18895751,2.4610424,-1.8089576
3.4510424,3.4910424,2.8310425,2.1310425,1.8210425,0.47104248,0.04104248,0.58104247,2.1810424,0.96104246,-0.24895751,-0.78895754,0.11104248,-1.1789575,-1.7089576,-2.0389576,-0.26895753,1.1610425,2.2510424,2.4710424,3.0110426,1.5510424,2.4810424,2.3310425,2.6510425,3.1510425,3.6610425,3.3210425,3.4010425,2.0710425,0.8810425,0.2810425,-0.29895753,-1.7289575,2.1410425,2.3210425,0.10104248,0.65104246,-0.32895753,-2.9489574,-0.53895754
3.6610425,2.8310425,1.9910425,0.84104246,0.42104247,0.32104248,-0.24895751,1.9810425,2.4610424,0.48104247,-0.13895752,-0.6889575,0.051042482,-0.9889575,-1.4689575,-1.8989575,-1.8189576,-1.1489575,0.9810425,1.6910424,3.0410426,3.2810426,2.6310425,2.6110425,3.6410425,3.9710424,3.9110425,4.3210425,3.0810425,3.2110424,3.0910425,2.8310425,-0.45895752,-0.91895753,-1.1889576,1.2410425,0.8610425,1.8110424,1.8310425,2.5010424,0.47104248
2.7010424,2.0210426,0.19104248,-0.4089575,-0.38895753,-0.7589575,0.4910425,2.3710425,1.2810425,-0.16895752,-0.23895752,0.47104248,-0.4389575,-0.23895752,-0.4689575,-1.5289575,-1.2289575,-1.1589575,-1.2289575,0.11104248,1.6910424,1.9410424,1.9410424,2.7010424,3.1910424,4.2810426,3.9410424,5.0610423,4.8010426,4.1510425,3.9010425,2.6710424,1.0510424,0.09104248,-0.06895752,1.8510425,1.2510425,1.1210425,0.5010425,-0.8889575,-0.4689575
0.77104247,1.4310424,0.5010425,-0.4389575,-0.38895753,0.4310425,1.3010424,1.3910425,0.22104248,-0.01895752,0.5410425,-0.03895752,-1.2089576,-0.5689575,-0.27895752,-1.0089575,-0.7489575,-0.8789575,-0.33895752,0.20104247,0.7510425,0.3410425,0.7610425,1.7810425,2.2510424,3.3410425,5.4810424,5.9710426,6.6310425,4.8710423,3.9910424,3.9510424,1.9710425,1.1610425,0.3410425,1.0110425,2.1310425,0.65104246,0.8010425,0.5610425,-0.18895751
1.3910425,0.77104247,0.04104248,0.18104248,0.3410425,1.2010425,1.0310425,1.4410424,0.47104248,0.58104247,-0.53895754,0.10104248,-0.08895752,-0.4689575,-0.6389575,-0.6289575,-0.7489575,-0.5689575,-1.4289575,-0.48895752,0.8210425,0.8710425,1.5910425,1.8410425,1.8910425,2.8010426,4.6210423,5.5210423,5.3610425,4.6410427,3.9310424,3.8510425,3.2210424,2.9110425,1.7210425,2.6110425,3.3510425,1.6310425,0.72104245,0.13104248,-0.38895753
1.8010424,1.4910425,0.4610425,1.6510425,1.7410425,1.7810425,1.6510425,1.2810425,0.96104246,1.2610425,1.7510425,0.14104249,0.23104247,-0.10895752,-1.1489575,-0.6189575,-0.14895752,0.15104248,-0.8289575,-0.45895752,-0.36895752,0.59104246,0.8710425,0.52104247,0.7610425,1.3210425,3.1210425,4.1010423,4.1410427,4.1510425,3.6610425,3.5710425,3.5510426,3.5310426,1.9710425,2.5810425,2.1510425,2.0210426,-0.97895753,-0.24895751,-2.0789576
1.6310425,1.2810425,0.9510425,2.5410426,2.9510424,2.1110425,1.0810425,1.2610425,0.6710425,0.5510425,1.7210425,0.8010425,1.7010425,-0.26895753,-0.7489575,-1.2889575,-1.3589575,-0.4689575,-0.15895753,0.44104248,0.6110425,1.0110425,1.7210425,2.0010424,1.8610425,1.9910425,2.4510424,2.5910425,3.4010425,3.1610425,2.1710424,4.3710423,3.7710426,3.3910425,2.9810424,2.2710426,3.0710425,2.8910425,0.23104247,-1.6689575,-1.5289575
