wind.json
{"header": {"discipline":0,"disciplineName":"Meteorological products","gribEdition":2,"gribLength":1039,"center":7,"centerName":"US National Weather Service - NCEP(WMC)","subcenter":0,"refTime":"2023-05-30T12:00:00.000Z","significanceOfRT":1,"significanceOfRTName":"Start of forecast","productStatus":0,"productStatusName":"Operational products","productType":1,"productTypeName":"Forecast products","productDefinitionTemplate":0,"productDefinitionTemplateName":"Analysis/forecast at horizontal level/layer at a point in time","parameterCategory":0,"parameterCategoryName":"UnknownDiscipline_0_Category_0","parameterNumber":0,"parameterNumberName":"UnknownParameter_D0_C0_0","parameterUnit":"Unknown","genProcessType":2,"genProcessTypeName":"Forecast","forecastTime":0,"surface1Type":1,"surface1TypeName":"Ground or water surface","surface1Value":0.0,"surface2Type":255,"surface2TypeName":"Missing","surface2Value":0.0,"gridDefinitionTemplate":0,"gridDefinitionTemplateName":"Latitude_Longitude","numberPoints":688,"shape":6,"shapeName":"Earth spherical with radius of 6,371,229.0 m","gridUnits":"degrees","resolution":48,"winds":"true","scanMode":64,"nx":43,"ny":16,"basicAngle":0,"lo1":45.0,"la1":40.0,"lo2":87.0,"la2":55.0,"dx":1.0,"dy":1.0}, "data":
[rows 0 to 15 of 16, columns 0 to 42 of 43]
292.84317,291.74316,308.74316,317.44318,322.14316,296.74316,294.64316,292.74316,321.14316,318.74316,318.94318,319.04315,320.14316,318.74316,318.74316,317.94318,317.14316,316.44318,315.54315,315.44318,313.84317,311.64316,305.44318,307.84317,300.54315,302.24316,294.14316,291.94318,282.14316,284.04315,291.84317,301.94318,302.44318,303.44318,307.44318,307.74316,308.44318,306.44318,305.94318,305.64316,305.44318,305.54315,304.34317
293.24316,313.84317,313.24316,300.04315,304.24316,290.94318,291.84317,291.24316,312.74316,321.34317,320.44318,320.64316,318.54315,319.34317,317.64316,317.34317,316.94318,316.84317,315.94318,313.64316,316.34317,314.94318,317.94318,314.34317,310.54315,300.94318,311.34317,310.14316,302.44318,287.74316,283.14316,279.34317,282.24316,282.24316,299.74316,304.94318,307.54315,306.04315,306.04315,304.94318,303.04315,302.84317,302.54315
299.84317,292.94318,287.54315,301.04315,292.64316,290.14316,290.24316,290.24316,324.64316,320.54315,318.14316,317.54315,318.34317,316.84317,316.24316,314.94318,316.74316,316.24316,317.74316,317.14316,313.94318,314.24316,314.04315,311.34317,307.24316,294.34317,284.94318,286.84317,294.24316,289.64316,291.84317,284.24316,291.64316,273.44318,293.54315,258.84317,268.74316,299.34317,299.24316,300.14316,302.74316,295.44318,285.84317
297.84317,300.04315,301.84317,292.54315,290.94318,289.94318,289.64316,319.54315,318.24316,318.04315,315.44318,315.34317,314.24316,315.24316,313.14316,314.94318,314.14316,314.74316,314.34317,313.64316,313.94318,315.64316,312.84317,308.54315,305.94318,297.84317,303.94318,301.24316,300.54315,301.24316,302.24316,286.74316,280.84317,283.94318,288.54315,289.84317,291.04315,289.54315,278.54315,284.44318,284.14316,279.24316,273.24316
308.14316,312.04315,307.34317,294.04315,291.14316,290.44318,297.24316,318.14316,318.14316,317.74316,316.44318,314.84317,310.74316,307.74316,291.74316,292.14316,313.24316,314.04315,312.24316,312.94318,312.74316,311.84317,307.54315,301.24316,307.44318,306.74316,305.74316,305.74316,306.24316,300.44318,300.04315,300.24316,301.94318,297.04315,305.34317,303.54315,300.64316,292.14316,281.44318,268.54315,284.04315,292.84317,295.54315
311.44318,310.74316,317.14316,294.54315,293.54315,293.84317,302.44318,319.34317,319.74316,320.44318,316.44318,313.24316,311.04315,308.54315,292.54315,292.54315,293.24316,313.04315,313.64316,311.64316,310.54315,310.64316,310.84317,310.74316,309.14316,309.24316,308.94318,308.24316,304.84317,301.14316,306.64316,306.54315,306.84317,302.14316,286.14316,273.94318,291.74316,298.44318,297.14316,303.54315,301.14316,297.64316,297.44318
309.74316,311.84317,313.34317,310.34317,294.64316,294.04315,293.94318,294.14316,318.24316,315.84317,315.84317,312.24316,309.24316,309.34317,294.84317,293.14316,303.84317,312.44318,313.74316,315.34317,313.74316,313.04315,310.74316,309.24316,309.34317,309.24316,308.64316,307.04315,309.84317,292.94318,309.04315,307.94318,305.34317,302.84317,300.64316,296.84317,290.64316,288.94318,280.14316,283.64316,293.34317,296.94318,295.34317
310.94318,307.94318,313.54315,311.34317,311.54315,302.24316,304.14316,307.24316,310.34317,310.34317,313.44318,311.04315,310.14316,309.34317,310.84317,313.24316,313.84317,313.04315,313.94318,313.64316,315.24316,312.04315,308.64316,309.54315,309.14316,309.44318,306.04315,307.24316,306.84317,304.64316,303.24316,301.74316,298.54315,297.44318,296.94318,297.04315,294.94318,291.64316,286.64316,282.84317,275.64316,276.74316,290.44318
307.74316,304.94318,310.34317,310.14316,309.34317,304.64316,306.24316,305.24316,303.44318,310.44318,309.14316,307.14316,307.14316,308.04315,310.74316,312.84317,315.14316,316.04315,316.44318,314.44318,311.24316,304.24316,306.74316,307.44318,307.74316,308.24316,305.64316,302.54315,303.04315,301.14316,299.74316,299.94318,297.24316,296.64316,296.34317,292.54315,292.14316,294.04315,291.14316,284.64316,289.94318,288.64316,282.34317
291.14316,294.24316,298.04315,302.34317,301.94318,302.64316,303.14316,306.84317,307.04315,306.34317,305.94318,306.14316,306.14316,308.34317,308.84317,312.34317,311.94318,316.54315,313.64316,313.74316,309.94318,308.54315,304.54315,305.24316,301.34317,305.74316,297.24316,302.84317,301.54315,297.94318,296.34317,293.34317,291.64316,294.54315,294.14316,293.74316,293.04315,288.64316,287.34317,283.94318,273.04315,274.14316,274.44318
300.64316,293.84317,295.54315,299.04315,298.54315,302.34317,302.54315,306.34317,302.74316,304.64316,307.94318,307.34317,305.94318,306.84317,308.14316,309.64316,311.34317,312.64316,312.84317,311.24316,309.64316,308.34317,307.44318,306.64316,306.74316,305.14316,300.74316,298.64316,300.74316,298.54315,296.24316,290.54315,296.34317,297.44318,296.14316,296.54315,292.94318,290.04315,286.74316,280.14316,275.74316,277.14316,276.64316
303.24316,292.04315,298.64316,297.14316,296.84317,298.14316,297.54315,297.44318,299.64316,305.94318,305.74316,302.74316,305.04315,303.94318,307.94318,308.54315,310.24316,310.34317,310.84317,310.14316,308.24316,307.74316,306.84317,305.54315,306.04315,305.44318,304.34317,300.14316,299.04315,299.84317,292.34317,297.94318,300.84317,299.24316,298.14316,296.74316,293.24316,289.14316,282.94318,280.54315,282.04315,279.34317,280.04315
301.74316,304.04315,296.34317,303.34317,298.74316,297.74316,298.94318,297.74316,301.34317,303.14316,303.74316,302.14316,300.34317,303.04315,308.24316,307.34317,310.54315,311.24316,310.54315,309.44318,308.54315,306.84317,306.44318,305.44318,304.94318,304.24316,297.54315,305.44318,300.64316,299.64316,298.74316,294.54315,299.24316,299.04315,298.44318,295.84317,295.34317,292.44318,290.24316,288.14316,286.34317,285.84317,284.74316
296.04315,298.74316,301.94318,303.04315,304.34317,303.54315,302.04315,304.14316,302.54315,303.04315,302.44318,302.14316,300.44318,299.84317,306.44318,305.24316,308.94318,309.14316,309.24316,307.04315,308.14316,305.64316,304.44318,301.64316,301.94318,296.04315,304.44318,298.94318,302.54315,296.24316,293.84317,291.04315,298.64316,300.34317,299.14316,297.04315,295.44318,293.34317,289.54315,287.04315,286.24316,286.34317,282.34317
294.94318,297.64316,296.84317,297.44318,291.54315,295.64316,301.34317,299.34317,298.84317,299.94318,300.44318,299.84317,301.34317,301.04315,300.64316,303.04315,307.04315,307.14316,306.64316,304.94318,305.04315,305.44318,304.24316,303.44318,304.04315,300.24316,304.14316,303.54315,300.44318,295.14316,294.34317,292.44318,297.74316,298.64316,297.14316,295.44318,295.54315,293.74316,293.64316,291.64316,289.64316,282.74316,285.24316
292.74316,294.34317,297.04315,297.44318,284.94318,299.54315,299.14316,297.14316,296.74316,297.54315,298.94318,299.24316,301.54315,302.14316,300.24316,298.34317,303.44318,303.74316,303.84317,302.54315,301.94318,301.74316,302.04315,301.54315,300.74316,301.74316,302.14316,299.54315,297.54315,295.44318,293.64316,290.64316,297.14316,289.24316,296.24316,294.84317,295.04315,292.44318,294.74316,289.84317,291.44318,287.04315,285.74316
