wind_kz.json
{"header": {"discipline":0,"disciplineName":"Meteorological products","gribEdition":2,"gribLength":794,"center":7,"centerName":"US National Weather Service - NCEP(WMC)","subcenter":0,"refTime":"2023-09-27T00:00:00.000Z","significanceOfRT":1,"significanceOfRTName":"Start of forecast","productStatus":0,"productStatusName":"Operational products","productType":1,"productTypeName":"Forecast products","productDefinitionTemplate":0,"productDefinitionTemplateName":"Analysis/forecast at horizontal level/layer at a point in time","parameterCategory":2,"parameterCategoryName":"UnknownDiscipline_0_Category_2","parameterNumber":2,"parameterNumberName":"UnknownParameter_D0_C2_2","parameterUnit":"Unknown","genProcessType":2,"genProcessTypeName":"Forecast","forecastTime":240,"surface1Type":103,"surface1TypeName":"Specified height level above ground","surface1Value":10.0,"surface2Type":255,"surface2TypeName":"Missing","surface2Value":0.0,"gridDefinitionTemplate":0,"gridDefinitionTemplateName":"Latitude_Longitude","numberPoints":615,"shape":6,"shapeName":"Earth spherical with radius of 6,371,229.0 m","gridUnits":"degrees","resolution":48,"winds":"true","scanMode":64,"nx":41,"ny":15,"basicAngle":0,"lo1":47.0,"la1":41.0,"lo2":87.0,"la2":55.0,"dx":1.0,"dy":1.0}, "data":
[rows 0 to 14 of 15, columns 0 to 40 of 41]
0.06100426,-1.3389957,1.0610043,2.8610044,3.9610043,0.66100425,-1.7389958,-2.7389958,-3.1389956,-1.7389958,-1.5389957,-2.0389957,-1.2389958,-1.6389958,-1.0389957,-1.4389957,-1.3389957,-0.73899573,-1.5389957,-0.23899575,-1.3389957,-0.43899575,-0.038995743,-1.4389957,-1.4389957,-1.2389958,-0.038995743,2.3610044,1.4610043,0.66100425,-1.3389957,2.0610042,0.26100427,0.46100426,-0.53899574,-0.33899575,-0.43899575,-1.7389958,-2.2389958,-0.23899575,-1.3389957
2.2610042,-0.43899575,6.7610044,3.7610042,2.4610043,2.3610044,0.96100426,-1.2389958,-0.83899575,-0.63899577,0.86100423,0.46100426,-1.5389957,-1.9389957,-1.3389957,-1.2389958,-0.038995743,0.66100425,0.76100427,1.3610042,2.0610042,0.86100423,0.16100426,-2.8389957,1.8610042,0.06100426,0.36100426,3.2610042,1.3610042,-0.83899575,0.06100426,-0.63899577,0.86100423,-2.3389957,-0.53899574,-1.2389958,-1.8389957,-1.5389957,-0.13899574,0.06100426,-2.0389957
3.2610042,7.1610045,4.3610044,6.161004,1.5610043,-0.73899573,-0.53899574,-0.23899575,-0.33899575,-0.038995743,1.1610043,1.4610043,1.0610043,1.9610043,1.4610043,1.1610043,1.4610043,2.9610043,3.6610043,3.3610044,3.0610042,2.6610043,1.1610043,1.7610042,-0.23899575,1.4610043,1.5610043,2.7610042,7.1610045,0.16100426,-1.1389958,2.4610043,-0.038995743,-1.2389958,0.26100427,-1.2389958,-0.63899577,-0.33899575,-1.8389957,-0.63899577,1.0610043
4.7610044,5.8610044,6.4610047,6.3610044,2.7610042,0.5610043,0.06100426,2.2610042,1.6610043,1.4610043,1.8610042,1.3610042,1.8610042,3.4610043,2.2610042,2.4610043,3.2610042,3.6610043,3.0610042,2.3610044,1.0610043,0.06100426,0.36100426,4.661004,4.161004,3.6610043,0.86100423,3.0610042,12.161005,9.461004,7.5610046,3.0610042,-1.2389958,-3.1389956,-3.1389956,-2.1389956,-1.4389957,1.3610042,-0.53899574,-0.53899574,0.06100426
5.161004,7.2610044,6.4610047,7.7610044,5.661004,3.0610042,2.7610042,2.6610043,2.6610043,2.4610043,2.5610042,3.5610042,3.2610042,3.4610043,3.6610043,3.4610043,3.4610043,2.9610043,1.7610042,0.76100427,1.8610042,3.7610042,4.7610044,4.9610043,4.4610043,4.161004,2.8610044,4.9610043,8.061005,11.461004,7.5610046,0.5610043,-2.2389958,0.26100427,-0.43899575,-1.0389957,-2.3389957,-3.4389958,-2.7389958,-3.0389957,-3.4389958
1.7610042,2.5610042,7.7610044,9.061005,6.161004,6.161004,2.1610043,3.3610044,2.4610043,3.0610042,3.4610043,2.5610042,3.9610043,3.1610043,3.3610044,3.6610043,3.5610042,3.2610042,3.3610044,3.1610043,2.1610043,2.8610044,3.4610043,3.3610044,3.1610043,2.7610042,4.561004,2.1610043,8.761004,9.061005,5.161004,0.06100426,-2.7389958,-0.63899577,-1.0389957,-4.2389956,0.36100426,-2.6389956,-0.9389957,-3.3389957,-3.9389958
3.4610043,3.6610043,3.0610042,2.8610044,4.9610043,5.3610044,4.3610044,2.5610042,3.0610042,3.4610043,3.7610042,3.1610043,3.5610042,3.3610044,3.3610044,3.1610043,3.2610042,3.6610043,2.5610042,2.9610043,4.3610044,4.561004,4.2610044,3.5610042,1.1610043,4.4610043,5.161004,5.4610043,7.7610044,5.8610044,1.6610043,0.26100427,-1.9389957,-3.3389957,-4.838996,-1.0389957,-0.9389957,2.4610043,-2.5389957,0.86100423,-0.43899575
3.9610043,3.7610042,3.8610044,4.561004,4.561004,4.7610044,4.2610044,3.6610043,3.4610043,3.2610042,3.5610042,3.3610044,3.6610043,3.4610043,3.5610042,3.4610043,3.6610043,3.2610042,1.1610043,2.0610042,2.7610042,2.8610044,4.4610043,5.3610044,3.2610042,0.96100426,2.4610043,-0.038995743,3.7610042,1.4610043,1.3610042,2.4610043,-0.9389957,2.5610042,-2.5389957,-2.2389958,-1.6389958,-5.6389956,-5.338996,-4.5389957,-2.7389958
4.8610044,4.8610044,4.661004,5.3610044,4.561004,5.561004,4.161004,3.5610042,3.4610043,3.3610044,4.661004,3.8610044,5.061004,3.1610043,3.8610044,3.4610043,3.5610042,2.4610043,2.6610043,2.2610042,1.9610043,1.4610043,1.4610043,2.1610043,1.4610043,2.0610042,1.4610043,-0.43899575,0.36100426,0.36100426,1.6610043,1.9610043,2.3610044,-1.5389957,-4.6389956,-3.4389958,0.86100423,-1.6389958,-1.7389958,-0.43899575,-2.4389958
4.561004,5.9610043,6.2610044,5.7610044,4.9610043,5.4610043,5.2610044,3.3610044,3.9610043,3.1610043,4.7610044,4.561004,3.5610042,4.061004,2.9610043,3.2610042,3.1610043,2.4610043,2.4610043,2.1610043,2.4610043,3.3610044,2.0610042,-0.038995743,0.26100427,0.86100423,1.2610042,-1.2389958,-1.4389957,-0.63899577,-0.73899573,0.36100426,1.3610042,-1.9389957,-1.6389958,-2.8389957,-2.5389957,-0.63899577,-2.3389957,-0.63899577,-1.2389958
4.4610043,5.7610044,4.8610044,4.8610044,4.9610043,3.9610043,4.4610043,3.9610043,3.5610042,2.7610042,4.061004,4.661004,3.8610044,3.2610042,2.5610042,3.4610043,2.7610042,3.2610042,1.7610042,1.7610042,2.3610044,1.9610043,2.3610044,1.7610042,1.6610043,0.06100426,-1.2389958,-1.5389957,-0.83899575,-1.9389957,-2.8389957,-1.8389957,-3.1389956,-1.8389957,-2.6389956,-2.4389958,-1.7389958,-0.23899575,-1.2389958,0.5610043,-1.3389957
3.6610043,4.061004,5.161004,4.3610044,5.3610044,4.8610044,3.1610043,3.2610042,2.3610044,2.0610042,1.8610042,3.2610042,3.6610043,2.1610043,3.5610042,2.4610043,1.8610042,2.7610042,0.86100423,2.1610043,1.3610042,1.2610042,0.86100423,1.4610043,1.6610043,0.46100426,-1.8389957,-2.0389957,-2.8389957,-2.8389957,-2.2389958,-2.7389958,-2.4389958,-3.2389958,-2.2389958,-2.3389957,-1.7389958,-0.9389957,-0.33899575,-0.73899573,-0.83899575
2.6610043,3.3610044,3.5610042,4.061004,1.9610043,2.0610042,1.3610042,1.7610042,1.5610043,1.7610042,2.3610044,2.9610043,2.9610043,2.6610043,3.1610043,2.0610042,1.5610043,1.5610043,0.5610043,1.2610042,0.26100427,0.36100426,0.86100423,0.36100426,0.16100426,-1.3389957,-1.8389957,-3.1389956,-3.2389958,-2.9389958,-3.1389956,-3.3389957,-3.5389957,-3.5389957,-3.0389957,-3.3389957,-3.2389958,-2.0389957,-2.6389956,-1.4389957,-1.1389958
3.3610044,3.4610043,4.7610044,2.3610044,3.2610042,4.661004,3.2610042,3.0610042,1.5610043,2.8610044,1.3610042,3.2610042,2.8610044,2.2610042,3.7610042,1.6610043,1.6610043,0.5610043,-0.53899574,0.76100427,0.5610043,0.76100427,1.2610042,-0.63899577,-1.4389957,-2.3389957,-2.3389957,-1.9389957,-2.3389957,-2.8389957,-2.9389958,-2.9389958,-2.9389958,-3.0389957,-2.4389958,-2.8389957,-2.5389957,-2.2389958,-1.4389957,-1.2389958,-1.0389957
2.6610043,4.161004,5.2610044,3.1610043,3.0610042,3.1610043,3.9610043,2.6610043,3.4610043,2.9610043,0.5610043,2.7610042,2.2610042,1.5610043,2.9610043,1.7610042,0.96100426,0.66100425,0.76100427,0.16100426,0.16100426,0.06100426,-0.038995743,-0.63899577,-0.83899575,-0.9389957,-1.0389957,-1.4389957,-1.6389958,-1.9389957,-2.4389958,-2.7389958,-2.3389957,-2.1389956,-1.9389957,-1.8389957,-1.1389958,-1.7389958,-2.0389957,-1.5389957,-0.9389957
