wind_kz.json
{"header": {"discipline":0,"disciplineName":"Meteorological products","gribEdition":2,"gribLength":1025,"center":7,"centerName":"US National Weather Service - NCEP(WMC)","subcenter":0,"refTime":"2023-09-09T00:00:00.000Z","significanceOfRT":1,"significanceOfRTName":"Start of forecast","productStatus":0,"productStatusName":"Operational products","productType":1,"productTypeName":"Forecast products","productDefinitionTemplate":0,"productDefinitionTemplateName":"Analysis/forecast at horizontal level/layer at a point in time","parameterCategory":2,"parameterCategoryName":"UnknownDiscipline_0_Category_2","parameterNumber":3,"parameterNumberName":"UnknownParameter_D0_C2_3","parameterUnit":"Unknown","genProcessType":2,"genProcessTypeName":"Forecast","forecastTime":60,"surface1Type":103,"surface1TypeName":"Specified height level above ground","surface1Value":10.0,"surface2Type":255,"surface2TypeName":"Missing","surface2Value":0.0,"gridDefinitionTemplate":0,"gridDefinitionTemplateName":"Latitude_Longitude","numberPoints":615,"shape":6,"shapeName":"Earth spherical with radius of 6,371,229.0 m","gridUnits":"degrees","resolution":48,"winds":"true","scanMode":64,"nx":41,"ny":15,"basicAngle":0,"lo1":47.0,"la1":41.0,"lo2":87.0,"la2":55.0,"dx":1.0,"dy":1.0}, "data":
[rows 0 to 14 of 15, columns 0 to 40 of 41]
2.1603832,-0.2196167,0.9303833,-2.1996167,-4.2896166,-3.6796167,-1.7696167,-2.8096168,-1.9796166,-2.3296168,-2.8696167,-3.6396167,-3.8396168,-4.1596165,-4.4996166,-6.089617,-6.279617,-5.219617,-3.6496167,-2.0296166,-3.3796167,-5.4596167,-5.8996167,-2.5696168,-1.5296167,3.8303833,1.0203834,0.8103833,-3.2096167,-2.5696168,1.7203833,1.7203833,-0.4496167,0.3003833,-1.5596167,0.0603833,2.2603834,2.0003834,-0.1796167,0.6503833,0.3903833
0.8503833,0.8503833,-1.0196167,-4.299617,-3.1796167,-1.8096167,-1.2196167,-1.4496167,-1.2896167,-1.2296166,-2.2296166,-2.2096167,-2.7596166,-4.199617,-4.6696167,-6.279617,-7.1496167,-4.8296165,-3.5996168,-1.8296167,-2.2996168,-1.9296167,-0.8896167,1.3003833,4.070383,4.760383,2.1703832,2.2503834,2.7703834,2.0403833,-0.3996167,-2.5096166,-1.6796167,-1.3696167,1.5103832,4.2503834,0.4703833,2.3203833,0.7203833,1.0403833,1.9603833
-3.0496168,-3.4896166,-3.4696167,-4.2496166,-2.6596167,1.2703834,1.9603833,0.0903833,-2.5996168,-1.1796167,-2.1296167,-2.4496167,-1.8696167,-3.3196168,-5.469617,-5.8896165,-6.6296167,-6.589617,-4.2096167,-3.3396168,-1.1596167,-1.3396167,-0.7596167,3.3403833,0.0303833,0.2003833,-3.9896166,-3.6496167,-3.1896167,-0.6496167,0.100383304,2.6603832,-1.4196167,-3.2196167,1.2603832,3.1903832,0.9503833,1.5803833,0.2503833,1.7503833,-2.1196167
-2.6096168,-2.7096167,-3.4096167,-3.1796167,-1.2396168,-0.30961668,-4.8996167,-3.1696167,-2.7896166,-2.4296167,-2.8196168,-3.3496168,-2.6796167,-2.3596168,-4.3496165,-5.9596167,-7.4096165,-5.469617,-2.8296168,0.4803833,0.9303833,6.4403834,-1.4096167,6.0403833,1.4603833,0.0303833,-2.2496166,1.7603832,-3.5896168,3.0403833,3.5403833,1.8203833,1.4003834,1.5703833,-0.3596167,0.8203833,1.8903832,1.5903833,-1.9896168,-1.8196167,9.730383
-1.7796167,3.3603833,0.9403833,-1.5096167,-2.5396166,-3.2396166,-3.3196168,-2.3796167,-1.8096167,-2.2396166,-1.6996167,-2.2596166,-3.2696166,-2.7096167,-2.9396167,-4.8596168,-6.8996167,-6.3496165,-5.9596167,-2.6796167,2.4203832,5.5603833,4.4403834,2.5803833,0.8503833,-1.2496167,5.720383,1.8203833,-0.2996167,-0.5096167,1.7103833,-2.0796168,0.8803833,0.3403833,-0.3396167,-0.3796167,1.1803833,-2.1896167,-2.0396166,0.100383304,-2.1896167
-3.7496166,-1.0696167,0.0103833005,1.5603833,0.5003833,-2.3196168,-0.9496167,-1.8696167,-0.7196167,-0.7296167,0.3103833,-0.0496167,-2.0896168,-2.4096167,-3.6096168,-6.2496166,-6.4596167,-7.2696166,-5.8496165,-1.6896167,-0.3396167,7.6203833,6.970383,5.7503834,2.9303832,-0.4396167,4.160383,2.6003833,2.9703834,2.6103833,2.4903834,0.6903833,-0.9196167,-2.7696166,0.3003833,11.350384,1.4303833,6.430383,6.9203835,2.0903833,-2.0096166
-2.7996168,-1.5696167,-3.1496167,-3.3496168,-4.6096168,-6.1096168,-6.279617,-3.9096167,-3.4796166,-1.7396168,-0.079616696,-0.2096167,-2.1296167,-1.2696167,-1.8296167,-5.9596167,-5.6496167,-7.1596165,-5.6296167,0.100383304,-1.0396167,3.8803833,8.490383,7.6903834,8.250383,-1.7596167,-3.8796167,5.970383,4.800383,5.490383,4.8103833,3.7103834,2.9503832,3.0203834,2.3203833,0.6803833,1.0403833,2.5803833,0.4003833,2.1203833,6.1403832
-3.6696167,-0.2496167,-3.2296166,-4.9196167,-2.9996166,-4.5796165,-4.6596165,-3.9896166,-1.4896168,-2.6396167,-2.5196166,-1.2796167,-2.1396167,-3.7396166,-3.0796168,-7.259617,-5.2496166,-3.9996166,-2.1996167,-1.0996166,-1.8296167,8.110383,9.550384,8.010384,6.550383,2.1903832,-2.4396167,6.1003833,6.8503833,6.160383,4.800383,5.3603835,4.7303834,5.1103835,4.6103835,-0.4496167,-0.1696167,0.8103833,-1.2196167,0.3503833,0.1503833
-4.009617,-7.699617,-4.8996167,-6.7496166,-5.699617,-5.8996167,-3.6796167,-3.5096166,-3.9896166,-3.9496167,-1.6896167,-3.8796167,-2.5796168,-5.819617,-6.679617,-6.7496166,-6.1296167,-5.949617,-4.1596165,-7.779617,-2.5996168,8.660383,8.820383,4.990383,2.9603834,-1.2296166,-2.9296167,-2.7496166,6.9403834,5.3103833,4.6503835,4.5003834,3.0103834,3.6403832,3.5703833,5.160383,-1.1396167,-0.7596167,2.6603832,1.1403832,-1.3596168
-6.6196165,-5.7296166,-5.6296167,-3.0496168,-4.2496166,-4.7096167,-3.8396168,-3.3096168,-3.8396168,-3.8396168,-3.4796166,-1.6096168,-2.9696167,-5.2896166,-7.3896165,-4.1296167,-6.6196165,-9.039617,-9.009617,-5.1496167,-3.8996167,-1.9796166,3.4403832,5.0203834,5.5203834,4.7703834,6.6303835,2.9403832,-3.6396167,-3.7996168,1.9703833,-1.8896167,-3.3496168,-2.0296166,2.9503832,1.6003833,1.3303833,-1.0396167,0.6803833,3.1503832,2.1203833
-5.0996165,-5.8996167,-5.219617,-4.719617,-0.2096167,-4.3496165,-4.9796166,-5.699617,-5.5396166,-3.4796166,-3.0396166,-1.2996167,-1.6796167,-4.949617,-6.429617,-6.0196166,-5.8596168,-6.4796166,-5.429617,-4.589617,-3.5096166,-1.3996167,-2.1096168,-2.4496167,-1.9496167,-0.2696167,-0.2696167,-1.9296167,-2.4196167,-4.2096167,-4.509617,-2.9996166,-2.1896167,-0.7196167,0.1403833,2.5803833,1.1703833,1.4603833,2.7703834,1.2103833,0.2103833
-4.2896166,-4.699617,-0.9696167,-6.2496166,-2.2196167,-1.9296167,-2.3896167,1.1103833,-0.5896167,-0.9796167,0.3103833,0.9903833,0.3203833,-1.3496166,-1.6796167,-2.0596168,-3.2496166,-4.7896166,-2.4796166,-1.3696167,-1.9396167,-1.8596168,-2.9096167,-1.3596168,-1.7196167,-3.0196166,-1.9696167,-2.0396166,-1.0496167,-1.7796167,-0.3196167,0.8203833,-0.6096167,-0.4296167,0.2003833,2.7403834,-1.1596167,-2.0396166,-0.3696167,0.1603833,-0.4496167
-4.5796165,-5.6596165,-7.9396167,-5.989617,-4.1396165,-1.3096167,-1.2196167,2.0703833,1.3303833,1.5803833,-0.0496167,1.1703833,2.6203833,-0.4496167,-2.9496167,-4.5996165,-5.299617,-6.449617,-5.2296166,-4.3496165,-3.1796167,-1.5796167,0.0603833,-1.5996166,-0.9196167,-1.2396168,0.8903833,1.9003834,-0.2296167,3.833008E-4,0.4703833,1.4603833,0.9703833,0.4003833,0.2603833,-0.3396167,0.2803833,-0.8996167,-1.1096168,-0.4596167,-0.7096167
-3.8696167,-7.5596166,-5.949617,-5.4996166,-4.2096167,-1.7796167,-0.2496167,1.6403832,2.7903833,3.2703834,1.7403833,0.9703833,1.6803833,-0.3496167,-2.5696168,-3.2296166,-5.2296166,-4.9196167,-4.279617,-5.0596166,-4.2296166,-3.7796166,-4.1296167,-4.8696165,-4.8796167,-5.6496167,-5.8896165,-4.3496165,-5.2296166,-5.5596166,-4.179617,-4.4196167,-4.549617,-3.6796167,-3.1096168,-1.7796167,-1.8396167,-2.3696167,-1.7896167,-1.0896167,-2.4796166
-3.8096168,-5.8896165,-6.3796167,-4.7696166,-4.9996166,-2.5396166,-0.2796167,1.9503833,1.5403833,4.4803834,0.9103833,1.6903833,0.1403833,-0.6996167,-2.6196167,-2.8496168,-4.6296167,-4.2696166,-4.1296167,-4.029617,-3.3996167,-2.7196167,-2.2296166,-2.1696167,-2.9796166,-2.5296166,-3.0996168,-0.8096167,-1.8196167,-2.8496168,-2.8396168,-4.4196167,-4.4796166,-3.8396168,-4.2096167,-3.4896166,-1.7496167,-1.5196167,-1.4196167,-1.2996167,-1.1296167
