wind_kz.json
{"header": {"discipline":0,"disciplineName":"Meteorological products","gribEdition":2,"gribLength":871,"center":7,"centerName":"US National Weather Service - NCEP(WMC)","subcenter":0,"refTime":"2023-09-20T00:00:00.000Z","significanceOfRT":1,"significanceOfRTName":"Start of forecast","productStatus":0,"productStatusName":"Operational products","productType":1,"productTypeName":"Forecast products","productDefinitionTemplate":0,"productDefinitionTemplateName":"Analysis/forecast at horizontal level/layer at a point in time","parameterCategory":0,"parameterCategoryName":"UnknownDiscipline_0_Category_0","parameterNumber":0,"parameterNumberName":"UnknownParameter_D0_C0_0","parameterUnit":"Unknown","genProcessType":2,"genProcessTypeName":"Forecast","forecastTime":240,"surface1Type":1,"surface1TypeName":"Ground or water surface","surface1Value":0.0,"surface2Type":255,"surface2TypeName":"Missing","surface2Value":0.0,"gridDefinitionTemplate":0,"gridDefinitionTemplateName":"Latitude_Longitude","numberPoints":615,"shape":6,"shapeName":"Earth spherical with radius of 6,371,229.0 m","gridUnits":"degrees","resolution":48,"winds":"true","scanMode":64,"nx":41,"ny":15,"basicAngle":0,"lo1":47.0,"la1":41.0,"lo2":87.0,"la2":55.0,"dx":1.0,"dy":1.0}, "data":
[rows 0 to 14 of 15, columns 0 to 40 of 41]
286.9384,280.23837,285.9384,293.5384,293.73837,293.4384,292.13837,291.73837,288.9384,287.13837,286.4384,287.33838,286.5384,286.5384,286.63837,284.9384,285.5384,286.13837,285.0384,284.73837,286.33838,283.73837,281.9384,281.23837,284.33838,286.4384,284.33838,270.4384,269.0384,269.5384,271.9384,274.4384,282.33838,288.0384,288.9384,288.73837,288.4384,288.33838,287.63837,287.63837,287.63837
271.63837,285.4384,293.4384,293.5384,293.23837,291.73837,290.4384,289.73837,287.33838,286.73837,286.0384,284.9384,284.73837,284.33838,283.5384,283.63837,283.9384,284.83838,284.9384,283.63837,284.63837,285.33838,283.23837,278.33838,270.9384,270.73837,277.83838,268.5384,271.23837,267.9384,272.33838,259.5384,273.0384,251.33838,265.23837,284.5384,282.73837,285.23837,287.9384,280.4384,283.5384
287.23837,292.23837,293.63837,293.13837,291.0384,290.63837,289.4384,288.0384,286.4384,285.5384,283.73837,283.5384,282.73837,283.73837,285.4384,283.23837,282.83838,282.33838,283.4384,284.33838,287.33838,285.4384,288.13837,281.4384,283.0384,281.83838,283.33838,282.83838,282.9384,275.0384,265.5384,266.13837,274.83838,273.9384,276.13837,276.73837,266.83838,270.63837,271.4384,270.5384,265.33838
291.63837,292.13837,293.5384,292.13837,290.9384,289.13837,289.83838,288.73837,287.9384,286.4384,284.23837,283.13837,290.73837,290.23837,284.33838,284.23837,284.33838,282.83838,283.33838,283.73837,284.9384,280.83838,284.4384,285.83838,286.33838,286.9384,286.73837,285.23837,283.13837,283.4384,284.23837,281.9384,285.9384,284.13837,283.5384,280.5384,269.23837,267.63837,272.13837,281.9384,284.9384
290.23837,291.0384,292.0384,291.0384,290.4384,289.63837,290.4384,289.4384,288.73837,287.73837,286.5384,283.5384,289.63837,288.5384,287.13837,284.23837,284.0384,283.83838,282.4384,284.9384,284.83838,284.63837,284.0384,284.4384,284.9384,284.63837,284.0384,285.13837,283.13837,283.4384,286.13837,283.4384,273.33838,264.83838,275.5384,283.13837,287.23837,285.83838,286.4384,287.33838,286.73837
288.23837,287.0384,290.0384,289.83838,290.63837,289.83838,289.0384,290.33838,288.63837,288.0384,288.13837,287.23837,289.0384,289.4384,286.23837,283.33838,285.63837,284.0384,285.4384,284.73837,284.33838,283.5384,283.4384,283.33838,282.63837,281.9384,282.4384,286.9384,284.23837,284.63837,283.23837,285.4384,283.9384,283.0384,282.73837,284.23837,277.73837,278.63837,285.4384,286.0384,284.73837
286.83838,286.13837,288.73837,288.33838,288.33838,287.13837,288.5384,288.4384,288.83838,289.0384,287.13837,286.83838,286.63837,286.63837,285.9384,286.0384,285.23837,285.4384,284.83838,284.4384,283.33838,283.4384,283.83838,283.73837,282.23837,282.0384,280.83838,282.13837,281.83838,282.63837,282.23837,282.33838,282.63837,284.0384,283.23837,281.23837,276.9384,274.33838,276.83838,272.73837,284.0384
286.63837,285.83838,287.33838,288.63837,289.0384,288.63837,288.13837,285.83838,285.23837,286.5384,286.23837,286.33838,286.23837,286.33838,286.9384,286.9384,286.0384,285.9384,285.23837,283.0384,283.9384,282.83838,282.73837,282.5384,283.23837,282.13837,280.33838,280.73837,278.73837,280.4384,279.23837,279.5384,277.73837,275.73837,276.23837,278.23837,280.33838,286.5384,281.4384,282.13837,278.0384
286.23837,285.83838,286.33838,285.33838,286.5384,286.23837,284.4384,285.23837,284.4384,284.23837,284.73837,284.33838,284.63837,285.63837,285.4384,286.33838,285.83838,285.63837,284.83838,283.83838,282.33838,282.13837,284.9384,283.0384,283.83838,284.13837,282.0384,281.0384,280.63837,278.9384,277.23837,277.63837,278.23837,278.5384,278.83838,278.13837,278.0384,277.73837,266.4384,270.23837,269.73837
284.83838,285.13837,284.83838,285.23837,285.13837,284.9384,284.4384,284.23837,284.73837,283.83838,283.9384,283.0384,284.23837,284.4384,284.5384,284.9384,285.23837,285.23837,284.9384,284.83838,283.4384,283.5384,284.23837,285.13837,285.23837,283.83838,282.83838,282.33838,281.9384,281.5384,281.5384,282.13837,282.0384,281.0384,281.33838,280.33838,277.13837,271.9384,271.63837,268.33838,267.0384
284.63837,283.4384,285.13837,285.23837,285.73837,284.5384,284.73837,284.23837,283.4384,283.23837,283.33838,283.0384,283.83838,283.0384,283.4384,284.33838,284.4384,285.5384,285.23837,284.5384,284.5384,284.33838,283.83838,283.83838,283.9384,283.9384,281.13837,283.13837,283.0384,283.83838,283.73837,284.23837,283.23837,282.0384,282.0384,281.23837,275.4384,270.0384,269.5384,271.5384,269.4384
283.33838,284.9384,284.9384,284.23837,284.4384,284.0384,282.83838,282.63837,283.5384,283.0384,280.4384,282.73837,283.23837,282.23837,283.13837,283.73837,283.63837,284.0384,283.63837,283.73837,283.23837,283.63837,283.23837,283.4384,283.0384,283.4384,282.9384,284.4384,284.4384,284.4384,283.4384,283.4384,283.13837,281.23837,280.83838,280.13837,280.33838,280.33838,277.23837,277.33838,277.33838
283.13837,282.83838,284.0384,283.4384,284.13837,283.63837,282.23837,281.9384,280.9384,282.23837,280.5384,282.73837,283.33838,282.4384,283.33838,283.5384,283.9384,283.63837,284.83838,284.0384,283.9384,282.9384,282.73837,282.33838,283.63837,283.9384,284.4384,284.4384,284.4384,283.9384,283.0384,282.4384,281.9384,281.13837,279.83838,278.4384,278.23837,277.9384,276.13837,275.9384,277.83838
281.83838,283.23837,285.13837,284.23837,282.9384,282.13837,282.13837,283.13837,282.9384,282.0384,281.23837,279.0384,283.33838,282.83838,282.73837,283.0384,283.5384,283.23837,282.83838,282.83838,283.63837,282.83838,283.13837,282.9384,282.9384,283.13837,282.5384,282.83838,283.63837,283.13837,282.4384,281.5384,280.5384,279.0384,278.63837,276.33838,276.83838,275.83838,275.0384,274.4384,275.0384
282.63837,283.13837,286.0384,283.9384,283.63837,282.23837,283.9384,283.13837,283.63837,281.83838,281.63837,279.63837,280.0384,284.13837,282.23837,283.0384,282.9384,282.4384,282.23837,282.13837,282.0384,281.4384,281.33838,280.9384,280.73837,281.0384,281.63837,282.23837,283.4384,282.63837,281.73837,282.13837,277.73837,277.0384,276.83838,276.33838,276.9384,275.0384,275.13837,275.5384,276.4384
