wind_kz.json
{"header": {"discipline":0,"disciplineName":"Meteorological products","gribEdition":2,"gribLength":1025,"center":7,"centerName":"US National Weather Service - NCEP(WMC)","subcenter":0,"refTime":"2023-10-04T06:00:00.000Z","significanceOfRT":1,"significanceOfRTName":"Start of forecast","productStatus":0,"productStatusName":"Operational products","productType":1,"productTypeName":"Forecast products","productDefinitionTemplate":0,"productDefinitionTemplateName":"Analysis/forecast at horizontal level/layer at a point in time","parameterCategory":2,"parameterCategoryName":"UnknownDiscipline_0_Category_2","parameterNumber":2,"parameterNumberName":"UnknownParameter_D0_C2_2","parameterUnit":"Unknown","genProcessType":2,"genProcessTypeName":"Forecast","forecastTime":240,"surface1Type":103,"surface1TypeName":"Specified height level above ground","surface1Value":10.0,"surface2Type":255,"surface2TypeName":"Missing","surface2Value":0.0,"gridDefinitionTemplate":0,"gridDefinitionTemplateName":"Latitude_Longitude","numberPoints":615,"shape":6,"shapeName":"Earth spherical with radius of 6,371,229.0 m","gridUnits":"degrees","resolution":48,"winds":"true","scanMode":64,"nx":41,"ny":15,"basicAngle":0,"lo1":47.0,"la1":41.0,"lo2":87.0,"la2":55.0,"dx":1.0,"dy":1.0}, "data":
[rows 0 to 14 of 15, columns 0 to 40 of 41]
0.9380713,0.5680713,-0.95192873,5.9380713,-0.3319287,0.7880713,1.4380713,1.2980713,-0.9119287,-1.1219287,-0.6819287,0.06807129,-0.16192871,-0.9319287,-1.2019287,-0.82192874,-0.5019287,-0.3619287,-1.2819287,-2.4519286,-1.9919287,-1.2019287,1.0780712,1.1380713,-3.1019287,0.5380713,2.0980713,3.3880713,2.9680712,2.4780712,3.9380713,2.2480712,2.5480714,5.9380713,2.0980713,1.1780713,4.558071,5.9180713,3.6680713,4.1780715,3.9980712
-1.0219287,-0.89192873,-0.7119287,-2.0619287,-0.5619287,-0.14192872,-0.14192872,1.7580713,1.3280712,1.3380713,1.1480713,0.7680713,0.6980713,0.6880713,1.1880713,1.1580713,1.2880713,0.9680713,0.2580713,0.3580713,0.34807128,0.31807128,1.7580713,2.3980713,1.3280712,0.4780713,0.19807129,1.5280713,3.1180713,1.2780713,0.8380713,1.4980713,1.1980712,0.43807128,0.5280713,1.5480713,4.498071,1.2680713,0.9080713,1.0980713,0.08807129
-0.3619287,2.8880713,0.8280713,1.1280713,1.7780713,1.8780713,1.8980713,1.7480713,2.7180712,2.3980713,2.9180713,2.8280714,2.7880714,2.5280714,1.9480712,1.7580713,1.7080712,1.4380713,1.5480713,1.7380713,1.5880713,1.6880713,2.2680712,5.3180714,0.3380713,-0.2619287,-2.3119287,-1.7519287,2.3980713,-0.11192871,0.8880713,-0.7219287,-0.5019287,0.37807128,-3.4719286,-0.7119287,0.11807129,0.05807129,8.808071,7.5080714,-1.9319288
2.1980712,3.3480713,4.1680713,4.2980714,4.078071,4.1980715,3.8780713,4.8180714,4.4880714,4.4080715,4.248071,4.8180714,4.828071,4.8780713,3.9380713,3.3580713,3.2080712,3.1780713,3.3180714,2.6880713,1.5180713,1.4680713,-1.1519287,0.3380713,3.9780712,4.2180715,4.9280715,5.5880713,9.388071,9.468071,7.7180715,6.5080714,7.3780713,9.088071,8.878071,2.3280714,-0.43192872,2.6080713,1.3480713,5.3180714,5.788071
4.368071,5.7580714,6.3780713,6.7980714,6.6480713,5.868071,5.2780714,5.958071,5.2580714,5.6080713,6.1580715,6.958071,6.1480713,5.8380713,4.9880714,6.4280715,5.6980715,5.138071,4.7980714,5.1080713,6.0880713,7.578071,7.6480713,7.3980713,7.3380713,7.3180714,8.168072,8.6580715,8.398071,8.008071,7.6780715,6.2980714,-0.09192871,4.1780715,-3.1219287,-1.5919287,6.5080714,5.4180713,4.038071,5.8380713,8.308071
5.708071,5.9480715,7.1780715,8.188071,8.778071,8.748072,7.958071,7.078071,6.1480713,6.6780715,7.4380713,7.3180714,7.388071,8.378071,8.528071,7.308071,7.3180714,7.458071,7.538071,6.998071,7.4480715,7.888071,7.708071,8.318071,8.868072,9.318071,9.868072,9.688071,10.068071,9.6980715,8.678071,9.048071,9.978071,11.568071,8.288072,8.148071,6.1580715,9.548071,12.188071,10.718071,5.518071
7.1080713,7.1680713,7.6980715,8.038072,8.398071,8.718071,8.9480715,8.228071,7.558071,8.068071,8.108071,8.868072,8.548071,9.398071,8.638071,8.888071,8.848071,9.238071,8.188071,7.4480715,7.458071,7.1780715,8.488071,6.5280714,8.608071,9.138071,9.338071,9.438071,8.798071,8.358071,9.058071,10.188071,9.598071,10.798071,9.798071,7.4880714,6.1080713,3.0680714,7.348071,0.6280713,4.5480714
7.458071,8.4080715,8.508071,8.878071,8.768071,8.1980715,8.718071,7.7780714,8.168072,7.3180714,7.8780713,8.618072,9.028071,8.088071,7.7980714,7.868071,8.048071,8.298071,7.1680713,8.398071,10.328072,7.2380714,7.5080714,5.958071,7.1780715,7.7780714,9.358071,8.458072,9.118072,8.298071,8.238071,8.768071,8.598071,7.8180714,8.508071,10.508071,10.238071,11.6580715,5.9880714,7.388071,5.7180715
6.978071,8.368072,7.478071,7.8380713,7.848071,7.6780715,7.4880714,7.2780714,7.6580715,8.368072,8.118072,8.568071,10.888071,9.118072,9.238071,9.138071,9.428071,8.358071,8.168072,8.588071,9.808071,11.088071,7.598071,6.4380713,7.6280713,6.9380713,8.788072,8.588071,9.358071,9.098071,8.798071,7.3980713,7.3580713,4.0480714,6.9680715,6.9880714,4.4180713,4.3580713,2.2880714,1.3180712,1.2480713
7.1480713,7.3380713,7.328071,6.4380713,6.4680715,6.1680713,6.2580714,7.5880713,8.418072,8.218071,9.818071,9.828072,11.098071,10.968071,11.1980715,10.848071,10.648071,9.048071,8.998072,8.868072,9.998072,10.688071,9.9080715,7.4680715,7.578071,6.538071,7.118071,10.4080715,9.938071,9.148071,7.828071,6.308071,4.848071,3.8380713,2.6780713,4.2180715,2.2880714,-1.5519288,1.8480713,0.9580713,0.34807128
6.1980715,6.5880713,7.248071,6.9080715,5.8380713,7.018071,7.6980715,8.268071,8.518071,9.218071,9.388071,9.728071,10.518071,11.578072,12.168072,11.6980715,11.388071,11.228071,9.728071,9.668072,10.538072,10.768071,9.998072,8.168072,6.8580713,6.1580715,6.868071,9.1980715,9.088071,7.9380713,7.208071,6.118071,3.8280714,3.2680712,2.1080713,1.9880713,0.8380713,0.60807127,0.5880713,-0.2619287,0.31807128
5.958071,6.098071,6.1280713,6.368071,6.6780715,6.848071,6.7780714,7.728071,7.998071,7.8380713,8.598071,9.128071,10.248072,9.998072,11.178071,10.928071,10.548071,10.348071,9.098071,9.828072,9.888071,9.688071,8.798071,7.388071,6.6080713,6.8180714,7.0680714,7.6880713,8.238071,6.1780715,4.7180715,3.1680713,1.2280713,0.79807127,0.60807127,0.7280713,-0.5219287,-0.8619287,-1.3819287,-0.9019287,-0.7919287
4.768071,6.5480714,6.4080715,6.4080715,6.9380713,5.728071,7.368071,8.1580715,10.238071,8.688071,6.1480713,8.928071,8.298071,9.418072,10.1580715,9.268071,8.868072,8.4080715,7.958071,8.028071,8.918072,8.318071,7.4680715,6.6980715,6.9280715,6.078071,5.6280713,5.0080714,7.2980714,3.8780713,2.7880714,2.1280713,1.2280713,0.7480713,0.08807129,-0.7219287,-1.3719287,-1.5119287,-2.2119286,-2.2119286,-1.3019288
6.0480714,6.0880713,6.9280715,7.7180715,7.9080715,9.168072,8.708072,9.728071,8.238071,8.808071,6.1480713,7.208071,8.338071,7.998071,9.178071,8.678071,7.7980714,7.038071,6.388071,7.0280714,7.1080713,7.058071,7.1680713,5.828071,4.6480713,3.1280713,3.0580714,4.2380714,4.6080713,2.4680712,1.8180712,1.4380713,1.5480713,1.3180712,0.66807127,0.8480713,0.05807129,-0.11192871,-0.76192874,0.09807129,-1.0619287
4.1080713,6.388071,7.1480713,6.328071,5.8380713,6.4280715,7.038071,6.5480714,7.228071,8.138071,5.0680714,9.848071,6.1980715,5.998071,7.9180713,8.318071,6.9080715,6.888071,5.728071,5.868071,6.0480714,5.5480714,4.4080715,3.8280714,2.9080713,2.2680712,1.8780713,2.8980713,2.8280714,1.2980713,1.2080712,0.6280713,0.5980713,0.5180713,0.4780713,0.60807127,0.8680713,1.3680713,0.7680713,0.08807129,-1.0919287
