wind_kz.json
{"header": {"discipline":0,"disciplineName":"Meteorological products","gribEdition":2,"gribLength":1025,"center":7,"centerName":"US National Weather Service - NCEP(WMC)","subcenter":0,"refTime":"2023-08-21T18:00:00.000Z","significanceOfRT":1,"significanceOfRTName":"Start of forecast","productStatus":0,"productStatusName":"Operational products","productType":1,"productTypeName":"Forecast products","productDefinitionTemplate":0,"productDefinitionTemplateName":"Analysis/forecast at horizontal level/layer at a point in time","parameterCategory":2,"parameterCategoryName":"UnknownDiscipline_0_Category_2","parameterNumber":2,"parameterNumberName":"UnknownParameter_D0_C2_2","parameterUnit":"Unknown","genProcessType":2,"genProcessTypeName":"Forecast","forecastTime":300,"surface1Type":103,"surface1TypeName":"Specified height level above ground","surface1Value":10.0,"surface2Type":255,"surface2TypeName":"Missing","surface2Value":0.0,"gridDefinitionTemplate":0,"gridDefinitionTemplateName":"Latitude_Longitude","numberPoints":615,"shape":6,"shapeName":"Earth spherical with radius of 6,371,229.0 m","gridUnits":"degrees","resolution":48,"winds":"true","scanMode":64,"nx":41,"ny":15,"basicAngle":0,"lo1":47.0,"la1":41.0,"lo2":87.0,"la2":55.0,"dx":1.0,"dy":1.0}, "data":
[rows 0 to 14 of 15, columns 0 to 40 of 41]
-0.35102296,1.408977,-2.541023,-1.951023,-5.221023,-6.151023,-6.261023,-6.161023,-7.291023,-3.7310228,-4.361023,-3.101023,-2.611023,-1.811023,-1.5210229,-1.831023,-2.871023,-0.831023,-0.84102297,0.09897705,1.778977,1.3489771,1.8389771,3.708977,1.278977,-3.141023,4.448977,3.718977,0.46897706,0.80897707,-0.711023,-0.68102294,-1.1510229,8.848977,-0.02102295,0.81897706,-0.86102295,-1.5310229,-1.2510229,-3.411023,-4.181023
0.15897705,-2.841023,-3.2110229,-3.411023,-4.671023,-5.011023,-4.451023,-3.251023,-6.151023,-5.041023,-3.801023,-3.301023,-1.451023,-0.5710229,-0.02102295,0.9889771,2.008977,1.6189771,2.688977,3.5589771,4.128977,3.978977,3.7889771,4.088977,1.518977,-1.061023,1.538977,1.5889771,3.728977,2.138977,0.64897704,1.058977,-2.4410229,-0.79102296,0.03897705,0.44897705,-0.69102293,-1.1410229,-1.601023,-2.7110229,0.30897704
-4.961023,-5.031023,-3.531023,-3.891023,-5.141023,-4.481023,-5.041023,-5.711023,-6.591023,-5.721023,-5.011023,-3.271023,-1.9210229,-0.61102295,0.68897706,1.318977,1.7489771,2.098977,3.2789772,4.868977,5.518977,4.258977,2.118977,5.748977,2.008977,0.848977,0.018977052,-1.6210229,3.448977,-0.97102296,2.068977,-1.8710229,-0.63102293,-1.2710229,-2.4610229,0.50897706,1.148977,0.16897705,-0.25102293,0.83897704,0.99897707
-8.411023,-7.541023,-6.671023,-6.461023,-4.171023,-3.551023,-5.771023,-7.181023,-6.151023,-5.911023,-4.261023,-4.781023,-2.991023,-2.1910229,-0.49102294,-1.5310229,-1.931023,-0.94102293,-1.561023,0.18897705,-2.121023,-2.561023,-5.121023,-6.641023,-7.3510227,-7.181023,-8.011023,-10.351023,-5.8310227,-2.6910229,2.7789772,2.248977,1.6189771,0.598977,2.2989771,1.8389771,1.0789771,1.008977,-2.2310228,-0.33102295,-0.07102295
-9.501023,-8.651023,-7.6010227,-5.891023,-5.511023,-7.761023,-7.701023,-7.731023,-6.821023,-5.891023,-5.271023,-5.121023,-4.531023,-4.881023,-3.051023,-4.761023,-4.671023,-4.361023,-5.881023,-8.691023,-10.721023,-10.361023,-10.431023,-10.041023,-10.121023,-9.901023,-11.231023,-7.451023,-6.661023,-6.051023,-4.861023,-1.9210229,2.618977,4.058977,-2.7110229,-2.101023,-4.341023,-4.491023,-4.671023,-4.631023,-4.091023
-7.651023,-5.8510227,-6.281023,-7.521023,-11.011023,-10.871023,-9.251023,-7.701023,-7.261023,-6.041023,-5.711023,-5.661023,-6.141023,-6.461023,-5.461023,-5.971023,-5.991023,-6.291023,-8.0910225,-8.051023,-9.701023,-9.551023,-9.301023,-9.411023,-9.951023,-10.281023,-9.671023,-9.371023,-7.321023,-6.661023,-6.141023,-5.221023,-1.6710229,0.81897706,-1.3910229,3.128977,-0.39102295,-0.73102295,-0.13102295,-0.21102294,-4.141023
-6.371023,-5.961023,-6.981023,-9.741023,-10.571023,-8.741023,-8.641023,-8.121023,-7.501023,-6.801023,-5.951023,-6.151023,-6.391023,-6.931023,-6.741023,-6.1010227,-6.371023,-6.361023,-7.651023,-8.981023,-8.511023,-8.291023,-7.741023,-7.841023,-8.521023,-8.171023,-7.951023,-7.541023,-7.631023,-6.681023,-6.371023,-5.881023,-5.091023,-2.081023,-0.63102293,0.9289771,0.04897705,-1.0010229,3.698977,0.6089771,-0.17102295
-6.421023,-7.251023,-8.181023,-8.401023,-7.771023,-7.551023,-7.411023,-6.8110228,-6.291023,-6.321023,-6.121023,-6.691023,-6.471023,-6.721023,-6.751023,-7.1010227,-6.751023,-6.621023,-6.551023,-8.471023,-8.231023,-7.381023,-6.501023,-6.271023,-5.571023,-5.361023,-5.301023,-5.501023,-7.621023,-6.981023,-7.5610228,-5.771023,-5.551023,-4.871023,-2.641023,-0.8210229,0.27897704,2.758977,3.968977,3.698977,3.498977
-7.191023,-7.241023,-7.491023,-6.551023,-6.441023,-6.291023,-6.231023,-6.021023,-5.121023,-5.391023,-5.721023,-6.211023,-6.691023,-6.421023,-6.571023,-6.551023,-6.591023,-6.691023,-6.651023,-6.691023,-7.921023,-7.491023,-6.371023,-5.941023,-6.181023,-5.641023,-6.281023,-6.321023,-6.1010227,-6.301023,-6.361023,-5.411023,-3.181023,-1.6310229,0.22897705,1.4989771,-1.311023,0.6789771,1.5889771,-0.86102295,1.5989771
-6.521023,-6.221023,-6.3110228,-6.3110228,-6.021023,-5.8110228,-5.321023,-5.1010227,-4.671023,-4.551023,-4.771023,-5.261023,-5.111023,-5.241023,-5.661023,-5.621023,-6.151023,-6.631023,-6.691023,-6.431023,-6.711023,-6.421023,-6.221023,-6.461023,-6.291023,-6.291023,-5.8310227,-5.3110228,-4.821023,-5.341023,-4.451023,-2.821023,-1.6610229,-1.2910229,-0.84102297,0.99897707,2.008977,0.12897705,0.81897706,-0.5710229,-0.14102295
-4.781023,-5.021023,-4.431023,-4.481023,-4.231023,-4.701023,-4.861023,-4.511023,-4.281023,-3.761023,-4.111023,-3.9510229,-3.4410229,-4.161023,-4.361023,-4.221023,-4.091023,-3.551023,-4.8510227,-5.671023,-5.881023,-6.091023,-6.0810227,-5.381023,-4.8110228,-3.871023,-4.291023,-3.581023,-3.9510229,-3.321023,-2.041023,-1.361023,-1.581023,-2.021023,-3.071023,-2.811023,0.40897706,-0.73102295,-0.37102294,-1.4010229,-0.21102294
-3.391023,-2.9610229,-3.4610229,-2.9410229,-2.241023,-1.9110229,-1.991023,-2.151023,-2.181023,-2.061023,-2.111023,-2.4410229,-1.7510229,-2.621023,-2.081023,-2.261023,-2.361023,-3.281023,-3.521023,-3.361023,-3.551023,-3.661023,-4.1010227,-4.071023,-4.241023,-4.901023,-4.041023,-2.4510229,-1.7910229,-1.561023,-2.051023,-2.381023,-1.711023,-2.071023,-2.651023,-4.031023,-4.521023,-5.0810227,-3.2210228,-1.741023,-1.321023
-0.56102294,-1.6410229,-1.7610229,-2.131023,-2.2010229,-1.5310229,-0.13102295,0.96897703,1.4989771,1.2389771,1.018977,1.4589771,0.88897705,0.65897703,0.018977052,-0.55102295,-1.5010229,-2.2010229,-2.341023,-2.911023,-2.4810228,-2.491023,-2.931023,-2.081023,-1.731023,-0.8910229,-1.321023,-1.231023,-0.48102295,-0.67102295,-2.601023,-1.7510229,-2.6910229,-1.731023,-1.981023,-2.161023,-2.311023,-1.8810229,-3.031023,-2.381023,-1.441023
0.19897705,-0.15102296,-0.60102296,-1.0110229,-0.6410229,-0.27102295,0.47897705,0.88897705,-0.04102295,0.9289771,1.9889771,2.138977,2.128977,2.138977,1.318977,1.298977,1.138977,0.848977,0.5489771,-0.12102295,-0.24102294,0.32897705,1.178977,1.438977,0.848977,0.09897705,0.64897704,-0.75102293,-1.2610229,-1.1710229,-2.311023,-0.48102295,-0.48102295,-0.78102297,-1.081023,-1.5310229,-0.9510229,-0.6410229,-1.1710229,-1.741023,-1.321023
-0.12102295,-0.26102296,0.09897705,0.47897705,1.3589771,1.538977,1.4889771,1.2089771,0.32897705,-0.78102297,0.37897706,1.788977,1.558977,1.278977,2.2789772,1.798977,2.008977,1.918977,1.8789771,1.888977,2.158977,2.628977,2.608977,2.3089771,1.948977,0.538977,0.13897705,0.42897704,0.49897707,0.9889771,0.89897704,2.888977,1.888977,0.76897705,0.668977,0.39897704,0.89897704,0.5489771,0.45897704,0.41897705,0.99897707
