wind.json
{"header": {"discipline":0,"disciplineName":"Meteorological products","gribEdition":2,"gribLength":1039,"center":7,"centerName":"US National Weather Service - NCEP(WMC)","subcenter":0,"refTime":"2023-05-29T18:00:00.000Z","significanceOfRT":1,"significanceOfRTName":"Start of forecast","productStatus":0,"productStatusName":"Operational products","productType":1,"productTypeName":"Forecast products","productDefinitionTemplate":0,"productDefinitionTemplateName":"Analysis/forecast at horizontal level/layer at a point in time","parameterCategory":0,"parameterCategoryName":"UnknownDiscipline_0_Category_0","parameterNumber":0,"parameterNumberName":"UnknownParameter_D0_C0_0","parameterUnit":"Unknown","genProcessType":2,"genProcessTypeName":"Forecast","forecastTime":180,"surface1Type":1,"surface1TypeName":"Ground or water surface","surface1Value":0.0,"surface2Type":255,"surface2TypeName":"Missing","surface2Value":0.0,"gridDefinitionTemplate":0,"gridDefinitionTemplateName":"Latitude_Longitude","numberPoints":688,"shape":6,"shapeName":"Earth spherical with radius of 6,371,229.0 m","gridUnits":"degrees","resolution":48,"winds":"true","scanMode":64,"nx":43,"ny":16,"basicAngle":0,"lo1":45.0,"la1":40.0,"lo2":87.0,"la2":55.0,"dx":1.0,"dy":1.0}, "data":
[rows 0 to 15 of 16, columns 0 to 42 of 43]
291.40094,290.70093,304.30093,310.00092,316.10092,293.90094,292.70093,292.40094,307.80093,321.70093,324.00092,324.10092,326.80093,325.50092,325.20093,325.60092,325.80093,325.80093,330.00092,331.50092,332.50092,324.10092,320.60092,321.00092,318.50092,317.20093,315.50092,303.10092,292.50092,293.70093,297.30093,315.70093,319.40094,316.50092,324.40094,328.70093,326.10092,322.80093,319.60092,322.80093,324.60092,324.80093,327.40094
293.70093,302.90094,310.50092,294.10092,297.50092,291.30093,291.60092,291.40094,307.10092,322.40094,321.70093,323.80093,326.80093,326.50092,326.50092,326.70093,326.40094,329.20093,327.80093,326.50092,330.60092,327.10092,328.80093,324.50092,319.00092,314.70093,322.90094,322.30093,313.90094,293.20093,296.90094,292.90094,292.40094,286.70093,310.90094,325.50092,328.10092,328.80093,331.40094,328.30093,326.90094,328.10092,330.70093
292.20093,288.90094,285.70093,294.00092,291.00092,291.30093,290.90094,290.70093,316.70093,323.50092,322.50092,314.50092,327.40094,326.50092,327.00092,327.00092,328.00092,327.90094,331.00092,331.30093,329.60092,329.30093,325.30093,323.80093,320.40094,304.10092,297.00092,295.60092,299.50092,303.30093,302.50092,288.00092,290.20093,288.30093,305.60092,273.20093,273.20093,317.60092,322.10092,323.80093,329.50092,314.90094,286.10092
286.60092,288.20093,298.70093,292.00092,290.90094,290.70093,290.50092,312.60092,318.30093,322.10092,319.20093,316.10092,322.50092,324.70093,325.10092,328.80093,325.10092,324.80093,329.20093,328.90094,331.20093,330.20093,326.20093,323.30093,319.70093,311.60092,319.00092,317.00092,314.30093,316.70093,315.50092,298.80093,297.80093,293.80093,297.00092,302.50092,304.20093,303.30093,301.80093,303.90094,306.60092,297.20093,298.90094
295.80093,299.90094,296.10092,293.60092,292.00092,291.60092,296.70093,315.40094,317.40094,319.60092,321.10092,321.40094,321.90094,320.80093,292.60092,292.80093,324.90094,326.10092,327.60092,335.10092,333.20093,331.90094,323.60092,319.40094,326.00092,324.30093,321.50092,322.10092,326.20093,324.40094,322.90094,320.10092,318.70093,314.70093,319.90094,322.60092,322.40094,309.40094,297.30093,296.70093,303.00092,314.90094,321.30093
300.10092,300.60092,297.80093,295.30093,294.70093,295.20093,301.50092,313.00092,315.00092,317.50092,322.00092,319.50092,322.40094,324.20093,293.50092,293.70093,291.00092,329.10092,333.20093,330.90094,325.60092,326.80093,327.90094,329.20093,328.60092,328.50092,328.70093,330.10092,324.40094,316.10092,325.80093,327.60092,327.30093,321.00092,300.20093,298.70093,303.20093,314.60092,313.30093,326.20093,329.80093,326.30093,322.00092
299.50092,302.80093,305.10092,302.30093,295.80093,295.20093,295.60092,295.40094,325.40094,318.10092,313.40094,321.00092,323.80093,325.20093,296.70093,292.50092,310.40094,324.30093,324.20093,329.00092,324.90094,326.90094,324.20093,322.90094,326.80093,326.60092,327.00092,323.90094,324.60092,291.90094,324.90094,324.20093,328.70093,323.30093,327.40094,319.00092,309.20093,313.10092,306.90094,309.10092,327.70093,330.30093,324.50092
300.00092,301.50092,305.10092,306.80093,300.40094,309.00092,311.70093,316.90094,324.30093,319.90094,313.40094,320.50092,322.80093,319.50092,320.30093,321.40094,322.80093,322.00092,324.60092,324.00092,325.80093,322.70093,321.30093,320.40094,320.90094,321.50092,319.50092,320.00092,323.50092,325.90094,327.40094,323.00092,325.70093,324.40094,322.60092,319.80093,314.70093,309.50092,305.30093,303.00092,301.90094,304.10092,323.50092
300.00092,296.60092,301.30093,307.30093,307.50092,303.40094,314.10092,312.10092,317.00092,309.10092,306.20093,316.50092,316.00092,313.90094,316.70093,319.40094,322.10092,324.20093,328.10092,322.50092,322.00092,319.50092,318.50092,318.10092,316.60092,317.20093,317.20093,315.50092,316.70093,321.00092,318.10092,320.30093,317.30093,318.00092,314.30093,312.20093,311.90094,320.90094,317.70093,288.10092,323.40094,323.90094,315.20093
289.40094,298.30093,300.70093,304.60092,309.20093,299.90094,303.80093,312.30093,307.50092,306.50092,310.70093,306.90094,311.20093,312.30093,313.10092,318.20093,317.00092,319.80093,320.80093,322.60092,319.00092,318.00092,314.20093,315.20093,316.20093,313.50092,311.60092,312.70093,308.90094,309.10092,310.00092,310.30093,312.30093,312.50092,315.80093,316.80093,314.30093,307.80093,310.60092,307.50092,302.70093,297.60092,302.90094
287.80093,295.50092,298.60092,301.40094,303.90094,304.80093,298.80093,301.60092,306.60092,305.60092,307.10092,308.50092,309.10092,309.10092,311.50092,310.60092,313.50092,314.70093,317.40094,316.80093,315.80093,315.90094,314.40094,315.20093,316.90094,315.40094,313.80093,311.80093,311.70093,309.60092,304.20093,309.90094,311.80093,315.20093,314.50092,316.20093,314.10092,310.20093,306.00092,300.80093,304.20093,302.90094,306.20093
287.30093,288.70093,295.90094,299.40094,301.90094,301.50092,303.40094,297.00092,303.30093,303.80093,305.60092,301.80093,305.80093,304.80093,309.20093,308.10092,308.30093,310.30093,312.80093,313.50092,314.30093,314.20093,313.40094,312.70093,314.20093,313.30093,309.50092,310.60092,306.90094,312.70093,313.60092,317.40094,317.30093,316.70093,315.00092,311.60092,307.90094,305.00092,303.50092,303.70093,304.70093,302.00092,302.20093
287.90094,286.90094,294.10092,295.50092,298.50092,299.20093,300.80093,300.30093,296.60092,302.10092,302.50092,299.30093,296.40094,301.60092,306.20093,306.00092,307.70093,306.00092,309.60092,310.10092,312.30093,311.70093,311.90094,312.30093,310.60092,309.30093,307.60092,310.60092,308.90094,312.00092,316.40094,316.20093,313.10092,315.10092,312.70093,310.50092,309.00092,307.80093,305.20093,301.90094,301.40094,302.10092,302.40094
292.60092,291.80093,287.10092,291.60092,294.10092,296.70093,294.50092,297.50092,299.00092,302.20093,301.60092,295.00092,296.30093,293.90094,302.60092,302.20093,305.90094,307.20093,308.00092,306.90094,308.00092,302.70093,304.40094,304.30093,304.40094,305.90094,309.70093,308.60092,311.70093,309.90094,308.70093,308.20093,310.60092,311.70093,312.90094,308.90094,307.30093,305.60092,305.10092,305.20093,303.40094,304.20093,304.20093
291.60092,291.60092,285.80093,287.00092,286.20093,285.70093,291.10092,292.60092,296.00092,295.50092,297.40094,292.30093,296.70093,292.10092,294.70093,301.40094,302.60092,304.40094,304.90094,302.90094,304.70093,305.60092,304.50092,303.60092,306.90094,306.60092,308.70093,309.00092,308.40094,307.20093,302.90094,304.10092,305.70093,305.30093,305.10092,303.90094,303.70093,300.60092,302.40094,302.90094,301.90094,301.40094,302.70093
292.40094,290.50092,290.20093,292.50092,285.20093,285.00092,287.80093,286.40094,289.00092,290.30093,295.20093,290.90094,289.20093,288.30093,292.50092,294.60092,298.30093,300.30093,300.60092,300.70093,300.80093,301.40094,299.70093,301.40094,300.40094,299.70093,301.00092,300.70093,301.00092,301.30093,301.10092,300.30093,302.80093,293.30093,300.60092,299.70093,297.90094,296.60092,293.40094,293.10092,299.60092,299.90094,300.10092
