wind_kz.json
{"header": {"discipline":0,"disciplineName":"Meteorological products","gribEdition":2,"gribLength":1025,"center":7,"centerName":"US National Weather Service - NCEP(WMC)","subcenter":0,"refTime":"2023-09-27T06:00:00.000Z","significanceOfRT":1,"significanceOfRTName":"Start of forecast","productStatus":0,"productStatusName":"Operational products","productType":1,"productTypeName":"Forecast products","productDefinitionTemplate":0,"productDefinitionTemplateName":"Analysis/forecast at horizontal level/layer at a point in time","parameterCategory":2,"parameterCategoryName":"UnknownDiscipline_0_Category_2","parameterNumber":2,"parameterNumberName":"UnknownParameter_D0_C2_2","parameterUnit":"Unknown","genProcessType":2,"genProcessTypeName":"Forecast","forecastTime":0,"surface1Type":103,"surface1TypeName":"Specified height level above ground","surface1Value":10.0,"surface2Type":255,"surface2TypeName":"Missing","surface2Value":0.0,"gridDefinitionTemplate":0,"gridDefinitionTemplateName":"Latitude_Longitude","numberPoints":615,"shape":6,"shapeName":"Earth spherical with radius of 6,371,229.0 m","gridUnits":"degrees","resolution":48,"winds":"true","scanMode":64,"nx":41,"ny":15,"basicAngle":0,"lo1":47.0,"la1":41.0,"lo2":87.0,"la2":55.0,"dx":1.0,"dy":1.0}, "data":
[rows 0 to 14 of 15, columns 0 to 40 of 41]
-0.117369995,1.4326301,-1.47737,2.09263,-4.58737,-5.44737,-3.6273699,-3.75737,-4.50737,-1.36737,-2.1273699,-2.84737,-2.75737,-2.30737,-1.28737,0.40263,1.9326301,1.51263,0.36263,0.85263,-0.77737,-0.21736999,1.51263,1.78263,-1.95737,1.24263,1.97263,2.99263,0.53263,1.42263,2.26263,0.31263,-0.55737,-0.027369995,1.34263,1.90263,3.3726301,3.68263,4.04263,3.30263,1.21263
-0.87737,-2.93737,1.52263,-2.31737,-4.66737,-3.76737,-5.35737,-5.05737,-3.63737,-2.45737,-2.32737,-3.39737,-2.65737,-2.74737,-3.47737,-3.15737,-0.65737,-2.99737,-1.87737,0.52263,1.72263,2.47263,3.39263,3.14263,0.72263,0.002630005,0.99263,1.90263,3.27263,2.32263,0.84263,1.24263,-0.22737,0.72263,0.56263,1.76263,1.28263,-0.82737,-2.33737,-1.57737,0.13263
-4.43737,-2.89737,-4.12737,-5.62737,-4.90737,-4.24737,-3.82737,-3.11737,-4.22737,-3.06737,-2.91737,-2.98737,-3.11737,-2.69737,-3.01737,-4.01737,-4.76737,-3.38737,-1.79737,-1.73737,-2.53737,-3.3773699,-0.31737,0.63263,0.24263,0.19263001,-0.21736999,-0.87737,2.85263,0.54263,2.09263,-1.66737,-0.91737,1.1826301,-0.16736999,1.17263,1.62263,-0.25737,5.15263,5.25263,2.14263
-6.17737,-6.84737,-6.65737,-5.48737,-5.27737,-4.06737,-1.65737,-3.18737,-2.57737,-1.70737,-1.83737,-2.96737,-1.70737,-2.13737,-1.97737,-2.60737,-3.3773699,-3.16737,-4.24737,-4.78737,-2.52737,-1.64737,-3.28737,-3.39737,-3.51737,-3.24737,-1.58737,-2.80737,-5.30737,-3.82737,-1.85737,-1.86737,-3.74737,-1.63737,-1.85737,0.68263,0.77263,1.74263,-1.05737,0.54263,-0.95737
-8.22737,-7.26737,-6.07737,-4.87737,-3.11737,-2.05737,-1.45737,-0.53736997,0.002630005,-0.95737,-1.11737,-1.26737,-1.28737,-1.82737,-0.95737,-2.34737,-2.03737,-2.64737,-3.45737,-3.96737,-5.05737,-4.52737,-3.94737,-3.79737,-3.79737,-4.90737,-6.43737,-4.29737,-3.55737,-3.97737,-3.98737,-3.30737,2.68263,1.82263,-2.95737,-2.04737,-5.09737,-6.15737,-2.48737,-2.46737,-3.92737
-6.04737,-4.59737,-3.38737,-2.82737,-2.57737,-0.26737,-0.33737,-0.31737,0.60263,1.14263,0.86263,0.022630004,-1.20737,-0.65737,-1.61737,-2.11737,-1.3173699,-1.11737,-2.23737,-1.21737,-2.86737,-2.46737,-1.76737,-1.98737,-1.85737,-1.24737,-2.14737,0.062630005,-2.59737,-3.69737,-3.95737,-3.77737,-2.55737,-1.11737,1.74263,2.26263,2.57263,2.09263,-2.23737,-2.66737,-2.56737
-3.85737,-3.54737,-3.68737,-4.14737,-3.69737,-2.79737,-2.28737,-1.59737,-0.43737,-0.10737,-0.40737,-0.37737,-0.88737,0.18263,-0.14737,-0.32737,-0.96737,-0.65737,-0.40737,0.92263,0.34263,-0.017369995,-1.14737,-1.80737,-1.82737,-2.21737,-1.0673699,-3.10737,-3.19737,-1.85737,-1.14737,-0.87737,-1.74737,-1.00737,-1.76737,-1.39737,0.39263,-2.11737,2.73263,-0.51737,0.102630004
-3.48737,-2.65737,-2.56737,-2.47737,-2.06737,-1.53737,-0.38737,0.20263,1.12263,0.40263,-1.32737,-2.98737,-2.69737,-3.04737,-2.85737,-1.58737,-0.64737,1.34263,0.012630004,-0.30737,0.31263,1.84263,1.06263,1.15263,-0.35737,-0.037369996,1.08263,1.09263,1.08263,0.97263,1.76263,0.77263,1.33263,-0.76737,-0.99737,-0.67737,0.16263,3.18263,3.69263,2.77263,1.25263
-2.14737,-2.57737,-2.26737,-1.64737,-0.71737,0.31263,0.43263,0.95263,0.55263,-0.71737,-1.93737,-3.65737,-3.96737,-3.30737,-3.29737,-3.07737,-3.20737,-2.19737,-1.47737,0.48263,2.53263,2.33263,2.67263,3.79263,1.79263,1.19263,1.07263,2.15263,0.85263,0.82263,2.50263,1.82263,1.21263,0.13263,-0.33737,0.14263001,-0.16736999,-1.66737,0.55263,-0.21736999,-0.117369995
-2.79737,-1.90737,-0.80737,0.022630004,0.18263,-1.01737,-0.86737,-0.65737,-0.55737,-0.54737,-3.15737,-3.98737,-3.21737,-3.22737,-2.97737,-2.86737,-2.36737,-2.14737,-1.10737,0.20263,0.31263,2.18263,2.89263,1.48263,6.16263,2.83263,2.93263,2.46263,1.31263,2.21263,2.86263,1.10263,-1.00737,-1.14737,-0.37737,-1.48737,0.34263,-1.16737,0.14263001,0.16263,-0.54737
-1.98737,-1.25737,-0.66737,-0.20737,-1.70737,-1.51737,-0.96737,-0.78736997,-1.28737,-2.33737,-3.01737,-3.08737,-2.18737,-2.35737,-1.92737,-1.90737,-2.33737,-1.95737,-1.53737,-1.99737,-0.69737,0.062630005,1.00263,2.66263,1.33263,2.30263,4.54263,3.33263,2.96263,2.24263,0.19263001,-2.45737,-1.73737,-0.53736997,-0.85737,0.58263,0.86263,0.93263,0.16263,-0.55737,1.41263
-0.74737,-0.96737,-0.33737,-0.54737,-0.24736999,-0.44737,-0.78736997,-1.3173699,-1.88737,-2.03737,-1.45737,-2.26737,-1.61737,-1.20737,0.08263001,0.022630004,-0.017369995,-0.49737,-0.21736999,-1.15737,-1.00737,-1.97737,-0.51737,-0.18737,-0.83737,0.18263,2.89263,3.44263,4.48263,-0.80737,-2.06737,-1.36737,-1.29737,-0.84736997,-1.37737,-1.61737,-1.49737,-2.58737,-1.97737,-1.10737,-0.36737
0.21263,0.94263,0.84263,0.75263,0.61263,0.71263003,0.47263,0.35263002,-0.52737,-0.057369996,0.68263,2.25263,1.05263,0.46263,0.74263,0.78263,0.66263,0.63263,-0.45736998,-0.54737,-0.64737,-0.64737,-1.39737,-1.30737,-0.55737,-0.52737,-0.42736998,0.49263,0.43263,-0.21736999,-0.84736997,-0.81737,-1.07737,-0.84736997,-1.02737,-1.48737,-1.92737,-1.59737,-2.82737,-1.95737,-0.94737
1.57263,1.77263,2.08263,2.11263,1.78263,1.70263,1.67263,1.92263,1.51263,1.45263,0.72263,1.20263,0.90263003,1.94263,1.9326301,1.74263,2.45263,2.26263,1.91263,1.04263,1.74263,0.39263,0.53263,-0.08736999,-0.51737,-1.07737,-0.80737,0.012630004,-1.44737,0.61263,0.76263,-0.30737,0.35263002,-0.077369995,0.08263001,0.21263,0.44263,0.22263001,1.00263,0.23263,-0.48736998
2.11263,2.81263,3.43263,2.96263,2.88263,3.16263,3.53263,3.25263,2.64263,1.97263,0.89263,1.62263,1.34263,1.90263,2.79263,3.18263,2.88263,2.65263,2.31263,2.10263,1.27263,1.23263,0.17263001,0.022630004,0.18263,0.43263,0.52263,0.59263,0.64263,0.74263,1.71263,1.28263,1.10263,1.78263,1.76263,1.45263,1.36263,1.90263,1.46263,0.73263,0.29263002
