wind_kz.json
{"header": {"discipline":0,"disciplineName":"Meteorological products","gribEdition":2,"gribLength":1102,"center":7,"centerName":"US National Weather Service - NCEP(WMC)","subcenter":0,"refTime":"2023-08-26T18:00:00.000Z","significanceOfRT":1,"significanceOfRTName":"Start of forecast","productStatus":0,"productStatusName":"Operational products","productType":1,"productTypeName":"Forecast products","productDefinitionTemplate":0,"productDefinitionTemplateName":"Analysis/forecast at horizontal level/layer at a point in time","parameterCategory":2,"parameterCategoryName":"UnknownDiscipline_0_Category_2","parameterNumber":3,"parameterNumberName":"UnknownParameter_D0_C2_3","parameterUnit":"Unknown","genProcessType":2,"genProcessTypeName":"Forecast","forecastTime":60,"surface1Type":103,"surface1TypeName":"Specified height level above ground","surface1Value":10.0,"surface2Type":255,"surface2TypeName":"Missing","surface2Value":0.0,"gridDefinitionTemplate":0,"gridDefinitionTemplateName":"Latitude_Longitude","numberPoints":615,"shape":6,"shapeName":"Earth spherical with radius of 6,371,229.0 m","gridUnits":"degrees","resolution":48,"winds":"true","scanMode":64,"nx":41,"ny":15,"basicAngle":0,"lo1":47.0,"la1":41.0,"lo2":87.0,"la2":55.0,"dx":1.0,"dy":1.0}, "data":
[rows 0 to 14 of 15, columns 0 to 40 of 41]
2.2131379,2.1031377,-5.626862,-8.236862,-5.166862,-2.0068622,-3.106862,-4.196862,0.55313784,1.2731378,4.0731378,4.953138,5.8631377,6.433138,6.6131377,5.893138,4.873138,1.7531378,2.5731378,1.5531378,2.6031377,5.1331377,1.6031379,-0.056862183,1.6131378,-1.1668621,0.5931378,-1.4068621,0.10313782,2.7831378,2.443138,2.0431378,0.013137817,-2.8868623,0.29313782,1.0631378,0.68313783,1.3031378,2.4631379,0.5631378,0.033137817
-2.086862,-5.456862,-3.6768622,-5.2468624,-4.336862,-2.1568623,-4.3268623,-3.9768622,-3.4868622,-2.6768622,0.44313782,4.8231378,6.743138,7.333138,7.6331377,7.2131376,4.743138,2.933138,3.7831378,3.7931378,5.773138,3.1031377,1.9131378,3.193138,3.0331378,3.1331377,3.433138,1.6731378,0.73313785,2.8631377,-0.6568622,4.0931377,2.3031378,3.7431378,3.2731378,2.653138,5.223138,2.893138,2.5431378,-0.16686219,0.3031378
-4.1568623,-4.666862,-5.396862,-6.216862,-6.896862,-4.436862,-2.7868621,-3.326862,-2.9868622,-3.566862,-1.6968622,1.1431378,5.763138,8.183138,8.263138,8.773138,8.803138,6.3431377,6.4631376,5.763138,4.493138,2.2831378,1.1431378,2.1031377,-0.94686216,-1.0668622,-1.0768622,-2.1968622,0.9031378,-0.24686219,4.3231378,3.0131378,1.3331379,2.0931377,1.1431378,-2.336862,2.7131379,2.433138,-0.5468622,3.9831378,2.2931378
-5.4268622,-7.5568624,-7.186862,-6.856862,-6.7868624,-6.6168623,-6.696862,-5.466862,-5.2668624,-4.9068623,-3.9368622,-1.3168622,-1.3368622,-1.0568622,2.8131378,8.783138,9.823138,8.153138,7.6731377,6.803138,5.333138,6.353138,1.5031378,5.6731377,4.663138,2.7931378,2.0231378,1.5131378,3.913138,2.0031378,4.273138,2.0031378,0.7031378,-0.37686217,0.19313782,2.3631377,3.0931377,2.7531378,-4.486862,-3.9368622,-1.8168622
-5.3468623,-7.5968623,-8.466862,-7.7468624,-7.2868624,-7.0168624,-6.956862,-6.976862,-7.086862,-6.256862,-5.626862,-3.2568622,-2.7968621,-0.15686218,4.043138,2.5331378,7.4031377,10.653137,9.723138,9.323138,7.1131377,4.523138,6.083138,7.4231377,6.413138,5.263138,4.313138,3.933138,2.8231378,0.093137816,-1.3868622,-2.2968621,-1.3568622,1.1331378,0.5231378,2.3631377,-0.9768622,1.8031378,-0.23686218,-2.2868621,1.1931378
-5.6368623,-5.3868623,-6.646862,-7.946862,-8.796863,-9.056862,-7.646862,-6.8068624,-6.296862,-4.976862,-5.486862,-5.5168624,-4.756862,-2.9968622,1.7031379,-1.3468622,7.7331376,13.533137,13.103137,11.913137,9.703137,7.663138,8.003138,7.873138,7.453138,6.0731378,5.1731377,1.3731378,3.8431377,1.7031379,-0.086862184,-1.1068622,-1.6568621,-2.3868623,-1.3768622,-1.9968622,-3.1968622,-2.1468623,-2.9268622,1.8731378,-1.2568622
-4.856862,-5.2468624,-6.5968623,-7.776862,-7.5968623,-6.5168624,-6.546862,-5.526862,-5.376862,-5.0368624,-4.6368623,-4.2468624,-4.3268623,-4.7868624,-3.9768622,4.513138,5.053138,3.0731378,12.023137,13.693137,12.903137,10.993137,9.423138,8.443138,7.873138,6.9031377,6.293138,5.7331376,6.023138,6.2131376,4.1331377,2.4931378,0.013137817,1.2231379,0.9531378,2.653138,3.3731377,-2.0468621,2.0731378,3.3331378,-6.9968624
-6.686862,-6.8268623,-7.3068624,-7.236862,-6.9068623,-6.166862,-6.216862,-5.716862,-4.466862,-3.5168622,-3.2568622,-3.106862,-3.7168622,-3.2968621,-4.646862,-3.2468622,8.983138,8.8331375,7.0031376,13.763137,13.5831375,12.673138,11.063137,9.793138,8.823138,8.923138,7.973138,6.623138,5.553138,5.033138,4.9031377,3.943138,2.7631378,2.6231377,1.4031378,0.55313784,-1.8568622,-0.43686217,0.23313782,-1.3268622,-1.3168622
-7.686862,-7.696862,-7.126862,-7.506862,-7.586862,-7.856862,-6.976862,-4.796862,-2.2268622,-1.2068622,-1.6868622,-0.9968622,-2.086862,-2.6568623,-3.2568622,-3.2568622,-2.076862,10.523137,9.363138,7.0931377,10.573137,13.873137,12.903137,11.213138,10.023138,7.973138,8.013138,7.3831377,6.333138,6.273138,5.493138,4.873138,3.7331378,2.403138,0.86313784,2.4631379,1.4031378,-2.816862,-0.40686217,-0.19686218,1.8931378
-7.3268623,-7.466862,-8.216862,-8.556862,-9.306862,-9.236862,-8.986862,-7.666862,-4.956862,-0.5468622,2.2631378,1.4731379,-0.56686217,-1.7668622,-1.1668621,-0.6668622,-3.4768622,-0.36686218,9.423138,11.253138,10.733137,11.793138,10.993137,10.773137,9.533138,8.573138,7.0731378,6.8231378,6.293138,5.283138,4.2131376,3.653138,2.9831378,2.933138,2.2131379,0.6431378,0.67313784,2.433138,1.3931378,0.62313783,0.23313782
-7.356862,-8.096862,-8.706862,-9.386862,-8.276862,-9.656862,-9.436862,-8.246862,-7.666862,-5.0368624,-1.5368621,1.0431378,-0.21686219,-0.49686217,0.45313781,0.8231378,2.8131378,3.5031378,1.3031378,12.403137,13.0831375,6.053138,11.603137,8.523138,9.543138,8.453137,7.623138,6.833138,5.973138,4.933138,5.033138,4.9631376,4.103138,2.6131377,1.9031378,1.8331379,2.9931378,1.5631378,1.5531378,-0.036862183,-2.2968621
-7.936862,-8.146862,-8.9168625,-8.906862,-9.126863,-8.396862,-7.856862,-7.726862,-6.4968624,-4.236862,-2.1668622,-1.9968622,-0.8968622,-0.17686218,0.5131378,1.1931378,2.693138,3.413138,2.8631377,7.523138,9.713138,12.3331375,9.593138,8.893138,7.703138,8.783138,8.013138,6.333138,5.953138,6.053138,4.6731377,4.353138,3.4931378,3.0031378,1.5131378,2.7231379,2.393138,0.9531378,0.21313782,1.4631379,1.7131379
-6.816862,-8.216862,-9.286862,-8.876863,-7.9968624,-2.1968622,-6.4268622,-7.216862,-7.5168624,-5.876862,-2.7668622,-2.4168622,-1.8568622,-1.8568622,-1.3068622,3.403138,3.913138,4.1931376,5.7531376,8.203137,7.1131377,10.323137,10.123137,10.393137,9.223138,8.633138,7.533138,6.033138,5.4231377,4.833138,4.373138,4.1131377,3.2731378,1.5531378,2.2731378,3.5031378,4.303138,2.7731378,6.553138,3.8631377,1.8631378
-6.6168623,-7.7468624,-9.436862,-8.536862,-9.816862,-8.706862,-8.306862,-5.976862,-3.1968622,-3.7068622,-1.2168622,-1.6168622,-3.096862,-1.7968621,-0.87686217,2.183138,3.7031379,3.7631378,4.1931376,6.853138,6.4031377,6.683138,6.013138,7.4231377,6.433138,7.043138,7.473138,6.353138,5.3231378,4.393138,2.9631379,2.5931377,2.8431377,2.9531379,3.3131378,5.913138,4.513138,4.5931377,6.043138,3.8031378,1.9531379
-4.316862,-6.986862,-9.576862,-8.116862,-8.556862,-7.976862,-8.396862,-8.1668625,-8.406862,-7.586862,-5.046862,-4.6368623,-1.3968621,-4.2668624,-2.326862,4.223138,3.7231379,3.5131378,3.443138,5.543138,4.603138,7.3431377,6.783138,6.513138,6.6131377,6.2131376,5.163138,4.973138,4.743138,3.8131378,2.6231377,3.1131377,2.2531378,2.4731379,5.8231378,6.353138,6.1731377,7.8231378,6.4431376,4.7531376,1.2631378
