wind_kz.json
{"header": {"discipline":0,"disciplineName":"Meteorological products","gribEdition":2,"gribLength":1025,"center":7,"centerName":"US National Weather Service - NCEP(WMC)","subcenter":0,"refTime":"2023-09-25T00:00:00.000Z","significanceOfRT":1,"significanceOfRTName":"Start of forecast","productStatus":0,"productStatusName":"Operational products","productType":1,"productTypeName":"Forecast products","productDefinitionTemplate":0,"productDefinitionTemplateName":"Analysis/forecast at horizontal level/layer at a point in time","parameterCategory":2,"parameterCategoryName":"UnknownDiscipline_0_Category_2","parameterNumber":2,"parameterNumberName":"UnknownParameter_D0_C2_2","parameterUnit":"Unknown","genProcessType":2,"genProcessTypeName":"Forecast","forecastTime":60,"surface1Type":103,"surface1TypeName":"Specified height level above ground","surface1Value":10.0,"surface2Type":255,"surface2TypeName":"Missing","surface2Value":0.0,"gridDefinitionTemplate":0,"gridDefinitionTemplateName":"Latitude_Longitude","numberPoints":615,"shape":6,"shapeName":"Earth spherical with radius of 6,371,229.0 m","gridUnits":"degrees","resolution":48,"winds":"true","scanMode":64,"nx":41,"ny":15,"basicAngle":0,"lo1":47.0,"la1":41.0,"lo2":87.0,"la2":55.0,"dx":1.0,"dy":1.0}, "data":
[rows 0 to 14 of 15, columns 0 to 40 of 41]
-0.27972656,1.7202735,-3.3597267,-4.2897267,-3.5497265,-0.6997266,-2.5997267,-0.77972656,-2.7797265,-1.8497266,-1.6497265,-1.0397266,-0.60972655,-0.49972656,-0.97972655,-0.60972655,-0.90972656,1.4002734,0.57027346,3.1502733,4.4002733,1.5902734,3.8602734,5.6202736,1.6702734,1.8002734,1.5502734,3.0502734,0.58027345,-0.33972657,0.58027345,-1.0997266,-1.5297265,-1.4497266,-0.74972653,-0.039726563,0.9802734,1.4102734,1.5502734,0.48027343,-1.7497265
0.65027344,-4.3297267,-4.7997265,-5.479727,-2.6697266,0.17027344,-4.1997266,-3.4097266,-2.3797266,-1.5797266,-0.11972656,-1.2597265,-0.71972656,-0.5797266,-0.67972654,-0.33972657,0.15027344,-0.19972657,0.16027343,2.2502735,2.6902735,0.58027345,3.1502733,2.2702734,2.0402734,0.050273437,0.10027344,2.6502733,0.8002734,-0.19972657,-0.029726563,-0.29972658,2.5102735,-1.7197266,0.22027344,1.8902735,1.1502734,-0.11972656,-1.7597265,-1.6697266,-2.4797266
-7.3597264,-6.3097267,-6.249727,-4.1997266,-0.64972657,-3.1797266,-3.1797266,-2.7997265,-3.0097265,-1.9597266,-1.3997265,-2.3997266,-2.2197266,0.65027344,0.6202734,-0.60972655,-0.5797266,0.080273435,0.51027346,1.0102735,3.0602734,4.0902734,3.0602734,4.500273,-1.0997266,0.23027344,-0.5197266,1.0702734,3.6802735,-0.41972655,-0.25972655,-1.7297266,0.6802734,-0.44972655,-3.1297266,-0.89972657,-0.22972657,-1.0797266,4.1302733,2.5802734,0.35027343
-8.709726,-7.7397265,-5.6997266,-1.4297266,2.1702735,-3.0997267,-1.3297266,-2.7197266,-1.7697265,-1.5997266,-0.36972657,-3.6797266,-0.12972656,1.4202734,2.1102734,0.69027346,-0.5197266,0.29027343,-0.78972656,-1.2397265,-1.4497266,-1.0197265,0.10027344,-0.35972655,-1.7597265,-0.91972655,0.30027345,-5.1497264,-4.2897267,-1.9097266,-1.3397266,2.5702734,0.72027344,0.8702734,1.1502734,1.3302734,-0.12972656,2.3802733,-1.1597266,-1.7597265,-2.8197265
-8.399727,-6.8697267,-5.5597267,-4.1997266,-2.6097267,-2.9297266,-2.6397266,-0.5197266,1.3702735,0.42027342,0.53027344,-0.37972656,1.0302734,1.8702735,4.6702733,0.6702734,1.2502735,0.94027346,-0.069726564,0.33027345,-0.059726562,-1.2897266,-1.2397265,-1.0797266,-2.0097265,-3.9397266,-6.1597266,0.26027343,-5.6197267,-4.6397266,-4.7897267,-2.2497265,0.89027345,0.37027344,-2.0197265,-1.9897265,-5.2197266,-4.0997267,-2.7997265,-3.4997265,-3.7597265
-6.6797266,-5.6897264,-3.3597267,-2.5797265,-0.55972654,0.23027344,3.4802735,0.76027346,1.6102735,2.2102735,1.4702735,1.2402735,1.3002734,2.0402734,2.7702734,1.5902734,1.2302735,-1.6097265,0.8002734,0.9802734,-0.24972656,-1.5997266,-1.4497266,-1.1097265,-2.8597267,-4.4197264,-5.5197268,-5.5497265,-4.5897264,-4.8097267,-4.5297265,-4.6297264,-2.5597265,-1.6397265,-1.0797266,1.2602735,-0.49972656,0.12027344,-2.5297265,-2.9697266,-0.73972654
-4.979727,-4.2897267,-3.6097267,-3.1097267,-1.8097266,-1.5897266,0.050273437,2.2402735,2.5302734,1.9702735,2.3302734,2.7102735,0.12027344,-1.9597266,-1.0897266,1.2602735,0.7302734,0.15027344,-2.8397264,3.1102734,-0.19972657,-1.1697266,0.020273438,-1.8497266,-4.0797267,-4.5197268,-3.8997266,-2.8997266,-0.22972657,-0.80972654,-2.5097265,-2.7597265,-2.2897265,-1.1497265,-1.0697266,-0.13972656,0.13027343,-1.2997266,-0.5097266,0.37027344,-1.2197266
-2.9997265,-2.2797265,-2.5697265,-1.6997266,-1.2897266,-0.7597266,0.33027345,1.2102734,1.0402734,1.6802734,1.0502734,1.8102734,-1.4697266,-0.38972655,-0.33972657,-0.52972656,0.010273438,1.7302735,-0.019726563,2.4102736,0.35027343,1.2002734,-0.38972655,0.110273436,-0.46972656,-0.48972657,-1.0697266,-0.17972656,2.2602735,-0.58972657,-0.12972656,-0.84972656,0.41027343,-2.5697265,-1.8897265,-3.3197265,-2.3497267,0.28027344,0.25027344,0.6202734,-1.8197266
0.95027345,-0.53972656,1.2902734,-1.4297266,-1.1097265,-0.64972657,-0.029726563,0.28027344,0.42027342,-0.29972658,-1.5497266,-1.8297266,-1.4497266,-1.7597265,-1.5897266,-0.86972654,-1.4197266,-1.0997266,0.69027346,-0.79972655,0.9202734,3.1402733,0.37027344,1.9502734,0.36027345,1.6202735,0.29027343,1.1802734,1.9602734,1.9602734,-0.5097266,-2.4297266,-1.8897265,-0.72972655,-2.2497265,-0.41972655,-1.1697266,-2.3297265,-1.3197266,1.3702735,-1.8897265
1.4202734,0.58027345,0.50027347,0.110273436,0.35027343,1.2702734,0.39027345,-0.31972656,-0.32972658,-0.59972656,-0.83972657,-1.2397265,-0.83972657,-0.6297266,-1.5097265,-1.7197266,-1.8897265,-2.0197265,-4.0897264,-1.2997266,1.0702734,2.9002733,1.5902734,-3.3097265,0.91027343,3.0302734,0.63027346,2.1402733,1.8802735,2.9902735,1.5002735,-2.4397266,-2.5097265,-2.4197266,-1.5497266,-2.0697265,-1.9997265,-0.36972657,-1.4397266,-0.069726564,-1.2897266
1.0302734,0.71027344,0.82027346,0.65027344,1.9502734,2.0602734,1.5202734,0.7402734,0.7902734,0.46027344,0.5402734,0.010273438,0.50027347,0.16027343,-0.10972656,-0.39972657,-1.1297265,-1.5597266,-1.0097265,-0.8197266,-0.04972656,-3.4297266,-1.3497266,-1.2897266,0.5602734,-3.1297266,-3.7097266,-2.4297266,-2.3697267,5.2002735,0.47027344,-3.1397266,-2.1597266,-1.0497266,-1.0197265,-0.32972658,-1.5897266,0.14027344,-1.0697266,0.7302734,-0.39972657
-0.04972656,-0.38972655,1.3602735,2.5402734,2.2002735,2.0402734,1.8202734,2.3602734,1.9802735,1.6502734,2.0902734,3.1302733,1.8502735,1.9302734,1.2202735,1.4402734,1.4902735,0.7302734,0.66027343,-0.5697266,-0.99972653,-1.8797265,-2.7297266,-3.1797266,-2.5397265,-2.9097266,-2.9097266,-1.1097265,-1.3297266,0.22027344,-1.2697265,0.66027343,-0.44972655,-0.67972654,-0.77972656,-0.44972655,0.53027344,-0.91972655,-0.5097266,-0.98972654,0.37027344
1.6902734,2.0302734,1.8302734,3.1002734,1.7402735,1.1002735,2.3402734,3.1802735,2.8202734,0.83027345,2.1002734,2.3402734,1.6202735,2.1402733,0.76027346,1.8502735,2.4902735,1.6002735,0.77027345,2.6002734,0.9902734,-0.58972657,-0.58972657,-0.38972655,-0.099726565,0.50027347,0.050273437,-0.23972656,0.080273435,-0.92972654,-0.29972658,1.0502734,-1.2097266,-0.9497266,0.76027346,-0.44972655,0.36027345,-0.26972657,-1.2897266,-3.0897264,-1.4797266
2.3802733,2.7902734,1.8102734,3.9202735,3.0002735,3.0802734,2.8702734,3.0202734,2.4902735,2.3702734,1.9102734,2.5802734,1.0602734,0.7902734,1.9902735,1.9002734,2.4502735,2.4402735,2.6302733,2.4502735,2.2202735,2.6802735,2.1002734,1.5502734,0.89027345,0.97027344,0.50027347,0.72027344,0.6702734,0.64027345,1.4102734,-1.0197265,0.97027344,0.95027345,1.5702734,1.3202734,-0.11972656,0.51027346,-0.009726563,0.52027345,-0.7697266
2.8702734,3.8702734,3.5102735,3.7302735,4.1502733,4.4702735,4.3002734,4.4402733,4.1702733,3.7302735,2.3602734,4.000273,2.9302735,2.6302733,2.7702734,2.6902735,2.3502734,2.6902735,2.9502735,2.9702735,2.8502734,2.8302734,3.5102735,1.6102735,1.8802735,1.4902735,1.3402734,1.2102734,1.5902734,-0.27972656,0.97027344,1.2602735,1.6702734,0.85027343,0.41027343,1.8702735,2.0402734,0.6802734,1.4402734,0.60027343,-1.0497266
