wind_kz.json
{"header": {"discipline":0,"disciplineName":"Meteorological products","gribEdition":2,"gribLength":1025,"center":7,"centerName":"US National Weather Service - NCEP(WMC)","subcenter":0,"refTime":"2023-09-28T00:00:00.000Z","significanceOfRT":1,"significanceOfRTName":"Start of forecast","productStatus":0,"productStatusName":"Operational products","productType":1,"productTypeName":"Forecast products","productDefinitionTemplate":0,"productDefinitionTemplateName":"Analysis/forecast at horizontal level/layer at a point in time","parameterCategory":2,"parameterCategoryName":"UnknownDiscipline_0_Category_2","parameterNumber":2,"parameterNumberName":"UnknownParameter_D0_C2_2","parameterUnit":"Unknown","genProcessType":2,"genProcessTypeName":"Forecast","forecastTime":60,"surface1Type":103,"surface1TypeName":"Specified height level above ground","surface1Value":10.0,"surface2Type":255,"surface2TypeName":"Missing","surface2Value":0.0,"gridDefinitionTemplate":0,"gridDefinitionTemplateName":"Latitude_Longitude","numberPoints":615,"shape":6,"shapeName":"Earth spherical with radius of 6,371,229.0 m","gridUnits":"degrees","resolution":48,"winds":"true","scanMode":64,"nx":41,"ny":15,"basicAngle":0,"lo1":47.0,"la1":41.0,"lo2":87.0,"la2":55.0,"dx":1.0,"dy":1.0}, "data":
[rows 0 to 14 of 15, columns 0 to 40 of 41]
-0.21243897,1.617561,-2.762439,-4.132439,-3.622439,-0.42243898,1.1275611,0.12756103,-0.25243896,-0.45243895,-0.782439,0.717561,1.857561,1.0275611,2.867561,3.227561,4.2175612,4.687561,5.7175612,5.937561,5.767561,2.887561,1.6575611,3.487561,4.567561,2.3475611,1.8975611,2.627561,1.287561,0.837561,1.227561,2.5775611,1.187561,1.057561,-0.83243895,0.78756106,1.7575611,0.91756105,1.117561,-0.27243897,3.177561
-0.612439,-2.812439,-4.112439,-5.292439,-4.122439,-1.712439,0.21756104,0.06756104,-0.47243896,0.037561037,1.827561,2.927561,3.0775611,2.647561,3.217561,2.777561,2.157561,5.127561,5.767561,6.477561,6.637561,-0.662439,3.047561,3.8475611,2.487561,0.047561035,1.8875611,2.877561,4.647561,0.15756103,0.86756104,1.247561,0.077561036,-0.852439,0.887561,2.987561,1.0075611,1.117561,1.1275611,-0.36243898,1.5275611
-5.502439,-4.902439,-4.482439,-4.682439,-1.302439,1.9075611,0.66756105,-1.502439,2.187561,0.637561,0.98756105,1.6275611,3.267561,3.447561,3.377561,3.3475611,2.767561,4.167561,5.577561,6.037561,6.247561,-1.912439,2.037561,3.967561,-1.6224389,-1.012439,-0.46243897,0.81756103,1.2575611,-0.662439,-0.93243897,-0.32243896,-0.29243895,3.5975611,1.697561,-0.24243897,1.1475611,0.06756104,4.707561,-0.912439,-1.802439
-6.372439,-5.382439,-4.512439,-1.782439,3.307561,1.547561,-0.48243895,1.997561,1.427561,1.437561,1.237561,1.827561,-1.672439,1.6475611,3.767561,5.687561,2.117561,2.777561,3.297561,5.377561,5.057561,2.8475611,1.167561,0.10756104,0.29756105,1.3875611,2.877561,3.547561,5.2175612,3.027561,-3.352439,1.6275611,5.537561,5.147561,3.527561,4.157561,1.357561,1.217561,-0.092438966,1.097561,2.027561
-4.922439,-2.962439,-2.302439,-1.392439,0.577561,0.42756104,0.587561,1.3875611,1.8875611,3.117561,3.187561,2.897561,-0.56243896,1.217561,2.947561,6.147561,2.5675611,3.017561,-1.1024389,0.35756102,-0.34243897,-3.822439,-1.252439,1.687561,3.547561,5.7175612,7.027561,6.387561,4.4475613,2.687561,4.6975613,0.10756104,0.757561,1.3875611,-1.802439,0.66756105,0.59756106,2.3375611,2.8275611,2.687561,2.497561
0.007561035,2.297561,1.847561,3.167561,4.667561,5.4675612,5.847561,5.557561,3.687561,3.887561,3.227561,2.687561,1.8775611,2.397561,2.797561,3.857561,1.167561,4.237561,3.457561,2.267561,2.867561,2.5875611,3.3475611,3.437561,5.677561,7.077561,6.327561,-0.802439,2.867561,3.607561,5.647561,7.487561,3.177561,3.657561,1.117561,0.057561036,3.667561,3.297561,6.607561,3.5875611,1.557561
-1.572439,-1.172439,0.45756105,1.177561,1.307561,3.407561,2.907561,3.727561,3.497561,4.297561,3.217561,3.997561,1.797561,2.387561,1.417561,1.717561,2.287561,3.3175611,3.917561,4.677561,4.607561,3.5675611,3.557561,4.297561,5.557561,5.237561,1.6575611,3.0775611,4.147561,5.677561,7.317561,8.137561,8.467561,6.357561,6.377561,3.887561,2.3275611,2.947561,1.947561,0.517561,0.017561035
-2.192439,-1.802439,-0.862439,-0.102438964,0.17756103,1.307561,2.5875611,4.097561,4.9675612,1.577561,2.927561,3.647561,3.017561,3.107561,0.757561,1.167561,1.467561,2.147561,2.207561,2.297561,2.947561,4.347561,3.607561,4.317561,3.507561,1.917561,4.427561,3.757561,4.267561,5.147561,6.907561,7.067561,8.4575615,7.417561,7.917561,7.797561,6.707561,-3.792439,-3.642439,-0.88243896,-0.042438965
-2.032439,-1.6124389,-1.202439,-0.76243895,-0.07243896,1.177561,1.727561,3.247561,1.547561,0.59756106,-0.38243896,0.55756104,1.057561,0.09756103,2.777561,0.26756105,0.12756103,3.0975611,0.18756104,2.657561,1.667561,0.007561035,-3.692439,-1.502439,0.19756104,0.72756106,2.857561,3.137561,1.6375611,0.19756104,3.277561,2.437561,1.937561,3.987561,5.187561,5.187561,4.617561,0.19756104,-1.302439,0.047561035,-0.792439
-1.772439,-1.832439,-1.632439,-0.95243895,-0.532439,0.887561,0.68756104,1.487561,-0.33243898,-3.372439,-2.022439,-1.952439,-1.762439,-2.542439,-1.1024389,0.30756104,0.30756104,0.837561,-0.21243897,0.17756103,-0.43243897,-2.562439,-1.532439,0.757561,0.87756103,3.027561,2.257561,1.997561,-0.27243897,1.107561,-0.26243895,0.60756105,3.987561,2.747561,3.3475611,4.287561,-1.0924389,-1.3424389,1.3775611,-0.14243896,-0.29243895
-0.71243894,-0.41243896,-0.77243894,0.017561035,-0.35243896,-1.542439,-1.572439,-0.17243896,-1.672439,-1.422439,-1.412439,-1.522439,-3.322439,-1.812439,-1.172439,-2.142439,-1.8424389,0.06756104,-0.49243897,-1.302439,-3.542439,-1.8524389,0.23756103,0.72756106,1.467561,3.207561,2.167561,2.267561,-0.982439,1.1375611,1.3875611,1.167561,2.047561,-0.43243897,0.72756106,1.167561,1.077561,0.117561035,0.48756105,1.457561,-0.48243895
0.26756105,-0.63243896,0.12756103,0.25756103,-0.15243897,-2.232439,-1.7424389,-1.6224389,-0.972439,-2.962439,-1.8624389,-2.972439,-2.272439,-2.632439,-3.302439,-1.302439,-1.512439,-2.602439,-3.832439,-2.142439,-1.7424389,-0.24243897,0.23756103,2.0775611,1.957561,3.147561,4.007561,1.327561,0.25756103,1.177561,0.117561035,2.207561,0.19756104,0.077561036,-0.17243896,-1.212439,-0.84243894,0.707561,0.53756106,0.35756102,-0.13243896
1.217561,0.90756106,0.24756104,1.047561,0.74756104,0.47756103,-0.68243897,-0.542439,-2.092439,-0.722439,-1.812439,-2.092439,-2.392439,-3.012439,-3.192439,-1.912439,-1.882439,-3.032439,-2.532439,-1.512439,-1.192439,-2.022439,-1.8724389,-1.292439,-0.15243897,-1.822439,-0.51243895,1.447561,0.62756103,1.087561,0.587561,0.707561,0.31756103,1.1575611,1.7775611,0.887561,0.86756104,-0.13243896,1.167561,1.2675611,0.53756106
1.487561,0.897561,1.617561,1.057561,0.717561,0.23756103,0.67756104,-0.18243897,-1.082439,-1.812439,-1.022439,-1.932439,-3.192439,-3.712439,-2.702439,-2.772439,-3.082439,-2.552439,-3.392439,-1.882439,-1.9724389,-1.652439,-1.142439,-1.052439,-1.3724389,-2.6824389,-0.992439,-0.032438964,-0.76243895,-0.82243896,-0.35243896,-0.15243897,0.897561,1.087561,1.737561,1.927561,1.047561,2.137561,1.1375611,0.38756102,1.357561
0.827561,0.22756104,-1.332439,0.777561,0.717561,-0.102438964,0.36756104,-0.25243896,-1.9724389,-1.642439,-2.372439,-2.812439,-2.032439,-0.84243894,-2.862439,-4.342439,-3.612439,-2.792439,-3.492439,-3.752439,-4.442439,-3.9124389,-3.6524389,-3.392439,-3.142439,-3.1724389,-3.222439,-3.002439,-3.272439,-2.992439,-2.822439,-2.862439,-2.082439,-2.012439,-0.52243894,0.037561037,0.36756104,2.267561,3.417561,2.557561,0.44756103
