wind_kz.json
{"header": {"discipline":0,"disciplineName":"Meteorological products","gribEdition":2,"gribLength":948,"center":7,"centerName":"US National Weather Service - NCEP(WMC)","subcenter":0,"refTime":"2023-10-01T00:00:00.000Z","significanceOfRT":1,"significanceOfRTName":"Start of forecast","productStatus":0,"productStatusName":"Operational products","productType":1,"productTypeName":"Forecast products","productDefinitionTemplate":0,"productDefinitionTemplateName":"Analysis/forecast at horizontal level/layer at a point in time","parameterCategory":0,"parameterCategoryName":"UnknownDiscipline_0_Category_0","parameterNumber":0,"parameterNumberName":"UnknownParameter_D0_C0_0","parameterUnit":"Unknown","genProcessType":2,"genProcessTypeName":"Forecast","forecastTime":180,"surface1Type":1,"surface1TypeName":"Ground or water surface","surface1Value":0.0,"surface2Type":255,"surface2TypeName":"Missing","surface2Value":0.0,"gridDefinitionTemplate":0,"gridDefinitionTemplateName":"Latitude_Longitude","numberPoints":615,"shape":6,"shapeName":"Earth spherical with radius of 6,371,229.0 m","gridUnits":"degrees","resolution":48,"winds":"true","scanMode":64,"nx":41,"ny":15,"basicAngle":0,"lo1":47.0,"la1":41.0,"lo2":87.0,"la2":55.0,"dx":1.0,"dy":1.0}, "data":
[rows 0 to 14 of 15, columns 0 to 40 of 41]
301.07062,290.4706,294.8706,293.57062,293.57062,292.7706,300.2706,307.07062,303.9706,303.9706,302.57062,302.6706,301.4706,300.8706,300.2706,299.4706,300.1706,299.8706,301.2706,301.6706,302.57062,298.9706,300.3706,295.2706,297.2706,298.9706,293.9706,282.2706,278.6706,276.8706,271.8706,275.6706,286.6706,293.7706,294.7706,294.1706,293.8706,293.3706,293.7706,294.3706,291.2706
277.7706,291.8706,293.1706,293.4706,293.57062,291.7706,307.2706,304.2706,301.9706,300.9706,300.9706,299.57062,300.1706,299.9706,299.4706,299.1706,299.07062,299.8706,298.8706,299.7706,300.1706,299.7706,298.2706,288.3706,273.4706,279.7706,287.2706,281.9706,281.2706,274.8706,280.57062,269.8706,280.8706,255.7706,276.1706,291.07062,289.1706,291.57062,293.57062,286.57062,284.3706
287.07062,293.07062,293.57062,293.1706,291.3706,301.2706,302.3706,302.6706,300.6706,299.2706,298.8706,299.07062,298.57062,297.8706,297.9706,297.3706,297.3706,297.07062,297.7706,298.2706,298.3706,299.4706,298.3706,291.3706,294.07062,292.7706,293.7706,292.8706,291.4706,281.4706,274.2706,276.7706,282.07062,281.9706,283.2706,281.57062,275.9706,280.1706,279.07062,274.3706,273.6706
286.57062,291.9706,293.07062,292.2706,293.1706,301.2706,302.07062,301.2706,301.3706,300.57062,299.2706,297.9706,289.8706,289.6706,297.8706,296.6706,295.8706,295.8706,295.8706,296.7706,296.9706,293.07062,295.9706,296.07062,295.9706,295.8706,295.4706,292.1706,289.7706,291.07062,292.57062,289.7706,294.07062,291.9706,290.1706,284.07062,274.8706,265.4706,277.9706,285.7706,290.2706
286.3706,291.3706,291.8706,292.07062,295.9706,301.3706,301.6706,302.2706,300.9706,299.9706,299.57062,297.4706,288.9706,287.8706,287.07062,297.7706,296.9706,295.6706,295.2706,295.1706,295.8706,296.1706,295.2706,294.8706,294.57062,293.8706,291.6706,290.4706,292.07062,291.4706,293.57062,290.57062,277.07062,267.3706,280.2706,289.1706,290.8706,292.6706,292.7706,293.4706,293.4706
283.8706,287.8706,289.8706,290.8706,291.3706,290.8706,300.8706,301.8706,299.07062,299.6706,299.3706,298.07062,289.7706,288.57062,292.8706,296.7706,297.07062,295.9706,295.1706,295.3706,294.7706,293.9706,293.6706,293.3706,292.57062,290.3706,290.2706,286.6706,291.9706,291.9706,289.8706,291.3706,290.4706,288.3706,284.3706,287.8706,281.07062,284.2706,290.57062,290.4706,291.07062
283.57062,282.3706,289.57062,294.07062,294.7706,295.57062,300.07062,299.3706,298.6706,298.1706,297.9706,297.57062,296.3706,295.9706,296.07062,296.57062,296.3706,295.3706,294.9706,293.6706,292.9706,293.1706,293.1706,293.07062,291.2706,290.6706,290.07062,291.1706,290.3706,290.57062,289.57062,289.07062,289.7706,290.2706,288.8706,286.6706,281.8706,278.3706,277.1706,278.57062,287.07062
286.9706,283.1706,284.57062,289.4706,294.1706,296.2706,298.8706,298.07062,297.2706,296.1706,295.4706,295.4706,295.3706,295.4706,296.1706,295.9706,295.1706,295.3706,293.7706,291.2706,290.57062,290.6706,290.8706,290.4706,289.4706,286.57062,286.2706,286.4706,285.2706,286.57062,285.6706,286.2706,285.6706,282.8706,284.2706,285.7706,286.8706,285.07062,287.07062,287.2706,283.2706
286.6706,285.57062,283.9706,283.07062,289.07062,290.57062,294.8706,294.7706,295.57062,295.4706,294.4706,293.57062,293.07062,294.4706,294.3706,295.4706,294.57062,294.1706,292.57062,290.57062,288.57062,288.07062,288.3706,287.9706,286.1706,285.7706,283.8706,283.3706,282.2706,281.07062,281.57062,282.2706,283.2706,283.3706,282.8706,281.1706,281.8706,283.4706,269.57062,271.3706,270.57062
287.3706,285.2706,286.1706,284.1706,283.6706,286.6706,288.9706,292.07062,293.07062,293.7706,293.9706,293.4706,293.8706,292.6706,292.6706,293.4706,293.7706,293.57062,292.1706,290.3706,288.07062,287.3706,287.8706,287.4706,287.07062,285.4706,284.7706,283.9706,282.6706,281.7706,281.7706,283.8706,284.8706,283.7706,282.4706,281.4706,278.8706,275.8706,272.7706,273.3706,271.07062
285.57062,286.1706,284.3706,285.57062,285.3706,285.07062,285.8706,288.2706,290.6706,291.8706,291.9706,292.07062,293.4706,292.07062,292.3706,292.3706,291.8706,291.9706,291.2706,288.8706,288.07062,286.7706,286.2706,286.3706,285.7706,285.2706,282.6706,284.2706,283.7706,284.57062,284.2706,284.4706,283.4706,283.57062,281.7706,278.9706,277.6706,275.9706,275.6706,277.7706,273.3706
286.57062,285.6706,285.3706,284.7706,285.07062,285.2706,285.57062,284.07062,286.9706,288.1706,288.8706,289.7706,291.57062,290.57062,290.8706,291.3706,291.3706,290.2706,290.07062,288.3706,286.4706,284.8706,283.9706,284.2706,283.1706,283.9706,283.4706,284.57062,284.4706,284.2706,282.7706,282.9706,283.07062,280.3706,280.4706,279.2706,281.9706,282.2706,280.4706,281.3706,281.3706
282.57062,285.4706,285.7706,283.7706,284.6706,285.07062,285.6706,284.1706,282.9706,284.1706,283.7706,285.57062,289.3706,288.8706,290.2706,290.4706,290.7706,289.57062,289.07062,287.07062,286.2706,284.1706,282.57062,281.2706,282.3706,283.4706,284.4706,282.7706,282.57062,281.8706,282.1706,281.9706,281.57062,281.07062,280.6706,279.9706,280.1706,282.2706,281.4706,282.1706,280.2706
280.2706,283.3706,284.7706,285.8706,283.3706,283.57062,283.9706,283.6706,284.6706,283.2706,280.9706,279.6706,283.9706,288.3706,289.3706,289.57062,289.07062,288.57062,288.07062,287.57062,286.4706,285.1706,284.3706,283.2706,283.57062,283.2706,282.1706,281.7706,280.2706,280.7706,280.57062,280.2706,279.8706,278.8706,280.4706,279.6706,280.3706,281.1706,281.57062,279.9706,281.1706
276.7706,280.6706,284.4706,283.4706,284.7706,283.4706,282.4706,282.9706,284.3706,284.6706,282.57062,280.8706,280.4706,283.9706,287.57062,288.4706,288.07062,287.8706,288.1706,287.07062,286.07062,284.8706,283.9706,282.57062,282.3706,281.6706,280.9706,279.7706,279.57062,280.7706,281.07062,281.6706,278.8706,279.9706,279.9706,279.7706,281.1706,280.1706,281.8706,279.8706,279.9706
