wind_kz.json
{"header": {"discipline":0,"disciplineName":"Meteorological products","gribEdition":2,"gribLength":1025,"center":7,"centerName":"US National Weather Service - NCEP(WMC)","subcenter":0,"refTime":"2023-09-22T18:00:00.000Z","significanceOfRT":1,"significanceOfRTName":"Start of forecast","productStatus":0,"productStatusName":"Operational products","productType":1,"productTypeName":"Forecast products","productDefinitionTemplate":0,"productDefinitionTemplateName":"Analysis/forecast at horizontal level/layer at a point in time","parameterCategory":2,"parameterCategoryName":"UnknownDiscipline_0_Category_2","parameterNumber":3,"parameterNumberName":"UnknownParameter_D0_C2_3","parameterUnit":"Unknown","genProcessType":2,"genProcessTypeName":"Forecast","forecastTime":240,"surface1Type":103,"surface1TypeName":"Specified height level above ground","surface1Value":10.0,"surface2Type":255,"surface2TypeName":"Missing","surface2Value":0.0,"gridDefinitionTemplate":0,"gridDefinitionTemplateName":"Latitude_Longitude","numberPoints":615,"shape":6,"shapeName":"Earth spherical with radius of 6,371,229.0 m","gridUnits":"degrees","resolution":48,"winds":"true","scanMode":64,"nx":41,"ny":15,"basicAngle":0,"lo1":47.0,"la1":41.0,"lo2":87.0,"la2":55.0,"dx":1.0,"dy":1.0}, "data":
[rows 0 to 14 of 15, columns 0 to 40 of 41]
-1.0187646,-1.9487647,1.7312354,6.0412354,4.1612353,-1.3887646,2.9212353,2.4812353,1.7912353,1.3212353,1.2712353,1.1212354,0.16123535,-0.34876466,-0.73876464,-0.8187646,-2.6587646,-3.4587646,-3.3387647,-1.3887646,-0.13876465,-1.1787647,-1.8187647,-2.2687647,-2.8187647,-1.7587646,-2.1887646,1.3712354,1.2512354,-1.7387646,1.3612354,1.4812354,0.5512354,-0.11876465,0.56123537,-2.1887646,-0.71876466,-1.4187646,1.1212354,3.9712353,0.70123535
4.8312354,-0.13876465,2.6312354,4.5012355,2.5112352,3.8712354,2.5612354,3.3412354,2.6812353,2.6312354,1.5212353,0.77123535,0.36123535,0.15123536,-2.1087646,-2.7987647,-1.6787647,-3.8987646,-5.5787644,-2.1987646,-3.5087647,-1.9287647,-1.8487647,1.4112353,-2.2587647,-1.3087647,-1.7987647,0.82123536,-1.2187647,-0.31876466,-0.49876463,-1.3287647,-1.0087646,0.72123533,1.4112353,-0.67876464,-1.7387646,-3.8387647,0.59123534,-2.2187645,2.6912353
0.28123534,3.8212354,3.1312354,2.6212354,4.6612353,4.0612354,3.2112353,3.6612353,3.4212353,1.7012353,-0.29876465,-0.46876466,-1.3987646,-0.32876465,-1.0087646,-2.4387646,-2.8687646,-3.1587646,-3.4887648,-2.3387647,-1.5987647,-2.7787647,-3.3687646,-2.3787646,-0.5187647,2.5512354,0.82123536,1.1012354,-0.66876465,0.04123535,0.82123536,-0.22876465,0.83123535,0.04123535,-2.0787647,-0.25876465,-1.4687647,-2.6987646,-0.77876467,-1.0587647,-2.5387647
-0.47876465,2.2512352,2.6712353,2.9012353,3.3912354,4.2512355,5.281235,3.7312353,2.8312354,1.6612353,0.28123534,-1.6087646,-2.8487647,-3.0987647,-2.5787647,-1.9387647,-1.7387646,-3.5987647,-0.93876463,-1.5587647,-2.0187647,-2.2887647,-0.8187646,-2.8587646,-2.5587647,-2.5987647,-2.6887646,-2.5287647,-0.71876466,-1.3387647,-2.6787646,-3.9987648,-0.18876465,2.4312353,-0.25876465,-0.73876464,0.7912353,0.9312354,0.49123535,1.8512354,1.2512354
-0.03876465,-1.0287646,0.18123536,2.2312353,2.1012354,1.6812353,2.9912353,2.1812353,3.2512352,1.8912354,1.0212353,-0.54876465,-2.5187647,-3.9987648,-2.7787647,-2.1887646,-2.1187646,-2.4487646,-1.2987647,-0.98876464,-0.58876467,0.85123533,-0.49876463,-0.6287646,-0.18876465,-0.7687647,-2.5087647,-1.8387647,-1.3787646,-1.4287647,-1.9887646,-0.6987646,1.0612353,2.5212355,0.11123535,-1.3587646,-3.1887646,1.0412353,-0.90876466,-1.3087647,-0.03876465
-0.78876466,-1.5287646,0.35123536,1.1112354,2.7012353,2.6912353,2.2912354,2.5412354,3.5912354,2.8512354,1.7212354,0.6112354,-0.60876465,-2.8687646,-1.6587646,-2.4787645,-2.7887647,-2.4987648,-3.2087646,-0.71876466,-1.5987647,-2.3587646,-0.74876463,-1.3487647,2.0412354,0.9812353,-0.8187646,-1.9687647,-3.0887647,-3.1587646,-3.3587646,-3.3287647,-3.1987646,-1.5987647,2.4112353,-1.6687646,1.6812353,-1.1487646,-2.8887646,0.43123534,-1.2587646
0.60123533,-0.24876465,0.48123536,1.0912354,0.90123534,0.71123534,1.2412354,3.9412353,3.2412353,2.4512353,1.7812353,1.7912353,0.64123535,-0.47876465,-1.8587646,-2.2787647,-2.8387647,-3.5187647,-1.2387646,-1.4087646,-2.2687647,-2.9587646,-2.8387647,-2.5187647,0.031235352,2.6412354,0.46123534,0.56123537,-2.1387646,-3.1487646,-4.5187645,-5.0687647,-5.9787645,-5.7487645,1.3712354,0.52123535,-1.8287647,0.021235352,-0.99876463,-0.03876465,-1.3487647
1.8112353,1.0212353,0.78123534,0.46123534,0.94123536,1.1912353,1.2912353,2.0712354,1.7612354,1.6512353,1.9512353,1.6912353,0.84123534,0.48123536,0.47123536,-1.1887647,-1.6787647,-2.6887646,-2.4487646,0.32123536,-1.9187646,-3.1387646,-3.8487647,-3.0687647,-2.5387647,0.32123536,-1.7187647,0.22123535,-0.78876466,-3.2387648,-3.9387646,-4.888765,-4.1487646,-7.3587646,-2.2987647,-0.20876464,-0.20876464,1.2312354,0.8712354,0.7912353,-0.86876464
0.72123533,1.6912353,1.5412353,1.8012353,1.4012353,2.1812353,2.6812353,2.6812353,2.2612352,2.7212353,2.7012353,2.4312353,2.1512353,1.1712353,1.1912353,0.84123534,0.13123535,-0.29876465,-1.6487646,-0.47876465,0.57123536,-1.7587646,-2.5887647,-2.4187646,-2.0587647,-0.38876465,0.35123536,0.031235352,-0.74876463,-1.2887646,-3.4587646,-3.9787645,-3.9587646,-3.6187646,-1.3587646,-1.8487647,-2.6887646,-0.7687647,-1.3887646,-2.2087646,-3.4387646
0.6812354,0.53123534,1.0512353,1.2012353,0.91123533,0.6112354,1.5812354,2.3712354,2.4412353,2.7312353,2.4012353,2.9112353,2.9312353,1.2612354,1.1712353,0.37123534,0.81123537,2.3512354,1.7312354,1.3412354,1.4612354,0.6112354,0.12123535,-0.64876467,-0.98876464,0.39123535,0.77123535,1.4112353,0.50123537,-0.80876464,-1.7787646,-2.6387646,-3.8087647,-4.7087646,-2.0087647,0.021235352,-0.03876465,-2.9087646,-1.8287647,0.40123534,1.8112353
0.49123535,0.48123536,1.0112354,0.31123534,0.0012353515,0.50123537,1.3212353,1.7712353,2.1012354,2.0212355,1.8912354,1.7412354,2.3312354,0.58123535,-1.3787646,-1.8287647,-1.1087646,1.7212354,2.8912354,1.7212354,2.3812354,2.3012354,1.4112353,1.0712353,-0.27876464,0.23123536,0.89123535,2.5712354,1.9912354,1.3612354,-0.60876465,-2.4287646,-3.6687646,-3.7387648,-4.888765,-1.5187646,-0.31876466,2.0212355,1.0512353,1.2112354,0.16123535
1.1912353,1.8912354,1.6612353,1.5112354,1.0712353,0.08123535,-0.39876464,0.12123535,0.28123534,0.95123535,0.42123535,0.29123536,2.0112352,2.3512354,1.0012354,-0.09876465,-0.5087646,-0.74876463,2.2412353,3.0912354,2.6112354,2.4012353,2.2712355,1.2812353,1.6112354,0.33123535,2.5412354,3.6912353,3.3512354,2.2912354,1.1812353,-0.89876467,-1.7087647,-2.7987647,-2.7687647,-3.4687645,-2.1787646,0.07123535,1.3512354,1.6512353,0.47123536
0.07123535,0.15123536,1.7312354,2.0412354,2.3612354,0.9912354,0.60123533,0.6712353,0.71123534,0.8712354,0.76123536,0.5512354,0.19123535,1.2012353,1.0712353,0.70123535,0.36123535,0.26123536,-0.22876465,2.3012354,3.4812353,3.0312355,2.6512353,2.3912354,2.4812353,2.9112353,2.8812354,3.6112354,3.4112353,3.0012352,2.2412353,0.95123535,-0.32876465,-1.3587646,-1.5987647,-1.9487647,-2.2987647,-1.5487647,-1.9887646,-1.6087646,-0.14876465
1.0512353,0.9912354,1.5212353,1.4412353,-0.04876465,0.04123535,-2.2287645,-1.0187646,-0.60876465,0.13123535,1.9412353,1.1812353,0.34123534,0.48123536,0.36123535,0.56123537,1.0212353,1.3112353,0.40123534,1.3312354,2.6712353,3.1312354,2.7912354,2.2512352,2.9112353,3.4012353,3.1112354,3.2312353,3.1612353,3.1512353,3.2212353,2.7312353,1.7312354,0.78123534,-0.30876464,-1.0087646,-1.2887646,-1.1187646,-1.3287647,-0.67876464,-1.1387646
1.7912353,2.3212354,2.4512353,2.7812355,2.4212353,2.3012354,2.0312355,1.8612354,1.8712354,-0.64876467,-1.5887647,0.32123536,1.7812353,0.24123535,0.16123535,-0.7087647,0.18123536,0.84123534,1.3112353,1.1612353,1.6812353,2.5712354,2.8312354,2.7412353,2.8812354,3.2912354,3.4712353,3.3312354,3.0412354,2.7912354,3.5012352,3.8512354,2.7512352,2.4812353,1.9712354,1.3912354,0.72123533,0.46123534,0.60123533,0.11123535,-0.14876465
