wind_kz.json
{"header": {"discipline":0,"disciplineName":"Meteorological products","gribEdition":2,"gribLength":1102,"center":7,"centerName":"US National Weather Service - NCEP(WMC)","subcenter":0,"refTime":"2023-09-20T06:00:00.000Z","significanceOfRT":1,"significanceOfRTName":"Start of forecast","productStatus":0,"productStatusName":"Operational products","productType":1,"productTypeName":"Forecast products","productDefinitionTemplate":0,"productDefinitionTemplateName":"Analysis/forecast at horizontal level/layer at a point in time","parameterCategory":2,"parameterCategoryName":"UnknownDiscipline_0_Category_2","parameterNumber":2,"parameterNumberName":"UnknownParameter_D0_C2_2","parameterUnit":"Unknown","genProcessType":2,"genProcessTypeName":"Forecast","forecastTime":240,"surface1Type":103,"surface1TypeName":"Specified height level above ground","surface1Value":10.0,"surface2Type":255,"surface2TypeName":"Missing","surface2Value":0.0,"gridDefinitionTemplate":0,"gridDefinitionTemplateName":"Latitude_Longitude","numberPoints":615,"shape":6,"shapeName":"Earth spherical with radius of 6,371,229.0 m","gridUnits":"degrees","resolution":48,"winds":"true","scanMode":64,"nx":41,"ny":15,"basicAngle":0,"lo1":47.0,"la1":41.0,"lo2":87.0,"la2":55.0,"dx":1.0,"dy":1.0}, "data":
[rows 0 to 14 of 15, columns 0 to 40 of 41]
-1.2738422,0.70615786,-1.0838422,-4.573842,-4.683842,-5.453842,-8.183842,-8.673842,-8.723843,-7.163842,-6.143842,-6.383842,-6.8138423,-7.053842,-6.5038424,-6.653842,-5.933842,-7.093842,-5.763842,-3.4838421,-0.76384217,0.60615784,0.9461578,4.2261577,-0.8138422,1.5761578,4.316158,3.8161578,2.1261578,1.9761578,5.9161577,1.2861578,-0.20384216,-2.8438423,-3.573842,-3.1038423,1.2361579,1.6761578,4.1261578,3.1361578,3.5161579
0.60615784,-2.1238422,-6.823842,-5.943842,-5.363842,-4.0438423,-4.533842,-9.053843,-7.823842,-7.513842,-7.913842,-8.033842,-7.593842,-6.7938423,-6.413842,-5.823842,-5.2738423,-6.013842,-4.593842,-2.543842,-1.0738422,-3.253842,0.70615786,3.6661577,2.196158,0.64615786,1.3861579,4.2461576,3.926158,2.8761578,2.6661577,2.196158,2.0261579,2.246158,1.9761578,1.9261578,-1.1438422,0.12615784,-1.0938421,-0.96384215,0.16615784
-5.2338424,-5.8738422,-7.593842,-6.8738422,-6.7938423,-6.933842,-7.993842,-7.163842,-9.623842,-8.603842,-8.983842,-8.013843,-6.973842,-6.893842,-6.5238423,-6.4638424,-6.803842,-6.3338423,-5.403842,-3.7138422,0.14615783,-0.37384215,-7.643842,-5.683842,0.64615786,1.0461578,1.8861579,3.716158,5.2461576,2.3761578,2.996158,1.4861579,-0.9938422,2.7561579,1.1361579,1.2361579,1.2961578,-0.19384216,4.926158,5.176158,2.3561578
-8.193842,-9.073842,-8.793842,-7.653842,-6.143842,-7.6238422,-7.423842,-8.953842,-8.773842,-8.883842,-8.693842,-8.8438425,-9.313842,-8.893842,-7.573842,-7.6238422,-7.363842,-6.913842,-6.673842,-6.283842,-6.263842,-4.423842,-1.1038421,-1.7038422,-1.3238422,-1.5838422,-1.2338421,-3.6338422,0.89615786,3.206158,4.676158,5.2661576,8.826158,10.736157,7.1861577,2.8661578,2.3761578,2.1261578,-1.1438422,-3.5938423,-3.9438422
-9.293842,-9.183842,-8.383842,-7.743842,-8.083842,-8.763843,-8.163842,-8.663842,-8.553843,-8.263843,-8.603842,-9.213842,-9.073842,-9.273842,-8.473843,-7.163842,-7.1038423,-6.923842,-6.913842,-7.613842,-7.923842,-6.933842,-5.6038423,-4.2938423,-3.773842,-3.3938422,-3.2138422,-1.1838422,0.37615785,-0.6138422,-2.3738422,3.0461578,3.0361578,8.016158,0.58615786,-4.8738422,12.356157,2.8561578,-1.6438422,-0.13384217,0.43615782
-8.073842,-7.093842,-7.513842,-8.613842,-10.003842,-9.683842,-8.853842,-8.133842,-7.843842,-7.5438423,-7.513842,-7.303842,-7.8738422,-8.683842,-7.0838423,-6.513842,-6.2938423,-6.163842,-5.9838424,-5.653842,-6.283842,-5.823842,-5.0038424,-4.7538424,-3.7138422,-3.6238422,-3.263842,-3.6738422,-2.503842,-1.6538422,-1.4838421,-2.1738422,-1.0538422,0.17615783,4.836158,7.256158,4.1861577,6.7861576,14.106157,7.886158,-4.0838423
-7.433842,-7.193842,-7.323842,-7.723842,-8.723843,-7.173842,-7.3138423,-6.913842,-7.0838423,-6.5038424,-5.883842,-6.4838424,-6.113842,-6.2738423,-6.133842,-5.783842,-5.413842,-4.893842,-4.163842,-4.303842,-4.643842,-4.0638423,-3.6738422,-2.9338422,-2.313842,-1.9638422,-2.313842,-2.033842,-2.753842,-2.543842,-2.753842,-2.4738421,-1.6438422,1.0161579,7.0361576,6.4761577,4.2061577,-0.38384217,1.5761578,6.3961577,7.276158
-6.643842,-6.683842,-6.183842,-5.923842,-5.033842,-4.893842,-4.8538423,-4.613842,-4.913842,-4.453842,-4.1038423,-4.4638424,-4.223842,-4.683842,-4.3138423,-3.8738422,-3.4438422,-3.3938422,-3.303842,-2.9338422,-2.6838422,-1.9538422,-1.8138422,-0.91384214,-0.35384217,0.28615785,0.83615786,0.6861578,-0.15384217,-0.66384214,-1.1338421,-0.96384215,-1.5638422,-2.2438421,-1.3538421,2.5061579,5.486158,9.966158,9.006158,9.706158,6.526158
-6.5438423,-6.0438423,-5.7538424,-5.2738423,-3.9238422,-2.9838421,-2.7438421,-2.763842,-2.9038422,-2.573842,-2.263842,-1.5138421,-2.293842,-1.5538422,-1.5638422,-1.2938422,-1.7238421,-1.4138422,-1.2038422,-0.76384217,0.12615784,0.65615785,0.35615784,1.0861578,1.6561579,2.226158,2.7961578,2.5761578,2.3061578,2.3761578,2.0761578,1.3561578,1.8461578,1.7861578,1.8161578,3.0361578,2.1361578,1.3261578,2.1261578,2.986158,1.7961578
-5.6038423,-5.423842,-5.0838423,-4.593842,-4.243842,-3.253842,-1.6438422,-0.6738422,-0.013842163,0.18615784,0.76615787,1.4061579,1.1261579,0.9961578,1.0761578,1.1361579,1.4661578,1.4161578,1.6761578,1.4661578,1.3861579,1.3761579,1.7361579,1.8561578,2.6061578,3.206158,2.976158,3.726158,3.946158,4.4761577,4.256158,5.006158,4.7261577,4.106158,4.006158,3.0761578,2.0761578,1.8961579,3.186158,2.726158,2.9161577
-4.263842,-4.243842,-3.8538423,-3.9438422,-3.3338423,-3.1038423,-1.8338422,-0.53384215,1.2661579,3.0161579,3.8661578,4.556158,3.456158,4.406158,4.296158,4.096158,3.9061577,3.2761579,2.8261578,2.8661578,3.496158,4.3961577,4.566158,3.7761579,2.936158,3.2961578,4.076158,3.7561579,4.716158,4.776158,4.776158,5.066158,5.176158,4.5161576,4.6461577,3.7561579,1.7361579,0.64615786,0.76615787,-1.0138421,0.67615783
-2.4638422,-2.7038422,-2.533842,-2.523842,-2.283842,-1.6338421,-1.5138421,-0.91384214,-0.5638422,0.8761578,2.7661579,4.6261578,5.1461577,5.576158,5.4361577,4.7861576,5.316158,5.566158,4.886158,5.486158,4.926158,4.5361576,4.156158,3.8961577,4.326158,4.216158,4.616158,4.8761578,5.1661577,5.1661577,4.836158,5.046158,4.3761578,4.6861577,3.996158,5.236158,5.586158,5.556158,5.046158,5.156158,5.096158
-0.7438422,-0.20384216,-0.54384214,-0.7438422,-0.47384217,0.026157837,0.49615782,0.42615783,0.98615783,0.06615784,1.2261578,2.946158,3.6061578,4.7261577,3.7861578,3.456158,4.356158,4.6261578,4.3761578,4.546158,4.556158,4.576158,3.956158,4.296158,4.3761578,4.716158,4.446158,5.106158,5.026158,4.796158,5.086158,5.196158,5.326158,4.1861577,4.596158,5.306158,5.906158,4.636158,6.546158,6.7461576,5.236158
1.2761579,1.7161578,1.1261579,1.9261578,1.6161579,1.8861579,2.3961577,2.6161578,2.0961578,1.6861578,0.96615785,2.196158,2.2661579,3.1161578,3.8161578,5.026158,5.136158,5.046158,5.1461577,4.986158,4.866158,4.9361577,5.096158,4.7861576,4.8961577,4.986158,4.4961576,4.846158,4.826158,4.986158,4.9561577,4.716158,5.2061577,4.366158,4.6661577,5.406158,5.076158,5.716158,6.3761578,5.276158,6.696158
1.9361578,2.466158,2.746158,2.5461578,3.0361578,3.1561577,3.7961578,3.466158,3.8061578,2.746158,1.7061578,4.2261577,3.4061577,3.6461577,5.346158,5.076158,5.9761577,5.866158,5.4161577,5.8961577,5.196158,5.156158,5.2661576,5.2461576,5.1461577,4.846158,5.2861576,5.046158,5.2061577,5.076158,4.816158,4.696158,4.696158,5.356158,5.576158,5.7661576,4.386158,5.906158,6.816158,6.986158,5.1261578
