wind_kz.json
{"header": {"discipline":0,"disciplineName":"Meteorological products","gribEdition":2,"gribLength":1102,"center":7,"centerName":"US National Weather Service - NCEP(WMC)","subcenter":0,"refTime":"2024-04-07T12:00:00.000Z","significanceOfRT":1,"significanceOfRTName":"Start of forecast","productStatus":0,"productStatusName":"Operational products","productType":1,"productTypeName":"Forecast products","productDefinitionTemplate":0,"productDefinitionTemplateName":"Analysis/forecast at horizontal level/layer at a point in time","parameterCategory":2,"parameterCategoryName":"UnknownDiscipline_0_Category_2","parameterNumber":2,"parameterNumberName":"UnknownParameter_D0_C2_2","parameterUnit":"Unknown","genProcessType":2,"genProcessTypeName":"Forecast","forecastTime":120,"surface1Type":103,"surface1TypeName":"Specified height level above ground","surface1Value":10.0,"surface2Type":255,"surface2TypeName":"Missing","surface2Value":0.0,"gridDefinitionTemplate":0,"gridDefinitionTemplateName":"Latitude_Longitude","numberPoints":615,"shape":6,"shapeName":"Earth spherical with radius of 6,371,229.0 m","gridUnits":"degrees","resolution":48,"winds":"true","scanMode":64,"nx":41,"ny":15,"basicAngle":0,"lo1":47.0,"la1":41.0,"lo2":87.0,"la2":55.0,"dx":1.0,"dy":1.0}, "data":
[rows 0 to 14 of 15, columns 0 to 40 of 41]
1.9544116,1.5844116,-0.41558838,3.0644116,1.0244117,2.1744115,-0.41558838,-3.2955885,-4.0455885,-4.155588,-0.9555884,-1.6955884,-3.8955884,-3.2355883,-3.1055884,-2.0155883,-4.5655885,-5.8755884,-1.8655884,-2.5455885,-1.5055884,-0.14558838,-0.23558837,1.8044116,0.08441162,1.2744117,0.7344116,1.6644117,2.4644117,2.4544115,1.7744117,1.7044116,2.5244117,5.4944115,1.9344116,-2.0355883,5.0244117,7.634412,9.084412,9.464412,9.784411
-1.0355884,-1.3355883,2.1244116,1.4244117,1.1944116,1.3644116,-2.9855883,-3.8355885,-4.4955883,-4.2055883,-2.1855884,-2.6755884,-3.8955884,-3.9555883,-3.6455884,-3.4255884,-3.3955884,-5.4955883,-2.1655884,-3.6955884,-1.2755884,-3.4755883,-2.0355883,-1.2855884,-0.28558838,-1.2355884,-1.6155884,-0.18558837,3.3844116,-0.6055884,-0.61558837,1.0744116,1.9244117,0.41441163,1.1144116,4.8744116,4.7644114,0.42441162,-0.31558838,6.5344114,9.364411
-3.9355884,-1.4855884,-0.56558836,1.1544117,3.8644116,-1.8855884,-3.9055884,-3.9555883,-4.2655883,-4.905588,-4.9155884,-4.095588,-4.0055885,-3.9455884,-4.0655885,-4.1455884,-4.2955885,-3.1355884,-2.0555885,0.12441162,-7.5055885,-7.6255884,-5.4155884,-7.1255884,-2.9255884,-4.365588,-4.4655886,-3.7455883,0.5944116,-1.3155884,0.6544116,-1.8055884,0.5344116,4.7844114,5.5744114,0.36441162,1.4644116,-0.67558837,9.404411,10.754412,8.844412
-4.6255884,-2.8155885,-1.4455884,1.8744116,-1.5855883,-3.7255883,-3.5255883,-4.1955886,-4.3955884,-5.385588,-6.0355883,-5.6755886,-4.7555885,-2.2155883,-4.9555883,-5.7955885,-6.1255884,-5.8755884,-6.1255884,-8.505589,-4.7655883,-9.205588,-7.9155884,-7.9255886,-8.775588,-8.605588,-8.475589,-8.745588,-7.7555885,-5.075588,-2.4155884,-0.09558838,10.384412,11.124412,6.904412,3.6944115,-0.08558838,3.1544116,1.2144116,-0.25558838,2.6744115
-4.2055883,-3.1755884,-2.5155883,-1.3555884,-0.8455884,-3.0255883,-3.0355883,-3.8055885,-3.7255883,-4.1455884,-5.1955886,-5.095588,-2.5455885,-0.39558837,0.35441163,-6.0555882,-6.825588,-7.2455883,-7.905588,-9.395588,-10.195588,-9.665588,-9.235588,-9.445588,-9.845589,-9.805589,-9.025588,-8.375588,-8.165588,-7.075588,-6.7855883,-4.8955884,-1.4755883,1.3244116,1.5144116,-3.1155884,14.224412,4.5444117,3.9144115,11.054412,9.324411
0.2544116,0.74441165,-1.8955884,-1.4755883,-1.4155884,0.41441163,0.6444116,-1.4455884,-2.0255883,-1.7955884,-2.1055884,-3.0855885,-3.0255883,-1.5155884,-1.5755883,-4.7155886,-5.9655886,-6.6955886,-7.7755885,-7.1055884,-8.265589,-7.885588,-7.9955883,-8.365588,-8.565588,-9.025588,-7.9655886,-4.1955886,-6.8955884,-7.4855886,-6.3555884,-5.3555884,-2.7255883,-1.3255883,2.7244117,2.6844115,7.4344115,17.454412,6.1244116,15.304412,11.734411
0.9144116,2.2644117,1.9444116,0.23441163,1.1244116,3.8244116,0.57441163,-0.03558838,-0.30558836,-0.26558837,-0.0155883785,-0.17558838,-0.9655884,-2.1055884,-2.6855884,-3.1355884,-3.6355884,-4.1855884,-4.7555885,-5.5055885,-5.7655883,-5.4255886,-4.825588,-4.5155883,-5.0655885,-5.575588,-5.135588,-4.635588,-4.4955883,-4.135588,-3.5055883,-2.8455884,-1.8055884,-0.32558838,2.2444117,-0.4055884,0.4044116,5.924412,8.4544115,3.4244115,12.594412
3.4544115,3.4544115,3.6544116,4.1244116,4.2644114,4.1444116,3.3844116,3.3044116,3.1744115,2.5244117,2.5144117,2.2644117,1.1244116,0.8644116,-0.33558837,-0.38558838,-1.1755884,-1.1155884,-1.1755884,-2.0555885,-2.4955883,-2.2555883,-2.0555885,-1.4355884,-1.3555884,-1.3555884,-0.48558837,-0.11558838,-0.42558837,-1.1855884,-0.9555884,-0.5155884,-0.45558837,-0.4955884,0.9744116,4.1644115,6.3144116,9.244411,12.074411,16.864412,12.874412
5.9644117,5.7944117,6.0344114,5.9744115,5.5044117,5.5344114,5.7344117,5.094412,5.154412,5.094412,5.134412,4.8544116,5.4644117,3.6444116,3.3244116,2.5444117,2.4244115,2.3744116,1.9744116,2.2144117,2.0444117,1.5644116,0.9244116,0.39441162,0.82441163,0.5144116,1.2544116,2.4944117,2.7544117,3.0944116,2.2544117,1.0944116,0.8344116,1.0644116,2.3544116,3.4844117,4.634412,3.5644116,0.9644116,2.0644116,1.2244116
6.7244115,6.4544115,7.2244115,7.654412,7.7844114,6.1644115,6.8544116,6.924412,7.2144117,6.9644117,7.2744117,7.5644116,7.0344114,6.7244115,6.1044116,5.924412,5.364412,5.0744114,4.654412,4.6644115,5.3344116,4.4444118,3.4944117,3.1644115,3.0844116,3.0044117,3.4344115,3.1844115,2.7344117,2.9044116,2.3344116,1.9644116,1.1144116,2.2444117,1.9144117,1.6844116,2.2444117,2.1644115,-0.5755884,0.02441162,1.9744116
5.3544116,6.3144116,6.9544115,6.7644114,5.3744116,7.5544114,8.564411,8.774411,6.3344116,6.8044114,7.3244114,7.4544115,7.3144116,8.004412,7.8144116,7.6644115,7.8344116,7.2544117,6.5144114,6.7744117,6.9444118,6.2244115,5.344412,4.8944116,4.3344116,4.0444117,4.2844114,5.0444117,4.2344117,3.1344116,2.1844115,1.6844116,1.9344116,2.2944117,2.2044115,0.044411622,-0.56558836,0.9544116,1.1944116,-0.23558837,-0.10558838
5.7144117,6.1644115,6.6444116,7.3344116,7.1044116,7.2944117,5.404412,5.5744114,6.3244114,5.9944115,6.114412,7.8344116,7.9344115,7.9344115,8.634412,7.9444118,8.344412,8.014412,7.5044117,6.9544115,7.114412,6.3944116,5.9844117,5.404412,5.7944117,5.8244114,5.6244116,5.2844114,3.7144117,3.5744116,2.2844117,2.6744115,2.5744116,1.5444117,2.1244116,1.4944116,0.48441163,0.75441164,1.7344116,2.1244116,1.7744117
5.3244114,6.5244117,6.3344116,6.674412,6.3944116,4.924412,5.9444118,6.2744117,6.404412,5.7644114,4.5544114,6.5344114,7.5144114,7.364412,7.2944117,7.2244115,8.184412,8.774411,7.4444118,7.9844117,7.6244116,7.1844115,7.3044114,6.844412,7.2944117,6.9644117,6.1444116,5.0744114,3.9744117,2.8844116,2.8144116,3.4144115,3.1244116,2.6344116,3.5044117,2.5344117,2.2744117,1.4744116,1.0744116,2.6144116,2.7144117
5.9344115,6.7844114,5.9444118,7.3744116,7.404412,7.0744114,7.174412,7.134412,6.6244116,6.7944117,3.7944117,5.1844115,5.4644117,6.864412,7.9544115,7.8144116,8.014412,7.674412,7.9344115,8.194411,8.9544115,9.004412,9.734411,8.964412,7.7944117,6.5644116,5.5544114,5.1644115,3.4744117,3.1044116,3.2444117,3.0144117,2.5344117,2.4844117,2.1544116,2.5044117,2.6244116,1.7144116,2.8944116,2.9844117,0.9144116
5.0844116,6.6244116,7.174412,7.9644117,7.7844114,7.654412,8.414412,7.7144117,7.5044117,6.7444115,4.8944116,7.8344116,7.2544117,6.094412,6.864412,6.1044116,7.8944116,7.864412,7.9544115,8.254412,8.644412,8.524411,8.4544115,8.064411,8.044412,6.9744115,5.844412,4.8344116,3.8044116,3.4644117,3.2944117,3.1144116,2.6744115,2.6044116,2.6644115,2.8144116,1.6144116,3.8444116,3.0244117,3.2444117,1.8844116
