wind.json
{"header": {"discipline":0,"disciplineName":"Meteorological products","gribEdition":2,"gribLength":1125,"center":7,"centerName":"US National Weather Service - NCEP(WMC)","subcenter":0,"refTime":"2023-05-30T18:00:00.000Z","significanceOfRT":1,"significanceOfRTName":"Start of forecast","productStatus":0,"productStatusName":"Operational products","productType":1,"productTypeName":"Forecast products","productDefinitionTemplate":0,"productDefinitionTemplateName":"Analysis/forecast at horizontal level/layer at a point in time","parameterCategory":2,"parameterCategoryName":"UnknownDiscipline_0_Category_2","parameterNumber":3,"parameterNumberName":"UnknownParameter_D0_C2_3","parameterUnit":"Unknown","genProcessType":2,"genProcessTypeName":"Forecast","forecastTime":120,"surface1Type":103,"surface1TypeName":"Specified height level above ground","surface1Value":10.0,"surface2Type":255,"surface2TypeName":"Missing","surface2Value":0.0,"gridDefinitionTemplate":0,"gridDefinitionTemplateName":"Latitude_Longitude","numberPoints":688,"shape":6,"shapeName":"Earth spherical with radius of 6,371,229.0 m","gridUnits":"degrees","resolution":48,"winds":"true","scanMode":64,"nx":43,"ny":16,"basicAngle":0,"lo1":45.0,"la1":40.0,"lo2":87.0,"la2":55.0,"dx":1.0,"dy":1.0}, "data":
[rows 0 to 15 of 16, columns 0 to 42 of 43]
-3.7396765,2.3803234,0.5503235,-1.2396765,2.4103234,-7.4396763,-3.4696765,-4.3096766,-7.1796765,-6.6296763,-3.7996764,-2.1896765,-2.1996765,-2.1696765,-3.4096766,-3.9496765,-4.2796764,-1.9196765,-4.8096766,-4.0396767,-3.5696764,-1.4496765,-0.21967651,3.6003234,4.9903235,2.9503236,0.22032349,3.8003235,1.6103234,0.14032349,-0.4596765,-2.3696766,-1.6196765,-1.9196765,-1.6696765,-0.9996765,2.7903235,2.2903235,1.1703235,-0.7096765,-3.2096765,-1.4596765,-1.6996765
0.6503235,-1.6796765,-0.3896765,-3.6396766,0.07032349,-7.6596766,-1.9596765,-3.1796765,-4.0896764,-5.2696767,-1.6396766,-2.4096766,-1.8296765,-3.0496764,-1.4696765,-4.0496764,-4.9496765,-3.6296766,-4.0996766,-4.6996765,-3.9996765,-3.1896765,-2.0596764,3.3703234,3.5803235,-1.7296765,-0.34967652,-4.1696763,-1.6696765,1.2003235,1.5503235,1.9003235,-2.1296766,-1.9796765,2.2303236,-2.3896766,-3.4096766,3.4403236,3.7003236,2.2603235,-0.019676514,-2.2496765,-1.3396765
-0.6596765,-7.8096766,1.4403235,0.37032348,-2.7896764,-5.0096765,-4.4196763,-3.8096764,-4.3396764,-3.6596766,-4.5096765,-1.6896765,-2.7496765,-3.0196764,-4.2396765,-5.8796763,-5.1896763,-3.8896766,-4.7196765,-5.2596765,-5.6696763,-3.0996766,-5.1196766,-1.8696765,5.3003235,1.9403235,-0.8096765,-2.2796764,-1.0696765,-0.31967652,0.3803235,1.3403234,3.1303234,2.4903235,-1.0896765,-0.9496765,-4.4796767,-1.2696766,-2.0296764,-2.4896765,-1.5396765,-1.8496765,1.3403234
0.24032348,1.6803235,-0.9096765,-0.9596765,-1.5796765,-2.5896766,-3.0796766,-3.0196764,-1.9296765,-1.9796765,0.2303235,0.050323486,-0.8396765,-1.9496765,-3.4796765,-4.4396763,-5.9196763,-4.9896765,-4.0296764,-5.0696764,-3.5896766,-3.0896766,-2.7796764,-2.7896764,-1.8596765,-1.4696765,0.37032348,1.6203235,0.7803235,1.0703235,-0.09967651,2.9303236,3.5303235,1.0303235,2.9303236,-1.5396765,-0.20967652,3.3203235,3.7103236,0.40032348,-0.5596765,1.3403234,1.0103235
-3.6496766,-5.0396767,-6.5396767,-3.9696765,-3.2496765,-2.6596766,-1.5296766,0.7803235,-0.30967653,-3.2996764,2.5603235,2.7003236,1.1003234,-1.2596765,-4.0796766,-3.6996765,-5.1296763,-5.0596766,-4.0396767,-4.5296764,-3.0496764,-2.7096765,-2.2996764,-1.7096765,0.4203235,-2.0096765,-1.3896766,-2.4096766,-0.5596765,-0.009676513,0.16032349,0.7403235,-0.8996765,0.5603235,-0.3696765,-3.2596765,1.2203234,-2.5396764,-1.3196765,2.6803236,4.4203234,2.3303235,1.9003235
-5.8896766,-7.5196767,-6.5796766,-11.569676,-2.3196764,-3.0896766,-3.0496764,-3.5496764,-3.9396765,3.5403235,2.0703235,3.1103234,3.4403236,1.9603235,-2.2496765,-4.5696764,-5.1696763,-2.9296765,-2.2496765,-3.6496766,-2.6696765,-3.6396766,-3.1796765,-1.4396765,0.5203235,-0.34967652,-0.7196765,-2.1596766,-3.6896765,-3.7396765,-2.9296765,-1.7096765,-1.2296765,0.9103235,1.9603235,0.63032347,-1.0896765,-1.6496766,-0.4796765,-2.7996764,-1.3496765,-1.1196765,-5.3096766
-4.2196765,-6.1096764,-6.2896767,-8.319676,-10.479676,-3.3796766,-4.9196763,-6.5796766,-5.1596766,1.1303235,2.2403235,2.3803234,5.7203236,3.9403236,0.9703235,-1.9896765,-3.4796765,-1.8296765,-0.5996765,-1.4296765,-1.7696766,-2.2796764,-2.7896764,-1.8596765,-1.0796765,1.0903234,0.9103235,-0.7096765,-1.1596766,-2.1696765,-2.6396766,-1.8496765,-1.8796765,0.12032349,-0.24967651,-1.8696765,2.5603235,0.19032349,3.9103234,2.1203234,-2.5096765,-0.8496765,-3.7696764
-6.5696764,-6.7396765,-7.2596765,-8.139676,-10.269676,-13.219677,-9.039677,-2.4096766,-2.9296765,3.3303235,3.4303236,1.5403235,-1.6296765,3.8603234,4.0703235,2.0803235,-0.23967652,-2.1396766,-2.0996766,0.3603235,0.6903235,-1.0296766,-1.7696766,-2.6896765,-2.4796765,-2.3296766,-1.4196765,-1.9996765,-0.5596765,-2.8296766,-1.6196765,-2.3396766,-1.0196766,-1.9596765,-1.4396765,-1.1796765,-2.0496764,-2.7196765,-5.0196767,-2.4296765,-1.3096765,-2.7696764,-5.1896763
-6.6196766,-7.6796765,-8.749677,-7.6096764,-10.299677,-10.909677,-11.719677,-11.419677,-6.5596766,-6.5996766,2.0203235,-0.7296765,-2.7296765,0.28032348,-3.3296766,1.5503235,-0.3396765,-1.1196765,-2.8496766,-3.5696764,-0.7696765,1.0703235,-0.7596765,-1.8596765,-3.2896764,-2.2096765,-2.3096764,-0.7796765,-1.3496765,-3.3596766,-3.0996766,-4.0796766,-3.8896766,-2.1496766,-2.8596766,-3.2796764,0.040323485,-0.30967653,-1.5596765,-4.5696764,-2.7296765,1.2103235,-1.3296765
-5.8396764,-5.1296763,-6.7496767,-8.009677,-9.479676,-8.649676,-8.769676,-10.729676,-10.989676,-3.2096765,-3.1596766,-0.9696765,-0.009676513,-0.79967654,-2.5296764,-3.9596765,1.3603234,0.040323485,-1.5196766,-2.6796765,-2.7196765,-0.9396765,0.4503235,-1.4896765,-1.1696765,-0.4296765,-0.85967654,-1.6596766,-0.54967654,-0.8996765,-1.1996765,-1.8396765,-1.8696765,-2.0596764,-2.5096765,-1.9796765,0.030323487,-1.2596765,-3.7996764,-0.23967652,-1.6496766,-1.3996766,-1.3896766
-4.1696763,-4.7196765,-3.7896764,-5.8496766,-7.1696763,-8.319676,-6.8296766,-6.3396764,-8.189676,-7.8196764,-1.4796765,-2.6496766,-3.0696764,-2.2796764,-1.6496766,-3.6396766,-2.8096764,1.5303235,1.7603235,-0.4796765,-0.6896765,-0.9696765,-0.28967652,0.3303235,-0.4796765,0.5503235,0.08032349,-0.07967652,-0.25967652,-0.9596765,-2.3896766,-2.5396764,-1.0196766,0.34032348,-1.4696765,-2.6296766,-2.1796765,0.4503235,0.10032348,-2.6496766,-1.2596765,0.4203235,-0.21967651
-2.9896765,-4.4396763,-4.0596766,-3.8096764,-6.6796765,-7.7396765,-6.9296765,-3.8496766,-4.5896764,-4.8296766,-7.5996766,-1.6596766,-1.4696765,0.15032348,2.3603234,-1.2496765,-4.5496764,-3.4996765,2.2403235,2.7403235,1.7303234,1.3803235,-0.7796765,-2.0996766,-0.4296765,1.5003235,1.4803234,1.8303235,0.020323487,-1.1896765,-0.92967653,-1.6296765,0.6103235,0.2303235,-1.4696765,-2.1296766,-3.5996766,-2.1196766,-0.5896765,1.5403235,0.030323487,-0.49967653,-0.5896765
-2.8696766,-2.9296765,-4.0796766,-4.5396767,-3.8396766,-5.7396765,-6.4596767,-4.3396764,-3.0396764,-3.8396766,-6.1696763,-1.5496765,-0.6596765,-3.1296766,-3.0096765,-3.0296764,-1.5396765,-1.1096765,-4.2496767,-4.3296766,-1.9496765,-0.7096765,2.4503236,-0.6396765,-2.2496765,0.8703235,1.1703235,0.8103235,2.1903236,2.3003235,1.6103234,1.0403235,-0.07967652,0.08032349,-0.009676513,-1.3496765,-1.5696765,-2.6896765,-1.7296765,0.3303235,1.6603235,1.8003235,1.0003235
-0.5996765,-0.9596765,-1.8496765,-3.4996765,-3.2696764,-2.5396764,-3.9096766,-3.6596766,0.040323485,1.1803235,-1.9896765,-2.3996766,0.3603235,-0.059676513,-0.8996765,-0.5596765,0.3903235,0.5503235,1.6703235,0.2703235,-2.1396766,-1.5596765,-2.5496764,3.0103235,1.4703234,0.7403235,-1.3596765,2.7303236,2.4403236,2.3203235,1.4703234,2.8603234,2.2303236,0.95032346,-1.5996765,-0.4596765,1.1003234,-1.2096765,-1.2996765,-1.3896766,-2.3896766,-1.6996765,0.5203235
-0.3996765,-0.8096765,-1.8096765,-1.7896765,-3.4996765,-2.6096766,-2.6796765,-3.2996764,-0.17967652,2.9403236,3.5303235,-3.6896765,1.1403235,-0.22967651,-0.5996765,2.6303234,4.1803236,2.9503236,5.1603236,3.2303236,-2.3996766,-3.0396764,-4.9996767,1.7703235,2.4603236,1.9603235,0.3303235,0.9903235,-1.9296765,1.0803235,1.9603235,1.3703235,0.9403235,-0.3896765,-2.3496766,-1.7796766,-0.9796765,-1.3596765,-0.14967652,-1.8896766,-2.7496765,-1.7096765,-1.2596765
0.28032348,-0.46967652,-0.73967654,-1.2896765,-1.3196765,-0.8296765,0.57032347,0.060323488,-1.6296765,3.4803236,0.8603235,-2.0296764,0.9403235,1.7003235,1.1703235,-1.3396765,1.4603235,2.6303234,3.3603234,2.9103234,2.0803235,-1.5596765,-1.6196765,-3.1996765,-1.4196765,3.1103234,1.5503235,2.5003235,1.3003235,0.6003235,2.7903235,2.3503234,1.8603234,0.44032347,-0.7296765,0.16032349,0.13032348,-1.5296766,-1.1296765,0.20032349,-0.6896765,-2.1196766,-1.2696766
