wind_kz.json
{"header": {"discipline":0,"disciplineName":"Meteorological products","gribEdition":2,"gribLength":871,"center":7,"centerName":"US National Weather Service - NCEP(WMC)","subcenter":0,"refTime":"2023-09-24T06:00:00.000Z","significanceOfRT":1,"significanceOfRTName":"Start of forecast","productStatus":0,"productStatusName":"Operational products","productType":1,"productTypeName":"Forecast products","productDefinitionTemplate":0,"productDefinitionTemplateName":"Analysis/forecast at horizontal level/layer at a point in time","parameterCategory":0,"parameterCategoryName":"UnknownDiscipline_0_Category_0","parameterNumber":0,"parameterNumberName":"UnknownParameter_D0_C0_0","parameterUnit":"Unknown","genProcessType":2,"genProcessTypeName":"Forecast","forecastTime":120,"surface1Type":1,"surface1TypeName":"Ground or water surface","surface1Value":0.0,"surface2Type":255,"surface2TypeName":"Missing","surface2Value":0.0,"gridDefinitionTemplate":0,"gridDefinitionTemplateName":"Latitude_Longitude","numberPoints":615,"shape":6,"shapeName":"Earth spherical with radius of 6,371,229.0 m","gridUnits":"degrees","resolution":48,"winds":"true","scanMode":64,"nx":41,"ny":15,"basicAngle":0,"lo1":47.0,"la1":41.0,"lo2":87.0,"la2":55.0,"dx":1.0,"dy":1.0}, "data":
[rows 0 to 14 of 15, columns 0 to 40 of 41]
301.90002,291.80002,298.7,293.60004,294.10004,293.2,305.00003,312.00003,308.30002,308.00003,306.00003,307.50003,306.50003,301.50003,306.50003,309.60004,308.60004,308.60004,313.10004,307.50003,310.50003,308.2,308.10004,305.90002,306.10004,303.90002,295.2,288.10004,285.30002,288.10004,289.00003,285.40002,291.7,305.60004,307.00003,306.80002,311.50003,312.30002,312.40002,314.2,316.10004
287.50003,297.80002,293.10004,293.60004,293.50003,292.40002,309.7,306.60004,305.90002,305.60004,306.30002,305.80002,305.90002,304.80002,307.40002,307.40002,308.50003,311.40002,308.80002,311.2,309.10004,307.2,306.90002,292.10004,274.10004,278.80002,296.10004,289.50003,288.7,282.30002,292.2,279.50003,288.60004,269.30002,285.80002,301.60004,304.00003,302.50003,307.90002,300.10004,284.60004
299.40002,293.2,293.50003,293.10004,291.50003,305.10004,304.90002,304.40002,304.2,303.2,303.40002,303.80002,305.50003,305.10004,303.80002,306.50003,307.00003,306.10004,301.80002,307.40002,309.2,305.60004,306.7,300.2,306.40002,302.7,306.10004,306.00003,304.50003,292.90002,279.30002,286.30002,293.7,295.40002,296.60004,293.90002,294.30002,293.2,295.40002,288.40002,286.10004
302.00003,292.40002,293.10004,292.2,294.7,303.80002,302.60004,304.50003,303.30002,303.2,302.80002,301.50003,291.2,290.60004,301.40002,304.40002,302.80002,305.30002,307.00003,308.2,305.40002,302.80002,302.50003,305.30002,306.00003,305.50003,306.10004,305.2,303.30002,307.00003,303.90002,299.80002,303.00003,305.80002,306.30002,300.00003,285.50003,274.80002,291.40002,299.50003,301.2
300.30002,291.90002,292.2,291.50003,296.40002,302.40002,302.7,303.00003,300.90002,300.80002,301.40002,301.10004,290.10004,289.00003,287.60004,302.10004,302.60004,301.7,302.10004,303.40002,304.90002,305.80002,303.00003,304.80002,307.50003,306.40002,307.2,300.2,306.2,307.40002,305.7,303.10004,288.50003,279.50003,291.10004,298.80002,299.10004,304.90002,303.10004,303.30002,302.50003
300.80002,301.90002,290.90002,291.50003,291.7,291.2,303.00003,301.10004,299.90002,300.00003,299.00003,298.30002,291.10004,289.90002,295.10004,299.40002,299.2,301.7,297.80002,291.40002,301.00003,300.90002,301.30002,300.30002,301.60004,306.30002,305.80002,288.2,303.00003,303.10004,304.2,302.2,300.7,296.10004,293.90002,294.60004,296.10004,297.2,307.2,303.7,300.90002
303.00003,304.00003,301.00003,301.80002,299.10004,301.80002,301.40002,299.80002,299.30002,298.40002,298.90002,296.7,295.40002,297.00003,298.00003,297.7,298.50003,298.60004,300.60004,299.30002,299.80002,295.10004,302.50003,299.40002,295.7,298.90002,300.80002,304.80002,302.50003,302.40002,304.60004,302.10004,301.10004,298.50003,298.00003,298.90002,295.60004,293.10004,277.10004,288.90002,296.30002
301.7,302.40002,301.80002,300.50003,299.90002,299.7,300.60004,299.60004,298.90002,296.90002,295.30002,295.2,295.2,295.2,297.10004,296.90002,296.80002,289.80002,288.60004,287.7,294.60004,297.00003,288.10004,295.50003,296.7,295.10004,292.2,294.40002,296.7,293.80002,298.60004,301.7,303.00003,298.50003,299.80002,299.30002,299.10004,286.80002,296.30002,295.30002,293.10004
301.2,300.00003,299.50003,299.40002,298.00003,298.30002,299.2,298.50003,297.90002,298.00003,294.60004,295.40002,294.2,295.40002,295.7,296.60004,295.00003,292.10004,294.60004,294.50003,294.30002,294.10004,295.2,291.30002,286.10004,291.90002,291.60004,285.90002,289.00003,285.30002,294.10004,296.50003,299.10004,297.60004,291.00003,287.60004,294.40002,294.2,273.2,273.2,274.00003
299.40002,297.30002,297.80002,297.7,297.7,298.2,298.40002,297.10004,296.40002,296.7,295.40002,293.90002,295.00003,294.40002,294.80002,294.80002,294.50003,294.7,296.60004,286.50003,289.50003,294.50003,295.50003,296.90002,285.40002,287.60004,292.80002,292.40002,291.7,285.40002,294.50003,295.30002,293.60004,296.90002,295.80002,296.50003,290.60004,286.90002,283.10004,284.10004,275.80002
298.50003,297.60004,296.80002,296.90002,296.7,296.80002,297.00003,297.00003,296.10004,295.30002,293.90002,293.30002,294.7,293.30002,294.00003,293.80002,293.50003,294.30002,291.40002,289.30002,290.50003,294.50003,293.50003,287.90002,288.00003,294.10004,291.10004,294.00003,293.10004,295.50003,297.2,297.10004,296.10004,294.7,294.40002,292.2,283.7,280.90002,287.00003,283.40002,281.7
295.80002,295.7,296.00003,295.90002,295.40002,295.60004,295.40002,295.00003,295.50003,294.60004,291.10004,290.50003,293.2,291.80002,292.2,292.80002,293.00003,293.00003,286.60004,289.00003,291.2,292.50003,292.00003,288.60004,292.00003,292.60004,289.2,289.10004,293.80002,295.60004,295.40002,294.60004,293.90002,293.30002,291.2,293.90002,291.30002,293.50003,286.50003,289.00003,287.80002
291.80002,293.50003,294.40002,294.00003,293.30002,292.60004,293.90002,291.00003,292.90002,292.40002,288.00003,287.30002,290.50003,289.80002,289.80002,285.7,292.40002,291.7,292.60004,291.7,291.40002,290.80002,289.7,289.60004,285.60004,288.10004,285.50003,285.2,293.2,293.90002,293.80002,289.40002,289.80002,292.2,291.30002,291.10004,290.2,287.60004,287.40002,287.40002,284.50003
293.00003,293.00003,289.90002,293.50003,292.90002,292.40002,288.7,285.30002,285.7,285.30002,286.7,284.30002,287.7,289.00003,289.40002,290.60004,290.40002,290.80002,291.30002,290.90002,289.10004,287.50003,287.90002,290.90002,287.50003,288.90002,287.30002,291.90002,289.00003,291.90002,292.2,284.80002,283.30002,282.80002,289.90002,288.60004,286.90002,285.00003,284.80002,283.2,285.00003
290.50003,293.00003,286.30002,292.60004,292.50003,291.00003,288.7,285.30002,284.40002,283.2,285.2,283.7,283.00003,286.60004,288.00003,289.30002,289.60004,292.30002,284.60004,284.80002,288.2,286.30002,286.90002,288.80002,286.7,284.90002,284.2,285.30002,291.10004,289.80002,282.30002,282.7,282.2,282.10004,281.7,281.60004,282.30002,285.50003,284.90002,283.50003,280.40002
