wind_kz.json
{"header": {"discipline":0,"disciplineName":"Meteorological products","gribEdition":2,"gribLength":1025,"center":7,"centerName":"US National Weather Service - NCEP(WMC)","subcenter":0,"refTime":"2024-03-19T06:00:00.000Z","significanceOfRT":1,"significanceOfRTName":"Start of forecast","productStatus":0,"productStatusName":"Operational products","productType":1,"productTypeName":"Forecast products","productDefinitionTemplate":0,"productDefinitionTemplateName":"Analysis/forecast at horizontal level/layer at a point in time","parameterCategory":2,"parameterCategoryName":"UnknownDiscipline_0_Category_2","parameterNumber":2,"parameterNumberName":"UnknownParameter_D0_C2_2","parameterUnit":"Unknown","genProcessType":2,"genProcessTypeName":"Forecast","forecastTime":120,"surface1Type":103,"surface1TypeName":"Specified height level above ground","surface1Value":10.0,"surface2Type":255,"surface2TypeName":"Missing","surface2Value":0.0,"gridDefinitionTemplate":0,"gridDefinitionTemplateName":"Latitude_Longitude","numberPoints":615,"shape":6,"shapeName":"Earth spherical with radius of 6,371,229.0 m","gridUnits":"degrees","resolution":48,"winds":"true","scanMode":64,"nx":41,"ny":15,"basicAngle":0,"lo1":47.0,"la1":41.0,"lo2":87.0,"la2":55.0,"dx":1.0,"dy":1.0}, "data":
[rows 0 to 14 of 15, columns 0 to 40 of 41]
-1.8848999,1.1251001,-1.4448999,2.6751,3.4851,4.3051,4.4851003,3.3851001,1.3051001,-2.9548998,-3.6049,-4.3048997,-3.9248998,-1.1048999,0.33510008,-1.3148999,-1.3048999,-2.0649,-3.0549,-3.5949,-3.1148999,-2.9949,1.9251001,1.1351001,-1.9448999,-1.1148999,0.6751001,0.7351001,-1.6048999,1.4551,0.9651001,0.6151001,-0.6448999,-1.4149,-2.8249,-2.3049,-3.2849,-2.8549,-2.5549,-2.0649,-2.7949
2.1151001,-1.9948999,2.1551,2.8651001,3.7951002,3.1451,1.5451001,0.2951001,-2.6049,-3.3648999,-3.7849,-3.7549,-3.4048998,-1.0249,-1.9848999,-2.2149,-2.7249,-2.6248999,-2.0749,-1.8348999,-0.6948999,1.1851001,2.1951,0.5851001,-0.3148999,0.045100097,0.6251001,0.5751001,1.5051001,1.2551001,0.5551001,0.4351001,0.7651001,2.0551002,0.7251001,0.8451001,-0.0348999,-1.1248999,0.3251001,-0.4948999,0.69510007
-2.0149,-0.9448999,0.8051001,1.4551,0.3651001,-1.9748999,-4.1949,-4.4249,-5.5849,-4.4249,-4.8349,-3.9548998,-2.9048998,-2.5049,-3.0649,-3.2149,-2.8149,-1.2448999,-0.7148999,0.8951001,2.2451,3.2751,2.6451,2.8051002,0.7451001,3.0651002,3.9551,3.2751,2.4951,0.4251001,0.9951001,-0.7648999,-0.2048999,1.3851001,1.1151001,1.8151001,0.6051001,0.33510008,0.5851001,5.7351003,5.5451
-2.7249,-2.4048998,-1.3748999,0.2551001,-3.5849,-2.4949,-2.0549,-4.3849,-4.6649,-4.7349,-3.7749,-3.6948998,-3.0949,-2.7649,-2.1049,-2.8549,-2.3848999,-1.4248999,-0.8148999,0.23510009,1.5351001,0.0351001,-0.5248999,-0.2048999,0.2551001,0.5851001,2.1151001,3.5151,4.9651003,2.3251002,-5.2349,-2.3948998,-2.7249,0.5251001,-1.3148999,-0.7648999,-0.6148999,2.5951002,-1.5648999,-1.5249,-3.3249
-3.4749,-3.4248998,-2.0049,-2.3149,-3.4148998,-4.9749,-5.6049,-5.0249,-4.3248997,-2.7949,-1.7548999,-2.1148999,-1.3648999,-1.2148999,-0.8348999,-1.5948999,-1.6748999,-0.7448999,-0.6248999,-1.4548999,-1.7648998,-2.0749,-2.5849,-2.1648998,-2.0949,-2.6748998,-3.8449,-0.6048999,-1.3548999,-1.9248999,-1.6549,0.8551001,1.2351002,3.7051,-2.3449,-1.6549,-1.6848999,-2.5649,-2.0349,-1.8548999,-1.4848999
-1.8648999,-2.4348998,-2.9949,-2.9949,-3.3648999,-4.3449,-4.8949,-3.2849,-2.8549,-1.8748999,-1.0148998,0.3251001,-0.2448999,-1.5848999,0.1451001,0.4451001,-0.3848999,-0.7648999,-0.9348999,-1.2448999,-1.8748999,-1.6748999,-0.5248999,-0.7048999,-0.9448999,-1.9149,-0.7048999,-0.8348999,0.2051001,0.9251001,-0.4648999,0.3651001,1.1651001,2.7751,2.1751,2.3551002,0.4351001,-1.1348999,-0.5848999,-1.0848999,0.7551001
-3.1348999,-2.9949,-2.1448998,-2.8349,-2.7149,-2.9248998,-2.4448998,-0.5348999,-0.5648999,-0.4648999,0.5051001,1.8351,0.8551001,0.2151001,-0.8648999,-0.6448999,-0.2848999,0.045100097,0.1351001,0.2251001,-0.3448999,-0.9948999,-0.8548999,-0.8248999,-0.5748999,0.3651001,0.5151001,0.3651001,0.2151001,1.6851001,1.4351001,0.1851001,-0.6748999,0.5251001,-3.0949,-1.5449,-0.3348999,1.8751001,2.4451,1.9951001,-0.7848999
-3.0149,-3.0249,-3.0549,-2.6948998,-2.7149,-2.5649,-1.5948999,-0.9148999,-0.3648999,0.3151001,0.33510008,0.1951001,0.12510009,0.4351001,-0.074899904,0.6751001,0.6251001,0.4551001,0.7351001,0.5151001,0.6551001,1.1451001,0.7551001,1.0351001,0.2751001,0.6751001,0.8051001,0.4951001,-0.0648999,-0.4548999,0.1651001,0.6751001,1.4351001,0.7951001,-0.7248999,-1.4848999,0.5451001,2.6651,-7.1249,-7.7949,-2.7048998
-0.8148999,-0.6848999,-0.6448999,-0.6948999,-0.7248999,-0.23489991,0.30510008,0.5651001,0.5651001,0.1451001,0.5751001,0.7851001,1.7951001,1.4851002,2.3951,2.6351001,2.8151002,2.8151002,1.6151001,1.5451001,1.5851,2.2051,1.7351002,1.5951,1.8451,1.0851,1.5451001,1.4651,1.4151001,1.3051001,1.8851001,2.8151002,2.8851001,1.8451,-0.8848999,-2.4448998,-0.5048999,0.2051001,-1.0648999,-0.6148999,1.3851001
0.8251001,0.8551001,0.9151001,1.0851,1.0551001,0.0851001,0.065100096,0.2251001,0.7251001,0.7251001,1.6351001,3.2951002,3.0351,2.8251002,3.3851001,2.8851001,3.1351001,3.5451002,2.7851,2.2051,4.1351,3.7251,2.7251,3.0751002,3.3451002,2.8551002,4.6451,3.8451002,3.5151,4.7151003,2.9651,3.8851001,2.6351001,3.0551002,-0.4948999,-0.7848999,-1.2248999,-0.9548999,1.3251001,1.8351,-0.9248999
2.6551,3.0051,2.7551,2.3551002,2.2551,1.5851,1.5251001,1.3751001,1.8851001,2.2451,2.9951,3.9251,2.8051002,4.7351003,4.5251,4.5451,4.5151,4.6251,2.7651,4.2751,4.9451003,3.9351,4.6051,4.0951,3.8951,3.9251,4.6851,6.8951,7.3551,6.7651,5.5451,2.3551002,4.1851,3.0151,0.8551001,-0.2748999,0.2251001,1.4551,0.5151001,0.2851001,1.0251001
2.0351,2.3151002,3.3751001,2.7551,3.3251002,2.7851,2.9551,3.5451002,2.7851,1.4651,2.8751001,6.3751,4.0851,5.5951,6.9051,5.7251,6.0551,6.3551,3.9951,5.3051,5.1851,5.6451,4.8951,4.5951,6.0251,5.9251003,6.4751,8.9951,7.9851003,6.9651003,2.5751002,3.6151001,4.8051,3.3751001,2.9551,4.2051,6.5151,6.3651,1.6651001,0.8151001,0.1651001
4.2551003,3.9451,3.3751001,4.2651,4.1651,4.4451003,4.0351,4.1651,4.9151,2.6551,3.4051,7.2651,5.7951,6.6751003,6.7951,6.5751,6.3351,6.2351003,4.2651,5.7151003,4.7751,5.5051003,6.8051,5.1251,7.0551,6.3951,6.2051,5.7151003,5.5151,5.3151,4.8051,4.8551,4.3551,4.0951,4.4551,5.1551,4.9651003,3.8251002,5.3951,4.3251,3.1851
5.2051,5.3351,2.6351001,5.2151003,4.6151,4.6551,5.0351,6.0251,5.6551,5.1951003,4.0551,5.9651003,9.0351,8.6451,7.9151,7.3251,6.9051,5.8251,4.4651003,6.2451,5.7151003,6.4351,7.4651003,6.6151,6.4551,4.8651,4.3051,4.6651,4.3851,4.7351003,4.5651,4.4751,4.4951,4.5051003,4.5151,5.3051,4.8351,4.6151,4.4251003,4.1951003,3.5951002
3.5251,5.8951,6.1251,5.6051,6.0951,5.8851,7.4251003,6.0751,7.2551003,5.7151003,3.4951,7.5251,7.7651,6.6551,7.8851,6.7351003,6.2551003,6.8551,5.0151,5.9551,5.4351,5.6551,5.3451,5.4151,5.4951,4.9351,4.6251,4.4351,4.1051,4.5351,4.9951,5.6751003,4.5651,4.9851003,5.4251003,5.8551,4.9651003,5.8651,5.0551,4.2551003,2.5751002
