wind.json
{"header": {"discipline":0,"disciplineName":"Meteorological products","gribEdition":2,"gribLength":1039,"center":7,"centerName":"US National Weather Service - NCEP(WMC)","subcenter":0,"refTime":"2023-05-30T18:00:00.000Z","significanceOfRT":1,"significanceOfRTName":"Start of forecast","productStatus":0,"productStatusName":"Operational products","productType":1,"productTypeName":"Forecast products","productDefinitionTemplate":0,"productDefinitionTemplateName":"Analysis/forecast at horizontal level/layer at a point in time","parameterCategory":0,"parameterCategoryName":"UnknownDiscipline_0_Category_0","parameterNumber":0,"parameterNumberName":"UnknownParameter_D0_C0_0","parameterUnit":"Unknown","genProcessType":2,"genProcessTypeName":"Forecast","forecastTime":0,"surface1Type":1,"surface1TypeName":"Ground or water surface","surface1Value":0.0,"surface2Type":255,"surface2TypeName":"Missing","surface2Value":0.0,"gridDefinitionTemplate":0,"gridDefinitionTemplateName":"Latitude_Longitude","numberPoints":688,"shape":6,"shapeName":"Earth spherical with radius of 6,371,229.0 m","gridUnits":"degrees","resolution":48,"winds":"true","scanMode":64,"nx":43,"ny":16,"basicAngle":0,"lo1":45.0,"la1":40.0,"lo2":87.0,"la2":55.0,"dx":1.0,"dy":1.0}, "data":
[rows 0 to 15 of 16, columns 0 to 42 of 43]
281.60254,278.00253,295.20255,300.30255,300.20255,293.10254,292.40253,291.80255,304.50253,302.40253,304.20255,302.40253,303.80255,302.80255,301.10254,299.70255,299.30255,299.00253,298.00253,298.60254,297.20255,295.80255,292.00253,293.80255,292.00253,288.80255,288.40253,282.00253,276.20255,275.50253,279.70255,288.60254,289.80255,291.20255,294.20255,294.80255,295.60254,293.50253,294.70255,294.70255,293.30255,293.40253,289.20255
287.50253,297.20255,296.60254,288.30255,294.20255,290.40253,291.00253,290.60254,298.80255,304.00253,302.30255,302.70255,300.20255,301.30255,300.00253,298.70255,299.00253,296.70255,298.60254,297.80255,298.20255,298.00253,300.40253,295.90253,292.10254,287.20255,295.40253,295.10254,287.80255,276.10254,276.20255,274.50253,274.40253,273.10254,287.20255,292.10254,293.30255,291.50253,291.60254,292.50253,292.60254,293.10254,291.50253
286.70255,284.60254,276.30255,291.10254,291.20255,290.00253,289.80255,289.80255,304.80255,302.60254,300.90253,299.90253,300.30255,298.80255,298.80255,299.30255,298.50253,297.20255,297.10254,295.80255,294.00253,294.00253,298.50253,295.10254,290.50253,283.70255,271.40253,273.20255,283.20255,275.00253,280.60254,273.40253,278.80255,257.10254,279.90253,250.40254,263.40253,288.70255,286.90253,289.30255,292.50253,285.30255,282.70255
286.30255,289.50253,294.70255,291.70255,289.90253,289.70255,289.40253,301.30255,302.20255,301.30255,299.10254,298.30255,297.40253,297.70255,297.20255,298.70255,299.00253,295.90253,294.40253,292.50253,293.20255,293.70255,297.80255,295.60254,295.30255,288.60254,289.00253,286.20255,282.70255,282.80255,285.90253,275.70255,268.20255,271.50253,277.50253,277.60254,277.50253,279.30255,268.10254,274.60254,275.50253,272.00253,266.40253
294.90253,299.70255,295.20255,292.90253,290.70255,290.10254,292.90253,302.10254,302.40253,299.00253,298.50253,297.50253,295.90253,294.40253,291.10254,291.50253,299.40253,298.30255,296.20255,294.80255,293.90253,293.70255,292.80255,290.50253,293.90253,294.00253,293.70255,293.60254,292.90253,289.40253,288.00253,287.10254,285.70255,286.90253,293.40253,290.50253,284.90253,282.60254,269.60254,262.20255,275.30255,281.30255,286.40253
294.90253,299.30255,299.80255,294.10254,293.40253,293.90253,297.00253,303.70255,303.10254,300.90253,298.90253,297.50253,296.20255,294.80255,292.20255,291.70255,289.50253,298.60254,298.20255,297.00253,294.30255,296.60254,296.40253,296.50253,295.30255,294.90253,294.80255,294.90253,292.50253,292.40253,293.10254,293.70255,294.60254,287.50253,276.70255,264.00253,278.90253,288.00253,290.20255,292.40253,292.80255,292.50253,291.00253
293.80255,299.10254,299.60254,294.50253,294.70255,294.10254,293.80255,293.80255,301.10254,301.20255,299.00253,297.60254,296.80255,297.80255,291.90253,291.30255,294.90253,298.30255,300.30255,298.60254,297.80255,297.70255,295.80255,295.50253,295.50253,294.90253,294.00253,293.50253,295.20255,289.80255,296.10254,296.00253,293.00253,292.80255,291.20255,286.80255,286.80255,287.40253,277.70255,279.50253,285.00253,287.30255,287.10254
295.80255,296.00253,298.10254,298.60254,298.40253,297.60254,297.20255,302.50253,300.60254,299.40253,298.50253,298.80255,297.70255,296.50253,297.40253,298.00253,298.40253,300.80255,300.90253,300.80255,299.00253,296.50253,294.10254,294.50253,295.80255,296.20255,294.10254,294.00253,293.00253,294.30255,292.70255,291.40253,289.90253,289.30255,288.60254,285.10254,284.30255,282.00253,276.90253,275.10254,272.30255,271.60254,283.00253
294.40253,293.10254,297.30255,298.10254,298.60254,298.50253,301.30255,301.10254,299.50253,299.20255,297.60254,295.80255,296.40253,295.90253,294.40253,297.10254,298.00253,299.30255,299.20255,297.80255,296.00253,293.50253,293.30255,293.30255,293.40253,293.50253,292.60254,287.80255,288.50253,288.40253,287.30255,288.00253,285.60254,284.10254,282.90253,280.60254,277.40253,280.80255,281.00253,284.60254,280.20255,284.50253,278.70255
288.30255,292.10254,293.20255,297.30255,299.20255,301.00253,301.40253,301.30255,300.80255,298.60254,298.70255,295.60254,295.00253,294.00253,292.50253,293.80255,293.90253,296.70255,294.50253,295.50253,294.20255,293.10254,290.20255,291.00253,291.80255,291.30255,288.80255,289.40253,284.70255,285.00253,284.40253,282.00253,281.20255,282.20255,282.00253,281.50253,279.90253,278.00253,277.40253,275.50253,269.70255,271.50253,267.20255
290.10254,290.80255,292.80255,292.70255,300.20255,300.10254,300.10254,300.20255,301.00253,298.20255,296.90253,295.30255,295.10254,292.50253,293.20255,292.90253,293.20255,294.70255,295.10254,294.90253,292.60254,292.80255,291.40253,292.30255,292.90253,292.50253,291.70255,288.20255,287.30255,287.10254,283.50253,280.90253,281.40253,285.30255,284.30255,283.40253,279.60254,279.80255,277.70255,272.90253,268.90253,272.20255,272.10254
291.10254,289.70255,293.90253,296.10254,297.40253,298.20255,297.30255,296.50253,298.60254,296.50253,296.40253,295.10254,293.00253,293.00253,293.90253,294.20255,292.70255,294.30255,294.90253,293.90253,293.70255,295.00253,294.50253,293.20255,293.10254,294.20255,290.30255,289.90253,287.50253,287.30255,284.70255,284.40253,286.00253,286.80255,285.00253,284.30255,283.20255,279.00253,276.00253,273.00253,274.10254,274.40253,275.30255
289.50253,289.80255,292.50253,294.90253,295.20255,296.00253,295.50253,295.30255,294.90253,293.70255,294.10254,294.00253,291.20255,291.40253,293.00253,293.50253,295.00253,295.30255,295.10254,292.80255,294.70255,293.90253,292.10254,293.00253,290.10254,290.40253,289.20255,289.70255,287.70255,287.30255,285.40253,285.00253,287.80255,286.00253,286.30255,283.10254,283.60254,281.70255,281.00253,281.90253,281.10254,280.80255,280.70255
288.50253,288.30255,291.80255,292.10254,293.90253,296.40253,296.80255,299.60254,293.40253,293.50253,291.30255,291.50253,289.70255,287.40253,292.20255,291.40253,293.50253,294.10254,294.20255,295.50253,293.70255,294.30255,291.40253,288.70255,288.80255,288.50253,289.30255,290.20255,289.00253,285.80255,285.20255,287.20255,287.40253,288.40253,286.30255,284.90253,283.10254,283.50253,282.70255,282.40253,281.40253,280.80255,280.50253
287.80255,288.50253,288.60254,289.30255,286.70255,294.10254,291.60254,293.50253,291.20255,291.20255,292.00253,291.20255,290.10254,288.90253,289.90253,293.50253,293.20255,294.00253,293.70255,291.50253,292.70255,292.70255,292.10254,291.20255,291.80255,291.50253,292.10254,290.40253,289.10254,287.70255,284.30255,285.60254,286.30255,286.00253,284.00253,282.80255,285.00253,283.40253,282.80255,280.10254,280.60254,278.90253,281.90253
285.20255,286.40253,287.10254,289.00253,284.80255,290.70255,292.20255,291.90253,294.10254,291.70255,292.70255,292.20255,293.10254,291.20255,292.40253,291.40253,289.30255,290.60254,290.20255,290.70255,290.60254,290.70255,290.30255,290.00253,290.20255,289.80255,288.50253,288.60254,288.70255,287.20255,284.90253,287.60254,283.80255,282.30255,283.80255,283.60254,283.80255,284.20255,284.10254,281.10254,282.10254,279.60254,281.40253
