wind_kz.json
{"header": {"discipline":0,"disciplineName":"Meteorological products","gribEdition":2,"gribLength":1025,"center":7,"centerName":"US National Weather Service - NCEP(WMC)","subcenter":0,"refTime":"2023-09-08T00:00:00.000Z","significanceOfRT":1,"significanceOfRTName":"Start of forecast","productStatus":0,"productStatusName":"Operational products","productType":1,"productTypeName":"Forecast products","productDefinitionTemplate":0,"productDefinitionTemplateName":"Analysis/forecast at horizontal level/layer at a point in time","parameterCategory":2,"parameterCategoryName":"UnknownDiscipline_0_Category_2","parameterNumber":2,"parameterNumberName":"UnknownParameter_D0_C2_2","parameterUnit":"Unknown","genProcessType":2,"genProcessTypeName":"Forecast","forecastTime":240,"surface1Type":103,"surface1TypeName":"Specified height level above ground","surface1Value":10.0,"surface2Type":255,"surface2TypeName":"Missing","surface2Value":0.0,"gridDefinitionTemplate":0,"gridDefinitionTemplateName":"Latitude_Longitude","numberPoints":615,"shape":6,"shapeName":"Earth spherical with radius of 6,371,229.0 m","gridUnits":"degrees","resolution":48,"winds":"true","scanMode":64,"nx":41,"ny":15,"basicAngle":0,"lo1":47.0,"la1":41.0,"lo2":87.0,"la2":55.0,"dx":1.0,"dy":1.0}, "data":
[rows 0 to 14 of 15, columns 0 to 40 of 41]
-1.5613593,-0.9513593,1.1286408,-1.4013592,-7.5813594,-9.101359,-6.6213593,-6.381359,-7.4313593,-3.2113593,-3.5313592,-2.8913593,-2.3213592,-1.4513593,-0.12135925,-1.2113593,-1.2513592,0.15864074,-2.3313591,-1.5813593,-0.05135925,0.048640747,0.37864074,-0.44135925,1.1286408,-2.7013593,-2.1013594,1.4686408,0.26864076,0.24864075,-1.4013592,1.1486408,-0.64135927,-1.7313592,-2.7413592,-2.5013592,-1.4513593,-1.6513592,-2.1413593,-2.2013593,-1.2713592
2.6886408,-0.6913593,-5.2213593,-6.4813595,-8.36136,-8.161359,-4.0413594,-7.5613594,-4.071359,-3.8213592,-2.7713592,-2.8013592,-1.6313592,-0.23135926,-0.60135925,-1.0713593,0.43864074,-1.0913593,-0.31135926,0.9886407,1.8086407,1.9086407,0.28864074,-2.2313592,1.2886407,-0.67135924,1.2186408,2.0786407,-2.6213593,-0.24135925,0.15864074,-0.24135925,-2.3613594,-1.0613593,1.1486408,-0.64135927,-0.29135925,0.13864075,-0.5113593,0.95864075,-1.9213593
-1.9813592,-6.861359,-7.651359,-7.961359,-7.6413593,-5.8313594,-4.761359,-3.0913591,-3.5713592,-2.4413593,-1.2613592,-0.28135926,-0.66135925,-0.54135925,-0.03135925,-0.44135925,-0.7013593,0.8686407,1.4786408,1.4686408,2.1386406,3.2786407,-3.3613594,-0.8813593,0.56864077,4.1086407,1.8286407,-0.5013592,-1.7213593,-0.66135925,0.8786408,1.2586408,0.22864075,0.41864073,0.31864074,-1.4513593,-0.73135924,0.44864073,-1.4713593,-0.92135924,2.1586409
-5.551359,-7.881359,-8.421359,-8.041359,-6.171359,-4.9113593,-3.0713592,-3.8313591,-2.8213592,-0.53135926,2.4786408,2.5286407,3.3586407,2.4786408,1.0986408,0.89864075,0.32864076,-0.061359253,0.56864077,0.8086407,0.6186407,-1.1413592,4.2486405,3.3286407,2.8186407,3.5986407,2.6286407,0.96864074,4.428641,3.4986408,3.0286407,2.1986408,-2.7413592,-2.4713593,-2.6213593,-0.26135924,-1.5613593,1.1786407,0.97864074,1.6986407,-1.4013592
-6.4113593,-9.101359,-8.871359,-7.7513595,-5.591359,-3.9713593,-3.4113593,-1.5913593,0.28864074,2.5986407,2.9386408,3.5486407,3.7686408,3.2386408,3.7086408,2.0386407,1.5286407,0.88864076,0.91864073,1.1986407,0.81864077,0.90864074,1.1586407,0.96864074,0.69864076,1.2986407,1.4886408,3.1186407,4.198641,4.3986406,2.1086407,1.0386407,-2.8513594,0.69864076,-0.68135923,0.28864074,-1.0913593,-1.9513593,-1.1913593,-2.6413593,-2.1813593
-4.2013593,-3.8413591,-5.171359,-4.861359,-4.091359,-2.2813592,0.34864074,1.6786407,1.6086408,2.7986407,3.2486408,2.9686408,3.8786407,5.2686405,3.2786407,3.8986406,2.8186407,2.1386406,0.9986408,2.1786408,0.43864074,1.0186408,1.4686408,0.9986408,0.89864075,2.3386407,3.7286408,3.9486408,2.3586407,1.5686407,0.29864076,-0.42135924,1.2686408,-0.8813593,0.0086407475,-5.0813594,0.068640746,-3.4213593,1.2386408,-3.6413593,-3.6213593
-3.3113592,-2.5213592,-1.2213593,-1.4413593,-1.1313592,-3.3613594,-2.3813593,-2.2813592,-2.3813593,-0.8813593,-0.32135925,0.90864074,1.0286407,1.8086407,1.9586407,3.5586407,3.3486407,2.9686408,1.5486407,0.76864076,0.50864077,0.76864076,0.22864075,1.0186408,1.1186408,0.58864075,1.1486408,2.5286407,1.9686408,2.5186408,1.4986408,-1.4713593,3.3686407,-5.2713594,-6.611359,-5.5813594,-2.0113592,3.2286408,-3.2313592,2.7586408,0.57864076
-3.0313592,-3.8913593,-4.4813595,-4.2513595,-3.5213592,-2.9213593,-2.5613592,-2.5213592,-1.9813592,-1.7413592,-0.71135926,1.0186408,1.3186407,1.4686408,-0.27135926,1.7086407,3.7886407,2.0086408,1.4986408,0.49864075,1.6086408,0.9886407,0.6186407,-0.20135926,0.29864076,0.88864076,1.6586407,0.8686407,-0.86135924,-1.3013593,-2.3913593,-2.8613594,-4.031359,-1.0613593,-1.3313593,0.33864075,-1.7213593,-8.2313595,-6.4513593,-8.28136,-2.9513593
-4.4713593,-4.171359,-3.5713592,-3.4913592,-2.7413592,-2.0513592,-2.0513592,-2.5013592,-2.5113592,-1.3713592,0.08864075,0.108640745,-0.85135925,-1.3813592,-0.93135923,-1.8013593,-2.6713593,-1.1313592,0.16864075,1.1886407,0.6786407,1.7286408,1.6386408,1.4286407,0.5586407,1.3486408,0.90864074,0.5586407,1.1886407,-0.6313593,-1.7513592,-1.2313592,-1.2013593,-0.21135925,-1.7813592,-4.781359,-1.4713593,-1.9413593,-2.6613593,-0.77135926,-1.2713592
-3.6813593,-3.3913593,-3.1313593,-2.7513592,-2.2513592,-1.8813592,-2.6213593,-2.7513592,-2.4313593,-1.3213593,-0.21135925,-1.6913593,-1.0213592,-1.0613593,-1.1413592,-0.98135924,-2.1113594,-1.9813592,-2.0613592,-2.0713592,-1.5913593,0.11864075,1.8386407,1.2586408,1.4286407,0.6286408,1.0786407,1.6186408,0.068640746,-1.4913592,-0.61135924,-0.36135924,-0.5013592,-1.3213593,-1.5313592,-1.4213593,-2.0313592,-0.19135925,-1.8713592,0.23864074,-1.3713592
-2.3213592,-2.6113594,-2.1113594,-1.9113593,-1.9313593,-2.4613593,-1.9613593,-1.8413593,-2.0113592,-0.79135925,-1.0013592,-0.71135926,-0.41135925,-1.3613592,-1.8113593,-1.4513593,-1.3413593,-0.91135925,-1.4413593,-1.5013592,-0.041359253,0.91864073,0.35864076,1.0186408,1.1986407,1.7786407,2.4786408,2.9886408,1.9886408,-0.25135925,-1.0713593,-1.0013592,-0.68135923,0.48864076,0.35864076,-1.3213593,-1.4713593,0.068640746,-0.93135923,1.1186408,-1.2413592
-0.77135926,-0.55135924,-1.1413592,-0.83135927,-0.77135926,-0.8713592,-0.79135925,-0.7513592,-0.25135925,-0.40135926,-1.0513593,0.77864075,-0.5613592,-1.2213593,-0.7013593,0.11864075,1.1186408,1.4886408,0.52864075,1.0786407,1.2086407,1.5886407,1.5586407,1.4986408,1.3586408,2.4086409,3.1786408,4.4586406,1.8786408,-0.071359254,-0.61135924,-0.7613593,-0.071359254,-0.85135925,-0.54135925,-0.99135923,-0.21135925,-0.6313593,-0.21135925,-0.7513592,-0.77135926
0.84864074,0.97864074,0.90864074,0.81864077,0.88864076,0.46864074,0.70864075,0.7486408,0.72864074,0.08864075,0.11864075,1.2786407,1.6486408,1.2686408,2.0986407,1.8486408,1.8986408,2.0786407,2.2586408,2.5486407,2.4086409,2.5286407,2.6286407,2.9286408,3.9586408,4.008641,4.8786407,5.0686407,2.0186408,0.44864073,-0.30135927,-0.41135925,-0.67135924,-0.68135923,-0.33135927,-0.31135926,-0.85135925,-0.90135926,-1.2613592,-1.2413592,-1.3413593
1.8386407,1.6786407,2.0286407,1.6786407,1.1186408,0.91864073,1.1486408,1.5186408,1.4586407,1.3486408,0.29864076,0.97864074,1.7786407,2.1386406,2.9886408,2.9586408,3.0986407,3.1286407,2.9686408,3.2586408,3.2686408,3.6786408,4.618641,4.2686405,4.328641,4.2486405,4.8786407,5.3586407,3.2286408,1.8986408,-0.5713593,-0.54135925,-0.60135925,-0.53135926,-0.39135924,-0.93135923,-1.1313592,-1.2613592,-1.4213593,-0.98135924,-1.3413593
0.84864074,2.4286408,4.308641,1.8486408,2.2786407,1.8286407,2.6186407,1.9986408,3.0386407,1.1686407,-0.05135925,1.2986407,1.7186408,1.3586408,3.2386408,3.3386407,3.7886407,4.1086407,3.7086408,4.2286406,4.348641,4.388641,4.6886406,4.8386407,4.3586407,4.8386407,5.2486405,5.308641,3.5086408,0.90864074,-0.32135925,-1.3113593,-0.78135926,-0.41135925,0.0086407475,-0.08135925,-0.25135925,0.23864074,-1.6013592,-1.5013592,-1.3013593
