wind_kz.json
{"header": {"discipline":0,"disciplineName":"Meteorological products","gribEdition":2,"gribLength":871,"center":7,"centerName":"US National Weather Service - NCEP(WMC)","subcenter":0,"refTime":"2023-08-20T00:00:00.000Z","significanceOfRT":1,"significanceOfRTName":"Start of forecast","productStatus":0,"productStatusName":"Operational products","productType":1,"productTypeName":"Forecast products","productDefinitionTemplate":0,"productDefinitionTemplateName":"Analysis/forecast at horizontal level/layer at a point in time","parameterCategory":0,"parameterCategoryName":"UnknownDiscipline_0_Category_0","parameterNumber":0,"parameterNumberName":"UnknownParameter_D0_C0_0","parameterUnit":"Unknown","genProcessType":2,"genProcessTypeName":"Forecast","forecastTime":120,"surface1Type":1,"surface1TypeName":"Ground or water surface","surface1Value":0.0,"surface2Type":255,"surface2TypeName":"Missing","surface2Value":0.0,"gridDefinitionTemplate":0,"gridDefinitionTemplateName":"Latitude_Longitude","numberPoints":615,"shape":6,"shapeName":"Earth spherical with radius of 6,371,229.0 m","gridUnits":"degrees","resolution":48,"winds":"true","scanMode":64,"nx":41,"ny":15,"basicAngle":0,"lo1":47.0,"la1":41.0,"lo2":87.0,"la2":55.0,"dx":1.0,"dy":1.0}, "data":
[rows 0 to 14 of 15, columns 0 to 40 of 41]
294.669,286.669,290.169,299.069,298.869,297.76898,298.76898,301.26898,301.26898,302.169,298.569,299.069,299.969,298.76898,297.969,294.969,295.26898,296.169,294.969,296.369,296.669,293.969,293.169,288.169,289.76898,292.869,290.569,275.76898,274.76898,275.969,277.069,279.169,286.969,292.469,292.169,293.369,294.469,298.969,299.169,298.669,299.169
275.569,291.169,299.069,299.169,299.069,297.669,298.969,297.26898,296.069,296.469,297.569,296.969,295.869,293.969,291.669,292.069,292.969,291.669,291.76898,293.069,293.969,295.669,292.069,285.76898,275.76898,276.26898,285.26898,275.469,276.869,272.669,278.569,272.069,279.869,263.26898,277.169,291.669,290.569,293.369,297.369,291.26898,283.969
294.169,299.26898,299.569,299.969,297.969,294.869,294.869,294.669,293.569,293.869,294.169,295.069,293.76898,293.76898,293.869,291.869,291.76898,291.569,291.669,292.069,293.069,294.26898,293.069,288.669,292.069,292.069,292.969,290.669,291.26898,282.969,272.869,275.26898,281.669,279.569,280.969,283.76898,275.869,277.469,279.169,276.169,276.26898
296.469,300.069,299.469,298.669,295.569,292.569,292.669,292.569,293.169,293.469,293.569,293.26898,295.869,295.069,292.26898,291.069,293.869,293.26898,293.76898,292.26898,292.169,289.169,296.069,296.069,293.469,294.669,295.76898,291.569,292.169,293.26898,294.169,292.669,294.26898,290.969,290.869,288.969,276.369,276.169,281.669,290.969,294.469
295.669,299.76898,299.569,299.069,297.369,294.569,293.969,293.569,293.26898,293.969,293.169,293.069,295.969,294.569,291.969,293.26898,293.669,293.569,291.26898,294.069,295.26898,295.069,294.469,295.069,295.26898,293.76898,294.76898,294.76898,293.469,293.569,297.169,293.569,282.76898,271.369,284.569,292.26898,293.26898,297.669,297.469,297.76898,299.869
294.069,293.26898,298.369,298.669,299.069,298.869,295.069,292.669,293.76898,293.76898,294.369,293.069,294.669,295.069,292.76898,291.569,293.26898,293.669,293.569,294.76898,293.26898,293.569,292.469,293.569,295.969,294.26898,295.069,293.76898,295.669,297.26898,295.869,296.869,293.969,292.169,292.069,292.569,288.169,287.869,294.869,297.869,296.969
292.76898,296.069,295.569,297.969,297.76898,297.469,293.969,291.569,292.169,293.869,292.169,290.469,289.669,289.669,288.069,292.569,292.869,294.569,296.369,294.969,291.26898,292.369,291.669,292.069,291.969,295.469,297.169,296.469,295.469,294.76898,294.869,293.569,295.169,294.369,293.069,292.369,289.069,285.969,281.169,280.569,292.669
292.369,291.069,292.569,292.26898,296.869,293.169,293.26898,292.76898,291.26898,290.169,288.169,288.76898,287.869,288.26898,289.669,291.069,291.369,292.069,292.169,291.369,290.969,291.26898,291.669,289.169,289.069,287.369,290.069,293.869,292.869,294.369,293.26898,294.569,291.26898,289.469,289.76898,289.969,292.869,289.369,292.569,292.469,289.969
293.469,290.969,290.669,290.469,292.26898,292.569,293.369,290.76898,289.969,288.069,287.369,285.669,285.969,287.76898,287.569,289.169,289.969,291.669,291.369,287.569,284.669,285.069,286.369,287.469,284.669,285.869,285.169,286.869,289.76898,288.969,289.869,290.169,291.969,292.369,291.369,289.869,289.26898,290.369,277.969,278.569,276.969
292.469,291.969,290.869,290.469,289.76898,289.069,287.869,288.969,287.869,287.469,286.669,283.969,284.26898,284.969,285.669,286.069,286.969,286.869,287.76898,285.76898,283.26898,283.969,285.169,285.169,285.169,283.069,283.869,285.069,286.26898,287.169,286.469,292.069,293.969,295.069,294.969,289.869,291.76898,284.869,280.76898,281.169,278.369
289.569,289.869,287.869,287.969,287.169,289.369,290.369,289.569,285.369,283.869,283.869,282.26898,283.369,283.26898,283.26898,284.26898,286.069,286.069,285.669,283.26898,283.469,281.369,281.76898,281.26898,281.26898,282.569,283.469,285.669,286.069,288.26898,288.76898,290.069,294.069,294.76898,294.26898,289.969,288.669,284.569,281.669,282.369,280.469
285.869,287.369,286.369,285.869,285.969,286.069,286.669,287.26898,286.969,285.869,279.469,280.26898,281.369,281.76898,282.069,282.76898,283.469,283.169,282.969,283.069,281.969,281.469,281.369,280.069,279.76898,281.76898,283.26898,284.569,286.26898,287.26898,286.669,287.969,290.369,292.26898,293.369,293.869,291.76898,289.669,289.76898,288.369,286.369
285.26898,285.669,284.869,284.669,283.76898,286.169,286.569,285.76898,282.669,284.26898,279.169,276.369,279.76898,279.369,280.569,280.26898,280.069,280.26898,280.76898,280.169,280.169,279.469,279.669,279.369,280.569,281.26898,283.76898,283.76898,286.26898,285.469,286.169,286.76898,288.569,290.26898,292.869,292.76898,292.169,290.669,289.569,288.369,288.069
283.369,282.969,286.669,283.569,282.669,283.76898,285.669,286.26898,285.069,281.569,280.869,276.669,277.26898,278.969,279.76898,280.169,279.969,279.26898,278.869,279.169,279.469,279.169,280.869,280.869,281.669,281.869,281.76898,283.26898,283.669,286.069,285.469,285.369,286.869,288.76898,289.469,291.969,289.469,288.969,289.26898,288.169,288.169
281.969,282.969,291.169,282.669,282.369,281.869,283.569,283.869,284.169,282.869,282.369,280.26898,280.369,280.669,279.669,279.76898,279.369,278.569,278.26898,278.169,277.869,278.26898,278.069,278.969,279.76898,279.969,280.669,282.369,284.569,285.469,285.469,284.969,284.869,287.169,288.669,290.76898,289.969,292.869,289.76898,288.869,288.26898
