wind_kz.json
{"header": {"discipline":0,"disciplineName":"Meteorological products","gribEdition":2,"gribLength":1102,"center":7,"centerName":"US National Weather Service - NCEP(WMC)","subcenter":0,"refTime":"2025-04-06T00:00:00.000Z","significanceOfRT":1,"significanceOfRTName":"Start of forecast","productStatus":0,"productStatusName":"Operational products","productType":1,"productTypeName":"Forecast products","productDefinitionTemplate":0,"productDefinitionTemplateName":"Analysis/forecast at horizontal level/layer at a point in time","parameterCategory":2,"parameterCategoryName":"UnknownDiscipline_0_Category_2","parameterNumber":3,"parameterNumberName":"UnknownParameter_D0_C2_3","parameterUnit":"Unknown","genProcessType":2,"genProcessTypeName":"Forecast","forecastTime":60,"surface1Type":103,"surface1TypeName":"Specified height level above ground","surface1Value":10.0,"surface2Type":255,"surface2TypeName":"Missing","surface2Value":0.0,"gridDefinitionTemplate":0,"gridDefinitionTemplateName":"Latitude_Longitude","numberPoints":615,"shape":6,"shapeName":"Earth spherical with radius of 6,371,229.0 m","gridUnits":"degrees","resolution":48,"winds":"true","scanMode":64,"nx":41,"ny":15,"basicAngle":0,"lo1":47.0,"la1":41.0,"lo2":87.0,"la2":55.0,"dx":1.0,"dy":1.0}, "data":
[rows 0 to 14 of 15, columns 0 to 40 of 41]
-1.1023096,1.9376904,-3.7323096,-5.4023094,-1.7123096,6.0876904,4.5176907,2.6976905,3.1976905,2.9676905,2.3476903,4.3276906,4.5276904,2.8976905,2.1276903,1.0676904,-0.32230958,-2.4723096,-4.1023097,-2.1523097,0.39769042,-0.48230958,-3.1623096,4.6576905,3.6876905,2.0776904,0.55769044,1.3676904,0.5276904,0.47769043,-2.5823095,-2.1423097,-1.9823096,-0.28230956,-2.0823095,1.5176904,1.9476905,1.1476904,1.0176904,0.11769043,-0.9223096
5.4876904,-1.8623096,-2.6923096,-1.3623096,-2.9723096,3.5276904,6.0276904,6.0076904,6.2776904,5.3276906,4.3076906,3.6676905,4.6476903,2.9176905,1.4776905,0.39769042,0.03769043,-1.0023096,-2.6223097,-3.2123096,-3.7223096,0.34769043,-2.1923096,-1.4123095,-2.3423095,1.2076905,-2.0823095,1.5876905,2.1176903,2.1776905,2.3476903,-0.62230957,-2.6023095,-2.1623096,-2.7023096,4.1676903,2.8876905,3.2976904,-1.3423096,1.3176904,-0.41230956
-6.1523094,-4.9923096,-2.1023095,-0.8623096,-0.07230957,1.4276904,6.8176904,7.8976903,8.567691,7.2176905,6.1976905,5.0176907,2.2076905,2.2776904,-0.10230957,-1.3323096,-1.6523095,-1.6823096,-2.9623096,-3.0723095,-3.9923096,-5.3023095,-2.1023095,-0.7923096,-2.1623096,-1.6623095,-2.6223097,-1.8623096,-1.4423096,-2.0423095,-0.57230955,0.14769043,-1.2723095,-1.8723096,1.7776904,-0.47230956,-1.0423095,-0.32230958,0.13769042,-0.10230957,0.38769042
-8.05231,-4.4823093,-4.1823096,-3.2823095,-1.5423095,3.9276905,8.977691,9.347691,9.32769,8.057691,6.7076902,-0.81230956,-2.0623095,-4.2923098,0.03769043,-1.2623096,-2.2923095,-3.3223095,-3.4923096,-3.7723095,-3.8623095,-3.9223096,-4.2623096,-4.02231,-4.3023095,-3.0823095,-1.6223096,-1.8723096,-0.7323096,-4.0123096,-1.5923096,0.80769044,2.0076904,0.5176904,-0.9223096,0.14769043,2.2276905,3.3976905,0.33769044,-1.0723096,0.5276904
-8.602309,-0.05230957,-3.2823095,-2.2823095,-0.46230957,3.4876904,6.3776903,8.03769,8.66769,6.99769,5.5776906,3.2276905,1.4776905,-0.5923096,-2.0423095,-1.8723096,-3.0623095,-3.7823095,-4.6223097,-4.8623095,-3.8223095,-4.4123096,-3.6523097,-2.9923096,-2.4523096,-1.5923096,0.01769043,0.17769043,-1.3623096,-0.5323096,-0.33230957,1.1976905,3.3376904,1.9376904,0.26769042,1.7576904,-1.7623096,-1.9323096,-2.7323096,-1.6923096,-0.33230957
-9.0723095,-3.0823095,-1.6823096,-2.1523097,-1.5623096,-2.1023095,6.0976906,7.0176907,8.4276905,5.99769,4.8376904,3.6676905,2.5776904,0.62769043,-2.3623095,-2.1323097,-2.1823096,-3.7023096,-4.1123095,-5.1423097,-6.0423098,-4.9223094,-5.4323096,-4.7423096,-4.4223094,-2.8823097,-0.9923096,3.8676903,1.8676904,-0.0023095703,-0.56230956,-0.46230957,0.31769043,-1.2323096,3.4076905,0.20769043,0.55769044,-0.19230957,2.5876904,1.9776905,0.93769044
-7.7323093,-1.9423096,-0.88230956,2.3476903,3.4476905,5.6776905,7.0976906,6.2976904,6.2576904,5.0976906,4.8676906,5.2876906,3.8776903,0.8476904,-0.52230954,-0.38230956,-2.3723097,-2.4323096,-3.2623096,-3.8223095,-6.77231,-5.9023094,-3.5123096,-3.7723095,-1.9823096,-2.5623095,-1.8723096,-3.1123095,5.3776903,2.0676904,2.6676905,1.7076905,0.06769043,-0.06230957,0.30769044,-2.6223097,2.0676904,3.4076905,-0.5323096,2.8876905,3.9576905
-4.1023097,2.6976905,3.2476904,4.0276904,4.0176907,4.9376903,6.6276903,7.0176907,6.0876904,5.8876905,4.6276903,3.6076903,2.9476905,0.8876904,0.7576904,0.46769044,-1.8823096,-1.4123095,-2.0523095,-4.4923096,-6.5623097,-5.0723095,-3.3023095,-4.1023097,-2.2823095,-0.9623096,-0.5523096,-0.40230957,1.8976904,2.1176903,1.6876904,1.1676904,1.9976904,0.43769044,1.6776904,2.6376905,-1.3823096,2.3876905,-1.0123096,1.3176904,0.23769043
-3.7523096,4.3476906,5.5676904,5.8976903,5.97769,6.1676903,6.2576904,5.97769,5.0876904,4.4676905,3.6776905,2.3476903,0.48769042,-0.34230956,0.7176904,0.72769046,-1.1423095,-0.29230958,-3.1323097,-3.9923096,-4.2023096,-6.3323097,-6.5823097,-5.9423094,-4.4823093,-0.9923096,-0.5423096,0.5276904,0.13769042,0.5376904,1.7976904,2.5376904,1.5476904,2.0876904,2.9876904,0.45769042,2.0576904,5.0376906,3.2376904,2.2376904,0.74769044
-0.49230957,7.3776903,6.4376903,6.6976905,6.9476905,6.2576904,6.1776905,5.97769,5.24769,3.8276904,2.9876904,1.8276905,0.05769043,-0.35230958,-0.07230957,0.91769046,-0.8023096,-2.5423095,-2.9423096,-3.7623096,-5.3723097,-6.3923097,-5.1723094,-4.2623096,-5.0623097,-2.3723097,-1.7623096,-0.95230955,-0.49230957,0.23769043,-0.43230957,-0.75230956,-0.04230957,2.5976903,2.3876905,4.3576903,2.0876904,1.1876904,2.3376904,4.72769,3.1376905
-0.0023095703,5.74769,7.4276905,8.20769,7.3776903,7.4076905,6.6076903,5.4176903,4.8176904,3.8276904,1.9576905,0.47769043,-0.47230956,0.08769043,0.68769044,0.17769043,-1.2323096,-1.5323095,-3.3523095,-3.0323095,-5.3423095,-4.8223095,-5.2023096,-3.1923096,-4.25231,-3.8023095,-1.5323095,-0.0023095703,-2.9723096,-3.0823095,-2.3823097,-0.5423096,0.27769044,0.79769045,3.6176903,5.49769,4.8176904,2.1676905,5.8276906,2.6176903,1.8476905
0.5976904,7.0576906,6.3776903,7.9876904,7.8376904,7.8776903,6.7776904,6.3776903,4.8676906,3.4576905,0.9476904,0.99769044,-0.25230956,-0.93230957,-0.48230958,-0.7923096,-2.4123096,-2.5223095,-3.9023097,-4.2623096,-3.9123096,-3.9823096,-3.5523095,-3.5923095,-0.46230957,-2.8723097,-4.6223097,-4.6823096,-1.7923095,-1.8023095,-1.1123096,-0.6123096,-0.68230957,0.34769043,-1.2023096,8.067691,8.00769,-0.32230958,-0.21230957,-0.05230957,-0.12230957
5.3376904,9.07769,7.7576904,8.41769,6.8076906,5.0776906,6.5976906,6.3976903,4.9276905,2.5676904,1.3576905,0.5176904,2.0376904,1.8776904,0.5876904,-1.0223095,-2.9323096,-3.0423095,-3.6723096,-4.52231,-5.7423096,-5.5823097,-5.3223095,-6.2823095,-5.9723096,-5.3923097,-3.0623095,-1.9123095,-5.2023096,-5.8023095,-3.9223096,0.29769042,-1.8023095,0.48769042,0.43769044,0.47769043,-2.3523095,0.33769044,0.16769043,1.0276904,1.8376905
11.647691,10.1776905,6.3576903,7.1876903,6.5076904,6.5376906,5.9876904,5.4476905,4.7076902,3.2476904,1.3676904,1.4476905,2.8076904,2.1076903,-0.43230957,-2.3123095,-2.8923097,-2.2423096,-3.3023095,-4.1123095,-5.3823094,-5.3623095,-5.6523094,-6.4623094,-7.1723094,-6.8523097,-6.2423096,-5.8023095,-4.9123096,-3.1623096,-2.3623095,-2.3923097,-1.4923096,-1.4223095,-2.6223097,0.11769043,0.45769042,0.13769042,0.01769043,1.3476905,1.9776905
7.0976906,9.687691,7.8376904,6.2676907,7.7176905,6.24769,6.5276904,5.9376903,4.9176903,4.1076903,2.4276905,1.2776904,0.8976904,2.7776904,1.1576904,-0.95230955,-2.2023096,-2.6423097,-2.2123096,-3.2623096,-4.0523095,-4.8223095,-5.5523095,-6.2823095,-6.5923095,-6.8023095,-7.3523097,-6.5723095,-6.0723095,-4.8223095,-5.1123095,-1.5023096,-0.49230957,2.2876904,2.0776904,2.0376904,2.6276903,3.4676905,1.6476904,1.9276904,0.6376904
