wind_kz.json
{"header": {"discipline":0,"disciplineName":"Meteorological products","gribEdition":2,"gribLength":1025,"center":7,"centerName":"US National Weather Service - NCEP(WMC)","subcenter":0,"refTime":"2023-09-26T18:00:00.000Z","significanceOfRT":1,"significanceOfRTName":"Start of forecast","productStatus":0,"productStatusName":"Operational products","productType":1,"productTypeName":"Forecast products","productDefinitionTemplate":0,"productDefinitionTemplateName":"Analysis/forecast at horizontal level/layer at a point in time","parameterCategory":2,"parameterCategoryName":"UnknownDiscipline_0_Category_2","parameterNumber":2,"parameterNumberName":"UnknownParameter_D0_C2_2","parameterUnit":"Unknown","genProcessType":2,"genProcessTypeName":"Forecast","forecastTime":240,"surface1Type":103,"surface1TypeName":"Specified height level above ground","surface1Value":10.0,"surface2Type":255,"surface2TypeName":"Missing","surface2Value":0.0,"gridDefinitionTemplate":0,"gridDefinitionTemplateName":"Latitude_Longitude","numberPoints":615,"shape":6,"shapeName":"Earth spherical with radius of 6,371,229.0 m","gridUnits":"degrees","resolution":48,"winds":"true","scanMode":64,"nx":41,"ny":15,"basicAngle":0,"lo1":47.0,"la1":41.0,"lo2":87.0,"la2":55.0,"dx":1.0,"dy":1.0}, "data":
[rows 0 to 14 of 15, columns 0 to 40 of 41]
-2.1872656,-0.20726563,0.37273437,-0.07726563,-2.2372656,-2.8672657,-2.8872657,-1.9772656,-2.8672657,-1.1572657,-1.1472657,-2.0072656,-1.7072656,-0.6372656,-2.7372656,-2.6672657,-0.9672656,-0.3972656,-2.0472655,-1.0172657,-0.24726562,0.5527344,1.4227344,-1.7172656,-0.48726562,-1.6872656,-2.7372656,0.4127344,-0.5372656,0.48273438,-1.1672657,1.3927344,0.14273438,-1.0672656,-2.5772657,-2.7872655,-0.32726562,-2.3772657,-3.3572657,-1.9372656,-2.7072656
1.2427344,0.7327344,-2.1872656,-2.9872656,-2.8372657,-2.8772657,-2.1972656,-4.6572657,-4.6272655,-4.1172657,-4.3272657,-3.1172657,-3.4472656,-3.0072656,-1.8072656,-1.8472656,-0.07726563,-1.4072657,-0.5772656,-0.20726563,0.44273436,0.57273436,1.1527344,-2.4872656,0.9127344,1.3927344,-0.25726563,0.9627344,-0.55726564,-0.48726562,1.4127344,-0.38726562,1.8727344,-1.7572656,-0.27726564,-0.5872656,-1.4472656,0.45273438,-0.6372656,2.8427343,-0.6472656
0.15273437,-3.5772657,-2.8872657,-2.4372656,-1.0572656,-3.9572656,-2.8772657,0.29273438,-0.8872656,-4.267266,-3.2872655,-3.9672656,-2.7972655,-2.4372656,-1.7672657,-1.2272656,-1.4272656,0.49273437,1.3327343,0.46273437,1.9727343,2.4327345,-2.6172657,-3.1072657,2.5827343,2.8127344,-0.54726565,0.95273435,-2.4672656,-0.41726562,-0.44726562,1.4827343,-0.14726563,1.6327344,0.47273436,-1.2072656,-0.11726563,0.23273438,-0.86726564,-0.41726562,1.8427343
-2.8672657,-3.0072656,-2.2472656,-1.3272656,-2.4872656,-3.2872655,-0.9572656,-4.017266,-3.7372656,-3.1472657,-2.4372656,-1.7272656,-1.4372656,-1.1772656,-0.26726562,0.6827344,1.5327344,-0.5172656,-0.3372656,0.5227344,0.13273437,-2.8372657,3.5727344,1.2827344,1.2927344,0.6527344,0.3527344,-3.4472656,-2.9072657,-1.7372656,-0.9672656,-0.5872656,0.82273436,1.8427343,-0.80726564,-1.4072657,-1.1072656,1.5927343,-0.09726562,-1.2272656,1.7227343
-1.8372656,-0.8472656,-0.13726562,-0.54726565,-1.7172656,-2.8972657,-1.6372657,-0.7572656,-1.5972656,0.002734375,0.7927344,1.2227343,2.5427344,3.0027344,2.5527344,2.5027344,1.4427344,0.5327344,1.2827344,0.092734374,0.42273438,0.31273437,0.39273438,1.2427344,2.7927344,1.7227343,-1.0472656,-3.1572657,-5.0472655,-4.2572656,-3.4672656,-1.3172656,-1.0772656,0.9627344,0.24273437,0.81273437,-1.1872656,-3.0372655,-3.3572657,-3.8872657,-3.0572655
0.89273435,0.7227344,1.9027344,1.9427344,1.6027343,1.6427344,1.8827344,2.0527344,0.9327344,3.3627343,3.5027344,0.052734375,1.4227344,4.2227345,4.7027345,3.8527343,3.3127344,2.2927344,0.62273437,1.7127343,1.8727344,0.45273438,1.4827343,0.76273435,1.6127343,2.9327345,-0.6972656,-4.477266,-3.8672657,-3.3072655,-2.3772657,-0.19726562,-0.92726564,0.49273437,0.3227344,1.3027344,0.43273437,-2.3272657,-1.7772657,-3.6672657,-3.6972656
0.122734375,1.0227344,1.0727344,1.8827344,3.5927343,2.0727344,2.5927343,3.2427344,2.8527343,1.4627343,1.5127344,2.8827343,2.6027343,2.7027345,3.2927344,3.1827345,1.9227344,1.2127343,0.43273437,2.4327345,2.4827344,2.2327344,1.4927344,0.9127344,0.8027344,-0.047265626,-1.5972656,-2.3272657,-1.6472657,-1.8972657,-0.7072656,-0.68726563,1.4527344,1.3627343,0.012734375,-2.7772655,-1.1672657,2.1127343,-2.5872657,1.9227344,0.5227344
-0.28726563,-0.7572656,-2.3572657,-1.9772656,-2.5672655,-2.5772657,-2.6072657,-1.9672656,-0.8172656,-0.67726564,0.45273438,1.8727344,3.2327344,3.6727343,3.7927344,2.3327343,0.9627344,0.26273438,2.5927343,3.1227343,3.4527345,3.1327343,1.5327344,2.5827343,1.3327343,-0.55726564,-0.15726562,0.56273437,0.082734376,2.1527343,1.1227344,1.1327344,0.092734374,0.5327344,-0.047265626,-1.2372656,-3.2472656,-4.6372657,-3.9472656,-3.3072655,-1.9672656
0.42273438,-0.99726564,-2.8172655,-2.3772657,-0.43726563,0.89273435,0.44273436,-0.007265625,1.5327344,2.3927343,2.5527344,2.5627344,3.2227345,3.2627344,3.7427344,4.4927344,2.4627345,1.9927344,2.9227343,2.3027344,2.7627344,3.7327344,2.5327344,1.6627344,1.4127344,2.5027344,0.76273435,1.5227344,0.8627344,1.2827344,1.5927343,0.40273437,-0.24726562,-2.3872657,-2.4172657,-1.4372656,-1.5572656,-1.1772656,-1.3772656,0.45273438,-2.3072655
1.0927343,1.5227344,-1.8472656,-1.6272656,0.052734375,2.5127344,2.7427344,2.4127343,1.8627343,2.9227343,3.7027345,3.6727343,3.8427343,4.1227345,3.8227344,3.6027343,3.3527343,2.9127343,2.8527343,2.1527343,2.2227345,2.2227345,3.6927345,2.4427345,2.4827344,1.4027344,2.7527344,1.9927344,0.33273438,0.22273438,-1.3672656,-1.3072656,-1.0872656,-2.6872656,-1.9572656,-0.5872656,-1.7172656,-0.5972656,-1.4872656,0.23273438,-1.0272657
0.6827344,-2.1372657,-2.0772657,-1.3772656,0.5427344,0.6827344,0.5527344,1.4727343,1.4827343,2.5727344,2.9727345,4.0727344,3.9227343,4.1327343,5.3627343,4.5927343,4.0727344,3.6727343,2.9427345,2.9127343,2.9127343,2.8827343,2.7427344,2.6127343,2.5127344,2.5827343,2.5627344,2.2927344,1.9227344,-0.14726563,-0.7772656,-0.087265626,0.23273438,-0.7072656,0.18273437,-1.2172656,-0.7872656,-0.22726563,-0.98726565,1.0227344,-0.9672656
-0.5372656,1.1827344,2.0427344,1.7027344,2.0027344,1.1727344,1.4527344,1.0827343,0.69273436,1.6927344,2.7927344,3.8227344,3.4527345,5.2627344,6.212734,5.9027343,4.732734,3.7127345,2.3627343,2.6627343,1.9627343,2.2527344,2.5727344,2.8027344,2.7927344,3.4927344,1.8827344,0.5927344,-2.4972656,-2.4872656,-1.3872657,-0.25726563,0.70273435,-0.13726562,0.31273437,0.7827344,1.1427344,-0.07726563,-0.28726563,-0.92726564,-0.66726565
0.012734375,-0.21726562,-0.047265626,-0.047265626,1.3927344,-0.09726562,0.5227344,1.3527343,3.1727343,1.7227343,1.2827344,4.5127344,4.0127344,4.4927344,4.232734,4.3727345,4.7627344,5.0827346,3.5727344,2.7127345,2.4927344,1.8827344,1.9827343,2.0827343,2.9927344,2.9727345,2.9927344,1.5227344,2.1427343,0.19273438,0.4127344,1.0927343,2.1227343,1.7027344,1.5927343,1.0427344,0.9327344,-0.61726564,-1.8672656,-1.1672657,-1.2772657
-1.2572656,-0.6572656,-0.3672656,0.49273437,1.1627344,1.6327344,1.3527343,2.2427344,1.8227344,2.9827344,1.3627343,2.5427344,3.0427344,5.3227344,4.0527344,4.6227345,4.3927345,4.792734,4.1127343,4.3227344,3.2327344,2.8527343,2.8927343,2.5027344,2.4327345,2.7427344,1.9127344,1.5527344,1.2427344,1.5027344,2.0227344,1.5327344,1.6127343,1.9827343,1.7527344,1.0827343,0.5227344,0.83273435,-0.99726564,-0.87726563,-1.1572657
-1.2572656,-1.9672656,-0.8972656,0.13273437,1.9327344,2.5627344,3.7927344,3.0527344,3.4427345,2.2527344,1.5627344,3.2327344,4.6827345,4.4727345,4.9127345,4.6727343,3.6327343,3.9527345,4.2827344,4.212734,4.4927344,3.4227343,2.4627345,1.6927344,1.7927344,1.7927344,1.6927344,1.8727344,1.9827343,2.1227343,2.4127343,2.4727345,2.2827344,2.3327343,2.2327344,2.7127345,0.9227344,1.1827344,1.8127344,-0.17726563,-1.8072656
