wind_kz.json
{"header": {"discipline":0,"disciplineName":"Meteorological products","gribEdition":2,"gribLength":871,"center":7,"centerName":"US National Weather Service - NCEP(WMC)","subcenter":0,"refTime":"2025-04-05T18:00:00.000Z","significanceOfRT":1,"significanceOfRTName":"Start of forecast","productStatus":0,"productStatusName":"Operational products","productType":1,"productTypeName":"Forecast products","productDefinitionTemplate":0,"productDefinitionTemplateName":"Analysis/forecast at horizontal level/layer at a point in time","parameterCategory":0,"parameterCategoryName":"UnknownDiscipline_0_Category_0","parameterNumber":0,"parameterNumberName":"UnknownParameter_D0_C0_0","parameterUnit":"Unknown","genProcessType":2,"genProcessTypeName":"Forecast","forecastTime":300,"surface1Type":1,"surface1TypeName":"Ground or water surface","surface1Value":0.0,"surface2Type":255,"surface2TypeName":"Missing","surface2Value":0.0,"gridDefinitionTemplate":0,"gridDefinitionTemplateName":"Latitude_Longitude","numberPoints":615,"shape":6,"shapeName":"Earth spherical with radius of 6,371,229.0 m","gridUnits":"degrees","resolution":48,"winds":"true","scanMode":64,"nx":41,"ny":15,"basicAngle":0,"lo1":47.0,"la1":41.0,"lo2":87.0,"la2":55.0,"dx":1.0,"dy":1.0}, "data":
[rows 0 to 14 of 15, columns 0 to 40 of 41]
294.93066,282.93066,281.73065,283.23065,283.83066,284.43066,298.93066,308.13068,305.93066,304.93066,305.63068,305.03067,304.93066,305.03067,305.53067,308.73065,304.13068,309.13068,311.93066,311.83066,310.73065,312.03067,307.43066,305.13068,307.33066,312.03067,302.53067,293.43066,294.83066,289.13068,295.73065,284.03067,305.93066,316.03067,316.73065,317.33066,318.53067,318.33066,317.93066,317.53067,316.93066
272.93066,281.53067,282.73065,282.93066,283.33066,283.73065,293.83066,303.63068,301.13068,302.23065,303.33066,303.43066,305.83066,305.53067,305.03067,304.33066,305.73065,303.13068,305.73065,310.83066,309.13068,305.13068,300.03067,293.73065,275.93066,285.53067,299.23065,294.63068,304.73065,289.73065,299.83066,273.63068,301.03067,268.33066,273.23065,311.13068,311.83066,314.63068,316.23065,313.13068,284.03067
283.03067,281.83066,282.53067,282.83066,282.83066,298.63068,298.73065,295.83066,299.83066,299.23065,299.43066,300.23065,304.23065,306.33066,302.93066,302.33066,300.63068,305.03067,307.73065,307.63068,310.33066,307.73065,302.13068,295.53067,304.73065,303.43066,303.33066,304.83066,302.33066,298.53067,292.23065,296.23065,305.43066,303.63068,304.83066,299.73065,293.53067,285.83066,298.23065,294.63068,285.83066
285.33066,282.63068,281.53067,282.53067,286.43066,295.03067,293.83066,297.23065,297.33066,297.93066,297.83066,297.33066,286.33066,287.03067,299.03067,301.43066,303.53067,295.63068,304.93066,308.13068,311.53067,302.23065,306.33066,308.23065,306.83066,307.73065,308.13068,303.13068,306.83066,305.53067,304.83066,305.13068,310.13068,312.93066,308.93066,303.13068,292.53067,275.43066,298.53067,304.03067,308.53067
293.33066,283.23065,282.83066,283.43066,287.83066,294.53067,294.93066,295.43066,293.83066,295.63068,298.03067,298.43066,285.43066,285.03067,282.53067,299.93066,289.83066,302.73065,301.33066,306.13068,310.03067,309.63068,302.93066,305.03067,308.03067,306.13068,307.33066,299.53067,308.73065,306.13068,310.83066,308.93066,295.13068,277.93066,299.83066,307.73065,300.63068,312.33066,310.03067,309.13068,305.83066
290.93066,291.53067,283.73065,283.03067,282.13068,281.93066,294.23065,294.43066,293.13068,290.83066,293.93066,295.63068,285.33066,283.93066,285.63068,298.83066,298.33066,288.93066,299.93066,305.73065,306.63068,306.73065,302.63068,301.33066,299.83066,297.23065,305.73065,273.13068,304.43066,306.53067,308.43066,307.03067,312.43066,311.83066,304.03067,298.13068,298.13068,301.53067,312.53067,310.73065,305.33066
289.53067,290.33066,290.23065,290.33066,288.53067,293.93066,294.23065,292.03067,291.53067,287.03067,284.43066,288.03067,294.83066,295.73065,297.43066,298.13068,299.13068,288.03067,287.93066,289.23065,299.93066,293.23065,299.83066,301.13068,293.83066,289.63068,296.43066,290.93066,303.33066,305.33066,305.53067,306.93066,306.83066,305.73065,303.23065,300.63068,297.63068,297.93066,294.83066,293.63068,302.43066
286.73065,288.73065,288.73065,289.43066,290.03067,289.63068,290.43066,288.23065,287.23065,287.13068,280.23065,284.63068,288.33066,294.73065,295.73065,297.53067,299.03067,288.93066,285.53067,285.63068,285.83066,289.93066,296.53067,302.33066,297.53067,291.23065,287.23065,287.93066,296.83066,297.43066,297.03067,305.13068,299.83066,298.03067,301.83066,308.83066,309.93066,273.13068,308.63068,306.73065,303.33066
285.23065,286.03067,286.53067,287.53067,286.53067,287.53067,287.03067,287.03067,286.63068,285.83066,279.53067,276.93066,286.73065,293.73065,294.53067,295.63068,296.23065,293.73065,283.43066,285.13068,284.33066,284.63068,287.53067,288.73065,294.13068,295.73065,286.93066,286.23065,291.63068,289.63068,295.83066,294.23065,297.93066,300.93066,300.83066,300.83066,300.03067,299.93066,287.13068,294.03067,291.53067
284.93066,283.83066,284.43066,284.33066,284.13068,284.73065,285.53067,285.83066,286.53067,284.23065,279.63068,276.43066,278.53067,286.63068,291.43066,289.73065,295.13068,293.53067,290.23065,284.43066,284.33066,285.63068,284.83066,287.53067,291.43066,289.23065,293.73065,291.73065,294.73065,291.43066,294.03067,289.53067,299.43066,300.43066,299.33066,297.43066,292.43066,287.43066,293.73065,292.83066,292.13068
283.73065,284.43066,281.63068,278.13068,279.03067,279.33066,280.13068,283.93066,284.33066,284.13068,281.13068,280.83066,286.13068,286.63068,290.03067,288.63068,290.83066,294.23065,291.13068,283.43066,284.83066,283.13068,283.43066,283.83066,289.13068,292.83066,291.73065,298.43066,298.33066,297.43066,303.13068,302.33066,301.13068,300.83066,301.13068,299.33066,292.73065,291.93066,293.93066,292.33066,291.03067
280.93066,283.13068,281.53067,279.33066,276.63068,279.63068,278.33066,277.33066,277.43066,280.93066,281.33066,282.23065,285.93066,288.03067,288.33066,290.93066,289.63068,293.43066,292.23065,289.13068,285.83066,281.43066,282.33066,282.23065,281.73065,282.13068,284.23065,284.83066,296.33066,297.83066,300.53067,301.83066,301.33066,299.53067,299.43066,300.33066,299.43066,299.03067,295.93066,297.93066,295.63068
277.73065,279.03067,281.73065,282.53067,278.63068,276.33066,275.83066,275.83066,276.63068,276.83066,277.63068,279.93066,285.43066,285.13068,288.53067,290.23065,291.83066,289.93066,292.53067,290.13068,289.13068,285.63068,283.43066,282.73065,283.53067,289.73065,294.63068,291.93066,285.93066,287.03067,296.23065,298.33066,298.53067,296.53067,297.73065,294.73065,299.43066,295.73065,291.33066,296.33066,288.23065
275.93066,277.53067,276.23065,277.43066,276.03067,274.43066,275.73065,274.13068,275.93066,277.43066,277.33066,277.23065,282.43066,284.73065,287.73065,279.13068,289.13068,288.13068,289.13068,289.23065,289.23065,288.73065,289.53067,288.33066,289.13068,290.33066,289.63068,290.53067,292.73065,294.33066,287.73065,287.63068,286.33066,287.33066,284.13068,289.53067,289.03067,290.83066,288.73065,288.63068,295.33066
274.53067,277.13068,273.23065,277.33066,274.43066,274.03067,275.33066,275.63068,276.43066,279.03067,278.43066,282.13068,279.83066,283.23065,281.53067,285.33066,286.13068,287.03067,288.33066,287.73065,288.33066,289.13068,289.43066,288.73065,290.73065,289.93066,290.53067,291.03067,291.33066,292.73065,293.33066,285.63068,293.83066,293.53067,281.43066,282.63068,282.13068,282.53067,283.13068,282.63068,282.53067
