wind_kz.json
{"header": {"discipline":0,"disciplineName":"Meteorological products","gribEdition":2,"gribLength":1025,"center":7,"centerName":"US National Weather Service - NCEP(WMC)","subcenter":0,"refTime":"2023-08-07T18:00:00.000Z","significanceOfRT":1,"significanceOfRTName":"Start of forecast","productStatus":0,"productStatusName":"Operational products","productType":1,"productTypeName":"Forecast products","productDefinitionTemplate":0,"productDefinitionTemplateName":"Analysis/forecast at horizontal level/layer at a point in time","parameterCategory":2,"parameterCategoryName":"UnknownDiscipline_0_Category_2","parameterNumber":3,"parameterNumberName":"UnknownParameter_D0_C2_3","parameterUnit":"Unknown","genProcessType":2,"genProcessTypeName":"Forecast","forecastTime":240,"surface1Type":103,"surface1TypeName":"Specified height level above ground","surface1Value":10.0,"surface2Type":255,"surface2TypeName":"Missing","surface2Value":0.0,"gridDefinitionTemplate":0,"gridDefinitionTemplateName":"Latitude_Longitude","numberPoints":615,"shape":6,"shapeName":"Earth spherical with radius of 6,371,229.0 m","gridUnits":"degrees","resolution":48,"winds":"true","scanMode":64,"nx":41,"ny":15,"basicAngle":0,"lo1":47.0,"la1":41.0,"lo2":87.0,"la2":55.0,"dx":1.0,"dy":1.0}, "data":
[rows 0 to 14 of 15, columns 0 to 40 of 41]
2.0825195,-3.1174805,2.9725196,4.2425194,0.5325195,-3.4274805,1.7825196,0.36251953,-1.0474805,-2.9774804,-3.6074805,-3.9574804,-7.0174804,-5.8174806,-6.0474806,-7.5374804,-7.8074803,-4.3374805,-5.2174807,-5.2974806,-5.0574803,1.6125195,-0.06748047,-0.66748047,-2.1374805,0.16251953,-1.1374805,1.5125195,3.5925195,4.9825196,1.9925195,2.7225196,-2.2474804,-2.5874805,3.2025194,2.5825195,-0.79748046,-1.5874804,-1.3774805,-2.8874805,-2.3974805
4.0525193,1.9425195,3.1125195,3.1625195,1.0125195,-2.9574804,0.23251954,1.1825196,-0.79748046,-3.1274805,-2.7974806,-4.0274806,-5.0674806,-5.4674807,-6.2774806,-5.7674804,-6.7974806,-8.217481,-7.8074803,-5.0774803,-7.0374804,-5.4674807,-3.2374804,1.6825196,0.09251953,-1.3974805,-4.0674806,-0.61748046,-0.48748046,0.43251953,1.5325196,4.9725194,1.1925195,-0.12748046,1.1725196,-0.50748044,-0.26748046,-1.5574805,-1.4874805,-1.5174805,1.1225195
2.2325196,6.1825194,4.9525194,0.15251952,-0.35748047,2.7625196,2.0825195,3.1725194,1.9725195,0.6725195,-1.2174804,-2.1374805,-3.6774805,-4.3874803,-5.7474804,-5.2774806,-4.6274805,-5.2774806,-5.3874803,-5.3974805,-4.8374805,-5.2874804,-6.4074802,-4.0174804,-2.2774804,0.17251953,-0.027480468,0.09251953,-0.7174805,1.1325195,4.2125196,1.1525196,1.9825195,-1.8474804,-0.61748046,3.3125196,4.5525193,-1.0574805,0.63251954,1.4325196,2.0825195
2.9425194,1.9725195,0.46251953,-3.8674805,-1.5974804,-0.98748046,2.7525196,3.9825196,3.9425194,4.1925197,2.9225194,0.50251955,-2.1974804,-4.1174803,-4.9474807,-4.7674804,-2.9574804,-4.8474803,-4.5174804,-4.3474803,-4.2674804,-4.3474803,-1.1574805,-4.0774803,-4.8274803,-4.5074806,-3.2774804,-4.4974804,-2.4674804,-2.3874805,-3.9774804,-2.8374805,-0.86748046,1.6125195,0.70251954,-5.2074804,-1.4974805,2.9725196,1.5625196,1.0725195,1.0925195
2.4925196,2.2525196,-0.32748047,-3.6274805,-3.1374805,-3.1474805,-3.7874804,-3.6874804,-3.1374805,4.5625196,5.2025194,4.7125196,3.1925194,0.28251952,-2.7774804,-2.9974804,-0.9674805,-1.9974805,-3.6674805,-3.8874805,-3.1774805,-1.8874805,-1.3074805,-0.17748047,-0.44748047,-1.7874805,-1.9874805,-0.8874805,-1.5074805,-2.7274804,-3.0174804,-1.6674805,2.2225196,4.1625195,-1.2974805,-1.9374804,0.042519532,-1.6474805,0.7325195,-0.8374805,-2.0474806
1.4525195,0.7925195,-0.27748048,-2.2674804,-4.0074806,-5.2174807,-4.4874806,-5.2674804,-2.5674806,-5.1974807,2.6625195,3.7725196,3.0825195,1.4425195,0.8525195,-1.4474804,0.9625195,0.30251953,-1.2974805,-0.10748047,-2.0874805,-1.9574804,-1.9774804,3.2625196,2.6025195,2.0625196,1.1325195,2.8425195,2.5825195,1.1125195,-1.4274805,-0.98748046,-2.2174804,-0.18748046,1.9525195,1.0925195,3.2525196,3.5525196,0.18251953,-2.1974804,-1.1074805
3.5325196,3.3925195,2.7925196,1.2725196,-0.87748045,-2.0774806,-3.4274805,-2.9174805,-3.9874804,-6.0074806,-6.1074805,-3.8774805,-1.6974804,-2.3674805,1.4525195,1.4625195,-1.2574805,3.1125195,3.4225194,1.6125195,3.1525195,2.5725195,1.8225195,-1.1774805,-3.2474804,-0.34748048,2.8525195,2.8625195,1.3925195,1.8525195,2.7625196,1.0725195,0.35251954,-2.6674805,-1.0974804,-1.5874804,-3.4274805,-1.1074805,1.2825196,0.042519532,1.1125195
5.3125196,3.6325195,2.7925196,0.75251955,0.12251953,1.1725196,-1.8374804,-2.7474804,-3.6574805,-3.6874804,-4.0874805,-4.7974806,-5.0474806,-4.7874804,-6.1074805,-3.5974805,-3.8774805,-4.0074806,-4.4874806,0.75251955,2.1325195,2.5125196,2.1125195,2.9225194,2.2625196,1.1025195,-0.48748046,1.8225195,3.0725195,3.2225196,1.2325195,3.2425196,1.4625195,-0.34748048,1.4725195,2.1425195,1.1525196,-1.0574805,-0.37748048,-1.6474805,-2.0074804
-0.16748047,-1.6374805,-0.9574805,-0.74748045,-5.0974803,-1.7974805,-2.0174804,-2.7574804,-2.8774805,-3.2874804,-4.0974803,-4.1774807,-3.1774805,-3.9674804,-4.7974806,-6.3274803,-4.7374806,-5.0974803,-5.4074802,-3.8774805,-2.5174804,-4.1374803,-3.6074805,-3.1674805,0.48251954,1.3725195,3.3825195,2.1325195,3.5525196,2.5225196,2.6525195,3.1425195,2.7625196,3.5925195,3.0125196,2.6325195,-2.8174806,0.87251955,1.6325195,1.0625196,-0.5374805
3.5925195,2.6925194,0.12251953,-4.5974803,2.0025196,-1.1074805,-1.8274804,-1.8074805,-2.6874804,-3.2274804,-3.7674804,-3.5674806,-2.2174804,-3.1974804,-3.8074806,-4.9674807,-5.3574805,-5.3174806,-5.1474805,-5.4974804,-5.4474807,-3.7074804,-2.5874805,-1.8274804,-2.7174804,-2.8874805,-2.4374804,-1.4474804,0.37251952,3.3125196,4.4125195,3.6725194,3.7425196,3.4825196,2.1225195,1.3225195,0.6125195,-3.1474805,0.49251953,4.3425198,2.7825196
-1.5674804,0.99251956,2.5325196,1.1525196,-1.5974804,-3.1374805,-2.2874804,-2.2874804,-3.7674804,-3.7074804,-2.4674804,-1.4974805,-1.1374805,-0.9674805,-3.2174804,-3.6274805,-4.7174807,-5.5774803,-4.7574806,-4.6574802,-3.4374804,-3.7774804,-3.8274806,-2.8774805,-3.1674805,-2.7474804,-1.9474804,-1.2474805,-2.0874805,3.0725195,4.6725197,4.5125194,3.4325194,3.4525194,3.1525195,1.0925195,0.6625195,2.2925196,1.2125195,1.2625195,0.27251953
-0.03748047,-0.69748044,2.4025195,0.9725195,-0.0074804686,-2.2574804,-1.6674805,-2.3674805,-3.5174804,-2.7774804,-1.6774805,-3.3174806,-2.2674804,-0.38748047,-1.4474804,-2.4474804,-2.6674805,-2.8874805,-2.9174805,-3.1274805,-2.0074804,-2.7674804,-2.9874804,-2.2474804,-1.2874805,-2.5074804,-2.2974806,-4.4274807,-0.45748046,4.8825197,4.5225196,4.2325196,1.9925195,2.6625195,1.6825196,1.3125196,1.8525195,3.1425195,2.5225196,2.2825196,1.1125195
-1.1674805,-0.86748046,0.20251954,-0.49748048,0.41251954,0.64251953,0.70251954,-0.047480468,-2.5274804,-1.6074805,-0.6374805,-1.3374804,-2.3874805,-3.1974804,-3.3074806,-2.9374804,-2.3674805,-0.35748047,-0.8274805,-0.69748044,-0.40748048,0.07251953,0.46251953,-0.43748048,-1.4174805,-1.6074805,-2.9874804,-3.0374804,1.5525196,-0.43748048,0.46251953,1.7625195,1.5325196,2.8625195,2.6425195,2.3925195,1.6525196,1.1825196,0.39251953,0.20251954,0.102519535
-1.9674804,-1.9174805,-2.8674805,-1.2474805,-1.3974805,-1.7974805,-0.47748047,0.18251953,-1.2274804,-2.0974805,1.0725195,0.6625195,-0.5374805,-1.1374805,-2.4374804,-3.5574806,-1.7574805,-1.5474805,-1.1274805,-0.5874805,0.03251953,0.55251956,0.44251955,-0.21748047,0.9725195,-1.5874804,-1.3774805,2.3625195,1.9925195,1.2025195,1.8425195,1.0825195,1.3025196,1.8825195,1.7525195,1.4325196,0.9125195,0.81251955,0.9825195,1.0125195,0.32251954
-1.9974805,-2.9874804,-2.6574805,-2.7074804,-2.6874804,-1.0974804,-0.38748047,0.28251952,-1.7774805,-2.6074805,-1.3774805,-0.94748044,0.03251953,-0.6474805,-2.2574804,-2.2074804,-1.7574805,-2.4474804,-1.9874805,-2.0574806,-1.8874805,-1.9274805,-1.4974805,-0.86748046,1.2625195,0.89251953,-1.5774804,1.8425195,2.8225195,2.6325195,2.9025195,2.6625195,1.8125196,1.8525195,2.8725195,3.2725196,2.1925194,2.5325196,2.3225195,1.7825196,0.64251953
