wind_kz.json
{"header": {"discipline":0,"disciplineName":"Meteorological products","gribEdition":2,"gribLength":1025,"center":7,"centerName":"US National Weather Service - NCEP(WMC)","subcenter":0,"refTime":"2023-08-25T18:00:00.000Z","significanceOfRT":1,"significanceOfRTName":"Start of forecast","productStatus":0,"productStatusName":"Operational products","productType":1,"productTypeName":"Forecast products","productDefinitionTemplate":0,"productDefinitionTemplateName":"Analysis/forecast at horizontal level/layer at a point in time","parameterCategory":2,"parameterCategoryName":"UnknownDiscipline_0_Category_2","parameterNumber":3,"parameterNumberName":"UnknownParameter_D0_C2_3","parameterUnit":"Unknown","genProcessType":2,"genProcessTypeName":"Forecast","forecastTime":60,"surface1Type":103,"surface1TypeName":"Specified height level above ground","surface1Value":10.0,"surface2Type":255,"surface2TypeName":"Missing","surface2Value":0.0,"gridDefinitionTemplate":0,"gridDefinitionTemplateName":"Latitude_Longitude","numberPoints":615,"shape":6,"shapeName":"Earth spherical with radius of 6,371,229.0 m","gridUnits":"degrees","resolution":48,"winds":"true","scanMode":64,"nx":41,"ny":15,"basicAngle":0,"lo1":47.0,"la1":41.0,"lo2":87.0,"la2":55.0,"dx":1.0,"dy":1.0}, "data":
[rows 0 to 14 of 15, columns 0 to 40 of 41]
2.1451588,2.0551586,0.04515869,8.685159,4.525159,1.5651587,-0.024841309,1.3951586,4.605159,4.395159,4.4551587,2.8651588,2.2651587,1.6351587,1.9351587,0.22515869,-2.1748414,-3.2248414,-2.1248412,-2.4448414,-2.6048412,-1.3348413,-0.9648413,0.2551587,5.6851587,2.9151587,-1.1348413,1.5151587,-1.6448413,-0.8648413,2.3051586,0.81515867,-0.4748413,-4.184841,0.5751587,-0.9248413,3.9151587,2.3051586,1.5251586,1.5051587,1.2951587
-0.7248413,-1.6548413,5.9451585,7.9051585,3.8551588,1.6051587,0.6751587,2.0851586,3.2351587,4.815159,3.8351586,4.8651586,4.6651587,3.5851586,2.4551587,0.5351587,-0.38484132,-1.0948414,-1.5448413,-1.7548413,-1.6848413,-0.7048413,3.6451588,4.0551586,2.7051587,4.755159,3.3551588,1.2151587,2.0651586,2.9851587,-0.3148413,3.4951587,0.6651587,3.1051588,2.1251588,2.6951587,5.145159,4.2151585,4.005159,0.68515867,0.3551587
0.9051587,4.5551586,5.335159,5.1951585,3.2551587,2.7351587,2.1351588,1.2951587,2.6551588,3.6351588,4.5551586,3.5351586,3.1051588,3.0951586,2.1351588,0.7951587,-1.3248413,-2.0648413,-2.3848412,-2.3448412,-0.68484133,1.4351587,2.7051587,4.9451585,0.4051587,2.0251586,-0.074841306,-2.8748412,-2.9248414,-3.3048413,-0.45484132,0.5951587,-1.5248413,-1.4148413,-0.13484131,-3.8948412,-0.5448413,2.2051587,-0.4448413,0.4351587,1.3251587
3.9251587,5.855159,5.7251587,5.5751586,4.585159,3.0251586,2.9551587,1.9851587,2.3451586,2.6251588,2.6551588,3.8651588,3.4351587,2.9951587,1.3051587,0.9651587,-0.2348413,-2.1148412,-2.0648413,-2.2648413,0.2751587,3.0351586,1.8751587,6.1751585,5.3051586,5.8651586,4.4951587,-2.3248413,-2.4348414,-0.22484131,2.1551588,1.3451587,-1.1848413,2.0851586,-0.9548413,1.8651587,4.4951587,2.9251587,-5.434841,-6.0848413,-3.7648413
3.5751586,4.3651586,4.3051586,4.7151585,4.0951586,3.2651587,3.6051588,2.6551588,2.4551587,3.1451588,1.9751587,4.335159,3.1951587,2.6451588,2.7951586,1.1551586,-1.1248413,-1.7348413,-0.4048413,-2.0248413,0.8651587,-1.4848413,1.5551587,2.8551588,3.0951586,5.3451586,3.2751586,7.625159,0.4051587,1.5651587,2.9651587,-0.14484131,-0.2548413,1.1251587,0.2051587,-3.0948412,-10.894841,0.4151587,-2.2948413,-6.2348413,1.7151587
2.6451588,2.4051588,4.0751586,3.7051587,2.4051588,3.5151587,5.0751586,3.8551588,5.025159,5.105159,4.6651587,3.4851587,3.1151588,3.9551587,6.505159,3.0651586,1.7051587,-0.03484131,0.5951587,1.0551587,0.19515869,0.21515869,1.3851587,0.09515869,-0.024841309,0.2551587,1.0051587,0.8951587,0.8251587,2.4251587,3.7551587,2.3751588,2.0951586,0.7251587,-1.2448413,-5.264841,-0.74484134,-8.234841,-5.224841,-1.1848413,-5.954841
0.45515868,1.1451586,0.4051587,1.9951587,1.1851587,2.0351586,1.9751587,2.9251587,2.6751587,4.565159,4.9451585,3.7551587,3.5251586,3.6451588,5.7051587,4.605159,3.3851588,1.0451587,1.8651587,2.4951587,1.7451587,2.0151587,2.6251588,1.3951586,0.45515868,0.5151587,0.7251587,1.2551587,3.5351586,6.2051587,6.0151587,4.735159,5.9451585,2.8451586,-2.6848414,-3.8748412,0.9051587,-1.5848413,-1.8648413,-0.22484131,-9.874842
-2.8048413,-3.9048414,-3.5748413,-3.5048413,-2.4948413,0.36515868,0.2551587,3.1151588,2.0451586,3.7151587,3.3751588,4.2251587,3.7251587,6.1551585,6.855159,4.835159,5.6851587,2.6951587,1.6051587,3.0051587,1.8051587,3.3051586,2.2051587,2.0651586,-0.7348413,0.26515868,-0.20484132,4.895159,6.1651587,6.5551586,6.0551586,6.0751586,4.2251587,5.4451585,4.8051586,-0.4648413,-3.9548414,-2.3448412,-1.0248413,0.025158692,0.50515866
-4.1548414,-4.664841,-4.954841,-6.0248413,-5.914841,-5.164841,-2.7348413,-1.1448413,2.0251586,3.0751586,1.4251587,1.5351586,2.1551588,-2.2748413,4.7151585,7.7251587,6.335159,3.7451587,4.045159,3.8251586,2.8151586,2.4351587,2.7951586,2.3951588,-0.10484131,-0.7648413,0.24515869,2.8551588,6.6551585,8.065159,7.295159,5.2051587,6.5151587,3.8151586,5.8851585,-0.9848413,-3.6648414,-2.5448413,0.5751587,1.8851587,7.1151586
-3.4548414,-3.8148413,-4.7848415,-5.7548413,-5.9648414,-6.0348415,-5.3148413,-3.6548414,-1.2548413,0.3151587,1.5851587,4.8851585,3.6151588,2.8451586,5.815159,3.9151587,2.5551586,5.335159,5.2651587,4.2651587,3.3951588,3.0351586,1.9651587,2.3651588,1.7951587,0.5551587,0.8851587,1.0351586,2.7951586,5.625159,4.9151587,3.9751587,3.8651588,5.2151585,4.505159,0.4651587,-0.5548413,-0.2348413,0.5951587,-1.1248413,0.7351587
-3.6648414,-4.3448415,-5.3148413,-5.1748414,-5.204841,-4.164841,-3.9648414,-4.104841,-3.8748412,-3.0248413,-1.2748413,-1.0948414,1.2751586,7.375159,6.5551586,4.9451585,5.7851586,6.2251587,5.735159,5.1551585,5.3251586,4.645159,2.5451586,1.3151587,1.1851587,2.1951587,1.8451587,2.3451586,3.3851588,2.5951586,2.6251588,2.0251586,2.5851586,3.8451586,4.045159,1.2251587,1.7251587,2.6151588,0.2351587,0.36515868,0.08515869
-4.5648413,-5.0848413,-4.7948413,-4.3448415,-4.374841,-2.8448412,-2.0948412,-2.4248414,-3.3848412,-2.7048414,-2.7248414,-1.9848413,0.1551587,4.9551587,5.3251586,5.7451587,5.9451585,5.735159,5.525159,4.3651586,4.6851587,3.8551588,2.7451587,2.0651586,0.29515868,0.81515867,3.9251587,5.625159,4.4151587,4.1851587,3.5151587,2.7551587,2.6651587,4.525159,5.7151585,3.1551588,2.7351587,0.5851587,1.0051587,0.2751587,0.1251587
-3.5548413,-5.1548414,-4.5748415,-5.744841,-5.0948415,-3.3048413,-2.4748414,-3.5248413,-3.5348413,-2.7948413,-0.7848413,-0.20484132,-0.9548413,-1.0748413,2.6751587,4.735159,6.1951585,5.355159,5.295159,3.6551588,4.295159,2.9451587,-0.12484131,-0.8048413,0.39515868,2.0051587,6.2051587,7.375159,6.065159,6.3851585,5.7451587,4.3851585,4.2651587,3.1051588,2.8151586,3.3451586,2.4351587,2.2151587,3.4051588,1.1451586,0.04515869
-4.9248414,-4.6348414,-6.7748413,-5.5848413,-5.2848415,-5.0248413,-3.8148413,-4.1748414,-3.8248413,-1.9148413,-0.99484134,-0.2548413,-0.56484133,0.4351587,2.9751587,3.9751587,4.3451586,4.0151587,4.815159,4.7851586,3.1351588,-2.0148413,-0.4448413,-0.9048413,-1.1648413,0.9251587,6.1851587,8.335158,7.2651587,6.8251586,6.2251587,5.4751587,3.5951586,2.7651587,2.8151586,3.7551587,4.4551587,4.125159,4.585159,1.0451587,-0.09484131
-3.1148412,-5.514841,-7.1148415,-6.5848413,-6.0548415,-5.4048414,-4.6348414,-3.8248413,-3.7448413,-1.2848413,-0.22484131,0.025158692,1.9851587,-0.06484131,-0.99484134,3.1851587,4.895159,5.8451586,4.8251586,4.4651585,4.0551586,1.1251587,-1.8848413,-3.1248412,-3.1248412,-0.26484132,2.5651586,4.4651585,5.6751585,6.7651587,4.7851586,4.875159,2.3551588,1.2251587,1.9251587,4.6151586,6.5551586,7.6351585,3.8551588,0.87515867,0.4151587
