wind_kz.json
{"header": {"discipline":0,"disciplineName":"Meteorological products","gribEdition":2,"gribLength":1025,"center":7,"centerName":"US National Weather Service - NCEP(WMC)","subcenter":0,"refTime":"2023-09-20T12:00:00.000Z","significanceOfRT":1,"significanceOfRTName":"Start of forecast","productStatus":0,"productStatusName":"Operational products","productType":1,"productTypeName":"Forecast products","productDefinitionTemplate":0,"productDefinitionTemplateName":"Analysis/forecast at horizontal level/layer at a point in time","parameterCategory":2,"parameterCategoryName":"UnknownDiscipline_0_Category_2","parameterNumber":3,"parameterNumberName":"UnknownParameter_D0_C2_3","parameterUnit":"Unknown","genProcessType":2,"genProcessTypeName":"Forecast","forecastTime":180,"surface1Type":103,"surface1TypeName":"Specified height level above ground","surface1Value":10.0,"surface2Type":255,"surface2TypeName":"Missing","surface2Value":0.0,"gridDefinitionTemplate":0,"gridDefinitionTemplateName":"Latitude_Longitude","numberPoints":615,"shape":6,"shapeName":"Earth spherical with radius of 6,371,229.0 m","gridUnits":"degrees","resolution":48,"winds":"true","scanMode":64,"nx":41,"ny":15,"basicAngle":0,"lo1":47.0,"la1":41.0,"lo2":87.0,"la2":55.0,"dx":1.0,"dy":1.0}, "data":
[rows 0 to 14 of 15, columns 0 to 40 of 41]
-0.2871802,-1.9471802,1.9428198,3.4028199,0.7728198,1.2628198,0.94281983,0.9528198,-0.7871802,-1.5571802,-3.4471803,-3.64718,-3.5571802,-3.39718,-3.0671802,-2.6871803,0.5328198,-0.35718018,0.75281984,-0.15718018,-1.4971802,-2.0271802,2.0528197,-1.2371802,-1.8171802,-0.9771802,-1.0771801,1.0228199,2.6728199,4.9028196,2.0728197,1.8328198,1.0628198,-0.057180177,1.7528198,2.2028198,2.4728198,2.1928198,1.9328198,1.5128198,2.11282
4.3228197,2.0328197,2.85282,0.122819826,1.3128198,1.3328198,-1.3771802,0.26281983,0.3728198,-1.7271801,-3.2171803,-3.7371802,-3.65718,-3.3271801,-4.49718,-4.47718,-0.09718017,0.032819822,-1.3071802,2.4928198,0.31281984,-1.4071802,0.24281983,0.8528198,-0.25718018,0.55281985,-1.4371802,1.6928198,1.0628198,2.59282,4.31282,4.10282,1.2428198,-1.1471802,-0.06718018,-0.17718017,-0.26718017,-0.12718017,0.23281983,-1.2971802,-1.1771802
2.5128198,4.51282,2.4328198,-0.027180176,0.9728198,-0.26718017,-0.74718016,-1.6371802,-0.117180176,-2.89718,-3.5371802,-3.3271801,-4.1171803,-3.6771803,-3.63718,-3.61718,-1.6271802,-2.13718,-2.0271802,0.4628198,1.3128198,0.5128198,-1.7571802,-0.45718017,-0.69718015,0.0028198243,0.74281985,0.33281982,-0.5171802,1.2328198,3.2628198,1.2728199,2.2128198,-0.27718017,-0.32718018,4.1128197,5.62282,1.3928199,0.5128198,0.6028198,0.7628198
0.17281982,2.64282,1.9328198,1.4228199,0.28281984,-0.017180176,0.042819824,-0.8571802,-1.5071802,-2.3471801,-2.9671803,-3.9771802,-6.2171803,-5.24718,-3.7971802,-3.5171802,-2.8371801,-2.0171802,-2.1971803,-0.9071802,-1.1471802,-0.33718017,1.0428199,-0.75718015,-0.7971802,-1.4071802,-2.40718,-0.35718018,1.2428198,0.0028198243,-0.9571802,-0.35718018,-0.09718017,-0.82718015,0.052819826,-2.1771803,-0.68718016,2.6628199,2.89282,0.7728198,1.5428199
-0.7271802,-0.6471802,-0.017180176,0.33281982,0.67281985,0.68281984,0.29281983,0.3728198,-0.7071802,-2.0171802,-3.4971802,-2.8171802,-4.58718,-5.70718,-5.0571804,-3.90718,-3.37718,-2.5271802,-2.0271802,-1.3471801,0.31281984,-0.5371802,-0.8371802,-1.2671802,-1.5671802,-1.7871802,-0.81718016,-1.6971802,-1.4171802,-1.5971801,-1.7171801,0.20281982,1.6428199,1.5228199,-0.18718018,-2.41718,1.2128198,-0.32718018,-1.9371802,-1.4071802,0.7828198
-0.9771802,-1.0071802,-1.1371802,-0.20718017,-0.18718018,-1.1171802,-0.2871802,-0.19718018,-0.13718018,-0.63718015,-2.5071802,-3.39718,-4.5971804,-5.5971804,-4.68718,-4.20718,-2.65718,-1.9771801,-2.16718,-1.8771802,-1.7471802,-0.5171802,-0.14718017,-1.3871802,-1.2171801,-1.3471801,-2.0371802,-1.6471802,-1.4571801,-2.0671802,-2.5871801,-1.6871802,1.0528198,-2.0671802,1.9028199,11.3128195,2.7428198,5.24282,-0.6571802,-2.0671802,-1.5271802
-2.4271803,-2.4571803,-2.0471802,-2.4471803,-2.0371802,-2.1971803,-0.12718017,-1.3971802,1.4628198,0.22281982,-0.46718016,-2.11718,-3.3071802,-3.38718,-4.01718,-4.4071803,-3.2771802,-1.0571802,-1.4571801,-1.9471802,-2.6871803,-1.8671802,-1.1071801,-1.1071801,-1.2971802,-0.6071802,-2.9671803,-2.5671802,-3.6871803,-2.4371803,-2.5071802,-3.0871801,-2.2071803,-1.4071802,-0.42718017,-0.68718016,-2.7571802,-0.5971802,2.12282,1.6828198,2.61282
-2.9471803,-3.15718,-3.7371802,-3.6971803,-3.66718,-3.6771803,-3.3171802,-1.0171802,1.1128198,0.33281982,2.33282,0.022819825,-2.41718,-2.8471801,-3.8471801,-3.9371803,-3.4371803,-1.3771802,-0.9271802,-0.087180175,-2.85718,-3.2071803,-3.38718,-1.6371802,-1.3371801,0.67281985,0.56281984,-1.6971802,-1.9571801,-4.48718,-3.86718,-2.7771802,-1.8671802,-3.8371801,-0.06718018,-0.9071802,-1.1271802,1.7128198,-0.9271802,0.18281983,-2.2271802
-2.9371803,-3.1971803,-3.4771802,-3.5971801,-3.63718,-3.8071802,-2.8271801,-1.9371802,-3.4871802,-2.89718,2.5228198,2.2228198,-0.6471802,-2.6871803,-3.40718,-3.4471803,-3.0071802,-2.14718,-1.4771801,-1.2071801,-0.39718017,-2.87718,-3.3171802,-2.3171802,-2.0571802,0.44281983,0.7628198,-0.13718018,-0.41718018,-0.6071802,-2.7171803,-3.2571802,-1.4571801,-0.037180174,-0.68718016,-0.33718017,-2.6771803,-0.56718016,1.6428199,1.6628199,-3.0871801
-2.9771802,-3.37718,-3.4971802,-3.4971802,-3.9871802,-3.8371801,-3.61718,-2.5671802,-1.8071802,-0.7271802,-2.6871803,2.4928198,2.1828198,-1.1671802,-2.4271803,-2.9971802,-2.0771801,-2.0771801,-1.6371802,-1.1671802,-1.2471802,-1.4071802,-1.8971802,-2.2671802,-2.13718,-0.94718015,-1.1771802,0.6628198,-0.38718018,-1.3071802,-0.5971802,-0.94718015,-1.3371801,-1.4571801,-0.33718017,0.4628198,0.32281983,-1.9371802,-1.0371802,2.0328197,3.60282
-2.89718,-3.60718,-3.5771801,-3.7971802,-3.3371801,-3.3471801,-2.9871802,-2.39718,-2.8071802,-2.9671803,-1.8871802,-1.9071802,2.2428198,2.2928197,0.26281983,-2.10718,-1.6171802,-2.0071802,-1.3771802,-1.7571802,-1.7071801,-1.2771802,-1.6471802,-1.4071802,-1.6971802,-0.8371802,-0.5871802,-0.23718017,-0.61718017,-0.17718017,-0.5371802,-0.6771802,-1.4071802,-1.6471802,-2.3071802,0.052819826,-0.037180174,1.7328198,1.1428199,1.4428198,0.032819822
-1.9771801,-3.0071802,-3.0371802,-3.2371802,-2.9571803,-3.14718,-2.86718,-1.3371801,-2.5071802,-1.4171802,-0.7371802,-1.2171801,-0.24718018,1.2228198,1.8028198,0.75281984,-0.55718017,-1.8871802,-0.057180177,0.17281982,0.69281983,-0.7071802,-1.0871801,-1.1771802,-0.6771802,-0.56718016,0.6028198,0.9728198,0.5728198,0.33281982,-0.3471802,-0.7071802,-0.9171802,-1.2571802,-1.4171802,-1.9071802,-0.93718016,1.1828198,1.5128198,1.4828198,0.5328198
-1.8571801,-1.1571802,-2.3171802,-1.6971802,-2.40718,-1.6371802,-2.35718,-2.4571803,-2.6771803,-1.9671801,-0.55718017,-0.12718017,-1.9471802,-1.9071802,0.62281984,2.7028198,1.1428199,0.092819825,-0.7971802,-1.4471802,0.80281985,2.0028198,1.2528198,0.7928198,0.99281985,1.2628198,1.1728199,0.93281984,1.0428199,0.32281983,0.042819824,0.14281982,-0.3771802,-0.48718017,-0.48718017,-0.5871802,-0.6671802,-0.33718017,-0.55718017,-0.17718017,0.122819826
-1.8171802,-2.5071802,-3.2071803,-2.0871801,-1.8071802,-2.0771801,-2.4371803,-1.9071802,-1.7971802,-1.6771802,0.17281982,-0.4071802,-2.0471802,-1.9171802,-1.9871802,0.9028198,1.6628199,0.5128198,0.86281985,0.45281982,-0.20718017,0.75281984,0.8428198,0.94281983,1.3928199,1.1528199,0.6528198,0.67281985,0.7628198,0.49281982,0.10281982,0.08281983,0.24281983,0.28281984,-0.23718017,-0.117180176,0.20281982,-0.0071801757,-0.18718018,0.3728198,0.99281985
-1.1871802,-2.4371803,-2.4771802,-1.9471802,-1.4671801,-1.0371802,-1.6171802,-1.8071802,-2.12718,-1.6071801,-0.6071802,-0.21718018,0.8528198,-0.61718017,-2.66718,-1.9671801,-0.10718018,-0.3471802,-0.26718017,-0.21718018,-0.017180176,0.29281983,0.7228198,0.68281984,0.56281984,0.8428198,0.8228198,1.0928198,0.4328198,0.69281983,-0.0071801757,0.5928198,0.5828198,1.0128198,1.5328199,0.9828198,1.7028198,2.2028198,1.3728198,1.9228199,1.2028198
