wind_kz.json
{"header": {"discipline":0,"disciplineName":"Meteorological products","gribEdition":2,"gribLength":1025,"center":7,"centerName":"US National Weather Service - NCEP(WMC)","subcenter":0,"refTime":"2023-08-26T06:00:00.000Z","significanceOfRT":1,"significanceOfRTName":"Start of forecast","productStatus":0,"productStatusName":"Operational products","productType":1,"productTypeName":"Forecast products","productDefinitionTemplate":0,"productDefinitionTemplateName":"Analysis/forecast at horizontal level/layer at a point in time","parameterCategory":2,"parameterCategoryName":"UnknownDiscipline_0_Category_2","parameterNumber":3,"parameterNumberName":"UnknownParameter_D0_C2_3","parameterUnit":"Unknown","genProcessType":2,"genProcessTypeName":"Forecast","forecastTime":240,"surface1Type":103,"surface1TypeName":"Specified height level above ground","surface1Value":10.0,"surface2Type":255,"surface2TypeName":"Missing","surface2Value":0.0,"gridDefinitionTemplate":0,"gridDefinitionTemplateName":"Latitude_Longitude","numberPoints":615,"shape":6,"shapeName":"Earth spherical with radius of 6,371,229.0 m","gridUnits":"degrees","resolution":48,"winds":"true","scanMode":64,"nx":41,"ny":15,"basicAngle":0,"lo1":47.0,"la1":41.0,"lo2":87.0,"la2":55.0,"dx":1.0,"dy":1.0}, "data":
[rows 0 to 14 of 15, columns 0 to 40 of 41]
0.36048096,1.7104809,2.7804809,5.050481,2.200481,1.2004809,2.470481,2.560481,2.140481,1.9904809,1.250481,0.660481,-1.129519,-2.349519,-3.329519,-4.749519,-6.129519,-5.499519,-5.809519,-4.259519,-3.649519,-4.0995193,2.3004808,1.5804809,3.0404809,2.920481,0.27048096,0.87048095,-2.619519,-3.299519,-2.539519,-1.429519,-1.839519,0.92048097,-1.839519,-5.529519,-7.839519,-6.059519,-0.709519,-4.559519,2.690481
2.0204809,1.020481,7.760481,5.980481,4.790481,2.8004808,3.140481,2.640481,2.0104809,1.630481,1.3604809,0.40048096,-1.0295191,-2.349519,-2.9495192,-2.9895191,-4.559519,-4.929519,-6.519519,-5.319519,-6.919519,-4.759519,0.15048096,-1.809519,2.250481,3.2604809,4.180481,1.530481,-0.16951904,0.11048096,-2.819519,-2.369519,-0.62951905,-1.459519,1.160481,-2.639519,-4.459519,-8.059519,-4.119519,-3.029519,-4.169519
3.120481,8.890481,7.530481,6.460481,5.4004807,4.100481,3.810481,3.370481,3.190481,1.8604809,0.31048095,-0.029519044,-1.679519,-1.5295191,-2.289519,-2.569519,-4.289519,-4.659519,-6.219519,-6.969519,-1.939519,-5.239519,-5.129519,-3.069519,-3.639519,-2.4495192,-2.129519,-3.549519,-0.98951906,-3.249519,-2.9795191,-0.79951906,-3.169519,0.51048094,1.400481,-2.249519,-0.599519,-1.059519,-1.129519,1.680481,1.5904809
7.940481,7.710481,7.180481,7.060481,5.660481,5.600481,4.890481,3.820481,3.190481,2.5304809,1.750481,-0.31951904,-1.199519,-2.569519,-2.289519,-2.109519,-3.389519,-4.779519,-6.109519,-6.289519,-6.169519,-4.739519,-1.9195191,-2.439519,-3.619519,-3.619519,-3.639519,-2.6995192,-2.549519,-2.909519,-3.429519,-0.849519,1.530481,0.94048095,1.320481,2.7704809,2.970481,-0.68951905,-1.6495191,-1.2695191,-3.329519
6.880481,6.240481,6.340481,3.890481,4.050481,4.290481,3.870481,4.210481,3.690481,3.0204809,2.120481,0.61048096,-0.34951904,-2.189519,-1.929519,-2.689519,-2.799519,-3.839519,-4.959519,-4.769519,-4.459519,-4.229519,-3.809519,-2.359519,-1.589519,-2.169519,-3.2395191,-4.139519,-1.9195191,-2.799519,-3.019519,-2.639519,-1.4095191,-1.189519,0.840481,1.770481,-2.129519,-0.41951904,2.870481,5.140481,3.5504808
5.770481,5.500481,4.560481,5.440481,5.080481,3.7704809,4.330481,4.510481,3.370481,2.410481,1.5904809,0.77048093,0.540481,-0.03951904,-2.789519,-2.309519,-2.7295191,-2.9795191,-3.9795191,-3.2395191,-3.529519,-4.569519,-5.0995193,-3.859519,-2.859519,-3.329519,-3.2295191,-2.9795191,-4.259519,-3.269519,-1.1495191,-3.549519,-2.539519,-0.54951906,-2.149519,-2.569519,-3.039519,-4.399519,-3.849519,4.590481,6.200481
2.2704809,4.050481,5.230481,5.850481,4.930481,4.190481,5.080481,4.230481,3.5304809,2.100481,1.560481,1.1004809,0.35048094,0.43048096,-1.0395191,-2.149519,-2.319519,-3.999519,-4.459519,-3.9495192,-3.899519,-3.339519,-4.999519,-4.289519,-2.689519,-2.389519,-3.049519,-4.029519,-3.349519,-3.609519,-1.339519,-0.26951903,-2.999519,0.9604809,-0.03951904,0.37048095,2.740481,0.970481,-1.309519,1.550481,-4.509519
1.8404809,3.080481,4.250481,5.450481,4.680481,4.580481,4.570481,3.100481,2.2904809,1.680481,0.09048095,0.27048096,0.18048096,-0.29951903,-0.779519,-1.6495191,-2.319519,-3.789519,-4.699519,-3.7295191,-4.229519,-3.569519,-3.039519,-3.539519,-3.369519,-3.749519,-3.6995192,-3.9595191,-2.7195191,-2.7195191,-1.5095191,-0.779519,-0.63951904,-1.949519,-2.509519,-2.189519,-2.619519,-1.809519,-0.80951905,-0.06951904,0.11048096
2.730481,3.130481,3.7604809,4.1704807,4.180481,4.060481,3.430481,2.500481,2.160481,0.74048096,0.650481,0.540481,-0.86951905,-0.31951904,-1.089519,-1.079519,-2.019519,-2.439519,-1.3995191,-2.429519,-1.6395191,-2.2395191,-1.1395191,-4.069519,-4.619519,-4.189519,-3.389519,-2.159519,-3.249519,-3.059519,-2.759519,-2.669519,-3.559519,-4.289519,-2.829519,-2.939519,-1.1695191,-3.429519,-3.109519,-1.469519,2.360481
3.5404809,3.840481,3.610481,3.910481,3.5404809,3.400481,2.960481,2.0104809,1.290481,0.16048096,-0.54951906,-0.92951906,-0.7895191,-1.949519,-2.179519,-2.159519,-2.189519,-2.2295191,-1.499519,-0.719519,0.31048095,-1.949519,-1.369519,-0.73951906,-3.7195191,-3.4895191,-2.809519,-2.2295191,-2.659519,-2.609519,-2.759519,-3.029519,-2.139519,-2.189519,-1.679519,-2.089519,-1.229519,1.320481,0.31048095,-0.7895191,-2.799519
2.630481,2.620481,2.910481,2.660481,2.750481,2.600481,1.8304809,1.2204809,1.2104809,0.660481,-0.11951904,-1.469519,-1.499519,-2.659519,-2.9595191,-1.9095191,-2.289519,-2.819519,-1.099519,-1.489519,0.14048095,0.34048095,-1.7595191,0.70048094,-2.4695191,-2.159519,-2.249519,-2.4895191,-2.839519,-2.579519,-2.859519,-2.1995192,-1.129519,-0.69951904,-1.569519,-0.779519,0.41048095,-0.85951906,0.530481,-0.589519,-0.049519043
2.100481,2.320481,2.5204809,2.620481,2.460481,2.0504808,2.100481,1.7304809,1.2004809,1.300481,-0.20951904,-1.6395191,-1.6595191,-1.1395191,-1.599519,-1.849519,-1.939519,-1.1395191,-0.62951905,-2.359519,-1.229519,-0.87951905,0.47048095,-1.249519,-2.409519,-1.7795191,-1.879519,-2.509519,-2.629519,-2.4495192,-2.849519,-3.109519,-2.2195191,-2.639519,-2.019519,1.680481,-0.25951904,-1.0195191,1.300481,0.86048096,1.430481
2.160481,2.560481,2.320481,2.2804809,1.7104809,1.400481,2.110481,1.690481,0.850481,1.9804809,0.16048096,-1.2895191,-1.069519,-1.1695191,-1.479519,-0.44951904,-0.18951905,0.49048096,1.2304809,-0.62951905,0.36048096,-1.0495191,-0.05951904,-1.929519,-1.979519,-1.349519,-1.849519,-3.2095191,-3.049519,-2.349519,-2.649519,-2.639519,-2.029519,-0.779519,-2.849519,0.790481,1.9704809,0.26048097,-1.3995191,1.270481,0.36048096
1.540481,1.4604809,1.020481,1.4504809,1.4904809,1.570481,2.2604809,2.000481,2.2904809,3.660481,1.670481,0.21048096,-0.33951905,-0.33951905,-1.249519,-0.48951903,-0.10951904,0.22048096,0.98048097,0.52048093,1.2204809,-0.10951904,1.910481,0.50048095,0.47048095,-1.2595191,-2.069519,-2.839519,-2.549519,-2.2395191,-3.6995192,-1.949519,-2.689519,-2.769519,-1.349519,1.760481,0.840481,0.45048097,-1.2895191,-0.779519,-1.309519
-0.26951903,-1.5395191,-1.349519,-2.359519,-2.049519,-0.099519044,-0.16951904,1.050481,0.11048096,3.190481,3.310481,2.560481,1.820481,-0.009519043,0.45048097,-1.9195191,-1.059519,-0.15951905,0.99048096,2.240481,2.3004808,2.070481,2.610481,1.5804809,0.46048096,-0.089519046,-2.049519,-2.569519,-1.129519,-0.75951904,-2.189519,-2.349519,-1.579519,1.150481,1.180481,0.41048095,-1.079519,-1.929519,-1.999519,-1.249519,-0.779519
