wind_kz.json
{"header": {"discipline":0,"disciplineName":"Meteorological products","gribEdition":2,"gribLength":1102,"center":7,"centerName":"US National Weather Service - NCEP(WMC)","subcenter":0,"refTime":"2023-08-28T18:00:00.000Z","significanceOfRT":1,"significanceOfRTName":"Start of forecast","productStatus":0,"productStatusName":"Operational products","productType":1,"productTypeName":"Forecast products","productDefinitionTemplate":0,"productDefinitionTemplateName":"Analysis/forecast at horizontal level/layer at a point in time","parameterCategory":2,"parameterCategoryName":"UnknownDiscipline_0_Category_2","parameterNumber":3,"parameterNumberName":"UnknownParameter_D0_C2_3","parameterUnit":"Unknown","genProcessType":2,"genProcessTypeName":"Forecast","forecastTime":0,"surface1Type":103,"surface1TypeName":"Specified height level above ground","surface1Value":10.0,"surface2Type":255,"surface2TypeName":"Missing","surface2Value":0.0,"gridDefinitionTemplate":0,"gridDefinitionTemplateName":"Latitude_Longitude","numberPoints":615,"shape":6,"shapeName":"Earth spherical with radius of 6,371,229.0 m","gridUnits":"degrees","resolution":48,"winds":"true","scanMode":64,"nx":41,"ny":15,"basicAngle":0,"lo1":47.0,"la1":41.0,"lo2":87.0,"la2":55.0,"dx":1.0,"dy":1.0}, "data":
[rows 0 to 14 of 15, columns 0 to 40 of 41]
0.6112891,-2.0187109,-0.26871094,6.691289,4.391289,0.6112891,-2.438711,4.231289,3.2512891,3.031289,3.341289,3.0112891,2.911289,1.131289,1.3112891,1.451289,1.4212891,1.0612891,-1.3487109,-1.748711,1.0212891,-1.388711,-2.198711,-1.5987109,-2.408711,-2.658711,-2.5487108,1.241289,0.89128906,1.6712891,-3.0287108,-4.338711,1.5112891,-6.8987107,-3.0087109,-3.318711,-3.198711,-5.538711,-5.598711,-4.338711,-2.7987108
0.78128904,1.0712891,-5.3787107,8.741289,7.431289,3.301289,-0.13871093,-2.0387108,3.591289,5.411289,5.681289,5.171289,4.561289,4.231289,3.4812891,3.571289,2.2612891,1.0112891,1.131289,0.37128907,2.911289,-0.008710938,-1.3487109,1.961289,2.271289,2.071289,-0.46871093,2.391289,0.5612891,2.031289,3.181289,2.881289,0.011289063,2.531289,1.471289,-3.108711,-4.538711,-4.6487107,-3.618711,-3.908711,-1.378711
-0.22871093,-1.008711,-2.4887109,3.541289,6.431289,3.7112892,1.091289,-0.6887109,-0.20871094,2.2212892,3.411289,6.3312893,5.641289,4.921289,4.801289,5.181289,4.241289,2.7512891,2.7112892,3.641289,2.671289,3.071289,1.3912891,0.8612891,1.491289,-0.118710935,0.23128906,-0.15871094,-0.04871094,1.6912891,3.881289,0.6812891,0.95128906,-0.14871094,1.751289,-1.118711,-1.518711,-4.348711,-1.0687109,-0.15871094,1.8212891
3.341289,3.081289,1.241289,-0.26871094,2.811289,3.591289,2.2412891,2.2212892,2.7012892,2.641289,3.0112891,3.691289,7.731289,8.991289,5.431289,5.461289,4.651289,2.7212892,2.621289,3.111289,3.4812891,3.531289,3.091289,2.551289,2.7112892,1.111289,5.0812893,-0.42871094,2.911289,3.651289,1.841289,-1.2287109,0.011289063,0.69128907,-1.5987109,1.701289,4.011289,3.351289,-1.538711,-1.5987109,-1.538711
5.891289,7.411289,6.221289,6.061289,4.801289,3.051289,0.85128903,0.26128906,-2.0387108,-2.598711,4.731289,5.5812893,9.181289,10.031289,8.241289,5.931289,4.271289,2.781289,3.4912891,3.561289,2.7612891,1.331289,2.841289,1.1812891,-0.06871094,0.15128906,5.071289,3.161289,2.7512891,1.981289,3.371289,3.0112891,1.501289,-0.15871094,0.31128907,0.9912891,1.5412891,0.35128906,1.4312891,1.5412891,0.47128907
-5.388711,-0.38871095,0.16128907,1.861289,0.60128903,-2.378711,-0.5187109,-0.04871094,-1.768711,-2.5187109,-1.4387109,0.0012890626,4.141289,11.3412895,8.8412895,3.4712892,1.1512891,2.941289,2.551289,5.5812893,3.9512892,4.401289,4.3712893,2.7612891,3.7412891,2.041289,-1.3287109,1.6512891,3.871289,0.9912891,4.941289,2.5112891,0.6112891,5.451289,2.791289,0.70128906,-0.6287109,-3.2587109,-5.9187107,-0.60871094,4.041289
-4.708711,-3.5387108,-3.2587109,-3.2387109,-4.228711,1.4212891,1.8912891,-0.59871095,-0.19871093,1.101289,-2.868711,-0.45871094,4.511289,9.111289,10.031289,8.281289,8.171289,6.811289,4.821289,6.691289,5.191289,4.231289,4.061289,4.3712893,4.3312893,3.621289,2.321289,2.2012892,-0.71871096,-1.908711,0.37128907,0.10128906,0.24128906,2.661289,4.131289,0.8012891,-1.6087109,-1.528711,-2.0487108,-1.0687109,-4.798711
-6.8787107,-6.798711,-7.428711,-7.728711,-7.968711,-7.478711,-6.9187107,-3.948711,-2.648711,-2.358711,-1.2287109,-1.9387109,-4.698711,7.541289,10.431289,9.541289,10.481289,6.5812893,3.0012891,8.021289,6.791289,4.811289,3.601289,3.7612891,3.5112891,3.181289,4.281289,1.991289,1.7712891,0.71128905,-0.53871095,3.371289,3.531289,1.711289,4.161289,2.391289,6.211289,2.611289,0.30128905,1.501289,-1.8487109
-6.508711,-5.288711,-3.938711,-5.528711,-5.638711,-6.908711,-7.138711,-6.298711,-2.928711,-0.04871094,-0.80871093,-2.158711,-1.788711,-4.328711,6.091289,9.101289,9.3412895,10.761289,7.481289,5.071289,7.931289,7.941289,6.451289,3.651289,4.221289,3.661289,3.551289,3.7112892,2.9912891,1.3012891,0.60128903,-1.048711,3.9812891,3.921289,3.431289,2.661289,0.57128906,-1.158711,-2.188711,-2.628711,0.29128906
-3.398711,-4.078711,-4.348711,-5.018711,-4.1287107,-4.248711,-3.598711,-4.848711,-3.9887109,-2.718711,-3.968711,-0.22871093,-3.128711,-2.118711,0.23128906,7.921289,8.3812895,7.431289,7.8512893,1.741289,6.051289,8.311289,6.5812893,4.3312893,3.4812891,4.481289,5.221289,4.381289,2.931289,2.821289,0.95128906,0.08128906,-2.368711,3.841289,4.501289,2.041289,1.4212891,-0.59871095,0.76128906,0.5612891,-1.4887109
-3.948711,-3.708711,-3.648711,-4.958711,-4.618711,-3.638711,-2.928711,-2.898711,-1.3387109,-1.788711,-0.49871093,-0.5087109,-1.6887109,-1.378711,-0.7087109,4.141289,3.9612892,8.391289,10.991289,4.951289,6.6212893,7.3312893,7.341289,2.771289,3.2612891,3.851289,2.861289,3.291289,5.421289,2.851289,2.681289,1.4312891,1.501289,-0.17871094,6.011289,3.111289,1.4212891,1.381289,-0.79871094,-0.86871094,-1.278711
-2.668711,-4.448711,-4.298711,-4.808711,-6.468711,-5.028711,-2.398711,-2.7587109,-1.7087109,-1.298711,-0.8887109,-1.1787109,-0.9387109,-0.72871095,0.031289063,1.8112891,4.321289,4.311289,9.511289,7.311289,6.721289,7.011289,6.271289,3.301289,3.881289,3.2412891,4.051289,4.201289,3.811289,1.741289,0.91128904,1.5612891,0.39128906,2.411289,4.881289,6.291289,5.6012893,3.7312891,1.341289,1.0312891,0.39128906
-3.598711,-6.068711,-3.958711,-4.718711,-4.528711,-2.7387109,-3.058711,-0.71871096,-2.2387109,-0.39871094,-0.61871094,-0.72871095,-2.058711,-2.308711,-0.64871097,2.281289,3.401289,5.381289,5.231289,6.361289,6.611289,5.891289,5.191289,4.251289,4.301289,3.671289,4.211289,3.2612891,3.041289,2.141289,2.681289,2.0112891,2.631289,3.561289,3.851289,3.9612892,3.591289,2.191289,2.831289,2.291289,1.481289
-4.938711,-6.518711,-8.518711,-7.488711,-6.198711,-3.9987109,-3.218711,-2.378711,-0.60871094,-0.33871093,0.41128907,-1.018711,-1.028711,-1.618711,-2.828711,0.64128906,3.621289,3.621289,3.111289,2.901289,3.061289,5.151289,4.811289,3.791289,3.5112891,3.2112892,2.111289,2.591289,1.7612891,2.4912891,2.371289,3.391289,3.031289,4.481289,3.2312891,3.291289,2.661289,2.5112891,2.7212892,2.281289,2.311289
-3.228711,-6.568711,-10.938711,-9.318711,-9.1587105,-8.648711,-5.958711,-2.2587109,-1.8387109,-1.8287109,0.57128906,-0.64871097,-0.91871095,-1.248711,0.78128904,0.48128906,-0.53871095,0.46128905,1.971289,3.281289,2.781289,2.7612891,2.771289,2.4712892,2.381289,2.021289,1.991289,1.9012891,2.121289,2.351289,2.871289,4.051289,3.831289,5.691289,4.211289,3.9912891,3.521289,3.2212892,2.921289,2.391289,1.8212891
