wind_kz.json
{"header": {"discipline":0,"disciplineName":"Meteorological products","gribEdition":2,"gribLength":1025,"center":7,"centerName":"US National Weather Service - NCEP(WMC)","subcenter":0,"refTime":"2023-10-03T00:00:00.000Z","significanceOfRT":1,"significanceOfRTName":"Start of forecast","productStatus":0,"productStatusName":"Operational products","productType":1,"productTypeName":"Forecast products","productDefinitionTemplate":0,"productDefinitionTemplateName":"Analysis/forecast at horizontal level/layer at a point in time","parameterCategory":2,"parameterCategoryName":"UnknownDiscipline_0_Category_2","parameterNumber":2,"parameterNumberName":"UnknownParameter_D0_C2_2","parameterUnit":"Unknown","genProcessType":2,"genProcessTypeName":"Forecast","forecastTime":60,"surface1Type":103,"surface1TypeName":"Specified height level above ground","surface1Value":10.0,"surface2Type":255,"surface2TypeName":"Missing","surface2Value":0.0,"gridDefinitionTemplate":0,"gridDefinitionTemplateName":"Latitude_Longitude","numberPoints":615,"shape":6,"shapeName":"Earth spherical with radius of 6,371,229.0 m","gridUnits":"degrees","resolution":48,"winds":"true","scanMode":64,"nx":41,"ny":15,"basicAngle":0,"lo1":47.0,"la1":41.0,"lo2":87.0,"la2":55.0,"dx":1.0,"dy":1.0}, "data":
[rows 0 to 14 of 15, columns 0 to 40 of 41]
-1.6251391,0.42486084,2.1648607,3.744861,4.404861,1.5948608,4.024861,-1.6551392,-5.2751393,-7.395139,-8.035139,-6.8551393,-5.225139,-4.665139,-3.8651392,-2.1851392,-1.1051391,-4.365139,0.6348608,0.35486084,-0.59513915,0.08486084,1.0248609,2.2948608,0.41486084,1.8448608,1.7948608,1.9948609,-1.0851392,-0.17513916,-0.52513915,1.1448609,-0.54513913,-0.5051392,-0.34513915,0.26486084,1.5148609,-2.6151392,-0.70513916,0.25486085,-4.655139
-0.14513916,0.24486084,1.4548608,2.2848608,5.594861,-0.41513917,0.37486085,-2.9451392,-3.1451392,-2.295139,-3.805139,-3.805139,-4.1051393,-5.2351394,-0.59513915,-1.1251391,-0.66513914,-1.4251392,0.5048608,1.0148609,1.5248609,0.5648608,0.6348608,1.3448608,1.5448608,0.29486084,-0.28513917,2.2548609,0.79486084,-1.1251391,-0.49513915,-1.1851392,-1.0751392,-2.4551392,-0.38513917,0.40486085,-0.19513915,-2.035139,-2.035139,0.17486084,-0.59513915
1.6948608,-1.8851391,1.1848608,1.9448608,5.9948606,-1.6851392,-0.32513916,-0.03513916,-0.45513916,-2.9751391,-4.955139,-2.9551392,-1.0851392,-2.565139,0.5748608,-0.58513916,-1.5451392,-0.46513915,0.72486085,0.20486084,-1.6651392,1.6548609,1.7648609,2.0848608,-1.0351392,-1.7651391,-2.555139,-3.6651392,-0.42513916,-0.9251392,-0.58513916,-1.2451391,0.9348608,-0.40513915,-3.1051393,-1.4851391,-0.35513917,-1.1651392,3.7748609,2.6648607,0.9448608
-0.34513915,0.14486083,2.4148607,1.6548609,1.5948608,-0.36513916,0.39486083,-2.2351391,-2.8351393,-4.675139,-5.5051394,-4.015139,-3.285139,-1.7851392,0.78486085,-1.4151392,-1.1951392,0.19486085,-1.7051392,-1.9851391,-2.8551393,-2.1151392,0.92486084,0.7548608,-2.3651392,-2.1451392,-4.995139,-6.7151394,-5.675139,-3.1951392,0.33486083,-0.10513916,-0.41513917,-0.21513917,1.2748609,0.98486084,0.17486084,2.1348608,-1.7551391,-3.2251391,-2.7051392
0.8848608,1.0748608,1.5248609,0.70486087,0.6848608,0.46486083,-0.30513915,0.34486085,1.5348608,-3.6051393,-3.9851391,-2.7451391,-2.1451392,-0.8751392,2.8748608,-1.5351392,-1.5651392,-1.7151392,-1.5451392,-1.8951392,-3.6251392,-3.8651392,-3.8451393,-4.515139,-5.7151394,-6.785139,-6.655139,-4.725139,-4.7951393,-3.1851392,-2.7251391,-0.45513916,0.23486084,1.7748609,-1.3151392,-2.6851392,-2.2251391,-3.4451392,-2.7051392,-2.575139,-2.6151392
2.7748609,3.5048609,-0.72513914,0.54486084,0.29486084,1.6748608,1.4748608,-1.5851392,-2.065139,-3.3851392,-3.075139,-0.96513915,0.06486084,-0.10513916,-0.65513915,-1.3851391,-1.6551392,-2.045139,-1.8351392,-2.1451392,-4.0451393,-2.8551393,-2.9151392,-3.4851391,-4.8351393,-6.3351393,-6.225139,-5.5051394,-4.865139,-4.155139,-3.575139,-2.4751391,-0.41513917,-0.84513915,-1.1351391,-0.40513915,-1.0051391,-0.46513915,-2.7151392,-1.9051392,-1.8551391
5.104861,4.024861,2.3548608,2.3348608,1.7848608,-0.6151392,-1.3551391,-1.2551391,-1.6551392,-0.79513913,0.79486084,0.58486086,-1.1851392,-1.5251392,-1.5851392,-1.1051391,-1.0151391,-0.83513916,-1.2451391,-2.565139,-3.4951391,-4.325139,-4.345139,-3.765139,-3.9251392,-4.645139,-4.125139,-4.3551393,-3.6251392,-3.285139,-3.3651392,-3.525139,-2.3551393,-1.2351391,-3.1351392,-0.95513916,0.84486085,-0.42513916,0.89486086,0.18486084,-0.24513917
5.554861,4.624861,3.0648608,2.704861,2.7548609,1.9048609,-0.84513915,-0.8651392,0.23486084,0.26486084,1.1148609,0.8248608,-0.05513916,-0.54513913,-0.77513915,-1.4951391,-1.1251391,-0.48513916,-0.07513916,-1.8851391,-2.1151392,-2.4651392,-2.7451391,-2.8651392,-2.1551392,-2.255139,-2.3951392,-2.2251391,-2.4451392,-1.8751391,-2.7151392,-1.9051392,-2.515139,-1.7951392,-4.3551393,-3.1451392,-1.8951392,1.4948609,-1.5951391,0.5648608,1.0048609
6.194861,5.754861,5.614861,4.864861,3.474861,2.8048608,2.6448607,0.36486083,0.38486084,0.35486084,0.30486083,0.54486084,0.11486084,0.10486084,-0.58513916,-0.95513916,-1.4151392,-1.2751392,-1.0251392,-0.08513916,-1.5251392,-2.3751392,-1.9251392,-1.3251392,-1.6551392,-0.48513916,0.00486084,0.34486085,-2.0951393,-0.90513915,-1.9151392,-2.6151392,-2.4851391,-1.7551391,-2.4151392,0.03486084,-1.3751391,-2.255139,-0.71513915,0.22486085,-0.19513915
5.864861,6.124861,6.624861,6.274861,5.4148607,4.404861,3.234861,2.5348608,3.1548607,2.2548609,1.8248608,1.6348609,2.0448608,-0.20513916,0.61486083,0.6948608,0.26486084,-0.79513913,-1.0351392,-0.25513917,-1.7151392,-1.3451391,-0.91513914,-0.34513915,-0.8051392,-1.2751392,-1.1551392,-1.0851392,-1.7651391,-1.9451392,-0.18513916,-1.9851391,-2.255139,-1.9851391,-1.6151391,-1.4851391,-0.02513916,-0.01513916,-0.76513916,0.36486083,-0.91513914
6.864861,6.614861,6.094861,5.9548607,6.424861,6.904861,4.384861,5.324861,3.5148609,2.7948608,3.0748608,2.7848608,2.434861,2.724861,3.5648608,3.994861,2.1548607,2.434861,0.97486085,0.17486084,-0.31513917,-0.09513916,-0.23513916,0.25486085,0.5048608,0.96486086,1.6748608,-0.46513915,-1.1151391,-1.3951392,-0.19513915,-0.07513916,-1.1651392,-0.44513917,-1.1351391,-0.83513916,-0.11513916,0.64486086,-0.19513915,0.02486084,0.03486084
3.7548609,5.734861,6.654861,6.6648607,6.214861,6.084861,6.234861,3.6448607,3.5548608,4.354861,2.4148607,3.0048609,2.1148608,3.474861,4.074861,4.424861,2.6348608,2.5448608,2.5948608,3.1448607,2.5848608,1.8448608,1.3448608,1.6248609,2.0048609,1.8648609,1.7548609,1.7748609,1.1148609,0.7548608,1.4048609,0.54486084,0.54486084,-0.46513915,0.7548608,0.24486084,0.67486084,0.90486085,-0.8151392,-0.5551392,-0.07513916
2.3148608,2.8048608,4.524861,4.9748607,5.884861,3.7748609,5.254861,5.5148606,7.814861,4.814861,1.7548609,3.7548609,5.304861,6.464861,4.314861,4.794861,4.2048607,3.244861,2.5548608,3.4148607,3.1348608,3.494861,2.6048608,2.444861,2.924861,2.434861,2.3348608,1.7748609,1.7248608,1.9748608,2.3348608,1.9548608,2.0348608,0.7448608,1.8748609,1.5148609,1.4348608,0.49486083,1.0248609,1.0748608,0.35486084
5.234861,4.2448606,2.7948608,4.574861,3.954861,4.754861,5.004861,5.4348607,4.234861,4.604861,3.5648608,4.004861,4.9948606,4.8948607,4.7248607,4.5348606,5.094861,4.054861,3.6548607,4.104861,3.8548608,3.5848608,4.0348606,3.2848608,3.0448608,2.6248608,2.474861,2.3848608,2.3248608,2.6048608,2.6348608,2.484861,2.1448607,2.3948607,1.8648609,2.0448608,1.3148608,1.2848608,0.96486086,0.7548608,0.38486084
3.674861,5.094861,5.374861,4.484861,3.1648607,4.624861,4.9548607,3.8048608,4.804861,4.714861,2.684861,5.2648606,3.6448607,3.1648607,2.674861,3.714861,5.324861,5.094861,4.344861,4.7248607,4.734861,4.384861,3.8648608,3.1548607,3.4148607,3.5848608,3.224861,2.5948608,2.694861,2.6148608,2.674861,3.464861,2.4048607,2.6448607,2.184861,2.494861,1.4748608,2.1348608,1.7148608,1.8148608,-0.58513916
