wind_kz.json
{"header": {"discipline":0,"disciplineName":"Meteorological products","gribEdition":2,"gribLength":1025,"center":7,"centerName":"US National Weather Service - NCEP(WMC)","subcenter":0,"refTime":"2023-10-05T00:00:00.000Z","significanceOfRT":1,"significanceOfRTName":"Start of forecast","productStatus":0,"productStatusName":"Operational products","productType":1,"productTypeName":"Forecast products","productDefinitionTemplate":0,"productDefinitionTemplateName":"Analysis/forecast at horizontal level/layer at a point in time","parameterCategory":2,"parameterCategoryName":"UnknownDiscipline_0_Category_2","parameterNumber":2,"parameterNumberName":"UnknownParameter_D0_C2_2","parameterUnit":"Unknown","genProcessType":2,"genProcessTypeName":"Forecast","forecastTime":60,"surface1Type":103,"surface1TypeName":"Specified height level above ground","surface1Value":10.0,"surface2Type":255,"surface2TypeName":"Missing","surface2Value":0.0,"gridDefinitionTemplate":0,"gridDefinitionTemplateName":"Latitude_Longitude","numberPoints":615,"shape":6,"shapeName":"Earth spherical with radius of 6,371,229.0 m","gridUnits":"degrees","resolution":48,"winds":"true","scanMode":64,"nx":41,"ny":15,"basicAngle":0,"lo1":47.0,"la1":41.0,"lo2":87.0,"la2":55.0,"dx":1.0,"dy":1.0}, "data":
[rows 0 to 14 of 15, columns 0 to 40 of 41]
4.727158,1.2271582,2.437158,4.897158,5.287158,1.4671582,5.837158,0.9571582,0.3371582,0.6571582,0.2571582,0.9671582,0.9371582,0.9771582,-0.6328418,1.4071583,-1.2728418,0.017158203,2.5571582,-1.8428417,-0.7728418,-0.9528418,1.4271582,2.6271582,-0.6328418,0.5071582,1.8171582,2.1571581,0.6371582,0.7371582,-0.7828418,2.3271582,1.3971581,0.5271582,-3.1028419,-1.9828418,-2.8528419,-2.1428418,-1.7828418,-0.2928418,0.1671582
0.117158204,-1.3428417,1.3471582,0.6571582,3.5471582,1.3371582,5.2971582,2.3571582,0.5671582,1.9571582,2.7671583,2.6071582,1.9671582,0.7571582,0.057158202,1.1671582,-1.5128418,-1.3728418,-0.032841798,1.7371582,0.2871582,1.8671582,0.5271582,1.6771582,0.057158202,0.6371582,0.4571582,1.3271582,2.0471582,1.0271583,0.38715822,0.7871582,-1.2928418,0.7871582,0.38715822,1.1271582,-1.2228417,-0.7728418,-0.4328418,-0.7228418,0.6371582
2.4671583,-3.302842,1.3971581,3.3171582,-0.30284178,3.0971582,5.587158,4.897158,4.397158,3.4771583,2.7971582,2.5971582,2.5371583,-0.2728418,-0.6028418,0.4371582,0.6671582,1.8071582,-1.4528418,0.7471582,0.23715821,-0.1628418,-1.9228418,1.6071582,-1.4928418,-0.7428418,-0.7328418,3.1471581,-0.30284178,-0.0828418,-0.2828418,0.077158205,0.7771582,1.4471582,-2.552842,-1.1728418,-0.1828418,-0.052841797,3.7671583,-0.6628418,-1.7328418
6.107158,2.0471582,5.5971584,5.5271583,7.2371583,5.897158,4.327158,6.727158,6.207158,6.067158,4.057158,2.8171582,-2.2828417,-0.9328418,2.6471581,0.2771582,-0.6328418,1.1571583,1.1671582,2.2471583,2.8871582,1.0871582,3.0371583,1.7371582,3.7371583,1.6971582,2.6271582,4.667158,4.147158,2.3571582,1.3271582,1.4671582,5.7971582,4.8471584,1.3771582,2.6071582,1.0271583,1.7371582,-1.1228418,-1.1528418,0.9171582
7.017158,5.9471583,7.107158,7.327158,6.2971582,7.1971583,5.687158,5.5271583,6.2971582,8.527158,6.327158,5.957158,-0.1428418,1.7771583,2.5971582,4.147158,2.0671582,1.5571582,1.3971581,1.0271583,3.2271583,2.8771582,2.8271582,3.2971582,4.327158,4.687158,3.1471581,4.417158,4.2171583,0.7071582,-1.4728417,0.2271582,1.4671582,1.5571582,-3.552842,-1.4128418,2.0971582,-0.062841795,0.4271582,-0.4828418,-0.032841798
7.8671584,7.877158,8.707158,7.6371584,8.237158,8.067158,7.5471582,7.4671583,6.917158,11.237158,7.497158,6.377158,0.3671582,1.2571582,3.9071581,3.3771582,1.6771582,1.8471582,3.1471581,2.8171582,4.4471583,4.587158,3.4171581,2.7471583,6.4471583,5.957158,4.4671583,2.9871583,4.1771584,3.0871582,-2.3628418,-0.022841796,-1.4228418,-1.3328418,0.6071582,1.2371582,0.6171582,2.5871582,6.877158,-1.3628418,-1.7328418
8.177158,8.677158,10.147159,9.887158,9.387158,6.9471583,8.077158,6.6171584,6.5471582,8.667158,10.5171585,5.807158,4.767158,3.7871583,4.0271583,4.1571584,2.7771583,3.1271582,2.4971583,2.687158,3.2171583,3.2871583,4.207158,2.1371582,3.3771582,6.2971582,4.917158,3.9771583,0.3271582,2.5471582,1.0071582,1.4771582,4.3471584,4.4871583,-0.5028418,-0.2828418,0.3271582,-0.23284179,1.8771582,-0.7228418,-0.9728418
8.727159,8.747158,9.467158,10.177158,8.947158,8.7671585,5.627158,6.607158,7.4871583,7.0271583,8.147159,4.077158,3.677158,4.2771583,5.167158,4.7571583,4.3471584,3.937158,3.5371583,3.947158,3.3971581,3.687158,4.037158,3.7571583,3.3571582,2.7871583,4.6971583,3.927158,2.8271582,1.6871582,2.8971581,3.9171581,2.0871582,2.0571582,2.7171583,4.067158,-1.5128418,1.1871582,-1.4228418,1.2471582,1.1071582
8.637158,8.147159,9.137158,9.0171585,9.727159,9.657158,8.607159,6.457158,8.487158,7.587158,7.4671583,4.5471582,4.377158,4.567158,4.337158,5.647158,4.9471583,4.997158,4.9671583,5.037158,4.087158,4.4471583,3.697158,2.2571583,2.207158,1.6871582,3.7471583,4.357158,2.5571582,2.1671581,2.3671582,2.677158,2.5471582,-1.4728417,2.7671583,-1.6828418,-0.062841795,0.5171582,0.6371582,1.0171582,-1.3328418
8.137158,7.437158,8.047158,8.707158,8.117158,9.227159,9.447158,8.287158,8.947158,5.9271584,6.357158,3.9171581,3.3871582,4.787158,4.3871584,4.357158,4.287158,3.8571582,5.0271583,4.997158,5.3871584,4.227158,4.4871583,4.0471582,3.5671582,3.1571581,2.6071582,4.017158,3.3971581,-0.5428418,1.9371582,0.80715823,-2.292842,-0.022841796,2.3271582,-0.7628418,-2.322842,-0.4828418,0.0971582,0.4571582,-0.4628418
7.727158,7.4871583,7.0971584,7.747158,7.3471584,7.827158,9.2671585,6.2771583,4.8471584,4.1971583,7.0971584,1.6171582,1.2171582,1.1171582,2.1371582,3.8171582,3.5571582,4.9671583,4.357158,4.167158,4.147158,4.4671583,4.2371583,4.417158,3.7371583,3.0271583,2.6571581,2.9771583,1.3271582,1.3971581,0.017158203,-1.1628418,-0.6228418,-0.022841796,0.20715821,0.3371582,-0.7628418,1.2871583,-1.0328418,1.1171582,0.3671582
7.3871584,6.937158,6.127158,7.037158,7.9471583,8.107159,7.247158,4.997158,6.077158,5.3471584,0.7171582,2.0371583,1.0171582,0.6671582,2.447158,3.0171583,3.6171582,3.447158,3.937158,4.267158,4.7771583,4.167158,3.5771582,3.927158,3.8671582,4.037158,2.687158,3.3971581,2.457158,1.3371582,-1.5528418,-0.6528418,0.117158204,-1.0728418,0.1771582,0.9571582,-0.8428418,-1.9228418,-0.7928418,-0.94284177,-0.6128418
5.747158,6.2971582,6.3471584,7.1971583,6.147158,5.327158,6.707158,2.3771582,5.2571583,5.6771584,0.38715822,1.1771582,0.9671582,1.6171582,2.2971582,2.7771583,3.9771583,2.6171582,3.5071583,4.647158,5.057158,4.187158,4.247158,3.7671583,4.247158,3.7871583,3.2271583,2.0571582,1.7671582,-0.23284179,-1.0228418,-1.4328418,-2.1928418,-0.5528418,-1.3428417,-0.8728418,-0.5228418,-0.8928418,-0.7428418,-1.0028418,-0.5128418
6.337158,6.267158,6.6171584,6.2971582,6.1771584,5.5071583,5.7171583,2.7771583,4.187158,4.787158,1.2871583,1.4871582,1.8271582,1.2971582,2.4071581,2.4971583,2.697158,2.957158,4.247158,4.747158,5.267158,5.0271583,5.437158,2.197158,5.457158,2.0171583,3.9771583,1.0071582,0.9871582,-0.5428418,-1.2328418,-1.6128418,-1.9628417,-1.0328418,-1.0128418,-1.0028418,-1.7328418,-1.5028418,-1.1028419,-0.5128418,-0.5328418
4.267158,6.057158,7.247158,6.957158,6.037158,4.9271584,6.0271583,2.697158,2.5371583,3.6471581,1.6371582,2.687158,0.5371582,1.4971582,1.6971582,1.8871582,2.5771582,2.677158,2.2471583,2.8071582,3.1371582,3.6471581,2.3871582,3.1371582,3.1471581,4.627158,3.677158,1.4571582,0.2671582,-0.7428418,-1.1728418,-1.7528418,-0.94284177,-1.0728418,-0.4828418,-1.5728418,-0.36284178,-0.2528418,-2.542842,-1.3328418,-0.9228418
