wind.json
{"header": {"discipline":0,"disciplineName":"Meteorological products","gribEdition":2,"gribLength":1211,"center":7,"centerName":"US National Weather Service - NCEP(WMC)","subcenter":0,"refTime":"2023-06-30T12:00:00.000Z","significanceOfRT":1,"significanceOfRTName":"Start of forecast","productStatus":0,"productStatusName":"Operational products","productType":1,"productTypeName":"Forecast products","productDefinitionTemplate":0,"productDefinitionTemplateName":"Analysis/forecast at horizontal level/layer at a point in time","parameterCategory":2,"parameterCategoryName":"UnknownDiscipline_0_Category_2","parameterNumber":3,"parameterNumberName":"UnknownParameter_D0_C2_3","parameterUnit":"Unknown","genProcessType":2,"genProcessTypeName":"Forecast","forecastTime":300,"surface1Type":103,"surface1TypeName":"Specified height level above ground","surface1Value":10.0,"surface2Type":255,"surface2TypeName":"Missing","surface2Value":0.0,"gridDefinitionTemplate":0,"gridDefinitionTemplateName":"Latitude_Longitude","numberPoints":688,"shape":6,"shapeName":"Earth spherical with radius of 6,371,229.0 m","gridUnits":"degrees","resolution":48,"winds":"true","scanMode":64,"nx":43,"ny":16,"basicAngle":0,"lo1":45.0,"la1":40.0,"lo2":87.0,"la2":55.0,"dx":1.0,"dy":1.0}, "data":
[rows 0 to 15 of 16, columns 0 to 42 of 43]
-3.6533692,2.6266308,1.4366308,-2.553369,-1.7533691,-15.443369,-10.613369,-7.123369,-0.07336914,0.85663086,2.3966308,0.04663086,0.7766309,0.27663085,-1.6533692,-3.033369,-4.013369,-3.773369,-4.393369,-4.5633693,-4.4833694,-0.22336914,-1.4333692,1.7366309,2.1666307,2.756631,3.6166308,0.81663084,0.63663083,-1.9433692,-3.823369,-0.26336914,1.7566309,0.80663085,-0.82336915,-0.25336915,1.4766308,0.62663084,-1.4933691,-2.513369,-2.8333693,-0.16336913,-1.2433691
1.4166309,-2.4733691,0.85663086,-3.323369,-0.92336917,-8.8433695,-6.443369,-5.7133694,-0.22336914,0.66663086,0.60663086,1.4066309,2.9066308,2.466631,1.3766309,0.35663086,-1.9533691,-2.6433692,-3.293369,-1.9533691,-1.8833691,-1.6633692,-1.3033692,1.7166308,0.20663086,-1.8433691,-1.1933692,-1.5533692,-1.2933692,2.246631,1.0066309,-1.0333692,-2.543369,-3.1733692,1.2366309,1.4866309,1.0066309,-0.06336914,-0.87336916,0.79663086,1.0466309,-6.323369,0.47663087
0.0066308593,-4.403369,1.5166309,-0.50336915,-10.383369,-6.453369,-3.8433692,-6.183369,-4.093369,-2.483369,-3.1733692,-2.3433692,-2.4433692,1.4466308,1.5666308,1.3866309,-1.6733692,-1.5133691,-1.8533691,-2.493369,-4.143369,-4.9833694,-3.1633692,-1.8633691,0.8466309,0.79663086,-2.543369,-3.1333692,-3.273369,0.33663085,0.56663084,0.86663085,3.3066308,1.0166309,-1.1533692,-3.5933692,-3.1133692,-0.40336913,-1.0433692,0.63663083,1.5266309,-3.6133692,-3.033369
0.63663083,1.2366309,-0.26336914,-5.193369,-5.893369,-5.5833693,-4.573369,-3.743369,-4.0033693,-5.033369,-8.76337,-6.093369,-3.4133692,-0.35336915,-2.7133691,-2.523369,1.0866308,0.7166309,-0.58336914,0.17663085,-1.7533691,-4.0433693,-2.6033692,0.30663085,0.44663087,0.02663086,0.97663087,0.66663086,1.2266308,0.86663085,-0.01336914,2.996631,2.736631,1.7666309,2.436631,-1.5333692,-0.11336914,2.466631,0.30663085,-0.74336916,-0.053369142,-1.5933691,-2.303369
0.036630858,-1.0833691,-2.8633692,-4.263369,-4.5633693,-6.153369,-3.9533691,-7.013369,-4.613369,-6.683369,-1.5033691,-2.4133692,-3.9433692,-4.553369,-4.783369,-2.553369,-0.7333691,0.04663086,0.23663086,0.17663085,-2.6733692,-3.1533692,-3.493369,-0.69336915,-0.63336915,1.8766309,2.5566308,2.3366308,2.1066308,0.6466309,1.9066309,0.24663086,1.8566308,-0.40336913,-0.5933691,0.27663085,-0.82336915,-0.67336917,0.86663085,1.9766308,0.80663085,2.0366309,5.4566307
-3.3533692,-4.7933693,-4.223369,-4.943369,-5.723369,-8.103369,-4.993369,-4.613369,-4.7133694,-3.773369,-4.363369,-5.113369,-4.973369,-3.5833693,-5.603369,-7.0033693,1.0966308,0.37663087,1.5166309,0.75663084,-1.3133692,-3.7233691,-2.303369,0.78663087,0.37663087,-0.053369142,-0.69336915,-0.6533691,2.436631,-0.76336914,-0.89336914,0.036630858,2.2766309,1.0766308,2.1066308,1.1866308,-0.6033691,-1.0333692,-0.45336914,1.5266309,2.0966308,0.46663085,7.366631
-0.61336917,-1.9133692,-3.4733691,-3.783369,-6.173369,-7.513369,-8.0533695,-8.743369,-6.573369,-6.4633694,-5.7933693,-6.903369,-7.143369,-6.413369,-7.143369,-8.653369,-4.433369,-0.6633691,-0.21336915,-0.96336913,-2.3433692,-3.1333692,-2.3733692,-2.1533692,0.8366309,0.93663085,-0.11336914,2.5566308,1.2766309,3.496631,1.4866309,-0.71336913,-0.64336914,0.88663083,0.9666309,1.7466309,2.486631,-2.053369,-0.40336913,-1.7833692,-3.7033691,2.8866308,-1.8533691
-2.9133692,-3.253369,-3.753369,-3.803369,-4.153369,-4.973369,-5.373369,-5.7933693,-6.423369,-6.133369,-5.7133694,-6.843369,-7.473369,-6.2933693,-5.913369,-4.193369,-3.9133692,-2.1533692,0.8466309,-0.43336913,-1.0133691,-0.74336916,-2.6433692,-2.6633692,-3.553369,0.14663085,-1.3533691,5.256631,3.0766308,2.3266308,2.1566308,0.39663085,-1.2633691,-1.7033691,-1.7333691,-0.6633691,0.9566309,0.13663086,-0.45336914,-1.7033691,-1.1033691,0.5966309,-4.5033693
-2.313369,-2.8333693,-2.5933692,-2.8633692,-3.4533691,-3.993369,-4.5833693,-5.263369,-5.8333693,-6.173369,-5.0033693,-6.033369,-5.283369,-4.513369,-4.9833694,-4.4833694,-5.5433693,-6.123369,-5.0033693,-4.383369,-1.9533691,-1.0533692,-3.0933692,-3.773369,-2.1733692,-1.6633692,-1.7633691,1.4466308,6.336631,2.716631,1.8266308,0.17663085,1.1566309,-1.2133691,-1.7133691,-1.6533692,-0.13336915,-0.94336915,-0.9733691,0.06663086,0.54663086,-0.32336915,-1.5233692
-4.123369,-3.2133691,-2.4233692,-2.6033692,-2.523369,-3.4533691,-3.6333692,-4.653369,-4.913369,-5.2333694,-5.393369,-6.183369,-6.823369,-5.763369,-5.0833693,-4.323369,-3.3533692,-5.013369,-4.413369,-4.113369,-4.7533693,-4.343369,-1.9633691,-2.6833692,-2.8433692,-1.7533691,0.35663086,-0.11336914,4.376631,4.2466307,1.5266309,1.4366308,2.3266308,2.3266308,1.4666308,-0.02336914,0.38663086,-0.20336914,-2.483369,-1.1033691,-1.7933692,-1.4933691,-0.50336915
-2.313369,-2.573369,-2.6833692,-3.3933692,-3.1733692,-2.8933692,-3.1333692,-3.6433692,-4.923369,-5.5633693,-5.8333693,-5.053369,-5.343369,-6.913369,-6.033369,-5.4833694,-5.663369,-4.903369,-4.363369,-4.243369,-4.133369,-3.8633692,-3.323369,-2.6633692,-1.8233691,-1.2133691,-2.1533692,0.40663087,0.6466309,1.8666309,0.91663086,2.0966308,2.2866309,1.8766309,0.7666309,0.02663086,-0.67336917,0.14663085,0.27663085,-1.9133692,-0.49336913,0.55663085,0.97663087
-1.5633692,-3.803369,-2.803369,-3.4233692,-3.483369,-3.563369,-3.053369,-3.493369,-3.733369,-4.2533693,-4.403369,-4.4633694,-3.4733691,-1.9533691,-4.8333693,-5.573369,-6.133369,-6.323369,-5.2333694,-4.943369,-4.163369,-4.703369,-3.303369,-2.6433692,-2.2233691,-1.2933692,-0.83336914,-0.28336915,1.7366309,-2.783369,2.3966308,1.9766308,1.7466309,1.6366309,0.93663085,-0.15336914,-0.5433691,-0.44336915,0.31663087,1.1766309,1.3266308,1.3166308,0.67663085
-2.6533692,-1.7633691,-2.6633692,-3.6033692,-2.6933692,-2.823369,-3.1233692,-3.4533691,-3.3533692,-3.003369,-3.8433692,-3.3433692,-2.4533691,-3.253369,-4.853369,-5.693369,-6.363369,-6.553369,-6.423369,-5.613369,-4.223369,-4.783369,-4.363369,-3.3533692,-2.983369,-2.9233692,-2.743369,-3.493369,0.74663085,-1.2533691,-0.77336913,1.1866308,0.18663086,-0.18336914,-0.5433691,-0.50336915,-1.0833691,-1.1833692,1.5066309,2.0966308,1.8666309,1.5966308,0.9566309
-1.8533691,-1.8133692,-2.0933692,-2.2133691,-2.533369,-1.8733691,-3.053369,-2.4033692,-2.6233692,-3.483369,-3.7233691,-2.0833693,-1.6033691,-1.0533692,-2.9733691,-3.6633692,-5.343369,-5.383369,-6.053369,-5.453369,-5.073369,-4.0833693,-3.1633692,-1.9333692,-0.55336916,-1.2733692,-3.993369,-1.7533691,-0.55336916,0.69663084,0.73663086,0.10663086,1.1066308,-0.07336914,-1.1733692,-1.3833691,-1.7233691,-1.5933691,-1.3533691,0.99663085,1.4166309,2.0366309,1.3566308
-1.5733691,-0.94336915,-1.1133691,-1.2033691,-2.483369,-2.253369,-2.253369,-2.1433692,-3.073369,-2.803369,-1.8433691,-2.3933692,-1.2733692,-1.0833691,-0.89336914,-1.6633692,-3.0833693,-4.433369,-4.893369,-5.5633693,-4.203369,-3.9133692,-3.0933692,-1.9133692,-0.36336914,-0.6533691,-1.7133691,-2.9333692,-0.42336914,-1.0233692,1.8066308,0.61663085,1.3266308,0.07663086,-1.6033691,-1.8233691,-2.0933692,-3.9433692,-2.533369,-1.4233692,0.5266309,1.4266309,1.9966309
-0.29336914,0.05663086,-0.08336914,-0.03336914,-2.4033692,-2.3633692,-2.9133692,-2.003369,-1.2133691,-1.4833691,-1.2033691,-1.9133692,-0.71336913,0.57663083,0.79663086,-3.013369,-3.1533692,-5.803369,-5.423369,-4.103369,-3.4333692,-3.9033692,-3.4533691,-3.283369,-1.5333692,-1.5033691,-1.2733692,1.5866308,2.0366309,2.6266308,1.7666309,0.85663086,1.2866309,-0.12336914,-2.283369,-2.6533692,-1.5333692,-2.3833692,-2.753369,-1.4133692,-3.6833692,0.0066308593,0.35663086
