wind_kz.json
{"header": {"discipline":0,"disciplineName":"Meteorological products","gribEdition":2,"gribLength":1102,"center":7,"centerName":"US National Weather Service - NCEP(WMC)","subcenter":0,"refTime":"2024-02-03T06:00:00.000Z","significanceOfRT":1,"significanceOfRTName":"Start of forecast","productStatus":0,"productStatusName":"Operational products","productType":1,"productTypeName":"Forecast products","productDefinitionTemplate":0,"productDefinitionTemplateName":"Analysis/forecast at horizontal level/layer at a point in time","parameterCategory":2,"parameterCategoryName":"UnknownDiscipline_0_Category_2","parameterNumber":2,"parameterNumberName":"UnknownParameter_D0_C2_2","parameterUnit":"Unknown","genProcessType":2,"genProcessTypeName":"Forecast","forecastTime":180,"surface1Type":103,"surface1TypeName":"Specified height level above ground","surface1Value":10.0,"surface2Type":255,"surface2TypeName":"Missing","surface2Value":0.0,"gridDefinitionTemplate":0,"gridDefinitionTemplateName":"Latitude_Longitude","numberPoints":615,"shape":6,"shapeName":"Earth spherical with radius of 6,371,229.0 m","gridUnits":"degrees","resolution":48,"winds":"true","scanMode":64,"nx":41,"ny":15,"basicAngle":0,"lo1":47.0,"la1":41.0,"lo2":87.0,"la2":55.0,"dx":1.0,"dy":1.0}, "data":
[rows 0 to 14 of 15, columns 0 to 40 of 41]
-0.64234006,-1.53234,0.37765992,-0.9323401,-0.9923401,-0.15234008,0.017659912,0.017659912,-2.08234,-2.25234,-2.53234,-2.84234,-3.26234,-3.6223402,-3.80234,-3.1523402,-2.9523401,-1.9623401,-3.4123402,-3.71234,-4.01234,-2.77234,-0.9723401,-2.56234,-0.22234009,-1.65234,-3.4523401,-1.4823401,2.2976599,1.1876599,-0.08234009,2.8576598,-0.072340086,0.8376599,1.3576599,2.21766,2.70766,2.99766,3.0876598,2.96766,2.3776598
2.17766,-0.40234008,-2.73234,-4.16234,-2.46234,-3.4123402,-3.24234,-4.20234,-4.35234,-4.17234,-3.58234,-4.09234,-3.34234,-3.61234,-3.11234,-3.1423402,-2.98234,-3.10234,-2.6723402,-3.6523402,-3.4323401,-2.76234,-1.7423401,-4.05234,-0.032340087,1.57766,-1.3323401,1.33766,-3.36234,-1.6023401,0.2676599,-0.8223401,3.02766,-2.33234,0.027659912,0.40765992,0.8276599,1.3176599,0.46765992,3.45766,-0.23234008
0.11765991,-3.9023402,-4.44234,-3.05234,-3.99234,-4.64234,-4.3323402,-3.02234,-5.14234,-4.88234,-4.41234,-4.41234,-3.47234,-4.03234,-3.75234,-3.86234,-4.40234,-3.31234,-2.86234,-2.25234,-1.77234,-2.58234,-2.58234,-1.7423401,0.27765992,0.2476599,0.6376599,0.08765991,-3.9523401,-0.28234008,-1.7123401,2.71766,0.6276599,0.5376599,0.8276599,-1.0723401,0.30765992,0.4876599,0.6976599,3.41766,3.5776598
-3.61234,-4.95234,-3.77234,-3.72234,-4.55234,-3.1423402,-2.4423401,-4.0623403,-3.82234,-4.09234,-4.2523403,-4.62234,-5.86234,-6.2923403,-4.26234,-4.23234,-4.3123403,-3.9223402,-3.4423401,-2.6823401,-0.6623401,-0.6923401,0.98765993,1.5176599,0.97765994,1.3776599,3.0476599,-1.3623401,3.00766,4.28766,-1.66234,-1.3623401,-1.2423401,-2.8923402,-2.11234,-2.21234,-2.06234,3.68766,2.7976599,0.2176599,1.0376599
-2.9223402,-2.73234,-2.8923402,-3.05234,-3.11234,-3.25234,-3.05234,-1.6323401,-3.21234,-2.81234,-3.1623402,-3.82234,-4.5823402,-5.5823402,-6.15234,-4.2723403,-3.85234,-3.1223402,-2.48234,-2.22234,-1.6123401,0.5076599,1.0676599,1.46766,2.39766,2.14766,3.26766,4.13766,4.40766,4.02766,3.99766,1.0076599,-0.8123401,3.5976598,3.97766,-0.08234009,-0.4623401,0.2676599,0.017659912,1.22766,0.73765993
-1.4323401,-1.1123401,-0.9323401,-1.1123401,-1.4823401,-1.8623401,-2.52234,-2.4323401,-1.41234,-1.9723401,-1.9723401,-1.6323401,-2.2023401,-3.57234,-2.8723402,-2.9023402,-2.7023401,-1.9323401,-0.9723401,0.007659912,0.057659913,1.09766,1.6776599,2.50766,3.18766,4.1876597,5.77766,4.87766,6.27766,6.4776597,6.78766,7.71766,9.34766,7.42766,2.13766,-4.48234,2.0876598,1.3976599,1.22766,0.5276599,1.2476599
1.0676599,1.2776599,1.20766,1.1076599,1.2576599,1.22766,0.6976599,0.2476599,0.17765991,0.14765991,0.067659914,-0.4223401,-0.022340087,0.04765991,-0.2723401,-0.7223401,0.07765991,1.1876599,1.0076599,0.9576599,2.77766,2.91766,3.0776598,3.8176599,4.78766,4.94766,5.40766,5.4776597,6.52766,7.17766,8.40766,9.11766,8.58766,6.40766,-3.34234,-2.10234,-1.66234,2.6176598,-0.7923401,3.75766,0.8376599
2.24766,2.6276598,2.65766,2.6076598,2.3776598,2.5776598,2.17766,1.3876599,1.8776599,0.6576599,0.8976599,1.0376599,1.96766,1.84766,1.6076599,1.0576599,1.96766,2.8676598,2.0876598,1.9976599,3.5976598,3.8076599,4.44766,4.4976597,5.76766,6.4576597,7.9776597,6.15766,8.02766,5.54766,8.32766,9.40766,9.14766,8.59766,7.67766,12.14766,-3.49234,-8.22234,-7.05234,-10.39234,-3.27234
3.0776598,3.92766,4.04766,4.06766,3.8576598,4.02766,3.6076598,2.68766,1.7476599,3.0776598,2.65766,2.75766,4.78766,1.9076599,1.46766,2.41766,3.44766,2.77766,2.98766,3.1276598,5.19766,5.7276597,5.39766,6.02766,6.87766,7.11766,8.70766,8.58766,8.64766,8.67766,8.41766,7.9776597,9.41766,8.16766,8.88766,7.35766,0.037659913,-1.42234,-1.5823401,0.5876599,1.7576599
3.41766,3.94766,4.28766,4.4176598,4.58766,4.50766,4.13766,3.96766,4.27766,6.13766,6.4576597,5.73766,5.63766,2.13766,2.5976598,3.52766,3.0776598,3.3676598,2.98766,3.17766,6.11766,6.86766,6.21766,6.11766,7.13766,7.98766,8.76766,10.24766,10.47766,10.81766,10.66766,9.51766,8.42766,2.97766,2.38766,4.53766,4.17766,-0.16234009,5.34766,3.63766,0.11765991
3.0976598,4.54766,4.48766,4.69766,4.92766,4.55766,5.65766,6.4176598,6.52766,6.51766,6.60766,5.7076597,1.96766,2.52766,3.8076599,2.2976599,3.94766,2.66766,2.92766,3.67766,4.65766,5.2476597,6.75766,6.19766,6.89766,7.60766,9.99766,9.40766,10.57766,11.10766,10.28766,8.84766,7.58766,5.90766,5.39766,3.8276598,2.94766,5.12766,4.53766,4.58766,1.1576599
3.3176599,3.99766,5.4576597,4.90766,5.75766,4.80766,5.27766,5.81766,5.27766,2.2976599,0.5076599,-0.002340088,0.4876599,2.3576598,2.1176598,2.65766,2.52766,3.8776598,1.5676599,4.23766,4.88766,5.85766,5.76766,6.42766,7.48766,8.6976595,9.04766,9.9476595,9.63766,9.41766,8.15766,8.08766,4.58766,6.03766,5.46766,6.7076597,7.14766,8.06766,7.54766,6.80766,4.7476597
3.8376598,4.12766,3.65766,3.96766,3.48766,2.90766,2.8776598,1.57766,-1.8723401,-2.83234,-1.1023401,-0.2623401,0.30765992,1.6776599,2.03766,1.84766,2.15766,3.16766,3.24766,4.88766,4.78766,6.05766,7.40766,7.83766,8.55766,8.737659,8.90766,9.09766,8.78766,7.86766,7.08766,7.14766,5.4776597,6.13766,6.03766,7.57766,7.28766,3.21766,6.1676598,7.2476597,4.46766
3.23766,2.45766,0.91765994,2.24766,-0.64234006,-0.8623401,-0.9923401,-2.48234,-1.8123401,-2.4123402,-1.4423401,-0.83234006,0.8676599,1.09766,1.45766,1.9976599,3.21766,4.05766,3.8276598,5.86766,6.7476597,7.37766,8.60766,8.93766,8.70766,8.37766,7.76766,7.33766,6.57766,6.9776597,6.58766,6.21766,5.15766,5.07766,5.34766,5.9176598,5.25766,5.2276597,5.35766,4.83766,8.95766
0.97765994,-0.51234007,-1.2323401,-2.24234,-2.49234,-2.21234,-2.23234,-3.75234,-3.26234,-2.35234,-1.7323401,-1.15234,-0.5323401,1.84766,2.0676599,3.39766,3.75766,4.9176598,4.58766,6.33766,6.69766,7.55766,7.63766,7.44766,6.88766,6.40766,6.17766,5.86766,5.48766,5.27766,4.67766,5.40766,5.33766,4.94766,5.7076597,5.58766,4.4176598,5.01766,4.2076597,5.4776597,5.76766
