wind_kz.json
{"header": {"discipline":0,"disciplineName":"Meteorological products","gribEdition":2,"gribLength":1102,"center":7,"centerName":"US National Weather Service - NCEP(WMC)","subcenter":0,"refTime":"2024-04-07T12:00:00.000Z","significanceOfRT":1,"significanceOfRTName":"Start of forecast","productStatus":0,"productStatusName":"Operational products","productType":1,"productTypeName":"Forecast products","productDefinitionTemplate":0,"productDefinitionTemplateName":"Analysis/forecast at horizontal level/layer at a point in time","parameterCategory":2,"parameterCategoryName":"UnknownDiscipline_0_Category_2","parameterNumber":3,"parameterNumberName":"UnknownParameter_D0_C2_3","parameterUnit":"Unknown","genProcessType":2,"genProcessTypeName":"Forecast","forecastTime":120,"surface1Type":103,"surface1TypeName":"Specified height level above ground","surface1Value":10.0,"surface2Type":255,"surface2TypeName":"Missing","surface2Value":0.0,"gridDefinitionTemplate":0,"gridDefinitionTemplateName":"Latitude_Longitude","numberPoints":615,"shape":6,"shapeName":"Earth spherical with radius of 6,371,229.0 m","gridUnits":"degrees","resolution":48,"winds":"true","scanMode":64,"nx":41,"ny":15,"basicAngle":0,"lo1":47.0,"la1":41.0,"lo2":87.0,"la2":55.0,"dx":1.0,"dy":1.0}, "data":
[rows 0 to 14 of 15, columns 0 to 40 of 41]
2.1099365,1.7799366,-5.3400636,-5.8200636,-6.2900634,-7.0600634,-2.9900634,-2.6700635,-2.2600634,-3.6700635,-5.2200637,-4.5400634,-4.5600634,-6.5500636,-7.0900636,-7.0500636,-0.9200635,-3.1300635,-4.3500633,-3.7600634,-2.0700636,-2.1400635,-2.7100635,1.2199365,1.4299365,-0.4900635,-0.6000635,-0.090063475,-4.5400634,-4.0200634,-3.3800635,-5.0700636,-1.5500635,-8.970063,-2.6100636,-5.7900634,-7.2500634,-6.1200633,-3.4300635,-2.7300634,-2.8900635
-2.7600634,-3.6200635,-2.8700635,-3.5600634,-4.7900634,-5.7900634,-4.3300633,-2.5100634,-2.6800635,-3.8500636,-5.9500637,-6.8900633,-6.4400635,-5.9800634,-7.2600636,-7.0700636,-5.8800635,0.37993652,-2.2500634,-2.3600636,-4.3100634,-1.5300635,-1.0700635,-2.0600634,0.17993653,-0.39006346,-4.2600636,-2.6200635,3.1399364,-1.0700635,0.43993652,-2.6300635,-3.1600635,-5.2000637,-6.2600636,-8.560063,-11.520063,-7.2100635,-5.7600636,-5.8300633,-13.470063
-2.2100635,-1.9300635,-3.5600634,-3.3600636,-2.8400636,-0.18006347,-2.2700634,-2.6600635,-2.2400634,-3.3500636,-5.0500636,-6.2100635,-6.2000637,-5.5800633,-5.6000633,-5.9300632,-5.3600636,-4.5200634,-2.0600634,-0.9300635,-2.1400635,-6.3800635,-3.1000636,-0.6200635,-1.0800635,-0.89006346,-1.0900635,-3.6700635,-0.25006348,-1.6000634,0.53993654,-0.6900635,0.6299365,-0.6800635,3.1499364,0.15993652,-5.1400633,-5.8600636,-2.3300636,1.1099365,-2.6200635
-0.7900635,-1.1900635,-3.5300634,-5.5700636,-2.2000635,-2.6400635,-2.0900636,-2.5200634,-2.1900635,-1.4500635,-2.9500635,-5.6300635,-6.8300633,-9.040064,-4.1700635,-4.1200633,-4.8600636,-5.5400634,-6.1700635,-6.3500633,-2.3000634,-2.9600635,1.0099366,-0.14006348,-1.0800635,-1.2700635,-1.9200635,-0.8100635,-0.2700635,-2.9000635,-4.9300632,-4.7000637,0.6999365,6.9499364,-0.58006346,0.089936525,1.6399366,3.3699365,-2.1000636,1.2799366,0.6299365
1.7399365,0.10993652,-1.7600635,-4.3900633,-8.560063,-2.3900635,-2.3500636,-1.3000635,-1.3000635,-1.2400634,-1.2700635,-2.7400634,-5.5900636,-6.5100636,-4.3200636,-3.5600634,-3.4700634,-3.3200636,-3.0300634,-3.2700634,-1.9700634,-0.6900635,-0.71006346,-1.0200635,-1.2500634,-2.5200634,-3.3300636,-1.7400634,-2.3000634,-2.9600635,-4.7000637,-5.0400634,-1.7300634,0.54993653,-2.2600634,2.8099365,-13.510063,-0.18006347,-10.390063,-4.9000635,-6.6400633
0.60993654,3.4899366,2.7599366,0.34993652,-1.6900635,-4.0600634,-2.5800636,-1.5300635,-1.7000635,-0.8700635,-0.6700635,0.019936524,0.42993653,-3.8100634,-4.9000635,-3.0300634,-2.3700635,-2.4800634,-2.5000634,-2.2500634,-0.96006346,-0.51006347,0.5899365,0.73993653,0.6499365,-0.42006347,-1.5100635,-5.7600636,-1.7600635,-2.7700634,-3.9400635,-4.3800635,-4.1500635,-3.0900636,0.42993653,-7.7700634,-0.9400635,-10.1500635,-12.530064,-9.390063,3.0999365
-0.8700635,-0.53006345,0.59993654,3.4899366,3.8499365,2.1899366,-0.9200635,-0.36006346,-0.37006348,-0.22006348,-0.33006346,-0.48006347,-0.7500635,-1.1300635,-1.8600634,-1.5200635,-0.90006346,-0.7900635,0.059936523,1.0199366,0.35993654,0.04993652,1.0499365,1.5199366,2.1299365,2.7099366,2.2599366,1.8699365,-0.34006348,-0.22006348,-1.7400634,-2.0500634,-2.8500636,-4.2000637,-6.6200633,-6.0700636,-4.4100633,-4.6500635,-10.1500635,-6.4100633,-9.410064
0.059936523,0.6999365,1.2799366,1.2899365,2.2199366,1.9499365,1.2899365,0.78993654,0.3199365,0.23993653,-0.030063476,0.089936525,0.66993654,0.21993652,-0.2700635,-0.10006347,-0.3000635,-6.347656E-5,0.8299365,2.2999365,2.3599365,2.5599365,2.6799364,3.2799366,3.5899365,3.5599365,3.3699365,2.8999364,2.2099366,0.16993652,-0.6700635,-2.3100634,-3.4200635,-5.1000633,-4.7200637,-5.4200635,-5.2400637,-4.7400637,-2.3600636,0.2599365,0.2899365
-1.4800634,0.5199365,0.90993655,1.8799366,2.3899364,2.4699366,2.8599365,2.8499365,1.8099365,1.5999365,1.5199366,1.6299366,0.77993655,1.9299365,1.9199365,1.9099365,1.8399365,1.8699365,1.9599365,2.7099366,1.7999365,3.2899365,3.7599366,3.2199366,3.4499366,3.9999366,3.6199365,3.2199366,2.8699365,1.0799365,0.30993652,-1.1800635,-2.5300634,-3.9900634,-5.1800632,-5.2500634,-9.620064,-7.7500634,-6.6600633,-5.5700636,-3.2100635
-2.4400635,-2.0000634,-1.2200634,1.3199365,2.0199366,2.4499366,3.7099366,4.0399365,4.1199365,3.6299365,3.0899365,3.1499364,3.1199365,2.8099365,3.9899366,3.3799365,3.6399364,3.5799365,3.3599365,3.1399364,3.4899366,4.0499363,4.4699364,4.6699367,4.0499363,3.6799364,3.3099365,3.3499365,3.4399366,2.8499365,1.7799366,1.0799365,-1.1200634,-2.5800636,-3.9400635,-5.7400637,-4.5000634,-2.2200634,-3.9900634,-3.5700636,-2.9600635
-3.5200634,-3.1900635,-3.4900634,-2.5300634,-2.4600635,3.8199365,3.6499364,2.9399366,3.3199365,4.1699367,4.6899366,3.9999366,3.7599366,3.1699364,3.8699365,4.8999367,5.1599364,5.5899367,5.4899364,5.5399365,5.0599365,4.4399366,5.3999367,5.9699364,4.7999363,4.8099365,4.4699364,4.6099367,4.0399365,3.1799364,3.5899365,1.9199365,0.38993654,-1.2100635,-1.8500634,-3.3200636,-2.5300634,-1.6300635,-2.9800634,-1.9900634,-2.2100635
-3.1600635,-3.0200634,-3.1200635,-2.6400635,-2.5900636,-1.7500634,-0.23006348,2.3999364,2.3399365,0.8299365,2.0499365,2.1899366,3.1099365,4.8199368,4.1499367,5.0299363,4.2999363,5.7599363,6.1299367,6.2399364,5.6799364,5.8399367,5.7399364,5.9199367,6.2799363,5.7199364,5.3499365,4.5599365,5.5799365,4.7099366,4.2499366,4.0799365,2.3399365,1.3699365,-0.38006347,-0.45006347,0.6399365,1.4199365,0.22993653,0.009936524,-0.72006345
-2.5100634,-3.8300636,-2.9800634,-2.3600636,-2.7200634,-1.7400634,-1.6400635,-0.35006347,2.0099366,1.6699365,1.7199365,1.4699365,3.5799365,2.9199364,3.6099365,2.7899365,3.5199366,3.4399366,3.7699366,6.1399364,7.0699368,7.3599367,6.6199365,7.6799364,7.5099363,7.2799363,6.7399364,6.5999365,6.2299366,6.1399364,5.8499365,5.0699368,4.4399366,2.7999365,1.9499365,1.7799366,1.5099366,0.9999365,-0.71006346,-0.6900635,0.2899365
-3.6700635,-3.7300634,-3.3900635,-2.4100635,-1.7700635,-1.1400635,-0.18006347,0.039936524,-0.050063476,1.3099365,1.7699366,0.29993653,1.1399366,3.8399365,3.8499365,3.4899366,3.0499365,4.6699367,4.7999363,5.9999366,6.0099363,5.2199364,6.0399365,6.2199364,6.8399367,7.7199364,8.209936,7.9999366,7.9099364,7.6599364,7.1299367,6.1999364,5.2899365,4.6699367,3.4699366,3.3799365,2.4099364,1.2799366,1.7299365,1.2199365,-0.77006346
-0.9800635,-2.2800634,-2.1900635,-2.0600634,-1.1100634,-0.29006347,-1.1100634,-1.0200635,-0.5700635,0.059936523,0.79993653,1.8999366,0.77993655,0.78993654,1.3299365,3.2099366,3.1199365,2.3999364,2.8999364,5.7699366,6.4799366,6.1899366,5.9299364,5.9399366,6.3799367,7.1299367,8.109937,8.969936,8.999936,8.949937,8.539936,7.5199366,6.3699365,5.9899364,5.2199364,4.2799363,4.7499366,3.4599366,1.9899365,1.7699366,1.0499365
