wind.json
{"header": {"discipline":0,"disciplineName":"Meteorological products","gribEdition":2,"gribLength":1125,"center":7,"centerName":"US National Weather Service - NCEP(WMC)","subcenter":0,"refTime":"2023-06-27T06:00:00.000Z","significanceOfRT":1,"significanceOfRTName":"Start of forecast","productStatus":0,"productStatusName":"Operational products","productType":1,"productTypeName":"Forecast products","productDefinitionTemplate":0,"productDefinitionTemplateName":"Analysis/forecast at horizontal level/layer at a point in time","parameterCategory":2,"parameterCategoryName":"UnknownDiscipline_0_Category_2","parameterNumber":2,"parameterNumberName":"UnknownParameter_D0_C2_2","parameterUnit":"Unknown","genProcessType":2,"genProcessTypeName":"Forecast","forecastTime":60,"surface1Type":103,"surface1TypeName":"Specified height level above ground","surface1Value":10.0,"surface2Type":255,"surface2TypeName":"Missing","surface2Value":0.0,"gridDefinitionTemplate":0,"gridDefinitionTemplateName":"Latitude_Longitude","numberPoints":688,"shape":6,"shapeName":"Earth spherical with radius of 6,371,229.0 m","gridUnits":"degrees","resolution":48,"winds":"true","scanMode":64,"nx":43,"ny":16,"basicAngle":0,"lo1":45.0,"la1":40.0,"lo2":87.0,"la2":55.0,"dx":1.0,"dy":1.0}, "data":
[rows 0 to 15 of 16, columns 0 to 42 of 43]
-3.7850025,-0.15500244,-1.7450024,-3.6050024,-4.4350023,-0.40500244,2.2049975,2.6949975,2.8249977,1.2049975,5.7749977,-10.205003,-9.415003,-7.1750026,-5.4850025,-5.9050026,-5.535002,-4.555002,-2.7250025,-4.2650023,-3.5150025,-3.1650023,-4.3550024,0.34499756,2.4349976,2.3849976,0.5949976,-0.99500245,-0.57500243,1.5849975,2.0549974,3.7949975,1.0449976,0.08499756,1.9849975,-7.4550023,-7.4250026,-3.1850023,-1.4550024,1.4849975,-0.98500246,-3.9750025,3.9549975
-0.22500244,1.6949975,5.4349976,1.0049976,2.7549975,5.2249975,4.3049974,3.9749975,4.2049975,6.2549977,-1.1050024,-8.075003,-7.6350026,-5.9250026,-5.7450023,-5.8350024,-5.4750023,-3.7350025,-3.7050025,-4.6450024,-2.4950025,-3.2550025,-3.6750023,0.46499756,0.41499755,-2.3450024,0.37499756,-2.4050024,-2.5750024,0.23499756,1.7049975,1.2649976,1.8849976,-1.6150024,-1.1850024,-3.9550025,-4.6850023,0.25499755,1.0549976,0.82499754,2.6349976,1.3049976,-3.3050025
1.7449975,-2.0650024,1.6349976,2.0649977,4.2049975,4.8749976,5.694998,5.6349974,4.0949974,2.8749976,-5.1750026,-8.135002,-7.3150024,-5.1350026,-5.5950027,-6.5250025,-5.1750026,-3.3750024,-4.0650024,-4.3650026,-5.2050023,-2.8350024,-4.6550026,-4.4950023,-1.9150025,-3.1050024,0.28499755,1.6249976,-1.2150024,0.124997556,-4.5850024,-1.2450024,0.08499756,0.51499754,0.29499757,-1.6050024,-0.49500245,0.57499754,-1.9150025,7.0549974,-0.38500243,-0.09500244,0.9849976
1.2249975,0.16499756,1.0449976,2.4649975,2.0049975,2.9149976,3.5049975,-2.0450025,-0.29500243,0.75499755,-7.9950023,-8.435002,-6.1550026,-7.1450024,-6.035002,-7.3450027,-6.6450024,-4.2350025,-4.1450024,-3.5850024,-4.0650024,-3.7350025,-4.5250025,-3.2650025,-6.0950027,-9.875003,-5.3950024,-4.5750027,-0.80500245,-0.24500245,-2.6350024,-0.62500244,0.21499756,2.3949976,0.37499756,-0.47500244,0.7249976,-1.0150025,-0.04500244,0.20499755,4.1649976,3.1849976,1.0949975
3.7449975,0.16499756,-0.14500244,1.6949975,1.6949975,0.88499755,-0.82500243,-2.8750024,-0.6450024,-5.6550026,-4.4150023,-6.5250025,-9.445003,-7.9350023,-9.665003,-8.905003,-4.8750024,-4.805002,-3.7350025,-2.4450026,-3.4750025,-3.5350025,-2.8950024,-3.2750025,-2.7850025,-7.1150026,-7.555002,-6.2550025,-5.7050023,-7.4850025,-4.9150023,-2.1550024,-1.5750024,-1.4950024,2.8149977,5.7849975,-2.0050025,-1.1250024,-1.8750024,1.9749975,-1.1450025,-0.53500247,3.3549976
1.4649975,-1.2150024,0.82499754,2.4249976,1.7949976,1.9149976,-0.28500244,-0.085002445,1.6749976,0.22499757,-3.4450026,-0.50500244,-7.4850025,-6.8650026,-9.5250025,-10.515002,-8.855002,-5.8750024,-3.1650023,-2.0050025,-2.1150024,-4.1150026,-4.8750024,-3.2950025,-3.3550024,-5.0250025,-4.5750027,-3.8950024,-4.5450025,-3.7950025,-3.0650024,-1.6050024,-2.2350025,-2.7450025,-2.8950024,1.2349975,0.5949976,-0.30500245,-0.31500244,-0.085002445,2.2249975,3.9449975,0.31499755
4.3149977,-2.7650025,-2.3050025,0.9749976,3.6949975,4.4949975,2.0749977,1.1749976,0.49499756,-2.9550025,-1.0450025,-8.015002,-7.055002,-7.8350024,-7.2750025,-8.115003,-5.8250027,-2.5950024,-5.1750026,-2.4250023,0.76499754,-2.2750025,-3.4350023,-2.6850023,-2.3350024,-2.7650025,-1.6350025,-1.4950024,-1.7250024,-0.91500247,0.43499756,0.50499755,1.8949976,1.3649975,0.96499753,-0.92500246,0.57499754,0.5349976,1.7349975,1.5549976,5.0849977,2.2549975,-2.4450026
1.2149975,-1.4050025,-0.30500245,1.1549976,-0.86500245,-0.26500243,0.82499754,-0.38500243,-1.0450025,0.21499756,-5.3850026,-7.4950023,-6.8950024,-6.7950025,-5.1950026,-5.535002,-3.6250024,-2.6150024,-1.6350025,-0.12500244,3.1249976,1.3849976,2.1349976,2.8349977,1.9049976,-1.2250024,-1.8750024,-3.7750025,-1.0450025,-2.5750024,-3.6750023,-2.3150024,-1.2650025,-5.9350023,-3.7750025,-2.1050024,-0.93500245,-1.7450024,-1.3150024,0.67499757,0.25499755,-0.50500244,2.4849975
1.4949975,-2.3350024,-2.9250023,1.1949975,-0.57500243,0.08499756,-0.37500244,1.9349976,1.3949976,-1.0250025,-6.7050023,-7.2350025,-6.8550024,-6.0950027,-3.7350025,-3.1250024,-0.62500244,-0.92500246,2.2849975,5.2449975,5.8049974,3.7149975,-1.5950024,-2.7350025,-2.7750025,-2.8650024,-0.23500244,-0.22500244,-3.3350024,-1.3750024,-1.5750024,-2.1450024,-0.8450024,-1.3250024,-2.9350023,-1.5050025,-1.9350024,0.05499756,1.5749975,4.1549973,4.2749977,7.5749974,0.88499755
6.1849976,1.4949975,-1.7150024,-1.5150025,-0.15500244,-0.48500243,2.6849976,1.7849976,-2.6650023,-8.355002,-8.4850025,-7.3150024,-4.9950023,-2.8750024,0.05499756,1.2849976,-1.2050024,2.5949976,4.3049974,3.4649975,-1.0950024,-2.4150023,-3.3150024,-1.6750025,-3.5950024,-3.8350024,-3.2850025,-2.8050025,-1.4850024,-0.7150024,1.6249976,0.75499755,1.1449976,1.3949976,0.25499755,-0.44500244,-1.2450024,-0.07500244,1.0549976,-1.3350024,-1.5750024,0.30499756,-0.7150024
4.4249973,-1.2550025,-1.9250025,0.094997555,-1.9350024,2.2549975,1.5649976,-4.4250026,-5.2750025,-6.0850024,-5.5950027,-3.3750024,-1.6950024,-2.6650023,-0.97500247,0.38499755,2.4349976,2.6649976,-1.3250024,-1.3450024,-2.8050025,-3.0750024,-3.0950024,-1.9550024,-2.4150023,-2.3750024,-1.9950024,-0.9650024,0.51499754,2.6649976,2.3049974,3.8449976,1.7849976,2.4249976,2.9449975,0.16499756,-1.4450024,-1.4350024,-0.69500244,-0.47500244,-0.9050024,0.43499756,0.80499756
4.1149974,0.83499753,0.5349976,-2.4550025,0.80499756,1.1649976,-4.1250024,-4.7050023,-4.5950027,-3.4150023,-1.2750025,-1.2750025,-2.1650023,-1.7250024,-0.9050024,-1.1450025,-2.7950025,-1.2550025,-0.28500244,0.024997558,-3.2550025,-2.6250024,-2.6350024,-0.0050024414,1.2649976,0.044997558,2.3849976,2.3949976,3.0349975,3.8649976,3.8149977,5.6149974,3.6349976,2.0749977,0.9849976,0.92499757,0.56499755,-2.0850024,-1.0750024,0.25499755,0.25499755,0.32499754,0.7349976
1.8049976,1.0049976,-0.92500246,-0.9550024,-0.17500244,-3.8350024,-4.1950026,-4.1950026,-2.9550025,-3.4050024,-3.1650023,-2.7450025,-2.2950025,-1.5750024,-1.9350024,-0.99500245,1.2249975,-2.0650024,-1.0850024,0.044997558,-1.6050024,0.27499756,1.7149975,2.2549975,1.8949976,2.6149976,3.5849977,3.7749975,3.6249976,3.6649976,3.3749976,3.9249976,1.4849975,1.3149976,1.3849976,1.4849975,0.43499756,2.2549975,1.1049975,0.094997555,0.63499755,-0.05500244,0.0049975584
3.1949975,0.8449976,-1.3850025,-1.3850025,-2.9750025,-3.6850023,-3.3650024,-2.1050024,-2.1650023,-2.7050025,-4.5450025,-2.1350024,-1.4350024,-1.3250024,-0.81500244,0.21499756,2.0049975,1.8549975,2.5949976,3.3049974,3.0949976,1.8149976,-0.43500245,1.6449976,2.8149977,0.70499754,2.3549976,5.3149977,5.944998,6.7249975,2.1249976,0.32499754,2.9249976,2.0049975,1.4949975,1.4349976,2.0749977,2.2149975,2.5349975,1.8649975,3.1149976,3.7749975,2.3349977
4.9749975,-1.3550024,-1.9850024,-2.0250025,-2.6250024,-3.3550024,-2.9150023,-1.8150024,-1.6750025,-2.8550024,-1.1950024,-1.3250024,-1.1350025,-1.1350025,0.9049976,1.0949975,2.0149975,2.9249976,1.3749976,-3.2450025,-1.4150025,1.9649975,3.7349975,3.1749976,4.6849976,3.8349977,4.5249977,5.4049973,3.3349977,4.2649975,3.8649976,4.464998,6.214998,4.3149977,3.7249975,3.5949976,3.6349976,2.3549976,2.4849975,2.2349975,3.7349975,2.8949976,4.9349976
-2.6250024,-2.1750023,-2.3650024,-3.2050025,-3.0350025,-2.1250024,-2.2950025,-1.9250025,-0.49500245,-0.69500244,0.24499756,0.124997556,-0.92500246,0.6049976,0.48499757,1.2449975,1.1249976,0.46499756,2.1849976,1.8449975,1.4049976,3.0049975,3.2349975,3.1149976,2.6349976,2.4349976,2.3049974,2.3549976,2.8949976,3.3549976,3.4749975,5.3749976,5.194998,2.3049974,0.44499755,2.3249977,2.2849975,3.5449975,5.6749973,4.9849977,4.0449977,3.0249975,0.18499756
