wind_kz.json
{"header": {"discipline":0,"disciplineName":"Meteorological products","gribEdition":2,"gribLength":871,"center":7,"centerName":"US National Weather Service - NCEP(WMC)","subcenter":0,"refTime":"2023-08-06T06:00:00.000Z","significanceOfRT":1,"significanceOfRTName":"Start of forecast","productStatus":0,"productStatusName":"Operational products","productType":1,"productTypeName":"Forecast products","productDefinitionTemplate":0,"productDefinitionTemplateName":"Analysis/forecast at horizontal level/layer at a point in time","parameterCategory":0,"parameterCategoryName":"UnknownDiscipline_0_Category_0","parameterNumber":0,"parameterNumberName":"UnknownParameter_D0_C0_0","parameterUnit":"Unknown","genProcessType":2,"genProcessTypeName":"Forecast","forecastTime":180,"surface1Type":1,"surface1TypeName":"Ground or water surface","surface1Value":0.0,"surface2Type":255,"surface2TypeName":"Missing","surface2Value":0.0,"gridDefinitionTemplate":0,"gridDefinitionTemplateName":"Latitude_Longitude","numberPoints":615,"shape":6,"shapeName":"Earth spherical with radius of 6,371,229.0 m","gridUnits":"degrees","resolution":48,"winds":"true","scanMode":64,"nx":41,"ny":15,"basicAngle":0,"lo1":47.0,"la1":41.0,"lo2":87.0,"la2":55.0,"dx":1.0,"dy":1.0}, "data":
[rows 0 to 14 of 15, columns 0 to 40 of 41]
302.28217,289.88217,293.88217,297.88217,297.28217,296.48218,301.28217,304.98218,302.08218,303.38217,301.08218,303.6822,303.28217,302.88217,301.08218,297.58218,298.28217,297.58218,297.28217,297.38217,296.28217,295.08218,294.38217,286.58218,293.1822,294.58218,290.78217,277.28217,276.78217,277.08218,278.98218,283.28217,292.58218,299.1822,301.78217,300.88217,299.48218,299.28217,297.98218,299.98218,300.58218
279.6822,293.28217,297.98218,298.1822,298.1822,296.1822,303.78217,303.08218,301.28217,301.78217,302.38217,301.58218,300.08218,298.48218,297.28217,297.38217,297.28217,296.6822,295.38217,294.1822,293.58218,296.28217,294.98218,286.98218,278.98218,277.78217,287.28217,277.58218,280.38217,272.88217,280.08218,275.08218,284.6822,262.6822,281.38217,296.58218,295.78217,297.88217,300.98218,292.08218,283.98218
294.78217,298.38217,298.58218,298.48218,296.58218,301.98218,302.78217,303.58218,301.78217,301.08218,301.28217,302.28217,297.1822,297.58218,298.38217,296.58218,296.28217,294.58218,294.48218,294.98218,294.6822,293.48218,294.78217,289.48218,289.88217,289.6822,289.38217,288.88217,288.08218,279.78217,273.08218,276.6822,279.1822,280.88217,282.6822,284.08218,274.1822,278.48218,280.38217,276.1822,276.88217
297.28217,298.58218,298.78217,298.08218,298.1822,301.38217,302.78217,301.98218,301.98218,301.98218,302.48218,301.98218,296.88217,295.98218,299.48218,295.58218,297.48218,295.6822,294.78217,295.58218,293.88217,290.6822,295.1822,295.48218,293.08218,294.88217,295.6822,293.38217,291.48218,291.38217,290.88217,287.88217,293.58218,293.88217,287.6822,283.6822,275.98218,276.58218,280.88217,288.58218,291.6822
301.98218,299.08218,299.28217,299.38217,299.6822,300.78217,301.78217,301.78217,302.98218,302.58218,303.08218,302.6822,297.78217,296.58218,293.28217,299.38217,300.6822,297.88217,292.48218,297.48218,297.58218,296.98218,293.08218,293.78217,293.88217,294.98218,293.28217,293.38217,290.6822,291.08218,294.38217,287.6822,277.08218,270.6822,282.48218,290.98218,295.38217,298.08218,297.98218,296.88217,297.1822
298.88217,296.38217,299.38217,299.48218,299.6822,299.08218,300.38217,302.1822,302.6822,305.1822,302.1822,302.38217,296.98218,296.58218,297.08218,296.58218,299.6822,300.1822,298.58218,298.6822,297.28217,295.88217,293.08218,293.98218,293.58218,291.78217,293.1822,293.88217,294.6822,295.48218,293.08218,294.28217,290.58218,287.48218,284.78217,289.1822,280.28217,285.88217,292.1822,294.1822,295.48218
299.08218,296.6822,300.08218,301.58218,300.6822,300.78217,300.78217,299.58218,302.48218,302.98218,302.58218,303.08218,301.6822,302.38217,296.38217,299.88217,300.6822,300.38217,298.58218,296.08218,294.78217,295.08218,294.08218,293.38217,291.28217,291.6822,291.6822,293.38217,292.28217,292.1822,291.58218,290.78217,290.78217,291.98218,288.08218,285.88217,280.58218,278.78217,276.6822,278.58218,291.08218
297.6822,298.58218,299.78217,299.28217,301.38217,301.08218,302.28217,302.08218,304.1822,302.48218,300.58218,300.08218,299.6822,301.08218,302.78217,301.58218,299.38217,298.6822,296.88217,292.1822,291.78217,290.98218,290.98218,290.98218,289.48218,286.1822,287.08218,288.48218,286.28217,287.28217,286.08218,287.28217,285.78217,283.38217,282.48218,288.28217,288.58218,289.28217,290.28217,292.38217,285.98218
295.88217,296.08218,297.88217,296.58218,297.78217,297.58218,300.98218,301.1822,300.48218,302.1822,300.88217,299.98218,297.58218,298.08218,297.08218,296.38217,295.88217,294.98218,293.38217,291.28217,287.78217,286.38217,287.78217,287.08218,285.78217,285.88217,281.38217,279.48218,280.6822,279.58218,280.98218,281.48218,283.1822,284.6822,284.28217,281.28217,282.78217,282.28217,272.48218,271.58218,275.98218
293.88217,296.08218,296.08218,295.78217,295.08218,295.78217,298.98218,298.98218,297.58218,299.6822,297.1822,297.88217,296.88217,295.38217,294.88217,293.6822,292.98218,290.78217,290.1822,288.78217,285.78217,286.48218,287.38217,285.1822,285.28217,282.58218,281.78217,281.88217,281.1822,280.38217,280.58218,284.1822,285.6822,284.58218,282.1822,280.58218,282.08218,277.28217,276.1822,274.58218,272.58218
290.98218,292.88217,294.98218,295.48218,296.6822,293.58218,295.88217,294.88217,294.08218,295.78217,297.88217,296.1822,295.78217,292.58218,291.28217,290.38217,289.28217,289.78217,288.48218,286.98218,285.98218,284.08218,284.1822,283.48218,281.98218,282.48218,279.58218,283.78217,283.38217,284.58218,285.48218,284.58218,282.58218,281.28217,280.28217,280.1822,280.1822,277.98218,274.58218,276.58218,275.08218
289.78217,290.98218,291.58218,291.1822,293.58218,294.08218,292.1822,291.6822,292.78217,295.08218,294.08218,290.08218,292.28217,289.1822,288.28217,287.98218,286.98218,286.48218,284.88217,285.08218,282.58218,282.08218,282.6822,284.08218,281.78217,283.08218,284.98218,284.98218,285.58218,285.78217,282.58218,282.98218,283.98218,284.38217,284.1822,284.48218,284.48218,283.98218,281.38217,283.38217,283.08218
288.38217,287.48218,288.08218,288.48218,291.88217,289.78217,291.48218,291.38217,291.1822,290.28217,292.6822,287.38217,288.6822,286.6822,286.28217,285.08218,284.58218,283.78217,284.88217,283.48218,280.98218,283.38217,283.48218,280.08218,282.1822,283.58218,286.28217,284.58218,287.38217,282.88217,282.48218,282.38217,281.38217,283.48218,284.6822,283.58218,284.88217,284.6822,283.58218,283.6822,281.78217
288.58218,289.38217,291.88217,291.1822,291.08218,290.6822,290.78217,292.98218,293.1822,293.98218,290.88217,286.08218,283.88217,285.1822,284.38217,283.48218,283.28217,283.28217,283.28217,282.28217,281.28217,281.08218,283.88217,284.98218,283.1822,283.08218,284.28217,283.1822,280.38217,281.6822,282.6822,282.1822,281.1822,283.1822,283.98218,282.08218,281.58218,281.1822,283.1822,280.88217,282.98218
289.1822,290.98218,292.78217,290.98218,291.48218,291.08218,289.58218,293.98218,292.88217,289.88217,290.78217,284.58218,283.6822,282.28217,282.1822,283.08218,283.28217,283.38217,282.38217,280.6822,281.88217,280.78217,279.6822,279.1822,280.98218,283.48218,283.88217,281.6822,281.6822,280.38217,280.38217,281.6822,278.78217,280.1822,284.6822,281.6822,284.6822,280.6822,281.6822,282.38217,283.48218
