wind_kz.json
{"header": {"discipline":0,"disciplineName":"Meteorological products","gribEdition":2,"gribLength":1025,"center":7,"centerName":"US National Weather Service - NCEP(WMC)","subcenter":0,"refTime":"2023-08-23T06:00:00.000Z","significanceOfRT":1,"significanceOfRTName":"Start of forecast","productStatus":0,"productStatusName":"Operational products","productType":1,"productTypeName":"Forecast products","productDefinitionTemplate":0,"productDefinitionTemplateName":"Analysis/forecast at horizontal level/layer at a point in time","parameterCategory":2,"parameterCategoryName":"UnknownDiscipline_0_Category_2","parameterNumber":2,"parameterNumberName":"UnknownParameter_D0_C2_2","parameterUnit":"Unknown","genProcessType":2,"genProcessTypeName":"Forecast","forecastTime":300,"surface1Type":103,"surface1TypeName":"Specified height level above ground","surface1Value":10.0,"surface2Type":255,"surface2TypeName":"Missing","surface2Value":0.0,"gridDefinitionTemplate":0,"gridDefinitionTemplateName":"Latitude_Longitude","numberPoints":615,"shape":6,"shapeName":"Earth spherical with radius of 6,371,229.0 m","gridUnits":"degrees","resolution":48,"winds":"true","scanMode":64,"nx":41,"ny":15,"basicAngle":0,"lo1":47.0,"la1":41.0,"lo2":87.0,"la2":55.0,"dx":1.0,"dy":1.0}, "data":
[rows 0 to 14 of 15, columns 0 to 40 of 41]
-4.604346,-0.4743457,1.3056543,-2.6743457,-5.254346,-7.5943456,-7.0543456,-6.2243457,-6.3943458,-4.6443458,-4.0943456,-4.794346,-4.7443457,-4.564346,-3.4843457,-2.5743456,-1.7843457,-2.2243457,-3.5743456,-3.6743457,-4.4543457,-1.2243457,-2.0543456,-0.6843457,-0.9143457,1.1556543,-1.2543457,0.17565429,1.3156543,-0.5043457,-0.3343457,0.8756543,2.1956544,7.4656544,-2.2443457,-4.8443456,-2.2343457,-4.1643457,-4.464346,-4.4543457,-2.9843457
1.4556543,0.3256543,-5.5543456,-5.084346,-5.2443457,-5.8043456,-6.4443455,-5.5543456,-4.4543457,-4.504346,-7.604346,-6.6943455,-4.9543457,-3.5643456,-2.6443458,-2.3143456,-2.1043458,-2.4443457,-8.444345,-4.4743457,-2.5243456,-1.2243457,-1.7643456,-1.8043457,-0.2743457,0.0756543,-0.3943457,0.4156543,-0.004345703,-1.0743457,-0.92434573,0.1056543,0.4056543,-1.2343457,0.6856543,0.8656543,-2.1943457,-2.0243456,-0.084345706,1.7556543,-2.2643456
-1.4843457,-6.314346,-6.6843457,-5.214346,-7.2043457,-7.374346,-4.794346,-5.044346,-8.544346,-7.8243456,-5.8943458,-5.464346,-2.9143457,-3.4143457,-2.1143458,-2.0443456,-2.5043457,-3.2343457,-4.4143457,-2.6543458,-1.1443458,-1.6043457,-3.5543456,-7.4443455,-4.834346,-4.8243456,-2.5443456,-0.3243457,-1.4343457,0.3256543,-1.2843457,1.1456543,0.1856543,0.6556543,0.6656543,0.4856543,-0.5943457,-1.3443457,4.2956543,0.2456543,-0.4443457
-5.1443458,-7.5743456,-5.604346,-5.294346,-5.5943456,-4.5743456,-3.8743458,-6.5743456,-7.5343456,-6.584346,-4.294346,-4.8643456,-5.254346,-3.2343457,-2.2443457,-2.7843456,-3.1443458,-2.4143457,-2.6943457,-1.9843457,-3.8543458,-1.9743457,-4.584346,-7.294346,-7.354346,-5.7043457,-5.8443456,-5.7643456,-4.2043457,-2.0143456,-0.6343457,-0.5243457,-0.1943457,-1.3043457,0.1556543,2.1456542,0.6156543,0.2156543,0.2656543,0.6256543,-0.4743457
-5.564346,-6.6543455,-5.6143456,-4.3243456,-5.6643457,-4.4043455,-5.8243456,-6.2643456,-6.794346,-5.1543455,-3.9343457,-3.7643456,-5.0143456,-4.1843457,-4.1743455,-3.0043457,-2.9243457,-2.0143456,-1.8243457,-3.8943458,-1.0243458,-1.4143457,-2.7543457,-3.1843457,-4.7643456,-4.834346,-4.584346,-3.2643456,-1.9143457,-1.9243457,-1.9343457,-2.2343457,-2.6643457,-0.28434572,2.1956544,6.5756545,4.975654,3.1656542,-1.8443457,-6.3043456,-4.8943458
-4.714346,-4.0543456,-6.214346,-7.4143457,-7.9443455,-7.9143457,-4.604346,-5.2043457,-4.354346,-3.4443457,-2.9643457,-3.1543458,-3.3443458,-3.4043458,-3.4743457,-1.9543457,-1.8143457,-1.6243457,-2.1943457,-2.6543458,-3.8943458,-3.0043457,-4.4243455,-0.7643457,-1.6243457,-2.2143457,-1.3543457,-1.9843457,-1.7243457,-2.0543456,-2.5843458,-2.7843456,-1.4043458,0.6256543,2.7456543,1.9556543,1.6356543,3.0956542,6.5456543,-0.4843457,-6.4243455
-3.9843457,-3.8443458,-3.8543458,-4.1843457,-6.064346,-3.8243456,-3.7543457,-3.9443457,-4.3043456,-3.0143456,-3.5943458,-3.7443457,-3.5643456,-3.0143456,-2.7043457,-2.1343458,-1.8143457,-2.4243457,-2.3943458,-3.1643457,-3.4743457,-3.3643458,-2.7243457,-2.9743457,-3.9443457,2.0056543,1.6256543,0.2356543,-3.5343456,-3.9743457,-4.374346,-2.8443458,-0.8743457,0.4756543,-2.8543458,-2.6343458,-1.1943457,0.5156543,1.0056543,-0.0743457,6.0056543
-4.214346,-3.9043458,-2.3243456,-2.2843456,-2.4043458,-3.9943457,-3.3543458,-2.7443457,-2.4843457,-2.2043457,-3.0443456,-2.2843456,-3.0743456,-2.4943457,-1.6743457,-2.1443458,-2.2843456,-2.0543456,-2.2243457,-2.7743456,-2.3843458,-2.5943458,-1.9543457,-2.7743456,-2.4343457,-2.6643457,-3.5043457,-2.8543458,-2.9343457,-3.0943458,-3.2143457,-1.5443457,-0.3943457,-0.9343457,-2.2143457,2.1056542,4.395654,7.9256544,5.4256544,6.375654,1.5356543
-4.484346,-3.2743456,-1.9543457,0.3456543,-1.9443457,-3.5643456,-2.6043458,-2.1743457,-1.3843457,-1.9543457,-0.6643457,-2.4443457,-0.8643457,-1.7943457,-1.4343457,-1.1143457,-1.3043457,-1.1543458,-1.6943457,-1.6643457,-2.1043458,-1.9443457,-1.2043457,-0.8843457,-1.5143456,-1.6343457,-2.1443458,-1.9843457,-0.8543457,-0.7743457,-0.7743457,-0.5343457,1.4156543,0.46565428,0.0656543,1.4756542,0.57565427,-2.3743458,-0.7843457,0.6856543,-0.5843457
-3.9443457,-2.6943457,-1.4943457,-2.6143458,-3.3343458,-2.4343457,-1.8543457,-1.8243457,-2.7043457,-1.7843457,-1.7643456,-2.6343458,-2.3343458,-1.5843457,-1.3243457,-1.1643457,-0.8843457,-0.024345703,0.2356543,0.3156543,0.3156543,0.7256543,1.2756543,1.0056543,-0.044345703,-0.1743457,0.0656543,0.1556543,0.1256543,0.14565429,0.8356543,1.1856543,0.1356543,0.2056543,-0.31434572,2.0756543,-0.1643457,-0.0943457,-2.2843456,-0.8543457,0.2456543
-3.7843456,-3.1443458,-2.9443457,-2.4943457,-2.2843456,-1.5843457,-1.1243457,-2.6143458,-2.5743456,-1.2143457,-1.1843457,-0.1743457,1.4856544,-0.6643457,0.3756543,-0.4643457,-0.4643457,0.9756543,0.6356543,0.1256543,0.9456543,0.6256543,0.3856543,0.005654297,1.4456543,2.1456542,1.5156543,1.5856543,2.2856543,2.4356544,2.2656543,2.3956542,0.0756543,-0.2043457,-0.24434571,-0.7243457,-1.4443457,-0.9043457,-0.3443457,0.82565427,-1.2543457
-2.7143457,-2.4243457,-2.2943456,-3.3943458,-2.2643456,-2.1843457,-1.7343457,-1.6043457,-1.4043458,-1.3943458,-0.9743457,1.8856543,2.3656542,0.4156543,1.3356543,1.1156543,1.0756543,1.5556543,-0.2943457,1.1856543,0.7156543,1.8856543,1.9156543,2.5256543,3.0256543,3.1956544,2.6256542,3.7156544,3.1256542,1.6956543,2.7356544,3.2556543,1.6256543,0.3756543,0.2256543,0.2956543,-0.9343457,-0.1943457,-0.0343457,-0.1943457,-0.6943457
-1.6243457,-1.7243457,-2.1343458,-2.2943456,-1.4343457,-1.8443457,-1.1843457,-0.5543457,0.4556543,-0.3843457,-0.6143457,0.43565428,1.1256543,2.0056543,1.7156543,1.6256543,1.3856543,1.9356543,1.8656543,2.0456543,1.4756542,1.3256543,1.7856543,1.7956543,3.2056544,3.2756543,3.7856543,3.3956542,2.7056544,3.2856543,2.8856542,3.1956544,3.0256543,1.5356543,1.1856543,0.5456543,1.7456543,-0.13434571,-0.6443457,-0.0743457,-0.7143457
-1.3243457,-1.8143457,-0.9543457,-2.0743456,-1.5943457,-1.0543457,-0.5743457,-0.3443457,0.2556543,-0.004345703,-0.7343457,-0.4043457,1.3156543,0.0556543,0.8756543,2.1756544,2.2456543,2.2956543,2.1456542,2.9656544,3.1356542,2.7456543,3.2356544,3.3456542,3.2856543,3.1356542,3.0656543,3.3956542,2.9256544,2.9456544,2.0256543,0.9356543,1.7256542,1.0856543,2.2656543,2.6056542,1.3456542,0.8456543,-0.7743457,0.2756543,-0.0743457
-1.5743457,-2.0643456,-1.6543458,-2.0243456,-0.7843457,-1.1543458,0.4256543,0.4156543,1.6156543,0.4756543,-1.1443458,-0.2943457,0.6656543,1.3556542,3.3356543,3.3856542,3.2956543,3.5556543,3.0956542,3.5356543,3.2756543,3.2556543,2.8756542,3.0556543,3.0856543,3.2856543,3.5156543,3.1256542,2.8856542,1.0856543,-0.0643457,-0.7443457,-0.004345703,0.3656543,0.8756543,2.6156542,1.6656543,1.9056543,1.8056543,0.0556543,-1.2143457
