wind.json
{"header": {"discipline":0,"disciplineName":"Meteorological products","gribEdition":2,"gribLength":1039,"center":7,"centerName":"US National Weather Service - NCEP(WMC)","subcenter":0,"refTime":"2023-05-29T18:00:00.000Z","significanceOfRT":1,"significanceOfRTName":"Start of forecast","productStatus":0,"productStatusName":"Operational products","productType":1,"productTypeName":"Forecast products","productDefinitionTemplate":0,"productDefinitionTemplateName":"Analysis/forecast at horizontal level/layer at a point in time","parameterCategory":0,"parameterCategoryName":"UnknownDiscipline_0_Category_0","parameterNumber":0,"parameterNumberName":"UnknownParameter_D0_C0_0","parameterUnit":"Unknown","genProcessType":2,"genProcessTypeName":"Forecast","forecastTime":60,"surface1Type":1,"surface1TypeName":"Ground or water surface","surface1Value":0.0,"surface2Type":255,"surface2TypeName":"Missing","surface2Value":0.0,"gridDefinitionTemplate":0,"gridDefinitionTemplateName":"Latitude_Longitude","numberPoints":688,"shape":6,"shapeName":"Earth spherical with radius of 6,371,229.0 m","gridUnits":"degrees","resolution":48,"winds":"true","scanMode":64,"nx":43,"ny":16,"basicAngle":0,"lo1":45.0,"la1":40.0,"lo2":87.0,"la2":55.0,"dx":1.0,"dy":1.0}, "data":
[rows 0 to 15 of 16, columns 0 to 42 of 43]
290.10748,290.3075,302.4075,310.0075,314.10748,293.0075,291.9075,291.60748,315.10748,319.8075,320.7075,323.9075,325.0075,317.8075,316.0075,319.10748,320.2075,319.9075,319.7075,319.9075,318.4075,319.10748,314.3075,313.0075,310.7075,311.2075,312.4075,298.7075,297.2075,294.8075,299.7075,310.10748,307.9075,307.4075,321.10748,323.0075,321.10748,322.0075,316.3075,317.4075,319.5075,320.0075,322.4075
295.9075,302.5075,304.2075,295.5075,294.60748,290.4075,290.60748,290.5075,306.9075,313.10748,322.10748,322.3075,321.60748,313.4075,316.5075,319.4075,319.3075,320.7075,318.0075,318.0075,321.60748,319.2075,320.8075,318.9075,312.2075,310.0075,317.10748,318.9075,307.4075,291.9075,290.0075,289.8075,290.2075,284.7075,303.2075,315.2075,314.9075,317.7075,321.10748,320.10748,320.2075,318.5075,322.5075
291.8075,291.60748,285.3075,299.60748,290.10748,290.4075,289.9075,289.7075,324.3075,314.9075,318.7075,319.5075,317.0075,315.5075,318.9075,319.3075,321.60748,320.4075,322.2075,321.9075,321.60748,319.10748,315.60748,318.5075,314.0075,301.0075,294.7075,295.7075,297.0075,297.3075,295.3075,287.7075,297.7075,274.60748,291.5075,273.2075,275.3075,305.8075,313.0075,316.0075,321.9075,309.60748,284.2075
291.3075,293.4075,300.10748,291.0075,289.8075,289.7075,289.5075,312.4075,318.10748,317.0075,316.5075,313.4075,309.9075,316.2075,317.9075,320.8075,319.60748,319.3075,320.8075,318.3075,319.2075,319.60748,318.4075,313.4075,310.60748,300.60748,308.60748,305.8075,304.3075,307.2075,304.8075,290.10748,291.0075,289.60748,294.10748,299.7075,297.10748,296.4075,293.2075,298.4075,296.60748,295.3075,282.60748
297.3075,298.7075,298.5075,292.7075,290.9075,290.60748,295.3075,312.7075,316.8075,319.10748,316.60748,311.10748,312.8075,313.7075,291.8075,292.3075,320.8075,319.8075,318.60748,321.10748,318.4075,317.10748,312.4075,305.8075,312.3075,312.0075,310.0075,309.8075,311.60748,304.5075,306.9075,306.60748,307.60748,307.7075,312.7075,313.3075,310.0075,300.8075,288.5075,275.7075,284.8075,303.9075,308.3075
293.10748,294.10748,292.8075,294.4075,293.8075,294.2075,297.7075,314.7075,319.5075,321.4075,311.9075,311.5075,312.8075,315.2075,293.4075,292.60748,290.60748,322.7075,321.9075,318.3075,315.5075,315.5075,315.8075,315.2075,313.8075,313.5075,313.3075,314.5075,310.2075,306.3075,311.3075,311.60748,309.7075,306.60748,293.3075,283.10748,299.0075,307.9075,309.8075,314.10748,313.8075,309.0075,303.7075
290.60748,292.3075,297.3075,310.0075,295.0075,294.3075,294.2075,294.3075,320.10748,315.10748,314.10748,310.7075,312.60748,314.2075,295.8075,292.3075,308.3075,321.3075,318.5075,319.8075,317.3075,317.9075,316.10748,314.60748,314.9075,314.2075,313.2075,311.3075,311.4075,289.9075,311.2075,311.4075,311.9075,307.60748,308.10748,306.8075,299.9075,302.7075,296.60748,287.3075,321.60748,313.4075,313.0075
291.9075,292.0075,296.8075,304.10748,299.5075,310.60748,306.7075,312.60748,316.9075,315.4075,313.3075,309.8075,314.2075,314.0075,314.7075,316.7075,318.3075,318.2075,320.7075,318.9075,320.0075,317.7075,317.0075,316.0075,315.60748,314.60748,310.9075,311.2075,311.7075,313.7075,315.60748,312.5075,312.4075,311.0075,310.8075,307.7075,304.8075,300.0075,293.60748,283.9075,292.60748,287.5075,303.7075
293.2075,292.3075,300.2075,302.2075,305.4075,306.5075,308.8075,308.0075,311.3075,309.0075,306.4075,309.9075,309.2075,307.3075,313.0075,314.9075,319.2075,319.10748,321.10748,316.4075,315.8075,314.5075,314.0075,313.2075,312.10748,313.0075,311.8075,308.7075,308.10748,309.8075,307.8075,310.10748,307.10748,307.8075,303.2075,299.4075,299.7075,308.0075,307.60748,285.4075,307.7075,306.9075,303.7075
288.5075,292.60748,297.8075,299.0075,303.5075,306.3075,307.0075,310.5075,312.4075,310.60748,308.5075,308.4075,309.10748,309.8075,308.3075,313.2075,314.5075,317.7075,317.10748,317.5075,315.0075,313.0075,311.4075,312.0075,311.5075,309.4075,307.5075,307.9075,302.9075,302.10748,302.60748,302.0075,302.4075,301.7075,303.0075,302.5075,301.7075,297.8075,297.60748,297.5075,286.10748,289.9075,281.10748
293.10748,295.7075,295.2075,300.4075,302.2075,302.8075,302.5075,308.0075,305.7075,310.2075,308.60748,308.2075,309.10748,308.0075,306.60748,311.10748,312.5075,313.9075,314.5075,313.8075,313.3075,314.2075,313.5075,313.60748,313.3075,310.9075,310.10748,308.0075,307.0075,304.7075,303.2075,303.8075,304.0075,305.4075,304.10748,303.7075,301.7075,299.0075,294.2075,293.0075,295.5075,292.9075,288.7075
293.3075,289.10748,298.7075,301.10748,300.0075,303.3075,303.8075,306.5075,307.2075,307.3075,307.8075,307.10748,306.4075,306.9075,309.7075,308.8075,310.60748,311.5075,313.8075,314.5075,313.7075,310.4075,313.2075,311.60748,313.2075,310.4075,307.9075,308.60748,303.0075,309.0075,307.7075,310.0075,308.7075,307.7075,305.8075,301.10748,298.4075,295.0075,292.60748,294.4075,294.3075,290.8075,286.3075
290.5075,293.4075,297.0075,299.5075,301.10748,302.4075,302.8075,303.10748,304.2075,303.8075,302.5075,300.8075,299.60748,305.0075,308.8075,307.5075,309.9075,309.0075,311.2075,312.2075,313.7075,311.7075,311.8075,310.9075,309.60748,308.60748,306.4075,309.7075,307.4075,311.2075,312.5075,311.2075,307.4075,307.7075,304.0075,301.8075,298.9075,297.7075,295.8075,292.8075,291.60748,292.2075,292.4075
289.9075,290.7075,292.7075,295.5075,298.4075,299.0075,300.2075,301.60748,302.3075,308.60748,303.7075,299.3075,299.5075,299.7075,305.5075,303.60748,301.2075,304.4075,310.9075,309.7075,311.5075,308.3075,307.4075,305.2075,302.4075,306.3075,308.7075,308.2075,311.9075,309.7075,309.7075,307.8075,308.4075,308.7075,307.3075,303.2075,301.10748,298.10748,297.0075,296.0075,295.2075,296.10748,295.0075
285.9075,286.9075,291.10748,293.9075,289.9075,296.3075,297.4075,297.60748,298.8075,299.7075,304.7075,300.3075,302.10748,301.9075,302.3075,304.7075,304.9075,305.4075,308.4075,307.4075,307.10748,305.7075,306.10748,304.2075,306.7075,305.10748,310.2075,309.5075,308.7075,309.2075,306.4075,306.8075,307.4075,306.3075,304.4075,302.5075,301.8075,298.4075,298.10748,298.2075,297.0075,295.10748,297.8075
284.4075,288.8075,288.7075,292.8075,284.9075,295.9075,295.3075,294.60748,296.4075,296.7075,298.5075,300.3075,299.60748,301.3075,302.9075,304.4075,303.8075,304.60748,304.0075,305.2075,304.5075,301.10748,301.3075,304.4075,302.5075,302.10748,303.4075,302.4075,302.10748,303.5075,304.3075,302.8075,303.9075,294.3075,303.3075,305.0075,300.60748,300.60748,300.9075,297.60748,302.10748,299.5075,297.8075
