wind_kz.json
{"header": {"discipline":0,"disciplineName":"Meteorological products","gribEdition":2,"gribLength":1025,"center":7,"centerName":"US National Weather Service - NCEP(WMC)","subcenter":0,"refTime":"2023-09-10T18:00:00.000Z","significanceOfRT":1,"significanceOfRTName":"Start of forecast","productStatus":0,"productStatusName":"Operational products","productType":1,"productTypeName":"Forecast products","productDefinitionTemplate":0,"productDefinitionTemplateName":"Analysis/forecast at horizontal level/layer at a point in time","parameterCategory":2,"parameterCategoryName":"UnknownDiscipline_0_Category_2","parameterNumber":2,"parameterNumberName":"UnknownParameter_D0_C2_2","parameterUnit":"Unknown","genProcessType":2,"genProcessTypeName":"Forecast","forecastTime":120,"surface1Type":103,"surface1TypeName":"Specified height level above ground","surface1Value":10.0,"surface2Type":255,"surface2TypeName":"Missing","surface2Value":0.0,"gridDefinitionTemplate":0,"gridDefinitionTemplateName":"Latitude_Longitude","numberPoints":615,"shape":6,"shapeName":"Earth spherical with radius of 6,371,229.0 m","gridUnits":"degrees","resolution":48,"winds":"true","scanMode":64,"nx":41,"ny":15,"basicAngle":0,"lo1":47.0,"la1":41.0,"lo2":87.0,"la2":55.0,"dx":1.0,"dy":1.0}, "data":
[rows 0 to 14 of 15, columns 0 to 40 of 41]
-3.3170288,0.40297118,2.4629712,3.2929711,2.5429711,-5.897029,-7.9270287,-8.057029,-10.287029,-6.267029,-6.707029,-5.087029,-4.747029,-4.267029,-3.917029,-2.917029,-2.6370287,-4.477029,-4.5770288,-3.0170288,-0.8870288,0.9329712,-0.1470288,-0.3870288,-0.31702882,-2.8870287,-1.9170288,0.9029712,1.6029712,0.9029712,1.0229712,1.6329712,-0.9570288,-0.10702881,-4.547029,-4.497029,-6.4870286,-5.527029,-7.497029,-3.7370288,-2.4570289
1.3929712,0.7729712,0.5229712,0.27297118,-0.3270288,-5.3870287,-5.397029,-8.447029,-6.337029,-4.127029,-5.4270287,-4.127029,-3.2270288,-3.4470289,-3.1970289,-2.5170288,-1.5370288,-4.9870286,-2.8070288,-0.92702883,-0.5170288,-0.4370288,0.5029712,-1.4370288,1.3329712,1.0929712,-0.5370288,2.092971,-0.5370288,0.3929712,0.09297119,-0.13702881,-0.7870288,-0.9170288,-0.5170288,0.19297118,-0.9470288,1.2929711,-0.2070288,0.6429712,-4.1170287
0.3429712,-1.7870288,-2.6370287,-1.2270288,0.7829712,-2.9470289,-4.0070286,-3.4970288,-6.1370287,-7.167029,-6.7170286,-6.7170286,-3.7970288,-3.5870287,-2.427029,-2.2570288,-2.1170287,-1.7770288,-2.6270287,-1.9070288,-1.7470288,-5.3470287,-5.747029,-5.307029,0.1829712,-2.8770287,-1.5970289,2.4729712,-1.4170288,0.2829712,-0.2370288,0.8929712,0.7129712,-0.73702884,0.072971195,-0.12702881,-0.9070288,-0.34702882,2.8929713,4.0929713,3.1629713
-1.3370289,-2.0870287,-1.7270288,-0.4370288,-0.8570288,1.0029712,-1.4270288,-1.8770288,-3.3270288,-5.997029,-6.3670287,-4.317029,-6.277029,-3.8270288,-2.0370288,-1.6870288,-2.3770287,-2.5670288,-1.9070288,-2.1270287,-2.4670289,-3.5070288,-0.8270288,-2.2870288,-2.2870288,-3.2270288,-4.0070286,-5.8870287,-1.6470288,1.7029712,-1.3570288,-3.4670289,-4.147029,-2.2370288,-1.8770288,-2.2170289,-1.2970288,3.2429712,-0.4370288,0.3629712,-1.1970288
0.5329712,0.7329712,0.7929712,2.2929711,2.5329711,0.40297118,0.12297119,-0.61702883,0.30297118,-5.1170287,-4.0770288,-2.8470287,-4.1570287,-4.807029,-4.067029,-2.0670288,-1.4870288,-1.9070288,-0.34702882,0.3629712,-1.9770288,-3.7070289,-3.9570289,-3.6070287,-1.3070288,-3.9770288,-4.7170286,-3.1170287,-1.1470288,-1.0770288,-3.3070288,-2.8470287,-1.5470288,2.842971,0.08297119,1.3129712,1.0229712,2.6329713,2.9529712,2.842971,1.3629712
0.2429712,-0.47702882,4.1529713,4.2829714,4.042971,-3.0370288,0.8929712,0.7329712,-2.1370287,-4.037029,-1.8670288,-0.6970288,0.072971195,-1.2070289,-3.3770287,-1.6270288,-1.0470288,-1.6970288,-0.7870288,-2.397029,-2.9770288,-2.3770287,-1.6370288,-1.9870288,-3.3370287,-3.3670287,-2.2970288,0.63297117,0.88297117,-0.80702883,-1.6070288,-1.5470288,-0.8970288,-1.2170289,0.3129712,0.4529712,0.8329712,2.822971,6.6329713,1.6529711,1.6529711
0.3229712,2.1229713,-0.4370288,4.082971,0.3929712,-2.1170287,-1.9370288,-0.7270288,-4.0070286,-3.0870287,-2.2570288,-2.0670288,-3.2570288,-3.3470287,-1.6370288,-1.4770288,-0.4170288,-1.4670289,-1.5970289,-1.0170288,-1.9170288,-1.2770288,-1.1970288,-0.2370288,-1.1470288,-0.2970288,-1.3970288,-0.28702882,0.4129712,0.3229712,-1.0170288,2.7029712,1.6329712,1.1529711,-0.21702881,-0.7270288,-0.9970288,1.3729712,1.1529711,-0.8870288,5.202971
0.06297119,-0.80702883,4.932971,1.9529712,-5.727029,-1.9670289,-0.7570288,3.4729712,4.0129714,-2.2070289,-4.997029,-0.7670288,-0.8970288,-2.647029,-1.6770288,-0.18702881,0.2529712,-1.3270288,-0.017028809,-1.7070289,-1.6470288,-0.4970288,-1.7870288,-0.9970288,-1.4070288,-0.7770288,-0.8970288,0.40297118,-0.9970288,-3.2070289,-1.6670288,-1.2870288,-1.1570288,-0.16702881,0.94297117,2.812971,2.6529713,2.8929713,3.2929711,3.4029713,1.3529712
-1.3170288,-1.3970288,-1.3870288,-2.7570288,-2.647029,-2.7770288,-0.6470288,-3.5170288,-4.687029,-3.3770287,-2.9970288,-2.4770288,-2.8770287,-2.2370288,-1.6670288,-0.3870288,0.7529712,-0.057028808,-0.9170288,-0.15702881,-1.0570288,-0.9470288,-1.1870288,-2.2670288,-1.3870288,-0.7470288,-0.3970288,-1.7170289,-1.3470289,-0.6570288,-0.067028806,0.5529712,2.4829712,2.6329713,2.9829712,2.2729712,1.1229712,-0.7770288,0.5029712,0.2529712,0.4229712
-3.0070288,-0.92702883,-2.937029,-2.8370287,-3.3570287,-4.4070287,-2.9970288,-1.5370288,-2.1070287,-1.3470289,-1.3770288,-3.3370287,-2.4570289,-1.3170288,-1.7870288,-0.1770288,-0.4570288,-1.0870289,-0.2970288,0.5029712,-1.0670288,-1.2670288,-1.6670288,-2.2570288,-2.1370287,-2.1070287,-2.417029,-1.3770288,-0.3370288,2.1629713,1.9429712,3.0529711,2.7629712,1.8529712,0.30297118,0.6229712,-0.86702883,-1.0770288,0.12297119,0.88297117,0.37297118
1.0129712,2.3629713,1.2229712,-1.1670288,-1.8270288,0.08297119,2.5129712,-1.4070288,-3.0970287,-3.417029,-2.4670289,-0.8870288,-3.2670288,-1.6070288,0.5629712,1.0329711,0.0029711914,-0.07702881,-0.7470288,0.5529712,0.8129712,-0.34702882,-1.5470288,-2.0570288,-0.5870288,-0.9170288,0.09297119,1.6529711,2.6329713,2.9629712,3.8729713,1.9529712,1.1029712,0.032971192,0.3829712,-0.5370288,-0.9070288,0.09297119,0.06297119,1.2129712,-0.28702882
-1.3570288,-1.4370288,-3.1070287,-4.1370287,-3.687029,-3.0870287,-3.397029,-3.5070288,-1.6770288,-1.4570289,-1.4770288,0.2429712,0.6729712,1.5829712,2.7029712,1.4729712,-0.2970288,1.0429711,-0.6370288,-0.92702883,-1.8970288,-0.61702883,0.1829712,-1.6570288,-0.4270288,-0.5870288,-0.4870288,1.1129712,0.82297117,-1.1370288,1.0029712,1.8629712,1.9029711,2.1129713,1.7729712,1.3129712,1.2229712,-0.067028806,0.04297119,0.8029712,-0.03702881
-1.4070288,-0.80702883,-2.0570288,-2.0570288,-2.167029,-1.6370288,-1.5470288,-2.407029,-2.5370288,-0.8370288,-0.7970288,-0.55702883,0.4429712,0.63297117,0.40297118,1.4529712,0.37297118,0.9929712,1.1629711,1.5229712,0.94297117,0.06297119,0.3529712,0.37297118,2.1829712,1.2029712,2.832971,1.8529712,-0.86702883,-0.16702881,0.9829712,0.032971192,-0.007028809,1.4629712,2.352971,2.0229712,0.8029712,1.6429712,0.9029712,-0.5770288,0.9829712
-0.1470288,-0.37702882,-0.5770288,-1.4770288,-0.47702882,-0.4670288,-0.9070288,-2.2070289,-0.10702881,-0.5370288,-0.7470288,-0.6070288,1.2029712,1.6229712,1.8729712,1.7929711,1.8429712,1.3029712,0.112971194,0.6229712,0.1329712,0.9929712,1.1429712,2.0529711,2.6329713,2.6929712,1.7329712,-1.1370288,0.2129712,0.6729712,0.6429712,0.1329712,-1.1870288,-1.4970288,-0.86702883,-1.0670288,-0.2370288,0.3229712,1.7829711,1.8229712,0.88297117
-0.25702882,0.76297116,-0.7570288,-0.7270288,-1.2570288,-0.3370288,1.3129712,1.2229712,1.6929712,0.6029712,-0.6470288,0.7829712,1.1529711,1.5529712,2.1629713,1.6029712,1.0629712,0.9229712,1.5229712,-0.3370288,0.4829712,-0.8770288,0.23297119,-0.3070288,-0.18702881,-0.61702883,-1.0470288,0.40297118,0.8129712,0.9229712,0.3129712,-1.0370288,-1.4170288,-1.2770288,-1.3270288,-1.2570288,-1.3870288,-0.4970288,-0.007028809,-1.6670288,-1.3070288
