wind.json
{"header": {"discipline":0,"disciplineName":"Meteorological products","gribEdition":2,"gribLength":1211,"center":7,"centerName":"US National Weather Service - NCEP(WMC)","subcenter":0,"refTime":"2023-07-01T18:00:00.000Z","significanceOfRT":1,"significanceOfRTName":"Start of forecast","productStatus":0,"productStatusName":"Operational products","productType":1,"productTypeName":"Forecast products","productDefinitionTemplate":0,"productDefinitionTemplateName":"Analysis/forecast at horizontal level/layer at a point in time","parameterCategory":2,"parameterCategoryName":"UnknownDiscipline_0_Category_2","parameterNumber":3,"parameterNumberName":"UnknownParameter_D0_C2_3","parameterUnit":"Unknown","genProcessType":2,"genProcessTypeName":"Forecast","forecastTime":300,"surface1Type":103,"surface1TypeName":"Specified height level above ground","surface1Value":10.0,"surface2Type":255,"surface2TypeName":"Missing","surface2Value":0.0,"gridDefinitionTemplate":0,"gridDefinitionTemplateName":"Latitude_Longitude","numberPoints":688,"shape":6,"shapeName":"Earth spherical with radius of 6,371,229.0 m","gridUnits":"degrees","resolution":48,"winds":"true","scanMode":64,"nx":43,"ny":16,"basicAngle":0,"lo1":45.0,"la1":40.0,"lo2":87.0,"la2":55.0,"dx":1.0,"dy":1.0}, "data":
[rows 0 to 15 of 16, columns 0 to 42 of 43]
-0.6770532,-0.44705322,1.9829468,1.4229468,-1.5870532,-5.5070534,-3.527053,-1.8870533,3.6229467,1.9729468,1.5429468,1.6729468,-3.0070531,-5.667053,-7.1070533,-7.4670534,-7.207053,-5.7970533,-5.3970532,-7.0070534,-5.6270533,-2.0970533,-2.2570531,-3.3870533,-3.6770532,-2.0770533,-3.3670533,-4.0070534,-3.8170533,-0.71705323,-1.8870533,2.8929467,-6.1270533,-9.697053,-4.747053,-11.257053,-11.687054,-5.9870534,0.24294677,1.3029468,1.3429468,0.43294677,-1.8470532
-1.7670532,0.27294677,3.5829468,2.472947,-0.52705324,-3.8770533,-2.3670533,-0.9370532,1.1429467,2.2729468,0.90294677,-0.5370532,-2.8070533,-4.4670534,-5.0070534,-5.3970532,-5.847053,-4.597053,-3.7670531,-4.4270535,-5.267053,-5.1470532,-6.2370534,-6.8170533,-5.5270534,1.2429467,0.3229468,-5.887053,0.10294678,1.1429467,-4.577053,-4.117053,0.30294678,-2.6570532,-0.13705322,-12.707053,-5.0670533,-8.247053,-1.8270532,3.2529469,3.212947,1.8929467,0.9429468
-0.017053222,0.9429468,-1.5470532,1.9829468,-0.58705324,-1.7670532,-3.2570531,-4.057053,2.3529468,1.6729468,0.9529468,0.6429468,-1.7570533,-4.2570534,-4.327053,-4.7770534,-5.0070534,-3.7470531,-2.7070532,-4.227053,-5.4270535,-6.787053,-7.2970533,-5.997053,-3.4470532,-1.1770532,1.0329468,2.6129467,2.2829468,1.9829468,0.4429468,1.2429467,-2.9770532,-1.6170533,0.54294676,-2.2670531,-6.037053,-11.707053,-5.2370534,2.6929467,3.0929468,-1.3370532,-0.57705325
-2.2470531,-2.0970533,1.2629467,3.6429467,0.85294676,-1.4470532,-1.1970532,1.0029467,3.1629467,4.3929467,1.7629467,2.3129468,-0.32705322,-2.1570532,-3.0070531,-3.7370532,-4.597053,-4.267053,-4.6770535,-5.1770535,-5.657053,-6.367053,-7.307053,-0.31705323,-7.1970534,-3.3570533,-4.4470534,-3.6470532,1.4229468,-1.9970533,-6.367053,-3.277053,-3.5970533,-2.1470532,-6.5670533,-1.7270532,-0.7870532,-2.0570533,1.5529468,-5.2370534,-4.207053,3.6629467,1.6229467
0.8229468,1.1629468,2.0929468,2.5029469,0.8929468,-0.38705322,-0.38705322,0.92294675,0.79294676,4.172947,2.6129467,2.4229467,2.0729468,0.7429468,-1.6270533,-3.1970532,-3.1270533,-3.0570533,-4.4870534,-5.6070533,-4.307053,-4.137053,-5.207053,-5.917053,-5.207053,-6.0270534,-5.077053,-4.9270535,-4.417053,-3.3170533,-3.2270532,-3.2570531,-3.9070532,-2.9170532,-3.5170531,2.9329467,4.5729465,0.5029468,3.8129468,2.2029467,-5.537053,-7.367053,-8.207053
3.0129468,2.3229468,2.9029467,1.3729467,-0.31705323,-2.1370533,-4.207053,-1.2070532,0.052946776,1.0629468,0.78294677,3.3229468,2.6529467,1.5029467,1.0329468,-1.5170532,-1.7770532,-2.5970533,-4.0470533,-3.1970532,-3.8170533,-1.7670532,-2.5770533,-3.2170532,-4.117053,-4.957053,-5.1070533,-4.8370533,-4.207053,-6.9270535,-2.5470533,-2.1970532,-1.2270532,-0.07705322,2.5529468,1.8229468,-0.15705322,1.7029468,-11.447053,-3.5770533,-12.327053,-10.8870535,-8.267054
2.6429467,1.9329468,0.67294675,-1.2070532,-1.3570533,-1.7070532,-1.9270532,-1.9670532,-3.0170531,1.0229468,1.5929468,-0.16705322,2.1729467,2.3029468,4.8529468,4.002947,0.47294676,-2.1170533,-3.8470533,-1.9870533,-3.3170533,-2.4870532,-0.3970532,-1.1970532,-3.0870533,-4.637053,-4.4270535,-4.6970534,-3.9670532,0.3529468,-4.7170534,-3.527053,-2.1170533,0.0029467773,0.8929468,1.3229468,3.1529467,-10.757053,-3.2170532,-9.247053,-8.317053,-8.097054,-7.4870534
1.7229468,2.8529468,0.5629468,0.31294677,-1.8670533,-0.44705322,0.92294675,-2.7370532,-2.6170533,-1.4070532,-1.2870532,0.42294678,2.7029467,1.6929468,0.012946777,1.5629468,1.4229468,1.0229468,-0.71705323,-2.6570532,-3.3270533,-3.6270533,-1.8170532,1.2429467,-2.1370533,-3.4970531,-4.0270534,-4.1070533,-4.417053,-4.8570533,-6.227053,-6.157053,-6.157053,-3.7270532,-5.9270535,-1.5370532,0.11294678,2.0529468,4.792947,4.022947,-0.20705323,0.98294675,-12.1370535
2.3129468,2.9429467,1.8929467,-1.3870533,-2.7270532,-0.59705323,-0.31705323,-2.5070531,-2.9770532,-1.0470532,0.0029467773,1.0629468,1.6929468,0.20294678,-0.09705322,0.23294678,1.0529468,1.4329468,1.1929468,0.15294677,-1.6670532,-3.4770532,-1.0170532,0.25294676,-0.5470532,-2.8270533,-3.6370533,-3.9970531,-4.387053,-4.4870534,-4.5670533,-2.9670532,-4.537053,-4.0870533,-5.7770534,-5.867053,-5.247053,-6.0070534,-3.6070533,1.7729468,3.222947,-6.727053,-4.597053
1.5329468,1.4629468,0.8229468,-0.35705322,-0.9270532,-1.3270532,-1.7170532,-0.25705323,-1.5970532,-3.1370533,-2.4970531,0.032946777,2.0529468,1.2629467,-0.9870532,-1.1870532,0.72294676,2.212947,0.21294677,2.4829469,1.3129468,0.72294676,-1.4870533,-1.2370533,-1.8270532,-2.4770532,-3.1170533,-4.0670533,-4.2770534,-4.037053,-2.8870533,-3.8470533,-5.4470534,-4.887053,-4.7970533,-5.0470533,-4.137053,-3.4370532,-0.88705325,7.2429466,6.8729467,3.9929469,2.8729467
1.6929468,0.98294675,1.9829468,0.9929468,0.062946774,-1.2970532,-1.6970532,-0.64705324,-0.44705322,-2.1170533,-3.4070532,-0.087053224,0.6329468,-0.88705325,-2.9670532,-2.2570531,1.6529468,1.7729468,-0.25705323,1.6029468,3.3429468,2.5829468,1.3329468,0.23294678,-2.0670533,-1.6770532,-1.8870533,-2.8470533,-3.1570532,-3.0770533,-4.2570534,-4.977053,-6.097053,-3.7170532,-4.307053,-3.6970532,-4.0270534,-0.9270532,1.7129468,4.082947,10.3629465,8.522946,5.632947
1.0129467,-0.16705322,0.2929468,2.0529468,1.0029467,-0.6770532,-3.037053,-0.6670532,0.6829468,0.33294678,0.20294678,0.30294678,-0.25705323,-1.3670533,-2.2570531,-2.3870533,-0.41705322,1.4429468,1.3229468,0.27294677,0.5129468,2.1029468,2.5029469,2.5629468,0.8829468,-0.83705324,-1.7270532,-1.7970532,-3.0870533,-3.8070533,-4.537053,-5.8370533,-3.8870533,-3.9070532,-2.8870533,-2.1370533,-2.7370532,-0.83705324,2.6229467,4.232947,10.652946,6.522947,5.2229466
-0.89705324,-0.8070532,1.1729468,3.2329469,3.7729468,2.8229468,-0.6270532,-1.0670532,-0.25705323,0.37294677,1.1229467,0.53294677,-0.3070532,-0.25705323,-0.84705323,-1.3070532,-2.5570533,-1.2270532,1.7029468,1.7229468,2.2029467,2.4429467,1.7429467,1.9729468,3.2629468,0.78294677,0.10294678,-1.5870532,-2.8770533,-2.9370532,-4.887053,-4.617053,-5.017053,-5.687053,-4.2370534,-2.9670532,-3.1970532,-5.267053,-3.1570532,3.1029468,-0.84705323,-3.6570532,1.5129467
-2.0170531,-0.7270532,0.4429468,1.6029468,3.0329468,3.8029468,1.3529468,0.84294677,-0.95705324,-0.52705324,0.91294676,-1.3770533,1.1829468,-0.7270532,-0.6770532,-2.277053,-0.5670532,1.4129468,0.91294676,-0.51705325,-2.4270532,2.3129468,1.7929468,0.98294675,0.43294677,0.79294676,-0.8070532,-1.6270533,-2.6470532,-3.3470533,-4.267053,-4.4870534,-4.6470532,-6.3970532,-4.7770534,-4.417053,-3.6870532,-4.767053,-5.767053,-4.137053,-6.7370534,6.422947,1.0629468
-1.8170532,-1.0570532,-0.84705323,0.9429468,2.5929468,2.9329467,2.5529468,-1.2270532,1.2329468,0.6229468,0.012946777,0.49294677,0.0029467773,-1.9570532,-2.1670532,-1.9470532,-2.8870533,-0.43705323,-0.41705322,1.5929468,4.232947,3.6029468,3.462947,3.1729467,2.5129468,4.172947,0.5729468,-0.88705325,-1.3470532,-2.0070531,-2.9870532,-4.3370533,-5.247053,-5.8170533,-4.707053,-4.7770534,-4.227053,-3.9970531,-6.1970534,-6.4870534,-6.597053,-4.417053,1.3229468
-2.8970532,-2.4870532,0.23294678,0.86294675,3.4929469,2.9329467,2.9429467,-0.10705322,-1.6870532,-0.84705323,-0.43705323,1.7329468,2.1129467,-0.41705322,-1.0370532,-3.2270532,-4.227053,-4.4670534,-3.3970532,0.20294678,2.6329467,3.0829468,1.4929467,0.6829468,2.3429468,3.0529468,0.13294677,-0.7270532,-1.4070532,-0.8170532,-2.6770532,-2.7370532,-4.617053,-3.4470532,-5.017053,-4.597053,-4.097053,-4.5870533,-2.7670531,-6.2170534,-6.4270535,-7.457053,-3.8270533
