wind_kz.json
{"header": {"discipline":0,"disciplineName":"Meteorological products","gribEdition":2,"gribLength":1025,"center":7,"centerName":"US National Weather Service - NCEP(WMC)","subcenter":0,"refTime":"2023-10-04T18:00:00.000Z","significanceOfRT":1,"significanceOfRTName":"Start of forecast","productStatus":0,"productStatusName":"Operational products","productType":1,"productTypeName":"Forecast products","productDefinitionTemplate":0,"productDefinitionTemplateName":"Analysis/forecast at horizontal level/layer at a point in time","parameterCategory":2,"parameterCategoryName":"UnknownDiscipline_0_Category_2","parameterNumber":3,"parameterNumberName":"UnknownParameter_D0_C2_3","parameterUnit":"Unknown","genProcessType":2,"genProcessTypeName":"Forecast","forecastTime":240,"surface1Type":103,"surface1TypeName":"Specified height level above ground","surface1Value":10.0,"surface2Type":255,"surface2TypeName":"Missing","surface2Value":0.0,"gridDefinitionTemplate":0,"gridDefinitionTemplateName":"Latitude_Longitude","numberPoints":615,"shape":6,"shapeName":"Earth spherical with radius of 6,371,229.0 m","gridUnits":"degrees","resolution":48,"winds":"true","scanMode":64,"nx":41,"ny":15,"basicAngle":0,"lo1":47.0,"la1":41.0,"lo2":87.0,"la2":55.0,"dx":1.0,"dy":1.0}, "data":
[rows 0 to 14 of 15, columns 0 to 40 of 41]
-0.63322264,-1.2232226,0.6667774,-1.5732226,-3.5432227,-3.6432226,-0.5932227,-0.033222657,-0.87322265,-0.30322266,-0.67322266,-0.63322264,-1.5932226,-2.9732227,-3.8532226,-3.9832227,-3.8832226,-3.5932226,-3.8432226,-2.0832226,-2.4532228,-2.5332227,-1.6032226,-1.3532226,-0.64322263,-0.40322265,-1.3332226,1.0567774,0.94677734,0.76677734,-2.0832226,-4.2132225,-0.15322265,2.3367774,0.85677737,-0.49322265,-2.8432226,-3.2132227,-2.3432226,-2.8332226,3.9067774
2.0367773,0.81677735,-1.7132226,2.0067773,-2.2732227,-0.32322267,-1.5032227,0.45677733,0.5267773,0.39677733,-1.4032227,-0.9632227,-1.8632226,-2.6832228,-4.603223,-4.2932224,-3.5832226,-4.7832227,-5.083223,-3.8532226,-4.3632226,-2.7232227,-0.27322266,1.2267773,-0.10322265,0.15677734,-2.1632226,1.4767773,-0.35322267,0.10677734,0.7867773,0.9667773,-1.3832227,-2.8132226,-5.8832226,-2.0732226,-2.2732227,-4.393223,-3.3832226,-2.9532228,1.2467773
1.6167773,3.7067773,2.6567774,1.6967773,0.026777344,0.48677734,0.74677736,1.1667774,1.0367774,0.056777343,-1.6932226,-0.29322267,-1.6932226,-3.0432227,-2.5532227,-3.1432226,-3.3432226,-4.0432224,-4.6732225,-4.2732224,-1.1132226,-3.4332228,-4.1932225,-1.4232227,-0.82322264,0.10677734,0.63677734,0.19677734,0.16677734,1.3867774,2.4867773,1.3267773,1.4167774,-0.8332226,-1.0332227,1.3767773,2.0067773,-1.3832227,-0.70322263,-1.0132227,-1.1832227
1.8367773,3.4867773,3.4667773,2.7367773,-0.11322266,1.5367774,2.2167773,2.7567773,2.6167774,2.1167774,1.2167773,-0.20322266,-1.5732226,-3.0332227,-2.3432226,-2.6832228,-3.1832228,-3.7032228,-4.7832227,-5.6532226,-2.8132226,-1.7132226,1.5467774,-1.7332226,-1.6532227,-2.2532227,-2.5332227,-2.1932228,0.55677736,-1.0132227,-1.6232227,-0.36322266,-1.5832226,-0.98322266,-0.48322266,-2.2932227,-0.34322265,2.3167772,0.5267773,-0.24322265,1.6767774
2.5467772,2.9867773,3.6767774,3.5567772,-1.5732226,2.9467773,2.0667772,3.5867774,4.1967773,3.2367773,3.3767774,2.7667773,1.8767773,-0.93322265,-3.8732226,-3.9232225,-2.1432226,-2.6232226,-3.1432226,-4.333223,-2.7032228,-1.7732227,-1.8832227,-0.86322266,-0.70322263,-1.8032227,-1.0832226,-0.89322263,-1.2632227,-1.5132227,-2.0832226,-0.49322265,1.7567773,0.92677736,-0.87322265,-0.10322265,-2.7032228,-0.45322266,-3.1432226,-0.0032226562,0.09677734
3.6867774,2.4567773,3.8067772,3.8267775,2.8567774,1.8067774,2.5067773,2.4467773,2.9567773,2.5767775,1.7167773,3.1467774,2.9867773,2.2067773,0.15677734,-1.3432226,-1.4632226,-1.9532226,-1.4832226,-2.8232226,-1.6132226,-0.81322265,-0.69322264,-0.15322265,1.8367773,0.79677737,-0.41322267,-0.5232227,-0.81322265,-1.1332227,-1.5032227,-1.6832227,-0.35322267,-1.7232226,0.73677737,-1.4932227,1.7367773,0.22677734,-0.17322266,-1.0732226,0.35677734
0.76677734,1.8567773,3.3667774,3.5767775,3.6567774,3.1467774,2.9767773,2.5667772,3.3367774,2.6067774,2.3567774,1.8667773,2.1467774,1.8367773,2.3267775,1.2667774,1.0667773,0.38677734,-0.43322265,-0.76322263,-1.3232226,0.46677735,0.62677735,-0.43322265,1.0167774,1.9867773,2.2767773,2.2067773,1.4567773,2.0367773,1.4067774,0.20677735,0.7167773,0.09677734,-0.75322264,-0.92322266,-1.1732227,-0.47322264,-1.5232227,-2.3832226,1.1567774
0.23677735,0.6667774,1.5167774,3.0067773,3.4367774,3.3967774,3.2367773,3.5967774,3.3367774,3.3767774,2.6567774,2.2067773,1.2767774,1.5467774,1.2067773,1.8167773,1.8267773,1.9667773,2.0367773,1.4667773,0.10677734,-0.31322265,0.5867773,2.5167773,2.5567772,2.0967774,1.9767773,0.68677735,1.2267773,1.9267774,1.3767773,1.1567774,1.4567773,1.8767773,2.1167774,1.1767774,2.1067774,1.8367773,-0.38322267,0.36677733,-0.49322265
-2.3232226,-1.3132226,1.3867774,0.68677735,2.4967773,2.7667773,2.2467773,1.8467773,2.1767774,2.5467772,2.2667773,1.8967774,1.5467774,1.5167774,1.3667773,1.2667774,1.6667774,2.0767775,3.0167773,3.0067773,2.6467774,1.1967773,1.8567773,1.3867774,2.6367774,3.3967774,3.1967773,3.0067773,2.5567772,1.8367773,2.6267774,3.8967774,4.0367775,3.8667774,4.2067776,2.7767773,-0.43322265,-0.42322266,-1.2132226,-1.6932226,-3.1332226
-1.3432226,-1.6532227,-1.2132226,-0.82322264,0.036777344,0.31677735,2.4367774,2.8367774,2.0567772,1.0767773,2.7367773,1.9967773,1.2767774,0.93677735,0.48677734,0.10677734,0.5867773,0.45677733,0.36677733,2.0167773,3.3967774,3.3667774,3.2267773,3.4067774,2.9167774,3.0967774,3.7167773,3.5967774,3.5767775,3.5767775,2.9467773,4.5967774,5.2867775,3.6067774,4.5767775,2.4367774,1.0367774,-0.38322267,0.88677734,3.8067772,3.4767773
-0.16322266,-0.93322265,-1.2032226,1.1067773,0.85677737,0.61677736,0.99677736,1.0167774,1.3667773,1.6967773,1.9367774,1.7367773,0.19677734,1.1967773,0.87677735,0.88677734,-0.013222656,0.23677735,0.69677734,0.7767773,1.1567774,0.27677736,0.46677735,1.1167773,2.7067773,2.3167772,2.4967773,2.2667773,3.5067773,2.8567774,3.7767773,4.2767773,4.5767775,4.436777,7.436777,7.5067773,3.7867773,3.3267775,3.0467772,1.9167774,0.79677737
1.1867774,0.5867773,0.82677734,-0.0032226562,0.89677733,0.16677734,0.036777344,0.35677734,0.70677733,1.2667774,1.1967773,0.49677736,0.23677735,1.2867774,0.7767773,0.76677734,1.2167773,1.4267774,1.8667773,1.7367773,1.7367773,1.3667773,1.6767774,1.6867774,1.8567773,1.5567774,1.6667774,1.4067774,0.75677735,0.50677735,0.9667773,3.1567774,3.7467773,5.1567774,5.9867773,9.056777,9.836778,6.1367774,3.2467773,2.7267773,1.7767774
1.9567773,1.4767773,1.6667774,1.7367773,1.7167773,0.87677735,0.74677736,0.85677737,0.87677735,1.1667774,1.0167774,0.51677734,1.2767774,0.44677734,0.21677734,-0.12322266,-0.36322266,0.37677735,0.49677736,1.1267773,1.1567774,1.6167773,1.7967774,1.4667773,1.7267773,2.0667772,1.5167774,1.3367773,1.3667773,1.0767773,1.5567774,1.1967773,0.55677736,3.5367773,6.436777,6.7067776,8.316777,5.4467773,6.6367774,4.1567774,1.9467773
2.7467773,2.2267773,1.1767774,2.1667774,1.6167773,1.1767774,1.1167773,1.5567774,1.4567773,1.0867773,1.5067773,0.64677733,1.0267774,0.79677737,0.47677734,0.6667774,0.48677734,0.19677734,0.16677734,0.31677735,0.20677735,1.5067773,1.6067773,1.3767773,1.2767774,1.1167773,0.45677733,1.2567773,0.25677735,-0.08322266,1.5867773,1.9767773,1.6467774,1.0767773,1.2967774,5.7467775,6.0267773,5.4667773,6.0267773,6.106777,7.106777
1.6467774,2.4467773,2.3067772,2.1867774,1.7867774,1.5767773,1.5167774,1.8467773,1.7367773,1.3567773,1.2567773,2.0167773,1.1067773,0.79677737,0.37677735,-0.093222655,-0.12322266,0.68677735,0.5967773,0.31677735,0.5867773,-0.07322266,-0.043222655,-0.21322265,0.95677733,1.6867774,2.1967773,1.0567774,1.1767774,0.35677734,-0.37322265,1.6567774,2.3067772,2.3267775,2.2967772,1.9267774,5.7867775,7.5467772,8.236777,7.126777,5.936777
