wind_kz.json
{"header": {"discipline":0,"disciplineName":"Meteorological products","gribEdition":2,"gribLength":1025,"center":7,"centerName":"US National Weather Service - NCEP(WMC)","subcenter":0,"refTime":"2023-09-09T18:00:00.000Z","significanceOfRT":1,"significanceOfRTName":"Start of forecast","productStatus":0,"productStatusName":"Operational products","productType":1,"productTypeName":"Forecast products","productDefinitionTemplate":0,"productDefinitionTemplateName":"Analysis/forecast at horizontal level/layer at a point in time","parameterCategory":2,"parameterCategoryName":"UnknownDiscipline_0_Category_2","parameterNumber":3,"parameterNumberName":"UnknownParameter_D0_C2_3","parameterUnit":"Unknown","genProcessType":2,"genProcessTypeName":"Forecast","forecastTime":240,"surface1Type":103,"surface1TypeName":"Specified height level above ground","surface1Value":10.0,"surface2Type":255,"surface2TypeName":"Missing","surface2Value":0.0,"gridDefinitionTemplate":0,"gridDefinitionTemplateName":"Latitude_Longitude","numberPoints":615,"shape":6,"shapeName":"Earth spherical with radius of 6,371,229.0 m","gridUnits":"degrees","resolution":48,"winds":"true","scanMode":64,"nx":41,"ny":15,"basicAngle":0,"lo1":47.0,"la1":41.0,"lo2":87.0,"la2":55.0,"dx":1.0,"dy":1.0}, "data":
[rows 0 to 14 of 15, columns 0 to 40 of 41]
0.27905092,-0.4309491,-0.7109491,-3.830949,-1.4309491,-2.920949,-2.530949,-2.420949,-3.170949,-2.580949,-2.110949,-1.5009491,-1.850949,-3.2309492,-3.380949,-4.690949,-4.6409492,-4.430949,-6.010949,-2.540949,-4.6009493,-3.780949,-1.850949,-1.1609491,-2.6809492,0.12905091,-1.600949,2.169051,0.119050905,0.9090509,-0.9409491,0.17905091,-1.980949,-0.8909491,-2.030949,-3.360949,-2.9509492,-5.760949,-6.290949,-8.800949,-0.4109491
3.379051,1.3290509,0.7290509,-0.8209491,-1.7909491,-2.390949,-2.7309492,-1.6309491,-1.5809491,-1.4409491,-1.9609491,-2.150949,-2.330949,-3.040949,-4.490949,-4.500949,-4.190949,-6.300949,-7.410949,-6.410949,-4.5809493,-3.9409492,0.2890509,1.7490509,1.5590509,1.7290509,-1.2909491,1.6990509,-1.3209491,0.8990509,3.5190508,3.159051,-0.9309491,-3.600949,-2.360949,-0.5409491,-1.9309491,-3.410949,-2.170949,-0.10094909,-9.490967E-4
1.7890509,5.8790507,2.2990508,1.1290509,0.4590509,-0.2009491,-0.2009491,-0.7209491,-1.2409492,-1.8309491,-2.2209492,-1.6609491,-2.660949,-3.640949,-5.270949,-2.420949,-3.4809492,-4.070949,-4.010949,-5.6409492,-6.3509493,-3.030949,-4.750949,-1.1509491,0.7390509,0.5690509,0.6590509,0.49905092,-0.2909491,2.619051,4.499051,2.0590508,2.149051,-0.9009491,-0.9509491,2.3190508,3.0290508,-1.090949,-1.4209491,0.1690509,1.9190509
1.1690509,0.9290509,-1.9309491,-1.590949,-0.1109491,0.019050904,1.0890509,0.9690509,0.91905093,1.519051,0.1390509,-1.3009491,-3.060949,-4.440949,-4.270949,-3.2309492,-2.820949,-1.2809491,-2.860949,-3.920949,-4.3909492,-2.9809492,-0.4309491,-2.620949,-1.7009491,-2.150949,-0.2409491,-2.0009491,-1.6509491,0.23905091,4.849051,0.5290509,-1.7109491,-1.590949,0.049050905,-0.25094908,1.7390509,3.5490508,-9.490967E-4,-0.7809491,-3.400949
-4.990949,-3.2009492,-2.130949,-3.1909492,-3.2609491,-3.7209492,0.6990509,-0.6009491,-2.070949,-1.5409491,2.449051,1.8590509,0.3290509,-1.6709491,-2.860949,-3.350949,-1.5309491,-2.620949,-1.8809491,-3.5109491,-4.750949,-3.5109491,-3.2209492,-3.610949,-3.600949,0.2590509,2.429051,1.3490509,-1.9509491,-0.7209491,1.4190509,1.4590509,3.0290508,2.7690508,-0.2809491,-0.4809491,0.7390509,3.189051,0.8690509,-5.3309493,-4.460949
5.4190507,2.659051,1.1090509,-0.040949095,-1.5209491,-3.060949,-1.8009491,1.2190509,-1.5209491,-1.3209491,-1.8209491,2.609051,1.769051,0.6190509,-0.050949097,-1.3909491,-2.160949,-0.9709491,-1.5809491,-3.0209491,-4.1209493,-2.9709492,-3.280949,0.4690509,-1.5809491,-2.610949,0.7990509,2.869051,2.139051,1.5490509,3.0690508,2.9890509,2.389051,2.469051,2.429051,2.849051,2.339051,0.17905091,-3.2009492,1.9490509,-2.4809492
3.389051,2.599051,2.7290509,2.089051,1.769051,-0.4809491,-1.0409491,1.9790509,1.1290509,2.0290508,1.6790509,0.9090509,0.079050906,-0.83094907,-0.8809491,2.719051,0.9690509,1.279051,-1.590949,-2.7609491,-3.2009492,-3.350949,-2.7209492,-2.550949,0.4090509,2.859051,0.6590509,2.219051,0.9990509,2.349051,3.159051,1.409051,1.8290509,2.3090508,-0.2409491,-0.7309491,-1.480949,0.8590509,-0.44094908,1.8690509,0.4590509
-0.2309491,-0.3409491,1.3790509,2.849051,2.5490508,3.5490508,2.439051,1.9290509,0.6790509,0.5790509,1.7390509,1.4390509,0.029050903,-0.5309491,-1.8909491,-0.8009491,2.949051,2.909051,1.2890509,-0.040949095,-1.9109491,-2.910949,-3.2109492,-1.2509491,-1.9109491,-1.0509491,-1.8109491,-0.1109491,1.5890509,2.4890509,1.7390509,2.949051,2.0690508,4.069051,3.0390508,2.2790508,3.469051,2.669051,1.9190509,0.6090509,-0.3709491
-0.1109491,-0.6509491,-1.9009491,-3.0009491,-3.110949,-0.8709491,1.4490509,1.7190509,1.5990509,1.399051,0.3190509,0.4290509,1.8090509,4.3990507,4.069051,2.669051,1.6790509,1.6990509,2.959051,2.859051,1.6690509,-0.5409491,-2.0109491,-2.140949,0.4690509,-0.1909491,-0.5909491,-0.25094908,-9.490967E-4,0.5090509,0.4890509,-0.3809491,3.7690508,6.739051,4.799051,2.969051,-1.1709491,2.2390509,1.9890509,1.5090508,0.4290509
-0.9409491,-1.4909492,-1.9909492,-3.040949,-1.610949,-1.3909491,-1.9109491,-2.350949,0.2890509,1.0990509,0.23905091,-0.1409491,1.029051,2.2390509,4.309051,3.659051,3.889051,2.609051,3.579051,2.7690508,3.209051,2.679051,1.3690509,-0.2409491,2.629051,0.7290509,-1.0109491,-0.10094909,0.3190509,2.129051,2.0190508,0.119050905,-1.8309491,-0.10094909,3.5090508,2.219051,0.8190509,-1.8309491,1.2090509,2.949051,3.0190508
0.9090509,-0.9909491,1.139051,-1.840949,-1.0009491,-1.5609491,-2.100949,-4.190949,-0.2609491,0.2490509,0.119050905,-0.2009491,-0.5009491,0.5890509,1.899051,3.099051,2.409051,3.589051,3.5390508,2.409051,2.939051,3.679051,2.099051,0.9790509,2.8190508,1.7490509,0.6090509,0.4090509,0.2490509,-0.3909491,1.269051,2.8090508,-1.0109491,-1.0509491,4.979051,2.2790508,1.3490509,2.3190508,1.4690509,1.2190509,0.3490509
-1.3909491,-0.5709491,0.3690509,-0.6309491,-0.3609491,0.3790509,0.8090509,-0.1209491,-1.110949,-0.9409491,-0.040949095,-0.10094909,0.23905091,-0.6709491,0.019050904,2.119051,4.449051,4.119051,3.859051,3.4990509,3.5690508,3.349051,3.0490508,1.7490509,1.0490509,1.5490509,0.27905092,0.7090509,-0.3109491,-0.18094909,1.5490509,4.759051,2.0390508,-0.4209491,4.259051,3.2390509,3.4990509,3.389051,2.419051,2.139051,1.0090508
-3.670949,-4.380949,-6.510949,-4.550949,-4.240949,-2.4809492,-2.4609492,-2.7109492,-1.340949,-0.3209491,0.2190509,0.2490509,2.149051,1.7390509,1.6790509,0.7890509,2.2390509,4.299051,4.889051,4.029051,4.179051,4.1290507,3.399051,2.829051,1.779051,1.5890509,-9.490967E-4,-0.1209491,-1.2609491,1.889051,4.219051,4.259051,2.929051,1.5490509,5.219051,3.5390508,3.449051,1.909051,2.5090508,1.0890509,0.49905092
-4.190949,-4.3109493,-5.770949,-5.410949,-6.160949,-6.020949,-5.690949,-5.8309493,-5.0809493,-5.990949,-4.1209493,-1.5009491,-1.110949,2.139051,2.329051,2.189051,1.399051,3.5590508,4.239051,4.3790507,4.6290507,4.639051,4.139051,3.4790509,2.2990508,1.7490509,1.0690509,-0.7309491,-1.0309491,2.2690508,2.5590508,1.8390509,3.5290508,4.769051,3.329051,2.869051,2.109051,1.0090508,2.0290508,1.4490509,1.0890509
-1.9509491,-3.9709492,-6.840949,-4.500949,-5.430949,-3.860949,-4.530949,-5.180949,-5.340949,-4.570949,-3.4609492,-3.560949,-2.150949,-4.380949,-0.090949096,3.189051,3.139051,3.449051,4.089051,4.729051,4.459051,4.209051,4.1090508,3.329051,3.139051,2.419051,1.159051,-0.020949097,-0.5209491,1.5590509,1.899051,0.7790509,2.839051,3.2690508,4.059051,3.7790508,2.719051,2.869051,1.7490509,2.219051,0.5090509
