wind.json
{"header": {"discipline":0,"disciplineName":"Meteorological products","gribEdition":2,"gribLength":1211,"center":7,"centerName":"US National Weather Service - NCEP(WMC)","subcenter":0,"refTime":"2023-06-30T06:00:00.000Z","significanceOfRT":1,"significanceOfRTName":"Start of forecast","productStatus":0,"productStatusName":"Operational products","productType":1,"productTypeName":"Forecast products","productDefinitionTemplate":0,"productDefinitionTemplateName":"Analysis/forecast at horizontal level/layer at a point in time","parameterCategory":2,"parameterCategoryName":"UnknownDiscipline_0_Category_2","parameterNumber":2,"parameterNumberName":"UnknownParameter_D0_C2_2","parameterUnit":"Unknown","genProcessType":2,"genProcessTypeName":"Forecast","forecastTime":300,"surface1Type":103,"surface1TypeName":"Specified height level above ground","surface1Value":10.0,"surface2Type":255,"surface2TypeName":"Missing","surface2Value":0.0,"gridDefinitionTemplate":0,"gridDefinitionTemplateName":"Latitude_Longitude","numberPoints":688,"shape":6,"shapeName":"Earth spherical with radius of 6,371,229.0 m","gridUnits":"degrees","resolution":48,"winds":"true","scanMode":64,"nx":43,"ny":16,"basicAngle":0,"lo1":45.0,"la1":40.0,"lo2":87.0,"la2":55.0,"dx":1.0,"dy":1.0}, "data":
[rows 0 to 15 of 16, columns 0 to 42 of 43]
0.4699597,-1.4300402,-4.8700404,-0.91004026,-4.0500402,-0.9200403,2.7799597,3.2199597,2.0499597,2.2899597,6.7199597,3.7199597,1.7699597,-4.6600404,-4.5200405,-2.1300402,-2.9800403,-2.8800402,-1.2900403,-1.4100403,-2.9000404,-2.3400402,-4.4700403,1.6199597,1.0199597,1.4199597,-0.30004027,-0.18004028,0.17995971,1.1799598,1.1999598,0.4999597,-1.0800403,-5.65004,-5.8700404,-4.40004,-1.6600403,-2.2700403,-0.27004027,-1.1400403,2.2299597,2.4399598,6.5299597
1.8899597,10.519959,5.90996,-1.4600403,1.7999597,6.84996,6.26996,6.03996,5.6999598,6.36996,6.2999597,6.0699596,-0.90004027,-3.5400403,-2.7000403,-5.13004,-3.7500403,-1.9300402,-0.17004028,-1.1500403,-1.7700403,-2.2800403,-3.0000403,-0.8700403,0.58995974,-1.5700402,2.0799596,-2.7800403,-3.3100402,-1.1300403,1.4499598,0.12995972,0.7599597,1.2699597,1.2599597,1.6699597,-2.3800402,-1.1400403,-0.6800403,-0.97004026,1.8299598,-0.97004026,-10.38004
5.0499597,-1.1100403,1.1899598,2.1099596,5.24996,8.29996,7.82996,7.2799597,6.9399595,3.2299597,6.6299596,1.6299597,-3.0300403,-3.2800403,-4.34004,-5.13004,-3.7100403,-1.4600403,1.6399597,-0.3200403,-1.9200402,-2.7400403,-3.1800404,-3.0700402,-2.0300403,-2.9400403,-0.7300403,0.08995972,-1.4700403,-0.20004028,-1.4000403,-1.7100403,0.109959714,0.65995973,0.9399597,-2.4500403,0.5599597,0.70995975,1.1699597,0.6899597,0.12995972,1.8799597,0.9499597
0.8299597,0.7599597,4.92996,14.74996,13.309959,11.45996,7.80996,6.32996,3.3299596,3.7599597,0.8799597,0.069959715,-2.4000404,-4.73004,-4.9900403,-5.5200405,-4.17004,-1.0600402,-0.3800403,-1.4900403,-2.3000402,-2.7100403,-2.2700403,-2.1500404,-3.4500403,-4.1200404,-0.8300403,-0.8300403,1.2599597,2.8099597,-3.2900403,-0.46004027,-0.30004027,2.2999597,0.31995973,-0.030040283,0.47995973,-1.6000403,0.4699597,0.21995972,-0.8300403,1.3299598,-0.15004028
4.3599596,6.6899595,6.9199595,13.94996,14.91996,9.28996,7.67996,4.40996,5.61996,4.49996,3.5799596,3.0099597,-4.38004,-6.86004,-6.25004,-5.50004,-5.09004,-0.8600403,-6.50004,-4.5200405,-6.3100405,-6.5400405,-5.9300404,-7.19004,-8.87004,-3.8800402,-4.7700405,-6.2200403,-6.57004,-6.4100404,-0.3100403,-0.72004026,-0.9900403,-1.6700402,-3.2000403,-3.6900403,-3.1600404,-2.6900403,-0.39004028,-0.7400403,1.9699597,1.6999598,2.6799598
3.4499598,2.3599596,13.32996,18.47996,12.54996,9.32996,8.44996,6.6699595,6.88996,5.9899597,7.2999597,3.2099597,-5.7200403,-5.8000402,-2.2800403,-7.09004,-7.9100404,-6.36004,-5.0300403,-3.9100404,-3.7900403,-2.7600403,-4.90004,-3.9200404,-3.4900403,-2.6400404,-1.3800403,-1.9000403,-3.8800402,-2.8600402,-3.9900403,-2.6800404,-6.3500404,-3.2400403,-2.4300404,0.44995973,5.38996,3.8199596,4.30996,2.0999596,4.32996,4.1499596,1.6899598
6.4899597,7.7599597,13.75996,3.8199596,2.9399598,8.65996,11.31996,8.25996,6.9199595,7.2099595,4.9699597,-7.7700405,-7.7900405,-6.7600403,-8.09004,-9.320041,-8.150041,-5.09004,-4.6600404,-3.1200402,-3.5300403,-4.32004,-4.8500404,-4.23004,-2.6100402,-2.0200403,0.6699597,1.3899597,0.71995974,-0.27004027,-5.82004,-5.2200403,-6.44004,-5.9100404,-5.34004,-2.2600403,1.3599597,1.5899597,2.1399598,3.1799598,4.6899595,2.6299598,-8.56004
1.4699597,3.5999596,2.9099598,5.34996,9.94996,10.14996,9.27996,6.2999597,4.5699596,3.2299597,-3.0900402,-7.32004,-6.7200403,-8.26004,-9.20004,-8.87004,-7.00004,-6.42004,-4.7200403,-2.9500403,-1.5900403,-4.6000404,-5.2800403,-4.38004,-3.8300402,-2.4300404,-2.0000403,-1.8600403,-5.48004,-7.0200405,-6.19004,-3.7400403,-4.6800404,-3.6600404,-1.9700403,-3.5500402,0.71995974,-1.5900403,-0.5500403,1.7299597,0.21995972,0.5599597,6.3999596
0.7999597,4.7299595,2.5999596,5.5499597,2.8099597,0.009959716,0.96995974,-4.67004,-6.48004,-6.3900404,-10.54004,-10.780041,-10.190041,-10.31004,-8.95004,-7.4900403,-6.38004,-4.2700405,-4.4700403,-3.8300402,-3.0600402,-3.7900403,-3.6300402,-3.2800403,-2.7600403,-2.7400403,-3.0200403,-3.7100403,-4.50004,-4.88004,-6.9100404,-6.84004,-6.2800403,-4.4300404,-4.69004,-2.0600402,-2.4400403,1.4599597,3.7099597,4.90996,5.65996,8.62996,1.6899598
2.7499597,4.1299596,2.9299598,-4.5100403,-4.21004,-5.5100403,-7.90004,-9.79004,-13.030041,-13.280041,-10.64004,-10.21004,-8.730041,-8.320041,-6.40004,-5.65004,-4.6600404,-3.8800402,-3.9500403,-2.8000402,-3.7500403,-3.3600402,-3.7600403,-2.8400402,-2.8600402,-2.0600402,-2.8200402,-2.3900404,-2.7700403,-2.8400402,-2.0100403,-1.9500403,-2.6800404,-1.7600403,-1.0600402,-0.8100403,-1.9200402,1.0199597,1.2699597,-2.0900402,0.069959715,1.1399597,-0.7500403
-5.5300403,-4.67004,-4.57004,-2.0600402,-7.38004,-2.7300403,-5.3900404,-7.9300404,-10.72004,-10.980041,-10.75004,-6.94004,-7.3300405,-7.69004,-6.13004,-3.7900403,-3.8700402,-3.1400404,-2.8300402,-2.7400403,-2.9400403,-2.7200403,-2.5800402,-2.4400403,-2.0900402,-1.9000403,-2.1600404,-2.5100403,-2.8000402,-2.5300403,-2.3000402,-2.3400402,-0.48004028,1.0499597,3.1899598,-0.09004028,-1.3300403,1.2999597,0.8899597,1.0999597,0.2799597,1.3499597,0.95995975
-5.2600403,-2.7700403,-3.5700402,-6.69004,-4.8900404,-6.4700403,-5.9700403,-7.5300403,-5.1600404,-7.1000404,-5.8900404,-6.2900405,-4.1600404,-3.0000403,-4.0300403,-3.8300402,-2.6100402,-1.6400403,-2.0200403,-2.4300404,-2.5500402,-1.3000402,-1.2000403,-0.9500403,-0.2500403,-1.3300403,-0.36004028,-1.5300403,-0.9800403,-1.5700402,-0.5600403,0.7899597,-0.46004027,0.89995974,-2.5000403,-1.9700403,-1.3700403,-0.3400403,-0.40004027,0.5399597,0.18995972,-0.15004028,-0.010040283
-2.5700402,0.13995972,0.5399597,-1.9800403,-5.0400405,-5.0300403,-5.63004,-4.7900405,-4.6600404,-4.5100403,-3.2400403,-2.7600403,-2.4900403,-1.0300403,-1.2400403,0.38995972,0.58995974,0.8299597,1.3499597,1.5299597,1.2699597,2.4399598,2.6699598,2.9499598,2.4499598,1.9199597,0.9299597,-0.24004029,1.1799598,0.52995974,0.8099597,1.8599597,1.8699597,-1.2500403,-1.9500403,-0.5600403,-0.78004026,0.83995974,0.71995974,0.08995972,0.049959715,0.65995973,0.7999597
-1.7100403,-2.6000402,-1.7500403,-1.8900403,-3.2500403,-3.3600402,-3.1300402,-2.1700404,-2.6500404,-2.3900404,-2.4300404,-1.5700402,-1.0700402,-0.09004028,1.1299597,1.5799598,2.9699597,3.1499598,3.2699597,3.1899598,3.3599596,1.8299598,0.65995973,1.2099597,2.5299597,3.2899597,2.6699598,3.0899596,1.7699597,-0.15004028,0.6099597,1.5599598,-2.8300402,-2.0900402,-0.78004026,0.5499597,-1.6400403,0.11995972,1.2799597,0.21995972,1.8599597,1.2599597,0.9399597
-1.2100403,-0.8100403,-0.9400403,-2.3300402,-0.030040283,-1.4400402,-1.6600403,-1.7200403,-1.6200403,-2.3600402,-0.39004028,-0.5100403,-0.9400403,-0.53004026,0.069959715,0.4699597,-0.050040282,-2.4500403,-2.1000402,-0.18004028,1.3299598,2.5999596,3.0099597,3.2299597,3.3399596,3.5099597,4.13996,4.5299597,3.2599597,1.9799597,1.1899598,-1.7600403,-1.7600403,-1.8900403,-0.60004026,-1.9700403,-2.4400403,-1.7600403,-1.0200403,-0.10004029,-0.7100403,0.4099597,1.5099597
0.4399597,-0.4400403,-1.4800403,-2.2300403,-1.8400403,-3.9900403,-3.2200403,-2.7600403,-2.5100403,-2.9200404,-1.1300403,-2.7200403,-2.5800402,-1.1200403,0.25995973,1.2199597,-0.9600403,-2.2800403,-1.2600403,-0.2500403,-0.26004028,1.0599598,1.6799598,1.8299598,2.2799597,2.7299597,3.3299596,3.6299598,2.1099596,-0.43004027,0.9299597,-1.2600403,-0.7400403,-0.66004026,-0.8300403,-1.4100403,-0.9200403,2.0399597,0.31995973,0.8699597,1.6299597,1.6299597,0.71995974
