wind_kz.json
{"header": {"discipline":0,"disciplineName":"Meteorological products","gribEdition":2,"gribLength":1025,"center":7,"centerName":"US National Weather Service - NCEP(WMC)","subcenter":0,"refTime":"2023-08-27T18:00:00.000Z","significanceOfRT":1,"significanceOfRTName":"Start of forecast","productStatus":0,"productStatusName":"Operational products","productType":1,"productTypeName":"Forecast products","productDefinitionTemplate":0,"productDefinitionTemplateName":"Analysis/forecast at horizontal level/layer at a point in time","parameterCategory":2,"parameterCategoryName":"UnknownDiscipline_0_Category_2","parameterNumber":3,"parameterNumberName":"UnknownParameter_D0_C2_3","parameterUnit":"Unknown","genProcessType":2,"genProcessTypeName":"Forecast","forecastTime":0,"surface1Type":103,"surface1TypeName":"Specified height level above ground","surface1Value":10.0,"surface2Type":255,"surface2TypeName":"Missing","surface2Value":0.0,"gridDefinitionTemplate":0,"gridDefinitionTemplateName":"Latitude_Longitude","numberPoints":615,"shape":6,"shapeName":"Earth spherical with radius of 6,371,229.0 m","gridUnits":"degrees","resolution":48,"winds":"true","scanMode":64,"nx":41,"ny":15,"basicAngle":0,"lo1":47.0,"la1":41.0,"lo2":87.0,"la2":55.0,"dx":1.0,"dy":1.0}, "data":
[rows 0 to 14 of 15, columns 0 to 40 of 41]
1.0625513,-0.93744874,0.43255126,8.822552,5.152551,0.63255125,-3.1274488,-2.6074488,0.9825513,-1.6574488,-1.2474487,-1.6374488,-1.7474487,-2.7274487,-3.7774487,-3.1574488,-5.347449,-0.91744876,-1.8874488,-1.4074488,-2.7074487,-1.0374488,-1.4274487,0.47255126,-1.6674488,-2.6074488,-0.17744873,2.8825512,-1.9274487,-0.48744872,1.1725513,0.08255127,0.14255127,-2.9474487,-3.5074487,-0.28744873,-5.137449,-2.7274487,-3.3674488,0.0125512695,-1.9574487
3.3925512,2.0625513,1.3725513,4.8025513,4.6825514,-0.54744875,-3.8174486,-2.8874488,-1.5474488,-1.0274488,-2.5474486,-2.1974487,-2.5974488,-2.3974488,-3.1774487,-4.0674486,-5.017449,-4.847449,-5.0474486,-1.7774488,-2.0374486,-3.5574486,3.8125513,3.7125514,1.5925512,3.0625513,0.82255125,2.8825512,-0.30744874,2.9025512,4.272551,4.002551,2.3325512,2.7925513,0.9625513,0.95255125,-1.5974487,-2.3774488,-2.0974488,-2.1574488,4.5125513
2.4825513,4.712551,3.6225512,3.4325514,2.1225512,-1.3374487,-1.2474487,-0.15744872,-1.6774487,-1.5374488,-1.9474487,-1.9874487,-2.5374486,-0.9774487,-1.1874487,-1.4974487,-2.0974488,-2.2274487,-2.1074488,-2.8874488,-2.8774488,-1.7774488,0.26255128,4.0825515,2.6425512,1.4525512,3.2225513,1.8125513,-1.4474487,-0.94744873,0.5425513,-0.36744872,-0.26744872,-0.38744873,-0.79744875,0.6025513,-0.14744873,-0.68744874,0.55255127,1.3825513,2.2525513
1.9425513,2.7925513,2.0725513,0.82255125,-1.5774487,-3.0974488,-3.6674488,-3.8474488,-4.037449,-4.4474487,-1.3374487,-2.3174486,-4.9674487,-4.4174485,-0.11744873,0.27255127,-0.43744874,-0.79744875,-1.3274487,-1.7074487,-1.4774487,0.02255127,-2.1374488,3.7725513,3.9125512,2.4725513,4.292551,4.7425513,3.8925512,-1.2874488,-5.0274487,-6.8174486,-1.3374487,3.7725513,-2.7474487,-0.8274487,0.6125513,2.0425513,1.9525512,1.0325513,1.6625513
4.3025513,5.6025515,5.4525514,3.8325512,1.8925513,-0.8474487,-1.5974487,-1.2574487,-0.55744874,-2.0274487,-2.6474488,-0.54744875,-4.4174485,-4.287449,-4.077449,0.03255127,0.44255126,-0.80744874,-1.1974487,-3.6374488,2.6725512,1.3925513,-0.8274487,0.12255127,3.8925512,4.9325514,5.3525515,5.692551,2.4825513,3.7125514,2.0625513,-1.4574487,-1.8074487,0.42255127,1.0825512,-2.1574488,-6.1974487,1.4725512,0.02255127,1.4425513,1.0225513
5.0725513,4.3225513,6.022551,5.612551,4.382551,2.6525512,0.40255126,-0.43744874,-2.6874487,0.05255127,-1.4474487,-3.1174488,-5.0274487,-6.6674485,-4.727449,-0.37744874,-3.4674487,-5.6474485,-3.2774487,-2.3374488,-3.1374488,0.22255127,3.3425512,1.1825513,7.4925513,6.252551,3.0825512,4.652551,3.8225513,3.7925513,4.632551,1.6825513,-1.3674487,2.7325513,2.1425512,-2.0974488,0.20255128,-0.93744874,-3.4374487,-4.5674486,-4.2374487
2.4925513,2.7025514,2.6525512,4.6425514,3.7325513,2.6225512,2.1325512,3.7025514,0.13255127,0.49255127,0.08255127,-1.8374487,-4.077449,-3.5574486,-5.6074486,1.2925513,-1.5274488,-2.0274487,-3.1574488,-5.3374486,-2.0774488,-0.15744872,2.1025512,3.4825513,5.0625515,4.292551,3.3925512,3.8625512,1.4425513,4.0125513,6.1425514,2.8225513,-0.28744873,-0.9774487,-3.9374487,-0.20744874,-2.4374487,-0.54744875,0.42255127,-1.2074487,-2.0674486
2.3825512,4.132551,4.0125513,0.89255124,-0.9574487,2.2025514,3.1025512,3.4725513,2.6925514,3.0225513,0.21255127,-0.16744873,-1.3774487,-2.7374487,-3.0174487,-1.3874488,-2.0174487,-1.6274487,-1.9674487,-3.2774487,-4.4474487,-4.117449,3.1725512,1.7925513,6.442551,5.0325513,5.632551,2.6425512,1.8325512,2.3225513,7.542551,6.2025514,0.06255127,-0.29744872,0.11255127,2.0625513,0.89255124,1.1625513,-0.18744873,2.0025513,-2.1574488
0.03255127,1.9125513,1.6125512,1.1625513,-0.01744873,-1.2674488,0.76255125,2.1425512,2.5525513,1.5925512,-0.19744873,0.6625513,-1.5274488,-3.0074487,-1.7474487,-1.2774488,-1.5774487,-4.4174485,2.2225513,-0.62744874,-2.5074487,-3.5574486,-2.2374487,-0.68744874,7.0125513,4.8925514,4.1225514,1.4125513,1.0725513,3.9125512,6.3725514,6.2825513,6.6825514,3.8025513,1.4725512,0.7325513,-1.2574487,1.2125512,-0.62744874,-1.3174487,-0.8874487
-0.79744875,2.3025513,3.2425513,2.5725513,0.39255127,-0.32744873,-0.49744874,3.6025512,3.4225512,2.5725513,0.6025513,1.2425513,-0.02744873,-2.2074487,-2.0974488,-1.1974487,-5.117449,-2.4074488,-0.60744876,0.16255127,-2.0574486,-4.037449,-2.0774488,2.8625512,4.0625515,6.002551,4.4925513,4.7625513,2.3325512,0.49255127,0.89255124,1.8525512,3.2925513,5.442551,3.6225512,2.4925513,1.2825513,-1.0474488,-0.56744874,1.2225512,1.4525512
-2.5674486,-0.73744875,0.21255127,1.7225512,1.3825513,0.9125513,1.4825512,2.6825514,2.3025513,1.8725513,1.2725513,1.1125512,-0.24744873,-0.6474487,-0.7674487,2.1525512,-0.87744874,-1.8274487,-3.9674487,-5.657449,-1.6174487,-5.9174485,-4.4674487,4.172551,2.6725512,5.5525513,4.422551,4.0525513,4.522551,-0.86744875,1.9925513,0.15255126,-1.2074487,-1.5074487,0.11255127,1.2025512,0.99255127,3.5325513,2.6325512,1.6625513,0.7725513
-2.4874487,-1.7474487,-1.1374488,0.37255126,0.95255125,-0.08744873,0.7125513,0.14255127,2.0425513,2.0325513,2.4325514,0.88255125,-0.02744873,-1.2374487,0.9025513,1.9525512,-0.38744873,-2.2474487,-3.1774487,-3.7374487,-3.0174487,-3.3974488,-3.8874488,-3.7474487,-1.9074488,1.0125513,1.3325512,3.4025512,3.1325512,-0.39744872,2.5725513,1.4525512,-0.06744873,-0.7874487,-2.1674488,-3.8674488,0.55255127,2.6925514,2.5925512,2.1125512,0.7125513
-2.5474486,-2.2874486,-2.0074487,-1.5274488,-0.92744875,1.1225513,2.0025513,3.6125512,2.8125513,0.93255126,2.0425513,1.3225513,0.76255125,-0.8274487,1.2825513,3.1225512,0.8525513,-1.8974488,-2.1974487,-3.0074487,-3.0774488,-2.5474486,-4.1074486,-3.1874487,-4.6974487,-2.8074486,1.2225512,1.9525512,1.2125512,0.10255127,-1.5574487,1.6325513,1.1925513,1.8725513,1.5125513,-0.9774487,-0.9074487,-0.7174487,-2.0674486,-0.28744873,-0.17744873
-2.0974488,-3.1074488,-3.0774488,-2.2974486,-3.7274487,-5.137449,3.3525512,4.6225514,3.0325513,2.2825513,3.2725513,1.3825513,0.63255125,1.0125513,2.1025512,1.5025513,0.21255127,-0.21744873,-1.6374488,-1.9374487,-3.2674487,-1.7774488,-2.9174488,-3.8274488,-2.9674487,-3.6774487,-3.9774487,0.19255127,1.3125513,-0.8274487,-0.6574487,1.3025513,1.1325513,1.2825513,0.11255127,0.30255127,-0.15744872,-1.1074487,-0.85744876,-0.36744872,-1.2574487
-3.6074488,-5.157449,-6.6474485,-3.1974487,-2.8174486,-1.3674487,-0.21744873,-2.9774487,1.8325512,1.4425513,-1.1374488,2.5525513,2.2725513,-0.49744874,1.3325512,2.0825512,0.63255125,0.32255128,-0.61744875,-0.02744873,-2.2774487,-3.0874488,-4.7174487,-0.56744874,-1.0974487,-2.2674487,-2.5874488,-1.8174487,2.1325512,1.5325513,2.1125512,0.27255127,0.15255126,0.6625513,0.20255128,-0.55744874,-0.8274487,-0.91744876,-0.08744873,0.16255127,0.042551268
