wind_kz.json
{"header": {"discipline":0,"disciplineName":"Meteorological products","gribEdition":2,"gribLength":871,"center":7,"centerName":"US National Weather Service - NCEP(WMC)","subcenter":0,"refTime":"2023-09-24T00:00:00.000Z","significanceOfRT":1,"significanceOfRTName":"Start of forecast","productStatus":0,"productStatusName":"Operational products","productType":1,"productTypeName":"Forecast products","productDefinitionTemplate":0,"productDefinitionTemplateName":"Analysis/forecast at horizontal level/layer at a point in time","parameterCategory":0,"parameterCategoryName":"UnknownDiscipline_0_Category_0","parameterNumber":0,"parameterNumberName":"UnknownParameter_D0_C0_0","parameterUnit":"Unknown","genProcessType":2,"genProcessTypeName":"Forecast","forecastTime":120,"surface1Type":1,"surface1TypeName":"Ground or water surface","surface1Value":0.0,"surface2Type":255,"surface2TypeName":"Missing","surface2Value":0.0,"gridDefinitionTemplate":0,"gridDefinitionTemplateName":"Latitude_Longitude","numberPoints":615,"shape":6,"shapeName":"Earth spherical with radius of 6,371,229.0 m","gridUnits":"degrees","resolution":48,"winds":"true","scanMode":64,"nx":41,"ny":15,"basicAngle":0,"lo1":47.0,"la1":41.0,"lo2":87.0,"la2":55.0,"dx":1.0,"dy":1.0}, "data":
[rows 0 to 14 of 15, columns 0 to 40 of 41]
287.3299,280.8299,284.62988,293.8299,293.8299,293.12988,292.3299,292.7299,289.42987,289.7299,290.12988,290.62988,290.3299,292.2299,291.2299,287.52988,287.62988,287.8299,284.8299,287.3299,288.92987,286.3299,288.52988,284.12988,284.3299,286.42987,284.7299,273.02988,273.7299,274.3299,273.92987,274.3299,282.92987,287.92987,288.7299,288.92987,289.12988,288.3299,288.12988,287.52988,285.7299
271.7299,284.52988,293.12988,293.7299,293.42987,292.2299,291.02988,290.02988,288.92987,289.62988,290.52988,292.3299,290.62988,291.62988,290.02988,286.42987,287.2299,290.52988,284.92987,286.02988,286.02988,286.92987,285.62988,281.7299,273.2299,273.8299,279.42987,272.62988,272.62988,270.62988,275.62988,268.3299,276.2299,257.3299,273.3299,284.52988,283.52988,285.92987,288.12988,281.12988,283.7299
286.3299,293.12988,293.42987,293.12988,291.42987,290.12988,290.02988,289.2299,288.62988,291.52988,291.2299,292.12988,289.42987,291.62988,290.92987,287.12988,287.7299,289.2299,285.3299,286.2299,288.8299,287.2299,284.92987,282.42987,287.12988,290.12988,288.52988,286.42987,285.02988,278.62988,270.7299,272.92987,277.8299,277.3299,278.62988,278.52988,271.2299,272.52988,272.3299,269.8299,269.7299
287.62988,292.42987,293.3299,292.2299,291.02988,288.12988,289.52988,289.02988,288.92987,291.7299,287.8299,288.12988,291.12988,290.52988,287.7299,287.2299,288.3299,286.92987,289.52988,284.02988,289.92987,282.12988,288.02988,287.52988,289.62988,289.52988,290.7299,286.42987,285.62988,288.02988,287.92987,285.12988,289.42987,287.12988,285.2299,280.52988,270.7299,264.42987,273.02988,279.92987,282.8299
289.3299,291.92987,292.42987,291.62988,290.7299,289.02988,289.7299,288.62988,289.02988,288.92987,288.12988,286.52988,290.02988,289.02988,287.62988,287.02988,288.12988,290.62988,284.52988,287.3299,288.52988,288.62988,290.02988,286.02988,287.12988,287.2299,286.12988,286.92987,286.8299,287.3299,289.52988,286.12988,277.92987,270.62988,277.52988,284.62988,287.7299,285.7299,285.62988,285.62988,285.2299
288.8299,287.3299,290.8299,291.52988,291.8299,291.3299,288.42987,290.3299,288.52988,287.8299,288.02988,287.3299,289.42987,289.92987,288.3299,286.2299,287.92987,286.7299,287.62988,287.92987,287.62988,288.42987,291.2299,289.42987,286.62988,284.92987,285.02988,287.92987,288.8299,288.42987,288.12988,288.2299,287.12988,285.3299,283.3299,286.02988,277.92987,278.2299,281.62988,283.62988,283.12988
288.42987,287.8299,289.92987,289.42987,288.52988,287.62988,288.62988,288.12988,288.62988,288.52988,286.7299,286.2299,285.52988,285.3299,285.8299,286.12988,288.52988,288.2299,287.92987,288.52988,286.52988,288.2299,290.3299,289.52988,286.7299,286.02988,284.62988,286.8299,287.42987,288.12988,287.52988,286.62988,286.2299,285.92987,285.02988,282.12988,278.2299,274.62988,268.92987,270.8299,278.62988
287.7299,286.62988,287.7299,288.12988,288.2299,287.8299,287.3299,286.12988,285.52988,285.92987,285.3299,284.7299,284.2299,284.8299,285.52988,286.7299,287.02988,288.8299,288.62988,286.02988,284.7299,285.52988,285.92987,286.62988,285.52988,283.62988,283.3299,285.12988,284.2299,282.62988,282.8299,285.3299,284.3299,280.42987,278.12988,276.92987,278.7299,286.7299,279.02988,278.02988,274.2299
285.62988,284.8299,285.2299,284.8299,286.12988,285.7299,284.7299,285.62988,284.12988,283.52988,283.3299,283.2299,282.7299,286.52988,285.42987,286.8299,285.62988,285.2299,285.02988,283.8299,283.42987,284.02988,283.92987,285.12988,284.8299,283.7299,281.8299,280.7299,279.12988,279.8299,283.42987,284.12988,283.8299,283.42987,281.2299,277.3299,278.62988,276.02988,263.62988,262.92987,260.62988
283.52988,284.3299,283.7299,284.02988,284.12988,283.8299,284.02988,284.3299,283.52988,281.8299,281.7299,281.62988,282.42987,286.52988,283.52988,285.12988,286.42987,286.62988,282.8299,283.2299,282.12988,283.02988,283.62988,284.92987,285.2299,284.42987,284.3299,281.8299,280.3299,280.3299,278.7299,281.42987,283.02988,281.12988,279.52988,277.12988,276.3299,272.02988,268.3299,268.12988,262.52988
281.8299,281.52988,282.92987,282.7299,282.7299,282.62988,283.42987,283.2299,282.52988,281.52988,281.2299,281.62988,284.3299,284.92987,283.42987,284.7299,284.62988,284.8299,282.02988,281.3299,281.02988,281.62988,283.02988,282.8299,282.7299,282.52988,282.42987,282.62988,282.2299,282.52988,281.7299,281.7299,281.12988,281.2299,280.52988,278.8299,274.02988,268.8299,268.42987,270.3299,268.52988
280.7299,281.8299,282.92987,281.2299,281.52988,282.3299,281.52988,281.92987,282.42987,281.12988,279.3299,280.3299,281.8299,282.7299,281.42987,281.2299,283.42987,281.12988,283.62988,282.3299,282.62988,279.7299,280.42987,281.3299,281.3299,281.7299,283.12988,283.92987,282.7299,283.7299,280.92987,280.7299,281.7299,279.02988,279.02988,278.02988,277.62988,277.7299,276.3299,277.92987,276.3299
281.02988,281.8299,282.12988,282.02988,282.7299,282.62988,282.02988,283.2299,281.7299,279.8299,278.62988,277.12988,279.8299,279.02988,280.02988,280.42987,280.42987,280.2299,284.12988,282.62988,283.2299,282.2299,282.12988,282.2299,282.92987,283.7299,282.42987,280.92987,280.92987,280.2299,280.42987,279.7299,279.42987,279.52988,278.7299,277.2299,276.62988,277.52988,276.3299,275.8299,276.8299
281.2299,282.7299,284.62988,282.42987,282.42987,282.92987,283.42987,282.7299,282.02988,282.3299,279.7299,277.2299,277.3299,277.92987,278.92987,279.62988,279.62988,279.62988,282.52988,281.3299,282.42987,282.42987,280.2299,280.62988,282.92987,282.92987,283.8299,283.52988,282.2299,282.52988,281.8299,281.42987,281.02988,278.92987,278.02988,276.42987,276.52988,276.92987,277.2299,277.7299,278.62988
282.92987,283.52988,286.12988,282.52988,283.52988,284.42987,284.3299,283.52988,283.12988,281.62988,280.2299,278.2299,277.92987,277.8299,278.12988,279.02988,278.8299,278.7299,278.62988,279.2299,282.7299,282.02988,282.8299,281.7299,281.52988,280.7299,280.7299,281.3299,281.62988,281.42987,281.52988,281.7299,278.62988,277.7299,277.52988,277.3299,277.8299,276.2299,277.3299,278.52988,278.7299
