wind.json
{"header": {"discipline":0,"disciplineName":"Meteorological products","gribEdition":2,"gribLength":1039,"center":7,"centerName":"US National Weather Service - NCEP(WMC)","subcenter":0,"refTime":"2023-05-30T00:00:00.000Z","significanceOfRT":1,"significanceOfRTName":"Start of forecast","productStatus":0,"productStatusName":"Operational products","productType":1,"productTypeName":"Forecast products","productDefinitionTemplate":0,"productDefinitionTemplateName":"Analysis/forecast at horizontal level/layer at a point in time","parameterCategory":0,"parameterCategoryName":"UnknownDiscipline_0_Category_0","parameterNumber":0,"parameterNumberName":"UnknownParameter_D0_C0_0","parameterUnit":"Unknown","genProcessType":2,"genProcessTypeName":"Forecast","forecastTime":0,"surface1Type":1,"surface1TypeName":"Ground or water surface","surface1Value":0.0,"surface2Type":255,"surface2TypeName":"Missing","surface2Value":0.0,"gridDefinitionTemplate":0,"gridDefinitionTemplateName":"Latitude_Longitude","numberPoints":688,"shape":6,"shapeName":"Earth spherical with radius of 6,371,229.0 m","gridUnits":"degrees","resolution":48,"winds":"true","scanMode":64,"nx":43,"ny":16,"basicAngle":0,"lo1":45.0,"la1":40.0,"lo2":87.0,"la2":55.0,"dx":1.0,"dy":1.0}, "data":
[rows 0 to 15 of 16, columns 0 to 42 of 43]
279.7444,278.9444,292.3444,293.3444,293.9444,292.4444,291.4444,291.14438,300.7444,299.8444,299.2444,297.54437,297.8444,298.04437,297.04437,296.64438,296.04437,295.2444,293.4444,293.2444,293.04437,290.54437,287.7444,287.9444,288.04437,284.9444,286.54437,278.64438,269.7444,269.64438,274.3444,284.3444,285.54437,288.14438,289.3444,289.9444,291.14438,290.04437,290.64438,291.04437,291.2444,290.9444,290.4444
284.64438,293.04437,292.14438,287.54437,292.2444,289.9444,290.14438,290.04437,296.04437,299.3444,298.04437,297.54437,295.4444,297.3444,297.04437,296.2444,295.8444,292.4444,293.8444,292.3444,292.14438,290.7444,292.4444,289.4444,287.54437,286.04437,290.04437,290.54437,286.14438,269.9444,271.4444,270.14438,269.3444,269.64438,282.4444,288.14438,289.4444,288.9444,289.14438,288.3444,288.8444,290.3444,290.7444
286.54437,284.4444,275.54437,291.7444,289.4444,289.9444,289.4444,289.4444,298.14438,297.9444,295.8444,295.2444,295.3444,295.14438,295.54437,295.04437,293.14438,293.64438,291.9444,292.04437,290.9444,291.04437,291.9444,289.9444,286.2444,281.8444,268.3444,271.64438,279.14438,271.14438,275.54437,270.64438,276.2444,253.54439,274.9444,249.54439,259.3444,284.2444,282.54437,284.8444,288.8444,281.4444,282.64438
287.9444,289.54437,292.14438,290.54437,289.2444,289.3444,289.14438,297.8444,297.4444,296.4444,294.54437,293.7444,292.9444,294.14438,294.54437,293.7444,294.3444,294.04437,291.2444,289.9444,288.14438,289.14438,292.54437,291.2444,289.9444,281.7444,280.7444,281.9444,280.2444,281.04437,282.14438,275.3444,265.64438,269.54437,275.2444,275.2444,275.04437,276.4444,265.4444,272.7444,273.7444,270.14438,265.9444
292.54437,294.9444,290.04437,292.2444,290.54437,290.14438,292.04437,298.04437,297.2444,295.14438,294.4444,293.4444,292.2444,291.54437,291.04437,291.2444,293.64438,293.7444,292.4444,289.7444,290.9444,290.4444,290.2444,285.04437,286.4444,287.54437,287.54437,286.9444,286.7444,285.4444,281.9444,280.54437,281.04437,281.54437,287.2444,286.2444,284.14438,280.54437,272.04437,260.04437,274.7444,282.8444,286.14438
293.54437,294.3444,293.4444,294.04437,293.4444,293.8444,296.04437,299.2444,299.7444,297.2444,295.14438,293.9444,293.14438,291.2444,292.14438,291.64438,289.3444,291.54437,291.4444,290.54437,288.7444,289.7444,289.4444,289.4444,288.2444,287.7444,287.4444,287.04437,284.8444,286.7444,284.3444,284.3444,286.2444,281.9444,274.3444,260.2444,277.04437,285.4444,288.3444,290.54437,290.3444,289.7444,288.64438
292.7444,294.54437,294.2444,294.14438,294.54437,293.8444,293.64438,293.8444,297.4444,297.3444,296.2444,294.4444,293.64438,292.7444,290.9444,291.04437,290.8444,291.14438,292.64438,291.04437,290.7444,290.4444,288.8444,287.8444,288.14438,287.3444,286.9444,285.04437,285.9444,289.3444,287.8444,289.04437,287.54437,287.14438,286.14438,284.64438,282.4444,286.7444,279.54437,279.7444,288.3444,289.7444,288.2444
292.9444,294.3444,294.3444,295.04437,295.9444,296.9444,295.8444,298.64438,297.64438,296.8444,296.2444,294.7444,293.04437,292.2444,291.4444,291.3444,291.3444,292.14438,291.04437,290.8444,289.04437,288.14438,286.7444,287.3444,288.2444,288.14438,286.3444,285.8444,286.14438,288.14438,288.3444,288.2444,288.04437,287.54437,288.3444,286.7444,284.7444,283.3444,281.14438,277.8444,275.8444,275.7444,284.9444
291.14438,292.64438,293.8444,294.54437,296.9444,297.2444,298.64438,298.8444,297.54437,297.54437,294.2444,293.04437,291.9444,290.7444,290.04437,290.54437,290.9444,291.54437,291.54437,291.8444,290.4444,290.8444,291.54437,289.9444,289.2444,287.9444,286.8444,284.2444,286.04437,288.54437,287.2444,289.14438,288.4444,288.9444,286.04437,284.14438,283.54437,285.7444,286.4444,284.4444,285.3444,284.8444,282.3444
287.4444,295.14438,294.04437,293.54437,295.3444,295.54437,298.3444,297.2444,298.3444,296.3444,293.9444,290.9444,290.2444,289.4444,288.2444,289.04437,290.3444,291.4444,291.04437,290.8444,289.9444,290.54437,287.7444,289.14438,289.2444,288.4444,286.64438,285.8444,284.3444,285.8444,285.9444,285.9444,286.64438,287.04437,286.54437,285.4444,284.04437,280.14438,281.4444,282.4444,272.9444,273.2444,267.4444
289.7444,291.3444,293.14438,294.9444,293.2444,295.2444,298.2444,297.64438,297.4444,294.7444,292.8444,291.4444,289.8444,289.14438,288.8444,289.9444,290.14438,290.8444,291.04437,289.9444,288.8444,290.2444,289.3444,287.8444,290.04437,289.14438,288.64438,287.7444,287.4444,286.9444,286.54437,286.04437,285.4444,286.14438,287.2444,286.7444,284.2444,283.8444,281.64438,278.04437,273.64438,273.54437,271.4444
287.64438,287.14438,289.9444,291.3444,292.3444,292.64438,296.64438,297.04437,294.7444,293.9444,294.2444,290.04437,288.7444,289.8444,290.64438,290.14438,290.04437,290.3444,289.3444,290.8444,288.4444,290.54437,291.14438,287.7444,291.7444,289.64438,288.9444,288.8444,286.64438,288.4444,287.2444,289.2444,288.9444,289.04437,287.8444,287.14438,286.54437,281.64438,278.4444,275.7444,277.14438,275.54437,274.8444
285.8444,287.7444,287.04437,287.8444,289.04437,290.04437,290.7444,291.9444,292.3444,289.2444,289.14438,288.7444,286.8444,287.54437,289.14438,288.9444,289.4444,289.64438,289.64438,290.2444,289.4444,290.8444,289.2444,290.7444,289.04437,288.9444,288.7444,288.7444,289.3444,288.7444,288.7444,289.64438,288.04437,286.04437,285.4444,284.3444,283.2444,284.54437,283.04437,281.9444,281.64438,281.3444,279.64438
282.64438,285.9444,286.64438,286.9444,288.4444,286.8444,288.2444,289.4444,288.64438,288.4444,289.04437,285.9444,285.8444,284.64438,288.14438,287.54437,288.7444,289.2444,289.54437,289.3444,289.2444,289.54437,288.7444,288.2444,288.4444,288.7444,290.2444,289.04437,290.64438,289.3444,288.3444,287.64438,286.7444,285.4444,284.3444,283.4444,282.7444,282.04437,282.9444,282.14438,282.4444,282.64438,281.8444
282.3444,281.7444,282.2444,283.64438,283.7444,287.3444,287.7444,286.9444,287.8444,286.3444,287.9444,288.3444,287.04437,286.9444,285.54437,287.7444,288.4444,288.4444,289.2444,288.64438,288.7444,289.54437,289.7444,289.2444,289.64438,290.3444,290.7444,290.4444,289.3444,288.64438,287.2444,286.9444,284.54437,283.2444,282.7444,281.9444,282.14438,281.64438,281.2444,281.9444,282.4444,281.54437,282.9444
281.64438,281.54437,282.04437,283.64438,283.7444,284.7444,283.54437,283.2444,283.7444,282.9444,284.3444,284.14438,286.14438,284.54437,285.3444,286.2444,287.04437,288.64438,288.8444,288.64438,288.3444,288.4444,289.3444,289.8444,289.04437,289.7444,288.7444,288.3444,288.04437,287.04437,285.14438,284.64438,283.64438,281.9444,282.7444,282.8444,282.64438,282.8444,283.04437,282.64438,283.7444,283.9444,282.2444
