wind_kz.json
{"header": {"discipline":0,"disciplineName":"Meteorological products","gribEdition":2,"gribLength":871,"center":7,"centerName":"US National Weather Service - NCEP(WMC)","subcenter":0,"refTime":"2023-08-18T00:00:00.000Z","significanceOfRT":1,"significanceOfRTName":"Start of forecast","productStatus":0,"productStatusName":"Operational products","productType":1,"productTypeName":"Forecast products","productDefinitionTemplate":0,"productDefinitionTemplateName":"Analysis/forecast at horizontal level/layer at a point in time","parameterCategory":0,"parameterCategoryName":"UnknownDiscipline_0_Category_0","parameterNumber":0,"parameterNumberName":"UnknownParameter_D0_C0_0","parameterUnit":"Unknown","genProcessType":2,"genProcessTypeName":"Forecast","forecastTime":300,"surface1Type":1,"surface1TypeName":"Ground or water surface","surface1Value":0.0,"surface2Type":255,"surface2TypeName":"Missing","surface2Value":0.0,"gridDefinitionTemplate":0,"gridDefinitionTemplateName":"Latitude_Longitude","numberPoints":615,"shape":6,"shapeName":"Earth spherical with radius of 6,371,229.0 m","gridUnits":"degrees","resolution":48,"winds":"true","scanMode":64,"nx":41,"ny":15,"basicAngle":0,"lo1":47.0,"la1":41.0,"lo2":87.0,"la2":55.0,"dx":1.0,"dy":1.0}, "data":
[rows 0 to 14 of 15, columns 0 to 40 of 41]
317.88452,299.1845,307.98453,298.6845,298.28452,297.48453,310.28452,316.28452,312.48453,312.98453,311.38452,311.58453,310.58453,309.98453,308.88452,308.38452,307.78452,306.98453,308.38452,309.1845,310.38452,306.1845,307.48453,302.98453,307.78452,307.48453,303.28452,288.1845,287.98453,286.48453,286.1845,286.08453,298.38452,307.08453,308.88452,308.88452,308.28452,308.08453,307.48453,306.78452,306.88452
288.58453,303.6845,298.38452,298.58453,298.48453,297.48453,316.28452,313.38452,311.1845,311.1845,312.28452,310.78452,309.78452,308.1845,307.6845,307.6845,307.88452,307.28452,305.6845,306.28452,308.08453,305.78452,305.1845,298.08453,291.08453,288.58453,297.6845,288.98453,292.1845,282.6845,289.08453,280.1845,288.1845,269.08453,286.48453,303.08453,301.6845,303.88452,307.28452,298.6845,285.6845
313.28452,298.48453,298.78452,298.48453,296.58453,313.6845,311.78452,312.78452,310.98453,310.28452,309.58453,309.78452,307.48453,308.88452,308.58453,307.6845,306.6845,305.58453,305.08453,304.98453,305.6845,307.88452,304.08453,298.58453,301.88452,299.98453,299.78452,299.6845,296.78452,285.38452,276.48453,280.48453,287.98453,288.08453,292.48453,287.98453,282.08453,287.38452,288.6845,284.1845,283.88452
312.08453,299.08453,298.6845,297.6845,300.98453,312.78452,312.98453,313.58453,313.28452,311.78452,309.58453,307.08453,295.1845,294.38452,307.08453,308.38452,307.1845,306.78452,306.08453,304.88452,302.88452,298.98453,304.1845,304.08453,303.58453,303.48453,302.38452,299.08453,298.08453,297.78452,295.28452,293.78452,300.58453,301.38452,301.08453,295.88452,284.28452,282.38452,283.78452,295.28452,298.6845
312.28452,298.88452,298.78452,298.08453,306.88452,313.98453,315.58453,316.48453,313.98453,313.58453,313.88452,311.98453,296.08453,296.08453,292.08453,309.38452,308.08453,305.1845,304.1845,304.1845,304.1845,304.08453,303.08453,303.58453,304.1845,303.1845,299.28452,295.78452,299.78452,296.58453,299.08453,295.08453,284.98453,277.88452,289.08453,297.88452,300.58453,304.1845,303.88452,303.1845,302.88452
315.1845,310.78452,297.48453,297.6845,297.98453,298.08453,316.58453,315.08453,314.88452,314.78452,315.48453,313.6845,297.28452,294.6845,298.78452,305.58453,308.28452,300.6845,304.6845,305.48453,304.08453,302.38452,301.28452,301.88452,301.1845,299.98453,300.78452,293.08453,298.38452,297.28452,296.98453,297.6845,294.78452,294.08453,291.88452,294.48453,289.48453,293.28452,302.78452,303.08453,301.88452
314.88452,316.08453,313.28452,313.58453,305.88452,311.08453,315.1845,314.58453,314.28452,314.58453,313.58453,311.48453,311.38452,307.58453,311.1845,309.6845,307.08453,306.1845,304.6845,303.58453,303.38452,302.48453,301.78452,299.98453,298.1845,295.58453,296.1845,297.08453,297.78452,298.38452,294.88452,296.08453,296.1845,297.88452,296.38452,294.38452,290.1845,288.58453,287.38452,285.28452,297.1845
315.48453,316.28452,314.98453,313.98453,310.28452,313.58453,313.88452,312.28452,310.78452,311.28452,311.98453,311.6845,311.88452,311.28452,312.6845,312.38452,308.78452,305.88452,303.78452,300.88452,301.08453,301.88452,299.38452,298.08453,294.1845,288.6845,288.08453,289.98453,291.08453,291.6845,289.88452,291.08453,291.6845,288.6845,290.1845,292.48453,295.38452,289.58453,296.28452,297.28452,294.48453
315.38452,314.88452,314.48453,313.6845,313.48453,313.28452,312.38452,311.6845,310.78452,309.6845,310.48453,309.98453,309.58453,311.1845,309.78452,311.08453,308.28452,306.78452,302.1845,301.78452,299.1845,298.58453,297.28452,295.88452,292.78452,289.88452,287.58453,285.98453,285.08453,283.88452,286.98453,286.1845,288.08453,290.1845,288.48453,287.6845,290.6845,290.78452,282.58453,282.1845,282.38452
315.58453,315.38452,314.98453,314.1845,313.78452,312.6845,311.78452,308.6845,308.08453,306.08453,306.98453,307.78452,308.98453,309.58453,308.48453,308.28452,306.88452,305.28452,303.1845,302.28452,299.48453,298.48453,297.88452,294.1845,293.28452,290.78452,288.38452,285.6845,286.1845,285.78452,285.1845,290.1845,291.28452,291.1845,289.78452,288.98453,286.78452,286.08453,284.48453,284.58453,280.78452
312.28452,312.48453,312.28452,311.48453,310.78452,308.48453,309.88452,309.6845,304.78452,305.28452,304.08453,306.08453,309.98453,307.6845,305.48453,305.98453,303.98453,304.08453,303.78452,299.88452,299.48453,298.1845,295.38452,293.98453,291.6845,291.38452,286.98453,287.1845,287.1845,289.58453,292.78452,293.58453,292.28452,289.98453,289.98453,289.08453,283.88452,281.78452,284.1845,283.6845,283.98453
312.1845,313.1845,313.48453,311.98453,310.78452,309.1845,307.1845,306.78452,304.6845,304.78452,305.98453,304.98453,307.98453,304.08453,302.78452,302.98453,302.38452,301.78452,301.1845,298.98453,296.88452,294.58453,295.28452,291.28452,286.88452,285.6845,283.98453,285.88452,288.08453,290.48453,290.38452,292.6845,290.58453,289.28452,289.88452,289.08453,290.28452,289.58453,286.48453,288.38452,286.6845
305.38452,310.38452,311.6845,311.48453,309.48453,307.78452,306.58453,302.58453,303.58453,304.08453,301.58453,302.78452,302.48453,301.48453,301.6845,299.98453,299.28452,299.88452,298.88452,297.08453,295.38452,294.28452,292.88452,288.1845,286.6845,284.6845,285.1845,285.08453,286.88452,289.6845,289.98453,291.6845,292.48453,292.6845,290.28452,289.1845,290.48453,290.1845,288.48453,286.98453,285.38452
302.6845,304.28452,297.88452,308.38452,307.1845,307.48453,305.1845,304.38452,303.28452,305.6845,299.38452,296.98453,300.38452,297.6845,298.08453,298.58453,298.58453,297.58453,297.88452,296.38452,296.08453,294.58453,294.08453,290.1845,288.08453,290.08453,286.1845,286.08453,287.28452,288.6845,289.28452,291.48453,290.28452,289.1845,289.08453,288.48453,289.28452,287.88452,287.28452,284.78452,285.28452
299.88452,300.6845,291.48453,299.78452,305.28452,304.1845,302.88452,298.28452,301.08453,300.98453,294.38452,295.6845,296.78452,296.58453,297.08453,297.48453,299.1845,298.88452,297.28452,296.38452,295.1845,295.28452,293.98453,294.1845,293.78452,291.28452,291.58453,286.58453,287.58453,287.78452,287.58453,286.78452,289.58453,287.6845,286.48453,286.88452,286.98453,285.6845,286.6845,286.78452,286.1845
