wind_kz.json
{"header": {"discipline":0,"disciplineName":"Meteorological products","gribEdition":2,"gribLength":871,"center":7,"centerName":"US National Weather Service - NCEP(WMC)","subcenter":0,"refTime":"2024-04-08T18:00:00.000Z","significanceOfRT":1,"significanceOfRTName":"Start of forecast","productStatus":0,"productStatusName":"Operational products","productType":1,"productTypeName":"Forecast products","productDefinitionTemplate":0,"productDefinitionTemplateName":"Analysis/forecast at horizontal level/layer at a point in time","parameterCategory":0,"parameterCategoryName":"UnknownDiscipline_0_Category_0","parameterNumber":0,"parameterNumberName":"UnknownParameter_D0_C0_0","parameterUnit":"Unknown","genProcessType":2,"genProcessTypeName":"Forecast","forecastTime":180,"surface1Type":1,"surface1TypeName":"Ground or water surface","surface1Value":0.0,"surface2Type":255,"surface2TypeName":"Missing","surface2Value":0.0,"gridDefinitionTemplate":0,"gridDefinitionTemplateName":"Latitude_Longitude","numberPoints":615,"shape":6,"shapeName":"Earth spherical with radius of 6,371,229.0 m","gridUnits":"degrees","resolution":48,"winds":"true","scanMode":64,"nx":41,"ny":15,"basicAngle":0,"lo1":47.0,"la1":41.0,"lo2":87.0,"la2":55.0,"dx":1.0,"dy":1.0}, "data":
[rows 0 to 14 of 15, columns 0 to 40 of 41]
298.40005,288.40005,293.90005,282.30005,283.40005,284.30005,301.00006,304.10004,303.30005,307.50006,308.30005,307.70004,306.30005,305.30005,305.10004,307.00006,306.60004,303.30005,304.10004,302.90005,308.10004,301.30005,299.00006,293.00006,308.20004,307.30005,298.30005,291.90005,286.50006,284.80005,284.90005,285.40005,297.60004,313.30005,316.90005,313.80005,317.00006,311.60004,307.90005,305.80005,302.60004
279.90005,296.00006,282.40005,282.60004,283.10004,283.60004,308.70004,304.40005,303.20004,302.30005,305.70004,307.00006,308.90005,306.70004,302.90005,303.30005,306.20004,304.90005,304.70004,302.80005,304.30005,302.70004,293.40005,289.10004,273.20004,274.70004,296.30005,296.30005,300.70004,281.90005,293.10004,273.50006,296.70004,269.70004,273.20004,305.70004,305.70004,307.20004,307.90005,298.60004,280.40005
297.10004,282.40005,282.40005,282.80005,282.90005,302.30005,302.00006,305.30005,296.90005,300.30005,297.10004,300.60004,303.40005,306.80005,302.40005,301.60004,301.60004,302.20004,303.50006,304.30005,305.10004,307.90005,303.30005,293.50006,298.90005,299.20004,299.70004,301.30005,298.30005,288.70004,283.10004,281.90005,289.80005,293.20004,294.00006,295.50006,282.50006,291.00006,293.00006,284.90005,276.80005
297.80005,283.70004,282.90005,282.90005,287.30005,302.30005,301.80005,305.70004,304.70004,304.70004,301.20004,297.40005,286.00006,286.50006,297.40005,299.60004,301.90005,301.80005,302.70004,303.70004,302.80005,302.90005,305.20004,307.20004,305.60004,305.70004,305.60004,300.70004,306.80005,308.00006,302.70004,307.40005,306.80005,310.40005,308.50006,298.80005,286.30005,274.40005,292.90005,300.20004,302.50006
301.10004,284.60004,283.60004,284.00006,290.90005,297.30005,300.00006,305.80005,305.70004,305.30005,303.90005,299.70004,285.20004,285.10004,283.60004,300.90005,301.70004,303.30005,303.00006,301.80005,302.10004,303.90005,303.20004,305.60004,304.70004,304.80005,302.60004,296.50006,304.00006,307.70004,306.50006,301.30005,290.00006,273.40005,298.00006,304.60004,297.30005,311.40005,310.50006,308.00006,302.60004
299.00006,303.80005,284.50006,283.20004,281.80005,282.10004,300.70004,293.50006,294.50006,302.60004,299.90005,300.30005,286.00006,284.40005,288.10004,303.70004,300.80005,304.40005,301.70004,301.90005,301.50006,301.60004,300.80005,299.60004,301.30005,300.50006,302.30005,271.80005,299.40005,300.90005,303.60004,303.40005,302.20004,300.60004,297.90005,296.00006,293.40005,294.10004,305.70004,308.40005,305.40005
299.00006,300.20004,299.40005,298.40005,293.70004,299.00006,299.10004,298.60004,297.00006,296.70004,291.00006,296.50006,295.90005,294.20004,293.80005,297.80005,300.40005,299.30005,299.80005,299.10004,299.20004,298.00006,297.80005,296.60004,295.30005,295.40005,295.60004,295.00006,297.50006,299.20004,300.40005,302.30005,301.90005,300.10004,299.30005,298.30005,290.20004,293.60004,278.30005,287.80005,300.10004
296.40005,298.60004,297.30005,294.90005,295.60004,294.90005,295.60004,295.30005,294.00006,290.70004,295.70004,293.30005,295.70004,292.60004,292.70004,289.80005,294.30005,293.80005,292.40005,294.00006,293.80005,295.50006,295.50006,293.80005,293.20004,292.20004,291.70004,293.00006,291.50006,293.30005,292.90005,295.50006,296.90005,292.00006,293.20004,296.40005,299.10004,273.10004,303.30005,305.10004,299.60004
293.90005,295.20004,294.50006,292.90005,291.70004,292.30005,292.00006,292.40005,291.00006,285.90005,284.20004,286.80005,291.60004,291.50006,288.60004,290.00006,291.20004,289.90005,290.20004,291.10004,288.30005,290.40005,291.70004,290.70004,290.70004,290.00006,289.60004,289.40005,289.40005,288.00006,289.60004,291.50006,295.00006,289.80005,295.20004,293.30005,292.40005,290.80005,273.20004,273.20004,273.20004
292.20004,291.30005,289.20004,288.70004,288.70004,288.80005,288.70004,290.60004,288.80005,290.60004,282.30005,282.00006,280.60004,288.10004,285.90005,288.00006,288.50006,289.70004,288.80005,290.60004,288.20004,284.10004,283.60004,282.80005,282.20004,285.80005,288.60004,287.80005,287.20004,288.30005,290.60004,293.40005,294.30005,292.10004,287.20004,293.50006,288.60004,274.00006,273.20004,279.00006,278.30005
290.60004,290.50006,288.50006,287.60004,288.20004,287.60004,287.80005,287.60004,288.90005,283.40005,285.90005,277.50006,278.90005,278.90005,283.20004,286.30005,287.80005,290.30005,282.70004,280.30005,282.70004,282.20004,279.60004,281.00006,281.20004,283.60004,280.40005,285.50006,287.60004,288.80005,285.80005,290.00006,290.80005,291.50006,288.10004,284.30005,280.00006,282.30005,280.80005,280.40005,279.30005
287.70004,288.00006,287.20004,286.40005,286.50006,285.70004,281.90005,280.40005,280.10004,279.20004,274.60004,276.20004,277.30005,279.30005,284.20004,285.00006,281.10004,280.40005,279.40005,280.90005,279.20004,279.80005,281.30005,282.10004,280.10004,279.90005,279.70004,280.70004,282.20004,279.60004,279.70004,283.80005,287.80005,288.30005,287.40005,290.30005,288.10004,293.00006,292.10004,293.60004,292.10004
284.40005,285.10004,286.00006,286.00006,279.30005,278.40005,277.10004,276.10004,274.20004,275.40005,276.30005,276.00006,281.70004,282.40005,282.90005,284.40005,283.70004,284.30005,285.50006,282.30005,281.10004,278.60004,276.80005,277.90005,278.80005,279.00006,280.50006,278.90005,279.20004,278.80005,278.90005,277.70004,278.90005,282.10004,290.00006,284.30005,282.60004,286.70004,289.00006,289.00006,289.10004
283.70004,283.20004,278.70004,281.10004,278.60004,277.80005,277.60004,278.70004,282.70004,282.30005,280.30005,277.60004,277.40005,282.70004,280.40005,282.30005,282.10004,281.70004,281.80005,275.00006,278.50006,279.50006,278.60004,277.70004,277.20004,280.20004,279.70004,277.60004,277.20004,276.90005,277.40005,276.70004,278.20004,274.00006,275.80005,281.60004,285.90005,283.00006,285.60004,281.00006,288.50006
281.70004,283.10004,273.30005,278.30005,282.70004,284.10004,284.30005,283.70004,284.50006,284.00006,282.40005,282.20004,279.50006,279.60004,279.80005,278.80005,275.20004,274.50006,273.50006,274.20004,276.00006,278.90005,280.20004,279.40005,279.00006,276.60004,278.10004,274.60004,273.30005,272.90005,273.10004,273.40005,272.80005,273.60004,274.00006,273.60004,274.50006,275.60004,286.70004,286.40005,285.10004
