wind_kz.json
{"header": {"discipline":0,"disciplineName":"Meteorological products","gribEdition":2,"gribLength":948,"center":7,"centerName":"US National Weather Service - NCEP(WMC)","subcenter":0,"refTime":"2023-10-02T12:00:00.000Z","significanceOfRT":1,"significanceOfRTName":"Start of forecast","productStatus":0,"productStatusName":"Operational products","productType":1,"productTypeName":"Forecast products","productDefinitionTemplate":0,"productDefinitionTemplateName":"Analysis/forecast at horizontal level/layer at a point in time","parameterCategory":0,"parameterCategoryName":"UnknownDiscipline_0_Category_0","parameterNumber":0,"parameterNumberName":"UnknownParameter_D0_C0_0","parameterUnit":"Unknown","genProcessType":2,"genProcessTypeName":"Forecast","forecastTime":240,"surface1Type":1,"surface1TypeName":"Ground or water surface","surface1Value":0.0,"surface2Type":255,"surface2TypeName":"Missing","surface2Value":0.0,"gridDefinitionTemplate":0,"gridDefinitionTemplateName":"Latitude_Longitude","numberPoints":615,"shape":6,"shapeName":"Earth spherical with radius of 6,371,229.0 m","gridUnits":"degrees","resolution":48,"winds":"true","scanMode":64,"nx":41,"ny":15,"basicAngle":0,"lo1":47.0,"la1":41.0,"lo2":87.0,"la2":55.0,"dx":1.0,"dy":1.0}, "data":
[rows 0 to 14 of 15, columns 0 to 40 of 41]
294.63055,283.43054,281.93054,292.73053,292.73053,291.53055,291.23053,298.63055,298.83054,298.63055,296.53055,297.03055,297.13055,297.83054,298.53055,299.93054,300.73053,299.93054,301.23053,301.93054,302.53055,299.23053,299.63055,294.73053,295.73053,298.13055,292.03055,280.73053,278.93054,275.33054,274.53055,269.83054,286.23053,291.83054,292.33054,292.23053,293.03055,291.93054,291.93054,291.33054,290.43054
272.63055,282.13055,292.33054,292.33054,292.53055,290.93054,293.43054,288.23053,294.03055,295.63055,295.93054,294.93054,295.73053,295.13055,295.43054,296.43054,297.93054,298.83054,297.83054,298.43054,298.63055,298.93054,297.43054,288.43054,276.13055,278.23053,285.73053,280.33054,280.43054,273.93054,279.53055,269.63055,278.33054,248.33054,272.43054,289.53055,287.03055,289.23053,291.93054,284.83054,283.73053
290.23053,291.83054,292.13055,291.73053,290.13055,293.03055,292.03055,289.53055,286.03055,291.13055,292.53055,293.23053,291.73053,293.13055,292.93054,293.93054,294.63055,293.63055,296.03055,296.03055,299.03055,297.63055,297.23053,292.63055,293.53055,292.33054,292.73053,291.93054,290.83054,282.33054,271.03055,274.73053,279.83054,279.93054,281.83054,280.83054,270.83054,273.53055,275.73053,269.33054,268.73053
292.43054,290.83054,291.93054,291.23053,290.03055,290.63055,290.63055,289.33054,287.93054,292.03055,291.63055,289.33054,288.93054,288.33054,291.03055,291.63055,291.33054,292.33054,294.53055,294.03055,295.73053,292.73053,294.63055,295.63055,296.53055,296.63055,296.83054,293.73053,290.43054,290.43054,291.23053,287.93054,292.73053,290.23053,288.23053,284.73053,271.33054,260.13055,275.03055,284.63055,288.53055
292.03055,290.43054,290.93054,290.33054,288.53055,289.03055,289.23053,289.33054,289.73053,289.73053,291.13055,289.13055,287.73053,286.63055,285.33054,289.23053,289.73053,289.53055,290.53055,291.43054,293.53055,295.13055,294.63055,294.23053,294.23053,293.83054,293.03055,290.23053,293.33054,291.83054,294.53055,290.03055,277.83054,261.73053,279.73053,287.73053,289.73053,290.83054,291.23053,292.13055,291.53055
290.33054,288.73053,288.53055,289.23053,289.73053,289.33054,289.83054,290.53055,287.93054,290.03055,289.73053,289.63055,287.53055,287.43054,287.43054,287.33054,288.53055,287.93054,288.53055,290.13055,291.23053,291.43054,292.23053,293.03055,292.33054,291.13055,290.53055,285.13055,291.93054,292.43054,290.13055,292.13055,290.03055,287.33054,284.43054,288.83054,280.93054,283.03055,288.43054,289.93054,290.53055
286.53055,287.03055,289.13055,288.13055,286.33054,288.43054,288.03055,286.73053,288.13055,288.33054,289.23053,286.83054,286.13055,284.63055,286.63055,287.03055,286.73053,286.93054,286.63055,287.43054,287.33054,288.83054,290.03055,291.03055,290.33054,290.13055,289.23053,290.13055,288.93054,289.33054,288.83054,288.43054,288.43054,289.13055,288.03055,286.93054,280.73053,278.43054,277.13055,274.43054,286.63055
285.43054,285.23053,287.33054,287.93054,285.03055,283.23053,283.23053,285.53055,284.53055,284.33054,282.13055,281.03055,284.13055,286.43054,287.33054,287.23053,286.23053,286.13055,285.23053,283.63055,284.73053,284.93054,286.13055,286.53055,288.03055,286.43054,286.23053,286.53055,285.03055,286.63055,285.73053,286.03055,284.43054,282.43054,283.63055,285.83054,286.73053,284.53055,285.93054,286.23053,282.83054
285.23053,284.83054,285.73053,286.63055,286.83054,283.63055,280.43054,280.43054,280.43054,281.03055,282.33054,283.23053,283.63055,285.83054,285.23053,285.93054,285.03055,284.43054,283.23053,282.33054,281.83054,281.53055,282.53055,283.63055,284.23053,286.13055,285.03055,284.33054,283.03055,281.73053,282.23053,283.03055,283.93054,284.43054,285.23053,283.63055,283.53055,282.43054,273.73053,274.23053,270.23053
285.13055,284.53055,285.43054,285.63055,286.23053,286.43054,285.63055,282.53055,281.33054,281.13055,281.83054,282.53055,283.73053,283.53055,283.43054,283.93054,283.53055,283.33054,282.93054,282.73053,281.33054,280.93054,281.33054,281.53055,282.23053,282.83054,284.33054,284.93054,284.13055,282.83054,282.93054,284.73053,285.53055,285.13055,284.33054,284.83054,283.43054,278.83054,276.63055,276.13055,273.83054
283.13055,283.13055,283.83054,283.73053,284.03055,283.53055,283.53055,283.33054,282.53055,282.23053,281.03055,280.83054,282.43054,281.53055,282.03055,282.63055,282.33054,282.73053,282.13055,281.33054,281.53055,280.93054,281.13055,280.53055,280.53055,281.33054,281.33054,282.83054,283.43054,284.63055,284.43054,285.53055,283.73053,285.73053,286.13055,283.83054,280.63055,279.53055,280.63055,279.93054,277.33054
282.93054,283.13055,282.33054,282.53055,282.23053,281.63055,280.83054,280.53055,281.23053,281.13055,278.73053,278.73053,280.23053,279.93054,280.63055,281.03055,281.03055,280.93054,281.13055,280.13055,279.73053,279.93054,279.33054,279.83054,279.33054,280.43054,281.43054,282.23053,282.43054,283.53055,283.73053,284.53055,285.93054,284.33054,285.43054,284.93054,285.53055,285.13055,284.13055,285.33054,282.93054
276.73053,279.23053,282.03055,281.63055,281.53055,281.23053,280.33054,279.93054,279.33054,279.13055,275.83054,275.33054,278.63055,277.93054,279.73053,280.13055,280.53055,280.13055,280.73053,279.53055,279.13055,278.13055,278.53055,278.53055,279.93054,280.63055,282.13055,282.03055,282.63055,282.43054,283.03055,284.13055,284.53055,284.23053,284.83054,285.33054,284.73053,286.23053,283.43054,285.13055,283.73053
276.23053,275.93054,281.03055,279.83054,279.13055,279.23053,278.33054,276.63055,278.53055,278.23053,275.13055,272.83054,274.83054,276.83054,278.43054,279.33054,279.23053,278.93054,279.53055,279.53055,279.23053,278.63055,279.73053,280.03055,280.33054,280.73053,280.63055,281.13055,281.23053,281.83054,282.43054,282.63055,283.13055,283.23053,284.53055,283.53055,284.23053,284.13055,282.73053,283.43054,285.23053
274.83054,275.33054,283.63055,277.13055,278.43054,277.63055,278.23053,277.73053,278.63055,277.83054,275.73053,274.03055,272.53055,274.63055,277.03055,278.33054,278.53055,278.43054,279.43054,278.73053,278.83054,278.63055,278.33054,278.43054,279.03055,279.43054,280.03055,279.73053,280.23053,280.33054,280.63055,282.03055,281.03055,282.43054,283.23053,283.73053,283.73053,283.13055,282.93054,282.83054,285.03055
