wind_kz.json
{"header": {"discipline":0,"disciplineName":"Meteorological products","gribEdition":2,"gribLength":1025,"center":7,"centerName":"US National Weather Service - NCEP(WMC)","subcenter":0,"refTime":"2023-08-21T00:00:00.000Z","significanceOfRT":1,"significanceOfRTName":"Start of forecast","productStatus":0,"productStatusName":"Operational products","productType":1,"productTypeName":"Forecast products","productDefinitionTemplate":0,"productDefinitionTemplateName":"Analysis/forecast at horizontal level/layer at a point in time","parameterCategory":2,"parameterCategoryName":"UnknownDiscipline_0_Category_2","parameterNumber":3,"parameterNumberName":"UnknownParameter_D0_C2_3","parameterUnit":"Unknown","genProcessType":2,"genProcessTypeName":"Forecast","forecastTime":240,"surface1Type":103,"surface1TypeName":"Specified height level above ground","surface1Value":10.0,"surface2Type":255,"surface2TypeName":"Missing","surface2Value":0.0,"gridDefinitionTemplate":0,"gridDefinitionTemplateName":"Latitude_Longitude","numberPoints":615,"shape":6,"shapeName":"Earth spherical with radius of 6,371,229.0 m","gridUnits":"degrees","resolution":48,"winds":"true","scanMode":64,"nx":41,"ny":15,"basicAngle":0,"lo1":47.0,"la1":41.0,"lo2":87.0,"la2":55.0,"dx":1.0,"dy":1.0}, "data":
[rows 0 to 14 of 15, columns 0 to 40 of 41]
0.8122168,-3.8077831,0.6722168,-6.2577834,-2.7577832,0.4922168,0.102216795,-0.1777832,-1.5677832,-1.3077832,-2.2177832,-1.4677832,-1.8477832,-2.6777833,-2.6377833,-3.8677833,-3.5477831,-2.077783,-3.5477831,-2.1077833,-1.2877831,-1.0477833,1.9622169,-1.3577832,-1.2977833,-1.2077832,-1.4477832,-0.1777832,2.922217,3.3122168,0.5222168,-2.7077832,0.9622168,-1.7777832,0.5822168,-0.94778323,-1.3477832,2.5122168,2.5522168,-0.2677832,2.4822168
2.0022168,1.3022168,-4.1077833,-5.747783,3.0922167,2.1222167,-1.6277832,0.3422168,-0.7477832,-1.7077832,-1.8577832,-3.8977833,-3.5177832,-2.4877832,-4.467783,-2.8077831,-0.2677832,-2.6677833,-5.8977833,-4.5477834,-4.3377833,-3.587783,1.5722167,1.0022168,-1.2577832,-2.0577831,-3.0577831,0.4522168,-0.3777832,1.5722167,4.1822166,4.922217,0.7822168,-0.2577832,-1.8777832,-0.8777832,-1.7977833,-2.9577832,0.2522168,-1.9777832,0.8522168
2.3522167,2.682217,-1.3177832,-2.4677832,1.1922168,-0.15778321,1.3822168,2.0322168,1.0122168,-1.8477832,-2.4177833,-1.8277832,-2.6777833,-2.8977833,-3.7777832,-3.577783,-2.2177832,-2.5077832,-2.9677832,-4.5677834,-4.9177833,-6.1277833,-6.1277833,-1.6177832,-1.1177832,0.102216795,0.3822168,0.0322168,-0.5277832,1.4722168,4.272217,1.9822168,2.6122167,-1.2977833,0.062216796,2.4622169,3.6422167,-0.027783204,0.2422168,-1.1377832,-1.2877831
2.9822168,4.0122166,2.0722167,1.7222168,-0.23778321,1.8422168,2.5522168,2.4422169,2.1022167,1.3822168,-0.8977832,-2.7777832,-2.5177832,-3.3577833,-2.9277833,-3.7077832,-3.6677833,-4.077783,-4.447783,-5.3177834,-5.247783,-4.137783,0.7322168,-2.3577833,-2.9977832,-3.2377832,-2.577783,-3.3877833,-0.3977832,-1.4877832,0.5222168,-1.2777832,-1.6077832,-0.0877832,-0.4377832,-3.7277832,-2.087783,1.2122169,0.9222168,0.9222168,1.3322167
2.6922169,4.032217,3.4422169,0.7522168,1.7722168,3.0922167,2.5322168,3.7622168,2.5722167,0.7222168,0.3222168,-0.5377832,-1.9877832,-2.9677832,-3.5277832,-3.3877833,-3.2477832,-3.6077833,-3.6677833,-3.4577832,-3.4477832,-2.8877833,-2.7177832,-2.3777833,-2.087783,-2.317783,-2.6477833,-2.4277833,-2.9477832,-3.2577832,-3.2977831,-0.2077832,1.5122168,0.9922168,-0.7777832,-1.8177832,1.1322168,-0.8577832,0.7722168,2.9522169,2.4822168
1.3022168,1.2722168,2.412217,4.2222166,5.862217,4.032217,2.7922168,2.432217,1.8722168,1.5622168,0.8322168,0.15221679,-2.2477832,-2.4477832,-1.5077832,-2.097783,-2.6677833,-3.327783,-3.817783,-3.0177832,-3.327783,-2.2477832,-1.3177832,-2.2477832,-2.1577833,-2.4777832,-3.1277833,-3.1477833,-2.077783,-2.087783,-1.8477832,-1.1077832,-0.7377832,-1.0677832,1.6922168,-0.7777832,2.6222167,2.5122168,-1.5177832,-0.077783205,0.41221678
0.7722168,-0.2177832,0.6922168,1.8722168,4.252217,3.8822167,3.1922169,2.5422168,2.3722167,2.2322168,0.7522168,0.4322168,-0.7077832,-0.7477832,-1.2177832,-1.9477832,-1.9777832,-2.3577833,-2.6277833,-2.1777833,-2.9877832,-3.2677832,-3.067783,-2.3577833,-2.1077833,-1.6077832,-2.4977832,-2.847783,-3.3577833,-3.1677833,-1.8377832,-2.7077832,-2.6377833,-2.4377832,-1.4277833,-1.7877831,-3.5177832,-2.2977831,-0.27778322,-1.3577832,-0.4577832
2.8822167,2.5122168,2.0922167,2.2422168,2.3622167,3.652217,3.3622167,3.2322168,3.3022168,2.6022167,1.9022168,0.7222168,0.3822168,-1.0777832,-1.0777832,-1.6277832,-2.9577832,-2.847783,-2.7677832,-1.9877832,-3.0177832,-3.6277833,-2.9077833,-2.317783,-1.2677832,0.2022168,-0.30778322,-1.3977832,-1.5877832,-1.4477832,-0.3777832,-1.5377831,-0.8477832,-0.6477832,1.1322168,1.2022167,-1.3277832,0.6822168,0.8822168,-0.30778322,-1.6877832
3.7322168,3.652217,3.0622168,2.9922168,2.0622168,3.0722167,3.4622169,3.3722167,2.8522167,2.9722168,1.7222168,0.9722168,0.6022168,-0.30778322,-0.3877832,-1.9177833,-1.7877831,-2.4777832,-2.817783,-3.2977831,-1.9977832,-3.6977832,-4.517783,-3.3977833,-0.1477832,0.3122168,0.7722168,1.1722168,1.0022168,0.9422168,-0.077783205,-2.2977831,-2.4577832,-3.7277832,-0.6377832,2.4422169,-2.1577833,1.2122169,-0.69778323,-1.8477832,-2.6677833
4.072217,3.8722167,3.4922168,3.4622169,3.0622168,2.9622169,3.1022167,3.0922167,3.2422168,3.172217,3.4422169,2.9422169,2.8122168,2.0622168,1.3522168,0.072216794,-0.8677832,-1.9677832,-2.2277832,-2.7677832,-2.7677832,-3.2577832,-3.1777833,-3.827783,-1.2077832,2.7022169,1.7422168,1.4322168,0.5622168,0.3822168,0.9822168,-0.8277832,-2.6277833,-2.6877832,-1.7877831,1.4122168,0.8322168,-1.2877831,1.5922168,4.1022167,2.2622168
3.8922167,4.3922167,3.7622168,3.1022167,2.8922167,3.4922168,3.8622167,3.4622169,3.3722167,3.0422168,2.6422167,2.5922167,3.8622167,3.6122167,3.0122168,2.5322168,1.6422168,-0.1977832,-1.4977832,-2.577783,-2.9977832,-3.3077831,-4.117783,-3.2277832,-2.1277833,1.7622168,2.0422168,2.912217,3.2822168,0.8722168,-1.1577832,-1.9177833,-2.8577833,-2.1577833,-1.4977832,0.2122168,1.2922168,2.5122168,2.3822167,1.8822168,1.0422168
3.1922169,3.7322168,4.192217,3.9822168,4.3322167,3.3522167,2.4522169,2.7922168,2.3222167,1.6922168,1.0922168,2.0522168,2.7822168,3.422217,3.6022167,3.6422167,3.3822167,2.402217,0.5022168,-1.0177832,-2.2077832,-2.7777832,-3.3077831,-3.9777832,-4.3577833,-0.4577832,1.8422168,1.8622168,0.6522168,-0.0877832,-1.4177833,-2.1777833,-2.2277832,-2.9577832,-1.9177833,-0.5177832,1.6822168,2.402217,1.8322167,2.2422168,0.41221678
3.2022169,3.8622167,3.8022168,1.9722168,2.8722167,2.4522169,2.7922168,3.4422169,3.6222167,2.0422168,1.0322168,2.182217,2.7922168,3.0822167,3.3122168,3.652217,3.5322168,3.5322168,2.6122167,1.3722168,0.9022168,-0.047783203,-0.6877832,-1.8477832,-3.347783,-1.1377832,1.1322168,1.7922168,1.5422168,0.9222168,-0.1977832,-1.5477833,-2.4677832,-2.6077833,-2.4377832,-2.4177833,-1.6877832,-0.2477832,0.022216797,-1.1177832,-0.2077832
3.9822168,3.7222168,3.3922167,3.7922168,2.682217,3.1922169,3.2522168,3.8922167,2.5522168,3.2622168,1.9522167,0.1622168,0.3122168,1.2222168,2.0622168,3.2122169,3.922217,3.4522169,2.932217,2.0222168,1.2322168,0.8422168,0.5722168,0.5122168,-1.0077832,-2.2477832,0.1222168,0.44221678,1.2222168,1.7322168,1.3522168,0.9922168,-0.2477832,-1.3777832,-1.8577832,-1.8477832,-0.9877832,-0.077783205,-0.4477832,0.47221678,-0.047783203
2.162217,4.3722167,3.3322167,3.7022169,3.4422169,2.0922167,1.4322168,2.1222167,1.8922168,1.2422168,1.0822167,0.4822168,2.162217,0.2822168,2.3922167,2.7322168,3.0922167,2.8822167,3.2722168,2.7522168,2.3522167,0.9322168,0.7822168,0.47221678,0.9622168,1.9322168,0.9522168,0.5922168,1.0722167,2.3022168,2.1422167,1.8922168,1.2422168,1.2822168,0.8722168,0.3322168,-0.047783203,1.4022168,1.0022168,0.5322168,0.1622168
