wind_kz.json
{"header": {"discipline":0,"disciplineName":"Meteorological products","gribEdition":2,"gribLength":948,"center":7,"centerName":"US National Weather Service - NCEP(WMC)","subcenter":0,"refTime":"2024-01-31T12:00:00.000Z","significanceOfRT":1,"significanceOfRTName":"Start of forecast","productStatus":0,"productStatusName":"Operational products","productType":1,"productTypeName":"Forecast products","productDefinitionTemplate":0,"productDefinitionTemplateName":"Analysis/forecast at horizontal level/layer at a point in time","parameterCategory":0,"parameterCategoryName":"UnknownDiscipline_0_Category_0","parameterNumber":0,"parameterNumberName":"UnknownParameter_D0_C0_0","parameterUnit":"Unknown","genProcessType":2,"genProcessTypeName":"Forecast","forecastTime":120,"surface1Type":1,"surface1TypeName":"Ground or water surface","surface1Value":0.0,"surface2Type":255,"surface2TypeName":"Missing","surface2Value":0.0,"gridDefinitionTemplate":0,"gridDefinitionTemplateName":"Latitude_Longitude","numberPoints":615,"shape":6,"shapeName":"Earth spherical with radius of 6,371,229.0 m","gridUnits":"degrees","resolution":48,"winds":"true","scanMode":64,"nx":41,"ny":15,"basicAngle":0,"lo1":47.0,"la1":41.0,"lo2":87.0,"la2":55.0,"dx":1.0,"dy":1.0}, "data":
[rows 0 to 14 of 15, columns 0 to 40 of 41]
286.50345,274.90344,282.00345,280.50345,281.00345,282.00345,285.50345,287.20343,284.70343,285.40344,283.70343,284.30344,284.00345,283.80344,283.30344,282.40344,282.50345,279.80344,282.90344,280.90344,281.10345,280.50345,279.20343,274.10345,277.40344,279.80344,269.00345,252.90344,249.80344,250.00345,248.20345,248.00345,256.10345,270.10345,269.90344,271.80344,271.30344,269.70343,269.90344,270.20343,271.70343
261.80344,283.20343,280.20343,280.10345,280.60345,281.50345,287.10345,284.80344,284.10345,283.40344,284.20343,283.00345,283.80344,283.90344,283.30344,280.80344,283.10345,282.20343,280.20343,281.20343,280.50345,279.80344,274.50345,268.80344,249.40344,250.50345,260.80344,252.80344,253.10344,247.40344,256.90344,241.70345,259.00345,235.00345,245.00345,259.70343,258.60345,265.90344,269.40344,264.00345,269.40344
282.30344,278.80344,280.40344,280.50345,280.50345,284.90344,284.40344,283.50345,280.20343,280.00345,281.30344,281.50345,282.10345,282.30344,273.40344,272.00345,273.50345,273.10345,273.40344,273.40344,273.80344,276.90344,275.50345,269.00345,273.90344,269.70343,268.30344,268.20343,270.70343,259.50345,250.70345,251.80344,255.20345,253.40344,252.80344,258.90344,251.00345,250.40344,251.30344,255.30344,252.40344
281.90344,276.30344,278.30344,279.30344,281.00345,284.30344,281.70343,279.60345,280.40344,280.70343,280.60345,279.50345,281.20343,281.80344,275.30344,272.50345,273.40344,272.30344,271.50345,273.10345,273.80344,269.00345,272.70343,273.10345,271.80344,272.80344,272.50345,269.50345,270.70343,268.20343,263.40344,263.80344,269.80344,263.90344,260.20343,261.90344,250.80344,248.40344,258.90344,257.80344,258.40344
279.40344,273.00345,272.40344,272.80344,276.80344,279.80344,277.20343,279.60345,278.80344,276.10345,274.70343,275.20343,279.10345,279.10345,278.20343,271.70343,272.20343,273.00345,273.00345,271.50345,270.90344,270.70343,269.10345,269.70343,268.50345,267.40344,267.10345,267.80344,270.80344,270.30344,270.70343,269.50345,256.90344,246.40344,258.40344,255.70345,258.80344,256.40344,260.90344,260.00345,259.80344
279.80344,279.50345,273.10345,273.00345,272.80344,272.90344,277.60345,276.70343,275.00345,276.60345,273.10345,273.40344,278.40344,279.20343,272.60345,271.80344,269.80344,270.80344,270.00345,269.80344,268.40344,266.60345,267.00345,264.70343,263.80344,261.40344,263.60345,264.00345,263.70343,265.00345,263.80344,267.50345,261.10345,264.00345,263.10345,263.70343,259.70343,260.00345,255.50345,257.30344,259.20343
275.50345,275.50345,277.70343,279.50345,274.10345,275.90344,276.90344,274.50345,273.50345,273.40344,273.20343,271.50345,272.80344,272.80344,271.40344,270.70343,269.10345,267.90344,267.30344,266.20343,265.50345,264.20343,263.50345,263.50345,259.60345,258.20343,254.70345,258.50345,258.00345,260.70343,258.00345,264.50345,267.60345,267.70343,260.80344,260.70343,259.40344,258.70343,254.30344,253.10344,255.70345
275.60345,275.20343,273.90344,274.40344,274.20343,274.20343,273.70343,273.20343,273.20343,273.20343,273.20343,271.80344,271.80344,272.20343,273.20343,273.20343,272.80344,272.80344,272.20343,270.80344,270.30344,270.10345,269.50345,263.90344,260.80344,257.30344,257.00345,251.70345,251.60344,252.10344,252.80344,255.80344,260.10345,265.70343,258.70343,250.80344,252.60344,255.80344,258.90344,258.50345,254.70345
273.50345,273.40344,273.30344,273.20343,273.20343,273.40344,273.40344,273.20343,273.20343,273.20343,273.20343,273.10345,271.70343,272.60345,273.20343,273.10345,272.90344,272.20343,271.00345,270.80344,266.50345,268.30344,267.90344,261.60345,260.20343,259.60345,259.20343,254.00345,253.90344,252.50345,252.70345,256.20343,261.00345,265.90344,259.40344,256.10345,255.70345,255.90344,254.20345,251.40344,249.90344
273.20343,273.20343,272.80344,273.20343,273.20343,273.10345,273.10345,273.10345,273.20343,273.20343,273.00345,272.70343,272.90344,273.20343,273.10345,273.20343,273.20343,272.50345,269.50345,268.70343,267.10345,266.20343,264.90344,262.90344,260.00345,260.50345,262.60345,257.40344,256.80344,255.60344,262.20343,266.40344,267.90344,265.90344,261.40344,257.80344,261.30344,256.20343,256.00345,257.00345,253.10344
272.00345,272.60345,272.10345,273.00345,273.20343,273.20343,273.20343,273.20343,273.10345,273.20343,272.80344,273.00345,273.20343,273.10345,272.50345,273.00345,272.50345,272.40344,271.70343,269.80344,268.00345,267.80344,262.80344,261.70343,261.30344,261.60345,261.00345,262.30344,262.00345,262.80344,263.60345,262.10345,263.90344,265.60345,264.70343,260.50345,263.20343,259.60345,257.80344,261.30344,255.70345
272.90344,273.20343,272.90344,273.10345,272.70343,272.80344,272.60345,272.70343,273.20343,273.20343,272.30344,272.20343,273.10345,273.10345,272.90344,272.60345,272.90344,272.20343,271.90344,270.50345,269.00345,268.00345,266.70343,264.20343,262.20343,261.90344,263.50345,264.60345,263.90344,262.50345,261.40344,261.30344,263.90344,262.10345,264.50345,262.30344,263.50345,263.30344,262.40344,263.00345,264.00345
271.00345,270.80344,270.90344,271.10345,270.90344,272.50345,268.80344,267.00345,272.80344,272.90344,271.80344,271.00345,271.60345,272.20343,273.00345,273.20343,272.50345,272.60345,272.30344,270.50345,269.60345,268.90344,267.30344,265.70343,265.20343,265.20343,265.30344,263.80344,263.20343,262.40344,261.70343,261.90344,263.20343,263.70343,261.70343,264.10345,264.40344,264.60345,263.40344,265.00345,267.10345
270.60345,269.70343,269.90344,269.50345,269.40344,269.00345,269.70343,269.00345,269.00345,271.10345,271.70343,270.90344,269.90344,271.00345,271.90344,272.40344,272.50345,271.80344,272.10345,270.60345,269.80344,268.80344,268.50345,268.20343,267.80344,266.50345,265.10345,264.20343,264.50345,264.60345,264.00345,264.40344,264.80344,264.30344,263.90344,263.80344,264.90344,265.20343,264.70343,265.80344,267.10345
269.90344,267.40344,266.60345,267.40344,268.30344,267.80344,268.80344,268.70343,269.10345,268.40344,270.90344,270.90344,271.10345,268.00345,271.60345,272.20343,272.20343,271.60345,270.70343,268.40344,268.60345,267.90344,268.00345,267.60345,267.00345,266.60345,265.40344,265.20343,265.00345,264.60345,264.30344,264.30344,264.20343,264.10345,264.20343,264.20343,264.60345,264.70343,265.30344,265.50345,266.80344
