wind_kz.json
{"header": {"discipline":0,"disciplineName":"Meteorological products","gribEdition":2,"gribLength":1102,"center":7,"centerName":"US National Weather Service - NCEP(WMC)","subcenter":0,"refTime":"2023-08-24T18:00:00.000Z","significanceOfRT":1,"significanceOfRTName":"Start of forecast","productStatus":0,"productStatusName":"Operational products","productType":1,"productTypeName":"Forecast products","productDefinitionTemplate":0,"productDefinitionTemplateName":"Analysis/forecast at horizontal level/layer at a point in time","parameterCategory":2,"parameterCategoryName":"UnknownDiscipline_0_Category_2","parameterNumber":3,"parameterNumberName":"UnknownParameter_D0_C2_3","parameterUnit":"Unknown","genProcessType":2,"genProcessTypeName":"Forecast","forecastTime":300,"surface1Type":103,"surface1TypeName":"Specified height level above ground","surface1Value":10.0,"surface2Type":255,"surface2TypeName":"Missing","surface2Value":0.0,"gridDefinitionTemplate":0,"gridDefinitionTemplateName":"Latitude_Longitude","numberPoints":615,"shape":6,"shapeName":"Earth spherical with radius of 6,371,229.0 m","gridUnits":"degrees","resolution":48,"winds":"true","scanMode":64,"nx":41,"ny":15,"basicAngle":0,"lo1":47.0,"la1":41.0,"lo2":87.0,"la2":55.0,"dx":1.0,"dy":1.0}, "data":
[rows 0 to 14 of 15, columns 0 to 40 of 41]
0.96071535,1.9407153,0.18071534,-1.9392847,-0.76928467,2.2207153,4.9007154,3.6207154,1.9207153,1.5807153,-1.8092847,-2.5292847,-1.7192847,-2.4792848,-3.8192847,-3.9192846,-3.3892846,-1.8892846,-5.0792847,-3.5292847,-4.7892847,-6.3092847,-2.3292847,1.7107153,3.3207154,2.2807152,1.6107154,1.2407154,-2.3292847,-2.7892847,-1.9992846,-0.10928467,-1.2692847,1.7807153,0.25071535,-2.9592848,-1.0592847,-2.3192847,-0.46928465,-0.44928467,0.42071533
1.3807154,0.83071536,2.5407152,-0.8792847,1.4707153,5.5307155,5.5707154,3.6007154,2.8707154,0.060715333,0.47071534,-2.9692848,-1.0792847,-2.4992847,-2.6392846,-2.3792846,-1.1292846,-4.609285,-5.859285,-6.399285,-6.979285,-6.5192847,-5.7792845,-1.5692847,2.1007154,3.2107153,3.7607152,3.1407154,-0.71928465,2.5307152,-0.6892847,-0.35928467,0.8207153,1.7907153,2.2807152,3.2607152,-2.9492846,-2.1092846,2.0107152,1.3107153,0.43071532
1.2807153,2.2507153,0.8707153,0.35071534,2.0307152,7.4507155,6.5107155,5.600715,3.9007154,0.7407153,0.11071533,0.35071534,-2.2892847,-1.6292846,-2.4392846,-2.9992847,-2.8092847,-4.3892846,-5.9292846,-7.3892846,-8.019284,-6.7692847,-5.3492846,-3.4892848,-3.9092846,-3.3392847,-3.4892848,-1.6792847,-1.2292846,-1.5292847,-2.1092846,0.98071533,-1.9492847,2.8307154,1.4307153,-2.5992846,-2.3292847,1.6807153,-0.29928467,2.7407153,2.2707152
0.49071532,0.45071533,-0.15928467,1.3407153,3.3607154,9.000715,7.7507153,6.9607153,4.4207153,-0.6192847,-2.2392848,-3.5492847,-4.9292846,-1.0392847,-1.5792847,-3.0492847,-4.0992846,-5.2992845,-6.5792847,-8.159285,-7.8892846,-4.6592846,-6.4292846,-5.379285,-5.8692846,-6.0692844,-3.8292847,-0.45928466,-0.43928468,-0.53928465,1.1307154,1.9107153,1.8507153,-1.0692847,0.34071532,1.9707153,4.2307153,3.0007153,-3.1292846,-1.9892846,-2.0992846
0.54071534,0.13071533,-0.6792847,1.6707153,2.3407154,7.8607154,8.810716,7.3207154,4.3407154,1.9407153,-1.9492847,0.32071534,-1.0792847,-1.2692847,-0.65928465,-1.8392847,-3.6192846,-5.439285,-6.8692846,-7.4992847,-7.459285,-6.3492846,-6.9092846,-5.9992847,-5.5792847,-5.2692847,-4.8092847,-8.389285,-4.7192845,-1.7992847,2.9707153,2.5207152,4.370715,1.8007153,0.48071533,2.2307153,1.1707153,-2.5892847,-2.2292848,-0.7392847,-0.76928467
0.66071534,0.47071534,-0.37928468,0.91071534,1.1807153,6.7107153,7.2607155,6.0907154,5.080715,2.9407153,3.0507154,-1.8092847,-2.1992846,-2.4792848,-2.8592846,-4.2792845,-5.379285,-6.5592847,-7.229285,-6.979285,-7.6192846,-7.7492847,-7.8192844,-6.109285,-5.229285,-2.4592848,-4.169285,-8.209285,-12.049285,-13.679285,-2.7792847,-5.209285,2.9607153,2.3607154,1.0807153,0.29071534,-3.6092846,4.1307154,2.8107154,1.3307153,-1.7692847
1.4707153,-0.019284667,0.040715333,2.3907154,4.2007155,6.9207153,6.4707155,3.3107154,3.1507154,3.4907153,1.1007153,0.21071534,0.14071533,-1.1592847,-3.0892847,-5.5692844,-5.359285,-5.7192845,-6.9092846,-5.7992845,-7.1992846,-8.149284,-9.0292845,-8.789285,-7.229285,-5.6792846,-2.7892847,-3.3892846,-0.9992847,-4.4292846,-8.829285,-7.9092846,-7.8492846,-7.919285,5.140715,4.5507154,4.790715,6.060715,4.7607155,6.810715,-0.52928466
3.0407152,1.7507154,1.3907154,4.870715,6.370715,5.2607155,5.560715,6.5307155,5.3207154,2.6207154,1.5307153,1.1407154,0.23071533,-1.1292846,-3.5892847,-3.5592847,-4.5392847,-5.5992846,-5.9292846,-5.339285,-6.0692844,-7.5392847,-7.839285,-8.209285,-7.939285,-7.1392846,-6.6592846,-5.3692846,-4.9092846,-7.2392845,-6.3692846,-5.359285,-7.9292846,-8.009285,-8.789285,-4.2592845,-2.5292847,-0.5692847,0.66071534,-0.5692847,-0.09928467
4.390715,3.3407154,4.6107154,6.080715,6.0507154,5.6807156,6.2507153,5.0507154,2.0707154,5.6707153,5.080715,2.1007154,1.7907153,-0.95928466,-1.7392846,-2.8192847,-3.9692848,-4.7592845,-4.9892845,-5.149285,-5.3192844,-6.6592846,-7.4492846,-7.229285,-7.589285,-7.189285,-6.589285,-4.6392846,-3.7592847,-4.0592847,-5.3292847,-5.669285,-3.4292846,-5.089285,-5.8092847,-6.8292847,0.40071532,-2.0692847,5.6307154,3.9807153,3.3807154
5.5107155,4.9807153,5.8007154,5.9607153,6.4807153,3.8707154,2.6207154,3.5407152,4.330715,4.9407153,4.3607154,2.8207154,1.7707154,0.8707153,-0.44928467,-1.3092847,-2.9992847,-3.3392847,-3.8292847,-4.0592847,-4.729285,-4.959285,-5.0592847,-6.5792847,-7.6792846,-6.7992845,-6.8092847,-6.5492845,-5.5092845,-5.2592845,-4.0692844,-3.5392847,-3.6792846,-3.8792846,-3.3192847,-1.6292846,-0.90928465,-0.72928464,1.6607153,1.2807153,1.6807153
4.770715,6.060715,6.4707155,7.4607153,4.910715,3.7907152,3.1907153,3.3007154,3.2907152,4.410715,3.8307154,3.0307152,2.1607153,1.6507154,0.40071532,-0.35928467,-1.2192847,-1.9692847,-2.8892846,-3.7692847,-3.7192848,-4.2192845,-4.6592846,-5.109285,-4.589285,-6.5192847,-4.7592845,-6.5292845,-4.4692845,-5.5092845,-5.229285,-5.4692845,-5.9092846,-3.5492847,-2.9592848,-3.1792846,-0.6992847,-1.5592847,-1.8292847,-1.1492847,0.07071533
2.9607153,5.3007154,6.1707153,6.9007154,6.580715,5.330715,5.3607154,5.1907153,4.7307153,4.9407153,4.0907154,3.0407152,2.9007154,1.6607153,1.3207153,0.66071534,0.13071533,-1.9492847,-2.4492846,-3.5892847,-3.4792848,-3.8892846,-3.6592846,-4.4692845,-6.109285,-6.609285,-5.6192846,-6.169285,-5.6992846,-6.5492845,-6.2392845,-5.2392845,-2.2492847,-3.3692846,-1.6392846,-1.9792846,-2.5992846,-2.0992846,-2.0592847,-1.1692847,-1.8292847
2.6607153,2.8507154,1.9607153,3.8107154,2.3107154,4.270715,5.7207155,7.5007153,9.4707155,6.7107153,3.0307152,2.5607154,2.9907153,2.2407153,2.1207154,1.5907153,0.10071533,-1.1492847,-2.1992846,-2.8892846,-4.2792845,-4.709285,-4.709285,-5.419285,-5.9692845,-6.5192847,-7.6592846,-6.839285,-6.399285,-5.3192844,-5.6992846,-7.1592846,-6.1192846,-4.459285,-3.3792846,-1.4992846,-2.1892846,-1.1592847,1.0607153,-1.2892847,-1.6792847
2.7607152,1.3007153,0.29071534,0.8607153,3.0207152,3.6007154,6.8407154,8.120715,8.100716,8.160715,2.4207153,1.4607153,4.0007153,3.3807154,3.3707154,2.0107152,0.8207153,-0.46928465,-1.1792847,-2.3592846,-3.8592846,-3.8392847,-4.359285,-4.8692846,-5.7492847,-6.6192846,-5.5092845,-6.2392845,-6.4892845,-6.9292846,-5.3692846,-5.109285,-3.8992846,-2.9392846,-1.8692846,0.8607153,0.07071533,1.2407154,-0.07928467,0.98071533,0.28071535
0.8807153,2.4707153,2.1907153,1.9107153,1.4807153,4.0507154,5.2307153,6.9507155,7.910715,7.1707153,2.4907153,4.080715,2.4707153,4.7107153,4.9507155,2.9307153,2.1007154,0.8107153,-0.27928466,-1.8492846,-2.1192846,-2.2192848,-3.4792848,-4.149285,-4.5392847,-5.2892847,-5.9992847,-6.2192845,-5.899285,-5.669285,-5.899285,-5.8192844,-4.8092847,-4.4892845,-2.5592847,-2.6492846,-1.7292846,-0.12928466,-0.76928467,0.9307153,0.90071535
