wind_kz.json
{"header": {"discipline":0,"disciplineName":"Meteorological products","gribEdition":2,"gribLength":1025,"center":7,"centerName":"US National Weather Service - NCEP(WMC)","subcenter":0,"refTime":"2023-08-18T06:00:00.000Z","significanceOfRT":1,"significanceOfRTName":"Start of forecast","productStatus":0,"productStatusName":"Operational products","productType":1,"productTypeName":"Forecast products","productDefinitionTemplate":0,"productDefinitionTemplateName":"Analysis/forecast at horizontal level/layer at a point in time","parameterCategory":2,"parameterCategoryName":"UnknownDiscipline_0_Category_2","parameterNumber":2,"parameterNumberName":"UnknownParameter_D0_C2_2","parameterUnit":"Unknown","genProcessType":2,"genProcessTypeName":"Forecast","forecastTime":180,"surface1Type":103,"surface1TypeName":"Specified height level above ground","surface1Value":10.0,"surface2Type":255,"surface2TypeName":"Missing","surface2Value":0.0,"gridDefinitionTemplate":0,"gridDefinitionTemplateName":"Latitude_Longitude","numberPoints":615,"shape":6,"shapeName":"Earth spherical with radius of 6,371,229.0 m","gridUnits":"degrees","resolution":48,"winds":"true","scanMode":64,"nx":41,"ny":15,"basicAngle":0,"lo1":47.0,"la1":41.0,"lo2":87.0,"la2":55.0,"dx":1.0,"dy":1.0}, "data":
[rows 0 to 14 of 15, columns 0 to 40 of 41]
-5.3152533,-0.12525329,-0.86525327,-5.765253,-4.205253,-1.1352533,1.6747468,4.894747,4.144747,-1.5552533,-1.0752532,-4.0752535,-2.8352532,-1.7252533,-3.0152533,-0.5452533,0.4647467,1.7847466,1.6647468,3.6547468,3.7447467,4.0547466,3.2247467,2.7647467,3.3447466,0.4047467,-1.8752533,0.1947467,0.2247467,1.2847466,-1.4752533,3.8147466,-1.9252533,1.0047467,-1.4952533,-1.8552533,-0.4952533,-0.8752533,0.10474671,1.5147467,2.0547466
2.7947466,-1.8852533,-3.8552532,-2.7852533,-0.4652533,2.4047468,4.6547465,3.4847467,-1.0852532,-1.7852533,-2.3852532,-1.3252532,-0.5252533,-2.1352532,-1.0252533,0.30474672,2.4547467,3.1047468,3.0747466,1.5147467,7.2447467,2.6147468,0.7347467,1.3147467,0.94474673,-1.4852533,2.1547468,0.0947467,-4.395253,-2.3652532,-0.1952533,-1.0052533,0.2547467,-2.5652533,-0.095253296,-0.3852533,-0.065253295,2.0247467,1.4347467,3.6147468,2.9747467
-2.6052532,-5.5952535,-2.8852532,-0.8952533,1.5447468,3.0847466,-2.4652534,0.4247467,-1.1452533,-1.2252533,-0.12525329,1.5047467,-1.0552533,-1.2452533,0.6247467,2.8847468,4.2847466,4.524747,6.2647467,4.6647468,2.4647467,6.254747,0.3547467,2.7847466,4.2147465,2.8547468,2.9247468,4.314747,0.054746702,-0.025253296,-1.4452533,1.7047467,0.5147467,0.1347467,0.1747467,-1.8752533,-0.5952533,0.7747467,1.3747467,1.3547467,1.2947468
-3.2252533,-5.1352534,-4.1752534,-2.5552533,-1.7852533,-2.3352532,-0.55525327,0.5347467,1.5647467,1.4247468,1.2847466,1.9347467,2.3847468,4.0747466,3.8347466,4.334747,5.8447466,7.4447465,6.874747,6.354747,3.7347467,1.3447467,6.7447467,-0.2952533,3.4547467,6.4547467,2.0147467,-0.2852533,-0.2752533,3.5547466,-0.2952533,-1.5652533,0.1947467,-3.4952533,-2.9652534,-2.2352533,-1.9252533,1.0547467,1.0447468,0.014746704,1.0747467
-2.3752532,-2.6852534,-2.4352534,-1.0652533,-0.4652533,0.8447467,1.0647467,3.9647467,4.6847467,3.5247467,2.4047468,2.6647468,3.9647467,2.4347467,3.3947468,6.084747,5.1647468,5.984747,-1.1852533,-0.7452533,-0.015253296,1.6547467,4.5547466,2.4947467,0.7047467,1.6447467,2.1247468,0.4347467,0.5647467,3.0447466,1.0147467,-2.6052532,-1.2952533,-0.4252533,1.2147467,0.7847467,-2.3452532,-4.975253,-4.8852534,-3.2852533,-3.2252533
-3.8352532,-3.1452532,1.0847467,-1.5352533,0.30474672,1.3647467,1.7647467,0.8347467,0.6247467,1.5147467,1.9147468,2.5847466,4.024747,7.484747,5.0347466,3.3747468,5.644747,-0.3052533,-1.1152533,-0.6452533,2.0547466,2.9447467,3.6147468,4.104747,3.4147468,1.9647467,3.2547467,2.2547467,7.484747,1.8247467,2.7047467,2.0047467,0.2647467,-2.7652533,-0.2752533,-1.9352533,-0.1652533,-0.6452533,1.1547467,-2.5252533,-1.8652533
-3.4352534,-2.6452532,-1.6152533,-1.2652533,0.20474671,0.5247467,2.6747468,0.9047467,1.1547467,1.7247467,-0.1452533,0.044746704,1.1747468,1.8147467,2.4547467,0.6647467,2.0147467,2.4947467,2.4647467,4.0347466,1.9447467,3.8947468,5.124747,4.5147467,6.1347466,4.754747,2.5947466,5.374747,3.2547467,2.3547468,2.1647468,1.4647467,-0.8852533,-3.7452533,-4.1552534,-3.4552534,-1.4652534,2.7047467,-2.6152532,1.8847467,1.7247467
-2.2452533,-0.035253298,-1.1952533,-0.9752533,-0.5052533,1.8847467,2.2347467,0.7347467,-0.8452533,0.15474671,2.0747466,2.0347466,2.6747468,3.3147466,3.6547468,3.2447467,3.7647467,5.274747,5.584747,3.7647467,4.9647465,3.4947467,4.9147468,4.8047466,4.2147465,2.4647467,5.8047466,2.1047468,3.3247466,2.6347468,1.0247467,0.4347467,-1.4052533,0.4147467,-1.5452533,1.8047467,0.5447467,-4.7352533,-4.125253,-4.3652534,-2.8252532
-1.8452533,-2.8652532,-0.07525329,-2.3452532,-1.3352532,0.1847467,0.9247467,3.6547468,-1.2752533,1.6847467,3.1847467,4.1147466,4.7247467,4.8047466,4.234747,4.2647467,5.1847467,1.7947468,4.6847467,1.4547467,4.7147465,5.4447465,5.4047465,5.084747,4.374747,5.2247467,5.2147465,0.1447467,0.5747467,3.1147468,0.5947467,1.9347467,2.6447468,-0.1452533,-1.6252533,-2.1252532,-1.2652533,-2.5452533,-1.4152533,-0.4552533,-1.9152533
-0.1652533,-0.065253295,-0.105253294,-2.8352532,0.1847467,1.2847466,1.9847467,3.0747466,1.1847467,2.8647468,4.394747,5.5147467,5.084747,6.484747,6.144747,5.064747,3.4647467,4.6347466,5.104747,2.5347466,5.1147466,7.0547466,4.5147467,5.4447465,8.184747,4.1947465,8.444747,0.7147467,0.6847467,2.5347466,2.4147468,1.6647468,0.7047467,0.6247467,-3.0052533,0.8547467,-3.3852532,-0.9252533,-2.9152534,-0.6452533,-1.1252533
-0.6352533,-2.9652534,-2.3752532,-0.0852533,0.8547467,2.5247467,2.8747468,2.8247466,2.5547466,3.4747467,3.6047468,4.1747465,6.0147467,4.8647466,5.7247467,2.8947468,5.874747,6.6747465,5.2647467,5.9447465,5.8847466,5.4147468,4.894747,4.7147465,6.044747,3.4147468,6.854747,0.7047467,1.1247467,3.1847467,3.5647466,3.0247467,1.3747467,-1.2752533,-1.3852533,0.15474671,-2.2452533,-0.1752533,-1.5352533,0.5547467,-1.4452533
0.6647467,-0.9652533,-0.80525327,0.7047467,1.9847467,2.1947467,1.2847466,2.6947467,3.3047466,3.1947467,1.6647468,5.144747,5.5347466,5.9747467,4.6847467,4.9947467,6.4347467,6.4647465,5.2047467,5.504747,3.3447466,5.064747,3.3547468,2.2147467,3.9447467,6.5347466,5.0947466,1.4247468,2.9147468,3.3347466,2.8147466,3.5347466,4.7247467,-0.8252533,1.5247467,0.8547467,-2.0152533,-1.3452533,-0.23525329,-0.8452533,-0.9652533
-1.1152533,0.6447467,0.0847467,0.9547467,1.7247467,2.2847466,2.5547466,3.0547466,2.1547468,2.2647467,1.3147467,4.754747,4.3047466,6.274747,5.894747,6.1347466,6.0147467,6.0947466,4.644747,4.6147466,2.8647468,2.8947468,2.0347466,2.5247467,5.2447467,7.2447467,2.3747468,3.2847466,2.7747467,1.3547467,2.7647467,-3.6752534,-3.0352533,-1.1952533,1.4647467,-0.035253298,0.63474673,-2.0352533,-1.5952533,-1.2552533,-1.6052533
0.114746705,0.9747467,0.5947467,1.0747467,1.8847467,2.2647467,1.5947467,1.9347467,2.3847468,1.0447468,1.3147467,4.024747,3.9847467,3.9247468,4.894747,5.0347466,5.5147467,3.9547467,3.6647468,3.5947466,3.7347467,3.9047468,3.5747466,4.3047466,5.544747,4.354747,3.3347466,3.7747467,0.1247467,-0.7252533,-2.0352533,-3.4052534,-3.1152532,-2.2352533,-4.5652533,-1.4352533,0.3847467,-1.5852532,-3.1952534,-1.0352533,-1.6252533
-0.7952533,-1.0152533,0.2447467,0.9147467,2.2147467,2.0547466,2.7647467,2.5247467,2.6547468,2.6247468,2.1147468,3.6947467,3.1447468,2.9847467,4.8247466,4.2147465,3.2247467,2.7147467,2.9947467,2.8747468,2.4747467,2.3847468,2.3447466,3.5847466,2.8647468,3.1647468,4.4247465,1.0147467,2.7047467,-1.9052533,-1.3552533,-2.6052532,-3.1252532,-3.2752533,-1.4352533,0.63474673,-1.0152533,-0.8552533,-2.2852533,-2.0252533,-2.0952532
