wind_kz.json
{"header": {"discipline":0,"disciplineName":"Meteorological products","gribEdition":2,"gribLength":1102,"center":7,"centerName":"US National Weather Service - NCEP(WMC)","subcenter":0,"refTime":"2023-08-21T12:00:00.000Z","significanceOfRT":1,"significanceOfRTName":"Start of forecast","productStatus":0,"productStatusName":"Operational products","productType":1,"productTypeName":"Forecast products","productDefinitionTemplate":0,"productDefinitionTemplateName":"Analysis/forecast at horizontal level/layer at a point in time","parameterCategory":2,"parameterCategoryName":"UnknownDiscipline_0_Category_2","parameterNumber":3,"parameterNumberName":"UnknownParameter_D0_C2_3","parameterUnit":"Unknown","genProcessType":2,"genProcessTypeName":"Forecast","forecastTime":240,"surface1Type":103,"surface1TypeName":"Specified height level above ground","surface1Value":10.0,"surface2Type":255,"surface2TypeName":"Missing","surface2Value":0.0,"gridDefinitionTemplate":0,"gridDefinitionTemplateName":"Latitude_Longitude","numberPoints":615,"shape":6,"shapeName":"Earth spherical with radius of 6,371,229.0 m","gridUnits":"degrees","resolution":48,"winds":"true","scanMode":64,"nx":41,"ny":15,"basicAngle":0,"lo1":47.0,"la1":41.0,"lo2":87.0,"la2":55.0,"dx":1.0,"dy":1.0}, "data":
[rows 0 to 14 of 15, columns 0 to 40 of 41]
2.7902246,2.8302245,-1.7097754,-1.7697754,-5.949775,-5.0397754,1.5102246,2.2402246,1.6102246,1.8302246,0.7302246,0.16022462,-1.1397754,-3.2997754,-4.4397755,-5.989775,-6.8197756,-5.6897755,-7.4197755,-5.449775,-4.9097753,-4.469775,-2.7497754,2.1302247,2.5602245,1.2302246,1.1002246,1.5702246,-3.6997755,-3.5197754,-3.9597754,-3.6597755,-1.3997754,-2.9897754,-8.869776,-14.159776,-13.749775,5.9502244,10.610225,8.260224,2.2702246
-0.8297754,-1.4897754,3.1602247,0.8702246,-3.4997754,-6.2997756,0.7402246,1.6502246,2.0302246,1.1702247,1.0502247,1.4502246,-1.3897754,-2.6697755,-3.5897753,-5.1697755,-4.8497753,-6.1197753,-6.9097753,-4.5597754,-5.8297753,-6.9797754,-3.9997754,-1.9997754,2.6802247,2.4502246,2.3402245,0.7302246,-0.20977539,-2.4997754,-1.5797753,-3.3297753,-3.2497754,-4.009775,-4.0597754,0.5602246,-8.169775,-8.739776,-6.8797755,-2.6997755,-1.8697754
-1.7297754,4.570225,4.300225,3.0702245,0.8802246,2.8702247,1.5102246,1.6102246,3.0602245,2.9802246,1.4302247,0.1902246,-1.1897753,-2.2697754,-4.2297754,-5.239775,-4.7997756,-5.5497756,-5.8097754,-6.2797756,-2.8397753,-4.6697755,-7.1397753,-3.0397754,-4.219775,-3.4197755,-4.8897753,-5.1697755,-1.7697754,-2.5197754,-1.1497754,-1.4997754,-3.6197753,2.0102246,-1.1797754,-0.9497754,-0.85977536,-0.06977539,-0.4197754,-1.7697754,0.6602246
-0.8097754,5.8102245,5.4802246,4.2702246,1.8402246,3.0402246,2.9102247,2.7402246,2.6502247,3.0602245,0.8002246,-1.4297754,-3.4397755,-5.8797755,-7.719775,-3.5697753,-4.0697756,-4.1297755,-5.3697753,-5.4097753,-5.5497756,-5.4797754,-2.7897754,-3.4397755,-2.9197755,-4.199775,-3.8697753,-2.1697755,-3.8897753,-3.9897754,-2.5797753,-2.4797754,2.5502245,-1.7697754,0.5002246,1.5602247,2.6102247,3.2102246,-0.5697754,2.0302246,2.1302247
2.0602245,4.8602247,5.6402245,3.0902245,-4.3597755,3.3502245,3.1302247,3.2802246,3.7902246,3.2002246,2.8902247,2.2302246,1.3002247,-0.23977539,-3.0097754,-3.0397754,-3.1697755,-3.5297754,-3.5297754,-3.2597754,-2.1497755,-2.9497755,-3.0597754,-3.9297755,-3.7397754,-3.5797753,-4.3297753,-5.6497755,-3.2797754,-0.3897754,-2.0497754,-0.9497754,0.5502246,1.5402246,0.15022461,2.1202247,-1.9197754,2.6102247,3.0702245,4.5402246,1.8102247
3.3602247,5.8102245,3.8702247,2.9702246,0.8802246,-1.0897754,2.8802247,4.4802246,4.5802245,3.3402245,2.3802247,0.7402246,5.4602246,4.530225,1.1202246,-2.1597755,-2.1597755,-1.7097754,-2.2997754,-1.3897754,-2.5397754,-1.4197754,-2.8197753,-3.1397753,-3.7797754,-3.3497753,-3.9697754,-1.0797753,-2.9497755,-3.0397754,-1.2397754,-3.9197755,-5.699775,-1.3697754,-1.6697754,-1.0797753,-1.8297753,-4.7897754,-3.0397754,1.9102246,2.2302246
3.5202246,3.0102246,5.7102246,5.4802246,4.9402246,5.2902246,4.6502247,5.3402247,4.4702244,3.8102245,1.9602246,-0.09977539,-1.0497754,-1.4997754,-0.2597754,-1.5497754,-1.2297754,-1.3897754,-1.3797754,-1.3097754,-1.9297754,-1.3797754,-2.7897754,-2.6197753,-2.5797753,-2.6097753,-2.1997755,-3.3897753,-2.9097755,-3.2697754,-1.3997754,-0.72977537,-0.9497754,-2.0297754,-1.3897754,-2.6197753,-1.8697754,-1.0697753,-3.2397754,-0.17977539,-7.6697755
3.5802245,3.5602245,2.5702245,4.7002244,5.3702245,4.9002247,4.9502244,4.9402246,3.9102247,2.3402245,0.8802246,1.0202246,1.0402246,1.1202246,-0.08977539,-1.7797754,-2.7497754,0.12022461,-0.8997754,-1.2897754,-0.5597754,0.05022461,-2.1797755,-3.8397753,-1.3797754,-1.7097754,-2.8197753,-2.8397753,-1.4597754,-1.1697754,0.6902246,-3.4797754,-3.1997755,-3.1297753,-1.3997754,-4.2697754,-2.5797753,0.3702246,1.5502247,2.0802245,-1.7897754
2.8802247,2.1702247,2.3802247,2.6002245,2.8302245,3.2802246,4.6402245,4.0902247,2.9702246,1.4302247,0.6002246,1.3202246,0.4802246,0.58022463,-0.3797754,-1.4097754,-1.7297754,1.0002246,-0.2697754,-0.09977539,-0.7797754,-2.1597755,-3.1697755,-2.8497753,-2.1897755,-1.3997754,-1.4897754,-2.9297755,-2.6297753,-1.9197754,-3.6197753,-0.97977537,-0.5197754,-0.9097754,-3.3997755,0.2902246,1.2102246,-0.6897754,-0.4197754,-0.1397754,2.1502247
5.2102246,3.4002247,2.5502245,2.6502247,1.9402246,3.0302246,2.9802246,4.530225,3.0602245,2.4502246,1.5202246,1.0102246,1.0302246,1.5702246,1.6202246,0.8602246,0.13022462,1.2502246,1.0402246,0.9102246,-0.2997754,-1.7197754,-2.3097754,-2.3697753,-1.1797754,-1.1097754,-1.2397754,-0.6597754,-0.85977536,-1.2697754,-1.7397754,-3.3597753,0.5502246,-0.9997754,-3.9997754,0.3002246,-0.8797754,0.23022461,2.0102246,-0.04977539,-0.6197754
1.8002247,1.7002246,2.6802247,2.8702247,2.9702246,3.8402245,2.1802247,2.5102246,2.5802245,2.0702245,1.3502246,1.1502246,1.5502247,1.5602247,1.4302247,2.0902245,2.0602245,1.5502247,1.9202247,1.6602246,0.5102246,-0.2597754,-0.2497754,-0.66977537,-1.7597754,-1.5797753,0.77022463,0.5902246,-1.0597754,-0.7497754,-0.9497754,-0.85977536,-0.9497754,1.4002246,0.7502246,-0.2497754,1.3002247,0.7102246,-1.6197754,-0.9997754,-0.9097754
2.6202247,1.3402246,1.3602246,2.3702247,3.0002246,3.4102247,3.0602245,1.8902246,1.7202246,1.4202247,0.28022462,-0.3897754,-0.33977538,0.5102246,0.13022462,0.8402246,1.6402246,2.0602245,2.6502247,1.7502246,1.2102246,1.0102246,0.23022461,-0.3597754,0.23022461,-0.97977537,0.9602246,2.2402246,2.9202247,-1.1397754,0.5502246,0.8102246,-0.7697754,1.5002246,-0.2197754,1.7502246,2.0902245,0.2702246,-1.3897754,0.5902246,-0.3997754
0.1402246,0.21022461,1.5502247,1.2402246,1.1902246,1.9702246,2.5102246,2.3002245,1.4702246,1.8302246,1.4902246,0.7102246,0.6502246,0.3702246,0.38022462,0.9402246,1.0102246,2.4702246,3.1202247,3.1702247,2.1402247,2.5102246,1.5402246,-0.8097754,3.2402246,-0.9997754,-0.2197754,-0.5197754,-1.3197753,-0.07977539,-0.009775391,1.1402246,0.83022463,1.2902246,0.64022464,-0.43977538,0.09022461,1.9102246,0.5902246,0.9302246,-0.6497754
-0.7797754,-0.2497754,0.08022461,-0.18977539,-0.5297754,-0.2197754,1.3702246,1.7202246,0.7302246,0.9202246,1.0302246,0.3702246,0.16022462,1.5802246,0.7802246,1.6502246,1.1902246,3.6202247,3.5402246,3.2702246,2.8802247,2.3902247,1.0102246,-0.03977539,-0.54977536,0.08022461,1.3802246,1.4702246,0.12022461,1.1602246,0.9002246,0.77022463,3.3302245,2.9502246,1.8302246,2.5402246,0.6302246,3.3002245,2.8002245,2.2802246,2.1002245
-1.4497753,-1.9497753,-2.9397755,-2.0697753,-2.0097754,-1.4297754,-0.8297754,-1.3397754,-2.1797755,-1.9297754,-0.8397754,-0.8497754,-0.3197754,0.7302246,0.64022464,-0.8197754,2.7202246,4.5602245,5.1602244,4.2902246,3.9102247,3.4002247,2.4402246,1.3602246,1.0002246,1.6202246,1.5202246,0.6902246,0.9602246,1.2902246,1.0602247,0.8702246,2.0402246,3.6702247,3.1202247,3.5502245,4.7102246,3.3302245,2.8202245,3.9902246,2.6702247
