wind_kz.json
{"header": {"discipline":0,"disciplineName":"Meteorological products","gribEdition":2,"gribLength":1025,"center":7,"centerName":"US National Weather Service - NCEP(WMC)","subcenter":0,"refTime":"2023-10-03T00:00:00.000Z","significanceOfRT":1,"significanceOfRTName":"Start of forecast","productStatus":0,"productStatusName":"Operational products","productType":1,"productTypeName":"Forecast products","productDefinitionTemplate":0,"productDefinitionTemplateName":"Analysis/forecast at horizontal level/layer at a point in time","parameterCategory":2,"parameterCategoryName":"UnknownDiscipline_0_Category_2","parameterNumber":3,"parameterNumberName":"UnknownParameter_D0_C2_3","parameterUnit":"Unknown","genProcessType":2,"genProcessTypeName":"Forecast","forecastTime":0,"surface1Type":103,"surface1TypeName":"Specified height level above ground","surface1Value":10.0,"surface2Type":255,"surface2TypeName":"Missing","surface2Value":0.0,"gridDefinitionTemplate":0,"gridDefinitionTemplateName":"Latitude_Longitude","numberPoints":615,"shape":6,"shapeName":"Earth spherical with radius of 6,371,229.0 m","gridUnits":"degrees","resolution":48,"winds":"true","scanMode":64,"nx":41,"ny":15,"basicAngle":0,"lo1":47.0,"la1":41.0,"lo2":87.0,"la2":55.0,"dx":1.0,"dy":1.0}, "data":
[rows 0 to 14 of 15, columns 0 to 40 of 41]
-0.98460203,-1.684602,0.92539793,1.0053979,2.2153978,1.825398,0.95539796,0.04539795,-1.044602,-1.0046021,-2.7946022,-2.394602,-2.344602,-2.104602,-1.924602,-2.524602,-1.464602,-0.72460204,-1.454602,-0.54460204,0.66539794,-1.464602,1.5053979,-1.804602,-1.044602,-1.184602,-1.074602,1.7453979,1.1453979,2.665398,0.6253979,-0.05460205,1.915398,-0.90460205,-3.204602,0.65539795,1.6553979,0.53539795,0.6253979,1.815398,1.7653979
3.495398,-1.194602,-2.244602,5.225398,5.825398,3.105398,-1.3946021,1.3953979,-0.19460206,-1.184602,-1.904602,-3.604602,-3.3146021,-2.2946022,-3.254602,-1.0046021,0.635398,-0.9446021,-1.3446021,-0.36460206,-0.02460205,-2.094602,-0.684602,1.675398,0.45539796,0.78539795,-2.654602,3.005398,0.90539795,2.635398,4.905398,5.005398,0.64539796,-0.22460204,-2.0546021,-0.97460204,-0.73460203,-1.3646021,0.16539794,-1.674602,0.70539796
-0.5646021,0.025397949,0.67539793,6.265398,4.665398,2.565398,1.4953979,1.715398,1.2753979,-0.43460205,-1.6446021,-1.4946021,-2.674602,-2.974602,-1.434602,-1.6346021,-0.67460203,-0.67460203,-1.414602,-2.084602,-1.1246021,-0.96460205,-2.444602,-0.7546021,0.27539796,0.51539797,0.39539796,1.045398,0.17539795,0.76539797,2.835398,0.61539793,0.54539794,-0.63460207,-0.45460206,1.8853979,4.555398,0.66539794,0.11539795,1.1553979,1.3653979
-1.074602,0.945398,0.565398,6.325398,3.6853979,4.145398,4.215398,3.565398,2.835398,1.4953979,-0.32460204,-1.704602,-2.944602,-1.584602,-2.004602,-1.8446021,-1.304602,-2.104602,-0.79460204,-2.514602,-3.2946022,-1.2646021,1.3853979,0.755398,0.44539794,-0.23460205,-0.96460205,0.53539795,0.65539795,-1.034602,-1.454602,-4.554602,-0.19460206,0.30539796,0.76539797,-1.9746021,-1.0146021,2.095398,1.6153979,0.47539794,0.12539795
-2.774602,0.79539794,3.785398,6.125398,4.0453978,5.365398,5.515398,6.195398,3.2153978,1.465398,1.165398,-0.06460205,-2.0346022,-2.684602,-1.8546021,-1.1346021,-1.1446021,-1.654602,-1.314602,-1.454602,-1.8646021,-1.914602,-2.384602,-2.854602,-2.684602,-1.8746021,-0.20460205,0.755398,1.075398,1.225398,0.97539794,1.6153979,-0.32460204,2.595398,-0.82460207,-2.0346022,0.24539796,-1.684602,-0.58460206,0.95539796,-0.89460206
-2.974602,-2.614602,-4.974602,5.415398,7.945398,7.3153977,5.275398,4.675398,3.7153978,2.295398,1.1053979,-0.88460207,-2.624602,-2.8146021,-1.9846021,-1.414602,-0.97460204,-1.2246021,-0.92460203,-1.2246021,-1.834602,-2.514602,-3.344602,-3.414602,-2.5346022,-1.564602,-0.22460204,0.08539795,1.195398,0.90539795,0.66539794,4.355398,-1.414602,2.335398,2.765398,6.995398,2.235398,3.315398,0.51539797,-1.214602,-0.934602
1.2553979,0.43539795,-2.2846022,-0.18460205,2.9253979,5.485398,5.645398,4.625398,2.995398,2.365398,1.335398,0.30539796,-1.4746021,-2.494602,-2.014602,-2.374602,-1.5146021,-1.1146021,-1.304602,-1.8546021,-2.914602,-3.244602,-3.354602,-3.5346022,-4.774602,-3.674602,-0.44460204,-1.064602,0.96539795,1.0253979,0.42539796,4.765398,1.165398,-3.104602,0.58539796,-1.0146021,-3.214602,-2.524602,1.5053979,0.13539796,0.11539795
-0.27460206,1.325398,2.245398,1.5053979,2.515398,4.955398,6.115398,5.055398,4.155398,3.7153978,2.255398,0.9353979,-0.96460205,-1.684602,-1.8746021,-1.1146021,-1.5046021,-1.334602,-1.564602,-1.7246021,-3.224602,-3.744602,-4.304602,-4.884602,-4.884602,-4.244602,-3.344602,-0.66460204,0.06539795,1.065398,-1.1246021,1.055398,1.815398,-2.944602,0.08539795,0.60539794,-0.35460204,0.65539795,-1.6146021,0.47539794,-2.434602
-0.96460205,0.97539794,1.315398,2.7053978,3.135398,5.5653977,7.115398,6.615398,3.535398,4.415398,2.7053978,1.4953979,0.43539795,-0.34460205,-0.744602,-1.054602,0.03539795,-0.03460205,-0.63460207,-1.964602,-2.014602,-4.484602,-4.324602,-5.044602,-5.764602,-5.864602,-3.414602,-2.5546021,-1.6346021,-0.89460206,-2.004602,-2.234602,-0.21460205,-0.29460204,1.455398,1.565398,-2.514602,-0.36460206,0.05539795,-0.24460205,-2.8046021
0.41539794,1.835398,2.325398,1.475398,3.265398,5.645398,5.385398,5.495398,5.635398,3.605398,3.245398,2.975398,2.325398,1.455398,0.60539794,0.37539795,1.065398,0.37539795,-0.31460205,-1.4746021,-2.194602,-2.334602,-3.3046021,-3.964602,-4.6646023,-4.634602,-5.094602,-4.214602,-3.614602,-3.614602,-1.6246021,-1.8746021,-2.194602,-1.6246021,-0.05460205,0.16539794,0.22539794,-2.334602,-0.9446021,2.805398,3.255398
1.545398,1.3953979,0.76539797,1.555398,1.9853979,4.3153977,6.5453978,5.915398,6.035398,4.165398,3.855398,2.9453979,2.985398,3.135398,2.325398,1.795398,2.575398,2.245398,1.215398,0.025397949,-0.98460203,-2.0746021,-2.474602,-2.744602,-3.234602,-3.234602,-2.634602,-2.864602,-2.714602,-1.794602,-2.3046021,-2.454602,-2.754602,-2.464602,-1.944602,-0.18460205,0.025397949,2.235398,1.2353979,1.475398,-0.32460204
0.18539795,1.1153979,0.755398,1.3553979,2.495398,2.385398,3.095398,3.2053978,3.015398,1.7653979,1.475398,1.9853979,2.4653978,2.985398,2.865398,2.6853979,2.635398,2.545398,2.635398,2.595398,1.6153979,-0.16460206,-1.2646021,-1.714602,-1.1446021,-2.234602,-1.684602,-1.544602,-1.814602,-2.214602,-2.174602,-2.5546021,-2.174602,-2.184602,-2.204602,-3.014602,-1.5046021,0.505398,1.345398,1.4053979,0.45539796
0.54539794,0.82539797,1.1553979,1.5153979,1.2353979,1.435398,1.3853979,2.375398,2.625398,1.8653979,0.95539796,1.835398,2.835398,2.615398,2.975398,2.645398,2.4453979,2.515398,1.7653979,2.785398,2.805398,2.275398,1.3653979,1.195398,0.9353979,1.2653979,0.39539796,-0.76460207,-0.72460204,-0.71460205,-1.044602,-0.89460206,-1.334602,-1.424602,-1.294602,-0.9446021,-1.2546021,-0.82460207,-1.3446021,-1.054602,-0.30460206
-1.3946021,0.54539794,1.315398,2.735398,1.805398,2.345398,1.6353979,2.785398,2.4653978,2.9453979,2.095398,0.89539796,0.36539796,2.095398,2.595398,3.1853979,3.135398,3.485398,3.1953979,3.065398,2.905398,2.725398,2.4653978,2.6953979,2.875398,2.235398,1.585398,1.2753979,0.96539795,0.565398,0.37539795,0.42539796,0.49539796,0.51539797,0.015397949,-0.29460204,-0.41460204,-1.0146021,-0.994602,-0.37460205,-0.47460204
-1.694602,-3.384602,-2.8046021,2.085398,2.765398,2.735398,3.005398,2.575398,2.865398,2.825398,2.095398,2.075398,1.7453979,1.185398,2.105398,2.7153978,3.115398,3.375398,4.0453978,3.575398,3.385398,3.245398,3.085398,3.005398,2.9553978,3.035398,2.845398,2.515398,2.165398,2.045398,1.305398,2.255398,1.665398,1.535398,1.415398,0.97539794,1.1253979,1.705398,1.285398,1.5153979,0.48539793
