wind.json
{"header": {"discipline":0,"disciplineName":"Meteorological products","gribEdition":2,"gribLength":1211,"center":7,"centerName":"US National Weather Service - NCEP(WMC)","subcenter":0,"refTime":"2023-05-30T06:00:00.000Z","significanceOfRT":1,"significanceOfRTName":"Start of forecast","productStatus":0,"productStatusName":"Operational products","productType":1,"productTypeName":"Forecast products","productDefinitionTemplate":0,"productDefinitionTemplateName":"Analysis/forecast at horizontal level/layer at a point in time","parameterCategory":2,"parameterCategoryName":"UnknownDiscipline_0_Category_2","parameterNumber":2,"parameterNumberName":"UnknownParameter_D0_C2_2","parameterUnit":"Unknown","genProcessType":2,"genProcessTypeName":"Forecast","forecastTime":60,"surface1Type":103,"surface1TypeName":"Specified height level above ground","surface1Value":10.0,"surface2Type":255,"surface2TypeName":"Missing","surface2Value":0.0,"gridDefinitionTemplate":0,"gridDefinitionTemplateName":"Latitude_Longitude","numberPoints":688,"shape":6,"shapeName":"Earth spherical with radius of 6,371,229.0 m","gridUnits":"degrees","resolution":48,"winds":"true","scanMode":64,"nx":43,"ny":16,"basicAngle":0,"lo1":45.0,"la1":40.0,"lo2":87.0,"la2":55.0,"dx":1.0,"dy":1.0}, "data":
[rows 0 to 15 of 16, columns 0 to 42 of 43]
-2.73682,2.26318,-2.11682,-7.60682,-7.55682,-2.22682,1.4831799,3.10318,3.40318,2.83318,8.12318,7.16318,-2.99682,-5.53682,-4.79682,-0.72682005,-0.9968201,-1.8568201,-2.11682,-4.22682,-2.73682,-2.7768202,-4.25682,1.56318,0.57317996,-0.30682006,-0.77682006,0.6831799,0.18317993,1.2431799,1.6331799,-0.48682007,3.00318,-1.06682,-3.0868201,-3.8368201,-6.10682,-5.22682,-4.58682,-3.49682,-4.27682,-6.37682,-6.64682
1.3931799,4.31318,-6.08682,0.6731799,1.8531799,2.7231798,2.9631798,4.67318,6.27318,7.19318,7.44318,-2.46682,-2.46682,-4.99682,-4.05682,-1.80682,-3.89682,-4.29682,-2.85682,-5.12682,-6.16682,-4.99682,-4.9668202,-0.96682006,0.18317993,-2.59682,1.17318,-0.02682007,-3.68682,-2.40682,-1.0868201,0.38317993,1.3531799,1.09318,3.27318,3.4231799,-3.10682,-3.96682,-2.84682,-3.0268202,-2.50682,-0.8068201,-1.7268201
1.57318,-1.8368201,2.6631799,1.2531799,3.4231799,2.89318,4.90318,5.8431797,7.44318,5.18318,6.11318,-3.23682,-4.72682,-3.95682,-3.11682,-2.69682,-5.59682,-5.73682,-5.27682,-6.6768203,-4.98682,-5.4468203,-6.49682,-5.24682,-3.70682,-4.23682,-0.43682006,-0.086820066,-0.67682004,-0.23682007,-2.0768201,-0.18682007,0.6131799,0.25317994,-0.02682007,0.84317994,-0.18682007,-0.98682004,-1.3568201,-0.7668201,0.06317993,-2.5668201,-6.07682
-0.54682004,-0.5668201,1.05318,0.52317995,2.84318,4.81318,6.79318,6.20318,6.31318,7.56318,1.94318,-4.51682,-6.11682,-8.06682,-5.87682,-7.05682,-7.1568203,-5.81682,-7.10682,-6.13682,-4.48682,-6.36682,-5.88682,-8.416821,-9.07682,-10.58682,-5.36682,-3.8368201,-0.67682004,0.8131799,-2.99682,-0.64682007,0.06317993,1.4131799,0.41317993,-0.79682004,-0.25682008,-1.69682,1.1331799,-0.21682006,4.15318,4.01318,1.3931799
-0.17682007,2.25318,3.06318,7.01318,7.70318,7.7831798,7.88318,7.19318,4.81318,5.72318,-3.90682,-7.9468203,-7.60682,-6.9468203,-7.47682,-6.08682,-5.49682,-5.54682,-6.38682,-5.23682,-6.91682,-7.60682,-6.38682,-10.69682,-6.80682,-7.89682,-7.25682,-5.33682,-4.78682,-8.416821,-3.94682,-1.0968201,-0.30682006,0.123179935,1.9031799,2.05318,-1.68682,-2.10682,-2.36682,2.2131798,1.18318,0.013179932,2.64318
2.01318,3.07318,5.35318,8.71318,9.22318,9.36318,9.89318,7.81318,6.74318,5.46318,-3.51682,-7.98682,-6.63682,-5.07682,-5.81682,-2.91682,-3.17682,-5.32682,-4.4068203,-4.32682,-4.29682,-5.72682,-5.24682,-5.60682,-6.29682,-5.34682,-4.34682,-4.48682,-4.36682,-3.97682,-3.8268201,-2.93682,-3.2768202,-0.84682006,-2.91682,-0.41682008,1.3831799,-3.10682,-7.75682,-3.89682,-0.59682006,1.83318,1.20318
3.99318,3.06318,5.43318,7.99318,10.47318,10.44318,9.47318,5.96318,5.21318,6.01318,1.0331799,-7.23682,-5.57682,-3.69682,-4.14682,-0.58682007,-3.44682,-3.5368202,-3.64682,-3.8368201,-3.67682,-4.23682,-4.24682,-3.5468202,-3.7868202,-2.68682,-3.39682,-3.45682,-3.0868201,-4.6768203,-4.68682,-6.23682,-4.48682,-4.41682,-2.47682,-3.24682,-2.49682,-2.26682,-0.20682007,2.08318,2.2231798,3.02318,4.06318
0.31317994,4.19318,5.93318,9.66318,8.24318,6.49318,4.65318,2.03318,4.76318,4.89318,-7.81682,-6.4268203,-3.5468202,-1.66682,-0.54682004,0.9931799,-0.92682004,-2.0768201,-2.47682,-1.8568201,-2.5268202,-3.37682,-2.96682,-2.90682,-3.7868202,-3.7768202,-3.5768201,-3.61682,-3.5868201,-6.31682,-6.87682,-6.1968203,-4.73682,-4.89682,-3.5668201,-3.25682,-2.11682,-2.25682,-1.53682,3.01318,-0.28682005,2.32318,2.39318
0.51317996,2.37318,5.17318,3.38318,-0.29682007,-0.18682007,0.19317994,2.29318,4.19318,-3.66682,-6.56682,-5.25682,-1.4668201,0.48317993,1.71318,-1.5868201,-3.00682,-4.06682,-2.18682,-1.06682,-2.21682,-4.47682,-1.0168201,-2.47682,-4.01682,-5.12682,-4.7168202,-3.13682,-4.25682,-4.63682,-3.71682,-3.3368201,-3.41682,-2.75682,-2.63682,-0.89682007,-1.43682,2.54318,3.4731798,5.11318,3.14318,3.4131799,-0.7068201
-0.086820066,0.22317994,2.36318,1.21318,0.7331799,-2.87682,-2.44682,-2.64682,-5.11682,-6.56682,-5.6768203,-4.08682,-0.19682007,-1.80682,-3.65682,-5.33682,-5.1768203,-4.20682,-4.41682,-4.87682,-4.59682,-5.09682,-4.79682,-3.68682,-4.4268203,-3.94682,-3.97682,-4.26682,-2.73682,-3.62682,-1.81682,-1.4668201,-2.7768202,-2.49682,-0.73682004,0.40317994,1.7331799,1.29318,0.72317994,-2.7868202,-2.17682,0.6731799,-1.5868201
1.1631799,-0.90682006,0.19317994,2.01318,1.1631799,-3.17682,-6.56682,-4.39682,-4.70682,-5.10682,-4.1968203,-3.50682,-2.42682,-2.38682,-4.70682,-4.24682,-4.72682,-4.30682,-4.47682,-4.24682,-3.87682,-3.7968202,-3.86682,-3.0368202,-3.8068202,-3.86682,-4.52682,-4.16682,-3.39682,-3.38682,-2.68682,-2.5268202,-2.96682,-2.5368202,-0.98682004,0.51317996,0.7531799,1.54318,-1.2568201,-0.15682007,-3.09682,-0.6168201,-0.14682007
0.37317994,1.67318,-0.41682008,0.76317996,1.21318,-3.16682,-2.13682,-3.5868201,-3.60682,-1.8368201,-2.0268202,-2.90682,-2.3068202,-2.13682,-3.64682,-3.71682,-2.97682,-2.8068202,-2.22682,-2.42682,-4.05682,-4.08682,-3.65682,-3.71682,-2.86682,-3.63682,-2.71682,-2.71682,-1.04682,-2.10682,-2.26682,-3.26682,-3.18682,-3.48682,-2.63682,-1.2568201,-1.3568201,-3.67682,-1.8868201,-1.3368201,-0.15682007,0.76317996,-1.4968201
0.52317995,0.31317994,0.28317994,-2.46682,-0.96682006,-1.5068201,-0.72682005,-0.91682005,-0.64682007,-2.36682,-3.23682,-3.14682,-2.76682,-1.1268201,-4.02682,-2.85682,-1.3468201,-3.40682,-2.20682,-4.6568203,-1.28682,-1.6068201,-2.36682,-1.18682,-1.95682,-2.62682,-1.65682,-1.06682,-2.74682,-2.65682,-2.88682,-3.24682,-3.43682,-3.8068202,-2.36682,-2.64682,-1.6368201,-2.09682,-2.5568202,-1.5268201,-0.15682007,-0.32682008,-0.30682006
-0.016820068,-0.26682007,-1.1168201,-1.81682,-0.10682007,-1.1368201,1.19318,1.6231799,-1.28682,-0.20682007,-1.7468201,-1.29682,-1.2768201,-2.0368202,-1.32682,2.15318,-1.8768201,-1.1268201,-1.40682,-1.15682,4.31318,-1.8368201,-2.0468202,-1.2268201,-0.83682007,-1.07682,0.58317995,-0.10682007,-0.9468201,-2.65682,-1.07682,-0.8768201,-1.19682,-1.43682,-1.8468201,-1.1468201,-0.41682008,-2.00682,-1.40682,-1.8568201,-2.59682,-1.78682,-0.97682005
0.5031799,-0.016820068,-0.49682006,-1.32682,1.20318,0.39317992,0.13317993,0.013179932,-0.5768201,-2.19682,-1.2568201,-0.06682007,-1.0168201,-0.59682006,0.31317994,-1.0268201,0.5431799,1.58318,2.7131798,2.1631799,2.83318,0.66317993,0.42317992,-0.64682007,-0.18682007,0.123179935,-0.36682007,0.123179935,-0.05682007,0.05317993,-0.29682007,-0.8768201,-0.71682006,-1.81682,-2.11682,-1.95682,-1.15682,-1.80682,-2.0268202,-0.6168201,0.6231799,-0.90682006,-0.16682006
-0.5068201,0.48317993,0.14317994,-0.10682007,1.1631799,0.84317994,0.91317993,0.90317994,0.51317996,0.5431799,-0.13682006,-0.90682006,-0.25682008,-0.23682007,0.23317993,0.34317994,1.8831799,1.6431799,1.19318,0.8631799,0.8731799,0.32317993,0.043179933,1.0231799,0.0031799315,0.30317992,0.18317993,0.16317993,0.11317993,0.84317994,0.44317994,-0.5768201,-2.10682,-1.6368201,-1.1168201,-0.97682005,-0.19682007,1.4831799,0.38317993,1.06318,1.43318,0.76317996,-1.3868201
