wind_kz.json
{"header": {"discipline":0,"disciplineName":"Meteorological products","gribEdition":2,"gribLength":871,"center":7,"centerName":"US National Weather Service - NCEP(WMC)","subcenter":0,"refTime":"2023-09-08T12:00:00.000Z","significanceOfRT":1,"significanceOfRTName":"Start of forecast","productStatus":0,"productStatusName":"Operational products","productType":1,"productTypeName":"Forecast products","productDefinitionTemplate":0,"productDefinitionTemplateName":"Analysis/forecast at horizontal level/layer at a point in time","parameterCategory":0,"parameterCategoryName":"UnknownDiscipline_0_Category_0","parameterNumber":0,"parameterNumberName":"UnknownParameter_D0_C0_0","parameterUnit":"Unknown","genProcessType":2,"genProcessTypeName":"Forecast","forecastTime":60,"surface1Type":1,"surface1TypeName":"Ground or water surface","surface1Value":0.0,"surface2Type":255,"surface2TypeName":"Missing","surface2Value":0.0,"gridDefinitionTemplate":0,"gridDefinitionTemplateName":"Latitude_Longitude","numberPoints":615,"shape":6,"shapeName":"Earth spherical with radius of 6,371,229.0 m","gridUnits":"degrees","resolution":48,"winds":"true","scanMode":64,"nx":41,"ny":15,"basicAngle":0,"lo1":47.0,"la1":41.0,"lo2":87.0,"la2":55.0,"dx":1.0,"dy":1.0}, "data":
[rows 0 to 14 of 15, columns 0 to 40 of 41]
287.04388,277.14386,281.64386,298.04388,297.94388,296.84387,292.54388,291.44388,289.64386,291.64386,291.34387,292.44388,290.84387,291.64386,293.24387,293.44388,294.94388,293.94388,291.04388,294.14386,294.84387,290.64386,291.54388,292.44388,291.64386,293.44388,292.34387,278.34387,276.84387,276.34387,275.14386,277.44388,285.94388,291.64386,292.44388,292.74387,293.04388,292.54388,290.94388,292.34387,293.14386
266.94388,281.24387,297.44388,297.84387,297.64386,295.74387,287.74387,286.24387,287.44388,288.64386,288.84387,288.84387,288.74387,288.34387,290.84387,291.94388,294.84387,292.24387,289.24387,291.04388,291.14386,291.64386,292.64386,287.94388,275.14386,275.44388,285.54388,276.74387,277.04388,273.74387,281.44388,271.94388,278.34387,259.24387,275.24387,290.14386,289.84387,291.54388,293.34387,286.64386,283.94388
281.94388,297.14386,298.14386,297.74387,295.34387,286.34387,285.74387,285.04388,286.74387,286.44388,286.34387,287.64386,286.74387,287.64386,290.14386,290.94388,292.94388,291.14386,290.44388,290.64386,291.34387,290.04388,291.24387,288.34387,289.84387,290.34387,290.34387,287.94388,289.74387,284.34387,275.34387,277.64386,282.14386,282.44388,283.24387,284.04388,277.54388,276.34387,278.34387,274.84387,274.14386
284.54388,296.84387,297.64386,296.84387,292.34387,286.04388,287.34387,284.34387,286.44388,287.24387,286.54388,287.24387,293.94388,293.14386,289.84387,292.14386,293.44388,289.34387,290.74387,289.54388,290.84387,287.84387,291.64386,291.74387,291.94388,291.74387,291.84387,290.14386,290.44388,290.44388,292.74387,290.04388,294.84387,292.54388,291.24387,291.24387,280.24387,277.64386,281.14386,287.64386,292.54388
285.64386,294.94388,295.94388,294.74387,291.74387,286.94388,286.64386,286.54388,287.14386,286.04388,286.14386,285.74387,293.44388,292.14386,290.34387,290.44388,291.84387,292.74387,291.84387,292.34387,291.64386,292.04388,291.24387,291.64386,291.04388,291.14386,291.04388,291.34387,291.64386,290.94388,294.54388,291.34387,285.04388,275.94388,282.34387,290.94388,292.84387,294.24387,295.54388,294.04388,295.34387
284.44388,283.04388,294.04388,293.44388,293.94388,293.54388,286.34387,286.84387,286.84387,285.74387,285.84387,286.84387,291.94388,293.14386,290.84387,288.54388,291.94388,292.34387,291.14386,292.64386,292.94388,292.84387,290.44388,289.94388,289.34387,289.04388,290.34387,291.84387,292.64386,293.24387,292.04388,292.54388,292.64386,289.64386,288.14386,290.34387,284.94388,286.24387,289.94388,293.74387,293.14386
286.74387,281.64386,285.74387,286.64386,290.04388,285.24387,287.14386,286.94388,287.84387,286.24387,284.54388,284.84387,284.94388,284.74387,288.34387,290.24387,290.74387,289.64386,289.94388,289.54388,291.24387,291.34387,291.74387,292.14386,291.44388,289.64386,288.74387,291.34387,290.64386,289.74387,289.54388,289.24387,289.84387,290.84387,290.74387,291.44388,287.34387,283.34387,280.94388,279.34387,289.44388
284.34387,282.84387,284.24387,285.24387,286.74387,286.64386,286.24387,286.14386,287.64386,286.04388,284.84387,283.84387,283.74387,284.44388,285.84387,286.94388,288.04388,289.54388,288.84387,288.14386,287.84387,288.44388,288.24387,288.64386,288.44388,287.54388,287.54388,287.04388,285.64386,286.84387,286.04388,286.64386,285.84387,284.04388,288.94388,286.34387,287.34387,289.34387,288.24387,291.34387,288.24387
283.54388,285.94388,283.94388,283.64386,287.04388,287.14386,286.44388,284.94388,287.54388,287.34387,286.14386,285.14386,284.24387,284.54388,284.94388,285.84387,285.64386,286.74387,287.34387,287.54388,284.94388,284.54388,285.84387,285.74387,285.34387,285.34387,282.44388,282.34387,281.84387,281.34387,282.94388,283.44388,283.34387,284.44388,284.84387,283.54388,284.54388,283.74387,276.74387,278.34387,276.54388
285.24387,282.94388,283.64386,283.34387,284.94388,284.34387,285.84387,282.34387,286.64386,285.94388,284.74387,284.84387,285.74387,285.84387,285.84387,286.04388,285.94388,285.94388,286.04388,286.94388,285.34387,284.54388,283.84387,284.04388,283.64386,281.54388,281.44388,282.44388,281.94388,281.14386,281.34387,284.94388,286.94388,286.64386,286.24387,285.24387,286.04388,283.44388,280.14386,278.14386,275.74387
283.34387,282.44388,282.04388,284.34387,285.54388,284.94388,284.24387,283.54388,283.24387,283.84387,284.04388,283.44388,284.44388,283.14386,283.64386,284.04388,285.04388,285.64386,285.54388,284.84387,285.44388,284.44388,284.44388,283.24387,281.64386,281.64386,278.84387,281.14386,282.24387,283.84387,285.34387,286.74387,286.14386,287.04388,286.94388,284.04388,282.24387,279.24387,276.84387,279.64386,276.74387
286.24387,283.54388,285.34387,282.34387,282.34387,281.84387,281.34387,283.34387,283.34387,283.24387,279.24387,279.34387,280.04388,281.24387,282.14386,281.54388,282.24387,282.54388,282.74387,282.94388,282.44388,281.14386,282.64386,281.54388,280.74387,281.64386,281.64386,283.34387,284.74387,285.44388,285.54388,286.24387,287.24387,285.74387,285.54388,286.64386,285.34387,284.34387,284.54388,282.84387,281.24387
285.34387,281.54388,285.74387,285.24387,284.64386,282.24387,280.04388,280.24387,279.94388,280.84387,279.34387,278.54388,280.94388,280.74387,281.74387,279.34387,279.14386,279.24387,279.94388,279.74387,280.44388,279.94388,279.34387,280.44388,280.24387,281.74387,284.34387,284.84387,285.74387,285.24387,285.34387,285.54388,285.94388,285.24387,285.34387,284.24387,283.44388,284.44388,284.84387,281.14386,280.64386
285.14386,286.44388,286.54388,285.14386,282.84387,284.34387,283.14386,282.24387,281.84387,281.64386,278.14386,275.74387,280.24387,277.44388,277.64386,278.74387,277.54388,278.34387,278.54388,278.74387,279.64386,280.94388,280.54388,280.44388,280.54388,285.34387,285.14386,284.24387,286.04388,287.14386,286.84387,286.34387,286.64386,284.94388,284.44388,282.74387,282.34387,281.24387,281.14386,279.94388,278.84387
284.44388,286.64386,289.14386,285.84387,285.04388,281.44388,281.74387,283.84387,283.74387,284.04388,282.84387,281.34387,280.04388,279.24387,278.14386,278.34387,278.44388,278.44388,278.24387,278.54388,279.54388,279.44388,279.94388,279.04388,282.34387,284.54388,284.54388,285.54388,285.84387,286.64386,286.04388,284.74387,284.54388,283.94388,281.14386,281.34387,280.94388,279.34387,278.84387,279.14386,278.04388
