wind_kz.json
{"header": {"discipline":0,"disciplineName":"Meteorological products","gribEdition":2,"gribLength":1025,"center":7,"centerName":"US National Weather Service - NCEP(WMC)","subcenter":0,"refTime":"2024-03-19T06:00:00.000Z","significanceOfRT":1,"significanceOfRTName":"Start of forecast","productStatus":0,"productStatusName":"Operational products","productType":1,"productTypeName":"Forecast products","productDefinitionTemplate":0,"productDefinitionTemplateName":"Analysis/forecast at horizontal level/layer at a point in time","parameterCategory":2,"parameterCategoryName":"UnknownDiscipline_0_Category_2","parameterNumber":3,"parameterNumberName":"UnknownParameter_D0_C2_3","parameterUnit":"Unknown","genProcessType":2,"genProcessTypeName":"Forecast","forecastTime":300,"surface1Type":103,"surface1TypeName":"Specified height level above ground","surface1Value":10.0,"surface2Type":255,"surface2TypeName":"Missing","surface2Value":0.0,"gridDefinitionTemplate":0,"gridDefinitionTemplateName":"Latitude_Longitude","numberPoints":615,"shape":6,"shapeName":"Earth spherical with radius of 6,371,229.0 m","gridUnits":"degrees","resolution":48,"winds":"true","scanMode":64,"nx":41,"ny":15,"basicAngle":0,"lo1":47.0,"la1":41.0,"lo2":87.0,"la2":55.0,"dx":1.0,"dy":1.0}, "data":
[rows 0 to 14 of 15, columns 0 to 40 of 41]
0.19792968,-2.7620704,-0.3820703,4.0879297,0.7879297,-3.3020704,-4.03207,0.3079297,-2.0720704,-2.5020704,-3.2920704,-1.5120703,-0.6420703,-1.3220704,-2.2820704,-2.8820703,-2.7620704,-2.0020704,-1.9320703,-1.7320703,-2.4920702,1.3079296,-1.4720703,0.037929688,-2.2620704,1.1779296,-1.5820704,1.7179297,0.5079297,-1.0320703,-2.9620702,-4.07207,0.8879297,0.47792968,1.8779297,0.5779297,1.2279297,2.0879297,1.7279297,2.7579298,2.4079297
1.5779297,1.5579296,2.3379297,2.1279297,-1.0620704,-3.5920703,-2.1220703,0.96792966,-0.062070314,-1.1320703,-2.4720702,-4.8320704,-3.7420702,-2.5220704,-2.6820703,-3.4320703,-3.7020702,-3.8620703,-1.5820704,-0.5620703,-1.8220704,1.0079297,1.5779297,1.8979297,0.47792968,2.1979296,0.5479297,1.6779296,0.32792968,1.4079297,2.4879296,-0.3520703,-1.7220703,-4.1920705,-2.1820703,-2.8720703,-2.3220704,-3.2420702,-0.6220703,0.47792968,0.6879297
1.8679297,3.2779298,2.4479296,1.0879297,-1.9820703,-4.1820703,-1.1720703,1.0679297,1.5279297,-0.3120703,-0.6720703,-2.2420702,-4.0420704,-4.51207,-4.45207,-3.7320702,-3.1920702,-3.7820704,-3.3720703,-2.4520702,-2.5720704,-2.7420702,1.2179297,1.7979296,1.8079296,1.0479296,0.7379297,1.5879297,1.4779297,3.1479297,0.7079297,0.8179297,1.9379296,-1.5120703,2.4879296,-1.4320703,-2.2120702,-2.6820703,-1.2220703,1.1179297,1.3379297
0.5379297,1.5179297,0.5979297,-1.4420704,-2.7220702,0.7079297,0.8279297,-0.2920703,-1.6120703,-0.052070312,1.5479296,-0.072070315,-1.7020704,-3.4120703,-3.8320704,-4.22207,-3.5820704,-2.0020704,-2.3920703,-1.6620703,-1.4720703,0.11792969,-1.5220703,-3.7220702,1.1079297,1.7579297,2.5579298,3.0579298,4.6879296,3.9379296,1.4779297,-0.9320703,-0.1920703,1.5979297,-2.7020702,-0.9520703,2.8379297,2.8779297,-0.7120703,0.23792969,0.07792969
0.9879297,0.24792969,-1.1420703,-2.4420702,-4.3720703,-2.9720702,-2.9320703,0.12792969,-0.09207031,-0.30207032,-1.3520703,1.4679297,1.2879297,-0.6920703,-2.6120703,-2.9420702,-3.6720703,-3.3120704,-2.8720703,-0.18207031,0.007929687,-1.0720704,-1.9620703,-2.4920702,-1.8120704,-1.1820703,1.5479296,1.8079296,2.2879298,3.6479297,4.1079297,2.8979297,3.3479297,2.7679298,-1.0620704,-1.1420703,-0.112070315,0.89792967,-0.5420703,0.7079297,-0.5020703
3.1879296,2.1179297,0.5679297,-0.9620703,-2.3120704,-3.9220703,-3.3920703,-0.8720703,-0.3220703,1.2879297,-1.8220704,-1.8620703,2.5279298,1.9779297,1.0579296,0.11792969,-0.8720703,-1.6420703,-2.1320703,-2.1720703,-0.27207032,1.5079297,0.21792969,-0.6720703,-0.84207034,-0.9320703,-0.23207031,3.0579298,3.7379296,2.2979298,2.6879296,2.2479296,1.3579297,2.7379296,2.7279296,0.7979297,1.5079297,-0.21207032,-1.4720703,-1.4420704,-0.53207034
0.96792966,4.38793,3.3179297,2.8379297,1.3779297,-0.84207034,-0.97207034,0.5479297,0.14792968,0.2779297,-0.042070314,0.28792968,-0.24207032,-0.3420703,1.3479297,2.2479296,2.6379297,2.3379297,1.5479296,0.5179297,-0.09207031,0.35792968,1.5479296,2.0279298,0.9579297,0.027929688,-0.27207032,3.0579298,2.8579297,3.6579297,2.5479298,1.7779297,2.0379298,2.1779296,1.7379297,-0.7920703,-2.7120702,2.7079296,-1.1720703,1.4179296,1.6379297
-0.6820703,-0.78207034,-2.1120703,-2.2820704,2.9579296,-0.012070312,0.7079297,-0.16207032,0.32792968,-0.60207033,-0.6320703,-0.48207033,-0.7520703,-0.17207031,-0.2620703,-0.10207031,0.5479297,1.4479297,2.4179296,2.5179298,1.8779297,1.4079297,2.0879297,2.9379296,3.7679298,4.3379297,4.50793,1.9379296,3.3879297,1.8279297,2.2179296,2.5379298,3.1379297,4.1879296,4.52793,1.1179297,0.83792967,-0.8120703,0.5079297,-0.15207031,-0.53207034
1.0679297,-1.2620703,-2.5920703,-2.9820702,-3.0520704,-3.1020703,-3.5220704,-3.5320704,-3.5920703,-2.7020702,-2.6920702,-2.9620702,-3.9320703,-4.1420703,-5.2520704,-5.59207,-4.32207,-4.1220703,-3.3720703,-3.2120702,-1.7420703,-0.032070313,1.5179297,1.6579297,3.3579297,4.2879295,4.8679295,4.2679296,6.04793,4.27793,6.3179297,7.1479297,8.25793,5.38793,3.2479296,3.3879297,-2.2220702,1.9379296,3.5879297,1.9079297,0.11792969
-0.14207031,-2.4020703,-2.9420702,-2.6720703,-3.0720704,-3.8620703,-4.49207,-4.7520704,-4.5220704,-4.6320705,-5.1920705,-4.3720703,-5.0420704,-4.4120703,-2.7720704,-3.5220704,-5.6020703,-4.8520703,-4.72207,-2.0520704,-2.8920703,-3.0320704,-2.3320704,-0.6520703,0.9579297,3.2079296,5.17793,5.7479296,5.4779296,6.1279297,4.4179296,5.9979296,5.44793,5.8179297,3.8379297,1.8679297,1.3679297,-1.6520703,2.0479298,4.9779296,3.9279296
-0.72207034,-2.6320703,-3.5920703,-4.7920704,-3.7020702,-3.8420703,-4.24207,-3.2420702,-4.01207,-4.5620704,-3.9820702,-2.9520702,-6.1620703,-5.51207,-6.6820703,-7.6620703,-7.9320703,-7.3520703,-7.01207,-6.8320704,-5.82207,-4.8920703,-4.1520705,-0.6320703,1.6379297,3.3679297,3.9079297,5.6679296,6.0679297,4.3279295,5.00793,5.3779297,5.2679296,3.0079298,2.6179297,0.8079297,1.2979296,2.3679297,2.6879296,0.5179297,0.5079297
-0.8120703,-1.8720703,-2.7420702,-2.5320704,-2.9820702,-3.3720703,-3.4620702,-4.28207,-3.7120702,-3.7120702,-3.1420703,-5.2320704,-4.9320703,-5.84207,-6.9820704,-7.5020704,-8.12207,-8.342071,-7.4820704,-7.5620704,-7.0620704,-6.2720704,-3.2820704,-0.3520703,1.1179297,1.6579297,3.9279296,3.9479296,4.1679296,3.8179297,3.5979297,2.4879296,1.5779297,2.0579298,0.7379297,-0.8820703,-0.9320703,-1.3320704,-0.6920703,-0.9020703,-0.72207034
-0.3420703,-1.3920703,-2.9420702,-2.6620703,-2.7620704,-1.9320703,-3.2120702,-4.03207,-5.3320704,-4.5420704,-2.8120704,-2.6620703,-4.4120703,-5.59207,-6.70207,-6.8520703,-7.36207,-7.9020705,-7.9120703,-7.49207,-7.95207,-8.092071,-8.37207,-4.9220705,-4.3320704,-3.1720703,-1.4020703,0.11792969,-0.36207032,-0.9620703,-0.13207032,0.20792969,-0.3520703,-0.4020703,-0.15207031,0.3179297,-0.5420703,-0.3520703,-0.5720703,-0.78207034,-0.7020703
0.7979297,0.007929687,-0.9820703,-1.4520704,-1.5220703,-1.7820703,-2.9520702,-3.6020703,-3.6020703,-4.3820705,-1.5920703,-1.4920703,-2.2020702,-5.2720704,-6.2320704,-5.6720705,-5.4820704,-6.59207,-6.47207,-6.7720704,-6.9820704,-6.9220705,-6.9820704,-6.3120704,-5.5820704,-4.86207,-4.3820705,-3.2720704,-2.2220702,-1.4720703,-1.0720704,-0.53207034,-0.27207032,0.3779297,-0.12207031,-0.9020703,-0.46207032,-1.0420703,-0.53207034,-0.5120703,-0.9820703
0.23792969,0.6379297,-1.1220703,-1.1520703,-0.8720703,-1.5720704,-3.0820704,-2.5120704,-3.1220703,-3.2620704,-1.5020703,-1.4820703,-0.6720703,-1.3620703,-2.6920702,-3.0520704,-4.1320705,-4.6820703,-5.6920705,-5.7320704,-5.5820704,-5.78207,-5.51207,-4.9220705,-4.4120703,-3.6220703,-3.0520704,-2.3720703,-1.8020703,-1.4820703,-1.0120703,-1.1420703,-0.59207034,-0.6320703,-0.8020703,-0.112070315,-0.6120703,0.017929688,0.4079297,-0.6720703,-0.53207034
