wind_kz.json
{"header": {"discipline":0,"disciplineName":"Meteorological products","gribEdition":2,"gribLength":1025,"center":7,"centerName":"US National Weather Service - NCEP(WMC)","subcenter":0,"refTime":"2024-03-19T12:00:00.000Z","significanceOfRT":1,"significanceOfRTName":"Start of forecast","productStatus":0,"productStatusName":"Operational products","productType":1,"productTypeName":"Forecast products","productDefinitionTemplate":0,"productDefinitionTemplateName":"Analysis/forecast at horizontal level/layer at a point in time","parameterCategory":2,"parameterCategoryName":"UnknownDiscipline_0_Category_2","parameterNumber":3,"parameterNumberName":"UnknownParameter_D0_C2_3","parameterUnit":"Unknown","genProcessType":2,"genProcessTypeName":"Forecast","forecastTime":0,"surface1Type":103,"surface1TypeName":"Specified height level above ground","surface1Value":10.0,"surface2Type":255,"surface2TypeName":"Missing","surface2Value":0.0,"gridDefinitionTemplate":0,"gridDefinitionTemplateName":"Latitude_Longitude","numberPoints":615,"shape":6,"shapeName":"Earth spherical with radius of 6,371,229.0 m","gridUnits":"degrees","resolution":48,"winds":"true","scanMode":64,"nx":41,"ny":15,"basicAngle":0,"lo1":47.0,"la1":41.0,"lo2":87.0,"la2":55.0,"dx":1.0,"dy":1.0}, "data":
[rows 0 to 14 of 15, columns 0 to 40 of 41]
0.8676538,0.4676538,-2.2523463,-8.142346,-4.7223463,-3.7423463,-1.1523461,-2.0023463,-1.9923462,-2.3623462,-4.0123463,-3.7423463,-3.172346,-2.172346,-0.06234619,1.3376538,3.1776538,2.1076539,-0.7623462,-1.8223462,1.0776538,-0.17234619,-1.9223462,-2.1423461,0.9876538,0.69765383,-3.0123463,1.0576538,1.1276538,1.5376538,-1.8523462,2.077654,-1.9423462,3.6276538,2.6976538,2.4076538,2.8376539,2.8776538,2.5976539,2.2476537,1.2276539
-1.6323462,-1.8423462,-5.9523463,-5.4723463,-5.6223464,-5.2423463,-2.8823462,0.75765383,2.557654,-0.3923462,-1.5523462,-3.0623462,-3.0123463,-2.0323462,-3.4123461,-2.9023461,-1.7223462,-0.5423462,-0.6923462,-0.7623462,-0.6423462,-0.41234618,-2.1423461,2.0276537,1.3976538,1.4376538,-1.4523462,1.9976538,-0.38234618,2.6576538,5.137654,5.5076537,0.04765381,-0.3723462,-3.4123461,2.9176538,0.6576538,3.1676538,-0.35234618,1.2176538,2.5276537
0.3876538,-0.9523462,-3.7423463,-5.802346,-5.2823462,-3.8623462,-5.112346,-5.0123463,-2.1123462,-3.9723463,-6.062346,-3.3823462,-3.0623462,-2.172346,-2.2823462,-1.3523462,-0.14234619,0.2576538,-0.6523462,-2.2323463,0.027653808,0.10765381,0.4076538,1.0176538,-1.1923462,-0.80234617,-1.7223462,-2.4723463,-2.3123462,-0.10234619,0.8676538,1.3776538,2.7076538,-1.4023461,-0.7723462,0.9976538,4.787654,-0.6023462,1.8676538,-0.2423462,1.2376539
0.9976538,-0.20234619,-3.1523461,-0.9523462,-1.9923462,-3.8523462,-2.5323462,-2.5723462,-1.6623462,-1.8123462,-3.202346,-4.962346,-6.652346,-5.942346,-0.8223462,-0.9423462,0.10765381,0.16765381,-0.7023462,-2.3123462,-1.4123462,-0.5323462,-0.3923462,0.42765382,2.3776538,2.9376538,-1.1023462,-0.87234616,-2.682346,-2.452346,1.2976538,-1.7623461,-0.20234619,-0.6723462,-2.432346,-2.9923463,-0.7223462,3.3776538,2.4776537,1.3976538,-0.4023462
-1.3923461,-2.7823462,-3.1123462,-4.402346,-6.3523464,-3.692346,-3.692346,-3.0223463,-2.5123463,-2.0923462,-1.8323462,0.067653805,-3.6323462,-5.862346,-4.252346,-0.07234619,-0.012346191,-0.2423462,0.19765382,0.1276538,0.7476538,1.4376538,0.87765384,0.75765383,0.1276538,1.2076538,0.7376538,-2.5023463,-0.48234618,0.7076538,-0.112346195,-2.9023461,0.9076538,2.807654,-0.4423462,-1.1123462,0.3476538,-1.5223461,-1.7523462,-0.2423462,-0.20234619
-1.4523462,-1.1123462,-0.3723462,-2.432346,-1.8523462,-3.0123463,-3.7523463,-2.5823462,-2.6323462,-2.1623461,-1.9823462,-1.9023461,-0.6523462,-1.7223462,-3.7923462,-4.302346,-0.5023462,0.11765381,0.7776538,0.1776538,0.6176538,0.9576538,0.2976538,0.057653807,-0.0023461913,0.9376538,0.75765383,1.9176538,1.4076538,2.537654,0.07765381,-5.2023463,-4.6423464,-1.0423462,0.0076538087,3.537654,1.0476538,1.8576539,2.5276537,1.5376538,0.8376538
-2.0423462,-1.7123462,-1.6623462,-2.432346,-0.8623462,-2.682346,-2.2623463,-1.4423462,-1.1523461,-1.1223462,-1.3823462,-0.6323462,-2.2423463,-1.8723462,-2.5123463,-1.5723462,-1.0723462,-0.9623462,-0.19234619,2.0176537,-0.9423462,0.16765381,0.5276538,-2.5523462,-1.5923462,-2.422346,-0.7523462,-3.3823462,-1.1323462,-0.8223462,1.6476538,3.4676538,4.5476537,1.5176538,-0.5123462,-1.5323462,-2.5123463,0.11765381,-1.3323462,0.4076538,3.1176538
-1.6323462,-2.442346,-2.5823462,-2.712346,-2.0423462,-1.9223462,-1.7523462,-1.7223462,-2.6523461,-2.7323463,-2.5623462,-1.8923461,-2.442346,-3.5823462,-3.5423462,-1.3023462,-3.692346,-3.7323463,-2.7923462,0.7776538,2.4376538,1.2076538,1.3576539,1.5276538,0.9376538,0.50765383,0.13765381,-0.8823462,0.2376538,1.7876538,1.0676538,1.3776538,0.62765384,2.6976538,-0.4623462,-0.8523462,-2.1323462,0.1776538,-2.1423461,0.33765382,-0.9823462
-4.052346,-4.042346,-3.462346,-3.1323462,-2.8323462,-3.5323462,-3.1623461,-2.1623461,-1.6023462,-1.4723462,-0.9623462,-0.7823462,-1.0323462,-0.6623462,-1.2723461,-1.5923462,-0.2523462,-0.052346192,1.7276539,0.9876538,1.5676538,3.317654,3.8876538,2.1876538,1.8576539,1.6776538,1.9976538,1.8476539,1.3776538,1.2376539,3.4976537,5.157654,7.117654,5.0876536,3.5976539,3.6076539,-2.462346,0.9576538,2.3376539,1.7176538,0.8476538
-3.4723463,-3.5723462,-3.5823462,-3.8023462,-3.5623462,-2.7323463,-2.452346,-2.452346,-1.3123462,-1.5223461,-1.7023462,-1.5123461,-1.6323462,-1.7023462,-0.4923462,-0.032346193,0.21765381,0.7076538,1.1176538,1.2376539,1.6876538,2.0176537,1.5976539,2.8676538,2.9376538,2.6476538,2.3376539,2.3476539,1.9976538,1.7576538,0.7476538,1.6476538,3.5276537,4.8176537,5.497654,2.1776538,1.7476538,0.3476538,2.287654,3.6976538,3.2476537
-3.6023462,-3.4823463,-3.8123462,-3.3723462,-2.672346,-2.1123462,-2.2823462,-2.442346,-2.7223463,-1.9723462,-2.3023462,-3.1423461,-3.9123461,-3.712346,-3.8323462,-3.5323462,-3.0623462,-2.6423461,0.4376538,1.3076538,1.1076539,1.9276538,1.7576538,2.5876539,2.1876538,2.5276537,1.7676538,2.4576538,1.7576538,1.0376538,0.8876538,0.3876538,1.1276538,3.3576539,6.2376537,5.8376536,3.6976538,3.577654,5.8576536,1.5776538,0.87765384
-1.8223462,-2.8623462,-3.0323462,-3.2723463,-3.3823462,-2.5623462,-2.1323462,-1.5123461,-0.99234617,0.6076538,0.3276538,-2.2723463,-3.1223462,-3.1523461,-3.3923461,-3.0223463,-3.8423462,-3.2923462,-2.2323463,-1.8423462,-1.6423461,-1.1423461,-0.7623462,0.21765381,0.56765383,1.0576538,1.9576538,1.9376538,1.9176538,-0.1323462,0.04765381,2.1376538,2.2076538,3.3676538,4.7976537,7.1476536,7.287654,2.7476537,0.7076538,0.10765381,0.9576538
-2.1023462,-2.8323462,-2.1123462,-2.2623463,-2.422346,-1.9823462,-1.6823462,-1.0423462,-0.8323462,-1.1323462,-0.012346191,-1.6723462,-3.942346,-4.4123464,-4.7023463,-3.0523462,-3.8923461,-3.8723462,-3.1023462,-3.5423462,-2.9923463,-2.2223463,-2.3023462,-2.6123462,-3.0723462,-2.5423462,-1.9823462,-1.0523462,-0.10234619,0.8676538,1.7476538,2.7776537,3.047654,3.797654,4.2776537,5.747654,5.7376537,3.7376537,2.787654,1.6876538,0.7276538
-1.8623462,-3.172346,-3.6123462,-3.2423463,-2.672346,-2.6323462,-3.182346,-2.1623461,-1.3223462,-1.5223461,-0.4323462,0.5576538,-2.0823462,-3.0523462,-3.442346,-3.9123461,-3.692346,-3.7323463,-3.8923461,-3.2523463,-2.6523461,-2.0423462,-1.1323462,-1.2423462,-1.9223462,-1.8523462,-1.8423462,-1.2023462,-0.5123462,-0.22234619,0.4376538,1.5876538,2.6576538,3.307654,2.9576538,4.0676537,4.017654,4.5276537,4.637654,3.827654,2.8576539
-1.3423462,-2.682346,-3.4123461,-2.5523462,-3.1223462,-2.962346,-3.7323463,-3.3023462,-3.8923461,-2.9723463,-1.8323462,-3.8823462,-1.2623461,-1.7723461,-3.2923462,-3.5523462,-4.042346,-4.132346,-3.5023463,-3.922346,-3.9023461,-3.7823462,-3.9823463,-3.7323463,-3.6423461,-3.442346,-3.4723463,-2.672346,-2.702346,-2.8523462,-2.0523462,-1.6323462,-0.2123462,0.9976538,1.6476538,1.9876539,3.4476538,4.1076536,3.1976538,4.867654,3.4776537
