wind_kz.json
{"header": {"discipline":0,"disciplineName":"Meteorological products","gribEdition":2,"gribLength":1025,"center":7,"centerName":"US National Weather Service - NCEP(WMC)","subcenter":0,"refTime":"2024-04-08T18:00:00.000Z","significanceOfRT":1,"significanceOfRTName":"Start of forecast","productStatus":0,"productStatusName":"Operational products","productType":1,"productTypeName":"Forecast products","productDefinitionTemplate":0,"productDefinitionTemplateName":"Analysis/forecast at horizontal level/layer at a point in time","parameterCategory":2,"parameterCategoryName":"UnknownDiscipline_0_Category_2","parameterNumber":3,"parameterNumberName":"UnknownParameter_D0_C2_3","parameterUnit":"Unknown","genProcessType":2,"genProcessTypeName":"Forecast","forecastTime":180,"surface1Type":103,"surface1TypeName":"Specified height level above ground","surface1Value":10.0,"surface2Type":255,"surface2TypeName":"Missing","surface2Value":0.0,"gridDefinitionTemplate":0,"gridDefinitionTemplateName":"Latitude_Longitude","numberPoints":615,"shape":6,"shapeName":"Earth spherical with radius of 6,371,229.0 m","gridUnits":"degrees","resolution":48,"winds":"true","scanMode":64,"nx":41,"ny":15,"basicAngle":0,"lo1":47.0,"la1":41.0,"lo2":87.0,"la2":55.0,"dx":1.0,"dy":1.0}, "data":
[rows 0 to 14 of 15, columns 0 to 40 of 41]
2.338294,2.568294,-0.44170594,3.318294,-2.3017058,-4.031706,-2.0217059,-1.171706,-0.17170593,-1.1117059,-2.341706,-1.661706,-1.0017059,-1.4717059,-3.0417058,-3.2917058,-1.0917059,-0.76170594,-2.8117058,-1.4917059,-1.0017059,-3.5117059,-2.901706,0.93829405,2.288294,1.1382941,0.05829407,-0.36170593,-1.6017059,-0.24170594,-0.5217059,2.408294,0.43829405,0.7282941,0.50829405,0.9782941,2.058294,1.688294,0.9582941,-0.49170592,2.9682941
1.3982941,0.88829404,5.068294,3.768294,0.6682941,-1.9517059,-0.69170594,0.048294067,-1.271706,-1.6217059,-0.7817059,-0.25170594,0.028294068,-1.391706,-3.5217059,-3.7617059,-1.1117059,-0.7217059,-2.0517058,-1.9717059,-0.80170596,-1.5717059,-4.121706,-1.391706,1.4182941,1.2982941,2.508294,0.86829406,0.38829407,1.1482941,-0.5317059,2.398294,0.07829407,2.9482942,1.458294,3.298294,2.398294,2.068294,3.308294,-1.3817059,0.008294067
1.8782941,4.318294,4.908294,3.888294,2.778294,1.318294,0.98829406,-0.7117059,1.938294,-2.121706,-4.051706,-0.34170592,0.8982941,-0.061705932,-1.051706,-2.411706,-2.931706,-2.711706,-3.111706,-3.441706,-3.231706,0.6682941,-1.181706,-1.641706,-1.9517059,-1.6117059,-1.0817059,-1.441706,-0.9017059,-3.0617058,-1.541706,0.26829407,-1.0717059,2.4482942,-0.39170593,-2.5717058,-1.4517059,-1.661706,-1.4917059,-0.09170593,-0.89170593
0.45829406,2.4382942,3.828294,3.128294,2.868294,1.8982941,1.448294,0.9582941,-0.93170595,-1.781706,0.80829406,3.498294,3.4882941,2.038294,0.8482941,-0.34170592,-1.061706,-1.801706,-3.171706,-4.031706,-2.371706,0.29829407,-2.581706,-1.921706,-1.0117059,-0.22170593,-1.281706,-0.9017059,-1.2217059,-0.57170594,-1.7217059,0.45829406,1.7782941,0.13829407,0.57829404,1.6482941,2.7082942,1.228294,-2.851706,-2.861706,-1.901706
1.2882941,-0.80170596,-2.851706,1.6182941,1.7682941,3.128294,3.4882941,1.9882941,0.5982941,0.24829407,0.37829408,0.75829405,5.678294,4.448294,2.278294,0.47829407,-0.17170593,-0.7217059,-1.691706,-3.0417058,-3.241706,-2.601706,-2.7617059,-3.121706,-2.701706,-2.0217059,0.85829407,-4.231706,-1.0717059,0.5182941,0.98829406,0.44829407,1.688294,-0.51170594,0.7782941,1.558294,2.2182941,1.078294,-0.18170594,-2.8017058,-2.491706
2.378294,1.0082941,0.31829408,-1.5917059,-0.9717059,1.8782941,1.468294,1.1782941,3.9582942,1.5382941,0.34829408,0.9082941,6.298294,4.8282943,2.1882942,0.93829405,0.5182941,-0.081705935,-0.5217059,-1.661706,-1.2217059,-1.551706,-2.3217058,-2.8217058,-2.5517058,-2.0317059,-1.7217059,-1.801706,-3.871706,-1.7517059,0.11829407,1.1582941,2.118294,0.6582941,0.36829406,-1.7017059,-3.231706,-4.531706,-3.2617059,0.56829405,0.5282941
2.028294,0.25829408,0.43829405,-0.87170595,-0.14170593,0.6682941,1.218294,1.0082941,2.898294,2.758294,-0.021705933,0.7782941,6.798294,5.5582943,3.2082942,1.6182941,0.30829406,0.28829408,-0.7817059,-1.4517059,-1.1017059,-1.2617059,-1.7517059,-2.0317059,-2.0117059,-1.8717059,-1.771706,-3.001706,-3.5317059,-2.751706,-1.411706,2.078294,4.5982943,3.018294,3.108294,2.398294,1.6482941,3.078294,-0.21170594,2.638294,2.608294
2.168294,0.5982941,-1.421706,-2.971706,-3.0317059,-2.171706,-1.4517059,0.6582941,4.028294,4.418294,2.848294,5.108294,4.968294,4.538294,3.2182941,2.248294,-0.121705934,-0.9717059,-1.021706,-1.0717059,-1.291706,-1.541706,-2.0417058,-2.2617059,-2.461706,-2.891706,-3.111706,-3.691706,-3.3217058,-2.5717058,-1.9717059,-0.64170593,1.578294,6.248294,6.758294,4.408294,2.608294,0.88829404,-0.20170593,-0.7717059,-2.0717058
1.458294,0.63829404,0.038294066,-2.491706,-3.161706,-3.401706,-3.0717058,-1.5917059,1.718294,3.9582942,4.188294,4.698294,4.008294,4.038294,3.108294,0.5982941,-0.10170593,-0.19170593,-0.48170593,-0.82170594,-1.7417059,-2.391706,-2.591706,-2.681706,-1.9617059,-1.901706,-1.911706,-2.111706,-2.201706,-2.851706,-2.881706,-2.2617059,-1.3417059,-1.4817059,2.6782942,6.258294,5.718294,4.448294,4.738294,2.858294,3.9682941
1.948294,0.5882941,-1.2517059,-1.791706,-2.2617059,-2.5517058,-2.161706,-0.87170595,1.1482941,3.278294,5.608294,7.028294,3.808294,4.6182942,2.548294,1.5482941,0.57829404,-0.49170592,-0.7717059,-1.151706,-1.661706,-2.461706,-2.671706,-2.111706,-1.8217059,-1.9917059,-2.8117058,-2.891706,-2.3017058,-2.121706,-2.391706,-2.231706,-2.121706,-1.7017059,-1.411706,3.038294,3.908294,1.958294,5.278294,5.798294,4.028294
2.118294,0.08829407,-0.9717059,-2.2917058,-2.641706,-3.901706,-3.751706,-1.901706,1.468294,3.108294,7.088294,5.388294,5.238294,4.478294,3.258294,0.8382941,-0.22170593,-1.181706,-1.4917059,-1.6117059,-3.111706,-3.581706,-1.691706,-1.801706,-2.411706,-0.95170593,-2.661706,-2.691706,-4.281706,-6.9217057,-4.581706,-3.411706,0.33829406,0.8382941,2.108294,1.588294,5.958294,4.148294,8.488294,3.528294,2.318294
1.478294,0.24829407,-1.2017059,-3.0617058,-4.511706,-5.361706,-5.331706,0.85829407,3.278294,3.878294,4.008294,2.6782942,3.9782941,3.598294,1.8882941,0.45829406,-0.39170593,-1.4917059,-1.8617059,-2.491706,-3.101706,-4.501706,-3.931706,-4.411706,-4.931706,-5.251706,-5.1717057,-5.601706,-6.031706,-6.091706,-4.801706,-2.3017058,-0.36170593,1.228294,0.8982941,2.818294,3.568294,6.468294,5.668294,6.688294,3.7282941
1.448294,-0.86170596,-2.121706,-3.201706,-2.5317059,-2.5617058,-3.931706,0.75829405,3.088294,2.658294,1.858294,1.7882941,2.908294,2.538294,1.838294,0.73829406,-0.70170593,-1.691706,-2.5317059,-2.361706,-2.731706,-3.231706,-3.451706,-4.361706,-5.081706,-5.521706,-6.601706,-6.971706,-7.551706,-7.521706,-8.131706,-7.161706,-4.841706,-3.131706,2.2082942,2.898294,2.538294,3.268294,4.8682942,7.068294,4.288294
1.4082941,1.5382941,-0.89170593,-0.51170594,-0.61170596,-0.89170593,-0.29170594,1.0482941,3.498294,4.768294,3.1982942,1.7782941,2.4882941,1.5382941,0.9582941,-0.39170593,-0.92170596,-1.811706,-1.6317059,-2.451706,-2.441706,-3.0217059,-3.2917058,-3.8217058,-4.741706,-5.641706,-6.221706,-6.4417057,-7.031706,-7.791706,-8.171706,-8.261706,-7.791706,-6.801706,-6.241706,-5.801706,0.22829407,5.488294,8.428294,5.178294,7.548294
1.6382941,1.7982941,1.058294,2.898294,2.288294,0.86829406,1.5082941,2.4682941,2.6882942,3.408294,1.0482941,2.758294,2.2082942,2.598294,1.7982941,0.008294067,-0.64170593,-1.181706,-1.7417059,-2.2717059,-2.681706,-3.401706,-4.1317058,-4.561706,-4.961706,-5.331706,-5.991706,-6.241706,-6.361706,-6.911706,-7.611706,-8.091706,-7.591706,-8.371706,-7.741706,-5.971706,-6.711706,-6.111706,0.7682941,5.0782943,6.318294
