wind.json
{"header": {"discipline":0,"disciplineName":"Meteorological products","gribEdition":2,"gribLength":1125,"center":7,"centerName":"US National Weather Service - NCEP(WMC)","subcenter":0,"refTime":"2023-05-30T06:00:00.000Z","significanceOfRT":1,"significanceOfRTName":"Start of forecast","productStatus":0,"productStatusName":"Operational products","productType":1,"productTypeName":"Forecast products","productDefinitionTemplate":0,"productDefinitionTemplateName":"Analysis/forecast at horizontal level/layer at a point in time","parameterCategory":2,"parameterCategoryName":"UnknownDiscipline_0_Category_2","parameterNumber":2,"parameterNumberName":"UnknownParameter_D0_C2_2","parameterUnit":"Unknown","genProcessType":2,"genProcessTypeName":"Forecast","forecastTime":120,"surface1Type":103,"surface1TypeName":"Specified height level above ground","surface1Value":10.0,"surface2Type":255,"surface2TypeName":"Missing","surface2Value":0.0,"gridDefinitionTemplate":0,"gridDefinitionTemplateName":"Latitude_Longitude","numberPoints":688,"shape":6,"shapeName":"Earth spherical with radius of 6,371,229.0 m","gridUnits":"degrees","resolution":48,"winds":"true","scanMode":64,"nx":43,"ny":16,"basicAngle":0,"lo1":45.0,"la1":40.0,"lo2":87.0,"la2":55.0,"dx":1.0,"dy":1.0}, "data":
[rows 0 to 15 of 16, columns 0 to 42 of 43]
1.18396,2.34396,-1.11604,-0.28604004,1.12396,0.96395993,0.85396,0.26395997,1.69396,-2.98604,-1.7660401,-3.58604,-3.2060401,-1.59604,-1.99604,-1.7660401,-2.32604,-0.61604005,-1.8960401,-3.4560401,-1.6360401,0.35395995,-0.15604004,-0.30604005,-0.30604005,1.02396,0.39395997,0.67396,0.48395997,-0.74604005,-0.51604,-2.09604,-1.6560401,-2.31604,-1.9160401,-0.29604003,-0.69604003,1.30396,-0.76604,-2.49604,-4.30604,-3.40604,-4.29604
-1.60604,1.14396,2.26396,1.78396,0.45395997,-2.4660401,-0.98604006,0.36395997,1.53396,0.29395998,-1.99604,-3.31604,-2.84604,-1.61604,-2.04604,-1.94604,-1.82604,-2.03604,-2.37604,-5.14604,-3.7060401,-2.26604,-0.69604003,0.033959962,1.1139599,3.2939599,-1.6460401,-2.67604,-1.21604,0.46395996,2.00396,2.18396,-0.40604004,0.57395995,0.65396,-2.23604,-0.31604004,-1.10604,-2.64604,-3.05604,-3.12604,-0.08604004,-5.66604
-1.0260401,0.91396,3.50396,-2.56604,-3.35604,-5.02604,-1.93604,-0.08604004,0.36395997,-0.80604005,-3.1960402,-3.00604,-2.12604,-2.66604,-1.99604,-2.65604,-2.4460402,-4.45604,-3.34604,-4.28604,-3.57604,-3.07604,-2.76604,0.11395996,1.2339599,1.40396,-0.52604,0.11395996,1.1039599,0.25395995,2.25396,1.4939599,1.14396,1.03396,0.96395993,2.3039598,0.62395996,-2.7160401,-3.37604,-1.7660401,0.70395994,-2.81604,-1.80604
0.36395997,0.61395997,-0.96604,-3.33604,-4.63604,-2.92604,-1.11604,-0.28604004,1.17396,-2.39604,-3.37604,-3.31604,-2.93604,-1.09604,-1.87604,-2.54604,-3.29604,-4.20604,-4.49604,-4.10604,-3.48604,-2.37604,-1.44604,-7.55604,-5.55604,-5.95604,0.64395994,-0.27604005,-0.56604004,-1.05604,1.76396,0.46395996,1.6139599,0.09395996,0.92396,1.68396,0.52395993,0.68395996,1.4839599,1.56396,-1.5360401,-0.17604004,-0.07604004
-0.44604003,-1.6660401,-3.07604,-2.39604,-1.1660401,-1.21604,1.00396,-0.036040038,-2.63604,-2.90604,-3.63604,-3.54604,-2.73604,-4.51604,-0.84604,-0.70604,-3.33604,-4.35604,-3.23604,-4.01604,-4.36604,-4.71604,-5.77604,-5.94604,-5.10604,-6.42604,-6.21604,-4.81604,-2.27604,-4.40604,-3.52604,-6.83604,-5.76604,-5.56604,-6.29604,-4.97604,-4.49604,-1.2860401,0.38395995,1.8639599,-2.04604,-0.43604004,-1.58604
-1.1460401,-1.73604,-3.07604,-3.26604,-4.16604,-5.24604,-3.48604,-5.62604,-3.7060401,-4.38604,-4.37604,-3.23604,-3.1960402,-3.9460402,-3.36604,-2.83604,-1.56604,-1.83604,-4.19604,-4.3460402,-4.76604,-5.49604,-4.98604,-6.13604,-6.18604,-5.5760403,-7.92604,-8.75604,-9.19604,-6.86604,-5.50604,-1.56604,-0.10604004,2.20396,2.82396,1.07396,-3.40604,-3.4560401,-3.10604,-2.98604,-0.81604004,-0.97604007,-0.96604
-2.59604,-4.94604,-5.50604,-5.91604,-5.85604,-5.41604,-5.93604,-4.81604,-5.68604,-2.65604,-2.56604,-2.12604,-1.74604,-1.93604,-1.7560401,-2.28604,-1.37604,-2.16604,-1.92604,-4.18604,-4.61604,-4.52604,-5.12604,-4.98604,-5.31604,-5.28604,-6.54604,-7.12604,-7.79604,-4.02604,-7.06604,-8.0860405,-7.78604,-6.28604,-5.8460402,-5.5960402,-6.70604,-2.23604,-5.91604,-5.93604,-3.7060401,-5.17604,-0.13604003
-1.29604,-2.74604,-4.58604,-5.00604,-5.5760403,-6.51604,-5.56604,-5.40604,-6.21604,-6.72604,-5.10604,-4.62604,-3.76604,-3.63604,-2.07604,-1.1460401,-0.96604,-2.54604,-1.60604,-2.68604,-3.4760401,-3.99604,-3.79604,-4.21604,-3.81604,-3.55604,-4.78604,-5.86604,-6.46604,-6.29604,-7.30604,-5.45604,-6.40604,-7.96604,-7.86604,-7.85604,-7.62604,-4.80604,-3.09604,-5.72604,-5.36604,-7.39604,-3.9660401
-0.61604005,-0.016040038,-1.69604,-2.11604,-4.10604,-5.05604,-5.90604,-5.90604,-5.5960402,-5.31604,-5.16604,-4.5960402,-3.75604,-3.35604,-2.01604,-1.22604,-0.28604004,-2.43604,-2.02604,-1.05604,-1.95604,-3.36604,-3.7260401,-3.15604,-3.17604,-1.6660401,-3.52604,-4.13604,-3.79604,-4.38604,-5.67604,-5.95604,-7.23604,-6.54604,-5.75604,-6.3260403,-6.23604,-5.89604,-4.39604,-0.26604003,-3.83604,-2.9660401,0.69395995
-1.47604,0.20395996,-1.67604,-1.07604,-0.85604006,-1.92604,-3.29604,-4.91604,-5.41604,-5.48604,-4.62604,-2.7260401,-1.95604,-1.31604,-1.62604,-1.80604,-0.24604005,-1.42604,-3.15604,-0.33604005,-2.7260401,-2.58604,-3.4560401,-4.80604,-4.44604,-4.86604,-5.23604,-5.05604,-6.02604,-6.33604,-5.31604,-5.00604,-4.89604,-3.07604,-2.87604,-2.74604,-2.61604,-2.4560401,-3.15604,-0.87604004,-0.76604,-1.35604,1.31396
-1.21604,1.04396,2.14396,0.34395996,-0.52604,-2.01604,-1.7860401,-1.74604,-2.75604,-3.9760401,-3.48604,-1.58604,-1.37604,-0.83604,0.29395998,-1.09604,-1.0360401,-1.58604,-3.7260401,-1.86604,-1.35604,-2.28604,-4.48604,-5.3460402,-5.61604,-5.13604,-5.86604,-5.75604,-6.52604,-6.8460402,-7.24604,-7.04604,-6.0960402,-4.53604,-1.85604,-0.50604004,-1.07604,-1.68604,1.40396,0.59396,2.49396,0.013959961,0.12395996
-0.58604,0.77395993,2.47396,0.40395996,4.72396,-0.78604007,-1.19604,-1.7760401,-1.58604,-2.2060401,-1.9160401,-2.15604,-1.23604,1.07396,0.75395995,0.46395996,-1.57604,-1.07604,-2.7060401,-3.23604,-1.7760401,-2.27604,-3.38604,-3.86604,-4.25604,-4.12604,-4.51604,-5.93604,-5.53604,-5.99604,-5.63604,-5.28604,-5.04604,-5.12604,-5.74604,-4.3460402,-2.67604,0.21395996,1.50396,0.04395996,0.70395994,-1.62604,1.3639599
2.31396,0.42395997,2.32396,3.46396,3.41396,-0.52604,-2.52604,-2.12604,-1.4160401,-0.82604,-0.69604003,0.09395996,1.6139599,3.51396,2.97396,2.59396,0.72396,-1.58604,-0.28604004,-3.2260401,-1.07604,-2.04604,-2.52604,-2.29604,-2.2060401,-2.41604,-3.06604,-3.88604,-3.99604,-4.27604,-3.56604,-2.78604,-2.74604,-3.42604,-3.7160401,-4.0960402,-4.30604,-5.16604,-5.06604,-3.4560401,-2.14604,-0.63604003,-0.59604
3.64396,3.70396,2.16396,0.51395994,-1.24604,-1.32604,0.65396,-0.56604004,-0.50604004,0.75395995,2.7839599,3.07396,3.57396,3.07396,2.39396,1.68396,1.39396,1.82396,-0.31604004,0.35395995,0.64395994,0.14395995,-0.23604004,-0.89604,-0.72604007,-0.20604004,0.053959962,-1.1360401,-1.2560401,-2.2060401,-2.82604,-2.81604,-2.33604,-2.26604,-3.16604,-1.61604,-1.20604,-1.86604,-1.92604,-0.80604005,-1.69604,-1.24604,-0.36604005
2.58396,3.06396,0.57395995,-0.43604004,-0.88604003,-0.84604,-0.15604004,-0.33604005,-0.52604,-0.07604004,2.48396,3.34396,3.45396,1.94396,2.18396,2.11396,1.42396,0.88395995,2.51396,2.17396,1.17396,2.08396,1.13396,1.66396,1.2339599,0.87395996,1.2239599,0.78396,1.07396,0.94395995,0.32395995,-0.34604004,-0.92604005,-1.5260401,-1.5260401,-1.33604,-0.53604007,0.55395997,0.28395995,-0.13604003,1.30396,-0.67604005,0.02395996
1.26396,2.15396,3.33396,1.41396,0.88395995,1.02396,0.02395996,-0.17604004,0.72396,-0.08604004,1.88396,1.9639599,2.43396,3.01396,2.5539598,0.95395994,2.92396,3.00396,3.17396,3.24396,2.94396,2.68396,2.01396,2.36396,1.6139599,1.80396,2.63396,2.2939599,2.5439599,2.7739599,2.45396,1.8439599,0.66396,2.19396,0.36395997,0.07395996,0.83395994,2.0539598,1.41396,2.16396,0.40395996,-0.81604004,0.23395996
