wind_kz.json
{"header": {"discipline":0,"disciplineName":"Meteorological products","gribEdition":2,"gribLength":871,"center":7,"centerName":"US National Weather Service - NCEP(WMC)","subcenter":0,"refTime":"2023-09-06T18:00:00.000Z","significanceOfRT":1,"significanceOfRTName":"Start of forecast","productStatus":0,"productStatusName":"Operational products","productType":1,"productTypeName":"Forecast products","productDefinitionTemplate":0,"productDefinitionTemplateName":"Analysis/forecast at horizontal level/layer at a point in time","parameterCategory":0,"parameterCategoryName":"UnknownDiscipline_0_Category_0","parameterNumber":0,"parameterNumberName":"UnknownParameter_D0_C0_0","parameterUnit":"Unknown","genProcessType":2,"genProcessTypeName":"Forecast","forecastTime":120,"surface1Type":1,"surface1TypeName":"Ground or water surface","surface1Value":0.0,"surface2Type":255,"surface2TypeName":"Missing","surface2Value":0.0,"gridDefinitionTemplate":0,"gridDefinitionTemplateName":"Latitude_Longitude","numberPoints":615,"shape":6,"shapeName":"Earth spherical with radius of 6,371,229.0 m","gridUnits":"degrees","resolution":48,"winds":"true","scanMode":64,"nx":41,"ny":15,"basicAngle":0,"lo1":47.0,"la1":41.0,"lo2":87.0,"la2":55.0,"dx":1.0,"dy":1.0}, "data":
[rows 0 to 14 of 15, columns 0 to 40 of 41]
288.77014,282.87015,285.67014,297.77014,298.17014,296.57013,295.27014,296.27014,293.67014,294.17014,292.47015,294.37015,293.57013,293.27014,291.47015,289.67014,288.47015,289.87015,288.47015,289.97015,292.07013,289.27014,288.47015,286.77014,290.87015,291.67014,287.97015,277.47015,279.17014,279.57013,279.77014,281.27014,290.97015,295.97015,296.87015,297.17014,297.07013,297.07013,297.47015,296.97015,296.97015
273.57013,286.47015,296.87015,297.17014,297.27014,295.77014,294.77014,294.37015,291.57013,293.37015,292.57013,291.07013,289.67014,287.27014,290.87015,291.27014,289.37015,285.77014,284.97015,286.27014,291.37015,289.07013,288.87015,282.17014,276.77014,277.87015,285.47015,279.27014,278.57013,278.17014,281.47015,275.27014,283.37015,259.67014,279.57013,294.27014,292.67014,295.17014,297.87015,290.97015,284.07013
287.57013,296.37015,297.27014,297.17014,294.67014,291.77014,291.97015,291.37015,290.07013,289.47015,289.67014,289.27014,285.57013,287.57013,288.07013,286.07013,284.57013,284.37015,285.77014,286.47015,290.37015,286.87015,287.77014,282.57013,288.17014,286.47015,288.27014,286.37015,288.77014,278.37015,274.47015,275.37015,279.97015,282.37015,287.07013,287.07013,277.37015,279.77014,281.37015,277.17014,276.37015
290.27014,296.07013,297.27014,296.47015,293.47015,290.67014,291.27014,290.97015,289.77014,291.97015,291.87015,289.37015,293.67014,292.97015,290.07013,289.37015,288.17014,285.57013,286.77014,286.27014,285.17014,283.27014,288.97015,289.07013,289.57013,289.47015,289.77014,288.47015,290.87015,291.07013,291.17014,288.57013,294.37015,295.37015,295.67014,289.97015,279.17014,278.47015,282.77014,291.07013,294.37015
290.07013,295.07013,295.87015,294.47015,292.97015,290.37015,290.07013,289.27014,290.27014,289.87015,288.07013,290.07013,293.17014,291.97015,290.07013,291.57013,289.07013,287.97015,285.57013,287.77014,288.47015,289.17014,288.17014,287.87015,287.87015,288.97015,287.77014,289.87015,289.37015,292.87015,293.67014,293.77014,280.47015,277.87015,286.17014,294.07013,295.57013,296.07013,297.87015,298.37015,297.97015
289.47015,287.27014,293.77014,293.47015,293.57013,293.17014,291.57013,292.47015,290.17014,289.67014,289.47015,289.77014,292.17014,293.07013,291.37015,289.97015,289.97015,290.17014,290.67014,291.07013,288.57013,289.57013,289.27014,285.77014,285.47015,285.67014,287.07013,291.87015,290.07013,290.87015,293.37015,293.47015,293.27014,294.07013,291.97015,292.27014,284.77014,289.17014,295.57013,297.07013,293.87015
287.37015,284.67014,290.87015,289.87015,291.17014,291.17014,291.17014,288.67014,290.27014,290.27014,288.07013,288.37015,288.97015,288.97015,289.07013,289.67014,287.47015,288.27014,288.47015,288.37015,288.07013,288.77014,288.17014,288.17014,287.07013,287.27014,285.07013,287.37015,288.27014,288.67014,288.77014,290.87015,290.57013,291.17014,291.87015,292.17014,288.77014,286.27014,282.87015,283.17014,292.47015
289.77014,290.97015,288.77014,289.37015,290.27014,289.67014,289.27014,286.87015,286.57013,288.47015,287.77014,287.57013,285.47015,287.67014,288.07013,286.77014,287.67014,287.87015,287.27014,285.57013,284.77014,284.27014,284.97015,285.97015,286.37015,284.77014,283.07013,285.57013,283.77014,286.57013,286.57013,288.87015,289.57013,285.67014,285.57013,290.57013,294.07013,289.57013,295.67014,293.97015,289.17014
288.07013,286.87015,287.07013,287.87015,287.87015,287.77014,285.77014,287.07013,285.97015,286.17014,285.27014,286.37015,284.37015,285.17014,284.97015,286.77014,286.17014,285.37015,283.07013,281.57013,279.97015,280.57013,283.07013,284.37015,283.87015,284.57013,282.67014,282.27014,283.37015,283.67014,285.47015,286.37015,288.67014,290.87015,287.27014,288.87015,289.47015,291.77014,282.17014,277.47015,274.57013
287.27014,288.07013,289.87015,288.17014,290.17014,288.17014,285.87015,287.87015,284.17014,285.57013,283.07013,283.37015,286.57013,285.67014,284.57013,281.67014,281.27014,282.27014,284.67014,284.17014,282.37015,282.37015,283.57013,283.87015,284.07013,283.17014,282.97015,283.87015,284.47015,285.67014,286.27014,288.67014,291.37015,293.67014,291.27014,289.67014,289.77014,286.77014,283.27014,281.87015,279.27014
287.07013,289.17014,289.07013,286.47015,285.37015,283.57013,284.97015,283.67014,283.97015,282.67014,282.97015,282.57013,285.07013,285.07013,280.47015,280.57013,281.37015,283.97015,284.77014,283.67014,283.67014,283.77014,283.47015,283.87015,283.27014,283.87015,282.47015,285.97015,286.07013,286.97015,288.67014,289.97015,290.77014,292.17014,294.17014,292.37015,289.17014,285.17014,281.67014,282.17014,279.57013
285.27014,287.57013,285.87015,285.57013,283.97015,282.37015,280.67014,282.67014,283.27014,283.47015,278.37015,282.57013,280.27014,279.97015,280.67014,281.07013,281.67014,283.07013,283.07013,283.17014,283.37015,283.47015,284.07013,283.77014,283.67014,284.77014,285.47015,285.67014,286.47015,286.87015,286.37015,287.77014,289.37015,291.57013,291.87015,297.07013,293.97015,289.17014,289.77014,286.17014,283.37015
286.37015,283.47015,285.37015,282.07013,281.67014,281.07013,280.27014,280.97015,279.87015,282.17014,277.07013,276.37015,280.17014,279.67014,280.47015,281.07013,281.87015,282.67014,284.17014,283.47015,283.37015,283.57013,281.17014,282.57013,284.67014,284.47015,285.67014,284.87015,285.57013,284.87015,286.87015,287.57013,289.87015,290.57013,293.27014,290.77014,289.77014,289.37015,287.77014,284.17014,283.37015
286.77014,286.17014,285.97015,283.17014,282.87015,280.87015,280.67014,279.87015,279.47015,279.47015,277.57013,275.57013,276.67014,278.87015,279.87015,281.67014,283.27014,284.07013,283.57013,284.37015,283.97015,284.17014,284.57013,285.17014,282.77014,283.67014,284.27014,284.37015,285.87015,288.67014,288.67014,288.57013,289.57013,291.77014,291.37015,289.17014,287.87015,285.27014,284.17014,283.17014,282.57013
286.77014,288.07013,288.97015,285.47015,283.47015,281.37015,282.77014,282.27014,281.87015,280.97015,280.57013,276.77014,280.17014,279.87015,282.07013,283.87015,284.27014,284.27014,285.37015,284.37015,284.37015,284.27014,284.57013,284.27014,285.17014,287.27014,287.27014,286.97015,288.07013,287.07013,285.67014,285.37015,285.67014,287.07013,287.77014,287.27014,284.87015,283.07013,282.47015,282.37015,282.37015
