wind_kz.json
{"header": {"discipline":0,"disciplineName":"Meteorological products","gribEdition":2,"gribLength":1025,"center":7,"centerName":"US National Weather Service - NCEP(WMC)","subcenter":0,"refTime":"2023-09-07T06:00:00.000Z","significanceOfRT":1,"significanceOfRTName":"Start of forecast","productStatus":0,"productStatusName":"Operational products","productType":1,"productTypeName":"Forecast products","productDefinitionTemplate":0,"productDefinitionTemplateName":"Analysis/forecast at horizontal level/layer at a point in time","parameterCategory":2,"parameterCategoryName":"UnknownDiscipline_0_Category_2","parameterNumber":3,"parameterNumberName":"UnknownParameter_D0_C2_3","parameterUnit":"Unknown","genProcessType":2,"genProcessTypeName":"Forecast","forecastTime":240,"surface1Type":103,"surface1TypeName":"Specified height level above ground","surface1Value":10.0,"surface2Type":255,"surface2TypeName":"Missing","surface2Value":0.0,"gridDefinitionTemplate":0,"gridDefinitionTemplateName":"Latitude_Longitude","numberPoints":615,"shape":6,"shapeName":"Earth spherical with radius of 6,371,229.0 m","gridUnits":"degrees","resolution":48,"winds":"true","scanMode":64,"nx":41,"ny":15,"basicAngle":0,"lo1":47.0,"la1":41.0,"lo2":87.0,"la2":55.0,"dx":1.0,"dy":1.0}, "data":
[rows 0 to 14 of 15, columns 0 to 40 of 41]
2.1709766,1.3109765,-2.5690234,-8.849024,-10.129024,-10.579023,0.43097657,1.9109765,1.7809765,0.71097654,-0.33902344,-0.9490234,-2.7390234,-3.4290235,-4.2990236,-4.9190235,-4.739023,-3.7790234,-3.0090234,-2.1790235,-1.4690235,-1.2690234,0.95097655,1.3209766,2.6409767,2.7009766,-0.19902344,1.9609766,-1.2990234,-1.9390235,0.41097656,2.2909765,-1.0490234,-0.41902342,1.2309766,1.0809766,0.78097653,0.9809766,1.4309765,1.6309766,1.5509765
-0.019023437,-0.41902342,-4.219023,-6.8090234,-8.739023,-8.959023,-1.3290235,1.5109766,1.3109765,0.020976562,-0.8290234,-2.4190235,-2.7290235,-3.8890235,-4.8590236,-5.1190233,-3.8390234,-1.7390234,-0.6490234,-1.1890235,-1.6190234,-1.8090234,0.6109766,0.36097658,2.2809765,3.0209765,3.3409765,2.1609766,-0.28902343,1.5009766,-0.72902346,-0.40902343,1.6709765,-2.1390235,3.2809765,3.3509765,2.2009766,1.9809766,1.9509766,2.0309765,0.40097657
-1.0090234,-2.7090235,-4.3090234,-5.9390235,-6.7690234,-5.8390236,1.0109766,0.69097656,0.36097658,-1.2090235,-2.7890234,-3.2590234,-3.7990234,-4.5690236,-4.3290234,-4.8490233,-4.2790236,-3.1290236,-1.5790235,2.5009766,-1.5490234,-1.5990235,-1.7390234,1.3709766,-1.7790234,-2.0790234,-1.7190235,-2.2390234,-1.3290235,-2.0890234,-2.5990233,-0.029023437,-2.8890235,1.1409765,1.3909765,-2.1490235,-4.1390233,1.1209766,-2.0390234,0.6109766,0.5509766
-3.0090234,-4.2890234,-4.2990236,-3.4390235,-2.8190234,-1.7890234,-3.0190234,1.8109765,0.64097655,-0.8890234,-2.4990234,-3.6490235,-5.3690233,-5.3890233,-4.489023,-3.6990235,-4.0890236,-4.7790236,-2.6690235,0.87097657,-1.7490234,-0.9590234,1.5909766,-0.019023437,-0.87902343,-1.5990235,-0.39902344,-2.0690234,-1.9390235,-2.3790236,1.4309765,1.1309766,0.31097656,0.33097658,0.12097656,1.6909766,2.9409766,2.5409765,-3.5090234,-2.0790234,-1.2490234
-4.0490236,-5.6690235,-4.7090235,-0.7690234,-0.60902345,-1.3490235,3.4509766,2.8309765,1.3709766,-0.99902344,-2.7390234,-4.2090235,-5.4490232,-5.1690235,-3.3090234,-1.5190234,-2.4590235,-2.9490235,-2.7490234,-1.2190235,1.0309765,1.5109766,1.1509765,1.1609765,0.83097655,-0.21902344,-2.0690234,-1.7090235,-2.1290236,-3.1990235,-2.2890234,-0.74902344,-1.0890235,-1.5090234,0.7209766,1.5409765,2.2409766,-0.21902344,-1.0690235,-0.68902344,0.20097657
-4.239023,-4.4790235,-6.3190236,-1.7990234,0.9109766,-0.84902346,0.31097656,-0.36902344,-0.59902346,-1.6390234,-3.9490235,-4.8290234,-5.1690235,-3.2190235,-3.1590235,0.050976563,0.42097655,-0.33902344,-0.24902344,0.42097655,0.71097654,1.2109766,2.1609766,1.9609766,1.1309766,-0.019023437,-1.1290234,-3.8590233,-2.6490235,-3.1090233,-2.4690235,-3.0890234,-2.5890234,-3.0490234,-2.0190234,-1.3890234,-3.2790234,3.1209764,-0.29902345,0.12097656,1.0309765
-3.9190235,-3.7190235,-3.1290236,-2.4590235,-1.9290234,-1.7190235,-1.7590234,-1.5290234,-2.7290235,-4.4290233,-4.5190234,-2.3390234,-2.8890235,-1.4190234,-2.2590234,-1.7390234,2.7809765,2.6809766,1.9409766,1.6309766,1.5209765,1.3009765,2.0509765,2.3509765,2.0709765,0.77097654,-0.20902343,-0.92902344,-2.0490234,-1.9690235,-1.8490235,-3.0590234,-4.3890233,-0.84902346,0.100976564,2.1309767,3.2109766,-0.38902342,-0.73902345,1.3309766,1.1809765
-2.0590234,-2.4390235,-2.0890234,-2.6090233,-1.5290234,-2.4090235,-2.6190233,-2.3590233,-2.9890234,-4.0490236,-4.2090235,-2.7290235,-2.0890234,-0.99902344,-2.4290235,-2.4890234,1.9209765,3.0709765,3.2109766,3.3009765,2.2009766,2.2209766,2.3709764,3.0309765,2.5609765,1.9309765,1.6809765,0.57097656,-0.65902346,-1.9490235,-2.6590235,-3.0990233,-3.3790236,-5.6490235,-3.5790234,-2.5290234,-1.1490234,-2.5890234,-0.33902344,-0.14902344,0.95097655
-0.68902344,-1.4190234,-0.8890234,-1.5790235,0.36097658,-1.6590234,-2.3890235,-1.8990234,-2.8190234,-3.4590235,-3.5490234,-2.8390234,-2.1690235,-1.4990234,-1.7590234,-2.3890235,-1.6890235,2.5309765,3.7809765,3.1309767,3.5709765,2.1509767,2.4509766,3.0709765,3.5509765,3.3709764,1.1909766,-0.5190234,-0.14902344,-0.39902344,-2.2290235,-3.8690233,-4.0090237,-4.8290234,-4.8990235,-3.6290236,2.7409766,-2.4090235,-0.29902345,-0.23902343,0.090976566
1.1909766,0.58097655,0.24097656,-1.2490234,-0.20902343,-0.36902344,-1.1790234,-1.7090235,-2.8890235,-2.3490233,-4.3290234,-0.5190234,-3.8590233,2.2409766,-0.91902345,-1.2590234,-2.0790234,-0.42902344,1.7709765,1.6509765,2.7109766,1.8709766,1.0709766,0.76097655,1.4109765,3.2509766,1.5609765,0.95097655,0.57097656,-0.54902345,-1.8890234,-2.1890235,-3.4490235,-3.8890235,-5.1090236,-1.6890235,-0.5290234,2.5309765,0.20097657,-2.1190233,-2.1890235
2.6809766,2.0609765,1.9809766,0.51097655,0.9709766,0.17097656,-0.44902343,-0.54902345,-2.5890234,-2.9290235,-3.9590235,-2.2590234,-0.78902346,-3.7890234,-2.3190234,-2.2590234,-0.8890234,-0.71902347,1.2409766,1.5709766,2.4509766,3.0709765,2.3109765,1.6709765,1.0309765,2.0909765,1.9009765,0.9209766,-0.15902343,-0.10902344,-0.93902344,-1.8090234,-3.4890234,-3.2690234,-4.3690233,-4.6890235,-1.1190234,-0.81902343,-0.8290234,-0.44902343,-0.42902344
2.5109766,1.9409766,2.5509765,1.7109766,0.6709766,-0.029023437,0.40097657,1.5409765,0.7309766,-1.8290235,-1.4290234,-2.3990235,-2.9890234,1.3109765,-2.3190234,-2.7090235,-0.96902347,0.31097656,1.3509766,1.3509766,3.2109766,2.3909767,2.1709766,2.3309765,2.1109765,1.5409765,1.8109765,1.1809765,0.36097658,-0.08902344,-1.8890234,-2.0290234,-1.9990234,-3.2190235,-2.5790234,-3.4090235,-3.2590234,-2.6690235,-2.1490235,-1.7290235,-1.3090234
2.9109766,3.0309765,2.1009765,1.2609766,1.9209765,1.3909765,0.81097656,-0.68902344,0.65097654,1.4509766,-0.119023435,-1.8890234,-3.3290234,-3.5090234,-1.9190234,-1.4190234,0.28097656,0.7209766,1.1809765,1.3909765,2.8209765,3.6709766,3.0509765,3.5509765,2.7709765,2.0609765,1.8409766,1.1009766,-0.20902343,-0.97902346,-1.0090234,-1.7290235,-1.3690234,-2.0290234,-2.7690234,-2.8790236,-3.0690234,-1.9990234,-1.7790234,-0.20902343,-0.9490234
4.8309765,4.0409765,3.7409766,2.5809765,2.6109765,2.0609765,1.1209766,-0.29902345,1.3709766,0.8509766,0.52097654,1.1509765,1.2909765,-0.7090234,-1.5890235,-0.71902347,-0.18902344,1.5009766,1.4109765,1.8509766,2.1409767,2.6609766,3.3509765,3.4609766,2.8909767,2.6609766,2.0909765,1.0909766,0.43097657,0.28097656,-1.2890234,-2.3390234,-1.9090234,-1.9990234,-2.4190235,-2.5190234,-1.8290235,-2.1190233,-1.2490234,-0.45902345,-0.15902343
4.510977,5.4509764,5.2909765,4.4909763,3.6409767,3.1509767,2.7209766,1.8509766,1.8009765,1.1009766,9.765625E-4,0.12097656,-1.1890235,0.8609766,1.2709765,0.100976564,0.83097655,0.31097656,0.69097656,1.6809765,2.3309765,3.1509767,3.7409766,3.4009767,3.4009767,2.5609765,2.5809765,2.0409765,1.6409765,0.21097656,0.33097658,-0.99902344,-1.3690234,-1.5190234,-2.0290234,-1.7590234,-1.9690235,-2.3790236,-2.3290234,-0.19902344,-0.37902343
