wind_kz.json
{"header": {"discipline":0,"disciplineName":"Meteorological products","gribEdition":2,"gribLength":1025,"center":7,"centerName":"US National Weather Service - NCEP(WMC)","subcenter":0,"refTime":"2023-09-23T12:00:00.000Z","significanceOfRT":1,"significanceOfRTName":"Start of forecast","productStatus":0,"productStatusName":"Operational products","productType":1,"productTypeName":"Forecast products","productDefinitionTemplate":0,"productDefinitionTemplateName":"Analysis/forecast at horizontal level/layer at a point in time","parameterCategory":2,"parameterCategoryName":"UnknownDiscipline_0_Category_2","parameterNumber":2,"parameterNumberName":"UnknownParameter_D0_C2_2","parameterUnit":"Unknown","genProcessType":2,"genProcessTypeName":"Forecast","forecastTime":60,"surface1Type":103,"surface1TypeName":"Specified height level above ground","surface1Value":10.0,"surface2Type":255,"surface2TypeName":"Missing","surface2Value":0.0,"gridDefinitionTemplate":0,"gridDefinitionTemplateName":"Latitude_Longitude","numberPoints":615,"shape":6,"shapeName":"Earth spherical with radius of 6,371,229.0 m","gridUnits":"degrees","resolution":48,"winds":"true","scanMode":64,"nx":41,"ny":15,"basicAngle":0,"lo1":47.0,"la1":41.0,"lo2":87.0,"la2":55.0,"dx":1.0,"dy":1.0}, "data":
[rows 0 to 14 of 15, columns 0 to 40 of 41]
-0.94795656,-1.0679566,2.0920434,2.4220436,-7.0779567,-7.1779566,-5.4079566,-5.3579564,-6.227957,-1.3979565,-1.6579566,-2.1979566,-1.4279566,-0.69795656,-0.37795654,-1.3979565,-1.4179566,-0.6779565,-1.9979565,0.30204347,0.87204343,-0.5479565,-0.77795655,-1.3579565,-0.66795653,-1.5479566,-2.1879566,-0.19795655,-0.027956543,0.29204345,-0.77795655,0.78204346,0.9520435,-1.0779566,-3.2379565,-3.2379565,-2.9179566,-2.0379565,-2.0279565,-2.1079566,-2.2279565
0.8820435,0.97204345,3.5220435,-5.0079565,-6.1879563,-7.2979565,-4.0879564,-5.6279564,-4.0779567,-2.6479566,-1.3379565,-2.1779566,-1.3079566,-1.1379565,-0.8679565,-2.0979567,-2.4279566,-2.7979565,-2.7679565,-3.2579565,-3.4479566,-2.5979567,0.072043456,-1.9679565,0.40204346,0.8220435,0.26204345,0.20204346,-1.8579565,-1.5179565,-0.15795654,-0.5479565,0.26204345,-2.7379565,0.60204345,-0.94795656,-0.51795655,-1.9079566,-1.8279566,2.4720435,1.2920434
-1.7279565,-2.3379564,-4.3079567,-2.9379566,-5.4579563,-5.4279566,-4.2679567,-3.1279566,-4.5279565,-3.0179565,-1.5879565,-2.6379566,-2.0579565,-2.4179566,-2.9179566,-3.6679566,-5.1779566,-2.8479567,-0.90795654,0.8220435,-3.3679566,-7.7879567,-5.6179566,-4.6879563,0.18204346,-2.4779565,-0.43795654,0.37204346,-0.36795655,-0.52795655,-0.53795654,1.3220434,-0.56795657,-0.46795654,0.072043456,-0.04795654,0.26204345,0.18204346,-0.47795653,2.4320436,2.8120434
-2.6379566,-1.9079566,-5.3479567,-5.8579564,-5.3379564,-4.2379565,-2.6979566,-4.1579566,-3.3379564,-2.6579566,-3.2379565,-2.9779565,-4.3179564,-5.0179567,-3.5479565,-4.0079565,-4.1279564,-3.3879566,-3.3479567,-5.5179567,-6.477957,-4.0279565,-1.4779565,-5.0079565,-5.4279566,-5.2579565,-5.0879564,-7.6879563,-3.6379566,0.22204345,0.21204346,-2.0379565,-2.1579566,-2.7279565,-2.2679565,-1.7079566,-2.1079566,2.9420435,-0.46795654,0.8120434,-0.22795655
-5.0979567,-7.2479568,-6.1079564,-5.7779565,-4.7979565,-4.3679566,-3.7079566,-3.0779564,-3.4479566,-3.2679565,-3.4679565,-3.4879565,-4.4279566,-4.5379567,-4.1979566,-3.4479566,-3.9479566,-3.8279564,-3.6879566,-5.7579565,-7.1379566,-5.5579567,-4.7879567,-4.1179566,-4.2979565,-4.0779567,-4.6779566,-3.7979565,-3.3479567,-2.8979566,-2.8679566,-1.4979565,-2.0679564,1.7720435,-0.81795657,0.6920435,1.0920434,-0.9879565,0.71204346,0.022043457,0.38204345
-3.8579566,-3.1579566,-5.2179565,-5.5679564,-5.7579565,-5.5279565,-3.6479566,-2.8079565,-2.5179565,-2.0079565,-3.2979565,-3.4179566,-2.9879565,-4.0779567,-3.6379566,-2.6279566,-3.1379566,-3.5579565,-4.2179565,-3.5479565,-4.2579565,-3.5579565,-3.4479566,-3.5679564,-3.5679564,-3.6179566,-2.1179566,-2.4879565,-2.3679566,-1.9479566,-2.0879564,-2.1579566,-2.6579566,-2.2779565,-0.44795653,-0.58795655,2.1520433,3.2720435,1.4220434,-0.75795656,1.3020434
-2.8079565,-2.4679565,-2.8179564,-2.7879565,-3.6279566,-3.4179566,-3.6079566,-3.5579565,-3.4479566,-3.1679566,-3.1079566,-3.0979567,-2.5479565,-2.0279565,-1.7479565,-2.2979565,-2.6179566,-2.5579565,-3.3079565,-3.4679565,-2.8779566,-2.8979566,-3.1179566,-3.2279565,-2.7579565,-1.9279566,-0.8079565,-0.84795654,-2.0079565,-1.1379565,-2.5779564,-1.7479565,-0.7379565,-0.07795654,1.4320434,-0.10795654,-0.017956544,0.47204345,2.0420434,0.60204345,0.59204346
-2.2279565,-2.5079565,-2.7979565,-2.7879565,-2.5179565,-2.5779564,-2.6179566,-2.6279566,-1.9679565,-2.2079566,-2.1679566,-1.8779565,-1.0579566,-1.1579566,-0.9879565,-1.2479565,-2.0179565,-2.3579566,-2.6279566,-3.6279566,-2.1379566,-2.0879564,-1.6879566,-1.5979565,-1.2479565,-0.30795655,0.5720435,-0.32795656,-0.37795654,-0.41795653,0.33204347,1.2020434,0.9420435,1.3720435,1.2220435,5.272043,5.8220434,7.1720433,0.90204346,-6.7579565,-1.9379566
-1.9279566,-1.7079566,-2.3779566,-2.1079566,-1.6779566,-1.6079565,-0.90795654,-1.2679565,-2.1479566,-0.9879565,1.6720434,1.7920434,2.0920434,1.0920434,1.1620435,0.65204346,0.32204345,-1.5279565,-1.4679565,-1.8079566,-1.1379565,0.8120434,0.13204345,-0.12795654,0.27204347,0.37204346,0.25204346,0.58204347,1.5320435,1.5020435,2.2220435,3.0220435,3.5620434,3.0920434,5.272043,4.3820434,3.2620435,3.2320435,3.2920434,0.37204346,0.082043454
-1.6379565,-0.81795657,1.2820435,1.8720435,2.3220434,1.9120435,1.0120435,0.61204344,1.7120434,1.5720434,2.1220434,1.6020435,1.5720434,2.4620435,2.0820434,1.0320435,1.1020435,2.1520433,1.1420435,0.40204346,1.5620434,1.3120434,1.9120435,1.6620435,2.0220435,2.1420434,2.4620435,3.0620434,3.4420435,4.2420435,4.9220433,4.6820436,4.0120435,5.3720436,3.3320434,4.2120433,1.1120435,-0.04795654,0.9520435,1.2720435,-0.19795655
-1.6479565,-1.2479565,-0.07795654,-1.5479566,-0.14795655,2.4920435,2.0820434,2.6120434,2.5520434,2.2820435,1.5520434,2.0220435,2.0820434,3.4020433,3.2420435,2.8120434,2.2320435,2.5920434,1.9920435,1.9420434,1.8520435,1.8620435,2.2720435,2.0820434,2.3520434,2.6320434,2.5920434,3.6220434,3.7820435,4.6020436,4.772043,3.4220436,0.032043457,-3.3379564,-3.5479565,-1.2079566,-0.027956543,0.5720435,0.17204346,0.32204345,-0.17795654
-1.1679566,-1.8179566,0.0120434575,-1.0079565,0.17204346,0.40204346,-0.10795654,0.96204346,0.96204346,-0.097956546,0.10204346,2.3320434,2.0120435,1.5720434,2.4620435,3.2720435,3.3720434,3.6320434,2.0820434,2.8020434,2.2820435,2.7820435,2.3620434,2.1420434,2.9520435,3.5120435,3.0820434,3.8920434,3.9620435,3.0120435,1.5320435,-4.3679566,-3.3279564,-3.9879565,-3.4679565,-3.7779565,-3.7679565,-2.4679565,-1.0879565,0.32204345,0.37204346
0.052043457,0.79204345,0.5120435,-0.91795653,-0.6179565,-0.83795655,0.022043457,-0.037956543,0.27204347,0.54204345,0.55204344,1.1520435,2.0920434,3.3520434,2.9420435,2.7220435,2.2520435,3.0720434,2.4720435,3.1020434,2.5120435,2.3520434,2.5820434,2.4120436,3.7320435,3.3820434,3.6520433,3.2020435,1.6420435,-1.0779566,-4.2779565,-5.1779566,-5.0779567,-4.3479567,-3.0579565,-4.4079566,-2.9779565,-0.88795656,-0.84795654,-0.39795655,-0.44795653
1.2320435,0.97204345,1.2920434,1.6520435,1.7620435,1.2020434,0.34204346,1.0520434,0.87204343,0.39204347,0.5020435,0.85204345,2.0620434,3.3520434,3.7120435,3.3420434,3.1020434,2.5820434,2.1320434,3.2620435,3.4020433,3.2320435,3.6320434,3.4720435,3.4020433,2.8220434,2.0520434,1.6920434,-0.21795654,-3.4779565,-4.5179567,-4.227957,-3.9579566,-3.2879565,-2.1779566,-2.5679564,-1.7179565,-1.6779566,-0.97795653,-0.56795657,0.24204345
0.72204345,1.3520435,2.0720434,1.1720434,0.98204345,1.2120434,1.5320435,1.5920434,2.7920434,1.9420434,0.73204345,1.2620435,1.7720435,1.7320435,3.9120436,3.4720435,3.5020435,3.6120434,2.5620434,3.2420435,3.2320435,3.4120436,3.1920435,3.1920435,3.0420434,2.7220435,1.8020434,0.85204345,-2.1879566,-3.4579566,-5.0379567,-4.7379565,-3.7979565,-2.9879565,-2.8079565,-2.6479566,-2.1279566,-2.0379565,-0.82795656,-1.9579566,-0.9979565
