wind_kz.json
[{"header":{"discipline":0,"disciplineName":"Meteorological products","gribEdition":2,"gribLength":871,"center":7,"centerName":"US National Weather Service - NCEP(WMC)","subcenter":0,"refTime":"2023-10-05T12:00:00.000Z","significanceOfRT":1,"significanceOfRTName":"Start of forecast","productStatus":0,"productStatusName":"Operational products","productType":1,"productTypeName":"Forecast products","productDefinitionTemplate":0,"productDefinitionTemplateName":"Analysis/forecast at horizontal level/layer at a point in time","parameterCategory":0,"parameterCategoryName":"UnknownDiscipline_0_Category_0","parameterNumber":0,"parameterNumberName":"UnknownParameter_D0_C0_0","parameterUnit":"Unknown","genProcessType":2,"genProcessTypeName":"Forecast","forecastTime":180,"surface1Type":1,"surface1TypeName":"Ground or water surface","surface1Value":0.0,"surface2Type":255,"surface2TypeName":"Missing","surface2Value":0.0,"gridDefinitionTemplate":0,"gridDefinitionTemplateName":"Latitude_Longitude","numberPoints":615,"shape":6,"shapeName":"Earth spherical with radius of 6,371,229.0 m","gridUnits":"degrees","resolution":48,"winds":"true","scanMode":64,"nx":41,"ny":15,"basicAngle":0,"lo1":47.0,"la1":41.0,"lo2":87.0,"la2":55.0,"dx":1.0,"dy":1.0},"data":[282.6,275.3,281.0,293.0,293.0,291.6,287.1,286.1,283.6,283.6,281.6,282.2,282.5,282.6,282.1,279.3,279.9,280.8,280.2,280.3,283.2,282.1,281.0,280.9,285.7,287.8,284.5,274.0,274.4,273.7,272.0,270.0,280.9,285.8,286.9,287.3,286.9,285.9,286.1,285.8,284.7,262.3,280.1,292.9,292.8,292.7,290.7,283.7,282.8,281.9,281.2,282.1,280.8,280.2,279.7,277.5,277.9,278.0,279.1,278.5,277.5,278.4,281.4,279.2,277.4,271.2,273.5,280.3,272.9,273.1,272.7,277.4,269.2,276.0,255.2,271.3,282.6,281.3,284.1,286.0,279.3,283.4,280.8,292.3,292.3,292.1,290.4,283.2,281.9,281.1,281.1,280.2,279.3,280.2,279.2,279.8,280.2,277.1,276.6,276.4,276.4,276.7,279.5,279.6,281.4,274.9,278.7,281.2,282.2,281.6,281.2,275.1,269.0,273.7,278.1,276.0,277.4,276.7,270.2,271.8,272.6,270.0,270.8,286.2,291.2,292.1,291.4,288.2,282.1,282.0,281.4,281.4,280.6,279.7,279.7,289.0,288.4,279.2,278.3,278.9,276.1,276.7,276.9,278.5,273.1,277.2,279.2,280.1,279.6,281.3,279.5,279.7,283.0,283.5,280.3,284.9,285.3,285.3,281.8,272.1,268.2,273.4,280.1,283.6,286.0,290.2,290.9,290.5,287.0,282.7,283.0,282.9,282.0,281.2,280.5,279.4,287.8,286.5,285.3,278.6,278.9,278.6,275.1,278.9,278.9,278.4,277.4,278.4,278.4,278.3,277.5,281.3,277.9,279.5,282.1,281.7,275.5,270.6,278.2,285.6,287.3,288.0,289.3,288.6,286.5,284.8,283.8,288.6,289.1,289.5,288.6,283.2,283.2,281.9,282.0,281.6,281.1,286.6,287.4,283.2,277.5,280.1,277.7,279.0,277.9,277.4,277.1,276.7,276.7,276.8,276.4,277.1,286.2,280.1,280.1,279.1,282.6,281.0,281.3,280.1,284.4,278.2,279.8,284.7,287.6,286.3,283.3,283.1,284.2,283.9,284.9,282.9,282.5,281.8,282.1,282.4,281.2,280.7,280.4,280.1,279.6,280.1,279.0,279.1,277.7,276.4,275.6,276.3,276.9,277.2,276.0,276.0,276.2,277.9,277.7,277.9,277.8,278.8,280.2,281.1,281.8,281.5,279.2,279.0,277.2,274.7,282.6,282.6,282.3,283.3,283.3,283.3,282.7,282.0,280.5,279.6,280.1,279.8,279.5,279.0,279.6,279.8,280.0,279.0,278.7,277.7,275.0,275.0,274.3,274.9,274.9,275.0,272.1,273.1,273.8,273.6,275.6,275.4,276.0,275.3,276.6,276.2,277.0,279.4,284.5,281.5,282.4,282.0,282.5,282.8,283.3,282.7,282.8,282.4,281.3,280.8,279.4,278.5,277.8,277.5,278.2,278.2,278.2,278.6,278.1,277.5,276.7,275.2,273.2,272.7,273.3,274.0,273.1,273.1,271.6,271.2,271.0,270.0,271.8,273.0,274.5,276.3,276.7,274.9,275.7,278.2,274.8,275.4,273.7,284.0,284.1,284.9,283.7,283.0,282.8,282.1,280.9,280.1,280.4,278.4,278.0,278.0,278.3,277.7,277.8,277.6,277.7,277.4,276.0,274.3,274.0,274.0,274.1,273.4,272.5,272.6,272.6,272.5,272.8,273.6,275.5,276.5,276.6,277.4,277.3,275.2,274.2,276.5,272.3,274.3,284.0,284.1,284.0,283.8,283.8,284.8,284.5,284.4,283.3,281.0,279.6,279.0,279.5,278.3,278.2,278.9,277.8,278.5,277.9,276.4,276.4,276.2,275.4,274.3,274.1,273.5,272.9,273.4,274.7,275.5,276.7,277.6,277.8,277.6,277.5,275.9,273.2,270.8,272.0,271.5,273.4,283.9,284.3,284.3,283.8,283.6,283.1,283.9,283.7,283.9,283.4,280.4,279.9,280.7,280.0,280.3,280.9,280.6,279.3,279.2,277.3,277.0,276.1,276.1,275.7,274.7,275.3,275.0,275.7,275.6,275.5,275.3,275.3,276.7,275.3,276.4,277.1,276.7,276.6,275.9,276.9,276.7,283.3,283.6,284.3,284.0,284.5,284.3,283.5,282.4,282.2,282.4,279.5,277.8,280.2,280.0,281.0,281.7,281.4,280.6,280.2,278.0,278.2,277.0,276.7,276.0,276.1,276.4,276.4,275.3,275.2,274.3,274.9,276.8,275.9,276.7,276.5,276.8,277.1,277.1,275.7,275.9,276.6,284.1,284.2,284.3,283.1,282.7,282.7,282.6,282.9,284.0,282.8,279.9,277.5,278.9,280.2,281.2,281.1,281.3,280.2,279.7,277.8,277.2,277.0,275.8,277.1,277.2,276.7,275.2,274.5,273.2,273.2,273.5,273.6,273.5,273.1,274.4,273.5,275.6,275.8,275.4,274.0,275.3,284.7,285.0,283.9,283.5,282.4,282.4,282.3,282.8,283.6,283.2,282.5,280.3,279.5,280.3,280.3,281.0,280.3,279.4,279.2,277.2,276.8,276.4,275.8,274.9,275.1,275.1,274.2,272.2,272.5,272.5,273.1,278.8,275.8,272.5,272.7,273.2,274.2,274.3,275.4,275.9,275.2]},{"header":{"discipline":0,"disciplineName":"Meteorological products","gribEdition":2,"gribLength":794,"center":7,"centerName":"US National Weather Service - NCEP(WMC)","subcenter":0,"refTime":"2023-10-05T12:00:00.000Z","significanceOfRT":1,"significanceOfRTName":"Start of forecast","productStatus":0,"productStatusName":"Operational products","productType":1,"productTypeName":"Forecast products","productDefinitionTemplate":0,"productDefinitionTemplateName":"Analysis/forecast at horizontal level/layer at a point in time","parameterCategory":2,"parameterCategoryName":"UnknownDiscipline_0_Category_2","parameterNumber":2,"parameterNumberName":"UnknownParameter_D0_C2_2","parameterUnit":"Unknown","genProcessType":2,"genProcessTypeName":"Forecast","forecastTime":180,"surface1Type":103,"surface1TypeName":"Specified height level above ground","surface1Value":10.0,"surface2Type":255,"surface2TypeName":"Missing","surface2Value":0.0,"gridDefinitionTemplate":0,"gridDefinitionTemplateName":"Latitude_Longitude","numberPoints":615,"shape":6,"shapeName":"Earth spherical with radius of 6,371,229.0 m","gridUnits":"degrees","resolution":48,"winds":"true","scanMode":64,"nx":41,"ny":15,"basicAngle":0,"lo1":47.0,"la1":41.0,"lo2":87.0,"la2":55.0,"dx":1.0,"dy":1.0},"data":[0.064309694,-1.2356904,1.6643097,-2.8356903,-6.23569,-9.03569,-6.4356904,-7.4356904,-9.135691,-5.5356903,-5.4356904,-6.0356903,-5.9356904,-5.4356904,-5.13569,-4.8356905,-4.0356903,-6.13569,-5.8356905,-2.9356904,-1.1356903,-0.23569031,0.7643097,0.2643097,-0.23569031,0.064309694,0.4643097,0.9643097,2.0643096,-0.63569033,2.8643098,1.7643096,0.5643097,-1.5356903,-3.3356903,-3.4356904,-2.8356903,-2.3356903,-3.0356903,-2.7356904,-1.3356903,2.1643097,1.8643097,-5.63569,-8.53569,-8.635691,-8.53569,-4.73569,-7.63569,-6.3356905,-5.13569,-5.23569,-5.3356905,-4.4356904,-3.9356904,-3.4356904,-4.4356904,-3.3356903,-5.5356903,-5.3356905,-2.8356903,-1.6356903,-3.2356904,-0.8356903,0.064309694,1.0643097,0.9643097,-0.33569032,1.7643096,0.3643097,0.86430967,0.1643097,1.5643097,0.86430967,0.1643097,-0.1356903,-0.33569032,-0.4356903,-1.2356904,0.86430967,0.7643097,-2.4356904,-0.4356903,-6.23569,-7.4356904,-7.8356905,-7.9356904,-6.13569,-5.13569,-4.0356903,-5.9356904,-4.63569,-4.4356904,-4.63569,-4.13569,-4.23569,-3.9356904,-4.0356903,-4.3356905,-4.13569,-3.2356904,-2.0356903,-1.1356903,-4.4356904,-5.9356904,-6.23569,0.9643097,-1.4356903,0.064309694,2.7643096,3.4643097,0.064309694,-0.8356903,-1.0356903,-0.9356903,1.9643097,-0.035690308,-0.8356903,1.5643097,0.1643097,2.3643098,1.1643097,1.6643097,-4.63569,-6.3356905,-4.63569,-6.23569,-5.9356904,-4.63569,-3.0356903,-4.13569,-3.3356903,-3.0356903,-3.1356902,-3.2356904,-4.23569,-4.73569,-3.0356903,-3.1356902,-2.8356903,-3.0356903,-3.3356903,-3.2356904,-3.3356903,-3.3356903,-0.23569031,-2.6356902,-2.4356904,-2.2356904,-2.2356904,-2.0356903,-0.4356903,1.0643097,1.2643096,1.5643097,9.06431,9.56431,7.26431,2.6643097,0.4643097,1.7643096,0.6643097,1.7643096,2.4643097,-4.0356903,-4.9356904,-5.13569,-4.3356905,-4.13569,-3.5356903,-2.3356903,-1.5356903,-2.1356902,-1.2356904,-1.0356903,-0.1356903,-1.9356903,-1.9356903,-2.8356903,-2.1356902,-1.9356903,-1.3356903,-2.2356904,-3.1356902,-3.8356903,-3.5356903,-2.9356904,-2.2356904,-2.3356903,-1.7356904,-1.9356903,-2.1356902,-0.7356903,1.1643097,1.6643097,1.9643097,3.0643096,2.9643097,1.2643096,-2.1356902,9.46431,-0.63569033,3.0643096,3.9643097,1.7643096,-2.7356904,-2.3356903,-4.13569,-3.1356902,-2.5356903,-2.3356903,-2.5356903,-1.0356903,-0.5356903,0.6643097,1.2643096,0.9643097,2.6643097,2.3643098,1.7643096,1.2643096,1.0643097,-1.0356903,-1.8356903,-2.2356904,-2.6356902,-1.8356903,-1.5356903,-2.1356902,-1.5356903,-1.4356903,-0.4356903,-0.9356903,0.5643097,1.2643096,2.6643097,5.0643096,3.7643096,3.4643097,3.9643097,7.26431,3.5643096,4.0643096,13.96431,3.3643098,-3.5356903,-0.9356903,-0.9356903,-0.7356903,-0.9356903,-0.8356903,-0.8356903,-0.5356903,-0.23569031,0.6643097,1.4643097,1.6643097,1.3643097,2.0643096,2.4643097,1.0643097,0.5643097,0.5643097,-0.035690308,-0.9356903,-0.33569032,0.7643097,0.4643097,0.5643097,1.2643096,1.0643097,0.9643097,0.86430967,1.5643097,2.1643097,2.0643096,1.5643097,0.9643097,0.6643097,1.6643097,5.1643095,4.86431,4.1643095,-0.5356903,2.0643096,2.8643098,4.36431,1.2643096,1.2643096,1.2643096,1.2643096,1.3643097,1.4643097,1.4643097,1.2643096,2.3643098,2.2643096,1.6643097,1.9643097,2.1643097,2.1643097,2.4643097,2.3643098,2.0643096,1.2643096,1.8643097,1.8643097,3.2643096,2.7643096,2.8643098,2.3643098,2.8643098,1.5643097,2.5643096,1.9643097,2.0643096,2.2643096,1.8643097,2.6643097,2.3643098,1.0643097,0.9643097,4.36431,6.36431,11.26431,8.46431,10.06431,5.26431,2.3643098,3.2643096,3.7643096,3.2643096,3.3643098,3.3643098,2.8643098,2.1643097,2.1643097,2.8643098,2.9643097,2.8643098,5.26431,2.9643097,3.8643098,2.9643097,2.8643098,2.5643096,2.5643096,2.0643096,2.6643097,3.1643097,3.3643098,3.4643097,2.5643096,3.0643096,2.5643096,2.4643097,3.0643096,2.0643096,3.2643096,3.5643096,3.4643097,2.9643097,2.9643097,2.3643098,1.4643097,-0.1356903,1.7643096,1.8643097,0.1643097,4.5643096,4.76431,4.86431,4.6643095,4.6643095,4.6643095,4.36431,4.4643097,4.86431,4.9643097,5.1643095,6.1643095,5.5643096,5.76431,5.36431,4.86431,4.1643095,4.36431,4.0643096,3.2643096,4.36431,4.9643097,3.4643097,3.3643098,3.3643098,3.5643096,4.26431,3.9643097,3.6643097,4.4643097,4.36431,4.9643097,4.4643097,3.6643097,1.9643097,1.9643097,1.1643097,2.1643097,3.2643096,2.1643097,0.5643097,5.1643095,5.9643097,5.86431,6.0643096,5.86431,5.76431,6.4643097,7.1643095,6.26431,7.4643097,7.4643097,8.46431,7.36431,8.06431,7.6643095,7.0643096,6.76431,6.6643095,5.26431,6.26431,6.36431,5.36431,5.1643095,4.1643095,3.6643097,4.0643096,4.4643097,3.7643096,4.9643097,4.26431,5.5643096,3.9643097,3.6643097,3.0643096,3.1643097,1.3643097,0.6643097,1.1643097,0.9643097,0.4643097,0.2643097,5.4643097,5.6643095,6.26431,6.0643096,6.4643097,6.0643096,6.6643095,6.76431,7.26431,6.5643096,7.0643096,8.76431,8.864309,8.96431,10.06431,9.46431,9.364309,8.864309,6.86431,7.36431,6.76431,6.5643096,6.0643096,4.76431,4.86431,5.0643096,5.1643095,4.9643097,5.0643096,4.76431,4.0643096,3.8643098,3.1643097,3.4643097,2.2643096,2.5643096,2.0643096,1.6643097,1.1643097,0.6643097,0.3643097,5.5643096,6.26431,6.26431,6.26431,5.86431,4.86431,6.86431,7.1643095,9.1643095,6.6643095,4.76431,7.6643095,8.56431,10.06431,10.46431,9.96431,9.46431,9.26431,7.4643097,8.1643095,8.1643095,7.26431,6.5643096,5.76431,5.26431,5.5643096,4.86431,4.26431,3.9643097,3.9643097,3.5643096,2.7643096,2.0643096,1.9643097,3.3643098,2.5643096,2.6643097,1.4643097,1.5643097,1.5643097,0.9643097,6.76431,6.4643097,5.4643097,6.76431,5.76431,6.36431,7.26431,7.76431,7.86431,6.76431,5.1643095,5.6643095,9.1643095,8.96431,9.46431,9.56431,8.864309,7.6643095,7.1643095,7.4643097,7.26431,6.9643097,5.5643096,6.76431,5.26431,4.36431,2.7643096,2.8643098,2.4643097,2.7643096,2.8643098,2.7643096,2.4643097,2.4643097,2.6643097,2.9643097,2.4643097,2.3643098,1.6643097,0.7643097,1.1643097,4.86431,7.26431,6.9643097,6.36431,5.86431,6.9643097,8.864309,7.5643096,7.86431,6.36431,4.76431,7.86431,5.6643095,4.1643095,8.364309,8.06431,7.36431,6.86431,4.86431,6.6643095,5.6643095,5.0643096,3.9643097,2.8643098,4.36431,3.4643097,2.0643096,1.8643097,2.2643096,1.9643097,3.7643096,5.4643097,2.9643097,2.5643096,2.5643096,3.3643098,2.9643097,2.3643098,2.0643096,2.2643096,-0.5356903]},{"header":{"discipline":0,"disciplineName":"Meteorological products","gribEdition":2,"gribLength":794,"center":7,"centerName":"US National Weather Service - NCEP(WMC)","subcenter":0,"refTime":"2023-10-05T12:00:00.000Z","significanceOfRT":1,"significanceOfRTName":"Start of forecast","productStatus":0,"productStatusName":"Operational products","productType":1,"productTypeName":"Forecast products","productDefinitionTemplate":0,"productDefinitionTemplateName":"Analysis/forecast at horizontal level/layer at a point in time","parameterCategory":2,"parameterCategoryName":"UnknownDiscipline_0_Category_2","parameterNumber":3,"parameterNumberName":"UnknownParameter_D0_C2_3","parameterUnit":"Unknown","genProcessType":2,"genProcessTypeName":"Forecast","forecastTime":180,"surface1Type":103,"surface1TypeName":"Specified height level above ground","surface1Value":10.0,"surface2Type":255,"surface2TypeName":"Missing","surface2Value":0.0,"gridDefinitionTemplate":0,"gridDefinitionTemplateName":"Latitude_Longitude","numberPoints":615,"shape":6,"shapeName":"Earth spherical with radius of 6,371,229.0 m","gridUnits":"degrees","resolution":48,"winds":"true","scanMode":64,"nx":41,"ny":15,"basicAngle":0,"lo1":47.0,"la1":41.0,"lo2":87.0,"la2":55.0,"dx":1.0,"dy":1.0},"data":[-1.1765106,-2.9765105,2.4234893,5.7234893,3.6234894,3.3234894,0.6234894,0.4234894,0.32348937,0.22348937,-0.97651064,-0.67651063,-0.97651064,-1.8765106,-2.5765107,-3.9765105,-4.676511,-4.676511,-6.176511,-3.5765107,-2.0765107,-4.2765107,0.12348938,0.32348937,-0.17651062,2.5234895,-1.5765107,1.5234894,-0.17651062,0.52348936,-2.6765106,-3.1765106,0.4234894,-1.5765107,-1.3765106,0.02348938,0.22348937,-0.07651062,1.2234894,2.5234895,2.2234893,4.7234893,0.52348936,7.823489,7.823489,6.7234893,4.823489,-0.37651062,2.3234894,1.5234894,0.7234894,-0.37651062,-0.7765106,-1.0765107,-1.4765106,-3.2765107,-2.5765107,-2.9765105,-4.3765106,-7.3765106,-5.176511,-4.676511,-5.5765104,-2.4765105,0.9234894,0.7234894,1.1234894,0.22348937,2.1234894,-0.17651062,2.3234894,1.9234893,0.6234894,0.6234894,-0.37651062,-1.3765106,-0.07651062,0.22348937,-0.7765106,-0.27651063,-0.67651063,1.4234893,2.2234893,7.2234893,6.823489,7.5234895,5.823489,2.5234895,1.3234894,1.5234894,3.0234895,1.8234894,1.3234894,1.0234894,-0.07651062,-1.0765107,-1.9765106,-1.8765106,-1.8765106,-2.2765107,-3.9765105,-5.0765104,-3.8765106,-3.0765107,-6.9765105,-1.8765106,-0.7765106,1.1234894,2.3234894,1.0234894,-0.5765106,-0.67651063,-2.6765106,-1.8765106,-1.8765106,-1.2765106,0.4234894,-0.5765106,-1.6765106,-2.3765106,-0.67651063,0.4234894,0.9234894,2.4234893,6.7234893,7.2234893,8.823489,4.1234894,3.6234894,3.4234893,3.8234894,3.3234894,3.2234893,2.4234893,2.0234895,2.1234894,0.7234894,-0.5765106,-1.3765106,-1.2765106,-1.2765106,-2.2765107,-3.6765106,-5.3765106,-2.8765106,-1.1765106,-3.0765107,-2.9765105,-3.1765106,-3.0765107,-1.3765106,-2.1765106,-2.3765106,-3.0765107,-4.8765106,2.5234895,2.7234893,3.7234893,0.82348937,1.4234893,2.0234895,-0.17651062,-0.4765106,0.02348938,2.3234894,5.5234895,6.9234896,7.5234895,4.823489,3.5234895,3.9234893,4.7234893,4.4234896,4.4234896,3.7234893,3.1234894,2.5234895,1.1234894,0.22348937,-1.2765106,-1.7765106,-1.6765106,0.7234894,-1.0765107,-1.3765106,-2.3765106,-3.1765106,-3.1765106,-3.0765107,-3.4765105,-3.6765106,-3.2765107,-2.7765107,-2.7765107,-2.7765107,-0.17651062,-0.27651063,0.12348938,-0.4765106,-2.3765106,-8.57651,-0.27651063,-2.0765107,-2.0765107,2.0234895,2.6234894,2.0234895,5.1234894,6.323489,7.6234894,6.4234896,3.3234894,4.1234894,3.9234893,4.2234893,3.3234894,3.6234894,3.6234894,3.3234894,1.7234894,0.12348938,-0.97651064,-0.7765106,1.9234893,0.9234894,-0.8765106,-1.6765106,-1.5765107,-2.1765106,-2.9765105,-3.3765106,-3.2765107,-6.0765104,-3.7765107,-3.2765107,-3.0765107,-0.97651064,1.6234894,5.323489,4.1234894,-6.9765105,-0.8765106,-5.0765104,-5.0765104,-0.7765106,-3.3765106,3.8234894,3.8234894,3.7234893,3.8234894,4.7234893,3.8234894,4.1234894,3.6234894,3.3234894,3.4234893,3.7234893,3.6234894,3.5234895,3.4234893,3.1234894,3.2234893,2.1234894,2.4234893,2.8234894,1.9234893,-0.27651063,-1.3765106,-1.5765107,-1.4765106,-1.0765107,-1.8765106,-1.7765106,-3.2765107,-3.5765107,-3.7765107,-4.0765104,-3.3765106,-3.1765106,-2.7765107,-1.2765106,0.52348936,3.0234895,1.5234894,0.12348938,-0.07651062,-7.4765105,4.323489,4.5234895,4.4234896,4.4234896,4.4234896,4.2234893,4.1234894,3.8234894,3.7234893,3.1234894,3.6234894,4.1234894,3.7234893,3.5234895,3.9234893,3.9234893,4.2234893,3.6234894,3.2234893,2.5234895,1.1234894,0.52348936,-0.07651062,0.02348938,0.32348937,0.82348937,-0.17651062,-1.5765107,-1.8765106,-2.9765105,-2.9765105,-3.0765107,-2.2765107,-1.6765106,-0.67651063,-0.67651063,-2.5765107,-0.07651062,-0.17651062,1.9234893,-1.1765106,5.1234894,5.7234893,5.823489,5.4234896,5.5234895,5.4234896,5.5234895,5.1234894,4.0234895,3.5234895,3.2234893,3.5234895,3.8234894,4.1234894,4.2234893,4.5234895,4.6234894,4.7234893,4.6234894,3.5234895,2.8234894,1.8234894,1.5234894,1.4234893,1.3234894,0.82348937,1.0234894,0.7234894,0.22348937,-0.17651062,-1.3765106,-1.5765107,-0.7765106,-1.5765107,-0.7765106,-1.5765107,-2.6765106,-3.4765105,3.2234893,1.3234894,2.3234894,6.5234895,6.6234894,6.9234896,6.823489,6.7234893,6.7234893,6.323489,6.323489,6.6234894,6.323489,5.7234893,5.5234895,5.2234893,4.7234893,4.9234896,4.6234894,5.1234894,5.6234894,5.4234896,5.0234895,4.9234896,4.1234894,3.4234893,2.8234894,2.2234893,1.6234894,1.4234893,1.6234894,1.2234894,0.9234894,0.32348937,0.22348937,-0.67651063,-0.37651062,-0.4765106,-0.4765106,-0.4765106,0.02348938,2.8234894,3.7234893,1.2234894,6.9234896,7.2234893,7.2234893,6.9234896,6.7234893,7.2234893,8.023489,7.823489,7.4234896,7.1234894,6.6234894,6.5234895,6.1234894,5.9234896,5.2234893,6.1234894,6.4234896,7.2234893,7.0234895,7.4234896,6.823489,5.823489,4.823489,4.6234894,3.4234893,3.1234894,2.4234893,2.3234894,1.7234894,1.3234894,0.32348937,-0.17651062,-0.5765106,-0.27651063,0.02348938,0.4234894,0.22348937,-1.4765106,-1.9765106,-2.1765106,-1.4765106,6.323489,6.9234896,6.9234896,7.2234893,7.1234894,7.1234894,6.823489,7.5234895,7.2234893,6.6234894,5.6234894,5.2234893,5.5234895,6.1234894,6.2234893,6.5234895,7.1234894,7.2234893,8.023489,7.823489,7.323489,6.4234896,5.823489,5.4234896,4.7234893,3.9234893,3.9234893,3.2234893,2.5234895,1.5234894,1.0234894,1.3234894,0.7234894,1.0234894,0.9234894,1.0234894,1.9234893,1.4234893,0.82348937,1.4234893,0.12348938,5.2234893,7.2234893,7.323489,7.1234894,6.9234896,5.4234896,6.6234894,7.823489,8.42349,7.4234896,4.823489,4.5234895,6.323489,5.5234895,5.9234896,5.1234894,5.9234896,6.823489,7.323489,6.6234894,6.7234893,7.4234896,6.323489,6.823489,5.9234896,5.4234896,5.0234895,3.5234895,2.7234893,2.1234894,1.9234893,1.2234894,1.4234893,-1.4765106,0.12348938,0.7234894,0.22348937,0.6234894,1.8234894,1.7234894,1.0234894,6.323489,6.1234894,6.6234894,7.323489,6.5234895,7.1234894,7.5234895,7.4234896,7.823489,8.323489,5.6234894,3.7234893,4.5234895,6.2234893,5.7234893,5.323489,5.2234893,6.1234894,6.4234896,7.0234895,7.0234895,6.6234894,7.0234895,5.2234893,5.1234894,5.1234894,4.7234893,4.0234895,3.4234893,2.4234893,1.9234893,2.1234894,1.9234893,1.5234894,0.7234894,-0.17651062,0.6234894,0.9234894,1.0234894,1.4234893,2.2234893,5.0234895,5.9234896,7.4234896,7.4234896,7.4234896,7.1234894,7.4234896,7.4234896,7.1234894,7.1234894,5.4234896,7.0234895,3.9234893,3.9234893,6.6234894,5.7234893,6.2234893,6.5234895,7.2234893,7.4234896,7.4234896,7.5234895,7.2234893,6.5234895,5.6234894,5.6234894,5.2234893,4.0234895,3.6234894,3.4234893,2.4234893,1.4234893,2.0234895,1.7234894,1.9234893,1.4234893,1.3234894,1.6234894,1.6234894,1.7234894,1.4234893]}]