wind_kz.json
{"header": {"discipline":0,"disciplineName":"Meteorological products","gribEdition":2,"gribLength":1025,"center":7,"centerName":"US National Weather Service - NCEP(WMC)","subcenter":0,"refTime":"2024-01-31T00:00:00.000Z","significanceOfRT":1,"significanceOfRTName":"Start of forecast","productStatus":0,"productStatusName":"Operational products","productType":1,"productTypeName":"Forecast products","productDefinitionTemplate":0,"productDefinitionTemplateName":"Analysis/forecast at horizontal level/layer at a point in time","parameterCategory":2,"parameterCategoryName":"UnknownDiscipline_0_Category_2","parameterNumber":2,"parameterNumberName":"UnknownParameter_D0_C2_2","parameterUnit":"Unknown","genProcessType":2,"genProcessTypeName":"Forecast","forecastTime":0,"surface1Type":103,"surface1TypeName":"Specified height level above ground","surface1Value":10.0,"surface2Type":255,"surface2TypeName":"Missing","surface2Value":0.0,"gridDefinitionTemplate":0,"gridDefinitionTemplateName":"Latitude_Longitude","numberPoints":615,"shape":6,"shapeName":"Earth spherical with radius of 6,371,229.0 m","gridUnits":"degrees","resolution":48,"winds":"true","scanMode":64,"nx":41,"ny":15,"basicAngle":0,"lo1":47.0,"la1":41.0,"lo2":87.0,"la2":55.0,"dx":1.0,"dy":1.0}, "data":
[rows 0 to 14 of 15, columns 0 to 40 of 41]
0.007944336,-1.2420557,0.35794434,1.8379444,4.1479445,4.677944,-0.082055666,2.5779443,3.5479443,3.6279442,3.3279443,3.5379443,3.3879442,3.7279444,3.8379443,3.5079443,3.1479445,4.717944,3.4079444,5.8279443,7.7679443,2.9979444,0.51794434,-0.7220557,-0.37205565,-1.7920556,0.5479443,1.2979443,1.1179444,1.2879443,0.51794434,-0.5220557,0.48794433,0.75794435,-1.0420556,-1.1620556,-1.3520557,-0.5820557,-1.9920557,-3.0720556,-0.5220557
1.4679444,0.027944336,2.2179444,5.0479445,5.7279444,6.3479443,1.8779444,1.1179444,4.4979444,4.1079445,4.1879444,2.7679443,3.3279443,3.1579444,3.8279443,3.7279444,4.5679445,4.887944,5.4779444,6.487944,6.0279446,4.157944,2.5979443,-1.1620556,1.0679443,0.027944336,0.17794433,0.9079443,-2.4020557,-0.55205566,0.087944336,-0.052055664,1.6279444,-0.26205567,-0.09205566,0.087944336,0.25794435,2.2679443,0.76794434,1.0779443,0.36794433
0.31794435,4.7979445,7.157944,7.4179444,7.987944,2.3579443,2.3979445,5.407944,4.8779445,4.657944,5.0179443,4.3579445,3.9979444,4.7879443,5.237944,4.5479445,4.6679444,5.217944,5.1079445,4.9179444,6.157944,5.4779444,4.8979445,8.837944,-0.012055664,1.7979443,0.62794435,2.1979444,1.7479444,0.13794434,-0.23205566,2.0679443,0.33794433,-0.80205566,0.45794433,-0.43205565,-1.0720557,0.50794435,0.10794434,1.0179443,0.097944334
3.6979444,8.787945,9.647944,10.007944,8.137944,2.3279443,4.717944,4.9179444,5.2979445,5.7879443,5.4579444,5.737944,8.977944,9.187944,4.967944,5.2279444,4.0679445,2.8579443,4.5179443,4.4779444,3.2979443,3.7379444,-1.6220556,7.5879445,6.947944,6.237944,4.1079445,-0.82205564,-1.6020557,-2.2020557,-0.062055662,-0.002055664,-0.31205568,-0.45205566,-0.37205565,-0.81205565,-2.1120558,-1.1820557,0.7279443,-0.20205566,0.64794433
6.5679445,8.007944,7.4579444,7.657944,8.297944,8.677944,8.587944,8.527945,6.9979444,6.2779446,6.5279446,7.6079445,9.057944,9.067945,8.907945,0.69794434,2.5579443,3.7479444,4.197944,4.2879443,5.7079444,6.5779443,3.7979443,5.3179445,6.217944,7.0879445,5.5479445,1.9779444,-0.80205566,-0.16205567,1.1479443,-0.56205565,-1.6320556,-1.2120557,1.8779444,0.34794435,-0.6520557,-0.6620557,0.027944336,0.19794434,-1.6020557
6.697944,6.3579445,7.137944,8.297944,8.397944,8.647944,8.397944,9.057944,7.907944,7.9779444,7.4779444,6.697944,8.777945,9.307944,2.7979443,2.6779444,3.2579443,3.8579443,4.467944,4.3779445,5.427944,5.467944,4.467944,4.697944,5.987944,6.4379444,0.95794433,-1.0020556,-1.7020557,-1.4020556,-0.74205565,-0.13205567,0.42794433,1.0579443,0.5479443,-3.2620556,0.43794432,0.8579443,0.13794434,-0.57205564,-2.3720558
5.2979445,5.4979444,6.3579445,6.7879443,7.387944,7.7479444,8.047944,8.007944,8.017944,8.3579445,7.2279444,7.0779443,5.3479443,5.3979445,4.737944,3.6379442,2.8879442,3.6479445,2.8979445,3.7379444,4.157944,4.3079443,3.7479444,3.9479444,1.5379443,-2.2520556,-3.1720557,-3.2220557,-2.0020556,-3.1520557,-1.8720556,-0.61205566,0.41794434,-3.4320557,-2.8720558,-0.85205567,-1.1320556,2.7879443,0.24794434,1.2779443,0.6079443
3.3879442,3.7779443,4.157944,4.6079445,5.1479445,5.7679443,6.217944,6.637944,7.3579445,7.2679443,6.6479445,5.8679442,4.987944,4.8679442,3.5779443,2.9379444,1.7079444,2.5779443,1.9579444,3.2879443,3.3579443,2.3879442,2.5679443,1.8379444,1.0279443,-0.8320557,-0.69205564,-1.3720556,-1.1320556,-1.1320556,-0.44205567,0.11794434,-1.2720556,1.2779443,-0.75205564,-0.8920557,1.7479444,-0.122055665,-0.60205567,-3.6320558,-1.8920556
2.3679442,2.8979445,3.4779444,3.6879444,4.0579443,4.487944,4.8479443,5.0979443,5.3979445,5.9179444,5.7479444,4.5679445,5.3279443,3.2479444,2.8479443,1.3379444,1.7779443,1.7579443,2.6179442,2.3379443,3.1279442,1.8579444,1.6279444,0.50794435,-0.23205566,-0.80205566,-1.7020557,-1.2620556,0.27794433,-0.082055666,1.8679444,2.5979443,4.467944,0.98794436,-1.9520557,-2.1420557,0.027944336,0.13794434,-1.3220557,0.25794435,-1.6020557
2.6179442,3.0279443,3.1679444,2.6479445,3.0479443,3.8779442,4.1079445,3.8479443,3.9779444,4.737944,4.637944,4.657944,3.8779442,2.6779444,2.0879443,0.9779443,0.95794433,1.9279443,1.5579443,1.6079444,3.0279443,1.9679444,1.0079443,0.42794433,-0.29205567,-0.8920557,-0.29205567,-0.19205566,0.22794433,1.4279443,0.68794435,2.8279443,2.6879444,0.37794435,-1.4720557,-1.0420556,-2.2920556,-0.67205566,-1.2320557,0.9679443,-1.7420557
2.9979444,3.5679443,3.5279443,3.8279443,4.407944,3.4779444,3.8879442,3.8979445,3.2379444,3.0479443,4.447944,3.8779442,2.4179444,2.8579443,1.8479444,1.2579443,1.2179444,2.0579443,0.46794432,1.1579443,1.3879443,1.9179443,1.0079443,0.42794433,-0.032055665,-0.14205566,0.37794435,0.21794434,0.6079443,-0.082055666,1.2279444,0.27794433,-1.1220556,-0.7120557,-1.0920557,-1.5320556,-1.3420557,0.50794435,-1.2820556,0.95794433,-1.4520557
2.0679443,2.6379442,2.9779444,3.2879443,4.217944,3.9679444,4.257944,5.1679444,4.5179443,1.8579444,1.3579444,2.9379444,2.2279444,2.3779442,2.5579443,1.5479443,2.0979443,0.9079443,0.097944334,0.48794433,-1.1420556,-1.5420556,-2.5420556,-0.5820557,-0.09205566,0.12794434,-0.14205566,0.74794436,0.7779443,-1.3620557,-1.0020556,-1.6820557,-1.5320556,-2.4920557,-1.6920557,-1.6020557,-1.1920557,-0.76205564,-0.20205566,-0.85205567,-0.7220557
2.0979443,2.4979444,2.9579444,2.9179444,3.0179443,3.1779444,4.5179443,5.637944,6.507944,1.8679444,0.57794434,2.1579444,2.2179444,3.9079444,2.8179443,0.88794434,1.0279443,0.28794435,-0.052055664,0.51794434,-0.5220557,-0.21205567,-0.022055663,-0.80205566,1.1479443,0.32794434,-0.9620557,-1.7120557,-1.8120557,-1.9120556,-1.9920557,-2.3120556,-2.6920557,-2.5520556,-1.8420557,-2.5120556,-2.2420557,-1.2520556,-2.4020557,-1.4320557,-1.2020557
2.9579444,3.0879443,5.3479443,3.0979443,3.8779442,4.137944,4.3479443,4.3179445,5.0279446,3.4979444,0.8479443,1.0679443,1.2379444,1.9879444,1.3379444,0.82794434,0.07794434,0.35794434,-0.94205564,0.37794435,0.8379443,0.5279443,0.15794434,-0.17205566,-1.3620557,-1.4820557,-1.4720557,-1.2620556,-1.5020556,-1.5920557,-1.6620556,-1.8120557,-1.8920556,-2.3320556,-1.8420557,-2.4420557,-2.2220557,-1.8720556,-1.3020557,-0.9020557,-0.30205566
1.8479444,4.3279443,4.5479445,4.507944,3.8779442,4.0379443,5.257944,4.757944,5.447944,3.6379442,0.18794434,1.5279443,1.5879444,0.55794436,1.4779444,0.22794433,-0.24205567,-0.24205567,0.087944336,0.07794434,-0.022055663,0.28794435,-0.44205567,-0.73205566,-0.76205564,-0.81205565,-0.9620557,-0.74205565,-0.81205565,-1.0420556,-1.2220557,-1.4420557,-1.5020556,-1.5320556,-1.5820557,-1.5220556,-1.0720557,-1.4620557,-1.6520556,-1.2620556,-0.9720557
