wind_kz.json
{"header": {"discipline":0,"disciplineName":"Meteorological products","gribEdition":2,"gribLength":1025,"center":7,"centerName":"US National Weather Service - NCEP(WMC)","subcenter":0,"refTime":"2023-09-25T00:00:00.000Z","significanceOfRT":1,"significanceOfRTName":"Start of forecast","productStatus":0,"productStatusName":"Operational products","productType":1,"productTypeName":"Forecast products","productDefinitionTemplate":0,"productDefinitionTemplateName":"Analysis/forecast at horizontal level/layer at a point in time","parameterCategory":2,"parameterCategoryName":"UnknownDiscipline_0_Category_2","parameterNumber":3,"parameterNumberName":"UnknownParameter_D0_C2_3","parameterUnit":"Unknown","genProcessType":2,"genProcessTypeName":"Forecast","forecastTime":180,"surface1Type":103,"surface1TypeName":"Specified height level above ground","surface1Value":10.0,"surface2Type":255,"surface2TypeName":"Missing","surface2Value":0.0,"gridDefinitionTemplate":0,"gridDefinitionTemplateName":"Latitude_Longitude","numberPoints":615,"shape":6,"shapeName":"Earth spherical with radius of 6,371,229.0 m","gridUnits":"degrees","resolution":48,"winds":"true","scanMode":64,"nx":41,"ny":15,"basicAngle":0,"lo1":47.0,"la1":41.0,"lo2":87.0,"la2":55.0,"dx":1.0,"dy":1.0}, "data":
[rows 0 to 14 of 15, columns 0 to 40 of 41]
-2.05583,1.59417,-3.06583,-3.25583,-0.9058301,0.5841699,-0.74583006,4.65417,1.4341699,0.5941699,0.45416993,0.6741699,-0.24583007,-0.8558301,-1.39583,-2.43583,-1.3158301,-0.98583007,-2.03583,-2.30583,-1.5458301,-2.84583,-2.58583,2.3341699,2.96417,1.4341699,1.1441699,-0.48583007,-2.21583,1.0641699,1.9541699,2.0841699,-1.13583,1.1641699,-0.75583005,-1.7158301,0.2541699,1.3041699,0.6741699,1.1841699,1.2041699
4.34417,-1.76583,-4.16583,-2.6258302,1.9241699,2.29417,4.73417,3.45417,2.45417,1.60417,0.18416992,0.21416992,0.88416994,-0.87583005,-2.47583,-1.39583,-1.13583,-0.9658301,-1.28583,-2.52583,-2.54583,-1.4558301,-1.9258301,-1.9358301,2.25417,0.7841699,1.0641699,1.6341699,-0.11583008,-2.02583,-0.61583006,-0.5758301,1.21417,-2.55583,-3.45583,3.54417,2.41417,0.5441699,0.6641699,1.1541699,-1.3158301
-1.5758301,-6.11583,-4.4858303,-2.09583,3.69417,3.71417,2.23417,2.18417,2.99417,2.23417,1.6541699,-0.095830075,0.18416992,-0.3058301,-2.68583,-2.47583,-1.1758301,-2.8558302,-2.54583,-2.44583,-4.39583,-5.07583,0.93416995,-1.3558301,-2.08583,-1.3158301,-1.3458301,-1.6958301,0.5241699,-1.6158301,0.5441699,-0.5958301,-1.9458301,1.71417,0.26416993,-0.18583007,0.27416992,-1.3058301,-1.1058301,1.47417,1.2941699
-0.87583005,-3.82583,-2.33583,1.5841699,5.61417,5.89417,4.42417,3.25417,2.6241698,2.77417,1.7841699,-0.7858301,-2.93583,-4.03583,-0.99583006,-1.3358301,-2.9058301,-3.9058301,-4.76583,-2.6558301,0.6541699,-1.40583,0.114169925,-0.99583006,-1.78583,-2.8558302,-3.48583,-3.04583,-1.25583,-2.98583,0.9041699,-0.4658301,1.47417,-0.9058301,-1.88583,-0.7258301,-1.4758301,1.71417,-0.7858301,-0.28583008,-1.0758301
-1.74583,-3.09583,-0.8258301,-0.5358301,-1.0458301,2.92417,2.79417,2.81417,2.77417,2.05417,1.5141699,1.8341699,1.12417,-1.2358301,-3.4058301,-0.35583007,-1.52583,-2.54583,-2.02583,-1.3558301,-0.47583008,0.5341699,0.5241699,0.16416992,-0.06583008,-1.4658301,-4.20583,-2.8758302,-2.94583,-2.98583,-3.49583,-3.19583,-0.7858301,1.35417,0.054169923,0.45416993,-0.5758301,-2.6758301,-2.02583,-0.4058301,-0.9458301
-0.18583007,-2.48583,-1.9858301,0.88416994,0.62416995,1.2041699,3.8241699,4.27417,3.1041698,2.48417,2.15417,3.00417,2.5841699,1.5841699,-1.37583,1.4341699,0.4141699,0.06416992,-0.21583007,-0.4958301,-0.68583006,-0.7058301,-0.61583006,-0.7258301,-0.3358301,1.35417,-0.7958301,-4.5458302,-2.74583,-2.8858302,-3.6358302,-5.62583,-2.4158301,-2.6758301,-1.12583,3.65417,-0.7758301,4.81417,2.41417,-0.8858301,-2.8658302
0.62416995,-0.3358301,-5.91583,1.8941699,3.8541698,4.34417,4.64417,5.12417,3.47417,3.01417,2.1041698,3.0941699,3.42417,4.55417,2.72417,2.03417,0.9841699,0.9641699,0.7141699,0.5841699,1.2041699,1.23417,0.8441699,-0.12583008,-0.39583007,-0.75583005,-0.36583006,-0.095830075,-0.005830078,-1.4758301,-0.80583006,-0.8858301,-1.6858301,-1.2158301,-0.6358301,-0.19583008,0.4141699,-1.1958301,-0.48583007,2.49417,-0.4058301
2.23417,1.99417,2.5741699,1.24417,1.62417,1.6641699,3.20417,5.29417,4.44417,3.65417,3.25417,2.78417,3.54417,3.1141698,2.76417,3.52417,2.67417,2.3641698,1.8141699,1.23417,1.5641699,1.4141699,0.87416995,0.36416993,-1.65583,-1.5458301,-1.1758301,-0.9158301,-0.9558301,2.98417,1.22417,-0.45583007,-0.44583008,-0.92583007,-0.73583007,-0.8558301,-1.1658301,-0.37583008,0.26416993,-0.38583007,0.054169923
-2.19583,0.5241699,1.9041699,2.8641698,3.29417,3.04417,3.16417,2.77417,3.74417,4.09417,3.5741699,3.25417,2.6341698,3.71417,4.05417,4.02417,3.1241698,2.77417,2.21417,1.2041699,0.6741699,1.3241699,0.8641699,0.26416993,0.4441699,0.21416992,-0.6058301,-1.4358301,-1.5758301,-1.2158301,0.81416994,1.5541699,3.00417,2.6341698,0.4741699,2.0941699,0.5941699,-1.49583,-1.2958301,-1.3658301,-3.25583
-3.69583,-2.8758302,-1.0758301,-1.87583,3.6241698,2.46417,2.20417,2.90417,2.25417,3.43417,4.25417,3.25417,2.5941699,3.22417,4.0141697,3.52417,3.47417,3.29417,2.3241699,2.6441698,1.87417,0.5841699,0.3141699,0.93416995,0.81416994,0.6441699,0.6041699,0.23416992,-0.31583008,-0.37583008,-0.5458301,-1.7058301,-1.7958301,2.3941698,2.30417,1.97417,1.25417,-0.32583007,0.62416995,0.87416995,2.75417
-3.00583,-1.76583,-1.89583,-2.23583,1.84417,-0.87583005,0.87416995,1.9441699,3.03417,2.78417,3.21417,3.6341698,2.8541698,3.16417,4.10417,3.48417,3.74417,3.45417,2.78417,2.40417,2.45417,2.19417,1.35417,2.20417,2.04417,1.7641699,1.4441699,1.59417,1.5841699,0.50416994,-0.5458301,-0.16583008,0.09416992,0.63416994,2.67417,2.94417,1.5841699,2.05417,2.49417,0.99416995,0.63416994
-3.08583,-2.6158302,-2.52583,-1.03583,-0.5958301,0.30416992,2.1341698,-0.9658301,-0.6358301,1.7741699,2.93417,2.3941698,2.95417,3.18417,3.29417,3.19417,3.03417,3.17417,2.42417,2.54417,2.30417,2.44417,1.97417,1.72417,2.0841699,2.44417,2.03417,2.19417,2.75417,2.45417,1.6641699,1.97417,1.50417,1.72417,1.23417,1.6641699,2.8441699,1.2841699,1.2741699,1.0541699,-0.34583008
-3.44583,-2.45583,-2.1758301,-2.33583,-1.1858301,-0.50583005,1.46417,3.3241699,3.75417,-0.9558301,-0.9158301,1.3141699,2.8441699,3.8441699,3.22417,3.21417,3.0741699,2.74417,3.21417,2.8741698,2.8941698,2.78417,1.99417,2.0941699,2.90417,1.9141699,1.8041699,1.7641699,3.8641698,3.6141698,3.22417,2.79417,2.51417,2.1341698,2.55417,3.0741699,2.97417,1.97417,3.00417,2.25417,1.09417
-2.1258302,-1.8458301,-2.52583,-1.40583,-1.62583,-0.5758301,-0.34583008,-0.37583008,-0.6558301,3.19417,2.3441699,1.6641699,-0.6358301,1.5241699,2.42417,1.7841699,1.4241699,2.40417,2.99417,3.0741699,3.67417,3.8641698,3.3341699,3.00417,2.46417,2.3641698,2.71417,3.23417,3.41417,4.91417,4.65417,3.8841698,3.18417,3.26417,2.3841698,3.67417,2.8241699,2.3741698,2.46417,2.3641698,3.1441698
-1.02583,-1.7258301,-3.52583,-0.8558301,-1.49583,-0.92583007,-0.47583008,-0.28583008,-0.42583007,-0.17583008,1.21417,3.02417,1.8341699,1.25417,3.40417,0.5541699,1.50417,1.49417,2.1441698,1.0641699,1.4241699,1.9341699,2.31417,2.6141698,2.91417,3.3341699,3.70417,4.03417,4.19417,4.69417,5.64417,6.35417,4.92417,4.40417,3.75417,3.68417,3.92417,3.45417,4.25417,3.78417,2.24417
