wind.json
{"header": {"discipline":0,"disciplineName":"Meteorological products","gribEdition":2,"gribLength":1125,"center":7,"centerName":"US National Weather Service - NCEP(WMC)","subcenter":0,"refTime":"2023-06-27T00:00:00.000Z","significanceOfRT":1,"significanceOfRTName":"Start of forecast","productStatus":0,"productStatusName":"Operational products","productType":1,"productTypeName":"Forecast products","productDefinitionTemplate":0,"productDefinitionTemplateName":"Analysis/forecast at horizontal level/layer at a point in time","parameterCategory":2,"parameterCategoryName":"UnknownDiscipline_0_Category_2","parameterNumber":3,"parameterNumberName":"UnknownParameter_D0_C2_3","parameterUnit":"Unknown","genProcessType":2,"genProcessTypeName":"Forecast","forecastTime":240,"surface1Type":103,"surface1TypeName":"Specified height level above ground","surface1Value":10.0,"surface2Type":255,"surface2TypeName":"Missing","surface2Value":0.0,"gridDefinitionTemplate":0,"gridDefinitionTemplateName":"Latitude_Longitude","numberPoints":688,"shape":6,"shapeName":"Earth spherical with radius of 6,371,229.0 m","gridUnits":"degrees","resolution":48,"winds":"true","scanMode":64,"nx":43,"ny":16,"basicAngle":0,"lo1":45.0,"la1":40.0,"lo2":87.0,"la2":55.0,"dx":1.0,"dy":1.0}, "data":
[rows 0 to 15 of 16, columns 0 to 42 of 43]
-4.5636573,2.2863429,-0.0036572265,2.3563428,0.16634278,1.9863428,-1.1736572,-3.1536572,-0.23365723,-0.79365724,-1.8736572,-4.123657,-4.223657,-4.453657,-4.763657,-4.683657,-6.123657,-5.093657,-5.9436574,-4.9836574,-4.9036574,-0.59365726,0.5963428,0.96634275,2.2163427,2.3863428,3.2663429,2.8763428,2.2363427,0.6263428,-2.2236571,-4.623657,-1.8236573,-1.3736572,-2.3736572,-2.3636572,-3.6536572,-2.7536573,-0.74365723,0.116342776,1.7263428,0.25634277,-0.47365722
1.8363428,-0.8836572,-1.1636572,-3.6136572,4.1863427,4.2863426,-1.7036573,-1.1636572,2.5463428,1.0163428,-0.79365724,-1.5336572,-3.4736571,-4.283657,-5.163657,-4.973657,-5.9036574,-5.953657,-4.5836573,-5.163657,-7.9236574,-2.1236572,-1.2236573,-4.8836575,3.0863428,-1.0336572,0.046342775,-1.8036572,-1.5136572,0.10634277,1.7063428,1.1663427,0.65634274,-2.0236573,1.6163428,-1.8436573,-0.10365722,-1.2636572,0.8163428,2.4763427,1.2363428,0.39634278,0.06634277
-1.0236572,-4.3336573,4.276343,1.7863427,5.0163426,2.5563428,1.3063427,-2.9736571,-1.2436572,2.506343,0.47634277,-1.0736573,-2.7836573,-4.223657,-4.9236574,-5.783657,-6.893657,-5.493657,-4.323657,-7.3536572,-7.873657,-6.4036574,-4.493657,-4.743657,-2.9236572,1.5163428,-0.8336572,-1.8536572,-2.0736573,0.27634278,0.06634277,0.95634276,2.0363429,1.2463428,-1.3836572,-0.8336572,-2.3336573,-2.3936572,-1.8936572,-4.2136574,-0.99365723,-2.4836571,0.26634276
3.4763427,3.2963428,1.1963428,3.5563428,2.9063427,2.3763428,-0.97365725,-3.0436573,3.5663428,2.9963427,2.8063428,-0.6236572,-3.5836573,-3.0636573,-4.7136574,-5.3136573,-6.593657,-5.9036574,-4.123657,-4.1036572,-4.0236573,-4.9636574,-3.8936572,-3.9436572,-4.913657,-2.8536572,-0.22365722,0.9163428,-0.2936572,1.7063428,-0.43365723,0.36634278,0.50634277,0.23634277,1.8563428,-1.2136573,-0.13365723,2.3463428,1.7063428,-0.093657225,0.44634277,0.70634276,1.6063428
-0.8136572,0.83634275,2.3263428,2.4563427,1.2163428,-0.9536572,-1.9936572,-1.1536572,2.6863427,4.886343,3.2963428,1.4063427,-1.8436573,-4.913657,-5.3336573,-7.163657,-6.703657,-5.533657,-5.373657,-4.933657,-4.203657,-5.363657,-4.1036572,-2.9836571,-0.15365723,-1.4736573,-2.993657,-2.6436572,-1.3536572,-0.74365723,1.4663428,-0.7636572,-2.6736572,-3.1436572,-1.3736572,-1.4136572,-0.0036572265,-2.9636571,-0.36365724,3.0363429,0.96634275,1.5763428,1.3663428
0.8463428,2.756343,2.2163427,1.6863427,-0.33365723,-1.2536572,-0.6936572,0.65634274,1.9463428,3.8263428,3.6263428,0.5963428,-0.46365723,-1.1736572,-5.3336573,-7.373657,-5.933657,-4.7536573,-5.6736574,-5.113657,-4.8836575,-4.343657,-3.2836573,-1.5736573,-2.3136573,-2.9336572,-2.2536573,-2.6736572,-2.6236572,-0.9536572,-0.48365724,-1.8036572,-2.993657,0.06634277,-0.023657227,0.65634274,-0.27365723,-1.3336573,0.64634275,0.94634277,1.2263428,2.7463427,-2.8536572
0.9363428,1.3563428,2.1163428,1.1963428,0.5363428,-2.6736572,-2.5036573,-3.1736572,1.8863428,1.5063428,1.1963428,-2.1936572,-4.263657,1.0363427,-3.493657,-4.663657,-4.9636574,-4.433657,-5.783657,-5.0236573,-6.343657,-3.6336572,-3.2636573,-2.8536572,-2.6136572,-0.78365725,-2.2536573,-2.993657,-4.573657,-0.21365723,-1.0936573,-1.8936572,-2.6336572,-2.9236572,-2.5636573,-1.2636572,1.9463428,-1.9436573,2.0363429,0.24634278,-0.3236572,1.4063427,-0.31365722
0.47634277,2.6263428,1.6463428,0.7263428,-0.12365723,0.5363428,-0.66365725,0.77634275,3.4763427,1.1863427,-0.27365723,-2.9836571,-0.98365724,-0.54365724,-2.1336572,-3.4736571,-3.2936573,-4.5836573,-5.0636573,-6.473657,-5.2336574,-3.9436572,-3.3136573,-4.283657,-3.1036572,-3.1036572,-1.6336572,-1.0536572,-3.0436573,-2.4436572,-3.3536572,-2.9336572,-3.7836573,-4.9636574,-5.053657,-6.0036573,-1.0836573,-2.2836573,-3.493657,-2.2136571,-1.4836572,-0.7136572,-1.0136572
-3.4036572,-0.9436572,-4.5636573,-1.6536572,-2.9036572,-0.2936572,-1.5736573,5.4363427,5.3263426,2.1463428,0.20634277,-1.8236573,-1.3136573,0.5363428,-2.2636573,-2.1836572,-3.5436573,-3.243657,-4.5236573,-5.473657,-5.123657,-1.7336572,-3.3536572,-2.6336572,-4.0836573,-2.5036573,-1.9936572,-0.15365723,0.19634277,-1.3736572,-2.4236572,-3.2636573,-3.3736572,-3.4836571,-3.6336572,-3.6136572,-1.0636573,0.5563428,-0.3236572,1.4863428,-0.37365723,-0.21365723,-0.86365724
-9.3436575,-6.013657,-7.2736573,-7.8536572,-5.6336575,-2.0536573,-0.8836572,0.0063427733,-0.91365725,-2.3236573,-2.1436572,-1.3036572,-2.3136573,-1.5936573,-0.17365722,-0.67365724,-1.3536572,-1.3536572,-3.3936572,-4.203657,-4.323657,-3.743657,-0.55365723,-2.743657,-2.5536573,-2.5836573,-1.5936573,-1.4936572,-0.13365723,-0.9436572,-1.3636572,-2.0636573,-3.3336573,-2.3036573,-1.8836572,-2.8436573,-0.80365723,-2.1036572,-2.9236572,-1.7236573,-0.21365723,-0.97365725,-1.1936573
-4.1936574,-6.913657,-8.633657,-8.933658,-4.873657,-3.8736572,-8.053658,2.0963428,3.1563427,-1.0636573,0.5563428,-1.2036573,-2.3736572,-2.0236573,-3.3236573,0.12634277,-0.49365723,0.5363428,-1.0936573,-2.8336573,-2.5036573,-3.4536572,-2.7136571,-2.743657,-1.5636573,-0.5736572,-1.9436573,-1.3536572,-1.6936573,-1.3336573,-2.1736572,-2.9336572,-1.8536572,-1.4536573,-3.0636573,-2.4036572,-1.9736573,-0.99365723,0.016342774,-2.2036572,-1.4336572,-0.66365725,0.15634277
-3.8636572,-4.763657,-1.8736572,-0.25365722,-3.2736573,-6.373657,-5.4236574,-2.4536572,-3.1136572,-2.0336573,1.0763428,1.0463427,-0.66365725,-1.0736573,-2.8836572,-2.2936573,-2.9336572,2.1863427,2.0863428,-0.11365723,-1.7136573,-2.2036572,-2.5636573,-3.1136572,-2.7836573,-2.2036572,-0.9536572,-0.8236572,-1.2736572,-2.0536573,-1.6336572,-1.5436572,-3.0736573,-2.7636573,-3.5836573,-2.7236571,-2.3236573,-1.0936573,-1.2236573,0.39634278,1.1463428,0.9863428,0.07634278
-3.1036572,-3.6936572,-3.2736573,-2.8936572,-2.5436573,-1.7836572,0.69634277,-1.7636572,-2.3836572,-2.2236571,-3.4736571,-2.1836572,-0.28365722,-1.0436572,-2.5236573,-3.0036573,-3.3436573,-2.8136573,2.256343,1.5863428,1.0163428,0.21634278,0.17634277,-1.9236572,-2.2536573,-2.5436573,-2.1436572,-2.7036572,-2.2636573,-2.1436572,-0.7536572,-0.9636572,-1.9436573,-2.9336572,-2.6236572,-2.5136573,-1.9036572,-1.9536573,0.28634277,1.2563428,1.2163428,2.006343,0.9863428
-3.3736572,-2.4836571,-2.0036573,-1.8136573,-3.5836573,-2.2036572,-2.4336572,-1.7336572,-2.2336571,-1.7936572,-1.5436572,-0.80365723,-0.5836572,-0.98365724,-2.0936573,-2.9736571,-3.3936572,-3.6636572,-2.0536573,-0.21365723,0.016342774,-1.3236573,2.1863427,0.6663428,0.07634278,-0.46365723,-2.0136573,-2.4636571,-3.4336572,-2.9236572,-2.4636571,-0.7636572,-1.5236572,-1.4236572,-1.8836572,-1.3736572,-0.8836572,-1.2736572,-1.8736572,-0.9036572,-1.5536572,2.006343,1.1663427
-3.0836573,-2.0736573,-3.4736571,-2.3436573,-3.6036572,-2.0636573,-0.74365723,-1.4836572,-1.8936572,-0.99365723,-0.35365722,-0.8236572,0.15634277,-0.7036572,-1.2936572,-1.8236573,-2.8236573,-3.3336573,-2.6636572,-3.5036573,-3.6236572,-2.2336571,-0.07365723,1.5263427,0.57634276,0.14634277,-0.53365725,-2.1636572,-2.2036572,-2.6336572,-2.0336573,-2.243657,-1.8236573,-1.0136572,0.5363428,0.35634276,-0.24365723,-0.47365722,-0.23365723,0.16634278,-1.1536572,-0.04365723,2.1163428
-3.1236572,-3.5736573,-2.5636573,-4.3836575,-5.393657,-2.5536573,-2.5336573,0.46634278,0.94634277,-0.13365723,-0.7136572,-0.8236572,-0.78365725,0.7863428,1.1363428,-0.37365723,-1.9836572,-2.6836572,-2.9536572,-2.7636573,-2.3936572,-2.6536572,-3.4136572,-1.7136573,0.5663428,-0.5636572,-1.5136572,-1.6936573,-1.6636572,-2.0036573,-2.0936573,-2.1536572,-2.8436573,-2.9036572,-0.7036572,-0.08365723,0.8763428,-0.07365723,0.76634276,1.7563428,1.6063428,0.116342776,1.1363428
