wind_kz.json
{"header": {"discipline":0,"disciplineName":"Meteorological products","gribEdition":2,"gribLength":1025,"center":7,"centerName":"US National Weather Service - NCEP(WMC)","subcenter":0,"refTime":"2024-04-09T06:00:00.000Z","significanceOfRT":1,"significanceOfRTName":"Start of forecast","productStatus":0,"productStatusName":"Operational products","productType":1,"productTypeName":"Forecast products","productDefinitionTemplate":0,"productDefinitionTemplateName":"Analysis/forecast at horizontal level/layer at a point in time","parameterCategory":2,"parameterCategoryName":"UnknownDiscipline_0_Category_2","parameterNumber":3,"parameterNumberName":"UnknownParameter_D0_C2_3","parameterUnit":"Unknown","genProcessType":2,"genProcessTypeName":"Forecast","forecastTime":60,"surface1Type":103,"surface1TypeName":"Specified height level above ground","surface1Value":10.0,"surface2Type":255,"surface2TypeName":"Missing","surface2Value":0.0,"gridDefinitionTemplate":0,"gridDefinitionTemplateName":"Latitude_Longitude","numberPoints":615,"shape":6,"shapeName":"Earth spherical with radius of 6,371,229.0 m","gridUnits":"degrees","resolution":48,"winds":"true","scanMode":64,"nx":41,"ny":15,"basicAngle":0,"lo1":47.0,"la1":41.0,"lo2":87.0,"la2":55.0,"dx":1.0,"dy":1.0}, "data":
[rows 0 to 14 of 15, columns 0 to 40 of 41]
0.6412915,-2.0587084,-1.0587085,-9.028708,-10.658709,-8.748709,-4.0887084,-4.0087085,-5.3987083,-4.5387087,-5.9687085,-5.2287083,-5.8887086,-6.5087085,-6.6487083,-6.8787084,-6.0587087,-4.6787086,-5.6587086,-3.4087086,-3.4487085,-4.3187084,-3.4987085,-1.0287085,-0.8787085,-1.3887085,-1.8487085,1.7712915,2.2312915,2.6212914,-2.2587085,-3.2487085,-0.1187085,-0.058708496,2.1712916,1.2712915,1.5112915,0.0012915039,-2.1987085,-2.9487085,1.4312915
-0.5887085,0.4512915,-4.7287083,-6.8487086,-6.9587083,-6.0087085,-3.6587086,-0.3587085,-0.038708497,-0.9287085,-1.9587085,-4.9787083,-6.5087085,-6.3987083,-8.168709,-4.3887086,-4.4387083,-5.0287085,-4.8587084,-4.2387085,-3.5787084,-4.0287085,-2.0087085,0.9412915,-1.9387085,0.061291505,-3.5787084,1.5712914,1.0112915,2.3812914,6.8312917,5.7712917,-1.1287085,-0.6687085,-4.5687084,-1.0587085,-0.9287085,-2.1487086,-0.7887085,-0.3087085,1.1212915
1.5712914,-2.0187085,-4.4687085,-6.9387083,-8.318708,-7.0087085,-6.6887083,-6.0287085,-7.0587087,-7.2387085,-6.6087084,-6.5687084,-7.0187087,-7.4187083,-7.2787085,-7.5687084,-7.1487083,-4.3887086,-2.9887085,-3.1487086,-3.5987084,-4.3487086,-2.5387084,-1.3087085,-0.5287085,-0.1587085,0.7912915,1.1412915,0.2312915,2.0012915,2.9912915,1.4812915,0.7912915,0.10129151,-1.0187085,2.6812916,4.5912914,-0.3687085,0.081291504,-0.018708495,1.7212915
0.9112915,-0.9787085,-3.3087084,-5.6787086,-6.0987086,-6.7587085,-4.0687084,-5.1487083,-3.3587084,-3.9487085,-5.7387085,-6.7787085,-8.048709,-8.908709,-7.6387086,-7.5587087,-6.9787083,-6.4487085,-6.1687083,-6.9087086,-3.9487085,-2.4087086,-3.0387084,-6.3687086,-3.4087086,-1.9987085,2.0812914,-0.3587085,-0.6487085,-0.2187085,-1.3687085,-0.2187085,-0.7887085,-0.2087085,-0.8087085,-1.8887085,-0.4887085,4.1312914,5.8512917,0.4812915,1.4212915
2.1612916,-1.1287085,-1.6287085,-3.8387084,-5.3287086,-2.4887085,-1.8287085,-2.6187086,-2.4987085,-3.9687085,-3.1987085,-4.6287084,-6.7387085,-7.0687084,-8.038709,-7.6987085,-7.6487083,-6.0087085,-5.4887085,-5.8287086,-5.5787086,-5.9987087,-5.7987084,-5.6287084,-6.6587086,-6.8787084,-5.8887086,-8.418709,-3.3587084,-2.9187086,-1.5887085,1.4612916,4.1112914,4.9912915,-0.7887085,0.5512915,-1.4687085,-0.018708495,-2.6287086,0.2712915,-2.9987085
4.9212914,2.1612916,-0.2687085,-2.6887085,-3.7487085,-2.9987085,1.5512915,0.4712915,-1.0887085,-2.1287086,-3.3687086,-3.9487085,-6.0687084,-8.038709,-7.2587085,-4.8087087,-5.6387086,-4.8087087,-5.3487086,-4.3987083,-5.3487086,-5.5187087,-6.1087084,-5.7787085,-5.3587084,-4.7687087,-4.8787084,-5.6987085,-6.7987084,-5.8787084,-3.8187084,-3.4987085,-3.2787085,-1.1587085,1.7112916,0.2312915,1.5512915,1.8512915,-0.7987085,-4.2287083,-3.3987086
-1.2487085,-1.6387085,-0.6987085,-1.1487085,-2.7687085,-2.9487085,-3.2287085,1.3012915,1.9212915,1.1812915,-1.6487085,-2.8687086,-4.2987084,-4.9487085,-5.8487086,-6.6787086,-6.6087084,-5.9287086,-4.0187087,-3.8487084,-5.1587086,-6.2887087,-6.9387083,-6.8287086,-6.7587085,-6.2187085,-6.3587084,-5.4287086,-2.3487084,-3.6187086,-7.6287084,-5.5387087,-2.0787084,0.3612915,1.4312915,0.3012915,-0.098708495,2.6712916,2.1012914,3.8712914,1.6112915
0.4912915,0.5012915,-0.3087085,-0.8387085,-0.7587085,-0.8487085,-1.6187085,-2.2987084,1.9712915,-0.51870847,-0.6487085,-1.7087085,-3.6587086,-3.3787086,-3.7487085,-4.8987083,-5.2887087,-5.2487087,-5.1887083,-2.8887086,-3.5887084,-4.9787083,-5.0187087,-5.8087087,-6.3787084,-6.0587087,-6.2587085,-6.6187086,-7.0987086,-6.4987087,-6.8287086,-6.5387087,-7.2787085,-7.3487086,-3.9587085,-4.9787083,-0.7587085,-0.76870847,-0.10870849,1.7912915,0.3812915
1.6312915,1.0312915,0.5012915,0.9312915,-0.2687085,0.4012915,0.8512915,-1.1087085,0.3312915,0.4112915,0.011291504,-1.4387085,-2.7887084,-2.2687085,-1.9087085,-2.7687085,-3.2987084,-3.8587084,-4.2087083,-3.7087085,-3.5087085,-3.6287086,-5.9287086,-4.0287085,-5.0987086,-5.3187084,-4.5387087,-5.4287086,-6.4387083,-6.6787086,-6.7987084,-7.2087083,-7.4587083,-5.9087086,-3.5287085,-4.0687084,-3.1187086,1.0312915,1.9512916,1.3312916,1.8312916
3.8812914,3.3812914,3.1612916,2.5212915,1.1512915,0.2012915,2.5712914,2.3412914,1.7412915,2.8012915,2.3312914,1.1112915,-0.7287085,-1.2887084,-1.4687085,-1.4187084,-2.0287085,-2.9287086,-2.6487086,-2.0987084,-2.5887084,-3.3687086,-4.2487087,-3.1787086,-3.6587086,-3.9587085,-4.0287085,-2.9587085,-3.1387086,-4.6487083,-5.6087084,-5.9187083,-5.8187084,-6.9287086,-3.6687086,-2.7587085,-0.43870848,0.0012915039,1.3812915,4.2712917,3.2212915
4.1212916,4.3012915,4.1312914,3.5012915,3.3712914,2.1412916,1.6412915,3.3412914,3.5312915,2.8212914,1.6612915,2.2012916,2.3912916,0.3212915,-1.3787085,-0.7787085,-0.3587085,-0.7887085,-1.7887084,-0.6287085,-1.5287085,-1.8087085,-2.6587086,-2.4787085,-2.4587085,-2.1087084,-1.4987085,-2.2187085,-1.9487085,-2.0287085,-2.2587085,-3.1787086,-3.2287085,-4.1387086,-4.3987083,-5.0287085,0.2912915,0.37129152,3.2512915,1.8712915,0.3012915
3.7512915,4.8712916,4.1212916,4.7412915,4.4512916,3.6712916,2.6912916,2.1512916,1.3512915,2.8212914,2.3912916,2.4412916,3.0912914,2.9312916,2.4512916,1.1412915,-0.1287085,0.7112915,-0.2687085,-1.5287085,-1.8287085,-2.5687084,-2.6387086,-2.4587085,-1.9587085,-2.8487084,-1.2887084,0.021291504,-1.4287086,-2.1487086,-2.8487084,-2.8887086,-2.0687084,-3.5287085,-3.5787084,-5.7487087,-4.5287085,-0.2787085,1.2912915,1.2012916,-0.038708497
3.7912915,5.7212915,5.7012916,4.3912916,5.2312913,3.6312914,3.3712914,3.6312914,3.5512915,2.5112915,1.4412915,1.1512915,2.1612916,3.4412916,3.5112915,3.2212915,2.2312915,1.3712915,1.3412915,1.1412915,-1.2887084,-1.6187085,-1.4487085,-2.9787085,-3.1687086,-3.7487085,-1.9987085,-1.9287086,-0.8787085,-2.3887086,-3.3687086,-4.3587084,-3.4987085,-3.6887085,-4.2387085,-5.9787083,-6.4287086,-5.6687083,1.4212915,2.2012916,1.2012916
0.4712915,3.7212915,4.9012914,5.7312913,5.4412913,6.1212916,6.0512915,5.4412913,4.4212914,3.9412916,2.7412915,0.6412915,0.6312915,2.3112915,4.2112913,3.8612914,3.3312914,3.0412915,1.8812915,-0.8687085,-1.3587085,-1.5687085,-2.1787086,-2.5887084,-3.6087084,-4.9687085,-3.3487084,-2.2387085,-1.6487085,-1.6087085,-3.1487086,-3.8387084,-4.2687087,-4.5287085,-4.6287084,-4.4987087,-3.7087085,-4.1987085,-4.6987085,-3.4487085,-3.1687086
-2.7187085,-4.7387085,2.2412915,5.9312916,6.6612916,6.5212917,7.2012916,6.4612913,5.8712916,5.1212916,3.0112915,4.1612916,2.6412916,0.5512915,3.2012916,3.7312915,3.4312916,3.1912916,2.3012915,0.6912915,1.3812915,-0.7987085,-1.9787085,-2.0687084,-0.7887085,-1.9387085,-1.9387085,-1.3887085,-2.0287085,-1.9887085,-2.9987085,-3.4887085,-4.4187083,-4.5887084,-4.9587083,-6.2387085,-5.0387087,-4.7187085,-4.4687085,-4.8987083,-3.0587084
