wind_kz.json
{"header": {"discipline":0,"disciplineName":"Meteorological products","gribEdition":2,"gribLength":1025,"center":7,"centerName":"US National Weather Service - NCEP(WMC)","subcenter":0,"refTime":"2023-08-28T00:00:00.000Z","significanceOfRT":1,"significanceOfRTName":"Start of forecast","productStatus":0,"productStatusName":"Operational products","productType":1,"productTypeName":"Forecast products","productDefinitionTemplate":0,"productDefinitionTemplateName":"Analysis/forecast at horizontal level/layer at a point in time","parameterCategory":2,"parameterCategoryName":"UnknownDiscipline_0_Category_2","parameterNumber":3,"parameterNumberName":"UnknownParameter_D0_C2_3","parameterUnit":"Unknown","genProcessType":2,"genProcessTypeName":"Forecast","forecastTime":180,"surface1Type":103,"surface1TypeName":"Specified height level above ground","surface1Value":10.0,"surface2Type":255,"surface2TypeName":"Missing","surface2Value":0.0,"gridDefinitionTemplate":0,"gridDefinitionTemplateName":"Latitude_Longitude","numberPoints":615,"shape":6,"shapeName":"Earth spherical with radius of 6,371,229.0 m","gridUnits":"degrees","resolution":48,"winds":"true","scanMode":64,"nx":41,"ny":15,"basicAngle":0,"lo1":47.0,"la1":41.0,"lo2":87.0,"la2":55.0,"dx":1.0,"dy":1.0}, "data":
[rows 0 to 14 of 15, columns 0 to 40 of 41]
2.7625024,2.6325026,-2.4174976,-1.2374976,-2.8674974,-5.4574976,-2.9674976,-1.1274976,-1.4674976,-1.2374976,-3.8474975,-3.9874976,-4.5774975,-6.4774976,-6.5374975,-5.9474974,-4.9974976,-3.8274975,-5.5374975,-5.9474974,-5.8574977,-6.277498,-5.5674977,-1.5874976,1.7025025,5.8525023,2.0925024,2.7225025,-1.8774976,-4.027498,-1.2074976,-3.9174976,-4.1274977,-11.5774975,1.6025025,-1.5174975,-3.4074976,-8.627498,-12.057498,0.11250244,2.4925025
-2.1174974,-0.82749754,0.8425024,-1.1574975,-3.1974976,-5.8274975,-3.7474976,-3.1274977,-3.3574975,-3.0574975,-0.29749757,-3.0274975,-3.2074976,-5.6174974,-7.2474976,-6.3274975,-3.0074975,-2.8874977,-4.5574975,-5.3974977,-5.9774976,-6.3474975,-4.3874974,-1.5274975,2.1225023,2.8125024,2.9425025,2.9925025,5.5925026,5.1625023,0.012502441,-1.8674976,1.8025024,1.1025025,1.8925024,1.0825025,-2.0074975,-3.2374976,-7.2674975,-2.6774976,-0.15749756
1.4725025,0.9625024,-0.93749756,-2.0774975,-2.6874976,-2.0074975,-4.5674977,-2.3774977,-2.2674975,-1.9074975,-2.3874977,-2.8874977,-6.0974975,-8.407497,-6.2974977,-5.7074976,-6.7674975,-6.4474974,-6.0174975,-5.5174975,-5.4174976,-5.0174975,-3.8874977,-1.0974976,-4.9174976,-3.2174976,-1.9574976,-6.3474975,-1.4774976,-2.1474977,-2.4474976,-2.9974976,-5.1374974,-3.9074976,-0.04749756,-2.5374975,-2.8474975,0.33250245,-0.037497558,-2.5974975,4.7725024
-0.42749757,-1.2874975,-4.027498,-2.7074976,-2.6474977,-3.9674976,-4.4474974,-2.5074975,-2.0774975,-0.23749755,-1.2574975,-3.0074975,-3.8074975,-6.1074977,-8.5374975,-7.9374976,-6.7874975,-6.3374977,-6.3274975,-5.8074975,-6.2174973,-4.2274976,-5.7974977,-3.3174975,-3.0474975,-2.1174974,-2.4874976,-1.5374975,0.66250247,-2.0474975,-4.3774977,-5.8874974,-6.3574977,4.6825023,0.94250244,0.55250245,3.2025025,1.9925025,-1.8674976,-0.27749756,3.3725023
-0.75749755,-1.8174976,-3.4474976,-5.4874973,-7.5574975,-5.2874975,-2.8874977,-2.0774975,-1.9074975,-2.7174976,-0.5374976,0.55250245,-1.7474976,-2.4474976,-5.5474977,-7.1174974,-7.0674977,-6.4874973,-6.8074975,-6.1474977,-6.4274974,-5.8574977,-3.9974976,-5.4674973,-5.1274977,-4.2274976,0.73250246,-0.88749754,-0.64749753,-1.1674975,-0.18749756,-1.3274976,-0.15749756,-0.5474976,-0.9674976,-2.4474976,-2.3674974,1.2825024,3.1625025,-0.46749756,-1.5474975
1.9325024,2.3825026,0.7725024,-1.1974976,-2.3074975,-4.3074975,-1.6174976,-1.0774976,-0.64749753,-0.0074975584,-0.017497558,-2.6474977,0.17250244,2.0625024,-2.8374975,-6.1674976,-7.0374975,-7.2074976,-8.0774975,-6.2174973,-6.5874977,-8.347498,-8.357497,-5.8274975,-4.5974975,-3.2574975,-2.6574976,3.0825024,-2.0474975,-0.057497557,-2.4574976,-1.9074975,-6.1274977,-2.5374975,0.7025024,-1.8274976,-3.6474977,-2.4174976,-2.2374976,3.4925025,0.86250246
-2.0374975,-1.6674975,-2.1174974,-1.5774976,2.6325026,-1.9774976,-3.8174975,-2.9474976,-2.8174975,-1.1974976,-2.0474975,-3.8074975,-5.0474977,-6.0974975,-6.9474974,-8.217498,-8.357497,-7.5574975,-6.8074975,-6.9674973,-6.9474974,-5.7074976,-5.4674973,-4.9574976,-3.5574975,-2.5774975,-0.80749756,0.20250244,2.6725025,4.6525025,5.1425023,3.3825026,3.1525025,2.9925025,-0.7274976,2.3025024,0.31250244,-3.1174974,-0.68749756,1.7025025,-3.8174975
-1.6074976,-1.8574976,-1.9574976,-2.1474977,-2.4874976,-3.2874975,-3.7574975,-3.6174974,-1.5874976,-1.8474976,-2.7374976,-4.4074974,-5.2374973,-6.7374973,-7.9774976,-8.427498,-8.087498,-7.8474975,-6.6074977,-6.9574976,-7.027498,-7.2074976,-6.027498,-2.3674974,-2.9374976,-2.5474975,-1.6374975,-3.1774976,0.5225024,-1.2974975,-2.2074976,1.5425024,1.2425025,3.8625023,4.222502,4.4025025,6.7625027,-2.1474977,-0.8474976,0.43250245,-0.24749756
-0.0074975584,-1.5474975,-1.8574976,-2.3074975,-2.2974975,-3.7574975,-4.2274976,-2.8974977,-1.9874976,-2.0174975,-3.7074976,-4.2674975,-5.9074974,-6.7374973,-6.6574974,-6.5474977,-6.7974977,-7.6874976,-7.3574977,-5.757498,-5.2474976,-7.2974977,-7.3174977,-5.9374976,-2.4474976,-1.4574976,-2.8474975,2.4325025,2.3725023,0.022502441,-2.2274976,-2.9674976,2.2925024,2.8825026,-0.82749754,4.5625024,1.0325024,3.6625025,3.0825024,-1.2974975,1.7525024
1.3025024,-0.70749754,-2.7474976,-2.4974976,-2.5874975,-3.0474975,-3.5774975,-3.4874976,-3.3374975,-3.2574975,-4.0874977,-4.6374974,-6.1674976,-6.6474977,-6.4774976,-6.757498,-7.8374977,-8.8274975,-6.9474974,-6.4874973,-6.3774977,-6.757498,-7.277498,-6.3374977,-4.0574975,-0.117497556,-0.017497558,1.6325024,1.3225025,1.2525024,1.7825024,-0.17749757,-5.757498,-3.9874976,0.74250245,-2.6274977,0.13250244,1.2325025,2.8025024,3.3525023,0.9625024
1.3025024,-1.0074975,2.8925025,-1.0774976,-2.7774975,-2.3174975,-1.9974976,-2.8974977,-4.2074976,-4.3474975,-4.2174973,-3.4974976,-5.1574974,-6.2674975,-5.2174973,-7.3274975,-8.187497,-6.9974976,-9.097498,-5.2474976,-6.3174977,-7.7174973,-4.8674974,-6.4374976,-5.5974975,-3.1074975,0.15250245,1.3525025,0.32250243,0.07250244,0.7825024,0.9625024,-1.3474976,-2.6374977,-0.12749755,1.2725024,-1.0374975,0.07250244,3.2725024,0.48250243,-0.67749757
2.2425025,1.0725025,0.45250243,1.0325024,-0.40749756,-1.9074975,-2.3774977,-3.5574975,-3.4374976,-4.6374974,-4.9274974,-4.1074977,-4.9074974,-6.8874974,-7.2074976,-6.3474975,-6.8174977,-6.9274974,-5.007498,-7.2174973,-7.4374976,-4.757498,-5.9074974,-3.9174976,-4.4174976,-4.3374977,-1.7474976,0.8925024,-1.1874976,1.9925025,2.8125024,0.56250244,0.24250244,-1.0274975,0.7125024,-0.34749755,0.56250244,0.34250244,1.4425025,-2.0374975,-1.4674976
0.39250243,-1.5274975,-0.25749755,-2.9774976,-1.8474976,-2.4274976,-2.8974977,-2.8074975,-3.9774976,-4.8974977,-3.0474975,-3.9274976,-3.7974975,-4.027498,-6.2874975,-5.7974977,-5.777498,-5.1974974,-6.7074976,-5.6474977,-5.7874975,-6.4574976,-4.7474976,-5.7174973,-4.507498,-2.7974975,-1.2574975,0.45250243,0.07250244,1.9225024,1.4825025,1.6325024,-1.1874976,1.3825024,-0.117497556,4.4125023,1.2325025,0.68250245,1.3225025,1.9525025,0.30250245
-1.3674976,-0.27749756,1.2125025,-1.9874976,-1.4274975,-1.0874976,-1.8974975,-2.4074976,-3.4774976,-3.9274976,-3.1474977,-3.8774977,-5.1174974,-5.3274975,-5.1274977,-5.3474975,-5.1174974,-6.1674976,-6.027498,-3.9774976,-4.9274974,-5.3674974,-6.6974974,-5.6474977,-3.6574976,-3.4874976,-0.25749755,-2.1974976,-2.9574976,2.9225025,1.2225025,-2.8674974,-0.36749756,2.5225024,-2.1774976,-1.5974976,0.24250244,-1.5074975,0.98250246,1.1925025,-0.67749757
0.69250244,0.73250246,-1.2174976,-1.1674975,-2.0574975,-2.3374975,-1.7574975,-2.1674976,-2.6374977,-3.2074976,-2.4274976,-3.3474975,-2.7174976,-3.6174974,-4.8274975,-4.9674973,-5.757498,-6.1674976,-5.3374977,-6.6074977,-5.8574977,-2.3974977,-4.4774976,-5.8174977,-6.1174974,-3.7774975,-2.8474975,-3.2774975,-2.9274976,-1.5774976,1.3125024,-3.3174975,-3.3974977,-2.4674976,-1.9574976,-2.1874976,-0.94749755,0.80250245,-0.5974976,-1.1374975,-0.58749753
