wind_kz.json
{"header": {"discipline":0,"disciplineName":"Meteorological products","gribEdition":2,"gribLength":1025,"center":7,"centerName":"US National Weather Service - NCEP(WMC)","subcenter":0,"refTime":"2024-01-31T18:00:00.000Z","significanceOfRT":1,"significanceOfRTName":"Start of forecast","productStatus":0,"productStatusName":"Operational products","productType":1,"productTypeName":"Forecast products","productDefinitionTemplate":0,"productDefinitionTemplateName":"Analysis/forecast at horizontal level/layer at a point in time","parameterCategory":2,"parameterCategoryName":"UnknownDiscipline_0_Category_2","parameterNumber":2,"parameterNumberName":"UnknownParameter_D0_C2_2","parameterUnit":"Unknown","genProcessType":2,"genProcessTypeName":"Forecast","forecastTime":180,"surface1Type":103,"surface1TypeName":"Specified height level above ground","surface1Value":10.0,"surface2Type":255,"surface2TypeName":"Missing","surface2Value":0.0,"gridDefinitionTemplate":0,"gridDefinitionTemplateName":"Latitude_Longitude","numberPoints":615,"shape":6,"shapeName":"Earth spherical with radius of 6,371,229.0 m","gridUnits":"degrees","resolution":48,"winds":"true","scanMode":64,"nx":41,"ny":15,"basicAngle":0,"lo1":47.0,"la1":41.0,"lo2":87.0,"la2":55.0,"dx":1.0,"dy":1.0}, "data":
[rows 0 to 14 of 15, columns 0 to 40 of 41]
4.07501,0.36500975,2.6050098,5.59501,5.5050097,3.7650099,1.8650098,2.6950097,1.2250098,0.35500976,2.1750097,1.4950098,1.8050097,1.8550098,1.0250098,0.5450098,0.14500977,4.36501,5.9450097,7.26501,-4.0949903,-3.2649903,-3.8249903,-2.4149902,-1.3749902,-0.72499025,0.30500975,1.2650098,0.31500977,0.6150098,2.6750097,1.9250097,-0.26499024,-0.20499024,-0.054990236,1.5350097,3.0550098,3.5250099,3.3650098,3.5950098,3.5450099
3.6750097,0.77500975,1.4150097,-5.96499,-2.6049902,-1.7749902,-0.80499023,3.8050098,4.7950096,3.8450098,3.0550098,2.2850099,2.9850097,2.9050097,3.9650097,3.0650098,3.8150098,3.9150097,4.39501,7.4650097,2.5050097,-0.77499026,-1.7449902,-2.2849903,0.23500976,0.025009766,0.27500975,-0.36499023,0.72500974,-0.35499024,-0.26499024,1.2150098,2.5650098,-0.23499024,-0.31499022,0.8650098,1.2150098,0.31500977,0.90500975,1.4850098,2.3350098
1.7250098,-3.3849902,-0.61499023,-3.7649903,-4.35499,-4.11499,-0.44499025,6.2150097,5.5250096,3.3450098,3.3750098,4.1250095,4.43501,3.3250098,4.95501,3.4950097,3.5850098,3.8150098,4.68501,3.3950098,3.2450097,4.0450096,6.03501,6.03501,7.03501,-1.4149902,-3.0649903,-3.5149903,-2.7149901,-0.59499025,1.0350097,1.4950098,-0.90499026,-0.79499024,-1.2249902,-0.48499024,0.15500976,-0.0049902345,0.51500976,1.1950097,-0.24499023
-2.9349902,-1.2349902,2.3350098,1.7850097,-2.9949903,-1.7149903,4.13501,4.1050096,4.53501,3.8150098,3.9150097,4.1250095,3.2950099,4.7150097,4.97501,4.8750095,5.14501,4.09501,3.5550098,4.6250095,4.3150096,6.4450097,2.9550097,7.8750095,6.1950097,-0.28499022,-0.8849902,-2.6949902,-3.4049902,-1.2849902,-3.3049903,-3.2349901,-5.21499,-6.1249905,-5.40499,-1.9449903,-1.3349903,1.9350097,0.7350098,2.4750097,-0.43499023
1.3750098,1.7550098,4.16501,2.9850097,2.7350097,2.8650098,3.0150099,6.20501,5.6550097,3.8450098,2.5250099,4.2150097,4.7750096,5.49501,6.0050097,3.7150097,4.5050097,4.8350096,3.9250097,5.24501,7.24501,6.91501,7.6750097,6.84501,8.23501,4.78501,5.88501,4.03501,-0.83499026,-1.0849903,0.42500976,-1.0149902,0.24500977,1.9050097,-0.7549902,1.8150097,1.9450097,3.1450098,3.2350097,2.7350097,1.6150098
4.57501,2.6750097,4.78501,5.57501,5.32501,3.4750097,4.51501,6.0650096,5.3350096,4.9250097,3.0850098,3.4450097,6.1950097,6.70501,4.7550097,5.03501,5.2750096,6.32501,5.93501,6.39501,7.30501,7.6050096,8.10501,8.43501,7.4050097,7.9450097,7.0050097,2.9350097,0.58500975,-0.15499024,0.42500976,2.7650099,0.8150098,-1.7149903,-0.8749902,-2.4549901,2.1750097,3.5950098,-1.6449902,0.9250098,1.5750098
7.8750095,7.09501,8.26501,8.87501,7.30501,8.285009,6.91501,6.9050097,6.16501,4.8550096,3.0550098,2.8750098,4.07501,5.1950097,4.32501,5.18501,6.99501,7.5650096,5.80501,7.70501,10.10501,9.81501,9.075009,8.58501,8.55501,7.88501,7.5250096,3.7450097,1.5150098,1.1150098,0.18500976,0.26500976,0.12500976,-5.61499,-5.3449903,-1.9449903,-1.5349902,0.71500975,2.4550097,-0.074990235,-1.0549903
9.22501,9.21501,9.12501,8.54501,8.12501,7.64501,6.2350097,5.18501,5.7550097,4.82501,3.9950097,5.2950096,4.70501,5.82501,6.45501,7.30501,7.9850097,7.61501,7.89501,9.43501,11.31501,10.535009,10.58501,8.98501,9.75501,9.21501,6.93501,2.2950099,1.7650098,1.5450097,2.5050097,1.9150097,-2.8749902,2.0650098,2.7250097,-0.49499023,-1.3249903,-1.9249902,-4.92499,-6.31499,-0.8749902
8.81501,8.84501,8.23501,7.8350096,7.39501,6.45501,5.6950097,5.2750096,4.7750096,3.3250098,1.1250098,1.4550098,6.84501,5.2550097,7.0850096,7.4650097,8.88501,9.05501,10.13501,11.09501,13.15501,13.34501,10.97501,12.365009,9.9150095,9.43501,7.89501,4.4250097,4.4650097,2.0250099,4.34501,3.8450098,7.20501,1.5950098,-0.27499023,-4.5149903,0.35500976,2.5950098,-0.92499024,-0.0049902345,0.14500977
8.23501,7.86501,7.4450097,6.78501,5.6750097,5.01501,2.7650099,-0.24499023,-0.7049902,-0.67499024,2.4950097,5.47501,5.7950096,6.01501,8.205009,7.7350097,8.72501,8.51501,8.785009,9.455009,12.92501,11.90501,10.325009,8.62501,7.16501,7.95501,7.9250097,6.6050096,7.11501,6.0850096,5.43501,5.78501,3.7450097,2.0250099,-1.7049903,-0.61499023,-1.6549902,-1.5349902,1.4050097,0.9250098,-1.5749903
6.97501,6.7950096,5.68501,3.6150098,-0.71499026,-2.0349903,-2.5549903,-1.9349903,-0.29499024,1.2650098,4.16501,5.7750096,4.6250095,8.63501,8.51501,7.7350097,8.14501,8.575009,7.6950097,10.01501,11.71501,13.115009,12.34501,11.615009,9.71501,9.745009,10.52501,8.12501,6.8150096,7.14501,4.13501,2.0550098,0.78500974,0.69500977,0.14500977,-1.2249902,0.5450098,0.90500975,-1.1049902,-0.49499023,0.045009766
2.3650098,-1.3249903,-3.0349903,-4.25499,-4.1249905,-2.7549903,-1.9449903,-0.80499023,1.3250098,1.5950098,4.07501,5.59501,6.2950096,8.26501,8.87501,7.63501,7.8750095,8.87501,8.14501,9.75501,9.92501,11.1650095,11.115009,9.52501,6.9050097,7.11501,7.43501,4.59501,4.39501,1.1750097,-0.21499023,-0.10499024,-0.37499022,0.0150097655,0.58500975,2.5350099,4.76501,-0.32499024,-0.7549902,-0.9349902,-1.1849903
-3.3649902,-4.61499,-4.4749904,-3.4049902,-2.4649901,-1.8649902,-1.0149902,0.30500975,1.8250098,0.69500977,1.6650097,4.9050097,5.24501,6.09501,6.4050097,6.45501,6.9250097,6.4850097,6.53501,7.20501,5.7950096,6.5450096,6.28501,6.74501,8.15501,7.36501,3.9550097,1.0950098,-1.9249902,-2.5249903,-0.6849902,-1.6249902,-1.4849902,-0.66499025,-0.28499022,1.6450098,2.5750098,0.26500976,-1.7249902,-0.6949902,-1.0549903
-3.4049902,-3.6249902,-1.9049902,-2.3149903,-1.5249902,-0.7649902,0.6850098,1.0650097,2.0150099,2.1850097,1.8850098,2.9350097,6.0250096,4.64501,4.26501,3.9250097,3.5150099,3.1050098,3.1050098,3.3150098,1.7550098,0.6850098,-0.15499024,-0.8949902,-1.9849902,-3.7549903,-5.02499,-4.2649903,-3.6749902,-2.1149902,-2.6149902,-2.2149901,-1.7749902,-0.8749902,-0.84499025,0.0150097655,-0.014990235,1.2650098,-0.16499023,2.5350099,-2.5749903
-1.0349902,-0.42499024,0.11500976,-0.26499024,0.8650098,0.58500975,1.7350098,2.1450098,3.6250098,2.7350097,2.2350097,4.9850097,3.9350097,2.8550098,3.3550098,2.1850097,2.5550098,2.4450097,1.6850097,0.8750098,-0.20499024,-0.9549902,-1.9749902,-2.8449903,-4.2849903,-4.54499,-4.40499,-3.9249902,-3.3349903,-2.9649901,-2.9449902,-2.5749903,-1.7449902,-0.90499026,-0.30499023,0.72500974,0.18500976,1.2450098,0.83500975,-1.0649903,-1.6149902
