wind_kz.json
{"header": {"discipline":0,"disciplineName":"Meteorological products","gribEdition":2,"gribLength":1025,"center":7,"centerName":"US National Weather Service - NCEP(WMC)","subcenter":0,"refTime":"2023-10-02T00:00:00.000Z","significanceOfRT":1,"significanceOfRTName":"Start of forecast","productStatus":0,"productStatusName":"Operational products","productType":1,"productTypeName":"Forecast products","productDefinitionTemplate":0,"productDefinitionTemplateName":"Analysis/forecast at horizontal level/layer at a point in time","parameterCategory":2,"parameterCategoryName":"UnknownDiscipline_0_Category_2","parameterNumber":3,"parameterNumberName":"UnknownParameter_D0_C2_3","parameterUnit":"Unknown","genProcessType":2,"genProcessTypeName":"Forecast","forecastTime":300,"surface1Type":103,"surface1TypeName":"Specified height level above ground","surface1Value":10.0,"surface2Type":255,"surface2TypeName":"Missing","surface2Value":0.0,"gridDefinitionTemplate":0,"gridDefinitionTemplateName":"Latitude_Longitude","numberPoints":615,"shape":6,"shapeName":"Earth spherical with radius of 6,371,229.0 m","gridUnits":"degrees","resolution":48,"winds":"true","scanMode":64,"nx":41,"ny":15,"basicAngle":0,"lo1":47.0,"la1":41.0,"lo2":87.0,"la2":55.0,"dx":1.0,"dy":1.0}, "data":
[rows 0 to 14 of 15, columns 0 to 40 of 41]
0.94692385,1.3769238,-1.3230761,0.71692383,1.8169239,3.6969237,2.4269238,4.3369236,2.5869238,1.7669238,-0.29307616,-1.3630762,-2.3230762,-2.3330762,-2.5430763,-4.1830764,-4.2630763,-2.8330762,-2.7030761,-2.743076,-2.5830762,-1.4930762,-1.6230762,2.256924,2.1169238,1.3569238,0.6669238,-0.8230762,-1.8330761,-1.5230762,-0.7630762,-0.6930762,-0.33307618,0.8469238,1.7869239,0.23692383,-0.45307618,-1.3430762,-1.8430762,-1.3230761,-1.0530761
0.81692386,1.4769238,-0.05307617,0.47692382,2.736924,5.266924,6.226924,4.8369236,3.5469239,1.7569238,1.1869239,-1.0530761,-2.0430763,-1.6830761,-2.743076,-1.3130761,-2.8130763,-3.4430761,-3.5630763,-2.483076,-1.5430762,-1.0530761,-1.7730762,-1.2930762,2.036924,1.5269238,0.05692383,0.7469238,-1.9630761,-1.8430762,-0.17307617,-1.7930762,-1.2730762,-3.0530763,-2.9030762,2.3969238,0.8769238,1.1369238,-0.91307616,-0.55307615,0.09692383
-1.1830761,2.246924,-0.043076172,1.2969239,1.2769238,4.826924,4.106924,4.3369236,4.436924,2.8069239,0.57692385,0.026923828,-0.8830762,-1.5930762,-3.3330762,-4.7030764,-4.983076,-4.6630764,-3.233076,-0.67307615,-1.8030761,-5.0330763,-3.3030763,-1.0230762,-2.5430763,-0.16307618,1.7569238,-0.5630762,-2.463076,-1.7230762,0.6069238,-0.41307616,-1.2330762,-0.12307617,-0.5830762,-0.37307617,-0.73307616,-4.2430763,-0.12307617,-0.66307616,-0.9030762
0.30692384,2.736924,2.5869238,3.746924,2.996924,5.596924,5.2169237,5.436924,3.6069238,3.286924,1.1269238,-1.8230761,-2.8130763,-5.4130764,-2.0530763,-2.3930762,-3.5430763,-4.313076,-4.733076,-4.853076,-4.5530763,-4.333076,-1.0330762,-1.8130761,-2.5330763,-3.8430762,-3.1430762,-3.0430763,-2.6630762,-3.6430762,-5.1630764,-2.1530762,1.3469238,1.0669239,0.06692383,-0.07307617,0.14692383,0.6169238,-0.25307617,-1.5930762,-2.213076
-0.103076175,3.1869237,5.356924,5.3169236,4.5869236,5.206924,5.156924,4.786924,4.396924,3.5669239,3.256924,1.2769238,-0.38307616,-2.5330763,-2.6230762,-2.263076,-3.273076,-3.5530763,-3.8130763,-3.6830761,-3.0630763,-2.3430762,-2.6530762,-2.463076,-2.3430762,-2.8330762,-4.903076,-3.8830762,-3.763076,-4.333076,-5.123076,-4.193076,-1.1330762,0.27692384,-0.5630762,1.4169239,-6.293076,-0.48307618,0.13692383,-2.713076,-4.633076
2.766924,2.6869237,2.6769238,2.006924,2.286924,1.7769238,4.996924,5.016924,4.2369237,3.1269238,3.786924,3.246924,2.1069238,-0.42307618,0.016923828,-0.91307616,-1.8730762,-2.1330762,-2.6030762,-2.5830762,-2.733076,-3.4330761,-2.8530762,-2.493076,-1.8830762,-2.1830761,0.39692384,-3.023076,-3.9530761,-3.6830761,-3.6830761,-4.103076,-4.7630763,-4.3230762,-1.4330761,0.88692385,0.0069238283,-3.023076,-2.1830761,0.0069238283,-3.1530762
3.516924,4.396924,5.496924,5.476924,5.2769237,5.6769238,5.826924,4.5069237,4.4669237,4.116924,3.5969238,3.8269238,3.4269238,3.016924,0.7869238,0.36692384,-0.61307615,-1.5730761,-1.9130762,-1.7630762,-2.3730762,-3.0630763,-3.3030763,-3.0330763,-1.2230762,-1.2330762,-2.2030761,-2.983076,-3.0330763,-3.3130763,-3.3230762,-3.5530763,-3.7930763,-6.043076,-3.763076,-0.18307617,-2.4330761,-1.7130761,-3.723076,0.5369238,-5.903076
4.876924,5.3169236,5.9469237,7.096924,7.5469236,7.156924,6.686924,6.226924,5.166924,4.9269238,4.596924,4.2769237,3.996924,3.3169239,2.8469238,1.8669238,0.38692382,-0.73307616,-2.1930761,-1.2030761,-1.6430762,-1.4330761,-2.233076,-2.233076,-2.2030761,-1.9530761,-2.233076,-2.4430761,-2.4530761,-1.8130761,-2.6430762,-3.1130762,-3.2030761,-5.113076,-3.773076,-4.9330764,-2.463076,-1.0830761,-0.23307617,0.0069238283,-1.3030761
6.476924,5.976924,6.2569237,6.646924,6.656924,6.2969236,6.456924,5.8169236,5.4469237,5.2569237,4.596924,4.496924,4.406924,3.6069238,2.9669237,2.6269238,2.3269238,1.4269239,0.6669238,-0.55307615,-0.9630762,0.016923828,-0.48307618,-0.7130762,-1.0030762,-1.6030762,-1.6630762,-1.7330762,-2.243076,-2.493076,-3.0930762,-2.5630763,-2.3030763,-2.503076,-2.6230762,-3.3030763,-2.743076,-3.0330763,-3.6430762,-3.0530763,-3.6530762
7.2569237,7.266924,6.856924,6.6769238,7.0269237,6.7969236,6.4469237,6.076924,5.7369237,5.226924,4.706924,4.406924,3.7969239,4.106924,3.226924,2.5969238,1.8469238,1.6169238,1.9269239,1.8669238,0.89692384,1.1269238,2.006924,1.8469238,1.3469238,1.2069238,1.0869238,0.13692383,-0.24307618,-0.7130762,-0.97307616,-1.6430762,-1.0430762,-1.6930761,-1.6630762,-1.2030761,-0.39307618,-3.473076,0.71692383,2.8569238,0.6069238
7.4269238,7.5269237,7.266924,6.976924,6.5669236,6.626924,6.5069237,6.156924,5.826924,5.3369236,4.186924,3.746924,3.286924,3.8069239,3.4569237,2.8269238,2.756924,2.6569238,2.736924,2.726924,2.6569238,2.3369238,2.9069238,2.9069238,2.3969238,2.026924,1.6969239,1.7769238,0.6269238,0.12692383,0.22692382,0.0069238283,-0.31307617,-0.18307617,-0.30307618,0.18692383,1.0169238,2.0869238,0.38692382,-0.92307615,-0.40307617
7.126924,7.2569237,7.5869236,7.666924,7.4869237,7.076924,6.666924,6.1769238,5.4869237,4.8369236,4.136924,3.6469238,3.6869237,3.0869238,3.3069239,2.9569237,2.6069238,2.7969239,3.236924,3.9169238,3.4169238,3.246924,3.026924,3.266924,3.736924,4.0069237,3.536924,3.0769238,2.236924,1.4269239,1.4669238,0.65692383,0.27692384,0.7269238,0.7969238,1.2969239,1.3669238,0.95692384,1.5369239,0.8669238,1.2469238
7.306924,8.246923,7.246924,7.5069237,7.2369237,5.766924,6.5869236,7.126924,7.5269237,5.556924,3.3869238,3.256924,4.2569237,4.516924,3.9269238,3.8269238,3.6569238,3.1669238,3.1969237,3.536924,4.186924,4.326924,4.5869236,4.576924,4.906924,5.156924,4.4869237,4.4469237,4.106924,3.246924,2.756924,2.276924,1.2469238,0.88692385,0.5569238,0.65692383,0.8469238,0.21692383,0.9269238,1.0669239,1.7469238
7.906924,8.226924,8.786923,8.026924,7.916924,7.976924,7.706924,7.726924,7.206924,7.4269238,4.906924,3.0569239,3.7969239,4.7569237,4.0669236,3.8669238,4.1769238,4.116924,3.7069237,4.116924,3.986924,4.116924,3.9169238,3.226924,3.3769238,3.9169238,5.1969237,5.366924,4.306924,3.276924,2.476924,2.776924,1.7269238,0.82692385,0.6169238,0.69692385,0.6669238,1.2469238,0.25692382,0.36692384,1.4569238
5.536924,8.4569235,9.226924,9.116924,8.746923,8.126924,8.376924,7.7369237,7.4269238,7.056924,5.496924,6.056924,3.8769238,2.5969238,5.0669236,4.136924,3.9169238,3.9669237,3.756924,3.3069239,3.3969238,3.226924,2.9569237,3.0769238,3.5569239,5.096924,5.4469237,4.406924,3.0869238,3.266924,2.4269238,2.8669238,1.2469238,1.1969239,1.0369239,0.51692384,-0.003076172,-0.06307617,1.1969239,0.8769238,1.2769238
