wind_kz.json
{"header": {"discipline":0,"disciplineName":"Meteorological products","gribEdition":2,"gribLength":1025,"center":7,"centerName":"US National Weather Service - NCEP(WMC)","subcenter":0,"refTime":"2023-09-28T00:00:00.000Z","significanceOfRT":1,"significanceOfRTName":"Start of forecast","productStatus":0,"productStatusName":"Operational products","productType":1,"productTypeName":"Forecast products","productDefinitionTemplate":0,"productDefinitionTemplateName":"Analysis/forecast at horizontal level/layer at a point in time","parameterCategory":2,"parameterCategoryName":"UnknownDiscipline_0_Category_2","parameterNumber":2,"parameterNumberName":"UnknownParameter_D0_C2_2","parameterUnit":"Unknown","genProcessType":2,"genProcessTypeName":"Forecast","forecastTime":0,"surface1Type":103,"surface1TypeName":"Specified height level above ground","surface1Value":10.0,"surface2Type":255,"surface2TypeName":"Missing","surface2Value":0.0,"gridDefinitionTemplate":0,"gridDefinitionTemplateName":"Latitude_Longitude","numberPoints":615,"shape":6,"shapeName":"Earth spherical with radius of 6,371,229.0 m","gridUnits":"degrees","resolution":48,"winds":"true","scanMode":64,"nx":41,"ny":15,"basicAngle":0,"lo1":47.0,"la1":41.0,"lo2":87.0,"la2":55.0,"dx":1.0,"dy":1.0}, "data":
[rows 0 to 14 of 15, columns 0 to 40 of 41]
-0.93417054,-0.74417055,1.6958295,-1.7641705,-2.8041706,-2.8341706,-3.0241706,-2.8841705,-3.7541704,-0.69417053,-0.9041705,-0.5841705,-0.8941705,-0.124170534,-0.5141705,-0.7241705,-0.6441705,0.23582947,-2.7541704,0.82582945,1.3458295,-1.2241706,0.6658295,-0.98417056,0.15582947,-2.5241706,-2.5741706,1.1158295,0.68582946,-0.39417052,-1.1341705,0.89582944,0.39582947,0.35582948,-1.7241706,-1.3941705,-1.4141705,-1.7541705,-1.5341705,-2.5141706,-3.2241704
1.1358294,0.67582947,-2.5941706,-3.3041706,-3.1841705,-3.3541706,-1.7941705,-2.5841706,-1.7041706,-0.50417054,-0.17417054,-1.2641705,-0.6441705,0.39582947,-0.06417053,-0.48417053,1.3458295,-1.4141705,-0.82417053,-0.33417052,0.74582946,-0.54417056,-0.30417052,-2.0641706,1.0758295,0.67582947,-0.16417053,1.3758295,-0.18417053,-0.88417053,0.39582947,-0.33417052,-0.31417054,-2.3541706,-0.26417053,-0.63417053,-0.9541705,-1.4441705,-0.67417055,0.31582946,-2.5241706
-1.2141706,-4.7741704,-3.5541706,-2.6641705,-2.9441705,-3.3441706,-2.9141705,-0.5341705,-2.2041705,0.94582945,1.3858294,0.6058295,0.26582947,-0.07417053,-0.36417052,-0.74417055,-1.3641706,-0.29417053,0.48582947,0.82582945,1.6858295,-1.7341706,-2.5141706,-0.8341705,-0.11417053,0.81582946,1.6758294,0.75582945,-2.8541706,-0.46417055,-0.85417056,2.1558294,-0.47417054,-0.45417053,0.095829464,-1.4041705,0.025829468,0.44582948,-0.8441705,1.9658295,2.1758294
-4.1841707,-5.0541706,-4.7041707,-5.1841707,-3.8241706,-1.4441705,0.94582945,-0.014170532,0.75582945,1.3958294,2.6958294,3.0358295,1.7358295,-0.25417054,-1.0741706,-0.54417056,-0.75417054,-1.1041706,-0.60417056,-0.5241705,0.30582947,-1.4841706,1.3258295,0.95582944,-0.7041705,2.1958294,2.4658294,0.40582946,0.99582946,-0.124170534,-2.8641706,-2.9541705,-2.5841706,-2.9641705,-2.6141706,-2.2841706,-1.9741706,3.0358295,0.86582947,-0.56417054,-1.4441705
-4.0341706,-5.6541705,-5.1241703,-4.6041703,-2.9241705,-3.4041705,-2.5141706,-0.7141705,1.7458295,2.9658294,2.4058294,2.9758294,1.5358294,0.41582948,-2.4941704,-2.2441704,-1.2941705,-0.39417052,0.42582947,-0.42417052,0.99582946,1.3758295,1.5758295,2.1958294,1.8358295,-0.81417054,-2.5741706,-2.4041705,-3.2241704,-3.1941705,-3.1341705,-1.8141705,-1.5141705,1.8158295,-0.27417052,-1.6541705,-4.6441708,-3.8141706,-3.3241706,-3.4341705,-3.6641705
-3.5441706,-2.9341705,-2.1541705,-3.3741705,-2.9541705,-2.2341704,-0.9541705,0.86582947,1.1158295,1.8058295,2.0358295,1.3458295,-2.5341706,-2.6041706,-2.7441704,-0.34417054,-0.014170532,0.10582947,0.27582946,0.67582947,-0.5941705,-0.27417052,1.5158294,-2.3241706,-3.6041706,-2.9041705,-2.9641705,0.10582947,-0.24417053,-1.9441705,-1.5741706,-2.8941705,-3.1841705,-1.2741705,-0.18417053,-3.6441705,0.40582946,-1.9541706,-1.2041706,-2.5141706,-2.7441704
0.93582946,0.11582947,-2.9641705,-2.7141705,-1.4141705,0.92582947,1.3658295,1.9158294,2.2058294,2.3058295,2.2358294,2.2358294,-1.6841705,-1.3141705,-1.3541706,-0.92417055,-0.38417053,-0.09417053,0.11582947,0.18582946,-0.56417054,-1.1241705,-1.3941705,-1.9841706,-1.0841706,-0.93417054,-1.2041706,-0.48417053,-1.0641705,-2.0141706,-1.7441705,-2.1341705,-2.7441704,-3.1141706,-2.8441706,-2.0841706,-1.1441705,2.9258294,-1.6841705,1.7658294,-0.28417054
-4.1741705,-3.1641705,-2.3741705,-0.5141705,-0.19417053,0.7158295,1.9158294,2.2058294,2.9058294,3.2858295,2.8958294,0.29582947,-0.36417052,-0.7241705,-0.44417053,-0.9041705,-1.0241705,-0.75417054,-1.0841706,-1.0641705,-0.46417055,-1.3941705,-1.4141705,-1.7741705,-1.3141705,0.16582946,0.92582947,0.19582947,1.7258295,2.3958294,0.69582945,2.5258296,-0.29417053,1.4058294,-0.38417053,-1.5341705,-2.5841706,-7.3941708,-4.2541704,-3.7641706,-2.7341704
-2.3541706,-2.3141706,-1.0741706,-0.31417054,1.0458294,1.3158295,0.68582946,0.95582944,1.3758295,2.9458294,3.0258296,0.5358295,-0.14417054,0.29582947,1.2658294,0.07582947,-0.44417053,-0.82417053,-0.29417053,-0.99417055,-1.5741706,-1.3641706,-1.6241705,-0.7741705,-1.5141705,-1.2941705,-0.20417053,-0.23417053,2.4558294,0.68582946,1.0058295,2.3258295,5.2058296,-0.6441705,-1.6241705,-2.4541705,-0.93417054,-1.2841705,-0.5241705,0.9058295,-2.2241704
-1.3741705,-0.93417054,-1.4541706,-0.18417053,-0.15417053,-0.084170535,0.03582947,0.10582947,0.38582948,0.33582947,-0.9641705,-1.3341706,-1.0241705,0.27582946,0.46582946,0.7758295,-0.36417052,-0.29417053,-0.11417053,-1.5841706,-1.8041705,-2.3841705,-1.0241705,-0.34417054,-1.3541706,-0.6541705,-0.18417053,2.0258296,3.8358295,3.5158296,2.0558295,1.4958295,2.8358295,-1.5241705,-1.9141705,-2.3541706,-2.9741704,-0.75417054,-1.9741706,0.22582947,-2.1241705
1.2458295,-1.4041705,-1.2341706,0.095829464,0.35582948,0.70582944,1.1158295,0.9158295,0.045829467,-0.41417053,-0.09417053,0.045829467,1.0558295,2.3558295,1.7358295,0.76582944,0.41582948,-0.014170532,-0.69417053,-1.3341706,-0.9541705,-0.8941705,-0.9541705,-1.0441705,-0.68417054,-0.5841705,-0.9041705,0.22582947,1.3758295,2.6558294,3.5058296,3.5758295,-0.7041705,-1.2541705,-1.9041705,-2.4841704,-1.6541705,0.47582948,-1.2341706,0.88582945,-1.6041706
-0.99417055,-1.7641705,-0.67417055,-0.17417054,0.75582945,0.45582947,0.40582946,0.7858295,0.69582945,0.11582947,-0.24417053,1.5358294,0.70582944,1.0858295,2.5058296,0.74582946,1.4858295,2.0258296,1.1958295,1.7058295,1.3358295,1.5258294,0.88582945,0.41582948,1.0558295,0.9858295,1.2658294,1.0658295,1.7358295,2.3558295,2.2958295,1.7958294,-0.7741705,-2.7741706,-1.5741706,-1.1341705,-1.0441705,-0.74417055,-0.15417053,-0.5341705,-0.6541705
0.015829468,0.64582944,0.56582946,0.6658295,0.87582946,0.75582945,0.82582945,0.82582945,0.94582945,0.92582947,0.75582945,1.1158295,0.5258295,-0.9141705,-0.50417054,1.1458294,1.9058294,2.6258295,2.2258294,2.7158294,2.0658295,2.1158295,2.0858295,1.8458295,3.0858295,2.3758295,1.5858295,1.0458294,0.68582946,0.9758295,0.31582946,-0.06417053,-1.9241705,-1.8141705,-1.4341705,-1.3241706,0.33582947,-1.3641706,-0.92417055,-0.86417055,-0.8941705
0.88582945,0.6658295,1.8158295,0.51582944,0.7258295,0.9758295,0.68582946,0.75582945,1.4558295,1.4358295,0.48582947,0.68582946,1.5358294,1.2358295,2.3258295,2.7658296,3.5358295,2.7358294,2.3558295,2.9958296,2.9158294,2.8858294,2.9558294,2.8258295,2.2058294,2.0258296,1.4958295,1.6758294,1.5858295,-0.81417054,-0.14417054,0.11582947,-0.23417053,-0.7841705,-0.29417053,-0.7141705,-0.73417056,-1.4841706,-1.3941705,-0.81417054,-1.0541705
0.16582946,1.1358294,1.1258295,0.56582946,0.62582946,0.9158295,1.5358294,1.3458295,1.9658295,1.1058295,0.7858295,1.1458294,1.3258295,1.6558294,3.0058296,2.8658295,2.9358294,3.3858294,3.0758295,3.2958295,3.1058295,2.9258294,2.0258296,1.9858295,1.6958295,2.1058295,1.9358295,1.6458294,1.6658294,1.3558295,0.25582945,-0.21417053,0.25582945,-0.6441705,-0.9041705,-0.20417053,-0.39417052,0.17582947,-0.6441705,-0.7041705,-1.1841705
