wind_kz.json
{"header": {"discipline":0,"disciplineName":"Meteorological products","gribEdition":2,"gribLength":1025,"center":7,"centerName":"US National Weather Service - NCEP(WMC)","subcenter":0,"refTime":"2023-09-10T12:00:00.000Z","significanceOfRT":1,"significanceOfRTName":"Start of forecast","productStatus":0,"productStatusName":"Operational products","productType":1,"productTypeName":"Forecast products","productDefinitionTemplate":0,"productDefinitionTemplateName":"Analysis/forecast at horizontal level/layer at a point in time","parameterCategory":2,"parameterCategoryName":"UnknownDiscipline_0_Category_2","parameterNumber":2,"parameterNumberName":"UnknownParameter_D0_C2_2","parameterUnit":"Unknown","genProcessType":2,"genProcessTypeName":"Forecast","forecastTime":120,"surface1Type":103,"surface1TypeName":"Specified height level above ground","surface1Value":10.0,"surface2Type":255,"surface2TypeName":"Missing","surface2Value":0.0,"gridDefinitionTemplate":0,"gridDefinitionTemplateName":"Latitude_Longitude","numberPoints":615,"shape":6,"shapeName":"Earth spherical with radius of 6,371,229.0 m","gridUnits":"degrees","resolution":48,"winds":"true","scanMode":64,"nx":41,"ny":15,"basicAngle":0,"lo1":47.0,"la1":41.0,"lo2":87.0,"la2":55.0,"dx":1.0,"dy":1.0}, "data":
[rows 0 to 14 of 15, columns 0 to 40 of 41]
-0.77643496,1.4835651,-2.246435,-2.166435,-1.7964349,1.423565,5.693565,-4.566435,-7.736435,-6.736435,-8.956435,-8.006435,-6.256435,-3.946435,-4.9764347,-4.296435,-4.486435,-5.626435,-5.106435,-4.056435,-1.2364349,1.4535651,2.4135652,2.9135652,2.753565,3.463565,3.573565,5.323565,6.713565,5.5435653,8.363565,2.303565,1.3535651,-3.456435,-4.166435,-1.2664349,-1.586435,-2.756435,-3.026435,-2.906435,-0.83643496
1.053565,-2.776435,-2.5864348,-1.816435,0.27356505,3.843565,0.6935651,-1.216435,-6.056435,-5.356435,-4.526435,-6.266435,-0.84643495,-1.186435,-3.2964349,-4.286435,-3.756435,-4.036435,-2.8264349,-2.006435,-1.056435,0.54356503,0.26356506,1.643565,3.003565,0.23356506,1.823565,4.513565,5.593565,1.043565,0.29356506,0.20356506,0.84356505,-0.21643494,0.5535651,-2.426435,1.923565,2.4235651,2.1535652,-1.716435,-0.18643494
-0.9464349,-2.266435,-2.166435,-1.2964349,2.563565,1.7035651,-0.86643493,-0.6864349,-5.676435,-4.586435,-5.196435,-1.476435,0.44356507,-3.5764349,-3.706435,-3.996435,-4.106435,-3.156435,-2.0564349,-0.89643496,1.063565,2.053565,-3.196435,-5.236435,-0.54643494,-0.106434934,0.46356505,0.64356506,4.093565,-0.13643494,0.16356507,-3.1064348,-0.7664349,-1.816435,-3.956435,-0.96643496,0.79356503,-2.386435,5.963565,5.423565,7.243565
-1.706435,-0.12643494,-0.17643493,0.35356507,0.28356507,0.39356506,0.33356506,-1.1464349,-1.2364349,-6.9764347,-4.736435,-6.396435,-5.766435,-5.076435,-4.056435,-4.176435,-3.3564348,-2.686435,-1.9964349,-2.266435,-3.916435,-5.606435,-1.9064349,-1.5164349,-0.92643493,0.76356506,2.1435652,2.733565,-0.6364349,1.303565,2.983565,3.133565,5.5235653,0.13356507,-0.9364349,0.20356506,-1.446435,3.003565,-1.5464349,-1.9164349,-2.176435
5.513565,-1.076435,4.183565,1.823565,1.0135651,-0.36643493,2.513565,0.85356504,-2.626435,-2.3464348,-4.426435,-6.496435,-5.346435,-2.5464349,1.803565,-2.626435,-2.376435,-2.646435,-2.1064348,-2.196435,-2.936435,-2.486435,-1.476435,-0.84643495,0.16356507,0.6835651,0.52356505,-2.406435,4.823565,0.17356506,2.323565,3.1735651,3.253565,3.383565,-3.936435,-0.64643496,2.4135652,1.693565,2.3935652,1.813565,1.6135651
4.473565,3.4035652,1.573565,2.9335651,2.593565,1.0935651,2.513565,1.6235651,-0.11643494,-2.706435,-5.746435,-4.076435,-1.316435,0.14356506,-1.4864349,-1.926435,-1.6164349,-1.7664349,-0.31643495,0.6835651,-0.73643494,0.06356506,0.083565064,0.43356505,0.42356506,1.303565,2.113565,-0.33643493,1.163565,3.533565,4.873565,6.323565,3.9535651,4.333565,0.49356505,-2.5564349,0.6135651,2.613565,9.243565,5.623565,5.483565
1.0135651,3.4235651,4.403565,1.8535651,1.033565,4.923565,1.903565,1.2635651,2.1435652,-1.4964349,-1.7964349,-1.356435,-0.91643494,-0.38643494,-2.206435,-1.2864349,-0.8264349,-0.20643494,0.42356506,1.2335651,0.58356506,1.073565,0.91356504,-0.18643494,-0.106434934,2.333565,2.843565,2.063565,2.813565,3.823565,4.913565,4.053565,5.233565,6.703565,6.013565,3.973565,2.023565,0.13356507,3.123565,-1.0464349,0.40356505
-0.23643494,-0.5664349,1.0035651,-0.22643493,3.253565,4.613565,3.293565,2.513565,1.573565,-3.3564348,-2.0564349,-1.926435,-2.996435,1.4935651,0.20356506,0.21356507,0.6135651,0.32356507,1.1335651,-1.7664349,-0.14643493,-0.5764349,1.5035651,1.813565,1.0935651,2.363565,1.9635651,3.2035651,3.213565,3.013565,4.103565,4.553565,3.853565,3.4235651,5.2735653,5.843565,1.893565,2.523565,2.973565,5.0235653,4.453565
-0.54643494,-0.98643494,0.023565063,3.223565,3.4435651,2.2035651,3.233565,4.143565,-0.35643494,-2.936435,-1.7364349,-1.1464349,1.6335651,4.863565,0.12356506,0.6135651,0.43356505,1.3735651,0.053565063,1.2135651,-0.8164349,1.403565,-0.89643496,0.7335651,0.88356507,0.6935651,1.7335651,3.743565,3.463565,3.803565,4.2935653,4.193565,3.9235651,2.4035652,-1.586435,2.743565,2.123565,3.123565,1.3835651,0.16356507,1.553565
-3.5664349,-2.026435,-1.226435,-3.0964348,-2.966435,-2.876435,-0.59643495,-1.196435,-1.576435,-0.73643494,-1.6664349,-0.45643494,0.23356506,2.6635652,1.193565,0.37356508,0.28356507,-0.71643496,-0.58643496,-0.97643495,-0.9464349,-0.91643494,-1.1564349,0.6835651,0.84356505,1.5835651,1.9735651,-0.40643492,0.40356505,1.7135651,2.963565,2.233565,3.213565,2.253565,0.33356506,1.3835651,-1.856435,1.7435651,1.3335651,1.6135651,1.793565
0.113565065,-4.136435,-3.5764349,-4.846435,-4.326435,-4.866435,-2.216435,-5.056435,-4.126435,-4.446435,-1.1164349,-0.29643494,0.47356507,0.25356507,0.41356507,0.06356506,0.16356507,-1.346435,-0.6364349,-0.27643493,0.66356504,-0.066434935,-0.07643494,0.57356507,1.9735651,1.2235651,0.6135651,2.533565,2.253565,2.9335651,3.763565,2.753565,2.603565,0.59356505,-1.066435,-0.20643494,-0.37643492,0.9935651,1.163565,-0.90643495,1.0135651
-2.616435,-3.436435,-3.706435,-3.136435,-2.656435,-5.566435,-4.166435,-3.286435,-3.3164349,-2.0664349,-0.47643495,-1.5164349,-0.096434936,-0.20643494,1.553565,0.77356505,0.76356506,-1.186435,1.2035651,1.3635651,2.803565,0.38356507,0.42356506,-0.47643495,-0.23643494,-0.9964349,-0.77643496,0.8735651,0.9835651,2.793565,1.7535651,1.523565,0.19356507,0.66356504,0.34356508,2.373565,1.3435651,-0.77643496,1.143565,1.1135651,1.533565
-2.186435,-2.036435,-1.4164349,-3.616435,-3.216435,-1.0264349,-1.8864349,-4.116435,-5.4564347,-0.6364349,-0.86643493,0.66356504,-0.44643494,0.34356508,-1.8764349,0.24356507,0.82356507,1.3535651,2.243565,1.803565,1.2435651,0.16356507,1.2135651,-0.59643495,0.42356506,-0.056434937,1.143565,0.32356507,-1.7864349,-1.7364349,-0.8864349,-0.49643493,-2.116435,-1.176435,1.6335651,2.363565,0.28356507,0.36356506,2.783565,-0.13643494,0.66356504
-0.29643494,-3.0564349,-2.0764349,-2.426435,-1.326435,-1.086435,-0.90643495,-1.4064349,-2.766435,-1.596435,0.0135650635,0.60356504,-1.4864349,0.45356506,0.70356506,0.88356507,1.423565,2.4535651,0.72356504,0.023565063,2.003565,1.933565,1.683565,2.043565,1.3535651,2.253565,0.49356505,-0.036434937,-1.3964349,-1.966435,-2.286435,-1.5164349,-1.1164349,-0.61643493,0.40356505,0.47356507,0.49356505,-0.91643494,-0.45643494,0.29356506,-0.53643495
0.70356506,0.83356506,-1.2964349,1.4535651,0.14356506,-3.0764349,-0.016434936,-2.286435,-1.1464349,-0.5564349,-0.6364349,0.24356507,0.26356506,0.9435651,0.13356507,2.093565,-0.23643494,1.2435651,-0.16643494,1.433565,1.1235651,1.2535651,2.133565,1.193565,1.3335651,1.413565,0.20356506,-1.176435,-2.426435,-2.216435,-1.6564349,-0.85643494,-1.0264349,-1.436435,-1.826435,-1.4064349,-1.0464349,-1.0164349,-0.6364349,-1.6264349,0.83356506
