wind_kz.json
{"header": {"discipline":0,"disciplineName":"Meteorological products","gribEdition":2,"gribLength":871,"center":7,"centerName":"US National Weather Service - NCEP(WMC)","subcenter":0,"refTime":"2023-10-03T00:00:00.000Z","significanceOfRT":1,"significanceOfRTName":"Start of forecast","productStatus":0,"productStatusName":"Operational products","productType":1,"productTypeName":"Forecast products","productDefinitionTemplate":0,"productDefinitionTemplateName":"Analysis/forecast at horizontal level/layer at a point in time","parameterCategory":0,"parameterCategoryName":"UnknownDiscipline_0_Category_0","parameterNumber":0,"parameterNumberName":"UnknownParameter_D0_C0_0","parameterUnit":"Unknown","genProcessType":2,"genProcessTypeName":"Forecast","forecastTime":300,"surface1Type":1,"surface1TypeName":"Ground or water surface","surface1Value":0.0,"surface2Type":255,"surface2TypeName":"Missing","surface2Value":0.0,"gridDefinitionTemplate":0,"gridDefinitionTemplateName":"Latitude_Longitude","numberPoints":615,"shape":6,"shapeName":"Earth spherical with radius of 6,371,229.0 m","gridUnits":"degrees","resolution":48,"winds":"true","scanMode":64,"nx":41,"ny":15,"basicAngle":0,"lo1":47.0,"la1":41.0,"lo2":87.0,"la2":55.0,"dx":1.0,"dy":1.0}, "data":
[rows 0 to 14 of 15, columns 0 to 40 of 41]
297.00745,285.70746,285.80743,292.50745,292.30743,290.90744,292.90744,296.70746,295.50745,296.90744,296.20746,296.40744,296.30743,296.60745,296.60745,295.80743,295.60745,295.20746,296.40744,296.90744,298.30743,295.50745,294.00745,292.00745,295.30743,298.30743,293.00745,282.40744,280.10745,277.80743,276.20746,272.10745,286.50745,291.90744,292.80743,293.00745,293.70746,292.40744,291.80743,291.50745,291.00745
273.60745,283.90744,292.10745,292.00745,292.10745,290.40744,289.70746,288.50745,288.80743,289.50745,292.30743,291.90744,293.80743,294.80743,295.20746,295.40744,295.20746,294.10745,292.70746,293.80743,294.90744,294.00745,292.10745,285.60745,273.70746,277.00745,287.80743,281.10745,281.00745,273.70746,280.70746,267.50745,279.60745,253.30745,275.00745,290.00745,288.40744,290.80743,293.10745,286.80743,283.70746
283.70746,291.70746,291.70746,291.30743,289.80743,289.10745,289.50745,290.70746,288.80743,287.00745,286.50745,287.80743,288.90744,293.30743,294.60745,294.80743,294.20746,293.40744,294.10745,293.00745,292.10745,293.10745,292.60745,287.10745,291.50745,290.60745,293.00745,293.30743,292.80743,282.90744,272.60745,276.40744,281.10745,281.30743,283.00745,282.70746,276.30743,278.00745,279.30743,274.70746,274.70746
289.40744,290.40744,291.30743,290.60745,289.70746,289.30743,289.30743,288.00745,288.20746,288.50745,288.60745,286.90744,288.70746,288.30743,288.20746,289.60745,294.10745,293.40744,293.20746,292.70746,291.70746,287.60745,292.00745,291.30743,293.10745,292.80743,295.70746,293.40744,292.70746,292.50745,291.50745,289.40744,293.10745,291.50745,288.20746,284.90744,275.70746,267.30743,278.90744,286.80743,290.50745
292.20746,289.90744,290.20746,289.50745,289.00745,288.40744,289.00745,288.60745,288.50745,288.70746,288.10745,287.50745,287.50745,286.40744,285.10745,286.40744,287.60745,289.60745,292.20746,292.00745,291.80743,291.10745,290.50745,290.60745,290.80743,290.50745,291.60745,289.30743,292.10745,291.00745,293.40744,291.00745,281.30743,271.20746,280.80743,289.30743,290.30743,293.10745,293.70746,293.80743,293.30743
290.20746,288.90744,287.90744,288.40744,288.80743,288.30743,288.40744,289.10745,288.50745,288.70746,289.10745,288.70746,287.20746,287.10745,287.30743,286.00745,285.50745,284.80743,284.90744,289.50745,290.00745,289.60745,289.20746,287.40744,288.30743,288.20746,290.10745,285.30743,290.20746,290.90744,289.50745,290.90744,290.80743,289.40744,286.70746,290.80743,284.20746,286.70746,290.70746,290.80743,291.50745
288.70746,287.80743,288.30743,288.30743,287.50745,287.10745,286.90744,286.10745,287.10745,287.60745,287.30743,287.20746,286.80743,286.40744,287.30743,287.90744,288.00745,288.00745,285.40744,284.30743,284.70746,286.30743,287.10745,287.30743,286.10745,284.80743,285.50745,286.50745,287.00745,286.90744,286.00745,287.70746,288.60745,289.90744,290.30743,290.30743,283.70746,281.60745,279.60745,277.90744,287.10745
287.00745,286.40744,286.90744,286.70746,286.60745,286.20746,285.40744,284.30743,283.10745,283.70746,283.30743,284.00745,284.40744,285.30743,285.90744,286.40744,286.10745,287.10745,286.10745,282.10745,281.40744,283.00745,285.20746,285.00745,283.70746,283.20746,282.60745,283.60745,283.10745,284.90744,284.50745,285.30743,285.80743,284.50745,285.40744,285.80743,287.20746,284.20746,288.20746,287.90744,283.80743
286.10745,285.10745,284.80743,284.30743,284.20746,283.10745,283.00745,282.70746,282.10745,281.40744,281.40744,281.80743,281.50745,283.40744,283.60745,284.70746,285.10745,285.60745,286.10745,282.50745,281.00745,279.10745,281.60745,283.20746,281.90744,282.80743,282.10745,282.00745,281.00745,280.50745,280.40744,282.60745,283.20746,284.90744,285.90744,282.60745,282.10745,283.20746,274.10745,273.00745,271.30743
284.80743,283.10745,282.70746,281.50745,281.10745,281.00745,280.70746,280.20746,280.60745,280.40744,280.00745,279.60745,280.50745,280.50745,281.80743,282.40744,283.90744,284.40744,285.20746,284.90744,281.60745,281.60745,281.00745,281.40744,282.10745,281.40744,281.70746,284.30743,282.80743,281.10745,280.50745,283.30743,284.60745,284.40744,284.00745,283.10745,282.10745,279.00745,275.90744,276.20746,272.20746
281.30743,279.30743,279.10745,278.90744,279.10745,278.40744,277.60745,278.60745,278.60745,278.40744,278.40744,278.20746,279.20746,279.40744,280.10745,280.80743,281.00745,282.40744,282.40744,283.00745,281.80743,281.80743,280.80743,279.80743,280.30743,281.20746,280.30743,283.20746,284.50745,284.10745,283.70746,285.00745,284.50745,283.60745,283.40744,282.00745,280.20746,276.40744,277.90744,275.00745,274.10745
280.60745,279.60745,278.90744,278.70746,278.00745,277.60745,277.10745,276.70746,278.10745,278.70746,276.60745,277.20746,278.20746,277.20746,278.20746,279.60745,278.60745,279.50745,280.40744,280.90744,281.40744,279.50745,278.70746,279.60745,279.00745,280.60745,281.40744,283.70746,285.50745,285.70746,284.50745,283.30743,282.60745,280.50745,280.60745,280.20746,280.50745,280.40744,279.80743,279.20746,277.20746
277.30743,278.10745,278.70746,279.30743,279.00745,278.40744,277.60745,278.10745,277.90744,278.00745,274.70746,273.20746,277.50745,275.90744,277.40744,278.70746,278.80743,278.90744,279.50745,280.30743,280.20746,279.50745,278.90744,278.20746,280.40744,281.70746,282.90744,282.80743,284.60745,282.40744,283.00745,282.40744,281.70746,280.70746,280.60745,280.10745,278.80743,280.80743,278.50745,277.90744,278.40744
277.60745,277.60745,281.20746,278.60745,278.50745,278.20746,277.10745,276.00745,276.50745,277.10745,274.20746,271.90744,274.40744,277.00745,276.90744,277.60745,277.90744,277.70746,279.00745,279.50745,279.40744,279.50745,280.90744,281.50745,281.70746,282.10745,281.80743,282.00745,281.70746,281.70746,281.60745,281.40744,280.90744,278.90744,278.80743,277.50745,277.50745,277.30743,277.20746,276.40744,277.10745
277.70746,278.10745,283.10745,277.60745,278.00745,277.30743,277.10745,276.70746,277.00745,276.60745,275.20746,274.90744,273.30743,274.40744,277.00745,278.00745,277.30743,277.00745,277.90744,277.10745,278.10745,277.60745,278.90744,279.10745,279.80743,280.90744,280.80743,281.10745,281.10745,282.10745,280.90744,281.60745,279.80743,279.30743,278.20746,277.80743,277.70746,276.00745,276.30743,276.40744,277.10745
