wind_kz.json
{"header": {"discipline":0,"disciplineName":"Meteorological products","gribEdition":2,"gribLength":871,"center":7,"centerName":"US National Weather Service - NCEP(WMC)","subcenter":0,"refTime":"2024-02-03T06:00:00.000Z","significanceOfRT":1,"significanceOfRTName":"Start of forecast","productStatus":0,"productStatusName":"Operational products","productType":1,"productTypeName":"Forecast products","productDefinitionTemplate":0,"productDefinitionTemplateName":"Analysis/forecast at horizontal level/layer at a point in time","parameterCategory":0,"parameterCategoryName":"UnknownDiscipline_0_Category_0","parameterNumber":0,"parameterNumberName":"UnknownParameter_D0_C0_0","parameterUnit":"Unknown","genProcessType":2,"genProcessTypeName":"Forecast","forecastTime":300,"surface1Type":1,"surface1TypeName":"Ground or water surface","surface1Value":0.0,"surface2Type":255,"surface2TypeName":"Missing","surface2Value":0.0,"gridDefinitionTemplate":0,"gridDefinitionTemplateName":"Latitude_Longitude","numberPoints":615,"shape":6,"shapeName":"Earth spherical with radius of 6,371,229.0 m","gridUnits":"degrees","resolution":48,"winds":"true","scanMode":64,"nx":41,"ny":15,"basicAngle":0,"lo1":47.0,"la1":41.0,"lo2":87.0,"la2":55.0,"dx":1.0,"dy":1.0}, "data":
[rows 0 to 14 of 15, columns 0 to 40 of 41]
284.21494,277.21494,282.61493,280.31494,280.61493,281.91495,285.41495,287.11493,284.61493,283.61493,282.41495,283.11493,282.41495,282.11493,282.21494,281.51495,281.61493,280.31494,283.31494,280.91495,281.81494,281.01495,280.91495,276.61493,276.71494,279.01495,272.11493,252.91495,253.11494,251.91495,255.41495,256.11493,265.11493,272.51495,272.91495,272.41495,274.51495,274.01495,273.61493,273.21494,273.91495
266.41495,280.71494,280.11493,279.91495,280.61493,281.11493,285.21494,283.51495,282.31494,282.01495,281.41495,280.11493,280.31494,280.81494,281.11493,280.91495,281.41495,281.41495,280.11493,280.41495,280.21494,278.91495,277.31494,267.21494,250.41495,256.01495,263.21494,252.11494,255.31494,250.91495,262.01495,242.21494,260.31494,245.21494,253.41495,266.71494,270.31494,271.51495,271.91495,268.71494,270.01495
281.41495,278.71494,279.81494,280.21494,280.31494,284.81494,282.81494,281.51495,280.21494,279.31494,278.11493,278.61493,278.91495,278.61493,277.81494,277.41495,277.71494,275.61493,276.31494,277.41495,277.81494,277.51495,276.01495,267.71494,275.11493,273.51495,272.31494,272.71494,273.31494,265.21494,250.71494,256.91495,258.41495,257.91495,256.11493,263.61493,257.61493,258.81494,256.41495,253.81494,248.71494
281.21494,275.61493,277.41495,278.71494,280.41495,282.21494,280.81494,278.71494,278.21494,277.21494,276.91495,277.21494,281.21494,281.81494,277.01495,275.21494,275.71494,274.81494,274.91495,275.41495,276.71494,270.11493,273.51495,272.31494,272.11493,272.51495,272.11493,271.11493,271.11493,270.41495,270.31494,267.61493,271.61493,270.01495,265.11493,262.91495,250.81494,251.71494,259.81494,266.31494,261.21494
277.01495,273.01495,272.01495,273.21494,277.01495,280.31494,279.71494,279.01495,277.11493,276.11493,275.61493,275.81494,279.01495,279.01495,278.21494,273.41495,273.41495,274.01495,274.11493,273.21494,274.01495,272.61493,271.21494,270.71494,270.71494,270.31494,266.91495,268.81494,270.41495,270.31494,271.31494,269.91495,258.41495,242.81494,259.81494,264.11493,265.61493,263.51495,258.21494,256.51495,257.71494
278.91495,279.01495,273.11493,273.01495,272.41495,272.91495,278.11493,277.81494,275.61493,274.91495,274.01495,273.61493,278.01495,279.01495,272.51495,273.11493,273.11493,272.31494,272.21494,271.91495,271.31494,271.41495,270.41495,269.31494,268.01495,262.71494,268.01495,266.71494,264.61493,264.11493,263.51495,265.01495,257.61493,255.21494,259.01495,261.51495,257.51495,256.31494,255.01494,254.51494,255.01494
279.31494,278.71494,279.61493,279.01495,276.01495,277.61493,277.51495,275.51495,274.91495,274.01495,272.71494,272.11493,272.11493,271.81494,272.31494,272.41495,272.01495,271.61493,269.91495,267.31494,264.91495,266.01495,265.21494,264.51495,260.31494,257.81494,254.91495,255.61494,256.91495,258.11493,257.11493,258.91495,257.61493,254.01494,256.81494,258.51495,257.71494,255.61494,247.41495,250.21494,250.21494
278.71494,278.31494,277.21494,276.71494,276.11493,275.51495,274.61493,273.61493,272.51495,271.31494,269.21494,268.91495,267.21494,267.21494,270.71494,270.91495,269.81494,268.71494,267.31494,265.71494,261.81494,261.21494,260.11493,262.41495,259.11493,254.91495,254.41495,251.11494,251.31494,252.51494,252.51494,249.41495,252.21494,254.51494,248.81494,247.81494,243.91495,246.51494,247.11494,247.71494,249.81494
276.51495,276.11493,276.41495,276.21494,275.51495,274.61493,273.01495,271.11493,270.61493,268.21494,267.41495,270.81494,270.61493,267.51495,270.61493,272.31494,272.01495,272.11493,271.61493,262.61493,270.51495,260.81494,270.21494,268.31494,258.31494,256.71494,255.61494,253.51494,253.81494,252.91495,251.01494,250.91495,259.21494,253.91495,253.11494,252.71494,252.21494,252.31494,246.51494,247.71494,246.91495
276.31494,275.91495,275.81494,275.21494,273.81494,271.51495,270.11493,269.01495,268.21494,267.61493,270.61493,271.01495,271.61493,271.71494,272.31494,271.81494,269.21494,269.71494,269.01495,263.21494,266.61493,269.61493,267.91495,270.31494,270.11493,269.11493,254.51494,254.01494,253.21494,253.21494,256.01495,260.91495,260.81494,253.51494,248.71494,248.41495,255.51494,255.51494,253.41495,254.81494,249.71494
275.01495,274.21494,272.11493,271.01495,270.61493,269.71494,269.21494,268.21494,266.71494,266.61493,270.41495,271.01495,271.81494,271.71494,272.01495,272.01495,271.91495,270.81494,263.91495,260.51495,258.81494,257.21494,255.41495,254.61494,255.11494,257.11493,267.11493,258.41495,260.41495,261.91495,260.81494,259.91495,259.11493,258.81494,259.41495,256.91495,260.01495,257.31494,255.01494,258.71494,253.71494
268.41495,269.61493,270.11493,269.91495,268.71494,268.31494,266.51495,266.71494,263.71494,266.11493,263.91495,270.41495,271.31494,270.91495,271.71494,272.01495,271.31494,262.81494,271.21494,270.41495,257.31494,255.31494,253.41495,251.91495,253.51494,256.31494,258.51495,261.21494,261.21494,259.21494,258.81494,258.21494,260.71494,260.21494,261.21494,261.11493,261.71494,263.51495,263.51495,263.41495,261.51495
270.01495,266.31494,267.01495,265.41495,267.71494,268.31494,265.01495,264.41495,271.61493,271.91495,271.91495,269.31494,271.11493,270.71494,269.11493,271.81494,270.31494,262.01495,258.61493,259.01495,258.51495,257.61493,257.61493,256.71494,258.91495,258.61493,260.71494,258.91495,258.71494,259.21494,258.61493,259.21494,261.01495,263.81494,264.31494,263.91495,263.31494,263.31494,262.41495,261.91495,262.41495
267.51495,265.71494,266.11493,268.41495,264.31494,265.11493,265.51495,271.71494,272.61493,272.01495,272.41495,270.51495,265.01495,271.11493,271.61493,271.51495,271.01495,263.71494,262.01495,261.31494,260.51495,260.81494,260.61493,259.81494,259.11493,257.41495,256.11493,258.71494,258.91495,259.41495,259.41495,260.31494,262.01495,264.21494,265.21494,264.71494,264.61493,264.41495,263.11493,261.41495,262.41495
268.11493,268.61493,263.61493,266.31494,268.41495,266.41495,267.71494,272.41495,273.21494,273.11493,272.51495,272.51495,268.41495,267.91495,268.11493,268.01495,265.01495,263.91495,261.41495,261.71494,259.61493,267.91495,259.41495,258.31494,259.31494,259.31494,260.41495,260.61493,261.71494,259.81494,260.11493,261.01495,263.21494,264.41495,266.01495,265.81494,265.91495,264.41495,264.51495,263.81494,262.91495
