wind_kz.json
{"header": {"discipline":0,"disciplineName":"Meteorological products","gribEdition":2,"gribLength":871,"center":7,"centerName":"US National Weather Service - NCEP(WMC)","subcenter":0,"refTime":"2023-09-27T18:00:00.000Z","significanceOfRT":1,"significanceOfRTName":"Start of forecast","productStatus":0,"productStatusName":"Operational products","productType":1,"productTypeName":"Forecast products","productDefinitionTemplate":0,"productDefinitionTemplateName":"Analysis/forecast at horizontal level/layer at a point in time","parameterCategory":0,"parameterCategoryName":"UnknownDiscipline_0_Category_0","parameterNumber":0,"parameterNumberName":"UnknownParameter_D0_C0_0","parameterUnit":"Unknown","genProcessType":2,"genProcessTypeName":"Forecast","forecastTime":120,"surface1Type":1,"surface1TypeName":"Ground or water surface","surface1Value":0.0,"surface2Type":255,"surface2TypeName":"Missing","surface2Value":0.0,"gridDefinitionTemplate":0,"gridDefinitionTemplateName":"Latitude_Longitude","numberPoints":615,"shape":6,"shapeName":"Earth spherical with radius of 6,371,229.0 m","gridUnits":"degrees","resolution":48,"winds":"true","scanMode":64,"nx":41,"ny":15,"basicAngle":0,"lo1":47.0,"la1":41.0,"lo2":87.0,"la2":55.0,"dx":1.0,"dy":1.0}, "data":
[rows 0 to 14 of 15, columns 0 to 40 of 41]
290.53168,281.8317,286.4317,294.2317,294.13168,292.9317,294.8317,296.63168,293.03168,293.13168,291.7317,291.7317,290.8317,290.63168,290.53168,287.53168,287.53168,288.63168,286.8317,288.53168,289.9317,286.8317,285.63168,281.03168,286.2317,288.4317,284.63168,274.3317,272.2317,273.9317,274.3317,274.3317,283.2317,288.8317,290.63168,291.2317,291.63168,290.8317,290.3317,289.53168,289.2317
275.03168,285.9317,293.9317,294.13168,293.8317,292.13168,294.8317,294.8317,292.2317,291.3317,291.4317,289.9317,289.8317,287.8317,284.63168,286.4317,285.13168,284.13168,284.03168,285.03168,284.9317,287.3317,285.3317,279.03168,271.4317,274.13168,279.3317,277.53168,279.63168,274.13168,277.3317,269.63168,275.2317,253.13168,271.8317,286.63168,285.53168,288.2317,291.3317,283.3317,283.63168
291.3317,293.4317,293.8317,293.4317,291.3317,293.3317,293.2317,292.3317,290.3317,289.63168,287.9317,288.7317,287.63168,288.3317,290.03168,287.2317,285.7317,285.63168,286.2317,286.13168,289.9317,284.7317,284.63168,281.13168,284.2317,284.4317,285.63168,285.3317,285.3317,279.7317,272.63168,274.63168,280.63168,281.2317,281.3317,280.8317,272.63168,276.13168,276.7317,271.7317,271.53168
292.03168,292.9317,293.53168,292.4317,291.13168,291.03168,292.9317,290.53168,290.3317,289.13168,288.2317,287.13168,290.63168,289.9317,288.8317,288.8317,289.53168,286.8317,287.2317,286.53168,286.7317,280.8317,288.2317,288.4317,288.9317,289.63168,289.13168,287.2317,286.3317,288.53168,290.2317,286.9317,290.3317,289.2317,286.4317,285.4317,275.8317,269.13168,275.53168,283.13168,286.2317
291.2317,291.9317,292.7317,291.63168,291.2317,291.53168,292.9317,292.3317,291.2317,290.03168,289.03168,286.9317,289.53168,288.3317,286.9317,289.4317,289.53168,288.4317,286.13168,289.03168,288.9317,289.03168,287.3317,287.13168,288.03168,288.3317,286.2317,286.7317,285.7317,287.9317,289.9317,287.7317,278.7317,270.03168,277.8317,285.8317,288.8317,290.03168,290.53168,290.13168,289.4317
291.63168,288.2317,290.8317,291.8317,291.7317,291.13168,291.2317,292.63168,291.03168,290.3317,290.13168,289.13168,289.03168,289.2317,288.13168,288.2317,290.2317,288.53168,289.03168,289.2317,288.3317,288.53168,287.7317,287.4317,286.8317,285.03168,284.53168,288.13168,287.03168,287.13168,286.03168,287.7317,287.13168,285.7317,283.4317,287.03168,279.63168,281.03168,286.7317,288.53168,287.7317
288.53168,290.8317,292.53168,291.63168,289.8317,288.8317,291.9317,291.4317,291.53168,291.13168,289.3317,288.53168,289.13168,288.53168,287.3317,288.9317,288.2317,288.8317,288.03168,287.2317,289.53168,290.3317,288.2317,288.63168,285.8317,286.53168,283.4317,284.63168,284.3317,284.7317,284.03168,284.53168,284.4317,286.7317,286.2317,285.9317,281.03168,277.63168,275.4317,273.2317,283.63168
289.63168,287.8317,290.8317,292.7317,292.53168,291.9317,290.63168,289.8317,288.8317,289.9317,288.63168,287.63168,287.9317,287.4317,287.8317,288.4317,291.4317,288.13168,287.7317,284.8317,285.13168,287.9317,285.4317,285.2317,284.53168,282.13168,282.4317,281.8317,281.7317,282.8317,281.7317,281.3317,280.2317,279.03168,280.63168,280.8317,282.3317,286.13168,282.8317,282.4317,280.3317
289.8317,289.7317,289.2317,288.63168,289.2317,290.53168,288.3317,287.9317,287.53168,286.9317,289.4317,285.63168,285.03168,286.53168,285.3317,286.03168,290.7317,286.8317,285.9317,284.63168,283.13168,286.53168,285.03168,284.63168,282.03168,284.4317,283.8317,279.7317,278.8317,277.3317,277.8317,277.4317,278.13168,279.53168,279.3317,278.4317,279.4317,280.03168,268.03168,269.13168,266.8317
289.4317,290.4317,288.9317,288.2317,289.13168,288.7317,287.63168,285.2317,285.63168,285.53168,285.03168,284.9317,285.9317,286.2317,285.03168,285.3317,288.63168,285.03168,284.8317,284.4317,283.63168,285.63168,287.03168,284.53168,285.9317,283.03168,281.63168,280.63168,279.4317,278.4317,277.03168,279.3317,280.7317,280.53168,280.63168,280.03168,278.03168,275.13168,271.8317,270.7317,268.13168
289.63168,288.3317,288.53168,287.8317,288.13168,287.7317,287.03168,285.63168,284.8317,284.03168,284.13168,284.8317,286.2317,285.4317,284.4317,284.8317,284.3317,283.63168,284.2317,283.3317,283.4317,282.63168,286.3317,286.2317,284.8317,282.63168,282.9317,281.7317,280.13168,280.63168,279.7317,280.2317,280.13168,280.3317,279.9317,278.3317,276.03168,273.63168,273.4317,273.2317,271.4317
287.3317,287.63168,288.53168,288.9317,286.7317,286.8317,284.9317,284.13168,283.63168,283.2317,282.4317,283.2317,284.4317,283.63168,284.2317,284.63168,284.13168,284.4317,283.13168,282.8317,282.03168,280.53168,281.9317,284.13168,283.2317,282.4317,281.63168,281.3317,280.8317,279.8317,278.03168,278.2317,278.53168,277.2317,277.7317,277.3317,277.53168,276.9317,276.9317,276.63168,276.2317
283.3317,286.2317,286.53168,287.4317,289.63168,288.3317,285.4317,285.03168,283.4317,282.8317,282.03168,280.2317,283.13168,282.53168,283.53168,283.9317,284.03168,283.4317,283.13168,281.9317,281.7317,280.3317,279.3317,282.63168,282.13168,281.8317,282.03168,280.9317,279.9317,278.03168,278.2317,277.7317,277.3317,276.63168,276.13168,276.3317,275.53168,276.7317,275.2317,274.2317,274.4317
283.53168,284.8317,285.53168,286.03168,286.3317,287.3317,287.2317,285.53168,284.53168,283.13168,283.7317,280.53168,281.2317,283.13168,283.7317,284.13168,283.9317,283.13168,282.9317,282.7317,282.03168,281.63168,281.7317,281.9317,281.8317,281.9317,281.3317,280.9317,279.53168,278.9317,277.8317,276.4317,275.63168,274.4317,274.4317,273.4317,273.7317,273.3317,273.13168,272.13168,271.4317
280.7317,283.4317,285.63168,285.03168,284.53168,284.9317,285.8317,286.3317,286.53168,287.2317,286.2317,285.13168,282.3317,282.3317,284.13168,284.4317,284.4317,283.7317,283.53168,282.8317,282.63168,281.7317,281.3317,281.3317,280.9317,280.9317,280.7317,280.2317,279.7317,278.7317,278.8317,279.63168,275.03168,273.9317,273.63168,273.53168,272.8317,272.03168,272.3317,272.13168,271.9317
