wind_kz.json
{"header": {"discipline":0,"disciplineName":"Meteorological products","gribEdition":2,"gribLength":1025,"center":7,"centerName":"US National Weather Service - NCEP(WMC)","subcenter":0,"refTime":"2024-04-07T12:00:00.000Z","significanceOfRT":1,"significanceOfRTName":"Start of forecast","productStatus":0,"productStatusName":"Operational products","productType":1,"productTypeName":"Forecast products","productDefinitionTemplate":0,"productDefinitionTemplateName":"Analysis/forecast at horizontal level/layer at a point in time","parameterCategory":2,"parameterCategoryName":"UnknownDiscipline_0_Category_2","parameterNumber":3,"parameterNumberName":"UnknownParameter_D0_C2_3","parameterUnit":"Unknown","genProcessType":2,"genProcessTypeName":"Forecast","forecastTime":180,"surface1Type":103,"surface1TypeName":"Specified height level above ground","surface1Value":10.0,"surface2Type":255,"surface2TypeName":"Missing","surface2Value":0.0,"gridDefinitionTemplate":0,"gridDefinitionTemplateName":"Latitude_Longitude","numberPoints":615,"shape":6,"shapeName":"Earth spherical with radius of 6,371,229.0 m","gridUnits":"degrees","resolution":48,"winds":"true","scanMode":64,"nx":41,"ny":15,"basicAngle":0,"lo1":47.0,"la1":41.0,"lo2":87.0,"la2":55.0,"dx":1.0,"dy":1.0}, "data":
[rows 0 to 14 of 15, columns 0 to 40 of 41]
-0.045803223,-1.7558032,1.2841967,4.764197,3.0841968,0.4741968,-0.37580323,-1.3558033,-0.7158032,-3.3658032,-1.3958032,-0.44580323,-0.6958032,-1.7058033,-2.1558032,-3.6158032,-4.525803,-3.5658033,-3.3358033,-3.255803,-2.6658032,-3.1958032,-2.7658033,0.06419678,-1.5358032,0.0041967775,-0.9458032,0.37419677,0.4141968,1.7341968,-1.7258033,-2.8658032,1.5041968,-0.41580322,0.8641968,1.2041968,1.5041968,2.0141969,0.46419677,-0.20580322,1.1841968
2.244197,1.4541968,3.0941968,3.5641968,3.2241967,2.0141969,-1.0458032,-1.5858033,-2.4858031,-2.2258031,-2.6358032,-0.23580322,0.22419678,-0.11580322,0.4441968,-1.5058032,-2.1558032,-2.3558033,-3.6758032,-3.3158033,-3.5658033,-3.8058033,-1.9858032,-0.06580322,-1.8458033,-1.6558032,-1.7758032,0.05419678,-0.7058032,0.70419675,3.2241967,2.9341967,-0.92580324,-0.26580322,-4.275803,-0.7658032,-1.5358032,-3.7658033,-0.13580322,-1.6358032,0.75419676
-0.085803226,2.9541967,3.7041967,3.7041967,3.0341969,0.31419677,-0.9558032,-2.2158031,-1.9958032,-3.1658032,-1.6058033,-2.9758031,-1.3658032,0.51419675,2.6941967,1.0541968,-0.32580322,-1.6358032,-2.1858032,-2.9758031,-3.9158032,-2.0958033,-2.5558033,-1.0758033,-1.1058033,0.33419678,-0.3358032,-1.0958033,-0.8458032,-0.61580324,1.2441968,-0.99580324,0.8041968,0.6541968,-0.55580324,1.3741968,3.1541967,-1.1358032,0.51419675,-1.8058032,-1.8758032
-0.6958032,2.6141968,3.1741967,1.7341968,1.3641968,0.42419678,0.5541968,-0.54580325,-1.4458032,-2.9258032,-2.995803,-2.3358033,-2.3758032,0.9741968,2.9841967,2.3541968,0.8341968,-0.8958032,-2.1458032,-3.4858031,-3.1658032,-1.4458032,-1.0058032,-0.5158032,-0.43580323,-2.005803,-2.0758033,-0.24580322,-1.3658032,-0.03580322,-1.3958032,-3.245803,-1.2458032,0.9141968,0.3241968,-0.55580324,-0.22580323,0.5841968,0.89419675,0.20419678,0.94419676
-1.2058033,1.6441967,1.6341968,3.5541968,1.9141967,1.3741968,0.6641968,1.0541968,-0.8958032,-1.3258033,-1.5258032,-1.0758033,-1.4358032,-1.8458033,2.6841967,0.7341968,0.7141968,-1.3258033,-1.1158032,-1.2458032,0.084196776,0.57419676,-0.9458032,-1.6558032,-0.6658032,-0.8958032,-1.5558032,-1.6058033,-2.4758031,-2.8358033,-0.6358032,1.1241968,1.6441967,2.744197,-0.32580322,-0.07580322,0.34419677,0.42419678,1.5241967,1.2741967,0.3241968
-0.99580324,-1.4558033,0.7141968,0.7841968,2.3341968,2.3941967,1.8441968,1.4241967,0.7941968,-0.62580323,-1.7658032,-1.3258033,-2.6558032,0.14419678,0.70419675,1.1741967,2.6441967,0.8641968,-0.3058032,-0.18580322,2.8341968,2.1341968,0.7841968,-0.67580324,-1.1758032,-0.85580325,-1.0658032,-1.2158033,-2.4158032,-2.5258033,-2.1758032,-1.5158032,1.8241968,-0.48580322,0.56419677,-1.4658033,1.8541968,0.26419678,-1.0958033,0.21419677,-0.3658032
-1.8258033,-2.0558033,-1.8658032,-0.07580322,0.7841968,0.5441968,0.95419675,2.3041968,1.1941968,0.4141968,-0.5258032,-0.015803223,-1.1158032,-2.3558033,-0.7058032,1.8941967,2.4641967,2.4641967,1.6741967,-0.025803223,-1.0558032,-1.3858032,0.34419677,0.75419676,-0.3058032,-0.87580323,-0.24580322,-1.4358032,-1.2158033,-0.6558032,-0.5758032,-1.1658032,0.024196777,1.8241968,0.23419678,-1.5158032,-2.6158032,0.64419675,-0.7758032,-0.21580322,-1.0358032
-0.19580323,-1.1258032,-1.0858033,-0.86580324,-0.7158032,-0.6558032,-0.8858032,0.16419677,1.8241968,1.7141968,2.6841967,2.0541968,-0.025803223,0.24419677,-0.80580324,1.4841968,4.2741966,3.4441967,3.3941967,3.1341968,1.8941967,0.48419678,-0.5158032,-1.1358032,-0.25580323,1.0341967,1.9241967,0.11419678,-0.5258032,-1.8058032,1.3341968,1.8441968,0.33419678,1.8141968,1.2841967,-0.03580322,-1.0058032,-0.3358032,-0.6558032,-0.06580322,-1.4858032
0.56419677,-0.15580322,-0.17580323,-0.5958032,-0.45580322,-0.44580323,-0.3358032,-0.44580323,-0.18580322,1.3741968,1.6741967,1.7841967,1.7141968,0.24419677,1.2141968,2.7841969,3.4441967,2.8241968,3.7341967,3.2241967,2.4741967,1.5241967,0.75419676,-0.06580322,-0.07580322,-0.7258032,1.0041968,1.3741968,1.6841968,1.0441967,1.1341968,1.8541968,3.7641969,3.0541968,3.4641967,2.7641969,-0.34580323,-0.15580322,1.9341968,0.8641968,-0.49580324
2.0641968,1.6641967,1.0141968,0.21419677,1.1341968,0.39419678,0.11419678,-0.6958032,0.46419677,1.6541967,1.6741967,0.9741968,1.4641968,0.9941968,0.6041968,0.14419678,2.9741967,3.7841969,3.1741967,3.1441967,3.2941968,3.0941968,2.754197,2.2341967,2.1741967,1.1041968,1.8041968,1.8141968,1.3541968,2.8041968,1.5341967,1.4141967,2.2241967,2.0141969,4.1741967,2.3241968,1.3341968,-1.8158032,1.8141968,3.6241968,3.6841967
2.5441968,2.3341968,2.1541967,1.0941968,1.7041968,1.6441967,1.1441967,0.19419678,0.56419677,2.4541967,2.6441967,-1.9558033,-1.4058032,0.64419675,1.7941967,0.5441968,-2.9658031,-2.9158032,2.0441968,2.8041968,3.3341968,1.4641968,1.1541967,1.2641968,1.6441967,1.7841967,1.2741967,1.6541967,1.9241967,2.1441967,2.0841968,2.3541968,1.5741968,0.26419678,4.3841968,3.6141968,2.0141969,3.2841969,3.0841968,1.7041968,-0.015803223
3.2941968,3.4641967,3.1041968,2.7941968,2.5241969,2.1141968,1.4341968,1.2741967,1.1441967,0.5541968,1.1241968,1.2241968,1.4341968,-1.1258032,-1.1158032,-2.7958033,-0.8958032,-2.1458032,-0.98580325,0.3541968,-0.055803224,-0.5758032,-0.93580323,-0.5158032,0.11419678,-0.025803223,0.9041968,1.5641968,0.8341968,1.2341968,1.7841967,2.8341968,1.9841968,2.0441968,2.2041967,5.374197,5.7141967,4.6041965,3.4341967,3.2641969,1.8341968
3.0541968,4.2941966,3.5641968,2.504197,2.6041968,1.9041967,1.6141968,3.0841968,2.8641968,1.4441968,1.3741968,1.2841967,1.6841968,1.3741968,-0.15580322,1.6641967,-0.38580322,-1.2858032,-1.7558032,-1.2558032,-1.3758032,-0.5758032,-1.3358033,-0.5358032,-0.92580324,-0.85580325,-0.61580324,0.34419677,0.7141968,0.46419677,1.6141968,2.9641967,2.5341969,2.2141967,2.254197,3.2741969,4.5641966,3.7341967,5.2741966,3.9341967,1.9041967
1.7441968,1.6341968,0.5241968,3.244197,1.6341968,2.6641967,2.2941968,2.9041967,2.0941968,2.0741968,0.9741968,0.3841968,1.0841968,0.9941968,0.25419676,0.11419678,0.07419678,-0.7758032,-0.86580324,-0.5158032,0.10419678,0.7341968,-0.55580324,-1.9158032,-2.1158032,-1.5158032,-1.5558032,-1.3758032,0.14419678,1.3341968,1.2741967,2.0341969,1.6641967,1.6141968,1.3541968,2.5441968,3.504197,4.0041966,3.0741968,4.0441966,2.7941968
1.3741968,2.0541968,2.5641968,3.504197,3.0141969,2.7241967,2.6141968,2.3341968,1.9341968,1.1241968,-0.085803226,0.93419677,0.9141968,-0.11580322,-2.1258032,-2.1358032,-0.80580324,-1.1358032,0.4141968,0.37419677,-1.4758033,0.6141968,-0.5958032,-3.3658032,-3.2758033,-2.9558032,-1.4358032,-0.4258032,0.16419677,1.0941968,2.8441968,2.4541967,1.8941967,1.5441967,0.75419676,1.4441968,2.504197,4.874197,4.2741966,4.2941966,2.6641967
