wind_kz.json
{"header": {"discipline":0,"disciplineName":"Meteorological products","gribEdition":2,"gribLength":948,"center":7,"centerName":"US National Weather Service - NCEP(WMC)","subcenter":0,"refTime":"2023-08-17T18:00:00.000Z","significanceOfRT":1,"significanceOfRTName":"Start of forecast","productStatus":0,"productStatusName":"Operational products","productType":1,"productTypeName":"Forecast products","productDefinitionTemplate":0,"productDefinitionTemplateName":"Analysis/forecast at horizontal level/layer at a point in time","parameterCategory":0,"parameterCategoryName":"UnknownDiscipline_0_Category_0","parameterNumber":0,"parameterNumberName":"UnknownParameter_D0_C0_0","parameterUnit":"Unknown","genProcessType":2,"genProcessTypeName":"Forecast","forecastTime":300,"surface1Type":1,"surface1TypeName":"Ground or water surface","surface1Value":0.0,"surface2Type":255,"surface2TypeName":"Missing","surface2Value":0.0,"gridDefinitionTemplate":0,"gridDefinitionTemplateName":"Latitude_Longitude","numberPoints":615,"shape":6,"shapeName":"Earth spherical with radius of 6,371,229.0 m","gridUnits":"degrees","resolution":48,"winds":"true","scanMode":64,"nx":41,"ny":15,"basicAngle":0,"lo1":47.0,"la1":41.0,"lo2":87.0,"la2":55.0,"dx":1.0,"dy":1.0}, "data":
[rows 0 to 14 of 15, columns 0 to 40 of 41]
312.3912,299.09122,305.59122,298.8912,298.2912,297.19122,309.3912,315.09122,311.3912,312.09122,311.3912,311.3912,310.7912,310.9912,310.09122,312.9912,312.9912,311.8912,314.69122,314.09122,319.69122,312.09122,310.7912,313.19122,315.2912,313.8912,312.2912,306.2912,306.4912,300.2912,299.09122,297.2912,313.09122,325.69122,327.59122,327.9912,330.3912,328.7912,327.8912,330.8912,332.19122
290.9912,305.69122,298.2912,298.59122,298.4912,296.9912,315.8912,311.4912,309.8912,309.69122,311.19122,310.4912,310.9912,309.19122,310.59122,312.2912,315.2912,314.7912,313.9912,315.3912,316.69122,312.9912,311.19122,307.4912,303.19122,299.8912,310.69122,303.09122,305.9912,294.3912,303.4912,295.2912,305.3912,273.09122,301.09122,318.09122,319.9912,322.09122,324.69122,316.09122,286.19122
308.3912,298.4912,298.8912,298.4912,296.19122,310.2912,309.59122,310.2912,308.9912,309.09122,309.19122,311.4912,310.7912,312.59122,312.19122,313.3912,312.09122,312.8912,313.7912,314.7912,315.09122,313.19122,313.8912,311.7912,311.7912,312.59122,312.19122,309.7912,308.4912,302.8912,297.3912,298.2912,303.59122,313.7912,306.59122,304.7912,300.19122,300.7912,306.9912,300.3912,299.19122
308.59122,298.9912,298.59122,297.4912,299.8912,310.2912,310.2912,311.19122,311.9912,311.4912,311.69122,310.2912,295.3912,294.59122,311.9912,312.8912,309.2912,313.3912,316.2912,315.7912,311.19122,311.09122,311.09122,312.2912,314.3912,314.19122,314.59122,311.8912,312.8912,313.3912,313.09122,312.3912,315.8912,317.7912,314.3912,308.3912,300.2912,297.8912,303.3912,315.19122,320.19122
309.69122,298.9912,298.69122,297.9912,303.4912,309.3912,312.09122,314.2912,311.3912,311.2912,312.19122,309.4912,295.19122,293.8912,291.59122,310.09122,311.2912,308.9912,309.4912,310.69122,311.69122,312.09122,312.19122,310.8912,311.7912,312.59122,312.4912,307.19122,311.9912,311.9912,313.2912,310.09122,300.09122,295.3912,308.09122,318.2912,307.9912,325.3912,324.3912,323.4912,320.69122
308.7912,306.2912,297.4912,297.69122,297.8912,297.59122,311.4912,310.4912,310.19122,311.19122,311.19122,308.7912,296.4912,294.4912,300.4912,306.19122,308.3912,309.4912,309.19122,309.2912,308.4912,307.7912,307.9912,308.4912,310.09122,308.2912,309.8912,293.2912,308.09122,307.7912,310.19122,309.19122,310.4912,309.4912,306.3912,307.4912,303.4912,304.8912,317.2912,321.3912,317.2912
305.3912,306.4912,307.09122,305.69122,303.19122,307.7912,311.59122,310.2912,308.3912,305.69122,307.9912,306.4912,305.9912,306.19122,306.09122,304.59122,306.2912,305.69122,306.59122,304.8912,303.7912,304.3912,304.09122,304.2912,303.3912,304.2912,305.69122,307.09122,307.69122,308.7912,304.19122,307.2912,309.8912,308.69122,307.7912,306.59122,302.7912,305.9912,304.9912,301.3912,307.69122
305.09122,305.8912,304.4912,303.59122,303.7912,307.09122,310.09122,305.8912,304.4912,304.09122,303.59122,302.4912,303.8912,302.59122,304.59122,305.09122,305.9912,304.7912,304.3912,302.09122,301.59122,302.09122,302.19122,301.3912,299.09122,298.3912,299.09122,301.3912,299.09122,299.69122,293.4912,297.3912,300.9912,302.7912,302.19122,307.4912,313.2912,289.59122,314.19122,318.3912,312.8912
301.69122,301.4912,301.7912,302.3912,302.09122,301.4912,302.19122,302.19122,299.9912,299.69122,299.4912,299.69122,300.09122,302.3912,301.3912,303.19122,302.69122,299.2912,290.3912,291.19122,287.09122,292.9912,291.09122,292.3912,297.09122,294.4912,288.3912,289.9912,291.3912,287.9912,289.59122,290.4912,293.4912,295.7912,302.9912,300.7912,296.69122,300.09122,296.09122,293.69122,297.59122
296.9912,298.7912,300.19122,300.19122,300.4912,301.59122,299.9912,299.09122,297.69122,297.2912,296.3912,296.09122,298.19122,298.09122,298.09122,299.2912,296.09122,291.3912,290.7912,292.8912,285.7912,285.9912,286.4912,285.59122,284.9912,285.2912,286.59122,285.9912,288.2912,295.19122,293.8912,295.9912,296.9912,294.09122,294.7912,299.19122,295.3912,290.59122,293.59122,295.09122,285.3912
297.2912,298.09122,298.7912,298.69122,300.8912,300.19122,301.2912,297.59122,297.19122,292.69122,288.9912,295.19122,292.4912,293.9912,289.19122,291.19122,288.59122,288.8912,288.19122,288.59122,286.8912,286.4912,285.3912,285.19122,284.59122,284.4912,282.59122,284.59122,285.7912,289.09122,292.19122,299.8912,300.3912,296.7912,292.4912,291.4912,287.7912,290.2912,295.2912,294.69122,292.2912
294.9912,298.09122,297.8912,300.2912,300.3912,298.2912,296.2912,295.9912,296.7912,295.9912,287.69122,287.09122,289.7912,294.2912,286.2912,287.9912,289.19122,288.59122,287.8912,287.19122,284.4912,286.7912,285.7912,285.09122,284.59122,285.3912,284.8912,285.59122,286.2912,286.2912,285.9912,290.7912,291.7912,295.2912,295.69122,294.2912,292.59122,291.7912,293.3912,291.69122,294.8912
287.3912,289.7912,297.7912,297.2912,295.9912,294.4912,294.59122,296.7912,298.59122,290.09122,285.09122,287.2912,289.09122,291.59122,288.69122,286.19122,286.2912,288.69122,291.8912,286.09122,285.9912,285.8912,282.9912,282.7912,284.09122,285.09122,286.4912,286.8912,286.3912,285.59122,285.19122,284.9912,286.59122,289.9912,293.9912,293.59122,292.9912,292.3912,291.4912,291.7912,292.59122
287.7912,296.4912,292.69122,295.3912,293.2912,294.69122,290.19122,293.09122,291.59122,288.19122,284.69122,285.09122,290.7912,289.4912,287.9912,289.4912,290.19122,290.2912,290.3912,289.09122,288.3912,289.9912,283.4912,283.59122,284.2912,285.2912,286.09122,291.69122,287.9912,286.19122,285.4912,285.19122,285.8912,285.7912,287.69122,288.69122,292.09122,292.4912,292.19122,291.4912,292.59122
291.09122,296.8912,290.7912,297.09122,296.09122,289.09122,293.3912,292.7912,288.19122,291.9912,287.59122,289.4912,285.4912,287.7912,288.8912,290.59122,289.69122,289.69122,291.09122,287.8912,285.09122,287.09122,283.2912,284.19122,283.09122,283.2912,283.8912,288.59122,285.09122,289.3912,286.59122,285.4912,285.59122,286.19122,285.7912,287.59122,287.7912,290.9912,293.8912,293.19122,293.19122
