wind_kz.json
[{"header":{"discipline":0,"disciplineName":"Meteorological products","gribEdition":2,"gribLength":871,"center":7,"centerName":"US National Weather Service - NCEP(WMC)","subcenter":0,"refTime":"2025-04-05T00:00:00.000Z","significanceOfRT":1,"significanceOfRTName":"Start of forecast","productStatus":0,"productStatusName":"Operational products","productType":1,"productTypeName":"Forecast products","productDefinitionTemplate":0,"productDefinitionTemplateName":"Analysis/forecast at horizontal level/layer at a point in time","parameterCategory":0,"parameterCategoryName":"UnknownDiscipline_0_Category_0","parameterNumber":0,"parameterNumberName":"UnknownParameter_D0_C0_0","parameterUnit":"Unknown","genProcessType":2,"genProcessTypeName":"Forecast","forecastTime":120,"surface1Type":1,"surface1TypeName":"Ground or water surface","surface1Value":0.0,"surface2Type":255,"surface2TypeName":"Missing","surface2Value":0.0,"gridDefinitionTemplate":0,"gridDefinitionTemplateName":"Latitude_Longitude","numberPoints":615,"shape":6,"shapeName":"Earth spherical with radius of 6,371,229.0 m","gridUnits":"degrees","resolution":48,"winds":"true","scanMode":64,"nx":41,"ny":15,"basicAngle":0,"lo1":47.0,"la1":41.0,"lo2":87.0,"la2":55.0,"dx":1.0,"dy":1.0},"data":[281.8,281.6,278.3,282.4,283.1,283.7,285.5,291.3,292.7,292.7,293.0,294.0,292.2,291.6,291.5,290.2,290.5,288.3,290.6,289.6,290.8,288.3,287.5,283.5,286.0,287.2,282.0,270.9,269.0,267.0,267.2,268.2,276.7,282.4,285.3,288.0,288.5,287.9,288.0,287.7,288.5,272.6,274.6,281.9,282.0,282.6,282.9,287.4,289.6,292.1,291.4,291.8,291.8,291.6,290.5,290.5,290.5,290.3,290.4,289.4,289.8,289.7,287.4,284.3,279.8,263.7,271.3,277.1,271.2,272.8,265.2,272.0,257.3,270.2,247.8,259.9,282.3,281.5,284.5,287.6,280.9,280.7,276.4,280.6,281.6,282.0,282.0,283.8,283.9,287.3,289.2,289.5,290.3,291.5,291.5,290.7,289.6,290.5,289.7,289.1,289.2,290.0,290.1,288.7,287.7,280.3,281.6,281.5,281.7,282.2,281.0,273.9,262.2,269.1,277.2,274.9,276.5,276.5,270.9,267.7,269.6,269.7,267.2,278.4,281.1,280.3,281.6,282.7,284.9,286.7,286.4,289.0,288.7,289.1,290.1,285.3,286.2,289.5,289.5,288.4,289.5,290.6,289.4,288.5,281.8,284.9,284.4,284.8,284.3,284.2,283.1,279.6,279.1,278.3,277.9,282.0,282.9,281.6,276.9,268.4,258.4,275.8,281.9,283.1,279.1,281.5,281.1,281.8,281.5,284.2,286.3,286.9,287.7,287.9,289.6,289.4,284.3,283.6,281.1,287.6,287.8,287.9,288.6,287.2,287.3,286.7,285.5,284.4,284.2,283.7,281.2,278.6,282.8,282.0,282.1,278.4,271.0,252.7,272.7,283.1,281.8,283.5,283.7,283.6,283.5,279.1,279.8,281.8,281.4,280.5,280.0,283.5,287.0,286.8,287.2,287.6,286.8,282.3,282.5,281.2,288.5,289.4,287.5,287.7,287.1,285.6,284.7,283.8,282.9,282.3,280.9,280.4,273.0,281.3,281.1,280.7,281.0,279.7,278.2,277.9,278.1,272.8,275.6,279.9,282.5,281.8,277.7,278.6,282.8,283.1,281.3,283.8,284.2,284.7,284.8,284.8,285.4,286.6,285.8,284.9,286.8,289.4,290.1,287.6,286.4,285.0,283.4,283.1,282.9,282.2,280.6,280.2,279.2,280.3,280.3,280.3,279.4,280.2,280.2,280.1,277.7,277.5,274.4,275.9,272.4,271.9,278.2,277.5,277.3,281.8,282.7,281.8,282.2,283.7,283.6,283.4,284.2,284.9,286.0,286.1,286.8,288.9,289.1,288.2,287.0,285.7,283.0,280.3,280.9,281.7,281.3,279.1,276.2,276.9,277.6,276.0,276.8,276.2,276.0,275.8,274.9,274.7,276.0,278.3,273.1,278.1,279.1,278.7,278.1,276.8,279.4,281.0,280.1,281.3,281.3,282.7,283.9,283.4,283.5,284.3,285.2,288.6,288.1,288.9,287.7,286.2,285.3,283.3,280.5,278.6,280.0,279.5,278.9,277.5,275.7,275.7,274.8,272.5,274.1,273.6,274.7,275.6,275.0,277.6,274.6,277.7,269.1,271.1,266.2,278.2,278.3,278.8,279.6,280.4,281.0,281.8,281.2,282.3,283.2,283.3,283.6,285.3,287.9,288.5,288.5,287.8,287.1,284.6,282.9,281.2,280.8,280.8,280.4,280.2,278.5,279.9,278.3,277.3,277.0,276.0,276.4,276.5,276.0,275.3,274.7,276.3,271.4,269.9,271.5,269.5,277.9,277.9,277.9,278.2,279.0,278.8,280.9,282.5,281.3,283.1,283.3,285.5,286.8,286.3,286.7,286.9,285.7,285.4,285.2,282.2,282.5,280.8,279.3,279.5,279.2,279.7,277.3,279.1,278.6,279.9,278.7,278.6,276.3,276.7,276.2,274.8,275.4,271.5,274.2,274.2,272.3,276.1,277.0,277.5,277.8,277.4,277.7,278.6,280.3,281.5,283.1,284.5,284.7,284.8,286.0,286.1,285.6,285.9,285.3,284.9,283.7,281.1,279.9,279.0,278.7,277.7,278.8,279.0,279.4,279.1,279.0,278.4,277.4,276.7,275.2,275.6,275.6,275.1,275.9,274.7,275.9,276.4,272.0,274.2,276.1,277.1,276.9,276.2,275.7,278.0,279.2,279.7,281.6,282.7,285.1,285.0,286.2,285.7,285.4,285.6,283.7,282.7,282.4,280.5,280.3,279.1,278.5,278.3,278.5,277.9,277.2,277.4,276.9,276.5,275.5,275.9,274.1,272.6,272.7,273.9,272.7,272.7,272.9,271.4,272.6,272.7,274.8,274.6,274.4,273.7,274.4,278.0,278.9,278.4,280.3,282.9,285.1,285.5,286.3,286.0,285.5,284.6,282.7,282.1,281.8,281.0,280.1,279.3,278.3,276.8,276.2,275.6,275.1,274.4,273.8,273.6,272.5,272.1,272.3,272.2,272.4,272.4,271.2,272.1,271.6,272.8,270.8,273.6,273.8,274.3,274.7,273.7,274.8,276.1,278.0,278.5,279.1,282.8,284.1,284.6,284.3,284.7,284.4,282.8,281.4,280.8,279.9,278.3,278.0,277.5,276.8,275.8,274.5,273.8,272.5,271.8,272.4,272.2,272.1,271.9,271.7,271.8,271.9,271.8,271.4]},{"header":{"discipline":0,"disciplineName":"Meteorological products","gribEdition":2,"gribLength":1025,"center":7,"centerName":"US National Weather Service - NCEP(WMC)","subcenter":0,"refTime":"2025-04-05T00:00:00.000Z","significanceOfRT":1,"significanceOfRTName":"Start of forecast","productStatus":0,"productStatusName":"Operational products","productType":1,"productTypeName":"Forecast products","productDefinitionTemplate":0,"productDefinitionTemplateName":"Analysis/forecast at horizontal level/layer at a point in time","parameterCategory":2,"parameterCategoryName":"UnknownDiscipline_0_Category_2","parameterNumber":2,"parameterNumberName":"UnknownParameter_D0_C2_2","parameterUnit":"Unknown","genProcessType":2,"genProcessTypeName":"Forecast","forecastTime":120,"surface1Type":103,"surface1TypeName":"Specified height level above ground","surface1Value":10.0,"surface2Type":255,"surface2TypeName":"Missing","surface2Value":0.0,"gridDefinitionTemplate":0,"gridDefinitionTemplateName":"Latitude_Longitude","numberPoints":615,"shape":6,"shapeName":"Earth spherical with radius of 6,371,229.0 m","gridUnits":"degrees","resolution":48,"winds":"true","scanMode":64,"nx":41,"ny":15,"basicAngle":0,"lo1":47.0,"la1":41.0,"lo2":87.0,"la2":55.0,"dx":1.0,"dy":1.0},"data":[1.8476471,-0.5723529,0.15764709,4.277647,3.1176472,3.5776472,1.6776471,-0.9123529,-1.872353,0.6876471,-0.7423529,-2.8323529,-3.202353,-2.942353,-3.952353,-3.8523529,-3.512353,-2.772353,-3.982353,-3.782353,-3.722353,-0.2523529,-0.5923529,-1.1123528,0.047647096,-1.6623529,-2.572353,-1.4023529,0.4676471,0.9676471,0.2776471,1.9576471,2.3276472,1.877647,-2.9123528,-3.032353,-2.932353,-0.7323529,-3.4023528,-1.6923529,-3.8923528,3.1376472,1.237647,5.217647,4.9576473,4.827647,4.7276473,2.8276472,-0.4623529,0.9476471,2.227647,-0.35235292,-2.6523528,-3.312353,-4.062353,-2.972353,-4.672353,-4.332353,-5.162353,-3.202353,-4.0023527,-4.142353,-2.732353,-0.6523529,-2.3823528,-0.2723529,0.1776471,-1.252353,-0.1023529,-1.1823529,-0.6723529,-0.2423529,-0.52235293,1.867647,-2.552353,0.8876471,0.0776471,-0.4423529,0.7176471,-0.3723529,0.3176471,-2.502353,1.7876471,5.717647,4.297647,6.087647,5.127647,4.587647,2.977647,1.0176471,1.757647,1.3276471,-1.2123529,-2.1723528,-2.432353,-4.102353,-4.0423527,-3.702353,-4.352353,-4.512353,-3.552353,-4.162353,-6.4623528,-6.242353,-4.762353,-4.312353,1.1576471,-2.772353,-2.3523529,-2.8623528,-2.072353,-0.8123529,-1.9823529,1.3276471,-0.4223529,1.4776471,-1.8123529,-1.1123528,0.5776471,0.9976471,4.467647,3.937647,2.177647,1.4676471,4.2876472,5.277647,6.777647,4.157647,2.027647,1.8376471,4.137647,0.8376471,1.8276471,-1.4723529,-1.4623529,-3.6423528,-5.452353,-4.0423527,-3.972353,-4.122353,-4.532353,-4.262353,-2.6523528,-2.4023528,-2.682353,-2.552353,-3.8923528,-5.452353,-6.142353,-5.912353,-9.022353,-4.452353,-2.1423528,-0.35235292,-1.2923529,0.8776471,2.817647,-2.522353,-1.5323529,-1.7123529,2.237647,0.8876471,1.6876471,-0.7623529,1.257647,3.3876472,5.817647,3.467647,0.4676471,2.8776472,1.737647,1.2976471,2.0876472,1.9376471,-0.5723529,-1.1623529,-4.932353,-5.4623528,-6.622353,-5.192353,-5.222353,-5.402353,-5.902353,-5.512353,-7.0423527,-6.722353,-6.112353,-5.102353,-6.332353,-6.652353,-7.2923527,-4.852353,-5.912353,-4.612353,-3.8523529,-1.5223529,-2.932353,0.027647095,-1.0823529,-2.6723528,5.257647,0.8276471,2.697647,4.2876472,4.0376472,0.1976471,1.7976471,3.677647,0.037647095,-1.0623529,-2.3623528,0.9176471,1.5776471,-0.6423529,-0.32235292,-0.9823529,-4.082353,-2.542353,-5.722353,-6.082353,-5.342353,-5.892353,-5.902353,-6.342353,-5.112353,-5.592353,-4.902353,-4.952353,-5.112353,-5.092353,-6.0423527,-4.972353,-4.672353,-5.7723527,-4.072353,-3.202353,-2.3423529,-2.312353,-0.3023529,1.007647,0.2076471,2.507647,4.157647,9.567647,-2.5923529,-1.762353,-0.3423529,1.247647,1.4676471,-0.7223529,-1.5823529,-1.6823529,-0.8023529,-1.882353,-0.2823529,-0.2523529,-1.6123528,-4.4623528,-4.512353,-3.302353,-4.7723527,-4.632353,-4.642353,-5.812353,-5.682353,-5.412353,-4.0223527,-3.762353,-4.032353,-3.3323529,-3.6723528,-4.582353,-4.552353,-4.532353,-4.782353,-4.0423527,-3.212353,-2.9023528,-0.3923529,-1.0523529,-2.272353,-1.2023529,-0.2223529,0.5476471,2.927647,0.13764709,2.957647,-1.002353,0.4976471,1.2076471,-0.1323529,-1.0623529,-1.2923529,-0.2623529,-1.502353,-0.2923529,-1.5423529,-2.6123528,-2.542353,-2.322353,-3.952353,-3.302353,-4.2523527,-5.7123528,-4.742353,-4.7923527,-4.602353,-3.072353,-3.282353,-2.3523529,-3.492353,-2.802353,-1.9623529,-3.5923529,-2.9123528,-2.6223528,-1.9323529,-2.452353,-0.9723529,-2.1323528,-1.002353,-1.6623529,2.237647,4.627647,5.567647,5.437647,7.987647,3.517647,-2.6423528,0.027647095,3.027647,0.087647095,-0.4623529,-1.752353,-0.6223529,0.2276471,-1.9223529,-2.052353,-2.982353,-2.822353,-2.1323528,-2.202353,-2.6323528,-2.762353,-6.362353,-2.202353,-3.042353,-3.1323528,-3.432353,-0.9923529,-2.682353,-2.272353,-2.6223528,-3.322353,-2.292353,-1.5723529,-0.96235293,-0.5723529,-1.3223529,-0.7823529,0.18764709,0.007647095,1.5876471,1.5476471,0.8376471,-1.9423529,-2.3823528,0.8576471,-1.0423529,-1.1723529,-2.302353,0.7776471,1.1576471,0.8276471,-0.7323529,-2.3323529,-1.0723529,-0.8723529,-1.6023529,-2.5923529,-2.262353,-0.2823529,0.21764709,-0.41235292,-2.1323528,-2.822353,-2.6723528,-1.5823529,-1.7923529,-2.3323529,-0.52235293,-1.1423529,-0.8423529,-1.7823529,-2.1323528,-1.7823529,-1.742353,-1.752353,-1.4023529,-0.52235293,-0.6923529,-0.062352907,0.5476471,0.6176471,1.1376472,0.3476471,0.4676471,-2.512353,-0.4523529,0.6376471,0.39764708,-0.5323529,-0.5323529,1.2076471,0.2676471,-0.2423529,-1.1523529,-1.2723529,-0.2523529,0.027647095,-1.2023529,-1.3323529,-1.3123529,-1.6823529,-3.462353,-2.3823528,-4.102353,-2.532353,-0.8823529,0.007647095,-1.1423529,-1.0723529,-0.96235293,-0.35235292,-0.2523529,-0.9923529,-0.2223529,-1.0323529,-0.7423529,-2.1623528,-1.6123528,-2.202353,-1.5723529,-1.2823529,-0.77235293,0.06764709,-0.96235293,0.2676471,0.78764707,0.5776471,1.4476471,1.0276471,1.247647,1.0976471,0.8076471,-0.2923529,-0.7323529,-0.2723529,-0.38235292,-1.7123529,0.027647095,0.047647096,0.087647095,0.2076471,-0.042352904,-1.6123528,-0.5123529,-0.4023529,-2.072353,0.78764707,-0.7423529,-1.3223529,-0.52235293,-1.5623529,-0.8723529,-0.3123529,0.027647095,-1.5423529,-1.8123529,-2.572353,-2.212353,-2.1323528,-2.762353,-1.632353,-2.1223528,-1.872353,-2.0823529,-2.1423528,-0.7523529,0.2876471,0.2876471,0.5776471,1.6376472,1.757647,1.8276471,0.7376471,0.6676471,0.5176471,0.18764709,-0.3923529,-2.3923528,-0.5523529,1.1776471,0.2576471,1.1776471,1.1576471,0.9076471,0.4176471,2.687647,2.237647,-0.2923529,-1.2023529,-1.2223529,-1.0423529,-0.0023529052,-1.5323529,-0.5023529,-1.4823529,-2.242353,-2.722353,-1.8423529,-2.072353,-2.052353,-2.3723528,-2.742353,-2.512353,-2.522353,-2.472353,-1.8623528,-1.3323529,-1.7723529,-1.3023529,-0.4223529,1.737647,1.8076471,1.6676471,1.737647,1.3076471,0.9376471,-0.3023529,0.017647095,0.1276471,0.3476471,0.4876471,0.9976471,1.2776471,3.247647,0.8876471,1.007647,2.8376472,1.987647,0.6976471,-0.6723529,-0.9723529,-0.71235293,-1.002353,-0.9823529,-1.4023529,-2.042353,-2.002353,-1.752353,-1.3623528,-1.9223529,-2.3923528,-2.502353,-2.472353,-2.272353,-1.872353,-1.7723529,-1.382353,-1.2023529,-0.8323529,-0.2223529,1.3276471,1.4276471,2.1076472,2.5876472,2.3976471,2.3976471,1.7176471,1.5776471,1.0776471,2.017647,0.5076471,0.8476471,0.4976471,2.037647,-0.1923529,0.18764709,-0.6723529,-0.38235292,-0.6223529,-1.012353,-1.262353,-1.5523529,-1.512353,-1.6023529,-2.322353,-1.7723529,-1.5923529,-1.8523529,-1.1923529,-1.8023529,-2.252353,-2.692353,-2.472353,-2.1723528,-2.0923529,-1.762353,-1.4123529,-1.1523529,-0.2423529,1.2076471,1.5976471,1.4276471]},{"header":{"discipline":0,"disciplineName":"Meteorological products","gribEdition":2,"gribLength":1025,"center":7,"centerName":"US National Weather Service - NCEP(WMC)","subcenter":0,"refTime":"2025-04-05T00:00:00.000Z","significanceOfRT":1,"significanceOfRTName":"Start of forecast","productStatus":0,"productStatusName":"Operational products","productType":1,"productTypeName":"Forecast products","productDefinitionTemplate":0,"productDefinitionTemplateName":"Analysis/forecast at horizontal level/layer at a point in time","parameterCategory":2,"parameterCategoryName":"UnknownDiscipline_0_Category_2","parameterNumber":3,"parameterNumberName":"UnknownParameter_D0_C2_3","parameterUnit":"Unknown","genProcessType":2,"genProcessTypeName":"Forecast","forecastTime":120,"surface1Type":103,"surface1TypeName":"Specified height level above ground","surface1Value":10.0,"surface2Type":255,"surface2TypeName":"Missing","surface2Value":0.0,"gridDefinitionTemplate":0,"gridDefinitionTemplateName":"Latitude_Longitude","numberPoints":615,"shape":6,"shapeName":"Earth spherical with radius of 6,371,229.0 m","gridUnits":"degrees","resolution":48,"winds":"true","scanMode":64,"nx":41,"ny":15,"basicAngle":0,"lo1":47.0,"la1":41.0,"lo2":87.0,"la2":55.0,"dx":1.0,"dy":1.0},"data":[0.6525293,-1.7674707,-0.8974707,-7.207471,-5.7974706,-3.5674708,-2.4474707,0.4225293,1.3425293,1.0325294,6.1825294,5.6625295,4.7425294,3.7925293,3.5525293,2.6125293,1.9525293,-0.7474707,-1.6574707,-1.3274707,0.9925293,0.9225293,0.2425293,-0.5874707,-0.027470702,-0.9974707,-1.6974707,0.9625293,2.2725294,0.062529296,-3.3074708,-4.977471,1.9725293,-2.1574707,-0.3274707,-2.3074708,-2.1074708,-3.0074706,-0.3874707,2.8225293,2.7925293,6.6225295,-0.3774707,-7.8474708,-5.457471,-2.9174707,-1.5874707,0.7925293,1.1925293,2.8325293,2.5025294,4.482529,4.982529,4.442529,3.6325293,2.8325293,2.8725293,1.2025293,-0.8574707,-1.0774707,-1.1874707,-1.2074707,-2.4974706,0.6925293,1.1925293,-2.9874706,-0.9074707,-2.9074707,-0.3674707,0.0925293,0.4225293,4.1525292,2.7925293,-1.5874707,-3.1474707,-6.207471,-3.5774708,-3.5274706,-6.057471,-2.7074707,-2.8474708,1.1325293,-2.7674706,-6.2374706,-8.577471,-6.6074705,-1.6374707,2.4525292,1.8525293,1.6725293,2.0625293,3.5425293,7.7425294,7.482529,5.2625294,5.0125294,4.5125294,4.0925293,2.6125293,2.3125293,1.1925293,0.2725293,-0.19747071,-2.6374707,-4.6274705,-1.2174706,-0.0674707,1.0425293,-0.1874707,-0.5074707,-0.7574707,-0.2474707,2.0025294,-0.3074707,1.6525292,-0.7074707,-1.2674707,0.3325293,-2.4374707,-2.4474707,0.9525293,-1.2374707,-1.7674707,-5.0674706,-8.47747,-9.237471,-7.5674706,-0.3274707,3.5225294,4.192529,5.1625295,4.6025295,3.6125293,5.1525292,6.672529,7.1225295,6.942529,4.9325294,3.5525293,2.5425293,2.4625292,2.0025294,-0.9574707,-0.8474707,-1.5574707,2.5125294,-0.6774707,-1.8974707,-1.8074707,-1.6174707,-1.6574707,1.3525293,-0.0574707,-2.3174708,-3.7274706,-1.8774707,0.4125293,1.4725293,-0.7574707,0.4625293,2.8625293,-0.62747073,2.2125292,5.9125295,-5.5974708,-10.707471,-10.117471,-5.937471,-2.4874706,1.4725293,1.7625293,2.1125293,3.5325294,4.482529,7.7825294,8.90253,8.322529,8.122529,5.6125293,3.9525292,2.7925293,1.6925293,1.6525292,0.3825293,0.7725293,1.2225293,-0.26747072,-0.2974707,-1.1574707,-1.3374707,-1.4974707,-1.0474707,-1.1174707,-1.9774708,-3.0174706,-1.2974707,0.4325293,1.4925293,-1.7074707,-1.2774707,-6.3774705,0.5425293,2.8125293,3.9025292,2.8925292,-6.0274706,-7.4474707,-7.037471,-5.537471,-6.0674706,-4.5974708,2.2025292,1.4825293,1.8525293,2.3625293,5.8825293,8.61253,4.522529,7.982529,6.7825294,5.6125293,5.522529,3.7825294,2.8725293,1.3425293,1.3025293,2.0325294,1.1025293,0.102529295,-0.047470704,-0.077470705,-0.3974707,-0.3974707,-0.8374707,-1.6774707,-2.7374706,-2.6174707,-2.1674707,-0.9474707,1.9725293,2.8525293,1.4025292,-2.7874708,-4.5274706,-3.9074707,6.5325294,-6.2974706,-8.717471,-9.027471,-7.077471,-6.187471,-5.4274707,-4.6174707,-0.8074707,1.6925293,2.2025292,4.982529,8.752529,9.02253,7.0925293,7.1025295,6.6225295,7.1025295,5.002529,4.4725294,2.7725294,1.8625293,1.8225293,2.1025293,2.3425293,1.2625293,0.8525293,0.6125293,0.3225293,-1.9274707,-1.9774708,-3.1674707,-3.9174707,-4.9874706,-6.1774707,-0.107470706,-0.48747072,-1.7074707,-2.0274706,-3.2574706,-1.4274707,-1.4974707,-5.1074705,-7.8174706,-9.76747,-8.13747,-6.6974707,-6.0874705,-5.167471,-2.8374708,-0.5074707,3.1225293,6.482529,9.002529,7.7025294,8.672529,8.742529,8.542529,7.212529,6.3725295,5.712529,4.672529,2.4425292,1.8925292,2.8325293,2.7225294,3.0525293,1.8725293,3.4025292,0.4625293,0.19252929,-1.3774707,-2.1474707,-3.1974707,-3.9274707,-4.7774706,-1.7174706,0.4225293,-0.5574707,0.1825293,1.0825293,0.5825293,-0.6974707,-3.1274707,-6.4074707,-7.9874706,-8.09747,-7.3874707,-6.457471,-5.6774707,-3.4074707,-2.6274707,2.5625293,3.0025294,5.832529,8.012529,9.082529,8.782529,9.44253,8.082529,6.6025295,7.1125293,6.0125294,4.4725294,3.3825293,3.4025292,2.2025292,2.8625293,3.1725292,2.3025293,2.8125293,2.1525292,0.3925293,-0.6574707,-2.4374707,-1.6074708,-2.8374708,-0.7574707,-3.6474707,-3.2174706,-3.8074708,-5.287471,-3.8074708,-4.1074705,-2.4374707,-3.2474706,-5.1374707,-6.3174706,-6.807471,-6.8874707,-5.937471,-5.6974707,-3.9874706,0.012529297,2.8625293,3.8625293,4.1325293,8.11253,8.81253,8.882529,8.512529,7.0925293,6.1525292,5.312529,5.7225294,5.062529,3.7625294,3.8925292,3.6325293,2.8625293,3.3125293,2.0425293,1.1925293,1.4825293,1.2725292,0.07252929,-1.0274707,-1.6474707,-2.1274707,-0.6774707,-0.5774707,-3.0874708,-1.4774708,0.19252929,-0.6074707,-2.0474708,-2.6374707,-2.9474707,-4.7374706,-4.5274706,-5.687471,-5.5974708,-5.327471,-4.2374706,-2.4074707,1.2025293,2.9525292,3.6225293,7.4125295,7.1525292,8.032529,7.5125294,5.8525295,6.172529,6.3625293,5.6325293,5.042529,4.292529,4.3025293,3.8825293,3.9925294,2.0525293,3.0625293,2.3125293,2.8425293,1.9925293,0.8525293,-1.3574708,-1.4974707,-2.5674708,-1.6674707,-1.4774708,0.1725293,-0.2774707,-0.9274707,0.6725293,-0.5574707,-1.8474708,-1.9274707,-2.9174707,-4.057471,-5.457471,-5.0974708,-5.267471,-5.437471,-4.7374706,1.5725293,2.7625294,5.9025292,9.10253,5.502529,3.6325293,6.6225295,7.8825293,7.4125295,6.422529,5.672529,4.7625294,4.062529,3.6225293,3.8925292,3.4625292,3.6825292,3.9925294,3.6025293,3.0125294,2.0125294,1.3225293,0.1725293,-0.007470703,-0.8674707,-1.3974707,-1.3174707,-0.3074707,-0.6174707,-1.5174707,-0.5374707,0.3125293,-0.26747072,-1.1574707,-2.0674708,-2.7074707,-2.0374708,-4.247471,-4.7774706,-4.9074707,-5.0074706,-1.9274707,0.7425293,5.832529,5.1025295,7.8425293,6.7625294,7.4525294,8.622529,6.002529,6.582529,7.2825294,6.8425293,5.6225295,4.2025294,3.8925292,3.8925292,3.5725293,3.6025293,2.9925294,2.9925294,2.6825292,2.3625293,1.3025293,0.26252928,-0.2474707,-0.16747071,-1.5474707,-1.2574707,-1.4674706,-1.5774707,-1.1174707,1.1725293,0.1225293,-0.7374707,-0.6174707,-1.3674707,-2.0074706,-2.5074706,-2.9174707,-3.2474706,-3.2074707,-1.8974707,-0.5874707,1.2825294,6.0325294,6.8025293,7.0725293,8.3925295,9.082529,8.822529,7.3625293,6.312529,6.3725295,5.9925294,4.6525292,4.4325294,3.8325293,3.1325293,3.2725294,3.3325293,3.0725293,2.2525294,2.0725293,1.5925293,1.4325293,0.3225293,-0.7274707,-1.0574707,-1.2674707,-1.4974707,-1.6874707,-2.2874708,1.7625293,2.1925292,1.4225293,0.9925293,-0.117470704,-0.6474707,-1.6974707,-2.3974707,-2.2274706,-2.1874707,-1.1274707,-3.0274706,-2.3274708,1.4025292,5.1225295,5.3825293,5.9325294,6.7225294,6.7025294,6.9725294,6.3425293,5.792529,4.812529,4.3925295,4.462529,4.8425293,4.542529,3.9525292,3.2125292,2.7125292,2.5625293,2.4625292,1.9325293,1.2725292,0.9325293,0.3925293,-0.5574707,-0.9774707,-0.7474707,-1.7674707,-0.9674707]}]