wind.json
{"header": {"discipline":0,"disciplineName":"Meteorological products","gribEdition":2,"gribLength":1125,"center":7,"centerName":"US National Weather Service - NCEP(WMC)","subcenter":0,"refTime":"2023-05-29T18:00:00.000Z","significanceOfRT":1,"significanceOfRTName":"Start of forecast","productStatus":0,"productStatusName":"Operational products","productType":1,"productTypeName":"Forecast products","productDefinitionTemplate":0,"productDefinitionTemplateName":"Analysis/forecast at horizontal level/layer at a point in time","parameterCategory":2,"parameterCategoryName":"UnknownDiscipline_0_Category_2","parameterNumber":3,"parameterNumberName":"UnknownParameter_D0_C2_3","parameterUnit":"Unknown","genProcessType":2,"genProcessTypeName":"Forecast","forecastTime":60,"surface1Type":103,"surface1TypeName":"Specified height level above ground","surface1Value":10.0,"surface2Type":255,"surface2TypeName":"Missing","surface2Value":0.0,"gridDefinitionTemplate":0,"gridDefinitionTemplateName":"Latitude_Longitude","numberPoints":688,"shape":6,"shapeName":"Earth spherical with radius of 6,371,229.0 m","gridUnits":"degrees","resolution":48,"winds":"true","scanMode":64,"nx":43,"ny":16,"basicAngle":0,"lo1":45.0,"la1":40.0,"lo2":87.0,"la2":55.0,"dx":1.0,"dy":1.0}, "data":
[rows 0 to 15 of 16, columns 0 to 42 of 43]
1.4408154,0.43081543,-0.05918457,-4.1491847,3.5108154,-9.229184,-8.569184,-6.0091844,-4.6091847,4.7708154,2.8808155,2.4708154,2.3208153,2.8808155,1.6908154,-1.3391845,-4.2591844,-5.1391845,-6.6491847,-8.679185,-9.719185,-1.4791846,-3.0491846,-3.6191845,-2.7991846,-2.3491845,-2.4391847,-3.9491847,-2.0791845,0.36081544,2.1708155,1.7408154,1.0508155,2.4308155,-1.4391845,-1.2291846,3.3208153,1.5808154,0.57081544,0.57081544,-0.19918457,-1.2291846,-2.6991847
-0.7891846,-3.4291847,-3.0191846,2.9908154,-3.0091846,-6.3291845,-7.5191846,-6.9191847,-3.8091846,3.6608155,3.5008154,2.8608155,3.7108154,3.7408154,1.9108155,0.32081544,-2.3091846,-5.3791847,-7.0091844,-6.6691847,-7.5391846,-5.9091845,-5.3791847,-1.5691845,2.5108154,1.0908154,2.9908154,0.95081544,-0.5791846,0.19081543,0.0108154295,-0.74918455,-0.7091846,1.9008155,-2.1191845,-0.46918458,-4.3791847,0.94081545,2.3108153,1.9108155,1.9908154,1.9608154,-0.85918456
0.6108154,2.6808155,2.1808155,1.7808155,-5.3091846,-7.4491844,-6.9091845,-7.7091846,2.5408154,7.5008154,4.8408155,4.4208155,3.6408155,4.7308154,2.4808154,1.4008155,-1.7491846,-4.2791843,-6.0191846,-7.8291845,-6.799185,-9.049185,-8.799185,-3.6291845,3.5008154,-2.1991847,1.8008155,1.8008155,2.8208153,-0.44918457,0.7108154,0.17081542,-0.56918454,-0.55918455,0.76081544,0.19081543,1.2308154,2.8108153,3.9608154,1.8408154,1.6908154,2.8708155,-0.7191846
-0.9491846,-1.3691846,-3.7591846,-7.8591847,-6.8591847,-4.9691844,-5.7391844,-6.4791846,5.5008154,5.7308154,6.2708154,6.0308156,6.4408154,4.8008156,3.7408154,1.8208154,-0.40918458,-2.9791846,-5.4291844,-8.689184,-8.179185,-8.709185,-4.0391846,-7.7291846,-5.319185,-3.9591846,-4.5091844,-1.4791846,-0.7791846,-1.7691846,-0.72918457,-3.2691846,-3.0391846,-1.1191846,-3.5791845,0.75081545,0.56081545,-3.2091846,-3.2591846,-2.6791847,-2.4191847,1.2708154,-0.26918456
-2.7991846,-3.1191845,-3.2791846,-1.7891846,-1.1891845,-2.7091846,-3.8091846,-1.8991846,6.4808154,7.0608153,8.280815,7.3208156,6.5008154,4.0208154,-0.7791846,-0.20918457,-0.32918456,-0.97918457,-1.7991846,-3.8191845,-6.1291847,-6.6891847,-5.8391848,-6.2691846,-2.3391845,-2.7891846,-3.2291846,-3.4191847,-2.9091845,-3.6791847,-4.4191847,-5.4491844,-6.7391844,-1.9791846,2.0508153,0.47081542,2.0108154,0.7408154,2.3808155,1.0108154,-2.5391846,-3.2591846,-4.3091846
-5.9391847,-5.3391848,-4.0991845,0.6608154,3.9808154,0.5308154,0.6508154,1.5208154,5.7408156,8.060816,8.820815,8.400815,7.8808155,5.2808156,1.8208154,0.43081543,0.5408154,1.2008154,2.0508153,0.27081543,-0.8991846,-1.9891846,-2.2991846,-1.2991846,-1.5591846,-1.8591846,-2.3591845,-2.3491845,-3.5991845,-3.9591846,-4.4591846,-6.3091846,-8.049185,-6.9591846,-4.0091844,-3.6091845,1.7808155,1.1908154,-0.7891846,-1.9491845,-1.6491846,-2.2891846,0.26081544
-3.8291845,-7.5291843,-5.9691844,1.8808154,7.1608152,8.860815,1.8208154,-2.8191845,6.7708154,7.9908156,8.930816,7.200815,6.9208155,5.1108155,2.2308154,1.2008154,-2.4891846,0.62081546,3.7308154,4.0908155,2.6008155,1.5908154,0.31081542,-0.33918458,0.10081543,-0.25918457,-1.1191846,-1.3791846,-1.8091846,-5.8891845,-4.9291844,-4.9391847,-5.7291846,-7.7491846,-6.4091845,-4.8891845,-3.1391845,-1.1191846,-4.1291847,5.5508156,1.0708154,2.6908154,-2.0691845
-4.8891845,-7.7091846,-9.949184,4.2308154,5.8608155,7.5708156,6.930815,8.560816,7.0208154,7.4008155,6.6208153,5.7808156,5.9808154,4.8308153,4.7908154,1.7008154,-0.62918454,-0.9591846,2.5308154,3.6708155,3.9908154,1.7008154,0.40081543,0.5408154,0.31081542,0.8608154,1.0608155,-0.17918457,-2.2091846,-2.8591845,-4.3791847,-4.8791847,-6.2591844,-7.0191846,-7.6591845,-7.7591844,-5.5091844,-2.9291847,-1.0091846,-0.86918455,0.6708154,2.2008154,-5.6191845
-4.6691847,-6.6491847,-11.389185,-4.8691845,1.0608155,3.6508155,5.6508155,6.3408155,5.8808155,5.6108155,5.1608152,6.430815,7.0408154,4.8108153,4.3808155,2.6508155,0.11081543,0.34081542,0.39081544,1.3308154,3.6608155,1.5408155,0.02081543,-1.6391846,-0.7891846,-1.6291846,2.2908154,0.48081544,-1.5391846,-2.7191846,-3.9191847,-5.4691844,-6.8591847,-8.349185,-8.679185,-8.589185,-5.7091846,-4.5791845,-3.8891845,-1.5591846,0.040815428,-0.43918458,0.6508154
-5.8091846,-7.4191847,-9.289185,-10.539185,-4.8391848,-0.91918457,3.6208155,6.1708155,6.2308154,5.9208155,6.0808153,5.9808154,6.2608156,6.1908154,6.0208154,4.1908154,2.1508155,1.6208154,1.5508155,2.5808153,1.3408154,0.42081544,1.6308154,0.24081543,-2.2791846,-1.6591846,-0.37918457,0.77081543,-0.5291846,-2.1991847,-4.1391845,-5.569185,-7.5291843,-8.649184,-8.159184,-7.799185,-5.5891848,-2.9791846,-1.0891845,-2.9591846,-1.3691846,-0.7191846,-1.6591846
-4.9591846,-5.6891847,-4.3691845,-6.2591844,-6.0291843,-4.7591844,-2.0891845,3.9408154,5.9608154,6.9008155,5.8108153,5.6708155,6.1908154,5.9408154,7.0608153,5.6008153,4.7208157,2.5508153,1.4008155,0.46081543,0.47081542,0.32081544,0.120815426,1.3508154,1.1808155,-0.20918457,-0.80918455,1.4208155,0.35081542,-0.60918456,-2.7191846,-4.2491846,-6.0791845,-6.3591847,-6.9591846,-6.9691844,-5.5391846,-2.7191846,-0.7791846,2.7508154,-2.9391847,-2.6191845,-2.6291845
-4.3691845,-5.3091846,-4.2191844,-5.3791847,-3.4291847,-4.049185,-3.8891845,-0.80918455,4.180815,6.0408154,6.8208156,5.8508153,4.6108155,6.1108155,6.6508155,6.9008155,5.8908153,5.2708154,3.7308154,1.6608155,0.87081546,0.14081544,0.0108154295,1.4508154,1.7508154,2.0808153,0.28081542,1.4608154,1.3208154,0.02081543,-1.5291846,-1.6791846,-3.7891846,-4.4891844,-5.2691846,-5.8291845,-6.3891845,-6.0791845,-2.8391845,-1.2491846,-2.0591846,-1.4291846,-1.4391845
-3.7491846,-3.1991847,-3.2791846,-2.6891847,-3.1591845,-3.7591846,-3.3991845,-3.1691847,-1.5291846,3.3308153,3.3008153,2.7208154,4.1308155,4.700815,5.6408153,7.0508156,7.8208156,6.0308156,5.2808156,3.7308154,2.4908154,2.0808153,1.7308154,1.1508155,2.4208155,2.7308154,2.2508154,2.0208154,2.5308154,1.3308154,-0.5291846,-0.15918458,-1.1291846,-3.3491845,-3.7091846,-4.5191846,-3.9191847,-4.049185,-3.5291846,-3.4591846,-2.6291845,-2.8791845,-1.6591846
-2.7791846,-1.5191846,-0.5291846,-1.3391845,-1.1791846,-1.4691845,-1.4991846,-1.0291846,-1.5091846,-0.26918456,5.7608156,4.7408156,3.4308155,4.2408156,5.7608156,6.3408155,4.2808156,5.3008156,4.3908153,3.3108153,4.5608153,3.9308155,2.9808154,1.9908154,1.5608155,2.5908155,2.5108154,2.8308153,3.6208155,2.9208155,1.8408154,0.10081543,0.9208154,-0.8491846,0.28081542,-2.7891846,-2.9591846,-2.2391846,-2.0691845,-1.6791846,-2.2091846,-1.0591846,-2.1391845
-2.4691846,-0.5291846,0.46081543,0.7408154,-0.7091846,0.27081543,-0.21918458,-0.5191846,0.58081543,0.83081543,0.49081543,3.3808155,3.5808153,4.2508154,5.5308156,4.8908153,5.6708155,5.680815,6.700815,2.6708155,0.32081544,5.5108156,5.450815,4.3308153,3.3308153,3.7108154,3.2708154,3.3708155,4.5508156,3.9408154,3.2608154,3.2608154,2.5408154,0.35081542,-1.2091845,-1.3691846,-1.1891845,-1.8491845,-0.86918455,0.6108154,-1.4491845,-2.2091846,-2.1291845
0.39081544,-0.17918457,0.7208154,1.1408154,0.7808154,1.5808154,1.0908154,1.2508154,0.49081543,1.7808155,1.2608154,0.13081543,2.7208154,3.8908155,3.6208155,4.680815,5.5208154,7.0108156,7.4008155,6.5308156,3.0008154,3.8208153,6.0408154,5.2608156,4.5208154,3.7908154,3.7808154,2.3108153,4.6008153,4.4108152,3.4708154,3.4508154,3.2208154,0.5908154,1.1408154,0.49081543,1.9508154,1.2508154,-0.35918456,0.03081543,-0.06918457,-1.4691845,-2.5991845
