wind_kz.json
{"header": {"discipline":0,"disciplineName":"Meteorological products","gribEdition":2,"gribLength":1102,"center":7,"centerName":"US National Weather Service - NCEP(WMC)","subcenter":0,"refTime":"2023-09-29T18:00:00.000Z","significanceOfRT":1,"significanceOfRTName":"Start of forecast","productStatus":0,"productStatusName":"Operational products","productType":1,"productTypeName":"Forecast products","productDefinitionTemplate":0,"productDefinitionTemplateName":"Analysis/forecast at horizontal level/layer at a point in time","parameterCategory":2,"parameterCategoryName":"UnknownDiscipline_0_Category_2","parameterNumber":2,"parameterNumberName":"UnknownParameter_D0_C2_2","parameterUnit":"Unknown","genProcessType":2,"genProcessTypeName":"Forecast","forecastTime":240,"surface1Type":103,"surface1TypeName":"Specified height level above ground","surface1Value":10.0,"surface2Type":255,"surface2TypeName":"Missing","surface2Value":0.0,"gridDefinitionTemplate":0,"gridDefinitionTemplateName":"Latitude_Longitude","numberPoints":615,"shape":6,"shapeName":"Earth spherical with radius of 6,371,229.0 m","gridUnits":"degrees","resolution":48,"winds":"true","scanMode":64,"nx":41,"ny":15,"basicAngle":0,"lo1":47.0,"la1":41.0,"lo2":87.0,"la2":55.0,"dx":1.0,"dy":1.0}, "data":
[rows 0 to 14 of 15, columns 0 to 40 of 41]
-1.859292,-0.539292,2.400708,-1.989292,-3.209292,-1.5792919,-0.959292,-3.799292,-3.719292,-3.609292,-3.449292,-2.139292,-2.0192919,-1.749292,-2.669292,-2.699292,-1.859292,0.030708008,-2.099292,-0.729292,-1.379292,-0.269292,-1.399292,0.07070801,0.06070801,-1.419292,-2.579292,1.7907081,1.6707081,1.370708,-0.269292,2.250708,-0.099291995,2.450708,2.650708,1.280708,0.180708,2.540708,-0.37929198,-0.339292,-0.159292
2.560708,0.500708,-8.029292,-6.609292,-4.679292,-3.479292,-1.189292,-1.929292,-2.849292,-3.199292,-2.229292,-0.609292,-1.859292,-1.3292919,-1.719292,-2.719292,-0.179292,-0.779292,0.450708,0.76070803,0.720708,0.04070801,-0.709292,-0.949292,1.340708,1.000708,0.04070801,2.060708,0.680708,1.200708,0.960708,0.530708,-0.709292,-1.7092919,0.31070802,0.650708,0.770708,-0.569292,0.080708005,1.350708,-1.239292
-1.879292,-11.879292,-10.779292,-8.319292,-5.499292,-3.219292,-0.24929199,-2.509292,-2.319292,-0.589292,-0.059291992,-0.43929198,-0.11929199,-2.069292,-0.92929196,-0.13929199,0.830708,1.880708,2.600708,2.930708,3.000708,2.670708,2.120708,2.430708,0.06070801,4.770708,3.760708,3.700708,-1.099292,0.410708,-0.40929198,2.300708,-0.589292,-0.509292,-1.589292,-0.98929197,0.840708,-0.28929198,3.060708,1.070708,1.580708
-8.029292,-10.439292,-9.299292,-6.799292,-2.909292,-1.379292,0.590708,-2.079292,-0.889292,-2.319292,-1.549292,-0.529292,0.780708,2.790708,2.970708,3.340708,3.540708,3.680708,4.130708,4.150708,3.550708,3.110708,4.810708,6.570708,4.970708,4.460708,4.460708,2.840708,5.280708,3.530708,1.820708,-0.04929199,-0.259292,-1.659292,-2.739292,-1.419292,7.0800784E-4,2.300708,-0.509292,1.760708,2.400708
-7.809292,-8.559292,-7.359292,-5.059292,-4.659292,-4.159292,-3.489292,-2.219292,-0.309292,2.150708,3.100708,3.780708,4.130708,4.120708,5.290708,4.750708,4.980708,5.590708,4.860708,6.060708,6.620708,7.370708,7.650708,7.730708,8.000708,8.600708,7.160708,7.380708,4.770708,4.710708,2.7307081,0.70070803,-1.269292,1.6707081,1.280708,1.210708,-0.429292,1.660708,0.890708,1.890708,1.460708
-4.139292,-2.889292,-3.639292,-2.449292,-1.599292,-0.619292,0.910708,1.7907081,1.740708,3.180708,2.400708,1.470708,0.580708,-0.879292,-5.339292,-3.549292,-2.409292,-1.519292,0.680708,2.770708,1.1707081,0.95070803,6.490708,10.000708,11.100708,11.760708,11.090708,10.570708,8.290708,7.900708,7.090708,4.330708,3.680708,0.40070802,0.630708,-2.369292,-0.449292,1.100708,6.870708,2.810708,0.70070803
-0.899292,-0.509292,0.31070802,1.030708,1.580708,2.140708,2.750708,2.530708,-0.849292,-1.899292,-2.409292,-4.329292,-2.749292,-2.429292,-3.299292,-2.349292,-1.109292,-1.409292,-0.279292,0.990708,2.240708,3.800708,6.080708,7.470708,7.240708,13.980708,12.220708,11.100708,9.560708,8.710708,7.840708,7.500708,1.060708,-0.589292,-1.569292,-2.759292,-1.449292,1.870708,-0.22929199,0.850708,3.340708
-1.199292,-1.199292,-0.16929199,-2.189292,-2.379292,-2.819292,-3.679292,-3.599292,-3.629292,-3.859292,-3.429292,-3.109292,-2.309292,-1.879292,-0.509292,-0.31929198,0.710708,1.100708,1.4207081,2.890708,4.380708,5.190708,5.390708,6.850708,9.250708,8.870708,10.440708,11.800708,10.990708,9.610708,8.590708,8.600708,4.410708,2.030708,2.750708,4.220708,2.200708,-0.43929198,-2.389292,0.76070803,-1.789292
-1.289292,-0.559292,-1.229292,-2.889292,-4.079292,-4.109292,-4.159292,-4.379292,-3.739292,-3.419292,-2.839292,-2.119292,-0.039291993,0.31070802,1.6707081,2.370708,3.200708,3.400708,3.990708,4.200708,6.150708,6.240708,6.580708,7.040708,8.780708,8.130708,6.210708,6.350708,10.880708,10.080708,9.060708,8.310708,7.790708,3.600708,3.190708,2.080708,-0.699292,-1.339292,0.320708,-0.919292,-0.019291991
-0.129292,-1.859292,-3.109292,-3.819292,-4.209292,-3.929292,-3.729292,-3.729292,-3.689292,-3.2692919,-1.869292,-0.159292,2.010708,2.910708,3.420708,4.300708,4.490708,5.430708,5.340708,6.560708,7.580708,7.640708,7.300708,7.940708,8.610708,8.680708,9.610708,7.690708,10.700708,8.280708,9.450708,3.970708,5.020708,3.780708,3.320708,0.890708,-2.749292,-1.429292,2.490708,-0.759292,-1.179292
-1.499292,-2.579292,-3.939292,-3.629292,-2.959292,-3.189292,-2.789292,-2.789292,-2.339292,-0.809292,0.710708,1.830708,2.340708,3.650708,4.190708,4.850708,5.980708,6.680708,6.750708,7.930708,8.670708,8.470708,7.340708,7.350708,7.190708,7.520708,6.380708,3.440708,3.290708,5.150708,6.970708,1.890708,-0.839292,-2.199292,2.190708,1.350708,1.460708,0.390708,-0.21929199,-0.10929199,-0.519292
-1.969292,-2.739292,-2.309292,-2.179292,-2.2692919,-2.0192919,-1.479292,-0.67929196,-0.499292,-0.37929198,0.540708,2.860708,3.670708,3.750708,5.130708,5.650708,6.690708,7.490708,7.650708,8.500708,9.320708,8.930708,7.510708,5.760708,6.040708,6.320708,4.920708,3.800708,2.950708,4.090708,5.310708,6.730708,6.060708,4.200708,2.280708,3.830708,3.970708,4.860708,-0.859292,-0.309292,-0.54929197
-0.389292,-0.659292,-0.719292,-1.469292,-1.229292,-0.629292,-0.339292,-0.489292,-0.07929199,0.590708,0.860708,2.680708,3.810708,4.140708,4.230708,4.700708,5.980708,6.720708,7.520708,8.050708,8.400708,7.840708,7.440708,5.730708,6.450708,6.220708,5.550708,3.760708,2.200708,3.330708,2.100708,2.790708,3.350708,0.19070801,1.440708,5.080708,2.7307081,2.810708,0.770708,-0.849292,-0.849292
0.210708,-0.16929199,-0.279292,-0.809292,-0.749292,-0.08929199,0.520708,0.800708,1.060708,1.4207081,-0.069291994,1.580708,2.300708,3.210708,4.280708,5.720708,6.120708,5.610708,6.230708,7.030708,6.750708,7.410708,7.190708,6.810708,5.590708,4.430708,4.680708,3.220708,2.200708,2.580708,2.300708,0.660708,2.010708,0.850708,2.120708,2.190708,2.620708,2.780708,3.260708,1.340708,-0.429292
-0.10929199,-0.839292,-0.569292,-0.729292,0.740708,0.480708,1.380708,1.130708,1.650708,1.110708,0.610708,1.840708,2.920708,4.930708,5.710708,5.990708,6.040708,5.490708,5.960708,6.240708,6.640708,6.640708,6.290708,6.230708,5.380708,4.240708,3.470708,3.370708,3.470708,3.120708,3.680708,4.400708,1.720708,2.150708,2.850708,4.290708,3.760708,2.700708,4.760708,3.640708,0.830708
