wind_kz.json
{"header": {"discipline":0,"disciplineName":"Meteorological products","gribEdition":2,"gribLength":1025,"center":7,"centerName":"US National Weather Service - NCEP(WMC)","subcenter":0,"refTime":"2023-09-09T00:00:00.000Z","significanceOfRT":1,"significanceOfRTName":"Start of forecast","productStatus":0,"productStatusName":"Operational products","productType":1,"productTypeName":"Forecast products","productDefinitionTemplate":0,"productDefinitionTemplateName":"Analysis/forecast at horizontal level/layer at a point in time","parameterCategory":2,"parameterCategoryName":"UnknownDiscipline_0_Category_2","parameterNumber":3,"parameterNumberName":"UnknownParameter_D0_C2_3","parameterUnit":"Unknown","genProcessType":2,"genProcessTypeName":"Forecast","forecastTime":180,"surface1Type":103,"surface1TypeName":"Specified height level above ground","surface1Value":10.0,"surface2Type":255,"surface2TypeName":"Missing","surface2Value":0.0,"gridDefinitionTemplate":0,"gridDefinitionTemplateName":"Latitude_Longitude","numberPoints":615,"shape":6,"shapeName":"Earth spherical with radius of 6,371,229.0 m","gridUnits":"degrees","resolution":48,"winds":"true","scanMode":64,"nx":41,"ny":15,"basicAngle":0,"lo1":47.0,"la1":41.0,"lo2":87.0,"la2":55.0,"dx":1.0,"dy":1.0}, "data":
[rows 0 to 14 of 15, columns 0 to 40 of 41]
1.4268848,1.6968848,-1.9931152,2.8268847,-0.88311523,-4.213115,-6.313115,-3.1931152,-4.5931153,-5.253115,-5.663115,-5.8431153,-5.6731153,-3.7031152,-3.3531153,-1.0631152,-2.0331151,-4.4731154,-7.4231153,-6.2631154,-3.4631152,-3.6431153,-4.0931153,1.8568847,5.476885,1.9968848,1.0968847,1.3468847,-4.603115,-1.3731152,1.9568847,0.31688476,-1.0531152,0.81688476,-2.8531153,-1.2631153,-0.033115234,-0.39311522,-0.47311524,-0.98311526,-1.8431152
-0.5831152,-1.8731152,0.51688474,0.62688476,-1.0631152,-2.5231152,-5.4931154,-4.3231153,-3.8331153,-4.5531154,-4.1531153,-3.4631152,-4.0531154,-4.5531154,-3.9531152,-1.4731152,-2.4631152,-1.4031153,1.7068847,-0.62311524,-4.333115,-2.5031152,-2.8031151,-0.91311526,2.3668847,3.1268847,1.8368847,1.5068848,0.10688476,-0.43311524,-2.1531153,-3.1631153,-0.5331152,0.35688478,2.3668847,4.536885,1.0068848,1.6568848,-0.22311524,-1.6331153,-0.28311524
-1.0331153,-2.6031153,-3.5831153,-3.6931152,-4.2031155,-3.0031152,-3.5431151,-3.4831152,-4.1531153,-4.503115,-4.253115,-3.8731153,-2.9931152,-3.5031152,-5.853115,-4.8431153,-4.1131153,-1.0531152,-0.44311523,-2.2531152,-4.5931153,-1.4031153,-2.1831152,0.51688474,-2.2031152,-0.86311525,-2.1331153,-3.9031153,-1.1631153,-2.6031153,-1.9031153,-1.2531152,-2.8231153,-2.6431153,-0.69311523,-1.7331152,-2.0631151,-4.293115,-1.4331152,1.6568848,0.31688476
-3.7731152,-2.5631151,-4.333115,-5.0531154,-2.9831152,-5.733115,-6.103115,-4.273115,-3.8231153,-3.2831151,-3.4431152,-3.0231152,-2.0231152,-0.20311524,-3.3631153,-3.8831153,-3.0631151,-2.9931152,2.4568849,1.8668847,1.8568847,-0.39311522,-3.2731152,0.7868848,0.036884766,-0.62311524,-1.9231153,-3.4631152,-1.8631152,-2.8331153,-4.8231153,-4.893115,2.5768847,1.2768848,1.3968848,0.94688475,1.6668848,1.7568848,-1.3531152,-2.6731153,-4.3431153
-4.8631153,1.9168848,-2.0031152,-2.9731152,-3.8431153,-4.413115,-5.413115,-5.0931153,-4.753115,-3.6831152,-3.1531153,-3.5831153,-2.4731152,2.4068847,0.9268848,-1.4331152,-0.50311524,0.29688478,1.7968848,2.6368847,0.23688477,-0.93311524,3.3968847,2.5468848,2.3268847,2.3268847,-0.32311523,-5.9031153,-2.0031152,-3.0431151,-4.103115,-4.773115,-0.55311525,0.14688477,0.7868848,3.2468848,-1.0131153,-0.99311525,-1.5831152,-2.2931151,-2.2731152
-5.043115,-4.213115,1.9068848,1.0968847,-1.6431153,-3.2431152,-2.8131151,-2.9831152,-3.6931152,-2.5731153,-1.7831153,-2.1831152,-2.7631152,-0.98311526,3.8468847,0.22688477,-1.0831152,0.9168848,2.3068848,6.496885,2.2768848,5.336885,5.056885,4.746885,3.5568848,3.4768848,1.2868848,-3.7631152,-1.6831152,-2.1131153,-3.2531152,-3.2331152,-4.1731153,-2.2131152,-2.1931152,-0.50311524,-2.2131152,-3.2731152,1.6668848,2.2068849,-1.0431153
-4.7431154,-4.293115,-4.2431154,-4.3831153,-4.1131153,-4.3031154,-5.0531154,-4.963115,-5.0931153,-3.6931152,-3.6531153,-3.9031153,-1.2631153,-1.5431153,-1.5031152,-1.5231153,0.87688476,2.8968847,4.356885,4.3868847,4.1968846,6.186885,6.6368847,6.0768847,4.9068847,3.5468848,1.8968848,1.1268848,1.6368848,-0.35311523,-1.4931152,-2.5831153,-0.63311523,-2.0131152,-1.6531153,0.31688476,1.1768848,-0.54311526,0.22688477,0.7368848,-0.9531152
-4.0131154,-4.083115,-4.273115,-4.943115,-4.8831153,-6.3431153,-5.623115,-6.003115,-6.273115,-4.963115,-2.9931152,0.12688476,-0.81311524,0.68688476,-1.4731152,-1.3131152,1.3068848,2.5268848,7.036885,7.206885,1.6368848,6.7168846,5.9468846,5.5468845,5.5068846,4.6568847,3.6268847,1.1368848,1.1268848,-1.5531152,-0.9631152,-2.3331153,-1.7031152,-1.9331152,-2.2331152,-3.0631151,-0.87311524,-1.5831152,0.23688477,0.026884766,-0.06311523
-4.4231153,-4.543115,-3.6931152,-4.3031154,-4.4031153,-4.543115,-5.683115,-5.983115,-7.373115,-5.683115,-4.273115,0.26688477,-1.1131152,-2.9631152,-2.1531153,-0.98311526,3.1868849,6.6568847,7.066885,5.1768847,-0.0031152344,4.816885,6.2768846,5.2368846,4.2968845,3.0468848,2.7368848,1.9468848,0.016884767,-0.21311523,-0.79311526,-2.0431151,-4.8431153,-2.9631152,-3.8031151,-3.6831152,-2.9931152,-3.3731153,-3.9331152,-1.9631152,1.0468848
-3.9631152,-3.3231153,-3.6631153,-4.0731153,-5.353115,-6.7231154,-6.713115,-6.183115,-7.293115,-5.8631153,-5.963115,-2.9831152,-0.34311524,-3.1431153,-0.7031152,-1.9331152,-1.5431153,-1.2531152,2.8268847,4.9068847,3.3868847,3.4368849,5.476885,4.6768847,4.0468845,3.8068848,1.8368847,0.056884766,-2.3631153,-2.7031152,-1.5031152,-2.4431152,-2.9031153,-2.2931151,-1.6231152,-2.0031152,-2.0931153,-0.45311522,0.5368848,0.87688476,-0.24311523
-2.9531152,-3.6031153,-5.7431154,-6.3031154,-4.8631153,-4.733115,-5.603115,-5.893115,-4.083115,-6.043115,-5.373115,-4.5731153,-0.5831152,-0.023115234,1.3268847,0.8468848,0.47688475,0.41688478,4.7968845,7.476885,3.0068848,2.1968849,1.9568847,2.9268847,0.63688475,0.57688475,1.5068848,1.9668847,2.9668849,-0.66311526,-1.4031153,-1.4431152,-1.1831152,-0.32311523,-2.5131152,-1.3831153,-0.44311523,-0.083115235,-2.2031152,-0.85311526,-0.36311522
-2.9131153,-3.5931153,-2.9831152,-4.6131153,-3.9731152,-4.1331153,-5.373115,-4.7831154,-5.233115,-1.2531152,-1.9731152,-2.6431153,-2.4231153,-2.1731153,-1.2531152,-0.5331152,1.0368848,1.8668847,1.1268848,-0.79311526,-0.99311525,-1.8631152,-3.6931152,-1.2331152,0.76688474,-0.013115235,-0.93311524,-1.1131152,-1.3431152,1.7268847,1.4868847,1.0468848,0.94688475,0.14688477,-0.35311523,2.2268848,0.036884766,1.2368847,0.99688476,0.11688477,-1.0331153
-0.81311524,-1.1331153,-2.0831153,-3.3131151,-4.483115,-3.7231152,-5.563115,-5.123115,-6.8031154,-4.5131154,-0.20311524,-0.13311523,-2.7831151,-2.5731153,-3.1131153,-0.55311525,1.7568848,2.4568849,1.4068848,2.0868847,1.1668848,1.4768847,0.74688476,1.7768848,0.76688474,1.3768848,-0.5131152,0.36688477,0.7768848,-0.31311524,0.81688476,1.0768847,1.3268847,-1.3831153,2.0768847,1.4068848,-0.35311523,0.82688475,1.3868848,0.9668848,-0.7731152
-3.7131152,-3.0131152,-1.3431152,-2.5431151,-2.6431153,-5.4531155,-3.6631153,-4.583115,-4.183115,-4.933115,-2.2831151,-0.023115234,-2.5731153,-2.8631153,-2.0031152,-1.0731152,0.37688476,0.94688475,1.6968848,1.8468847,1.3768848,0.89688474,1.0368848,0.8568848,-1.4331152,-2.3131151,1.1568848,1.0768847,0.82688475,2.3268847,1.4168848,1.9368848,1.9968848,1.2568848,1.2568848,2.2868848,2.0468848,2.0568848,-0.32311523,1.1268848,-0.17311524
-1.7431152,-2.6731153,-1.2131152,-2.1231153,-2.9031153,-1.9931152,-2.6931152,-2.9731152,-3.9931152,-4.6731153,-1.9431152,-2.1831152,0.41688478,-0.91311526,-2.6731153,-1.9631152,-1.4331152,-1.3231152,-1.5331153,0.006884766,0.40688476,-0.66311526,-0.053115234,1.9068848,1.7968848,1.9968848,2.1668847,1.7168847,1.6468848,0.99688476,1.7768848,0.41688478,1.3268847,1.0968847,2.0168848,1.4368848,1.7468848,2.0768847,0.9268848,1.2468848,1.1268848
