wind_kz.json
{"header": {"discipline":0,"disciplineName":"Meteorological products","gribEdition":2,"gribLength":1025,"center":7,"centerName":"US National Weather Service - NCEP(WMC)","subcenter":0,"refTime":"2023-08-24T06:00:00.000Z","significanceOfRT":1,"significanceOfRTName":"Start of forecast","productStatus":0,"productStatusName":"Operational products","productType":1,"productTypeName":"Forecast products","productDefinitionTemplate":0,"productDefinitionTemplateName":"Analysis/forecast at horizontal level/layer at a point in time","parameterCategory":2,"parameterCategoryName":"UnknownDiscipline_0_Category_2","parameterNumber":2,"parameterNumberName":"UnknownParameter_D0_C2_2","parameterUnit":"Unknown","genProcessType":2,"genProcessTypeName":"Forecast","forecastTime":60,"surface1Type":103,"surface1TypeName":"Specified height level above ground","surface1Value":10.0,"surface2Type":255,"surface2TypeName":"Missing","surface2Value":0.0,"gridDefinitionTemplate":0,"gridDefinitionTemplateName":"Latitude_Longitude","numberPoints":615,"shape":6,"shapeName":"Earth spherical with radius of 6,371,229.0 m","gridUnits":"degrees","resolution":48,"winds":"true","scanMode":64,"nx":41,"ny":15,"basicAngle":0,"lo1":47.0,"la1":41.0,"lo2":87.0,"la2":55.0,"dx":1.0,"dy":1.0}, "data":
[rows 0 to 14 of 15, columns 0 to 40 of 41]
-2.9942017,-0.28420165,0.26579833,-1.0542016,1.5157983,3.5957983,5.4657984,6.8457985,7.0557985,6.1157985,0.99579835,1.1757983,2.0257983,4.6757984,5.7957983,2.5657983,2.5257983,2.6057982,-1.0442016,-0.04420166,-0.45420167,0.57579833,-1.5342016,-0.63420165,3.5157983,4.935798,-1.1742016,1.8457984,-0.15420166,0.14579834,-1.0942017,2.1457984,2.9757984,6.165798,7.7857985,-0.9642017,-2.9542017,-3.5942016,-2.7242017,-2.7642016,-1.9642017
1.5857984,0.45579833,-1.6142017,1.3157983,3.4657984,4.5357985,4.9857984,3.6457984,3.9257984,2.5757983,2.8057983,3.0157983,3.3357983,1.1857983,-0.99420166,3.6257982,2.9357984,2.3857985,3.3757982,5.0857983,0.80579835,0.19579834,0.72579837,-1.0742017,1.4157983,-0.02420166,-0.83420163,1.0257983,-3.5442016,-2.8942018,-0.23420165,-0.16420166,0.23579834,-2.0842016,0.02579834,-0.35420167,-0.47420165,-0.88420165,-1.0642017,0.03579834,-4.0542016
-1.0442016,-1.8442017,0.46579835,2.9857984,1.8557984,3.0357983,2.8057983,4.475798,4.8157983,4.395798,4.3557982,4.5257983,6.165798,0.10579834,0.36579835,0.39579833,2.6457984,3.1657984,3.3057983,3.7757983,3.6057982,2.6757984,3.6557984,0.7757983,2.5157983,3.8257983,0.10579834,2.0057983,-5.5542016,0.38579834,-0.62420166,2.3857985,-1.0142016,-2.5042017,1.8057983,0.32579833,-0.51420164,-0.86420166,0.13579834,-0.11420166,1.0957984
-0.94420165,-1.0442016,1.0757984,1.0557983,4.4057984,0.10579834,1.9657984,4.5957985,5.2357984,7.0857983,7.2557983,6.4257984,5.7957983,2.8157983,1.1057984,1.2557983,3.4557984,5.7557983,3.4957983,4.8157983,2.7957983,1.3357984,3.4857984,3.4657984,5.8057985,-0.31420165,-4.7342014,-7.7142015,-3.9842017,3.0957983,-0.9642017,-2.2742016,-1.3442017,0.51579833,-3.2242017,-1.7142017,-2.3142016,0.14579834,1.1857983,1.7857983,1.8557984
-2.1742017,-0.35420167,3.3557982,2.3957984,0.94579834,1.3557984,3.6257982,4.995798,4.435798,3.1257982,6.225798,6.4857984,0.33579835,3.9557984,4.7557983,3.9257984,4.225798,5.7757983,5.395798,5.495798,5.5457983,6.1557984,-0.61420166,-1.2842016,1.2757983,-4.8842015,-6.2342014,-3.0042017,-3.2242017,-3.5042017,-4.854202,-0.7242017,-2.0142016,0.17579834,1.9757984,1.9857984,2.3857985,0.66579837,-4.004202,-4.1342015,-5.354202
-2.2742016,-1.1042017,1.7457983,2.0957983,1.8657984,3.8857985,5.1357985,2.2357984,0.98579836,4.3357983,5.0357985,5.1757984,1.7257984,4.8557982,4.2757983,5.1157985,4.0157986,5.125798,5.3157983,7.2657986,5.9857984,4.725798,3.3457983,-0.39420167,5.475798,-1.9242016,-4.124202,-5.4342017,-3.6642017,-0.69420165,-0.07420166,0.12579834,0.34579834,-1.7442017,0.13579834,-1.1142017,-1.2742016,0.38579834,-2.6442018,-4.1542015,-4.4442015
-0.7242017,0.05579834,1.3557984,1.3657984,2.2157984,3.0457983,3.4157984,3.0457983,4.2357984,1.1457983,2.2057984,1.5257983,2.3657982,3.7457983,4.225798,3.3657982,4.875798,3.4457984,2.8357983,2.2357984,-2.5642016,-0.55420166,2.7857983,-2.5742016,2.8657982,2.7257984,-1.7442017,-2.3542016,0.39579833,1.3457984,1.5757984,1.5857984,-0.31420165,0.69579834,0.00579834,-1.5342016,-0.95420164,2.3957984,-2.6642017,0.57579833,1.7057984
3.3857985,1.2357984,1.9457984,1.9757984,0.80579835,3.8957984,3.5557983,2.8257983,3.5757983,0.5957983,2.7857983,0.8457983,3.0657983,6.0457983,-1.2442017,-2.9442017,6.8557982,3.0257983,-3.5742016,-3.2942016,-0.55420166,-2.6042016,-0.09420166,0.09579834,-1.5142016,-1.5742017,-2.3942018,-3.0242016,-1.0742017,-1.8342017,-0.49420166,-4.2642016,-5.4842014,-1.9642017,-2.5242016,0.30579835,-0.44420165,-3.1742017,-0.94420165,-2.1042016,-2.6042016
-0.51420164,2.1157982,2.6057982,2.3257983,2.0257983,-1.4542017,-0.25420165,2.6257982,2.2557983,1.5357983,-0.15420166,3.4757984,-2.5942016,-1.9942017,-4.374202,-5.9642015,-5.6542015,-6.1942015,0.5357983,1.2857983,1.5657983,-1.6542016,-0.81420165,2.5457983,0.27579835,-1.8142017,-2.7242017,-3.0042017,-1.2142017,-0.57420164,-4.1542015,-4.9742017,-2.3642015,-2.8242016,-1.6942017,0.14579834,-0.37420166,-2.3642015,-1.8442017,0.00579834,-1.5942017
1.8557984,2.4857984,1.3157983,0.69579834,-1.7042017,0.47579834,1.3157983,0.7857983,-0.51420164,-0.32420167,1.2357984,1.5157983,-1.6542016,-2.4342017,-4.3242016,-6.1142015,-5.4642015,-3.8742018,-3.1342018,-4.0342016,-2.6342018,-0.45420167,-1.9942017,1.6357983,-1.9342017,-3.1442018,-2.5042017,-2.6242018,-1.7542017,-2.7042017,-4.274202,-4.084202,-4.6142015,-4.2442017,-2.1942017,0.12579834,-1.2242017,-0.37420166,-1.3142017,-0.57420164,-1.0742017
1.0757984,2.5457983,2.3157983,2.4057984,0.06579834,1.8557984,1.6157984,1.7957983,0.94579834,0.75579834,0.43579835,-0.11420166,-0.21420166,-4.104202,-3.6742017,-3.0242016,-2.6342018,-1.6142017,-2.5142016,-3.6542017,-2.3642015,-2.0542016,-2.3342016,0.7857983,-1.0942017,-4.4442015,-0.94420165,-0.82420164,-2.0442016,-2.1042016,-4.334202,-4.1642017,-3.9742017,-3.4942017,-2.5742016,-0.6642017,-1.2842016,-0.17420167,-0.89420164,0.40579835,-1.4642017
2.3857985,3.3157983,2.1257982,0.51579833,1.8657984,1.2557983,2.0057983,2.4257984,1.8057983,0.8957983,-0.25420165,0.5857983,0.29579833,-2.6242018,-2.5442016,-2.5242016,-3.7242017,-2.9742017,-3.4742017,-0.5442017,-2.2142017,-1.3042016,-1.9042016,-2.5342016,-0.39420167,-1.3042016,2.5857983,2.2557983,-3.3542016,-4.1642017,-3.5342016,-4.1742015,-3.1442018,-3.8242016,-2.5642016,-2.6542017,-3.1042016,-1.5842017,-0.86420166,-0.39420167,-0.36420166
1.5657983,1.2857983,1.3757983,1.6857983,1.3857983,1.5657983,2.1457984,1.9057983,2.4857984,0.12579834,1.2157984,1.3157983,1.5857984,0.36579835,-0.5342017,0.08579834,-2.2442017,-2.2642016,-0.64420164,-1.3842016,-1.5042017,-0.80420166,-0.61420166,-0.5342017,0.22579834,1.0757984,-0.94420165,2.6557984,-0.23420165,-3.7942016,-3.9542017,-3.6542017,-3.3342016,-3.3242016,-3.2742016,-3.4842017,-3.0842016,-1.6942017,-3.0742016,-2.0142016,-0.9642017
2.0557983,1.9557984,3.2657983,2.9357984,2.1057982,3.1257982,2.0457983,2.2457983,2.2657983,2.3157983,0.54579836,0.44579834,1.5457983,0.02579834,0.48579833,0.66579837,-0.11420166,1.1657983,-0.33420166,-1.0342016,-1.1042017,0.10579834,0.41579834,0.6557983,1.3257984,0.28579834,-1.9442017,-2.9742017,-1.2342017,-4.2342014,-4.1842017,-3.3842018,-3.6542017,-3.6342018,-2.7642016,-3.1842017,-2.6342018,-2.8242016,-1.7942016,-1.3942016,-0.20420165
1.8957983,2.1657984,5.2357984,2.5157983,2.5757983,0.5257983,2.3557982,0.62579834,1.7157984,2.2057984,1.6457983,0.44579834,0.85579836,1.3557984,1.9957983,2.4857984,1.8357984,1.3957983,1.3057983,1.4257983,0.42579833,0.60579836,-0.37420166,1.1657983,0.01579834,0.88579834,-1.0242016,-1.9942017,-1.5142016,1.0557983,-3.1342018,-3.5642016,-3.4442017,-3.9742017,-2.8142016,-3.6742017,-3.4742017,-2.8942018,-1.3142017,-1.5242016,-0.87420166
