wind_kz.json
{"header": {"discipline":0,"disciplineName":"Meteorological products","gribEdition":2,"gribLength":1025,"center":7,"centerName":"US National Weather Service - NCEP(WMC)","subcenter":0,"refTime":"2024-04-08T18:00:00.000Z","significanceOfRT":1,"significanceOfRTName":"Start of forecast","productStatus":0,"productStatusName":"Operational products","productType":1,"productTypeName":"Forecast products","productDefinitionTemplate":0,"productDefinitionTemplateName":"Analysis/forecast at horizontal level/layer at a point in time","parameterCategory":2,"parameterCategoryName":"UnknownDiscipline_0_Category_2","parameterNumber":3,"parameterNumberName":"UnknownParameter_D0_C2_3","parameterUnit":"Unknown","genProcessType":2,"genProcessTypeName":"Forecast","forecastTime":300,"surface1Type":103,"surface1TypeName":"Specified height level above ground","surface1Value":10.0,"surface2Type":255,"surface2TypeName":"Missing","surface2Value":0.0,"gridDefinitionTemplate":0,"gridDefinitionTemplateName":"Latitude_Longitude","numberPoints":615,"shape":6,"shapeName":"Earth spherical with radius of 6,371,229.0 m","gridUnits":"degrees","resolution":48,"winds":"true","scanMode":64,"nx":41,"ny":15,"basicAngle":0,"lo1":47.0,"la1":41.0,"lo2":87.0,"la2":55.0,"dx":1.0,"dy":1.0}, "data":
[rows 0 to 14 of 15, columns 0 to 40 of 41]
-0.11211609,1.1178839,4.447884,6.8078837,4.5378838,5.217884,8.267884,7.387884,6.197884,5.8478837,5.0378838,4.5578837,3.4178839,1.5978839,0.23788391,-1.922116,-3.402116,-5.032116,-6.542116,-4.822116,-5.612116,-3.132116,1.587884,2.137884,2.407884,2.9478838,-0.22211608,0.6178839,-4.022116,-4.232116,-3.212116,-3.0521162,-0.26211607,-4.892116,-6.412116,-7.912116,-0.7221161,0.10788391,0.1478839,-2.692116,-1.3621161
4.0378838,-1.4521161,5.8478837,8.457884,8.917884,9.947884,9.427884,8.657884,7.5978837,6.657884,5.587884,4.657884,3.387884,1.8078839,0.08788391,-0.5121161,-1.912116,-3.5721161,-5.032116,-6.742116,-7.952116,-5.872116,-3.392116,-2.892116,1.1078839,1.6678839,2.9778838,-0.5521161,-0.20211609,-2.382116,-3.592116,-4.9221163,-2.202116,0.16788392,-1.6921161,-2.722116,-4.9421163,-8.042116,0.7078839,-2.2921162,-0.8521161
-1.5821161,5.5978837,7.297884,9.457884,9.107883,9.787884,8.767884,8.417884,9.897884,7.897884,6.3278837,4.977884,3.507884,2.517884,1.1478839,-0.7821161,-2.852116,-3.5721161,-4.872116,-5.522116,-2.202116,-5.722116,-5.622116,-3.592116,-3.3221161,-2.352116,-0.9821161,-1.5021161,-0.8421161,-2.412116,-3.692116,-2.0221162,-3.662116,1.6078839,-0.25211608,-2.972116,-3.672116,-5.122116,-1.5221161,-1.9421161,-2.102116
6.257884,7.297884,7.487884,9.807884,10.597883,11.557883,11.797883,10.257883,8.787884,7.977884,6.677884,4.737884,3.627884,3.287884,2.077884,0.3278839,-1.6121161,-2.5121162,-3.7821162,-5.1921163,-5.012116,-4.562116,-1.8721161,-2.612116,-3.352116,-3.472116,-3.3321161,-2.7621162,-3.0421162,-3.382116,-4.622116,-3.5621161,2.4478838,2.257884,0.3178839,2.097884,1.9278839,-1.5121161,-3.722116,-1.5821161,-3.8321161
7.8078837,8.167884,7.197884,6.0578837,8.017884,9.187884,9.037884,9.327884,9.537884,8.527884,7.457884,6.087884,5.2878838,3.407884,1.1478839,0.48788393,-0.7521161,-2.102116,-1.7421161,-2.382116,-2.722116,-2.712116,-2.8321161,-2.7821162,-2.5121162,-1.2321161,-2.652116,-3.192116,-2.142116,-3.0621161,-3.092116,-3.242116,-1.9821161,0.6278839,0.7778839,-0.5021161,-5.4621162,0.23788391,4.8278837,1.9278839,-0.05211609
8.597884,7.3278837,5.917884,5.487884,5.727884,6.527884,8.887884,8.497884,8.787884,8.017884,7.3278837,6.857884,5.3078837,2.647884,0.3778839,1.2378839,1.0978839,0.23788391,-0.5621161,-0.9821161,-1.7021161,-2.0021162,-2.5821161,-3.0321162,-3.972116,-3.122116,-2.922116,-1.5821161,-2.362116,-2.932116,-2.722116,-3.212116,-3.742116,-0.8121161,-2.5821161,-2.602116,-3.202116,-6.812116,-3.842116,4.3478837,2.607884
7.477884,6.937884,7.647884,8.277884,7.747884,8.557884,8.437884,8.417884,7.677884,7.297884,6.477884,5.967884,4.977884,3.267884,1.1578839,0.4078839,0.72788393,1.4178839,0.5078839,-0.7621161,-1.2021161,-1.8221161,-2.5721161,-2.5421162,-3.0321162,-1.912116,-2.992116,-3.092116,-1.8421161,-2.222116,-2.0721161,-1.7521161,-2.602116,-2.992116,-1.672116,0.7078839,2.7378838,1.587884,-2.942116,0.2978839,-6.552116
6.627884,4.607884,7.187884,8.367884,7.157884,8.667884,8.827884,8.307884,7.8278837,7.257884,6.297884,5.137884,4.007884,2.9778838,1.4278839,0.9278839,0.33788392,0.4678839,0.13788392,-1.792116,-2.412116,-3.2821162,-3.232116,-3.112116,-2.862116,-3.372116,-3.702116,-2.452116,-2.732116,-1.4821161,-1.4521161,-1.542116,-0.6921161,-1.292116,-1.662116,-2.102116,-2.852116,-0.8221161,-1.4921161,-0.5121161,-1.9921161
5.977884,6.277884,4.997884,5.3078837,7.2878838,8.147884,8.207884,7.8078837,7.407884,7.007884,5.987884,4.757884,3.797884,2.317884,1.577884,0.6278839,-0.20211609,-0.12211609,-0.6021161,-1.8121161,-3.392116,-4.502116,-3.602116,-3.882116,-4.122116,-3.092116,-2.942116,-2.8221161,-3.142116,-2.602116,-1.3721161,-1.0621161,-2.192116,-0.47211608,-2.3321161,-2.222116,-1.6021161,-2.222116,-0.9321161,-0.6121161,1.0478839
6.707884,6.637884,3.267884,5.437884,5.007884,5.067884,7.777884,7.997884,7.757884,6.887884,5.8078837,4.667884,3.017884,2.4478838,1.3878839,-0.0021160888,-0.6921161,-0.7521161,-0.8721161,-1.4821161,-1.6921161,-3.182116,-3.7521162,-3.3121161,-3.242116,-1.5221161,-2.172116,-1.9421161,-1.6221161,-1.5821161,-1.7521161,-0.04211609,0.5678839,0.16788392,0.6978839,-0.25211608,-1.3121161,1.197884,0.7978839,0.42788392,-0.9821161
7.497884,7.637884,7.747884,6.527884,5.627884,7.197884,7.657884,7.457884,6.657884,6.187884,5.157884,3.627884,2.837884,1.7978839,0.9278839,-0.02211609,-0.9121161,-1.8721161,-1.4821161,-1.682116,-2.3021162,-2.902116,-2.982116,-3.2521162,-3.212116,-1.5921161,-0.96211606,-1.7321161,-0.9921161,-1.1021161,-1.0821161,0.6478839,1.2678839,1.217884,1.3078839,0.20788391,1.577884,0.20788391,1.5278839,-0.29211608,0.7578839
6.187884,7.107884,7.337884,7.417884,6.667884,5.217884,5.817884,6.137884,4.997884,4.487884,2.9878838,2.287884,1.947884,1.207884,0.10788391,-0.6921161,-1.052116,-1.6321161,-1.2721161,-1.302116,-1.552116,-3.112116,-2.932116,-3.5321162,-3.202116,-2.402116,-0.6221161,-0.09211609,0.08788391,0.7978839,0.59788394,1.9378839,2.267884,1.2378839,1.6578839,1.2878839,0.3578839,-2.5121162,-1.0821161,-1.4621161,-1.0921161
4.697884,6.0778837,5.587884,6.237884,5.8478837,3.9778838,6.147884,5.987884,5.957884,4.497884,2.4178839,1.1478839,0.9978839,0.08788391,-0.58211607,-1.1021161,-1.532116,-2.132116,-1.1421161,-0.0121160885,-0.7621161,-2.092116,-2.392116,-3.102116,-3.902116,-2.422116,-1.7621161,1.2778839,3.017884,3.517884,2.4578838,2.297884,2.9378839,2.317884,1.7878839,1.7478839,2.037884,1.2778839,-0.05211609,-0.4921161,-0.3121161
5.317884,6.317884,5.167884,6.007884,5.437884,6.187884,5.927884,5.3678837,4.237884,5.157884,2.257884,1.0278839,-0.3121161,-1.3721161,-0.3621161,-1.172116,-1.802116,-2.3021162,-1.932116,-1.2621161,-1.3521161,-1.302116,-1.542116,-1.9021161,-2.2821162,-2.132116,-1.0021161,1.5178839,3.757884,4.737884,4.027884,2.9378839,2.9778838,2.837884,2.4678838,2.4978838,1.7878839,1.6878839,1.1078839,0.2878839,-1.0821161
3.857884,5.647884,3.9478838,5.237884,4.397884,4.647884,5.257884,4.677884,3.657884,3.4678838,2.067884,1.457884,-0.04211609,-1.032116,-2.2621162,-2.712116,-2.102116,-2.442116,-2.722116,-1.9821161,-2.202116,-1.8321161,-1.8121161,-1.432116,-1.6321161,-1.6521161,-0.8721161,1.577884,3.757884,4.627884,4.377884,3.347884,3.1778839,3.007884,3.057884,2.9778838,3.347884,1.5478839,0.97788393,1.2878839,1.0278839
