wind_kz.json
{"header": {"discipline":0,"disciplineName":"Meteorological products","gribEdition":2,"gribLength":871,"center":7,"centerName":"US National Weather Service - NCEP(WMC)","subcenter":0,"refTime":"2023-09-19T00:00:00.000Z","significanceOfRT":1,"significanceOfRTName":"Start of forecast","productStatus":0,"productStatusName":"Operational products","productType":1,"productTypeName":"Forecast products","productDefinitionTemplate":0,"productDefinitionTemplateName":"Analysis/forecast at horizontal level/layer at a point in time","parameterCategory":0,"parameterCategoryName":"UnknownDiscipline_0_Category_0","parameterNumber":0,"parameterNumberName":"UnknownParameter_D0_C0_0","parameterUnit":"Unknown","genProcessType":2,"genProcessTypeName":"Forecast","forecastTime":240,"surface1Type":1,"surface1TypeName":"Ground or water surface","surface1Value":0.0,"surface2Type":255,"surface2TypeName":"Missing","surface2Value":0.0,"gridDefinitionTemplate":0,"gridDefinitionTemplateName":"Latitude_Longitude","numberPoints":615,"shape":6,"shapeName":"Earth spherical with radius of 6,371,229.0 m","gridUnits":"degrees","resolution":48,"winds":"true","scanMode":64,"nx":41,"ny":15,"basicAngle":0,"lo1":47.0,"la1":41.0,"lo2":87.0,"la2":55.0,"dx":1.0,"dy":1.0}, "data":
[rows 0 to 14 of 15, columns 0 to 40 of 41]
287.74228,282.64227,286.4423,293.74228,293.5423,293.5423,292.0423,291.8423,289.64227,289.0423,288.24228,289.5423,289.14227,289.0423,288.74228,286.64227,286.74228,285.9423,284.3423,285.9423,286.8423,283.64227,283.14227,280.9423,284.5423,287.64227,285.64227,274.3423,273.74228,272.3423,270.74228,268.5423,279.14227,284.3423,284.5423,285.8423,285.5423,284.9423,284.4423,282.9423,282.4423
275.4423,285.74228,293.5423,293.64227,293.14227,291.8423,289.9423,289.5423,287.8423,288.14227,288.24228,287.5423,287.14227,286.4423,287.64227,287.5423,284.9423,285.14227,284.8423,283.5423,286.14227,284.0423,285.4423,280.64227,271.4423,272.5423,279.8423,273.9423,275.5423,271.5423,276.3423,268.9423,273.5423,252.04228,261.14227,282.14227,280.74228,283.14227,285.74228,278.5423,283.5423
286.9423,292.4423,293.64227,293.24228,291.4423,290.5423,289.4423,287.8423,286.8423,286.3423,285.24228,285.74228,285.14227,286.24228,287.9423,285.4423,284.14227,284.0423,284.64227,284.64227,285.0423,284.74228,285.14227,280.9423,283.4423,282.3423,284.14227,284.14227,283.14227,277.64227,270.3423,272.5423,276.9423,275.74228,277.24228,278.74228,266.24228,269.14227,270.4423,268.74228,260.64227
287.4423,292.24228,293.4423,292.24228,290.8423,289.3423,289.5423,288.3423,287.9423,286.64227,285.14227,284.8423,291.0423,290.4423,287.5423,287.3423,287.14227,285.24228,285.4423,285.24228,284.3423,279.8423,283.9423,285.24228,286.0423,286.3423,286.9423,285.9423,283.14227,283.14227,284.24228,283.5423,286.8423,285.24228,284.0423,281.9423,270.64227,260.64227,272.9423,278.5423,281.3423
289.14227,290.64227,291.74228,290.8423,290.64227,290.14227,290.3423,289.4423,288.4423,287.5423,286.8423,284.5423,289.9423,288.8423,287.4423,288.3423,287.74228,287.24228,284.5423,287.24228,286.3423,286.0423,284.74228,284.5423,285.0423,285.3423,283.9423,285.0423,283.24228,284.24228,286.3423,283.8423,276.5423,264.9423,274.14227,280.9423,285.9423,283.8423,283.8423,284.14227,284.74228
288.8423,287.9423,290.14227,289.5423,290.4423,289.8423,289.3423,290.0423,288.24228,287.8423,288.3423,288.0423,289.3423,289.64227,288.5423,288.0423,288.8423,287.64227,288.14227,287.74228,286.8423,285.9423,285.8423,285.4423,283.8423,283.4423,283.3423,287.24228,285.3423,285.64227,284.4423,285.3423,283.9423,282.0423,281.9423,284.8423,278.14227,278.14227,280.74228,282.4423,283.4423
287.4423,285.9423,289.3423,289.0423,288.5423,288.3423,289.24228,288.3423,289.0423,289.24228,287.9423,287.74228,287.0423,287.5423,287.4423,288.64227,287.5423,287.5423,287.4423,289.24228,289.74228,287.74228,287.0423,286.4423,284.64227,284.24228,281.9423,283.24228,283.5423,284.0423,283.5423,283.64227,283.24228,284.14227,282.3423,281.4423,279.24228,274.9423,271.8423,270.74228,279.64227
288.64227,287.24228,288.4423,288.8423,289.4423,289.14227,288.64227,287.74228,286.5423,287.4423,287.0423,287.14227,286.0423,287.24228,287.74228,288.14227,287.8423,287.64227,286.9423,285.4423,287.0423,286.0423,288.64227,288.5423,285.14227,280.64227,281.3423,281.8423,280.64227,281.8423,280.64227,280.74228,280.74228,278.64227,278.8423,277.9423,279.9423,286.64227,280.9423,280.64227,279.5423
286.74228,288.24228,288.4423,288.0423,288.4423,288.0423,287.64227,287.24228,286.4423,286.5423,286.4423,286.0423,285.5423,287.0423,286.64227,287.5423,290.9423,286.8423,285.9423,284.74228,283.0423,283.14227,284.3423,288.24228,287.8423,287.4423,281.8423,280.0423,277.74228,276.8423,278.4423,278.74228,278.0423,279.8423,278.24228,277.9423,279.4423,278.4423,267.74228,267.24228,265.9423
285.9423,287.5423,288.14227,288.74228,288.9423,288.4423,287.5423,286.8423,285.9423,285.64227,285.74228,285.24228,286.0423,286.4423,289.0423,290.4423,289.64227,289.4423,289.5423,286.64227,284.3423,282.5423,282.9423,283.4423,284.0423,283.0423,282.74228,281.8423,282.3423,280.0423,279.5423,281.5423,282.4423,281.8423,280.14227,279.24228,278.9423,275.3423,270.8423,269.8423,268.4423
285.4423,286.0423,287.24228,287.3423,287.0423,287.9423,288.14227,286.0423,284.74228,284.8423,285.5423,285.8423,286.14227,287.0423,288.9423,289.4423,290.14227,290.14227,287.3423,285.9423,288.9423,286.3423,283.3423,282.8423,282.8423,282.4423,281.3423,282.14227,282.8423,284.4423,284.8423,284.64227,283.24228,283.9423,282.24228,279.64227,277.5423,274.5423,272.9423,273.64227,271.24228
283.5423,284.4423,286.3423,285.9423,286.9423,285.74228,284.5423,284.3423,284.5423,283.9423,282.5423,284.0423,285.5423,285.8423,288.3423,288.24228,289.0423,285.74228,285.0423,285.3423,285.24228,285.14227,283.24228,283.0423,282.74228,282.74228,283.74228,284.64227,284.5423,284.3423,284.24228,282.9423,284.3423,282.24228,282.8423,281.14227,281.0423,279.9423,279.74228,278.64227,278.14227
282.9423,283.0423,284.8423,283.9423,285.9423,286.4423,283.8423,283.74228,283.14227,282.8423,281.8423,280.5423,284.3423,284.74228,287.8423,288.24228,287.64227,285.5423,285.74228,285.0423,284.64227,283.5423,283.4423,282.3423,283.8423,284.14227,285.0423,283.9423,283.64227,283.9423,284.4423,284.0423,283.9423,283.4423,283.0423,282.3423,281.9423,282.14227,280.5423,279.5423,279.5423
282.3423,286.14227,286.3423,284.9423,283.74228,283.24228,283.74228,283.8423,283.4423,282.64227,282.3423,278.8423,280.4423,283.4423,284.5423,285.4423,287.9423,284.8423,284.3423,284.64227,284.5423,284.3423,284.24228,284.14227,284.24228,283.9423,283.4423,283.9423,282.9423,283.4423,283.74228,283.74228,283.64227,283.14227,282.9423,282.14227,282.0423,281.14227,280.4423,280.14227,279.64227
282.14227,283.74228,286.24228,286.14227,284.4423,284.0423,285.5423,283.5423,284.8423,282.9423,283.3423,280.24228,281.74228,281.5423,283.4423,284.4423,284.3423,284.24228,284.14227,284.14227,284.24228,284.0423,283.5423,283.3423,283.4423,283.24228,283.14227,283.0423,282.9423,282.5423,282.5423,282.8423,281.9423,285.5423,285.5423,285.24228,284.74228,282.9423,283.4423,281.74228,280.64227
