wind_kz.json
{"header": {"discipline":0,"disciplineName":"Meteorological products","gribEdition":2,"gribLength":794,"center":7,"centerName":"US National Weather Service - NCEP(WMC)","subcenter":0,"refTime":"2023-09-26T06:00:00.000Z","significanceOfRT":1,"significanceOfRTName":"Start of forecast","productStatus":0,"productStatusName":"Operational products","productType":1,"productTypeName":"Forecast products","productDefinitionTemplate":0,"productDefinitionTemplateName":"Analysis/forecast at horizontal level/layer at a point in time","parameterCategory":2,"parameterCategoryName":"UnknownDiscipline_0_Category_2","parameterNumber":2,"parameterNumberName":"UnknownParameter_D0_C2_2","parameterUnit":"Unknown","genProcessType":2,"genProcessTypeName":"Forecast","forecastTime":300,"surface1Type":103,"surface1TypeName":"Specified height level above ground","surface1Value":10.0,"surface2Type":255,"surface2TypeName":"Missing","surface2Value":0.0,"gridDefinitionTemplate":0,"gridDefinitionTemplateName":"Latitude_Longitude","numberPoints":615,"shape":6,"shapeName":"Earth spherical with radius of 6,371,229.0 m","gridUnits":"degrees","resolution":48,"winds":"true","scanMode":64,"nx":41,"ny":15,"basicAngle":0,"lo1":47.0,"la1":41.0,"lo2":87.0,"la2":55.0,"dx":1.0,"dy":1.0}, "data":
[rows 0 to 14 of 15, columns 0 to 40 of 41]
-1.9321228,-1.1321228,1.2678772,-1.8321228,-1.0321229,-2.9321227,-6.4321227,-8.332123,-9.132123,-5.632123,-5.232123,-5.0321226,-4.9321227,-4.9321227,-5.132123,-4.5321226,-3.1321228,-6.132123,-6.632123,-4.632123,-3.0321229,-1.5321229,-2.232123,-3.1321228,0.6678772,-1.8321228,-2.732123,-0.4321228,1.9678771,1.0678772,-0.1321228,0.4678772,-0.4321228,0.3678772,-2.0321229,6.167877,-0.9321228,-3.232123,-4.732123,-0.1321228,-0.5321228
2.0678773,1.3678772,-0.032122802,-3.4321227,-2.6321228,-3.6321228,-5.832123,-8.932123,-6.632123,-5.0321226,-4.832123,-5.0321226,-4.4321227,-4.0321226,-4.232123,-4.5321226,-3.5321229,-5.232123,-6.332123,-4.332123,-6.132123,-3.1321228,-1.6321228,-3.1321228,-0.9321228,1.1678772,-1.0321229,0.1678772,-2.9321227,-0.4321228,0.2678772,-0.032122802,0.3678772,-1.2321228,-0.6321228,1.2678772,0.9678772,1.0678772,1.4678771,-0.6321228,-3.0321229
0.5678772,-2.4321227,-3.232123,-3.1321228,-2.6321228,-3.732123,-8.032123,-5.5321226,-6.4321227,-5.0321226,-5.232123,-5.232123,-4.732123,-4.9321227,-5.632123,-5.232123,-5.132123,-5.4321227,-4.632123,-3.0321229,-7.5321226,-8.932123,-6.332123,-9.132123,-2.4321227,-4.332123,-3.0321229,-2.4321227,-2.4321227,-0.9321228,-1.9321228,1.8678772,0.4678772,1.7678772,-1.0321229,0.4678772,0.067877196,-1.1321228,2.3678772,-0.5321228,-0.032122802
-1.8321228,-2.6321228,-2.3321228,-1.4321228,-3.732123,-7.132123,-6.832123,-5.9321227,-4.632123,-6.232123,-6.0321226,-5.0321226,-6.9321227,-6.9321227,-5.332123,-5.132123,-5.9321227,-5.0321226,-5.132123,-5.132123,-6.5321226,-4.832123,-3.5321229,-5.9321227,-8.332123,-7.832123,-5.332123,-5.732123,-3.5321229,-2.5321229,-1.9321228,-2.5321229,-1.7321228,-0.032122802,-0.6321228,1.1678772,0.9678772,0.6678772,-0.1321228,0.9678772,4.167877
-1.9321228,-1.7321228,-1.8321228,-4.232123,-5.132123,-6.332123,-5.0321226,-4.632123,-6.5321226,-5.4321227,-5.5321226,-4.5321226,-6.332123,-5.232123,-6.5321226,-4.9321227,-4.9321227,-4.4321227,-4.5321226,-5.5321226,-6.632123,-5.832123,-5.0321226,-5.832123,-5.9321227,-6.232123,-5.4321227,-3.3321228,-3.6321228,-3.5321229,-3.1321228,-2.1321228,-1.9321228,-0.8321228,1.2678772,1.0678772,5.367877,4.4678774,3.4678771,3.4678771,-2.232123
-2.4321227,-1.4321228,-2.4321227,-3.6321228,-5.9321227,-5.332123,-5.4321227,-5.632123,-6.132123,-5.5321226,-4.332123,-3.9321227,-4.5321226,-5.132123,-4.732123,-4.132123,-4.332123,-4.4321227,-4.832123,-4.4321227,-4.632123,-3.9321227,-4.5321226,-4.9321227,-4.632123,-4.632123,-3.232123,-4.732123,-2.5321229,-0.8321228,0.3678772,0.4678772,-1.0321229,0.4678772,0.3678772,0.1678772,0.3678772,4.167877,8.867877,3.3678772,-1.1321228
-1.4321228,-1.5321229,-1.6321228,-1.4321228,-3.5321229,-4.232123,-5.0321226,-5.0321226,-5.4321227,-4.5321226,-3.1321228,-3.232123,-2.732123,-3.6321228,-3.4321227,-3.732123,-3.6321228,-3.8321228,-4.4321227,-4.4321227,-4.132123,-4.0321226,-3.8321228,-3.8321228,-3.4321227,-3.4321227,-2.1321228,-1.6321228,-3.6321228,-3.9321227,-4.9321227,-3.9321227,-1.8321228,-3.0321229,-2.3321228,-1.0321229,-0.1321228,0.1678772,1.8678772,0.8678772,7.167877
-0.3321228,-0.8321228,-1.3321228,-1.8321228,-2.3321228,-3.3321228,-3.732123,-3.1321228,-3.5321229,-3.3321228,-2.232123,-1.6321228,-1.1321228,-1.6321228,-1.8321228,-2.9321227,-3.232123,-3.232123,-3.3321228,-3.6321228,-3.1321228,-3.4321227,-3.3321228,-3.732123,-3.3321228,-1.8321228,-1.8321228,-2.232123,-2.5321229,-2.1321228,-2.6321228,-2.5321229,-2.732123,-1.4321228,-2.4321227,1.0678772,1.6678772,4.767877,4.9678774,6.867877,1.6678772
2.3678772,-0.23212281,-0.4321228,-1.0321229,-1.1321228,-2.1321228,-2.4321227,-2.5321229,-2.8321228,-1.8321228,-1.1321228,-1.2321228,-0.032122802,-0.5321228,-0.3321228,-0.9321228,-1.2321228,-1.6321228,-1.7321228,-2.1321228,-1.6321228,-0.8321228,-1.2321228,-1.1321228,-1.6321228,-1.3321228,-0.8321228,-1.0321229,-0.4321228,-0.3321228,0.1678772,0.1678772,0.067877196,-0.4321228,0.2678772,0.8678772,1.2678772,-0.3321228,-0.8321228,0.1678772,-0.8321228
0.8678772,1.6678772,0.5678772,-0.1321228,0.1678772,-0.6321228,-1.4321228,-1.2321228,-0.8321228,-0.9321228,-0.4321228,0.067877196,-0.1321228,0.5678772,0.6678772,1.1678772,0.5678772,0.9678772,0.7678772,0.5678772,0.4678772,1.1678772,0.3678772,0.7678772,0.4678772,0.8678772,0.7678772,1.2678772,1.3678772,1.9678771,1.2678772,1.2678772,1.4678771,0.5678772,0.067877196,0.9678772,0.9678772,0.5678772,-0.4321228,-0.3321228,0.5678772
-0.032122802,0.9678772,1.9678771,0.8678772,1.0678772,0.7678772,0.7678772,0.9678772,0.1678772,0.6678772,0.7678772,1.7678772,0.2678772,1.3678772,1.7678772,1.5678772,1.4678771,1.9678771,0.9678772,1.5678772,2.1678772,2.0678773,2.4678771,2.3678772,2.4678771,1.8678772,2.6678772,2.4678771,2.8678772,3.1678772,2.5678773,2.267877,1.2678772,1.3678772,1.0678772,-1.1321228,0.067877196,0.3678772,0.2678772,-0.7321228,-0.032122802
0.1678772,0.2678772,2.4678771,1.5678772,0.3678772,1.5678772,1.0678772,1.0678772,1.4678771,0.1678772,0.5678772,2.6678772,1.1678772,2.1678772,2.3678772,2.4678771,2.1678772,2.3678772,1.6678772,1.9678771,1.9678771,2.767877,2.5678773,2.767877,3.1678772,3.4678771,3.0678773,3.6678772,4.0678773,3.3678772,2.6678772,2.6678772,1.3678772,1.4678771,0.9678772,1.7678772,0.5678772,0.9678772,0.9678772,0.6678772,0.3678772
1.3678772,1.5678772,1.0678772,2.6678772,1.0678772,0.6678772,1.8678772,1.7678772,1.9678771,1.2678772,1.7678772,2.267877,1.5678772,3.1678772,2.9678771,2.6678772,2.267877,2.767877,2.3678772,2.767877,2.0678773,2.3678772,3.5678773,2.8678772,4.167877,3.9678771,4.0678773,4.0678773,3.6678772,2.5678773,2.4678771,3.267877,2.1678772,1.8678772,1.7678772,1.4678771,1.8678772,0.9678772,2.0678773,1.5678772,1.0678772
1.8678772,1.5678772,1.5678772,3.0678773,1.2678772,1.4678771,-0.8321228,0.5678772,-0.1321228,1.4678771,1.6678772,1.4678771,1.9678771,3.5678773,3.0678773,2.9678771,2.9678771,2.6678772,1.8678772,4.267877,3.767877,4.267877,4.667877,4.0678773,3.8678772,2.8678772,2.8678772,3.1678772,2.6678772,2.5678773,2.5678773,3.0678773,2.1678772,1.8678772,1.8678772,1.3678772,1.1678772,1.2678772,1.3678772,1.4678771,2.267877
-0.1321228,0.6678772,0.1678772,0.9678772,2.8678772,1.1678772,0.2678772,-0.23212281,-1.4321228,-1.3321228,-1.6321228,-0.5321228,0.9678772,0.8678772,0.6678772,1.5678772,3.267877,4.167877,3.267877,4.4678774,3.9678771,4.4678774,4.267877,4.167877,4.167877,3.6678772,3.8678772,3.1678772,2.8678772,2.767877,3.3678772,4.0678773,2.4678771,2.0678773,1.6678772,1.9678771,0.9678772,1.5678772,1.8678772,2.4678771,1.8678772
