wind_kz.json
{"header": {"discipline":0,"disciplineName":"Meteorological products","gribEdition":2,"gribLength":1025,"center":7,"centerName":"US National Weather Service - NCEP(WMC)","subcenter":0,"refTime":"2023-08-21T00:00:00.000Z","significanceOfRT":1,"significanceOfRTName":"Start of forecast","productStatus":0,"productStatusName":"Operational products","productType":1,"productTypeName":"Forecast products","productDefinitionTemplate":0,"productDefinitionTemplateName":"Analysis/forecast at horizontal level/layer at a point in time","parameterCategory":2,"parameterCategoryName":"UnknownDiscipline_0_Category_2","parameterNumber":2,"parameterNumberName":"UnknownParameter_D0_C2_2","parameterUnit":"Unknown","genProcessType":2,"genProcessTypeName":"Forecast","forecastTime":300,"surface1Type":103,"surface1TypeName":"Specified height level above ground","surface1Value":10.0,"surface2Type":255,"surface2TypeName":"Missing","surface2Value":0.0,"gridDefinitionTemplate":0,"gridDefinitionTemplateName":"Latitude_Longitude","numberPoints":615,"shape":6,"shapeName":"Earth spherical with radius of 6,371,229.0 m","gridUnits":"degrees","resolution":48,"winds":"true","scanMode":64,"nx":41,"ny":15,"basicAngle":0,"lo1":47.0,"la1":41.0,"lo2":87.0,"la2":55.0,"dx":1.0,"dy":1.0}, "data":
[rows 0 to 14 of 15, columns 0 to 40 of 41]
-0.80950195,1.4504981,-1.369502,1.6204981,2.710498,3.8904982,7.390498,6.2904983,7.360498,5.720498,5.5204983,2.6504982,3.360498,4.560498,5.080498,5.170498,6.410498,6.330498,5.550498,6.240498,4.550498,3.590498,4.980498,5.330498,6.710498,4.900498,4.310498,-3.5995018,2.1604981,0.18049805,1.500498,1.8504981,0.970498,0.910498,1.550498,0.030498046,0.910498,-1.0095019,1.2104981,-1.449502,0.24049805
1.0804981,-1.499502,0.87049806,2.740498,3.710498,7.120498,7.320498,4.980498,5.5404983,5.430498,4.810498,3.6604981,5.230498,2.570498,3.800498,6.460498,6.0404983,6.200498,7.310498,5.5204983,7.210498,5.720498,4.740498,2.530498,-2.199502,1.7104981,0.13049805,3.070498,2.990498,-2.769502,-1.739502,1.680498,-3.039502,-1.0495019,-0.27950194,2.710498,2.250498,0.020498047,1.4504981,1.400498,-2.659502
-4.849502,-3.5995018,0.44049805,2.6504982,5.7704983,5.210498,3.500498,5.250498,6.180498,4.880498,3.4004982,1.500498,2.1404982,0.780498,5.780498,3.1804981,4.180498,4.300498,4.710498,5.280498,5.660498,3.350498,3.1604981,3.340498,-0.529502,-0.24950196,6.090498,5.930498,-5.619502,-1.359502,0.10049805,0.530498,1.1104981,1.9504981,6.920498,-3.769502,-1.0495019,3.960498,0.48049805,1.2204981,-0.25950196
-4.579502,-1.089502,1.180498,1.790498,2.460498,2.480498,4.080498,6.800498,2.540498,2.040498,0.81049806,1.7004981,-2.209502,2.450498,4.660498,0.15049805,-0.31950197,0.970498,3.240498,1.070498,-0.80950195,1.020498,-4.809502,-3.1095018,-4.759502,-5.289502,-5.609502,-5.559502,-2.759502,0.65049803,2.030498,2.950498,6.380498,6.430498,2.690498,1.0804981,-1.109502,-1.339502,-2.439502,-3.5995018,-3.049502
-2.189502,2.550498,2.990498,1.9504981,2.440498,3.530498,4.780498,4.190498,5.5404983,2.600498,0.790498,-2.299502,1.1204981,3.490498,4.640498,0.17049804,0.21049805,1.140498,-3.529502,-4.9595017,-5.629502,-6.419502,-6.149502,-5.679502,-5.669502,-5.809502,-6.699502,1.320498,-4.039502,-3.489502,-2.3495018,-0.53950197,0.22049804,-0.40950194,-2.759502,-2.429502,-2.0895019,-4.7095017,-4.029502,-2.489502,-2.279502
1.2004981,2.940498,0.6704981,2.460498,4.670498,6.580498,5.320498,2.840498,3.470498,3.020498,0.70049804,2.570498,2.340498,4.200498,1.8404981,-1.0495019,-0.779502,-1.819502,-4.2095017,-4.049502,-5.259502,-5.7295017,-4.949502,-5.539502,-5.739502,-7.399502,-6.279502,-2.8595018,-4.909502,-5.199502,-4.859502,-4.639502,-4.559502,-4.289502,1.400498,0.20049804,0.030498046,-2.149502,-1.099502,-0.90950197,-0.28950197
3.060498,1.8404981,2.1804981,3.200498,3.280498,3.440498,1.3404981,3.850498,2.530498,4.440498,3.260498,4.060498,2.9004982,3.4204981,0.59049803,-2.199502,-2.239502,-1.489502,-2.8595018,-3.959502,-4.549502,-4.759502,-4.839502,-5.049502,-5.9595017,-6.569502,-6.819502,-6.919502,-7.019502,-6.799502,-6.529502,-6.319502,-5.119502,-2.879502,-0.5195019,-0.6395019,-0.80950195,-1.0395019,2.4104981,-0.86950195,-0.709502
2.500498,3.4104981,3.270498,3.840498,3.4004982,3.370498,2.370498,2.220498,-0.85950196,4.210498,4.600498,2.750498,0.6104981,2.300498,-0.28950197,-1.1295019,-1.709502,-2.959502,-2.759502,-3.709502,-4.219502,-4.689502,-4.369502,-4.299502,-4.7095017,-5.779502,-6.279502,-6.849502,-7.779502,-7.149502,-7.319502,-6.259502,-5.179502,-4.269502,-2.559502,0.24049805,-0.06950195,3.050498,3.840498,4.140498,3.290498
2.100498,2.460498,2.960498,3.490498,3.240498,2.820498,2.690498,2.000498,2.100498,4.360498,3.6404982,4.440498,3.200498,1.790498,2.340498,0.25049806,-1.339502,-1.739502,-3.179502,-2.989502,-3.869502,-4.499502,-4.739502,-3.939502,-4.569502,-5.929502,-6.9595017,-7.399502,-7.419502,-6.689502,-6.509502,-5.269502,-3.719502,-2.289502,0.16049805,1.680498,-0.66950196,0.25049806,0.10049805,0.25049806,1.3604981
5.210498,3.870498,3.840498,3.6704981,4.120498,2.4204981,2.570498,1.520498,2.4104981,0.22049804,4.230498,5.860498,3.600498,1.920498,2.290498,1.060498,0.94049805,0.15049805,-0.27950194,-2.039502,-3.3495018,-3.5895019,-3.789502,-4.659502,-6.189502,-6.7295017,-7.079502,-7.329502,-7.409502,-7.309502,-5.929502,-4.239502,-3.8395019,-3.289502,-1.1695019,2.840498,1.630498,0.40049803,-1.4195019,-0.529502,1.150498
4.670498,5.100498,5.420498,4.170498,4.230498,4.220498,3.020498,1.540498,1.170498,2.4004982,4.000498,5.360498,2.770498,2.380498,3.190498,2.840498,-0.18950196,1.440498,-0.16950196,-0.23950195,-2.519502,-2.529502,-4.059502,-4.179502,-4.809502,-5.179502,-6.019502,-6.829502,-6.289502,-5.819502,-5.799502,-5.399502,-4.219502,-4.619502,-3.489502,-3.279502,-1.239502,0.010498047,-1.709502,-0.25950196,0.38049805
6.980498,6.560498,5.460498,5.390498,4.740498,4.220498,3.110498,3.440498,1.420498,1.7404981,0.790498,0.56049806,2.800498,1.790498,2.8904982,2.120498,1.810498,0.64049804,0.55049807,-0.14950195,-1.859502,-1.9095019,-2.479502,-2.479502,-3.5895019,-4.469502,-4.409502,-4.239502,-3.979502,-4.139502,-3.559502,-4.389502,-3.189502,-4.549502,-3.5895019,-3.969502,-4.849502,-5.249502,-2.949502,-1.119502,-0.039501954
5.850498,6.890498,6.320498,5.530498,4.710498,4.110498,4.800498,3.840498,4.550498,-0.59950197,0.39049804,-0.78950197,3.9204981,1.7004981,0.89049804,2.080498,1.550498,0.37049806,-0.22950195,-0.18950196,-0.12950195,0.26049805,-1.219502,-0.969502,-1.7695019,-2.229502,-2.189502,-2.299502,-1.589502,-1.2895019,-2.669502,-2.8595018,-2.949502,-3.629502,-3.699502,-3.259502,-2.3495018,-1.7795019,-2.919502,-2.159502,-0.49950194
7.180498,6.880498,5.260498,5.660498,6.5204983,6.750498,5.650498,5.620498,4.170498,3.130498,0.89049804,1.540498,1.7204981,0.95049804,0.31049806,1.380498,0.80049807,1.650498,0.75049806,-0.29950196,0.70049804,1.070498,-1.7895019,0.39049804,-0.5195019,-0.49950194,0.14049804,0.39049804,1.430498,1.160498,0.790498,0.010498047,-1.6395019,-1.2795019,-1.2695019,-1.939502,-1.6495019,-1.069502,-2.309502,-1.4095019,-0.48950195
3.490498,6.340498,8.540498,6.430498,6.390498,5.7904983,5.690498,3.990498,5.440498,4.010498,-0.07950196,3.4204981,1.550498,0.49049804,-0.54950196,0.76049805,3.600498,3.620498,1.6204981,0.530498,0.59049803,0.020498047,-0.36950195,0.81049806,1.270498,1.290498,1.500498,1.900498,1.8504981,1.3704981,-0.649502,0.6704981,2.1704981,-0.54950196,-0.43950194,0.31049806,1.130498,-1.069502,-1.2695019,-1.579502,0.37049806
