wind_kz.json
{"header": {"discipline":0,"disciplineName":"Meteorological products","gribEdition":2,"gribLength":1025,"center":7,"centerName":"US National Weather Service - NCEP(WMC)","subcenter":0,"refTime":"2023-09-28T06:00:00.000Z","significanceOfRT":1,"significanceOfRTName":"Start of forecast","productStatus":0,"productStatusName":"Operational products","productType":1,"productTypeName":"Forecast products","productDefinitionTemplate":0,"productDefinitionTemplateName":"Analysis/forecast at horizontal level/layer at a point in time","parameterCategory":2,"parameterCategoryName":"UnknownDiscipline_0_Category_2","parameterNumber":3,"parameterNumberName":"UnknownParameter_D0_C2_3","parameterUnit":"Unknown","genProcessType":2,"genProcessTypeName":"Forecast","forecastTime":0,"surface1Type":103,"surface1TypeName":"Specified height level above ground","surface1Value":10.0,"surface2Type":255,"surface2TypeName":"Missing","surface2Value":0.0,"gridDefinitionTemplate":0,"gridDefinitionTemplateName":"Latitude_Longitude","numberPoints":615,"shape":6,"shapeName":"Earth spherical with radius of 6,371,229.0 m","gridUnits":"degrees","resolution":48,"winds":"true","scanMode":64,"nx":41,"ny":15,"basicAngle":0,"lo1":47.0,"la1":41.0,"lo2":87.0,"la2":55.0,"dx":1.0,"dy":1.0}, "data":
[rows 0 to 14 of 15, columns 0 to 40 of 41]
0.29725343,1.8272535,-0.16274658,0.20725341,0.6272534,1.3172535,1.2872534,0.96725345,0.8772534,-1.3827466,-3.0127466,-3.2727466,-3.4027467,-3.3627465,-3.8727465,-4.8427467,-4.3927464,-3.4827466,-3.7727466,-2.7027466,-1.8827466,-3.0827465,-0.70274657,1.7872534,2.3272533,3.9572535,-0.12274658,0.0072534177,-1.6427466,0.6172534,2.0272534,2.8572533,0.037253417,-0.4627466,0.6972534,0.48725343,0.3172534,-0.002746582,0.017253418,1.4372535,1.9072534
-1.7127466,0.6872534,2.0872533,0.04725342,0.22725342,0.6272534,0.09725342,0.3172534,-0.59274656,-0.6827466,-0.8227466,-1.8027465,-3.1027465,-2.9627466,-4.0427465,-4.2227464,-3.0927465,-2.6327467,-4.1227465,-4.5727468,-4.2427464,-2.6127465,-2.8727465,-0.8027466,2.5972533,2.3172534,3.2472534,2.4072535,1.1372534,0.9272534,-2.2427466,1.1172534,1.8672534,2.4372535,2.8972535,3.2672534,2.5272534,1.8472534,1.8572534,1.6272534,0.2872534
2.0172534,3.7272534,1.6672534,0.39725342,-0.19274658,-0.52274656,-1.1527466,-1.4027466,-1.6327466,-3.0627465,-2.2027466,-0.5527466,-1.0727466,-2.2427466,-2.9227467,-2.8027465,-3.1527467,-3.2727466,-4.052747,-4.5227466,-5.0227466,-0.2727466,0.2872534,0.5172534,-1.7627466,-1.8727466,-1.8127465,-2.0227466,-0.45274657,-2.5027466,-2.3727465,0.12725341,-2.7327466,1.1272534,0.8872534,-2.5827465,-1.7927465,2.1372535,-1.4527466,0.6972534,0.3872534
2.3072534,1.8372535,0.84725344,0.5872534,-1.7127466,-2.6627467,-2.7427466,-3.1827466,-2.7827466,-3.6827466,-2.6027465,-1.0327466,0.8072534,0.3772534,-1.2427466,-2.7827466,-3.7627466,-4.3527465,-4.3527465,-4.802747,-4.8627467,-0.5427466,-0.8227466,0.19725342,-0.08274658,-0.3427466,-0.35274658,0.8772534,-0.44274658,-1.5527465,4.7972536,1.0972534,0.9372534,0.6472534,0.5672534,1.8872534,3.1772535,3.4572535,-3.0027466,-2.4227467,-1.1527466
0.7772534,0.017253418,-0.7327466,-1.6127466,-2.1627467,-2.8827467,-3.8327465,-2.9727466,-3.5127466,-4.2527466,-3.3927467,-2.8627465,-0.39274657,2.6972535,0.6872534,-3.3327465,-4.8727465,-4.4127464,-4.3327465,-4.1227465,-3.6827466,-1.7227466,-0.6227466,-0.6627466,0.4072534,0.79725343,1.4472535,-2.4227467,0.8972534,3.5472534,2.7772534,-0.42274657,2.2572534,0.97725344,1.0972534,1.3872534,2.8072534,-0.5727466,-1.5227466,-0.8527466,0.077253416
-0.17274658,-1.1727465,-1.8727466,-0.9927466,-2.8527465,-5.4727464,-6.2027464,-6.1227465,-5.3827467,-4.6027465,-2.3627465,-1.9127465,2.5372534,3.6672535,0.14725342,-3.1427467,-4.4227467,-4.8127465,-4.8527465,-4.0427465,-2.4327466,-2.6227465,-1.7927465,1.4172534,1.3672534,1.4772534,0.43725342,-0.41274658,-1.0127466,1.0072534,-0.23274659,-0.64274657,-1.7927465,-2.2927465,-1.9827466,8.057254,-2.9327466,2.7572534,1.2172534,0.037253417,0.6172534
-0.14274658,0.20725341,-1.0327466,-3.6827466,-3.5727465,-4.9227467,-5.8827467,-6.3827467,-5.9727464,-5.1827464,-3.4827466,-2.1227465,0.6472534,3.9572535,0.96725345,-1.3327466,-3.4027467,-4.552747,-4.9727464,-4.0827465,-2.2427466,-2.4027467,-1.3027465,0.3472534,2.3772535,1.0772535,-0.21274658,-0.5727466,0.79725343,2.9672534,3.2872534,2.6872535,-0.21274658,1.4672534,2.4672534,2.3072534,2.5972533,2.8172534,1.4872534,2.8672533,3.9172535
1.1772534,-0.08274658,-2.3927467,-4.3927464,-5.2327466,-5.4127464,-5.9127464,-6.9427466,-7.0727468,-7.6027465,-3.4627466,-1.8627466,0.71725345,3.4572535,1.4872534,-1.4827466,-2.6527467,-4.2427464,-4.0427465,-4.9127464,-2.6127465,-1.7327466,-2.7227466,-1.7227466,-0.70274657,0.45725343,0.4172534,0.15725341,0.6272534,1.4172534,4.0372534,5.7472534,3.8672533,3.2972534,1.8772534,-0.14274658,-0.062746584,2.4572535,-1.3627466,1.5372534,2.4872534
-0.23274659,-1.4927466,-2.8627465,-4.1227465,-4.5927467,-5.1927466,-5.7527466,-6.4027467,-7.1827464,-7.532747,-7.7027464,-2.4727466,1.2372534,1.4672534,0.20725341,-1.7227466,-1.6627465,-3.1527467,-3.3727465,-2.5727465,-2.1027465,-2.0127466,-3.0127466,-2.4127467,-1.2927465,-0.52274656,-0.26274657,-0.44274658,-0.35274658,-0.84274656,-0.032746583,3.7872534,3.5272534,1.5572534,4.8472533,5.7072535,2.8972535,0.17725343,2.6572535,1.7372534,1.0172534
-1.9727466,-0.8127466,-2.1627467,-4.2227464,-5.3527465,-5.2327466,-5.1327467,-5.9527464,-6.6127467,-6.7727466,-6.8527465,-5.0227466,-4.3527465,-0.45274657,-0.6327466,-2.3827467,-2.2427466,-3.0227466,-2.8327465,-1.6727465,-0.4327466,-0.5627466,-2.4427466,-2.0327466,-1.7027466,-1.8927466,-0.45274657,-1.4127465,-1.3827466,-0.3327466,-1.3227466,-0.9827466,-2.0527465,1.6772534,6.7272534,5.8772535,2.6372535,2.2772534,1.4572535,1.2772534,2.9172535
-2.1227465,-1.7027466,-2.8227465,-4.4627466,-4.7527466,-5.3427467,-5.4027467,-5.512747,-5.552747,-5.5427465,-5.3927464,-4.7027464,-5.5627465,-4.3127465,-1.2227466,-0.9927466,-2.5027466,-2.6427467,-2.8727465,-2.5227466,-1.7327466,-1.0427465,-0.8827466,-1.1127466,-1.6527466,-0.4927466,-1.2427466,-1.3127465,-1.7227466,-2.5027466,-3.8727465,-1.2527466,0.117253415,2.2072535,4.947253,7.3272533,3.3972535,2.0772533,2.6972535,1.8672534,1.2272534
-2.7027466,-3.3227465,-3.6627467,-3.9927466,-4.2127466,-4.8927464,-4.9627466,-5.0727468,-5.2127466,-4.7427464,-4.4127464,-4.7027464,-4.9527464,-4.9627466,-4.6527467,-3.4227467,-3.4127467,-3.4327466,-2.1027465,-2.4227467,-2.3327465,-1.7827466,-1.2527466,-0.89274657,-0.5527466,-0.58274657,-1.1227466,-0.83274657,-2.6127465,-3.9027467,-4.5627465,-3.9427466,0.04725342,4.9572535,4.8372536,4.5372534,3.5272534,1.9072534,-0.5127466,1.1472534,-0.07274658
-2.0727465,-2.8027465,-3.8027465,-3.2327466,-3.4727466,-3.1427467,-4.3427467,-4.8327465,-5.9027467,-4.2727466,-3.7227466,-3.7527466,-5.6627464,-5.4527464,-5.3527465,-3.7327466,-3.8827467,-3.0327466,-3.4127467,-1.7627466,-0.9927466,-1.1227466,-0.8227466,-1.1227466,-1.3327466,-1.1127466,-0.8027466,0.017253418,-1.4427466,-2.4127467,-3.5427465,-3.8327465,-2.7527466,1.7672534,3.4072535,4.947253,3.4672534,1.9872534,2.9172535,2.6872535,1.6272534
-1.7827466,-2.4827466,-2.9527466,-2.8627465,-3.2527466,-3.4927466,-4.1227465,-4.3927464,-4.4527464,-4.7527466,-2.5927465,-2.6527467,-3.5427465,-2.5827465,-1.9527466,-3.7927465,-3.3127465,-3.1527467,-2.5127466,-1.3727466,-0.84274656,-0.5127466,-0.2727466,-0.28274658,0.49725342,-0.6327466,-1.3127465,-0.022746582,0.4472534,-0.89274657,-1.2427466,-3.0727465,-1.9327465,1.6872535,2.3872535,2.0072534,1.4172534,0.8972534,2.5172534,2.7272534,3.5472534
-0.4627466,-1.9827466,-1.8427466,-2.1827466,-2.4127467,-2.3527465,-2.2327466,-3.3427465,-3.8927467,-2.3527465,-1.5127466,-1.1227466,-1.7527466,-3.4627466,-3.9127467,-3.2827466,-4.0027466,-3.9327466,-2.9827466,-2.4027467,-2.2327466,-1.5527465,-1.5827466,0.33725342,-0.45274657,-0.31274658,-1.0427465,-0.4327466,0.29725343,0.08725342,0.0072534177,-0.3627466,-1.9027466,-0.19274658,2.2372534,2.1972535,3.3472533,3.3272533,2.9572535,3.6972535,2.6572535
