wind_kz.json
{"header": {"discipline":0,"disciplineName":"Meteorological products","gribEdition":2,"gribLength":1102,"center":7,"centerName":"US National Weather Service - NCEP(WMC)","subcenter":0,"refTime":"2023-09-10T12:00:00.000Z","significanceOfRT":1,"significanceOfRTName":"Start of forecast","productStatus":0,"productStatusName":"Operational products","productType":1,"productTypeName":"Forecast products","productDefinitionTemplate":0,"productDefinitionTemplateName":"Analysis/forecast at horizontal level/layer at a point in time","parameterCategory":2,"parameterCategoryName":"UnknownDiscipline_0_Category_2","parameterNumber":2,"parameterNumberName":"UnknownParameter_D0_C2_2","parameterUnit":"Unknown","genProcessType":2,"genProcessTypeName":"Forecast","forecastTime":0,"surface1Type":103,"surface1TypeName":"Specified height level above ground","surface1Value":10.0,"surface2Type":255,"surface2TypeName":"Missing","surface2Value":0.0,"gridDefinitionTemplate":0,"gridDefinitionTemplateName":"Latitude_Longitude","numberPoints":615,"shape":6,"shapeName":"Earth spherical with radius of 6,371,229.0 m","gridUnits":"degrees","resolution":48,"winds":"true","scanMode":64,"nx":41,"ny":15,"basicAngle":0,"lo1":47.0,"la1":41.0,"lo2":87.0,"la2":55.0,"dx":1.0,"dy":1.0}, "data":
[rows 0 to 14 of 15, columns 0 to 40 of 41]
4.7763653,5.126365,-1.6236347,6.2763653,7.646365,8.556365,9.5363655,9.736365,13.696364,11.846365,6.7263656,5.9963655,2.7763653,-0.45363465,-2.2236347,-3.0236347,-3.7836347,-5.5336347,-5.063635,-4.7636347,-2.4736347,0.31636536,1.8363653,-1.3736347,5.5963655,4.7363653,4.5463653,6.1163654,2.7263653,0.6063654,0.22636536,0.026365357,-1.0936346,-1.9236346,-3.5936346,-0.71363467,-1.5836346,-3.4536347,-1.4836346,-2.8436346,-1.9536346
1.4863653,-1.6436347,10.786365,10.986364,11.656364,12.026364,12.026364,11.276364,14.526364,11.556365,4.2263656,2.6663654,0.14636536,-3.4236345,-3.5736346,-3.7036347,-2.8436346,-3.9036345,-3.7236347,-2.8536346,-1.7736347,-1.4136347,-1.0536346,-2.7236347,0.53636533,0.19636536,1.7963654,3.8663654,3.9463654,3.5763655,1.8363653,0.21636535,-3.1436346,-0.053634644,0.20636536,-1.1336347,0.066365354,-1.0336347,-0.32363465,0.16636536,-0.15363464
13.196364,12.586365,16.256365,16.596365,15.716365,12.936365,12.726365,9.7863655,9.7863655,2.9663653,0.88636535,-0.61363465,-0.86363465,-2.7336347,-5.2036347,-2.3636346,-1.8636346,-1.6636347,-1.3736347,-0.113634646,0.24636535,0.58636534,0.11636536,1.4163654,-2.4436347,-3.3836346,-3.6636345,2.3963654,6.646365,0.56636536,1.0563654,-2.6836348,1.2763654,-1.4736346,-2.5836346,0.50636536,-0.17363465,-1.5936346,4.2863655,3.5663652,-0.91363466
9.336366,12.936365,13.196364,20.526365,13.456365,14.836365,0.6663654,-1.5436347,2.2463653,-2.7636347,-4.2136345,-4.103635,-4.6736345,-4.0936346,-3.7936347,-3.4036345,-3.2636347,-3.5736346,-1.2736347,0.89636534,-0.5736346,-0.6936346,-2.7936347,-3.3836346,-3.5036347,-2.4136345,-1.1036346,-4.0536346,-2.0536346,-2.2336347,-0.72363466,-2.6736345,-2.4436347,-2.7036347,-0.29363465,0.57636535,0.7263653,1.3763653,-2.4836347,-3.8136346,-4.4736347
8.196365,6.6363654,9.186365,9.826365,-3.7536347,-3.1636345,-5.3436346,-3.6636345,-3.1236346,-5.853635,-5.2536345,-7.2836347,-5.4236345,-4.893635,-4.313635,-3.4536347,-3.6836348,-2.7836347,-3.7036347,-3.8136346,-3.8136346,-3.5636346,-3.3336346,-2.4536347,-1.0636346,-1.0236347,-0.97363466,-0.98363465,2.6163654,-0.49363464,1.8863654,0.96636534,-2.4636347,-1.2236346,-0.48363465,-1.1836346,0.27636537,-2.9436347,-3.1336346,-4.1336346,-2.5536346
6.8263655,4.686365,11.496365,9.146365,5.7263656,-1.9336346,-4.0936346,-5.0536346,-4.4936347,-4.893635,-6.9536347,-7.7536345,-5.6936345,-2.1736345,-1.1636347,-3.4836347,-3.9736347,-4.1336346,-3.8536346,-2.9736347,-3.3636346,-2.7536347,-2.3836346,-1.6136346,-1.0636346,-0.033634644,0.95636535,-1.5836346,2.1663654,2.3563654,-3.2336347,-0.56363463,-2.2336347,-4.353635,-0.92363465,-3.3636346,-2.4336348,0.8663654,-2.4936347,-1.5336347,-2.8736346
5.3663654,6.5363655,1.8563653,2.5863655,-1.8536346,-3.3536346,-3.5436347,-1.6736346,-4.4736347,-5.6336346,-6.143635,-4.8836346,-3.1936347,-3.3136346,-3.4536347,-3.0136347,-3.0036347,-2.5936346,-3.1336346,-3.3436346,-3.4136345,-3.8036346,-2.8936346,-2.1536345,-1.9536346,-0.81363463,-0.19363464,0.58636534,1.3663653,1.1963654,2.1063654,-0.29363465,-3.8136346,-3.8536346,-4.4736347,-1.4536346,0.15636535,0.30636537,2.6463654,1.0463654,-1.2136346
4.3463655,4.5163655,1.8563653,2.2563653,-2.3636346,-2.3336346,-0.5836346,-0.92363465,-1.8136346,-2.8936346,-1.2936347,-1.5836346,0.9263654,-0.39363465,-1.5136347,-2.2336347,-3.7936347,-4.0036345,-2.8536346,-3.0336347,-3.5836346,-3.4336348,-3.1536345,-2.7536347,-2.4736347,-1.4236346,0.096365355,1.2963654,2.7263653,5.0763655,0.9163654,0.65636533,-0.36363465,-0.43363464,0.82636535,5.336365,-4.373635,-5.7936344,-4.3836346,-2.6336346,0.15636535
1.3963654,2.8763654,1.8863654,1.0663654,2.1463654,0.44636536,-1.2536347,-0.67363465,1.5363654,2.6763654,2.3363655,1.4763653,2.7563653,-1.7136346,-1.5436347,-1.9636346,-2.1636345,-3.2536347,-2.6536345,-2.0236347,-1.8736347,-2.7536347,-1.6736346,-1.3036346,-1.5136347,-0.29363465,0.49636537,1.2663654,3.1163654,2.0163653,0.64636534,1.0463654,1.1363654,2.2963653,6.3463655,-3.7736347,-2.1336346,-2.2236347,0.27636537,-0.43363464,1.3363653
-0.6336346,0.32636535,2.0263653,2.3463655,3.0263653,1.2663654,3.2063653,1.7863654,1.4663653,0.90636533,4.8663654,0.26636535,2.5063653,1.2463653,-0.113634646,-0.36363465,-0.23363465,-0.92363465,-1.5936346,-2.1936347,-1.9536346,-1.3436346,-0.40363464,-0.0136346435,0.39636534,0.9163654,1.2763654,3.0663652,2.3463655,4.0363655,4.4063654,3.1763654,4.6963654,3.0363653,-3.0236347,-3.8236346,-2.8136346,-1.3036346,0.11636536,0.70636535,1.2463653
-1.6536347,-0.31363463,1.2363653,0.33636534,1.7563653,2.3763654,3.0763655,2.8263655,3.9863653,2.9763653,0.70636535,4.5163655,4.436365,4.4063654,2.7263653,3.1263654,3.0363653,2.0163653,-0.033634644,0.52636534,-0.123634644,-0.41363466,0.25636536,0.26636535,1.2963654,1.8363653,2.2863653,5.896365,2.4163654,1.2563653,3.9863653,3.0063653,1.6063653,-2.1636345,-3.7336347,-3.0036347,-0.99363464,0.12636536,1.2363653,-0.37363464,0.8063654
-2.3536346,-1.6136346,-3.2736347,-2.3236346,-3.0936346,-1.8536346,-2.7236347,2.1263654,2.0163653,2.2163653,1.6063653,2.3763654,1.3563653,2.5563653,2.5263653,4.876365,3.0763655,4.2263656,3.6463654,2.0563653,1.6063653,1.8463653,1.8663653,1.7963654,2.2563653,1.5563654,4.7963653,1.4163654,-3.0136347,-3.0636346,-4.9736347,-6.8636346,-5.3036346,-6.2936344,-4.9236345,-3.9936347,-3.7136347,-2.6436346,-1.9236346,-1.1536347,-1.5636346
-2.1936347,-2.9736347,-3.2536347,-2.1136346,-4.6136346,-2.7536347,-2.1136346,-2.5036347,-1.2836347,0.20636536,0.096365355,0.9163654,2.5763655,3.5863655,3.2463653,3.3163652,0.5563654,4.3463655,2.0463653,3.8463655,1.5463654,3.3263655,2.8163652,2.2363653,2.7663653,4.2763653,7.9663653,-1.3936347,-1.2936347,-3.4836347,-4.9436345,-4.9936347,-5.0136347,-4.1136346,-2.8436346,-2.4636347,-2.0536346,-2.0336347,-2.6136346,-1.8536346,-1.2236346
-1.5236347,-3.8536346,-2.4036345,-3.6136346,-3.0136347,-4.2936344,-2.8336346,-1.7336346,-1.0136347,-2.7436347,-1.5536346,-2.1536345,-2.6236346,-2.0736346,-0.42363465,0.29636535,1.2563653,3.3163652,2.9263654,2.7563653,-0.30363464,2.0763655,3.9163654,3.7763653,2.3963654,3.1563654,3.6663654,-3.4636347,-4.163635,-4.373635,-4.3836346,-3.7536347,-3.3036346,-2.8236346,-2.5936346,-3.3836346,-1.7336346,-1.6336347,-1.9436346,-2.5136347,-0.90363467
-1.4136347,-3.0136347,-3.9336348,-3.5736346,-4.6936345,-2.8936346,-6.3436346,-3.5736346,-3.2436347,-4.7336345,-3.2336347,-4.8236346,-2.1136346,-2.6536345,-3.6336346,-3.4836347,-1.7336346,-1.3736347,0.26636535,2.1263654,0.22636536,3.8163652,2.0063653,0.7263653,1.6263653,-1.1136346,-1.9536346,-4.7736344,-4.2736344,-4.2736344,-4.413635,-3.5736346,-2.9536347,-2.9136345,-2.3936346,-1.2236346,-2.4436347,-2.8436346,-2.0736346,-1.9636346,-0.6936346
