wind_kz.json
{"header": {"discipline":0,"disciplineName":"Meteorological products","gribEdition":2,"gribLength":718,"center":7,"centerName":"US National Weather Service - NCEP(WMC)","subcenter":0,"refTime":"2023-08-27T12:00:00.000Z","significanceOfRT":1,"significanceOfRTName":"Start of forecast","productStatus":0,"productStatusName":"Operational products","productType":1,"productTypeName":"Forecast products","productDefinitionTemplate":0,"productDefinitionTemplateName":"Analysis/forecast at horizontal level/layer at a point in time","parameterCategory":2,"parameterCategoryName":"UnknownDiscipline_0_Category_2","parameterNumber":3,"parameterNumberName":"UnknownParameter_D0_C2_3","parameterUnit":"Unknown","genProcessType":2,"genProcessTypeName":"Forecast","forecastTime":180,"surface1Type":103,"surface1TypeName":"Specified height level above ground","surface1Value":10.0,"surface2Type":255,"surface2TypeName":"Missing","surface2Value":0.0,"gridDefinitionTemplate":0,"gridDefinitionTemplateName":"Latitude_Longitude","numberPoints":615,"shape":6,"shapeName":"Earth spherical with radius of 6,371,229.0 m","gridUnits":"degrees","resolution":48,"winds":"true","scanMode":64,"nx":41,"ny":15,"basicAngle":0,"lo1":47.0,"la1":41.0,"lo2":87.0,"la2":55.0,"dx":1.0,"dy":1.0}, "data":
[rows 0 to 14 of 15, columns 0 to 40 of 41]
0.59393615,-1.5060638,0.59393615,-4.006064,-4.406064,-2.806064,-1.5060638,-0.5060638,-1.6060638,-1.7060639,-3.1060638,1.2939361,0.39393616,-0.10606384,-0.10606384,-1.0060638,-1.1060638,-1.1060638,-2.9060638,-1.3060639,-2.6060638,-4.7060637,0.59393615,0.69393617,0.89393616,0.9939362,-0.90606385,2.0939362,-0.90606385,-1.1060638,-2.7060637,-4.2060637,1.6939361,-5.2060637,-5.8060637,-1.9060638,-2.9060638,-0.10606384,-1.2060639,-3.2060637,-0.70606387
3.193936,1.8939362,0.19393615,-2.4060638,-2.4060638,-2.506064,-2.806064,-0.40606385,-1.4060638,-1.7060639,-2.306064,-0.80606383,-0.90606385,-1.0060638,-2.6060638,-0.70606387,0.09393616,-2.006064,-3.6060638,-4.106064,-3.7060637,-4.8060637,-1.6060638,2.7939363,0.79393613,1.8939362,-0.80606383,3.7939363,0.49393615,2.8939362,4.6939363,5.2939363,0.59393615,0.9939362,-2.806064,-2.4060638,-1.2060639,-4.2060637,-2.4060638,-2.6060638,2.0939362
2.8939362,2.8939362,0.39393616,-0.5060638,-2.4060638,-2.1060638,-2.6060638,-2.806064,-2.2060637,-1.7060639,-1.3060639,-0.80606383,-1.6060638,-2.2060637,-1.7060639,-1.9060638,-2.1060638,-3.4060638,-3.806064,-4.006064,-4.2060637,-3.006064,-4.406064,-0.5060638,-0.10606384,-0.0060638427,0.19393615,1.7939361,-0.30606383,1.0939362,2.2939363,0.59393615,1.0939362,-0.20606384,-0.5060638,1.0939362,2.993936,-0.20606384,-0.60606384,-0.60606384,0.79393613
1.1939361,0.89393616,-0.5060638,-1.2060639,-2.806064,-2.1060638,-1.9060638,-3.006064,-1.7060639,0.49393615,-0.30606383,-0.20606384,-1.4060638,-2.4060638,-2.4060638,-2.506064,-2.7060637,-3.2060637,-3.9060638,-4.2060637,-4.406064,-2.9060638,-1.7060639,-0.70606387,-1.7060639,-2.2060637,-2.9060638,-1.4060638,-0.0060638427,-0.70606387,-2.1060638,-1.6060638,0.29393616,-1.8060639,-0.70606387,-1.7060639,0.79393613,3.8939362,-0.40606385,1.0939362,-0.0060638427
0.09393616,-0.0060638427,-0.0060638427,-1.1060638,-1.4060638,-2.306064,-2.806064,-1.8060639,-2.006064,1.2939361,1.5939362,1.7939361,-0.30606383,-0.90606385,-2.9060638,-3.2060637,-3.306064,-3.6060638,-3.506064,-4.006064,-4.106064,-3.506064,-3.7060637,-1.6060638,-2.4060638,-2.9060638,0.09393616,-2.9060638,-3.506064,1.3939362,0.39393616,0.79393613,1.6939361,1.7939361,-0.30606383,-2.1060638,-6.506064,-0.70606387,1.3939362,-4.3060637,-5.7060637
-0.5060638,-1.1060638,-2.1060638,-2.7060637,-2.2060637,-2.506064,-3.4060638,-3.506064,-0.0060638427,1.8939362,0.9939362,1.0939362,-1.3060639,-2.9060638,-2.806064,-3.7060637,-4.106064,-3.7060637,-4.8060637,-3.7060637,-3.7060637,-4.406064,-3.506064,-2.2060637,-0.5060638,-2.2060637,-3.4060638,-4.006064,3.7939363,-2.2060637,-0.5060638,1.5939362,2.3939362,1.5939362,1.3939362,-0.90606385,0.9939362,-1.6060638,-2.6060638,4.493936,-0.30606383
1.0939362,0.39393616,-1.1060638,-0.5060638,-1.6060638,-2.306064,-3.306064,-2.506064,0.49393615,2.193936,1.3939362,1.0939362,-1.1060638,-2.2060637,-1.9060638,-3.9060638,-4.3060637,-4.506064,-4.2060637,-3.9060638,-3.6060638,-4.006064,-2.506064,-3.7060637,-0.90606385,-1.4060638,-2.4060638,-3.506064,-3.4060638,1.2939361,0.39393616,0.59393615,-0.0060638427,-1.2060639,-1.5060638,-0.70606387,-1.5060638,-1.5060638,-1.6060638,-0.20606384,-4.7060637
2.0939362,1.1939361,0.59393615,-0.30606383,-1.1060638,-2.6060638,-2.7060637,-2.806064,-1.2060639,-1.6060638,-1.4060638,0.69393617,-2.1060638,-1.7060639,-2.4060638,-3.4060638,-3.4060638,-4.2060637,-4.106064,-3.806064,-3.7060637,-3.6060638,-3.6060638,-3.2060637,-2.306064,-1.1060638,-1.1060638,-2.7060637,-0.5060638,-4.7060637,-1.6060638,-1.7060639,-2.006064,-3.006064,0.69393617,0.9939362,0.69393617,0.59393615,0.69393617,-0.0060638427,-1.8060639
1.6939361,1.2939361,0.29393616,0.29393616,-0.70606387,-1.6060638,-1.5060638,-1.7060639,-2.306064,-1.7060639,-1.3060639,-0.40606385,-1.0060638,-1.4060638,-2.2060637,-1.8060639,-2.806064,-2.9060638,-4.006064,-3.7060637,-2.506064,-3.1060638,-3.306064,-2.806064,-1.9060638,-0.60606384,0.49393615,-0.60606384,-1.0060638,0.09393616,-1.5060638,-0.70606387,-0.60606384,-2.1060638,-1.5060638,-1.6060638,-0.30606383,1.1939361,1.7939361,0.69393617,-0.10606384
2.5939362,2.493936,2.193936,1.4939362,0.79393613,-0.5060638,-0.70606387,-0.5060638,-1.5060638,-0.70606387,-1.1060638,-2.006064,-3.4060638,-2.806064,-2.9060638,-3.006064,-3.006064,-3.1060638,-2.806064,-2.9060638,-2.9060638,-3.1060638,-2.7060637,-1.0060638,-1.6060638,-1.6060638,-0.10606384,0.49393615,1.2939361,1.2939361,0.39393616,0.19393615,-0.90606385,-1.1060638,-1.6060638,-1.3060639,-0.80606383,-0.5060638,1.3939362,3.993936,2.7939363
2.993936,2.8939362,3.193936,1.4939362,1.1939361,1.6939361,0.59393615,-0.20606384,-1.1060638,-2.1060638,-0.70606387,0.19393615,-2.506064,-2.806064,-3.1060638,-3.306064,-3.6060638,-3.506064,-3.306064,-4.2060637,-4.3060637,-2.7060637,-3.6060638,-3.806064,-0.90606385,0.79393613,1.6939361,0.79393613,1.4939362,0.69393617,1.8939362,0.59393615,0.79393613,-0.30606383,-0.80606383,-0.70606387,-0.60606384,-0.40606385,0.49393615,1.5939362,0.69393617
1.3939362,2.193936,2.8939362,2.993936,1.7939361,0.9939362,0.49393615,0.19393615,0.49393615,-0.5060638,-0.80606383,-0.5060638,-0.30606383,-1.2060639,-1.9060638,-1.9060638,-1.9060638,-2.7060637,-2.6060638,-2.2060637,-3.006064,-3.806064,-4.606064,-4.506064,-3.006064,-2.1060638,0.39393616,1.7939361,1.7939361,1.3939362,1.1939361,1.8939362,1.8939362,1.9939362,1.2939361,1.0939362,1.6939361,2.3939362,1.8939362,1.6939361,0.9939362
1.4939362,1.5939362,2.7939363,1.9939362,1.7939361,0.39393616,0.09393616,0.09393616,0.69393617,0.9939362,-0.0060638427,-0.5060638,0.19393615,-1.1060638,-0.80606383,-0.60606384,-0.70606387,-1.3060639,-2.1060638,-1.9060638,-1.7060639,-2.6060638,-2.006064,-2.9060638,-3.7060637,-1.0060638,-1.0060638,0.19393615,2.693936,1.6939361,1.0939362,1.4939362,1.7939361,2.693936,2.493936,2.7939363,2.3939362,1.3939362,1.9939362,1.5939362,0.69393617
1.6939361,1.6939361,2.0939362,1.6939361,1.7939361,1.4939362,0.49393615,1.0939362,1.0939362,1.4939362,1.4939362,-0.30606383,-0.20606384,-0.40606385,-1.1060638,-1.3060639,-0.80606383,-0.40606385,-1.4060638,-1.1060638,-1.8060639,-2.4060638,-2.6060638,-2.506064,-2.4060638,-2.306064,-1.1060638,0.79393613,1.0939362,1.0939362,0.69393617,0.9939362,2.2939363,2.493936,2.693936,3.0939362,2.493936,2.193936,1.9939362,1.6939361,1.7939361
1.2939361,1.2939361,0.79393613,1.5939362,1.5939362,1.9939362,1.4939362,1.7939361,0.9939362,0.59393615,1.4939362,1.3939362,1.6939361,-0.40606385,-1.0060638,-1.3060639,-0.90606385,-0.90606385,-0.60606384,-0.30606383,-1.2060639,-1.7060639,-2.4060638,-2.9060638,-2.506064,-2.006064,-1.4060638,-0.0060638427,0.79393613,0.89393616,1.6939361,1.0939362,0.49393615,1.7939361,2.693936,3.3939362,4.1939363,3.8939362,2.693936,3.0939362,1.8939362
