wind_kz.json
{"header": {"discipline":0,"disciplineName":"Meteorological products","gribEdition":2,"gribLength":1025,"center":7,"centerName":"US National Weather Service - NCEP(WMC)","subcenter":0,"refTime":"2023-08-28T12:00:00.000Z","significanceOfRT":1,"significanceOfRTName":"Start of forecast","productStatus":0,"productStatusName":"Operational products","productType":1,"productTypeName":"Forecast products","productDefinitionTemplate":0,"productDefinitionTemplateName":"Analysis/forecast at horizontal level/layer at a point in time","parameterCategory":2,"parameterCategoryName":"UnknownDiscipline_0_Category_2","parameterNumber":3,"parameterNumberName":"UnknownParameter_D0_C2_3","parameterUnit":"Unknown","genProcessType":2,"genProcessTypeName":"Forecast","forecastTime":60,"surface1Type":103,"surface1TypeName":"Specified height level above ground","surface1Value":10.0,"surface2Type":255,"surface2TypeName":"Missing","surface2Value":0.0,"gridDefinitionTemplate":0,"gridDefinitionTemplateName":"Latitude_Longitude","numberPoints":615,"shape":6,"shapeName":"Earth spherical with radius of 6,371,229.0 m","gridUnits":"degrees","resolution":48,"winds":"true","scanMode":64,"nx":41,"ny":15,"basicAngle":0,"lo1":47.0,"la1":41.0,"lo2":87.0,"la2":55.0,"dx":1.0,"dy":1.0}, "data":
[rows 0 to 14 of 15, columns 0 to 40 of 41]
0.8348291,-1.3351709,1.3048291,8.244829,1.1948291,-1.4751709,-2.925171,0.2648291,-0.0751709,1.3548291,1.504829,-0.0951709,0.3548291,0.1148291,-1.8851709,0.7248291,-0.7351709,-1.4251709,-2.0451708,-2.2451708,-2.685171,-3.635171,-1.2951709,0.2448291,-2.175171,0.6848291,-1.9251709,1.2048291,2.914829,-1.0251709,0.3748291,-0.7151709,1.6648291,-0.5251709,0.6848291,1.9348291,0.4248291,-0.6751709,1.374829,0.5148291,-0.1751709
1.5948291,2.194829,4.174829,4.3348293,0.5048291,-1.8151709,-2.165171,-0.8951709,-0.6251709,-1.6751709,2.104829,1.1448292,-0.5551709,-1.9651709,-2.425171,0.7248291,0.4548291,1.4848291,-0.24517089,-1.9451709,-2.565171,-3.165171,-1.8251709,2.424829,3.424829,2.7448292,-1.1651709,4.614829,0.9648291,3.5448291,5.544829,5.8948293,1.4748291,1.3648291,-0.8751709,-1.4151709,-1.5351709,-2.925171,-0.6651709,-0.7151709,0.8048291
2.344829,6.174829,4.054829,1.8448291,-0.9451709,-1.2251709,-0.7651709,-0.4351709,-1.2851709,-1.4651709,0.43482912,-0.3351709,2.2648292,1.7248291,-0.055170897,0.7448291,-0.1251709,0.3248291,1.8648291,0.1548291,-1.1751709,-1.9051709,-0.9351709,1.624829,1.3548291,-0.3351709,-2.5051708,-2.6951709,-1.8951709,-0.95517087,2.094829,-0.6151709,-0.7551709,-1.3051709,-0.5951709,2.944829,5.224829,0.5848291,1.1948291,0.054829102,0.8648291
0.5848291,3.2848291,2.354829,1.3348291,0.54482913,0.4648291,0.3948291,-0.8151709,-1.2151709,-1.1351709,-0.6551709,-0.13517089,0.5248291,2.634829,2.644829,2.134829,1.2648292,1.0548291,1.5248291,3.5048292,1.8148291,2.164829,-1.2151709,0.9648291,2.404829,3.4748292,3.154829,0.4148291,-1.3351709,-3.9751709,-4.905171,-6.065171,-2.665171,3.7548292,-0.0751709,0.1748291,-0.1051709,3.134829,4.344829,1.1648291,1.9048291
2.0248291,3.394829,2.2448292,1.1148291,0.1248291,-0.1851709,-0.6451709,1.2848291,-0.0451709,-0.2051709,0.0048291017,-0.2151709,-2.6951709,0.6548291,0.2148291,2.7148292,2.5548291,2.0348291,2.0348291,2.444829,3.5148292,3.904829,1.1148291,0.8348291,1.4548291,2.334829,5.234829,5.074829,2.4948292,1.004829,-2.325171,-1.7151709,-0.8651709,-2.135171,-0.8351709,-2.5251708,0.3848291,-1.3451709,0.5148291,0.5248291,-0.5951709
1.2048291,0.2848291,-0.8351709,-0.70517087,-1.4751709,-1.9051709,-1.6351709,-0.1851709,-0.2151709,0.054829102,-0.085170895,0.054829102,-0.3851709,0.6048291,-1.5251709,2.0348291,2.084829,2.844829,2.894829,2.9948292,3.564829,3.164829,3.9648292,2.0248291,3.4948292,2.634829,2.7348292,4.6648293,4.434829,3.354829,1.504829,0.054829102,-2.9751709,1.0348291,5.784829,-2.9451709,1.5948291,3.374829,0.2548291,-0.4251709,0.3448291
0.2148291,-0.2651709,0.1948291,-0.2751709,-0.6551709,-0.4851709,-0.5951709,-1.1851709,-1.0951709,-0.9451709,-1.4151709,-0.7651709,-0.9951709,-0.8651709,-0.7851709,-0.025170898,1.1948291,1.754829,2.194829,2.904829,3.874829,3.884829,5.004829,3.924829,3.324829,2.634829,1.5348291,2.2648292,4.324829,5.884829,3.144829,1.1548291,-1.8851709,-2.165171,0.7348291,0.1248291,-2.815171,-0.6951709,1.6748291,0.9648291,0.3448291
-1.7651709,-2.4851708,-2.685171,-2.915171,-1.8151709,-1.4451709,-1.3451709,-1.375171,-0.4851709,-1.0251709,-0.6651709,-0.055170897,-0.3551709,-0.6951709,-1.5451709,-2.805171,-1.6551709,0.8148291,3.0048292,3.7448292,4.304829,4.304829,4.424829,5.274829,5.574829,3.7048292,2.2048292,-0.015170898,1.5948291,4.594829,6.074829,2.5348291,-3.0351708,-1.8051709,2.5548291,0.2048291,-2.0051708,0.8248291,-1.9451709,0.3148291,-2.2251709
-3.2251709,-3.175171,-3.2551708,-3.555171,-3.105171,-2.4951708,-1.7851709,-0.8651709,-1.6751709,-0.6451709,-1.1051708,-0.9051709,-1.255171,-1.755171,-3.5051708,-2.5151708,-1.1051708,0.8048291,3.7648292,4.204829,5.184829,5.544829,5.984829,5.504829,4.904829,4.474829,3.2448292,2.4848292,2.7648292,6.324829,6.254829,7.794829,2.914829,-1.9851708,1.0448291,3.434829,-2.665171,0.1048291,1.2748291,1.134829,-1.7351708
-3.105171,-2.7851708,-2.4451709,-3.115171,-3.135171,-2.835171,-2.815171,-2.185171,-2.075171,-0.4851709,-1.7351708,-1.6451709,-1.9251709,-2.7851708,-3.145171,-3.2851708,-4.555171,1.0748291,2.0048292,5.034829,5.024829,6.404829,6.544829,7.094829,6.974829,5.3548293,3.394829,2.404829,3.4748292,2.7848291,0.5848291,-0.025170898,-1.005171,0.4048291,-1.0251709,0.43482912,0.7348291,-2.4851708,-0.7751709,3.104829,2.814829
-2.7051709,-3.385171,-2.325171,-3.2851708,-2.7251709,-3.155171,-2.615171,-2.375171,-1.6551709,-2.355171,-2.435171,-2.6951709,-2.4751709,-1.0151709,-1.4351709,-1.3451709,-2.5151708,-2.315171,-2.395171,2.904829,4.224829,6.034829,6.304829,5.994829,6.454829,5.744829,2.9948292,2.2448292,4.054829,4.444829,-0.0651709,-0.3051709,-3.415171,0.6348291,2.2648292,1.2248291,0.8848291,2.624829,1.6948291,1.6648291,0.4548291
-2.395171,-3.2951708,-3.5251708,-3.2551708,-3.135171,-3.305171,-3.385171,-3.2451708,-4.3551707,-4.995171,-4.1251707,-2.7951708,-2.655171,0.22482911,-0.4051709,-0.115170896,-0.3751709,-0.035170898,-1.4551709,-0.2251709,2.624829,4.694829,4.254829,3.5148292,5.6248293,4.174829,3.654829,2.844829,1.8948292,4.814829,2.694829,1.8148291,-0.1251709,2.5248291,2.5348291,1.5648291,1.8648291,3.194829,3.094829,2.5048292,0.9148291
-1.8351709,-1.1451709,-2.9551709,-2.855171,-3.2351708,-2.7851708,-3.4951708,-4.025171,-5.115171,-4.495171,-2.115171,-2.875171,-2.915171,-0.055170897,-0.0751709,-1.125171,0.4048291,0.3648291,0.5248291,0.2048291,2.084829,2.4948292,3.074829,4.904829,4.184829,4.224829,3.634829,0.6148291,3.2748291,3.4748292,1.9748291,2.104829,1.1948291,1.5348291,2.094829,2.7548292,0.4648291,0.8448291,1.2748291,0.3548291,0.3248291
-1.8951709,-3.0351708,-3.065171,-2.9651709,-2.625171,-2.645171,-4.3751707,-5.385171,-5.885171,-5.235171,-2.165171,-1.4851708,-0.4451709,-0.2151709,-0.025170898,-0.5651709,-0.4651709,2.2248292,1.8048291,2.434829,1.5748291,1.3148291,2.7948291,2.944829,2.824829,2.324829,0.3348291,0.9748291,3.5548291,3.444829,1.0248291,2.404829,4.404829,4.364829,2.0248291,1.634829,0.5348291,0.0248291,-0.2151709,0.5248291,-0.3551709
-1.245171,-2.605171,-4.695171,-3.115171,-4.5851707,-2.9951708,-4.425171,-5.905171,-6.5851707,-6.305171,-3.7851708,-3.815171,-2.115171,-2.1951709,-1.3451709,-1.0751709,0.6748291,2.5148292,1.6748291,2.4648292,0.7348291,3.314829,2.574829,2.694829,2.574829,2.334829,-1.365171,-0.3051709,2.604829,2.894829,3.074829,2.7648292,2.114829,2.134829,0.7448291,0.4648291,0.2848291,0.6048291,0.7548291,1.0148292,0.1348291
