wind_kz.json
{"header": {"discipline":0,"disciplineName":"Meteorological products","gribEdition":2,"gribLength":1025,"center":7,"centerName":"US National Weather Service - NCEP(WMC)","subcenter":0,"refTime":"2023-09-09T12:00:00.000Z","significanceOfRT":1,"significanceOfRTName":"Start of forecast","productStatus":0,"productStatusName":"Operational products","productType":1,"productTypeName":"Forecast products","productDefinitionTemplate":0,"productDefinitionTemplateName":"Analysis/forecast at horizontal level/layer at a point in time","parameterCategory":2,"parameterCategoryName":"UnknownDiscipline_0_Category_2","parameterNumber":2,"parameterNumberName":"UnknownParameter_D0_C2_2","parameterUnit":"Unknown","genProcessType":2,"genProcessTypeName":"Forecast","forecastTime":240,"surface1Type":103,"surface1TypeName":"Specified height level above ground","surface1Value":10.0,"surface2Type":255,"surface2TypeName":"Missing","surface2Value":0.0,"gridDefinitionTemplate":0,"gridDefinitionTemplateName":"Latitude_Longitude","numberPoints":615,"shape":6,"shapeName":"Earth spherical with radius of 6,371,229.0 m","gridUnits":"degrees","resolution":48,"winds":"true","scanMode":64,"nx":41,"ny":15,"basicAngle":0,"lo1":47.0,"la1":41.0,"lo2":87.0,"la2":55.0,"dx":1.0,"dy":1.0}, "data":
[rows 0 to 14 of 15, columns 0 to 40 of 41]
-2.8577027,1.8022974,-3.7177026,-6.5877028,-7.317703,-6.8077025,-8.227703,-8.027702,-8.407702,-7.4777026,-6.507703,-5.717703,-5.5877028,-5.1677027,-3.7977026,-3.5077026,-2.8877027,-2.9477026,-3.8177025,-2.7477026,-0.18770264,0.33229735,2.9422975,5.1722975,5.512297,4.992297,4.0622973,4.7722974,4.7922974,4.3522973,2.8822973,1.0422974,-0.87770265,-1.8077027,-2.9777026,-0.80770266,-1.3577026,-2.6677027,-1.4377027,-1.4377027,-2.3177025
1.8722974,-5.1077027,-6.9377027,-6.9077024,-5.717703,-4.1877027,-7.527703,-6.4177027,-6.777703,-6.507703,-4.5877028,-4.1077027,-4.797703,-4.487703,-3.6177027,-2.5277026,-0.82770264,-1.4877026,-1.6277026,-1.0677027,-0.0077026365,2.0822973,3.0122974,3.2222974,2.7122974,0.33229735,2.9222975,5.5022974,7.6022973,-1.7177026,1.1922973,2.1322973,0.26229736,0.022297364,0.61229736,1.4022974,1.5922973,2.3622973,3.2422974,-0.18770264,2.7522974
-6.2677026,-8.417703,-8.5777025,-6.9577026,-4.9477024,-7.2277026,-7.5777025,-7.6077027,-7.3877025,-6.6477027,-4.817703,-4.987703,-4.9177027,-3.3977027,-2.4177027,-2.2177026,-2.5577025,-1.2477026,-0.99770266,0.17229736,1.4022974,4.9822974,5.472297,3.0622973,1.9822974,5.9022975,6.182297,5.5722976,5.1322975,1.3822974,0.79229736,-0.37770262,-1.3277026,1.1722974,0.86229736,0.49229735,2.1422973,0.34229738,-0.46770263,0.7022974,0.9022974
-7.1577024,-10.437702,-7.507703,-3.0477026,-2.7977026,-6.487703,-4.8877025,-6.1377025,-4.7877026,-3.3877027,-2.3477027,-4.9777026,-3.5877028,-2.3777027,1.0622973,-1.9377027,-1.4577026,-0.74770266,-0.8477026,0.15229736,1.6222974,0.49229735,5.6522975,5.3022976,7.1922975,8.582297,8.612297,7.242297,8.982297,8.162297,3.6222973,2.9322975,4.762297,5.262297,7.3222976,6.0922976,0.92229736,1.9622973,-1.5077026,-3.7177026,-3.3577027
-9.167703,-7.487703,-7.9177027,-2.3077025,-0.48770264,-5.3777027,-5.3877025,-4.6277027,-2.8577027,-2.8977027,-2.0977027,-4.487703,-1.0577027,0.18229736,3.4322975,1.2322974,0.32229736,0.46229735,0.9722974,2.6022973,3.7222974,3.8622973,5.2922974,6.012297,7.702297,9.762298,9.932298,0.5122974,3.6722975,7.1522975,0.48229736,3.0422974,1.2422974,0.93229735,-0.5477026,-1.4777026,-2.5677025,-2.7477026,-2.9877026,-2.9777026,-2.6377027
-9.207703,-5.1677027,4.3822975,-2.7777026,-4.9477024,-3.4677026,-3.5077026,-4.1377025,-2.7077026,-2.5877028,-1.4777026,-0.14770263,1.7622974,3.4122972,3.7722974,3.4622974,2.1722975,1.8122973,2.2522974,2.1522973,2.4422975,2.8222973,1.8622974,4.2722974,4.1722975,3.3422973,8.042297,-2.6077027,-0.067702636,0.32229736,1.6422974,2.5122974,3.1622972,1.2222973,1.4222974,-3.8277025,2.4122972,-1.7877027,-1.9877026,-1.5677027,-1.7677026
-3.9577026,1.6222974,-3.8577027,-4.1477027,-1.6277026,0.12229736,-2.3977027,-1.9777026,-1.3677026,-0.55770266,-0.5277026,0.26229736,1.8722974,2.1022973,3.2622974,2.5322974,0.25229737,1.7522974,2.2122974,0.27229735,2.8122973,1.7122973,2.2522974,2.8322973,4.3222976,-2.3577027,3.2822974,7.4122972,2.4122972,3.2722974,3.3022974,2.0422974,0.29229736,0.92229736,-3.2277026,-4.067703,-1.1777027,1.8322973,-1.0977026,1.0522974,-2.1077027
0.7722974,-3.3477027,-2.2277026,-2.5477026,-2.1477027,-2.0377026,-1.6977026,-0.56770265,-0.76770264,0.19229737,-0.76770264,-1.1177026,-0.93770266,-1.1977026,-1.7477026,-0.83770263,0.67229736,1.9322973,1.3422973,2.0622973,1.0222974,2.7522974,-0.037702635,2.1222973,3.1222973,0.14229736,2.1122973,-1.5177026,1.2122973,1.0122974,0.102297366,-0.0077026365,-0.13770264,0.80229735,-5.3577027,-4.1877027,-2.5177026,-5.3377028,-3.9177027,-4.067703,-1.6977026
-3.5977027,-1.5377027,-0.81770265,-1.7677026,-1.8077027,-0.5377026,0.16229737,0.37229738,-0.7377026,1.1722974,0.60229737,0.8422974,-0.14770263,0.052297365,1.4222974,1.2422974,1.8322973,1.8022974,1.3122973,2.5322974,1.6822973,1.7422974,0.38229737,0.74229735,0.26229736,-0.017702637,0.22229737,-0.24770264,-3.0177026,1.8122973,-0.76770264,-3.4377027,-3.5577025,-1.8877026,-2.3377028,-1.2677026,-0.76770264,-1.9677026,-0.14770263,-0.9677026,-0.68770266
-1.2677026,0.17229736,-0.80770266,0.40229738,0.82229733,0.39229736,1.8722974,1.8222973,3.1522973,3.1422973,2.9622974,3.5122974,3.5822973,3.2122974,1.8822974,2.1722975,2.1922975,1.8122973,1.8422973,2.7822974,2.2622974,2.6022973,1.2722974,0.26229736,1.6422974,1.7122973,-0.26770264,-0.017702637,1.9922974,4.5522976,3.8722973,4.5622973,-3.5477026,-1.1177026,1.2122973,-2.3477027,-1.2977027,-0.44770265,0.31229737,0.22229737,0.91229737
0.7822974,1.3022974,2.2722974,2.4722974,2.4722974,3.6822975,4.1622972,3.5822973,4.452297,5.1222973,4.5222974,5.4122972,5.992297,5.4222975,5.682297,2.6022973,2.9622974,2.8022974,2.2922974,2.8222973,2.5122974,3.2722974,2.1422973,1.6422974,1.0022974,-0.48770264,-0.48770264,-0.8577026,1.9522973,3.7922974,2.7522974,-0.27770263,-2.8377028,-1.6477027,-2.2577026,0.0022973632,0.46229735,0.15229736,-0.33770263,-0.09770264,0.34229738
4.0022974,4.4822974,4.1422973,3.1922975,1.0022974,2.5622973,4.4022975,6.2722974,4.682297,2.7322974,4.2722974,4.1622972,4.3422976,4.0922976,4.6622972,5.242297,4.1122975,3.4722974,3.4622974,3.4622974,3.3522973,4.1522975,3.9322975,2.0422974,1.6022973,2.0122974,0.7622974,1.8922974,3.8922973,3.2822974,2.0022974,1.3922974,1.3222973,-0.81770265,-1.5477027,-2.0977027,-1.8277026,-2.1977026,-1.6077026,-0.69770265,-0.22770263
3.0722973,5.202297,2.9222975,3.9322975,4.5422974,3.4622974,4.702297,4.6322975,5.6222973,4.1122975,3.0822973,4.6922975,3.3522973,2.6622972,3.9622974,3.7922974,4.282297,4.6722975,3.1322973,3.5522974,3.8022974,3.8422973,3.8322973,3.2422974,3.6622972,4.4422975,3.5822973,4.512297,4.0022974,4.6322975,4.202297,2.8522973,1.9422973,0.40229738,-0.17770264,1.2122973,-0.8477026,-0.24770264,0.44229737,-1.6777027,-0.50770265
3.4122972,3.1522973,2.1622972,4.1922975,3.5722973,3.7422974,4.0922976,4.0922976,3.3622973,3.5722973,2.6522973,3.8022974,4.1322975,2.7322974,2.7222974,3.7922974,4.0022974,4.2722974,3.8022974,4.0222974,3.8322973,4.0822973,4.1622972,3.8522973,2.9822974,4.512297,3.6922975,2.5522974,3.3022974,4.6322975,4.0522976,2.8222973,0.94229734,0.9522974,1.5222974,1.9222974,0.16229737,-0.48770264,0.46229735,0.98229736,1.1122974
2.5122974,3.2822974,3.5622973,3.7522974,4.472297,4.7122974,4.6122975,4.932297,5.0622973,4.8522973,3.2122974,4.7722974,3.9622974,3.4522974,4.2322974,3.9522974,4.3622975,4.2522974,4.1722975,4.202297,4.242297,4.2922974,4.0622973,3.0622973,3.6222973,2.8722973,4.012297,2.6722975,2.6422973,2.7322974,2.4122972,2.2322974,2.3722973,1.4622973,1.8422973,2.4622974,0.46229735,0.99229735,1.9622973,0.9022974,-0.7177026
