wind.json
{"header": {"discipline":0,"disciplineName":"Meteorological products","gribEdition":2,"gribLength":1039,"center":7,"centerName":"US National Weather Service - NCEP(WMC)","subcenter":0,"refTime":"2023-05-30T12:00:00.000Z","significanceOfRT":1,"significanceOfRTName":"Start of forecast","productStatus":0,"productStatusName":"Operational products","productType":1,"productTypeName":"Forecast products","productDefinitionTemplate":0,"productDefinitionTemplateName":"Analysis/forecast at horizontal level/layer at a point in time","parameterCategory":0,"parameterCategoryName":"UnknownDiscipline_0_Category_0","parameterNumber":0,"parameterNumberName":"UnknownParameter_D0_C0_0","parameterUnit":"Unknown","genProcessType":2,"genProcessTypeName":"Forecast","forecastTime":120,"surface1Type":1,"surface1TypeName":"Ground or water surface","surface1Value":0.0,"surface2Type":255,"surface2TypeName":"Missing","surface2Value":0.0,"gridDefinitionTemplate":0,"gridDefinitionTemplateName":"Latitude_Longitude","numberPoints":688,"shape":6,"shapeName":"Earth spherical with radius of 6,371,229.0 m","gridUnits":"degrees","resolution":48,"winds":"true","scanMode":64,"nx":43,"ny":16,"basicAngle":0,"lo1":45.0,"la1":40.0,"lo2":87.0,"la2":55.0,"dx":1.0,"dy":1.0}, "data":
[rows 0 to 15 of 16, columns 0 to 42 of 43]
294.4,292.8,310.8,323.3,319.1,294.6,294.2,294.8,318.9,324.2,325.7,324.2,324.8,322.5,321.9,321.4,321.1,322.0,320.6,319.3,317.7,317.7,313.0,313.8,311.3,301.3,298.4,294.2,287.5,284.9,283.3,291.3,305.3,308.9,310.6,311.2,312.1,310.0,309.8,309.8,309.6,308.7,307.6
287.5,310.5,313.6,300.9,303.4,291.4,292.1,293.7,310.0,328.0,325.3,325.8,322.8,322.9,321.7,322.0,322.3,321.1,320.5,319.2,320.9,319.7,321.5,316.9,313.0,305.7,312.2,312.3,304.5,287.0,287.3,283.1,277.4,280.6,296.6,301.7,310.8,309.8,309.8,308.4,308.1,308.8,308.3
289.1,293.0,288.5,301.9,294.3,292.0,292.0,293.1,324.6,325.5,323.7,322.5,323.3,322.3,321.9,319.7,321.8,321.1,321.5,320.0,321.1,320.9,320.4,318.0,313.1,298.5,285.1,289.7,293.6,283.0,287.0,278.8,287.3,276.2,284.4,267.1,280.9,302.7,303.7,306.8,307.4,299.5,285.8
291.6,298.9,307.0,295.3,294.7,292.2,292.5,318.1,320.9,325.2,321.3,319.7,320.8,320.7,318.2,321.4,320.7,321.4,320.0,318.7,320.0,321.5,319.2,315.9,313.5,305.0,309.8,306.9,305.2,307.4,304.6,289.4,282.6,283.8,288.5,289.4,290.8,287.7,286.3,290.3,287.7,285.5,278.7
306.1,311.5,310.4,296.8,294.2,293.5,299.2,319.4,321.9,323.3,323.1,322.2,320.3,317.3,293.5,293.1,317.9,320.0,320.4,320.1,319.9,319.6,314.8,309.8,315.0,314.4,312.1,312.3,312.3,306.6,306.1,305.5,307.3,301.7,304.3,297.9,301.4,296.1,287.5,277.6,285.1,300.2,304.1
309.0,313.0,316.9,297.1,296.0,295.5,305.2,322.1,323.8,325.9,321.7,321.3,322.1,320.0,297.3,297.1,290.9,319.9,320.8,317.8,316.0,318.1,318.5,318.0,316.1,316.0,316.0,315.1,310.0,304.3,310.2,310.1,309.2,302.9,288.0,279.9,293.3,303.7,304.1,311.3,312.0,311.3,309.9
304.9,312.3,311.6,312.5,296.1,295.8,295.6,296.4,316.6,322.5,322.6,321.9,321.9,320.6,297.3,294.2,305.3,319.5,318.0,319.5,318.7,318.8,316.7,315.8,315.8,315.8,315.1,312.7,312.5,291.4,312.9,311.4,306.9,306.0,300.4,302.1,300.7,298.5,295.7,298.9,309.2,310.7,309.8
299.7,300.6,302.2,308.7,312.1,315.7,311.4,320.4,325.3,319.9,320.2,320.3,321.5,320.2,315.7,319.5,320.2,318.6,319.7,317.6,319.8,317.0,315.1,315.3,314.4,314.4,312.6,311.6,311.1,313.4,312.9,311.9,307.2,309.7,308.9,307.1,304.1,301.6,297.6,293.6,291.7,292.1,304.9
292.8,294.2,304.4,308.0,309.1,312.9,319.4,318.0,319.9,317.2,316.2,317.4,318.0,317.3,318.6,316.4,320.6,315.5,322.1,319.3,316.2,313.7,313.2,313.7,312.1,312.2,309.3,307.1,308.1,309.1,306.3,307.7,305.7,306.8,303.2,301.7,301.4,304.7,306.4,286.6,305.3,305.1,301.7
287.6,291.5,296.7,300.4,312.2,313.1,317.0,314.4,317.2,317.3,316.0,314.8,314.9,315.0,315.6,317.0,316.0,317.0,312.0,317.3,314.3,313.1,310.1,309.9,310.8,309.1,306.8,306.8,302.7,301.8,301.9,301.4,302.7,302.8,303.6,303.9,302.7,299.7,300.5,298.6,290.2,291.0,289.4
290.4,288.6,290.4,293.0,294.7,299.0,301.7,307.6,312.0,312.0,312.9,312.7,313.8,312.1,312.7,312.2,312.0,314.1,314.3,316.1,313.4,313.1,311.5,311.0,310.8,309.6,309.1,307.2,306.4,304.2,303.2,302.8,304.1,307.1,307.5,306.9,304.4,302.4,299.1,296.5,294.1,293.4,291.5
289.2,287.4,288.0,294.0,298.3,298.7,299.3,309.5,307.3,310.2,309.6,310.5,307.3,306.7,309.6,309.1,310.7,312.2,312.6,312.7,312.5,315.2,312.5,309.9,309.7,309.5,307.9,307.8,303.8,306.5,305.9,308.5,309.2,309.3,308.0,307.8,303.4,299.4,297.0,294.6,294.6,295.0,294.6
289.4,289.4,289.5,288.5,291.0,296.7,295.1,291.7,304.3,306.6,305.9,304.6,300.6,302.2,306.3,306.5,309.5,310.3,310.5,310.9,312.1,313.7,311.6,309.7,309.1,308.2,307.0,308.9,307.7,309.1,309.5,309.3,306.8,307.5,306.9,303.8,303.8,301.8,299.8,297.5,297.2,298.4,298.8
290.7,289.6,290.1,287.3,289.0,287.9,288.6,289.2,300.4,305.7,305.3,301.0,299.6,297.7,303.6,302.1,305.4,307.0,309.5,308.6,310.3,309.9,309.9,306.6,306.8,306.2,309.6,310.0,311.5,310.4,309.1,307.9,308.1,307.5,307.2,304.9,303.8,301.4,300.8,301.7,300.6,299.9,298.7
290.3,290.8,288.6,290.2,285.8,287.1,288.9,288.3,295.2,298.0,299.5,299.5,299.0,296.7,300.2,301.7,302.6,305.0,307.2,305.6,306.5,308.3,306.9,308.6,309.6,309.0,310.3,311.0,310.5,310.8,308.6,308.2,308.8,307.3,306.0,304.2,302.8,301.1,301.9,300.9,298.4,297.5,297.9
289.6,289.6,290.4,291.5,285.4,289.8,288.0,289.0,293.7,296.4,297.8,292.2,295.9,294.7,294.4,296.0,297.3,300.1,303.2,303.7,303.9,304.8,305.5,307.9,306.4,306.3,306.4,306.0,306.2,306.6,306.8,306.6,304.1,296.3,305.1,304.4,303.5,302.9,300.7,301.0,301.0,300.9,297.3
