wind_kz.json
[{"header":{"discipline":0,"disciplineName":"Meteorological products","gribEdition":2,"gribLength":948,"center":7,"centerName":"US National Weather Service - NCEP(WMC)","subcenter":0,"refTime":"2023-09-09T06:00:00.000Z","significanceOfRT":1,"significanceOfRTName":"Start of forecast","productStatus":0,"productStatusName":"Operational products","productType":1,"productTypeName":"Forecast products","productDefinitionTemplate":0,"productDefinitionTemplateName":"Analysis/forecast at horizontal level/layer at a point in time","parameterCategory":0,"parameterCategoryName":"UnknownDiscipline_0_Category_0","parameterNumber":0,"parameterNumberName":"UnknownParameter_D0_C0_0","parameterUnit":"Unknown","genProcessType":2,"genProcessTypeName":"Forecast","forecastTime":120,"surface1Type":1,"surface1TypeName":"Ground or water surface","surface1Value":0.0,"surface2Type":255,"surface2TypeName":"Missing","surface2Value":0.0,"gridDefinitionTemplate":0,"gridDefinitionTemplateName":"Latitude_Longitude","numberPoints":615,"shape":6,"shapeName":"Earth spherical with radius of 6,371,229.0 m","gridUnits":"degrees","resolution":48,"winds":"true","scanMode":64,"nx":41,"ny":15,"basicAngle":0,"lo1":47.0,"la1":41.0,"lo2":87.0,"la2":55.0,"dx":1.0,"dy":1.0},"data":[303.0,290.3,295.8,297.6,297.4,296.2,304.3,310.1,306.9,308.7,307.5,309.8,309.7,309.6,308.9,311.4,311.8,311.7,314.4,313.4,316.0,310.8,311.2,311.9,315.2,313.2,312.6,303.0,303.4,299.9,298.4,295.5,309.2,314.8,318.5,318.7,319.7,318.7,320.1,323.8,322.9,274.2,296.2,297.1,297.3,297.0,295.2,306.6,300.2,302.1,302.5,306.0,305.6,307.3,308.3,308.4,310.3,314.4,313.9,313.0,314.2,314.5,312.1,309.5,304.9,296.1,297.2,305.9,304.6,303.9,295.4,300.0,294.3,302.1,271.7,296.5,314.1,315.7,316.9,321.1,312.3,285.4,300.9,296.8,297.6,297.2,294.8,302.1,302.1,301.9,302.4,301.5,302.0,303.6,305.4,306.9,304.8,309.5,310.9,312.5,312.5,311.8,313.0,310.7,310.5,310.1,310.4,308.6,310.9,311.2,310.0,303.4,297.5,297.1,303.0,303.5,306.2,299.9,297.9,299.0,298.5,294.1,289.8,301.3,296.2,297.2,296.2,295.4,299.3,297.5,296.7,298.5,299.2,301.5,300.8,293.5,292.8,305.3,307.5,307.9,310.0,311.1,312.3,305.2,304.2,310.2,311.0,312.3,310.4,312.9,311.6,311.6,312.2,314.0,313.1,315.3,321.2,318.4,308.3,295.4,292.9,297.4,308.2,308.7,301.7,294.1,295.3,293.8,296.3,297.4,297.8,298.6,297.2,299.0,301.2,301.6,292.7,291.6,290.0,295.6,294.9,298.0,300.0,305.5,307.9,297.3,295.5,306.6,312.4,313.3,311.2,304.5,309.2,308.6,310.3,308.3,296.2,291.2,299.1,309.3,307.4,316.5,316.5,312.4,314.4,296.4,299.6,293.4,292.8,293.3,292.2,299.9,300.1,298.9,298.8,298.7,298.5,293.6,292.8,298.1,302.2,304.2,297.4,301.1,303.4,305.8,308.7,299.2,291.0,296.3,308.4,296.5,291.0,303.2,299.4,307.7,307.6,310.3,311.4,302.1,304.3,298.7,299.1,314.5,312.1,308.2,291.3,297.1,296.1,300.1,298.9,301.1,302.2,301.5,303.1,301.8,302.2,300.3,301.1,301.5,301.4,300.5,302.8,293.2,304.6,296.9,303.8,304.9,307.0,306.8,298.1,300.4,297.7,302.3,302.5,307.4,305.0,311.5,300.8,306.9,302.3,301.9,298.5,292.0,290.5,292.3,303.6,291.4,290.3,291.9,296.5,300.1,299.4,299.9,300.7,301.4,300.8,301.0,300.6,302.8,300.1,300.6,302.2,299.9,299.2,298.0,293.7,292.5,296.2,304.6,294.0,299.9,300.6,301.0,303.4,300.9,302.2,300.2,295.4,303.1,301.6,301.5,299.4,306.9,289.7,303.5,305.0,303.1,288.9,289.3,289.8,296.9,297.3,298.8,300.7,300.8,300.2,299.7,294.1,300.2,297.7,301.8,299.8,301.0,296.4,298.4,296.8,291.9,289.2,292.5,292.2,297.6,295.8,297.5,294.4,293.6,294.2,292.8,297.0,299.3,304.3,303.5,302.8,298.9,298.3,299.1,293.3,290.0,294.0,288.0,288.1,288.8,295.6,298.4,297.8,300.4,299.9,301.0,292.2,290.4,296.7,298.1,296.2,296.6,294.3,290.1,287.3,286.5,287.5,285.2,285.7,285.5,290.4,288.7,284.0,283.9,284.4,286.0,293.4,294.6,299.5,304.7,300.1,301.6,302.9,293.4,292.1,294.4,292.5,290.4,287.4,287.1,288.1,290.1,295.7,297.2,299.3,300.1,301.4,300.1,296.9,296.0,296.2,291.8,286.6,285.6,284.9,285.5,286.4,284.5,284.2,284.6,283.7,283.6,283.6,283.7,282.4,283.8,284.5,286.8,299.8,301.8,301.2,301.6,303.6,297.2,289.2,287.2,295.4,291.6,284.8,286.4,288.5,293.8,287.2,293.6,295.8,295.6,296.3,290.3,293.8,293.8,291.8,290.5,283.8,284.2,285.4,285.6,287.5,294.8,287.6,286.4,284.9,285.7,284.9,285.2,285.6,285.2,284.5,285.3,285.4,286.7,297.9,296.1,289.9,294.4,296.7,296.4,296.5,294.9,294.5,293.9,289.8,292.3,294.0,293.4,293.5,292.8,293.8,295.4,295.7,293.2,289.4,285.3,283.9,287.4,288.3,287.3,286.2,284.1,287.1,285.0,284.4,283.4,283.0,282.3,282.8,284.3,285.3,287.5,288.2,284.9,286.6,292.1,291.9,292.3,295.8,293.5,293.9,293.4,295.3,295.0,292.7,291.8,292.4,290.4,291.8,288.9,292.5,292.1,288.6,292.3,289.6,284.8,283.9,287.4,285.2,287.3,283.9,284.7,288.0,290.3,291.5,285.1,283.7,287.2,284.6,284.3,284.7,283.7,284.1,285.1,284.1,284.2,292.6,290.6,292.6,293.9,293.7,290.0,289.3,293.3,291.6,293.8,289.9,292.2,288.7,292.4,289.7,290.2,288.0,285.2,286.2,289.5,290.5,289.9,285.0,283.4,282.5,284.0,288.0,291.4,290.0,291.8,289.0,288.5,284.5,283.4,286.3,283.2,284.1,285.7,285.3,286.2,287.5,286.3,292.1,292.0,292.7,294.3,295.6,293.9,294.8,294.8,293.8]},{"header":{"discipline":0,"disciplineName":"Meteorological products","gribEdition":2,"gribLength":1025,"center":7,"centerName":"US National Weather Service - NCEP(WMC)","subcenter":0,"refTime":"2023-09-09T06:00:00.000Z","significanceOfRT":1,"significanceOfRTName":"Start of forecast","productStatus":0,"productStatusName":"Operational products","productType":1,"productTypeName":"Forecast products","productDefinitionTemplate":0,"productDefinitionTemplateName":"Analysis/forecast at horizontal level/layer at a point in time","parameterCategory":2,"parameterCategoryName":"UnknownDiscipline_0_Category_2","parameterNumber":2,"parameterNumberName":"UnknownParameter_D0_C2_2","parameterUnit":"Unknown","genProcessType":2,"genProcessTypeName":"Forecast","forecastTime":120,"surface1Type":103,"surface1TypeName":"Specified height level above ground","surface1Value":10.0,"surface2Type":255,"surface2TypeName":"Missing","surface2Value":0.0,"gridDefinitionTemplate":0,"gridDefinitionTemplateName":"Latitude_Longitude","numberPoints":615,"shape":6,"shapeName":"Earth spherical with radius of 6,371,229.0 m","gridUnits":"degrees","resolution":48,"winds":"true","scanMode":64,"nx":41,"ny":15,"basicAngle":0,"lo1":47.0,"la1":41.0,"lo2":87.0,"la2":55.0,"dx":1.0,"dy":1.0},"data":[0.5453271,2.185327,-2.2246728,-3.4646728,-3.364673,-3.6346729,-3.864673,-5.194673,-6.5346727,-4.1346726,-5.104673,-5.984673,-6.424673,-5.854673,-5.484673,-4.7846727,-3.7246728,-3.7346728,-3.844673,-1.6946728,0.63532716,1.4653271,2.9853272,3.385327,-1.0446728,3.0153272,3.205327,3.7553272,0.17532715,0.23532715,1.7153271,0.07532715,-1.0846728,-6.084673,-7.294673,-6.964673,-7.6546726,-7.734673,-6.3846726,-2.7646728,-3.8946729,1.9553272,-2.5246727,-3.354673,-5.214673,-6.234673,-5.924673,-7.334673,-8.174673,-7.4046726,-6.8446727,-7.174673,-7.6146727,-6.4046726,-4.5346727,-4.6546726,-3.0146728,-1.2646729,-1.8146728,-0.84467286,-0.5146729,3.0053272,2.7653272,2.6153271,4.665327,0.9353272,0.42532715,0.9853271,1.0753272,3.0753272,1.7553271,0.8053272,1.2053272,0.25532714,1.2853272,0.45532715,-1.6846728,0.32532716,1.2253271,1.8153272,-2.044673,-1.3846729,-0.24467285,-3.614673,-3.4646728,-4.6346726,-5.8846726,-5.374673,-5.6546726,-4.244673,-5.464673,-5.2846727,-5.3046727,-4.664673,-3.9146729,-2.9846728,-1.8246728,-0.16467285,0.20532715,0.27532715,0.43532714,0.9953272,3.0253272,3.7253273,-0.97467285,0.36532715,-0.45467284,-1.8946729,-1.1446729,0.25532714,3.7753272,0.035327148,2.0853271,-2.2446728,-1.1146729,0.71532714,-0.83467287,1.3453271,0.7953271,-0.28467286,2.4853272,5.455327,6.795327,-0.97467285,-2.9046729,-2.9746728,-3.2646728,-2.874673,-3.4046729,-2.9646728,-5.8846726,-6.204673,-5.5946727,-5.0146728,-5.124673,-3.794673,-2.614673,-0.90467286,-0.6446729,0.91532713,0.87532717,1.3953271,0.5553272,0.12532715,-1.4746728,0.28532714,-1.8446728,-1.8346728,-1.0246729,-1.4046729,-1.9946729,-2.854673,-2.094673,0.6753271,0.95532715,-0.55467284,0.31532714,0.8653271,1.7853272,2.0953271,3.0453272,-2.2246728,-2.124673,-3.7646728,3.5053272,-0.60467285,-1.1846728,-1.8346728,-1.1946728,-2.4646728,-3.5246727,-4.704673,-4.734673,-4.6546726,-4.8046727,-4.3646727,-1.9646728,0.07532715,1.1453271,-0.87467283,0.5453271,0.41532716,0.5553272,0.17532715,-0.52467287,-0.7046729,-1.9846729,-2.074673,-0.7046729,-1.8246728,-2.9046729,-2.9446728,-2.9246728,-2.6346729,-0.34467286,1.0353272,2.5753272,4.565327,-3.2046728,-1.7446729,-0.8946729,-2.854673,-2.304673,-0.91467285,0.13532715,3.8553271,2.655327,-1.1646729,-2.7846727,-2.4946728,-2.0246727,-2.564673,-3.1446729,-2.5246727,-2.304673,-2.6346729,-1.5446728,0.0053271484,0.14532715,-0.14467286,0.72532713,2.165327,1.9653271,1.9353272,1.0753272,1.3853271,-0.91467285,-0.55467284,-1.8746729,-2.5046728,-2.574673,-1.7646729,-4.064673,-0.80467284,-0.84467286,0.13532715,1.0653272,0.41532716,0.29532716,-0.19467285,2.8253272,1.7353271,1.9053272,-1.5346729,-2.5246727,-3.064673,4.105327,5.825327,-0.87467283,-1.7546729,-2.7546728,-2.2846727,-1.7046728,-1.6646729,-1.7946728,-1.2846729,-0.10467285,0.8553271,-0.27467287,-0.15467285,0.27532715,0.9253271,0.7353271,0.35532716,0.23532715,0.8053272,-1.3646729,-0.99467283,-0.68467283,0.035327148,-0.19467285,0.36532715,-0.5146729,-0.0046728514,-0.6446729,0.24532714,-0.17467286,-0.24467285,-0.87467283,0.95532715,-1.7946728,-0.97467285,2.0453272,2.7753272,5.585327,1.5953271,-1.1646729,0.57532716,3.455327,-2.844673,-2.344673,-2.294673,-2.2046728,-1.1646729,-0.36467284,-0.45467284,0.64532715,2.0753272,2.895327,1.8753271,1.5653272,1.6453271,1.6353271,2.0353272,1.3353271,1.5353272,1.2453271,1.8053272,2.0453272,0.97532713,0.025327148,0.6753271,1.8853271,1.3153272,1.3453271,1.3953271,0.70532715,0.97532713,0.97532713,2.3353271,1.1753272,3.1053271,4.6353273,1.5653272,-1.5346729,-1.6246729,0.35532716,3.375327,-0.054672852,-4.104673,-1.8846729,-3.5346727,-1.6046729,-1.5746728,-0.31467286,1.0153271,2.7353272,3.645327,2.665327,3.5553272,2.9953272,2.0953271,1.2453271,0.88532716,-0.35467285,1.1453271,0.26532716,2.3553271,3.8253272,3.375327,3.0853271,3.6053271,4.035327,2.665327,3.0753272,4.1953273,2.8453271,1.9353272,1.3553271,0.31532714,-0.91467285,-0.19467285,0.84532714,0.44532716,-1.7846729,1.2553271,1.9053272,-0.6346729,1.3853271,1.8753271,-4.104673,-2.9846728,-2.544673,-2.4046729,-0.43467286,1.5053271,2.4653273,0.94532716,0.33532715,0.59532714,1.8653271,2.5053272,2.5553272,0.20532715,-0.93467283,-0.34467286,0.46532714,1.9353272,2.5853271,4.065327,3.7953272,3.935327,4.665327,4.475327,3.915327,3.915327,3.5853271,3.8553271,3.675327,3.4653273,2.125327,0.81532717,0.50532717,-2.0146728,-1.3046728,-1.0346729,-0.85467285,2.8053272,0.75532717,-1.0046729,-7.0946727,-6.894673,-4.7646728,-4.504673,-1.5246729,0.89532715,0.88532716,-0.29467285,-1.6646729,-1.3246728,0.83532715,0.48532715,-1.0446728,-2.5146728,-0.45467284,0.7453272,3.2653272,3.915327,3.635327,3.2453272,2.685327,2.6053271,3.2953272,2.8353271,2.635327,2.8253272,2.925327,2.5853271,2.8053272,2.3353271,2.0853271,2.2153273,0.40532714,-0.14467286,0.015327148,-2.084673,1.0753272,1.1353271,-0.5646728,-1.1946728,-0.39467284,-6.224673,-5.204673,-3.064673,-1.8846729,-0.58467287,-1.0446728,-0.5646728,-2.0246727,-2.294673,0.41532716,0.9953272,-2.074673,-0.7646729,0.58532715,2.655327,3.7153273,3.0453272,1.9153272,0.6853272,-0.26467285,0.47532713,0.46532714,0.91532713,1.9053272,2.2353272,2.925327,3.0953271,2.6053271,1.8553271,0.22532715,-0.38467285,0.57532716,-0.86467284,-0.99467283,-3.334673,-3.374673,-2.1746728,-2.604673,-1.8046728,-0.73467284,-0.72467285,-2.9946728,-4.044673,-2.834673,-1.9246728,-2.084673,-3.1846728,-3.564673,-1.9646728,-2.624673,-0.33467284,-0.35467285,-0.40467286,1.8253272,2.2653272,-0.22467285,1.6453271,0.6853272,0.32532716,0.08532715,0.83532715,1.4153272,1.9153272,2.445327,2.0153272,1.7953272,0.6853272,1.0753272,1.4053272,-0.034672853,-1.9746728,-1.6546729,-4.024673,-4.994673,-3.5046728,-4.8246727,-5.0946727,-4.704673,-3.564673,-3.9346728,-3.4646728,-1.9946729,-5.124673,-5.124673,-4.854673,-4.3646727,-3.7346728,-3.7246728,-2.9646728,-1.6946728,-1.2646729,-1.5346729,-0.5146729,1.0053271,-2.294673,-1.2046728,-1.5546728,0.22532715,-0.93467283,-1.0746728,-1.4046729,-1.9946729,-1.3946729,-1.2346729,-1.7846729,-1.6246729,-1.5846728,-1.5546728,-1.7546729,-3.614673,-4.584673,-3.9646728,-3.354673,-1.8646729,-3.104673,-3.9446728,-3.064673,-4.374673,-2.854673,-2.9146729,-2.8946729,-2.9846728,-2.2046728,-3.7046728,-4.814673,-4.734673,-4.004673,-3.1646729,-2.804673,-1.4646728,-1.9146729,-0.36467284,0.84532714,0.0053271484,-1.4846729,-0.9446728,-0.04467285,1.3053272,1.6653272,-0.054672852,-1.7946728,-1.9346728,-2.844673,-3.544673,-3.9046729,-3.2146728,-2.8946729,-4.644673,-4.444673,-5.454673,-6.5746727,-6.934673,-5.794673,-5.5946727,-4.834673,-4.524673,-4.144673,-3.804673,-3.4346728,-3.094673,-2.9946728,-2.4946728,-2.5146728,-1.3946729]},{"header":{"discipline":0,"disciplineName":"Meteorological products","gribEdition":2,"gribLength":1025,"center":7,"centerName":"US National Weather Service - NCEP(WMC)","subcenter":0,"refTime":"2023-09-09T06:00:00.000Z","significanceOfRT":1,"significanceOfRTName":"Start of forecast","productStatus":0,"productStatusName":"Operational products","productType":1,"productTypeName":"Forecast products","productDefinitionTemplate":0,"productDefinitionTemplateName":"Analysis/forecast at horizontal level/layer at a point in time","parameterCategory":2,"parameterCategoryName":"UnknownDiscipline_0_Category_2","parameterNumber":3,"parameterNumberName":"UnknownParameter_D0_C2_3","parameterUnit":"Unknown","genProcessType":2,"genProcessTypeName":"Forecast","forecastTime":120,"surface1Type":103,"surface1TypeName":"Specified height level above ground","surface1Value":10.0,"surface2Type":255,"surface2TypeName":"Missing","surface2Value":0.0,"gridDefinitionTemplate":0,"gridDefinitionTemplateName":"Latitude_Longitude","numberPoints":615,"shape":6,"shapeName":"Earth spherical with radius of 6,371,229.0 m","gridUnits":"degrees","resolution":48,"winds":"true","scanMode":64,"nx":41,"ny":15,"basicAngle":0,"lo1":47.0,"la1":41.0,"lo2":87.0,"la2":55.0,"dx":1.0,"dy":1.0},"data":[0.39425048,1.6142505,-0.35574952,2.4842505,-0.7357495,-1.1857495,-0.6957495,-0.4257495,-0.5057495,-1.6157495,-4.0857496,-2.5957496,0.18425049,0.27425048,-0.5857495,-2.6857495,-4.9557495,-3.3857496,-6.0257497,-3.6857495,-3.6357496,-4.6757493,1.3742505,1.7342505,2.4042504,2.1142504,1.1542505,1.4642504,-1.6457496,-1.7357495,-0.3357495,2.6442504,-3.1357496,-2.1257496,-2.4857495,-0.92574954,1.6642505,1.6642505,0.5442505,0.43425047,1.1242505,3.3342505,1.5442505,3.8942504,2.0542505,0.9242505,1.1642505,-0.13574952,-0.7357495,-1.6357495,-2.7157495,-3.0757494,-4.6457496,-3.7657495,-2.8557496,-2.7757494,-2.8057494,-2.3557496,-4.9557495,-6.0457497,-6.2957497,-5.5657496,-4.2257495,-3.1057496,1.1842505,3.1642504,3.4842505,3.2242506,2.0842505,-0.4857495,2.0842505,-1.0557495,0.75425047,1.3242505,0.014250488,2.9642506,2.0742505,1.8442504,3.2042506,1.7742505,-0.1957495,0.1642505,-1.9257495,6.4842505,4.9342504,4.4042506,3.8642504,2.0842505,0.36425048,-0.9657495,-0.8557495,-1.9457495,-3.0257494,-2.8957496,-3.6057496,-3.6357496,-3.9857495,-4.1857495,-4.5857496,-3.9957495,-5.2557497,-6.1857495,-6.7157497,-1.7357495,-5.9957495,-0.61574954,-1.6257495,-2.0457494,-2.0857496,-2.4357495,-1.5757495,-2.1457496,-2.2057495,0.3742505,-2.9157495,1.9042505,0.24425049,-2.4957495,-3.2857494,0.014250488,-2.3057494,0.08425049,2.3542504,4.3242507,6.5442505,5.8642507,5.1042504,3.7642505,2.8242505,1.7042505,2.0542505,1.5142505,-0.1657495,-1.6757495,-2.9857495,-4.5857496,-4.4957495,-5.1557493,-5.4557495,-4.1757493,-3.5157495,-4.1257496,-5.8857493,-6.3857493,-1.1357495,-1.3157495,-1.7157495,-1.6857495,-2.4757495,-1.3857495,-1.3357495,-0.8257495,-2.2057495,-1.7257495,1.5042505,1.6542505,0.6242505,0.014250488,1.7142504,3.8942504,3.8942504,-3.6757495,-2.9457495,-1.6757495,3.3442504,6.8842506,6.8142505,6.8142505,3.6242504,3.1542504,4.0642505,3.5742505,2.3942504,0.06425049,-1.4657495,-2.2357495,-3.2257495,-2.8957496,-3.4957495,-3.9857495,-4.5957494,-3.9657495,-5.3657494,-5.8257494,-2.8057494,-1.6157495,-1.4957495,-3.4057496,-1.8357495,-0.93574953,-0.6257495,-1.0257496,0.69425046,-2.0857496,-3.2557495,-2.2657495,2.2642505,1.4342505,0.6142505,1.4242505,2.4242506,-0.47574952,-1.0757495,-1.5157495,-1.3657495,-1.8957496,6.0942507,7.4142504,6.2142506,5.5642505,4.7742505,5.4342504,3.8442504,1.6142505,0.6442505,-2.0257494,-3.7357495,-3.7357495,-2.3857496,-4.1357493,-5.5957494,-2.2057495,-1.8057495,-4.3757496,-4.4257493,-2.8157494,-0.86574954,-0.38574952,-0.8557495,-1.2757496,0.2242505,-0.29574952,-1.8957496,-1.2857496,-0.5857495,-2.5357494,-0.7257495,-1.2557495,-0.7557495,-2.0557494,-2.0057495,-3.4257495,-3.2357495,1.0442505,1.0642505,-1.2057495,4.2542505,5.5742507,7.9042506,7.2242503,6.6142507,5.9742503,5.5542507,4.1342506,1.3142505,-1.0657495,-1.5857495,-2.3757496,-2.3457496,-4.0057497,-2.7157495,-3.6557496,-3.7957494,-2.3757496,-3.4357495,-2.7557495,-2.5157495,-1.8157495,-1.4857495,0.094250485,1.4742504,1.9542505,2.2642505,1.3042505,-0.15574951,-0.47574952,-0.24574952,-0.4857495,-1.9157495,0.9542505,1.0142505,0.8942505,1.6242505,3.1042504,-0.24574952,3.5842505,-0.4957495,7.7042503,6.6942506,8.02425,7.2042503,6.8542504,6.4542503,5.6442504,2.8842504,-0.6357495,-2.9257495,-3.1557496,-2.1657495,-1.6257495,-2.6457496,-2.5157495,-3.4457495,-2.5957496,-2.5357494,-2.9357495,-2.9757495,-1.8357495,-1.3057495,-0.09574951,-0.6457495,-1.4157495,-0.8257495,0.3442505,0.6142505,0.6542505,-0.4857495,-0.20574951,-0.9757495,1.0242505,2.1342504,1.4042505,1.1442505,-0.74574953,0.9342505,0.4142505,0.33425048,0.8442505,6.1542506,8.70425,6.1042504,7.4842505,6.9242506,6.6942506,4.2242503,1.7142504,-0.41574952,-1.7457495,-1.5657495,-2.7057495,-5.1757493,-3.3257494,-3.6457496,-4.0357494,-3.9557495,-4.0857496,-2.9957495,-2.6657495,-1.5657495,-1.5457495,-1.8157495,0.9842505,-0.2657495,0.5142505,0.4842505,0.8042505,1.8242505,1.5142505,2.2042506,0.6042505,-0.3357495,-1.5757495,-0.99574953,2.8242505,3.1042504,0.3242505,0.88425046,1.4542505,2.1042504,7.2742505,8.03425,7.2442503,6.2342505,5.6742506,4.7242503,2.5442505,1.0542505,-0.9557495,-0.06574951,0.94425046,-3.1257496,-2.5457494,-2.1757495,-3.2457495,-4.3057494,-3.3457496,-2.1157496,-2.5257494,-2.4257495,-1.6157495,-1.2757496,-0.4857495,0.2942505,0.7742505,1.1742505,2.0142505,2.1642504,1.3042505,1.2942505,1.0342505,1.7442505,-0.4357495,-0.80574954,-2.1257496,1.0142505,2.3442504,2.4242506,0.7242505,-1.1957495,0.6142505,3.2542505,2.8542504,2.6142504,0.5542505,2.1542504,4.2142506,2.8142505,1.8542504,-0.15574951,-0.3757495,-1.9257495,-1.9757495,-2.9757495,-1.9957495,-2.8357496,-2.9157495,-3.3657496,-3.0957496,-2.7357495,-2.3657496,-2.3157494,-1.8757495,-0.6957495,0.6642505,0.7742505,0.56425047,1.4942505,1.7642505,1.7642505,0.8742505,2.4042504,2.4742506,1.7742505,0.8042505,0.42425048,-0.5457495,2.1242504,0.82425046,1.6242505,0.20425048,0.2842505,-0.25574952,0.5142505,6.1942506,3.4842505,1.8742505,3.3242505,3.0142505,1.5942504,-0.7257495,-0.8157495,-1.6657495,0.08425049,-1.5957495,-1.6057495,-1.8057495,-2.5757494,-2.8457496,-3.9257495,-3.3457496,-2.7357495,-2.5757494,-2.4057496,-2.0657494,-1.1757495,0.2242505,-0.3357495,0.42425048,1.7342505,2.3942504,3.2142506,2.7142506,3.3842504,3.1342504,1.3142505,0.6442505,0.5842505,-1.4357495,-1.7057495,-1.5857495,-1.9457495,-1.0357496,-1.3457495,-0.04574951,1.8342505,2.6242504,2.5742505,1.2642505,1.3742505,1.2742505,-0.8457495,-1.4857495,-0.23574951,-1.0357496,-0.8957495,-2.8357496,-4.2557497,-3.7557495,-3.1757495,-2.8557496,-2.8557496,-2.2157495,-2.7857494,-2.2957494,-1.7457495,-2.0257494,-1.9457495,-1.7757496,-0.5857495,2.8442504,3.9542506,3.5742505,4.3242507,2.2842505,1.3542504,2.6042504,1.6342505,0.1642505,0.46425048,0.75425047,-0.5157495,-0.4057495,-1.0157495,0.75425047,-0.24574952,-0.07574951,0.8342505,0.49425048,0.88425046,-0.35574952,0.23425049,0.23425049,-0.7657495,0.11425049,0.1642505,-1.7957495,-3.1757495,-3.8757496,-2.8257494,-3.2657495,-3.3857496,-3.2457495,-3.2657495,-3.3957496,-3.1957495,-2.4957495,-3.1457496,-3.2057495,-2.7057495,0.7842505,1.0242505,2.7742505,3.0842505,3.6642504,4.1242504,2.4642506,1.9042505,1.9542505,0.6642505,-0.21574952,-1.1357495,-1.4957495,-2.2957494,-2.3957496,0.06425049,-0.15574951,-1.6757495,0.06425049,0.75425047,0.8442505,-0.06574951,0.2242505,0.12425049,-0.47574952,-0.21574952,-1.4057496,-0.5357495,-0.93574953,-2.1357496,-1.9657495,-2.9157495,-4.3857493,-4.4257493,-3.8457496,-2.7757494,-2.8357496,-3.3857496,-3.3357496,-2.7857494,-3.2757494,-1.8557495,0.36425048,1.3242505,3.2242506,1.8142505,1.2942505,2.2542505,1.7642505,1.4642504,0.11425049,0.13425049,0.07425049,-0.1957495,-1.7557495,-1.6457496]}]