wind_kz.json
{"header": {"discipline":0,"disciplineName":"Meteorological products","gribEdition":2,"gribLength":1025,"center":7,"centerName":"US National Weather Service - NCEP(WMC)","subcenter":0,"refTime":"2023-09-30T18:00:00.000Z","significanceOfRT":1,"significanceOfRTName":"Start of forecast","productStatus":0,"productStatusName":"Operational products","productType":1,"productTypeName":"Forecast products","productDefinitionTemplate":0,"productDefinitionTemplateName":"Analysis/forecast at horizontal level/layer at a point in time","parameterCategory":2,"parameterCategoryName":"UnknownDiscipline_0_Category_2","parameterNumber":3,"parameterNumberName":"UnknownParameter_D0_C2_3","parameterUnit":"Unknown","genProcessType":2,"genProcessTypeName":"Forecast","forecastTime":240,"surface1Type":103,"surface1TypeName":"Specified height level above ground","surface1Value":10.0,"surface2Type":255,"surface2TypeName":"Missing","surface2Value":0.0,"gridDefinitionTemplate":0,"gridDefinitionTemplateName":"Latitude_Longitude","numberPoints":615,"shape":6,"shapeName":"Earth spherical with radius of 6,371,229.0 m","gridUnits":"degrees","resolution":48,"winds":"true","scanMode":64,"nx":41,"ny":15,"basicAngle":0,"lo1":47.0,"la1":41.0,"lo2":87.0,"la2":55.0,"dx":1.0,"dy":1.0}, "data":
[rows 0 to 14 of 15, columns 0 to 40 of 41]
0.67057616,-2.3694239,0.6505762,0.8305762,-1.7594239,-3.7394238,-3.4394238,-4.249424,-4.269424,-2.339424,-1.4494238,-1.6694238,-1.7594239,-0.17942382,-0.70942384,0.41057616,2.1305761,0.29057616,-3.2694237,-0.71942383,-4.179424,-5.699424,-3.3594239,2.910576,1.8705761,3.4805763,-0.52942383,1.5005761,1.3205762,2.180576,-0.22942382,-1.5094239,0.5105762,-0.8494238,-0.6194238,-0.88942385,-0.9294238,0.06057617,1.4705762,0.9605762,0.46057618
4.7205763,2.2205763,0.7605762,-2.8994238,-4.289424,-4.3794236,-1.3894238,-1.6294239,-0.30942383,-2.1094239,-3.3894238,-2.799424,-3.6094239,-3.059424,-2.4994237,-1.2094238,3.2405763,2.5905762,0.43057618,-2.1694238,-1.4494238,-3.789424,-3.2694237,0.36057618,2.1305761,2.190576,-0.63942385,2.900576,0.46057618,2.5505762,3.9805763,4.730576,0.47057617,-2.2094238,-3.589424,-1.0894238,-1.5994239,-1.6394238,0.22057617,-1.5094239,-0.5594238
2.1005762,4.000576,-2.299424,-2.9594238,-4.429424,-2.5294237,-2.289424,-2.3694239,-3.5094237,-3.7294238,-2.8594239,-2.9894238,-2.599424,-1.0694238,-1.1994238,-2.6394238,-0.30942383,0.7605762,1.1405761,-1.1694238,-2.9894238,-2.5294237,-3.309424,3.3505762,-4.559424,-1.7094238,-3.3694239,0.8105762,-0.07942383,2.420576,4.080576,1.5805762,2.1205761,-0.31942382,-0.26942384,2.3205762,1.9805762,-1.2594239,-0.6094238,0.8205762,0.36057618
2.5605762,0.13057618,-2.4394238,-3.6394238,-3.6994238,-0.76942384,-1.4794239,-1.3594239,-1.8594239,-3.4394238,-2.7594237,-2.5094237,-3.9394238,-4.0094237,-3.1294239,-0.7394238,-0.17942382,-0.42942384,2.6405761,-0.27942383,-1.1394238,-1.1094239,-5.0494237,-5.229424,-3.1494238,-4.1494236,-5.919424,1.2205762,3.5005763,3.5305762,1.8505762,-1.7294239,-1.7594239,-0.9794238,-0.7294238,-2.7494237,-0.07942383,3.5605762,3.3905761,0.73057616,1.3005762
-0.69942385,-2.4294238,-3.7494237,-5.0094237,-3.4394238,0.9505762,0.97057617,0.20057617,-0.75942385,-1.1894238,-2.2294238,-2.2694237,-4.169424,-3.5194237,-4.2594237,-2.6694238,-1.5394238,2.0105762,1.4205762,1.2905762,-0.23942383,-1.3894238,-3.339424,-2.6294239,-3.5194237,-5.679424,-8.859424,2.9705763,1.9905761,1.2305762,1.0105761,1.4905761,3.2305763,3.0505762,5.7617185E-4,-0.6594238,0.53057617,-0.9294238,1.4105762,2.3905761,1.0705762
0.62057614,-0.43942383,-2.4994237,-3.9994237,-3.8694239,-5.179424,-5.159424,-3.2494237,-1.6394238,-1.9694238,-1.9894239,-2.8794239,-3.9294238,-3.6294239,-4.699424,-1.6394238,-1.5294238,1.9305762,1.5105761,1.5605762,-1.1694238,-2.0194237,-2.9594238,-2.9894238,-4.209424,-4.619424,-1.9094238,2.7705762,1.6305761,0.5905762,-0.069423825,-0.08942383,0.030576171,1.6505761,2.0705762,2.8605762,2.190576,1.8505762,1.2505761,-0.22942382,2.400576
1.2005762,-0.34942383,-0.9094238,-1.0894238,-1.5394238,-0.5394238,-1.0894238,-2.089424,-2.4294238,-2.4994237,-2.0094237,-2.3894238,-2.809424,-2.599424,-2.6294239,-1.5294238,-1.7794238,0.31057617,2.410576,1.3905761,-0.35942382,-2.5294237,-4.119424,-2.3994238,-0.6194238,-2.1794238,1.2505761,1.2005762,0.37057617,1.1205761,0.24057618,-0.14942382,-0.20942383,0.35057616,-0.5494238,-0.7994238,-3.049424,0.49057618,0.31057617,0.54057616,1.2505761
2.170576,0.93057615,-0.23942383,-1.2694238,-1.0294238,-1.1994238,-1.1194239,-1.4494238,-2.069424,-2.5294237,-1.7194238,-0.94942385,-2.4794238,-2.4994237,-2.2394238,-2.7294238,-0.5994238,-1.2194238,1.7805762,0.7705762,-0.87942386,-2.9194238,-3.339424,-2.839424,1.2605761,2.0205762,3.670576,2.1105762,1.4005761,1.4405762,1.0705762,2.460576,0.010576172,-2.2194238,1.6505761,0.8105762,0.020576172,-0.42942384,-0.77942383,-0.38942382,-1.6094239
1.7305762,0.06057617,-0.6094238,-0.52942383,-0.77942383,-0.36942384,-0.9794238,-2.1694238,-2.539424,-1.8394238,-1.7394239,-0.2994238,-1.9594238,-4.8394237,-2.339424,-0.63942385,-2.1794238,-1.2394239,-0.069423825,2.3605762,0.18057618,-3.039424,-3.329424,-2.4694238,2.3905761,3.0605762,4.360576,5.820576,3.0805762,2.0305762,2.8305762,1.7205762,2.5005763,0.31057617,0.12057617,1.1305761,-1.9494238,0.85057616,0.5805762,1.1005762,-0.48942384
0.30057618,-0.40942383,-0.08942383,-0.07942383,-0.24942383,-1.3094238,-0.77942383,-1.9494238,-2.9794238,-3.339424,-2.3994238,-1.6094239,-1.1094239,-1.8894238,-1.4594238,-1.8094238,-2.069424,-0.19942383,1.2805762,1.7405761,1.2405761,-2.1894238,-1.3194238,-1.2794238,1.2305762,1.3705761,5.5105762,3.410576,3.0205762,2.440576,3.3405762,2.2205763,2.0105762,0.6905762,0.6305762,0.5605762,0.19057617,-2.2194238,0.19057617,1.7305762,0.28057617
-0.18942383,-0.95942384,-1.0294238,-0.33942384,-1.3994238,-2.079424,-2.7594237,-1.4194238,-1.6094239,-3.0194237,-2.809424,-1.2894238,-1.3694239,-2.2494237,-1.5894238,-2.6794238,-0.6894238,-0.17942382,0.7505762,0.7605762,-1.8294238,-2.6894238,-1.5994239,2.5105762,-0.2994238,5.1205764,3.2705762,3.2805762,1.7705761,2.200576,1.7205762,0.99057615,0.110576175,-1.1194239,-1.3794239,0.12057617,0.49057618,1.7005762,0.5005762,0.36057618,-0.42942384
-0.059423827,-1.2094238,-2.4194238,-1.0794238,-1.1894238,-2.049424,-3.2794237,-4.169424,-0.82942384,-1.4794239,-2.0294237,-1.6094239,-2.4194238,-2.2394238,-1.6594238,-1.7794238,-1.3494239,-0.83942384,0.78057617,-1.3194238,-3.3994238,-2.329424,-0.44942382,0.7505762,5.860576,2.450576,5.590576,5.1805763,4.080576,3.2605762,2.160576,1.0205761,0.010576172,-0.36942384,-1.1394238,-2.5094237,-1.5794238,0.40057617,1.4805762,1.1205761,0.29057616
-0.19942383,0.9505762,0.8805762,-0.26942384,-0.82942384,-0.32942382,-0.7994238,-2.2794237,-3.4394238,-1.7094238,-0.33942384,-1.4494238,-1.8094238,-2.7394238,-1.3194238,-5.2594237,-0.77942383,-0.8494238,-0.62942386,-1.9494238,-2.2494237,-1.0294238,1.0505762,-0.7994238,6.3705764,5.580576,5.420576,4.8705764,3.7305763,2.7905762,2.3805761,1.8205762,0.8305762,-0.70942384,-0.75942385,-0.9894238,-1.2194238,-0.8594238,-1.2094238,-0.56942385,0.37057617
0.36057618,-0.039423827,-1.9994239,-0.9094238,0.26057616,-0.11942383,-0.25942382,-1.7094238,-1.1894238,-3.4694238,-0.87942386,-0.57942384,-1.4494238,-1.2994238,-3.2794237,-2.9894238,-1.5194238,-0.51942384,-2.4994237,-2.2494237,-1.5994239,-0.45942384,2.180576,5.1805763,5.580576,5.480576,5.500576,4.6405764,3.910576,3.460576,2.5105762,1.4005761,0.8805762,0.29057616,-0.8594238,-0.9294238,-0.95942384,-1.3794239,-1.5894238,-0.7294238,-0.52942383
0.33057618,-0.6594238,-2.849424,-2.0194237,-1.5794238,-0.49942383,-1.4894239,-1.8794239,-1.2994238,-2.1294239,-0.77942383,0.34057617,0.28057617,-1.8794239,-2.4194238,-3.4194238,-2.6894238,-1.4194238,-2.8694239,-1.7794238,-0.069423825,3.0605762,3.170576,4.860576,5.9705763,5.4905763,5.590576,4.550576,4.4305763,3.7205763,4.150576,1.7405761,1.1505761,-0.14942382,-0.96942383,-1.4594238,-0.94942385,-0.9194238,-0.69942385,-2.2294238,-1.0794238
