wind_kz.json
{"header": {"discipline":0,"disciplineName":"Meteorological products","gribEdition":2,"gribLength":1025,"center":7,"centerName":"US National Weather Service - NCEP(WMC)","subcenter":0,"refTime":"2024-02-03T00:00:00.000Z","significanceOfRT":1,"significanceOfRTName":"Start of forecast","productStatus":0,"productStatusName":"Operational products","productType":1,"productTypeName":"Forecast products","productDefinitionTemplate":0,"productDefinitionTemplateName":"Analysis/forecast at horizontal level/layer at a point in time","parameterCategory":2,"parameterCategoryName":"UnknownDiscipline_0_Category_2","parameterNumber":2,"parameterNumberName":"UnknownParameter_D0_C2_2","parameterUnit":"Unknown","genProcessType":2,"genProcessTypeName":"Forecast","forecastTime":300,"surface1Type":103,"surface1TypeName":"Specified height level above ground","surface1Value":10.0,"surface2Type":255,"surface2TypeName":"Missing","surface2Value":0.0,"gridDefinitionTemplate":0,"gridDefinitionTemplateName":"Latitude_Longitude","numberPoints":615,"shape":6,"shapeName":"Earth spherical with radius of 6,371,229.0 m","gridUnits":"degrees","resolution":48,"winds":"true","scanMode":64,"nx":41,"ny":15,"basicAngle":0,"lo1":47.0,"la1":41.0,"lo2":87.0,"la2":55.0,"dx":1.0,"dy":1.0}, "data":
[rows 0 to 14 of 15, columns 0 to 40 of 41]
-0.21094483,0.06905518,-1.0709448,1.4690552,0.9590552,0.43905517,2.9890552,-4.040945,-8.330945,-6.450945,-6.1509447,-6.5009446,-6.560945,-5.9409447,-4.9409447,-4.540945,-3.5709448,-3.7409449,-4.1109447,-5.3809447,-4.0009446,-1.3109448,0.059055176,0.5790552,-0.37094483,0.019055177,-3.220945,-1.6309448,0.41905516,1.5090551,0.7690552,2.8590553,1.6590552,0.2990552,1.1690552,1.6790552,3.1390553,2.6690552,3.2390552,3.339055,2.4190552
1.3290552,-2.6109447,0.92905515,1.2890552,2.029055,3.079055,-1.5209448,-3.6109447,-7.040945,-6.8609447,-7.160945,-6.6509447,-6.100945,-5.430945,-5.410945,-4.830945,-4.4409447,-5.6909447,-4.260945,-3.8709447,-3.2509449,-1.7009448,-0.21094483,-1.6009449,0.7190552,0.44905517,-1.0709448,0.37905517,-1.9509448,-0.58094484,0.20905517,0.85905516,2.809055,-1.4909449,0.66905516,0.15905517,2.3890553,1.5890552,2.579055,2.039055,0.009055176
3.4990551,-1.0309448,2.319055,4.3890553,3.4390552,2.069055,-1.0409448,-5.0209446,-9.070945,-6.7509446,-6.570945,-6.570945,-6.540945,-6.800945,-5.540945,-5.850945,-6.700945,-4.660945,-3.4809449,-3.4009447,-3.3709447,-7.410945,-5.6909447,-4.160945,-3.0909448,-3.3709447,-0.6709448,1.3190552,2.299055,-0.15094483,0.14905518,-0.37094483,1.0190551,0.9490552,-0.43094483,-0.7409448,2.059055,-0.32094482,4.259055,7.2490554,5.0190554
3.9590552,3.7490551,4.3690553,5.6390553,2.329055,1.4490552,-4.6509447,-5.2709446,-7.4009447,-7.840945,-8.230945,-8.580945,-7.9209447,-6.800945,-6.540945,-6.6309447,-5.740945,-4.490945,-2.8009448,-3.9809449,-3.8209448,-2.9809449,-5.800945,-6.780945,-6.9809446,-6.9209447,-4.620945,-9.320945,-4.600945,-2.2409449,2.1590552,0.079055175,3.1390553,-3.9009447,-2.1109447,-0.8409448,-1.5009449,4.279055,-0.20094483,-1.1709448,-0.8009448
2.7190552,1.4990551,3.6290553,1.8190552,1.7490551,-4.260945,-4.2109447,-8.990945,-8.660945,-8.770945,-8.870945,-10.520945,-9.8509445,-8.820945,-8.370945,-7.950945,-7.950945,-7.300945,-7.6309447,-8.790945,-10.220944,-8.750945,-7.4209447,-7.820945,-8.090945,-8.150945,-9.150945,-6.530945,-6.200945,-5.620945,-5.830945,-2.3209448,-2.1009448,2.9390552,-1.2909448,-2.8109448,-0.43094483,-1.9709449,-2.0109448,-4.490945,-5.720945
1.0890552,0.61905515,-0.8509448,-4.510945,-6.4209447,-7.060945,-10.1409445,-9.820945,-9.780945,-9.770945,-10.160945,-10.060945,-9.6409445,-9.450945,-7.2109447,-7.5009446,-7.9209447,-8.050945,-8.650945,-7.490945,-7.8809447,-8.110945,-7.1509447,-8.000945,-7.620945,-8.420945,-8.460945,-6.9009447,-6.160945,-5.680945,-6.180945,-5.910945,-3.3609447,-0.70094484,3.579055,2.0090551,2.7290552,3.1190553,-4.090945,-3.8909447,-4.470945
-0.49094483,-1.1109449,-5.060945,-5.310945,-8.000945,-9.6009445,-10.760944,-10.610945,-10.3909445,-10.240945,-9.3509445,-10.1009445,-7.890945,-9.030945,-8.210945,-7.790945,-7.080945,-7.1109447,-7.4409447,-9.180944,-6.660945,-5.680945,-5.7709446,-5.4209447,-5.910945,-4.700945,-3.920945,-4.2109447,-4.490945,-3.5109448,-3.950945,-3.210945,-1.8909448,0.019055177,-1.4509448,-2.1409447,-0.8409448,1.2590551,0.46905518,1.6790552,1.1590552
-2.0509448,-3.690945,-4.970945,-5.180945,-8.630945,-9.010944,-10.480945,-8.3909445,-9.800945,-9.960945,-8.980945,-10.410945,-7.6509447,-8.490945,-7.140945,-7.140945,-5.780945,-5.840945,-4.990945,-8.790945,-6.120945,-5.640945,-5.010945,-4.740945,-3.710945,-1.7409449,-2.200945,-1.6309448,-1.4609448,-2.3909447,-2.420945,-1.1309448,-0.8409448,-2.6009448,-2.5209448,1.9690552,3.8490553,5.009055,6.819055,7.409055,-1.4909449
-3.3709447,-4.3809447,-5.5209446,-6.660945,-7.0209446,-8.8909445,-8.720944,-9.370945,-9.650945,-9.270945,-9.270945,-9.090945,-8.370945,-6.6709447,-7.070945,-5.9409447,-6.1509447,-5.890945,-5.3809447,-6.490945,-8.150945,-5.620945,-4.810945,-4.5009446,-4.510945,-2.4009447,-2.2609448,-2.3209448,-0.4509448,-0.7909448,-0.46094483,-0.9709448,-0.41094482,-0.88094485,-0.52094483,1.2790551,0.97905517,-3.2909448,-1.6109449,1.7090552,-1.5609448
-3.9909449,-4.330945,-6.6909447,-6.660945,-7.310945,-8.620945,-9.000945,-9.400945,-9.420945,-9.230945,-9.550945,-10.700945,-7.600945,-7.060945,-7.450945,-6.590945,-6.9409447,-6.1909447,-6.7309446,-6.970945,-7.8809447,-5.810945,-4.160945,-3.8309448,-3.470945,-3.0909448,-2.950945,-1.7609448,-0.83094484,0.27905518,0.5890552,1.6390551,1.3190552,2.4090552,0.4590552,-0.020944824,-0.010944825,0.54905516,-1.6009449,0.6390552,-0.2909448
-4.1109447,-5.0009446,-6.990945,-7.240945,-7.200945,-8.280945,-8.730945,-9.460945,-9.180944,-9.440945,-9.930944,-8.960945,-6.990945,-7.950945,-7.030945,-6.2309446,-6.6109447,-5.6309447,-6.200945,-6.7509446,-5.6109447,-4.300945,-3.6509447,-2.8409448,-2.0509448,-2.1309447,-0.57094485,-0.58094484,1.1690552,2.569055,2.6590552,2.9090552,2.6690552,2.7490551,2.4390552,0.37905517,0.8890552,1.5190551,-0.6609448,0.009055176,-0.5409448
-5.090945,-5.2309446,-6.310945,-7.030945,-7.950945,-8.360945,-8.790945,-9.480945,-8.410945,-9.110945,-11.6409445,-7.6909447,-6.490945,-6.780945,-5.820945,-5.560945,-5.430945,-5.120945,-5.260945,-4.040945,-3.6509447,-2.8609447,-2.1009448,-1.5809448,-1.1009449,-0.050944824,0.7090552,1.9990551,2.7690551,2.8890553,2.8490553,2.799055,2.9690552,1.0690552,2.4190552,1.7090552,3.1090553,4.259055,2.4690552,0.21905518,0.7190552
-4.4409447,-5.720945,-5.760945,-6.3609447,-6.330945,-6.030945,-7.790945,-8.630945,-9.260944,-7.200945,-6.700945,-6.350945,-4.580945,-5.410945,-4.570945,-4.790945,-4.8609447,-4.590945,-3.200945,-3.210945,-2.4009447,-2.1009448,-0.9809448,0.14905518,1.0190551,1.4690552,2.539055,3.3890553,3.3690553,3.4590552,3.2490551,3.4490552,3.1890552,3.049055,3.2490551,3.2590551,3.069055,2.6990552,3.2290552,1.5890552,0.41905516
-5.030945,-4.990945,-6.280945,-6.590945,-6.950945,-7.3809447,-6.320945,-7.2709446,-5.140945,-3.8109448,-3.0009449,-4.340945,-3.690945,-3.8009448,-4.2109447,-4.2509446,-3.930945,-3.470945,-2.8809447,-2.2709448,-1.6809448,-0.8509448,0.4590552,1.3390552,2.1090553,2.579055,2.809055,3.089055,3.069055,3.2390552,3.4490552,3.299055,3.089055,3.2590551,3.559055,4.129055,3.6090553,3.6590552,2.1990552,2.3690553,2.2190552
-4.790945,-6.0009446,-6.370945,-6.540945,-5.9209447,-5.910945,-5.760945,-6.1909447,-4.4209447,-4.080945,-2.690945,-4.4809446,-2.200945,-2.7409449,-3.9009447,-3.4909449,-3.180945,-2.5709448,-1.3809448,-1.1909448,-0.34094483,0.6990552,1.0490552,2.039055,1.9290552,2.1390553,2.1390553,2.6890552,2.559055,2.6190553,2.839055,3.039055,2.8690553,3.1590552,3.9290552,4.549055,3.6390553,4.3290553,4.299055,3.3690553,1.6790552
