wind_kz.json
{"header": {"discipline":0,"disciplineName":"Meteorological products","gribEdition":2,"gribLength":1025,"center":7,"centerName":"US National Weather Service - NCEP(WMC)","subcenter":0,"refTime":"2023-09-20T12:00:00.000Z","significanceOfRT":1,"significanceOfRTName":"Start of forecast","productStatus":0,"productStatusName":"Operational products","productType":1,"productTypeName":"Forecast products","productDefinitionTemplate":0,"productDefinitionTemplateName":"Analysis/forecast at horizontal level/layer at a point in time","parameterCategory":2,"parameterCategoryName":"UnknownDiscipline_0_Category_2","parameterNumber":3,"parameterNumberName":"UnknownParameter_D0_C2_3","parameterUnit":"Unknown","genProcessType":2,"genProcessTypeName":"Forecast","forecastTime":120,"surface1Type":103,"surface1TypeName":"Specified height level above ground","surface1Value":10.0,"surface2Type":255,"surface2TypeName":"Missing","surface2Value":0.0,"gridDefinitionTemplate":0,"gridDefinitionTemplateName":"Latitude_Longitude","numberPoints":615,"shape":6,"shapeName":"Earth spherical with radius of 6,371,229.0 m","gridUnits":"degrees","resolution":48,"winds":"true","scanMode":64,"nx":41,"ny":15,"basicAngle":0,"lo1":47.0,"la1":41.0,"lo2":87.0,"la2":55.0,"dx":1.0,"dy":1.0}, "data":
[rows 0 to 14 of 15, columns 0 to 40 of 41]
2.0027294,2.7227294,0.9727295,0.22272949,-3.2172706,-4.9072704,-1.7772706,0.4427295,-0.8772705,-1.6472706,-3.8172705,-4.2172704,-4.5372705,-4.9072704,-6.0772705,-6.1372705,-5.7972703,-6.5172706,-6.1472707,-3.6072705,-2.6972704,-3.9872706,-3.0672705,0.05272949,2.9327295,1.5927294,1.0427295,-1.3872705,-2.4772706,-2.0672705,-2.8172705,1.6827295,-1.9872705,0.3027295,-0.09727051,1.1827295,-0.5772705,0.7827295,0.76272947,-0.21727051,0.05272949
-0.9772705,2.3527296,1.1327295,2.3627295,-1.8472705,-4.1872706,-1.0272706,-0.54727054,-1.0872705,-2.9672706,-5.5172706,-4.5672703,-4.0472703,-6.1272707,-7.2272706,-6.7772703,-5.7772703,-3.0772705,-4.1972704,-5.8172703,-1.2972705,-0.8872705,-4.3272705,-2.3672705,2.8427296,0.19272949,0.9327295,0.6527295,-1.6272705,-1.8172705,-1.5772705,-2.2372706,-3.3072705,-3.3472705,-4.3172703,1.2627295,2.2327294,2.1427295,1.2427295,1.3727295,1.1527295
3.0127294,3.5327294,3.4127295,0.9727295,0.9727295,-0.1872705,-0.8372705,0.24272949,-0.3072705,-3.1572704,-5.4072704,-6.8972707,-6.3172703,-5.6472707,-5.9072704,-6.7572703,-5.5472703,-1.7672706,-0.2772705,-2.0372705,-3.4372704,-5.3972707,-5.0372705,-4.3872705,-4.0872707,-1.3372705,-1.2172705,-3.6972704,-2.3572705,-2.0672705,0.3527295,-0.28727052,-2.3572705,0.1527295,-0.3372705,-1.5872705,-1.7072705,-4.2572703,-0.9972705,0.51272947,-1.6972705
2.1327295,1.4827294,1.5427295,1.2927295,1.0727295,0.7127295,0.5827295,0.1527295,-1.3172705,-2.2872705,-3.3472705,-5.4472704,-6.3872705,-8.02727,-4.7272706,-4.8072705,-5.6372705,-4.6172705,-3.7172706,-4.1172705,-2.0272706,-4.8972707,-1.1672705,-2.4872706,-3.1772704,-3.6572704,-3.2972705,-3.5572705,-3.3772705,-4.6772704,-6.1372705,-2.5672705,1.6727295,0.9127295,1.0227295,0.7127295,-0.8772705,1.3127295,-1.7672706,-1.7772706,-2.6072705
1.7327294,-0.9072705,-2.6172705,-4.0072703,-3.2272706,-1.1272705,-1.7272705,-1.3572705,-1.3872705,-2.1572704,-2.4672706,-2.8872705,-4.9972706,-6.3172703,-3.7072706,-3.7972705,-3.8272705,-2.9372704,-2.4672706,-2.2772706,-2.5672705,-1.8672705,-1.8372705,-2.2372706,-3.1572704,-3.7972705,-5.8472705,-3.9872706,-4.2372704,-4.8272705,-6.3472705,-6.2972703,-2.3472705,-0.3872705,0.8027295,1.8027295,-5.0272703,-2.2872705,0.8827295,-2.3872705,-1.1172705
3.9127295,2.7427294,-1.0272706,-1.4472705,-2.7472706,-4.3372707,-0.8472705,-0.8072705,-0.6072705,-0.8672705,-1.6272705,-1.0872705,-2.1672704,-4.8372707,-3.6572704,-2.7672706,-3.0272706,-2.0172706,-1.7572705,-1.6972705,-2.3572705,-2.7072706,-2.5872705,-2.5672705,-2.1372705,0.3927295,-1.1172705,-3.5072706,-5.1172705,-5.2172704,-4.5172706,-5.4972706,-4.6872706,-3.0672705,-1.7472705,-1.0872705,-1.8772705,-3.0972705,-0.2972705,-0.43727052,-0.2772705
2.8327296,2.5727296,2.7427294,2.7827294,3.1027296,-1.3972706,-0.4972705,0.14272949,0.4527295,-0.10727051,-0.7872705,-1.2572705,-1.7072705,-2.1772704,-2.9772706,-3.0572705,-3.1572704,-2.6272705,-2.0872705,-2.0172706,-2.6472704,-2.9872706,-3.1072705,-3.4772706,-2.1772704,-2.0872705,-3.0172706,-2.5172706,-5.3372707,-5.9572706,-5.1272707,-5.2472706,-6.0372705,-6.8272705,1.7127295,-0.8472705,-2.9172704,-3.0572705,-2.5072706,0.1827295,-7.4272704
1.8527294,1.7527295,1.4427295,0.6027295,-0.2672705,-0.7272705,-0.5672705,-0.1272705,-0.07727051,0.14272949,-0.027270507,0.042729493,-0.5072705,-1.2672706,-2.2772706,-3.1072705,-3.8172705,-3.2172706,-2.5972705,-1.6472706,-2.1272705,-2.6672704,-2.8972704,-3.1572704,-2.6872704,-3.1372705,-3.7072706,-5.2272706,-4.8972707,-5.9172707,-5.6572704,-5.4372706,-4.8772707,-5.6972704,-4.0472703,-3.9572706,-1.6672705,-2.9372704,2.3127296,2.5827296,-0.05727051
1.0927294,1.0527295,0.6627295,0.5327295,0.4427295,0.13272949,0.05272949,0.07272949,-0.05727051,-0.10727051,0.08272949,-0.11727051,-0.5272705,-1.2572705,-1.8672705,-2.6872704,-2.7172706,-2.9172704,-2.9472704,-2.9972706,-1.8972706,-2.5472705,-3.5572705,-3.4172704,-2.9472704,-3.3672705,-3.7172706,-3.9072704,-2.9772706,-4.1072707,-5.5172706,-4.4372706,-3.4772706,-3.8572705,-4.1472707,-4.9072704,-3.5272706,-3.2972705,-5.1272707,-2.7272706,-4.0372705
1.5127295,0.6727295,0.7927295,1.3627295,1.0227295,1.3727295,1.1427295,0.4127295,0.2027295,0.37272948,0.37272948,0.14272949,-0.21727051,-0.5772705,-0.8172705,-1.3772705,-1.8172705,-2.0672705,-2.3272705,-2.4572706,-2.1872704,-2.1472704,-2.1972704,-2.4672706,-2.2472706,-2.3872705,-3.2072706,-3.4972706,-3.8872705,-3.6272705,-3.6272705,-2.5872705,-2.0772705,-2.7572706,-2.6572704,-2.5572705,-0.6172705,-0.2072705,-1.5672705,0.07272949,-0.5372705
2.0727296,1.0827295,1.4927295,1.4527295,2.4627295,1.6627295,1.4127295,1.4427295,0.8627295,0.8527295,0.2527295,0.3527295,-0.10727051,-0.6072705,-0.6572705,-1.0872705,-1.3372705,-1.4272705,-1.4172705,-2.3172705,-2.1072705,-1.9872705,-3.1572704,-3.8272705,-2.5172706,-1.8772705,-2.6672704,-1.8872705,-1.1872705,-1.0672705,-1.6472706,-0.6972705,-0.9372705,-1.6172705,-2.1672704,-2.7972705,-2.0272706,-0.07727051,-0.2972705,-0.5772705,-1.4472705
1.8627295,1.2827295,1.8227295,2.2827294,1.9027295,1.8127295,1.6827295,1.4627295,1.2427295,0.6427295,0.8127295,1.3427294,0.8727295,-0.1872705,-1.4472705,-2.2472706,-1.7172705,-1.4672705,-1.7172705,-0.8472705,-0.047270507,-0.1872705,-0.6272705,-0.67727053,-0.8672705,-2.0172706,-2.0272706,-0.1572705,-0.027270507,0.43272948,0.092729494,-0.017270507,0.34272948,-0.7872705,-0.5872705,-0.24727051,-0.9672705,-1.7072705,-0.5672705,-0.4972705,-1.0972705
1.9127295,2.6927295,1.4627295,1.9427295,2.1027296,1.6527295,1.8827295,1.5527295,0.6727295,-0.6172705,-0.2372705,-1.4072706,0.8127295,-0.28727052,-0.8472705,-1.3872705,-2.0072706,-1.0972705,1.2827295,-0.6372705,-1.0372705,-1.0572705,-0.4272705,-0.43727052,-1.3972706,-0.1272705,-0.1772705,0.8827295,0.3027295,1.3527294,1.3727295,1.2427295,1.0527295,-0.5872705,0.6427295,1.3527294,0.4827295,1.0027295,1.1527295,1.2927295,0.40272948
2.4127295,3.0727296,2.8027296,2.1527295,2.8327296,2.8827295,2.0927296,1.5627295,1.5127295,1.5927294,-0.43727052,-0.5672705,0.6927295,-0.05727051,-0.2972705,-0.6572705,-1.0272706,-1.0072705,-1.1272705,-1.4872705,2.7927294,1.8027295,1.1927295,0.31272948,0.9327295,0.9227295,-0.3372705,1.9527295,2.4727294,1.5427295,1.8527294,0.8627295,1.6127295,0.7427295,1.3427294,0.24272949,1.7527295,1.0027295,-0.2972705,2.0227294,2.6527295
2.2227294,2.7327294,5.3327293,2.0427294,2.9127295,2.7327294,2.0527296,2.0827296,1.3527294,2.4727294,1.4427295,0.1827295,0.2927295,-0.7772705,-0.2372705,-0.4772705,-0.5872705,-0.67727053,-0.9072705,-0.5672705,-0.7172705,-1.1072705,-1.1072705,-0.4972705,2.7127295,2.2827294,2.3227296,0.8427295,1.9127295,3.6127295,2.9927294,2.9627295,2.4627295,2.0727296,2.3927295,2.1327295,2.3927295,2.6827295,1.2227294,1.4927295,2.1227295
