wind_kz.json
{"header": {"discipline":0,"disciplineName":"Meteorological products","gribEdition":2,"gribLength":871,"center":7,"centerName":"US National Weather Service - NCEP(WMC)","subcenter":0,"refTime":"2023-09-26T18:00:00.000Z","significanceOfRT":1,"significanceOfRTName":"Start of forecast","productStatus":0,"productStatusName":"Operational products","productType":1,"productTypeName":"Forecast products","productDefinitionTemplate":0,"productDefinitionTemplateName":"Analysis/forecast at horizontal level/layer at a point in time","parameterCategory":0,"parameterCategoryName":"UnknownDiscipline_0_Category_0","parameterNumber":0,"parameterNumberName":"UnknownParameter_D0_C0_0","parameterUnit":"Unknown","genProcessType":2,"genProcessTypeName":"Forecast","forecastTime":120,"surface1Type":1,"surface1TypeName":"Ground or water surface","surface1Value":0.0,"surface2Type":255,"surface2TypeName":"Missing","surface2Value":0.0,"gridDefinitionTemplate":0,"gridDefinitionTemplateName":"Latitude_Longitude","numberPoints":615,"shape":6,"shapeName":"Earth spherical with radius of 6,371,229.0 m","gridUnits":"degrees","resolution":48,"winds":"true","scanMode":64,"nx":41,"ny":15,"basicAngle":0,"lo1":47.0,"la1":41.0,"lo2":87.0,"la2":55.0,"dx":1.0,"dy":1.0}, "data":
[rows 0 to 14 of 15, columns 0 to 40 of 41]
291.4571,282.1571,287.5571,293.6571,293.35712,292.5571,293.5571,294.5571,291.5571,291.0571,290.9571,291.9571,291.7571,292.1571,292.35712,290.35712,289.6571,290.7571,287.6571,289.0571,290.1571,287.85712,287.4571,283.5571,286.1571,287.85712,285.5571,273.7571,268.7571,271.0571,272.7571,274.0571,283.1571,289.35712,290.35712,290.9571,289.85712,289.9571,290.5571,290.5571,288.35712
274.1571,285.85712,293.1571,293.35712,293.0571,291.7571,292.35712,291.0571,290.0571,289.9571,291.4571,290.4571,289.85712,289.2571,289.6571,289.9571,289.5571,289.6571,289.0571,288.5571,289.7571,289.1571,287.1571,279.5571,270.85712,266.7571,280.0571,273.7571,275.1571,271.0571,276.7571,265.4571,275.2571,260.0571,274.4571,286.85712,285.5571,287.1571,289.7571,282.1571,283.5571
288.5571,293.0571,293.4571,292.9571,291.0571,291.1571,290.7571,290.0571,289.7571,289.35712,288.4571,288.5571,286.9571,287.6571,289.5571,285.9571,286.35712,286.2571,287.6571,288.1571,290.4571,288.7571,288.7571,282.1571,285.9571,285.85712,287.9571,287.35712,286.1571,277.85712,266.5571,270.2571,277.35712,277.0571,278.9571,278.6571,273.2571,273.4571,277.4571,270.35712,270.2571
290.2571,292.35712,293.1571,292.2571,291.1571,290.1571,291.6571,289.9571,289.6571,288.85712,287.7571,286.9571,290.6571,290.0571,287.2571,286.85712,288.2571,285.4571,286.1571,286.35712,288.0571,284.0571,288.35712,289.1571,290.35712,292.9571,291.4571,291.0571,288.1571,288.35712,290.0571,287.2571,290.85712,288.6571,287.2571,283.7571,272.4571,266.4571,274.5571,281.7571,285.2571
290.4571,292.1571,292.7571,291.7571,291.0571,290.5571,291.1571,290.1571,289.7571,289.1571,288.5571,286.85712,289.6571,288.5571,287.1571,288.0571,292.1571,291.4571,285.1571,288.2571,288.5571,288.6571,287.0571,288.2571,288.85712,289.35712,288.9571,288.85712,291.7571,290.4571,292.0571,287.9571,277.35712,269.1571,278.6571,288.0571,289.2571,289.9571,290.35712,290.2571,289.1571
288.9571,287.0571,290.85712,291.7571,291.7571,291.2571,290.1571,291.35712,289.5571,289.35712,289.85712,289.7571,289.85712,289.6571,288.6571,288.0571,290.5571,288.35712,289.1571,287.7571,286.9571,287.9571,287.7571,289.0571,287.85712,287.0571,286.5571,287.85712,289.2571,290.85712,289.85712,289.5571,287.5571,286.1571,283.9571,287.2571,278.7571,281.4571,286.9571,288.4571,288.4571
289.0571,286.7571,291.1571,290.5571,289.9571,289.2571,290.35712,289.7571,289.7571,290.1571,288.5571,288.2571,287.7571,287.5571,287.2571,288.35712,287.1571,287.5571,288.35712,286.5571,284.2571,287.0571,286.5571,289.85712,289.35712,288.9571,286.2571,287.35712,286.1571,285.9571,286.5571,286.5571,286.85712,287.35712,286.1571,285.5571,280.4571,277.6571,275.35712,274.35712,284.4571
289.7571,288.7571,291.0571,291.5571,291.6571,290.85712,289.5571,288.1571,287.1571,287.85712,286.85712,286.6571,286.6571,289.4571,287.35712,287.1571,286.7571,287.0571,287.35712,283.35712,282.9571,284.4571,283.5571,285.9571,285.9571,284.2571,282.5571,283.35712,283.7571,283.1571,282.5571,283.0571,282.6571,281.0571,281.1571,282.4571,285.6571,286.4571,284.35712,284.4571,279.5571
289.9571,289.4571,289.85712,289.35712,290.2571,289.1571,286.85712,287.2571,286.5571,285.6571,285.1571,284.85712,284.85712,288.6571,288.35712,288.5571,285.5571,288.5571,285.4571,286.9571,282.1571,282.35712,284.5571,283.4571,282.35712,282.5571,281.1571,279.35712,278.2571,278.0571,280.4571,279.35712,281.35712,281.6571,281.2571,278.9571,280.1571,279.1571,266.1571,268.2571,266.1571
289.4571,290.0571,290.0571,289.35712,288.9571,288.35712,287.0571,285.85712,285.85712,284.85712,283.7571,283.4571,285.1571,284.4571,285.7571,287.0571,284.7571,284.4571,286.2571,285.85712,283.9571,284.9571,285.6571,283.5571,284.4571,284.0571,284.1571,283.5571,282.4571,281.9571,281.7571,281.2571,282.5571,281.9571,281.4571,279.5571,277.7571,275.35712,271.5571,272.35712,271.5571
289.2571,289.35712,289.2571,288.7571,288.35712,287.7571,287.2571,285.6571,284.2571,283.6571,283.0571,282.0571,283.85712,282.7571,282.6571,283.1571,286.35712,284.85712,285.0571,283.7571,283.35712,285.5571,283.4571,284.5571,284.2571,284.35712,279.6571,281.85712,282.7571,281.35712,281.5571,282.35712,281.7571,282.1571,280.85712,277.35712,273.85712,273.5571,277.0571,276.0571,274.5571
288.9571,290.0571,289.5571,289.0571,288.1571,286.6571,284.35712,284.1571,283.4571,282.9571,280.6571,285.0571,285.6571,281.5571,282.0571,282.1571,282.1571,282.1571,282.6571,281.9571,281.35712,280.5571,280.35712,283.4571,283.2571,284.0571,280.9571,281.1571,281.1571,281.0571,279.5571,280.1571,280.6571,279.1571,279.4571,281.4571,280.0571,280.35712,279.7571,280.5571,279.9571
289.35712,288.9571,289.7571,288.6571,288.85712,287.0571,284.6571,284.35712,282.7571,281.85712,279.6571,278.1571,281.7571,279.7571,280.9571,281.2571,281.5571,281.1571,282.0571,281.5571,281.2571,279.5571,278.7571,279.0571,280.0571,280.0571,280.7571,279.85712,279.6571,278.5571,278.5571,278.0571,278.85712,277.7571,277.0571,278.2571,279.5571,280.5571,278.7571,279.35712,278.0571
287.5571,288.1571,287.6571,289.1571,287.35712,285.6571,284.5571,284.6571,283.1571,282.4571,280.4571,277.35712,278.35712,279.85712,280.2571,281.1571,281.2571,281.1571,281.2571,281.2571,280.6571,280.1571,280.4571,279.9571,279.7571,280.1571,278.9571,278.5571,277.5571,277.1571,276.4571,275.2571,274.7571,274.2571,274.0571,272.9571,273.4571,272.9571,272.6571,270.9571,271.6571
286.0571,287.4571,285.6571,286.85712,286.2571,284.85712,285.35712,284.0571,283.4571,283.7571,285.5571,282.2571,278.7571,278.85712,279.85712,280.35712,280.4571,280.35712,280.1571,280.2571,280.0571,279.6571,279.35712,279.2571,279.35712,279.35712,278.35712,277.5571,276.5571,274.9571,274.85712,277.5571,273.0571,272.35712,272.2571,272.6571,272.2571,270.35712,271.0571,270.9571,271.1571
