wind_kz.json
{"header": {"discipline":0,"disciplineName":"Meteorological products","gribEdition":2,"gribLength":871,"center":7,"centerName":"US National Weather Service - NCEP(WMC)","subcenter":0,"refTime":"2023-09-20T12:00:00.000Z","significanceOfRT":1,"significanceOfRTName":"Start of forecast","productStatus":0,"productStatusName":"Operational products","productType":1,"productTypeName":"Forecast products","productDefinitionTemplate":0,"productDefinitionTemplateName":"Analysis/forecast at horizontal level/layer at a point in time","parameterCategory":0,"parameterCategoryName":"UnknownDiscipline_0_Category_0","parameterNumber":0,"parameterNumberName":"UnknownParameter_D0_C0_0","parameterUnit":"Unknown","genProcessType":2,"genProcessTypeName":"Forecast","forecastTime":180,"surface1Type":1,"surface1TypeName":"Ground or water surface","surface1Value":0.0,"surface2Type":255,"surface2TypeName":"Missing","surface2Value":0.0,"gridDefinitionTemplate":0,"gridDefinitionTemplateName":"Latitude_Longitude","numberPoints":615,"shape":6,"shapeName":"Earth spherical with radius of 6,371,229.0 m","gridUnits":"degrees","resolution":48,"winds":"true","scanMode":64,"nx":41,"ny":15,"basicAngle":0,"lo1":47.0,"la1":41.0,"lo2":87.0,"la2":55.0,"dx":1.0,"dy":1.0}, "data":
[rows 0 to 14 of 15, columns 0 to 40 of 41]
288.21872,280.31873,285.1187,293.81873,294.1187,293.81873,292.41873,292.51874,290.01874,289.31873,288.51874,289.71872,289.01874,289.6187,291.6187,288.81873,287.71872,288.81873,291.41873,292.1187,291.6187,286.41873,287.81873,282.81873,286.21872,288.41873,286.51874,275.1187,273.41873,271.81873,271.71872,272.6187,279.6187,285.71872,286.21872,285.71872,285.21872,283.81873,283.91873,282.31873,281.41873
271.91873,285.31873,293.6187,293.6187,293.71872,292.21872,291.1187,289.91873,288.81873,287.91873,288.91873,288.1187,287.6187,287.71872,287.71872,287.91873,285.21872,285.91873,288.6187,290.51874,286.41873,288.21872,289.21872,283.21872,272.6187,272.01874,280.31873,273.91873,275.81873,269.71872,276.6187,269.01874,274.71872,253.71872,270.1187,283.6187,281.71872,283.41873,283.21872,278.01874,283.51874
286.6187,292.6187,293.81873,293.51874,291.31873,290.41873,289.71872,288.71872,288.01874,287.71872,286.71872,287.21872,286.91873,289.1187,287.91873,285.51874,285.41873,283.91873,285.41873,285.31873,285.51874,286.21872,289.81873,284.41873,286.1187,284.1187,285.41873,284.51874,284.1187,278.41873,271.31873,272.91873,278.51874,277.51874,280.91873,281.01874,271.81873,269.51874,270.71872,268.01874,263.31873
288.1187,292.6187,294.01874,292.81873,291.41873,289.21872,289.21872,288.41873,288.71872,288.1187,287.71872,287.31873,291.41873,290.91873,287.81873,286.6187,286.31873,283.71872,285.51874,283.6187,283.91873,281.21872,286.6187,288.31873,287.91873,287.71872,287.6187,286.01874,284.51874,283.81873,285.1187,282.81873,288.51874,287.01874,288.41873,284.51874,271.51874,262.41873,274.1187,277.6187,281.21872
290.51874,291.81873,292.71872,291.81873,291.21872,289.71872,290.51874,289.71872,289.01874,288.81873,288.81873,287.71872,290.21872,289.31873,287.71872,287.21872,286.91873,286.81873,285.51874,287.21872,287.01874,286.91873,285.91873,285.01874,284.71872,284.71872,284.1187,285.41873,284.71872,284.01874,287.71872,285.91873,279.21872,270.81873,275.6187,282.41873,285.51874,284.51874,283.6187,283.51874,284.41873
288.71872,287.51874,290.6187,290.6187,291.31873,290.6187,289.81873,291.1187,289.41873,288.81873,289.21872,289.21872,289.91873,290.01874,288.71872,287.31873,288.41873,286.91873,287.6187,287.01874,286.81873,286.21872,285.71872,285.01874,284.1187,283.51874,283.91873,287.71872,285.31873,285.21872,284.21872,286.71872,285.91873,284.6187,284.91873,287.01874,279.31873,276.71872,280.6187,282.91873,283.1187
287.91873,286.81873,290.41873,291.1187,291.01874,291.1187,291.81873,290.41873,290.91873,289.91873,287.81873,287.91873,287.71872,287.91873,287.91873,288.41873,287.6187,287.91873,287.21872,286.21872,285.01874,285.31873,285.6187,286.01874,284.41873,284.91873,284.1187,284.21872,283.91873,284.21872,284.41873,285.41873,284.51874,285.31873,284.81873,282.71872,279.1187,276.41873,271.6187,271.31873,279.01874
288.01874,287.6187,289.51874,290.71872,291.81873,292.41873,292.21872,290.6187,289.6187,288.6187,287.71872,286.6187,286.31873,287.31873,287.81873,287.91873,287.31873,287.71872,287.1187,285.1187,284.31873,284.31873,284.21872,284.51874,283.21872,280.41873,281.71872,282.01874,279.91873,281.21872,281.41873,281.51874,281.91873,278.91873,279.31873,278.31873,279.81873,287.01874,281.1187,281.01874,278.1187
286.51874,286.6187,287.51874,287.41873,290.1187,291.1187,290.6187,290.21872,289.71872,288.21872,286.51874,286.01874,284.71872,286.1187,286.21872,286.81873,286.41873,286.21872,285.71872,284.71872,282.81873,282.31873,283.01874,282.91873,281.6187,281.81873,279.31873,278.81873,278.71872,277.21872,278.31873,278.81873,278.21872,280.01874,278.51874,276.91873,278.91873,278.31873,267.31873,268.51874,265.41873
284.91873,285.6187,285.71872,285.6187,288.21872,289.01874,285.91873,286.41873,288.31873,289.01874,287.81873,289.41873,287.91873,284.81873,285.41873,285.91873,285.91873,285.6187,285.21872,284.51874,283.1187,282.51874,282.71872,282.51874,281.71872,280.6187,279.91873,279.91873,278.81873,278.51874,277.01874,279.21872,281.1187,280.81873,279.31873,277.91873,278.41873,275.1187,270.6187,269.91873,269.31873
283.81873,283.71872,283.71872,284.01874,283.91873,283.71872,284.1187,287.31873,282.31873,283.81873,286.6187,285.31873,285.51874,287.01874,286.31873,285.41873,285.31873,285.6187,285.71872,284.31873,283.91873,283.51874,282.91873,282.41873,281.6187,281.1187,278.91873,279.91873,280.01874,280.41873,281.1187,281.41873,281.01874,281.01874,280.01874,277.81873,277.01874,273.41873,272.01874,272.6187,269.6187
282.01874,283.21872,282.41873,281.71872,281.71872,285.21872,284.31873,283.91873,281.51874,281.1187,279.6187,282.71872,287.81873,287.1187,287.51874,284.91873,284.51874,284.71872,285.21872,284.41873,284.1187,282.81873,282.6187,282.1187,281.41873,281.81873,281.6187,281.91873,282.01874,282.21872,281.21872,281.21872,281.41873,279.91873,280.1187,279.1187,278.71872,277.21872,277.51874,276.91873,276.1187
281.1187,280.51874,282.1187,281.51874,281.31873,285.51874,280.6187,280.01874,280.1187,278.81873,278.31873,279.6187,284.81873,285.41873,285.91873,286.01874,284.71872,283.91873,284.21872,284.01874,284.41873,284.21872,282.31873,281.6187,281.41873,281.91873,282.6187,281.81873,281.91873,281.1187,281.51874,281.21872,280.91873,280.21872,280.1187,280.1187,279.51874,280.41873,278.91873,277.6187,277.71872
279.51874,281.6187,284.31873,281.41873,279.91873,279.91873,280.31873,279.21872,279.1187,278.6187,278.41873,279.71872,280.81873,282.21872,286.51874,283.91873,283.81873,283.01874,283.31873,283.21872,283.41873,283.1187,283.51874,283.6187,283.91873,283.1187,282.31873,282.81873,282.41873,282.1187,281.71872,281.51874,281.01874,280.31873,280.6187,279.41873,279.41873,278.91873,278.21872,278.51874,277.21872
279.91873,281.21872,286.31873,281.01874,280.51874,278.6187,279.91873,279.21872,279.6187,279.51874,279.81873,277.91873,280.21872,281.51874,282.31873,283.01874,282.81873,282.31873,281.71872,282.81873,282.51874,282.91873,282.91873,283.01874,283.31873,283.21872,283.01874,283.31873,283.01874,283.1187,282.91873,282.91873,281.71872,281.31873,281.21872,281.41873,280.6187,280.31873,280.01874,279.71872,280.81873
