wind.json
{"header": {"discipline":0,"disciplineName":"Meteorological products","gribEdition":2,"gribLength":1039,"center":7,"centerName":"US National Weather Service - NCEP(WMC)","subcenter":0,"refTime":"2023-05-30T00:00:00.000Z","significanceOfRT":1,"significanceOfRTName":"Start of forecast","productStatus":0,"productStatusName":"Operational products","productType":1,"productTypeName":"Forecast products","productDefinitionTemplate":0,"productDefinitionTemplateName":"Analysis/forecast at horizontal level/layer at a point in time","parameterCategory":0,"parameterCategoryName":"UnknownDiscipline_0_Category_0","parameterNumber":0,"parameterNumberName":"UnknownParameter_D0_C0_0","parameterUnit":"Unknown","genProcessType":2,"genProcessTypeName":"Forecast","forecastTime":300,"surface1Type":1,"surface1TypeName":"Ground or water surface","surface1Value":0.0,"surface2Type":255,"surface2TypeName":"Missing","surface2Value":0.0,"gridDefinitionTemplate":0,"gridDefinitionTemplateName":"Latitude_Longitude","numberPoints":688,"shape":6,"shapeName":"Earth spherical with radius of 6,371,229.0 m","gridUnits":"degrees","resolution":48,"winds":"true","scanMode":64,"nx":43,"ny":16,"basicAngle":0,"lo1":45.0,"la1":40.0,"lo2":87.0,"la2":55.0,"dx":1.0,"dy":1.0}, "data":
[rows 0 to 15 of 16, columns 0 to 42 of 43]
296.14127,293.24127,308.14127,314.04126,319.64127,298.34125,295.44125,294.84125,319.04126,321.94125,319.84125,325.14127,330.74127,330.14127,329.04126,326.94125,324.54126,322.84125,322.14127,321.64127,318.74127,315.54126,312.74127,315.94125,313.14127,309.24127,309.54126,300.84125,296.64127,296.24127,299.24127,309.74127,314.14127,313.94125,316.04126,315.34125,316.24127,314.54126,315.34125,315.64127,313.84125,313.14127,312.34125
294.34125,308.84125,302.44125,298.44125,303.04126,294.04126,293.54126,293.54126,310.94125,326.14127,321.54126,324.64127,328.84125,329.14127,328.64127,328.24127,325.14127,323.64127,322.64127,320.44125,322.04126,319.94125,320.94125,317.94125,316.54126,309.64127,317.24127,317.54126,312.34125,292.64127,293.04126,292.74127,292.74127,284.54126,307.44125,314.44125,316.04126,314.64127,312.94125,311.94125,311.34125,311.74127,312.54126
293.44125,293.34125,289.14127,300.74127,293.34125,293.54126,293.14127,293.14127,326.54126,316.74127,320.44125,327.64127,324.34125,328.54126,329.24127,326.84125,324.34125,324.74127,323.54126,321.64127,319.44125,320.54126,318.44125,316.34125,316.24127,302.84125,293.64127,286.54126,298.04126,282.54126,295.24127,288.44125,294.64127,286.14127,298.14127,266.94125,289.74127,308.84125,305.64127,309.24127,310.94125,302.24127,286.64127
287.04126,289.84125,299.94125,294.44125,292.94125,292.84125,293.24127,321.24127,323.34125,325.14127,324.64127,321.64127,326.04126,326.64127,327.34125,328.34125,325.24127,324.14127,322.54126,320.54126,319.14127,318.54126,320.34125,314.24127,312.54126,305.04126,310.34125,308.44125,308.64127,308.64127,307.24127,290.44125,286.94125,287.54126,293.34125,292.84125,296.24127,296.54126,285.34125,289.14127,289.34125,284.94125,282.54126
293.24127,304.64127,303.14127,295.34125,294.64127,294.04126,300.34125,327.94125,327.54126,325.94125,326.44125,318.44125,322.44125,323.64127,292.74127,294.04126,325.04126,324.44125,321.94125,321.04126,319.64127,318.54126,313.44125,307.94125,313.04126,312.04126,309.14127,309.14127,309.94125,304.54126,303.14127,303.24127,305.34125,300.44125,309.84125,309.04126,308.74127,299.74127,283.54126,285.84125,286.94125,296.34125,299.24127
288.64127,301.94125,312.74127,296.34125,295.84125,296.34125,305.24127,319.54126,324.44125,327.24127,327.74127,326.64127,324.34125,313.34125,293.94125,294.04126,292.34125,325.24127,323.14127,319.44125,315.14127,316.74127,316.74127,315.74127,312.94125,311.14127,309.84125,309.24127,304.84125,301.74127,304.84125,305.34125,305.74127,303.84125,287.84125,283.54126,294.14127,301.84125,299.44125,308.04126,306.84125,304.84125,304.74127
287.84125,291.24127,305.54126,308.74127,297.24127,296.34125,296.44125,296.64127,324.74127,322.64127,325.64127,328.14127,321.54126,314.54126,296.64127,293.64127,308.84125,321.74127,321.24127,321.44125,318.44125,317.64127,314.34125,312.74127,312.54126,311.64127,309.84125,306.04126,306.14127,290.44125,307.64127,307.14127,305.84125,304.14127,302.44125,300.54126,296.34125,296.54126,289.74127,291.04126,301.34125,303.54126,300.54126
287.84125,287.84125,291.34125,299.74127,307.94125,314.94125,311.04126,315.34125,322.24127,319.84125,324.24127,324.44125,322.64127,317.04126,317.04126,319.34125,319.54126,320.84125,320.84125,321.04126,319.54126,313.24127,311.14127,311.44125,310.94125,311.04126,307.84125,307.04126,306.24127,308.14127,307.34125,307.14127,305.64127,304.44125,303.34125,301.04126,298.04126,295.54126,289.94125,286.24127,282.74127,282.84125,293.64127
286.94125,286.84125,289.04126,290.94125,297.84125,304.94125,312.94125,314.14127,315.34125,315.74127,317.14127,321.24127,321.94125,316.64127,317.84125,319.64127,321.64127,321.34125,323.34125,319.24127,318.74127,313.04126,310.94125,311.04126,309.74127,309.24127,307.14127,303.34125,303.54126,303.74127,300.24127,301.74127,298.64127,299.64127,296.34125,292.54126,293.04126,297.64127,299.84125,286.64127,299.04126,297.24127,291.44125
289.04126,292.14127,291.34125,290.24127,292.44125,298.54126,308.84125,308.44125,311.24127,312.04126,314.84125,315.34125,316.44125,316.94125,315.74127,318.44125,317.74127,319.84125,318.34125,318.04126,315.64127,313.64127,308.14127,308.54126,307.64127,305.84125,303.14127,302.44125,297.54126,296.14127,294.94125,293.04126,293.64127,293.84125,294.94125,294.94125,293.54126,290.94125,293.34125,290.54126,282.94125,282.54126,279.04126
292.44125,294.44125,298.24127,291.24127,292.44125,301.04126,303.04126,305.44125,305.84125,309.14127,310.34125,311.54126,312.84125,313.94125,313.94125,314.64127,315.14127,315.34125,314.64127,313.64127,312.44125,312.44125,308.44125,308.54126,307.84125,305.54126,304.64127,301.84125,299.34125,296.94125,295.44125,296.34125,296.04126,297.04126,296.84125,295.44125,294.14127,292.54126,293.24127,286.14127,284.84125,283.54126,280.24127
294.54126,292.64127,296.44125,293.94125,294.74127,297.84125,302.74127,303.34125,304.14127,305.14127,306.74127,308.04126,309.24127,309.74127,313.24127,310.74127,310.24127,311.94125,311.34125,310.94125,310.04126,309.64127,307.14127,304.14127,305.04126,303.74127,301.74127,301.14127,296.34125,299.44125,299.54126,301.54126,300.44125,300.54126,299.44125,296.84125,293.74127,290.94125,287.34125,285.64127,285.04126,285.54126,282.34125
292.04126,294.44125,292.84125,293.04126,295.34125,296.14127,298.94125,300.74127,300.14127,301.54126,304.34125,303.24127,302.84125,304.94125,308.34125,307.54126,308.74127,307.54126,308.74127,308.14127,308.94125,307.24127,304.24127,303.14127,302.54126,299.94125,298.14127,301.84125,300.84125,302.04126,302.54126,302.04126,299.24127,299.34125,299.24127,296.44125,295.44125,294.04126,292.94125,291.04126,290.14127,290.84125,291.04126
287.84125,287.64127,289.44125,291.14127,292.44125,294.14127,298.24127,298.44125,298.24127,302.44125,304.54126,303.84125,303.14127,300.84125,305.44125,301.24127,303.84125,304.34125,306.24127,305.04126,305.54126,303.74127,302.64127,299.24127,299.24127,298.24127,301.34125,300.94125,302.44125,301.24127,299.04126,299.34125,299.34125,299.94125,299.24127,296.74127,295.24127,293.84125,293.34125,293.94125,291.04126,291.04126,292.44125
288.84125,289.14127,288.64127,289.94125,290.04126,292.74127,294.84125,295.44125,296.64127,296.24127,300.34125,301.74127,300.74127,300.54126,300.84125,300.54126,300.34125,302.04126,302.64127,301.74127,302.14127,300.74127,299.64127,297.74127,300.04126,298.94125,298.64127,299.94125,298.84125,300.14127,299.74127,297.94125,296.24127,297.84125,297.04126,295.04126,295.04126,292.74127,292.74127,292.74127,291.34125,291.74127,290.44125
286.84125,288.24127,289.44125,291.94125,286.84125,290.34125,291.94125,295.14127,296.54126,297.74127,299.94125,301.24127,300.54126,297.24127,299.94125,300.54126,299.64127,300.54126,299.64127,299.14127,300.64127,299.04126,298.84125,298.54126,297.04126,296.34125,296.24127,296.24127,297.24127,296.44125,296.84125,295.24127,293.74127,288.74127,295.14127,295.04126,295.04126,294.74127,293.44125,291.44125,292.74127,291.84125,293.24127
