wind_kz.json
{"header": {"discipline":0,"disciplineName":"Meteorological products","gribEdition":2,"gribLength":1102,"center":7,"centerName":"US National Weather Service - NCEP(WMC)","subcenter":0,"refTime":"2023-09-08T18:00:00.000Z","significanceOfRT":1,"significanceOfRTName":"Start of forecast","productStatus":0,"productStatusName":"Operational products","productType":1,"productTypeName":"Forecast products","productDefinitionTemplate":0,"productDefinitionTemplateName":"Analysis/forecast at horizontal level/layer at a point in time","parameterCategory":2,"parameterCategoryName":"UnknownDiscipline_0_Category_2","parameterNumber":2,"parameterNumberName":"UnknownParameter_D0_C2_2","parameterUnit":"Unknown","genProcessType":2,"genProcessTypeName":"Forecast","forecastTime":300,"surface1Type":103,"surface1TypeName":"Specified height level above ground","surface1Value":10.0,"surface2Type":255,"surface2TypeName":"Missing","surface2Value":0.0,"gridDefinitionTemplate":0,"gridDefinitionTemplateName":"Latitude_Longitude","numberPoints":615,"shape":6,"shapeName":"Earth spherical with radius of 6,371,229.0 m","gridUnits":"degrees","resolution":48,"winds":"true","scanMode":64,"nx":41,"ny":15,"basicAngle":0,"lo1":47.0,"la1":41.0,"lo2":87.0,"la2":55.0,"dx":1.0,"dy":1.0}, "data":
[rows 0 to 14 of 15, columns 0 to 40 of 41]
-0.36390626,1.4060937,-1.2839062,3.3660936,-4.9439063,-8.183907,-8.743906,-11.463906,-12.773907,-9.073906,-9.163906,-8.323906,-8.213906,-7.9439063,-8.083906,-7.583906,-6.5039062,-9.103907,-8.573906,-6.743906,-2.6239061,0.19609375,1.6760937,2.6060936,-5.083906,0.8360937,2.7060938,4.3460937,1.4360938,1.5960938,2.5160937,0.9060938,-1.0139062,-9.483906,-2.5439062,-4.473906,-1.7239063,-4.023906,-4.143906,-1.8139062,-0.77390623
1.5060937,-2.5939062,2.2460938,-1.6839062,-8.553906,-7.2839065,-9.683907,-13.103907,-11.193906,-9.623906,-9.593906,-8.9739065,-8.413906,-8.053906,-6.953906,-6.6339064,-6.333906,-7.493906,-7.523906,-7.773906,-6.603906,-4.6739063,-0.81390625,2.6760938,1.0260937,-0.89390624,0.93609375,0.40609375,1.9860938,1.4560938,0.60609376,1.4360938,-0.07390625,1.3460938,0.46609375,-3.4439063,0.7160938,2.2560937,-0.04390625,-3.5739062,-5.583906
-0.63390625,3.8460937,5.876094,-6.583906,-10.183907,-9.393907,-11.2639065,-10.313907,-12.213906,-9.703906,-9.133906,-8.523907,-7.9039063,-8.193906,-7.223906,-7.1139064,-7.7339063,-6.9439063,-5.743906,-4.1339064,-2.0339062,-10.743906,-8.243906,-8.993906,-4.703906,-5.7639065,-4.683906,-2.3539062,2.5760937,-0.9139063,0.99609375,1.1160938,0.76609373,0.82609373,2.3660936,-0.45390624,0.7860938,-0.61390626,6.256094,-0.06390625,-1.2939062
4.226094,4.666094,-6.743906,-8.413906,-8.593906,-9.253906,-8.193906,-9.603907,-9.533906,-9.453906,-9.073906,-9.453906,-8.753906,-7.873906,-7.163906,-7.063906,-7.043906,-6.1539063,-5.5339065,-5.6939063,-5.6739063,-8.383906,-3.8039062,-5.2839065,-4.973906,-3.8539062,-3.0139062,-4.103906,-4.743906,-3.0139062,-0.75390625,-0.7239063,-1.3739063,-1.0539062,0.5360938,2.6760938,1.2860937,-1.0339062,0.02609375,1.3060937,3.3660936
1.9460938,-2.8839064,-7.523906,-10.953906,-9.963906,-8.383906,-9.053906,-9.273907,-9.033906,-8.773907,-8.893907,-9.253906,-8.4739065,-7.0939064,-5.393906,-6.703906,-6.3639064,-5.3239064,-4.7539062,-4.8439064,-5.1539063,-5.7339063,-4.8239064,-3.3739061,-2.4739063,-2.4539063,-3.0139062,-2.2139063,-1.1339062,-1.1539062,-0.58390623,0.05609375,0.85609376,0.60609376,-2.6639063,-0.58390623,1.5160937,2.7860937,6.856094,6.4260936,0.10609375
-8.713906,-7.6739063,-10.113906,-11.053906,-11.933907,-11.003906,-10.003906,-9.133906,-9.083906,-8.693906,-8.153906,-7.8439064,-7.663906,-7.7839065,-6.4439063,-5.7539062,-6.1339064,-5.853906,-5.3439064,-4.3039064,-5.373906,-4.6539063,-3.2039063,-2.5339062,-1.8839062,-1.8839062,-2.2739062,-3.6739063,-2.7239063,-3.3339062,-3.7939062,-2.6239061,-0.31390625,1.5360937,4.1560936,3.1260939,6.666094,5.8060937,3.3360937,1.9860938,3.2960937
-8.433907,-9.163906,-10.283906,-10.703906,-11.043906,-9.2639065,-9.273907,-8.923906,-8.273907,-7.7839065,-7.123906,-7.243906,-6.043906,-6.353906,-5.873906,-5.4239063,-5.313906,-4.5539064,-4.2539062,-5.063906,-5.183906,-4.8039064,-4.313906,-3.2539062,-1.6339062,-0.75390625,-1.7439063,-1.8439063,-2.5839062,-1.6339062,-1.4839063,-1.3539063,-0.93390626,1.2460938,2.7060938,3.2660937,1.2960937,-1.4639063,4.296094,-1.1639062,3.0060937
-7.833906,-9.363906,-9.913906,-9.5139065,-9.283906,-8.623906,-8.023907,-7.493906,-7.743906,-7.0339065,-6.9439063,-6.5039062,-6.1739063,-6.123906,-4.8839064,-4.993906,-4.6939063,-4.123906,-3.6839063,-2.8939064,-3.6739063,-3.2839062,-3.4539063,-3.0039062,-2.7339063,-1.6739062,-0.61390626,0.30609375,-0.09390625,-0.07390625,-0.36390626,-0.28390625,0.74609375,-0.74390626,-0.12390625,0.98609376,4.4060936,7.436094,9.146093,9.926094,7.7660937
-8.583906,-8.343906,-8.773907,-7.933906,-7.7539062,-7.6739063,-7.413906,-7.2539062,-6.6939063,-6.0339065,-5.1139064,-5.0539064,-5.183906,-3.7239063,-3.7539062,-3.3139062,-3.1339064,-2.7139063,-2.2339063,-2.4839063,-2.1039062,-1.9839063,-1.6339062,-0.55390626,-0.63390625,0.10609375,0.18609375,0.91609377,1.7360938,2.8660936,2.8960938,1.6460937,0.76609373,0.97609377,2.0160937,3.0560937,2.7260938,1.1860938,1.4560938,1.5660938,1.6960938
-7.8239064,-7.4439063,-7.293906,-7.6739063,-7.103906,-6.5539064,-6.2639065,-5.8839064,-5.2339063,-3.9439063,-4.0339065,-3.6039062,-2.3339062,-1.8239063,-1.4739063,-0.9739063,-0.28390625,0.16609375,0.62609375,0.81609374,1.2960937,1.4460938,1.9160937,2.1060936,2.1460938,2.5960937,3.0760937,3.5060937,3.8560936,4.476094,5.046094,4.4460936,4.186094,4.0160937,3.6460938,3.4260938,2.3260937,1.2560937,2.8860939,1.8160938,1.3860937
-6.203906,-6.7339063,-6.643906,-6.3639064,-4.683906,-5.083906,-5.183906,-4.273906,-3.3939064,-2.2339063,-1.7739062,-1.6939063,0.51609373,0.57609373,0.6560938,0.92609376,1.4460938,2.0260937,2.1360939,2.7760937,3.5460937,3.3960938,4.006094,3.7760937,3.9760938,4.206094,5.1160936,5.066094,5.726094,6.2460938,6.3860936,5.9660935,5.936094,5.0760937,4.9260936,3.1560938,1.7760937,0.86609375,2.1560938,0.7860938,1.6560937
-4.8439064,-5.0539064,-4.4439063,-5.123906,-4.7539062,-4.333906,-3.3239062,-2.9439063,-2.0239062,-1.7739062,-0.74390626,-0.86390626,-0.6639063,-0.16390625,-0.14390625,1.5060937,2.2560937,2.9360938,2.7460938,3.1560938,3.7760937,4.006094,4.2160935,3.7560937,4.566094,4.5560937,5.0360937,5.436094,6.3260937,6.526094,6.3660936,6.4460936,5.2360935,5.316094,4.4660935,5.5760937,5.566094,5.7460938,3.6160936,1.8460938,0.73609376
-3.3839064,-3.5939062,-3.3739061,-3.1539063,-2.4639063,-1.6439062,-2.1439064,-1.8839062,-0.83390623,-0.86390626,-0.46390626,0.54609376,1.0560937,2.4860938,2.2260938,2.7660937,3.0460937,3.7460938,2.8560936,3.8260937,3.6060936,3.8760939,4.6960936,4.7860937,5.256094,5.3260937,5.316094,5.976094,5.776094,5.776094,6.066094,6.6160936,6.646094,6.1360936,6.046094,6.106094,5.816094,4.0760937,5.186094,4.6960936,3.3860939
-1.9339062,-1.3239063,-1.2339063,-1.1639062,-1.1939063,-0.6639063,-0.64390624,0.62609375,0.17609376,0.31609374,0.14609376,0.73609376,1.7860937,3.1760938,3.3760939,3.5760937,4.276094,4.6760936,4.2860937,4.4960938,4.316094,4.4860935,5.206094,5.1160936,6.006094,6.006094,6.006094,5.8860936,5.3860936,5.3660936,5.3260937,5.3660936,5.9860935,6.226094,5.796094,6.296094,5.476094,5.4660935,5.416094,4.206094,4.256094
-0.35390624,-0.33390626,-0.35390624,-0.04390625,0.72609377,1.2460938,1.4160937,1.9160937,1.8560938,1.1260937,0.7760937,2.1760938,1.9860938,3.1060936,3.6260939,4.316094,4.916094,5.086094,4.416094,4.9460936,4.3460937,4.586094,4.416094,4.4960938,4.8260937,5.3260937,5.9960938,6.6160936,6.776094,5.796094,5.646094,6.5560937,5.7660937,5.666094,5.6960936,6.7160935,6.526094,7.186094,6.606094,5.7360935,3.4160938
