wind_kz.json
{"header": {"discipline":0,"disciplineName":"Meteorological products","gribEdition":2,"gribLength":1025,"center":7,"centerName":"US National Weather Service - NCEP(WMC)","subcenter":0,"refTime":"2023-09-24T00:00:00.000Z","significanceOfRT":1,"significanceOfRTName":"Start of forecast","productStatus":0,"productStatusName":"Operational products","productType":1,"productTypeName":"Forecast products","productDefinitionTemplate":0,"productDefinitionTemplateName":"Analysis/forecast at horizontal level/layer at a point in time","parameterCategory":2,"parameterCategoryName":"UnknownDiscipline_0_Category_2","parameterNumber":3,"parameterNumberName":"UnknownParameter_D0_C2_3","parameterUnit":"Unknown","genProcessType":2,"genProcessTypeName":"Forecast","forecastTime":240,"surface1Type":103,"surface1TypeName":"Specified height level above ground","surface1Value":10.0,"surface2Type":255,"surface2TypeName":"Missing","surface2Value":0.0,"gridDefinitionTemplate":0,"gridDefinitionTemplateName":"Latitude_Longitude","numberPoints":615,"shape":6,"shapeName":"Earth spherical with radius of 6,371,229.0 m","gridUnits":"degrees","resolution":48,"winds":"true","scanMode":64,"nx":41,"ny":15,"basicAngle":0,"lo1":47.0,"la1":41.0,"lo2":87.0,"la2":55.0,"dx":1.0,"dy":1.0}, "data":
[rows 0 to 14 of 15, columns 0 to 40 of 41]
1.1278522,0.0078521725,1.3378521,-2.2121477,-4.932148,-7.0821476,-4.5421476,-6.2321477,-3.6021478,-4.032148,-5.0821476,-5.262148,0.14785217,2.0478523,1.2978522,0.29785216,1.0578521,0.09785217,-1.2721478,-2.9221478,3.027852,1.9478521,0.8278522,-0.7221478,-0.42214784,-0.71214783,-1.3121479,1.5378522,1.6678522,2.237852,-1.1221478,-0.83214784,1.6778522,0.7678522,0.24785218,-0.28214782,-0.34214783,0.5678522,1.4578521,1.5678521,2.027852
3.5578523,0.9578522,2.6678522,-0.18214783,-2.4621477,-4.8121476,-4.5421476,-4.262148,-4.282148,-4.4821477,-4.6921477,-7.532148,-5.992148,-0.5521478,0.8178522,-0.75214785,-1.9821478,0.20785217,-0.7321478,-1.1821479,-1.3221478,1.4278522,2.217852,2.3178523,1.2478522,-0.6721478,-1.7621478,2.2078521,0.67785215,2.1378522,3.5878522,3.5578523,0.42785218,-1.9821478,-3.9621477,-0.58214784,-1.1421478,-0.6821478,-0.29214782,0.49785218,1.3578522
1.4778522,-1.2121478,-1.9921478,-0.76214784,-1.0221478,-2.6121478,-3.7121477,-4.242148,-3.252148,-4.5221477,-5.2921476,-5.0021477,-7.0821476,-5.032148,-2.8921478,-4.012148,1.0978522,2.1478522,-1.1721479,-1.6021478,-1.1521478,0.15785217,1.1978521,1.9678521,2.6278522,2.977852,1.8378521,0.7778522,-0.072147824,1.0478522,1.5678521,0.25785217,2.0978522,-1.2021478,-0.072147824,3.027852,4.127852,0.45785218,0.39785218,-1.1821479,-1.3421478
2.217852,1.3078521,-1.0121478,-2.7121477,-1.0521479,0.027852172,-0.7321478,-3.0521479,-3.8821478,-4.362148,-4.052148,-4.4221478,-7.8121476,-8.052148,-2.5821478,-2.5621479,-2.5721478,-2.8621478,-1.5221478,-1.2121478,-0.70214784,2.3278522,-0.37214783,2.3278522,2.1978521,1.7778522,2.1378522,2.727852,1.8978522,1.6178522,2.3878522,0.27785218,-0.8621478,-0.6621478,-0.35214782,-2.532148,-1.4221479,1.4278522,4.2278523,0.19785218,0.7678522
1.6478522,1.0178522,-0.83214784,-2.6421478,-2.6021478,1.8278521,1.3778522,1.1278522,-1.6621479,-2.6721478,-3.6321478,-3.6021478,-5.612148,-5.762148,-4.742148,-3.222148,-2.6121478,-1.8021479,-2.9521477,-1.4221479,1.5778521,0.41785216,-0.9121478,0.077852175,0.98785216,1.7078521,2.277852,2.9578521,2.3978522,2.4378521,3.507852,1.9578521,2.017852,2.6678522,-0.052147828,-2.782148,0.6578522,-0.30214784,-1.7321478,-1.0921478,-0.27214783
1.6878521,0.53785217,-2.0521479,-3.0821478,-4.1721478,-4.492148,1.8178521,0.67785215,0.42785218,-0.64214784,-2.252148,-3.492148,-4.402148,-4.5421476,-4.2321477,-0.20214783,2.4178522,2.3278522,-0.17214783,-0.24214783,-0.6121478,1.2078521,0.97785217,0.8478522,1.7178521,1.5078522,0.54785216,0.68785214,1.2878522,2.247852,2.4478521,1.9278522,2.517852,3.027852,2.6278522,9.137852,2.497852,4.9178524,0.05785217,-1.5621479,-1.6121478
-0.95214784,-1.0921478,-1.2621478,-1.6421478,-2.3721478,-2.782148,-2.232148,-1.3521478,-0.25214782,0.54785216,-0.41214782,-1.5421479,-2.262148,-3.6721478,-4.782148,-3.772148,-1.1021478,1.9978522,1.9278522,0.32785216,0.45785218,0.91785216,1.3478522,1.5278522,2.0678523,1.8678522,0.6578522,0.66785216,0.0078521725,3.3078523,3.227852,1.4778522,0.0078521725,3.7978523,-0.052147828,-1.1721479,-3.0521479,0.98785216,2.1278522,1.1678522,2.737852
-0.82214785,-0.6721478,-0.6021478,-0.63214785,-0.7221478,-1.6521478,-2.3521478,-1.3421478,0.077852175,0.35785216,0.9478522,0.28785217,-0.63214785,-2.1921477,-4.152148,-3.742148,-2.222148,1.4378521,1.9678521,-0.7821478,0.5978522,1.3678522,1.2378522,2.3278522,3.1278522,3.717852,3.8278522,1.9578521,1.8978522,3.3278522,2.757852,2.8278522,3.3378522,3.2978523,1.0678521,-0.4821478,1.0778521,3.5578523,-1.0421479,-0.13214783,-2.262148
-1.2621478,-1.1521478,-1.3921478,0.027852172,-0.5521478,-0.6821478,-1.3621478,-1.9721478,-1.2221478,0.17785217,0.99785215,0.74785215,0.23785217,-1.3421478,-2.1321478,-4.2521477,-2.282148,-0.7821478,1.9678521,4.5178523,4.127852,2.237852,2.247852,2.3278522,3.8978522,4.507852,3.8478522,3.6378522,3.757852,3.4178522,4.127852,5.337852,5.527852,4.277852,5.127852,5.547852,-1.1521478,0.91785216,2.247852,1.9878522,-2.9021478
-2.6821477,-2.0921478,-1.7121478,-1.3421478,-0.6021478,-0.25214782,-0.49214783,-1.0021478,-1.1321478,-0.6521478,0.5678522,0.40785217,-0.33214784,-0.5921478,-1.5921478,-3.752148,-3.3121479,-2.3721478,-2.8821478,4.547852,4.0778522,3.5678523,2.4378521,3.1778522,3.977852,4.297852,3.5978522,3.8178523,3.4578521,3.5878522,3.9178522,4.257852,5.4978523,4.9578524,3.747852,1.3178521,1.1478522,-1.9621478,0.107852176,3.8678522,4.2478523
-2.032148,-1.7021478,-2.2121477,-2.5621479,-2.1721478,-0.81214786,-0.34214783,-0.5321478,-0.11214783,-0.08214783,0.66785216,0.55785215,-0.21214783,-0.32214782,-0.41214782,-2.6721478,-2.6521478,-1.0121478,0.18785217,0.39785218,2.5678523,2.247852,2.5378523,3.9378521,3.477852,3.4578521,2.8778522,3.6978521,3.777852,4.4778523,4.5578523,4.427852,4.677852,6.4578524,7.2678523,2.3678522,1.4278522,2.6978521,1.6978521,1.8978522,0.61785215
-2.282148,-2.6121478,-1.9921478,-2.5821478,-1.6121478,-1.4421479,-1.2721478,-0.76214784,-0.6821478,0.18785217,0.43785217,-0.19214782,-0.4821478,0.06785217,-0.09214783,-1.2121478,-2.0921478,2.987852,-2.4221478,-1.3221478,1.9778522,2.9078522,2.3678522,3.0878522,3.247852,2.767852,3.7878523,3.7078521,4.587852,3.487852,3.6878521,4.4178524,3.967852,4.927852,4.357852,2.8278522,2.217852,3.027852,2.5778522,2.4378521,0.99785215
-2.5521479,-2.9421477,-3.1921477,-3.532148,-3.4621477,-0.76214784,-0.47214782,-0.31214783,-0.5421478,0.06785217,0.8278522,-0.46214783,-1.0821478,-0.21214783,-1.2821479,-1.9421479,-0.57214785,3.0478523,2.027852,1.7878522,-1.4921478,-1.5221478,0.9478522,2.1478522,2.8778522,3.027852,2.8378522,3.2978523,3.497852,3.4478521,3.5778522,3.9178522,3.5378523,3.0978522,3.217852,3.0778522,2.6178522,1.5678521,2.8178523,1.4178522,0.72785217
-4.182148,-4.112148,-5.072148,-3.762148,-3.9321477,-3.0521479,-2.1621478,-2.282148,0.33785218,1.1278522,0.46785218,0.15785217,-0.51214784,0.6378522,-0.34214783,-4.102148,-2.032148,-4.032148,3.3978522,3.0578523,0.6578522,-0.6121478,-2.5421479,-0.31214783,0.42785218,1.1778522,2.4278522,2.477852,3.007852,3.3678522,3.3978522,3.517852,3.6678522,3.7878523,2.227852,2.8578522,1.9378521,1.2978522,1.1778522,1.2878522,0.66785216
-3.1321478,-5.132148,-6.402148,-5.5421476,-4.6921477,-4.4621477,-3.972148,-4.7321477,-2.3021479,0.6478522,0.99785215,1.0778521,1.1578522,-0.24214783,-1.1921479,-2.1521478,-1.9521478,-2.492148,-5.852148,1.0678521,3.017852,2.6578522,1.7978522,0.05785217,-1.5721478,-1.4321479,0.78785217,1.8878522,2.7878523,3.2878523,3.8578522,4.5778522,3.7978523,3.6378522,3.737852,3.6678522,3.0578523,2.9178522,1.8878522,2.3878522,0.54785216
