wind.json
{"header": {"discipline":0,"disciplineName":"Meteorological products","gribEdition":2,"gribLength":1125,"center":7,"centerName":"US National Weather Service - NCEP(WMC)","subcenter":0,"refTime":"2023-06-27T18:00:00.000Z","significanceOfRT":1,"significanceOfRTName":"Start of forecast","productStatus":0,"productStatusName":"Operational products","productType":1,"productTypeName":"Forecast products","productDefinitionTemplate":0,"productDefinitionTemplateName":"Analysis/forecast at horizontal level/layer at a point in time","parameterCategory":2,"parameterCategoryName":"UnknownDiscipline_0_Category_2","parameterNumber":3,"parameterNumberName":"UnknownParameter_D0_C2_3","parameterUnit":"Unknown","genProcessType":2,"genProcessTypeName":"Forecast","forecastTime":240,"surface1Type":103,"surface1TypeName":"Specified height level above ground","surface1Value":10.0,"surface2Type":255,"surface2TypeName":"Missing","surface2Value":0.0,"gridDefinitionTemplate":0,"gridDefinitionTemplateName":"Latitude_Longitude","numberPoints":688,"shape":6,"shapeName":"Earth spherical with radius of 6,371,229.0 m","gridUnits":"degrees","resolution":48,"winds":"true","scanMode":64,"nx":43,"ny":16,"basicAngle":0,"lo1":45.0,"la1":40.0,"lo2":87.0,"la2":55.0,"dx":1.0,"dy":1.0}, "data":
[rows 0 to 15 of 16, columns 0 to 42 of 43]
-4.421943,2.6580567,4.7480564,6.9980564,-5.0519433,-10.231943,-9.321943,-7.3319435,-7.941943,-5.191943,-1.7319434,-3.7519433,-4.6119432,-6.0219436,-5.211943,-6.4119434,-8.421944,-9.101943,-9.371943,-5.0619435,-2.3219433,-1.2119434,0.68805665,3.3180566,2.8380566,1.5780567,1.3980566,2.3180566,0.21805663,-1.6819434,-3.1319435,-5.1219435,0.63805664,-1.2119434,-0.99194336,0.17805664,2.2880566,-0.18194336,0.26805663,-5.2919436,-2.7019434,1.4780567,-0.64194334
1.6080567,-0.44194335,4.7980566,-2.4519434,-0.9119434,-8.091944,-7.4319434,-6.9319434,-6.211943,-4.731943,-6.9319434,-4.7919436,-6.1019435,-6.1019435,-6.0519433,-5.7519436,-7.3419433,-8.511944,-9.371943,-10.621943,-7.2219434,-1.7819433,3.4980567,1.6080567,-2.2719433,-1.1219434,-0.61194336,-3.5119433,-2.4819434,-0.52194333,-0.46194336,-1.3419434,-1.5119433,-1.6319433,-2.4819434,-2.1619434,4.348057,-0.32194337,-5.9119434,-6.211943,-2.6119432,-4.5519433,1.4280566
-0.5319434,-3.1119432,2.3880568,0.51805663,-4.7219434,-6.6119432,-7.9919434,-4.981943,-5.0219436,-4.6119432,-4.3119435,-4.8019433,-6.2719436,-5.3419433,-2.2519433,-3.9019434,-7.0719433,-5.631943,-7.5919433,-7.6619434,-10.481943,-2.3919435,2.7480567,-0.7219434,0.008056641,0.97805667,-2.0619433,-2.8819435,-0.9719434,1.8480567,0.39805663,2.3280566,2.2580566,-1.0019433,-1.7419434,-0.15194336,-4.1119432,-5.421943,-5.1419435,-10.491943,-5.5019436,-4.6219435,1.8280567
1.7980566,2.2880566,0.9080566,-1.6319433,-4.8319435,-7.671943,-10.441943,-8.851943,-9.461944,-6.441943,-5.211943,-5.0119433,-5.7219434,-4.2919436,-3.2519433,-3.8819435,-3.5819433,-3.8919435,-4.131943,-5.2519436,-8.651943,-0.63194335,-2.4019434,-1.0119433,-0.64194334,1.3880566,4.848057,2.1180565,2.6580567,0.87805665,0.18805665,3.2480567,3.5880566,1.2580566,2.4480567,-1.4619434,1.5180566,0.60805666,-2.2319434,-2.2319434,0.30805665,0.18805665,-0.6619434
1.8280567,3.4380567,2.2080567,0.72805667,-3.1419435,-5.4719434,-5.8119435,-5.7619433,-6.9319434,-7.921943,-5.2719436,-4.8919435,-4.1019435,-4.5219436,-1.4319434,-2.9319434,-3.1219435,-1.5519433,-3.2819433,-2.8319433,2.5780566,0.5280566,-1.6819434,-0.93194336,-0.57194334,0.36805665,2.4980567,2.1480567,6.768057,2.3080566,5.5480566,2.8380566,1.0080566,-0.50194335,-1.1519433,3.7580566,-1.5019433,-2.5719433,0.12805665,1.7280567,-0.22194336,2.2080567,2.4480567
-4.3919435,3.3380566,3.1680567,3.5480566,1.9080566,-1.9919434,-3.4519434,-3.1919434,-5.0619435,-6.9919434,-4.5219436,-4.901943,-4.4919434,-5.0519433,-4.2919436,-3.2719433,-4.3619432,-2.1919434,-3.2519433,-1.9019433,-2.9419434,-3.6319435,-7.3419433,-8.101943,-0.34194335,-0.5919434,-1.7419434,2.1180565,5.1380568,2.1880567,-2.2019434,-3.8419433,-0.11194336,1.0380566,1.5980567,0.91805667,-1.6819434,-2.3319433,-2.7419434,-2.3219433,-3.6319435,-5.4519434,-3.3219433
-4.1419435,-4.4319434,-3.5019433,3.1280565,3.1380568,2.4080567,-1.1919434,-2.1319435,-3.9819434,-4.7419434,-4.7219434,-5.4319434,-6.0919433,-5.5919433,-6.3219433,-6.8019433,-8.271943,-5.0319433,2.0480566,0.60805666,-2.0219433,-2.1019433,-5.1819434,-9.781943,1.2480567,-0.48194337,-0.30194336,-0.95194334,-1.9619434,-3.1519434,-3.9919434,-3.6619434,-4.7919436,-0.7219434,-2.5819433,-0.51194334,3.6880567,-1.7319434,3.1380568,-0.88194335,-1.6219434,-3.8319433,-5.4519434
-4.2219434,-2.9519434,-3.9319434,-4.631943,-5.3719435,-4.461943,2.8680565,1.1780566,-0.9619434,-2.0419433,-2.6619434,-4.8719435,-4.981943,-7.2219434,-7.8719435,-5.4519434,-4.171943,-3.6419435,1.9480567,3.7680566,3.5580566,2.8880568,-1.5419433,-5.1419435,-0.40194336,-2.2219434,-3.5419433,2.7080567,-0.99194336,0.05805664,-1.2619433,-3.2519433,-3.3519433,-2.9619434,-3.6619434,-2.4719434,1.1180567,-1.5719434,-2.4319434,0.27805665,0.42805663,-1.6419433,-2.5219433
-4.2019434,-4.9119434,-3.9619434,-4.0019436,-6.7019434,-7.921943,-5.881943,-4.3919435,-5.6419435,-4.4519434,-3.6819434,-0.98194337,-1.3919433,-2.9919434,-6.401943,-8.531943,-8.041944,-3.3119433,-3.0419433,-4.1119432,-2.7819433,-2.5119433,-1.2619433,0.43805665,-1.7719433,-0.0019433594,0.20805664,1.3580567,1.0880567,-1.4319434,-1.8119434,-2.5119433,-1.6519433,-2.0019433,-1.8819433,-0.80194336,0.48805663,0.93805665,1.1980567,-0.81194335,-0.5919434,0.21805663,-0.47194335
-6.0519433,-6.6419435,-6.7419434,-6.3319435,-4.921943,-3.0619433,-4.9919434,-4.151943,-3.3719435,-4.5719433,-4.921943,-3.1519434,-4.7519436,-5.2719436,-3.5919433,-5.0319433,-7.7619433,-4.2019434,-0.9119434,-2.1219435,-1.9519434,2.7180567,5.2580566,5.4380565,0.03805664,-0.33194336,-0.26194337,0.19805664,0.45805663,-0.9119434,-1.5419433,-1.2019434,-1.2319434,-0.9619434,1.2880566,1.8180566,0.40805665,1.3080566,-1.5319433,2.0980566,2.9780567,2.1980567,1.1080567
-3.7519433,-2.8719435,-3.7219434,-4.2719436,-4.0919433,-3.0619433,-2.9919434,-2.7519433,-1.5319433,-3.9319434,-2.3819435,-2.3019433,-2.6919434,-3.4219434,-4.151943,-6.2619433,-6.151943,-5.7519436,1.7780566,-3.5819433,-4.6619434,-0.38194335,3.8780565,-1.1319433,0.35805663,1.9180566,2.4080567,1.6580566,1.0780567,-0.7819434,-1.9419434,-5.0419436,-2.4419434,1.8680567,0.35805663,2.1280565,1.3680567,0.15805665,1.2180567,-1.3419434,0.97805667,2.5480566,2.5980566
-2.2319434,-3.4819434,-3.1219435,-2.7119434,-3.4419434,-2.6519434,-0.81194335,-1.8019433,-5.3519435,-1.3619434,-1.8019433,-2.0019433,-1.2219434,-0.82194334,-3.5619433,-3.2119434,-5.3319435,-4.2819433,1.0680566,-1.5019433,-2.1719434,-3.6319435,-2.2719433,-3.4919434,-0.81194335,-2.0519433,-0.24194336,2.0180566,-0.41194335,-0.56194335,-1.1019434,3.5980566,-1.5819434,-1.3519434,-1.1319433,2.4580567,3.8280566,1.5080566,0.6480566,0.92805666,1.6380566,1.4280566,0.24805664
-1.5019433,-0.89194334,-1.4419434,-2.0519433,-2.2319434,-1.2619433,-2.1819434,-1.4219433,-1.1619433,-1.4819434,0.8480566,-1.6919434,-1.1519433,-1.1319433,-1.4119433,-2.4019434,-3.2219434,-1.8519434,-3.8919435,3.5080566,1.4180566,-1.6919434,-3.8519433,-2.2619433,-0.26194337,-0.92194337,-2.7819433,-3.4219434,-3.0419433,-2.8819435,-2.3919435,-3.3019433,-2.2619433,-5.5619435,-5.441943,-0.50194335,1.1780566,3.0280566,2.4480567,3.1680567,2.3280566,1.2180567,0.08805664
-1.0819434,-1.9619434,-2.9219434,-2.1219435,-3.6119432,-1.4519434,-1.5119433,-0.04194336,0.49805665,1.4980567,0.66805667,-0.04194336,0.47805664,-0.50194335,-0.32194337,-0.21194336,-1.6119434,-1.9319434,-1.6819434,-0.40194336,0.14805664,-0.10194336,3.8680565,1.0280566,-0.8519434,-0.73194337,-2.1619434,-1.9119433,-1.3819433,-0.50194335,-0.18194336,0.13805664,-2.8719435,-2.1019433,-3.4319434,-2.8919435,-3.6619434,-3.5219433,-4.0319433,-0.37194335,0.27805665,2.2880566,0.51805663
-1.6719433,0.12805665,-3.1719434,-2.6719434,-5.381943,-1.4319434,-1.5819434,-1.1219434,-1.7819433,-1.3519434,0.82805663,0.20805664,0.82805663,-0.51194334,-0.6619434,-0.35194337,-1.9419434,-1.6919434,-0.68194336,0.41805664,-2.6619434,-0.31194335,-1.3719434,-0.38194335,-1.2619433,-2.3519433,0.13805664,-3.1419435,-3.0419433,-3.3119433,-2.5919433,-2.7619433,-2.8119433,-0.9719434,-1.0919434,-2.6419435,-2.4619434,-4.2019434,-2.8819435,1.7680566,0.098056644,0.43805665,2.2580566
-2.3619432,-0.30194336,-0.5319434,-2.7619433,-4.631943,-1.4619434,-2.6719434,-2.0719433,-2.1119432,-2.1719434,-1.1919434,-1.0819434,-0.46194336,-0.42194337,0.56805664,-1.2819433,-2.5419433,-2.2119434,-2.6419435,0.10805664,0.5280566,-0.17194337,0.68805665,-1.4419434,1.8380567,-0.94194335,0.07805664,-3.2219434,-2.5319433,-1.8819433,-2.4219434,-2.4419434,-3.5019433,-2.5419433,-2.5719433,-3.5119433,-2.1019433,-2.4519434,-2.9719434,-2.9619434,-1.8019433,-3.3619432,-1.1319433
