wind_kz.json
{"header": {"discipline":0,"disciplineName":"Meteorological products","gribEdition":2,"gribLength":948,"center":7,"centerName":"US National Weather Service - NCEP(WMC)","subcenter":0,"refTime":"2023-08-21T06:00:00.000Z","significanceOfRT":1,"significanceOfRTName":"Start of forecast","productStatus":0,"productStatusName":"Operational products","productType":1,"productTypeName":"Forecast products","productDefinitionTemplate":0,"productDefinitionTemplateName":"Analysis/forecast at horizontal level/layer at a point in time","parameterCategory":0,"parameterCategoryName":"UnknownDiscipline_0_Category_0","parameterNumber":0,"parameterNumberName":"UnknownParameter_D0_C0_0","parameterUnit":"Unknown","genProcessType":2,"genProcessTypeName":"Forecast","forecastTime":120,"surface1Type":1,"surface1TypeName":"Ground or water surface","surface1Value":0.0,"surface2Type":255,"surface2TypeName":"Missing","surface2Value":0.0,"gridDefinitionTemplate":0,"gridDefinitionTemplateName":"Latitude_Longitude","numberPoints":615,"shape":6,"shapeName":"Earth spherical with radius of 6,371,229.0 m","gridUnits":"degrees","resolution":48,"winds":"true","scanMode":64,"nx":41,"ny":15,"basicAngle":0,"lo1":47.0,"la1":41.0,"lo2":87.0,"la2":55.0,"dx":1.0,"dy":1.0}, "data":
[rows 0 to 14 of 15, columns 0 to 40 of 41]
306.19302,292.393,295.09302,299.493,299.09302,298.09302,308.29303,314.993,302.69302,314.69302,301.493,302.19302,303.493,307.19302,312.893,315.79303,316.59302,315.893,322.19302,318.493,323.993,318.69302,315.893,316.69302,318.59302,316.69302,314.893,308.59302,304.59302,300.69302,291.69302,288.493,291.19302,316.493,322.893,322.993,327.19302,314.493,326.19302,328.993,328.29303
277.79303,291.29303,299.393,299.29303,299.19302,298.09302,314.79303,303.79303,310.29303,306.29303,311.19302,305.69302,300.79303,301.893,318.993,317.29303,315.19302,316.59302,317.59302,319.69302,318.393,317.393,317.19302,310.493,302.59302,300.393,311.69302,306.29303,304.09302,295.09302,300.19302,284.393,300.893,273.19302,282.893,307.393,314.893,317.19302,311.493,314.09302,287.69302
296.59302,298.993,299.493,299.493,297.893,308.993,309.69302,310.493,310.09302,310.09302,308.993,310.29303,298.993,307.893,312.09302,318.29303,313.993,317.893,318.69302,318.19302,318.69302,314.393,316.79303,312.29303,321.29303,320.493,319.893,318.09302,317.59302,308.59302,297.393,299.69302,308.69302,304.79303,301.29303,301.19302,295.29303,298.29303,304.79303,297.993,298.09302
301.59302,299.79303,299.29303,298.493,298.29303,304.09302,307.19302,308.69302,310.69302,310.993,310.09302,305.19302,295.69302,295.09302,307.993,316.19302,313.993,317.29303,318.19302,318.79303,318.19302,313.993,321.393,316.29303,321.29303,323.79303,326.493,323.69302,327.09302,324.893,326.69302,319.393,321.69302,320.19302,316.29303,306.09302,290.493,284.69302,300.993,317.493,320.393
300.993,299.29303,299.493,299.09302,300.993,300.69302,301.893,306.393,307.09302,307.393,309.09302,307.893,295.893,294.59302,291.993,310.29303,315.09302,311.893,312.993,312.79303,317.79303,318.69302,318.59302,319.19302,322.29303,322.993,323.59302,315.29303,324.69302,322.69302,323.29303,319.493,307.69302,294.69302,306.69302,307.893,307.393,316.493,320.59302,322.59302,322.29303
302.29303,299.493,297.79303,298.59302,299.19302,298.69302,302.893,302.59302,305.19302,306.393,306.79303,306.893,295.19302,294.993,296.69302,298.69302,311.893,313.393,313.893,317.393,316.993,317.993,319.09302,316.393,319.69302,318.893,319.29303,293.993,314.393,319.893,319.69302,316.893,320.09302,318.993,314.393,311.59302,306.29303,303.59302,322.69302,323.493,317.69302
300.893,300.79303,301.993,302.29303,300.493,301.19302,303.69302,303.09302,302.59302,302.19302,304.993,304.393,293.493,294.19302,303.29303,297.79303,309.69302,306.393,312.893,311.993,313.69302,313.09302,314.79303,316.29303,312.993,310.893,305.893,314.59302,317.29303,318.09302,318.79303,318.59302,318.19302,317.79303,318.59302,315.79303,312.59302,306.493,300.29303,299.69302,308.993
300.29303,300.79303,300.493,300.493,300.79303,300.393,301.29303,298.993,298.893,298.493,300.393,301.493,294.393,294.29303,295.19302,297.493,309.993,310.993,310.09302,310.69302,310.59302,312.19302,311.29303,311.993,310.19302,306.09302,304.493,299.393,294.893,303.993,310.69302,312.493,313.19302,307.79303,310.393,313.493,313.79303,289.79303,316.29303,321.393,317.79303
298.893,298.993,299.493,298.79303,298.29303,295.29303,295.59302,295.393,296.79303,292.59302,295.59302,300.393,297.09302,293.393,292.19302,298.79303,305.79303,311.09302,308.19302,309.993,308.29303,306.69302,307.59302,307.993,296.79303,295.19302,293.993,296.69302,305.993,303.79303,302.993,302.59302,306.19302,306.993,306.59302,304.393,312.993,307.79303,296.79303,297.993,300.59302
295.59302,293.79303,296.59302,296.79303,296.29303,288.993,286.79303,287.09302,289.79303,296.09302,288.79303,290.79303,292.493,290.493,290.493,294.29303,304.19302,308.393,307.79303,307.893,305.69302,305.79303,304.59302,303.79303,305.393,304.493,302.993,302.79303,300.19302,301.29303,300.29303,301.59302,305.19302,304.893,304.79303,302.29303,293.493,294.19302,298.69302,299.893,298.59302
290.19302,291.19302,291.09302,291.79303,292.59302,286.993,285.09302,285.09302,285.893,292.79303,285.493,289.59302,291.29303,288.59302,289.59302,288.993,299.29303,299.493,304.69302,303.19302,302.79303,304.19302,303.69302,302.993,303.493,302.493,299.993,302.393,303.09302,304.09302,303.993,305.69302,303.393,300.09302,298.893,297.393,286.59302,288.09302,299.19302,296.09302,295.393
285.993,286.493,286.09302,289.09302,289.09302,282.893,282.59302,283.993,285.09302,289.893,283.69302,287.19302,290.993,286.893,287.59302,295.59302,298.29303,299.59302,299.493,299.393,298.993,298.79303,301.893,302.993,301.09302,302.893,301.893,303.69302,302.69302,303.19302,299.993,302.893,299.09302,298.493,295.993,297.29303,295.993,294.79303,285.993,287.393,288.19302
286.09302,284.59302,286.393,286.69302,283.59302,281.79303,282.393,283.493,287.59302,290.493,284.69302,286.09302,286.393,284.09302,290.69302,293.29303,289.493,294.19302,295.893,296.19302,297.79303,298.19302,297.893,298.993,301.493,302.493,304.09302,302.993,302.19302,301.393,302.69302,301.19302,299.79303,300.493,298.19302,294.69302,295.69302,294.59302,290.493,289.09302,287.393
283.393,283.393,288.393,286.393,282.493,283.29303,281.893,281.893,284.29303,285.79303,283.993,282.393,283.69302,283.69302,285.09302,288.79303,294.493,296.993,296.993,295.893,296.393,296.19302,296.19302,296.493,298.893,300.59302,300.493,300.29303,299.69302,298.19302,299.29303,299.993,301.393,297.09302,294.893,294.79303,292.893,291.993,287.993,289.493,288.493
284.79303,284.09302,290.993,284.19302,283.19302,284.59302,281.393,280.993,283.393,284.59302,284.09302,283.79303,284.993,285.893,287.893,294.79303,295.79303,296.993,298.19302,297.493,297.29303,296.59302,296.69302,296.893,295.893,297.19302,297.79303,297.19302,296.893,295.69302,295.19302,289.493,295.09302,294.69302,294.19302,293.393,294.69302,292.69302,291.493,287.19302,286.69302
