wind.json
{"header": {"discipline":0,"disciplineName":"Meteorological products","gribEdition":2,"gribLength":1125,"center":7,"centerName":"US National Weather Service - NCEP(WMC)","subcenter":0,"refTime":"2023-06-29T18:00:00.000Z","significanceOfRT":1,"significanceOfRTName":"Start of forecast","productStatus":0,"productStatusName":"Operational products","productType":1,"productTypeName":"Forecast products","productDefinitionTemplate":0,"productDefinitionTemplateName":"Analysis/forecast at horizontal level/layer at a point in time","parameterCategory":2,"parameterCategoryName":"UnknownDiscipline_0_Category_2","parameterNumber":3,"parameterNumberName":"UnknownParameter_D0_C2_3","parameterUnit":"Unknown","genProcessType":2,"genProcessTypeName":"Forecast","forecastTime":0,"surface1Type":103,"surface1TypeName":"Specified height level above ground","surface1Value":10.0,"surface2Type":255,"surface2TypeName":"Missing","surface2Value":0.0,"gridDefinitionTemplate":0,"gridDefinitionTemplateName":"Latitude_Longitude","numberPoints":688,"shape":6,"shapeName":"Earth spherical with radius of 6,371,229.0 m","gridUnits":"degrees","resolution":48,"winds":"true","scanMode":64,"nx":43,"ny":16,"basicAngle":0,"lo1":45.0,"la1":40.0,"lo2":87.0,"la2":55.0,"dx":1.0,"dy":1.0}, "data":
[rows 0 to 15 of 16, columns 0 to 42 of 43]
-2.3099608,1.940039,-0.80996096,3.660039,1.2900391,0.81003904,-1.439961,-2.879961,-4.419961,-3.369961,-3.899961,-0.50996095,-3.179961,1.7800391,1.5200391,0.38003907,0.21003906,-2.479961,-1.439961,-3.8299608,-4.1799607,-2.099961,-2.889961,0.8400391,2.790039,2.280039,1.070039,3.90625E-5,1.7700391,-1.319961,-2.649961,-4.339961,-1.9799609,-1.939961,-6.149961,-8.799961,-7.779961,-5.309961,-9.739961,-2.5799608,-1.909961,-4.549961,-6.649961
2.280039,-2.229961,1.5400391,-0.38996094,1.8700391,-2.589961,-4.4299607,-4.009961,-3.7999609,1.4800391,-0.5399609,1.4100391,0.34003907,2.740039,2.530039,0.20003906,0.15003906,-1.829961,-3.8199608,-3.009961,-4.749961,-3.899961,-3.8299608,-5.229961,-3.389961,-0.83996093,-0.8599609,1.690039,-0.12996094,1.8700391,0.7600391,-0.8599609,-1.4999609,-1.2599609,-2.399961,-2.749961,-4.1999607,-7.6999607,-6.539961,-4.399961,-2.5499609,-4.749961,-6.189961
-0.19996093,-2.3199608,3.800039,1.3600391,0.57003903,-3.429961,-5.079961,-5.739961,-6.6599607,-2.969961,-0.7199609,1.720039,4.330039,3.9700391,1.170039,0.5800391,-1.539961,-2.479961,-1.7299609,-4.599961,-5.019961,-5.319961,-4.309961,-4.419961,-3.5599608,2.280039,1.6300391,1.220039,-0.95996094,0.98003906,-1.1299609,0.57003903,1.070039,2.530039,-1.8599609,-4.419961,-1.529961,-0.80996096,-2.2999609,-1.8499609,-1.329961,-2.159961,1.9000391
2.160039,2.240039,1.3900391,2.900039,-1.5999609,-4.389961,-4.4099607,-5.1799607,-4.419961,-5.349961,-0.69996095,1.220039,4.880039,1.6300391,1.2600391,-1.679961,-0.17996094,-2.8099608,-2.919961,-2.469961,-3.989961,-4.969961,-5.569961,-4.299961,-4.019961,-2.8199608,-2.3199608,-1.179961,-0.7299609,-1.059961,-0.9799609,0.79003906,2.260039,2.2000391,1.4000391,-0.63996094,-1.2099609,2.120039,0.030039063,-2.7699609,0.74003905,-0.9899609,-2.709961
3.510039,3.830039,2.820039,1.9100391,-2.0199609,-4.759961,-5.269961,-6.049961,-6.889961,-7.9499607,-6.809961,2.520039,2.2000391,0.80003905,-0.75996095,-4.329961,-2.2799609,-0.18996094,-1.559961,-2.259961,-2.5699608,-4.319961,-3.849961,-2.589961,-1.2499609,-2.639961,-1.5899609,-3.239961,-5.249961,-3.419961,-0.019960938,-0.7299609,-2.0599608,-4.049961,-2.639961,3.040039,0.69003904,0.030039063,1.6500391,2.320039,-1.529961,-2.0499609,-3.879961
4.430039,5.110039,3.850039,3.080039,0.9500391,-0.6099609,-2.479961,-3.639961,-5.549961,-5.329961,1.560039,6.260039,5.380039,3.4200392,1.2900391,-1.1399609,-3.5399609,-3.3099608,2.140039,-0.029960938,-1.8599609,-1.2099609,-3.119961,-4.399961,-4.9299607,-3.0199609,2.140039,-0.77996093,-2.5299609,-1.949961,-2.739961,-0.37996092,0.010039062,1.460039,0.87003905,1.460039,0.24003907,-0.50996095,-2.239961,-7.529961,-8.859961,-3.929961,-8.599961
0.39003906,-0.77996093,5.910039,3.560039,2.810039,0.7600391,-0.50996095,-2.259961,-2.979961,-5.439961,-1.679961,4.440039,5.150039,5.000039,2.010039,0.030039063,-1.069961,-2.5199609,-0.48996094,0.060039062,-2.839961,-1.8399609,-0.18996094,-0.68996096,-3.619961,-3.7699609,-1.779961,2.9800391,2.240039,1.6400391,1.590039,-0.80996096,1.7300391,2.160039,0.86003906,2.4500391,3.160039,3.330039,2.850039,0.19003907,-1.669961,-3.0699608,-3.379961
4.220039,2.660039,-0.049960937,-1.9699609,-1.909961,0.6400391,1.220039,0.87003905,0.92003906,-2.649961,-0.37996092,5.690039,4.650039,3.790039,1.9900391,2.4700391,-0.30996093,-2.169961,-1.199961,1.0000391,0.5900391,-2.979961,-2.989961,2.870039,2.070039,-1.7299609,-1.939961,-3.2699609,0.23003906,1.850039,-1.569961,-3.709961,-4.1999607,-4.319961,-3.659961,-0.29996094,-2.339961,-1.6099609,-4.279961,-2.229961,-2.2699609,-2.959961,-6.069961
4.5700393,3.260039,2.570039,-0.6099609,-1.7499609,-1.679961,-2.229961,-2.649961,-3.259961,-0.30996093,0.31003907,6.580039,6.500039,4.790039,2.030039,2.340039,3.2100391,1.2300391,-2.3199608,-2.679961,-0.69996095,-0.5999609,-1.8599609,-1.059961,2.240039,3.270039,2.800039,1.810039,0.38003907,0.67003906,-0.63996094,-2.8299608,-2.2799609,-3.149961,-3.2699609,-3.0299609,-0.37996092,0.37003908,-3.209961,-2.5599608,-0.37996092,2.050039,-0.5399609
0.68003905,2.4400392,2.1900392,0.48003906,-0.20996094,-2.0699608,-2.2799609,-1.159961,-1.949961,-1.179961,-1.789961,-0.009960937,1.2700391,4.000039,2.580039,2.850039,4.220039,3.9500391,2.290039,0.07003906,-1.2699609,-0.7899609,-0.48996094,-1.829961,-2.5599608,0.11003906,1.9900391,2.820039,1.330039,2.160039,2.840039,1.8600391,0.62003905,-0.6599609,0.80003905,0.85003906,1.710039,1.100039,-2.689961,0.21003906,-2.2699609,-2.489961,-2.7899609
1.960039,1.4100391,0.69003904,2.120039,-0.81996095,-1.149961,-1.299961,-2.2999609,-2.2699609,-2.699961,-1.789961,-0.08996094,0.11003906,-0.17996094,-0.13996094,-1.4999609,0.060039062,3.4700391,4.150039,1.3600391,0.25003907,1.1300391,2.7100391,-0.6099609,-1.579961,-2.179961,1.350039,0.74003905,0.020039063,1.0400391,2.4600391,3.040039,2.550039,3.4600391,2.160039,1.470039,2.540039,1.7300391,0.54003906,-3.089961,0.62003905,3.010039,0.97003907
1.1100391,-0.049960937,-0.48996094,1.8800391,0.99003905,0.98003906,0.81003904,-0.5499609,-0.81996095,-0.119960934,-0.88996094,-1.4999609,1.0000391,-0.93996096,2.760039,-0.93996096,-2.0299609,-2.209961,-2.459961,-1.7199609,1.4100391,-0.64996094,0.87003905,-0.49996093,-0.34996092,-0.83996093,0.73003906,1.1300391,0.12003906,-0.7999609,2.9500391,-0.12996094,-0.70996094,-0.16996093,-0.05996094,3.9800391,4.950039,2.390039,1.3900391,2.240039,1.3800391,0.81003904,0.31003907
-0.95996094,-0.15996094,1.9000391,1.4800391,0.92003906,2.410039,2.160039,1.1600391,-1.4999609,-2.099961,-2.8299608,-1.289961,-0.70996094,-2.239961,-1.0999609,0.15003906,-1.649961,-0.43996093,-1.9899609,-3.479961,-2.719961,-2.0399609,-1.5099609,-0.87996095,-0.34996092,0.15003906,1.5300391,0.57003903,1.200039,0.50003904,3.840039,1.670039,1.450039,0.17003906,-1.4899609,2.900039,4.330039,5.850039,6.210039,4.200039,3.9300392,3.150039,1.6300391
3.560039,1.9100391,2.250039,2.050039,1.3900391,2.750039,2.4300392,1.050039,1.0300391,-0.89996094,-1.919961,-1.3399609,0.040039062,-0.51996094,-1.7499609,-2.5699608,-2.7799609,-1.6399609,-1.939961,-0.45996094,-1.4599609,0.88003904,-1.309961,0.7800391,1.940039,-0.58996093,-0.43996093,1.430039,2.780039,3.4500391,-0.36996093,1.340039,1.450039,3.770039,3.350039,3.010039,-1.649961,1.7800391,5.350039,3.300039,3.330039,3.860039,3.380039
2.4500391,1.9900391,2.910039,3.130039,1.690039,2.740039,2.120039,1.9800391,1.1400391,0.7800391,-0.26996094,-0.029960938,0.85003906,-0.55996096,-0.89996094,0.25003907,-2.399961,-3.159961,-1.549961,1.7700391,1.050039,0.87003905,-0.8499609,-0.7199609,-1.429961,-0.31996095,-1.029961,0.74003905,-0.14996094,1.0200391,2.380039,3.070039,1.690039,2.140039,4.010039,3.530039,2.6900392,0.42003906,1.680039,2.080039,2.900039,3.2000391,5.150039
1.330039,2.2300391,1.560039,3.340039,2.290039,2.570039,2.410039,1.080039,2.080039,1.7500391,0.17003906,0.15003906,0.6500391,-0.57996094,0.100039065,-0.43996093,-3.3199608,-2.919961,-2.469961,-0.7899609,-1.039961,-0.7199609,-1.899961,-2.149961,-2.2899609,-1.689961,-0.6099609,-0.28996095,-0.05996094,0.060039062,0.17003906,1.9100391,2.260039,4.0700393,2.890039,2.140039,4.160039,3.020039,2.520039,3.010039,2.280039,2.9400392,1.7600391
