wind_kz.json
{"header": {"discipline":0,"disciplineName":"Meteorological products","gribEdition":2,"gribLength":1025,"center":7,"centerName":"US National Weather Service - NCEP(WMC)","subcenter":0,"refTime":"2023-09-27T18:00:00.000Z","significanceOfRT":1,"significanceOfRTName":"Start of forecast","productStatus":0,"productStatusName":"Operational products","productType":1,"productTypeName":"Forecast products","productDefinitionTemplate":0,"productDefinitionTemplateName":"Analysis/forecast at horizontal level/layer at a point in time","parameterCategory":2,"parameterCategoryName":"UnknownDiscipline_0_Category_2","parameterNumber":2,"parameterNumberName":"UnknownParameter_D0_C2_2","parameterUnit":"Unknown","genProcessType":2,"genProcessTypeName":"Forecast","forecastTime":0,"surface1Type":103,"surface1TypeName":"Specified height level above ground","surface1Value":10.0,"surface2Type":255,"surface2TypeName":"Missing","surface2Value":0.0,"gridDefinitionTemplate":0,"gridDefinitionTemplateName":"Latitude_Longitude","numberPoints":615,"shape":6,"shapeName":"Earth spherical with radius of 6,371,229.0 m","gridUnits":"degrees","resolution":48,"winds":"true","scanMode":64,"nx":41,"ny":15,"basicAngle":0,"lo1":47.0,"la1":41.0,"lo2":87.0,"la2":55.0,"dx":1.0,"dy":1.0}, "data":
[rows 0 to 14 of 15, columns 0 to 40 of 41]
-2.3701477,-0.5701477,0.8498523,-2.4301476,-2.7701478,0.029852295,-0.1001477,-3.5401478,-2.9701476,-2.1701477,-0.1001477,-3.2601478,-3.2401476,-0.24014771,-0.4401477,-1.2401477,-0.4701477,1.0998523,-1.9601477,0.5998523,0.8598523,-1.1501477,-2.6801476,-0.5501477,0.009852295,-2.3901477,-2.7101476,0.6798523,-0.21014771,0.029852295,-0.9201477,0.4798523,0.3898523,-0.9301477,-2.0501478,-2.6701477,-1.6101477,-1.7101477,-1.5901477,-1.9201477,-1.1101477
0.8998523,0.4398523,-2.6601477,-3.1201477,-2.4601476,-2.2801478,-2.4601476,-2.5301478,-2.4101477,-2.0901477,-2.2401476,-3.0701478,-1.7601477,-0.24014771,0.7398523,-1.4701477,-0.6201477,-1.9501477,-2.9201477,-1.2001477,-1.4101477,-1.8201478,-1.6601477,-1.5101477,0.3798523,0.65985227,-1.4801477,1.1898522,-3.4801476,-1.5201477,0.22985229,-0.2001477,-0.7201477,-2.9301476,-0.3101477,0.8498523,0.6898523,-0.080147706,-1.3401477,0.1898523,-2.8501477
-1.2801477,-5.150148,-3.5101478,-2.1701477,-0.090147704,0.059852295,-1.1101477,-1.2401477,-1.8401477,0.1598523,-2.5301478,-2.0201478,-0.3701477,0.10985229,0.5098523,-0.3201477,-1.3801477,-0.4401477,-1.7801477,-0.2201477,1.3998523,-2.0301478,-2.2001476,-2.0001478,-0.5501477,-0.39014772,0.29985228,-0.8301477,-2.7101476,0.049852297,-0.4101477,1.4698523,-0.39014772,-0.9101477,0.0798523,-0.7201477,0.6298523,0.26985228,2.7698524,2.1098523,2.4198523
-4.6101475,-6.9901476,-4.6201477,-4.3501477,-3.3001478,-0.9401477,-1.9401478,-2.2501478,-1.4901477,-0.4401477,-1.7801477,-0.2901477,0.4498523,0.4198523,0.5298523,0.1298523,0.1898523,-0.4601477,-0.7601477,-0.1901477,-0.84014773,-2.0301478,-1.8501477,-2.2501478,-0.59014773,0.1398523,0.6098523,-0.8601477,-1.8701477,-2.7701478,-2.2501478,-1.9201477,-1.2401477,-2.6101477,-2.4001477,-1.7501477,-1.9701477,2.7998524,0.2798523,-0.6501477,-2.2501478
-4.880148,-5.130148,-4.4701476,-3.1901476,-2.5601478,-1.3701477,-1.4770508E-4,0.8798523,0.4498523,1.8998523,1.4598523,3.4498522,2.1198523,1.3098522,0.9198523,0.71985227,-0.5101477,-0.8601477,-0.4601477,0.5598523,-1.5701478,-2.1601477,-0.4301477,1.7598523,2.1198523,-2.8401477,-5.1001477,-2.9701476,-4.4901476,-4.810148,-4.3601475,-2.3301477,-1.0401477,1.4098523,0.2798523,-0.8001477,-4.940148,-3.5601478,-3.3101478,-3.6001477,-3.8501477
-2.6201477,-2.4501476,-1.6901478,-0.7501477,0.1398523,0.7798523,0.9798523,0.1898523,1.4498523,1.8898523,2.6698523,-2.2101476,-1.7201477,-0.5701477,-3.0001478,-1.3901477,-1.9601477,-1.3701477,-1.4401478,0.4098523,0.6698523,1.1798522,-2.2101476,-3.1501477,-2.8901477,-3.8301477,-2.7501478,-2.5701478,-4.380148,-3.5701478,-3.0101478,-2.4201477,-2.8201478,-2.2201476,-0.5601477,-2.0501478,-0.020147705,-1.3301477,-1.1101477,-2.5501478,-1.8901477
-2.9501476,-0.4101477,-1.3101478,-1.8601477,-2.5501478,-1.2801477,0.17985229,1.3098522,1.3298523,1.9998523,1.4798523,0.3098523,-3.3801477,-3.7101476,-2.5901477,-1.7501477,-0.07014771,-0.2201477,-0.9901477,-0.5101477,-1.0001477,-1.1301477,-2.0901477,-2.3401477,-2.1901476,-1.1601477,0.4098523,-0.42014772,-0.78014773,0.059852295,-0.4601477,-0.2001477,0.6098523,-2.3601477,-2.8001478,-2.2701478,-1.0201477,2.2998524,0.019852296,1.3798523,-0.48014772
-2.4001477,-4.1801476,-3.1801476,-1.8001477,-0.3201477,1.1998523,0.7998523,0.90985227,1.5498523,2.1798522,2.1598523,-2.8901477,-3.3001478,-3.7101476,-2.1601477,-1.1601477,-0.9801477,-0.9301477,-1.0801477,-1.2801477,-0.3801477,-1.9401478,-3.1701477,-0.2701477,-1.6501477,-0.4401477,-1.2501477,2.7098522,1.2998523,-2.4001477,3.1698523,0.2898523,-0.9001477,1.1298523,-1.1101477,-1.7101477,-1.5501477,-4.520148,-3.3301477,-3.1901476,-2.3601477
-2.7901478,-2.4801476,-1.0401477,0.089852296,1.0098523,0.6098523,1.5598522,1.7598523,1.6398523,1.9298522,-1.0601478,-1.7601477,-2.4501476,-2.8101478,-2.1701477,-1.7301477,-1.3601477,-1.0201477,-0.8101477,-2.0301478,-2.2801478,-1.5801477,-1.0801477,-1.6701477,1.9098523,1.4098523,1.1698523,2.1098523,2.2298522,0.049852297,4.439852,-0.8501477,1.8998523,-1.0701478,-1.1901478,-2.2201476,-0.7901477,-1.5601478,-0.5601477,1.0198523,-2.1301477
-1.3301477,-0.6901477,-0.1001477,-0.13014771,0.4698523,1.5498523,1.1098523,0.14985229,-0.4701477,0.26985228,-1.8001477,-3.1401477,-2.8001478,-2.7001476,-2.3301477,-0.7901477,-1.9001477,-0.8501477,-0.07014771,-0.6001477,-1.9701477,-1.8201478,-2.0801477,-1.2701477,-1.2401477,1.4198523,3.0598524,3.2498522,2.9098523,3.6998522,0.4298523,1.3698523,-0.84014773,-2.0301478,-1.9301476,-2.0101478,-2.7201476,-0.5701477,-1.7901477,-0.090147704,-1.7201477
1.9798523,-2.1601477,-0.3501477,0.5898523,0.06985229,-0.7001477,-0.2801477,-0.18014771,-0.2501477,-0.9001477,-0.4101477,0.6198523,-2.0301478,-1.6001477,-1.6201477,-0.8601477,-1.3201478,-0.59014773,-0.9601477,-1.5501477,-0.48014772,-1.9201477,-2.2101476,-2.2401476,-0.6401477,-0.2201477,0.8998523,-1.6701477,0.4898523,2.3798523,2.8998523,-1.1101477,-3.0901477,-2.0801477,-1.8501477,-2.1201477,-1.5501477,0.5198523,-1.1901478,1.2198523,-1.3401477
-1.2601477,0.5898523,0.1898523,-0.5601477,0.7298523,0.8698523,0.2898523,0.4098523,0.8698523,0.0798523,-0.7701477,1.6098523,1.7298523,1.1298523,0.29985228,-0.7001477,0.019852296,-0.16014771,-0.59014773,-0.1701477,-0.8801477,0.099852294,0.029852295,0.96985227,1.5198523,1.0598522,0.5098523,-0.3101477,1.2298523,1.8098522,1.1998523,-2.4101477,-0.9601477,-2.6001477,-0.7701477,0.1898523,0.32985228,-0.13014771,0.1698523,-0.6301477,-0.6401477
-0.21014771,0.1198523,-0.120147705,0.4498523,1.1898522,1.0198523,0.9798523,0.8798523,1.1798522,0.5598523,0.19985229,1.1798522,1.7598523,1.9098523,0.6498523,0.5098523,0.71985227,1.4298522,1.4898523,1.5098523,1.0798523,1.1698523,1.7798523,1.1798522,2.0698524,1.4498523,-0.7201477,0.7798523,0.7598523,-0.24014771,-0.6101477,-1.2901477,-1.7701477,-0.6901477,-0.7101477,-1.0401477,-0.7001477,-1.0201477,-2.0601478,-1.5501477,-1.2301477
1.0598522,1.0898523,1.5598522,1.4598523,1.3498523,1.2698523,1.1498523,1.1098523,1.4498523,1.5198523,0.9498523,0.5298523,1.7398523,-0.07014771,1.5598522,2.1798522,2.1998522,2.1398523,2.1498523,2.5498524,2.5298524,2.3498523,2.3198524,2.1998522,1.8198524,0.26985228,-0.4401477,0.6998523,0.4398523,-0.5401477,-1.4601477,-0.3101477,0.90985227,-0.4401477,-0.7301477,-0.4701477,-0.6701477,-0.42014772,-1.2401477,-0.39014772,-0.6801477
0.7698523,1.3998523,2.7798524,1.4298522,1.5898523,1.7998523,2.1498523,1.6398523,2.4398522,1.3998523,0.4898523,1.3898523,1.7598523,1.2798523,3.1498523,2.1598523,2.5898523,3.2998524,2.8498523,2.9698522,2.5298524,2.4098523,1.9898523,1.6198523,1.3198524,0.8298523,0.3098523,0.4498523,1.0598522,-0.7701477,-0.4601477,-0.6801477,-0.2801477,-0.11014771,1.5198523,0.5698523,-0.6601477,0.32985228,0.4398523,0.4398523,-1.2501477
