wind_kz.json
{"header": {"discipline":0,"disciplineName":"Meteorological products","gribEdition":2,"gribLength":1025,"center":7,"centerName":"US National Weather Service - NCEP(WMC)","subcenter":0,"refTime":"2023-08-06T06:00:00.000Z","significanceOfRT":1,"significanceOfRTName":"Start of forecast","productStatus":0,"productStatusName":"Operational products","productType":1,"productTypeName":"Forecast products","productDefinitionTemplate":0,"productDefinitionTemplateName":"Analysis/forecast at horizontal level/layer at a point in time","parameterCategory":2,"parameterCategoryName":"UnknownDiscipline_0_Category_2","parameterNumber":2,"parameterNumberName":"UnknownParameter_D0_C2_2","parameterUnit":"Unknown","genProcessType":2,"genProcessTypeName":"Forecast","forecastTime":120,"surface1Type":103,"surface1TypeName":"Specified height level above ground","surface1Value":10.0,"surface2Type":255,"surface2TypeName":"Missing","surface2Value":0.0,"gridDefinitionTemplate":0,"gridDefinitionTemplateName":"Latitude_Longitude","numberPoints":615,"shape":6,"shapeName":"Earth spherical with radius of 6,371,229.0 m","gridUnits":"degrees","resolution":48,"winds":"true","scanMode":64,"nx":41,"ny":15,"basicAngle":0,"lo1":47.0,"la1":41.0,"lo2":87.0,"la2":55.0,"dx":1.0,"dy":1.0}, "data":
[rows 0 to 14 of 15, columns 0 to 40 of 41]
0.76728517,1.9972851,-1.5127149,-0.7527149,-0.022714844,-3.5327148,-5.372715,-5.4427147,-6.162715,-4.992715,-5.162715,-3.222715,-1.6827148,-1.0227149,-0.8027148,0.22728516,1.2372851,0.18728516,-0.5627148,0.5772852,2.567285,2.1072853,4.527285,5.1172853,1.1072851,2.757285,5.697285,3.7372851,0.77728516,1.1572852,-0.6227148,-0.94271487,-0.33271486,3.587285,-1.0527148,-0.49271485,3.1172853,-1.7027148,-3.8227148,-4.2727146,-5.952715
0.60728514,-3.0627148,-2.472715,-3.8627148,-4.362715,-4.262715,-5.472715,-4.6327147,-5.642715,-5.332715,-3.3927147,-4.082715,-2.3827147,-1.6027149,-1.1327149,0.49728516,1.2372851,0.98728514,2.087285,3.297285,4.157285,4.217285,4.027285,4.8472853,5.487285,-0.5027149,1.6772852,1.9672852,3.277285,1.6972852,0.51728517,0.48728517,-2.202715,0.6372852,0.35728514,0.29728517,-5.702715,-5.202715,-2.8127148,-1.6327149,-0.6227148
-4.682715,-4.852715,-5.362715,-6.832715,-6.1727147,-6.2327147,-6.0227146,-5.532715,-5.362715,-5.242715,-4.702715,-2.8027148,-4.4627147,-2.6427147,-0.8627148,-0.5627148,0.13728516,2.1472852,3.317285,3.4872851,4.8272853,6.8272853,6.9772854,7.2672853,5.107285,4.167285,1.2872852,2.1672852,6.0772853,-0.90271485,2.1172853,-1.9027148,0.037285157,-1.1927148,-2.2527149,0.9372852,1.4572852,0.52728516,1.5872852,1.7572851,2.027285
-7.612715,-7.792715,-7.592715,-6.362715,-5.7727146,-7.062715,-5.362715,-4.2127147,-3.0327148,-6.4227147,-5.6727147,-5.222715,-2.912715,-1.7327149,-1.4027148,-2.2927148,-0.76271486,1.1272851,1.6172851,2.7072852,2.9672852,0.41728514,3.8572853,5.407285,6.677285,4.877285,7.697285,4.437285,5.947285,3.7272851,-0.16271484,2.9072852,0.60728514,-1.3127148,0.8272852,1.8872851,1.5172851,1.1772852,-2.9027147,-2.5527148,-4.4027147
-9.522715,-9.022715,-8.232715,-6.4227147,-5.9427147,-6.012715,-5.702715,-5.762715,-7.122715,-5.872715,-4.602715,-5.702715,-3.8127148,-2.8927147,-0.042714845,-2.7727149,-3.1027148,-2.942715,-1.6727148,-0.35271484,0.057285156,2.007285,1.5172851,1.2272851,0.89728516,3.3472853,4.357285,4.177285,7.987285,5.7272854,4.587285,4.3672853,4.207285,3.4172852,-2.682715,-2.3127148,-1.3027148,-2.442715,-3.3227148,-2.702715,-2.692715
-8.582715,-8.212715,-6.392715,-7.592715,-7.202715,-5.3827147,-6.5227146,-6.412715,-6.182715,-5.0027146,-4.2327147,-4.122715,-4.3827147,-3.8027148,-3.6027148,-3.8427148,-4.142715,-3.9027147,-3.1127148,-2.732715,-3.452715,-1.9227148,-0.58271486,-0.9227148,-1.3627149,-1.4227148,-0.102714844,1.4072852,6.627285,6.067285,6.2872853,6.2872853,5.627285,4.737285,4.3272853,2.287285,5.107285,1.9472852,-0.63271487,1.2272851,1.0272851
-7.202715,-7.472715,-7.552715,-7.1327147,-5.6927147,-5.702715,-5.842715,-6.182715,-6.042715,-5.492715,-5.352715,-5.452715,-4.332715,-4.742715,-4.6327147,-4.552715,-3.7527149,-3.202715,-3.0027149,-2.8327148,-3.702715,-4.352715,-3.8927147,-2.7627149,-0.8127148,-0.7427148,-1.5727148,-0.77271485,-4.7127147,-3.6027148,-3.192715,-3.7827148,-2.422715,-0.76271486,0.21728516,2.7472851,2.9772851,3.1472852,7.547285,2.087285,5.147285
-6.9227147,-6.6527147,-6.602715,-6.952715,-6.6327147,-6.2727146,-5.9227147,-5.452715,-5.202715,-5.322715,-4.342715,-4.972715,-4.492715,-4.392715,-4.2727146,-3.8927147,-3.6327147,-3.2627149,-2.942715,-2.3427148,-3.0027149,-3.992715,-4.952715,-4.7327147,-4.242715,-3.732715,-2.702715,-3.482715,-5.802715,-5.282715,-5.572715,-3.722715,-1.8727149,-1.6827148,0.10728516,-1.0227149,-2.8427148,-0.19271484,0.6972852,0.89728516,-0.29271483
-5.872715,-5.642715,-5.222715,-4.9627147,-4.4427147,-5.542715,-5.662715,-5.452715,-4.862715,-4.7727146,-4.9427147,-4.3827147,-4.0227146,-4.042715,-4.412715,-3.3127148,-2.5027149,-2.3427148,-2.2727149,-1.7627149,-2.6527147,-4.512715,-4.792715,-4.8827147,-4.7527146,-4.262715,-5.362715,-5.5027146,-5.852715,-4.052715,-5.012715,-3.0827148,-1.2827148,-2.0227149,-3.0227149,0.24728516,-2.2927148,-1.6027149,1.5472852,1.8272852,4.0572853
-5.4227147,-5.112715,-4.4427147,-4.112715,-3.1327147,-1.6127149,-1.8427148,-2.922715,-3.0627148,-2.5927148,-2.0727148,-2.0327148,-2.5227149,-4.2527146,-2.742715,-3.3027148,-3.0627148,-2.8227148,-2.5327148,-2.4027147,-3.3627148,-4.4427147,-3.8527148,-3.682715,-3.412715,-2.1427147,-4.332715,-3.6027148,-2.3627148,-2.7727149,-1.3727149,0.037285157,0.37728515,0.45728517,0.35728514,-2.0427148,-1.0927148,-0.5027149,-1.0327148,4.127285,1.6872852
-5.032715,-4.782715,-4.542715,-3.5727148,-2.7927148,-3.0227149,-3.1327147,-1.3327148,0.26728517,2.1372852,1.9472852,0.13728516,-1.0827148,-4.1927147,-3.1027148,-2.7827148,-3.3527148,-2.742715,-2.3327148,-2.732715,-3.3427148,-3.8827147,-2.952715,-2.0827148,-2.4027147,-2.1527147,-2.172715,-1.5427148,-1.3927149,-0.46271485,0.8272852,1.7872852,3.087285,2.067285,1.5872852,0.58728516,-0.39271486,0.117285155,0.077285156,0.077285156,1.8672851
-4.832715,-3.992715,-3.6027148,-3.7927148,-3.212715,-1.9027148,-1.9927149,-1.8127148,-1.4927149,-0.95271486,0.9372852,-2.5527148,-2.982715,-3.682715,-2.172715,-2.452715,-3.3327148,-3.5227149,-2.5627148,-2.0427148,-2.0727148,-1.7627149,-2.3827147,-1.7827148,-0.91271484,-0.6127148,-0.0027148437,0.54728514,1.6972852,1.9872851,0.44728515,0.10728516,1.5172851,2.787285,1.3272852,1.0472852,2.1572852,1.8672851,1.1572852,-0.33271486,-0.43271485
-2.3127148,-4.222715,-2.992715,-3.472715,-2.3727148,-1.7327149,-3.5227149,-2.3127148,-2.1227148,-0.79271483,0.33728516,-0.79271483,-2.1427147,-2.162715,-1.8727149,-2.422715,-2.5727148,-2.8527148,-2.5127149,-2.5127149,-0.89271486,-0.34271485,0.55728513,0.96728516,2.2172852,-0.092714846,-0.73271483,-0.19271484,1.2672851,2.9372852,1.6872852,2.4872851,1.3972851,1.8872851,1.9672852,2.2472851,1.9572852,1.0172851,2.287285,1.3872851,0.79728514
-3.5227149,-4.092715,-1.9227148,-3.5027149,-3.5327148,-2.942715,-2.5527148,-1.5927148,-1.2527149,-0.5027149,1.4772851,0.83728516,-2.6127148,-2.0027149,-0.8727148,-1.2827148,-1.8727149,-1.5227149,-1.4827149,-1.6827148,-2.0827148,-0.6727148,-1.7427149,0.9372852,2.017285,2.6372852,1.4272852,0.36728516,0.42728516,2.047285,-0.092714846,1.1272851,1.6172851,2.2272851,1.9972851,2.837285,1.9972851,3.267285,2.6872852,2.007285,2.047285
-3.0527148,-3.3827147,-2.8427148,-3.3527148,-2.8827147,-2.8827147,-1.9127148,-1.4927149,-0.94271487,0.32728517,0.27728516,-0.91271484,-0.5027149,-1.8827149,-0.08271484,-1.4627148,-0.91271484,1.5472852,0.61728513,-0.17271484,-0.15271485,-1.9827149,0.16728516,1.3172852,1.9072852,0.66728514,2.3872852,2.1672852,0.66728514,0.98728514,-0.13271484,-0.58271486,1.1172851,2.297285,0.86728513,2.317285,2.537285,3.6172853,4.567285,3.3672853,3.557285
