wind_kz.json
{"header": {"discipline":0,"disciplineName":"Meteorological products","gribEdition":2,"gribLength":1025,"center":7,"centerName":"US National Weather Service - NCEP(WMC)","subcenter":0,"refTime":"2023-08-18T12:00:00.000Z","significanceOfRT":1,"significanceOfRTName":"Start of forecast","productStatus":0,"productStatusName":"Operational products","productType":1,"productTypeName":"Forecast products","productDefinitionTemplate":0,"productDefinitionTemplateName":"Analysis/forecast at horizontal level/layer at a point in time","parameterCategory":2,"parameterCategoryName":"UnknownDiscipline_0_Category_2","parameterNumber":3,"parameterNumberName":"UnknownParameter_D0_C2_3","parameterUnit":"Unknown","genProcessType":2,"genProcessTypeName":"Forecast","forecastTime":0,"surface1Type":103,"surface1TypeName":"Specified height level above ground","surface1Value":10.0,"surface2Type":255,"surface2TypeName":"Missing","surface2Value":0.0,"gridDefinitionTemplate":0,"gridDefinitionTemplateName":"Latitude_Longitude","numberPoints":615,"shape":6,"shapeName":"Earth spherical with radius of 6,371,229.0 m","gridUnits":"degrees","resolution":48,"winds":"true","scanMode":64,"nx":41,"ny":15,"basicAngle":0,"lo1":47.0,"la1":41.0,"lo2":87.0,"la2":55.0,"dx":1.0,"dy":1.0}, "data":
[rows 0 to 14 of 15, columns 0 to 40 of 41]
3.2968116,3.3868115,-1.4431884,-2.6431885,-4.9331884,-7.1131883,-6.3831882,-3.5731885,-0.98318845,-2.6331885,0.7568115,2.9668114,2.1568115,0.0068115233,-2.7631884,-3.3131886,-2.1331885,-3.6531885,-4.9331884,-4.2831883,-5.2031884,-6.7231884,-4.2031884,0.70681155,5.6968117,2.8768115,1.6468115,1.7168115,-4.0131884,-2.4031885,-0.033188477,1.4068115,4.2268114,3.2568116,1.6268115,3.4468114,-0.48318848,-0.7431885,-1.9331884,-0.53318846,0.23681152
-3.2631884,1.1068115,1.8068116,-1.0631884,-3.6631885,-3.9431884,-5.2931886,-4.9931884,-4.8631883,-0.59318846,-0.54318845,0.84681153,2.7668116,2.3268116,-3.4931884,-3.8331885,-4.2931886,-3.6831884,-1.3231884,-0.53318846,-5.3931885,-5.8431883,-3.7431884,-2.8831885,2.1068115,2.0668116,1.2068115,-0.53318846,-4.0131884,-4.6331882,-1.2231885,-2.3431885,-3.1531885,-0.13318847,1.8068116,5.1268115,3.5068116,5.1668115,2.0568116,0.6268115,-0.4131885
2.8468115,5.3668118,2.2868116,0.44681153,-1.9131885,-2.6231885,-3.7331884,-4.0831885,-1.5131885,-1.1831884,0.17681152,2.0868115,4.2168117,3.6068115,-3.5131884,-4.2631884,-5.8331885,-5.7331886,-1.8931885,1.1168115,-2.0231886,-0.79318845,-6.1831884,-5.6931887,-5.2431884,-4.9631886,-3.0631886,-2.5231886,-2.1831884,-1.5831885,-2.2931886,-0.20318848,1.7768115,0.0068115233,-5.1431885,2.5368116,5.0768113,0.39681152,-2.0131884,1.5468116,0.18681152
0.8168115,3.4568114,1.8868115,-0.013188477,-0.6931885,-6.7631884,-2.4831884,-2.3631885,-1.3031884,-0.4731885,-0.9331885,2.5068116,-3.6631885,-2.5531886,-5.6131883,-5.8931885,-3.9831884,-6.1431885,-1.9331884,-0.97318846,-4.8431883,-2.4531884,-4.9031887,-4.6831884,-4.5031886,-4.2531886,-4.5231886,-4.2731886,-4.4231887,-3.9831884,-5.6731887,-3.7631884,4.6668115,1.1368115,2.0968115,-0.8931885,-1.0431885,-0.9331885,-1.6831884,-1.5331885,-1.2131885
3.7968116,4.5068116,2.5568116,0.43681154,-2.5831885,-6.0231886,-5.0531883,-3.4331884,-4.1831884,0.29681152,1.5768116,2.4668114,1.3868115,-1.1631885,-1.8031884,-1.3731885,-3.4131885,-3.7331884,-5.7731886,-3.0331886,-2.3931885,-2.3831885,-4.1131883,-4.3631883,-2.5931885,-4.2631884,-5.5931883,-8.683188,-4.4431887,-4.4931884,-5.2031884,-5.0331883,-1.9831885,-1.6831884,1.5968115,1.4868115,0.42681152,-0.6431885,-0.9531885,-0.4731885,-2.8431885
-4.3431883,-2.4031885,5.9568114,3.7068114,1.7068115,-0.8731885,-3.1331885,-1.3931885,0.12681152,1.5268115,2.9468114,5.2968116,3.4168115,2.5868115,-5.1231885,-1.2931885,-4.2831883,-3.6731884,-4.9431887,0.10681152,-1.4731885,-1.1731884,-1.0831885,-1.9731885,-2.3731885,-2.1231885,1.0768116,-2.7931886,-4.2731886,-3.5631886,-4.2631884,-3.2331884,-2.8831885,-1.7731885,-0.5231885,-0.46318847,-3.3531885,-5.0131884,5.3668118,0.6068115,-1.6931884
-4.0031886,-3.1131885,-3.8031886,2.7268114,5.1468115,5.3568115,-2.0631886,-1.8631885,1.5868115,5.4868116,6.0468116,5.6368117,5.2668114,-0.16318847,-2.5031884,-3.0231886,-4.3731885,-3.2831886,2.4368114,0.48681152,0.76681155,-3.6331885,-6.3631883,-2.8931885,-3.1931884,-1.1931884,-1.7831885,-3.4831884,-3.5431886,-4.3131886,-4.9631886,-4.8931885,-5.6931887,-2.2931886,0.47681153,-0.013188477,0.82681155,-1.1831884,-1.7931885,2.0868115,-2.4331884
-3.2231884,-1.9031885,-2.9331884,-3.6131885,-1.5431885,0.8068115,1.8468115,1.9568115,0.23681152,-1.6231885,-3.8531885,-1.0231885,1.0268115,-0.013188477,-1.9031885,-1.6631885,1.1768116,-2.9431884,-0.0031884767,1.3268116,-1.7131885,-1.0031885,-1.8931885,-1.9731885,-2.8331885,-2.4631884,-2.4731884,-1.5531884,-0.6331885,-2.1631885,-1.9431884,-3.3831885,-3.4231884,-5.3831882,-3.7031884,-2.5031884,-1.3431885,0.6168115,1.7068115,0.08681152,-0.6231885
-3.5831885,-4.0231886,-4.1331882,0.07681152,1.5168115,2.7768116,4.6368117,1.6668115,-0.16318847,2.8268116,-0.14318848,-0.54318845,0.6768115,-1.3831885,-0.5031885,-1.3831885,-1.3331885,-1.3831885,-3.4631884,-4.1131883,0.48681152,0.5568115,-3.4631884,-2.2631884,-2.3531885,-2.1331885,-2.6731884,-4.6531887,-4.8231883,-3.6531885,-6.1431885,-6.6531887,-6.0331883,-6.0231886,-6.0031886,-4.2131886,-4.5731883,-4.3531885,-3.4431884,-2.1631885,1.9968115
-0.85318846,-2.0431886,-1.5031885,-0.8331885,0.46681154,-1.2131885,1.0168115,-0.033188477,-2.6831884,-1.5331885,-1.0231885,-2.4131885,-1.2131885,-2.6931884,-3.6231885,-2.4631884,-2.1031885,0.096811526,-0.33318847,0.2768115,-2.7231884,-2.0431886,-2.3931885,-1.9231884,-1.9631885,-3.7331884,-5.0731883,-3.1631885,-3.3031886,-4.4431887,-4.9531884,-4.4931884,-4.9331884,-4.4131885,-5.7931886,-1.9631885,-0.48318848,-0.42318848,0.9468115,-0.22318847,-1.3531885
-2.0331886,-1.4131885,-1.7331885,-0.073188476,-1.6931884,-1.4131885,-0.4731885,-0.4731885,0.96681154,1.9468116,1.5168115,0.17681152,0.28681153,-3.1831884,-3.1631885,-1.5331885,-4.3431883,-1.1931884,-4.1531887,-3.0431886,-3.3831885,-3.7631884,-0.053188477,-1.7331885,-3.5631886,-2.0331886,-2.4431884,-4.6831884,-4.2831883,-4.9131885,-5.3531885,-5.3631883,-5.1131883,-5.4231887,-4.1531887,-3.6631885,-0.54318845,-0.71318847,-2.2031884,-2.1631885,0.8068115
-0.9531885,-0.023188477,-1.4231884,-0.67318845,-1.3931885,-0.113188475,-0.6131885,1.6368115,1.3468115,-0.7531885,1.0568116,-0.6831885,-0.42318848,-2.2431884,-2.2731886,-1.8431885,-1.8431885,-2.1431885,-2.8631885,-3.9931884,-2.8831885,-2.6031885,-2.2231884,-3.3031886,-2.1531885,-2.5831885,-3.1831884,-3.1731884,-2.9031885,-3.1631885,-2.7831886,-3.6831884,-3.4031885,-4.1331882,-3.2731886,-3.3631885,-1.9531884,-2.6931884,-1.1131885,1.3068116,-0.4431885
-0.5631885,-1.6931884,-1.9131885,-0.6931885,1.0168115,0.3668115,1.3468115,1.5668116,2.4268115,-8.383188,-1.4831885,-0.45318848,-1.8831885,-0.65318847,-2.2031884,-2.7831886,-3.1431885,-3.5031884,-2.6731884,-2.7331884,-3.3831885,-2.6531885,-1.9631885,-2.3931885,-1.7331885,-1.5431885,-1.6031885,-1.5731884,-2.2531884,-2.8631885,-2.8431885,-2.6731884,-2.3131886,-0.26318848,-2.5831885,-0.5631885,-2.5131884,-1.8531885,-4.9931884,-2.5931885,-1.3531885
-2.3831885,-2.6931884,-0.91318846,-0.65318847,0.70681155,-0.85318846,-2.0731885,-2.1031885,-1.9831885,-1.1431885,0.0068115233,-1.9231884,1.1468115,1.3768115,-1.0931885,-0.8731885,-1.6831884,-1.6331885,-2.7031884,-2.2631884,-2.2331884,-1.6531885,-0.15318848,-1.6231885,-1.7731885,-1.0331885,-1.0931885,-1.3131884,-1.2631885,-2.2331884,-2.6031885,-2.0331886,-3.9731884,-1.4131885,-1.5931885,-1.4831885,-0.46318847,-1.2231885,-0.8631885,-0.65318847,-1.8531885
-2.6831884,-3.2031884,-0.5531885,-5.6031885,-4.2031884,2.2168114,1.3668115,-2.0731885,-2.0831885,-1.1131885,0.39681152,-0.083188474,-1.9931885,-1.0431885,0.32681152,-0.0031884767,-1.9531884,-0.8131885,-2.1931884,-0.5131885,-1.3631885,-1.2731885,-1.8531885,-1.4331884,-1.5031885,-1.7731885,-2.6831884,-1.5331885,-0.6331885,-0.18318848,-0.6131885,-2.5631886,-2.2231884,-1.3231884,-2.1931884,-1.2231885,4.1668115,1.8668115,2.0268116,-0.4131885,0.65681154
