wind_kz.json
{"header": {"discipline":0,"disciplineName":"Meteorological products","gribEdition":2,"gribLength":1025,"center":7,"centerName":"US National Weather Service - NCEP(WMC)","subcenter":0,"refTime":"2023-09-30T12:00:00.000Z","significanceOfRT":1,"significanceOfRTName":"Start of forecast","productStatus":0,"productStatusName":"Operational products","productType":1,"productTypeName":"Forecast products","productDefinitionTemplate":0,"productDefinitionTemplateName":"Analysis/forecast at horizontal level/layer at a point in time","parameterCategory":2,"parameterCategoryName":"UnknownDiscipline_0_Category_2","parameterNumber":2,"parameterNumberName":"UnknownParameter_D0_C2_2","parameterUnit":"Unknown","genProcessType":2,"genProcessTypeName":"Forecast","forecastTime":120,"surface1Type":103,"surface1TypeName":"Specified height level above ground","surface1Value":10.0,"surface2Type":255,"surface2TypeName":"Missing","surface2Value":0.0,"gridDefinitionTemplate":0,"gridDefinitionTemplateName":"Latitude_Longitude","numberPoints":615,"shape":6,"shapeName":"Earth spherical with radius of 6,371,229.0 m","gridUnits":"degrees","resolution":48,"winds":"true","scanMode":64,"nx":41,"ny":15,"basicAngle":0,"lo1":47.0,"la1":41.0,"lo2":87.0,"la2":55.0,"dx":1.0,"dy":1.0}, "data":
[rows 0 to 14 of 15, columns 0 to 40 of 41]
-0.3110492,0.8089508,-1.8510492,-0.4510492,0.26895082,1.8089508,6.1289506,1.8389508,-1.8710492,-2.1410491,-6.001049,-6.8910494,-7.8710494,-5.4710493,-2.5010493,-2.1410491,-2.4710493,-0.2810492,-0.3710492,0.3289508,1.0589508,0.088950805,1.5489508,1.7589508,-0.3910492,1.8789508,1.6989508,2.3789508,-0.0010491944,1.7889508,1.7989508,0.0689508,-2.3610492,-1.6010492,-2.0410492,-1.1610492,1.1489508,-0.3410492,1.4089508,1.2989508,-3.7210493
-0.5610492,-3.1210492,-1.7710491,-0.3610492,0.6389508,2.9589508,1.6189508,-2.961049,-3.2910492,-3.7310493,-3.6510491,-2.3610492,-1.4110492,0.7289508,0.6389508,1.8189508,1.6689508,3.058951,3.8589509,1.6689508,1.9789509,1.2689508,1.3289508,-3.2710493,1.8089508,0.1489508,0.10895081,2.1289508,0.4389508,1.5389508,-0.1310492,-0.9710492,-1.0110492,-2.6210492,-0.0810492,0.048950806,0.4789508,-0.7910492,-2.7710493,0.87895083,-1.0310493
-4.7410493,-2.921049,-0.7810492,0.6489508,2.6289508,3.0089507,2.1989508,-1.8610492,1.4689507,-1.4010491,-0.16104919,1.1389508,1.9389508,2.0189507,0.9989508,3.038951,3.058951,2.9289508,5.3589506,4.4889507,4.248951,3.1289508,3.578951,3.6689508,-3.191049,-1.5910492,1.2489508,0.3289508,2.808951,-0.2810492,0.038950805,-1.3110492,0.5789508,-1.5710492,-2.5910492,-1.3410492,-0.5410492,-0.4010492,2.1089509,1.8789508,0.26895082
-5.6610494,-1.9510492,0.81895083,3.1989508,5.5089507,1.7489508,2.048951,4.198951,1.2789508,0.3089508,0.16895081,-2.4010491,-2.4710493,-0.3110492,1.6289508,2.9989507,3.328951,3.7589507,6.098951,5.538951,5.6089506,3.788951,-0.021049194,1.3189508,3.038951,0.0989508,1.7689508,0.1789508,-3.8510492,-2.8410492,0.5189508,-1.8810492,-2.7610493,-1.5710492,-0.4910492,0.3089508,-0.5310492,2.0289507,-1.7510492,-3.3110492,-2.5110493
0.5389508,-1.3710492,0.6089508,1.5489508,2.4289508,1.6789508,4.078951,4.5889506,1.2289509,1.1589508,1.8489509,-3.6410491,0.3289508,2.4589508,3.6689508,4.678951,4.9689507,1.8889508,4.118951,-1.3810492,-2.0810492,-0.6910492,1.0389508,1.8489509,-1.9710492,1.3489509,-4.7810493,-3.421049,-4.301049,-2.191049,-1.6010492,-0.4410492,-1.5610492,0.7889508,-1.4210492,-1.9510492,-3.2610493,-3.441049,-2.431049,-1.4610492,-0.9110492
3.318951,3.5289507,0.5989508,0.9889508,1.4889508,1.6189508,1.9489508,-1.6810492,-0.5810492,-0.091049194,0.11895081,0.45895082,1.7989508,3.4289508,2.818951,4.458951,2.8889508,1.8389508,-1.2710491,-2.6510491,-3.2310493,-2.9810493,-3.3210492,-3.941049,-5.271049,-5.9510493,-5.251049,-5.4310493,-3.8010492,-2.921049,-3.2610493,-2.3110492,-1.9810492,-2.1110492,-1.8510492,-4.1610494,0.7389508,-3.1110492,-2.3510492,-2.0110493,-2.5210493
4.6489506,3.3889508,2.1989508,3.9089508,2.3589509,3.8989508,3.3689508,0.45895082,1.4989508,0.87895083,0.2289508,-2.3610492,2.9489508,1.2089508,2.058951,0.9589508,1.4789509,1.4989508,-1.2110492,-2.4710493,-3.5210493,-3.4110491,-2.941049,-3.0610492,-3.961049,-4.061049,-4.051049,-3.5310493,-2.431049,-1.4610492,-2.9910493,-3.4810493,-3.3710492,-2.6210492,-2.9010491,-1.9810492,-0.2310492,-0.7210492,-0.7110492,1.3989508,-0.1110492
4.658951,4.118951,3.8589509,3.9589508,3.7789507,4.668951,4.828951,3.9689507,2.068951,2.9089508,1.0689508,-1.8310492,3.048951,2.3489509,0.3189508,-0.9510492,-2.431049,-0.061049193,-0.3610492,-2.3610492,-2.2710493,-3.1110492,-2.961049,-2.8010492,-2.211049,-2.8710492,-2.8510492,-2.9810493,-3.1310492,-2.5910492,-2.5310493,-1.4810492,-1.6010492,-1.0610492,-5.0110493,-3.9010491,-2.2810493,-0.29104918,-1.8010492,-0.9910492,0.8089508
5.428951,5.308951,5.4889507,5.0689507,4.768951,4.438951,4.708951,6.208951,2.1689508,2.9389508,2.538951,0.5089508,-0.3110492,4.018951,1.6189508,-1.8310492,-4.2810493,-3.7810493,-3.0310493,-1.4210492,-1.1010492,-1.5810492,-1.8710492,-2.0210493,-1.9010491,-2.2810493,-1.5510492,-1.1110492,-1.7910492,-1.1110492,-1.5910492,-1.3510492,-2.7510493,-2.6110492,-2.681049,-1.0610492,-1.3410492,-1.0910492,-0.6510492,0.21895081,-0.2810492
6.328951,5.748951,5.4889507,5.638951,4.948951,4.478951,4.788951,5.288951,4.788951,4.2389507,1.9889508,1.1389508,1.7989508,0.3889508,-1.1410491,-1.0510492,-1.9310492,-1.9810492,-2.441049,-1.7110492,-0.8910492,0.07895081,-0.2110492,-0.3110492,-0.3610492,-0.4110492,-0.3110492,0.2589508,-0.7610492,-1.8710492,-1.4210492,-2.1010492,-2.5310493,-2.5610492,-1.6710492,-1.0010492,0.008950805,-0.021049194,-0.2410492,-0.4910492,-0.4110492
7.2989507,6.8989506,6.518951,5.5689507,5.6489506,5.118951,4.6289506,5.6489506,5.5889506,4.168951,0.8489508,3.4289508,2.7089508,3.6589508,3.3689508,2.4989507,1.5589508,0.3189508,-0.4910492,-0.051049195,-0.061049193,0.7489508,1.2889508,0.9289508,0.088950805,1.0189508,1.0189508,0.42895082,-0.9110492,-1.0710492,-2.4010491,-1.9110492,-1.5210491,-0.8110492,-2.1410491,0.07895081,-0.021049194,0.6889508,-0.6310492,0.4089508,0.1489508
6.5289507,6.918951,7.5889506,6.688951,6.058951,5.688951,5.208951,4.8989506,5.3389506,4.928951,4.288951,3.8489509,4.078951,3.6389508,4.198951,3.8589509,3.1089509,2.9089508,2.058951,1.4889508,1.2489508,0.6489508,0.9189508,0.6789508,1.0289508,1.2489508,1.4589508,0.56895083,0.048950806,-2.1010492,-1.2110492,-0.9010492,-0.5010492,-1.0010492,-1.4210492,-1.0610492,-0.8310492,-1.1510491,-0.48104918,-0.7210492,-0.4710492
5.0689507,6.308951,6.668951,6.698951,6.0889506,3.6689508,4.7389507,4.828951,5.8189507,4.7189507,3.1889508,3.538951,2.2489507,3.3989508,3.6589508,3.4289508,3.4389508,3.068951,1.6589508,2.9189508,1.9989508,1.9489508,1.2989508,1.2589508,2.1989508,1.8589509,1.8989508,1.0389508,1.6589508,0.8389508,0.6789508,0.7889508,0.7889508,-0.14104919,0.8889508,0.5989508,0.058950804,0.0689508,-0.1810492,-0.4510492,-0.3610492
6.388951,6.7989507,5.7789507,6.178951,5.7989507,5.868951,4.848951,4.5489507,4.138951,4.198951,2.9589508,3.3789508,4.5889506,4.2589507,3.3989508,4.598951,3.7089508,3.3789508,3.1589508,3.0989509,3.3389509,2.6889508,2.8589509,2.3589509,2.1889508,1.3989508,1.5789508,1.5789508,2.1289508,2.078951,1.7489508,1.0689508,1.1789508,1.0989509,1.8689508,1.3689508,1.0689508,0.62895083,1.2289509,0.3889508,-0.3710492
5.368951,7.5289507,7.3789506,6.2389507,6.0089507,5.4689507,6.308951,4.9689507,4.308951,3.7489507,2.6889508,4.5489507,3.9489508,2.4889507,3.3389509,4.018951,4.2389507,3.7689507,3.6489508,4.118951,3.5089507,3.6989508,3.068951,2.9589508,2.788951,2.9789507,2.7689507,2.318951,2.048951,2.2489507,2.3989508,2.4889507,1.8589509,1.9089508,2.0089507,2.2589507,1.1889508,1.8489509,1.5989509,1.5289508,-1.1310492
