wind_kz.json
{"header": {"discipline":0,"disciplineName":"Meteorological products","gribEdition":2,"gribLength":1025,"center":7,"centerName":"US National Weather Service - NCEP(WMC)","subcenter":0,"refTime":"2023-09-08T18:00:00.000Z","significanceOfRT":1,"significanceOfRTName":"Start of forecast","productStatus":0,"productStatusName":"Operational products","productType":1,"productTypeName":"Forecast products","productDefinitionTemplate":0,"productDefinitionTemplateName":"Analysis/forecast at horizontal level/layer at a point in time","parameterCategory":2,"parameterCategoryName":"UnknownDiscipline_0_Category_2","parameterNumber":2,"parameterNumberName":"UnknownParameter_D0_C2_2","parameterUnit":"Unknown","genProcessType":2,"genProcessTypeName":"Forecast","forecastTime":180,"surface1Type":103,"surface1TypeName":"Specified height level above ground","surface1Value":10.0,"surface2Type":255,"surface2TypeName":"Missing","surface2Value":0.0,"gridDefinitionTemplate":0,"gridDefinitionTemplateName":"Latitude_Longitude","numberPoints":615,"shape":6,"shapeName":"Earth spherical with radius of 6,371,229.0 m","gridUnits":"degrees","resolution":48,"winds":"true","scanMode":64,"nx":41,"ny":15,"basicAngle":0,"lo1":47.0,"la1":41.0,"lo2":87.0,"la2":55.0,"dx":1.0,"dy":1.0}, "data":
[rows 0 to 14 of 15, columns 0 to 40 of 41]
0.15770996,1.37771,-2.24229,2.21771,3.1377099,3.3777099,3.15771,-0.36229002,-2.3622901,-4.03229,-4.80229,-5.04229,-5.30229,-5.59229,-5.32229,-5.12229,-4.56229,-6.5022902,-6.03229,-4.07229,-0.75229,0.95770997,2.50771,3.09771,0.94771,1.5877099,4.37771,4.82771,0.88771,2.28771,-0.59229004,-1.86229,-3.39229,-6.60229,-8.01229,-7.57229,-9.10229,-6.4822903,-5.65229,-4.04229,-3.69229
1.54771,-1.9422901,1.91771,1.64771,1.36771,0.55770993,-1.9222901,-1.40229,-3.98229,-4.7322903,-5.45229,-5.19229,-4.86229,-5.2322903,-4.95229,-4.59229,-4.9822903,-5.2522902,-4.4822903,-3.33229,-1.08229,-1.58229,1.4277099,3.70771,2.92771,-0.10229004,1.21771,2.75771,4.29771,3.65771,1.50771,1.88771,-1.47229,1.40771,-0.56229,-1.9322901,1.6777099,1.40771,2.17771,-1.74229,-1.64229
-1.95229,-1.46229,-1.08229,-0.43229005,-1.84229,-3.14229,-3.53229,-4.87229,-6.77229,-5.94229,-5.40229,-4.92229,-4.13229,-4.77229,-4.08229,-4.55229,-4.26229,-3.8522902,-3.34229,-2.44229,-1.4422901,1.2077099,-3.64229,-3.23229,0.48770997,0.41770995,1.00771,0.93771,3.58771,-0.17229004,2.44771,-2.31229,-0.53229004,1.04771,-2.22229,1.5677099,1.89771,0.057709962,-0.49229005,3.33771,3.92771
-2.8522902,-2.3622901,-2.28229,-1.85229,-2.53229,-3.47229,-3.46229,-4.22229,-4.69229,-5.21229,-4.42229,-4.33229,-4.2522902,-3.33229,-2.96229,-2.47229,-2.1022902,-0.61229,-0.06229004,-0.36229002,-0.56229,-3.80229,1.3177099,0.92770994,0.64770997,0.90770996,2.41771,1.59771,-1.0722901,-1.60229,1.27771,1.6977099,3.74771,2.55771,3.83771,3.41771,1.75771,2.45771,-2.55229,-4.44229,-3.89229
-1.0422901,-2.07229,-2.72229,-2.00229,0.89770997,1.46771,-1.0622901,-3.1222901,-3.29229,-2.90229,-2.76229,-3.70229,-3.6022902,-3.18229,-2.05229,0.06770996,1.48771,2.41771,2.80771,2.82771,2.58771,1.96771,2.15771,3.23771,4.09771,3.46771,1.40771,-1.96229,-1.61229,-2.48229,-2.1322901,-0.92229,2.53771,3.05771,-4.14229,-1.9422901,-0.14229004,-4.20229,-3.82229,-2.56229,-0.80229
-0.64229006,-0.66229004,-1.71229,-2.3622901,-1.48229,-5.59229,-5.69229,-4.84229,-3.1222901,-1.5422901,-1.84229,-1.33229,0.06770996,2.16771,3.3977098,1.75771,2.45771,3.19771,4.22771,3.91771,3.71771,2.76771,4.54771,4.33771,3.8677099,1.4277099,-0.65229005,-3.43229,-2.84229,-2.05229,-1.53229,-1.02229,0.027709961,0.70770997,2.25771,2.29771,-0.12229004,1.53771,1.63771,1.8377099,2.82771
0.85770994,-0.13229004,-0.43229005,-1.6622901,-3.51229,-3.18229,-0.89229006,-2.17229,-1.47229,3.42771,0.71770996,1.03771,2.23771,2.46771,1.1977099,2.3677099,4.12771,4.44771,3.28771,2.67771,2.78771,3.43771,3.20771,2.1277099,1.4577099,1.1877099,0.80770993,1.4477099,1.29771,2.05771,3.16771,3.75771,3.00771,3.54771,3.31771,2.51771,3.6377099,1.9277099,6.00771,2.16771,-1.95229
-3.3622901,-2.65229,-2.46229,0.66770995,-0.032290038,-0.47229004,-1.37229,0.90770996,0.95770997,-0.67229,1.90771,2.53771,0.07770996,1.75771,1.91771,2.79771,4.03771,4.11771,4.06771,4.36771,3.49771,3.58771,3.82771,3.1177099,2.8777099,2.72771,5.30771,2.99771,4.80771,4.54771,4.65771,3.57771,4.52771,3.71771,4.60771,4.88771,5.27771,2.80771,1.99771,0.77770996,1.27771
-3.69229,-2.93229,-1.11229,-0.37229005,-0.012290039,-0.012290039,-1.5622901,-1.99229,-0.21229003,-1.22229,-2.75229,-1.3222901,0.75771,1.35771,0.20770997,0.38770998,3.1377099,3.15771,3.47771,4.22771,3.78771,3.70771,3.58771,3.1377099,3.07771,3.05771,3.3677099,2.25771,2.85771,3.26771,1.9477099,0.65770996,-1.5522901,-0.50229,0.65770996,1.9477099,1.9577099,2.67771,3.01771,1.3077099,3.34771
-3.43229,-3.1322901,-1.23229,-0.33229005,-1.6722901,-2.28229,-1.96229,-2.14229,-2.67229,-3.1022902,-2.15229,-1.0522901,-0.43229005,-1.11229,-0.93229,-0.68229,0.23770995,1.39771,5.38771,4.03771,6.52771,2.69771,4.62771,4.75771,3.58771,1.6877099,1.52771,2.3877099,1.66771,1.35771,0.80770993,0.78770995,0.22770996,1.4577099,1.84771,0.04770996,1.60771,-0.20229004,2.04771,1.28771,-0.21229003
-3.3722901,-2.44229,-4.44229,-6.24229,-5.31229,-5.31229,-4.53229,-3.89229,-3.64229,-3.18229,-4.03229,-2.30229,-2.47229,-2.95229,-1.84229,-2.28229,-1.1722901,-4.42229,-5.63229,-5.79229,-5.13229,-3.05229,-3.20229,-2.48229,-2.30229,0.43770996,0.057709962,0.98770994,0.19770996,-0.80229,0.057709962,2.18771,1.50771,0.45770997,2.01771,3.18771,-0.16229004,1.71771,-0.51229006,-0.64229006,1.21771
-5.51229,-4.52229,-4.80229,-4.90229,-3.90229,-3.14229,-2.71229,-1.8022901,-2.3722901,-2.90229,-3.01229,-3.40229,-3.1322901,-3.00229,-3.24229,-3.21229,-3.99229,-4.07229,-4.43229,-3.70229,-3.02229,-2.46229,-1.6722901,-0.77229005,-0.54229003,-1.6922901,-1.64229,-1.76229,-0.31229004,-0.73229,-2.57229,-1.97229,-1.00229,1.28771,0.82771,0.20770997,1.9477099,-0.012290039,-0.43229005,-0.35229003,-0.60229003
-3.1122901,-2.8622901,-2.53229,-2.23229,-2.6222901,-2.19229,-2.77229,-2.46229,-2.97229,-3.70229,-0.82229006,-3.64229,-1.89229,-4.54229,-3.59229,-3.94229,-3.83229,-2.71229,-0.26229003,-1.48229,-2.27229,-3.05229,-2.24229,-2.69229,-2.27229,-2.44229,-2.1122901,-1.15229,-2.82229,-2.57229,-1.59229,0.30770996,2.09771,2.6477098,0.42770997,-0.98229,-1.8022901,-0.63229007,-1.08229,-1.49229,-1.0722901
-0.64229006,-0.51229006,-0.19229004,-3.94229,-3.39229,-0.76229006,-0.67229,-1.2922901,-0.73229,-1.25229,-0.67229,-3.03229,-1.8022901,-3.75229,-3.57229,-3.29229,-2.77229,-1.62229,-2.1122901,-3.40229,-2.97229,-4.31229,-4.40229,-4.7522902,-4.70229,-4.62229,-4.27229,-3.66229,-2.77229,-1.75229,-1.11229,-1.02229,-0.59229004,-1.0622901,-0.61229,-0.85229003,-1.09229,-0.96229005,-0.49229005,-1.12229,-1.11229
-0.46229005,-2.68229,-3.41229,-2.29229,-1.37229,-0.62229,-0.49229005,-1.6722901,-2.27229,-2.21229,-2.54229,-2.3822901,-2.06229,-1.87229,-2.65229,-2.53229,-2.22229,-2.59229,-2.28229,-2.46229,-4.18229,-4.90229,-4.67229,-4.76229,-4.56229,-3.94229,-4.34229,-5.16229,-3.31229,-1.99229,-1.27229,-1.98229,-3.55229,-3.70229,-3.48229,-3.45229,-3.19229,-2.8722901,-2.33229,-1.9322901,-0.28229004
