wind_kz.json
{"header": {"discipline":0,"disciplineName":"Meteorological products","gribEdition":2,"gribLength":1025,"center":7,"centerName":"US National Weather Service - NCEP(WMC)","subcenter":0,"refTime":"2023-08-06T12:00:00.000Z","significanceOfRT":1,"significanceOfRTName":"Start of forecast","productStatus":0,"productStatusName":"Operational products","productType":1,"productTypeName":"Forecast products","productDefinitionTemplate":0,"productDefinitionTemplateName":"Analysis/forecast at horizontal level/layer at a point in time","parameterCategory":2,"parameterCategoryName":"UnknownDiscipline_0_Category_2","parameterNumber":3,"parameterNumberName":"UnknownParameter_D0_C2_3","parameterUnit":"Unknown","genProcessType":2,"genProcessTypeName":"Forecast","forecastTime":60,"surface1Type":103,"surface1TypeName":"Specified height level above ground","surface1Value":10.0,"surface2Type":255,"surface2TypeName":"Missing","surface2Value":0.0,"gridDefinitionTemplate":0,"gridDefinitionTemplateName":"Latitude_Longitude","numberPoints":615,"shape":6,"shapeName":"Earth spherical with radius of 6,371,229.0 m","gridUnits":"degrees","resolution":48,"winds":"true","scanMode":64,"nx":41,"ny":15,"basicAngle":0,"lo1":47.0,"la1":41.0,"lo2":87.0,"la2":55.0,"dx":1.0,"dy":1.0}, "data":
[rows 0 to 14 of 15, columns 0 to 40 of 41]
-0.21854675,-2.5885468,2.1114533,-0.96854675,-3.4285467,-4.3285465,-3.1285467,-3.5685468,-2.1685467,1.0414532,2.1914532,1.8814533,-0.53854674,-2.3585467,-2.5685468,-2.3585467,-1.9985467,-2.0485468,1.2214532,0.26145324,-0.76854676,1.7114532,1.5814532,-0.60854673,-1.2485467,-3.0585468,-2.3085468,1.2714533,1.3414532,-0.8785468,-2.0385468,-0.90854675,0.31145325,-1.0985467,-1.6385467,-2.3685467,-2.1585467,-1.5685468,-2.0985467,-0.6185467,-3.6485467
3.4514532,1.6414533,3.4214532,-0.21854675,-3.3785467,-4.1285467,-3.9185467,-3.8385468,-3.5485468,2.1714532,2.8714533,0.71145326,-1.9885467,-2.2385468,-2.9785469,-3.2285469,-1.9985467,-1.7685467,-2.4885468,-2.0885468,-1.1685468,2.3814533,3.8014534,2.6914532,1.6814532,0.18145324,-2.0985467,1.6514533,0.46145326,2.4414532,2.4314532,2.2614532,-1.1585468,-1.6785468,-3.0185468,-2.0085468,-2.9685469,-5.158547,-2.9485466,-2.0985467,0.86145324
2.5414534,5.5014534,3.9814532,-1.0885468,-3.3585467,-3.4485466,-3.9385467,-3.4685469,-4.068547,-3.8585467,2.1714532,1.9414532,-0.84854674,-1.4085468,-2.3085468,-2.2085466,-1.6785468,-1.5785468,-1.1985468,-2.0385468,-3.0685468,-3.0385468,2.3814533,1.7514533,2.4414532,1.5914532,2.0614533,1.0514532,-0.14854676,2.8414533,3.7114532,1.3614533,1.8414532,-0.85854673,0.15145324,2.2514532,3.1614532,0.5014532,-0.27854675,-1.4185468,-1.8485467
3.2414532,4.341453,3.0714533,-0.59854674,-2.2285469,-1.7985468,-3.2185469,-3.7885468,-3.7385468,-4.2685466,-1.9985467,1.2414533,1.0714532,-0.38854676,-1.1285467,-1.7685467,-1.4285468,-1.5385468,-1.6985468,-2.4885468,-2.1885467,-0.46854675,1.9414532,1.2414533,1.8914533,1.1214533,1.3614533,-0.88854676,1.8414532,1.7314533,1.3114532,-0.34854674,-0.7385467,0.97145325,-0.048546754,-2.1985466,-0.24854675,2.4914532,3.4214532,1.5814532,0.021453246
3.3514533,4.321453,2.0714533,-0.13854675,-2.2485468,-2.3185468,-2.7785468,-0.69854677,-1.9085468,-3.3885467,-3.7185469,-0.44854677,0.36145324,1.6814532,0.21145324,-2.0285468,-3.0585468,-2.9685469,-1.7685467,-2.4285467,1.2514533,1.8514533,0.78145325,1.4814533,2.1514533,1.4214532,3.1914532,3.2314532,-0.27854675,0.29145324,4.0414534,2.3914533,2.8114533,2.5414534,-0.97854674,-0.77854675,-0.20854676,-0.8685467,0.64145327,2.0314531,1.5514532
3.0914533,2.6814532,-0.008546753,-1.7085468,-1.3485467,-3.6785467,-2.2685468,-2.3885467,-2.8885467,-3.2985468,-3.4385467,-2.8285468,-2.1385467,0.44145325,1.6014533,-0.39854676,-1.8785467,-3.5585468,-3.6985466,-1.7285467,2.5314531,3.3914533,3.0314531,2.3914533,2.1314533,2.8314533,2.7414532,4.5214534,1.5614532,-0.64854676,3.3114533,3.5214531,1.3714533,3.6314533,3.0014532,-2.1685467,2.3114533,-0.108546756,0.13145325,0.98145324,1.1914532
4.3514533,2.9414532,0.73145324,0.86145324,-1.3585467,-0.42854676,-0.44854677,-2.5485468,-3.2085466,-4.198547,-4.988547,-2.5385468,-0.15854675,2.1514533,2.8014534,1.8414532,0.65145326,-1.0585468,-2.4885468,-1.5885468,-2.6885467,0.80145323,3.5514534,1.9314532,2.0314531,2.5914533,0.20145325,0.45145324,-2.6585467,-1.7185467,-2.0385468,-1.4685467,1.1614532,2.6914532,0.45145324,-0.66854674,-2.3485467,1.1214533,0.72145325,1.0514532,1.8614533
3.5114532,3.5814533,2.4214532,1.6114533,-0.44854677,-1.9185468,-2.9485466,-2.8785467,-1.9885467,-3.6785467,-4.3285465,-4.8585467,-4.3585467,-1.7685467,-2.6185467,-3.9485466,-0.15854675,-0.47854674,-1.4085468,1.0914532,0.95145327,0.71145326,0.28145325,1.2214532,3.2814531,2.9714532,2.3614533,-1.0885468,-0.75854677,-1.4085468,-0.40854675,-1.6685468,-0.17854676,1.9914533,-0.078546755,-0.9385468,0.97145325,-0.25854674,0.64145327,0.67145324,-1.1285467
3.1414533,3.1714532,1.2714533,1.0214533,0.011453247,-1.5385468,-2.7785468,-2.5485468,-3.0485468,-2.9085467,-3.5285468,-2.3285468,-3.4685469,-3.7085466,-3.3285468,-3.4685469,-1.3285468,-1.2285467,0.021453246,1.4914533,3.0014532,0.011453247,1.0314533,1.0914532,0.19145325,1.3514533,0.95145327,1.0914532,0.6814532,-0.91854674,-2.6385467,-1.5185467,-0.91854674,2.0914533,2.7114532,2.1514533,-0.9285467,1.8014532,1.6814532,1.0114533,0.42145324
1.0614532,0.27145326,1.6114533,0.09145325,-1.7385467,-2.3085468,-3.4385467,-3.4585466,-3.1285467,-2.2685468,-1.4685467,-2.2185469,-2.2785468,-3.0785468,-3.9085467,-3.3185468,-3.0885468,-2.7385468,-2.6085467,2.2614532,2.1114533,2.6014533,1.6214533,0.73145324,0.9414532,1.1114533,-0.20854676,0.77145326,-0.50854677,-1.3385468,-1.2985468,-1.2385467,0.08145325,-0.63854676,0.32145324,-0.72854674,0.11145325,-0.69854677,1.5714532,2.1014533,1.0914532
-1.4185468,-0.41854677,1.0114533,-0.96854675,-2.2485468,-1.8385468,-2.3985467,-2.9785469,-3.6985466,-4.218547,-2.8585467,-1.7385467,-2.8985467,-3.6085467,-5.118547,-4.818547,-3.5985467,-3.7485468,-0.018546753,0.6314533,-1.8485467,1.7114532,-1.2685467,-0.018546753,-0.54854673,0.5614532,0.041453246,-0.15854675,-1.4985467,-2.2885468,0.08145325,-1.5385468,-1.6385467,-2.1385467,0.27145326,1.0014533,0.89145327,-0.19854675,0.26145324,1.4714532,0.9414532
-1.7485467,-2.8385468,-1.8685467,-1.3585467,-1.0785468,-2.4085467,-3.1985466,-2.8785467,-3.2185469,-2.2085466,-1.8785467,-3.0185468,-4.258547,-3.8785467,-4.0585465,-3.9385467,-3.1885467,-5.488547,0.35145324,0.7614533,1.6714532,1.4514532,0.67145324,0.40145326,0.46145326,-0.52854675,0.5714533,1.2914532,-0.16854675,-0.6885468,-2.2585468,-2.4985468,-1.9785467,-1.3285468,-0.42854676,-1.3185468,0.83145326,1.6814532,1.3514533,1.3014532,0.5714533
-0.9885467,-2.1085467,-2.4385467,-1.4485468,-1.3685467,-1.3785467,-2.6685467,-3.1785467,-3.3385468,-2.4085467,-0.91854674,-1.4385468,-3.4085467,-3.8985467,-3.6785467,-3.2885468,-3.3085468,-5.138547,-0.22854675,-0.108546756,1.1114533,1.0614532,0.64145327,0.42145324,-0.37854674,-1.6685468,-2.0485468,0.55145323,-0.64854676,1.1614532,-0.72854674,-1.4085468,-2.1285467,-1.3085468,-0.58854675,-0.32854676,-1.1885468,-0.41854677,0.39145324,-0.26854676,0.29145324
-0.50854677,-2.2185469,-2.4585466,-1.6785468,-2.0785468,-2.5285468,-3.5285468,-4.0385466,-2.9085467,-2.6885467,-0.54854673,-1.0285468,-1.8285468,-3.1785467,-4.0385466,-5.4985466,-8.058547,-5.2685466,-1.6985468,-1.2085468,-0.64854676,-0.048546754,-0.97854674,-1.4385468,-1.6485467,-2.2585468,-1.5285468,-2.2385468,-2.9185467,-2.0285468,-0.25854674,-1.6085467,-1.6385467,-1.9485468,-2.2985468,-2.4085467,-2.2885468,-0.7485468,-0.33854675,0.84145325,0.55145323
-0.76854676,-1.2685467,-2.9085467,-2.2285469,-2.6985466,-2.3885467,-2.7985468,-2.8685467,-3.6085467,-3.6985466,-2.3985467,-2.5085468,-0.22854675,-1.8285468,-3.2485468,-5.138547,-5.428547,-3.9085467,-3.1085467,-1.4985467,-1.2685467,-1.7485467,-2.2285469,-2.8285468,-3.1485467,-2.6185467,-2.5285468,-2.6985466,-2.7085466,-2.7885468,-2.7385468,-2.3785467,-1.8685467,-2.4885468,-2.4785469,-2.5385468,-1.6985468,-1.2985468,-0.70854676,-0.08854675,0.35145324
