wind_kz.json
{"header": {"discipline":0,"disciplineName":"Meteorological products","gribEdition":2,"gribLength":948,"center":7,"centerName":"US National Weather Service - NCEP(WMC)","subcenter":0,"refTime":"2024-02-03T12:00:00.000Z","significanceOfRT":1,"significanceOfRTName":"Start of forecast","productStatus":0,"productStatusName":"Operational products","productType":1,"productTypeName":"Forecast products","productDefinitionTemplate":0,"productDefinitionTemplateName":"Analysis/forecast at horizontal level/layer at a point in time","parameterCategory":0,"parameterCategoryName":"UnknownDiscipline_0_Category_0","parameterNumber":0,"parameterNumberName":"UnknownParameter_D0_C0_0","parameterUnit":"Unknown","genProcessType":2,"genProcessTypeName":"Forecast","forecastTime":0,"surface1Type":1,"surface1TypeName":"Ground or water surface","surface1Value":0.0,"surface2Type":255,"surface2TypeName":"Missing","surface2Value":0.0,"gridDefinitionTemplate":0,"gridDefinitionTemplateName":"Latitude_Longitude","numberPoints":615,"shape":6,"shapeName":"Earth spherical with radius of 6,371,229.0 m","gridUnits":"degrees","resolution":48,"winds":"true","scanMode":64,"nx":41,"ny":15,"basicAngle":0,"lo1":47.0,"la1":41.0,"lo2":87.0,"la2":55.0,"dx":1.0,"dy":1.0}, "data":
[rows 0 to 14 of 15, columns 0 to 40 of 41]
283.3746,273.8746,275.57462,280.7746,280.7746,282.17462,284.8746,287.4746,283.9746,283.4746,281.3746,280.07462,278.07462,277.07462,277.17462,276.67462,276.57462,275.4746,278.8746,277.9746,278.3746,276.8746,276.67462,271.67462,274.2746,275.3746,268.57462,260.2746,258.3746,257.3746,258.67462,252.97461,260.17462,269.07462,269.9746,270.17462,269.17462,268.9746,269.2746,268.2746,269.17462
260.8746,277.7746,280.3746,280.07462,280.7746,281.3746,285.3746,283.07462,283.07462,283.4746,283.3746,278.07462,276.17462,279.2746,272.7746,271.8746,275.7746,273.4746,274.9746,273.57462,274.57462,274.8746,272.3746,266.4746,256.7746,259.3746,260.3746,255.1746,253.77461,250.57462,257.2746,243.8746,258.07462,235.57462,244.1746,260.3746,266.3746,268.07462,267.4746,261.57462,265.7746
276.67462,279.17462,280.17462,280.3746,280.57462,278.67462,276.17462,276.3746,276.8746,280.57462,280.9746,274.7746,275.4746,275.3746,269.57462,268.8746,271.07462,270.3746,271.2746,271.57462,272.2746,271.8746,271.7746,264.57462,268.07462,265.2746,264.17462,264.67462,267.07462,259.67462,251.57462,251.8746,255.07462,252.6746,250.8746,257.2746,251.07462,249.6746,249.3746,249.3746,246.47461
275.3746,276.17462,277.8746,279.17462,278.8746,276.17462,274.2746,273.57462,275.9746,274.17462,275.17462,274.07462,281.17462,281.7746,272.4746,269.17462,270.4746,269.4746,267.4746,270.17462,270.57462,264.67462,268.9746,266.4746,267.3746,268.07462,268.8746,268.67462,263.67462,262.4746,260.07462,261.67462,270.17462,260.4746,258.3746,261.9746,248.97461,247.27461,256.4746,255.57462,257.07462
276.8746,272.9746,271.67462,273.2746,274.3746,275.4746,275.3746,277.8746,274.9746,273.3746,273.17462,273.8746,279.17462,279.07462,278.3746,272.2746,270.4746,270.07462,269.17462,264.8746,265.17462,265.57462,263.67462,263.8746,264.67462,264.7746,264.8746,263.57462,267.07462,266.07462,266.57462,263.7746,255.47461,244.27461,254.27461,256.8746,261.7746,256.7746,256.7746,256.67462,258.7746
275.9746,276.17462,273.07462,272.7746,271.8746,272.2746,274.57462,273.8746,274.07462,274.4746,273.4746,273.2746,278.2746,279.2746,273.67462,273.3746,271.4746,270.4746,268.8746,268.07462,264.17462,261.9746,263.07462,262.7746,262.57462,261.3746,262.07462,263.57462,262.17462,262.9746,262.57462,265.3746,258.7746,261.8746,260.2746,263.17462,257.67462,257.9746,254.6746,254.6746,256.8746
273.3746,274.8746,275.67462,275.8746,274.07462,274.9746,274.8746,273.8746,272.9746,273.17462,273.17462,273.17462,273.17462,272.67462,272.57462,272.7746,272.67462,271.3746,269.9746,268.9746,265.2746,261.2746,260.67462,261.67462,259.67462,258.7746,254.77461,257.07462,257.4746,259.2746,261.17462,262.4746,262.07462,261.67462,260.8746,260.9746,257.8746,254.77461,252.3746,250.6746,253.47461
273.67462,273.4746,273.07462,273.3746,273.57462,273.3746,272.7746,272.57462,271.67462,272.57462,272.67462,272.4746,272.3746,272.57462,272.57462,272.2746,272.7746,273.17462,271.17462,268.2746,266.17462,265.7746,260.8746,264.4746,262.67462,260.57462,260.67462,251.1746,248.97461,252.77461,256.67462,257.17462,258.17462,257.8746,257.2746,251.97461,254.07462,259.07462,261.57462,261.17462,254.97461
272.3746,272.3746,272.4746,271.57462,271.57462,271.67462,271.57462,272.67462,272.4746,271.2746,271.57462,271.67462,270.3746,270.4746,270.4746,270.9746,272.3746,273.17462,273.07462,270.07462,268.9746,266.3746,265.4746,265.07462,263.67462,263.9746,258.57462,258.07462,257.2746,255.3746,257.4746,258.4746,259.57462,262.7746,259.7746,258.3746,258.57462,253.77461,246.77461,246.77461,245.47461
269.3746,269.17462,269.2746,269.67462,269.67462,268.3746,268.8746,270.3746,270.67462,271.2746,270.4746,270.57462,269.07462,269.4746,270.8746,272.2746,272.7746,272.57462,272.67462,270.7746,269.4746,267.3746,267.2746,266.57462,266.07462,265.4746,263.67462,261.3746,261.9746,260.57462,262.8746,264.4746,264.8746,263.7746,261.3746,256.8746,258.8746,253.97461,247.77461,251.6746,247.47461
268.07462,267.07462,267.4746,267.2746,267.57462,267.07462,266.9746,268.4746,269.2746,270.57462,270.07462,269.67462,268.7746,270.07462,270.2746,269.8746,271.17462,273.07462,273.07462,271.57462,269.17462,269.07462,268.3746,267.2746,266.7746,265.8746,265.07462,264.8746,265.2746,266.2746,266.17462,266.3746,264.3746,264.7746,263.67462,259.2746,256.9746,254.57462,250.6746,255.6746,251.07462
268.4746,267.8746,267.17462,266.07462,265.3746,265.07462,265.07462,266.07462,267.7746,270.67462,269.8746,268.8746,268.7746,269.57462,268.7746,270.17462,270.2746,270.2746,271.3746,269.07462,269.9746,269.07462,268.2746,268.3746,266.8746,266.4746,266.2746,267.17462,267.57462,267.67462,267.4746,266.3746,265.07462,264.4746,263.3746,263.57462,261.3746,258.67462,258.67462,256.2746,258.4746
266.9746,266.4746,267.57462,267.57462,266.8746,267.17462,267.2746,266.07462,267.57462,268.17462,269.4746,267.7746,267.67462,270.4746,270.8746,269.3746,269.2746,268.57462,268.7746,268.67462,270.2746,268.8746,267.8746,267.57462,267.3746,268.07462,267.4746,267.4746,267.2746,267.3746,266.8746,265.9746,264.8746,264.7746,263.7746,262.9746,262.57462,263.57462,260.2746,256.8746,256.2746
267.8746,266.9746,267.3746,267.57462,267.8746,267.3746,267.4746,266.7746,267.67462,270.3746,269.8746,267.67462,267.17462,265.57462,267.07462,266.67462,265.67462,265.07462,266.57462,267.67462,269.4746,269.7746,268.7746,267.57462,267.2746,267.4746,267.07462,266.3746,265.57462,264.9746,264.4746,263.9746,263.3746,262.8746,262.67462,262.4746,263.07462,263.7746,261.4746,258.67462,255.27461
268.2746,265.2746,263.4746,267.3746,268.17462,268.07462,267.57462,267.57462,268.4746,271.17462,271.07462,269.2746,266.07462,265.3746,265.8746,264.7746,264.17462,263.17462,263.17462,263.3746,262.9746,262.4746,261.07462,260.07462,260.7746,260.8746,260.8746,261.3746,261.07462,261.8746,262.3746,262.4746,262.3746,262.2746,262.3746,262.2746,262.8746,262.57462,261.57462,261.4746,260.4746
