wind_kz.json
{"header": {"discipline":0,"disciplineName":"Meteorological products","gribEdition":2,"gribLength":1025,"center":7,"centerName":"US National Weather Service - NCEP(WMC)","subcenter":0,"refTime":"2023-08-21T18:00:00.000Z","significanceOfRT":1,"significanceOfRTName":"Start of forecast","productStatus":0,"productStatusName":"Operational products","productType":1,"productTypeName":"Forecast products","productDefinitionTemplate":0,"productDefinitionTemplateName":"Analysis/forecast at horizontal level/layer at a point in time","parameterCategory":2,"parameterCategoryName":"UnknownDiscipline_0_Category_2","parameterNumber":2,"parameterNumberName":"UnknownParameter_D0_C2_2","parameterUnit":"Unknown","genProcessType":2,"genProcessTypeName":"Forecast","forecastTime":60,"surface1Type":103,"surface1TypeName":"Specified height level above ground","surface1Value":10.0,"surface2Type":255,"surface2TypeName":"Missing","surface2Value":0.0,"gridDefinitionTemplate":0,"gridDefinitionTemplateName":"Latitude_Longitude","numberPoints":615,"shape":6,"shapeName":"Earth spherical with radius of 6,371,229.0 m","gridUnits":"degrees","resolution":48,"winds":"true","scanMode":64,"nx":41,"ny":15,"basicAngle":0,"lo1":47.0,"la1":41.0,"lo2":87.0,"la2":55.0,"dx":1.0,"dy":1.0}, "data":
[rows 0 to 14 of 15, columns 0 to 40 of 41]
1.4610889,0.9810889,0.43108886,3.421089,2.4910889,0.40108886,-3.6689112,-4.0989113,-4.378911,-1.7989111,-3.328911,-2.6989112,-1.9089111,0.74108887,4.521089,5.001089,3.7510889,4.141089,2.151089,1.1110889,1.7310889,0.47108886,1.0210888,4.041089,-0.39891112,1.3310889,3.891089,3.4810889,0.50108886,1.8610889,2.171089,-2.1889112,-2.348911,-0.86891115,-1.2489111,-1.7589111,-3.5189111,-1.6189111,-0.61891115,-0.7089111,-0.87891114
0.49108887,-1.8489112,3.921089,1.7910888,0.52108884,0.57108885,-0.72891116,-1.7789111,-0.9689111,-0.47891113,-0.048911132,-2.9989111,-2.618911,-1.5089111,-1.0689111,1.6110889,5.431089,5.021089,4.081089,3.161089,2.121089,1.3610889,2.4910889,3.881089,0.30108887,-0.19891113,1.4010888,0.7910889,3.901089,1.7910888,0.0010888672,1.1510888,-1.5689111,1.6510888,-0.33891115,-1.0689111,0.39108887,-1.7189112,-2.328911,-1.3389112,0.051088866
1.9710889,3.8210888,1.8410889,2.2610888,2.7710888,3.171089,2.0210888,1.3010888,0.81108886,-1.7489111,-1.8289112,-2.1789112,-1.9889112,0.29108888,0.9110889,1.7610888,2.7910888,7.6710887,5.1510887,4.141089,2.3410888,3.721089,2.641089,4.141089,1.8210889,4.991089,3.3310888,2.391089,3.7710888,0.94108886,1.6610888,0.45108888,0.57108885,0.8410889,-1.0889112,2.3410888,1.4710889,-0.86891115,4.541089,3.8410888,-0.61891115
5.6510887,5.411089,3.7910888,2.7710888,5.4810886,6.411089,5.911089,4.091089,3.391089,0.011088867,-1.9689112,-2.308911,-1.4689112,0.10108887,2.381089,4.091089,3.671089,4.101089,6.031089,6.4210887,4.431089,5.601089,2.7710888,3.461089,5.2110887,4.9810886,5.041089,3.441089,7.6110888,1.4510889,-1.3489112,1.0910889,0.47108886,0.9210889,2.151089,3.3310888,3.371089,3.631089,-1.2389112,0.55108887,-1.5789112
6.891089,6.9610887,7.801089,7.571089,7.811089,8.771089,8.061089,8.331089,2.371089,-0.07891113,-0.9689111,-2.1989112,-0.7889111,0.16108887,2.5510888,3.7610888,5.1310887,4.9610887,4.6910887,6.341089,4.661089,5.9810886,6.601089,5.771089,6.041089,6.041089,6.7310886,3.8510888,6.121089,2.5210888,4.261089,1.7410889,3.631089,3.961089,-2.9389112,-0.8289111,-1.1389111,1.8810889,-0.11891113,1.3010888,1.7010889
4.291089,5.971089,4.581089,7.891089,8.221088,9.371089,7.841089,3.921089,-0.92891115,-2.4989111,-0.67891115,-0.61891115,-0.73891115,0.9010889,1.6110889,3.461089,4.301089,5.4210887,5.9210887,6.281089,6.791089,6.721089,6.221089,7.721089,6.431089,6.7110887,5.991089,-0.12891114,-1.4789112,-3.6989112,-0.46891114,-0.98891115,-1.4089111,-0.49891114,-0.6389111,2.4910889,5.571089,3.5810888,-0.9689111,-2.808911,-3.1489112
6.9610887,5.8810887,6.951089,6.291089,4.851089,5.791089,3.391089,-1.8889111,-3.6489112,-2.058911,-1.7189112,0.9010889,1.1010889,1.3010888,2.5010889,4.1510887,4.791089,4.801089,5.971089,6.931089,6.2310886,7.431089,7.1710887,6.701089,7.4610887,6.561089,5.141089,-0.6389111,-0.5389111,0.40108886,-0.16891113,0.22108887,0.14108887,-0.61891115,1.4710889,3.451089,2.2810888,-0.6389111,5.3610888,0.50108886,-1.9989111
6.6910887,6.011089,5.3810887,5.511089,2.941089,-1.6289111,-3.9589112,-2.1789112,2.141089,0.9210889,0.93108886,3.401089,2.0710888,2.5810888,2.451089,3.7710888,4.251089,4.7110887,4.331089,5.661089,7.001089,6.011089,4.851089,1.9310889,7.6110888,6.041089,6.531089,2.681089,5.3810887,5.8610888,3.871089,4.141089,2.411089,3.0710888,3.0310888,-0.61891115,0.22108887,0.28108886,3.5210888,2.6010888,4.3610888
5.641089,5.811089,5.6710887,3.2810888,1.4910889,0.6510889,0.18108886,0.071088865,1.0510888,1.0910889,1.9710889,2.5510888,1.9310889,-0.018911133,0.7810889,1.0910889,2.451089,3.471089,3.9810889,4.761089,6.9610887,8.1410885,8.021089,6.081089,1.3310889,2.941089,6.531089,6.681089,5.251089,6.371089,5.071089,5.721089,5.751089,2.7510889,2.9810889,1.9610889,1.0810889,2.2710888,2.2310889,0.31108886,2.3410888
3.151089,0.76108885,-2.5089111,-4.338911,-6.5389113,-5.718911,-2.2689111,-2.798911,-0.94891113,0.9710889,2.5810888,2.871089,1.2110889,-0.40891114,-0.5189111,-0.08891113,0.89108884,1.2910888,3.411089,5.531089,7.161089,8.091089,8.021089,5.871089,5.4410887,-1.7289112,4.1510887,3.721089,4.991089,9.381089,6.201089,7.081089,5.7110887,3.191089,1.5110888,-0.38891113,0.12108887,0.23108886,3.721089,1.3310889,-0.49891114
1.1910889,1.6210889,0.34108886,-1.2689111,-3.1489112,0.6710889,2.201089,2.8610888,2.471089,2.5210888,2.3010888,0.9710889,0.9110889,0.9010889,0.9010889,0.99108887,-0.50891113,-0.8489111,-0.08891113,0.6110889,1.6810889,5.871089,4.741089,2.691089,0.94108886,0.41108885,1.1710888,3.0310888,1.7710888,3.2810888,5.791089,5.851089,1.9010888,1.5310888,0.33108887,0.13108887,0.64108884,1.7010889,-0.25891113,0.5910889,1.2010889
1.2310889,0.26108888,-0.7889111,-0.74891114,-1.1189111,-1.0589111,0.061088867,0.69108886,1.6410888,2.9810889,2.8110888,1.6410888,2.2810888,2.3210888,0.63108885,0.77108884,0.6110889,-0.38891113,-2.788911,-2.348911,-0.73891115,-0.7189111,1.4310889,3.3210888,1.8910888,1.6410888,2.721089,3.621089,3.661089,3.7710888,1.1210889,5.471089,0.75108886,0.28108886,-0.9089111,0.29108888,0.6710889,-0.25891113,0.43108886,0.75108886,-0.47891113
1.8310889,-0.07891113,-1.5289111,-1.9689112,-1.8189111,-1.0989112,0.26108888,1.3310889,1.0510888,-1.4289111,-0.98891115,1.1010889,1.5710889,1.3510889,1.2710888,1.2010889,0.8410889,0.89108884,-0.26891112,-2.4089112,-1.8989111,-1.9489112,-0.07891113,0.21108887,1.4710889,1.0910889,2.2810888,0.9110889,2.4910889,1.5610889,4.6510887,3.621089,1.5810889,-0.36891115,-1.3189111,-1.4189111,-1.3289112,-0.8489111,-1.2189112,-1.6889111,-0.99891114
2.8010888,1.9810889,0.071088865,-1.1689111,-0.46891114,-0.7689111,-0.39891112,0.39108887,-0.34891114,1.1310889,1.5110888,1.9010888,0.6610889,0.6110889,-0.6389111,0.46108887,0.55108887,0.14108887,0.18108886,0.13108887,-0.8489111,-1.0589111,-1.0589111,-0.8989111,-1.3589112,-1.1489111,-1.3689111,-0.45891112,1.6110889,0.15108886,4.501089,3.1010888,1.4810889,0.62108886,-1.7989111,-1.2189112,-1.2189112,-0.68891114,-1.5489111,-0.068911135,-0.81891114
-0.6489111,-2.548911,-3.318911,0.38108885,1.2910888,-0.30891114,-1.6689111,-0.5389111,0.12108887,0.87108886,0.9110889,1.5510888,1.4510889,1.0610889,0.77108884,0.5910889,1.7010889,1.7410889,1.4110888,0.56108886,-0.008911133,-0.07891113,-1.3289112,-1.7189112,-1.5389111,-0.67891115,-0.49891114,0.46108887,1.3510889,1.1410888,1.8710889,1.3610889,3.3610888,2.181089,-0.7889111,-0.8989111,0.25108886,-0.108911134,-0.23891114,-1.0689111,-0.31891114
