wind_kz.json
{"header": {"discipline":0,"disciplineName":"Meteorological products","gribEdition":2,"gribLength":1025,"center":7,"centerName":"US National Weather Service - NCEP(WMC)","subcenter":0,"refTime":"2024-02-02T18:00:00.000Z","significanceOfRT":1,"significanceOfRTName":"Start of forecast","productStatus":0,"productStatusName":"Operational products","productType":1,"productTypeName":"Forecast products","productDefinitionTemplate":0,"productDefinitionTemplateName":"Analysis/forecast at horizontal level/layer at a point in time","parameterCategory":2,"parameterCategoryName":"UnknownDiscipline_0_Category_2","parameterNumber":2,"parameterNumberName":"UnknownParameter_D0_C2_2","parameterUnit":"Unknown","genProcessType":2,"genProcessTypeName":"Forecast","forecastTime":240,"surface1Type":103,"surface1TypeName":"Specified height level above ground","surface1Value":10.0,"surface2Type":255,"surface2TypeName":"Missing","surface2Value":0.0,"gridDefinitionTemplate":0,"gridDefinitionTemplateName":"Latitude_Longitude","numberPoints":615,"shape":6,"shapeName":"Earth spherical with radius of 6,371,229.0 m","gridUnits":"degrees","resolution":48,"winds":"true","scanMode":64,"nx":41,"ny":15,"basicAngle":0,"lo1":47.0,"la1":41.0,"lo2":87.0,"la2":55.0,"dx":1.0,"dy":1.0}, "data":
[rows 0 to 14 of 15, columns 0 to 40 of 41]
-0.12825195,-1.1182519,0.80174804,0.78174806,-0.66825193,0.11174805,1.211748,2.251748,-0.018251954,-0.07825195,-0.16825195,-1.198252,-1.7582519,-2.668252,-2.938252,-2.898252,-2.998252,-2.0482519,-3.648252,-3.908252,-3.918252,-1.578252,-1.2282519,-3.008252,-0.24825196,-2.2982519,-4.328252,-3.628252,1.3917481,0.71174806,-1.158252,2.4417481,-0.36825195,-0.058251955,-1.198252,-1.328252,-0.058251955,0.52174807,-0.50825197,-0.808252,-0.83825195
2.531748,0.53174806,-2.098252,-5.748252,-3.208252,-0.14825195,2.391748,1.7617481,2.371748,0.16174805,-1.2482519,-1.718252,-2.8182518,-2.588252,-2.418252,-3.588252,-3.668252,-3.398252,-2.898252,-3.868252,-3.138252,-2.518252,-0.868252,-4.378252,-0.64825195,1.221748,-1.558252,0.52174807,-3.718252,-2.2982519,0.05174805,-0.7982519,3.271748,-2.958252,0.23174804,0.16174805,-0.77825195,-0.028251953,-1.2482519,1.661748,-0.84825194
0.20174804,-2.248252,-1.968252,-1.778252,-0.088251956,-0.18825196,1.2417481,0.86174804,-1.338252,-1.298252,0.041748047,-1.6382519,-2.688252,-2.688252,-3.478252,-4.028252,-4.398252,-3.138252,-2.418252,-2.678252,-3.5382519,-4.538252,-3.7982519,-4.1782517,-0.48825195,-2.178252,-1.798252,-1.168252,-1.668252,-0.94825196,-1.8782519,2.511748,0.49174803,-0.13825196,0.38174805,-0.62825197,0.32174805,0.7017481,0.52174807,3.111748,2.4317482
-1.218252,-1.1382519,-0.90825194,0.77174807,-0.16825195,0.21174805,1.1517481,0.11174805,0.96174806,-0.058251955,-1.3682519,-2.448252,-2.378252,-3.3182518,-3.528252,-3.698252,-3.7882519,-3.588252,-3.108252,-2.998252,-1.7282519,-2.428252,-2.918252,-4.348252,-4.078252,-3.8082519,-2.498252,-4.438252,-1.918252,-0.69825196,-1.798252,-2.408252,-3.508252,-3.138252,-1.698252,-2.438252,-2.488252,3.151748,1.201748,-0.13825196,1.6517481
-0.09825195,-0.688252,-0.84825194,-0.76825196,0.30174804,-2.148252,-0.94825196,0.30174804,-1.528252,-0.82825196,-0.5482519,-1.428252,-1.538252,-2.218252,-3.158252,-3.268252,-3.678252,-3.968252,-3.858252,-5.228252,-5.938252,-4.898252,-4.748252,-4.158252,-3.708252,-3.458252,-4.008252,-2.0782518,-2.918252,-2.748252,-1.8682519,-1.1282519,-1.9882519,1.8817481,1.9917481,0.081748046,-0.58825195,-0.868252,0.19174805,0.13174805,1.091748
0.48174804,0.691748,0.751748,0.32174805,-0.51825196,-0.928252,-0.40825194,-0.81825197,-1.3682519,-0.64825195,-1.468252,-1.968252,-1.708252,-1.048252,-1.808252,-2.158252,-3.028252,-3.238252,-4.238252,-3.2882519,-3.948252,-3.0382519,-2.948252,-3.158252,-3.0682518,-3.018252,-1.418252,-1.068252,-1.3482519,-1.828252,-1.468252,-1.6182519,-1.148252,0.26174805,1.101748,-1.528252,2.271748,2.9217482,-0.22825195,-1.648252,-3.838252
2.2117481,1.7617481,1.1417481,0.90174806,0.9517481,1.171748,1.101748,0.37174806,-0.34825194,-0.49825194,-0.62825197,-0.83825195,-0.7382519,0.011748047,0.25174806,-0.47825196,-0.64825195,-1.298252,-2.148252,-2.3082519,-1.3582519,-1.1082519,-1.408252,-1.288252,-1.578252,-0.59825194,1.461748,1.691748,-0.018251954,-0.72825193,-0.72825193,-0.018251954,-0.25825197,0.18174805,-1.178252,-1.418252,-1.3782519,2.631748,1.311748,1.6317481,1.071748
2.001748,2.101748,2.341748,2.271748,1.551748,1.451748,0.83174807,-0.27825195,0.53174806,-1.0182519,-0.44825196,0.32174805,0.92174804,0.45174804,1.5217481,0.96174806,0.67174804,-0.40825194,-0.39825195,-1.0082519,0.9517481,0.96174806,1.331748,0.31174806,-0.058251955,0.48174804,2.561748,1.531748,2.981748,2.491748,1.971748,2.471748,-0.57825196,1.411748,2.1817482,1.5117481,-0.63825196,-0.06825195,-2.358252,-2.728252,-2.658252
2.371748,2.551748,2.1717482,1.921748,1.8817481,1.811748,1.4817481,0.7017481,-0.30825195,0.54174805,0.561748,0.22174805,2.651748,1.2417481,2.4317482,1.931748,2.011748,0.941748,1.571748,1.3917481,2.131748,1.601748,2.2117481,0.8917481,1.851748,2.1917481,2.9417481,3.101748,4.161748,3.101748,3.9317482,3.291748,4.441748,-0.30825195,1.211748,-1.068252,-0.28825197,-1.7682519,-0.32825196,1.541748,-1.838252
-3.718252,-3.988252,-2.968252,-3.878252,-3.0482519,-2.018252,0.31174806,0.43174803,0.47174805,0.91174805,1.3617481,2.531748,2.321748,1.7417481,2.541748,2.111748,2.241748,2.011748,1.821748,1.351748,4.421748,6.201748,3.641748,2.351748,3.291748,3.881748,4.5517483,5.8017483,5.441748,5.611748,2.351748,2.641748,1.331748,-0.5482519,-1.058252,-1.588252,-2.518252,-0.39825195,-2.198252,0.71174806,-1.5082519
-3.778252,-4.558252,-4.788252,-4.388252,-4.098252,-5.188252,-5.1782517,-4.138252,-3.018252,0.14174804,1.7517481,2.891748,1.2617481,3.491748,3.011748,2.821748,3.001748,3.831748,2.251748,3.531748,5.401748,5.171748,6.101748,5.081748,5.161748,4.711748,6.731748,5.811748,6.031748,1.6417481,1.461748,0.26174805,-1.3782519,-1.158252,-1.068252,-1.818252,-1.568252,1.221748,-1.308252,1.2717481,-1.4882519
-3.478252,-3.908252,-3.728252,-4.008252,-3.508252,-4.088252,-4.888252,-4.628252,-2.638252,-2.888252,-2.278252,-1.068252,0.5117481,1.8817481,1.591748,2.021748,3.281748,3.831748,3.091748,4.601748,4.861748,5.641748,5.711748,5.711748,6.401748,6.911748,6.421748,6.251748,2.791748,-0.07825195,-1.3582519,-1.0082519,-1.218252,-2.188252,-0.31825197,0.24174805,-0.45825195,-0.77825195,-0.14825195,-0.50825197,-0.33825195
-3.198252,-3.248252,-2.348252,-3.108252,-3.028252,-2.908252,-3.5782518,-3.218252,-4.828252,-0.28825197,-0.808252,-2.2882519,-2.698252,-3.608252,-2.238252,-1.528252,-0.34825194,0.38174805,1.951748,3.571748,4.371748,5.041748,5.581748,5.531748,6.791748,6.191748,5.081748,1.5017481,-0.70825195,-2.008252,-1.8782519,-1.938252,-1.7582519,-1.5182519,-0.868252,-0.618252,-0.26825196,-1.058252,-1.1382519,-0.72825193,-0.998252
-0.77825195,-0.9882519,-0.42825195,-1.898252,-1.4982519,-1.578252,-2.468252,-2.428252,-0.69825196,-0.94825196,-1.028252,-0.36825195,0.30174804,-0.618252,0.55174804,0.821748,1.411748,2.131748,2.531748,3.261748,4.661748,5.0517483,6.231748,6.741748,6.011748,3.841748,0.26174805,-0.75825197,-2.458252,-2.478252,-2.468252,-1.8682519,-1.828252,-1.1282519,-1.338252,-1.4882519,-1.338252,-1.458252,-1.568252,-0.21825196,0.041748047
-1.048252,-0.07825195,0.42174804,-0.62825197,-0.21825196,-0.558252,0.20174804,-0.44825196,0.41174805,-0.50825197,-0.53825194,-0.72825193,0.49174803,2.051748,1.8817481,2.551748,3.151748,3.531748,3.561748,4.451748,5.3217483,5.8217483,5.481748,6.041748,5.251748,1.3617481,-0.72825193,-1.968252,-2.688252,-2.598252,-2.728252,-2.0582519,-2.098252,-1.028252,-0.59825194,-0.088251956,-1.1282519,0.18174805,-0.34825194,-0.048251953,-1.068252
