wind_kz.json
{"header": {"discipline":0,"disciplineName":"Meteorological products","gribEdition":2,"gribLength":1025,"center":7,"centerName":"US National Weather Service - NCEP(WMC)","subcenter":0,"refTime":"2024-02-02T06:00:00.000Z","significanceOfRT":1,"significanceOfRTName":"Start of forecast","productStatus":0,"productStatusName":"Operational products","productType":1,"productTypeName":"Forecast products","productDefinitionTemplate":0,"productDefinitionTemplateName":"Analysis/forecast at horizontal level/layer at a point in time","parameterCategory":2,"parameterCategoryName":"UnknownDiscipline_0_Category_2","parameterNumber":2,"parameterNumberName":"UnknownParameter_D0_C2_2","parameterUnit":"Unknown","genProcessType":2,"genProcessTypeName":"Forecast","forecastTime":180,"surface1Type":103,"surface1TypeName":"Specified height level above ground","surface1Value":10.0,"surface2Type":255,"surface2TypeName":"Missing","surface2Value":0.0,"gridDefinitionTemplate":0,"gridDefinitionTemplateName":"Latitude_Longitude","numberPoints":615,"shape":6,"shapeName":"Earth spherical with radius of 6,371,229.0 m","gridUnits":"degrees","resolution":48,"winds":"true","scanMode":64,"nx":41,"ny":15,"basicAngle":0,"lo1":47.0,"la1":41.0,"lo2":87.0,"la2":55.0,"dx":1.0,"dy":1.0}, "data":
[rows 0 to 14 of 15, columns 0 to 40 of 41]
-0.6205585,-1.7205585,0.49944153,-0.2605585,-0.040558472,0.8794415,-3.7905586,-5.2405586,-6.4405584,-3.8505585,-4.6605587,-5.0505586,-5.0005584,-4.9405584,-4.6605587,-4.6805587,-3.4305584,-4.0105586,-6.2305584,-5.6805587,-4.2805586,-2.0705585,-1.1905584,-2.4705584,-0.5805585,-2.0905585,-4.2905583,-4.7105584,0.88944155,0.05944153,-1.9105585,2.0994415,0.25944152,0.20944153,0.8794415,1.8394415,1.9494416,1.9594415,1.8694415,1.5294415,1.4894415
2.1594415,0.19944152,2.5694416,1.7194415,2.8994415,-1.8405585,-3.0505586,-4.1405582,-4.5805583,-4.1505585,-4.3405585,-4.8205585,-4.1405582,-4.0005584,-3.5405586,-4.4705586,-4.3505583,-4.8205585,-4.2105584,-4.5605583,-4.0005584,-2.6005585,-1.5005585,-4.0805583,-0.9005585,0.9794415,-1.6705585,0.12944153,-3.5505586,-3.1005585,0.019441528,-1.3105584,2.3694415,-2.9905584,0.15944153,0.45944154,-0.27055848,1.2794415,0.8694415,1.1994416,0.20944153
1.0994415,2.9194415,4.7694416,6.6194415,2.8194416,-1.4605584,-4.3505583,-2.1705585,-5.5505586,-4.2405586,-3.1405585,-3.5305586,-3.2105584,-3.2605584,-2.9205585,-2.9805584,-3.4205585,-3.0805585,-3.0205584,-3.0305586,-2.4805584,-0.68055844,-2.7205584,-3.5005584,-1.0305585,-1.2505585,-1.3905585,-2.0805585,-2.5705585,-0.8305585,-2.2105584,3.1494415,-0.32055846,-0.32055846,0.90944153,-0.8105585,-0.6305585,0.42944154,0.43944153,0.39944154,2.5294416
-0.29055846,2.5494416,0.96944153,-2.3405585,-3.4605584,-3.0305586,-4.1305585,-3.0405586,-2.7605584,-2.8405585,-2.5605586,-2.9105585,-2.2505584,-3.1105585,-2.0005584,-1.8305584,-2.0705585,-1.7605585,-1.6305585,-0.8905585,-1.3005584,-1.7305585,-2.4105585,-3.2605584,-3.1205585,-2.8505585,-1.7505585,-2.0305586,-1.0905585,-3.6705585,-2.0805585,-6.8005586,-3.2805586,-2.1005585,-1.5905585,-2.9005585,-2.5405586,2.0494416,1.2294415,0.029441528,1.3194416
-1.3605585,-1.1505585,-0.07055847,-3.2005584,-4.9505587,-5.1505585,-3.8005586,-2.7405584,-2.9605584,-1.4205585,-1.6605585,-0.6505585,-1.2505585,-1.4005585,-1.8205584,-0.67055845,0.14944153,0.029441528,0.14944153,-5.5847166E-4,-1.7505585,-2.6805584,-3.0305586,-3.0805585,-2.7605584,-1.8705585,-3.1805584,-2.6505585,-4.0505586,-1.5005585,-1.8605585,-2.0205584,-3.3005586,0.8594415,2.6994414,-0.42055848,-1.4805585,-0.92055845,-0.8105585,-0.36055848,-2.2505584
-1.7205585,-0.22055846,-0.86055845,-1.4805585,-2.6405585,-2.6005585,-2.3905585,-2.2105584,-1.8705585,-1.8005584,-1.4505584,-1.3805585,-1.0305585,-0.91055846,-0.34055847,0.9994415,1.2194415,1.1894416,0.81944156,1.3894415,-0.17055847,0.39944154,-0.73055845,-1.9305584,-2.5505586,-3.4205585,-2.6905584,-3.4705584,-3.1105585,-3.6605585,-3.3905585,-2.8505585,-4.0605583,-2.6005585,-0.42055848,-6.8205585,0.06944153,-3.3005586,1.5294415,-1.3305584,-2.9805584
2.5994415,1.6894416,0.06944153,0.0094415285,0.25944152,-0.37055847,-0.9005585,-1.5305585,-1.6805584,-1.3905585,-1.8205584,-1.3605585,-0.43055847,0.09944153,0.34944153,1.6594415,1.5894415,1.6994416,0.26944152,-0.28055847,1.3394415,1.1394415,0.24944153,-0.42055848,-1.8905585,-3.3605585,-1.0305585,-1.9205585,-1.9305584,-3.0205584,-2.9005585,-3.1005585,-1.4605584,-3.9605584,-3.9905584,-1.6005585,-1.0705584,3.5294416,-3.0705585,2.2794416,0.42944154
3.0294416,3.1294415,2.2094414,1.7094415,0.6294415,0.49944153,-0.09055847,-0.8305585,-0.54055846,-1.3705585,-0.86055845,0.0094415285,1.1494415,1.0894415,1.9194416,1.8894415,1.4594415,0.83944154,0.18944153,-0.030558472,1.4794415,1.2794415,1.6294415,0.13944153,-0.08055847,-0.59055847,0.7894415,-1.9305584,0.7394415,-0.17055847,-0.92055845,-2.0205584,-2.7105584,1.9494416,-1.8805585,0.81944156,0.44944152,-2.9905584,-7.8205585,-7.8905582,-2.9205585
2.9794416,3.0794415,2.6894414,2.9194415,2.3694415,1.7994416,0.94944155,0.109441526,-1.0205585,0.77944154,-0.09055847,0.34944153,1.7894416,1.0594416,0.90944153,1.2194415,0.36944154,0.57944155,1.1294415,1.0294415,2.2994416,2.4094415,2.1894414,2.1894414,3.6794415,2.6294415,2.3094416,0.9994415,3.2694416,1.1894416,4.1094418,1.7794415,6.5694413,0.63944155,-3.1305585,-3.8405585,0.95944154,-1.2105584,-1.4505584,0.76944155,-1.8905585
2.9794416,2.9994416,3.4794416,2.3094416,1.5294415,1.1694416,0.63944155,0.42944154,0.43944153,1.0994415,1.9194416,1.9394416,1.2394415,0.16944152,0.82944155,0.8494415,1.0794415,1.1594415,1.3794415,1.5094415,3.5694416,5.1294417,3.9694414,3.7094414,4.3794417,4.6194415,5.7294416,6.0794415,6.4894414,4.6794415,6.1894417,6.9894414,4.9994416,2.3694415,-1.4705585,-1.1405585,-2.9905584,-0.68055844,-1.1005585,1.0894415,-1.8105584
3.9994416,4.4494414,2.9494414,1.2994416,0.71944153,0.11944153,-0.11055847,-0.02055847,-0.55055845,-0.9605585,0.12944153,0.63944155,-0.6505585,0.37944153,0.52944154,1.2294415,1.6294415,2.0094416,1.1594415,3.9494414,5.0194416,3.5594416,5.5694413,5.2894416,4.9294415,6.2994413,7.0194416,7.2594414,8.969441,7.4094415,10.869441,7.2294416,3.3894415,1.7594415,1.2494415,0.49944153,-0.030558472,0.109441526,-0.99055845,0.9394415,-1.2205585
4.1494417,4.3094416,3.5294416,1.7994416,0.46944153,-0.54055846,-0.99055845,-1.3605585,-1.4305584,-2.3705585,-1.6905584,0.7894415,0.17944153,1.2494415,2.2494416,2.0894415,2.8594415,3.0294416,0.57944155,2.4094415,2.6794415,3.5294416,4.0794415,5.7494416,6.9494414,6.6694417,7.9594417,6.1894417,7.5994415,8.809442,8.449442,8.349442,4.8994417,4.3994417,3.1594415,4.9494414,7.2094417,5.8794417,0.11944153,0.029441528,-0.5105585
4.5694413,5.2494416,3.9094415,2.3394415,1.4294416,-0.92055845,-0.97055846,-0.9605585,-1.9805585,-1.9405584,-1.0005585,0.70944154,1.1994416,2.2594416,2.6394415,3.1394415,2.0594416,2.4194415,1.8794415,2.9894416,2.7094414,4.1994414,5.2994413,5.8894415,5.8394413,4.1694417,4.9294415,5.2094417,6.4694414,7.7294416,7.7094417,8.129441,7.3194413,5.7194414,6.0994415,5.8894415,6.9094415,5.5594416,8.869442,2.3894415,1.0494416
5.1394415,4.2094417,2.7894416,1.0394416,-0.7005585,-2.1805584,-1.1005585,-1.1705585,-1.4205585,-0.91055846,-0.74055845,-0.73055845,1.9694415,2.4894416,3.7894416,3.3794415,3.3494415,3.3494415,2.2594416,4.2894416,4.1694417,4.5994415,5.2794414,5.3294415,5.6994414,5.8994417,3.9294415,4.8594418,5.9494414,6.8894415,6.7894416,6.6394415,8.479442,7.6094418,6.6194415,7.1194415,5.7294416,6.5994415,6.5194416,5.1294417,5.2394414
-2.8305585,-4.1105585,-3.2205584,-3.5805585,-3.2205584,-1.9405584,-2.0105584,-0.98055845,-0.49055848,-0.16055848,-1.0305585,-0.33055848,0.26944152,1.4094415,2.4694414,2.6694415,4.0494413,4.7294416,4.3794417,5.3094416,5.3894415,6.0394416,5.8094416,6.2994413,6.3994417,6.1994414,5.8994417,5.4694414,6.2994413,6.9994416,7.6694417,8.789441,8.349442,7.5694413,8.129441,7.9994416,6.6394415,7.2794414,7.0794415,6.4194417,2.3594415
