wind_kz.json
{"header": {"discipline":0,"disciplineName":"Meteorological products","gribEdition":2,"gribLength":871,"center":7,"centerName":"US National Weather Service - NCEP(WMC)","subcenter":0,"refTime":"2023-08-28T00:00:00.000Z","significanceOfRT":1,"significanceOfRTName":"Start of forecast","productStatus":0,"productStatusName":"Operational products","productType":1,"productTypeName":"Forecast products","productDefinitionTemplate":0,"productDefinitionTemplateName":"Analysis/forecast at horizontal level/layer at a point in time","parameterCategory":0,"parameterCategoryName":"UnknownDiscipline_0_Category_0","parameterNumber":0,"parameterNumberName":"UnknownParameter_D0_C0_0","parameterUnit":"Unknown","genProcessType":2,"genProcessTypeName":"Forecast","forecastTime":180,"surface1Type":1,"surface1TypeName":"Ground or water surface","surface1Value":0.0,"surface2Type":255,"surface2TypeName":"Missing","surface2Value":0.0,"gridDefinitionTemplate":0,"gridDefinitionTemplateName":"Latitude_Longitude","numberPoints":615,"shape":6,"shapeName":"Earth spherical with radius of 6,371,229.0 m","gridUnits":"degrees","resolution":48,"winds":"true","scanMode":64,"nx":41,"ny":15,"basicAngle":0,"lo1":47.0,"la1":41.0,"lo2":87.0,"la2":55.0,"dx":1.0,"dy":1.0}, "data":
[rows 0 to 14 of 15, columns 0 to 40 of 41]
312.5389,298.63892,303.83893,299.23892,298.83893,297.83893,311.83893,318.73892,314.5389,315.23892,312.0389,312.0389,310.63892,309.5389,308.63892,308.0389,308.63892,309.13892,308.73892,307.5389,308.9389,302.83893,302.83893,299.23892,303.73892,304.13892,300.73892,286.73892,286.9389,284.9389,285.33893,279.23892,289.5389,298.23892,306.5389,305.9389,305.5389,306.0389,305.63892,307.0389,306.63892
293.13892,303.23892,299.0389,299.13892,298.9389,297.5389,318.33893,315.13892,313.33893,312.63892,313.4389,311.0389,309.33893,306.73892,306.5389,307.83893,309.13892,309.13892,307.5389,307.0389,306.33893,303.73892,301.23892,292.73892,285.63892,281.9389,292.33893,287.63892,289.63892,281.5389,288.4389,278.73892,289.33893,267.73892,286.13892,301.23892,298.83893,301.73892,306.83893,299.23892,287.73892
306.83893,298.13892,298.63892,298.73892,298.0389,314.13892,311.63892,311.73892,311.63892,310.5389,309.0389,310.33893,305.9389,304.83893,306.9389,307.33893,306.4389,306.0389,306.0389,305.9389,305.83893,303.5389,302.4389,296.23892,299.83893,298.23892,297.73892,296.63892,293.83893,285.4389,278.73892,281.83893,286.83893,287.4389,293.0389,289.63892,282.5389,283.9389,281.33893,280.83893,282.83893
307.33893,298.0389,298.63892,298.4389,301.13892,310.9389,311.0389,311.23892,311.33893,311.13892,308.9389,304.23892,294.5389,293.9389,303.23892,305.4389,305.23892,304.9389,304.9389,304.63892,302.33893,299.0389,302.4389,302.33893,302.33893,302.13892,302.23892,298.4389,296.73892,297.63892,297.0389,293.83893,299.83893,300.33893,299.9389,295.4389,283.5389,282.83893,285.5389,294.63892,295.63892
308.63892,297.0389,297.73892,297.13892,302.13892,309.4389,311.13892,312.73892,310.83893,309.13892,309.0389,305.5389,294.9389,293.63892,291.13892,304.63892,304.4389,301.9389,301.0389,301.9389,302.5389,302.5389,301.33893,301.13892,300.63892,300.9389,300.0389,298.5389,300.4389,300.33893,301.63892,298.4389,284.5389,278.13892,287.9389,297.5389,299.73892,304.4389,302.83893,302.4389,301.13892
312.73892,307.4389,295.63892,295.4389,296.23892,295.83893,311.83893,309.73892,308.73892,307.9389,307.5389,306.4389,297.0389,295.0389,298.0389,301.4389,303.23892,302.4389,300.83893,301.83893,300.83893,295.4389,295.63892,294.23892,293.0389,292.63892,297.5389,292.5389,300.13892,300.83893,298.5389,299.5389,296.5389,297.33893,295.5389,295.5389,288.73892,292.73892,300.83893,302.73892,300.63892
311.33893,310.9389,310.73892,311.33893,306.33893,310.13892,312.33893,310.9389,310.4389,310.13892,309.33893,306.0389,304.23892,304.33893,301.4389,299.63892,299.9389,299.63892,299.33893,296.4389,295.0389,296.4389,294.33893,294.23892,290.73892,291.13892,291.23892,295.33893,296.33893,297.9389,296.9389,297.13892,297.9389,297.23892,298.0389,297.0389,291.33893,287.4389,286.73892,285.63892,295.13892
310.33893,310.63892,310.0389,309.63892,310.73892,310.5389,310.4389,308.4389,308.33893,307.83893,306.13892,304.23892,304.33893,303.0389,300.4389,297.63892,295.83893,297.73892,296.0389,293.63892,290.9389,292.13892,294.0389,292.33893,288.33893,287.83893,286.13892,285.23892,290.73892,295.13892,294.4389,296.13892,294.83893,294.23892,294.5389,296.0389,297.33893,289.83893,298.73892,299.0389,293.63892
310.23892,309.13892,309.23892,309.4389,308.83893,308.83893,307.4389,307.0389,306.5389,305.9389,303.83893,303.0389,301.5389,302.13892,296.73892,299.0389,298.33893,295.9389,292.4389,294.4389,287.5389,291.33893,290.33893,288.23892,285.83893,288.13892,285.0389,286.13892,287.0389,286.0389,290.0389,291.9389,294.73892,295.73892,292.33893,292.33893,293.73892,294.4389,281.9389,282.63892,282.13892
311.0389,308.5389,308.33893,308.5389,308.23892,307.9389,306.13892,304.4389,304.13892,303.4389,301.4389,301.0389,300.73892,299.73892,293.0389,293.63892,296.0389,295.13892,293.23892,291.33893,290.13892,290.33893,290.0389,291.33893,289.9389,286.5389,285.23892,285.63892,288.0389,287.83893,289.83893,292.13892,295.83893,295.83893,294.23892,293.33893,291.5389,287.33893,285.23892,282.83893,281.0389
302.13892,306.23892,305.4389,302.63892,305.4389,305.5389,305.13892,304.13892,302.13892,301.0389,300.23892,299.83893,298.9389,297.13892,291.9389,292.63892,293.9389,290.5389,292.63892,287.5389,289.0389,290.9389,291.13892,290.0389,288.23892,289.63892,287.13892,292.33893,291.4389,291.83893,292.13892,294.0389,293.63892,294.63892,291.5389,292.13892,286.33893,285.5389,288.63892,285.5389,280.9389
305.5389,306.4389,308.0389,304.33893,304.23892,303.9389,301.5389,300.73892,300.83893,298.73892,297.0389,297.13892,296.23892,293.0389,290.4389,289.83893,289.33893,289.13892,288.9389,289.5389,287.33893,287.5389,288.83893,289.4389,287.5389,289.63892,290.0389,290.73892,291.13892,291.63892,290.23892,291.83893,290.63892,290.4389,287.83893,289.83893,291.5389,288.63892,287.23892,288.13892,289.0389
300.23892,303.63892,303.33893,304.63892,303.0389,300.0389,301.33893,301.33893,300.63892,297.73892,293.83893,293.23892,293.73892,290.13892,292.0389,288.9389,289.13892,288.13892,289.83893,287.4389,286.0389,287.13892,287.9389,288.73892,290.0389,287.73892,291.33893,292.13892,291.33893,289.4389,291.73892,289.9389,291.5389,293.73892,293.63892,290.4389,290.83893,290.83893,290.63892,290.33893,289.23892
304.4389,302.83893,297.13892,303.5389,302.83893,302.23892,300.33893,298.23892,298.83893,297.0389,292.73892,290.83893,291.5389,291.13892,292.0389,291.0389,288.73892,290.73892,292.0389,288.0389,286.4389,285.9389,288.5389,289.5389,289.9389,290.9389,290.13892,290.4389,292.4389,292.4389,290.63892,291.13892,289.9389,290.83893,290.9389,290.23892,289.83893,289.9389,289.9389,288.13892,289.33893
298.33893,301.13892,290.83893,302.13892,300.5389,298.73892,298.5389,298.23892,298.23892,297.4389,295.73892,292.73892,289.9389,291.4389,291.13892,290.9389,290.5389,291.0389,292.13892,290.4389,291.13892,286.9389,286.13892,287.4389,289.23892,288.13892,290.4389,290.13892,290.33893,292.13892,288.33893,286.63892,288.63892,288.23892,288.73892,289.4389,289.63892,288.9389,289.4389,290.13892,288.73892
