wind_kz.json
{"header": {"discipline":0,"disciplineName":"Meteorological products","gribEdition":2,"gribLength":1025,"center":7,"centerName":"US National Weather Service - NCEP(WMC)","subcenter":0,"refTime":"2023-08-20T18:00:00.000Z","significanceOfRT":1,"significanceOfRTName":"Start of forecast","productStatus":0,"productStatusName":"Operational products","productType":1,"productTypeName":"Forecast products","productDefinitionTemplate":0,"productDefinitionTemplateName":"Analysis/forecast at horizontal level/layer at a point in time","parameterCategory":2,"parameterCategoryName":"UnknownDiscipline_0_Category_2","parameterNumber":2,"parameterNumberName":"UnknownParameter_D0_C2_2","parameterUnit":"Unknown","genProcessType":2,"genProcessTypeName":"Forecast","forecastTime":0,"surface1Type":103,"surface1TypeName":"Specified height level above ground","surface1Value":10.0,"surface2Type":255,"surface2TypeName":"Missing","surface2Value":0.0,"gridDefinitionTemplate":0,"gridDefinitionTemplateName":"Latitude_Longitude","numberPoints":615,"shape":6,"shapeName":"Earth spherical with radius of 6,371,229.0 m","gridUnits":"degrees","resolution":48,"winds":"true","scanMode":64,"nx":41,"ny":15,"basicAngle":0,"lo1":47.0,"la1":41.0,"lo2":87.0,"la2":55.0,"dx":1.0,"dy":1.0}, "data":
[rows 0 to 14 of 15, columns 0 to 40 of 41]
-4.656839,-0.886839,2.8231611,4.593161,2.733161,2.503161,4.813161,6.223161,3.343161,3.363161,4.443161,4.903161,3.273161,2.883161,3.293161,2.473161,4.493161,1.853161,-1.826839,-4.966839,-3.776839,-2.436839,-0.806839,-1.376839,0.883161,-2.266839,-3.166839,-0.16683899,-0.566839,0.13316101,-0.736839,1.253161,0.02316101,-2.946839,-4.626839,-4.396839,-4.106839,-2.706839,-0.986839,-1.526839,1.323161
1.393161,2.653161,4.063161,2.053161,4.573161,3.043161,3.973161,0.613161,1.423161,6.613161,7.033161,4.323161,1.563161,3.313161,5.723161,2.553161,5.533161,1.423161,-8.526839,-4.426839,-3.556839,-3.126839,-1.306839,-2.6768389,-0.366839,0.473161,-1.646839,0.67316103,-4.636839,-2.216839,0.14316101,-0.146839,-1.946839,-1.2368389,-0.03683899,0.10316101,-0.01683899,0.813161,0.363161,1.303161,-1.906839
0.12316101,1.6331611,0.823161,2.533161,4.383161,4.123161,5.883161,7.653161,1.723161,3.693161,5.213161,5.133161,2.3231611,3.933161,5.033161,2.143161,-1.906839,-5.936839,-7.436839,-3.896839,-3.236839,-4.486839,-2.956839,-3.396839,-0.466839,-2.476839,-0.546839,1.693161,-3.046839,-0.57683897,-1.446839,2.083161,0.14316101,-0.336839,1.003161,-1.656839,0.34316102,0.743161,2.153161,2.743161,1.313161
-2.046839,-0.57683897,2.153161,1.273161,1.213161,-0.656839,3.123161,-3.046839,-0.0068389894,4.813161,-5.826839,-4.0468388,-1.296839,-1.436839,2.773161,-0.07683899,-2.396839,-6.036839,-5.5468388,-3.906839,-3.136839,-2.346839,-0.326839,-2.376839,-5.166839,-5.106839,-4.7968388,-6.696839,-4.5468388,-2.1768389,-2.096839,-1.296839,1.503161,0.613161,-3.106839,-1.766839,-1.716839,2.233161,0.503161,0.16316101,-1.226839
0.10316101,2.3231611,3.543161,2.793161,2.793161,-0.03683899,1.503161,-2.386839,-3.746839,-4.566839,-4.036839,-2.616839,-3.566839,-4.646839,-8.436839,-3.996839,-2.326839,-3.746839,-4.186839,-2.836839,-2.416839,-3.266839,-3.736839,-4.036839,-4.016839,-4.246839,-4.406839,-2.756839,-3.186839,-3.916839,-3.706839,-1.136839,-1.786839,1.643161,1.823161,0.863161,3.153161,0.993161,1.703161,-0.466839,-3.056839
0.98316103,3.063161,4.113161,6.053161,5.013161,4.273161,0.693161,0.453161,1.153161,0.743161,1.6331611,-0.16683899,1.183161,0.09316101,-1.446839,-3.856839,-3.526839,1.283161,-1.066839,-2.456839,-2.616839,-2.226839,-2.576839,-3.196839,-2.826839,-2.196839,-1.466839,-3.106839,-1.976839,-1.976839,-1.916839,-2.266839,-2.806839,-2.286839,-0.146839,-1.356839,1.083161,1.523161,5.323161,-3.1768389,-2.916839
-1.306839,0.713161,2.143161,-1.826839,0.743161,-1.816839,1.663161,-0.12683898,3.733161,3.883161,-2.596839,1.153161,2.623161,1.423161,3.593161,2.053161,1.953161,4.793161,0.573161,-3.276839,-1.006839,-0.0068389894,-1.396839,-0.28683898,0.353161,1.523161,0.523161,2.653161,2.633161,2.973161,1.613161,2.213161,4.2031612,-1.076839,-1.216839,-2.9268389,-1.256839,2.263161,0.24316101,1.233161,0.683161
-0.296839,-3.576839,-2.256839,-3.916839,-3.236839,-2.796839,-3.986839,-3.246839,-1.506839,-1.066839,-0.296839,-1.036839,-1.676839,-1.976839,-2.486839,-3.206839,-4.256839,-2.816839,-2.606839,-0.866839,2.333161,-2.726839,-0.95683897,-4.0468388,-3.736839,0.423161,-1.086839,-0.176839,1.333161,-2.386839,-1.946839,-0.536839,-3.136839,-0.866839,-2.156839,-0.596839,3.123161,3.763161,3.123161,2.973161,0.263161
-1.516839,-0.996839,-1.576839,-1.266839,-2.746839,-3.116839,-2.436839,-1.346839,-0.416839,0.16316101,-0.83683896,-1.596839,-2.476839,-3.096839,-6.066839,-5.246839,-5.106839,-3.146839,-4.006839,-3.286839,-4.586839,-3.666839,-3.466839,-2.746839,-0.24683899,0.79316103,2.513161,-0.43683898,-0.856839,-0.466839,-0.636839,-0.506839,1.103161,-1.026839,0.16316101,-0.40683898,0.893161,-1.3668389,-0.996839,0.723161,0.14316101
-1.146839,0.08316101,-0.556839,-1.856839,-2.796839,-3.476839,-2.886839,-2.156839,-1.026839,-1.726839,-1.166839,-0.426839,-3.196839,-3.026839,-3.716839,-3.726839,-4.116839,-3.856839,-3.156839,-2.726839,-4.226839,-2.836839,-1.756839,-2.326839,-4.116839,-4.466839,-6.586839,-2.646839,-0.606839,-2.206839,1.433161,-1.836839,-1.376839,0.24316101,0.333161,-0.396839,-1.906839,0.19316101,-1.306839,0.66316104,0.31316102
2.013161,-2.016839,-2.326839,-3.156839,-2.886839,-1.916839,-1.146839,-1.126839,-0.386839,-0.596839,1.1331611,2.033161,-1.316839,-6.016839,-5.836839,-5.866839,-5.346839,-3.496839,-3.876839,-3.256839,-5.286839,-3.686839,-2.396839,-2.056839,-1.266839,-2.916839,-3.406839,-2.906839,-5.436839,-1.026839,-1.856839,-4.086839,-4.306839,3.003161,2.333161,-1.716839,-1.556839,0.60316104,-0.40683898,1.403161,-0.64683896
-0.626839,-2.586839,-3.386839,-1.9868389,0.09316101,0.183161,-0.266839,0.283161,1.223161,0.02316101,0.08316101,-1.7368389,-4.176839,-4.176839,-3.696839,-3.856839,-3.476839,-3.836839,-3.536839,-3.686839,-2.846839,-2.656839,-2.906839,-2.136839,-1.026839,-1.466839,-2.616839,-1.206839,-0.796839,-2.786839,-1.266839,0.30316103,-0.306839,-0.606839,-0.676839,-0.526839,1.343161,2.393161,0.683161,0.20316102,-0.44683897
1.613161,-0.366839,-2.696839,-1.706839,0.09316101,0.423161,0.34316102,0.183161,-1.956839,-0.676839,-0.05683899,-1.186839,-2.006839,-3.276839,-3.046839,-2.106839,-3.216839,-3.106839,-2.936839,-2.976839,-2.696839,-1.806839,-0.986839,-1.006839,-1.266839,-1.686839,-4.266839,-3.506839,-4.006839,-2.526839,-1.876839,-0.25683898,0.823161,-0.206839,-0.22683899,-0.146839,0.973161,1.203161,1.713161,1.503161,-0.336839
-0.37683898,-1.566839,-2.696839,-2.456839,0.09316101,-2.666839,-2.366839,-2.416839,-0.11683899,0.553161,-0.37683898,-0.396839,-0.03683899,-0.25683898,-0.25683898,-2.066839,-2.696839,-2.566839,-3.106839,-2.106839,-1.406839,-1.6168389,-2.826839,-3.506839,-3.396839,-2.486839,-2.346839,-2.076839,-1.636839,-1.2368389,0.643161,0.85316104,1.023161,1.083161,1.663161,1.753161,2.193161,2.143161,1.153161,0.73316103,-0.676839
0.813161,-1.836839,-3.136839,-1.566839,-1.786839,-1.256839,-1.546839,-0.616839,1.073161,1.423161,1.093161,1.693161,-0.386839,0.683161,1.323161,0.893161,0.253161,-3.456839,-3.136839,-2.836839,-2.636839,-2.816839,-2.516839,-3.166839,-2.466839,-2.026839,-1.696839,-1.086839,-0.936839,-1.176839,-0.796839,0.17316101,1.1331611,1.463161,2.763161,3.733161,2.853161,2.443161,2.863161,-0.756839,-0.876839
