wind_kz.json
{"header": {"discipline":0,"disciplineName":"Meteorological products","gribEdition":2,"gribLength":871,"center":7,"centerName":"US National Weather Service - NCEP(WMC)","subcenter":0,"refTime":"2023-08-25T00:00:00.000Z","significanceOfRT":1,"significanceOfRTName":"Start of forecast","productStatus":0,"productStatusName":"Operational products","productType":1,"productTypeName":"Forecast products","productDefinitionTemplate":0,"productDefinitionTemplateName":"Analysis/forecast at horizontal level/layer at a point in time","parameterCategory":0,"parameterCategoryName":"UnknownDiscipline_0_Category_0","parameterNumber":0,"parameterNumberName":"UnknownParameter_D0_C0_0","parameterUnit":"Unknown","genProcessType":2,"genProcessTypeName":"Forecast","forecastTime":0,"surface1Type":1,"surface1TypeName":"Ground or water surface","surface1Value":0.0,"surface2Type":255,"surface2TypeName":"Missing","surface2Value":0.0,"gridDefinitionTemplate":0,"gridDefinitionTemplateName":"Latitude_Longitude","numberPoints":615,"shape":6,"shapeName":"Earth spherical with radius of 6,371,229.0 m","gridUnits":"degrees","resolution":48,"winds":"true","scanMode":64,"nx":41,"ny":15,"basicAngle":0,"lo1":47.0,"la1":41.0,"lo2":87.0,"la2":55.0,"dx":1.0,"dy":1.0}, "data":
[rows 0 to 14 of 15, columns 0 to 40 of 41]
295.82443,286.52444,291.92444,300.02444,299.72443,298.92444,299.02444,302.02444,301.02444,300.52444,299.12445,299.52444,299.22443,299.32443,298.92444,295.52444,295.22443,296.52444,295.32443,296.72443,296.32443,293.52444,290.42444,287.82443,290.62445,292.82443,290.12445,275.32443,274.32443,275.62445,276.52444,280.42444,287.62445,293.12445,294.02444,293.62445,293.32443,295.12445,295.12445,295.62445,295.52444
278.52444,291.12445,299.72443,299.92444,300.22443,298.92444,300.02444,300.12445,301.12445,298.62445,300.92444,299.72443,297.92444,295.92444,295.62445,295.02444,294.62445,293.12445,292.02444,292.92444,294.02444,296.22443,292.62445,286.22443,275.92444,275.72443,284.32443,274.32443,277.02444,272.82443,278.22443,271.92444,279.72443,260.52444,276.32443,291.02444,290.12445,292.42444,295.32443,287.62445,283.92444
291.42444,299.42444,300.12445,300.22443,299.02444,295.92444,296.42444,296.32443,295.32443,295.22443,295.52444,296.62445,295.22443,296.22443,295.82443,293.22443,293.52444,292.02444,292.02444,291.72443,293.22443,294.72443,295.72443,289.32443,291.22443,289.92444,292.92444,292.82443,292.12445,283.02444,273.42444,275.02444,280.92444,279.32443,281.12445,283.42444,275.22443,275.82443,277.42444,274.42444,273.72443
293.82443,300.22443,300.32443,299.52444,296.42444,293.82443,294.82443,294.12445,294.42444,294.42444,294.92444,294.62445,295.92444,295.02444,293.82443,292.22443,294.22443,293.32443,293.62445,292.42444,292.52444,288.12445,295.02444,295.32443,292.12445,293.02444,295.32443,291.42444,292.32443,294.42444,293.82443,291.52444,294.42444,291.02444,290.62445,287.92444,276.02444,275.02444,280.42444,290.12445,293.92444
293.92444,299.92444,300.22443,300.12445,298.22443,295.62445,295.52444,295.32443,294.32443,294.82443,294.02444,293.22443,296.02444,294.52444,291.82443,294.22443,294.42444,293.92444,292.22443,294.32443,294.42444,294.32443,293.02444,293.92444,294.32443,294.12445,293.22443,293.92444,293.22443,293.82443,296.82443,293.42444,284.12445,272.02444,284.52444,291.72443,293.52444,295.92444,295.62445,296.12445,295.42444
292.02444,290.02444,297.92444,299.12445,299.92444,299.52444,295.42444,294.32443,294.82443,297.12445,294.52444,293.42444,294.52444,295.12445,293.92444,290.72443,294.32443,294.82443,292.82443,293.82443,293.02444,292.92444,291.82443,292.82443,292.62445,292.72443,294.02444,293.72443,296.12445,296.92444,295.92444,298.12445,295.52444,293.12445,292.32443,295.22443,287.32443,288.22443,294.12445,295.42444,294.82443
290.82443,289.42444,292.32443,291.92444,294.22443,292.22443,293.02444,292.72443,293.02444,293.32443,292.42444,292.22443,293.92444,293.52444,288.82443,291.52444,291.82443,291.82443,291.32443,290.12445,289.82443,290.92444,290.92444,291.42444,291.62445,292.52444,292.72443,295.22443,295.32443,295.62445,297.12445,293.72443,293.92444,295.12445,294.02444,293.12445,288.12445,284.62445,279.92444,278.82443,291.52444
290.72443,290.02444,290.82443,290.32443,292.62445,292.22443,292.92444,294.82443,290.72443,290.72443,289.72443,290.32443,287.12445,290.02444,290.72443,291.52444,290.72443,293.42444,291.02444,287.62445,287.52444,287.92444,288.02444,289.12445,289.62445,288.72443,289.82443,291.02444,290.82443,294.82443,294.42444,294.02444,292.22443,290.82443,289.62445,291.12445,293.32443,289.32443,290.42444,290.22443,288.52444
289.42444,289.02444,290.72443,289.62445,289.92444,290.72443,289.32443,292.72443,289.02444,290.12445,290.62445,286.82443,288.52444,286.22443,287.82443,288.32443,289.92444,289.82443,291.82443,290.32443,283.52444,284.42444,286.12445,287.02444,286.12445,287.72443,289.22443,286.62445,287.02444,287.12445,289.22443,292.12445,294.42444,292.52444,291.42444,290.42444,288.72443,289.32443,277.82443,277.52444,276.62445
288.32443,289.52444,288.62445,288.52444,288.62445,291.32443,290.82443,289.82443,288.92444,288.32443,286.62445,286.42444,284.62445,283.92444,285.32443,285.82443,287.32443,285.62445,284.92444,287.02444,284.62445,289.22443,290.02444,288.92444,287.22443,288.02444,288.12445,288.12445,286.32443,287.52444,291.12445,295.02444,294.92444,293.62445,293.22443,290.42444,289.02444,284.32443,280.42444,280.12445,278.32443
287.12445,286.42444,289.12445,286.82443,285.22443,287.62445,285.22443,285.12445,285.62445,288.32443,288.32443,286.92444,285.52444,285.02444,283.92444,285.02444,285.12445,286.82443,286.32443,284.82443,284.42444,285.82443,287.92444,286.42444,286.52444,287.42444,285.22443,286.92444,289.12445,289.02444,290.12445,291.82443,291.92444,291.72443,291.42444,290.12445,287.12445,283.62445,280.42444,281.12445,279.72443
284.42444,287.12445,286.62445,285.72443,286.62445,286.62445,286.42444,285.62445,285.02444,285.92444,282.82443,281.32443,286.12445,284.72443,286.32443,287.42444,287.52444,285.72443,285.72443,286.02444,284.02444,282.32443,282.72443,283.62445,283.22443,286.02444,286.82443,287.32443,289.72443,289.62445,289.12445,291.72443,290.32443,289.62445,290.82443,289.32443,291.62445,289.82443,289.62445,287.62445,286.52444
283.52444,280.32443,281.42444,280.22443,280.22443,280.42444,281.32443,280.12445,278.62445,278.12445,277.82443,276.82443,279.52444,280.02444,282.92444,284.92444,284.82443,283.42444,283.32443,282.22443,281.72443,281.02444,281.72443,281.72443,282.32443,285.72443,285.22443,286.22443,288.12445,288.82443,290.12445,289.52444,289.32443,289.32443,289.72443,289.62445,289.22443,291.62445,288.92444,288.32443,287.92444
282.72443,282.32443,286.42444,280.32443,279.02444,278.62445,278.62445,278.72443,276.22443,275.62445,277.02444,274.42444,275.62445,278.12445,283.52444,283.52444,279.42444,279.52444,279.32443,279.72443,280.52444,280.12445,282.42444,282.92444,282.72443,283.72443,285.92444,282.42444,283.72443,287.22443,288.62445,288.12445,287.82443,287.82443,287.52444,287.82443,288.22443,288.52444,289.82443,288.62445,287.92444
279.72443,282.02444,291.02444,280.02444,279.92444,279.52444,280.22443,279.42444,280.22443,276.32443,277.02444,275.12445,276.82443,277.02444,278.62445,279.42444,279.32443,279.62445,279.72443,283.42444,283.92444,283.22443,279.92444,281.02444,282.12445,283.02444,280.92444,281.22443,281.92444,285.72443,286.62445,286.42444,287.02444,287.62445,288.12445,289.12445,287.92444,288.52444,288.62445,288.62445,288.72443
