wind_kz.json
{"header": {"discipline":0,"disciplineName":"Meteorological products","gribEdition":2,"gribLength":1025,"center":7,"centerName":"US National Weather Service - NCEP(WMC)","subcenter":0,"refTime":"2024-04-09T06:00:00.000Z","significanceOfRT":1,"significanceOfRTName":"Start of forecast","productStatus":0,"productStatusName":"Operational products","productType":1,"productTypeName":"Forecast products","productDefinitionTemplate":0,"productDefinitionTemplateName":"Analysis/forecast at horizontal level/layer at a point in time","parameterCategory":2,"parameterCategoryName":"UnknownDiscipline_0_Category_2","parameterNumber":2,"parameterNumberName":"UnknownParameter_D0_C2_2","parameterUnit":"Unknown","genProcessType":2,"genProcessTypeName":"Forecast","forecastTime":120,"surface1Type":103,"surface1TypeName":"Specified height level above ground","surface1Value":10.0,"surface2Type":255,"surface2TypeName":"Missing","surface2Value":0.0,"gridDefinitionTemplate":0,"gridDefinitionTemplateName":"Latitude_Longitude","numberPoints":615,"shape":6,"shapeName":"Earth spherical with radius of 6,371,229.0 m","gridUnits":"degrees","resolution":48,"winds":"true","scanMode":64,"nx":41,"ny":15,"basicAngle":0,"lo1":47.0,"la1":41.0,"lo2":87.0,"la2":55.0,"dx":1.0,"dy":1.0}, "data":
[rows 0 to 14 of 15, columns 0 to 40 of 41]
-0.5317163,1.3882837,-0.9317163,-0.8017163,0.5282837,-0.5617163,-1.3517163,-1.5517163,-0.7417163,-0.4517163,0.07828369,-0.6517163,-0.22171631,-0.9017163,-0.67171633,-0.6217163,0.6782837,0.5482837,3.5382836,4.8682837,4.0482836,2.8082838,0.8982837,1.6782837,-0.6017163,2.1382837,3.2582836,1.6782837,0.2882837,0.4582837,-0.5017163,1.6782837,0.4882837,-2.0417163,-5.0317163,-3.6317163,-3.9717164,-4.5817165,-3.8717163,-1.0917163,0.6682837
-0.7617163,-1.7317163,-1.2317163,0.3682837,1.2682837,0.4182837,0.4182837,-0.2317163,-2.0617163,-2.6417162,-0.8717163,-0.9417163,-0.18171631,0.34828368,0.03828369,0.8182837,1.4182837,1.1782837,2.2982836,3.8882837,5.4082837,4.5482836,3.9482837,-0.19171631,0.70828366,-0.09171631,0.5682837,-0.2917163,1.8182837,0.76828367,0.8682837,0.6582837,-0.13171631,1.1182837,0.82828367,0.37828368,1.2082837,0.1282837,1.5882837,-1.6717163,-2.7317164
0.46828368,0.76828367,-0.2617163,1.3582836,1.9782836,1.3282837,-0.4817163,-1.3917164,-0.8317163,-0.5517163,-1.4517163,-1.2017163,-0.7017163,-0.4717163,0.14828369,0.7282837,0.3582837,1.3982837,2.4282837,1.6282837,1.9282837,0.57828367,3.3282838,3.9982836,-1.1117163,-1.4717163,2.6182837,2.3082838,-0.8417163,0.8982837,0.8982837,-1.7717164,-1.2417163,2.8882837,-0.34171632,0.76828367,0.24828368,-0.3517163,-1.3217163,-0.7217163,0.6182837
3.6982837,-0.021716308,0.5582837,1.3082837,2.0082836,-0.5517163,-0.3517163,0.2682837,1.1582837,1.5082837,1.5982836,2.0682838,1.8682837,1.5182837,0.3982837,-0.011716309,0.2782837,0.5282837,1.5382837,2.5282836,-0.9417163,0.22828369,-2.4917164,1.4282837,4.288284,2.2782836,2.0682838,2.4582837,5.808284,4.578284,1.5382837,3.3582838,4.2782836,5.2982836,4.1782837,2.9582837,1.4482837,1.3782837,-1.5317163,-0.9717163,-2.3617163
2.8682837,1.6882837,0.6482837,1.6182837,2.7782836,2.3482838,2.3482838,2.2082837,1.8482836,2.1682837,2.3382838,3.6782837,3.1082838,3.8082838,2.5582838,1.3082837,1.2782837,1.0282837,0.1582837,-1.4017164,2.4282837,1.7982837,4.058284,3.6482837,-0.3517163,0.5682837,0.31828368,0.13828368,-0.011716309,0.8082837,3.5382836,3.6682837,0.7982837,1.4682837,-2.2117164,-1.6717163,-2.9917164,-3.9817164,-2.9517164,-2.2917163,-2.4017162
2.2482836,1.0882837,1.8582836,2.5582838,3.9882836,4.498284,5.1782837,3.8282838,2.7282836,2.3582838,4.1082835,3.8082838,2.2082837,2.3082838,3.1182837,3.6282837,3.4182837,1.9782836,0.34828368,-0.4417163,-0.6317163,-0.3217163,-0.3017163,-0.3317163,1.0482837,0.1582837,-0.8217163,-1.7117163,1.0582837,-1.7417163,0.8582837,0.49828368,3.9182837,4.1682835,2.1982837,-3.0917163,1.1782837,-2.8117163,-2.2217164,-1.8617163,-1.9517163
-0.13171631,3.1182837,-0.73171633,-0.9717163,2.2382836,3.3882837,2.3982837,2.1682837,2.5682838,3.3582838,2.7282836,3.0382836,3.6282837,4.498284,4.348284,4.4182835,4.578284,4.3982835,2.6182837,1.6382837,1.3882837,1.0982836,1.1982837,1.0482837,1.4582837,-0.34171632,-0.10171631,-0.21171631,-0.8117163,1.7382836,0.19828369,-0.4217163,-4.501716,-4.2417164,-5.021716,1.3582836,0.57828367,1.5182837,-2.9517164,1.9882836,-1.8717163
-1.1517164,-3.0617163,-3.7717164,-2.3117163,-1.8917164,-2.1117163,-2.6517162,-3.2517164,-1.8717163,-1.6417164,-1.3917164,-0.28171632,-0.2717163,0.5982837,0.6282837,1.2782837,2.8782837,4.6182837,4.5482836,4.2782836,4.208284,3.2982836,2.9882836,2.3782837,2.6882837,2.6382837,3.2582836,2.5182836,3.0082836,1.6682837,2.0582838,1.5382837,2.2582836,4.3982835,1.5082837,-4.3917165,-5.441716,-3.5717163,-8.341717,-8.451716,-2.5717163
-3.4117162,-2.5517163,-2.4317162,-2.3817163,-2.3117163,-2.0917163,-1.8617163,-2.4217162,-2.4017162,-1.8117163,-1.2317163,-0.7117163,0.8482837,1.5882837,2.3682837,2.3082838,3.4782836,4.078284,5.2582836,5.4482837,4.958284,6.458284,5.5682836,4.288284,4.3882837,4.0682836,4.3682837,3.6982837,4.6982837,3.2382836,4.3582835,4.578284,4.8982835,0.5082837,-2.5317163,-4.0917163,-1.4217163,-0.11171631,-0.92171633,-0.16171631,-0.6217163
-2.2917163,-1.6017163,-1.5817163,-1.8417163,-1.3817163,-1.6917163,-1.8317163,-2.0017164,-1.4217163,-0.7717163,-0.3517163,0.4482837,0.5082837,1.6982837,2.6282837,3.0882838,3.8882837,3.6182837,4.2982836,5.1782837,6.8182836,7.978284,7.9182835,4.6382837,5.4482837,4.7182837,6.0482836,6.308284,6.1282835,6.0082836,5.7182837,5.9282837,3.6182837,0.9782837,-0.40171632,-0.4717163,-2.0117164,-0.8017163,-0.08171631,0.37828368,-1.3617163
-1.8217163,-2.1117163,-1.8317163,-0.8017163,0.03828369,0.2582837,0.8582837,1.3982837,2.3682837,1.9182837,2.2482836,2.2382836,2.0882838,3.0282836,3.7782836,3.8082838,4.038284,4.058284,4.2982836,4.708284,5.938284,6.9682837,7.5882835,6.438284,5.6582837,4.2182837,5.9182835,5.098284,8.288283,7.288284,6.958284,5.1582837,2.8882837,1.6282837,1.9282837,0.6482837,-0.5217163,0.6682837,0.2682837,-0.7217163,-0.31171632
-2.3217163,-3.0117164,-2.8717163,-2.3817163,-2.1417162,-1.4617163,-1.5017163,0.0082836915,0.2582837,0.76828367,2.5782838,4.058284,3.7082837,3.7482836,3.5982838,3.3582838,3.6982837,3.4582837,3.5682838,3.9082837,4.578284,5.1782837,6.7182837,6.188284,3.7882836,5.078284,6.6482835,5.958284,7.0282836,6.3982835,4.3782835,5.5282836,4.3382835,2.9082837,2.3382838,4.6582837,5.958284,4.3682837,0.76828367,-0.98171633,-0.86171633
-2.3117163,-2.8817163,-1.4317163,-2.3317163,-1.9917163,-1.4217163,-1.6917163,-1.1117163,-0.6317163,0.6482837,2.2882836,4.438284,4.4082837,4.6082835,3.3382838,2.7882836,3.6382837,3.8582838,4.1982837,4.768284,4.9282837,3.4882836,4.308284,5.268284,5.938284,4.5882835,8.938284,6.7382836,6.6682835,6.6382837,4.518284,3.1782837,3.3582838,3.6182837,4.6582837,3.2482836,4.6682835,1.3782837,1.9082837,-1.0217164,-1.2317163
-2.6617162,-2.8117163,-1.7017163,-2.3117163,-2.1517162,-1.4817163,-1.2017163,0.09828369,0.4582837,0.8182837,1.7682837,4.0682836,2.5682838,1.4082837,3.6982837,4.4682837,4.768284,4.9082837,5.558284,5.5282836,5.598284,6.0682836,4.8982835,4.728284,6.7382836,4.1382837,4.688284,5.6582837,6.0682836,5.0682836,4.4882836,2.5482836,2.5282836,2.5282836,2.9082837,2.9282837,2.6382837,3.4582837,1.0882837,1.8582836,2.1782837
-2.2017164,-2.0617163,-1.8717163,-1.7917163,-1.0817163,0.048283692,0.2982837,0.8082837,1.2382836,2.0382836,2.0782838,2.9682837,3.1582837,4.3382835,4.4282837,4.2782836,4.438284,4.7982836,5.0882835,5.4882836,6.3382835,6.7582836,6.4182835,6.3182836,6.3782835,6.3682837,6.058284,5.6182837,5.3182836,6.728284,4.8382835,3.9182837,4.788284,4.498284,3.7482836,4.4482837,3.2682836,2.5482836,4.0682836,3.0382836,0.028283691
