wind_kz.json
{"header": {"discipline":0,"disciplineName":"Meteorological products","gribEdition":2,"gribLength":1025,"center":7,"centerName":"US National Weather Service - NCEP(WMC)","subcenter":0,"refTime":"2023-09-24T00:00:00.000Z","significanceOfRT":1,"significanceOfRTName":"Start of forecast","productStatus":0,"productStatusName":"Operational products","productType":1,"productTypeName":"Forecast products","productDefinitionTemplate":0,"productDefinitionTemplateName":"Analysis/forecast at horizontal level/layer at a point in time","parameterCategory":2,"parameterCategoryName":"UnknownDiscipline_0_Category_2","parameterNumber":2,"parameterNumberName":"UnknownParameter_D0_C2_2","parameterUnit":"Unknown","genProcessType":2,"genProcessTypeName":"Forecast","forecastTime":300,"surface1Type":103,"surface1TypeName":"Specified height level above ground","surface1Value":10.0,"surface2Type":255,"surface2TypeName":"Missing","surface2Value":0.0,"gridDefinitionTemplate":0,"gridDefinitionTemplateName":"Latitude_Longitude","numberPoints":615,"shape":6,"shapeName":"Earth spherical with radius of 6,371,229.0 m","gridUnits":"degrees","resolution":48,"winds":"true","scanMode":64,"nx":41,"ny":15,"basicAngle":0,"lo1":47.0,"la1":41.0,"lo2":87.0,"la2":55.0,"dx":1.0,"dy":1.0}, "data":
[rows 0 to 14 of 15, columns 0 to 40 of 41]
0.29055908,-0.35944092,1.7705591,-0.5694409,-5.339441,-2.969441,-7.489441,-7.259441,-7.159441,-7.029441,-6.359441,-5.149441,-4.579441,-3.419441,-2.939441,-2.619441,-2.019441,-2.439441,-3.149441,-2.0894408,-0.0094409175,0.5605591,2.830559,2.6905591,2.370559,2.290559,3.1805592,2.020559,0.32055908,0.36055908,-1.0994409,1.660559,-1.4794409,-0.20944092,-0.07944092,0.24055909,0.49055907,0.6805591,-0.13944092,2.520559,3.320559
-1.2794409,0.5605591,-1.689441,-2.689441,-7.519441,-8.699441,-6.4194407,-6.9394407,-5.769441,-5.069441,-5.1694407,-3.739441,-3.209441,-2.1094408,-2.199441,-1.7794409,-0.8594409,-1.4894409,-1.4894409,-0.32944092,0.3105591,2.100559,2.4705591,1.8905591,2.620559,0.010559082,1.3305591,0.17055908,2.9105592,4.3105593,3.4305592,1.4705591,2.340559,-0.3094409,0.11055908,1.3705591,1.3505591,1.2605591,0.9305591,0.6105591,-0.7294409
-0.6694409,-2.639441,-0.31944093,-2.229441,-4.759441,-7.069441,-5.749441,-0.2794409,-1.9094409,-1.339441,-4.569441,-3.409441,-3.139441,-0.6694409,-0.89944094,-1.3994409,-0.7294409,-0.0094409175,-0.11944092,1.0905591,2.6405592,4.7705593,2.520559,1.3905591,0.46055907,0.7605591,1.3905591,2.9505591,4.510559,0.2505591,0.17055908,0.5105591,-0.58944094,1.2205591,2.050559,-0.5694409,1.9705591,2.250559,0.78055906,-0.17944092,1.7505591
-4.829441,-2.8594408,-2.8394408,-1.0994409,2.9005592,-1.8594409,-0.5094409,-3.5994408,-2.209441,-1.8794409,-2.409441,-3.869441,-3.8094409,-3.179441,0.16055909,-1.0294409,-0.9494409,0.45055908,1.0205591,1.1305591,1.5105591,-1.4194409,1.410559,1.5905591,1.7705591,2.4605591,3.4405591,3.350559,4.840559,2.080559,0.5605591,-0.38944092,2.540559,3.870559,4.300559,4.550559,1.1005591,2.560559,-1.1494409,-1.699441,-1.4694409
-3.469441,-1.7294409,-1.8694409,-2.739441,-1.0394409,-1.6194409,-1.2294409,-0.9794409,-0.16944093,0.21055909,-0.22944091,-3.409441,-1.9894409,-1.7194409,2.130559,-0.4094409,1.1005591,1.540559,1.6305591,2.6705592,3.4505591,3.230559,2.340559,2.7005591,3.750559,4.240559,4.760559,-1.1394409,3.560559,4.5605593,2.370559,2.360559,-1.6194409,0.9305591,-1.1094409,-1.3694409,2.730559,-2.0394409,-1.1294409,-1.0094409,-2.0894408
-1.5394409,-2.8094409,-3.459441,-2.8494408,-2.8594408,-1.2294409,0.59055907,0.23055908,1.9505591,2.000559,1.8905591,2.2205591,1.310559,1.0905591,0.6305591,2.4005592,2.040559,2.7005591,2.6905591,3.810559,4.900559,3.810559,2.370559,2.340559,3.760559,3.730559,4.720559,-1.1694409,2.610559,4.890559,3.980559,2.840559,2.490559,-0.05944092,-1.1194409,0.7605591,0.040559083,-2.429441,-2.129441,-1.679441,-1.3694409
-2.019441,-2.189441,-1.7594409,-1.069441,0.7705591,3.860559,4.100559,4.850559,4.820559,4.200559,3.870559,4.0805593,3.1605592,3.6605592,3.4605591,3.350559,3.740559,4.210559,4.180559,4.930559,5.250559,4.250559,4.5605593,2.260559,4.130559,4.8105593,4.900559,3.4405591,4.660559,4.930559,4.8305593,3.230559,2.990559,0.27055907,-3.8194408,-1.8994409,-0.65944093,2.020559,1.790559,1.5805591,-1.339441
-0.5794409,0.060559083,0.5205591,1.0805591,1.3305591,0.6405591,1.070559,1.6505591,2.350559,2.600559,3.340559,5.640559,5.050559,6.600559,5.490559,5.240559,4.350559,5.160559,4.420559,4.640559,5.030559,5.440559,4.030559,2.320559,3.6805592,2.9405591,3.110559,3.4105592,4.280559,3.6805592,2.9105592,-2.0894408,-3.519441,-0.8794409,2.520559,-3.6094408,0.9505591,0.30055907,-2.7894409,-2.0794408,0.5705591
1.310559,0.5205591,0.5505591,0.53055906,1.2205591,2.230559,2.570559,2.790559,3.250559,3.500559,3.2105591,5.700559,6.610559,5.190559,4.670559,4.970559,4.490559,4.720559,4.160559,3.780559,4.7705593,6.010559,2.380559,1.930559,1.4805591,1.310559,2.1805592,3.2005591,1.310559,-2.479441,-5.249441,-4.9194407,-3.939441,-3.429441,-2.8394408,0.45055908,-1.0494409,-1.089441,-0.8294409,-0.5494409,-0.6794409
3.4005592,3.6505592,3.340559,3.4405591,3.500559,3.3905592,3.4205592,3.010559,3.360559,3.600559,4.950559,4.920559,5.2705593,4.510559,4.440559,4.350559,4.300559,3.880559,2.530559,2.600559,2.980559,0.23055908,-0.71944094,1.320559,1.4605591,1.9705591,0.5205591,-0.17944092,-3.969441,-6.2094407,-4.839441,-3.159441,-2.5394409,-2.8494408,-1.309441,0.29055908,0.2505591,0.010559082,0.66055906,-0.5494409,0.16055909
3.9005592,3.9005592,3.6605592,3.6805592,3.760559,3.980559,3.530559,3.280559,3.4705591,4.5805593,4.710559,4.2705593,4.690559,4.190559,4.340559,3.9305592,4.300559,2.880559,1.430559,1.2805591,-0.18944092,-0.3994409,-0.8194409,-1.2494409,-0.77944094,-0.6694409,-3.229441,-3.249441,-4.259441,-3.389441,-2.219441,-1.6594409,-1.7794409,-1.1594409,-2.399441,-0.9494409,-0.7694409,0.66055906,0.22055908,-0.45944092,-0.09944092
2.990559,2.7105591,2.4105592,2.4205592,2.1805592,1.5205591,1.0305591,1.040559,1.060559,2.050559,2.800559,4.320559,3.500559,4.070559,3.3905592,2.810559,3.050559,2.610559,2.2105591,1.9605591,1.420559,-0.07944092,0.010559082,-0.53944093,-1.5094409,-1.9994409,-2.6094408,-1.9794409,-1.929441,-1.5994409,-1.559441,-1.459441,-1.6594409,-0.9294409,-1.2994409,-1.5494409,-2.0994408,-1.9194409,-1.2694409,-0.8094409,-0.21944092
2.9005592,2.870559,1.9805591,2.4505591,1.7005591,1.0105591,0.54055905,0.6205591,2.740559,0.010559082,1.570559,2.860559,1.7505591,1.6305591,0.9505591,0.20055908,0.7605591,0.6205591,0.030559082,-0.14944091,1.8505591,1.8605591,0.84055907,0.16055909,-0.35944092,-0.26944092,-0.34944093,-0.14944091,-0.18944092,-0.07944092,0.26055908,0.5705591,0.59055907,1.1305591,-0.109440915,-0.31944093,-0.069440916,-0.11944092,-0.6394409,-0.35944092,0.32055908
2.630559,2.820559,1.670559,2.6605592,1.7605591,1.7605591,1.2005591,2.000559,0.15055908,0.5105591,0.54055905,2.530559,-0.9394409,-1.339441,-0.6094409,-0.11944092,-0.25944093,0.2505591,0.72055906,0.96055907,1.0905591,1.1005591,1.410559,2.2205591,1.930559,2.310559,1.5805591,1.8405591,1.7505591,1.7705591,1.670559,1.7205591,1.7305591,1.7805591,1.6205591,1.570559,1.5305591,1.3605591,1.430559,1.1505591,1.6405591
2.6605592,2.4305592,2.4105592,3.270559,2.4105592,0.32055908,2.4305592,1.3305591,1.660559,0.6205591,1.5805591,1.4005591,1.430559,1.7005591,1.2005591,0.49055907,1.170559,1.810559,2.080559,2.240559,1.7605591,2.030559,1.8905591,2.230559,2.050559,2.010559,2.4705591,2.4205592,2.570559,2.6705592,3.110559,4.030559,2.850559,2.840559,2.830559,2.750559,2.370559,2.7205591,2.770559,3.1805592,1.4605591
