wind_kz.json
{"header": {"discipline":0,"disciplineName":"Meteorological products","gribEdition":2,"gribLength":1025,"center":7,"centerName":"US National Weather Service - NCEP(WMC)","subcenter":0,"refTime":"2023-09-09T12:00:00.000Z","significanceOfRT":1,"significanceOfRTName":"Start of forecast","productStatus":0,"productStatusName":"Operational products","productType":1,"productTypeName":"Forecast products","productDefinitionTemplate":0,"productDefinitionTemplateName":"Analysis/forecast at horizontal level/layer at a point in time","parameterCategory":2,"parameterCategoryName":"UnknownDiscipline_0_Category_2","parameterNumber":3,"parameterNumberName":"UnknownParameter_D0_C2_3","parameterUnit":"Unknown","genProcessType":2,"genProcessTypeName":"Forecast","forecastTime":240,"surface1Type":103,"surface1TypeName":"Specified height level above ground","surface1Value":10.0,"surface2Type":255,"surface2TypeName":"Missing","surface2Value":0.0,"gridDefinitionTemplate":0,"gridDefinitionTemplateName":"Latitude_Longitude","numberPoints":615,"shape":6,"shapeName":"Earth spherical with radius of 6,371,229.0 m","gridUnits":"degrees","resolution":48,"winds":"true","scanMode":64,"nx":41,"ny":15,"basicAngle":0,"lo1":47.0,"la1":41.0,"lo2":87.0,"la2":55.0,"dx":1.0,"dy":1.0}, "data":
[rows 0 to 14 of 15, columns 0 to 40 of 41]
3.1053638,1.6553638,-0.05463623,0.095363766,-3.9846363,-4.8446364,-3.0646362,-1.9646362,-0.55463624,-1.0046363,-1.9046363,-1.5446362,-1.5246363,-2.7046363,-5.304636,-6.2946362,-6.4846363,-6.2546363,-6.204636,-5.7546363,-5.6146364,-5.744636,-4.3846364,-0.21463624,2.6253638,4.8253636,2.4953637,3.065364,-2.9946363,-3.6946363,1.4253638,-1.3446362,-1.3546362,-0.11463623,-2.3646362,-3.3646362,1.3553637,0.81536376,0.9153638,1.0453638,0.15536377
1.4853637,1.7553638,2.9253638,0.095363766,-2.5346363,0.44536376,-0.7746362,-0.85463625,-1.2146362,-1.1746362,0.28536376,-1.4646362,-3.3446362,-4.1546364,-5.5746365,-6.3846364,-6.1746364,-5.954636,-6.144636,-6.724636,-6.9046364,-6.244636,-3.5846362,-0.5946362,1.2753638,2.8453639,1.2553638,1.8753638,-1.9446362,0.68536377,-1.4046363,-3.4846363,-0.5946362,-2.2346363,0.94536376,0.9753638,-0.56463623,3.2153637,2.2553637,1.7353637,2.9853637
2.6153638,5.315364,2.9253638,2.9053638,3.2753637,-0.16463622,-0.8946362,-2.1446362,-1.1646363,-1.6946362,-2.7746363,-2.2246363,-4.874636,-4.374636,-4.9846363,-5.304636,-6.4246364,-6.5446362,-7.0946364,-7.6146364,-8.004636,-7.1946363,-0.44463623,-1.4646362,-6.5746365,-3.2746363,-3.0446362,-2.7746363,-3.434636,-0.48463622,-2.4846363,-2.1746361,0.69536376,-3.7546363,-3.4546363,-1.0246363,-2.0946362,0.58536375,-0.16463622,1.6053637,1.0653638
2.5953639,2.2053638,2.3953638,-1.3746362,0.9053638,-0.39463624,0.43536377,-0.93463624,-1.1346363,0.41536376,-0.024636231,-0.49463624,-2.4446363,-4.5946364,-7.224636,-5.6946363,-5.1946363,-6.5046363,-7.3446364,-8.384636,-8.074636,-6.5946364,-5.684636,-5.7946362,-5.284636,-3.9546363,-3.0546362,-1.7946362,-1.8246362,-1.7946362,-1.5846362,-0.98463625,3.815364,4.395364,3.4553638,1.2953638,-0.86463624,1.3053638,-0.25463623,-1.1946362,-3.1346362
0.25536376,-4.4046364,-4.8246365,-5.064636,-5.874636,-1.5046363,-0.23463623,-2.1746361,-2.3046362,-2.8646362,-3.6146362,0.38536376,-0.13463622,-1.5446362,-4.664636,-3.8546362,-5.7746363,-6.2346363,-7.084636,-8.334637,-7.064636,-5.804636,-5.2546363,-4.804636,-4.9046364,-3.3046362,-0.68463624,-2.4646363,-3.9046361,0.43536377,0.02536377,0.06536377,1.7753638,0.38536376,0.9853638,-1.3346362,-0.92463624,-4.014636,-3.0946362,-1.1946362,-1.7146362
2.3053637,-0.7746362,-1.1246362,-1.4146363,-0.56463623,-2.7546363,-0.60463625,-1.6946362,-3.0446362,-3.3946362,-3.4746363,-2.6746361,0.13536377,2.4953637,0.095363766,-4.6746364,-5.034636,-5.9846363,-7.784636,-7.834636,-6.184636,-5.124636,-5.284636,-5.764636,-6.9046364,-8.044636,-1.2746363,-3.1146362,-3.4446363,-2.9846363,-4.4446363,-2.7546363,-1.8546362,-0.04463623,2.2753637,9.315364,-1.5346363,4.275364,0.93536377,-0.39463624,-1.6946362
4.9053636,4.5753636,3.0553637,3.315364,4.165364,3.9953637,-0.7746362,-0.53463626,-2.2746363,-2.9946363,-3.7646363,-5.0246363,-6.1146364,-6.474636,-5.434636,-4.064636,-4.224636,-5.8846364,-6.9246364,-5.974636,-6.2946362,-5.534636,-5.314636,-6.434636,-6.7946362,-2.8246362,-4.814636,-9.604636,3.4953637,2.9953637,0.5953638,-0.5146362,0.49536377,2.6753638,5.195364,1.3653637,0.05536377,1.7753638,2.0453637,2.5253637,3.1053638
4.1553636,3.3753638,1.6453638,0.095363766,-0.72463626,-1.0146363,-2.8646362,-3.1246362,-4.604636,-3.7846363,-3.7346363,-5.604636,-5.2146363,-5.564636,-5.4046364,-4.6346364,-3.8646362,-5.4846363,-5.7346363,-5.584636,-5.914636,-7.184636,-5.2346363,-4.5746365,-4.914636,-4.224636,-4.854636,-5.534636,-5.6346364,-1.5246363,-0.27463624,0.07536377,1.7953638,0.17536376,-0.07463623,-0.7046362,-0.92463624,-0.5246362,-1.5646362,-0.5146362,2.5253637
1.8153638,2.4353638,1.2753638,-0.6546362,-1.1546363,-2.3146362,-2.2346363,-3.9246361,-4.8846364,-4.0046363,-2.9146361,-4.4246364,-4.8446364,-4.5746365,-4.184636,-3.6946363,-4.934636,-4.624636,-4.8646364,-4.2946362,-4.394636,-5.434636,-5.644636,-4.6946363,-5.0946364,-2.8646362,-2.5346363,-2.3846362,-2.9246361,-4.0746365,-2.7946362,-1.0546362,-1.3746362,-3.5946362,1.8653637,2.3253639,0.29536378,-1.9446362,0.48536378,1.5453638,-0.92463624
1.1053637,0.49536377,-0.38463622,-0.05463623,-0.7646362,-2.3046362,-3.7246363,-3.8346362,-2.2946362,-2.6046362,-3.2146363,-2.6646361,-3.5046363,-5.6146364,-5.1146364,-3.684636,-3.5346363,-3.4446363,-3.8246362,-3.5046363,-2.9646363,-4.814636,-4.054636,-4.4246364,-3.0546362,-3.7946362,-2.1746361,-1.5946362,-1.9746362,-5.064636,-1.9446362,-4.784636,0.02536377,-2.0346363,-2.5346363,-1.9946362,0.9053638,-0.29463622,-0.14463623,2.9453638,1.4853637
1.4253638,1.1953638,0.5953638,1.2153637,0.30536377,-0.48463622,-1.5946362,-2.1146362,-1.7646363,-1.3346362,-0.9046362,-2.6146362,-2.2146363,-1.9746362,-3.4246361,-3.8346362,-2.7946362,-1.8346362,-2.1546361,-2.7246363,-1.5746362,-2.934636,-4.5746365,-4.1546364,-3.0646362,-3.5946362,-3.7146363,-3.3646362,-1.2646363,-1.4046363,-5.9846363,-0.8946362,0.39536378,0.18536377,-0.35463622,-1.1146362,-0.37463623,1.1453638,-0.09463623,0.30536377,-0.99463624
-0.16463622,-0.60463625,-1.9546362,-2.9046361,-2.5946362,-2.4546363,-0.67463624,-0.92463624,-1.5346363,-0.86463624,-0.8946362,-1.0446362,-1.4746362,-0.6946362,-1.1246362,-2.1046362,-2.184636,-1.9546362,-0.66463625,-1.7246362,-1.7046362,-1.5846362,-1.4946362,-3.0446362,-3.7746363,-2.6746361,-2.8746362,-4.0046363,-4.1746364,-3.5946362,-1.4346362,-0.8246362,-0.91463625,2.2653637,1.3453637,1.1653638,-1.6946362,-1.4946362,-0.48463622,-1.6046362,-1.2546363
-0.25463623,0.37536377,-0.30463624,-0.014636231,-1.8846363,-1.8346362,-3.3746362,-3.7246363,-4.2346363,-3.9446363,-2.2346363,-2.6146362,-2.3546362,-0.5946362,-2.4246361,-2.0446362,-0.6946362,-1.2546363,-0.19463623,0.9953638,-0.084636234,-0.7146362,-1.0146363,1.4553638,-0.34463623,-1.4546362,-3.4846363,-3.1346362,-3.4246361,-2.1946363,-1.3946363,0.13536377,-1.2246362,2.2353637,2.1153638,1.6753638,2.8853638,0.40536377,-0.024636231,-0.33463624,-1.1846362
-0.92463624,-1.6046362,-1.7146362,-1.5146363,-2.2346363,-2.3146362,-2.5746362,-2.6246362,-2.9546363,-2.9846363,-1.8846363,-1.9546362,-2.684636,-2.9046361,-2.9546363,-3.0046363,-2.8646362,-1.7946362,0.15536377,0.04536377,0.9953638,0.7453638,0.04536377,-0.18463624,-0.07463623,-0.56463623,-0.8446362,-1.9746362,-3.0146363,-3.2346363,-0.9446362,-1.3246362,1.6053637,2.4253638,0.31536376,0.58536375,2.2953637,2.5753639,1.8153638,1.6053637,0.64536375
-1.1446363,-1.4646362,-0.56463623,-1.3746362,-1.9546362,-2.2946362,-2.6046362,-2.4946363,-2.7946362,-2.4146361,-1.0446362,-0.68463624,-1.3746362,-1.7646363,-2.3746362,-1.6646363,-1.7346362,-1.0946362,-0.43463624,0.28536376,0.9053638,1.5353638,0.8653638,1.1153637,-1.0346363,0.20536377,-1.0946362,0.28536376,-1.1046362,-2.6446362,-3.0546362,-0.15463623,0.23536377,2.1353638,1.3153638,0.7953638,2.6453638,2.6453638,1.9153638,2.6353638,1.2653638
