wind_kz.json
{"header": {"discipline":0,"disciplineName":"Meteorological products","gribEdition":2,"gribLength":1102,"center":7,"centerName":"US National Weather Service - NCEP(WMC)","subcenter":0,"refTime":"2024-01-31T18:00:00.000Z","significanceOfRT":1,"significanceOfRTName":"Start of forecast","productStatus":0,"productStatusName":"Operational products","productType":1,"productTypeName":"Forecast products","productDefinitionTemplate":0,"productDefinitionTemplateName":"Analysis/forecast at horizontal level/layer at a point in time","parameterCategory":2,"parameterCategoryName":"UnknownDiscipline_0_Category_2","parameterNumber":3,"parameterNumberName":"UnknownParameter_D0_C2_3","parameterUnit":"Unknown","genProcessType":2,"genProcessTypeName":"Forecast","forecastTime":180,"surface1Type":103,"surface1TypeName":"Specified height level above ground","surface1Value":10.0,"surface2Type":255,"surface2TypeName":"Missing","surface2Value":0.0,"gridDefinitionTemplate":0,"gridDefinitionTemplateName":"Latitude_Longitude","numberPoints":615,"shape":6,"shapeName":"Earth spherical with radius of 6,371,229.0 m","gridUnits":"degrees","resolution":48,"winds":"true","scanMode":64,"nx":41,"ny":15,"basicAngle":0,"lo1":47.0,"la1":41.0,"lo2":87.0,"la2":55.0,"dx":1.0,"dy":1.0}, "data":
[rows 0 to 14 of 15, columns 0 to 40 of 41]
-2.935964,-0.73596406,2.194036,13.044036,13.314035,9.554035,8.814035,5.6940355,3.394036,2.204036,2.574036,4.004036,4.2040358,3.644036,3.254036,3.214036,4.354036,6.354036,8.364036,5.2740355,7.2440357,7.8240356,3.944036,-1.8259641,0.17403595,-1.5859641,0.0140359495,1.6440359,1.334036,-1.5759641,-2.735964,-4.455964,-0.81596404,1.0640359,0.99403596,0.63403594,0.914036,0.9040359,0.14403595,0.13403594,-1.0959641
7.354036,1.604036,-3.605964,4.364036,7.7840357,8.464036,4.4940357,6.7640357,5.5940356,6.6540356,4.394036,4.594036,5.4440355,5.4040356,3.764036,3.714036,2.504036,3.254036,2.544036,7.4640355,5.7640357,8.544036,8.634036,3.814036,2.744036,3.394036,1.5140359,1.7940359,0.18403596,3.284036,3.464036,1.2740359,0.80403596,-0.06596405,-0.94596404,0.974036,-0.51596403,0.604036,-0.13596405,1.5140359,0.09403595
3.884036,7.3440356,5.014036,5.604036,8.294036,6.8440356,2.464036,6.1940355,4.374036,5.834036,7.1140356,6.4540358,5.394036,5.3840356,4.784036,4.604036,4.634036,3.904036,4.444036,5.8440356,6.1540356,8.364036,8.034036,7.874036,6.894036,1.0240359,0.04403595,0.21403594,-0.07596405,1.9140359,2.054036,2.934036,1.744036,1.1540359,0.10403595,-0.39596406,-1.5859641,-0.13596405,-0.835964,-1.525964,-1.5759641
3.8440359,9.084036,8.284036,7.0040355,5.4940357,3.064036,4.4740357,6.1740355,6.1740355,5.2340355,5.2340355,5.644036,5.9440355,6.3640356,5.114036,4.734036,4.844036,4.464036,3.984036,4.354036,6.6340356,11.014035,4.844036,9.014035,5.604036,7.5540357,6.9740357,1.5340359,5.8840356,5.164036,2.8640358,1.084036,-0.85596406,-0.91596407,0.87403595,0.81403595,2.384036,2.664036,-1.995964,1.444036,-0.67596406
3.214036,5.4840355,7.2640357,6.4740357,5.9640355,5.934036,4.854036,5.624036,5.7140355,5.104036,4.794036,4.804036,5.684036,5.7240357,4.914036,4.2040358,5.124036,4.944036,4.694036,4.194036,5.7240357,6.354036,7.7540355,8.2340355,10.994036,8.934035,9.374036,6.2840357,6.6340356,7.9440355,6.5640354,3.694036,3.3440359,2.664036,0.52403593,0.544036,0.25403595,0.98403597,1.194036,1.5440359,1.6540359
5.8440356,5.7240357,5.9940357,5.8240356,5.7040358,5.7040358,5.9640355,5.434036,5.874036,6.394036,4.964036,4.894036,4.234036,5.9640355,4.114036,4.044036,4.344036,5.034036,5.2840357,5.044036,5.4440355,6.3440356,7.5040355,8.7340355,9.684035,10.444036,10.434035,10.904036,9.994036,9.574036,8.754036,6.9840355,3.384036,1.744036,0.08403595,2.5940359,-0.05596405,-1.5959641,-2.005964,1.094036,1.7740359
6.914036,7.8440356,7.7840357,7.3640356,7.124036,6.5740356,5.7240357,6.5740356,7.2440357,7.374036,6.7440357,6.144036,5.9740357,4.674036,5.2640357,5.114036,4.564036,4.804036,4.7240357,4.394036,4.594036,5.7740355,7.8640356,9.184035,9.884036,10.504036,11.394035,11.584036,10.834036,10.224035,8.7340355,6.3140354,5.094036,4.084036,0.94403595,1.494036,-0.01596405,2.174036,-1.015964,-0.85596406,0.82403594
6.9240355,7.354036,7.0940356,6.6940355,6.9240355,6.9940357,6.7640357,7.0640354,8.164036,7.834036,8.264035,7.2340355,5.854036,5.5340357,2.894036,3.494036,3.704036,4.334036,3.984036,5.374036,4.164036,4.894036,6.1140356,9.564035,10.084036,11.404036,12.594036,12.714036,11.084036,12.444036,11.074036,10.184035,6.374036,6.9840355,7.3440356,0.35403594,0.67403597,1.4040359,0.24403594,1.074036,1.824036
6.5440354,7.0040355,7.2740355,7.5140357,7.1540356,7.3440356,7.334036,7.4240355,7.2540355,7.0040355,5.7040358,4.074036,3.384036,3.414036,3.724036,4.044036,3.904036,4.004036,4.334036,4.624036,3.674036,4.014036,6.2140355,7.7340355,11.004036,11.264035,12.334036,14.124036,14.4840355,13.534036,14.504036,14.534036,14.204036,10.164036,7.334036,4.194036,-0.41596404,1.224036,2.944036,1.6640359,0.9640359
7.0940356,6.8840356,6.9440355,7.0640354,7.0940356,6.9940357,7.4040356,7.2640357,5.914036,4.364036,4.774036,4.214036,3.134036,3.284036,4.024036,4.034036,4.944036,4.824036,4.7440357,4.144036,3.764036,2.494036,3.454036,5.3040357,5.624036,10.764035,11.994036,13.364036,14.074036,15.374036,16.344036,15.064035,12.474035,10.194036,9.2340355,8.864036,2.704036,0.664036,2.564036,2.724036,4.074036
8.114036,7.9440355,7.9240355,6.684036,6.5740356,7.4740357,5.4640355,4.214036,4.404036,4.424036,4.794036,3.724036,3.014036,2.994036,2.684036,3.304036,3.724036,3.974036,4.134036,5.044036,5.854036,4.594036,4.624036,6.7640357,7.854036,8.724035,9.914036,13.204036,14.284036,14.674036,12.664036,12.154036,10.714036,9.664036,11.454036,9.554035,4.984036,3.804036,3.694036,2.5940359,1.724036
5.2540355,6.0640354,6.434036,6.334036,5.2340355,4.894036,3.474036,3.8440359,4.164036,3.814036,2.8640358,1.704036,2.414036,3.064036,2.5940359,2.424036,2.734036,2.674036,4.134036,4.424036,5.354036,5.114036,5.8140354,6.5040355,8.514035,6.1740355,9.774035,13.854035,14.254036,12.684035,10.834036,10.824036,8.774035,9.864036,8.684035,10.094036,9.064035,0.974036,0.604036,1.244036,-0.01596405
2.3440359,1.854036,2.414036,3.204036,3.144036,2.414036,2.914036,3.894036,4.084036,3.1140358,1.5240359,1.354036,2.284036,1.754036,2.524036,2.3640358,2.984036,2.674036,1.6640359,1.114036,4.2440357,3.194036,3.3440359,6.6940355,8.614036,10.204036,12.154036,11.854035,11.294036,10.724035,10.754036,9.904036,8.464036,8.254036,8.004036,8.534036,7.684036,2.804036,3.284036,0.87403595,0.44403595
-1.4459641,-0.585964,1.6640359,2.274036,1.974036,2.914036,2.6140358,2.914036,3.494036,3.944036,2.314036,0.55403596,0.13403594,1.7740359,1.584036,1.5340359,2.414036,2.304036,1.464036,2.504036,2.654036,1.824036,0.40403596,2.824036,4.354036,7.0940356,9.824036,10.164036,9.044036,9.814035,9.154036,8.464036,7.9040356,7.854036,6.1740355,6.874036,5.5940356,5.434036,4.764036,3.884036,1.9240359
-1.2059641,-0.24596405,0.544036,2.424036,2.394036,2.3540359,2.034036,3.1040359,2.924036,3.304036,2.814036,3.404036,2.314036,0.9040359,1.714036,1.0440359,0.9640359,1.584036,2.784036,2.884036,2.004036,3.1240358,2.964036,3.024036,4.2240357,6.164036,6.8040357,6.894036,7.3040357,7.394036,7.9740357,7.8640356,7.0040355,6.914036,6.7440357,7.0040355,6.894036,7.4740357,5.604036,5.034036,2.294036
