wind.json
{"header": {"discipline":0,"disciplineName":"Meteorological products","gribEdition":2,"gribLength":1125,"center":7,"centerName":"US National Weather Service - NCEP(WMC)","subcenter":0,"refTime":"2023-06-30T06:00:00.000Z","significanceOfRT":1,"significanceOfRTName":"Start of forecast","productStatus":0,"productStatusName":"Operational products","productType":1,"productTypeName":"Forecast products","productDefinitionTemplate":0,"productDefinitionTemplateName":"Analysis/forecast at horizontal level/layer at a point in time","parameterCategory":2,"parameterCategoryName":"UnknownDiscipline_0_Category_2","parameterNumber":2,"parameterNumberName":"UnknownParameter_D0_C2_2","parameterUnit":"Unknown","genProcessType":2,"genProcessTypeName":"Forecast","forecastTime":120,"surface1Type":103,"surface1TypeName":"Specified height level above ground","surface1Value":10.0,"surface2Type":255,"surface2TypeName":"Missing","surface2Value":0.0,"gridDefinitionTemplate":0,"gridDefinitionTemplateName":"Latitude_Longitude","numberPoints":688,"shape":6,"shapeName":"Earth spherical with radius of 6,371,229.0 m","gridUnits":"degrees","resolution":48,"winds":"true","scanMode":64,"nx":43,"ny":16,"basicAngle":0,"lo1":45.0,"la1":40.0,"lo2":87.0,"la2":55.0,"dx":1.0,"dy":1.0}, "data":
[rows 0 to 15 of 16, columns 0 to 42 of 43]
0.23809387,-2.9919062,-2.9119062,-3.7319062,-4.771906,-0.33190614,0.34809387,-1.1019062,-0.48190612,0.018093873,-1.7719061,-0.33190614,0.65809387,0.018093873,0.55809385,-0.58190614,-0.75190616,-0.48190612,-0.49190614,-0.36190614,0.35809386,-1.9319061,-2.7219062,-3.2019062,-0.88190615,2.9680939,2.138094,0.17809387,0.40809387,1.4880939,0.18809387,-1.0219061,0.46809387,0.8780939,3.8280938,0.98809385,1.4980938,-0.32190612,-1.2919061,-0.39190614,-0.48190612,-4.471906,-5.841906
-1.5219061,-2.6819062,-0.96190614,0.9380939,-2.311906,3.5180938,1.9080939,-0.19190612,0.7580939,-0.8019061,-0.44190612,0.7780939,3.178094,3.3280938,2.4980938,2.428094,0.8180939,1.2280939,0.6380939,1.0380939,0.5880939,0.3280939,0.8780939,-0.52190614,0.60809386,3.9680939,-0.41190612,2.5080938,3.908094,3.4980938,2.168094,2.408094,3.618094,0.028093873,0.058093872,-0.65190613,2.2680938,-0.30190614,0.39809388,-0.22190613,-2.9519062,-3.901906,-5.631906
-1.5319061,0.72809386,-0.6219061,-0.051906127,3.0480938,3.2380939,-0.31190613,-0.71190614,-1.0419061,-0.36190614,-0.8019061,-0.32190612,1.3480939,0.9680939,3.0180938,3.378094,3.858094,3.7380939,2.9980938,1.6880939,2.148094,3.2580938,1.1180938,2.108094,3.138094,3.5880938,1.3580939,-0.14190613,1.0580939,2.2980938,4.138094,2.0380938,1.0680939,0.24809387,-1.2419062,0.6480939,-0.04190613,-1.7919061,-2.651906,-5.9119062,-3.4719062,-3.2719061,0.8780939
-0.111906126,-0.44190612,-3.2419062,-0.38190612,-3.581906,-2.4519062,-2.1919062,-4.5619063,-4.381906,-3.831906,-1.7819061,-0.8519061,-0.051906127,1.4480939,2.2380939,1.9080939,3.8280938,3.0880938,1.6580939,2.2280939,2.958094,3.8080938,3.438094,4.558094,4.548094,6.728094,3.2880938,5.8380938,1.8080939,2.098094,4.6280937,-0.39190614,0.79809386,-1.6419061,0.42809388,0.78809386,-0.83190614,1.2680938,1.2580938,0.79809386,1.1180938,3.0480938,0.098093875
-4.611906,-4.451906,-5.821906,-4.131906,-3.7219062,-1.6619061,-2.591906,-2.2419062,-0.6619061,0.36809388,-0.30190614,1.1180938,1.7480938,0.78809386,0.78809386,0.6480939,2.0580938,1.6580939,3.0280938,4.868094,4.498094,4.768094,5.288094,7.5880938,6.758094,7.138094,7.478094,7.138094,5.038094,3.4980938,4.1680937,0.33809388,1.2480938,2.4680939,1.9780939,0.92809385,2.4880939,2.2280939,1.3480939,0.8780939,-0.57190615,0.43809387,1.9580939
-4.451906,-4.4119062,-4.301906,-2.631906,-1.1419061,-0.40190613,-0.18190613,-1.6019062,-0.57190615,1.1080939,2.0480938,1.0380939,-0.49190614,1.3080939,1.1880939,-0.48190612,2.668094,2.4880939,3.898094,4.388094,4.408094,4.3380938,5.0880938,7.058094,8.318094,8.668094,8.748094,2.3380938,5.1280937,1.3080939,5.9180937,3.688094,3.708094,4.988094,5.598094,2.0180938,-4.881906,-2.331906,4.1480937,0.04809387,6.228094,4.258094,5.6080937
-3.111906,-2.551906,-1.5019062,-2.4719062,-1.8619062,-2.871906,-2.9919062,-2.5319061,-0.82190615,-0.25190613,0.36809388,-0.41190612,0.11809387,0.8180939,0.9580939,-0.07190613,1.9180939,2.2580938,2.9980938,3.848094,3.158094,4.058094,5.308094,3.858094,4.618094,4.968094,6.368094,4.078094,4.038094,-1.0119061,5.8780937,3.0680938,5.318094,5.678094,4.508094,5.078094,6.018094,0.41809386,7.4180937,6.508094,11.258093,9.178094,4.8380938
-4.631906,-4.651906,-4.251906,-4.051906,-2.901906,-3.4519062,-2.1819062,-2.4319062,-2.541906,-1.8319061,-1.2019061,0.5780939,0.42809388,0.33809388,-0.14190613,0.54809386,-0.63190615,0.33809388,0.98809385,1.0480939,2.0180938,2.598094,-0.111906126,-0.27190614,-0.47190613,0.73809385,0.5880939,0.28809386,5.0880938,2.2880938,2.2180939,2.7180939,3.2180939,2.128094,2.5180938,6.978094,9.518094,9.128094,9.018094,5.968094,6.048094,0.7580939,-0.96190614
-3.581906,-2.811906,-2.7119062,-2.4619062,-1.9219061,-1.1119062,-1.6219062,-0.76190615,-1.1519061,-0.7319061,-0.32190612,0.17809387,-0.9719061,-0.13190612,-1.0419061,-0.47190613,-0.31190613,0.25809386,-0.10190613,-0.35190612,-2.041906,-2.571906,-2.141906,-3.141906,-3.601906,-2.561906,-1.9619061,-1.8219061,-0.081906125,-0.5519061,-2.591906,-0.25190613,0.10809387,0.38809386,-0.7419061,-0.18190613,2.098094,3.7380939,5.718094,3.3180938,9.838094,10.338093,6.788094
-2.7519062,-2.811906,-2.151906,-1.6119062,-1.1719061,0.6380939,-1.1119062,-1.1819061,-2.111906,-1.1819061,-1.2319062,-1.5719061,-1.1619061,-1.6419061,-1.4519061,-1.0019062,-2.321906,-2.111906,-2.4219062,-2.9619062,-2.7119062,-4.281906,-6.201906,-3.9519062,-3.2619061,-5.0619063,-6.421906,-2.541906,-4.1219063,-2.9419062,-2.581906,-3.2219062,-2.5019062,-1.7519062,0.11809387,0.44809386,1.4180939,3.9680939,5.028094,3.9880939,5.6680937,1.9080939,3.3180938
-1.0019062,-0.37190613,0.12809387,0.92809385,0.65809387,-0.95190614,-1.2919061,-0.59190613,-1.8119061,-2.1619062,-1.4019061,-1.8719062,-2.1619062,-2.9419062,-1.8619062,-2.641906,-3.841906,-3.331906,-3.1919062,-2.891906,-3.331906,-4.261906,-4.721906,-4.021906,-2.2819061,-4.571906,-5.1619062,-5.901906,-5.6419063,-5.221906,-4.0619063,-4.1419063,-3.2219062,-2.0119061,-1.2719061,0.04809387,0.48809388,3.5380938,2.0780938,0.59809387,2.2180939,2.918094,1.2280939
-1.2519062,0.26809388,-0.0019061279,-0.16190612,0.038093872,0.28809386,0.058093872,-1.1419061,-1.9219061,-0.9319061,-1.1819061,-1.2119061,-0.96190614,-2.081906,-2.5019062,-3.121906,-3.4219062,-4.511906,-5.1619062,-4.341906,-5.711906,-5.721906,-4.8919063,-4.001906,-5.9119062,-6.381906,-6.431906,-6.971906,-6.301906,-4.381906,-4.001906,-3.6919062,-2.4119062,-2.061906,-1.2219062,-3.4519062,-3.7219062,-3.111906,-1.4219061,0.5680939,1.1680939,-0.5319061,2.458094
-0.57190615,-0.9919061,-2.121906,-1.9819062,-1.6819061,-0.96190614,-0.88190615,-2.041906,-2.121906,-1.4119061,-1.8219061,-1.0319061,-1.9819062,-3.371906,-3.151906,-3.4819062,-3.291906,-3.151906,-3.601906,-4.631906,-5.3919063,-4.771906,-5.181906,-6.091906,-6.1419063,-5.751906,-6.191906,-6.301906,-5.341906,-4.531906,-4.471906,-4.3519063,-3.7619061,-4.151906,-3.9519062,-3.7319062,-3.4519062,-4.3119063,-3.311906,-2.351906,-1.7819061,1.3880938,1.7180939
-0.83190614,-1.2719061,-0.84190613,0.13809387,-0.30190614,-0.58190614,0.91809386,-0.6719061,-1.9919062,-1.2119061,-1.9919062,-0.5419061,-1.8119061,-3.7019062,-3.2819061,-3.1619062,-2.641906,-1.8019061,-1.8919061,-2.321906,-3.341906,-4.301906,-4.401906,-5.211906,-5.3319063,-6.031906,-6.341906,-6.301906,-6.1419063,-6.201906,-5.7919064,-5.531906,-5.131906,-5.031906,-4.6619062,-4.6619062,-5.231906,-4.3319063,-4.2919064,-2.891906,-2.2419062,-4.8319063,-2.871906
0.8880939,0.37809387,0.018093873,0.44809386,3.0480938,1.6380938,1.5080938,0.53809386,-0.88190615,-1.7719061,-1.1819061,-2.341906,-1.0119061,-1.0119061,-3.2819061,-2.7019062,-1.7719061,-2.401906,-0.7419061,-1.6419061,-2.5019062,-3.851906,-4.441906,-3.551906,-4.021906,-4.5819063,-4.6419063,-4.881906,-5.461906,-5.611906,-5.381906,-5.381906,-4.551906,-6.001906,-5.8919063,-6.241906,-5.531906,-5.591906,-6.031906,-6.0819063,-5.2919064,-4.431906,-2.9119062
1.3580939,1.2680938,0.8780939,1.1080939,0.2980939,1.1080939,0.8980939,1.2580938,0.8380939,0.6380939,-1.3119061,-1.1819061,-1.9819062,-2.0319061,-0.77190614,-2.081906,-1.3119061,-1.3819062,-1.0219061,-0.4219061,-1.3419061,-3.1719062,-3.121906,-3.2319062,-3.331906,-3.821906,-3.4919062,-4.001906,-3.2719061,-4.431906,-4.3919063,-4.671906,-5.461906,-5.3119063,-5.981906,-6.0819063,-5.9119062,-5.921906,-6.071906,-7.001906,-6.6619062,-5.761906,-4.251906
