wind.json
{"header": {"discipline":0,"disciplineName":"Meteorological products","gribEdition":2,"gribLength":1211,"center":7,"centerName":"US National Weather Service - NCEP(WMC)","subcenter":0,"refTime":"2023-06-27T12:00:00.000Z","significanceOfRT":1,"significanceOfRTName":"Start of forecast","productStatus":0,"productStatusName":"Operational products","productType":1,"productTypeName":"Forecast products","productDefinitionTemplate":0,"productDefinitionTemplateName":"Analysis/forecast at horizontal level/layer at a point in time","parameterCategory":2,"parameterCategoryName":"UnknownDiscipline_0_Category_2","parameterNumber":3,"parameterNumberName":"UnknownParameter_D0_C2_3","parameterUnit":"Unknown","genProcessType":2,"genProcessTypeName":"Forecast","forecastTime":240,"surface1Type":103,"surface1TypeName":"Specified height level above ground","surface1Value":10.0,"surface2Type":255,"surface2TypeName":"Missing","surface2Value":0.0,"gridDefinitionTemplate":0,"gridDefinitionTemplateName":"Latitude_Longitude","numberPoints":688,"shape":6,"shapeName":"Earth spherical with radius of 6,371,229.0 m","gridUnits":"degrees","resolution":48,"winds":"true","scanMode":64,"nx":43,"ny":16,"basicAngle":0,"lo1":45.0,"la1":40.0,"lo2":87.0,"la2":55.0,"dx":1.0,"dy":1.0}, "data":
[rows 0 to 15 of 16, columns 0 to 42 of 43]
-1.7535083,-1.5335083,2.3564918,3.5064917,-2.0735083,-9.613508,-6.903508,-5.3435082,-0.1335083,1.7464917,-5.1035085,-5.3535085,-6.773508,-7.693508,-10.023508,-6.3535085,-6.2035084,-6.133508,-7.7635083,-7.713508,-5.1835084,-6.6435084,-4.233508,-5.8535085,16.326492,7.866492,4.4264917,-3.7135084,-2.5235083,-6.1635084,-2.5735083,-7.483508,3.6964917,0.9764917,-1.7235084,-2.2635083,-4.903508,-8.113508,-5.9735084,-2.6935084,-6.6835084,-6.673508,-1.8835083
-0.1935083,-0.1835083,5.226492,3.6764917,-8.393508,-7.8335085,-5.523508,-5.4135084,-4.5535083,-5.2235084,-4.0335083,-6.693508,-7.023508,-8.623508,-7.253508,-6.3035083,-4.8935084,-5.193508,-7.1235085,-9.613508,-4.4935083,-6.7235084,-5.773508,-3.8135083,-4.0535083,-4.7035084,-0.7735083,5.286492,1.2064917,3.0264916,-1.4735084,-2.7835083,-3.5735083,0.2764917,-3.3635082,-0.2835083,-3.2435083,-7.4735084,-6.5335083,0.0064916993,-2.7435083,-1.9335083,-3.9135084
-0.0735083,2.0164917,-2.8935082,-4.423508,-6.3935084,-5.883508,-6.0535083,-6.0335083,-6.5335083,-6.773508,-4.8335085,-4.4135084,-6.0735083,-6.673508,-5.7035084,-5.9535084,-5.3135085,-6.6235085,-7.0335083,-7.0935082,-6.1635084,-6.1635084,-12.823508,-7.1035085,-5.0735083,-4.173508,-1.4035083,-2.7235084,2.6464918,2.6464918,-0.2735083,-1.5635083,-1.3535084,-2.9235084,-3.1335082,-3.5035083,0.9364917,-4.173508,-3.8235083,-2.4035082,2.9564917,-2.1535082,4.096492
-0.8735083,-2.1635084,-1.7135082,-3.9235084,-8.043509,-9.793509,-10.483508,-8.313508,-7.5535083,-8.193508,-5.423508,-6.273508,-5.8435082,-5.3035083,-6.3935084,-7.7835083,-10.263508,-9.3335085,-7.363508,-6.403508,-5.9735084,-4.3535085,3.0164917,-8.673509,-5.0335083,-2.3835082,5.9164915,-1.1635083,5.766492,3.9164917,-1.2535083,-1.5635083,-1.7235084,-2.2835083,1.0764917,-1.4535083,0.3364917,2.8364916,3.8764918,-0.1435083,0.2464917,1.3064917,1.5664917
-0.3635083,-3.3835082,-1.7435083,-5.2435083,-7.8335085,-10.0835085,-8.883509,-9.263508,-8.783508,-7.0135083,-6.3135085,-6.1635084,-5.1235085,1.6064917,-0.8335083,-3.8735082,-6.693508,-5.2935085,-4.3235083,-5.4935083,-7.2435083,-5.523508,-6.363508,-6.173508,-6.1835084,-4.7935085,-4.363508,-4.193508,9.846492,4.3364916,1.7564917,-2.1935084,7.1464915,0.8164917,-0.3235083,2.3864918,2.2464917,1.0764917,3.3764918,1.4964917,2.0564916,5.056492,-3.6635084
-1.3935083,0.6864917,0.3464917,0.1664917,-1.6635083,-4.4935083,-6.9935083,-7.9935083,-7.8735085,-8.033508,-7.383508,-5.9335084,-4.503508,4.746492,3.1964917,-0.9635083,-4.0735083,-1.5635083,-6.4535084,-5.463508,-3.7535083,-2.7935083,-4.753508,-3.1435082,-6.2835083,-6.8435082,-5.273508,-2.4435084,-4.9735084,-0.5735083,-3.3135083,-4.0835085,-2.9835083,-2.6235082,0.1764917,-1.4135083,-0.9735083,0.6864917,-8.093509,-0.8035083,-1.3035083,-2.0235083,-2.4935083
-3.7535083,-4.8935084,-5.5435085,-6.3735085,3.7764916,1.3564917,-2.3835082,-3.4435084,-6.5335083,-8.383509,-7.5535083,-9.853508,-15.633509,7.6564918,3.8464918,3.6464918,-1.9535083,-5.633508,-5.2235084,-5.8335085,-3.6435082,-3.5935082,-5.0835085,-4.943508,-4.923508,-6.5835085,-4.523508,-4.633508,-3.7335083,3.6364918,-0.8835083,-1.8435082,-2.8635082,-1.5535083,0.8364917,6.786492,3.7264917,5.8564916,0.8964917,1.5664917,-2.2335083,2.6264918,0.5964917
-4.5135083,-4.6835084,-5.2235084,-5.9535084,-6.3135085,-7.0335083,-7.0135083,-6.963508,-8.293509,-7.2435083,-6.003508,-4.9535084,-9.643508,-7.1235085,-1.1135083,-2.5135083,-5.1035085,-4.5535083,-6.5135083,-4.8235083,-3.3735082,-1.3635083,-3.6635084,-5.883508,-6.7035084,-4.403508,-3.7635083,-7.423508,-1.4935083,-2.0135083,-0.2035083,0.4064917,-1.8235083,-5.363508,7.226492,4.8364916,7.8364916,3.2264917,3.1264918,2.8264916,-0.6135083,1.7064917,-3.0535083
-3.7035084,-4.7935085,-5.1235085,-5.8235083,-6.903508,-6.403508,-6.5535083,-6.983508,-7.773508,-5.9735084,-5.3335085,5.6664915,1.7064917,-5.5435085,-5.5435085,-2.8135083,-5.3535085,-0.1435083,-8.463509,-8.743508,-2.4035082,-5.3235083,-4.6035085,-8.943508,-6.5935082,-6.8535085,-6.653508,-5.233508,-5.9935083,-6.483508,-5.733508,-7.0535083,-3.8835082,-4.9735084,-10.553509,-9.703508,-7.403508,-3.8535082,-3.6535082,-3.1635084,-0.2535083,0.6664917,0.7964917
-5.0335083,-4.5635085,-5.3535085,-6.3535085,-6.693508,-6.0535083,-6.133508,-7.653508,-7.3435082,-6.613508,-5.403508,-7.4135084,-3.8435082,-4.7235084,-2.8735082,-4.7635083,-5.173508,-1.7835083,-4.0835085,-5.633508,-5.423508,-7.383508,-4.003508,-2.5935082,-6.2835083,-6.6835084,-6.2435083,-6.2935085,-5.003508,-5.003508,-1.9935083,-6.0335083,-5.4135084,4.496492,6.1564918,2.5464916,-0.5835083,-1.3535084,-4.363508,-0.2535083,0.3864917,-0.2335083,1.4964917
-4.633508,-5.213508,-5.4735084,-6.463508,-6.5835085,-7.3235083,-6.7435083,-7.003508,-4.4335084,-6.3335085,-8.673509,-3.9935083,-2.8435082,-6.0935082,-4.0835085,-3.5435083,-2.4835083,-5.1635084,-4.253508,-5.2635083,-5.3735085,-6.883508,-5.8335085,-2.5535083,-4.5935082,-4.5935082,-2.7235084,-6.0435085,-0.5435083,-1.5935082,-3.1435082,-4.0435085,-4.943508,-9.393508,-6.463508,-6.5935082,-5.1635084,-0.7535083,1.0764917,-1.6535083,1.8164917,1.2164917,-1.2135082
-2.4335084,-5.3935084,-6.0535083,-5.8235083,-6.3335085,-6.923508,-7.2035084,-6.3135085,-3.9435084,-3.3135083,-3.6835084,-5.8935084,-3.4035082,-5.4335084,-6.2435083,-5.423508,-7.3535085,-8.733508,-8.5835085,-2.2535083,-7.1835084,-6.863508,-5.363508,-5.8435082,-3.9935083,-2.1335082,-5.613508,-5.3935084,-1.9135083,-2.3535082,-3.7335083,-3.6435082,-4.693508,-2.1735084,-4.7035084,-3.9835083,-3.3335083,-4.4335084,0.4164917,0.4264917,-1.7935083,-1.0735083,-1.4235083
-3.2335083,-3.1135082,-4.7935085,-6.4335084,-5.3735085,-5.8535085,-6.0735083,-6.443508,-5.2435083,-5.8735085,-6.1635084,-3.4835083,-3.5935082,-4.8335085,-5.1035085,-6.423508,-6.923508,-7.943508,-7.7635083,-7.0935082,-5.7635083,-7.6435084,-6.5335083,-6.0635085,-5.2035084,-4.633508,-4.6835084,-7.5335083,-2.0035083,5.766492,0.9164917,-2.7435083,-3.6035082,-2.7035084,-1.4635082,-2.4535084,-0.4735083,-0.4335083,1.3664917,3.3564918,2.4464917,-1.1935083,-1.2135082
-2.8735082,-1.9935083,-2.7335083,-4.4135084,-5.0735083,-3.9435084,-4.483508,-3.6335082,-5.6635084,-6.4535084,-8.033508,-7.3535085,-0.4135083,-3.4035082,-5.1835084,-5.253508,-7.023508,-7.6235085,-7.2935085,-8.003509,-5.9935083,-7.863508,-6.8135085,-7.0735083,-6.8335085,-6.273508,-7.003508,-6.4735084,-9.893508,-5.8035083,-3.6135082,-4.2035084,-1.0535083,2.0064917,0.6464917,-1.2235084,-1.5435083,-3.6035082,1.7764916,5.866492,3.8564918,2.6664917,-0.8135083
-3.1935084,-3.3535082,-3.8935082,-4.5535083,-0.21350831,-3.6335082,-2.9035082,-4.1435084,-4.773508,-4.503508,-5.7435083,-5.253508,-4.0935082,-2.6535082,-3.4635084,-5.7935085,-6.193508,-6.653508,-6.8135085,-5.7835083,-7.443508,-6.943508,-7.6035085,-7.6635084,-8.363508,-9.253509,-8.233508,-7.4135084,-2.0635083,-5.4335084,-5.883508,-3.7635083,-3.1735084,-3.4535084,0.3664917,2.6664917,2.6164918,-1.9935083,-4.3235083,-4.8035083,-1.8035083,-0.5935083,-0.4835083
-0.6035083,-2.2335083,-3.2335083,-3.3035083,-1.6235083,-5.6435084,-5.003508,-4.023508,-3.6835084,-4.2635083,-4.2235084,-5.363508,-2.4535084,-5.0135083,-3.6135082,-4.253508,-7.0535083,-6.983508,-7.2835083,-7.173508,-7.0335083,-7.1635084,-6.0935082,-6.2035084,-7.5135083,-7.983508,-7.8435082,-8.723508,-9.133509,0.9464917,-5.7835083,-2.9435084,0.0164917,0.2064917,-1.1735083,0.1964917,1.6964917,1.0664917,0.4264917,-1.9635082,-2.2435083,-1.9135083,-0.123508304
