wind_kz.json
{"header": {"discipline":0,"disciplineName":"Meteorological products","gribEdition":2,"gribLength":1025,"center":7,"centerName":"US National Weather Service - NCEP(WMC)","subcenter":0,"refTime":"2023-09-25T18:00:00.000Z","significanceOfRT":1,"significanceOfRTName":"Start of forecast","productStatus":0,"productStatusName":"Operational products","productType":1,"productTypeName":"Forecast products","productDefinitionTemplate":0,"productDefinitionTemplateName":"Analysis/forecast at horizontal level/layer at a point in time","parameterCategory":2,"parameterCategoryName":"UnknownDiscipline_0_Category_2","parameterNumber":2,"parameterNumberName":"UnknownParameter_D0_C2_2","parameterUnit":"Unknown","genProcessType":2,"genProcessTypeName":"Forecast","forecastTime":0,"surface1Type":103,"surface1TypeName":"Specified height level above ground","surface1Value":10.0,"surface2Type":255,"surface2TypeName":"Missing","surface2Value":0.0,"gridDefinitionTemplate":0,"gridDefinitionTemplateName":"Latitude_Longitude","numberPoints":615,"shape":6,"shapeName":"Earth spherical with radius of 6,371,229.0 m","gridUnits":"degrees","resolution":48,"winds":"true","scanMode":64,"nx":41,"ny":15,"basicAngle":0,"lo1":47.0,"la1":41.0,"lo2":87.0,"la2":55.0,"dx":1.0,"dy":1.0}, "data":
[rows 0 to 14 of 15, columns 0 to 40 of 41]
-3.338393,-1.0183929,1.3716071,-1.358393,-2.148393,-1.7983929,-7.728393,-5.928393,-4.668393,-3.378393,-2.9683928,-3.2283928,-2.598393,-1.568393,-0.838393,-1.708393,-1.438393,0.34160706,-1.6783929,0.9216071,1.391607,1.191607,-1.2583929,-2.018393,-0.25839293,-1.4983929,-2.678393,-0.14839295,0.35160705,0.42160705,-1.198393,-0.43839294,0.0016070557,0.38160706,-0.7683929,-3.078393,-3.778393,-3.838393,-3.2183928,-2.288393,-2.678393
0.031607054,-0.92839295,-2.4583929,-3.308393,-1.5083929,-6.498393,-5.758393,-5.178393,-5.808393,-5.458393,-3.908393,-3.428393,-0.85839295,-0.588393,-0.68839294,-0.62839293,0.48160705,-2.818393,-5.428393,-3.7383928,-4.328393,-3.118393,-0.87839293,-2.098393,-0.12839295,1.1216071,-0.778393,0.25160706,-4.678393,-1.078393,-0.018392945,-0.48839295,-1.1383929,-2.418393,0.50160706,-0.85839295,-0.66839296,-1.2683929,-1.358393,1.3616071,2.131607
-1.938393,-4.348393,-1.6583929,-3.298393,-1.1383929,-4.298393,-5.998393,-4.668393,-6.118393,-4.638393,-2.9783928,-1.948393,-0.55839294,-1.058393,-3.9583929,-4.648393,-3.918393,-4.288393,-3.818393,-6.408393,-8.658393,-9.118393,-5.978393,-7.428393,-1.4183929,-3.508393,-1.738393,0.49160707,-1.958393,-1.0283929,-0.9483929,1.5816071,-0.24839294,0.041607056,-0.92839295,-0.8283929,0.6116071,0.07160705,2.431607,2.191607,2.8116071
-3.818393,-5.058393,-2.7283928,-0.59839296,-4.5683928,-4.728393,-4.698393,-4.218393,-4.908393,-3.648393,-2.638393,-3.018393,-3.748393,-3.798393,-4.378393,-3.6983929,-4.298393,-4.718393,-5.308393,-3.748393,-7.208393,-4.1083927,-2.118393,-5.808393,-5.868393,-4.728393,-5.008393,-7.958393,-5.018393,-2.618393,-0.30839294,-2.288393,0.81160706,-0.25839293,-0.35839295,-1.6683929,-2.108393,2.881607,0.50160706,-0.16839294,-0.028392944
-4.618393,-5.878393,-6.378393,-6.628393,-6.0883927,-5.148393,-4.388393,-3.9583929,-4.398393,-3.618393,-3.348393,-3.008393,-4.0883927,-4.158393,-3.748393,-3.918393,-4.508393,-4.538393,-4.3383927,-5.978393,-6.708393,-4.788393,-4.248393,-4.188393,-4.508393,-4.6083927,-4.618393,-3.818393,-3.368393,-3.358393,-2.4483929,-0.75839293,-1.0283929,1.8316071,-0.29839295,0.7916071,5.151607,0.64160705,2.5416071,-0.08839294,-0.6983929
-3.518393,-3.1983929,-5.468393,-5.0683928,-6.008393,-5.208393,-3.918393,-3.748393,-3.1983929,-3.148393,-2.2183928,-2.838393,-2.548393,-3.778393,-3.658393,-2.898393,-3.288393,-3.6983929,-3.888393,-3.898393,-4.418393,-3.618393,-3.2183928,-3.778393,-2.168393,-3.4683928,-1.818393,-1.2483929,-0.56839293,-0.42839295,-0.06839295,-0.27839294,-1.988393,-1.6483929,0.33160704,-0.68839294,2.0216072,3.191607,-0.09839294,-2.558393,-0.21839294
-2.088393,-1.078393,-1.3983929,-2.108393,-1.7983929,-2.9883928,-2.838393,-2.788393,-2.868393,-2.9583929,-3.418393,-3.388393,-3.048393,-2.7183928,-2.588393,-2.618393,-2.368393,-2.6983929,-3.428393,-3.648393,-3.148393,-3.258393,-3.498393,-3.508393,-3.028393,-2.508393,-1.2983929,-0.56839293,-0.588393,-1.058393,-0.73839295,0.53160703,4.501607,-0.93839294,0.6116071,0.51160705,-0.23839295,1.1116071,3.151607,1.5716071,-1.338393
-3.4483929,-4.368393,-3.808393,-3.148393,-2.538393,-3.098393,-2.628393,-2.058393,-1.568393,-1.8883929,-1.988393,-2.418393,-2.338393,-2.398393,-2.068393,-1.978393,-2.018393,-2.348393,-2.648393,-2.888393,-2.158393,-3.2083929,-2.748393,-2.508393,-2.168393,-0.27839294,0.971607,1.401607,1.021607,0.74160707,1.2016071,1.4916071,0.83160704,2.2716072,3.7916071,7.131607,5.321607,6.3916073,0.84160703,-6.738393,-2.288393
-3.408393,-3.378393,-3.108393,-2.4683928,-2.178393,-1.588393,-1.5383929,-2.588393,-2.308393,-1.3983929,-0.47839296,0.26160705,0.41160706,-0.008392944,-0.29839295,-0.19839294,-0.5183929,-1.588393,-2.648393,-2.588393,-1.9283929,0.45160705,1.3416071,1.881607,1.791607,2.351607,1.5916071,1.8216071,2.2616072,1.811607,3.111607,3.441607,3.331607,3.731607,4.831607,6.081607,2.5116072,1.541607,1.8216071,-0.21839294,0.47160706
-2.878393,-2.588393,-2.4383929,-2.168393,-2.548393,-1.4283929,-0.8883929,1.921607,2.661607,2.711607,2.091607,2.481607,-0.22839294,1.161607,0.46160707,1.021607,1.191607,1.9716071,1.411607,2.2916071,2.8116071,3.821607,3.3116071,1.7516071,1.6016071,1.911607,3.0516071,3.3016071,3.7716072,3.961607,4.131607,4.841607,4.721607,5.811607,3.501607,0.56160706,-1.438393,-0.68839294,1.1116071,1.6216071,1.281607
-1.068393,-0.09839294,0.9816071,0.38160706,1.161607,2.971607,3.231607,2.941607,1.8216071,-0.008392944,1.061607,1.191607,2.221607,2.191607,2.0116072,2.891607,3.421607,3.211607,2.5216072,2.881607,2.121607,2.161607,2.581607,2.8116071,3.0416071,3.2716072,3.2616072,3.741607,4.221607,5.031607,5.491607,4.021607,1.3316071,-3.028393,-2.758393,-1.6783929,-0.5183929,1.431607,0.36160704,0.65160704,0.15160705
1.281607,2.071607,1.801607,1.651607,1.2016071,0.09160706,0.30160704,0.65160704,1.551607,0.84160703,0.30160704,2.231607,1.671607,2.0216072,3.3016071,3.371607,2.121607,2.231607,1.511607,2.211607,2.431607,3.101607,2.5316072,2.621607,3.0516071,3.611607,3.611607,4.701607,4.601607,4.1816072,2.371607,-3.278393,-2.9583929,-3.038393,-1.688393,-2.068393,-1.208393,-0.67839295,1.4716071,0.59160703,0.43160707
0.34160706,0.83160704,2.171607,2.891607,2.2716072,1.051607,1.5016071,1.9516071,1.781607,1.5716071,0.6116071,1.2416071,1.5816071,2.151607,3.751607,3.001607,2.101607,2.8016071,2.731607,2.991607,2.7816072,2.971607,2.991607,3.141607,4.271607,3.931607,4.9116073,4.811607,3.451607,2.621607,-2.798393,-3.4583929,-3.4783928,-2.758393,-2.9383929,-1.708393,-1.4283929,-0.25839293,1.1116071,0.5416071,0.96160704
2.461607,0.23160705,0.93160707,0.78160703,0.7316071,1.8716071,1.8616071,1.941607,1.771607,2.961607,0.721607,0.87160707,1.791607,2.601607,2.121607,3.251607,3.131607,3.071607,2.851607,3.5216072,3.641607,3.721607,4.131607,3.921607,3.7716072,3.711607,3.251607,2.831607,0.87160707,-2.758393,-3.7383928,-3.518393,-2.648393,-2.7083929,-1.478393,-2.608393,-1.558393,-0.43839294,-2.088393,-0.528393,0.47160706
0.8616071,3.3016071,5.1616073,4.941607,4.541607,2.2916071,3.441607,3.201607,4.011607,2.131607,0.20160705,1.3216071,1.691607,1.681607,3.701607,3.481607,3.441607,3.411607,3.351607,3.871607,3.861607,4.011607,3.571607,3.421607,3.2916071,3.131607,2.831607,2.101607,0.44160706,-3.398393,-4.668393,-4.168393,-3.138393,-2.6883929,-2.858393,-2.578393,-1.618393,-1.578393,-0.84839296,-0.17839295,-1.058393
