wind_kz.json
{"header": {"discipline":0,"disciplineName":"Meteorological products","gribEdition":2,"gribLength":1025,"center":7,"centerName":"US National Weather Service - NCEP(WMC)","subcenter":0,"refTime":"2023-09-18T18:00:00.000Z","significanceOfRT":1,"significanceOfRTName":"Start of forecast","productStatus":0,"productStatusName":"Operational products","productType":1,"productTypeName":"Forecast products","productDefinitionTemplate":0,"productDefinitionTemplateName":"Analysis/forecast at horizontal level/layer at a point in time","parameterCategory":2,"parameterCategoryName":"UnknownDiscipline_0_Category_2","parameterNumber":2,"parameterNumberName":"UnknownParameter_D0_C2_2","parameterUnit":"Unknown","genProcessType":2,"genProcessTypeName":"Forecast","forecastTime":180,"surface1Type":103,"surface1TypeName":"Specified height level above ground","surface1Value":10.0,"surface2Type":255,"surface2TypeName":"Missing","surface2Value":0.0,"gridDefinitionTemplate":0,"gridDefinitionTemplateName":"Latitude_Longitude","numberPoints":615,"shape":6,"shapeName":"Earth spherical with radius of 6,371,229.0 m","gridUnits":"degrees","resolution":48,"winds":"true","scanMode":64,"nx":41,"ny":15,"basicAngle":0,"lo1":47.0,"la1":41.0,"lo2":87.0,"la2":55.0,"dx":1.0,"dy":1.0}, "data":
[rows 0 to 14 of 15, columns 0 to 40 of 41]
-0.10871582,1.0212842,-2.0587158,-4.7787156,-7.4087157,-8.428716,-8.028716,-8.228716,-8.788715,-6.0487156,-6.088716,-5.228716,-4.838716,-4.328716,-4.7587156,-5.9287157,-4.4887156,-7.4287157,-5.6787157,-1.7787158,1.8612841,2.7212842,2.1412842,2.9012842,-2.8687158,1.9912841,2.2412841,3.781284,1.4812841,2.8712842,5.431284,1.5412842,-0.5587158,-2.0887158,-3.6087158,-3.4087157,-4.268716,-4.098716,-6.2187157,0.42128417,0.96128416
-0.19871582,-2.8087158,-5.7387156,-6.6387157,-8.078716,-6.6787157,-7.288716,-8.618716,-7.318716,-6.6787157,-6.628716,-6.288716,-6.808716,-6.898716,-6.438716,-3.8987157,-2.198716,-3.3587158,-2.5187159,-6.348716,-4.518716,-2.9987159,0.44128418,2.8712842,1.0012841,0.09128418,1.1812842,2.7512841,4.211284,2.6412842,0.8212842,3.1412842,2.0012841,1.6912842,0.7512842,0.8112842,0.5512842,0.5112842,1.0212842,0.5012842,-1.9687158
-3.0787158,-6.958716,-7.538716,-7.618716,-7.7787156,-7.1787157,-7.118716,-5.2787156,-7.558716,-7.098716,-6.628716,-6.728716,-6.8887157,-7.668716,-7.378716,-7.578716,-7.518716,-6.348716,-4.118716,1.6812842,-3.3187158,-12.308716,-8.808716,-9.028716,-2.8187158,-3.208716,-1.0487158,0.58128417,3.4112842,0.8012842,2.3812842,-1.5487158,-0.7387158,1.6112841,-2.4187157,0.08128418,-0.38871583,-0.7687158,0.71128416,0.4012842,1.0412842
-7.328716,-7.878716,-7.9487157,-6.818716,-5.568716,-6.828716,-5.188716,-6.9287157,-6.418716,-6.9087157,-7.518716,-8.398716,-8.178716,-7.438716,-7.268716,-7.598716,-7.858716,-8.678716,-9.638716,-10.268716,-10.748715,-9.138716,-5.9487157,-7.4687157,-6.5087156,-5.518716,-4.188716,-5.998716,-3.6587157,-1.5187159,0.8712842,1.7512841,-0.2887158,-0.5887158,1.4012842,0.33128417,1.4112842,3.311284,-1.3787159,-0.9887158,-1.7787158
-6.6987157,-6.688716,-7.768716,-7.8887157,-7.2987156,-6.438716,-5.9487157,-5.918716,-5.878716,-5.9887156,-6.7187157,-7.568716,-6.2987156,-5.2187157,-3.9287157,-6.538716,-7.0287156,-7.098716,-7.418716,-8.1287155,-8.648716,-7.098716,-6.0087156,-5.5287156,-5.498716,-5.458716,-5.2787156,-3.1787157,-2.9087157,-3.3887157,-2.8987157,-1.3987159,1.9712842,2.9612842,-2.9987159,-0.5187158,-1.6287159,-3.5887158,-3.7987158,-1.9487158,-1.1487159
-6.608716,-6.378716,-7.538716,-6.878716,-7.4887156,-6.808716,-6.018716,-5.598716,-5.118716,-5.108716,-5.7187157,-5.578716,-5.458716,-4.5087156,-3.468716,-4.5087156,-4.868716,-5.608716,-5.458716,-5.1987157,-5.558716,-4.478716,-2.8787158,-1.8987159,-3.3687158,-4.368716,-4.5287156,-5.5487156,-4.358716,-3.8087158,-4.2587156,-3.9187157,-1.8887159,-1.1987158,-2.5687158,1.4112842,-1.1287159,-1.3787159,-1.3687158,1.2612842,0.12128418
-6.498716,-5.978716,-5.708716,-5.378716,-5.498716,-4.958716,-4.3887157,-4.2387156,-4.958716,-4.708716,-4.188716,-4.168716,-3.3887157,-3.5887158,-3.3087158,-3.7887158,-3.688716,-3.7687159,-4.0487156,-3.968716,-4.3887157,-3.698716,-3.7487159,-3.228716,-3.2487159,-1.4587158,-3.5187159,-2.8987157,-3.3587158,-2.8387158,-2.5187159,-2.238716,-1.6287159,-1.8287158,-1.1687158,-0.71871585,-0.0087158205,-1.8187158,-0.15871581,-0.72871584,0.7312842
-4.378716,-4.748716,-4.358716,-4.058716,-3.698716,-3.4287157,-3.2987158,-3.478716,-3.6387157,-3.188716,-2.8187158,-1.9287158,-1.7787158,-1.6587158,-1.5387158,-1.9687158,-2.4187157,-3.0987158,-2.9287157,-3.1587157,-2.988716,-2.6787157,-3.438716,-3.7487159,-1.8187158,-1.3887159,-1.8887159,-2.5087159,-3.0887158,-2.5487158,-2.3587158,-2.0487158,-2.3887157,-3.7487159,-3.5387158,-2.688716,-0.79871583,2.801284,1.6612842,2.6412842,2.8912842
-3.0887158,-2.8587158,-2.6187158,-2.7687159,-2.6387157,-2.198716,-2.2587159,-2.208716,-1.2687159,-0.8987158,-0.21871582,0.16128418,-0.13871582,0.02128418,-0.06871582,-0.52871585,-0.97871584,-1.6187158,-1.5187159,-1.7687159,-1.3087158,-1.8387158,-1.0387158,-0.30871582,-0.20871583,-1.6387159,-1.3487158,-1.3187158,-0.90871584,-0.41871583,-1.6287159,-1.9987159,-2.228716,-1.7287158,-1.4187158,-0.15871581,-1.5387158,-0.3187158,-0.4787158,0.36128417,1.2312841
-0.7387158,-1.1887158,-1.6887158,-1.7087158,-1.2787158,-1.0487158,-0.6187158,-0.16871582,0.44128418,1.0312842,1.2812842,2.1012843,1.4212842,1.0112842,0.17128418,-0.5187158,-0.48871583,0.08128418,-0.03871582,0.78128415,0.83128417,0.8712842,0.29128417,0.52128416,1.0112842,0.44128418,-1.4987159,-1.8287158,-0.79871583,-0.30871582,-0.35871583,-0.4787158,-0.8187158,-0.30871582,0.26128417,-0.2887158,1.0012841,-0.17871583,1.4812841,0.72128415,0.48128417
0.7612842,1.1812842,-0.018715821,-0.5587158,-0.5887158,-0.04871582,0.20128419,0.72128415,1.2312841,1.5812842,1.7312841,2.2312841,0.96128416,1.2012842,1.0312842,0.5712842,1.3812842,1.4012842,1.4012842,2.1512842,2.4612842,1.9912841,1.2312841,1.0112842,1.8412842,2.311284,-0.6887158,-0.26871583,0.41128418,-0.54871583,-0.2587158,-0.32871583,0.2712842,-0.9587158,-0.84871584,-0.07871582,0.5012842,0.36128417,0.15128417,-0.43871582,1.3212842
0.09128418,0.07128418,0.8612842,1.3712841,0.8512842,0.9812842,1.2912842,1.7812842,1.5812842,1.4212842,1.9612842,2.261284,2.1412842,1.8812842,1.3612841,1.5212842,2.061284,2.6512842,2.6112843,3.021284,3.1012843,2.6212842,2.1312842,1.8712841,2.4912841,2.1112843,1.0312842,-1.1187158,-0.45871583,0.20128419,0.32128417,0.24128418,0.18128417,-0.19871582,-1.4887158,-2.218716,-2.2587159,-1.7887158,-0.79871583,-0.08871582,-0.15871581
1.1912842,1.1012841,1.3812842,1.5612842,1.9112842,1.4812841,2.1612842,2.1712842,2.2412841,1.1212841,0.9412842,2.0712843,2.1012843,2.6812842,2.3212843,2.4412842,2.4312842,2.9512842,2.6112843,3.5912843,3.3712842,3.4612842,3.261284,2.791284,2.271284,2.311284,0.3712842,-1.4787158,0.101284176,1.0812842,1.7912842,1.7012842,1.6112841,2.0812843,1.5912842,1.5712842,0.7412842,0.16128418,-0.9587158,-0.8887158,-0.5587158
2.2412841,2.3412843,1.2912842,2.7512841,1.7712842,2.261284,2.4512842,2.9312842,2.6212842,1.9312842,1.2712842,1.5512842,1.9312842,2.6412842,2.531284,2.2212842,3.281284,3.6012843,3.6712842,4.171284,4.311284,4.2612844,4.541284,4.141284,3.7112842,2.4312842,1.6512842,1.6612842,0.8112842,2.5012841,2.5712843,2.9012842,2.8512843,3.311284,2.791284,3.1612842,2.3412843,2.2112842,2.1812842,1.5912842,1.4112842
2.4112842,2.6012843,3.011284,2.811284,3.031284,3.311284,4.291284,3.271284,3.561284,1.8912842,1.2612842,3.5912843,2.9412842,2.9312842,4.271284,3.9012842,4.441284,4.8212843,4.381284,5.141284,4.911284,4.7612844,4.4512844,4.3412843,3.8312843,3.3412843,3.4112842,3.6612842,2.8812842,2.5812843,3.6712842,4.581284,3.8812842,3.8712842,4.0512843,4.2012844,3.4612842,4.351284,3.9412842,3.291284,1.9512842
