wind_kz.json
{"header": {"discipline":0,"disciplineName":"Meteorological products","gribEdition":2,"gribLength":948,"center":7,"centerName":"US National Weather Service - NCEP(WMC)","subcenter":0,"refTime":"2023-08-23T12:00:00.000Z","significanceOfRT":1,"significanceOfRTName":"Start of forecast","productStatus":0,"productStatusName":"Operational products","productType":1,"productTypeName":"Forecast products","productDefinitionTemplate":0,"productDefinitionTemplateName":"Analysis/forecast at horizontal level/layer at a point in time","parameterCategory":0,"parameterCategoryName":"UnknownDiscipline_0_Category_0","parameterNumber":0,"parameterNumberName":"UnknownParameter_D0_C0_0","parameterUnit":"Unknown","genProcessType":2,"genProcessTypeName":"Forecast","forecastTime":0,"surface1Type":1,"surface1TypeName":"Ground or water surface","surface1Value":0.0,"surface2Type":255,"surface2TypeName":"Missing","surface2Value":0.0,"gridDefinitionTemplate":0,"gridDefinitionTemplateName":"Latitude_Longitude","numberPoints":615,"shape":6,"shapeName":"Earth spherical with radius of 6,371,229.0 m","gridUnits":"degrees","resolution":48,"winds":"true","scanMode":64,"nx":41,"ny":15,"basicAngle":0,"lo1":47.0,"la1":41.0,"lo2":87.0,"la2":55.0,"dx":1.0,"dy":1.0}, "data":
[rows 0 to 14 of 15, columns 0 to 40 of 41]
319.02008,302.92007,304.72006,300.72006,301.12006,299.82007,311.72006,321.02008,318.72006,319.82007,318.82007,320.62006,320.12006,319.72006,318.72006,318.22006,317.42007,317.42007,319.12006,317.92007,319.92007,315.32007,313.22006,308.42007,310.42007,313.12006,308.52008,293.12006,291.22006,290.02008,288.92007,290.72006,298.82007,306.72006,305.32007,303.02008,305.52008,305.12006,305.52008,304.22006,304.12006
290.32007,308.22006,300.12006,300.52008,300.82007,299.62006,319.92007,319.42007,318.02008,317.92007,318.72006,317.82007,317.32007,316.72006,319.92007,321.22006,319.12006,319.62006,318.32007,317.82007,317.82007,316.42007,313.12006,303.02008,294.12006,287.82007,300.52008,292.82007,294.62006,285.32007,287.22006,281.82007,290.62006,267.72006,286.62006,300.82007,298.72006,296.32007,303.32007,296.62006,285.32007
313.72006,299.92007,300.52008,300.82007,299.62006,316.92007,317.22006,318.12006,317.32007,316.52008,316.52008,317.92007,316.12006,313.72006,316.42007,318.82007,320.02008,317.42007,316.82007,317.12006,317.82007,314.62006,314.22006,308.42007,312.12006,310.62006,311.52008,310.52008,307.92007,295.92007,282.62006,285.22006,286.32007,289.12006,287.62006,295.22006,285.52008,287.62006,288.42007,282.52008,276.92007
316.42007,301.12006,301.02008,300.22006,302.32007,316.52008,316.82007,317.22006,317.92007,318.12006,317.42007,316.22006,298.12006,296.92007,315.72006,317.02008,317.32007,317.52008,317.52008,317.22006,314.62006,312.42007,314.92007,315.72006,315.42007,312.72006,314.62006,312.12006,311.22006,311.02008,311.02008,306.92007,310.52008,309.92007,307.12006,301.42007,285.82007,281.62006,286.32007,298.12006,302.32007
316.82007,300.92007,301.02008,300.92007,307.02008,313.82007,315.02008,316.92007,316.72006,316.22006,317.72006,318.72006,299.02008,296.72006,293.52008,315.32007,316.02008,313.52008,314.62006,314.52008,315.72006,317.42007,315.72006,315.12006,314.72006,315.82007,311.72006,306.52008,306.92007,307.72006,313.22006,309.22006,293.62006,283.22006,293.22006,299.32007,303.72006,310.32007,310.62006,308.02008,307.22006
313.42007,311.82007,299.62006,300.22006,300.92007,299.82007,315.32007,315.52008,315.32007,314.12006,315.22006,316.22006,299.32007,296.42007,303.42007,312.92007,316.62006,315.72006,315.72006,315.62006,315.82007,316.12006,315.62006,313.62006,313.52008,314.12006,309.32007,295.72006,310.72006,314.22006,311.82007,311.32007,309.22006,307.42007,303.82007,302.02008,294.62006,299.12006,305.92007,307.12006,304.32007
313.02008,312.22006,316.22006,304.12006,305.82007,313.32007,316.12006,314.12006,312.72006,312.22006,312.92007,311.62006,312.02008,309.32007,308.12006,313.42007,314.92007,315.32007,315.72006,314.52008,313.72006,314.82007,314.92007,315.52008,309.72006,308.62006,310.72006,309.82007,313.12006,312.52008,307.32007,307.12006,310.72006,310.42007,308.12006,305.32007,290.82007,287.02008,288.32007,288.02008,299.92007
311.32007,308.12006,315.32007,301.62006,313.82007,312.92007,311.62006,309.12006,308.32007,308.92007,308.72006,309.82007,308.02008,310.02008,311.32007,307.72006,313.32007,314.82007,313.82007,311.42007,311.82007,310.02008,310.02008,308.12006,310.92007,308.12006,306.32007,303.22006,307.52008,310.02008,307.02008,307.62006,303.62006,302.12006,302.92007,304.82007,302.52008,290.32007,302.82007,303.62006,297.82007
302.72006,307.52008,312.92007,312.62006,310.52008,309.12006,307.82007,307.62006,306.32007,305.72006,304.32007,305.62006,305.32007,307.72006,304.62006,307.82007,303.52008,302.72006,312.32007,311.32007,309.42007,306.82007,308.32007,308.12006,308.12006,305.42007,297.52008,304.32007,303.72006,301.32007,299.52008,303.72006,304.62006,304.82007,303.72006,300.22006,299.72006,298.92007,286.42007,287.72006,280.02008
299.02008,296.92007,301.82007,305.52008,300.22006,307.52008,305.82007,304.02008,303.42007,302.52008,300.72006,300.12006,303.72006,304.02008,305.02008,305.22006,298.12006,296.82007,297.32007,309.42007,309.32007,309.02008,309.92007,308.52008,303.32007,305.32007,304.32007,303.12006,301.82007,304.52008,302.42007,305.92007,306.42007,306.72006,305.62006,301.52008,297.12006,292.42007,290.72006,288.52008,287.02008
302.72006,301.82007,295.22006,301.62006,295.42007,303.52008,303.42007,302.92007,302.02008,300.12006,299.32007,296.72006,301.62006,298.82007,302.92007,301.82007,297.32007,295.42007,294.62006,305.82007,307.42007,308.02008,306.72006,304.82007,307.32007,307.42007,302.92007,304.52008,301.62006,307.92007,307.32007,307.42007,306.32007,305.52008,304.72006,300.82007,292.32007,290.92007,294.42007,291.22006,290.12006
301.02008,301.72006,301.92007,302.02008,302.12006,300.82007,299.22006,299.82007,299.52008,297.72006,297.12006,291.62006,291.72006,293.52008,297.02008,292.52008,297.62006,296.82007,293.62006,292.22006,297.02008,304.22006,306.02008,306.52008,305.32007,306.52008,303.12006,308.52008,307.62006,306.32007,305.42007,306.12006,305.62006,302.52008,302.52008,302.52008,300.32007,299.42007,297.22006,296.62006,295.52008
292.32007,298.02008,300.62006,298.52008,297.62006,296.32007,297.62006,294.42007,295.12006,297.12006,292.32007,290.42007,286.92007,290.92007,294.22006,294.42007,294.32007,294.42007,292.62006,291.02008,294.92007,303.92007,304.22006,304.02008,305.82007,298.22006,307.22006,296.82007,305.82007,304.62006,304.52008,303.02008,301.42007,300.92007,302.62006,300.62006,299.82007,299.12006,298.62006,297.12006,295.92007
294.92007,293.42007,293.52008,292.12006,294.72006,290.22006,291.22006,292.82007,293.22006,296.12006,291.52008,289.02008,288.32007,291.12006,292.32007,291.02008,291.72006,290.72006,291.62006,293.22006,294.42007,293.02008,303.42007,304.42007,305.32007,305.02008,305.82007,295.62006,303.92007,303.22006,301.72006,301.42007,299.72006,298.32007,298.32007,297.82007,297.42007,296.52008,297.12006,296.22006,296.72006
290.02008,296.92007,291.62006,294.82007,296.32007,290.22006,289.92007,290.02008,291.12006,293.42007,289.72006,290.42007,288.22006,288.72006,290.22006,292.22006,291.92007,289.72006,286.82007,288.62006,291.22006,296.12006,299.32007,302.72006,304.02008,303.62006,302.52008,299.52008,302.52008,301.42007,294.62006,293.32007,297.92007,297.02008,297.02008,296.52008,296.52008,295.12006,297.02008,296.62006,295.92007
