wind_kz.json
{"header": {"discipline":0,"disciplineName":"Meteorological products","gribEdition":2,"gribLength":1025,"center":7,"centerName":"US National Weather Service - NCEP(WMC)","subcenter":0,"refTime":"2023-09-29T00:00:00.000Z","significanceOfRT":1,"significanceOfRTName":"Start of forecast","productStatus":0,"productStatusName":"Operational products","productType":1,"productTypeName":"Forecast products","productDefinitionTemplate":0,"productDefinitionTemplateName":"Analysis/forecast at horizontal level/layer at a point in time","parameterCategory":2,"parameterCategoryName":"UnknownDiscipline_0_Category_2","parameterNumber":2,"parameterNumberName":"UnknownParameter_D0_C2_2","parameterUnit":"Unknown","genProcessType":2,"genProcessTypeName":"Forecast","forecastTime":240,"surface1Type":103,"surface1TypeName":"Specified height level above ground","surface1Value":10.0,"surface2Type":255,"surface2TypeName":"Missing","surface2Value":0.0,"gridDefinitionTemplate":0,"gridDefinitionTemplateName":"Latitude_Longitude","numberPoints":615,"shape":6,"shapeName":"Earth spherical with radius of 6,371,229.0 m","gridUnits":"degrees","resolution":48,"winds":"true","scanMode":64,"nx":41,"ny":15,"basicAngle":0,"lo1":47.0,"la1":41.0,"lo2":87.0,"la2":55.0,"dx":1.0,"dy":1.0}, "data":
[rows 0 to 14 of 15, columns 0 to 40 of 41]
-2.0212574,-0.7212573,0.6487427,-1.8112574,-7.4412575,-8.771257,-5.8612576,-5.9112573,-6.6212573,-4.201257,-3.6112573,-4.3112574,-3.9612572,-3.6312573,-3.0112574,-3.0012574,-2.5712574,-1.3712573,-4.0812573,-1.7212573,0.6487427,-0.09125733,-0.25125733,-0.24125732,-1.4512573,-1.8612573,-1.7512573,-0.5512573,1.1687427,0.90874267,0.9387427,1.8187426,-0.96125734,1.2787427,2.9687426,-0.42125732,2.5887427,2.9687426,2.3287427,-1.2312573,-3.2012572
2.3787427,0.34874266,-2.3112574,-8.851257,-9.021257,-8.141257,-4.511257,-7.261257,-5.1512575,-4.571257,-2.9512572,-3.9012573,-3.2912574,-2.4012573,-1.7412573,-2.8912573,-0.6812573,-2.8112574,-2.4912574,-1.3312573,-1.0012573,-0.9312573,-2.1912572,-2.1212573,0.17874268,0.66874266,-0.021257324,0.46874267,-1.3912573,-0.021257324,0.078742675,-0.11125732,1.4787427,-0.9712573,0.37874267,-0.7912573,0.42874268,0.5587427,-0.39125732,1.3787427,-1.2412573
-1.4412574,-5.3712573,-8.191257,-8.971257,-7.971257,-5.8512573,-4.7112575,-2.8812573,-4.1812572,-3.6112573,-3.6712573,-3.5412574,-2.7912574,-2.0612574,-1.9612573,-2.6812572,-3.0612574,-1.9012573,-1.1312573,-0.76125735,0.92874265,-0.57125735,-4.6812572,-3.6012573,2.1487427,1.6487427,2.4987426,0.90874267,-1.6012573,-0.31125733,-0.24125732,2.5187426,0.028742677,0.17874268,-1.3012574,-1.8312573,-0.13125733,-0.18125732,3.2587426,1.7587427,1.6987426
-6.7112575,-10.501257,-10.041257,-8.281258,-6.241257,-4.4212575,-2.7712574,-3.9312572,-2.7812574,-2.2112572,-1.5512574,-1.4612573,-2.3012574,-2.3012574,-2.7712574,-3.1612573,-3.0912573,-3.1612573,-2.1512573,-1.3412573,-1.0512574,-2.1312573,2.7887428,1.4887427,0.16874267,-0.22125733,-0.041257326,-0.46125734,2.3787427,2.9887426,1.7087426,1.0587426,0.8087427,-0.7312573,-3.0312574,-2.5712574,-1.0412574,1.7787427,0.6487427,0.49874267,0.8087427
-8.531258,-9.861258,-9.191257,-8.001257,-6.051257,-4.491257,-4.0612574,-2.1812572,-3.2512574,-2.7112572,-2.2112572,-1.5412574,-0.9812573,-2.0312574,-2.4412572,-2.3212574,-2.3712573,-1.9112573,-1.1012573,-1.0012573,-1.2112573,-1.3212574,-0.77125734,0.08874267,1.7287427,1.8087426,1.0287427,2.4587426,2.3687427,2.8687427,2.6587427,-0.16125733,-0.6912573,2.0387428,2.6887426,2.7487426,1.3587427,0.91874266,1.0387427,3.2387426,2.4887426
-6.8312573,-4.8912573,-8.301257,-7.3812575,-6.2312574,-5.3912573,-3.5812573,-2.9912574,-2.8712573,-2.2112572,-2.8912573,-3.0012574,-2.4912574,-2.7912574,-2.8512573,-1.8012574,-1.5212573,-0.59125733,-0.44125733,0.5687427,-0.83125734,-0.71125734,0.08874267,0.19874267,0.8287427,1.6887426,3.2987428,4.7087426,3.6987426,3.4887426,3.0487428,3.4087427,4.6487427,4.1687427,1.4287426,-0.29125732,1.0787426,3.1787426,5.3187428,1.1787426,1.5887427
-4.721257,-4.5212574,-4.491257,-4.221257,-4.2712574,-3.7812574,-3.4512572,-3.1112573,-3.1612573,-2.4712572,-2.1912572,-2.0912573,-1.4012573,-0.9212573,-0.71125734,-0.35125732,0.028742677,0.24874267,-0.24125732,-0.23125732,-0.22125733,0.118742675,-0.11125732,0.29874268,0.5587427,1.4487426,1.4487426,1.5687426,2.1887426,1.2587427,3.1287427,3.4387426,3.5287428,2.9887426,1.0887427,-1.7812573,0.12874268,2.6687427,0.8087427,1.3787427,2.5887427
-4.0412574,-4.1612573,-3.6712573,-3.4112573,-3.0312574,-2.3512573,-2.0312574,-1.9812573,-1.1412573,-1.0712574,-0.6612573,0.27874267,0.46874267,0.73874265,1.1387427,1.2187427,1.4287426,1.7487427,1.0987427,0.8687427,1.9787427,1.3087426,1.2787427,0.5087427,0.8387427,1.1987426,2.4487426,2.3887427,2.6487427,3.2687426,2.3987427,3.1487427,1.8987427,1.3187426,1.5487427,3.1687427,3.8387427,2.1287427,-3.3812573,-4.0012574,-0.09125733
-2.9212573,-2.4612572,-2.4012573,-0.9712573,-0.16125733,0.31874266,0.37874267,0.5887427,0.79874265,1.4987427,2.2187426,1.6187427,2.9087427,1.9987427,2.3087428,2.0387428,2.7887428,2.5887427,3.0087426,2.9487426,3.0587428,2.4387426,2.5087426,2.3087428,2.2987428,2.6787426,2.3387427,3.5087426,4.218743,3.5187426,3.8187428,3.6187427,0.4187427,-0.89125735,-0.40125734,0.5587427,3.0887427,1.0887427,2.1787426,0.90874267,0.078742675
-0.6012573,0.6487427,1.4887427,2.3987427,2.5287428,2.5487428,2.1387427,2.1887426,2.5787427,2.6087427,3.4687426,3.3487427,3.3787427,3.6987426,3.4387426,3.2787428,2.9087427,3.0787427,3.4887426,3.3387427,3.8587427,3.6187427,3.2987428,3.2787428,3.5287428,2.7987428,4.298743,4.548743,4.8587427,2.8587427,1.4187427,0.9587427,2.1487427,3.4887426,1.4587426,1.9887427,2.0887427,2.0787427,3.9887426,1.0987427,1.2387427
2.2987428,2.9387426,2.6887426,2.5687428,2.6187427,2.4587426,2.7787428,2.7687426,2.7087426,2.8787427,3.0587428,3.4087427,3.7487426,3.9987426,3.9087427,3.7287426,3.4987426,4.1187425,3.2387426,4.2487426,3.4987426,3.4587426,4.3587427,3.7987428,3.5187426,4.7087426,5.5687428,4.0587425,3.2587426,3.4087427,3.5587428,3.5887427,4.1387424,4.028743,3.9287426,3.8087428,0.6487427,1.0987427,1.4187427,0.37874267,1.0387427
1.5187427,2.3287427,3.1187427,2.9887426,3.1187427,2.8187428,2.1587427,1.8487427,1.9587426,1.4987427,1.7087426,3.1887426,3.4887426,3.9587426,4.9987426,4.428743,4.5987425,4.0887427,3.2187426,3.9587426,4.1687427,5.4787426,4.278743,4.4587426,5.5687428,5.8087425,5.738743,5.3887424,5.0787425,4.678743,3.5287428,3.5587428,3.0187426,3.1787426,2.7087426,3.4887426,4.9587426,5.3687425,3.5087426,-0.23125732,1.1087427
2.4787426,2.2187426,2.8187428,2.7187426,2.7087426,1.8087426,1.7087426,1.8687427,2.2087426,1.6387427,1.0687426,4.008743,3.0387428,4.8187428,4.0887427,4.028743,4.0687428,4.178743,4.0387425,4.7287426,4.4987426,5.778743,6.6087427,6.298743,8.068743,6.4787426,6.278743,6.6187425,5.278743,4.1687427,3.7987428,3.9887426,3.7287426,3.9587426,3.0387428,3.0587428,3.1687427,2.3787427,1.2187427,1.8087426,1.7787427
3.1987426,3.0787427,2.9987426,2.9387426,2.3487427,2.2487426,2.1687427,2.6087427,2.3587427,2.7887428,0.9987427,2.5287428,3.2487426,3.8087428,3.6387427,4.3087425,5.7687426,5.4987426,5.7287426,6.1187425,5.798743,6.7087426,6.738743,6.0987425,7.6087427,6.3187428,5.8987427,6.1387424,5.1287427,4.3987427,4.0587425,3.6187427,3.1787426,3.3187428,3.2087426,3.0087426,2.7387426,2.4787426,1.9187427,1.5787426,2.8987427
1.7387427,2.6987426,4.4587426,3.1287427,3.2087426,2.6587427,3.7487426,2.9487426,3.5287428,2.0787427,0.33874267,3.3887427,3.6987426,5.9787426,5.1887426,5.658743,5.8987427,6.1287427,6.0587425,6.1887426,5.908743,6.738743,6.2287426,6.0187426,5.9187427,6.798743,4.3587427,6.7687426,5.0587425,4.678743,5.178743,6.778743,4.4187427,2.5187426,3.0487428,4.488743,3.7287426,4.278743,4.2487426,3.7487426,2.3987427
