wind_kz.json
{"header": {"discipline":0,"disciplineName":"Meteorological products","gribEdition":2,"gribLength":1025,"center":7,"centerName":"US National Weather Service - NCEP(WMC)","subcenter":0,"refTime":"2023-08-07T18:00:00.000Z","significanceOfRT":1,"significanceOfRTName":"Start of forecast","productStatus":0,"productStatusName":"Operational products","productType":1,"productTypeName":"Forecast products","productDefinitionTemplate":0,"productDefinitionTemplateName":"Analysis/forecast at horizontal level/layer at a point in time","parameterCategory":2,"parameterCategoryName":"UnknownDiscipline_0_Category_2","parameterNumber":2,"parameterNumberName":"UnknownParameter_D0_C2_2","parameterUnit":"Unknown","genProcessType":2,"genProcessTypeName":"Forecast","forecastTime":240,"surface1Type":103,"surface1TypeName":"Specified height level above ground","surface1Value":10.0,"surface2Type":255,"surface2TypeName":"Missing","surface2Value":0.0,"gridDefinitionTemplate":0,"gridDefinitionTemplateName":"Latitude_Longitude","numberPoints":615,"shape":6,"shapeName":"Earth spherical with radius of 6,371,229.0 m","gridUnits":"degrees","resolution":48,"winds":"true","scanMode":64,"nx":41,"ny":15,"basicAngle":0,"lo1":47.0,"la1":41.0,"lo2":87.0,"la2":55.0,"dx":1.0,"dy":1.0}, "data":
[rows 0 to 14 of 15, columns 0 to 40 of 41]
-4.928244,-1.058244,1.961756,-3.258244,-0.608244,0.07175598,-3.298244,-3.818244,-2.508244,-1.458244,-1.538244,-3.848244,-3.148244,-2.538244,-1.7282441,-1.588244,-2.758244,0.15175599,-3.438244,-2.048244,-1.148244,1.5317559,-1.448244,-1.548244,0.21175598,-3.018244,-3.028244,-0.518244,-0.288244,0.36175597,-1.538244,0.03175598,-1.5982441,-1.518244,-2.618244,-2.188244,-1.208244,-2.868244,-3.338244,-1.938244,0.531756
2.101756,1.4017559,-3.758244,-3.608244,-1.738244,-0.68824404,-3.648244,-3.798244,-2.748244,-2.628244,-3.338244,-4.2882442,-3.4082441,-0.838244,1.181756,-2.458244,-2.898244,-4.628244,-3.268244,-3.588244,-4.908244,-4.528244,-2.178244,-3.008244,-1.028244,0.42175597,-1.398244,-0.17824402,-5.108244,-2.998244,0.35175598,-1.368244,1.371756,-1.3582441,0.911756,-0.18824401,-0.75824404,0.461756,-0.45824403,0.61175597,-3.208244
0.12175598,-6.008244,-2.328244,-3.728244,-1.188244,-2.278244,-2.348244,-1.568244,-2.988244,-3.808244,-3.628244,-3.298244,-1.588244,-1.588244,-0.918244,-0.63824403,-3.128244,-2.348244,-2.458244,-3.998244,-2.998244,-7.298244,-7.698244,-8.428244,-1.8582441,-3.518244,-1.688244,0.101755984,-2.838244,-0.648244,-1.958244,1.801756,-0.08824402,-0.08824402,0.31175599,-2.018244,-0.09824402,0.541756,-0.56824404,0.841756,1.321756
-5.808244,-8.618244,-4.828244,-1.418244,2.051756,2.151756,1.0217559,0.14175598,0.581756,-1.278244,-2.508244,-2.928244,0.03175598,-0.658244,-0.608244,-0.16824402,-3.488244,-2.118244,-2.068244,-2.948244,-2.738244,-8.768244,-4.308244,-7.158244,-7.268244,-6.5382442,-5.868244,-9.368244,-6.238244,-2.738244,-1.328244,-1.868244,-0.57824403,-3.348244,-1.808244,-2.538244,-1.328244,1.871756,-0.048244018,-1.768244,-1.5982441
-6.968244,-5.948244,-2.898244,-2.738244,-4.518244,-3.388244,-1.8582441,-0.08824402,2.461756,0.371756,-0.09824402,0.821756,3.551756,3.701756,1.931756,0.11175598,-2.828244,-2.1682441,-2.378244,-3.068244,-3.838244,-4.378244,-4.328244,-4.578244,-5.118244,-5.178244,-5.458244,-4.498244,-4.368244,-3.528244,-4.188244,-1.768244,-2.6582441,0.521756,0.14175598,1.041756,-3.618244,-3.538244,-4.138244,-4.898244,-5.478244
-3.748244,-2.838244,-3.048244,-2.048244,-1.688244,-0.518244,1.451756,3.491756,0.491756,0.25175598,1.451756,1.661756,2.821756,4.031756,3.751756,3.411756,-1.378244,-2.928244,-1.648244,-1.4682441,-2.578244,-2.298244,-1.688244,-1.888244,-1.938244,-2.6682441,-1.798244,-3.108244,-2.428244,-3.308244,-3.028244,-3.588244,-3.1682441,-2.738244,-0.93824404,-1.2282441,-0.35824403,-1.398244,-2.938244,-4.468244,-4.2882442
-0.558244,-1.298244,1.201756,0.961756,2.961756,3.121756,4.591756,2.891756,-5.998244,-2.888244,-2.138244,-2.458244,-1.628244,1.541756,2.961756,4.591756,4.781756,1.921756,0.48175597,1.421756,1.201756,0.331756,1.581756,1.801756,-0.08824402,-1.368244,1.941756,2.251756,1.7817559,1.561756,0.21175598,1.561756,-0.918244,-2.738244,-2.928244,-1.8482441,-1.188244,1.7817559,-2.4082441,1.881756,1.661756
0.45175597,-0.078244016,3.151756,3.121756,2.131756,-3.898244,-3.778244,-4.178244,-3.198244,-2.078244,-1.918244,-1.308244,-1.548244,-2.9182441,-1.778244,-1.288244,-3.348244,-3.448244,-1.788244,2.701756,3.801756,2.761756,3.701756,2.781756,3.291756,2.141756,2.5917559,-0.718244,0.47175598,2.211756,0.761756,1.1517559,-2.608244,-1.558244,-2.528244,-0.45824403,-0.808244,-0.838244,-1.008244,-2.118244,-1.9782441
-2.068244,0.05175598,2.851756,-4.518244,-4.448244,-3.838244,-3.518244,-3.028244,-2.828244,-1.588244,-0.56824404,0.04175598,-1.128244,-1.658244,-1.9782441,-1.928244,-2.148244,-2.638244,-1.268244,-1.208244,-1.038244,-1.398244,-0.74824405,1.101756,2.631756,4.001756,2.481756,1.761756,1.061756,-0.718244,-1.258244,-0.05824402,1.801756,-0.32824403,-1.618244,-1.7282441,-0.21824402,-2.178244,-1.318244,0.341756,-1.318244
1.331756,-3.278244,-6.508244,-2.838244,-3.978244,-1.998244,-2.9082441,-2.038244,-1.548244,-0.69824404,0.38175598,-1.178244,-2.818244,-2.378244,-2.398244,-2.728244,-2.238244,-2.048244,-1.158244,-1.048244,-1.068244,1.261756,0.691756,-1.398244,-1.368244,-1.2182441,-0.558244,0.541756,1.671756,1.061756,-0.288244,-0.82824403,-1.8582441,-1.018244,-1.928244,-1.838244,-2.858244,-0.21824402,-1.528244,0.31175599,-0.36824402
-1.128244,-3.068244,-3.868244,-3.498244,-3.078244,-2.018244,-2.208244,-2.868244,-1.488244,-0.30824402,-1.558244,-0.20824403,-1.288244,-2.758244,-2.028244,-1.648244,-1.128244,-0.18824401,1.1417559,0.24175598,-0.42824402,0.581756,1.061756,-1.938244,-1.068244,-0.848244,1.751756,3.021756,3.041756,2.861756,-2.268244,-3.138244,-3.008244,-2.228244,-2.558244,-2.4082441,-1.7282441,0.431756,-0.778244,0.99175596,-1.398244
-3.298244,-2.888244,-2.858244,-4.168244,-3.348244,-1.548244,-1.828244,-2.638244,-0.928244,-1.418244,-1.8482441,0.81175596,-2.378244,-2.568244,-0.43824401,1.0217559,1.801756,2.281756,0.50175595,1.741756,1.331756,1.751756,1.681756,1.451756,0.75175595,1.941756,1.961756,3.671756,4.191756,-2.488244,-4.268244,-3.958244,-2.4082441,-3.618244,-2.958244,-3.228244,-2.128244,-1.298244,-0.588244,-0.23824401,-0.56824404
-1.308244,-2.648244,-3.338244,-2.398244,0.07175598,-0.348244,-1.498244,-2.268244,-1.4682441,0.19175598,-0.288244,0.17175598,0.06175598,0.541756,1.341756,2.071756,2.571756,3.231756,3.271756,3.751756,3.181756,2.931756,3.141756,3.071756,2.851756,2.431756,0.911756,1.6517559,-4.918244,-4.868244,-3.768244,-3.6582441,-4.198244,-4.098244,-3.338244,-3.528244,-3.278244,-2.028244,-3.128244,-2.378244,-1.538244
-2.1682441,-2.108244,-1.368244,-2.138244,-1.668244,-1.268244,-1.538244,-1.9782441,-0.38824403,0.461756,0.16175598,0.371756,1.761756,1.9017559,3.181756,3.711756,3.141756,3.211756,3.031756,3.441756,3.371756,3.541756,3.531756,3.381756,1.481756,0.771756,1.9017559,0.93175596,-5.958244,-4.318244,-3.778244,-3.428244,-3.518244,-3.688244,-2.588244,-3.238244,-2.928244,-2.448244,-2.028244,-1.588244,-1.0982441
-1.048244,0.691756,-0.33824402,-0.848244,0.0017559815,-0.318244,1.681756,-2.1682441,-0.918244,0.0117559815,-0.23824401,0.80175596,0.831756,1.871756,3.061756,3.181756,3.051756,3.241756,2.151756,2.5917559,2.981756,3.221756,3.041756,-0.56824404,-1.588244,0.341756,-5.418244,-5.328244,-3.288244,-1.328244,-1.9682441,-2.248244,-2.598244,-2.878244,-2.188244,-1.148244,-1.578244,-1.6082441,-0.738244,-1.578244,-1.038244
