wind_kz.json
{"header": {"discipline":0,"disciplineName":"Meteorological products","gribEdition":2,"gribLength":1025,"center":7,"centerName":"US National Weather Service - NCEP(WMC)","subcenter":0,"refTime":"2024-04-08T18:00:00.000Z","significanceOfRT":1,"significanceOfRTName":"Start of forecast","productStatus":0,"productStatusName":"Operational products","productType":1,"productTypeName":"Forecast products","productDefinitionTemplate":0,"productDefinitionTemplateName":"Analysis/forecast at horizontal level/layer at a point in time","parameterCategory":2,"parameterCategoryName":"UnknownDiscipline_0_Category_2","parameterNumber":2,"parameterNumberName":"UnknownParameter_D0_C2_2","parameterUnit":"Unknown","genProcessType":2,"genProcessTypeName":"Forecast","forecastTime":120,"surface1Type":103,"surface1TypeName":"Specified height level above ground","surface1Value":10.0,"surface2Type":255,"surface2TypeName":"Missing","surface2Value":0.0,"gridDefinitionTemplate":0,"gridDefinitionTemplateName":"Latitude_Longitude","numberPoints":615,"shape":6,"shapeName":"Earth spherical with radius of 6,371,229.0 m","gridUnits":"degrees","resolution":48,"winds":"true","scanMode":64,"nx":41,"ny":15,"basicAngle":0,"lo1":47.0,"la1":41.0,"lo2":87.0,"la2":55.0,"dx":1.0,"dy":1.0}, "data":
[rows 0 to 14 of 15, columns 0 to 40 of 41]
-2.5201283,0.44987184,1.6798718,0.48987183,2.0198717,2.329872,2.9798717,3.9998717,-3.5101283,-1.9201282,0.079871826,0.43987182,1.6998718,1.1998718,0.26987183,-0.34012818,-1.3201282,0.8498718,1.1198719,1.7998718,-0.7201282,-0.4301282,-1.2817382E-4,-0.38012818,-3.180128,1.5698718,0.43987182,1.9198718,-0.8301282,0.23987183,-2.7301283,0.6698718,-0.4601282,-1.4101281,-4.840128,-4.5201283,-4.090128,-4.370128,-3.6401281,-3.5501282,-3.470128
-0.36012816,1.7698718,1.0998719,1.6898718,2.789872,1.9298718,1.4398718,-2.430128,-2.5801282,0.46987182,-0.98012817,-1.1601281,-3.8401282,-0.19012818,2.4598718,-1.0201281,-3.5601282,-0.7701282,3.289872,3.309872,3.089872,0.3498718,0.13987182,-0.73012817,1.0498718,-0.21012817,0.18987183,2.2198718,-4.310128,-1.2301282,0.079871826,-1.1101282,2.0998719,-1.9501282,0.18987183,0.27987182,-0.21012817,-0.100128174,-0.38012818,-0.5101282,-4.790128
1.9398718,1.1598718,1.7798718,2.6698718,3.3498719,2.9198718,2.8598719,0.18987183,0.56987184,-1.7601281,-0.7601282,-3.2601283,-1.5701282,0.51987183,0.41987184,-1.1901282,-0.6501282,0.7398718,2.6498718,2.3698719,0.9898718,0.30987182,-1.1501281,0.26987183,1.4798719,2.8698719,2.789872,2.819872,-1.3801281,0.39987183,-0.94012815,1.2798718,0.46987182,-0.7701282,-0.5401282,-0.8201282,-0.19012818,-0.090128176,-0.75012815,1.7598718,1.7698718
0.6498718,1.7298719,2.279872,3.089872,2.0198717,2.799872,4.489872,2.1598718,2.9098718,0.13987182,-1.6301281,-2.0601282,0.22987182,0.33987182,1.0298718,1.5198718,-1.3401282,0.35987183,3.9898717,4.5398717,4.129872,0.30987182,-0.62012815,-1.2501281,-3.2701283,-2.5801282,-0.16012818,-6.320128,-2.460128,-1.0801282,0.23987183,-1.6401281,-0.8301282,-0.48012817,-1.7701281,-2.2701283,-2.3101282,2.059872,0.25987184,-0.4601282,-1.4101281
5.6198716,2.9698718,3.049872,3.4398718,4.239872,3.7198718,2.9798717,2.2498717,4.2698717,1.9798719,0.3198718,0.63987184,1.3498719,2.329872,1.9698719,1.7598718,-2.670128,-2.3001282,-1.9001281,-3.6401281,-4.290128,-5.8801284,-6.0201283,-5.580128,-4.6501284,-3.0901282,-5.040128,-3.5501282,-3.8101282,-3.940128,-3.4001281,-1.7201282,-2.2601283,1.1198719,-0.8301282,-1.0701282,-3.8401282,-3.5101283,-2.6001282,-2.2601283,-2.950128
2.6498718,0.7298718,4.609872,5.189872,5.509872,5.5798717,4.439872,5.3698716,3.8498719,2.4498718,1.8298718,-0.37012818,1.7198719,3.4398718,2.4198718,1.4898719,-1.3801281,-2.720128,-2.8901281,-3.0201283,-3.3201282,-3.8001282,-4.2501283,-4.640128,-3.950128,-4.620128,-3.6001282,-3.0001283,-3.6301281,-3.4801283,-4.260128,-3.5201283,-3.3701282,-2.7301283,-1.2801281,-4.300128,0.019871825,-2.430128,-1.1701282,-1.6601281,-3.450128
-1.7601281,2.3898718,2.799872,3.4298718,3.779872,4.2698717,4.919872,5.7498717,5.3298717,4.2898717,1.8598719,1.1798718,1.4198718,3.339872,3.2398717,3.2398717,1.0098718,-1.8001282,-1.7301282,-3.3601282,-3.170128,-3.3101282,-3.6201282,-2.6401281,-2.1401281,-2.5301282,-1.7501281,-0.6601282,-1.7101282,-1.9101281,-3.5001283,-3.0501282,-2.5901282,-2.8401282,-2.6501281,-1.8701282,-0.41012818,2.3898718,-1.8401282,1.2998718,0.21987182
2.4298718,1.5998719,1.4798719,1.9698719,2.6798718,2.6098719,0.019871825,5.0998716,6.069872,3.319872,2.1298718,2.1898718,3.1698718,3.4298718,2.809872,2.9098718,2.079872,0.17987183,0.5498718,-0.36012816,0.089871824,-0.99012816,-1.1001282,-1.5301281,-0.5101282,-0.9001282,0.82987183,0.76987183,0.18987183,0.7798718,0.0098718265,-0.010128174,-1.2901282,-2.0801282,-2.7301283,-0.61012816,-2.1101282,-2.960128,-3.0101283,-3.0201283,-1.7801281
2.549872,2.1398718,3.7498717,2.6598718,3.779872,3.9298718,2.1898718,4.239872,1.9798719,5.379872,2.289872,2.339872,3.6398718,3.089872,4.049872,3.1298718,1.5198718,1.1898718,1.2898718,1.7598718,1.5798718,1.8098718,1.0098718,1.1198719,1.0398718,1.1098719,0.9598718,0.48987183,0.82987183,1.3098718,1.8498719,2.2598717,3.4298718,-0.7201282,-1.7301282,-1.8101282,-0.4301282,-2.1201282,-1.0501282,1.4298718,-1.3401282
3.079872,3.1598718,4.4998717,4.069872,0.7198718,1.4798719,3.4698718,2.9498718,3.309872,5.8298717,3.2598717,3.589872,2.8598719,3.059872,4.199872,3.4098718,2.4998717,2.329872,1.5898719,2.039872,3.4498718,2.9498718,3.039872,2.6998718,2.089872,1.9998719,2.299872,2.5098717,3.1098719,3.6498718,2.3898718,3.1098719,2.049872,0.7398718,-0.6401282,-2.0701282,-2.720128,-0.5401282,-1.6101282,0.55987185,-0.9001282
2.309872,2.1598718,2.6798718,2.559872,1.5298718,1.4898719,2.049872,1.3498719,2.9398718,3.3998718,4.319872,5.509872,4.569872,6.609872,4.6398716,4.669872,3.9298718,2.9098718,3.0998719,4.359872,4.709872,1.9398718,2.4098718,2.8598719,2.0998719,1.3498719,2.0098717,2.9898717,3.7498717,3.9898717,4.2298717,3.4298718,2.7198718,0.029871827,-1.0401282,-2.3301282,-1.3401282,1.3098718,-0.8501282,0.8398718,-0.11012817
1.1398718,1.2098718,2.1298718,0.86987185,1.0498718,2.2198718,2.9798717,2.789872,2.4498718,1.2398719,2.1898718,3.7298717,4.799872,5.549872,4.5998716,4.0198717,2.4298718,2.9498718,2.4698718,2.329872,4.799872,5.649872,3.6498718,1.8398719,2.1198719,2.6998718,3.309872,4.0398717,4.1198716,3.1498718,2.4198718,3.4498718,2.1998718,1.4398718,1.7398719,2.9498718,3.1698718,4.089872,-0.7901282,-0.37012818,-0.24012817
2.1598718,2.5198717,3.1298718,2.819872,2.069872,1.8898718,3.4298718,2.6998718,2.7398717,1.9998719,0.7098718,2.1198719,2.9798717,3.059872,3.7698717,3.839872,4.609872,3.4098718,1.0298718,0.5498718,-1.6601281,-0.8201282,0.019871825,-0.31012818,0.9198718,1.3298718,1.5498718,1.8598719,2.6398718,2.2298717,3.1898718,3.0998719,3.089872,1.2998718,1.9498718,1.9198718,3.9798717,1.9798719,3.1898718,1.7198719,0.039871827
3.4098718,3.7098718,3.789872,3.6198719,2.6598718,3.1798718,3.1498718,2.4198718,3.309872,1.9698719,0.6498718,1.8598719,4.399872,2.6598718,0.8998718,2.7598717,1.4998719,1.3098718,0.69987184,-0.7801282,-1.6501281,-1.4601282,-1.3101282,0.0098718265,1.0798718,1.7398719,2.9298718,2.8598719,2.7298717,3.3998718,3.819872,3.1198719,2.589872,2.4398718,2.7498717,1.9498718,1.1098719,1.3898718,1.0898719,1.6198719,2.529872
1.5998719,3.3998718,2.779872,3.0198717,3.039872,3.8898718,2.9198718,3.2498717,4.469872,3.559872,0.23987183,0.86987185,1.2798718,1.3198718,0.7898718,-0.24012817,-0.7801282,-0.4601282,-1.7201282,-2.6101282,-1.1401281,-0.14012818,0.61987185,2.2098718,2.549872,2.2498717,2.4498718,2.7498717,2.2398717,2.9098718,3.1798718,3.6298718,3.829872,3.2098718,2.6598718,2.9998717,1.7298719,1.7998718,2.589872,1.8598719,-0.47012818
