wind_kz.json
{"header": {"discipline":0,"disciplineName":"Meteorological products","gribEdition":2,"gribLength":1025,"center":7,"centerName":"US National Weather Service - NCEP(WMC)","subcenter":0,"refTime":"2023-09-11T00:00:00.000Z","significanceOfRT":1,"significanceOfRTName":"Start of forecast","productStatus":0,"productStatusName":"Operational products","productType":1,"productTypeName":"Forecast products","productDefinitionTemplate":0,"productDefinitionTemplateName":"Analysis/forecast at horizontal level/layer at a point in time","parameterCategory":2,"parameterCategoryName":"UnknownDiscipline_0_Category_2","parameterNumber":3,"parameterNumberName":"UnknownParameter_D0_C2_3","parameterUnit":"Unknown","genProcessType":2,"genProcessTypeName":"Forecast","forecastTime":180,"surface1Type":103,"surface1TypeName":"Specified height level above ground","surface1Value":10.0,"surface2Type":255,"surface2TypeName":"Missing","surface2Value":0.0,"gridDefinitionTemplate":0,"gridDefinitionTemplateName":"Latitude_Longitude","numberPoints":615,"shape":6,"shapeName":"Earth spherical with radius of 6,371,229.0 m","gridUnits":"degrees","resolution":48,"winds":"true","scanMode":64,"nx":41,"ny":15,"basicAngle":0,"lo1":47.0,"la1":41.0,"lo2":87.0,"la2":55.0,"dx":1.0,"dy":1.0}, "data":
[rows 0 to 14 of 15, columns 0 to 40 of 41]
2.9172876,1.8272876,-0.8727124,-0.5727124,-2.3727124,-5.522712,-3.8127124,-2.2527125,-3.0427125,-1.9327124,-2.3927124,-0.6727124,-2.5927124,-6.4427123,-8.852713,-6.562712,-6.6427126,-3.8127124,-3.5927124,-5.4727125,-6.1327124,-6.4627123,-5.9827123,2.4172876,6.7572875,2.3872876,1.0772876,1.8172876,-4.2827125,-3.4727125,1.3372875,0.097287595,-1.5327125,-2.7227125,-1.0127124,-2.0927124,-0.3027124,-0.7027124,-1.8227124,-1.0827124,-2.3727124
1.7172875,0.7172876,0.8972876,-0.4127124,-1.9627124,-4.9227123,-4.9627123,-5.312712,-3.8927124,-2.6027124,-0.5227124,0.2572876,2.1572876,3.5472877,-0.9227124,-6.1627126,-2.2927125,-3.8327124,0.68728757,-2.6427124,-5.6527123,-5.4927125,-4.772712,-2.6027124,3.2972877,3.6172876,2.4072876,2.9372876,1.0472876,-1.2927125,-1.7427124,-2.6827123,-0.5227124,0.3772876,2.2772875,-5.1327124,-3.5027125,-8.7227125,1.4172876,-0.6727124,-0.1927124
0.6972876,2.2472875,1.2372876,-0.8827124,-2.5027125,-1.8427124,-4.0127125,-5.0727124,-3.6327124,-5.0127125,-2.9927125,-3.0327125,-6.1727123,-6.7027125,-2.2027123,1.3972876,-1.4327124,-0.112712406,-3.5927124,-4.5327125,-4.2627125,-3.1627123,-1.9127125,-1.0927124,-3.6127124,-2.8927124,-2.3927124,-3.7627125,-2.9027123,-0.7727124,-1.6627125,-1.5927124,-2.8727124,1.9572875,-0.3727124,-0.6627124,-0.4627124,0.6072876,-0.8227124,1.0472876,0.3972876
-0.0027124023,0.6672876,-0.2327124,-1.6927124,0.1072876,-2.9727125,-3.0327125,-3.3027124,-4.6627126,-1.3527124,-1.9927124,-1.0927124,-3.2827125,-4.5027122,-6.6727123,-2.1227124,-2.9227123,-2.8727124,-4.9627123,-3.6727123,-4.6327124,-4.4927125,-4.6827126,-2.8527124,-2.9727125,-0.9527124,-0.6127124,-0.3427124,-0.7527124,-3.6027124,2.9272876,-0.3927124,0.4272876,-2.1827123,1.2472876,1.4472876,2.3672876,2.8172877,-0.45271242,-0.8527124,0.4172876
1.3172876,0.9872876,-0.7327124,-1.8227124,-4.2527122,-3.8427124,-3.0927124,-3.1727123,-2.5427125,-2.2427125,0.5472876,1.0772876,-0.012712402,-3.2027123,-2.8427124,-3.7727125,-5.022712,-2.7027123,-4.3827124,-2.5727124,-2.9627123,-2.4727125,-3.6527123,-3.0927124,-3.2727125,-1.9227124,-1.5327125,-4.1927123,-3.9527123,-3.8427124,1.3172876,1.3072876,1.6672876,-1.0727124,-2.4827125,1.2372876,1.4072876,0.037287597,2.0072875,2.6272876,1.6072876
0.0472876,4.477288,5.1572876,2.1172876,-0.5727124,-1.1927124,-3.3827124,-1.5327125,-0.6027124,-0.9727124,-1.8927124,-3.5227125,2.6872876,0.5772876,0.2172876,-0.8727124,-2.3127124,-3.2627125,-1.5627124,-4.3927126,-1.5327125,-2.0027125,-2.7127123,-3.5527124,-3.4727125,-1.6427124,-0.45271242,0.5472876,-0.1627124,-1.5627124,-4.5527124,2.2972877,-2.8327124,-2.2527125,0.9272876,-1.4827124,-1.0627124,-1.4027123,0.2772876,3.4672875,1.6172876
1.1672876,0.7672876,-1.1327124,-1.6827124,4.7872877,2.4072876,-1.6427124,-2.4927125,-3.2627125,-0.5127124,-0.5527124,-2.0327125,-4.1427126,-0.7427124,-2.1727123,-1.7227124,-1.4627124,-1.6327124,-2.2127123,-4.022712,-3.0427125,-7.022712,-4.7127123,-4.3827124,-4.5027122,-5.5927124,-3.0027125,-1.1527123,-1.9927124,3.3272877,1.6572876,1.0772876,2.9172876,2.9972875,-0.9327124,0.4772876,-0.1827124,1.2572876,0.3072876,0.4072876,-1.0327125
-0.7127124,0.017287597,-1.2027124,-2.6327124,-1.4127125,-2.0627124,-0.9627124,-0.56271243,-1.3027124,-1.3827124,-2.2527125,-0.9927124,-2.5027125,-2.1727123,-1.8327124,-1.7127124,-1.6327124,-1.2927125,-0.8927124,-2.5127125,-2.8527124,-4.3427124,-3.1227124,-3.6027124,-1.4827124,-2.0727124,-1.8727124,-3.6827123,-2.7527125,-1.6127124,-0.6127124,1.2972876,1.3072876,0.6472876,-6.0127125,2.1972876,2.4472876,0.1872876,-2.0427125,0.2772876,0.097287595
-3.0427125,-1.9427124,1.2672876,1.1672876,-1.0227123,-0.3227124,-0.6327124,0.6672876,0.0072875977,-0.7927124,-0.9127124,-0.9727124,-1.7427124,-2.6627123,-1.5427125,-1.5127124,-0.8227124,1.9472876,-0.1027124,-0.3127124,-1.7427124,-3.0027125,-4.8527126,-4.6227126,-1.0027124,-3.0027125,-1.4927124,-1.7527124,-1.6227124,-2.8127124,-1.9727124,3.0172875,0.93728757,-2.0127125,-0.5727124,-1.3427124,-1.1827124,-2.2627125,-0.13271241,-1.4027123,2.2472875
-4.4627123,-3.7027123,-2.2627125,1.1372876,1.8672876,0.5672876,-1.6927124,1.2172875,-1.7127124,0.9772876,-0.1427124,-0.7427124,-0.7627124,-2.5727124,-1.1827124,0.2772876,0.017287597,1.3872876,0.6772876,-0.0027124023,-0.7027124,-1.6027124,-2.5927124,-3.4027123,-2.6327124,0.1572876,0.5572876,-1.3627124,-0.7127124,-1.9627124,-2.0727124,-2.6427124,1.7772876,0.6072876,-1.1127124,-0.6027124,-0.5427124,-1.2627124,1.8472877,2.2272875,0.067287594
-2.7727125,-4.1527123,-4.4427123,-4.9527125,-2.5827124,-1.8627124,0.2172876,-0.4927124,1.4872876,1.6772876,1.4572875,1.8772876,-1.1327124,-1.0027124,-2.5127125,-3.1127124,0.3572876,1.1972876,0.9972876,0.4472876,0.9772876,-0.6727124,-2.3027124,-4.272712,-3.1327124,-1.2927125,-0.4727124,-1.7027124,-0.6727124,-2.3727124,0.057287596,0.5872876,-1.3527124,-0.8927124,1.2872876,1.1472876,1.2372876,1.5372876,0.7272876,0.4772876,-0.6827124
-5.4327126,-3.6927123,-3.7427125,-5.3527126,-6.4927125,-3.2427125,-1.8327124,-1.5527124,0.1572876,1.6872876,1.5572876,0.7872876,2.8772876,0.68728757,1.0472876,-0.7527124,-1.8627124,-0.7327124,1.5372876,2.2772875,1.6972876,1.4272876,-1.0927124,-0.8827124,-1.2527124,-0.3127124,-1.1727124,-3.3227124,-0.9427124,0.7972876,0.6672876,0.5072876,0.6572876,-0.5427124,-0.7727124,-0.7027124,0.2472876,0.9872876,1.4772877,1.5772876,1.6572876
-4.1327124,-7.042712,-2.7227125,-2.9927125,-3.0327125,-2.6627123,-9.642713,0.1372876,0.3772876,0.9172876,1.3472877,2.1772876,0.93728757,-2.4427123,-1.2627124,-0.1227124,0.5672876,-0.0627124,1.9572875,0.1172876,2.1872876,1.7172875,-0.082712404,-0.7127124,-1.8027124,-0.9627124,-1.0327125,-1.8527124,-2.5627124,-3.4127123,-1.8727124,-1.7627124,1.6072876,0.2472876,0.027287597,0.067287594,0.5172876,0.3172876,1.5872875,1.1572876,1.0272876
-6.2227125,-6.562712,-7.1027126,-5.3927126,-3.5927124,-2.5927124,-0.9727124,-1.9927124,-3.8827124,0.3872876,1.3472877,-0.3027124,1.4572875,1.7772876,1.1872876,0.8772876,1.0672876,-0.13271241,1.2672876,2.1172876,2.1372876,3.0972877,1.2672876,1.9172876,0.1072876,-0.4027124,0.5372876,-5.8727126,0.1872876,-0.5827124,-0.8727124,0.6072876,-1.2327124,0.0772876,0.1372876,-0.2527124,0.2472876,-0.4727124,0.2872876,0.3772876,0.29728758
-3.0927124,-5.5127125,-7.522712,-6.4427123,-4.6427126,-2.6127124,-1.9727124,-2.1527123,0.4072876,0.9472876,-0.3527124,-1.4227124,-0.3727124,-1.8327124,-1.6127124,-3.1027124,0.037287597,0.4872876,-0.1627124,1.6872876,2.6772876,3.2172875,2.3472877,3.0272875,0.9872876,-0.7227124,-0.9327124,-1.1127124,-1.8727124,1.0872875,2.2172875,0.5372876,-0.7127124,-0.3227124,-0.8427124,-1.3727124,1.9872876,0.7572876,0.5572876,1.1672876,1.2572876
