wind_kz.json
{"header": {"discipline":0,"disciplineName":"Meteorological products","gribEdition":2,"gribLength":1025,"center":7,"centerName":"US National Weather Service - NCEP(WMC)","subcenter":0,"refTime":"2023-10-04T06:00:00.000Z","significanceOfRT":1,"significanceOfRTName":"Start of forecast","productStatus":0,"productStatusName":"Operational products","productType":1,"productTypeName":"Forecast products","productDefinitionTemplate":0,"productDefinitionTemplateName":"Analysis/forecast at horizontal level/layer at a point in time","parameterCategory":2,"parameterCategoryName":"UnknownDiscipline_0_Category_2","parameterNumber":3,"parameterNumberName":"UnknownParameter_D0_C2_3","parameterUnit":"Unknown","genProcessType":2,"genProcessTypeName":"Forecast","forecastTime":60,"surface1Type":103,"surface1TypeName":"Specified height level above ground","surface1Value":10.0,"surface2Type":255,"surface2TypeName":"Missing","surface2Value":0.0,"gridDefinitionTemplate":0,"gridDefinitionTemplateName":"Latitude_Longitude","numberPoints":615,"shape":6,"shapeName":"Earth spherical with radius of 6,371,229.0 m","gridUnits":"degrees","resolution":48,"winds":"true","scanMode":64,"nx":41,"ny":15,"basicAngle":0,"lo1":47.0,"la1":41.0,"lo2":87.0,"la2":55.0,"dx":1.0,"dy":1.0}, "data":
[rows 0 to 14 of 15, columns 0 to 40 of 41]
-1.829519,-0.26951903,2.450481,10.470481,6.640481,2.940481,-1.5195191,0.44048095,-0.30951905,-0.24951905,-2.409519,-2.369519,-2.939519,-3.609519,-5.029519,-2.9795191,1.520481,-0.11951904,3.200481,4.110481,2.700481,-0.37951905,-2.039519,1.260481,3.490481,1.780481,0.36048096,1.870481,0.540481,1.790481,1.4604809,0.42048097,0.93048096,-0.56951904,-2.929519,-2.179519,1.070481,-1.0195191,-1.599519,-0.41951904,2.350481
4.720481,0.50048095,3.870481,10.150481,7.6504807,3.370481,-2.059519,1.070481,-0.22951904,1.9904809,0.48048097,-2.509519,-3.9595191,-3.1995192,-3.769519,-4.299519,-3.849519,0.75048095,0.780481,-3.129519,0.62048095,3.490481,2.150481,3.090481,2.0104809,1.040481,-0.68951905,2.150481,-0.719519,1.280481,1.280481,2.320481,1.2304809,-0.15951905,-2.509519,-1.329519,-1.069519,-1.199519,-0.43951905,-2.419519,0.70048094
0.89048094,3.390481,6.040481,7.220481,5.820481,2.8004808,-0.11951904,2.7604809,1.250481,2.2604809,1.0804809,0.46048096,-3.069519,-4.539519,-3.7195191,-2.319519,-0.98951906,-1.569519,-0.659519,-3.339519,-0.97951907,-2.4595191,2.830481,3.7804809,3.470481,-2.089519,-0.719519,0.94048095,-0.089519046,1.510481,1.660481,-0.33951905,0.46048096,-1.459519,-0.39951906,1.2304809,-0.15951905,-0.839519,-0.009519043,0.68048096,0.88048095
2.130481,4.340481,6.1504807,6.730481,4.230481,1.2404809,0.850481,3.0204809,2.660481,2.2904809,0.80048096,0.650481,-2.549519,-4.939519,-4.3295193,-5.029519,-2.139519,-3.149519,-1.479519,1.2304809,-0.719519,1.370481,0.51048094,3.140481,5.090481,6.890481,2.400481,-3.439519,-0.849519,-0.07951904,-2.519519,-3.1995192,-0.27951905,1.420481,-0.73951906,-1.589519,-0.11951904,2.740481,1.1004809,0.780481,-0.22951904
3.590481,4.660481,6.140481,6.4204807,4.250481,1.310481,-0.82951903,1.190481,3.5204809,3.350481,2.610481,1.040481,-0.67951906,-2.6995192,-4.719519,-4.939519,-3.7295191,-6.189519,-2.609519,-4.679519,-1.2995191,-2.7195191,1.500481,2.650481,2.850481,4.610481,3.5204809,0.910481,-4.219519,-0.009519043,-0.88951904,0.850481,1.550481,2.600481,-0.23951904,-2.129519,1.140481,-1.239519,-1.239519,-2.339519,-2.6995192
4.240481,3.7604809,4.930481,6.1704807,4.860481,3.960481,1.7404809,0.28048095,1.9904809,3.730481,3.470481,2.360481,-0.24951905,-1.699519,-3.639519,-2.629519,-4.859519,-6.069519,-7.409519,-2.929519,-1.339519,-1.5295191,-3.329519,1.4604809,5.300481,5.190481,2.5404809,3.830481,3.0204809,1.020481,-0.43951905,-0.67951906,-0.06951904,1.620481,1.4704809,1.760481,0.57048094,2.990481,-0.009519043,-2.159519,-1.979519
3.7604809,2.930481,2.7604809,4.380481,5.880481,3.7604809,3.340481,2.890481,1.670481,3.940481,4.710481,3.2604809,2.060481,0.51048094,-0.93951905,-2.799519,-3.089519,-5.979519,-8.319519,-4.709519,-0.40951905,-2.369519,-2.639519,-1.0295191,3.940481,4.040481,2.2904809,1.770481,-0.13951904,-0.779519,-1.0495191,-3.2395191,-4.439519,2.0104809,0.95048094,-0.899519,-1.0495191,4.8095704E-4,1.130481,0.24048096,2.440481
5.980481,4.720481,3.080481,2.2904809,3.080481,4.860481,2.7904809,2.570481,3.810481,1.120481,3.110481,5.870481,3.320481,2.190481,0.77048093,1.190481,0.970481,-1.0395191,-4.909519,-4.0795193,-1.599519,-1.949519,-2.319519,0.50048095,2.710481,2.340481,2.480481,1.2204809,0.07048096,-0.44951904,-1.499519,-2.179519,-3.429519,-3.799519,-0.16951904,0.30048096,-1.129519,1.620481,-1.2995191,-1.1695191,-2.2195191
5.270481,6.570481,5.060481,4.140481,2.310481,1.510481,1.010481,1.2204809,1.430481,1.1104809,-0.60951906,3.380481,3.230481,3.390481,1.790481,1.4904809,0.73048097,-1.729519,-5.3495193,-3.749519,-0.25951904,0.31048095,0.32048094,-0.18951905,1.780481,2.880481,1.780481,2.0504808,2.350481,0.45048097,0.40048096,-0.03951904,-0.35951903,-1.379519,-1.219519,-0.24951905,-2.899519,0.25048095,1.170481,0.81048095,-0.93951905
-2.189519,6.220481,6.380481,6.310481,4.250481,3.5104809,2.100481,1.4904809,1.4804809,1.030481,0.82048094,1.670481,2.5204809,2.900481,3.2804809,1.910481,1.400481,-0.36951905,-2.639519,-2.539519,-0.72951907,0.27048096,2.590481,2.480481,3.060481,2.180481,2.200481,2.2704809,2.5304809,2.360481,2.340481,1.2204809,-1.479519,-1.2995191,-0.849519,-0.25951904,0.11048096,-3.2095191,-0.62951905,1.880481,3.0404809
5.830481,4.600481,4.300481,3.950481,4.4204807,4.070481,3.7704809,2.600481,1.2204809,0.30048096,1.520481,1.270481,-0.13951904,0.120480955,3.450481,3.570481,2.2704809,1.2404809,-0.91951907,-2.269519,-0.15951905,1.790481,3.070481,2.840481,2.830481,2.890481,1.2304809,2.7604809,2.2704809,2.7804809,2.610481,1.4604809,0.38048095,-0.46951905,-1.689519,0.13048096,0.18048096,1.690481,1.160481,1.1104809,0.30048096
2.7604809,5.030481,4.280481,4.090481,3.7804809,3.450481,2.910481,2.830481,2.620481,2.2604809,1.540481,0.47048095,-0.16951904,-0.969519,1.320481,2.620481,3.250481,2.860481,1.430481,-0.849519,1.760481,2.940481,2.5204809,2.8004808,2.670481,3.140481,3.410481,3.670481,3.690481,3.130481,2.5104809,1.8504809,1.370481,0.49048096,-0.66951907,-1.819519,-0.709519,1.3504809,1.650481,1.650481,0.83048093
4.240481,4.770481,4.970481,4.130481,3.240481,2.150481,2.190481,2.5204809,2.130481,1.5804809,1.550481,0.840481,0.56048095,-0.67951906,0.14048095,2.2804809,3.400481,3.190481,1.250481,-0.779519,3.220481,3.360481,3.0204809,2.900481,3.2904809,3.5204809,3.580481,3.490481,3.440481,3.2604809,3.140481,2.910481,1.320481,1.300481,1.050481,0.030480957,-0.76951903,-0.599519,-0.93951905,-1.069519,-0.39951906
4.910481,5.820481,6.230481,5.550481,2.650481,3.160481,2.910481,2.680481,2.560481,2.400481,1.520481,1.160481,0.48048097,-0.25951904,-0.899519,2.630481,4.1704807,4.210481,3.5104809,-0.17951904,2.110481,3.660481,3.690481,3.490481,3.5204809,3.2604809,2.980481,3.420481,3.330481,3.310481,3.090481,3.100481,2.670481,2.440481,1.4704809,1.290481,0.46048096,-0.55951905,-0.909519,-0.44951904,-0.57951903
2.820481,3.450481,3.650481,4.660481,5.120481,3.0304809,3.090481,2.890481,2.830481,2.450481,1.430481,1.5804809,1.3404809,-0.26951903,-0.47951904,-1.579519,3.5304809,4.370481,4.820481,2.500481,0.050480958,3.2604809,3.140481,3.430481,3.640481,3.5504808,3.560481,3.420481,3.2604809,3.3004808,3.440481,3.360481,2.690481,2.380481,2.340481,1.9604809,1.7304809,1.410481,0.780481,0.64048094,-0.10951904
