wind_kz.json
{"header": {"discipline":0,"disciplineName":"Meteorological products","gribEdition":2,"gribLength":1025,"center":7,"centerName":"US National Weather Service - NCEP(WMC)","subcenter":0,"refTime":"2023-09-20T00:00:00.000Z","significanceOfRT":1,"significanceOfRTName":"Start of forecast","productStatus":0,"productStatusName":"Operational products","productType":1,"productTypeName":"Forecast products","productDefinitionTemplate":0,"productDefinitionTemplateName":"Analysis/forecast at horizontal level/layer at a point in time","parameterCategory":2,"parameterCategoryName":"UnknownDiscipline_0_Category_2","parameterNumber":2,"parameterNumberName":"UnknownParameter_D0_C2_2","parameterUnit":"Unknown","genProcessType":2,"genProcessTypeName":"Forecast","forecastTime":120,"surface1Type":103,"surface1TypeName":"Specified height level above ground","surface1Value":10.0,"surface2Type":255,"surface2TypeName":"Missing","surface2Value":0.0,"gridDefinitionTemplate":0,"gridDefinitionTemplateName":"Latitude_Longitude","numberPoints":615,"shape":6,"shapeName":"Earth spherical with radius of 6,371,229.0 m","gridUnits":"degrees","resolution":48,"winds":"true","scanMode":64,"nx":41,"ny":15,"basicAngle":0,"lo1":47.0,"la1":41.0,"lo2":87.0,"la2":55.0,"dx":1.0,"dy":1.0}, "data":
[rows 0 to 14 of 15, columns 0 to 40 of 41]
-0.37591553,-1.1559155,1.1540844,-5.3259153,-8.715916,-7.8459153,-6.1359158,-6.5759153,-8.255916,-4.1059155,-2.2159154,-3.6759155,-3.6259155,-3.1459155,-2.0659156,-1.8359156,-1.4759156,-2.1959155,-3.7059155,-2.5959156,-0.5159155,0.24408448,-0.42591554,-1.2559155,-1.1159155,-1.8059155,-2.5059156,-1.5259155,0.38408446,0.5640845,1.0240844,1.2840844,0.71408445,0.18408448,1.1640844,1.8040844,2.5440845,2.7740846,2.4340844,1.4040844,0.33408448
1.5440844,0.9740845,-4.0459156,-8.075915,-9.675916,-8.475916,-6.4059157,-8.375916,-5.2559156,-3.3659155,-1.7759155,-3.4259155,-2.7959156,-2.6259155,-1.2659155,-2.3259156,-0.92591554,-3.7859156,-4.0059156,-2.8559155,-4.5159154,-1.9559156,-1.0259155,-2.4159155,-0.2659155,0.8040845,-0.20591553,0.4540845,-2.8159156,-0.6359155,-0.24591553,-0.43591553,-0.12591553,-3.2459154,0.71408445,-0.9559155,-0.7059155,-0.21591553,-2.1059155,0.24408448,-5.4559155
-2.0759156,-4.8559155,-8.045916,-8.205915,-9.075915,-7.3959155,-5.3859158,-3.4559155,-5.7259154,-3.5359156,-2.1459155,-3.1659155,-3.6159155,-3.1459155,-2.7959156,-3.2559156,-4.4359155,-3.7059155,-2.7259154,-1.0059155,-3.1859155,-9.265916,-8.055916,-7.0659156,-0.67591554,-3.2459154,-2.1059155,-2.1559155,-0.98591554,-0.59591556,-2.4459155,2.0040846,-0.065915525,-0.79591554,-0.35591552,-0.8359155,0.31408447,0.17408447,3.4940844,3.6440845,2.4540844
-6.8359156,-10.265916,-9.1659155,-8.155915,-6.6159153,-5.3559155,-3.6059155,-4.7459154,-3.8659155,-3.2159154,-3.4559155,-4.5459156,-4.8659153,-5.0459156,-3.6959155,-3.9359155,-4.4959154,-4.5859156,-4.8159156,-5.6859155,-6.8059154,-4.9659157,-3.4859154,-7.7459154,-7.9459157,-7.9459157,-7.6759157,-11.355915,-5.4659157,-0.98591554,2.7240844,-0.78591555,1.8040844,0.7240845,-2.0359156,-1.6159155,-1.7559155,2.6740844,-0.32591552,-1.2159156,3.0640845
-7.8159156,-8.955915,-8.745915,-8.455915,-6.3059154,-4.0559154,-3.8659155,-2.9159155,-4.1759157,-3.8859155,-3.8759155,-4.0359154,-4.8559155,-5.4359155,-5.3659153,-4.3259153,-4.8459153,-4.8759155,-4.9759154,-6.9059157,-8.645916,-8.295916,-7.9059157,-7.2559156,-7.3659153,-7.4759154,-9.425916,-7.2259154,-4.8859158,-5.9559155,-6.4759154,-4.6259155,-2.9759154,0.24408448,-1.8759155,-2.4359155,1.9340844,-3.5659156,-2.1259155,3.2540846,2.6040845
-5.8559155,-4.3759155,-7.2759156,-6.4659157,-5.8859158,-4.7959156,-3.6359155,-2.3059156,-3.1559155,-3.7159154,-3.5259156,-4.0959153,-4.2559156,-5.5959153,-4.9359155,-4.0259156,-5.0259156,-5.0359154,-6.5659156,-6.2659154,-6.9959154,-5.9159155,-6.0359154,-6.4259157,-6.3059154,-7.0959153,-5.7359157,-10.075915,-6.0059156,-6.0459156,-5.5259156,-4.9259157,-2.9459155,-0.14591552,0.52408445,1.3540845,0.94408447,2.1940844,-0.53591555,-2.9559155,-7.5959153
-4.6559157,-4.5159154,-4.3859158,-4.1459155,-3.7959156,-3.8659155,-4.2159157,-4.3959155,-4.2259154,-3.8459156,-3.8159156,-4.2159157,-3.5659156,-3.4959154,-3.1859155,-4.0559154,-4.5759153,-5.0459156,-6.5559154,-7.1459155,-6.2459154,-5.6859155,-5.2059155,-4.8259153,-5.1659155,-5.0359154,-4.8959155,-3.7859156,-3.7159154,-3.2559156,-3.2059155,-3.5859156,-2.8759155,-3.5459156,-1.4359155,-1.4959155,-0.8759155,0.4840845,0.12408447,0.31408447,0.63408446
-3.9159155,-3.5359156,-2.6159155,0.09408447,-0.40591553,-1.5159155,-2.8459156,-3.0159156,-3.6459155,-3.8459156,-3.8259156,-3.8259156,-3.1859155,-3.6659155,-2.8259156,-4.0059156,-3.9859154,-4.6459155,-4.0459156,-6.4159155,-4.6659155,-5.1359158,-4.2659154,-4.7159157,-4.3259153,-2.2759156,-2.6259155,-2.0359156,-1.3259156,-1.8359156,-1.5959156,-1.3959155,-1.3259156,-1.2159156,-2.2159154,0.6640845,3.0940845,6.8640842,3.6740844,6.0040846,0.42408448
-3.0559156,-3.0859156,-3.1959155,-2.9659154,-3.3359156,-2.9059155,-2.6759155,-3.9359155,-3.7759156,-3.3259156,-3.3759155,-3.2759156,-2.8559155,-2.9059155,-3.1559155,-3.0559156,-3.7359154,-3.7159154,-3.6159155,-3.7959156,-4.4159155,-3.3759155,-2.9859154,-2.8659155,-2.7159154,-2.1859155,-1.8459156,-1.3859155,0.21408448,0.65408444,0.9940845,-0.025915528,2.0940845,0.8540845,1.8440845,0.8540845,1.1040845,-1.9959155,-1.8059155,0.9740845,-1.3959155
-3.1159155,-2.9959154,-2.9459155,-2.5959156,-2.1959155,-2.8859155,-2.6759155,-3.6159155,-2.5759156,-2.2559156,-2.3659155,-2.9459155,-2.4559155,-2.4359155,-3.0359156,-2.7959156,-3.1359155,-2.8359156,-2.8859155,-2.6159155,-2.7059155,-1.4059155,-0.43591553,-0.20591553,0.25408447,0.5340845,1.0040845,1.7540845,2.3740845,3.2040844,3.1740844,2.6140845,3.0640845,1.7940844,1.5740845,-0.5159155,-0.7759155,-0.005915527,-0.9559155,0.024084473,-0.54591554
-2.1559155,-2.5359156,-2.2259154,-2.1259155,-2.2259154,-2.2359154,-1.5159155,-1.1959156,-0.7059155,-1.6559155,-0.9559155,-0.18591553,-0.67591554,-0.8159155,-0.5759155,-0.67591554,-0.86591554,-0.5659155,-0.6459155,-0.38591552,0.6140845,1.0640845,2.0040846,2.3440845,2.4540844,2.7940845,2.9240844,3.7140844,3.8540845,4.1240845,3.7940845,3.4040844,3.7740846,1.9640845,1.5440844,-1.1359155,-0.99591553,0.58408445,0.114084475,0.50408447,-0.73591554
-0.47591552,-0.7659155,-0.61591554,-1.7559155,-1.7959155,-1.4059155,-0.7559155,-1.0959156,-0.8259155,-1.0859156,-0.32591552,0.23408447,0.69408447,0.9240845,1.7840844,1.9340844,2.3440845,2.7640846,1.6940845,2.5440845,2.3340845,2.9340844,2.8440845,2.9140844,3.4640844,3.8040845,3.8340845,4.7740846,5.0040846,3.6940844,2.7840846,2.9740844,2.8540845,2.3640845,1.0640845,1.9040844,1.2840844,0.35408446,0.49408448,0.36408448,-0.065915525
0.49408448,0.64408445,0.114084475,-0.60591555,-0.23591553,-0.8259155,-0.9659155,-0.46591553,-0.8859155,-0.6559155,-0.59591556,0.5540845,0.96408445,2.4240844,2.3940845,2.5240846,2.3040845,2.8540845,2.2140844,3.2140844,2.6540844,2.5840845,2.8140845,2.8240845,4.3040843,3.8940845,5.0540843,4.8640842,4.4740844,3.5240846,2.8340845,2.6940844,3.0940845,3.5840845,2.0440845,1.8140845,2.0240846,1.2040845,2.3940845,0.76408446,0.6640845
1.2240845,0.95408446,0.58408445,0.13408448,-0.07591553,-0.12591553,0.16408448,-0.11591553,0.5540845,-0.2659155,-0.8759155,-0.21591553,1.1240845,1.1740844,1.8840845,2.1940844,2.5840845,2.7040844,2.3240845,3.3640845,3.4740844,3.6340845,4.3740845,4.6440845,4.3640842,4.0940843,3.7040844,4.1140842,3.5040846,3.3640845,2.5940845,2.0240846,2.5340846,2.9340844,3.0340846,1.1140845,0.77408445,0.9140845,1.1540844,1.8740845,2.1040845
0.7440845,2.1240845,2.4740844,1.2540845,1.4140844,1.0040845,1.7140845,1.1740844,0.9740845,-0.43591553,-0.74591553,0.014084472,0.44408447,1.2840844,2.2140844,2.3540845,2.8340845,3.3840845,2.5640845,3.7540846,3.6940844,3.8240845,3.7940845,3.8440845,3.7240844,3.6540844,3.5640845,3.4940844,3.1540844,3.0240846,2.4540844,3.2240844,2.6840844,3.0340846,2.9840844,1.9340844,1.3740845,3.1740844,3.0340846,3.1840844,-0.43591553
