wind.json
{"header": {"discipline":0,"disciplineName":"Meteorological products","gribEdition":2,"gribLength":1039,"center":7,"centerName":"US National Weather Service - NCEP(WMC)","subcenter":0,"refTime":"2023-06-27T00:00:00.000Z","significanceOfRT":1,"significanceOfRTName":"Start of forecast","productStatus":0,"productStatusName":"Operational products","productType":1,"productTypeName":"Forecast products","productDefinitionTemplate":0,"productDefinitionTemplateName":"Analysis/forecast at horizontal level/layer at a point in time","parameterCategory":0,"parameterCategoryName":"UnknownDiscipline_0_Category_0","parameterNumber":0,"parameterNumberName":"UnknownParameter_D0_C0_0","parameterUnit":"Unknown","genProcessType":2,"genProcessTypeName":"Forecast","forecastTime":60,"surface1Type":1,"surface1TypeName":"Ground or water surface","surface1Value":0.0,"surface2Type":255,"surface2TypeName":"Missing","surface2Value":0.0,"gridDefinitionTemplate":0,"gridDefinitionTemplateName":"Latitude_Longitude","numberPoints":688,"shape":6,"shapeName":"Earth spherical with radius of 6,371,229.0 m","gridUnits":"degrees","resolution":48,"winds":"true","scanMode":64,"nx":43,"ny":16,"basicAngle":0,"lo1":45.0,"la1":40.0,"lo2":87.0,"la2":55.0,"dx":1.0,"dy":1.0}, "data":
[rows 0 to 15 of 16, columns 0 to 42 of 43]
297.3417,291.7417,312.3417,321.1417,320.4417,298.0417,296.9417,295.7417,319.7417,324.6417,325.4417,324.6417,324.7417,323.3417,322.0417,320.8417,319.9417,319.1417,318.4417,316.8417,314.6417,312.6417,310.2417,312.9417,309.9417,305.7417,304.2417,292.0417,286.2417,291.1417,290.5417,305.0417,300.1417,311.1417,310.4417,312.8417,309.6417,309.5417,307.4417,309.0417,305.8417,309.8417,309.2417
295.9417,316.0417,314.1417,299.9417,302.2417,296.5417,296.4417,295.1417,311.5417,324.9417,327.4417,325.8417,322.6417,322.1417,320.4417,320.2417,319.0417,318.1417,317.7417,316.6417,318.3417,316.6417,318.3417,312.6417,313.2417,306.8417,309.6417,313.4417,307.5417,288.9417,288.4417,286.0417,287.4417,292.1417,304.3417,310.5417,303.5417,311.1417,312.7417,308.2417,306.6417,309.0417,307.7417
296.9417,293.9417,290.0417,303.5417,296.6417,296.5417,296.1417,294.7417,326.4417,322.6417,323.4417,321.9417,322.0417,320.1417,319.1417,316.7417,318.4417,318.2417,318.0417,317.6417,315.7417,317.0417,316.6417,312.1417,312.2417,301.8417,290.7417,290.5417,296.6417,290.6417,291.8417,284.2417,289.4417,281.7417,292.8417,271.4417,280.6417,297.5417,300.4417,302.6417,309.3417,297.7417,283.8417
293.7417,295.1417,299.5417,297.9417,296.7417,296.3417,295.3417,322.4417,324.0417,324.2417,321.8417,315.1417,315.7417,317.4417,316.8417,315.9417,317.0417,317.3417,316.6417,315.8417,315.1417,315.1417,317.7417,311.2417,309.9417,303.0417,307.7417,306.2417,305.7417,306.3417,306.0417,287.4417,280.4417,282.7417,290.8417,291.0417,286.4417,291.7417,282.4417,284.9417,287.3417,284.7417,278.9417
311.0417,315.4417,310.5417,297.8417,297.3417,296.2417,301.9417,311.2417,316.7417,322.6417,322.5417,319.5417,317.1417,310.5417,294.4417,294.1417,308.9417,316.8417,314.7417,315.5417,315.2417,314.4417,309.0417,306.0417,310.3417,310.6417,309.1417,309.1417,308.2417,304.9417,305.8417,305.5417,306.3417,301.2417,307.4417,306.3417,305.4417,298.8417,285.3417,283.3417,284.1417,299.0417,303.3417
315.1417,316.9417,317.2417,298.8417,298.0417,297.9417,304.8417,311.8417,319.3417,324.5417,321.6417,319.7417,316.7417,310.2417,294.7417,294.8417,292.9417,316.4417,316.0417,312.3417,309.5417,313.0417,313.2417,313.3417,311.9417,310.9417,311.0417,310.2417,305.6417,301.2417,306.1417,306.2417,307.5417,304.2417,289.0417,279.3417,287.6417,297.1417,298.4417,301.9417,301.3417,306.2417,308.6417
313.3417,318.9417,317.2417,314.9417,298.7417,299.0417,297.6417,297.2417,321.6417,324.8417,324.2417,317.5417,312.8417,309.3417,295.6417,293.5417,296.3417,300.3417,304.6417,310.9417,308.5417,314.1417,310.7417,309.6417,310.0417,310.9417,310.7417,309.0417,310.7417,291.5417,307.6417,308.6417,304.6417,304.8417,302.1417,302.5417,298.5417,299.6417,291.0417,290.8417,298.1417,303.4417,305.9417
314.8417,315.1417,314.3417,315.2417,317.9417,319.8417,313.6417,319.5417,321.6417,318.6417,318.6417,312.8417,311.2417,296.8417,300.5417,303.0417,295.4417,297.8417,309.3417,314.0417,315.3417,309.7417,312.1417,312.1417,311.2417,310.1417,307.0417,305.2417,306.3417,308.9417,309.3417,310.2417,308.6417,305.7417,306.6417,302.8417,300.3417,299.9417,293.7417,289.4417,286.1417,287.4417,299.4417
307.9417,303.4417,314.9417,315.4417,317.1417,319.2417,319.9417,318.6417,319.1417,316.1417,310.4417,309.5417,307.9417,305.9417,309.7417,305.0417,307.6417,308.1417,314.0417,315.2417,313.9417,309.8417,308.3417,309.4417,308.4417,308.6417,304.5417,300.9417,301.6417,302.3417,301.0417,302.7417,299.9417,301.2417,298.7417,297.1417,296.9417,298.3417,296.8417,288.3417,299.9417,299.6417,295.9417
295.5417,310.5417,309.0417,314.1417,318.2417,315.0417,316.5417,316.8417,313.5417,311.7417,309.9417,307.8417,306.3417,301.0417,294.6417,308.8417,308.5417,311.7417,313.5417,313.7417,311.2417,308.3417,304.1417,304.3417,304.8417,304.1417,301.6417,298.0417,293.4417,293.0417,295.3417,291.7417,294.9417,291.2417,289.2417,294.4417,290.6417,291.8417,292.2417,292.1417,282.1417,281.2417,282.2417
295.8417,308.0417,310.4417,313.3417,312.0417,311.8417,311.1417,312.7417,311.9417,312.4417,310.3417,308.9417,304.3417,303.8417,305.4417,305.9417,306.7417,309.5417,310.5417,309.5417,307.7417,307.0417,303.4417,304.4417,304.3417,302.0417,300.3417,296.7417,297.3417,293.0417,290.0417,294.0417,294.9417,297.1417,298.9417,297.8417,295.4417,292.2417,286.2417,285.2417,281.8417,283.1417,284.8417
294.6417,297.5417,296.9417,305.8417,306.6417,307.0417,306.8417,308.1417,308.3417,308.2417,306.2417,303.6417,303.3417,305.2417,304.4417,299.9417,305.4417,306.0417,304.8417,306.0417,305.1417,301.0417,303.2417,297.1417,299.5417,299.9417,294.4417,292.0417,291.1417,296.3417,293.4417,292.4417,294.2417,292.2417,297.0417,293.1417,291.6417,289.2417,282.1417,279.9417,284.4417,282.4417,281.4417
295.9417,297.8417,300.2417,300.4417,303.9417,304.4417,303.2417,304.3417,303.6417,303.1417,302.9417,302.9417,298.4417,296.4417,298.0417,300.0417,299.5417,300.7417,301.7417,302.6417,299.8417,292.7417,297.5417,294.8417,291.7417,296.0417,293.4417,297.8417,297.1417,293.9417,301.9417,300.4417,294.5417,295.8417,294.2417,292.5417,288.0417,287.1417,287.6417,290.7417,289.2417,288.8417,288.6417
291.4417,295.4417,295.0417,297.0417,301.5417,300.5417,301.0417,299.4417,298.4417,300.4417,300.7417,300.0417,297.8417,292.9417,297.5417,291.5417,292.6417,291.9417,292.3417,292.3417,296.6417,291.2417,296.3417,290.1417,293.6417,287.7417,298.1417,292.7417,298.0417,299.7417,296.7417,295.3417,295.2417,297.6417,294.4417,291.1417,294.8417,292.4417,291.8417,293.3417,291.1417,288.8417,286.1417
289.7417,289.2417,291.9417,290.0417,294.4417,299.2417,297.6417,295.6417,298.1417,296.1417,296.5417,295.7417,294.0417,294.1417,291.8417,293.4417,291.6417,296.7417,295.3417,289.7417,297.2417,291.2417,295.3417,290.1417,291.4417,291.3417,295.2417,298.2417,296.8417,291.1417,288.7417,289.1417,291.0417,295.8417,296.1417,294.5417,294.8417,294.4417,293.8417,292.8417,290.1417,286.7417,288.1417
287.8417,288.1417,290.5417,293.2417,290.3417,298.5417,296.3417,298.3417,298.5417,298.5417,299.1417,298.3417,297.5417,294.7417,290.9417,295.9417,296.8417,293.6417,296.5417,289.4417,297.2417,293.0417,293.4417,292.5417,292.7417,292.8417,292.2417,291.6417,292.1417,293.6417,293.1417,293.8417,292.4417,285.9417,291.0417,295.7417,293.2417,294.2417,292.9417,288.8417,288.4417,286.4417,284.8417
