wind_kz.json
{"header": {"discipline":0,"disciplineName":"Meteorological products","gribEdition":2,"gribLength":871,"center":7,"centerName":"US National Weather Service - NCEP(WMC)","subcenter":0,"refTime":"2024-01-31T18:00:00.000Z","significanceOfRT":1,"significanceOfRTName":"Start of forecast","productStatus":0,"productStatusName":"Operational products","productType":1,"productTypeName":"Forecast products","productDefinitionTemplate":0,"productDefinitionTemplateName":"Analysis/forecast at horizontal level/layer at a point in time","parameterCategory":0,"parameterCategoryName":"UnknownDiscipline_0_Category_0","parameterNumber":0,"parameterNumberName":"UnknownParameter_D0_C0_0","parameterUnit":"Unknown","genProcessType":2,"genProcessTypeName":"Forecast","forecastTime":0,"surface1Type":1,"surface1TypeName":"Ground or water surface","surface1Value":0.0,"surface2Type":255,"surface2TypeName":"Missing","surface2Value":0.0,"gridDefinitionTemplate":0,"gridDefinitionTemplateName":"Latitude_Longitude","numberPoints":615,"shape":6,"shapeName":"Earth spherical with radius of 6,371,229.0 m","gridUnits":"degrees","resolution":48,"winds":"true","scanMode":64,"nx":41,"ny":15,"basicAngle":0,"lo1":47.0,"la1":41.0,"lo2":87.0,"la2":55.0,"dx":1.0,"dy":1.0}, "data":
[rows 0 to 14 of 15, columns 0 to 40 of 41]
274.4909,264.7909,273.2909,280.4909,280.4909,282.09088,278.9909,277.7909,275.1909,275.3909,273.9909,273.6909,273.09088,273.2909,272.8909,271.8909,273.2909,272.7909,274.1909,273.09088,274.3909,274.3909,272.6909,270.6909,271.6909,274.2909,265.4909,246.49089,245.3909,247.0909,251.19089,251.5909,262.59088,267.8909,268.59088,266.4909,267.7909,268.3909,268.4909,267.3909,270.2909
257.2909,272.9909,280.1909,279.8909,280.3909,281.09088,275.7909,273.3909,271.9909,272.09088,272.4909,271.2909,272.1909,271.9909,271.8909,271.4909,273.59088,273.6909,273.2909,273.3909,272.9909,273.09088,272.3909,260.4909,244.8909,250.19089,258.9909,247.3909,250.2909,244.49089,254.49089,243.2909,257.9909,239.0909,256.09088,265.09088,268.09088,268.1909,268.7909,265.1909,265.3909
272.2909,278.6909,280.3909,280.3909,280.3909,271.09088,268.4909,268.09088,267.4909,270.2909,270.3909,270.6909,270.9909,270.9909,270.9909,268.8909,269.8909,269.1909,269.8909,270.3909,272.2909,271.6909,272.09088,266.4909,267.59088,262.59088,262.09088,262.9909,266.7909,255.2909,248.8909,250.19089,255.0909,257.09088,260.6909,263.1909,252.19089,253.99089,250.3909,251.99089,250.3909
269.59088,275.9909,278.2909,279.2909,277.2909,269.8909,271.09088,266.59088,266.8909,269.59088,269.3909,269.59088,281.2909,281.9909,271.9909,270.9909,269.1909,268.9909,269.3909,269.59088,269.3909,265.09088,269.3909,269.1909,267.7909,268.1909,269.4909,263.9909,262.09088,263.9909,265.2909,263.7909,269.1909,267.6909,267.3909,263.7909,254.2909,250.49089,257.8909,255.69089,255.2909
269.8909,269.7909,268.4909,266.6909,268.4909,271.09088,271.4909,271.1909,270.2909,269.9909,269.2909,269.1909,279.1909,279.09088,278.2909,270.3909,268.6909,268.4909,268.1909,268.1909,268.7909,269.09088,268.8909,268.4909,268.6909,266.09088,264.8909,264.1909,267.4909,268.2909,268.59088,267.09088,259.8909,247.5909,258.8909,258.09088,260.1909,256.1909,253.7909,254.2909,257.8909
267.3909,266.7909,264.1909,266.3909,267.3909,267.09088,268.1909,270.6909,269.09088,269.09088,267.1909,268.09088,277.2909,279.1909,269.7909,269.4909,266.6909,265.7909,267.4909,267.09088,267.6909,267.7909,267.9909,267.3909,266.59088,265.59088,265.09088,266.6909,264.6909,266.9909,266.3909,268.4909,264.6909,266.9909,266.2909,263.9909,261.1909,261.09088,258.2909,256.4909,256.59088
264.3909,266.6909,268.6909,268.4909,267.8909,267.4909,265.6909,266.09088,265.3909,268.3909,268.3909,269.09088,268.8909,268.6909,269.1909,269.09088,268.1909,266.2909,264.7909,266.9909,266.2909,266.6909,267.09088,267.09088,265.09088,264.1909,262.6909,262.9909,262.7909,263.1909,263.3909,262.59088,262.2909,268.7909,266.9909,266.2909,260.4909,259.1909,255.3909,255.3909,256.6909
266.59088,264.8909,266.4909,266.6909,267.2909,266.59088,265.09088,262.59088,267.2909,268.2909,267.4909,269.3909,268.9909,266.59088,265.9909,265.9909,268.09088,266.1909,265.3909,264.3909,264.9909,265.59088,266.3909,267.3909,264.9909,262.6909,261.09088,261.7909,260.1909,260.59088,260.6909,259.9909,262.6909,265.3909,268.09088,258.8909,254.69089,255.0909,254.7909,257.7909,257.9909
262.59088,262.09088,261.1909,260.2909,263.6909,262.6909,263.4909,262.4909,264.59088,267.59088,268.7909,267.59088,265.9909,264.2909,263.6909,264.09088,263.59088,265.4909,265.3909,264.7909,264.9909,264.8909,265.1909,265.09088,263.4909,262.8909,261.2909,260.2909,258.8909,257.3909,257.8909,258.7909,262.6909,265.9909,264.1909,260.4909,260.7909,257.4909,257.09088,252.99089,254.3909
261.2909,262.8909,261.1909,258.7909,262.3909,261.1909,261.6909,261.2909,263.09088,266.09088,267.7909,267.3909,264.6909,262.7909,263.8909,263.59088,264.09088,265.2909,265.59088,266.4909,264.2909,263.4909,263.09088,263.1909,262.59088,261.1909,260.59088,258.2909,254.19089,257.1909,261.1909,265.09088,266.09088,265.7909,263.6909,265.3909,263.9909,261.1909,257.2909,257.09088,252.19089
262.7909,262.9909,263.3909,261.1909,261.8909,260.7909,261.2909,261.2909,264.2909,265.59088,266.3909,264.4909,264.3909,261.3909,261.6909,261.3909,260.6909,261.4909,262.1909,260.7909,261.4909,260.7909,258.9909,255.7909,252.69089,253.3909,255.5909,257.09088,259.9909,263.59088,264.7909,264.09088,266.09088,266.4909,266.1909,267.09088,263.6909,257.6909,254.99089,258.09088,251.8909
259.6909,262.2909,262.8909,258.2909,262.1909,261.59088,260.3909,257.3909,261.8909,264.2909,262.6909,262.9909,263.2909,260.1909,258.9909,259.09088,254.8909,256.8909,260.3909,258.7909,257.2909,250.69089,251.7909,252.5909,257.2909,259.1909,259.6909,262.09088,263.3909,263.8909,263.59088,264.4909,265.1909,265.9909,266.1909,266.6909,260.9909,260.7909,260.1909,261.3909,259.59088
262.3909,262.59088,262.4909,260.59088,261.59088,262.4909,259.59088,259.59088,257.8909,260.3909,266.2909,257.8909,261.7909,260.4909,258.59088,254.19089,257.3909,254.5909,251.3909,250.49089,256.7909,258.3909,257.59088,257.4909,257.4909,256.4909,260.8909,260.6909,261.7909,260.3909,258.09088,261.09088,260.6909,262.09088,261.2909,262.9909,261.6909,263.8909,263.7909,259.59088,258.3909
261.8909,261.4909,263.1909,261.2909,259.4909,256.8909,256.09088,259.2909,259.3909,257.59088,262.1909,256.2909,255.49089,261.59088,259.9909,254.2909,252.8909,251.7909,249.5909,249.99089,253.0909,256.3909,256.8909,257.3909,252.8909,253.5909,255.19089,256.9909,262.4909,260.9909,260.09088,260.6909,258.2909,261.6909,262.3909,262.09088,263.9909,264.9909,262.9909,262.8909,260.8909
262.2909,264.2909,261.9909,263.59088,261.2909,255.3909,259.1909,261.9909,258.4909,256.1909,259.4909,260.3909,263.9909,257.59088,261.09088,258.59088,252.5909,251.99089,251.19089,252.3909,245.99089,246.3909,249.5909,254.49089,259.1909,258.1909,259.7909,258.59088,256.8909,258.09088,259.4909,259.9909,259.3909,258.2909,259.4909,260.1909,261.1909,261.4909,258.7909,262.1909,258.3909
