wind_kz.json
{"header": {"discipline":0,"disciplineName":"Meteorological products","gribEdition":2,"gribLength":1102,"center":7,"centerName":"US National Weather Service - NCEP(WMC)","subcenter":0,"refTime":"2023-10-02T06:00:00.000Z","significanceOfRT":1,"significanceOfRTName":"Start of forecast","productStatus":0,"productStatusName":"Operational products","productType":1,"productTypeName":"Forecast products","productDefinitionTemplate":0,"productDefinitionTemplateName":"Analysis/forecast at horizontal level/layer at a point in time","parameterCategory":2,"parameterCategoryName":"UnknownDiscipline_0_Category_2","parameterNumber":2,"parameterNumberName":"UnknownParameter_D0_C2_2","parameterUnit":"Unknown","genProcessType":2,"genProcessTypeName":"Forecast","forecastTime":300,"surface1Type":103,"surface1TypeName":"Specified height level above ground","surface1Value":10.0,"surface2Type":255,"surface2TypeName":"Missing","surface2Value":0.0,"gridDefinitionTemplate":0,"gridDefinitionTemplateName":"Latitude_Longitude","numberPoints":615,"shape":6,"shapeName":"Earth spherical with radius of 6,371,229.0 m","gridUnits":"degrees","resolution":48,"winds":"true","scanMode":64,"nx":41,"ny":15,"basicAngle":0,"lo1":47.0,"la1":41.0,"lo2":87.0,"la2":55.0,"dx":1.0,"dy":1.0}, "data":
[rows 0 to 14 of 15, columns 0 to 40 of 41]
-1.5009589,-0.8609589,2.1590412,-2.530959,-1.2309588,-6.040959,-6.3009586,-7.790959,-7.840959,-5.340959,-4.7809587,-4.2609587,-4.090959,-4.670959,-4.350959,-3.740959,-2.710959,-2.6309588,-3.4309587,-2.540959,-1.9409589,-0.64095885,-0.87095886,-0.69095886,0.12904114,-0.62095886,-1.4509588,-1.4609588,-0.07095886,-0.26095885,-0.15095887,1.3890412,2.489041,-1.7109588,-2.0909588,-0.48095885,-0.7909589,-2.1209588,-3.3409588,-1.9709588,-1.7209588
2.0990412,2.0790412,-8.780959,-5.100959,-8.230959,-8.010959,-5.710959,-6.060959,-5.000959,-4.2209587,-3.440959,-2.290959,-3.3009589,-3.6409588,-2.8309588,-4.4309587,-3.460959,-3.4109588,-1.7409588,-0.7309589,-0.18095887,-1.0509589,-1.0009589,-1.9509588,-0.32095885,1.6090411,-1.3609588,-1.0909588,-3.3709588,-1.6409589,0.06904114,-0.41095886,-0.29095885,-2.540959,0.17904113,-9.588623E-4,0.75904113,0.50904113,0.27904114,0.29904115,-4.380959
-2.030959,-8.180959,-8.730959,-7.080959,-7.330959,-6.400959,-5.900959,-4.080959,-4.590959,-4.480959,-4.420959,-4.250959,-3.3009589,-3.8509588,-3.970959,-4.2009587,-3.8409588,-3.3209589,-1.8409588,-1.4709588,-2.220959,-3.230959,-3.1709588,-3.8409588,-0.46095887,-1.5709589,-1.0909588,-0.27095887,-1.5209589,-0.21095887,-1.2509589,1.4590411,0.39904115,0.29904115,-1.3509588,-1.4009589,0.31904113,-0.28095886,2.799041,1.4790411,1.4590411
-6.570959,-9.480959,-7.230959,-6.810959,-6.840959,-4.4509587,-3.520959,-3.690959,-4.1809587,-4.170959,-4.060959,-3.960959,-4.4509587,-4.820959,-3.1109588,-3.6209588,-3.0909588,-3.000959,-2.8709588,-2.1809587,-2.1709588,-1.8609588,-1.3909589,-2.8009589,-2.8209589,-3.1609588,-3.1309588,-4.160959,-1.2909589,-0.9709589,0.23904113,-1.0509589,1.4390411,1.2290411,-0.34095886,-1.8509588,-1.3609588,1.7690412,0.8290411,-0.14095886,0.26904115
-7.410959,-9.190959,-5.960959,-7.7209587,-5.600959,-4.440959,-4.340959,-3.3309588,-3.5709589,-3.3609588,-3.280959,-3.3609588,-3.3909588,-3.0809588,-2.540959,-1.2009588,-1.0809588,-2.270959,-2.030959,-1.9809588,-1.3009589,-1.9309589,-2.280959,-1.6709589,-1.1609589,-1.8009589,-2.1509588,-0.9209589,-0.32095885,-0.6009589,-0.31095886,0.66904116,-0.15095887,0.78904116,-0.36095887,0.13904114,3.509041,1.8790412,2.729041,0.45904115,1.9490411
-5.840959,-4.350959,-6.320959,-7.2009587,-6.880959,-6.190959,-4.270959,-3.5809588,-3.0609589,-2.8709588,-2.8309588,-1.8909589,-1.1409589,-0.31095886,0.6390411,0.75904113,0.22904114,0.44904113,1.0990411,0.81904113,0.6990411,0.15904114,0.7690411,1.1490412,1.8690411,2.289041,2.8590412,4.079041,2.6090412,2.6790411,1.4690411,1.1790411,0.92904115,0.13904114,0.90904117,0.06904114,1.3590411,2.3890412,4.389041,0.41904113,-1.4409589
-4.040959,-3.5609589,-4.020959,-3.520959,-3.6709588,-3.510959,-3.760959,-3.490959,-3.250959,-2.1809587,-1.6309589,-1.0309589,-0.120958865,2.1890411,2.719041,2.789041,2.6790411,2.8790412,2.209041,2.8490412,3.499041,3.519041,3.269041,3.3290412,3.3790412,3.3490412,3.309041,3.5890412,4.039041,3.719041,3.3690412,3.499041,3.539041,2.759041,1.3390411,-0.64095885,-1.0209589,2.1090412,1.3290411,0.35904112,-0.49095887
-2.5709589,-2.710959,-1.8009589,-1.5009589,-1.2109588,-2.4209588,-1.9909588,-1.5109589,-0.47095886,-0.030958863,0.79904115,1.9890411,2.739041,3.229041,3.729041,3.4290411,3.6390412,3.6590412,3.219041,3.529041,4.9490414,4.079041,4.179041,3.749041,4.589041,4.209041,5.939041,4.0690413,6.2590413,3.6490412,3.9190412,4.2590413,3.799041,2.529041,3.0690413,3.1790411,1.1890411,0.26904115,2.5790412,2.3490412,0.55904114
-3.220959,-2.9309587,-2.750959,-2.1009588,-1.7709589,-1.0609589,-0.10095886,0.44904113,1.0490412,1.9490411,2.8590412,3.219041,4.379041,3.789041,4.2190413,4.129041,4.5490413,3.999041,4.859041,4.839041,7.079041,8.109041,6.8190413,6.209041,6.089041,5.339041,6.519041,6.409041,8.649041,7.4890413,7.5690413,7.349041,10.0790415,3.709041,4.649041,1.2890412,-0.63095886,-0.6009589,0.18904114,1.3290411,-1.4309589
-1.4109589,-0.90095884,-0.25095886,0.41904113,0.98904115,1.5690411,2.009041,2.4190412,2.769041,2.999041,3.759041,4.209041,3.989041,4.369041,5.039041,4.7990413,5.559041,5.479041,6.409041,6.5490413,8.549041,9.889041,9.249042,7.829041,7.879041,8.049041,8.409041,9.549041,9.759041,10.31904,9.939041,8.629041,7.249041,6.339041,3.269041,0.13904114,-2.8609588,-0.82095885,-0.22095886,1.4890411,-0.74095887
0.6990411,1.1990411,1.4190412,1.9490411,2.4090412,2.4490411,3.0890412,3.239041,2.999041,3.3990412,3.959041,5.329041,3.769041,5.429041,6.329041,5.289041,6.5090413,6.5690413,5.329041,6.879041,8.819041,8.879041,9.669041,8.909041,8.459042,8.969041,10.27904,10.749041,12.079041,12.60904,11.339041,10.629041,7.639041,5.559041,4.649041,1.2690412,0.25904113,0.8290411,-0.62095886,1.6990411,-0.64095885
1.1190411,2.1390412,2.4190412,2.4090412,2.8590412,2.559041,2.299041,2.809041,2.8790412,2.6490412,2.3190413,4.539041,4.089041,4.589041,5.6990414,5.209041,6.039041,6.859041,4.309041,6.829041,6.7390413,7.889041,7.809041,7.9890413,8.649041,9.339041,10.179041,11.05904,12.709041,11.80904,10.789041,10.60904,8.229041,7.899041,6.209041,7.539041,8.119041,8.689041,0.15904114,1.2790412,0.15904114
1.4990411,1.6990411,2.229041,2.1590412,2.029041,1.1790411,1.4590411,1.7090411,2.029041,1.3090411,1.2490411,3.3690412,2.5990412,4.679041,4.619041,4.9490414,4.7190413,4.599041,4.149041,5.109041,5.249041,5.4890413,6.059041,6.839041,7.579041,7.629041,7.1990414,8.979041,9.929041,9.409041,9.339041,8.529041,7.9490414,7.919041,8.929041,9.389041,9.149041,6.9890413,10.229041,9.979041,4.979041
2.049041,1.8590411,2.1990411,2.049041,1.1990411,0.74904114,0.93904114,1.9790411,1.2190411,2.029041,0.7190411,2.769041,3.1690412,4.7990413,3.6090412,4.929041,4.269041,2.4390411,2.799041,2.5990412,4.099041,4.079041,4.7590413,4.6990414,4.729041,5.099041,5.519041,5.6990414,6.0490413,6.659041,5.9890413,8.729041,7.839041,7.5290413,7.039041,6.9890413,6.339041,7.5090413,7.2190413,6.209041,7.379041
0.92904115,1.8990412,1.9190412,1.3490411,2.009041,1.2190411,1.5290412,1.4990411,1.8690411,1.0390412,0.78904116,2.0690413,3.0990412,3.209041,2.559041,2.489041,3.1890411,3.8390412,3.9390411,4.379041,4.5490413,4.629041,5.129041,5.399041,4.789041,4.839041,5.749041,5.729041,6.089041,6.379041,7.2590413,7.349041,6.369041,6.159041,8.209042,8.5790415,6.859041,8.219041,7.359041,5.929041,2.6890411
