wind_kz.json
{"header": {"discipline":0,"disciplineName":"Meteorological products","gribEdition":2,"gribLength":1102,"center":7,"centerName":"US National Weather Service - NCEP(WMC)","subcenter":0,"refTime":"2024-02-02T12:00:00.000Z","significanceOfRT":1,"significanceOfRTName":"Start of forecast","productStatus":0,"productStatusName":"Operational products","productType":1,"productTypeName":"Forecast products","productDefinitionTemplate":0,"productDefinitionTemplateName":"Analysis/forecast at horizontal level/layer at a point in time","parameterCategory":2,"parameterCategoryName":"UnknownDiscipline_0_Category_2","parameterNumber":2,"parameterNumberName":"UnknownParameter_D0_C2_2","parameterUnit":"Unknown","genProcessType":2,"genProcessTypeName":"Forecast","forecastTime":180,"surface1Type":103,"surface1TypeName":"Specified height level above ground","surface1Value":10.0,"surface2Type":255,"surface2TypeName":"Missing","surface2Value":0.0,"gridDefinitionTemplate":0,"gridDefinitionTemplateName":"Latitude_Longitude","numberPoints":615,"shape":6,"shapeName":"Earth spherical with radius of 6,371,229.0 m","gridUnits":"degrees","resolution":48,"winds":"true","scanMode":64,"nx":41,"ny":15,"basicAngle":0,"lo1":47.0,"la1":41.0,"lo2":87.0,"la2":55.0,"dx":1.0,"dy":1.0}, "data":
[rows 0 to 14 of 15, columns 0 to 40 of 41]
-1.9499975,-0.76999754,-1.2299975,-2.4399977,-3.9099975,-7.1599975,-3.7899976,-4.2399974,-5.589998,-1.5199976,-1.2699976,-0.24999756,-0.41999757,-0.34999755,-0.09999756,0.31000245,0.99000245,2.6000025,2.0400023,3.9500024,-2.6699975,-2.7199976,-1.1199975,-3.1999977,-0.86999756,-1.7999976,-3.3999975,-1.4699975,2.2500024,1.2100024,-0.87999755,2.6300025,-0.41999757,-0.6099976,-0.93999755,-0.29999757,-0.02999756,0.12000244,0.11000244,0.21000244,-1.0699975
2.6300025,-1.8199975,-4.2299976,-4.839998,-6.8899975,-6.6499977,-4.9899974,-5.589998,-3.7799976,-1.9699975,-0.7199976,-1.2799976,-0.70999753,-0.44999754,-0.07999756,0.63000244,2.0600023,0.7100024,2.2500024,4.3200026,2.3000023,-0.15999755,-0.58999753,-4.589998,0.30000246,2.1400025,-1.4599975,1.4900024,-3.2699976,-1.4499975,0.40000245,-1.2099975,2.6600025,-2.7899976,0.51000243,0.36000243,-0.03999756,1.2200024,1.0300025,1.7400024,-1.3499975
-2.5999975,-5.9699974,-5.6599975,-6.1899977,-6.839998,-4.6399975,-4.2299976,-3.2399976,-3.0199976,-1.2699976,-0.93999755,0.18000244,0.42000243,-0.5399976,-0.37999755,0.13000244,0.61000246,2.3600025,3.7100024,4.2200027,4.6700025,3.3500025,0.60000247,2.1500025,1.3100024,-0.01999756,-0.54999757,-1.2899976,-3.4299974,-0.62999755,-1.2899976,3.6000025,0.12000244,0.10000244,1.0500025,-0.5999976,-0.9799976,0.39000243,0.5800024,0.21000244,2.8300025
-4.4899974,-5.7199974,-5.6699977,-6.7799973,-4.7699976,-2.7999976,-0.46999756,-2.6799974,-1.1499976,-0.68999755,0.38000244,0.44000244,-0.34999755,-0.38999757,-1.1699976,0.9600024,1.1200024,0.98000246,2.4800024,3.3600025,3.6000025,1.1500025,0.44000244,6.3900023,3.8200026,3.0700026,2.1900024,-2.1799974,1.4700024,1.2300024,-4.2299976,-5.3699975,-2.7099977,-0.18999755,-0.56999755,-1.5399976,-1.9599975,2.7600024,1.1200024,0.22000244,2.2700024
-3.9499977,-4.1199975,-4.7799973,-3.5399976,-3.1299975,-2.6899977,-2.0199976,-1.4899975,0.46000245,0.9700024,1.7500024,2.0300024,1.1700025,1.0500025,-0.05999756,1.2200024,1.7100024,1.8100024,2.4200025,3.1100025,3.9800024,7.3500023,8.870003,5.4900026,5.3100023,-0.5999976,0.7700024,5.8400025,0.57000244,-1.4899975,1.3900025,-1.3799976,-2.7599976,1.7700025,2.5600023,-0.74999756,-2.2299976,-0.33999756,-0.5999976,0.80000246,-0.56999755
-3.1399975,-2.3799975,-2.0599976,-1.9499975,-1.9299976,-2.1899977,-1.1599976,0.7100024,1.2200024,0.66000247,0.7800024,1.6500025,3.0800025,2.5600023,1.7100024,1.9500024,2.2800024,3.3000023,3.1600025,4.8900023,4.4600024,5.430002,7.6500025,8.390002,5.4700027,2.7600024,5.2200027,0.54000247,-0.83999753,-1.8399975,-0.94999754,-1.8499975,-3.2599976,-1.3999976,-0.35999757,-7.3299975,0.36000243,-5.569998,2.0900025,-0.81999755,-3.6699975
-2.5399976,-2.3299975,-1.9899975,-1.3999976,-1.0599976,-0.06999756,1.0500025,1.2600025,0.34000245,0.30000246,1.4100025,2.0200024,2.1500025,3.0600023,3.3100023,3.4300025,3.5700026,4.4500027,3.8300025,4.5600023,5.2300024,5.1000023,6.4600024,8.720002,9.380002,5.2500024,1.2500024,-1.4499975,-3.3099976,-4.0799975,-3.6499975,-2.5599976,-1.0899975,-7.0199976,-6.1299977,-2.2999976,-0.99999756,3.9500024,-4.2499976,3.1800025,0.15000243
-2.3199975,-1.6399976,-0.9799976,-0.30999756,0.44000244,1.4500024,1.4500024,0.7800024,1.2600025,1.5600024,1.4900024,3.6300025,3.2400024,4.2400026,5.6700025,5.8900023,6.5400023,6.3400025,5.160002,4.5300026,6.7500024,6.4600024,7.1300025,6.2700024,10.6500025,8.510002,3.7100024,-1.1499976,-0.45999756,-0.51999754,-0.94999754,-2.4299974,-3.8299975,1.3200024,-2.7799976,0.8900024,0.60000247,-9.8499975,-11.949998,-12.3499975,-3.4699976
-1.6699976,-0.92999756,-0.02999756,0.43000245,1.5800024,1.8800025,1.5200025,1.1600025,1.3100024,2.5200024,3.1500025,2.9000025,7.7400026,4.9900026,6.7100024,7.0300026,6.6700025,6.6500025,6.9200025,5.7100024,6.9200025,8.160003,7.0900025,9.010002,8.490003,10.880002,5.4700027,1.2600025,1.7400024,1.0500025,2.2900023,0.15000243,1.4700024,-3.0999975,-6.8499975,-6.4599977,0.68000245,-1.1999975,-2.5799975,-0.05999756,-2.2899976
-0.94999754,-0.50999755,0.29000244,1.4500024,1.5200025,1.8100024,0.9600024,1.6300025,2.5600023,2.8400025,4.4800024,6.0900025,4.1700025,7.6200023,8.100002,7.660002,6.8800025,6.6900024,6.9900026,6.2800026,7.6700025,8.6500025,9.620003,11.000003,11.040003,12.050002,10.010002,5.4900026,3.6800025,4.2800026,4.7000027,2.8100023,1.1600025,-4.2699976,-2.5799975,-2.0799975,-3.3199975,-0.86999756,-1.7199975,-0.28999755,-2.4299974
2.4414062E-6,0.7700024,0.81000245,1.2100024,1.5600024,1.4200025,1.9100025,2.3400025,1.5400025,1.6500025,3.4600024,7.3000026,7.2600026,7.9200025,9.060002,7.2600026,7.4800024,7.0800023,6.3100023,6.4600024,7.3800025,8.160003,8.720002,8.870003,10.040003,9.410003,8.850002,7.5600023,5.8100023,6.2000027,3.1000025,-0.38999757,-1.6899976,-2.4899976,-1.0099976,-1.1199975,-1.3899976,0.16000244,-1.8099976,0.8900024,-2.0399976
-0.42999756,0.7100024,1.0400025,0.85000247,1.8200024,1.8100024,1.3100024,1.6600025,0.66000247,0.9000024,1.4700024,6.9800024,6.410002,7.3200026,8.490003,6.8700023,6.9800024,6.7200027,5.3100023,6.2400026,5.0700026,6.3800025,6.4200025,6.9700027,7.2000027,6.7400026,8.430002,7.1700025,5.7900023,1.7600025,-2.5199976,-2.7299976,-0.40999755,-1.0399976,0.6400024,4.0500026,4.7500024,-1.0999975,-0.11999756,-0.70999753,-1.1499976
1.4100025,0.86000246,1.2600025,1.3100024,1.4400024,0.73000246,1.2100024,1.6700025,2.2600024,0.8400024,0.9700024,5.2100024,6.4500027,7.180002,6.3400025,5.7600026,5.3400025,5.910002,5.6200023,5.6400023,5.1900024,5.5400023,6.3900023,6.7200027,8.160003,7.0600023,5.9000025,9.180002,6.3500023,0.070002444,-1.2399975,-0.55999756,0.020002441,0.50000244,2.2700024,3.9300025,5.4900026,2.6900024,-0.32999757,-0.87999755,-1.1599976
1.8300024,0.91000247,0.70000243,1.6400025,1.5200025,1.7100024,1.4900024,3.6600025,1.4800024,1.3500024,0.85000247,3.2900023,6.7500024,5.5700026,5.3600025,5.0200024,6.1700025,6.2900023,5.7200027,6.5000024,6.4400024,6.410002,6.9400024,7.1000023,6.8100023,6.3700023,5.0200024,4.430002,5.7500024,1.7700025,0.91000247,0.94000244,0.92000246,1.6400025,2.0000024,3.1100025,2.9900024,4.7900023,3.1000025,4.1400023,3.6300025
0.47000244,1.2200024,2.0500023,1.6000024,3.1500025,2.6700025,5.0400023,3.2900023,5.2300024,1.9900024,2.0800025,6.4200025,5.7500024,6.4700027,6.9000025,4.9000025,6.3700023,7.0400023,5.9400024,6.6900024,6.6200023,6.660002,5.680002,5.4400024,5.4400024,5.3100023,4.7400026,3.9300025,3.2000024,4.430002,2.1800025,2.5700026,1.6100024,1.8900025,2.4900024,3.5300024,2.9900024,4.0100026,4.9600024,4.1100025,0.8300024
