wind_kz.json
{"header": {"discipline":0,"disciplineName":"Meteorological products","gribEdition":2,"gribLength":1025,"center":7,"centerName":"US National Weather Service - NCEP(WMC)","subcenter":0,"refTime":"2024-02-02T06:00:00.000Z","significanceOfRT":1,"significanceOfRTName":"Start of forecast","productStatus":0,"productStatusName":"Operational products","productType":1,"productTypeName":"Forecast products","productDefinitionTemplate":0,"productDefinitionTemplateName":"Analysis/forecast at horizontal level/layer at a point in time","parameterCategory":2,"parameterCategoryName":"UnknownDiscipline_0_Category_2","parameterNumber":3,"parameterNumberName":"UnknownParameter_D0_C2_3","parameterUnit":"Unknown","genProcessType":2,"genProcessTypeName":"Forecast","forecastTime":300,"surface1Type":103,"surface1TypeName":"Specified height level above ground","surface1Value":10.0,"surface2Type":255,"surface2TypeName":"Missing","surface2Value":0.0,"gridDefinitionTemplate":0,"gridDefinitionTemplateName":"Latitude_Longitude","numberPoints":615,"shape":6,"shapeName":"Earth spherical with radius of 6,371,229.0 m","gridUnits":"degrees","resolution":48,"winds":"true","scanMode":64,"nx":41,"ny":15,"basicAngle":0,"lo1":47.0,"la1":41.0,"lo2":87.0,"la2":55.0,"dx":1.0,"dy":1.0}, "data":
[rows 0 to 14 of 15, columns 0 to 40 of 41]
-3.399436,0.18056397,-1.239436,-4.829436,4.270564,3.090564,2.440564,1.370564,2.720564,1.910564,1.250564,2.400564,3.190564,2.110564,3.4905639,4.690564,3.720564,1.5505639,1.380564,1.350564,2.910564,2.7605639,0.52056396,-2.709436,-1.0594361,-2.159436,-2.2694361,1.290564,1.830564,-0.12943603,-4.209436,-5.739436,1.140564,-0.58943605,0.34056395,0.90056396,0.76056397,1.2005639,0.47056398,0.25056398,-0.89943606
2.380564,-1.659436,-4.8894362,-1.369436,6.850564,1.900564,1.710564,3.4905639,4.000564,2.660564,1.730564,2.460564,2.540564,2.650564,2.360564,3.410564,2.960564,1.280564,1.730564,2.590564,3.540564,2.2405639,1.6905639,2.100564,-3.139436,-2.809436,-4.109436,1.370564,0.97056395,-0.879436,4.140564,0.58056396,-2.609436,-4.449436,-6.6394362,-2.559436,-2.609436,-1.0494361,0.30056396,-0.569436,-0.84943604
-3.0094361,-5.859436,-8.009436,3.800564,3.7305639,2.910564,4.8605638,3.070564,4.920564,3.380564,3.5105639,2.360564,2.130564,2.130564,2.350564,2.790564,2.180564,3.590564,3.290564,2.810564,2.4905639,0.77056396,-0.09943604,0.95056397,0.89056396,1.130564,1.410564,0.66056395,0.09056397,3.2305639,2.520564,1.580564,3.340564,-2.819436,-0.51943606,1.140564,4.190564,-0.95943606,0.740564,-2.189436,-3.219436
-1.619436,-0.76943606,-3.979436,0.33056396,3.710564,4.910564,3.560564,4.830564,4.050564,3.350564,1.720564,2.100564,3.140564,2.830564,1.900564,1.9505639,2.4905639,2.700564,2.590564,2.5005639,2.330564,2.170564,1.5705639,0.51056397,0.23056397,0.570564,1.000564,0.64056396,2.550564,1.9305639,2.370564,-0.569436,-0.72943604,0.24056396,-1.239436,-3.649436,-1.419436,1.770564,3.600564,1.770564,1.410564
-0.89943606,-0.559436,2.820564,3.9805639,1.610564,2.330564,2.470564,4.600564,4.280564,2.620564,2.820564,1.9405639,2.0105639,2.610564,1.9205639,1.8005639,2.0105639,2.2405639,2.7605639,2.790564,2.630564,2.7305639,0.98056394,0.620564,0.24056396,0.58056396,0.98056394,-1.639436,0.41056398,0.92056394,-0.29943603,1.000564,2.720564,1.770564,-1.739436,-1.239436,-0.43943605,-0.34943604,1.110564,1.020564,1.380564
-1.419436,-0.78943604,0.030563965,1.600564,1.290564,0.930564,2.420564,3.580564,2.800564,2.7605639,2.210564,2.090564,0.65056396,1.3105639,1.640564,1.870564,1.790564,1.350564,0.570564,-0.31943604,-0.0094360355,1.500564,2.690564,2.170564,2.090564,0.810564,-0.25943604,-1.5694361,-0.53943604,-0.629436,-0.84943604,-0.37943605,0.740564,1.580564,2.2305639,1.6705639,2.940564,0.43056396,0.64056396,-1.149436,0.92056394
-7.729436,-3.059436,-1.649436,-0.819436,0.070563965,0.560564,1.470564,2.110564,2.050564,2.610564,2.2305639,2.700564,2.400564,1.5605639,1.080564,1.470564,1.720564,0.990564,0.78056395,0.550564,-0.42943603,-1.229436,0.37056395,1.750564,1.250564,1.350564,-1.659436,-0.84943604,-1.3094361,-1.589436,-1.909436,-2.609436,-2.779436,-0.079436034,-0.879436,-1.6994361,-3.169436,0.030563965,-1.509436,-2.339436,0.40056396
-8.779436,-7.769436,-6.729436,-4.829436,-2.609436,-0.35943604,1.000564,1.380564,1.860564,2.170564,3.420564,2.270564,1.270564,0.98056394,1.100564,0.59056395,0.44056398,1.240564,0.95056397,1.9205639,1.270564,0.77056396,-0.23943603,1.110564,2.570564,1.990564,2.150564,1.480564,0.560564,2.2605639,1.260564,2.040564,0.60056394,0.21056396,1.890564,-0.13943604,-0.32943603,-0.72943604,0.20056397,0.570564,-1.5494361
-7.929436,-7.669436,-6.799436,-6.3694363,-5.519436,-4.259436,-1.399436,0.33056396,1.120564,1.780564,1.720564,1.1705639,0.85056394,0.78056395,1.6705639,0.17056397,0.77056396,1.020564,1.290564,1.470564,1.460564,1.4405639,0.58056396,1.410564,1.4305639,1.850564,1.630564,1.330564,1.210564,0.59056395,1.3205639,1.360564,1.9305639,2.530564,3.2405639,2.830564,-1.379436,1.9405639,1.870564,1.210564,-0.12943603
-6.899436,-7.179436,-6.489436,-6.039436,-5.579436,-5.049436,-3.9894361,-2.899436,-1.159436,0.58056396,0.79056394,0.610564,0.95056397,0.49056396,0.740564,1.3105639,0.72056395,-0.16943604,0.43056396,0.09056397,0.820564,-0.0094360355,-1.289436,-0.64943606,0.52056396,0.870564,1.090564,1.080564,0.92056394,0.740564,0.77056396,1.520564,0.31056395,1.5605639,3.7605639,2.140564,1.260564,-0.039436035,2.280564,3.800564,3.5005639
-6.429436,-6.179436,-6.469436,-6.249436,-5.769436,-4.959436,-4.349436,-3.649436,-3.049436,-1.1894361,-0.809436,-1.159436,0.060563967,0.010563965,-1.4494361,-1.349436,-2.129436,-3.919436,-2.439436,-3.099436,-3.129436,-3.289436,-3.029436,-2.9994361,-1.039436,-0.24943604,0.67056394,0.32056397,-0.47943604,-1.639436,-2.229436,-0.29943603,0.550564,1.630564,5.030564,4.400564,3.710564,2.700564,2.700564,1.610564,0.800564
-4.779436,-6.309436,-5.609436,-5.289436,-4.229436,-4.279436,-3.649436,-3.409436,-3.639436,-1.419436,-0.039436035,-2.079436,-1.779436,-0.679436,-1.149436,-2.039436,-2.2494361,-3.859436,-2.5094361,-2.7694361,-2.369436,-2.529436,-2.339436,-2.9994361,-2.559436,-3.529436,-3.5194361,-4.539436,-4.459436,-4.1194363,-3.069436,-1.999436,-1.789436,-3.449436,-2.0194361,3.630564,5.970564,4.240564,1.6705639,0.38056397,0.810564
-3.709436,-4.929436,-5.3894362,-4.189436,-3.889436,-2.659436,-3.2494361,-3.719436,-4.709436,-2.2594361,0.020563966,-0.28943604,-1.719436,-1.6794361,-2.279436,-2.309436,-2.4894361,-2.349436,-2.659436,-2.2394361,-2.039436,-1.669436,-1.479436,-2.0094361,-3.179436,-3.219436,-4.379436,-2.799436,-2.7494361,-2.609436,-2.359436,-2.049436,-1.779436,-1.5794361,-1.379436,-1.239436,-1.409436,-1.099436,-3.949436,-3.0194361,0.17056397
-2.5194361,-2.969436,-3.309436,-3.279436,-2.549436,-2.409436,-3.679436,-2.949436,-3.069436,-3.199436,0.11056396,-0.11943603,-0.43943605,-1.099436,-2.109436,-2.4994361,-2.799436,-2.619436,-2.339436,-2.389436,-2.5194361,-2.229436,-2.309436,-2.349436,-2.229436,-2.459436,-2.719436,-2.349436,-2.439436,-2.189436,-2.099436,-1.5494361,-1.019436,-1.0594361,-1.5694361,-2.109436,-1.499436,-0.929436,-1.379436,-0.819436,-2.579436
-1.839436,-1.759436,-2.659436,-2.399436,-2.419436,-1.369436,-1.739436,-2.039436,-2.069436,-2.2694361,-1.1894361,-0.17943603,1.1705639,-1.3294361,-2.549436,-3.059436,-3.349436,-3.209436,-3.729436,-3.459436,-3.479436,-3.429436,-3.459436,-3.149436,-3.2394361,-2.849436,-3.159436,-2.729436,-2.079436,-2.109436,-1.9394361,-1.509436,-1.089436,-0.85943604,-0.32943603,-0.44943604,0.26056397,0.31056395,-0.039436035,-0.21943603,0.050563965
