wind_kz.json
{"header": {"discipline":0,"disciplineName":"Meteorological products","gribEdition":2,"gribLength":871,"center":7,"centerName":"US National Weather Service - NCEP(WMC)","subcenter":0,"refTime":"2024-04-09T12:00:00.000Z","significanceOfRT":1,"significanceOfRTName":"Start of forecast","productStatus":0,"productStatusName":"Operational products","productType":1,"productTypeName":"Forecast products","productDefinitionTemplate":0,"productDefinitionTemplateName":"Analysis/forecast at horizontal level/layer at a point in time","parameterCategory":0,"parameterCategoryName":"UnknownDiscipline_0_Category_0","parameterNumber":0,"parameterNumberName":"UnknownParameter_D0_C0_0","parameterUnit":"Unknown","genProcessType":2,"genProcessTypeName":"Forecast","forecastTime":120,"surface1Type":1,"surface1TypeName":"Ground or water surface","surface1Value":0.0,"surface2Type":255,"surface2TypeName":"Missing","surface2Value":0.0,"gridDefinitionTemplate":0,"gridDefinitionTemplateName":"Latitude_Longitude","numberPoints":615,"shape":6,"shapeName":"Earth spherical with radius of 6,371,229.0 m","gridUnits":"degrees","resolution":48,"winds":"true","scanMode":64,"nx":41,"ny":15,"basicAngle":0,"lo1":47.0,"la1":41.0,"lo2":87.0,"la2":55.0,"dx":1.0,"dy":1.0}, "data":
[rows 0 to 14 of 15, columns 0 to 40 of 41]
296.67325,285.57324,291.17325,284.57324,285.07324,285.67325,297.87323,306.67325,302.47324,301.27325,300.17325,300.77325,301.17325,298.17325,298.17325,298.67325,298.27325,301.57324,301.57324,294.87323,292.97324,295.57324,293.27325,290.67325,298.07324,295.67325,288.07324,278.47324,281.97324,279.97324,277.17325,274.37323,292.77325,298.07324,298.17325,298.07324,298.77325,297.97324,297.67325,298.17325,298.17325
273.37323,293.97324,284.47324,284.17325,284.47324,284.97324,303.07324,301.37323,302.87323,297.27325,302.57324,302.87323,303.57324,304.67325,299.57324,295.17325,301.37323,302.57324,295.37323,301.97324,296.47324,294.27325,292.07324,284.77325,273.27325,274.77325,287.67325,281.37323,286.87323,276.37323,285.07324,267.17325,285.77325,256.27325,264.87323,294.27325,293.37323,295.07324,297.47324,290.27325,280.77325
291.87323,283.77325,283.47324,283.17325,283.27325,296.67325,302.27325,303.27325,301.57324,301.67325,300.87323,301.27325,303.07324,303.87323,301.17325,302.57324,300.37323,301.57324,302.17325,301.77325,302.27325,300.27325,296.77325,288.47324,293.17325,288.37323,286.47324,289.77325,288.37323,280.37323,276.37323,279.57324,285.27325,289.07324,286.97324,285.97324,274.87323,283.27325,285.07324,278.77325,272.47324
299.47324,284.07324,283.37323,284.07324,288.17325,301.77325,300.17325,296.47324,300.57324,303.87323,300.57324,300.67325,287.27325,287.47324,299.17325,301.07324,299.87323,301.27325,302.07324,301.97324,298.77325,292.37323,298.47324,298.17325,298.17325,296.67325,295.27325,287.67325,290.07324,292.67325,294.07324,292.77325,297.27325,297.07324,293.87323,289.47324,275.57324,265.67325,283.37323,286.47324,289.77325
298.27325,285.07324,284.27325,284.47324,290.47324,301.57324,301.07324,299.77325,300.37323,298.37323,301.47324,300.27325,286.07324,285.27325,283.97324,297.97324,301.37323,301.07324,300.57324,299.47324,297.67325,299.37323,297.17325,298.17325,296.67325,291.77325,291.97324,290.67325,295.97324,295.57324,296.07324,293.57324,281.87323,269.57324,284.57324,288.97324,285.97324,291.97324,290.77325,292.27325,291.87323
300.37323,300.47324,284.47324,283.57324,282.57324,283.27325,300.47324,300.17325,301.07324,299.67325,297.87323,299.87323,287.37323,284.37323,285.07324,297.77325,299.57324,299.47324,298.67325,298.67325,297.97324,295.97324,295.37323,294.27325,295.37323,291.77325,291.77325,271.67325,294.47324,296.07324,293.97324,294.67325,292.47324,290.97324,288.37323,283.57324,280.57324,284.37323,290.77325,291.07324,290.87323
298.87323,302.57324,304.17325,302.87323,295.97324,300.37323,299.57324,297.57324,296.47324,296.27325,292.57324,290.17325,296.77325,297.47324,296.77325,297.07324,296.97324,298.47324,297.57324,294.87323,293.57324,293.37323,291.17325,288.97324,287.37323,289.37323,288.87323,286.57324,289.27325,290.77325,291.67325,290.57324,289.97324,287.97324,288.27325,286.97324,278.47324,275.97324,273.27325,273.07324,286.37323
291.47324,293.17325,293.17325,298.77325,297.27325,297.87323,297.27325,293.87323,292.97324,292.67325,289.17325,287.87323,287.67325,293.17325,294.37323,293.87323,295.47324,290.87323,293.27325,291.37323,290.37323,290.67325,288.47324,285.17325,280.27325,280.87323,284.67325,282.37323,281.47324,286.57324,284.97324,287.27325,288.87323,284.47324,285.07324,282.67325,284.37323,273.07324,285.57324,285.37323,281.27325
292.77325,290.47324,289.67325,288.37323,288.77325,292.87323,291.97324,290.87323,290.77325,288.47324,288.77325,287.97324,285.97324,287.37323,290.87323,287.97324,285.37323,287.47324,289.87323,286.97324,289.07324,289.57324,290.47324,286.07324,283.07324,281.57324,278.77325,279.37323,280.27325,280.87323,283.77325,285.27325,287.47324,286.67325,284.97324,280.57324,282.27325,277.07324,272.67325,270.47324,269.57324
291.37323,289.67325,289.57324,290.17325,289.77325,289.37323,289.27325,289.47324,287.77325,282.57324,283.97324,285.67325,285.27325,284.37323,288.07324,287.67325,290.37323,286.77325,288.97324,285.77325,286.77325,288.97324,290.37323,289.47324,287.97324,285.57324,285.07324,283.67325,282.37323,282.37323,283.87323,289.67325,290.97324,286.87323,283.57324,284.37323,279.57324,273.17325,273.17325,274.67325,271.77325
290.57324,290.47324,289.87323,288.27325,288.77325,287.87323,287.27325,287.17325,285.57324,285.37323,285.17325,284.87323,285.07324,285.07324,282.67325,285.37323,284.47324,285.07324,285.17325,284.87323,289.87323,283.37323,283.87323,286.87323,288.97324,288.57324,284.77325,288.07324,288.57324,290.17325,290.47324,290.57324,290.07324,289.17325,287.87323,284.47324,275.27325,275.67325,280.57324,278.07324,275.77325
289.67325,288.27325,288.57324,287.17325,286.37323,286.17325,285.57324,285.27325,285.87323,285.07324,285.07324,285.77325,282.97324,279.37323,279.07324,283.27325,282.97324,282.37323,282.97324,284.17325,283.87323,284.87323,286.87323,286.37323,284.47324,288.17325,288.97324,290.07324,291.27325,290.07324,289.77325,288.57324,290.07324,285.57324,286.17325,284.87323,285.07324,286.37323,283.87323,284.67325,283.87323
285.47324,286.77325,286.87323,287.17325,285.47324,284.47324,285.27325,285.77325,285.97324,283.37323,282.07324,280.37323,282.17325,280.37323,281.97324,281.67325,280.77325,278.77325,280.37323,278.67325,277.87323,278.37323,281.37323,284.87323,286.77325,288.07324,288.87323,289.17325,289.97324,289.37323,289.87323,288.67325,287.97324,285.77325,285.37323,285.17325,283.17325,284.87323,284.67325,284.77325,283.47324
286.77325,285.27325,279.47324,285.97324,285.37323,284.47324,283.87323,282.77325,283.27325,282.87323,280.07324,279.37323,283.87323,282.17325,282.07324,282.27325,281.47324,279.77325,279.47324,278.27325,277.77325,276.97324,277.67325,279.27325,283.57324,285.67325,284.37323,283.87323,284.77325,285.57324,288.47324,288.17325,287.67325,285.97324,285.07324,282.97324,283.07324,282.47324,281.87323,280.97324,283.77325
285.97324,289.37323,273.27325,285.17325,284.57324,283.17325,283.57324,282.17325,282.67325,282.87323,280.87323,280.37323,276.67325,280.07324,280.47324,280.67325,279.17325,277.37323,277.77325,276.87323,276.77325,276.37323,276.17325,275.77325,276.37323,278.37323,282.17325,284.07324,284.67325,284.77325,285.17325,278.77325,287.07324,286.27325,285.57324,284.47324,284.07324,282.87323,283.57324,281.47324,279.37323
