wind_kz.json
{"header": {"discipline":0,"disciplineName":"Meteorological products","gribEdition":2,"gribLength":1025,"center":7,"centerName":"US National Weather Service - NCEP(WMC)","subcenter":0,"refTime":"2023-09-21T12:00:00.000Z","significanceOfRT":1,"significanceOfRTName":"Start of forecast","productStatus":0,"productStatusName":"Operational products","productType":1,"productTypeName":"Forecast products","productDefinitionTemplate":0,"productDefinitionTemplateName":"Analysis/forecast at horizontal level/layer at a point in time","parameterCategory":2,"parameterCategoryName":"UnknownDiscipline_0_Category_2","parameterNumber":3,"parameterNumberName":"UnknownParameter_D0_C2_3","parameterUnit":"Unknown","genProcessType":2,"genProcessTypeName":"Forecast","forecastTime":240,"surface1Type":103,"surface1TypeName":"Specified height level above ground","surface1Value":10.0,"surface2Type":255,"surface2TypeName":"Missing","surface2Value":0.0,"gridDefinitionTemplate":0,"gridDefinitionTemplateName":"Latitude_Longitude","numberPoints":615,"shape":6,"shapeName":"Earth spherical with radius of 6,371,229.0 m","gridUnits":"degrees","resolution":48,"winds":"true","scanMode":64,"nx":41,"ny":15,"basicAngle":0,"lo1":47.0,"la1":41.0,"lo2":87.0,"la2":55.0,"dx":1.0,"dy":1.0}, "data":
[rows 0 to 14 of 15, columns 0 to 40 of 41]
1.8290992,1.8090991,6.949099,5.849099,2.5790992,-1.1409009,2.219099,1.2990991,0.99909914,-0.24090087,-2.040901,-1.8309009,-1.6609008,-2.780901,-4.0809007,-4.8509007,-5.910901,-4.340901,-4.090901,-5.400901,-0.42090088,-1.4709009,-3.770901,-1.4509009,4.2090993,4.009099,1.7290992,0.32909912,-1.8909009,-2.050901,-0.7109009,-1.9009008,-1.6109009,-0.010900879,-1.5209008,-2.4509008,-1.8009009,-1.0309008,-3.4109008,-4.0609007,-0.49090087
0.5890991,1.2390991,5.9390993,6.369099,3.1190991,-0.34090087,1.8190991,1.4690992,1.1190991,0.059099123,-0.23090088,-2.1309009,-3.1109009,-3.6709008,-4.930901,-5.300901,-5.120901,-5.180901,-5.7909007,-5.5609007,-5.670901,-3.6109009,-3.990901,-3.9109008,-1.4109008,-2.4809008,-0.05090088,-2.4509008,-3.1909008,-2.300901,-0.63090086,-2.4609008,-2.530901,-3.000901,-2.550901,-6.070901,-6.3509007,-5.910901,-3.2309008,-1.1509008,1.3990991
3.0490992,5.6690993,5.629099,3.8890991,2.0990992,2.969099,2.1190991,1.8290992,1.6390991,-9.008789E-4,-1.7709008,-3.2009008,-4.150901,-3.9009008,-3.750901,-5.070901,-6.0409007,-5.690901,-5.2509007,-5.050901,-4.070901,-3.9209008,-5.950901,-3.530901,-4.0809007,-3.6909008,-4.0409007,-2.750901,-2.7009008,-1.0609009,-1.5809009,-1.2309009,-1.7709008,-3.030901,-2.9509008,-0.7809009,-0.9209009,-3.7309008,-0.8409009,-0.13090087,-3.8709009
4.379099,4.299099,4.969099,4.969099,3.8890991,2.5190992,3.0490992,1.3890991,1.1090991,0.09909912,-0.88090086,-2.3609009,-3.600901,-5.2509007,-7.150901,-4.300901,-4.8309007,-4.930901,-4.7909007,-6.340901,-6.980901,-3.010901,-1.9209008,-3.2209008,-3.570901,-3.500901,-4.940901,-4.3509007,-2.780901,-3.080901,-3.760901,-3.560901,-0.08090088,5.099099,0.18909912,-0.3809009,1.5290991,1.8890991,-1.4009008,-0.030900879,1.5090991
2.169099,2.659099,0.8490991,-1.6709008,1.2890991,1.8790991,1.5790992,1.3090991,0.20909911,-0.6509009,-0.8009009,-0.11090088,-1.6109009,-3.8609009,-5.150901,-4.3309007,-3.8609009,-4.2909007,-4.5209007,-3.8609009,-2.300901,-1.6909009,-2.1509008,-2.9509008,-3.260901,-3.020901,-3.4309008,-6.690901,-3.300901,-2.840901,-4.220901,-3.9809008,-1.7909008,-1.3309009,0.04909912,2.0490992,-2.7009008,1.4990991,2.249099,2.2690992,2.709099
4.879099,3.3490992,-0.30090088,-0.34090087,-0.8009009,-2.4809008,1.7790991,1.0290991,-0.43090087,-0.40090087,-0.6009009,-1.7909008,3.259099,0.40909913,-3.770901,-3.330901,-3.1909008,-2.9209008,-3.4509008,-2.4709008,-2.4609008,-2.000901,-3.080901,-3.070901,-3.1609008,-3.6209009,-2.790901,1.4190991,-1.9709009,-2.7209008,-2.310901,-3.6809008,-3.320901,-2.510901,-1.0509009,-0.14090088,0.24909912,-5.380901,-3.1109009,3.239099,0.5890991
3.5790992,3.8690991,3.699099,3.929099,3.409099,3.3590991,1.0890992,0.32909912,-0.030900879,-0.7309009,-1.9609009,-2.240901,-2.340901,-2.490901,-2.260901,-2.020901,-1.8609009,-2.300901,-2.600901,-2.4309008,-2.2309008,-2.4809008,-2.8909009,-2.9809008,-3.6809008,-3.6609008,-3.2109008,-1.6509008,1.5590991,-0.05090088,-1.5209008,-1.3109009,2.3690991,1.0790992,-0.57090086,0.49909914,0.7090991,-0.15090089,-0.8309009,1.0190991,-2.9609008
2.6290991,2.7890992,2.719099,2.659099,1.6490991,1.1890991,0.40909913,-0.62090087,-1.1609008,-2.280901,-2.4509008,-3.1409009,-2.6209009,-2.4109008,-2.2309008,-1.5509009,-1.5909009,-1.7409009,-1.4609009,-2.800901,-3.750901,-2.9709008,-2.6909008,-2.090901,-1.9609009,-2.490901,-3.1209009,-3.240901,-2.520901,-2.6509008,-0.75090086,-0.82090086,-1.2309009,-0.49090087,0.61909914,1.2890991,0.46909913,-0.090900876,-0.7909009,0.29909912,-0.010900879
2.2990992,2.1090991,2.0790992,1.7490991,0.99909914,0.089099124,-0.4709009,-0.9809009,-2.1909008,-2.4509008,-2.9009008,-3.4209008,-3.830901,-3.800901,-3.1409009,-2.9709008,-1.4609009,-1.4309009,-1.8009009,-2.1809008,-3.070901,-3.9009008,-4.590901,-4.170901,-4.320901,-4.030901,-4.010901,-3.8909009,-2.850901,-1.4409009,-0.9709009,-0.94090086,-0.21090087,0.98909914,2.149099,0.55909914,-0.090900876,2.0790992,-0.36090088,-0.5209009,1.6990991
1.7590991,1.4690992,1.2690991,1.1390991,0.86909914,-0.15090089,-1.3509009,-2.1709008,-2.4709008,-2.560901,-3.280901,-3.7309008,-4.130901,-4.140901,-4.0609007,-3.790901,-3.2009008,-2.9009008,-2.8709009,-3.040901,-3.1309009,-3.3609009,-4.450901,-4.6009007,-4.460901,-4.340901,-3.6609008,-3.600901,-3.520901,-3.9209008,-3.990901,-3.990901,-5.120901,-3.2209008,1.8490992,3.149099,0.40909913,-1.1009009,2.759099,3.8890991,2.509099
1.3590991,1.2090992,1.3690991,0.9590991,0.20909911,-1.1509008,-1.3709009,-1.5909009,-2.300901,-3.1309009,-3.1409009,-2.9109008,-3.3809009,-3.590901,-4.180901,-4.360901,-4.880901,-4.940901,-4.710901,-4.6009007,-4.710901,-4.7509007,-4.5209007,-4.820901,-4.120901,-3.850901,-3.9709008,-5.390901,-5.720901,-5.7909007,-6.110901,-5.0609007,-3.3609009,-2.4109008,-0.9009009,3.7990992,2.669099,2.719099,3.0490992,0.85909915,0.60909915
1.5590991,0.5790991,0.47909912,0.059099123,-1.2009009,-0.9809009,-1.7909008,-2.240901,-2.6509008,-2.8909009,-3.7109008,-3.2009008,-2.850901,-2.990901,-3.4609008,-5.240901,-5.430901,-5.510901,-5.370901,-4.950901,-4.700901,-4.5209007,-4.2909007,-4.220901,-5.890901,-6.570901,-6.710901,-6.880901,-7.5609007,-6.440901,-4.5609007,-4.430901,-2.520901,-1.4909009,-0.3209009,2.469099,7.609099,6.1690993,4.719099,0.9190991,-0.06090088
0.79909915,0.5890991,0.17909913,-0.6509009,-0.56090087,-0.6509009,-1.6009009,-2.070901,-2.810901,-3.4109008,-2.310901,-2.490901,-3.7009008,-3.000901,-4.5409007,-5.2909007,-5.340901,-5.050901,-5.920901,-6.050901,-6.130901,-4.7509007,-4.160901,-4.360901,-4.620901,-4.8309007,-5.420901,-5.910901,-4.5409007,-5.2509007,-6.030901,-5.7909007,-5.210901,-4.570901,-2.270901,0.6390991,2.669099,4.099099,5.889099,5.1890993,3.499099
0.74909914,1.3490992,0.86909914,-1.1009009,-1.6409009,-1.8509009,-1.9709009,-2.4509008,-2.530901,-3.1109009,-1.9309009,-1.7709008,-3.6509008,-3.020901,-3.830901,-4.650901,-4.660901,-3.810901,-4.420901,-4.450901,-4.400901,-4.450901,-4.170901,-4.380901,-4.7509007,-5.0609007,-4.940901,-4.670901,-4.5009007,-5.170901,-5.440901,-5.160901,-4.670901,-4.660901,-4.2709007,-2.500901,0.7190991,1.7290992,4.3990993,4.359099,5.869099
0.2790991,-0.14090088,-0.04090088,-0.8009009,-0.7309009,-0.95090085,-1.5609009,-2.000901,-2.1809008,-2.080901,-0.95090085,-1.8109009,-1.9409009,-2.2309008,-4.200901,-3.2309008,-3.4309008,-3.760901,-4.110901,-4.180901,-4.360901,-4.450901,-4.640901,-4.930901,-4.420901,-3.9809008,-5.910901,-4.880901,-4.7709007,-4.8309007,-5.420901,-6.050901,-5.450901,-4.920901,-6.140901,-5.890901,0.21909912,1.7590991,2.419099,3.719099,3.749099
