wind.json
{"header": {"discipline":0,"disciplineName":"Meteorological products","gribEdition":2,"gribLength":1125,"center":7,"centerName":"US National Weather Service - NCEP(WMC)","subcenter":0,"refTime":"2023-05-30T18:00:00.000Z","significanceOfRT":1,"significanceOfRTName":"Start of forecast","productStatus":0,"productStatusName":"Operational products","productType":1,"productTypeName":"Forecast products","productDefinitionTemplate":0,"productDefinitionTemplateName":"Analysis/forecast at horizontal level/layer at a point in time","parameterCategory":2,"parameterCategoryName":"UnknownDiscipline_0_Category_2","parameterNumber":3,"parameterNumberName":"UnknownParameter_D0_C2_3","parameterUnit":"Unknown","genProcessType":2,"genProcessTypeName":"Forecast","forecastTime":60,"surface1Type":103,"surface1TypeName":"Specified height level above ground","surface1Value":10.0,"surface2Type":255,"surface2TypeName":"Missing","surface2Value":0.0,"gridDefinitionTemplate":0,"gridDefinitionTemplateName":"Latitude_Longitude","numberPoints":688,"shape":6,"shapeName":"Earth spherical with radius of 6,371,229.0 m","gridUnits":"degrees","resolution":48,"winds":"true","scanMode":64,"nx":43,"ny":16,"basicAngle":0,"lo1":45.0,"la1":40.0,"lo2":87.0,"la2":55.0,"dx":1.0,"dy":1.0}, "data":
[rows 0 to 15 of 16, columns 0 to 42 of 43]
1.7112085,-1.1987915,-0.5787915,2.9912086,-0.2887915,-4.4987917,-4.1487913,-2.7787914,-3.7187915,-1.0187916,-0.9887915,0.18120849,-2.2987914,-1.2587914,0.2712085,-0.2287915,-2.0387914,-3.7187915,-4.9487915,-6.8887916,-5.5387917,-0.6587915,-0.3887915,-3.0287914,-3.0987916,-3.1987915,-2.7487915,-4.2287917,-3.1587915,-4.0987916,-1.9487915,5.4812083,-1.9687915,-3.0987916,-1.1987915,0.2812085,1.9412085,1.5212085,1.2312084,-0.1087915,-1.0487915,-1.1987915,-1.5887915
-0.9587915,-1.1987915,3.3212085,1.9112085,-0.7187915,-4.1187916,-4.7387915,-4.6587915,-4.5787916,-3.1087916,-0.1387915,-1.9387915,-0.4287915,2.1912086,1.5212085,-0.2687915,-1.6087915,-3.7387915,-3.9187915,-4.7587914,-4.7887917,-3.3887916,-3.6287916,0.9112085,3.4912086,0.7012085,2.0212085,0.8012085,-1.1787915,0.21120849,-2.6287916,-2.2787914,-0.058791503,1.2812085,-1.9387915,-1.1687915,-0.07879151,1.5812085,3.0412085,1.7212085,2.3512084,-1.5487915,-1.1387916
0.2412085,2.8912084,0.4012085,-0.9387915,-3.7087915,-3.9887915,-4.0587916,-4.1087914,-5.7187915,-2.4387915,-1.9387915,-1.5587915,3.5012085,2.9112084,0.9012085,0.3712085,-2.3187914,-2.0887916,-1.9087915,-2.8087914,-7.1887913,-5.2887917,-5.4187913,2.1212084,2.3112085,-1.9187915,2.5312085,2.9412086,3.6512084,-1.2087915,0.3012085,-1.1387916,-0.20879151,0.011208496,1.6112084,3.0612085,2.3612084,2.7812085,3.4412086,2.2312086,2.8712084,0.5912085,-0.6887915
-2.2787914,-2.3587916,-1.9587915,-3.5587914,-2.8687916,-2.6787915,-2.7387915,-4.0787916,-3.6287916,-3.3887916,-3.4987915,2.4512086,6.8512087,4.3412085,1.8212085,0.1912085,-1.4787915,-1.8187915,-2.8287916,-3.9287915,-0.018791504,-6.1787915,-4.0587916,-5.2287917,-3.8487916,-2.7987914,-3.5787916,-1.6487916,-0.3187915,-1.8187915,0.9712085,-2.9487915,-3.1987915,-0.028791504,-2.5787916,2.6812086,0.1912085,-2.8987916,-4.1187916,0.5012085,-2.0287914,0.2012085,-2.5087914
-0.5987915,-1.5787915,-1.7087915,-2.4487915,-2.2787914,-1.1487916,-2.0187914,-4.1687913,-4.1087914,-3.5887916,-6.6787915,6.3512087,7.5712085,4.9212084,0.7612085,-0.0987915,0.9412085,-0.7487915,-2.8587916,-3.2787914,-2.7987914,-3.7387915,-2.7987914,-4.4287915,-0.4187915,-1.5587915,-3.1187916,-4.3087916,-4.7087917,-3.9287915,-4.4787917,-4.4387913,-3.9087915,1.8812085,1.7312084,1.7412086,0.061208498,2.4212084,3.2112086,-0.27879152,-3.8587916,-2.8087914,-2.9787915
-1.6087915,-2.9687915,-3.9987915,-2.3787916,-1.7787915,-1.6087915,-2.6987915,-2.4087915,-0.9987915,-1.3487915,0.4212085,7.1512084,9.001208,7.5112085,4.7312083,3.8012085,1.6312085,1.1212085,-0.60879153,-1.7387915,-1.8987916,-1.9087915,-1.3587915,0.1912085,-0.4187915,-1.1087915,-2.0287914,-3.2887914,-5.1187916,-6.0087914,-5.4587917,-4.9087915,-4.0487914,-3.5487914,-2.8387916,-2.1887915,0.6812085,1.0112085,4.1012087,0.25120848,-0.3287915,-0.4887915,-1.2887915
-1.6687915,-2.5987916,-4.6087914,-3.3987916,-2.4387915,-2.2387915,-0.9487915,1.6712085,2.0112085,2.0512085,1.0312085,6.5712085,8.321209,9.031208,4.8312087,3.2712085,4.0412083,3.3212085,1.9712085,1.5612085,0.5612085,0.18120849,-0.3387915,-0.5487915,-0.4287915,-0.1087915,-0.9087915,-2.4987915,-1.3187915,-2.9487915,-6.6087914,-6.4287915,-3.9287915,-5.1187916,-2.6887915,-3.6787915,-2.8587916,2.4812086,-4.2487917,3.4312086,4.1312084,1.6312085,-1.5787915
-1.7787915,-3.8387916,-5.1587915,-5.5187917,-5.5087914,-3.9887915,1.4612085,5.1212087,7.1712084,5.9712086,2.6112084,7.1412086,8.151209,8.561209,8.231209,7.2112083,5.5212083,4.3612084,3.2712085,2.0412085,1.5912085,-0.2687915,-1.2387915,-0.6587915,-2.2387915,0.89120847,-0.028791504,-2.3387916,-3.2687914,-4.6087914,-5.9187913,-6.1487913,-3.4087915,-2.6587915,-2.3287916,-1.2787915,-0.2987915,0.7312085,1.9812084,-0.9287915,2.8812084,2.5312085,-2.3987916
-2.3887916,-3.1987915,-4.8287916,-6.5987916,-8.918792,-3.6487916,5.3112087,9.231209,8.951208,7.1312084,5.6312084,5.9912086,7.0512085,7.5012083,7.5612087,4.5612087,4.1012087,3.6712084,3.3512084,3.0512085,2.7612085,1.0512085,0.1712085,-0.3887915,-0.9487915,-0.8287915,-1.9087915,-2.1087916,-3.5687914,-4.1987915,-4.6487913,-6.4187913,-5.8487916,-4.1187916,-2.9387915,-4.2687917,-2.2887914,-2.4787915,-3.9087915,-1.7287915,0.011208496,-1.1887915,0.4112085
-3.6587915,-3.8087914,-6.0987916,-7.8387914,-9.638791,-2.1087916,5.5812087,7.8212085,8.241208,6.7212086,7.8912086,6.7912083,5.2212086,6.4012084,5.7312083,4.4012084,2.9812086,0.6112085,0.6912085,1.3212085,2.2912085,3.4012084,4.0412083,1.0112085,1.0712085,0.44120848,0.3312085,-1.9787915,-2.7487915,-3.7287915,-4.0087914,-4.7687917,-6.7587914,-7.2487917,-5.7187915,-4.0787916,-3.5587914,-3.4287915,-1.0787915,-3.4187915,-1.2187915,-1.8587915,-0.8387915
-5.1387916,-4.8987913,-5.9687915,-7.5587916,-10.118792,-5.7987914,2.9012084,5.6512084,7.2612085,8.451208,8.221209,7.5812087,6.8112087,5.2612085,5.6712084,3.9212084,2.8612084,0.9012085,-1.0587915,1.1412085,2.6412084,3.7512085,3.7112086,2.1012084,2.0512085,1.7412086,0.7812085,-0.4687915,-1.8087915,-2.2287915,-2.5387914,-3.5087914,-4.4987917,-5.8087916,-6.7687917,-7.4387913,-2.5387914,-2.7687914,-0.5287915,2.5312085,-3.2687914,-2.5487914,-2.7187915
-4.0187917,-5.1687913,-5.9887915,-6.5787916,-9.038792,-9.258792,-5.3287916,-0.5987915,3.1912086,2.7212086,5.9512086,6.1512084,5.2612085,2.5612085,3.8412085,3.9912086,4.1012087,2.6212084,0.7912085,1.4712085,3.8812084,4.2312083,3.6812086,3.5912085,3.0212085,2.9912086,1.9312085,0.3512085,-0.5287915,-0.3587915,-0.8387915,-1.0487915,-2.4287915,-4.3587914,-4.3687916,-5.1487913,-6.1287913,-6.2587914,-3.1187916,-0.85879153,-1.8487915,-1.2487915,-0.7387915
-3.1887915,-2.8487916,-3.2087915,-5.6987915,-6.0287914,-7.0787916,-6.3087916,-4.2887917,-0.8487915,0.4312085,3.4712086,4.9512086,2.8512084,1.1812085,2.0712085,4.9312086,6.8312087,4.0112085,2.3112085,1.9812084,2.9012084,3.9412086,3.7612085,3.6412084,3.5212085,3.3612084,3.3812084,2.6712084,0.9612085,0.4112085,0.6212085,0.5612085,-1.3387915,-2.5587914,-3.3087914,-3.5687914,-2.8487916,-3.7487915,-3.3387916,-2.6787915,-2.7687914,-2.9487915,-1.8687915
-2.1487916,-2.8187914,-3.1187916,-3.5487914,-6.0087914,-3.8987916,-4.8087916,-3.5487914,-3.6987915,-0.3987915,-1.6987915,1.2812085,2.2112086,0.7912085,-1.0487915,-0.3287915,3.5612085,4.0312085,5.1012087,4.5212083,2.9212084,1.4312085,3.0112085,2.9812086,1.2712085,1.9312085,2.1812086,3.0212085,3.4112084,3.2412086,2.6112084,2.4812086,1.3712085,0.10120849,0.10120849,-1.7987915,-2.0687914,-2.4687915,-2.5587914,-1.6887915,-1.7487915,-0.9487915,-1.5887915
0.1112085,-0.7687915,-1.7787915,-2.3087914,-3.1087916,-3.2987914,-2.6087916,-2.9387915,-3.8887916,-2.6787915,-2.5987916,-2.0687914,0.6912085,0.9912085,0.4312085,-2.5487914,-3.8087914,-0.048791505,3.3912084,3.7312086,3.9412086,2.5312085,2.3212085,1.8512084,0.3412085,1.9112085,1.2212085,2.0712085,3.5412085,4.0812087,3.4812086,3.2412086,2.5612085,1.7812085,1.6212085,0.9612085,2.0912085,-1.6487916,-1.5587915,0.5712085,0.1712085,-1.9587915,-1.1287915
2.1412084,1.4712085,0.8112085,-0.4787915,-1.6787915,-1.2687916,-1.7887915,-1.7487915,-1.6287915,-2.7387915,-2.8987916,-1.9487915,0.4012085,1.4412085,2.4212084,2.2312086,-0.4287915,-2.3387916,-2.2287915,-0.5987915,1.5912085,-0.1387915,2.2512085,2.6712084,2.3512084,0.4512085,1.7512085,2.4512086,2.8012085,3.0812085,2.3812084,3.4512086,3.6312084,2.0312085,2.7512085,3.0612085,2.6312084,1.2512085,1.5912085,-1.4487915,-0.6787915,1.5312085,0.2912085
