wind.json
{"header": {"discipline":0,"disciplineName":"Meteorological products","gribEdition":2,"gribLength":1039,"center":7,"centerName":"US National Weather Service - NCEP(WMC)","subcenter":0,"refTime":"2023-07-02T00:00:00.000Z","significanceOfRT":1,"significanceOfRTName":"Start of forecast","productStatus":0,"productStatusName":"Operational products","productType":1,"productTypeName":"Forecast products","productDefinitionTemplate":0,"productDefinitionTemplateName":"Analysis/forecast at horizontal level/layer at a point in time","parameterCategory":0,"parameterCategoryName":"UnknownDiscipline_0_Category_0","parameterNumber":0,"parameterNumberName":"UnknownParameter_D0_C0_0","parameterUnit":"Unknown","genProcessType":2,"genProcessTypeName":"Forecast","forecastTime":300,"surface1Type":1,"surface1TypeName":"Ground or water surface","surface1Value":0.0,"surface2Type":255,"surface2TypeName":"Missing","surface2Value":0.0,"gridDefinitionTemplate":0,"gridDefinitionTemplateName":"Latitude_Longitude","numberPoints":688,"shape":6,"shapeName":"Earth spherical with radius of 6,371,229.0 m","gridUnits":"degrees","resolution":48,"winds":"true","scanMode":64,"nx":43,"ny":16,"basicAngle":0,"lo1":45.0,"la1":40.0,"lo2":87.0,"la2":55.0,"dx":1.0,"dy":1.0}, "data":
[rows 0 to 15 of 16, columns 0 to 42 of 43]
301.66714,292.26715,317.46713,324.96713,320.46713,299.36713,299.16714,298.66714,325.06714,324.26715,323.46713,321.66714,322.56714,321.66714,320.76715,319.66714,318.36713,317.96713,317.16714,316.46713,313.36713,312.36713,310.06714,312.06714,309.36713,305.06714,304.66714,298.06714,293.66714,294.46713,298.86713,308.96713,310.66714,312.16714,316.66714,318.36713,318.86713,317.16714,316.26715,318.66714,317.46713,316.46713,315.66714
299.26715,321.56714,318.06714,303.66714,311.76715,299.46713,298.46713,297.16714,315.86713,325.26715,322.56714,323.26715,321.16714,320.96713,320.06714,319.56714,318.66714,318.56714,316.96713,315.46713,316.86713,315.66714,317.86713,311.86713,311.36713,306.66714,311.66714,312.06714,307.86713,288.36713,290.76715,289.56714,288.16714,293.56714,304.56714,313.76715,317.06714,316.66714,316.06714,317.16714,315.96713,316.26715,315.86713
305.36713,296.26715,294.96713,309.66714,297.96713,298.26715,297.96713,298.56714,327.26715,323.16714,320.86713,320.36713,321.36713,319.86713,318.76715,315.86713,317.16714,317.46713,317.26715,317.46713,315.76715,316.16714,315.96713,313.16714,310.16714,300.86713,291.76715,290.46713,298.26715,290.36713,291.16714,284.96713,289.86713,284.56714,295.66714,267.86713,290.76715,306.26715,307.06714,311.46713,315.96713,307.86713,288.26715
294.36713,299.66714,309.46713,298.06714,297.96713,297.76715,297.36713,324.36713,322.96713,322.36713,320.56714,319.06714,318.56714,317.96713,311.96713,313.76715,315.16714,315.66714,314.76715,313.46713,313.56714,314.06714,314.46713,311.36713,310.86713,304.06714,308.06714,306.26715,306.06714,306.06714,303.66714,289.06714,281.56714,280.96713,289.76715,291.76715,286.96713,285.76715,280.06714,282.86713,288.16714,286.86713,286.36713
308.06714,310.96713,310.56714,298.46713,298.56714,298.86713,302.46713,323.96713,324.06714,322.46713,321.76715,320.76715,320.16714,314.56714,296.16714,295.76715,312.06714,315.36713,313.66714,313.66714,313.46713,312.86713,307.86713,306.76715,310.06714,309.46713,308.06714,307.96713,308.36713,305.16714,304.66714,305.66714,305.16714,300.36713,305.16714,303.26715,302.56714,293.16714,283.16714,280.76715,287.56714,289.16714,301.66714
309.66714,312.86713,314.76715,299.16714,299.06714,299.86713,309.06714,323.26715,323.86713,328.16714,324.56714,323.66714,322.96713,315.66714,296.56714,297.36713,293.96713,314.66714,314.86713,310.96713,307.86713,310.56714,310.76715,310.36713,309.16714,308.46713,308.46713,308.66714,306.96713,302.76715,305.66714,305.66714,307.36713,304.56714,286.36713,277.86713,291.76715,296.86713,298.56714,298.86713,300.46713,303.66714,303.96713
313.46713,318.86713,316.96713,315.76715,300.56714,300.56714,301.56714,300.86713,322.66714,326.26715,325.56714,323.36713,322.06714,320.06714,297.56714,294.76715,303.06714,311.16714,312.56714,301.76715,302.36713,310.56714,308.26715,306.06714,303.26715,304.36713,304.16714,300.16714,303.06714,290.76715,305.66714,305.36713,305.16714,305.16714,299.76715,301.36713,295.96713,296.36713,285.86713,286.66714,297.66714,300.76715,303.26715
316.26715,318.26715,318.56714,317.16714,320.56714,319.36713,312.86713,319.16714,320.96713,323.06714,321.96713,320.86713,320.36713,317.96713,316.66714,317.06714,307.36713,311.96713,295.86713,298.16714,301.56714,301.86713,299.76715,302.86713,298.36713,301.56714,295.56714,295.16714,293.36713,303.16714,299.06714,295.46713,298.46713,302.56714,300.56714,301.96713,299.56714,290.86713,285.86713,284.16714,282.76715,288.46713,299.46713
318.16714,316.56714,320.06714,321.66714,322.06714,322.96713,323.86713,323.86713,323.26715,321.06714,319.26715,318.46713,316.96713,314.66714,306.96713,300.26715,298.36713,294.86713,295.66714,306.06714,299.86713,293.36713,297.96713,298.36713,294.76715,294.86713,289.36713,288.46713,290.66714,290.96713,294.16714,292.96713,296.66714,294.76715,294.06714,295.66714,291.46713,296.36713,295.06714,288.76715,294.46713,296.56714,295.36713
300.26715,324.76715,321.16714,321.36713,322.36713,319.66714,320.76715,320.36713,317.96713,317.86713,316.76715,314.76715,312.86713,310.56714,306.46713,300.66714,306.76715,309.06714,306.66714,306.06714,298.36713,300.16714,294.16714,290.36713,296.26715,293.16714,288.56714,291.16714,287.46713,287.36713,290.76715,285.36713,289.66714,294.56714,294.06714,293.56714,291.36713,291.76715,291.76715,289.86713,282.46713,284.46713,287.16714
314.16714,317.16714,315.46713,317.06714,317.46713,316.66714,317.26715,318.56714,316.06714,315.26715,313.86713,305.76715,303.76715,299.26715,297.06714,304.66714,304.36713,304.76715,306.66714,299.06714,296.96713,299.96713,296.36713,295.96713,294.36713,290.96713,294.86713,289.66714,292.56714,291.06714,287.66714,287.86713,289.66714,292.16714,293.36713,290.96713,289.16714,290.46713,287.76715,285.56714,283.96713,286.36713,286.86713
308.46713,303.06714,311.76715,311.96713,311.56714,310.76715,312.36713,313.86713,312.66714,308.86713,301.36713,306.16714,297.56714,303.86713,303.26715,301.16714,301.56714,302.76715,301.86713,297.66714,294.36713,297.96713,292.66714,296.96713,294.66714,296.16714,293.26715,290.36713,290.16714,295.96713,297.26715,297.06714,294.36713,295.76715,299.06714,301.76715,300.16714,298.36713,287.26715,285.56714,287.66714,290.26715,290.66714
304.46713,307.06714,309.06714,311.06714,311.16714,310.26715,308.66714,303.66714,301.26715,298.86713,301.36713,302.56714,300.86713,294.76715,300.26715,299.86713,298.56714,299.46713,294.66714,297.76715,293.86713,295.96713,291.56714,291.46713,294.86713,291.56714,291.06714,292.06714,294.16714,293.46713,297.46713,295.26715,298.46713,296.66714,301.16714,299.76715,299.56714,300.06714,298.26715,292.56714,289.76715,290.36713,297.66714
302.26715,302.66714,303.96713,300.86713,301.96713,301.86713,302.16714,299.96713,302.86713,298.06714,304.36713,300.36713,298.96713,295.96713,298.96713,296.96713,296.76715,297.06714,292.36713,296.46713,291.66714,292.76715,293.06714,291.26715,289.16714,294.26715,291.66714,294.76715,294.56714,294.16714,294.76715,296.36713,298.36713,298.66714,297.06714,298.66714,299.06714,298.16714,298.96713,296.16714,295.86713,299.36713,298.46713
299.66714,299.36713,302.96713,302.06714,299.96713,304.16714,303.56714,299.26715,297.06714,295.66714,297.96713,297.76715,297.26715,294.86713,297.36713,296.96713,296.46713,295.76715,293.86713,293.96713,294.16714,292.56714,290.86713,292.76715,292.46713,292.56714,293.56714,295.56714,291.36713,291.86713,292.16714,293.66714,295.96713,297.36713,298.26715,298.96713,296.36713,296.86713,297.16714,296.76715,299.16714,299.36713,299.86713
299.26715,302.36713,302.46713,305.86713,294.06714,306.06714,306.26715,298.26715,300.06714,302.16714,300.86713,297.76715,298.46713,295.76715,293.86713,294.76715,296.46713,293.46713,296.16714,292.06714,293.66714,292.56714,292.06714,291.86713,294.16714,289.26715,290.56714,286.66714,286.96713,287.86713,288.06714,292.56714,293.36713,289.96713,297.56714,296.66714,296.86713,298.86713,296.46713,295.26715,301.16714,301.76715,301.56714
