wind.json
{"header": {"discipline":0,"disciplineName":"Meteorological products","gribEdition":2,"gribLength":1211,"center":7,"centerName":"US National Weather Service - NCEP(WMC)","subcenter":0,"refTime":"2023-06-27T00:00:00.000Z","significanceOfRT":1,"significanceOfRTName":"Start of forecast","productStatus":0,"productStatusName":"Operational products","productType":1,"productTypeName":"Forecast products","productDefinitionTemplate":0,"productDefinitionTemplateName":"Analysis/forecast at horizontal level/layer at a point in time","parameterCategory":2,"parameterCategoryName":"UnknownDiscipline_0_Category_2","parameterNumber":3,"parameterNumberName":"UnknownParameter_D0_C2_3","parameterUnit":"Unknown","genProcessType":2,"genProcessTypeName":"Forecast","forecastTime":0,"surface1Type":103,"surface1TypeName":"Specified height level above ground","surface1Value":10.0,"surface2Type":255,"surface2TypeName":"Missing","surface2Value":0.0,"gridDefinitionTemplate":0,"gridDefinitionTemplateName":"Latitude_Longitude","numberPoints":688,"shape":6,"shapeName":"Earth spherical with radius of 6,371,229.0 m","gridUnits":"degrees","resolution":48,"winds":"true","scanMode":64,"nx":43,"ny":16,"basicAngle":0,"lo1":45.0,"la1":40.0,"lo2":87.0,"la2":55.0,"dx":1.0,"dy":1.0}, "data":
[rows 0 to 15 of 16, columns 0 to 42 of 43]
-2.3277636,2.4922364,-0.9977637,-0.29776368,0.032236326,2.3422363,0.22223634,-2.8077636,-2.5677636,-3.4077637,-1.9977636,-2.5377636,-2.2077637,-1.5177636,-3.1277637,-3.0077636,-3.6977637,1.8022363,1.3022363,-0.7077637,-2.2777636,-0.5577637,-1.6177636,1.4522363,2.1822364,1.7022363,0.18223633,0.9822363,1.9322363,0.20223632,1.5822363,0.6922363,-0.16776367,-2.4277637,-3.7077637,-2.3677638,0.49223632,1.1622363,1.7222363,-0.07776367,-1.5177636,-0.04776367,-0.9477637
1.5122364,-1.0277637,0.58223635,-3.0977638,2.0222363,5.9822364,2.0822363,-1.2377636,-2.2177637,-2.8477638,-0.83776367,-1.6677637,-2.8677638,-2.4877636,-2.6077638,-2.8077636,-1.9977636,-2.2577636,-0.40776366,-0.6277637,-0.54776365,-1.1877637,1.9122363,2.0622363,-0.30776367,-1.0377637,-1.4277637,-0.85776365,-1.3277637,1.1722363,0.5722363,2.2222364,-2.4977636,-1.6277636,0.25223634,0.8022363,0.40223634,2.0422363,2.5722363,-0.30776367,0.34223634,-1.0877637,3.1022363
-0.5177637,-3.6577637,4.7122364,0.7422363,5.222236,3.4222364,1.4722363,-1.8877636,-2.6677637,-2.5177636,-2.4177637,-3.5677636,-3.6777637,-3.6277637,-0.8077637,1.6922363,-1.1977637,-1.4677637,-1.9677637,-2.0977638,-2.4077637,-1.5377637,-1.4277637,2.3922362,2.4322364,1.6822363,0.9222363,1.3122363,-1.8877636,2.1322362,0.51223636,2.5622363,3.9422364,4.432236,-0.53776366,-1.1377636,-3.8277636,-1.0677637,-2.2177637,-3.0977638,-0.60776365,-2.1577637,-1.9977636
3.7122364,3.2122364,1.2422364,2.3022363,0.8722363,0.5422363,-0.41776368,-2.4377637,-3.0177636,-2.3277636,-1.7277637,-2.9977636,-3.8777637,-2.5877638,-2.3177636,-2.5477636,-2.4377637,-2.5077636,-1.0977637,-1.1677637,-1.3577636,-1.0477637,-2.8977637,-1.4677637,1.7422364,1.7222363,3.2822363,3.8422363,1.9922364,1.2722363,-0.11776367,3.2522364,4.412236,2.4722364,2.9922364,-1.3277637,-0.11776367,2.6222363,4.702236,1.3622364,1.2022363,-1.5777637,-0.5777637
-2.3777637,-0.8177637,-0.25776368,1.3022363,-0.20776367,-2.5577636,-2.0677636,-1.5877637,-1.1477637,-2.0677636,-2.6977637,-2.3877637,-2.9677637,-3.2977636,-5.2877636,-3.6977637,-3.3577638,-2.4177637,-2.3677638,-2.2677636,-2.4877636,-2.7877636,0.64223635,1.8822364,-0.47776368,2.0922363,0.8022363,4.492236,2.7022364,2.6322362,3.0222363,6.5422363,8.212236,-0.23776367,-0.23776367,-1.0477637,-0.35776368,-2.5777636,-1.0677637,2.8222363,4.4822364,2.6322362,2.1622362
-0.35776368,0.72223634,0.15223633,0.27223632,-0.64776367,-1.7377636,-2.8977637,-1.9477637,-1.9077637,-1.3877636,-2.5477636,-2.6677637,-2.9377637,-3.2477636,-3.6877637,-5.4177637,-4.8477635,-3.2477636,-2.5977638,-2.0977638,-2.5877638,-3.8777637,-4.1377635,-4.9177637,-2.7177637,-0.6177637,0.65223634,2.0622363,3.6922364,3.3422363,1.2622364,8.602237,1.3522363,1.9922364,2.7522364,2.2522364,-0.49776366,-0.84776366,0.5022363,-1.2677636,0.05223633,3.3422363,4.242236
1.8622364,1.1022363,0.15223633,-0.40776366,-0.23776367,-2.5477636,-3.0277636,-5.507764,-3.8777637,-3.7677636,-3.1277637,-1.9077637,-2.2077637,-2.2877636,-2.7577636,-2.1277637,-1.7977637,-0.9577637,-0.89776367,-0.43776366,-1.5777637,-1.5377637,-2.4277637,-2.6277637,-3.7677636,-4.3077636,0.96223634,2.0322363,2.5522363,3.4322364,3.6122363,4.2922363,4.2722363,3.9722364,2.2422364,0.45223632,2.5622363,4.202236,3.4722364,3.9722364,-1.8977637,-0.5077637,2.3622363
3.1422362,1.6522363,1.0822363,-0.36776367,-2.2977636,-2.3777637,-1.0777637,-1.6677637,-2.8477638,-2.8177636,-3.1777637,-4.1777635,-4.3477635,-3.5877638,-3.5877638,-3.1377637,-2.1777637,-0.7077637,1.8622364,2.3022363,1.6122364,0.012236328,-0.77776366,-0.5577637,-0.97776365,-1.1477637,-2.4677637,-0.85776365,1.7322364,2.4622364,2.8522363,3.6422362,2.3722363,1.9422363,1.7622364,5.202236,0.21223633,-1.0977637,-2.6277637,-0.16776367,0.84223634,1.4322363,1.2422364
1.0822363,0.85223633,0.66223633,-1.0977637,-0.79776365,-1.4777637,-2.7077637,-3.2077637,-2.9977636,-2.4577637,-2.6377637,-3.1477637,-3.4677637,-3.0377636,-3.6877637,-3.9377637,-4.3277636,-3.9777637,-0.8077637,1.6922363,2.1422362,2.3622363,0.6922363,0.9222363,1.0822363,1.1122364,1.2822363,1.2022363,1.6522363,1.4622363,3.0322363,4.7722363,3.0422363,3.5222363,4.702236,5.2322364,1.2122363,1.3822364,1.7722363,2.4522364,-0.9977637,0.05223633,-0.8777637
2.8422363,-0.42776367,-0.15776367,-0.12776367,-1.3777636,-2.1877637,-3.2877636,-3.8277636,-4.1877637,-3.6377637,-3.9577637,-3.8777637,-4.1477637,-3.6477637,-4.6677637,-3.8177636,-3.4377637,-2.8577638,-1.4777637,-0.06776367,1.7822363,3.0222363,2.0522363,1.2222363,1.3222363,3.5922363,3.1122363,1.9522363,2.8422363,3.0422363,5.0622363,3.6822364,5.8522363,7.912236,9.692236,6.1922364,3.6222363,4.8622365,-1.1677637,0.34223634,1.0622363,0.35223633,-0.84776366
-0.59776366,0.5722363,-0.25776368,-0.5677637,-1.6077636,-2.5377636,-3.5177636,-3.5977638,-3.9077637,-4.8677635,-5.1677637,-4.587764,-4.587764,-3.5977638,-4.0377636,-4.8877635,-4.5177636,-4.0577636,-2.5977638,0.13223633,1.0022364,2.0922363,3.0222363,2.7222364,2.5122364,2.4722364,2.3222363,4.2322364,3.5222363,3.5022364,3.5022364,7.4222364,7.6922364,7.3222365,8.332236,6.032236,5.8222365,1.9522363,1.3822364,-1.7077637,0.39223632,3.3222363,2.8022363
1.9222363,0.32223633,-1.0677637,-0.28776368,-1.4577637,-2.5677636,-3.1377637,-3.2577636,-3.3177636,-3.5777636,-4.837764,-5.2077637,-2.5077636,-1.6577637,-6.027764,-7.5777636,-7.8477635,-5.277764,-3.6277637,-1.6277636,0.13223633,1.7722363,2.8322363,3.4122362,4.2722363,3.9722364,3.7722363,4.5822363,4.4822364,3.8422363,4.3422365,5.762236,6.6322365,5.5222363,2.4822364,2.7622364,9.832236,7.182236,2.1122363,2.8522363,2.4722364,1.9722363,1.1522363
1.7722363,-0.25776368,-0.83776367,-0.59776366,-0.43776366,-1.9077637,-2.1377637,-3.2377636,-3.4677637,-4.2277637,-5.8477635,-3.6777637,-1.7577636,-3.9177637,-5.7877636,-8.097764,-9.137764,-8.777763,-7.1877637,-5.1377635,-1.2777637,0.97223634,3.1022363,3.9222364,4.9622364,5.6722364,5.6722364,4.3322363,5.8822365,3.9422364,4.6022363,7.8622365,3.3722363,3.0122364,2.8422363,3.5622363,3.1722364,0.91223633,1.4922364,2.3822362,2.9222364,1.9622363,0.8122363
1.0722363,0.5422363,-0.28776368,-0.73776364,-0.6777637,-0.087763675,-2.0477636,-2.3577638,-3.3877637,-2.9977636,-3.7777636,-2.5977638,-1.7277637,-2.9977636,-5.8977637,-8.027763,-9.207764,-10.167764,-9.787764,-8.207764,-7.047764,-4.507764,-0.12776367,4.472236,4.9222364,5.0722365,5.702236,5.452236,5.262236,5.4422364,4.6522365,2.1422362,2.5222363,3.7722363,2.3422363,3.7022364,3.7522364,2.2822363,1.2222363,0.76223636,1.7922363,0.9922363,0.33223632
1.5322363,0.5022363,0.49223632,-1.3577636,-2.7677636,-1.7077637,-1.4777637,-1.7277637,-1.9277637,-3.1477637,-1.7377636,-2.4177637,-0.5777637,-0.98776364,-3.2177637,-7.277764,-9.047764,-9.727764,-10.507764,-10.647763,-9.217764,-7.8977637,-5.7677636,-2.8977637,-0.5677637,0.97223634,1.9222363,2.4222364,2.6822364,3.2822363,3.1922364,3.6522362,3.4522364,3.3022363,4.0622363,3.5222363,1.5522363,1.5522363,1.2522364,0.5522363,0.5622363,0.7522363,0.14223632
0.9322363,0.8822363,0.032236326,-1.3077637,-1.6877637,-2.7077637,-2.8777637,-1.0177636,-1.1977637,-1.1377636,-2.0877638,-2.5577636,-1.7277637,-0.71776366,-0.58776367,-3.0577636,-8.047764,-8.487763,-8.957764,-9.697763,-10.207764,-9.177764,-7.3877635,-6.0377636,-4.047764,-2.6877637,-1.8977637,-1.9377637,1.0822363,1.2222363,2.1922364,2.2022364,4.162236,4.6722364,3.4322364,4.4822364,3.1322362,2.4422364,2.0022364,1.0422363,1.6922363,0.83223635,0.25223634
