wind_kz.json
{"header": {"discipline":0,"disciplineName":"Meteorological products","gribEdition":2,"gribLength":1025,"center":7,"centerName":"US National Weather Service - NCEP(WMC)","subcenter":0,"refTime":"2023-08-23T06:00:00.000Z","significanceOfRT":1,"significanceOfRTName":"Start of forecast","productStatus":0,"productStatusName":"Operational products","productType":1,"productTypeName":"Forecast products","productDefinitionTemplate":0,"productDefinitionTemplateName":"Analysis/forecast at horizontal level/layer at a point in time","parameterCategory":2,"parameterCategoryName":"UnknownDiscipline_0_Category_2","parameterNumber":2,"parameterNumberName":"UnknownParameter_D0_C2_2","parameterUnit":"Unknown","genProcessType":2,"genProcessTypeName":"Forecast","forecastTime":240,"surface1Type":103,"surface1TypeName":"Specified height level above ground","surface1Value":10.0,"surface2Type":255,"surface2TypeName":"Missing","surface2Value":0.0,"gridDefinitionTemplate":0,"gridDefinitionTemplateName":"Latitude_Longitude","numberPoints":615,"shape":6,"shapeName":"Earth spherical with radius of 6,371,229.0 m","gridUnits":"degrees","resolution":48,"winds":"true","scanMode":64,"nx":41,"ny":15,"basicAngle":0,"lo1":47.0,"la1":41.0,"lo2":87.0,"la2":55.0,"dx":1.0,"dy":1.0}, "data":
[rows 0 to 14 of 15, columns 0 to 40 of 41]
-0.647063,1.972937,-2.537063,-0.82706296,-1.117063,-2.057063,1.282937,2.092937,1.372937,-0.267063,1.1429371,0.262937,0.31293702,0.992937,-0.0070629884,0.43293703,-0.857063,-2.637063,-3.927063,-3.137063,-0.447063,0.07293701,1.932937,2.842937,0.12293701,1.802937,3.632937,2.022937,1.352937,0.942937,-2.167063,1.792937,0.812937,2.802937,-2.357063,-2.327063,-3.437063,-4.027063,-3.217063,-4.247063,-5.697063
-0.857063,-2.707063,-3.257063,-3.287063,-5.457063,-3.607063,-5.207063,-5.147063,-1.187063,1.332937,2.832937,3.262937,2.322937,1.062937,0.712937,0.28293702,-0.12706299,-0.627063,-0.917063,-0.76706296,1.442937,1.992937,1.992937,3.312937,0.692937,0.43293703,1.222937,-0.95706296,2.432937,2.872937,1.452937,-0.16706298,-2.027063,1.632937,1.522937,1.862937,0.25293702,0.25293702,1.222937,-1.087063,-0.297063
-4.277063,-5.477063,-5.717063,-4.967063,-4.757063,-4.377063,-4.287063,-2.887063,-2.707063,-1.507063,-0.82706296,1.482937,4.552937,3.362937,2.732937,2.612937,3.692937,2.002937,1.132937,0.992937,1.062937,2.512937,0.0029370117,0.032937013,-0.607063,-1.267063,1.112937,1.552937,3.772937,0.682937,0.28293702,0.462937,-1.867063,-0.70706296,-0.327063,1.952937,1.182937,0.352937,0.012937012,-0.777063,-0.387063
-6.987063,-6.257063,-4.857063,-3.787063,-2.067063,-2.377063,-0.787063,-1.957063,-1.157063,-0.15706299,0.642937,3.612937,1.352937,2.042937,2.072937,1.992937,1.602937,2.742937,3.392937,2.152937,1.992937,-0.977063,0.032937013,-1.477063,-1.497063,-1.747063,-2.087063,-3.957063,-5.097063,-2.5470629,0.07293701,-2.937063,-3.377063,-1.587063,-0.94706297,0.492937,1.002937,1.022937,-2.817063,-1.797063,-1.457063
-5.047063,-4.897063,-3.927063,-1.287063,-0.717063,-3.457063,-3.597063,-2.497063,-0.447063,0.762937,0.852937,2.4529371,0.762937,1.412937,1.002937,1.952937,1.742937,2.422937,2.042937,2.562937,1.002937,0.202937,-0.717063,-1.757063,-1.877063,-3.377063,-5.987063,-4.397063,-4.567063,-4.927063,-4.797063,-2.537063,1.912937,-0.217063,-3.857063,-2.197063,-3.087063,-2.627063,-0.597063,-0.607063,-2.917063
-6.797063,-5.067063,-7.527063,-6.897063,-5.957063,-3.637063,-0.537063,0.16293702,-0.627063,-0.807063,-0.49706298,-0.267063,-0.51706296,-2.987063,-1.997063,-0.17706299,0.73293704,0.21293701,-0.04706299,2.052937,2.882937,1.182937,-1.167063,-0.20706299,-0.747063,-1.267063,-4.437063,-2.077063,-5.437063,-5.597063,-6.067063,-5.487063,-4.097063,-3.927063,-3.507063,4.262937,-2.127063,-1.317063,-1.327063,-2.067063,-0.287063
-6.627063,-6.1670628,-5.537063,-4.877063,-3.697063,-2.467063,-1.477063,0.37293702,0.782937,0.092937015,0.632937,-0.037062988,-1.137063,-0.387063,-1.267063,0.642937,4.202937,1.032937,2.122937,2.272937,-0.17706299,2.832937,0.382937,-1.297063,-0.567063,0.272937,1.022937,-1.767063,-3.037063,-3.637063,-3.917063,-3.977063,-3.887063,-1.997063,-1.027063,0.08293701,0.302937,-2.277063,1.562937,-0.07706299,0.092937015
-5.787063,-6.1670628,-5.487063,-4.887063,-4.107063,-3.077063,-1.937063,-0.537063,-0.257063,-1.207063,-0.967063,0.032937013,0.502937,1.132937,0.61293703,1.052937,-1.907063,-1.087063,-0.057062987,1.8929371,-1.177063,2.582937,3.042937,1.252937,1.242937,0.832937,0.54293704,1.402937,0.61293703,-0.09706299,-1.117063,-1.657063,-0.647063,-2.187063,-2.417063,-3.077063,-1.677063,3.662937,5.662937,5.462937,3.982937
-5.467063,-3.847063,-2.267063,-1.2370629,-1.847063,-2.377063,-1.537063,-1.137063,-1.627063,-1.997063,-1.407063,-1.027063,-0.087062985,-0.457063,-0.63706297,-1.337063,-1.4870629,-1.557063,-1.367063,-0.567063,1.092937,0.172937,1.532937,2.2029371,3.792937,1.722937,2.192937,1.402937,1.452937,1.202937,2.412937,1.592937,0.25293702,1.152937,0.272937,0.912937,0.742937,0.392937,1.702937,-0.34706298,2.412937
-3.207063,-2.487063,-2.487063,-2.537063,-2.887063,-2.937063,-2.957063,-3.147063,-2.517063,-2.137063,-1.2370629,-1.847063,-1.167063,-1.437063,-2.907063,-2.427063,-1.247063,-0.907063,0.40293702,0.34293702,0.642937,0.852937,-2.107063,-0.537063,0.61293703,2.712937,2.672937,4.402937,3.652937,2.752937,3.822937,3.042937,1.382937,0.742937,1.622937,0.092937015,1.822937,0.25293702,2.192937,0.772937,0.272937
-1.617063,-1.717063,-2.437063,-2.877063,-2.687063,-2.577063,-2.567063,-2.347063,-2.287063,-1.427063,-1.547063,-2.377063,-3.007063,-3.127063,-2.527063,-2.587063,-1.7370629,-1.017063,-0.857063,0.062937014,1.082937,-0.037062988,-0.95706296,1.122937,3.102937,3.592937,4.402937,4.702937,5.192937,5.412937,2.882937,1.592937,2.392937,1.502937,0.98293704,0.822937,1.112937,1.192937,0.352937,0.47293702,1.062937
-0.12706299,-0.63706297,-1.867063,-2.307063,-2.237063,-2.257063,-1.997063,-1.657063,-1.847063,-1.437063,-0.587063,-2.777063,-1.617063,-2.767063,-1.307063,-1.117063,-0.397063,-1.097063,-0.357063,0.572937,2.072937,2.612937,2.522937,3.102937,2.662937,2.902937,3.442937,5.052937,4.362937,4.572937,2.4529371,1.372937,0.092937015,1.362937,0.902937,0.302937,0.262937,-1.177063,-1.117063,-1.287063,-1.347063
0.392937,0.21293701,-0.287063,-0.82706296,-0.917063,-0.217063,-1.027063,-1.777063,-2.467063,-1.007063,-0.847063,-0.46706298,-1.217063,-0.51706296,-0.037062988,0.452937,0.61293703,0.012937012,-0.717063,-1.097063,-0.717063,0.782937,1.312937,1.6429371,0.40293702,1.202937,1.812937,2.342937,4.922937,2.562937,1.622937,0.512937,-0.537063,0.73293704,-0.357063,1.692937,-0.24706298,-0.777063,-1.477063,-1.627063,-1.267063
1.202937,1.722937,0.73293704,1.162937,1.272937,1.732937,1.742937,1.872937,0.352937,-0.17706299,0.492937,0.98293704,0.652937,0.902937,0.762937,2.142937,1.822937,2.112937,2.062937,2.582937,3.122937,3.182937,3.102937,3.102937,3.632937,5.442937,3.612937,2.862937,1.032937,2.682937,4.212937,3.592937,2.052937,1.722937,1.472937,2.292937,0.742937,1.632937,0.682937,0.942937,-0.777063
1.162937,1.872937,1.582937,2.312937,2.352937,2.642937,2.502937,2.932937,2.742937,3.092937,1.742937,3.112937,2.4529371,2.732937,1.682937,1.992937,2.382937,2.472937,3.052937,3.362937,3.832937,4.132937,4.182937,4.042937,4.482937,5.102937,5.872937,3.972937,3.812937,4.502937,2.052937,3.002937,2.882937,2.632937,2.872937,2.152937,1.792937,2.042937,2.412937,1.022937,0.832937
