wind_kz.json
{"header": {"discipline":0,"disciplineName":"Meteorological products","gribEdition":2,"gribLength":1025,"center":7,"centerName":"US National Weather Service - NCEP(WMC)","subcenter":0,"refTime":"2024-04-08T06:00:00.000Z","significanceOfRT":1,"significanceOfRTName":"Start of forecast","productStatus":0,"productStatusName":"Operational products","productType":1,"productTypeName":"Forecast products","productDefinitionTemplate":0,"productDefinitionTemplateName":"Analysis/forecast at horizontal level/layer at a point in time","parameterCategory":2,"parameterCategoryName":"UnknownDiscipline_0_Category_2","parameterNumber":3,"parameterNumberName":"UnknownParameter_D0_C2_3","parameterUnit":"Unknown","genProcessType":2,"genProcessTypeName":"Forecast","forecastTime":120,"surface1Type":103,"surface1TypeName":"Specified height level above ground","surface1Value":10.0,"surface2Type":255,"surface2TypeName":"Missing","surface2Value":0.0,"gridDefinitionTemplate":0,"gridDefinitionTemplateName":"Latitude_Longitude","numberPoints":615,"shape":6,"shapeName":"Earth spherical with radius of 6,371,229.0 m","gridUnits":"degrees","resolution":48,"winds":"true","scanMode":64,"nx":41,"ny":15,"basicAngle":0,"lo1":47.0,"la1":41.0,"lo2":87.0,"la2":55.0,"dx":1.0,"dy":1.0}, "data":
[rows 0 to 14 of 15, columns 0 to 40 of 41]
1.6259912,1.9759912,-0.76400876,3.1459913,-0.7940088,2.9259913,0.5859912,0.9659912,-0.014008789,-1.6340088,-1.6640087,-2.4240088,-2.8240087,-3.3940089,-4.234009,-4.864009,-4.174009,-3.4440088,-1.0540088,0.67599124,-0.4240088,2.6059911,3.1459913,1.2959912,1.7059913,3.2059913,1.0759912,-0.43400878,-1.4640088,2.6859913,1.7359912,3.625991,-0.7940088,1.5059912,-1.1740088,-0.7940088,-2.874009,1.4159912,3.0759912,3.1759913,3.8059912
0.12599121,-0.20400879,2.375991,0.7759912,1.4959912,3.1859913,1.2059913,0.5759912,-0.27400878,-1.1040088,-1.1540087,-2.2740088,-2.8140087,-3.7340088,-4.7940087,-5.5240088,-3.7840087,-3.7240088,-5.0640087,-2.9240088,-1.4540088,-1.4340088,5.305991,-0.5440088,1.6959912,2.0959911,2.1659913,-0.2940088,-0.69400877,0.5759912,-0.4240088,2.3959913,0.02599121,2.7859912,1.9959912,3.1459913,2.7859912,0.3259912,2.3359911,1.0859913,0.1759912
-1.0140088,2.865991,2.7759912,2.1759913,0.92599124,2.6459913,2.7659912,1.9559913,0.34599122,-0.5440088,-0.7840088,-1.6440088,-3.1440089,-3.874009,-3.9140089,-4.244009,-4.654009,-5.304009,-6.614009,-4.7740088,0.8959912,-0.2640088,-1.6040088,0.8759912,-2.4640088,-2.1740088,-2.4340088,-1.3540088,-0.5640088,-1.5040088,-0.8740088,-0.63400877,-0.3140088,2.115991,1.2059913,-0.3240088,0.9659912,2.3059912,0.23599121,2.3459911,1.6459912
2.5159912,4.035991,3.4359913,1.9359912,1.3859912,1.3259912,1.6459912,0.4359912,0.98599124,0.41599122,-0.8140088,-1.3740088,-1.3340088,-1.9940088,-3.4340088,-4.244009,-4.254009,-5.594009,-6.614009,-7.5640087,-1.6340088,-1.2740088,0.20599121,-0.6840088,-2.2240088,-3.4540088,-2.9140089,0.4359912,-1.6340088,1.1759912,1.0059912,0.7759912,0.92599124,-0.2540088,0.4959912,0.9659912,3.1459913,3.6559913,-2.3940089,-2.7140088,-1.0740088
2.6759913,3.0359912,2.9959912,1.9859912,-0.9340088,1.0959913,1.9159912,0.4259912,1.0459912,0.8459912,-0.3140088,-1.7740088,-0.82400876,-1.6040088,-1.3340088,-2.614009,-3.5040088,-4.594009,-4.554009,-4.3340087,-2.0540087,-1.0640088,-0.88400877,-1.2640088,-1.0940088,-1.1740088,-2.1940088,-2.634009,-1.9340088,-1.0240088,-2.5140088,-2.3040087,0.06599121,1.4859912,0.80599123,-0.19400878,2.4859912,0.3959912,-1.8440088,0.28599122,0.2959912
3.0959911,2.615991,3.6459913,2.365991,1.3659912,0.7759912,0.47599122,0.3059912,1.0159912,-0.17400879,0.05599121,0.02599121,0.15599121,0.5959912,-0.10400879,-1.6940088,-2.124009,-1.8240088,-2.2440088,-1.7640088,-1.6140088,-0.43400878,0.8459912,0.9159912,0.005991211,0.5959912,-0.07400879,-3.0840087,-1.4640088,-2.0240088,-1.9240088,-2.5240088,-1.3740088,-2.1040087,0.2659912,10.265991,-1.6340088,5.175991,1.0059912,0.92599124,1.3159912
3.7059913,3.6059911,3.8359911,3.3059912,3.2759912,2.7859912,2.615991,2.875991,2.4659913,1.9859912,1.6459912,0.5059912,0.37599123,-0.024008788,0.5359912,1.9559913,1.3359913,0.5859912,0.3259912,0.5059912,1.0359912,1.4659913,1.7459912,2.0259912,2.4159913,1.5759912,1.4859912,1.2559912,-0.10400879,-0.30400878,-0.6440088,-0.7340088,-1.4940088,-0.7140088,1.5659912,1.6959912,1.4959912,0.28599122,0.15599121,0.5859912,3.4659913
3.0559912,2.5959911,2.9359913,2.4859912,1.9859912,2.385991,1.6759912,2.4959912,2.0959911,1.3659912,1.8359913,0.7259912,-0.69400877,1.3659912,0.92599124,0.9459912,2.5059912,3.8459911,4.0659914,2.6659913,1.1559912,2.2759912,2.9259913,3.7659912,3.3559911,3.1559913,3.1859913,3.6659913,2.135991,1.9359912,0.6559912,0.3959912,0.6559912,2.2159913,1.5259912,1.9659913,-0.8040088,0.99599123,-0.6740088,1.0859913,2.7559912
0.5959912,-0.05400879,0.18599121,-0.27400878,-0.4540088,-0.6740088,-0.7240088,-0.88400877,-0.22400878,-0.1640088,-1.0340087,-1.3340088,-1.2340088,-2.1440089,-2.2740088,-2.374009,0.15599121,1.4659913,3.6759913,5.6059914,5.1459913,3.4059913,4.5659914,4.755991,5.495991,5.115991,4.575991,4.055991,3.3959913,2.9759912,4.3959913,5.175991,4.285991,3.5359912,3.9259913,5.785991,2.0059912,0.67599124,1.2459912,0.8759912,1.4559913
0.61599123,0.6659912,0.23599121,0.18599121,-0.6440088,-0.7240088,-0.7440088,-1.0040088,-1.4040087,-1.4740088,-1.7440088,-1.8640088,-2.1040087,-2.9340088,-3.5840087,-3.9240088,-3.0340087,-1.1640087,1.0059912,3.135991,5.4559913,3.9059913,3.9559913,6.095991,5.945991,5.755991,5.155991,4.8759913,4.3159914,3.9859912,3.6459913,4.3959913,4.305991,5.9559913,7.595991,6.115991,2.6859913,0.8359912,1.7859912,1.4059912,3.1759913
1.7559912,1.9359912,1.8959912,0.7559912,-0.03400879,-0.4540088,-0.4740088,-1.4340088,-0.6040088,-0.6640088,-1.1940088,-1.1340088,-2.3940089,-2.4240088,-2.7840087,-2.4540088,-2.1640089,-3.3140087,-2.384009,-0.5540088,0.7759912,1.8759912,3.1059911,4.485991,5.385991,5.9159913,5.4159913,5.5259914,5.495991,4.505991,3.7559912,3.0059912,4.8959913,7.2259912,9.915991,8.835991,3.9959912,3.1859913,3.4859912,2.6659913,2.2759912
1.1859912,1.5259912,1.4859912,2.0559912,1.8259912,0.07599121,-1.3940088,-0.8940088,-0.94400877,-1.2540088,-1.5440087,-1.6040088,-2.5640087,-3.0440087,-3.4140089,-2.8340087,-1.0040088,-3.6440089,-2.0540087,-1.7440088,-0.9840088,-0.044008788,1.0559912,2.2959912,3.7559912,4.385991,5.6659913,5.195991,4.2059913,3.7859912,4.365991,5.9559913,5.015991,6.1859913,8.335991,9.965991,8.055991,2.875991,1.7359912,2.5159912,0.73599124
2.0259912,2.385991,1.6059912,2.4359913,2.6459913,0.7959912,-1.0240088,-0.7340088,-0.044008788,-1.6940088,-1.1140088,-2.4840088,-2.874009,-1.9740088,-1.8840088,-1.1240088,-0.8740088,-1.8640088,-1.2240088,-0.36400878,-0.14400879,-0.10400879,0.15599121,0.9559912,2.375991,4.015991,3.9359913,4.515991,4.365991,3.6559913,4.9559913,5.555991,5.945991,6.555991,7.3759913,9.395991,8.775991,5.075991,5.8559914,5.655991,2.865991
-0.5240088,-0.50400877,0.61599123,2.8559911,2.375991,1.7959912,2.3559911,2.0859911,1.8459913,1.4659913,0.23599121,-0.6640088,-1.0440087,-1.9440088,-2.4140089,-3.3940089,-1.6040088,-2.5940087,-1.5940088,-1.9440088,-1.8440088,-1.5240088,-0.7940088,0.03599121,1.2259912,0.6459912,3.3059912,3.3359911,3.2159913,4.0259914,4.675991,5.365991,6.4559913,7.2759914,6.555991,7.495991,6.715991,6.885991,6.8959913,5.575991,5.9559913
0.5959912,0.5059912,0.7759912,1.5259912,1.8659912,2.0259912,1.7059913,1.5659912,1.1159912,1.1559912,0.92599124,0.7859912,-0.4440088,0.045991212,-1.5540088,-1.8540088,-2.6740088,-2.9040089,-2.7940087,-1.6540087,-1.0040088,-1.7640088,-2.0040088,-2.1740088,-1.4340088,-1.3940088,-0.6540088,0.41599122,0.86599123,1.7759912,3.9759912,5.6659913,5.9559913,6.465991,7.235991,8.125991,8.715991,9.585991,7.715991,7.765991,5.7259912
