wind_kz.json
{"header": {"discipline":0,"disciplineName":"Meteorological products","gribEdition":2,"gribLength":871,"center":7,"centerName":"US National Weather Service - NCEP(WMC)","subcenter":0,"refTime":"2023-09-21T12:00:00.000Z","significanceOfRT":1,"significanceOfRTName":"Start of forecast","productStatus":0,"productStatusName":"Operational products","productType":1,"productTypeName":"Forecast products","productDefinitionTemplate":0,"productDefinitionTemplateName":"Analysis/forecast at horizontal level/layer at a point in time","parameterCategory":0,"parameterCategoryName":"UnknownDiscipline_0_Category_0","parameterNumber":0,"parameterNumberName":"UnknownParameter_D0_C0_0","parameterUnit":"Unknown","genProcessType":2,"genProcessTypeName":"Forecast","forecastTime":60,"surface1Type":1,"surface1TypeName":"Ground or water surface","surface1Value":0.0,"surface2Type":255,"surface2TypeName":"Missing","surface2Value":0.0,"gridDefinitionTemplate":0,"gridDefinitionTemplateName":"Latitude_Longitude","numberPoints":615,"shape":6,"shapeName":"Earth spherical with radius of 6,371,229.0 m","gridUnits":"degrees","resolution":48,"winds":"true","scanMode":64,"nx":41,"ny":15,"basicAngle":0,"lo1":47.0,"la1":41.0,"lo2":87.0,"la2":55.0,"dx":1.0,"dy":1.0}, "data":
[rows 0 to 14 of 15, columns 0 to 40 of 41]
288.27066,281.57065,286.47064,294.77066,294.87067,294.27066,292.47064,291.77066,289.87067,288.67065,288.37067,289.87067,289.77066,289.77066,289.57065,287.87067,288.17065,288.37067,286.47064,286.57065,287.17065,284.57065,282.07065,281.37067,282.77066,285.07065,283.17065,268.67065,266.57065,267.07065,269.87067,272.17065,279.27066,284.37067,284.67065,284.37067,283.57065,282.87067,282.47064,283.47064,285.17065
273.97064,285.37067,293.97064,294.37067,294.57065,292.87067,290.67065,289.07065,287.97064,288.07065,288.97064,287.87067,287.97064,287.47064,287.77066,287.97064,287.67065,287.67065,286.47064,286.07065,285.47064,287.47064,283.17065,279.27066,270.07065,270.57065,277.17065,267.37067,268.37067,265.87067,272.07065,253.07065,271.87067,252.97066,270.77066,281.37067,279.07065,281.67065,283.17065,278.17065,283.87067
287.87067,293.17065,294.07065,293.97064,291.97064,290.37067,289.27066,288.57065,287.17065,286.87067,286.27066,287.07065,286.27066,287.27066,288.37067,287.77066,285.97064,284.97064,286.77066,285.87067,286.47064,287.97064,289.37067,283.77066,281.67065,282.67065,282.97064,281.57065,281.17065,272.57065,260.27066,262.37067,273.67065,272.87067,274.67065,275.07065,266.37067,269.07065,269.97064,268.87067,262.87067
291.47064,293.07065,294.37067,293.37067,291.37067,288.47064,288.97064,287.77066,287.47064,286.77066,285.97064,286.17065,291.97064,291.37067,287.67065,286.87067,287.67065,287.27066,287.17065,286.07065,287.17065,282.47064,285.77066,287.47064,287.67065,287.67065,287.47064,285.57065,283.27066,283.77066,284.07065,281.97064,285.77066,282.47064,282.67065,279.27066,271.87067,267.17065,273.27066,282.27066,287.07065
291.17065,292.77066,293.67065,292.87067,291.37067,288.57065,289.47064,288.97064,288.17065,287.57065,287.07065,285.97064,290.97064,289.87067,288.37067,288.67065,288.77066,288.27066,287.17065,288.57065,288.87067,288.97064,287.57065,287.47064,287.47064,287.57065,285.77066,286.77066,284.77066,285.97064,287.87067,284.87067,273.37067,264.67065,276.67065,284.67065,288.67065,290.27066,288.37067,288.47064,288.87067
288.87067,287.37067,291.97064,292.77066,292.87067,292.47064,288.87067,289.67065,287.87067,288.17065,289.27066,289.47064,290.57065,290.87067,289.57065,288.97064,290.27066,289.27066,289.27066,289.47064,288.57065,288.07065,287.87067,287.67065,286.97064,284.87067,285.07065,289.07065,286.47064,286.57065,284.97064,285.97064,285.87067,284.57065,282.07065,286.27066,277.17065,278.17065,283.87067,287.77066,286.57065
287.07065,287.07065,288.77066,288.97064,289.37067,287.87067,288.67065,288.27066,289.17065,290.07065,290.37067,290.67065,290.77066,288.77066,289.17065,292.17065,291.47064,290.87067,288.67065,288.17065,287.17065,287.67065,289.37067,287.77066,285.67065,285.17065,283.47064,283.57065,283.17065,282.77066,281.17065,281.57065,281.57065,281.87067,280.67065,278.47064,273.57065,270.37067,269.27066,272.17065,280.77066
287.17065,286.27066,286.77066,288.67065,289.17065,289.17065,289.07065,288.77066,288.07065,289.07065,291.47064,289.77066,287.97064,287.97064,288.57065,288.47064,288.57065,288.77066,287.77066,285.87067,285.17065,284.07065,283.77066,283.27066,281.57065,279.37067,278.87067,279.27066,277.97064,279.17065,278.77066,279.17065,277.37067,275.77066,274.87067,276.87067,278.77066,287.77066,279.27066,279.77066,277.17065
286.57065,286.47064,287.17065,286.47064,288.17065,288.67065,288.37067,289.17065,288.67065,288.27066,287.67065,287.17065,286.07065,286.57065,286.07065,286.37067,286.07065,285.27066,284.67065,283.87067,281.47064,280.67065,280.67065,280.17065,278.17065,277.77066,275.57065,274.77066,274.57065,274.17065,275.47064,275.67065,276.17065,278.37067,276.17065,274.37067,274.07065,273.47064,264.27066,264.67065,268.57065
286.87067,286.87067,286.37067,286.17065,287.97064,288.57065,288.97064,288.27066,287.87067,286.57065,285.47064,285.27066,285.27066,284.97064,284.37067,284.27066,283.87067,283.17065,282.37067,281.87067,280.37067,279.67065,279.67065,279.07065,278.17065,276.87067,276.77066,276.57065,276.37067,275.87067,275.67065,277.47064,279.47064,278.67065,278.07065,276.67065,272.87067,269.77066,265.97064,268.37067,266.17065
285.77066,284.57065,286.07065,286.47064,287.87067,288.17065,288.27066,286.47064,286.77066,285.47064,284.77066,284.77066,284.97064,284.57065,282.77066,282.57065,282.67065,282.37067,281.67065,280.47064,279.97064,279.07065,279.07065,278.87067,279.77066,281.57065,279.67065,280.77066,278.37067,279.07065,279.27066,279.17065,279.07065,279.17065,278.97064,278.27066,272.27066,266.47064,270.37067,268.57065,263.17065
283.07065,284.87067,285.57065,285.97064,286.67065,286.67065,285.87067,285.57065,285.67065,285.17065,283.37067,284.47064,286.07065,286.37067,283.77066,282.37067,281.97064,281.47064,281.37067,280.97064,279.77066,279.37067,278.97064,278.87067,278.87067,281.27066,281.77066,282.47064,281.97064,279.67065,278.47064,279.27066,278.57065,278.07065,277.87067,277.07065,278.57065,278.27066,276.87067,277.47064,276.27066
284.67065,284.37067,285.27066,285.07065,286.37067,286.47064,285.07065,284.37067,283.47064,284.07065,283.17065,281.87067,283.97064,283.87067,283.67065,283.47064,283.47064,282.67065,282.17065,280.97064,280.17065,278.77066,280.67065,280.87067,282.07065,282.07065,283.27066,282.47064,281.77066,279.77066,279.07065,278.47064,278.27066,278.87067,277.77066,276.87067,276.37067,275.97064,273.97064,275.57065,276.87067
283.47064,285.27066,286.17065,286.77066,285.87067,284.87067,284.87067,284.77066,284.87067,284.57065,283.87067,281.67065,281.67065,283.17065,283.77066,283.97064,283.67065,283.27066,282.07065,281.67065,281.27066,282.17065,282.37067,283.37067,283.67065,283.87067,282.77066,281.97064,280.57065,278.97064,278.27066,278.37067,277.97064,276.87067,276.57065,275.67065,277.17065,274.07065,274.57065,273.07065,274.87067
284.57065,286.17065,287.17065,286.67065,286.17065,285.07065,285.97064,284.77066,285.87067,284.37067,286.97064,286.57065,285.47064,282.87067,284.07065,284.47064,284.07065,283.67065,283.27066,282.07065,281.87067,281.67065,284.67065,284.37067,283.77066,283.07065,281.77066,280.57065,279.47064,278.67065,277.87067,280.37067,277.27066,274.97064,274.27066,277.27066,275.87067,273.27066,276.07065,274.87067,275.97064
