wind_kz.json
{"header": {"discipline":0,"disciplineName":"Meteorological products","gribEdition":2,"gribLength":1025,"center":7,"centerName":"US National Weather Service - NCEP(WMC)","subcenter":0,"refTime":"2023-08-06T12:00:00.000Z","significanceOfRT":1,"significanceOfRTName":"Start of forecast","productStatus":0,"productStatusName":"Operational products","productType":1,"productTypeName":"Forecast products","productDefinitionTemplate":0,"productDefinitionTemplateName":"Analysis/forecast at horizontal level/layer at a point in time","parameterCategory":2,"parameterCategoryName":"UnknownDiscipline_0_Category_2","parameterNumber":2,"parameterNumberName":"UnknownParameter_D0_C2_2","parameterUnit":"Unknown","genProcessType":2,"genProcessTypeName":"Forecast","forecastTime":60,"surface1Type":103,"surface1TypeName":"Specified height level above ground","surface1Value":10.0,"surface2Type":255,"surface2TypeName":"Missing","surface2Value":0.0,"gridDefinitionTemplate":0,"gridDefinitionTemplateName":"Latitude_Longitude","numberPoints":615,"shape":6,"shapeName":"Earth spherical with radius of 6,371,229.0 m","gridUnits":"degrees","resolution":48,"winds":"true","scanMode":64,"nx":41,"ny":15,"basicAngle":0,"lo1":47.0,"la1":41.0,"lo2":87.0,"la2":55.0,"dx":1.0,"dy":1.0}, "data":
[rows 0 to 14 of 15, columns 0 to 40 of 41]
-2.100188,-1.010188,1.729812,-1.270188,1.3098121,2.719812,0.409812,0.539812,-1.250188,-0.760188,-2.160188,-2.030188,-1.790188,-0.580188,-1.3101879,-1.580188,0.469812,1.109812,-2.410188,-0.400188,1.459812,-0.39018798,-0.66018796,-1.770188,0.339812,-1.390188,-3.070188,-0.640188,-0.430188,0.59981203,0.83981204,0.48981202,1.459812,1.219812,-1.740188,-1.250188,1.599812,3.519812,3.369812,3.549812,4.869812
1.889812,1.679812,-0.600188,-0.490188,0.549812,0.35981202,-1.410188,-2.140188,-0.510188,0.15981202,1.069812,-0.930188,-0.770188,-0.59018797,-0.12018799,0.649812,2.599812,-2.060188,1.099812,1.879812,2.899812,3.449812,-0.410188,-2.860188,0.12981202,0.519812,-0.510188,1.339812,-0.440188,-0.16018799,0.349812,0.219812,0.799812,-1.4401879,0.399812,0.16981201,0.11981201,1.179812,-0.21018799,0.17981201,3.979812
0.959812,-2.080188,0.499812,-0.36018798,-0.760188,-1.860188,-1.050188,0.619812,-0.690188,0.23981202,3.129812,2.279812,0.83981204,0.35981202,0.739812,1.399812,1.029812,2.159812,3.379812,3.139812,3.219812,-1.010188,-2.710188,-0.730188,-2.060188,-0.930188,-2.120188,-2.240188,-3.280188,-0.91018796,-0.550188,2.229812,-0.560188,-0.350188,1.079812,-0.470188,-0.19018799,-0.030187989,2.089812,2.729812,1.879812
-2.150188,-0.580188,0.17981201,0.959812,0.739812,-1.130188,0.929812,0.739812,1.209812,1.139812,3.669812,3.389812,3.599812,3.189812,2.009812,2.929812,2.169812,2.479812,2.679812,2.819812,2.479812,0.009812011,-2.880188,-3.440188,-1.680188,-1.530188,-2.270188,-0.600188,-1.570188,0.29981202,-2.360188,-3.400188,-2.520188,-2.070188,-2.600188,-2.060188,-1.550188,1.479812,1.619812,1.169812,0.879812
-0.020187989,-0.36018798,1.209812,2.869812,3.7498121,2.029812,1.569812,2.119812,2.539812,-0.05018799,1.049812,3.809812,6.389812,4.319812,3.139812,2.179812,2.459812,2.109812,3.059812,1.639812,1.129812,-1.160188,-0.850188,0.44981202,0.629812,1.289812,0.379812,4.249812,0.829812,2.029812,1.769812,-0.280188,-1.980188,1.389812,2.229812,1.5598121,-0.460188,1.159812,0.009812011,-0.39018798,0.52981204
0.069812015,1.399812,2.519812,3.919812,5.279812,3.849812,-0.490188,-0.280188,0.309812,1.929812,3.369812,3.179812,3.759812,4.159812,4.399812,3.429812,2.829812,1.409812,-0.930188,2.189812,2.7498121,0.65981203,-0.250188,1.6898121,1.849812,0.32981202,2.9998121,3.489812,1.049812,1.699812,-0.440188,1.199812,3.589812,0.84981203,0.019812012,-0.84018797,2.079812,1.399812,0.77981204,1.089812,2.099812
-1.640188,-1.380188,1.099812,-0.36018798,-2.930188,-2.900188,-1.200188,-0.030187989,0.579812,1.989812,2.419812,3.209812,3.969812,2.729812,2.519812,3.479812,2.7498121,2.389812,-0.65018797,-0.580188,-1.580188,-1.680188,-1.420188,-1.490188,2.419812,-0.13018799,-0.670188,-0.880188,-1.670188,-0.29018798,-2.360188,-1.390188,-0.30018798,-3.620188,-3.420188,-1.860188,-0.570188,2.479812,-0.15018798,1.529812,2.279812
-2.690188,-1.220188,-0.680188,-1.530188,-2.410188,-0.790188,0.44981202,1.659812,0.709812,0.17981201,0.45981202,0.629812,0.15981202,-2.730188,-1.160188,-1.080188,2.739812,1.639812,1.389812,0.819812,-0.23018798,1.629812,-0.540188,0.059812013,-0.400188,-0.580188,-1.430188,-2.880188,-2.330188,-2.570188,-1.100188,0.069812015,0.22981201,1.869812,1.249812,-1.3101879,-2.080188,1.6898121,1.929812,3.029812,-0.620188
-0.860188,-1.180188,-2.110188,-2.160188,-2.390188,-1.570188,-0.860188,-0.690188,-0.53018796,1.069812,1.679812,-1.420188,-0.42018798,-0.630188,-0.610188,0.029812012,1.889812,3.049812,3.569812,1.529812,-3.040188,-0.790188,-0.710188,-1.970188,-3.410188,-3.280188,-2.490188,-1.960188,-1.290188,-0.36018798,0.859812,0.979812,1.769812,2.949812,1.829812,-0.08018799,0.399812,-0.110187985,0.58981204,0.219812,-0.350188
-3.420188,-2.700188,-1.580188,-2.460188,-1.640188,-1.770188,-1.040188,0.009812011,0.279812,1.739812,1.629812,-0.26018798,-0.23018798,-1.8798828E-4,0.929812,1.469812,1.769812,1.239812,0.629812,-2.860188,-1.220188,-2.560188,-3.630188,-4.720188,-5.700188,-5.8701878,-3.960188,-2.550188,-1.230188,0.16981201,1.179812,-0.870188,-0.45018798,-1.570188,-1.130188,-0.830188,-1.1901879,-0.78018796,-0.48018798,-0.550188,1.099812
-2.670188,-2.530188,-3.400188,-2.220188,-1.930188,-2.730188,-1.500188,-0.16018799,-0.700188,0.12981202,1.069812,0.819812,-1.050188,-0.610188,-0.010187988,0.07981201,1.159812,-0.880188,-1.990188,-4.240188,-6.050188,-6.400188,-3.290188,-4.650188,-3.460188,-3.370188,-2.350188,-1.110188,-1.490188,-0.24018799,-3.020188,-1.850188,-0.45018798,-0.72018796,-1.790188,-1.380188,-0.26018798,0.83981204,-0.830188,1.199812,-0.730188
-3.030188,-2.400188,-2.330188,-2.7501879,-2.180188,-1.860188,-1.090188,0.219812,0.45981202,1.389812,-1.090188,-2.180188,-2.720188,-1.290188,-1.0601879,-1.210188,1.739812,-1.960188,-4.180188,-6.130188,-6.050188,-5.600188,-3.560188,-3.2501879,-2.470188,-2.320188,-2.260188,-1.340188,-1.180188,-2.550188,-1.580188,-2.310188,-1.180188,-0.890188,-1.140188,-0.700188,0.189812,0.469812,0.309812,-0.65018797,-0.470188
-2.360188,-1.670188,-1.530188,-2.050188,-1.910188,-0.820188,-0.170188,0.259812,0.07981201,0.069812015,-0.520188,-3.090188,-1.910188,-2.130188,-0.59018797,-0.680188,-3.060188,-4.190188,-3.850188,-4.520188,-4.020188,-3.410188,-1.410188,-1.660188,-0.26018798,-0.560188,0.509812,-1.090188,-0.84018797,-0.350188,-0.59018797,-0.500188,-0.29018798,-1.450188,-0.960188,-0.470188,-0.850188,-0.04018799,-1.860188,-1.340188,-1.000188
-1.820188,-1.670188,-1.590188,-2.550188,-1.550188,-0.600188,-0.730188,-0.520188,0.45981202,-0.33018798,-0.880188,-1.490188,-2.260188,-3.870188,-2.780188,-2.730188,-3.530188,-1.460188,-5.200188,-3.640188,-3.540188,-2.950188,-2.050188,-2.110188,-1.000188,-1.030188,-2.390188,-1.320188,-1.380188,-0.980188,-1.140188,-0.460188,-1.670188,-0.72018796,-1.8798828E-4,-0.21018799,-0.760188,-1.110188,-1.170188,-0.490188,-1.080188
-2.200188,-1.790188,-3.460188,-1.990188,-1.290188,-1.160188,-0.730188,-0.90018797,-0.72018796,-3.470188,-2.5001879,-2.770188,-3.090188,-2.450188,-0.90018797,-1.8798828E-4,-0.880188,-0.520188,-2.350188,-3.360188,-3.640188,-3.360188,-2.600188,-2.290188,-1.710188,-2.110188,-1.910188,-1.620188,-1.540188,-1.240188,-0.770188,-1.430188,-0.550188,-0.250188,0.23981202,0.669812,0.08981201,-0.060187988,0.629812,-0.23018798,-0.870188
