wind_kz.json
{"header": {"discipline":0,"disciplineName":"Meteorological products","gribEdition":2,"gribLength":871,"center":7,"centerName":"US National Weather Service - NCEP(WMC)","subcenter":0,"refTime":"2023-09-23T12:00:00.000Z","significanceOfRT":1,"significanceOfRTName":"Start of forecast","productStatus":0,"productStatusName":"Operational products","productType":1,"productTypeName":"Forecast products","productDefinitionTemplate":0,"productDefinitionTemplateName":"Analysis/forecast at horizontal level/layer at a point in time","parameterCategory":0,"parameterCategoryName":"UnknownDiscipline_0_Category_0","parameterNumber":0,"parameterNumberName":"UnknownParameter_D0_C0_0","parameterUnit":"Unknown","genProcessType":2,"genProcessTypeName":"Forecast","forecastTime":180,"surface1Type":1,"surface1TypeName":"Ground or water surface","surface1Value":0.0,"surface2Type":255,"surface2TypeName":"Missing","surface2Value":0.0,"gridDefinitionTemplate":0,"gridDefinitionTemplateName":"Latitude_Longitude","numberPoints":615,"shape":6,"shapeName":"Earth spherical with radius of 6,371,229.0 m","gridUnits":"degrees","resolution":48,"winds":"true","scanMode":64,"nx":41,"ny":15,"basicAngle":0,"lo1":47.0,"la1":41.0,"lo2":87.0,"la2":55.0,"dx":1.0,"dy":1.0}, "data":
[rows 0 to 14 of 15, columns 0 to 40 of 41]
286.3224,280.4224,284.0224,293.72238,293.72238,293.0224,290.5224,289.4224,286.5224,286.22238,285.0224,286.22238,285.4224,285.22238,285.12238,283.4224,284.0224,284.22238,283.5224,284.3224,286.4224,283.22238,282.72238,280.72238,284.0224,285.4224,282.12238,270.22238,271.5224,269.5224,269.62238,272.0224,279.8224,285.72238,287.62238,288.0224,288.4224,287.72238,287.8224,287.0224,285.5224
273.0224,283.12238,293.0224,293.62238,293.22238,292.0224,287.3224,286.0224,284.62238,284.4224,285.12238,283.8224,283.5224,283.12238,282.3224,282.3224,282.22238,282.3224,282.5224,282.72238,283.8224,285.5224,286.4224,276.72238,268.4224,270.3224,279.0224,269.4224,270.5224,265.8224,275.0224,265.72238,274.3224,253.22238,272.12238,283.8224,282.8224,285.22238,288.0224,280.72238,283.62238
285.12238,292.9224,293.5224,293.12238,291.4224,286.8224,286.22238,285.0224,283.5224,283.0224,282.62238,283.4224,282.8224,282.72238,284.12238,282.12238,281.3224,280.5224,282.3224,281.9224,285.5224,284.12238,285.3224,279.0224,280.8224,278.8224,281.22238,281.22238,280.9224,274.3224,265.12238,274.12238,279.5224,280.12238,281.0224,277.0224,274.3224,275.4224,275.12238,270.5224,271.0224
289.4224,292.22238,293.3224,292.12238,289.9224,285.4224,286.12238,284.0224,283.9224,283.4224,283.0224,283.12238,290.8224,290.3224,283.12238,284.0224,283.9224,281.22238,282.4224,283.3224,281.3224,278.0224,283.5224,284.8224,287.8224,286.62238,284.22238,281.62238,281.72238,284.9224,284.62238,282.8224,285.62238,287.22238,287.0224,283.5224,274.22238,266.9224,274.72238,282.72238,284.8224
288.8224,291.9224,292.12238,291.12238,289.12238,285.22238,286.22238,285.4224,285.0224,284.62238,284.22238,282.12238,289.72238,288.72238,287.12238,282.62238,283.4224,286.5224,284.5224,282.72238,282.62238,283.4224,283.3224,286.62238,284.12238,283.3224,282.62238,285.12238,283.5224,284.3224,287.22238,287.0224,276.62238,268.5224,278.5224,287.72238,288.4224,288.62238,287.8224,288.0224,288.22238
285.5224,285.0224,290.62238,291.12238,291.4224,290.9224,285.62238,286.62238,285.22238,284.72238,284.8224,284.0224,288.5224,289.4224,286.0224,282.5224,287.0224,286.9224,286.22238,284.72238,283.22238,282.62238,282.5224,283.12238,283.62238,282.0224,282.0224,287.62238,284.5224,286.12238,284.9224,286.72238,287.72238,286.72238,284.62238,288.22238,279.3224,279.9224,285.22238,286.4224,286.12238
284.12238,283.62238,286.22238,285.8224,286.4224,284.4224,285.22238,284.9224,285.3224,285.4224,283.72238,282.9224,282.4224,282.3224,282.62238,283.62238,286.22238,284.8224,283.62238,283.0224,284.72238,284.72238,282.9224,283.4224,283.12238,282.62238,281.12238,283.0224,283.3224,284.3224,284.62238,285.4224,288.5224,288.4224,287.8224,285.22238,280.9224,277.8224,272.12238,272.62238,280.62238
283.8224,282.9224,285.0224,285.5224,285.62238,285.3224,284.4224,283.4224,282.4224,282.8224,281.8224,281.3224,280.9224,281.72238,282.72238,282.9224,283.12238,283.22238,282.8224,282.9224,283.12238,284.3224,282.0224,280.9224,280.5224,279.22238,280.0224,280.72238,281.72238,282.72238,285.0224,286.3224,285.9224,284.8224,284.0224,281.3224,281.4224,286.5224,281.3224,280.3224,277.0224
283.5224,283.5224,284.0224,283.22238,284.3224,283.9224,282.22238,282.62238,280.3224,279.4224,278.72238,279.4224,278.9224,280.4224,280.3224,281.22238,280.72238,281.12238,280.9224,281.22238,281.62238,282.12238,283.4224,281.12238,279.0224,278.3224,277.3224,278.62238,280.12238,279.4224,283.22238,284.62238,285.5224,285.22238,283.12238,280.0224,280.9224,278.8224,266.8224,268.0224,265.72238
283.72238,284.22238,283.8224,283.62238,283.5224,282.9224,281.72238,280.3224,280.22238,279.0224,278.62238,278.8224,278.8224,279.3224,279.0224,279.8224,279.9224,279.62238,280.4224,281.12238,282.3224,281.9224,282.9224,283.72238,280.9224,280.3224,279.9224,280.3224,281.12238,282.3224,284.0224,285.0224,285.4224,283.9224,282.8224,280.8224,280.12238,276.8224,271.3224,270.4224,265.62238
283.4224,283.5224,283.9224,283.4224,283.5224,282.5224,282.62238,282.12238,281.12238,280.0224,279.72238,279.5224,279.8224,278.9224,278.22238,278.8224,278.72238,279.0224,279.0224,279.62238,279.3224,279.0224,281.5224,282.0224,281.72238,280.9224,280.9224,282.3224,283.0224,283.62238,282.5224,282.9224,281.72238,281.4224,280.8224,279.3224,277.4224,272.22238,272.3224,270.9224,269.62238
282.12238,283.5224,283.8224,283.3224,283.3224,282.22238,280.9224,281.0224,281.22238,280.12238,277.9224,279.62238,280.5224,279.0224,279.22238,278.9224,277.9224,278.4224,278.62238,278.12238,278.12238,277.3224,277.4224,278.72238,277.3224,279.3224,278.5224,278.8224,279.12238,280.3224,279.62238,279.8224,279.8224,279.0224,279.12238,279.22238,279.5224,278.9224,281.4224,277.62238,276.72238
282.4224,282.4224,283.3224,282.62238,283.5224,283.0224,281.62238,282.4224,281.22238,280.12238,278.5224,276.9224,280.22238,279.62238,280.12238,279.9224,279.22238,278.0224,278.3224,278.0224,277.62238,275.9224,274.9224,274.8224,276.3224,277.4224,278.62238,278.22238,278.5224,277.8224,278.62238,278.12238,278.0224,277.22238,277.5224,277.72238,277.8224,279.9224,280.4224,277.5224,277.3224
281.9224,282.22238,284.62238,284.72238,282.5224,282.5224,282.3224,283.3224,283.12238,281.22238,280.3224,277.4224,278.12238,279.9224,280.5224,280.72238,280.0224,279.62238,278.72238,277.8224,278.0224,277.62238,277.0224,276.5224,276.8224,277.0224,277.4224,276.9224,276.62238,276.5224,276.3224,275.9224,275.3224,274.8224,275.0224,274.8224,275.9224,276.4224,276.62238,276.3224,275.5224
283.62238,284.9224,285.9224,284.3224,283.3224,284.0224,285.12238,284.12238,283.8224,283.0224,281.8224,279.8224,280.22238,279.8224,281.4224,282.12238,281.22238,280.3224,280.0224,279.8224,278.9224,278.12238,277.4224,276.72238,275.9224,275.5224,275.3224,275.22238,275.22238,274.12238,273.8224,277.3224,272.62238,272.22238,272.5224,272.9224,273.12238,272.4224,272.72238,273.4224,274.5224
