wind_kz.json
{"header": {"discipline":0,"disciplineName":"Meteorological products","gribEdition":2,"gribLength":1025,"center":7,"centerName":"US National Weather Service - NCEP(WMC)","subcenter":0,"refTime":"2024-02-02T18:00:00.000Z","significanceOfRT":1,"significanceOfRTName":"Start of forecast","productStatus":0,"productStatusName":"Operational products","productType":1,"productTypeName":"Forecast products","productDefinitionTemplate":0,"productDefinitionTemplateName":"Analysis/forecast at horizontal level/layer at a point in time","parameterCategory":2,"parameterCategoryName":"UnknownDiscipline_0_Category_2","parameterNumber":3,"parameterNumberName":"UnknownParameter_D0_C2_3","parameterUnit":"Unknown","genProcessType":2,"genProcessTypeName":"Forecast","forecastTime":180,"surface1Type":103,"surface1TypeName":"Specified height level above ground","surface1Value":10.0,"surface2Type":255,"surface2TypeName":"Missing","surface2Value":0.0,"gridDefinitionTemplate":0,"gridDefinitionTemplateName":"Latitude_Longitude","numberPoints":615,"shape":6,"shapeName":"Earth spherical with radius of 6,371,229.0 m","gridUnits":"degrees","resolution":48,"winds":"true","scanMode":64,"nx":41,"ny":15,"basicAngle":0,"lo1":47.0,"la1":41.0,"lo2":87.0,"la2":55.0,"dx":1.0,"dy":1.0}, "data":
[rows 0 to 14 of 15, columns 0 to 40 of 41]
-1.9421631,-0.4221631,-0.7821631,2.807837,1.6378369,3.9478369,4.957837,3.597837,2.107837,2.347837,1.847837,1.7078369,1.3078369,0.39783692,-0.032163087,-0.3321631,-0.022163086,-0.67216307,-1.4121631,-0.20216309,3.107837,0.81783694,-0.5421631,-0.4621631,0.50783694,-1.382163,-1.1721631,-0.102163084,-0.08216309,-0.4021631,-2.192163,-3.152163,-0.7621631,-0.9521631,-0.41216308,-0.7121631,-0.08216309,0.27783692,0.06783691,0.09783691,-0.4521631
2.787837,-0.6521631,-0.4321631,0.8978369,1.7778369,3.087837,3.157837,2.9578369,4.047837,3.437837,2.5078368,2.0178368,1.997837,1.9378369,-0.5221631,0.027836913,0.62783694,-0.6321631,0.087836914,1.1678369,0.2578369,-0.47216308,-0.99216306,1.487837,0.3178369,0.6678369,0.5278369,-0.2721631,-0.4921631,1.727837,1.1478369,0.87783694,0.6578369,-2.962163,-2.162163,0.87783694,-0.6021631,1.107837,0.027836913,0.81783694,-0.052163087
0.8078369,2.177837,0.7778369,-0.31216308,-0.5021631,1.1678369,0.6778369,0.3478369,3.097837,2.7678368,1.9278369,1.5078369,1.097837,1.227837,0.8478369,-0.19216308,-0.032163087,0.42783692,0.42783692,1.3278369,1.0078369,-0.022163086,0.117836915,1.2778369,1.7078369,2.427837,1.3878369,0.4478369,1.4378369,2.537837,-1.1721631,0.9578369,2.317837,-1.2221631,0.6178369,-0.38216308,-1.1921631,1.7578369,-0.3021631,-0.5321631,-0.62216306
1.997837,2.047837,0.6678369,0.057836913,-0.62216306,-0.28216308,0.33783692,1.227837,2.0178368,2.2078369,1.4178369,0.15783691,-0.13216309,1.0478369,0.62783694,-0.14216308,-0.20216309,-0.5621631,-0.8421631,-0.41216308,2.7778368,2.2278368,-1.1021631,-1.002163,0.63783693,1.377837,1.867837,-1.0521631,5.137837,3.367837,5.527837,0.46783692,0.24783692,0.43783692,0.7178369,0.23783691,2.337837,4.417837,0.7978369,-1.0421631,-1.5421631
2.907837,1.877837,1.4178369,1.0878369,1.2078369,1.747837,1.4378369,2.2478368,3.4878368,3.067837,3.4678369,2.827837,1.7778369,2.077837,1.747837,0.26783693,-0.41216308,-0.7921631,-0.9821631,-0.55216306,0.19783692,-1.0621631,-1.3621631,0.10783692,0.50783694,0.9378369,3.6978369,4.427837,1.9378369,4.657837,6.697837,2.937837,4.1478367,3.187837,0.8578369,0.57783693,1.3078369,-0.29216307,-0.6921631,-0.4321631,0.5978369
4.037837,3.7478368,3.137837,3.047837,2.927837,2.2778368,3.407837,3.437837,3.4578369,4.047837,3.2578368,3.5078368,2.9778368,2.407837,1.4478369,1.477837,1.3278369,0.4078369,-0.25216308,-0.8921631,-0.4321631,-1.132163,-1.0921631,-0.22216308,0.4778369,0.9178369,2.337837,2.4578369,3.347837,4.527837,5.8378367,5.747837,2.9878368,1.5178369,2.2278368,10.417837,0.69783694,-0.022163086,1.2778369,-0.5921631,0.9178369
4.8578367,4.327837,4.497837,5.3978367,4.887837,5.3578367,5.3778367,4.8978367,4.257837,3.867837,3.7778368,2.7178369,3.2778368,2.187837,1.357837,1.237837,1.5278369,1.097837,1.0878369,0.3478369,-0.062163085,0.117836915,0.6878369,0.3478369,0.23783691,-0.11216309,0.007836914,2.127837,2.4878368,3.877837,5.077837,4.227837,5.227837,4.177837,2.637837,1.0278369,-0.12216309,3.187837,0.36783692,2.2778368,3.567837
6.447837,6.197837,5.737837,5.8178368,6.387837,6.417837,6.447837,6.237837,6.417837,5.347837,5.347837,5.0878367,3.7278368,3.077837,2.797837,2.5078368,2.317837,2.407837,2.4878368,2.437837,0.9978369,0.7778369,1.847837,2.167837,2.0078368,1.6478369,0.8578369,0.15783691,1.627837,4.117837,5.6078367,6.327837,6.887837,9.427837,9.827837,1.1378369,2.167837,3.7778368,-3.212163,1.2578369,2.677837
6.227837,6.447837,6.497837,6.5678368,6.8978367,7.597837,8.117837,7.3378367,5.887837,5.737837,4.957837,4.527837,3.157837,3.417837,3.087837,2.9878368,3.5278368,3.427837,4.287837,4.137837,2.9778368,2.397837,3.417837,2.647837,3.397837,3.877837,3.4978368,3.7078369,3.667837,2.7478368,4.547837,6.3778367,8.797837,10.517837,10.807837,7.747837,2.0278368,2.9678369,5.517837,3.407837,2.597837
5.557837,5.257837,5.457837,5.867837,6.767837,7.277837,8.107837,9.007837,8.567837,7.827837,6.797837,5.777837,4.407837,3.417837,2.7578368,2.187837,2.7678368,3.2278368,3.337837,3.177837,3.327837,2.9578369,2.857837,4.797837,4.227837,3.7378368,4.187837,3.907837,4.027837,4.307837,2.9878368,1.1478369,-1.0721631,7.797837,9.437837,9.177837,2.857837,1.4178369,2.827837,6.057837,5.327837
5.327837,4.597837,4.6478367,4.987837,5.657837,6.637837,7.907837,8.687837,8.077837,6.797837,5.3178368,4.037837,4.117837,3.577837,2.7578368,3.307837,2.9578369,3.327837,3.387837,4.017837,4.157837,3.347837,3.357837,4.6478367,5.077837,5.157837,4.707837,4.5878367,4.737837,3.377837,2.7478368,2.5178368,1.3378369,0.39783692,2.177837,10.067837,6.577837,4.277837,6.547837,3.287837,3.597837
4.507837,4.8578367,4.8778367,5.3178368,5.3778367,5.017837,4.8578367,5.507837,4.257837,4.187837,3.307837,2.667837,3.687837,3.837837,3.417837,3.357837,3.407837,2.657837,3.627837,3.7578368,3.897837,3.1978369,3.4978368,4.3378367,4.917837,5.0878367,5.447837,3.9878368,2.847837,2.387837,2.897837,4.1478367,3.297837,1.7978369,1.0278369,10.287837,10.947837,8.277837,2.107837,4.617837,0.9278369
3.4878368,1.5178369,2.117837,2.607837,2.887837,2.2778368,2.347837,2.4778368,3.2378368,3.2678368,1.4678369,0.6178369,2.807837,3.077837,3.4678369,2.587837,2.917837,3.057837,3.337837,3.7078369,4.407837,4.0678368,3.567837,3.677837,3.647837,4.887837,4.937837,4.077837,3.5278368,3.037837,3.317837,3.657837,2.5178368,2.537837,2.4778368,2.787837,6.3778367,5.937837,5.827837,6.157837,2.627837
1.9578369,1.9378369,1.617837,2.157837,1.617837,2.087837,2.7278368,2.9478369,3.327837,3.797837,2.107837,-0.32216308,-0.022163086,2.167837,1.8278369,2.7778368,3.2778368,3.2278368,3.357837,3.837837,3.9678369,4.347837,3.807837,3.337837,3.2378368,3.797837,4.5878367,4.437837,3.6978369,3.637837,3.817837,3.937837,3.817837,2.9778368,2.307837,3.037837,2.847837,5.3378367,5.947837,4.967837,7.327837
0.6678369,1.3278369,1.3878369,1.6878369,1.9278369,2.067837,1.7578369,2.087837,1.7978369,2.077837,2.167837,3.187837,1.9678369,-1.9221631,-0.47216308,1.1678369,2.827837,2.087837,2.7778368,3.047837,3.0178368,4.017837,4.077837,4.097837,4.297837,4.057837,3.9778368,4.017837,3.917837,3.897837,3.9578369,4.6078367,3.7378368,3.097837,3.357837,3.637837,3.547837,4.3578367,4.597837,6.917837,5.887837
