wind_kz.json
{"header": {"discipline":0,"disciplineName":"Meteorological products","gribEdition":2,"gribLength":794,"center":7,"centerName":"US National Weather Service - NCEP(WMC)","subcenter":0,"refTime":"2023-10-03T06:00:00.000Z","significanceOfRT":1,"significanceOfRTName":"Start of forecast","productStatus":0,"productStatusName":"Operational products","productType":1,"productTypeName":"Forecast products","productDefinitionTemplate":0,"productDefinitionTemplateName":"Analysis/forecast at horizontal level/layer at a point in time","parameterCategory":2,"parameterCategoryName":"UnknownDiscipline_0_Category_2","parameterNumber":2,"parameterNumberName":"UnknownParameter_D0_C2_2","parameterUnit":"Unknown","genProcessType":2,"genProcessTypeName":"Forecast","forecastTime":180,"surface1Type":103,"surface1TypeName":"Specified height level above ground","surface1Value":10.0,"surface2Type":255,"surface2TypeName":"Missing","surface2Value":0.0,"gridDefinitionTemplate":0,"gridDefinitionTemplateName":"Latitude_Longitude","numberPoints":615,"shape":6,"shapeName":"Earth spherical with radius of 6,371,229.0 m","gridUnits":"degrees","resolution":48,"winds":"true","scanMode":64,"nx":41,"ny":15,"basicAngle":0,"lo1":47.0,"la1":41.0,"lo2":87.0,"la2":55.0,"dx":1.0,"dy":1.0}, "data":
[rows 0 to 14 of 15, columns 0 to 40 of 41]
-4.2046,1.6954002,1.7954003,1.8954003,1.5954002,0.19540024,2.6954002,4.3954,3.9954002,3.4954002,2.1954002,-3.7045999,-5.2046,-4.9045997,-4.3046,-3.2045999,-3.1045997,-2.1045997,-4.6046,-3.9045997,-2.8045998,-2.0045998,-1.9045998,-2.7045999,1.0954002,-1.3045998,-3.1045997,-1.1045997,0.99540025,-0.10459976,0.29540023,2.4954002,-0.50459975,2.0954003,-3.2045999,8.9954,6.0954003,1.1954002,-1.8045998,-1.8045998,-1.1045997
2.3954003,0.69540024,0.5954002,0.99540025,-0.40459976,-0.10459976,0.19540024,-2.2045999,0.09540024,2.9954002,0.8954002,-5.2046,-5.0045996,-4.5045996,-3.4045997,-4.1046,-3.5045998,-4.2046,-3.1045997,-3.5045998,-0.80459976,-1.1045997,-0.6045998,-3.2045999,0.39540023,1.2954003,-0.70459974,-0.20459977,-2.8045998,-0.50459975,0.29540023,-0.30459976,1.3954003,-2.4045997,-1.4045998,-0.40459976,1.2954003,-0.10459976,0.19540024,0.69540024,-4.0045996
0.39540023,6.0954003,-0.10459976,-0.6045998,-1.7045997,0.19540024,-1.7045997,0.5954002,0.49540025,2.7954001,-1.1045997,-4.7046,-4.6046,-4.2046,-3.1045997,-3.9045997,-4.7046,-3.8045998,-3.3045998,-2.9045997,-2.9045997,-4.4045997,-3.8045998,-4.0045996,0.8954002,-3.2045999,-2.2045999,-1.9045998,-2.2045999,-0.9045998,-2.0045998,2.3954003,-1.3045998,-0.20459977,1.3954003,0.49540025,-0.6045998,-1.1045997,-0.6045998,-1.1045997,1.6954002
1.7954003,0.79540026,0.09540024,-1.5045998,-1.7045997,-2.0045998,1.9954002,-1.9045998,0.09540024,1.5954002,-3.4045997,-5.0045996,-5.8046,-4.8046,-4.4045997,-4.4045997,-4.3046,-3.5045998,-3.7045999,-3.0045998,-3.0045998,-2.2045999,-1.6045997,-3.9045997,-4.1046,-5.8046,-5.5045996,-8.0046,-4.9045997,-2.8045998,-2.3045998,-4.2046,-3.5045998,-2.4045997,-1.7045997,-0.50459975,-0.50459975,0.79540026,-1.0045998,0.09540024,0.8954002
3.3954003,-0.40459976,0.5954002,-1.2045997,-2.0045998,-0.80459976,-1.0045998,-1.6045997,-1.2045997,-0.70459974,-2.9045997,-4.3046,-5.5045996,-4.3046,-4.6046,-4.1046,-3.6045997,-3.5045998,-3.5045998,-4.5045996,-4.9045997,-4.7046,-4.8046,-3.8045998,-4.0045996,-5.0045996,-5.7046,-3.9045997,-4.5045996,-3.8045998,-3.3045998,-2.6045997,-2.1045997,-1.1045997,1.0954002,-2.3045998,4.7954,1.7954003,0.8954002,-3.4045997,-3.4045997
-0.6045998,-0.20459977,1.6954002,0.5954002,0.69540024,-0.40459976,-0.80459976,-1.1045997,-1.9045998,-2.0045998,-1.0045998,-3.8045998,-3.5045998,-3.4045997,-3.1045997,-2.1045997,-3.1045997,-3.0045998,-3.2045999,-3.7045999,-4.3046,-3.5045998,-3.7045999,-3.9045997,-4.0045996,-4.5045996,-3.5045998,-5.1046,-3.3045998,-3.5045998,-2.9045997,-1.5045998,-0.80459976,-1.2045997,-1.1045997,-0.20459977,-1.4045998,0.69540024,1.8954003,0.39540023,-3.1045997
1.0954002,0.99540025,-0.10459976,0.29540023,0.49540025,1.0954002,0.29540023,0.5954002,-1.5045998,-2.7045999,-1.4045998,-0.6045998,-0.50459975,-0.80459976,-1.0045998,-1.2045997,-1.5045998,-2.0045998,-2.2045999,-2.5045998,-2.7045999,-2.7045999,-3.1045997,-2.8045998,-3.1045997,-2.6045997,-1.3045998,-2.3045998,-1.7045997,-1.7045997,-0.30459976,-0.004599762,0.49540025,2.6954002,-2.8045998,-2.1045997,-1.1045997,1.3954003,-0.40459976,1.0954002,2.6954002
0.79540026,0.19540024,0.69540024,1.7954003,1.1954002,1.6954002,1.4954002,-0.40459976,0.29540023,-1.7045997,-2.6045997,-0.40459976,-3.0045998,2.0954003,0.69540024,0.19540024,-0.6045998,-0.9045998,-0.6045998,-1.8045998,-0.9045998,-1.5045998,-0.20459977,-1.6045997,-2.5045998,-1.6045997,-0.6045998,-0.50459975,0.69540024,2.0954003,0.5954002,-1.2045997,-0.70459974,-1.0045998,-2.4045997,1.0954002,1.5954002,4.2954,3.1954002,3.4954002,1.3954003
2.1954002,2.4954002,2.4954002,2.6954002,2.8954003,1.6954002,2.4954002,1.3954003,1.1954002,0.69540024,-0.50459975,-0.6045998,-0.004599762,-0.9045998,1.3954003,0.79540026,0.09540024,-0.30459976,0.09540024,-0.004599762,-0.9045998,-0.004599762,0.19540024,-0.6045998,-1.1045997,-1.4045998,-1.1045997,-0.70459974,-0.004599762,-0.40459976,-2.4045997,-0.70459974,-0.40459976,-2.0045998,-0.6045998,0.09540024,0.29540023,-2.4045997,-1.0045998,0.49540025,-1.4045998
3.1954002,3.1954002,3.2954001,3.3954003,3.4954002,2.9954002,3.0954003,2.3954003,1.5954002,1.6954002,2.0954003,2.6954002,1.5954002,2.0954003,0.49540025,0.79540026,2.7954001,0.39540023,0.29540023,0.19540024,0.5954002,1.2954003,0.5954002,0.19540024,0.5954002,0.49540025,-0.9045998,-1.7045997,-2.1045997,-1.7045997,-1.3045998,-1.8045998,-1.9045998,-1.5045998,-1.1045997,-0.30459976,-1.0045998,-0.004599762,-1.6045997,-0.20459977,-0.6045998
3.1954002,2.8954003,3.2954001,3.5954003,3.1954002,3.0954003,3.9954002,3.4954002,2.7954001,2.7954001,2.5954003,3.7954001,3.9954002,3.5954003,2.7954001,2.5954003,1.8954003,0.49540025,0.09540024,0.99540025,1.2954003,0.79540026,0.8954002,0.5954002,0.79540026,0.5954002,0.49540025,1.0954002,0.79540026,-0.70459974,-1.0045998,-0.70459974,-0.70459974,-0.70459974,-1.1045997,-0.9045998,-1.0045998,-0.004599762,-0.20459977,0.5954002,-1.0045998
2.9954002,3.0954003,3.1954002,2.6954002,2.3954003,3.4954002,2.7954001,2.7954001,2.9954002,2.6954002,2.4954002,2.6954002,3.6954002,4.9954004,4.4954004,5.1954,4.8954,2.2954001,1.1954002,2.0954003,0.79540026,1.6954002,0.8954002,0.99540025,1.2954003,1.5954002,0.79540026,1.8954003,2.0954003,1.5954002,0.29540023,0.69540024,0.09540024,-0.70459974,-0.50459975,-1.8045998,-1.2045997,-1.2045997,-1.5045998,1.1954002,0.19540024
3.7954001,4.4954004,4.6954,5.1954,3.7954001,3.0954003,2.4954002,3.5954003,3.7954001,2.2954001,1.1954002,2.9954002,3.1954002,4.3954,5.1954,4.2954,5.1954,5.6954,3.9954002,1.8954003,2.1954002,1.3954003,1.6954002,0.29540023,2.4954002,1.9954002,1.9954002,2.0954003,1.7954003,1.3954003,1.0954002,1.3954003,0.8954002,-0.6045998,0.49540025,-1.9045998,-3.9045997,0.8954002,-1.4045998,3.0954003,1.1954002
5.2954,5.6954,7.3954,6.0954003,4.8954,4.6954,3.9954002,4.3954,2.9954002,3.4954002,2.5954003,2.9954002,3.0954003,4.1954,4.3954,5.4954004,5.4954004,4.8954,4.6954,4.9954004,2.7954001,2.6954002,2.3954003,1.7954003,1.5954002,0.99540025,1.1954002,2.1954002,1.5954002,1.4954002,1.5954002,1.3954003,0.79540026,0.8954002,0.79540026,0.5954002,1.1954002,0.19540024,0.19540024,2.8954003,0.69540024
4.3954,6.0954003,8.5954,5.5954003,5.5954003,6.4954004,6.5954003,5.1954,5.3954,4.4954004,2.1954002,5.2954,3.9954002,3.2954001,3.7954001,4.9954004,5.9954004,4.6954,3.8954003,3.8954003,3.9954002,3.8954003,4.4954004,4.2954,2.4954002,2.3954003,1.9954002,1.4954002,1.6954002,1.5954002,1.8954003,1.4954002,1.0954002,0.99540025,1.0954002,1.7954003,1.0954002,2.5954003,2.6954002,1.3954003,-0.9045998
