wind_kz.json
{"header": {"discipline":0,"disciplineName":"Meteorological products","gribEdition":2,"gribLength":1025,"center":7,"centerName":"US National Weather Service - NCEP(WMC)","subcenter":0,"refTime":"2023-09-30T12:00:00.000Z","significanceOfRT":1,"significanceOfRTName":"Start of forecast","productStatus":0,"productStatusName":"Operational products","productType":1,"productTypeName":"Forecast products","productDefinitionTemplate":0,"productDefinitionTemplateName":"Analysis/forecast at horizontal level/layer at a point in time","parameterCategory":2,"parameterCategoryName":"UnknownDiscipline_0_Category_2","parameterNumber":3,"parameterNumberName":"UnknownParameter_D0_C2_3","parameterUnit":"Unknown","genProcessType":2,"genProcessTypeName":"Forecast","forecastTime":120,"surface1Type":103,"surface1TypeName":"Specified height level above ground","surface1Value":10.0,"surface2Type":255,"surface2TypeName":"Missing","surface2Value":0.0,"gridDefinitionTemplate":0,"gridDefinitionTemplateName":"Latitude_Longitude","numberPoints":615,"shape":6,"shapeName":"Earth spherical with radius of 6,371,229.0 m","gridUnits":"degrees","resolution":48,"winds":"true","scanMode":64,"nx":41,"ny":15,"basicAngle":0,"lo1":47.0,"la1":41.0,"lo2":87.0,"la2":55.0,"dx":1.0,"dy":1.0}, "data":
[rows 0 to 14 of 15, columns 0 to 40 of 41]
1.9932208,0.9332208,-1.7367792,-4.4267793,-6.416779,-5.1167793,-5.756779,-1.5367792,-0.39677918,-2.646779,-1.5967792,0.47322083,0.26322082,-4.1567793,-7.936779,-8.576779,-10.236779,-8.646779,-7.716779,-5.3267794,-4.3667793,-4.6367793,-3.366779,0.9732208,1.8732208,0.9232208,1.0232208,0.82322085,-1.7067791,-0.5867792,1.7232208,1.4932208,-1.0767791,-0.8367792,-1.0367792,-0.6367792,0.51322085,3.7432208,2.0632207,0.26322082,0.65322083
-1.1767792,0.12322082,-0.8367792,-3.3267791,-5.416779,-4.1967793,-3.5467792,-1.7367792,-1.7767792,1.5232208,1.9232209,2.3132207,1.6132208,0.43322083,-2.606779,-5.6367793,-3.586779,-6.626779,-6.416779,-4.3467793,-3.636779,-3.646779,-3.646779,1.5332208,1.3632208,2.163221,1.2532208,1.7032208,0.17322083,-0.16677918,-0.8867792,-0.6867792,-0.80677915,-1.5567791,-0.12677917,2.5232208,2.133221,1.9432209,0.7932208,1.0532209,-1.5267792
-1.0367792,1.1432208,-1.4867792,-3.1967793,-4.3667793,-3.0067792,-1.3467792,0.64322084,-0.006779175,4.0532207,2.9732208,1.5932208,0.31322083,0.35322082,-1.2867792,-1.9067792,-2.616779,-3.6667793,-3.9467793,-3.1767793,-2.2567792,-1.7167792,-1.1467792,0.65322083,-0.6967792,-1.7767792,-1.1767792,-0.14677918,0.6632208,-0.53677917,1.0732208,-0.19677918,-1.4367791,1.6632209,-0.54677916,0.013220825,-0.3867792,-3.376779,-1.8367791,0.083220825,1.0232208
-1.8867792,-0.34677917,-2.106779,-2.5067792,-1.0967792,-3.8067791,-3.7467792,0.88322085,0.58322084,0.24322082,-0.92677915,-2.0167792,-1.9667792,-1.9467791,-3.8267791,-4.916779,0.21322082,-2.626779,-4.236779,-2.5267792,-0.26677918,2.2632208,-2.2567792,-2.626779,-1.0267792,-0.55677915,-0.5067792,0.28322083,1.1532208,-1.7567792,-0.53677917,-0.08677918,0.76322085,-1.8567792,-2.4067793,-0.19677918,0.5032208,2.8132207,-0.30677918,-0.16677918,-1.9467791
-0.9367792,1.8432208,-1.1867791,-2.9867792,-2.7067792,-5.206779,-3.5467792,-0.07677917,0.7432208,-0.08677918,-2.356779,2.1932209,-0.6867792,-1.1167792,-2.4667792,-2.1967793,-3.5467792,-1.9567791,-2.2767792,-0.5767792,0.12322082,0.65322083,1.0932208,1.5432209,-0.016779175,2.8132207,0.29322082,-0.8367792,-1.0667791,-2.4067793,-3.4067793,-3.2567792,0.71322083,1.0332208,-0.046779174,0.6232208,0.29322082,-0.72677916,-0.84677917,-0.45677918,-0.08677918
-1.4167792,-1.5467792,5.9032207,1.1432208,-0.22677918,-2.5267792,-4.516779,-0.28677917,0.10322083,-1.5067792,-0.55677915,-1.7667792,0.94322085,0.26322082,-0.9467792,-3.9467793,-2.2267792,-0.9367792,-1.8867792,-1.7867792,-2.2467792,-2.1867793,-1.9867792,-0.72677916,0.46322083,1.3032209,-0.80677915,-5.5567794,-0.54677916,-0.78677917,-2.6767793,-3.7167792,-1.2767792,-2.3067791,-0.12677917,8.45322,0.17322083,5.083221,0.49322084,0.76322085,-0.5067792
-0.25677916,-0.8767792,-0.8167792,0.70322084,2.403221,2.7832208,2.9432209,0.6032208,-0.3267792,-0.59677917,-0.60677916,-3.7167792,-2.9667792,-3.1967793,-3.4467793,-3.6967793,0.44322082,1.1832209,2.5532207,-1.6867791,-2.0767791,-1.6867791,-1.0467792,0.48322082,1.3732208,0.8732208,1.1732209,1.9532208,2.143221,1.5432209,-0.036779176,-1.0467792,-1.0467792,0.043220825,-0.45677918,0.9832208,-0.72677916,-0.23677917,1.5832208,1.5232208,0.18322082
-0.16677918,0.3932208,0.40322083,0.35322082,0.033220824,-0.43677917,0.023220826,2.0632207,1.6432208,-0.016779175,-0.046779174,1.2632208,-2.0767791,-3.9167793,-2.4067793,-3.876779,-0.7167792,1.6932209,1.5532209,0.033220824,-0.7567792,-1.5267792,-1.0067792,0.3632208,1.3532208,2.2532208,2.0532207,0.95322084,0.30322084,-0.22677918,-0.39677918,-0.3867792,1.0232208,-1.2667792,-0.45677918,-0.046779174,-0.67677915,-0.016779175,-0.72677916,-0.11677918,-0.33677918
1.3732208,1.4332209,1.5032208,1.2432208,1.6632209,0.6232208,0.69322085,1.9832208,4.183221,1.4232209,-0.3867792,1.2032208,0.5032208,2.7832208,-1.0067792,-0.7067792,-1.1967791,-1.0467792,-1.2367792,-1.4967792,0.49322084,-0.13677917,-0.48677918,0.20322083,0.38322082,1.2932209,1.9732208,1.7032208,1.1932209,1.3232208,0.47322083,-2.5367792,0.30322084,-2.2467792,-0.9367792,1.6632209,0.12322082,-1.0867791,0.3932208,0.12322082,-0.33677918
2.4532208,2.5632207,2.5032208,2.2632208,2.1932209,1.9832208,1.1332208,1.0932208,3.0632207,3.7432208,2.633221,2.403221,3.2432208,0.8732208,-0.73677915,-0.7167792,0.49322084,-0.33677918,-1.3367791,-1.9067792,-1.6067792,-1.1767792,-0.5767792,0.34322083,0.29322082,0.95322084,0.51322085,0.0032208252,0.5432208,-0.096779175,1.0332208,1.5832208,0.37322083,0.24322082,-1.0267792,-0.8167792,-0.18677917,0.113220826,0.10322083,1.5332208,1.5132208
1.3532208,3.3032207,3.393221,3.7432208,3.0632207,3.113221,2.9332209,1.6832209,3.0732207,3.9832208,4.6532207,4.083221,4.983221,3.143221,1.4632208,0.9332208,0.49322084,0.84322083,0.24322082,0.053220823,-0.41677916,-1.1567792,0.48322082,0.52322084,0.51322085,0.31322083,0.6732208,0.83322084,1.0632209,0.113220826,1.5732208,2.643221,2.2332208,1.3332208,-0.31677917,-0.85677916,0.0032208252,-0.23677917,-0.11677918,0.6132208,0.32322082
-0.98677915,1.6232208,2.603221,4.313221,4.4232206,4.023221,3.8332207,3.2732208,2.4832208,2.5332208,2.3332207,2.0832207,3.0032208,3.143221,2.8032207,2.7632208,3.2732208,3.0932207,2.863221,1.9632208,1.4632208,1.4032208,0.51322085,-0.17677918,0.3632208,-0.26677918,-0.59677917,-0.49677917,-0.096779175,0.88322085,1.5332208,2.1832209,1.5532209,0.84322083,1.4932208,-0.006779175,-0.44677916,-0.33677918,0.10322083,-0.6967792,-0.23677917
0.12322082,0.29322082,1.1632209,2.2432208,3.153221,3.6832209,4.523221,4.933221,4.783221,3.143221,2.5732207,2.133221,3.2232208,3.4732208,3.4232209,3.163221,2.9632208,2.8332207,3.5332208,1.7232208,2.5932207,2.0432208,2.2732208,2.0532207,1.9632208,1.7132208,1.1932209,1.6632209,1.3832208,2.403221,2.873221,2.7832208,2.613221,2.163221,1.7932209,2.0032208,2.4932208,0.7532208,1.7632208,0.8132208,-0.026779175
0.033220824,0.7932208,0.89322084,0.9832208,2.4732208,3.383221,5.263221,5.4032207,5.8432207,4.833221,3.0932207,1.9432209,2.7432208,2.4932208,4.233221,3.1732209,3.4832208,3.2732208,3.3232207,3.603221,3.3032207,3.2932208,2.4332209,2.1832209,2.103221,2.5732207,2.4932208,2.373221,1.7632208,2.1832209,2.123221,2.6932209,2.2332208,2.6832209,1.9232209,2.5732207,1.8032209,1.8132209,1.7832208,1.7932209,1.8232208
1.1932209,1.2332208,1.0932208,2.2932208,2.4232209,3.143221,3.4632208,5.643221,6.123221,6.003221,4.043221,4.7132206,2.623221,1.5532209,2.7332208,4.0932207,3.7832208,4.103221,4.523221,3.853221,2.9832208,2.7332208,3.4432209,3.2332208,3.1932209,2.7632208,3.0932207,2.9732208,2.903221,2.8432207,3.0232208,3.1932209,2.853221,3.1832209,3.123221,3.2532208,3.4732208,2.863221,3.103221,3.153221,1.8832208
