wind_kz.json
{"header": {"discipline":0,"disciplineName":"Meteorological products","gribEdition":2,"gribLength":1025,"center":7,"centerName":"US National Weather Service - NCEP(WMC)","subcenter":0,"refTime":"2023-08-26T12:00:00.000Z","significanceOfRT":1,"significanceOfRTName":"Start of forecast","productStatus":0,"productStatusName":"Operational products","productType":1,"productTypeName":"Forecast products","productDefinitionTemplate":0,"productDefinitionTemplateName":"Analysis/forecast at horizontal level/layer at a point in time","parameterCategory":2,"parameterCategoryName":"UnknownDiscipline_0_Category_2","parameterNumber":3,"parameterNumberName":"UnknownParameter_D0_C2_3","parameterUnit":"Unknown","genProcessType":2,"genProcessTypeName":"Forecast","forecastTime":300,"surface1Type":103,"surface1TypeName":"Specified height level above ground","surface1Value":10.0,"surface2Type":255,"surface2TypeName":"Missing","surface2Value":0.0,"gridDefinitionTemplate":0,"gridDefinitionTemplateName":"Latitude_Longitude","numberPoints":615,"shape":6,"shapeName":"Earth spherical with radius of 6,371,229.0 m","gridUnits":"degrees","resolution":48,"winds":"true","scanMode":64,"nx":41,"ny":15,"basicAngle":0,"lo1":47.0,"la1":41.0,"lo2":87.0,"la2":55.0,"dx":1.0,"dy":1.0}, "data":
[rows 0 to 14 of 15, columns 0 to 40 of 41]
0.30893555,-1.9610645,-0.27106446,-7.5910645,-7.581064,-7.1410646,1.6489356,1.1489356,0.13893555,0.51893556,-1.2810645,-1.3510644,-1.6410644,-2.3510644,-3.0310645,-2.9210644,-3.4110644,-1.8110645,-3.7610645,-2.4210644,-2.6010644,-0.39106447,1.0289356,-1.6510644,-1.2910645,-1.3810644,-1.4510645,0.9989355,0.84893554,1.9389355,0.24893555,-0.58106446,0.18893555,-1.8610644,-2.0110645,-2.9810646,-0.5010645,0.5689356,-0.66106445,-0.9310644,1.9089355
2.8689356,1.1389356,-4.3610644,-5.6010647,-6.2610645,-5.9610643,-0.40106446,2.5089355,1.2689356,1.1789355,-0.20106445,-1.8810644,-1.9610645,-2.2910645,-4.1310644,-3.3910644,-0.14106445,-2.6210644,-4.3810644,-4.081064,-3.5510645,-3.7810645,1.6389356,1.3489356,0.39893556,-0.0010644532,-2.3110645,1.1489356,-0.43106446,1.8189355,3.4189355,4.4389358,0.33893555,-0.36106446,-2.3110645,-2.7310646,0.5089356,-2.7510645,-0.6210644,-2.6110644,0.37893555
1.1889355,0.90893555,-3.6610644,-4.3510647,-5.8610644,0.21893555,0.76893556,0.57893556,2.3789356,1.7689356,0.59893554,0.24893555,-1.6910645,-1.4810644,-2.2310646,-2.8210645,-2.2210646,-1.5010644,-2.9610643,-3.9010644,-3.1310644,-4.6410646,-5.1610646,-1.4410645,0.11893555,0.26893556,-0.51106447,0.96893555,-0.54106444,1.0089356,3.5789356,1.5889355,1.7589356,-0.77106446,-0.97106445,2.0889356,2.7189355,0.14893554,0.12893555,-0.73106444,0.038935546
0.8189356,-0.5610645,-2.1810644,-3.6210644,-4.0910645,-1.9410645,-1.6310644,3.5789356,3.1889355,2.2989357,3.0989356,-0.121064454,-0.7410644,1.2189355,-0.96106446,-1.3710644,-1.5910645,-2.2510645,-3.1310644,-5.1610646,-5.1110644,-2.9710646,1.5589355,-1.2510644,-2.3110645,-2.8410645,-3.1210644,-2.4210644,0.32893553,-1.6410644,-1.2810645,-0.64106447,-1.3610644,-0.46106446,-0.49106446,-3.0010645,-1.1210644,2.5489357,1.1889355,0.98893553,1.0889355
1.0489355,0.59893554,0.47893554,-0.19106445,-1.3310645,0.72893554,-2.6010644,6.1189356,4.7989354,3.5189354,2.5489357,1.8089355,0.5589355,2.3389356,1.0689355,-0.78106445,-0.23106445,-0.89106447,-1.4010644,-1.6710645,-2.0910645,-1.3110645,-1.6610645,-1.6610645,-1.8810644,-2.4510643,-2.4010644,-1.6010644,-1.8710644,-2.6010644,-2.8210645,-0.41106445,2.0489357,2.3889356,-1.3910644,-1.1410644,0.94893557,-1.5310645,0.25893554,2.1889355,1.7289356
0.24893555,0.83893555,0.9389355,1.4889356,-0.16106445,-0.051064454,2.3289356,5.918936,6.7389355,2.9689355,2.3089356,1.9089355,-0.51106447,1.0489355,2.1989355,1.1989355,0.52893555,0.26893556,-0.7510645,0.52893555,-0.121064454,0.098935544,-0.33106446,-1.7110645,-1.9310645,-2.3610644,-3.1110644,-2.6810644,-1.6710645,-2.4610643,-2.7110643,-2.0110645,-0.26106444,-0.8810645,1.6889355,0.76893556,2.6689355,3.4389355,-1.2010645,-0.32106444,0.12893555
2.3589356,2.8189356,1.3989356,0.37893555,1.1289356,-0.36106446,1.0489355,7.0389357,5.3089356,3.7289355,3.5589356,2.9989355,3.5589356,0.8689355,0.9289355,1.2589356,1.3089355,1.9189355,1.0589355,0.95893556,1.3489356,1.5489355,2.0089355,1.4189355,-0.31106445,0.038935546,-1.7210644,-1.8510644,-3.0010645,-2.4110644,-2.6810644,-4.1810646,-4.1310644,-0.28106445,-1.0410645,-1.9310645,-3.2010643,-1.9310645,1.3189355,-0.07106445,0.7489355
2.1389356,2.1789355,1.2089355,1.8489356,0.51893556,1.5989356,3.0789356,3.9689355,5.3189354,4.1289353,3.9289355,3.4489355,2.7989357,1.5089356,1.6189356,1.1789355,0.12893555,1.5189356,1.9089355,3.3289356,1.9489355,1.5689355,1.5789355,1.4989356,1.1289356,0.69893557,1.1489356,-0.66106445,-0.60106444,-2.4110644,-1.9410645,-1.8310645,-3.2910645,-3.5910645,-0.77106446,-0.9910644,-0.39106447,-0.48106444,0.97893554,0.27893555,-1.3810644
2.1489356,3.1189356,2.9989355,2.7089355,2.0289354,3.1889355,3.5689356,2.8589356,4.5789356,5.0589356,3.9389355,2.9289355,2.3989356,2.6989355,2.7489355,0.88893557,0.51893556,-1.0510645,1.7089355,1.6889355,1.5989356,2.7089355,1.2789356,0.21893555,0.30893555,0.42893556,1.7889355,1.6789355,1.0889355,0.60893553,0.54893553,0.7589356,0.59893554,-0.46106446,-0.55106443,-1.2710644,-2.6710644,-0.6310645,-0.6910645,-0.73106444,-1.3110645
2.9089355,3.2289355,2.6589355,2.3389356,3.2689354,3.6489356,4.0689354,2.7289355,4.9989357,4.1489353,3.7289355,3.5189354,2.0489357,2.2089355,2.5589356,0.45893556,0.36893556,2.8489356,2.1089356,1.9089355,1.1789355,0.9989355,0.06893554,1.6289356,0.8189356,0.41893554,0.8789356,1.2589356,1.8389355,1.2989355,1.5789355,2.5289354,2.0089355,0.88893557,0.36893556,0.58893555,0.15893555,-2.0110645,-0.9910644,1.0489355,1.7489356
1.3989356,1.2189355,-1.5810645,1.4289355,3.3189356,4.2889357,5.1289353,7.1089354,2.8889356,2.2789354,2.3189356,1.8189355,-1.4410645,1.5889355,1.6289356,3.8089356,4.2589355,-1.8410645,-2.2410645,-0.0010644532,1.8889356,-0.061064452,0.058935545,1.9489355,0.58893555,-0.34106445,-0.29106444,0.78893554,2.0389357,1.3289355,2.9389355,2.4089355,2.5089355,0.37893555,1.6389356,0.8789356,-0.041064452,1.4089355,1.0789355,1.2989355,0.10893555
0.038935546,-0.21106446,-0.5610645,-0.64106447,1.7889355,1.5289356,1.1489356,1.5989356,2.0489357,1.5789355,1.2289356,2.2289355,1.7489356,-0.061064452,-1.1610645,1.6389356,-1.9610645,0.6189355,-0.15106446,-2.0910645,0.098935544,-0.21106446,-0.46106446,0.65893555,0.47893554,0.098935544,0.84893554,1.2189355,0.48893556,3.2189355,3.5289354,3.1289356,1.9889356,1.9289355,0.85893553,1.1189356,2.0989356,2.8189356,2.8289356,2.6789355,1.6289356
0.9989355,0.73893553,0.79893553,0.048935547,0.25893554,0.60893553,1.6289356,2.1989355,2.9189355,0.47893554,-1.1710645,1.9089355,3.3689356,2.3289356,2.0489357,0.65893555,0.5089356,2.6989355,1.9189355,2.0289354,1.9489355,2.5989356,1.7389356,2.0589356,1.1189356,1.3689356,-0.6810644,-0.47106445,1.4489355,2.4289355,3.5589356,3.2289355,2.1389356,2.4589355,2.2589355,1.3989356,0.69893557,1.1189356,2.4389355,2.3189356,1.4689355
1.3889356,0.24893555,-1.0210644,-0.5710645,-0.53106445,0.45893556,0.47893554,2.0389357,1.1089356,1.5689355,1.4089355,0.20893554,0.32893553,1.0689355,1.3189355,1.4689355,0.9289355,1.4289355,2.5889356,2.2389355,2.4689355,3.2489355,1.6789355,1.6589355,1.2489356,1.5689355,0.30893555,-0.17106445,1.1489356,1.6189356,3.1189356,3.0189354,2.6889355,2.6189356,1.7989355,1.4489355,0.5689356,0.19893555,0.40893555,1.1989355,1.7889355
3.2189355,2.3289356,-0.13106446,0.7489355,1.4189355,2.4089355,1.9189355,1.6889355,2.7889357,2.1989355,0.66893554,1.6989355,1.8589356,0.37893555,0.11893555,0.65893555,1.8789356,0.8689355,1.4989356,1.9389355,2.2289355,1.7389356,2.3889356,2.5689356,1.4189355,2.4789355,1.1989355,0.7589356,1.4589355,2.3689356,2.4989355,2.8889356,1.9489355,1.6189356,2.0089355,2.1289356,0.96893555,1.1189356,-0.081064455,-0.20106445,0.85893553
