wind.json
{"header": {"discipline":0,"disciplineName":"Meteorological products","gribEdition":2,"gribLength":1125,"center":7,"centerName":"US National Weather Service - NCEP(WMC)","subcenter":0,"refTime":"2023-07-01T06:00:00.000Z","significanceOfRT":1,"significanceOfRTName":"Start of forecast","productStatus":0,"productStatusName":"Operational products","productType":1,"productTypeName":"Forecast products","productDefinitionTemplate":0,"productDefinitionTemplateName":"Analysis/forecast at horizontal level/layer at a point in time","parameterCategory":2,"parameterCategoryName":"UnknownDiscipline_0_Category_2","parameterNumber":3,"parameterNumberName":"UnknownParameter_D0_C2_3","parameterUnit":"Unknown","genProcessType":2,"genProcessTypeName":"Forecast","forecastTime":60,"surface1Type":103,"surface1TypeName":"Specified height level above ground","surface1Value":10.0,"surface2Type":255,"surface2TypeName":"Missing","surface2Value":0.0,"gridDefinitionTemplate":0,"gridDefinitionTemplateName":"Latitude_Longitude","numberPoints":688,"shape":6,"shapeName":"Earth spherical with radius of 6,371,229.0 m","gridUnits":"degrees","resolution":48,"winds":"true","scanMode":64,"nx":43,"ny":16,"basicAngle":0,"lo1":45.0,"la1":40.0,"lo2":87.0,"la2":55.0,"dx":1.0,"dy":1.0}, "data":
[rows 0 to 15 of 16, columns 0 to 42 of 43]
-4.2170777,2.4129224,3.0229223,4.2629223,1.4229224,-1.7570777,-4.157078,-7.2070775,-5.7670774,-2.6770775,-2.4070776,-3.8170776,-5.3770776,-3.9270775,-4.5170774,-5.0870776,-5.2370777,-6.407078,-5.117078,-5.157078,-5.3070774,-5.3970776,-6.0570774,1.3529223,2.0029223,2.0829225,0.18292236,3.3029222,3.7029223,-1.5670776,-1.5970776,-3.1570776,-2.4270775,-1.1570777,2.3729224,-7.5570774,-5.5370774,-2.1070776,-0.24707764,-0.117077634,1.2429223,0.56292236,-0.33707765
1.5229224,0.45292237,-0.99707764,-3.2570777,1.2729224,-0.26707762,-4.0470777,-7.1970778,-7.0670776,-3.3170776,-2.7770777,-3.6170776,-3.3270776,-3.3970776,-6.5670776,-7.4870777,-8.417078,-8.447078,-9.017077,-6.7370777,-4.8170776,-4.8070774,-5.867078,-4.677078,-4.1470776,-0.49707764,-2.3070776,0.072922364,-0.06707764,2.6729224,-0.29707763,0.52292234,-2.1570776,-3.4770777,-0.23707764,-5.9570775,-5.6470776,-3.8070776,-1.0570776,-1.6570777,-1.8870777,-1.7570777,2.2729223
-0.30707765,-2.6870775,2.9929223,1.3229223,1.3529223,-2.0970776,-4.2370777,-5.4670777,-6.1970778,-3.7070777,-2.4270775,-0.42707765,-2.4770777,-0.5170776,-3.2470777,-4.8570776,-6.427078,-5.9570775,-7.7370777,-8.967077,-7.6970778,-5.2770777,-5.0370774,-3.1470776,-2.1170776,-0.8370776,-2.6270776,-3.6670775,-5.8370776,1.0229224,-0.6370776,-0.39707765,2.0129223,2.3429224,0.64292234,-0.12707764,-3.9770777,-5.0870776,-1.9270777,-2.6070776,-0.66707766,-2.1970778,1.2729224
2.3129225,2.4229224,1.5929223,2.8029222,0.30292237,-2.9170775,-4.927078,-4.4170775,-0.9570776,-1.9870776,-1.8070776,-3.3670776,0.75292236,0.47292235,1.6729224,-1.2070776,-3.2370777,-4.1970778,-4.367078,-4.847078,-5.4870777,-4.4970775,-4.3370776,-4.367078,-3.6570776,-0.87707764,0.39292237,2.2929223,3.5429223,3.5329223,0.20292236,3.0629225,2.6729224,1.5129224,2.7429223,-0.44707763,-1.1170776,2.6029224,-1.9470776,-2.5870776,0.8629224,-0.0070776367,0.6129224
0.96292233,1.0429224,0.6729224,1.6829224,-0.22707763,-3.3070776,-3.8370776,-5.9870777,-4.2770777,-1.7770777,0.9729224,-0.7070776,-1.7370776,-0.30707765,3.7829223,2.0829225,-1.7570777,-3.3170776,-4.1670775,-1.8970777,-3.9770777,-4.7470775,-3.8870776,-2.0070777,-0.5970776,-3.4170775,-3.5270777,-1.8870777,2.4929223,0.63292235,2.0729225,-0.13707763,-3.1970778,1.1329224,-1.8170776,0.41292235,-2.3970776,-2.8470776,-2.5970776,1.0029224,2.3129225,2.9229224,1.7329223
3.4429224,4.1229224,4.0429225,4.0429225,1.6929224,-0.8270776,-1.3670776,-2.7770777,-3.0770776,-3.8570776,-4.5670776,-5.5370774,-0.75707763,2.8829224,4.5829225,2.6229224,1.7629224,-0.69707763,-3.8070776,-4.6470776,-1.9570776,-1.3270776,-2.6870775,-3.1570776,-2.2770777,-3.2970777,-1.8570776,-1.0770776,5.9529223,4.9829226,2.4229224,-0.17707764,1.4929223,2.8229225,2.4529223,1.7629224,-1.1970776,-2.1870775,-1.2270776,0.74292237,2.0429223,4.0029225,1.7729224
5.612922,6.9129224,5.2929225,3.1629224,4.7029223,2.0729225,-0.22707763,-1.6070776,-1.3670776,-2.5070777,-3.0970776,-1.5870776,-1.3870777,0.39292237,3.4729223,3.4929223,1.1729224,0.51292235,-1.2570777,-3.7170777,-5.847078,-4.117078,-5.0470777,-8.037078,-1.9870776,-0.31707764,-2.2170777,-3.1670775,-1.5270777,2.6429224,3.2229223,0.7229224,3.3529224,3.7529223,2.9129224,2.5629225,3.8329225,2.0129223,3.3629224,0.38292235,-3.5070777,0.94292235,1.0929223
-4.927078,-1.1070776,0.062922366,6.4529223,5.4729223,5.0629225,3.2629223,0.82292235,0.042922363,-0.35707763,0.29292238,-2.1370776,-3.1870775,-1.1870776,-2.2670777,-1.5970776,-0.48707762,0.82292235,-2.8970776,-2.1070776,-2.7070777,-3.0570776,-3.0870776,-3.7170777,-5.7970777,-4.7370777,-1.5670776,-3.0270777,-5.6970778,4.1229224,2.6729224,3.3129225,2.9329224,1.5029224,-2.2170777,-3.7970777,-3.1570776,-0.28707764,-2.5070777,-1.7670777,-0.26707762,0.5329224,0.99292237
-2.5270777,-3.0370777,-3.6170776,0.31292236,0.82292235,-3.7970777,-0.55707765,-2.4970777,-3.1870775,-3.5670776,-2.9770777,-3.8270776,-3.7170777,-1.4070777,-2.0970776,-1.8670776,-2.5270777,-2.3070776,-2.9370775,-2.7070777,-1.1670777,-4.077078,-2.1970778,-3.6870775,-1.9570776,-3.2270777,-2.7570777,-2.0970776,0.022922363,2.4129224,0.47292235,-2.3970776,-1.5270777,0.99292237,-2.1970778,-3.4770777,-0.92707765,-1.5470777,0.80292237,0.42292237,1.3129224,0.5329224,-2.1070776
-1.5270777,-1.8570776,-2.9570777,0.77292234,-2.7070777,-0.75707763,-3.1770775,-2.0970776,-1.3570776,-2.4270775,-2.7270777,-3.7670777,-2.4270775,-2.6070776,-1.9170777,-1.6870776,-2.4670777,-2.4570777,-0.36707765,-1.0070777,-1.8570776,-2.4370775,-1.4770776,-1.7870777,-1.0170777,-0.94707763,-2.6870775,-5.3770776,1.0129224,0.64292234,1.8929224,0.8629224,-0.85707766,-1.4770776,-0.94707763,-2.6370776,-1.8670776,-0.85707766,-3.1370776,0.23292236,-0.9070776,-0.68707764,-0.60707766
1.9629223,-0.93707764,-1.1270776,1.0429224,-1.2270776,-1.6670777,-2.2870777,-3.6370776,-1.4870776,-1.3070776,-2.8270776,-2.6570776,-2.5570776,-1.9470776,-2.1270776,-1.5070777,-1.9070777,-1.2470776,-0.37707764,-2.4870777,-0.73707765,-1.1470777,-2.8370776,0.56292236,-1.0870776,-1.9170777,-3.8870776,-2.4770777,-0.8270776,-0.20707764,0.33292237,0.08292236,0.27292237,-1.0070777,-2.1870775,-4.8570776,-2.9670777,-0.0070776367,0.8429224,-2.4370775,-0.99707764,0.56292236,0.17292236
1.8729224,0.76292235,2.3829224,1.5729223,0.47292235,0.14292236,-1.1770777,-1.4770776,0.31292236,-0.6570776,-2.5170777,-3.2670777,-0.78707767,-0.85707766,-2.1070776,-2.0270777,-2.9270775,0.39292237,1.2429223,-0.33707765,-1.3870777,-0.08707764,1.8429223,-1.5770776,-2.4970777,-1.6770777,-3.2470777,0.35292235,-0.08707764,1.6129223,0.08292236,3.0029223,1.8429223,0.24292237,-0.9070776,-2.3370776,-3.4970777,-4.7370777,-1.5470777,1.4829223,-0.0070776367,-0.60707766,-0.44707763
-0.077077635,-0.47707763,-0.55707765,-0.72707766,-0.6570776,1.4329224,0.56292236,-1.2070776,-0.017077636,-0.97707766,-2.7370777,-1.3270776,-1.6570777,-1.9370776,-2.6670775,-3.1870775,-2.3070776,1.7629224,0.09292236,-1.0170777,0.102922365,1.1529224,2.1129224,-0.21707764,-2.8870776,-2.2870777,-2.1170776,2.3429224,2.7429223,3.1629224,0.87292236,1.2129223,1.7129223,2.0629225,1.1729224,-0.26707762,-1.0770776,-2.0570776,-0.86707765,-0.39707765,1.3729224,1.3729224,1.1729224
0.19292237,0.20292236,-0.27707765,0.7829224,0.51292235,1.2829224,1.8029224,0.072922364,0.76292235,-0.8470776,-1.4970776,-1.0570776,-1.0870776,-1.5770776,-2.6370776,-3.6470776,-4.1670775,1.0029224,-3.0870776,0.9729224,2.7829223,-1.6570777,-0.34707764,0.6729224,-0.8470776,1.6629224,0.49292237,3.0129223,3.9829223,1.8629223,2.7129223,2.0229223,1.6729224,1.4029224,0.81292236,0.89292234,0.64292234,0.0029223633,-0.55707765,-0.80707765,-1.7170776,-1.0370777,-0.73707765
1.1329224,1.5829223,2.2129223,0.95292234,0.70292234,1.3529223,0.7329224,1.6029223,0.81292236,-0.117077634,0.38292235,-0.91707766,0.38292235,-1.1170776,-1.5270777,-2.3570776,-3.0270777,0.64292234,-1.7370776,0.68292236,2.5229223,3.1929224,2.5029223,-0.97707766,-2.0170777,-0.98707765,-2.1070776,3.7929223,2.4029224,2.3829224,2.4429224,1.3229223,0.70292234,1.7529224,1.4029224,1.0629224,0.032922365,-0.5170776,-0.35707763,-1.0670776,-1.3570776,-1.4770776,-1.0270777
0.102922365,2.0329223,1.3429223,0.81292236,1.2729224,1.9729223,1.7129223,0.08292236,1.4329224,1.3929224,1.0629224,-0.47707763,0.13292237,1.3829224,1.0629224,-1.5970776,-3.7170777,-4.2870774,-3.5070777,-1.6670777,4.2829223,1.1429224,0.41292235,2.3729224,2.3529224,1.3629223,1.9629223,2.2329223,2.4729223,1.7629224,1.8929224,1.7629224,0.102922365,0.89292234,0.30292237,0.57292235,0.45292237,-0.93707764,-0.29707763,-0.24707764,-0.08707764,-1.8170776,-1.0070777
