wind_kz.json
{"header": {"discipline":0,"disciplineName":"Meteorological products","gribEdition":2,"gribLength":1102,"center":7,"centerName":"US National Weather Service - NCEP(WMC)","subcenter":0,"refTime":"2023-09-25T12:00:00.000Z","significanceOfRT":1,"significanceOfRTName":"Start of forecast","productStatus":0,"productStatusName":"Operational products","productType":1,"productTypeName":"Forecast products","productDefinitionTemplate":0,"productDefinitionTemplateName":"Analysis/forecast at horizontal level/layer at a point in time","parameterCategory":2,"parameterCategoryName":"UnknownDiscipline_0_Category_2","parameterNumber":2,"parameterNumberName":"UnknownParameter_D0_C2_2","parameterUnit":"Unknown","genProcessType":2,"genProcessTypeName":"Forecast","forecastTime":240,"surface1Type":103,"surface1TypeName":"Specified height level above ground","surface1Value":10.0,"surface2Type":255,"surface2TypeName":"Missing","surface2Value":0.0,"gridDefinitionTemplate":0,"gridDefinitionTemplateName":"Latitude_Longitude","numberPoints":615,"shape":6,"shapeName":"Earth spherical with radius of 6,371,229.0 m","gridUnits":"degrees","resolution":48,"winds":"true","scanMode":64,"nx":41,"ny":15,"basicAngle":0,"lo1":47.0,"la1":41.0,"lo2":87.0,"la2":55.0,"dx":1.0,"dy":1.0}, "data":
[rows 0 to 14 of 15, columns 0 to 40 of 41]
0.6568878,1.7768878,-1.7131122,-4.913112,-0.7631122,1.3468878,5.086888,6.3468876,8.336887,6.0768876,6.426888,6.796888,7.366888,7.2468877,7.3068876,7.3068876,7.126888,7.466888,7.866888,7.626888,6.2068877,4.0968876,4.276888,3.6768878,4.446888,1.6468878,1.2068878,1.5368878,0.20688781,0.026887817,1.4568878,1.1968879,-1.7731122,-1.1431122,-0.8631122,0.4268878,2.2968879,0.7268878,1.7568878,2.2968879,1.6768879
0.9868878,-4.303112,-3.213112,-1.2031121,2.9168878,4.276888,6.896888,7.276888,7.606888,7.896888,8.276888,8.936888,9.236888,9.136888,9.596888,9.076888,8.606888,8.336887,8.566888,7.9168878,7.2668877,4.316888,3.6668878,2.4268878,1.6468878,-0.19311218,-0.10311218,0.7968878,-1.6731122,0.6368878,0.5968878,0.8668878,1.3568878,-1.7531122,0.16688782,0.6668878,1.4968878,1.2668878,-0.053112183,-0.8131122,-2.5231123
-1.7031121,-2.5631123,0.4268878,3.286888,4.136888,7.606888,7.866888,8.4268875,8.956888,9.536888,8.566888,9.516888,9.706888,10.686887,10.436887,9.726888,9.906888,9.996888,9.516888,8.626888,7.486888,7.086888,5.1868877,7.946888,5.466888,5.926888,3.756888,-0.08311218,-0.7731122,-3.0931122,-0.16311218,0.9968878,0.8468878,0.22688782,-2.8531122,-1.3631122,0.036887817,-0.7431122,4.316888,3.1668878,-0.54311216
2.5768878,-0.5831122,2.9168878,5.136888,7.876888,6.5968876,8.226888,10.016888,10.386888,10.626887,10.606887,10.646887,10.156888,9.4268875,11.646887,10.386888,11.226887,9.876888,10.056888,9.706888,7.8268876,8.816888,7.5968876,7.866888,8.866888,8.366888,9.446888,1.9068878,-1.1831121,-3.0831122,-1.8631122,-0.093112186,5.176888,2.6168878,1.9968878,1.7868878,0.6568878,2.2168877,-0.33311218,-0.91311216,-0.9631122
4.5368876,1.5968878,5.5768876,7.356888,7.316888,7.9568877,8.586887,9.946888,11.096888,12.326887,12.576887,11.816887,12.886888,11.856887,12.436887,11.786887,10.996887,9.486888,8.896888,9.266888,9.506887,8.136888,8.086887,8.466887,8.456888,8.706888,10.066888,5.7268877,-0.8631122,-1.6431122,-1.3531122,-0.19311218,0.8668878,1.5868878,-2.0231123,-1.1231122,0.64688784,0.3368878,-0.17311218,-0.4731122,0.4968878
4.716888,5.4368877,5.2468877,5.7068877,7.146888,8.956888,9.456888,10.376887,8.4268875,9.036888,11.386888,11.706887,12.076887,12.966887,13.566887,10.256887,10.606887,9.036888,8.686888,9.946888,7.5968876,8.026888,8.546887,8.746888,8.516888,9.266888,-3.8031123,-3.9131122,-2.5431123,-2.503112,-1.2731122,-0.6831122,0.51688784,2.6568878,-1.2031121,-2.1531122,2.986888,1.1268878,4.8068876,0.47688782,0.34688783
5.176888,6.176888,5.676888,6.196888,6.9168878,3.8668878,7.376888,7.8268876,6.046888,7.406888,5.886888,5.676888,8.886888,8.606888,6.2268877,7.216888,5.0368876,4.4368877,8.1768875,9.326888,6.296888,7.086888,7.886888,8.186888,6.9768877,7.756888,-5.493112,-3.7831123,-4.6931124,-2.5731122,-1.6331122,2.1868877,-0.4731122,1.0668879,1.8768878,-0.97311217,2.9068878,-0.5931122,1.4468879,-2.013112,0.52688783
4.4568877,4.9568877,5.756888,6.406888,4.716888,5.946888,6.606888,3.1768878,3.746888,3.8568878,3.1968877,3.8768878,4.4768877,4.756888,5.856888,5.406888,4.0568876,4.986888,5.216888,5.8068876,6.366888,6.646888,7.2868876,7.336888,9.126888,-1.9631122,-4.093112,-3.1231122,-2.2731123,0.8768878,0.29688781,-0.11311218,1.9668878,-1.2731122,0.24688782,2.2168877,-3.1531122,1.1068878,-0.36311218,-1.7931122,-1.2031121
5.066888,3.6768878,5.5768876,5.716888,3.526888,4.776888,2.9468877,2.6368878,1.8868878,1.5068878,2.3068879,2.4468877,5.106888,5.396888,5.636888,4.236888,2.8868878,0.7968878,2.8568878,5.7268877,4.336888,0.6168878,6.796888,-0.8031122,-4.7131124,-6.2331123,-3.8631122,-3.4331121,-1.8731122,-0.19311218,-1.2631122,-3.5231123,-3.3831122,-1.3131121,-0.22311218,2.1968877,-0.92311215,1.1068878,0.17688781,1.5268878,-1.2331122
4.4968877,4.1868877,4.8268876,2.006888,2.1968877,2.0568879,0.10688782,-0.14311218,-0.6431122,-1.2831122,-0.79311216,-0.10311218,1.2968879,-4.353112,-5.613112,-7.2931123,-6.323112,0.6868878,-1.1631122,0.06688782,-0.60311216,6.296888,-2.1231122,-5.363112,-5.163112,-5.553112,-5.723112,-1.8431122,-7.163112,-6.603112,-5.613112,-2.5531123,-0.24311218,0.7268878,-1.2931122,0.3968878,0.14688782,-0.5531122,-0.053112183,0.0068878173,0.46688783
3.4368877,4.146888,4.106888,1.7168878,0.5368878,-0.063112184,-1.5931122,-0.2931122,-2.463112,-3.4331121,-3.243112,-2.973112,-2.7931123,-7.0831122,-6.393112,-7.4031124,-7.783112,-6.763112,-7.1531124,-6.093112,-8.083112,-8.413113,-9.263112,-8.433112,-8.933112,-7.993112,-8.773112,-7.703112,-6.6931124,-5.623112,-3.8731122,-3.1331122,-1.4331121,-1.1031122,-1.5931122,-0.15311219,-0.6131122,1.0768878,0.7468878,0.5668878,-0.28311217
2.3068879,1.3568878,-0.8431122,-0.45311219,-1.5031122,-1.6531122,-2.2831123,-2.733112,-2.4031122,-2.7931123,-5.7931123,-4.783112,-4.033112,-6.133112,-6.0231123,-7.283112,-8.903112,-8.593112,-9.693112,-8.143112,-9.063112,-9.183112,-9.943112,-8.763112,-8.593112,-7.7331123,-6.853112,-6.2531123,-5.3131123,-4.763112,-3.6931121,-4.553112,-2.013112,-2.2731123,-2.0731122,-2.4331121,-2.1231122,-0.08311218,-0.4131122,0.28688782,0.89688784
1.8568878,-1.3831122,-0.85311216,-1.0531121,-0.34311217,2.4468877,-2.723112,-4.933112,-6.093112,-3.8331122,-4.9031124,-5.9831123,-3.6031122,-5.873112,-5.553112,-6.633112,-7.353112,-7.8331122,-7.0831122,-7.1931124,-7.2331123,-7.0631123,-6.493112,-6.863112,-6.633112,-6.633112,-5.783112,-5.7131124,-5.053112,-4.4631124,-4.103112,-3.3831122,-2.7931123,-2.213112,-1.6631122,-1.9131122,-1.9731122,-0.6931122,-0.8631122,-0.34311217,-0.19311218
1.1268878,0.15688781,0.77688783,-0.6431122,-0.20311219,-2.4231122,-3.0731122,-4.0431123,-3.733112,-4.953112,-4.7731123,-4.623112,-4.763112,-5.6931124,-6.0631123,-6.493112,-6.7331123,-7.643112,-6.3131123,-6.513112,-6.873112,-7.163112,-7.183112,-6.303112,-5.533112,-5.113112,-4.593112,-4.113112,-3.3231122,-3.5731122,-2.8031123,-2.0431123,-2.0531123,-1.6831121,-0.9031122,-1.4231122,0.16688782,-0.3231122,-0.053112183,-0.0031121827,-0.60311216
0.3368878,0.34688783,-1.0231122,-1.6031122,-2.3231122,-4.0231123,-2.8231122,-2.4331121,-2.8731122,-3.013112,-2.983112,-5.133112,-2.983112,-3.3931122,-5.5231123,-5.5231123,-5.643112,-5.8131123,-5.373112,-5.873112,-5.5831122,-5.513112,-4.953112,-4.5231123,-3.9031122,-3.3031123,-2.8131123,-2.3131123,-1.9131122,-1.6531122,-0.98311216,-0.7131122,-0.13311218,-0.17311218,1.1968879,1.2768878,1.2468878,1.6268878,2.0868878,1.6368878,-0.033112183
