wind_kz.json
{"header": {"discipline":0,"disciplineName":"Meteorological products","gribEdition":2,"gribLength":1025,"center":7,"centerName":"US National Weather Service - NCEP(WMC)","subcenter":0,"refTime":"2023-08-26T18:00:00.000Z","significanceOfRT":1,"significanceOfRTName":"Start of forecast","productStatus":0,"productStatusName":"Operational products","productType":1,"productTypeName":"Forecast products","productDefinitionTemplate":0,"productDefinitionTemplateName":"Analysis/forecast at horizontal level/layer at a point in time","parameterCategory":2,"parameterCategoryName":"UnknownDiscipline_0_Category_2","parameterNumber":2,"parameterNumberName":"UnknownParameter_D0_C2_2","parameterUnit":"Unknown","genProcessType":2,"genProcessTypeName":"Forecast","forecastTime":180,"surface1Type":103,"surface1TypeName":"Specified height level above ground","surface1Value":10.0,"surface2Type":255,"surface2TypeName":"Missing","surface2Value":0.0,"gridDefinitionTemplate":0,"gridDefinitionTemplateName":"Latitude_Longitude","numberPoints":615,"shape":6,"shapeName":"Earth spherical with radius of 6,371,229.0 m","gridUnits":"degrees","resolution":48,"winds":"true","scanMode":64,"nx":41,"ny":15,"basicAngle":0,"lo1":47.0,"la1":41.0,"lo2":87.0,"la2":55.0,"dx":1.0,"dy":1.0}, "data":
[rows 0 to 14 of 15, columns 0 to 40 of 41]
-0.23361756,1.5463824,-0.97361755,-4.753618,-6.8936176,-7.1736174,-8.023618,-8.693618,-8.623617,-7.4136176,-7.5836177,-7.3736176,-6.7736177,-5.6236176,-5.1536174,-5.3836174,-5.5736175,-7.483618,-8.273618,-6.9236174,-4.4136176,-0.043617554,2.1863825,2.4463825,-1.7536175,0.71638244,3.4663825,3.3063824,-0.113617554,0.15638244,1.8463825,1.4363824,0.30638245,-3.3936176,-5.1436176,-6.2636175,-6.233618,-5.1236176,-4.3636174,-3.0436175,-8.463617
0.25638244,-2.1936176,-9.073618,-8.543617,-8.423617,-5.9436173,-6.4236174,-7.6936173,-7.1436176,-6.6436176,-7.4636173,-7.3936176,-6.9436173,-6.7236176,-6.1236176,-5.3236175,-4.8236175,-5.7936177,-5.6236176,-4.2036176,-5.4036174,-4.8836174,-1.8336176,2.8563824,0.016382447,-0.20361756,1.1563824,0.38638246,3.0163825,1.5263824,0.48638245,1.2363825,-1.0636176,0.6763824,1.0463824,-0.48361754,-0.98361754,-0.8136175,2.2263825,-2.8636177,-3.0436175
-4.4436173,-7.8036175,-9.433618,-9.433618,-8.233618,-7.3436174,-7.2436175,-5.6636176,-6.8736176,-6.5636177,-6.3536177,-6.1736174,-6.0936174,-6.1736174,-5.3936176,-5.6236176,-5.9736176,-4.9436173,-4.2136173,-3.7236176,-1.6436175,-5.8436174,-7.0236177,-7.7236176,-3.2136176,-4.4436173,-3.0136175,-1.5836176,3.2763824,-0.47361755,1.5163825,-2.2136176,-0.71361756,-0.7636176,-2.1236176,0.43638244,0.40638244,-0.71361756,4.6063824,2.6263824,1.6363825
-8.8036175,-9.723618,-9.463617,-8.773618,-6.3136177,-6.0136175,-5.3536177,-6.0336175,-5.9036174,-5.5536175,-5.2636175,-5.6036177,-5.3436174,-4.6236176,-5.3636174,-5.9336176,-5.4036174,-4.9236174,-5.4536176,-5.0636177,-5.6136174,-8.963617,-3.4436176,-3.8836176,-3.0436175,-2.1736176,-1.0936176,0.37638244,-0.49361756,0.43638244,1.9663825,2.6963825,4.496382,2.4863825,2.2763824,2.7063825,0.6863825,1.9863825,-0.8236176,-1.2136176,2.3063824
-8.413617,-8.483618,-7.0536175,-5.0836177,-4.1136174,-4.4536176,-3.5936174,-4.6336174,-4.503618,-3.8636177,-3.2536175,-4.0136175,-2.3036175,-3.6636176,-2.8436174,-4.6236176,-4.6436176,-4.3136177,-4.7136173,-5.0836177,-5.1336174,-3.9036176,-2.3536177,-1.4436176,-0.80361754,0.09638245,0.42638245,-1.2136176,1.3263824,1.9763825,1.4463824,2.7463825,4.746382,4.3463826,-4.4536176,-2.5836174,-6.7936177,-3.3036175,-1.4236176,-0.5736176,-0.22361755
-7.8336177,-6.2036176,-6.0736175,-4.0836177,-3.6336176,-3.6136177,-2.9036176,-3.0836174,-2.4436176,-2.9336176,-2.2736175,-2.7936175,-3.7536175,-3.6236176,-1.8636175,-2.6436176,-2.6536176,-2.8536177,-3.1136177,-2.5636175,-3.2236176,-3.2136176,-1.9436176,-1.0836176,-0.13361755,1.8263824,1.1763824,-0.68361753,3.3763824,2.8963823,3.0163825,3.3863823,3.4463825,4.7563825,6.2363825,1.6063825,5.2063823,4.3263826,3.4863825,-0.67361754,-2.5136175
-7.1436176,-6.5136175,-5.6636176,-5.3336177,-5.5236177,-3.6536176,-4.0636177,-3.5136175,-2.1436176,-1.7436175,-1.6836176,-2.2236176,-1.8236176,-1.4936175,-0.30361757,0.65638244,0.7963824,0.8663824,0.12638244,0.09638245,-0.41361755,0.24638245,0.66638243,0.106382445,0.14638245,1.1663824,2.2463825,2.9963825,3.0163825,3.7063825,3.7763824,4.8463826,6.4763823,4.8763824,7.0863824,6.2563825,6.5063825,4.2063823,6.2563825,-0.24361755,4.4863825
-5.8036175,-5.0336175,-4.3736176,-3.9836175,-3.7536175,-3.3236175,-3.3236175,-2.6836176,-1.3836175,-0.8836176,-1.0236175,-0.78361756,0.15638244,1.5563824,2.4463825,3.5063825,3.9463825,4.3863826,3.6363823,4.1763825,2.8663824,1.7863824,1.1063825,2.0263824,1.9663825,0.63638246,1.3063824,2.2763824,3.2163825,4.7363825,4.8863826,5.516382,6.3463826,6.4163823,7.5463824,8.286383,3.9763825,1.1163825,6.2063823,7.2563825,7.016382
-3.7136176,-3.0836174,-2.9536176,-2.7336175,-2.3636177,-2.0236175,-1.9736176,-1.7136176,-0.8236176,-0.47361755,0.37638244,1.2463825,2.3763824,2.4863825,3.6363823,3.2963824,3.8363824,4.7563825,5.4063826,4.4163823,5.3763824,4.3963823,3.6663826,3.1863825,5.0263824,4.2163825,4.0063825,4.2863827,3.7863824,4.4663825,5.7063823,6.4463825,6.9563823,7.2263823,7.0363827,6.3063827,6.5363827,5.766382,4.3163824,2.3963823,2.3763824
-0.19361755,-1.4836175,-1.8936175,-1.5236175,-1.8036176,-1.5136175,-1.4036175,-0.62361753,0.51638246,1.1863824,1.9663825,3.0163825,3.1463823,3.9763825,4.8363824,4.9263825,4.5963826,4.1963825,4.516382,4.7763824,5.2063823,4.9763823,3.1563826,4.1363826,4.9063826,4.8563824,4.6363826,4.7363825,5.9863825,7.2163825,8.9463825,10.136382,10.316381,7.8163824,7.016382,5.7763824,3.5863824,3.7963824,2.6363823,1.7963824,1.2863824
-1.4436176,-0.79361755,-0.54361755,-0.5136176,-0.37361756,0.106382445,0.65638244,1.4263824,1.9663825,2.9563825,3.5563824,4.7363825,4.6163826,5.2563825,5.8763824,5.4063826,4.9763823,5.0763826,4.2863827,4.0763826,4.9163823,4.1463823,4.3963823,4.4863825,4.5463824,4.6363826,6.2263823,6.2963824,6.4463825,8.376383,8.476382,9.956383,8.176382,5.9663825,4.996382,4.9263825,1.6763824,1.2863824,4.2363825,0.6863825,1.9463824
1.2663825,1.5563824,1.6463825,1.5563824,1.8663825,2.4463825,2.8163824,3.5263824,3.4763825,3.0863824,4.266382,5.4363823,5.1263824,5.2163825,6.246382,5.2763824,5.5063825,5.7163825,5.2063823,5.1263824,5.2563825,4.4663825,3.6163824,4.2563825,4.5763826,4.9063826,5.3363824,6.0863824,7.1663823,7.5263824,6.496382,4.5563827,3.6363823,2.2463825,2.2263825,5.3063827,6.7163825,5.6163826,1.9163824,-1.6436175,-1.0436176
2.4863825,2.3663824,2.5063825,3.5263824,3.4263825,2.9063826,3.8963823,4.3963823,5.6463823,4.1863823,2.2763824,4.746382,5.766382,6.266382,5.4763823,5.1263824,4.766382,5.1563826,4.6663823,5.266382,4.5063825,4.0963826,3.2063825,4.266382,3.9963825,4.3063827,5.016382,6.1063824,5.8263826,4.6863823,5.4563823,4.4163823,3.4863825,5.2363825,2.5763824,2.1763825,4.266382,3.0663824,3.0963824,1.8063824,1.4663825
2.9963825,3.0163825,1.1463825,3.1063824,2.8563824,3.5263824,4.5963826,5.1263824,5.9263825,5.016382,2.1063824,2.4763825,3.6763825,5.9163823,4.8863826,4.5763826,4.6563826,5.0963826,4.6263824,4.6563826,4.1463823,2.7663825,3.1963825,3.5263824,3.9363825,4.3463826,4.8563824,4.5963826,4.3963823,4.3163824,3.6063824,3.5263824,1.8663825,0.27638245,-0.72361755,0.88638246,1.5063825,2.7363825,1.2863824,1.9463824,2.4363825
2.1463823,3.7563825,2.4663825,2.9163826,3.2363825,3.5563824,4.5563827,3.9663825,4.496382,3.2363825,1.6663824,4.6563826,3.2563825,2.8063824,5.2963824,5.4063826,5.3463826,5.4563823,4.996382,4.8463826,3.2463825,2.3963823,3.1663826,3.0063825,3.5363824,3.6663826,4.3763824,3.9663825,3.5463824,2.9263825,1.4763825,3.4563825,2.5863824,1.1663824,0.21638244,-0.7636176,0.75638247,0.50638247,0.59638244,1.1463825,1.5863824
