wind_kz.json
{"header": {"discipline":0,"disciplineName":"Meteorological products","gribEdition":2,"gribLength":1102,"center":7,"centerName":"US National Weather Service - NCEP(WMC)","subcenter":0,"refTime":"2023-09-25T18:00:00.000Z","significanceOfRT":1,"significanceOfRTName":"Start of forecast","productStatus":0,"productStatusName":"Operational products","productType":1,"productTypeName":"Forecast products","productDefinitionTemplate":0,"productDefinitionTemplateName":"Analysis/forecast at horizontal level/layer at a point in time","parameterCategory":2,"parameterCategoryName":"UnknownDiscipline_0_Category_2","parameterNumber":2,"parameterNumberName":"UnknownParameter_D0_C2_2","parameterUnit":"Unknown","genProcessType":2,"genProcessTypeName":"Forecast","forecastTime":180,"surface1Type":103,"surface1TypeName":"Specified height level above ground","surface1Value":10.0,"surface2Type":255,"surface2TypeName":"Missing","surface2Value":0.0,"gridDefinitionTemplate":0,"gridDefinitionTemplateName":"Latitude_Longitude","numberPoints":615,"shape":6,"shapeName":"Earth spherical with radius of 6,371,229.0 m","gridUnits":"degrees","resolution":48,"winds":"true","scanMode":64,"nx":41,"ny":15,"basicAngle":0,"lo1":47.0,"la1":41.0,"lo2":87.0,"la2":55.0,"dx":1.0,"dy":1.0}, "data":
[rows 0 to 14 of 15, columns 0 to 40 of 41]
-1.1951971,-0.31519714,0.23480286,6.854803,5.5048027,5.074803,2.3548028,-3.205197,-6.425197,-4.695197,-5.195197,-5.735197,-6.4551973,-6.4351974,-6.465197,-5.095197,-6.775197,-5.0551972,-4.2651973,-4.005197,-3.3851972,-1.9051971,0.26480284,0.66480285,-1.2051971,-0.82519716,1.3748028,3.1748028,1.4348029,2.524803,4.1948028,0.7648029,0.054802857,-3.0551972,-3.725197,-2.235197,-2.465197,-1.4651971,-3.005197,-3.505197,-3.5851972
-1.3951972,-0.36519715,7.614803,8.094803,4.884803,3.0848029,-5.115197,-4.735197,-6.835197,-6.7851973,-6.365197,-6.235197,-5.345197,-4.9351974,-4.755197,-5.025197,-4.255197,-4.4951973,-2.7951972,-2.3751972,-1.7151971,-0.28519714,0.54480284,2.814803,0.93480283,0.8248029,0.52480286,1.4348029,2.9148028,2.294803,1.0948029,1.9348029,-0.21519715,1.5748029,0.41480285,-3.0451972,-1.8851972,-4.155197,-2.265197,-1.1551971,-2.3851972
3.1048028,10.714802,8.484803,6.114803,2.8748028,-3.8051972,-6.045197,-5.7851973,-7.1851974,-5.985197,-6.025197,-5.4551973,-4.5351973,-4.645197,-3.6551971,-3.755197,-3.6151972,-3.725197,-5.255197,-4.9351974,-4.405197,-3.3651972,-2.5451972,-1.8051971,-1.1451972,-3.515197,-3.3951972,-2.6351972,2.3548028,0.36480287,1.8548028,-0.5551971,-0.82519716,1.1948029,-0.36519715,1.2848029,0.7648029,-0.45519716,-0.6151971,0.90480286,1.8048029
4.0048027,10.624803,6.2948027,4.3148026,-3.505197,-5.1651974,-4.545197,-5.4951973,-5.625197,-6.1651974,-5.7651973,-5.7851973,-3.9151971,-3.3251972,-2.5751972,-2.705197,-2.9051971,-4.125197,-1.3051971,-2.215197,-0.20519714,-2.4151971,-4.905197,-7.4951973,-8.245197,-8.285197,-7.635197,-8.565197,-5.345197,-1.8751972,0.92480284,0.0048028566,-1.2551972,-0.46519715,1.2848029,2.3248029,2.6448028,1.9648029,-2.8251972,-4.9351974,-3.4251971
3.304803,7.164803,3.544803,2.6948028,-0.48519716,-3.4251971,-4.295197,-4.835197,-5.585197,-5.155197,-5.395197,-4.9951973,-3.6351972,-3.3551972,-3.255197,-4.9551973,-6.525197,-7.215197,-7.575197,-9.565197,-10.165197,-8.865197,-9.555197,-9.735197,-9.855197,-9.825197,-10.205197,-6.405197,-6.115197,-5.215197,-4.775197,-2.4251971,2.1148028,1.2348028,-2.685197,-1.5651971,-3.715197,-6.375197,-5.295197,-5.155197,-4.965197
2.7148027,2.774803,0.96480286,6.724803,1.2448028,-4.625197,-5.835197,-5.405197,-4.645197,-5.465197,-5.065197,-4.525197,-4.8051972,-4.3051972,-4.985197,-7.045197,-8.015197,-8.635197,-9.255198,-8.715198,-8.975197,-8.395197,-8.685197,-9.175198,-9.335197,-9.365197,-8.635197,-6.9151974,-5.615197,-5.075197,-5.045197,-4.4751973,-4.195197,-3.5951972,-2.3351972,-3.3951972,-0.28519714,-3.435197,-3.465197,-2.6451972,-3.255197
2.814803,1.8648028,2.1248028,7.164803,-0.8651971,-2.445197,-4.6651974,-4.895197,-4.795197,-5.0151973,-5.135197,-5.085197,-5.2051973,-5.4351974,-5.155197,-4.865197,-6.2051973,-6.7251973,-7.695197,-7.715197,-7.385197,-7.145197,-7.125197,-7.1651974,-7.365197,-7.085197,-6.715197,-6.485197,-6.845197,-4.9751973,-5.905197,-6.325197,-3.9051971,-3.185197,-3.2951972,-0.9251971,-0.46519715,-2.3351972,-0.56519717,-1.2951971,-0.81519717
2.544803,2.1248028,3.6748028,2.3948028,0.23480286,-1.0751971,-4.345197,-3.945197,-4.0351973,-4.675197,-4.905197,-5.005197,-5.0551972,-5.635197,-4.0351973,-2.2951972,-2.745197,-3.4251971,-3.5651972,-5.325197,-4.5151973,-4.625197,-3.8151972,-4.195197,-5.065197,-4.885197,-5.615197,-5.275197,-6.505197,-4.755197,-6.025197,-4.815197,-5.635197,-4.9551973,-5.365197,-3.1051972,-0.30519715,0.7648029,0.8748028,1.0948029,1.7648028
1.6348028,1.9948028,1.4048028,1.3648028,-1.1551971,-1.7051971,-3.3651972,-3.945197,-3.195197,-3.745197,-3.955197,-4.2451973,-4.2451973,-4.195197,-4.905197,-4.025197,-2.475197,-1.6351972,-1.1051972,-0.6751971,-2.935197,-0.96519715,-0.91519713,-1.5851971,-1.6351972,-2.1051972,-2.245197,-2.8851972,-2.755197,-3.3451972,-4.525197,-3.765197,-1.4651971,-1.2551972,-1.4951972,-0.115197144,-3.715197,-0.9251971,-0.8051971,-0.47519714,-1.6951971
2.314803,2.2048028,1.4948028,-0.35519713,-2.005197,-2.8751972,-3.275197,-2.3151972,-1.6551971,-2.5851972,-2.705197,-2.775197,-2.705197,-2.8751972,-3.525197,-3.8151972,-4.445197,-3.8451972,-3.185197,-2.0951972,-1.5251971,-0.90519714,-0.44519714,-0.52519715,-1.0351971,-1.1451972,-1.7351972,-3.1351972,-3.3251972,-3.505197,-3.185197,-2.185197,-0.8651971,-0.08519714,0.60480285,-1.5151972,0.9448029,-0.58519715,-0.8751972,-1.0351971,-0.95519716
3.794803,3.024803,1.4848028,-1.4551971,-3.0951972,-4.835197,-2.8651972,-0.20519714,-1.0251971,-1.6651971,-1.5151972,-0.6851971,-1.1051972,-1.5151972,-1.9651971,-2.005197,-2.3551972,-2.3751972,-2.5551972,-2.705197,-3.0351973,-1.9251971,-1.3651972,-0.6751971,-0.82519716,-1.5151972,-2.1251972,-1.4751972,-1.9151971,-2.995197,-2.8651972,-2.435197,-2.8551972,-3.515197,-2.505197,-0.15519714,0.46480286,-1.2751971,-0.33519715,-0.90519714,-0.6751971
1.4248029,1.7748028,0.31480286,-1.6751971,-1.9251971,-4.565197,-3.3551972,-1.5151972,-0.33519715,-1.3151971,-1.1251972,-0.12519714,0.23480286,0.41480285,0.80480283,0.61480284,-0.26519716,-1.0951972,-0.59519714,-1.0351971,-1.3851972,-1.8751972,-2.215197,-1.4151971,-1.5651971,-1.6451972,-0.95519716,-1.4351971,-2.1151972,-2.1251972,-2.235197,-2.3851972,-2.705197,-3.3851972,-3.515197,-4.4351974,-4.965197,-3.8651972,-2.255197,-1.2951971,-1.0351971
-3.3651972,-2.005197,-1.9251971,-2.0351973,-1.1451972,-1.8251971,-3.245197,-1.6451972,-1.1751971,-0.075197145,-0.35519713,0.60480285,0.93480283,1.7148029,1.8948028,1.8248029,1.4348029,1.1648029,0.45480287,-0.0051971436,0.52480286,0.35480285,0.48480284,0.13480286,0.61480284,-0.0051971436,-1.4251971,-1.5351971,-0.81519717,-0.9351971,-1.0851971,-1.3851972,-2.3451972,-2.6351972,-2.7951972,-2.945197,-3.255197,-2.435197,-3.515197,-2.3751972,-1.2251972
-1.4151971,-1.6051972,-1.3351971,-1.7351972,-2.6751971,-3.5451972,-2.1451972,-2.8051972,-2.275197,1.5448029,0.68480283,-0.18519714,1.2648028,3.014803,2.3648028,2.4348028,2.1048028,1.9248029,0.9448029,1.5148028,1.3948028,1.7948029,1.8148029,1.7548028,1.0348029,0.41480285,0.16480285,0.5648029,0.47480285,0.6948029,0.71480286,0.6948029,0.8848029,0.5748029,-0.035197143,-0.40519714,-0.9251971,-1.0051972,-0.65519714,-1.2851971,-1.4651971
-1.7051971,-1.2851971,-1.6251972,-1.5851971,-1.7651972,-0.48519716,-1.4251971,-1.0051972,-0.38519713,0.32480285,1.3148029,0.42480287,0.77480286,0.93480283,2.564803,2.6348028,2.0848029,2.474803,2.1348028,2.3748028,2.474803,2.314803,2.244803,2.1648028,2.294803,2.1748028,1.9848028,2.0948029,2.284803,2.294803,2.6148028,2.734803,2.764803,2.734803,2.724803,2.5848029,2.044803,2.8748028,1.8348029,1.0348029,0.39480287
