wind_kz.json
{"header": {"discipline":0,"disciplineName":"Meteorological products","gribEdition":2,"gribLength":1025,"center":7,"centerName":"US National Weather Service - NCEP(WMC)","subcenter":0,"refTime":"2023-09-26T18:00:00.000Z","significanceOfRT":1,"significanceOfRTName":"Start of forecast","productStatus":0,"productStatusName":"Operational products","productType":1,"productTypeName":"Forecast products","productDefinitionTemplate":0,"productDefinitionTemplateName":"Analysis/forecast at horizontal level/layer at a point in time","parameterCategory":2,"parameterCategoryName":"UnknownDiscipline_0_Category_2","parameterNumber":3,"parameterNumberName":"UnknownParameter_D0_C2_3","parameterUnit":"Unknown","genProcessType":2,"genProcessTypeName":"Forecast","forecastTime":60,"surface1Type":103,"surface1TypeName":"Specified height level above ground","surface1Value":10.0,"surface2Type":255,"surface2TypeName":"Missing","surface2Value":0.0,"gridDefinitionTemplate":0,"gridDefinitionTemplateName":"Latitude_Longitude","numberPoints":615,"shape":6,"shapeName":"Earth spherical with radius of 6,371,229.0 m","gridUnits":"degrees","resolution":48,"winds":"true","scanMode":64,"nx":41,"ny":15,"basicAngle":0,"lo1":47.0,"la1":41.0,"lo2":87.0,"la2":55.0,"dx":1.0,"dy":1.0}, "data":
[rows 0 to 14 of 15, columns 0 to 40 of 41]
1.342478,1.882478,0.15247802,-1.027522,-0.91752195,-0.71752197,-1.537522,-1.387522,-1.917522,-3.457522,-3.697522,-3.337522,-4.217522,-2.2575219,-2.537522,-3.987522,-2.477522,-0.20752198,-1.857522,-1.487522,-1.477522,-2.4975219,3.842478,-0.37752196,3.122478,3.042478,-0.0075219725,-0.11752197,-0.71752197,4.442478,2.412478,3.2524781,-0.557522,1.282478,0.64247805,-0.757522,1.712478,2.202478,2.202478,0.57247806,-0.817522
-0.46752197,0.692478,0.51247805,0.802478,0.682478,-1.047522,-1.367522,-2.617522,-3.117522,-4.207522,-4.187522,-3.177522,-3.367522,-4.497522,-1.3175219,-3.097522,-0.637522,-0.647522,-1.347522,-3.237522,-4.227522,-3.817522,-1.427522,0.542478,2.462478,2.712478,1.642478,0.622478,-0.24752197,2.522478,-0.45752198,1.762478,2.152478,3.052478,3.012478,3.432478,2.882478,1.9324781,2.202478,1.852478,-0.40752196
1.6724781,2.782478,0.25247803,-0.39752197,-0.937522,-1.537522,-2.577522,-3.237522,-4.097522,-4.847522,-5.007522,-4.047522,-2.687522,-2.177522,-1.227522,-0.07752197,-0.52752197,1.232478,-1.1975219,-1.6875219,-3.877522,-3.167522,-0.72752196,0.35247803,-0.627522,-2.147522,4.662478,-2.637522,2.192478,-1.0775219,-0.43752196,0.18247803,-2.987522,1.502478,0.632478,-2.787522,-0.027521973,2.712478,-0.627522,2.2324781,2.212478
1.492478,0.70247805,0.40247804,-0.39752197,-0.92752194,-2.437522,-2.867522,-3.727522,-4.317522,-5.177522,-5.337522,-4.967522,-4.157522,-0.71752197,0.36247802,-1.227522,-1.597522,0.082478024,-0.947522,-2.147522,-3.2675219,-2.137522,-3.477522,-0.877522,-1.237522,0.65247804,2.102478,2.202478,0.622478,0.14247803,0.792478,-1.867522,0.032478027,0.24247803,1.092478,1.8024781,2.922478,1.852478,-3.227522,-2.377522,-1.347522
0.862478,0.0024780273,-0.097521976,0.0124780275,-1.217522,-2.527522,-2.927522,-3.367522,-4.597522,-4.607522,-3.927522,-4.657522,-4.147522,-2.2675219,-0.627522,0.12247803,-1.177522,-1.027522,-2.937522,-3.2675219,-1.8175219,-0.867522,-0.19752197,0.70247805,-0.46752197,1.152478,3.142478,0.77247804,0.57247806,1.262478,2.902478,1.2924781,2.9824781,-0.32752198,0.19247803,1.0624781,2.622478,-0.12752198,-1.617522,-1.8075219,-1.537522
0.032478027,-0.34752196,-2.357522,-1.897522,-2.197522,-3.577522,-3.787522,-4.677522,-4.767522,-3.957522,-1.337522,-1.767522,-2.137522,-1.837522,-2.417522,-2.057522,-3.327522,-3.947522,-4.587522,-4.327522,-2.617522,0.14247803,2.202478,2.912478,1.3024781,1.492478,1.002478,1.992478,3.152478,2.9924781,1.962478,0.44247803,-0.28752196,-2.147522,-2.607522,6.062478,-3.197522,2.842478,0.882478,-1.147522,-2.437522
-0.92752194,-0.84752196,-1.297522,-2.347522,-2.5175219,-2.917522,-2.987522,-3.7675219,-3.7475219,-3.027522,-2.097522,-1.5575219,-1.887522,-0.90752196,-1.1975219,-2.0075219,-3.647522,-4.657522,-6.167522,-3.347522,-4.8875217,-5.357522,-2.447522,1.362478,2.072478,3.622478,2.972478,5.132478,3.882478,3.512478,2.472478,1.8024781,0.052478027,0.862478,1.412478,0.09247803,1.642478,3.012478,0.032478027,3.162478,0.492478
-1.467522,-1.387522,-1.927522,-2.317522,-2.317522,-2.377522,-2.667522,-2.2575219,-2.527522,-2.357522,-2.027522,-2.727522,-1.767522,-1.157522,-0.27752197,-0.477522,-1.677522,-4.357522,-4.797522,-4.677522,-3.167522,-4.867522,-6.317522,-4.077522,-1.907522,1.5624781,5.232478,5.212478,4.012478,1.132478,-0.16752197,1.102478,1.262478,3.282478,1.6824781,-0.59752196,-0.767522,2.132478,-0.78752196,0.76247805,-0.04752197
-1.497522,-1.5575219,-1.8275219,-2.537522,-2.307522,-2.667522,-2.717522,-2.127522,-1.757522,-2.577522,-2.427522,-2.277522,-2.447522,-1.717522,-0.71752197,-1.2075219,-0.30752197,-1.677522,-2.987522,-2.9975219,-2.157522,-3.327522,-4.027522,-3.237522,-3.027522,-2.077522,0.272478,2.282478,3.872478,1.492478,3.072478,2.092478,-0.48752198,-1.667522,3.322478,6.122478,2.662478,0.072478026,1.842478,0.982478,0.672478
-1.407522,-1.417522,-1.677522,-1.717522,-1.7075219,-1.977522,-1.867522,-1.907522,-1.837522,-1.9475219,-2.857522,-1.117522,0.912478,-0.73752195,-1.027522,-1.3075219,-1.737522,-0.817522,-2.137522,-1.247522,-1.267522,-1.987522,-2.207522,-2.067522,-1.427522,-0.937522,-0.78752196,0.28247803,1.112478,0.96247804,0.21247803,-0.067521974,-1.037522,-2.387522,1.492478,3.952478,2.312478,1.8124781,1.872478,2.0024781,3.162478
-1.5775219,-1.507522,-0.997522,-1.027522,-0.85752195,-1.117522,-1.5575219,-1.277522,-1.127522,-0.44752198,-1.647522,-0.757522,-0.04752197,0.77247804,-0.067521974,-0.0075219725,-1.167522,-1.607522,-1.507522,-0.747522,-1.357522,-0.85752195,-0.98752195,-0.897522,-0.96752197,-0.38752198,0.19247803,0.35247803,0.37247804,0.44247803,0.96247804,2.552478,0.992478,-0.11752197,0.272478,2.092478,1.872478,1.972478,4.632478,2.132478,1.082478
-1.277522,-0.90752196,-0.73752195,-0.687522,-0.92752194,-0.31752196,-0.507522,-0.44752198,-0.867522,-0.33752197,-0.037521973,-1.1875219,-0.84752196,0.802478,0.882478,1.4324781,-0.627522,-0.877522,-0.29752198,-1.157522,-0.27752197,-1.2075219,0.40247804,-0.35752198,-0.067521974,-0.07752197,0.602478,0.0024780273,0.72247803,0.802478,0.48247802,1.282478,2.162478,2.182478,1.242478,2.612478,2.152478,0.42247802,-1.007522,-1.277522,-0.757522
-1.517522,-2.337522,-1.357522,-1.007522,-0.38752198,-0.017521972,0.47247803,1.0624781,0.32247803,1.322478,0.78247803,-0.13752197,-0.31752196,-0.897522,0.97247803,1.092478,0.802478,-0.477522,0.34247804,-0.22752197,1.492478,0.65247804,-0.477522,-0.26752198,0.58247805,-0.0075219725,-1.267522,-0.30752197,0.922478,1.372478,2.0024781,-0.29752198,0.71247804,2.772478,0.632478,3.382478,2.522478,1.1724781,1.992478,-0.22752197,0.672478
-2.457522,-2.447522,-3.407522,-2.147522,-2.027522,-0.52752197,-0.29752198,1.1724781,2.522478,2.952478,2.182478,0.38247803,0.20247802,0.922478,0.26247802,1.502478,-0.54752195,-1.097522,0.992478,0.672478,0.09247803,0.42247802,0.58247805,-0.20752198,0.65247804,1.202478,0.792478,0.48247802,0.39247802,0.632478,1.702478,2.022478,2.602478,2.202478,2.7424781,2.922478,2.772478,1.852478,0.30247802,1.402478,2.272478
-2.0075219,-3.367522,-3.157522,-2.567522,-2.457522,-0.647522,-0.947522,-0.18752198,0.12247803,2.2424781,2.682478,2.372478,2.2424781,1.272478,2.342478,2.292478,1.752478,-0.16752197,-1.227522,0.43247804,1.1824781,1.642478,0.0024780273,-0.10752197,0.95247805,-0.617522,1.532478,0.38247803,0.59247804,-0.27752197,-0.37752196,1.472478,1.962478,2.132478,2.212478,1.912478,2.0024781,2.802478,2.092478,1.4424781,0.752478
