wind_kz.json
{"header": {"discipline":0,"disciplineName":"Meteorological products","gribEdition":2,"gribLength":871,"center":7,"centerName":"US National Weather Service - NCEP(WMC)","subcenter":0,"refTime":"2023-09-30T18:00:00.000Z","significanceOfRT":1,"significanceOfRTName":"Start of forecast","productStatus":0,"productStatusName":"Operational products","productType":1,"productTypeName":"Forecast products","productDefinitionTemplate":0,"productDefinitionTemplateName":"Analysis/forecast at horizontal level/layer at a point in time","parameterCategory":0,"parameterCategoryName":"UnknownDiscipline_0_Category_0","parameterNumber":0,"parameterNumberName":"UnknownParameter_D0_C0_0","parameterUnit":"Unknown","genProcessType":2,"genProcessTypeName":"Forecast","forecastTime":240,"surface1Type":1,"surface1TypeName":"Ground or water surface","surface1Value":0.0,"surface2Type":255,"surface2TypeName":"Missing","surface2Value":0.0,"gridDefinitionTemplate":0,"gridDefinitionTemplateName":"Latitude_Longitude","numberPoints":615,"shape":6,"shapeName":"Earth spherical with radius of 6,371,229.0 m","gridUnits":"degrees","resolution":48,"winds":"true","scanMode":64,"nx":41,"ny":15,"basicAngle":0,"lo1":47.0,"la1":41.0,"lo2":87.0,"la2":55.0,"dx":1.0,"dy":1.0}, "data":
[rows 0 to 14 of 15, columns 0 to 40 of 41]
283.39166,273.09164,280.89166,292.89166,292.69165,291.89166,289.19165,286.79166,286.19165,284.99164,284.49164,285.89166,286.79166,285.19165,284.39166,283.59164,283.69165,283.29166,288.09164,286.99164,287.39166,285.19165,284.69165,284.09164,287.99164,289.29166,286.29166,274.39166,272.89166,273.29166,272.89166,273.19165,282.59164,288.09164,288.99164,289.59164,287.79166,287.19165,289.69165,289.59164,287.39166
262.39166,279.89166,292.59164,292.59164,292.79166,291.09164,283.49164,281.09164,281.49164,281.29166,282.99164,282.49164,282.69165,282.39166,283.59164,283.49164,284.69165,283.99164,284.39166,286.39166,287.39166,285.19165,284.59164,280.99164,274.99164,273.49164,281.09164,274.59164,274.69165,271.39166,276.79166,267.19165,275.59164,250.19165,271.59164,286.19165,284.19165,287.09164,289.49164,282.29166,283.49164
280.79166,292.29166,292.49164,292.09164,290.59164,281.99164,281.29166,280.99164,280.39166,280.49164,280.29166,281.49164,281.29166,281.89166,283.69165,281.59164,281.59164,282.39166,282.49164,285.39166,286.89166,285.59164,284.09164,281.89166,285.89166,284.39166,288.39166,288.39166,286.09164,279.19165,271.09164,272.89166,277.39166,276.69165,278.89166,279.39166,275.39166,274.99164,274.99164,270.09164,270.49164
280.09164,291.29166,292.09164,291.19165,287.59164,279.39166,280.59164,278.79166,279.19165,279.59164,279.99164,280.09164,289.29166,288.69165,284.49164,281.59164,281.69165,282.59164,280.79166,283.89166,283.89166,281.79166,284.29166,285.29166,287.29166,288.39166,289.49164,288.29166,287.69165,288.39166,288.19165,286.19165,289.29166,287.49164,285.99164,283.49164,272.09164,265.99164,275.49164,281.99164,285.49164
281.69165,290.59164,291.29166,290.49164,286.89166,280.29166,281.19165,280.39166,279.89166,279.69165,280.19165,279.59164,287.99164,286.89166,285.59164,281.69165,280.39166,282.39166,279.89166,282.59164,284.39166,285.59164,284.89166,285.39166,286.79166,288.09164,287.19165,287.69165,288.99164,288.29166,289.99164,287.09164,276.49164,268.79166,276.59164,284.29166,287.69165,287.49164,288.19165,288.39166,287.89166
279.89166,278.39166,288.99164,290.09164,290.19165,289.59164,282.29166,282.29166,280.49164,280.79166,280.29166,280.19165,286.49164,287.69165,284.49164,281.99164,283.19165,281.59164,280.89166,282.09164,282.59164,283.89166,284.49164,284.89166,285.39166,286.09164,287.19165,285.89166,287.89166,287.89166,286.49164,287.39166,285.89166,283.69165,283.59164,286.29166,279.09164,280.19165,284.59164,285.59164,285.99164
277.79166,276.49164,280.69165,280.59164,282.19165,278.59164,279.89166,279.79166,279.99164,280.09164,278.89166,279.79166,279.29166,279.79166,280.29166,283.39166,281.79166,280.79166,280.19165,279.29166,280.69165,282.79166,283.59164,285.39166,285.99164,286.29166,285.59164,285.19165,284.89166,285.09164,284.39166,283.39166,283.59164,284.99164,284.49164,283.99164,279.19165,275.69165,271.99164,272.19165,282.19165
278.69165,277.09164,278.29166,279.99164,280.39166,279.99164,278.99164,278.09164,277.59164,277.89166,277.79166,278.39166,277.39166,279.09164,281.19165,281.29166,280.59164,280.59164,280.69165,277.49164,278.69165,279.89166,281.99164,283.99164,284.89166,283.59164,283.89166,281.99164,280.59164,282.69165,280.59164,281.49164,280.39166,278.99164,279.69165,280.69165,282.19165,284.39166,280.99164,281.29166,278.09164
276.79166,275.69165,276.99164,276.39166,277.89166,277.49164,276.29166,277.29166,276.49164,276.09164,275.69165,275.89166,276.99164,279.29166,279.59164,280.49164,279.89166,281.59164,279.49164,277.59164,276.79166,278.09164,281.49164,282.49164,283.89166,285.09164,282.89166,280.69165,278.89166,277.19165,277.79166,278.19165,279.29166,279.79166,279.19165,278.99164,279.09164,278.09164,268.09164,269.89166,267.49164
273.29166,275.79166,276.19165,276.49164,276.39166,275.59164,274.99164,275.19165,275.09164,275.79166,275.19165,274.89166,276.49164,276.99164,277.69165,278.39166,279.59164,278.89166,278.19165,277.79166,277.69165,279.69165,280.99164,282.49164,284.79166,284.39166,283.49164,281.49164,279.79166,278.59164,278.09164,279.39166,280.89166,280.59164,279.59164,279.09164,277.69165,274.19165,270.79166,270.79166,269.29166
273.89166,273.99164,273.49164,273.69165,273.59164,273.69165,274.79166,274.49164,275.49164,276.09164,275.59164,275.29166,275.99164,276.79166,277.59164,278.19165,277.69165,278.69165,277.29166,277.39166,280.19165,280.19165,281.39166,284.09164,284.19165,284.59164,281.59164,281.19165,280.49164,280.89166,280.19165,280.39166,279.29166,278.99164,278.19165,277.39166,274.89166,271.69165,271.39166,271.59164,269.29166
272.09164,273.89166,272.59164,271.29166,271.39166,272.49164,273.09164,273.89166,274.49164,275.39166,272.89166,272.89166,275.39166,275.89166,276.59164,276.29166,276.29166,276.09164,276.69165,278.19165,278.89166,279.69165,281.89166,283.49164,284.39166,284.29166,282.29166,281.99164,281.39166,280.89166,279.99164,279.19165,278.79166,276.59164,277.69165,276.69165,276.69165,275.59164,275.39166,275.39166,275.49164
270.89166,270.59164,270.99164,271.59164,272.39166,271.89166,271.39166,272.19165,272.19165,274.09164,272.19165,269.49164,273.69165,273.89166,275.99164,276.89166,277.49164,275.69165,277.49164,278.59164,278.79166,279.59164,282.19165,282.79166,284.89166,284.09164,282.89166,281.79166,281.19165,280.49164,279.89166,278.99164,278.79166,277.49164,277.09164,276.79166,276.19165,277.69165,276.29166,276.09164,276.29166
270.19165,270.89166,278.49164,272.89166,272.29166,271.99164,271.29166,271.39166,272.39166,273.49164,273.09164,270.49164,270.29166,273.09164,275.29166,276.49164,276.19165,276.69165,277.89166,278.29166,278.89166,280.29166,284.19165,285.29166,284.99164,283.49164,282.89166,282.29166,280.69165,279.89166,278.99164,278.19165,277.59164,276.39166,276.39166,275.39166,275.79166,275.79166,275.39166,274.89166,275.19165
270.19165,272.59164,283.69165,272.99164,270.89166,269.99164,271.69165,271.89166,271.89166,273.59164,272.99164,272.49164,271.29166,271.49164,273.29166,276.49164,276.69165,276.39166,277.99164,278.19165,279.89166,282.69165,284.09164,284.69165,284.29166,282.89166,281.99164,281.09164,280.69165,279.69165,279.89166,280.19165,277.09164,275.89166,275.79166,275.99164,275.79166,274.69165,275.39166,275.89166,276.29166
