wind_kz.json
{"header": {"discipline":0,"disciplineName":"Meteorological products","gribEdition":2,"gribLength":948,"center":7,"centerName":"US National Weather Service - NCEP(WMC)","subcenter":0,"refTime":"2023-08-06T12:00:00.000Z","significanceOfRT":1,"significanceOfRTName":"Start of forecast","productStatus":0,"productStatusName":"Operational products","productType":1,"productTypeName":"Forecast products","productDefinitionTemplate":0,"productDefinitionTemplateName":"Analysis/forecast at horizontal level/layer at a point in time","parameterCategory":0,"parameterCategoryName":"UnknownDiscipline_0_Category_0","parameterNumber":0,"parameterNumberName":"UnknownParameter_D0_C0_0","parameterUnit":"Unknown","genProcessType":2,"genProcessTypeName":"Forecast","forecastTime":240,"surface1Type":1,"surface1TypeName":"Ground or water surface","surface1Value":0.0,"surface2Type":255,"surface2TypeName":"Missing","surface2Value":0.0,"gridDefinitionTemplate":0,"gridDefinitionTemplateName":"Latitude_Longitude","numberPoints":615,"shape":6,"shapeName":"Earth spherical with radius of 6,371,229.0 m","gridUnits":"degrees","resolution":48,"winds":"true","scanMode":64,"nx":41,"ny":15,"basicAngle":0,"lo1":47.0,"la1":41.0,"lo2":87.0,"la2":55.0,"dx":1.0,"dy":1.0}, "data":
[rows 0 to 14 of 15, columns 0 to 40 of 41]
319.35556,304.65558,310.55557,298.35556,297.85556,297.15558,312.85556,329.25555,319.85556,325.85556,324.05557,322.35556,320.75555,321.95557,320.65558,319.05557,317.65558,316.55557,317.75555,317.05557,318.65558,314.65558,314.75555,309.95557,311.95557,314.45557,309.75555,295.05557,293.35556,282.25555,281.35556,289.45557,295.55557,302.95557,312.15558,311.35556,311.75555,310.55557,310.15558,310.05557,309.35556
296.65558,308.35556,298.95557,298.85556,298.85556,297.45557,324.65558,323.95557,322.15558,323.15558,323.55557,322.95557,320.65558,319.35556,320.75555,320.35556,319.95557,318.25555,316.25555,316.75555,316.55557,314.75555,314.35556,304.15558,295.35556,293.45557,303.35556,293.45557,297.15558,286.15558,291.85556,280.35556,287.85556,273.55557,283.65558,303.35556,297.45557,306.85556,310.15558,301.95557,285.95557
309.95557,299.55557,299.75555,299.25555,297.05557,320.15558,319.65558,320.55557,320.25555,319.85556,320.35556,323.35556,320.45557,321.25555,321.35556,320.25555,319.55557,317.55557,316.35556,315.75555,317.65558,313.15558,313.05557,306.65558,310.45557,309.35556,310.15558,310.05557,307.55557,294.05557,285.15558,286.35556,294.95557,291.95557,288.55557,294.35556,286.05557,289.95557,289.95557,284.95557,285.75555
313.75555,300.35556,300.25555,298.95557,304.05557,320.85556,319.75555,320.25555,319.25555,319.35556,319.95557,319.45557,298.45557,299.25555,318.65558,323.25555,319.65558,319.25555,317.75555,315.95557,313.25555,308.95557,312.95557,312.55557,312.15558,311.55557,311.95557,308.65558,307.55557,308.05557,308.35556,305.15558,309.15558,308.85556,307.15558,301.85556,287.35556,287.15558,288.85556,300.25555,302.95557
319.65558,301.25555,300.25555,299.85556,307.15558,317.75555,318.45557,320.25555,318.55557,315.95557,314.15558,316.15558,298.35556,297.45557,294.65558,317.65558,321.95557,316.15558,315.45557,317.15558,316.45557,316.35556,314.55557,313.65558,313.55557,312.75555,310.45557,304.55557,310.35556,308.85556,309.95557,306.45557,291.75555,283.45557,293.35556,301.05557,302.35556,308.35556,308.45557,306.85556,306.65558
317.55557,315.05557,299.45557,299.55557,299.85556,299.05557,318.25555,316.75555,314.65558,316.45557,316.95557,312.45557,299.55557,297.45557,304.95557,314.85556,318.85556,318.05557,317.55557,317.75555,317.35556,316.55557,315.65558,315.35556,313.75555,313.35556,312.85556,296.35556,311.25555,311.65558,309.85556,309.75555,307.35556,305.55557,302.75555,300.25555,294.25555,296.95557,307.15558,307.05557,306.15558
316.35556,314.35556,315.85556,317.35556,312.05557,316.35556,319.35556,319.65558,318.55557,315.45557,306.55557,313.95557,310.95557,317.65558,308.45557,313.65558,316.15558,315.15558,314.35556,313.25555,314.15558,315.25555,314.75555,314.55557,312.45557,312.05557,311.95557,313.65558,309.85556,312.15558,310.55557,309.95557,309.55557,308.85556,305.35556,304.25555,297.95557,293.25555,290.05557,287.75555,300.45557
315.55557,315.65558,315.15558,314.55557,316.55557,317.15558,317.75555,316.75555,316.65558,315.25555,306.85556,307.25555,308.65558,313.85556,312.55557,315.65558,315.05557,312.45557,312.75555,311.55557,311.25555,306.85556,310.65558,312.85556,310.95557,308.55557,307.45557,308.35556,306.75555,307.15558,305.15558,304.95557,304.15558,301.65558,300.55557,301.95557,303.15558,291.45557,302.55557,302.45557,298.85556
313.65558,312.75555,313.15558,311.95557,314.25555,315.95557,314.45557,315.65558,314.85556,314.75555,307.65558,310.65558,310.85556,313.45557,310.65558,311.45557,311.45557,311.55557,310.45557,309.55557,308.45557,308.65558,307.25555,302.45557,311.25555,310.25555,307.05557,304.55557,302.95557,301.15558,301.75555,301.25555,299.05557,301.45557,299.95557,294.45557,294.65558,297.45557,285.25555,284.65558,283.65558
311.05557,310.25555,310.25555,310.85556,312.45557,314.95557,315.05557,315.25555,314.25555,313.35556,312.15558,310.95557,312.25555,304.45557,307.85556,303.25555,311.35556,307.95557,309.65558,309.25555,308.25555,307.85556,305.45557,310.95557,309.85556,307.85556,307.85556,303.95557,300.95557,303.65558,302.55557,302.25555,303.55557,301.95557,301.25555,300.55557,294.65558,285.55557,286.55557,284.75555,283.45557
305.75555,307.25555,308.45557,309.65558,309.55557,312.95557,312.85556,311.35556,311.75555,312.55557,312.05557,310.95557,311.85556,304.05557,307.55557,311.15558,309.35556,308.95557,309.05557,308.35556,302.95557,307.25555,300.95557,306.85556,308.25555,307.25555,299.05557,306.55557,307.05557,306.05557,306.25555,305.25555,301.85556,303.45557,294.55557,297.85556,291.55557,287.15558,287.85556,284.85556,283.55557
306.75555,309.95557,310.75555,311.05557,307.85556,305.85556,309.05557,310.45557,311.35556,311.45557,308.35556,306.35556,302.25555,309.45557,304.15558,308.85556,303.45557,309.15558,305.25555,300.55557,301.05557,303.65558,306.05557,307.45557,301.95557,306.65558,307.95557,307.05557,307.15558,304.95557,303.05557,301.25555,300.15558,295.55557,295.15558,294.95557,298.85556,295.65558,293.95557,290.65558,287.15558
301.35556,305.25555,308.05557,307.45557,304.95557,303.25555,307.45557,307.55557,306.85556,302.85556,301.35556,303.45557,304.65558,305.35556,305.05557,300.55557,307.45557,298.85556,305.35556,305.05557,302.95557,305.45557,305.45557,302.95557,302.75555,304.45557,308.55557,306.15558,303.75555,302.55557,302.35556,299.75555,299.05557,298.35556,295.55557,294.65558,298.25555,294.05557,290.25555,292.65558,289.15558
302.95557,304.85556,298.85556,305.45557,305.35556,298.55557,303.55557,304.25555,304.15558,306.85556,299.65558,297.85556,299.85556,304.15558,302.75555,300.95557,298.85556,295.65558,293.45557,293.15558,299.45557,307.75555,303.05557,306.45557,306.35556,307.05557,304.85556,302.55557,301.55557,298.45557,297.75555,297.65558,296.65558,298.45557,298.15558,297.85556,295.45557,291.65558,293.85556,286.45557,290.85556
298.85556,303.95557,293.45557,303.55557,302.25555,300.85556,299.15558,302.25555,302.55557,303.35556,300.35556,295.15558,293.15558,296.05557,301.65558,301.25555,299.45557,293.25555,296.85556,293.25555,295.05557,300.85556,306.05557,304.35556,304.75555,298.85556,303.05557,301.55557,298.85556,297.45557,293.05557,289.95557,296.15558,293.25555,293.95557,295.05557,292.75555,294.55557,292.25555,291.15558,289.45557
