wind_kz.json
{"header": {"discipline":0,"disciplineName":"Meteorological products","gribEdition":2,"gribLength":871,"center":7,"centerName":"US National Weather Service - NCEP(WMC)","subcenter":0,"refTime":"2025-04-06T06:00:00.000Z","significanceOfRT":1,"significanceOfRTName":"Start of forecast","productStatus":0,"productStatusName":"Operational products","productType":1,"productTypeName":"Forecast products","productDefinitionTemplate":0,"productDefinitionTemplateName":"Analysis/forecast at horizontal level/layer at a point in time","parameterCategory":0,"parameterCategoryName":"UnknownDiscipline_0_Category_0","parameterNumber":0,"parameterNumberName":"UnknownParameter_D0_C0_0","parameterUnit":"Unknown","genProcessType":2,"genProcessTypeName":"Forecast","forecastTime":60,"surface1Type":1,"surface1TypeName":"Ground or water surface","surface1Value":0.0,"surface2Type":255,"surface2TypeName":"Missing","surface2Value":0.0,"gridDefinitionTemplate":0,"gridDefinitionTemplateName":"Latitude_Longitude","numberPoints":615,"shape":6,"shapeName":"Earth spherical with radius of 6,371,229.0 m","gridUnits":"degrees","resolution":48,"winds":"true","scanMode":64,"nx":41,"ny":15,"basicAngle":0,"lo1":47.0,"la1":41.0,"lo2":87.0,"la2":55.0,"dx":1.0,"dy":1.0}, "data":
[rows 0 to 14 of 15, columns 0 to 40 of 41]
289.64438,281.7444,284.64438,282.2444,282.9444,283.54437,287.64438,294.9444,296.04437,297.64438,295.7444,297.9444,295.3444,295.8444,295.04437,293.64438,293.64438,292.2444,294.64438,291.04437,293.4444,290.9444,290.8444,286.7444,290.3444,294.04437,288.3444,273.64438,272.2444,267.64438,269.2444,274.4444,283.14438,287.54437,289.04437,290.2444,290.3444,288.9444,289.2444,289.14438,287.4444
270.3444,285.14438,281.7444,281.9444,282.4444,282.8444,292.4444,294.3444,293.8444,295.7444,295.14438,294.4444,295.3444,294.64438,295.04437,294.3444,293.4444,293.04437,291.64438,292.4444,291.8444,289.7444,286.14438,280.9444,267.04437,272.9444,282.64438,272.7444,278.3444,270.4444,272.2444,253.94438,275.04437,258.3444,265.9444,285.04437,283.9444,285.8444,288.04437,281.14438,280.64438
282.7444,280.4444,281.3444,281.8444,281.7444,287.2444,289.2444,293.54437,292.54437,293.14438,292.7444,293.4444,293.7444,292.9444,292.3444,293.14438,292.3444,291.3444,291.04437,291.4444,291.4444,290.2444,289.54437,282.54437,286.54437,284.8444,286.4444,286.64438,284.9444,279.14438,266.3444,271.4444,279.8444,280.4444,280.8444,279.7444,269.14438,267.14438,265.8444,267.3444,263.64438
283.64438,280.8444,280.2444,281.3444,282.8444,288.3444,291.2444,290.64438,293.04437,290.7444,290.04437,288.64438,285.2444,285.9444,291.04437,291.3444,289.9444,290.7444,290.7444,290.64438,289.3444,283.8444,288.4444,287.7444,289.04437,288.64438,288.2444,284.2444,284.3444,284.7444,284.9444,284.54437,289.2444,289.04437,286.04437,282.8444,270.3444,262.3444,274.2444,283.4444,285.8444
283.8444,281.2444,281.04437,281.64438,283.04437,288.7444,291.14438,291.14438,290.64438,289.7444,288.64438,285.8444,283.9444,283.4444,281.2444,288.7444,289.14438,289.04437,288.64438,288.04437,288.2444,288.2444,287.4444,287.2444,287.04437,286.9444,284.8444,282.8444,287.04437,286.54437,288.64438,285.9444,274.14438,259.54437,277.54437,285.2444,284.7444,287.8444,288.9444,290.04437,289.3444
282.8444,284.04437,281.54437,281.04437,280.14438,279.8444,287.64438,292.4444,290.04437,287.64438,287.04437,286.54437,282.3444,282.3444,284.64438,289.14438,288.9444,287.9444,288.4444,287.4444,286.04437,285.3444,285.54437,284.8444,284.54437,283.3444,284.3444,273.14438,283.7444,285.4444,285.04437,285.8444,284.3444,284.64438,284.4444,282.8444,278.04437,279.04437,285.9444,286.8444,286.04437
282.3444,283.04437,285.8444,287.64438,285.8444,289.04437,290.54437,289.14438,288.14438,286.7444,285.8444,285.7444,285.4444,286.64438,285.54437,287.2444,287.04437,286.54437,286.4444,285.2444,284.3444,286.9444,284.9444,282.7444,280.64438,280.7444,281.64438,282.3444,283.04437,285.2444,285.3444,286.2444,287.2444,284.2444,282.2444,281.2444,278.3444,276.54437,270.9444,272.14438,281.8444
281.3444,282.8444,285.3444,287.54437,290.4444,289.7444,289.14438,287.54437,286.64438,286.54437,286.04437,285.54437,284.9444,285.54437,286.3444,286.4444,286.64438,288.4444,287.8444,285.54437,280.8444,281.4444,280.54437,280.8444,281.2444,280.04437,280.3444,281.4444,280.14438,281.14438,281.04437,282.9444,281.54437,280.14438,279.9444,281.2444,284.4444,272.64438,283.04437,282.7444,280.64438
279.4444,280.9444,283.7444,285.3444,288.2444,288.64438,288.2444,287.3444,286.4444,285.54437,284.7444,284.2444,284.04437,285.14438,284.7444,285.3444,285.3444,288.2444,287.14438,282.7444,279.9444,277.7444,280.9444,280.8444,280.2444,280.3444,279.14438,279.14438,278.8444,278.4444,278.8444,280.04437,282.9444,283.2444,282.64438,279.64438,277.4444,280.14438,270.9444,270.4444,269.9444
279.14438,279.8444,282.64438,284.8444,287.4444,286.8444,286.9444,286.3444,286.04437,284.9444,284.3444,283.7444,284.3444,283.7444,284.2444,287.4444,287.7444,287.14438,285.04437,283.04437,280.54437,279.14438,280.64438,280.8444,280.2444,279.64438,280.14438,279.2444,279.4444,280.14438,280.9444,282.8444,283.7444,283.3444,282.64438,282.4444,279.64438,276.64438,274.54437,272.7444,269.64438
279.04437,279.4444,281.4444,284.04437,288.7444,286.4444,286.64438,285.8444,285.2444,284.8444,283.04437,283.3444,284.04437,285.4444,285.4444,286.8444,286.2444,284.04437,285.04437,281.8444,283.04437,279.54437,278.54437,278.04437,278.7444,279.04437,277.54437,279.04437,279.14438,282.64438,282.54437,282.64438,283.2444,283.2444,283.04437,282.14438,278.7444,276.4444,278.3444,276.8444,271.7444
277.9444,279.14438,279.9444,283.04437,286.64438,286.3444,285.54437,284.3444,283.8444,283.14438,281.64438,282.14438,285.4444,286.4444,286.04437,283.64438,282.7444,283.04437,283.54437,284.54437,282.2444,280.3444,278.8444,278.64438,278.3444,279.8444,281.14438,282.04437,281.4444,281.04437,281.4444,282.3444,282.8444,282.04437,281.54437,283.14438,282.8444,282.4444,281.14438,281.14438,281.14438
276.2444,278.2444,280.7444,283.04437,287.4444,286.2444,285.2444,283.14438,282.04437,283.04437,280.7444,280.54437,285.3444,281.8444,285.14438,281.64438,281.64438,282.9444,283.64438,282.04437,282.14438,280.64438,280.54437,279.9444,280.04437,280.7444,281.4444,281.4444,281.54437,281.7444,281.04437,281.54437,283.14438,283.64438,281.8444,280.8444,281.14438,281.54437,280.4444,280.2444,280.04437
277.14438,278.9444,276.2444,281.64438,285.7444,284.9444,284.04437,283.14438,283.3444,281.9444,279.54437,280.54437,283.7444,284.7444,281.9444,282.7444,281.14438,280.3444,280.04437,279.8444,279.7444,279.54437,279.7444,279.7444,279.8444,280.4444,281.14438,280.04437,279.64438,278.9444,278.9444,279.7444,279.9444,279.14438,279.04437,278.8444,280.7444,280.4444,280.54437,280.04437,280.9444
277.14438,279.2444,273.2444,283.14438,284.4444,283.8444,284.54437,282.14438,282.7444,281.04437,280.7444,279.9444,278.7444,279.64438,280.8444,280.54437,279.64438,278.9444,279.2444,278.7444,278.2444,277.8444,277.7444,276.54437,277.4444,277.4444,277.7444,277.7444,277.54437,278.04437,277.14438,275.54437,277.04437,277.14438,277.3444,278.8444,277.8444,278.9444,279.64438,280.04437,280.3444
