wind_kz.json
{"header": {"discipline":0,"disciplineName":"Meteorological products","gribEdition":2,"gribLength":1025,"center":7,"centerName":"US National Weather Service - NCEP(WMC)","subcenter":0,"refTime":"2023-08-26T06:00:00.000Z","significanceOfRT":1,"significanceOfRTName":"Start of forecast","productStatus":0,"productStatusName":"Operational products","productType":1,"productTypeName":"Forecast products","productDefinitionTemplate":0,"productDefinitionTemplateName":"Analysis/forecast at horizontal level/layer at a point in time","parameterCategory":2,"parameterCategoryName":"UnknownDiscipline_0_Category_2","parameterNumber":2,"parameterNumberName":"UnknownParameter_D0_C2_2","parameterUnit":"Unknown","genProcessType":2,"genProcessTypeName":"Forecast","forecastTime":60,"surface1Type":103,"surface1TypeName":"Specified height level above ground","surface1Value":10.0,"surface2Type":255,"surface2TypeName":"Missing","surface2Value":0.0,"gridDefinitionTemplate":0,"gridDefinitionTemplateName":"Latitude_Longitude","numberPoints":615,"shape":6,"shapeName":"Earth spherical with radius of 6,371,229.0 m","gridUnits":"degrees","resolution":48,"winds":"true","scanMode":64,"nx":41,"ny":15,"basicAngle":0,"lo1":47.0,"la1":41.0,"lo2":87.0,"la2":55.0,"dx":1.0,"dy":1.0}, "data":
[rows 0 to 14 of 15, columns 0 to 40 of 41]
-2.181386,-0.8313861,1.0786139,-0.5413861,-0.7713861,-1.4713861,1.3486139,-3.2213862,-2.7813861,-1.1313862,-2.5113862,-2.811386,-2.561386,-2.7113862,-3.631386,-3.9713862,-2.7713861,-2.0413861,-3.681386,-2.091386,-1.8513861,-2.141386,0.10861389,-2.2613862,0.7586139,-1.5113862,-3.351386,-0.78138614,-0.7713861,0.068613894,-1.4113861,1.3286139,1.5986139,2.148614,-1.2813861,-0.07138611,0.58861387,-6.031386,0.058613893,-1.8513861,1.3586138
0.2786139,2.2386138,-2.801386,-2.841386,-1.3013861,-1.2513862,0.4386139,-0.4013861,0.52861387,-0.9413861,0.4886139,-2.561386,-1.991386,-2.071386,-0.60138613,-2.7713861,-3.091386,-2.4613862,1.1086138,-3.081386,-1.9113861,-1.5613861,-2.0213861,-3.371386,-0.2813861,-0.4113861,-0.8413861,-0.7913861,-0.7413861,-0.17138611,0.2186139,-0.6113861,0.9586139,-1.4813861,0.5586139,-1.9813861,3.168614,-3.2513862,2.7286139,2.368614,2.2586138
0.7286139,0.08861389,-1.9813861,-1.7313861,-0.4013861,0.58861387,1.9586139,4.258614,-1.1613861,0.3686139,2.858614,0.7086139,0.23861389,1.6786139,1.6386139,-0.5713861,0.3686139,0.17861389,0.2886139,-0.9213861,-0.06138611,-1.241386,-1.0713861,-1.2613862,1.7786139,-2.121386,-3.431386,-2.5013862,-2.801386,-0.9313861,-2.311386,2.438614,-0.8313861,-0.9513861,-0.4813861,-0.6313861,0.17861389,-1.2813861,3.848614,1.8686138,-0.49138612
-1.6913861,-0.9013861,0.44861388,2.118614,1.6486139,3.398614,5.748614,4.6786137,2.648614,2.918614,2.428614,0.6686139,0.4986139,-1.0413861,0.12861389,-1.1413862,-0.72138613,-0.23138611,2.158614,1.0886139,-1.2713861,-0.7513861,-0.53138614,2.938614,-0.02138611,-2.0013862,-3.0213861,-2.7813861,-2.7113862,-0.7313861,-0.7013861,-3.051386,-3.9913862,-4.501386,-3.081386,-2.151386,-0.4113861,0.6186139,-0.4313861,0.9386139,3.0186138
1.1786139,2.678614,3.328614,5.358614,6.568614,5.478614,5.718614,0.9986139,-1.6313862,-2.881386,-3.051386,-1.7013861,1.508614,0.4386139,-0.3513861,-1.1713861,-0.3513861,1.1386139,-0.12138611,0.7986139,1.6986139,0.71861386,0.7086139,-3.351386,-4.621386,-4.391386,-1.9713861,0.9486139,-0.97138613,-1.4413861,0.11861389,0.8486139,-1.7713861,1.508614,-0.6813861,-2.351386,9.498614,1.4486139,5.858614,6.8886137,5.398614
-4.561386,2.5286138,5.338614,7.558614,9.718614,8.968614,7.198614,3.7486138,-0.8913861,0.83861387,2.2186139,4.808614,4.858614,5.488614,3.918614,1.8886139,0.8786139,2.2186139,0.9286139,0.4286139,2.688614,1.0786139,-1.5213861,-1.6413862,-3.5313861,-3.2813861,-2.2613862,-3.381386,-1.6713861,-0.5713861,1.0686139,0.2986139,-0.5413861,1.0386139,-0.09138611,0.3986139,1.758614,5.148614,11.878613,9.738614,1.0786139
-1.7013861,-0.6213861,1.6986139,2.628614,4.298614,4.728614,5.108614,4.0786138,6.668614,7.878614,7.748614,8.618614,7.6786137,10.328613,7.808614,5.938614,2.3086138,2.4886138,1.2886139,1.1886139,0.5486139,0.6286139,-0.3113861,-2.361386,0.08861389,-1.8813862,0.1686139,0.5186139,-2.361386,-1.3313861,2.5486138,-0.5613861,2.648614,2.7086139,-1.991386,0.6986139,-0.8813861,-0.85138613,2.628614,-0.6513861,7.898614
-5.8813863,-4.041386,-3.651386,-2.621386,-2.371386,-3.1913862,-1.8113861,-1.241386,-1.7913861,-1.3213861,1.8386139,3.128614,1.878614,7.8286138,7.778614,5.938614,7.018614,1.8186139,3.838614,0.5986139,-0.2913861,-0.30138612,-0.4113861,-1.5913861,-0.8113861,-1.5713861,-1.0513861,-2.2813861,-1.1513861,0.77861387,1.9486139,3.838614,2.098614,2.7286139,0.5686139,2.618614,1.4686139,1.2486138,6.798614,11.618613,5.278614
-2.2713861,-3.2313862,-2.591386,0.07861389,1.4386139,0.77861387,-0.30138612,0.8186139,2.4686139,3.348614,3.4886138,2.388614,5.6786137,5.9286137,5.038614,5.308614,1.2386138,3.2586138,4.338614,2.0486138,-0.10138611,0.77861387,-0.4813861,-1.1013861,-0.2913861,-0.91138613,-0.8013861,-1.0013862,0.6086139,0.4286139,3.168614,1.6686139,5.488614,3.698614,1.6486139,1.4186139,-0.9313861,-1.1713861,1.128614,1.3686138,0.7886139
-5.1513863,-3.111386,-2.141386,-0.5013861,0.5186139,1.0586139,2.0086138,2.688614,2.5386138,2.898614,2.2786138,2.858614,4.198614,1.9986138,4.248614,-1.121386,3.9986138,2.618614,0.04861389,1.8486139,-0.9613861,-0.5613861,-1.9113861,-1.3413861,-1.1613861,-1.0213861,0.4986139,0.8886139,0.2286139,1.5586139,2.2986138,2.418614,3.578614,2.618614,-0.111386105,-1.2113861,-2.551386,-1.3613861,1.1386139,1.6586139,1.508614
-2.0213861,-0.5513861,1.9586139,2.318614,2.898614,3.418614,3.2086139,2.4886138,4.108614,3.908614,3.0186138,2.7386138,3.7286139,4.688614,2.628614,2.2586138,2.2186139,1.9386139,3.2686138,1.9486139,1.4286139,-1.2313861,-1.741386,-1.5213861,-1.2813861,-0.49138612,-0.72138613,-0.3813861,-0.111386105,-0.6513861,1.3686138,1.7786139,1.6386139,0.7386139,-0.6413861,-1.9613861,-1.5213861,0.5686139,1.4786139,0.11861389,-0.08138611
1.7986139,1.1986139,2.388614,3.068614,3.2886138,3.4586139,4.418614,5.1586137,3.838614,2.408614,2.2386138,3.2286139,4.628614,4.358614,1.5786139,1.9186139,3.2986138,2.0286138,-0.7513861,0.12861389,1.628614,-1.8313861,-0.8713861,-1.2713861,-1.1413862,0.1986139,-1.0713861,0.3086139,0.5086139,-0.031386107,-0.6713861,1.6886139,2.828614,-0.6913861,0.6886139,0.7286139,-1.0413861,-1.1313862,-1.3813862,-0.4413861,0.64861387
1.1786139,2.448614,0.4986139,2.2586138,3.148614,3.2986138,3.428614,1.5686139,1.3986139,1.7086139,1.8686138,1.3986139,0.7586139,-0.72138613,-0.3413861,3.328614,0.5786139,-1.4013861,-1.371386,-1.7813861,-1.7113861,1.5986139,-1.2813861,-1.8913862,-0.1913861,0.23861389,0.5986139,-0.27138612,0.8186139,0.7486139,1.2686139,0.83861387,0.9386139,5.108614,2.378614,-0.2213861,-1.3113861,-1.2113861,1.508614,1.1386139,0.7586139
0.9186139,-0.36138612,2.7486138,2.588614,1.8886139,2.328614,0.5086139,0.77861387,0.6186139,1.2086139,0.07861389,0.2486139,-0.5413861,-1.121386,-0.7413861,-0.6913861,-2.581386,-2.661386,-3.0213861,-2.2713861,-0.4013861,-2.071386,-1.8413861,-0.7113861,-0.20138611,0.3686139,0.18861389,-0.10138611,0.32861388,1.0386139,1.6586139,2.2186139,3.108614,3.908614,1.5886139,-1.2613862,-0.9513861,-0.24138612,2.828614,1.6586139,1.2786139
0.4286139,1.008614,2.918614,1.1686139,0.89861387,2.2686138,1.7086139,0.3986139,-0.7113861,0.4886139,-0.111386105,-0.2613861,-0.07138611,0.9886139,-0.1613861,1.5686139,-3.2413862,-4.241386,-3.321386,-3.381386,-1.6813861,-0.91138613,-1.0113862,0.018613892,0.9786139,1.1786139,1.378614,0.71861386,2.168614,2.388614,3.318614,3.7786138,1.9586139,3.198614,0.7386139,1.3886139,-0.33138612,0.7486139,1.2786139,2.168614,1.4986138
