wind_kz.json
{"header": {"discipline":0,"disciplineName":"Meteorological products","gribEdition":2,"gribLength":871,"center":7,"centerName":"US National Weather Service - NCEP(WMC)","subcenter":0,"refTime":"2023-09-07T18:00:00.000Z","significanceOfRT":1,"significanceOfRTName":"Start of forecast","productStatus":0,"productStatusName":"Operational products","productType":1,"productTypeName":"Forecast products","productDefinitionTemplate":0,"productDefinitionTemplateName":"Analysis/forecast at horizontal level/layer at a point in time","parameterCategory":0,"parameterCategoryName":"UnknownDiscipline_0_Category_0","parameterNumber":0,"parameterNumberName":"UnknownParameter_D0_C0_0","parameterUnit":"Unknown","genProcessType":2,"genProcessTypeName":"Forecast","forecastTime":240,"surface1Type":1,"surface1TypeName":"Ground or water surface","surface1Value":0.0,"surface2Type":255,"surface2TypeName":"Missing","surface2Value":0.0,"gridDefinitionTemplate":0,"gridDefinitionTemplateName":"Latitude_Longitude","numberPoints":615,"shape":6,"shapeName":"Earth spherical with radius of 6,371,229.0 m","gridUnits":"degrees","resolution":48,"winds":"true","scanMode":64,"nx":41,"ny":15,"basicAngle":0,"lo1":47.0,"la1":41.0,"lo2":87.0,"la2":55.0,"dx":1.0,"dy":1.0}, "data":
[rows 0 to 14 of 15, columns 0 to 40 of 41]
294.52002,285.12003,288.52002,297.22003,297.42,296.12003,297.32,299.62003,297.52002,297.62003,295.52002,296.22003,294.62003,293.62003,292.72003,290.02002,291.02002,291.02002,290.22003,290.42,293.12003,289.42,289.02002,285.72003,288.82,290.72003,287.22003,276.12003,277.02002,277.12003,276.42,276.12003,286.62003,294.72003,293.92,293.62003,297.02002,294.82,294.92,294.82,295.82
274.62003,287.82,296.62003,296.82,296.92,295.32,297.62003,297.32,296.52002,296.42,296.22003,294.32,293.02002,290.62003,288.12003,288.72003,289.32,289.52002,288.32,288.22003,289.72003,290.32,288.72003,282.62003,275.52002,275.92,283.32,275.12003,277.02002,272.42,278.32,269.92,280.62003,261.52002,276.72003,293.02002,290.82,293.52002,295.72003,288.12003,284.12003
292.62003,296.32,297.32,296.92,294.72003,294.82,295.62003,295.62003,293.82,294.52002,294.02002,293.72003,291.22003,291.02002,292.62003,289.62003,287.12003,286.62003,287.02002,287.82,292.52002,288.62003,292.12003,287.12003,288.22003,288.22003,288.02002,286.92,286.12003,277.82,272.82,273.92,279.52002,280.52002,282.82,282.62003,274.62003,277.02002,278.52002,275.22003,274.92
290.82,295.82,296.72003,295.72003,293.82,293.42,293.62003,292.92,294.62003,294.52002,293.92,293.72003,293.02002,292.32,293.22003,292.22003,289.92,288.72003,289.32,288.62003,288.02002,285.72003,289.62003,290.52002,291.62003,292.22003,291.52002,289.32,288.02002,289.22003,290.52002,288.12003,293.62003,289.52002,288.82,285.72003,274.02002,272.82,277.62003,285.12003,290.22003
295.02002,294.02002,294.92,293.72003,293.12003,292.32,293.42,292.82,292.92,292.92,292.52002,291.62003,292.12003,290.92,289.22003,291.52002,291.72003,290.82,288.52002,291.22003,291.62003,291.42,290.12003,289.82,289.92,289.72003,288.82,290.22003,287.32,288.82,292.52002,289.02002,278.02002,269.72003,279.22003,286.72003,290.72003,290.92,292.32,292.32,292.42
291.82,290.02002,292.92,292.52002,292.82,292.42,292.62003,294.62003,292.02002,291.62003,291.12003,290.52002,291.72003,292.22003,291.92,290.62003,292.72003,290.72003,290.92,291.12003,290.52002,289.92,288.92,288.92,287.92,286.42,288.52002,290.72003,291.02002,291.92,290.62003,293.72003,291.72003,289.22003,287.32,290.62003,282.32,284.22003,288.92,290.02002,290.72003
287.52002,286.62003,289.32,290.42,291.42,291.52002,294.22003,294.72003,293.62003,292.72003,289.82,290.02002,291.02002,290.92,292.02002,292.72003,291.12003,291.42,290.02002,289.72003,289.22003,288.72003,288.72003,288.72003,287.72003,287.82,287.62003,290.82,288.62003,288.72003,289.02002,290.22003,290.72003,291.22003,291.12003,288.02002,283.32,279.82,275.72003,276.02002,287.22003
288.22003,287.02002,288.62003,288.92,291.12003,290.72003,290.82,290.72003,292.12003,291.52002,290.52002,290.42,289.92,291.12003,291.92,291.92,290.32,290.32,289.92,287.22003,287.82,287.72003,287.32,287.82,289.52002,284.72003,284.92,284.72003,283.72003,288.02002,287.12003,287.02002,288.52002,283.42,284.02002,286.42,288.72003,288.82,287.62003,287.02002,284.12003
287.32,286.32,287.32,286.02002,288.12003,287.82,287.82,287.52002,289.42,289.22003,290.32,290.32,289.82,292.52002,289.22003,289.92,288.92,288.62003,288.22003,286.82,285.32,285.32,285.72003,287.82,283.52002,287.32,285.32,284.32,281.72003,278.12003,283.72003,282.52002,282.52002,284.42,283.12003,282.02002,283.02002,283.22003,273.12003,275.72003,272.82
287.12003,287.72003,289.12003,285.22003,285.52002,285.62003,284.92,284.72003,285.12003,286.42,286.12003,289.42,289.32,289.22003,288.12003,288.12003,288.32,287.62003,288.22003,288.22003,286.92,285.32,286.02002,285.72003,287.22003,283.62003,282.32,286.02002,285.12003,281.62003,281.62003,287.52002,285.52002,285.72003,285.02002,283.62003,281.22003,277.72003,277.92,276.52002,273.52002
284.62003,284.52002,283.22003,282.92,282.42,282.72003,283.62003,284.52002,283.52002,283.52002,285.32,287.62003,289.02002,288.12003,287.72003,286.92,286.92,287.12003,287.02002,288.72003,286.72003,285.02002,283.52002,282.82,282.52002,282.82,281.12003,283.32,286.42,286.22003,288.42,288.52002,284.72003,285.42,284.82,283.22003,279.72003,278.72003,276.12003,279.12003,276.02002
282.62003,283.42,282.12003,280.92,280.72003,281.42,281.12003,283.32,282.92,281.92,282.22003,284.62003,285.82,285.72003,285.72003,287.42,285.42,285.22003,285.92,287.72003,282.62003,284.82,284.92,282.62003,282.32,283.22003,282.92,284.92,285.62003,285.52002,284.72003,288.52002,286.52002,285.22003,286.92,285.42,285.02002,285.02002,283.52002,284.82,282.62003
284.52002,282.02002,281.82,280.92,281.02002,281.12003,281.22003,283.02002,283.42,281.22003,283.52002,282.62003,284.82,285.42,285.62003,284.02002,284.42,285.02002,285.22003,285.32,282.92,281.62003,281.12003,280.72003,283.02002,284.62003,285.32,285.92,286.62003,285.62003,288.32,287.22003,288.12003,284.72003,285.32,285.32,284.92,285.62003,285.02002,283.42,283.12003
281.72003,285.32,285.92,282.42,282.42,281.32,281.22003,282.52002,281.52002,282.42,282.82,281.92,282.92,284.32,285.22003,285.72003,285.22003,283.72003,283.32,286.12003,283.22003,282.92,282.92,284.32,284.52002,286.42,285.72003,286.92,284.32,284.92,284.92,284.22003,288.12003,287.62003,287.62003,286.02002,283.92,284.12003,282.72003,282.52002,281.82
281.42,284.12003,288.02002,284.02002,284.02002,284.22003,282.02002,281.72003,283.92,281.82,284.32,283.72003,283.52002,283.32,284.62003,284.32,283.62003,283.02002,282.62003,283.12003,286.52002,286.02002,285.12003,285.32,283.92,284.22003,286.92,284.82,285.32,287.12003,288.12003,286.72003,288.12003,287.12003,286.52002,283.82,283.12003,281.92,282.22003,282.22003,282.92
