wind_kz.json
{"header": {"discipline":0,"disciplineName":"Meteorological products","gribEdition":2,"gribLength":1025,"center":7,"centerName":"US National Weather Service - NCEP(WMC)","subcenter":0,"refTime":"2023-08-23T00:00:00.000Z","significanceOfRT":1,"significanceOfRTName":"Start of forecast","productStatus":0,"productStatusName":"Operational products","productType":1,"productTypeName":"Forecast products","productDefinitionTemplate":0,"productDefinitionTemplateName":"Analysis/forecast at horizontal level/layer at a point in time","parameterCategory":2,"parameterCategoryName":"UnknownDiscipline_0_Category_2","parameterNumber":2,"parameterNumberName":"UnknownParameter_D0_C2_2","parameterUnit":"Unknown","genProcessType":2,"genProcessTypeName":"Forecast","forecastTime":240,"surface1Type":103,"surface1TypeName":"Specified height level above ground","surface1Value":10.0,"surface2Type":255,"surface2TypeName":"Missing","surface2Value":0.0,"gridDefinitionTemplate":0,"gridDefinitionTemplateName":"Latitude_Longitude","numberPoints":615,"shape":6,"shapeName":"Earth spherical with radius of 6,371,229.0 m","gridUnits":"degrees","resolution":48,"winds":"true","scanMode":64,"nx":41,"ny":15,"basicAngle":0,"lo1":47.0,"la1":41.0,"lo2":87.0,"la2":55.0,"dx":1.0,"dy":1.0}, "data":
[rows 0 to 14 of 15, columns 0 to 40 of 41]
-1.9919446,-0.8219446,0.11805542,-1.8219446,-0.74194455,-0.7019446,-3.9019446,-4.1119447,-3.7919445,-0.99194455,-2.0919447,-4.1719446,-4.1619444,-3.4019446,-3.0319445,-2.6219447,-2.1019447,-0.80194455,-2.4819446,-0.35194457,2.4380555,2.7580554,1.0580554,0.15805542,-0.4519446,-2.0319445,-2.4219446,-1.1319445,-0.06194458,-1.0019445,-0.47194457,1.7780554,0.8180554,1.0880554,-3.7019446,-1.6119446,-4.8519444,-3.7619445,-3.6519446,-1.0219445,-4.1219444
1.6580554,0.7280554,-1.5119445,-1.2419446,-0.74194455,-4.2019444,-3.0819445,-3.4619446,-2.6819446,-1.4219446,-2.4119446,-3.9019446,-2.8419447,-2.5119445,-2.1119447,-1.7719445,-1.0019445,-2.4219446,-1.3619446,0.23805542,0.8080554,0.12805542,0.58805543,-2.2119446,-0.5619446,1.3180554,-0.54194456,0.6680554,-0.9419446,-1.0819446,0.40805542,-0.74194455,0.82805544,-2.3119445,-0.28194457,0.9680554,-1.6919446,-0.9719446,3.5580554,0.51805544,-3.1619446
-0.80194455,-3.5319445,-2.6719446,-2.4219446,-1.5919446,-4.241945,-2.7019446,-0.17194457,0.36805543,0.05805542,-0.5819446,-1.0119445,-2.4219446,-2.2319446,-1.8419446,-1.8319446,-1.9919446,-1.4819446,-1.2919446,0.20805542,0.58805543,0.21805543,-4.2319446,-3.1119447,2.1880555,1.3580555,1.2080554,1.7080554,-0.35194457,-0.7019446,-0.2919446,0.9380554,-0.6319446,-0.61194456,0.33805543,-0.6819446,-0.74194455,0.39805543,-0.07194458,-0.49194458,0.10805542
-3.0719445,-5.6019444,-6.2119446,-8.121944,-5.4019446,-3.8419447,-0.7219446,-4.1019444,-2.3419447,-1.5919446,-0.19194458,-1.8019446,-2.8119445,-2.4319446,-1.8819445,-1.1519446,-0.4219446,-0.6319446,-1.3619446,-0.8219446,-0.40194458,-2.2819445,3.8380554,-2.7719445,-2.5519445,-1.9719446,-2.1719446,-3.7619445,-2.2319446,0.43805543,-0.27194458,-1.3419446,-1.5919446,-1.7119446,-2.0819445,-1.1319445,-0.8919446,1.2380555,-0.6819446,-0.28194457,-0.6819446
-4.261945,-7.5719447,-7.6019444,-8.2919445,-6.7119446,-3.7819445,-2.9319446,-1.5419446,-1.7419446,-1.3719445,-1.3819445,0.15805542,-0.9419446,-0.92194456,-1.3319446,-0.7719446,-0.08194458,-0.30194458,-0.05194458,-1.1919446,-1.5219445,-1.7619445,-2.6719446,-2.6019447,-2.7419446,-3.2619445,-4.4619446,-3.2919445,-3.2419446,-3.1919446,-3.3519447,-1.6319445,-2.2319446,0.4280554,1.8880554,0.28805542,-0.04194458,1.6880554,0.7480554,-2.0119445,-2.8419447
-3.9919446,-3.7819445,-7.6819444,-7.9419446,-8.071944,-7.741945,-3.6419446,-2.5819445,-1.8019446,-1.5719446,-0.98194456,2.1280553,2.8780553,2.9180555,1.7980554,1.5580554,-0.01194458,0.25805542,-0.5719446,0.17805542,-1.8019446,-1.8019446,-1.6119446,-2.0219445,-2.3319445,-3.0319445,-2.2519445,-3.5519445,-2.8419447,-2.8819447,-2.3519447,-2.6319447,-1.8719445,-1.7719445,-0.5719446,0.8480554,0.4580554,-2.4219446,-1.8919445,-3.4619446,-4.1119447
-1.6519446,-2.7319446,-3.8419447,-4.1519446,-4.1319447,-3.3519447,-3.2419446,-1.9219446,-0.6319446,-0.35194457,-0.4519446,-2.4819446,-1.8319446,-2.0919447,-2.5219445,-1.4419446,-2.1619446,-1.4919446,-1.3419446,-0.6219446,-0.23194458,-0.7819446,-1.9019446,-1.1719446,-0.27194458,-0.9519446,-0.6819446,-1.1719446,-1.2219446,-1.1719446,-2.0919447,-2.2619445,-0.7019446,-0.05194458,-1.1619446,-1.2719445,-1.0519446,1.6080555,-2.6919446,2.1280553,0.21805543
-4.5019445,-4.0719447,-3.4919446,-2.2219446,-1.2019446,-1.7119446,-1.6519446,-2.0319445,-2.2619445,-2.2019446,-3.0519445,-3.4319446,-2.3519447,-2.5319445,-1.6219445,-1.7219446,-1.9419446,-1.5519446,-1.0819446,-1.2119446,1.9580554,2.2080555,1.1180555,0.88805544,1.6380554,0.44805542,0.8780554,1.1580554,0.5580554,-2.0519445,-1.9919446,-1.2519445,-2.4119446,-1.2619445,-3.4119446,-0.61194456,1.6280555,2.0580554,2.5580554,2.1880555,1.9980555
-3.5619445,-2.9619446,-2.7619445,-1.8419446,-0.49194458,-0.79194456,-2.0719445,-2.2219446,-3.1719446,-2.2519445,-1.6119446,-1.1019446,0.04805542,-0.41194457,0.12805542,-0.08194458,0.4580554,0.12805542,0.21805543,0.30805543,1.5580554,2.4780555,2.8580554,3.6080554,1.6080555,1.8280554,1.5780554,0.9780554,1.3280554,0.22805542,0.00805542,-0.46194458,0.8680554,-0.7019446,-0.54194456,-0.5119446,0.43805543,-2.2819445,-1.3219446,0.47805542,-0.6819446
-2.3519447,-2.1719446,-2.0819445,-0.9019446,-0.14194459,0.58805543,-0.91194457,-2.5019445,-1.3219446,-0.99194455,0.2680554,1.1780554,1.9680554,2.3380554,1.8080554,2.2480555,2.3280554,1.9780555,2.6180553,2.0680554,2.9680555,3.8680553,4.0180554,4.6080556,3.3180554,1.7180554,2.1880555,1.8180554,0.6280554,0.6780554,-0.66194457,-0.3919446,1.8780555,-0.54194456,-1.0119445,-1.4319446,-1.5219445,-0.24194458,-1.1219445,0.3580554,-0.8819446
-2.2719445,-2.0519445,-1.0319446,0.8680554,1.5080554,1.2580554,0.3280554,1.3480554,1.3680555,1.1080555,1.1380554,0.9880554,1.2480555,2.0680554,2.5680554,2.4280555,2.6280553,3.0380554,2.1380553,3.4180555,3.3880553,3.7880554,5.1280556,5.4380555,2.8280554,1.2380555,1.2080554,1.5080554,1.3880554,-0.22194459,-0.6219446,2.7180555,-2.4819446,-0.19194458,-1.0219445,-1.4719446,-1.4019446,0.18805543,-0.5819446,0.9280554,-0.8719446
-0.5819446,-0.11194458,1.0680554,1.3680555,1.4380554,0.4580554,1.4280554,1.2880554,1.0380554,0.95805544,1.1280555,2.6380553,3.0080554,3.8680553,3.3980553,3.0780554,3.9680555,4.3980556,4.008055,4.0980554,3.7180555,3.4380555,4.0480556,3.8680553,1.0280554,0.7380554,1.9080554,2.3180554,1.6980554,1.9880555,0.46805543,0.63805544,1.1980554,-1.7519445,-0.7119446,-1.7919446,-1.0819446,-0.99194455,-0.41194457,-0.8119446,-0.40194458
-0.17194457,1.2280555,2.2580554,2.1480553,1.1880554,1.0180554,1.3880554,0.9880554,1.9780555,0.7780554,0.9280554,2.2080555,3.3580554,3.7180555,3.9880555,3.6480553,3.2780554,4.4780555,4.5580554,4.2180552,3.3580554,3.0180554,3.7380555,2.7880554,3.4180555,3.7280555,2.8780553,1.7580554,1.8680555,1.1080555,1.0680554,1.8680555,1.1680554,-2.3519447,-1.7619445,-2.3219445,-2.2619445,-1.7119446,-2.9119446,-1.7519445,-0.7819446
1.7180554,0.8080554,2.7880554,0.8480554,1.0380554,1.4780555,1.2080554,0.5380554,1.7980554,2.6980555,1.0680554,1.2680554,2.3880553,4.1780553,3.2880554,3.8380554,4.0180554,3.8980553,3.7180555,4.5980554,4.4380555,3.4080553,4.0780554,3.4880555,2.5780554,0.5680554,-0.30194458,0.05805542,0.47805542,0.57805544,0.70805544,0.9880554,0.2680554,-1.5719446,-2.9319446,-1.7619445,-2.0219445,-2.2219446,-1.7219446,-1.1419445,-0.5819446
0.43805543,0.57805544,1.4380554,0.9380554,1.9380554,1.8380554,3.1180553,3.3680553,3.7180555,1.9980555,0.47805542,2.4680555,2.5980554,2.1380553,4.8380556,5.2280555,5.028055,4.3380556,3.1080554,2.9680555,3.3680553,3.7180555,2.6680555,2.8280554,2.1980555,-0.25194457,-0.25194457,-0.7719446,0.94805545,0.18805543,1.3980554,1.6380554,-0.28194457,-0.08194458,-2.4319446,-1.0919446,-1.7419446,-1.3719445,-1.7219446,-1.7719445,-0.73194456
