wind_kz.json
[{"header":{"discipline":0,"disciplineName":"Meteorological products","gribEdition":2,"gribLength":871,"center":7,"centerName":"US National Weather Service - NCEP(WMC)","subcenter":0,"refTime":"2023-08-21T06:00:00.000Z","significanceOfRT":1,"significanceOfRTName":"Start of forecast","productStatus":0,"productStatusName":"Operational products","productType":1,"productTypeName":"Forecast products","productDefinitionTemplate":0,"productDefinitionTemplateName":"Analysis/forecast at horizontal level/layer at a point in time","parameterCategory":0,"parameterCategoryName":"UnknownDiscipline_0_Category_0","parameterNumber":0,"parameterNumberName":"UnknownParameter_D0_C0_0","parameterUnit":"Unknown","genProcessType":2,"genProcessTypeName":"Forecast","forecastTime":180,"surface1Type":1,"surface1TypeName":"Ground or water surface","surface1Value":0.0,"surface2Type":255,"surface2TypeName":"Missing","surface2Value":0.0,"gridDefinitionTemplate":0,"gridDefinitionTemplateName":"Latitude_Longitude","numberPoints":615,"shape":6,"shapeName":"Earth spherical with radius of 6,371,229.0 m","gridUnits":"degrees","resolution":48,"winds":"true","scanMode":64,"nx":41,"ny":15,"basicAngle":0,"lo1":47.0,"la1":41.0,"lo2":87.0,"la2":55.0,"dx":1.0,"dy":1.0},"data":[297.0,286.3,288.3,299.1,298.7,297.6,296.1,296.6,295.3,296.6,295.6,296.5,297.0,298.0,298.9,298.5,296.1,297.3,294.7,297.1,298.4,295.4,293.8,294.5,298.1,298.7,293.2,280.4,280.7,280.8,281.2,283.2,290.7,299.0,300.3,301.0,300.8,303.9,302.7,300.7,300.1,277.5,287.2,299.0,298.9,298.8,297.5,292.2,291.2,292.2,294.7,297.0,297.0,293.4,291.0,293.5,295.5,292.6,294.3,292.0,293.8,293.8,295.0,294.4,288.8,281.0,279.4,290.0,281.8,281.8,276.9,282.2,273.7,284.0,269.9,279.5,297.5,296.4,299.1,302.7,294.3,284.2,288.0,298.5,299.0,299.0,297.5,291.1,290.3,289.7,288.5,289.2,290.2,292.9,293.5,294.8,292.9,292.8,292.5,298.1,294.7,290.6,292.6,293.7,293.9,290.2,291.5,292.0,295.4,294.5,291.7,284.2,280.1,280.7,283.7,286.0,286.9,289.3,281.2,281.5,283.4,279.4,278.3,287.4,299.5,299.0,298.1,294.3,288.9,289.9,287.7,287.5,287.7,288.7,289.2,295.5,294.8,294.3,290.0,295.7,295.0,299.3,298.2,295.1,292.3,293.6,294.1,291.3,296.2,296.7,295.4,295.8,294.9,296.4,296.5,301.3,299.2,295.3,291.1,281.7,280.5,286.8,296.8,298.8,289.6,298.9,299.2,298.7,295.1,289.9,289.8,289.5,289.2,287.7,287.3,286.6,295.5,294.2,291.7,294.0,293.3,296.8,291.9,296.8,296.6,293.3,291.5,292.6,292.7,293.6,293.4,294.4,294.4,295.8,300.8,296.7,288.1,278.4,286.5,296.5,296.1,301.0,301.5,302.4,302.9,288.5,286.4,297.4,298.2,298.8,298.4,287.9,287.5,286.2,286.4,288.2,289.0,293.9,294.7,292.5,290.2,292.2,294.6,294.2,294.3,293.3,293.8,293.8,290.3,290.0,290.8,291.7,293.5,297.0,299.5,296.3,298.9,298.4,293.7,291.9,292.3,290.0,292.8,297.3,300.5,299.1,288.0,287.2,288.8,289.6,291.2,286.2,287.0,287.6,286.7,287.7,288.3,289.0,289.6,290.2,290.6,291.4,290.9,295.0,295.9,293.2,292.5,292.6,293.7,293.8,290.7,289.6,292.2,294.3,295.5,295.0,297.8,297.4,297.3,298.4,296.7,293.9,289.8,287.9,285.0,283.7,295.2,286.8,285.1,288.9,287.4,288.7,287.3,288.1,286.5,287.1,287.5,287.6,287.9,287.7,289.1,289.5,290.9,291.1,292.5,292.4,291.2,291.0,290.5,290.9,291.3,292.0,288.5,286.2,289.2,288.3,293.4,294.9,294.8,294.8,292.9,290.5,294.0,294.0,289.3,292.2,292.9,291.2,288.7,287.6,287.2,283.2,286.7,287.7,287.3,286.6,287.5,287.9,288.5,287.0,286.7,288.7,288.2,289.9,289.8,289.5,290.3,289.4,286.0,285.2,287.5,288.9,289.0,287.9,287.1,286.0,284.0,286.1,289.4,292.0,291.3,294.3,291.1,289.8,289.5,290.7,280.9,280.6,277.8,286.5,285.9,283.1,282.6,283.6,285.2,286.0,285.0,285.6,284.9,286.2,284.7,286.1,287.6,288.2,288.2,289.1,290.0,289.9,288.9,286.4,286.7,287.2,287.5,287.2,286.1,287.3,285.7,285.5,286.2,287.8,291.2,292.7,293.8,291.3,288.9,287.5,286.6,281.2,284.2,282.2,285.4,281.3,284.2,283.8,283.6,284.1,286.0,286.1,284.5,284.8,283.2,282.0,286.4,283.2,283.8,286.0,285.1,287.5,287.8,287.7,288.2,288.3,284.5,285.6,284.6,285.9,284.7,288.1,288.8,289.2,290.6,294.2,292.4,292.7,289.6,287.2,284.2,281.9,281.8,282.7,282.8,280.0,281.3,283.3,283.5,282.8,280.9,280.9,281.4,283.9,282.8,281.2,280.2,282.0,281.3,281.8,285.1,282.1,282.6,286.3,285.9,286.3,283.5,287.2,283.5,284.1,284.5,287.6,287.5,289.9,290.9,292.0,290.4,291.1,288.9,289.0,287.0,288.2,286.7,286.9,286.4,286.7,282.5,278.9,283.7,283.3,283.1,283.0,280.8,281.8,281.4,279.4,280.1,279.5,282.6,282.2,280.3,280.5,281.4,283.9,283.9,281.7,285.1,282.9,284.3,282.7,282.0,282.6,286.8,287.2,287.4,288.3,289.1,288.1,288.8,288.7,287.6,286.5,285.9,287.9,287.3,286.3,286.1,282.6,283.1,287.4,282.1,281.9,282.1,282.3,282.2,278.8,280.1,276.6,275.6,280.3,279.7,279.6,280.7,281.0,280.6,281.2,281.3,284.2,285.3,286.0,285.3,284.8,283.1,282.8,284.1,284.8,284.9,287.8,286.1,286.1,287.4,285.5,285.4,285.9,284.6,284.8,285.0,285.9,279.8,283.0,290.7,280.1,282.4,281.8,281.6,281.9,282.6,283.0,281.9,280.4,276.3,276.9,278.0,279.1,279.1,279.7,279.8,279.9,284.4,285.3,285.4,285.1,285.2,285.7,285.4,281.9,283.1,282.6,283.6,284.4,285.0,283.8,282.5,283.1,288.0,285.2,285.7,286.1,285.9]},{"header":{"discipline":0,"disciplineName":"Meteorological products","gribEdition":2,"gribLength":1102,"center":7,"centerName":"US National Weather Service - NCEP(WMC)","subcenter":0,"refTime":"2023-08-21T06:00:00.000Z","significanceOfRT":1,"significanceOfRTName":"Start of forecast","productStatus":0,"productStatusName":"Operational products","productType":1,"productTypeName":"Forecast products","productDefinitionTemplate":0,"productDefinitionTemplateName":"Analysis/forecast at horizontal level/layer at a point in time","parameterCategory":2,"parameterCategoryName":"UnknownDiscipline_0_Category_2","parameterNumber":2,"parameterNumberName":"UnknownParameter_D0_C2_2","parameterUnit":"Unknown","genProcessType":2,"genProcessTypeName":"Forecast","forecastTime":180,"surface1Type":103,"surface1TypeName":"Specified height level above ground","surface1Value":10.0,"surface2Type":255,"surface2TypeName":"Missing","surface2Value":0.0,"gridDefinitionTemplate":0,"gridDefinitionTemplateName":"Latitude_Longitude","numberPoints":615,"shape":6,"shapeName":"Earth spherical with radius of 6,371,229.0 m","gridUnits":"degrees","resolution":48,"winds":"true","scanMode":64,"nx":41,"ny":15,"basicAngle":0,"lo1":47.0,"la1":41.0,"lo2":87.0,"la2":55.0,"dx":1.0,"dy":1.0},"data":[-5.634165,2.175835,0.775835,-1.534165,-0.22416504,1.685835,1.465835,4.935835,6.8458347,6.685835,6.585835,3.765835,6.775835,3.545835,2.7258348,0.32583496,2.935835,3.405835,1.7858349,-1.544165,-1.3641651,-0.35416505,0.27583495,-3.964165,0.80583495,-1.4841651,-1.014165,0.49583495,1.495835,-1.8541651,-0.75416505,0.715835,1.605835,9.695835,2.385835,-3.434165,-3.594165,-4.314165,-4.584165,-3.594165,-3.254165,1.935835,1.7558349,1.7858349,2.585835,3.9758348,3.6958349,2.865835,4.465835,7.175835,8.865835,5.175835,9.265835,1.595835,0.53583497,4.865835,3.735835,0.99583495,-3.574165,-0.74416506,-3.714165,-3.324165,-2.134165,-1.794165,-3.914165,0.655835,-0.23416504,-3.104165,2.245835,-3.5441651,-3.644165,-0.02416504,-0.09416504,-2.754165,-1.634165,1.075835,-0.044165038,-1.274165,-0.604165,0.19583496,1.6458349,-2.654165,1.2658349,1.495835,2.2058349,3.925835,5.145835,4.065835,4.265835,5.225835,7.605835,7.5758348,8.325835,8.995835,7.885835,3.255835,3.775835,5.615835,2.935835,2.375835,-1.554165,-0.89416504,-3.064165,0.23583496,-0.14416504,-2.184165,-0.80416507,-2.834165,-2.434165,0.50583494,-2.464165,0.585835,-1.324165,2.125835,0.09583496,0.28583497,-0.14416504,-0.43416503,-1.674165,0.16583496,-0.70416504,1.055835,0.045834962,0.705835,3.015835,3.985835,5.335835,3.925835,3.595835,5.985835,6.975835,5.715835,8.025835,9.915835,10.015835,13.525835,8.925835,7.225835,2.355835,5.335835,2.185835,2.135835,2.065835,-1.524165,-0.734165,-1.174165,-1.904165,-2.334165,-1.554165,-0.69416505,-0.924165,3.275835,-1.024165,2.745835,0.21583496,1.5258349,3.685835,0.63583493,-1.7241651,-1.684165,0.765835,0.74583495,-0.80416507,1.105835,1.585835,4.175835,3.4758348,4.905835,6.955835,6.555835,8.995835,8.825835,7.435835,8.025835,10.555835,11.905835,16.025835,11.425835,2.915835,0.74583495,2.255835,-0.52416503,-3.314165,-5.014165,-3.344165,-2.924165,0.48583496,0.28583497,0.18583496,-0.25416505,-2.704165,1.6658349,3.265835,-4.214165,-3.404165,-1.814165,-0.544165,0.07583496,2.185835,2.585835,1.2758349,-0.654165,-3.0341651,-3.654165,-5.134165,1.565835,-0.09416504,1.955835,4.115835,6.785835,8.945835,7.785835,8.235835,5.405835,10.355835,10.935835,12.025835,11.295835,4.985835,3.515835,-2.104165,-0.34416503,8.155835,-3.404165,-3.644165,-3.374165,-0.25416505,2.395835,2.305835,1.965835,-2.5541651,-1.824165,-1.194165,-0.25416505,-3.0541651,-3.394165,-3.344165,-0.88416505,-1.784165,0.33583495,-1.184165,-0.88416505,-4.1741652,-1.264165,-3.104165,-5.434165,0.11583496,-0.62416506,2.575835,2.535835,5.105835,5.365835,0.94583493,7.715835,9.935835,10.785835,3.165835,2.845835,-2.184165,-5.094165,-0.99416506,1.095835,4.225835,3.895835,1.345835,-4.874165,-2.374165,1.555835,2.275835,2.025835,-1.3541651,-3.604165,-1.804165,-0.30416504,0.10583496,-1.3541651,-0.45416504,-1.4841651,-0.74416506,0.42583495,-1.954165,-1.754165,-1.0841651,2.175835,-3.644165,1.825835,1.805835,-0.55416507,2.045835,2.865835,2.535835,3.795835,5.055835,6.625835,5.715835,1.475835,-0.854165,-2.5441651,-3.2741652,-5.634165,-2.124165,-6.564165,-4.144165,-3.334165,-2.124165,-1.3341651,-3.264165,0.28583497,1.4158349,0.69583493,-1.044165,-1.294165,-2.014165,-1.794165,-2.444165,0.36583495,-0.16416503,0.35583496,-1.624165,-0.55416507,0.98583496,-0.96416503,-1.2241651,0.56583494,-0.48416504,0.21583496,1.965835,-1.144165,0.62583494,0.55583495,1.315835,1.865835,3.845835,3.595835,1.235835,1.245835,1.995835,3.005835,-1.794165,-4.884165,-3.864165,-2.114165,-1.754165,-2.134165,-6.034165,-5.724165,1.2558349,-3.264165,-2.484165,-0.56416506,-2.644165,-3.5341651,-2.5341651,-2.484165,-1.4741651,-4.004165,-1.004165,-1.3341651,-0.42416504,-1.784165,-1.2141651,-2.114165,0.36583495,-0.49416503,0.87583494,-1.684165,-1.6041651,0.11583496,-1.764165,-1.684165,0.40583497,1.445835,2.2158349,1.735835,1.975835,1.7858349,-0.26416504,-1.3341651,-0.03416504,-2.494165,-4.844165,-3.754165,-3.0241652,-5.364165,-5.074165,-3.374165,-1.874165,1.625835,-2.634165,-1.934165,-2.064165,-1.934165,-4.394165,-4.714165,-2.984165,-2.394165,-2.5341651,-4.284165,-0.26416504,3.4658349,2.495835,-4.244165,-3.174165,-1.9941651,-0.594165,-1.254165,-0.75416505,-2.184165,-0.63416505,-0.904165,-0.46416503,1.5358349,0.78583497,1.695835,1.7858349,1.5258349,2.055835,0.85583496,-1.0841651,-1.504165,-1.674165,-1.954165,-3.374165,-3.464165,-2.934165,-2.874165,-3.254165,-3.514165,-3.004165,-3.084165,-1.7241651,-2.654165,-1.664165,-4.214165,-3.5241652,-3.7741652,-3.3041651,0.72583497,-0.55416507,2.635835,6.185835,-3.474165,-4.024165,-4.814165,-2.114165,-1.7441651,-1.204165,-1.1141651,-0.96416503,-0.14416504,-1.1041651,-0.004165039,1.225835,1.695835,1.745835,1.715835,1.435835,1.715835,1.225835,-0.28416502,-0.44416505,-1.324165,-0.75416505,-1.4841651,-2.2841651,-1.2241651,-2.144165,-0.95416504,-1.9641651,-1.634165,-2.154165,-1.2241651,-2.224165,-3.5541651,-2.364165,-2.084165,-2.384165,-1.874165,-0.44416505,-2.064165,2.095835,5.565835,-4.984165,-4.014165,-4.934165,-2.714165,-1.884165,-3.964165,-1.554165,-1.184165,-0.724165,-0.76416504,1.605835,2.065835,2.245835,1.215835,1.7558349,1.825835,1.615835,0.98583496,-0.14416504,0.05583496,-0.21416503,0.62583494,0.17583495,1.585835,1.945835,1.1458349,0.69583493,1.295835,1.5258349,0.36583495,-0.45416504,-1.254165,-0.904165,0.015834961,0.79583496,-1.394165,0.045834962,-1.684165,-0.46416503,-0.61416507,-2.684165,-3.164165,-4.484165,-4.024165,-3.464165,-2.714165,-0.044165038,-2.464165,-2.744165,-1.414165,-1.2241651,2.095835,1.925835,2.655835,2.365835,1.855835,1.6658349,1.815835,1.875835,1.595835,1.205835,-0.18416505,0.94583493,0.72583497,-0.75416505,1.1358349,2.175835,2.375835,1.975835,1.195835,1.565835,0.85583496,0.81583494,0.97583497,0.46583498,0.92583495,-0.604165,-0.27416503,-0.28416502,-0.94416505,-0.39416504,-2.944165,-3.224165,-3.394165,-3.334165,-2.764165,-2.214165,-1.184165,0.845835,-1.9741651,-0.63416505,-1.4741651,0.715835,1.4058349,2.325835,0.66583496,0.80583495,1.365835,1.695835,1.825835,1.925835,2.7158349,0.98583496,1.1658349,1.475835,1.625835,3.125835,3.055835,3.165835,3.145835,2.005835,2.115835,1.485835,1.6358349,0.60583496,0.62583494,0.21583496,0.72583497,1.125835,0.45583495,1.325835,0.72583497,1.585835,-2.2841651,-2.354165,-2.834165,-1.654165,-0.23416504,-0.13416503,1.605835,-1.054165,-1.8441651,-1.3341651]},{"header":{"discipline":0,"disciplineName":"Meteorological products","gribEdition":2,"gribLength":1102,"center":7,"centerName":"US National Weather Service - NCEP(WMC)","subcenter":0,"refTime":"2023-08-21T06:00:00.000Z","significanceOfRT":1,"significanceOfRTName":"Start of forecast","productStatus":0,"productStatusName":"Operational products","productType":1,"productTypeName":"Forecast products","productDefinitionTemplate":0,"productDefinitionTemplateName":"Analysis/forecast at horizontal level/layer at a point in time","parameterCategory":2,"parameterCategoryName":"UnknownDiscipline_0_Category_2","parameterNumber":3,"parameterNumberName":"UnknownParameter_D0_C2_3","parameterUnit":"Unknown","genProcessType":2,"genProcessTypeName":"Forecast","forecastTime":180,"surface1Type":103,"surface1TypeName":"Specified height level above ground","surface1Value":10.0,"surface2Type":255,"surface2TypeName":"Missing","surface2Value":0.0,"gridDefinitionTemplate":0,"gridDefinitionTemplateName":"Latitude_Longitude","numberPoints":615,"shape":6,"shapeName":"Earth spherical with radius of 6,371,229.0 m","gridUnits":"degrees","resolution":48,"winds":"true","scanMode":64,"nx":41,"ny":15,"basicAngle":0,"lo1":47.0,"la1":41.0,"lo2":87.0,"la2":55.0,"dx":1.0,"dy":1.0},"data":[9.697263,1.2672632,-1.7927368,-7.292737,-8.8127365,-9.072737,-7.2327366,-7.622737,-5.6527367,-4.852737,-4.562737,-2.4827368,-3.0727367,-0.33273682,-2.122737,-3.3027368,-1.5727369,1.0872632,0.4972632,0.12726319,-3.3227367,-3.8427367,-1.2927368,-2.4827368,-3.2127368,-0.5127368,0.96726316,1.6072632,1.3272632,2.7672632,0.45726317,-0.9927368,-0.4327368,-8.802737,-2.8127367,1.7872632,1.5872632,-0.12273682,-1.0127368,-0.4427368,2.2772632,1.2672632,-0.042736817,-7.202737,-9.232737,-9.622737,-8.762737,-7.0727367,-7.062737,-5.142737,-5.7327366,-6.042737,-1.8027368,0.9972632,-3.662737,0.8672632,0.8672632,-1.7727368,-1.1227368,-0.13273682,0.90726316,-1.8027368,-3.5927367,-2.0927367,2.2072632,2.587263,1.6072632,-2.2427368,3.7072632,0.3072632,2.8872633,5.8472633,5.647263,2.4072633,1.5172632,-0.5627368,-1.0927368,-1.3727368,-2.8527367,-1.0327368,-2.5327368,1.4372631,-1.3627368,-7.2127366,-7.752737,-8.072737,-8.542737,-4.0527368,-2.5927367,-3.9327369,-5.3627367,-5.432737,-5.2327366,-2.5127368,-3.7527368,0.90726316,-3.632737,-0.042736817,3.0072632,1.3372632,0.28726318,-1.7427368,-0.97273684,-4.392737,-3.632737,-0.18273681,-0.5127368,-0.19273682,-0.65273684,0.6272632,0.7272632,4.027263,4.817263,1.6772631,2.7972631,-2.3027368,0.17726319,3.1872633,6.0172634,-0.052736815,0.44726318,-0.96273685,1.4372631,-3.0427368,-9.782737,-9.972736,-9.322737,-7.4827366,-7.812737,-7.082737,-2.382737,-2.8327367,-2.372737,-4.282737,-1.9727368,-0.66273683,3.1672633,6.4472632,-1.1827369,4.227263,3.5072632,4.2672634,-0.22273682,2.337263,0.5572632,-0.35273683,-1.6127368,-2.0527368,-0.8027368,-2.3627367,-0.11273681,-2.3527367,-1.3227369,-0.24273682,1.5172632,-2.0227368,3.4572632,-0.46273682,-3.1127367,-1.8127369,2.0672631,4.227263,1.4772632,1.1872631,-3.2827368,-9.382737,-10.182736,-11.032737,-10.832737,-8.212737,-7.932737,-5.9427366,-4.242737,-1.1627368,-2.2827368,-3.2627368,2.4872632,6.0372634,5.317263,3.597263,-4.832737,5.967263,4.047263,3.5172632,0.8072632,-0.24273682,2.1372633,0.5572632,-2.152737,-2.162737,0.14726318,-3.3127367,-3.902737,-1.0827368,-2.7627368,-2.132737,2.8172631,2.7972631,-1.0927368,-2.4727368,0.4072632,-2.2427368,-1.8927368,-1.5327368,-3.2827368,-3.8227367,-4.312737,-8.552737,-10.862737,-12.5627365,-12.802737,-9.382737,-6.3827367,-5.6127367,-3.8127367,-2.662737,-1.3227369,4.377263,5.217263,8.4372635,5.5172634,2.607263,0.71726316,3.2272632,3.5372632,0.8172632,1.1872631,-0.3827368,-0.09273682,2.2672632,1.4172632,-0.90273684,-1.5927368,-7.4227366,-0.9427368,-2.8627367,-3.0127368,-2.9927368,-2.2627368,1.8672632,-0.20273681,4.0572634,2.9772632,1.4872632,-1.1927369,-3.3527367,-3.7627368,-5.5527368,-6.4827366,-8.032737,-8.002737,-8.052737,-6.8227367,-7.7127366,-6.242737,-3.632737,-1.5627369,3.7772632,3.4372633,-1.5027368,1.0472631,7.567263,8.087263,3.4972632,2.847263,3.2972631,1.5572631,-0.48273683,-0.84273684,0.42726317,2.597263,2.9172633,1.3372632,-0.3827368,-1.9627368,-3.9327369,-1.1127368,-2.2127368,-3.5927367,-4.992737,-0.11273681,-0.7927368,-1.4127368,0.21726318,0.6372632,-0.072736815,-1.1627368,-2.1927369,-2.922737,-6.602737,-6.9227366,-8.552737,-9.652737,-9.772737,-2.2927368,-7.532737,-8.192737,-7.312737,1.4972632,0.4672632,-2.8627367,-2.5927367,-2.7527368,2.1572633,2.5072632,-2.0427368,3.617263,2.377263,1.6972632,-1.7127368,0.6272632,4.757263,3.1772633,3.337263,0.7972632,1.0472631,-3.7127368,0.9272632,0.8872632,-3.3527367,-3.162737,-0.3127368,2.4572632,0.08726318,-0.5627368,1.3872632,-0.46273682,-2.2527368,-4.042737,-6.102737,-7.0927367,-6.0727367,-8.212737,-8.722736,-9.302737,-6.3427367,-4.3627367,-5.6927366,-1.8227369,-0.78273684,-0.4327368,1.5872632,1.3472632,3.7772632,1.8072631,1.6672632,-2.652737,-0.6827368,1.5272632,-0.9327368,-1.9127368,-3.2927368,6.227263,5.0772634,1.8872632,2.5672631,0.32726318,1.5872632,-1.5527368,1.9472632,2.4672632,-1.4227368,-1.9027368,0.6972632,-1.4127368,1.4272631,2.0172632,1.3472632,-0.85273683,-3.652737,-6.332737,-4.832737,-5.9427366,-6.772737,-8.332737,-8.922737,-4.412737,-5.102737,-5.432737,-4.1127367,-4.142737,-3.3027368,-2.0427368,-1.9027368,-2.872737,1.7872632,5.067263,1.5972632,-1.8227369,-0.8927368,-1.5427368,-2.0627367,0.7372632,-2.2527368,2.7972631,2.0172632,2.377263,2.627263,-1.7427368,-1.6927369,-0.9227368,2.0572631,-1.2827368,-0.7327368,-0.9227368,0.047263183,-2.4327369,-0.33273682,4.1172633,3.107263,-4.8827367,-3.892737,-5.4627366,-6.952737,-6.7327366,-7.312737,-8.132737,-5.3427367,-3.2427368,-5.032737,-4.062737,-1.8327368,-3.1927369,-0.9227368,-0.9327368,-1.0627369,-1.4727368,-2.0727367,-1.8327368,-0.72273684,-1.9327369,-0.4727368,0.65726316,0.9172632,-0.33273682,0.037263185,-0.20273681,4.477263,3.4572632,2.617263,-2.392737,-0.32273683,-0.9527368,-0.6827368,-1.5127368,-0.72273684,-0.8727368,1.7872632,0.5772632,0.4972632,0.24726318,-2.662737,-3.5127368,-4.042737,-4.872737,-5.752737,-5.6727366,-6.062737,-4.6127367,-3.4327369,-2.0627367,-2.1127367,-2.7527368,-2.622737,-1.9127368,-2.6827369,-1.1827369,1.5572631,0.42726317,-0.0027368164,-1.3827368,1.1872631,-0.96273685,-0.072736815,-0.29273683,-0.6227368,-1.1327368,-1.2127368,-0.4327368,2.2372632,8.007263,0.32726318,1.9972632,-0.48273683,-1.1827369,-1.7827368,-2.2927368,-0.11273681,1.0772632,1.4272631,1.1772631,0.41726318,-1.4527369,-1.4927368,-3.1927369,-3.4727368,-3.5427368,-3.0027368,-3.8227367,-3.912737,-3.622737,-2.8427367,-1.6727368,-1.1327368,-1.6727368,1.0772632,0.7272632,-0.3827368,-0.9427368,-0.60273683,0.5172632,1.6672632,1.4472632,1.5672631,0.59726316,0.6672632,0.6672632,-0.2827368,-2.0927367,-2.652737,-3.4527369,-1.5427368,2.7872632,1.2772632,1.5372632,-0.27273682,-0.6827368,-2.4527369,-2.2627368,-0.36273682,0.3372632,-0.3727368,-0.17273682,-2.3027368,-3.0827367,-5.242737,-1.6027368,-3.7827368,-3.3527367,-3.1827369,-2.5227368,-1.3827368,-2.5827367,-0.46273682,-0.6327368,-0.97273684,-1.9327369,-1.5327368,1.2072632,1.5872632,1.6772631,2.4672632,2.337263,2.6572633,2.9672632,2.9072633,2.4272633,2.1472633,0.9172632,-0.5527368,-1.0427368,-0.85273683,-2.0527368,2.2072632,2.0372632,1.5072632,1.1272632,-0.53273684,-2.2927368,-2.652737,-0.49273682,0.5672632,0.5172632,-0.7627368,-1.4827368,-2.6027367,-6.472737,-2.6927369,-2.4627368,-3.172737,-3.8527367,-3.3627367,-3.2227368,-1.1027368,-0.22273682,1.1772631,1.3272632,-0.11273681,-0.012736816,-0.032736816,0.037263185,1.5072632,2.597263,1.9472632,2.587263,3.837263,3.5472631,3.127263,3.2772632,2.607263,1.4272631,1.6172632,1.7472632,-0.3727368,2.6972632,3.5072632,2.9372633,1.6072632,0.09726319,0.107263185,-0.8127368,2.3972633,2.9972632,2.367263,-0.27273682]}]