wind.json
{"header": {"discipline":0,"disciplineName":"Meteorological products","gribEdition":2,"gribLength":1211,"center":7,"centerName":"US National Weather Service - NCEP(WMC)","subcenter":0,"refTime":"2023-07-02T00:00:00.000Z","significanceOfRT":1,"significanceOfRTName":"Start of forecast","productStatus":0,"productStatusName":"Operational products","productType":1,"productTypeName":"Forecast products","productDefinitionTemplate":0,"productDefinitionTemplateName":"Analysis/forecast at horizontal level/layer at a point in time","parameterCategory":2,"parameterCategoryName":"UnknownDiscipline_0_Category_2","parameterNumber":3,"parameterNumberName":"UnknownParameter_D0_C2_3","parameterUnit":"Unknown","genProcessType":2,"genProcessTypeName":"Forecast","forecastTime":300,"surface1Type":103,"surface1TypeName":"Specified height level above ground","surface1Value":10.0,"surface2Type":255,"surface2TypeName":"Missing","surface2Value":0.0,"gridDefinitionTemplate":0,"gridDefinitionTemplateName":"Latitude_Longitude","numberPoints":688,"shape":6,"shapeName":"Earth spherical with radius of 6,371,229.0 m","gridUnits":"degrees","resolution":48,"winds":"true","scanMode":64,"nx":43,"ny":16,"basicAngle":0,"lo1":45.0,"la1":40.0,"lo2":87.0,"la2":55.0,"dx":1.0,"dy":1.0}, "data":
[rows 0 to 15 of 16, columns 0 to 42 of 43]
1.5000855,-1.5999146,-0.40991455,0.85008544,0.41008544,-1.2799145,-2.7999146,-2.6199145,-1.1999146,-0.23991455,-0.06991455,-1.2699145,-2.5099146,-2.0099146,-3.1799145,-4.6499147,-5.3699145,-6.0899143,-7.0399146,-6.6799145,-8.929914,-7.9499145,-4.9799147,-5.4899144,-3.7899146,-1.4199146,-3.2499146,-2.9299145,-3.7199144,-3.4199145,-2.8099146,-10.419914,-12.349915,-11.479915,-6.5999146,-0.31991455,-0.01991455,-4.0199146,-6.0099144,-1.7399145,1.7200855,0.04008545,-1.3499146
-1.6599145,0.42008546,1.3400855,3.3100855,4.2400856,-0.6399146,-3.0099146,-5.8099146,-3.1699145,-0.8799145,-1.0899146,-1.3499146,-2.0899146,-3.1499145,-3.1999145,-4.1199145,-5.2999144,-5.5499144,-5.6199145,-6.2999144,-6.3999147,-6.109915,-5.8999147,-4.5999146,-4.359915,-0.29991454,5.2500854,4.9400854,3.0700855,3.7000854,-1.5899146,-4.8299146,-4.9299145,-2.6699145,-3.5399146,-5.5699143,-1.9699146,-1.7499145,-7.2099147,-1.8399146,-2.0499146,2.4000854,2.7100854
0.51008546,1.9900855,-1.8699145,-0.97991455,1.3500855,1.3800855,-3.5699146,-5.0699143,-1.0099145,-0.84991455,-1.8399146,-2.3199146,1.1700854,-3.7699146,-3.3099146,-6.2399144,-6.3199143,-6.4399147,-6.3399143,-6.109915,-6.7999144,-6.2699146,-5.7999144,-5.0399146,-4.9199147,-2.5199146,1.4100854,2.3800855,1.6400855,1.0200855,0.46008545,-1.9999145,-2.7699146,-3.3499146,1.1800854,-2.6399145,-2.4199145,-7.5699143,-7.1299148,-5.0099144,-3.2299147,3.3500855,-0.8199146
-0.20991455,-0.98991454,-2.0299146,1.7800854,1.1600854,1.3700855,0.95008546,1.0700854,0.08008545,-0.71991456,0.30008546,-0.7499145,-1.6999146,-4.6999145,-5.0699143,-7.4799147,-7.4299145,-7.1399145,-7.5099144,-8.1399145,-7.7299147,-6.9799147,-6.2299147,-3.9799147,-3.0099146,-1.0399146,-4.5499144,-4.0699143,-6.2099147,-5.0199146,-4.2299147,-0.07991455,-2.0999146,-2.7799146,-2.4499145,-3.2199144,0.22008544,-1.5299145,-2.5299146,-7.1799145,-3.5099146,-0.97991455,2.4400854
-1.2899146,4.3300853,2.7600853,1.1100855,1.1000855,-0.22991455,0.37008545,0.39008546,1.0300854,0.6200855,1.1200855,0.34008545,-0.76991457,-0.7499145,-1.0499146,-3.3099146,-7.1899147,-6.4599147,-6.7899146,-7.1899147,-7.4899144,-7.7299147,-7.4499145,-4.3199143,-6.7599144,-5.0999146,-3.6799145,-3.4999146,-4.0799146,-3.1899145,-0.9499146,-2.1499145,-1.7199146,-1.6899146,-5.3399143,4.2000856,0.39008546,0.64008546,3.6800854,3.9000854,-2.0099146,-2.0999146,-6.1999145
-0.19991454,3.1200855,0.49008545,-0.45991457,-1.4199146,-4.4199147,-9.229915,0.07008545,-1.4599146,0.01008545,-0.119914554,-1.3799145,-2.6399145,3.2000854,5.5800853,1.6200855,-1.5399146,-4.1399145,-5.8799148,-5.8199143,-6.0699143,-6.5599146,-6.7399144,-5.7199144,-5.3499146,-3.3099146,-1.9399146,-2.5099146,-1.6999146,-0.89991456,-4.4499145,-4.3899145,-3.4099145,0.83008546,4.4300857,2.5600855,-2.1099145,3.0400856,-0.40991455,-5.1199145,-8.049914,-8.709914,-3.1099145
2.7700853,3.1900854,4.3800855,3.0100853,0.8700855,-0.35991454,-2.2099144,-3.7599146,-4.6599145,-1.3699145,0.06008545,-0.82991457,-3.2199144,-4.1699147,6.8000855,8.130085,4.5000854,-2.7999146,-4.6299148,-7.1799145,-8.219914,-6.3699145,-7.2699146,-9.309915,-7.4699144,-6.7999144,-5.9599147,-4.9399147,-6.4899144,-4.7399144,-2.1999145,-1.7499145,-1.9199146,1.2500855,-2.1099145,-2.7499146,-3.1899145,4.5000854,-2.2199144,-4.1799145,-7.5299144,-3.2699146,3.8700855
1.7800854,3.3700855,1.0700854,0.82008547,4.5600853,7.4400854,6.6800857,4.7200856,7.0200853,-1.5399146,-0.6299145,-0.70991457,-2.0199146,-3.1799145,-2.2599146,-2.8599145,-0.49991456,-1.2999146,-2.5699146,-4.9199147,-6.9599147,-6.8199143,-7.8299146,-7.8799148,-6.3399143,-4.3999147,-1.1599145,-2.2899146,-3.2299147,-4.5899143,-2.6299145,2.9100854,2.3600855,-0.06991455,3.1800854,-1.8299146,4.2800856,-1.1299145,-1.4699146,3.6100855,0.45008546,1.8800855,-7.6799145
3.1900854,3.5400856,4.5000854,4.4000854,3.7300854,-1.3699145,0.09008545,-4.1799145,-4.8199143,-4.9699144,-4.1799145,-4.5199146,-5.6299148,-5.6899147,-8.039914,-5.8299146,-0.009914551,0.67008543,-1.1299145,-3.3199146,-4.3499146,-3.3199146,-7.4799147,-5.1399145,-5.2899146,-3.5699146,-6.4299145,0.45008546,-4.4199147,-2.6799145,-1.5899146,0.79008543,2.4800854,4.5100856,4.5100856,5.9900856,9.720085,6.140085,4.0700855,1.1600854,-2.9799147,0.17008545,-1.8599145
-2.5799146,-0.64991456,-2.9499145,-2.4999146,-2.4899147,-3.2099144,-2.9799147,-3.7799146,-4.1399145,-4.4999146,-4.5699143,-5.4499145,-6.4299145,-7.3199143,-2.6199145,8.544922E-5,-0.5699146,-2.1099145,-2.2199144,-2.4699144,-2.9399145,-3.9099145,-3.2999146,-5.0999146,-4.1799145,-5.0999146,-5.2999144,-5.7899146,-3.1999145,-3.6599145,-5.2799144,0.70008546,-1.2099146,2.8100855,3.4900854,-2.2099144,3.0500855,0.60008544,3.4700854,2.2400854,0.60008544,-0.17991455,3.1200855
-0.91991454,-3.3299146,-4.3699145,-2.6299145,-3.5999146,-2.9999146,-2.7699146,-3.2599146,-2.7999146,-3.9799147,-4.2799144,-4.8799148,-4.7099147,-4.0499144,-1.0199145,-3.4099145,-4.359915,-2.3599145,-4.0799146,-0.70991457,-5.9199147,-3.6799145,-2.9799147,-2.9899147,-0.72991455,-4.8399143,-2.2799146,-3.8299146,-4.8799148,-5.7599144,-1.1599145,-3.0099146,-2.6599145,-1.2199146,0.40008545,-1.9699146,3.5200853,1.9600854,0.64008546,0.18008545,1.7900854,0.45008546,-1.5799146
-0.7599146,-2.3999145,-2.6999145,-1.8099146,-1.8699145,-2.7299147,-3.0799146,-3.6999145,-3.8099146,-5.7399144,-3.7499146,-6.0399146,-1.6799146,-1.8999145,-2.0599146,-3.8099146,-2.5099146,-5.4499145,-8.049914,-5.0499144,-4.4999146,-2.1699145,-3.3699145,-3.9399145,-4.2199144,-4.1899147,-3.8899145,-3.7699146,-3.9399145,-4.9399147,-4.9999146,-3.5399146,-2.6499145,-0.01991455,2.3200855,0.32008544,0.33008546,1.6200855,2.1800854,1.4800855,-0.31991455,-0.96991456,-3.1099145
0.22008544,-0.6299145,-1.6799146,-2.8699145,-2.7999146,-2.6399145,-2.3199146,-2.0799146,-1.3999145,-2.6199145,-4.2999144,-4.9999146,-3.6399145,1.3000854,-1.2699145,-3.5299146,-4.1899147,-5.2199144,-6.0399146,-3.7499146,-3.3599145,-1.8799145,-2.6299145,-1.9099145,-3.2299147,-3.3599145,-2.6299145,-4.2699146,-1.6099145,-1.8099146,-3.5499146,-5.7799144,-2.7499146,-3.8999145,-1.6699146,-4.1699147,0.40008545,1.2200855,0.84008545,-1.5599146,1.8700855,-0.27991456,-2.2999146
1.0600854,-0.6899145,-0.20991455,-4.0399146,-2.6599145,-2.2399147,-3.4899147,-1.7999146,-1.3999145,-2.7799146,-6.0999146,-3.6799145,-1.6399145,-2.3999145,-2.2099144,-1.8499146,-2.2299147,-4.4199147,-4.8199143,-3.4599144,-2.9699144,-1.9499146,-1.7599145,-2.4399145,-1.3499146,-3.4899147,-3.6099145,-5.2599144,-6.2599144,-4.6399145,-3.4599144,-3.1299145,-0.64991456,-0.76991457,-0.95991457,-1.3999145,-1.3999145,-2.4399145,-0.27991456,-0.9499146,0.57008547,-1.0999146,-1.0199145
-1.6499145,-1.1099145,-1.8199146,-1.7499145,-1.4999145,-0.9999145,-0.95991457,-1.8799145,-2.6799145,-1.3999145,-2.0699146,-2.9499145,-2.9099145,-2.9999146,-4.9899144,-4.9899144,-3.9699144,-3.3199146,-2.8999145,-4.8099146,-3.1599145,-1.9799145,-3.3099146,-1.7099146,-1.1799146,-2.5499146,-2.3799145,-4.5899143,-4.4699144,-3.2499146,-3.0899146,-1.1699146,1.1700854,1.1300855,-0.17991455,1.3600855,-0.35991454,0.90008545,2.0100853,0.97008544,-1.5499146,-1.2299145,-1.2799145
1.8900855,-2.1999145,-1.1399145,-4.0799146,-2.7799146,-3.1999145,-4.6699147,-1.9099145,-1.2999146,-3.2799146,-2.3399146,-0.41991454,-0.89991456,-2.7399147,-3.0999146,-4.4799147,-4.4899144,-0.96991456,-3.2699146,-2.8899145,-4.0699143,-1.9999145,-1.8599145,-2.7299147,-1.7899146,-0.5599145,0.36008546,0.07008545,0.17008545,-0.28991455,0.84008545,0.66008544,0.21008545,2.1900854,-0.039914552,3.0300856,3.1200855,4.0700855,2.9800854,0.8100855,0.47008544,-1.2599145,1.0300854
