wind_kz.json
{"header": {"discipline":0,"disciplineName":"Meteorological products","gribEdition":2,"gribLength":1025,"center":7,"centerName":"US National Weather Service - NCEP(WMC)","subcenter":0,"refTime":"2023-08-27T00:00:00.000Z","significanceOfRT":1,"significanceOfRTName":"Start of forecast","productStatus":0,"productStatusName":"Operational products","productType":1,"productTypeName":"Forecast products","productDefinitionTemplate":0,"productDefinitionTemplateName":"Analysis/forecast at horizontal level/layer at a point in time","parameterCategory":2,"parameterCategoryName":"UnknownDiscipline_0_Category_2","parameterNumber":2,"parameterNumberName":"UnknownParameter_D0_C2_2","parameterUnit":"Unknown","genProcessType":2,"genProcessTypeName":"Forecast","forecastTime":0,"surface1Type":103,"surface1TypeName":"Specified height level above ground","surface1Value":10.0,"surface2Type":255,"surface2TypeName":"Missing","surface2Value":0.0,"gridDefinitionTemplate":0,"gridDefinitionTemplateName":"Latitude_Longitude","numberPoints":615,"shape":6,"shapeName":"Earth spherical with radius of 6,371,229.0 m","gridUnits":"degrees","resolution":48,"winds":"true","scanMode":64,"nx":41,"ny":15,"basicAngle":0,"lo1":47.0,"la1":41.0,"lo2":87.0,"la2":55.0,"dx":1.0,"dy":1.0}, "data":
[rows 0 to 14 of 15, columns 0 to 40 of 41]
-2.542583,-0.732583,0.207417,-1.322583,1.347417,3.457417,1.427417,3.167417,1.147417,-0.312583,0.24741699,1.777417,3.577417,3.897417,3.827417,4.437417,3.677417,7.027417,2.977417,3.787417,1.397417,1.377417,2.857417,0.977417,-1.742583,-1.492583,-2.832583,-0.93258303,-0.522583,-1.582583,-0.26258302,-0.792583,2.627417,2.047417,-2.392583,-1.042583,-1.8425831,-3.032583,-3.132583,-1.972583,-1.502583
2.0974169,1.487417,1.7874169,3.187417,4.007417,-0.072583005,1.257417,0.827417,3.057417,2.257417,2.387417,3.217417,4.187417,4.247417,6.657417,3.687417,0.497417,2.357417,3.207417,3.787417,3.557417,3.327417,2.877417,1.827417,1.127417,-1.172583,0.207417,-0.762583,-1.882583,-2.142583,-0.542583,0.207417,-1.132583,-0.502583,-0.17258301,-1.2125831,-1.422583,-0.042583007,-0.35258302,1.017417,-3.432583
0.357417,1.9074169,0.067416996,1.727417,0.62741697,1.387417,2.137417,3.377417,3.067417,3.937417,4.077417,4.547417,4.407417,6.297417,5.277417,4.657417,4.277417,1.867417,3.967417,3.547417,4.647417,4.727417,2.637417,2.247417,1.757417,-0.99258304,0.847417,2.157417,-1.572583,-0.212583,-0.842583,1.377417,0.707417,0.437417,1.227417,-0.432583,-0.792583,-0.842583,-1.182583,-0.492583,1.337417
0.317417,0.957417,-1.562583,0.277417,2.687417,3.587417,3.537417,3.337417,2.967417,5.117417,5.837417,5.927417,8.097417,7.787417,7.137417,6.477417,5.257417,5.687417,0.987417,2.497417,3.017417,0.39741698,1.687417,2.117417,2.357417,0.19741699,-0.442583,-1.142583,4.917417,7.397417,2.447417,-0.29258302,1.317417,0.947417,-2.692583,-0.672583,-1.022583,1.207417,1.277417,0.967417,0.707417
-0.792583,-1.612583,-1.232583,1.1574169,2.777417,1.817417,1.847417,2.527417,2.887417,4.107417,4.117417,5.517417,6.147417,6.057417,7.287417,5.417417,4.017417,3.307417,3.297417,3.257417,-2.032583,7.467417,4.467417,2.197417,3.037417,3.647417,2.747417,3.177417,4.807417,7.967417,6.057417,-0.662583,-1.472583,-0.102583006,2.227417,1.487417,0.997417,-4.062583,-3.012583,-2.822583,-3.602583
-0.692583,-0.902583,1.987417,2.087417,3.667417,3.677417,1.567417,2.617417,3.127417,4.647417,5.297417,5.387417,6.237417,6.187417,5.567417,3.077417,4.837417,4.547417,4.007417,4.297417,4.017417,2.017417,5.597417,3.737417,2.157417,3.587417,4.337417,5.317417,7.627417,7.817417,3.157417,0.18741699,-1.502583,-1.142583,0.067416996,-2.472583,-1.492583,-4.492583,-1.452583,-5.102583,-5.092583
0.13741699,0.807417,2.397417,2.797417,2.947417,1.967417,0.967417,2.137417,3.527417,3.977417,4.207417,3.997417,4.537417,4.717417,4.717417,4.237417,6.577417,4.047417,3.237417,4.997417,5.057417,3.237417,2.537417,6.867417,1.827417,3.337417,2.087417,4.107417,-0.232583,-5.212583,2.037417,-3.492583,-1.302583,-4.462583,-2.712583,-2.812583,-1.582583,1.357417,-2.802583,0.657417,-0.212583
1.637417,0.237417,1.737417,2.497417,2.927417,2.327417,2.907417,2.667417,3.647417,3.657417,3.617417,3.587417,3.837417,3.827417,3.987417,5.317417,3.677417,5.267417,6.247417,3.807417,4.757417,3.817417,-1.792583,0.947417,1.807417,0.107416995,0.967417,-1.792583,-2.372583,-1.232583,-5.212583,-1.852583,-1.322583,-1.372583,-3.572583,-2.292583,-0.12258301,-0.732583,-3.062583,-1.992583,-2.172583
1.777417,2.937417,3.857417,2.977417,3.127417,3.307417,3.867417,3.457417,3.017417,3.077417,3.297417,3.157417,2.977417,1.777417,1.307417,1.827417,2.697417,2.327417,1.057417,0.607417,-0.212583,-2.042583,-2.172583,0.29741699,-0.62258303,-1.132583,-0.702583,-1.302583,-2.632583,-2.002583,-4.612583,-2.142583,-0.06258301,-0.632583,-1.922583,-1.792583,-0.29258302,-2.712583,-1.702583,-0.702583,-2.132583
2.827417,3.5974169,3.087417,2.667417,3.427417,2.827417,2.767417,3.0974169,2.997417,2.647417,3.087417,2.077417,0.967417,-0.702583,2.307417,1.827417,-3.282583,-0.912583,-1.052583,-2.802583,-3.882583,-2.222583,-4.952583,-3.012583,-3.232583,-1.682583,-0.022583008,-2.392583,-4.312583,-2.682583,-3.392583,0.81741697,0.887417,-0.422583,-1.632583,-2.582583,-1.852583,-0.26258302,-1.532583,-0.29258302,-1.532583
2.717417,3.207417,3.487417,3.417417,2.757417,2.767417,2.317417,2.867417,2.647417,2.687417,2.247417,2.127417,0.917417,1.337417,0.347417,-2.912583,-3.212583,-3.062583,-4.392583,-4.342583,-3.192583,-2.942583,-3.332583,-3.262583,-1.822583,-1.982583,-2.002583,-0.472583,0.207417,-0.612583,1.257417,1.717417,-3.022583,-1.122583,-1.562583,-1.3425831,-1.642583,-0.042583007,-1.162583,0.607417,-1.4625831
1.727417,3.137417,3.537417,3.417417,2.967417,2.987417,3.017417,3.157417,2.487417,1.437417,1.177417,2.657417,1.027417,0.05741699,-0.412583,-0.812583,-1.082583,-1.882583,-3.252583,-2.352583,-1.952583,-1.562583,-1.812583,-2.162583,-2.262583,-1.652583,-0.87258303,-2.072583,-3.492583,-5.202583,-4.332583,-4.042583,-2.962583,-2.362583,-1.902583,-1.522583,-0.572583,-0.642583,-0.48258302,-0.522583,-0.772583
2.627417,2.447417,2.897417,3.397417,2.957417,1.5374169,3.497417,2.267417,2.407417,1.687417,0.867417,1.4074169,1.077417,0.677417,-0.022583008,-0.17258301,-0.342583,-0.882583,-0.582583,-0.99258304,-1.062583,-0.212583,-1.052583,-1.132583,-1.122583,-0.48258302,3.247417,-0.332583,-2.852583,-3.282583,-3.632583,-3.502583,-3.392583,-3.132583,-1.692583,-2.502583,-2.562583,-1.452583,-2.462583,-1.502583,-0.392583
0.207417,1.797417,4.237417,2.887417,3.037417,2.367417,1.957417,3.187417,2.087417,2.487417,0.717417,0.56741697,1.677417,1.437417,1.0374169,0.667417,0.607417,0.807417,-0.432583,-0.572583,-0.93258303,-1.262583,-1.582583,-2.042583,-2.082583,-1.452583,0.13741699,0.22741699,-1.372583,-2.442583,-3.072583,-2.972583,-2.352583,-2.452583,-1.952583,-2.862583,-2.492583,-2.452583,-1.902583,-1.332583,-0.442583
2.167417,3.247417,2.607417,3.447417,3.587417,3.327417,2.547417,1.747417,2.687417,1.857417,0.527417,1.057417,1.087417,0.967417,2.377417,2.127417,1.857417,1.507417,0.07741699,1.017417,-1.002583,-0.582583,-1.162583,-2.632583,-2.112583,-0.93258303,-0.542583,-0.612583,1.997417,-0.102583006,-1.672583,-3.002583,-2.292583,-2.572583,-2.632583,-2.542583,-2.222583,-2.612583,-0.952583,-0.68258303,-0.62258303
