wind_kz.json
{"header": {"discipline":0,"disciplineName":"Meteorological products","gribEdition":2,"gribLength":871,"center":7,"centerName":"US National Weather Service - NCEP(WMC)","subcenter":0,"refTime":"2023-09-28T06:00:00.000Z","significanceOfRT":1,"significanceOfRTName":"Start of forecast","productStatus":0,"productStatusName":"Operational products","productType":1,"productTypeName":"Forecast products","productDefinitionTemplate":0,"productDefinitionTemplateName":"Analysis/forecast at horizontal level/layer at a point in time","parameterCategory":0,"parameterCategoryName":"UnknownDiscipline_0_Category_0","parameterNumber":0,"parameterNumberName":"UnknownParameter_D0_C0_0","parameterUnit":"Unknown","genProcessType":2,"genProcessTypeName":"Forecast","forecastTime":0,"surface1Type":1,"surface1TypeName":"Ground or water surface","surface1Value":0.0,"surface2Type":255,"surface2TypeName":"Missing","surface2Value":0.0,"gridDefinitionTemplate":0,"gridDefinitionTemplateName":"Latitude_Longitude","numberPoints":615,"shape":6,"shapeName":"Earth spherical with radius of 6,371,229.0 m","gridUnits":"degrees","resolution":48,"winds":"true","scanMode":64,"nx":41,"ny":15,"basicAngle":0,"lo1":47.0,"la1":41.0,"lo2":87.0,"la2":55.0,"dx":1.0,"dy":1.0}, "data":
[rows 0 to 14 of 15, columns 0 to 40 of 41]
302.33698,291.237,297.83698,294.93698,294.83698,293.737,304.037,309.43698,308.237,308.637,306.037,306.83698,306.537,306.93698,307.237,308.93698,309.43698,309.137,313.537,310.83698,313.037,310.537,312.237,304.637,306.83698,305.43698,302.43698,292.137,288.637,288.137,287.637,283.237,295.737,300.737,305.83698,305.637,311.237,312.737,313.237,313.83698,313.237
285.637,296.83698,294.537,294.83698,294.637,292.83698,310.237,307.93698,306.537,306.537,307.137,305.737,305.93698,306.237,309.237,309.637,311.83698,313.43698,312.137,313.137,313.93698,310.137,307.737,298.637,287.43698,286.43698,298.637,290.93698,287.83698,281.43698,291.237,278.237,292.037,267.037,289.43698,300.43698,303.33698,302.43698,308.037,300.537,284.737
298.93698,294.137,294.537,294.137,292.137,304.43698,304.33698,304.83698,305.43698,304.43698,305.037,305.737,307.737,307.637,306.037,310.93698,311.037,311.237,311.037,312.43698,312.737,312.33698,314.737,303.93698,307.537,306.737,303.237,303.43698,303.43698,292.93698,284.637,290.83698,294.537,295.93698,295.737,294.137,291.137,291.93698,293.237,284.43698,278.137
302.037,293.737,294.43698,293.43698,295.137,303.43698,302.83698,303.93698,304.137,304.237,304.83698,296.43698,291.737,291.137,305.737,308.93698,306.137,309.637,309.637,311.33698,308.637,311.537,308.637,309.237,311.33698,307.93698,308.637,305.83698,304.537,306.33698,303.43698,302.037,304.43698,307.83698,311.33698,302.33698,287.83698,274.137,293.33698,299.83698,299.637
300.93698,293.037,293.637,292.637,296.737,302.237,302.637,303.237,300.537,301.037,303.037,303.93698,290.737,289.537,288.137,305.537,304.93698,303.137,305.237,303.93698,306.93698,308.637,310.33698,310.33698,311.33698,311.037,310.537,303.93698,313.33698,310.137,307.537,307.737,293.237,279.43698,295.237,301.737,299.33698,304.43698,303.637,302.037,299.83698
301.43698,302.43698,291.93698,292.83698,293.037,292.637,301.737,298.537,297.737,299.137,298.93698,300.43698,292.237,290.43698,298.737,302.83698,300.43698,302.83698,302.33698,303.93698,306.137,305.83698,307.33698,308.93698,308.137,309.93698,309.93698,289.93698,306.43698,305.33698,307.637,304.93698,305.137,303.537,299.93698,295.93698,296.637,296.93698,305.83698,302.537,299.33698
302.737,299.33698,294.33698,301.637,299.43698,301.637,300.93698,298.83698,298.237,297.737,297.83698,297.33698,298.43698,297.93698,299.237,298.037,299.737,299.637,300.537,298.637,300.637,302.637,302.737,300.737,296.637,296.637,307.33698,308.537,307.237,304.93698,306.237,304.83698,303.33698,299.637,298.037,298.33698,295.33698,292.93698,288.93698,286.637,293.237
301.83698,299.93698,302.237,300.037,299.43698,299.237,299.43698,298.33698,297.43698,296.737,297.83698,296.83698,297.537,295.237,293.93698,297.83698,297.237,296.737,297.93698,297.037,296.037,298.33698,299.237,299.037,299.137,299.43698,298.537,299.93698,300.037,300.93698,297.537,298.137,291.637,294.93698,296.737,297.137,295.43698,286.83698,293.237,292.83698,292.93698
302.637,300.737,299.537,298.737,297.237,297.737,298.237,297.537,296.93698,296.537,295.137,295.93698,292.43698,291.43698,292.637,296.83698,295.83698,293.83698,292.33698,293.537,293.43698,295.137,296.137,296.537,295.33698,295.537,294.237,295.137,295.43698,294.43698,296.33698,295.537,295.93698,290.537,292.637,290.637,291.33698,291.33698,275.33698,274.637,273.737
299.037,298.037,297.43698,296.737,296.137,296.83698,297.237,296.737,295.737,296.037,295.737,292.43698,290.43698,287.637,296.83698,294.93698,296.037,296.737,295.237,295.83698,295.33698,294.637,291.737,295.83698,297.037,295.137,295.037,293.93698,286.237,286.237,292.33698,288.83698,294.33698,292.33698,293.037,292.537,287.737,285.537,283.737,280.137,276.43698
295.737,295.93698,295.237,294.93698,294.93698,294.83698,295.137,295.537,295.33698,295.237,294.137,294.037,294.537,293.637,288.637,288.537,295.137,295.33698,295.637,294.237,294.737,294.33698,293.737,294.93698,294.137,295.537,290.537,292.637,286.537,286.537,287.037,290.33698,293.93698,293.33698,287.037,289.137,285.93698,285.237,286.737,285.33698,284.537
293.33698,293.537,294.137,294.037,293.737,293.33698,292.83698,293.237,293.83698,293.737,291.537,291.43698,292.43698,291.137,291.537,293.83698,290.737,293.237,292.037,292.93698,291.737,290.93698,290.93698,291.037,291.037,293.137,293.43698,294.33698,293.737,290.037,293.037,288.137,291.83698,289.637,289.537,288.037,290.93698,292.93698,292.737,290.83698,288.037
288.93698,291.137,292.237,292.93698,291.537,291.037,292.037,293.137,292.83698,290.83698,287.637,287.83698,290.237,286.637,288.737,287.037,289.237,287.537,290.537,291.137,291.93698,290.737,290.037,289.43698,290.637,291.737,292.93698,292.43698,291.637,291.43698,289.137,287.33698,282.637,286.537,287.037,287.93698,285.93698,287.83698,287.33698,286.237,285.83698
290.237,290.43698,288.537,291.037,290.83698,291.037,290.237,289.137,290.137,290.43698,286.137,284.237,284.637,284.737,285.43698,289.43698,290.737,288.637,287.037,285.43698,285.43698,286.037,289.137,291.93698,292.037,293.83698,292.037,287.637,288.137,289.43698,290.737,291.43698,283.93698,285.137,284.33698,280.037,279.33698,280.33698,286.537,285.33698,287.637
289.237,290.33698,286.237,290.83698,291.037,291.037,290.537,290.83698,291.43698,287.737,286.537,285.237,283.43698,285.237,284.33698,285.137,287.33698,291.137,289.537,285.637,287.037,287.037,290.737,289.93698,284.33698,286.43698,284.637,288.43698,288.737,287.537,288.43698,286.93698,288.737,285.137,281.43698,280.237,282.037,285.237,288.43698,287.43698,285.93698
