wind_kz.json
{"header": {"discipline":0,"disciplineName":"Meteorological products","gribEdition":2,"gribLength":871,"center":7,"centerName":"US National Weather Service - NCEP(WMC)","subcenter":0,"refTime":"2024-04-09T00:00:00.000Z","significanceOfRT":1,"significanceOfRTName":"Start of forecast","productStatus":0,"productStatusName":"Operational products","productType":1,"productTypeName":"Forecast products","productDefinitionTemplate":0,"productDefinitionTemplateName":"Analysis/forecast at horizontal level/layer at a point in time","parameterCategory":0,"parameterCategoryName":"UnknownDiscipline_0_Category_0","parameterNumber":0,"parameterNumberName":"UnknownParameter_D0_C0_0","parameterUnit":"Unknown","genProcessType":2,"genProcessTypeName":"Forecast","forecastTime":0,"surface1Type":1,"surface1TypeName":"Ground or water surface","surface1Value":0.0,"surface2Type":255,"surface2TypeName":"Missing","surface2Value":0.0,"gridDefinitionTemplate":0,"gridDefinitionTemplateName":"Latitude_Longitude","numberPoints":615,"shape":6,"shapeName":"Earth spherical with radius of 6,371,229.0 m","gridUnits":"degrees","resolution":48,"winds":"true","scanMode":64,"nx":41,"ny":15,"basicAngle":0,"lo1":47.0,"la1":41.0,"lo2":87.0,"la2":55.0,"dx":1.0,"dy":1.0}, "data":
[rows 0 to 14 of 15, columns 0 to 40 of 41]
283.0852,276.9852,278.6852,281.3852,282.3852,283.5852,286.4852,289.3852,286.28522,288.5852,286.6852,285.9852,285.5852,285.78522,285.9852,284.9852,286.1852,287.8852,289.28522,287.4852,287.8852,286.6852,286.4852,283.0852,284.8852,286.6852,281.4852,264.5852,263.28522,266.8852,260.3852,261.4852,275.5852,280.4852,281.3852,282.0852,280.8852,282.1852,282.78522,282.8852,283.1852
266.28522,278.9852,281.4852,281.4852,282.1852,282.5852,284.8852,283.8852,283.1852,282.6852,282.8852,283.1852,283.3852,282.8852,283.6852,283.3852,284.3852,285.6852,285.3852,287.0852,286.0852,285.6852,283.28522,274.8852,260.28522,260.28522,276.8852,263.1852,272.0852,258.78522,265.1852,250.9852,265.4852,245.0852,254.2852,278.28522,277.1852,279.4852,282.28522,275.8852,279.1852
281.3852,281.3852,281.5852,281.78522,281.8852,284.3852,283.9852,282.78522,282.1852,282.1852,281.6852,282.4852,282.28522,281.28522,281.8852,282.8852,282.6852,282.4852,282.8852,284.4852,287.5852,286.78522,285.28522,280.9852,283.4852,282.5852,281.1852,281.9852,280.28522,272.78522,264.28522,265.0852,270.3852,271.78522,273.5852,273.5852,261.3852,270.0852,268.6852,263.9852,258.9852
281.0852,282.28522,281.6852,281.78522,282.0852,282.1852,282.5852,281.9852,282.5852,282.28522,281.8852,281.5852,284.9852,285.5852,282.1852,282.1852,281.28522,282.1852,282.9852,283.6852,282.78522,280.8852,285.4852,284.8852,285.8852,285.5852,285.5852,284.3852,282.78522,282.9852,282.4852,281.5852,282.9852,282.8852,280.9852,278.4852,266.4852,258.1852,270.9852,278.8852,281.78522
281.3852,282.5852,281.78522,282.1852,281.4852,280.8852,281.3852,282.1852,281.9852,281.8852,281.5852,280.8852,283.8852,283.78522,282.28522,280.9852,280.9852,280.9852,281.3852,281.1852,281.28522,282.28522,282.8852,284.6852,284.6852,285.0852,283.8852,282.78522,285.4852,286.28522,286.78522,286.6852,273.28522,258.9852,274.1852,282.4852,280.5852,285.1852,283.8852,284.6852,282.6852
282.4852,281.6852,282.1852,281.0852,279.6852,280.28522,281.3852,282.78522,281.1852,281.6852,281.9852,281.3852,282.5852,283.0852,275.0852,280.3852,281.3852,281.28522,282.1852,281.8852,280.1852,279.9852,279.8852,279.5852,281.4852,281.9852,283.6852,271.78522,283.9852,285.5852,286.1852,286.8852,285.28522,284.5852,282.6852,282.3852,276.28522,275.4852,280.3852,283.0852,281.78522
283.28522,282.6852,283.6852,283.0852,281.1852,281.78522,282.6852,282.4852,282.3852,281.5852,280.28522,279.6852,278.3852,277.78522,278.28522,279.5852,279.5852,280.78522,280.3852,279.28522,278.9852,279.4852,278.8852,278.1852,276.8852,277.9852,279.6852,282.1852,282.0852,283.1852,283.6852,285.0852,285.4852,285.28522,283.0852,283.78522,277.8852,275.9852,272.28522,270.78522,279.3852
283.5852,282.78522,283.6852,283.6852,283.6852,282.9852,282.28522,281.5852,280.6852,279.78522,279.6852,278.1852,277.8852,277.4852,277.5852,277.8852,278.5852,278.3852,278.28522,279.1852,277.4852,277.5852,278.0852,277.4852,275.6852,273.28522,274.0852,277.28522,278.3852,280.1852,280.3852,281.78522,282.6852,280.6852,280.6852,280.6852,281.78522,273.0852,282.6852,281.9852,277.3852
283.0852,282.78522,283.6852,282.9852,283.4852,282.5852,281.28522,279.6852,278.78522,278.1852,279.78522,279.1852,275.8852,276.6852,275.9852,275.6852,276.4852,277.78522,279.9852,279.4852,277.8852,278.5852,278.9852,276.78522,274.4852,274.78522,272.78522,273.9852,275.5852,275.0852,276.3852,278.6852,282.1852,281.5852,280.6852,276.8852,273.9852,274.8852,268.8852,266.6852,263.78522
282.3852,282.0852,281.8852,281.4852,281.78522,281.3852,279.78522,278.9852,279.8852,280.4852,279.0852,277.0852,275.5852,276.5852,274.28522,275.1852,276.6852,279.8852,280.5852,280.0852,279.4852,278.8852,278.78522,278.1852,276.4852,274.28522,275.3852,276.1852,276.6852,277.1852,278.1852,279.8852,282.1852,282.3852,280.8852,279.9852,276.1852,273.1852,273.0852,270.28522,264.4852
282.3852,282.0852,281.3852,280.8852,281.0852,280.4852,280.8852,281.0852,280.8852,280.0852,278.8852,277.3852,276.1852,274.8852,275.3852,276.3852,275.6852,279.28522,278.9852,277.4852,277.8852,278.6852,277.78522,277.6852,277.9852,278.0852,276.9852,277.8852,277.3852,279.6852,280.5852,283.0852,283.3852,282.0852,282.8852,280.28522,275.4852,272.1852,273.9852,272.0852,269.6852
281.3852,282.6852,281.9852,281.0852,280.5852,279.6852,279.78522,279.5852,280.1852,278.1852,273.6852,274.8852,275.3852,274.4852,274.6852,275.6852,276.28522,276.4852,275.4852,276.4852,274.9852,273.5852,274.28522,275.3852,276.78522,278.6852,278.9852,280.78522,280.8852,279.28522,279.6852,280.8852,282.3852,281.28522,280.3852,281.3852,281.5852,279.9852,278.6852,277.5852,275.0852
280.6852,281.78522,281.8852,280.78522,280.28522,280.0852,279.8852,276.4852,273.9852,275.0852,274.28522,274.1852,276.3852,274.5852,274.6852,274.1852,274.78522,274.28522,273.5852,273.28522,273.28522,274.3852,275.78522,275.9852,277.28522,277.4852,278.6852,277.4852,277.9852,279.3852,279.28522,279.6852,280.8852,280.6852,279.9852,277.5852,278.1852,277.78522,277.0852,275.78522,273.4852
279.9852,279.8852,277.1852,280.78522,280.4852,280.1852,279.3852,278.0852,279.5852,277.6852,275.9852,275.1852,273.8852,274.6852,274.5852,274.0852,274.0852,273.28522,273.4852,273.1852,272.8852,275.1852,275.9852,276.1852,276.6852,275.8852,274.78522,275.5852,274.3852,274.9852,278.8852,279.4852,279.8852,279.0852,278.4852,274.78522,273.4852,271.9852,273.6852,275.28522,277.1852
279.4852,278.5852,273.1852,275.6852,276.8852,276.6852,277.1852,278.8852,279.1852,278.9852,277.4852,275.28522,275.78522,274.28522,273.8852,274.3852,273.0852,271.6852,272.4852,271.6852,272.3852,273.6852,274.1852,273.78522,273.8852,273.8852,273.78522,273.5852,273.78522,274.4852,275.1852,274.0852,275.3852,274.9852,274.9852,274.5852,274.1852,273.3852,275.1852,273.6852,277.0852
