wind_kz.json
{"header": {"discipline":0,"disciplineName":"Meteorological products","gribEdition":2,"gribLength":948,"center":7,"centerName":"US National Weather Service - NCEP(WMC)","subcenter":0,"refTime":"2023-09-19T12:00:00.000Z","significanceOfRT":1,"significanceOfRTName":"Start of forecast","productStatus":0,"productStatusName":"Operational products","productType":1,"productTypeName":"Forecast products","productDefinitionTemplate":0,"productDefinitionTemplateName":"Analysis/forecast at horizontal level/layer at a point in time","parameterCategory":0,"parameterCategoryName":"UnknownDiscipline_0_Category_0","parameterNumber":0,"parameterNumberName":"UnknownParameter_D0_C0_0","parameterUnit":"Unknown","genProcessType":2,"genProcessTypeName":"Forecast","forecastTime":240,"surface1Type":1,"surface1TypeName":"Ground or water surface","surface1Value":0.0,"surface2Type":255,"surface2TypeName":"Missing","surface2Value":0.0,"gridDefinitionTemplate":0,"gridDefinitionTemplateName":"Latitude_Longitude","numberPoints":615,"shape":6,"shapeName":"Earth spherical with radius of 6,371,229.0 m","gridUnits":"degrees","resolution":48,"winds":"true","scanMode":64,"nx":41,"ny":15,"basicAngle":0,"lo1":47.0,"la1":41.0,"lo2":87.0,"la2":55.0,"dx":1.0,"dy":1.0}, "data":
[rows 0 to 14 of 15, columns 0 to 40 of 41]
304.72943,292.3294,300.9294,293.72943,294.3294,294.3294,302.8294,311.4294,307.9294,307.9294,305.52942,304.62943,303.22943,303.22943,302.9294,302.12943,301.9294,301.8294,302.72943,302.22943,303.8294,299.52942,300.22943,295.22943,297.72943,299.02942,294.9294,283.3294,281.72943,281.12943,279.12943,273.02942,287.4294,292.9294,295.4294,294.12943,294.4294,294.02942,293.62943,292.52942,292.12943
284.9294,299.8294,293.3294,293.62943,293.52942,292.3294,311.02942,308.3294,306.72943,305.52942,305.4294,304.8294,304.72943,302.62943,302.4294,302.12943,301.8294,302.22943,300.9294,301.52942,301.22943,300.4294,298.12943,289.22943,280.52942,281.02942,288.52942,283.12943,283.8294,277.52942,281.9294,272.4294,281.8294,257.02942,275.4294,290.8294,290.02942,291.72943,294.22943,287.4294,283.9294
304.9294,292.4294,293.72943,293.4294,291.72943,305.62943,306.4294,306.4294,305.72943,304.22943,303.12943,303.3294,303.3294,303.12943,302.8294,301.62943,301.02942,300.52942,300.52942,300.62943,301.62943,300.72943,299.8294,293.72943,296.62943,294.9294,295.9294,295.02942,293.52942,283.9294,273.9294,276.62943,282.72943,283.4294,285.12943,282.72943,268.9294,277.3294,279.3294,272.22943,265.62943
302.52942,292.22943,293.62943,292.52942,295.02942,305.9294,305.12943,304.72943,305.62943,304.72943,303.4294,301.9294,292.12943,291.12943,299.9294,302.4294,301.4294,300.8294,301.02942,300.52942,299.02942,295.52942,299.02942,299.12943,298.72943,298.8294,298.8294,295.3294,293.9294,294.52942,294.72943,291.8294,296.02942,293.4294,291.3294,286.52942,272.22943,264.12943,278.72943,286.02942,290.02942
302.72943,291.22943,292.4294,291.8294,298.12943,304.72943,304.9294,305.9294,303.52942,302.02942,302.22943,301.62943,291.12943,290.12943,288.62943,300.52942,302.02942,300.22943,300.02942,299.52942,299.9294,300.02942,299.02942,298.62943,298.72943,297.8294,296.62943,293.72943,295.62943,294.62943,297.12943,292.02942,279.8294,266.52942,282.22943,289.52942,292.02942,293.3294,293.62943,293.72943,293.4294
304.52942,301.9294,290.62943,290.62943,291.22943,290.62943,303.52942,304.12943,301.4294,301.72943,301.62943,301.3294,292.22943,290.12943,294.3294,299.72943,301.4294,300.62943,300.22943,300.02942,299.02942,298.3294,297.8294,297.3294,296.8294,295.4294,296.72943,287.4294,296.02942,296.22943,294.22943,295.52942,292.8294,289.8294,287.52942,289.52942,281.8294,284.52942,291.52942,292.22943,292.02942
304.9294,305.3294,304.8294,304.4294,298.72943,301.4294,302.3294,301.3294,301.9294,301.72943,300.52942,299.9294,299.22943,299.72943,299.72943,299.4294,299.72943,299.8294,299.22943,298.12943,297.52942,297.9294,297.22943,296.8294,294.72943,294.62943,294.52942,295.62943,294.3294,294.02942,293.02942,292.8294,293.3294,292.52942,289.9294,287.9294,281.9294,279.3294,276.02942,271.12943,287.02942
304.72943,304.22943,304.12943,303.62943,304.12943,303.52942,303.22943,302.3294,301.3294,300.4294,299.62943,298.8294,297.9294,297.72943,298.8294,298.72943,297.9294,298.22943,297.52942,295.3294,294.8294,295.72943,295.72943,294.9294,292.9294,290.52942,290.4294,291.9294,290.12943,292.12943,290.72943,291.4294,290.02942,287.62943,287.02942,288.12943,287.9294,286.9294,287.62943,286.52942,283.72943
304.62943,303.12943,303.12943,302.72943,302.02942,301.72943,301.72943,300.9294,300.22943,299.52942,298.62943,297.62943,296.52942,297.52942,296.62943,297.02942,296.22943,296.12943,294.9294,293.9294,291.72943,292.02942,293.62943,293.02942,291.12943,290.9294,288.72943,287.52942,286.12943,285.02942,285.4294,286.72943,287.02942,285.3294,286.12943,281.8294,283.22943,282.52942,272.22943,271.72943,269.12943
303.52942,303.3294,302.8294,302.12943,302.22943,301.8294,301.02942,299.9294,298.9294,297.62943,296.02942,295.12943,295.8294,295.12943,294.52942,294.72943,294.72943,294.9294,294.4294,293.62943,291.9294,291.62943,292.12943,292.52942,291.9294,289.8294,289.12943,288.9294,286.8294,285.8294,286.02942,287.4294,288.9294,287.12943,284.8294,282.8294,280.72943,277.02942,273.8294,274.3294,272.12943
302.22943,302.02942,301.52942,301.22943,301.4294,301.02942,299.8294,298.8294,297.62943,296.52942,294.8294,293.8294,294.3294,292.9294,293.22943,293.52942,292.8294,293.12943,293.22943,291.8294,291.9294,291.72943,291.12943,291.02942,290.52942,289.52942,287.12943,288.22943,288.12943,289.12943,288.9294,289.02942,288.12943,286.72943,286.9294,282.52942,278.02942,275.3294,276.9294,277.62943,275.62943
301.4294,302.62943,301.9294,300.9294,299.4294,298.22943,297.12943,296.9294,296.72943,296.3294,293.8294,292.22943,292.3294,290.72943,290.22943,291.12943,291.02942,290.9294,291.22943,290.72943,289.72943,289.22943,289.4294,289.9294,288.12943,288.9294,288.4294,289.52942,289.02942,288.9294,287.62943,287.8294,286.02942,284.02942,284.62943,285.02942,284.62943,284.3294,283.02942,283.4294,282.22943
297.12943,298.4294,299.4294,298.52942,297.62943,295.9294,295.3294,294.22943,292.8294,292.4294,290.12943,288.22943,290.3294,289.62943,290.12943,290.62943,290.4294,290.02942,290.22943,288.8294,289.3294,288.52942,287.3294,287.22943,288.02942,288.52942,289.4294,288.72943,287.8294,286.62943,286.4294,285.9294,285.52942,285.12943,285.02942,282.72943,283.62943,283.62943,283.3294,283.22943,282.12943
294.12943,294.4294,289.62943,291.22943,289.4294,288.02942,289.12943,289.9294,291.72943,290.3294,288.52942,286.52942,287.8294,289.12943,289.62943,290.62943,290.02942,289.4294,290.12943,289.12943,288.8294,289.02942,288.9294,288.52942,288.4294,288.9294,288.4294,287.8294,287.02942,286.8294,285.72943,285.8294,284.72943,283.22943,282.8294,282.52942,282.72943,282.8294,282.9294,282.4294,283.4294
286.12943,287.9294,286.4294,288.3294,289.02942,290.22943,290.9294,291.3294,292.02942,291.3294,289.62943,287.3294,286.22943,287.22943,288.22943,289.4294,289.62943,288.9294,290.3294,288.52942,288.02942,288.02942,288.02942,287.52942,287.12943,287.4294,287.12943,285.9294,285.62943,284.22943,284.22943,284.72943,282.62943,283.02942,283.4294,282.62943,282.9294,282.8294,283.3294,283.02942,282.9294
