wind.json
{"header": {"discipline":0,"disciplineName":"Meteorological products","gribEdition":2,"gribLength":953,"center":7,"centerName":"US National Weather Service - NCEP(WMC)","subcenter":0,"refTime":"2023-06-28T18:00:00.000Z","significanceOfRT":1,"significanceOfRTName":"Start of forecast","productStatus":0,"productStatusName":"Operational products","productType":1,"productTypeName":"Forecast products","productDefinitionTemplate":0,"productDefinitionTemplateName":"Analysis/forecast at horizontal level/layer at a point in time","parameterCategory":0,"parameterCategoryName":"UnknownDiscipline_0_Category_0","parameterNumber":0,"parameterNumberName":"UnknownParameter_D0_C0_0","parameterUnit":"Unknown","genProcessType":2,"genProcessTypeName":"Forecast","forecastTime":120,"surface1Type":1,"surface1TypeName":"Ground or water surface","surface1Value":0.0,"surface2Type":255,"surface2TypeName":"Missing","surface2Value":0.0,"gridDefinitionTemplate":0,"gridDefinitionTemplateName":"Latitude_Longitude","numberPoints":688,"shape":6,"shapeName":"Earth spherical with radius of 6,371,229.0 m","gridUnits":"degrees","resolution":48,"winds":"true","scanMode":64,"nx":43,"ny":16,"basicAngle":0,"lo1":45.0,"la1":40.0,"lo2":87.0,"la2":55.0,"dx":1.0,"dy":1.0}, "data":
[rows 0 to 15 of 16, columns 0 to 42 of 43]
283.7,280.4,296.5,298.6,297.5,297.3,296.6,294.9,300.8,302.7,305.4,302.5,303.8,299.9,299.6,302.2,302.0,302.0,300.7,299.8,299.6,297.6,297.5,295.9,293.9,292.5,294.4,285.9,280.1,281.1,283.8,296.0,298.7,300.7,302.4,300.7,302.0,299.0,301.4,300.2,302.6,300.6,297.5
288.9,297.6,297.9,286.2,291.2,296.5,296.4,294.9,298.6,303.5,302.6,302.2,301.2,302.8,301.2,301.1,300.8,298.4,298.9,299.9,298.7,299.8,300.2,298.5,296.1,289.1,298.2,298.8,291.5,280.0,279.4,280.5,281.9,284.4,292.0,300.5,300.4,300.3,300.2,298.9,301.8,301.0,301.2
289.0,284.3,281.2,290.1,296.6,296.4,296.2,294.1,301.0,301.5,301.2,301.4,302.4,300.5,299.4,297.9,295.2,294.9,296.6,297.8,297.2,296.8,297.2,299.1,295.1,285.5,276.6,277.6,284.5,278.2,281.8,276.9,283.0,277.2,286.3,265.6,281.7,295.8,297.6,298.5,301.7,294.6,284.2
288.4,291.2,293.0,296.9,296.6,296.5,295.7,298.6,301.3,301.7,300.7,300.4,299.8,300.6,296.2,296.2,297.5,294.5,294.5,294.3,295.1,296.0,296.9,296.5,295.3,287.9,293.7,292.5,292.9,292.7,291.4,283.3,274.9,277.4,287.2,285.4,284.9,286.2,278.7,280.8,283.7,278.7,279.7
298.1,298.5,293.9,297.0,297.3,296.6,297.1,301.1,301.0,301.1,301.4,300.6,300.6,299.0,294.7,294.0,295.7,294.2,297.6,296.5,297.9,297.0,295.2,290.3,297.9,298.3,294.5,296.3,301.3,292.3,294.4,295.0,295.3,292.7,300.5,299.4,300.0,293.4,279.6,280.4,282.7,289.7,293.6
298.7,299.6,298.5,297.8,297.5,298.3,298.7,299.9,300.8,301.5,301.5,304.2,300.8,301.0,295.2,294.6,291.7,296.5,298.2,299.2,297.7,299.5,299.8,297.3,296.3,296.9,296.5,297.5,295.5,295.2,296.6,297.7,300.3,296.3,285.0,274.3,288.6,296.0,296.9,300.8,300.7,300.3,300.3
302.5,302.4,300.2,296.5,298.4,297.4,297.3,296.8,299.4,300.8,301.3,301.1,301.6,301.3,294.6,294.0,294.7,296.3,300.2,300.9,298.2,298.6,295.6,295.7,297.4,295.0,294.3,293.5,296.4,290.7,296.0,300.4,301.0,302.2,298.3,294.0,295.7,296.1,291.6,288.9,297.2,297.7,298.9
303.1,304.3,301.6,301.3,302.3,303.8,300.2,300.0,299.8,301.1,303.1,301.3,299.8,300.0,299.8,301.4,298.2,298.2,299.7,297.4,297.6,295.7,294.9,294.7,293.5,295.9,292.5,294.3,295.0,297.8,296.0,296.2,298.5,296.1,297.7,297.5,293.9,295.0,289.1,286.4,280.7,282.4,294.0
301.0,298.2,298.3,301.4,303.3,303.7,302.9,303.0,303.1,300.5,300.3,298.0,298.7,297.3,297.1,298.6,298.6,300.0,299.0,297.0,295.7,293.9,294.9,296.1,294.0,293.5,291.4,289.7,291.5,291.5,292.0,298.4,293.8,294.2,294.0,291.5,285.3,290.7,293.0,288.0,288.2,290.8,287.9
291.6,298.4,299.7,298.4,299.2,298.0,301.8,298.9,297.8,297.5,296.8,293.9,293.7,294.1,294.7,298.9,298.1,296.6,295.2,294.6,294.5,295.4,291.0,292.6,294.8,292.0,290.6,292.3,290.7,288.5,287.0,289.0,290.7,290.6,290.8,292.8,289.5,287.3,289.6,287.9,271.2,276.9,274.6
293.0,295.2,293.8,296.3,296.1,297.7,297.0,299.6,295.5,294.9,295.6,292.3,293.2,291.7,293.3,294.3,295.9,295.0,294.3,295.9,294.0,297.0,295.6,296.0,296.7,295.7,294.6,291.0,292.9,293.6,295.2,291.7,291.8,293.6,294.2,293.6,291.3,287.9,288.7,285.0,278.8,275.9,276.4
291.8,292.3,292.8,296.0,293.9,294.3,294.6,297.5,294.0,293.9,294.3,291.4,293.2,294.0,292.6,292.1,295.0,292.7,294.2,293.3,293.6,294.3,294.7,295.1,294.5,294.8,295.6,296.1,294.0,295.4,293.9,295.2,295.3,294.8,293.7,292.7,288.3,284.8,285.7,281.2,278.8,280.3,279.4
291.4,291.7,292.4,293.1,293.1,292.4,295.6,294.2,290.7,290.0,291.0,290.1,291.5,292.3,291.1,291.0,291.0,291.9,292.1,293.3,292.7,293.2,292.4,294.0,295.0,295.1,295.1,294.2,295.4,295.7,296.2,295.9,294.5,293.9,293.2,290.0,291.0,290.4,289.9,287.2,284.7,283.5,283.5
290.3,290.7,290.4,290.8,292.2,291.9,291.8,294.0,293.1,292.7,288.5,292.7,290.1,285.8,289.9,292.1,290.4,291.1,290.7,292.1,293.5,293.1,292.6,292.0,292.7,294.1,294.4,295.0,296.1,294.5,294.6,293.3,292.3,292.1,290.1,289.1,288.6,289.6,289.0,289.9,286.4,284.0,283.7
289.7,290.1,290.2,290.6,291.6,292.0,289.9,289.6,288.2,287.7,288.1,291.8,289.5,285.3,286.9,289.0,288.7,290.9,291.8,292.2,294.7,292.6,292.2,291.1,293.1,294.5,294.0,294.0,293.7,291.5,291.4,291.5,291.2,290.6,289.8,288.8,289.0,287.7,287.2,286.4,285.4,283.9,282.7
289.4,289.8,290.0,290.4,291.3,291.0,290.3,288.6,288.9,287.9,289.2,288.2,288.7,286.7,286.6,289.5,287.1,290.1,290.7,291.3,291.4,291.0,290.8,290.6,293.1,291.0,290.5,290.8,291.2,289.7,289.3,290.2,289.7,287.4,289.5,288.7,288.1,288.1,288.1,286.4,287.6,284.5,282.8
