wind_kz.json
{"header": {"discipline":0,"disciplineName":"Meteorological products","gribEdition":2,"gribLength":871,"center":7,"centerName":"US National Weather Service - NCEP(WMC)","subcenter":0,"refTime":"2024-02-01T18:00:00.000Z","significanceOfRT":1,"significanceOfRTName":"Start of forecast","productStatus":0,"productStatusName":"Operational products","productType":1,"productTypeName":"Forecast products","productDefinitionTemplate":0,"productDefinitionTemplateName":"Analysis/forecast at horizontal level/layer at a point in time","parameterCategory":0,"parameterCategoryName":"UnknownDiscipline_0_Category_0","parameterNumber":0,"parameterNumberName":"UnknownParameter_D0_C0_0","parameterUnit":"Unknown","genProcessType":2,"genProcessTypeName":"Forecast","forecastTime":120,"surface1Type":1,"surface1TypeName":"Ground or water surface","surface1Value":0.0,"surface2Type":255,"surface2TypeName":"Missing","surface2Value":0.0,"gridDefinitionTemplate":0,"gridDefinitionTemplateName":"Latitude_Longitude","numberPoints":615,"shape":6,"shapeName":"Earth spherical with radius of 6,371,229.0 m","gridUnits":"degrees","resolution":48,"winds":"true","scanMode":64,"nx":41,"ny":15,"basicAngle":0,"lo1":47.0,"la1":41.0,"lo2":87.0,"la2":55.0,"dx":1.0,"dy":1.0}, "data":
[rows 0 to 14 of 15, columns 0 to 40 of 41]
277.5839,262.5839,271.0839,280.4839,280.78387,282.0839,278.5839,277.6839,276.5839,278.28387,277.78387,278.0839,278.28387,279.28387,279.9839,279.88388,281.38388,279.88388,283.6839,283.28387,279.9839,279.78387,278.38388,273.6839,273.4839,275.4839,268.38388,252.88388,250.18388,250.68388,250.48389,249.28389,256.38388,268.78387,269.9839,269.9839,269.6839,269.88388,270.1839,269.28387,270.28387
251.48389,273.4839,280.28387,280.1839,280.6839,281.1839,276.0839,276.28387,275.0839,275.88388,276.4839,276.88388,277.5839,278.4839,278.5839,277.88388,281.4839,281.9839,281.4839,280.78387,280.1839,279.38388,275.38388,268.4839,245.5839,253.78389,260.5839,251.5839,254.0839,250.68388,258.28387,241.38388,258.78387,236.98389,245.0839,258.78387,255.38388,265.88388,268.28387,261.1839,267.38388
273.38388,278.88388,280.1839,280.4839,280.5839,275.78387,275.5839,274.0839,273.1839,273.78387,274.28387,275.88388,276.88388,276.5839,273.78387,273.0839,274.0839,273.88388,274.28387,274.38388,276.88388,278.78387,276.9839,269.4839,273.38388,270.0839,269.1839,269.4839,271.1839,260.28387,252.0839,253.78389,254.98389,254.78389,252.48389,259.1839,251.78389,248.68388,249.0839,251.78389,247.18388
275.1839,275.9839,277.9839,279.0839,277.6839,273.5839,273.6839,273.1839,273.28387,272.6839,274.1839,275.5839,281.28387,281.9839,275.28387,272.9839,273.4839,273.0839,272.78387,273.38388,274.78387,271.9839,273.38388,272.38388,272.38388,272.4839,271.4839,267.0839,265.6839,264.78387,262.38388,264.9839,269.28387,260.38388,257.1839,262.38388,251.98389,250.28389,258.88388,253.5839,254.38388
272.5839,271.88388,270.88388,272.0839,272.38388,272.6839,272.5839,273.6839,273.5839,272.0839,272.6839,273.88388,279.0839,279.1839,278.28387,273.28387,273.28387,272.9839,272.78387,272.38388,272.78387,271.4839,272.6839,272.4839,269.0839,267.28387,266.5839,265.1839,270.0839,269.38388,267.9839,266.1839,258.38388,246.0839,258.4839,254.18388,255.28389,251.5839,253.18388,254.0839,256.88388
271.9839,272.0839,271.0839,270.9839,271.28387,271.4839,272.9839,271.6839,272.9839,272.1839,272.38388,273.0839,278.28387,279.28387,273.5839,273.28387,271.6839,271.6839,270.9839,270.38388,269.28387,271.1839,270.38388,268.4839,267.28387,265.1839,262.6839,263.78387,262.1839,263.4839,261.5839,264.1839,257.78387,255.18388,261.9839,263.1839,261.1839,259.6839,255.98389,252.5839,255.0839
270.28387,270.9839,271.4839,271.6839,271.0839,272.38388,272.88388,272.4839,271.28387,271.88388,271.0839,272.88388,273.28387,272.1839,272.6839,271.88388,271.6839,269.9839,270.38388,269.1839,268.78387,269.28387,268.88388,267.1839,264.38388,261.6839,259.5839,260.6839,260.28387,260.88388,259.9839,261.4839,259.0839,259.1839,261.5839,259.78387,260.0839,259.28387,255.5839,254.38388,257.28387
271.1839,270.28387,270.88388,270.6839,271.88388,272.78387,271.5839,271.78387,271.78387,271.88388,272.28387,273.1839,272.78387,272.1839,271.4839,270.78387,270.28387,268.9839,268.9839,267.0839,264.38388,267.5839,267.9839,267.4839,265.1839,261.4839,262.6839,257.78387,255.48389,255.18388,256.4839,253.18388,255.5839,256.38388,251.98389,248.78389,248.78389,251.88388,253.28389,260.6839,257.78387
270.38388,269.4839,269.9839,271.28387,272.28387,273.0839,272.88388,272.6839,272.4839,272.4839,273.0839,272.9839,271.1839,271.1839,269.6839,269.78387,269.0839,268.28387,267.88388,267.6839,265.4839,260.38388,264.1839,263.78387,263.28387,263.28387,261.4839,262.6839,259.4839,257.6839,254.68388,256.1839,261.0839,262.4839,258.0839,259.78387,257.1839,256.78387,253.28389,250.88388,250.98389
268.9839,268.1839,269.28387,270.78387,273.0839,273.1839,273.0839,272.9839,273.0839,273.1839,273.0839,271.0839,270.88388,270.28387,269.1839,268.38388,267.78387,266.5839,266.38388,265.9839,265.6839,265.0839,265.1839,264.38388,264.28387,264.28387,263.0839,262.1839,258.78387,258.9839,262.0839,265.6839,266.38388,262.38388,257.28387,253.28389,259.0839,258.28387,254.28389,255.18388,251.48389
267.6839,267.28387,269.4839,270.4839,273.0839,273.0839,273.0839,273.0839,273.1839,272.78387,271.6839,270.78387,270.5839,269.6839,268.4839,268.0839,266.9839,266.0839,265.1839,263.1839,263.1839,264.38388,265.28387,265.88388,264.6839,265.0839,261.78387,261.4839,263.0839,262.4839,261.88388,263.9839,263.0839,263.0839,260.78387,254.28389,258.38388,256.28387,251.18388,257.1839,254.28389
265.0839,268.0839,269.4839,271.5839,272.78387,273.0839,273.0839,272.9839,272.78387,271.9839,270.0839,268.6839,268.5839,269.6839,269.5839,268.38388,267.6839,266.5839,265.5839,263.78387,263.6839,261.28387,262.0839,263.6839,265.38388,263.9839,263.9839,264.6839,263.9839,257.78387,257.28387,260.1839,262.1839,258.28387,259.6839,254.0839,257.88388,259.38388,261.4839,259.6839,258.1839
264.6839,267.78387,269.6839,271.0839,273.0839,273.1839,273.1839,273.0839,272.78387,272.4839,270.6839,268.78387,269.38388,268.4839,267.5839,267.5839,267.88388,267.38388,267.28387,264.9839,265.28387,264.0839,264.4839,264.1839,264.28387,263.4839,263.4839,257.5839,259.9839,258.28387,258.4839,262.5839,259.0839,256.28387,257.0839,256.6839,255.38388,258.28387,257.28387,254.78389,255.28389
265.38388,264.0839,267.5839,269.78387,272.9839,272.9839,273.0839,272.78387,273.1839,272.38388,271.4839,268.88388,270.28387,269.9839,269.0839,267.78387,267.0839,266.38388,266.5839,264.9839,264.88388,264.38388,263.0839,264.38388,264.5839,262.9839,259.9839,259.9839,259.0839,259.28387,258.6839,258.38388,259.0839,259.28387,256.4839,255.98389,254.5839,254.28389,252.98389,258.88388,253.48389
260.4839,266.5839,264.4839,267.9839,273.0839,272.78387,272.28387,272.88388,272.9839,273.1839,272.0839,270.4839,270.1839,270.78387,271.5839,271.38388,270.0839,265.9839,264.4839,264.28387,263.78387,263.28387,263.38388,263.28387,262.78387,261.6839,261.1839,260.9839,260.5839,260.4839,259.1839,256.5839,256.1839,257.28387,257.6839,257.88388,257.28387,258.0839,254.5839,256.4839,256.6839
