wind_kz.json
{"header": {"discipline":0,"disciplineName":"Meteorological products","gribEdition":2,"gribLength":1025,"center":7,"centerName":"US National Weather Service - NCEP(WMC)","subcenter":0,"refTime":"2024-04-06T18:00:00.000Z","significanceOfRT":1,"significanceOfRTName":"Start of forecast","productStatus":0,"productStatusName":"Operational products","productType":1,"productTypeName":"Forecast products","productDefinitionTemplate":0,"productDefinitionTemplateName":"Analysis/forecast at horizontal level/layer at a point in time","parameterCategory":2,"parameterCategoryName":"UnknownDiscipline_0_Category_2","parameterNumber":2,"parameterNumberName":"UnknownParameter_D0_C2_2","parameterUnit":"Unknown","genProcessType":2,"genProcessTypeName":"Forecast","forecastTime":240,"surface1Type":103,"surface1TypeName":"Specified height level above ground","surface1Value":10.0,"surface2Type":255,"surface2TypeName":"Missing","surface2Value":0.0,"gridDefinitionTemplate":0,"gridDefinitionTemplateName":"Latitude_Longitude","numberPoints":615,"shape":6,"shapeName":"Earth spherical with radius of 6,371,229.0 m","gridUnits":"degrees","resolution":48,"winds":"true","scanMode":64,"nx":41,"ny":15,"basicAngle":0,"lo1":47.0,"la1":41.0,"lo2":87.0,"la2":55.0,"dx":1.0,"dy":1.0}, "data":
[rows 0 to 14 of 15, columns 0 to 40 of 41]
-4.145891,-0.7858911,3.3741088,-1.7258911,-0.94589114,1.2341089,2.7841089,3.1441088,-6.245891,-3.6158912,-2.325891,-2.1558912,-2.525891,-4.635891,-3.3758912,-2.505891,-1.4458911,0.5341089,0.18410888,0.37410888,0.37410888,1.8641089,-0.12589112,0.9641089,-0.28589112,4.504109,1.9241089,1.9841089,-0.3858911,0.13410889,-2.485891,0.9941089,-0.4558911,2.514109,-0.82589114,0.23410888,0.4941089,-3.1458912,-1.3058912,-2.9058912,-1.3358911
3.0441089,0.7141089,-10.945891,-6.845891,-3.015891,-0.015891112,0.054108888,-4.5058913,-4.0858912,-3.005891,-1.9658911,-3.6358912,-4.7958913,-1.5758911,-0.2958911,-0.005891113,0.92410886,1.0141089,0.7141089,2.464109,0.03410889,0.21410888,2.3341088,0.5041089,1.5441089,0.5241089,-0.3658911,2.174109,-0.94589114,0.23410888,0.5741089,-1.2158911,2.194109,-0.7958911,-0.30589113,-0.7458911,-1.6258911,-1.4758911,-0.76589113,0.6641089,-3.315891
-1.9258912,-9.515891,-11.205891,-7.365891,-3.325891,-0.5358911,-2.485891,-2.2058911,-2.975891,-2.585891,-0.8658911,-3.8558912,-2.825891,-0.94589114,0.5641089,1.8641089,1.9141089,3.6341088,4.614109,2.984109,2.5741088,1.4041089,6.134109,1.3641089,2.014109,0.8241089,6.9341087,2.964109,-1.3458911,0.5641089,-0.6558911,0.37410888,0.9341089,0.2941089,-1.7558911,-1.3858911,-0.06589112,0.074108884,0.4541089,0.4541089,1.7041088
-9.225891,-11.515891,-8.345891,-4.785891,-2.295891,-3.035891,-0.4558911,-3.595891,-3.585891,-2.795891,-1.2458911,-2.2058911,0.12410889,2.3541088,2.254109,3.164109,4.054109,5.714109,1.4041089,3.754109,3.994109,1.9941089,5.6841087,3.404109,0.044108886,0.8141089,3.774109,-3.4358912,-2.335891,-1.2158911,-0.5958911,-1.535891,1.7241089,1.9741089,-0.76589113,-1.6458911,-1.6158911,0.5641089,0.7641089,0.3341089,-1.4958911
-8.835891,-8.705891,-7.555891,-4.175891,-1.0758911,-4.055891,-3.475891,-2.835891,-3.3758912,-2.9058912,-1.3758911,-0.3958911,4.634109,4.854109,5.134109,4.314109,4.9141088,2.684109,1.5141089,0.8241089,3.8341088,-1.2558911,1.2241089,2.7841089,-0.5658911,5.304109,-1.1858912,-2.995891,-3.2058911,-2.985891,-3.1158912,-0.15589112,-2.095891,-0.30589113,0.5641089,-1.2958912,2.5841088,-0.06589112,-0.89589113,-2.6358912,-2.4558911
-5.9858913,-4.2758913,-4.7358913,-3.6958911,-5.2358913,-4.035891,-0.57589114,-3.1458912,-2.495891,0.12410889,-0.6158911,0.80410886,1.8341088,-0.2558911,1.7641089,4.124109,3.714109,2.964109,1.2341089,0.3241089,-0.9958911,0.11410889,-0.015891112,2.8041089,-0.8658911,-0.49589112,1.5841088,-3.755891,-2.2058911,-1.7658911,-0.7558911,-0.8058911,-2.2158911,-3.015891,-1.9258912,-0.6858911,-0.2558911,0.55410886,-0.2958911,-1.8458911,-3.4258912
-3.015891,-2.545891,-0.7258911,-0.6658911,-0.5458911,0.7841089,2.1141088,-1.1658912,-2.305891,-0.33589113,0.8141089,-0.09589111,2.434109,1.3541089,1.2341089,1.0741088,0.9641089,1.8341088,0.7241089,-1.785891,2.424109,2.1241088,0.3341089,2.1141088,-2.3958912,1.8741089,5.294109,1.4341089,1.6441089,1.8141088,2.6241088,0.9041089,2.164109,0.28410888,-2.565891,-1.7258911,-0.9358911,0.79410887,0.3041089,0.7841089,3.174109
-0.025891114,0.5841089,1.3041089,2.8241088,1.7341089,2.2841089,0.064108886,-0.06589112,-1.3558911,0.31410888,0.9641089,1.6341089,1.1641089,1.964109,2.2841089,0.92410886,0.024108887,-0.4758911,0.37410888,0.3341089,1.3041089,-0.7458911,0.21410888,1.0541089,-0.70589113,0.13410889,0.2941089,0.9341089,1.7341089,-1.7658911,-2.565891,-1.7158911,-4.035891,-1.9758911,-4.575891,-0.5958911,-1.2658911,1.8641089,2.994109,3.754109,0.43410888
0.5641089,-0.3558911,1.4841089,0.6841089,1.0441089,2.694109,2.1041088,0.9141089,0.3341089,1.4141089,2.524109,2.5841088,2.664109,3.0841088,2.2841089,1.2441089,-1.1258911,-0.7158911,0.2741089,0.8741089,1.1641089,1.7641089,-0.7958911,-0.2958911,-0.5558911,1.2041088,-0.7558911,-1.0158911,0.5041089,-1.0058911,-1.3958911,-3.005891,-2.245891,-3.325891,-1.6258911,-0.7458911,0.21410888,-2.1758912,-1.2158911,0.9141089,-1.7058911
-1.0958911,0.104108885,0.13410889,1.2241089,2.264109,2.994109,2.494109,1.4941089,1.7741089,2.0941088,3.524109,4.554109,3.194109,3.5541089,2.674109,0.064108886,-1.1858912,-0.8058911,-0.7458911,0.4941089,0.5841089,2.244109,0.80410886,2.664109,1.1841089,-0.33589113,0.3941089,0.0041088867,-0.9858911,-2.045891,-2.065891,-2.6458912,-2.9058912,-2.1658912,-1.0558912,-1.0658911,-1.3858911,0.08410889,-1.7158911,-0.005891113,-0.3658911
1.0141089,2.3941088,2.494109,2.984109,3.5741088,3.654109,3.984109,2.7841089,2.214109,2.404109,3.424109,4.144109,3.8041089,5.154109,3.434109,3.5741088,-0.9258911,-1.4958911,0.014108887,1.4441088,1.9541088,2.234109,2.714109,1.9841089,3.5741088,0.6541089,1.0741088,-0.8458911,3.904109,0.7541089,-0.24589111,-1.3158911,-2.325891,-2.1358912,-2.1458912,-1.7658911,-1.3858911,0.3641089,0.61410886,-0.8358911,-0.005891113
1.8341088,2.3341088,2.924109,3.194109,3.744109,2.954109,3.3241088,3.8141088,3.5641088,1.3541089,2.194109,5.814109,3.524109,5.554109,4.214109,2.7941089,0.03410889,-0.9958911,0.34410888,2.274109,2.2941089,2.434109,2.524109,2.3941088,2.494109,2.3841088,2.184109,0.8141089,3.0341089,-2.1058912,-1.3158911,-1.6358911,-1.3058912,-1.3358911,-1.4458911,-2.6058912,-1.3358911,-0.4858911,-0.05589111,0.2941089,0.0041088867
-0.15589112,-0.5658911,-1.8358911,-1.2058911,0.2041089,0.92410886,1.9341089,3.904109,5.544109,2.3441088,1.8441089,5.354109,3.8541088,5.424109,3.704109,1.214109,-0.2658911,0.3341089,1.1741089,2.6041088,3.8241088,2.3941088,3.014109,2.964109,3.8341088,1.5041089,4.4341087,3.424109,2.924109,2.994109,3.024109,1.9741089,-1.7758911,-1.785891,-2.1358912,-2.6458912,-2.6558912,-1.5258911,-1.7258911,-1.0158911,-0.6858911
-1.4158912,-2.1158912,-1.3558911,-1.2658911,-0.37589112,-0.17589112,0.104108885,1.1141089,2.424109,2.6041088,2.734109,4.004109,4.654109,4.354109,3.724109,1.8741089,-0.5058911,0.4841089,-0.17589112,2.3941088,3.694109,2.5441089,1.4541088,3.204109,3.224109,2.2841089,1.9541088,2.474109,1.3841089,2.974109,-0.64589113,-2.1658912,-2.6258912,-2.835891,-2.255891,-1.8158911,-1.535891,-1.3858911,-1.7058911,-0.30589113,0.8741089
-0.76589113,-1.1958911,-0.5558911,-1.4158912,-0.7758911,0.014108887,0.22410889,1.0141089,2.024109,3.004109,3.0641088,4.614109,2.754109,1.2341089,3.0341089,0.23410888,-0.9958911,-0.7358911,0.5841089,2.204109,2.3041089,1.3141088,0.9741089,0.9941089,-1.9058911,-1.7258911,-1.9158912,-3.095891,-3.6258912,-4.345891,-4.5058913,-4.8358912,-3.485891,-3.9658911,-3.825891,-3.045891,-2.6958911,-3.1158912,-2.095891,-0.3258911,0.2941089
