wind_kz.json
{"header": {"discipline":0,"disciplineName":"Meteorological products","gribEdition":2,"gribLength":1025,"center":7,"centerName":"US National Weather Service - NCEP(WMC)","subcenter":0,"refTime":"2023-09-25T12:00:00.000Z","significanceOfRT":1,"significanceOfRTName":"Start of forecast","productStatus":0,"productStatusName":"Operational products","productType":1,"productTypeName":"Forecast products","productDefinitionTemplate":0,"productDefinitionTemplateName":"Analysis/forecast at horizontal level/layer at a point in time","parameterCategory":2,"parameterCategoryName":"UnknownDiscipline_0_Category_2","parameterNumber":3,"parameterNumberName":"UnknownParameter_D0_C2_3","parameterUnit":"Unknown","genProcessType":2,"genProcessTypeName":"Forecast","forecastTime":0,"surface1Type":103,"surface1TypeName":"Specified height level above ground","surface1Value":10.0,"surface2Type":255,"surface2TypeName":"Missing","surface2Value":0.0,"gridDefinitionTemplate":0,"gridDefinitionTemplateName":"Latitude_Longitude","numberPoints":615,"shape":6,"shapeName":"Earth spherical with radius of 6,371,229.0 m","gridUnits":"degrees","resolution":48,"winds":"true","scanMode":64,"nx":41,"ny":15,"basicAngle":0,"lo1":47.0,"la1":41.0,"lo2":87.0,"la2":55.0,"dx":1.0,"dy":1.0}, "data":
[rows 0 to 14 of 15, columns 0 to 40 of 41]
2.8994849,2.4394848,1.9394848,-0.35051513,-1.9605151,-4.6005154,-2.4705153,-0.23051514,-0.83051515,-2.2505152,-4.190515,-4.4105153,-4.980515,-5.650515,-5.7205153,-4.360515,-2.5905151,-3.680515,-5.740515,-4.630515,-2.2905152,-1.1905152,-3.5105152,2.039485,2.4794848,1.3194848,1.5894848,-0.5505151,-2.610515,-2.0705152,0.9494849,2.8994849,-1.3805151,2.579485,2.369485,2.4894848,0.45948488,0.96948487,-0.23051514,-0.24051514,-0.89051515
-0.59051514,0.8394849,-1.8205152,1.1394849,-2.3205152,-6.1605153,-0.27051514,-0.100515135,-1.2405151,-3.2705152,-3.870515,-4.650515,-4.610515,-5.900515,-6.130515,-5.590515,-2.5905151,-3.650515,-4.570515,-5.980515,-1.9005151,0.7594849,-2.120515,-1.6805152,1.8494849,0.26948488,0.42948487,-1.4605151,-1.5205151,-2.120515,-1.5505152,-1.7205151,-2.150515,-2.2605152,1.2194848,2.879485,3.6694849,1.5894848,1.3894849,0.80948484,-0.20051514
1.2694849,2.609485,1.7494849,1.4394848,1.5094849,1.0594848,-0.020515136,-0.37051514,-1.5805151,-2.8105152,-4.8505154,-5.3505154,-6.1805153,-5.280515,-5.610515,-5.990515,-3.0105152,-3.660515,-3.370515,-1.4905151,-2.3005152,-5.030515,-4.130515,-2.3405151,-2.610515,-1.1705152,-0.020515136,-3.8405151,-0.6105151,-2.0905151,-0.9905151,-0.63051516,-2.2405152,-1.5205151,-0.50051516,-1.5905151,-1.7505151,-4.230515,-1.3105152,0.43948486,0.019484863
3.1994848,1.8894849,1.0794848,1.3794849,0.65948486,0.5194849,0.6394849,-0.65051514,-1.5705152,-1.7405151,-2.640515,-4.990515,-6.540515,-8.660515,-4.810515,-4.130515,-4.610515,-5.3705153,-5.2005153,-4.460515,-3.190515,-4.4705153,-0.78051513,-2.190515,-2.8405151,-3.380515,-2.640515,-2.7505152,-2.0905151,-3.910515,-2.3005152,-2.640515,1.4994849,0.77948487,-1.0405152,0.96948487,1.2694849,2.839485,-1.0605152,-1.6705152,-0.90051514
1.1694849,-0.27051514,-1.3305151,-3.450515,-3.0505152,-0.78051513,-1.1305151,-1.6605152,-2.2205153,-1.9605151,-1.2305151,-2.700515,-4.740515,-6.8505154,-4.4305153,-3.5105152,-3.7905152,-3.670515,-3.0505152,-2.640515,-2.0605152,-1.1705152,-1.2205151,-0.63051516,-1.1405151,-2.5805151,-3.8305151,-3.0905151,-3.0905151,-3.200515,-4.510515,-5.020515,-1.9505152,-1.3305151,1.0494848,1.4694848,1.7794849,0.20948486,1.6194849,0.91948485,-0.7405151
2.859485,2.829485,-1.0805151,-1.3805151,-3.0505152,-4.4705153,-0.37051514,-1.4905151,-1.4305152,-1.0905151,-1.4505152,-1.4405152,-1.9805151,-4.030515,-4.1805153,-2.5205152,-2.660515,-2.5205152,-2.0205152,-1.5605152,-1.7105151,-2.2505152,-2.3305151,-2.700515,-2.8205152,-2.3005152,0.43948486,-0.25051513,-3.610515,-4.280515,-3.2205153,-2.960515,-3.360515,-2.180515,-1.1505151,-1.4605151,-1.8305151,-3.3505151,0.34948486,0.06948486,-1.4305152
-0.20051514,1.6794848,3.4994848,3.089485,2.849485,-0.39051515,-0.45051515,-0.35051513,-0.69051516,-1.0705152,-1.4505152,-1.6005151,-2.3505151,-2.5805151,-2.8505151,-2.7605152,-2.710515,-2.5005152,-2.0905151,-1.6805152,-1.9305152,-2.0405152,-2.670515,-3.120515,-3.5105152,-4.510515,-4.530515,-4.580515,-3.120515,-3.9805152,-4.340515,-1.7305151,1.9794849,0.52948487,-0.33051515,-1.1305151,-1.5405152,2.1994848,-1.3805151,1.9294848,-0.060515136
-0.020515136,1.1494849,-0.39051515,0.42948487,0.08948486,0.23948486,-0.040515136,-0.18051514,-0.40051514,-0.81051517,-0.84051514,-0.6205151,-1.1505151,-1.4505152,-2.200515,-2.0605152,-2.7605152,-2.420515,-2.890515,-2.3405151,-1.6005151,-2.5305152,-2.660515,-2.5705152,-3.5505152,-3.5805151,-4.330515,-5.4305153,-5.520515,-5.810515,-5.280515,-4.550515,-2.7905152,2.049485,2.339485,2.629485,1.0494848,1.4294848,-1.8005152,0.08948486,1.0794848
0.52948487,-0.47051513,1.3594849,0.009484863,0.09948486,0.59948486,0.25948486,0.13948487,-0.57051516,-1.2905152,-0.63051516,-0.97051513,-0.9905151,-1.0805151,-1.5005151,-1.5505152,-1.6905152,-1.8805151,-1.8805151,-2.430515,-3.360515,-4.080515,-4.2205153,-3.670515,-3.370515,-3.120515,-3.2805152,-1.6305151,-2.9905152,-3.4805152,-4.4305153,-4.3905153,-2.7805152,-2.370515,0.8394849,-0.9105151,0.98948485,3.089485,2.789485,2.849485,2.3994849
2.039485,-0.16051513,0.25948486,0.68948483,-0.9905151,-1.0905151,-0.6605151,0.65948486,-0.88051516,-0.34051514,-2.0205152,-2.660515,-2.150515,-1.1705152,-2.2305152,-2.610515,-1.4905151,-0.100515135,-0.5405151,-0.9805151,-2.4705153,-3.110515,-1.8905151,-2.0705152,-2.2305152,-1.8305151,-0.38051513,-1.1805152,-1.1305151,-1.9705151,-2.180515,-2.660515,-2.2205153,-1.2005152,-1.1805152,0.5794849,1.1194849,0.29948485,2.4194849,3.319485,2.9494848
0.6994849,-0.15051514,0.71948487,0.27948487,-1.9705151,2.4094849,0.67948484,0.48948488,-2.390515,-1.5405152,-1.7705151,-1.4605151,-1.3205152,-1.1705152,-0.90051514,-1.3205152,0.60948485,-0.31051514,-0.51051515,-1.8805151,-3.5105152,-3.450515,-2.910515,-2.120515,-2.120515,-3.130515,-2.0205152,-1.4505152,-1.0405152,-1.4005151,-2.4705153,-2.7605152,-1.8805151,-1.6405151,-1.4905151,2.2694848,1.4994849,0.9494849,-0.6005151,1.3394848,0.92948484
1.3694849,1.0994849,-1.0305152,-0.7305151,-1.7605151,-1.5605152,-0.69051516,-1.3405151,-1.3205152,-0.42051515,-1.8105152,-2.5005152,-1.0405152,0.49948487,-0.12051514,-1.6705152,-1.4105152,-1.2705151,-1.0605152,-2.8305151,-2.8405151,-2.690515,-1.7905152,-1.0505152,-1.3805151,-1.6705152,-2.400515,-0.49051514,-1.5905151,-1.1605152,-2.390515,-1.5605152,-1.6905152,-2.2805152,-2.0705152,-2.2605152,-2.120515,-0.95051515,-1.9705151,2.1594849,1.1394849
0.42948487,0.029484862,1.1994848,-0.41051513,-1.3305151,-0.8005151,-0.89051515,-0.52051514,-0.7405151,-1.2805152,-1.2005152,-1.9105152,-2.410515,-0.9805151,-1.0105151,0.19948487,-0.07051513,-0.26051512,-1.6205151,-1.8505151,-2.420515,-2.410515,-1.8205152,-2.140515,-2.4705153,-2.8305151,-3.0505152,0.92948484,-1.2605151,-2.2505152,-2.380515,-1.6505151,-1.1505151,-1.9305152,-2.960515,-2.920515,-3.0505152,-2.630515,-3.210515,-2.460515,1.5294849
0.43948486,-0.8005151,-0.8505151,0.21948487,-0.57051516,-0.08051514,-0.08051514,0.049484864,0.08948486,0.68948483,0.14948486,-1.2105151,-1.6905152,-0.48051512,0.079484865,0.49948487,0.5694849,0.16948487,-0.41051513,-1.2905152,-1.5905151,-1.8505151,-1.6305151,-1.4705151,-1.8105152,-2.0105152,-1.7905152,-1.6805152,-1.1605152,-0.020515136,-0.12051514,-0.060515136,-1.0505152,-1.8105152,-1.3705151,-2.890515,-2.3105152,-2.960515,-4.790515,-1.8005152,0.21948487
-2.8205152,-2.7605152,-2.150515,0.21948487,0.86948484,1.0894848,0.7694849,0.21948487,0.28948486,0.85948485,1.3294848,1.0294849,-0.46051514,-1.1005151,-1.3005152,0.39948487,0.92948484,0.66948485,0.019484863,-0.84051514,-1.4005151,-2.190515,-2.0305152,-2.140515,-1.8005152,-1.8605151,-1.8705151,-2.2305152,-1.8905151,0.9494849,1.6294849,1.1694849,0.15948486,0.67948484,-0.78051513,-2.4705153,-1.9905151,-1.8005152,-2.160515,-1.3605151,-1.7005152
