wind_kz.json
{"header": {"discipline":0,"disciplineName":"Meteorological products","gribEdition":2,"gribLength":871,"center":7,"centerName":"US National Weather Service - NCEP(WMC)","subcenter":0,"refTime":"2023-08-17T18:00:00.000Z","significanceOfRT":1,"significanceOfRTName":"Start of forecast","productStatus":0,"productStatusName":"Operational products","productType":1,"productTypeName":"Forecast products","productDefinitionTemplate":0,"productDefinitionTemplateName":"Analysis/forecast at horizontal level/layer at a point in time","parameterCategory":0,"parameterCategoryName":"UnknownDiscipline_0_Category_0","parameterNumber":0,"parameterNumberName":"UnknownParameter_D0_C0_0","parameterUnit":"Unknown","genProcessType":2,"genProcessTypeName":"Forecast","forecastTime":120,"surface1Type":1,"surface1TypeName":"Ground or water surface","surface1Value":0.0,"surface2Type":255,"surface2TypeName":"Missing","surface2Value":0.0,"gridDefinitionTemplate":0,"gridDefinitionTemplateName":"Latitude_Longitude","numberPoints":615,"shape":6,"shapeName":"Earth spherical with radius of 6,371,229.0 m","gridUnits":"degrees","resolution":48,"winds":"true","scanMode":64,"nx":41,"ny":15,"basicAngle":0,"lo1":47.0,"la1":41.0,"lo2":87.0,"la2":55.0,"dx":1.0,"dy":1.0}, "data":
[rows 0 to 14 of 15, columns 0 to 40 of 41]
297.66937,289.66937,295.26938,299.4694,298.8694,297.76938,300.76938,305.16937,302.5694,304.76938,303.5694,305.4694,305.16937,305.8694,303.9694,299.16937,298.3694,300.66937,298.76938,300.0694,300.4694,296.4694,295.76938,290.66937,296.66937,295.0694,292.26938,277.8694,277.9694,277.16937,276.8694,278.3694,290.0694,297.8694,300.4694,301.0694,299.4694,301.66937,302.9694,303.3694,301.4694
277.4694,295.66937,298.9694,299.26938,299.26938,297.66937,302.5694,302.0694,302.26938,302.8694,305.76938,305.16937,301.8694,301.16937,300.66937,298.5694,299.3694,297.5694,298.26938,296.5694,297.76938,299.3694,296.26938,287.26938,278.3694,278.8694,287.8694,276.3694,279.26938,273.5694,279.8694,276.4694,281.16937,267.26938,279.76938,296.5694,294.9694,295.5694,302.76938,295.16937,284.16937
296.66937,299.16937,299.66937,299.3694,296.9694,300.4694,302.3694,303.76938,302.0694,301.5694,302.66937,303.9694,300.16937,300.4694,300.16937,297.76938,298.0694,296.66937,296.5694,296.76938,298.26938,297.26938,297.3694,292.3694,294.4694,293.9694,294.9694,292.8694,293.0694,282.9694,274.76938,277.3694,284.5694,283.9694,284.5694,287.3694,279.5694,281.66937,283.0694,280.0694,278.9694
297.4694,300.0694,299.5694,298.4694,297.4694,298.8694,301.3694,303.0694,303.16937,302.5694,304.0694,302.9694,296.0694,295.0694,298.76938,298.26938,300.4694,299.0694,295.5694,296.5694,297.4694,294.66937,300.16937,300.76938,298.26938,298.26938,298.76938,296.0694,293.76938,294.3694,293.5694,291.76938,297.8694,294.5694,293.76938,290.5694,280.8694,279.8694,285.3694,296.16937,299.16937
300.26938,300.3694,300.0694,299.3694,300.5694,300.16937,299.66937,301.16937,302.16937,302.4694,302.16937,300.16937,296.66937,295.0694,292.16937,300.16937,300.8694,299.3694,297.26938,300.76938,300.76938,301.16937,299.3694,299.76938,298.8694,298.3694,295.66937,294.8694,295.5694,296.5694,298.16937,293.9694,281.8694,271.8694,282.8694,294.0694,297.26938,302.5694,302.4694,303.4694,302.5694
300.3694,297.16937,298.9694,299.16937,299.3694,299.16937,300.8694,301.16937,301.76938,304.0694,302.3694,301.3694,296.16937,295.4694,296.66937,299.76938,302.26938,300.76938,300.3694,301.9694,300.3694,299.16937,297.76938,298.76938,297.8694,297.9694,297.3694,294.26938,298.66937,299.3694,297.66937,299.26938,296.26938,293.8694,292.0694,293.26938,287.9694,290.4694,299.3694,302.3694,299.3694
300.5694,300.0694,301.5694,301.26938,300.26938,299.3694,300.5694,300.3694,301.5694,304.5694,303.26938,300.3694,299.8694,300.16937,299.26938,301.66937,301.76938,302.76938,301.5694,301.26938,300.16937,301.16937,301.16937,299.66937,298.8694,297.9694,297.66937,297.5694,296.9694,296.26938,297.3694,297.16937,296.16937,296.26938,294.76938,292.8694,288.66937,285.0694,281.66937,282.16937,294.76938
299.3694,300.16937,301.5694,301.5694,303.66937,302.0694,301.5694,300.66937,301.26938,303.0694,300.4694,299.5694,299.16937,301.16937,300.66937,300.4694,299.4694,300.3694,300.4694,297.76938,297.9694,299.0694,299.66937,297.4694,297.8694,293.0694,294.3694,293.4694,290.8694,292.8694,291.9694,292.5694,291.3694,289.76938,290.3694,292.8694,295.3694,289.3694,294.66937,295.0694,289.0694
301.16937,300.4694,301.76938,300.66937,299.26938,299.9694,299.76938,299.0694,298.9694,300.76938,298.26938,297.8694,297.4694,299.5694,298.4694,298.9694,297.8694,297.0694,296.76938,295.8694,294.26938,294.16937,295.16937,295.3694,293.9694,293.4694,290.16937,287.76938,286.66937,285.66937,287.3694,288.3694,290.5694,290.8694,289.4694,287.76938,288.66937,287.3694,276.3694,281.9694,277.66937
295.66937,297.0694,296.66937,296.0694,296.4694,298.66937,296.76938,296.26938,295.26938,296.76938,296.4694,295.76938,296.16937,296.8694,296.76938,297.3694,296.5694,295.4694,294.4694,294.0694,292.3694,292.8694,293.9694,293.76938,293.0694,290.8694,290.76938,289.8694,289.26938,289.4694,289.5694,291.0694,291.4694,290.76938,289.76938,288.26938,285.5694,282.8694,277.0694,278.8694,278.76938
295.16937,295.0694,294.0694,295.26938,293.66937,293.0694,296.16937,295.76938,294.4694,292.9694,293.9694,293.66937,295.8694,296.9694,294.9694,295.5694,295.16937,294.9694,294.26938,292.16937,291.66937,291.0694,290.16937,289.76938,289.66937,290.4694,288.76938,291.66937,289.76938,290.4694,290.8694,291.66937,288.3694,288.26938,287.0694,284.66937,283.16937,279.4694,280.4694,282.5694,280.0694
293.9694,291.8694,292.9694,292.4694,293.3694,293.76938,292.66937,293.16937,292.9694,296.76938,290.16937,290.5694,293.16937,296.16937,293.76938,292.76938,293.26938,292.76938,291.9694,290.66937,288.76938,287.9694,288.26938,287.5694,288.66937,291.8694,290.9694,290.8694,291.16937,289.5694,286.8694,286.4694,286.16937,284.4694,284.9694,284.76938,284.9694,286.3694,285.4694,286.4694,286.0694
289.66937,289.5694,289.76938,289.3694,291.26938,291.3694,290.0694,292.66937,291.8694,296.9694,290.9694,286.9694,290.0694,290.66937,291.26938,291.16937,291.76938,290.66937,290.4694,288.76938,287.4694,285.0694,284.16937,284.0694,287.66937,288.66937,291.0694,291.16937,290.9694,285.9694,286.5694,285.3694,285.26938,284.3694,283.4694,282.5694,282.8694,285.16937,285.0694,284.0694,285.5694
288.9694,288.5694,290.0694,289.8694,290.16937,289.4694,288.8694,290.16937,289.9694,290.26938,288.8694,284.16937,284.5694,290.76938,290.66937,290.5694,292.8694,293.26938,291.5694,288.5694,287.4694,286.4694,286.16937,286.8694,287.3694,288.76938,287.9694,288.16937,286.66937,285.66937,284.76938,284.66937,283.5694,282.26938,281.5694,281.16937,281.76938,281.3694,283.66937,281.8694,284.26938
286.76938,287.5694,291.76938,287.3694,289.5694,287.76938,289.16937,289.3694,290.0694,289.8694,287.76938,286.0694,284.26938,285.0694,289.5694,291.0694,291.66937,292.0694,292.16937,291.3694,286.66937,286.0694,284.5694,285.16937,285.3694,286.76938,286.9694,287.16937,286.8694,285.3694,284.66937,283.26938,281.16937,279.76938,279.3694,279.8694,280.16937,283.26938,284.0694,283.76938,281.3694
