wind_kz.json
{"header": {"discipline":0,"disciplineName":"Meteorological products","gribEdition":2,"gribLength":1025,"center":7,"centerName":"US National Weather Service - NCEP(WMC)","subcenter":0,"refTime":"2023-08-28T06:00:00.000Z","significanceOfRT":1,"significanceOfRTName":"Start of forecast","productStatus":0,"productStatusName":"Operational products","productType":1,"productTypeName":"Forecast products","productDefinitionTemplate":0,"productDefinitionTemplateName":"Analysis/forecast at horizontal level/layer at a point in time","parameterCategory":2,"parameterCategoryName":"UnknownDiscipline_0_Category_2","parameterNumber":3,"parameterNumberName":"UnknownParameter_D0_C2_3","parameterUnit":"Unknown","genProcessType":2,"genProcessTypeName":"Forecast","forecastTime":120,"surface1Type":103,"surface1TypeName":"Specified height level above ground","surface1Value":10.0,"surface2Type":255,"surface2TypeName":"Missing","surface2Value":0.0,"gridDefinitionTemplate":0,"gridDefinitionTemplateName":"Latitude_Longitude","numberPoints":615,"shape":6,"shapeName":"Earth spherical with radius of 6,371,229.0 m","gridUnits":"degrees","resolution":48,"winds":"true","scanMode":64,"nx":41,"ny":15,"basicAngle":0,"lo1":47.0,"la1":41.0,"lo2":87.0,"la2":55.0,"dx":1.0,"dy":1.0}, "data":
[rows 0 to 14 of 15, columns 0 to 40 of 41]
2.6224914,2.0224915,-1.1075085,-2.8375084,-4.0175085,-3.9475086,-2.4775085,-1.8175086,-1.1175085,-1.9175086,-1.8775085,-1.4675086,-0.73750854,-0.41750854,-1.2075086,-2.8375084,-2.4075086,0.17249146,-0.84750855,-1.4075085,-1.3475085,-2.8375084,-2.6675086,2.3124914,2.6124914,2.7324915,-0.23750855,0.66249144,-1.4475086,2.6624916,4.4524913,2.8424914,0.032491457,-1.4975085,0.012491455,0.5524914,-0.32750854,2.4224916,2.7224915,2.5224915,2.0724914
-0.9975085,-0.47750854,-0.20750855,-2.5875084,-2.0475085,-2.7875085,-2.6875086,-3.4575086,-2.4975085,-2.2275085,-1.6575085,-1.2075086,-0.07750855,-0.28750855,-1.8075086,-3.0775084,-3.0675085,-0.91750854,1.1324915,-0.51750857,-1.8975085,-2.5375085,-2.9275086,0.49249145,3.7124915,3.6824915,3.6224914,3.2124915,-0.58750856,3.6624916,-0.047508545,4.8424916,1.7724915,2.3624914,2.9624915,2.9024916,1.6024915,2.1224914,2.6024914,1.7524915,0.45249146
0.77249146,2.2624915,0.042491455,-1.8775085,-1.9375086,-2.3075085,-3.5175085,-4.2875085,-3.2475085,-2.6275086,-2.2275085,-2.6975086,-0.84750855,0.33249146,-1.5975085,-2.0275085,-2.5275085,-1.9275086,-0.9975085,-0.71750855,-1.7075086,-1.5775086,-1.1175085,0.77249146,-2.0275085,-2.3375084,-2.8475084,-2.7675085,-1.9275086,-2.8475084,1.0124915,2.1424913,-3.2675085,2.4524915,0.76249146,-3.9575086,-1.7475085,1.8924915,-0.91750854,3.2824914,2.1824915
1.2424915,1.6324915,0.60249144,-0.84750855,-1.8275086,-3.6075087,-4.0175085,-4.6375084,-4.6075087,-3.2175086,-2.2675085,-1.3975085,-2.1775086,0.9324915,-1.0075085,-0.30750856,-0.09750854,-0.39750853,-0.36750853,-0.31750855,-1.6575085,-0.27750856,-3.8375084,-1.5075085,-0.7575085,0.51249146,0.6824915,1.4124914,0.022491455,-0.8775085,-1.8075086,-1.0375085,1.3124914,-0.35750854,0.57249147,2.3224914,4.0224915,2.6124914,-3.2175086,-4.1575084,-4.6975083
1.3424915,-0.38750854,-1.9075085,-2.9975085,-4.0175085,-4.1875086,-5.0775084,-4.7675085,-4.1275086,-4.2975087,-3.3575087,-3.3175085,-1.9675086,-1.1975086,-0.46750855,-0.61750853,-0.60750854,0.91249144,1.3224914,0.07249145,0.24249145,0.08249146,-0.91750854,-1.2175086,-0.13750854,0.43249145,1.8924915,2.3424914,0.8124915,1.6724914,1.1624914,-0.38750854,-1.9675086,1.2724915,-0.33750856,1.5024915,-3.2675085,1.2024914,-2.2975085,-3.2375085,-3.1375086
0.42249146,-1.8175086,-1.7575085,-3.7075086,-3.4275086,-4.2875085,-5.7775087,-4.9075084,-4.5975084,-4.0575085,-4.2275085,-4.0275087,-3.1075087,-3.0775084,-2.0275085,-2.2275085,-3.1375086,-3.1675086,-0.89750856,1.0724914,-1.3475085,-0.6375086,-0.35750854,0.14249146,0.8124915,0.6924915,2.0624914,1.3124914,-0.96750855,1.4224914,3.2424915,2.3324914,-0.07750855,-0.13750854,-2.4475086,-2.2675085,-3.3075085,-4.8975086,-3.0375085,-1.9075085,-2.1075087
-1.0275085,-2.8075085,-3.2375085,-4.9675083,-3.4875085,-3.8875086,-4.6875086,-4.5175085,-4.6875086,-4.6875086,-4.2675085,-4.0875087,-3.5775084,-3.3575087,-3.6475086,-3.0775084,-2.3175085,-2.4575086,-1.7275085,-0.16750854,0.52249146,0.35249147,-0.36750853,0.022491455,1.4824915,1.0424914,-0.047508545,0.9324915,2.1324914,3.6724916,4.4924912,4.5724916,3.7324915,1.8924915,2.5324914,1.2024914,2.3024914,2.2924914,0.48249146,1.3024914,-11.307508
-0.86750853,-2.8975086,-4.0975084,-5.237509,-5.1275086,-3.5675085,-4.4275084,-5.1775084,-4.0575085,-4.5975084,-5.5575085,-5.9075084,-5.4475083,-4.1975083,-3.1675086,-2.5475085,-3.2675085,-2.2075086,-0.85750854,0.15249145,-0.15750855,-0.90750855,-0.14750855,0.85249144,-0.037508544,1.1324915,0.98249143,0.70249146,1.8524915,3.1124914,6.1824913,6.9624915,5.7424912,5.0024915,5.1824913,2.1324914,1.6324915,1.7124915,0.70249146,-0.89750856,-8.877508
-2.3375084,-2.2075086,-4.5975084,-4.9275084,-4.0475087,-4.3475084,-5.0875087,-2.7175086,-4.6275086,-5.9475083,-4.2975087,-3.8875086,-4.5475087,-3.8575087,-3.0875084,-1.5175085,-1.9075085,-2.5275085,-4.1675086,-3.0475085,-0.71750855,-0.057508543,1.2224915,1.2024914,1.2824914,2.6124914,3.2324915,2.3624914,2.4124916,3.6524916,4.8424916,6.9824915,7.4424915,6.7724915,4.8824916,4.1724916,3.1924915,4.0624914,2.5024915,1.0224915,1.8924915
-1.7375085,-1.7675085,-3.5775084,-4.7775087,-3.8075085,-4.8175087,-4.6575084,-4.4375086,-5.4675083,-4.8375087,-4.8975086,-4.3975086,-3.9075086,-3.8275084,-3.5875084,-3.5675085,-4.6375084,-2.9275086,-2.0375085,-2.3575087,-1.5575086,-1.7175086,-1.5175085,-0.027508546,1.7924914,2.9924915,3.9524915,3.7024915,3.9624915,4.2124915,3.9724915,0.97249144,2.1824915,6.5924916,6.5424914,4.8924913,1.2724915,3.6124914,2.7124915,1.2724915,3.9124916
-1.4575086,-1.4975085,-3.3775086,-4.5375085,-2.8475084,-4.1075087,-5.2075086,-5.7275085,-4.7675085,-4.9575086,-3.2975085,-2.9575086,-3.9375086,-4.1075087,-4.0475087,-3.8775086,-4.7275085,-4.5075088,-3.2075086,-4.6075087,-4.9375086,-4.5575085,-2.7875085,-0.66750854,2.0424914,3.1024914,4.7024913,5.5024915,4.3924913,4.3724914,4.3524914,3.5924914,-2.3275084,3.7324915,6.7424912,5.7224913,4.8224916,3.1724916,4.9724913,2.1524916,0.76249146
-1.8075086,-2.2175086,-2.8675086,-4.1475086,-3.1275086,-4.0575085,-5.0575085,-6.1275086,-4.6575084,-3.9275086,-3.3075085,-2.7875085,-4.2175083,-4.4375086,-4.5475087,-3.9175086,-4.5575085,-4.3175087,-4.4375086,-3.9975085,-1.4075085,-3.8475084,-3.8975086,0.85249144,2.1124914,4.0524917,5.7024913,2.9624915,6.2924914,6.0024915,5.7524915,5.6124916,2.3224914,-1.0575086,3.0824914,5.4424915,3.7524915,3.8224914,0.97249144,0.72249144,-0.76750857
-1.6275085,-2.3575087,-2.6075087,-3.4375086,-2.5975084,-2.5975084,-3.9175086,-4.0075088,-4.6775084,-3.9575086,-2.1775086,-2.7875085,-3.4475086,-5.5175085,-5.4675083,-4.5175085,-4.9275084,-4.6975083,-5.0475087,-4.0375085,-5.3275084,-3.9075086,-4.8975086,-3.8175085,-2.4375086,2.9124916,4.9224916,5.762491,7.5324917,6.8024917,5.762491,7.9624915,4.1124916,-0.9375085,3.9624915,5.1324916,3.4024916,1.7924914,3.0624914,1.5124915,0.40249145
-1.9975085,-2.0475085,-1.7875085,-2.9875085,-3.0975084,-3.5075085,-3.7475085,-4.7475085,-3.7075086,-2.3975086,-1.0975085,-1.0375085,-3.3675086,-4.9475083,-4.8275084,-4.9775085,-4.8575087,-5.2175083,-5.1275086,-5.5875087,-5.6475086,-5.9375086,-3.0975084,-3.4475086,-3.7975085,1.1724914,2.0024915,3.5924914,5.4824915,6.4224916,5.6324916,4.4124913,3.3224914,4.4624915,2.6624916,2.8024914,2.3024914,2.3224914,2.8924913,1.9524914,0.96249145
-0.40750855,-0.98750854,-1.1275085,-2.9975085,-3.0275085,-2.9275086,-3.7375085,-3.7475085,-2.8775086,-0.8775085,-0.8775085,-2.5375085,-1.3875085,-3.0575085,-4.9975085,-4.9975085,-5.1975083,-5.3575087,-4.987509,-5.9775085,-6.0775084,-6.1175084,-5.4775085,-3.3675086,-3.5275085,-2.4475086,-0.43750855,0.63249147,-0.43750855,-0.9475086,0.5524914,4.8124914,0.91249144,1.1224915,1.6424915,0.79249144,1.4824915,1.1224915,1.0024915,1.4824915,-0.21750854
