wind_kz.json
{"header": {"discipline":0,"disciplineName":"Meteorological products","gribEdition":2,"gribLength":1025,"center":7,"centerName":"US National Weather Service - NCEP(WMC)","subcenter":0,"refTime":"2023-08-24T00:00:00.000Z","significanceOfRT":1,"significanceOfRTName":"Start of forecast","productStatus":0,"productStatusName":"Operational products","productType":1,"productTypeName":"Forecast products","productDefinitionTemplate":0,"productDefinitionTemplateName":"Analysis/forecast at horizontal level/layer at a point in time","parameterCategory":2,"parameterCategoryName":"UnknownDiscipline_0_Category_2","parameterNumber":3,"parameterNumberName":"UnknownParameter_D0_C2_3","parameterUnit":"Unknown","genProcessType":2,"genProcessTypeName":"Forecast","forecastTime":180,"surface1Type":103,"surface1TypeName":"Specified height level above ground","surface1Value":10.0,"surface2Type":255,"surface2TypeName":"Missing","surface2Value":0.0,"gridDefinitionTemplate":0,"gridDefinitionTemplateName":"Latitude_Longitude","numberPoints":615,"shape":6,"shapeName":"Earth spherical with radius of 6,371,229.0 m","gridUnits":"degrees","resolution":48,"winds":"true","scanMode":64,"nx":41,"ny":15,"basicAngle":0,"lo1":47.0,"la1":41.0,"lo2":87.0,"la2":55.0,"dx":1.0,"dy":1.0}, "data":
[rows 0 to 14 of 15, columns 0 to 40 of 41]
1.1318115,1.5118115,-2.4281886,9.071812,6.6518116,0.4618115,0.24181153,0.45181152,0.14181152,-0.22818847,0.29181153,-0.5081885,-1.5381885,-3.1681886,-4.7881885,-4.2781887,-5.0181885,-4.2481885,-5.9381886,-5.3381886,-5.0281887,-4.9381886,-4.3581886,2.7718115,4.8518114,1.9118115,0.35181153,0.9418115,-4.8681884,-3.5081885,1.9618115,-1.9581885,-0.60818845,1.7218115,1.5818115,0.33181152,5.6218114,-0.7581885,-1.6081885,1.4318116,0.45181152
-1.5581884,-3.8881884,6.3418117,7.9018116,6.6018114,4.2518115,2.0518115,1.0818115,1.0918115,1.3018116,-0.46818846,0.041811522,-0.30818847,-2.5981884,-2.3581884,-4.1081886,-2.7181885,-3.4981885,-4.4781885,-5.6581883,-5.5181885,-5.2981887,-5.3381886,-1.7281885,2.4918115,3.1918116,2.1618116,1.7518115,-0.83818847,0.42181152,-1.6981884,-0.6881885,1.7118115,-0.6181885,1.0018115,3.2618115,1.3618115,-2.2381885,0.90181154,1.9718115,-1.4781885
-2.7781885,3.3918116,5.0318117,6.3918114,4.4118114,4.5718117,2.7818115,2.9918115,3.3518114,2.1818116,1.2318115,-0.018188477,-2.0481884,-0.6481885,-2.8081884,-4.0881886,-4.5681887,-3.8281884,-3.9181886,-5.2681885,-6.1081886,-4.0681887,-5.9881883,-1.7181885,-4.5881886,-3.6181884,-4.0881886,-3.3481884,0.25181153,-2.6381884,-0.97818846,-1.2481885,-3.6981885,3.0418115,-1.8281884,-1.7581885,-1.3681885,-5.2681885,-0.23818848,2.8518114,1.4118115
3.8918116,4.4618115,5.2418118,5.8118114,5.6318116,3.7518115,3.5018115,3.6418116,3.0318115,2.8518114,2.5218115,1.7418115,-0.91818845,-3.3181884,-5.5681887,-3.8281884,-2.7381885,-4.6381884,-5.2781887,-5.3281884,-6.0581884,-5.1981883,-3.7681885,-3.9181886,-3.7281885,-2.4281886,-4.1681886,-2.4681885,-4.7081885,-4.3381886,-6.5581884,-5.9981885,2.9218116,-0.49818847,-0.42818847,1.3318115,1.9018115,1.5118115,-1.3181884,-1.6881884,-2.1381884
3.8718116,4.4018116,5.4318113,5.4218116,-3.0381885,2.5718114,4.1318116,2.1918116,2.4518116,1.8118116,2.0518115,2.1518116,4.8218117,2.3518114,0.121811524,-0.3781885,-2.6181884,-2.8781884,-5.1481886,-3.3781884,-3.4581885,-2.4181886,-2.7581885,-2.4881885,-1.2481885,-0.40818846,-0.8081885,-3.3881884,-2.5581884,-4.4081883,-4.1681886,-4.6381884,-2.3681884,0.38181153,0.6118115,4.3718114,-5.2981887,3.7318115,-0.6881885,0.8518115,-0.8981885
5.4018116,5.9018116,3.7018116,3.7018116,1.3018116,-0.71818846,-0.17818847,2.3018115,2.7418115,2.2218115,2.0918114,1.9518116,6.0518117,5.6718116,2.1218116,-2.1181884,0.5718115,-0.27818847,-2.1881886,-2.7881885,-2.0781884,-2.5981884,-2.5981884,-3.0881884,-1.4981885,-1.7081885,0.35181153,0.9818115,-1.9881885,-2.2381885,-1.6081885,-4.2781887,-4.5281887,-2.1181884,-1.4181885,-1.6081885,-1.7981884,-4.5581884,-4.2381883,-1.5681884,1.5318115
3.3718116,2.2418115,7.0918117,7.2518115,5.5818114,4.9018116,4.8618116,3.6818116,1.1318115,0.10181152,0.45181152,0.83181155,1.7018116,0.36181152,5.3218117,4.7418118,1.6318115,-1.4881885,-0.7681885,1.0018115,-0.5681885,-1.3581885,-0.42818847,-1.9281884,-2.1481886,-4.5881886,-0.79818845,-1.6081885,0.6018115,1.1718116,2.2018116,2.1718116,5.0718117,1.8918115,-0.27818847,-0.48818848,2.1018114,-0.6281885,-0.8981885,2.4518116,-6.9581885
1.1618115,0.15181153,-1.1681885,-1.4981885,0.5118115,0.14181152,1.1418115,1.1518115,2.6318116,2.0718114,2.9718115,1.5318115,0.8118115,2.5918114,1.4118115,-0.5081885,-0.32818848,-0.29818848,-0.21818848,-0.27818847,-0.22818847,-0.5581885,-0.7581885,-1.0281885,-1.1281885,0.70181155,-0.06818847,-2.6881886,0.6318115,-0.35818848,-0.14818847,0.3718115,1.6318115,2.0818114,1.6018115,-0.54818845,-2.7681885,-0.38818848,0.18181153,0.041811522,-0.7481885
-1.2581885,0.47181153,0.5618115,0.30181152,0.081811525,1.6818116,3.3518114,5.1418114,4.7918115,5.7418118,6.1818113,3.6618116,2.2618115,-0.07818848,0.7318115,-1.3681885,-2.3681884,-0.7481885,-1.2581885,1.4918115,0.33181152,1.0918115,-0.7681885,-1.3081884,-1.5281885,-1.4781885,1.7618115,2.8218114,-1.8981885,-1.4081885,2.4118116,1.6218115,1.3418115,0.8618115,-0.018188477,-1.6981884,-0.96818846,-0.9581885,-0.72818846,-0.16818848,1.8118116
-1.4381884,-2.1681886,-2.5781884,-3.6881886,-4.3381886,-5.6381884,-4.5281887,5.5518117,7.6418114,6.8018117,2.7918115,5.2318115,2.5018115,-1.0681884,-1.1081885,-1.5781884,-0.18818848,1.4518116,-0.7381885,-0.11818848,3.1618116,-1.0681884,-2.2681885,0.34181154,-0.23818848,-1.9581885,1.6918116,1.2118115,3.2318115,-0.59818846,-1.7881885,0.7318115,-3.3581884,-2.0181885,-0.6381885,-1.8981885,-1.2981884,-0.40818846,0.6818115,0.5418115,-0.8181885
-2.2181885,-2.4081886,-2.9381886,-3.6181884,-4.0281887,-3.6781886,-3.8481884,-3.3581884,-2.8281884,0.26181152,3.7618115,2.5418115,1.2118115,0.15181153,-1.4981885,-2.4081886,-0.8181885,1.8318115,1.7718115,0.97181153,1.4518116,2.0118115,1.2818115,1.6418115,2.4818115,1.1918116,0.27181152,0.45181152,3.7318115,-1.1881884,-1.2781885,0.9418115,-0.6381885,0.6118115,0.42181152,-0.47818848,1.2918115,-0.018188477,-2.2381885,-0.13818848,-0.41818848
-1.0881885,-1.5081885,-3.0781884,-3.5481884,-3.3881884,-3.2481885,-2.7281885,-2.6181884,-1.9081885,-1.9181885,-2.9281886,-2.1381884,-1.0581884,-0.048188478,-0.098188475,-0.8681885,0.48181152,-2.9281886,3.0818114,3.7318115,1.9918115,0.64181155,0.5418115,2.4218116,1.0618116,4.3718114,4.0918117,-0.41818848,2.6718116,1.6018115,0.8118115,2.4218116,1.4118115,2.4018116,2.0518115,0.8018115,0.47181153,-0.5681885,-0.53818846,-0.07818848,-0.26818848
-1.9281884,-3.4481885,-3.1681886,-4.1781883,-2.9881885,-1.8581885,-2.0181885,-1.6581885,-1.8181884,0.6818115,0.84181154,-0.8881885,-2.0181885,1.8618115,0.031811524,1.0318115,2.1018114,1.1518115,3.5718114,1.9118115,0.97181153,1.4218116,2.3118114,0.91181153,0.081811525,0.5618115,1.6418115,1.6318115,2.8518114,3.7318115,0.24181153,4.6318116,1.2718115,1.2218115,3.1118116,1.9418116,1.7918115,2.1418116,0.8018115,1.7918115,1.0818115
-4.1581883,-4.5681887,-4.7981887,-4.5381885,-2.7481885,-2.4881885,-1.2881885,-2.6381884,-5.0081882,-1.1381885,1.5218115,-0.33818847,-0.65818846,-0.78818846,-0.45818847,0.6118115,0.8818115,0.84181154,0.8618115,2.0618114,2.4118116,1.2518115,0.6018115,2.8118114,1.7918115,0.07181153,2.7818115,3.1218116,4.4218116,4.5518117,3.4518116,4.5618114,-0.048188478,2.1718116,2.5618114,-0.008188477,2.5418115,1.7518115,1.2518115,1.0518116,2.0718114
-3.3981886,-4.5281887,-4.6381884,-3.7381885,-2.4981885,-1.0381885,-0.8681885,-1.1381885,-1.1881884,-1.0381885,0.34181154,1.9118115,0.041811522,-0.8281885,0.58181155,1.0018115,0.6018115,1.7118115,0.121811524,0.65181154,2.7918115,2.6418116,0.9918115,1.3518115,3.9518116,3.0718114,2.7118115,4.3818116,4.7318115,3.1518116,6.0518117,3.9518116,2.2118115,-0.83818847,2.3418114,0.8218115,2.1718116,2.0018115,1.0218115,0.35181153,0.8118115
