wind_kz.json
{"header": {"discipline":0,"disciplineName":"Meteorological products","gribEdition":2,"gribLength":1102,"center":7,"centerName":"US National Weather Service - NCEP(WMC)","subcenter":0,"refTime":"2023-09-27T18:00:00.000Z","significanceOfRT":1,"significanceOfRTName":"Start of forecast","productStatus":0,"productStatusName":"Operational products","productType":1,"productTypeName":"Forecast products","productDefinitionTemplate":0,"productDefinitionTemplateName":"Analysis/forecast at horizontal level/layer at a point in time","parameterCategory":2,"parameterCategoryName":"UnknownDiscipline_0_Category_2","parameterNumber":2,"parameterNumberName":"UnknownParameter_D0_C2_2","parameterUnit":"Unknown","genProcessType":2,"genProcessTypeName":"Forecast","forecastTime":240,"surface1Type":103,"surface1TypeName":"Specified height level above ground","surface1Value":10.0,"surface2Type":255,"surface2TypeName":"Missing","surface2Value":0.0,"gridDefinitionTemplate":0,"gridDefinitionTemplateName":"Latitude_Longitude","numberPoints":615,"shape":6,"shapeName":"Earth spherical with radius of 6,371,229.0 m","gridUnits":"degrees","resolution":48,"winds":"true","scanMode":64,"nx":41,"ny":15,"basicAngle":0,"lo1":47.0,"la1":41.0,"lo2":87.0,"la2":55.0,"dx":1.0,"dy":1.0}, "data":
[rows 0 to 14 of 15, columns 0 to 40 of 41]
5.9518,2.1318,0.9617999,2.4717999,2.1818,2.8218,3.6018,5.3718,5.2218,6.2318,0.49179992,-3.2382002,-3.9182,-2.6282,-0.9682001,-1.3082001,-0.018200073,1.2917999,-0.5482001,-2.2182,-2.3282,-2.8782,-2.7182,-2.3282,0.39179993,-2.3382,-2.6082,-1.2182001,0.49179992,0.68179995,-1.0082,0.9817999,0.7117999,-1.2182001,-3.9382,-4.0082,-4.4682,-4.7782,-4.2082,-3.2282,-3.5082002
-0.50820005,1.0517999,8.0118,3.6818,4.3217998,4.7118,4.8417997,1.9217999,3.2517998,0.13179992,-2.7882001,-3.9882002,-2.9482,-2.4282,-1.8482001,-1.1182001,2.2017999,0.021799928,-1.6682,-3.5682,-2.2082,-1.1882001,-0.94820005,-3.0382001,-0.31820008,1.1317999,-0.80820006,-0.15820007,-1.6782001,-0.19820008,0.37179992,-0.33820006,0.051799927,-2.6882,0.47179994,0.011799927,-0.32820007,0.24179992,-0.88820004,0.5817999,1.3117999
2.5117998,12.271799,6.8217998,5.8417997,4.6618,3.6818,2.7217999,3.4318,2.2918,-0.93820006,-2.5482001,-4.2082,-3.5382001,-3.6482,-2.6982,-2.7082,-3.1282,-2.7582002,-3.4882002,-2.2382002,-4.2082,-4.0382,-3.3182,-2.9082,0.09179993,-1.7682,-2.4682,-1.6382,-1.7582,-0.61820006,-2.0382001,2.8218,-0.6582001,-1.0682001,0.111799926,-0.75820005,-0.23820007,0.7217999,0.6417999,0.6617999,1.1018
7.4818,12.931799,7.9118,10.511799,5.7218,3.7417998,3.8918,4.8518,5.1718,3.3118,-3.6382,-4.7982,-3.5082002,-3.3882,-1.5982001,-2.4782,-0.27820006,0.2817999,0.32179993,0.21179992,-2.0482001,-1.6382,-2.6582,-7.2182,-6.8382,-6.4982,-5.8882003,-9.6182,-4.4282002,-1.8582001,-2.4782,-5.9082003,-3.1082,-2.6282,-2.8882,-2.1782,-2.1982,1.3718,2.0818,0.30179992,-0.68820006
5.9018,6.9918,7.5717998,5.3018,5.0118,4.4218,5.2518,6.0818,5.7618,2.2417998,-3.7682002,-3.8182,-2.4182,-0.68820006,-2.2682002,-1.6582,1.1018,-1.8682001,-2.7582002,-4.4182,-6.0282,-7.4482,-8.6682005,-8.2482,-8.0682,-7.7282,-6.9482,-5.1482,-4.7182,-3.9582,-4.8682003,-2.7182,-1.9582001,0.2817999,2.8718,-0.74820006,-5.2482,-3.4882002,-2.6582,-1.4582001,1.0217999
4.0418,3.0818,4.6117997,0.031799927,2.3218,2.6718,4.1818,3.1618,2.1318,-1.1182001,-4.5182,-4.1482,-1.6782001,-1.1482,-2.6382,-1.7782,-1.0182,-2.9582,-3.9882002,-4.3082,-5.4882,-7.1082,-6.8182,-7.4082003,-7.2382,-6.3782,-4.3282,-6.2582,-4.6782002,-3.9482,-5.1082,-4.4482,-4.5682,-3.6182,-3.0682,-4.5682,-0.39820006,-1.3482001,2.4517999,2.3418,2.5718
2.9018,1.7318,-0.29820007,-0.048200075,1.7318,0.5317999,2.8518,2.9517999,3.7117999,-1.4982,-3.6382,-3.5382001,-1.5182,-1.7782,-2.2082,-1.6882001,-2.1182,-3.5682,-4.1982,-4.8782,-4.6382003,-4.3082,-4.5482,-4.4982,-5.4582,-4.2682,-4.1282,-3.3282,-3.3082001,-4.2282,-5.0482,-3.9482,-2.6082,-3.4882002,-3.4082,-3.0082002,-1.3482001,1.3518,-1.9682001,1.0217999,1.2118
2.0418,0.36179993,-0.07820007,0.111799926,0.7117999,-0.5782001,2.8418,3.4018,2.5618,-2.5482001,-3.0982,-1.7982001,-0.6682001,-0.6682001,-0.92820007,-2.2382002,-2.4582,-2.6682,-2.7182,-3.8782,-3.1382,-3.6782,-3.2382002,-3.6382,-3.4682,-2.7482002,-2.7582002,-3.0782,-2.6182,-3.5982,-3.1482,-2.6682,-3.0382001,-1.2182001,-3.1682,-1.4682001,-1.5382,-0.4382001,1.8217999,1.9618,1.4517999
-0.87820005,0.29179993,0.50179994,0.57179993,-0.07820007,0.8317999,0.9617999,2.3818,1.2318,-1.6582,-2.0982,-1.5582001,-0.36820006,-0.7782001,-0.36820006,-1.3582001,-1.7582,-2.7982001,-3.0982,-2.7882001,-2.5982,-2.2882001,-2.5082002,-2.3782,-2.6582,-2.3882,-1.8582001,-1.7482,-0.6682001,-1.2782,-0.74820006,-0.5982001,-0.28820008,-1.9882001,-0.9682001,-0.5482001,-0.25820008,-1.3382001,-0.75820005,0.09179993,-1.4382001
0.51179993,-0.87820005,0.21179992,0.33179992,0.081799924,1.7418,0.0017999267,1.4017999,0.051799927,2.2317998,0.51179993,-1.5182,-0.7782001,-0.5982001,-0.87820005,-0.21820007,-0.33820006,-0.94820005,-2.4782,-2.6482,-1.1782001,-1.0382,-0.73820007,-1.2282001,-1.4682001,-2.0082002,-0.41820008,-0.6582001,-0.4382001,-1.0382,-0.4682001,-0.98820007,-1.4382001,-1.9982,-1.7582,-1.0082,-1.4382001,-0.20820007,-1.3382001,0.06179993,-0.5782001
1.4217999,-0.7182001,-0.26820007,-0.4082001,-0.20820007,0.46179992,1.1917999,1.4217999,0.76179993,-0.7982001,2.0918,-1.3782,1.8217999,0.6417999,0.88179994,0.33179992,0.41179994,0.5817999,-0.48820007,-1.0382,-1.6082001,-1.8782,-0.22820008,-0.68820006,-0.88820004,-1.2182001,-0.49820006,-0.28820008,-0.32820007,0.12179992,-0.5882001,-0.5382001,-0.4082001,-0.28820008,-0.26820007,-1.3282001,-1.1482,-0.058200072,-0.5282001,0.7017999,-0.8382001
0.47179994,-0.07820007,-0.7882001,-1.0882001,-0.25820008,0.9717999,1.5417999,0.7917999,0.021799928,-0.07820007,0.82179993,1.0417999,0.47179994,0.9017999,1.9017999,0.17179993,2.0418,1.1717999,-0.18820007,0.23179993,-0.17820007,0.011799927,-0.9182001,-0.6682001,-0.32820007,0.26179993,0.14179993,0.8917999,-0.008200074,-0.5382001,0.041799925,-0.17820007,-0.18820007,-0.21820007,0.33179992,1.0018,0.19179992,-0.14820008,0.07179993,-0.4382001,-0.36820006
0.5417999,0.80179995,0.35179994,0.57179993,1.3618,0.6617999,1.3017999,-0.25820008,-1.6482,0.22179992,-0.018200073,-1.6682,-0.9182001,-1.3682001,0.29179993,2.2918,3.4617999,1.7817999,0.40179992,0.20179993,-0.21820007,0.15179993,0.32179993,-0.11820007,1.6118,1.2218,1.8817999,1.7917999,1.6817999,0.6017999,0.5417999,1.1717999,1.7817999,1.3017999,1.7418,1.6717999,1.9117999,0.17179993,1.1018,0.32179993,-0.6482001
1.4217999,1.3017999,2.7918,1.0018,0.49179992,0.29179993,0.36179993,-0.8982001,0.5317999,-0.25820008,0.24179992,0.30179992,-0.7782001,-1.2282001,-1.6382,-1.4882001,-2.2982001,-2.4182,-2.8182,-1.6482,-1.0882001,0.74179995,1.4017999,1.6417999,1.8418,1.3318,0.8317999,1.4618,1.4017999,1.2118,1.6917999,1.7118,1.6018,1.7418,2.2217999,2.0017998,1.9918,1.4618,0.62179995,0.63179994,0.041799925
1.1018,2.5518,3.1518,1.8518,2.9218,1.6817999,1.7917999,0.8317999,1.2917999,0.6517999,0.21179992,0.7017999,-0.31820008,0.20179993,-0.74820006,-0.47820008,-1.4282001,-1.6782001,-1.4882001,-2.6882,-2.4482,-2.0082002,-1.6782001,-0.73820007,-0.9782001,-0.37820008,0.50179994,0.9217999,1.3318,2.0117998,2.4018,2.5218,2.1718,1.8817999,1.7518,1.9217999,1.1317999,2.2417998,3.1618,2.1418,-1.3482001
