wind_kz.json
{"header": {"discipline":0,"disciplineName":"Meteorological products","gribEdition":2,"gribLength":1025,"center":7,"centerName":"US National Weather Service - NCEP(WMC)","subcenter":0,"refTime":"2023-10-05T06:00:00.000Z","significanceOfRT":1,"significanceOfRTName":"Start of forecast","productStatus":0,"productStatusName":"Operational products","productType":1,"productTypeName":"Forecast products","productDefinitionTemplate":0,"productDefinitionTemplateName":"Analysis/forecast at horizontal level/layer at a point in time","parameterCategory":2,"parameterCategoryName":"UnknownDiscipline_0_Category_2","parameterNumber":2,"parameterNumberName":"UnknownParameter_D0_C2_2","parameterUnit":"Unknown","genProcessType":2,"genProcessTypeName":"Forecast","forecastTime":120,"surface1Type":103,"surface1TypeName":"Specified height level above ground","surface1Value":10.0,"surface2Type":255,"surface2TypeName":"Missing","surface2Value":0.0,"gridDefinitionTemplate":0,"gridDefinitionTemplateName":"Latitude_Longitude","numberPoints":615,"shape":6,"shapeName":"Earth spherical with radius of 6,371,229.0 m","gridUnits":"degrees","resolution":48,"winds":"true","scanMode":64,"nx":41,"ny":15,"basicAngle":0,"lo1":47.0,"la1":41.0,"lo2":87.0,"la2":55.0,"dx":1.0,"dy":1.0}, "data":
[rows 0 to 14 of 15, columns 0 to 40 of 41]
0.4478174,2.3578174,2.6778173,5.1178174,0.91781735,0.15781738,1.1278174,2.9578173,2.1178174,1.6478174,5.1478176,5.1678176,0.7978174,-2.0621827,-1.4521827,-0.9121826,-0.97218263,-0.8921826,1.7278174,-0.14218262,-3.5221827,-1.2221826,0.07781738,-0.5721826,-1.1421826,-0.2521826,1.8978174,1.5778174,0.71781737,0.8078174,1.2378174,1.7678174,1.4078174,0.6078174,4.4778175,3.7078173,2.0778174,1.9578174,1.3878174,0.84781736,-1.0321826
2.6978173,0.97781736,3.8278174,2.0278175,1.2878174,0.4778174,1.9978174,0.4478174,2.2578173,2.5778174,4.0578175,2.6378174,0.9978174,-0.4621826,-0.07218262,-0.9121826,-0.20218262,0.65781736,-1.6921827,-1.1121826,-0.6421826,0.7378174,1.5778174,1.3178173,-0.012182618,-0.44218263,0.7678174,0.48781738,2.9678173,1.6978173,1.0178174,0.7678174,0.3178174,1.7578174,0.8878174,1.2378174,0.3778174,-1.7721826,0.4778174,-0.8621826,0.087817386
1.2778174,5.7178173,7.2078176,3.1478174,2.8678174,2.1478174,1.8378174,4.1778173,1.4678174,3.4878173,2.7578173,6.0278172,3.0178175,0.96781737,-0.5021826,-0.14218262,0.9578174,-0.9321826,-1.3421826,-0.6321826,-1.1221826,-1.2021827,-1.0321826,0.7978174,-1.5321826,-2.9721825,-4.2321825,-2.2921827,2.2478173,0.11781738,1.8078173,-0.9921826,-1.0821826,1.5578173,0.4078174,1.5778174,2.0878174,-0.062182616,-0.8121826,-1.7621826,0.7578174
3.8078175,6.3078175,5.8478174,3.5878174,2.7078173,3.9778173,4.1778173,3.0978174,4.127817,5.337817,7.2578173,6.3278174,4.7178173,0.30781737,-0.3021826,0.017817384,-0.18218261,-1.7221826,-1.4921826,-2.4621825,-0.6421826,1.0078174,-5.2621827,-4.872183,-4.2221828,-4.3021827,-3.5021827,-6.872183,-5.2421827,-2.8021827,1.0878174,1.4878174,-0.8021826,-1.0521827,0.057817385,1.2878174,1.0178174,1.7578174,-3.0421827,0.6278174,2.6078174
3.1878173,5.8678174,7.2278175,7.3978176,6.9778175,5.1678176,5.5378175,4.8078175,6.7078176,7.4778175,8.217817,7.0778174,5.5778174,0.12781738,-1.4321827,-0.7321826,-1.1421826,-1.3121827,-0.6121826,-1.1021826,-5.4221826,-6.0221825,-5.7621827,-5.4721828,-6.8321824,-7.6021824,-9.2321825,-6.6921825,-6.1121826,-5.182183,-4.9021826,-2.9021826,1.8678174,2.8878174,-2.6821826,-0.7521826,-1.7021827,0.6378174,-2.0321827,1.2878174,1.7478174
4.4078174,4.1778173,5.2878175,5.2078176,6.1778173,7.4478173,6.2378173,7.9278173,5.2678175,6.6978173,7.6578174,5.8478174,3.3678174,0.29781738,-0.3121826,-0.78218263,-1.5121826,-1.6621826,-1.8021827,-2.8921826,-3.8721826,-4.2421827,-4.3021827,-4.5121827,-4.9921827,-6.5221825,-6.432183,-3.6521826,-4.5421824,-3.6721826,-4.0821824,-3.6321826,-4.0921826,-3.9221826,-2.8921826,1.3978174,-0.18218261,-1.4521827,0.9278174,-2.9821825,-2.8321826
5.1478176,4.8678174,5.2578173,5.3478174,4.9078174,5.3878174,5.1778173,4.7878175,5.9778175,4.9878173,4.857817,5.127817,3.5778174,1.9578174,1.3678174,-0.5721826,-1.1321826,-1.5021826,-2.8121827,-2.6721826,-2.9021826,-2.6921825,-2.3221827,-2.5421827,-2.8421826,-3.3321826,-3.5321827,-3.3021827,-3.1221826,-1.4521827,-2.2621827,-2.1921825,-3.3921826,-2.4121826,-1.0521827,0.72781736,0.52781737,-2.3021827,-2.1421826,-1.2421826,1.0878174
5.047817,5.1678176,5.337817,5.7378173,5.0578175,5.5178175,5.1778173,4.6878176,5.357817,4.0278172,3.5178175,4.2478175,4.0378175,3.5278175,1.8978174,0.057817385,0.057817385,-0.6021826,-1.2521826,-1.5421826,-1.4321827,-0.84218264,-0.65218264,-0.8221826,-0.6721826,-0.07218262,-1.0121826,-1.1221826,-2.5221827,-1.0421826,-3.5621827,-2.4921827,-1.3921826,-0.6921826,-0.45218262,0.6178174,-0.5521826,0.45781738,3.7878175,2.9278173,2.9678173
4.8078175,4.857817,5.087817,5.3278174,5.0578175,5.1778173,5.1878176,4.857817,4.9378176,4.1878176,3.3278174,3.3778174,3.5278175,4.0278172,1.9778174,0.9378174,-0.2721826,0.9378174,0.5578174,0.8278174,-0.59218264,0.71781737,0.6078174,0.3778174,0.90781736,0.9578174,0.2878174,0.78781736,0.027817383,-0.3121826,-1.1121826,-0.53218263,-1.8521826,-0.6221826,0.13781738,-1.9021826,-1.7821826,1.1378174,-0.97218263,-0.78218263,-0.9821826
5.2778172,4.7578173,4.9378176,5.1178174,5.2178173,5.2878175,4.9078174,5.0078173,4.9178176,4.567817,3.5278175,3.1578174,3.1978173,2.7478173,4.3478174,2.7578173,1.6678174,1.7478174,1.0478173,1.4878174,2.8878174,2.5278175,1.3378174,1.7878174,1.2878174,0.07781738,0.90781736,0.78781736,0.9878174,0.19781739,0.45781738,0.017817384,-0.35218263,-0.8121826,-0.9921826,-0.7921826,0.6778174,-0.3121826,-0.24218261,-0.7421826,-0.83218265
4.6178174,4.9278173,5.2878175,5.2278175,4.9178176,4.7578173,4.7078176,4.9178176,4.8278174,3.8978174,4.6578174,3.9478173,4.3478174,3.0678174,2.5278175,3.9578173,2.5778174,1.5278174,0.6978174,0.8678174,2.5378175,1.6178174,1.9078174,1.4478173,1.6178174,0.7578174,1.1178174,1.9378173,0.91781735,0.32781738,-0.39218262,0.10781738,-0.002182617,-0.6821826,-1.1321826,-0.8921826,-0.17218262,-1.2221826,-0.29218262,-0.83218265,0.07781738
3.4478173,4.3478174,5.2678175,4.6878176,5.337817,4.8478174,4.5178175,4.5278172,4.4978175,4.337817,4.5578175,5.3478174,4.6178174,3.4578173,3.6978173,2.6278174,3.8178174,3.3478174,2.1678174,1.0878174,1.4578174,1.9678174,1.4878174,1.5678173,2.1278174,2.2078173,2.1778173,1.6678174,1.4478173,0.33781737,-0.22218262,-0.35218263,-1.1321826,-1.4321827,-2.5621827,-3.0921826,-3.3021827,-2.5121827,-1.6221826,-1.0521827,-0.8921826
2.7178173,4.1878176,4.607817,5.1678176,4.2578173,3.5678174,4.857817,5.0578175,5.9978175,4.5278172,3.6078174,4.5978174,5.2778172,4.9878173,4.9778175,4.9378176,5.5578175,5.4778175,3.8478174,1.8178173,0.9378174,1.3878174,2.0078173,1.7678174,2.2878175,2.7778175,1.7178174,1.4878174,1.8478174,1.1778173,0.8278174,0.33781737,-0.4621826,-0.36218262,-0.72218263,-1.1921827,-1.9521827,-1.3921826,-2.0221827,-2.1821826,-1.4121826
3.0978174,3.9378173,4.627817,4.9678173,5.607817,5.817817,5.7278175,6.2378173,5.7878175,5.6678176,3.6378174,3.9678173,5.7778172,5.2278175,3.7378173,4.9578176,4.3678174,6.0978174,3.5578175,3.4078174,2.6578174,2.5978174,2.3978174,2.1478174,2.3678174,1.6178174,1.0578173,1.6378174,1.5978174,1.7678174,1.2678174,1.2778174,0.8878174,0.5778174,-0.19218262,0.047817383,-0.21218261,-0.6421826,-0.6021826,-0.11218262,-1.5821826
2.5878174,4.2578173,6.1878176,5.1878176,5.817817,5.817817,5.8078175,5.6478176,6.1878176,5.0178175,3.4678173,4.6678176,4.317817,3.8478174,4.7878175,1.1578174,4.607817,4.1678176,5.4578176,4.4078174,3.3078175,2.4578173,2.4578173,2.6878173,1.5778174,1.2878174,1.7378174,1.2478174,1.7078174,1.7478174,1.9478173,1.5978174,1.4578174,2.0978174,1.5478173,1.2978173,1.0578173,1.5378174,0.35781738,0.087817386,-0.58218265
