wind_kz.json
{"header": {"discipline":0,"disciplineName":"Meteorological products","gribEdition":2,"gribLength":1025,"center":7,"centerName":"US National Weather Service - NCEP(WMC)","subcenter":0,"refTime":"2024-02-03T00:00:00.000Z","significanceOfRT":1,"significanceOfRTName":"Start of forecast","productStatus":0,"productStatusName":"Operational products","productType":1,"productTypeName":"Forecast products","productDefinitionTemplate":0,"productDefinitionTemplateName":"Analysis/forecast at horizontal level/layer at a point in time","parameterCategory":2,"parameterCategoryName":"UnknownDiscipline_0_Category_2","parameterNumber":3,"parameterNumberName":"UnknownParameter_D0_C2_3","parameterUnit":"Unknown","genProcessType":2,"genProcessTypeName":"Forecast","forecastTime":0,"surface1Type":103,"surface1TypeName":"Specified height level above ground","surface1Value":10.0,"surface2Type":255,"surface2TypeName":"Missing","surface2Value":0.0,"gridDefinitionTemplate":0,"gridDefinitionTemplateName":"Latitude_Longitude","numberPoints":615,"shape":6,"shapeName":"Earth spherical with radius of 6,371,229.0 m","gridUnits":"degrees","resolution":48,"winds":"true","scanMode":64,"nx":41,"ny":15,"basicAngle":0,"lo1":47.0,"la1":41.0,"lo2":87.0,"la2":55.0,"dx":1.0,"dy":1.0}, "data":
[rows 0 to 14 of 15, columns 0 to 40 of 41]
-1.3250146,-3.2050147,0.80498534,-0.45501465,-2.1250145,-2.3850145,-0.9250147,-0.18501465,0.35498536,-0.96501464,-2.1150146,-1.2850146,-2.3550146,-3.0750146,-4.045015,-4.145015,-4.5350146,-3.5550146,-6.1750145,-3.0050147,1.1849854,1.1449853,0.35498536,-1.8250146,-1.3250146,-2.5850146,-2.0850146,-0.19501466,3.2549853,4.0849853,-1.7250147,-2.8350146,2.2749853,-1.2150147,-0.30501464,-1.1050147,-1.1650146,-0.47501466,-0.19501466,0.40498534,0.55498534
5.0149856,-0.14501464,0.17498535,-3.0850146,-3.1850147,-2.1050146,-0.17501464,0.8249853,1.6949854,0.5149853,-0.58501464,-1.8750147,-2.4550147,-3.8750145,-4.315015,-2.6350145,-2.2450147,-1.6850146,-2.1250145,-2.6250145,-1.7950146,-2.5650146,0.66498536,1.7449853,-3.4750147,-3.5850146,-4.4250145,1.2349854,1.0749854,1.3549854,7.2449856,6.7849855,0.21498536,-1.6850146,-5.0350146,-2.1650147,-0.7350147,-2.1950147,-0.34501466,-0.77501464,0.84498537
-0.84501463,-3.0550146,-4.775015,-4.4550147,-4.545015,-1.9150146,-0.18501465,1.2549853,2.6349854,2.4249854,1.9549854,0.5149853,-0.43501464,-0.22501464,-1.7350147,-2.5150146,-1.1750146,-0.96501464,-1.4750147,-1.0650146,-2.8250146,-2.1850147,-4.025015,-1.6250147,0.55498534,1.9949853,0.66498536,0.60498536,-0.8650147,3.2449853,5.0449853,2.6349854,3.0549853,-2.3450146,-0.23501465,1.4049853,4.684985,0.10498535,1.0049853,-0.6650146,-0.16501465
1.6849854,1.2649853,-2.0950146,-3.7050147,-3.5950146,-0.9750146,0.92498535,3.1649854,3.3549852,3.2249854,2.5549853,1.9549854,2.6449854,1.4249854,-0.09501465,-0.6650146,0.24498536,0.40498534,-0.9250147,-3.0250146,-4.2150145,-1.7050147,3.6549854,0.33498535,-0.19501466,-0.41501465,0.014985352,-2.1250145,4.5849853,3.9849854,0.114985354,-0.48501465,-0.76501465,0.55498534,-1.1550146,-3.6350145,-1.9950147,2.6449854,2.2749853,2.0549853,-0.69501466
0.68498534,1.7149854,1.5649854,1.0049853,0.79498535,1.1049854,1.1749854,2.3249853,2.8449852,3.9049854,3.9749854,3.7649853,3.4549854,3.8249853,3.8849854,2.6149855,2.1649854,1.4249854,0.36498535,-1.2250147,0.35498536,0.34498537,0.21498536,0.40498534,-0.36501464,-1.2850146,-0.23501465,-1.4050146,-0.71501464,-1.7450147,-1.9750147,0.94498533,3.2449853,4.104985,-1.3450147,-0.95501465,0.75498533,0.17498535,-2.5750146,-1.4850147,0.12498535
-0.23501465,0.8849853,1.6249853,2.3249853,1.8849853,1.9949853,2.6149855,2.2149854,2.9049854,2.3949854,3.9049854,4.5449853,3.1449854,3.8649855,3.2849853,4.454985,3.8349853,3.3149853,1.9449854,1.4849854,1.2249854,2.2649853,2.9749854,1.0049853,1.1149853,0.68498534,-0.40501463,-0.50501466,-0.33501464,-0.77501464,-1.0650146,-0.5350146,-0.32501465,-0.80501467,2.3849854,2.1949854,3.9149854,2.4249854,-0.11501465,-2.1950147,-0.87501466
0.60498536,0.25498536,0.9549854,1.6649853,2.0249853,2.2449853,3.0249853,3.0849853,3.3849854,3.7049854,4.374985,4.0749855,4.7449856,4.224985,4.5249853,6.2749853,6.6749854,4.9049854,4.7849855,3.6749854,3.3249853,3.7549853,4.184985,3.7449853,2.6849854,2.1349854,-1.0150146,-0.37501466,-1.8150146,0.53498536,0.0049853516,-1.6050147,-3.0350146,-0.14501464,-1.2350147,-2.3550146,-3.7050147,-0.055014648,0.35498536,-0.59501463,0.16498536
1.1049854,1.8549854,1.4849854,1.7049854,1.5949854,2.5449853,3.0149853,3.6849854,4.2649856,4.1949854,5.124985,5.0049853,3.8649855,4.2749853,4.474985,5.6549854,8.014985,8.464985,8.304985,7.3849854,5.224985,4.4049854,4.0049853,5.724985,5.5949855,4.2949853,5.6949854,0.59498537,0.48498535,-1.2850146,-0.35501465,1.0549854,-0.96501464,0.46498534,1.3749853,0.94498533,-1.2250147,0.59498537,-0.64501464,0.56498533,-0.28501466
0.49498534,1.2949853,1.8949853,1.6549853,1.7449853,1.8349854,3.3049853,3.9049854,4.7849855,5.0749855,4.434985,4.6349854,3.9349854,3.3349853,2.3249853,4.934985,6.7649856,9.094985,10.504986,10.514985,7.7749853,8.234985,8.504986,7.5749855,7.4649854,6.2949853,3.9849854,5.184985,5.0649853,3.3549852,3.9349854,5.4949856,6.8649855,5.434985,3.3849854,2.6449854,-3.1950147,1.8449854,2.0349853,2.1049852,-1.2150147
0.6449854,1.4349854,2.4649854,1.6149853,1.7549853,2.3149853,3.2849853,3.7349854,4.0749855,5.0049853,4.4949856,4.6349854,4.4949856,3.3549852,2.8949854,2.9349854,5.9249854,8.004986,8.854985,9.544986,10.274985,9.134985,9.424985,9.534986,9.034986,8.314985,6.7549853,6.3849854,5.5949855,3.8649855,4.1549854,5.0149856,6.6349854,5.5949855,3.8349853,2.3849854,1.2549853,-2.7050147,1.1849854,4.1949854,3.7749853
0.74498534,1.8449854,2.3349853,2.5549853,2.2449853,3.2349854,3.4049854,3.5149853,4.0749855,4.104985,4.1149855,4.2649856,3.6749854,3.7949853,3.0449853,3.0349853,4.6149855,6.1549854,7.5649853,8.444985,8.364985,7.9949856,7.7649856,9.104985,7.7649856,7.9849854,7.2949853,7.5349855,6.7649856,3.3049853,5.0949855,3.8749855,4.1549854,4.7949853,5.684985,4.4949856,1.8849853,3.2349854,2.2449853,1.5449853,0.10498535
-1.1350147,2.4949853,2.8249853,2.1649854,1.1749854,2.3649855,3.4449854,4.2749853,3.8849854,4.1549854,3.8949854,2.4349854,3.3349853,3.2049854,2.7749853,2.8649855,3.6849854,4.894985,6.224985,6.374985,7.0349855,6.7349854,6.5349855,6.604985,6.7949853,6.7149854,6.604985,6.2349854,5.704985,4.604985,4.354985,4.5649853,4.0149856,4.6149855,4.894985,5.9449854,3.1549854,1.8149854,0.7649853,0.23498535,0.22498535
-0.48501465,2.1049852,2.5949852,3.0049853,2.4149854,0.87498534,3.5849853,4.1949854,4.474985,1.5249853,0.72498536,1.6849854,1.0049853,2.0149853,2.3049853,2.3249853,1.6849854,2.5849853,2.4849854,2.8749855,4.9449854,5.144985,5.0949855,4.7749853,4.6949854,4.9249854,4.224985,4.0949855,4.0549855,3.7849853,4.3049855,4.7649856,4.874985,5.2349854,5.5649853,5.704985,4.934985,2.4349854,2.2049854,1.5449853,-0.38501465
-0.45501465,2.2449853,3.2749853,2.0849853,1.4349854,1.3349854,3.4249854,4.624985,2.5749853,4.3349853,1.0649854,0.35498536,0.54498535,0.53498536,1.3649853,1.1849854,1.2849853,1.3949853,1.3149854,1.5749854,1.3649853,1.6749854,2.4249854,2.6549854,2.1049852,2.5149853,3.1349854,3.1849854,2.9649854,3.0549853,3.0749853,3.7749853,4.5849853,5.0249853,4.434985,5.1149855,4.0649853,3.3749855,1.8549854,3.5649853,2.2149854
-0.21501465,1.7049854,0.91498536,1.7349854,2.0549853,2.6549854,3.5649853,3.1649854,4.1749854,4.414985,1.6249853,1.3549854,1.2949853,0.5249854,2.4049854,1.5749854,1.6449853,1.4749854,0.86498535,1.7249854,1.6749854,1.7549853,1.6749854,1.7849853,1.7249854,1.7749853,2.1849854,1.8249854,2.8249853,3.0949852,3.6049852,4.4249854,4.3849854,5.0649853,5.414985,5.1949854,5.2649856,4.7949853,2.3349853,3.8349853,1.9249854
