wind_kz.json
{"header": {"discipline":0,"disciplineName":"Meteorological products","gribEdition":2,"gribLength":1025,"center":7,"centerName":"US National Weather Service - NCEP(WMC)","subcenter":0,"refTime":"2024-04-07T12:00:00.000Z","significanceOfRT":1,"significanceOfRTName":"Start of forecast","productStatus":0,"productStatusName":"Operational products","productType":1,"productTypeName":"Forecast products","productDefinitionTemplate":0,"productDefinitionTemplateName":"Analysis/forecast at horizontal level/layer at a point in time","parameterCategory":2,"parameterCategoryName":"UnknownDiscipline_0_Category_2","parameterNumber":3,"parameterNumberName":"UnknownParameter_D0_C2_3","parameterUnit":"Unknown","genProcessType":2,"genProcessTypeName":"Forecast","forecastTime":240,"surface1Type":103,"surface1TypeName":"Specified height level above ground","surface1Value":10.0,"surface2Type":255,"surface2TypeName":"Missing","surface2Value":0.0,"gridDefinitionTemplate":0,"gridDefinitionTemplateName":"Latitude_Longitude","numberPoints":615,"shape":6,"shapeName":"Earth spherical with radius of 6,371,229.0 m","gridUnits":"degrees","resolution":48,"winds":"true","scanMode":64,"nx":41,"ny":15,"basicAngle":0,"lo1":47.0,"la1":41.0,"lo2":87.0,"la2":55.0,"dx":1.0,"dy":1.0}, "data":
[rows 0 to 14 of 15, columns 0 to 40 of 41]
2.3658526,2.1858528,2.5158527,9.215853,5.4358525,3.3958526,1.1758527,0.80585265,0.7858527,0.56585264,-2.1441474,-3.5241473,-4.5041475,-5.2541475,-6.3941474,-6.2441473,-7.1441474,-6.864147,-8.084147,-7.3341475,-6.9641476,-6.154147,-6.134147,1.2458527,2.5758526,0.9558527,1.1458527,0.49585265,-1.1741474,-2.3941474,-2.5241473,-2.2141473,1.5058527,3.3658526,-0.15414734,1.9958527,2.5158527,1.2358527,-0.37414733,0.82585263,-1.5941473
2.2458527,-1.9141474,10.485852,9.425853,6.575853,4.425853,4.9558525,2.5458527,0.93585265,-0.62414736,0.025852662,-3.2041473,-3.0641472,-5.0441475,-6.3041472,-5.9741473,-6.2641473,-6.6841474,-7.424147,-7.8941474,-8.014148,-6.884147,-4.2641473,-4.7941475,-0.014147338,-1.7741474,-0.9841473,-1.2841474,1.3458526,-0.20414734,-1.5641474,-1.8741473,-2.2841473,-2.3241472,-0.93414736,5.385853,2.2458527,2.9658527,-0.9741473,1.5558527,-0.8541473
-1.8541473,4.2558527,7.6958528,5.885853,4.6958528,4.9758525,3.5258527,3.0958526,2.8358526,0.7058527,-1.3641473,-2.9841473,-4.0141473,-4.7441473,-5.2241473,-5.8041472,-6.0341473,-6.7641473,-7.3541474,-8.074147,-8.994147,-3.9441473,-6.4941473,-5.0541472,-4.8741474,-3.5641472,-2.7141473,-1.0741473,0.5958527,2.9358528,-1.0041473,-1.4941473,-1.6641474,-2.5541472,1.9358526,-1.8441473,-2.3241472,-6.134147,-2.8341475,1.7958527,1.7258526
3.6858528,6.7158527,6.2558527,5.4158525,7.7558527,6.575853,4.095853,4.5358524,2.2958527,0.91585267,-0.61414737,-1.4941473,-2.0341473,-4.4741473,-5.6241474,-4.7141476,-5.634147,-6.2041473,-6.824147,-7.424147,-7.2241473,-4.1841474,-4.6041474,-5.154147,-4.7241473,-4.2641473,-4.944147,-3.1241474,-2.1341474,-3.8241472,-4.324147,-2.2941473,0.54585266,2.8258526,0.025852662,0.74585265,2.3958526,2.7258527,-2.2241473,-1.7941474,-3.5141473
7.0158525,6.155853,5.115853,3.3458526,1.9158527,4.0358524,3.4458528,2.0758526,0.91585267,-0.51414734,-1.0541474,1.8158526,1.7258526,-1.7341473,-4.2441473,-4.2041473,-4.864147,-5.6641474,-5.8141475,-6.5641475,-6.1241474,-5.8141475,-5.6441474,-5.0841475,-5.9141474,-2.9241474,-2.7441473,-3.0641472,-2.8641474,-1.4441473,-1.9041474,-0.21414734,3.9458528,4.0258527,0.72585267,1.4658526,0.54585266,3.5358527,0.32585266,-1.7241473,-0.7841473
8.695852,8.295853,0.57585263,-0.86414737,-2.8341475,-4.2141476,-3.3641474,1.0158527,1.2258526,-1.1441474,-0.7341473,3.3158526,2.4258528,0.7758527,-2.8141472,-2.9441473,-4.2941475,-4.4741473,-5.574147,-5.7041473,-5.7041473,-5.4541473,-5.614147,-5.0341473,-5.3741474,-5.7441473,-6.0541472,-1.9841473,-2.7741473,-2.4241474,-0.7841473,-1.6041473,6.2258525,2.7258527,3.7558527,-3.5341473,0.28585267,-1.2641473,-0.12414734,-2.6941473,0.75585264
8.415853,8.025852,8.145853,5.9558525,3.1358526,3.1758528,1.6158527,0.87585264,0.72585267,0.50585264,1.3058527,1.3458526,1.6858526,0.27585265,0.99585265,-0.23414734,-1.3441473,-2.4941473,-3.6141474,-4.634147,-4.6441474,-4.134147,-4.7341475,-4.8341475,-5.0241475,-4.5641475,-4.6241474,-6.0341473,-6.1641474,0.30585265,-2.3641474,-1.4341474,1.9758526,2.6858528,1.4658526,1.0058527,-1.0941473,4.2658525,-0.5341473,0.66585267,-0.86414737
5.4858527,5.7058525,6.7158527,6.2758527,5.825853,4.9458528,1.9658526,-0.034147337,1.2558527,1.5958526,0.8458527,0.57585263,-0.074147336,-0.034147337,-0.114147335,-0.014147338,-0.43414733,-0.8541473,-1.1141473,-2.1141474,-3.3341475,-3.0741472,-2.9441473,-2.9341474,-3.4841473,-4.574147,-5.074147,-5.4841475,-5.154147,-4.844147,-4.154147,-3.2541473,1.4058527,1.5958526,4.3558526,6.7258525,-1.6241473,1.9658526,0.85585266,-0.57414734,-0.20414734
4.9958525,5.2558527,4.805853,4.8958526,3.9458528,2.5458527,1.5458527,0.85585266,0.7658527,-0.56414735,-1.4341474,-1.1941473,-0.7341473,-1.4441473,-2.2941473,0.09585266,0.54585266,0.47585267,0.75585264,-0.64414734,-1.7841474,-2.7841473,-2.9441473,-2.4641473,-2.5441473,-2.3841474,-2.1241474,-2.3441474,-3.0941474,-3.6241474,-4.0441475,-3.9941473,-0.68414736,-2.1141474,1.9358526,3.2958527,3.4258528,0.50585264,0.62585264,1.1458527,0.16585267
4.8158526,3.9558527,3.4558527,2.5558527,2.0858526,2.0258527,1.0158527,1.3358526,1.4358526,0.5358527,-0.75414735,-1.6341473,-2.6041474,-2.8941474,-3.1141474,-4.0841475,-3.7041473,-2.2041473,2.4658527,2.3658526,1.7958527,0.12585266,-0.67414737,-0.39414734,-0.38414735,-1.1741474,-0.95414734,-1.5541474,-1.1641474,-2.4041474,-3.1341474,-6.3741474,-6.0441475,-0.55414736,-2.0341473,2.9158525,0.98585266,-2.9241474,0.63585263,3.3458526,2.7158527
4.305853,4.0258527,3.8858526,3.7358527,2.7958527,1.6758527,0.5858527,0.39585266,-1.8141474,-2.7641473,-2.3541474,-2.3341475,-2.3741474,-3.0841475,-4.384147,-4.2141476,-3.7541473,-3.1041474,-1.9841473,0.14585266,2.9058526,1.4858527,1.2858527,1.7258526,1.1858526,0.98585266,0.7758527,-1.1241473,-2.0841475,-3.2841473,-3.8941474,-3.8741474,-2.6841474,-1.7941474,2.9858527,4.1658525,2.2658527,2.7258527,3.6458526,1.0258527,0.72585267
3.4158525,3.0858526,2.1658525,0.33585265,0.015852662,-0.22414733,-1.0041473,-0.87414736,-0.9741473,-1.6141473,-1.4441473,-1.5941473,-2.6541474,-1.6941473,-2.6641474,-4.424147,-7.6241474,-5.7241473,-5.7641473,-3.4241474,0.21585266,1.7558527,2.7258527,3.6858528,3.3358526,1.6258527,1.3458526,-0.15414734,-1.9941473,-2.7541473,-2.8541474,-4.3941474,-3.1241474,-2.7141473,1.6858526,5.2158527,4.2758527,4.615853,2.6658525,-0.74414736,-0.5341473
1.5258527,0.49585265,0.74585265,0.36585265,-0.7341473,-1.2241473,-1.5041473,-1.8041474,-2.5841475,-4.5041475,-3.0041473,-3.0741472,-4.7041473,-4.9841475,-4.4141474,-4.6241474,-5.594147,-5.634147,-2.4641473,0.13585266,0.005852661,1.1258527,3.3458526,3.8758526,3.9158525,2.7358527,0.15585266,-2.0641472,-2.9041474,-3.3641474,-3.2141473,-3.8341475,-3.5241473,-3.0941474,-4.2041473,-0.5341473,-1.0741473,-0.61414737,0.60585266,0.61585265,-0.16414733
0.12585266,-1.9441473,-2.2241473,-2.3841474,-3.2141473,-4.3041472,-4.3341475,-3.3441474,-3.3341475,-3.2941473,-0.74414736,-1.0441474,-2.6441474,-4.5641475,-5.6641474,-5.7841473,-5.6841474,-5.2241473,-6.0041475,-4.8741474,-4.904147,-1.6441474,0.98585266,2.5858526,2.0758526,1.9858527,1.5658526,-0.09414734,-1.6141473,-2.1541474,-2.7341473,-2.1141474,-2.2741473,-1.2841474,-1.6841474,-1.8941474,-1.6341473,-2.5541472,-1.9541473,-0.6541473,-0.36414734
-0.074147336,-0.74414736,-1.9241474,-0.87414736,-0.8441473,-0.77414733,-0.9041473,-2.6041474,-3.6541474,-3.9841473,-2.5841475,-2.3541474,-2.2241473,-1.6741474,-4.654147,-5.9741473,-6.6441474,-6.9341474,-6.9941473,-6.3941474,-4.5141473,-2.0841475,-0.114147335,1.1758527,1.8258526,1.9158527,1.4658526,0.97585267,0.5258527,0.60585266,0.015852662,-0.80414736,-0.7241473,-0.74414736,-0.14414734,0.72585267,0.28585267,0.5258527,1.9158527,1.8658527,0.19585267
