wind_kz.json
{"header": {"discipline":0,"disciplineName":"Meteorological products","gribEdition":2,"gribLength":1025,"center":7,"centerName":"US National Weather Service - NCEP(WMC)","subcenter":0,"refTime":"2023-10-03T18:00:00.000Z","significanceOfRT":1,"significanceOfRTName":"Start of forecast","productStatus":0,"productStatusName":"Operational products","productType":1,"productTypeName":"Forecast products","productDefinitionTemplate":0,"productDefinitionTemplateName":"Analysis/forecast at horizontal level/layer at a point in time","parameterCategory":2,"parameterCategoryName":"UnknownDiscipline_0_Category_2","parameterNumber":2,"parameterNumberName":"UnknownParameter_D0_C2_2","parameterUnit":"Unknown","genProcessType":2,"genProcessTypeName":"Forecast","forecastTime":0,"surface1Type":103,"surface1TypeName":"Specified height level above ground","surface1Value":10.0,"surface2Type":255,"surface2TypeName":"Missing","surface2Value":0.0,"gridDefinitionTemplate":0,"gridDefinitionTemplateName":"Latitude_Longitude","numberPoints":615,"shape":6,"shapeName":"Earth spherical with radius of 6,371,229.0 m","gridUnits":"degrees","resolution":48,"winds":"true","scanMode":64,"nx":41,"ny":15,"basicAngle":0,"lo1":47.0,"la1":41.0,"lo2":87.0,"la2":55.0,"dx":1.0,"dy":1.0}, "data":
[rows 0 to 14 of 15, columns 0 to 40 of 41]
2.8949316,-1.1450684,1.4249316,8.274932,9.304932,4.7649317,0.61493164,-5.9950686,-7.7550683,-3.7050683,-4.1950684,-4.5250683,-4.645068,-3.9650683,-3.8150682,-3.2450683,-2.3150682,-4.185068,-7.0950685,-4.1950684,-4.185068,-2.1050684,-2.0250683,-2.3950684,-0.105068356,-2.0550683,-3.2750683,0.03493164,0.92493165,-0.17506836,-0.43506837,2.0949316,1.6449317,0.7049316,-1.2950684,-0.36506835,-0.20506836,-0.41506836,0.74493164,-0.7950684,-0.7350684
-0.5450684,0.19493164,7.5549316,7.1749315,4.9549317,2.9249315,-4.5750685,-7.4050684,-4.9950686,-3.4350684,-3.4350684,-4.935068,-3.5850685,-2.6950684,-2.6250684,-3.2250683,-4.6550684,-6.0050683,-5.355068,-3.4450684,-3.7050683,-2.0750685,-2.0450683,-2.8950684,1.0949316,1.1449317,-0.45506835,2.0449317,0.15493163,-0.5550684,0.36493164,-0.31506836,-0.18506835,-2.2450683,-0.0050683594,-1.2250683,-1.5750684,-0.76506835,0.14493164,0.74493164,-0.77506834
2.0049317,8.204931,7.7049317,4.064932,2.7749317,-6.4250684,-6.7150683,-4.625068,-5.165068,-5.5950685,-3.9550683,-4.5150685,-3.4750683,-2.5950685,-5.8250685,-6.0150685,-6.085068,-5.2350683,-3.7050683,-1.7450683,-0.45506835,-3.9050684,-5.1350684,-5.185068,-0.105068356,-3.1450684,-2.7850683,0.24493164,-2.6550684,-0.41506836,-1.0550684,1.0549316,0.04493164,0.19493164,-0.8550684,-1.0450684,0.46493164,-1.7150683,4.3849316,0.66493165,1.9749316
2.6349316,4.584932,0.32493165,0.23493165,-5.2350683,-5.5050683,-5.665068,-4.5450683,-4.7650685,-4.915068,-3.9650683,-4.2150683,-3.1550684,-3.3150682,-5.5450683,-4.7850685,-4.5650682,-5.0150685,-4.0150685,-3.2450683,-3.7850683,-2.4050684,-1.0650684,-3.4550683,-3.4350684,-2.9050684,-2.2050683,-2.5850685,-0.9150684,-0.12506837,0.79493165,-1.4750683,2.4049315,-1.0050683,-3.6450684,-2.6250684,0.96493167,1.9849316,-0.78506833,-0.105068356,3.1749315
-0.41506836,-6.835068,-4.2650685,-0.72506833,-2.4650683,-5.9450684,-6.4250684,-4.4450684,-4.2550683,-4.2250686,-3.8950684,-4.1950684,-4.2750683,-5.8650684,-6.9650683,-4.4450684,-4.2050686,-3.9450684,-3.6950684,-3.8650684,-4.085068,-3.8250685,-3.6250684,-2.9250684,-2.8450685,-2.0250683,-1.3150684,1.5549316,1.1449317,0.25493163,0.34493163,0.61493164,-1.1850684,1.2149316,0.26493165,1.9549316,2.3249316,2.0249317,-4.105068,-0.77506834,1.6349317
-0.7450684,-0.51506835,-5.9650683,-5.9050684,-4.415068,-7.8150682,-3.7150683,-4.125068,-3.5550683,-3.1950684,-2.8550684,-3.0250683,-3.6750684,-5.4950686,-4.835068,-3.4450684,-3.7550683,-3.6450684,-2.6450684,-3.6450684,-3.5950685,-2.7650683,-2.9350684,-2.6550684,-2.3950684,-2.6550684,-0.25506836,0.41493165,0.014931641,1.3149316,-0.12506837,0.41493165,0.85493165,-0.83506835,-0.37506837,-0.95506835,0.37493163,-0.9950684,4.5949316,3.1149316,-0.15506835
-0.28506836,-1.0850683,-2.7250683,-3.8750684,0.08493164,-2.9050684,-3.3150682,-3.4050684,-3.1550684,-2.7850683,-2.9750683,-2.7350683,-2.6250684,-3.2850683,-3.9450684,-3.4350684,-2.3850684,-2.2350683,-4.0250683,-4.2450686,-3.4250684,-2.5750685,-2.5050683,-2.1050684,-1.6350684,-1.1350684,-0.6650684,0.68493164,2.5949316,1.3749317,2.3549316,2.0849316,-0.19506836,-4.395068,-1.7450683,-2.7950683,-0.30506837,1.7349316,-0.47506836,0.91493165,3.4349318
0.38493165,-0.27506837,-1.4650683,-4.7250686,-0.40506837,1.8249316,1.3449316,-0.26506835,-2.4650683,-1.7750684,-2.4350684,-3.4350684,-3.6250684,-3.9850683,-3.3550684,-3.3350685,-3.9850683,-3.7750683,-3.4550683,-3.7450683,-2.9150684,-2.7450683,-2.2450683,-2.8850684,-2.2150683,-1.8150684,-1.8850684,-2.1650684,-2.2350683,-2.0750685,-1.9850683,-0.5550684,-0.43506837,0.7049316,0.05493164,1.2249316,0.31493163,3.8649316,3.0749316,3.2949317,0.97493166
2.4349318,2.4849317,1.5249317,2.3249316,1.7049316,1.3349316,3.6749315,5.4249315,1.9649316,-1.6050683,-1.1750684,-1.6250683,-1.7750684,-2.4350684,-1.7650684,-3.1050684,-3.5650682,-3.7250683,-3.3650684,-3.3850684,-3.4250684,-2.6550684,-2.2550683,-2.6750684,-2.3050683,-2.0950685,-2.3750684,-1.9350684,-0.84506834,-1.2250683,-0.78506833,-2.1050684,1.7149316,-1.6150683,-2.0150683,0.09493164,-0.45506835,2.0149317,-1.0450684,0.19493164,-1.0750684
0.96493167,0.78493166,1.9549316,1.8449316,1.8149316,0.8349316,1.0749316,6.6349316,3.0549316,-1.7450683,-0.82506835,-0.88506836,-1.1450684,-1.0650684,-1.5750684,-1.7550683,-2.4550683,-2.2550683,-2.7350683,-2.9850683,-2.4550683,-2.0150683,-1.8150684,-2.6450684,-2.5950685,-3.1650684,-2.9250684,-2.4150684,-1.3050684,-1.2950684,0.42493165,0.13493164,-1.5650684,-2.4150684,-1.9250684,-0.87506837,-0.48506835,-0.65506834,-1.1750684,0.09493164,-1.4050684
2.0249317,1.5649316,2.4349318,2.2649317,2.5049317,1.2249316,1.8449316,2.9249315,1.4449316,-1.0250684,-1.1250683,-0.22506836,-0.40506837,-0.34506837,0.29493165,-0.46506837,0.22493164,-0.68506837,-2.1850684,-1.7750684,-1.9650683,-2.2050683,-1.9650683,-2.5250683,-2.4250684,-2.3750684,-1.7750684,-1.2950684,-1.3650683,-0.70506835,-1.2650684,-1.3350683,-2.8950684,-2.1850684,0.5149316,0.5049316,-0.70506835,-0.7950684,-0.34506837,0.67493165,-1.5450684
0.15493163,-1.0450684,-0.82506835,0.8849316,1.8149316,1.3449316,1.1049316,0.44493163,-0.72506833,-0.41506836,-1.8950684,0.10493164,-0.08506836,0.66493165,1.8549316,1.2549317,1.1949316,1.4649316,-0.15506835,0.04493164,-0.95506835,0.16493164,-0.52506834,-1.0150684,-1.4950683,-1.7650684,-1.1950684,-0.9250684,-1.6350684,-1.8750683,-1.8150684,-2.5150683,-1.7750684,-2.6650684,-1.8850684,-1.8650683,-2.3350685,-1.2050683,0.14493164,-0.03506836,-0.44506836
0.32493165,0.86493164,0.37493163,0.29493165,0.26493165,3.5349317,0.66493165,0.7649316,1.0549316,-2.0750685,-0.23506837,0.6449316,0.91493165,1.1549317,2.0549316,1.6549317,1.6249317,1.5949316,1.2949317,0.73493165,0.08493164,0.98493165,0.91493165,0.004931641,1.9149317,-0.16506836,-0.32506835,-0.43506837,-1.3150684,-1.0550684,-1.4450684,-1.7050683,-1.7850684,-2.2450683,-1.4850683,-2.0750685,-1.8850684,-1.3750683,-2.4650683,-1.2850684,-0.8550684
1.5849316,1.4049317,2.0949316,1.0549316,0.78493166,1.3049316,0.72493166,1.2949317,1.7249316,1.2049316,0.44493163,0.71493167,1.6849316,2.4849317,2.2849317,2.4549317,1.9849316,1.2749317,0.47493163,1.1949316,1.1649317,1.4949317,1.9649316,1.5949316,1.5049317,1.2549317,1.1949316,1.6149316,1.1649317,1.0449317,0.6349316,0.03493164,-0.42506835,-0.58506835,-0.43506837,-0.87506837,-1.1050683,-1.0350684,-1.0750684,-0.70506835,-0.26506835
1.4549316,2.5049317,3.2149317,2.5749316,1.6149316,1.3149316,1.3449316,1.5949316,2.6949317,1.6849316,-0.12506837,2.9749317,0.5849316,0.5849316,1.9149317,4.2249317,2.7849317,2.0749316,1.2949317,1.7249316,1.4449316,1.5649316,1.7849317,1.9249316,1.9149317,1.9549316,2.1349316,2.3349316,2.4149315,2.4649317,2.8349316,2.2749317,1.6949316,1.7549317,1.8049316,2.1049316,0.65493166,1.1849316,1.2149316,0.91493165,-0.64506835
