wind_kz.json
{"header": {"discipline":0,"disciplineName":"Meteorological products","gribEdition":2,"gribLength":1025,"center":7,"centerName":"US National Weather Service - NCEP(WMC)","subcenter":0,"refTime":"2023-09-08T06:00:00.000Z","significanceOfRT":1,"significanceOfRTName":"Start of forecast","productStatus":0,"productStatusName":"Operational products","productType":1,"productTypeName":"Forecast products","productDefinitionTemplate":0,"productDefinitionTemplateName":"Analysis/forecast at horizontal level/layer at a point in time","parameterCategory":2,"parameterCategoryName":"UnknownDiscipline_0_Category_2","parameterNumber":2,"parameterNumberName":"UnknownParameter_D0_C2_2","parameterUnit":"Unknown","genProcessType":2,"genProcessTypeName":"Forecast","forecastTime":0,"surface1Type":103,"surface1TypeName":"Specified height level above ground","surface1Value":10.0,"surface2Type":255,"surface2TypeName":"Missing","surface2Value":0.0,"gridDefinitionTemplate":0,"gridDefinitionTemplateName":"Latitude_Longitude","numberPoints":615,"shape":6,"shapeName":"Earth spherical with radius of 6,371,229.0 m","gridUnits":"degrees","resolution":48,"winds":"true","scanMode":64,"nx":41,"ny":15,"basicAngle":0,"lo1":47.0,"la1":41.0,"lo2":87.0,"la2":55.0,"dx":1.0,"dy":1.0}, "data":
[rows 0 to 14 of 15, columns 0 to 40 of 41]
-2.6998267,1.7501733,0.31017333,0.44017333,-0.65982664,0.16017334,1.3501734,1.6901734,2.9801733,3.2701733,4.8501735,6.480173,8.070173,8.340174,7.5901732,7.650173,6.360173,5.920173,3.6801734,-4.0098267,-1.5498266,-0.38982666,-1.6898266,3.2401733,-1.1698266,0.8301733,0.9401733,4.7401733,2.0101733,2.4201734,0.20017333,2.4601734,1.0001733,-1.3198266,-1.9898267,-1.5498266,-0.76982665,-0.24982665,1.1401733,-0.99982667,-2.1398268
1.6001734,0.73017335,0.78017336,0.79017335,0.6901733,1.8301734,3.0401733,1.0001733,3.7301733,4.9501734,6.7501736,8.510174,9.480173,9.0801735,8.760174,7.710173,7.0701733,7.670173,-2.0598266,-3.3498266,-0.7398267,-1.2098267,3.2101734,-3.0798266,1.3701733,1.5001733,0.86017334,1.8001733,4.630173,4.2201734,2.1701734,2.7201734,-1.6298267,1.0001733,0.54017335,2.0801733,0.93017334,-0.11982666,-0.17982666,1.1301733,-0.44982666
1.1801734,4.8001733,4.880173,2.5801733,3.1801734,4.8501735,4.2201734,4.1601734,5.2501736,5.360173,6.650173,8.560173,9.190173,8.530173,6.3201733,6.3301735,4.3301735,-0.31982666,-4.2498264,-3.1098266,-2.4298267,0.8301733,1.9001733,5.2401733,0.05017334,2.7301733,1.1401733,2.3801734,3.3101733,0.28017333,2.9501734,-1.1498266,0.32017335,2.5101733,2.9901733,3.9901733,1.5101733,0.62017334,-0.7398267,0.78017336,2.2901733
-0.76982665,-1.1298267,0.45017335,2.1701734,5.230173,5.2901735,5.7901735,6.960173,5.5801735,4.8201733,4.8401732,3.9001734,-0.24982665,-3.0998266,-2.6898267,-5.8198266,-7.539827,-6.1598268,-4.2498264,-3.1198266,-0.19982666,3.5401733,0.74017334,2.3801734,2.4201734,3.8301733,6.0301733,3.6401734,5.130173,-0.83982664,-2.2998266,-0.9898267,6.4101734,4.2201734,5.0001736,4.0901732,1.3201734,4.8201733,-1.7998266,0.65017337,0.7001733
-0.71982664,-0.77982664,0.42017335,2.1201735,3.7401733,4.150173,5.730173,7.6401734,6.8401732,4.5001736,2.1901734,-3.0898266,-6.2598267,-8.219827,-5.639827,-7.079827,-6.5698266,-4.7298265,-3.6798267,-2.3598266,-0.51982665,-0.099826664,-2.0298266,-1.7198267,-2.2898266,-3.3398266,-5.9698267,-5.7598267,-4.2798266,-2.6998267,-2.4798267,-1.6798266,0.16017334,3.5901732,-4.3398266,-2.1498268,1.1501733,-4.5898266,-3.3898268,-2.6598268,-2.4098268
0.98017335,1.7601733,2.3801734,3.6801734,4.2501736,5.5501733,5.5301733,5.4301734,7.0701733,5.5701733,3.2201734,-0.51982665,-3.4498267,-5.8398266,-4.6298265,-4.7098265,-3.8698266,-3.3098266,-2.3498266,-1.5198267,-0.24982665,1.3301734,0.72017336,-0.21982665,-1.4598267,-3.6498268,-3.7498267,-3.9798267,-3.3698266,-1.4398266,-4.3198266,-3.7798266,-2.4298267,0.25017333,1.8601733,3.7601733,0.84017336,3.8401732,-2.8698266,-5.6598268,-4.309827
2.7401733,3.3101733,3.8501732,3.7101734,4.4701734,4.5201735,4.1001735,4.920173,5.3901734,5.110173,3.5401733,1.5601734,1.5201733,-0.71982664,-1.3398267,-1.3198266,-0.25982666,-0.49982667,-0.33982667,-0.11982666,-0.46982667,-1.7298267,-1.3498267,-2.1398268,-3.2498267,-1.2298267,-2.8898268,-2.6698267,-2.7298267,-1.4498267,-1.1098267,-1.0598266,1.2301733,-0.14982666,1.6701733,2.0401733,1.2501733,2.5301733,0.80017334,1.9701734,-1.0898267
2.3101733,2.8301733,3.0301733,3.6301734,3.0901732,2.9201734,3.2401733,2.8401732,4.940173,2.5201733,5.3501735,2.4601734,1.4601734,1.4401734,0.46017334,0.12017334,-0.70982665,-1.1298267,-0.20982666,0.09017334,-0.83982664,-2.6998267,-0.40982667,0.09017334,-0.69982666,0.5701733,-0.71982664,-0.81982666,-0.26982665,-0.39982665,0.8301733,-0.65982664,0.29017335,1.7901733,5.400173,-1.5998267,-2.2798266,-1.9298266,-0.62982666,0.5801733,-0.70982665
4.4301734,4.170173,3.6601734,3.7501733,3.9001734,3.5501733,3.6101732,3.2901733,3.8901734,4.0501733,0.81017333,1.3501734,4.110173,0.99017334,-0.68982667,-1.1598266,-1.8198266,-1.2298267,-1.3598267,-1.5998267,-2.5198267,-1.6998267,-1.4298266,-0.12982666,-0.69982666,-2.6498268,-2.0098267,0.98017335,0.43017334,0.81017333,3.7501733,3.1701734,1.4801733,-0.27982667,-2.5498266,-1.4898267,-2.3698266,1.3101734,1.0101733,-1.0298266,1.6701733
3.2201734,3.4901733,3.5201733,3.9701734,3.7601733,3.9401734,4.0201735,3.7001734,4.170173,3.1901734,2.3001733,2.8501732,2.0801733,-0.36982667,-1.9998267,-2.1298265,-1.2798266,-1.7898266,-0.78982663,-1.1198267,-0.8598267,1.1701733,1.6501733,2.0901732,2.7801733,3.2501733,2.8301733,5.150173,5.2501736,3.9101734,1.4001733,1.9001733,-0.59982663,-1.2298267,-1.7498267,-1.9598267,0.78017336,-0.64982665,2.7201734,1.5401733,0.010173339
3.9201734,3.8701735,3.2501733,2.6301734,3.2101734,3.1101732,3.1001732,3.6401734,2.7601733,4.150173,2.9701734,2.4201734,0.68017334,0.08017334,-1.1998267,-2.5198267,-2.7098267,-2.3298266,-2.1798267,-0.33982667,2.2701733,3.2901733,2.7001734,2.2601733,0.10017334,1.7301733,0.6901733,0.27017334,1.1401733,-0.41982666,2.7601733,3.0601733,-0.06982666,0.73017335,0.55017334,0.12017334,0.73017335,1.5601734,0.97017336,0.10017334,1.8701733
3.5901732,2.9101734,2.2301733,2.2801733,2.5501733,1.7701733,1.6001734,2.1601734,1.4801733,2.1601734,-0.63982666,1.3101734,-1.9198266,-1.2398267,-2.0398266,-0.35982665,-1.0798267,-1.7698267,-1.2198267,-1.8698267,-2.4598267,-3.9098268,-3.6698267,-3.8998268,-3.0398266,-2.4398267,-1.9098266,-1.5098267,-2.2998266,-2.6898267,-1.7198267,-0.49982667,0.79017335,0.68017334,2.0801733,1.9301734,2.6401734,0.75017333,0.8201733,1.1001734,0.25017333
3.1801734,3.2301733,2.2001734,1.9601734,2.3601732,1.6601733,1.8201734,1.7501733,0.7601733,2.4101734,-0.50982666,2.0001733,-3.1698267,-4.579827,-1.2198267,-0.87982666,-1.8498267,-2.9998267,-1.8598267,-2.4698267,-2.0698266,-1.3098266,-1.4498267,-1.8698267,-2.5098267,-1.6298267,-0.99982667,-0.8098267,-0.23982666,-1.1898266,-1.9398266,-1.3998266,1.7333984E-4,1.9601734,3.0301733,2.9101734,1.7701733,2.0901732,2.8601732,1.0701734,0.98017335
3.4901733,1.0501733,3.2201734,2.1601734,2.4801733,1.6801734,0.50017333,0.41017333,1.5301733,2.2001734,0.67017335,-0.6198267,-2.4998267,-2.7198267,-0.34982666,-2.0498266,-4.039827,-4.059827,-2.6598268,-2.9598267,-2.8898268,-2.6298265,-2.3198266,-2.4398267,-1.6098267,-0.49982667,0.34017333,0.010173339,0.28017333,-0.71982664,0.14017335,0.37017334,2.3701735,2.7301733,2.9301734,3.1901734,2.5101733,3.1301734,0.8801733,1.3901733,1.3801733
2.1901734,2.2401733,2.3701735,1.9701734,1.2401733,1.3801733,2.0101733,1.6401733,1.4501734,1.9201733,0.39017335,-0.28982666,-2.1498268,-1.2698267,-2.7298267,-3.0698266,-4.4798265,-3.3898268,-3.0498266,-2.9598267,-2.7098267,-2.3298266,-2.3498266,-1.9098266,-1.5998267,-1.3098266,-0.16982666,-0.36982667,1.1101733,1.1301733,1.6101733,0.8301733,1.8601733,1.9101733,-0.11982666,0.33017334,2.1201735,1.8401734,1.1501733,1.0101733,-0.27982667
