wind_kz.json
{"header": {"discipline":0,"disciplineName":"Meteorological products","gribEdition":2,"gribLength":1025,"center":7,"centerName":"US National Weather Service - NCEP(WMC)","subcenter":0,"refTime":"2023-09-28T12:00:00.000Z","significanceOfRT":1,"significanceOfRTName":"Start of forecast","productStatus":0,"productStatusName":"Operational products","productType":1,"productTypeName":"Forecast products","productDefinitionTemplate":0,"productDefinitionTemplateName":"Analysis/forecast at horizontal level/layer at a point in time","parameterCategory":2,"parameterCategoryName":"UnknownDiscipline_0_Category_2","parameterNumber":3,"parameterNumberName":"UnknownParameter_D0_C2_3","parameterUnit":"Unknown","genProcessType":2,"genProcessTypeName":"Forecast","forecastTime":0,"surface1Type":103,"surface1TypeName":"Specified height level above ground","surface1Value":10.0,"surface2Type":255,"surface2TypeName":"Missing","surface2Value":0.0,"gridDefinitionTemplate":0,"gridDefinitionTemplateName":"Latitude_Longitude","numberPoints":615,"shape":6,"shapeName":"Earth spherical with radius of 6,371,229.0 m","gridUnits":"degrees","resolution":48,"winds":"true","scanMode":64,"nx":41,"ny":15,"basicAngle":0,"lo1":47.0,"la1":41.0,"lo2":87.0,"la2":55.0,"dx":1.0,"dy":1.0}, "data":
[rows 0 to 14 of 15, columns 0 to 40 of 41]
2.0945067,1.8145069,-1.7454932,-0.36549318,-0.48549315,-2.3854933,-3.9954932,-3.5354931,-1.2354932,-2.9154932,-3.4854932,-4.4054933,-4.065493,-3.355493,-4.0154934,-5.605493,-4.8254933,-4.4054933,-3.9254932,-4.505493,-3.7954931,-0.95549315,-1.7754931,-1.5454931,3.0645068,2.434507,-0.41549316,0.45450684,-0.34549317,2.384507,1.2645068,1.3245069,-0.44549316,-1.4254931,1.2845068,-0.39549315,-1.8354932,-3.0054932,-1.9754932,-0.70549315,-1.0354931
-2.8954933,0.5845068,-0.49549317,-0.6754932,-1.0454931,-2.5354931,-3.2354932,-4.3254933,-2.5254931,-1.8554932,-2.5054932,-1.4654932,-4.185493,-3.7054932,-5.3654933,-4.3054934,-3.9954932,-3.355493,-3.325493,-4.145493,-3.625493,-4.585493,-1.9854932,-0.90549314,3.1145067,1.7945068,2.684507,1.8545069,0.23450683,-2.2854931,-1.7754931,-2.075493,0.5745068,-0.6854932,0.96450686,3.9545069,1.3745068,1.8045068,0.72450686,0.67450684,-0.6854932
2.5745068,2.3645067,0.32450685,-0.9854932,-1.3954931,0.14450684,-3.605493,-3.7954931,-1.4254931,-3.2854931,-3.4954932,-3.6754932,-5.9254932,-1.0754932,-4.335493,-4.975493,-6.065493,-6.3854933,-4.8854933,-4.5354934,-5.3054934,-3.7154932,2.2645068,1.3945068,-0.20549317,-1.8954931,1.8945068,-0.46549317,-2.9554932,-2.2254932,-1.5354931,-2.075493,-2.8954933,-1.8554932,-2.335493,-1.1754931,-1.6654931,-4.315493,-1.8554932,1.2345068,1.0645069
1.0445068,-0.50549316,-1.4754932,-2.3954933,-5.295493,-4.775493,-5.5954933,-6.945493,-7.3254933,-7.375493,-6.3454933,-4.3254933,1.2545068,-0.9254932,-2.2554932,-3.7754931,-5.525493,-6.1754932,-5.445493,-4.955493,-4.945493,-3.345493,-4.065493,-0.95549315,-1.2954931,-0.94549316,-1.1354932,0.5145068,-0.9754932,-2.2154932,0.32450685,0.68450683,1.3745068,0.78450686,-0.105493166,-0.42549315,1.0745069,2.7345068,-0.90549314,-1.8554932,-2.355493
0.48450685,-1.0454931,-1.3954931,-3.1354933,-5.755493,-5.6354933,-7.005493,-5.715493,-5.505493,-5.1754932,-4.505493,-3.805493,3.9945068,4.144507,1.6545068,-0.36549318,-5.6554933,-5.5954933,-4.995493,-4.105493,-2.1354933,-3.4954932,-0.56549317,0.55450684,-0.37549317,0.99450684,0.9445068,-2.4954932,-1.6354932,-2.115493,1.3745068,2.4645069,2.134507,0.7545068,1.0245068,0.87450683,0.34450683,-1.2754931,-0.32549316,-0.47549316,-1.2754931
-1.3654932,3.934507,0.104506835,0.31450683,-1.2754931,-1.9454932,-4.695493,-6.395493,-6.315493,-5.8854933,-5.705493,-2.9354932,1.2645068,4.6545067,2.0345068,-3.0454931,-4.645493,-5.525493,-5.3654933,-5.085493,-2.815493,-0.29549316,-1.6354932,-1.7854931,0.46450683,-0.29549316,2.1045067,-1.0454931,-3.0154932,-3.4154932,-2.7954931,-3.2354932,-2.555493,-2.4054933,-1.3154931,4.6345067,-1.4454932,0.24450684,3.9845068,-0.055493165,-0.9754932
-2.085493,-1.6754931,-4.625493,-5.875493,-6.315493,-6.165493,-6.2854934,-6.685493,-6.3854933,-6.465493,-5.695493,-2.5354931,-1.4954932,4.5745068,2.374507,-1.1554931,-3.7654932,-5.125493,-5.775493,-5.705493,-2.9554932,-0.70549315,-2.4054933,-1.9854932,-2.375493,-0.29549316,-3.2654932,-3.835493,3.4745069,3.5345068,1.6845069,0.66450685,0.0145068355,-0.015493164,-1.1254932,-1.6654931,-0.045493163,1.1645068,-0.30549318,2.0045068,2.5245068
-1.4054931,-3.5154932,-4.815493,-6.0954933,-6.5554934,-5.6554933,-6.1554933,-6.715493,-7.145493,-6.8254933,-7.195493,-5.355493,1.2945068,2.1145067,0.99450684,-0.9754932,-3.335493,-4.685493,-4.945493,-6.775493,-3.345493,-3.4054933,-4.1154933,-4.495493,-4.045493,-4.0554934,-3.9154932,-3.115493,-0.055493165,-0.69549316,1.4745069,-0.78549314,0.6945068,2.674507,1.2245069,0.054506835,-0.43549317,0.074506834,-2.0454931,0.15450683,1.4945068
-3.075493,-3.375493,-4.3454933,-5.875493,-5.795493,-5.6354933,-5.975493,-6.225493,-6.375493,-6.815493,-5.645493,-6.475493,-2.875493,0.12450684,0.67450684,-1.9854932,-2.345493,-3.7154932,-3.7154932,-3.855493,-4.0954933,-3.075493,-4.105493,-3.4654932,-2.2754931,-2.2854931,-1.2954931,-1.6454931,-1.4454932,-2.5254931,-5.1154933,-4.3054934,-2.4454932,2.5945067,-0.63549316,4.684507,0.74450684,0.18450683,1.5145068,0.7545068,-2.375493
-2.855493,-2.605493,-3.7854931,-4.9054933,-4.895493,-5.4054933,-5.355493,-5.475493,-5.6354933,-5.5354934,-5.085493,-4.735493,-3.105493,1.9045068,1.3445069,-3.2154932,-3.805493,-3.6354933,-3.7954931,-3.5154932,-2.4054933,-0.89549315,-1.6354932,-2.575493,-2.9854932,-3.2154932,-1.2054932,-1.9054931,-1.1254932,-1.8154931,-2.2554932,-4.225493,-3.9154932,-2.555493,4.0745068,3.164507,1.2645068,-0.94549316,0.98450685,3.9645069,3.2845068
-2.9854932,-3.2454932,-3.335493,-3.7554932,-3.9754932,-4.485493,-4.935493,-4.945493,-5.4054933,-5.2854934,-3.5254931,-3.845493,-5.7654934,-6.995493,-5.665493,-3.4354932,-4.085493,-4.465493,-4.495493,-3.0354931,-2.4954932,-1.2154932,-1.4954932,-2.4154932,-1.7354932,-0.20549317,-0.96549314,1.0745069,1.9945068,-0.28549317,0.92450684,-1.4854932,-2.8854933,-1.6454931,3.3545067,4.7345066,2.0545068,2.2645068,2.654507,1.3245069,0.13450684
-2.1754932,-2.585493,-2.8854933,-3.2754931,-3.6754932,-3.805493,-3.9054933,-4.415493,-4.795493,-4.6154933,-3.7254932,-3.5254931,-4.525493,-4.645493,-4.745493,-6.4254932,-4.955493,-2.825493,-3.4754932,-4.495493,-4.185493,-3.2854931,-0.7354932,-0.88549316,-1.0754932,-1.3254932,-0.24549316,-0.105493166,-0.13549316,-0.95549315,-1.5154932,-2.7454932,-2.2054932,-4.2854934,0.47450683,5.524507,5.454507,0.36450684,1.4645069,-0.035493165,-0.025493164
-1.3854932,-1.8954931,-2.325493,-2.0054932,-2.6854932,-2.5354931,-3.1754932,-3.615493,-4.5754933,-4.2654934,-2.2454932,-2.875493,-2.365493,-3.3854933,-4.475493,-4.565493,-3.6854932,-2.9854932,-2.2154932,-2.4654932,-1.5454931,-2.0054932,-2.2254932,-1.8354932,-0.57549316,0.45450684,-0.56549317,-0.84549314,1.1845069,0.99450684,-0.6654932,-1.5754932,-0.7254932,-1.1954932,-1.9954932,2.9545069,1.7045069,1.3445069,2.5945067,1.8445069,1.0245068
-0.82549316,-0.5454932,-0.9154932,-1.1254932,-1.5954932,-1.7554932,-2.3854933,-2.565493,-2.5354931,-3.2654932,-2.5054932,-2.3854933,-4.3854933,-4.835493,-5.0754933,-5.6354933,-3.555493,-3.365493,-4.145493,-1.1454931,-0.8054932,-1.1854931,-0.8054932,-0.9854932,-0.7354932,-1.3754932,0.97450686,-1.1654931,-2.345493,-1.7454932,0.16450684,-0.35549316,-0.9254932,0.53450686,0.21450683,0.074506834,1.3245069,1.2845068,2.0445068,2.0745068,2.3245068
0.48450685,0.60450685,1.1545068,-1.2254932,-0.21549316,-0.6854932,-1.4354931,-1.9854932,-2.8954933,-3.2754931,-1.2054932,-2.615493,-2.1854932,-2.7554932,-4.225493,-1.9454932,-1.8654932,-2.9454932,-2.625493,-2.865493,-2.555493,-2.825493,-0.015493164,-1.3754932,-0.57549316,0.7545068,-0.18549317,0.21450683,-0.20549317,-0.81549317,-0.9354932,-0.11549316,0.12450684,-0.22549316,1.3545069,0.5645068,2.7845068,2.1045067,2.2545068,2.7145069,1.5745069
