wind_kz.json
{"header": {"discipline":0,"disciplineName":"Meteorological products","gribEdition":2,"gribLength":1025,"center":7,"centerName":"US National Weather Service - NCEP(WMC)","subcenter":0,"refTime":"2023-09-10T00:00:00.000Z","significanceOfRT":1,"significanceOfRTName":"Start of forecast","productStatus":0,"productStatusName":"Operational products","productType":1,"productTypeName":"Forecast products","productDefinitionTemplate":0,"productDefinitionTemplateName":"Analysis/forecast at horizontal level/layer at a point in time","parameterCategory":2,"parameterCategoryName":"UnknownDiscipline_0_Category_2","parameterNumber":3,"parameterNumberName":"UnknownParameter_D0_C2_3","parameterUnit":"Unknown","genProcessType":2,"genProcessTypeName":"Forecast","forecastTime":60,"surface1Type":103,"surface1TypeName":"Specified height level above ground","surface1Value":10.0,"surface2Type":255,"surface2TypeName":"Missing","surface2Value":0.0,"gridDefinitionTemplate":0,"gridDefinitionTemplateName":"Latitude_Longitude","numberPoints":615,"shape":6,"shapeName":"Earth spherical with radius of 6,371,229.0 m","gridUnits":"degrees","resolution":48,"winds":"true","scanMode":64,"nx":41,"ny":15,"basicAngle":0,"lo1":47.0,"la1":41.0,"lo2":87.0,"la2":55.0,"dx":1.0,"dy":1.0}, "data":
[rows 0 to 14 of 15, columns 0 to 40 of 41]
-2.2069964,1.0530035,-2.1769965,-2.3069963,-4.3869963,-7.0669966,-5.4369965,-5.0069966,0.61300355,0.15300354,-0.51699644,-0.94699645,-1.7069964,-1.3969965,-2.3769965,-2.9369965,-2.7469964,-3.1869965,-4.7069964,-3.2669964,-1.6169964,-3.8169966,-4.5869966,2.7730036,6.0330033,3.0430036,1.4930035,3.0030036,-5.5069966,-4.8369966,-2.2069964,2.6330035,3.7630036,3.4030035,0.05300354,-2.3369966,2.7930036,1.7030035,0.023003541,0.18300354,-0.48699647
0.37300354,0.5930035,-0.6669965,-2.8769965,-5.2069964,-2.9969964,-5.1169963,-6.5369964,0.7630035,-0.22699647,-1.0469965,-1.4169965,-0.61699647,-2.3069963,-2.1369965,-2.2269964,-2.7769964,-1.2869965,-0.99699646,-2.4869964,-3.0169964,-4.4769964,-4.5369964,-0.9069965,2.8330035,3.6630034,3.5830035,3.3830035,4.5530033,1.6130035,-2.0869966,-3.2469964,0.60300356,-0.34699646,2.0930035,3.9030035,1.6030035,1.0630035,1.5930035,2.0430036,0.20300354
-0.24699646,5.4230037,3.0630035,2.9530036,2.9630036,2.0230036,1.6930035,1.5430036,2.2730036,0.06300354,-0.82699645,-1.5669965,-2.0469964,0.34300354,-1.2969965,-3.2569964,-3.6369965,-3.8269966,-2.9769964,-2.6269965,-1.6769965,-1.4869964,-2.8569965,-0.67699647,-3.9369965,-2.0969965,-2.3669965,-3.4269965,-2.4069965,-1.9769964,-2.0569963,-2.4669964,-2.6169965,0.13300353,0.01300354,0.78300357,-1.9469965,-6.7369967,-2.2169964,3.7330036,0.17300354
3.9530036,5.5930037,4.1330037,3.4930036,1.6230035,1.4030036,1.1730036,0.82300353,0.73300356,0.45300353,-0.25699645,-0.83699644,-1.2469964,-3.2069964,-3.7369964,-4.6269965,-3.3069963,-2.8869965,-2.3269966,-2.4069965,-0.6069965,0.5130035,-3.7069964,-1.1069964,-1.3469964,-1.0269965,-0.75699645,-1.0969964,-0.69699645,-3.9469965,-4.9169965,-4.3869963,-3.2569964,7.073004,2.4330034,1.8730035,3.1630034,1.2130035,-1.6769965,-1.3369964,-3.1369965
0.67300355,5.5330033,2.7930036,1.1630036,2.6530035,0.62300354,1.2330035,0.41300353,1.0830035,-0.68699646,-2.3469965,-2.3969965,4.3730035,1.5830035,-0.80699646,-1.9469965,-2.0969965,-1.1169964,-1.9869964,-2.1469965,-2.4369965,-1.3769965,0.00300354,-0.18699646,-0.11699646,-0.11699646,-0.03699646,0.19300354,0.49300355,-0.46699646,0.45300353,0.15300354,1.9430035,0.28300354,0.7630035,-0.09699646,-7.1869965,-2.8369966,-7.1569963,-6.1869965,-8.696997
-1.6569965,-2.4469965,6.6330037,4.9630036,4.2830033,3.3330035,1.3530035,1.5630035,-0.68699646,-1.6769965,-1.8569964,-2.1769965,-1.4069965,1.7830036,3.5230036,-1.8469964,-3.1869965,-3.1969965,-1.5869964,-1.9869964,-1.1069964,-1.5269965,-2.4169965,-2.6269965,-2.5669966,-2.1969965,-2.3969965,1.1730036,2.7730036,1.2130035,-0.7369965,0.85300356,1.6230035,3.9030035,0.66300356,-3.3469965,-1.4869964,-0.7969965,-4.4669967,-0.6669965,-8.976996
-3.6969965,-5.6669965,-3.4569964,-1.6869965,7.3330035,5.8530035,6.4130034,3.8930035,2.4730036,-0.64699644,-0.74699646,-0.50699645,-0.76699644,-1.6769965,-1.9969964,-2.0869966,-1.9669964,-2.3669965,-2.2869964,-1.7869965,-1.6669965,-2.0669966,-1.5569965,-0.11699646,0.97300357,3.9430037,2.0930035,-1.4669964,-0.5969965,5.2330036,4.0930037,2.4230034,3.5230036,3.1130035,5.2930036,1.8330035,0.66300356,2.9630036,-1.6069964,-2.2369964,-8.816997
-4.1569963,-6.176996,-4.2369967,-0.68699646,-1.5669965,-1.4569964,0.22300354,-0.42699647,-1.7569965,-2.3369966,-2.2369964,-2.3269966,-2.5069964,-0.7969965,-0.82699645,-3.1069965,-2.3169966,-2.8969965,-1.7369964,-1.5769964,-1.6569965,-1.4369965,-1.8869965,-1.2269964,0.63300353,0.73300356,1.8130035,6.0330033,3.8330035,2.9530036,0.40300354,5.1530037,4.9330034,5.7330036,7.5630035,4.1330037,0.27300355,2.6330035,1.8130035,0.13300353,0.33300355
-4.3969965,-3.5669966,-3.0369964,-2.3069963,-2.4069965,-1.2269964,-2.0169964,-0.55699646,-0.45699647,-0.64699644,-1.4369965,-2.3869965,-3.0769966,-3.4869964,-3.2369964,-4.3069963,-6.1369963,-4.0969963,-3.2469964,-2.3669965,-0.87699646,0.13300353,1.2430035,1.3130035,1.1330036,1.5130036,0.14300354,1.2330035,5.7430034,5.0830035,5.9730034,4.2630033,3.0130036,4.7230034,3.1330035,6.1930037,6.9930034,2.7730036,1.3630035,-0.10699646,0.14300354
-4.4669967,-5.4569964,-6.7769966,-6.7369967,-6.8969965,-0.45699647,1.3730035,0.08300354,1.0330036,-0.42699647,-2.6669965,-2.0269964,-7.3369966,-5.5769963,-3.7369964,-3.2069964,-2.6769965,-2.1769965,-0.69699645,1.7330035,2.4130034,2.6930037,2.3330035,2.7530036,4.2130036,4.3430037,4.2630033,2.9930036,1.1130035,3.1030035,7.7630033,4.9830036,5.1630034,1.4930035,3.1130035,3.2330036,3.9630036,1.4030036,3.1330035,2.4630036,1.7830036
-3.7869964,-4.8469963,-4.8869963,-3.8269966,-2.9469965,-4.2269964,-3.0169964,-0.86699647,-0.26699647,-1.9869964,-2.9269965,-2.2869964,-3.3769965,-3.6369965,-4.0369964,-4.1269965,-4.7269964,-4.5269966,-4.5169964,-4.8769965,-6.3569965,-6.8369966,-7.0669966,1.5530035,3.9730036,3.9030035,3.9430037,5.6630034,7.1630034,5.0830035,2.8430035,0.06300354,-0.77699643,4.7730036,2.7530036,2.2330036,4.0330033,4.2330036,5.7730036,0.9030035,0.17300354
-4.8269963,-3.2269964,-3.3169966,-3.0169964,-0.61699647,1.2530036,-0.63699645,0.35300353,-1.6569965,-0.86699647,0.023003541,-0.86699647,-1.4569964,-1.3169965,-1.4769964,-2.0669966,-2.0069964,-3.8269966,-4.2969966,-4.7269964,-4.2969966,-5.0669966,-7.0169964,-6.7269964,-5.7569966,-6.2069964,-5.4569964,2.8630035,4.6430035,6.6430035,6.4330034,5.6130037,3.5230036,0.9630035,5.0930037,2.1830034,0.57300353,1.7230035,1.6330036,0.29300353,-1.2069964
-3.4769964,-5.1169963,-4.8669963,-3.8469965,-0.69699645,0.49300355,0.61300355,1.8530035,3.3130035,2.2430036,-0.21699646,-2.1669965,-2.0669966,-3.4969964,-3.8769965,-4.0369964,-4.5869966,-4.7869964,-5.176996,-4.6969967,-5.2869964,-5.0369964,-1.0269965,-1.4969964,-3.9069965,-5.2969966,-5.6069965,-4.5869966,-3.7069964,5.9030037,5.7230034,6.7330036,4.2530036,3.3530035,0.33300355,4.7030034,3.1530035,0.93300354,0.04300354,1.0730035,1.0030036
-4.8669963,-5.4869967,-4.7369967,-5.0269966,-4.176996,-2.1869965,-1.7569965,-2.6669965,-0.82699645,-2.3169966,-0.22699647,0.9030035,-2.5469964,-3.5369964,-3.3769965,-4.3069963,-5.0169964,-4.8869963,-6.0569963,-6.5169964,-5.8169966,-5.2969966,-5.7169967,-3.8369966,-2.0169964,-4.4769964,-6.4969964,-4.0269966,-1.8169965,2.2630036,4.3530035,4.3730035,6.0030036,4.5230036,4.2430034,2.1930037,3.5030036,3.2230036,2.7630036,2.8030035,2.8530035
-2.9569964,-4.0369964,-5.8569965,-4.3569965,-3.4669964,-4.2669964,-4.6569963,-2.4169965,-3.3569965,-1.2969965,-0.6069965,-2.1969965,-1.8069965,-2.3569965,-3.9069965,-4.0569963,-4.5969963,-4.9069963,-5.0769963,-6.4069963,-7.7969966,-6.1269965,-5.0169964,-6.2669964,-6.1969967,-4.9769964,-7.3569965,-6.8469963,-4.9969964,-3.2269964,7.6230035,7.073004,6.4730034,6.323004,5.2430034,2.1930037,2.4630036,3.2730036,2.2130036,1.6230035,1.6930035
