wind_kz.json
{"header": {"discipline":0,"disciplineName":"Meteorological products","gribEdition":2,"gribLength":1025,"center":7,"centerName":"US National Weather Service - NCEP(WMC)","subcenter":0,"refTime":"2023-09-28T06:00:00.000Z","significanceOfRT":1,"significanceOfRTName":"Start of forecast","productStatus":0,"productStatusName":"Operational products","productType":1,"productTypeName":"Forecast products","productDefinitionTemplate":0,"productDefinitionTemplateName":"Analysis/forecast at horizontal level/layer at a point in time","parameterCategory":2,"parameterCategoryName":"UnknownDiscipline_0_Category_2","parameterNumber":2,"parameterNumberName":"UnknownParameter_D0_C2_2","parameterUnit":"Unknown","genProcessType":2,"genProcessTypeName":"Forecast","forecastTime":60,"surface1Type":103,"surface1TypeName":"Specified height level above ground","surface1Value":10.0,"surface2Type":255,"surface2TypeName":"Missing","surface2Value":0.0,"gridDefinitionTemplate":0,"gridDefinitionTemplateName":"Latitude_Longitude","numberPoints":615,"shape":6,"shapeName":"Earth spherical with radius of 6,371,229.0 m","gridUnits":"degrees","resolution":48,"winds":"true","scanMode":64,"nx":41,"ny":15,"basicAngle":0,"lo1":47.0,"la1":41.0,"lo2":87.0,"la2":55.0,"dx":1.0,"dy":1.0}, "data":
[rows 0 to 14 of 15, columns 0 to 40 of 41]
-2.469375,-0.169375,0.910625,-2.769375,-3.959375,-3.139375,-1.399375,-3.159375,-4.269375,-4.339375,-3.289375,-1.499375,-0.709375,0.460625,1.310625,-1.569375,-1.129375,1.320625,-0.639375,1.690625,2.400625,0.820625,-2.269375,-1.689375,0.210625,-2.709375,-2.839375,0.190625,1.350625,-0.229375,0.860625,1.360625,0.010625,2.590625,0.380625,-0.429375,0.180625,1.900625,1.370625,0.600625,1.830625
0.750625,0.570625,-3.459375,-3.779375,-3.179375,-2.619375,-2.489375,-4.389375,-3.449375,-2.659375,-1.729375,-2.669375,-3.739375,-1.379375,-0.249375,-2.579375,0.310625,2.250625,2.220625,2.950625,2.650625,1.320625,-0.589375,-2.329375,1.370625,0.230625,-1.039375,1.280625,0.010625,-0.619375,0.380625,0.140625,-0.679375,-2.049375,-0.119375,0.510625,-0.129375,0.440625,-0.039375,1.360625,-1.939375
-1.529375,-3.759375,-4.219375,-2.909375,-1.029375,-0.179375,-3.519375,-0.169375,-2.149375,-2.539375,-1.529375,-2.959375,-2.619375,-1.069375,-0.009375,0.440625,0.590625,3.020625,1.990625,3.770625,3.390625,3.220625,-0.559375,-1.709375,-1.139375,-2.419375,-3.179375,-2.309375,-2.529375,-1.139375,-1.249375,-0.079375,0.150625,0.470625,-1.279375,-1.239375,-0.549375,-0.219375,5.440625,0.950625,1.130625
-3.099375,-4.529375,-2.999375,-0.749375,-3.159375,-2.819375,-0.409375,-2.449375,-2.509375,-1.679375,-0.569375,-1.929375,-1.499375,0.310625,1.310625,1.280625,3.200625,-2.589375,1.410625,-0.339375,-0.039375,-0.559375,-2.849375,-6.929375,-4.679375,-4.779375,-4.129375,-3.689375,-1.209375,0.510625,-1.839375,-1.419375,0.380625,-0.779375,-2.129375,-0.999375,0.560625,1.900625,0.470625,0.940625,6.150625
-1.059375,-0.839375,-0.709375,-0.689375,0.410625,0.630625,0.930625,1.400625,1.520625,1.640625,-0.339375,0.280625,1.170625,0.940625,0.370625,0.940625,-1.859375,-2.889375,-2.029375,-3.529375,-4.569375,-4.559375,-5.449375,-5.119375,-3.779375,-3.409375,-2.609375,0.310625,0.830625,2.690625,0.860625,0.170625,-1.019375,1.310625,1.260625,1.230625,1.800625,4.770625,1.900625,1.590625,3.130625
2.290625,0.860625,3.930625,3.800625,3.550625,3.400625,2.630625,3.410625,-0.459375,0.430625,-0.059375,-0.159375,1.850625,2.230625,-1.359375,0.330625,0.140625,-2.039375,-2.459375,-3.029375,-3.079375,-2.359375,-2.519375,-0.409375,2.250625,1.340625,1.480625,5.140625,2.690625,2.810625,0.920625,-0.499375,-0.419375,-0.529375,1.230625,0.090625,2.790625,1.880625,4.100625,0.690625,-3.109375
-3.209375,-2.999375,-3.139375,-2.789375,-1.199375,-0.419375,-0.559375,2.070625,1.550625,2.850625,2.170625,0.440625,1.350625,-2.429375,-2.129375,-1.909375,-2.119375,-2.329375,-0.589375,-3.559375,-2.839375,-1.949375,-1.269375,-1.179375,1.460625,-2.669375,-1.299375,-0.889375,-3.469375,-2.609375,-0.359375,1.140625,3.290625,2.650625,-0.919375,-2.089375,0.280625,2.160625,1.130625,1.010625,2.170625
-3.819375,-3.109375,-3.349375,-2.649375,-2.039375,-0.239375,0.600625,0.790625,-2.029375,-2.269375,-1.219375,-3.769375,-2.879375,-3.799375,-1.869375,-2.719375,-2.629375,-2.919375,-2.599375,-3.639375,-3.449375,-2.009375,-4.309375,-4.579375,-3.849375,-1.119375,-2.169375,-0.259375,-0.959375,-3.009375,-2.319375,-0.479375,1.310625,-0.159375,3.260625,5.470625,3.350625,-2.739375,-0.289375,0.910625,-1.259375
-3.589375,-2.549375,-1.869375,-0.799375,-1.399375,-0.479375,-0.409375,-3.769375,-3.379375,-2.529375,-4.099375,-5.119375,-3.549375,-2.519375,-2.049375,-0.539375,0.170625,-3.269375,-3.339375,-3.099375,-3.909375,-3.129375,-3.079375,-2.319375,-1.919375,-0.579375,-1.939375,-1.869375,-1.269375,-0.369375,0.120625,0.300625,2.190625,3.960625,5.640625,4.930625,6.25E-4,-0.059375,-0.349375,1.200625,0.300625
-3.089375,-2.009375,-1.409375,-1.199375,-1.659375,-2.979375,-2.779375,-2.209375,-2.579375,-3.489375,-3.809375,-4.879375,-3.479375,-2.579375,-2.989375,-2.379375,-4.129375,-3.089375,-3.229375,-4.589375,-4.129375,-2.609375,-2.639375,-1.619375,-1.499375,-0.739375,-0.749375,1.190625,1.320625,3.030625,1.460625,1.570625,0.030625,3.710625,2.780625,2.740625,-0.209375,-1.329375,1.170625,0.990625,-0.939375
-2.149375,-2.029375,-1.689375,-1.679375,-2.119375,-2.399375,-1.139375,-0.859375,-3.349375,-4.199375,-3.349375,-2.079375,-3.569375,-2.839375,-2.539375,-3.349375,-3.819375,-3.089375,-3.719375,-3.779375,-2.689375,-2.499375,-1.439375,0.690625,0.090625,-0.269375,1.280625,-1.289375,-1.829375,-0.529375,2.130625,2.840625,3.660625,2.020625,2.480625,1.840625,-0.969375,0.020625,-1.039375,0.430625,2.020625
-1.489375,-1.589375,-1.569375,-0.619375,-0.879375,-1.719375,-1.239375,-1.769375,-2.029375,-2.789375,-3.029375,-2.369375,-2.499375,-3.569375,-2.869375,-2.989375,-2.629375,-1.949375,-2.349375,-1.969375,-2.479375,-1.689375,-1.639375,-1.369375,-0.889375,1.490625,-0.109375,0.860625,1.390625,-0.369375,-1.519375,-0.399375,1.180625,1.130625,0.920625,1.500625,-0.129375,1.500625,-0.069375,1.140625,-0.069375
-0.469375,-0.599375,-0.969375,-0.309375,-0.329375,-1.119375,-1.359375,-2.179375,-2.389375,-1.889375,-1.409375,-2.139375,-2.219375,-2.349375,-2.209375,-2.579375,-2.549375,-2.789375,-2.539375,-2.519375,-2.929375,-2.489375,-1.789375,-2.649375,-2.299375,-3.429375,-3.609375,-3.889375,-2.899375,-3.759375,-3.209375,-2.729375,-0.749375,-0.899375,-0.619375,-0.179375,0.020625,-0.719375,0.200625,-1.099375,-0.209375
-0.109375,-1.309375,-0.579375,-0.209375,-0.009375,-0.659375,-0.999375,-1.899375,-0.379375,-0.889375,-1.489375,-2.029375,-1.259375,-1.439375,-1.829375,-3.069375,-2.369375,-2.589375,-3.919375,-3.589375,-3.779375,-3.329375,-3.939375,-2.399375,-3.079375,-4.419375,-4.019375,-4.289375,-4.029375,-3.799375,-3.859375,-2.969375,-2.869375,-2.039375,-1.929375,-2.269375,-1.769375,-1.289375,-0.419375,-0.459375,1.410625
-0.549375,-1.239375,-1.079375,-0.889375,-0.259375,-0.289375,-1.109375,-1.399375,-1.049375,-1.329375,-1.749375,-1.119375,-1.509375,-1.039375,-1.569375,-1.859375,-2.179375,-2.289375,-2.249375,-2.749375,-2.749375,-2.569375,-2.679375,-2.299375,-2.509375,-2.469375,-2.439375,-3.059375,-3.209375,-2.599375,-2.919375,-3.579375,-2.389375,-2.349375,-2.279375,-2.369375,-2.139375,-1.909375,-0.509375,-0.959375,0.210625
