wind_kz.json
{"header": {"discipline":0,"disciplineName":"Meteorological products","gribEdition":2,"gribLength":1102,"center":7,"centerName":"US National Weather Service - NCEP(WMC)","subcenter":0,"refTime":"2023-09-29T06:00:00.000Z","significanceOfRT":1,"significanceOfRTName":"Start of forecast","productStatus":0,"productStatusName":"Operational products","productType":1,"productTypeName":"Forecast products","productDefinitionTemplate":0,"productDefinitionTemplateName":"Analysis/forecast at horizontal level/layer at a point in time","parameterCategory":2,"parameterCategoryName":"UnknownDiscipline_0_Category_2","parameterNumber":3,"parameterNumberName":"UnknownParameter_D0_C2_3","parameterUnit":"Unknown","genProcessType":2,"genProcessTypeName":"Forecast","forecastTime":240,"surface1Type":103,"surface1TypeName":"Specified height level above ground","surface1Value":10.0,"surface2Type":255,"surface2TypeName":"Missing","surface2Value":0.0,"gridDefinitionTemplate":0,"gridDefinitionTemplateName":"Latitude_Longitude","numberPoints":615,"shape":6,"shapeName":"Earth spherical with radius of 6,371,229.0 m","gridUnits":"degrees","resolution":48,"winds":"true","scanMode":64,"nx":41,"ny":15,"basicAngle":0,"lo1":47.0,"la1":41.0,"lo2":87.0,"la2":55.0,"dx":1.0,"dy":1.0}, "data":
[rows 0 to 14 of 15, columns 0 to 40 of 41]
-2.3219433,1.3880566,-3.6019433,-11.981943,-14.031943,-11.991943,-2.3719435,2.7480567,3.9980567,3.9880567,1.6880566,1.5380566,0.5380566,-0.63194335,-1.0919434,-1.7119434,-1.7419434,-2.2119434,-4.6019435,-2.4219434,-1.2819433,-3.3019433,-1.4319434,0.72805667,1.3980566,-0.55194336,0.9680566,1.5380566,-0.33194336,-0.7219434,0.10805664,1.2080567,-1.2819433,-1.7519433,-1.1219434,-0.10194336,1.1480566,2.7080567,1.0980567,-0.57194334,0.92805666
-1.8319434,-1.2319434,-9.131944,-9.151943,-13.181943,-10.501944,-4.441943,-1.8619434,0.63805664,0.25805664,1.2180567,0.63805664,-0.46194336,-0.6019434,-1.9419434,-0.89194334,-0.80194336,-2.7719433,-3.9019434,-4.461943,-2.6219435,-2.3419433,-0.9719434,1.0880567,1.0280566,2.1880567,1.8880566,0.51805663,-0.16194336,2.0180566,0.098056644,2.3680565,1.2680566,-0.76194334,0.34805664,1.4580567,1.6380566,1.9280566,1.1980567,1.4880567,-0.15194336
-1.3819433,-6.881943,-5.2419434,-7.231943,-9.641943,-9.531943,-4.191943,-3.7919433,-1.8719434,-1.5119433,-1.5919434,-0.67194337,-0.67194337,-0.0019433594,-1.1419433,-1.4119433,-1.4919434,-2.3819435,-3.8719435,-4.8919435,-1.7719433,-1.8819433,-0.98194337,-0.98194337,-0.8519434,-0.94194335,0.06805664,-1.5719434,-1.0919434,-1.3419434,-0.58194333,-0.21194336,-1.3819433,0.85805666,0.40805665,-1.7419434,-1.0519433,1.0580566,-1.6619433,2.2780566,3.0180566
0.51805663,-2.5619433,-4.481943,-5.7219434,0.91805667,0.16805664,-2.6719434,-2.0219433,-1.5919434,-0.89194334,-0.29194337,-0.87194335,-1.5519433,-0.46194336,-0.7919434,-0.9119434,-1.3219434,-2.0519433,-3.4619434,-4.7019434,-3.7519433,-0.98194337,-2.0019433,0.05805664,-0.10194336,-0.70194334,-1.5019433,-0.99194336,-0.9719434,1.6280566,4.8880568,0.61805665,0.92805666,0.93805665,1.6680566,1.9680567,2.9980567,3.3480566,-3.1319435,-2.4019434,-2.4619434
-4.3619432,-7.5519433,-9.161943,-7.2419434,-6.1619434,-5.0219436,-4.0619435,-2.6619434,0.35805663,1.0180566,1.5180566,1.1180567,0.5280566,0.07805664,0.33805665,-0.86194336,-1.0319433,-0.9719434,-2.2219434,-2.8819435,-2.6419435,-1.3719434,-0.7119434,0.5280566,2.3580565,-0.47194335,-2.0519433,-1.1919434,-1.9519434,2.9280567,0.72805667,-0.39194337,-0.44194335,1.6380566,0.7780566,0.63805664,0.93805665,1.5280566,-1.3619434,-3.5419433,-1.6719433
-1.8719434,-2.4319434,-2.9219434,-4.2919436,-5.0219436,-5.5619435,-4.651943,-4.3619432,-3.6419435,-1.2819433,1.8380567,1.5180566,1.6780566,0.08805664,0.43805665,-0.04194336,-0.29194337,-0.051943358,-0.6019434,-1.3419434,-1.1219434,-1.8919433,-1.8019433,-0.7919434,1.3980566,2.1280565,0.48805663,0.79805666,0.098056644,-1.0019433,0.33805665,-0.11194336,-0.75194335,-0.32194337,-1.7319434,-2.8319433,-2.9219434,-3.4319434,-4.6019435,-5.9719434,-1.1819434
-1.7419434,-1.9919434,-2.1719434,-2.1719434,-2.5219433,-2.6519434,-2.8619432,-3.3919435,-2.4219434,-2.2119434,-1.5119433,0.01805664,0.14805664,0.098056644,0.10805664,0.99805665,2.1280565,1.7280567,0.30805665,-0.43194336,-0.04194336,0.04805664,-0.21194336,-0.87194335,0.06805664,0.45805663,0.92805666,0.08805664,1.4280566,3.1180565,0.40805665,-0.40194336,-1.7019434,-0.80194336,0.87805665,1.6680566,1.7580566,0.05805664,1.2380567,2.0580566,-6.7819433
0.48805663,0.16805664,-0.11194336,-0.12194336,-0.051943358,-0.0019433594,-0.32194337,-0.83194333,-1.3819433,-1.4819434,-1.1419433,-0.7919434,-0.32194337,0.25805664,0.9080566,1.7680566,2.3280566,2.0180566,1.1580566,0.40805665,0.18805665,1.9280566,1.4880567,1.0580566,1.7080567,2.2380567,1.7780566,0.35805663,-0.08194336,2.9780567,3.7480567,2.1180565,-0.20194335,-2.4819434,0.10805664,-3.1819434,-1.8619434,-2.0919433,3.8280566,-0.82194334,-0.15194336
-0.11194336,-0.14194337,-0.14194337,-0.021943359,0.33805665,0.50805664,0.82805663,0.87805665,0.67805666,0.56805664,0.16805664,0.39805663,0.27805665,0.47805664,0.82805663,1.3680567,2.7280567,2.9380567,2.9680567,2.2080567,1.5280566,1.6280566,2.3480566,2.3480566,2.8280566,2.7680566,3.2680566,3.6380568,2.6880567,1.9280566,1.6580566,1.3780566,3.6780567,4.2180567,-0.70194334,-4.7019434,0.14805664,1.8880566,1.7380567,1.8980566,2.0480566
0.008056641,0.5380566,0.76805663,1.1080567,1.7980566,2.2280567,2.6280565,3.0980566,3.1780567,2.9080567,2.0480566,1.7980566,1.8880566,1.8080566,1.9180566,1.9180566,2.3380566,3.2480567,3.7080567,3.8980567,4.118057,3.3880568,2.2680566,2.9380567,3.1380568,2.8980567,3.1580567,2.7080567,3.0980566,3.4180567,2.5680566,1.9780567,0.79805666,0.07805664,1.9180566,1.6880566,0.05805664,2.0180566,2.3480566,1.1780566,1.5280566
-2.1419435,-1.9619434,-1.5319433,-1.0719434,-0.39194337,0.31805664,1.2080567,1.7480567,1.8780566,2.4880567,3.3380566,3.9780567,3.5380566,3.9580567,4.1080565,4.4580564,4.538057,4.8380566,4.7980566,5.2580566,5.098057,4.3180566,4.038057,4.4380565,4.8380566,4.9180565,4.558057,4.1380568,3.6380568,2.4580567,2.0080566,1.5580566,2.2180567,1.8480567,1.4180566,2.6580567,1.9580567,1.0280566,4.3780565,1.8380567,0.80805665
-2.5319433,-2.1619434,-1.7119434,-2.2519433,-2.1219435,-1.1019434,-0.57194334,0.02805664,0.11805664,0.86805665,1.3180566,2.6880567,3.0880566,4.788057,4.7180567,5.368057,6.348057,6.6680565,7.4180565,6.768057,6.348057,6.2080564,5.7480564,5.7280564,6.1080565,5.8580565,5.4980564,4.3780565,3.9180567,3.3680565,3.0680566,3.1080565,2.3680565,2.9480567,2.1380568,1.7580566,2.3280566,4.0880566,2.6580567,0.11805664,-1.6719433
-1.8919433,-3.3519433,-3.3519433,-2.0119433,-2.3819435,-1.0319433,-0.55194336,-0.18194336,-0.12194336,1.1380566,0.42805663,-0.31194335,2.0480566,1.6080567,4.1780567,5.1980567,6.1780567,7.5480566,8.628057,8.598057,8.618056,8.218057,7.4180565,7.558057,7.1280565,7.1380568,6.3780565,6.4180565,5.4680567,4.348057,4.3580565,3.6980567,2.7480567,1.6880566,2.5080566,2.4380567,2.2480567,1.2380567,1.5180566,3.5780566,2.6980567
-5.2719436,-4.921943,-6.441943,-6.0219436,-5.6419435,-4.881943,-4.2719436,-3.1019433,-0.5919434,0.43805665,1.5380566,0.08805664,-0.5919434,2.0780566,2.8780565,2.4680567,3.0980566,4.1280565,5.6480565,7.578057,9.468057,9.798057,8.978057,8.048057,8.348057,8.028057,7.4080567,7.308057,5.4580564,5.1780567,4.7080564,3.6780567,3.1480567,2.5780566,1.7780566,2.3780565,2.0980566,1.9080566,1.5280566,1.8280567,3.3280566
-4.7519436,-7.6419435,-9.161943,-8.641943,-8.321943,-7.2919436,-8.851943,-9.871943,-9.651943,-5.9919434,-1.3819433,0.5980566,1.5380566,1.3780566,1.4380566,2.9280567,3.9080567,3.4980567,6.2080564,6.4980564,6.3380566,7.9180565,9.608057,8.988056,8.888057,8.748056,8.1680565,7.308057,6.4480567,4.6880565,4.7380567,4.0280566,3.0280566,2.9080567,2.4380567,1.3080566,1.3280567,1.6780566,1.0980567,1.6780566,1.4380566
