wind_kz.json
{"header": {"discipline":0,"disciplineName":"Meteorological products","gribEdition":2,"gribLength":871,"center":7,"centerName":"US National Weather Service - NCEP(WMC)","subcenter":0,"refTime":"2023-10-01T06:00:00.000Z","significanceOfRT":1,"significanceOfRTName":"Start of forecast","productStatus":0,"productStatusName":"Operational products","productType":1,"productTypeName":"Forecast products","productDefinitionTemplate":0,"productDefinitionTemplateName":"Analysis/forecast at horizontal level/layer at a point in time","parameterCategory":0,"parameterCategoryName":"UnknownDiscipline_0_Category_0","parameterNumber":0,"parameterNumberName":"UnknownParameter_D0_C0_0","parameterUnit":"Unknown","genProcessType":2,"genProcessTypeName":"Forecast","forecastTime":60,"surface1Type":1,"surface1TypeName":"Ground or water surface","surface1Value":0.0,"surface2Type":255,"surface2TypeName":"Missing","surface2Value":0.0,"gridDefinitionTemplate":0,"gridDefinitionTemplateName":"Latitude_Longitude","numberPoints":615,"shape":6,"shapeName":"Earth spherical with radius of 6,371,229.0 m","gridUnits":"degrees","resolution":48,"winds":"true","scanMode":64,"nx":41,"ny":15,"basicAngle":0,"lo1":47.0,"la1":41.0,"lo2":87.0,"la2":55.0,"dx":1.0,"dy":1.0}, "data":
[rows 0 to 14 of 15, columns 0 to 40 of 41]
292.95978,283.75977,286.95978,294.35977,293.95978,292.75977,293.05975,295.85977,293.85977,292.75977,292.45978,292.95978,291.95978,291.75977,291.45978,289.15976,288.85977,289.05975,287.95978,288.75977,289.95978,288.25977,287.55975,282.45978,285.55975,288.95978,286.45978,273.75977,273.05975,272.25977,271.75977,271.45978,282.45978,288.25977,290.05975,290.55975,290.95978,289.85977,289.55975,289.15976,289.15976
275.25977,287.35977,293.85977,294.05975,294.05975,292.15976,293.95978,293.25977,291.95978,292.05975,292.35977,291.35977,291.05975,290.05975,287.35977,287.05975,286.85977,287.25977,286.55975,286.05975,286.45978,288.05975,285.15976,279.95978,271.55975,271.35977,280.25977,273.05975,273.25977,269.65976,275.55975,267.55975,275.45978,255.25977,269.35977,287.75977,285.85977,287.65976,290.45978,283.35977,283.55975
286.95978,293.75977,293.75977,293.45978,291.65976,295.65976,294.85977,292.35977,292.35977,289.35977,288.55975,289.05975,287.95978,288.55975,289.75977,286.55975,285.45978,284.75977,285.45978,285.55975,288.95978,284.55975,288.45978,282.15976,283.55975,283.95978,285.45978,284.25977,283.55975,276.05975,268.55975,271.45978,276.45978,276.55975,279.35977,280.05975,272.75977,274.15976,275.65976,273.05975,271.15976
286.55975,292.75977,293.55975,292.45978,291.75977,293.15976,293.05975,293.15976,291.85977,288.75977,287.85977,287.05975,290.65976,289.95978,287.95978,286.65976,287.65976,285.05975,284.85977,285.15976,286.05975,280.85977,286.55975,287.65976,287.85977,288.35977,288.25977,286.15976,285.55975,286.05975,286.35977,284.25977,287.55975,285.25977,288.55975,284.75977,272.85977,267.05975,275.85977,283.35977,287.65976
289.35977,292.25977,292.85977,292.35977,292.25977,292.25977,293.95978,292.55975,289.55975,288.65976,288.05975,286.55975,289.55975,288.25977,286.75977,288.05975,287.75977,286.95978,283.45978,286.75977,287.05975,287.05975,285.95978,285.95978,285.55975,285.55975,283.55975,285.65976,283.55975,284.65976,288.65976,285.75977,273.75977,265.85977,276.15976,284.95978,288.25977,288.75977,289.95978,291.25977,291.45978
288.45978,286.85977,290.75977,292.05975,292.25977,291.55975,292.85977,293.05975,289.35977,288.45978,288.75977,288.15976,288.95978,289.35977,288.25977,286.65976,288.05975,286.05975,286.45978,286.55975,285.55975,285.35977,285.35977,285.05975,284.65976,283.65976,284.75977,287.75977,286.85977,287.45978,285.65976,287.65976,288.85977,283.05975,282.25977,286.25977,280.15976,282.45978,288.45978,291.55975,290.55975
287.45978,286.35977,289.05975,291.55975,290.35977,290.45978,292.75977,292.15976,292.05975,291.35977,288.75977,288.35977,287.65976,287.35977,286.95978,287.55975,286.65976,287.55975,286.75977,286.15976,285.85977,286.45978,286.55975,286.45978,285.05975,284.75977,284.75977,286.55975,284.35977,285.15976,284.55975,284.75977,286.45978,286.35977,284.65976,284.45978,282.85977,279.85977,277.85977,276.15976,286.85977
287.35977,287.45978,287.95978,290.15976,291.05975,290.95978,291.55975,290.85977,290.35977,290.05975,288.25977,287.35977,286.15976,286.95978,287.05975,287.25977,286.05975,286.85977,286.45978,284.45978,284.95978,284.35977,284.35977,284.45978,283.55975,281.55975,282.05975,283.05975,281.85977,283.05975,282.45978,282.85977,282.05975,282.85977,281.85977,283.95978,286.55975,286.05975,287.25977,287.95978,285.15976
285.15976,287.75977,289.45978,289.05975,290.35977,290.45978,289.15976,289.65976,290.85977,288.65976,287.15976,285.95978,284.65976,285.55975,285.45978,285.75977,285.05975,284.25977,284.25977,283.95978,283.45978,282.35977,282.95978,282.55975,281.45978,281.55975,280.05975,279.35977,279.15976,277.85977,279.35977,280.65976,280.95978,283.85977,285.45978,284.05975,284.15976,282.45978,271.65976,273.55975,271.95978
287.55975,289.65976,290.75977,289.55975,290.25977,289.55975,289.35977,290.35977,290.25977,289.95978,287.45978,285.85977,285.55975,284.35977,284.35977,284.25977,283.65976,282.05975,282.65976,283.65976,282.85977,282.45978,282.45978,282.15976,281.55975,280.55975,280.05975,279.65976,279.15976,279.05975,279.05975,281.95978,285.75977,285.65976,285.55975,283.25977,280.85977,277.65976,273.45978,271.75977,268.45978
288.25977,288.05975,287.85977,289.95978,286.75977,290.45978,288.95978,289.05975,288.35977,289.45978,288.35977,286.15976,285.95978,284.35977,283.35977,283.25977,283.15976,283.95978,283.35977,281.65976,281.65976,282.05975,281.45978,281.05975,279.55975,279.35977,277.55975,279.25977,279.35977,280.45978,281.75977,282.65976,283.35977,282.65976,281.75977,279.85977,277.95978,274.25977,272.95978,273.35977,270.75977
285.95978,285.65976,285.45978,284.55975,284.45978,287.85977,286.65976,288.25977,285.65976,287.15976,286.35977,285.75977,284.75977,283.65976,283.35977,283.05975,282.85977,283.15976,283.25977,282.85977,280.85977,279.15976,279.25977,279.75977,278.85977,278.65976,278.45978,279.15976,279.45978,279.65976,278.75977,279.65976,279.95978,278.65976,278.95978,278.65976,278.55975,277.75977,277.85977,277.65976,276.95978
283.85977,281.85977,286.85977,287.15976,285.35977,284.85977,284.95978,285.35977,286.15976,285.65976,283.45978,282.55975,285.15976,284.15976,284.35977,283.85977,283.25977,282.45978,283.15976,282.45978,281.95978,280.05975,278.65976,277.85977,278.95978,280.15976,279.85977,278.35977,278.25977,277.15976,277.95978,278.05975,277.95978,277.55975,277.35977,277.25977,276.85977,278.05975,276.45978,275.75977,276.25977
284.75977,285.85977,285.25977,282.25977,283.25977,285.15976,283.95978,285.05975,286.05975,284.95978,283.65976,280.85977,282.55975,285.55975,285.25977,284.35977,283.85977,283.05975,282.65976,282.95978,283.15976,281.85977,282.45978,281.55975,280.85977,280.55975,279.35977,279.05975,277.85977,277.55975,276.65976,276.15976,276.85977,276.45978,277.25977,276.65976,276.95978,276.55975,276.05975,275.25977,274.85977
280.65976,282.15976,285.25977,281.15976,281.55975,283.55975,283.75977,281.35977,283.15976,283.25977,284.35977,283.85977,282.55975,283.65976,283.45978,285.95978,284.25977,283.55975,283.55975,283.05975,282.95978,282.55975,282.25977,281.75977,281.75977,281.45978,280.95978,279.95978,279.05975,277.85977,277.65976,279.35977,275.15976,275.05975,275.55975,276.25977,276.05975,275.25977,275.85977,275.45978,275.65976
