wind_kz.json
{"header": {"discipline":0,"disciplineName":"Meteorological products","gribEdition":2,"gribLength":1025,"center":7,"centerName":"US National Weather Service - NCEP(WMC)","subcenter":0,"refTime":"2023-09-08T18:00:00.000Z","significanceOfRT":1,"significanceOfRTName":"Start of forecast","productStatus":0,"productStatusName":"Operational products","productType":1,"productTypeName":"Forecast products","productDefinitionTemplate":0,"productDefinitionTemplateName":"Analysis/forecast at horizontal level/layer at a point in time","parameterCategory":2,"parameterCategoryName":"UnknownDiscipline_0_Category_2","parameterNumber":2,"parameterNumberName":"UnknownParameter_D0_C2_2","parameterUnit":"Unknown","genProcessType":2,"genProcessTypeName":"Forecast","forecastTime":0,"surface1Type":103,"surface1TypeName":"Specified height level above ground","surface1Value":10.0,"surface2Type":255,"surface2TypeName":"Missing","surface2Value":0.0,"gridDefinitionTemplate":0,"gridDefinitionTemplateName":"Latitude_Longitude","numberPoints":615,"shape":6,"shapeName":"Earth spherical with radius of 6,371,229.0 m","gridUnits":"degrees","resolution":48,"winds":"true","scanMode":64,"nx":41,"ny":15,"basicAngle":0,"lo1":47.0,"la1":41.0,"lo2":87.0,"la2":55.0,"dx":1.0,"dy":1.0}, "data":
[rows 0 to 14 of 15, columns 0 to 40 of 41]
-2.5565577,0.38344237,-0.34655762,-1.9865576,-2.1565576,-0.13655762,0.4834424,0.5234424,-2.3965576,0.8534424,0.73344237,2.4634423,2.5034423,3.4734423,4.1834426,4.4434423,4.8034425,5.5134425,4.643442,4.9534426,4.5934424,3.7234423,-2.7365577,-3.4965577,0.5634424,-1.4865576,-3.1465576,-0.16655761,0.8334424,0.32344237,0.2634424,2.2034423,1.8134423,1.5934424,0.4934424,-3.5965576,-1.5265576,-0.9665576,1.3434424,1.0534424,2.4134424
2.5234423,0.3934424,-3.2065575,-3.4565575,-1.4365577,2.2434423,3.4534423,3.0534425,1.9034424,1.9034424,4.0034423,3.3734424,2.0534425,1.3634424,2.6734424,4.9034424,6.583442,5.9634423,4.0934424,5.1334424,2.6734424,3.7034423,-0.2965576,-4.0865574,-0.2565576,0.4534424,-0.5865576,0.41344237,-0.19655761,0.3634424,0.103442386,-0.24655762,1.3734424,-1.3365576,0.25344238,0.3634424,-1.1565576,0.9534424,-0.2565576,1.5634423,1.5134424
-1.4565576,-3.1365576,-2.6765575,-1.0565577,-0.4765576,-0.57655764,-0.2665576,2.0434425,1.6334424,2.4934423,1.2334424,3.0834424,1.5934424,2.7034423,4.9834423,4.8034425,5.873442,6.6734424,4.8834424,4.893442,4.9534426,3.6934423,4.2034426,-0.70655763,-2.6665576,-1.3265576,-1.1865577,-1.1465576,-3.4965577,-1.0465577,-0.6065576,0.40344238,-0.56655765,-0.0065576173,1.0034424,1.6434424,-0.9665576,0.37344238,0.25344238,3.3534424,1.8834424
-1.7165576,-2.0765576,0.29344237,0.5734424,0.21344239,-0.11655762,1.5434424,1.6134424,2.2434423,2.9834423,3.0234423,3.3234425,3.9434423,3.8434424,5.3234425,7.5334425,7.9834423,6.8434424,4.2634425,4.5334425,3.1534424,2.2734423,-3.2465577,-2.4465575,-3.1165576,-4.686558,-4.4765577,-3.9965577,-1.7365576,1.0034424,1.0134424,-1.4565576,0.44344237,-2.0165577,-3.2065575,3.2634423,-1.3365576,1.9334424,0.09344238,-0.31655762,2.1634424
-0.9065576,0.74344236,3.9034424,0.61344236,3.2034423,2.9834423,3.5734425,4.333442,5.7634425,5.3834424,4.1834426,3.3434424,5.5334425,6.3434424,5.393442,7.9534426,7.5034423,1.0534424,-3.0265577,-4.1365576,-5.6965575,-5.4765577,-5.6965575,-4.9465575,-4.6765575,-7.0465574,-6.896558,-3.8065577,-4.1765575,-4.5565577,-3.9365575,-1.2765576,-1.7065576,2.9134424,0.40344238,0.8234424,-0.9765576,-0.30655763,-1.4165577,-1.8965576,-2.2065575
1.4634423,1.4734424,2.8834424,2.4534423,3.6434424,4.5234423,4.3234425,5.9634423,6.063442,2.6534424,2.6634424,3.4434423,5.7634425,8.303442,3.5334425,4.2634425,-4.4665575,-4.2665577,-4.5865574,-3.6365576,-3.9965577,-3.1265576,-4.1765575,-4.5565577,-6.2465577,-6.0565577,-4.0965576,-5.8365574,-3.6665576,-2.7065575,-3.2165575,-2.8665576,-3.7565577,-2.8465576,0.11344238,1.3134423,0.5234424,-0.026557617,4.7234426,-2.6165576,-6.2165575
2.0734425,2.9234424,2.3234425,2.5934424,2.9234424,2.0734425,3.0734425,3.1034424,3.1834424,3.6634424,3.4434423,3.2934425,4.393442,4.3034425,2.4634423,4.2934422,5.9534426,-4.146558,-3.2365577,-1.9965576,-1.2765576,-2.0165577,-4.0565577,-5.9265575,-5.6965575,-3.8665576,-2.4265575,-3.0865576,-1.7165576,0.15344238,-1.2065576,-2.4065576,-2.0565577,-2.5665576,-1.9465576,-1.3565576,-0.8465576,0.5934424,0.12344238,0.7734424,1.0134424
1.6034424,0.93344235,2.2234423,2.6334424,0.7534424,2.8234425,-1.0765576,1.5334424,2.7434423,3.6134424,5.0734425,5.083442,5.373442,5.1834426,6.7834425,2.7834425,6.1534424,-2.4465575,-2.6865575,0.21344239,-0.2565576,-5.9265575,-6.1965575,-4.5865574,-4.0865574,-2.1565576,-1.6765577,-1.3165576,-0.49655762,-2.2065575,-3.3065577,-1.6465576,-2.6265576,0.61344236,-0.9665576,-0.7265576,-2.3665576,-1.0265576,2.1334424,2.6934423,2.1134424
2.3134425,1.0634423,0.32344237,1.6834424,2.8934424,0.6634424,1.9734424,4.4734426,4.313442,4.9934425,5.4634423,7.143442,6.373442,5.083442,4.5334425,3.7234423,4.9934425,1.1734424,-0.3265576,0.4934424,-3.8965576,-5.106558,-6.126558,-4.666558,-3.2365577,-3.0665576,-1.9465576,-2.7565577,-1.5765576,-1.6565576,-1.2065576,0.06344238,0.9534424,-1.7965577,-1.7165576,-1.4965576,0.06344238,-1.9065576,-1.2165576,0.28344238,0.5334424
1.6934423,2.0334425,1.4734424,1.5734423,0.5634424,1.7334424,2.8834424,3.4334424,4.8834424,4.2734423,5.063442,3.9534423,3.5834424,1.9734424,5.5534425,2.2034423,6.103442,0.5234424,-2.6465576,-2.7065575,-4.9265575,-4.2465577,-3.8565576,-2.7365577,-3.0765576,-2.9365575,-2.4065576,-1.3165576,-0.5965576,1.1734424,1.4634423,0.9034424,-1.1265576,-3.0665576,-2.0765576,-1.6165576,-2.2565577,-0.056557618,-0.94655764,0.54344237,0.73344237
2.3834424,3.2634423,2.5134423,0.8434424,0.4234424,2.5934424,2.3834424,3.4834423,2.4634423,3.4634423,2.7734423,4.5334425,3.9434423,3.4934423,3.4634423,1.5034424,-3.8465576,-4.186558,-5.2965574,-6.2965574,-6.0365577,-4.4665575,-3.8065577,-4.0965576,-2.9765577,-1.7165576,-1.3465576,-1.3565576,-3.7465577,-3.4065576,-0.6665576,0.5334424,-2.7765577,0.8534424,-1.0065576,-0.81655765,-1.3065577,0.4634424,-0.50655764,1.1534424,-0.22655761
-0.37655762,-2.1665576,-0.2565576,-2.1165576,-0.2565576,0.73344237,1.0634423,2.2334423,2.1334424,3.0234423,3.8234425,4.4434423,2.0534425,2.0234423,0.86344236,-0.27655762,-5.2365575,-3.6965575,-3.5965576,-3.7065575,-4.0665574,-3.4565575,-4.2765574,-3.7565577,-3.5365577,-4.7165575,-4.9565578,-4.3265576,-3.3665576,-3.5165577,-2.9665575,-2.6865575,-2.6265576,-2.7865577,-0.3265576,-1.6765577,-0.8665576,-0.15655762,0.19344239,-0.2965576,-0.42655763
-0.066557616,0.5734424,-1.2765576,-1.6565576,0.8534424,0.73344237,1.1934423,1.7434424,4.4334426,3.5134423,1.3134423,-0.03655762,3.3134425,-6.5065575,-5.356558,-5.7065578,-5.626558,-5.106558,-5.3365574,-4.0665574,-4.2265577,-3.4565575,-3.2465577,-3.6565576,-3.5065577,-3.7865577,-2.9765577,-3.3265576,-3.4765577,-3.3065577,-3.4765577,-2.9565575,-1.6365576,-1.8765576,-1.4865576,-0.8665576,1.5334424,0.24344239,-0.7165576,0.13344239,-0.94655764
-1.1765577,-1.8865576,-0.4765576,-0.7765576,0.073442385,0.8434424,0.86344236,2.2134423,4.5334425,3.8834424,0.19344239,-1.3765576,-6.396558,-7.1965575,-7.1165576,-6.2565575,-7.186558,-3.9565575,-5.4965577,-4.9465575,-4.9765577,-4.606558,-3.6865575,-3.4365575,-3.1565576,-2.6765575,-2.9865577,-2.7265577,-2.6565576,-2.1765575,-2.1965575,-2.0065577,-1.4765576,-1.5765576,-0.9365576,-0.5465576,-0.4865576,-0.3265576,-0.70655763,-0.016557617,-0.6565576
-1.1465576,-1.0865576,-2.0365577,-0.7165576,1.1034424,0.7134424,3.0034423,3.5434425,1.6434424,1.2734424,-0.18655762,-3.1165576,-4.5365577,-3.4065576,-3.9165576,-2.9865577,-3.5865576,-3.5965576,-4.0265574,-3.8265576,-3.6965575,-3.5265577,-3.1965575,-3.1065576,-2.9965577,-2.4865577,-2.3565576,-2.2865577,-2.5365577,-1.6365576,-0.33655763,-1.3665576,-0.6065576,-0.6065576,0.043442383,0.19344239,-0.27655762,0.80344236,0.9434424,-0.37655762,-1.0165576
