wind_kz.json
{"header": {"discipline":0,"disciplineName":"Meteorological products","gribEdition":2,"gribLength":948,"center":7,"centerName":"US National Weather Service - NCEP(WMC)","subcenter":0,"refTime":"2023-08-26T18:00:00.000Z","significanceOfRT":1,"significanceOfRTName":"Start of forecast","productStatus":0,"productStatusName":"Operational products","productType":1,"productTypeName":"Forecast products","productDefinitionTemplate":0,"productDefinitionTemplateName":"Analysis/forecast at horizontal level/layer at a point in time","parameterCategory":0,"parameterCategoryName":"UnknownDiscipline_0_Category_0","parameterNumber":0,"parameterNumberName":"UnknownParameter_D0_C0_0","parameterUnit":"Unknown","genProcessType":2,"genProcessTypeName":"Forecast","forecastTime":300,"surface1Type":1,"surface1TypeName":"Ground or water surface","surface1Value":0.0,"surface2Type":255,"surface2TypeName":"Missing","surface2Value":0.0,"gridDefinitionTemplate":0,"gridDefinitionTemplateName":"Latitude_Longitude","numberPoints":615,"shape":6,"shapeName":"Earth spherical with radius of 6,371,229.0 m","gridUnits":"degrees","resolution":48,"winds":"true","scanMode":64,"nx":41,"ny":15,"basicAngle":0,"lo1":47.0,"la1":41.0,"lo2":87.0,"la2":55.0,"dx":1.0,"dy":1.0}, "data":
[rows 0 to 14 of 15, columns 0 to 40 of 41]
311.79645,299.39642,307.79645,298.19644,298.09644,297.09644,310.99643,318.19644,314.99643,316.09644,315.59644,315.99643,315.69644,315.99643,316.69644,318.19644,317.39642,315.69644,319.29645,317.49643,318.39642,314.49643,313.39642,313.39642,314.09644,313.29645,311.19644,301.29645,300.69644,297.19644,296.39642,293.89642,305.49643,316.89642,321.29645,322.69644,324.69644,324.09644,322.99643,323.79645,323.29645
293.99643,309.79645,298.19644,298.49643,298.29645,296.89642,319.39642,316.59644,315.39642,315.39642,316.79645,315.79645,318.19644,317.29645,318.49643,319.39642,320.29645,319.49643,318.69644,319.09644,319.59644,315.99643,312.19644,305.09644,296.89642,296.49643,306.79645,299.99643,301.79645,291.89642,298.29645,292.19644,299.29645,271.49643,293.49643,310.69644,310.99643,315.59644,320.39642,308.99643,286.39642
312.69644,297.69644,298.59644,298.49643,296.99643,314.09644,313.89642,314.89642,314.19644,314.39642,315.59644,317.89642,318.99643,320.59644,320.29645,323.89642,323.19644,323.49643,321.79645,320.29645,317.19644,317.99643,312.99643,306.69644,312.39642,311.59644,311.79645,311.49643,310.99643,300.69644,293.29645,292.49643,300.79645,302.19644,303.29645,301.89642,294.89642,296.09644,296.29645,291.99643,291.39642
311.49643,297.79645,298.19644,297.49643,299.89642,313.59644,313.69644,314.79645,316.39642,315.29645,314.89642,315.59644,294.89642,293.99643,316.69644,318.59644,316.99643,320.49643,322.99643,325.09644,317.39642,312.19644,316.89642,314.89642,312.29645,312.79645,314.99643,314.09644,313.69644,315.99643,309.89642,312.59644,313.39642,315.59644,309.69644,305.49643,294.19644,294.49643,298.69644,308.39642,311.69644
311.89642,296.99643,297.59644,297.19644,304.09644,314.19644,313.99643,318.09644,315.79645,315.29645,315.79645,315.49643,294.09644,292.69644,290.89642,315.09644,316.79645,314.69644,315.89642,315.69644,316.79645,318.29645,319.79645,318.59644,318.29645,317.39642,314.49643,306.89642,315.19644,314.09644,313.79645,313.69644,295.49643,292.69644,299.89642,311.19644,308.59644,319.39642,315.89642,313.59644,315.29645
312.09644,313.19644,295.09644,295.59644,296.79645,295.99643,316.89642,313.39642,313.69644,313.99643,312.79645,312.19644,296.49643,293.99643,302.89642,312.29645,313.29645,314.99643,314.39642,316.89642,315.19644,313.99643,314.29645,315.79645,317.29645,315.99643,315.99643,292.19644,309.59644,305.89642,314.99643,310.49643,310.19644,309.99643,305.19644,305.89642,299.69644,302.59644,319.79645,315.69644,308.19644
309.49643,312.69644,312.79645,312.69644,309.09644,316.49643,318.29645,314.89642,313.39642,311.39642,313.19644,310.69644,311.09644,311.49643,312.99643,311.39642,311.19644,305.09644,307.39642,313.79645,310.79645,310.29645,306.19644,310.69644,307.19644,298.39642,311.19644,312.69644,311.79645,311.49643,302.09644,307.29645,309.79645,307.19644,308.29645,305.89642,299.99643,301.49643,294.49643,296.69644,305.69644
311.59644,313.29645,312.29645,313.49643,313.29645,313.29645,314.89642,312.39642,312.99643,312.09644,312.29645,310.19644,312.09644,311.09644,311.69644,310.59644,311.19644,310.09644,300.79645,299.49643,303.09644,298.79645,297.49643,305.59644,302.89642,303.29645,303.89642,306.69644,308.79645,304.89642,302.89642,303.09644,302.19644,299.19644,300.59644,304.09644,305.69644,289.39642,305.39642,306.79645,301.39642
309.79645,309.09644,308.69644,311.49643,309.19644,311.19644,312.09644,311.89642,309.89642,309.09644,308.39642,308.29645,308.59644,308.99643,309.19644,309.99643,306.89642,308.79645,298.69644,305.09644,299.59644,303.79645,305.19644,304.89642,302.79645,302.49643,300.79645,300.59644,298.89642,299.99643,299.79645,297.69644,296.99643,296.99643,297.09644,293.69644,296.99643,295.69644,291.59644,287.99643,289.69644
308.99643,308.79645,308.79645,308.19644,310.59644,310.99643,310.29645,308.29645,307.19644,306.39642,304.99643,304.59644,305.99643,306.69644,305.69644,304.09644,302.69644,304.59644,302.99643,301.99643,298.29645,292.79645,300.29645,301.09644,300.89642,298.79645,298.59644,297.89642,295.69644,295.99643,295.99643,297.79645,297.99643,296.39642,295.69644,293.49643,286.99643,288.79645,289.29645,289.39642,286.09644
305.89642,306.69644,305.99643,306.29645,307.19644,306.99643,306.19644,305.59644,304.19644,302.89642,301.39642,301.39642,302.79645,301.49643,303.19644,302.19644,299.19644,293.29645,291.49643,288.09644,288.99643,294.19644,293.59644,293.59644,291.09644,292.39642,291.79645,293.49643,292.89642,293.39642,295.79645,296.09644,294.19644,292.99643,293.39642,290.69644,284.29645,282.69644,285.09644,276.79645,278.29645
304.29645,302.89642,305.09644,305.89642,304.89642,303.89642,302.79645,303.29645,302.69644,301.19644,298.39642,294.79645,298.19644,296.59644,296.39642,289.19644,292.09644,289.19644,287.99643,287.09644,292.59644,291.79645,292.19644,292.19644,290.89642,291.99643,292.59644,293.59644,294.39642,293.89642,291.69644,289.29645,285.89642,285.49643,285.49643,289.09644,288.89642,285.79645,281.19644,280.89642,279.89642
298.19644,301.59644,303.39642,300.69644,300.89642,299.59644,301.49643,302.19644,300.69644,301.69644,292.09644,291.79645,293.69644,292.59644,293.39642,289.19644,289.09644,288.49643,288.79645,290.09644,291.59644,290.59644,288.99643,289.29645,291.59644,292.09644,293.29645,292.39642,291.69644,290.59644,292.19644,290.99643,291.49643,290.79645,284.89642,279.99643,280.19644,279.99643,280.39642,280.29645,280.29645
299.39642,300.29645,292.69644,301.29645,300.59644,299.69644,297.89642,297.19644,297.09644,297.39642,294.99643,289.29645,288.39642,291.59644,292.59644,288.89642,287.89642,290.79645,291.59644,291.89642,291.59644,290.09644,290.69644,289.49643,289.79645,290.79645,289.89642,289.09644,287.89642,288.19644,288.19644,282.19644,284.59644,285.59644,285.49643,281.99643,280.29645,280.99643,281.19644,278.49643,281.69644
295.59644,300.59644,289.69644,299.99643,296.79645,296.99643,295.79645,295.49643,295.79645,296.99643,292.59644,292.39642,285.79645,285.49643,285.49643,288.29645,289.59644,289.29645,291.79645,290.49643,290.39642,289.99643,289.49643,287.59644,286.99643,286.29645,286.49643,285.69644,285.39642,285.49643,284.69644,284.29645,284.19644,281.59644,280.29645,280.69644,281.29645,279.49643,280.39642,280.19644,277.69644
