wind_kz.json
{"header": {"discipline":0,"disciplineName":"Meteorological products","gribEdition":2,"gribLength":871,"center":7,"centerName":"US National Weather Service - NCEP(WMC)","subcenter":0,"refTime":"2023-10-05T00:00:00.000Z","significanceOfRT":1,"significanceOfRTName":"Start of forecast","productStatus":0,"productStatusName":"Operational products","productType":1,"productTypeName":"Forecast products","productDefinitionTemplate":0,"productDefinitionTemplateName":"Analysis/forecast at horizontal level/layer at a point in time","parameterCategory":0,"parameterCategoryName":"UnknownDiscipline_0_Category_0","parameterNumber":0,"parameterNumberName":"UnknownParameter_D0_C0_0","parameterUnit":"Unknown","genProcessType":2,"genProcessTypeName":"Forecast","forecastTime":60,"surface1Type":1,"surface1TypeName":"Ground or water surface","surface1Value":0.0,"surface2Type":255,"surface2TypeName":"Missing","surface2Value":0.0,"gridDefinitionTemplate":0,"gridDefinitionTemplateName":"Latitude_Longitude","numberPoints":615,"shape":6,"shapeName":"Earth spherical with radius of 6,371,229.0 m","gridUnits":"degrees","resolution":48,"winds":"true","scanMode":64,"nx":41,"ny":15,"basicAngle":0,"lo1":47.0,"la1":41.0,"lo2":87.0,"la2":55.0,"dx":1.0,"dy":1.0}, "data":
[rows 0 to 14 of 15, columns 0 to 40 of 41]
301.66833,287.56833,291.16833,293.86835,293.86835,292.36835,297.06833,306.26834,301.26834,302.36835,300.86835,300.86835,300.06833,300.06833,299.16833,298.36835,298.46832,298.66833,299.26834,298.06833,298.66833,297.56833,297.26834,291.66833,293.86835,294.86835,290.96832,278.96832,276.76834,274.46832,274.66833,272.46832,286.56833,292.26834,293.96832,293.66833,292.46832,291.76834,293.76834,294.86835,294.36835
280.46832,292.36835,293.56833,293.56833,293.76834,291.86835,302.96832,302.26834,300.66833,299.26834,300.36835,299.36835,300.76834,299.66833,295.06833,299.96832,298.16833,298.46832,297.16833,297.66833,298.66833,296.26834,293.96832,285.56833,275.86835,273.76834,284.56833,279.56833,280.16833,274.36835,277.46832,270.56833,277.46832,262.56833,272.36835,290.16833,287.66833,291.26834,294.76834,287.26834,284.26834
297.46832,293.16833,293.06833,292.66833,291.56833,299.96832,298.56833,299.76834,297.76834,297.46832,297.36835,298.56833,299.26834,299.56833,299.26834,297.96832,298.26834,293.86835,296.56833,295.46832,295.76834,296.86835,293.96832,289.86835,290.86835,288.66833,289.36835,288.36835,288.46832,280.76834,272.96832,274.76834,281.86835,281.36835,282.96832,281.66833,276.46832,278.46832,280.06833,275.76834,273.96832
298.56833,292.16833,292.86835,291.86835,292.76834,297.86835,295.36835,297.96832,298.56833,298.46832,297.16833,295.66833,290.26834,289.96832,295.56833,298.26834,297.26834,295.86835,296.46832,294.16833,295.76834,290.56833,294.76834,296.26834,294.06833,293.66833,293.56833,292.46832,291.36835,292.76834,292.56833,288.66833,293.56833,293.56833,290.66833,286.06833,274.96832,266.46832,278.26834,286.56833,290.06833
298.36835,291.56833,292.06833,291.46832,293.06833,294.66833,290.96832,289.86835,291.86835,296.86835,297.06833,295.26834,289.26834,288.06833,287.26834,295.66833,297.76834,296.86835,295.76834,295.96832,296.56833,295.76834,294.46832,294.86835,294.56833,293.96832,292.66833,292.46832,294.66833,294.06833,293.26834,289.36835,279.86835,272.86835,283.66833,290.66833,290.56833,291.86835,293.46832,294.66833,293.96832
295.86835,294.96832,289.66833,290.26834,290.56833,289.96832,293.96832,291.46832,289.46832,289.46832,295.66833,295.26834,289.46832,288.76834,290.66833,294.96832,296.96832,296.76834,295.96832,296.16833,294.76834,293.86835,292.76834,291.66833,292.16833,292.06833,293.76834,288.16833,294.66833,295.66833,289.66833,291.16833,288.76834,288.36835,286.46832,289.46832,281.96832,283.16833,290.76834,292.26834,292.16833
293.06833,293.56833,294.86835,295.56833,293.46832,295.36835,294.36835,291.46832,289.46832,289.16833,291.96832,293.86835,293.96832,293.46832,292.46832,293.66833,294.96832,295.86835,295.56833,294.26834,293.06833,292.76834,292.26834,291.66833,291.16833,292.36835,292.36835,294.46832,291.66833,292.36835,291.66833,289.36835,290.06833,291.86835,289.86835,284.36835,281.46832,280.86835,279.26834,277.76834,287.56833
292.96832,293.06833,293.56833,293.96832,293.76834,293.26834,292.16833,289.06833,287.56833,287.86835,288.66833,290.96832,292.36835,292.86835,293.86835,293.96832,293.36835,294.36835,294.36835,291.76834,291.16833,291.26834,291.56833,291.66833,289.76834,287.76834,288.26834,289.66833,288.46832,290.36835,288.86835,289.36835,287.56833,284.86835,284.46832,287.16833,288.36835,285.86835,287.16833,286.56833,284.06833
291.56833,291.06833,290.46832,291.26834,291.26834,291.76834,291.46832,286.36835,286.96832,286.16833,287.96832,289.86835,289.66833,291.56833,292.06833,293.36835,293.16833,292.66833,292.26834,291.06833,289.06833,288.56833,289.86835,289.56833,287.56833,288.16833,287.16833,286.46832,286.26834,285.26834,284.96832,285.46832,286.16833,285.76834,285.06833,284.46832,283.86835,282.86835,270.06833,270.26834,268.76834
290.16833,287.76834,286.26834,288.86835,289.36835,290.16833,289.96832,286.96832,285.46832,285.56833,285.66833,287.96832,289.46832,289.56833,289.96832,291.36835,292.26834,292.46832,291.56833,290.96832,289.56833,288.86835,289.56833,289.26834,288.96832,287.96832,287.26834,287.66833,287.66833,286.26834,285.96832,286.16833,287.56833,286.96832,286.26834,285.36835,283.16833,276.86835,272.76834,272.76834,270.16833
288.46832,288.16833,284.06833,284.56833,285.06833,285.86835,288.26834,285.26834,285.26834,285.66833,286.76834,289.06833,288.96832,287.96832,288.76834,289.66833,289.96832,291.06833,290.96832,289.66833,288.66833,289.06833,288.46832,288.66833,288.16833,287.96832,286.86835,288.76834,288.16833,288.56833,288.06833,287.86835,287.06833,287.56833,287.16833,284.06833,280.06833,277.56833,277.86835,277.76834,274.46832
287.46832,287.46832,283.26834,284.16833,283.36835,284.46832,285.76834,283.26834,285.66833,289.36835,288.56833,286.96832,288.06833,286.36835,286.66833,288.46832,288.96832,289.06833,289.66833,288.86835,287.66833,287.16833,286.96832,287.26834,286.46832,287.66833,287.66833,289.46832,288.96832,288.36835,287.16833,286.46832,287.06833,284.46832,285.16833,284.06833,283.66833,283.06833,282.16833,281.46832,281.16833
284.16833,285.66833,284.36835,283.96832,284.56833,283.26834,285.16833,282.56833,283.56833,283.96832,284.96832,284.46832,286.66833,285.26834,287.06833,287.56833,288.06833,287.46832,289.06833,287.76834,287.36835,286.16833,286.16833,285.46832,286.86835,287.96832,288.96832,287.96832,288.16833,287.06833,287.06833,286.46832,285.76834,284.96832,284.66833,284.26834,283.06833,284.66833,281.86835,281.16833,281.26834
283.76834,284.36835,283.66833,281.46832,282.76834,283.36835,284.36835,282.56833,282.16833,284.66833,284.06833,282.36835,284.66833,285.96832,286.66833,287.36835,287.36835,286.96832,287.46832,287.36835,287.66833,287.46832,287.26834,286.66833,287.96832,287.16833,287.66833,287.26834,287.46832,286.66833,285.86835,284.96832,284.16833,283.16833,283.26834,281.76834,282.16833,281.26834,280.36835,279.96832,279.46832
282.36835,283.46832,284.56833,280.56833,280.86835,283.16833,284.56833,282.86835,282.86835,283.06833,284.96832,284.86835,283.96832,284.86835,286.26834,286.86835,286.36835,286.16833,286.26834,285.66833,285.26834,286.26834,286.76834,285.56833,286.36835,286.76834,286.66833,286.56833,286.86835,285.66833,284.86835,283.96832,283.36835,282.66833,282.26834,282.56833,281.46832,280.86835,281.16833,280.06833,281.06833
