wind_kz.json
{"header": {"discipline":0,"disciplineName":"Meteorological products","gribEdition":2,"gribLength":871,"center":7,"centerName":"US National Weather Service - NCEP(WMC)","subcenter":0,"refTime":"2023-09-07T00:00:00.000Z","significanceOfRT":1,"significanceOfRTName":"Start of forecast","productStatus":0,"productStatusName":"Operational products","productType":1,"productTypeName":"Forecast products","productDefinitionTemplate":0,"productDefinitionTemplateName":"Analysis/forecast at horizontal level/layer at a point in time","parameterCategory":0,"parameterCategoryName":"UnknownDiscipline_0_Category_0","parameterNumber":0,"parameterNumberName":"UnknownParameter_D0_C0_0","parameterUnit":"Unknown","genProcessType":2,"genProcessTypeName":"Forecast","forecastTime":0,"surface1Type":1,"surface1TypeName":"Ground or water surface","surface1Value":0.0,"surface2Type":255,"surface2TypeName":"Missing","surface2Value":0.0,"gridDefinitionTemplate":0,"gridDefinitionTemplateName":"Latitude_Longitude","numberPoints":615,"shape":6,"shapeName":"Earth spherical with radius of 6,371,229.0 m","gridUnits":"degrees","resolution":48,"winds":"true","scanMode":64,"nx":41,"ny":15,"basicAngle":0,"lo1":47.0,"la1":41.0,"lo2":87.0,"la2":55.0,"dx":1.0,"dy":1.0}, "data":
[rows 0 to 14 of 15, columns 0 to 40 of 41]
295.8351,286.6351,290.6351,298.6351,298.8351,297.2351,297.2351,298.5351,294.8351,295.3351,293.7351,295.3351,294.43512,294.2351,293.1351,291.43512,290.1351,290.6351,289.5351,290.3351,291.5351,285.8351,285.5351,285.2351,285.93512,288.5351,286.43512,274.0351,272.93512,273.93512,272.2351,274.7351,284.7351,289.8351,290.7351,290.93512,291.43512,290.93512,292.1351,292.43512,292.5351
277.43512,289.2351,297.93512,298.1351,298.1351,296.43512,296.43512,295.3351,295.43512,294.7351,294.7351,294.6351,293.3351,291.7351,292.2351,293.2351,291.7351,288.8351,288.3351,288.43512,291.5351,288.3351,288.3351,281.1351,270.93512,271.7351,280.43512,273.7351,273.3351,274.3351,279.1351,269.43512,278.1351,265.3351,271.3351,288.0351,287.2351,289.7351,292.93512,284.7351,283.8351
292.8351,297.3351,298.2351,298.0351,295.5351,294.5351,295.0351,296.1351,295.3351,295.43512,295.1351,293.7351,292.1351,292.6351,291.43512,290.43512,289.6351,287.5351,287.7351,289.0351,290.6351,289.6351,289.5351,283.8351,285.5351,284.6351,285.5351,284.8351,284.5351,277.93512,272.1351,271.2351,277.3351,277.2351,279.1351,280.0351,273.5351,273.93512,276.7351,269.5351,269.43512
290.43512,297.0351,298.3351,297.6351,294.3351,292.1351,294.0351,293.6351,294.43512,293.3351,292.2351,291.7351,294.43512,293.7351,293.93512,291.6351,292.5351,287.43512,289.6351,287.8351,288.3351,284.1351,288.2351,288.8351,289.5351,290.3351,289.6351,288.2351,286.5351,287.6351,289.93512,285.7351,291.1351,289.3351,287.0351,284.3351,276.3351,274.2351,280.1351,284.7351,287.43512
290.8351,295.93512,296.8351,295.5351,294.1351,292.43512,292.3351,293.93512,295.0351,293.0351,292.0351,291.3351,294.0351,292.7351,290.6351,293.5351,294.5351,292.43512,287.5351,290.3351,288.7351,288.8351,287.8351,288.0351,288.2351,289.1351,288.3351,289.6351,288.0351,290.1351,292.2351,288.93512,279.3351,270.3351,279.2351,288.3351,291.7351,292.2351,291.1351,292.43512,292.0351
288.6351,287.6351,294.7351,294.3351,294.5351,294.1351,292.3351,292.3351,291.8351,292.0351,291.7351,292.6351,293.1351,293.6351,292.6351,292.6351,294.5351,293.2351,291.8351,290.43512,288.3351,288.6351,288.2351,287.1351,286.3351,285.3351,285.93512,292.1351,289.3351,290.1351,289.1351,290.5351,289.3351,287.8351,285.43512,289.1351,282.5351,284.43512,290.2351,290.6351,289.0351
288.5351,287.2351,289.1351,289.3351,291.1351,289.5351,291.8351,291.43512,291.93512,292.7351,291.8351,291.6351,291.43512,291.0351,291.3351,293.43512,293.3351,292.93512,291.6351,291.43512,289.5351,288.8351,287.7351,286.8351,284.93512,284.5351,283.7351,285.2351,285.6351,285.93512,285.8351,286.7351,287.3351,289.1351,289.3351,286.43512,283.43512,279.6351,277.6351,276.0351,287.5351
287.6351,287.5351,289.93512,287.43512,290.7351,288.7351,291.0351,290.43512,290.2351,290.93512,290.93512,290.7351,290.7351,292.0351,293.2351,294.0351,291.6351,291.8351,289.43512,288.5351,287.93512,288.43512,286.2351,286.93512,284.5351,282.0351,280.8351,279.6351,279.0351,281.43512,280.6351,281.43512,280.6351,279.8351,279.3351,282.6351,286.7351,289.3351,286.6351,285.43512,283.5351
287.3351,289.43512,290.93512,289.7351,289.2351,290.7351,289.6351,290.7351,290.7351,290.7351,291.0351,289.8351,290.2351,290.43512,290.1351,290.0351,288.7351,288.3351,286.93512,286.7351,284.93512,283.6351,285.6351,286.1351,281.6351,280.6351,278.8351,277.2351,276.1351,274.43512,276.2351,277.6351,278.0351,279.2351,278.3351,277.93512,279.7351,281.8351,275.7351,273.0351,275.3351
287.7351,288.43512,290.43512,287.93512,287.6351,287.0351,286.2351,286.2351,290.6351,288.6351,285.5351,287.8351,286.1351,286.93512,286.6351,286.0351,285.7351,285.1351,287.0351,286.8351,285.43512,284.7351,283.7351,281.43512,279.93512,278.43512,278.1351,277.2351,276.8351,277.2351,278.7351,280.8351,282.1351,281.0351,280.43512,278.8351,277.93512,274.1351,277.43512,275.2351,274.7351
291.1351,289.6351,286.6351,287.43512,289.1351,287.0351,285.6351,286.3351,285.3351,285.8351,287.3351,286.43512,287.2351,286.1351,285.3351,284.7351,284.6351,288.43512,287.5351,285.1351,282.93512,281.5351,279.6351,279.43512,280.43512,283.43512,281.5351,281.7351,282.93512,284.43512,284.43512,282.93512,280.8351,280.7351,280.2351,278.7351,276.7351,272.3351,273.8351,277.0351,275.5351
285.0351,290.43512,287.8351,288.2351,288.43512,288.1351,285.2351,286.6351,285.3351,284.3351,285.2351,286.5351,285.8351,283.93512,283.43512,286.43512,286.8351,285.93512,282.7351,281.43512,280.2351,279.43512,279.93512,280.3351,279.6351,280.43512,280.3351,282.0351,284.43512,284.7351,283.8351,284.7351,283.6351,281.5351,281.6351,278.3351,279.3351,279.5351,278.1351,279.1351,281.5351
287.43512,284.1351,286.3351,286.1351,288.6351,285.6351,288.43512,288.2351,283.7351,282.8351,281.2351,282.5351,281.1351,281.43512,281.5351,282.0351,281.3351,280.7351,280.6351,280.2351,280.3351,279.0351,279.1351,277.7351,279.1351,279.43512,283.7351,283.6351,283.8351,283.7351,282.93512,283.43512,283.0351,280.1351,280.7351,281.5351,281.8351,281.93512,281.43512,280.93512,281.5351
285.43512,286.3351,287.8351,287.3351,286.1351,287.3351,285.7351,285.6351,286.2351,283.2351,281.5351,278.7351,278.7351,280.8351,281.93512,281.2351,280.5351,279.43512,279.8351,280.6351,280.5351,279.5351,279.6351,278.8351,278.93512,279.93512,282.93512,282.7351,282.93512,283.2351,282.8351,282.8351,279.5351,280.7351,278.2351,279.5351,281.5351,281.3351,281.1351,280.6351,282.7351
282.6351,286.3351,289.6351,287.93512,285.6351,287.93512,286.3351,284.93512,285.0351,282.93512,282.3351,279.7351,280.2351,278.7351,280.5351,280.1351,279.7351,279.6351,279.0351,279.93512,279.93512,278.93512,278.3351,278.2351,278.0351,279.1351,279.6351,282.2351,281.93512,281.7351,281.93512,283.43512,282.5351,281.5351,278.3351,280.6351,282.3351,282.1351,282.6351,280.3351,282.3351
