wind_kz.json
[{"header":{"discipline":0,"disciplineName":"Meteorological products","gribEdition":2,"gribLength":871,"center":7,"centerName":"US National Weather Service - NCEP(WMC)","subcenter":0,"refTime":"2024-02-02T18:00:00.000Z","significanceOfRT":1,"significanceOfRTName":"Start of forecast","productStatus":0,"productStatusName":"Operational products","productType":1,"productTypeName":"Forecast products","productDefinitionTemplate":0,"productDefinitionTemplateName":"Analysis/forecast at horizontal level/layer at a point in time","parameterCategory":0,"parameterCategoryName":"UnknownDiscipline_0_Category_0","parameterNumber":0,"parameterNumberName":"UnknownParameter_D0_C0_0","parameterUnit":"Unknown","genProcessType":2,"genProcessTypeName":"Forecast","forecastTime":120,"surface1Type":1,"surface1TypeName":"Ground or water surface","surface1Value":0.0,"surface2Type":255,"surface2TypeName":"Missing","surface2Value":0.0,"gridDefinitionTemplate":0,"gridDefinitionTemplateName":"Latitude_Longitude","numberPoints":615,"shape":6,"shapeName":"Earth spherical with radius of 6,371,229.0 m","gridUnits":"degrees","resolution":48,"winds":"true","scanMode":64,"nx":41,"ny":15,"basicAngle":0,"lo1":47.0,"la1":41.0,"lo2":87.0,"la2":55.0,"dx":1.0,"dy":1.0},"data":[278.9,270.6,275.7,280.6,280.9,282.2,280.8,280.6,277.8,278.4,276.4,276.3,276.3,276.0,276.4,277.5,275.5,274.0,276.7,276.1,276.9,277.0,277.2,272.7,275.9,277.8,270.7,259.0,254.2,252.6,252.6,250.9,258.0,268.8,269.8,270.5,269.9,270.1,270.2,269.5,270.4,258.3,276.0,280.1,280.0,280.6,281.2,278.2,275.4,274.3,273.3,273.3,273.1,273.1,273.3,274.3,274.0,274.8,275.9,274.7,276.1,276.3,276.0,273.5,266.4,260.1,259.3,265.6,259.8,257.7,251.8,259.2,242.7,261.7,236.8,248.4,258.4,256.8,266.8,268.3,261.6,263.3,273.8,278.9,280.1,280.4,280.5,276.6,277.2,273.5,271.8,272.7,273.7,273.6,273.7,273.7,272.3,272.4,271.9,271.9,270.7,271.4,272.3,273.9,274.5,269.7,273.3,271.2,271.7,272.8,272.2,261.3,255.9,256.4,258.2,258.4,253.1,261.4,253.2,248.1,248.7,251.6,248.0,275.2,275.9,277.8,279.0,278.6,275.9,275.3,274.0,274.8,272.8,271.9,271.7,281.2,281.8,272.8,272.0,271.5,271.8,270.5,271.7,271.0,265.9,271.1,271.9,272.9,272.7,272.4,272.2,269.7,271.3,262.8,264.2,271.3,261.4,261.3,264.5,253.2,251.7,260.6,253.9,253.6,274.0,272.7,271.9,273.3,274.1,273.6,273.7,272.9,271.2,271.2,270.8,270.2,279.0,279.0,278.2,271.2,271.9,271.5,270.8,268.7,269.5,271.0,271.3,272.1,270.5,270.8,271.6,271.9,273.1,272.7,270.7,269.0,261.2,248.2,260.5,254.9,256.2,251.9,252.7,254.0,256.3,274.8,275.3,273.1,272.4,271.5,270.3,270.2,271.1,270.6,270.7,270.2,270.3,277.7,279.1,271.7,271.8,268.7,268.7,268.5,269.2,266.0,267.3,268.3,270.1,269.5,270.6,269.2,270.1,270.5,270.2,266.6,266.5,261.1,257.7,266.0,264.0,264.1,259.4,255.6,252.7,254.4,274.5,274.2,274.2,273.7,271.5,270.7,270.0,270.7,270.0,269.8,268.7,268.1,268.6,267.4,267.8,268.4,268.3,268.4,266.2,265.8,265.2,268.0,269.0,269.7,267.1,267.4,264.4,265.4,267.5,266.5,263.5,262.1,259.6,259.9,264.6,260.9,262.8,261.4,256.5,255.1,256.9,273.6,273.1,272.6,272.0,271.5,270.8,270.4,269.2,268.0,267.3,267.7,266.9,266.6,266.5,268.4,268.2,269.0,267.8,266.3,264.1,266.8,262.7,266.0,269.1,267.7,267.5,265.4,266.9,266.1,266.1,257.5,257.9,256.9,259.6,258.7,252.3,251.9,252.8,263.1,262.3,257.2,272.8,270.3,269.8,268.7,267.9,268.6,268.0,266.9,268.2,267.3,266.8,265.7,264.8,267.0,267.1,267.7,268.6,268.0,265.5,264.0,263.3,264.6,267.6,268.6,265.9,266.4,265.8,266.0,265.9,263.3,259.8,260.9,267.4,264.5,263.0,262.3,258.8,256.9,253.4,250.4,249.9,269.8,267.1,265.0,264.8,265.1,264.9,264.7,264.7,265.1,265.1,264.6,265.0,265.2,265.8,266.6,266.9,267.8,267.3,266.3,264.6,264.3,267.0,267.8,268.3,264.9,264.1,266.1,265.5,266.1,264.7,267.0,269.1,267.9,266.2,263.1,256.3,260.9,258.3,254.8,256.4,251.3,267.4,264.3,262.4,259.8,262.3,262.6,261.5,261.6,262.4,262.8,263.5,263.9,264.7,265.0,265.4,266.4,266.9,266.9,267.0,266.4,265.3,264.2,261.7,263.5,264.4,264.9,265.2,266.7,268.5,268.3,269.0,268.5,267.1,266.6,265.7,258.5,261.0,259.0,252.4,257.6,254.5,263.2,263.2,261.4,258.7,259.2,258.3,260.1,261.3,262.6,264.9,264.8,263.8,264.9,264.3,264.5,266.1,266.3,266.7,266.9,266.6,266.2,265.4,263.2,262.6,263.7,264.3,266.2,266.4,269.2,269.0,268.0,265.8,267.5,264.3,263.9,256.1,259.5,262.2,263.3,261.4,258.5,260.7,259.2,258.9,256.7,260.6,262.6,264.5,263.4,263.8,264.5,261.4,262.5,262.2,262.6,263.3,265.6,266.6,267.2,267.4,267.0,267.4,266.9,264.8,264.9,264.7,263.3,266.8,268.7,269.0,270.0,271.5,270.0,264.4,264.0,264.2,260.3,260.4,260.5,259.9,257.4,255.2,253.1,253.9,254.5,256.8,259.2,262.5,262.8,262.8,265.2,264.6,264.8,264.2,264.6,267.8,265.9,266.2,266.6,266.9,267.7,267.9,267.6,266.5,265.6,265.4,265.5,266.4,267.9,270.8,271.2,270.7,268.3,267.1,265.7,264.2,261.1,262.4,260.7,256.6,256.1,260.1,255.2,252.4,255.2,256.1,259.0,263.1,262.8,261.6,263.8,266.2,265.6,265.8,265.7,264.0,264.4,267.9,265.8,265.7,266.9,268.0,266.7,266.8,266.4,266.2,266.3,267.2,267.7,270.5,272.2,270.0,268.7,267.1,266.1,265.0,265.3,265.6,263.6,258.8,255.4,254.2,254.2,255.5]},{"header":{"discipline":0,"disciplineName":"Meteorological products","gribEdition":2,"gribLength":1102,"center":7,"centerName":"US National Weather Service - NCEP(WMC)","subcenter":0,"refTime":"2024-02-02T18:00:00.000Z","significanceOfRT":1,"significanceOfRTName":"Start of forecast","productStatus":0,"productStatusName":"Operational products","productType":1,"productTypeName":"Forecast products","productDefinitionTemplate":0,"productDefinitionTemplateName":"Analysis/forecast at horizontal level/layer at a point in time","parameterCategory":2,"parameterCategoryName":"UnknownDiscipline_0_Category_2","parameterNumber":2,"parameterNumberName":"UnknownParameter_D0_C2_2","parameterUnit":"Unknown","genProcessType":2,"genProcessTypeName":"Forecast","forecastTime":120,"surface1Type":103,"surface1TypeName":"Specified height level above ground","surface1Value":10.0,"surface2Type":255,"surface2TypeName":"Missing","surface2Value":0.0,"gridDefinitionTemplate":0,"gridDefinitionTemplateName":"Latitude_Longitude","numberPoints":615,"shape":6,"shapeName":"Earth spherical with radius of 6,371,229.0 m","gridUnits":"degrees","resolution":48,"winds":"true","scanMode":64,"nx":41,"ny":15,"basicAngle":0,"lo1":47.0,"la1":41.0,"lo2":87.0,"la2":55.0,"dx":1.0,"dy":1.0},"data":[4.778579,-1.521421,2.528579,-2.211421,2.8285792,5.838579,6.318579,7.1785793,5.2385793,5.7385793,4.158579,2.948579,2.198579,1.1285791,0.7185791,0.008579101,1.2785791,2.198579,2.688579,4.638579,5.518579,-0.2114209,-0.7214209,3.0885792,-1.531421,-1.7914209,-1.901421,0.2185791,3.0985792,-0.3614209,-2.711421,2.248579,-0.1314209,0.4385791,1.5785791,1.8585792,2.8285792,3.0785792,3.228579,3.2985792,2.8385792,1.8685791,0.7685791,-1.7114209,-2.551421,2.3785791,5.068579,6.4485793,2.8985791,4.228579,-0.6514209,0.1585791,0.3685791,-0.15142089,0.2885791,0.9885791,0.7985791,1.7385792,1.6385791,1.6985791,3.1085792,3.3885791,4.668579,0.27857912,1.0585791,1.2985791,0.6185791,-0.2214209,1.4885792,-1.9814209,-3.521421,-0.7914209,-1.771421,2.5485792,-2.471421,0.2585791,0.2985791,0.038579103,0.8685791,-0.2014209,3.678579,-0.8214209,1.7985791,-1.3114209,1.1085792,2.988579,5.7585793,5.778579,5.098579,3.988579,3.198579,3.278579,4.288579,5.588579,4.768579,5.658579,5.108579,6.168579,7.168579,6.1785793,3.268579,3.1185791,2.0785792,2.518579,6.688579,5.858579,9.958579,1.7685791,0.3585791,3.768579,4.228579,0.9485791,-3.081421,2.0885792,-0.0714209,-0.9114209,0.6185791,-1.1714209,-0.0614209,0.63857913,0.1385791,2.708579,2.3185792,-0.7714209,2.418579,2.748579,6.918579,5.498579,2.8385792,4.4285793,4.148579,5.778579,4.658579,6.098579,6.1985793,9.608579,10.358579,4.868579,3.5885792,3.8085792,4.328579,4.368579,4.398579,2.3685791,2.6285791,2.908579,4.6985793,6.088579,0.8985791,3.238579,5.018579,5.368579,8.208579,0.2685791,0.7385791,-2.1514208,1.3685791,-2.9114208,-2.8914208,-2.511421,2.8685791,1.6685791,-0.2214209,0.8585791,3.678579,3.998579,5.368579,4.658579,2.758579,2.0785792,2.658579,4.858579,3.978579,5.358579,6.1785793,7.228579,11.098579,12.0185795,12.618579,7.2385793,4.778579,4.7185793,3.3085792,2.668579,4.418579,5.248579,5.628579,7.288579,3.658579,2.248579,2.668579,5.638579,7.168579,6.308579,4.648579,1.0585791,-2.791421,-0.2714209,2.408579,-0.1114209,-1.271421,-1.2114209,-0.4614209,-0.5414209,-0.15142089,5.378579,4.878579,4.188579,1.9485791,3.528579,4.778579,4.6785793,5.398579,5.348579,7.438579,7.148579,7.748579,8.698579,12.128579,9.388579,6.438579,3.8885791,3.228579,3.688579,4.348579,4.048579,4.7585793,6.578579,5.358579,5.418579,3.1385791,2.038579,3.168579,4.398579,5.6985793,2.678579,2.8985791,2.408579,0.0685791,3.728579,-8.841421,-0.0614209,-4.731421,1.6285791,-1.3914208,-2.1414208,4.068579,4.248579,2.968579,3.3685791,4.728579,5.128579,5.128579,6.368579,7.228579,7.888579,7.528579,8.278579,8.028579,8.348579,7.288579,6.768579,5.648579,4.028579,1.838579,2.768579,4.918579,4.828579,4.598579,5.128579,2.428579,2.448579,1.5085791,0.9285791,0.2285791,1.728579,1.5185791,-0.5514209,-1.7914209,-2.011421,-6.0114207,-1.8114209,-1.0614209,3.448579,-3.6514208,1.9885792,0.9785791,3.788579,3.3685791,2.458579,4.408579,4.708579,5.368579,6.1985793,6.658579,7.108579,7.888579,8.178579,8.7685795,9.468579,9.118579,8.138579,7.438579,6.978579,5.188579,3.0585792,3.528579,6.538579,2.6185791,4.768579,5.298579,3.018579,1.588579,1.8285791,-0.8814209,0.6885791,2.228579,0.7985791,-0.051420897,-0.7314209,1.9385791,-3.041421,0.7985791,2.218579,-1.2414209,-9.781421,-10.891421,-3.3914208,2.518579,1.6185791,2.6185791,2.768579,4.138579,5.7185793,6.158579,6.548579,7.478579,8.348579,9.098579,8.868579,12.818579,9.368579,8.448579,6.808579,6.348579,5.308579,3.3385792,3.3785791,4.438579,7.358579,7.1785793,3.178579,-0.051420897,-0.2014209,1.0185791,1.5285791,1.2885791,-0.2814209,0.5485791,1.5085791,1.468579,0.7885791,-7.131421,-6.401421,1.7585791,-2.4214208,-2.3614209,0.4485791,-2.6014209,0.7885791,1.088579,1.838579,2.8585792,4.348579,5.958579,6.108579,6.5085793,8.068579,8.968579,10.898579,11.2285795,9.9785795,9.718579,7.808579,6.378579,5.918579,4.298579,3.5585792,2.248579,4.618579,3.178579,0.3685791,1.7585791,-0.4114209,-2.031421,2.0885792,0.6885791,0.9485791,1.3685791,0.5085791,2.5585792,0.2885791,-2.3614209,-2.521421,-1.5914209,-3.081421,-0.3314209,-2.581421,-0.4214209,-1.9314209,0.2185791,1.7385792,2.2985792,2.8685791,4.288579,5.358579,5.578579,6.778579,7.818579,8.918579,9.598579,10.108579,9.308579,9.048579,7.228579,5.9685793,5.088579,3.718579,2.668579,2.458579,1.4985791,-1.031421,-1.2314209,-0.3614209,-0.0614209,1.5585791,3.3585792,3.658579,1.4085791,1.4485791,3.428579,-0.5014209,-2.9014208,-2.471421,-0.5014209,-1.7114209,-1.9214209,0.3785791,-1.6014209,1.3185791,-1.9414209,0.7585791,1.9285791,2.5585792,3.198579,4.548579,4.048579,5.358579,6.828579,7.2185793,7.318579,7.338579,9.5185795,7.108579,6.158579,5.9485793,4.668579,3.768579,2.728579,1.9585791,1.6185791,0.8985791,0.7085791,0.0885791,0.6085791,2.0585792,3.2985792,2.498579,0.0885791,1.9285791,1.8785791,0.8785791,-1.2214209,-1.7114209,-3.471421,-0.5514209,-0.6614209,-0.9714209,-0.6314209,0.0785791,-0.4114209,-0.8114209,2.038579,2.0785792,2.2985792,2.8085792,4.1985793,4.1785793,5.518579,6.538579,7.958579,4.588579,1.4285791,4.458579,2.1285791,4.9485793,3.758579,2.918579,2.458579,1.7385792,1.088579,0.6085791,1.1385791,1.3985791,1.5685791,1.2885791,2.0585792,-0.011420898,1.8685791,2.8985791,1.6285791,1.4585791,-0.3514209,-1.7914209,-2.9314208,-2.561421,-2.091421,-1.2014209,-2.1114209,-1.161421,-2.1314209,-1.3614209,-1.401421,1.8585792,2.5685792,2.6085792,3.418579,4.788579,5.9285793,4.628579,6.028579,5.108579,3.8885791,2.0785792,3.1085792,4.478579,4.348579,1.5585791,0.9785791,0.4885791,0.3585791,-0.2814209,0.1485791,0.3985791,0.2485791,-1.161421,-0.9114209,0.7185791,2.788579,1.9185791,2.928579,1.1885791,-0.9114209,-3.051421,-2.8814209,-2.471421,-2.8614209,-2.6114209,-2.4414208,-2.341421,-1.781421,-1.0514209,-1.2014209,-0.2314209,1.4185791,2.6085792,3.5485792,4.998579,6.058579,4.708579,6.158579,5.398579,5.648579,2.0785792,1.4485791,3.738579,2.248579,1.1985791,-0.7614209,-1.9514209,-1.9614209,-1.5114208,-1.2314209,-1.7114209,-1.6214209,-1.531421,-1.3114209,-0.3314209,1.5685791,2.488579,3.1085792,-0.051420897,-1.9914209,-3.281421,-3.8614209,-3.711421,-3.471421,-3.1814208,-2.6214209,-2.6314209,-1.781421,-1.3814209,-1.9914209,-1.161421,-1.0814209]},{"header":{"discipline":0,"disciplineName":"Meteorological products","gribEdition":2,"gribLength":1102,"center":7,"centerName":"US National Weather Service - NCEP(WMC)","subcenter":0,"refTime":"2024-02-02T18:00:00.000Z","significanceOfRT":1,"significanceOfRTName":"Start of forecast","productStatus":0,"productStatusName":"Operational products","productType":1,"productTypeName":"Forecast products","productDefinitionTemplate":0,"productDefinitionTemplateName":"Analysis/forecast at horizontal level/layer at a point in time","parameterCategory":2,"parameterCategoryName":"UnknownDiscipline_0_Category_2","parameterNumber":3,"parameterNumberName":"UnknownParameter_D0_C2_3","parameterUnit":"Unknown","genProcessType":2,"genProcessTypeName":"Forecast","forecastTime":120,"surface1Type":103,"surface1TypeName":"Specified height level above ground","surface1Value":10.0,"surface2Type":255,"surface2TypeName":"Missing","surface2Value":0.0,"gridDefinitionTemplate":0,"gridDefinitionTemplateName":"Latitude_Longitude","numberPoints":615,"shape":6,"shapeName":"Earth spherical with radius of 6,371,229.0 m","gridUnits":"degrees","resolution":48,"winds":"true","scanMode":64,"nx":41,"ny":15,"basicAngle":0,"lo1":47.0,"la1":41.0,"lo2":87.0,"la2":55.0,"dx":1.0,"dy":1.0},"data":[-3.1060743,-3.1760743,1.8239257,10.153926,7.3739257,4.903926,3.4639258,2.5039258,3.3839257,2.6939259,3.0539258,3.3339257,3.9339259,3.6339257,3.3539257,2.5339258,2.9539258,2.5939257,5.1239257,5.1439257,0.17392579,2.3739257,-2.9060743,0.40392578,-0.63607424,0.98392576,-0.9760742,1.8139257,1.8839258,5.363926,0.4239258,-1.8760742,2.3539257,-0.9060742,0.24392578,1.4139258,0.10392578,-0.10607422,0.2939258,0.36392578,-0.38607422,7.0839257,2.2639258,5.5839257,6.5139256,5.3939257,4.983926,1.4539257,3.413926,2.5439258,2.9639258,0.60392576,-0.47607422,0.40392578,-0.15607423,1.5939258,2.4839258,1.8739258,0.3539258,0.033925783,1.5939258,1.2739258,0.67392576,4.6439257,5.093926,4.693926,2.9839258,-0.34607422,2.5239258,1.4939258,2.1939259,7.8739257,6.293926,-0.11607422,-1.0160742,-5.496074,-2.5460742,-2.7160742,-2.3560743,-1.6260742,0.14392579,0.6839258,3.3539257,9.903926,8.023926,7.3339257,4.4539256,1.8739258,3.9739258,2.653926,2.8539257,1.6739258,1.2039257,1.2039257,2.4739258,3.3939257,4.633926,4.653926,5.003926,4.8139257,4.1839256,4.023926,4.323926,2.2439258,0.6239258,6.053926,1.7539258,2.3739257,2.6939259,-0.19607422,-0.8160742,1.4039258,5.003926,3.8939257,3.4639258,-1.8860742,-0.23607422,3.6139257,6.113926,-0.27607423,0.9539258,-1.2660742,-0.88607424,4.173926,7.8539257,6.573926,6.073926,0.8739258,5.003926,5.323926,5.113926,3.5439258,2.8239257,2.3539257,2.5539258,2.8239257,5.0139256,5.9539256,5.543926,6.593926,6.6239257,5.7239256,5.7039256,5.8139257,5.593926,0.5639258,-2.1360743,3.8839257,4.573926,0.36392578,0.5839258,-1.9760742,-3.6260743,-1.3560742,0.08392578,-0.19607422,0.003925781,-1.1060742,-4.556074,-2.6960742,2.4739258,4.823926,1.6239258,1.0139258,4.213926,5.6239257,4.6839256,4.0139256,4.053926,3.4239259,4.0639257,2.6839259,3.5239258,3.0739257,2.8739257,2.7139258,1.8139257,2.4239259,2.9839258,2.6139257,6.053926,6.023926,5.903926,5.2239256,5.903926,4.9139256,5.093926,4.943926,3.6039257,4.983926,6.153926,4.073926,2.9439259,-1.2960743,3.0139258,2.1239257,3.6839259,4.6239257,-1.7560742,-1.6860743,0.41392577,-0.51607424,0.7439258,1.4539257,-0.13607422,6.113926,5.653926,6.193926,6.233926,4.3739257,3.8039258,3.6139257,3.5739257,3.5039258,3.0039258,2.7039258,2.4739258,1.8339257,2.3439257,1.9339257,2.2739258,4.053926,6.153926,6.053926,5.983926,5.363926,5.693926,5.2639256,5.8939257,5.6239257,5.293926,4.403926,3.6139257,1.6439258,-0.4260742,-0.8060742,0.21392578,1.5739257,3.3839257,2.9439259,15.673925,5.533926,5.423926,0.40392578,-1.1660743,0.28392577,4.403926,5.2439256,6.363926,5.2439256,5.213926,4.3139257,3.5739257,3.0439258,3.3439257,3.1239257,3.3039258,3.1139257,3.3239257,3.5439258,4.283926,5.113926,5.6639256,6.803926,6.1639256,5.783926,5.6639256,5.6039257,6.9539256,7.5839257,6.7239256,5.7239256,2.7339258,1.5339258,-0.9260742,-0.4560742,-1.2460742,-1.4160743,-3.4660742,1.6039258,1.4239258,-1.9460742,-4.056074,-0.95607424,0.7739258,-0.7860742,3.1339257,4.253926,5.733926,5.5839257,3.8439257,3.653926,3.4339259,2.8739257,2.403926,2.7039258,2.3739257,2.9939258,3.6139257,3.0239258,4.1439257,5.3539257,6.483926,7.133926,7.6439257,7.443926,6.883926,6.1639256,5.153926,5.3339257,7.0839257,8.333926,6.2439256,4.633926,2.8739257,2.4939258,2.2139258,-0.28607422,-0.23607422,-2.1560743,-0.8660742,0.49392578,-0.3660742,-0.47607422,1.4039258,-1.5760742,0.98392576,-1.4360743,5.463926,5.3539257,4.153926,3.3039258,2.4839258,1.9339257,1.9739258,2.153926,1.7639258,2.4239259,2.2639258,2.9639258,2.6339257,4.0839257,5.3139257,7.023926,7.553926,8.703926,8.663926,8.073926,6.2639256,4.8939257,8.703926,8.713925,7.463926,6.923926,5.323926,6.0839257,5.533926,2.8239257,3.1839259,3.8039258,4.653926,2.9839258,8.513926,7.633926,-2.9260743,1.4039258,1.6339258,1.4239258,-2.7060742,5.3939257,3.4839258,3.0339258,2.6139257,2.2039258,1.7939258,1.1939257,1.4939258,1.5539258,1.6839257,2.1139257,2.4939258,3.6439257,4.133926,5.553926,7.043926,8.853926,9.323926,8.723926,8.0539255,7.213926,7.6839256,9.333926,9.443926,5.7039256,4.7439256,5.1639256,3.2639258,3.5039258,3.2039258,3.0339258,4.543926,3.0639257,5.463926,2.8739257,1.2939258,1.4739258,-3.1560743,-0.3560742,4.093926,4.2239256,3.5739257,2.9439259,2.1939259,1.8239257,1.7139258,1.7639258,1.4639258,1.5139258,1.8039258,1.9439257,2.6339257,3.0439258,2.9939258,4.503926,5.543926,7.073926,8.8039255,10.013926,9.523926,9.733926,8.243926,6.573926,5.533926,7.173926,6.283926,5.293926,5.753926,5.1439257,4.053926,3.9839258,2.3739257,4.133926,4.9339256,5.4739256,5.7239256,1.3539258,0.40392578,2.7839258,1.0139258,1.6839257,-0.3660742,2.2139258,2.4839258,1.8439258,2.3639257,1.5539258,1.6839257,0.97392577,1.4239258,1.6239258,1.6539258,1.3339257,1.4139258,4.233926,5.383926,5.923926,6.783926,8.123926,9.543926,9.753925,9.633925,9.633925,8.903926,7.1039257,5.673926,5.963926,4.923926,5.4339256,3.8539257,4.793926,3.8639257,3.7439258,3.8039258,3.8939257,5.003926,4.4539256,0.3539258,1.2439258,2.8639257,2.6439257,2.4539258,0.9939258,1.7239258,1.8939258,2.3139257,1.5039258,1.4439257,0.8439258,0.7839258,-0.21607421,-0.6660742,0.7039258,0.8739258,-0.0060742185,3.5939257,4.9939256,6.093926,6.803926,7.9539256,8.043926,10.433926,8.983926,9.8039255,9.863926,9.083926,8.663926,7.113926,4.8739257,5.5639257,5.053926,4.773926,4.943926,4.8939257,3.8639257,3.0339258,2.9639258,4.6839256,2.8039258,1.2239258,0.2639258,0.73392576,0.3539258,0.49392578,1.6439258,1.7439258,0.33392578,1.3639258,0.44392577,0.7139258,0.79392576,-0.036074217,0.2639258,1.3939258,0.97392577,-0.19607422,0.15392578,2.2839258,6.9339256,7.553926,8.033926,8.113926,8.593925,8.673925,9.353926,8.723926,7.533926,7.173926,6.863926,6.273926,5.0139256,6.4539256,5.9339256,6.093926,4.503926,4.1439257,4.633926,4.8739257,2.6339257,2.7639258,1.2339258,-0.2660742,-0.58607423,0.113925785,0.18392578,1.5039258,1.4339257,1.6839257,1.2339258,0.8839258,0.2939258,0.47392577,0.37392578,0.12392578,1.4039258,2.0139258,1.2939258,0.40392578,-0.58607423,5.7439256,7.273926,7.4939256,7.793926,7.8739257,7.5139256,7.9139256,8.213925,7.8139257,7.673926,7.383926,6.693926,6.543926,5.943926,5.633926,4.693926,5.213926,5.213926,4.383926,4.633926,3.4939258,2.4439259,1.1939257,0.6939258,0.25392577,0.06392578,-0.18607421]}]