wind_kz.json
{"header": {"discipline":0,"disciplineName":"Meteorological products","gribEdition":2,"gribLength":871,"center":7,"centerName":"US National Weather Service - NCEP(WMC)","subcenter":0,"refTime":"2023-08-26T12:00:00.000Z","significanceOfRT":1,"significanceOfRTName":"Start of forecast","productStatus":0,"productStatusName":"Operational products","productType":1,"productTypeName":"Forecast products","productDefinitionTemplate":0,"productDefinitionTemplateName":"Analysis/forecast at horizontal level/layer at a point in time","parameterCategory":0,"parameterCategoryName":"UnknownDiscipline_0_Category_0","parameterNumber":0,"parameterNumberName":"UnknownParameter_D0_C0_0","parameterUnit":"Unknown","genProcessType":2,"genProcessTypeName":"Forecast","forecastTime":240,"surface1Type":1,"surface1TypeName":"Ground or water surface","surface1Value":0.0,"surface2Type":255,"surface2TypeName":"Missing","surface2Value":0.0,"gridDefinitionTemplate":0,"gridDefinitionTemplateName":"Latitude_Longitude","numberPoints":615,"shape":6,"shapeName":"Earth spherical with radius of 6,371,229.0 m","gridUnits":"degrees","resolution":48,"winds":"true","scanMode":64,"nx":41,"ny":15,"basicAngle":0,"lo1":47.0,"la1":41.0,"lo2":87.0,"la2":55.0,"dx":1.0,"dy":1.0}, "data":
[rows 0 to 14 of 15, columns 0 to 40 of 41]
313.13916,299.73917,307.83917,298.33917,298.33917,297.63916,309.53915,314.13916,310.13916,310.63916,308.63916,309.13916,308.23917,307.73917,307.13916,306.73917,306.43915,305.43915,306.53915,305.93915,307.73917,303.03915,303.93915,299.43915,302.33917,305.23917,299.93915,285.33917,283.73917,281.43915,280.63916,284.03915,294.93915,302.63916,305.03915,304.83917,305.03915,305.43915,305.93915,305.43915,304.83917
292.23917,304.33917,298.43915,298.63916,298.33917,297.43915,314.93915,310.83917,308.63916,308.13916,309.33917,308.33917,307.43915,305.83917,305.93915,306.63916,306.93915,306.43915,305.03915,305.53915,305.13916,303.03915,301.23917,293.33917,285.23917,285.23917,294.13916,285.53915,287.13916,278.03915,282.93915,275.13916,284.73917,267.43915,279.63916,300.13916,299.43915,302.93915,302.33917,293.93915,285.53915
307.53915,297.93915,298.73917,298.53915,297.13916,311.13916,309.53915,309.33917,307.63916,307.23917,306.93915,307.63916,305.83917,306.03915,306.23917,306.13916,305.63916,305.03915,305.23917,305.03915,305.73917,303.03915,300.63916,294.53915,298.93915,297.83917,298.43915,297.53915,295.93915,283.73917,274.83917,277.63916,283.93915,282.73917,284.93915,286.63916,276.53915,280.53915,283.63916,281.03915,280.73917
307.63916,298.03915,298.53915,297.83917,300.03915,309.93915,309.43915,309.33917,308.63916,307.93915,305.83917,302.73917,294.43915,293.73917,306.63916,305.83917,304.73917,305.23917,304.93915,304.53915,302.23917,297.73917,302.03915,301.63916,301.83917,301.03915,301.63916,298.03915,298.53915,298.03915,297.93915,294.63916,298.43915,297.33917,296.83917,289.43915,279.93915,274.93915,280.73917,291.13916,295.13916
308.63916,297.23917,297.93915,297.73917,303.53915,309.73917,310.43915,311.23917,309.03915,307.93915,306.43915,303.43915,294.13916,293.23917,291.73917,305.33917,305.23917,302.73917,302.63916,303.33917,303.73917,304.53915,303.03915,302.83917,301.33917,300.63916,298.63916,297.13916,298.03915,297.23917,300.73917,296.53915,283.23917,271.73917,287.03915,295.23917,295.03915,301.73917,301.13916,298.93915,299.53915
308.03915,305.73917,295.53915,295.93915,297.13916,296.33917,310.53915,309.23917,308.43915,307.03915,306.63916,305.73917,295.63916,295.13916,298.73917,303.03915,305.73917,304.53915,303.23917,304.13916,303.83917,301.63916,297.63916,295.03915,295.43915,294.73917,295.73917,292.23917,296.83917,296.73917,295.43915,298.03915,296.03915,295.53915,294.03915,295.83917,284.83917,286.93915,295.93915,299.73917,298.03915
309.13916,306.83917,307.13916,307.53915,304.13916,307.83917,307.63916,307.23917,307.13916,307.63916,308.03915,307.13916,306.13916,306.03915,304.13916,303.63916,304.83917,304.93915,303.63916,302.13916,301.43915,301.13916,299.73917,295.73917,293.53915,292.33917,292.03915,296.23917,295.03915,292.43915,292.33917,294.53915,294.03915,296.73917,295.33917,293.93915,288.03915,285.63916,282.93915,282.43915,290.93915
309.53915,308.33917,308.13916,307.73917,308.83917,308.03915,310.13916,308.83917,308.63916,308.43915,308.43915,307.63916,307.33917,304.23917,304.93915,303.93915,303.73917,303.33917,302.93915,300.03915,299.33917,297.93915,298.83917,296.73917,291.03915,288.53915,289.33917,290.03915,289.23917,291.33917,289.83917,291.23917,289.13916,289.23917,289.53915,292.33917,293.63916,289.83917,294.03915,293.93915,290.63916
302.73917,305.43915,302.63916,306.93915,306.53915,307.03915,307.43915,309.73917,307.43915,308.23917,307.43915,307.23917,306.53915,306.03915,303.63916,304.43915,303.33917,302.23917,301.03915,299.53915,295.73917,294.23917,293.03915,294.03915,290.83917,287.83917,283.33917,283.23917,284.63916,282.23917,284.43915,285.83917,288.93915,290.73917,291.03915,288.73917,286.93915,289.33917,279.53915,279.03915,279.13916
306.93915,298.73917,307.13916,305.83917,303.43915,307.23917,307.63916,303.63916,306.13916,306.43915,305.43915,304.13916,304.43915,302.63916,303.73917,303.63916,302.63916,301.63916,299.63916,293.23917,290.93915,294.03915,294.33917,294.73917,293.13916,288.53915,287.53915,285.53915,284.53915,284.43915,284.93915,288.23917,290.03915,293.03915,290.83917,291.53915,288.33917,283.33917,282.03915,280.53915,278.13916
303.93915,301.93915,299.73917,303.43915,303.13916,303.53915,305.03915,304.53915,304.03915,303.53915,303.23917,302.23917,303.93915,302.43915,302.43915,301.93915,301.33917,301.03915,296.63916,293.73917,291.03915,294.53915,290.83917,294.83917,293.23917,291.03915,287.63916,287.03915,286.53915,287.53915,289.03915,291.73917,291.33917,292.23917,292.13916,292.23917,285.23917,282.83917,283.53915,281.33917,280.53915
305.53915,304.03915,299.93915,302.23917,302.23917,301.53915,301.13916,302.23917,302.73917,302.73917,300.73917,299.13916,299.93915,299.23917,298.33917,299.03915,299.23917,298.33917,296.33917,294.93915,289.63916,292.43915,292.43915,292.53915,292.13916,292.23917,288.43915,289.53915,287.03915,286.13916,288.83917,291.43915,290.53915,289.93915,290.13916,292.13916,290.93915,285.73917,284.83917,284.73917,287.93915
302.83917,305.43915,306.43915,305.93915,303.83917,302.53915,302.93915,303.73917,301.93915,301.23917,296.43915,295.13916,299.13916,297.43915,297.43915,297.93915,297.93915,296.73917,296.43915,293.73917,290.43915,291.63916,292.63916,291.33917,291.73917,292.83917,291.63916,293.63916,288.63916,285.63916,287.63916,289.53915,292.63916,291.83917,291.93915,290.33917,286.93915,287.63916,290.23917,291.03915,287.03915
300.43915,302.63916,295.83917,303.43915,304.23917,302.83917,301.33917,300.73917,301.43915,299.83917,295.03915,292.73917,296.43915,297.23917,297.23917,297.13916,296.83917,296.53915,296.43915,295.13916,294.73917,295.03915,294.03915,293.63916,292.83917,293.53915,293.83917,292.53915,289.23917,290.33917,290.33917,292.43915,292.03915,291.83917,290.13916,289.63916,291.73917,291.53915,288.43915,289.33917,290.03915
301.03915,305.03915,290.53915,302.73917,302.73917,301.03915,300.03915,300.83917,300.43915,299.33917,296.03915,293.13916,292.43915,294.63916,294.53915,296.03915,296.53915,297.13916,297.13916,293.73917,292.33917,295.83917,294.63916,291.63916,293.13916,291.73917,292.03915,292.33917,293.63916,292.23917,289.83917,289.03915,292.43915,291.13916,292.43915,289.63916,291.63916,290.43915,292.03915,291.53915,290.93915
