wind_kz.json
{"header": {"discipline":0,"disciplineName":"Meteorological products","gribEdition":2,"gribLength":1025,"center":7,"centerName":"US National Weather Service - NCEP(WMC)","subcenter":0,"refTime":"2023-10-02T12:00:00.000Z","significanceOfRT":1,"significanceOfRTName":"Start of forecast","productStatus":0,"productStatusName":"Operational products","productType":1,"productTypeName":"Forecast products","productDefinitionTemplate":0,"productDefinitionTemplateName":"Analysis/forecast at horizontal level/layer at a point in time","parameterCategory":2,"parameterCategoryName":"UnknownDiscipline_0_Category_2","parameterNumber":2,"parameterNumberName":"UnknownParameter_D0_C2_2","parameterUnit":"Unknown","genProcessType":2,"genProcessTypeName":"Forecast","forecastTime":0,"surface1Type":103,"surface1TypeName":"Specified height level above ground","surface1Value":10.0,"surface2Type":255,"surface2TypeName":"Missing","surface2Value":0.0,"gridDefinitionTemplate":0,"gridDefinitionTemplateName":"Latitude_Longitude","numberPoints":615,"shape":6,"shapeName":"Earth spherical with radius of 6,371,229.0 m","gridUnits":"degrees","resolution":48,"winds":"true","scanMode":64,"nx":41,"ny":15,"basicAngle":0,"lo1":47.0,"la1":41.0,"lo2":87.0,"la2":55.0,"dx":1.0,"dy":1.0}, "data":
[rows 0 to 14 of 15, columns 0 to 40 of 41]
-0.70010436,1.8298956,0.30989563,-3.0801044,-2.5201044,-4.4201045,-5.9301043,-7.6001043,-8.100104,-7.740104,-7.6201043,-6.3201046,-4.6001043,-3.0201044,-1.3201044,0.02989563,-0.7901044,0.25989562,2.1298957,3.0198956,2.0098956,0.85989565,2.6798956,4.1298957,1.6698956,2.3898957,2.1098957,3.1598957,0.40989563,1.6498957,0.28989562,1.5998956,-0.04010437,-0.96010435,0.15989563,0.12989563,1.9598956,2.2398956,-0.26010436,0.10989563,0.93989563
1.6198956,-0.5501044,-7.950104,-6.8301044,-3.7601044,0.08989563,-5.7101045,-6.5801044,-7.5001044,-7.800104,-6.3401046,-4.7301044,-3.6001043,-2.3101044,-2.0801044,-1.1201043,-0.25010437,1.0698956,1.9598956,1.2198956,2.1398957,-0.69010437,3.1398957,3.8498957,3.3698957,1.7798957,0.15989563,1.8498956,1.8598956,2.6598957,0.5098956,1.0698956,-1.8901044,-1.7501044,0.73989564,2.6298957,2.6098957,2.2498956,0.7798956,-0.59010434,-0.36010438
-4.6901045,-5.740104,-7.3101044,-5.6701045,-4.1601043,-2.8601043,-5.4801044,-5.8401046,-6.6501045,-6.6001043,-5.8901043,-6.450104,-5.240104,-3.8201044,-1.7901044,-1.3001044,0.31989563,0.7198956,-0.17010437,0.73989564,-2.5001044,3.1798956,2.9698956,4.949896,-0.90010434,0.6998956,1.3398956,0.48989564,3.6798956,-0.31010437,0.13989563,-2.4801044,0.85989565,0.35989562,-0.01010437,-2.2001045,0.41989562,1.0198957,2.1998956,1.8598956,-0.6201044
-6.8801045,-6.700104,-6.470104,-4.6801043,0.03989563,-3.2701044,-4.6901045,-3.5701044,-4.7101045,-4.8901043,-6.6001043,-6.4201045,-5.260104,-3.0401044,0.84989566,0.14989562,-0.75010437,0.93989563,-1.6801044,0.11989563,0.21989563,-2.9801044,0.6398956,1.0598956,3.2498956,5.2098956,5.3898954,4.8998957,5.6798954,1.1698956,0.15989563,3.6598957,3.9598956,2.6498957,3.6298957,-0.84010434,-0.6101044,1.3798957,-1.6101043,-2.6501043,-2.4201043
-6.5701046,-6.4401045,-5.9601045,-3.6301043,-0.70010436,-3.8701043,-1.4001044,-3.6001043,-3.7201045,-4.2701044,-4.6401043,-4.9801044,-4.1601043,-1.3601043,3.3398957,-0.17010437,1.1098956,1.9898956,0.8998956,0.37989563,2.7598956,2.4598956,3.5198956,3.0998957,5.3398957,6.0698957,7.5998955,7.4998956,6.8198957,6.6598954,1.7698957,2.9898956,1.5598956,0.40989563,-2.2401044,-1.5001044,-0.65010434,-2.9701045,-1.5601044,-1.5001044,-1.3101044
-3.8601043,-3.7701044,-5.1001043,-4.2901044,-4.240104,-3.5701044,-1.8701043,-3.2401044,-3.1601043,-2.9101043,-4.010104,-2.5401044,-1.7901044,-0.5401044,-0.84010434,-1.3201044,-0.06010437,1.4398956,2.1898956,0.7798956,2.1998956,1.6798956,3.5398955,4.9398956,6.1498957,6.3598957,6.969896,4.9098954,5.279896,6.1898956,-1.3601043,-2.0801044,-4.700104,-2.3201044,-2.3901043,-3.9801044,-1.2101043,-2.0701044,-2.0701044,-1.5101044,-1.7801044
-2.5501044,-2.8601043,-1.2401043,-1.7401043,-2.0901043,-0.28010437,-2.2001045,-2.8101044,-4.6001043,-2.7901044,-4.030104,-3.2301044,-3.0201044,-3.1301043,-2.9701045,-2.3701043,-2.5701044,-1.5701044,-0.63010436,0.27989563,-0.37010437,0.54989564,1.6098956,3.9798956,5.719896,5.2498956,7.4598956,5.7098956,1.5198957,3.3498957,-3.0801044,-3.4301043,-3.5301044,-3.2401044,-2.6401043,-1.9701043,-0.16010436,-1.1201043,1.2398956,0.30989563,-1.0501044
-2.4701045,-2.8401043,-3.6001043,-2.7801044,0.30989563,1.4798956,-3.1701043,-3.0901043,-4.1801043,-0.57010436,-2.2701044,-3.1501043,-2.4801044,-2.4401045,-3.2601044,-3.1901045,-2.5501044,-1.8901044,-1.7601044,-1.6801044,-2.1001043,-2.5401044,-1.6201043,-2.1401043,1.5298957,1.1798956,-2.4601045,1.6098956,-5.9301043,-5.5201044,-4.1501045,-4.3501043,-5.0401044,-2.9701045,-5.5901046,-4.0201044,-2.5201044,2.0598955,-2.2301044,0.18989563,1.5698956
-1.2401043,-2.2101045,-2.9301043,-3.9501045,-2.3201044,-0.50010437,-4.470104,-3.2801044,-3.3601043,-1.8501043,-2.0701044,-1.9101044,-2.6201043,-2.6101043,-3.0901043,-3.1501043,-3.5101044,-2.8201044,-3.6001043,-4.8901043,-5.3101044,-3.9901044,-3.4301043,-3.4501045,-2.9101043,-5.1801043,-2.8501043,-5.7301044,-4.6501045,-6.5401044,-7.3701043,-5.3601046,-5.0401044,-3.1901045,-1.5101044,-1.8501043,-1.8101044,-1.9301044,-0.77010435,-0.88010436,-2.0101044
-1.2201043,-1.0601044,-2.6601043,-3.0501044,-3.6001043,-2.2401044,-3.1101043,-2.4701045,-0.9701044,-1.4401044,-1.9501044,-1.3901044,-1.3301044,-0.9201044,-2.2401044,-2.6901045,-2.2801044,-2.1701043,-3.9001043,-4.1901045,-4.6401043,-4.740104,-4.490104,-6.8101044,-4.7701044,-4.5401044,-7.220104,-4.8401046,-5.740104,-6.2101045,-5.740104,-4.510104,-3.6201043,-2.4601045,-2.4801044,-0.12010437,-0.42010438,0.21989563,-1.0301044,-0.23010437,-1.3301044
-0.09010437,-0.5401044,-0.5401044,-1.3401043,-2.7401044,-1.6201043,-1.2401043,-2.1701043,-1.5801044,-1.7401043,-1.8301044,-1.0101044,0.13989563,-1.7801044,0.05989563,-1.4901043,-2.0801044,-1.5401044,-2.9901044,-3.5701044,-4.3701043,-4.0201044,-4.4601045,-4.6801043,-4.6401043,-5.030104,-5.510104,-4.720104,-5.510104,-5.1001043,-4.6701045,-3.9801044,-3.4501045,-3.3101044,-2.4001043,-2.0501044,-0.9201044,0.23989563,0.16989563,-0.17010437,-1.3401043
0.55989563,0.5898956,0.07989563,-0.29010436,-0.6101044,-1.1701044,-0.16010436,0.36989564,0.65989566,-0.23010437,0.05989563,0.60989565,1.5898956,2.0198956,0.92989564,0.22989564,-0.5501044,-0.32010436,-1.0401044,-1.8001044,-2.6401043,-2.9401045,-3.1001043,-3.4201043,-3.5801044,-4.280104,-4.2301044,-3.7601044,-3.0601044,-2.9001043,-2.8401043,-3.5301044,-2.8201044,-2.6401043,-2.4701045,-2.0701044,-2.0401044,-2.5001044,-1.6001043,-0.7901044,-0.6801044
0.72989565,0.9598956,1.8198956,0.90989566,0.61989564,0.46989563,1.1198956,1.6998956,1.8398956,1.4798956,1.3898957,2.1198957,0.28989562,3.4398956,1.9698956,1.5998956,1.4198956,0.5898956,1.0598956,-0.11010437,-0.32010436,-1.4701043,-1.7901044,-2.3101044,-2.4101043,-2.9301043,-2.8201044,-2.7201045,-2.7101045,-2.2401044,-2.1901045,-2.5101044,-1.9901043,-2.7001045,-2.1501043,-2.4401045,-1.5601044,-0.89010435,-1.8101044,-0.39010438,-0.56010437
1.3998957,2.5698957,2.0698957,3.3998957,2.0998957,1.7598957,2.1598957,2.3198957,2.1098957,1.9198956,1.9098957,2.0098956,3.0498955,2.3998957,2.5998957,2.7498956,2.1498957,1.8198956,1.9898956,2.0098956,1.1698956,1.4698956,0.25989562,-0.47010437,-0.69010437,-0.6101044,-0.51010436,-1.0401044,-1.3101044,-1.4701043,-1.1101043,-1.2401043,-0.9701044,-1.2901044,-0.44010437,-0.82010436,-0.6101044,-0.25010437,0.38989562,-0.37010437,-0.83010435
1.5598956,2.9898956,2.7398956,4.549896,3.7498956,3.2998955,3.2698956,3.2098956,2.0198956,1.6498957,0.8898956,4.3398957,2.6698956,0.9698956,2.7798955,2.7598956,3.3698957,3.3598957,3.2198956,3.3998957,2.8198957,2.2798955,1.6198956,1.3298956,1.3998957,1.8598956,1.3498956,1.5798956,1.6498957,1.3898957,-0.15010437,1.7798957,1.3898957,1.7698957,1.8998957,2.3098955,0.78989565,2.6498957,2.0598955,1.0898956,0.26989564
