wind_kz.json
{"header": {"discipline":0,"disciplineName":"Meteorological products","gribEdition":2,"gribLength":1025,"center":7,"centerName":"US National Weather Service - NCEP(WMC)","subcenter":0,"refTime":"2023-09-28T18:00:00.000Z","significanceOfRT":1,"significanceOfRTName":"Start of forecast","productStatus":0,"productStatusName":"Operational products","productType":1,"productTypeName":"Forecast products","productDefinitionTemplate":0,"productDefinitionTemplateName":"Analysis/forecast at horizontal level/layer at a point in time","parameterCategory":2,"parameterCategoryName":"UnknownDiscipline_0_Category_2","parameterNumber":3,"parameterNumberName":"UnknownParameter_D0_C2_3","parameterUnit":"Unknown","genProcessType":2,"genProcessTypeName":"Forecast","forecastTime":300,"surface1Type":103,"surface1TypeName":"Specified height level above ground","surface1Value":10.0,"surface2Type":255,"surface2TypeName":"Missing","surface2Value":0.0,"gridDefinitionTemplate":0,"gridDefinitionTemplateName":"Latitude_Longitude","numberPoints":615,"shape":6,"shapeName":"Earth spherical with radius of 6,371,229.0 m","gridUnits":"degrees","resolution":48,"winds":"true","scanMode":64,"nx":41,"ny":15,"basicAngle":0,"lo1":47.0,"la1":41.0,"lo2":87.0,"la2":55.0,"dx":1.0,"dy":1.0}, "data":
[rows 0 to 14 of 15, columns 0 to 40 of 41]
-0.46426758,1.3057324,1.3557324,8.155732,5.1357327,3.2757325,1.5757325,2.1557324,2.5957325,2.1157324,1.1857324,1.0257324,0.31573242,-0.8042676,-1.8542676,-3.5742676,-5.134268,-3.6242676,-5.174268,-3.4942675,-2.1942675,-2.8942676,-0.22426757,1.5057324,2.5557325,2.0157325,0.45573243,2.9057324,-2.0142677,-2.7942677,-2.4342675,-0.8142676,-1.1242676,-2.3542676,-2.4042675,-0.21426758,0.7757324,1.2657324,2.0957325,1.2357324,0.2957324
2.8857324,0.47573242,3.4657323,6.7657323,6.9857326,5.7857323,2.6057324,2.8257325,3.2157323,2.6757324,2.5857325,1.6957325,1.0957325,0.4157324,-1.0542675,-1.4742676,-0.82426757,-2.0242677,-2.7442675,-3.9942675,-4.7842674,-3.9342675,-2.5842676,-0.12426758,2.4957323,3.3057325,2.9457324,3.1557324,-0.29426757,2.6857324,0.6857324,0.5257324,1.5157324,-1.7242676,1.3357325,1.0457324,0.97573245,1.3357325,2.1757324,2.2457323,0.3857324
-0.6042676,6.4857326,4.6457324,5.6457324,5.0257325,3.6657324,3.1057324,3.1657324,3.9157324,3.7057323,3.0157325,1.9257324,1.3557324,0.9557324,0.8757324,0.3257324,0.045732424,-0.11426758,-0.9142676,-2.1042676,-3.3342676,-1.4142675,-2.2242675,0.60573244,-1.3342676,-1.5342675,-0.46426758,-1.7042676,-1.0542675,-2.2442675,-1.2242676,0.12573242,-2.1242676,0.5057324,-0.8742676,-2.7942677,-2.9642675,-3.5642676,-2.9642675,-0.03426758,1.7057325
3.4657323,4.2557325,4.9457326,4.9057326,3.3557324,3.6357324,3.7957325,3.7657325,3.4757323,2.6657324,2.0757325,1.6657324,1.8057324,2.4757323,1.7557324,1.4657325,1.0457324,0.60573244,0.4457324,-0.63426757,-1.8542676,0.40573242,0.13573243,0.14573242,0.84573245,0.5057324,-0.51426756,-0.44426757,-0.7942676,-0.41426757,-0.8442676,1.9057324,1.1657324,0.15573242,0.7457324,0.5657324,3.4957323,4.3857327,-4.134268,0.23573242,-1.2342676
1.7157325,2.9557323,3.1157324,3.7557325,2.8857324,2.9257324,3.4657323,1.9857324,3.0357325,2.8957324,2.2057323,0.8757324,1.0957325,1.6957325,2.6157324,2.0857325,2.5157325,2.7657325,3.3657324,2.8157325,3.3157325,2.0757325,2.3557324,2.2057323,1.8857324,1.7757324,2.2057323,1.3257325,1.8457325,0.54573244,0.045732424,-0.08426758,3.6157324,3.3157325,1.2057325,1.2957324,0.4157324,-0.47426757,-0.07426758,-1.9542676,-2.6942675
1.5757325,2.0257325,1.8057324,2.8557324,3.2557325,3.3957324,2.7857325,1.9957324,2.1357324,0.7557324,1.1257324,0.9957324,0.36573243,1.8557324,2.3457325,1.6057324,2.5557325,3.3857324,3.6157324,3.2157323,4.1957326,5.4657326,5.3157325,3.9557323,2.1557324,2.3157325,2.0657325,2.8957324,2.9257324,2.0757325,0.33573243,0.5157324,0.10573242,-0.3342676,-0.9942676,-0.23426758,-1.6942676,-1.6042676,-2.5442677,1.1657324,2.8657324
2.4757323,2.1657324,2.0657325,1.7957324,1.4957324,1.0857325,1.0557324,1.2057325,1.2557324,1.0557324,0.7157324,0.28573242,-0.63426757,-0.46426758,-0.5042676,1.0057324,2.2057323,2.8457325,2.0457325,2.8757324,4.9257326,5.615732,6.2257323,6.3157325,4.4657326,4.4357324,3.8657324,3.6657324,3.0557325,2.8657324,3.4457324,1.5657325,1.5757325,1.6757324,1.2757324,1.3957324,2.2457323,3.7157323,-0.3342676,3.5157325,-0.17426758
1.2757324,1.4757324,1.4357324,1.0957325,0.8757324,0.60573244,0.3857324,0.78573245,0.46573243,-0.3942676,0.25573242,-1.1042676,-1.4742676,-2.0442677,-1.9342675,-1.9842676,-0.8442676,1.2557324,1.7057325,2.8257325,3.6057324,5.2457323,5.4857326,6.4457326,6.3957324,6.0657325,4.9557323,4.1057324,3.3757324,3.3157325,4.115732,3.0857325,2.1457324,3.6257324,3.4757323,1.2257324,0.45573243,-1.4042675,-1.0842676,0.025732422,-0.14426757
1.0057324,1.0357324,0.4157324,0.12573242,0.19573241,-0.3642676,-0.46426758,-0.38426757,-0.22426757,-0.5442676,-1.6642675,-2.0042677,-2.8642676,-3.4142675,-4.1942677,-4.5042677,-3.9142675,-2.0942676,-0.52426755,-0.8542676,0.91573244,4.5457325,5.8157325,6.0657325,7.075732,6.5157323,5.615732,4.1057324,4.3057323,3.6057324,4.1457324,4.4357324,3.1657324,2.0957325,2.5957325,3.4357324,3.3957324,1.3257325,2.4157324,2.3357325,1.9257324
0.13573243,-0.09426758,-0.28426757,-0.5542676,-0.5642676,-0.9142676,-1.5442675,-1.4942676,-1.5342675,-0.65426755,-1.1842675,-2.1242676,-2.4342675,-2.8142676,-2.6942675,-3.2242675,-2.4542675,-0.8042676,-1.0642676,-1.8142676,-0.054267578,2.0057325,2.5957325,6.6457324,6.5257325,5.6957326,5.6057324,4.2557325,3.5457325,4.2657323,2.5457325,2.7357323,3.2357323,3.1857324,3.0657325,4.8757324,2.5957325,2.6657324,2.9157324,2.9857323,2.7557325
-0.054267578,0.08573242,-0.52426755,-0.95426756,-0.88426757,-0.8542676,-1.3242676,-1.4842676,-0.9242676,-1.7342676,-2.2142675,-2.9342675,-2.7042675,-2.4042675,-3.2242675,-2.9842675,-3.4142675,-3.0642676,-3.0942676,-2.2842677,-2.7642677,1.3157325,2.7557325,3.1157324,3.3557324,2.8557324,2.7857325,2.7957325,2.6257324,1.6757324,1.5457324,2.9957323,5.0157323,4.6257324,5.6757326,6.4057326,4.6957326,2.2857325,5.6957326,2.0357325,0.6357324
0.54573244,0.84573245,1.3957324,1.5257324,1.2357324,0.14573242,-0.40426758,-0.65426755,-0.7342676,-1.1242676,-2.0742676,-2.0142677,-1.7542676,-1.2942675,0.06573242,-0.8442676,-1.6942676,-2.3042676,-1.4942676,-1.3642676,-1.3142676,-1.3442676,-1.4742676,-0.88426757,1.0557324,0.5657324,1.5657325,1.7357324,0.30573243,1.0657325,1.3157325,3.7057323,3.8557324,5.2057323,4.8557324,6.1357327,6.325732,4.9357324,-0.21426758,-0.5442676,-0.89426756
1.2957324,2.2257323,0.6257324,0.8857324,0.40573242,0.3557324,0.28573242,0.035732422,0.22573242,-0.47426757,-1.0642676,-1.3142676,-1.9242675,0.9657324,1.0357324,-0.43426758,-1.9442676,-1.7742676,-1.7042676,-0.6642676,-0.3642676,-1.1442676,-1.4642676,-0.52426755,-0.7942676,-1.0042676,-0.90426755,-1.3142676,-1.2642676,-0.104267575,1.2457324,1.8957324,3.9957323,4.3357325,5.9757323,5.9057326,5.615732,3.2757325,3.4857323,3.9357324,1.7557324
1.0557324,2.0357325,2.2357323,1.6657324,1.3457325,0.6357324,0.7657324,1.0157324,1.7057325,0.5857324,-0.7542676,-0.70426756,1.1457324,2.1157324,1.8557324,0.8857324,-0.014267578,-0.41426757,-0.014267578,-0.18426758,-0.25426757,-0.25426757,-0.46426758,-0.5542676,-0.9842676,-1.2242676,-1.6342676,-1.9742676,-2.2842677,-2.3142676,-1.2542676,-0.32426757,2.0757325,3.7057323,5.6757326,6.2257323,4.865732,4.4657326,4.365732,3.6857324,4.1757326
0.9957324,1.4057324,1.8557324,1.9157324,1.5557324,0.6357324,0.8857324,1.0857325,0.79573244,0.37573242,0.14573242,0.49573243,0.17573242,0.25573242,1.7057325,1.4057324,1.3357325,1.5957325,1.5157324,0.97573245,0.6557324,0.33573243,-0.004267578,-0.58426756,-0.6142676,-1.4842676,-1.9242675,-2.3542676,-2.1542675,-1.7242676,-1.8742676,-2.5342677,-3.2142675,3.3857324,4.3857327,5.8957324,5.6457324,6.0357323,5.0457325,4.595732,3.7057323
