wind_kz.json
{"header": {"discipline":0,"disciplineName":"Meteorological products","gribEdition":2,"gribLength":1025,"center":7,"centerName":"US National Weather Service - NCEP(WMC)","subcenter":0,"refTime":"2024-04-07T12:00:00.000Z","significanceOfRT":1,"significanceOfRTName":"Start of forecast","productStatus":0,"productStatusName":"Operational products","productType":1,"productTypeName":"Forecast products","productDefinitionTemplate":0,"productDefinitionTemplateName":"Analysis/forecast at horizontal level/layer at a point in time","parameterCategory":2,"parameterCategoryName":"UnknownDiscipline_0_Category_2","parameterNumber":3,"parameterNumberName":"UnknownParameter_D0_C2_3","parameterUnit":"Unknown","genProcessType":2,"genProcessTypeName":"Forecast","forecastTime":60,"surface1Type":103,"surface1TypeName":"Specified height level above ground","surface1Value":10.0,"surface2Type":255,"surface2TypeName":"Missing","surface2Value":0.0,"gridDefinitionTemplate":0,"gridDefinitionTemplateName":"Latitude_Longitude","numberPoints":615,"shape":6,"shapeName":"Earth spherical with radius of 6,371,229.0 m","gridUnits":"degrees","resolution":48,"winds":"true","scanMode":64,"nx":41,"ny":15,"basicAngle":0,"lo1":47.0,"la1":41.0,"lo2":87.0,"la2":55.0,"dx":1.0,"dy":1.0}, "data":
[rows 0 to 14 of 15, columns 0 to 40 of 41]
-1.3498017,-1.9498017,2.6101983,5.5101986,2.7101984,-0.85980165,1.2201984,0.49019837,-0.26980165,-0.60980165,-0.37980163,-0.74980164,-0.6498016,-1.5398016,-2.0498016,-3.0498016,-3.0598016,-2.5098016,-4.0398016,-1.8098016,-1.1998017,-1.5098016,-2.3298016,-1.3698016,-1.0898017,-1.2098017,-0.8198016,1.8701984,0.95019835,-1.8598017,-4.299802,-5.2898016,1.4201983,-1.9898016,-1.5898017,0.6101984,2.2601984,1.4101983,1.2001984,0.28019837,-0.37980163
5.5601983,-0.86980164,3.3701982,5.1501985,2.9601984,1.9401984,-0.40980163,2.4901984,1.5301983,0.9301984,0.33019838,-0.6398016,-0.91980165,-0.86980164,-2.7098017,-2.5598016,-1.6598016,-3.2698016,-4.4298015,-2.7998016,-1.8798016,-2.1298018,-0.32980165,1.8101983,-2.5698016,2.0701983,-1.2398016,0.7901984,-0.48980165,1.9401984,1.5301983,0.78019834,-2.3298016,-4.5798016,-5.2498016,-2.0898015,-2.4398017,-5.3798018,-1.7298017,-0.97980165,1.0201983
1.0901984,2.1101983,2.8701982,2.2601984,3.5601983,2.7801983,1.8601984,2.0601983,2.4501984,2.3501983,2.1701984,1.5401983,0.6701984,0.13019836,-1.5198016,-2.1298018,-1.9398017,-2.3898017,-2.3498015,-2.7998016,-2.9898016,-2.0498016,0.17019837,0.25019836,-0.92980164,0.050198365,1.4501984,0.77019835,0.50019836,2.3701982,2.8101983,2.1101983,1.5301983,-1.5998017,0.15019837,-2.3698015,-3.3798018,-2.0798016,-0.21980163,-1.8798016,-2.8998017
0.87019837,0.7901984,1.0501983,2.5301983,1.2301984,2.2301984,2.4601984,3.5201983,3.8001983,3.1501985,3.1201982,2.3301983,2.8001983,1.4901984,-0.49980164,-1.7098017,-2.1898017,-2.1598017,-2.0398016,-2.4598017,-2.6198015,-0.5898016,-0.61980164,-1.9898016,-1.6598016,0.5501984,2.9401984,0.9301984,4.1901984,2.9601984,2.3501983,-2.2698016,1.4501984,4.0301986,-0.54980165,-0.17980164,3.8001983,2.7501984,-0.71980166,-1.8998016,-2.6898017
0.11019836,0.100198366,-0.66980165,-0.12980163,0.8501984,1.1101984,1.2701983,1.3501984,2.2801983,3.2101984,3.1801984,2.2501984,3.5101984,2.9401984,2.0401983,0.78019834,-0.17980164,-0.62980163,-0.38980162,-0.7598016,-0.5698016,-1.0398016,-1.2698016,-1.0398016,-0.7098016,-0.5798016,3.7101984,5.3401985,3.1501985,3.5001984,5.5501986,3.3801985,2.9901984,-1.0298016,0.29019836,-1.8098016,-4.8098016,1.7801983,-0.28980163,-3.2598016,-1.8798016
-0.039801635,-0.059801634,0.47019836,1.0901984,1.1801983,1.4701984,1.1401983,1.2001984,1.1501983,0.9301984,0.62019837,0.70019835,-0.069801636,2.2401984,2.0801983,1.9801984,1.8501984,1.4801984,1.3101983,2.1201982,1.3001983,1.1101984,0.59019834,-0.08980164,-0.059801634,-0.45980164,-0.109801635,1.5101984,3.5501983,4.240198,4.1701984,6.4001985,5.8001986,4.1301985,3.6201982,1.9401984,-0.36980164,-4.0998015,-4.9598017,-1.3798016,-3.6498017
2.0401983,1.7201984,1.6301984,1.6201984,1.5701984,1.3401984,0.9201984,0.84019834,0.77019835,1.0301983,0.7401984,0.88019836,0.42019835,1.0501983,2.0501983,2.4601984,3.0101984,2.7101984,2.1601985,2.2201984,3.4101985,2.5801983,2.8101983,2.5201983,0.89019835,0.90019834,0.11019836,0.42019835,-0.5798016,1.2001984,2.5901983,3.0601983,3.7901983,4.5601983,0.060198363,-0.18980163,0.25019836,1.8001983,-1.1198016,-1.2798016,-6.9898014
1.7601984,1.4601984,1.4201983,1.8501984,1.6801983,2.0601983,2.1701984,2.8001983,2.7001984,1.2801983,1.8301984,1.2801983,0.65019834,1.5201983,0.96019834,1.3401984,2.0201983,2.1901984,2.0801983,2.8501983,1.7501984,1.3501984,2.5701983,3.3501983,2.8001983,2.2301984,1.2701983,-0.13980164,0.09019837,-0.24980164,1.3301984,2.9501984,2.4401984,2.7901983,6.6501985,2.2701983,1.6701983,-0.45980164,0.8601984,0.9701984,-0.65980166
1.7701983,1.4401984,1.0701984,1.3901983,1.6801983,1.8201984,1.9701984,2.0701983,1.8401984,2.0201983,1.3901983,1.0201983,-0.12980163,-0.029801635,-0.13980164,-0.14980164,0.070198365,-0.11980163,0.43019837,1.4201983,2.1001983,0.33019838,1.3201984,2.0301983,3.5201983,3.0601983,2.2501984,2.5801983,1.6801983,1.5201983,1.4001983,1.6301984,1.6601983,3.1301985,3.5701983,3.7301984,0.28019837,2.8101983,2.6601985,0.34019837,0.84019834
2.0101984,1.9201983,1.6401983,1.2201984,0.94019836,0.87019837,1.1201984,1.0201983,0.95019835,1.0301983,1.4801984,1.3801984,0.96019834,-0.22980164,0.15019837,0.12019836,0.09019837,-0.86980164,-0.26980165,0.34019837,1.6501983,2.0401983,1.2001984,1.7901983,3.1601985,2.4501984,2.0601983,1.9836426E-4,0.070198365,1.2701983,1.7901983,0.57019836,-0.54980165,3.0901983,1.8101983,3.9001985,1.6901984,0.75019836,4.2901983,5.1301985,3.6901984
0.040198363,-0.23980163,0.13019836,0.20019837,0.65019834,1.0301983,2.0501983,2.0301983,1.6001984,1.3801984,1.7401984,1.6501983,1.0401983,1.5401983,0.100198366,0.5501984,0.90019834,-0.109801635,-0.069801636,0.33019838,1.0101984,0.46019837,0.41019836,0.6001984,1.9301983,1.6401983,1.5801984,1.3601984,-0.039801635,-0.19980164,0.32019836,-1.2198017,-0.6998016,2.3201983,4.1901984,4.5701985,3.3701982,1.5101984,3.5301983,2.3401983,2.1401985
0.76019835,1.0301983,0.6801984,0.27019837,0.19019836,0.010198364,-0.43980163,0.87019837,1.4801984,1.6201984,2.2901983,0.9901984,0.40019837,1.0401983,0.47019836,0.42019835,0.20019837,0.060198363,0.7901984,-0.14980164,0.83019835,0.25019836,0.47019836,1.6801983,0.9801984,2.5801983,1.8701984,0.11019836,-1.4898016,-0.78980166,-0.60980165,0.53019834,-0.049801636,3.1901984,2.9401984,3.9201984,4.930198,5.450198,1.1601983,1.8501984,1.3701984
1.0201983,0.69019836,0.29019836,0.35019836,-0.21980163,-0.12980163,-0.97980165,1.0501983,1.7101984,2.0001984,1.4201983,0.88019836,1.4701984,1.6301984,1.4701984,-0.31980163,0.44019836,0.87019837,-0.25980163,-0.5198016,0.11019836,0.83019835,-1.0198016,0.16019836,0.42019835,-0.09980164,-0.6998016,-0.65980166,-0.35980165,0.49019837,0.34019837,-0.27980164,-1.3898016,-1.1798016,-1.0098016,1.5201983,1.9801984,1.9836426E-4,5.240198,4.3801985,3.1701984
1.5501983,-0.32980165,-1.8398017,-1.3798016,-1.1898017,-0.55980164,-0.5698016,0.62019837,1.0501983,1.9401984,2.3001983,1.1201984,1.9601984,2.5001984,1.9301983,-0.109801635,0.58019835,-0.029801635,-0.40980163,-0.059801634,-0.68980163,0.27019837,-0.25980163,0.42019835,0.88019836,0.040198363,-0.45980164,-1.5998017,-1.8798016,-0.9498016,-0.38980162,0.65019834,-0.09980164,-0.67980164,-0.6998016,0.70019835,-1.2998016,2.0001984,2.9601984,4.140198,4.2701983
-1.1098017,-1.2098017,-2.3398015,-1.6298016,-1.5598016,-0.5098016,-0.65980166,-0.6398016,-0.5198016,0.35019836,2.1301985,3.8101983,2.5601983,1.1001984,-0.66980165,-1.9198016,-1.5898017,-1.1898017,-0.54980165,-0.019801635,-1.0098016,-0.09980164,-0.26980165,-0.45980164,-0.029801635,-0.069801636,-0.55980164,-0.8298016,-1.3398017,-1.3898016,-1.5598016,-1.5498016,-1.6298016,-1.2898016,-0.78980166,-1.6698016,-0.25980163,-0.09980164,3.9301984,3.3701982,2.3801985
