wind_kz.json
{"header": {"discipline":0,"disciplineName":"Meteorological products","gribEdition":2,"gribLength":1025,"center":7,"centerName":"US National Weather Service - NCEP(WMC)","subcenter":0,"refTime":"2024-04-06T18:00:00.000Z","significanceOfRT":1,"significanceOfRTName":"Start of forecast","productStatus":0,"productStatusName":"Operational products","productType":1,"productTypeName":"Forecast products","productDefinitionTemplate":0,"productDefinitionTemplateName":"Analysis/forecast at horizontal level/layer at a point in time","parameterCategory":2,"parameterCategoryName":"UnknownDiscipline_0_Category_2","parameterNumber":3,"parameterNumberName":"UnknownParameter_D0_C2_3","parameterUnit":"Unknown","genProcessType":2,"genProcessTypeName":"Forecast","forecastTime":300,"surface1Type":103,"surface1TypeName":"Specified height level above ground","surface1Value":10.0,"surface2Type":255,"surface2TypeName":"Missing","surface2Value":0.0,"gridDefinitionTemplate":0,"gridDefinitionTemplateName":"Latitude_Longitude","numberPoints":615,"shape":6,"shapeName":"Earth spherical with radius of 6,371,229.0 m","gridUnits":"degrees","resolution":48,"winds":"true","scanMode":64,"nx":41,"ny":15,"basicAngle":0,"lo1":47.0,"la1":41.0,"lo2":87.0,"la2":55.0,"dx":1.0,"dy":1.0}, "data":
[rows 0 to 14 of 15, columns 0 to 40 of 41]
-0.63168216,1.1283178,-4.061682,6.918318,4.2883177,3.498318,6.928318,6.398318,5.608318,4.7483177,3.1383178,1.9483179,0.79831785,-1.3116821,-2.3716822,-3.501682,-4.931682,-4.971682,-5.311682,-3.2916822,-1.0116822,-1.3516822,-1.2916821,0.8983179,1.3583179,-0.37168214,1.1783179,-1.6716821,-2.011682,-1.3116821,-1.5816821,-1.6216822,-1.0616821,0.26831788,-0.46168214,-1.7716821,-0.88168216,3.1083179,2.488318,0.97831786,1.0283179
2.788318,-4.7116823,1.2883179,6.838318,6.008318,6.0783176,7.2683177,6.928318,5.888318,4.298318,3.1983178,1.5283179,0.33831787,-0.39168212,-2.4216821,-2.9116821,-3.451682,-4.391682,-4.821682,-5.1916823,-5.261682,-5.491682,-0.24168213,-2.221682,0.9583179,-1.6316822,1.8883178,-1.6016822,-3.0716822,-1.8816822,-2.191682,-2.5416822,-1.6716821,-1.0716821,-1.8616822,2.778318,1.9583179,1.8583179,3.6883178,1.6383178,0.02831787
-0.9316821,1.5383179,2.068318,4.668318,5.0583177,7.838318,7.318318,6.568318,6.568318,4.948318,2.7083178,1.1283178,-0.071682125,-0.57168216,-1.5116822,-2.3616822,-3.501682,-4.5216823,-5.371682,-4.2116823,-3.9216821,-5.9416823,-4.651682,-4.511682,-4.141682,-2.1716821,-1.7316822,-1.4516821,0.02831787,-3.271682,-2.6316822,-1.8216821,-3.1016822,-0.46168214,1.3383179,-2.681682,-2.971682,-4.831682,-3.961682,-0.5016821,0.33831787
1.9583179,7.9583178,6.278318,5.628318,8.848318,9.578318,8.888318,7.258318,5.398318,3.998318,2.2083178,0.59831786,-0.57168216,-1.8816822,-0.88168216,-2.3116822,-3.1416821,-3.8316822,-4.761682,-5.491682,-5.201682,-4.591682,-1.8416821,-2.6116822,-2.3316822,-3.3316822,-2.941682,-3.761682,-4.7516823,-6.131682,-6.641682,-2.691682,0.86831784,-1.6916821,1.7683178,-1.4816822,3.288318,2.9383178,-2.011682,0.79831785,4.348318
7.588318,8.378318,5.608318,3.6083179,8.368318,8.578318,7.398318,6.428318,5.7683177,4.3283176,3.5983179,2.6483178,0.91831785,-0.24168213,-0.27168214,-1.5616821,-2.3916821,-2.8516822,-3.1216822,-2.761682,-2.471682,-2.0816822,-1.9116821,-1.4416821,-1.4616821,-2.1516821,-3.471682,-2.981682,-3.691682,-5.381682,-6.141682,-6.7316823,-2.4216821,-1.2816821,0.8183179,2.008318,-8.001682,3.1683178,7.008318,-3.931682,3.558318
7.798318,8.838318,5.068318,4.7283177,3.728318,3.818318,6.628318,5.588318,6.0383177,4.798318,4.318318,3.6183178,1.6583179,-0.34168214,0.21831787,-0.63168216,-1.3216821,-1.9116821,-2.221682,-2.031682,-1.6716821,-1.7916821,-0.8016821,-0.6716821,-0.47168213,-0.72168213,-1.7516822,-5.1716824,-3.3716822,-3.8916821,-4.081682,-5.081682,-4.241682,-3.721682,-0.96168214,-1.4016821,-0.8016821,-5.491682,-3.991682,3.738318,4.628318
9.018318,8.878318,8.948318,8.928318,7.258318,7.8083177,7.2083178,7.5183177,5.668318,5.028318,4.778318,3.718318,3.1483178,1.8083179,1.2183179,0.8283179,0.14831787,-0.26168212,-0.63168216,-1.0516821,-1.8116821,-1.5816821,-0.83168215,-0.29168212,0.5083179,0.26831788,-1.2316822,-2.0716822,-3.0516822,-3.991682,-4.381682,-4.891682,-6.111682,-7.861682,0.7683179,1.4983178,2.768318,-0.39168212,-3.201682,2.5783179,-5.5216823
8.898318,8.848318,8.9883175,9.308318,9.308318,8.108318,7.928318,7.908318,6.7283177,5.858318,5.3083177,3.9583178,3.028318,2.5883179,1.9783179,2.298318,2.468318,2.048318,1.2583178,1.1283178,0.46831787,0.27831787,-0.23168212,0.01831787,0.5083179,0.72831786,0.79831785,0.12831788,-0.88168216,-2.5716822,-3.721682,-4.121682,-5.0016823,-7.2316823,-4.221682,-4.121682,-3.1516821,-1.4416821,0.8383179,0.79831785,-1.2716821
8.838318,8.678318,8.868318,8.958318,8.668318,8.148318,8.038318,7.218318,6.688318,6.278318,5.238318,3.768318,2.228318,3.6383178,3.808318,4.168318,4.098318,3.968318,2.798318,1.7383178,1.7683178,2.558318,2.4383178,2.0883179,1.7483178,1.3683178,1.0383179,0.65831786,-0.12168213,-0.8716821,-2.8016822,-4.1716824,-4.371682,-4.9216824,-4.831682,-5.1916823,-3.501682,-3.731682,-4.491682,-2.781682,-1.1016822
8.978318,8.528317,8.598318,8.578318,8.548318,7.758318,7.8283176,7.5783176,7.008318,5.948318,4.868318,3.248318,2.4183178,2.068318,3.478318,3.998318,3.5883179,3.8883178,4.778318,3.468318,3.288318,3.318318,3.498318,3.548318,3.4583178,2.988318,2.3783178,1.8883178,1.4483179,0.43831787,-1.1316822,-1.7816821,-2.5716822,-3.521682,-2.761682,-3.281682,-1.7816821,1.0783179,-2.0616822,-2.931682,-2.761682
7.568318,8.498318,8.408318,7.778318,7.568318,7.2883177,7.198318,6.9783177,6.118318,5.348318,5.198318,3.818318,3.218318,2.798318,2.3883178,2.558318,2.478318,3.3483179,5.438318,5.2283177,4.378318,5.168318,5.428318,5.0783176,4.858318,5.0183177,3.8883178,3.9583178,2.968318,1.8183179,1.3483179,0.18831787,-0.96168214,-2.1116822,-2.521682,-3.191682,-1.9816822,-1.1716821,-1.3316821,-1.7616822,-0.9216821
6.878318,7.088318,8.008318,7.508318,7.088318,6.878318,6.2683177,6.178318,5.138318,4.5583177,4.2883177,2.8383179,2.4283178,1.7883179,1.4183179,0.86831784,0.5183179,1.1283178,3.9583178,3.5983179,4.0783176,4.7883177,5.918318,6.278318,5.918318,6.9783177,5.7683177,4.988318,4.7883177,4.128318,3.218318,2.1283178,0.8983179,-0.5516821,-0.39168212,-0.32168213,0.27831787,-0.3016821,-1.4016821,-1.7816821,-1.4916822
5.948318,5.698318,6.4583178,7.238318,6.508318,5.118318,6.008318,6.2883177,6.4583178,5.118318,2.6283178,2.0783179,2.038318,1.7383178,1.2583178,0.9583179,0.35831788,0.41831788,2.9283178,2.818318,4.638318,5.098318,5.638318,7.098318,7.0183177,7.7483177,6.858318,6.158318,6.2083178,5.658318,4.378318,3.6083179,3.038318,1.8683178,1.3783178,0.77831787,0.34831786,-0.09168213,-0.9216821,-0.27168214,0.6883179
6.908318,6.648318,6.008318,6.158318,6.168318,6.118318,5.688318,5.7283177,5.4983177,6.048318,3.298318,1.6483178,1.7783179,1.1183178,0.9383179,0.71831787,0.37831786,0.18831787,0.35831788,1.1683179,2.058318,3.268318,3.268318,4.438318,6.108318,6.598318,7.638318,6.818318,7.2683177,6.688318,5.488318,4.7083178,3.988318,3.4383178,2.6083179,1.8983178,0.38831788,0.19831787,-0.7916821,-2.1016822,-1.5516821
5.198318,6.778318,5.678318,6.738318,6.778318,5.898318,6.2483177,5.9583178,5.3283176,4.838318,3.6883178,3.268318,1.7583178,0.8783179,1.6683179,1.0683179,0.54831785,0.13831787,-0.31168213,0.60831785,0.53831786,1.1683179,2.1183178,4.188318,6.848318,9.008318,9.158318,8.198318,7.4783177,7.218318,6.178318,5.148318,4.948318,4.238318,3.3583179,2.6983178,2.248318,0.30831787,-1.0516821,-2.6716821,-2.0816822
