wind_kz.json
{"header": {"discipline":0,"disciplineName":"Meteorological products","gribEdition":2,"gribLength":1102,"center":7,"centerName":"US National Weather Service - NCEP(WMC)","subcenter":0,"refTime":"2023-08-24T18:00:00.000Z","significanceOfRT":1,"significanceOfRTName":"Start of forecast","productStatus":0,"productStatusName":"Operational products","productType":1,"productTypeName":"Forecast products","productDefinitionTemplate":0,"productDefinitionTemplateName":"Analysis/forecast at horizontal level/layer at a point in time","parameterCategory":2,"parameterCategoryName":"UnknownDiscipline_0_Category_2","parameterNumber":2,"parameterNumberName":"UnknownParameter_D0_C2_2","parameterUnit":"Unknown","genProcessType":2,"genProcessTypeName":"Forecast","forecastTime":180,"surface1Type":103,"surface1TypeName":"Specified height level above ground","surface1Value":10.0,"surface2Type":255,"surface2TypeName":"Missing","surface2Value":0.0,"gridDefinitionTemplate":0,"gridDefinitionTemplateName":"Latitude_Longitude","numberPoints":615,"shape":6,"shapeName":"Earth spherical with radius of 6,371,229.0 m","gridUnits":"degrees","resolution":48,"winds":"true","scanMode":64,"nx":41,"ny":15,"basicAngle":0,"lo1":47.0,"la1":41.0,"lo2":87.0,"la2":55.0,"dx":1.0,"dy":1.0}, "data":
[rows 0 to 14 of 15, columns 0 to 40 of 41]
-0.30446777,1.1055322,0.32553223,-2.2944677,-3.8444679,-4.9744678,-6.354468,-6.464468,-7.3244677,-5.8044677,-5.5544677,-5.454468,-5.254468,-4.204468,-2.7144678,-1.6444678,-1.5144677,-2.2044678,-1.9444678,-2.5644677,-1.6744678,-0.6944678,-0.19446777,1.8055322,-1.9844677,1.0955322,2.4455323,2.915532,0.025532227,-0.044467773,1.4155322,0.96553224,2.5555322,-1.8944678,-6.2644677,-6.6344676,-8.364468,-9.034468,-10.424468,-10.714468,-12.444468
-0.85446775,-2.5244677,-7.544468,-7.524468,-5.544468,-4.914468,-4.954468,-5.8244677,-5.524468,-5.3644676,-5.2244678,-4.254468,-2.9444678,-2.6944678,-2.8544679,-2.6344678,-1.4044678,-0.6944678,-0.10446777,-0.46446776,0.6155322,0.6855322,1.5855322,2.665532,0.42553222,0.14553222,0.6955322,0.045532227,2.0155323,0.19553223,-0.72446775,0.22553223,0.23553222,-1.8844677,-0.59446776,-3.1744678,-5.294468,-4.834468,0.47553223,-6.294468,-10.354467
-0.6744678,-6.044468,-8.724468,-7.6344676,-5.6744676,-4.3444676,-4.6544676,-3.9444678,-3.9144678,-2.6444678,-2.0944679,-0.48446777,0.6055322,1.2755322,1.6855322,1.5655322,1.0155323,1.4755322,1.6755322,1.5655322,0.9455322,1.0955322,1.2755322,3.9655323,0.41553223,-0.52446777,-0.44446778,-1.6044677,-0.33446777,-0.21446778,0.35553223,0.7955322,-0.90446776,4.1755323,-2.0944679,-0.46446776,0.5755322,-0.5744678,5.0555325,-2.3144677,-4.894468
-6.874468,-8.894467,-7.5944676,-6.374468,-4.814468,-3.8144677,-3.4844677,-1.9744678,-1.4444678,-0.7444678,-0.124467775,1.4755322,2.1355321,3.1355321,3.6855323,3.7755322,5.045532,5.6755323,5.725532,4.015532,3.5955322,4.475532,1.8655323,2.8255322,3.6855323,4.585532,5.085532,2.8355322,-0.30446777,0.8655322,-0.60446775,1.4255322,4.6155324,7.0955324,7.105532,2.1455321,0.7955322,0.05553223,-0.32446778,5.4455323,6.9455323
-7.1344676,-7.024468,-6.334468,-4.6544676,-4.544468,-4.1744676,-1.3044678,-1.2744678,-0.9944678,0.15553223,1.4255322,2.665532,3.3355322,3.7055323,3.3355322,3.4655323,3.9355323,4.8855324,5.835532,4.435532,4.015532,5.815532,4.4855323,4.355532,5.3055325,4.765532,3.9655323,4.0955324,1.9155322,0.9455322,1.9155322,0.4655322,1.3955323,1.3555322,0.83553225,-1.3244678,15.335532,2.9655323,6.9655323,5.3255324,3.5555322
-4.6744676,-4.184468,-4.214468,-4.104468,-3.8044677,-3.1644678,-2.0044677,-1.5344678,0.035532225,1.9655322,3.2355323,4.4255323,3.9855323,2.8655322,4.015532,3.0355322,1.9655322,3.4255323,5.295532,4.3055325,2.1755323,7.665532,5.625532,4.6555324,3.6955323,4.3855324,5.565532,0.72553223,5.545532,4.7555323,4.725532,5.475532,3.5555322,0.045532227,1.7955322,3.665532,4.4855323,8.005532,17.925531,12.285532,5.8855324
-4.354468,-4.464468,-3.7144678,-3.2244678,-2.7644677,-0.7544678,0.44553223,1.1355323,2.6855323,4.4055324,5.065532,5.9055324,6.0755324,5.8855324,5.6355324,2.6855323,1.9655322,3.8855321,3.8055322,1.3655323,3.9955323,6.5555325,5.1755323,4.2355323,4.2355323,3.4855323,4.495532,1.6355323,1.3655323,3.5055323,3.1155322,3.0955322,5.4255323,6.6355324,5.9455323,5.6355324,1.9255322,-2.2044678,4.3255324,-2.4844677,8.445532
-2.5744677,-2.1044679,-1.6544678,-1.1244677,-0.5144678,1.1255323,2.4055321,3.2655323,4.545532,5.2555323,5.7755322,6.375532,6.3055325,5.2755322,2.0055323,2.9655323,2.4755323,2.1555321,2.5055323,3.9855323,3.8455322,2.8755322,4.2155323,1.7555323,4.1355324,4.605532,4.6755323,4.855532,6.435532,5.125532,2.8955321,1.0455322,0.6755322,1.6055322,4.665532,7.0055323,1.9055322,8.375532,11.725533,14.995532,11.315533
-0.39446777,0.07553223,0.65553224,1.7155322,2.6555321,3.5955322,3.8155322,4.355532,5.1355324,5.665532,5.9455323,5.7555323,6.335532,2.0355322,2.1255322,1.6055322,3.4455323,2.4755323,2.2555323,3.3655322,4.265532,2.6455321,3.3955321,4.975532,5.8855324,3.8755322,4.7555323,5.0255322,5.1555324,5.9855323,5.165532,5.1755323,3.8455322,0.71553224,0.15553223,1.1155323,1.1355323,-0.98446774,0.7555322,0.44553223,2.1555321
2.0455322,2.8055322,3.2055323,2.9855323,3.5255322,3.9655323,4.6155324,4.5055323,5.3255324,5.1955323,5.3455324,5.165532,3.4455323,1.6955322,1.3455322,2.1755323,2.9755323,2.9255323,2.8355322,1.7255322,3.5555322,4.495532,4.515532,4.585532,4.375532,4.1555324,5.2755322,6.315532,5.625532,5.935532,4.645532,4.645532,3.2955322,2.6555321,1.4755322,2.4255323,0.9255322,0.8255322,2.1855323,1.9255322,1.0255322
2.9455323,3.4955323,3.0155323,3.2655323,3.9055321,3.8755322,4.545532,4.3455324,4.1955323,3.6855323,4.2355323,3.5655322,2.5955322,3.7155323,2.6855323,3.1055322,3.7755322,2.7855322,2.5755322,3.1155322,4.125532,4.975532,5.815532,4.5555325,4.355532,4.5955324,3.8455322,6.375532,5.9455323,5.545532,5.265532,3.2855322,3.6255322,4.795532,3.6455321,2.2855322,-0.21446778,0.59553224,1.2155322,0.6055322,1.4455322
2.5755322,2.8655322,3.4955323,3.4555323,3.4855323,3.665532,3.3655322,2.7855322,3.0655322,2.8055322,3.5855322,3.9755323,3.1755323,3.6055322,4.475532,5.3855324,4.9855323,3.7855322,3.8255322,4.245532,4.5955324,5.1555324,6.1755323,4.955532,5.355532,4.955532,4.185532,6.0755324,5.9055324,5.455532,4.145532,4.815532,4.0055323,4.045532,3.0355322,3.3155322,2.8055322,1.7955322,1.2055322,0.7955322,2.1955323
2.0655322,2.2255323,2.2155323,3.3855321,3.7155323,2.915532,3.2055323,3.9955323,4.5555325,1.7855322,1.5655322,3.7555323,2.2555323,3.8455322,3.8955321,3.6755323,4.0755324,4.435532,3.6055322,4.9255323,4.475532,5.2755322,5.495532,5.5555325,4.835532,4.2755322,3.7855322,4.4655323,5.1555324,5.225532,7.125532,5.335532,4.7155323,4.6155324,4.105532,3.7455323,3.1255322,1.8355322,4.2355323,-0.17446777,1.8455322
3.1755323,3.3055322,2.1755323,3.2355323,3.665532,4.165532,4.1755323,4.3855324,2.7255323,1.6255323,1.1755322,1.5155323,3.3255322,4.315532,3.5555322,3.4655323,4.315532,5.765532,5.4055324,5.645532,4.855532,6.665532,6.765532,5.145532,4.7155323,4.9255323,5.545532,6.205532,6.295532,5.6555324,6.1555324,6.3855324,5.265532,4.455532,4.245532,4.265532,3.7155323,2.1155322,2.5555322,2.1555321,0.76553226
2.5055323,4.515532,4.6755323,4.4055324,4.7355323,4.665532,4.225532,2.8855321,1.9855323,0.40553224,-0.07446777,2.8255322,3.1755323,3.3555322,5.5255322,4.8455324,5.875532,6.285532,6.035532,6.585532,7.3455324,7.015532,6.6755323,5.265532,4.9455323,4.4655323,5.105532,4.875532,5.225532,6.4255323,5.2555323,6.4055324,6.395532,4.705532,4.375532,4.0955324,3.5255322,4.2155323,3.3655322,3.0655322,0.19553223
