wind_kz.json
{"header": {"discipline":0,"disciplineName":"Meteorological products","gribEdition":2,"gribLength":794,"center":7,"centerName":"US National Weather Service - NCEP(WMC)","subcenter":0,"refTime":"2023-10-03T00:00:00.000Z","significanceOfRT":1,"significanceOfRTName":"Start of forecast","productStatus":0,"productStatusName":"Operational products","productType":1,"productTypeName":"Forecast products","productDefinitionTemplate":0,"productDefinitionTemplateName":"Analysis/forecast at horizontal level/layer at a point in time","parameterCategory":2,"parameterCategoryName":"UnknownDiscipline_0_Category_2","parameterNumber":3,"parameterNumberName":"UnknownParameter_D0_C2_3","parameterUnit":"Unknown","genProcessType":2,"genProcessTypeName":"Forecast","forecastTime":240,"surface1Type":103,"surface1TypeName":"Specified height level above ground","surface1Value":10.0,"surface2Type":255,"surface2TypeName":"Missing","surface2Value":0.0,"gridDefinitionTemplate":0,"gridDefinitionTemplateName":"Latitude_Longitude","numberPoints":615,"shape":6,"shapeName":"Earth spherical with radius of 6,371,229.0 m","gridUnits":"degrees","resolution":48,"winds":"true","scanMode":64,"nx":41,"ny":15,"basicAngle":0,"lo1":47.0,"la1":41.0,"lo2":87.0,"la2":55.0,"dx":1.0,"dy":1.0}, "data":
[rows 0 to 14 of 15, columns 0 to 40 of 41]
-1.6343689,-1.5343689,1.0656312,11.665631,5.065631,3.165631,0.4656311,0.1656311,-0.9343689,-0.9343689,-2.834369,-2.7343688,-2.7343688,-3.7343688,-5.034369,-5.234369,-6.034369,-5.3343687,-4.434369,-2.834369,-3.7343688,-6.3343687,-4.734369,1.4656311,-0.7343689,0.06563111,-0.23436889,1.3656311,1.2656311,3.165631,0.1656311,-1.9343688,1.4656311,-0.33436888,0.5656311,1.2656311,1.8656311,1.5656312,-0.6343689,-0.8343689,2.7656312
4.765631,0.8656311,4.465631,6.6656313,5.365631,5.865631,-0.034368895,1.2656311,-0.034368895,-0.7343689,-2.034369,-2.134369,-2.4343688,-3.2343688,-4.734369,-4.534369,-4.634369,-5.034369,-6.534369,-5.434369,-5.734369,-6.134369,-4.134369,1.165631,1.8656311,1.9656311,-1.0343689,2.165631,0.2656311,2.165631,4.6656313,5.465631,0.1656311,-0.6343689,-2.334369,-1.0343689,-1.4343688,-2.134369,-1.0343689,-2.134369,0.4656311
-0.33436888,8.4656315,5.965631,5.765631,5.865631,1.9656311,2.0656312,2.365631,1.4656311,0.4656311,0.5656311,0.3656311,-0.5343689,-1.4343688,-2.9343688,-3.9343688,-3.2343688,-4.034369,-4.634369,-6.034369,-6.734369,-4.8343687,-0.33436888,-0.6343689,-3.034369,-1.6343689,-1.1343689,0.8656311,-0.4343689,2.865631,4.965631,2.7656312,2.7656312,-0.9343689,-0.33436888,2.7656312,4.865631,0.6656311,0.6656311,-1.0343689,-0.1343689
3.5656312,8.9656315,6.6656313,6.265631,3.865631,2.7656312,3.365631,3.7656312,2.865631,1.7656311,-0.034368895,-1.9343688,-0.034368895,-2.334369,-0.33436888,-3.034369,-3.7343688,-3.834369,-3.134369,-4.134369,-5.634369,-2.534369,-3.834369,-4.3343687,-6.434369,-5.8343687,-4.134369,-1.7343689,2.365631,2.2656312,2.5656312,-0.33436888,-1.7343689,-1.1343689,-1.0343689,-3.4343688,-1.0343689,2.465631,4.1656313,1.4656311,1.2656311
2.665631,10.265631,9.165631,7.465631,4.6656313,3.7656312,4.065631,4.965631,3.665631,2.665631,2.165631,0.4656311,-1.2343689,-2.534369,-1.9343688,-2.134369,-3.134369,-3.4343688,-3.534369,-4.434369,-2.034369,-3.034369,-2.834369,-1.9343688,-3.7343688,-5.634369,-4.534369,-3.9343688,-1.5343689,-0.034368895,1.2656311,1.165631,2.465631,2.865631,-1.2343689,-1.9343688,-0.034368895,-1.1343689,-2.834369,0.06563111,0.1656311
3.865631,3.2656312,7.1656313,7.765631,6.865631,6.1656313,4.6656313,4.565631,3.7656312,2.965631,2.5656312,1.4656311,-1.1343689,-2.034369,-0.9343689,-2.334369,-2.634369,-3.2343688,-4.134369,-4.234369,-3.834369,-3.7343688,-4.534369,-3.7343688,-2.534369,-4.734369,-3.2343688,-2.634369,-2.834369,-1.0343689,1.665631,1.9656311,1.8656311,0.7656311,2.365631,7.565631,3.865631,4.465631,-0.23436889,-2.134369,-1.2343689
6.765631,5.565631,5.365631,5.765631,5.265631,3.965631,5.265631,4.265631,4.265631,3.2656312,2.7656312,1.9656311,1.165631,0.2656311,-0.4343689,-1.0343689,-2.034369,-2.7343688,-3.534369,-3.9343688,-4.634369,-3.7343688,-4.8343687,-6.034369,-3.134369,-1.1343689,-3.834369,-2.2343688,-2.4343688,0.6656311,2.2656312,1.165631,0.4656311,2.2656312,-0.4343689,-1.1343689,-3.134369,-0.4343689,0.3656311,0.3656311,1.4656311
8.165631,7.965631,7.465631,6.965631,6.365631,5.365631,5.465631,5.565631,5.065631,3.965631,3.2656312,2.865631,2.0656312,1.0656312,-0.034368895,-0.23436889,-0.7343689,-1.834369,-2.634369,-3.034369,-2.9343688,-3.4343688,-3.634369,-6.234369,-6.134369,-4.8343687,-4.634369,-1.834369,-1.0343689,2.0656312,2.365631,3.5656312,2.165631,1.2656311,1.0656312,-0.7343689,1.0656312,2.465631,-2.534369,0.2656311,-1.0343689
8.365631,9.165631,8.365631,7.965631,7.065631,7.1656313,6.765631,5.965631,5.465631,5.265631,4.265631,3.2656312,2.665631,2.2656312,1.3656311,0.8656311,0.4656311,-0.1343689,-0.7343689,-1.6343689,-1.834369,-2.4343688,-3.4343688,-4.234369,-5.434369,-6.034369,-4.934369,-4.234369,-0.5343689,-1.1343689,3.865631,4.565631,4.965631,4.265631,5.265631,3.665631,-1.0343689,1.0656312,1.9656311,1.4656311,-0.4343689
7.765631,9.065631,8.565631,8.9656315,7.465631,7.965631,7.965631,7.565631,6.865631,6.265631,5.6656313,4.765631,4.065631,3.165631,2.665631,1.7656311,1.665631,1.4656311,0.7656311,0.3656311,-0.33436888,-1.5343689,-1.9343688,-2.534369,-4.3343687,-3.2343688,-3.634369,-2.534369,-4.534369,-4.3343687,-5.3343687,-4.934369,-3.7343688,1.3656311,6.065631,2.165631,1.2656311,-1.7343689,0.3656311,3.465631,2.7656312
6.465631,7.265631,7.565631,7.365631,8.265631,7.365631,8.4656315,8.4656315,7.965631,7.265631,6.265631,6.065631,5.1656313,5.065631,3.865631,3.365631,2.7656312,2.5656312,2.2656312,1.665631,1.4656311,0.2656311,-1.334369,-0.5343689,-1.1343689,-1.5343689,-2.9343688,-4.3343687,-2.4343688,-4.234369,-6.134369,-6.734369,-6.234369,-3.9343688,6.565631,5.365631,1.665631,2.965631,2.0656312,1.7656311,0.5656311
6.365631,6.865631,6.465631,5.765631,5.6656313,7.965631,7.365631,6.765631,6.765631,7.065631,6.565631,5.6656313,6.065631,5.765631,5.1656313,4.965631,4.365631,3.865631,3.365631,2.7656312,2.465631,1.9656311,1.2656311,0.2656311,0.5656311,0.06563111,-0.1343689,-1.5343689,-3.134369,-3.334369,-3.034369,-5.234369,-4.134369,-5.034369,-3.4343688,4.765631,3.965631,3.965631,3.7656312,2.665631,0.9656311
5.065631,6.965631,7.465631,7.1656313,7.065631,6.265631,6.365631,7.965631,9.265631,8.065631,4.765631,4.1656313,5.6656313,6.065631,4.6656313,4.6656313,5.265631,4.865631,4.265631,4.065631,4.065631,3.7656312,3.0656312,2.365631,1.665631,1.0656312,1.7656311,1.3656311,0.3656311,-0.9343689,-2.534369,-1.9343688,-4.034369,-4.134369,-2.834369,-3.034369,2.165631,1.9656311,4.865631,2.5656312,1.0656312
4.265631,4.965631,6.565631,6.6656313,6.565631,7.465631,7.6656313,7.965631,8.365631,8.365631,5.6656313,4.065631,5.465631,6.365631,5.965631,5.565631,5.465631,5.365631,4.965631,4.865631,4.465631,4.365631,3.865631,3.5656312,3.165631,2.665631,1.8656311,1.5656312,1.4656311,0.3656311,-0.1343689,-0.7343689,-2.334369,-2.334369,-2.634369,-3.2343688,-1.834369,2.5656312,2.5656312,2.165631,1.8656311
3.7656312,4.865631,6.865631,6.1656313,6.365631,6.6656313,7.465631,7.565631,8.265631,7.265631,5.6656313,7.265631,4.1656313,3.7656312,6.465631,6.465631,5.6656313,5.265631,5.465631,5.065631,4.765631,4.6656313,4.1656313,3.665631,3.365631,3.2656312,3.2656312,2.965631,2.0656312,2.2656312,0.6656311,-1.1343689,-0.8343689,-0.9343689,-1.0343689,-1.334369,-1.5343689,2.165631,2.5656312,3.465631,1.0656312
