wind_kz.json
{"header": {"discipline":0,"disciplineName":"Meteorological products","gribEdition":2,"gribLength":1025,"center":7,"centerName":"US National Weather Service - NCEP(WMC)","subcenter":0,"refTime":"2023-09-09T06:00:00.000Z","significanceOfRT":1,"significanceOfRTName":"Start of forecast","productStatus":0,"productStatusName":"Operational products","productType":1,"productTypeName":"Forecast products","productDefinitionTemplate":0,"productDefinitionTemplateName":"Analysis/forecast at horizontal level/layer at a point in time","parameterCategory":2,"parameterCategoryName":"UnknownDiscipline_0_Category_2","parameterNumber":2,"parameterNumberName":"UnknownParameter_D0_C2_2","parameterUnit":"Unknown","genProcessType":2,"genProcessTypeName":"Forecast","forecastTime":180,"surface1Type":103,"surface1TypeName":"Specified height level above ground","surface1Value":10.0,"surface2Type":255,"surface2TypeName":"Missing","surface2Value":0.0,"gridDefinitionTemplate":0,"gridDefinitionTemplateName":"Latitude_Longitude","numberPoints":615,"shape":6,"shapeName":"Earth spherical with radius of 6,371,229.0 m","gridUnits":"degrees","resolution":48,"winds":"true","scanMode":64,"nx":41,"ny":15,"basicAngle":0,"lo1":47.0,"la1":41.0,"lo2":87.0,"la2":55.0,"dx":1.0,"dy":1.0}, "data":
[rows 0 to 14 of 15, columns 0 to 40 of 41]
-0.84444827,0.16555175,-0.18444824,-3.8244483,-4.704448,-3.2944481,-2.2944481,-2.5644484,-3.5344481,-0.73444825,-0.38444823,1.7055517,-4.0844483,-4.2544484,-3.6444483,-4.0244484,-2.7844481,-2.8944483,-4.494448,-3.6544483,-3.1744483,-0.50444824,-1.2244482,-1.8444482,-0.81444824,-2.7244482,-2.1644483,0.55555177,0.28555176,0.6655518,0.75555176,1.8755517,1.3355517,1.1955518,-3.0244482,-3.9244483,-3.4044483,-2.8144484,-3.5544481,-3.2944481,-4.554448
2.7555518,-2.0044482,-4.724448,-4.8144484,-3.5744483,-0.8344482,0.22555175,-1.0744482,-0.5744482,1.3655517,2.3255517,-1.3844483,1.8555517,-3.5844483,-2.0944483,-2.3544483,-3.9144483,-4.284448,-2.9244483,-2.3144484,-3.3644483,-1.6344483,-0.04444824,-2.2744482,-0.11444824,1.0555518,-0.16444825,2.1955519,-1.0144483,-0.20444824,-0.21444824,-0.21444824,-0.7744482,-1.9544482,0.46555176,-0.104448244,2.9555519,-0.31444824,-0.97444826,0.43555176,-5.5644484
-2.0344481,-6.764448,-4.8744483,-3.1644483,-1.1844482,-1.3344482,-2.7544482,0.16555175,-0.034448244,1.2255517,2.2455518,1.6055517,0.76555175,2.0155518,-1.8244482,0.48555174,-3.2644482,-4.304448,-3.7744482,-2.7644482,-3.1444483,-4.8144484,-4.0244484,-4.3744483,0.49555176,-3.0144482,-1.1444483,2.7055519,-2.2044482,0.20555176,-0.6444482,0.88555175,0.15555176,0.10555176,-0.014448242,-1.2244482,-0.36444825,0.69555175,3.8655517,1.8155518,1.9555517
-3.7144482,-4.7544484,-4.344448,-3.6444483,-2.5644484,-1.8244482,0.10555176,0.52555174,2.0755517,2.8955517,3.5955517,3.7355518,3.1755517,4.2655516,-2.6244483,-2.3144484,-4.454448,-3.9544482,-4.594448,-4.174448,-4.174448,-2.4144483,-2.8144484,-3.6644483,-3.5544481,-3.7944481,-3.6044483,-6.304448,-2.5744483,2.4955518,-1.3744483,-1.1944482,3.1255517,3.8355517,-1.9544482,-1.3444482,-1.2244482,2.5555518,0.42555177,-0.38444823,-1.3544482
-2.9444482,-2.3844483,-1.8544482,-0.32444823,1.4155518,2.4455519,3.4955518,4.025552,4.6655517,4.8955517,5.045552,5.0855517,5.7255516,4.3055515,3.5055518,-3.2044482,-2.8744483,-3.7444482,-4.034448,-5.174448,-5.074448,-4.594448,-4.744448,-3.4044483,-3.4244483,-3.7244482,-4.034448,-3.0944483,-1.9744482,-1.6644483,-2.4644482,-2.6444483,-1.3944483,1.7355517,0.5955517,0.68555176,2.9155517,0.57555175,1.1255517,-2.5044482,-2.9144483
-0.7044482,1.1955518,3.5355518,4.4555516,6.2455516,6.2255516,5.6655517,5.575552,4.3155518,4.615552,5.275552,4.715552,5.8355517,4.365552,3.3755517,-4.244448,-3.6144483,-2.4744482,-6.074448,-4.8344483,-4.2144485,-3.8344483,-3.8044481,-3.9044483,-2.7344482,-3.1244483,0.23555176,-0.7644482,0.04555176,0.56555176,0.32555175,0.63555175,0.24555176,0.88555175,1.2655518,0.64555174,0.42555177,2.2955518,6.575552,4.8055515,0.18555176
-1.3844483,-1.4744482,-1.3944483,-0.07444824,-0.42444825,2.6855516,-1.6944482,-0.60444826,0.18555176,3.5955517,1.4155518,2.5855517,2.9855518,-2.2244482,-4.264448,-6.5644484,-5.574448,-4.324448,-2.6444483,-3.7144482,-1.5844482,0.16555175,-0.6544483,-3.9244483,-3.1044483,-2.2044482,-0.74444824,-0.5844482,-0.39444825,-0.38444823,0.49555176,3.2555518,3.4655519,1.9755517,-0.09444824,-1.1244483,-1.6544483,3.1755517,-1.0944482,-0.25444824,0.40555176
-3.0444481,-1.9444482,-2.5644484,-1.7744483,-3.4444482,-2.7644482,-1.6944482,-3.6744483,-1.7944483,-4.094448,-3.2344482,-6.3144484,-6.494448,-8.094448,-7.554448,-7.8544483,-7.344448,-6.974448,-1.7244482,1.3555517,-3.2244482,-2.6744483,-3.3944483,-3.2944481,-1.5244483,-0.50444824,2.1155517,0.74555176,2.4055517,0.35555175,1.2655518,-0.34444824,-3.0144482,-1.1644483,-2.2444482,1.8555517,1.6555518,2.1955519,1.3555517,2.8755517,-1.1844482
-2.2244482,-3.2744482,-1.9344482,-3.7944481,-3.1644483,-2.5644484,-2.7644482,-2.2844481,-4.5444484,-6.1844482,-7.534448,-7.344448,-7.284448,-6.924448,-7.264448,-5.3344483,-5.114448,-3.0444481,1.5855517,-2.2344482,-1.7944483,-1.0744482,-0.13444825,-0.104448244,0.18555176,1.4455518,1.2755518,2.5455518,1.6855518,1.8955518,2.3255517,0.65555173,-1.2644483,-1.4844482,-0.7144482,0.38555175,0.31555176,-1.9344482,-0.004448242,0.38555175,-0.47444823
-2.9944482,-3.6844482,-3.3144484,-2.9644482,-2.9144483,-1.9144483,-2.4744482,-2.1844482,-3.0744483,-3.9744482,-6.3544483,-5.904448,-4.3144484,-5.764448,-5.6844482,-2.7544482,-0.63444823,-0.23444824,-0.84444827,-2.2344482,-1.5944482,-0.32444823,0.025551759,1.0055518,2.3655517,2.4755518,3.2255518,2.3555517,3.7455518,3.0155518,0.70555174,1.4555517,0.0055517578,1.3255517,0.18555176,0.015551758,-1.6244483,0.30555177,-1.1644483,1.0755517,0.35555175
-4.0844483,-3.9744482,-4.574448,-3.5944483,-2.7044482,-2.8344483,-2.6944482,-2.8044481,-3.3344483,-3.4544482,-4.014448,-3.4844482,-1.8044482,-3.1444483,-3.6444483,-4.1244483,-2.8444483,-2.7544482,-2.7744482,-2.4444482,-1.5944482,-0.75444824,1.2855518,1.8455517,2.0355518,2.6255517,2.4155517,2.8355517,2.7455518,3.9755518,2.9155517,2.0055518,1.7055517,0.5955517,0.87555176,-1.2744483,-1.4544482,0.9855518,-0.85444826,0.51555175,-0.9044483
-3.0444481,-2.6744483,-2.9544482,-2.8744483,-1.9744482,-1.5344483,-1.9044483,-2.7044482,-2.0844483,-4.0644484,-3.2444482,-2.2144482,-2.9944482,-3.0244482,-2.7444482,-2.0044482,-0.80444825,-0.87444824,-1.1744483,0.015551758,0.06555176,2.0055518,1.5255518,1.1755518,2.0255518,3.2455518,3.1355517,4.2855515,4.255552,3.4255517,2.1255517,1.0955517,1.1255517,0.16555175,-1.0244483,0.90555173,-0.5144482,-0.35444823,0.055551756,-0.97444826,-0.08444824
-1.9544482,-2.4944482,-2.5344481,-2.4844482,-1.7844483,-1.6244483,-2.8444483,-3.1944482,-3.4844482,-2.0144482,-1.1444483,-2.2244482,-2.5044482,-2.2144482,-1.0044483,-0.30444825,-0.85444826,-0.59444827,-0.37444824,-0.25444824,-0.16444825,0.43555176,1.4055518,1.9555517,3.1655517,3.0355518,2.9155517,0.35555175,1.8055518,1.5955517,1.2155517,1.6855518,0.57555175,-0.79444826,0.56555176,1.0955517,1.3955518,1.6155517,0.34555176,-0.40444824,-0.81444824
-2.5044482,-2.2344482,-2.3144484,-2.1644483,-2.5044482,-2.6244483,-2.6044483,-2.4444482,-0.74444824,-0.78444827,-1.4244483,-1.5444483,-0.99444824,-1.1044482,-0.38444823,-0.48444825,-0.73444825,-0.20444824,-0.064448245,0.46555176,1.0955517,1.2255517,1.8355517,2.1855516,1.9855517,1.6055517,0.90555173,1.5855517,0.36555177,0.0055517578,0.33555177,1.0355518,0.87555176,0.36555177,1.0155518,0.39555177,-0.09444824,-0.67444825,-0.88444823,-0.5144482,-0.61444825
-1.5244483,-1.7544483,-2.8544483,-2.7944481,-2.3144484,-1.1044482,-0.6444482,-0.98444825,-0.21444824,-1.6944482,-1.6244483,-1.1444483,-1.1744483,0.63555175,1.2855518,1.4855517,0.9155518,0.08555176,-0.79444826,-0.98444825,-0.35444823,-0.26444826,0.22555175,-1.0444483,-0.68444824,-1.1144482,-0.49444824,-0.79444826,-1.7644483,-2.2444482,-1.9744482,-2.6244483,-2.5744483,-2.6944482,-2.4144483,-2.0444481,-1.3444482,-0.7044482,-0.11444824,-0.37444824,-0.67444825
