wind_kz.json
{"header": {"discipline":0,"disciplineName":"Meteorological products","gribEdition":2,"gribLength":1025,"center":7,"centerName":"US National Weather Service - NCEP(WMC)","subcenter":0,"refTime":"2023-08-18T12:00:00.000Z","significanceOfRT":1,"significanceOfRTName":"Start of forecast","productStatus":0,"productStatusName":"Operational products","productType":1,"productTypeName":"Forecast products","productDefinitionTemplate":0,"productDefinitionTemplateName":"Analysis/forecast at horizontal level/layer at a point in time","parameterCategory":2,"parameterCategoryName":"UnknownDiscipline_0_Category_2","parameterNumber":2,"parameterNumberName":"UnknownParameter_D0_C2_2","parameterUnit":"Unknown","genProcessType":2,"genProcessTypeName":"Forecast","forecastTime":120,"surface1Type":103,"surface1TypeName":"Specified height level above ground","surface1Value":10.0,"surface2Type":255,"surface2TypeName":"Missing","surface2Value":0.0,"gridDefinitionTemplate":0,"gridDefinitionTemplateName":"Latitude_Longitude","numberPoints":615,"shape":6,"shapeName":"Earth spherical with radius of 6,371,229.0 m","gridUnits":"degrees","resolution":48,"winds":"true","scanMode":64,"nx":41,"ny":15,"basicAngle":0,"lo1":47.0,"la1":41.0,"lo2":87.0,"la2":55.0,"dx":1.0,"dy":1.0}, "data":
[rows 0 to 14 of 15, columns 0 to 40 of 41]
2.5157936,3.0657935,-1.9542066,1.5857935,1.9557935,3.3557935,7.2157936,6.5957932,5.2357936,-0.42420655,3.2957935,1.0257934,0.13579346,0.7857935,1.0857935,1.8657935,2.7057934,1.5457934,3.1257935,4.2957935,5.0857935,4.5657935,4.4357934,5.7057934,8.3357935,5.0157933,4.8357935,6.7957935,1.9657935,1.2557935,2.9457934,-1.5942066,-0.19420654,-1.3642066,-2.3242066,-0.6542065,-2.8342066,-1.1242065,0.13579346,-1.4442066,-0.21420655
0.015793458,-4.3142066,-1.8642066,0.095793456,3.1157935,5.2957935,6.1957936,1.8357935,4.8057933,1.4157934,2.5557935,3.6057935,3.3957934,-2.9142065,0.025793457,1.1757934,0.50579345,1.4857935,1.3457935,3.1257935,-0.024206543,2.6357934,3.0457935,4.9257936,2.6057935,-0.6542065,0.83579344,2.6757934,-2.0042067,-0.15420654,-0.16420655,-0.29420653,3.1457934,-0.074206546,-0.19420654,-0.034206543,0.80579346,-0.61420655,-0.75420654,-1.1342065,-2.3742065
4.2857933,-5.6842065,-1.0542065,2.6157935,3.7257934,6.9357934,4.2057934,0.8557935,4.5457935,2.8957934,4.2557936,4.1957936,5.1557937,-2.7542067,0.33579347,3.1757934,0.6657935,1.0657935,0.9757935,1.8757935,-0.054206543,0.38579345,0.75579345,4.1057935,0.50579345,0.43579346,-0.084206544,-0.48420656,0.67579347,-2.3442066,0.50579345,-1.8442066,0.56579345,0.8457935,-2.5242066,-0.39420655,2.3657935,1.4657935,6.3957934,4.4557934,1.6857934
7.1257935,0.7857935,3.3057935,4.9757934,6.3357935,7.3557935,4.9957933,5.2357936,4.6757936,5.0957932,5.1357937,4.9857936,-6.1042066,-2.4342065,3.0057936,4.7957935,1.5757935,1.0857935,0.8457935,0.9857935,-0.20420654,-3.4142065,-0.9642065,-0.50420654,-0.73420656,-0.12420654,-1.4642066,2.4957933,-4.4142065,-2.1242065,-0.18420655,2.4357934,5.9057937,5.4157934,5.0657935,4.7857933,-0.74420655,1.3457935,2.7057934,-2.4342065,-2.5242066
9.165793,4.3357935,5.9557934,5.8257933,6.1957936,8.545794,10.315793,6.615793,5.9057937,6.2657933,6.6457934,8.025793,-1.2942065,0.9057934,3.6657934,6.9357934,7.9557934,5.1057935,-1.7842065,1.1757934,-0.5942066,0.93579346,0.15579346,-0.034206543,1.2857934,3.5257936,-3.3742065,-1.3442066,-2.9742064,-4.1442065,-1.7342066,-2.3842065,-0.61420655,0.81579345,2.2057934,-2.9442065,3.6357934,0.26579344,1.9757935,-0.5942066,1.0857935
8.675794,8.875793,5.4257936,6.3757935,5.7057934,5.4157934,7.2657933,10.325793,9.8357935,6.7757936,7.4357934,6.9757934,2.2857935,3.0357935,3.7557936,7.615793,6.7557936,2.9057934,1.2057935,1.1657934,3.4157934,1.0557934,1.9457935,0.35579345,0.36579347,0.005793457,-6.4542065,-4.6842065,-5.4342065,-4.0742064,-3.0842066,-1.9042065,0.08579346,1.7657934,2.5157936,1.2957934,4.6957936,5.2557936,6.6257935,-2.4542065,3.7957935
9.395794,9.025793,10.365793,10.645794,9.185794,8.875793,8.995793,9.065793,10.955793,10.805794,7.7357936,7.5957932,8.815793,10.505794,6.1857934,5.9157934,6.8157935,5.4457936,3.5457935,4.2757936,3.9057934,4.6057935,3.4457934,0.6557934,-0.9542065,-2.8842065,-3.6442065,-2.4742064,0.80579346,-0.14420654,-0.36420655,-1.2642065,-0.44420654,1.0657935,5.7657933,3.5557935,-1.5642066,-1.2042066,-0.81420654,0.6657935,4.4357934
6.7957935,8.365793,9.935794,10.365793,10.735793,11.955793,7.8957934,9.565793,10.875793,8.485793,9.215794,8.865793,8.825793,8.505794,9.785793,5.615793,7.8357935,5.9457936,6.2957935,4.7357936,6.5957932,2.0457935,-0.37420654,3.0857935,4.3257933,2.8457935,0.95579344,-0.004206543,2.0257936,-0.55420655,1.3257935,-0.33420655,-2.4842064,-0.12420654,-1.0542065,-1.7742065,2.8557935,2.6657934,5.1457934,5.3957934,4.0957932
8.0857935,8.635794,8.795794,9.395794,10.755794,10.805794,12.495793,10.125793,7.5157933,7.6957936,8.865793,7.5157933,7.6957936,11.305794,8.8357935,7.0357933,6.365793,6.1757936,6.7857933,6.7757936,6.8457932,7.0457935,5.8157935,3.3257935,4.7357936,4.0757933,3.2457933,1.3257935,1.9957935,2.3957934,2.5657935,2.6057935,-3.8642066,0.42579347,0.44579345,0.51579344,0.9157935,1.4357934,1.2957934,-0.6442065,0.24579346
8.605793,8.555794,8.735793,9.225794,10.245793,10.575793,10.765794,8.475794,11.275793,11.595794,8.925794,8.995793,10.405793,10.025793,9.985793,9.685794,6.1657934,5.2157936,5.2657933,6.7457933,6.9057937,6.8457932,8.095794,6.365793,5.3857937,7.5357933,3.5157936,3.6157935,3.7357934,3.1757934,3.1057935,0.82579345,-1.5342065,2.9457934,3.0257936,1.2057935,1.6557934,0.64579344,1.1557934,1.1557934,0.07579346
7.4857936,8.725794,8.105793,9.885794,9.315793,10.985793,9.565793,10.525793,10.695793,9.445793,4.2157936,5.7957935,12.475794,8.985793,9.695793,7.9357934,7.7757936,10.125793,6.3957934,7.4357934,7.3857937,6.0257936,7.4257936,7.6757936,5.1957936,7.9857936,4.1357937,0.095793456,3.6557934,0.6557934,-0.45420656,-1.2542065,1.6457934,2.5557935,2.5157936,1.4757935,0.8557935,-1.3942065,1.8457935,0.31579345,-0.74420655
6.2057934,5.8957934,6.365793,8.095794,9.225794,9.195793,8.935794,9.105793,9.315793,8.235793,10.255794,9.705793,8.885794,6.365793,7.9657936,6.8257933,2.7557936,6.6857934,6.8057933,5.5857935,6.4157934,7.6857934,4.4657936,9.0857935,6.115793,5.7757936,1.0957935,1.8257935,-1.3242066,-1.1942066,-1.1742065,-0.004206543,1.3457935,0.74579346,2.1457934,1.4057934,1.7357935,3.3857934,1.7457935,0.6057935,0.99579346
4.2257934,5.9457936,6.6957936,6.2457933,7.2457933,6.5057936,7.7157936,8.525793,12.515794,10.735793,5.7457933,7.5957932,9.725794,4.2257934,9.955793,6.2957935,4.7757936,3.7357934,4.2657933,6.7157936,7.2257934,7.2257934,7.1057935,6.1657934,5.2657933,5.0057936,3.1857934,-3.1942065,-1.0742066,-0.60420656,-0.7642065,0.43579346,1.4857935,3.0257936,-0.81420654,2.5057936,2.3457935,1.3757935,3.7457933,2.4957933,1.0857935
1.8357935,1.5257934,1.2557935,-0.19420654,0.47579345,0.23579346,-0.47420654,2.9757934,3.8557935,9.205793,6.4057937,4.0757933,7.0157933,5.6957936,2.3057935,3.9557934,1.9157934,1.0557934,3.3857934,2.0357935,6.4057937,3.5957935,6.6457934,5.1857934,5.8957934,2.1357934,1.5757935,-2.2242064,-0.38420653,-0.30420655,-0.6542065,-0.98420656,-0.14420654,1.4557935,1.5957935,2.3657935,2.1057935,2.1257935,2.9957933,1.2057935,-1.1142066
0.38579345,-0.32420653,-1.6542065,-1.8442066,-2.0842066,-1.6642065,0.99579346,-0.35420653,-0.85420656,-1.0242065,1.8457935,-0.084206544,-1.4042065,-2.7542067,-2.6742065,-1.5742066,-2.3442066,-0.7142065,0.67579347,2.4257934,3.3757935,3.6857934,2.5257936,3.7757936,3.9457934,-0.5842065,1.0857935,-0.62420654,-0.81420654,-0.35420653,-2.2042065,-0.86420655,0.22579345,0.82579345,0.67579347,1.1057935,1.1757934,1.0357934,0.71579343,-3.3442066,-0.29420653
