wind_kz.json
{"header": {"discipline":0,"disciplineName":"Meteorological products","gribEdition":2,"gribLength":871,"center":7,"centerName":"US National Weather Service - NCEP(WMC)","subcenter":0,"refTime":"2023-09-28T06:00:00.000Z","significanceOfRT":1,"significanceOfRTName":"Start of forecast","productStatus":0,"productStatusName":"Operational products","productType":1,"productTypeName":"Forecast products","productDefinitionTemplate":0,"productDefinitionTemplateName":"Analysis/forecast at horizontal level/layer at a point in time","parameterCategory":0,"parameterCategoryName":"UnknownDiscipline_0_Category_0","parameterNumber":0,"parameterNumberName":"UnknownParameter_D0_C0_0","parameterUnit":"Unknown","genProcessType":2,"genProcessTypeName":"Forecast","forecastTime":240,"surface1Type":1,"surface1TypeName":"Ground or water surface","surface1Value":0.0,"surface2Type":255,"surface2TypeName":"Missing","surface2Value":0.0,"gridDefinitionTemplate":0,"gridDefinitionTemplateName":"Latitude_Longitude","numberPoints":615,"shape":6,"shapeName":"Earth spherical with radius of 6,371,229.0 m","gridUnits":"degrees","resolution":48,"winds":"true","scanMode":64,"nx":41,"ny":15,"basicAngle":0,"lo1":47.0,"la1":41.0,"lo2":87.0,"la2":55.0,"dx":1.0,"dy":1.0}, "data":
[rows 0 to 14 of 15, columns 0 to 40 of 41]
291.71674,287.01672,293.51672,293.3167,293.11673,292.3167,300.01672,304.71674,302.11673,303.91672,302.41672,302.11673,301.41672,302.71674,303.8167,307.71674,308.11673,307.8167,313.3167,309.8167,311.71674,308.51672,306.41672,301.21674,305.8167,308.01672,295.61673,287.21674,273.91672,277.3167,279.11673,277.21674,289.8167,302.11673,301.51672,301.51672,305.41672,305.91672,306.41672,309.91672,313.21674
273.8167,287.01672,293.01672,293.3167,293.11673,291.41672,304.8167,301.61673,300.61673,300.3167,302.3167,300.8167,302.91672,304.41672,304.01672,305.61673,306.51672,311.21674,311.01672,312.11673,312.3167,309.3167,304.91672,294.61673,275.51672,273.8167,295.3167,291.11673,291.41672,281.3167,280.11673,281.01672,289.41672,269.61673,286.71674,299.71674,302.21674,301.91672,307.21674,299.61673,284.3167
286.3167,292.51672,293.01672,292.71674,290.91672,300.8167,300.3167,300.01672,298.91672,299.21674,299.3167,300.3167,301.71674,304.11673,302.3167,307.8167,307.41672,308.3167,307.51672,309.51672,311.8167,308.61673,302.61673,298.71674,304.11673,295.11673,294.61673,291.61673,287.8167,281.41672,279.91672,287.21674,293.21674,295.51672,294.91672,294.41672,290.71674,290.3167,293.3167,288.91672,285.91672
287.71674,291.91672,292.8167,291.8167,293.01672,298.91672,298.51672,298.91672,300.11673,299.91672,300.11673,300.11673,289.8167,289.21674,302.51672,306.61673,303.61673,309.11673,309.3167,305.41672,307.11673,304.61673,304.61673,305.61673,305.61673,295.8167,292.71674,295.11673,292.71674,299.21674,300.61673,300.41672,301.41672,305.91672,306.41672,301.51672,291.01672,275.71674,291.8167,300.01672,300.41672
291.01672,291.01672,291.51672,290.41672,294.3167,299.51672,300.11673,300.91672,298.61673,298.51672,299.51672,300.21674,288.61673,287.51672,286.11673,302.91672,303.71674,302.71674,304.41672,302.11673,303.21674,303.51672,305.11673,304.51672,306.3167,297.51672,301.71674,297.61673,301.91672,301.11673,302.01672,301.8167,289.41672,278.8167,294.21674,300.41672,300.01672,307.21674,306.21674,303.91672,300.91672
295.41672,296.91672,289.61673,290.3167,290.51672,290.11673,301.3167,298.41672,298.71674,298.61673,298.01672,298.51672,290.01672,288.3167,294.51672,300.8167,300.3167,303.21674,302.11673,303.11673,302.61673,301.51672,299.91672,303.01672,301.51672,305.01672,304.11673,286.91672,298.91672,299.01672,302.41672,301.51672,301.3167,302.3167,300.41672,296.3167,294.8167,296.01672,305.61673,304.41672,300.01672
295.51672,297.61673,296.61673,297.71674,296.8167,300.21674,299.8167,298.41672,297.8167,296.91672,298.8167,297.41672,297.21674,297.01672,297.71674,296.8167,299.8167,300.91672,303.8167,302.01672,300.3167,299.91672,299.3167,299.91672,299.51672,299.91672,301.91672,303.91672,301.8167,301.91672,301.61673,304.8167,301.41672,300.61673,298.01672,297.51672,295.21674,293.91672,293.51672,288.51672,295.8167
296.3167,297.61673,297.3167,297.91672,297.91672,298.8167,298.51672,299.61673,298.91672,298.41672,298.41672,297.11673,296.91672,295.71674,297.8167,298.51672,298.11673,299.21674,299.61673,299.51672,297.01672,298.91672,298.91672,298.01672,298.3167,297.01672,297.11673,297.11673,296.41672,296.8167,296.51672,298.11673,298.8167,293.8167,296.41672,290.11673,296.8167,285.51672,298.71674,298.11673,297.61673
297.71674,292.91672,294.8167,296.8167,296.71674,298.01672,297.91672,297.41672,296.8167,296.51672,294.91672,295.41672,294.51672,294.91672,296.91672,299.51672,299.41672,300.21674,298.3167,297.91672,296.8167,296.71674,297.51672,297.71674,295.91672,295.8167,294.91672,294.51672,294.21674,292.8167,292.41672,293.21674,293.71674,293.21674,295.3167,293.91672,294.8167,293.71674,283.91672,285.51672,283.51672
294.91672,293.8167,293.71674,296.11673,296.8167,296.71674,297.71674,297.41672,295.8167,295.8167,294.61673,293.71674,293.21674,293.11673,293.8167,295.41672,297.3167,298.8167,299.11673,298.8167,296.8167,296.41672,296.8167,297.51672,298.11673,296.8167,296.8167,296.01672,294.11673,291.91672,292.61673,289.91672,294.21674,294.51672,294.41672,295.01672,292.41672,288.61673,288.51672,288.51672,281.41672
292.91672,295.21674,294.91672,294.3167,294.71674,294.21674,294.91672,295.01672,296.11673,294.8167,293.61673,292.61673,292.41672,291.11673,291.71674,292.91672,294.41672,296.8167,296.8167,295.21674,296.21674,295.91672,295.21674,295.8167,295.71674,295.71674,293.91672,296.61673,296.71674,297.21674,295.91672,295.01672,293.8167,293.01672,293.71674,291.91672,288.01672,289.01672,288.8167,287.91672,287.51672
293.91672,293.21674,293.51672,294.3167,296.01672,293.91672,293.21674,292.91672,293.41672,293.21674,290.91672,290.3167,292.01672,291.01672,292.11673,292.61673,292.8167,293.71674,294.11673,287.21674,287.3167,284.8167,288.3167,291.8167,292.61673,294.91672,295.01672,296.91672,296.91672,295.91672,296.51672,296.21674,294.21674,293.61673,292.21674,292.51672,291.41672,291.91672,290.71674,292.3167,291.11673
290.41672,291.51672,291.71674,293.3167,291.71674,292.01672,293.21674,293.01672,292.71674,291.3167,287.41672,286.8167,289.51672,288.51672,290.91672,291.3167,291.41672,291.01672,292.01672,291.11673,291.41672,290.41672,290.3167,290.41672,288.3167,285.41672,290.11673,288.11673,294.21674,294.3167,292.71674,292.91672,293.8167,293.11673,293.41672,291.61673,290.61673,289.71674,288.91672,288.01672,286.61673
288.21674,288.51672,286.61673,289.41672,286.41672,285.41672,284.71674,284.61673,289.71674,288.41672,285.71674,283.11673,286.71674,288.01672,288.71674,289.21674,288.8167,288.3167,288.71674,289.11673,289.41672,289.51672,290.71674,291.21674,291.71674,289.41672,287.91672,291.21674,292.21674,292.3167,291.8167,291.11673,291.01672,291.01672,291.71674,291.61673,290.91672,290.3167,290.61673,287.41672,289.8167
283.11673,284.51672,284.41672,285.91672,286.3167,285.8167,285.91672,285.41672,285.91672,285.51672,283.8167,283.51672,282.21674,283.3167,285.51672,286.71674,286.3167,285.91672,287.21674,286.91672,288.01672,288.21674,288.71674,288.71674,288.8167,289.51672,290.21674,284.3167,289.61673,290.21674,290.3167,287.21674,289.21674,286.01672,283.61673,283.41672,288.11673,286.61673,285.8167,285.71674,284.11673
