wind_kz.json
{"header": {"discipline":0,"disciplineName":"Meteorological products","gribEdition":2,"gribLength":794,"center":7,"centerName":"US National Weather Service - NCEP(WMC)","subcenter":0,"refTime":"2023-08-27T06:00:00.000Z","significanceOfRT":1,"significanceOfRTName":"Start of forecast","productStatus":0,"productStatusName":"Operational products","productType":1,"productTypeName":"Forecast products","productDefinitionTemplate":0,"productDefinitionTemplateName":"Analysis/forecast at horizontal level/layer at a point in time","parameterCategory":2,"parameterCategoryName":"UnknownDiscipline_0_Category_2","parameterNumber":3,"parameterNumberName":"UnknownParameter_D0_C2_3","parameterUnit":"Unknown","genProcessType":2,"genProcessTypeName":"Forecast","forecastTime":180,"surface1Type":103,"surface1TypeName":"Specified height level above ground","surface1Value":10.0,"surface2Type":255,"surface2TypeName":"Missing","surface2Value":0.0,"gridDefinitionTemplate":0,"gridDefinitionTemplateName":"Latitude_Longitude","numberPoints":615,"shape":6,"shapeName":"Earth spherical with radius of 6,371,229.0 m","gridUnits":"degrees","resolution":48,"winds":"true","scanMode":64,"nx":41,"ny":15,"basicAngle":0,"lo1":47.0,"la1":41.0,"lo2":87.0,"la2":55.0,"dx":1.0,"dy":1.0}, "data":
[rows 0 to 14 of 15, columns 0 to 40 of 41]
3.8760314,-1.6239685,1.9760315,6.4760313,2.7760315,-1.3239685,-1.3239685,1.0760314,-0.7239685,-1.9239686,-0.9239685,-0.7239685,-1.4239686,-1.8239685,-2.2239685,-2.5239685,-2.8239684,-3.6239686,-3.5239685,-3.2239685,-5.3239684,-5.1239686,-3.6239686,0.3760315,-1.8239685,0.8760315,0.07603149,1.7760315,0.07603149,-1.1239685,-1.0239685,-3.9239686,1.4760315,0.3760315,-0.8239685,-2.7239685,-4.7239685,-3.0239685,-4.2239685,2.1760316,-0.6239685
2.9760315,1.0760314,4.1760316,4.6760316,2.4760315,0.47603148,1.5760314,1.8760315,0.6760315,-0.023968507,-1.0239685,-3.4239686,-3.7239685,-3.0239685,-3.0239685,-2.8239684,-3.7239685,-3.7239685,-3.6239686,-3.1239686,-4.9239683,-5.2239685,-2.7239685,1.0760314,1.3760315,1.8760315,-1.4239686,1.1760315,-1.2239685,0.5760315,0.2760315,0.8760315,-1.8239685,-0.123968504,-3.1239686,-3.7239685,-3.6239686,-7.6239686,-7.2239685,-2.0239685,1.5760314
2.8760314,4.6760316,3.7760315,3.6760316,0.8760315,1.8760315,2.5760314,2.1760316,1.4760315,-0.6239685,-0.123968504,-1.4239686,-2.6239686,-3.6239686,-4.7239685,-4.6239686,-2.1239686,-1.8239685,-2.5239685,-3.0239685,-5.3239684,0.5760315,-5.0239687,-2.3239684,-0.9239685,0.07603149,0.9760315,0.47603148,-0.123968504,-0.123968504,1.6760315,-0.5239685,1.7760315,-0.9239685,0.5760315,-0.4239685,-2.8239684,-3.0239685,-0.8239685,-1.2239685,0.5760315
0.7760315,2.3760314,1.1760315,-0.023968507,1.4760315,1.4760315,2.2760315,2.6760316,3.2760315,2.2760315,2.0760314,1.0760314,-0.123968504,-3.3239684,-3.8239684,-4.1239686,-2.7239685,-1.7239685,-2.8239684,-3.2239685,-4.2239685,-3.3239684,-2.4239686,-3.6239686,-3.9239686,-3.5239685,-3.1239686,-2.5239685,-1.1239685,0.2760315,-2.2239685,-3.5239685,-1.1239685,4.5760317,1.2760315,-1.0239685,1.7760315,2.7760315,0.5760315,1.1760315,1.9760315
0.1760315,-0.123968504,-1.0239685,-0.6239685,-1.7239685,-0.7239685,-0.4239685,1.9760315,1.8760315,2.7760315,3.8760314,2.3760314,-0.3239685,-3.9239686,-2.7239685,-2.8239684,-3.2239685,-2.6239686,-3.0239685,-3.8239684,-4.1239686,-2.3239684,-3.1239686,-3.5239685,-3.2239685,-3.1239686,-4.2239685,-5.7239685,-4.8239684,-0.5239685,-2.1239686,1.1760315,2.3760314,3.4760315,-1.3239685,-2.5239685,1.6760315,-1.1239685,-1.5239685,0.3760315,3.7760315
0.3760315,-0.7239685,0.07603149,0.07603149,-0.5239685,-1.3239685,0.7760315,0.6760315,1.2760315,-0.2239685,-1.4239686,4.6760316,2.6760316,1.0760314,-0.3239685,-1.5239685,-3.1239686,-3.0239685,-3.9239686,-3.9239686,-3.1239686,-2.0239685,-2.2239685,-2.7239685,-3.1239686,-2.5239685,-4.1239686,-4.4239683,-4.8239684,-5.1239686,-0.023968507,-1.1239685,1.2760315,1.9760315,1.5760314,-2.2239685,1.5760314,-0.5239685,-2.7239685,3.1760316,2.4760315
2.7760315,1.9760315,1.0760314,0.9760315,1.4760315,1.0760314,1.1760315,1.9760315,1.4760315,0.6760315,1.4760315,1.3760315,3.0760314,2.0760314,2.0760314,0.3760315,-0.9239685,-3.0239685,-3.9239686,-3.6239686,-1.4239686,-3.2239685,-3.5239685,-3.4239686,-2.5239685,-3.1239686,-3.1239686,-5.0239687,-3.9239686,-4.0239687,-2.1239686,0.1760315,-1.3239685,-1.3239685,1.1760315,-0.4239685,-0.7239685,0.5760315,-0.2239685,0.7760315,0.7760315
2.9760315,3.5760314,3.4760315,3.2760315,2.2760315,1.6760315,1.9760315,2.1760316,1.9760315,2.0760314,0.9760315,0.3760315,2.4760315,2.0760314,1.3760315,0.6760315,-0.4239685,-2.4239686,-2.7239685,-1.3239685,-2.5239685,-3.2239685,-3.2239685,-2.9239686,-2.9239686,-3.4239686,-3.3239684,-2.4239686,-1.2239685,-3.6239686,-1.0239685,-3.3239684,-0.8239685,-1.4239686,-0.4239685,-1.6239685,-3.2239685,-2.5239685,-1.3239685,-2.1239686,-0.5239685
2.7760315,3.4760315,2.2760315,2.5760314,2.8760314,2.3760314,1.5760314,0.3760315,-0.7239685,-0.7239685,-0.7239685,-1.4239686,-0.8239685,-0.4239685,0.6760315,1.2760315,-0.123968504,-2.0239685,-2.3239684,-1.8239685,-1.6239685,-2.9239686,-3.4239686,-1.7239685,-1.7239685,-1.8239685,-0.9239685,-1.3239685,-0.2239685,0.07603149,-0.9239685,0.3760315,-0.023968507,2.1760316,1.9760315,0.2760315,-1.9239686,2.1760316,2.6760316,2.5760314,0.07603149
3.0760314,2.9760315,3.1760316,3.3760314,2.6760316,2.2760315,1.8760315,1.4760315,1.0760314,0.07603149,-0.023968507,-0.7239685,0.07603149,-0.8239685,0.7760315,0.8760315,0.2760315,-2.0239685,-1.8239685,-2.1239686,-2.2239685,-1.8239685,-2.5239685,-2.2239685,-3.6239686,-3.1239686,-2.6239686,-1.2239685,-2.4239686,-1.0239685,0.9760315,1.8760315,-1.6239685,1.2760315,1.8760315,1.6760315,1.3760315,0.07603149,3.4760315,4.6760316,3.8760314
3.5760314,2.1760316,2.4760315,2.3760314,2.4760315,3.3760314,3.0760314,2.9760315,2.3760314,1.0760314,0.3760315,0.5760315,2.6760316,3.1760316,2.9760315,2.7760315,1.1760315,-1.4239686,-2.6239686,-2.5239685,-2.8239684,-2.2239685,-2.9239686,-3.2239685,-1.9239686,-2.5239685,-1.8239685,-0.6239685,-0.8239685,-0.9239685,2.0760314,2.0760314,0.47603148,1.4760315,2.8760314,1.5760314,1.5760314,2.7760315,2.4760315,1.5760314,1.0760314
1.3760315,3.5760314,3.0760314,3.0760314,3.3760314,3.3760314,2.2760315,3.3760314,2.7760315,2.5760314,1.2760315,-0.9239685,-1.3239685,2.3760314,2.2760315,3.0760314,2.8760314,1.3760315,-1.3239685,-2.6239686,-2.2239685,-2.5239685,-1.8239685,-2.3239684,-1.9239686,-4.0239687,-4.7239685,-2.0239685,0.07603149,-2.2239685,-1.4239686,1.5760314,1.1760315,3.7760315,2.5760314,1.7760315,0.9760315,0.9760315,1.3760315,1.6760315,1.2760315
2.6760316,2.8760314,3.4760315,3.1760316,2.9760315,2.1760316,2.2760315,3.4760315,3.4760315,2.3760314,1.2760315,0.1760315,0.1760315,0.5760315,2.3760314,3.4760315,3.0760314,1.9760315,-0.5239685,-1.4239686,-0.6239685,-1.9239686,-0.4239685,-1.8239685,-2.1239686,-1.9239686,-4.1239686,-2.8239684,0.2760315,-1.0239685,-0.8239685,-0.8239685,-0.5239685,1.8760315,0.8760315,3.1760316,0.8760315,-0.023968507,0.7760315,1.9760315,0.6760315
2.1760316,2.5760314,2.3760314,3.6760316,1.7760315,2.1760316,2.3760314,3.0760314,2.9760315,3.3760314,1.9760315,0.5760315,-0.2239685,-0.2239685,2.1760316,3.2760315,3.1760316,1.7760315,-0.023968507,-1.1239685,-1.1239685,0.1760315,-0.3239685,-1.2239685,-1.4239686,-1.8239685,-2.7239685,-1.4239686,-1.0239685,-0.7239685,-0.023968507,0.6760315,0.3760315,1.2760315,1.1760315,0.47603148,-1.1239685,-1.2239685,-0.6239685,-1.0239685,-0.6239685
-1.2239685,1.4760315,2.7760315,3.1760316,2.7760315,2.0760314,1.8760315,2.2760315,1.8760315,1.7760315,0.9760315,2.2760315,2.5760314,0.5760315,0.3760315,3.1760316,3.3760314,2.3760314,1.3760315,-0.4239685,-0.4239685,-0.9239685,-0.9239685,-1.7239685,-1.9239686,-1.7239685,-2.3239684,-3.3239684,-2.9239686,-1.8239685,-1.5239685,-0.3239685,1.1760315,2.1760316,2.0760314,2.9760315,1.2760315,-0.4239685,-0.5239685,-1.3239685,-0.8239685
