wind_kz.json
{"header": {"discipline":0,"disciplineName":"Meteorological products","gribEdition":2,"gribLength":871,"center":7,"centerName":"US National Weather Service - NCEP(WMC)","subcenter":0,"refTime":"2023-08-20T18:00:00.000Z","significanceOfRT":1,"significanceOfRTName":"Start of forecast","productStatus":0,"productStatusName":"Operational products","productType":1,"productTypeName":"Forecast products","productDefinitionTemplate":0,"productDefinitionTemplateName":"Analysis/forecast at horizontal level/layer at a point in time","parameterCategory":0,"parameterCategoryName":"UnknownDiscipline_0_Category_0","parameterNumber":0,"parameterNumberName":"UnknownParameter_D0_C0_0","parameterUnit":"Unknown","genProcessType":2,"genProcessTypeName":"Forecast","forecastTime":240,"surface1Type":1,"surface1TypeName":"Ground or water surface","surface1Value":0.0,"surface2Type":255,"surface2TypeName":"Missing","surface2Value":0.0,"gridDefinitionTemplate":0,"gridDefinitionTemplateName":"Latitude_Longitude","numberPoints":615,"shape":6,"shapeName":"Earth spherical with radius of 6,371,229.0 m","gridUnits":"degrees","resolution":48,"winds":"true","scanMode":64,"nx":41,"ny":15,"basicAngle":0,"lo1":47.0,"la1":41.0,"lo2":87.0,"la2":55.0,"dx":1.0,"dy":1.0}, "data":
[rows 0 to 14 of 15, columns 0 to 40 of 41]
302.18506,291.18506,296.98505,299.08505,298.58505,297.58505,299.88507,303.68506,302.98505,302.28506,300.48505,302.08505,301.88507,301.18506,299.98505,296.98505,297.68506,298.28506,297.58505,297.98505,298.88507,294.18506,295.08505,291.78506,295.78506,295.68506,292.88507,283.28506,281.18506,279.48505,278.38507,280.78506,291.58505,296.98505,298.58505,299.28506,297.28506,299.28506,298.98505,299.78506,298.38507
279.88507,295.58505,299.08505,298.88507,298.48505,297.28506,303.78506,301.88507,300.18506,300.08505,300.88507,298.88507,297.98505,296.28506,295.38507,295.28506,298.58505,296.78506,295.98505,296.08505,296.18506,296.58505,294.38507,287.68506,279.68506,281.28506,288.48505,278.68506,281.88507,276.98505,282.58505,274.18506,283.68506,260.78506,280.28506,296.18506,294.68506,297.48505,300.48505,292.28506,283.98505
298.58505,298.78506,299.38507,299.18506,297.38507,301.88507,301.18506,300.28506,298.48505,297.88507,296.98505,297.28506,294.38507,295.68506,297.88507,298.28506,294.98505,294.18506,294.68506,295.68506,295.78506,295.88507,296.18506,291.78506,294.38507,296.08505,296.38507,295.58505,293.48505,284.58505,275.88507,278.58505,284.98505,285.38507,285.98505,288.18506,279.08505,279.98505,282.38507,277.88507,278.38507
298.78506,299.58505,299.18506,298.08505,297.28506,300.68506,300.98505,299.58505,298.78506,297.88507,296.58505,294.98505,295.08505,294.48505,296.38507,298.48505,297.58505,299.28506,298.08505,295.38507,297.38507,293.58505,296.88507,297.38507,295.58505,296.88507,296.88507,297.58505,294.88507,295.48505,296.28506,294.28506,298.18506,295.88507,293.08505,291.78506,279.38507,279.68506,282.88507,288.98505,294.58505
299.18506,298.98505,299.08505,298.48505,299.38507,301.58505,301.78506,300.98505,299.28506,298.68506,296.88507,294.38507,294.98505,293.68506,291.38507,296.48505,297.38507,296.18506,295.78506,298.28506,298.08505,298.28506,297.58505,298.88507,296.78506,295.78506,295.78506,293.58505,295.08505,296.28506,298.68506,293.38507,284.48505,273.68506,284.08505,292.38507,294.18506,295.38507,296.08505,296.78506,296.88507
296.88507,295.08505,297.28506,297.88507,298.58505,297.98505,300.88507,301.98505,299.68506,298.88507,297.98505,296.18506,294.38507,294.48505,294.28506,295.08505,298.28506,296.98505,298.28506,298.78506,298.18506,297.18506,295.48505,296.48505,295.98505,294.68506,293.88507,293.18506,295.08505,297.08505,296.18506,297.08505,294.48505,291.88507,291.78506,293.88507,287.88507,288.88507,295.78506,295.98505,295.68506
299.78506,297.58505,299.48505,298.58505,298.28506,297.88507,297.28506,296.68506,299.68506,300.18506,297.98505,295.68506,295.78506,296.08505,294.48505,298.28506,297.78506,298.28506,297.28506,296.78506,296.48505,296.88507,296.38507,295.88507,294.78506,294.78506,293.68506,295.68506,295.48505,295.78506,296.58505,297.18506,296.18506,295.58505,294.28506,292.28506,288.68506,284.98505,281.98505,280.78506,293.38507
301.78506,301.68506,301.58505,301.08505,302.18506,301.28506,300.88507,299.58505,299.18506,298.18506,296.88507,296.58505,295.48505,297.08505,297.28506,298.58505,297.78506,297.58505,296.78506,293.78506,294.48505,293.98505,294.28506,294.38507,293.38507,289.98505,290.88507,291.88507,290.88507,293.18506,293.28506,293.78506,293.78506,290.68506,290.48505,290.78506,291.18506,289.28506,289.98505,290.58505,288.48505
297.88507,298.58505,297.68506,296.68506,301.18506,301.58505,298.88507,298.18506,297.58505,298.88507,298.08505,296.08505,297.88507,295.18506,295.48505,294.68506,294.28506,293.68506,293.48505,291.88507,290.28506,290.78506,291.48505,291.28506,289.98505,290.18506,287.58505,287.18506,286.08505,285.28506,288.38507,289.18506,288.68506,291.48505,289.08505,287.58505,288.58505,287.78506,273.68506,275.28506,272.38507
295.98505,296.88507,297.78506,298.38507,297.38507,296.48505,293.68506,294.28506,293.88507,292.68506,292.68506,294.58505,293.08505,290.08505,289.18506,289.68506,289.68506,288.88507,289.28506,289.98505,288.58505,289.18506,290.28506,289.78506,289.68506,287.58505,288.78506,287.78506,286.98505,286.38507,285.98505,289.98505,291.78506,292.18506,290.48505,288.28506,286.98505,283.98505,274.88507,279.08505,277.28506
293.88507,293.18506,292.58505,291.78506,291.28506,289.88507,288.98505,287.18506,286.18506,286.48505,286.28506,285.68506,288.38507,286.88507,286.18506,286.88507,287.28506,287.88507,286.28506,286.78506,289.78506,289.58505,289.08505,288.68506,285.78506,287.48505,283.58505,286.78506,290.08505,290.28506,290.68506,291.08505,289.98505,289.88507,288.78506,285.88507,284.28506,280.88507,278.58505,281.38507,278.98505
289.38507,289.98505,288.68506,287.68506,286.58505,286.08505,285.18506,284.28506,283.58505,283.58505,282.48505,282.48505,283.98505,283.98505,284.98505,286.58505,287.98505,284.58505,285.08505,284.88507,283.18506,282.58505,282.58505,283.18506,282.78506,283.58505,283.78506,285.48505,286.58505,286.88507,286.38507,290.08505,290.68506,288.48505,287.68506,286.48505,286.48505,287.58505,287.68506,286.18506,284.18506
283.38507,283.88507,284.18506,284.68506,284.88507,284.58505,283.88507,283.88507,285.98505,282.88507,281.08505,281.38507,285.38507,284.28506,281.68506,282.98505,283.08505,282.78506,283.28506,281.48505,280.68506,278.98505,278.88507,279.38507,282.08505,283.28506,285.18506,283.78506,283.98505,283.28506,282.88507,283.18506,287.78506,288.98505,288.88507,288.88507,288.48505,287.38507,286.58505,286.28506,285.48505
282.98505,285.28506,288.58505,287.68506,287.88507,287.48505,287.38507,286.18506,283.48505,281.98505,281.08505,279.68506,278.88507,282.18506,282.28506,282.48505,281.68506,281.18506,281.18506,281.18506,281.08505,280.28506,281.28506,281.48505,281.48505,282.48505,282.78506,282.38507,281.98505,282.68506,282.78506,282.38507,282.18506,281.38507,285.08505,286.48505,287.08505,286.98505,284.28506,283.88507,284.88507
283.48505,285.88507,290.58505,286.78506,286.28506,283.88507,284.28506,283.78506,282.78506,282.28506,283.48505,280.48505,279.48505,279.78506,280.78506,280.88507,280.88507,280.28506,280.58505,280.48505,280.58505,280.28506,280.18506,280.68506,280.58505,280.78506,280.98505,281.28506,282.48505,281.18506,281.38507,283.18506,281.58505,280.18506,280.78506,281.68506,283.88507,285.18506,286.58505,285.98505,283.78506
