wind_kz.json
{"header": {"discipline":0,"disciplineName":"Meteorological products","gribEdition":2,"gribLength":1025,"center":7,"centerName":"US National Weather Service - NCEP(WMC)","subcenter":0,"refTime":"2023-09-26T06:00:00.000Z","significanceOfRT":1,"significanceOfRTName":"Start of forecast","productStatus":0,"productStatusName":"Operational products","productType":1,"productTypeName":"Forecast products","productDefinitionTemplate":0,"productDefinitionTemplateName":"Analysis/forecast at horizontal level/layer at a point in time","parameterCategory":2,"parameterCategoryName":"UnknownDiscipline_0_Category_2","parameterNumber":2,"parameterNumberName":"UnknownParameter_D0_C2_2","parameterUnit":"Unknown","genProcessType":2,"genProcessTypeName":"Forecast","forecastTime":120,"surface1Type":103,"surface1TypeName":"Specified height level above ground","surface1Value":10.0,"surface2Type":255,"surface2TypeName":"Missing","surface2Value":0.0,"gridDefinitionTemplate":0,"gridDefinitionTemplateName":"Latitude_Longitude","numberPoints":615,"shape":6,"shapeName":"Earth spherical with radius of 6,371,229.0 m","gridUnits":"degrees","resolution":48,"winds":"true","scanMode":64,"nx":41,"ny":15,"basicAngle":0,"lo1":47.0,"la1":41.0,"lo2":87.0,"la2":55.0,"dx":1.0,"dy":1.0}, "data":
[rows 0 to 14 of 15, columns 0 to 40 of 41]
0.26344055,1.0334406,-0.45655945,-4.3265595,-5.5165596,-6.5965595,-7.0065594,-6.8265595,-8.3865595,-5.8965592,-5.666559,-4.8765593,-3.6865594,-1.8065594,-1.2665595,-1.3165594,-2.8765595,-5.4565597,-6.1765594,-6.5565596,-4.3265595,-1.9365594,0.15344055,1.8334405,-2.2665594,-0.96655947,1.9834405,2.3734405,0.52344054,0.39344054,1.1834406,0.81344056,-0.116559446,-0.68655944,-0.15655945,1.6234405,3.1434405,2.4734406,2.6734405,2.0634406,-1.5365595
0.13344055,-2.2965593,-4.6965594,-6.2065597,-6.1965594,-5.5565596,-5.9265594,-7.7765594,-6.916559,-5.5065594,-4.3465595,-4.6865597,-3.8365595,-3.1965594,-3.3665595,-1.5465595,-1.2465595,-2.2965593,-2.2965593,-3.1865594,-3.6365595,-3.5865595,-1.0565594,2.8034406,0.62344056,0.46344054,0.47344056,0.033440553,2.7934406,1.2234405,0.83344054,1.3734405,-0.42655945,0.78344053,0.29344055,0.053440552,0.65344054,1.3834405,-0.75655943,-1.6565595,-1.1465595
-2.1665595,-5.1965594,-6.2965593,-6.5365596,-6.3565593,-5.4665594,-4.8565593,-4.2465596,-4.6065593,-4.3665595,-4.4565597,-3.7865593,-2.7965593,-2.8365595,-3.2865593,-3.5065594,-3.9065595,-2.7465594,-0.23655945,-0.38655946,-1.4065595,-1.2165594,-1.1265595,-1.9265594,-2.4165595,-4.4965596,-3.8465595,-2.0665596,2.6334405,-0.19655944,0.7934406,0.89344054,-1.7565595,-0.7765595,-1.4065595,1.0534406,-0.45655945,0.023440551,3.7634406,4.0034404,0.81344056
-6.2665596,-7.1465592,-7.3865595,-6.6765594,-4.916559,-4.4365597,-2.7165594,-3.5165594,-3.1965594,-2.8265595,-2.5565596,-2.4965594,-2.0865595,-2.3765595,-1.7865595,-1.3465594,-1.8565594,-1.1765594,-1.3565594,-1.9065595,-0.28655946,1.5234406,-0.036559448,-0.8965595,-1.7365594,-2.4565594,-1.2465595,0.62344056,-0.5265595,-1.3465594,-1.8465594,-1.8865595,-4.5565596,-2.8465595,-2.2665594,-0.42655945,0.6734406,2.0034406,-2.7865593,-2.4265594,-0.04655945
-6.6065593,-7.2565594,-6.4965596,-5.4465594,-4.7765594,-4.0465593,-3.4765594,-2.6765594,-1.8665595,-1.5765594,-1.1665595,-1.0665594,-0.40655944,-0.06655945,1.2734406,1.1134405,0.33344054,0.46344054,0.48344055,0.50344056,0.04344055,-0.036559448,-0.8965595,-0.14655945,0.25344056,-0.14655945,1.3034406,-0.10655945,1.6434406,2.7134407,3.4534407,2.9934406,3.0034406,3.1234405,-2.2665594,-1.2365594,1.0934405,-2.5165594,-1.7565595,1.7834406,3.4734406
-6.2265596,-5.2165594,-5.3565593,-4.416559,-4.0165596,-3.0765595,-2.5865595,-2.0365593,-1.1765594,-0.5265595,0.14344054,0.13344055,-0.026559448,-0.16655944,0.07344055,1.0534406,1.6334405,1.6934406,1.6634406,0.8534405,2.5634406,2.9534407,2.4434404,1.4634405,0.44344056,0.90344054,1.3434405,0.093440555,-0.80655944,-1.1665595,-2.1965594,-2.5265594,-2.1365595,-2.0065594,-1.2765595,0.90344054,2.7834406,2.8934405,6.1434407,5.5134406,4.9534407
-3.6765594,-3.2965593,-2.5165594,-2.1165595,-1.2465595,-0.78655946,-0.96655947,-0.30655944,0.29344055,0.15344055,-0.026559448,0.17344055,-0.84655946,-0.8365595,-1.3765595,-2.7965593,-2.3665595,-1.4665594,-0.7065594,0.12344055,0.58344054,-1.2865595,1.5034405,-0.74655944,0.18344055,1.9634405,-0.26655945,-1.9265594,-3.4965594,-2.4065595,-0.85655946,-0.50655943,-1.7265594,-0.7065594,-0.26655945,2.6234405,3.1334405,1.2434405,4.2934403,0.63344055,4.1734405
-1.6365595,-1.6365595,-0.99655944,0.033440553,0.47344056,0.7334406,0.35344055,0.49344054,0.62344056,0.88344055,0.43344057,1.0134406,2.1834404,1.2334405,-0.07655945,-0.07655945,-2.7265594,-3.6065595,-3.2865593,-0.78655946,0.13344055,-0.20655945,-3.5565596,-0.27655944,2.5134406,2.1534405,2.9834406,-1.1865594,-0.086559445,0.33344054,1.1534406,1.3034406,4.3134403,3.4134405,3.4134405,5.2334404,2.9234405,5.8934407,6.8734407,6.583441,5.8734407
-0.04655945,0.52344054,1.0834405,1.4934405,0.75344056,0.7234405,0.6034405,0.65344054,0.29344055,0.27344054,0.22344056,0.50344056,0.04344055,0.16344056,0.07344055,-3.3265595,-1.2265594,-0.086559445,-1.0565594,-0.74655944,-0.5765594,-0.98655945,-2.3365595,-2.7965593,-4.5265594,-2.4165595,-0.87655944,0.63344055,-0.30655944,-1.0265595,-1.2165594,-0.78655946,-0.55655944,0.9234406,2.8534405,1.6034405,2.7334406,1.6634406,1.2934406,0.21344055,1.4834405
0.81344056,1.1234405,1.3834405,1.6734406,1.2234405,0.59344053,0.5434406,0.43344057,-0.62655944,-1.2565595,-1.0365595,-2.0565596,-1.5565594,-2.7465594,-3.3165596,-1.9565594,-2.6365595,-2.8665595,-2.6265595,-1.6865594,-3.4065595,-0.47655946,-1.1265595,-2.1065595,-2.5765595,-3.2965593,-2.5065594,-0.79655945,-0.5865595,-1.0865594,0.39344054,-0.7065594,-0.29655945,0.89344054,3.7834406,2.0234406,0.82344055,2.1534405,0.40344056,1.1334405,0.17344055
1.0934405,1.4734405,1.1434406,1.1134405,1.2734406,1.3034406,1.1434406,-0.8965595,-1.7465595,-2.2365594,-3.1665595,-2.7465594,-3.2065594,-3.5965595,-2.8865595,-2.5665596,-2.2565594,-2.3665595,-3.4465594,-2.9865594,-3.2765594,-3.0765595,-4.4965596,-3.4865594,-3.1065595,-2.4265594,-2.7365594,-1.9465594,-2.2665594,-1.4665594,-1.8865595,0.68344057,2.0334406,1.4234406,2.3134406,2.5734406,1.0134406,0.5434406,1.2334405,0.23344055,1.3034406
0.8534405,1.7034405,2.0034406,1.9334406,1.7434405,0.87344056,-0.27655944,-1.3965595,-1.6465595,-2.2865593,-2.0665596,-2.3865595,-2.2965593,-2.3865595,-2.1265595,-1.5165595,-2.5065594,-2.4565594,-2.4965594,-1.9465594,-3.2465594,-3.7565594,-3.7565594,-3.2465594,-3.3465595,-3.2065594,-3.4865594,-2.3465595,-2.8465595,-2.0865595,-1.4865594,-0.71655947,-0.86655945,-1.3965595,0.21344055,1.0734406,1.4834405,3.3034406,2.9734406,0.62344056,1.3734405
2.2834406,2.0234406,1.6734406,1.9234406,2.0034406,1.1434406,0.58344054,0.0034405517,-0.71655947,-1.4365594,-0.75655943,-0.30655944,0.033440553,-1.1265595,-0.8865594,-0.87655944,-1.7365594,-1.7965595,-1.9065595,-2.4565594,-2.1365595,-2.3965595,-1.8365594,-1.8065594,-2.2865593,-1.2965595,-2.1065595,-2.7065594,-3.4265594,-3.1865594,-2.3165596,-1.8165594,-1.1665595,-0.20655945,-0.21655945,0.45344055,1.5934405,0.57344055,-0.5865595,1.3034406,1.2234405
2.8834405,2.5634406,1.8834405,2.9734406,1.5634406,1.3734405,1.3034406,0.74344057,0.71344054,-0.28655946,-0.6365594,-0.18655945,0.6134406,1.3234406,0.9834406,-0.036559448,-0.66655946,-1.6765594,-2.2965593,-2.5165594,-2.3765595,-2.8165596,-3.1965594,-2.9165595,-2.9865594,-3.1565595,-3.4165595,-3.0665596,-2.8865595,-2.6965594,-2.0465593,-1.7265594,-1.2165594,-0.84655946,-0.27655944,-0.20655945,0.94344056,1.3734405,1.5734406,0.94344056,2.7634406
1.8234406,3.1734405,2.3134406,2.4534407,2.1934404,2.2134407,2.0734406,1.1734406,0.28344056,-0.86655945,-0.41655946,0.31344056,0.33344054,0.6634405,1.2334405,0.023440551,-0.67655945,-1.3065594,-0.81655943,-1.4365594,-2.2565594,-2.4765594,-2.5865595,-2.8265595,-2.5365593,-2.5465593,-2.7465594,-2.2265594,-2.2465594,-2.2165594,-2.1665595,-1.5765594,-1.1465595,-0.62655944,-0.10655945,0.58344054,0.76344055,0.89344054,1.9434406,1.8834405,2.3434405
