wind_kz.json
{"header": {"discipline":0,"disciplineName":"Meteorological products","gribEdition":2,"gribLength":1102,"center":7,"centerName":"US National Weather Service - NCEP(WMC)","subcenter":0,"refTime":"2023-09-21T06:00:00.000Z","significanceOfRT":1,"significanceOfRTName":"Start of forecast","productStatus":0,"productStatusName":"Operational products","productType":1,"productTypeName":"Forecast products","productDefinitionTemplate":0,"productDefinitionTemplateName":"Analysis/forecast at horizontal level/layer at a point in time","parameterCategory":2,"parameterCategoryName":"UnknownDiscipline_0_Category_2","parameterNumber":2,"parameterNumberName":"UnknownParameter_D0_C2_2","parameterUnit":"Unknown","genProcessType":2,"genProcessTypeName":"Forecast","forecastTime":240,"surface1Type":103,"surface1TypeName":"Specified height level above ground","surface1Value":10.0,"surface2Type":255,"surface2TypeName":"Missing","surface2Value":0.0,"gridDefinitionTemplate":0,"gridDefinitionTemplateName":"Latitude_Longitude","numberPoints":615,"shape":6,"shapeName":"Earth spherical with radius of 6,371,229.0 m","gridUnits":"degrees","resolution":48,"winds":"true","scanMode":64,"nx":41,"ny":15,"basicAngle":0,"lo1":47.0,"la1":41.0,"lo2":87.0,"la2":55.0,"dx":1.0,"dy":1.0}, "data":
[rows 0 to 14 of 15, columns 0 to 40 of 41]
-0.5812256,0.9887744,-1.8512256,-3.1412256,-7.161226,-8.221226,-7.9212255,-7.891226,-8.971226,-4.4212255,-4.2612257,-3.1512256,-3.7412255,-3.7112255,-2.6612256,-1.9112256,-0.71122557,-1.2212256,-0.7412256,-0.0012255859,0.6887744,0.23877442,1.1587744,2.1187744,-1.8512256,1.3987744,2.0487745,3.2387743,1.7387744,1.3687744,2.2387743,1.9287744,0.78877443,-0.9412256,-2.4012256,-2.7612257,-0.7012256,0.59877443,-0.29122558,-0.96122557,-1.4712256
-0.0012255859,-2.7912257,-3.9612255,-7.7712255,-8.601226,-7.5912256,-7.5012255,-9.381226,-7.181226,-5.9912257,-6.0112257,-6.7112255,-6.0512257,-5.3412256,-5.0412254,-3.7712257,-2.9712255,-4.7512255,-3.6212256,-2.7812257,-2.0012255,-1.2312256,2.7287743,2.8187745,1.7187744,0.9587744,1.5287744,3.0287745,1.3087745,2.3787744,3.0987744,3.6287744,0.9587744,0.5487744,0.35877442,0.8987744,-0.4112256,-3.0112257,-0.8712256,1.3687744,0.118774414
-4.3612256,-6.4012256,-7.9212255,-9.371225,-9.291225,-8.651226,-8.251225,-6.1712255,-7.5012255,-6.3512254,-6.2712255,-5.5612254,-5.0712256,-4.4812255,-3.8912256,-2.9712255,-2.2912257,-1.3212256,-0.7612256,0.59877443,1.0887744,1.7687744,2.1987743,5.5587745,4.5187745,5.088774,1.0387744,0.6887744,-1.0112256,1.9187744,1.4287744,0.65877444,1.1387744,2.6587744,-1.5612255,-0.90122557,0.38877442,0.3687744,-0.24122559,0.8687744,1.0387744
-7.9612255,-8.831225,-8.911225,-8.561226,-7.1712255,-7.161226,-6.0812254,-7.1712255,-6.3812256,-6.0012255,-5.641226,-6.2112255,-4.8112254,-3.8912256,-2.5812256,-2.3012257,-2.1612256,-1.1612256,0.8687744,1.5387744,1.8887744,2.4187744,2.8287745,4.6887746,4.5287743,3.9287744,3.7187743,5.3987746,7.9687743,7.1787744,4.3687744,5.5487742,7.1887746,6.0587745,7.9587746,5.7687745,1.2587744,1.7887744,-1.9812256,-3.6312256,-2.9912255
-8.721226,-9.001225,-8.401226,-7.8012257,-7.2212257,-6.2912254,-5.0412254,-4.7512255,-4.1712255,-3.5412257,-4.6312256,-4.641226,-3.0712256,-3.5112257,-2.3412256,-3.0712256,-2.9112256,-1.3912256,-0.33122557,0.71877444,2.0287745,4.2687745,5.5987744,6.5587745,5.5587745,5.1887746,6.108774,5.1187744,4.2287745,6.088774,4.4287744,4.3087745,1.5187744,2.2487745,-3.4012256,-2.6512256,3.2487745,-4.3612256,-2.9812255,-3.4312255,-3.7312255
-7.7512255,-7.1112256,-6.8312254,-6.2512255,-6.2412257,-6.2212257,-4.7412257,-4.2612257,-3.6712255,-3.8712256,-3.3212256,-3.3812256,-3.7012255,-3.6712255,-3.4012256,-3.4812255,-2.3612256,-2.2312255,-1.0512255,-0.07122558,-0.59122556,0.7987744,1.9787744,2.0287745,3.2087743,5.3887744,6.3687744,3.4287744,7.6987743,7.8687744,5.0287743,2.8187745,4.6787744,9.258775,6.9887743,7.858774,6.3987746,2.5287745,-0.4612256,0.5687744,0.8187744
-5.891226,-5.2212257,-4.7312255,-4.1212254,-3.9012256,-3.6812255,-3.6112256,-2.7612257,-3.5212257,-3.9212255,-3.6812255,-4.0212255,-3.8912256,-3.6412256,-3.5312257,-2.4612255,-1.9912256,-1.1012256,-0.4912256,-1.2612256,-3.2212255,-2.2112255,-2.3812256,-0.6712256,-0.26122558,3.1487744,5.2887745,2.1087744,1.8887744,3.2187743,2.1087744,1.8087745,10.388775,14.418775,9.648774,4.2187743,4.0587745,-0.6812256,3.7087743,0.6087744,0.21877441
-5.4412255,-5.1212254,-4.411226,-3.7512255,-3.0312257,-3.1712255,-2.5212257,-1.5312256,-2.3412256,-2.4812255,-2.5412257,-1.5612255,-1.7612256,-1.4512256,-1.2212256,-1.1412256,-1.2312256,-1.1512256,-1.0712256,-1.6112256,-2.4612255,-3.2812257,-3.4812255,-3.5512257,-2.7812257,-1.5812256,-0.2812256,1.5487744,1.9887744,-1.1812255,-1.2712256,2.7887745,1.7287744,-0.97122556,1.6687744,-1.1712255,-2.4112256,-2.2312255,-3.8612256,-3.7612257,-0.2512256
-4.7212257,-4.5812254,-4.3512254,-4.2612257,-4.3112254,-3.5312257,-2.4312255,-2.9612255,-2.3412256,-1.2712256,-0.7412256,0.008774414,0.3687744,0.26877442,0.32877442,0.22877441,0.47877443,-0.7612256,-0.4312256,-0.9512256,-0.9512256,-1.6612256,-1.7412256,-1.3012255,-1.5312256,-2.5212257,-2.0712256,-1.9912256,-1.1812255,-0.6912256,-3.8512256,-4.4212255,-3.6012256,-3.2912257,-1.2412256,2.8987744,-1.1712255,2.3187745,1.6987745,0.59877443,0.7387744
-4.3812256,-3.8812256,-3.7412255,-3.6212256,-3.4712255,-3.0512257,-2.6112256,-1.9712256,-0.90122557,0.39877442,1.5087744,2.7787745,2.1887743,2.7487745,2.4287744,1.6487744,1.4487745,1.0587745,1.0287744,0.7087744,1.2887744,1.0987744,1.3587744,0.7987744,0.038774416,-0.4412256,-1.2112256,-0.4612256,-1.4412255,-2.3612256,-0.97122556,-0.17122559,-0.19122559,-0.6012256,-0.3812256,0.8187744,2.0787745,0.2587744,2.5987744,1.7087744,0.8587744
-2.3412256,-2.5312257,-2.5812256,-2.2112255,-2.3012257,-1.7012256,-0.4712256,0.038774416,-0.14122559,-0.11122558,0.8687744,1.7487744,1.6587744,0.9587744,1.3687744,1.2887744,1.5087744,2.6087744,2.3487744,3.0287745,2.2487745,2.6487744,2.7087743,2.5987744,3.0087745,3.0687745,3.3587744,2.1587744,1.7387744,2.3987744,2.9087744,3.2587745,2.7087743,1.7087744,2.0687745,1.9487745,1.3687744,2.1087744,4.1287746,2.6987743,1.5487744
-0.9812256,-0.7912256,-0.96122557,-0.45122558,-0.30122557,-0.021225587,0.3187744,0.5187744,-0.32122558,0.42877442,0.29877442,-1.1612256,-1.0012256,0.6087744,2.3487744,0.6887744,1.3187745,1.7287744,1.8487744,2.6287744,2.7587745,3.2287743,3.1487744,3.3987744,3.9287744,4.1887746,4.2987742,4.588774,4.9987745,5.608774,5.3087745,5.0487742,3.8787744,4.2487745,3.2787745,3.5687745,4.2587743,5.3687744,4.358774,2.5687745,1.6487744
0.048774414,0.42877442,0.9987744,1.5087744,0.9587744,1.0387744,0.9887744,1.0787745,0.8187744,0.15877442,0.5187744,1.4687744,2.0387745,0.78877443,0.41877443,1.4587744,1.1787744,1.4887744,1.2587744,1.4787744,1.8287745,2.5587745,3.0687745,2.6087744,4.1387744,3.0287745,5.2487745,5.1387744,4.838774,5.0287743,6.5987744,6.068774,6.338774,6.5787745,6.3787746,6.2387743,5.9887743,3.9387743,5.1487746,5.358774,3.6687744
0.23877442,0.6887744,0.5487744,1.3087745,0.9187744,1.1487744,0.6487744,0.6087744,0.5487744,0.5187744,0.6887744,1.8087745,0.3087744,-0.09122559,-0.041225586,0.26877442,0.018774414,-0.19122559,0.35877442,-0.17122559,-0.101225585,0.4687744,1.1987745,0.83877444,1.4687744,1.4787744,2.1887743,2.4987745,2.7687745,3.7187743,4.5087743,5.1787744,5.0987744,5.0387745,5.7887745,6.088774,5.0987744,5.4387746,5.1387744,4.2487745,5.9387746
0.3787744,0.4387744,-0.84122556,0.2787744,0.09877441,0.17877442,0.008774414,0.118774414,-0.14122559,-0.6112256,-0.0012255859,0.5487744,1.1187744,0.6487744,0.14877442,-1.4112256,-1.8912256,-2.0812256,-2.5312257,-3.0612257,-2.9712255,-2.5912256,-2.9512255,-2.8812256,-3.0612257,-2.9612255,-3.0812256,-2.3712256,-2.9712255,-1.9912256,-0.8112256,-1.3612256,-0.53122556,0.4087744,3.9787743,5.818774,6.0587745,6.9487743,6.5387745,6.3687744,3.8187745
