wind_kz.json
{"header": {"discipline":0,"disciplineName":"Meteorological products","gribEdition":2,"gribLength":871,"center":7,"centerName":"US National Weather Service - NCEP(WMC)","subcenter":0,"refTime":"2023-09-20T18:00:00.000Z","significanceOfRT":1,"significanceOfRTName":"Start of forecast","productStatus":0,"productStatusName":"Operational products","productType":1,"productTypeName":"Forecast products","productDefinitionTemplate":0,"productDefinitionTemplateName":"Analysis/forecast at horizontal level/layer at a point in time","parameterCategory":0,"parameterCategoryName":"UnknownDiscipline_0_Category_0","parameterNumber":0,"parameterNumberName":"UnknownParameter_D0_C0_0","parameterUnit":"Unknown","genProcessType":2,"genProcessTypeName":"Forecast","forecastTime":60,"surface1Type":1,"surface1TypeName":"Ground or water surface","surface1Value":0.0,"surface2Type":255,"surface2TypeName":"Missing","surface2Value":0.0,"gridDefinitionTemplate":0,"gridDefinitionTemplateName":"Latitude_Longitude","numberPoints":615,"shape":6,"shapeName":"Earth spherical with radius of 6,371,229.0 m","gridUnits":"degrees","resolution":48,"winds":"true","scanMode":64,"nx":41,"ny":15,"basicAngle":0,"lo1":47.0,"la1":41.0,"lo2":87.0,"la2":55.0,"dx":1.0,"dy":1.0}, "data":
[rows 0 to 14 of 15, columns 0 to 40 of 41]
302.05386,292.35385,298.25385,294.75385,294.85385,294.35385,303.35385,307.65387,304.35385,305.75385,305.05386,306.05386,306.35385,306.75385,307.05386,308.05386,307.45386,305.85385,309.95386,307.55386,311.45386,310.25385,307.35385,307.85385,307.45386,308.05386,302.35385,282.05386,290.85385,284.65387,287.65387,278.55386,296.65387,292.65387,291.85385,290.35385,288.75385,290.85385,300.25385,297.55386,299.45386
287.95386,297.55386,294.35385,294.35385,294.55386,292.95386,307.35385,303.15387,302.15387,302.45386,305.15387,304.15387,306.05386,306.55386,308.65387,308.95386,310.05386,310.55386,309.75385,311.15387,310.75385,307.95386,307.25385,298.85385,286.15387,289.85385,293.85385,287.45386,291.45386,273.05386,285.65387,278.35385,290.75385,264.45386,280.55386,289.75385,289.55386,296.05386,297.95386,288.25385,284.45386
299.75385,293.45386,294.55386,294.15387,291.85385,302.85385,301.85385,301.35385,301.35385,301.35385,301.55386,304.05386,306.15387,306.65387,305.65387,309.75385,310.05386,309.85385,310.45386,311.05386,314.35385,308.65387,307.25385,299.45386,305.05386,302.75385,301.85385,301.65387,304.45386,289.85385,274.25385,273.75385,292.95386,290.45386,291.25385,285.45386,273.05386,280.05386,282.75385,279.35385,274.75385
301.95386,293.55386,294.75385,293.65387,294.95386,301.95386,301.25385,301.55386,301.15387,301.15387,301.95386,301.15387,292.15387,291.55386,303.95386,307.15387,305.65387,309.75385,309.05386,312.15387,308.15387,304.45386,308.35385,307.65387,306.05386,304.85385,306.25385,305.55386,303.95386,303.15387,304.35385,300.25385,303.15387,303.65387,302.85385,283.05386,273.55386,274.35385,275.85385,294.95386,297.95386
299.95386,293.05386,293.95386,292.85385,297.05386,301.65387,302.05386,301.15387,298.95386,299.75385,300.95386,302.15387,291.25385,290.15387,288.55386,305.25385,306.25385,304.65387,306.55386,305.15387,307.15387,310.45386,312.15387,310.85385,311.55386,308.75385,307.25385,303.45386,308.55386,307.95386,305.35385,301.75385,286.45386,275.75385,295.55386,303.25385,300.65387,308.05386,307.25385,305.25385,302.65387
299.35385,300.25385,291.85385,292.05386,292.65387,292.15387,301.65387,301.15387,299.55386,299.75385,299.35385,299.95386,292.65387,291.05386,298.05386,303.95386,302.95386,305.65387,303.85385,305.25385,306.85385,305.75385,304.95386,307.95386,306.95386,306.05386,308.35385,289.45386,303.35385,303.95386,305.15387,304.65387,303.45386,301.85385,297.85385,299.65387,290.65387,291.85385,303.95386,309.65387,302.55386
300.45386,300.35385,298.85385,301.05386,299.25385,302.65387,302.35385,300.55386,300.45386,300.15387,299.75385,299.25385,299.05386,300.25385,302.05386,301.45386,303.35385,303.45386,305.45386,303.55386,303.75385,303.05386,303.35385,300.75385,298.95386,300.05386,302.25385,304.45386,304.95386,305.25385,299.65387,298.45386,301.95386,295.85385,296.95386,296.15387,288.75385,288.45386,286.45386,278.95386,288.95386
300.85385,302.05386,301.55386,300.55386,300.85385,300.95386,302.35385,302.45386,301.45386,300.15387,299.65387,298.85385,300.05386,298.15387,300.45386,300.75385,301.15387,301.05386,301.85385,299.75385,298.55386,302.15387,301.15387,297.35385,297.25385,295.55386,293.15387,294.55386,294.55386,294.95386,294.85385,294.25385,290.95386,288.85385,291.55386,296.55386,299.55386,288.35385,300.25385,298.95386,295.95386
300.65387,300.05386,299.75385,299.85385,299.25385,299.85385,301.95386,302.05386,301.75385,300.35385,299.35385,300.25385,299.35385,300.15387,299.75385,300.95386,300.45386,300.65387,299.15387,297.75385,294.55386,295.05386,295.85385,295.95386,287.15387,287.25385,283.25385,282.25385,281.65387,281.05386,281.65387,282.55386,283.85385,286.15387,287.25385,283.45386,288.35385,289.05386,276.85385,276.65387,275.45386
298.95386,297.45386,298.35385,298.95386,299.85385,301.15387,302.85385,302.85385,300.95386,300.65387,300.35385,299.15387,299.35385,298.75385,299.15387,299.25385,299.35385,298.65387,297.65387,297.35385,292.45386,288.75385,288.85385,289.35385,288.45386,284.35385,284.95386,283.25385,282.25385,282.75385,282.15387,283.45386,284.85385,284.95386,284.35385,285.95386,282.15387,279.35385,277.65387,279.05386,280.15387
298.45386,298.35385,298.75385,299.95386,300.85385,301.55386,301.45386,301.45386,301.55386,301.05386,298.55386,297.95386,297.45386,292.15387,292.35385,296.25385,297.95386,297.25385,294.55386,291.75385,293.75385,287.65387,288.95386,294.95386,293.05386,292.65387,288.85385,292.25385,291.15387,290.95386,292.05386,292.35385,290.95386,284.25385,285.25385,283.05386,279.45386,276.15387,282.55386,282.15387,277.45386
298.55386,300.55386,301.15387,301.45386,300.75385,301.15387,300.15387,300.25385,300.95386,298.15387,289.65387,293.05386,296.45386,294.85385,289.65387,288.75385,291.95386,290.95386,288.75385,289.65387,289.35385,292.95386,291.05386,291.55386,290.75385,292.25385,291.55386,292.45386,292.45386,291.55386,290.35385,290.55386,288.35385,287.45386,285.95386,283.75385,282.85385,280.45386,282.75385,284.05386,288.35385
296.45386,298.55386,298.65387,298.35385,298.65387,298.45386,299.35385,300.05386,299.65387,297.85385,293.35385,292.65387,294.95386,290.65387,293.95386,290.55386,288.45386,293.35385,294.15387,292.65387,292.05386,289.25385,287.95386,287.25385,288.85385,289.55386,291.25385,290.55386,290.15387,289.05386,289.45386,289.15387,289.25385,288.55386,287.55386,286.05386,280.55386,281.35385,279.75385,282.85385,285.15387
297.35385,297.45386,292.95386,299.05386,298.75385,298.45386,297.05386,295.75385,297.65387,295.95386,292.55386,290.35385,291.25385,291.85385,291.95386,291.55386,291.25385,291.15387,291.95386,291.05386,290.65387,289.55386,289.65387,288.45386,288.85385,289.25385,288.75385,288.05386,287.55386,287.85385,287.55386,286.95386,286.55386,286.05386,286.25385,284.85385,283.35385,279.05386,279.15387,279.75385,282.85385
294.55386,297.45386,287.65387,297.75385,297.95386,297.45386,297.35385,298.15387,298.25385,297.65387,294.05386,292.55386,287.55386,289.65387,289.85385,289.75385,289.45386,290.05386,290.85385,289.05386,288.95386,288.45386,287.85385,286.55386,286.25385,286.65387,285.25385,284.95386,285.95386,285.55386,285.85385,285.25385,285.65387,285.05386,285.65387,285.75385,286.45386,281.65387,280.85385,277.85385,279.25385
