wind_kz.json
{"header": {"discipline":0,"disciplineName":"Meteorological products","gribEdition":2,"gribLength":1025,"center":7,"centerName":"US National Weather Service - NCEP(WMC)","subcenter":0,"refTime":"2023-09-21T12:00:00.000Z","significanceOfRT":1,"significanceOfRTName":"Start of forecast","productStatus":0,"productStatusName":"Operational products","productType":1,"productTypeName":"Forecast products","productDefinitionTemplate":0,"productDefinitionTemplateName":"Analysis/forecast at horizontal level/layer at a point in time","parameterCategory":2,"parameterCategoryName":"UnknownDiscipline_0_Category_2","parameterNumber":2,"parameterNumberName":"UnknownParameter_D0_C2_2","parameterUnit":"Unknown","genProcessType":2,"genProcessTypeName":"Forecast","forecastTime":180,"surface1Type":103,"surface1TypeName":"Specified height level above ground","surface1Value":10.0,"surface2Type":255,"surface2TypeName":"Missing","surface2Value":0.0,"gridDefinitionTemplate":0,"gridDefinitionTemplateName":"Latitude_Longitude","numberPoints":615,"shape":6,"shapeName":"Earth spherical with radius of 6,371,229.0 m","gridUnits":"degrees","resolution":48,"winds":"true","scanMode":64,"nx":41,"ny":15,"basicAngle":0,"lo1":47.0,"la1":41.0,"lo2":87.0,"la2":55.0,"dx":1.0,"dy":1.0}, "data":
[rows 0 to 14 of 15, columns 0 to 40 of 41]
-0.7968164,-0.9068164,1.1931835,-1.1568164,-4.5768166,-4.5368166,-2.9468164,-2.9868164,-4.206816,-2.5468163,-2.4368165,-3.4068165,-2.8168163,-2.6868165,-2.0068164,-2.1268165,-1.6768165,-0.7868164,-1.8868164,-0.34681642,3.3031836,1.3231835,0.4731836,-2.0068164,0.053183593,-2.3868165,-2.7868164,-0.7268164,0.7031836,0.6531836,0.17318359,0.9331836,0.053183593,2.0731835,-3.6868165,-2.3968165,-2.6368165,-2.4168165,-0.8168164,-1.5068164,-0.4068164
1.4731836,0.6831836,-2.2268164,-4.6368165,-3.6168165,-4.0168166,-2.7968163,-4.4868164,-2.4568164,-2.5668163,-2.1968164,-3.5468163,-2.0868163,-2.3768165,-1.4068164,-1.5968164,0.9531836,-2.0668163,-0.7468164,0.20318359,1.4831836,1.0031836,0.3731836,-2.9568164,0.6531836,0.2831836,-0.18681641,0.5631836,-0.25681642,-0.0068164063,0.3231836,-0.25681642,-0.6868164,0.2131836,0.083183594,0.9031836,0.6731836,-0.3668164,-0.6768164,0.9231836,-3.4868164
-1.8368164,-5.0768166,-4.9868164,-3.9368165,-3.6768165,-2.8768165,-0.8768164,-0.15681641,-0.2368164,1.8231835,-2.3468163,-1.9968164,-1.2868164,-1.4668164,-1.9368165,-0.95681643,-0.4668164,0.6231836,0.043183595,0.3031836,1.3331836,1.0431836,-4.0368166,-2.9068165,0.5131836,0.6931836,1.6431836,-1.0968164,-2.1268165,-0.8268164,-0.2968164,1.8931836,-0.31681642,-1.1268164,2.4331837,-0.3768164,-0.2768164,0.013183594,0.79318357,1.8831836,1.7931836
-5.0668163,-6.5168166,-6.456816,-5.6468163,-4.226816,-2.5568163,0.5831836,-1.3868164,1.2331836,1.8931836,1.4131836,2.4931836,-1.0568165,-2.6968164,-1.3168164,-1.6068164,-0.18681641,0.4131836,-0.11681641,-1.0368164,-0.4568164,-2.3268163,1.3231835,-2.5568163,-2.0368164,-2.6168165,-2.5668163,-3.4468164,-1.8968164,-0.3968164,-0.1968164,-1.0868164,-2.3268163,-2.8568163,-2.6068163,-2.2468164,-1.3168164,1.5631835,-0.47681642,-0.64681643,0.053183593
-5.5668163,-6.686816,-6.6568165,-4.9468164,-3.5168164,-2.1068163,-1.1368164,0.6731836,2.4831836,2.1531837,1.6631836,3.2131836,-1.5668164,-5.3068166,1.5031836,-1.0168164,-0.2068164,0.43318358,1.6231836,0.7131836,-3.4968164,-3.0868163,-3.4068165,-2.7068164,-3.0568163,-3.2668164,-3.9768164,-2.5068164,-2.7068164,-3.1268165,-3.0568163,-2.3068163,-1.7168164,2.2131836,0.06318359,-0.24681641,0.3531836,-0.7168164,-0.5668164,-1.0568165,-0.24681641
-4.2868166,-3.8068163,-5.456816,-5.1968164,-4.3368163,-3.4668164,-1.3368164,-0.5268164,-0.3668164,1.1431836,2.0831835,-2.8968165,-4.3868165,-2.7868164,-1.9468164,-0.31681642,-0.1268164,-0.5468164,-2.4968164,-3.8868165,-4.8568163,-3.2168164,-2.3468163,-2.8368163,-3.8268163,-5.226816,-3.0868163,-5.1168165,-3.1968164,-2.0568163,-1.2468164,1.1531836,0.14318359,1.0431836,0.2531836,-2.8268163,1.4531837,1.6531836,3.9531837,1.1331836,1.5031836
-4.3768163,-3.8168163,-3.3468163,-2.7968163,-2.2368164,-1.6968164,-1.2268164,-0.28681642,-0.5368164,0.6731836,-1.6568164,-7.7968163,-4.706816,-1.8768164,-0.6668164,0.3231836,-0.6968164,-2.5668163,-2.9268165,-3.6668165,-3.2468164,-2.8768165,-2.8868165,-3.0368164,-3.3168163,-2.5868163,-2.7968163,-2.1868165,-3.2868164,-2.7268164,-3.1668165,-2.9568164,-0.4668164,-0.7568164,-0.5168164,-1.0768164,-1.1568164,1.8631836,0.2631836,-1.0568165,2.2131836
-3.7368164,-3.4768164,-3.1068163,-2.1868165,-1.7468164,-1.4268165,-1.0568165,-1.3868164,-0.4168164,-1.8568164,-5.3968163,-3.6068163,-2.2868164,-1.6668164,-1.3268164,-1.7568164,-1.9768164,-1.9368165,-1.9768164,-2.5768163,-2.0668163,-1.7768164,-1.6768165,-2.1068163,-1.9168164,-1.0568165,-1.2368164,-1.0168164,-1.2368164,-2.0168164,-2.1768165,-0.7368164,-0.64681643,-0.9268164,0.1531836,1.3431836,4.0731835,6.8931837,-1.2468164,-2.3168163,-1.8168164
-3.3268163,-2.8968165,-2.7068164,-2.3368163,-1.8468164,-1.4968164,-2.0868163,-1.8468164,-1.7568164,-1.7368164,-3.8168163,-4.3768163,-3.2568164,-2.9568164,-3.0968163,-2.0068164,-1.9468164,-1.3268164,-1.2868164,-2.1168165,-2.6568165,-1.8068165,-1.7168164,-1.6368164,-1.2468164,-0.28681642,0.6331836,0.9831836,2.3431835,1.2831836,1.2631836,1.2931836,1.5731835,1.7031837,2.4731836,1.7631836,0.79318357,-0.83681643,-0.7468164,-0.8768164,-0.9068164
-3.0368164,-2.7068164,-2.3368163,-2.1368165,-1.6668164,-2.0368164,-2.0268164,-1.3968164,-1.5368164,-3.1068163,-3.4068165,-4.686816,-2.9268165,-2.2868164,-2.3668165,-1.6368164,-1.1768165,-1.1968164,-1.4868164,-2.1468165,-2.9968164,-2.1968164,-1.7468164,-1.3868164,-1.6968164,-1.5968164,0.2131836,0.5031836,1.4131836,3.9331837,2.8131835,3.4531837,1.9831836,2.8231835,2.2231836,3.1631837,1.1231836,1.5631835,0.9931836,-0.16681641,-0.4368164
-2.6168165,-2.5868163,-2.4468164,-2.1668165,-1.7968163,-2.3868165,-1.9568164,-1.3768164,-2.5168164,-3.7368164,-3.2568164,-2.3068163,-2.0468163,-2.1768165,-1.6468164,-1.1268164,-1.1068164,-0.7568164,-1.5868164,-1.8368164,-2.1068163,-2.1168165,-1.0268164,-0.4568164,0.013183594,-0.2068164,1.8431836,2.6031835,2.6631837,3.1931837,1.9631836,1.6531836,3.3731835,3.2331836,2.5631835,2.7731836,2.2531836,-0.3068164,0.5031836,0.8831836,-0.83681643
-1.1968164,-1.8368164,-1.7968163,-2.3568163,-1.9268165,-1.7768164,-1.2868164,-2.2568164,-1.9468164,-2.2768164,-2.3468163,-1.1168164,-1.0868164,-1.4968164,-0.6368164,-0.8668164,-1.5268164,-1.2668164,-1.8668164,-1.9568164,-1.4768164,-0.4168164,-0.1768164,0.27318358,1.3831836,2.0531836,2.5531836,3.4231837,2.5431836,2.8431835,2.9131837,4.3831835,4.5731835,5.3831835,4.6231837,5.5731835,6.6131835,5.4431834,3.9831836,0.113183595,1.4331836
-0.4568164,0.2531836,-0.9768164,-1.2768164,-0.7768164,-0.9168164,-0.8868164,-0.9268164,-1.8768164,-0.13681641,-0.5768164,0.4131836,0.3231836,-0.7268164,-0.11681641,-0.096816406,0.27318358,0.3531836,0.8131836,0.053183593,-0.5068164,0.7831836,1.4031836,1.4631836,3.7231836,3.2031837,2.8831835,2.5931835,3.2031837,3.9131837,4.8931837,5.3431835,6.8631835,6.5031834,6.0731835,5.6431837,5.7531834,2.4231837,3.4231837,2.7431836,2.4131837
0.5831836,0.49318358,0.7431836,0.033183593,-0.096816406,-0.1468164,-0.16681641,-0.6168164,0.46318358,-0.11681641,-0.6568164,0.40318358,1.0531836,1.4231836,2.0531836,2.2731836,2.3931837,2.5231836,2.3931837,2.2531836,1.8931836,1.9431835,2.6031835,2.7331836,2.7031837,2.7631836,2.8331835,3.3931837,3.3831835,3.6531837,3.9131837,3.3131835,3.9031837,4.8431835,4.8731837,5.0131836,3.8431835,3.1531837,2.1331835,1.6431836,0.3931836
0.4131836,1.1331836,0.6831836,0.043183595,0.43318358,0.6231836,1.1131836,0.7131836,1.0331836,0.1931836,-0.2268164,0.7331836,1.2231836,1.9931836,2.7631836,2.8531835,3.1431837,3.5331836,3.5731835,3.4231837,2.8631835,3.0431836,2.7831836,2.1931837,2.1531837,2.3431835,2.6731837,2.2131836,2.1931837,2.2131836,2.4131837,2.2231836,2.7331836,2.4231837,0.9231836,0.3631836,1.0231836,2.1631837,3.0231836,1.8531836,1.0031836
