wind_kz.json
{"header": {"discipline":0,"disciplineName":"Meteorological products","gribEdition":2,"gribLength":948,"center":7,"centerName":"US National Weather Service - NCEP(WMC)","subcenter":0,"refTime":"2023-08-22T06:00:00.000Z","significanceOfRT":1,"significanceOfRTName":"Start of forecast","productStatus":0,"productStatusName":"Operational products","productType":1,"productTypeName":"Forecast products","productDefinitionTemplate":0,"productDefinitionTemplateName":"Analysis/forecast at horizontal level/layer at a point in time","parameterCategory":0,"parameterCategoryName":"UnknownDiscipline_0_Category_0","parameterNumber":0,"parameterNumberName":"UnknownParameter_D0_C0_0","parameterUnit":"Unknown","genProcessType":2,"genProcessTypeName":"Forecast","forecastTime":0,"surface1Type":1,"surface1TypeName":"Ground or water surface","surface1Value":0.0,"surface2Type":255,"surface2TypeName":"Missing","surface2Value":0.0,"gridDefinitionTemplate":0,"gridDefinitionTemplateName":"Latitude_Longitude","numberPoints":615,"shape":6,"shapeName":"Earth spherical with radius of 6,371,229.0 m","gridUnits":"degrees","resolution":48,"winds":"true","scanMode":64,"nx":41,"ny":15,"basicAngle":0,"lo1":47.0,"la1":41.0,"lo2":87.0,"la2":55.0,"dx":1.0,"dy":1.0}, "data":
[rows 0 to 14 of 15, columns 0 to 40 of 41]
314.7957,299.99567,313.09567,299.8957,299.69568,299.19568,313.69568,321.2957,318.69568,320.49567,318.8957,318.49567,319.3957,319.3957,320.99567,322.69568,323.19568,320.2957,328.2957,324.3957,329.19568,320.19568,318.19568,316.69568,317.99567,320.2957,315.99567,305.69568,299.69568,295.99567,299.7957,299.49567,313.09567,318.19568,325.49567,328.09567,329.19568,328.2957,326.59567,325.99567,327.19568
291.7957,308.3957,299.8957,299.7957,299.8957,298.99567,321.7957,318.59567,318.59567,318.8957,318.59567,318.69568,318.49567,317.09567,321.99567,324.99567,324.99567,324.59567,324.49567,326.69568,327.59567,316.3957,319.49567,310.19568,301.7957,301.49567,310.8957,305.2957,305.59567,290.69568,300.99567,287.59567,297.59567,274.59567,299.7957,318.2957,319.8957,318.8957,323.7957,314.19568,286.49567
312.7957,299.8957,299.99567,299.99567,298.8957,316.59567,316.2957,319.3957,318.3957,318.8957,318.49567,320.2957,318.2957,318.2957,318.8957,322.3957,324.19568,323.7957,323.69568,323.7957,322.99567,321.7957,323.3957,317.09567,318.7957,316.09567,318.2957,314.8957,316.8957,303.3957,294.2957,296.19568,304.19568,309.19568,307.59567,306.69568,299.69568,298.8957,300.59567,297.19568,298.69568
312.09567,301.09567,300.49567,299.59567,301.8957,315.09567,314.8957,305.8957,311.09567,319.49567,319.7957,318.2957,296.8957,296.19568,320.69568,323.3957,318.59567,320.2957,323.8957,325.7957,320.99567,318.7957,320.59567,320.59567,328.19568,315.8957,326.59567,317.49567,303.09567,308.99567,312.8957,312.8957,318.59567,321.19568,319.69568,314.59567,302.09567,299.99567,302.3957,314.8957,317.8957
314.99567,301.19568,301.19568,300.8957,308.8957,317.2957,320.99567,322.8957,320.09567,317.69568,317.69568,319.19568,297.19568,295.69568,293.19568,319.49567,319.09567,314.49567,317.3957,317.99567,320.8957,323.69568,323.7957,320.2957,323.2957,325.49567,326.7957,314.49567,324.09567,322.7957,320.69568,318.59567,304.8957,295.2957,307.59567,316.7957,311.19568,326.49567,325.2957,323.7957,322.69568
314.3957,313.59567,299.09567,300.09567,300.3957,300.09567,322.59567,312.99567,318.69568,318.09567,316.99567,318.49567,299.7957,295.8957,305.2957,316.3957,321.59567,320.09567,319.7957,316.19568,319.09567,319.49567,320.49567,319.19568,314.69568,322.69568,321.7957,294.99567,320.09567,320.19568,320.8957,317.69568,318.49567,316.3957,311.7957,309.7957,308.8957,310.99567,323.49567,323.8957,322.3957
314.19568,313.99567,315.59567,314.7957,309.99567,312.69568,318.49567,321.59567,318.49567,315.3957,317.7957,318.8957,317.59567,319.3957,323.19568,311.3957,318.8957,320.59567,320.2957,319.3957,322.3957,320.2957,317.19568,315.59567,318.09567,316.19568,318.2957,317.8957,320.99567,317.7957,321.09567,319.59567,320.69568,318.3957,319.09567,314.09567,308.19568,305.19568,303.3957,304.59567,314.09567
312.69568,314.8957,315.8957,316.7957,316.09567,310.69568,315.99567,315.99567,315.49567,313.8957,316.59567,315.59567,319.49567,319.09567,319.59567,320.3957,317.69568,317.99567,317.59567,317.19568,317.7957,320.3957,319.59567,315.3957,313.69568,310.19568,301.3957,305.69568,303.09567,308.19568,306.19568,309.59567,315.2957,312.69568,312.2957,317.09567,317.3957,289.8957,314.59567,316.7957,312.69568
310.19568,308.2957,313.19568,312.7957,314.59567,314.69568,317.59567,316.69568,316.7957,315.7957,315.2957,315.7957,315.19568,318.59567,317.99567,321.69568,319.69568,320.3957,317.8957,317.49567,314.2957,314.09567,315.69568,314.49567,301.19568,308.2957,303.19568,303.7957,303.2957,302.8957,306.09567,304.69568,310.69568,312.59567,313.49567,309.49567,308.19568,306.8957,299.49567,295.49567,299.3957
308.59567,304.09567,304.49567,310.59567,312.49567,309.19568,312.59567,312.8957,313.2957,313.19568,310.99567,310.99567,312.3957,311.2957,313.3957,314.49567,315.19568,317.69568,319.2957,316.09567,314.49567,313.8957,313.7957,313.49567,312.8957,308.69568,309.59567,306.3957,303.99567,307.2957,306.7957,308.2957,311.59567,311.19568,312.59567,309.49567,299.8957,297.99567,299.09567,297.69568,299.09567
302.59567,302.49567,300.19568,306.49567,308.2957,310.2957,309.49567,310.3957,309.19568,306.19568,308.3957,309.59567,310.69568,308.99567,309.3957,310.49567,311.09567,312.3957,315.3957,312.09567,311.2957,310.3957,308.59567,310.49567,310.8957,311.09567,307.8957,310.49567,311.2957,312.49567,309.69568,309.69568,306.8957,307.8957,309.2957,303.3957,297.3957,295.99567,297.8957,295.2957,294.7957
296.8957,297.09567,298.49567,304.3957,303.99567,301.8957,297.8957,295.69568,305.99567,302.8957,303.09567,304.7957,304.69568,305.2957,305.3957,306.49567,307.59567,300.8957,308.2957,298.19568,304.49567,303.3957,306.2957,308.2957,307.3957,307.8957,309.09567,310.8957,312.69568,310.99567,305.59567,304.99567,303.69568,303.69568,302.09567,305.3957,300.3957,300.59567,299.2957,299.49567,298.99567
289.59567,290.09567,289.49567,289.7957,290.3957,289.59567,288.49567,293.2957,302.09567,298.19568,295.69568,298.69568,301.09567,300.49567,299.99567,301.09567,302.49567,302.7957,303.59567,301.49567,300.69568,302.19568,303.59567,302.69568,305.59567,307.09567,309.3957,306.8957,309.09567,306.69568,306.69568,303.2957,303.19568,303.7957,302.09567,299.2957,299.49567,300.09567,299.2957,298.2957,299.2957
295.09567,295.59567,294.09567,296.7957,295.19568,295.3957,297.3957,297.2957,297.2957,297.59567,292.49567,292.09567,298.2957,295.8957,290.99567,292.69568,291.8957,296.19568,298.99567,297.7957,299.19568,298.59567,300.3957,302.3957,303.99567,305.7957,305.2957,305.3957,304.8957,303.99567,303.7957,302.7957,301.49567,299.99567,298.3957,297.8957,297.49567,297.19568,297.8957,297.19568,297.49567
290.7957,294.7957,291.59567,294.8957,295.19568,294.49567,294.69568,295.59567,296.99567,298.09567,293.3957,296.49567,292.3957,294.59567,290.49567,291.3957,298.99567,299.69568,300.49567,299.69568,299.19568,299.7957,300.59567,300.2957,301.59567,301.69568,301.8957,302.8957,302.2957,301.69568,298.49567,292.99567,299.19568,297.49567,297.49567,295.8957,297.49567,297.2957,297.99567,298.49567,296.99567
