wind_kz.json
{"header": {"discipline":0,"disciplineName":"Meteorological products","gribEdition":2,"gribLength":948,"center":7,"centerName":"US National Weather Service - NCEP(WMC)","subcenter":0,"refTime":"2023-08-07T06:00:00.000Z","significanceOfRT":1,"significanceOfRTName":"Start of forecast","productStatus":0,"productStatusName":"Operational products","productType":1,"productTypeName":"Forecast products","productDefinitionTemplate":0,"productDefinitionTemplateName":"Analysis/forecast at horizontal level/layer at a point in time","parameterCategory":0,"parameterCategoryName":"UnknownDiscipline_0_Category_0","parameterNumber":0,"parameterNumberName":"UnknownParameter_D0_C0_0","parameterUnit":"Unknown","genProcessType":2,"genProcessTypeName":"Forecast","forecastTime":0,"surface1Type":1,"surface1TypeName":"Ground or water surface","surface1Value":0.0,"surface2Type":255,"surface2TypeName":"Missing","surface2Value":0.0,"gridDefinitionTemplate":0,"gridDefinitionTemplateName":"Latitude_Longitude","numberPoints":615,"shape":6,"shapeName":"Earth spherical with radius of 6,371,229.0 m","gridUnits":"degrees","resolution":48,"winds":"true","scanMode":64,"nx":41,"ny":15,"basicAngle":0,"lo1":47.0,"la1":41.0,"lo2":87.0,"la2":55.0,"dx":1.0,"dy":1.0}, "data":
[rows 0 to 14 of 15, columns 0 to 40 of 41]
313.0766,301.9766,314.17657,298.27658,298.27658,297.5766,315.67657,326.9766,322.9766,321.27658,322.0766,322.5766,320.3766,320.0766,320.4766,321.9766,322.3766,320.3766,329.77658,324.77658,327.4766,317.17657,316.67657,307.9766,313.4766,311.4766,301.3766,281.77658,293.67657,299.27658,293.17657,293.5766,304.27658,319.27658,313.5766,317.17657,321.4766,324.3766,326.17657,323.3766,327.3766
291.4766,309.9766,298.27658,298.9766,299.8766,297.4766,325.9766,324.0766,321.4766,320.3766,320.8766,319.9766,318.8766,318.5766,322.27658,323.17657,325.8766,328.77658,325.67657,328.8766,328.77658,315.9766,314.9766,289.9766,297.3766,281.0766,295.0766,282.9766,298.8766,289.8766,297.27658,296.77658,296.8766,276.8766,286.3766,303.0766,304.8766,319.8766,313.67657,312.67657,285.4766
314.17657,298.17657,299.0766,299.3766,296.8766,319.77658,321.0766,322.4766,318.77658,318.9766,318.3766,318.0766,318.4766,318.77658,320.5766,324.0766,324.17657,323.77658,325.3766,326.3766,322.5766,323.27658,319.5766,312.0766,314.77658,305.77658,318.8766,309.27658,300.0766,293.8766,280.5766,286.8766,302.0766,312.9766,305.77658,298.9766,290.67657,302.4766,306.0766,291.8766,294.77658
314.77658,299.0766,299.3766,298.8766,304.3766,321.67657,322.0766,321.4766,320.9766,319.77658,318.5766,317.4766,296.9766,296.27658,319.0766,326.4766,321.67657,323.8766,325.67657,326.0766,318.77658,313.8766,321.27658,319.8766,321.17657,320.9766,318.8766,302.0766,297.17657,302.27658,312.67657,317.3766,319.0766,320.67657,315.27658,307.8766,296.9766,292.77658,303.77658,317.4766,324.27658
315.67657,299.77658,300.27658,300.27658,310.3766,319.4766,319.67657,322.67657,319.9766,318.0766,317.77658,309.9766,297.4766,296.67657,293.4766,302.8766,303.67657,315.5766,314.77658,317.67657,319.8766,316.67657,325.5766,321.4766,323.77658,323.27658,320.0766,312.27658,319.4766,319.67657,310.0766,300.9766,284.5766,282.8766,297.77658,310.3766,306.8766,326.17657,324.9766,323.3766,329.27658
316.5766,318.17657,299.8766,300.17657,300.17657,299.4766,321.67657,321.77658,317.17657,316.67657,316.67657,317.67657,299.67657,296.3766,297.77658,317.8766,298.5766,300.3766,313.27658,316.3766,319.17657,319.17657,320.17657,318.27658,320.27658,320.27658,320.4766,294.27658,319.27658,319.9766,317.8766,314.3766,320.0766,316.67657,306.9766,300.8766,290.8766,299.77658,322.67657,326.5766,317.67657
317.77658,316.8766,316.4766,317.27658,311.67657,316.9766,320.3766,318.77658,317.67657,316.9766,314.67657,315.4766,314.77658,316.4766,316.8766,312.27658,314.77658,314.4766,314.0766,318.8766,320.0766,320.8766,318.27658,320.4766,320.0766,321.17657,325.27658,323.4766,323.3766,321.8766,323.5766,321.17657,324.8766,319.0766,315.27658,305.67657,305.8766,290.77658,290.4766,294.27658,311.4766
315.5766,315.5766,315.17657,314.8766,314.9766,315.4766,316.17657,314.0766,313.17657,314.27658,313.67657,312.8766,314.0766,314.0766,315.27658,313.77658,315.17657,300.4766,301.0766,318.9766,316.77658,318.5766,316.77658,315.27658,316.3766,323.0766,311.5766,320.9766,310.17657,314.8766,315.77658,316.5766,314.5766,308.17657,307.77658,307.67657,300.0766,289.3766,294.77658,295.9766,308.9766
314.17657,312.5766,313.0766,313.27658,313.3766,314.0766,313.27658,312.0766,311.5766,311.27658,310.77658,310.9766,310.9766,311.5766,308.77658,314.0766,312.3766,314.0766,313.8766,315.0766,316.0766,315.9766,314.77658,315.5766,314.4766,313.0766,312.27658,310.9766,308.4766,308.3766,310.27658,310.0766,304.77658,295.27658,291.0766,294.8766,303.5766,295.77658,290.8766,290.17657,289.8766
310.5766,307.5766,309.8766,311.5766,311.77658,312.3766,310.9766,310.27658,309.0766,308.67657,308.27658,307.3766,308.0766,308.9766,308.5766,310.27658,308.9766,311.67657,313.5766,315.3766,313.67657,313.4766,313.77658,314.27658,310.4766,306.77658,307.9766,308.67657,305.67657,307.67657,308.5766,308.3766,313.8766,309.0766,305.9766,301.3766,290.67657,293.5766,296.27658,296.27658,291.67657
307.5766,306.9766,307.0766,307.17657,305.9766,308.67657,308.9766,308.27658,306.5766,306.5766,306.3766,305.9766,305.77658,304.8766,306.77658,307.17657,306.67657,308.17657,310.27658,309.5766,310.9766,310.67657,306.27658,306.9766,307.0766,305.9766,305.17657,306.0766,307.17657,306.9766,312.0766,309.9766,306.27658,308.3766,310.4766,305.77658,291.77658,290.9766,295.0766,289.5766,288.67657
304.77658,306.4766,307.3766,306.17657,305.5766,305.17657,305.77658,305.3766,305.17657,304.8766,303.67657,301.8766,303.5766,301.0766,301.8766,303.4766,305.0766,305.3766,295.3766,306.5766,304.67657,304.5766,304.77658,291.8766,294.0766,303.77658,305.9766,307.5766,309.27658,305.9766,305.27658,306.5766,303.8766,307.77658,303.27658,304.67657,301.67657,299.3766,297.5766,298.9766,299.9766
299.67657,303.8766,305.67657,304.9766,302.77658,302.3766,304.8766,304.67657,304.17657,302.4766,297.67657,299.0766,300.17657,298.77658,298.9766,301.0766,302.27658,302.9766,306.27658,304.3766,303.3766,303.8766,304.27658,301.9766,305.0766,306.77658,307.5766,306.3766,307.4766,305.5766,305.9766,305.8766,303.4766,304.5766,304.0766,301.0766,301.4766,300.77658,300.9766,300.67657,297.8766
301.4766,302.77658,298.4766,304.3766,303.4766,303.27658,302.17657,299.9766,301.67657,302.17657,296.9766,296.77658,297.8766,294.9766,297.27658,294.77658,301.4766,302.77658,305.4766,303.5766,296.8766,304.17657,302.8766,303.5766,304.3766,306.27658,305.5766,303.77658,303.3766,305.27658,304.5766,305.3766,304.17657,304.17657,301.77658,302.17657,300.5766,300.4766,301.3766,296.3766,297.67657
298.77658,302.3766,292.9766,301.0766,301.5766,301.8766,301.0766,300.4766,301.77658,301.4766,298.9766,297.4766,291.9766,294.4766,293.67657,298.27658,302.17657,299.8766,295.8766,302.9766,303.27658,303.5766,304.3766,304.3766,304.3766,304.3766,304.27658,304.0766,302.4766,303.0766,301.8766,295.5766,304.3766,302.17657,302.67657,304.17657,302.4766,299.5766,303.0766,304.3766,298.17657
