wind_kz.json
{"header": {"discipline":0,"disciplineName":"Meteorological products","gribEdition":2,"gribLength":1025,"center":7,"centerName":"US National Weather Service - NCEP(WMC)","subcenter":0,"refTime":"2024-01-31T00:00:00.000Z","significanceOfRT":1,"significanceOfRTName":"Start of forecast","productStatus":0,"productStatusName":"Operational products","productType":1,"productTypeName":"Forecast products","productDefinitionTemplate":0,"productDefinitionTemplateName":"Analysis/forecast at horizontal level/layer at a point in time","parameterCategory":2,"parameterCategoryName":"UnknownDiscipline_0_Category_2","parameterNumber":2,"parameterNumberName":"UnknownParameter_D0_C2_2","parameterUnit":"Unknown","genProcessType":2,"genProcessTypeName":"Forecast","forecastTime":60,"surface1Type":103,"surface1TypeName":"Specified height level above ground","surface1Value":10.0,"surface2Type":255,"surface2TypeName":"Missing","surface2Value":0.0,"gridDefinitionTemplate":0,"gridDefinitionTemplateName":"Latitude_Longitude","numberPoints":615,"shape":6,"shapeName":"Earth spherical with radius of 6,371,229.0 m","gridUnits":"degrees","resolution":48,"winds":"true","scanMode":64,"nx":41,"ny":15,"basicAngle":0,"lo1":47.0,"la1":41.0,"lo2":87.0,"la2":55.0,"dx":1.0,"dy":1.0}, "data":
[rows 0 to 14 of 15, columns 0 to 40 of 41]
2.706692,1.0566919,-1.9133081,0.8166919,0.3266919,-2.3433082,-2.773308,-4.473308,-6.643308,-6.163308,-6.2733083,-6.4633083,-6.283308,-6.103308,-6.053308,-5.633308,-5.103308,-5.163308,-6.4633083,-7.953308,-6.123308,-3.473308,-1.3333081,-2.6133082,-2.6333082,0.7966919,-1.8933082,-1.3333081,1.246692,0.3566919,-1.2933081,2.796692,-0.3433081,-0.7033081,-0.86330813,-0.063308105,0.82669187,0.14669189,-1.0833081,-1.8433081,-0.67330813
-0.8533081,-2.1533082,-0.8833081,0.9166919,2.006692,0.5966919,-1.883308,-4.373308,-4.5433083,-5.403308,-5.7333083,-5.513308,-4.533308,-4.623308,-4.443308,-3.9333081,-4.083308,-3.9133081,-5.173308,-5.053308,-4.383308,-4.113308,-2.1133082,-3.713308,0.016691895,-0.31330812,-1.5233082,-0.023308106,-2.543308,-0.7233081,0.17669189,-1.253308,4.546692,-2.273308,0.5366919,0.4466919,0.30669188,0.2866919,-2.193308,-0.5933081,-1.2733082
-0.7933081,1.4166919,2.3766918,2.8366919,3.5866919,2.8766918,2.286692,-1.1433082,-2.8733082,-2.6333082,-2.5833082,-2.6333082,-1.9633081,-3.3933082,-2.563308,-2.503308,-3.6133082,-3.3833082,-3.543308,-3.703308,-3.6233082,-4.103308,-2.743308,-2.3833082,-2.6633081,-2.1433082,-2.773308,-2.1333082,0.1266919,-0.7833081,-0.7733081,0.6966919,0.4166919,-0.063308105,-0.6033081,-1.6533082,1.1066918,0.046691895,0.17669189,1.0966918,-1.8433081
2.956692,3.276692,4.616692,4.346692,4.376692,1.1566919,2.176692,1.496692,1.746692,0.3466919,0.2166919,-0.8833081,0.20669189,-0.1933081,-1.0233082,-1.383308,-1.253308,-1.5533081,-1.8633081,-2.1633081,-3.053308,-1.253308,-2.8633082,-2.6433082,-3.1533082,-2.8333082,-2.4233081,-2.013308,-0.6633081,-0.47330812,-1.883308,-2.713308,-1.0233082,-0.6633081,-0.2733081,-0.2933081,-0.6933081,1.496692,-0.2233081,-0.3333081,-0.13330811
4.4566917,3.926692,3.516692,3.4166918,3.456692,2.546692,3.726692,2.546692,0.9866919,0.2466919,0.8666919,2.5766919,4.106692,4.076692,3.046692,0.2966919,-0.08330811,-0.4933081,-0.4133081,-0.13330811,-0.2233081,-2.3333082,-3.1033082,-3.1833081,-2.783308,-1.6433082,0.5466919,1.0966918,1.2166919,2.206692,2.026692,0.4466919,0.036691893,1.9466919,-1.5333081,-0.24330811,-2.3933082,-2.973308,-2.213308,-2.233308,-1.8533081
5.7066917,4.596692,2.706692,3.756692,3.236692,3.006692,4.2066917,4.2266917,1.9366919,1.7766919,1.8166919,1.8766919,4.776692,6.406692,3.466692,1.2966919,1.5466919,0.9666919,1.2866919,0.5866919,0.7866919,1.3066919,0.9766919,1.6966919,1.4166919,1.3266919,1.8866919,1.9266919,1.4666919,2.056692,2.476692,2.806692,3.796692,1.9766918,-0.6033081,-1.3333081,1.2166919,1.5966918,0.3466919,-0.7933081,-1.0733081
5.306692,5.166692,5.4966917,5.2066917,2.9066918,4.056692,3.9166918,4.096692,2.8466918,2.696692,2.266692,3.0666919,2.5866919,3.496692,3.746692,3.3166919,2.8166919,2.8366919,1.496692,1.2766919,2.996692,1.6966919,0.7266919,0.5466919,0.6466919,0.5566919,1.4466919,2.056692,1.746692,1.8366919,2.286692,3.216692,2.1166918,0.9366919,-3.9133081,-2.443308,-0.8033081,2.986692,-1.4633081,0.7666919,0.1566919
5.7266917,5.4566917,4.4366918,4.276692,3.716692,3.8166919,3.3566918,3.196692,5.2866917,3.976692,4.326692,5.166692,4.086692,4.396692,3.3366919,4.076692,4.396692,2.9066918,2.1366918,1.8366919,0.9166919,-0.103308104,0.2166919,0.5166919,0.5966919,0.8166919,2.506692,-0.13330811,2.676692,2.456692,2.286692,3.6666918,3.4166918,4.116692,3.0966918,-0.7133081,-0.9333081,-6.7733083,-4.643308,-3.783308,-1.2733082
5.586692,5.376692,4.886692,4.376692,3.8366919,3.8666918,3.8166919,3.8266919,4.466692,5.196692,6.026692,5.796692,6.4766917,3.426692,3.196692,2.5666919,3.0666919,3.226692,1.3966919,0.88669187,0.49669188,0.8666919,0.5966919,0.2866919,1.4366919,1.5666919,2.3866918,0.5266919,2.8166919,0.7366919,2.976692,4.526692,7.156692,5.366692,2.686692,-2.543308,1.0466919,-1.0633081,-1.6433082,0.4466919,0.23669189
5.416692,5.466692,4.596692,4.656692,3.806692,3.0666919,3.0666919,4.056692,4.2266917,4.346692,4.896692,5.276692,3.976692,1.8066919,2.3666918,0.6266919,0.4566919,0.5966919,-0.8133081,-1.2333081,-0.013308105,-0.1633081,-0.4633081,0.3766919,0.7766919,1.6866919,2.5966918,4.316692,5.646692,7.9966917,5.7866917,6.696692,5.4366918,6.376692,2.3366919,-0.4033081,-1.4533081,-0.8533081,-1.7933081,0.1966919,0.0666919
5.196692,4.666692,3.496692,3.3366919,3.3766918,3.196692,3.226692,4.046692,3.3266919,2.756692,2.8666918,3.1166918,1.1766919,1.7266918,-0.1633081,-1.4033082,-1.6733081,-2.293308,-2.803308,-1.3933082,-1.003308,-1.6633081,-0.4333081,0.4766919,1.246692,1.236692,5.316692,6.046692,7.4766917,8.346692,6.1866918,5.326692,2.9166918,3.0966918,3.1466918,0.3466919,0.6766919,-0.3733081,-1.5333081,1.1766919,-0.9133081
4.636692,4.006692,3.3766918,2.766692,3.0866919,2.8566918,1.7866919,1.986692,1.616692,0.1966919,0.6466919,-0.7033081,-1.0633081,-0.8933081,-1.4233081,-1.3133081,-1.7833081,-2.243308,-2.243308,-1.8633081,-1.3533081,-0.3233081,0.056691896,0.3566919,2.246692,2.996692,5.526692,5.986692,5.546692,2.466692,1.5466919,1.5366919,1.246692,1.7066919,2.8166919,1.1566919,0.57669187,-1.3633081,-0.8433081,-1.1633081,-0.4533081
4.136692,3.536692,2.6666918,2.996692,2.946692,0.5166919,0.2866919,0.8966919,0.3566919,-1.2333081,-0.6833081,-1.1633081,-0.9733081,-1.3933082,-1.8933082,-2.283308,-2.043308,-2.1233082,-1.9533081,-1.3433081,-1.0233082,-0.44330812,0.23669189,0.2466919,1.0166919,1.6566919,3.1366918,4.716692,3.486692,1.746692,0.6966919,1.3166919,1.0466919,0.49669188,4.486692,-0.7733081,-1.3433081,-1.4033082,-1.513308,-1.6533082,0.08669189
4.366692,3.1366918,2.6166918,2.6166918,1.2266918,0.3366919,0.63669187,0.82669187,-0.2933081,-1.2333081,-1.2833081,-1.6533082,-0.3733081,-1.263308,-1.3733081,-1.9333081,-2.063308,-2.4333081,-1.8233081,-1.5633081,-0.9133081,-0.21330811,-0.0733081,0.46669188,1.6866919,2.216692,2.196692,2.266692,0.8766919,0.6966919,1.6366919,1.5366919,1.4166919,1.5666919,-0.3233081,-1.5633081,-1.2433081,-1.4733081,-1.9133081,0.7866919,0.9966919
3.3666918,2.6466918,2.296692,1.7266918,1.1566919,0.6566919,0.6466919,-0.15330811,-1.4033082,-1.3433081,-1.1733081,-1.6033081,-1.1733081,-0.4533081,-1.2833081,-2.1533082,-2.533308,-2.463308,-1.5933081,-1.633308,-1.133308,-0.7333081,-0.1733081,0.30669188,1.5566919,1.7766919,1.1466919,-0.043308105,-0.1433081,-1.4733081,-1.6933081,-2.1033082,-2.283308,-2.703308,-2.283308,-2.213308,-1.7433081,-1.4033082,-2.3933082,-0.9033081,0.8666919
