wind_kz.json
{"header": {"discipline":0,"disciplineName":"Meteorological products","gribEdition":2,"gribLength":1025,"center":7,"centerName":"US National Weather Service - NCEP(WMC)","subcenter":0,"refTime":"2023-08-26T06:00:00.000Z","significanceOfRT":1,"significanceOfRTName":"Start of forecast","productStatus":0,"productStatusName":"Operational products","productType":1,"productTypeName":"Forecast products","productDefinitionTemplate":0,"productDefinitionTemplateName":"Analysis/forecast at horizontal level/layer at a point in time","parameterCategory":2,"parameterCategoryName":"UnknownDiscipline_0_Category_2","parameterNumber":3,"parameterNumberName":"UnknownParameter_D0_C2_3","parameterUnit":"Unknown","genProcessType":2,"genProcessTypeName":"Forecast","forecastTime":120,"surface1Type":103,"surface1TypeName":"Specified height level above ground","surface1Value":10.0,"surface2Type":255,"surface2TypeName":"Missing","surface2Value":0.0,"gridDefinitionTemplate":0,"gridDefinitionTemplateName":"Latitude_Longitude","numberPoints":615,"shape":6,"shapeName":"Earth spherical with radius of 6,371,229.0 m","gridUnits":"degrees","resolution":48,"winds":"true","scanMode":64,"nx":41,"ny":15,"basicAngle":0,"lo1":47.0,"la1":41.0,"lo2":87.0,"la2":55.0,"dx":1.0,"dy":1.0}, "data":
[rows 0 to 14 of 15, columns 0 to 40 of 41]
1.5482935,1.8482934,-2.3517065,6.3482933,2.6882935,0.26829347,1.3782935,2.2282934,2.8782935,2.6282935,2.4482934,1.8882935,1.6882935,1.2282934,-0.36170655,-1.6617066,-2.6617064,-2.2417066,-2.4517066,-1.9217066,-2.6017065,-3.7617066,-2.1617064,2.1282935,4.5582933,0.31829345,-0.9617065,0.64829344,-2.3917065,2.0082934,1.5382935,2.6682935,0.82829344,-0.62170655,-0.42170656,1.9782934,2.2082934,1.7082934,0.57829344,-0.15170655,-0.30170655
-1.8917066,0.8482935,2.9682934,2.4182935,1.0782934,-1.0317066,1.3082935,1.5482935,2.5082934,2.1982934,1.1882935,2.1382935,1.7082934,1.6282935,1.4082935,1.0182935,0.34829345,-0.47170654,-0.91170657,-1.2817066,-2.0217066,-2.0117066,-3.3517065,1.5182935,4.3982935,3.1182935,0.81829345,4.6082935,-0.021706544,2.9982934,-0.87170655,4.0182934,2.2582934,2.5782936,3.1982934,2.7282934,2.6182935,3.8382936,1.9382935,1.8882935,-0.46170655
-1.6717066,5.2882934,2.5982935,0.83829343,-0.31170654,0.25829345,0.7182934,-1.0317066,0.9182935,1.2982935,1.0582935,0.07829346,0.64829344,0.27829346,0.93829346,1.6582935,1.7682935,-0.75170654,0.18829346,-1.2317065,-0.47170654,-0.6417065,-0.50170654,0.95829344,-2.3617065,-3.2517066,-1.4817065,-2.5617065,0.55829346,-0.35170653,0.49829346,1.0582935,-5.0017066,1.9582934,-0.24170655,-4.7517066,-0.081706546,2.7182934,-1.0417066,1.0382935,-0.5917065
0.81829345,1.8982935,0.88829345,0.63829345,1.0282935,-0.25170654,-0.8417065,-1.2317065,-0.74170655,-0.93170655,-0.66170657,-0.35170653,-0.80170655,0.028293457,-0.041706543,0.048293456,0.80829346,0.83829343,1.2082934,1.3482934,1.0282935,1.2282934,-2.3117065,1.3082935,-0.38170654,0.98829347,-0.76170653,-2.0917065,-0.37170655,-4.5817065,-4.8717065,-7.1417065,2.4882934,2.5982935,1.9082935,2.5382934,3.2482934,1.8282934,-3.8317065,-4.2717066,-0.56170654
-0.28170654,-0.25170654,-0.11170654,-0.9017065,-0.05170654,2.2682934,1.7082934,1.0582935,-0.94170654,-2.2617066,-1.0517066,-0.47170654,-0.091706544,0.34829345,0.28829345,0.7282935,1.2582935,1.1982934,2.0382934,1.7882935,2.2382934,1.3382934,1.5282935,1.4982934,0.48829347,-0.091706544,1.5382935,3.1282935,-2.8517065,-1.4417065,-2.7617066,-2.5817065,-2.7917066,1.2482934,-0.29170653,1.3782935,-1.8917066,0.64829344,-4.1117067,-0.42170656,2.1982934
-1.5817065,-2.3317065,-1.0717065,-2.5817065,-3.5017066,-3.7117066,-3.3917065,-2.2517066,-1.6317066,-1.5517066,-0.54170656,-1.2817066,-0.38170654,0.9082935,1.0182935,-1.5317066,0.16829346,2.7182934,1.5382935,2.1482935,2.6282935,2.3782935,3.2082934,4.0782933,1.8782935,0.56829345,0.33829346,1.6882935,-1.4417065,-2.0417066,0.8482935,0.6682935,1.5282935,-1.2717066,0.10829346,-5.0217066,-1.4917065,-10.191707,-2.7817066,-0.69170654,2.4282935
-2.7717066,-3.5917065,-3.1417065,-2.5217066,-2.5817065,-2.9717066,-2.7417066,-2.6717064,-2.1117065,-1.6617066,-1.7317065,0.75829345,0.44829345,0.45829347,1.4782934,1.0082935,1.8882935,1.6282935,2.6082935,1.5382935,4.0282936,3.9682934,4.3582935,4.6282935,4.6182933,2.5182934,1.6382935,2.0282934,3.1882935,5.5582933,5.5282936,4.5182934,3.9882934,2.6182935,-3.6017065,-3.0617065,2.7182934,4.7382936,1.3682934,4.4682937,6.7582936
-3.6817064,-6.3517065,-3.7017066,-4.1917067,-3.2717066,-3.7517066,-3.7717066,-3.0717065,-3.4217064,-3.3117065,-3.3317065,-1.2417065,-2.0517066,-1.0617065,-1.6217065,-0.11170654,1.0882934,1.4782934,2.8782935,4.0782933,5.4882936,5.8682933,5.3282933,5.9382935,5.0282936,5.5082936,4.2682934,3.2082934,3.6582935,4.0982933,3.9082935,5.678293,3.2782934,2.1482935,1.8982935,-2.4217064,-5.7417064,-1.6417066,2.6582935,2.5782936,6.2482934
-4.3117065,-5.3417068,-4.5917068,-3.5917065,-4.2017064,-4.7417064,-4.5317063,-4.2517066,-3.6117065,-3.4317064,-3.2717066,-2.9417067,-2.7217066,-3.9917066,-2.8917065,-1.4717065,-0.091706544,-0.39170656,2.2482934,3.6282935,4.3382936,6.4582934,8.1482935,7.2382936,6.7382936,6.1882935,5.3982935,6.0082936,5.3282933,4.8782935,5.0382934,5.4682937,1.8982935,4.5382934,1.6382935,-5.1817064,-4.8817067,1.0482935,4.5482936,2.6582935,2.3582935
-4.8117065,-4.4217067,-4.4917064,-3.7417066,-4.9117064,-5.3717065,-5.4517064,-4.9917064,-4.2217064,-3.2417066,-3.8317065,-4.5617065,-4.8117065,-4.9917064,-2.0117066,-1.0517066,-1.7317065,-0.47170654,-0.43170655,4.2682934,5.0582933,5.7082934,6.8882933,7.2982936,8.3982935,5.7882934,6.8482933,6.5582933,5.7682934,4.5082936,3.4382935,1.3882935,-0.47170654,4.9182935,3.3282936,-1.5817065,0.048293456,2.3382936,1.9182935,1.3782935,2.1982934
-4.2117066,-4.3517065,-4.6317067,-5.3617067,-5.7617064,-5.5617065,-4.8617067,-6.3517065,-5.4517064,-5.4717064,-5.0017066,-4.6517067,-3.5217066,-2.7017066,-2.9017065,-2.6817064,-2.7117066,-1.7417065,1.3082935,4.4082932,5.8782935,2.6882935,6.2182937,6.4882936,3.5582933,6.8982935,6.3282933,6.8882933,5.6882935,4.2882934,4.0482936,3.4582934,2.7682934,4.1682935,6.678293,-0.41170654,1.0282935,1.6082934,3.1282935,1.6882935,1.7282934
-3.9317064,-4.4217067,-4.7417064,-5.6317067,-6.2217064,-5.9917064,-7.4017067,-6.4517064,-6.5017066,-6.0217066,-4.3917065,-4.0617065,-1.3817066,-4.0317063,-5.4417067,-5.5417066,-4.1417065,-1.5917065,1.0782934,2.4882934,4.2182937,5.8782935,6.4882936,6.3982935,7.2482934,7.2582936,6.678293,6.2982936,6.0882936,5.2582936,3.1982934,4.3782935,4.2082934,4.1282935,1.9882934,2.0182934,0.93829346,0.018293457,-2.2617066,0.9082935,-0.34170654
-3.5517066,-4.571707,-5.2517066,-5.2017064,-5.1117067,-5.5917068,-6.8917065,-6.6517067,-7.8517065,-4.6617064,-1.8517065,-2.8317065,-3.7517066,-5.6717067,-6.9117064,-5.3817067,-4.9917064,-3.2717066,-2.4117064,0.98829347,5.2782936,8.198294,6.5582933,7.5282936,7.9082932,7.7982936,5.6982937,5.8082933,5.5682936,2.8282936,5.6182933,6.9982934,4.8882933,1.9382935,2.2182934,1.3682934,-3.2317066,1.2382934,3.7482934,1.7582935,1.6882935
-4.0117064,-5.3917065,-6.4317064,-5.4917064,-7.1117067,-6.9017067,-6.4717064,-6.5817065,-6.4017067,-6.4717064,-3.0917065,-1.1817065,-4.1117067,-6.2717066,-6.1017065,-6.3317065,-5.3417068,-4.8617067,-4.1417065,-1.8517065,2.6182935,5.8082933,7.3282933,7.3982935,6.0482936,7.2782936,6.3482933,4.8982935,4.5582933,4.7082934,2.4882934,5.1482935,4.5882936,3.6282935,3.7582934,-0.9617065,3.8882935,3.5282934,3.7782934,3.1382935,2.8482935
-3.1417065,-5.0517063,-6.3317065,-5.9617066,-7.4017067,-6.2517066,-5.7117066,-6.0917068,-5.9317064,-5.5817065,-3.6317065,-3.6017065,-1.7517066,-3.4017065,-7.4017067,-7.7617064,-6.8917065,-4.8717065,-4.0217066,-1.9717065,-1.0417066,0.86829346,2.3382936,2.6582935,5.7782936,5.2582936,4.2782936,6.8182936,5.3082933,3.4482934,2.0882936,1.9482934,3.8082933,1.8682934,2.8682935,0.64829344,5.3182936,6.4182935,3.8682935,3.7482934,1.5882934
