wind_kz.json
{"header": {"discipline":0,"disciplineName":"Meteorological products","gribEdition":2,"gribLength":948,"center":7,"centerName":"US National Weather Service - NCEP(WMC)","subcenter":0,"refTime":"2023-10-04T12:00:00.000Z","significanceOfRT":1,"significanceOfRTName":"Start of forecast","productStatus":0,"productStatusName":"Operational products","productType":1,"productTypeName":"Forecast products","productDefinitionTemplate":0,"productDefinitionTemplateName":"Analysis/forecast at horizontal level/layer at a point in time","parameterCategory":0,"parameterCategoryName":"UnknownDiscipline_0_Category_0","parameterNumber":0,"parameterNumberName":"UnknownParameter_D0_C0_0","parameterUnit":"Unknown","genProcessType":2,"genProcessTypeName":"Forecast","forecastTime":0,"surface1Type":1,"surface1TypeName":"Ground or water surface","surface1Value":0.0,"surface2Type":255,"surface2TypeName":"Missing","surface2Value":0.0,"gridDefinitionTemplate":0,"gridDefinitionTemplateName":"Latitude_Longitude","numberPoints":615,"shape":6,"shapeName":"Earth spherical with radius of 6,371,229.0 m","gridUnits":"degrees","resolution":48,"winds":"true","scanMode":64,"nx":41,"ny":15,"basicAngle":0,"lo1":47.0,"la1":41.0,"lo2":87.0,"la2":55.0,"dx":1.0,"dy":1.0}, "data":
[rows 0 to 14 of 15, columns 0 to 40 of 41]
290.85846,282.45844,286.65845,294.35846,294.25845,292.75845,299.05844,306.05844,306.45844,306.45844,304.75845,304.85846,302.75845,303.75845,303.35846,302.75845,302.55844,301.45844,302.15845,302.15845,303.45844,299.55844,301.15845,296.15845,297.95844,299.85846,295.25845,281.15845,278.55844,277.45844,274.95844,273.35846,287.65845,294.05844,295.45844,295.05844,294.75845,294.15845,294.95844,295.05844,292.75845
271.95844,289.85846,294.05844,293.95844,294.05844,292.35846,306.35846,304.75845,303.75845,303.65845,303.45844,302.55844,303.15845,302.15845,301.85846,301.65845,300.75845,300.75845,299.65845,300.05844,299.65845,298.75845,297.45844,289.75845,278.65845,280.35846,287.55844,280.35846,281.15845,275.45844,279.75845,269.25845,279.85846,254.35844,271.45844,291.45844,289.75845,291.85846,294.65845,287.05844,284.15845
291.25845,293.55844,293.55844,293.15845,291.45844,300.05844,299.45844,298.35846,298.35846,301.75845,300.85846,301.25845,301.45844,300.55844,299.75845,299.45844,298.65845,298.05844,298.35846,298.45844,298.75845,297.95844,298.05844,292.35846,294.65845,292.55844,293.35846,293.05844,292.45844,282.55844,271.05844,276.15845,281.15845,281.65845,283.05844,281.25845,274.65845,276.55844,279.25845,274.15845,271.55844
297.85846,292.35846,293.15845,292.25845,291.35846,292.55844,294.65845,295.55844,297.25845,301.15845,297.35846,297.25845,290.55844,289.95844,299.35846,298.35846,296.95844,297.15845,297.05844,297.25845,297.15845,292.45844,295.75845,295.85846,295.85846,295.75845,296.45844,292.75845,291.15845,291.75845,291.95844,289.35846,294.35846,291.55844,289.85846,285.05844,273.15845,262.75845,277.95844,285.75845,290.15845
303.25845,292.45844,292.55844,291.85846,293.75845,293.35846,292.05844,299.45844,297.95844,299.85846,298.85846,294.75845,289.75845,288.45844,287.25845,297.95844,297.35846,295.95844,295.55844,295.55844,296.05844,296.35846,295.05844,294.85846,294.55844,294.45844,291.65845,290.05844,292.55844,291.35846,293.95844,289.75845,277.45844,264.25845,280.75845,289.35846,291.65845,293.05844,295.45844,293.95844,292.85846
302.95844,297.85846,290.85846,291.05844,291.35846,290.85846,296.75845,296.35846,297.85846,297.85846,293.85846,297.15845,290.45844,289.55844,293.55844,296.45844,297.45844,295.85846,295.65845,295.85846,294.95844,294.15845,294.15845,293.65845,292.75845,290.65845,290.05844,288.55844,292.65845,293.25845,291.35846,292.55844,290.05844,288.05844,285.25845,288.15845,279.65845,283.15845,290.75845,291.55844,292.15845
299.05844,300.55844,299.25845,291.95844,295.45844,298.15845,297.75845,296.25845,297.75845,297.15845,296.85846,295.85846,295.95844,297.65845,296.45844,296.55844,296.45844,295.45844,295.25845,294.55844,293.75845,293.95844,293.95844,293.85846,291.95844,291.55844,290.65845,291.95844,291.15845,291.25845,290.65845,290.55844,290.45844,290.85846,288.15845,286.05844,280.95844,278.15845,276.75845,275.45844,285.85846
300.35846,300.65845,300.75845,298.05844,290.25845,292.95844,297.05844,295.85846,293.55844,296.25845,295.35846,295.15845,295.05844,296.35846,296.05844,295.25845,294.35846,295.25845,293.65845,291.75845,292.35846,292.25845,291.85846,291.55844,290.35846,287.95844,287.45844,288.25845,286.75845,288.35846,287.15845,288.15845,287.45844,284.05844,286.25845,286.75845,286.45844,285.95844,287.35846,287.25845,284.35846
301.35846,296.95844,300.45844,296.05844,295.25845,289.35846,289.55844,290.35846,293.75845,293.35846,293.55844,293.35846,292.35846,293.15845,293.45844,294.25845,292.65845,292.35846,291.25845,290.45844,289.25845,289.65845,290.05844,289.95844,288.35846,287.85846,285.65845,285.85846,284.25845,282.05844,282.55844,283.65845,285.65845,284.95844,285.15845,285.05844,284.55844,281.65845,272.65845,272.65845,271.85846
300.15845,298.65845,299.75845,299.25845,298.05844,296.75845,293.65845,292.25845,290.05844,294.25845,292.75845,291.65845,292.55844,291.15845,290.65845,290.75845,290.95844,290.55844,289.45844,289.15845,288.15845,288.25845,289.35846,289.15845,288.75845,287.15845,286.55844,286.05844,285.15845,284.75845,284.55844,284.35846,285.65845,286.85846,286.95844,284.55844,281.35846,276.85846,276.95844,274.55844,272.05844
296.75845,297.15845,296.95844,297.45844,297.95844,296.65845,296.45844,296.35846,295.35846,294.35846,292.05844,290.15845,291.15845,291.15845,290.65845,290.25845,289.55844,289.65845,289.05844,287.45844,287.55844,287.45844,287.55844,287.85846,287.05844,286.95844,284.85846,285.85846,285.95844,286.55844,286.05844,286.45844,284.15845,286.05844,286.15845,283.55844,281.15845,277.45844,277.75845,276.25845,276.25845
294.05844,295.35846,295.45844,295.75845,295.85846,295.85846,295.35846,295.45844,295.55844,294.55844,290.45844,287.95844,289.35846,290.05844,290.55844,290.45844,290.25845,289.15845,288.35846,287.25845,286.05844,285.15845,285.05844,285.85846,285.25845,286.15845,286.05844,285.45844,285.75845,285.35846,283.75845,283.25845,284.55844,282.25845,282.95844,281.55844,280.85846,279.25845,278.25845,279.05844,279.65845
290.55844,292.55844,292.95844,293.35846,292.95844,293.15845,293.75845,294.15845,293.75845,293.35846,289.35846,288.15845,290.15845,287.75845,288.25845,288.65845,290.25845,289.55844,289.25845,287.35846,285.95844,284.75845,283.95844,283.25845,284.95844,285.85846,286.75845,285.65845,284.95844,284.25845,283.95844,283.45844,282.95844,281.95844,281.45844,281.55844,280.55844,281.95844,278.75845,278.55844,278.35846
291.75845,292.05844,288.45844,291.75845,291.45844,291.25845,291.05844,290.45844,292.05844,291.85846,289.05844,285.85846,287.95844,289.45844,289.55844,289.65845,289.55844,288.25845,287.35846,288.35846,288.05844,287.45844,286.65845,286.25845,285.85846,285.65845,284.95844,285.05844,284.35846,284.05844,283.45844,282.25845,281.45844,280.25845,281.55844,279.65845,279.95844,279.55844,279.75845,277.75845,278.05844
290.55844,291.35846,285.25845,290.55844,290.55844,289.85846,289.85846,289.65845,290.45844,290.25845,289.35846,287.75845,286.15845,287.15845,288.55844,289.65845,289.15845,288.25845,288.55844,286.75845,286.55844,286.85846,287.35846,286.25845,285.95844,286.05844,285.75845,284.55844,284.15845,283.25845,283.05844,282.55844,281.25845,280.75845,280.75845,281.25845,280.45844,279.45844,280.25845,279.75845,279.25845
