wind_kz.json
{"header": {"discipline":0,"disciplineName":"Meteorological products","gribEdition":2,"gribLength":1025,"center":7,"centerName":"US National Weather Service - NCEP(WMC)","subcenter":0,"refTime":"2024-02-02T06:00:00.000Z","significanceOfRT":1,"significanceOfRTName":"Start of forecast","productStatus":0,"productStatusName":"Operational products","productType":1,"productTypeName":"Forecast products","productDefinitionTemplate":0,"productDefinitionTemplateName":"Analysis/forecast at horizontal level/layer at a point in time","parameterCategory":2,"parameterCategoryName":"UnknownDiscipline_0_Category_2","parameterNumber":3,"parameterNumberName":"UnknownParameter_D0_C2_3","parameterUnit":"Unknown","genProcessType":2,"genProcessTypeName":"Forecast","forecastTime":180,"surface1Type":103,"surface1TypeName":"Specified height level above ground","surface1Value":10.0,"surface2Type":255,"surface2TypeName":"Missing","surface2Value":0.0,"gridDefinitionTemplate":0,"gridDefinitionTemplateName":"Latitude_Longitude","numberPoints":615,"shape":6,"shapeName":"Earth spherical with radius of 6,371,229.0 m","gridUnits":"degrees","resolution":48,"winds":"true","scanMode":64,"nx":41,"ny":15,"basicAngle":0,"lo1":47.0,"la1":41.0,"lo2":87.0,"la2":55.0,"dx":1.0,"dy":1.0}, "data":
[rows 0 to 14 of 15, columns 0 to 40 of 41]
0.09584717,-3.5641527,0.7758472,-2.634153,3.4958472,2.7358472,2.4558473,1.4358472,1.4558471,1.7258471,2.0258472,2.5958471,2.4958472,1.8158472,1.5058472,0.40584716,-1.0441529,-1.6641529,-1.7341528,-1.0841528,0.5358472,-1.1841528,0.74584717,-1.4741528,-0.61415285,-2.4041529,-2.344153,-0.17415284,3.1958473,4.095847,-0.45415282,-2.824153,2.2458472,-0.10415283,0.11584717,0.6058472,0.21584716,0.44584715,0.30584717,-0.13415283,-1.0141529
4.4158473,1.0058472,-1.7741529,1.1058471,2.5158472,5.4558473,2.0758471,4.095847,3.655847,3.2558472,2.5058472,2.625847,2.6058471,2.1958473,1.2658472,0.8458472,0.55584717,-0.09415283,-1.0741528,-0.9641528,-0.79415286,-2.6441529,-0.5341528,1.5758471,-2.9841528,-3.0241528,-3.9341528,1.2758472,1.0258472,1.0158472,6.3158474,5.8358474,-0.22415283,-2.1841528,-4.924153,-2.9441528,-2.4441528,-2.1441529,-1.0041528,-0.5941528,0.39584717
-0.36415282,-1.8541528,-2.1641529,1.1558472,7.075847,6.095847,4.045847,4.195847,5.775847,4.0658474,4.495847,4.015847,3.2658472,3.4458473,3.375847,2.7558472,1.9658471,2.8558471,2.8458471,1.3758472,-1.5541528,-3.1541529,-1.9941528,-0.8841528,0.23584718,1.5858471,0.68584716,0.08584717,-0.48415282,3.5158472,4.3958473,2.885847,3.8358471,-2.3941529,-0.27415285,3.0058472,6.1858473,0.42584717,0.9658472,-0.67415285,-0.17415284
-2.0641527,-3.7341528,-3.7341528,-0.87415284,5.965847,7.015847,6.6058474,7.3158474,5.265847,4.8358474,4.2258472,3.925847,4.655847,5.3158474,3.895847,3.4658473,3.2358472,3.2058473,3.1958473,2.9958472,-0.40415284,-0.8841528,2.0958471,0.80584717,0.33584717,1.6858472,-0.06415283,-0.20415284,4.175847,5.385847,1.4958472,-0.24415283,-1.4641528,0.55584717,-1.2541528,-4.284153,-2.4341528,2.395847,4.215847,1.6758472,1.2958472
0.7758472,-2.1941528,-3.7941527,-1.3341528,0.22584717,2.4558473,3.6858473,6.495847,5.555847,4.925847,5.025847,4.8758473,4.8158474,4.6458473,4.7058473,4.045847,3.7058473,3.4958472,3.2858472,3.395847,2.2958472,2.0058472,1.1958472,0.33584717,0.015847169,-1.0141529,0.005847168,0.51584715,3.0158472,0.7758472,0.83584714,1.3758472,2.7558472,3.165847,-1.5241529,-1.5941528,-0.43415284,-0.56415284,-1.2341528,1.1258472,0.36584717
3.0458472,1.4358472,-0.7841528,-0.15415283,2.395847,2.8258471,4.235847,4.765847,4.615847,3.9358473,3.8358471,3.8058472,2.6058471,3.395847,3.365847,3.4558473,3.7858472,3.8558471,3.145847,3.2158473,2.8458471,4.115847,3.4358473,1.3658471,1.0958471,-0.28415284,-0.12415283,1.0558472,1.5058472,0.56584716,-1.0341529,-0.44415283,-0.114152834,-1.5641528,2.8358471,10.825848,4.3958473,5.3358474,0.21584716,-1.9341528,-1.9741528
2.8358471,3.0758471,3.7058473,3.2458472,2.675847,4.135847,4.485847,4.695847,4.365847,4.465847,4.3558474,2.7258472,3.625847,2.7358472,2.2058473,3.125847,3.135847,3.0558472,4.3158474,4.1858473,3.8358471,3.9358473,4.595847,4.4758472,2.6058471,1.7658472,-0.8941528,0.105847165,-1.0441529,0.83584714,-0.22415283,-2.364153,-3.0041528,1.6158471,-0.10415283,-2.0641527,-4.0641527,-0.32415283,0.43584716,-1.0741528,2.0358472
3.915847,3.1858473,4.595847,3.9658473,4.925847,3.875847,3.645847,4.135847,4.0858474,3.9858472,4.525847,4.235847,3.6058471,2.915847,2.5258472,2.8558471,2.415847,2.5358472,3.925847,4.675847,2.925847,3.5558472,3.5958471,5.4158473,4.965847,4.595847,5.805847,0.94584715,2.2458472,1.3958472,1.0958471,2.615847,1.3458471,1.4558471,0.5358472,-0.61415285,-0.44415283,1.6258472,-2.834153,0.7258472,-1.1341529
3.9358473,4.425847,4.745847,4.765847,4.5658474,5.3158474,5.9358473,4.795847,4.1058474,4.575847,4.045847,4.035847,2.8058472,2.8458471,2.905847,3.0258472,3.0458472,3.4458473,3.875847,3.865847,3.615847,3.0058472,4.925847,5.755847,7.045847,7.045847,6.015847,5.4558473,6.8558474,4.015847,6.305847,7.995847,10.735847,6.9758472,4.405847,4.995847,-2.1841528,1.7058471,1.6658472,1.1458472,-2.324153
5.055847,4.8958473,5.405847,4.535847,5.305847,5.1258473,5.7258472,6.675847,6.545847,6.155847,6.345847,6.295847,4.175847,3.8358471,3.6058471,3.0858471,2.905847,3.2358472,3.395847,3.7058473,4.6258473,3.7158473,3.5958471,5.945847,6.255847,6.795847,7.135847,6.825847,7.115847,6.805847,7.8558474,9.825848,9.855847,9.485847,10.685847,3.4458473,1.9558471,-1.4841528,1.4258472,5.3558474,4.775847
6.265847,6.4758472,6.5658474,6.015847,5.745847,6.325847,6.245847,5.2058473,4.965847,3.9758472,4.265847,3.3058472,4.015847,4.005847,3.0458472,2.7458472,3.0358472,3.0958471,3.665847,2.4358473,3.2658472,3.175847,2.4958472,3.2858472,4.3558474,5.9558473,6.1058474,7.5658474,7.905847,5.7058473,6.575847,5.545847,7.6258473,9.265847,12.005847,9.935847,6.095847,4.3158474,4.495847,2.5758471,0.62584716
6.575847,7.215847,7.745847,8.465847,8.615848,7.425847,5.825847,5.365847,3.415847,1.9958472,1.1558472,1.7858472,3.2958472,3.425847,3.175847,2.895847,2.5858471,1.9758471,2.2058473,2.3358471,1.0958471,1.6958472,2.1858473,2.7758472,2.7658472,3.115847,2.885847,3.8358471,4.5858474,5.095847,5.4758472,5.775847,6.545847,9.4458475,9.205847,12.035847,12.125847,8.4458475,3.2058473,3.2958472,1.6758472
6.1058474,8.645847,9.175847,8.995847,8.285847,6.005847,6.865847,6.195847,6.465847,2.645847,1.3858472,2.0858471,2.7458472,3.2158473,3.3458471,2.8458471,2.7258472,2.675847,2.4558473,2.145847,3.2658472,3.0758471,2.8058472,2.3158472,1.9258472,1.5158472,0.80584717,0.45584717,1.8758472,2.135847,4.595847,5.485847,6.775847,9.015847,9.915847,11.235847,11.255847,7.4358473,8.585847,4.385847,3.8458471
6.1458473,7.325847,8.125847,8.395847,8.495847,8.295847,7.7258472,6.795847,4.1458473,5.255847,3.0758471,0.57584715,1.7158471,3.915847,3.865847,3.3558471,3.5058472,3.7458472,3.2558472,3.2258472,3.0558472,3.175847,2.9358473,2.5858471,2.3558471,2.3358471,2.1858473,1.7658472,1.4558471,1.4158472,2.0158472,1.9358472,3.3158472,6.195847,7.6458473,9.405848,8.845847,8.765847,8.395847,7.5658474,8.845847
0.5458472,2.9558473,3.5458472,4.825847,4.4558473,2.9458473,3.7958472,4.325847,4.175847,4.3758473,1.9658471,2.5158472,2.665847,1.3558471,3.365847,2.8558471,2.9858472,3.0058472,3.405847,3.3058472,3.385847,3.3558471,3.1058471,3.0758471,2.915847,2.8458471,2.8558471,3.155847,2.8458471,2.875847,2.2858472,2.665847,3.2558472,2.0258472,7.3558474,7.965847,9.405848,10.485847,9.665847,9.585847,7.1058474
