wind_kz.json
{"header": {"discipline":0,"disciplineName":"Meteorological products","gribEdition":2,"gribLength":1102,"center":7,"centerName":"US National Weather Service - NCEP(WMC)","subcenter":0,"refTime":"2023-08-23T12:00:00.000Z","significanceOfRT":1,"significanceOfRTName":"Start of forecast","productStatus":0,"productStatusName":"Operational products","productType":1,"productTypeName":"Forecast products","productDefinitionTemplate":0,"productDefinitionTemplateName":"Analysis/forecast at horizontal level/layer at a point in time","parameterCategory":2,"parameterCategoryName":"UnknownDiscipline_0_Category_2","parameterNumber":2,"parameterNumberName":"UnknownParameter_D0_C2_2","parameterUnit":"Unknown","genProcessType":2,"genProcessTypeName":"Forecast","forecastTime":240,"surface1Type":103,"surface1TypeName":"Specified height level above ground","surface1Value":10.0,"surface2Type":255,"surface2TypeName":"Missing","surface2Value":0.0,"gridDefinitionTemplate":0,"gridDefinitionTemplateName":"Latitude_Longitude","numberPoints":615,"shape":6,"shapeName":"Earth spherical with radius of 6,371,229.0 m","gridUnits":"degrees","resolution":48,"winds":"true","scanMode":64,"nx":41,"ny":15,"basicAngle":0,"lo1":47.0,"la1":41.0,"lo2":87.0,"la2":55.0,"dx":1.0,"dy":1.0}, "data":
[rows 0 to 14 of 15, columns 0 to 40 of 41]
2.2418823,1.5318823,-2.5581176,1.5318823,3.5518823,4.4918823,6.6018825,-0.41811767,-1.1881176,-1.9181176,-3.4781177,-3.6681178,-3.2681177,-3.2481177,-2.7681177,-2.6581178,-1.8981177,-1.9681177,-4.5081177,-1.8381177,0.20188232,-0.18811768,2.6618824,3.7318823,0.07188232,-4.9581175,-4.058118,2.4918823,-0.5681177,-1.8181176,-1.5181177,-2.7881176,2.2818823,4.3018823,-3.3481176,-1.3381177,-2.9181178,-3.6281176,-4.7281175,-1.4081177,-7.9781175
1.2218823,-1.8981177,-0.29811767,-0.14811768,0.5018823,0.33188233,5.6218824,1.1918824,-0.028117675,-0.15811768,-3.4781177,-2.4781177,-2.5981176,-3.5781176,-3.6681178,-3.9981177,-4.638118,-3.8181176,-1.0881177,-1.1581177,-3.1381178,-1.1981177,1.0318823,2.0718822,1.3118824,0.48188233,-1.1481177,-0.8181177,0.11188232,-2.4381177,-0.21811767,-1.3381177,1.3118824,-1.3981177,-0.038117677,-1.9281176,-2.3581176,-2.0881176,-0.26811767,-4.7581177,-4.868118
0.11188232,-1.9981177,-0.118117675,0.4718823,2.6918824,5.0618825,4.9718823,1.3618823,1.9918823,0.9418823,0.5118823,-0.38811767,-2.6981177,-3.5781176,-3.4481177,-4.1481175,-5.158118,-5.098118,-4.408118,-2.6881177,-1.3181176,-7.328118,-7.2281175,-8.148118,-5.018118,-5.1981177,-2.9281178,-0.3081177,1.5018823,-1.4181176,0.35188234,-2.6781178,1.1518823,-1.5581176,-2.2081177,-0.64811766,0.11188232,0.5718823,1.4018823,-3.0281177,-1.0981177
4.1218824,-1.7881176,0.8218823,3.8218822,3.6618824,6.1418824,4.9118824,5.4118824,3.5218823,3.2718823,2.1018822,0.08188233,-5.1881175,-2.4881177,-0.21811767,-3.8681176,-3.9281178,-5.2981176,-5.888118,-6.9881177,-7.098118,-8.348118,-5.5681176,-6.1081176,-6.0481176,-6.308118,-6.9281178,-7.0881176,-7.018118,-3.4381177,-1.8081176,0.36188233,-1.6381177,-1.3081176,0.14188233,-0.9881177,-0.7281177,-2.4881177,-1.8781177,-2.9381177,-1.4981177
4.941882,2.7818823,3.9518824,1.9218823,1.8518823,1.9918823,1.7918823,6.5318823,6.631882,5.5618825,4.0418825,0.8718823,-3.2181177,-0.3381177,1.2318823,2.0318823,-2.0281177,-3.3881178,-4.1981177,-5.5881176,-6.348118,-6.2281175,-5.8381176,-4.8181176,-5.1481175,-6.158118,-5.9181175,0.34188232,-5.268118,-5.3581176,-4.1681175,-2.2081177,-2.9581177,-1.8681177,-2.5681176,-0.38811767,0.5118823,-4.658118,-3.6881177,-2.1781178,-3.6681178
5.941882,6.711882,4.4518824,-0.22811767,-1.6281177,-2.4081178,-1.3481177,0.4718823,5.5318823,8.251883,6.0218825,5.2918825,-0.048117675,0.8718823,3.4118824,4.1418824,1.2218823,0.45188233,0.091882326,-0.6681177,-4.2181177,-4.5481176,-4.7581177,-4.8381176,-4.4481177,-4.558118,-5.8781176,-3.7981176,-4.8181176,-5.118118,-5.8381176,-4.2281175,-2.0981176,-2.8081176,-2.9281178,2.2318823,-2.6681178,1.2218823,0.43188232,-0.84811765,-3.3281176
6.1818824,8.2918825,8.581882,8.091883,2.2518823,6.4318824,6.8318825,1.6418823,6.2218823,11.051883,6.8918824,8.491882,3.2718823,3.4118824,4.421882,4.961882,4.5818825,2.6418824,2.4918823,1.7318823,0.17188233,-1.7181177,-3.0481176,-2.8381176,-3.6481178,-3.8481176,-4.118118,-4.0081177,-1.2781177,-4.1981177,-5.6881175,-5.4281178,-4.1981177,-1.3081176,-0.13811767,1.5418823,0.85188234,-1.7381177,1.9618824,1.1318823,2.0718822
5.211882,6.5618825,7.8018823,9.111882,9.921883,7.6418824,6.611882,7.2418823,9.911882,7.171882,13.131883,4.8118825,8.641882,6.8518825,4.941882,4.4718823,4.441882,3.4418824,3.1218824,2.9818823,3.1518824,1.4218823,-0.9281177,-0.84811765,-2.2881176,-2.3381176,-2.7281177,-3.4481177,-4.2581177,-3.9681177,-5.7981176,-6.1081176,-6.2781177,-5.868118,-5.788118,-2.4481177,-2.8781176,3.5718822,6.3518825,7.5818825,6.2918825
2.5918822,2.4618824,4.4518824,5.8218822,7.631882,9.0418825,9.441882,9.101882,8.141882,8.461883,12.581882,6.211882,5.151882,7.961882,5.8718824,5.5818825,4.2818823,3.3618822,3.4918823,3.6818824,3.7918823,2.7718823,2.7818823,0.85188234,0.45188233,-0.8781177,-0.25811768,0.35188234,-2.2581177,-2.8581176,-4.1281176,-5.058118,-4.8581176,-4.2581177,-3.0381176,-0.84811765,-0.35811767,0.65188235,-1.8281177,0.29188234,0.34188232
1.8818823,1.5918823,1.0618824,1.9718823,4.1618824,5.8918824,7.5818825,10.221882,8.971882,5.4518824,9.0418825,10.411882,6.361882,7.2918825,5.8218822,5.901882,4.671882,4.4918823,4.0318823,3.6618824,4.3218822,4.341882,2.3018823,2.5318823,1.4518824,0.8318823,-0.52811766,1.7118824,-0.058117677,1.1918824,-3.3281176,-3.6181176,-2.8581176,-2.4781177,-2.1481178,-0.4981177,1.3918823,0.31188232,0.21188232,0.60188234,0.6118823
0.7618823,0.78188235,0.5618823,0.54188234,0.8018823,1.1818824,4.0418825,6.921882,8.121882,7.3918824,2.7918823,9.121882,6.171882,7.7718825,7.2418823,5.9518824,6.0018826,5.5518823,4.5018826,3.6618824,4.671882,3.9218824,3.1718824,2.4318824,2.0518823,2.2218823,1.2918823,0.5518823,-0.31811768,-2.6181176,-3.1981177,-2.0481176,-0.42811766,-2.0581176,-2.7781177,-1.6581177,-0.70811766,0.49188232,-0.6681177,-0.3381177,-0.008117676
1.5418823,-0.70811766,-0.06811768,1.0318823,-2.2181177,0.40188232,-1.0281177,0.9418823,1.8518823,5.5018826,7.2418823,8.741882,7.3518825,6.5218825,7.8518825,4.8318825,9.771882,4.591882,5.0618825,3.7418823,2.5918822,2.2718823,1.5718824,0.96188235,1.9118823,2.0718822,1.1218823,0.11188232,0.18188232,-0.9481177,0.18188232,-1.0481176,-0.8081177,-0.9381177,-1.6181177,-1.9281176,-1.6081177,-1.0481176,-1.0081177,-1.1881176,-0.95811766
1.0318823,1.4818823,1.2618823,1.6218823,1.4418824,-0.058117677,-1.5981177,-1.4581177,-0.6281177,0.9918823,2.3118823,4.171882,6.8118825,7.0318823,3.4118824,6.1818824,8.241882,5.151882,2.5018823,3.9318824,2.3318822,1.2518823,1.3418823,1.4818823,1.0318823,0.26188233,-0.6081177,-1.3381177,0.34188232,0.36188233,0.23188232,-0.32811767,-1.2181177,-0.46811768,1.8518823,0.17188233,0.031882323,0.40188232,-0.53811765,-0.7581177,-0.40811768
1.5518823,1.0618824,2.2818823,2.5618823,2.0718822,2.2118824,-0.12811768,0.5818823,-0.41811767,0.14188233,1.3518823,2.2818823,2.9818823,3.4718823,4.6418824,5.941882,4.8318825,3.9718823,3.3418822,4.091882,3.5518823,1.2618823,0.96188235,0.22188233,-0.6081177,-0.76811767,-0.26811767,-0.84811765,0.8318823,2.0118823,2.0118823,0.23188232,0.48188233,-0.52811766,0.54188234,1.7818823,1.8518823,1.4918823,-1.6381177,-0.4981177,-1.7981176
1.0018823,1.6718823,1.8818823,1.6718823,2.9518824,1.6918824,1.5818824,1.8018823,1.2818823,0.16188233,-1.2681177,0.24188232,1.1618823,0.45188233,1.5918823,1.7518823,2.3518822,3.9918823,1.6918824,3.3418822,1.8718823,0.12188233,-1.1781176,-1.1781176,-1.6781176,-2.0781176,-3.1181176,-0.6981177,0.30188233,1.3518823,-3.5181177,-1.0381176,-0.41811767,-0.3081177,2.5118823,1.4718823,1.9818823,2.7918823,2.6518824,3.2018824,-0.048117675
