wind_kz.json
{"header": {"discipline":0,"disciplineName":"Meteorological products","gribEdition":2,"gribLength":948,"center":7,"centerName":"US National Weather Service - NCEP(WMC)","subcenter":0,"refTime":"2023-08-27T06:00:00.000Z","significanceOfRT":1,"significanceOfRTName":"Start of forecast","productStatus":0,"productStatusName":"Operational products","productType":1,"productTypeName":"Forecast products","productDefinitionTemplate":0,"productDefinitionTemplateName":"Analysis/forecast at horizontal level/layer at a point in time","parameterCategory":0,"parameterCategoryName":"UnknownDiscipline_0_Category_0","parameterNumber":0,"parameterNumberName":"UnknownParameter_D0_C0_0","parameterUnit":"Unknown","genProcessType":2,"genProcessTypeName":"Forecast","forecastTime":240,"surface1Type":1,"surface1TypeName":"Ground or water surface","surface1Value":0.0,"surface2Type":255,"surface2TypeName":"Missing","surface2Value":0.0,"gridDefinitionTemplate":0,"gridDefinitionTemplateName":"Latitude_Longitude","numberPoints":615,"shape":6,"shapeName":"Earth spherical with radius of 6,371,229.0 m","gridUnits":"degrees","resolution":48,"winds":"true","scanMode":64,"nx":41,"ny":15,"basicAngle":0,"lo1":47.0,"la1":41.0,"lo2":87.0,"la2":55.0,"dx":1.0,"dy":1.0}, "data":
[rows 0 to 14 of 15, columns 0 to 40 of 41]
310.97745,297.47745,299.97745,298.37744,298.17743,297.17743,307.47745,313.57745,309.17743,310.87744,311.07745,311.97745,311.67743,311.57745,311.17743,313.07745,313.47745,312.07745,316.67743,314.77744,317.77744,312.77744,311.77744,312.57745,312.47745,311.87744,310.77744,300.77744,298.77744,294.27744,295.07745,284.67743,296.77744,303.37744,295.97745,301.07745,307.57745,301.87744,322.37744,325.07745,322.97745
294.07745,305.07745,298.27744,298.47745,298.27744,296.67743,315.17743,310.07745,309.07745,310.57745,313.17743,311.67743,312.37744,311.07745,311.97745,312.57745,313.57745,314.57745,312.77744,315.37744,315.07745,314.47745,310.77744,303.87744,295.97745,295.97745,305.87744,303.27744,301.37744,291.77744,296.57745,290.27744,292.27744,271.47745,273.07745,291.27744,299.87744,294.67743,302.07745,303.97745,285.47745
309.27744,297.67743,298.47745,298.57745,296.87744,308.57745,308.37744,308.87744,308.57745,309.77744,309.77744,311.67743,312.07745,312.87744,312.77744,314.77744,314.37744,313.67743,311.07745,310.07745,317.77744,311.97745,309.47745,302.57745,309.87744,309.47745,311.07745,310.87744,308.67743,299.47745,293.27744,292.57745,296.57745,296.77744,297.27744,298.17743,288.77744,292.87744,287.07745,294.97745,294.17743
304.57745,297.67743,298.17743,297.57745,299.27744,308.67743,307.87744,309.37744,310.07745,311.47745,311.17743,310.47745,294.67743,293.97745,313.77744,316.07745,312.97745,315.47745,313.47745,312.47745,306.77744,303.77744,309.87744,310.77744,310.67743,309.97745,312.67743,311.47745,311.77744,311.67743,312.67743,311.47745,314.47745,313.17743,308.07745,303.87744,293.97745,288.27744,287.77744,298.27744,306.77744
309.67743,296.97745,297.47745,297.07745,302.77744,308.27744,309.47745,312.77744,312.37744,311.97745,313.87744,312.57745,294.27744,293.27744,291.07745,313.57745,314.17743,311.07745,311.17743,309.57745,310.77744,312.17743,313.77744,314.07745,315.97745,316.37744,312.57745,308.87744,317.57745,315.47745,313.47745,310.87744,298.37744,295.17743,299.17743,305.67743,307.17743,313.57745,313.07745,311.67743,311.77744
310.27744,310.07745,295.37744,295.57745,296.37744,295.87744,314.77744,312.47745,313.37744,312.67743,310.37744,309.97745,296.47745,294.27744,302.47745,309.07745,308.17743,310.77744,311.47745,309.87744,311.17743,310.27744,312.87744,313.27744,316.67743,315.07745,314.07745,292.57745,309.77744,311.57745,314.97745,312.27744,314.17743,312.17743,307.67743,305.27744,299.57745,299.57745,313.17743,311.07745,310.07745
308.87744,310.87744,310.37744,311.27744,306.87744,313.27744,317.07745,315.27744,311.07745,309.37744,311.07745,308.27744,308.37744,308.87744,310.17743,298.47745,308.67743,297.87744,310.17743,309.57745,308.47745,312.17743,309.97745,309.17743,308.17743,309.87744,311.87744,313.77744,314.27744,314.07745,313.57745,314.87744,314.47745,313.27744,311.97745,308.87744,302.37744,300.27744,298.07745,297.77744,309.77744
310.97745,312.37744,311.97745,312.47745,312.87744,313.27744,314.37744,312.37744,310.67743,309.47745,308.47745,307.37744,309.17743,307.57745,308.67743,309.47745,309.17743,309.07745,309.67743,308.47745,308.27744,310.27744,309.37744,308.27744,307.77744,305.67743,305.77744,308.47745,306.17743,307.77744,295.77744,307.37744,300.47745,303.67743,298.97745,309.27744,312.57745,290.07745,311.77744,310.87744,306.57745
311.47745,311.47745,311.17743,312.77744,309.77744,312.37744,309.37744,309.87744,308.77744,306.67743,306.27744,308.17743,304.47745,308.07745,307.57745,307.37744,307.37744,307.37744,295.47745,307.57745,304.47745,302.77744,306.67743,305.57745,303.67743,303.47745,302.27744,300.87744,299.57745,298.67743,301.07745,301.27744,295.87744,298.27744,288.57745,287.07745,285.97745,286.37744,278.87744,282.17743,289.67743
312.07745,307.57745,307.17743,300.37744,311.27744,312.77744,311.77744,308.77744,308.47745,308.27744,307.07745,305.37744,303.77744,306.47745,304.57745,304.37744,303.47745,304.57745,304.67743,304.67743,302.57745,301.27744,301.67743,300.47745,294.57745,301.37744,301.87744,301.77744,299.87744,298.27744,297.77744,301.17743,301.87744,300.87744,301.17743,291.37744,284.97745,280.67743,279.57745,277.47745,278.17743
307.37744,308.57745,306.77744,305.07745,306.77744,307.77744,307.87744,307.87744,306.57745,305.77744,304.57745,304.77744,305.17743,304.07745,303.37744,300.67743,300.47745,301.37744,301.67743,301.77744,302.27744,301.97745,300.67743,300.67743,299.07745,300.07745,297.87744,300.27744,300.37744,298.77744,302.37744,300.47745,299.87744,296.77744,291.57745,293.67743,284.07745,284.87744,285.37744,279.77744,276.17743
304.37744,304.87744,305.57745,307.37744,306.67743,305.87744,304.67743,304.47745,304.27744,303.57745,300.97745,301.27744,301.67743,299.47745,299.07745,299.87744,297.97745,298.27744,298.77744,297.67743,296.37744,295.67743,291.77744,294.77744,297.17743,296.17743,296.07745,301.07745,300.87744,301.77744,299.77744,294.47745,296.17743,294.67743,289.97745,293.97745,292.77744,294.17743,288.47745,288.27744,289.27744
298.37744,302.27744,303.27744,304.67743,302.97745,301.37744,303.27744,303.97745,302.97745,299.37744,295.27744,294.87744,297.37744,295.37744,295.27744,295.97745,295.07745,291.67743,293.67743,296.07745,295.67743,293.67743,293.37744,294.07745,295.47745,297.87744,299.57745,299.17743,299.87744,299.37744,299.87744,297.27744,297.07745,295.17743,287.97745,286.97745,286.47745,285.47745,285.27744,288.77744,284.87744
300.97745,302.17743,296.17743,303.27744,302.27744,301.47745,300.17743,297.87744,298.57745,297.87744,292.37744,289.67743,292.97745,293.27744,293.87744,294.47745,295.07745,295.67743,296.77744,294.97745,294.07745,293.87744,294.67743,291.97745,295.27744,296.37744,296.47745,294.67743,295.97745,294.17743,289.57745,295.07745,292.67743,290.87744,284.57745,285.07745,285.57745,285.87744,285.87744,284.17743,285.77744
296.47745,301.37744,290.07745,301.07745,300.07745,298.87744,298.77744,298.07745,297.77744,297.97745,293.67743,292.47745,289.37744,290.87744,292.37744,292.27744,292.87744,293.77744,295.17743,293.07745,293.17743,293.87744,294.17743,289.97745,289.57745,292.57745,292.97745,292.27744,290.67743,290.87744,288.47745,284.47745,290.77744,290.67743,289.57745,285.47745,289.47745,286.97745,285.67743,287.57745,284.87744
