wind_kz.json
{"header": {"discipline":0,"disciplineName":"Meteorological products","gribEdition":2,"gribLength":1102,"center":7,"centerName":"US National Weather Service - NCEP(WMC)","subcenter":0,"refTime":"2023-10-05T00:00:00.000Z","significanceOfRT":1,"significanceOfRTName":"Start of forecast","productStatus":0,"productStatusName":"Operational products","productType":1,"productTypeName":"Forecast products","productDefinitionTemplate":0,"productDefinitionTemplateName":"Analysis/forecast at horizontal level/layer at a point in time","parameterCategory":2,"parameterCategoryName":"UnknownDiscipline_0_Category_2","parameterNumber":3,"parameterNumberName":"UnknownParameter_D0_C2_3","parameterUnit":"Unknown","genProcessType":2,"genProcessTypeName":"Forecast","forecastTime":120,"surface1Type":103,"surface1TypeName":"Specified height level above ground","surface1Value":10.0,"surface2Type":255,"surface2TypeName":"Missing","surface2Value":0.0,"gridDefinitionTemplate":0,"gridDefinitionTemplateName":"Latitude_Longitude","numberPoints":615,"shape":6,"shapeName":"Earth spherical with radius of 6,371,229.0 m","gridUnits":"degrees","resolution":48,"winds":"true","scanMode":64,"nx":41,"ny":15,"basicAngle":0,"lo1":47.0,"la1":41.0,"lo2":87.0,"la2":55.0,"dx":1.0,"dy":1.0}, "data":
[rows 0 to 14 of 15, columns 0 to 40 of 41]
-1.5124841,1.5875158,-5.592484,-15.522484,-16.842484,-16.892485,-12.472485,-5.842484,-1.2624841,2.0875158,2.977516,3.187516,3.6575158,3.3175159,2.717516,2.437516,1.6575159,-0.8324841,-0.75248414,-0.10248413,1.1775159,1.0675159,0.75751585,-1.3224841,-1.0024841,-0.8924841,-0.6524841,0.34751588,2.467516,3.727516,0.06751587,-1.9524841,-0.29248413,-1.6024841,-2.292484,-2.1324842,1.0175159,1.7675159,2.1575158,1.2575159,0.14751586
1.9475158,-3.292484,-13.852484,-15.172484,-15.362484,-16.022484,-11.742484,-10.532484,-3.262484,2.507516,4.107516,3.947516,3.467516,2.727516,2.0575159,2.3075159,1.3575158,-0.42248413,-0.42248413,-0.61248416,0.79751587,-2.1924841,1.6975158,1.3175159,-0.9024841,-2.512484,-1.9924841,0.43751585,0.11751587,2.1575158,3.687516,4.547516,-0.12248413,0.40751588,0.56751585,-4.602484,-0.8324841,-1.6124841,1.4575158,-1.4624841,0.61751586
-2.522484,-11.242484,-13.442484,-12.982484,-14.142484,-11.612484,-12.592484,-11.732484,-3.3524842,2.717516,7.507516,5.7275157,3.8875158,3.707516,3.747516,3.8575158,2.3175159,2.507516,0.55751586,0.41751587,-0.36248413,-1.3324841,-1.5024841,-0.70248413,0.87751585,0.7775159,-0.25248414,-0.28248414,-0.56248415,0.61751586,2.9175158,0.9575159,1.1075158,-0.16248412,0.61751586,1.8875159,4.0175157,0.5375159,0.55751586,0.55751586,0.7875159
-5.192484,-10.0524845,-11.702484,-13.392484,-11.122484,-10.582484,-12.222485,-11.022484,-9.642484,-2.6224842,5.4175158,6.7675157,5.717516,5.387516,4.077516,3.8975158,3.3575158,2.6375158,1.4875159,1.0575159,-2.2024841,-1.2624841,2.207516,0.5375159,-0.50248414,-1.2024841,-1.8824841,-2.2024841,-0.31248415,-1.7624841,-2.6324842,-1.7124841,0.12751587,-0.17248413,-0.6024841,-1.5224842,0.11751587,2.507516,0.5875159,0.10751587,-0.35248414
-4.5424843,-9.762485,-10.092484,-9.762485,-11.272484,-7.342484,-9.192484,-7.922484,-8.0524845,-7.2324843,5.057516,7.927516,7.6875157,6.617516,5.567516,4.527516,3.8975158,2.707516,0.69751585,0.29751587,0.63751584,0.80751586,0.12751587,-0.03248413,-0.26248413,-0.5324841,-0.76248413,-0.28248414,-0.8424841,-1.7424841,-2.002484,-0.25248414,2.0375159,3.5475159,-0.33248413,-0.81248415,0.10751587,-0.19248413,-0.6424841,-0.23248413,-2.822484
-3.3624842,-4.912484,-7.282484,-8.482484,-8.8024845,-9.332484,-8.752484,-8.782484,-8.612484,-6.452484,4.007516,5.157516,5.6675158,7.9975157,5.637516,4.967516,4.9375157,3.947516,2.1675158,1.8775159,0.98751587,1.2375159,1.5175159,1.2775159,1.0975158,0.35751587,0.37751588,1.0575159,-0.45248413,-2.1324842,-2.8724842,-1.6424842,-0.7124841,-0.5924841,2.1475158,-2.4124842,2.447516,0.56751585,-1.5224842,-1.0924841,-3.0824842
-2.4524841,-3.4024842,-4.152484,-4.5624843,-5.862484,-5.192484,-7.442484,-7.692484,-7.442484,-7.5824842,4.647516,7.027516,7.5175157,5.887516,6.647516,6.657516,6.507516,4.397516,4.117516,3.1475158,2.737516,2.1375158,2.0575159,2.497516,2.5475159,1.8375158,0.35751587,0.44751588,-1.7424841,-2.1724842,-2.3624842,-2.5924842,-1.7324841,-0.82248414,-0.37248412,-0.19248413,-2.232484,1.6475159,1.4875159,1.2675159,-0.61248416
-0.9724841,-1.5724841,-2.4324841,-3.782484,-4.822484,-5.4624844,-5.642484,-6.132484,-6.2124844,-6.922484,-1.3924842,7.7675157,7.9575157,8.467516,6.297516,7.597516,6.407516,5.587516,4.9175158,4.337516,3.217516,2.697516,2.527516,3.1575158,3.3975158,2.9075158,3.757516,1.5375159,0.17751586,-1.9424841,-1.3924842,-0.8424841,1.3375158,-0.17248413,-1.0324842,-0.45248413,0.27751586,-0.6624841,-1.0324842,0.67751586,-2.1824841
-1.3924842,-1.6824841,-2.262484,-2.1324842,-1.7924842,-3.1824841,-2.9124842,-4.2524843,-6.512484,-5.4824843,-5.872484,4.467516,7.057516,7.7275157,6.837516,6.6875157,7.577516,6.1675158,6.337516,4.967516,2.8975158,3.267516,3.6075158,3.427516,3.0575159,2.757516,1.7575159,2.3975158,2.1375158,0.8375159,0.98751587,0.097515866,-0.15248413,-0.8424841,-1.5924841,-1.2624841,-1.6624842,0.26751587,1.7575159,0.56751585,-2.472484
-0.12248413,-0.7124841,-1.4224842,-2.0924842,-2.6124842,-2.722484,-1.5324842,-2.6724842,-4.9624844,-5.612484,-5.2324843,-5.182484,5.7875156,6.7275157,7.827516,6.577516,5.9175158,5.137516,6.027516,5.617516,5.047516,4.897516,4.2875156,4.237516,3.8675158,3.527516,2.487516,2.217516,2.3675158,2.467516,2.707516,1.2775159,1.6575159,1.4375159,0.18751587,-0.08248413,0.12751587,-2.3724842,-1.5024841,0.6575159,2.677516
-0.14248413,0.05751587,-0.37248412,-0.62248415,-1.4424841,-2.1024842,-2.2124841,-1.1224841,-1.3724841,-3.6624842,-5.572484,-3.6224842,-3.3324842,7.697516,7.847516,7.947516,7.6675158,7.197516,5.967516,6.567516,5.587516,4.967516,4.307516,4.277516,3.777516,3.697516,2.697516,2.8475158,2.957516,2.8375158,2.8275158,2.8375158,2.427516,1.9675158,1.4375159,0.74751586,0.07751587,1.5775158,1.3175159,1.3875159,0.06751587
0.62751585,0.8375159,0.9575159,0.75751585,0.67751586,0.04751587,-0.88248414,-1.5424842,-0.45248413,-0.19248413,-2.4424841,-2.492484,-2.782484,3.187516,7.2075157,7.157516,8.457516,7.9175158,8.077516,6.677516,6.507516,5.2475157,4.297516,3.947516,3.7975159,3.7875159,4.2675157,3.947516,3.4075158,3.3275158,3.3975158,3.6275158,2.677516,2.5675159,1.5475159,1.2575159,0.6075159,2.2875159,2.0375159,1.9075159,0.7175159
0.43751585,0.7175159,1.4575158,1.1075158,1.3775159,0.8475159,1.2275158,1.4075159,0.56751585,1.4775158,-0.002484131,-1.0524842,-1.9324841,-2.6924841,3.4075158,6.987516,7.6875157,7.857516,8.737515,7.487516,7.7875156,6.9175158,6.127516,4.837516,5.007516,4.277516,4.367516,3.777516,3.717516,3.4075158,3.717516,3.8475158,3.677516,3.2875159,2.8875158,2.8775158,2.1575158,1.1475159,1.5675159,0.46751586,0.41751587
1.3375158,1.3575158,-0.29248413,0.8575159,1.7375159,2.2875159,2.237516,1.9075159,1.9875159,2.1475158,1.3375158,0.007515869,-0.18248414,0.44751588,0.33751586,0.38751587,7.577516,8.097516,7.927516,8.107516,7.817516,7.157516,6.7075157,5.837516,4.9575157,4.427516,4.007516,4.197516,4.047516,4.297516,3.977516,3.947516,3.997516,4.197516,2.9175158,3.0975158,2.467516,1.6075158,1.4175159,1.8775159,1.8975159
1.4275159,1.0975158,0.46751586,1.6775159,2.1675158,2.497516,2.777516,3.2975159,2.987516,2.507516,1.8775159,3.0675159,1.2175158,-1.1224841,-3.282484,-5.2924843,-5.802484,7.547516,7.927516,8.027515,7.677516,7.847516,6.6675158,6.377516,5.547516,4.9775157,4.9775157,4.627516,4.297516,4.337516,5.2275157,5.887516,4.527516,4.447516,4.257516,4.137516,3.7875159,3.187516,2.777516,2.987516,1.1775159
