wind.json
{"header": {"discipline":0,"disciplineName":"Meteorological products","gribEdition":2,"gribLength":1211,"center":7,"centerName":"US National Weather Service - NCEP(WMC)","subcenter":0,"refTime":"2023-06-30T18:00:00.000Z","significanceOfRT":1,"significanceOfRTName":"Start of forecast","productStatus":0,"productStatusName":"Operational products","productType":1,"productTypeName":"Forecast products","productDefinitionTemplate":0,"productDefinitionTemplateName":"Analysis/forecast at horizontal level/layer at a point in time","parameterCategory":2,"parameterCategoryName":"UnknownDiscipline_0_Category_2","parameterNumber":3,"parameterNumberName":"UnknownParameter_D0_C2_3","parameterUnit":"Unknown","genProcessType":2,"genProcessTypeName":"Forecast","forecastTime":300,"surface1Type":103,"surface1TypeName":"Specified height level above ground","surface1Value":10.0,"surface2Type":255,"surface2TypeName":"Missing","surface2Value":0.0,"gridDefinitionTemplate":0,"gridDefinitionTemplateName":"Latitude_Longitude","numberPoints":688,"shape":6,"shapeName":"Earth spherical with radius of 6,371,229.0 m","gridUnits":"degrees","resolution":48,"winds":"true","scanMode":64,"nx":43,"ny":16,"basicAngle":0,"lo1":45.0,"la1":40.0,"lo2":87.0,"la2":55.0,"dx":1.0,"dy":1.0}, "data":
[rows 0 to 15 of 16, columns 0 to 42 of 43]
-1.8186499,-0.3586499,2.31135,-1.0686499,-2.9886498,-11.12865,-12.55865,-10.63865,-10.46865,-8.30865,-5.74865,-5.54865,-6.6286497,-7.48865,-7.97865,-2.10865,-0.8486499,-3.7786498,-4.04865,-3.9686499,-6.42865,-6.97865,-4.1486497,-3.62865,-2.2786498,-2.37865,-4.55865,-3.35865,-1.74865,-0.2986499,-1.9086499,2.2013502,2.5413501,2.16135,-2.9986498,-1.8286499,-2.2886498,-1.4186499,-1.12865,-0.0386499,3.2413502,1.4313501,7.6213503
-1.7886499,-3.7186499,4.38135,1.3913502,-3.2486498,-7.82865,-8.1186495,-9.89865,-9.20865,-7.13865,-7.3386497,-8.48865,-9.63865,-10.56865,-10.89865,-6.06865,0.8313501,-0.7186499,-2.91865,-1.8186499,-1.6486499,-4.92865,-3.84865,-4.1686497,1.8913502,1.7013501,1.5413501,1.63135,2.13135,-0.4286499,-3.36865,-3.88865,-3.0286498,-1.2386498,-1.8286499,-1.37865,-0.5986499,-1.4086499,-2.82865,-0.098649904,1.5713501,0.4813501,0.9113501
0.1013501,1.6013501,-1.6686499,1.12135,-4.40865,-7.74865,-6.8786497,-7.65865,-7.77865,-8.158649,-8.79865,-8.5786495,-9.31865,-10.63865,-11.158649,-9.97865,-2.2886498,-0.5186499,-1.5886499,-0.5286499,-1.5486499,-4.77865,-6.25865,-3.5186498,-1.1586499,0.3013501,2.32135,2.88135,3.13135,-0.6086499,-0.048649903,-0.8286499,-3.57865,-4.28865,-0.9686499,-2.4886498,0.9013501,3.92135,1.5813501,1.7113501,1.6513501,-0.4786499,-0.048649903
-1.3986499,-1.4386499,-3.06865,-7.28865,-7.36865,-5.90865,-5.6086497,-7.19865,-7.05865,-8.28865,-7.54865,-8.158649,-9.62865,-9.28865,-11.37865,-12.77865,-6.8586497,-3.05865,-0.3886499,0.0713501,-0.0786499,-2.61865,-4.17865,-3.5086498,-1.9286499,-2.61865,-2.85865,-2.41865,-2.12865,-1.8286499,0.6513501,-0.3386499,-3.59865,0.3413501,0.4113501,1.3113501,0.5713501,-1.13865,-3.9986498,-1.5386499,-1.2886499,-1.1886499,-0.5886499
-3.0186498,-2.9686499,-1.1586499,-4.26865,-6.30865,-4.63865,-1.2886499,-5.73865,-7.92865,-8.81865,-8.47865,-7.3986497,-8.3686495,-8.04865,-8.39865,-9.68865,-11.0786495,-6.28865,-3.2086499,-2.56865,1.9613501,-0.3086499,-2.2586498,-1.3586498,1.0713501,-0.6086499,-1.63865,-1.24865,-0.2986499,-1.38865,0.9813501,0.7313501,4.3913503,2.35135,0.7613501,-0.098649904,0.9213501,2.17135,-0.6686499,-2.2486498,-5.76865,-4.72865,-3.9886498
-4.75865,-5.17865,-5.06865,-5.53865,-7.46865,-7.5886497,-7.6486497,-6.6686497,-6.92865,-6.81865,-7.73865,-7.27865,-6.21865,-6.86865,-6.09865,-7.11865,-8.24865,-7.95865,-7.27865,-3.12865,-2.43865,-0.6586499,0.9213501,-0.2486499,2.42135,1.8413501,1.8513501,1.2713501,0.8913501,-0.048649903,1.6813501,0.5213501,-0.9086499,-1.5786499,-3.2786498,-3.2386498,0.17135009,1.7313501,3.2813501,1.74135,0.3613501,-3.4586499,-4.20865
-3.85865,-5.03865,-4.8386497,-5.21865,-6.20865,-6.50865,-7.46865,-7.86865,-6.15865,-6.02865,-6.3586497,-5.20865,-4.80865,-3.9786499,-4.59865,-3.9986498,-5.43865,-7.50865,-7.30865,-7.06865,-4.53865,-2.42865,3.11135,1.5413501,2.5313501,2.86135,3.2113502,3.44135,2.43135,-0.4986499,-0.028649902,-1.6586499,-0.2786499,-0.5886499,-2.0286498,-3.33865,-5.42865,-0.5386499,-2.81865,-3.86865,5.3913503,2.90135,5.22135
-4.42865,-4.49865,-4.86865,-4.97865,-5.53865,-6.73865,-5.61865,-5.00865,-4.6686497,-6.00865,-5.73865,-4.86865,-4.97865,-1.37865,-2.38865,-4.65865,-6.0886497,-6.78865,-5.74865,-6.3786497,-6.13865,-2.58865,0.8913501,4.95135,3.84135,3.66135,3.08135,3.80135,3.9813502,4.32135,4.68135,3.5213501,0.0313501,1.2613502,1.1013501,-1.4486499,-3.89865,1.5413501,4.65135,0.1313501,-1.37865,1.8913502,-3.2286499
-4.90865,-4.90865,-4.73865,-5.75865,-5.8786497,-5.52865,-5.11865,-4.84865,-4.77865,-5.34865,-4.0886497,-4.67865,-3.2886498,-3.12865,-0.5686499,-1.5386499,-4.23865,-4.25865,-4.01865,-3.15865,-3.7286499,-4.49865,-0.1086499,0.7213501,4.53135,5.24135,3.7713501,3.14135,2.43135,3.4813502,2.90135,1.5113502,2.60135,1.5413501,2.2213502,-2.7986498,-2.92865,-2.2186499,-3.7186499,-2.13865,-0.8286499,-1.0886499,0.60135007
-4.67865,-5.50865,-5.84865,-5.53865,-5.92865,-4.48865,-4.75865,-3.44865,-4.96865,-3.7386498,-3.2386498,-2.88865,-1.7986499,-0.8786499,-0.1286499,0.021350097,-3.0086498,-2.7986498,-2.4986498,-1.8586498,-2.7186499,-0.6086499,-2.2086499,-0.64864993,2.16135,6.09135,5.0813503,3.2013502,3.13135,1.5413501,1.74135,0.8413501,1.38135,0.6513501,-1.9886498,-1.5886499,-3.69865,-4.01865,-1.74865,3.41135,3.68135,2.84135,1.5213501
-5.25865,-6.1086497,-6.61865,-6.45865,-5.71865,-4.6486497,-4.76865,-4.30865,-3.4586499,-1.75865,-2.5386498,-2.7086499,-0.3486499,0.081350096,1.0413501,1.2813501,1.3213501,-1.3186499,-2.55865,-1.7886499,-1.25865,-1.0286499,0.5013501,-2.15865,-2.09865,1.7213501,5.63135,3.59135,3.65135,1.4313501,1.25135,0.9513501,0.0013500977,1.7013501,-0.018649902,-2.81865,-2.7786498,-1.7986499,1.2813501,1.9413501,1.5613501,-0.25864992,-1.2386498
-4.98865,-6.57865,-6.36865,-6.42865,-6.8786497,-6.31865,-4.59865,-4.69865,-3.9786499,-1.38865,-1.38865,-0.1786499,-1.5786499,2.2413502,1.88135,2.14135,1.9013501,0.7013501,-0.1986499,-1.7886499,-2.5386498,-3.13865,-0.3286499,0.1813501,-1.0786499,0.2913501,3.07135,5.67135,5.0813503,3.5413501,2.9713502,3.43135,3.7313502,2.7413502,-0.3886499,-2.16865,-3.2986498,1.8513501,1.8913502,-0.048649903,0.46135008,0.7313501,-0.4486499
-5.26865,-5.70865,-6.8786497,-6.70865,-6.71865,-5.34865,-5.56865,-3.06865,-3.09865,0.0713501,-0.9486499,3.05135,2.55135,-0.2986499,3.35135,2.64135,2.7813501,2.19135,1.4313501,-0.3886499,-2.44865,-3.11865,-2.06865,0.041350096,0.14135009,2.0113502,5.56135,6.28135,6.1013503,6.56135,6.45135,5.8513503,4.75135,3.11135,0.49135008,-1.1486499,-0.9886499,-2.39865,-2.68865,-1.3286499,-1.9586499,-2.2786498,-1.6486499
-5.44865,-6.04865,-6.23865,-8.18865,-8.05865,-5.50865,-4.90865,-3.69865,-2.43865,-2.44865,-1.2186499,2.86135,3.4713502,3.7013502,3.57135,4.6613503,4.07135,2.9813502,2.55135,2.0313501,-0.9586499,-1.7186499,-2.4986498,0.7513501,-0.1286499,1.7013501,5.68135,5.90135,8.71135,8.24135,7.57135,6.54135,5.78135,3.9913502,1.6013501,0.7813501,-1.1886499,-1.25865,-0.9886499,-0.7386499,-1.63865,-0.64864993,-0.0886499
-5.73865,-5.50865,-7.0886497,-8.34865,-7.6686497,-6.04865,-6.8986497,-5.50865,-4.82865,-4.03865,-1.00865,0.8013501,3.15135,2.80135,3.68135,5.34135,6.1013503,4.53135,3.4613502,1.6813501,-1.1486499,-1.9486499,-2.10865,-2.36865,-0.3186499,2.7213502,4.09135,8.11135,7.95135,8.85135,8.12135,7.6413503,6.86135,5.52135,4.23135,2.2313502,1.6713501,0.6213501,-0.7486499,0.14135009,-0.5486499,-0.7786499,-1.9286499
-6.15865,-6.69865,-5.22865,-7.28865,-8.77865,-6.78865,-6.65865,-5.9186497,-7.07865,-7.69865,-5.97865,4.46135,2.87135,3.9913502,1.74135,2.7013502,5.49135,4.3913503,2.90135,0.5913501,-1.3286499,-3.2886498,-3.38865,-5.96865,-2.81865,3.34135,1.3513501,3.9513502,7.52135,9.10135,8.57135,8.18135,4.51135,5.70135,5.11135,4.18135,3.55135,2.38135,0.4413501,0.1613501,-0.6686499,0.0313501,-0.2986499
