wind_kz.json
{"header": {"discipline":0,"disciplineName":"Meteorological products","gribEdition":2,"gribLength":871,"center":7,"centerName":"US National Weather Service - NCEP(WMC)","subcenter":0,"refTime":"2024-04-07T06:00:00.000Z","significanceOfRT":1,"significanceOfRTName":"Start of forecast","productStatus":0,"productStatusName":"Operational products","productType":1,"productTypeName":"Forecast products","productDefinitionTemplate":0,"productDefinitionTemplateName":"Analysis/forecast at horizontal level/layer at a point in time","parameterCategory":0,"parameterCategoryName":"UnknownDiscipline_0_Category_0","parameterNumber":0,"parameterNumberName":"UnknownParameter_D0_C0_0","parameterUnit":"Unknown","genProcessType":2,"genProcessTypeName":"Forecast","forecastTime":120,"surface1Type":1,"surface1TypeName":"Ground or water surface","surface1Value":0.0,"surface2Type":255,"surface2TypeName":"Missing","surface2Value":0.0,"gridDefinitionTemplate":0,"gridDefinitionTemplateName":"Latitude_Longitude","numberPoints":615,"shape":6,"shapeName":"Earth spherical with radius of 6,371,229.0 m","gridUnits":"degrees","resolution":48,"winds":"true","scanMode":64,"nx":41,"ny":15,"basicAngle":0,"lo1":47.0,"la1":41.0,"lo2":87.0,"la2":55.0,"dx":1.0,"dy":1.0}, "data":
[rows 0 to 14 of 15, columns 0 to 40 of 41]
299.53156,288.83154,291.03156,281.73154,282.73154,283.93155,298.23154,306.93155,302.43155,300.93155,298.93155,297.03156,295.93155,301.53156,299.03156,293.23154,292.93155,288.23154,291.73154,291.63153,303.03156,300.93155,301.63153,300.53156,304.33154,313.83154,303.33154,279.73154,291.13153,288.73154,283.63153,283.23154,302.23154,313.83154,312.73154,309.63153,311.73154,309.13153,309.93155,309.73154,311.63153
271.73154,293.33154,282.03156,282.33154,282.43155,282.93155,302.33154,298.73154,297.33154,297.23154,300.33154,298.63153,296.83154,294.83154,293.53156,296.53156,296.73154,292.73154,293.83154,298.03156,300.73154,294.53156,293.43155,287.13153,273.23154,273.23154,300.53156,284.53156,290.33154,273.43155,292.33154,273.53156,299.53156,265.03156,273.23154,302.03156,304.13153,306.43155,309.33154,302.63153,280.33154
297.53156,281.53156,281.73154,282.13153,282.43155,298.73154,298.13153,297.93155,296.63153,295.73154,293.53156,294.93155,297.63153,296.13153,293.23154,296.33154,297.03156,296.23154,294.33154,296.83154,298.93155,300.13153,297.83154,291.33154,297.83154,296.73154,296.83154,298.43155,303.73154,292.03156,281.13153,288.63153,293.43155,295.23154,291.03156,291.23154,278.13153,292.73154,287.83154,284.03156,276.33154
297.03156,282.83154,281.73154,281.73154,286.73154,298.63153,298.23154,298.43155,297.83154,297.23154,295.13153,290.03156,285.43155,286.03156,295.93155,295.13153,296.73154,298.73154,299.63153,301.03156,300.23154,296.73154,297.23154,299.63153,297.23154,298.23154,297.83154,292.43155,294.63153,296.73154,300.03156,299.93155,303.43155,302.03156,299.13153,291.33154,279.43155,273.33154,284.13153,286.13153,294.53156
299.13153,283.53156,282.23154,282.73154,290.23154,300.43155,299.53156,300.13153,298.13153,296.53156,295.43155,294.03156,284.53156,284.33154,282.93155,296.13153,297.73154,295.63153,297.43155,298.43155,298.03156,298.23154,297.03156,297.43155,295.03156,294.93155,291.63153,290.03156,295.13153,295.93155,295.63153,295.13153,290.43155,273.23154,299.73154,298.73154,289.73154,306.63153,291.43155,289.63153,289.63153
298.93155,300.63153,283.33154,281.93155,280.63153,281.33154,300.03156,297.43155,297.83154,295.13153,294.03156,295.03156,284.73154,283.63153,285.63153,297.23154,295.43155,296.63153,294.73154,297.43155,296.73154,295.73154,296.03156,295.03156,293.83154,290.33154,291.43155,272.03156,293.23154,294.53156,294.03156,293.73154,294.03156,290.23154,283.83154,286.83154,275.73154,276.43155,294.73154,295.33154,283.93155
299.33154,299.33154,299.03156,300.13153,292.73154,299.13153,299.73154,298.53156,295.13153,293.73154,294.73154,292.23154,292.03156,291.23154,292.53156,292.43155,294.53156,294.43155,296.13153,293.23154,291.93155,293.53156,292.83154,290.83154,289.33154,289.33154,290.83154,291.63153,291.83154,292.03156,291.43155,291.83154,291.03156,288.83154,293.93155,289.43155,279.03156,273.33154,268.93155,278.63153,285.43155
297.13153,297.83154,297.13153,297.53156,296.83154,295.43155,297.33154,296.13153,294.93155,292.83154,292.03156,290.93155,291.63153,289.83154,290.93155,290.53156,292.33154,290.93155,291.33154,289.53156,288.03156,289.63153,289.23154,289.43155,288.23154,287.23154,286.33154,289.63153,287.43155,290.23154,287.43155,289.23154,287.53156,282.23154,281.63153,280.73154,284.73154,273.13153,284.23154,284.23154,281.43155
290.43155,290.73154,296.33154,297.33154,295.23154,295.53156,294.33154,293.53156,292.13153,291.93155,291.53156,291.13153,290.93155,291.13153,290.73154,290.73154,290.63153,291.43155,289.93155,290.53156,287.03156,287.23154,288.63153,287.53156,287.13153,286.23154,286.83154,287.43155,287.03156,286.63153,285.73154,284.53156,285.23154,283.33154,283.73154,279.13153,281.93155,280.03156,267.63153,269.33154,271.53156
289.53156,293.43155,286.73154,289.83154,286.53156,293.43155,292.43155,291.63153,291.13153,291.13153,290.93155,290.33154,289.73154,290.13153,292.53156,292.13153,291.53156,291.23154,290.63153,289.93155,288.53156,287.03156,286.23154,287.93155,287.93155,287.03156,287.13153,286.83154,285.73154,285.73154,286.23154,287.13153,287.73154,285.33154,284.03156,281.73154,278.93155,273.03156,273.13153,273.53156,270.23154
291.93155,293.63153,293.83154,292.23154,289.03156,287.73154,282.33154,284.93155,290.43155,290.13153,288.03156,288.63153,288.63153,288.33154,288.63153,288.43155,288.53156,289.53156,289.53156,288.53156,289.13153,287.73154,286.73154,287.23154,285.73154,286.43155,285.33154,287.53156,288.63153,289.73154,290.13153,290.53156,289.23154,285.03156,284.93155,282.43155,272.63153,273.03156,274.53156,272.43155,269.93155
288.73154,289.63153,289.53156,289.33154,289.33154,289.53156,284.63153,281.83154,283.03156,284.13153,286.63153,285.83154,286.23154,285.13153,285.43155,287.53156,287.23154,286.33154,285.73154,286.63153,284.73154,284.53156,284.63153,284.63153,284.93155,286.13153,286.63153,287.93155,287.73154,287.43155,286.03156,288.23154,287.63153,285.03156,283.33154,283.83154,281.33154,276.93155,274.93155,277.03156,275.33154
285.93155,288.23154,289.63153,289.53156,289.23154,284.13153,282.33154,283.03156,280.43155,280.43155,278.13153,281.93155,286.43155,284.83154,285.23154,285.73154,285.83154,285.33154,285.33154,283.43155,284.43155,283.93155,284.03156,284.03156,284.83154,285.03156,286.83154,285.93155,285.53156,285.03156,285.93155,285.93155,285.33154,283.73154,284.23154,280.93155,281.83154,280.63153,280.23154,278.33154,275.73154
285.83154,285.93155,279.53156,287.13153,286.83154,287.23154,286.93155,283.33154,284.53156,281.03156,277.93155,277.03156,281.63153,286.13153,286.23154,286.63153,286.43155,286.13153,285.73154,284.93155,283.93155,283.33154,283.93155,284.23154,283.83154,284.63153,283.93155,283.43155,282.53156,283.03156,283.13153,282.73154,282.53156,281.33154,281.33154,280.53156,279.93155,279.73154,280.03156,277.73154,278.93155
283.43155,285.13153,273.33154,285.33154,285.33154,285.33154,285.53156,285.83154,287.23154,285.43155,279.73154,277.93155,277.63153,279.93155,286.63153,286.83154,286.33154,285.43155,286.63153,285.13153,285.13153,283.43155,282.73154,281.93155,282.23154,282.63153,282.13153,281.53156,281.73154,280.73154,280.73154,277.63153,280.23154,279.83154,277.83154,277.13153,278.93155,274.03156,273.73154,273.83154,275.53156
