wind_kz.json
{"header": {"discipline":0,"disciplineName":"Meteorological products","gribEdition":2,"gribLength":1025,"center":7,"centerName":"US National Weather Service - NCEP(WMC)","subcenter":0,"refTime":"2024-02-01T00:00:00.000Z","significanceOfRT":1,"significanceOfRTName":"Start of forecast","productStatus":0,"productStatusName":"Operational products","productType":1,"productTypeName":"Forecast products","productDefinitionTemplate":0,"productDefinitionTemplateName":"Analysis/forecast at horizontal level/layer at a point in time","parameterCategory":2,"parameterCategoryName":"UnknownDiscipline_0_Category_2","parameterNumber":3,"parameterNumberName":"UnknownParameter_D0_C2_3","parameterUnit":"Unknown","genProcessType":2,"genProcessTypeName":"Forecast","forecastTime":240,"surface1Type":103,"surface1TypeName":"Specified height level above ground","surface1Value":10.0,"surface2Type":255,"surface2TypeName":"Missing","surface2Value":0.0,"gridDefinitionTemplate":0,"gridDefinitionTemplateName":"Latitude_Longitude","numberPoints":615,"shape":6,"shapeName":"Earth spherical with radius of 6,371,229.0 m","gridUnits":"degrees","resolution":48,"winds":"true","scanMode":64,"nx":41,"ny":15,"basicAngle":0,"lo1":47.0,"la1":41.0,"lo2":87.0,"la2":55.0,"dx":1.0,"dy":1.0}, "data":
[rows 0 to 14 of 15, columns 0 to 40 of 41]
-1.6289892,-2.3189893,0.58101076,3.1210108,3.2110107,2.3910108,0.72101074,0.97101074,-0.45898926,-0.38898927,-2.4089892,-2.0389893,-2.4189892,-3.0189893,-3.6189892,-4.518989,-3.6089892,-3.8489892,-5.7389894,-3.3389893,-2.6889892,-4.7589893,-1.4989892,-1.3589892,-0.79898924,-1.4089893,-1.0289893,2.0810108,3.4810107,1.1210108,-4.1089892,-5.708989,1.9010108,0.051010743,0.6810107,1.3210107,1.5110108,1.6910107,0.98101074,0.97101074,-0.24898925
4.771011,-0.54898924,3.0510108,4.7810106,4.3910108,3.6610107,-0.72898924,2.0610108,0.49101076,-0.79898924,-1.4689893,-2.4589891,-2.6189892,-2.5989892,-4.478989,-3.5389893,-2.6789892,-3.4689894,-4.9089894,-4.538989,-4.8489895,-4.498989,-2.1489892,1.5110108,-2.3889892,-0.35898927,-3.1889892,2.6710107,1.1210108,2.9310107,7.191011,5.7210107,-0.40898925,-2.8889892,-5.4689894,-2.5689893,-2.8789892,-2.4689894,0.51101077,-0.63898927,0.40101075
0.6310108,4.5110106,4.231011,4.2010107,4.441011,1.9210107,1.0410107,1.1310108,1.5810107,0.081010744,-0.98898923,-0.9389893,-1.8889892,-2.4389892,-3.0889893,-3.3289893,-3.1889892,-3.2789893,-3.9989893,-4.938989,-5.8889894,0.43101075,-6.6089892,-1.2889893,-1.0689893,-1.0989892,-1.0889893,-1.6889893,-0.40898925,0.98101074,3.0510108,1.4310107,1.0310107,-1.9889892,-0.60898924,0.19101074,2.5710108,-1.3489892,0.79101074,-1.3089893,-0.12898926
1.6610107,2.2710106,2.5110106,3.3410108,1.5110108,2.5310106,3.2810106,1.9010108,1.8010107,0.8710107,-0.36898926,-1.1289892,-2.2089891,-2.1289892,-2.7789893,-2.9789894,-3.2189894,-3.3189893,-3.6489892,-4.558989,-5.0489893,-2.2589893,-0.9989893,-2.2289894,-2.3889892,-2.5089893,-2.1289892,-1.3189893,-0.33898926,-0.90898925,-1.0589893,-3.3289893,0.45101073,-0.018989258,0.29101074,-0.53898925,0.59101075,3.9710107,0.6210107,2.0210106,1.7610108
1.0210108,0.24101074,-0.8089893,-0.07898926,0.91101074,1.4910108,0.9910107,1.9710107,1.7110107,0.26101074,-0.11898926,-0.88898927,-2.5489893,-3.1089892,-3.9989893,-2.9189892,-2.9289892,-2.8189893,-2.8389893,-3.1189892,-2.9689894,-2.5489893,-2.5289893,-1.9389893,-1.6089892,-2.0089893,-1.2089893,-1.2989893,-1.6889893,-1.5489893,-1.4789892,-1.8689892,3.5410109,4.0310106,-0.5089893,-1.9889892,-4.378989,-0.64898926,1.4210107,1.2410108,0.22101074
2.2410107,1.7710108,1.3710108,1.0710107,1.4210107,1.2110107,1.8810108,1.9010108,1.1510108,0.9310107,-0.19898926,-0.98898923,-2.7089891,-4.248989,-2.8189893,-2.5789893,-2.7389894,-3.1389892,-2.7289894,-3.0689893,-2.7689893,-2.8189893,-2.5389893,-1.7589892,-1.5389893,-1.3689892,-1.6689893,-2.2189894,-1.7689892,-0.92898923,-0.58898926,-1.1489892,-2.3189893,1.4210107,2.0510108,-2.7589893,-0.7489893,-4.688989,-5.518989,-1.0589893,-0.40898925
1.1610107,2.1310108,2.1310108,2.3810108,2.5910108,2.2910109,2.0610108,1.9910108,1.2910107,0.6310108,-0.38898927,-0.40898925,-1.9389893,-2.6889892,-2.6489892,-2.9489892,-2.2989893,-1.9889892,-2.0689893,-1.9289893,-2.2389894,-1.7089893,-1.1889893,-1.1789893,-0.92898923,-1.5489893,-1.3489892,-2.0989892,-1.2789893,-2.0089893,-1.7789893,-1.9789892,0.10101074,-0.38898927,-1.3889892,-1.6489892,-2.7589893,2.0110106,-1.1189892,-0.77898926,-4.1989894
2.7110107,3.0910108,3.1010108,3.2210107,3.2410107,3.2410107,2.8710108,2.2410107,2.1010108,1.5110108,0.54101074,-0.8689892,-1.3589892,-1.6389892,-2.5489893,-2.5589893,-2.0589893,-1.1689893,-0.48898926,0.37101075,-1.3189893,-0.79898924,-1.0489893,0.19101074,1.1010108,2.1110108,1.3510108,-0.63898927,-0.70898926,0.22101074,-0.14898926,0.43101075,-1.6689893,0.78101075,4.2810106,2.5410109,1.1310108,-0.90898925,-0.35898927,0.84101075,-1.4189893
3.8310108,3.6610107,3.7410107,3.7210107,3.5210106,3.2010107,3.0210106,2.4010108,2.1910107,1.8810108,1.4110107,0.031010741,-0.7589893,-2.0389893,-2.1089892,-1.6989893,-0.91898924,0.12101074,0.79101074,2.3410108,1.9010108,-1.3489892,0.57101077,0.5610107,1.3610108,1.5610107,1.8110107,2.6610107,1.8410107,0.41101074,2.0310106,2.9710107,2.7210107,1.8110107,3.8810108,2.0410109,-2.9589891,3.4310107,3.0910108,1.6610107,0.61101073
3.6510108,4.0110106,3.3810108,3.4010108,3.2510107,3.1110108,3.0810108,2.7710106,2.6110108,2.2710106,2.4210107,1.3010107,0.17101075,-1.7489892,-1.3589892,-1.3289893,-0.44898927,-0.038989257,0.83101076,1.2810107,1.9610107,1.6110108,-0.028989257,0.92101073,1.3810108,1.5410107,2.5110106,2.0310106,2.3710108,2.4810107,1.9910108,2.4010108,1.8510108,1.7310108,2.6310108,2.8910108,1.7610108,1.0510107,4.981011,6.3910108,4.541011
3.4610107,4.061011,3.8810108,3.1010108,3.2410107,3.6510108,3.6110108,2.9010108,2.3510108,1.5110108,1.7210107,1.7710108,1.2610108,-0.35898927,-1.3489892,-0.52898926,-1.2889893,-0.8689892,1.5310107,1.5510107,1.7610108,1.7110107,0.5010107,1.5710107,1.8110107,2.5810108,2.5210106,2.0210106,2.9910107,2.0510108,1.3910108,0.92101073,1.5710107,2.3410108,3.3410108,4.831011,3.5210106,3.2210107,3.3110108,1.6710107,0.34101075
2.0810108,3.1110108,3.7710106,4.1110106,4.1610107,3.9410107,3.1010108,2.8010108,1.9110107,1.2910107,1.1910107,0.48101074,0.38101074,0.82101077,-0.12898926,0.29101074,-0.14898926,-0.47898924,1.3810108,0.58101076,0.9310107,0.38101074,0.8110107,1.6410108,1.6710107,1.2410108,3.8210108,2.4410107,1.2010107,1.0410107,1.0310107,1.7910107,2.2510107,3.5210106,3.5610108,5.3810105,5.981011,5.0710106,2.0010107,-0.18898925,-0.36898926
4.0910106,4.521011,3.7710106,3.6110108,3.8110108,2.5310106,3.5810108,4.021011,4.1610107,2.6410108,1.2010107,-0.5589893,2.1610107,0.59101075,0.84101075,0.41101074,0.72101074,0.0010107422,0.90101075,0.6810107,2.1910107,2.3010108,1.3610108,0.70101076,-0.48898926,1.0310107,0.07101074,1.1810107,1.7410108,1.8610108,2.1510108,2.6910107,3.1710107,3.9510107,4.3410106,4.771011,5.061011,3.7810106,4.3410106,3.6410108,2.0910108
3.7710106,3.2010107,2.9510107,4.021011,3.0810108,4.191011,4.6610107,4.8210106,4.461011,4.4910107,2.7410107,0.17101075,0.15101074,1.5110108,0.73101074,0.72101074,0.36101073,0.40101075,1.0010108,0.76101077,1.1110108,2.0010107,1.5910107,0.70101076,0.54101074,-0.32898927,-0.54898924,0.30101073,0.8010107,1.2710108,1.7210107,2.4910107,3.5310106,4.271011,4.081011,4.7610106,4.2410107,4.271011,4.2410107,3.9810107,4.6110106
2.5410109,3.1110108,3.6310108,4.0910106,4.3810105,4.1810107,4.1410108,4.4310107,4.0510106,2.8110108,2.4910107,2.1910107,2.1810107,0.43101075,1.2910107,0.7510107,0.48101074,-0.29898927,0.38101074,0.39101073,0.97101074,0.46101075,0.83101076,0.38101074,-0.14898926,-0.41898927,-0.24898925,-0.26898926,-0.44898927,0.15101074,0.54101074,1.3110107,2.3010108,3.9110107,4.9010105,4.9310107,5.7210107,5.7010107,4.831011,4.811011,3.7410107
