wind_kz.json
{"header": {"discipline":0,"disciplineName":"Meteorological products","gribEdition":2,"gribLength":1025,"center":7,"centerName":"US National Weather Service - NCEP(WMC)","subcenter":0,"refTime":"2023-09-30T00:00:00.000Z","significanceOfRT":1,"significanceOfRTName":"Start of forecast","productStatus":0,"productStatusName":"Operational products","productType":1,"productTypeName":"Forecast products","productDefinitionTemplate":0,"productDefinitionTemplateName":"Analysis/forecast at horizontal level/layer at a point in time","parameterCategory":2,"parameterCategoryName":"UnknownDiscipline_0_Category_2","parameterNumber":2,"parameterNumberName":"UnknownParameter_D0_C2_2","parameterUnit":"Unknown","genProcessType":2,"genProcessTypeName":"Forecast","forecastTime":120,"surface1Type":103,"surface1TypeName":"Specified height level above ground","surface1Value":10.0,"surface2Type":255,"surface2TypeName":"Missing","surface2Value":0.0,"gridDefinitionTemplate":0,"gridDefinitionTemplateName":"Latitude_Longitude","numberPoints":615,"shape":6,"shapeName":"Earth spherical with radius of 6,371,229.0 m","gridUnits":"degrees","resolution":48,"winds":"true","scanMode":64,"nx":41,"ny":15,"basicAngle":0,"lo1":47.0,"la1":41.0,"lo2":87.0,"la2":55.0,"dx":1.0,"dy":1.0}, "data":
[rows 0 to 14 of 15, columns 0 to 40 of 41]
-0.27647948,0.0035205078,1.1535205,1.5335205,1.4235206,-2.8664794,-1.3164794,-1.5764794,-8.93648,-6.1764793,-6.9664793,-6.3864794,-5.2764797,-3.6764796,-3.9864795,-3.5264795,-2.5864794,-1.7864795,-2.9264796,-1.7464795,0.7335205,1.3635205,0.31352052,-0.8964795,-0.06647949,-2.0164795,-2.0764794,-0.4264795,1.2135205,0.28352052,1.0435205,0.6035205,0.2035205,0.5235205,2.3935206,1.2535205,2.0935204,1.0835205,-1.4864795,-1.6864794,-3.4464796
0.5035205,0.5035205,-0.8364795,-4.8264794,-0.1964795,-7.4464793,-8.296479,-11.35648,-8.136479,-7.3364797,-5.6664796,-4.7864795,-4.0864797,-2.7264795,-2.5164795,-3.0864794,-1.1464795,-2.7364795,-0.6964795,0.6835205,1.8035206,1.6235205,-0.8164795,-2.1964796,0.28352052,0.83352053,-0.7264795,1.2535205,-0.8764795,-0.66647947,0.5135205,-0.08647949,0.1435205,-2.6764796,-0.2664795,-0.4464795,-0.8464795,-0.106479496,-0.6464795,0.89352053,-2.4464796
-0.7664795,-3.3664794,-1.4764795,2.5535204,0.16352051,-4.7464795,-4.8464794,-5.8564796,-5.8664794,-3.4564795,-3.1164794,-4.2764797,-3.0064795,-2.0364795,-1.6764795,-2.0064795,-2.7064795,-1.4264795,-0.05647949,1.2135205,1.8935205,0.8535205,-3.4764795,-1.8464795,1.2435205,-0.2564795,0.9235205,2.7235205,0.3035205,-0.12647949,-0.7464795,1.6735206,-0.6964795,-0.9664795,0.28352052,-0.1864795,-0.076479495,0.31352052,0.08352051,2.5435205,2.0035205
-2.8364794,-3.1364794,-3.8064795,-4.4664793,-4.0964794,-3.2764795,-1.8964795,-4.9064794,-4.2364793,-3.1264794,-3.3964796,-3.8664794,-3.5264795,-3.2264795,-0.6164795,-1.4164795,-0.6164795,-0.66647947,-1.2364795,-0.4764795,-0.27647948,-2.0764794,2.7935205,-2.5164795,-3.3464794,-2.8064795,-1.2164795,-3.5464795,-1.0364795,0.34352052,0.21352051,-2.5664794,-2.7064795,-3.1064794,-2.5564795,-2.2264795,-1.5664794,2.4735205,-0.22647949,-0.7364795,-1.5864795
-2.2164795,-2.6864796,-3.4264796,-3.9864795,-3.9564795,-3.9264796,-3.3264794,-2.1864796,-3.1364794,-1.7464795,-1.6364795,-1.2364795,-1.0964795,-2.0464795,-2.6364794,-2.2764795,-1.1364795,-1.3464795,-0.7364795,-1.3664795,-1.3364795,-1.6164795,-2.3264794,-2.2364795,-2.6764796,-2.5264795,-2.7464795,-1.1864794,-1.1264795,-1.2664795,-1.8364795,-2.0564795,-2.1464796,1.8935205,1.5335205,-1.0464795,-3.7164795,-3.5764794,-2.2964795,-2.3564794,-3.2064795
-0.3664795,-0.12647949,0.70352054,-1.2064795,-1.7364795,-1.9064795,-1.4164795,-1.6964794,-1.3164794,-1.7164795,-0.5164795,1.9435205,1.8135206,1.7635205,-0.7864795,0.4035205,-0.9264795,-0.8464795,-0.8864795,-0.2164795,-1.3964795,-0.6864795,-0.2464795,-0.79647946,-1.1564795,-0.7064795,-0.11647949,0.7235205,1.0535206,1.0335205,-0.9764795,-1.1164795,-2.1264794,-0.8964795,-0.4764795,-2.6264794,0.3535205,-1.8264794,0.2735205,-4.1064796,-3.8864794
-0.9364795,0.4035205,0.09352051,1.1435205,-0.1664795,0.18352051,1.3135206,1.5435205,1.7335205,2.0835204,2.1035204,2.6535206,2.8035204,3.1235206,3.2535205,3.2235205,2.2635205,0.89352053,-1.3164794,-2.0764794,-0.6964795,0.2935205,-0.5164795,-0.0064794924,1.3335205,0.6735205,1.4035205,0.6035205,-0.4164795,-1.8064795,-2.2164795,-2.5664794,-2.0764794,-2.8364794,-3.0564795,-2.5364795,-1.0764794,2.1735206,-1.8764795,1.4635205,-0.6864795
0.053520508,-0.3564795,-0.4564795,-0.20647949,-0.9364795,-1.1564795,-2.4964795,-2.3164794,-0.106479496,2.4135206,2.7335205,3.3635206,3.4735205,3.1735206,3.5735204,3.3835206,2.5735204,1.2735205,0.7235205,0.16352051,0.5135205,-0.1964795,-1.0464795,-0.6364795,-0.0064794924,1.0135205,2.2135205,0.5735205,0.6335205,0.4235205,-1.5164795,-1.9064795,-1.6264795,-0.5064795,-1.5364795,-0.8864795,0.7935205,-2.9164796,-2.6664796,-2.4864795,-1.0964795
0.9835205,1.8235205,0.21352051,-0.27647948,-0.5064795,-0.7264795,-0.9864795,-0.9764795,-0.46647948,1.3435205,1.9635205,1.7935205,3.9135206,3.2335205,3.7435205,2.6135206,2.9835205,1.0235205,1.7235205,1.8535205,1.3735205,1.4635205,0.6035205,0.4335205,0.4035205,0.7235205,1.0735205,0.7135205,1.0435205,0.9435205,0.4635205,1.1835206,1.0135205,-0.7164795,-1.3564795,-1.2864795,-0.9564795,-1.5964795,-1.0064795,0.6735205,-2.2164795
1.7535205,1.8535205,1.5135205,1.6735206,1.5635206,1.6435205,1.6935205,1.6935205,1.7735205,1.5735205,2.5335205,2.0235205,2.1935205,3.3735206,3.5735204,2.8635206,1.8135206,1.8035206,1.6535205,1.6735206,2.9935205,3.0335205,2.8335204,2.4835205,1.5135205,1.3135206,1.6735206,1.9835205,2.3735206,2.6635206,1.1535205,1.5035205,-0.4164795,-1.2564795,-1.3564795,-1.2964795,-2.1064794,-0.3964795,-1.7664795,-0.2864795,-0.9964795
1.8535205,2.4635205,2.1835206,2.0935204,2.2135205,1.5035205,2.2435205,2.4335206,2.3735206,2.2535205,2.3935206,2.2735205,2.9535205,3.2735205,3.6435206,3.8135204,3.1435206,3.4935205,1.2235205,1.5235205,3.9135206,2.6435206,3.2235205,2.5435205,2.7135205,2.1535206,2.0335205,2.8535204,2.8735206,3.2935205,2.3035204,-1.0864795,-1.9164795,-0.7264795,-0.8964795,-1.2864795,-1.3364795,0.2935205,-1.1864794,1.0935205,-0.9364795
1.6435205,2.1035204,2.3635206,1.9435205,2.3535204,1.8835205,1.5735205,1.9935205,2.3035204,1.3435205,1.1335205,3.1635206,3.1535206,3.5335205,3.7135205,3.4935205,3.5135205,3.9435205,1.6535205,2.6635206,2.6335206,3.6135206,2.7735205,1.9935205,2.7335205,3.3735206,2.8835206,3.5635204,3.3335204,1.8135206,-0.7564795,-1.1764795,-0.91647947,-1.3164794,-0.9864795,-0.49647948,-0.1664795,-0.33647949,0.103520505,-0.6264795,-0.5264795
3.3935206,2.6535206,2.4135206,2.5535204,2.7035205,2.2135205,1.8535205,1.5735205,2.7835205,1.1335205,0.8735205,4.3835206,2.7235205,4.4235206,3.8735206,3.3435204,3.0535204,2.8535204,2.5435205,2.9935205,2.4035206,2.2135205,2.3735206,1.1335205,3.8035204,2.9035206,3.4135206,3.1535206,2.2435205,0.6135205,0.3235205,-0.09647949,-0.27647948,-0.6264795,-0.6564795,-0.5964795,-0.4464795,-0.7564795,-1.0264795,-1.1564795,-0.9664795
4.3035207,3.3835206,2.8535204,3.8235204,1.5435205,2.7335205,2.8235204,3.6135206,3.3235204,1.5835205,1.1835206,2.4935205,5.9735203,5.5435205,4.6135206,4.3235207,3.5435205,3.2035205,2.5935204,3.1035204,2.5835204,2.3535204,2.9235206,3.1235206,3.0435205,1.9935205,0.7735205,2.0335205,1.8135206,1.3035206,0.4935205,0.41352051,0.1935205,-0.06647949,0.18352051,-0.4164795,-0.5364795,-0.6764795,-1.1064795,-0.14647949,-0.8464795
3.3335204,4.1435204,4.2435207,3.5535204,3.1235206,3.9135206,5.1335206,4.2935205,4.4835205,2.9635205,1.9835205,5.2835207,3.9335206,3.8835206,3.1335206,3.4635205,3.0835204,4.1435204,2.6035204,2.3835206,2.1735206,2.2935205,2.5735204,2.8435204,2.5235205,1.9235206,1.5535206,1.3135206,1.6235205,1.4035205,1.8035206,1.1535205,0.6635205,0.6535205,0.7235205,1.1435205,-0.016479492,0.7635205,0.6335205,-0.11647949,-1.2664795
