wind.json
{"header": {"discipline":0,"disciplineName":"Meteorological products","gribEdition":2,"gribLength":1125,"center":7,"centerName":"US National Weather Service - NCEP(WMC)","subcenter":0,"refTime":"2023-05-30T12:00:00.000Z","significanceOfRT":1,"significanceOfRTName":"Start of forecast","productStatus":0,"productStatusName":"Operational products","productType":1,"productTypeName":"Forecast products","productDefinitionTemplate":0,"productDefinitionTemplateName":"Analysis/forecast at horizontal level/layer at a point in time","parameterCategory":2,"parameterCategoryName":"UnknownDiscipline_0_Category_2","parameterNumber":3,"parameterNumberName":"UnknownParameter_D0_C2_3","parameterUnit":"Unknown","genProcessType":2,"genProcessTypeName":"Forecast","forecastTime":60,"surface1Type":103,"surface1TypeName":"Specified height level above ground","surface1Value":10.0,"surface2Type":255,"surface2TypeName":"Missing","surface2Value":0.0,"gridDefinitionTemplate":0,"gridDefinitionTemplateName":"Latitude_Longitude","numberPoints":688,"shape":6,"shapeName":"Earth spherical with radius of 6,371,229.0 m","gridUnits":"degrees","resolution":48,"winds":"true","scanMode":64,"nx":43,"ny":16,"basicAngle":0,"lo1":45.0,"la1":40.0,"lo2":87.0,"la2":55.0,"dx":1.0,"dy":1.0}, "data":
[rows 0 to 15 of 16, columns 0 to 42 of 43]
-1.3596362,2.4703639,-0.46963623,1.9003638,1.5803638,-4.3396363,-4.9896364,-5.639636,-6.709636,-2.309636,-2.2596362,0.16036376,2.8303638,1.5503638,-1.5996362,-2.2796361,-1.4096363,-2.2196362,-3.7696362,-6.6296363,-6.769636,-1.0496362,-1.8696362,0.65036374,0.15036377,0.58036375,2.3003638,2.7703638,1.8903638,-1.1496363,-1.4796362,-2.4296362,-1.4096363,-1.6496363,-2.0696363,-5.139636,-3.7196362,2.0603638,2.1603637,2.6303637,2.2303638,1.2303637,-1.2396362
1.8603637,-1.8996363,1.4403638,-1.7496362,0.46036378,-4.579636,-5.689636,-6.1996365,-4.889636,-2.9496362,-0.19963624,-1.6896362,2.0103638,0.7303638,0.41036376,-1.4496362,-1.4296362,-2.8396363,-2.7296362,-4.2196364,-5.429636,-3.4696362,-3.6296363,-3.1996362,3.2003639,-1.6296363,0.44036376,-1.8496362,-2.3696363,0.02036377,0.39036378,1.0903637,-2.0996363,-1.1596363,-0.05963623,-4.889636,-2.1896362,0.32036376,0.09036377,1.0103638,1.2003638,1.2703638,1.3703637
-0.43963623,-2.5196362,4.090364,1.2803638,-2.8196363,-4.2196364,-4.8396363,-6.0896363,-6.179636,-2.3596363,-3.2196362,-2.309636,1.5003638,1.8403637,0.5303638,0.7803638,-1.8296362,-1.7796363,-1.6296363,-3.4696362,-5.749636,-5.5496364,-7.1496363,-5.559636,-0.09963623,1.7903638,-1.7496362,-2.7296362,-1.7596363,0.28036377,1.5103638,0.32036376,2.2803638,2.3603637,1.2403637,2.5903637,-2.9096363,-1.6396363,-1.7496362,-2.6896362,-0.14963622,-2.5296361,1.1403638
2.3403637,1.6403638,-0.60963625,-4.0896363,-4.119636,-3.6496363,-4.659636,-5.289636,-4.709636,-5.7396364,-3.8996363,2.6503637,3.7103639,3.4603639,1.4503638,0.6103638,0.14036377,-0.59963626,-1.5396363,-2.2596362,-3.1596363,-4.979636,-5.5296364,-7.729636,-4.309636,-2.2096362,-0.68963623,1.0503638,-0.5796362,0.95036376,-0.5096362,0.41036376,1.1003637,-0.14963622,1.0903637,-0.9696362,-0.5296362,1.4703637,1.5303638,-0.7696362,0.12036377,-0.8796362,-0.7796362
0.46036378,-0.86963624,-0.97963625,-3.9896362,-3.3696363,-3.3396363,-3.0796363,-3.3496363,-4.7596364,-4.5696363,-2.9896362,3.4803638,3.4803638,3.0303638,4.270364,3.5603638,2.5303638,0.77036375,-0.5296362,-2.1496363,-3.3696363,-3.8696363,-4.809636,-4.369636,-0.13963623,-2.2196362,-2.3896363,-2.6296363,-2.0396361,-2.5096362,0.08036377,-0.23963623,-1.4496362,1.1903638,-0.26963624,1.3403637,-0.18963623,-2.7296362,-1.3996363,-0.5096362,0.48036376,0.81036377,-2.0496361
-1.4496362,-2.3196363,-1.7196362,-4.249636,-4.5496364,-5.4496365,-2.6396363,-0.53963625,-0.80963624,-1.6396363,-4.3796363,1.9703637,5.8503637,4.3903637,4.9503636,5.770364,3.5103638,3.4603639,2.3503637,0.5303638,-1.2196362,-2.5996363,-3.1196363,-1.7196362,-2.1896362,-1.4496362,-1.6896362,-1.5396363,-1.7596363,-2.6796362,-3.2796361,-3.9596362,-4.0696363,-0.04963623,1.3303638,2.2303638,-0.74963623,-0.33963624,-0.54963624,-0.92963624,-0.91963625,-1.9996362,-1.7996362
-1.3996363,-0.8396362,-2.7896361,-2.7796361,-4.809636,-4.0696363,-1.1296363,0.88036376,2.0503638,1.8403637,-0.73963624,2.4003637,3.5703638,4.6003637,2.0003638,5.7203636,4.750364,3.9103637,3.9903638,3.2803638,1.9203638,0.23036377,-1.7896363,0.36036378,-1.3096362,-1.1696362,-2.0296361,-1.8396362,-2.2396362,-2.9296362,-3.3496363,-4.2596364,-4.8796363,-5.4196362,-3.4696362,-1.5296363,1.7903638,1.0503638,3.0703638,1.5703638,-1.1196362,-1.2096362,-1.3996363
-1.6896362,-1.7296362,-3.3696363,-4.2796364,-5.5896363,-1.8796363,2.6703637,4.1003637,3.4103637,1.9003638,2.1603637,4.3003635,3.5303638,3.6703637,2.3403637,2.6003637,4.0303636,3.7403638,4.310364,3.6003637,4.020364,3.7503638,3.1103637,0.90036374,-0.14963622,-0.06963623,-0.14963622,0.07036377,-2.3696363,-2.8496363,-4.559636,-4.6096363,-6.3796363,-6.9496365,-6.2596364,-2.4996362,-0.5796362,-1.4396362,-3.4096363,-3.0796363,-1.2896363,-2.4696362,-2.4896362
-2.9996362,-3.3596363,-3.7996361,-3.8396363,-7.4196362,-2.1496363,7.380364,6.7803636,5.0803638,4.3503637,6.8503637,4.2403636,4.190364,4.2203636,1.6203637,-0.92963624,2.3903637,4.110364,3.6603637,4.270364,4.130364,2.9503639,1.6003637,1.7003638,0.8603638,0.39036378,1.3303638,1.4603637,0.46036378,-1.9696362,-2.4396362,-4.079636,-4.119636,-5.3796363,-6.389636,-5.3996363,-1.8796363,-0.45963624,-0.92963624,1.2203637,0.69036376,-0.02963623,-1.4496362
-3.5496361,-3.059636,-3.559636,-7.539636,-9.689636,-3.9496362,3.6103637,4.4703636,3.8603637,6.8703637,3.2503638,4.3903637,3.8203638,1.9203638,0.7903638,1.4803637,1.8303638,0.29036376,0.89036375,0.9803638,3.4303637,2.8303638,1.6903638,0.52036375,1.4803637,0.96036375,1.1703638,1.7603638,0.38036376,-0.8396362,-1.7596363,-2.2396362,-4.619636,-5.4696364,-5.769636,-2.3296363,-0.12963623,-1.5196363,-2.4396362,-2.3396363,-2.3296363,-2.2796361,-2.7896361
-3.8196363,-4.389636,-4.4896364,-6.7596364,-7.9696364,-7.3996363,-0.44963622,3.3303638,3.5203638,4.920364,4.400364,4.000364,3.7103639,3.1103637,3.4603639,2.3903637,2.2703638,0.01036377,-0.5896362,0.40036377,0.70036376,1.0203638,2.9603639,3.5103638,2.5903637,2.0703638,2.0203638,1.2803638,-0.41963622,-0.13963623,-1.7696363,-1.9696362,-2.2296362,-2.5896363,-4.829636,-5.1296363,-0.8996362,-0.23963623,0.07036377,-2.5096362,-2.2596362,-0.9696362,-0.6496362
-2.7196362,-3.8496363,-3.9496362,-5.349636,-6.409636,-8.149636,-6.7196364,-2.2296362,-1.0596362,1.7603638,3.5703638,3.9603639,2.6803637,5.320364,4.290364,5.8903637,2.190364,2.6103637,2.2403638,1.0903637,1.2703638,2.8503637,3.3703637,3.7203639,3.3903637,3.7103639,2.5603638,1.9803637,0.56036377,0.14036377,0.37036377,1.5503638,-0.20963623,-1.8596362,-3.6596363,-3.7196362,-5.189636,-1.8496362,-0.6996362,0.94036376,0.24036378,0.75036377,-0.14963622
-3.0396361,-3.0196362,-3.0896363,-3.8796363,-3.5796363,-5.1096363,-4.939636,-5.8996363,-5.479636,-0.65963626,-0.9696362,0.69036376,0.21036378,1.8303638,2.5003638,3.8803637,4.070364,3.2003639,3.8603637,3.7103639,2.5703638,3.0903637,3.690364,3.0003638,2.2003639,2.5303638,2.8903637,2.7403638,3.1503637,3.6303637,3.2003639,2.9803638,1.5903637,-0.17963623,-1.8396362,-2.5196362,-2.4996362,-3.2196362,-1.6596363,0.34036377,1.0703638,1.3903638,0.41036376
-2.3996363,-1.8896363,-2.0796363,-2.8396363,-3.8396363,-3.8496363,-3.3596363,-2.2796361,-2.2396362,-4.1296363,-6.429636,-1.8296362,-1.4396362,0.52036375,4.0103636,2.7703638,5.0503635,3.4603639,3.5303638,3.5103638,1.8103638,2.7503638,3.3803637,3.4903638,2.7903638,3.0203638,3.2703638,2.7703638,2.8203638,3.8803637,3.8603637,3.0203638,2.8303638,1.5603638,-0.41963622,-1.2096362,-1.8396362,-0.55963624,-1.0896362,-0.7096362,-1.9396362,-1.2796363,-0.039636232
-1.3296362,-1.3296362,-2.2996361,-1.3196362,-2.2396362,-2.3796363,-2.8896363,-1.5996362,-1.6296363,-2.4496362,-3.1996362,-2.7096362,-0.36963624,-0.5296362,0.8003638,2.0703638,2.7703638,3.1303637,2.0503638,3.6303637,2.8903637,4.070364,2.9803638,3.4103637,1.9203638,2.5803638,2.5203638,1.7103637,3.1603637,4.150364,3.9003637,3.8103638,2.8403637,2.5903637,1.5903637,0.50036377,0.45036376,-0.29963624,-0.72963625,-1.0496362,-1.5596362,-1.0596362,-0.23963623
-0.039636232,0.13036376,-0.5796362,-1.8096362,-2.3496363,-1.9596362,-1.6496363,-1.2796363,-1.9596362,-3.2696362,-2.6996362,0.34036377,0.46036378,-0.19963624,-0.41963622,-1.2596363,-1.0896362,4.190364,3.4703639,-0.01963623,0.30036378,2.0103638,1.3403637,0.9703638,1.2503638,2.2603638,3.8403637,3.4703639,2.7103639,3.1403637,3.3003638,4.340364,3.8603637,3.6503637,2.8303638,2.6403637,2.3003638,1.8703637,0.43036377,-0.37963623,0.06036377,0.7803638,0.27036378
