wind.json
{"header": {"discipline":0,"disciplineName":"Meteorological products","gribEdition":2,"gribLength":1125,"center":7,"centerName":"US National Weather Service - NCEP(WMC)","subcenter":0,"refTime":"2023-06-30T18:00:00.000Z","significanceOfRT":1,"significanceOfRTName":"Start of forecast","productStatus":0,"productStatusName":"Operational products","productType":1,"productTypeName":"Forecast products","productDefinitionTemplate":0,"productDefinitionTemplateName":"Analysis/forecast at horizontal level/layer at a point in time","parameterCategory":2,"parameterCategoryName":"UnknownDiscipline_0_Category_2","parameterNumber":2,"parameterNumberName":"UnknownParameter_D0_C2_2","parameterUnit":"Unknown","genProcessType":2,"genProcessTypeName":"Forecast","forecastTime":180,"surface1Type":103,"surface1TypeName":"Specified height level above ground","surface1Value":10.0,"surface2Type":255,"surface2TypeName":"Missing","surface2Value":0.0,"gridDefinitionTemplate":0,"gridDefinitionTemplateName":"Latitude_Longitude","numberPoints":688,"shape":6,"shapeName":"Earth spherical with radius of 6,371,229.0 m","gridUnits":"degrees","resolution":48,"winds":"true","scanMode":64,"nx":43,"ny":16,"basicAngle":0,"lo1":45.0,"la1":40.0,"lo2":87.0,"la2":55.0,"dx":1.0,"dy":1.0}, "data":
[rows 0 to 15 of 16, columns 0 to 42 of 43]
0.8516968,-2.4383032,-2.318303,-3.6183033,-1.4683032,-0.028303223,1.7216967,-0.06830322,-1.3683032,-0.5783032,-2.4783032,-2.5483031,-2.808303,-2.7483032,-1.9483032,-1.6583033,-2.2983031,-1.7983032,-1.2883033,-4.608303,-4.108303,-4.028303,-5.088303,1.6916968,4.2116966,1.6316968,1.0416968,0.7316968,0.57169676,0.6816968,1.2316967,-0.74830323,0.70169675,0.5316968,0.25169677,0.5216968,2.0616968,3.2816968,0.83169675,-2.7183032,-5.4083033,-7.0383034,-7.6583033
-1.2983032,-0.62830323,-0.3383032,0.7816968,0.021696778,-1.0783032,0.88169676,-0.7883032,-2.6183033,-2.1783032,-3.318303,-3.568303,-3.9783032,-2.808303,-0.98830324,-0.8383032,-0.3383032,-1.3783032,-1.9883032,-2.4683032,-3.0183032,-4.898303,-2.8483033,-0.9683032,2.3716967,3.7916968,0.45169678,1.2616968,4.301697,2.7016969,0.58169675,1.2816968,2.3216968,-0.058303222,0.19169678,-2.0783033,-3.8283033,-2.308303,-0.16830322,-1.4083033,-2.5983033,-1.4283032,2.2116969
-1.8883033,0.43169677,1.2416968,-2.4683032,-3.4883032,0.08169678,-0.10830322,-1.1883032,-2.4283032,-2.5283031,-5.3483033,-4.8683033,-3.2783031,-3.2483032,-1.9683032,-1.7983032,-1.5383033,-1.1283032,-1.6083032,-2.0783033,-0.86830324,-2.7383032,-3.1683033,-3.068303,-0.99830323,4.0016966,0.7716968,-0.24830322,0.7816968,2.1316967,3.431697,2.0016968,0.3516968,0.94169676,-0.46830323,0.6816968,0.63169676,-2.3483033,-0.29830322,-3.3483033,-0.5083032,0.9916968,-0.47830322
-1.1883032,-0.6483032,-2.7783031,-4.108303,-1.4783032,-1.3783032,-3.5183032,-5.588303,-3.2583032,-4.9083033,-5.718303,-3.8883033,-3.6083033,-2.5083032,-3.1583033,-1.5783032,-3.3283033,-2.558303,-1.6283032,0.9316968,-1.1083032,0.6016968,-2.9483032,-6.358303,-7.738303,-10.118303,-6.418303,-5.5983033,-2.0783033,1.1116967,3.7816968,0.13169678,2.1016967,-2.1683033,-0.028303223,0.64169675,-1.9583032,1.6316968,0.6516968,1.6216968,1.2816968,2.7416968,2.4016967
-5.3083034,-6.5383034,-7.1183033,-6.1583033,-6.0183034,-4.5983033,-3.8583033,-5.188303,-2.9783032,-5.1783032,-4.588303,-3.7883031,-2.6683033,-5.5783033,-1.1483033,-2.1883032,-2.6783032,-4.068303,-3.9783032,-4.008303,-4.068303,-4.318303,-1.2483032,-5.7283034,-4.8683033,-6.028303,-6.338303,-5.468303,-3.4083033,-2.5283031,-2.2083032,-1.8783032,-0.5983032,-0.21830322,-0.9483032,1.9916968,2.6216967,3.0616968,2.1116967,1.2816968,-0.13830322,-0.5183032,0.14169678
-6.948303,-6.4583035,-6.5983033,-5.588303,-5.0583034,-3.8883033,-4.198303,-4.3283033,-4.358303,-5.1183033,-4.988303,-3.9483032,-6.2683034,-7.9583035,-6.588303,-2.6083033,-1.4283032,-4.668303,-5.398303,-5.8283033,-5.198303,-5.3283033,-5.3083034,-2.4883032,-1.7383032,-1.9983032,-2.058303,-1.7283032,-3.4483032,-3.568303,-3.1783032,-3.4783032,-1.7183032,1.2616968,1.0216968,1.2816968,-3.3283033,-0.16830322,4.551697,1.7916968,2.9216967,2.1616967,1.8716968
-6.6583033,-6.278303,-5.818303,-4.3283033,-2.8383033,-2.0383031,-2.0083032,-1.0183033,-5.0383034,-5.568303,-3.9183033,-4.5583034,-6.068303,-6.5983033,-7.008303,-4.108303,-2.8983033,-5.698303,-6.4983034,-6.3483033,-5.668303,-4.9583035,-4.9583035,-5.148303,-3.1783032,-2.4483032,-0.7083032,-0.8483032,-0.47830322,1.4916968,1.7116967,1.0516968,1.9116968,2.4116967,1.2716968,0.70169675,-1.0083032,2.7916968,3.3116968,4.1316967,6.7716966,2.6216967,-0.3983032
-6.088303,-5.778303,-4.718303,-4.168303,-4.948303,-4.2483034,-2.0483031,-3.1783032,-4.7883034,-4.838303,-6.008303,-5.3683033,-5.398303,-6.0983033,-5.3283033,-5.008303,-5.4783034,-4.7083035,-4.968303,-4.948303,-5.7683034,-5.448303,-5.468303,-5.4783034,-4.5983033,-2.4383032,-1.8383032,-0.9083032,-1.0083032,-0.30830324,2.3416967,3.5816967,3.7016969,0.31169677,-0.66830325,1.6516968,2.8416967,3.7816968,2.8816967,1.2216967,3.8016968,-0.038303223,2.8416967
-4.778303,-4.418303,-4.3283033,-4.258303,-3.1083033,-3.9483032,-3.0283031,-4.628303,-4.1583033,-4.6383033,-5.318303,-4.968303,-5.108303,-5.128303,-5.218303,-5.238303,-4.648303,-4.3083034,-3.8883033,-3.9883032,-4.2683034,-4.918303,-5.758303,-5.4283032,-5.2483034,-5.3083034,-4.5783033,-3.7983031,-2.808303,-3.9583032,-2.1683033,-2.0283031,0.49169677,1.5016968,2.1016967,-1.3183032,2.2516968,0.051696777,-0.5683032,3.691697,7.4616966,5.4816966,5.311697
-2.7183032,-3.8483033,-3.6783032,-3.6083033,-3.2083032,-2.0083032,-2.3983033,-3.2883031,-3.9683032,-5.028303,-5.188303,-5.1383033,-4.9583035,-5.4283032,-4.488303,-3.7983031,-4.508303,-4.8283033,-4.858303,-4.468303,-2.9783032,-2.3683033,-2.558303,-3.068303,-3.3983033,-3.3383033,-3.7183032,-3.6683033,-2.6883032,-2.7283032,-2.0183032,-0.078303225,1.6316968,0.36169678,1.0016968,1.7216967,3.5216968,3.5016968,1.6616968,0.36169678,0.8616968,0.70169675,1.9216968
-3.2183032,-3.068303,-3.2583032,-3.0483031,-2.6183033,-2.3383033,-1.8883033,-2.5283031,-3.8983033,-4.7283034,-4.5383034,-4.7483034,-5.198303,-4.698303,-3.9283032,-3.9583032,-3.9583032,-3.7783031,-4.008303,-3.7383032,-3.0783033,-2.9483032,-2.818303,-2.1183033,-1.7383032,-1.8183032,-1.6483033,-1.1683033,-0.8383032,-0.4583032,-0.25830323,-0.24830322,0.9716968,2.191697,1.0416968,2.1516967,3.2516968,1.3016968,1.6116967,1.0116968,2.6316967,0.8516968,1.5716968
-1.7183032,-0.67830324,-2.5183032,-2.9783032,-3.818303,-4.858303,-3.9183033,-3.1083033,-2.9983032,-3.8483033,-3.1183033,-3.7683032,-2.9183033,-3.8583033,-3.0083032,-3.8683033,-3.7983031,-3.1483033,-3.5483031,-3.3983033,-3.8383033,-3.6083033,-3.4083033,-3.2483032,-2.6583033,-2.0783033,-1.0783032,-0.9783032,0.20169678,0.51169676,1.5216968,2.1416967,1.2616968,2.2716968,2.3916967,3.0516968,7.1116967,5.0016966,1.5116968,1.3916968,0.8416968,0.48169678,1.4716967
-0.9583032,-1.6583033,-1.3083032,-1.3483032,-2.6783032,-3.5283031,-4.108303,-4.2883034,-3.1683033,-2.4583032,-1.9983032,-1.9383032,0.15169677,-0.60830325,-0.3983032,-1.2583032,-2.5083032,-3.0383031,-1.9683032,-2.5283031,-1.9983032,-1.6083032,-0.44830322,-0.14830323,-0.14830323,0.7416968,0.041696776,0.7116968,1.4216968,2.3116968,2.2316968,2.9216967,2.5216968,2.9616969,2.2116969,2.0216968,3.2416968,3.7616968,5.601697,6.8816967,3.7816968,3.181697,1.4116968
-0.3683032,0.5216968,1.1016967,1.0316968,0.95169675,-0.18830322,-1.3983033,-1.6183032,-2.4583032,-2.1683033,-1.1183032,0.25169677,0.5216968,1.7116967,2.1716967,1.5216968,0.9616968,1.3916968,1.9616967,1.9416968,1.9016968,2.0116968,1.2816968,1.1216968,0.37169677,0.48169678,1.5316968,2.0116968,2.691697,2.6516967,3.9016967,4.2916965,4.701697,4.911697,5.2316966,3.7016969,4.0016966,3.2416968,4.1116967,3.3116968,4.4616966,4.281697,0.46169677
1.4016968,1.1616968,1.7016968,2.4616969,2.3116968,4.031697,1.7416968,1.1516968,1.4116968,0.82169676,-0.058303222,0.3216968,1.4916968,2.4816968,1.8116968,3.5016968,2.9516969,3.4916968,3.7516968,3.9716969,3.1316967,1.8616967,1.6116967,1.1716968,1.5216968,2.1616967,3.3516967,3.0516968,3.0716968,3.7516968,3.9616969,4.581697,5.1116967,4.931697,5.0916967,5.2116966,3.9816968,3.7816968,3.0916967,3.0016968,3.8316967,2.5016968,0.45169678
3.1616967,1.8616967,2.2916968,3.4516969,3.1216967,4.081697,3.9716969,4.281697,4.6116967,3.3416967,2.8016968,1.2516968,1.4216968,2.3016968,2.9216967,1.3416967,4.061697,3.931697,3.1616967,2.9716969,1.8016968,1.3816968,1.8816968,1.2716968,1.3816968,1.4916968,2.0516968,1.9416968,2.3516967,2.9916968,3.7616968,4.051697,3.2916968,5.491697,6.0716968,4.911697,5.061697,4.5916967,2.7316968,4.891697,3.431697,2.8616967,0.82169676
