wind_kz.json
{"header": {"discipline":0,"disciplineName":"Meteorological products","gribEdition":2,"gribLength":871,"center":7,"centerName":"US National Weather Service - NCEP(WMC)","subcenter":0,"refTime":"2023-08-27T18:00:00.000Z","significanceOfRT":1,"significanceOfRTName":"Start of forecast","productStatus":0,"productStatusName":"Operational products","productType":1,"productTypeName":"Forecast products","productDefinitionTemplate":0,"productDefinitionTemplateName":"Analysis/forecast at horizontal level/layer at a point in time","parameterCategory":0,"parameterCategoryName":"UnknownDiscipline_0_Category_0","parameterNumber":0,"parameterNumberName":"UnknownParameter_D0_C0_0","parameterUnit":"Unknown","genProcessType":2,"genProcessTypeName":"Forecast","forecastTime":120,"surface1Type":1,"surface1TypeName":"Ground or water surface","surface1Value":0.0,"surface2Type":255,"surface2TypeName":"Missing","surface2Value":0.0,"gridDefinitionTemplate":0,"gridDefinitionTemplateName":"Latitude_Longitude","numberPoints":615,"shape":6,"shapeName":"Earth spherical with radius of 6,371,229.0 m","gridUnits":"degrees","resolution":48,"winds":"true","scanMode":64,"nx":41,"ny":15,"basicAngle":0,"lo1":47.0,"la1":41.0,"lo2":87.0,"la2":55.0,"dx":1.0,"dy":1.0}, "data":
[rows 0 to 14 of 15, columns 0 to 40 of 41]
298.1609,286.2609,289.6609,298.7609,298.56088,297.1609,298.1609,300.6609,299.46088,299.7609,297.96088,299.06088,297.96088,297.3609,297.2609,291.46088,292.56088,293.8609,291.56088,293.46088,296.06088,290.8609,290.1609,288.06088,291.96088,292.46088,289.6609,278.3609,278.96088,278.6609,276.6609,278.46088,290.96088,297.8609,300.46088,298.6609,298.8609,299.7609,299.46088,299.46088,297.56088
278.56088,289.06088,298.46088,298.7609,298.6609,297.1609,296.56088,295.6609,295.46088,295.46088,296.46088,295.2609,293.6609,291.6609,291.96088,292.8609,293.8609,289.1609,287.96088,289.6609,289.8609,292.06088,290.7609,282.46088,275.7609,276.6609,285.3609,279.3609,279.2609,275.56088,283.3609,272.46088,279.8609,262.1609,280.56088,295.2609,293.96088,297.1609,300.46088,292.3609,284.2609
292.06088,298.06088,298.6609,298.7609,297.1609,295.7609,295.1609,294.2609,293.7609,293.6609,293.2609,293.56088,289.2609,290.46088,290.96088,288.56088,288.7609,288.3609,289.06088,289.8609,290.1609,291.2609,290.96088,285.06088,286.3609,287.96088,289.6609,288.7609,286.8609,283.7609,274.6609,277.7609,281.96088,281.8609,283.8609,284.1609,277.6609,278.7609,282.3609,278.8609,279.46088
289.7609,298.1609,298.6609,298.06088,295.46088,293.96088,294.56088,293.3609,293.96088,293.6609,293.2609,292.3609,294.7609,293.96088,291.06088,290.06088,289.8609,289.1609,291.8609,289.2609,289.56088,286.96088,292.56088,292.2609,292.46088,293.46088,292.6609,291.06088,291.3609,294.06088,295.3609,290.6609,295.3609,293.06088,290.06088,287.6609,278.2609,278.8609,283.46088,293.56088,297.06088
294.06088,297.2609,298.06088,297.46088,295.46088,293.2609,293.6609,293.7609,293.2609,293.2609,292.7609,291.96088,294.6609,293.3609,291.06088,291.1609,291.8609,290.56088,288.2609,291.8609,292.6609,292.8609,290.96088,291.96088,290.46088,290.46088,290.56088,292.1609,292.46088,291.3609,297.56088,291.2609,281.56088,277.7609,284.46088,293.6609,295.6609,297.3609,298.8609,300.8609,301.2609
291.96088,289.7609,295.8609,295.8609,296.56088,296.06088,294.06088,294.3609,293.1609,292.8609,293.06088,293.1609,293.7609,294.2609,292.46088,290.1609,293.3609,292.06088,291.7609,292.06088,291.1609,290.96088,293.96088,292.2609,290.06088,288.2609,290.1609,292.56088,293.06088,294.46088,291.1609,293.96088,292.7609,290.46088,288.46088,290.96088,284.56088,289.56088,297.96088,301.06088,300.1609
293.06088,290.6609,294.1609,293.56088,293.46088,291.2609,292.2609,291.06088,292.6609,293.96088,292.7609,292.8609,294.06088,293.3609,292.96088,292.96088,292.96088,291.3609,292.2609,289.56088,288.06088,288.96088,289.3609,292.2609,289.8609,288.6609,287.3609,290.2609,290.06088,290.96088,290.56088,290.2609,291.6609,293.7609,290.96088,291.96088,286.2609,285.96088,286.6609,285.7609,295.8609
292.1609,290.1609,293.1609,292.6609,293.96088,293.96088,292.96088,291.6609,291.46088,292.06088,291.3609,291.6609,290.3609,290.1609,292.2609,290.8609,290.06088,288.3609,287.1609,284.46088,285.3609,288.06088,286.56088,289.1609,287.6609,283.96088,284.6609,287.46088,285.6609,291.8609,287.3609,289.56088,287.7609,286.06088,286.7609,290.46088,291.2609,289.46088,291.96088,293.96088,290.2609
292.1609,290.7609,291.46088,289.06088,292.46088,291.3609,290.46088,290.8609,290.46088,292.3609,288.6609,288.06088,288.06088,287.2609,288.46088,286.8609,285.8609,286.06088,286.8609,286.2609,284.46088,283.8609,285.6609,285.6609,284.2609,283.1609,282.56088,281.7609,282.96088,281.6609,287.1609,286.8609,287.46088,289.7609,290.2609,288.3609,285.06088,286.46088,282.56088,280.56088,282.8609
289.6609,289.46088,289.6609,288.96088,288.96088,289.56088,290.56088,289.1609,289.2609,291.2609,289.2609,287.1609,285.96088,286.2609,285.1609,286.46088,286.06088,284.96088,284.06088,284.06088,284.2609,283.1609,284.1609,284.3609,284.8609,282.8609,283.7609,283.3609,282.56088,282.6609,286.7609,289.06088,289.6609,290.56088,289.7609,286.96088,286.96088,281.96088,279.56088,280.8609,280.6609
290.2609,288.1609,288.2609,288.7609,287.56088,287.6609,288.56088,287.46088,289.46088,289.46088,287.46088,283.2609,284.1609,284.6609,284.46088,286.2609,285.3609,286.1609,284.06088,282.56088,282.46088,284.46088,283.6609,284.1609,284.2609,284.46088,283.06088,283.46088,283.7609,286.2609,288.1609,290.8609,288.1609,291.3609,291.06088,285.06088,283.1609,279.8609,280.3609,281.96088,281.8609
287.8609,288.6609,287.2609,287.7609,285.56088,286.06088,285.06088,284.96088,286.2609,286.06088,281.6609,284.06088,284.6609,284.1609,284.96088,283.2609,285.1609,284.3609,283.2609,282.2609,280.96088,281.06088,283.3609,283.46088,283.56088,285.2609,285.3609,287.6609,287.2609,287.1609,285.1609,287.8609,289.06088,285.7609,288.6609,287.3609,287.7609,286.3609,286.46088,286.06088,288.2609
285.96088,286.2609,290.56088,285.96088,286.1609,285.6609,285.46088,284.96088,287.7609,285.06088,282.56088,281.46088,284.46088,283.06088,283.56088,282.8609,284.1609,282.56088,283.3609,282.06088,281.8609,279.46088,282.6609,282.96088,284.96088,285.6609,287.96088,287.2609,287.46088,287.1609,287.2609,286.2609,285.1609,286.56088,287.8609,286.2609,286.2609,287.3609,288.1609,286.06088,288.96088
285.56088,290.3609,288.06088,286.2609,284.6609,284.3609,284.1609,286.8609,287.46088,285.1609,282.2609,280.7609,281.06088,282.7609,283.46088,283.56088,284.06088,283.3609,281.96088,282.6609,281.8609,279.56088,283.3609,284.1609,283.56088,284.8609,287.06088,287.46088,288.2609,285.6609,286.46088,285.96088,285.6609,284.7609,284.2609,285.46088,285.3609,284.8609,285.06088,285.1609,284.56088
286.56088,287.3609,290.1609,285.2609,285.2609,284.2609,287.1609,286.7609,286.06088,282.8609,283.56088,282.06088,281.06088,281.8609,282.1609,282.46088,282.7609,282.8609,282.3609,282.3609,281.7609,280.2609,283.06088,283.06088,282.7609,285.2609,283.2609,285.7609,287.1609,284.06088,284.56088,284.46088,283.6609,283.3609,283.2609,283.2609,284.7609,283.56088,284.46088,284.8609,284.96088
