wind_kz.json
{"header": {"discipline":0,"disciplineName":"Meteorological products","gribEdition":2,"gribLength":1025,"center":7,"centerName":"US National Weather Service - NCEP(WMC)","subcenter":0,"refTime":"2025-04-06T00:00:00.000Z","significanceOfRT":1,"significanceOfRTName":"Start of forecast","productStatus":0,"productStatusName":"Operational products","productType":1,"productTypeName":"Forecast products","productDefinitionTemplate":0,"productDefinitionTemplateName":"Analysis/forecast at horizontal level/layer at a point in time","parameterCategory":2,"parameterCategoryName":"UnknownDiscipline_0_Category_2","parameterNumber":2,"parameterNumberName":"UnknownParameter_D0_C2_2","parameterUnit":"Unknown","genProcessType":2,"genProcessTypeName":"Forecast","forecastTime":180,"surface1Type":103,"surface1TypeName":"Specified height level above ground","surface1Value":10.0,"surface2Type":255,"surface2TypeName":"Missing","surface2Value":0.0,"gridDefinitionTemplate":0,"gridDefinitionTemplateName":"Latitude_Longitude","numberPoints":615,"shape":6,"shapeName":"Earth spherical with radius of 6,371,229.0 m","gridUnits":"degrees","resolution":48,"winds":"true","scanMode":64,"nx":41,"ny":15,"basicAngle":0,"lo1":47.0,"la1":41.0,"lo2":87.0,"la2":55.0,"dx":1.0,"dy":1.0}, "data":
[rows 0 to 14 of 15, columns 0 to 40 of 41]
2.3602343,1.9902344,-1.0497656,4.0702343,4.1102343,5.1302342,6.5002346,8.130235,6.650234,4.7202344,2.5002344,0.19023438,-0.67976564,0.43023437,0.30023438,0.28023437,3.3802345,4.5802345,2.5102344,3.3302343,-3.3097656,-3.5497656,-0.5297656,1.6202344,-0.26976562,1.1902344,0.5902344,2.2602344,2.4402344,0.88023436,0.43023437,2.2802343,-0.4897656,-0.29976562,2.6602345,1.5702344,3.3502343,1.3002343,2.9702344,3.2502344,3.5202343
4.0602345,-1.5897657,2.2102344,5.3002343,6.0902343,6.5002346,7.690234,6.0302343,5.460234,2.2402344,0.020234374,-1.4697657,0.25023437,0.12023438,-0.14976563,-1.3197656,0.2602344,-0.91976565,-0.49976563,-2.8397655,-1.6197656,-2.7897656,-0.41976562,1.0502343,1.4702344,0.57023436,2.34375E-4,2.5102344,1.7402344,1.3802344,0.2602344,0.58023435,1.7202344,-0.54976565,0.94023436,-1.1597656,-0.19976562,1.1102344,0.56023437,1.2802343,-0.28976563
-2.8097656,0.18023437,4.0802345,6.0602345,8.060234,8.080235,6.6102343,6.420234,-1.3797656,1.0402343,-1.5097656,-2.3597655,-0.7697656,-0.6297656,-0.98976564,-0.6997656,-3.8597655,-3.4997656,-3.0097656,-1.4997656,-1.7397656,-3.4197657,-1.5797657,-0.029765625,-1.0097656,1.1802344,-0.6397656,0.95023435,2.4102345,0.30023438,0.95023435,-2.4697657,-0.8297656,3.0002344,-4.4097657,2.9402344,0.17023438,1.7202344,-1.2297657,-1.2597656,-1.2297657
-0.5997656,3.6202345,4.7602344,4.7602344,5.1002345,4.6802344,4.5402346,2.7502344,-0.6497656,-1.0797657,-4.2197657,-5.0297656,-3.1697657,-3.1897657,-1.9597657,-2.8997657,-2.2897656,-2.4797657,-1.6097656,-1.2997656,1.9002343,2.2302344,-3.3497655,-3.3697655,-1.6197656,-1.0597656,1.9302344,0.48023438,-3.4897656,-3.8997657,-0.7897656,-2.1797657,-2.8497655,-1.7297657,-0.79976565,-0.09976563,0.08023438,1.5602344,-0.67976564,-0.38976562,1.9202343
4.1802344,1.6402344,2.8002343,4.0602345,6.190234,7.0202346,1.4802344,0.76023436,-2.6097655,-2.6197655,-3.2897656,-4.9197655,-3.7997656,-2.7797656,0.5502344,-2.5097656,-1.3497657,-0.92976564,0.6802344,-2.6097655,5.5502343,-1.1497656,-4.2097654,-4.6397657,-3.7097657,-4.519766,-5.2097654,0.38023436,-3.0797656,-1.9097656,-1.2197657,-2.4397657,-2.3397655,0.15023437,-2.3297656,-2.8997657,-0.5897656,-0.44976562,0.11023437,0.8002344,1.7002344
6.920234,5.190234,3.3302343,4.3402343,4.7702346,3.7302344,-2.8497655,-2.0197656,-1.9297656,-3.6997657,-4.3897657,-5.3397655,-3.7497656,-3.5697656,-2.5297656,-2.5497656,-1.8397657,-0.5297656,3.0102344,-1.6297656,3.5402343,-1.0197656,-3.9697657,-5.099766,-3.9597657,-3.7497656,-3.7997656,-2.4997656,-0.4297656,0.5302344,-2.0597656,-1.7997656,1.2402344,-1.2497656,0.030234374,-3.0997655,-1.4097656,-2.7697656,-2.3697655,-2.0097656,-0.5897656
7.0702343,7.0902343,2.3602343,5.1802344,5.9302344,2.4902344,-1.2997656,-3.3797655,-4.1597657,-4.4197655,-4.4997654,-5.1697655,-5.6497655,-5.059766,-4.2297654,-2.3397655,-1.4997656,-0.6297656,0.81023437,0.2602344,2.2102344,-0.68976563,-4.6497655,-5.039766,-2.5597656,-3.5697656,-2.2297657,-2.6897657,-1.9997656,-2.0897655,-4.9297657,-4.8797655,-4.019766,-4.1097655,-0.15976563,-3.9897656,0.15023437,-1.6397656,-0.47976562,0.88023436,-1.7497656
4.9102345,7.5002346,2.3002343,4.3802342,7.0302343,0.57023436,-1.3597656,-2.6997657,-3.8797655,-4.4997654,-5.1397657,-6.3697658,-5.599766,-5.349766,-4.3597655,-3.6897657,-2.8497655,-1.9097656,0.45023438,-2.1897657,-5.0697656,-4.8397655,-4.2797656,-6.0097656,-1.8297657,-2.4597657,-2.6697657,-3.5797656,-5.6897655,-5.9497657,-6.3197656,-5.6697655,-4.039766,-0.92976564,-4.6697655,-4.3997655,-1.0797657,2.1502345,-2.7497656,-2.5797656,0.8002344
5.0402346,8.090235,2.0502343,2.6602345,7.1402345,-1.4497657,-1.2897656,-2.9897656,-3.2797656,-4.4897656,-5.8197656,-5.8797655,-6.019766,-5.3197656,-5.579766,-4.599766,-4.789766,-3.4197657,-3.4097657,-4.4497657,-5.7597656,-5.2597656,-4.1297655,-6.4697657,-3.3397655,-1.3497657,-1.9897656,-3.1697657,-7.2397656,-7.4297657,-5.7097654,-3.9797657,-3.1697657,-3.6797657,-2.4097657,0.010234375,-0.8997656,-1.2997656,-1.3597656,-0.32976562,-2.1597657
4.980234,6.8602343,2.3002343,1.1702343,6.6102343,-0.23976563,-2.3497655,-3.1197655,-3.8597655,-4.0897655,-5.3797655,-6.269766,-5.579766,-5.519766,-6.1997657,-5.9097657,-6.4597654,-6.3197656,-7.1197658,-7.7597656,-9.199765,-7.8397655,-7.349766,-7.4797654,-7.7997656,-6.8597655,-8.039765,-8.419765,-6.329766,-6.599766,-5.099766,-3.3897657,-1.9897656,-3.8297656,-2.7397656,-0.12976563,1.4402344,-0.29976562,0.9202344,0.5402344,0.040234376
4.5302343,5.920234,1.2002344,0.14023438,5.3502345,-0.23976563,-2.5397656,-3.7297657,-3.9997656,-4.769766,-5.4297657,-5.8197656,-5.269766,-5.769766,-5.9897656,-6.789766,-7.4897656,-7.8597655,-8.459765,-9.679766,-10.099766,-9.349766,-10.209765,-9.329765,-8.209765,-6.1097655,-7.2597656,-6.7597656,-5.7597656,-4.0297656,-3.5797656,-2.6297655,-3.2297657,-1.0397656,-2.5297656,-0.9497656,-0.8397656,1.1802344,1.3602344,-0.28976563,0.6502344
4.9302344,5.690234,0.83023435,0.060234375,4.2602344,0.52023435,-3.2697656,-4.1197658,-4.7097654,-4.7397656,-5.1197658,-5.6797657,-5.4397655,-5.8697658,-6.5897655,-6.9797654,-7.7397656,-8.049766,-8.569766,-8.889766,-8.329765,-9.079765,-8.779766,-7.6797657,-7.1897655,-6.6197658,-5.6497655,-5.309766,-4.2597656,-4.039766,-2.0697656,-3.2497656,-2.7597656,-2.1597657,-1.3697656,-0.6397656,0.11023437,0.7102344,0.6602344,0.34023437,1.4602344
4.4902344,3.1302345,0.41023436,2.5802343,1.9802344,0.19023438,-3.4697657,-3.9097657,-4.6997657,-3.6997657,-3.5097656,-5.1797657,-5.5097656,-6.1697655,-6.6297655,-7.0297656,-7.7297654,-8.149766,-7.9697657,-7.9497657,-7.7197657,-7.7497654,-7.7297654,-7.0297656,-6.6797657,-5.7297654,-4.7097654,-4.2197657,-2.9997656,-1.9497657,-1.1897656,-1.3997656,-0.7697656,-0.34976563,-0.20976563,0.5502344,1.8902344,0.58023435,1.9402344,2.1102343,1.7502344
5.670234,0.5402344,-0.60976565,0.82023436,-1.0097656,-0.15976563,-2.2697656,-3.3497655,-3.3497655,-2.5697656,-3.0597656,-4.6197658,-5.6497655,-5.6897655,-6.1997657,-6.4097657,-6.7997656,-7.1797657,-7.6297655,-7.9297657,-7.7297654,-7.1997657,-6.6897655,-5.6197658,-4.7297654,-3.9397657,-2.6697657,-1.6397656,-0.5797656,0.9902344,1.5502343,0.83023435,2.4302344,2.0902343,2.1202345,2.5502343,2.4402344,3.0902343,4.2602344,3.3202343,3.8602343
1.4302344,-1.5897657,-0.92976564,-0.30976564,-1.5997657,-1.7897656,-2.7197657,-2.8897657,-3.2497656,-3.1697657,-2.4397657,-3.2997656,-3.1897657,-3.6697657,-5.0697656,-5.7097654,-6.0497656,-6.269766,-6.4597654,-6.3997655,-5.7497654,-5.1597657,-4.0897655,-3.1697657,-1.7497656,-0.54976565,0.23023437,1.4202343,2.1502345,2.5302343,3.0102344,3.4102345,4.2202344,4.0902343,4.440234,5.650234,5.4102345,5.3602343,5.690234,5.900234,4.5702343
