wind_kz.json
{"header": {"discipline":0,"disciplineName":"Meteorological products","gribEdition":2,"gribLength":1102,"center":7,"centerName":"US National Weather Service - NCEP(WMC)","subcenter":0,"refTime":"2023-08-27T00:00:00.000Z","significanceOfRT":1,"significanceOfRTName":"Start of forecast","productStatus":0,"productStatusName":"Operational products","productType":1,"productTypeName":"Forecast products","productDefinitionTemplate":0,"productDefinitionTemplateName":"Analysis/forecast at horizontal level/layer at a point in time","parameterCategory":2,"parameterCategoryName":"UnknownDiscipline_0_Category_2","parameterNumber":2,"parameterNumberName":"UnknownParameter_D0_C2_2","parameterUnit":"Unknown","genProcessType":2,"genProcessTypeName":"Forecast","forecastTime":300,"surface1Type":103,"surface1TypeName":"Specified height level above ground","surface1Value":10.0,"surface2Type":255,"surface2TypeName":"Missing","surface2Value":0.0,"gridDefinitionTemplate":0,"gridDefinitionTemplateName":"Latitude_Longitude","numberPoints":615,"shape":6,"shapeName":"Earth spherical with radius of 6,371,229.0 m","gridUnits":"degrees","resolution":48,"winds":"true","scanMode":64,"nx":41,"ny":15,"basicAngle":0,"lo1":47.0,"la1":41.0,"lo2":87.0,"la2":55.0,"dx":1.0,"dy":1.0}, "data":
[rows 0 to 14 of 15, columns 0 to 40 of 41]
2.6306689,1.9606689,-0.09933105,-7.769331,-4.209331,-5.849331,-8.309331,-9.469331,-10.199331,-9.019331,-8.469331,-7.669331,-6.9893312,-6.649331,-5.479331,-5.229331,-4.709331,-5.589331,-5.569331,-3.999331,-2.759331,-1.219331,2.6706688,6.900669,7.740669,4.720669,7.210669,5.020669,3.350669,4.610669,4.120669,1.3306689,3.330669,0.91066897,2.970669,-1.0293311,-1.329331,-2.3293312,-0.37933105,-0.89933103,0.69066894
1.530669,-7.369331,-12.139331,-9.699331,-7.7193313,-2.879331,-8.229331,-8.549331,-9.049331,-8.729331,-8.099331,-7.509331,-7.009331,-6.019331,-5.679331,-4.859331,-3.8393312,-4.189331,-4.349331,-3.649331,-1.2593311,-3.959331,-0.30933106,1.910669,3.270669,1.890669,-0.58933103,2.6606688,4.060669,4.740669,0.88066894,1.9906689,-2.909331,0.99066895,0.44066894,-0.89933103,1.290669,0.050668944,1.770669,-2.759331,-2.6093311
-8.829331,-9.999331,-10.169331,-9.479331,-6.309331,-7.369331,-7.779331,-8.089331,-8.139331,-7.879331,-7.939331,-7.529331,-6.379331,-6.299331,-5.809331,-4.849331,-3.889331,-3.3593311,-2.939331,-2.209331,-1.3993311,-5.329331,-5.359331,-6.009331,-2.049331,-0.8493311,-0.779331,1.1006689,-0.57933104,-0.30933106,0.61066896,-0.6093311,-2.279331,3.200669,-4.689331,-4.569331,1.7206689,0.060668945,7.290669,-1.249331,-2.719331
-9.589331,-10.829331,-9.619331,-6.6993313,-2.749331,-5.629331,-5.809331,-6.269331,-6.789331,-6.309331,-8.229331,-8.119331,-7.7393312,-5.2393312,-3.219331,-3.549331,-2.969331,-2.409331,-2.779331,-3.3293312,-3.409331,-5.619331,-1.1693311,-1.839331,-1.219331,-0.20933105,0.13066894,2.050669,-0.09933105,0.80066895,5.2806687,4.630669,10.580669,18.07067,11.150669,8.460669,1.1106689,0.95066893,0.15066895,4.660669,11.200669
-9.789331,-9.519331,-7.849331,-8.169331,-6.339331,-4.839331,-4.809331,-4.979331,-4.419331,-3.699331,-6.509331,-6.099331,-5.379331,-3.499331,2.360669,-2.679331,-1.829331,-1.439331,-1.319331,-2.0993311,-2.679331,-2.539331,-1.459331,-0.43933105,-0.20933105,-0.37933105,-2.169331,-0.059331056,0.75066894,2.050669,3.6706688,3.4306688,3.770669,1.250669,1.6006689,-3.979331,14.600669,0.33066896,5.460669,6.100669,2.590669
-7.269331,-8.039331,-8.389331,-8.319331,-7.849331,-5.439331,-5.069331,-3.529331,-2.259331,-2.8493311,-2.769331,-3.749331,-3.0993311,-3.009331,-1.859331,-2.509331,-1.739331,-1.199331,-0.49933106,-0.529331,-1.989331,-1.6793311,-0.6693311,6.689453E-4,0.30066895,0.74066895,-1.059331,-2.1093311,0.56066895,1.130669,0.18066895,-1.729331,-0.48933107,0.6406689,4.680669,7.490669,4.590669,4.460669,17.200668,11.000669,-4.019331
-6.879331,-6.889331,-6.869331,-6.1993313,-4.919331,-3.6093311,-5.129331,-3.919331,-2.899331,-1.2593311,0.07066894,-1.189331,-1.5293311,-2.289331,-2.009331,-1.7593311,-1.2893311,-0.55933106,-0.30933106,0.81066895,-1.499331,-1.069331,-1.3793311,-0.55933106,-0.45933107,0.36066896,-0.40933105,0.28066894,-0.09933105,-0.50933105,-1.749331,-1.699331,-1.479331,-0.51933104,4.130669,1.4506689,2.6706688,-0.94933105,3.270669,4.470669,10.660669
-5.879331,-5.929331,-5.459331,-5.069331,-4.639331,-3.889331,-3.399331,-2.679331,-1.7693311,-0.98933107,-0.18933105,0.09066895,-0.19933106,0.26066893,-0.69933105,-0.29933107,-0.37933105,0.020668946,-0.9093311,-0.64933103,-0.049331054,-0.55933106,-0.88933104,-0.31933105,0.24066895,0.30066895,1.3406689,0.8906689,0.27066895,0.14066894,0.12066895,-1.4193311,-0.29933107,-0.48933107,-2.799331,1.270669,3.6606688,8.120669,10.0406685,13.010669,8.7906685
-4.919331,-4.6993313,-4.369331,-4.049331,-3.399331,-3.009331,-2.799331,-2.0893312,-1.6493311,-1.319331,-0.56933105,0.6406689,0.9606689,0.530669,0.94066894,0.48066893,0.23066895,0.32066894,-0.89933103,-0.10933106,0.40066895,0.62066895,1.1006689,1.6006689,1.290669,1.940669,1.760669,2.1806688,1.680669,1.4606689,1.520669,0.13066894,0.57066894,0.80066895,2.580669,1.010669,1.2406689,1.6106689,1.250669,0.9006689,1.280669
-3.729331,-3.5993311,-3.1193311,-2.389331,-1.8893311,-1.609331,-1.449331,-0.67933106,-0.94933105,-0.80933106,-0.6693311,-0.21933106,0.56066895,0.91066897,1.250669,0.8406689,0.76066893,1.1106689,1.390669,0.36066896,1.640669,0.92066896,1.640669,2.590669,3.080669,3.010669,3.1806688,3.750669,3.850669,3.530669,3.340669,3.200669,2.870669,4.380669,4.340669,-0.88933104,1.890669,1.7006689,1.650669,0.85066897,1.9806689
-2.0793312,-2.149331,-1.4093311,-1.369331,-1.339331,-0.009331055,0.61066896,0.19066894,1.3206689,1.790669,2.450669,2.330669,1.520669,1.8406689,2.1706688,1.9606689,2.1706688,2.790669,2.9206688,2.200669,2.690669,2.020669,2.580669,3.020669,3.450669,3.1706688,3.830669,5.0106688,4.220669,3.940669,3.700669,3.020669,3.320669,3.070669,3.990669,2.470669,0.49066895,0.8406689,0.11066894,-0.20933105,0.21066895
-0.019331055,0.17066894,0.49066895,0.94066894,1.170669,1.430669,1.7106689,2.1306689,1.420669,2.210669,3.080669,3.330669,2.320669,2.830669,2.980669,2.450669,2.280669,2.9006689,2.830669,2.290669,2.720669,2.830669,3.540669,3.540669,3.1306689,3.240669,4.900669,4.7606688,4.150669,4.110669,4.020669,3.600669,3.6806688,3.260669,2.4006689,3.510669,3.970669,3.550669,2.320669,-0.29933107,-0.51933104
1.880669,2.960669,3.320669,2.4106688,1.3206689,1.550669,2.030669,1.900669,1.750669,2.090669,2.540669,2.840669,1.8406689,2.480669,1.6206689,2.550669,2.740669,2.950669,3.1806688,2.830669,3.100669,3.220669,2.370669,2.590669,3.190669,3.6606688,5.290669,5.160669,4.820669,4.060669,4.0306687,3.490669,3.360669,4.570669,4.430669,5.080669,4.930669,3.790669,4.630669,1.810669,1.640669
2.810669,2.370669,1.8506689,3.600669,2.830669,2.790669,3.210669,3.270669,3.320669,2.290669,2.1606688,2.470669,1.3706689,1.380669,2.8906689,2.870669,3.3806689,4.0306687,4.000669,2.4306688,3.720669,3.370669,3.190669,3.440669,3.050669,3.490669,3.940669,4.150669,2.740669,3.540669,2.800669,3.120669,4.5106688,5.150669,4.490669,4.120669,4.070669,3.720669,2.840669,1.880669,2.950669
2.070669,3.440669,0.68066895,4.290669,3.590669,3.490669,3.940669,3.710669,3.050669,1.9506689,1.6206689,3.550669,2.770669,2.4306688,3.250669,3.690669,3.8806689,4.210669,3.530669,3.6606688,3.770669,2.9106688,3.020669,2.3806689,3.4106688,2.940669,3.020669,3.260669,3.800669,4.0306687,4.2806687,3.450669,3.6806688,4.500669,4.540669,4.520669,4.340669,4.890669,3.8906689,3.1606688,2.030669
