wind_kz.json
{"header": {"discipline":0,"disciplineName":"Meteorological products","gribEdition":2,"gribLength":1025,"center":7,"centerName":"US National Weather Service - NCEP(WMC)","subcenter":0,"refTime":"2025-04-04T18:00:00.000Z","significanceOfRT":1,"significanceOfRTName":"Start of forecast","productStatus":0,"productStatusName":"Operational products","productType":1,"productTypeName":"Forecast products","productDefinitionTemplate":0,"productDefinitionTemplateName":"Analysis/forecast at horizontal level/layer at a point in time","parameterCategory":2,"parameterCategoryName":"UnknownDiscipline_0_Category_2","parameterNumber":2,"parameterNumberName":"UnknownParameter_D0_C2_2","parameterUnit":"Unknown","genProcessType":2,"genProcessTypeName":"Forecast","forecastTime":300,"surface1Type":103,"surface1TypeName":"Specified height level above ground","surface1Value":10.0,"surface2Type":255,"surface2TypeName":"Missing","surface2Value":0.0,"gridDefinitionTemplate":0,"gridDefinitionTemplateName":"Latitude_Longitude","numberPoints":615,"shape":6,"shapeName":"Earth spherical with radius of 6,371,229.0 m","gridUnits":"degrees","resolution":48,"winds":"true","scanMode":64,"nx":41,"ny":15,"basicAngle":0,"lo1":47.0,"la1":41.0,"lo2":87.0,"la2":55.0,"dx":1.0,"dy":1.0}, "data":
[rows 0 to 14 of 15, columns 0 to 40 of 41]
0.7110449,1.8710449,-1.478955,-0.87895507,-1.5189551,-1.4089551,0.6910449,0.22104493,2.841045,2.6910448,2.721045,2.971045,4.371045,1.9410449,1.4810449,3.6910448,3.591045,1.3710449,0.8910449,-0.8489551,4.171045,5.181045,6.101045,2.791045,0.6510449,4.7910447,3.9110448,2.6210449,0.11104492,2.001045,3.6210449,1.0010449,0.5910449,-1.9189551,-2.188955,2.1410449,2.6310449,1.7510449,0.7610449,0.41104493,0.41104493
1.3210449,-3.0789552,-5.168955,-4.088955,-2.0989552,-1.8089551,0.5810449,1.921045,1.7010449,2.301045,3.3910449,3.321045,1.541045,2.1410449,0.7110449,2.081045,3.061045,2.6810448,2.8910449,0.32104492,4.421045,3.571045,6.861045,-0.27895507,-0.15895508,0.6310449,-0.7789551,-1.1489551,1.1310449,2.801045,0.9710449,0.4910449,-0.40895507,1.0910449,-0.15895508,-2.3289552,-1.198955,-1.5589551,-1.2589551,-0.29895508,0.67104495
-2.438955,-4.898955,-4.618955,-3.958955,-2.8189552,-0.5889551,1.3710449,2.6410449,3.4310448,2.9110448,3.721045,2.9110448,3.291045,3.571045,3.091045,2.031045,2.9410448,3.301045,3.051045,2.991045,4.641045,2.471045,1.401045,-0.5489551,-1.208955,-1.0289551,-0.118955076,1.7310449,5.091045,-0.7889551,2.061045,-0.36895508,0.55104494,0.99104494,-1.738955,-0.10895508,-0.16895507,0.9110449,-1.7689551,2.471045,2.9410448
-3.438955,-2.6089551,-2.398955,-2.038955,-0.36895508,1.771045,2.8810449,3.781045,3.451045,3.481045,3.581045,3.701045,3.1810448,4.631045,5.0410447,4.711045,4.281045,3.221045,3.561045,3.4410448,1.921045,-1.6489551,2.471045,0.5110449,2.1610448,1.911045,0.98104495,2.1310449,0.9410449,1.161045,3.201045,0.7010449,4.5410447,5.511045,4.0210447,5.621045,1.5810449,1.161045,-1.838955,-2.8689551,-2.538955
0.13104492,0.74104494,0.3910449,1.5910449,2.241045,2.9010448,3.351045,4.7910447,4.571045,5.171045,5.951045,6.871045,5.741045,6.2710447,5.161045,5.951045,6.081045,5.511045,5.121045,3.501045,3.461045,2.9210448,2.8810449,2.4410448,2.4410448,3.041045,1.641045,-0.088955075,3.6310449,2.1710448,0.3310449,1.521045,1.7210449,1.8410449,-0.5489551,-1.5689551,3.861045,-4.138955,-2.938955,-3.988955,-4.018955
2.9010448,3.1310449,3.541045,4.361045,4.7710447,5.631045,5.871045,5.721045,5.5210447,6.431045,6.341045,6.051045,5.261045,4.101045,5.031045,5.731045,6.0010448,6.321045,6.0410447,5.631045,6.441045,4.951045,3.751045,3.021045,3.971045,3.9210448,4.091045,2.001045,2.741045,3.601045,4.201045,2.9210448,2.601045,1.4410449,-0.9689551,0.12104492,-0.93895507,2.281045,5.2510448,3.4310448,-2.518955
4.741045,5.031045,5.531045,5.801045,6.191045,7.241045,6.661045,7.031045,6.241045,7.3110447,7.231045,6.5210447,6.7910447,6.761045,6.121045,5.821045,6.2710447,6.571045,6.891045,6.761045,7.351045,6.881045,6.601045,5.701045,5.951045,4.931045,5.711045,5.641045,4.971045,4.901045,3.971045,3.951045,3.081045,2.8710449,-0.51895505,0.04104492,-1.0289551,0.38104492,1.9810449,-0.32895508,3.9410448
6.5210447,6.7510448,7.151045,7.111045,6.861045,7.441045,7.0010448,6.161045,6.601045,6.131045,6.441045,6.451045,6.481045,6.121045,5.881045,5.721045,6.471045,7.121045,6.261045,6.591045,8.571045,8.891045,8.491045,8.351045,8.721045,8.021045,7.951045,6.721045,7.181045,6.691045,6.951045,6.051045,4.5210447,3.551045,5.461045,3.031045,-0.8689551,-0.4789551,4.241045,6.161045,4.601045
6.611045,7.0010448,6.741045,7.131045,6.891045,5.2910447,5.551045,6.211045,4.071045,4.971045,6.201045,4.741045,3.6610448,2.831045,-0.39895508,0.47104493,1.641045,1.9510449,2.611045,2.811045,3.331045,8.751045,7.651045,9.101045,9.141045,9.091045,10.271045,10.2610445,9.811045,9.781045,8.891045,8.221045,7.441045,3.991045,5.051045,1.3610449,1.031045,2.3710449,1.5910449,1.0810449,1.281045
6.981045,7.261045,6.831045,5.871045,4.981045,3.701045,3.021045,1.4810449,0.26104492,-1.3989551,-0.9889551,-1.2789551,0.2710449,1.801045,2.301045,2.4110448,2.8910449,4.091045,5.0210447,5.981045,7.491045,7.7710447,7.491045,7.681045,7.471045,6.451045,9.051044,10.801044,11.061045,12.571045,11.941045,9.521045,7.5010448,5.201045,2.711045,2.511045,-0.6689551,-0.37895507,2.961045,1.8610449,-0.038955078
6.371045,6.091045,5.831045,1.291045,-1.1689551,-2.518955,-3.698955,-3.6289551,-2.168955,-1.708955,-0.33895507,1.2410449,1.5710449,2.731045,3.521045,4.351045,4.651045,4.931045,5.401045,6.231045,7.211045,7.7910447,8.481045,9.661045,9.791045,10.281045,9.711045,6.551045,10.841045,11.671045,10.111045,10.631045,8.701045,4.3110447,2.481045,0.8410449,1.661045,1.3210449,5.2510448,2.761045,3.1310449
1.8210449,0.37104493,-1.978955,-2.798955,-4.908955,-4.2489552,-2.3789551,-3.3089552,-2.038955,-0.8589551,1.3410449,1.911045,2.451045,3.1810448,3.841045,4.2710447,4.5210447,5.171045,5.5210447,6.0210447,7.051045,7.881045,8.631045,9.081045,9.431045,10.151045,10.731045,9.921045,8.821045,7.101045,5.731045,6.871045,6.971045,4.321045,3.1910448,3.951045,5.0410447,5.301045,3.071045,-0.9089551,-1.3889551
1.7210449,-1.9389551,-4.2089553,-4.368955,-3.008955,-3.238955,-1.728955,-1.1789551,-0.37895507,0.091044925,1.161045,2.6410449,3.1710448,3.6610448,3.581045,3.8710449,4.2510448,5.051045,5.171045,5.961045,6.831045,7.131045,7.821045,8.611045,7.831045,7.571045,7.0610447,8.5110445,9.981045,7.701045,6.821045,4.101045,4.901045,6.7510448,4.621045,2.821045,2.6410449,1.6110449,1.6110449,2.1210449,1.8810449
-2.508955,-3.3289552,-3.788955,-4.008955,-2.748955,-1.1589551,-0.7489551,0.06104492,0.3610449,0.7710449,1.8710449,2.971045,3.231045,3.291045,3.6310449,4.0610447,4.661045,5.0610447,5.591045,6.391045,6.671045,7.2510448,7.831045,7.871045,9.611045,5.7510448,5.071045,3.8810449,5.531045,7.451045,8.501045,7.7910447,6.741045,3.8810449,3.551045,0.5210449,0.98104495,1.7010449,2.6810448,3.241045,4.7710447
-3.1289551,-3.948955,-2.5589552,-0.9689551,-0.46895507,-0.5289551,0.13104492,0.92104495,1.5010449,2.201045,1.9910449,3.9010448,3.451045,3.591045,3.751045,3.971045,4.651045,4.761045,4.491045,5.491045,5.471045,6.431045,6.711045,7.361045,6.361045,8.041045,4.911045,2.3710449,0.28104493,-1.3789551,-3.228955,-4.558955,-2.758955,-1.6289551,0.80104494,0.9610449,0.73104495,2.481045,3.841045,4.641045,3.861045
