wind_kz.json
{"header": {"discipline":0,"disciplineName":"Meteorological products","gribEdition":2,"gribLength":871,"center":7,"centerName":"US National Weather Service - NCEP(WMC)","subcenter":0,"refTime":"2023-09-20T00:00:00.000Z","significanceOfRT":1,"significanceOfRTName":"Start of forecast","productStatus":0,"productStatusName":"Operational products","productType":1,"productTypeName":"Forecast products","productDefinitionTemplate":0,"productDefinitionTemplateName":"Analysis/forecast at horizontal level/layer at a point in time","parameterCategory":0,"parameterCategoryName":"UnknownDiscipline_0_Category_0","parameterNumber":0,"parameterNumberName":"UnknownParameter_D0_C0_0","parameterUnit":"Unknown","genProcessType":2,"genProcessTypeName":"Forecast","forecastTime":120,"surface1Type":1,"surface1TypeName":"Ground or water surface","surface1Value":0.0,"surface2Type":255,"surface2TypeName":"Missing","surface2Value":0.0,"gridDefinitionTemplate":0,"gridDefinitionTemplateName":"Latitude_Longitude","numberPoints":615,"shape":6,"shapeName":"Earth spherical with radius of 6,371,229.0 m","gridUnits":"degrees","resolution":48,"winds":"true","scanMode":64,"nx":41,"ny":15,"basicAngle":0,"lo1":47.0,"la1":41.0,"lo2":87.0,"la2":55.0,"dx":1.0,"dy":1.0}, "data":
[rows 0 to 14 of 15, columns 0 to 40 of 41]
287.7099,281.90988,286.80988,294.40988,294.6099,294.0099,293.2099,292.6099,290.7099,289.90988,288.80988,290.30988,290.2099,290.0099,289.90988,287.6099,287.5099,288.40988,287.40988,287.40988,288.2099,285.0099,283.30988,280.80988,284.2099,285.2099,283.6099,269.6099,267.5099,269.1099,270.80988,272.6099,280.2099,285.6099,286.30988,286.1099,286.7099,286.6099,285.40988,284.6099,284.40988
272.40988,285.5099,294.2099,294.30988,294.0099,292.40988,290.80988,289.7099,288.1099,288.40988,289.5099,288.7099,289.1099,289.0099,287.80988,287.30988,286.2099,287.30988,286.90988,285.90988,287.30988,287.90988,285.1099,280.40988,271.80988,271.5099,277.90988,269.1099,271.7099,265.6099,270.80988,266.7099,271.7099,250.6099,262.7099,283.0099,281.0099,283.7099,286.2099,279.0099,283.80988
288.2099,293.0099,294.40988,293.90988,291.6099,290.2099,290.1099,289.1099,287.30988,287.40988,286.90988,288.2099,288.30988,289.2099,289.80988,287.40988,285.90988,285.2099,285.80988,285.80988,289.30988,288.90988,287.90988,281.0099,282.2099,282.40988,282.7099,281.5099,280.90988,273.30988,262.80988,268.6099,274.0099,273.2099,275.6099,275.7099,265.0099,269.40988,270.7099,269.7099,259.5099
291.7099,292.90988,294.30988,292.90988,291.2099,288.80988,289.90988,288.2099,288.5099,288.30988,288.0099,288.30988,291.80988,291.2099,288.90988,288.6099,288.7099,286.80988,286.80988,286.1099,287.90988,281.6099,285.2099,285.6099,285.2099,285.1099,285.0099,283.0099,280.1099,280.7099,281.1099,279.40988,283.90988,283.1099,281.40988,278.80988,266.90988,265.30988,271.7099,278.7099,282.6099
291.30988,292.0099,293.0099,292.1099,290.90988,289.7099,290.5099,291.30988,289.90988,289.30988,288.7099,287.5099,290.7099,289.6099,288.0099,287.40988,287.2099,286.6099,285.6099,286.80988,287.0099,286.6099,285.40988,285.30988,284.90988,284.40988,282.90988,285.1099,281.90988,282.2099,282.80988,280.7099,273.0099,260.7099,274.0099,280.90988,286.0099,284.6099,283.2099,282.7099,282.5099
288.80988,287.1099,291.1099,290.90988,291.80988,291.1099,290.7099,293.80988,290.90988,290.30988,289.5099,288.5099,290.1099,290.6099,287.90988,286.1099,287.30988,285.90988,286.6099,286.80988,286.2099,285.7099,285.30988,284.6099,283.6099,282.30988,282.80988,288.40988,283.7099,283.40988,282.0099,282.2099,279.40988,277.80988,276.2099,282.80988,270.90988,273.5099,277.80988,280.5099,280.30988
287.2099,287.2099,289.80988,290.30988,290.2099,290.2099,291.0099,290.40988,290.30988,289.80988,286.80988,286.7099,286.1099,285.6099,285.30988,286.7099,286.6099,287.1099,286.40988,285.5099,284.7099,284.80988,284.40988,284.2099,282.6099,282.6099,281.5099,282.30988,281.7099,281.80988,280.7099,279.80988,279.80988,280.0099,278.80988,277.30988,271.80988,268.40988,262.40988,266.7099,276.6099
287.80988,288.0099,289.80988,290.2099,293.30988,294.40988,294.5099,293.80988,289.40988,288.30988,285.6099,285.0099,284.1099,284.5099,285.0099,285.6099,285.6099,286.40988,285.7099,283.90988,282.7099,282.7099,282.40988,282.30988,280.90988,278.6099,278.40988,279.2099,277.90988,279.1099,277.90988,277.80988,276.40988,274.90988,274.5099,275.7099,276.90988,287.40988,275.5099,276.2099,272.0099
287.6099,288.2099,289.30988,289.30988,290.7099,290.30988,292.80988,293.30988,288.80988,286.6099,284.40988,283.6099,282.6099,283.30988,283.2099,284.1099,284.5099,284.5099,284.2099,283.2099,281.30988,280.7099,281.1099,280.7099,279.1099,279.1099,277.0099,276.2099,276.0099,275.2099,275.2099,278.1099,277.90988,276.0099,274.5099,272.7099,273.0099,271.5099,258.80988,261.5099,256.90988
287.7099,288.80988,289.0099,288.90988,289.40988,289.7099,289.2099,292.2099,288.6099,285.80988,283.40988,282.5099,282.40988,282.1099,282.30988,282.80988,283.2099,283.1099,283.2099,282.90988,281.80988,280.90988,281.0099,280.40988,279.5099,277.90988,277.5099,278.40988,280.40988,279.1099,280.30988,281.40988,281.7099,280.7099,276.40988,274.0099,271.6099,269.1099,265.2099,264.0099,261.5099
286.80988,286.90988,288.1099,287.80988,288.7099,288.6099,288.6099,292.2099,291.6099,290.1099,287.80988,283.6099,282.90988,281.7099,280.90988,281.1099,281.7099,282.2099,282.2099,281.6099,281.40988,280.80988,281.30988,280.90988,280.1099,279.6099,277.7099,280.80988,283.2099,282.0099,284.0099,283.7099,282.80988,282.0099,280.5099,274.30988,270.6099,268.1099,269.6099,268.6099,263.2099
283.90988,286.1099,286.5099,287.40988,287.30988,287.0099,286.0099,286.7099,285.40988,285.30988,288.30988,287.30988,284.0099,282.90988,282.40988,281.7099,282.1099,282.2099,281.5099,281.90988,280.90988,280.7099,280.40988,280.6099,279.80988,280.30988,279.80988,281.2099,284.80988,284.6099,283.80988,283.0099,282.6099,281.0099,279.6099,278.40988,277.80988,277.1099,275.5099,275.30988,272.6099
285.1099,284.80988,285.6099,285.30988,287.0099,287.1099,285.40988,284.7099,283.0099,282.6099,282.5099,281.0099,283.90988,283.1099,283.5099,283.30988,282.7099,282.2099,282.40988,281.80988,281.2099,280.2099,279.80988,279.40988,281.2099,280.90988,281.90988,281.6099,283.80988,284.0099,283.6099,282.6099,282.30988,281.6099,280.5099,279.0099,277.5099,278.5099,276.7099,275.30988,273.80988
283.5099,285.40988,286.1099,286.80988,285.7099,285.80988,285.2099,285.0099,284.40988,282.7099,281.7099,280.0099,280.5099,282.5099,283.2099,283.40988,283.0099,282.40988,282.0099,282.30988,282.40988,282.30988,282.6099,282.30988,282.1099,282.0099,281.40988,281.5099,281.7099,283.2099,282.5099,281.7099,281.0099,279.7099,279.80988,277.90988,277.5099,277.1099,276.5099,274.2099,274.6099
284.80988,286.30988,286.90988,286.1099,285.7099,284.90988,286.6099,285.0099,284.7099,282.7099,282.30988,280.30988,281.30988,281.30988,282.2099,282.7099,282.6099,282.5099,282.1099,282.6099,282.90988,282.90988,282.90988,282.40988,282.2099,281.90988,281.6099,281.5099,281.30988,280.30988,282.1099,282.7099,280.2099,279.5099,279.30988,278.6099,278.30988,277.1099,276.7099,275.80988,273.0099
