wind_kz.json
{"header": {"discipline":0,"disciplineName":"Meteorological products","gribEdition":2,"gribLength":1025,"center":7,"centerName":"US National Weather Service - NCEP(WMC)","subcenter":0,"refTime":"2023-09-23T06:00:00.000Z","significanceOfRT":1,"significanceOfRTName":"Start of forecast","productStatus":0,"productStatusName":"Operational products","productType":1,"productTypeName":"Forecast products","productDefinitionTemplate":0,"productDefinitionTemplateName":"Analysis/forecast at horizontal level/layer at a point in time","parameterCategory":2,"parameterCategoryName":"UnknownDiscipline_0_Category_2","parameterNumber":3,"parameterNumberName":"UnknownParameter_D0_C2_3","parameterUnit":"Unknown","genProcessType":2,"genProcessTypeName":"Forecast","forecastTime":60,"surface1Type":103,"surface1TypeName":"Specified height level above ground","surface1Value":10.0,"surface2Type":255,"surface2TypeName":"Missing","surface2Value":0.0,"gridDefinitionTemplate":0,"gridDefinitionTemplateName":"Latitude_Longitude","numberPoints":615,"shape":6,"shapeName":"Earth spherical with radius of 6,371,229.0 m","gridUnits":"degrees","resolution":48,"winds":"true","scanMode":64,"nx":41,"ny":15,"basicAngle":0,"lo1":47.0,"la1":41.0,"lo2":87.0,"la2":55.0,"dx":1.0,"dy":1.0}, "data":
[rows 0 to 14 of 15, columns 0 to 40 of 41]
1.0551856,-1.5248145,0.08518555,-4.0448146,-5.4448147,-4.0448146,-0.6648145,-1.7448144,-2.1148145,-2.8748145,-2.4948144,-3.1148145,-3.7348144,-4.3448143,-4.4048142,-4.1648145,-2.5348144,-2.6848145,-4.8848143,-1.6948144,-0.54481447,1.0951855,-1.2948145,-1.4448144,-2.0148144,-0.33481446,-1.2848145,1.1951855,0.41518554,2.7351856,1.2451855,0.9051855,-1.3248144,-0.67481446,1.2651856,0.115185544,-0.6648145,-1.5348145,1.5951855,2.7451856,2.1751854
-0.15481445,0.73518556,-0.24481446,-3.8448145,-4.7048144,-0.80481446,-0.45481446,-0.87481445,-2.8648145,-4.1048145,-4.3048143,-5.2748146,-4.6348143,-3.6448145,-5.3148146,-5.5448146,-2.1348145,-0.60481447,-5.1048145,-4.7248144,-3.9348145,-3.9648144,-0.92481446,1.6251855,0.44518554,0.7151855,-1.3448144,1.2951856,-0.88481444,-0.36481446,0.99518555,3.3151855,0.76518553,-0.64481443,-2.4748144,0.13518554,1.2351855,-0.054814454,-0.70481443,-0.9148145,1.3151855
2.0851855,3.2751856,-4.0348144,-4.424814,-5.7148147,-1.9748144,0.21518555,-0.34481445,-1.3248144,-3.3148146,-4.0048146,-4.0048146,-4.7848144,-4.6448145,-4.9748144,-5.2948146,-4.3948145,-3.4548144,-1.8048145,-0.73481447,-2.8748145,-4.6448145,-5.4548144,-1.7548145,-1.2048144,0.31518555,-0.81481445,0.025185548,-1.1148144,0.005185547,2.7851856,0.43518555,1.2751856,-0.41481444,-1.1548145,1.7051855,3.4651856,-0.36481446,-0.40481445,-0.56481445,-0.064814456
-0.9148145,-2.1048145,-2.7348144,-2.7548144,-2.6348145,-2.3548145,-0.99481446,0.55518556,0.7151855,-0.64481443,-2.9348145,-4.7248144,-6.7648144,-5.5448146,-4.7748146,-5.1348143,-5.3448143,-4.4048142,-4.6448145,-4.2248144,-2.0148144,-3.7248144,-0.46481445,-3.7248144,-3.9048145,-3.8348145,-3.6548145,-3.3748145,-1.7148144,-2.2948143,-2.3748145,0.025185548,-0.8348144,0.46518555,-0.30481446,-2.5448143,-1.6248145,2.4351854,1.9851855,0.38518554,1.0751855
-1.0148145,-2.0848145,-2.6348145,-3.2648144,-3.1348145,-2.2448144,-1.4948144,-0.19481446,1.0151856,0.27518556,-1.2048144,-2.9048145,-4.8248143,-4.7348146,-4.9948144,-4.0448146,-4.3648143,-4.5348144,-4.4848146,-4.1348143,-3.0248144,-1.0548145,-1.0048145,-1.6748145,-2.1648145,-2.8748145,-3.0448143,-2.2948143,-2.0448143,-2.7148144,-4.1948147,-2.2648144,0.93518555,1.4951855,-0.85481447,-0.18481445,-0.27481446,-0.5248144,1.6751856,0.82518554,0.30518556
0.09518555,-1.1748145,-1.5748144,-2.0548143,-2.2548144,-1.8648144,-1.1248145,-1.3448144,-0.24481446,1.7751856,-0.09481445,-1.8948145,-4.1248145,-4.7848144,-4.1448145,-3.7048144,-3.5848145,-3.2348144,-3.7148144,-3.9048145,-4.1048145,-3.3948145,-1.2148144,0.41518554,0.025185548,-1.3648144,-2.1648145,-2.3948145,-1.6748145,-0.7148144,-1.5148145,-1.4848144,-1.0348145,-2.1648145,0.9151856,-0.7148144,0.69518554,-0.20481445,1.0351856,-1.2648145,1.0851855
2.7351856,2.6051855,1.8551855,0.99518555,-0.36481446,0.33518556,-0.15481445,-0.38481444,-0.62481445,-0.7748144,-1.2848145,-1.4648144,-1.9448144,-2.4748144,-3.1448145,-4.0348144,-3.7148144,-2.9948144,-1.3448144,-1.7248144,-2.1848145,-2.8148146,-2.5948145,-2.1548145,-1.9848144,-2.1648145,-3.0248144,-3.5348144,-0.75481445,-0.5248144,0.23518555,0.5951855,-0.56481445,-1.2948145,-0.054814454,-0.32481444,-2.0548143,-1.7848145,-1.8448144,-2.0148144,1.8651855
-0.5848144,-1.0648144,-0.98481447,0.115185544,0.20518555,0.7851856,0.92518556,0.60518557,0.39518556,-0.034814455,0.45518553,-0.004814453,-0.92481446,-1.4348145,-1.8748145,-2.3048143,-2.4248145,-3.0848145,-2.7048144,-0.74481446,-1.5448145,-1.7248144,-2.4448144,-1.6548145,-1.4748144,-1.6148144,-1.6348145,-2.7148144,-2.4248145,-2.9148145,-1.2748145,-0.40481445,-2.0648146,-0.60481447,0.24518555,0.7151855,0.40518555,-0.48481447,-0.88481444,-0.38481444,-0.87481445
0.79518557,0.81518555,-0.46481445,0.57518554,1.4351856,1.0851855,0.74518555,1.5451856,1.3151855,0.98518556,1.1651856,0.79518557,0.18518555,0.24518555,-1.3148144,-2.4648144,-2.4148145,-1.6448145,-1.8748145,-2.2348144,-0.86481446,-1.8248144,-2.0148144,-2.1748145,-1.8748145,-2.0448143,-1.2848145,-1.4448144,-1.1548145,-1.4648144,-2.7548144,-2.2048144,-0.60481447,0.40518555,0.7851856,-0.13481446,0.005185547,0.81518555,-1.3648144,0.61518556,1.4951855
0.9051855,1.5851855,0.51518553,1.3351855,1.5651855,2.2951856,1.4351856,-0.62481445,-1.0048145,-0.86481446,-1.2148144,-0.68481445,1.7651856,0.60518557,-1.0148145,-1.6248145,-1.1948144,-1.4148145,-1.3548144,-1.6548145,0.5851855,0.5851855,0.115185544,-0.034814455,0.06518555,0.40518555,-0.55481446,-0.20481445,-0.014814453,-0.42481446,0.7151855,0.30518556,-0.014814453,0.9651855,1.5651855,1.5251856,0.87518555,-0.39481446,2.1351855,3.1951857,2.8051856
-0.94481444,-0.26481447,0.075185545,-1.0048145,1.1251855,1.5051856,1.7451855,2.5851855,2.0851855,1.2251855,1.5751855,1.7851856,0.79518557,0.44518554,-1.6648145,-1.8248144,0.61518556,-0.54481447,-0.11481445,-1.3748145,-2.1248145,-1.9548144,-2.2948143,-1.1448145,0.34518555,1.5951855,0.80518556,0.7751855,0.93518555,0.80518556,0.81518555,0.08518555,1.3751855,2.0851855,2.8951855,2.6151855,1.7451855,1.4851855,2.5851855,1.9751855,1.0451856
0.115185544,-1.2148144,-2.3748145,-2.6248145,-3.2248144,-1.9748144,0.41518554,0.21518555,-0.014814453,0.5251855,-0.034814455,-1.1548145,-0.61481446,2.8851855,1.1551856,-0.79481447,0.46518555,-1.0748144,-0.37481445,-1.3948145,-1.4348145,-1.5448145,-1.7248144,-1.4748144,-1.3648144,-0.8348144,1.2051855,1.1251855,0.61518556,0.42518556,1.3251855,0.7851856,0.7851856,2.1651855,1.9851855,4.4151855,5.2351856,4.1451855,2.0151856,2.9951856,1.0451856
-1.3648144,-1.1448145,-1.5248145,-0.054814454,-0.6648145,-1.5348145,-2.3748145,-0.36481446,0.67518556,1.5251856,1.0051856,0.025185548,-1.1948144,-0.86481446,1.9751855,1.1951855,1.5751855,0.89518553,0.25518554,-0.49481446,-0.34481445,-0.17481445,0.43518555,0.105185546,-0.42481446,0.045185547,-0.034814455,-0.27481446,-0.34481445,-0.32481444,0.21518555,0.82518554,0.32518554,1.6251855,0.29518554,0.06518555,-1.5148145,-2.3548145,-2.1848145,0.68518555,0.35518554
-2.0048144,-2.4048145,-3.3648145,-2.0648146,-1.0348145,-0.29481447,-0.5948145,-0.87481445,-0.054814454,-0.22481446,2.0251856,0.9651855,-0.014814453,-0.81481445,-0.55481446,0.68518555,1.5351856,1.4451855,0.8451855,0.44518554,-0.36481446,-0.26481447,-0.21481445,-0.6548145,-0.76481444,-1.0548145,-1.4048145,-0.63481444,-0.69481444,-0.74481446,-0.9148145,-0.93481445,-0.56481445,-0.33481446,-1.3448144,-1.7748145,-1.8848145,-1.1948144,-1.8848145,-0.5248144,0.7151855
-1.3748145,-2.1848145,-2.9648144,-1.9548144,-2.2348144,-1.6548145,-1.3848145,-0.034814455,0.46518555,0.57518554,1.2151855,2.0751855,2.4951856,0.99518555,1.2751856,0.92518556,1.0451856,0.9751856,1.1651856,0.81518555,0.43518555,0.20518555,-0.07481445,-0.76481444,-1.1248145,-1.3248144,-1.2048144,-1.2148144,-1.1948144,-1.4548144,-2.0648146,-2.0948145,-1.5248145,0.54518557,-0.07481445,-0.37481445,-0.99481446,-0.51481444,-0.064814456,1.0751855,-1.0848144
