wind_kz.json
{"header": {"discipline":0,"disciplineName":"Meteorological products","gribEdition":2,"gribLength":871,"center":7,"centerName":"US National Weather Service - NCEP(WMC)","subcenter":0,"refTime":"2024-02-01T06:00:00.000Z","significanceOfRT":1,"significanceOfRTName":"Start of forecast","productStatus":0,"productStatusName":"Operational products","productType":1,"productTypeName":"Forecast products","productDefinitionTemplate":0,"productDefinitionTemplateName":"Analysis/forecast at horizontal level/layer at a point in time","parameterCategory":0,"parameterCategoryName":"UnknownDiscipline_0_Category_0","parameterNumber":0,"parameterNumberName":"UnknownParameter_D0_C0_0","parameterUnit":"Unknown","genProcessType":2,"genProcessTypeName":"Forecast","forecastTime":0,"surface1Type":1,"surface1TypeName":"Ground or water surface","surface1Value":0.0,"surface2Type":255,"surface2TypeName":"Missing","surface2Value":0.0,"gridDefinitionTemplate":0,"gridDefinitionTemplateName":"Latitude_Longitude","numberPoints":615,"shape":6,"shapeName":"Earth spherical with radius of 6,371,229.0 m","gridUnits":"degrees","resolution":48,"winds":"true","scanMode":64,"nx":41,"ny":15,"basicAngle":0,"lo1":47.0,"la1":41.0,"lo2":87.0,"la2":55.0,"dx":1.0,"dy":1.0}, "data":
[rows 0 to 14 of 15, columns 0 to 40 of 41]
278.27997,270.77997,277.67996,280.57996,280.47995,281.77997,280.57996,282.27997,279.47995,278.97995,278.87994,277.07996,275.07996,274.07996,276.27997,277.17996,276.37994,277.27997,278.07996,278.17996,280.57996,277.77997,278.37994,275.37994,279.87994,279.97995,270.97995,261.97995,261.67996,261.47995,267.37994,260.67996,269.87994,278.07996,278.97995,275.87994,276.57996,276.17996,275.47995,274.07996,277.67996
259.47995,277.67996,280.37994,280.07996,280.67996,280.87994,275.27997,273.87994,277.17996,276.67996,277.07996,272.77997,274.77997,274.07996,272.97995,271.77997,273.27997,273.77997,274.27997,275.57996,275.47995,275.87994,272.87994,267.37994,259.87994,261.87994,264.77997,260.97995,260.17996,258.07996,266.97995,256.17996,275.57996,252.77995,260.87994,271.77997,273.87994,273.87994,274.57996,270.77997,271.67996
276.97995,278.67996,280.17996,280.17996,280.27997,271.97995,271.77997,272.57996,271.67996,271.17996,270.57996,271.57996,273.47995,274.07996,270.17996,269.57996,270.87994,270.37994,271.57996,272.87994,273.77997,274.17996,273.67996,267.27997,273.47995,272.07996,272.07996,270.87994,271.77997,267.37994,264.07996,266.37994,261.57996,264.17996,263.37994,267.77997,267.07996,262.27997,261.87994,264.27997,263.07996
273.17996,276.07996,278.17996,279.27997,277.07996,272.17996,272.37994,270.77997,271.17996,271.07996,271.37994,269.37994,281.17996,281.87994,273.17996,273.17996,271.67996,271.47995,270.67996,271.57996,272.57996,267.57996,273.37994,271.47995,271.07996,272.27997,273.27997,272.87994,271.87994,272.27997,271.87994,271.67996,275.97995,273.37994,271.37994,270.07996,265.07996,260.17996,268.77997,267.27997,267.37994
272.27997,272.17996,271.37994,271.67996,271.67996,272.17996,271.27997,271.87994,271.17996,270.07996,269.57996,268.97995,278.97995,278.97995,278.27997,272.27997,271.67996,272.37994,272.57996,270.97995,271.07996,271.77997,269.87994,270.67996,270.37994,270.97995,270.67996,272.77997,273.57996,273.57996,272.37994,273.27997,266.87994,259.97995,266.67996,266.17996,267.07996,266.77997,268.37994,266.87994,265.87994
270.47995,271.67996,270.67996,269.67996,269.17996,268.57996,271.27997,271.27997,270.27997,270.07996,267.07996,267.47995,277.17996,279.07996,268.37994,267.77997,266.77997,267.57996,267.47995,270.17996,270.07996,269.57996,269.57996,268.97995,269.67996,268.77997,271.17996,271.37994,271.17996,271.57996,271.87994,271.37994,269.77997,269.57996,270.77997,267.57996,269.07996,269.27997,265.67996,262.47995,263.47995
270.67996,270.67996,270.77997,270.67996,269.57996,271.27997,270.67996,268.87994,266.17996,266.17996,264.57996,264.27997,266.37994,265.37994,263.67996,264.67996,264.77997,265.17996,265.47995,265.97995,266.17996,269.07996,268.37994,267.87994,267.07996,267.37994,267.77997,270.37994,270.67996,270.57996,268.47995,268.27997,269.17996,269.27997,268.97995,268.97995,266.97995,268.87994,265.97995,265.97995,265.37994
271.57996,270.57996,269.87994,269.47995,269.57996,268.87994,268.27997,266.77997,264.67996,264.07996,263.57996,263.67996,263.37994,261.17996,262.57996,262.37994,261.97995,263.87994,265.17996,264.37994,264.47995,265.97995,267.87994,267.67996,266.17996,265.77997,265.27997,267.67996,267.47995,267.27997,265.87994,266.27997,266.87994,266.97995,267.67996,263.37994,262.77997,263.27997,264.67996,265.27997,264.87994
270.97995,270.87994,270.47995,269.27997,268.57996,267.07996,266.77997,264.37994,264.27997,263.27997,263.27997,260.87994,260.67996,259.97995,258.97995,261.27997,261.27997,262.87994,264.77997,264.27997,264.67996,266.47995,266.47995,266.47995,265.47995,265.47995,266.17996,265.57996,263.27997,262.77997,263.27997,263.47995,267.77997,268.87994,267.77997,263.07996,264.87994,266.37994,264.07996,264.47995,264.77997
270.67996,270.57996,269.57996,269.37994,267.67996,264.97995,262.07996,259.67996,261.77997,264.47995,262.87994,263.47995,260.47995,258.37994,258.07996,259.97995,260.97995,261.77997,262.07996,264.57996,263.77997,265.27997,266.47995,266.57996,266.57996,264.87994,266.27997,266.17996,264.37994,262.97995,266.17996,268.57996,270.07996,269.37994,266.77997,268.47995,267.67996,266.37994,267.27997,266.97995,261.87994
270.27997,269.97995,268.87994,266.97995,265.37994,263.27997,261.27997,260.97995,261.17996,263.77997,263.57996,265.37994,259.37994,258.07996,257.37994,258.37994,259.27997,260.77997,259.77997,258.17996,260.17996,262.27997,263.37994,263.77997,263.77997,264.67996,264.67996,265.87994,266.97995,268.27997,268.37994,268.87994,268.67996,269.07996,267.87994,268.17996,267.57996,267.57996,265.07996,266.67996,266.07996
269.97995,269.67996,268.47995,266.07996,263.87994,262.97995,259.47995,259.77997,259.77997,259.07996,266.67996,260.87994,256.57996,259.07996,258.97995,257.47995,257.87994,260.67996,261.77997,262.37994,262.47995,262.37994,263.27997,264.17996,265.47995,265.67996,265.77997,266.17996,267.07996,267.17996,266.37994,265.27997,268.57996,266.17996,268.07996,268.37994,269.57996,269.47995,269.47995,269.07996,270.27997
270.17996,268.77997,267.27997,265.87994,264.67996,262.77997,257.37994,263.87994,266.97995,260.77997,264.77997,264.67996,256.87994,261.77997,262.47995,259.87994,260.17996,261.17996,262.07996,262.47995,262.67996,262.27997,262.87994,262.77997,262.37994,262.97995,262.37994,261.37994,261.47995,261.87994,261.27997,261.77997,262.47995,263.87994,265.27997,265.87994,267.27997,270.07996,269.17996,269.37994,269.37994
270.67996,269.57996,267.27997,264.87994,262.57996,259.77997,265.07996,265.67996,267.77997,265.67996,266.17996,263.77997,260.47995,259.17996,263.17996,262.27997,260.47995,261.47995,261.57996,261.27997,262.17996,261.97995,261.87994,261.77997,260.17996,257.47995,257.47995,258.17996,259.47995,259.27997,258.87994,259.57996,261.07996,262.77997,265.07996,266.17996,268.27997,268.87994,268.87994,269.17996,268.17996
269.77997,268.17996,265.27997,263.27997,262.67996,267.27997,266.87994,267.17996,267.37994,266.67996,265.07996,263.77997,264.17996,264.47995,264.37994,263.17996,262.37994,261.37994,259.57996,260.77997,259.07996,258.67996,260.47995,261.67996,259.27997,259.27997,261.57996,263.17996,263.77997,263.67996,263.37994,263.87994,264.57996,265.77997,266.67996,267.87994,268.47995,267.97995,268.07996,267.67996,269.27997
