wind_kz.json
{"header": {"discipline":0,"disciplineName":"Meteorological products","gribEdition":2,"gribLength":871,"center":7,"centerName":"US National Weather Service - NCEP(WMC)","subcenter":0,"refTime":"2023-08-06T12:00:00.000Z","significanceOfRT":1,"significanceOfRTName":"Start of forecast","productStatus":0,"productStatusName":"Operational products","productType":1,"productTypeName":"Forecast products","productDefinitionTemplate":0,"productDefinitionTemplateName":"Analysis/forecast at horizontal level/layer at a point in time","parameterCategory":0,"parameterCategoryName":"UnknownDiscipline_0_Category_0","parameterNumber":0,"parameterNumberName":"UnknownParameter_D0_C0_0","parameterUnit":"Unknown","genProcessType":2,"genProcessTypeName":"Forecast","forecastTime":300,"surface1Type":1,"surface1TypeName":"Ground or water surface","surface1Value":0.0,"surface2Type":255,"surface2TypeName":"Missing","surface2Value":0.0,"gridDefinitionTemplate":0,"gridDefinitionTemplateName":"Latitude_Longitude","numberPoints":615,"shape":6,"shapeName":"Earth spherical with radius of 6,371,229.0 m","gridUnits":"degrees","resolution":48,"winds":"true","scanMode":64,"nx":41,"ny":15,"basicAngle":0,"lo1":47.0,"la1":41.0,"lo2":87.0,"la2":55.0,"dx":1.0,"dy":1.0}, "data":
[rows 0 to 14 of 15, columns 0 to 40 of 41]
294.71722,289.61725,294.41724,297.61725,297.21722,296.61725,297.31723,300.01724,300.01724,302.61725,301.11725,303.51724,302.61725,301.81723,300.31723,297.21722,297.11725,295.71722,296.21722,296.41724,295.31723,292.31723,291.21722,288.71722,290.51724,292.41724,291.31723,276.51724,276.51724,278.41724,276.61725,279.81723,289.11725,295.91724,297.01724,299.91724,297.41724,298.31723,299.81723,299.31723,300.21722
277.81723,294.71722,297.71722,297.91724,298.01724,296.31723,297.91724,298.01724,298.91724,299.31723,300.31723,299.91724,299.11725,297.41724,295.71722,296.01724,293.81723,294.21722,294.21722,294.91724,295.31723,294.81723,293.61725,286.81723,276.11725,276.01724,285.71722,275.61725,279.41724,275.01724,282.81723,273.41724,281.81723,266.61725,277.71722,292.71722,292.21722,295.61725,298.91724,293.71722,284.01724
296.11725,298.11725,298.31723,298.21722,296.21722,299.21722,298.61725,299.21722,299.21722,298.41724,298.21722,299.01724,296.11725,296.71722,296.01724,294.11725,293.01724,291.01724,292.41724,293.91724,296.11725,295.01724,291.51724,289.91724,291.21722,290.71722,292.81723,291.21722,291.61725,284.71722,276.21722,278.01724,282.31723,280.81723,282.01724,284.61725,277.61725,277.91724,279.41724,277.41724,278.11725
297.91724,298.31723,298.61725,297.81723,296.81723,297.61725,297.91724,298.21722,299.01724,299.11725,299.11725,297.91724,296.51724,295.71722,294.21722,293.71722,295.21722,295.21722,294.41724,296.81723,291.61725,289.61725,295.61725,296.01724,294.71722,296.51724,296.91724,290.71722,293.11725,291.81723,292.71722,291.61725,294.41724,292.21722,292.71722,290.91724,278.21722,277.21722,284.51724,292.51724,295.11725
298.11725,298.61725,299.11725,299.01724,298.31723,296.91724,297.91724,298.91724,301.81723,299.21722,300.51724,297.51724,297.31723,296.01724,292.91724,293.91724,295.61725,294.31723,293.61725,297.11725,297.51724,296.51724,295.41724,296.01724,296.21722,295.51724,293.81723,294.91724,295.01724,294.91724,296.81723,292.21722,284.21722,273.11725,286.11725,292.71722,293.91724,297.11725,297.41724,297.41724,297.91724
295.91724,295.11725,298.71722,298.81723,299.01724,298.31723,297.11725,298.61725,299.11725,298.31723,297.51724,297.01724,296.11725,296.21722,294.31723,292.41724,296.01724,295.21722,295.51724,297.81723,297.61725,297.11725,296.61725,295.91724,296.01724,294.71722,296.71722,294.01724,295.31723,297.51724,296.51724,296.71722,293.81723,292.01724,292.71722,291.31723,288.71722,288.71722,296.21722,297.11725,297.41724
293.11725,293.61725,296.91724,296.71722,296.51724,296.61725,294.31723,294.71722,297.51724,301.01724,298.91724,296.51724,296.11725,295.51724,294.61725,297.01724,296.41724,296.91724,296.11725,295.61725,295.71722,296.61725,295.81723,295.71722,294.81723,294.61725,295.41724,296.61725,294.71722,295.51724,294.91724,293.91724,295.81723,295.01724,292.91724,292.31723,289.01724,287.41724,282.01724,281.11725,294.01724
293.31723,293.01724,295.01724,293.81723,296.01724,295.81723,295.21722,294.91724,293.41724,294.51724,293.71722,295.21722,293.51724,293.71722,296.11725,296.91724,296.51724,296.11725,295.81723,293.01724,292.91724,293.81723,294.01724,294.31723,293.21722,289.51724,292.81723,292.51724,291.81723,293.51724,292.51724,293.41724,291.51724,289.81723,290.21722,293.51724,294.31723,289.21722,293.81723,293.21722,291.91724
291.51724,291.51724,292.31723,291.21722,294.41724,292.71722,291.81723,294.11725,293.21722,292.51724,291.61725,292.41724,292.51724,293.41724,294.91724,296.91724,295.41724,294.61725,293.81723,292.61725,289.91724,290.71722,291.21722,292.51724,291.01724,291.31723,289.31723,287.91724,287.41724,286.81723,289.61725,291.31723,291.61725,291.91724,291.41724,291.01724,290.01724,292.41724,281.21722,280.41724,278.61725
289.41724,290.41724,290.31723,289.71722,290.71722,290.71722,290.01724,290.71722,291.31723,293.21722,290.61725,290.21722,291.51724,292.31723,292.21722,292.71722,295.61725,294.61725,292.91724,292.01724,289.91724,288.41724,289.21722,290.11725,290.31723,292.41724,289.01724,287.81723,288.41724,289.41724,289.11725,291.61725,294.41724,294.01724,292.41724,290.71722,290.01724,287.51724,282.51724,283.71722,282.01724
287.71722,287.71722,287.61725,287.91724,287.21722,287.01724,288.81723,288.61725,287.81723,289.01724,289.51724,291.21722,291.81723,291.11725,291.61725,294.71722,293.81723,292.61725,292.01724,289.51724,288.31723,286.51724,286.91724,286.41724,287.91724,287.21722,287.51724,291.91724,291.01724,294.01724,294.61725,294.91724,292.71722,292.91724,292.91724,290.71722,288.41724,285.31723,282.91724,283.41724,281.51724
283.01724,285.01724,285.11725,285.31723,285.41724,286.21722,285.61725,285.71722,285.71722,286.41724,284.81723,287.91724,289.11725,288.71722,290.71722,291.51724,292.11725,292.31723,291.61725,288.41724,286.41724,284.71722,285.61725,286.31723,286.01724,287.51724,288.01724,289.41724,290.11725,290.51724,288.81723,291.01724,291.21722,290.01724,290.51724,289.81723,289.11725,290.11725,289.11725,288.21722,287.91724
281.81723,282.11725,284.01724,283.71722,284.61725,284.91724,284.51724,284.71722,284.31723,285.51724,285.21722,284.51724,287.31723,286.71722,288.81723,289.11725,289.01724,286.91724,286.31723,284.91724,284.31723,283.51724,286.51724,286.81723,286.11725,285.81723,287.91724,287.31723,288.01724,286.91724,287.41724,288.61725,287.51724,287.71722,288.11725,288.01724,288.41724,288.71722,288.91724,288.11725,287.61725
286.41724,288.01724,289.81723,286.41724,286.01724,284.71722,286.21722,285.01724,284.51724,285.41724,285.11725,283.71722,284.91724,286.11725,286.51724,286.61725,286.01724,284.41724,284.21722,283.61725,282.31723,282.21722,285.51724,285.41724,285.91724,284.51724,283.51724,284.41724,284.61725,285.81723,286.71722,286.61725,286.61725,287.01724,286.51724,286.41724,287.61725,287.61725,287.41724,287.51724,288.21722
281.61725,287.21722,292.11725,286.21722,282.41724,284.41724,285.11725,285.11725,286.51724,286.41724,284.71722,285.11725,282.31723,285.11725,284.31723,284.61725,283.81723,283.51724,283.51724,282.31723,281.61725,282.61725,284.41724,284.61725,284.21722,284.01724,284.21722,284.31723,284.91724,285.21722,285.61725,285.01724,285.81723,286.21722,286.21722,286.31723,286.11725,286.61725,287.11725,287.41724,287.61725
