wind_kz.json
{"header": {"discipline":0,"disciplineName":"Meteorological products","gribEdition":2,"gribLength":871,"center":7,"centerName":"US National Weather Service - NCEP(WMC)","subcenter":0,"refTime":"2023-08-26T06:00:00.000Z","significanceOfRT":1,"significanceOfRTName":"Start of forecast","productStatus":0,"productStatusName":"Operational products","productType":1,"productTypeName":"Forecast products","productDefinitionTemplate":0,"productDefinitionTemplateName":"Analysis/forecast at horizontal level/layer at a point in time","parameterCategory":0,"parameterCategoryName":"UnknownDiscipline_0_Category_0","parameterNumber":0,"parameterNumberName":"UnknownParameter_D0_C0_0","parameterUnit":"Unknown","genProcessType":2,"genProcessTypeName":"Forecast","forecastTime":240,"surface1Type":1,"surface1TypeName":"Ground or water surface","surface1Value":0.0,"surface2Type":255,"surface2TypeName":"Missing","surface2Value":0.0,"gridDefinitionTemplate":0,"gridDefinitionTemplateName":"Latitude_Longitude","numberPoints":615,"shape":6,"shapeName":"Earth spherical with radius of 6,371,229.0 m","gridUnits":"degrees","resolution":48,"winds":"true","scanMode":64,"nx":41,"ny":15,"basicAngle":0,"lo1":47.0,"la1":41.0,"lo2":87.0,"la2":55.0,"dx":1.0,"dy":1.0}, "data":
[rows 0 to 14 of 15, columns 0 to 40 of 41]
310.99918,297.79916,306.09918,298.39917,298.19916,297.39917,307.29916,311.99918,308.29916,309.59918,308.79916,309.69916,309.19916,309.39917,309.89917,311.09918,311.29916,309.59918,313.39917,311.79916,315.29916,311.39917,309.29916,308.79916,311.89917,308.79916,306.59918,299.09918,296.59918,293.19916,290.99918,285.69916,304.29916,307.29916,312.59918,298.79916,308.19916,304.59918,321.19916,320.89917,318.09918
290.79916,303.39917,298.49918,298.59918,298.39917,297.09918,312.39917,308.69916,307.39917,307.79916,309.39917,309.09918,309.69916,307.79916,309.49918,310.49918,310.39917,310.99918,311.59918,313.69916,312.79916,309.89917,309.99918,301.89917,295.09918,294.89917,303.99918,297.99918,299.39917,290.39917,293.39917,289.19916,299.09918,272.09918,282.09918,307.09918,295.99918,294.49918,302.69916,292.19916,284.29916
307.39917,297.99918,298.79916,298.59918,297.09918,307.59918,306.69916,307.59918,306.79916,306.69916,306.99918,308.39917,308.19916,309.29916,309.99918,311.69916,310.99918,310.89917,310.89917,310.69916,313.89917,309.49918,306.89917,299.99918,308.19916,307.29916,308.19916,306.59918,305.19916,296.89917,287.79916,287.49918,294.19916,295.99918,291.79916,287.89917,280.89917,280.09918,281.09918,281.99918,282.59918
307.59918,298.19916,298.49918,297.79916,298.79916,306.39917,306.59918,306.99918,307.59918,307.39917,307.09918,305.69916,294.49918,293.79916,308.49918,310.29916,307.89917,311.29916,311.59918,311.99918,307.79916,304.29916,309.29916,307.89917,306.69916,306.69916,310.59918,308.29916,308.69916,310.09918,309.79916,308.19916,309.99918,311.29916,309.39917,299.09918,283.39917,280.49918,281.19916,288.39917,291.69916
308.09918,297.39917,297.79916,297.59918,302.29916,305.99918,307.09918,308.99918,307.49918,307.09918,307.79916,305.99918,294.09918,292.79916,290.79916,308.59918,309.49918,306.89917,307.19916,307.89917,309.39917,311.49918,310.99918,311.59918,311.79916,310.39917,308.79916,305.59918,312.39917,311.49918,309.59918,306.89917,294.69916,283.69916,296.99918,303.49918,301.09918,308.99918,303.69916,294.09918,308.49918
308.29916,307.49918,295.49918,296.09918,297.09918,296.29916,306.29916,304.69916,306.09918,305.99918,305.49918,305.69916,295.49918,293.89917,300.99918,306.39917,308.09918,308.79916,308.89917,309.09918,308.79916,307.89917,309.39917,309.99918,311.39917,309.29916,312.19916,292.39917,308.29916,307.39917,310.69916,308.09918,308.89917,307.69916,302.79916,301.99918,294.39917,291.59918,301.79916,311.89917,311.59918
302.89917,305.19916,307.49918,305.39917,302.39917,305.69916,306.59918,305.79916,305.59918,304.39917,306.19916,304.49918,304.19916,305.29916,305.99918,305.59918,308.59918,307.49918,308.59918,307.79916,308.69916,307.69916,307.59918,307.59918,307.59918,308.19916,308.89917,309.49918,310.79916,311.39917,310.89917,312.69916,311.19916,309.89917,306.49918,305.49918,298.79916,290.09918,295.19916,287.29916,291.99918
298.09918,306.29916,304.39917,303.99918,305.49918,305.19916,308.09918,307.09918,306.49918,305.99918,307.29916,303.99918,304.09918,307.49918,309.39917,307.09918,306.49918,305.19916,306.09918,293.19916,301.99918,294.89917,307.39917,305.89917,305.49918,302.89917,302.79916,303.59918,304.29916,307.29916,307.99918,309.69916,307.69916,305.79916,304.39917,306.09918,309.99918,289.49918,305.29916,305.19916,299.89917
297.69916,300.29916,303.29916,303.89917,303.59918,304.59918,306.89917,307.59918,306.99918,308.29916,308.69916,307.29916,307.99918,308.09918,304.69916,304.89917,302.99918,303.39917,291.79916,294.69916,289.69916,292.99918,298.39917,303.69916,301.99918,302.09918,299.19916,299.49918,298.09918,298.19916,301.69916,301.39917,300.59918,302.39917,299.09918,288.49918,299.09918,300.79916,285.99918,286.79916,293.49918
302.89917,303.49918,305.59918,305.69916,306.69916,306.19916,306.49918,305.99918,306.59918,306.69916,306.49918,303.29916,306.19916,305.79916,304.89917,304.09918,303.99918,305.99918,303.29916,293.09918,288.39917,288.39917,289.49918,291.49918,301.99918,299.79916,300.89917,300.19916,296.89917,296.99918,297.69916,297.79916,303.59918,303.89917,301.69916,298.49918,292.69916,291.69916,293.09918,282.39917,280.99918
303.49918,303.69916,304.69916,304.69916,305.99918,305.79916,305.39917,305.89917,306.69916,304.89917,303.69916,303.79916,304.39917,303.09918,304.49918,304.29916,302.79916,301.29916,300.59918,291.79916,290.99918,287.29916,293.19916,293.39917,297.79916,298.49918,296.29916,299.29916,299.09918,301.69916,301.79916,301.99918,299.29916,296.99918,299.09918,294.59918,285.79916,285.99918,289.39917,281.09918,281.19916
303.29916,304.79916,305.49918,305.19916,304.09918,303.69916,302.49918,303.59918,304.29916,303.59918,300.39917,301.09918,300.89917,300.99918,301.19916,302.99918,302.89917,300.79916,290.49918,295.59918,295.59918,294.29916,291.89917,298.19916,296.09918,298.09918,297.79916,299.39917,300.99918,300.09918,296.09918,296.39917,292.19916,296.29916,294.89917,295.49918,294.39917,288.79916,286.79916,288.49918,284.49918
299.99918,303.39917,304.39917,304.69916,302.39917,301.69916,302.89917,303.99918,303.59918,302.09918,297.19916,295.79916,300.09918,299.29916,299.79916,299.19916,295.39917,298.79916,289.69916,292.89917,287.79916,294.89917,297.29916,294.79916,296.09918,297.89917,298.99918,299.39917,297.69916,293.69916,288.99918,295.09918,296.19916,288.09918,290.49918,285.09918,293.49918,295.49918,297.29916,287.79916,290.19916
302.69916,303.59918,297.29916,303.19916,303.19916,302.39917,299.99918,299.19916,301.39917,299.69916,294.99918,293.59918,297.89917,297.69916,297.69916,297.09918,297.49918,296.49918,291.49918,293.69916,292.49918,295.79916,296.59918,299.49918,299.39917,298.49918,296.49918,294.09918,290.69916,286.49918,293.69916,297.29916,295.69916,287.69916,285.19916,287.19916,290.19916,291.99918,297.29916,292.29916,294.49918
297.99918,301.99918,290.39917,300.39917,300.89917,299.89917,299.49918,299.19916,300.39917,299.59918,294.29916,293.79916,292.09918,293.09918,294.89917,296.49918,295.69916,294.89917,293.59918,289.29916,292.79916,292.29916,295.49918,296.39917,300.79916,299.39917,295.29916,294.69916,294.29916,286.39917,285.69916,288.29916,296.59918,293.89917,288.99918,293.29916,297.79916,293.29916,294.49918,291.89917,291.59918
