wind_kz.json
{"header": {"discipline":0,"disciplineName":"Meteorological products","gribEdition":2,"gribLength":871,"center":7,"centerName":"US National Weather Service - NCEP(WMC)","subcenter":0,"refTime":"2023-09-28T12:00:00.000Z","significanceOfRT":1,"significanceOfRTName":"Start of forecast","productStatus":0,"productStatusName":"Operational products","productType":1,"productTypeName":"Forecast products","productDefinitionTemplate":0,"productDefinitionTemplateName":"Analysis/forecast at horizontal level/layer at a point in time","parameterCategory":0,"parameterCategoryName":"UnknownDiscipline_0_Category_0","parameterNumber":0,"parameterNumberName":"UnknownParameter_D0_C0_0","parameterUnit":"Unknown","genProcessType":2,"genProcessTypeName":"Forecast","forecastTime":180,"surface1Type":1,"surface1TypeName":"Ground or water surface","surface1Value":0.0,"surface2Type":255,"surface2TypeName":"Missing","surface2Value":0.0,"gridDefinitionTemplate":0,"gridDefinitionTemplateName":"Latitude_Longitude","numberPoints":615,"shape":6,"shapeName":"Earth spherical with radius of 6,371,229.0 m","gridUnits":"degrees","resolution":48,"winds":"true","scanMode":64,"nx":41,"ny":15,"basicAngle":0,"lo1":47.0,"la1":41.0,"lo2":87.0,"la2":55.0,"dx":1.0,"dy":1.0}, "data":
[rows 0 to 14 of 15, columns 0 to 40 of 41]
285.92606,278.32605,282.72604,293.72604,293.52606,292.52606,288.32605,288.72604,286.62604,284.92606,283.52606,285.32605,285.52606,288.52606,288.32605,287.82605,287.92606,285.32605,284.52606,288.42606,291.42606,286.82605,288.82605,281.62604,287.12604,289.22604,286.62604,274.62604,272.82605,272.02606,271.22604,272.92606,279.92606,286.12604,287.52606,288.12604,287.92606,286.82605,286.62604,286.02606,286.42606
268.82605,282.92606,293.52606,293.72604,293.52606,291.52606,285.02606,286.02606,285.42606,284.02606,284.12604,287.62604,286.92606,287.32605,289.12604,289.92606,288.72604,286.52606,284.22604,286.02606,290.12604,290.62604,287.32605,281.72604,274.82605,273.22604,281.82605,273.02606,274.72604,269.92606,276.92606,269.62604,272.72604,250.82605,271.12604,283.92606,282.62604,285.32605,288.12604,280.72604,283.52606
284.02606,293.12604,293.42606,292.92606,291.12604,285.12604,285.72604,286.12604,284.52606,281.62604,283.22604,284.92606,286.02606,288.12604,289.52606,289.32605,289.12604,289.02606,289.02606,289.52606,290.12604,290.72604,290.72604,286.42606,290.12604,289.42606,287.02606,288.62604,284.92606,278.32605,270.82605,273.12604,276.32605,276.02606,278.02606,278.92606,272.22604,272.02606,272.32605,268.62604,269.72604
286.32605,292.42606,293.02606,292.02606,289.22604,284.52606,285.22604,284.82605,284.22604,281.92606,286.52606,286.32605,290.22604,289.62604,288.12604,288.82605,290.42606,290.72604,289.52606,287.52606,288.62604,283.52606,287.62604,291.92606,291.32605,290.52606,290.32605,289.52606,285.52606,284.82605,285.92606,285.82605,287.12604,285.82605,284.12604,282.92606,270.82605,265.52606,273.32605,280.62604,284.12604
287.02606,291.42606,291.82605,290.82605,288.12604,285.42606,285.52606,286.32605,284.02606,283.12604,283.52606,285.72604,289.22604,288.02606,286.72604,290.02606,290.82605,289.42606,286.72604,290.52606,290.02606,287.82605,288.42606,291.92606,291.22604,290.32605,288.22604,287.22604,286.52606,287.32605,287.22604,284.82605,275.82605,265.42606,274.32605,283.92606,286.62604,287.42606,287.32605,287.72604,287.22604
285.62604,283.72604,290.02606,290.92606,291.02606,290.72604,285.92606,286.72604,284.42606,284.72604,284.32605,284.32605,288.52606,288.92606,287.52606,285.92606,287.82605,286.72604,286.92606,289.52606,286.82605,285.82605,287.52606,288.22604,287.82605,286.22604,285.82605,287.42606,286.42606,286.42606,284.72604,285.22604,284.32605,282.92606,281.22604,284.52606,277.72604,279.62604,283.22604,285.82605,285.62604
284.02606,282.12604,285.92606,286.12604,286.02606,285.52606,285.92606,284.22604,284.92606,284.72604,284.92606,285.12604,284.62604,288.92606,285.52606,286.52606,286.02606,286.42606,286.32605,285.62604,284.72604,285.52606,286.02606,286.02606,284.22604,284.12604,283.42606,284.62604,284.02606,284.12604,283.12604,283.32605,283.22604,284.22604,283.42606,283.42606,279.42606,275.82605,273.42606,272.72604,281.82605
283.72604,283.12604,284.62604,286.62604,287.42606,286.62604,284.52606,284.12604,286.22604,286.12604,286.52606,284.42606,284.52606,284.52606,284.72604,285.32605,285.72604,286.32605,285.82605,284.02606,283.12604,283.22604,283.12604,283.82605,282.42606,279.02606,279.62604,280.62604,278.82605,280.52606,280.02606,280.22604,280.32605,278.02606,278.82605,279.92606,281.82605,285.52606,281.62604,281.62604,279.52606
282.92606,283.22604,283.92606,284.82605,286.82605,284.82605,283.82605,283.42606,281.22604,284.62604,282.02606,285.02606,284.82605,284.22604,283.72604,284.12604,284.22604,284.22604,284.12604,283.62604,281.62604,281.02606,281.82605,281.52606,279.92606,280.02606,277.92606,277.92606,276.52606,275.82605,276.52606,276.72604,276.62604,278.02606,276.62604,276.82605,279.32605,278.82605,271.12604,270.72604,268.52606
282.82605,283.62604,283.62604,283.92606,284.42606,283.62604,287.22604,286.62604,281.02606,280.12604,279.22604,281.92606,282.82605,282.62604,282.72604,282.82605,283.02606,282.92606,282.82605,282.72604,282.12604,281.32605,281.42606,281.12604,280.52606,279.22604,278.42606,277.52606,276.72604,276.32605,274.72604,276.72604,278.02606,278.02606,277.22604,277.12604,276.62604,275.52606,273.92606,272.22604,269.92606
282.32605,282.52606,282.72604,282.12604,282.82605,282.62604,283.12604,283.02606,286.12604,280.52606,280.62604,281.92606,283.52606,280.82605,280.62604,280.82605,281.92606,282.12604,281.92606,281.52606,281.42606,282.12604,281.42606,281.02606,280.02606,279.72604,277.62604,277.92606,277.72604,277.42606,277.52606,276.92606,276.72604,277.62604,277.22604,275.62604,274.82605,274.02606,273.92606,274.72604,271.92606
284.82605,285.22604,283.22604,282.62604,282.02606,280.82605,279.92606,280.72604,283.32605,285.62604,283.72604,280.82605,282.82605,281.72604,281.12604,279.92606,280.32605,280.62604,280.92606,280.52606,281.02606,280.72604,280.62604,280.32605,280.02606,279.52606,278.32605,278.52606,278.42606,278.82605,277.92606,276.42606,277.12604,276.12604,276.72604,276.92606,277.02606,278.82605,280.32605,279.52606,279.32605
283.22604,284.12604,286.32605,286.32605,283.82605,281.92606,280.02606,281.22604,283.22604,285.12604,282.92606,282.22604,283.92606,281.02606,281.82605,281.42606,280.92606,280.72604,280.72604,280.42606,280.42606,280.22604,279.52606,279.32605,280.22604,280.32605,280.12604,280.12604,280.72604,282.72604,281.92606,277.92606,276.72604,275.92606,277.12604,277.12604,277.32605,278.62604,277.62604,279.12604,280.52606
282.52606,283.52606,284.42606,284.92606,283.82605,283.02606,281.02606,280.62604,281.52606,284.52606,282.92606,280.22604,281.72604,282.72604,282.42606,282.12604,281.52606,281.22604,280.82605,280.42606,280.02606,280.22604,280.62604,280.32605,280.12604,279.72604,278.92606,279.52606,278.72604,280.02606,279.52606,277.12604,276.32605,275.12604,275.82605,275.42606,275.82605,275.82605,276.32605,276.82605,276.22604
281.92606,283.42606,285.12604,283.52606,283.52606,283.32605,284.52606,283.62604,282.72604,280.52606,281.02606,282.92606,281.72604,280.72604,281.02606,282.12604,281.72604,280.62604,280.62604,280.82605,280.82605,280.62604,280.22604,280.02606,280.12604,280.02606,279.72604,279.02606,278.52606,278.52606,278.32605,279.82605,276.12604,274.72604,274.22604,274.52606,274.72604,274.42606,274.42606,275.12604,275.82605
