wind.json
{"header": {"discipline":0,"disciplineName":"Meteorological products","gribEdition":2,"gribLength":1125,"center":7,"centerName":"US National Weather Service - NCEP(WMC)","subcenter":0,"refTime":"2023-06-27T12:00:00.000Z","significanceOfRT":1,"significanceOfRTName":"Start of forecast","productStatus":0,"productStatusName":"Operational products","productType":1,"productTypeName":"Forecast products","productDefinitionTemplate":0,"productDefinitionTemplateName":"Analysis/forecast at horizontal level/layer at a point in time","parameterCategory":2,"parameterCategoryName":"UnknownDiscipline_0_Category_2","parameterNumber":3,"parameterNumberName":"UnknownParameter_D0_C2_3","parameterUnit":"Unknown","genProcessType":2,"genProcessTypeName":"Forecast","forecastTime":60,"surface1Type":103,"surface1TypeName":"Specified height level above ground","surface1Value":10.0,"surface2Type":255,"surface2TypeName":"Missing","surface2Value":0.0,"gridDefinitionTemplate":0,"gridDefinitionTemplateName":"Latitude_Longitude","numberPoints":688,"shape":6,"shapeName":"Earth spherical with radius of 6,371,229.0 m","gridUnits":"degrees","resolution":48,"winds":"true","scanMode":64,"nx":43,"ny":16,"basicAngle":0,"lo1":45.0,"la1":40.0,"lo2":87.0,"la2":55.0,"dx":1.0,"dy":1.0}, "data":
[rows 0 to 15 of 16, columns 0 to 42 of 43]
-2.7598438,1.6201563,-0.85984373,-1.5098437,-0.6198437,-6.659844,-6.889844,-4.3098435,-2.8498437,-2.9298437,-1.6098437,2.5801563,3.4801562,2.4101562,0.5601562,-0.40984374,-1.6098437,-2.1798437,-3.4498436,-5.5598435,-5.6498437,1.5625E-4,-1.9898437,0.55015624,1.5501562,2.1001563,0.99015623,0.97015625,2.3901563,-1.0698438,-2.6798437,-1.4098438,-0.16984375,-0.15984374,-2.7298439,-1.6698438,-2.0198438,-3.6898437,-2.1698437,-5.2898436,-5.699844,-4.2098436,1.2401563
1.0901562,-2.2798438,-0.30984375,-0.9398438,-0.42984375,-6.5598435,-7.369844,-2.7598438,-0.08984375,0.5001562,0.22015625,2.2701561,4.030156,3.2101562,1.4401562,0.38015625,-1.0798438,-3.0098438,-3.6498437,-3.9898438,-3.9698439,-2.0098438,-2.2598438,-2.8598437,2.6001563,-1.1198437,-0.76984376,-1.6198437,-1.7498437,1.6201563,2.6101563,-0.23984376,-2.2898438,-2.6698437,0.43015626,0.85015625,-0.33984375,-1.1098437,-1.7298437,-4.6898437,-5.8998437,-4.2098436,-0.65984374
0.44015625,-2.6298437,0.38015625,0.54015625,-3.2998438,-6.4598436,-6.509844,0.72015625,1.8901563,2.9901562,6.7301564,5.130156,3.8001564,3.4301562,2.9501562,2.6401563,-0.57984376,-1.6698438,-2.2498438,-4.8098435,-4.909844,-3.9498436,-4.259844,-5.259844,-1.6398437,1.6501563,0.89015627,0.10015625,-2.4298437,0.97015625,-0.08984375,1.8601563,2.8701563,2.9401562,-0.6798437,-3.6098437,-3.9798439,-2.0598438,-2.5398438,-4.429844,-1.4098438,-2.7298439,-7.4398437
1.4501562,-0.32984376,-1.7998438,-3.3398438,-6.1698437,-6.619844,-6.9398437,0.19015625,1.7801563,3.2401562,5.5401564,5.950156,3.5601563,3.4001563,3.1401563,3.1301563,1.5101563,-1.2598437,-1.7798438,-2.9198437,-2.9998438,-3.1698437,-3.3298438,-4.319844,-4.5898438,-1.5598438,-1.0998437,0.8801563,-0.7398437,1.4601562,-0.39984375,0.5101563,2.9701562,0.38015625,1.5701562,-0.5598438,-0.71984375,1.6901562,1.6601562,-1.8998437,-0.42984375,-1.3798437,-2.0598438
-2.1598437,-5.4198437,-0.6198437,-3.0298438,-4.8998437,-6.1898437,-5.6698437,-2.3898437,1.8901563,4.760156,5.220156,7.1701565,3.7201562,6.950156,5.4101562,4.1701565,1.7701563,0.59015626,-1.7498437,-1.8298438,-2.1798437,-2.7698438,-3.6998436,-2.7698438,1.5601562,-0.91984373,-2.1198437,-1.9698437,-2.7698438,-2.0298438,1.1601562,0.04015625,-1.7498437,-2.0998437,-1.3698437,-1.2798438,-0.34984374,-2.0798438,-0.22984375,2.6201563,-1.0398438,1.3301562,2.8501563
-4.699844,-6.599844,-0.40984374,-1.8498437,-4.7498436,-6.909844,-7.5798435,-3.2198439,-0.40984374,0.28015625,1.8901563,2.6301563,6.720156,5.2501564,3.2001562,4.7101564,2.5401564,1.1301563,-0.70984375,-1.8898437,-1.6298437,-0.76984376,-0.91984373,1.2301563,-0.5498437,-2.0598438,-1.9298438,-1.9898437,-2.6298437,-3.0298438,-3.0898438,-1.8298438,-1.0898438,0.6901562,0.7601563,0.8101562,-0.48984376,0.18015625,0.02015625,-1.0598438,0.65015626,4.2501564,2.8601563
-3.2298439,-4.429844,1.5201563,-0.7998437,-3.3798437,-4.9998436,-4.7098436,-5.0398436,-3.6898437,-2.9498436,3.1201563,2.1401563,1.4701562,3.2501562,1.4401562,6.110156,4.780156,2.0401564,0.66015625,-1.5598438,-2.5298438,-2.5098438,-1.9198438,0.5701563,-0.13984375,0.7601563,-0.10984375,-1.1998438,-3.0598438,-3.2898438,-1.2498437,-1.3798437,-1.1898438,-0.70984375,0.7501562,0.7001563,1.8801563,0.14015625,2.0701563,-0.24984375,-3.1598437,1.0401562,5.260156
3.2101562,-4.409844,-1.9198438,2.4401562,-0.81984377,-0.31984374,-2.7998438,-2.7798438,-1.8698437,-1.0398438,-0.6898438,3.2901564,4.800156,5.240156,3.3901563,1.8001562,-0.91984373,-1.1598438,1.5201563,1.3101562,-1.3298438,-3.0198438,-0.35984376,1.0601562,-0.33984375,0.34015626,-1.1098437,0.65015626,0.85015625,-1.5798438,0.08015625,0.61015624,-0.63984376,-2.1198437,-3.6198437,-3.6398437,-0.63984376,-0.5498437,-2.4998438,-2.2198439,-1.0698438,0.36015624,-3.6598437
-0.42984375,1.2601563,-5.619844,3.1501563,1.1501563,-0.47984374,-1.3098438,-1.9298438,-1.7898438,-0.19984375,0.05015625,2.8501563,4.950156,3.3401563,1.1001563,0.98015624,-0.20984375,-0.07984375,-1.6298437,-1.0098437,-0.53984374,-2.9298437,-3.7798438,0.18015625,0.72015625,2.4101562,2.0401564,2.0401564,3.4901562,1.1101563,0.08015625,-0.64984375,-0.28984374,-0.14984375,-0.9998438,-1.7798438,-0.44984376,0.44015625,-1.2798438,-0.26984376,0.07015625,-0.5598438,-1.2798438
-1.0898438,0.23015624,-2.1998436,4.090156,2.5401564,0.36015624,0.49015626,-1.2298437,-2.6498437,-1.2898438,1.6101563,2.2301562,2.5301561,2.6701562,2.1101563,1.5201563,0.93015623,0.48015624,1.1901562,0.15015624,-2.9098437,-2.3298438,2.0001562,0.64015627,1.2701563,1.1501563,1.5801562,2.3701563,2.7201562,2.2901564,2.2001562,1.7301563,0.5101563,1.4301562,1.5401562,1.5001563,1.8301562,-0.11984375,-2.1998436,-1.8098438,-1.8398438,-1.3098438,-0.26984376
-0.8698437,-0.59984374,-1.6998438,3.9201562,2.7201562,1.3401562,2.0101562,-0.47984374,-1.8498437,-1.3298438,3.0901563,2.9001563,4.4801564,2.7401562,2.2601562,1.0101563,0.45015624,-0.96984375,-1.5498438,-0.33984375,0.64015627,1.6201563,0.6201562,3.0601563,3.0301561,2.6401563,1.3001562,1.4701562,0.91015625,1.4101562,1.2201562,0.43015626,1.4201562,2.5501564,2.0401564,1.5901562,2.4601562,1.2501563,0.09015625,-0.63984376,-0.26984376,0.24015625,0.31015626
1.8501563,1.5801562,2.9101562,3.0501564,3.4501562,0.97015625,0.7501562,0.44015625,-0.8098438,-0.9298437,0.29015625,2.3201563,0.60015625,1.1401563,2.3101563,1.8101562,-0.6898438,-0.57984376,1.2901562,-0.78984374,0.5101563,0.33015624,-0.89984375,1.5501562,2.9201562,2.1301563,1.1701562,1.6301563,1.5501562,1.5701562,1.4501562,0.9401562,0.98015624,1.2601563,2.0901563,3.7401562,4.280156,1.9401562,1.0901562,0.84015626,1.0601562,0.7501562,0.36015624
2.3101563,1.5801562,-0.13984375,1.7001562,2.5901563,2.7101562,2.3901563,2.3501563,0.73015624,0.64015627,-0.38984376,0.10015625,0.12015625,0.46015626,2.0601563,1.6201563,0.23015624,0.33015624,1.8601563,0.17015626,1.2001562,0.39015624,-0.6198437,-0.51984376,-0.48984376,-0.64984375,0.73015624,0.98015624,1.6701562,1.1201563,0.92015624,1.1001563,1.2201562,1.1101563,0.7001563,3.6001563,3.8001564,4.6601562,4.0801563,2.7901564,1.8201562,1.5401562,1.0401562
1.5001563,1.0801562,0.8701562,0.72015625,1.8401562,1.7901562,1.7001562,1.3701563,0.86015624,1.5001563,1.5401562,0.58015627,0.08015625,1.0301563,1.6901562,0.97015625,-0.07984375,0.5701563,1.2901562,0.60015625,0.32015625,-0.6798437,1.1201563,1.8001562,1.2601563,-0.20984375,-1.9198438,-0.71984375,-1.8898437,-0.6898438,0.22015625,0.29015625,0.74015623,1.1501563,1.2801563,4.340156,4.3901563,5.0801563,4.820156,3.1301563,4.1701565,3.4301562,1.7001562
1.9101562,0.5701563,1.2101562,0.61015624,1.4201562,3.1501563,1.7101562,1.5601562,0.7001563,1.9401562,0.6301563,1.8601563,0.8701562,0.09015625,0.09015625,0.5001562,-0.9298437,-0.57984376,-0.57984376,-0.85984373,-1.3398438,-1.5498438,-1.6398437,-1.5798438,-1.3198438,-1.5698438,-1.6998438,-2.1098437,-2.1498437,-1.4298438,-0.84984374,-0.44984376,0.32015625,0.68015623,1.1701562,2.7801561,3.1301563,4.0801563,2.7701561,3.6801562,3.1201563,3.1701562,3.9701562
1.5301563,0.73015624,1.1501563,1.3201562,2.5901563,3.1801562,3.0201561,1.9301562,1.8401562,1.7301563,1.4501562,0.39015624,0.17015626,1.1901562,1.6001563,-0.56984377,-0.29984376,-1.3198438,-1.2798438,-0.6798437,-0.6298438,-1.3198438,-2.0898438,-2.4298437,-2.5598438,-2.2998438,-1.9898437,-2.0298438,-2.0698438,-1.7098438,-1.3998437,-1.0298438,-1.3698437,-0.26984376,0.99015623,2.2001562,2.9201562,3.2201562,3.9201562,4.4601564,3.1201563,3.8601563,3.5901563
