wind_kz.json
{"header": {"discipline":0,"disciplineName":"Meteorological products","gribEdition":2,"gribLength":871,"center":7,"centerName":"US National Weather Service - NCEP(WMC)","subcenter":0,"refTime":"2024-02-02T06:00:00.000Z","significanceOfRT":1,"significanceOfRTName":"Start of forecast","productStatus":0,"productStatusName":"Operational products","productType":1,"productTypeName":"Forecast products","productDefinitionTemplate":0,"productDefinitionTemplateName":"Analysis/forecast at horizontal level/layer at a point in time","parameterCategory":0,"parameterCategoryName":"UnknownDiscipline_0_Category_0","parameterNumber":0,"parameterNumberName":"UnknownParameter_D0_C0_0","parameterUnit":"Unknown","genProcessType":2,"genProcessTypeName":"Forecast","forecastTime":60,"surface1Type":1,"surface1TypeName":"Ground or water surface","surface1Value":0.0,"surface2Type":255,"surface2TypeName":"Missing","surface2Value":0.0,"gridDefinitionTemplate":0,"gridDefinitionTemplateName":"Latitude_Longitude","numberPoints":615,"shape":6,"shapeName":"Earth spherical with radius of 6,371,229.0 m","gridUnits":"degrees","resolution":48,"winds":"true","scanMode":64,"nx":41,"ny":15,"basicAngle":0,"lo1":47.0,"la1":41.0,"lo2":87.0,"la2":55.0,"dx":1.0,"dy":1.0}, "data":
[rows 0 to 14 of 15, columns 0 to 40 of 41]
275.5166,266.0166,272.3166,280.4166,280.7166,282.2166,280.1166,278.9166,276.6166,277.3166,275.8166,275.5166,274.7166,275.1166,275.1166,273.2166,273.6166,274.3166,275.1166,274.1166,275.5166,274.8166,273.9166,269.8166,270.6166,272.8166,265.5166,250.0166,250.11661,248.61661,252.9166,252.9166,256.0166,269.2166,270.3166,270.3166,270.5166,271.0166,270.4166,268.6166,270.3166
253.5166,274.1166,280.2166,280.0166,280.8166,281.1166,280.0166,278.1166,276.4166,276.0166,276.3166,274.8166,274.1166,273.3166,272.0166,272.1166,272.7166,272.6166,272.0166,274.2166,274.2166,274.1166,270.1166,265.2166,249.3166,247.2166,257.4166,248.7166,251.8166,246.4166,255.5166,242.61661,262.2166,241.7166,250.9166,263.1166,260.1166,267.4166,267.6166,262.2166,265.1166
274.4166,279.0166,280.2166,280.3166,280.5166,276.9166,278.2166,278.3166,276.4166,275.0166,272.1166,271.8166,271.9166,272.8166,270.0166,268.7166,270.2166,269.3166,270.9166,271.7166,272.3166,271.9166,271.3166,263.4166,271.5166,267.1166,263.7166,264.1166,267.9166,259.3166,252.11661,251.5166,257.7166,258.0166,255.61661,260.0166,253.11661,251.7166,250.9166,252.5166,249.5166
275.1166,276.1166,277.9166,279.1166,278.4166,274.3166,273.8166,273.9166,274.5166,275.3166,275.5166,275.0166,281.3166,281.8166,271.0166,269.4166,269.1166,268.1166,266.4166,268.9166,269.9166,263.9166,269.1166,267.4166,267.3166,269.0166,268.9166,263.6166,263.4166,266.1166,264.9166,262.2166,269.7166,264.0166,260.7166,261.2166,255.8166,252.61661,259.2166,255.5166,256.6166
275.1166,272.8166,271.8166,273.3166,273.3166,274.0166,272.8166,272.8166,273.2166,272.7166,272.8166,272.5166,279.1166,279.1166,278.2166,272.9166,272.3166,271.1166,268.8166,266.1166,264.9166,265.6166,263.1166,261.6166,259.7166,258.8166,263.3166,262.3166,266.9166,268.4166,267.7166,266.2166,260.1166,249.61661,261.1166,257.5166,258.8166,255.5166,255.8166,255.9166,257.6166
276.8166,276.0166,273.1166,272.9166,272.2166,271.6166,273.7166,273.0166,271.8166,273.2166,271.1166,271.0166,278.0166,279.1166,271.6166,271.2166,272.0166,270.9166,271.6166,269.9166,265.1166,266.3166,263.8166,260.7166,260.2166,255.9166,260.7166,263.2166,261.0166,263.4166,263.8166,265.7166,262.7166,260.2166,262.1166,263.5166,261.0166,261.5166,256.9166,252.2166,255.2166
274.6166,275.0166,276.0166,276.2166,273.8166,274.3166,273.8166,273.1166,272.7166,272.2166,270.3166,268.9166,269.9166,268.3166,268.1166,269.3166,268.7166,267.8166,271.8166,271.0166,268.1166,267.4166,267.2166,266.5166,263.8166,255.8166,252.7166,255.7166,256.3166,257.3166,256.3166,259.1166,256.2166,258.7166,260.7166,261.5166,258.8166,258.6166,253.11661,252.3166,253.9166
274.1166,274.0166,273.5166,273.5166,273.7166,273.5166,273.4166,273.2166,273.2166,272.5166,271.7166,270.1166,269.7166,268.1166,268.4166,267.7166,267.1166,265.4166,265.3166,269.1166,268.4166,269.1166,267.8166,266.7166,265.8166,262.5166,262.8166,250.61661,252.7166,252.2166,255.0166,256.1166,259.0166,259.9166,257.2166,253.3166,251.4166,254.3166,257.4166,256.7166,254.7166
273.3166,273.2166,273.3166,273.2166,273.2166,273.2166,273.2166,273.2166,273.2166,272.8166,272.2166,270.8166,269.1166,268.2166,265.6166,266.3166,266.0166,265.5166,265.6166,266.3166,265.6166,264.0166,265.3166,265.4166,264.5166,263.7166,263.4166,260.3166,260.5166,253.7166,257.3166,257.9166,264.1166,264.1166,259.3166,260.0166,257.9166,257.4166,253.11661,247.5166,245.8166
273.2166,273.2166,273.2166,273.2166,273.2166,273.2166,273.2166,273.0166,272.6166,272.6166,271.5166,270.3166,269.5166,268.6166,267.5166,268.7166,265.4166,265.0166,264.5166,264.3166,264.4166,265.5166,265.5166,263.5166,264.1166,263.5166,264.6166,263.6166,263.3166,262.1166,263.7166,265.7166,266.2166,264.6166,263.2166,263.4166,263.1166,259.2166,255.5166,258.3166,252.11661
273.2166,273.1166,273.2166,273.2166,273.2166,273.2166,273.2166,273.1166,272.8166,272.2166,270.6166,269.7166,269.1166,267.4166,264.6166,264.7166,264.7166,264.4166,265.6166,263.8166,262.8166,264.7166,264.8166,264.2166,264.5166,265.1166,264.1166,263.8166,264.4166,264.6166,266.3166,267.9166,265.5166,265.9166,264.7166,266.7166,263.5166,262.4166,261.4166,259.9166,257.7166
273.2166,273.2166,273.2166,273.2166,273.0166,272.8166,272.5166,272.2166,271.5166,270.8166,268.2166,266.2166,266.8166,265.3166,265.1166,264.2166,262.8166,261.7166,262.9166,262.8166,262.8166,261.4166,262.4166,262.7166,263.5166,264.0166,264.5166,265.7166,265.8166,265.2166,265.7166,264.4166,267.6166,268.3166,266.1166,267.6166,268.6166,267.8166,266.6166,266.1166,262.7166
272.9166,273.2166,273.2166,273.1166,273.1166,272.5166,271.4166,270.1166,268.5166,268.7166,266.5166,263.9166,265.0166,264.1166,264.5166,263.6166,260.7166,260.2166,260.1166,261.7166,262.3166,261.1166,260.8166,260.7166,262.1166,263.5166,264.5166,263.6166,264.8166,265.7166,265.9166,266.1166,267.1166,268.8166,270.0166,268.1166,268.0166,269.4166,268.4166,266.3166,265.2166
272.7166,272.8166,271.9166,271.8166,270.9166,270.0166,269.2166,268.0166,268.1166,267.1166,264.6166,260.7166,260.6166,262.6166,261.4166,261.1166,258.0166,259.1166,258.0166,260.7166,262.7166,262.9166,262.6166,262.2166,262.1166,259.2166,259.3166,261.4166,261.8166,262.5166,264.7166,267.4166,269.5166,269.1166,269.2166,269.6166,268.9166,268.6166,268.4166,267.8166,268.5166
270.0166,270.3166,270.7166,269.6166,269.2166,268.5166,267.8166,266.8166,266.9166,264.9166,262.5166,259.1166,258.3166,253.0166,256.2166,254.4166,255.3166,256.6166,260.1166,262.1166,262.9166,263.3166,263.8166,264.3166,264.5166,263.4166,262.2166,261.5166,261.7166,262.3166,263.0166,264.4166,267.9166,269.8166,269.1166,269.4166,269.3166,268.4166,268.4166,268.5166,269.0166
