wind_kz.json
{"header": {"discipline":0,"disciplineName":"Meteorological products","gribEdition":2,"gribLength":871,"center":7,"centerName":"US National Weather Service - NCEP(WMC)","subcenter":0,"refTime":"2024-04-06T12:00:00.000Z","significanceOfRT":1,"significanceOfRTName":"Start of forecast","productStatus":0,"productStatusName":"Operational products","productType":1,"productTypeName":"Forecast products","productDefinitionTemplate":0,"productDefinitionTemplateName":"Analysis/forecast at horizontal level/layer at a point in time","parameterCategory":0,"parameterCategoryName":"UnknownDiscipline_0_Category_0","parameterNumber":0,"parameterNumberName":"UnknownParameter_D0_C0_0","parameterUnit":"Unknown","genProcessType":2,"genProcessTypeName":"Forecast","forecastTime":300,"surface1Type":1,"surface1TypeName":"Ground or water surface","surface1Value":0.0,"surface2Type":255,"surface2TypeName":"Missing","surface2Value":0.0,"gridDefinitionTemplate":0,"gridDefinitionTemplateName":"Latitude_Longitude","numberPoints":615,"shape":6,"shapeName":"Earth spherical with radius of 6,371,229.0 m","gridUnits":"degrees","resolution":48,"winds":"true","scanMode":64,"nx":41,"ny":15,"basicAngle":0,"lo1":47.0,"la1":41.0,"lo2":87.0,"la2":55.0,"dx":1.0,"dy":1.0}, "data":
[rows 0 to 14 of 15, columns 0 to 40 of 41]
285.3415,279.3415,282.6415,282.4415,283.3415,284.4415,284.8415,287.8415,287.5415,291.0415,290.0415,291.6415,289.6415,289.9415,289.0415,288.5415,288.1415,286.3415,290.24152,288.9415,291.3415,291.24152,290.1415,284.5415,288.8415,289.8415,284.9415,272.8415,271.9415,270.74152,266.1415,262.8415,276.24152,280.0415,282.0415,283.1415,282.3415,282.8415,283.1415,283.0415,282.4415
267.1415,283.9415,282.74152,282.9415,283.0415,283.5415,287.74152,287.9415,288.1415,289.5415,289.1415,288.3415,288.5415,287.1415,288.3415,287.8415,288.8415,288.9415,287.6415,287.5415,287.0415,286.5415,286.5415,279.74152,266.3415,270.9415,279.9415,273.3415,274.5415,265.74152,272.3415,254.2415,268.5415,241.0415,255.5415,277.3415,275.5415,278.6415,282.4415,274.8415,279.0415
284.5415,282.3415,282.24152,282.74152,283.0415,288.3415,288.3415,288.3415,287.5415,286.24152,285.3415,285.1415,285.3415,285.6415,286.24152,287.0415,286.8415,286.1415,286.0415,286.5415,286.24152,285.3415,283.6415,277.1415,279.0415,278.5415,277.4415,278.0415,278.5415,273.1415,263.8415,268.4415,271.5415,271.1415,272.9415,272.9415,257.9415,268.9415,269.3415,258.24152,253.2415
283.6415,283.4415,282.24152,282.24152,284.24152,288.74152,289.0415,287.0415,286.8415,285.24152,283.24152,283.4415,286.1415,286.74152,285.4415,285.8415,284.3415,285.24152,285.1415,284.8415,284.24152,276.74152,280.4415,281.0415,281.6415,280.6415,280.9415,280.4415,276.74152,274.8415,276.3415,279.8415,282.6415,283.0415,280.74152,276.3415,262.24152,252.14151,266.5415,276.74152,279.5415
284.74152,284.6415,283.24152,283.8415,284.9415,289.6415,289.24152,288.0415,285.74152,284.3415,283.8415,282.9415,285.5415,285.4415,283.74152,284.1415,283.8415,283.74152,283.8415,283.1415,283.3415,282.74152,281.74152,281.5415,281.4415,281.0415,279.24152,279.24152,280.74152,280.6415,280.74152,277.8415,271.8415,258.74152,272.74152,279.9415,278.9415,281.4415,281.1415,281.74152,281.24152
285.6415,285.8415,284.5415,283.24152,281.8415,282.5415,288.0415,288.24152,285.3415,284.0415,284.8415,284.9415,284.4415,284.6415,279.24152,284.0415,284.3415,283.1415,283.6415,283.3415,282.74152,281.24152,280.8415,280.6415,280.24152,279.6415,278.6415,271.74152,280.9415,280.5415,279.74152,279.1415,277.9415,277.3415,276.8415,274.6415,272.8415,272.8415,278.4415,280.4415,279.8415
286.5415,287.74152,288.6415,287.8415,285.74152,287.6415,288.1415,287.0415,285.74152,285.0415,283.3415,283.0415,283.5415,283.8415,283.24152,283.74152,283.8415,283.1415,282.5415,282.5415,281.1415,281.3415,280.9415,280.4415,279.74152,280.1415,279.4415,280.24152,280.0415,279.4415,278.9415,279.0415,278.74152,278.1415,278.74152,276.5415,273.6415,271.8415,270.3415,270.4415,275.6415
286.1415,285.74152,287.1415,287.24152,288.0415,287.74152,287.4415,285.74152,283.3415,283.0415,282.3415,282.1415,282.24152,281.9415,282.24152,282.9415,283.24152,283.24152,281.8415,280.3415,279.6415,279.8415,279.74152,280.3415,279.4415,276.9415,277.4415,278.1415,277.0415,277.74152,276.6415,276.24152,275.4415,273.4415,273.9415,274.74152,276.74152,272.4415,276.1415,276.5415,274.0415
283.9415,283.5415,284.6415,284.5415,285.3415,284.9415,284.1415,283.8415,282.24152,280.9415,281.3415,280.6415,280.5415,281.4415,281.4415,280.8415,281.3415,281.5415,281.24152,280.6415,279.3415,279.4415,279.8415,279.24152,278.4415,278.5415,276.4415,275.8415,274.4415,273.24152,274.0415,274.1415,274.9415,274.5415,274.0415,273.1415,273.9415,273.0415,259.24152,265.24152,261.1415
284.0415,284.1415,283.4415,286.3415,286.3415,284.4415,282.74152,284.9415,284.6415,280.74152,280.1415,280.3415,280.24152,280.6415,281.3415,281.0415,280.5415,281.0415,281.3415,281.4415,280.4415,280.1415,280.6415,280.3415,280.5415,279.1415,278.8415,277.74152,276.5415,274.74152,274.24152,275.24152,277.74152,276.74152,275.74152,275.3415,273.4415,271.8415,267.4415,269.8415,266.4415
282.74152,283.5415,283.1415,283.3415,282.8415,284.3415,283.5415,282.3415,284.1415,284.1415,283.1415,281.1415,281.74152,281.5415,280.6415,281.24152,281.24152,280.74152,281.4415,280.5415,281.4415,281.0415,280.74152,280.8415,279.9415,278.8415,277.1415,277.5415,277.5415,277.5415,278.3415,278.0415,277.5415,278.8415,278.5415,277.0415,272.24152,270.3415,272.5415,270.5415,268.8415
282.9415,284.24152,283.74152,282.74152,281.0415,280.4415,279.1415,280.4415,282.5415,282.74152,282.4415,282.5415,282.1415,281.0415,281.5415,281.5415,281.6415,281.24152,281.6415,281.24152,280.24152,280.0415,279.8415,279.9415,278.8415,279.24152,278.74152,280.1415,280.5415,279.5415,279.4415,278.74152,279.3415,277.8415,278.24152,277.5415,277.1415,276.74152,275.6415,276.1415,275.24152
280.5415,282.4415,284.6415,284.8415,283.24152,280.1415,278.6415,277.6415,278.0415,279.5415,279.1415,280.0415,281.0415,281.6415,280.9415,280.8415,280.8415,281.3415,281.24152,280.6415,280.6415,279.6415,279.24152,279.1415,279.5415,279.8415,280.74152,280.0415,280.0415,280.1415,279.9415,279.6415,279.5415,278.4415,278.74152,278.0415,277.8415,277.74152,276.5415,276.8415,276.4415
280.1415,281.3415,278.1415,284.1415,283.4415,282.74152,279.4415,278.5415,278.6415,278.6415,280.9415,279.3415,280.6415,281.6415,281.6415,281.5415,280.9415,280.4415,280.74152,280.3415,280.24152,280.0415,280.1415,279.74152,279.9415,279.6415,280.1415,280.24152,279.74152,279.74152,279.4415,279.1415,278.9415,278.24152,277.9415,276.8415,276.9415,276.4415,275.6415,275.1415,275.8415
280.74152,281.4415,272.9415,280.9415,280.6415,279.8415,280.5415,279.5415,280.24152,279.4415,278.24152,277.74152,277.24152,278.1415,279.6415,280.8415,280.6415,280.24152,280.3415,280.24152,280.3415,279.6415,279.74152,279.24152,279.3415,279.24152,279.3415,279.1415,279.3415,279.0415,279.1415,275.3415,278.0415,277.74152,277.3415,277.24152,276.9415,276.1415,277.0415,275.8415,274.5415
