wind_kz.json
{"header": {"discipline":0,"disciplineName":"Meteorological products","gribEdition":2,"gribLength":1102,"center":7,"centerName":"US National Weather Service - NCEP(WMC)","subcenter":0,"refTime":"2024-02-02T18:00:00.000Z","significanceOfRT":1,"significanceOfRTName":"Start of forecast","productStatus":0,"productStatusName":"Operational products","productType":1,"productTypeName":"Forecast products","productDefinitionTemplate":0,"productDefinitionTemplateName":"Analysis/forecast at horizontal level/layer at a point in time","parameterCategory":2,"parameterCategoryName":"UnknownDiscipline_0_Category_2","parameterNumber":3,"parameterNumberName":"UnknownParameter_D0_C2_3","parameterUnit":"Unknown","genProcessType":2,"genProcessTypeName":"Forecast","forecastTime":300,"surface1Type":103,"surface1TypeName":"Specified height level above ground","surface1Value":10.0,"surface2Type":255,"surface2TypeName":"Missing","surface2Value":0.0,"gridDefinitionTemplate":0,"gridDefinitionTemplateName":"Latitude_Longitude","numberPoints":615,"shape":6,"shapeName":"Earth spherical with radius of 6,371,229.0 m","gridUnits":"degrees","resolution":48,"winds":"true","scanMode":64,"nx":41,"ny":15,"basicAngle":0,"lo1":47.0,"la1":41.0,"lo2":87.0,"la2":55.0,"dx":1.0,"dy":1.0}, "data":
[rows 0 to 14 of 15, columns 0 to 40 of 41]
-2.2243896,1.1756103,-3.9443896,-9.18439,-7.9343896,-5.0143895,-1.6343896,4.9356103,1.7756103,-0.33438966,4.1356106,6.8756104,6.82561,6.74561,7.9056106,9.425611,11.08561,11.595611,9.36561,5.05561,5.9456105,8.04561,3.0156105,-1.5043896,0.24561036,-1.9343896,-1.9343896,-0.23438965,1.0756104,1.8256104,-0.43438965,-2.1343896,-1.2343897,0.45561036,0.5256103,-0.54438967,-0.7843897,-0.76438963,-1.0643897,-0.79438967,-1.2743896
4.1256104,-1.6943897,-8.99439,-8.364389,-9.14439,-8.024389,-0.68438965,3.2256103,3.9356103,3.4956102,-2.5643897,-1.6743896,3.8356104,4.84561,3.4056103,6.09561,8.83561,9.185611,5.51561,6.09561,9.475611,8.58561,5.1956105,2.3256104,2.3756104,2.5856104,0.94561034,0.44561034,-0.30438966,2.6856103,2.9856102,5.3756104,1.0956104,-0.09438965,-2.7143896,-1.2043897,-1.4843897,-0.8443897,0.21561036,1.4356103,0.49561036
-3.7343895,-6.90439,-8.05439,-8.05439,-8.444389,-7.7443895,-1.4443897,0.76561034,6.2256103,4.5656104,2.9856102,1.3956103,-0.08438965,-1.2943896,0.69561034,2.2656105,7.9656105,5.6056104,6.9156103,5.36561,4.9456105,3.9056103,1.0056103,1.1856103,2.1356103,0.5356104,0.33561036,-0.47438964,0.46561036,1.9856104,1.4856104,1.2056104,2.6356103,-0.7243897,0.70561033,-0.42438966,0.68561035,1.1656103,-0.85438967,-0.67438966,-1.0143896
-2.3143897,-3.6043897,-5.73439,-6.3643894,-6.3543897,-6.0943894,-3.9143896,-0.62438965,0.95561033,1.3756104,2.1756103,1.5356103,1.0256103,2.2856104,1.2056104,0.81561035,1.6856103,1.0956104,2.7556105,2.0356104,6.6056104,4.1456103,3.2756104,3.3056104,2.8056104,2.9556103,1.9856104,0.37561035,3.6356103,6.5856104,5.0856104,0.22561035,-0.0043896483,0.21561036,-0.34438965,-1.3243897,1.1256104,1.9856104,-0.54438967,-1.2143897,-0.48438966
-2.7443895,-0.48438966,-0.67438966,-1.5843897,-2.9643896,-2.6843896,-3.5543897,-1.4743897,-0.55438966,-0.7143896,-0.76438963,-0.024389649,0.16561036,2.0556104,0.48561037,-0.12438965,0.51561034,-0.15438965,-0.45438966,0.03561035,1.9756104,1.7056104,1.8656104,2.3456104,2.5056105,2.3056104,2.6356103,0.075610355,0.7156103,5.4556103,-0.31438965,0.075610355,2.1356103,3.0556104,-0.104389645,0.6056104,0.89561033,-0.56438965,-0.99438965,-0.61438966,-0.5343897
-7.8243895,-1.0943897,2.4456103,0.10561035,-1.2743896,-1.5943897,0.9756104,0.27561036,-0.37438965,-0.024389649,0.08561035,-0.014389648,0.19561034,0.27561036,-0.11438965,0.6056104,0.7856104,1.2656103,1.0856104,0.89561033,0.30561036,1.8356104,1.9856104,0.7256104,1.3956103,1.2556103,1.7056104,-1.0143896,-0.28438964,-1.5143896,-0.79438967,-1.0843897,1.1756103,1.5556103,1.7456104,6.2556105,1.5756104,1.4556104,0.76561034,0.48561037,1.7756103
-7.17439,-5.94439,0.9656103,4.07561,2.0156105,1.4656104,2.8856103,1.9956104,2.1256104,2.4756103,2.1156104,1.6556103,1.6156104,1.2756103,0.81561035,1.5556103,1.6856103,1.1156104,0.93561035,0.6556103,-0.6543896,-0.40438965,0.42561036,1.5756104,1.4656104,1.0956104,-0.74438965,-2.0543897,-2.4243896,-2.6443896,-1.4443897,-0.73438966,-0.51438963,1.2456104,1.0256103,0.35561034,-1.1043897,2.1356103,-0.60438967,-0.86438966,0.74561036
-5.8143897,-5.5143895,-4.44439,3.5456104,4.74561,4.4256105,5.01561,5.9656105,5.9156103,4.7556105,3.6356103,3.2756104,1.5256103,0.28561035,-0.14438964,1.3156104,0.55561036,0.88561034,1.0356103,2.4856102,0.7756103,1.2356104,-0.74438965,0.15561035,1.5156103,1.2956103,1.4456104,-0.48438966,-1.3443897,-1.2043897,-0.5343897,-1.8843896,0.68561035,2.2056103,2.3156104,-1.4143896,-1.6443896,3.2056103,-2.8443897,0.69561034,2.2856104
-6.1843896,-4.2643895,-3.0743897,-1.8443897,6.4756103,7.05561,5.9456105,5.4056106,4.9256105,4.86561,4.3756104,3.4456103,2.3756104,0.95561033,0.21561036,-0.34438965,1.4856104,1.6156104,1.6656103,1.8256104,2.5756104,2.2956104,2.4356103,2.0156105,1.7056104,2.3756104,1.1056104,1.8356104,1.2556103,0.82561034,0.58561033,1.2756103,1.1556103,-0.5843896,0.6056104,2.5656104,1.5156103,2.6156104,5.4456105,4.24561,2.6956103
-4.9543896,-2.9443896,-1.1443896,-0.07438965,4.05561,7.4556103,7.26561,6.0256104,5.78561,5.5656104,5.2056103,4.49561,4.09561,3.1556103,2.8156104,2.0756104,1.9756104,1.8456104,2.3856103,2.1356103,1.6256104,2.0156105,2.2856104,2.2256103,2.4656103,2.7956104,2.6856103,2.4856102,2.8956103,3.0456104,1.7956103,1.1856103,0.09561035,0.69561034,0.38561034,0.045610353,2.1256104,2.3156104,3.4456103,4.9056106,4.4756103
-6.3043895,-4.4743896,0.49561036,2.4556103,1.1356103,7.84561,7.99561,6.2256103,5.2956104,4.6056104,4.6956105,4.03561,4.2356105,3.8256104,3.1156104,2.8356104,3.0156105,2.3756104,1.9756104,1.8856103,1.4256103,1.7156104,2.0956104,2.7556105,2.5756104,3.3056104,2.7656105,2.7356102,2.7356102,1.5356103,0.9156104,0.95561033,1.5156103,2.2156103,3.0256104,3.1256104,3.2456102,3.1756103,6.6856103,3.6256104,2.1956103
-8.024389,-7.1843896,-0.5243896,2.0856104,1.3156104,7.3556104,7.3556104,6.7156105,5.24561,4.5656104,3.5356104,2.7556105,2.5356104,2.5656104,2.1656103,1.8656104,1.9756104,0.98561037,1.8156104,1.6056104,1.5556103,0.55561036,0.24561036,1.6156104,2.0656104,2.6356103,2.7756104,1.3556104,0.44561034,0.64561033,1.4056103,2.5356104,2.8856103,3.2756104,3.1456103,4.61561,5.3356104,3.6556103,0.89561033,-1.2243897,-2.3443897
-8.08439,-7.8443894,-8.16439,2.4956102,3.6556103,3.7256103,5.4456105,6.0256104,6.11561,3.7356102,0.27561036,0.82561034,-1.7243897,0.94561034,0.24561036,-0.16438965,-0.7843897,-0.95438963,-1.6443896,-1.0043896,0.21561036,0.6056104,0.54561037,-0.20438965,-0.70438963,0.20561035,0.05561035,0.6056104,1.2456104,1.5056103,2.1556103,2.5956104,2.7656105,3.1956103,3.4956102,3.9056103,4.24561,3.1456103,3.6256104,2.8156104,1.6156104
-8.24439,-9.13439,-8.694389,-6.8943896,-3.2443895,-0.67438966,0.33561036,0.82561034,-0.63438964,-0.50438964,0.56561035,0.40561035,-0.61438966,-0.40438965,-0.49438965,-1.8143897,-1.9643897,-1.5843897,-0.93438965,-0.74438965,-0.66438967,-0.0043896483,0.18561035,0.11561035,0.05561035,-0.03438965,0.12561035,0.54561037,0.82561034,1.5056103,2.1456103,2.6656103,3.3056104,3.6356103,3.2856104,4.36561,3.5956104,3.2156103,4.3356104,4.9256105,4.2356105
-4.7643895,-7.50439,-9.50439,-6.6143894,-5.8043895,-3.5543897,-2.5243897,-1.5743897,-1.4543897,-1.0343896,-0.9043896,-1.3343897,0.30561036,0.44561034,-1.5343896,-1.9543897,-1.9543897,-1.8843896,-1.0443896,-1.0443896,-0.41438964,-0.39438966,-0.064389646,-0.014389648,0.36561036,0.61561036,0.76561034,0.95561033,1.3356104,1.7356104,2.3656104,3.4156103,3.5956104,4.1856103,4.59561,4.3956103,4.6056104,4.6956105,3.6456103,2.9656103,4.24561
