wind_kz.json
{"header": {"discipline":0,"disciplineName":"Meteorological products","gribEdition":2,"gribLength":871,"center":7,"centerName":"US National Weather Service - NCEP(WMC)","subcenter":0,"refTime":"2024-04-08T06:00:00.000Z","significanceOfRT":1,"significanceOfRTName":"Start of forecast","productStatus":0,"productStatusName":"Operational products","productType":1,"productTypeName":"Forecast products","productDefinitionTemplate":0,"productDefinitionTemplateName":"Analysis/forecast at horizontal level/layer at a point in time","parameterCategory":0,"parameterCategoryName":"UnknownDiscipline_0_Category_0","parameterNumber":0,"parameterNumberName":"UnknownParameter_D0_C0_0","parameterUnit":"Unknown","genProcessType":2,"genProcessTypeName":"Forecast","forecastTime":0,"surface1Type":1,"surface1TypeName":"Ground or water surface","surface1Value":0.0,"surface2Type":255,"surface2TypeName":"Missing","surface2Value":0.0,"gridDefinitionTemplate":0,"gridDefinitionTemplateName":"Latitude_Longitude","numberPoints":615,"shape":6,"shapeName":"Earth spherical with radius of 6,371,229.0 m","gridUnits":"degrees","resolution":48,"winds":"true","scanMode":64,"nx":41,"ny":15,"basicAngle":0,"lo1":47.0,"la1":41.0,"lo2":87.0,"la2":55.0,"dx":1.0,"dy":1.0}, "data":
[rows 0 to 14 of 15, columns 0 to 40 of 41]
283.82654,278.42654,281.52655,281.42654,282.42654,283.62653,296.52655,303.92654,302.02655,303.02655,299.02655,295.32654,301.62653,303.62653,303.52655,303.92654,305.02655,306.02655,305.02655,305.82654,304.92654,303.12653,301.42654,300.22653,306.42654,307.12653,301.22653,275.72653,283.42654,284.62653,282.02655,280.02655,296.62653,307.92654,308.72653,305.72653,310.12653,309.32654,306.42654,305.52655,303.82654
271.32654,287.12653,281.82654,282.02655,282.12653,282.62653,292.92654,291.02655,295.02655,297.42654,301.52655,301.52655,304.72653,306.22653,301.82654,300.82654,301.62653,302.02655,303.42654,304.92654,302.52655,300.32654,295.82654,282.12653,273.22653,273.22653,293.32654,274.42654,293.62653,272.52655,276.02655,272.32654,294.02655,263.72653,270.82654,299.02655,300.22653,302.42654,305.52655,296.42654,281.42654
293.72653,281.52655,281.72653,282.02655,282.02655,297.02655,297.22653,297.22653,297.12653,296.92654,296.92654,298.92654,296.12653,295.42654,297.32654,301.62653,301.42654,300.42654,301.12653,301.62653,302.72653,305.72653,300.72653,292.82654,299.02655,299.22653,299.72653,299.42654,302.22653,287.32654,274.22653,273.42654,289.02655,293.12653,290.32654,292.92654,273.22653,289.92654,284.92654,277.32654,278.12653
293.42654,282.22653,281.62653,281.72653,285.42654,296.22653,294.72653,296.92654,297.22653,297.42654,296.72653,295.62653,285.02655,285.52655,296.92654,299.02655,299.62653,293.62653,294.22653,298.62653,297.22653,297.02655,303.72653,304.92654,303.82654,303.12653,303.82654,302.12653,302.12653,300.52655,296.12653,296.62653,300.52655,302.02655,297.52655,294.42654,276.02655,272.52655,293.82654,300.12653,302.32654
295.02655,282.72653,281.62653,282.02655,287.72653,296.72653,296.52655,298.52655,297.42654,296.92654,295.72653,295.92654,283.92654,283.82654,282.32654,298.82654,299.12653,301.12653,300.22653,292.02655,290.62653,294.02655,297.32654,302.52655,303.22653,302.42654,299.82654,296.72653,302.62653,304.62653,305.62653,303.52655,288.92654,273.02655,293.22653,300.82654,294.42654,308.22653,307.72653,304.62653,302.92654
295.42654,296.92654,282.32654,281.12653,279.92654,280.52655,295.52655,294.72653,295.42654,294.62653,293.92654,293.92654,284.62653,283.12653,284.22653,296.52655,296.92654,298.82654,298.02655,296.82654,292.02655,293.62653,293.02655,295.62653,299.32654,299.62653,300.12653,272.02655,299.62653,299.02655,297.72653,303.72653,302.82654,302.32654,296.72653,294.22653,288.62653,289.52655,306.32654,303.72653,300.42654
296.42654,295.82654,295.32654,295.12653,290.12653,294.42654,295.32654,294.02655,292.82654,291.92654,291.02655,289.52655,291.22653,291.72653,293.42654,293.82654,294.52655,295.82654,295.52655,297.32654,295.42654,287.82654,285.22653,285.82654,287.12653,294.42654,295.22653,296.12653,296.02655,299.92654,300.72653,302.92654,300.92654,301.22653,298.02655,298.52655,293.12653,293.32654,281.02655,286.82654,298.12653
294.52655,294.72653,292.82654,292.42654,293.32654,291.62653,292.62653,291.42654,290.32654,289.92654,290.42654,286.02655,290.02655,291.12653,289.72653,292.42654,293.92654,293.02655,292.82654,294.12653,294.52655,291.52655,285.32654,283.92654,283.72653,283.32654,291.02655,294.32654,292.32654,295.62653,295.12653,297.22653,298.32654,294.02655,294.22653,296.82654,296.02655,273.12653,300.42654,300.62653,300.52655
293.02655,292.12653,292.32654,292.42654,291.32654,291.12653,290.12653,288.62653,287.72653,287.92654,287.92654,287.62653,288.42654,290.92654,286.12653,283.72653,290.32654,291.82654,291.82654,292.42654,290.02655,293.32654,294.02655,282.22653,282.32654,282.42654,284.72653,286.42654,291.32654,290.82654,290.12653,292.52655,296.22653,295.02655,294.92654,287.82654,279.02655,283.92654,273.42654,275.02655,273.82654
290.62653,289.62653,289.52655,289.52655,288.82654,289.22653,281.92654,287.72653,287.52655,282.92654,280.72653,279.22653,282.32654,282.22653,289.02655,289.22653,290.42654,291.12653,292.72653,292.62653,292.42654,293.12653,294.72653,293.52655,291.12653,281.62653,285.42654,288.82654,292.62653,294.32654,297.22653,297.82654,295.72653,293.52655,292.52655,293.12653,286.62653,281.92654,279.52655,283.02655,276.62653
290.02655,290.02655,289.02655,288.22653,282.72653,282.22653,282.42654,283.22653,287.62653,284.02655,279.22653,278.92654,279.12653,279.72653,280.52655,281.22653,287.02655,291.02655,291.12653,288.22653,290.72653,293.52655,290.82654,290.82654,290.82654,291.02655,281.02655,287.22653,295.32654,297.52655,297.12653,293.92654,293.22653,291.62653,293.72653,290.62653,284.92654,287.42654,292.42654,289.22653,281.62653
288.02655,288.72653,287.52655,282.52655,280.92654,282.42654,282.52655,278.72653,283.12653,281.22653,274.62653,275.82654,279.82654,278.12653,280.12653,281.02655,286.82654,291.62653,289.22653,286.42654,280.52655,275.82654,279.42654,280.02655,286.52655,283.32654,290.72653,291.52655,294.22653,293.62653,291.72653,290.92654,291.72653,291.12653,288.82654,290.42654,291.42654,295.92654,293.62653,294.32654,294.42654
282.52655,281.32654,281.72653,282.02655,281.52655,282.52655,284.42654,276.92654,274.02655,277.32654,274.72653,274.12653,283.22653,280.72653,280.22653,282.62653,279.92654,278.62653,284.22653,283.42654,281.52655,276.92654,281.22653,281.42654,281.22653,278.32654,281.52655,285.02655,289.02655,289.62653,290.22653,290.52655,289.22653,287.42654,287.42654,286.92654,285.52655,280.92654,287.52655,286.82654,282.42654
285.72653,280.12653,277.52655,279.22653,282.02655,280.12653,279.02655,275.12653,277.42654,280.82654,274.72653,273.42654,273.42654,274.92654,277.12653,277.32654,276.52655,277.22653,280.32654,281.22653,280.92654,282.72653,283.72653,277.02655,281.42654,276.22653,276.02655,276.82654,283.72653,285.32654,285.42654,284.52655,283.92654,282.52655,282.32654,278.72653,278.62653,278.42654,277.72653,285.32654,288.82654
282.42654,281.42654,273.22653,281.12653,277.62653,278.62653,278.52655,279.42654,279.92654,279.32654,276.02655,274.32654,273.92654,274.62653,275.02655,277.52655,275.42654,275.92654,279.32654,280.52655,280.22653,279.02655,277.82654,275.12653,273.92654,274.22653,275.72653,280.82654,280.32654,281.22653,279.92654,275.42654,276.82654,276.52655,277.62653,277.92654,279.12653,278.82654,284.42654,282.82654,286.52655
