wind_kz.json
{"header": {"discipline":0,"disciplineName":"Meteorological products","gribEdition":2,"gribLength":871,"center":7,"centerName":"US National Weather Service - NCEP(WMC)","subcenter":0,"refTime":"2023-09-26T12:00:00.000Z","significanceOfRT":1,"significanceOfRTName":"Start of forecast","productStatus":0,"productStatusName":"Operational products","productType":1,"productTypeName":"Forecast products","productDefinitionTemplate":0,"productDefinitionTemplateName":"Analysis/forecast at horizontal level/layer at a point in time","parameterCategory":0,"parameterCategoryName":"UnknownDiscipline_0_Category_0","parameterNumber":0,"parameterNumberName":"UnknownParameter_D0_C0_0","parameterUnit":"Unknown","genProcessType":2,"genProcessTypeName":"Forecast","forecastTime":180,"surface1Type":1,"surface1TypeName":"Ground or water surface","surface1Value":0.0,"surface2Type":255,"surface2TypeName":"Missing","surface2Value":0.0,"gridDefinitionTemplate":0,"gridDefinitionTemplateName":"Latitude_Longitude","numberPoints":615,"shape":6,"shapeName":"Earth spherical with radius of 6,371,229.0 m","gridUnits":"degrees","resolution":48,"winds":"true","scanMode":64,"nx":41,"ny":15,"basicAngle":0,"lo1":47.0,"la1":41.0,"lo2":87.0,"la2":55.0,"dx":1.0,"dy":1.0}, "data":
[rows 0 to 14 of 15, columns 0 to 40 of 41]
289.37994,281.07996,286.37994,293.17996,293.17996,292.47995,291.17996,291.97995,291.57996,294.17996,293.17996,291.87994,291.17996,290.87994,289.37994,287.47995,287.77997,287.37994,285.97995,288.07996,289.97995,288.07996,286.77997,283.07996,284.07996,287.07996,283.67996,271.27997,268.07996,269.97995,270.57996,271.87994,279.77997,285.27997,286.97995,287.77997,286.17996,285.87994,287.57996,287.77997,285.57996
273.67996,287.97995,292.57996,292.77997,292.77997,291.67996,289.47995,289.77997,288.27997,288.27997,288.87994,288.27997,287.97995,287.87994,286.27997,287.17996,283.87994,283.57996,285.27997,285.77997,288.07996,287.87994,285.97995,280.47995,270.07996,270.97995,278.47995,270.67996,271.57996,268.97995,273.37994,263.77997,271.77997,250.47995,271.07996,283.87994,281.87994,284.67996,287.37994,280.77997,283.57996
288.47995,292.17996,292.67996,292.47995,290.97995,288.87994,289.07996,288.67996,287.17996,286.77997,286.17996,287.27997,286.47995,287.37994,288.37994,284.37994,282.97995,283.17996,284.57996,284.97995,285.57996,284.37994,285.07996,280.47995,281.57996,281.17996,283.47995,283.17996,282.37994,275.57996,268.97995,271.17996,274.97995,274.77997,276.67996,276.67996,271.57996,272.07996,273.57996,270.47995,270.27997
288.17996,291.37994,292.37994,291.97995,290.17996,288.67996,290.87994,288.07996,287.87994,288.17996,285.67996,284.97995,290.47995,289.77997,285.77997,285.57996,286.27997,283.37994,283.97995,284.47995,285.87994,280.47995,284.67996,284.87994,284.87994,284.87994,285.07996,284.37994,281.67996,281.67996,283.17996,281.67996,286.07996,283.07996,283.87994,280.87994,270.87994,266.67996,273.17996,280.47995,284.87994
289.67996,291.17996,292.17996,291.17996,290.27997,290.17996,289.97995,288.77997,289.07996,288.87994,286.47995,283.77997,289.27997,288.07996,286.67996,284.97995,285.47995,286.37994,284.97995,287.27997,286.57996,285.37994,283.97995,283.87994,283.57996,283.47995,281.27997,283.27997,281.27997,281.67996,283.87994,281.07996,271.67996,265.47995,273.87994,282.87994,286.87994,285.57996,286.47995,287.57996,288.27997
288.77997,286.77997,290.17996,291.07996,291.27997,290.87994,288.87994,289.87994,288.87994,289.77997,289.27997,286.27997,288.37994,289.07996,286.07996,284.47995,286.87994,286.87994,286.67996,285.87994,284.37994,283.47995,282.87994,282.27997,281.57996,280.37994,280.27997,287.17996,282.67996,283.27997,282.17996,283.47995,281.17996,279.87994,280.27997,284.37994,276.17996,278.07996,285.07996,286.97995,286.47995
288.07996,284.47995,289.47995,289.27997,290.07996,288.97995,289.47995,288.17996,288.87994,290.57996,289.97995,288.47995,286.87994,286.17996,285.07996,286.47995,286.87994,287.67996,285.27997,284.87994,282.97995,283.37994,283.27997,282.67996,280.87994,280.87994,279.77997,281.07996,280.37994,280.37994,280.27997,281.17996,281.97995,282.67996,282.37994,281.07996,276.87994,274.77997,273.27997,274.77997,283.87994
288.87994,287.57996,288.87994,289.77997,290.07996,289.67996,288.57996,287.37994,287.57996,288.67996,288.57996,287.37994,286.57996,286.77997,284.97995,285.37994,285.47995,285.77997,288.77997,284.27997,282.17996,281.87994,281.37994,281.17996,280.17996,276.97995,277.57996,278.17996,276.87994,277.87994,277.27997,279.17996,281.07996,277.97995,278.07996,278.37994,280.87994,286.07996,281.37994,283.97995,282.37994
287.27997,289.27997,290.17996,288.57996,288.87994,290.17996,287.87994,287.97995,288.07996,289.17996,288.87994,286.07996,286.67996,286.47995,284.37994,284.07996,282.87994,283.67996,284.97995,284.97995,283.37994,280.67996,281.07996,280.07996,278.17996,279.57996,275.27997,274.57996,273.47995,272.77997,274.07996,274.87994,276.97995,280.27997,280.87994,276.97995,278.67996,277.67996,264.47995,269.77997,267.27997
286.97995,290.27997,289.37994,289.07996,288.67996,288.57996,286.07996,285.57996,288.77997,288.97995,286.07996,286.97995,285.97995,286.77997,284.97995,284.17996,282.77997,281.17996,281.27997,286.17996,283.87994,284.47995,282.87994,282.27997,280.67996,278.77997,276.67996,275.47995,274.97995,273.77997,274.47995,276.97995,278.67996,279.17996,278.57996,277.57996,276.87994,274.47995,271.57996,269.67996,269.57996
286.97995,288.37994,288.57996,286.57996,286.87994,286.27997,284.87994,284.57996,285.87994,288.07996,285.77997,286.67996,286.57996,284.67996,286.27997,285.97995,283.87994,283.17996,282.07996,281.17996,284.57996,282.27997,281.27997,280.97995,279.87994,278.57996,275.67996,276.27997,275.07996,276.07996,276.97995,277.77997,278.07996,278.77997,278.07996,276.77997,275.07996,272.57996,272.17996,272.77997,271.07996
280.77997,283.47995,287.77997,285.57996,286.47995,284.87994,282.67996,282.27997,282.17996,283.87994,284.97995,285.57996,286.37994,285.47995,286.07996,285.87994,284.37994,283.47995,282.67996,281.87994,281.67996,281.47995,281.27997,280.47995,279.37994,278.87994,278.17996,278.47995,277.27997,276.37994,275.57996,276.07996,277.47995,276.67996,277.37994,276.87994,276.87994,276.57996,277.47995,278.47995,277.97995
280.07996,280.37994,282.17996,283.37994,284.47995,283.97995,282.67996,282.57996,281.57996,281.47995,282.97995,280.07996,284.37994,284.67996,285.37994,284.07996,283.77997,283.77997,283.27997,282.57996,282.17996,281.07996,280.47995,279.47995,280.87994,280.77997,280.37994,278.87994,277.67996,276.17996,275.87994,275.17996,274.77997,274.67996,274.57996,274.97995,275.07996,276.47995,275.57996,274.97995,276.07996
279.17996,280.57996,285.27997,283.17996,282.77997,281.77997,282.37994,282.57996,282.97995,281.17996,280.57996,278.87994,280.07996,281.97995,283.77997,285.17996,285.07996,282.77997,282.97995,282.87994,282.87994,282.37994,282.07996,282.07996,282.37994,282.17996,280.87994,279.67996,278.07996,276.97995,275.57996,274.77997,274.27997,273.47995,273.27997,272.27997,272.97995,273.17996,272.67996,272.57996,272.67996
283.57996,281.17996,285.17996,282.37994,282.97995,281.27997,281.27997,281.57996,282.27997,282.87994,281.77997,278.87994,279.27997,278.97995,280.17996,281.47995,282.27997,284.57996,285.17996,284.37994,283.77997,283.07996,282.17996,281.77997,281.87994,282.27997,281.97995,280.87994,279.67996,277.87994,277.67996,279.47995,274.47995,273.37994,272.97995,273.07996,272.47995,271.67996,272.07996,271.77997,272.27997
