wind_kz.json
{"header": {"discipline":0,"disciplineName":"Meteorological products","gribEdition":2,"gribLength":1102,"center":7,"centerName":"US National Weather Service - NCEP(WMC)","subcenter":0,"refTime":"2023-09-21T18:00:00.000Z","significanceOfRT":1,"significanceOfRTName":"Start of forecast","productStatus":0,"productStatusName":"Operational products","productType":1,"productTypeName":"Forecast products","productDefinitionTemplate":0,"productDefinitionTemplateName":"Analysis/forecast at horizontal level/layer at a point in time","parameterCategory":2,"parameterCategoryName":"UnknownDiscipline_0_Category_2","parameterNumber":2,"parameterNumberName":"UnknownParameter_D0_C2_2","parameterUnit":"Unknown","genProcessType":2,"genProcessTypeName":"Forecast","forecastTime":60,"surface1Type":103,"surface1TypeName":"Specified height level above ground","surface1Value":10.0,"surface2Type":255,"surface2TypeName":"Missing","surface2Value":0.0,"gridDefinitionTemplate":0,"gridDefinitionTemplateName":"Latitude_Longitude","numberPoints":615,"shape":6,"shapeName":"Earth spherical with radius of 6,371,229.0 m","gridUnits":"degrees","resolution":48,"winds":"true","scanMode":64,"nx":41,"ny":15,"basicAngle":0,"lo1":47.0,"la1":41.0,"lo2":87.0,"la2":55.0,"dx":1.0,"dy":1.0}, "data":
[rows 0 to 14 of 15, columns 0 to 40 of 41]
-0.8842285,0.7657715,-1.2942286,-5.5742283,-7.5442286,-7.5742283,-7.7542286,-8.564228,-8.214229,-6.6242285,-5.4842286,-5.5542283,-4.9742284,-4.5942287,-3.9342284,-3.9842286,-4.3742285,-6.6742287,-6.1142287,-3.8042285,1.1757715,2.4657714,2.0057714,2.5257714,-0.4742285,-0.09422851,1.4757714,-1.7142285,-1.1242285,0.095771484,1.3557715,-0.44422853,-0.17422852,0.6657715,2.7357714,3.6357715,5.4857717,5.3357716,6.0257716,5.5657716,5.5657716
0.55577147,-2.8142285,-8.214229,-8.294229,-7.6942286,-7.1642284,-7.1442285,-8.5842285,-7.3542285,-5.7042284,-4.8142285,-4.9242287,-4.5542283,-4.1542287,-3.7242286,-3.6742284,-5.2642283,-4.7942286,-4.5642285,-4.6142287,-5.8742285,-5.0142283,0.025771484,2.5657716,0.055771485,-0.7642285,0.9657715,-0.7742285,1.8557715,0.48577148,0.20577149,0.50577146,-0.3142285,0.35577148,0.20577149,1.8457714,2.6957715,2.0557716,2.4857714,0.26577148,3.8357716
-4.3642287,-8.234228,-9.784228,-9.074228,-8.614228,-8.014229,-6.9942284,-5.0342283,-6.4342284,-5.1442285,-5.2242284,-4.4342284,-4.5042286,-4.5342283,-3.9442284,-3.9042284,-4.2942286,-4.5042286,-4.1842284,-4.5042286,0.26577148,-9.684229,-9.034228,-8.894229,-3.3242285,-5.3642287,-3.5442286,-1.5842285,2.5457716,-0.9642285,-0.26422852,0.13577148,0.055771485,3.0757716,0.81577146,1.7357715,2.2657714,-0.6742285,8.515772,8.615771,2.8657715
-8.824228,-10.534228,-9.904228,-8.824228,-6.9542284,-7.0742283,-5.6442285,-6.9442286,-5.3442287,-4.5942287,-4.1342287,-4.8342285,-3.0842285,-3.4242284,-4.1242285,-3.9742286,-3.9242284,-3.7342286,-5.1242285,-5.8342285,-6.8742285,-8.174229,-4.9542284,-7.0342283,-6.5642285,-5.6442285,-4.7642283,-6.5742283,-4.8542285,-2.1942284,0.7057715,1.3557715,5.5957713,1.9157715,3.9857714,3.4557714,2.0957716,3.1157715,0.13577148,-0.16422851,-1.9042286
-9.734228,-9.994228,-8.614228,-7.3642287,-6.6142287,-6.3642287,-5.7942286,-4.6542287,-3.9942286,-2.9042284,-4.3842287,-6.3542285,-5.1142287,-4.1742287,-2.9442284,-4.9642286,-4.3342285,-4.4442286,-5.4042287,-5.9642286,-6.4742284,-6.0942287,-6.1542287,-6.3342285,-6.8542285,-7.1642284,-8.024228,-4.1642284,-4.9642286,-4.6442285,-3.6342285,-1.9442285,2.6257715,2.4557714,-3.2642286,-1.7542285,10.515772,-0.3042285,-1.2042285,5.1357713,9.535771
-8.944228,-7.6142287,-7.9342284,-7.5142283,-6.7242284,-5.5242286,-4.6242285,-3.9042284,-4.0042286,-5.0542283,-5.6242285,-5.6642284,-5.9642286,-5.2942286,-4.3242283,-4.2542286,-4.0242286,-4.9942284,-5.8842287,-5.3542285,-6.5042286,-5.4842286,-5.2442284,-6.0942287,-6.1542287,-6.7642283,-6.8442287,-6.7442284,-5.2442284,-4.7842283,-4.2742286,-3.7442286,-2.1842284,-1.2142285,3.1157715,5.5857716,5.9157715,11.225772,12.715772,5.4657717,-8.294229
-7.9542284,-7.4442286,-7.0842285,-6.4342284,-5.0842285,-4.2642283,-3.0042286,-3.8442285,-5.5742283,-5.8542285,-5.7642283,-6.0342283,-5.4542284,-5.3042283,-5.2342286,-4.8442287,-5.0542283,-5.2742286,-5.6042285,-6.8342285,-6.9042287,-6.7942286,-6.5942287,-5.6342287,-5.3042283,-4.8242283,-4.9142284,-3.6442285,-3.5542285,-2.2942286,-1.4242285,-0.5842285,-0.2742285,1.1857715,3.6757715,3.2657714,1.6657715,2.1257715,4.9057713,-0.6742285,5.0457716
-6.6142287,-6.3142285,-5.4142284,-4.6542287,-4.1642284,-3.1842284,-2.9442284,-3.4242284,-4.2942286,-4.0942287,-5.0442286,-5.4142284,-5.2542286,-5.4742284,-4.9042287,-5.1942286,-5.2542286,-5.1542287,-4.7442284,-5.3442287,-5.7742286,-5.4242287,-5.1942286,-4.7842283,-4.4042287,-3.0942285,-1.8442285,-0.7042285,-0.06422851,0.35577148,0.74577147,1.7757715,1.7957715,1.0157715,3.0957716,4.9957714,4.4757714,8.9157715,10.775771,13.895771,11.765772
-4.8242283,-4.9242287,-4.4742284,-4.2042284,-3.2442286,-3.4542284,-3.8842285,-5.0142283,-4.7442284,-4.5242286,-4.3242283,-4.4742284,-4.3242283,-3.6942284,-4.1442285,-3.9242284,-4.1042285,-4.1642284,-4.1042285,-4.0342283,-4.3142285,-4.0242286,-3.3442285,-2.7242286,-2.4342284,-1.1342285,-0.19422852,1.0857714,1.6957715,2.8157716,3.0657716,2.8957715,3.4057715,3.1157715,3.2657714,4.3057714,5.0657716,3.6257715,2.1357715,1.0657715,1.4457715
-4.0542283,-3.5642285,-3.3442285,-3.1742284,-3.1242285,-3.1142285,-3.6442285,-3.8342285,-3.3642285,-3.4742286,-3.4942286,-3.8642285,-2.5142286,-2.0642285,-2.2642286,-1.8242285,-2.1042285,-2.6542284,-2.7642286,-2.5742285,-2.5942285,-1.4242285,-0.14422852,0.24577148,0.5157715,1.5157715,2.3857715,3.2957716,4.1357713,4.4457717,5.4257717,5.4457717,4.9057713,4.4657717,3.7657714,3.6957715,3.2157714,2.3657715,1.6157715,0.9157715,1.4057715
-2.3342285,-2.3142285,-2.2442286,-2.4542284,-2.3442285,-2.8142285,-2.1142285,-2.3542285,-1.4642285,-0.80422854,0.48577148,1.1157715,0.5857715,0.9057715,0.6157715,0.025771484,0.4057715,0.21577148,0.3757715,0.8357715,1.1957715,1.8257715,2.8057716,2.9257715,3.5457716,4.3957715,5.3757715,5.3657713,5.2357717,5.5857716,5.6157713,6.2657714,4.9157715,3.9057715,3.1857715,2.2657714,1.6257715,1.1457715,0.99577147,0.36577147,1.5057715
-1.5942285,-1.1542286,-1.9042286,-1.5742285,-1.5442286,-1.3842285,-1.5642285,-0.7942285,-1.1142285,-0.74422854,1.1457715,1.7457715,2.4657714,3.2357714,2.9957714,2.9857714,2.9157715,2.8557715,2.6857715,3.1257715,3.6357715,3.8757715,4.8357716,4.7157717,6.1557713,6.1457715,6.4557714,6.2657714,5.5857716,3.5957716,3.4857714,6.2357717,4.2357717,3.8457716,2.9557714,2.9357715,3.3157716,4.8357716,1.5557715,2.0957716,1.2957715
-0.23422852,0.055771485,0.6057715,0.6357715,0.2757715,0.24577148,0.50577146,1.1657715,1.2257714,0.5957715,0.81577146,1.8457714,1.4057715,2.6557715,2.6057715,2.4557714,3.2857714,3.4857714,3.1457715,4.5657716,4.9457717,5.3957715,6.0657716,6.2057714,6.6357713,5.5257716,6.0957713,4.8157716,5.1457715,1.2457715,3.3957715,5.8057714,3.7257714,4.5257716,4.0457716,4.1957717,4.4257717,3.3257716,4.8457713,4.8057714,2.8057716
1.1357715,1.1357715,0.30577147,1.7657715,1.6257715,1.7257714,1.8657715,2.1057715,1.5357715,1.1657715,1.0957714,1.3257715,1.8557715,2.2257714,2.7757714,2.5657716,3.2957716,3.8857715,4.4457717,5.6057715,5.5957713,6.2157717,7.2757716,7.2657714,7.5857716,4.8757715,3.4157715,3.7357714,2.6957715,1.3957715,3.8057716,4.2757716,3.8457716,3.7357714,3.1857715,4.2257714,4.1557713,4.1557713,4.9757714,3.8157716,4.2557716
1.4257715,1.8557715,2.3957715,2.9657714,2.6657715,2.0457716,2.1757715,2.2857714,2.1257715,0.81577146,0.8957715,2.6457715,1.7057714,1.9657714,3.1257715,3.3857715,3.7357714,4.3457713,4.1657715,5.4657717,6.1857715,6.0057716,5.5057716,5.7357717,4.4557714,3.6257715,2.8357716,2.5057714,0.6057715,2.4357715,2.9357715,4.1657715,3.5157714,3.0857716,3.7557714,4.7957716,4.7057714,5.0257716,5.1157713,4.7057714,3.3657715
