wind.json
{"header": {"discipline":0,"disciplineName":"Meteorological products","gribEdition":2,"gribLength":1125,"center":7,"centerName":"US National Weather Service - NCEP(WMC)","subcenter":0,"refTime":"2023-06-28T12:00:00.000Z","significanceOfRT":1,"significanceOfRTName":"Start of forecast","productStatus":0,"productStatusName":"Operational products","productType":1,"productTypeName":"Forecast products","productDefinitionTemplate":0,"productDefinitionTemplateName":"Analysis/forecast at horizontal level/layer at a point in time","parameterCategory":2,"parameterCategoryName":"UnknownDiscipline_0_Category_2","parameterNumber":3,"parameterNumberName":"UnknownParameter_D0_C2_3","parameterUnit":"Unknown","genProcessType":2,"genProcessTypeName":"Forecast","forecastTime":180,"surface1Type":103,"surface1TypeName":"Specified height level above ground","surface1Value":10.0,"surface2Type":255,"surface2TypeName":"Missing","surface2Value":0.0,"gridDefinitionTemplate":0,"gridDefinitionTemplateName":"Latitude_Longitude","numberPoints":688,"shape":6,"shapeName":"Earth spherical with radius of 6,371,229.0 m","gridUnits":"degrees","resolution":48,"winds":"true","scanMode":64,"nx":43,"ny":16,"basicAngle":0,"lo1":45.0,"la1":40.0,"lo2":87.0,"la2":55.0,"dx":1.0,"dy":1.0}, "data":
[rows 0 to 15 of 16, columns 0 to 42 of 43]
-4.3731956,2.1968043,0.5668042,-0.1331958,0.086804196,-3.873196,-3.7631958,-3.5531957,-4.0831957,-2.5031958,-0.1631958,0.1368042,0.5868042,-1.6831958,-2.9331958,-3.5631957,-4.363196,-4.513196,-4.343196,-3.2731957,-4.0231957,0.8068042,-0.8631958,2.6968043,3.4668043,2.6168041,1.8368042,4.036804,2.0768042,-1.6831958,-4.223196,-3.4731958,-2.3831959,-1.4831958,-3.5531957,0.3168042,-1.2931958,-2.2531958,-3.9031959,1.9468042,4.526804,1.9468042,-2.093196
2.1768043,-0.8731958,-0.1131958,-3.1431959,1.1368042,-3.4531958,-4.3331957,-4.613196,-4.033196,0.0468042,-2.7831957,-0.6331958,-0.9331958,-2.603196,-3.3031957,-3.6531959,-3.9331958,-4.3531957,-4.113196,-2.1731958,-2.7531958,-2.3931959,-2.4831958,-1.3931957,1.9068042,-0.1731958,-2.0131958,-2.2631958,-1.3731958,1.4468042,1.3668042,-1.1931958,-1.7331958,-1.5631958,-0.3031958,-1.2631958,-2.363196,-2.843196,-3.6931958,-2.6531959,-1.5131958,3.1968043,3.2368042
-0.5331958,-4.263196,2.656804,1.2768042,-0.9531958,-2.373196,-1.8731958,-4.0431957,-3.343196,0.6468042,0.0768042,0.8368042,-2.4831958,-3.4331958,-3.7131958,-3.4631958,-4.963196,-3.6531959,-3.0031958,-0.8431958,-5.803196,-4.133196,-3.7731957,-3.4731958,-0.8731958,1.4168042,-2.613196,-2.3331957,-2.2531958,0.6768042,-0.4131958,1.7268043,1.5168042,0.9068042,-1.6231958,-1.9831958,-2.9131958,-3.1631958,-1.6731958,-5.3531957,-2.873196,-2.113196,0.1868042
3.0368042,2.5068042,1.8268042,0.7368042,-2.2131958,-2.7131958,-3.7731957,-1.0131958,-1.1331958,-0.8031958,-0.1831958,-1.8931957,-3.0731957,-2.603196,-3.6531959,-4.4131956,-3.7931957,-3.0631957,-2.603196,-3.0131958,-3.6831958,-3.9331958,-4.323196,-2.4931958,-2.2531958,-1.2131958,1.5268042,0.6268042,0.0568042,1.0268042,0.7568042,1.7668042,0.5168042,-0.013195801,1.7368042,-0.9831958,-0.0031958008,1.8768042,1.6468042,-2.0731957,0.8468042,-0.4731958,-1.2631958
-0.1531958,1.0968041,0.6468042,0.2468042,-2.353196,-2.8931959,-4.8331957,-1.4931958,0.6568042,-1.6931958,-1.3631958,-1.3331958,-2.2131958,-3.9831958,-5.3531957,-5.9131956,-4.5831957,-2.9031959,-4.0231957,-3.2431958,-3.7831957,-4.343196,-4.133196,-3.0331957,-2.9631958,-2.3831959,-2.4331958,-2.5631957,-1.3331958,-1.3931957,-1.5431958,1.9868042,1.2468042,-2.0131958,0.1568042,-0.2131958,-0.3031958,-2.4031959,-0.8631958,2.126804,0.2668042,1.5968041,0.9568042
-0.4531958,-0.2131958,-0.6631958,-1.7031958,-2.8331957,-3.4631958,-3.7931957,-2.2131958,-1.9131958,-2.0831957,-3.2331958,-1.3131958,-3.1331959,-3.6331959,-6.193196,-6.5431957,-6.673196,-4.153196,-4.0631957,-2.8231957,-3.5831957,-4.863196,-4.283196,-3.8931959,-3.2231958,-3.103196,-3.6631958,-4.403196,-4.9131956,-2.2731957,0.8468042,2.4268043,1.7268043,1.7468042,1.3068042,-1.0331959,-1.3231958,-1.7931958,0.3468042,0.9168042,2.0568042,1.8568043,1.8768042
0.5568042,-0.5831958,-1.4531958,-2.5831957,-4.863196,-4.473196,-3.4331958,-3.3031957,-3.6831958,-4.033196,-1.9131958,-0.3131958,-3.0231957,-4.0231957,-5.6231956,-7.403196,-6.803196,-5.113196,-4.263196,-4.723196,-4.3131957,-4.483196,-6.2731957,-4.5831957,-4.113196,-3.4531958,-2.6531959,-5.363196,-6.633196,-8.253196,-1.4631958,-1.4931958,-1.1231958,-1.0731958,-2.2131958,2.896804,2.656804,-0.7731958,1.4068042,-0.1731958,-3.4731958,-1.6731958,1.2668042
1.7268043,0.7868042,-1.7631958,-2.6531959,-1.1531959,-3.1631958,-3.4931958,-3.7331958,-3.4231958,-2.2431958,-1.2231958,-1.6031958,-2.7431958,-3.2131958,-3.7631958,-4.973196,-5.343196,-5.133196,-4.2931957,-4.553196,-4.723196,-4.9331956,-5.673196,-5.8131957,-5.1831956,-4.483196,-3.9831958,-5.263196,-7.283196,-6.8331957,-7.113196,-5.993196,-6.113196,-6.4131956,-4.2031956,-4.843196,-1.7231958,-1.9631958,-2.7731957,-1.5531958,-1.8731958,-2.6331959,-1.1331958
-1.1431957,0.1968042,0.3868042,-0.14319581,-1.8331958,-2.7131958,-3.9531958,-4.723196,-3.7931957,-0.9631958,-0.5031958,-1.7131958,-2.1931958,-2.1731958,-4.4331956,-3.9631958,-5.173196,-3.9931958,-4.533196,-4.4131956,-4.1031957,-3.5331957,-5.153196,-5.263196,-5.323196,-4.483196,-3.8031957,-2.0631957,-3.3331957,-4.723196,-4.213196,-5.673196,-5.473196,-4.863196,-6.463196,-6.553196,-1.1231958,-0.4631958,-0.6431958,0.8168042,0.3268042,0.1768042,-1.2031958
-3.4831958,-2.2831957,0.3868042,-0.3131958,-1.4431958,-2.853196,-3.0831957,-3.6931958,-3.2331958,-1.3531958,-0.7831958,-1.0531958,-2.0531957,-2.6631958,-3.2731957,-3.4931958,-3.8031957,-4.323196,-4.133196,-3.093196,-3.7731957,-3.7031958,-3.0131958,-4.343196,-4.1831956,-3.9031959,-3.2831957,-3.4631958,-2.5331957,-2.6531959,-2.5631957,-2.6631958,-4.253196,-3.2331958,-2.873196,-3.4831958,-2.363196,-3.103196,-2.7531958,-1.9431958,-2.2531958,-1.8931957,-2.1831958
-1.5631958,-3.5731957,-0.2331958,0.7968042,-0.3031958,-1.5531958,-2.2931957,-2.7331958,-2.593196,-1.7131958,-0.0731958,-0.0031958008,-0.1031958,-1.7431958,-1.6831958,-3.2231958,-3.6531959,-3.8931959,-3.4031959,-3.8331957,-2.6331959,-2.7831957,-3.2731957,-3.0731957,-3.7031958,-3.2331958,-3.3131957,-3.1831958,-3.5131958,-3.343196,-3.093196,-3.2231958,-2.0231957,-2.3131957,-4.263196,-4.613196,-3.623196,-1.1531959,0.1068042,-2.4131958,-2.1631958,-0.6931958,-0.7631958
-1.2731957,-3.0731957,-0.4631958,0.8668042,1.7068042,-0.5731958,-2.1431959,-2.1931958,-1.8831958,-2.2831957,-0.4931958,0.8568042,-0.1031958,-0.6331958,-0.9631958,-0.4031958,-2.623196,-2.6631958,-3.3031957,-4.753196,-3.2231958,-3.9131958,-2.4131958,-3.5831957,-3.4231958,-3.353196,-3.5831957,-3.1331959,-2.103196,-3.0431957,-3.593196,-3.5131958,-3.7831957,-3.1931958,-4.033196,-3.4331958,-4.283196,-2.9431958,-2.0731957,0.4668042,0.4768042,0.4868042,-0.7031958
0.1068042,-0.4431958,-1.1231958,0.3368042,2.3668041,1.8368042,0.6768042,-0.3831958,-1.9431958,-2.2231958,-2.2831957,-0.4931958,-0.3431958,-1.6031958,-1.5931958,-0.8531958,-0.7731958,-1.9731958,-1.9631958,-2.4431958,-0.9431958,-2.343196,-1.5431958,-2.9031959,-3.1931958,-3.4831958,-3.1531959,-3.3031957,-2.623196,-2.593196,-3.2731957,-3.9131958,-4.0431957,-4.3731956,-2.2531958,-3.7831957,-3.2631958,-3.5231957,-1.8731958,0.8268042,1.2668042,1.5268042,0.4068042
0.8568042,0.0068041994,0.0768042,0.1968042,-0.0531958,0.9468042,1.3668042,0.9768042,0.1568042,-0.5731958,-1.7031958,-0.2631958,-0.1931958,0.1168042,-1.4631958,-1.6931958,-2.3031957,-1.7531958,-1.9331958,-1.0931958,-1.6331958,-1.4731958,-1.1031958,-1.4131958,-1.3531958,-1.7231958,-3.0631957,-2.3931959,-3.5131958,-2.9631958,-2.9331958,-3.3931959,-4.0231957,-3.853196,-3.6731958,-2.5331957,-3.0731957,-3.093196,-3.7731957,-2.1431959,-2.3831959,-1.1831958,-0.4531958
1.8868042,1.3068042,1.1968042,1.9968042,1.0068042,1.6068043,1.3168042,1.0768042,0.4768042,0.5768042,0.5168042,0.0368042,0.8268042,0.0968042,-0.6631958,-0.3931958,-0.4631958,-1.1431957,-1.1931958,-1.8531958,-2.123196,-2.4331958,-2.0131958,-1.9331958,-1.2531958,-1.6731958,-2.373196,-2.4131958,-2.8131957,-2.4231958,-2.5031958,-3.2131958,-2.7331958,-3.3031957,-3.2731957,-2.2031958,-2.6531959,-3.843196,-3.4431958,-2.5331957,-3.0831957,-2.6431959,-1.5631958
0.7668042,1.6868042,1.4768043,2.0768042,1.3068042,1.1468042,1.7968042,1.7468042,1.5068042,0.4368042,0.2668042,0.8168042,0.4668042,1.2768042,1.8768042,-0.4731958,-1.6431957,-0.6031958,-1.0731958,-1.7331958,-1.5531958,-1.6531959,-2.103196,-1.8731958,-1.6031958,-2.1731958,-1.8431958,-2.1331959,-1.6431957,-1.7731957,-1.9731958,-2.2031958,-2.2031958,-2.6431959,-2.123196,-2.373196,-2.1831958,-2.7231958,-2.4231958,-2.1831958,-1.5131958,-2.1831958,-0.9231958
