wind_kz.json
{"header": {"discipline":0,"disciplineName":"Meteorological products","gribEdition":2,"gribLength":1025,"center":7,"centerName":"US National Weather Service - NCEP(WMC)","subcenter":0,"refTime":"2023-08-18T12:00:00.000Z","significanceOfRT":1,"significanceOfRTName":"Start of forecast","productStatus":0,"productStatusName":"Operational products","productType":1,"productTypeName":"Forecast products","productDefinitionTemplate":0,"productDefinitionTemplateName":"Analysis/forecast at horizontal level/layer at a point in time","parameterCategory":2,"parameterCategoryName":"UnknownDiscipline_0_Category_2","parameterNumber":2,"parameterNumberName":"UnknownParameter_D0_C2_2","parameterUnit":"Unknown","genProcessType":2,"genProcessTypeName":"Forecast","forecastTime":0,"surface1Type":103,"surface1TypeName":"Specified height level above ground","surface1Value":10.0,"surface2Type":255,"surface2TypeName":"Missing","surface2Value":0.0,"gridDefinitionTemplate":0,"gridDefinitionTemplateName":"Latitude_Longitude","numberPoints":615,"shape":6,"shapeName":"Earth spherical with radius of 6,371,229.0 m","gridUnits":"degrees","resolution":48,"winds":"true","scanMode":64,"nx":41,"ny":15,"basicAngle":0,"lo1":47.0,"la1":41.0,"lo2":87.0,"la2":55.0,"dx":1.0,"dy":1.0}, "data":
[rows 0 to 14 of 15, columns 0 to 40 of 41]
0.3050293,2.3950293,-3.3949707,-3.9449706,-1.5649707,1.2650293,8.16503,3.0850294,2.0950294,1.6250293,0.8050293,1.0150293,0.1050293,-0.7049707,1.1350293,-0.084970705,-1.0549707,-0.2249707,0.4150293,-0.8549707,-3.7549708,0.7950293,1.6750293,4.045029,3.8050294,2.9550292,4.4250293,5.3850293,4.125029,2.6950293,0.2350293,2.2450292,0.9850293,5.6750293,3.8150294,-0.034970704,2.9550292,1.9750293,-0.4149707,1.9150293,1.2250293
0.3150293,-2.9649706,-4.1149707,-1.8249707,1.1550293,3.8250294,3.5250292,0.9150293,2.4850292,3.1850293,4.025029,4.395029,2.1450293,0.1750293,1.7750293,-0.7349707,-0.0649707,3.2650292,3.3850293,1.9650292,-1.1249707,0.6950293,1.1550293,3.0850294,2.7350292,-0.4449707,1.4050293,4.0950294,7.0950294,0.5050293,1.1550293,-0.0949707,-0.7149707,1.2550293,0.2750293,6.1150293,3.4850292,4.755029,2.3250294,-0.2649707,-0.1049707
-4.7949705,-4.644971,-2.1549706,0.6350293,4.4450293,6.3850293,0.4950293,1.5950294,4.7250295,2.5650294,4.5150294,5.8250294,3.9050293,-3.5249708,-2.9049706,1.5650293,0.4850293,4.025029,3.8150294,-1.2349707,-0.9149707,-4.2149706,-3.5349708,-5.0449705,-0.9749707,-0.1649707,-0.2549707,3.3750293,3.5450294,-1.1549706,0.3750293,-0.8649707,-0.1749707,3.6350293,-1.1449707,2.5450294,-0.7049707,0.0750293,3.2650292,5.3850293,-2.2949708
-5.874971,-2.7649708,0.3750293,3.1750293,7.1650295,4.5350294,0.4550293,3.1650293,1.6250293,4.1850295,2.7250292,0.8650293,-7.2549706,-8.234971,0.06502929,-1.0349708,-1.9049706,2.6850293,-2.7149706,-3.0649707,-2.6749706,-5.204971,-4.014971,-1.8749707,-0.9849707,-0.4349707,-0.3749707,-3.9549706,-3.0349708,-1.3449707,1.0750293,1.0450293,8.395029,7.8450294,7.565029,7.2150292,1.3250293,-0.4149707,-2.5749707,-4.0049706,-3.2549708
-0.3249707,1.6750293,4.6750293,4.625029,3.5250292,3.1650293,2.5950294,4.7150292,0.3350293,2.7750292,3.9050293,-7.104971,-6.684971,-5.5849705,0.055029295,1.5650293,-0.5249707,-3.4049706,-2.4649706,-1.9249707,-5.144971,-5.2749705,-3.7349708,-2.8049707,-3.6449707,-4.6749706,-4.0049706,3.7050292,-3.7149706,-2.1849706,-1.7849708,-1.0549707,0.8950293,2.6550293,-3.3449707,-1.4549707,1.3850293,-2.4649706,-2.4149706,-2.0349708,-0.8749707
0.5150293,3.1950293,3.3650293,4.125029,2.5450294,2.5050292,5.7850294,-0.8049707,1.4350293,-0.3349707,0.22502929,-7.4449706,-4.0549707,-0.2949707,-0.8749707,-1.6949707,-2.5549707,0.9450293,-5.3649707,-2.4449706,-5.414971,-2.8749707,-0.8549707,-2.6449707,-2.7449708,-3.2449708,-6.1949706,-3.1549706,-2.9249706,-1.8549707,-1.4449707,-0.4449707,1.6750293,3.1350293,3.4350293,2.4450293,2.0250292,3.0250292,-1.1549706,-0.24497071,-0.6949707
-1.2349707,-0.8049707,0.1550293,0.14502929,0.035029296,3.0750294,-1.0749707,-0.7249707,0.06502929,0.055029295,-7.354971,-5.8049707,-3.2549708,-4.104971,-4.1949706,-3.5349708,-2.4049706,-3.2349708,-3.7249708,-1.0049707,-3.1949706,-5.4849706,4.0750294,-1.4349707,-1.5249707,-1.0749707,-1.4649707,-0.1449707,-1.7249707,-1.1149707,-1.1549706,-2.9149706,-1.9749707,0.8150293,3.4350293,3.3550293,3.1050293,-0.7049707,4.2250295,-1.0449708,-1.5649707
-2.1949706,-2.4649706,-2.8349707,-4.474971,-3.4549706,-3.1449707,-3.6149707,-3.7749708,-7.3649707,-8.104971,-8.234971,-7.434971,-4.5849705,-4.5649705,-4.5049706,-4.1749706,-3.1049707,-1.6949707,-4.104971,-1.2049707,-2.7049706,-2.3249707,-2.6949706,-3.0349708,-3.0749707,-2.0749707,-0.8749707,-0.7549707,-0.9949707,-0.6849707,-1.7449707,-2.8849707,-4.3349705,-2.9849708,-4.0949707,-2.6549706,-1.4549707,4.4550295,6.2450294,6.1950293,5.2650294
-4.014971,-6.0049706,-7.104971,-6.4249706,-5.0249705,-6.4849706,-6.204971,-5.1749706,-6.354971,-5.2349706,-4.4249706,-7.3149705,-4.9049706,-5.684971,-3.8349707,-3.6549706,-3.7849708,-3.8349707,-3.3249707,-2.3049707,-3.5249708,-2.3249707,-2.1949706,-1.7049707,-2.1449707,-0.2349707,0.1750293,-0.9449707,-0.9249707,0.4150293,-2.8849707,-3.0649707,-1.3949707,1.1150293,0.1050293,0.8950293,1.8050293,-0.21497071,0.4350293,0.6150293,1.9250293
-8.57497,-7.0049706,-7.684971,-7.5649705,-7.5549707,-7.1149707,-7.1149707,-6.204971,-7.0349708,-6.1749706,-7.2749705,-7.0549707,-9.844971,-5.3049707,-3.3849707,-4.6149707,-3.2549708,-2.1249707,-2.0249708,-1.4949707,-0.2649707,1.2750293,-1.5649707,0.4850293,-0.3449707,-2.8849707,0.0750293,-0.084970705,1.6750293,0.3950293,1.5950294,0.8450293,3.2550292,3.7350292,3.6950293,0.2450293,-1.4349707,2.8750293,2.0650294,1.0350293,1.0750293
-4.6349707,-6.2149706,-6.1349707,-6.0049706,-6.2149706,-5.1349707,-5.624971,-5.224971,-4.934971,-5.5249705,-4.854971,-4.2549706,-5.6949706,-3.2249708,-1.6249707,-2.4049706,-3.2849708,-4.704971,-2.0249708,-2.1649706,-0.2949707,-0.6749707,1.2650293,-1.4549707,1.1050293,-1.8549707,-2.0549707,-1.2849708,0.0850293,0.9050293,1.3350292,1.1350293,1.7250293,0.6650293,2.4750292,1.3750293,1.6050293,1.3950293,-0.7149707,-0.2749707,1.7650293
-5.1949706,-4.874971,-4.874971,-5.8449707,-5.7849708,-5.144971,-4.0849705,-3.6649706,-3.4949708,-5.2349706,-2.7749708,-2.8549707,-3.5849707,-3.2549708,-1.9649707,-1.2949708,-1.8649707,-3.2349708,-1.2649707,-0.5149707,-1.4049706,0.1350293,-1.0349708,-0.5849707,-2.2349708,-1.6949707,-0.9149707,-0.4949707,-0.4949707,0.9450293,-0.014970703,0.3750293,0.1950293,1.0950294,-0.2249707,0.2150293,0.3650293,1.9350293,3.2450292,1.8350292,1.6250293
-1.7049707,-3.2849708,-4.0449705,-2.8149707,-2.7849708,-3.5049708,-3.4849708,-1.2349707,-1.0749707,0.3150293,-2.0549707,-2.0249708,-2.5249708,0.6550293,-1.1549706,-1.4849707,-0.9449707,0.0750293,-0.3449707,-1.6849707,0.5250293,-1.1749707,-1.7449707,-0.2949707,-0.7449707,-0.6949707,-0.124970704,0.8650293,2.0750294,3.1250293,2.2950294,2.7850294,2.2650292,3.3250294,2.8550293,2.4150293,1.7850293,-0.054970704,0.4450293,1.9150293,2.1850293
-1.2749707,-3.1649706,2.2350292,-1.1049707,-1.4749707,-2.1749706,-0.6749707,0.095029294,-0.024970703,0.8450293,-0.3149707,-0.3549707,2.2850294,-1.0749707,-0.9049707,0.6250293,0.6350293,0.4450293,0.5250293,-0.5849707,-0.6449707,-0.9149707,-0.2649707,1.0450293,2.0050292,1.9250293,2.0150292,2.6850293,3.7650292,2.0550294,4.1350293,2.0750294,2.7150292,4.065029,2.8750293,2.3450294,0.9450293,1.8350292,2.8550293,1.6750293,1.3650293
0.6750293,-0.5449707,-1.3949707,0.2550293,0.9150293,-0.4949707,1.7050292,3.0250292,1.5150293,-0.044970702,0.015029297,0.8050293,0.9050293,1.3850293,1.6350293,1.8450294,2.1950293,2.6250293,0.8450293,0.4150293,2.0850294,1.5250293,2.3250294,3.5250292,3.1850293,3.6050293,3.0950294,3.2950294,3.4150293,3.5450294,2.1250293,3.9350293,2.6950293,3.3450294,2.6950293,3.7950294,1.4550292,2.5150292,1.7150292,2.7550292,1.7450293
