wind.json
{"header": {"discipline":0,"disciplineName":"Meteorological products","gribEdition":2,"gribLength":1125,"center":7,"centerName":"US National Weather Service - NCEP(WMC)","subcenter":0,"refTime":"2023-06-28T06:00:00.000Z","significanceOfRT":1,"significanceOfRTName":"Start of forecast","productStatus":0,"productStatusName":"Operational products","productType":1,"productTypeName":"Forecast products","productDefinitionTemplate":0,"productDefinitionTemplateName":"Analysis/forecast at horizontal level/layer at a point in time","parameterCategory":2,"parameterCategoryName":"UnknownDiscipline_0_Category_2","parameterNumber":2,"parameterNumberName":"UnknownParameter_D0_C2_2","parameterUnit":"Unknown","genProcessType":2,"genProcessTypeName":"Forecast","forecastTime":120,"surface1Type":103,"surface1TypeName":"Specified height level above ground","surface1Value":10.0,"surface2Type":255,"surface2TypeName":"Missing","surface2Value":0.0,"gridDefinitionTemplate":0,"gridDefinitionTemplateName":"Latitude_Longitude","numberPoints":688,"shape":6,"shapeName":"Earth spherical with radius of 6,371,229.0 m","gridUnits":"degrees","resolution":48,"winds":"true","scanMode":64,"nx":43,"ny":16,"basicAngle":0,"lo1":45.0,"la1":40.0,"lo2":87.0,"la2":55.0,"dx":1.0,"dy":1.0}, "data":
[rows 0 to 15 of 16, columns 0 to 42 of 43]
1.7102325,-2.2197676,-2.1697674,-2.4897676,-1.1297674,-0.9497675,-1.7597674,-1.5497675,-3.9497674,-6.4997673,-4.0397673,-5.1397676,-3.8297675,-1.7997675,-0.12976746,1.3302325,0.79023254,0.83023256,-0.22976746,-1.2497674,-1.8197675,-2.1597674,-4.6997676,-2.0097675,1.7202325,4.8002324,2.2502325,0.95023257,-0.21976745,1.9902326,0.5502325,-0.099767454,-0.06976745,-0.92976743,1.5802325,2.3254394E-4,-0.39976746,-0.45976746,-1.2197675,-1.6497674,-1.2597674,-0.8197675,-1.6697675
-1.3597674,-1.2797675,0.5602325,1.7002325,-2.4297674,-3.5797675,-2.8397675,-2.1897674,-5.0197673,-4.8897676,-5.4197674,-2.9797676,-2.7297676,-0.78976744,0.080232546,0.9402325,2.5102324,3.4702325,1.8202325,1.1002326,-0.29976746,-0.91976744,0.92023253,0.38023254,4.0302324,3.4402325,1.2802325,1.5702325,5.4902325,3.3902326,0.65023255,2.4202325,3.4302325,0.96023256,0.30023253,0.20023255,2.6802325,2.9902325,3.7602324,4.0302324,3.6002326,4.170233,1.2402326
-0.77976745,1.3602326,-1.0997674,-1.6797675,-5.6897674,-4.7397676,-3.1997674,-1.4097675,-3.5397675,-3.3397675,-2.3197675,-1.5297675,-0.29976746,-0.19976746,1.3602326,2.5302324,2.8402326,3.9302325,2.6602325,4.7102327,4.6002326,2.5902326,4.0402327,2.7002325,4.1202326,5.5302324,5.7102327,0.8002325,1.1602325,2.2002325,3.0702326,1.7702326,1.3002325,2.1502326,0.30023253,0.22023255,0.13023254,2.3302326,1.3802326,-1.9497675,-0.11976746,0.6302326,-1.0597675
0.060232542,0.30023253,-1.3697674,-5.1497674,-4.6797676,-3.3897674,-2.5897675,-1.8797674,-2.0397675,-2.7397676,-2.0197675,-1.2397674,0.19023255,0.98023254,0.90023255,0.73023254,1.8602326,3.5502326,6.4102325,7.6902328,7.4902325,7.1902328,6.2902327,6.5902324,5.7402325,8.260233,4.6602325,4.4602327,4.3502326,2.6302326,-0.29976746,-2.9797676,-1.8497674,-0.97976744,1.0702325,2.6302326,0.95023257,2.0902326,2.1002326,1.2802325,5.9702325,8.300233,3.8902326
-2.3697674,-4.3797674,-4.0997677,-2.9497674,-2.0497675,-0.98976743,0.53023255,-0.19976746,-0.47976744,0.29023254,1.2902325,2.5802326,3.9202325,5.0202327,2.1702325,4.8702326,5.5702324,6.7602324,6.5102324,7.8002324,8.180233,8.300233,6.8402324,7.4302325,9.280232,5.8702326,5.1602325,5.8302326,4.5302324,9.590233,4.5602326,2.1702325,5.9802327,9.070232,7.5202327,4.6302323,4.1602325,3.3302326,1.8802326,2.4702325,-1.7797675,-0.019767456,0.29023254
-1.7897675,-1.5497675,-1.4097675,0.67023253,1.7702326,2.4102325,4.0302324,3.8702326,4.7202325,5.5302324,5.0202327,5.5902324,4.9602327,4.9802327,2.7202325,3.9102325,4.0102324,7.7302327,7.7102327,7.4502325,8.260233,10.050233,10.190232,9.710233,9.360232,10.2002325,8.2002325,8.300233,8.820232,10.080233,-0.47976744,2.3802326,3.3402326,5.7402325,6.7902327,5.5202327,-1.1597675,-0.36976746,1.6102326,0.8102325,-0.53976744,-1.3897674,-0.43976745
0.23023254,1.2002325,2.4902325,3.9302325,3.2102325,4.1202326,5.8202324,7.3402324,8.120233,6.420233,4.8502326,6.170233,4.6902328,5.0102324,4.6502323,5.2902327,5.5702324,6.8302326,8.020232,7.9702325,8.470233,8.580233,7.9902325,8.740232,8.530232,8.260233,4.7402325,4.1802325,5.5802326,-2.8897674,-0.76976746,-4.7797675,-1.0797675,0.6202325,1.5202326,0.32023254,1.1002326,3.5002325,4.5102324,4.3202324,0.77023256,0.67023253,-0.65976745
0.32023254,0.52023256,3.1802325,4.0202327,3.9902325,3.9502325,3.9802325,6.7002325,3.8302326,2.8402326,3.3502326,3.5602326,4.5802326,4.8102326,5.0802326,5.8002324,5.4402328,5.5202327,6.2702327,7.3602324,6.3402324,6.4702325,7.5102324,7.7202325,4.2702327,2.5802326,0.26023254,-3.5297675,-4.2097673,-5.2997675,-5.4097676,-4.0097675,-1.8797674,-1.5697675,-1.5297675,-0.24976745,3.0102324,4.3502326,3.6002326,-0.83976746,5.0002327,-1.3597674,-1.7897675
4.1302323,3.5702326,3.4802325,3.8002326,1.6602325,3.5402327,3.2602324,3.3002326,2.6202326,2.4902325,3.2102325,4.6202326,4.3602324,5.3202324,5.7702327,6.0802326,5.5402327,5.7102327,5.8302326,6.1402326,6.4602327,6.7102327,6.8702326,2.2402325,-1.4897674,-0.89976746,-2.7497675,1.2002325,-6.9197674,-5.3997674,-6.6297674,-3.6797674,-3.0897675,-3.0297675,-3.4397674,-3.0697675,-0.83976746,-0.38976747,0.030232543,3.5902326,5.4702325,3.9302325,3.1402326
4.5502324,5.6402326,5.2702327,4.3602324,4.7802324,4.8502326,4.5002327,4.1602325,3.7702324,3.5902326,3.6102326,4.5002327,4.1802325,5.0702324,6.0702324,5.7402325,6.4302325,6.5702324,6.8502326,7.6802325,7.4602327,6.3002324,5.3102326,-1.6997675,-6.5597672,5.2802324,2.3602326,-1.8597674,-3.9697676,-3.2597675,-3.2297676,-3.9097674,-5.2597675,-4.8397675,-3.1497674,-1.5197674,0.76023257,1.8402325,-1.9497675,-2.3997674,-1.4497675,-0.059767455,-0.78976744
4.4102325,3.9602325,6.0002327,6.1002326,5.3802323,5.2702327,5.2302327,5.0002327,4.4002323,4.0502324,3.8102326,4.5102324,4.9502325,5.7902327,5.4402328,6.170233,7.2402325,7.4002323,5.8402324,6.0902324,5.3402324,2.8802326,1.8402325,-1.8697674,0.73023254,-1.0497675,-0.78976744,-0.7497675,-2.9497674,-5.9497676,-6.4597673,-5.7297673,-6.0097675,-5.1097674,-3.5197675,-2.9197674,-1.6397674,-0.44976747,0.6802325,-0.8197675,-2.1097674,-1.3497674,0.38023254
3.1002326,1.8002325,3.5602326,4.0702324,4.5002327,4.4702325,5.2102327,5.1202326,4.5102324,3.6102326,3.5002325,3.6502326,3.9602325,5.0002327,5.0702324,5.6602325,4.3902326,3.8402326,0.6302326,-7.1297674,-6.2997675,-3.5197675,-2.0897675,-6.2897673,-5.1297674,-3.3397675,-2.1297674,-3.8597674,-6.4897676,-6.4197674,-7.0697675,-6.9297676,-6.6097674,-5.4597673,-5.9797673,-5.5497675,-6.1197677,-5.6897674,-0.77976745,-1.5297675,-0.6897675,-1.4797674,-0.5597675
2.1102326,2.3702326,3.0802326,3.2302325,3.6602325,4.0902324,4.8702326,4.5402327,3.9202325,3.5502326,2.0602326,2.4202325,2.9402325,2.5402327,1.6902325,1.6702325,0.7502325,0.09023254,-2.8797674,-3.8897674,-1.7397674,1.1102326,-2.4497674,-4.6597676,-3.5697675,-3.7697675,-4.2897673,-6.6697674,-7.2497673,-7.9397674,-7.8997674,-6.7997675,-6.2197676,-6.7497673,-5.9797673,-6.4097676,-6.3397675,-8.169767,-8.099768,-7.8997674,-5.5997677,-3.7397676,-3.1197674
3.2602324,3.1802325,3.1302326,3.1002326,2.9002326,3.0902326,3.2502325,2.5402327,2.0502326,2.3002326,1.0802325,1.2702326,1.2802325,1.3402325,0.44023255,-0.51976746,-0.36976746,-1.3197675,-2.3297675,-3.0897675,-1.6297674,-4.3697677,-0.43976745,-1.2497674,-2.1497674,-6.329767,-8.119767,-8.709767,-8.179768,-8.149768,-7.0997677,-6.4997673,-6.6897674,-6.8497677,-6.4397674,-7.1297674,-7.0297675,-6.6797676,-5.8797674,-4.5397673,-4.9197674,-3.9597673,-2.3197675
3.4202325,2.8402326,2.9202325,1.4802326,1.3302325,2.6902325,2.7302325,3.6302326,2.3902326,1.9802326,0.84023255,1.0602325,0.77023256,1.1602325,-0.91976744,-0.6997675,-1.2597674,-0.98976743,-2.0297675,-3.0297675,-2.5497675,-6.0997677,-5.5297675,-5.2797675,-7.3197675,-9.059768,-8.659767,-8.429768,-7.6597676,-6.4997673,-5.8497677,-5.8597674,-5.4097676,-5.5697675,-5.8797674,-5.6697674,-5.6897674,-6.6897674,-5.4997673,-4.9797673,-4.2497673,-3.1097674,-0.9497675
3.5902326,3.5702326,2.8402326,2.6902325,2.1202326,2.7802324,2.7202325,3.1002326,2.5302324,1.9402325,1.2302326,0.70023257,0.79023254,0.5602325,0.41023254,-0.72976744,-0.52976745,-1.2997675,-1.8897674,-3.3997674,-6.5697675,-5.2897673,-5.6097674,-6.6597676,-7.0197673,-7.2197676,-7.4297676,-6.7697673,-6.2697673,-5.6297674,-5.3097672,-5.8897676,-5.3397675,-5.7797675,-5.3797674,-5.4497676,-5.6997676,-5.4497676,-5.3797674,-5.4797673,-4.1597676,-3.5497675,-3.1297674
