wind_kz.json
{"header": {"discipline":0,"disciplineName":"Meteorological products","gribEdition":2,"gribLength":1025,"center":7,"centerName":"US National Weather Service - NCEP(WMC)","subcenter":0,"refTime":"2023-08-23T00:00:00.000Z","significanceOfRT":1,"significanceOfRTName":"Start of forecast","productStatus":0,"productStatusName":"Operational products","productType":1,"productTypeName":"Forecast products","productDefinitionTemplate":0,"productDefinitionTemplateName":"Analysis/forecast at horizontal level/layer at a point in time","parameterCategory":2,"parameterCategoryName":"UnknownDiscipline_0_Category_2","parameterNumber":2,"parameterNumberName":"UnknownParameter_D0_C2_2","parameterUnit":"Unknown","genProcessType":2,"genProcessTypeName":"Forecast","forecastTime":60,"surface1Type":103,"surface1TypeName":"Specified height level above ground","surface1Value":10.0,"surface2Type":255,"surface2TypeName":"Missing","surface2Value":0.0,"gridDefinitionTemplate":0,"gridDefinitionTemplateName":"Latitude_Longitude","numberPoints":615,"shape":6,"shapeName":"Earth spherical with radius of 6,371,229.0 m","gridUnits":"degrees","resolution":48,"winds":"true","scanMode":64,"nx":41,"ny":15,"basicAngle":0,"lo1":47.0,"la1":41.0,"lo2":87.0,"la2":55.0,"dx":1.0,"dy":1.0}, "data":
[rows 0 to 14 of 15, columns 0 to 40 of 41]
-2.331352,0.55864805,-1.731352,-3.651352,-3.101352,-0.58135194,2.658648,1.028648,0.40864807,1.908648,4.908648,2.5286481,4.048648,2.618648,6.478648,6.1686482,2.4986482,3.328648,1.9786481,1.008648,2.348648,0.5986481,3.598648,7.048648,4.498648,3.838648,4.698648,6.1086483,-0.17135192,0.74864805,-3.061352,1.618648,0.78864807,-2.081352,-1.8913519,-0.35135192,0.27864808,-2.411352,-1.241352,-1.6913519,-0.25135192
1.368648,-2.5213518,-0.15135193,-0.9213519,-2.641352,-1.6813519,7.548648,2.678648,4.248648,4.8986483,6.1286483,8.128648,8.848648,8.868649,9.218648,6.1686482,6.438648,4.778648,5.328648,2.828648,2.088648,2.448648,3.938648,3.348648,1.508648,0.008648071,0.97864807,1.0986481,-1.501352,-0.16135193,0.7586481,1.1886481,-2.2613518,0.028648071,0.07864807,0.24864808,-0.63135195,0.20864807,1.398648,0.68864805,-0.8013519
2.2286482,0.10864807,0.98864806,1.4786481,1.8086481,7.8986483,4.888648,4.938648,6.698648,4.508648,5.1086483,5.618648,6.228648,7.468648,6.748648,6.328648,7.6486483,7.928648,4.188648,2.7686481,2.938648,5.1086483,6.238648,6.4186482,-0.22135192,3.678648,3.468648,3.098648,6.518648,2.2886481,0.53864807,-0.17135192,0.5786481,-1.1813519,-2.161352,-2.0213518,-0.71135193,1.1886481,2.2786481,2.598648,-1.511352
-1.751352,0.7686481,1.738648,4.288648,8.338648,4.658648,3.2686481,6.318648,6.548648,4.658648,5.8586483,6.6486483,0.66864806,2.4986482,7.038648,9.998648,11.568647,4.978648,0.66864806,1.988648,1.0986481,0.06864807,3.878648,3.848648,4.768648,5.988648,5.558648,5.688648,6.618648,3.688648,-0.37135193,1.488648,1.2186481,1.1786481,1.998648,0.87864804,0.5186481,-1.851352,-2.7413518,-3.321352,-4.481352
5.3786483,2.298648,6.308648,6.778648,4.808648,6.498648,3.798648,6.908648,6.468648,6.428648,7.058648,6.988648,0.86864805,1.148648,5.288648,8.178648,5.538648,-0.19135194,1.8286481,0.16864806,0.72864807,1.988648,2.9986482,4.188648,5.6086483,6.298648,8.078648,7.808648,6.848648,6.368648,7.188648,4.698648,0.30864808,-0.87135196,0.78864807,-3.601352,2.118648,-0.8513519,-1.6913519,-2.181352,-0.81135195
6.3786483,7.178648,3.328648,6.248648,1.888648,3.368648,7.328648,7.6486483,6.448648,7.708648,8.978648,9.138648,1.2986481,1.8086481,1.128648,-2.421352,-1.4313519,0.118648075,4.068648,-0.13135193,0.72864807,0.9686481,2.358648,3.438648,5.428648,5.998648,6.468648,5.1086483,7.1686482,8.298648,7.6686482,4.1286483,4.6486483,3.358648,-4.451352,0.4586481,-1.751352,0.48864806,-3.041352,-2.181352,1.388648
3.818648,4.188648,6.298648,1.9186481,2.968648,5.288648,4.638648,4.3786483,4.808648,6.598648,7.428648,6.778648,2.558648,2.398648,3.558648,2.9786482,4.268648,4.8986483,4.3586483,2.4986482,2.5386481,0.7086481,1.1786481,2.388648,4.078648,5.348648,4.558648,4.598648,6.938648,8.368649,8.638648,9.268648,2.298648,6.188648,3.5386481,4.088648,0.18864807,0.25864807,1.658648,-0.9213519,-3.621352
6.6086483,6.348648,4.988648,4.228648,7.538648,4.008648,2.858648,5.438648,3.5386481,4.388648,1.4586481,-0.051351927,-2.4913518,9.028648,3.9786482,2.298648,3.218648,5.138648,8.738648,2.408648,3.048648,0.80864805,0.40864807,1.128648,1.7286481,2.428648,2.9886482,3.0186481,5.458648,7.9186482,9.128648,7.838648,7.598648,3.548648,2.708648,3.698648,-7.6413517,-4.3313518,-4.291352,0.5986481,2.108648
1.8286481,2.598648,2.298648,3.418648,4.8586483,1.4786481,2.658648,3.368648,3.598648,3.438648,3.598648,2.638648,3.078648,2.368648,5.438648,4.078648,4.3586483,2.358648,4.6286483,2.688648,3.938648,2.568648,1.4386481,1.398648,0.93864805,1.9286481,1.518648,1.988648,1.4186481,0.27864808,-3.081352,-2.831352,-0.62135196,1.028648,1.618648,-1.0213519,-2.0213518,-1.7113519,1.1686481,0.21864808,1.3586481
2.418648,2.188648,2.448648,3.358648,2.378648,0.97864807,1.248648,2.0086482,3.168648,4.1486483,4.198648,5.008648,4.288648,4.558648,3.2886481,4.778648,4.848648,-1.481352,4.698648,5.348648,2.588648,2.158648,1.488648,2.7786481,1.738648,0.5986481,-3.4913518,-0.11135193,1.908648,0.9586481,1.3586481,2.168648,2.868648,1.2086481,3.818648,4.308648,-2.101352,-1.3113519,-0.2913519,0.19864807,1.018648
2.688648,1.0486481,0.04864807,-1.2013519,-0.6013519,2.0186481,1.768648,2.4886482,1.0486481,3.2686481,4.808648,6.658648,6.018648,3.808648,2.2586482,3.618648,4.328648,3.7286482,-1.1813519,2.2386482,3.588648,1.4586481,2.658648,1.9386481,1.5386481,0.46864808,-3.091352,1.1086481,0.61864805,2.668648,3.2286482,3.678648,2.4986482,2.428648,0.60864806,-1.4013519,0.18864807,-0.31135193,0.34864807,1.0386481,-1.341352
1.268648,-0.45135194,0.7586481,-0.30135193,1.508648,1.738648,0.93864805,1.988648,2.308648,2.2586482,-2.401352,-0.48135194,-1.0813519,0.93864805,0.72864807,2.7686481,3.568648,1.5586481,-0.30135193,2.2686481,0.5286481,0.66864806,4.368648,2.698648,2.118648,0.5186481,0.7786481,1.5986481,3.408648,0.87864804,2.558648,3.4786482,3.878648,3.0286481,1.508648,2.628648,2.898648,2.128648,-0.33135194,-1.6713519,-2.201352
0.6986481,1.3386481,1.408648,3.848648,2.218648,3.5386481,3.378648,3.918648,3.048648,2.358648,2.2486482,1.4586481,-0.23135193,-2.2213519,-0.031351928,1.6886481,3.658648,5.508648,4.158648,4.948648,-1.231352,3.7286482,3.7386482,1.778648,0.26864806,2.088648,2.648648,0.80864805,0.73864806,1.6886481,2.198648,2.408648,2.698648,3.908648,0.93864805,1.0586481,1.5386481,0.9486481,0.6586481,-1.511352,0.20864807
2.598648,0.35864806,1.6086481,2.0086482,1.3286481,3.458648,1.5586481,2.138648,2.068648,2.0086482,1.118648,2.098648,2.4786482,1.878648,0.29864806,0.28864807,0.7186481,0.8186481,1.648648,-0.7913519,0.22864807,-1.761352,3.218648,2.878648,2.588648,4.248648,5.138648,4.508648,1.6986481,1.518648,-0.46135193,1.488648,3.198648,2.958648,3.128648,2.178648,2.118648,3.848648,3.578648,0.29864806,0.14864807
2.7886481,-0.16135193,0.9486481,1.638648,1.7286481,1.248648,0.9586481,0.7186481,2.458648,1.9286481,2.908648,5.1286483,2.928648,2.948648,3.348648,0.80864805,-0.40135193,-0.45135194,-0.95135194,-0.77135193,-0.31135193,2.5386481,5.638648,1.758648,3.338648,1.0386481,3.428648,3.798648,2.048648,0.60864806,-1.991352,1.1786481,1.5786481,2.658648,2.4786482,3.2386482,2.0286481,5.1686482,4.018648,4.3986483,-0.24135193
