wind.json
{"header": {"discipline":0,"disciplineName":"Meteorological products","gribEdition":2,"gribLength":953,"center":7,"centerName":"US National Weather Service - NCEP(WMC)","subcenter":0,"refTime":"2023-07-01T06:00:00.000Z","significanceOfRT":1,"significanceOfRTName":"Start of forecast","productStatus":0,"productStatusName":"Operational products","productType":1,"productTypeName":"Forecast products","productDefinitionTemplate":0,"productDefinitionTemplateName":"Analysis/forecast at horizontal level/layer at a point in time","parameterCategory":0,"parameterCategoryName":"UnknownDiscipline_0_Category_0","parameterNumber":0,"parameterNumberName":"UnknownParameter_D0_C0_0","parameterUnit":"Unknown","genProcessType":2,"genProcessTypeName":"Forecast","forecastTime":180,"surface1Type":1,"surface1TypeName":"Ground or water surface","surface1Value":0.0,"surface2Type":255,"surface2TypeName":"Missing","surface2Value":0.0,"gridDefinitionTemplate":0,"gridDefinitionTemplateName":"Latitude_Longitude","numberPoints":688,"shape":6,"shapeName":"Earth spherical with radius of 6,371,229.0 m","gridUnits":"degrees","resolution":48,"winds":"true","scanMode":64,"nx":43,"ny":16,"basicAngle":0,"lo1":45.0,"la1":40.0,"lo2":87.0,"la2":55.0,"dx":1.0,"dy":1.0}, "data":
[rows 0 to 15 of 16, columns 0 to 42 of 43]
288.2243,284.7243,300.6243,301.32428,300.5243,298.2243,297.32428,295.6243,304.1243,302.82428,306.2243,303.82428,305.9243,304.5243,302.1243,304.6243,304.7243,304.5243,303.5243,302.32428,301.32428,301.9243,294.82428,297.9243,297.32428,293.32428,293.6243,288.2243,281.9243,282.1243,285.1243,296.82428,297.32428,297.32428,299.2243,300.82428,302.9243,301.5243,303.7243,303.0243,300.5243,299.5243,300.5243
289.1243,300.82428,302.2243,291.0243,296.6243,297.0243,296.9243,295.6243,303.6243,307.7243,305.2243,305.32428,305.4243,307.1243,306.32428,306.2243,306.32428,302.32428,302.6243,303.5243,302.9243,303.5243,304.1243,300.7243,296.82428,288.9243,297.0243,297.5243,293.1243,279.4243,280.7243,280.7243,280.6243,282.32428,291.1243,296.6243,298.82428,301.32428,301.1243,300.9243,302.7243,302.9243,302.5243
293.1243,289.7243,279.6243,295.5243,297.0243,297.1243,296.6243,294.4243,308.32428,306.2243,304.4243,305.5243,306.82428,304.7243,303.7243,303.4243,303.7243,301.4243,303.6243,303.1243,301.9243,301.2243,300.2243,303.0243,300.2243,288.7243,276.9243,276.4243,284.82428,275.0243,279.5243,274.9243,280.6243,271.7243,282.82428,260.0243,277.7243,293.5243,292.32428,296.6243,301.2243,293.82428,285.4243
292.7243,294.82428,297.82428,297.32428,297.2243,297.0243,296.0243,304.9243,305.9243,306.1243,304.7243,304.9243,303.2243,302.6243,299.2243,300.5243,303.0243,301.82428,301.5243,302.1243,301.0243,301.1243,301.1243,299.9243,301.2243,296.5243,294.6243,294.6243,294.1243,292.2243,292.5243,281.9243,272.82428,275.1243,282.9243,282.0243,282.4243,285.4243,276.1243,279.5243,284.2243,280.6243,278.4243
300.2243,302.32428,300.2243,298.1243,298.1243,297.4243,298.6243,305.5243,307.6243,306.6243,307.6243,305.5243,303.9243,302.0243,295.32428,294.6243,301.32428,299.9243,303.1243,302.1243,304.4243,301.4243,302.5243,294.6243,300.9243,301.2243,302.0243,301.0243,300.32428,299.0243,296.9243,297.4243,298.1243,294.32428,299.4243,293.32428,291.1243,290.32428,278.0243,280.0243,283.5243,293.1243,296.82428
300.9243,302.82428,301.1243,298.7243,298.6243,299.4243,301.32428,306.4243,308.5243,309.32428,307.1243,307.7243,305.2243,302.2243,296.32428,295.1243,292.2243,303.7243,304.1243,303.82428,303.7243,306.7243,306.2243,303.2243,303.2243,303.4243,301.2243,300.82428,299.0243,296.7243,298.1243,299.2243,301.7243,294.2243,281.2243,272.5243,284.82428,295.0243,297.1243,301.32428,301.1243,300.82428,300.82428
302.1243,303.9243,301.7243,300.1243,299.32428,299.0243,298.6243,298.32428,308.82428,310.82428,307.5243,310.0243,305.0243,302.9243,295.5243,294.6243,297.6243,301.82428,301.9243,302.7243,303.0243,305.7243,305.0243,302.5243,300.32428,301.4243,300.32428,299.32428,299.4243,290.7243,299.32428,301.82428,298.9243,300.32428,298.2243,294.82428,291.2243,292.4243,285.2243,289.32428,296.7243,299.82428,298.82428
304.0243,304.82428,303.82428,302.6243,307.1243,307.32428,303.82428,306.2243,308.6243,307.9243,308.82428,308.6243,306.4243,305.0243,303.0243,305.1243,302.7243,303.2243,302.9243,301.9243,303.5243,300.7243,300.7243,302.4243,299.7243,300.5243,298.32428,299.32428,299.4243,301.2243,301.5243,297.1243,298.5243,298.0243,297.1243,296.7243,292.7243,291.82428,287.4243,285.82428,279.1243,278.82428,294.7243
303.6243,305.9243,307.9243,307.4243,307.7243,307.1243,307.2243,306.5243,306.32428,306.1243,305.2243,306.6243,305.82428,305.7243,303.6243,303.6243,303.2243,304.5243,301.6243,301.9243,300.6243,297.7243,297.32428,299.0243,298.1243,297.7243,295.82428,291.5243,293.4243,295.0243,294.0243,298.32428,293.9243,294.9243,292.1243,286.9243,285.2243,290.5243,294.0243,288.2243,292.4243,292.4243,286.5243
295.4243,304.9243,304.1243,303.5243,304.1243,302.82428,304.9243,303.32428,302.1243,302.9243,302.7243,302.1243,300.9243,300.82428,301.4243,301.1243,299.4243,300.32428,300.1243,299.7243,298.7243,297.32428,294.82428,295.2243,295.82428,295.5243,292.82428,292.6243,289.82428,288.0243,286.6243,284.6243,287.4243,286.6243,288.2243,289.6243,288.6243,287.4243,286.5243,287.32428,272.32428,277.6243,273.6243
298.5243,300.2243,300.82428,301.9243,301.82428,301.32428,301.1243,300.2243,299.2243,299.1243,299.2243,298.32428,296.32428,295.6243,297.6243,297.4243,297.6243,298.2243,298.2243,297.32428,296.6243,296.32428,294.2243,294.5243,294.7243,293.5243,293.1243,293.4243,292.9243,289.1243,290.5243,289.4243,288.32428,294.32428,292.6243,295.6243,290.82428,288.5243,287.4243,285.2243,275.5243,279.0243,277.5243
296.0243,295.4243,299.6243,299.0243,299.4243,299.4243,299.1243,297.9243,296.9243,295.32428,295.1243,296.2243,294.6243,293.6243,295.82428,293.6243,293.2243,293.7243,293.4243,294.0243,293.9243,292.1243,292.0243,292.1243,291.4243,291.2243,290.2243,290.5243,287.4243,289.1243,291.6243,293.2243,293.1243,293.2243,291.5243,291.4243,290.5243,286.9243,284.5243,281.9243,280.0243,283.32428,279.5243
294.9243,295.1243,297.0243,299.82428,298.7243,297.2243,298.6243,295.6243,293.6243,292.6243,292.6243,292.32428,290.32428,289.9243,292.0243,291.1243,291.5243,291.2243,291.32428,292.0243,290.9243,290.32428,289.4243,288.82428,288.7243,289.1243,288.82428,289.2243,289.2243,291.1243,294.82428,293.2243,290.7243,292.4243,290.2243,289.4243,290.32428,288.1243,288.0243,287.7243,286.7243,288.4243,288.2243
293.6243,293.5243,294.1243,296.7243,296.5243,297.32428,294.7243,294.32428,296.2243,295.4243,291.32428,289.6243,287.7243,286.7243,288.9243,289.4243,290.0243,290.32428,289.7243,288.32428,289.9243,288.6243,291.4243,286.7243,286.82428,289.9243,292.1243,292.82428,291.6243,290.32428,290.0243,287.7243,288.4243,291.0243,289.9243,288.32428,288.32428,286.6243,287.1243,288.82428,287.32428,287.32428,288.7243
293.7243,293.1243,292.82428,293.82428,294.5243,295.9243,296.0243,295.5243,290.2243,290.4243,288.9243,288.4243,286.6243,285.1243,285.6243,288.32428,289.32428,289.5243,290.82428,291.1243,288.5243,290.82428,290.82428,290.7243,291.2243,291.0243,290.32428,291.7243,288.6243,288.32428,288.1243,287.4243,287.7243,287.1243,287.2243,288.32428,287.9243,287.7243,286.7243,287.9243,287.7243,287.6243,288.1243
294.0243,292.9243,292.6243,293.6243,292.5243,293.7243,296.32428,291.5243,289.4243,289.6243,289.1243,287.5243,288.6243,285.0243,286.6243,287.6243,288.6243,288.6243,291.32428,287.0243,287.0243,286.6243,287.1243,287.5243,288.2243,290.1243,286.1243,286.2243,286.0243,286.4243,286.9243,286.9243,286.7243,284.9243,287.6243,287.0243,286.9243,286.6243,286.82428,286.7243,288.32428,288.6243,288.9243
