wind.json
{"header": {"discipline":0,"disciplineName":"Meteorological products","gribEdition":2,"gribLength":953,"center":7,"centerName":"US National Weather Service - NCEP(WMC)","subcenter":0,"refTime":"2023-06-27T12:00:00.000Z","significanceOfRT":1,"significanceOfRTName":"Start of forecast","productStatus":0,"productStatusName":"Operational products","productType":1,"productTypeName":"Forecast products","productDefinitionTemplate":0,"productDefinitionTemplateName":"Analysis/forecast at horizontal level/layer at a point in time","parameterCategory":0,"parameterCategoryName":"UnknownDiscipline_0_Category_0","parameterNumber":0,"parameterNumberName":"UnknownParameter_D0_C0_0","parameterUnit":"Unknown","genProcessType":2,"genProcessTypeName":"Forecast","forecastTime":60,"surface1Type":1,"surface1TypeName":"Ground or water surface","surface1Value":0.0,"surface2Type":255,"surface2TypeName":"Missing","surface2Value":0.0,"gridDefinitionTemplate":0,"gridDefinitionTemplateName":"Latitude_Longitude","numberPoints":688,"shape":6,"shapeName":"Earth spherical with radius of 6,371,229.0 m","gridUnits":"degrees","resolution":48,"winds":"true","scanMode":64,"nx":43,"ny":16,"basicAngle":0,"lo1":45.0,"la1":40.0,"lo2":87.0,"la2":55.0,"dx":1.0,"dy":1.0}, "data":
[rows 0 to 15 of 16, columns 0 to 42 of 43]
281.7417,278.6417,293.1417,296.2417,296.3417,297.2417,296.2417,294.4417,296.3417,297.2417,300.6417,301.5417,302.9417,302.0417,299.4417,299.1417,298.0417,296.9417,295.5417,294.8417,294.3417,292.7417,290.5417,290.8417,289.2417,287.0417,287.5417,281.4417,275.6417,275.4417,278.3417,289.7417,291.5417,293.0417,294.3417,295.3417,295.6417,294.8417,295.5417,297.0417,296.6417,297.9417,300.1417
284.8417,293.2417,294.6417,285.9417,289.3417,296.1417,296.0417,294.4417,295.4417,300.4417,298.6417,300.4417,300.7417,301.5417,300.1417,299.2417,297.7417,294.7417,294.4417,294.5417,292.8417,293.1417,292.9417,290.3417,288.9417,285.3417,290.6417,292.9417,288.7417,275.2417,274.8417,274.8417,275.9417,278.6417,287.6417,293.7417,294.7417,295.1417,294.8417,295.4417,296.1417,297.9417,300.3417
286.6417,284.7417,279.2417,290.0417,295.6417,295.8417,295.7417,293.7417,298.4417,299.5417,300.7417,299.5417,299.8417,299.4417,299.3417,297.8417,295.9417,294.3417,293.7417,294.0417,292.3417,291.4417,291.7417,292.2417,288.5417,283.8417,271.7417,273.0417,282.9417,274.2417,276.7417,273.4417,278.3417,270.7417,280.2417,256.3417,269.4417,290.4417,290.6417,293.8417,297.6417,287.9417,283.4417
286.1417,289.5417,293.7417,295.9417,295.7417,295.9417,295.1417,297.1417,297.1417,299.2417,298.4417,298.3417,298.3417,300.2417,297.9417,297.4417,297.3417,294.7417,292.9417,291.4417,290.9417,291.5417,292.0417,293.0417,292.6417,284.8417,284.2417,285.5417,286.0417,285.8417,285.8417,278.6417,273.5417,274.3417,279.2417,279.4417,280.4417,280.9417,275.3417,279.2417,279.7417,276.9417,274.9417
293.7417,296.4417,291.9417,296.7417,296.7417,295.8417,295.6417,295.6417,297.6417,299.1417,298.7417,300.2417,300.6417,298.9417,294.2417,293.8417,298.6417,293.7417,294.6417,292.1417,292.7417,291.2417,291.7417,286.0417,290.5417,290.5417,288.8417,289.8417,290.5417,290.2417,287.6417,287.8417,288.1417,285.9417,291.3417,287.3417,288.8417,285.9417,275.7417,274.3417,280.0417,288.9417,291.5417
294.1417,297.7417,296.4417,297.3417,297.0417,297.4417,297.0417,296.8417,298.5417,299.2417,299.7417,298.6417,299.0417,298.2417,294.8417,294.2417,291.4417,295.1417,295.2417,293.7417,290.4417,293.7417,293.0417,292.4417,291.1417,290.2417,290.1417,290.4417,288.2417,289.4417,288.8417,289.8417,291.2417,286.7417,276.6417,271.6417,282.0417,290.5417,292.6417,295.0417,295.6417,294.6417,295.5417
293.3417,297.7417,296.6417,293.6417,297.8417,296.4417,296.6417,296.3417,298.0417,300.0417,299.3417,297.7417,295.6417,293.8417,293.1417,293.6417,294.8417,294.9417,294.9417,292.7417,295.4417,293.7417,292.5417,292.4417,290.2417,289.9417,292.0417,290.6417,290.3417,290.2417,288.6417,290.9417,290.6417,290.8417,288.9417,287.0417,287.6417,288.2417,283.0417,284.5417,291.1417,294.1417,294.7417
294.7417,297.2417,296.1417,294.4417,297.1417,296.9417,296.0417,295.9417,297.6417,296.9417,297.7417,297.0417,295.0417,292.9417,292.2417,292.5417,293.9417,294.7417,292.2417,293.1417,293.0417,291.0417,289.9417,290.7417,290.3417,289.8417,288.1417,288.7417,288.5417,289.4417,289.2417,289.6417,289.8417,289.7417,289.3417,289.4417,288.3417,287.3417,283.8417,280.8417,279.7417,279.8417,290.4417
292.7417,293.5417,296.7417,296.0417,297.1417,296.7417,296.5417,295.5417,294.8417,294.5417,292.9417,293.9417,293.1417,290.9417,288.7417,288.9417,289.3417,290.0417,290.3417,291.1417,294.0417,287.9417,288.2417,287.1417,288.6417,289.8417,287.8417,283.8417,285.8417,285.9417,285.0417,287.0417,286.1417,287.1417,286.2417,284.7417,285.1417,287.0417,288.6417,287.8417,288.3417,288.3417,286.3417
289.7417,294.2417,293.4417,295.5417,295.7417,294.0417,295.1417,293.8417,292.6417,292.3417,292.2417,290.8417,289.6417,288.6417,286.7417,287.0417,286.2417,287.7417,286.5417,287.7417,289.8417,288.0417,285.7417,285.7417,287.7417,287.3417,285.6417,287.5417,283.6417,282.7417,285.6417,281.8417,282.3417,283.0417,284.9417,285.7417,285.7417,284.4417,284.2417,283.3417,276.1417,276.6417,277.6417
289.5417,291.1417,291.1417,293.4417,293.4417,292.2417,293.1417,291.1417,290.1417,289.7417,290.8417,289.5417,288.5417,286.7417,286.6417,286.6417,287.0417,287.5417,288.3417,287.3417,287.6417,289.2417,287.1417,288.5417,289.2417,289.4417,289.3417,286.3417,285.8417,284.7417,284.5417,284.3417,284.4417,286.2417,287.1417,287.6417,285.6417,284.6417,282.7417,280.8417,279.9417,278.4417,276.8417
287.3417,289.5417,289.0417,289.8417,291.0417,290.4417,289.9417,290.0417,289.2417,288.4417,288.7417,288.4417,285.9417,285.2417,286.4417,285.3417,285.2417,287.0417,287.2417,287.7417,288.3417,287.5417,288.4417,290.1417,288.0417,287.6417,286.7417,285.5417,284.9417,286.6417,286.9417,288.0417,288.4417,289.8417,288.0417,286.7417,284.7417,283.1417,280.3417,279.9417,280.9417,280.4417,277.4417
288.1417,288.1417,286.9417,287.4417,289.0417,289.5417,288.5417,289.1417,288.5417,288.4417,287.4417,287.4417,285.2417,283.4417,285.6417,285.5417,286.1417,286.0417,287.1417,287.1417,286.7417,287.4417,286.8417,286.4417,287.7417,288.2417,284.9417,285.8417,286.2417,287.6417,288.4417,289.3417,288.1417,288.4417,288.2417,285.4417,285.2417,285.3417,286.2417,286.3417,286.9417,285.5417,283.9417
287.1417,286.0417,286.5417,286.0417,287.7417,288.1417,288.6417,288.5417,288.5417,287.0417,285.1417,284.9417,283.7417,281.8417,284.8417,284.5417,286.1417,288.3417,286.3417,285.9417,287.6417,286.6417,285.5417,286.4417,284.7417,284.5417,286.1417,286.5417,288.4417,287.3417,287.7417,287.9417,288.2417,288.6417,288.6417,288.0417,288.0417,286.1417,285.8417,286.0417,284.4417,284.4417,284.5417
285.7417,287.0417,285.6417,288.4417,288.9417,289.0417,287.4417,287.0417,286.4417,287.2417,284.6417,285.0417,284.4417,283.1417,286.2417,283.5417,285.9417,286.5417,287.3417,285.3417,285.8417,285.7417,287.3417,286.2417,285.2417,285.4417,286.5417,287.9417,287.1417,286.9417,286.4417,287.0417,287.3417,287.0417,287.3417,286.3417,285.9417,284.8417,286.8417,286.1417,284.1417,283.4417,284.2417
285.3417,286.3417,287.5417,288.6417,289.6417,289.1417,287.7417,286.4417,286.3417,285.5417,287.2417,288.0417,288.4417,282.7417,283.9417,284.2417,284.2417,285.3417,284.9417,284.4417,284.3417,284.0417,284.4417,284.4417,283.7417,283.6417,283.8417,283.5417,283.7417,284.1417,284.7417,285.3417,285.8417,284.2417,285.5417,285.8417,285.7417,286.2417,284.9417,285.1417,286.3417,284.7417,284.3417
