wind_kz.json
{"header": {"discipline":0,"disciplineName":"Meteorological products","gribEdition":2,"gribLength":871,"center":7,"centerName":"US National Weather Service - NCEP(WMC)","subcenter":0,"refTime":"2023-10-05T00:00:00.000Z","significanceOfRT":1,"significanceOfRTName":"Start of forecast","productStatus":0,"productStatusName":"Operational products","productType":1,"productTypeName":"Forecast products","productDefinitionTemplate":0,"productDefinitionTemplateName":"Analysis/forecast at horizontal level/layer at a point in time","parameterCategory":0,"parameterCategoryName":"UnknownDiscipline_0_Category_0","parameterNumber":0,"parameterNumberName":"UnknownParameter_D0_C0_0","parameterUnit":"Unknown","genProcessType":2,"genProcessTypeName":"Forecast","forecastTime":120,"surface1Type":1,"surface1TypeName":"Ground or water surface","surface1Value":0.0,"surface2Type":255,"surface2TypeName":"Missing","surface2Value":0.0,"gridDefinitionTemplate":0,"gridDefinitionTemplateName":"Latitude_Longitude","numberPoints":615,"shape":6,"shapeName":"Earth spherical with radius of 6,371,229.0 m","gridUnits":"degrees","resolution":48,"winds":"true","scanMode":64,"nx":41,"ny":15,"basicAngle":0,"lo1":47.0,"la1":41.0,"lo2":87.0,"la2":55.0,"dx":1.0,"dy":1.0}, "data":
[rows 0 to 14 of 15, columns 0 to 40 of 41]
289.77838,281.9784,280.9784,293.3784,293.3784,292.0784,289.8784,291.77838,290.1784,290.9784,289.1784,290.8784,289.6784,289.1784,288.77838,287.5784,286.5784,286.4784,285.5784,286.1784,287.1784,284.1784,285.3784,282.3784,283.9784,286.27838,282.9784,271.3784,270.4784,269.6784,269.4784,266.4784,279.5784,286.4784,287.77838,288.77838,287.1784,287.0784,288.6784,287.77838,285.4784
272.3784,280.4784,292.9784,292.9784,293.1784,291.27838,289.1784,289.6784,290.3784,290.5784,290.0784,290.1784,289.3784,288.0784,287.4784,288.3784,286.5784,285.6784,280.8784,282.77838,285.6784,285.5784,284.27838,278.8784,270.3784,269.27838,276.9784,269.1784,270.8784,269.1784,273.4784,263.8784,271.9784,252.0784,270.6784,284.4784,283.1784,284.6784,287.77838,280.4784,283.4784
281.5784,292.4784,292.4784,292.1784,290.5784,288.0784,288.9784,289.4784,289.27838,290.4784,291.27838,289.6784,290.1784,289.27838,288.77838,287.5784,287.4784,283.4784,282.5784,283.8784,285.5784,285.77838,285.5784,281.1784,281.4784,282.0784,282.4784,282.77838,282.1784,275.4784,268.9784,271.1784,275.9784,276.27838,278.8784,277.77838,271.9784,274.0784,274.3784,269.5784,269.4784
282.0784,291.4784,292.27838,291.3784,288.9784,285.77838,287.77838,287.9784,289.1784,290.6784,291.1784,291.27838,289.5784,288.9784,289.1784,287.5784,286.6784,284.6784,283.27838,281.1784,283.27838,278.6784,285.4784,285.6784,285.8784,286.1784,286.0784,285.4784,282.8784,282.9784,283.4784,284.1784,288.9784,288.6784,287.9784,284.0784,274.27838,269.8784,272.5784,281.6784,285.0784
282.9784,290.77838,291.27838,290.6784,288.1784,286.4784,287.1784,288.8784,288.8784,289.5784,290.5784,291.3784,288.6784,287.27838,285.9784,287.9784,287.3784,286.77838,284.77838,285.8784,286.1784,285.77838,284.6784,285.1784,285.0784,285.27838,283.9784,284.5784,283.5784,283.27838,284.27838,281.9784,271.9784,264.6784,276.1784,283.77838,287.77838,286.3784,290.1784,288.27838,288.1784
281.77838,280.27838,288.8784,289.3784,289.6784,289.1784,286.5784,288.0784,287.5784,288.27838,289.27838,290.1784,288.27838,288.1784,288.3784,288.27838,288.0784,286.8784,286.4784,286.0784,285.3784,284.4784,284.27838,283.77838,283.3784,282.4784,282.77838,286.9784,284.77838,284.6784,283.1784,284.1784,282.77838,281.4784,282.9784,284.0784,279.1784,281.9784,287.1784,289.3784,286.3784
279.4784,279.27838,281.6784,282.8784,285.3784,284.4784,285.3784,285.3784,286.9784,287.8784,289.27838,289.27838,288.8784,287.4784,288.27838,288.3784,287.9784,286.9784,285.8784,284.3784,284.0784,283.9784,284.1784,283.8784,282.3784,282.6784,281.27838,283.4784,282.6784,282.3784,282.27838,282.3784,282.6784,283.0784,282.5784,281.8784,280.4784,279.3784,275.3784,273.6784,282.9784
277.4784,277.5784,279.5784,281.6784,283.77838,283.77838,284.4784,283.8784,285.1784,285.6784,287.4784,288.6784,288.3784,288.3784,288.0784,288.1784,286.9784,286.9784,286.27838,283.27838,282.3784,281.3784,280.9784,281.8784,281.4784,279.3784,280.5784,280.6784,279.0784,280.6784,279.8784,280.6784,279.6784,280.3784,281.9784,283.9784,285.27838,284.9784,283.4784,282.5784,280.4784
276.5784,276.3784,277.77838,278.27838,280.77838,282.3784,283.6784,283.6784,284.0784,283.4784,283.9784,287.0784,286.27838,287.8784,285.9784,286.8784,287.1784,285.8784,285.5784,283.27838,281.1784,280.1784,280.3784,280.4784,279.3784,280.1784,278.27838,278.77838,277.5784,274.77838,276.4784,277.1784,278.1784,279.4784,278.9784,279.0784,279.77838,279.4784,270.27838,270.6784,270.4784
275.77838,276.77838,277.1784,277.5784,278.9784,280.8784,281.4784,282.5784,281.6784,283.1784,283.0784,283.27838,287.27838,286.4784,286.0784,285.5784,285.4784,285.1784,285.0784,283.8784,282.27838,281.6784,281.0784,281.1784,280.8784,279.9784,279.3784,279.6784,279.3784,278.1784,278.6784,279.8784,281.27838,280.8784,280.4784,280.4784,279.77838,276.1784,272.1784,271.1784,270.4784
275.3784,275.27838,275.3784,275.5784,275.9784,277.1784,278.4784,280.1784,281.3784,281.1784,281.3784,282.3784,284.4784,285.77838,284.9784,285.5784,284.4784,284.8784,284.77838,283.0784,282.77838,281.9784,280.8784,280.4784,280.5784,280.27838,278.77838,280.3784,281.3784,281.6784,281.9784,282.3784,281.0784,282.1784,282.0784,280.4784,277.77838,274.5784,273.6784,274.4784,272.27838
273.8784,274.8784,274.4784,273.9784,273.6784,273.9784,274.27838,275.9784,278.9784,279.77838,277.5784,280.9784,283.3784,285.4784,285.27838,285.4784,285.5784,285.3784,285.5784,284.0784,283.0784,281.1784,280.4784,279.9784,279.77838,280.3784,280.6784,281.77838,282.8784,282.9784,282.4784,281.77838,282.4784,280.4784,281.6784,281.0784,281.27838,281.27838,280.9784,279.8784,278.1784
272.4784,272.77838,273.1784,273.5784,273.6784,273.4784,272.8784,273.9784,275.3784,277.3784,276.8784,276.3784,281.4784,282.27838,286.3784,286.77838,286.3784,285.8784,286.3784,284.9784,284.5784,283.0784,282.27838,280.8784,280.77838,281.27838,283.0784,282.27838,281.8784,282.5784,282.77838,282.4784,282.0784,281.6784,281.4784,281.3784,280.9784,282.0784,280.4784,279.3784,279.8784
271.8784,272.9784,279.3784,274.0784,273.4784,272.6784,272.4784,272.6784,273.8784,275.4784,276.1784,274.77838,277.27838,280.3784,282.9784,286.3784,286.8784,286.5784,285.9784,286.1784,285.1784,285.1784,284.27838,283.1784,282.6784,281.77838,281.3784,282.3784,282.27838,281.9784,282.1784,282.4784,282.1784,281.5784,281.3784,280.3784,280.4784,279.6784,279.5784,279.4784,278.8784
271.9784,273.3784,283.8784,273.77838,273.1784,272.9784,273.3784,272.77838,273.0784,273.27838,274.8784,276.0784,275.3784,276.9784,279.8784,280.8784,281.1784,286.0784,286.6784,285.8784,285.3784,284.8784,284.4784,283.5784,282.8784,282.3784,282.4784,281.8784,282.4784,282.6784,282.3784,283.1784,282.4784,282.8784,282.27838,281.77838,281.4784,280.27838,280.5784,280.27838,279.5784
