wind_kz.json
{"header": {"discipline":0,"disciplineName":"Meteorological products","gribEdition":2,"gribLength":1025,"center":7,"centerName":"US National Weather Service - NCEP(WMC)","subcenter":0,"refTime":"2023-08-19T18:00:00.000Z","significanceOfRT":1,"significanceOfRTName":"Start of forecast","productStatus":0,"productStatusName":"Operational products","productType":1,"productTypeName":"Forecast products","productDefinitionTemplate":0,"productDefinitionTemplateName":"Analysis/forecast at horizontal level/layer at a point in time","parameterCategory":2,"parameterCategoryName":"UnknownDiscipline_0_Category_2","parameterNumber":2,"parameterNumberName":"UnknownParameter_D0_C2_2","parameterUnit":"Unknown","genProcessType":2,"genProcessTypeName":"Forecast","forecastTime":0,"surface1Type":103,"surface1TypeName":"Specified height level above ground","surface1Value":10.0,"surface2Type":255,"surface2TypeName":"Missing","surface2Value":0.0,"gridDefinitionTemplate":0,"gridDefinitionTemplateName":"Latitude_Longitude","numberPoints":615,"shape":6,"shapeName":"Earth spherical with radius of 6,371,229.0 m","gridUnits":"degrees","resolution":48,"winds":"true","scanMode":64,"nx":41,"ny":15,"basicAngle":0,"lo1":47.0,"la1":41.0,"lo2":87.0,"la2":55.0,"dx":1.0,"dy":1.0}, "data":
[rows 0 to 14 of 15, columns 0 to 40 of 41]
-4.8903437,0.0096563725,4.0496564,1.0096564,0.64965636,1.0396564,2.5196564,2.9796565,2.7096565,2.7396564,3.1696563,4.1396565,5.6696563,2.2096565,-0.48034364,-4.190344,-2.6303437,2.3296564,-3.1303437,-3.4303436,-4.9103436,-2.0603437,0.029656373,-1.9103436,0.5696564,-3.2603436,-3.2803435,0.10965637,-0.15034363,-0.010343628,-1.5903436,-0.37034363,0.11965637,-1.3903437,-2.9203436,-3.2703435,-2.6903436,-3.7003436,-1.8703437,-0.9603436,-4.5103436
0.13965636,3.0796564,8.299656,6.499656,4.1196566,3.6296563,4.229656,4.1296563,6.1196566,3.2596564,4.7196565,4.7996564,5.0796566,3.0296564,-3.5303435,-4.6803436,-1.3103436,-0.14034362,-4.1503434,-3.8403437,-3.6103437,-3.2803435,-2.9803436,-2.1203437,-0.5203436,0.7996564,-1.4603436,0.84965634,-3.9603436,-2.0903437,-0.41034362,0.13965636,-0.31034362,-1.8803437,0.14965637,-0.36034364,-0.47034362,0.52965635,-0.61034364,0.15965638,-6.2403436
1.5196564,0.14965637,-0.05034363,2.0696564,2.7796564,4.289656,3.5296564,6.269656,4.1896563,3.5296564,4.5896564,1.2696564,1.6296563,-5.500344,-8.310344,-5.520344,-4.7003436,-7.190344,-4.3503437,-4.9003434,-5.0303435,-4.6603436,-3.2903435,-4.0103436,-0.45034364,-0.79034364,1.9296564,-0.29034364,-2.6403437,-0.43034363,-1.4203436,1.9096564,0.17965637,-0.26034364,0.58965635,-1.8103436,0.049656373,-0.030343628,2.2896564,2.3296564,1.4696563
-2.4303436,-1.3503436,-0.07034363,2.2496564,3.0496564,2.0896564,5.2196565,3.9996564,2.9296563,3.8496563,-3.2703435,-3.9903436,-6.0703435,-9.730344,-8.260344,-4.4703436,-4.5703435,-3.8203437,-4.8703437,-4.5903435,-3.7203436,-3.2003436,-1.7303436,-3.1103437,-4.9903436,-3.6803436,-3.7203436,-8.060344,-5.0403438,-4.3703437,-0.97034365,-1.4503436,1.1296563,-0.030343628,-2.7803435,-1.8003436,-1.8103436,1.9796563,0.13965636,-0.98034364,0.5596564
-1.4703436,-0.22034363,2.9396563,4.8296566,5.8196564,5.0696564,3.6496563,4.3696566,1.6196563,-0.5703436,-5.9503436,-2.3003435,-4.9103436,-7.980344,-6.7203436,-1.1403437,-0.92034364,-3.1403437,-3.5303435,-4.1503434,-3.7703435,-4.4003434,-3.3203437,-3.4803436,-4.940344,-4.3203435,-5.9703436,-3.4903436,-4.940344,-4.440344,-4.0303435,-1.5603436,-2.2403436,1.3396564,0.76965636,-1.3003436,4.9596562,0.6796564,-2.5403435,1.3496563,-2.5703437
-1.0003437,2.4696565,2.9796565,3.7496564,3.0196564,0.51965636,-2.1103437,-3.1503437,-5.5703435,-2.8403437,-1.8803437,0.7396564,-3.6203437,-2.4403436,-1.9003437,-1.2103436,-1.3703437,-2.6603436,-3.3003435,-2.3903437,-3.4603436,-3.3303437,-2.7803435,-1.7203436,-2.5303435,-3.9103436,-2.5503435,-3.6903436,-3.3003435,-3.1603436,-2.6403437,-3.0503435,-2.9803436,-2.9903436,-0.030343628,0.8596564,0.37965637,1.5196564,7.2196565,-6.9203434,-6.250344
-2.7703435,-1.0403436,-2.0503435,-2.1603436,-3.9003437,-1.6603436,-1.4203436,-3.9003437,-3.5803437,-0.84034365,1.4696563,-1.7003436,0.9196564,0.16965637,-1.9903436,-1.9203436,-2.7003436,-3.5703437,-3.9703436,-4.000344,-3.5303435,-3.4003437,-1.4403436,0.5496564,-0.7703436,-2.5603437,0.14965637,1.7096564,2.3996563,2.5896564,2.7896564,2.1896563,-1.3103436,-1.6503437,-1.0703436,-3.1103437,-1.2803437,1.6796564,0.65965635,1.1596564,2.4396563
-1.7203436,-2.2203436,-1.8803437,-2.9803436,-2.5903437,-3.4903436,-2.9203436,-3.4703436,-3.7803435,-3.5403435,-2.9103436,0.8196564,-1.3803437,-1.4703436,-2.8303437,-3.0703437,-0.90034366,-2.9203436,-2.5303435,-1.9903436,0.7896564,-1.0403436,-0.6803436,-2.7403436,-2.3303437,-1.2803437,-0.39034364,1.3996564,1.2696564,-2.7503436,-3.8003435,-3.3703437,-2.6703436,-1.5903436,-2.5403435,-0.23034362,1.0596564,3.0996563,3.1296563,6.1896563,0.07965637
-1.8103436,-1.8203436,-2.0803437,-1.8703437,-1.6503437,-2.3603437,-2.1903436,-2.5803437,-4.5803437,-1.6203437,-3.4003437,-0.34034362,-2.1603436,-1.7003436,-5.8003435,-6.2803435,5.8996563,1.6196563,-3.1003437,-2.8103437,-3.0603437,0.48965636,0.049656373,-0.85034364,1.5296564,1.5996563,-0.3503436,-1.3703437,-0.11034363,-0.24034363,-0.8703436,-1.2403436,-0.26034364,-0.80034363,-0.8303436,-0.29034364,0.45965636,-1.9403436,-1.2603437,1.1296563,-0.72034365
-1.4603436,-0.060343627,-0.6203436,-0.44034362,-0.6303436,-1.3303436,-1.5703436,-2.0403435,-1.7603437,-2.7103436,-1.4703436,-2.5603437,0.90965635,3.1596563,-0.5703436,0.019656371,2.9796565,-3.0703437,-3.3403437,-3.3303437,-2.6303437,-2.8203437,-3.3703437,-2.5803437,-1.8803437,0.30965638,-1.4503436,-0.7703436,-0.7003436,-0.040343627,0.41965637,0.5696564,-1.1103436,0.20965637,-0.80034363,-0.6403436,-1.5503436,-3.4362794E-4,-1.2603437,0.8196564,0.58965635
0.7496564,-2.3203437,-1.9503436,-3.8503437,-3.5103436,-1.8903437,-0.9403436,2.6396563,-2.8703437,-0.8103436,-0.6803436,-0.34034362,-2.7303436,0.13965636,-0.010343628,-2.7903435,-1.8503436,-0.44034362,-2.7803435,-2.3303437,-1.6003436,-1.9903436,0.09965637,1.7696564,2.5496564,1.2196563,1.1696564,2.1996565,1.3896564,2.0496564,2.3596563,1.2296563,0.9996564,1.0796564,0.7996564,-1.4403436,-1.1203437,0.71965635,-0.24034363,1.4796563,-0.28034362
-3.1303437,-2.5503435,-2.1303437,-1.3503436,-3.8103437,-2.9503436,-3.3203437,-3.2203436,-3.3703437,-1.3803437,-0.8103436,1.6996564,-2.6703436,-1.0603436,-2.0103436,-3.2203436,2.5696564,1.2296563,-0.7503436,1.3196564,-0.120343626,3.2496564,2.1696563,1.2896564,2.4496565,2.2796564,2.3896563,2.4996564,2.7896564,2.3996563,2.2196565,1.6896564,0.83965635,0.5596564,0.8596564,1.9396564,1.0096564,0.48965636,0.12965637,-0.55034363,-0.07034363
-2.8503437,-1.6403437,-3.3803437,-2.9003437,-1.1303437,-2.5203435,-2.9303436,-1.5603436,-2.6703436,0.30965638,-0.22034363,0.41965637,-2.0803437,-2.1403437,-1.0503436,-1.1403437,-0.31034362,1.1396564,0.5496564,-0.60034364,0.9396564,0.9996564,0.6296564,2.7996564,4.3296566,3.1196563,5.0896564,3.6596563,3.3596563,3.3496563,3.4496565,3.3596563,3.7496564,1.0696564,2.0896564,1.2096564,1.4896563,0.6796564,0.7396564,0.089656375,-0.98034364
-1.7703437,-1.7503437,-3.4362794E-4,-0.07034363,-1.0003437,-2.6103437,-2.0803437,-1.9603436,-0.15034363,-1.0403436,0.5396564,0.17965637,0.38965636,-0.31034362,0.69965637,1.7596564,1.0996563,0.40965638,1.5996563,-1.9203436,-0.86034364,0.029656373,0.9396564,1.4696563,3.3596563,3.3396564,3.0496564,2.1196563,3.5196564,3.6996565,1.5496564,1.9696563,1.3796563,1.6696564,1.5696564,1.4296564,1.0496564,0.88965636,-0.37034363,1.2996564,1.0496564
-1.3503436,-2.1503437,-2.5803437,-3.1403437,-1.9503436,-2.9603436,-1.2503437,-1.5803436,-0.19034363,-1.5003437,-0.5103436,-1.4203436,0.25965637,-0.42034364,-1.4503436,-2.9803436,-2.4703436,-0.9503436,-1.1303437,-1.2203436,-0.78034365,-0.24034363,0.5696564,0.6696564,0.69965637,1.0396564,1.8496563,0.6796564,2.8996563,3.1196563,4.0496564,1.8396564,-0.060343627,0.9396564,0.25965637,2.6796563,0.43965638,1.3596563,1.2796564,0.71965635,-0.91034365
