wind_kz.json
{"header": {"discipline":0,"disciplineName":"Meteorological products","gribEdition":2,"gribLength":1025,"center":7,"centerName":"US National Weather Service - NCEP(WMC)","subcenter":0,"refTime":"2023-09-27T06:00:00.000Z","significanceOfRT":1,"significanceOfRTName":"Start of forecast","productStatus":0,"productStatusName":"Operational products","productType":1,"productTypeName":"Forecast products","productDefinitionTemplate":0,"productDefinitionTemplateName":"Analysis/forecast at horizontal level/layer at a point in time","parameterCategory":2,"parameterCategoryName":"UnknownDiscipline_0_Category_2","parameterNumber":3,"parameterNumberName":"UnknownParameter_D0_C2_3","parameterUnit":"Unknown","genProcessType":2,"genProcessTypeName":"Forecast","forecastTime":60,"surface1Type":103,"surface1TypeName":"Specified height level above ground","surface1Value":10.0,"surface2Type":255,"surface2TypeName":"Missing","surface2Value":0.0,"gridDefinitionTemplate":0,"gridDefinitionTemplateName":"Latitude_Longitude","numberPoints":615,"shape":6,"shapeName":"Earth spherical with radius of 6,371,229.0 m","gridUnits":"degrees","resolution":48,"winds":"true","scanMode":64,"nx":41,"ny":15,"basicAngle":0,"lo1":47.0,"la1":41.0,"lo2":87.0,"la2":55.0,"dx":1.0,"dy":1.0}, "data":
[rows 0 to 14 of 15, columns 0 to 40 of 41]
0.090212405,-1.5097876,1.1202124,1.6502124,-1.7797875,-4.8597875,-2.0797875,-2.6397877,-1.6997876,-1.9997876,-3.5597875,-3.0297875,-2.2697875,-2.8497877,-3.0097876,-2.4697876,-2.9197876,-1.4597876,-2.9197876,-0.4797876,-3.1797876,-4.9397874,-5.9397874,-0.9497876,0.090212405,-0.3297876,-1.1197876,1.3802124,1.3802124,2.4302125,2.7202125,2.4602125,0.1502124,0.8102124,1.4802125,-0.8697876,0.090212405,0.2002124,-0.009787598,-2.4997876,1.8102124
0.5702124,1.1202124,1.2902124,0.6302124,-2.6397877,-4.3697877,-2.3097875,-2.3697877,-1.9697876,-1.7197876,-2.2697875,-2.3797877,-3.3597877,-3.8597877,-1.7997876,-3.0797875,-1.8897876,-1.5497876,-3.1397877,-3.1397877,-2.5997877,-4.3597875,-2.7797875,0.3402124,0.3202124,1.6102124,-0.7297876,2.6502123,0.2502124,2.0502124,-0.1897876,1.7202125,0.9602124,-0.1497876,-0.2697876,-0.7197876,-0.9397876,-1.0897876,-0.089787595,-1.9397876,0.9102124
1.8102124,2.3502123,0.3302124,-1.4397876,-3.8697877,-0.8897876,-3.2197876,-2.2897875,-3.2497876,-3.7397876,-0.7597876,-1.4897876,-2.9097877,-3.7997875,-3.6797876,-1.0297875,0.9002124,-1.3897876,-0.4897876,-2.5397875,-2.6197877,-3.1797876,-2.3597877,-0.0697876,-0.3097876,0.3102124,3.4502125,1.6602124,0.2602124,0.9702124,-0.2597876,-1.5797876,0.9102124,-0.9497876,-0.8497876,1.4302124,1.3202124,-1.3697876,-0.7297876,0.7902124,1.0302124
-0.3197876,-0.7197876,-2.1397877,-3.3997877,-3.9797876,-2.3197875,-3.0397875,-3.0497875,-3.4797876,-3.8497877,0.9302124,-0.8897876,-2.9997876,-4.7797875,-4.0797877,-1.9097877,-1.2297876,-1.6797876,-3.2097876,-3.7097876,-2.5797875,-0.009787598,-0.6897876,-1.0997876,-0.17978759,-0.8197876,4.9302125,0.1902124,2.0202124,0.4102124,-0.7297876,-2.1197877,-1.7997876,-0.119787596,0.8702124,-1.9897876,-0.3497876,1.9602123,-0.8097876,0.1602124,-0.0697876
0.8102124,0.7002124,-0.6697876,-1.4497876,-2.3397875,-3.1197877,-3.5697875,-1.8397876,-2.9697876,-3.5597875,-1.2897877,2.2602124,1.0102124,-2.1297877,-3.7797875,-1.1697876,-2.6897876,-1.9097877,-2.5097876,-3.3097875,-2.4997876,-0.6197876,-1.4497876,-0.7997876,-0.5297876,1.5802124,0.8302124,0.5702124,0.060212404,0.8302124,1.3102124,2.7802124,1.7802124,1.6202124,-0.039787598,-0.6797876,1.2902124,1.2602124,-0.5497876,-1.7697875,-3.0797875
3.1502123,2.2302125,2.9402125,1.9102124,0.2502124,-1.2997876,-2.3197875,-2.7297876,-1.7297876,-2.3097875,-3.3997877,0.4702124,2.7402124,1.9402124,0.4702124,-0.1997876,-0.8397876,-0.7597876,-1.8097876,-3.1797876,-3.3797877,1.8402123,-1.6197876,-2.4797876,-2.7097876,-3.3597877,1.4602123,2.8002124,0.2902124,1.5602124,4.1802125,3.3302124,3.1502123,2.9102125,2.8602123,6.1202126,3.0202124,4.2602124,0.6602124,-1.1697876,-2.2597876
2.7402124,3.5102124,3.4602125,2.9202125,1.8902124,-0.9197876,-1.2997876,-2.4697876,-2.5297875,-2.0097876,-1.8897876,-2.0497875,-2.4497876,-3.1197877,2.0702124,0.0702124,0.9102124,-0.6297876,-2.9497876,-2.2297876,-3.5197875,-1.9597876,-3.0797875,-2.5197875,-2.4697876,-1.8197876,1.1202124,2.5402124,2.5702124,3.2102125,2.4102125,2.0002124,0.5302124,1.3902124,-0.5197876,-1.0097876,-2.4997876,0.4002124,0.4202124,-0.009787598,1.3102124
-2.9697876,-1.3797876,-2.6497877,-0.089787595,-0.8797876,-0.4697876,-1.3497876,-1.3997875,-1.3197876,-1.9397876,-1.5897876,-1.3097876,-2.1297877,-1.4297876,-1.2297876,-2.1297877,2.2402124,-0.1897876,-1.4597876,-1.8697876,-2.2797875,-3.1197877,-2.4097877,-3.2297876,-2.9297876,-2.8997877,-2.5497875,-2.1597877,2.6002123,1.3202124,1.1002125,3.0202124,1.9802125,0.7102124,1.0102124,-0.4997876,-1.1097876,1.2202125,-1.5997876,-0.2597876,-2.1397877
-2.7197876,-2.4997876,-2.0697875,-1.7197876,-0.9197876,-0.7197876,-0.7797876,-0.6097876,-1.3197876,-0.99978757,-0.6797876,-1.0397877,-0.9897876,-1.7297876,0.3202124,0.7302124,1.4702125,-0.049787596,0.21021241,-1.1197876,-1.2797875,-0.6297876,-2.3597877,-1.8497876,-2.8297875,-3.7397876,-3.1497877,-1.0397877,-1.7597876,-0.17978759,-0.5297876,-0.38978758,2.4502125,1.2702124,2.6702125,2.5702124,-1.7197876,0.3102124,1.0302124,0.8802124,-2.4797876
-0.6397876,-1.4197876,-1.2397876,-1.3897876,-1.1797876,-1.0697876,-0.6897876,0.1302124,0.2602124,0.50021243,0.5302124,-0.1897876,-0.35978758,-1.1897876,-0.6397876,-1.0097876,2.9502125,2.3402123,0.030212402,1.3502125,0.7802124,0.1902124,-0.8997876,-1.5097876,-2.0997877,-2.3697877,-2.3097875,-2.4497876,-2.1397877,0.1702124,1.8002124,-0.8797876,-0.3697876,2.2502124,2.3902123,0.1502124,1.1102124,-1.8097876,1.1402124,3.4002123,3.4802125
-3.0597875,-2.9697876,-2.4797876,-2.5697875,-2.4297876,-2.1797876,-2.1297877,-1.6397876,-1.2697875,-0.6197876,-0.1597876,0.2302124,-1.1497875,-0.8797876,-0.3397876,0.7802124,0.2002124,3.2402124,2.7102125,0.9702124,-2.5297875,1.8702124,-0.4297876,-0.9197876,-1.3097876,-1.7797875,-0.5697876,0.5602124,-0.20978759,-0.5497876,-2.0897875,1.3002124,1.7202125,1.9202124,1.9702125,0.5202124,1.4202124,2.6802125,2.6802125,1.5802124,0.4002124
-1.9697876,-3.3397875,-3.1097877,-2.9897876,-2.7797875,-2.9797876,-1.4997876,-0.7197876,-0.4797876,-0.9597876,-0.3697876,-1.1197876,-1.5597876,-1.1797876,-1.4897876,-3.5597875,0.3302124,0.6602124,3.4702125,3.2102125,2.1902125,-2.0397875,-0.4397876,-0.1297876,0.9802124,-0.4697876,-1.1697876,-1.1297876,0.2802124,-1.5197875,-0.2897876,-0.35978758,0.2602124,2.6402123,2.2702124,3.0002124,2.7402124,2.5602124,1.3302124,1.3202124,1.0002124
-2.0997877,-1.6997876,-3.1197877,-2.7397876,-2.1497877,-1.8697876,-2.0797875,-1.7197876,-2.0097876,0.2802124,0.2402124,-1.0697876,-1.4697876,-1.7597876,-0.9597876,-0.9797876,-0.8397876,-1.5997876,1.5802124,1.5002124,3.1802125,1.2102123,1.2902124,1.7302125,1.1802124,0.8402124,1.3502125,0.7002124,-0.9197876,0.9602124,0.3502124,1.4302124,0.2602124,0.8302124,2.6802125,3.3202124,3.1202123,2.0502124,3.0902123,2.4002123,1.4302124
-0.8997876,-2.3597877,-3.4897876,-3.4697876,-3.5197875,-0.8897876,-1.3697876,-2.1897876,-0.2397876,-0.35978758,1.2202125,-0.009787598,-0.4497876,-0.7997876,-0.6297876,-0.8397876,-1.2997876,2.5902123,3.0102124,1.3202124,1.0202124,-0.8497876,-0.8397876,0.7702124,1.6902124,0.7702124,1.9202124,0.7802124,0.6802124,0.7102124,0.8702124,2.1202123,1.0502124,1.5802124,2.2202125,2.5002124,2.2602124,2.1702125,1.8402123,2.3902123,3.5802124
-0.4097876,-1.3697876,-2.9397876,-2.6197877,-3.0597875,-3.0897875,-1.4997876,-1.8097876,-2.4297876,-0.7897876,1.0002124,0.9702124,1.0102124,-0.2797876,-0.9797876,-1.1797876,-0.0997876,1.2902124,1.8702124,1.0102124,0.6502124,0.6602124,0.9902124,0.6802124,0.4202124,1.3602124,1.7602124,1.2502124,1.1602124,0.4202124,1.3402123,3.0602124,2.0702124,2.2102125,2.1002123,2.7802124,2.3502123,2.6802125,1.8502125,2.0902123,1.7002124
