wind_kz.json
{"header": {"discipline":0,"disciplineName":"Meteorological products","gribEdition":2,"gribLength":1025,"center":7,"centerName":"US National Weather Service - NCEP(WMC)","subcenter":0,"refTime":"2024-02-02T00:00:00.000Z","significanceOfRT":1,"significanceOfRTName":"Start of forecast","productStatus":0,"productStatusName":"Operational products","productType":1,"productTypeName":"Forecast products","productDefinitionTemplate":0,"productDefinitionTemplateName":"Analysis/forecast at horizontal level/layer at a point in time","parameterCategory":2,"parameterCategoryName":"UnknownDiscipline_0_Category_2","parameterNumber":2,"parameterNumberName":"UnknownParameter_D0_C2_2","parameterUnit":"Unknown","genProcessType":2,"genProcessTypeName":"Forecast","forecastTime":0,"surface1Type":103,"surface1TypeName":"Specified height level above ground","surface1Value":10.0,"surface2Type":255,"surface2TypeName":"Missing","surface2Value":0.0,"gridDefinitionTemplate":0,"gridDefinitionTemplateName":"Latitude_Longitude","numberPoints":615,"shape":6,"shapeName":"Earth spherical with radius of 6,371,229.0 m","gridUnits":"degrees","resolution":48,"winds":"true","scanMode":64,"nx":41,"ny":15,"basicAngle":0,"lo1":47.0,"la1":41.0,"lo2":87.0,"la2":55.0,"dx":1.0,"dy":1.0}, "data":
[rows 0 to 14 of 15, columns 0 to 40 of 41]
0.44432127,-1.6956787,1.4043213,3.3143213,2.1243212,-3.2156787,-2.8856788,-3.7856786,-3.8156786,-2.5756788,-3.3256788,-4.135679,-3.7956786,-3.5056787,-3.1756787,-2.9056787,-2.0856788,-2.2856786,-2.0456786,-2.1356788,-1.6856787,-1.0456787,-2.3556788,-2.9156787,-0.9556787,-2.3856788,-2.3656788,-0.2156787,2.0643213,0.7543213,-1.7056787,2.7943213,-0.4556787,0.31432128,0.7743213,0.6043213,0.6243213,0.64432126,-0.7456787,-0.43567872,-0.31567872
1.0343213,0.5943213,1.8143213,2.6943214,-0.4556787,-2.8256788,-1.4856787,-1.9456787,-1.8756787,-1.5856787,-1.8856788,-2.7256787,-2.4456787,-3.0156786,-1.6356788,-2.6356788,-2.8156786,-2.2056787,-0.4756787,-0.025678711,0.47432128,0.7843213,-0.3256787,-2.8656788,1.8643212,-0.3256787,-0.6556787,0.5943213,-3.0356786,-1.2656788,-0.2156787,-0.49567872,4.3243213,-1.4356787,-0.23567872,0.40432128,-0.2156787,-0.3856787,0.6043213,1.6443213,-1.3056787
0.7943213,2.3443213,2.1143212,0.31432128,0.22432129,-3.0356786,-2.8056786,-0.015678711,-1.5256788,-1.0056787,0.3043213,-0.7556787,-0.19567871,-0.7856787,-0.98567873,-0.5956787,0.1443213,0.5043213,1.5443213,1.7143213,1.1943213,1.2543213,0.6143213,4.524321,-0.8656787,-0.2656787,0.1443213,-0.23567872,-1.1156787,-0.60567874,-1.0856787,2.0343213,0.89432126,-0.9656787,-0.79567873,0.05432129,0.8543213,-0.20567872,0.8143213,0.1743213,2.2443213
2.8843212,4.8343215,3.9043212,3.8443213,2.1943214,-1.6556787,-0.8756787,1.4643213,1.3143213,0.6643213,0.8743213,1.4143213,2.4943213,2.4843214,1.4443213,1.7643213,1.4243213,2.0743213,1.7443213,2.0343213,0.82432127,0.7443213,-1.4756787,0.3643213,2.7643213,3.7543213,4.8543215,5.694321,7.194321,0.7743213,2.1443212,-0.34567872,0.7543213,-1.0056787,-2.6856787,-1.4356787,-0.3356787,2.4243212,0.8143213,1.0943213,0.8643213
3.7843213,4.4943213,2.8443213,3.0743213,2.4843214,1.1543213,0.4843213,2.2043214,1.7643213,1.7543213,1.2443213,3.6343212,5.174321,4.864321,5.214321,1.0643213,0.76432127,0.28432128,0.6343213,1.4043213,2.9443214,3.0843213,2.6543212,2.6243212,3.7343214,4.1443214,5.234321,4.8243213,6.8143215,7.2643213,3.1943214,1.4643213,-1.2156787,0.28432128,0.3243213,1.8743213,2.4243212,2.9943213,2.6943214,2.5843213,2.6343212
4.234321,3.9843214,3.6043212,3.7343214,3.3843212,3.0043213,2.3743212,1.5643213,0.76432127,2.0743213,2.0843213,1.1843213,4.8943214,5.2643213,0.2943213,-0.43567872,0.28432128,1.0643213,1.5343213,2.0343213,2.5943213,3.3243213,3.9043212,4.274321,5.7243214,5.8343215,7.864321,7.3443213,6.1843214,7.4343214,5.524321,4.714321,-1.4156787,-2.1956787,0.5443213,-3.0956788,1.9743212,1.9743212,1.7643213,0.76432127,-0.6156787
5.234321,5.044321,5.1843214,4.6443214,3.9543214,3.6043212,3.5643213,2.4043212,1.2343212,1.3943213,-0.045678712,-0.4256787,0.8143213,2.0643213,1.9443213,1.6343213,1.2543213,1.8043213,0.12432129,0.7343213,3.6343212,4.1443214,3.8943212,4.864321,6.734321,6.234321,6.904321,5.3343215,7.4343214,6.2443213,4.904321,4.424321,0.8543213,-2.6156788,-3.3956788,-1.7656788,-0.4756787,1.5443213,-1.2556787,2.0343213,0.3543213
5.4343214,5.8243213,5.444321,4.9543214,3.8643212,2.6143212,2.2043214,2.3743212,2.9643214,0.7743213,0.7943213,2.1943214,1.6343213,2.1743212,1.9243213,2.0343213,1.5343213,0.8743213,0.70432127,0.9343213,5.9943213,4.0843215,4.5843215,4.9543214,5.004321,5.194321,5.924321,3.5043213,6.8043213,6.364321,4.9743214,4.8343215,0.7843213,1.1743213,1.0643213,-0.13567871,1.2343212,2.0443213,0.7443213,-0.2956787,-0.9956787
5.8143215,6.0743213,5.4943213,4.294321,3.0843213,1.7043213,1.4843212,1.8843213,2.1243212,1.4643213,0.43432128,1.5243213,3.3743212,0.8443213,2.4943213,1.6543213,1.5143213,0.8143213,1.9743212,1.8343213,3.8243213,5.484321,4.254321,3.3743212,4.484321,4.634321,5.384321,4.5743213,4.8343215,5.6443214,4.294321,2.6943214,5.1243215,-1.0756787,-1.8956788,-1.7556787,1.0943213,1.7643213,-1.2856787,-0.05567871,-2.0056787
6.1843214,4.8043213,3.7043214,2.4943213,1.8243213,1.2443213,0.4543213,0.2043213,0.2743213,0.5943213,1.2243212,2.4643214,1.2343212,1.0643213,1.3343213,1.1343213,1.4543213,1.8143213,1.8843213,1.8643212,4.254321,5.3443213,6.4143214,4.4543214,5.1443214,4.174321,3.8443213,4.5943213,4.8243213,9.3543215,1.6543213,0.7543213,-0.66567874,0.12432129,-1.5356787,-1.3156787,-1.2556787,0.31432128,-0.9756787,-0.8156787,-1.7456787
4.114321,2.9043212,2.0843213,1.3443213,0.9843213,0.08432129,-0.3856787,0.15432128,-0.34567872,0.12432129,0.83432126,1.1843213,-0.4256787,1.7843213,1.8743213,1.1143212,1.9443213,2.5043213,1.4443213,3.2543213,3.7443213,3.3943212,4.464321,3.3143213,2.4143212,1.0943213,3.9543214,3.8143213,5.8343215,-1.2056787,-1.4656787,-1.2656788,-0.7456787,-0.8156787,-1.2356787,-2.1756787,-1.1256787,-0.3356787,-1.1756787,0.8643213,-2.0656786
2.2743213,2.4243212,1.4343213,1.0043213,0.104321286,-0.4456787,-1.3756787,-1.0256788,-1.1256787,-2.5756788,-1.8656787,1.0543213,0.8643213,1.3843213,1.6543213,1.3843213,2.0743213,2.1143212,0.9343213,2.7543213,2.7943213,3.0043213,2.5343213,1.9543213,1.1943213,1.4343213,0.34432128,0.2943213,-0.045678712,-0.9956787,-1.7456787,-1.8856788,-2.0656786,-2.5456786,-1.5756787,-1.2056787,-1.0956787,-0.43567872,0.44432127,-0.92567873,-1.0556787
2.1543212,1.2743213,0.8643213,0.6743213,-0.66567874,-1.5856787,-1.7256787,-1.7156787,-2.1456788,-2.0356786,-1.4256787,0.03432129,0.4243213,1.4743212,0.8543213,0.9243213,0.9343213,1.6043212,0.9643213,2.3243213,1.8343213,1.6843213,1.2643213,0.89432126,0.9243213,0.8843213,0.13432129,-2.0156786,-2.3856788,-2.1556787,-1.7656788,-2.1056788,-2.9856787,-2.9456787,-2.3256788,-1.9056787,-1.6856787,-1.0956787,-2.1156788,-1.5256788,-1.5656787
1.8343213,0.3843213,-0.12567872,-1.2156787,-1.8756787,-2.0656786,-1.4556787,-1.7156787,-1.5156788,-0.4856787,-1.6356788,-1.0456787,0.9843213,0.6243213,0.3343213,0.40432128,0.5943213,0.6343213,0.21432129,1.5643213,1.5643213,1.5443213,0.9943213,0.4643213,-0.1856787,-0.85567874,-1.7856787,-1.9656787,-1.9656787,-2.8856788,-3.1056788,-2.7056787,-2.6256788,-2.7556787,-3.1856787,-2.8056786,-3.0956788,-2.3256788,-2.0356786,-2.0456786,-0.8856787
0.4843213,-1.1656787,-1.5056787,-1.9056787,-1.7756788,-0.9556787,-1.8056787,-1.5256788,-1.3556787,-1.4556787,-1.3756787,-1.0856787,-0.4756787,0.6343213,0.2743213,0.5443213,0.13432129,0.2343213,0.07432129,0.82432127,0.6943213,0.2743213,-0.10567871,-1.0256788,-1.2156787,-1.9456787,-1.8156787,-2.4856787,-2.1356788,-2.5356786,-2.8456788,-2.9956787,-3.0956788,-2.8456788,-3.0056787,-2.3156786,-1.7556787,-1.6956787,-2.1756787,-1.8556787,-1.2856787
