wind_kz.json
{"header": {"discipline":0,"disciplineName":"Meteorological products","gribEdition":2,"gribLength":1102,"center":7,"centerName":"US National Weather Service - NCEP(WMC)","subcenter":0,"refTime":"2023-08-26T12:00:00.000Z","significanceOfRT":1,"significanceOfRTName":"Start of forecast","productStatus":0,"productStatusName":"Operational products","productType":1,"productTypeName":"Forecast products","productDefinitionTemplate":0,"productDefinitionTemplateName":"Analysis/forecast at horizontal level/layer at a point in time","parameterCategory":2,"parameterCategoryName":"UnknownDiscipline_0_Category_2","parameterNumber":2,"parameterNumberName":"UnknownParameter_D0_C2_2","parameterUnit":"Unknown","genProcessType":2,"genProcessTypeName":"Forecast","forecastTime":240,"surface1Type":103,"surface1TypeName":"Specified height level above ground","surface1Value":10.0,"surface2Type":255,"surface2TypeName":"Missing","surface2Value":0.0,"gridDefinitionTemplate":0,"gridDefinitionTemplateName":"Latitude_Longitude","numberPoints":615,"shape":6,"shapeName":"Earth spherical with radius of 6,371,229.0 m","gridUnits":"degrees","resolution":48,"winds":"true","scanMode":64,"nx":41,"ny":15,"basicAngle":0,"lo1":47.0,"la1":41.0,"lo2":87.0,"la2":55.0,"dx":1.0,"dy":1.0}, "data":
[rows 0 to 14 of 15, columns 0 to 40 of 41]
-2.0181932,1.1418066,-1.5381933,-6.308193,-4.4281936,-6.368193,-8.688193,-9.858193,-10.208194,-8.828194,-8.248194,-7.2981935,-6.7081933,-6.4281936,-6.2081933,-5.9881935,-6.0181932,-7.098193,-7.4581933,-7.0081935,-4.0881934,-0.96819335,1.8118067,2.7918067,2.4318066,2.5418067,3.8418067,5.3718066,7.8918066,5.2618065,6.4918065,3.5018067,-0.95819336,7.171807,3.9818068,-0.5681934,-0.12819336,-1.5681933,2.3618066,0.02180664,-1.6981933
2.4418066,-5.7081933,-13.168194,-8.898193,-7.078193,-2.0081933,-8.7381935,-8.718193,-8.658194,-8.458194,-7.078193,-7.118193,-6.788193,-6.1781936,-5.828193,-5.388193,-5.4081936,-5.9181933,-6.138193,-4.6281934,-3.1881933,-3.3181934,-0.84819335,1.5118066,2.2518067,-0.52819335,1.3118067,4.5018067,7.9518065,0.11180664,0.82180667,6.961807,2.7818067,-0.5581934,1.5318066,4.5718064,1.6818067,0.8018066,-6.3581934,1.0618067,-2.0081933
-7.1981936,-10.868194,-10.478193,-8.628193,-6.1881933,-7.7181935,-8.198194,-7.6081934,-7.7581935,-7.1481934,-6.9281936,-6.8181934,-6.5681934,-6.1081934,-5.3181934,-5.1781936,-4.6581936,-4.6081934,-4.4581933,-4.4081936,-3.1181934,-6.1481934,-4.9481936,-5.7781935,-1.9681934,-1.0981934,-0.90819335,0.21180664,4.8418064,-0.57819337,0.14180665,-2.2581933,0.6318066,-0.51819336,0.47180665,-1.0581933,0.71180665,-0.048193358,4.5218067,-0.63819337,0.89180666
-9.838193,-11.028193,-9.578194,-5.8981934,-3.8581934,-6.6881933,-5.7581935,-6.638193,-6.7381935,-6.4181933,-7.9581933,-7.4981933,-5.618193,-3.1781933,-4.2581935,-5.4881935,-3.9581933,-3.8481934,-4.3181934,-4.098193,-4.2081933,-5.4781933,-1.3181933,-1.6581933,-0.89819336,-0.05819336,1.3318067,3.6018066,2.0618067,1.3118067,2.6418066,4.861807,6.5718064,2.3718066,4.3318067,1.5618067,1.0918067,0.65180665,-0.8181934,1.3918066,-1.6081934
-9.688193,-9.538194,-6.7581935,-4.9181933,-6.5481935,-5.1881933,-5.868193,-5.9681935,-6.328193,-6.4481936,-7.2081933,-6.6281934,-4.4281936,-1.3881934,2.3718066,-3.8681934,-3.8981934,-3.4781933,-3.1281934,-2.1781933,-2.3281934,-1.6881933,-0.42819336,-0.018193359,0.09180664,3.1018066,3.1118066,0.011806641,1.7318066,3.1818066,1.4818066,2.8218067,3.3918066,1.1218066,-3.6181934,-0.12819336,5.4918065,-1.1481934,0.6218066,2.7018065,-6.0681934
-8.358193,-7.6481934,-9.378193,-9.958194,-8.298193,-4.9681935,-6.7981935,-5.888193,-5.7281933,-5.828193,-5.8181934,-4.9481936,0.05180664,0.58180666,-0.8781934,-1.5681933,-1.8381934,-1.8481934,-1.3681934,0.41180664,-0.16819336,-1.4381933,0.5518066,1.3818066,3.0018067,3.8218067,3.3918066,0.29180664,4.901807,5.441807,6.711807,3.7518067,3.8918066,5.9718065,3.7518067,0.08180664,0.57180667,3.8318067,8.641807,-5.0681934,-6.0681934
-7.2081933,-7.7081933,-7.5681934,-7.4281936,-6.0181932,-4.9781933,-5.5181932,-5.368193,-4.4681935,-3.8481934,-2.5581934,-2.2481933,-1.8581934,-2.2581933,-1.5781933,-0.78819335,-0.07819336,-0.18819337,-0.66819334,-0.34819335,-1.7681934,-0.07819336,1.6018066,1.7318066,2.6418066,4.211807,2.5718067,1.1018066,2.0718067,2.8518066,6.8318067,6.3418064,7.211807,5.2618065,6.2918067,4.7718067,3.2518067,0.67180663,3.0018067,-0.12819336,1.4818066
-6.578193,-6.848193,-6.1281934,-4.4281936,-3.8181934,-4.1681933,-3.5981934,-2.5881934,-2.4281933,-2.0581934,-1.0181934,-1.0081934,-0.91819334,0.59180665,-0.20819336,0.42180663,-0.25819337,0.03180664,-0.92819333,0.13180664,0.37180665,1.6718067,-1.2981933,1.6818067,1.4718066,0.10180664,2.7818067,2.4818068,5.901807,4.961807,5.3418064,5.5818067,4.8518066,4.0218067,4.0618067,7.211807,-5.1281934,-0.9481934,4.6818066,7.151807,4.1218066
-7.2281933,-5.2381935,-3.8081934,-2.6781933,-2.3781934,-0.8181934,-1.0281934,-0.77819335,-0.5081934,-0.79819334,-1.1681933,-0.7581934,-0.33819336,0.38180664,0.96180665,1.0018066,1.0518067,1.8918066,2.1618066,2.6218066,3.4018066,2.9018066,3.6518066,5.3118067,2.7118065,-1.7081933,1.1818067,4.461807,6.2718067,6.0618067,6.361807,6.0318065,6.8018064,4.4518065,2.7818067,3.6118066,-2.0781934,2.7718067,0.8818066,-0.38819337,2.0318067
-2.4881933,-0.90819335,0.36180663,-0.77819335,-0.34819335,0.43180665,0.31180665,0.9418066,0.40180665,1.0518067,1.3818066,1.6318066,1.0418067,2.4318066,2.4118066,2.1018066,1.8818066,2.2518067,1.7118067,1.4018066,2.7918067,3.3818066,3.1418066,6.7318068,3.4118066,2.7518067,4.211807,4.3018064,5.0518064,6.9518065,7.1818066,8.191807,6.1018066,6.5818067,1.2618066,1.8818066,-0.45819336,-1.0181934,2.6118066,1.3618066,1.4218067
-0.07819336,-0.19819336,-0.6181934,-0.5681934,0.77180666,1.9218067,1.9418067,2.2018065,2.1718066,2.2318068,2.6418066,2.6818066,2.8718066,2.8718066,3.0518067,2.2718067,2.8518066,3.2218065,-0.71819335,3.0018067,4.5118065,3.7418067,3.7618067,2.0118067,3.3218067,1.6318066,4.6818066,6.0218067,5.4518065,5.5918064,8.051806,5.9118066,3.7618067,2.1118066,2.3118067,0.121806644,-0.47819337,0.26180664,0.98180664,-0.40819335,0.90180665
-2.3381934,-1.0581933,0.0018066406,2.1618066,2.0918067,1.8018067,3.0818067,2.9018066,3.0818067,3.2418067,3.3418067,3.6018066,3.9318066,3.9818068,3.0218067,3.4818068,2.9318066,2.7418067,1.8718066,2.5118067,3.4418066,2.0318067,2.5018067,1.0218066,2.3018067,2.8818066,3.7618067,4.3518066,1.0818067,2.7118065,1.8118067,-1.1981933,-0.05819336,-0.24819335,1.2718066,-0.6981934,-4.2081933,-2.9281933,1.5818067,1.3818066,1.1118066
1.2618066,0.38180664,3.8018067,2.8818066,2.7918067,2.1818066,3.6218066,3.4218066,3.8618066,3.0818067,2.5418067,3.0318067,3.9618065,2.1418066,2.6818066,2.8918066,3.1718066,2.7818067,2.1818066,1.9318067,1.3718066,2.0118067,1.0918067,1.0718067,2.0918067,1.3418067,3.4818068,1.0718067,-5.4581933,1.7318066,1.4918066,-0.18819337,-1.7281934,0.7518066,0.33180663,-2.3081934,-5.0681934,2.7918067,4.8918066,6.2018065,0.89180666
1.8118067,2.2018065,0.73180664,3.2618067,3.4818068,3.2218065,3.1818066,3.5918067,2.8318067,2.5218067,1.8918066,1.9618067,4.131807,0.91180664,1.4218067,2.5618067,3.0418067,3.1618066,3.3118067,1.8418067,2.2418067,1.5518067,0.96180665,0.73180664,1.3518066,0.5618066,0.08180664,-0.31819335,-1.9781934,-4.4581933,-2.3881934,-2.7881935,-3.3581934,-2.0281935,-2.0381935,-0.77819335,3.0718067,3.3018067,3.0518067,2.3518066,-0.8681934
2.3418067,3.5918067,0.6918066,4.5618067,3.2618067,3.5518067,3.4418066,3.8818066,3.1018066,1.5518067,0.64180666,2.6018066,2.0818067,2.1718066,2.3018067,2.7118065,3.3918066,2.9118066,3.0918067,1.9918066,0.91180664,1.3018067,0.43180665,1.2318066,-0.03819336,0.07180664,-0.47819337,0.08180664,-0.6881934,-1.6881933,-2.3181934,-3.4781933,-2.4581933,-0.9381934,1.3618066,2.8318067,0.13180664,0.041806642,-1.9581933,-1.3281933,-0.21819335
