wind_kz.json
{"header": {"discipline":0,"disciplineName":"Meteorological products","gribEdition":2,"gribLength":871,"center":7,"centerName":"US National Weather Service - NCEP(WMC)","subcenter":0,"refTime":"2023-09-22T00:00:00.000Z","significanceOfRT":1,"significanceOfRTName":"Start of forecast","productStatus":0,"productStatusName":"Operational products","productType":1,"productTypeName":"Forecast products","productDefinitionTemplate":0,"productDefinitionTemplateName":"Analysis/forecast at horizontal level/layer at a point in time","parameterCategory":0,"parameterCategoryName":"UnknownDiscipline_0_Category_0","parameterNumber":0,"parameterNumberName":"UnknownParameter_D0_C0_0","parameterUnit":"Unknown","genProcessType":2,"genProcessTypeName":"Forecast","forecastTime":240,"surface1Type":1,"surface1TypeName":"Ground or water surface","surface1Value":0.0,"surface2Type":255,"surface2TypeName":"Missing","surface2Value":0.0,"gridDefinitionTemplate":0,"gridDefinitionTemplateName":"Latitude_Longitude","numberPoints":615,"shape":6,"shapeName":"Earth spherical with radius of 6,371,229.0 m","gridUnits":"degrees","resolution":48,"winds":"true","scanMode":64,"nx":41,"ny":15,"basicAngle":0,"lo1":47.0,"la1":41.0,"lo2":87.0,"la2":55.0,"dx":1.0,"dy":1.0}, "data":
[rows 0 to 14 of 15, columns 0 to 40 of 41]
287.38135,280.88135,287.18134,293.38135,293.68134,293.18134,291.38135,290.98135,288.88135,287.58136,287.48135,289.48135,289.58136,290.08136,288.58136,286.38135,287.28134,287.98135,285.58136,287.28134,288.48135,285.38135,283.68134,280.38135,286.18134,287.28134,285.48135,274.28134,272.18134,271.68134,271.58136,272.48135,281.18134,286.88135,287.58136,288.68134,288.88135,287.38135,286.08136,284.88135,286.48135
273.58136,284.98135,292.78134,292.98135,292.98135,291.88135,288.68134,288.28134,286.98135,287.08136,287.58136,286.88135,286.88135,286.78134,287.28134,287.18134,285.88135,288.78134,284.88135,284.78134,286.48135,286.88135,284.78134,277.88135,271.18134,268.88135,279.88135,274.68134,275.68134,268.98135,275.68134,260.78134,274.88135,253.48135,270.58136,285.48135,283.68134,286.58136,287.98135,281.48135,283.58136
286.28134,292.28134,292.98135,292.68134,290.98135,288.98135,287.98135,287.08136,285.58136,285.18134,284.68134,285.38135,284.88135,286.48135,288.08136,287.68134,286.68134,285.98135,287.58136,285.08136,285.68134,287.18134,287.88135,282.48135,283.78134,286.08136,286.98135,284.68134,282.68134,274.58136,268.18134,273.58136,279.18134,279.38135,281.68134,277.58136,270.78134,276.68134,278.08136,274.38135,271.48135
291.78134,291.58136,292.98135,291.98135,290.28134,287.68134,288.18134,286.08136,285.58136,285.08136,284.58136,285.38135,290.68134,290.08136,287.18134,286.98135,287.88135,287.28134,291.48135,284.28134,284.68134,283.48135,287.58136,289.38135,290.48135,289.58136,288.28134,286.08136,283.78134,285.28134,285.88135,282.38135,287.18134,289.08136,283.68134,283.98135,274.98135,267.98135,277.28134,282.68134,284.98135
290.58136,291.08136,291.88135,290.98135,290.08136,288.18134,288.08136,286.78134,285.98135,285.38135,285.18134,284.98135,289.38135,288.38135,286.98135,287.08136,287.18134,287.58136,286.18134,287.98135,287.38135,288.38135,286.98135,286.48135,286.88135,287.08136,285.68134,285.98135,284.58136,285.18134,286.88135,283.38135,274.98135,271.18134,276.98135,284.48135,288.88135,286.98135,288.48135,288.48135,287.38135
288.38135,288.48135,290.28134,290.78134,290.78134,290.38135,287.18134,288.38135,286.88135,286.68134,287.38135,287.28134,288.88135,289.18134,287.28134,286.28134,287.98135,287.28134,288.18134,287.28134,287.08136,287.18134,286.58136,286.78134,286.58136,283.58136,283.88135,286.88135,286.78134,285.98135,283.28134,285.18134,284.48135,282.78134,281.78134,285.38135,276.98135,278.48135,284.58136,285.98135,285.68134
286.68134,286.78134,288.18134,287.88135,287.98135,286.78134,287.78134,287.48135,287.88135,288.08136,286.68134,286.38135,286.28134,286.08136,285.98135,286.78134,286.48135,287.38135,286.98135,286.58136,285.48135,286.58136,287.28134,287.38135,286.58136,285.38135,284.98135,286.38135,285.78134,285.28134,282.88135,282.98135,283.38135,284.48135,283.58136,282.48135,279.08136,275.08136,272.98135,272.48135,281.98135
286.38135,285.28134,285.38135,287.08136,287.98135,288.08136,287.38135,286.78134,285.98135,286.38135,285.78134,285.48135,284.98135,285.88135,286.38135,286.78134,286.28134,286.68134,286.28134,284.38135,283.98135,284.08136,284.28134,284.78134,284.58136,281.88135,282.38135,283.18134,281.48135,283.38135,281.38135,281.08136,280.28134,278.78134,278.18134,279.38135,282.08136,286.28134,280.68134,281.18134,275.38135
284.78134,284.68134,285.68134,285.68134,287.08136,286.88135,285.98135,286.58136,285.98135,285.38135,284.98135,284.28134,283.68134,284.58136,284.88135,285.48135,285.28134,285.18134,284.78134,284.38135,282.48135,282.58136,283.18134,282.38135,280.68134,281.38135,279.28134,278.88135,278.58136,278.28134,279.88135,279.58136,279.88135,279.98135,278.68134,277.58136,278.38135,277.48135,269.28134,270.98135,269.38135
284.08136,285.28134,285.08136,285.38135,285.98135,286.08136,285.78134,285.48135,285.58136,283.98135,283.48135,283.58136,283.78134,284.18134,284.18134,284.58136,284.58136,283.28134,283.58136,283.58136,282.38135,282.28134,283.38135,283.38135,282.58136,281.18134,281.18134,280.88135,280.88135,281.08136,280.18134,282.78134,284.68134,284.08136,282.18134,281.28134,280.18134,274.88135,272.98135,270.58136,269.58136
284.38135,284.18134,284.58136,284.38135,284.78134,285.28134,285.58136,284.38135,284.38135,282.28134,282.78134,282.58136,283.78134,282.78134,283.78134,283.68134,284.08136,284.38135,283.08136,283.18134,282.88135,282.48135,282.58136,282.68134,282.08136,281.28134,279.98135,282.18134,282.68134,283.68134,284.78134,284.88135,284.78134,284.88135,285.68134,283.88135,279.18134,273.48135,272.08136,272.88135,271.18134
282.68134,284.08136,283.98135,283.98135,283.98135,283.68134,282.78134,282.58136,282.08136,281.88135,279.98135,281.38135,283.08136,282.48135,282.58136,282.38135,282.98135,283.18134,282.38135,282.58136,281.58136,281.78134,281.38135,281.58136,281.38135,282.08136,281.98135,282.98135,283.18134,283.48135,283.38135,283.98135,285.48135,282.98135,282.78134,281.98135,282.38135,283.38135,279.88135,279.28134,276.58136
282.68134,282.08136,283.28134,282.98135,283.98135,283.48135,281.68134,281.48135,279.48135,279.78134,278.98135,277.78134,280.98135,280.58136,281.68134,282.68134,282.88135,282.38135,282.88135,282.38135,281.58136,280.48135,280.68134,280.38135,281.98135,282.28134,283.38135,282.88135,282.98135,282.68134,283.18134,283.28134,282.88135,283.08136,282.78134,283.48135,282.18134,282.48135,282.68134,282.38135,280.98135
282.18134,283.18134,284.48135,283.78134,282.28134,282.18134,281.48135,282.08136,281.18134,280.58136,279.98135,277.68134,278.28134,280.88135,281.48135,282.18134,282.38135,281.88135,282.28134,282.48135,282.68134,282.48135,282.88135,282.68134,282.78134,282.68134,282.58136,282.28134,281.78134,281.98135,282.28134,282.08136,282.28134,281.58136,281.48135,281.28134,282.48135,281.28134,279.88135,278.98135,281.28134
283.18134,284.08136,285.58136,283.38135,282.98135,282.28134,283.28134,281.78134,281.78134,280.58136,280.78134,278.78134,280.28134,279.68134,280.98135,281.48135,281.78134,281.78134,281.98135,282.38135,282.78134,282.88135,282.58136,282.08136,282.08136,281.98135,281.68134,281.78134,281.88135,281.48135,281.58136,283.88135,281.08136,281.88135,281.48135,281.48135,283.48135,280.68134,282.58136,280.58136,280.78134
