wind_kz.json
{"header": {"discipline":0,"disciplineName":"Meteorological products","gribEdition":2,"gribLength":1025,"center":7,"centerName":"US National Weather Service - NCEP(WMC)","subcenter":0,"refTime":"2024-04-08T00:00:00.000Z","significanceOfRT":1,"significanceOfRTName":"Start of forecast","productStatus":0,"productStatusName":"Operational products","productType":1,"productTypeName":"Forecast products","productDefinitionTemplate":0,"productDefinitionTemplateName":"Analysis/forecast at horizontal level/layer at a point in time","parameterCategory":2,"parameterCategoryName":"UnknownDiscipline_0_Category_2","parameterNumber":2,"parameterNumberName":"UnknownParameter_D0_C2_2","parameterUnit":"Unknown","genProcessType":2,"genProcessTypeName":"Forecast","forecastTime":60,"surface1Type":103,"surface1TypeName":"Specified height level above ground","surface1Value":10.0,"surface2Type":255,"surface2TypeName":"Missing","surface2Value":0.0,"gridDefinitionTemplate":0,"gridDefinitionTemplateName":"Latitude_Longitude","numberPoints":615,"shape":6,"shapeName":"Earth spherical with radius of 6,371,229.0 m","gridUnits":"degrees","resolution":48,"winds":"true","scanMode":64,"nx":41,"ny":15,"basicAngle":0,"lo1":47.0,"la1":41.0,"lo2":87.0,"la2":55.0,"dx":1.0,"dy":1.0}, "data":
[rows 0 to 14 of 15, columns 0 to 40 of 41]
1.7511896,-0.8788104,1.1811895,-5.3788104,0.22118957,3.9311895,-4.9488106,-7.6688104,-8.39881,-7.2288103,-7.2788105,-6.4388103,-6.32881,-5.6988106,-5.4588103,-4.7988105,-4.9388103,-6.5288105,-6.6488104,-6.5488105,-3.9288104,-1.7188104,0.8711896,1.7411896,-1.4188104,1.2111896,1.9011896,2.1011896,3.1311896,1.5411896,1.3411896,1.4111896,1.9011896,-4.1388106,-3.4188104,-2.1788104,-1.4288105,-1.0588105,1.5011896,3.2211895,4.94119
-0.6088104,-1.1788105,-4.1188107,-6.4988103,-1.8988104,-0.24881043,-5.2488103,-5.8588104,-7.07881,-6.7588105,-6.1788106,-5.3788104,-5.3388104,-4.9488106,-4.5388103,-3.8588104,-4.1888103,-5.1988106,-4.82881,-4.0288105,-2.7488105,-2.2388105,-1.2488104,-2.9888105,0.021189576,0.7711896,-0.37881044,1.6411896,-0.058810424,-0.31881043,0.59118956,0.43118957,0.5211896,-1.0388104,0.21118957,-3.7388105,-0.9188104,-1.3288105,1.1211896,-1.6688104,6.1811895
-1.5088104,-5.4388103,-7.6788106,-6.0388103,-3.8488104,-4.34881,-5.0188103,-5.5388103,-5.2888103,-5.6988106,-5.9888105,-4.9888105,-4.9988103,-4.4788103,-3.4988105,-2.9888105,-3.1188104,-2.8888104,-2.5188105,-1.7488104,-1.3288105,-0.6988104,-1.3788104,-1.1988105,-0.77881044,-0.008810425,-0.8188104,-0.058810424,3.0811896,0.38118958,1.2611896,-1.1388104,-0.24881043,3.1911895,-3.9988105,0.53118956,0.7611896,-0.8888104,4.9711895,4.92119,2.1111896
-7.5488105,-7.4388103,-6.32881,-3.5988104,2.0011895,-3.8288105,-2.9088104,-4.0388103,-4.2488103,-4.1388106,-3.9688103,-4.7288103,-4.1988106,-2.0388105,-1.1588104,-1.5588105,-1.5788105,-1.2788104,-0.34881043,-0.57881045,-0.048810426,-1.8388104,-1.0688105,-0.12881042,1.0211896,1.8611896,2.2711897,2.8811896,5.0211897,3.2711897,-0.29881042,2.4211895,3.9211895,2.0411897,1.6511896,1.9711896,-0.7988104,2.5511897,-0.65881044,-1.0088104,0.43118957
-7.59881,-6.30881,-4.6888103,-2.8388104,-1.6088104,-2.1588104,-2.6088104,-2.1788104,-2.0888104,-1.0788105,-0.20881042,-3.4388103,0.67118955,2.4011896,3.0811896,4.1211896,2.6011896,2.7211895,2.5011895,2.3211896,2.5911896,2.6811895,2.4711895,2.8511896,2.9511895,3.1811895,4.0511894,0.84118956,3.4011896,4.3611894,5.8211894,4.1311893,0.12118957,2.8411896,-3.0988104,-0.15881042,1.8011895,-2.2288103,-1.7488104,0.8211896,2.1011896
-5.9088106,-4.2088103,-3.3588104,-3.4988105,-3.2088103,-1.7588104,2.6811895,1.0411896,0.48118958,0.8111896,2.0511897,2.8611896,1.8011895,2.3511896,3.4811895,4.7111897,4.15119,5.0111895,5.2511897,5.1111894,5.7811894,5.9111896,5.90119,4.9511895,5.8211894,6.3311896,7.4311895,1.6911895,5.2111897,5.69119,5.4311895,6.6011896,5.5011897,6.2911897,2.2611895,2.0111895,2.3111897,5.0111895,9.9711895,8.41119,9.02119
-3.2988105,-1.7188104,-0.18881042,0.9311896,0.71118957,3.5711896,3.8411896,2.9811895,3.3311896,3.6911895,3.8811896,4.5911894,4.5511894,5.15119,5.1811895,5.2311897,5.8611894,6.0111895,6.6311893,5.9511895,5.5311894,5.0011897,2.8711896,2.8111897,4.4311895,5.2611895,7.6611896,9.371189,6.5811896,4.3511896,5.7011895,7.2811894,7.0211897,6.7211895,5.9311895,1.7211896,-0.8788104,2.5411897,3.0311897,-1.5688105,0.5111896
1.1411896,2.3711896,2.9811895,3.3111897,3.4511895,3.6911895,4.3011894,4.4711895,5.15119,5.7411895,6.2811894,6.6011896,6.7211895,7.2311897,1.6311896,3.5511897,3.4811895,3.0911896,1.4811896,2.5811896,4.7811894,5.3211894,6.9311895,6.9311895,6.0211897,6.44119,7.1011896,7.7811894,7.8811893,7.2411895,6.7611895,7.3111897,6.8111897,5.2111897,4.7411895,6.6811895,5.4811897,-1.9388105,2.0611897,7.0211897,3.3611896
3.7611895,4.3811893,5.0211897,5.5411897,5.7211895,5.9111896,6.4811897,6.8011894,7.0911894,7.6111894,7.8111897,7.40119,7.1811895,-1.2988105,2.3311896,3.4011896,3.7111895,2.2211895,3.6411896,5.4711895,6.3311896,5.8511896,5.7111897,4.8311896,4.6011896,4.9511895,5.4111896,6.5711894,6.9111896,7.3811893,7.4611897,7.69119,7.2511897,6.7411895,4.6011896,4.15119,0.42118958,2.1311896,1.2211896,1.2511896,1.2611896
4.3611894,5.1111894,5.5011897,5.9111896,6.40119,6.40119,5.1411896,4.8111897,5.2011895,6.44119,6.65119,6.5511894,4.17119,1.9611896,1.8811896,3.5511897,5.3811893,2.3611896,3.7111895,4.2011895,5.9911895,5.65119,2.5611897,2.4611895,3.7911897,4.9111896,5.2011895,6.7611895,8.121189,9.16119,8.49119,8.301189,5.8611894,3.2611895,2.2011895,1.5211896,1.1411896,-0.41881043,1.6411896,1.4911896,1.2611896
0.5711896,-0.08881042,-0.038810425,0.021189576,-0.40881044,0.21118957,-2.6988103,-2.1788104,-1.5188104,-1.7788104,-1.3588104,0.20118958,1.3911896,3.1111896,5.3011894,0.37118956,0.97118956,2.0211897,2.3211896,3.3111897,3.7211895,1.5911896,3.1411896,3.6711895,3.8411896,3.7511895,6.19119,5.0711894,7.7011895,6.7611895,7.0611897,3.6011896,6.2411895,2.4511895,2.8211896,2.5611897,-0.16881043,0.27118957,2.4311895,2.4011896,1.2111896
-1.6088104,-1.1188104,-1.6388104,-3.0088105,-1.0188104,-0.18881042,1.1211896,2.0711896,1.9711896,2.1911895,2.4311895,3.9711895,2.9811895,3.1911895,2.3711896,3.2611895,1.0911896,1.6911895,1.9811896,3.1211896,2.6011896,1.6111896,3.6411896,4.7911897,3.2711897,3.5111895,4.92119,6.4811897,5.0511894,6.3111897,1.8811896,4.0711894,3.1311896,2.5911896,2.9111896,3.8111897,4.5511894,4.0611897,4.0711894,1.1511896,-0.018810425
-1.9788104,-2.5888104,-0.31881043,0.6211896,-0.15881042,0.5711896,1.1911895,0.97118956,3.0411897,1.1011896,2.6411896,4.19119,3.5711896,3.7711897,3.0711896,-2.5088105,1.8211895,0.78118956,1.1911895,2.1811895,2.6811895,2.5711896,2.4211895,4.2711897,3.4811895,3.6711895,4.8711896,3.8911896,1.6811895,2.3211896,0.6111896,1.0211896,0.46118957,0.35118958,1.0511895,2.0411897,0.21118957,0.8711896,1.8211895,1.2811896,1.6411896
-2.1888103,-2.8888104,-0.9488104,-0.9388104,-0.6988104,-0.71881044,-1.7088104,-0.12881042,-0.08881042,1.1311896,1.9411895,2.2211895,-2.4188104,-3.5088105,-2.9488103,-1.4888104,0.9411896,0.90118957,0.9311896,1.3911896,2.4311895,2.5911896,3.4011896,2.8311896,3.5411897,2.7811897,1.1311896,1.7411896,1.8211895,-1.3988104,-1.2188104,-1.4288105,-1.1588104,-0.35881042,-0.13881043,0.031189576,0.7711896,0.27118957,1.1911895,1.6111896,2.0811896
-1.0288104,-1.3088105,-2.8788104,-1.6288104,-0.95881045,-1.7588104,-1.2788104,-1.0688105,-0.28881043,-0.6988104,-2.0888104,-1.5788105,0.39118958,1.8111895,-0.39881042,-0.13881043,-0.9788104,-0.48881042,-0.028810425,0.4711896,1.4611896,2.2511895,2.4111896,1.2711896,0.7511896,0.6411896,0.21118957,-1.6388104,-2.2588105,-2.8488104,-3.1088104,-2.7488105,-2.5788105,-1.3688104,-1.0488105,1.3311896,1.9211895,2.6011896,1.6911895,2.4211895,1.5111896
