wind.json
{"header": {"discipline":0,"disciplineName":"Meteorological products","gribEdition":2,"gribLength":953,"center":7,"centerName":"US National Weather Service - NCEP(WMC)","subcenter":0,"refTime":"2023-05-30T06:00:00.000Z","significanceOfRT":1,"significanceOfRTName":"Start of forecast","productStatus":0,"productStatusName":"Operational products","productType":1,"productTypeName":"Forecast products","productDefinitionTemplate":0,"productDefinitionTemplateName":"Analysis/forecast at horizontal level/layer at a point in time","parameterCategory":0,"parameterCategoryName":"UnknownDiscipline_0_Category_0","parameterNumber":0,"parameterNumberName":"UnknownParameter_D0_C0_0","parameterUnit":"Unknown","genProcessType":2,"genProcessTypeName":"Forecast","forecastTime":180,"surface1Type":1,"surface1TypeName":"Ground or water surface","surface1Value":0.0,"surface2Type":255,"surface2TypeName":"Missing","surface2Value":0.0,"gridDefinitionTemplate":0,"gridDefinitionTemplateName":"Latitude_Longitude","numberPoints":688,"shape":6,"shapeName":"Earth spherical with radius of 6,371,229.0 m","gridUnits":"degrees","resolution":48,"winds":"true","scanMode":64,"nx":43,"ny":16,"basicAngle":0,"lo1":45.0,"la1":40.0,"lo2":87.0,"la2":55.0,"dx":1.0,"dy":1.0}, "data":
[rows 0 to 15 of 16, columns 0 to 42 of 43]
281.59805,279.59805,292.89804,297.09805,297.59805,293.99805,292.79803,292.39804,298.59805,299.09805,301.49805,299.69806,305.49805,306.39804,305.69806,304.29803,305.59805,304.59805,303.19806,301.59805,301.09805,298.49805,295.39804,297.79803,295.69806,291.19806,291.39804,284.09805,280.19806,277.49805,281.29803,293.09805,296.69806,297.19806,297.99805,299.99805,301.19806,298.89804,300.69806,300.89804,301.49805,300.99805,298.79803
286.19806,296.39804,294.29803,286.49805,286.09805,291.39804,291.59805,291.39804,294.49805,301.29803,301.49805,306.79803,305.29803,306.59805,305.79803,305.99805,305.09805,300.89804,303.59805,302.19806,301.59805,300.39804,304.29803,300.69806,296.29803,292.29803,297.29803,297.59805,290.79803,277.79803,278.59805,277.49805,279.69806,276.39804,292.59805,298.99805,300.19806,297.49805,297.69806,298.89804,300.39804,300.39804,298.19806
287.79803,283.49805,273.69806,285.29803,290.99805,291.39804,290.99805,290.69806,299.89804,301.79803,303.19806,304.09805,306.49805,303.69806,306.19806,304.89804,302.99805,301.69806,301.69806,301.39804,301.69806,299.79803,305.19806,301.19806,295.29803,285.19806,271.69806,276.19806,285.89804,280.89804,282.19806,276.99805,283.39804,273.19806,283.29803,259.39804,277.89804,295.79803,294.39804,296.49805,300.79803,292.19806,283.39804
283.69806,286.99805,288.29803,291.89804,290.79803,290.79803,290.69806,297.39804,297.49805,298.19806,300.29803,302.49805,304.49805,304.09805,302.79803,303.89804,303.09805,300.89804,300.39804,299.29803,300.09805,300.39804,304.09805,300.19806,297.39804,291.79803,293.29803,290.99805,288.79803,293.69806,291.09805,282.49805,275.79803,276.99805,283.29803,282.79803,282.89804,283.99805,277.09805,279.49805,281.69806,278.39804,275.39804
290.69806,292.49805,289.89804,293.49805,291.69806,291.49805,292.09805,294.39804,295.19806,297.29803,297.89804,299.19806,302.69806,302.39804,292.19806,291.99805,301.69806,302.39804,302.09805,300.39804,299.39804,299.69806,296.29803,293.79803,299.99805,297.59805,300.29803,300.29803,299.09805,296.19806,292.49805,291.99805,292.39804,294.39804,298.49805,293.49805,290.39804,289.39804,276.29803,274.39804,282.09805,290.09805,294.79803
289.99805,292.89804,291.79803,295.19806,294.49805,294.89804,294.79803,292.69806,294.79803,295.59805,297.09805,299.29803,301.39804,303.29803,292.99805,292.49805,290.09805,301.79803,303.09805,302.49805,295.29803,302.79803,302.89804,303.09805,299.89804,300.79803,299.79803,300.29803,297.89804,295.29803,298.59805,294.49805,299.09805,292.89804,281.49805,273.29803,283.89804,295.09805,295.29803,299.29803,298.99805,299.09805,300.09805
291.29803,293.49805,291.79803,289.99805,295.59805,294.99805,294.89804,294.99805,291.99805,295.69806,295.39804,296.99805,301.09805,300.99805,292.99805,292.09805,295.79803,300.29803,304.99805,303.09805,302.39804,304.09805,301.19806,301.89804,300.79803,299.79803,300.09805,299.19806,299.89804,290.29803,300.39804,301.39804,298.49805,298.99805,295.79803,293.39804,290.69806,290.79803,285.29803,286.99805,295.69806,295.89804,299.09805
291.59805,291.29803,289.59805,291.49805,294.49805,294.19806,293.79803,292.79803,292.79803,291.49805,293.99805,296.39804,297.19806,300.79803,302.59805,303.29803,301.39804,302.89804,301.99805,303.19806,302.09805,298.29803,297.19806,299.69806,300.69806,300.29803,297.99805,298.59805,299.19806,301.39804,298.89804,299.79803,300.79803,297.99805,298.09805,294.99805,290.79803,290.99805,287.19806,283.89804,280.19806,282.29803,294.79803
289.69806,289.49805,291.49805,290.09805,295.79803,293.39804,293.49805,292.19806,292.69806,290.29803,290.29803,294.89804,294.79803,297.69806,298.79803,300.39804,300.19806,301.19806,302.29803,301.19806,301.19806,295.59805,295.39804,298.19806,298.39804,299.89804,294.69806,291.19806,294.99805,297.99805,294.89804,297.89804,293.79803,294.69806,293.59805,287.79803,286.49805,290.59805,292.39804,285.89804,292.39804,293.49805,289.69806
287.39804,289.89804,289.29803,289.59805,289.99805,288.59805,292.49805,291.09805,289.89804,291.69806,292.79803,293.39804,294.39804,294.49805,295.89804,297.89804,297.39804,299.59805,301.19806,300.89804,299.69806,297.39804,293.89804,294.09805,296.59805,294.69806,293.59805,295.69806,291.09805,292.39804,290.39804,289.99805,291.09805,288.89804,289.99805,291.59805,291.09805,287.59805,288.49805,288.19806,277.09805,280.19806,279.29803
288.99805,286.99805,286.99805,287.89804,287.19806,286.99805,287.89804,288.49805,290.39804,288.29803,291.59805,290.79803,291.09805,290.79803,291.39804,294.69806,296.59805,297.29803,297.29803,298.29803,298.09805,295.99805,296.49805,296.49805,297.09805,296.49805,297.69806,295.99805,294.19806,295.59805,294.79803,291.89804,291.59805,298.19806,294.39804,298.09805,291.89804,290.99805,289.29803,284.59805,280.09805,279.49805,280.89804
287.09805,285.79803,285.79803,286.69806,285.79803,285.69806,285.69806,286.89804,289.09805,287.79803,288.09805,288.59805,288.19806,287.69806,293.29803,294.49805,294.49805,295.29803,297.09805,297.49805,298.09805,299.09805,297.39804,297.79803,298.99805,296.59805,295.09805,296.29803,293.79803,296.49805,295.69806,296.89804,297.59805,295.89804,293.59805,295.39804,294.89804,290.59805,286.09805,282.89804,282.39804,282.89804,281.29803
286.59805,287.09805,286.89804,284.49805,284.49805,284.59805,284.19806,284.19806,284.29803,285.99805,287.99805,287.49805,284.19806,290.79803,293.29803,293.09805,292.29803,292.19806,293.29803,294.09805,294.89804,297.39804,297.09805,297.89804,295.69806,295.39804,294.19806,295.09805,296.99805,294.49805,297.89804,299.39804,296.89804,296.09805,296.59805,296.69806,294.09805,292.89804,292.09805,290.39804,290.39804,288.99805,286.49805
285.49805,285.79803,284.89804,281.69806,283.29803,287.19806,284.29803,283.99805,282.89804,283.49805,283.69806,284.89804,283.19806,285.29803,287.39804,287.19806,289.29803,290.29803,290.89804,290.59805,291.29803,292.79803,294.89804,290.79803,291.49805,295.49805,293.29803,294.09805,295.49805,295.19806,293.89804,295.29803,296.49805,297.79803,295.69806,295.09805,297.19806,293.59805,292.39804,292.69806,290.89804,290.39804,290.69806
282.99805,282.69806,284.69806,286.29803,285.39804,284.69806,282.49805,281.89804,282.19806,281.89804,281.89804,281.69806,280.49805,280.89804,282.39804,284.69806,286.09805,287.89804,288.59805,288.79803,289.99805,291.29803,292.79803,293.49805,293.39804,293.79803,293.19806,293.29803,293.59805,293.19806,294.29803,292.39804,295.99805,293.19806,293.29803,294.09805,293.59805,291.59805,292.49805,291.39804,290.99805,291.79803,289.89804
282.19806,282.99805,282.69806,283.59805,285.09805,282.09805,282.09805,282.29803,282.09805,280.29803,281.99805,281.99805,282.19806,280.09805,280.49805,281.19806,283.09805,284.69806,284.99805,286.49805,288.29803,289.09805,288.09805,289.99805,289.39804,288.89804,289.89804,291.19806,293.49805,292.19806,293.19806,292.49805,293.19806,287.19806,291.79803,293.99805,294.39804,292.59805,292.19806,289.99805,290.79803,291.19806,291.19806
