wind_kz.json
{"header": {"discipline":0,"disciplineName":"Meteorological products","gribEdition":2,"gribLength":1025,"center":7,"centerName":"US National Weather Service - NCEP(WMC)","subcenter":0,"refTime":"2023-08-27T12:00:00.000Z","significanceOfRT":1,"significanceOfRTName":"Start of forecast","productStatus":0,"productStatusName":"Operational products","productType":1,"productTypeName":"Forecast products","productDefinitionTemplate":0,"productDefinitionTemplateName":"Analysis/forecast at horizontal level/layer at a point in time","parameterCategory":2,"parameterCategoryName":"UnknownDiscipline_0_Category_2","parameterNumber":3,"parameterNumberName":"UnknownParameter_D0_C2_3","parameterUnit":"Unknown","genProcessType":2,"genProcessTypeName":"Forecast","forecastTime":300,"surface1Type":103,"surface1TypeName":"Specified height level above ground","surface1Value":10.0,"surface2Type":255,"surface2TypeName":"Missing","surface2Value":0.0,"gridDefinitionTemplate":0,"gridDefinitionTemplateName":"Latitude_Longitude","numberPoints":615,"shape":6,"shapeName":"Earth spherical with radius of 6,371,229.0 m","gridUnits":"degrees","resolution":48,"winds":"true","scanMode":64,"nx":41,"ny":15,"basicAngle":0,"lo1":47.0,"la1":41.0,"lo2":87.0,"la2":55.0,"dx":1.0,"dy":1.0}, "data":
[rows 0 to 14 of 15, columns 0 to 40 of 41]
7.739258E-4,-2.099226,3.680774,5.380774,6.130774,3.750774,1.9107739,1.3707739,-0.40922606,-0.77922606,-3.059226,-2.1892262,-2.6992261,-3.869226,-4.389226,-4.149226,-4.609226,-4.459226,-4.719226,-1.7392261,-1.3892261,-2.129226,0.040773924,0.21077393,-0.6792261,1.800774,-1.789226,1.200774,-0.9492261,-1.9692261,0.050773926,-2.9692261,-2.789226,-3.4092262,0.020773925,-3.379226,-2.6992261,0.020773925,3.5307739,0.83077395,0.030773927
4.770774,2.150774,5.920774,7.010774,6.130774,5.300774,-0.22922607,1.930774,-0.23922607,-1.2592261,-1.429226,-2.849226,-2.849226,-3.019226,-4.499226,-4.359226,-3.9592261,-5.189226,-7.639226,-5.759226,-4.0892262,-3.319226,-1.549226,1.430774,-0.29922608,0.4307739,-2.019226,0.27077392,-0.64922607,1.4907739,0.97077394,0.15077393,-0.14922607,-2.4592261,-0.46922606,-1.0892261,-2.1692262,-4.609226,-1.1292261,-2.529226,-0.059226073
2.440774,4.2207737,4.1607738,7.650774,6.360774,2.7807739,2.0307739,1.1007739,1.3607739,-0.14922607,-1.6192261,-1.289226,-1.9592261,-3.2092261,-3.569226,-3.839226,-3.539226,-3.9092262,-5.079226,-6.5292263,-3.609226,-2.779226,-7.509226,-1.7692261,-1.2192261,0.07077393,-1.2292261,0.44077393,-0.06922607,0.25077394,0.70077395,-1.679226,-1.0192261,-1.679226,0.030773927,0.65077394,-1.8692261,-0.8192261,0.6107739,-1.1492261,0.90077394
2.0607738,3.5507739,6.340774,6.1607738,3.990774,5.100774,5.2007737,2.620774,2.470774,0.89077395,-0.49922606,-0.65922606,-2.739226,-4.179226,-3.629226,-3.9592261,-3.259226,-3.749226,-4.789226,-6.769226,-6.769226,-3.4192262,-1.6092261,-3.539226,-3.859226,-3.6892262,-4.229226,-3.729226,-2.4592261,-2.029226,-1.0892261,-1.9892261,1.820774,4.860774,-1.299226,-1.549226,0.83077395,2.490774,0.7307739,1.2207739,1.0207739
1.1007739,2.0307739,3.950774,4.710774,4.240774,3.620774,3.5707738,4.070774,3.3507738,1.180774,0.16077393,0.020773925,-1.8592261,-3.839226,-5.289226,-4.009226,-3.1892262,-2.879226,-3.4492261,-4.639226,-4.669226,-3.589226,-3.4192262,-3.2192261,-3.349226,-4.039226,-4.8392262,-4.859226,-3.519226,-3.6492262,-3.519226,-2.119226,2.3507738,0.7507739,-0.5092261,-1.949226,-7.459226,1.2407739,0.65077394,0.8607739,-2.6892262
-0.6892261,-0.28922608,3.5707738,4.9707737,6.510774,7.250774,4.000774,4.030774,2.950774,1.2507739,-0.39922607,-1.289226,-2.499226,-3.109226,-3.539226,-3.8992262,-3.279226,-2.579226,-2.979226,-3.509226,-4.0692263,-3.359226,-2.7092261,-3.039226,-3.1992261,-3.549226,-4.559226,-6.329226,-4.5692263,-4.7792263,-4.619226,-5.099226,-5.579226,-2.2092261,2.7907739,-4.5292263,-0.84922606,-1.679226,-2.1692262,3.720774,-6.939226
-0.60922605,-0.07922608,2.380774,4.020774,5.540774,3.650774,3.400774,2.8307738,2.0907738,1.830774,1.0007739,0.030773927,-0.6192261,-2.1892262,-2.619226,-3.1792262,-3.1992261,-2.609226,-2.109226,-2.229226,-3.509226,-3.519226,-3.379226,-3.229226,-2.749226,-2.999226,-4.449226,-4.519226,-5.759226,-5.8392262,-6.769226,-8.359226,-7.019226,-9.029226,-1.0292261,-0.83922607,-1.6092261,-1.9692261,-1.0992261,0.060773924,-6.2992263
0.28077394,0.7307739,1.3407739,2.8407738,4.020774,4.550774,3.5807738,3.0307739,2.7807739,1.920774,1.9107739,1.560774,0.38077393,-0.36922607,-1.6292261,-1.819226,-2.1592262,-2.2092261,-1.7292261,-0.16922608,-1.8592261,-2.349226,-3.069226,-2.9292262,-2.489226,-1.289226,-1.6392261,-2.519226,-2.6892262,-5.309226,-4.639226,-5.5692263,-6.159226,-6.459226,-2.9492261,-4.379226,-3.4692261,3.390774,-0.26922607,2.240774,-0.9892261
1.3707739,1.7607739,2.870774,4.060774,4.350774,3.8107738,3.8507738,3.220774,2.880774,3.220774,2.700774,2.0607738,1.430774,1.2907739,0.8807739,-0.28922608,-1.1592261,-1.2592261,-1.309226,-0.53922606,0.9907739,-0.039226074,-1.2592261,-1.4892261,-2.039226,-1.819226,-0.6792261,-1.2192261,-1.2592261,-2.059226,-3.6892262,-4.889226,-6.449226,-5.359226,-2.4192262,-2.9492261,-3.6592262,-2.569226,2.8507738,0.78077394,1.440774
2.120774,2.120774,1.6207739,1.8907739,3.460774,3.480774,3.870774,3.720774,3.870774,3.470774,3.5607738,2.930774,2.200774,1.7907739,1.440774,0.9907739,1.050774,0.59077394,0.58077395,0.47077394,0.6707739,2.520774,1.070774,0.95077395,0.060773924,-0.46922606,-1.3792261,-0.6792261,-1.1292261,-1.6592261,-1.699226,-2.9492261,-4.389226,-4.129226,-2.4092262,-0.7092261,-0.60922605,-0.72922605,1.1207739,1.2807739,0.7307739
2.5607738,2.730774,2.650774,1.320774,1.1607739,3.200774,3.7907739,3.380774,3.480774,2.960774,3.3507738,2.7907739,2.460774,2.410774,1.4707739,1.7207739,1.8707739,1.5107739,1.710774,1.4907739,1.8507739,2.250774,1.2407739,1.3407739,1.2807739,0.7607739,1.1107739,-0.45922607,-0.5092261,-0.8092261,-1.919226,-2.2192261,-2.529226,-1.9592261,-2.249226,-2.049226,-1.2092261,-1.189226,-1.319226,-1.2792261,-1.289226
0.71077394,2.0907738,2.8007739,3.130774,2.8307738,1.800774,1.2507739,2.110774,1.920774,2.180774,2.3307738,0.8007739,1.180774,1.960774,1.2607739,2.430774,3.000774,2.8407738,2.760774,2.380774,2.3407738,1.940774,1.430774,1.2607739,1.0107739,0.7907739,1.430774,0.91077393,1.2907739,0.49077392,0.6707739,-0.97922605,-1.039226,-0.96922606,-0.58922607,0.030773927,0.25077394,-0.059226073,0.3707739,-0.18922608,0.5607739
1.8907739,1.570774,2.650774,1.9907739,2.0607738,1.2907739,1.5207739,2.3207738,2.690774,1.930774,1.440774,0.4307739,1.1107739,0.5007739,0.58077395,0.48077393,1.5107739,2.8407738,3.690774,3.400774,3.660774,3.380774,2.7807739,2.260774,1.670774,1.8607739,1.7607739,1.450774,1.670774,0.3707739,-0.22922607,-0.33922607,0.41077393,-1.0892261,-1.199226,0.65077394,0.3707739,0.27077392,-0.49922606,-0.16922608,0.34077394
1.6107739,2.130774,2.000774,3.0407739,1.9707739,2.1007738,2.5507739,2.930774,2.610774,3.3307738,2.370774,0.7607739,-0.039226074,0.89077395,0.7507739,0.8607739,0.66077393,2.130774,2.760774,3.140774,3.420774,3.770774,3.3207738,2.870774,2.640774,2.120774,2.0307739,1.7207739,2.0407739,2.3507738,1.2807739,-0.39922607,0.19077392,0.7907739,0.030773927,-0.78922606,1.4107739,0.66077393,0.48077393,0.3707739,0.35077393
1.1107739,1.0107739,0.9207739,2.660774,2.450774,2.020774,1.710774,2.690774,2.3107738,2.200774,1.8607739,2.380774,2.520774,0.33077392,0.8807739,1.570774,1.7307739,1.6307739,2.660774,2.740774,3.0507739,3.410774,3.3507738,3.260774,3.230774,3.400774,3.430774,2.940774,3.120774,2.970774,2.200774,0.12077393,0.38077393,0.7507739,0.9807739,0.95077395,0.7907739,1.0307739,1.2807739,0.66077393,0.6207739
