wind.json
{"header": {"discipline":0,"disciplineName":"Meteorological products","gribEdition":2,"gribLength":1211,"center":7,"centerName":"US National Weather Service - NCEP(WMC)","subcenter":0,"refTime":"2023-06-29T18:00:00.000Z","significanceOfRT":1,"significanceOfRTName":"Start of forecast","productStatus":0,"productStatusName":"Operational products","productType":1,"productTypeName":"Forecast products","productDefinitionTemplate":0,"productDefinitionTemplateName":"Analysis/forecast at horizontal level/layer at a point in time","parameterCategory":2,"parameterCategoryName":"UnknownDiscipline_0_Category_2","parameterNumber":3,"parameterNumberName":"UnknownParameter_D0_C2_3","parameterUnit":"Unknown","genProcessType":2,"genProcessTypeName":"Forecast","forecastTime":240,"surface1Type":103,"surface1TypeName":"Specified height level above ground","surface1Value":10.0,"surface2Type":255,"surface2TypeName":"Missing","surface2Value":0.0,"gridDefinitionTemplate":0,"gridDefinitionTemplateName":"Latitude_Longitude","numberPoints":688,"shape":6,"shapeName":"Earth spherical with radius of 6,371,229.0 m","gridUnits":"degrees","resolution":48,"winds":"true","scanMode":64,"nx":43,"ny":16,"basicAngle":0,"lo1":45.0,"la1":40.0,"lo2":87.0,"la2":55.0,"dx":1.0,"dy":1.0}, "data":
[rows 0 to 15 of 16, columns 0 to 42 of 43]
-4.5437427,-1.4137427,1.0562574,2.6262574,-0.49374267,-1.2937427,-2.5137427,-3.5637426,-6.6837425,0.43625733,-1.4837427,-2.2637427,-4.2337427,-4.903743,-3.4537427,-2.8737426,-3.7937427,-5.8937426,-5.4737425,-4.0437427,-2.5737426,-2.1037426,-2.3137426,1.9562573,1.3762573,1.8262573,2.1062574,0.9162573,1.1962574,-0.6937427,-1.3837427,-3.1937428,-1.0337427,-0.67374265,-1.6937426,-4.4337425,-3.2437427,-3.5337427,-4.9537425,-3.8537426,-1.4837427,-2.4537427,-2.3037426
1.7862573,1.1862574,0.5062573,-3.1037426,1.8762573,-3.3637426,-2.8237426,-5.633743,-6.4537425,-3.0337427,-0.9537427,-0.80374265,-4.5637426,-5.2037425,-6.0837426,-8.143743,-6.2437425,-7.6237426,-6.533743,-10.193743,-4.5437427,-2.2937427,-4.4837427,-3.9437428,-1.1737427,-0.48374268,-2.7837427,-2.0737426,-0.9937427,0.77625734,1.5462574,2.7562573,-1.7437427,-1.4337426,1.5862573,-1.5737426,-1.5337427,-3.3437426,-4.0137424,-2.2037427,-4.053743,-3.2437427,-2.5737426
0.5562573,-2.6237426,2.9562573,0.65625733,1.3062574,-1.4737427,-4.5237427,-4.9537425,-6.3537426,-1.9837427,1.7562573,-2.0837426,-2.2337427,-3.3437426,-4.6237426,-6.633743,-6.3937426,-4.823743,-5.553743,6.7362576,-1.9537426,-4.0837426,-2.9237428,-2.8737426,0.10625733,1.8962573,-0.28374267,-0.7137427,-1.9037427,2.0262573,-0.54374266,-0.12374268,1.4062573,1.6862574,-1.7337427,-2.8837426,-4.7037425,-4.573743,-4.173743,-6.0437427,-4.9137425,-2.6337426,1.3462573
3.6262574,2.6462574,2.5462573,1.1462573,1.1562573,-3.5037427,-5.5237427,-5.3937426,-6.2037425,2.1562574,0.82625735,-0.8337427,-1.4037427,-2.6937428,-3.9237428,-3.8637426,-3.4037428,-2.3437426,-1.6037427,-4.9337425,-5.903743,-0.85374266,-0.78374267,-1.3237426,-1.3937427,1.1062573,3.0862572,1.2762573,0.9762573,1.6862574,-0.3537427,3.2362573,2.9362574,1.8562573,2.6162574,-1.9237427,-0.103742674,2.8262572,2.1362574,-0.043742675,-1.0337427,-2.8937426,-3.3537426
2.7562573,2.2662573,2.3562574,2.7462573,-1.2737427,-1.1437427,-2.2437427,0.32625732,-5.3337426,4.0062575,4.446257,3.8662574,-0.6437427,-1.9937427,-3.3737426,-5.423743,-4.8137426,-3.0737426,-1.9037427,-4.0437427,-3.5637426,-3.7137427,-1.3537427,-2.1037426,0.4262573,-0.15374267,-5.7937427,-3.8237426,0.14625733,1.9262574,3.9362574,-0.53374267,-4.423743,-3.6037426,-0.5737427,-0.3237427,0.6062573,-2.7037427,-1.3537427,-0.34374267,5.076257,4.5062575,10.516257
2.5562572,1.9362574,1.0862573,0.43625733,1.4062573,-0.3537427,-2.8937426,-4.033743,-5.3337426,-1.9937427,0.33625734,4.366257,3.0362573,-0.8737427,-4.1437426,-5.613743,-7.5837426,-3.8837426,-1.2337427,-2.5137427,-3.4037428,-4.633743,-0.53374267,0.06625733,-3.2637427,-1.3637427,-3.0937426,-3.9037428,3.2462573,-1.4237427,-1.3737427,1.2462573,1.7362573,0.7862573,1.2862573,1.0162573,-1.5437427,-1.8837427,-1.5037427,-0.86374265,-0.9537427,0.83625734,1.4962573
-6.6437426,-4.8337426,0.22625732,0.52625734,0.58625734,-2.2837427,-3.8137426,-3.4737427,-2.7237427,-4.0137424,2.2762573,1.9862573,5.1462574,2.7562573,-1.1237427,-4.3537426,-5.5637426,-7.073743,-1.6237427,-1.2837427,-2.0737426,-3.4637427,-4.3537426,0.96625733,5.5062575,-1.3137426,-2.4437428,-1.7237427,3.0062573,3.0162573,-0.86374265,-2.2537427,-2.9037428,-3.0237427,-2.9737427,-3.2837427,1.1662574,-0.5237427,1.7362573,1.3362573,-5.0637426,-1.1137427,-1.9037427
-3.4737427,-5.633743,-5.863743,-7.5237427,-3.5037427,-1.4237427,0.77625734,-2.0737426,-2.6637428,-1.2237427,-2.2737427,-3.5537426,-1.7337427,-0.37374267,-3.5637426,-3.6237426,-6.3537426,-4.7937427,-5.6437426,-8.163743,-0.9537427,-1.7637427,-3.3837426,-3.5437427,3.7962573,5.4162574,3.5862572,0.19625732,0.13625732,1.2262573,-2.3537426,0.40625733,-0.98374265,-1.9437426,-2.7637427,-4.7037425,-3.6837428,-4.9637427,-6.2737427,-4.343743,-3.6037426,-3.1837428,-7.383743
-5.153743,-6.0037427,-9.873743,-12.463742,-10.983743,0.4862573,-1.5737426,-2.4937427,-1.8437427,0.08625732,-0.5137427,-1.7737427,-2.4637427,0.3662573,-0.013742676,-1.4837427,-2.9637427,-4.283743,-3.6237426,-4.4937425,-6.2037425,-3.5737426,-2.0237427,-3.2937427,-4.5037427,-4.9137425,-3.3937426,-2.8237426,-2.1537428,-2.7837427,-3.3837426,-5.8737426,-2.6437426,-1.5837426,-2.7637427,-3.7337427,-1.3137426,-1.8537427,-1.6437427,-0.80374265,0.06625733,2.1062574,0.34625733
-4.9637427,-4.8737426,-7.823743,-8.163743,-8.213742,-7.423743,-1.2037426,-1.7737427,-0.37374267,1.0662574,1.1862574,-1.9837427,-1.5637426,-0.16374268,-1.5537426,-1.0637426,-2.6537428,0.6062573,-3.3137426,-0.91374266,-2.8437426,-3.6437426,-2.3937426,-2.8937426,-2.7737427,-3.0537426,-3.5137427,-3.2737427,-1.9837427,-3.4237428,-2.1037426,-2.6037426,-4.363743,-4.2337427,-2.7137427,-2.9137428,-2.1737428,-1.7137427,-4.2437425,0.3962573,-3.7537427,-2.7837427,-3.4037428
0.26625732,-0.18374267,6.7662573,3.1262574,-0.40374267,-4.303743,-8.313743,-7.533743,-0.023742676,0.43625733,2.4562573,1.1062573,1.4962573,0.90625733,-2.6037426,-0.36374268,-2.8137426,-3.4937427,-1.7837427,-1.8237426,-3.6337426,-1.5437427,-2.7937427,-0.8837427,-0.98374265,-0.7437427,-1.8037426,-1.3937427,-1.8937427,-1.5237427,-1.5437427,-2.1837428,-2.1037426,-2.4337428,-3.3137426,-3.9037428,-2.3537426,-1.3737427,-0.8237427,-4.053743,-1.4837427,0.15625733,-0.013742676
-5.5137424,-7.4937425,-6.8937426,-5.1037426,-3.1337426,-4.8537426,1.4962573,0.6162573,1.2562573,2.5362573,3.1962574,2.3062572,2.0962572,1.9762573,-2.3337426,0.9862573,-2.3137426,-2.1337426,-0.24374267,-0.73374265,-0.60374266,-0.8137427,-0.6337427,-0.54374266,-0.7437427,-0.60374266,0.5062573,-0.42374268,-1.0137427,-1.9337426,-2.8837426,-2.4037428,-4.3337426,-3.3937426,-3.4237428,-2.0737426,-2.4337428,-1.5437427,-1.2437427,0.8062573,1.1562573,1.0762573,0.13625732
-2.9737427,-4.5437427,-5.9537425,-6.343743,-6.5137424,-7.073743,-6.343743,-6.0437427,-3.8137426,1.9662573,3.3662574,3.2962573,1.5262573,1.6862574,2.9362574,0.7562573,1.6262573,2.2662573,1.6062573,0.58625734,1.4662573,1.0562574,0.47625732,-1.3737427,-1.0337427,-0.5737427,-0.5037427,-1.4637427,-1.2337427,-2.8637426,-2.9937427,-2.9337428,-3.7737427,-3.8037426,-2.9237428,-4.383743,-3.6237426,-4.053743,2.0162573,2.2262573,2.8762574,2.1662574,1.6362573
-2.8337426,-3.1437426,-2.4837427,-3.4337428,-5.553743,-5.8137426,-5.863743,-4.1937428,-3.4237428,-3.3637426,-4.0237427,1.1962574,1.3862573,2.0962572,4.1262574,3.5062573,2.5462573,1.3862573,0.30625734,1.6662574,0.46625733,0.076257326,0.30625734,-0.25374267,-0.9937427,0.16625732,-0.5137427,-2.2937427,-2.2237427,-3.4237428,-3.7537427,-4.173743,-4.033743,-3.8137426,-3.3637426,-3.5137427,-4.1237426,-4.4337425,-4.2437425,-1.4437426,0.76625735,0.51625735,1.0362573
-3.4937427,-2.5137427,-2.6337426,-2.7637427,-5.033743,-5.6237426,-5.9137425,-4.303743,-5.323743,-3.9437428,-2.4737427,-2.3737426,0.38625732,0.14625733,-0.5037427,1.6762574,3.0762572,1.4762573,1.3162574,0.9162573,1.7262573,1.7262573,0.8662573,-0.27374268,-0.37374267,-1.1137427,-2.1837428,-1.2837427,-1.7137427,-2.2537427,-3.2037427,-3.3637426,-3.6937428,-3.9937427,-3.7437427,-3.0237427,-2.6337426,-3.0437427,-2.9737427,-1.8037426,-2.3237426,-1.2637427,2.4062574
-2.9037428,-3.0137427,-3.4137428,-4.533743,-2.0637426,-2.6737428,-3.7037427,-4.2437425,-4.3137426,-3.2437427,-2.5737426,-2.1137426,-1.8337426,-1.8037426,0.8162573,-0.80374265,0.7462573,-0.093742676,-0.86374265,1.6562573,0.5062573,-0.2637427,-0.9037427,-2.1837428,-1.7537427,-0.9637427,-0.85374266,-0.9037427,-1.9837427,-2.1037426,-3.0937426,-3.4737427,-3.5937426,-4.113743,-3.9737427,-3.6737428,-3.4437428,-2.8737426,-2.8937426,-2.5437427,-2.5837426,-2.8837426,-0.023742676
