wind_kz.json
{"header": {"discipline":0,"disciplineName":"Meteorological products","gribEdition":2,"gribLength":794,"center":7,"centerName":"US National Weather Service - NCEP(WMC)","subcenter":0,"refTime":"2023-08-27T12:00:00.000Z","significanceOfRT":1,"significanceOfRTName":"Start of forecast","productStatus":0,"productStatusName":"Operational products","productType":1,"productTypeName":"Forecast products","productDefinitionTemplate":0,"productDefinitionTemplateName":"Analysis/forecast at horizontal level/layer at a point in time","parameterCategory":2,"parameterCategoryName":"UnknownDiscipline_0_Category_2","parameterNumber":2,"parameterNumberName":"UnknownParameter_D0_C2_2","parameterUnit":"Unknown","genProcessType":2,"genProcessTypeName":"Forecast","forecastTime":180,"surface1Type":103,"surface1TypeName":"Specified height level above ground","surface1Value":10.0,"surface2Type":255,"surface2TypeName":"Missing","surface2Value":0.0,"gridDefinitionTemplate":0,"gridDefinitionTemplateName":"Latitude_Longitude","numberPoints":615,"shape":6,"shapeName":"Earth spherical with radius of 6,371,229.0 m","gridUnits":"degrees","resolution":48,"winds":"true","scanMode":64,"nx":41,"ny":15,"basicAngle":0,"lo1":47.0,"la1":41.0,"lo2":87.0,"la2":55.0,"dx":1.0,"dy":1.0}, "data":
[rows 0 to 14 of 15, columns 0 to 40 of 41]
-2.8483062,-0.24830627,-0.048306275,-0.64830625,-2.3483062,-5.6483064,-4.448306,-4.448306,-5.848306,-2.4483063,-2.4483063,-3.5483062,-4.0483065,-3.9483063,-3.5483062,-3.8483062,-3.1483064,-2.6483064,-2.9483063,-0.94830626,2.2516937,1.2516937,1.5516937,0.85169375,0.7516937,-2.9483063,-2.8483062,0.55169374,-0.14830628,0.6516937,-1.2483063,2.1516938,1.5516937,5.651694,1.1516937,-2.2483063,-2.2483063,-3.6483064,-4.6483064,-2.7483063,0.6516937
1.9516938,-0.34830627,-2.3483062,-2.7483063,-5.948306,-4.948306,-3.6483064,-4.848306,-3.5483062,-2.8483062,-2.5483062,-5.2483063,-3.9483063,-3.2483063,-3.1483064,-3.3483062,-1.6483063,-2.7483063,-1.0483062,0.15169373,-0.34830627,0.6516937,2.0516937,-0.94830626,1.7516937,1.0516937,-0.24830627,0.6516937,0.25169373,-0.5483063,0.25169373,-0.24830627,1.2516937,-1.6483063,1.7516937,-0.34830627,-0.34830627,1.0516937,0.25169373,1.6516937,-1.6483063
-2.3483062,-6.0483065,-7.5483065,-8.148306,-6.448306,-5.348306,-4.348306,-1.8483063,-3.8483062,-3.5483062,-4.2483063,-4.948306,-4.348306,-3.7483063,-3.3483062,-3.2483063,-2.8483062,-0.64830625,1.1516937,1.4516938,2.2516937,2.9516938,-0.64830625,-2.2483063,0.7516937,1.4516938,2.6516938,2.5516937,0.25169373,0.15169373,-0.44830626,0.9516937,0.35169372,0.15169373,-0.34830627,-0.7483063,0.25169373,0.15169373,1.5516937,2.3516936,-1.2483063
-7.348306,-9.248306,-8.548306,-7.848306,-5.5483065,-3.3483062,-0.7483063,-2.8483062,-2.8483062,-3.9483063,-4.6483064,-5.448306,-7.6483064,-5.848306,-3.1483064,-3.0483062,-2.5483062,-1.4483063,-1.0483062,-1.1483063,0.9516937,-0.24830627,3.9516938,1.5516937,0.051693726,0.35169372,0.35169372,0.35169372,1.0516937,1.5516937,1.3516937,-0.8483063,0.4516937,-3.3483062,-1.8483063,-1.3483063,-1.5483062,0.6516937,0.35169372,0.85169375,4.051694
-6.948306,-9.348307,-9.348307,-8.248306,-5.948306,-3.4483063,-2.6483064,-1.6483063,-1.6483063,-4.0483065,-3.6483064,-4.0483065,-4.948306,-3.4483063,-2.5483062,-0.44830626,-0.44830626,0.35169372,0.25169373,0.7516937,2.0516937,1.3516937,1.1516937,0.25169373,-1.4483063,0.85169375,1.8516937,-0.34830627,1.3516937,-0.5483063,-3.0483062,-1.9483063,-0.94830626,1.9516938,-1.3483063,-1.3483063,6.051694,0.25169373,1.2516937,0.9516937,3.3516936
-4.448306,-3.7483063,-5.348306,-4.848306,-4.448306,-4.5483065,-2.6483064,-1.7483063,-3.4483063,-3.2483063,-2.9483063,-2.5483062,-1.3483063,-1.8483063,-3.5483062,-0.8483063,-1.0483062,0.4516937,1.1516937,2.1516938,2.1516938,1.6516937,1.8516937,-0.24830627,-1.1483063,-0.94830626,-0.94830626,0.35169372,3.5516937,1.2516937,-0.5483063,-2.0483062,-2.2483063,-0.94830626,-0.34830627,0.15169373,1.6516937,2.0516937,5.151694,-0.94830626,-0.048306275
-2.7483063,-1.9483063,-1.7483063,-3.5483062,-3.1483064,-2.6483064,-1.8483063,-2.1483064,-3.2483063,-1.7483063,-0.5483063,1.0516937,1.2516937,-2.8483062,-3.7483063,-0.94830626,0.55169374,0.9516937,1.0516937,1.3516937,1.7516937,1.7516937,0.55169374,2.3516936,0.85169375,-0.94830626,0.35169372,0.051693726,-0.94830626,-0.24830627,1.3516937,-2.0483062,1.9516938,1.6516937,1.9516938,-0.24830627,0.15169373,0.55169374,1.0516937,-0.5483063,6.3516936
-1.9483063,-3.0483062,-3.2483063,-3.2483063,-3.3483062,-2.5483062,-2.1483064,-2.6483064,-1.7483063,-2.3483062,-2.0483062,-3.0483062,-3.3483062,-2.8483062,-1.1483063,-0.14830628,0.25169373,0.4516937,1.2516937,0.85169375,2.0516937,1.2516937,0.4516937,0.55169374,1.2516937,-0.14830628,0.4516937,1.6516937,-1.4483063,-1.8483063,-3.7483063,-1.9483063,-2.3483062,-0.44830626,1.2516937,3.1516938,2.2516937,4.151694,2.6516938,2.0516937,1.1516937
-3.2483063,-3.4483063,-3.4483063,-3.5483062,-3.2483063,-3.0483062,-3.2483063,-3.3483062,-3.1483064,-2.7483063,-2.9483063,-2.1483064,-0.048306275,1.2516937,0.55169374,0.85169375,1.4516938,1.6516937,1.2516937,0.7516937,1.6516937,1.5516937,1.0516937,1.3516937,1.0516937,1.7516937,0.35169372,0.15169373,0.35169372,-0.94830626,-0.048306275,-0.24830627,-0.5483063,-0.048306275,-0.24830627,0.7516937,0.9516937,-1.5483062,0.7516937,0.6516937,-1.3483063
-2.3483062,-2.0483062,-2.2483063,-2.3483062,-1.7483063,-2.5483062,-2.3483062,-2.6483064,-2.3483062,-1.6483063,-1.7483063,-1.3483063,0.25169373,0.7516937,-0.048306275,1.2516937,1.6516937,1.0516937,1.1516937,2.6516938,1.8516937,2.0516937,4.651694,2.8516936,2.4516938,1.7516937,1.6516937,1.8516937,2.2516937,2.7516937,1.2516937,1.7516937,0.9516937,0.6516937,-0.14830628,0.35169372,-0.44830626,-0.64830625,-1.0483062,0.15169373,-0.34830627
-0.64830625,-0.7483063,-0.7483063,-0.8483063,-0.34830627,-0.048306275,-0.24830627,-0.048306275,0.25169373,-0.14830628,0.25169373,-0.44830626,0.6516937,0.4516937,1.3516937,0.7516937,1.3516937,1.6516937,1.6516937,1.3516937,2.2516937,2.9516938,2.5516937,2.4516938,3.0516937,3.1516938,2.9516938,3.1516938,2.9516938,2.3516936,1.8516937,2.4516938,2.1516938,1.9516938,1.0516937,0.15169373,-0.7483063,0.9516937,-0.24830627,0.4516937,-1.1483063
0.051693726,1.5516937,1.0516937,0.4516937,0.9516937,0.7516937,0.35169372,0.85169375,0.9516937,-0.24830627,-0.34830627,2.2516937,2.5516937,2.3516936,2.8516936,2.7516937,3.1516938,3.4516938,2.7516937,2.5516937,2.4516938,3.0516937,2.4516938,2.0516937,2.8516936,2.9516938,3.6516938,2.8516936,3.1516938,2.8516936,2.6516938,2.8516936,2.0516937,2.0516937,2.1516938,2.9516938,1.9516938,-0.34830627,-0.048306275,-0.64830625,0.25169373
0.9516937,1.0516937,0.9516937,0.85169375,1.5516937,0.7516937,1.1516937,0.85169375,1.3516937,-0.24830627,0.25169373,1.3516937,2.5516937,3.5516937,3.6516938,3.7516937,3.6516938,3.1516938,2.3516936,2.5516937,1.9516938,3.2516937,2.8516936,3.0516937,4.151694,3.4516938,3.1516938,2.5516937,1.3516937,1.9516938,2.6516938,3.1516938,2.6516938,1.7516937,1.9516938,1.4516938,1.8516937,0.15169373,0.4516937,1.0516937,-0.64830625
0.55169374,0.35169372,-0.048306275,0.9516937,0.85169375,1.1516937,1.3516937,1.2516937,1.3516937,1.0516937,0.25169373,1.0516937,2.0516937,3.1516938,3.8516936,3.3516936,3.2516937,2.9516938,2.5516937,2.6516938,2.7516937,3.0516937,3.4516938,3.0516937,2.3516936,1.1516937,0.7516937,1.5516937,2.4516938,2.8516936,3.1516938,2.9516938,2.3516936,1.9516938,1.4516938,0.85169375,1.0516937,1.3516937,-0.34830627,0.4516937,1.3516937
-0.24830627,0.25169373,1.0516937,1.4516938,2.0516937,1.4516938,2.3516936,1.9516938,2.4516938,0.9516937,-0.24830627,1.2516937,1.9516938,1.7516937,3.5516937,3.3516936,3.0516937,2.6516938,2.3516936,2.8516936,2.4516938,2.6516938,2.5516937,2.3516936,1.9516938,1.3516937,1.5516937,1.9516938,2.5516937,2.8516936,2.8516936,1.7516937,2.5516937,2.3516936,1.7516937,2.1516938,1.9516938,1.8516937,1.8516937,0.7516937,-0.048306275
