wind_kz.json
{"header": {"discipline":0,"disciplineName":"Meteorological products","gribEdition":2,"gribLength":1025,"center":7,"centerName":"US National Weather Service - NCEP(WMC)","subcenter":0,"refTime":"2023-09-29T06:00:00.000Z","significanceOfRT":1,"significanceOfRTName":"Start of forecast","productStatus":0,"productStatusName":"Operational products","productType":1,"productTypeName":"Forecast products","productDefinitionTemplate":0,"productDefinitionTemplateName":"Analysis/forecast at horizontal level/layer at a point in time","parameterCategory":2,"parameterCategoryName":"UnknownDiscipline_0_Category_2","parameterNumber":2,"parameterNumberName":"UnknownParameter_D0_C2_2","parameterUnit":"Unknown","genProcessType":2,"genProcessTypeName":"Forecast","forecastTime":120,"surface1Type":103,"surface1TypeName":"Specified height level above ground","surface1Value":10.0,"surface2Type":255,"surface2TypeName":"Missing","surface2Value":0.0,"gridDefinitionTemplate":0,"gridDefinitionTemplateName":"Latitude_Longitude","numberPoints":615,"shape":6,"shapeName":"Earth spherical with radius of 6,371,229.0 m","gridUnits":"degrees","resolution":48,"winds":"true","scanMode":64,"nx":41,"ny":15,"basicAngle":0,"lo1":47.0,"la1":41.0,"lo2":87.0,"la2":55.0,"dx":1.0,"dy":1.0}, "data":
[rows 0 to 14 of 15, columns 0 to 40 of 41]
-1.2613598,-0.08135986,0.35864013,2.19864,1.3686402,-2.4413598,-4.58136,-5.23136,-4.3213596,-2.03136,-3.1113598,-4.0313597,-4.88136,-5.89136,-3.25136,-2.8413599,-1.5513599,-3.6913598,-4.60136,-4.42136,-1.7413598,-0.7413599,0.8786401,2.02864,-1.6413598,-0.25135985,2.0886402,3.4286401,0.9486401,0.72864014,1.9886402,1.2586402,0.12864013,-0.38135988,1.9386401,2.23864,2.26864,1.9286401,1.1486402,0.9986401,-0.40135986
-1.2713599,-0.17135987,1.7386402,-0.051359862,0.14864014,-0.6313599,-6.62136,-8.25136,-4.96136,-4.15136,-4.13136,-4.67136,-3.28136,-3.0913599,-3.76136,-2.2013597,-0.8013599,-2.6513598,-2.00136,-1.5513599,0.12864013,1.6786401,1.7886401,3.28864,1.0386401,0.38864014,0.96864015,1.5286402,3.03864,2.1386402,1.5486401,1.9986402,-0.78135985,1.0186402,0.20864014,1.0286402,1.5086402,-0.84135985,0.89864016,-1.8313599,-1.0613599
-0.54135984,0.45864013,-1.0613599,-0.95135987,-0.09135986,-2.80136,-5.44136,-6.42136,-6.00136,-4.11136,-3.76136,-2.6413598,-1.7013599,-2.1713598,-2.48136,-1.8313599,-1.7913599,-0.52135986,0.46864015,1.3386401,2.0886402,2.49864,0.48864013,2.3586402,-0.71135986,-3.9313598,-3.5713599,-1.7913599,2.5886402,-0.58135986,0.95864016,-1.6313598,-1.2813599,0.23864013,-1.1913599,1.5486401,0.36864012,-0.021359863,0.71864015,0.96864015,0.6286401
1.3786402,2.1086402,-0.30135986,-1.3313599,-1.4213599,-1.8213599,-2.7013597,-1.0613599,-1.7713599,-2.3613598,-2.0813599,-1.4313599,-1.6913599,-1.8813598,-1.1113598,-1.2913599,-0.59135985,0.24864013,1.3886402,0.8086401,0.18864013,-0.7613599,-3.3613598,-4.39136,-4.25136,-3.75136,-2.25136,-2.6013598,-3.29136,-2.27136,0.058640137,-0.43135986,-0.79135984,-0.85135984,0.85864013,2.3086402,1.1786401,1.6986401,-1.9113599,-1.6713599,-0.22135986
0.17864014,2.9086401,2.7986403,1.5486401,1.9786401,0.60864013,1.5286402,0.65864015,-2.21136,-2.1813598,-2.1313598,-1.0913599,-1.6213598,-2.3213599,-1.8413599,-1.0413599,-0.70135987,-0.15135986,0.8086401,0.57864016,-1.2513598,-0.8813599,-1.8413599,-2.47136,-2.3713598,-1.8613598,-1.9213599,-2.30136,-0.72135985,-0.8113599,-0.42135987,1.2986401,3.0686402,3.3586402,-3.6213598,-1.1613599,-0.061359864,-0.6213599,1.4786401,0.30864012,-1.0013598
-0.29135987,0.44864014,1.2586402,3.24864,3.9086401,4.61864,4.15864,4.66864,1.4786401,-1.6413598,-3.23136,-2.9513597,0.47864014,1.5486401,0.9286401,-0.20135987,0.6786401,1.5386401,0.78864014,1.1886401,-0.34135985,-1.0013598,-1.0613599,-1.5113598,-1.4613599,-1.3413599,-1.3313599,-1.7713599,0.58864015,0.89864016,1.0586401,0.43864015,0.108640134,0.31864014,1.2286401,0.9886401,2.0486403,2.6086402,5.4486403,-1.2313598,-3.0913599
0.44864014,0.70864016,1.8186401,2.52864,2.28864,3.74864,3.1786401,1.4086401,2.1186402,1.8386401,0.29864013,0.66864014,1.3786402,0.32864013,2.95864,0.8186401,0.64864016,1.5986401,1.5386401,1.1686401,-0.5613599,-1.0513599,0.35864013,-0.66135985,-1.7013599,-0.7513599,-0.8113599,-1.4813598,-2.96136,-1.2513598,1.0586401,0.79864013,-1.1613599,-2.01136,-1.8613598,0.7586401,2.49864,-1.0713599,5.38864,1.9486401,2.3186402
1.3086401,1.7186401,1.5486401,1.7086401,0.96864015,-0.021359863,2.4086401,3.3086402,5.47864,4.7586403,4.20864,4.32864,5.07864,3.96864,2.20864,1.9286401,0.39864013,0.70864016,0.8686401,0.9886401,-0.6313599,-1.2713599,-1.5813599,-1.0213599,-0.54135984,-0.17135987,-0.18135986,-1.1713599,-2.22136,-2.9113598,-2.4213598,0.12864013,1.7886401,3.00864,4.9886403,4.5286403,0.85864013,-0.5513599,4.05864,3.5486403,3.50864
0.85864013,1.5386401,1.1386402,0.38864014,0.25864014,0.12864013,-0.12135986,1.9086401,4.4886403,6.24864,6.0486403,5.86864,8.08864,3.8486402,1.3386401,2.6486402,1.6086402,0.91864014,1.3386401,1.0986401,0.14864014,-1.1513599,-0.59135985,-0.27135986,-0.10135987,-0.17135987,-0.92135984,0.51864016,-0.42135987,0.028640136,-0.84135985,-1.1613599,-0.13135986,1.2386402,3.8986402,4.30864,3.68864,3.9086401,2.28864,-0.08135986,0.048640136
1.7186401,0.95864016,1.3686402,0.53864014,-0.46135986,1.2986401,2.9186401,3.1186402,4.62864,5.41864,5.88864,6.18864,4.58864,3.18864,1.8886402,3.73864,2.6386402,1.9586401,1.2886401,1.3186401,0.16864014,0.39864013,0.84864014,0.91864014,-0.26135987,-0.6813599,-0.7613599,-0.011359863,0.63864017,0.77864015,1.1186402,0.6886401,1.7686402,3.4286401,3.94864,2.53864,1.3586402,-0.59135985,2.1686401,1.1786401,1.6486402
2.8286402,2.3686402,1.8786402,2.3286402,2.6386402,2.00864,1.7086401,2.0486403,3.25864,3.1086402,3.6586401,3.8886402,4.16864,2.8886402,2.22864,2.3086402,2.98864,3.3286402,1.9786401,1.5786401,1.9586401,1.7686402,1.7186401,1.6486402,1.5786401,1.2886401,0.60864013,0.90864015,1.2086401,1.2486402,1.4286401,0.8686401,0.78864014,0.6186401,0.91864014,2.68864,0.46864015,0.79864013,0.23864013,-0.051359862,0.8686401
2.94864,3.3186402,2.8886402,2.73864,2.95864,2.9186401,2.8286402,2.21864,1.9986402,1.5086402,0.9286401,2.02864,1.5086402,1.3886402,2.48864,4.0086403,2.9086401,3.6686401,3.0486403,2.1286402,1.9486401,1.4286401,1.0486401,1.1086402,1.0486401,0.97864014,0.91864014,0.8786401,1.0186402,1.0786401,0.82864016,0.028640136,-0.27135986,0.028640136,-0.43135986,-0.46135986,0.36864012,0.08864014,0.24864013,1.0186402,1.8186401
3.8086402,3.96864,2.6386402,3.3786402,2.8886402,2.77864,3.3786402,3.1086402,2.7986403,1.3986402,0.46864015,0.8686401,2.52864,3.8586402,2.3386402,2.50864,1.8186401,2.72864,2.6586401,2.93864,2.1386402,2.0686402,2.8886402,2.3786402,1.9286401,1.5486401,1.1186402,1.3986402,1.3986402,1.2186401,0.43864015,-0.18135986,-0.42135987,-0.33135986,-0.6813599,-0.28135985,0.41864014,0.8086401,2.8086402,3.6486402,2.45864
5.16864,4.11864,3.1286402,3.3986402,2.6386402,2.75864,3.69864,3.53864,2.3486402,2.6486402,2.1786401,1.3386401,1.4986402,4.66864,2.24864,2.1786401,2.72864,4.4686403,3.5486403,3.8286402,3.3786402,2.99864,3.0886402,2.6786401,1.9086401,1.3686402,1.5586401,1.9486401,1.8386401,1.4086401,1.0986401,0.46864015,0.37864015,0.08864014,-0.0013598633,-0.36135986,-0.14135987,0.5686401,0.49864015,0.42864013,1.5986401
2.98864,4.5286403,3.9186401,3.02864,3.45864,3.93864,4.18864,3.72864,3.94864,2.5986402,1.0786401,2.48864,2.1586401,1.4186401,1.9986402,2.2986403,3.53864,4.81864,2.94864,2.72864,3.5986402,3.28864,3.1786401,2.95864,2.4286401,2.27864,2.43864,2.6586401,2.73864,2.3786402,2.1686401,3.00864,1.9486401,1.6386402,1.7686402,1.6886401,1.6886401,1.3886402,1.4986402,0.7386401,0.47864014
