wind.json
{"header": {"discipline":0,"disciplineName":"Meteorological products","gribEdition":2,"gribLength":1211,"center":7,"centerName":"US National Weather Service - NCEP(WMC)","subcenter":0,"refTime":"2023-06-29T00:00:00.000Z","significanceOfRT":1,"significanceOfRTName":"Start of forecast","productStatus":0,"productStatusName":"Operational products","productType":1,"productTypeName":"Forecast products","productDefinitionTemplate":0,"productDefinitionTemplateName":"Analysis/forecast at horizontal level/layer at a point in time","parameterCategory":2,"parameterCategoryName":"UnknownDiscipline_0_Category_2","parameterNumber":2,"parameterNumberName":"UnknownParameter_D0_C2_2","parameterUnit":"Unknown","genProcessType":2,"genProcessTypeName":"Forecast","forecastTime":180,"surface1Type":103,"surface1TypeName":"Specified height level above ground","surface1Value":10.0,"surface2Type":255,"surface2TypeName":"Missing","surface2Value":0.0,"gridDefinitionTemplate":0,"gridDefinitionTemplateName":"Latitude_Longitude","numberPoints":688,"shape":6,"shapeName":"Earth spherical with radius of 6,371,229.0 m","gridUnits":"degrees","resolution":48,"winds":"true","scanMode":64,"nx":43,"ny":16,"basicAngle":0,"lo1":45.0,"la1":40.0,"lo2":87.0,"la2":55.0,"dx":1.0,"dy":1.0}, "data":
[rows 0 to 15 of 16, columns 0 to 42 of 43]
-3.8137536,-3.6537538,-3.9937537,-3.4737537,-7.6237535,-1.1737536,0.7062463,3.1362464,7.1062465,10.416246,0.6962463,-0.59375364,0.62624633,-6.4937534,6.6662464,0.98624635,1.5562463,1.3962463,-0.5537537,0.71624637,0.91624635,0.93624634,-3.3937538,-0.49375367,1.2662463,-1.3137536,-0.20375367,-0.33375368,1.1462463,2.1062462,3.4262464,4.116246,0.076246336,2.2462463,-1.1537536,-2.0437536,-1.8237537,-3.8937538,1.8762463,3.8862464,-0.10375366,-6.513754,-5.593754
-2.1137536,-7.7937536,-3.5137537,0.12624633,-1.6937537,1.5362463,1.7262464,1.5162463,5.8162465,2.7962463,0.04624634,0.6462463,-0.8537537,1.9662464,2.6762464,-2.2537537,0.0062463377,-0.32375365,-2.9437537,2.1662464,0.19624634,-1.1637536,0.33624634,-0.033753663,3.3162463,6.7962465,7.966246,3.6562464,6.7662463,6.4762464,5.2762465,4.0462465,7.426246,0.7562463,-1.6537536,-2.4737537,-0.11375366,2.6562464,-0.35375366,1.4662464,1.4962463,-2.1637537,-1.8437537
-3.3337536,0.54624635,-0.90375364,-3.9537537,0.32624635,1.1262463,1.8362464,3.8362463,4.676246,-2.0037537,1.3362464,-0.44375366,1.3362464,0.23624633,-1.0337536,1.8562464,3.8062463,-0.42375365,1.2362463,1.0262463,-0.70375365,-1.7637537,-2.0237536,1.5862464,0.86624634,1.5362463,2.2562463,-1.2137537,2.0962462,3.5062463,1.5462463,2.3962464,1.4262463,0.34624633,0.37624633,-0.28375366,0.60624635,-0.07375366,4.986246,-1.0237536,1.2262464,1.5262463,0.54624635
-1.7937536,-2.5537536,-6.5437536,-1.3637537,-1.1637536,2.0562463,4.0062466,2.2762463,-1.0237536,1.3862463,2.6162462,1.6362463,0.56624633,-3.9037538,-1.8837537,1.1662463,0.9562463,4.8262463,-1.4437537,-3.4337537,-2.0537536,-1.3237537,-2.0937536,2.0762463,-3.3637536,-0.31375366,1.8462464,2.9162464,3.3562462,2.1362464,2.6662464,-0.36375368,0.73624635,-1.2537537,0.25624633,2.4562464,-3.8437536,-2.4837537,-0.43375367,-0.7237537,5.3462462,4.946246,-0.25375366
-6.573754,-8.633754,-6.3937535,-2.7437537,-1.4937537,1.8262464,-0.63375366,-0.43375367,0.44624633,-1.5537536,-0.65375364,0.32624635,-6.0037537,-5.533754,-1.1337537,3.0762463,3.3362463,0.6462463,-0.6137537,-1.6537536,-2.1537538,-0.19375366,0.74624634,-2.8637536,-0.093753666,0.97624636,-0.20375367,0.28624633,2.8062463,3.7662463,4.5962462,5.5262465,-1.0837537,6.636246,7.3162465,10.896246,9.346247,8.076246,1.4362464,1.5462463,0.22624634,0.61624634,-1.0137537
-5.9837537,-3.7337537,-4.2037535,-4.6437535,-4.7537537,-3.7337537,-2.9637537,-1.5837537,3.8862464,4.176246,2.0962462,-0.9137537,-3.6437538,-4.0837536,-0.76375365,0.92624635,1.5562463,5.0662465,-3.9937537,-3.0137537,-1.6437536,-2.0637536,-2.6337538,-3.1037536,-1.7937536,-0.37375367,0.90624636,2.5562463,3.7962463,-1.6237537,3.2062464,4.0162463,4.0562463,5.176246,-1.1037537,2.8762465,-3.9137537,0.13624634,6.3462462,8.5862465,2.3862464,3.2662463,2.6862464
-3.3537536,-1.8537537,-0.62375367,-4.2537537,-4.4437537,-3.6137536,-0.9737537,2.7262464,4.3562465,5.236246,1.6262463,0.36624634,-2.5837536,-2.2237537,1.5662464,2.0962462,1.6262463,-2.5937536,1.2662463,-3.1337538,-1.4237536,-2.5837536,-3.1037536,-3.4037538,-3.1337538,-1.8637537,-0.9737537,-0.9137537,-2.3237536,-0.7237537,3.6762464,4.736246,2.7262464,5.5862465,4.5562463,5.9962463,2.1862464,-3.3437536,2.1062462,5.0462465,14.416246,4.9562464,2.4862463
-2.2737536,-1.0637536,-0.78375363,-2.4537537,-1.8037536,-2.9737537,-1.8537537,0.04624634,0.42624635,2.7262464,0.5062463,-1.3537537,0.34624633,-0.5437537,0.06624634,0.34624633,-1.7537537,-2.3237536,-1.0637536,-2.9337537,-0.33375368,-1.1437536,-2.1737537,-2.8137536,-2.3737535,-0.38375366,-0.70375365,-0.21375366,-0.053753663,1.9862463,0.18624634,2.8762465,0.7762463,1.6562463,2.7462463,4.7562466,-3.0037537,1.5362463,4.7462463,2.3962464,3.0862463,0.67624635,6.6862464
-1.9237536,-1.2237537,-1.8637537,-1.8737537,-2.4237537,-1.9337536,-1.5337536,-0.83375365,-0.70375365,1.0462463,2.4862463,0.5762463,-2.5237536,-0.52375364,-2.6337538,0.12624633,-2.9737537,-3.9737537,-1.3237537,-3.5937536,-2.3437536,-0.68375367,-1.8837537,-0.36375368,-0.9137537,-0.77375364,-3.9837537,-0.5537537,2.1662464,4.4362464,1.8062463,-1.1837536,-0.88375366,-0.38375366,-2.0437536,0.87624633,-0.6137537,10.926247,0.8862463,9.606246,1.7562463,7.5462465,5.5062466
1.3862463,-1.7537537,-1.8337537,-1.2937536,-0.46375367,-0.87375367,-0.8637537,-1.1437536,-0.8537537,0.65624636,1.7562463,1.4962463,0.116246335,-2.1837537,2.3262463,-4.0837536,-1.5237536,-1.8237537,-4.9737535,-5.5437536,-2.5037537,-2.3937538,-0.78375363,1.6662463,0.85624635,-5.2237535,-4.2237535,-1.7437537,0.92624635,5.6662464,4.7862463,2.2662463,2.7362463,0.27624634,-2.1037536,1.3962463,2.2162464,5.386246,4.9962463,2.6762464,1.5062463,0.15624633,1.6562463
-4.053754,0.026246337,-1.9437537,-2.0437536,-1.0537536,-1.1537536,-1.1237537,0.41624632,-1.2437537,0.29624635,0.0062463377,1.7362463,4.116246,-0.88375366,1.5262463,-2.5437536,0.96624637,-1.8937536,0.40624633,3.1062462,1.4062463,1.4762464,0.5162463,-0.42375365,-1.4637537,-0.003753662,-5.1837535,-3.0337536,1.0862464,1.9662464,2.3862464,-1.4937537,-0.8637537,1.3462464,-2.2937536,7.0762463,3.3562462,2.3462462,-0.26375365,0.30624634,1.7562463,0.49624634,1.1162463
-1.3337537,0.92624635,-1.3537537,-1.0737537,0.026246337,-0.71375364,-0.7237537,-1.2037537,-1.5437536,0.036246337,0.06624634,1.7762463,3.9362464,0.5762463,-0.34375367,-0.96375364,-1.1337537,-0.14375366,1.6262463,2.1962464,-10.483753,5.3162465,-1.0337536,-0.053753663,-1.4037536,-1.0137537,-5.6037536,0.97624636,0.7662463,-3.6737537,-2.7637537,-0.9837537,3.4762464,2.6362464,0.056246337,2.3262463,2.4262464,-0.6737537,-1.2637537,0.37624633,0.71624637,0.036246337,-0.7237537
1.2362463,0.32624635,0.08624634,0.33624634,0.23624633,1.8762463,0.19624634,0.98624635,-0.013753662,0.42624635,0.85624635,0.72624636,2.5562463,-0.17375366,1.1162463,1.7062464,-0.42375365,-0.31375366,1.8262464,3.7862463,-1.6937537,-5.053754,4.0762463,1.1962464,-0.22375366,0.036246337,-4.783754,-1.3237537,2.6262465,1.1362463,-3.5437536,1.0162463,3.5262463,-0.9237537,-1.9237536,-2.8637536,0.7062463,-3.1637537,1.2362463,-4.9737535,-1.8637537,0.37624633,0.8262463
1.8362464,1.3662463,0.6962463,0.93624634,-2.1937537,3.3862464,1.7562463,0.93624634,-0.33375368,2.8762465,1.6762463,1.2162464,1.9362464,1.2962463,1.2662463,1.6462463,1.3662463,1.3862463,1.6962464,-0.033753663,-1.0037537,1.3962463,-1.2937536,1.0862464,0.5762463,-1.9337536,-3.0937536,-7.363754,4.2862463,-2.2637537,0.91624635,-3.5637536,-2.1337538,-2.6437538,-2.9437537,1.9562464,-2.8837538,-0.6637537,-2.2937536,-3.0337536,-1.5337536,-1.2537537,-1.5637536
0.7562463,1.2762463,0.8862463,2.9762464,1.9562464,3.1962464,3.1162462,3.1362464,3.0862463,4.0162463,2.3862464,2.3062463,3.1362464,3.0662463,1.4962463,2.1962464,0.13624634,1.5162463,2.2762463,-0.65375364,2.2862463,-0.19375366,-0.87375367,2.1462464,1.1562463,-2.2137537,-0.38375366,-2.7037537,-0.9837537,-1.9137536,-0.07375366,-5.2437534,-1.4837537,0.44624633,-4.2737536,-5.1637535,-3.5137537,-3.6837537,-1.1037537,-2.5637536,-3.2137537,-1.5637536,1.1562463
1.2962463,3.5162463,4.2462463,3.7062464,4.1662464,4.5662465,4.0662465,5.116246,4.1862464,4.8462462,4.486246,5.2462463,1.0062463,4.906246,2.8562462,3.3962464,4.116246,-1.7737536,1.6562463,3.8262463,3.6062462,-0.30375367,1.4362464,1.2662463,-4.383754,3.9662464,-0.9837537,-2.8937538,-2.0937536,-0.39375365,-2.8637536,-5.6737537,-1.4637537,-1.7837536,-4.843754,-6.013754,-4.9637537,-3.2237537,-0.87375367,-2.7537537,-2.3437536,-0.89375365,-2.6237535
