wind_kz.json
{"header": {"discipline":0,"disciplineName":"Meteorological products","gribEdition":2,"gribLength":948,"center":7,"centerName":"US National Weather Service - NCEP(WMC)","subcenter":0,"refTime":"2023-09-21T12:00:00.000Z","significanceOfRT":1,"significanceOfRTName":"Start of forecast","productStatus":0,"productStatusName":"Operational products","productType":1,"productTypeName":"Forecast products","productDefinitionTemplate":0,"productDefinitionTemplateName":"Analysis/forecast at horizontal level/layer at a point in time","parameterCategory":0,"parameterCategoryName":"UnknownDiscipline_0_Category_0","parameterNumber":0,"parameterNumberName":"UnknownParameter_D0_C0_0","parameterUnit":"Unknown","genProcessType":2,"genProcessTypeName":"Forecast","forecastTime":240,"surface1Type":1,"surface1TypeName":"Ground or water surface","surface1Value":0.0,"surface2Type":255,"surface2TypeName":"Missing","surface2Value":0.0,"gridDefinitionTemplate":0,"gridDefinitionTemplateName":"Latitude_Longitude","numberPoints":615,"shape":6,"shapeName":"Earth spherical with radius of 6,371,229.0 m","gridUnits":"degrees","resolution":48,"winds":"true","scanMode":64,"nx":41,"ny":15,"basicAngle":0,"lo1":47.0,"la1":41.0,"lo2":87.0,"la2":55.0,"dx":1.0,"dy":1.0}, "data":
[rows 0 to 14 of 15, columns 0 to 40 of 41]
304.93317,292.43317,298.93317,293.53314,293.83316,293.53314,302.73315,306.63315,303.33316,303.93317,302.23315,302.53314,301.93317,302.13315,301.43317,301.53314,301.43317,301.73315,302.53314,302.43317,304.73315,300.23315,298.83316,292.23315,294.63315,296.83316,291.73315,278.63315,276.83316,275.63315,272.83316,277.73315,288.03314,295.03314,295.83316,295.83316,296.43317,295.13315,293.23315,293.13315,292.73315
286.63315,297.63315,292.93317,293.23315,293.33316,292.53314,307.43317,303.83316,302.03314,301.83316,303.03314,301.83316,301.53314,300.83316,300.43317,300.43317,301.03314,301.13315,300.43317,301.33316,301.33316,300.93317,298.03314,287.83316,274.13315,276.23315,287.63315,279.63315,281.23315,273.83316,278.23315,268.83316,279.43317,255.23315,275.93317,291.33316,289.73315,291.53314,295.63315,289.33316,284.73315
300.13315,292.03314,292.93317,292.73315,291.13315,303.53314,302.53314,302.23315,301.43317,300.83316,300.23315,301.03314,299.63315,300.93317,300.13315,299.43317,298.23315,298.03314,298.93317,299.73315,300.73315,300.43317,298.83316,291.43317,295.13315,293.43317,294.73315,294.23315,292.13315,281.33316,272.93317,275.43317,281.93317,281.13315,282.53314,281.03314,272.93317,274.13315,275.63315,271.33316,268.53314
299.63315,291.73315,293.13315,292.23315,294.73315,301.93317,301.63315,301.73315,301.73315,301.43317,300.23315,297.53314,290.83316,290.33316,298.03314,299.93317,298.33316,298.33316,298.73315,299.13315,299.13315,294.03314,297.33316,296.43317,296.33316,295.93317,296.23315,292.93317,290.73315,291.53314,291.63315,288.83316,293.73315,292.63315,290.23315,284.83316,272.03314,266.93317,276.93317,281.73315,285.33316
298.23315,291.23315,292.03314,291.33316,296.33316,301.93317,302.03314,301.83316,300.63315,301.23315,301.73315,298.73315,290.33316,289.13315,287.63315,299.33316,299.13315,297.43317,297.13315,297.53314,298.23315,298.23315,296.73315,296.03314,295.83316,295.03314,292.33316,290.33316,292.43317,291.53314,293.63315,289.83316,277.63315,269.93317,279.93317,288.23315,290.73315,292.03314,291.73315,290.63315,289.93317
300.83316,299.53314,290.33316,290.93317,291.03314,290.73315,302.53314,302.63315,301.43317,301.63315,301.83316,301.23315,291.33316,291.13315,293.73315,298.43317,299.33316,298.03314,297.73315,297.93317,296.93317,295.93317,295.73315,295.43317,294.83316,293.13315,294.13315,287.33316,293.03314,293.83316,290.83316,292.33316,289.33316,287.53314,284.43317,287.13315,278.93317,280.83316,287.43317,290.93317,290.43317
303.53314,302.93317,301.93317,301.03314,297.33316,302.63315,303.13315,301.83316,302.73315,302.43317,301.63315,300.43317,299.53314,300.03314,299.43317,299.43317,299.33316,299.23315,298.53314,297.83316,296.73315,296.23315,295.83316,295.23315,293.53314,293.53314,293.23315,293.73315,292.13315,292.43317,290.93317,290.53314,290.53314,290.53314,287.93317,286.23315,280.13315,279.03314,274.83316,274.53314,284.53314
302.53314,302.63315,302.83316,301.83316,302.83316,303.23315,303.73315,302.53314,301.83316,301.13315,299.93317,298.93317,299.13315,298.63315,299.33316,299.43317,298.73315,298.73315,298.13315,295.63315,295.53314,295.93317,295.53314,294.33316,292.53314,290.03314,289.83316,290.53314,288.73315,290.23315,288.63315,288.83316,287.33316,285.13315,286.53314,286.33316,286.73315,286.23315,284.73315,285.13315,281.33316
302.53314,301.53314,301.73315,301.83316,301.53314,302.13315,302.33316,301.63315,300.23315,299.23315,298.43317,298.33316,297.43317,298.03314,297.43317,298.73315,297.83316,297.63315,296.43317,295.13315,292.73315,292.83316,293.53314,293.23315,291.33316,291.73315,288.93317,287.33316,286.23315,284.73315,285.23315,285.73315,286.83316,287.13315,286.13315,282.83316,284.43317,280.43317,272.13315,270.83316,270.23315
301.53314,301.63315,301.63315,301.63315,301.53314,301.53314,300.93317,300.13315,299.23315,298.73315,297.73315,296.93317,296.83316,296.13315,296.13315,296.13315,296.83316,297.03314,296.13315,295.23315,293.23315,292.73315,293.43317,292.83316,291.83316,290.13315,289.53314,288.73315,287.43317,287.13315,286.83316,287.83316,288.83316,287.83316,287.23315,283.43317,281.73315,277.53314,272.13315,272.83316,270.93317
299.93317,300.13315,300.03314,299.53314,300.83316,299.93317,299.43317,299.63315,299.13315,297.83316,296.73315,296.53314,296.13315,294.63315,294.93317,295.03314,294.53314,294.73315,294.63315,293.23315,293.23315,292.33316,291.43317,291.13315,290.23315,289.73315,287.33316,288.43317,288.23315,288.73315,288.83316,289.63315,289.13315,287.13315,286.43317,284.83316,277.83316,274.53314,278.13315,275.63315,272.33316
299.83316,300.63315,300.93317,300.23315,299.03314,298.43317,297.43317,297.53314,298.03314,297.03314,293.73315,293.73315,294.53314,293.23315,293.23315,292.93317,292.63315,292.23315,292.33316,291.53314,290.13315,289.43317,289.13315,289.33316,287.93317,288.23315,287.73315,287.83316,288.23315,287.93317,287.63315,288.13315,288.33316,286.53314,285.13315,283.43317,284.43317,283.13315,281.53314,281.03314,279.13315
296.83316,297.63315,298.83316,298.73315,298.13315,297.13315,297.13315,296.93317,296.03314,294.23315,290.83316,288.73315,292.53314,291.03314,290.93317,290.83316,290.93317,290.33316,290.73315,289.13315,288.33316,286.53314,285.93317,285.03314,286.13315,286.73315,287.03314,286.33316,286.63315,286.33316,286.23315,286.63315,286.73315,286.33316,285.53314,283.33316,282.73315,283.43317,281.83316,281.23315,280.93317
298.03314,297.93317,291.23315,296.33316,295.83316,295.83316,295.13315,293.33316,293.43317,292.53314,288.73315,286.43317,288.03314,289.13315,289.13315,289.13315,288.33316,287.13315,287.93317,287.33316,286.93317,286.63315,286.73315,286.33316,286.73315,286.13315,285.63315,286.53314,284.93317,285.33316,284.73315,284.33316,284.53314,283.63315,283.93317,282.33316,281.83316,282.93317,281.43317,280.03314,281.13315
295.23315,296.53314,286.43317,295.23315,295.23315,293.63315,292.43317,291.13315,291.73315,291.43317,290.03314,288.53314,285.53314,286.83316,285.83316,286.73315,286.93317,287.23315,287.93317,287.43317,287.33316,286.23315,286.23315,285.63315,285.43317,284.73315,285.33316,284.63315,284.53314,283.03314,283.13315,283.23315,281.83316,282.13315,282.13315,282.63315,282.83316,282.33316,281.93317,280.93317,280.63315
