wind_kz.json
{"header": {"discipline":0,"disciplineName":"Meteorological products","gribEdition":2,"gribLength":1025,"center":7,"centerName":"US National Weather Service - NCEP(WMC)","subcenter":0,"refTime":"2023-09-10T18:00:00.000Z","significanceOfRT":1,"significanceOfRTName":"Start of forecast","productStatus":0,"productStatusName":"Operational products","productType":1,"productTypeName":"Forecast products","productDefinitionTemplate":0,"productDefinitionTemplateName":"Analysis/forecast at horizontal level/layer at a point in time","parameterCategory":2,"parameterCategoryName":"UnknownDiscipline_0_Category_2","parameterNumber":3,"parameterNumberName":"UnknownParameter_D0_C2_3","parameterUnit":"Unknown","genProcessType":2,"genProcessTypeName":"Forecast","forecastTime":120,"surface1Type":103,"surface1TypeName":"Specified height level above ground","surface1Value":10.0,"surface2Type":255,"surface2TypeName":"Missing","surface2Value":0.0,"gridDefinitionTemplate":0,"gridDefinitionTemplateName":"Latitude_Longitude","numberPoints":615,"shape":6,"shapeName":"Earth spherical with radius of 6,371,229.0 m","gridUnits":"degrees","resolution":48,"winds":"true","scanMode":64,"nx":41,"ny":15,"basicAngle":0,"lo1":47.0,"la1":41.0,"lo2":87.0,"la2":55.0,"dx":1.0,"dy":1.0}, "data":
[rows 0 to 14 of 15, columns 0 to 40 of 41]
0.39851075,-0.58148926,-0.79148924,-10.201489,-10.96149,-5.311489,-0.32148924,1.2885108,-0.6314893,-0.47148925,-2.0114892,-2.4414892,-2.9414892,-4.521489,-5.7014894,-6.441489,-5.5714893,-5.0314894,-6.5314894,-4.2214894,-3.7514892,-4.6714892,-2.1614892,0.36851075,-0.30148926,-0.15148926,-0.59148926,2.5385108,2.2885108,-1.3614893,-1.8414893,-1.3314892,-1.5514892,-2.2614892,-2.0614893,-3.3914893,-1.8814893,-2.8914893,1.6585107,0.47851074,0.7485107
1.9685107,0.75851077,-4.9214892,-7.541489,-8.901489,-2.1814892,-3.1914892,0.9985107,0.9385107,0.29851073,-0.021489257,-3.5414894,-2.0114892,-1.7514893,-4.4914894,-5.6514893,-5.1614895,-5.9114895,-7.5914893,-5.1814895,-4.4914894,-4.1514893,-0.32148924,1.9685107,1.0585108,1.6385107,-1.0214893,3.2985108,0.21851075,2.1485107,1.6085107,2.9185107,-0.20148925,-0.18148926,0.5685108,-3.6814892,-2.9114892,-6.541489,-5.891489,-4.0314894,1.9285108
1.8085108,2.6085107,-2.4814892,-6.7014894,-4.941489,-1.3814893,-0.9314892,-0.42148927,0.10851074,-1.1514893,-1.4314892,-2.2614892,-2.9914892,-4.811489,-4.9314895,-4.6514893,-4.8214893,-3.3814893,-4.6314893,-5.9114895,-7.0314894,-2.2114892,-6.8414893,-1.7914892,-1.0214893,-0.21148926,0.29851073,1.1785108,0.35851073,0.65851074,1.0885108,-0.08148926,0.54851073,0.21851075,-1.0814892,1.0685108,2.6585107,-0.6314893,-0.65148926,0.71851075,1.6885108
2.5585108,3.6085107,-0.061489258,-3.8014894,-4.3214893,-0.31148925,0.85851073,2.9185107,3.1285107,2.1285107,1.7085108,-1.5814892,-4.541489,-6.6814895,-3.0714893,-4.0314894,-4.7414894,-4.791489,-5.1114893,-5.2614894,-4.441489,-3.7014892,-1.3214892,-3.6514893,-3.1114893,-2.6714892,-2.4614892,-4.001489,-3.0114892,-1.8114892,-0.54148924,-0.33148926,-1.1414893,-2.0114892,-0.59148926,-1.5714892,1.5185107,4.5285106,-0.22148925,0.088510744,1.1185107
3.1585107,4.248511,1.7385107,-0.58148926,-1.9614892,-2.7414892,5.5285106,4.3685107,3.7785108,5.038511,3.1485107,1.5085107,-2.3414893,-3.9814892,-5.211489,-4.351489,-4.4014893,-3.5814893,-4.251489,-4.211489,-2.2614892,-3.2514892,-4.5714893,-4.041489,-4.1514893,0.63851076,-1.1214893,-2.9214892,-3.4914892,-3.7714891,-1.3914893,0.118510745,2.5485108,3.4385107,-0.21148926,0.44851074,0.71851075,0.22851074,0.17851074,-0.5614893,0.39851075
-1.9814893,-0.5014893,-0.7614893,2.4885108,0.17851074,-1.4714893,1.2985108,-2.8414893,7.018511,6.208511,5.4485106,3.7985108,2.0585108,0.018510742,-2.3614893,-3.6014893,-3.4514892,-3.4314892,-4.711489,-2.4814892,-3.6914892,-2.1814892,-3.2314892,-3.3814893,-2.3514893,-1.2014892,-0.84148926,-2.7014892,-2.3814893,-2.6214893,-2.4514892,-1.5014893,-0.78148925,-0.38148925,1.9885107,1.5785108,1.7885108,-0.78148925,-1.4714893,-3.0514894,4.3385105
-3.3014894,-1.4314892,-2.9614892,-5.9014893,4.1385107,1.1685108,-1.5614892,-0.89148927,2.1485107,3.1485107,2.6885107,2.5085108,3.0485108,0.58851075,0.63851076,-0.96148926,-3.2814894,-3.3014894,-3.8414893,-3.1914892,-1.8814893,-2.8314893,-2.3714893,-2.8514893,-2.8814893,-2.9314892,-2.5014892,-2.1614892,-1.6014893,-0.78148925,-1.0514892,-0.36148927,0.32851073,0.028510742,-0.031489257,-0.83148926,-1.6114893,-0.44148925,-0.5614893,-1.5714892,-2.3614893
-2.4514892,-2.3714893,-2.2014892,-0.97148925,1.0285107,1.1685108,3.7385108,0.118510745,3.9985108,0.75851077,3.6285107,1.5385108,-1.2214893,1.8185108,0.07851074,-1.6014893,-0.5114893,-1.9214892,-2.8314893,-2.8314893,-3.2914894,-3.4914892,-2.0714893,-2.5814893,-2.4314892,-1.9914893,-2.0414894,-2.7514892,-2.4414892,-3.2714891,-3.2614892,-2.6914892,-2.5014892,-1.8914893,0.79851073,0.88851076,1.3885107,0.28851074,-0.47148925,0.6785107,-0.091489255
-3.5914893,-3.1514893,-4.1614895,-1.4814893,-0.73148924,5.648511,0.8085107,-2.6214893,-0.5114893,-0.031489257,1.5085107,0.6885107,1.2785107,-0.5114893,-0.55148923,-1.6414893,-2.3714893,-0.61148924,-1.2514893,-2.3114893,-1.8214892,-1.7614893,-2.7614892,-1.8114892,-2.4714892,-2.3414893,-1.4214892,-1.5714892,-1.8814893,-2.0514894,-4.851489,-3.4414892,-1.5114893,-1.6014893,0.07851074,-0.13148926,-1.5514892,1.9585108,2.5885108,-0.22148925,1.1485107
-3.6814892,-4.5914893,-3.0814893,-1.1914892,-0.6214893,-0.18148926,-0.64148927,-1.7214893,4.4085107,2.4385107,1.6485107,2.8685107,1.2585107,-1.2414893,-1.3214892,-2.5314894,-3.0414894,-1.7414893,0.14851074,-1.9014893,-1.9714893,-1.2314893,-1.4314892,-1.3414893,-2.3114893,-1.5214893,-1.2414893,-1.0414892,-0.99148923,0.038510744,-0.6814892,-2.0014892,-2.8114893,-2.3814893,0.29851073,0.39851075,0.83851075,-0.47148925,0.7385107,2.6585107,1.4885107
-2.4714892,-0.33148926,1.6385107,-1.9414892,-0.97148925,1.3485107,-0.6914893,0.77851075,-0.34148926,-0.07148926,0.78851074,2.0885108,0.51851076,0.42851076,-1.4214892,-2.1714892,-1.7614893,-2.3614893,-2.0314894,0.97851074,-1.3214892,-1.4914893,-1.1814892,-0.91148925,-2.0514894,-0.37148926,-0.90148926,-2.4114892,-1.5214893,-1.5314893,0.79851073,-1.5514892,-2.1514893,-2.2614892,-2.0814893,0.90851074,-0.12148926,1.0985107,0.49851075,0.04851074,0.028510742
-2.4814892,-4.2614894,-4.831489,-2.0614893,-1.7814893,-2.2614892,-1.1814892,-0.6914893,-1.5514892,-0.6314893,-0.21148926,-1.3314892,1.4385108,0.33851075,-0.58148926,-0.8814893,-0.22148925,-1.1514893,0.088510744,-1.6114893,-1.5714892,-1.4014893,-1.6414893,-0.36148927,-1.9714893,-2.6014893,-1.3014892,-2.6014893,-2.5214891,-2.5114892,-1.8214892,-1.6114893,-0.86148924,-0.58148926,-0.44148925,-1.8514893,1.5085107,0.09851074,2.1285107,1.3185108,1.0085107
-2.0514894,-1.9814893,-2.3714893,-0.9314892,-0.6914893,-0.5714893,-0.58148926,-0.8814893,-1.6814892,-0.7614893,-0.5714893,-0.59148926,0.10851074,-1.5014893,-2.1014893,-1.7214893,-0.49148926,0.118510745,1.1185107,0.65851074,0.96851075,0.6785107,1.3585107,0.75851077,-1.2014892,-2.0214891,-1.3714893,-2.4214892,-1.7714893,-3.0614893,-3.1514893,-3.0914893,-2.6414893,0.35851073,-0.98148924,-1.8314892,-0.47148925,0.64851075,1.4885107,1.4485108,1.1785108
-1.6014893,-1.5614892,-0.59148926,-1.3314892,-1.2714893,-2.4914892,-1.9814893,0.76851076,-0.53148925,-0.9414893,0.41851074,-0.78148925,-0.98148924,-0.13148926,-1.0514892,-1.8714893,-0.19148926,0.058510743,-0.72148925,1.2485107,1.2185107,0.018510742,1.3585107,1.3785107,-0.47148925,-1.8714893,-1.0914893,0.36851075,-0.91148925,-1.9614892,-3.2314892,-3.2814894,-2.8614893,-2.0214891,-1.5414892,-1.5614892,-0.99148923,-0.91148925,0.40851074,0.91851074,2.7485108
-1.2614893,-1.5314893,-1.6414893,-1.9214892,-3.5114892,1.1385107,0.018510742,1.0685108,0.18851075,0.15851074,0.26851073,0.79851073,1.2485107,-0.61148924,-0.7614893,-0.64148927,-0.49148926,-1.0114893,-1.2914892,1.7185107,1.4585108,1.0285107,0.42851076,-0.90148926,-1.6014893,-2.2514892,-1.1214893,-0.64148927,-2.0014892,-1.4814893,-1.7114892,-2.0614893,-2.4414892,-2.6414893,-2.3614893,-2.5714893,-2.5814893,-1.9214892,-1.8714893,-3.1214893,-0.55148923
