wind_kz.json
{"header": {"discipline":0,"disciplineName":"Meteorological products","gribEdition":2,"gribLength":1025,"center":7,"centerName":"US National Weather Service - NCEP(WMC)","subcenter":0,"refTime":"2023-10-03T00:00:00.000Z","significanceOfRT":1,"significanceOfRTName":"Start of forecast","productStatus":0,"productStatusName":"Operational products","productType":1,"productTypeName":"Forecast products","productDefinitionTemplate":0,"productDefinitionTemplateName":"Analysis/forecast at horizontal level/layer at a point in time","parameterCategory":2,"parameterCategoryName":"UnknownDiscipline_0_Category_2","parameterNumber":2,"parameterNumberName":"UnknownParameter_D0_C2_2","parameterUnit":"Unknown","genProcessType":2,"genProcessTypeName":"Forecast","forecastTime":300,"surface1Type":103,"surface1TypeName":"Specified height level above ground","surface1Value":10.0,"surface2Type":255,"surface2TypeName":"Missing","surface2Value":0.0,"gridDefinitionTemplate":0,"gridDefinitionTemplateName":"Latitude_Longitude","numberPoints":615,"shape":6,"shapeName":"Earth spherical with radius of 6,371,229.0 m","gridUnits":"degrees","resolution":48,"winds":"true","scanMode":64,"nx":41,"ny":15,"basicAngle":0,"lo1":47.0,"la1":41.0,"lo2":87.0,"la2":55.0,"dx":1.0,"dy":1.0}, "data":
[rows 0 to 14 of 15, columns 0 to 40 of 41]
4.912788,1.1127881,-0.6472119,-1.607212,-0.14721191,1.1727881,4.602788,6.652788,6.912788,6.872788,6.392788,7.3227882,6.842788,6.442788,5.542788,4.892788,4.902788,4.932788,3.722788,1.4827881,-0.4972119,-1.217212,-1.3272119,1.7527881,5.022788,3.352788,3.212788,2.522788,-0.22721191,0.23278809,-2.197212,0.82278806,-1.8172119,-1.2572119,-2.397212,-1.3072119,0.9527881,1.5827881,2.212788,2.3627882,1.412788
-0.4372119,-0.92721194,0.6027881,0.88278806,1.2327881,3.6727881,5.5127883,4.522788,5.462788,5.332788,9.262788,7.772788,7.342788,7.122788,6.652788,5.232788,4.562788,3.542788,4.392788,3.9227881,1.762788,1.2427881,0.2827881,-2.0572119,-0.6272119,1.032788,1.3027881,-0.13721192,-0.28721192,1.3827881,-0.6572119,-0.9172119,-0.74721193,-1.8772119,0.5427881,0.032788087,0.8527881,1.3527881,-0.047211915,0.37278807,-2.397212
0.24278809,5.7427883,5.212788,6.852788,6.162788,6.542788,7.7827883,7.372788,8.322788,6.712788,6.142788,5.7627883,7.312788,9.192788,7.542788,6.882788,6.172788,5.562788,5.882788,1.8627881,4.112788,3.3727882,0.22278808,1.542788,1.7127881,7.402788,2.072788,2.9427881,5.382788,0.9527881,-1.3972119,0.7827881,0.5327881,-0.5472119,-0.4072119,-1.2472119,-0.7172119,-0.74721193,0.7327881,1.3727881,-0.22721191
5.422788,8.302788,6.5727882,6.622788,7.022788,7.022788,7.5327883,8.802788,8.702788,8.672788,8.092788,6.312788,8.402788,10.262788,8.672788,6.612788,6.422788,5.602788,5.122788,3.9027882,3.102788,3.4127882,-2.997212,0.3127881,3.1827881,6.622788,6.7827883,4.182788,-0.8972119,-4.317212,0.2627881,-2.977212,-2.287212,-2.417212,-0.67721194,-0.92721194,-0.9172119,1.8327881,-1.0072119,-2.727212,-2.6072118
4.342788,5.082788,7.0527883,5.652788,6.162788,5.872788,6.892788,8.482788,9.7927885,8.732788,7.542788,7.522788,5.932788,4.5527883,5.702788,7.3027883,6.5527883,5.462788,5.042788,5.212788,4.0527883,3.952788,3.6127882,1.282788,1.3427881,4.342788,5.982788,0.40278807,0.8027881,-2.967212,-1.7572119,-1.987212,-1.607212,0.9027881,-1.8072119,-1.5172119,-1.0672119,-3.457212,-3.517212,-2.5872118,-2.437212
3.1827881,3.452788,4.172788,5.5327883,5.902788,6.732788,7.2627883,6.9927883,6.752788,8.082788,7.942788,6.902788,6.722788,7.172788,5.972788,4.932788,4.0127883,5.092788,5.682788,5.542788,5.882788,4.5527883,3.6927881,2.592788,2.272788,1.2327881,3.3827882,-1.347212,-1.087212,-0.8372119,-2.687212,-2.737212,-2.677212,-2.697212,-1.1772119,-3.537212,-0.93721193,-2.1172118,-1.7472119,-2.147212,-2.3672118
3.092788,3.582788,4.0327883,4.162788,4.5127883,5.002788,5.3227882,4.582788,5.122788,5.962788,5.972788,6.622788,4.842788,5.632788,4.182788,5.8027883,6.0127883,5.662788,4.592788,5.292788,7.522788,5.5127883,5.142788,4.142788,3.032788,0.15278809,0.5327881,-0.5772119,-0.7172119,0.1627881,-0.5672119,-2.297212,-2.147212,-1.1772119,-3.437212,-2.047212,-0.7672119,0.3127881,-0.10721192,1.2127881,-2.0972118
2.322788,2.532788,2.6727881,3.272788,3.502788,3.9427881,4.192788,3.272788,3.772788,4.0527883,4.542788,7.0527883,6.062788,5.082788,5.142788,5.392788,6.3027883,7.8227882,5.712788,2.302788,4.482788,5.812788,4.0327883,1.3627881,0.5827881,2.852788,2.542788,2.062788,1.8427881,1.772788,-1.3872119,0.22278808,-0.3672119,0.5327881,0.21278809,-3.6172118,-1.987212,-6.7572117,-4.1972117,-3.467212,-0.2772119
1.9627881,2.042788,2.712788,3.002788,2.982788,2.8627882,3.722788,3.972788,3.822788,4.502788,3.702788,4.812788,5.182788,6.212788,6.982788,7.422788,7.842788,5.692788,7.702788,3.9127882,0.69278806,2.9027882,4.692788,3.962788,1.532788,2.222788,4.542788,2.982788,2.6727881,0.88278806,0.9327881,1.8627881,2.562788,0.8027881,-0.8872119,-2.5872118,-0.8272119,-1.857212,-1.2972119,-0.5072119,-0.06721191
1.8127881,1.2127881,2.6127882,3.1827881,2.802788,2.002788,2.062788,4.112788,3.1427882,3.9427881,4.722788,4.882788,3.4327881,5.372788,6.042788,6.312788,6.482788,6.5727882,6.722788,3.202788,2.812788,3.092788,3.1227882,6.352788,2.8627882,1.7427881,5.432788,3.822788,4.2827883,1.762788,1.4627881,-0.74721193,-0.8272119,-1.5472119,-0.67721194,-1.457212,-2.457212,-0.7172119,-0.6472119,0.3127881,-0.25721192
1.9727881,2.4327881,2.752788,2.452788,3.1227882,2.202788,2.352788,3.1227882,3.242788,3.032788,4.022788,2.252788,4.842788,3.312788,2.9327881,3.4427881,1.2427881,2.452788,3.332788,3.202788,1.142788,1.5527881,3.042788,3.232788,2.222788,3.532788,3.802788,5.252788,0.76278806,-0.6672119,-0.5872119,-1.477212,-1.5072119,-0.13721192,-0.057211913,-1.1172119,-1.3272119,0.4827881,-1.337212,1.3527881,-0.8972119
1.892788,2.102788,2.1927881,3.042788,2.4427881,2.1527882,2.732788,2.352788,2.4327881,2.752788,2.322788,1.9827881,0.6627881,2.722788,2.452788,2.092788,1.8227881,3.782788,1.152788,5.3227882,1.4727881,-0.5472119,0.7827881,0.9327881,2.562788,2.6927881,2.572788,5.0127883,3.6927881,-1.2872119,-0.99721193,-1.097212,-1.1872119,-1.487212,-0.99721193,-0.20721191,-0.5672119,-2.187212,-1.2672119,-1.107212,-0.5372119
2.302788,1.8727881,3.512788,3.042788,1.542788,2.502788,2.462788,2.1527882,3.252788,0.9827881,0.94278806,2.8727882,1.3327881,-0.18721192,0.012788086,2.072788,1.7527881,2.1627882,1.5027881,1.4627881,2.222788,1.032788,-0.8972119,2.462788,2.252788,2.072788,1.2427881,1.3127881,0.9627881,-0.22721191,-0.7672119,-1.6772119,-0.8372119,-1.847212,-1.4372119,-0.98721194,-0.6272119,-1.7872119,-2.197212,-2.147212,-1.457212
3.202788,3.462788,4.772788,3.732788,2.9027882,2.8727882,2.282788,1.902788,2.1227882,2.972788,2.022788,3.082788,2.562788,-0.6672119,2.292788,1.9327881,1.5827881,1.412788,2.472788,2.4227881,2.1227882,2.252788,2.102788,1.9527881,1.4527881,2.032788,-1.1272119,2.8927882,0.8627881,0.21278809,-0.14721191,-1.1972119,-1.2672119,-1.4472119,-1.3972119,-1.8272119,-1.3972119,-1.2972119,-0.9172119,-0.5772119,-0.7672119
3.552788,3.502788,5.0127883,3.4127882,4.2627883,3.6927881,3.822788,3.3627882,3.562788,3.4327881,1.9327881,3.722788,2.342788,2.8627882,2.4127882,1.782788,2.602788,0.69278806,1.9927881,1.8727881,1.892788,2.1227882,2.302788,1.8427881,2.6727881,0.45278808,1.412788,0.94278806,-0.047211915,1.152788,0.4827881,-1.4072119,-1.4272119,-1.5672119,-1.8072119,-1.3172119,-1.3872119,-0.6572119,-0.41721192,-0.20721191,-1.3872119
