wind_kz.json
{"header": {"discipline":0,"disciplineName":"Meteorological products","gribEdition":2,"gribLength":871,"center":7,"centerName":"US National Weather Service - NCEP(WMC)","subcenter":0,"refTime":"2024-02-01T00:00:00.000Z","significanceOfRT":1,"significanceOfRTName":"Start of forecast","productStatus":0,"productStatusName":"Operational products","productType":1,"productTypeName":"Forecast products","productDefinitionTemplate":0,"productDefinitionTemplateName":"Analysis/forecast at horizontal level/layer at a point in time","parameterCategory":0,"parameterCategoryName":"UnknownDiscipline_0_Category_0","parameterNumber":0,"parameterNumberName":"UnknownParameter_D0_C0_0","parameterUnit":"Unknown","genProcessType":2,"genProcessTypeName":"Forecast","forecastTime":0,"surface1Type":1,"surface1TypeName":"Ground or water surface","surface1Value":0.0,"surface2Type":255,"surface2TypeName":"Missing","surface2Value":0.0,"gridDefinitionTemplate":0,"gridDefinitionTemplateName":"Latitude_Longitude","numberPoints":615,"shape":6,"shapeName":"Earth spherical with radius of 6,371,229.0 m","gridUnits":"degrees","resolution":48,"winds":"true","scanMode":64,"nx":41,"ny":15,"basicAngle":0,"lo1":47.0,"la1":41.0,"lo2":87.0,"la2":55.0,"dx":1.0,"dy":1.0}, "data":
[rows 0 to 14 of 15, columns 0 to 40 of 41]
272.83105,265.13104,272.43106,280.33105,280.43106,281.93106,278.53107,276.53107,272.13104,272.33105,271.53107,271.73105,270.13104,269.83105,271.23105,271.13104,272.33105,271.83105,273.83105,272.83105,273.53107,274.33105,272.93106,269.03107,270.53107,271.63104,261.83105,245.83105,245.03105,248.03105,253.83105,253.63106,261.93106,266.33105,268.63104,267.23105,267.83105,267.43106,267.53107,266.23105,268.83105
253.63106,272.13104,280.13104,279.83105,280.53107,281.03107,268.83105,266.73105,267.23105,268.43106,268.53107,266.23105,266.83105,270.23105,271.93106,272.03107,271.63104,271.03107,270.43106,271.23105,272.23105,272.63104,271.33105,263.63104,252.43106,255.13106,258.83105,247.43106,249.73105,244.13106,253.93106,237.83105,255.93106,242.83105,249.33105,264.53107,266.03107,267.63104,266.03107,261.63104,263.93106
270.33105,278.33105,279.93106,280.33105,280.43106,265.83105,264.63104,265.53107,266.53107,267.43106,265.13104,269.73105,270.33105,270.13104,268.93106,267.83105,268.23105,269.63104,268.93106,269.63104,271.53107,271.13104,271.23105,266.73105,268.33105,263.43106,261.93106,264.63104,263.63104,254.93106,247.43106,251.93106,251.33105,255.13106,257.13104,259.13104,251.83105,250.73105,249.13106,250.63106,249.23105
267.23105,275.83105,278.13104,279.23105,276.63104,264.13104,268.03107,265.73105,265.83105,265.83105,266.33105,266.03107,281.23105,281.93106,272.23105,271.03107,268.73105,269.03107,268.93106,268.83105,269.03107,265.33105,266.93106,268.13104,269.53107,269.93106,268.53107,265.73105,262.73105,263.23105,264.63104,262.33105,269.03107,265.03107,263.33105,260.53107,251.93106,252.23105,258.43106,259.93106,255.83105
268.63104,268.93106,267.43106,265.83105,265.73105,267.33105,268.33105,267.73105,267.13104,266.63104,266.13104,266.93106,279.03107,279.03107,278.33105,269.83105,269.23105,269.63104,268.13104,268.43106,267.93106,268.03107,267.63104,268.93106,269.03107,269.73105,268.13104,267.93106,267.03107,267.53107,268.03107,265.43106,254.13106,244.43106,258.83105,256.53107,257.53107,253.33105,254.93106,256.13104,257.13104
266.53107,265.13104,263.53107,265.53107,266.33105,265.93106,266.13104,268.93106,265.53107,265.33105,265.93106,264.63104,276.93106,279.13104,268.03107,268.03107,268.13104,268.73105,268.83105,267.03107,266.83105,266.73105,266.83105,267.43106,267.83105,267.93106,268.23105,267.83105,267.03107,266.93106,266.13104,267.83105,262.73105,262.03107,263.43106,262.73105,260.73105,261.13104,255.63106,252.63106,254.03105
264.33105,268.23105,267.03107,266.93106,266.93106,266.43106,265.33105,264.43106,263.03107,263.03107,262.53107,265.83105,267.73105,267.23105,264.93106,265.13104,265.23105,266.13104,267.33105,267.53107,266.13104,265.43106,265.53107,266.03107,265.53107,266.53107,265.93106,265.63104,264.73105,263.23105,262.33105,262.13104,263.03107,265.83105,264.63104,263.83105,261.13104,260.33105,253.53105,254.53105,254.33105
269.73105,266.83105,265.93106,266.33105,266.63104,265.83105,264.83105,259.83105,260.33105,260.73105,260.43106,266.33105,264.43106,262.03107,263.23105,263.73105,264.43106,262.93106,265.23105,265.73105,264.33105,264.73105,264.23105,264.43106,264.43106,264.53107,262.43106,262.63104,259.93106,261.13104,259.03107,260.83105,262.23105,261.63104,263.93106,260.43106,257.33105,259.53107,259.63104,257.83105,254.93106
266.93106,265.83105,264.63104,262.43106,263.23105,262.73105,263.03107,259.73105,260.13104,258.93106,261.83105,267.13104,260.93106,259.73105,260.13104,262.73105,262.23105,262.13104,263.43106,265.13104,260.33105,262.73105,262.43106,264.03107,264.53107,264.93106,263.53107,262.03107,259.93106,257.53107,259.23105,260.33105,263.13104,265.23105,265.03107,260.23105,262.43106,261.93106,258.13104,256.53107,251.83105
265.63104,265.53107,264.53107,262.63104,262.53107,260.83105,259.03107,257.83105,261.13104,255.03105,258.93106,258.13104,256.33105,256.63104,257.03107,261.13104,260.33105,261.63104,256.33105,261.43106,256.13104,256.13104,262.03107,264.03107,264.23105,264.03107,263.43106,262.53107,261.33105,260.43106,261.33105,264.63104,265.43106,264.63104,262.83105,264.43106,264.53107,262.83105,263.03107,258.13104,252.63106
265.73105,263.83105,263.93106,262.23105,261.73105,256.83105,255.53105,256.03107,259.43106,256.43106,256.03107,255.93106,256.93106,253.13106,254.63106,257.43106,260.13104,260.43106,261.53107,259.23105,259.93106,264.53107,264.23105,264.93106,264.33105,264.03107,261.93106,260.83105,261.63104,261.63104,262.33105,262.13104,262.43106,263.23105,264.33105,265.83105,264.63104,262.03107,253.53105,258.63104,259.03107
265.33105,263.83105,263.23105,261.63104,261.53107,254.73105,255.93106,255.63106,260.23105,255.03105,255.83105,255.43106,255.33105,256.73105,258.73105,254.43106,259.63104,259.63104,260.63104,259.63104,258.83105,258.13104,258.03107,258.63104,258.43106,257.63104,257.63104,258.93106,258.93106,256.53107,255.63106,256.93106,261.93106,260.63104,264.53107,266.13104,267.83105,264.33105,264.73105,262.13104,260.23105
267.13104,263.43106,261.73105,260.53107,259.73105,255.33105,253.33105,254.93106,256.13104,254.43106,252.93106,253.63106,255.23105,257.03107,257.73105,255.43106,252.03105,252.03105,257.23105,254.53105,257.53107,255.63106,256.03107,252.83105,253.13106,253.53105,255.93106,255.13106,256.93106,258.43106,258.23105,260.63104,262.73105,265.23105,266.13104,266.43106,265.83105,264.63104,264.53107,258.83105,258.43106
266.93106,265.03107,261.03107,259.83105,255.33105,253.03105,253.73105,256.53107,267.63104,264.03107,258.83105,258.73105,253.03105,257.13104,258.73105,259.73105,252.43106,253.63106,254.83105,258.73105,257.83105,258.23105,257.83105,256.63104,255.03105,250.73105,255.23105,261.63104,261.43106,261.03107,261.03107,262.23105,263.43106,263.43106,261.83105,263.93106,265.23105,264.03107,261.13104,258.23105,253.83105
266.63104,265.23105,262.23105,260.03107,255.83105,254.83105,257.43106,257.83105,267.83105,257.73105,257.63104,258.33105,259.13104,254.73105,260.93106,259.13104,256.03107,252.83105,251.83105,252.63106,252.43106,249.33105,251.83105,255.43106,251.43106,251.93106,256.53107,258.93106,261.03107,260.63104,259.43106,256.23105,254.83105,254.63106,255.43106,255.93106,258.63104,259.03107,263.83105,261.03107,261.03107
