wind_kz.json
{"header": {"discipline":0,"disciplineName":"Meteorological products","gribEdition":2,"gribLength":871,"center":7,"centerName":"US National Weather Service - NCEP(WMC)","subcenter":0,"refTime":"2023-08-21T12:00:00.000Z","significanceOfRT":1,"significanceOfRTName":"Start of forecast","productStatus":0,"productStatusName":"Operational products","productType":1,"productTypeName":"Forecast products","productDefinitionTemplate":0,"productDefinitionTemplateName":"Analysis/forecast at horizontal level/layer at a point in time","parameterCategory":0,"parameterCategoryName":"UnknownDiscipline_0_Category_0","parameterNumber":0,"parameterNumberName":"UnknownParameter_D0_C0_0","parameterUnit":"Unknown","genProcessType":2,"genProcessTypeName":"Forecast","forecastTime":180,"surface1Type":1,"surface1TypeName":"Ground or water surface","surface1Value":0.0,"surface2Type":255,"surface2TypeName":"Missing","surface2Value":0.0,"gridDefinitionTemplate":0,"gridDefinitionTemplateName":"Latitude_Longitude","numberPoints":615,"shape":6,"shapeName":"Earth spherical with radius of 6,371,229.0 m","gridUnits":"degrees","resolution":48,"winds":"true","scanMode":64,"nx":41,"ny":15,"basicAngle":0,"lo1":47.0,"la1":41.0,"lo2":87.0,"la2":55.0,"dx":1.0,"dy":1.0}, "data":
[rows 0 to 14 of 15, columns 0 to 40 of 41]
295.36688,286.5669,288.5669,298.9669,298.4669,297.4669,292.6669,292.0669,289.7669,290.6669,289.4669,291.6669,291.2669,291.7669,292.2669,290.7669,291.4669,293.1669,290.5669,291.86688,295.2669,289.36688,288.0669,289.7669,290.7669,289.6669,287.86688,275.36688,276.0669,278.1669,277.7669,278.6669,287.6669,294.36688,297.36688,298.1669,298.5669,299.4669,299.0669,299.0669,300.2669
275.1669,289.0669,298.6669,298.4669,298.36688,297.36688,288.86688,287.1669,286.6669,286.6669,287.7669,286.9669,286.5669,285.36688,289.6669,291.0669,291.6669,292.5669,289.2669,290.2669,291.2669,293.1669,294.0669,284.0669,275.1669,278.1669,281.0669,275.4669,275.86688,274.7669,281.36688,274.1669,281.0669,264.1669,276.7669,294.1669,293.4669,296.1669,300.4669,293.2669,284.0669
287.5669,298.6669,298.7669,298.4669,297.1669,287.7669,287.5669,286.9669,286.1669,285.4669,284.9669,285.6669,284.1669,285.7669,287.5669,286.1669,288.86688,290.1669,291.6669,288.7669,289.86688,290.4669,294.9669,288.9669,290.4669,287.4669,289.9669,290.7669,291.6669,281.86688,277.1669,278.6669,283.4669,282.9669,283.86688,282.6669,280.86688,279.7669,284.7669,280.6669,279.6669
288.0669,299.4669,298.7669,297.86688,294.0669,287.1669,287.6669,285.9669,285.7669,285.5669,284.86688,283.86688,295.2669,294.5669,287.4669,289.86688,288.1669,285.5669,289.1669,289.1669,288.86688,284.36688,292.7669,291.2669,290.0669,291.0669,294.2669,292.36688,289.36688,289.4669,291.4669,291.2669,294.7669,294.5669,290.5669,287.1669,278.86688,278.1669,285.6669,292.2669,295.4669
289.4669,298.86688,299.0669,298.5669,294.7669,287.6669,287.0669,286.6669,286.0669,285.7669,284.86688,284.0669,295.36688,293.9669,291.5669,288.1669,285.0669,286.2669,284.4669,289.36688,290.5669,290.7669,289.2669,291.1669,289.2669,291.36688,288.86688,292.2669,291.5669,290.6669,291.36688,289.86688,284.4669,276.1669,285.1669,292.4669,293.5669,297.7669,297.36688,298.4669,298.86688
285.2669,282.4669,297.36688,298.1669,298.6669,298.1669,288.2669,288.2669,286.86688,286.2669,286.86688,286.4669,293.1669,294.5669,289.1669,285.36688,286.5669,285.4669,286.0669,288.86688,289.2669,289.9669,290.0669,289.7669,288.9669,289.9669,290.1669,293.36688,291.6669,292.5669,291.0669,292.7669,289.2669,288.7669,288.5669,288.4669,286.9669,288.1669,294.7669,297.36688,297.2669
284.5669,282.9669,284.7669,285.36688,289.1669,284.7669,285.6669,285.1669,286.1669,287.6669,287.0669,285.86688,285.5669,283.1669,283.4669,284.7669,284.36688,285.4669,285.4669,285.9669,287.9669,288.4669,289.0669,292.4669,290.2669,288.7669,287.36688,289.7669,290.36688,289.6669,289.6669,288.7669,288.5669,289.86688,288.36688,288.7669,286.5669,283.86688,284.4669,282.9669,293.5669
283.7669,283.4669,284.0669,283.4669,285.1669,284.36688,284.5669,284.2669,284.2669,285.5669,284.9669,283.1669,282.1669,283.86688,285.6669,286.0669,284.4669,284.6669,284.9669,285.2669,286.5669,286.7669,286.7669,291.5669,290.9669,287.36688,285.0669,285.5669,285.0669,287.1669,286.86688,287.0669,284.2669,283.36688,283.2669,285.9669,288.5669,289.36688,289.4669,290.2669,286.6669
282.9669,282.1669,282.5669,282.36688,283.7669,283.2669,282.2669,283.1669,284.6669,283.4669,282.5669,281.36688,280.7669,284.6669,285.6669,286.7669,285.6669,286.2669,284.7669,284.0669,285.0669,284.9669,286.6669,289.4669,289.2669,288.1669,286.86688,282.4669,281.1669,280.7669,283.4669,284.1669,285.5669,285.7669,284.86688,282.86688,282.7669,284.7669,277.36688,280.36688,279.36688
281.7669,283.4669,283.1669,282.7669,282.7669,282.36688,281.2669,281.36688,283.9669,283.86688,282.5669,282.1669,281.5669,281.0669,283.4669,283.86688,286.36688,286.0669,286.0669,286.7669,286.1669,285.5669,286.7669,288.36688,286.86688,286.36688,286.1669,283.86688,282.36688,281.36688,282.7669,286.6669,288.1669,287.4669,285.5669,283.5669,283.2669,280.9669,277.2669,281.2669,280.7669
282.5669,281.9669,281.7669,282.1669,281.6669,281.36688,280.5669,280.4669,282.2669,282.2669,282.2669,282.0669,283.7669,283.2669,283.7669,281.9669,281.6669,283.4669,285.86688,285.6669,285.7669,285.9669,285.1669,285.5669,285.86688,284.1669,282.6669,284.6669,284.0669,285.1669,285.6669,286.0669,287.86688,287.6669,287.36688,284.6669,281.36688,279.6669,278.9669,282.0669,282.1669
280.9669,282.2669,281.6669,281.2669,280.7669,280.7669,279.0669,278.7669,280.36688,279.36688,278.5669,281.1669,282.7669,282.36688,283.0669,283.6669,282.6669,280.9669,280.7669,284.2669,284.1669,282.7669,283.7669,282.4669,281.5669,282.1669,283.5669,284.6669,285.6669,285.86688,284.4669,286.0669,286.4669,285.36688,286.2669,285.2669,285.2669,284.7669,284.86688,285.1669,285.0669
279.6669,280.0669,281.5669,284.2669,283.0669,279.86688,279.1669,278.7669,277.7669,276.86688,275.2669,275.9669,280.86688,279.0669,280.4669,282.36688,283.1669,283.5669,281.2669,279.4669,279.4669,282.4669,279.36688,279.86688,281.2669,282.2669,284.0669,283.7669,284.2669,283.36688,283.5669,284.86688,285.36688,285.1669,285.1669,285.86688,285.36688,285.9669,286.0669,286.86688,288.5669
279.7669,281.9669,288.9669,285.6669,283.7669,282.5669,281.86688,281.2669,276.9669,275.9669,275.1669,273.86688,275.4669,278.2669,280.86688,280.4669,282.1669,282.5669,283.1669,283.4669,280.86688,280.4669,280.9669,281.36688,282.1669,282.9669,282.5669,282.5669,282.4669,282.86688,284.0669,284.1669,283.9669,284.1669,284.6669,284.36688,285.7669,283.9669,285.0669,285.4669,286.7669
280.4669,285.5669,290.86688,286.6669,285.5669,280.6669,282.86688,279.0669,277.9669,276.1669,274.5669,273.4669,274.2669,278.1669,278.1669,278.86688,281.4669,281.2669,282.36688,282.9669,283.6669,283.6669,282.9669,283.1669,282.4669,282.6669,283.1669,282.9669,282.86688,282.5669,283.1669,283.5669,284.0669,283.5669,284.1669,284.1669,284.1669,284.0669,284.6669,285.5669,286.6669
