wind_kz.json
{"header": {"discipline":0,"disciplineName":"Meteorological products","gribEdition":2,"gribLength":1025,"center":7,"centerName":"US National Weather Service - NCEP(WMC)","subcenter":0,"refTime":"2023-08-27T18:00:00.000Z","significanceOfRT":1,"significanceOfRTName":"Start of forecast","productStatus":0,"productStatusName":"Operational products","productType":1,"productTypeName":"Forecast products","productDefinitionTemplate":0,"productDefinitionTemplateName":"Analysis/forecast at horizontal level/layer at a point in time","parameterCategory":2,"parameterCategoryName":"UnknownDiscipline_0_Category_2","parameterNumber":2,"parameterNumberName":"UnknownParameter_D0_C2_2","parameterUnit":"Unknown","genProcessType":2,"genProcessTypeName":"Forecast","forecastTime":300,"surface1Type":103,"surface1TypeName":"Specified height level above ground","surface1Value":10.0,"surface2Type":255,"surface2TypeName":"Missing","surface2Value":0.0,"gridDefinitionTemplate":0,"gridDefinitionTemplateName":"Latitude_Longitude","numberPoints":615,"shape":6,"shapeName":"Earth spherical with radius of 6,371,229.0 m","gridUnits":"degrees","resolution":48,"winds":"true","scanMode":64,"nx":41,"ny":15,"basicAngle":0,"lo1":47.0,"la1":41.0,"lo2":87.0,"la2":55.0,"dx":1.0,"dy":1.0}, "data":
[rows 0 to 14 of 15, columns 0 to 40 of 41]
2.3708673,-1.0691327,1.2108673,6.4408674,3.9908674,2.4608674,1.4208673,1.1308674,-2.5991328,1.6808673,-2.0791328,1.8408673,4.9008675,1.3708673,-2.0391326,-3.9491327,-4.2491326,-4.1391325,-3.3191328,-3.4491327,-2.2791326,-0.8891327,1.9308673,3.0708673,-1.0891327,2.0008674,1.0908673,5.490867,2.4808674,2.6408672,1.2908673,2.2708673,1.7908673,0.3708673,2.0708673,4.160867,4.6908674,3.8308673,3.7008674,3.1008673,3.5608673
-0.07913269,-1.7091327,8.090867,4.950867,4.8708673,2.4408674,-0.6891327,-3.5791328,-5.569133,-2.8691328,-1.7891327,-5.1491327,2.7308674,-2.3191328,-5.1691327,-4.719133,-3.8591328,-4.2091327,-2.3891327,-0.6991327,1.0408673,0.1908673,-0.20913269,4.1208673,4.1508675,0.3208673,0.6508673,3.0008674,4.550867,4.2308674,3.8808672,6.260867,-0.2491327,1.4608673,0.5108673,2.4808674,1.2208673,3.4608674,0.5708673,0.7408673,0.5008673
7.910867,11.990867,10.490867,4.5708675,6.2308674,3.8608673,-2.3991327,-3.3091326,-4.2891326,-2.4091327,-3.3291328,-5.4791327,-0.35913268,-5.6291327,-7.6391325,-6.9591327,-5.759133,-3.6791327,-2.2691326,-0.02913269,1.6308674,1.4208673,0.17086731,3.8008673,0.24086732,2.5408673,1.1908673,-0.35913268,3.2408674,0.5008673,2.4708674,0.6208673,-0.4991327,0.2808673,1.5308673,2.3308673,1.7608674,0.03086731,0.2508673,3.4808674,6.260867
7.990867,9.170867,5.700867,2.0008674,6.0708675,3.4508674,0.11086731,-2.6291327,-3.6791327,-3.5091326,-3.1391327,-5.2691326,-4.1891327,-4.9291325,-6.009133,-5.6891327,-3.1791327,-0.28913268,-1.8091327,-1.7391326,-0.7391327,1.4008673,3.4208672,4.800867,4.0208673,2.5908673,2.1208673,1.4308673,8.673096E-4,-2.6591327,-4.2691326,-3.8591328,-3.0191326,-0.12913269,0.6408673,2.3208673,1.7908673,2.8508673,-2.1491327,-2.1991327,-2.9991326
-2.2391326,-1.1591327,-0.1691327,-2.1691327,-1.6091326,0.97086734,2.0008674,-0.4291327,-1.5091327,-2.6591327,-3.6891327,-4.1691327,-3.6491327,-2.4791327,-0.7491327,-4.3491325,-3.4191327,-1.3591326,-0.6391327,-1.2491326,-1.3991327,0.7108673,8.673096E-4,0.6708673,-2.2891326,2.1008673,3.4408674,-1.9691327,-2.8591328,-1.1991327,-0.4891327,1.5108674,3.4308672,4.950867,-3.0191326,-1.8391327,-0.15913269,-3.4891326,-1.6891327,-1.9891326,-1.3191327
-5.339133,-4.969133,-5.4391327,-4.719133,-4.609133,-4.6891327,-3.8991327,-0.52913266,-0.06913269,0.4708673,-0.5691327,-0.5491327,-0.3991327,1.7508674,0.3508673,1.5708673,0.7308673,-0.8191327,-1.0891327,-0.9291327,-3.0291326,-2.5091326,0.4808673,-0.3791327,-2.8691328,-4.4091325,-1.0491327,-3.3191328,-4.0591326,-3.2991326,-3.1491327,-1.4591327,-1.8091327,-1.2391326,-2.1291327,-0.07913269,-0.41913268,0.4308673,-2.5791328,-3.1691327,-3.3191328
-6.2691326,-6.449133,-6.2691326,-5.569133,-4.5791326,-4.589133,-4.2091327,-3.1691327,-3.3091326,-2.6991327,-2.0491326,-1.4091327,-1.0091327,-0.09913269,1.0208673,2.1108673,3.8208673,0.9008673,1.3008673,-0.5691327,-3.0191326,-1.9691327,-1.6091326,1.0908673,-1.3791327,-3.4891326,-4.109133,-4.3491325,-4.609133,-2.1891327,-1.8791327,-2.3491328,-1.8891327,-1.7091327,-1.2991327,-1.1091326,0.12086731,2.0408673,1.1608673,1.6608673,-1.6491327
-2.9191327,-3.2591326,-4.609133,-5.6591325,-6.0791326,-6.259133,-5.6491327,-5.1391325,-5.279133,-5.5791326,-5.2691326,-4.5591326,-4.4291325,-2.8191328,-1.9991326,-2.6991327,-0.21913269,-0.10913269,1.5408673,0.3808673,-1.2091327,-0.7391327,-1.6091326,-1.0291327,3.1008673,0.6408673,-2.7291327,-2.6691327,-4.1591325,-2.8891327,-3.8991327,-3.3991327,-4.069133,-4.1891327,-1.2991327,-2.5091326,-1.1491327,0.9208673,1.0608673,1.2008673,3.0908673
-2.2291327,-2.1091328,-2.5191326,-2.7791326,-3.3991327,-4.2291327,-5.1791325,-5.069133,-5.009133,-5.339133,-5.9091325,-5.8691325,-5.509133,-4.009133,-3.3891327,-3.4491327,-2.9291327,-2.3591328,-3.5791328,-1.6591327,-0.1691327,-0.5191327,-0.05913269,0.53086734,0.2608673,2.6908674,-0.38913268,-0.9391327,-0.35913268,-2.1291327,-3.5491326,-4.8891325,-5.1691327,-3.8491328,-1.8391327,0.6308673,1.0708673,2.2508674,2.5808673,1.1808673,2.2708673
-1.6491327,-2.0191326,-1.2591327,-1.5891327,-1.9891326,-2.6891327,-3.6691327,-3.6191328,-3.6991327,-3.5991328,-3.9691327,-4.3891325,-2.9891326,-3.3691328,-3.1791327,-2.7791326,-3.0691328,-3.3791327,-2.3891327,-2.5391326,-0.5791327,-1.2791327,1.6308674,1.7908673,-0.3791327,0.7708673,0.5208673,-0.6591327,-1.0091327,-2.8291328,-5.299133,-5.9991326,-4.549133,-3.3191328,-1.4191327,-1.0491327,1.1608673,-0.9391327,3.1008673,1.3908674,0.01086731
-1.4891326,-2.0391326,-2.1191328,-0.96913266,-0.4691327,-0.6891327,-0.9591327,-0.47913268,-1.7391326,-1.5591327,-1.8291327,-1.5191327,-1.0791327,-2.0391326,-2.0791328,-1.7791327,-1.7191327,-1.1591327,-1.0691327,-1.7391326,-0.7591327,0.33086732,0.4008673,1.4508673,1.7308673,-0.7091327,-1.3091327,-0.64913267,-1.2691327,-3.7691326,-5.6191325,-4.6291327,-3.9791327,-3.3291328,-2.6991327,-1.5791327,1.0408673,0.17086731,1.0508673,-0.6691327,1.5108674
0.24086732,0.36086732,-0.2291327,-0.2691327,0.15086731,0.06086731,-0.38913268,0.17086731,-0.7591327,1.1008673,0.7908673,0.03086731,-0.02913269,-0.2491327,-0.3191327,-0.4591327,-0.10913269,-0.3191327,0.1608673,-0.20913269,0.23086731,-0.7091327,-0.07913269,0.46086732,1.8008673,2.0808673,-0.35913268,-0.96913266,-2.7491326,-5.719133,-4.339133,-4.029133,-3.2491326,-2.9091327,-1.9891326,-2.6191328,-2.5891328,-1.9091327,-1.4591327,-0.9591327,-0.8491327
2.1508672,3.0508673,2.3908672,2.7508674,3.1708672,2.2908673,2.8408673,2.7508674,3.1108673,1.5108674,1.3308673,1.2408673,1.5708673,1.5408673,0.7108673,0.5408673,-0.10913269,-0.14913268,0.14086731,-0.05913269,0.08086731,0.7008673,-1.6291327,-1.5391327,-1.5591327,0.24086732,-1.6791327,-7.2091327,-6.259133,-5.8991327,-4.109133,-3.3391328,-3.5491326,-2.0891328,-1.0591327,-0.7691327,-1.1991327,-0.7391327,-2.3491328,-1.6691327,-0.6891327
3.0808673,2.9908674,3.4408674,2.6008673,2.7908673,2.7008674,2.7308674,2.7308674,2.5208673,2.1808672,1.0008674,2.4608674,2.5708673,1.9308673,2.0408673,1.8808674,1.7108673,1.4508673,1.3308673,0.5508673,0.24086732,-0.04913269,-2.7391326,-1.6191326,-1.8691326,-3.1991327,-4.1391325,-4.0591326,-5.0991325,-5.089133,-2.1291327,-2.1991327,-1.0391327,-0.1991327,0.46086732,-0.64913267,-0.11913269,0.36086732,-0.3091327,-0.06913269,-0.41913268
2.7908673,3.9508674,4.4608674,3.6708672,3.7708673,3.1708672,3.5208673,2.9308672,2.4408674,0.7508673,0.3208673,1.5908673,1.4208673,1.5808673,2.3808672,2.7408674,2.4008672,1.7908673,1.4108673,0.6208673,0.39086732,-0.6891327,-0.47913268,-1.8191327,0.14086731,-1.7691327,-2.7591326,-3.2891326,0.20086731,-0.47913268,-1.4291327,0.06086731,-0.6691327,-0.01913269,0.9408673,0.3208673,1.0108674,0.8808673,2.0608673,2.0308673,1.4108673
