wind.json
{"header": {"discipline":0,"disciplineName":"Meteorological products","gribEdition":2,"gribLength":1125,"center":7,"centerName":"US National Weather Service - NCEP(WMC)","subcenter":0,"refTime":"2023-05-30T00:00:00.000Z","significanceOfRT":1,"significanceOfRTName":"Start of forecast","productStatus":0,"productStatusName":"Operational products","productType":1,"productTypeName":"Forecast products","productDefinitionTemplate":0,"productDefinitionTemplateName":"Analysis/forecast at horizontal level/layer at a point in time","parameterCategory":2,"parameterCategoryName":"UnknownDiscipline_0_Category_2","parameterNumber":2,"parameterNumberName":"UnknownParameter_D0_C2_2","parameterUnit":"Unknown","genProcessType":2,"genProcessTypeName":"Forecast","forecastTime":0,"surface1Type":103,"surface1TypeName":"Specified height level above ground","surface1Value":10.0,"surface2Type":255,"surface2TypeName":"Missing","surface2Value":0.0,"gridDefinitionTemplate":0,"gridDefinitionTemplateName":"Latitude_Longitude","numberPoints":688,"shape":6,"shapeName":"Earth spherical with radius of 6,371,229.0 m","gridUnits":"degrees","resolution":48,"winds":"true","scanMode":64,"nx":43,"ny":16,"basicAngle":0,"lo1":45.0,"la1":40.0,"lo2":87.0,"la2":55.0,"dx":1.0,"dy":1.0}, "data":
[rows 0 to 15 of 16, columns 0 to 42 of 43]
-1.1474512,1.9925488,2.2025487,-0.4974512,0.21254882,-1.7074512,-3.8174512,-3.987451,-5.827451,-7.4774513,-5.197451,-4.547451,-4.757451,-5.007451,-5.097451,-5.007451,-4.1474514,-3.3174512,-3.4174511,-3.1374512,-3.2674513,-2.3474512,-3.1174512,1.6025488,2.032549,-1.5074512,-0.22745118,-0.6374512,0.52254885,-0.71745116,-1.3374512,0.2525488,-0.51745117,-1.4274511,-1.8574512,-2.4274511,-4.127451,-4.2274513,-4.197451,-3.697451,-3.9174511,-3.8374512,-5.407451
1.4025488,4.552549,-0.8074512,-1.5274512,2.022549,-3.1074512,-2.7874513,-5.357451,-5.507451,-6.5574512,-8.0274515,-5.047451,-4.447451,-5.857451,-7.1674514,-5.5574512,-4.007451,-3.487451,-3.0674512,-4.5574512,-3.717451,-2.197451,0.84254885,2.4125488,0.36254883,-2.737451,0.49254882,-2.4074512,-3.5774512,-2.977451,-0.36745116,-0.90745115,-0.15745117,2.032549,1.1025488,-1.7974511,-2.8174512,-2.2774513,-3.967451,-3.7774513,-3.1174512,-3.227451,-1.8974512
0.6125488,-1.4374511,1.9625489,1.5825489,0.06254883,-5.367451,-2.3974512,-6.237451,-3.8374512,-9.287451,-6.117451,-5.237451,-5.1674514,-6.2474513,-5.697451,-4.9574513,-2.987451,-5.6474514,-4.7074513,-6.257451,-4.627451,-3.4174511,-4.2474513,-2.5974512,-1.5774512,-4.047451,-0.51745117,0.45254883,-1.4574512,0.46254882,-2.2674513,-1.3374512,0.092548825,-0.59745115,1.3525488,-2.7974513,0.90254885,0.0125488285,-0.40745118,0.5025488,-0.5674512,0.26254883,-3.0174513
0.98254883,0.29254884,2.1025488,2.4125488,-2.737451,-4.467451,-4.777451,-7.7474513,-7.577451,-4.837451,-7.467451,-5.777451,-4.9974513,-6.607451,-6.427451,-5.877451,-6.887451,-7.327451,-6.607451,-5.027451,-3.247451,-2.217451,-7.087451,-10.287451,-8.017451,-6.837451,0.5125488,-3.1574512,-1.0274512,-0.96745116,-1.4174511,-0.8074512,-1.5674511,2.532549,-0.7974512,-0.5074512,0.092548825,-1.1074512,0.6925488,-0.15745117,2.4825487,5.262549,3.0725489
4.0225487,3.4825487,0.65254885,-3.8774512,-6.2274513,-5.817451,-7.297451,-8.997451,-6.327451,-6.317451,-5.947451,-6.2074513,-5.0174513,-5.927451,-7.387451,-6.347451,-6.657451,-7.467451,-6.9974513,-4.2674513,-3.717451,-4.357451,-6.6474514,-10.157452,-2.1174512,-6.177451,-6.467451,-5.7274513,-4.757451,-8.417451,-3.717451,-0.47745118,-0.6074512,-3.0674512,-2.3874512,-3.4074512,-3.737451,-2.2974513,-1.5774512,3.2125487,1.4625489,1.3125489,4.3525486
0.73254883,-1.3174511,-2.3274512,-5.9774513,-7.2674513,-7.0374513,-6.7674513,-6.6874514,-6.387451,-6.757451,-5.867451,-6.277451,-6.427451,-4.427451,-8.037451,-7.487451,-6.847451,-4.737451,-5.567451,-4.2874513,-2.8074512,-4.9574513,-5.447451,-5.0174513,-4.617451,-4.377451,-4.237451,-4.0574512,-4.657451,-2.987451,-2.6374512,-2.1774511,-2.977451,-2.4174511,-2.3374512,1.7725488,1.7825488,2.1025488,2.2325487,1.7225488,3.282549,2.1825488,5.662549
-2.467451,-2.8974512,-3.247451,-4.4574513,-6.577451,-6.607451,-6.007451,-8.457451,-7.257451,-6.857451,-5.9174514,-5.587451,-5.9374514,-5.7474513,-5.777451,-6.077451,-4.567451,-3.697451,-4.2874513,-3.6474512,-3.3574512,-2.8674512,-3.5274513,-2.6774511,-2.7974513,-2.5674512,-2.237451,-1.9574512,0.24254882,1.5225488,2.1425488,2.6525488,2.802549,1.9225488,1.9325489,1.0525489,0.31254882,-2.197451,0.59254885,1.5525489,6.722549,0.7025488,2.1325488
-2.3374512,-2.3174512,-3.1174512,-3.257451,-3.4074512,-3.497451,-7.5574512,-7.987451,-7.2074513,-6.257451,-5.1874514,-5.277451,-4.757451,-4.607451,-3.8274512,-3.1374512,-3.3074512,-2.3674512,-1.2674512,0.042548828,0.19254883,0.40254882,1.4025488,2.542549,2.7225487,2.5625489,2.1525488,2.252549,3.8625488,4.532549,4.902549,4.422549,4.5825486,5.202549,7.2525487,2.8825488,-2.487451,-1.8574512,-1.2674512,2.762549,0.6925488,0.48254883,2.8325489
0.05254883,-0.26745117,-0.8874512,-2.2674513,-1.8074511,-3.0274513,-6.467451,-7.107451,-6.7874513,-5.077451,-4.9974513,-4.357451,-3.6074512,-2.8774512,-1.8474512,-1.3574512,0.44254884,1.3225489,1.5925488,2.772549,2.6925488,2.6225488,2.8225489,1.0825489,2.042549,2.8225489,3.1125488,1.9625489,4.172549,3.302549,5.4825487,6.0425487,5.8325486,8.832549,4.652549,0.6125488,6.2725487,3.542549,2.4225488,2.3225489,-1.1474512,1.3125489,-0.8874512
-2.217451,-2.5874512,-1.6374512,-1.9174511,-1.2574512,-3.8574512,-5.1474514,-4.1874514,-4.837451,-4.377451,-3.1074512,-2.3374512,-1.7374512,-1.0474511,0.6325488,1.4925488,2.542549,2.8225489,2.9625487,1.5825489,-0.11745117,1.0025488,1.1725488,0.67254883,-0.48745117,-0.14745118,1.0525489,2.012549,2.1525488,3.3425488,5.552549,6.302549,5.612549,2.7325487,5.5225487,1.0625489,4.0625486,-0.25745118,2.052549,1.2025489,1.1525488,0.41254884,-1.7674512
-1.7174512,-4.3974514,-4.337451,-2.007451,-1.6474512,-2.1674511,-3.4174511,-3.5574512,-3.3374512,-2.5874512,-1.8674512,-1.5774512,0.26254883,0.91254884,1.0525489,2.0825489,2.8625488,3.3825488,3.302549,2.5925488,0.8025488,0.8225488,1.1325488,-0.6174512,1.5425488,1.2425488,-0.37745118,0.53254884,0.35254884,0.72254884,2.4325488,2.1425488,1.1525488,3.532549,5.242549,4.992549,1.8425488,0.18254882,-1.8274512,-1.9874512,-1.4674512,0.11254883,-0.76745117
-6.677451,-2.0474513,-6.0574512,-5.6474514,-4.0374513,-3.247451,-1.8874512,-3.5174513,-2.3774512,-1.8374512,-1.5974512,-2.5174513,-0.5474512,1.1225488,0.66254884,1.5925488,1.7825488,2.4725487,1.9725488,3.052549,0.92254883,2.3225489,2.6725488,0.6825488,-0.26745117,-1.2574512,-0.59745115,0.31254882,0.05254883,0.9325488,2.0725489,3.9425488,4.782549,2.6425488,-1.5174512,-0.22745118,2.2125487,-3.707451,0.53254884,-0.16745117,-1.2374512,0.39254883,-0.6874512
-2.9274511,-5.4574513,-3.257451,-4.867451,-5.7874513,-5.177451,-4.597451,-3.8874512,-2.457451,-1.8174511,-0.84745115,-2.1174512,-1.2274512,0.71254885,-0.07745117,1.0325488,3.1025488,3.242549,3.272549,4.132549,2.2025487,2.6425488,2.032549,2.9225488,-0.71745116,1.1925489,-0.027451172,-1.0474511,-0.7974512,0.5525488,2.3225489,2.0825489,-1.7174512,-2.6774511,-2.3474512,-1.8074511,-1.0474511,-0.43745118,-0.07745117,-0.96745116,-0.18745117,0.30254883,-0.44745117
-2.0574512,-4.5574512,-3.757451,-4.1474514,-4.087451,-3.4174511,-4.337451,-3.5774512,-3.237451,-2.5774512,-2.697451,-1.3874512,-1.0374511,0.46254882,0.17254883,2.0725489,2.4625487,2.8325489,3.052549,3.8325489,2.1725488,3.5825489,2.3125489,1.9925488,3.4225488,1.5325488,0.72254884,0.33254883,0.9325488,0.022548828,-0.7474512,-2.6174512,-3.2874513,-3.0774512,-2.217451,-1.9774512,-1.0274512,-1.5474511,-1.4674512,-1.2574512,-2.5574512,-0.82745117,-0.18745117
-3.0474513,-1.6074512,-2.6674511,-2.5674512,-2.1074512,-3.6774511,-3.007451,-1.2874511,-4.2674513,-2.8274512,0.2525488,-1.7974511,0.10254883,-0.65745115,1.2825488,2.3525488,2.272549,1.0425488,1.7925488,3.012549,2.4525487,3.5725489,3.3525488,3.1825488,3.9125488,-0.5074512,-0.5074512,0.41254884,-1.8874512,-1.1674511,-2.6274512,-2.1674511,-2.727451,-1.6774511,-1.7374512,-1.5174512,-0.9274512,-1.2074512,-2.4274511,-1.2974511,-0.64745116,-0.26745117,-0.53745115
-2.1074512,-1.9674512,-1.6474512,-2.6174512,-2.467451,-2.4374511,-2.7974513,-2.0374513,-0.8774512,-1.2274512,-0.20745116,-0.13745117,0.0125488285,0.5525488,0.7425488,1.4825488,1.5925488,1.7925488,2.6825488,3.042549,1.4825488,3.532549,3.9025488,4.492549,0.35254884,-0.52745116,0.31254882,-1.5874512,-0.76745117,-3.507451,-3.8574512,-2.2674513,-2.3274512,-1.4074512,-1.5374511,-0.007451172,-0.91745114,-0.64745116,-1.1774511,-0.26745117,1.6425488,2.002549,-0.34745118
