wind_kz.json
{"header": {"discipline":0,"disciplineName":"Meteorological products","gribEdition":2,"gribLength":1025,"center":7,"centerName":"US National Weather Service - NCEP(WMC)","subcenter":0,"refTime":"2023-09-10T12:00:00.000Z","significanceOfRT":1,"significanceOfRTName":"Start of forecast","productStatus":0,"productStatusName":"Operational products","productType":1,"productTypeName":"Forecast products","productDefinitionTemplate":0,"productDefinitionTemplateName":"Analysis/forecast at horizontal level/layer at a point in time","parameterCategory":2,"parameterCategoryName":"UnknownDiscipline_0_Category_2","parameterNumber":2,"parameterNumberName":"UnknownParameter_D0_C2_2","parameterUnit":"Unknown","genProcessType":2,"genProcessTypeName":"Forecast","forecastTime":300,"surface1Type":103,"surface1TypeName":"Specified height level above ground","surface1Value":10.0,"surface2Type":255,"surface2TypeName":"Missing","surface2Value":0.0,"gridDefinitionTemplate":0,"gridDefinitionTemplateName":"Latitude_Longitude","numberPoints":615,"shape":6,"shapeName":"Earth spherical with radius of 6,371,229.0 m","gridUnits":"degrees","resolution":48,"winds":"true","scanMode":64,"nx":41,"ny":15,"basicAngle":0,"lo1":47.0,"la1":41.0,"lo2":87.0,"la2":55.0,"dx":1.0,"dy":1.0}, "data":
[rows 0 to 14 of 15, columns 0 to 40 of 41]
-1.5905542,-0.7705542,1.0194458,-0.0305542,2.7994459,3.1394458,2.509446,3.2894459,-1.2905542,-0.3005542,-0.8605542,-1.7205542,-2.9105542,-2.7705543,-3.000554,-1.8405542,-1.6805542,0.6294458,-1.6905541,0.4294458,2.3194458,0.9694458,0.069445804,-1.3605542,0.059445802,-2.240554,-2.7605543,0.1494458,1.5194458,0.6894458,-0.3805542,1.8894458,0.0794458,0.1194458,-1.9805542,-0.9105542,-0.4405542,0.9994458,0.7994458,-1.5405542,-1.9705542
1.7594458,0.8294458,0.019445801,1.6694458,2.3694458,1.5394458,0.1094458,-3.5805542,-4.060554,-2.970554,-2.3605542,-4.7005544,-2.5605543,-1.6205542,-1.4705542,-1.6905541,1.0394458,-0.5405542,0.4894458,1.5094458,2.1394458,1.6594458,0.0294458,-1.1705542,0.8194458,1.0394458,0.0294458,1.7894458,-0.8305542,-0.7105542,0.2794458,-0.2405542,0.2894458,-2.9205542,0.5094458,-0.3705542,-0.0305542,-0.6305542,-0.9505542,1.8294458,0.8694458
-0.2105542,-1.1905541,0.6194458,2.0494459,1.3094459,-0.110554196,-3.8205543,-3.5605543,-4.600554,-3.5305543,-3.4205542,-2.5805542,-1.8205543,-1.6705542,-0.8605542,-0.6405542,-0.3005542,2.1894457,2.5594459,2.5694458,3.3494458,3.8694458,-0.6505542,0.3394458,1.1194458,0.1694458,-0.5405542,0.7094458,0.1594458,-0.3705542,-0.1805542,2.1994457,-0.2305542,-0.6805542,0.4294458,-0.6805542,-0.0305542,0.5294458,-0.3205542,2.3994458,2.5994458
-0.3005542,0.1994458,1.3394458,1.4594458,1.0494457,-3.3305542,-2.720554,-3.8205543,-3.500554,-3.240554,-2.8505542,-2.5905542,-1.8105541,-0.7805542,0.0894458,1.5594459,1.6294458,1.6594458,0.8194458,1.5694458,2.8294458,0.7494458,0.6494458,-2.7905543,-2.7905543,-1.4205542,-2.4405541,-4.8205543,-2.3205543,1.3894458,0.7694458,-1.7805542,-2.1005542,-3.9605541,-2.5505543,-2.5605543,-1.6905541,2.4394457,1.5694458,-0.6705542,0.3094458
-0.6105542,-0.0805542,1.0794458,0.1494458,-2.8405542,-3.500554,-3.250554,-2.6105542,-3.8405542,-3.3005543,-2.3105543,-0.2505542,0.0894458,0.5294458,0.7194458,1.7094458,2.2194457,-0.8305542,0.47944582,-0.5405542,-2.750554,-3.2905543,-3.5305543,-3.8105543,-3.3405542,-3.1905541,-5.8905544,-3.3105543,-3.6705542,-2.750554,-2.6205542,-1.1805542,-1.2105542,2.2994459,-0.9705542,-1.1005542,-3.1105542,-2.6205542,-2.6805542,-3.0705543,-2.8705542
0.1194458,-0.5705542,0.6594458,-0.1605542,-3.9405541,-4.790554,-3.750554,-3.4605541,-2.7705543,-1.8405542,-1.6305542,-1.1505542,0.4694458,0.4694458,0.8494458,1.5994458,1.7594458,-7.060554,-0.7605542,-4.630554,-2.720554,-2.5905542,-3.4405541,-3.8305542,-3.7805543,-5.940554,-4.750554,-8.180554,-4.850554,-4.8005543,-3.6405542,-2.5505543,-0.7005542,-1.0705543,-0.0205542,-3.9305542,0.6894458,-2.230554,-0.3505542,-3.500554,-3.7005541
1.1594458,-0.2205542,0.3094458,-2.3805542,-2.1605542,-2.3805542,-3.1305542,-2.4105542,-1.9705542,-1.2305542,-0.1305542,-0.4705542,-0.1405542,0.7594458,1.5594459,1.6194458,1.6594458,-3.0405543,-4.2805543,-1.6905541,-2.5305543,-1.6905541,-1.2205542,-3.0605543,-3.500554,-4.370554,-3.9505541,-4.790554,-4.8205543,-4.830554,-5.620554,-5.0705543,-1.7805542,-2.230554,-2.740554,-1.5105542,-0.8405542,0.8194458,-2.480554,-0.010554199,0.4394458
-1.8905542,-1.0205542,-0.4605542,-0.9005542,-1.1505542,-2.1305542,-1.7705542,-1.2905542,0.0094458,0.1994458,0.5094458,2.0794458,-0.1005542,0.3994458,1.8094459,1.7594458,1.7694458,2.7094457,-2.6705542,-1.3905542,-1.8605542,-1.7805542,-1.1405542,-2.220554,-1.6605542,-1.8205543,-2.8305542,-4.5105543,-4.1605544,-3.4405541,-5.3005543,-2.2805543,-5.8205543,-1.7105542,-3.0305543,-5.541992E-4,2.4594457,1.9294457,-2.4305542,-2.6805542,-2.2905543
-1.0405542,-0.010554199,0.1494458,-0.110554196,-1.1305542,-0.9005542,-0.5305542,-0.5005542,-0.8905542,0.7794458,0.7294458,-2.3505542,-0.5505542,-0.3605542,0.7894458,0.2894458,-0.0705542,-3.500554,-3.2805543,-3.3905542,-3.2905543,-1.8205543,-1.3405542,-2.0905542,-2.3705542,-2.5605543,-1.9205542,-2.5405543,-1.8305542,-2.250554,-3.1005542,-1.7805542,-0.5605542,-1.0605541,-0.1205542,0.6394458,-0.4405542,-2.3705542,-0.6905542,0.069445804,-1.4205542
1.7694458,1.7294458,0.7294458,-0.5305542,-0.7905542,-0.7005542,-0.5305542,-0.0505542,0.7794458,1.5994458,-0.6705542,-2.0105543,0.069445804,1.0394458,-1.4905542,-1.3905542,-2.6705542,-2.9605541,-3.3205543,-3.0805542,-3.1305542,-2.240554,-2.250554,-2.990554,-3.9005542,-5.1405544,-3.8805542,-4.100554,-3.3005543,-2.8605542,-1.9405541,-1.1805542,-0.9005542,-1.4605542,-0.1805542,-0.5105542,-1.0505542,-0.2405542,-2.240554,-0.2805542,-0.6505542
1.6594458,2.8094459,0.7194458,1.2694458,-0.1905542,-0.8305542,0.5594458,0.6394458,1.3394458,-0.2205542,-0.1305542,0.0294458,-0.1205542,1.3194458,0.0094458,-1.9205542,-1.8505542,-1.8505542,-3.0705543,-3.0305543,-2.6805542,-2.6205542,-2.8305542,-3.2705543,-3.1005542,-3.1905541,-2.7005541,-2.5105543,-2.1205542,-1.3805542,-2.1005542,-2.0205543,-2.7105541,-1.7805542,-1.0205542,-0.8805542,-1.4905542,-1.0205542,-0.7005542,0.6494458,-0.9605542
1.0094458,2.1294458,1.0994458,-0.4805542,0.3494458,0.4194458,-1.0705543,-0.20055419,-0.6205542,-1.1105542,-0.8705542,0.3894458,0.3494458,-0.2105542,0.9594458,0.3994458,-0.0805542,-0.9005542,-2.2905543,-1.1705542,-1.5905542,-0.9705542,-2.5805542,-1.9705542,-1.4405541,-2.0705543,-2.0205543,-2.0405543,-2.500554,-2.5205543,-2.4205542,-2.5705543,-1.6505542,-2.500554,-2.1105542,-2.500554,-2.6905541,-0.9505542,-0.20055419,-0.3505542,-0.3005542
1.6194458,1.4294457,0.8994458,-0.5205542,0.1494458,-0.4105542,0.1794458,1.6394458,0.3494458,-0.9005542,-0.8505542,0.2394458,-0.8805542,0.6694458,0.8594458,-0.4705542,-0.1205542,-0.4405542,-0.3105542,-0.4705542,-0.4405542,-1.0405542,-0.7405542,-0.7905542,0.1394458,-0.8105542,-2.1705542,-3.1905541,-3.0705543,-2.5205543,-2.4105542,-2.5805542,-2.7605543,-2.720554,-1.9505543,-2.6205542,-2.220554,-1.5005542,-2.5905542,-1.5705543,-0.3605542
2.3294458,0.9994458,2.009446,1.2894458,1.3694458,2.009446,2.6594458,0.2494458,0.1794458,-0.4805542,-0.9905542,-0.3105542,0.5494458,1.2194458,1.8494458,1.2394458,1.5594459,1.5594459,0.6694458,1.2394458,1.3894458,1.4094458,1.7994457,1.2994457,1.4594458,-0.0505542,-1.2005543,-1.4805542,-1.5805542,-2.1605542,-2.5805542,-2.6205542,-2.6705542,-2.6105542,-1.9405541,-2.4205542,-2.2805543,-2.250554,-2.1705542,-0.8205542,0.4694458
1.1094458,1.1594458,0.019445801,-1.1605542,-0.27055418,1.2294458,3.6594458,-0.6805542,-0.3305542,-1.6105542,-1.2105542,-0.9105542,0.3794458,0.7294458,1.9194458,1.9494458,1.9394459,1.9294457,1.2394458,2.0994458,2.009446,1.5194458,1.5894458,1.9294457,1.5994458,0.7594458,0.1094458,-0.0905542,-0.3405542,-0.6905542,-1.6205542,-1.9205542,-2.0105543,-2.1505542,-2.3105543,-2.250554,-1.7305542,-1.9105542,-1.3205543,-1.2805542,-0.7205542
