wind.json
{"header": {"discipline":0,"disciplineName":"Meteorological products","gribEdition":2,"gribLength":1211,"center":7,"centerName":"US National Weather Service - NCEP(WMC)","subcenter":0,"refTime":"2023-06-30T12:00:00.000Z","significanceOfRT":1,"significanceOfRTName":"Start of forecast","productStatus":0,"productStatusName":"Operational products","productType":1,"productTypeName":"Forecast products","productDefinitionTemplate":0,"productDefinitionTemplateName":"Analysis/forecast at horizontal level/layer at a point in time","parameterCategory":2,"parameterCategoryName":"UnknownDiscipline_0_Category_2","parameterNumber":3,"parameterNumberName":"UnknownParameter_D0_C2_3","parameterUnit":"Unknown","genProcessType":2,"genProcessTypeName":"Forecast","forecastTime":240,"surface1Type":103,"surface1TypeName":"Specified height level above ground","surface1Value":10.0,"surface2Type":255,"surface2TypeName":"Missing","surface2Value":0.0,"gridDefinitionTemplate":0,"gridDefinitionTemplateName":"Latitude_Longitude","numberPoints":688,"shape":6,"shapeName":"Earth spherical with radius of 6,371,229.0 m","gridUnits":"degrees","resolution":48,"winds":"true","scanMode":64,"nx":43,"ny":16,"basicAngle":0,"lo1":45.0,"la1":40.0,"lo2":87.0,"la2":55.0,"dx":1.0,"dy":1.0}, "data":
[rows 0 to 15 of 16, columns 0 to 42 of 43]
2.3435218,-1.0264783,0.6435217,5.983522,5.523522,4.083522,0.74352175,-2.0964782,-3.0564783,0.113521725,-3.2564783,-6.1964784,-6.286478,-7.1164784,-8.516479,-6.856478,-5.8864784,-5.0064783,-5.856478,-4.8164783,-4.3664784,-4.666478,-1.8464782,-5.876478,-2.2664783,-0.11647827,-1.1064782,-2.8964782,-0.20647827,-2.5264783,-3.6064782,-1.8364782,1.6635218,0.48352173,-3.0664783,-5.896478,-9.116478,-10.0564785,-6.3664784,-4.016478,-0.9764783,-1.4064783,-3.3064783
-1.0664783,-0.63647825,4.4035215,3.5535216,1.8035218,5.0335217,3.1435218,-1.2064782,-3.3164783,-2.5464783,-2.9364784,-5.7164783,-5.3664784,-7.996478,-5.3264785,-4.7764783,-4.726478,-7.436478,-7.626478,-6.936478,-4.036478,0.13352174,-2.9064782,-1.0664783,-0.7064783,0.9135217,5.8235216,0.27352172,0.36352172,2.3635218,-4.0064783,-2.7664783,-0.29647827,0.93352175,-2.1164782,-5.0764785,-3.3064783,-5.4264784,-5.766478,-2.0264783,-1.3764783,0.61352175,-1.0464783
0.33352172,2.2235217,0.48352173,1.7435217,0.40352172,1.5735217,1.8935218,-0.38647828,-2.8764782,-4.746478,-4.5564785,-4.5564785,-5.1964784,-5.7964783,-5.746478,-7.3264785,-7.9664783,-6.9264784,-5.086478,-3.7064784,-2.4864783,0.75352174,-0.30647826,0.76352173,0.33352172,1.1735218,1.3535217,1.9335217,0.35352173,-0.25647828,1.0935217,-1.8964783,1.8235217,-3.1664782,0.8935217,-2.1464782,-2.2364783,1.9335217,-10.866478,2.4335217,-1.2364783,-4.206478,-0.08647827
-0.67647827,-1.4664782,2.3635218,1.3035218,0.6635217,1.0935217,1.8435217,2.9935217,-3.4464784,-2.7864783,-2.2464783,-3.6864784,-4.786478,-4.836478,-8.966478,-7.7764783,-7.586478,-7.0764785,-6.9664783,-13.616478,0.6535217,1.1135217,2.5335217,2.2435217,0.7235217,0.9735217,1.3135217,1.1435218,0.9835217,1.0935217,-4.916478,-2.3964782,-3.2964783,-1.6264783,-0.7064783,0.6535217,-3.9664783,-0.81647825,-1.1664783,0.45352173,-1.1664783,-0.9064783,-1.3764783
0.7735217,2.7635217,0.88352174,-0.12647827,-2.2464783,-4.106478,-2.0364783,-3.1164782,-3.5364783,-3.3964782,-4.7564783,-2.3964782,-4.8464785,-3.8664782,-2.9164782,-4.0264783,-5.4264784,-5.8664784,-4.7364783,-0.5464783,-4.6564784,5.793522,4.083522,7.1735215,-1.3464782,-7.8664784,10.033522,1.9135218,6.3635216,1.8735217,-1.6864783,-3.0864782,-1.0964782,-8.346478,-10.836478,0.46352172,2.8235216,0.30352172,-1.7764783,1.0535218,-0.8964783,-5.286478,-6.7764783
1.7435217,3.0935218,1.7035217,-0.63647825,-2.1864784,-3.9564784,-8.986478,-8.106479,-4.7764783,-6.0564785,-4.086478,-2.8764782,-5.0764785,0.9635217,1.5135217,-0.68647826,-1.8664783,-9.3064785,-11.676478,-5.896478,0.29352173,2.4935217,5.163522,6.413522,-2.9464784,-4.6764784,2.6735218,6.833522,9.903522,0.27352172,1.2435217,0.5435217,-4.5764785,-6.3064785,-3.7664783,-1.1264783,-1.7164782,-4.746478,-11.286478,2.8735218,0.22352172,-4.7164783,-5.286478
4.6935215,6.043522,7.213522,5.5335217,4.123522,3.7135217,1.2435217,-1.3264782,-5.6764784,-6.246478,-3.9264784,-4.356478,-5.4264784,-5.4464784,1.1535218,2.2035217,-2.3864782,-7.9864783,-10.146479,-14.316479,-3.8864782,6.2235217,8.993522,4.2035217,9.313521,5.9735217,0.50352174,-0.86647826,-0.9764783,-4.726478,-2.1964784,-2.6364782,-3.8064783,-4.7364783,-5.786478,-4.0464783,-3.4364784,-0.11647827,-2.1664782,-6.8164783,-4.336478,-1.9764782,-4.936478
-3.1164782,-2.8564782,-3.0564783,-2.1164782,-3.1164782,-1.3164783,-1.6764783,-5.146478,2.5635216,-3.5964782,-4.0264783,-4.8664784,-5.036478,-5.3064785,-4.7364783,-5.496478,-6.916478,-4.646478,1.2335217,1.0735217,-1.6364783,-10.3064785,-6.086478,-6.1564784,-0.75647825,-1.1664783,-1.1464783,1.3035218,3.0035217,3.1135218,4.713522,0.16352172,-4.226478,-4.686478,-5.2564783,-5.7764783,-3.4964783,3.2035217,2.3535218,-1.3464782,-2.4864783,-2.2464783,1.8235217
-4.2364783,-4.6164784,-4.1564784,-3.8764782,-4.586478,-5.2564783,-5.686478,-6.726478,-2.5864782,-3.3364782,-3.4464784,-4.226478,-5.786478,-5.916478,-6.516478,-6.126478,-7.1764784,-5.2964783,-6.0564785,1.7635217,0.5835217,-3.1764784,-0.04647827,-2.8364782,-5.3464785,-4.1564784,-2.1564782,2.5935218,-1.8864783,-1.6964782,-8.686479,-3.5364783,-4.456478,-6.7964783,-6.9064784,-7.376478,-6.376478,-5.3464785,-3.1464782,0.88352174,-0.11647827,-0.47647828,0.22352172
-5.186478,-4.5564785,-4.976478,-5.336478,-5.9664783,-5.396478,-5.936478,-5.5564785,-1.0164783,1.0635217,-2.1964784,-4.0464783,-5.0264783,-5.4264784,-5.876478,-6.6164784,-5.5064783,-7.036478,-5.036478,-5.976478,-5.286478,-6.246478,-4.1564784,-3.9964783,-1.8364782,-2.2164783,-4.746478,-5.456478,-3.0864782,-4.4864783,-3.4964783,-3.2364783,-5.266478,-5.9064784,-6.106478,-7.516478,-6.8664784,-3.1464782,-2.3064783,-5.6364784,-1.9164783,-1.6664783,0.06352173
-3.9964783,-5.286478,-4.876478,-5.246478,-4.8864784,-5.896478,-4.8064785,-5.516478,-6.666478,-3.1664782,-5.0464783,-5.586478,-5.9864783,-6.0564785,-6.7564783,-6.1164784,-5.896478,-5.1564784,-6.1964784,-4.6964784,-5.0064783,-4.996478,-4.8464785,-4.016478,-3.3764782,-2.1664782,-2.2764783,-4.4064784,-3.7864783,-2.2164783,-2.6764784,-5.286478,-4.9664783,-4.976478,-5.1364784,-7.7164783,-7.0764785,-4.6764784,-0.36647826,-0.016478272,-2.0864782,0.27352172,-1.3564782
-3.1164782,-4.6764784,-4.5064783,-4.4864783,-4.9864783,-5.226478,-5.536478,-5.0764785,-5.4664783,-3.6064782,-4.3264785,-4.686478,-3.1464782,-2.0864782,-4.0564785,-4.0964785,-4.4864783,-5.6364784,-4.5764785,-6.2764783,-4.106478,-5.3864784,-3.9464784,-1.0964782,-2.9464784,-2.8664782,-1.9864783,0.46352172,-1.0564783,-3.3264782,-2.5564783,-2.2664783,-4.206478,-4.286478,-6.7564783,-4.856478,-6.536478,-6.686478,-3.8564782,-1.4464782,-1.5064783,-2.7064784,-2.0564783
-3.4664783,-3.1264782,-3.3564782,-5.2364783,-4.0464783,-4.7164783,-4.5564785,-4.766478,-5.0764785,-5.1364784,-5.836478,-5.4064784,-4.706478,-3.9064782,-3.9364784,-4.1364784,-7.3264785,-6.606478,-4.5264783,-5.2564783,-4.2764783,-3.8964782,-3.4264784,-1.2564783,-0.9564783,-0.24647827,2.9435217,-0.45647827,-0.87647825,-1.8764783,0.68352175,-1.4564782,-2.9464784,-6.1964784,-3.4164782,-5.3164783,-3.7464783,-5.1764784,-4.606478,-3.9764783,-3.2964783,-2.6564782,-2.4764783
-2.9364784,-2.5264783,-2.7164783,-3.0064783,-4.396478,-2.4464784,-4.1564784,-3.1264782,-4.5064783,-5.456478,-6.0764785,-6.396478,-3.4964783,-2.9564784,-1.9164783,-3.6764784,-4.786478,-6.0764785,-7.2164783,-3.9764783,-3.5664783,-1.8464782,-1.7264782,-0.7164783,-0.7864783,0.55352175,0.10352173,1.4835217,-1.2664783,-1.1264783,-5.666478,-2.7364783,-0.9064783,-1.3364782,-1.8764783,-4.4864783,-2.3864782,-3.6264782,-1.4864783,0.14352173,-2.7964783,-4.3864784,-2.5964782
-1.8864783,-2.8164783,-3.0964782,-3.9764783,-3.3464782,-4.246478,-3.4764783,-3.2564783,-3.6664782,-4.5764785,-4.7764783,-5.5764785,-4.086478,-3.5064783,-5.0564785,-4.5064783,-3.4364784,-4.266478,-5.376478,-5.706478,-6.666478,-1.9764782,-0.68647826,-1.0764782,-1.3964783,1.2635217,-0.27647826,0.5835217,1.1135217,-1.6064782,-2.7764783,0.43352172,-2.7564783,-1.9364783,-5.416478,0.33352172,-2.1164782,-4.4264784,-1.6364783,-2.1764784,-2.2064784,-2.5364783,-2.4364784
-1.4064783,-1.7464783,-1.0464783,-3.1964784,-1.5864782,-3.2364783,-4.0564785,-3.9964783,-3.8564782,-3.7164783,-4.456478,-3.8864782,-3.0364783,-4.6164784,-5.0964785,-3.1964784,-3.6864784,-4.516478,-4.536478,-4.5964785,-5.0764785,-4.606478,-4.1764784,1.4635217,1.2635217,2.5535216,2.3235216,1.8235217,-0.106478274,4.083522,2.7735217,0.40352172,2.5635216,-0.46647826,-2.0664783,-1.1864783,-1.0364783,0.7135217,-2.4964783,-0.8464783,-2.1664782,-2.9864783,-2.7064784
