wind_kz.json
{"header": {"discipline":0,"disciplineName":"Meteorological products","gribEdition":2,"gribLength":1025,"center":7,"centerName":"US National Weather Service - NCEP(WMC)","subcenter":0,"refTime":"2023-09-18T18:00:00.000Z","significanceOfRT":1,"significanceOfRTName":"Start of forecast","productStatus":0,"productStatusName":"Operational products","productType":1,"productTypeName":"Forecast products","productDefinitionTemplate":0,"productDefinitionTemplateName":"Analysis/forecast at horizontal level/layer at a point in time","parameterCategory":2,"parameterCategoryName":"UnknownDiscipline_0_Category_2","parameterNumber":3,"parameterNumberName":"UnknownParameter_D0_C2_3","parameterUnit":"Unknown","genProcessType":2,"genProcessTypeName":"Forecast","forecastTime":180,"surface1Type":103,"surface1TypeName":"Specified height level above ground","surface1Value":10.0,"surface2Type":255,"surface2TypeName":"Missing","surface2Value":0.0,"gridDefinitionTemplate":0,"gridDefinitionTemplateName":"Latitude_Longitude","numberPoints":615,"shape":6,"shapeName":"Earth spherical with radius of 6,371,229.0 m","gridUnits":"degrees","resolution":48,"winds":"true","scanMode":64,"nx":41,"ny":15,"basicAngle":0,"lo1":47.0,"la1":41.0,"lo2":87.0,"la2":55.0,"dx":1.0,"dy":1.0}, "data":
[rows 0 to 14 of 15, columns 0 to 40 of 41]
1.2998071,2.259807,-0.6901929,-0.78019285,-0.27019286,-1.0801929,-0.14019287,0.65980715,-0.44019288,-0.7301929,-3.3401928,-3.650193,-4.200193,-3.5901928,-3.3401928,-3.900193,-4.080193,-4.4801927,-5.300193,-3.210193,-3.0701928,-1.3801929,2.309807,1.4198071,1.4598072,1.4998071,0.7598071,1.4898071,-2.3001928,-3.670193,-2.3101928,1.0698072,-1.2901928,1.2198071,0.34980714,-0.8101929,0.49980712,0.15980713,-1.6801928,-2.3401928,-0.16019288
-0.5101929,0.97980714,2.519807,2.279807,0.8898071,0.44980714,-0.91019285,-0.14019287,-0.44019288,-1.3801929,-2.170193,-3.5101929,-4.010193,-3.950193,-4.4001927,-4.280193,-3.200193,-3.990193,-3.690193,-5.620193,-4.950193,-1.2901928,0.36980712,-1.1201929,2.349807,3.1698072,3.1698072,-0.12019287,0.5798071,0.5598071,-2.2801929,-3.2501929,-0.85019284,-2.5901928,1.6798072,2.109807,1.2598071,2.789807,1.3498071,-2.5501928,-1.2401929
0.5098071,4.319807,3.1598072,2.599807,2.1398072,1.3498071,0.6798071,0.15980713,0.15980713,-1.2101929,-2.2701929,-2.5901928,-3.210193,-3.3701928,-4.180193,-5.4601927,-5.850193,-5.790193,-4.4601927,0.06980713,-4.5001926,-5.510193,-5.580193,-2.2801929,-1.9001929,-2.0601928,-1.7501929,-1.2701929,-1.1201929,-1.7001929,-2.1101928,1.2098072,-1.4701929,1.9798071,0.6198071,-2.0201929,-2.0101929,-1.0101929,-0.9301929,1.5198071,3.1198072
2.1898072,2.6898072,2.789807,1.5798072,1.7898071,1.8198072,1.5298071,0.5598071,0.54980713,0.05980713,-0.90019286,-1.7201929,-2.890193,-3.650193,-3.8001928,-4.6501927,-5.1701927,-6.140193,-6.520193,-6.350193,-4.410193,-4.820193,0.77980715,-1.3401929,-2.720193,-3.7701929,-4.660193,-3.0701928,-1.9201928,-2.3801928,-2.730193,0.019807128,1.2298071,-0.05019287,2.759807,-0.11019287,3.839807,4.429807,-2.8201928,-3.3501928,-2.150193
1.1198071,1.4398072,1.2998071,0.7498071,0.79980713,1.3498071,0.7698071,0.84980714,0.77980715,0.049807128,-0.43019286,-0.8101929,-1.8601929,-3.2501929,-3.5201929,-3.8501928,-4.080193,-4.3801928,-4.030193,-3.0501928,-1.8401929,-0.12019287,-0.08019287,-0.70019287,-2.0301929,-3.990193,-4.560193,-2.8401928,-1.2801929,-2.480193,-3.2701929,-3.470193,0.40980712,1.1698071,0.27980712,0.9898071,-1.4701929,-0.6901929,-2.920193,-3.2601929,-3.660193
-0.11019287,1.4898071,1.3998071,1.6798072,2.339807,1.8098072,1.4598072,0.7398071,0.22980712,0.5598071,-0.6201929,-1.1301929,-1.8801929,-2.740193,-3.480193,-3.2501929,-3.240193,-3.6001928,-3.190193,-2.170193,-2.390193,-2.6201928,-2.200193,-0.3701929,-0.60019284,-3.0601928,-3.0301929,-3.0601928,-1.1401929,-1.0301929,-1.7901928,-2.7801929,-3.400193,-2.5801928,-1.4701929,-0.5101929,-1.2301929,0.39980713,-1.0401928,-3.1201928,-2.210193
-0.35019287,0.29980713,1.4498072,1.9098071,2.279807,1.6998072,1.0198071,0.96980715,0.66980714,0.09980713,-0.34019288,-0.9401929,-1.8001928,-2.650193,-2.8001928,-3.3101928,-3.0201929,-2.8201928,-2.8301928,-2.6001928,-3.7501929,-2.920193,-2.930193,-2.5701928,-1.1301929,-1.6001929,-2.0701928,-0.79019284,-1.0301929,-0.6701929,-1.0001929,-2.8801928,-4.3801928,-1.0801929,1.7698071,2.1198072,2.589807,0.53980714,1.3398072,2.6698072,-0.5701929
-0.3701929,0.6898071,1.1498071,1.1598071,1.5498071,1.6098071,1.7198071,1.4498072,0.79980713,0.36980712,-0.54019284,-0.8601929,-1.3501929,-1.6901928,-2.0001929,-2.0701928,-2.5701928,-2.5801928,-3.1201928,-3.240193,-2.920193,-3.7601929,-3.3201928,-3.0401928,-2.8701928,-3.190193,-1.0901929,0.33980712,0.41980714,-0.14019287,-0.71019286,-1.7501929,-1.3001928,-2.8601928,-0.85019284,0.5198071,-0.8201929,-1.3101928,0.29980713,-0.6201929,-0.010192871
1.1498071,0.64980716,0.5798071,1.2798071,1.4798071,1.5798072,1.6498071,1.3598071,0.78980714,-0.040192872,-0.6301929,-1.3101928,-1.6201929,-1.6901928,-1.7101929,-1.5201929,-0.43019286,-1.5001929,-2.3401928,-2.5901928,-3.240193,-4.050193,-3.3101928,-2.670193,-0.7501929,-1.6301929,-1.1001929,0.58980715,1.5898072,1.1098071,0.38980713,-0.8701929,-1.1101929,-1.5801929,-1.6801928,-1.3301929,1.8898071,-1.8901929,1.4198071,0.36980712,1.2398071
1.5298071,1.7698071,1.4298072,0.90980715,1.1398071,1.3798071,1.1098071,0.85980713,0.18980713,-0.40019286,-1.5101929,-1.6801928,-1.2301929,-0.8601929,-1.0301929,-0.8601929,-1.0801929,-1.1401929,-1.3201928,-1.9501929,-3.0901928,-3.5801928,-2.390193,-0.59019285,0.53980714,0.49980712,0.5698071,1.5798072,2.509807,2.019807,1.1698071,0.60980713,0.29980713,-0.84019285,-1.6401929,-2.0301929,-0.78019285,1.3298072,0.9898071,-0.58019286,-0.44019288
1.2498071,2.4298072,2.9498072,2.3698072,1.8298072,1.1998072,0.36980712,0.21980713,-0.30019286,-0.7501929,-1.5201929,-1.5301929,-1.6001929,0.8198071,-0.31019288,-0.72019285,-0.77019286,-1.0201929,-1.1901928,-2.1301928,-2.410193,-2.740193,-2.690193,-0.70019287,0.8098071,0.5598071,-0.15019287,2.9598072,3.819807,3.3698072,2.4098072,2.1998072,0.58980715,-0.6301929,-2.5701928,-0.32019287,0.38980713,-1.0201929,0.36980712,0.36980712,0.64980716
-0.89019287,0.6198071,1.8798071,2.8798072,2.4598072,2.039807,1.3198072,0.49980712,0.32980713,0.05980713,-1.1601928,-1.7001929,0.47980714,0.8098071,-0.21019287,-0.20019287,-0.45019287,-1.3501929,-0.7501929,-1.5201929,-1.8101928,-2.640193,-2.160193,-0.91019285,0.52980715,1.3398072,1.0198071,4.029807,4.909807,4.529807,3.529807,3.2398071,2.4898071,1.5798072,-0.07019287,-1.0001929,-1.7501929,-1.4701929,-0.6301929,-0.24019288,-0.34019288
-0.040192872,0.34980714,0.6798071,1.6098071,2.1398072,1.2198071,1.1098071,1.4198071,0.9998071,1.1198071,-0.13019288,-1.5501928,0.30980712,0.5698071,0.53980714,0.049807128,-0.5701929,-0.9901929,-0.9901929,-1.3001928,-1.0201929,-1.4201928,-1.3801929,-1.5301929,-0.9901929,1.6398071,3.6298072,4.719807,5.659807,5.319807,3.6198072,3.9598072,4.129807,2.9898071,2.329807,0.8298071,-0.15019287,-0.41019288,0.07980713,-0.28019288,0.3798071
0.35980713,0.8198071,0.8798071,1.3298072,2.039807,1.9298072,2.109807,1.7698071,1.8898071,2.6198072,0.7598071,-0.010192871,0.06980713,0.09980713,0.44980714,0.89980716,-0.32019287,-0.5701929,-0.91019285,-0.97019285,-1.0601928,-0.60019284,-0.8201929,-0.5101929,0.27980712,2.2398071,5.0998073,5.239807,5.8498073,5.6198072,5.2698073,4.6198072,3.6398072,3.6798072,3.039807,3.009807,1.9298072,1.6998072,1.2198071,0.79980713,-0.33019286
0.9298071,0.41980714,0.60980713,1.3698071,2.3698072,2.559807,1.9298072,2.289807,1.8098072,2.309807,2.309807,1.6498071,0.79980713,-0.46019286,-0.23019287,-0.49019286,-0.6201929,-0.7301929,-0.44019288,-0.45019287,-0.70019287,-0.6801929,-0.41019288,-0.22019286,0.71980715,2.3898072,3.9898071,4.949807,5.669807,6.049807,5.989807,5.5198073,4.419807,4.3498073,3.779807,2.839807,3.529807,2.809807,1.8398072,1.7198071,1.5898072
