wind.json
{"header": {"discipline":0,"disciplineName":"Meteorological products","gribEdition":2,"gribLength":1211,"center":7,"centerName":"US National Weather Service - NCEP(WMC)","subcenter":0,"refTime":"2023-06-28T00:00:00.000Z","significanceOfRT":1,"significanceOfRTName":"Start of forecast","productStatus":0,"productStatusName":"Operational products","productType":1,"productTypeName":"Forecast products","productDefinitionTemplate":0,"productDefinitionTemplateName":"Analysis/forecast at horizontal level/layer at a point in time","parameterCategory":2,"parameterCategoryName":"UnknownDiscipline_0_Category_2","parameterNumber":3,"parameterNumberName":"UnknownParameter_D0_C2_3","parameterUnit":"Unknown","genProcessType":2,"genProcessTypeName":"Forecast","forecastTime":300,"surface1Type":103,"surface1TypeName":"Specified height level above ground","surface1Value":10.0,"surface2Type":255,"surface2TypeName":"Missing","surface2Value":0.0,"gridDefinitionTemplate":0,"gridDefinitionTemplateName":"Latitude_Longitude","numberPoints":688,"shape":6,"shapeName":"Earth spherical with radius of 6,371,229.0 m","gridUnits":"degrees","resolution":48,"winds":"true","scanMode":64,"nx":43,"ny":16,"basicAngle":0,"lo1":45.0,"la1":40.0,"lo2":87.0,"la2":55.0,"dx":1.0,"dy":1.0}, "data":
[rows 0 to 15 of 16, columns 0 to 42 of 43]
3.9998705,-0.030129395,1.0298706,6.8798704,5.1398706,1.8798707,2.2098706,0.5198706,-0.46012938,0.5598706,-0.1601294,-2.6901293,-3.8401294,-5.1101294,-4.1601295,-6.5901294,-5.9301295,-8.37013,-6.270129,-8.050129,-7.6001296,-7.7601295,-6.2201295,-4.4601293,-2.1701293,3.1298707,-2.5101295,-3.4001293,-2.7901294,-1.0401294,-5.7201295,-5.1001296,1.5998706,3.8398707,-1.6301293,0.1798706,-1.7101294,-2.0401294,-3.9401293,-6.270129,-4.7601295,-4.5701294,-3.0401294
-0.9001294,-0.6101294,5.5398707,2.7098706,8.15987,5.2898707,3.2998705,-0.1301294,-1.3401294,-0.3701294,-1.6801294,-4.3301296,-2.7901294,-2.5601294,-4.7401295,-5.9301295,-5.0301294,-5.3401294,-7.6401296,-7.7801294,-8.46013,-7.500129,-5.4101295,-3.6601293,-2.3701293,-0.5501294,-4.1701293,-1.5901294,1.7998706,0.6698706,0.8698706,-3.3301294,-4.2301292,3.5998707,-0.9001294,0.3098706,-1.7201294,-0.070129395,-0.6301294,-0.91012937,-5.2101293,-4.7001295,-7.5801296
-0.3701294,1.1098706,0.9998706,-2.3001294,6.9198704,5.6998706,3.6198707,-2.2301295,1.1898706,0.009870606,-2.0901294,-2.6901293,3.1498706,-0.5101294,-2.3401294,-5.520129,-6.9001293,-5.500129,-6.5501294,-7.4601293,-6.8501296,-4.8701296,-8.550129,-7.5901294,-2.9101293,-1.3501294,0.009870606,-3.9601295,-4.7201295,-3.6501293,-5.1401296,-0.5201294,1.4198706,-3.6501293,-2.5301294,-3.0601294,-0.91012937,-1.7501293,-5.250129,-0.5001294,2.9698706,-0.2601294,0.7698706
-1.9201294,-2.2401295,-2.4301293,3.3798707,3.5398705,4.5298705,2.7298706,3.1898706,0.7898706,0.7398706,-0.060129393,0.15987061,-1.7601295,-5.4301295,-6.8201294,-10.030129,-10.79013,-6.8301296,-5.7801294,-7.2001295,-5.4401293,-6.8401294,-6.9601293,-6.8501296,-6.3001294,-5.4901295,-4.5901294,-4.9401293,4.0898705,6.6398706,2.3998706,3.3498707,-2.5401294,-1.4101294,1.1398706,2.4598706,0.6098706,-1.2301294,-1.3201294,-2.6001294,-2.7901294,-2.1301293,-3.0601294
-0.4401294,-1.9601294,5.3198705,1.6698706,3.2898705,5.1998706,6.0298705,4.5198708,2.0498705,-0.17012939,3.7098706,1.5698706,0.21987061,-3.9901295,-3.6101294,-4.7201295,-7.750129,-7.8701296,-2.8701293,-3.7201295,-5.1101294,-5.4101295,-5.7201295,-5.2001295,-4.1601295,-3.2001295,-3.9901295,-3.3801293,-3.0601294,-3.8201294,-4.5901294,-5.3601294,-6.4101295,-4.500129,1.4998707,2.9898705,-2.2101295,-4.3201294,-5.4501295,-2.3501294,1.8398706,0.6998706,-1.5601294
-3.5401294,-0.4101294,7.749871,4.5598707,4.4498706,6.1798706,-0.9601294,5.2998705,3.2998705,2.9498706,2.8998706,1.1298707,-1.6001294,1.6598706,0.4398706,-3.2601295,-5.2601295,-4.4401293,-6.6801295,-3.4401293,-5.0301294,-2.2401295,-2.3301294,-2.8301294,-4.1701293,-7.3001294,-2.5801294,-5.6701293,-5.4901295,-8.550129,-4.6501293,-3.8901293,-6.540129,-7.5701294,-4.060129,-2.4701295,1.0198706,-6.520129,4.8898706,1.1798706,-6.4501295,2.8098707,4.6098704
-4.7401295,-0.33012938,9.849871,6.8698707,2.8998706,-0.5501294,-1.0901294,-3.7801294,-3.4701295,2.3598707,0.8898706,1.9798706,-3.2201295,-3.4101293,4.5498705,4.0998707,-2.8501294,-5.2301292,-5.8501296,-3.1201293,-2.9101293,-3.9401293,-4.9301295,-3.1401293,-6.4201293,1.1198707,-2.6101294,-2.2001295,4.2998705,0.2298706,-3.5501294,-6.6901293,-8.940129,-8.570129,-5.3701296,-4.6801295,-3.5201294,-0.7101294,0.1498706,-4.3201294,-4.8401294,-4.1001296,7.3298707
-2.2501295,4.7198706,5.7898707,6.4298706,8.20987,7.2698708,2.6998706,4.189871,3.7998705,-0.2201294,-0.60012937,1.9998707,-2.3201294,-4.310129,-0.1601294,-2.7001295,-2.6501293,-3.0901294,-5.3301296,-5.9901295,-1.5001293,-2.1201293,-5.3301296,-4.9801292,-5.1701293,-8.360129,-7.4201293,-5.7301292,-9.940129,-6.2601295,-3.7501295,-3.7001295,-4.9301295,-2.9101293,-5.2601295,-8.37013,-7.6301293,-5.3301296,-6.3401294,-4.520129,-3.3001294,-1.8801293,-1.9901294
3.5498705,7.209871,5.3098707,9.029871,9.969871,8.429871,7.729871,8.03987,3.8398707,0.5998706,1.1398706,1.2198706,-6.540129,-8.400129,-4.8001294,-9.320129,1.0698706,-3.2901294,-2.3601294,-3.4901295,-4.9101295,-7.7801294,-7.8801293,-7.9001293,-8.850129,-6.4501295,-6.0301294,-3.8701293,-7.5901294,-5.7101293,-5.770129,-5.000129,-6.6901293,-5.7301292,-5.1801295,-7.7801294,-7.310129,-7.500129,-7.540129,-3.0801294,0.58987063,3.5498705,0.109870605
-3.2801294,5.729871,6.4498706,4.7398705,8.5498705,6.4498706,6.689871,6.499871,3.9098706,0.9698706,0.8198706,-0.9601294,-3.9001293,-5.4701295,-8.260129,-6.2101293,-3.6401293,0.47987062,-5.4701295,-4.6001296,-8.75013,-5.250129,-3.2301295,-0.100129396,-6.6901293,-7.6301293,-8.720129,-6.9101295,-5.6601295,-5.2401295,-2.2401295,-2.4901295,-5.4901295,-6.3401294,-2.1501293,-5.9201293,-6.0301294,-7.3701296,-7.4801292,-7.5801296,-2.8101294,-2.0801294,0.9298706
5.6498704,4.1598706,6.0398707,5.1998706,4.1998706,4.6998706,5.8098707,4.6598706,3.0498705,1.1798706,-3.4001293,-2.4601295,-5.1901293,-4.9501295,-5.0901294,-5.4801292,-5.9301295,-5.3401294,1.3098706,-2.4601295,-5.7801294,-6.1601295,-7.560129,-5.3601294,-7.560129,-6.9001293,-5.5501294,-5.2101293,-5.7301292,-4.5301294,-3.5901294,-3.3101294,-5.0701294,-11.96013,-10.37013,-6.9701295,-5.3501296,-7.1201296,-5.0801296,-1.7701294,-1.1201293,2.8698707,-1.2801294
-0.3201294,7.3798704,5.6598706,6.9098706,5.0598707,4.2698708,0.7598706,-1.4701294,0.8098706,0.7498706,-0.2501294,-0.3801294,-0.7001294,-1.6701294,-3.8101294,-3.1601293,-3.7901294,-4.6801295,-5.520129,-5.4801292,-6.000129,-5.6701293,-3.9101293,-5.500129,-4.4101295,-5.000129,-5.500129,-4.4101295,-4.1601295,-5.2001295,-5.0901294,-2.8801293,-2.3501294,-0.46012938,-3.7601295,-7.310129,-5.8601294,-6.4601293,-2.6101294,-2.5801294,-2.8901293,-2.9801295,-3.2801294
-0.17012939,5.4198704,7.3098707,9.37987,7.2198706,5.5998707,5.959871,2.9598706,2.5398705,3.0398705,2.6898706,-0.8401294,-2.2101295,0.3098706,-1.9101294,-1.9601294,-2.4701295,-2.7101295,-2.6701293,-4.7801294,-4.4901295,-4.4801292,-4.4901295,-5.4101295,-3.8901293,-5.520129,-4.3201294,-5.2301292,-5.3601294,-4.6001296,-2.9101293,-7.4201293,-6.3901296,-7.6601295,-6.3401294,-6.6801295,-4.6301293,-6.7201295,-1.8801293,-2.2701294,-1.7201294,-0.2101294,-0.8101294
1.9298706,2.9498706,4.5698705,6.2798705,7.8498707,3.4798706,3.9698706,3.7598705,5.4198704,4.4298706,0.9398706,-2.2301295,-0.49012938,2.8998706,1.9498706,0.079870604,0.4298706,-0.6101294,-1.0001293,-1.9901294,-2.8501294,-2.7401295,-4.2301292,-4.5901294,-4.5101295,-4.8501296,-5.3601294,-5.310129,-5.500129,-5.2401295,-4.6701293,-5.1901293,-5.5901294,-6.4201293,-5.9401293,0.4898706,-2.3501294,-3.5101295,-2.3601294,-1.5801294,-1.8501294,-0.4701294,-1.2501293
-0.4101294,-1.8601294,-3.4101293,5.1098704,3.2698705,5.4198704,6.1398706,5.7898707,4.8298707,3.4998705,1.4198706,1.2598706,-0.2501294,-0.6201294,4.2198706,2.6898706,3.1698706,1.3598706,0.059870604,0.09987061,-2.6201293,-0.7001294,-1.8401294,-2.0901294,-3.7201295,-3.2001295,-2.3501294,-3.2101295,-3.7301295,-4.040129,-3.5101295,-4.7201295,-4.770129,-4.540129,-4.1201296,-5.310129,-5.1601295,-4.5301294,-3.5501294,-3.1901293,-3.7001295,-2.0901294,-2.6801293
4.5698705,-0.9701294,0.1398706,-0.2501294,0.8798706,5.7698708,6.0498705,5.3398705,4.0898705,4.1398706,3.0298705,1.7398705,1.2098706,-1.7301294,-1.6401294,2.8098707,2.3798707,-1.7701294,-2.8801293,-2.3801293,1.9598706,1.8398706,-1.3001294,-2.8301294,-2.3901293,-4.6101294,-5.9301295,-4.9201293,-5.0801296,-5.0501294,-4.2301292,-7.6601295,-5.7401295,-3.2901294,-3.2801294,-4.9101295,-5.560129,-3.6301293,-1.4401294,-0.9501294,-1.6301293,-4.2801294,1.4798706
