wind_kz.json
{"header": {"discipline":0,"disciplineName":"Meteorological products","gribEdition":2,"gribLength":1025,"center":7,"centerName":"US National Weather Service - NCEP(WMC)","subcenter":0,"refTime":"2023-10-03T12:00:00.000Z","significanceOfRT":1,"significanceOfRTName":"Start of forecast","productStatus":0,"productStatusName":"Operational products","productType":1,"productTypeName":"Forecast products","productDefinitionTemplate":0,"productDefinitionTemplateName":"Analysis/forecast at horizontal level/layer at a point in time","parameterCategory":2,"parameterCategoryName":"UnknownDiscipline_0_Category_2","parameterNumber":3,"parameterNumberName":"UnknownParameter_D0_C2_3","parameterUnit":"Unknown","genProcessType":2,"genProcessTypeName":"Forecast","forecastTime":60,"surface1Type":103,"surface1TypeName":"Specified height level above ground","surface1Value":10.0,"surface2Type":255,"surface2TypeName":"Missing","surface2Value":0.0,"gridDefinitionTemplate":0,"gridDefinitionTemplateName":"Latitude_Longitude","numberPoints":615,"shape":6,"shapeName":"Earth spherical with radius of 6,371,229.0 m","gridUnits":"degrees","resolution":48,"winds":"true","scanMode":64,"nx":41,"ny":15,"basicAngle":0,"lo1":47.0,"la1":41.0,"lo2":87.0,"la2":55.0,"dx":1.0,"dy":1.0}, "data":
[rows 0 to 14 of 15, columns 0 to 40 of 41]
1.6431421,-2.886858,1.963142,4.413142,-2.0668578,-3.5368578,-2.5368578,-3.376858,-4.556858,-2.466858,-2.136858,-2.706858,-0.04685791,1.1031421,-2.0168579,-2.656858,-2.486858,-2.366858,-3.136858,-1.4468579,-2.156858,2.263142,1.833142,0.7331421,-2.696858,0.5831421,0.7231421,-0.05685791,2.503142,3.523142,0.4431421,-1.7768579,1.1031421,-2.216858,-1.556858,-0.6968579,-0.45685792,-0.93685794,2.263142,1.6731421,1.8131421
4.163142,1.6631421,4.663142,0.41314209,-2.5668578,-3.896858,-2.8368578,-3.706858,-5.096858,-3.396858,-2.736858,-3.896858,-2.406858,-1.916858,-2.866858,-3.3268578,-2.686858,-1.5768579,-4.016858,-3.236858,-1.906858,-2.7568579,2.863142,0.08314209,0.7031421,1.083142,-1.046858,1.193142,-0.15685791,1.6431421,3.6931422,4.423142,1.193142,-1.156858,-3.406858,-1.1168579,-1.5168579,-2.226858,0.9031421,-1.8368579,0.41314209
1.9731421,4.993142,5.163142,1.6431421,-0.5968579,-2.0368578,-2.626858,-2.606858,-3.0368578,-6.606858,-6.546858,-4.306858,-3.176858,-2.956858,-3.346858,-3.176858,-2.596858,-2.736858,-3.446858,-3.5568578,-1.8768579,0.32314208,-0.18685791,-0.18685791,1.3831421,0.17314209,0.3331421,0.9031421,-0.5968579,2.153142,3.573142,1.3831421,2.333142,-1.0968579,-0.00685791,2.823142,4.383142,0.6931421,0.45314208,-0.2368579,0.26314208
0.6731421,2.773142,3.353142,1.203142,-0.9068579,-0.03685791,-1.6868579,-2.0868578,-0.1768579,-1.6168579,-5.046858,-4.4368577,-3.2768579,-4.1868577,-2.966858,-3.456858,-3.126858,-3.206858,-3.666858,-4.286858,-2.0768578,2.1831422,1.6631421,3.063142,2.1631422,-3.366858,-1.666858,-1.9568579,0.10314209,-0.7168579,-0.3168579,-1.3168579,-1.9568579,-0.7268579,-0.6468579,-3.126858,-1.0968579,2.563142,2.7031422,0.6531421,0.3431421
-0.8968579,0.9231421,2.4631422,0.8631421,1.2731421,1.5431421,0.6531421,0.7031421,0.10314209,1.7231421,-2.0468578,-6.356858,-4.6268578,-3.8368578,-3.906858,-3.0768578,-3.396858,-3.436858,-3.3268578,-4.086858,-1.8268579,-1.6468579,-1.056858,1.203142,-1.2468579,-2.606858,-3.0768578,-2.126858,-1.8768579,-2.936858,-3.126858,-0.4768579,2.363142,2.313142,-0.7468579,-2.406858,0.7931421,-1.6368579,-0.9668579,1.2631421,0.8031421
-0.08685791,0.7731421,0.5131421,-0.5968579,-1.5968579,3.2131422,1.583142,-0.7068579,2.573142,1.9031421,-0.2568579,-2.686858,-5.3768578,-2.7568579,-2.216858,-3.346858,-3.896858,-2.906858,-3.716858,-3.156858,-2.206858,-1.3668579,-0.8868579,-1.7368579,-0.5168579,1.0531421,-1.806858,-2.146858,-2.716858,-2.376858,-3.0668578,-2.3368578,-1.2168579,-1.3368579,1.5431421,2.7331421,3.1831422,4.3331423,-0.1268579,-1.0068579,0.41314209
-1.2568579,-0.1268579,0.62314206,0.2131421,-1.3868579,2.2431421,1.5131421,1.8931421,1.9131421,-0.15685791,1.1131421,-2.696858,-3.346858,-1.056858,-1.796858,-2.686858,-3.136858,-3.476858,-0.6568579,-1.806858,-1.8168579,-1.2368579,-0.15685791,-0.5368579,-0.29685792,-0.68685794,-2.346858,-2.126858,-2.7968578,-3.146858,-3.746858,-4.846858,-4.426858,-1.8468579,-1.1168579,-2.0068579,-3.746858,-2.606858,0.42314208,-0.56685793,-0.9468579
-2.146858,-2.466858,-2.366858,0.9731421,-0.93685794,2.333142,3.293142,4.303142,2.813142,-0.08685791,2.2031422,-0.6068579,0.45314208,0.19314209,-1.5068579,-1.9568579,-2.8368578,-3.156858,-1.4568579,0.99314207,-1.6968579,-0.36685792,-0.9968579,1.2431421,1.9931421,0.7531421,0.7531421,-1.3268579,-1.2568579,-2.986858,-2.886858,-2.956858,-3.966858,-4.516858,-0.7868579,0.3431421,-1.6268579,0.13314208,0.5231421,-0.2068579,-1.9868579
-1.5868579,-2.136858,-2.2668579,-1.2168579,-0.5268579,-0.7268579,3.333142,3.7231421,3.4231422,2.553142,0.9531421,-0.9968579,-2.346858,1.5231421,-1.2568579,-1.2468579,-1.4668579,-1.8868579,-2.146858,0.4631421,1.7331421,0.3031421,-0.2368579,0.5531421,1.593142,1.8731421,0.7931421,0.9431421,0.62314206,-0.32685792,-0.8268579,-1.3268579,-0.01685791,-1.1968579,-0.62685794,-0.15685791,-2.626858,-0.39685792,0.3031421,-0.9268579,-2.946858
0.32314208,-1.0168579,-1.5068579,-1.5768579,-0.3168579,-1.1868579,1.8731421,4.383142,4.273142,4.253142,3.633142,2.643142,-0.7668579,-2.146858,-1.3868579,-0.7368579,0.3331421,0.01314209,-0.56685793,-1.3368579,1.953142,2.1931422,0.8531421,1.443142,1.9331421,1.9031421,0.3431421,1.0331421,0.6331421,0.5731421,1.6631421,1.463142,1.0431421,-0.39685792,-0.3068579,0.17314209,0.0031420898,-2.0868578,-1.2168579,0.5431421,2.2231421
-0.62685794,0.5231421,-0.5468579,-1.2568579,-0.68685794,0.87314206,-1.176858,2.383142,3.803142,3.373142,3.403142,3.063142,1.1231421,1.9931421,1.7631421,1.343142,1.0131421,1.1731421,0.9831421,0.2731421,1.6431421,1.833142,1.4331421,1.9031421,1.4031421,1.5431421,0.6331421,1.823142,1.9131421,1.823142,1.693142,2.043142,1.4031421,0.24314208,-0.29685792,-0.09685791,-0.5468579,1.1631421,0.8231421,1.2331421,0.20314209
0.62314206,-0.00685791,0.9131421,0.29314208,0.3931421,0.9531421,1.3731421,-0.9068579,2.063142,1.963142,2.633142,1.703142,3.103142,2.753142,2.563142,2.7131422,2.103142,1.2231421,2.363142,1.9131421,2.333142,1.1631421,1.6731421,1.7931421,1.6031421,1.6231421,1.9331421,2.7131422,3.013142,2.273142,1.823142,2.4331422,1.343142,1.093142,0.5731421,0.11314209,0.5131421,1.7331421,1.4831421,1.5231421,0.7931421
0.6931421,0.6931421,0.13314208,0.4931421,0.5931421,1.3631421,2.633142,4.1031423,-0.22685792,1.3631421,2.053142,1.7831421,2.9931421,2.1631422,2.093142,2.153142,1.8131421,1.8631421,2.4131422,2.853142,3.293142,3.2031422,2.523142,2.503142,2.4831421,2.373142,1.7731421,2.373142,2.903142,2.6731422,1.9331421,1.6631421,1.6331421,1.9231421,1.6631421,1.6431421,1.193142,1.0631421,1.583142,0.8831421,0.6031421
0.7731421,1.0631421,0.9131421,0.7931421,0.42314208,1.4031421,2.363142,2.6631422,4.193142,2.4231422,2.253142,1.1831421,1.5231421,2.803142,2.2131422,2.383142,2.4131422,2.7131422,2.823142,3.033142,3.633142,3.363142,2.9931421,2.7131422,2.6931422,2.6731422,2.563142,2.893142,2.883142,2.9631422,2.7231421,2.653142,2.543142,2.563142,1.453142,1.6731421,1.5131421,1.3031421,1.4031421,1.7431421,2.143142
0.9731421,0.93314207,0.13314208,1.7831421,0.5931421,2.013142,2.813142,2.623142,2.843142,4.713142,0.8331421,1.8831421,1.7531421,0.02314209,1.8031421,1.5431421,2.013142,1.7931421,2.4131422,2.903142,3.013142,3.4131422,3.4231422,3.1931422,2.9331422,2.883142,2.9631422,2.873142,2.7231421,2.9131422,2.753142,3.4531422,2.6731422,2.553142,2.603142,2.143142,2.293142,2.9931421,1.8031421,3.103142,1.3631421
