wind_kz.json
{"header": {"discipline":0,"disciplineName":"Meteorological products","gribEdition":2,"gribLength":1025,"center":7,"centerName":"US National Weather Service - NCEP(WMC)","subcenter":0,"refTime":"2023-09-07T12:00:00.000Z","significanceOfRT":1,"significanceOfRTName":"Start of forecast","productStatus":0,"productStatusName":"Operational products","productType":1,"productTypeName":"Forecast products","productDefinitionTemplate":0,"productDefinitionTemplateName":"Analysis/forecast at horizontal level/layer at a point in time","parameterCategory":2,"parameterCategoryName":"UnknownDiscipline_0_Category_2","parameterNumber":2,"parameterNumberName":"UnknownParameter_D0_C2_2","parameterUnit":"Unknown","genProcessType":2,"genProcessTypeName":"Forecast","forecastTime":180,"surface1Type":103,"surface1TypeName":"Specified height level above ground","surface1Value":10.0,"surface2Type":255,"surface2TypeName":"Missing","surface2Value":0.0,"gridDefinitionTemplate":0,"gridDefinitionTemplateName":"Latitude_Longitude","numberPoints":615,"shape":6,"shapeName":"Earth spherical with radius of 6,371,229.0 m","gridUnits":"degrees","resolution":48,"winds":"true","scanMode":64,"nx":41,"ny":15,"basicAngle":0,"lo1":47.0,"la1":41.0,"lo2":87.0,"la2":55.0,"dx":1.0,"dy":1.0}, "data":
[rows 0 to 14 of 15, columns 0 to 40 of 41]
-0.8033789,-0.5133789,2.796621,2.6766212,1.4966211,1.1766211,-0.81337893,-3.0133789,-4.673379,-3.863379,-5.043379,-4.313379,-3.133379,-3.3033788,-1.7033789,-1.8233789,-1.8133789,-0.4933789,-2.8233788,-2.3033788,-0.2733789,1.216621,0.5266211,-0.8033789,-1.6933789,-2.203379,-2.603379,-0.06337891,0.9066211,0.2066211,0.9566211,0.8866211,-0.033378907,-1.8533789,-3.653379,-2.983379,-2.3033788,-2.933379,-3.973379,-3.8033788,-3.483379
1.5066211,2.906621,1.9066211,1.1766211,0.096621096,-0.3133789,-4.823379,-10.013379,-8.033379,-5.993379,-1.6433789,-4.903379,-3.403379,-1.8133789,-1.153379,-1.9333789,-0.2333789,-3.0633788,-1.9833789,-1.9333789,-2.863379,-1.3333789,0.1266211,-2.393379,0.1766211,1.0266211,-0.29337892,1.5466211,-1.153379,-1.0833789,0.42662108,0.3866211,-0.6433789,-1.4433789,0.8666211,-0.2533789,-0.7433789,-2.7933788,-4.613379,1.836621,-3.373379
1.466621,0.4766211,0.4466211,0.4966211,-0.45337892,-0.4133789,-2.3033788,-2.643379,-7.983379,-4.353379,-3.413379,-0.3433789,-3.483379,-3.603379,-2.473379,-1.9833789,-3.7433789,-2.2933788,-1.923379,-0.1233789,-1.2133789,-5.8733788,-6.473379,-4.583379,0.056621093,-1.663379,-0.3533789,-0.7333789,-0.0833789,-0.4333789,0.016621094,1.3566211,-0.2133789,-0.7733789,-0.93337893,-0.87337893,0.7766211,-0.1733789,2.066621,2.9766212,2.266621
1.3966211,1.1466211,-0.4133789,-0.9433789,-1.7333789,-0.9633789,1.096621,-3.153379,-3.0133789,-2.7733788,-2.893379,-1.0533789,-0.9433789,-5.1633787,-2.603379,-3.3133788,-2.633379,-3.433379,-3.093379,-3.7433789,-6.4333787,-3.3133788,-1.6433789,-4.823379,-5.783379,-5.6433787,-5.523379,-9.773379,-3.5833788,-0.45337892,2.056621,0.11662109,0.1466211,-1.9633789,-2.5333788,-2.0533788,-1.7533789,2.7466211,-0.5033789,-1.2433789,-2.223379
2.1666212,3.856621,-0.7033789,-0.45337892,-1.0033789,-1.0533789,-1.8233789,-3.5233788,-3.923379,-6.1633787,-4.543379,1.3866211,2.316621,-4.493379,-4.1233788,-2.223379,-3.3333788,-3.893379,-3.663379,-5.503379,-6.9133787,-5.883379,-5.923379,-5.813379,-6.033379,-6.6233788,-9.163379,-7.243379,-4.243379,-4.003379,-4.1633787,-1.3133789,-1.8233789,1.6566211,-0.87337893,-2.453379,-1.663379,-4.263379,-2.5433788,-4.483379,-4.093379
0.7966211,1.0166211,0.5266211,0.3066211,-0.48337892,-1.793379,-2.623379,-3.2833788,-3.933379,-2.4933789,0.8666211,0.24662109,-1.8833789,-5.983379,-3.943379,-1.7533789,-3.413379,-3.923379,-4.833379,-3.703379,-5.053379,-4.093379,-5.603379,-5.813379,-6.103379,-7.083379,-5.6233788,-9.643379,-4.593379,-4.033379,-4.403379,-3.453379,-1.3833789,-1.1433789,-0.93337893,-0.9133789,0.07662109,-1.3533789,-0.68337893,-3.0333788,-2.863379
0.2166211,1.336621,1.6666211,0.1766211,0.4966211,-1.0633789,-1.9533789,-3.113379,-2.883379,-0.4033789,-0.7033789,-0.9933789,-3.173379,-3.2733788,-2.0033789,-2.233379,-2.9933789,-3.673379,-4.943379,-6.003379,-3.663379,-3.2533789,-3.403379,-4.443379,-5.403379,-5.253379,-4.3933787,-3.983379,-3.5833788,-3.3333788,-4.8933787,-4.803379,-3.123379,-2.653379,-1.2133789,-1.6933789,-1.0033789,0.9866211,-1.283379,0.6166211,2.1966212
1.7566211,2.516621,2.636621,0.08662109,-1.9433789,-0.6333789,-0.26337892,-1.9933789,-1.8333789,-2.913379,-2.433379,-4.233379,0.3466211,-3.383379,-2.5333788,-2.0833788,-3.5533788,-3.593379,-3.883379,-5.493379,-3.3333788,-3.843379,-3.3033788,-4.033379,-3.5333788,-2.483379,-3.5133789,-2.733379,-1.8033789,-3.403379,-4.573379,-2.2833788,-4.503379,-2.363379,-2.3033788,1.6766211,3.2566211,6.406621,3.126621,2.806621,0.7766211
2.4166212,1.5366211,1.5166211,-0.13337891,-2.663379,-2.623379,-1.7733788,-3.3233788,-1.1033789,-3.473379,-3.443379,-1.653379,-2.5233788,-2.5533788,-2.663379,-1.7733788,-3.223379,-3.963379,-3.8133788,-3.593379,-5.043379,-3.5333788,-3.163379,-3.5433788,-3.7433789,-3.3233788,-2.393379,-2.933379,-0.9633789,-2.723379,-2.923379,-2.733379,-0.81337893,-0.7833789,1.326621,0.5866211,0.07662109,-2.973379,-0.6333789,0.6166211,-2.7733788
2.4266212,1.346621,0.9666211,-0.81337893,-1.6833789,-4.103379,-3.9933789,-3.7433789,-3.893379,0.7966211,-0.6333789,-0.6933789,-2.5433788,-1.9433789,-2.613379,-2.463379,-3.353379,-3.473379,-3.7533789,-3.683379,-4.2033787,-3.0833788,-3.2633789,-3.3033788,-3.593379,-4.063379,-2.923379,-2.3333788,-1.5533789,-2.8333788,-1.0033789,-0.8433789,-1.3733789,0.3866211,0.7766211,-0.6633789,-1.1833789,-0.32337892,-3.0033789,-1.0233788,-1.1333789
-1.9433789,0.1266211,0.3566211,-2.123379,-1.533379,-3.703379,-3.2533789,-0.2833789,-0.93337893,-3.2833788,-2.7933788,-1.4933789,-2.423379,-2.933379,-3.0133789,-3.143379,-3.3233788,-2.633379,-4.313379,-3.5433788,-3.383379,-3.483379,-3.623379,-3.343379,-2.723379,-2.973379,-2.413379,-1.9833789,-2.103379,-2.0133789,-1.653379,-0.68337893,-1.783379,-0.7933789,-0.26337892,-1.2433789,-1.2633789,-1.3033789,-1.0233788,0.13662109,-1.5133789
-1.1833789,0.81662107,0.3766211,-1.7633789,-2.653379,-2.123379,-2.843379,-1.8433789,-1.043379,-2.7533789,-3.143379,-1.673379,-2.5733788,-2.883379,-2.923379,-2.7833788,-2.0733788,-2.843379,-3.853379,-2.8233788,-3.3233788,-2.883379,-3.183379,-2.893379,-2.733379,-2.153379,-1.923379,-1.8033789,-1.913379,-2.363379,-1.3333789,-1.5833789,-1.3433789,-2.0733788,-1.3833789,-2.173379,-2.863379,-2.123379,-1.2133789,-0.5833789,-0.4333789
-0.5033789,0.036621094,-0.4333789,-1.673379,-2.353379,-2.5133789,-2.903379,-1.8733789,-1.9833789,-1.7633789,-1.3833789,-1.7733788,-1.543379,-2.393379,-2.423379,-1.4833789,-1.6433789,-2.353379,-2.0433788,-2.353379,-2.2833788,-1.5133789,-1.403379,-1.1033789,-0.6633789,-0.4033789,-0.4233789,-2.403379,-1.7733788,-1.5033789,-1.2733788,-0.93337893,-0.8533789,-1.5833789,-1.5533789,-2.233379,-2.153379,-1.5133789,-2.7933788,-1.9733789,-1.0033789
-0.8933789,-1.1233789,-1.923379,-2.973379,-3.0133789,-3.0533788,-1.783379,-2.5133789,-1.5933789,-1.6133789,-1.903379,-1.6433789,-0.45337892,-0.09337891,-1.0833789,-1.8433789,-1.663379,-1.5933789,-1.0233788,-0.6133789,-0.7333789,-1.3633789,-1.7733788,-0.6633789,0.3466211,-1.783379,-2.5033789,-2.133379,-1.5133789,-1.153379,-0.1533789,0.2166211,-0.043378904,-0.68337893,-0.3933789,-1.293379,-1.6233789,-1.4733789,-1.1433789,-0.9033789,-0.7633789
-2.163379,-2.723379,-1.7333789,-2.403379,-2.953379,-1.413379,-0.9133789,-2.8033788,-2.703379,-1.6933789,-2.0533788,-0.9533789,-0.6433789,0.3866211,0.2166211,-0.4033789,-0.9033789,-1.1033789,-1.7533789,-1.7233789,-1.2433789,-1.2333789,-0.4033789,-0.45337892,-1.5033789,-1.5933789,-1.4633789,-0.9233789,-0.8333789,-0.6733789,-0.3933789,-0.9233789,-0.62337893,-0.8533789,-0.62337893,-0.4733789,-0.6333789,0.29662108,0.26662108,-0.81337893,-0.81337893
