wind.json
{"header": {"discipline":0,"disciplineName":"Meteorological products","gribEdition":2,"gribLength":1125,"center":7,"centerName":"US National Weather Service - NCEP(WMC)","subcenter":0,"refTime":"2023-06-29T06:00:00.000Z","significanceOfRT":1,"significanceOfRTName":"Start of forecast","productStatus":0,"productStatusName":"Operational products","productType":1,"productTypeName":"Forecast products","productDefinitionTemplate":0,"productDefinitionTemplateName":"Analysis/forecast at horizontal level/layer at a point in time","parameterCategory":2,"parameterCategoryName":"UnknownDiscipline_0_Category_2","parameterNumber":3,"parameterNumberName":"UnknownParameter_D0_C2_3","parameterUnit":"Unknown","genProcessType":2,"genProcessTypeName":"Forecast","forecastTime":0,"surface1Type":103,"surface1TypeName":"Specified height level above ground","surface1Value":10.0,"surface2Type":255,"surface2TypeName":"Missing","surface2Value":0.0,"gridDefinitionTemplate":0,"gridDefinitionTemplateName":"Latitude_Longitude","numberPoints":688,"shape":6,"shapeName":"Earth spherical with radius of 6,371,229.0 m","gridUnits":"degrees","resolution":48,"winds":"true","scanMode":64,"nx":43,"ny":16,"basicAngle":0,"lo1":45.0,"la1":40.0,"lo2":87.0,"la2":55.0,"dx":1.0,"dy":1.0}, "data":
[rows 0 to 15 of 16, columns 0 to 42 of 43]
2.3500495,-0.91995054,1.3800495,2.0500495,-0.019950561,-2.8799505,-3.7399507,-2.7899506,-0.58995056,3.9100494,1.6100495,3.2200494,1.7900494,3.2600493,2.2200494,2.0800495,0.43004945,-1.3499506,-3.7499506,-5.7699504,-7.6799507,-2.8099506,-2.4499505,-3.4699507,-2.9999506,-2.2199507,-4.0899506,-4.599951,-4.1499505,-2.1199505,-3.6899505,4.1200495,3.1500494,3.9400494,4.3300495,3.6300495,2.3900495,-3.9099505,-8.849951,-6.6099505,-3.0199506,-1.5899506,-0.43995056
-1.4599506,0.11004944,2.7000494,2.0200493,-1.6999506,-4.0099506,-5.2199507,-5.3599505,-1.5099505,5.3900495,3.1900494,3.0000494,7.650049,6.380049,3.6000495,1.6400495,0.36004943,-1.2499505,-2.9299505,-3.9599504,-3.8899505,-3.3099506,-2.4099505,-3.6699505,0.78004944,2.1700494,2.3100495,3.7700493,0.040049437,2.0700495,-4.1099505,-4.7799506,-2.5699506,1.3200494,-0.12995057,7.0700493,4.4500494,-0.06995056,-3.8899505,-1.8199506,-1.0999506,-3.4599504,-0.22995056
0.38004944,2.1800494,0.90004945,0.6800494,-1.5399506,-3.5499506,-5.3099504,-5.6599507,-3.8699505,2.8200495,4.9800496,6.8900495,8.29005,5.7300496,3.9000494,2.2100494,1.1100495,-0.11995056,-2.0199506,-2.5099506,-3.2399507,-4.5099506,-5.6399508,-4.9999504,-0.44995058,-0.91995054,2.8400495,3.8900495,3.1800494,2.2200494,-0.40995055,0.24004944,-3.5699506,-3.1599505,-1.9399506,0.46004945,2.5500495,-5.1299505,-3.0299506,-2.3699505,3.0800495,-1.2699505,0.09004944
-2.1599505,-1.9999505,1.7700495,2.5100493,-1.3299506,-4.0599504,-5.6099505,-4.9699507,-4.5399504,-1.3999505,6.7400494,8.75005,7.3500495,6.3000493,3.7900496,3.3800495,2.2600493,0.9300494,-0.03995056,-1.8699505,-3.8099506,-4.8599505,-1.8799505,-4.1899505,-4.9199505,-2.2199507,-2.8199506,-2.2699506,-2.0599506,-2.9199505,-1.7799506,-3.0999506,-4.0199504,-2.1599505,-1.4999505,-2.6999505,-2.3099506,-3.6299505,-3.7999506,0.57004946,-0.8299506,0.9300494,1.2600495
3.2300494,2.2600493,1.7200494,0.63004947,-1.3499506,-2.3099506,-3.6299505,-4.1899505,-4.4099507,1.2500495,7.0700493,7.2200494,6.630049,5.2700496,1.4100494,2.7800493,4.3100495,1.1200495,-0.33995056,-1.8399506,-4.0399504,-3.7599506,-4.3899508,-3.5899506,-0.14995056,-1.5999506,-3.5599506,-4.0099506,-3.5399506,-2.6799505,-2.0399506,-3.8299506,-6.0499506,-5.3199506,3.7500494,2.1200495,1.0000495,0.24004944,3.4400494,1.6900494,-4.0099506,-3.8499506,-3.9999506
2.9400494,1.6400495,0.11004944,-2.4799507,-3.4699507,-2.2999506,-3.0299506,-2.5099506,-1.1499505,-1.0799506,3.8700495,6.2600493,6.8700495,6.130049,3.1000495,3.6100495,2.1100495,2.5500495,2.0300493,-0.53995055,-1.8299506,-3.5799506,-3.4199505,-2.4899507,-1.9399506,-1.4899505,-0.67995054,-0.53995055,-1.1199505,-4.0299506,-2.5899506,-4.9299507,-5.6399508,-5.0899506,-1.1399505,-1.7299505,0.40004945,4.0200496,-4.4699507,4.1400495,-4.3999505,-3.5299506,-4.7699504
2.4000494,1.8000494,-0.43995056,-3.4899507,-1.7499505,-3.2099504,-4.1599507,-4.0499506,-0.92995054,-1.4799505,-0.51995057,8.54005,7.7700496,6.3000493,4.630049,2.4100494,3.3700495,4.2600493,3.9500494,1.5000495,-1.3299506,-0.9499506,-2.8099506,-2.9199505,-3.7199507,-1.6599506,-1.4999505,-0.70995057,-0.91995054,-1.7299505,-4.1599507,-2.7299507,-2.7699506,-4.4099507,-4.8899508,-3.5299506,-3.1599505,-3.1399505,-3.4799507,-6.6699505,-5.2099504,-2.6699505,-4.4399505
2.4500494,1.5300494,-1.6199505,-3.1499505,-3.7399507,-3.0499506,-1.7699505,-3.4399505,0.24004944,1.0500494,1.3300494,5.8600492,5.150049,4.2800493,1.8500495,4.6800494,3.5900495,3.3100495,4.2400494,1.9200494,0.100049436,-1.1799506,-0.7599506,-1.9199506,-3.7699506,-3.5499506,-1.6999506,-0.52995056,-0.48995057,-1.5699506,-1.2999506,-3.9399505,-4.1899505,-3.3899505,-3.4599504,-3.2499506,-2.2199507,1.8700495,3.5800495,0.49004945,-1.6999506,4.7100496,-7.4999504
1.6400495,0.64004946,-0.64995056,-2.8399506,-3.6699505,-4.2399507,-2.5699506,-3.0699506,-1.5299506,1.5400494,1.2100494,4.3200493,3.5600495,5.130049,4.1400495,4.1700497,3.4900494,2.4300494,3.8100495,2.1100495,1.2200494,-0.34995055,-2.2799506,-1.0599506,-0.67995054,-2.4199505,-1.8699505,-3.0599506,-3.4799507,-3.2799506,-2.4099505,-1.9999505,-2.1799505,-2.9299505,-1.3899505,-1.6999506,-4.4499507,-3.3299506,-4.0199504,-2.7599506,-0.8199506,-1.6599506,-1.7599505
1.8800495,0.51004946,-0.51995057,-2.0099506,-2.4999506,-2.3499506,-0.92995054,-1.8399506,-1.5199505,0.42004943,2.3200495,3.8400495,4.0600495,2.1300495,3.0800495,5.4200497,4.3100495,4.5400496,3.3000495,2.0800495,1.1600494,0.18004943,-2.6699505,-2.8599505,-0.6299506,-1.9999505,-1.2999506,-2.2699506,-3.0299506,-3.4099505,-3.4499505,-3.8499506,-3.5999506,-3.6799505,-2.5399506,-3.0499506,-1.9199506,-2.6399505,-1.9399506,-1.9899505,-0.18995056,0.20004945,4.8700495
3.4300494,0.46004945,-0.27995056,0.040049437,1.2200494,1.1900494,1.0900494,-0.22995056,0.020049438,-0.98995054,-0.37995055,-0.019950561,0.52004945,0.88004947,3.3900495,3.9200494,0.42004943,4.9438477E-5,2.7300494,0.9900494,-0.77995056,-0.5799506,-1.7099506,-2.2099504,-1.7099506,-0.72995055,4.9438477E-5,-1.4799505,-2.8499506,-3.6299505,-2.7799506,-1.8199506,-2.6199505,-2.7099504,-1.6899506,-3.4099505,-4.5699506,-4.6299505,-2.1699505,0.9900494,2.6900494,1.4700494,1.0900494
2.6500494,2.1500494,2.2900496,1.4800495,2.8300495,3.4700494,3.2900496,2.0100493,0.76004946,-0.9399506,-0.48995057,0.36004943,-0.43995056,0.9400494,2.7200494,2.0800495,0.23004943,-0.17995057,2.0000494,0.8600494,-0.14995056,0.59004945,-0.85995054,-2.0399506,-1.5899506,-0.09995056,-0.73995054,-2.2099504,-1.1099505,-3.1899505,-3.0999506,-1.9299506,-1.1999506,-1.9099506,-0.5099506,2.1700494,0.64004946,0.63004947,1.1300495,-1.0699506,-1.4899505,0.60004944,0.5000494
4.4700494,2.9100494,2.7600493,2.0200493,3.5700495,4.5500493,4.150049,3.0000494,0.70004946,1.5100495,0.72004944,-1.0799506,-0.8899506,0.53004944,-0.23995057,0.9300494,0.100049436,0.90004945,0.71004945,0.85004944,1.1100495,0.5500494,-0.19995056,-0.51995057,-1.1099505,-0.09995056,-0.46995056,-2.3499506,-1.1499505,-2.8299506,-2.2399507,-1.4899505,-0.89995056,-0.6899506,0.020049438,1.8600495,3.5000494,6.0000496,5.130049,3.7200494,2.7400494,1.6800494,1.0700494
4.5000496,3.9200494,4.0600495,4.1400495,2.8500495,4.2700496,3.3300495,2.2000494,1.1800494,2.5800495,1.3900495,-0.45995057,-0.08995056,-0.79995054,0.38004944,0.18004943,-0.38995057,0.64004946,0.71004945,0.76004946,0.48004943,1.0000495,0.44004944,0.5000494,0.76004946,0.19004944,-1.1699506,-2.1399505,-0.15995055,-1.0199505,-1.2299505,-1.5499506,-0.9999506,-1.3799505,-1.5599506,1.8400494,0.6700494,0.8700494,2.2200494,2.6000495,0.90004945,2.3400495,2.9300494
2.1700494,2.4500494,4.0900493,4.8900495,4.2300496,3.6700494,3.5600495,3.2200494,1.5300494,0.53004944,0.040049437,0.70004946,-0.54995054,-0.86995053,-2.2399507,-0.52995056,-0.049950562,0.9200494,0.77004945,0.12004944,-0.16995056,-0.28995055,0.25004944,0.25004944,-0.19995056,1.0200495,2.3100495,2.5600495,1.2100494,0.040049437,-1.2299505,-1.9299506,-1.7499505,-2.2499506,-2.0699506,-2.1799505,-1.0599506,0.70004946,-1.2999506,0.08004944,1.2100494,2.3700495,4.2700496
2.8200495,2.9500494,3.1000495,4.5000496,4.3400493,4.1100492,2.4000494,1.4300494,0.9300494,0.12004944,-1.0099505,-0.009950561,1.0800494,-0.5799506,0.08004944,-1.4499506,-0.73995054,-0.13995056,-1.2499505,-0.30995056,0.16004944,0.5000494,0.060049437,-0.71995056,-1.0899506,-0.85995054,0.79004943,1.8500495,1.8800495,0.21004944,-0.07995056,-1.4199506,-1.9299506,-0.15995055,-1.5399506,-3.2399507,-2.3199506,-1.9499506,0.39004943,-0.8299506,2.1600494,2.7600493,4.400049
