wind_kz.json
{"header": {"discipline":0,"disciplineName":"Meteorological products","gribEdition":2,"gribLength":948,"center":7,"centerName":"US National Weather Service - NCEP(WMC)","subcenter":0,"refTime":"2023-10-05T12:00:00.000Z","significanceOfRT":1,"significanceOfRTName":"Start of forecast","productStatus":0,"productStatusName":"Operational products","productType":1,"productTypeName":"Forecast products","productDefinitionTemplate":0,"productDefinitionTemplateName":"Analysis/forecast at horizontal level/layer at a point in time","parameterCategory":0,"parameterCategoryName":"UnknownDiscipline_0_Category_0","parameterNumber":0,"parameterNumberName":"UnknownParameter_D0_C0_0","parameterUnit":"Unknown","genProcessType":2,"genProcessTypeName":"Forecast","forecastTime":240,"surface1Type":1,"surface1TypeName":"Ground or water surface","surface1Value":0.0,"surface2Type":255,"surface2TypeName":"Missing","surface2Value":0.0,"gridDefinitionTemplate":0,"gridDefinitionTemplateName":"Latitude_Longitude","numberPoints":615,"shape":6,"shapeName":"Earth spherical with radius of 6,371,229.0 m","gridUnits":"degrees","resolution":48,"winds":"true","scanMode":64,"nx":41,"ny":15,"basicAngle":0,"lo1":47.0,"la1":41.0,"lo2":87.0,"la2":55.0,"dx":1.0,"dy":1.0}, "data":
[rows 0 to 14 of 15, columns 0 to 40 of 41]
298.30392,287.30392,293.30392,293.00394,292.70392,291.30392,296.70392,301.10394,297.60394,297.30392,296.30392,296.10394,295.70392,296.00394,295.70392,294.90393,294.80392,295.30392,296.10394,293.30392,293.80392,292.10394,294.30392,290.90393,293.20392,294.90393,289.90393,277.40393,276.80392,274.50394,272.90393,266.30392,283.30392,289.70392,290.30392,290.20392,290.50394,289.20392,288.30392,287.50394,285.70392
273.60394,294.50394,293.00394,292.60394,292.50394,290.50394,300.80392,297.80392,296.10394,295.20392,295.60394,294.40393,295.00394,294.60394,293.90393,293.60394,293.20392,293.00394,292.80392,294.70392,292.20392,292.80392,291.70392,284.90393,271.60394,275.70392,282.60394,277.30392,275.50394,270.90393,277.80392,268.40393,277.10394,249.60393,270.90393,287.00394,285.20392,287.50394,289.60394,283.60394,283.50394
297.90393,292.30392,292.60394,292.20392,291.30392,298.10394,296.90393,296.10394,294.20392,294.10394,293.20392,292.80392,292.90393,292.30392,292.40393,292.60394,292.50394,292.40393,292.20392,292.70392,292.20392,291.20392,292.60394,288.30392,292.90393,289.60394,289.80392,288.00394,285.80392,280.00394,267.90393,270.20392,278.10394,278.50394,279.60394,279.10394,269.70392,273.40393,274.80392,269.40393,268.70392
298.80392,291.50394,292.50394,291.70392,292.10394,296.60394,294.00394,295.70392,294.90393,294.10394,292.60394,291.70392,288.50394,288.00394,289.70392,291.20392,292.00394,291.50394,291.60394,293.00394,291.60394,287.30392,292.50394,292.60394,292.90393,292.90393,291.80392,288.70392,287.00394,287.50394,287.70392,284.40393,289.20392,285.00394,284.70392,281.70392,268.30392,262.10394,274.40393,281.50394,284.80392
299.10394,289.90393,290.80392,290.50394,292.90393,297.10394,296.10394,296.70392,293.90393,293.70392,293.30392,292.00394,287.40393,286.20392,285.00394,292.00394,291.50394,291.20392,290.20392,290.30392,290.50394,290.10394,291.20392,291.00394,290.40393,289.30392,288.10394,287.40393,286.60394,287.40393,289.40393,285.90393,276.20392,266.90393,276.80392,282.90393,286.90393,286.80392,287.30392,288.30392,287.60394
298.30392,298.00394,288.30392,288.60394,288.90393,288.30392,294.30392,296.40393,294.50394,292.70392,293.80392,292.70392,287.90393,286.90393,288.60394,290.50394,291.00394,289.80392,289.70392,288.90393,289.00394,289.40393,288.90393,288.70392,288.80392,287.60394,286.50394,285.50394,288.70392,288.80392,287.50394,288.90393,287.20392,284.90393,283.00394,285.70392,279.60394,279.10394,284.60394,285.70392,286.40393
295.50394,295.30392,295.70392,295.80392,292.70392,295.20392,295.30392,293.20392,293.10394,290.40393,291.80392,291.10394,290.60394,290.90393,290.10394,290.40393,289.90393,289.00394,289.40393,288.50394,288.00394,288.40393,289.00394,288.90393,288.00394,287.20392,285.90393,287.10394,286.40393,286.90393,286.50394,286.20392,286.10394,287.00394,286.10394,284.60394,279.90393,277.50394,274.20392,271.90393,281.90393
293.10394,292.90393,292.90393,293.40393,293.60394,293.60394,293.10394,292.00394,291.40393,290.80392,290.40393,289.50394,289.50394,289.90393,290.20392,289.90393,288.90393,289.30392,288.60394,287.00394,286.60394,286.50394,286.00394,285.70392,286.10394,283.90393,283.50394,284.00394,282.70392,284.90393,284.00394,283.90393,283.00394,281.00394,281.60394,282.30392,283.50394,283.90393,283.30392,282.70392,279.00394
289.50394,289.00394,290.20392,290.20392,290.00394,290.90393,290.60394,290.20392,289.40393,288.70392,288.40393,288.30392,287.70392,288.50394,287.60394,288.30392,287.30392,288.20392,287.30392,286.10394,284.60394,283.80392,284.80392,284.50394,283.80392,284.10394,282.40393,281.90393,281.60394,280.60394,281.00394,282.10394,283.30392,284.00394,282.90393,280.80392,280.10394,279.70392,270.40393,270.50394,269.00394
287.90393,287.80392,287.80392,287.50394,288.10394,288.30392,288.10394,287.80392,287.20392,286.80392,286.00394,285.40393,286.70392,286.80392,286.80392,286.60394,287.10394,286.50394,287.10394,286.60394,284.90393,284.70392,285.40393,284.80392,285.30392,283.50394,283.60394,282.90393,282.00394,281.40393,282.30392,284.00394,284.90393,285.20392,283.60394,281.70392,279.80392,274.20392,272.20392,271.60394,269.30392
285.80392,286.30392,285.80392,285.50394,285.90393,285.50394,285.30392,285.50394,284.70392,284.40393,283.90393,284.30392,285.60394,284.70392,285.40393,285.70392,284.60394,284.60394,284.80392,284.00394,285.30392,284.90393,284.70392,284.50394,284.00394,283.40393,281.90393,283.50394,283.20392,283.60394,284.30392,285.60394,285.20392,284.90393,284.20392,281.40393,276.60394,274.20392,275.80392,275.10394,271.20392
285.20392,285.00394,284.40393,284.10394,283.40393,282.90393,282.50394,282.30392,283.00394,283.20392,281.30392,281.90393,283.80392,283.40393,284.00394,284.30392,283.70392,283.30392,282.40393,282.40393,282.90393,284.30392,283.10394,283.70392,282.80392,283.70392,283.70392,284.00394,284.30392,284.50394,284.10394,283.90393,285.10394,283.20392,283.50394,282.20392,283.40393,282.20392,280.90393,281.20392,280.40393
280.60394,282.40393,283.10394,283.00394,282.30392,282.00394,281.40393,280.50394,280.30392,279.50394,277.90393,277.10394,280.60394,280.60394,282.60394,283.30392,283.50394,282.60394,281.40393,281.00394,280.80392,281.40393,281.50394,282.40393,283.20392,284.30392,284.50394,283.70392,284.10394,283.70392,284.00394,283.80392,284.10394,283.70392,283.70392,282.70392,281.30392,283.70392,280.60394,280.70392,280.60394
280.10394,281.00394,282.40393,281.20392,280.90393,280.70392,280.00394,279.30392,280.10394,279.50394,276.30392,274.10394,277.40393,279.60394,281.00394,282.00394,282.30392,281.90393,281.30392,281.40393,280.40393,280.40393,282.10394,282.70392,284.10394,284.20392,284.10394,283.90393,283.90393,283.20392,282.90393,282.70392,282.40393,282.00394,282.50394,280.80392,280.90393,278.90393,280.80392,279.40393,280.80392
278.40393,280.00394,283.00394,278.10394,278.00394,278.20392,278.90393,278.40393,278.70392,278.80392,277.60394,276.20392,274.80392,276.10394,278.10394,280.40393,280.50394,280.40393,281.60394,280.60394,280.90393,281.20392,280.30392,280.30392,280.80392,281.90393,282.70392,282.50394,283.10394,283.30392,283.30392,282.90393,282.00394,281.70392,281.50394,281.50394,282.10394,280.80392,280.50394,279.50394,280.20392
