wind_kz.json
{"header": {"discipline":0,"disciplineName":"Meteorological products","gribEdition":2,"gribLength":1025,"center":7,"centerName":"US National Weather Service - NCEP(WMC)","subcenter":0,"refTime":"2023-09-10T06:00:00.000Z","significanceOfRT":1,"significanceOfRTName":"Start of forecast","productStatus":0,"productStatusName":"Operational products","productType":1,"productTypeName":"Forecast products","productDefinitionTemplate":0,"productDefinitionTemplateName":"Analysis/forecast at horizontal level/layer at a point in time","parameterCategory":2,"parameterCategoryName":"UnknownDiscipline_0_Category_2","parameterNumber":3,"parameterNumberName":"UnknownParameter_D0_C2_3","parameterUnit":"Unknown","genProcessType":2,"genProcessTypeName":"Forecast","forecastTime":120,"surface1Type":103,"surface1TypeName":"Specified height level above ground","surface1Value":10.0,"surface2Type":255,"surface2TypeName":"Missing","surface2Value":0.0,"gridDefinitionTemplate":0,"gridDefinitionTemplateName":"Latitude_Longitude","numberPoints":615,"shape":6,"shapeName":"Earth spherical with radius of 6,371,229.0 m","gridUnits":"degrees","resolution":48,"winds":"true","scanMode":64,"nx":41,"ny":15,"basicAngle":0,"lo1":47.0,"la1":41.0,"lo2":87.0,"la2":55.0,"dx":1.0,"dy":1.0}, "data":
[rows 0 to 14 of 15, columns 0 to 40 of 41]
-0.93987304,1.7701269,-0.769873,-3.709873,-6.529873,-7.579873,-8.159873,-6.409873,1.5201269,4.310127,5.580127,0.99012697,-1.859873,-3.389873,-4.119873,-6.179873,-3.679873,-3.929873,-6.039873,-3.4998732,-2.209873,-2.939873,-2.189873,1.6701269,2.540127,3.020127,-1.119873,2.520127,-1.119873,-1.919873,-2.239873,1.490127,-1.489873,-1.169873,-1.1898731,-1.369873,-0.09987304,0.45012695,0.62012696,-0.029873047,0.77012694
-0.829873,-0.42987305,2.900127,-1.5598731,-4.669873,-6.429873,-7.589873,-6.889873,-3.889873,4.8501267,4.200127,2.770127,2.530127,1.470127,-0.47987306,0.26012695,-1.739873,-4.199873,-4.429873,-4.079873,-4.829873,-4.1498733,-2.2698731,-0.34987304,2.860127,3.760127,3.5001268,3.620127,-0.86987305,3.260127,-0.959873,-0.25987303,2.270127,-0.65987307,2.7401268,2.810127,2.160127,3.100127,2.520127,1.890127,0.13012695
-1.9598731,-0.019873047,2.2401268,-2.0298731,-3.149873,-5.3798733,-7.109873,-6.579873,-3.0398731,2.780127,3.820127,3.280127,1.390127,1.9001269,1.0601269,-0.25987303,-1.9698731,-3.0198731,-4.969873,-6.209873,-2.659873,-2.669873,-5.179873,-1.5598731,-1.8298731,-2.119873,-1.659873,-2.919873,-1.739873,-3.109873,-2.129873,-0.5898731,-3.5098732,2.540127,-0.74987304,-3.869873,-3.649873,-5.239873,-3.899873,0.090126954,0.9701269
-3.129873,-2.0098732,-0.37987304,-1.519873,-2.419873,-4.389873,-4.579873,-4.469873,-2.319873,0.090126954,1.990127,3.4801269,1.5501269,2.060127,2.540127,1.0301269,-1.799873,-2.989873,-4.219873,-5.799873,-5.199873,-1.999873,-1.2198731,-2.7498732,-3.389873,-3.2698731,-3.299873,-1.509873,-3.0298731,-2.059873,-3.189873,-1.159873,1.850127,0.27012694,0.48012695,2.510127,3.660127,4.080127,-1.3098731,-1.139873,-1.619873
-2.409873,-4.459873,-2.489873,-0.66987306,-1.619873,-2.2798731,-3.129873,-0.99987304,-2.229873,2.7501268,2.270127,4.070127,6.200127,5.060127,3.130127,2.420127,0.57012695,-0.87987304,-2.109873,-2.569873,-2.199873,-1.6898731,-2.049873,-2.559873,-3.199873,-2.889873,-1.3298731,-2.699873,-1.4798731,-2.619873,-1.899873,-1.519873,2.270127,1.570127,-0.35987306,0.040126953,1.260127,1.5201269,3.430127,4.270127,3.9601269
-3.0298731,-2.239873,-2.399873,-2.889873,-3.179873,-2.979873,-0.29987305,-0.59987307,0.050126955,0.36012694,3.310127,5.610127,4.890127,6.430127,4.800127,3.300127,1.740127,0.90012693,-0.06987305,-1.009873,-1.6998731,-1.859873,-2.099873,-2.129873,-2.7698731,-2.5198731,-1.489873,-1.9698731,-2.349873,-2.309873,-2.179873,-0.78987306,-1.1998731,-0.519873,-1.239873,-1.9698731,-3.109873,-3.7598732,-2.129873,3.390127,2.2301269
-1.769873,-2.899873,-1.899873,-1.2298731,-1.2198731,-0.45987305,0.94012696,1.130127,1.1901269,2.170127,2.0001268,5.380127,4.980127,6.420127,5.740127,4.490127,3.190127,1.990127,1.490127,-0.50987303,-1.539873,-2.339873,-2.459873,-1.359873,-2.189873,-2.319873,-2.5298731,-1.929873,-1.5698731,0.080126956,-0.20987305,0.80012697,1.350127,0.14012696,0.020126954,0.980127,2.2101269,3.840127,1.1501269,2.2501268,-2.2898731
-3.069873,-2.919873,-2.689873,-2.649873,-1.8298731,-0.56987303,1.130127,4.330127,1.8001269,0.65012693,1.210127,5.750127,5.590127,5.470127,5.250127,4.280127,2.760127,2.290127,1.5201269,-0.28987303,-2.439873,-2.489873,-2.839873,-2.4998732,-2.579873,-2.219873,-2.949873,-2.349873,-0.53987306,1.3101269,1.610127,0.13012695,-0.49987304,1.7801269,0.920127,1.6601269,-0.9698731,-2.309873,-1.4498731,0.7201269,0.89012694
-3.099873,-3.819873,-2.179873,-1.299873,-2.729873,-1.6898731,0.89012694,4.420127,1.980127,0.37012696,2.2401268,1.8001269,3.420127,2.0001268,1.140127,4.660127,1.0601269,1.880127,2.620127,0.920127,-0.5898731,-2.379873,-1.389873,-1.639873,0.35012695,-1.489873,-0.45987305,-1.0898731,-1.519873,-0.18987304,2.060127,1.880127,1.0601269,1.860127,-1.289873,-2.389873,2.780127,3.320127,2.930127,2.280127,2.7401268
-4.239873,-2.639873,-3.359873,-3.819873,-2.2798731,-0.23987305,2.010127,2.620127,1.740127,1.450127,2.840127,2.510127,2.270127,0.920127,3.2301269,1.320127,1.2695312E-4,-0.85987306,-0.36987305,-0.829873,-0.47987306,-0.13987304,-2.2598732,-1.3398731,-1.2198731,-0.049873047,-0.67987305,-0.21987304,1.7901269,2.550127,1.950127,0.74012697,1.070127,1.490127,1.220127,-1.0598731,-0.769873,3.320127,3.2201269,0.87012696,1.010127
-4.289873,-3.2698731,-2.139873,-0.94987303,-1.739873,-3.159873,-0.94987303,2.070127,1.1601269,2.620127,2.150127,-0.86987305,3.450127,2.820127,0.64012694,-0.93987304,-1.049873,-0.81987303,-1.289873,-1.279873,0.51012695,-1.5698731,-2.4998732,-1.619873,0.090126954,-1.2298731,-1.929873,-1.4598731,-0.50987303,-1.299873,0.120126955,1.500127,2.030127,2.110127,2.070127,1.7901269,1.210127,1.200127,5.090127,1.0201269,0.35012695
-1.5798731,-3.569873,-1.889873,-2.329873,-2.439873,-1.8098731,-0.049873047,-0.74987304,-0.20987305,1.1601269,2.7201269,0.57012695,0.50012696,1.230127,0.22012696,-0.90987307,-0.899873,-1.0998731,-0.13987304,-0.29987305,-1.3198731,-0.87987304,-0.29987305,-2.469873,-2.5398731,-2.619873,-2.329873,-2.569873,-3.0198731,-2.119873,-1.799873,3.9601269,3.640127,4.240127,2.320127,2.380127,0.81012696,-1.519873,-2.359873,-1.399873,-1.0898731
-1.739873,-1.289873,-1.109873,-1.909873,-1.9498731,-1.539873,0.64012694,1.490127,0.790127,0.850127,0.57012695,1.4301269,0.120126955,-1.509873,-0.94987303,0.28012696,-1.159873,-0.67987305,-0.93987304,-0.22987305,0.14012696,-1.5998731,-2.0098732,-2.339873,-3.059873,-3.629873,-3.699873,-2.5198731,-1.5598731,-1.269873,-1.2198731,1.2695312E-4,1.6501269,2.900127,1.4301269,2.330127,2.080127,1.090127,1.2901269,-0.05987305,0.600127
-0.649873,-1.039873,0.62012696,-0.50987303,-0.97987306,-0.78987306,-0.959873,0.36012694,-0.7198731,-0.84987307,0.43012697,0.93012697,-0.009873047,-1.1898731,0.46012697,-0.59987307,-0.86987305,-0.14987305,-0.79987305,-0.75987303,-0.7198731,0.020126954,-0.73987305,-1.519873,-2.869873,-3.569873,-2.339873,-1.249873,-2.109873,-2.359873,0.610127,1.4101269,2.680127,2.880127,2.400127,2.260127,2.610127,2.440127,1.360127,1.350127,0.31012696
-0.03987305,-0.31987303,1.240127,0.64012694,-0.649873,0.17012696,0.33012694,0.55012697,1.610127,-0.47987306,-0.90987307,0.23012695,-0.899873,0.040126953,0.37012696,-1.109873,-0.56987303,0.64012694,-0.80987304,-0.049873047,-0.55987304,-1.289873,-1.419873,-2.109873,-1.779873,-1.3198731,-2.679873,-3.179873,-2.209873,-3.429873,0.51012695,2.050127,-1.429873,-0.50987303,1.080127,1.980127,2.930127,2.820127,1.870127,1.6801269,1.250127
