wind_kz.json
{"header": {"discipline":0,"disciplineName":"Meteorological products","gribEdition":2,"gribLength":1025,"center":7,"centerName":"US National Weather Service - NCEP(WMC)","subcenter":0,"refTime":"2023-10-04T18:00:00.000Z","significanceOfRT":1,"significanceOfRTName":"Start of forecast","productStatus":0,"productStatusName":"Operational products","productType":1,"productTypeName":"Forecast products","productDefinitionTemplate":0,"productDefinitionTemplateName":"Analysis/forecast at horizontal level/layer at a point in time","parameterCategory":2,"parameterCategoryName":"UnknownDiscipline_0_Category_2","parameterNumber":2,"parameterNumberName":"UnknownParameter_D0_C2_2","parameterUnit":"Unknown","genProcessType":2,"genProcessTypeName":"Forecast","forecastTime":60,"surface1Type":103,"surface1TypeName":"Specified height level above ground","surface1Value":10.0,"surface2Type":255,"surface2TypeName":"Missing","surface2Value":0.0,"gridDefinitionTemplate":0,"gridDefinitionTemplateName":"Latitude_Longitude","numberPoints":615,"shape":6,"shapeName":"Earth spherical with radius of 6,371,229.0 m","gridUnits":"degrees","resolution":48,"winds":"true","scanMode":64,"nx":41,"ny":15,"basicAngle":0,"lo1":47.0,"la1":41.0,"lo2":87.0,"la2":55.0,"dx":1.0,"dy":1.0}, "data":
[rows 0 to 14 of 15, columns 0 to 40 of 41]
3.8885648,-0.051435243,0.64856476,4.148565,-0.31143525,-0.90143526,0.06856476,-2.6014352,-3.8914351,-1.0014353,-0.64143527,-0.91143525,-0.9414352,-0.92143524,0.39856476,0.54856473,-0.051435243,-1.1614352,2.1885648,1.3185648,-0.8714352,-0.79143524,0.48856476,2.4085648,-2.7614353,-0.66143525,0.16856475,1.5285648,-0.31143525,0.6285648,-0.95143527,2.0285647,-0.61143523,-2.0314353,-3.5414352,-1.8114352,-1.2614353,-2.9014351,-1.2414353,-0.6814352,-0.40143526
0.76856476,-0.52143526,5.6385646,3.5185647,-2.1814353,-2.6214352,-1.5514352,-0.52143526,-1.8814353,-1.3414352,-0.32143524,0.24856476,-0.021435242,-0.28143525,-0.7614353,-0.6814352,-0.0014352417,0.9985648,1.6485648,0.84856474,1.4985647,0.58856475,1.3285648,3.1085649,0.8185648,0.5085648,0.17856476,0.8685648,2.3185647,1.2185647,0.52856475,1.0385648,-1.5514352,1.3485647,-0.34143525,-1.4914353,-0.011435241,1.3585647,2.6385648,-1.7114352,-0.7514352
4.988565,7.8885646,5.8485646,-0.95143527,-1.5514352,-1.1814352,-0.36143523,-0.96143526,-1.2214352,-1.1714352,-1.9914353,-2.3514352,-1.5414352,-1.3314352,-1.1814352,-0.27143523,-0.40143526,-1.3514352,-0.95143527,0.51856476,2.2185647,1.9885647,3.3085647,5.3385644,-0.47143525,-0.08143524,-0.20143524,0.36856475,-0.5014352,-0.59143525,0.95856476,-0.58143526,0.008564758,-0.58143526,-2.8014352,-0.11143524,0.46856475,0.16856475,-0.31143525,0.57856476,0.7585648
5.2585645,4.2885647,4.108565,4.8485646,2.3885648,1.9085648,1.4585648,1.8885647,0.9285648,-0.06143524,-0.08143524,-0.97143525,-1.5014353,-1.9014353,-0.39143524,-1.9714352,-0.41143525,-0.78143525,-1.3814353,-1.0414352,-2.6814353,3.0885649,4.088565,6.2285643,6.6885643,4.0585647,2.6885648,4.3885646,6.0985646,4.858565,4.028565,5.6185646,5.7385645,2.1585648,3.4885647,3.0685647,1.3085648,0.9285648,-1.5614352,-0.9914352,-0.48143524
8.428564,5.7485642,9.008564,8.978564,7.4185643,4.418565,2.7985647,4.298565,2.1685648,0.90856475,0.9985648,-0.97143525,-1.4114352,-0.70143527,-0.17143524,-0.84143525,-0.86143523,0.63856477,0.90856475,0.24856476,0.78856474,5.9985642,8.978564,4.6185646,5.1285644,5.6185646,4.9785647,7.1285644,5.8485646,0.078564756,0.24856476,1.2785648,2.0585647,1.4185648,-2.1614351,-1.6714352,-1.0814352,-2.9014351,-2.2014353,-1.6514353,-0.37143525
8.368565,8.768564,5.5985646,9.448565,10.748565,7.7785645,4.258565,2.4985647,0.32856476,1.8385648,1.6785648,1.3685647,0.17856476,1.3785647,2.2285647,1.2285647,1.2485647,1.2585647,2.9385648,1.5085647,4.838565,7.4085646,7.8485646,5.6285644,3.6985648,5.7385645,5.9085646,3.1185648,4.088565,-0.45143524,0.57856476,3.7085648,2.9685647,4.568565,0.47856477,-0.8814352,-0.30143523,2.2585647,-0.40143526,-1.1814352,-2.0614352
7.9685645,9.318564,8.888564,7.1785645,7.2985644,6.8985643,6.9585643,3.2385647,2.0585647,2.4785647,2.3285646,2.9085648,1.7285647,1.3985648,0.9985648,1.6485648,2.2085648,1.4785647,1.4585648,3.0985649,5.048565,3.7485647,3.9085648,4.3885646,3.6985648,3.3585649,0.85856473,-0.89143527,1.1585648,2.7385647,2.6285648,2.6885648,1.7785648,2.2985647,-1.2914352,-0.80143523,1.8685647,1.8885647,3.9385648,0.24856476,-0.79143524
6.8085647,7.0685644,6.018564,8.708565,7.9185643,7.8685646,5.5985646,1.4285648,2.3685648,2.8485649,3.3685648,4.1585646,3.2285647,2.2285647,2.4085648,2.9885647,2.5785646,3.3285646,1.5785648,0.44856477,4.358565,3.7385647,2.5485647,2.6985648,2.8485649,1.3685647,0.43856475,-0.70143527,-0.47143525,-0.08143524,0.6285648,0.7485648,2.0085647,1.2585647,2.1985648,-2.4914353,-1.8114352,-2.2414353,-4.4014354,-2.2014353,0.27856475
7.5385647,7.3485646,6.9185643,7.7085643,6.3785644,7.8685646,3.2685647,0.5685648,2.0385647,2.1285648,2.9185648,2.9885647,5.4185643,3.3585649,3.1885648,3.2085648,3.6385648,3.1085649,3.4285648,2.0285647,3.5085647,3.9585648,2.3985648,1.6785648,2.8385649,3.1285648,1.3285648,1.7085648,1.8685647,1.8485647,2.2485647,0.9885647,-1.1714352,-0.5714352,-1.0914352,-2.6714354,-2.3514352,0.60856473,0.76856476,-0.22143525,0.37856475
7.7885647,7.1885643,6.4185643,6.7285643,7.6785645,1.5885648,-0.051435243,0.06856476,0.9885647,1.9785647,1.7985648,1.6085647,2.4985647,2.8785648,3.8985648,3.6385648,3.6185648,4.028565,3.6885648,3.7085648,4.108565,4.7285647,4.188565,1.9185648,1.0885648,1.3485647,1.9585648,1.3785647,1.7185647,1.9585648,1.4585648,0.12856476,-0.14143524,-0.80143523,-0.7514352,-1.8214352,-0.6814352,-0.8814352,2.1385648,0.6785648,-0.54143524
7.4385643,6.3885646,6.1585646,6.4185643,3.1785648,2.3585649,0.45856476,1.0385648,1.5385648,2.0585647,1.7785648,1.0185647,0.88856477,2.8485649,3.2485647,3.9785647,4.378565,4.588565,3.7585647,4.6585646,5.048565,4.9085646,3.8485649,2.7085648,1.3585647,1.0485648,1.0485648,1.6385647,1.2185647,0.04856476,-1.2314353,-1.7714353,-0.58143526,0.21856476,0.25856477,0.23856476,0.31856477,0.54856473,0.13856477,-0.38143525,0.9985648
6.4185643,6.0585647,6.6085644,5.8385644,3.3085647,2.8285646,1.9485648,0.25856477,1.1585648,0.21856476,0.52856475,2.6685648,1.3685647,1.8985648,4.668565,5.1985645,6.0085645,5.4085646,4.068565,3.9985647,3.6285648,4.6185646,2.3985648,2.3685648,1.9985647,1.4485648,1.4885647,-0.19143525,-1.5214353,-2.4114351,-2.6514351,-1.7814353,-1.5614352,-1.7514353,-1.4414352,-1.1214353,-0.42143524,-0.09143524,-0.06143524,-0.021435242,-0.60143524
5.3785644,5.2385645,4.878565,4.1985645,2.9285648,2.6585648,2.6885648,2.6985648,0.49856475,0.37856475,0.95856476,2.3885648,2.4385648,3.8585649,4.718565,4.8885646,5.0585647,4.938565,3.7485647,3.2585647,3.1385648,4.028565,2.3385649,1.9385648,2.3385649,1.1185647,-0.15143524,-1.6714352,-2.0414352,-2.5414352,-2.1614351,-1.7914352,-2.2714353,-1.8714353,-2.3114352,-2.5814352,-2.5214353,-1.1014352,-1.8114352,-1.0514352,-0.84143525
4.7285647,6.2385645,6.3285646,5.4585643,1.9785647,2.4085648,2.2585647,0.97856474,1.9585648,0.51856476,0.6885648,0.48856476,2.0785646,3.3985648,2.5285647,2.2885647,3.2485647,4.0785646,2.9085648,2.7985647,2.5885649,4.0585647,2.7385647,3.0985649,0.65856475,-1.0414352,-1.2714353,-1.5214353,-1.8614353,-1.9814353,-1.5614352,-1.3114352,-0.89143527,-1.1814352,-1.3614353,-1.2914352,-1.6414353,-1.3014352,-0.48143524,-0.86143523,-1.3214352
3.2585647,4.9985647,6.2985644,5.2885647,2.0085647,2.1685648,2.1185648,1.3485647,0.84856474,-0.20143524,0.38856477,0.97856474,1.2585647,0.8785648,1.8385648,1.3485647,2.1685648,1.7985648,0.69856477,1.8685647,3.0685647,3.0785646,2.6185648,0.44856477,-0.27143523,-1.0714352,-0.92143524,-1.2714353,-1.5514352,-1.1814352,-1.2814353,-0.40143526,-0.73143524,-0.89143527,-0.64143527,-0.86143523,-0.28143525,-1.0414352,-1.6214353,-1.1514353,-0.08143524
