wind.json
{"header": {"discipline":0,"disciplineName":"Meteorological products","gribEdition":2,"gribLength":953,"center":7,"centerName":"US National Weather Service - NCEP(WMC)","subcenter":0,"refTime":"2023-07-01T00:00:00.000Z","significanceOfRT":1,"significanceOfRTName":"Start of forecast","productStatus":0,"productStatusName":"Operational products","productType":1,"productTypeName":"Forecast products","productDefinitionTemplate":0,"productDefinitionTemplateName":"Analysis/forecast at horizontal level/layer at a point in time","parameterCategory":0,"parameterCategoryName":"UnknownDiscipline_0_Category_0","parameterNumber":0,"parameterNumberName":"UnknownParameter_D0_C0_0","parameterUnit":"Unknown","genProcessType":2,"genProcessTypeName":"Forecast","forecastTime":0,"surface1Type":1,"surface1TypeName":"Ground or water surface","surface1Value":0.0,"surface2Type":255,"surface2TypeName":"Missing","surface2Value":0.0,"gridDefinitionTemplate":0,"gridDefinitionTemplateName":"Latitude_Longitude","numberPoints":688,"shape":6,"shapeName":"Earth spherical with radius of 6,371,229.0 m","gridUnits":"degrees","resolution":48,"winds":"true","scanMode":64,"nx":43,"ny":16,"basicAngle":0,"lo1":45.0,"la1":40.0,"lo2":87.0,"la2":55.0,"dx":1.0,"dy":1.0}, "data":
[rows 0 to 15 of 16, columns 0 to 42 of 43]
279.39197,276.69196,292.69196,295.09198,296.19196,297.69196,296.79196,294.99197,294.89197,295.49197,300.09198,299.49197,302.39197,300.09198,299.79196,301.19196,300.19196,299.39197,297.69196,296.39197,295.79196,292.69196,291.09198,291.49197,289.09198,286.69196,288.39197,281.39197,276.29196,274.89197,278.49197,289.59198,291.19196,294.19196,295.29196,295.19196,296.39197,294.99197,297.49197,296.69196,295.19196,294.99197,295.39197
282.09198,291.19196,292.79196,285.79196,287.39197,296.19196,296.09198,294.39197,294.89197,299.39197,299.69196,300.19196,301.29196,302.39197,301.79196,300.79196,300.19196,297.29196,296.19196,295.39197,294.19196,294.09198,293.19196,290.49197,289.99197,288.59198,291.59198,293.19196,289.09198,274.79196,274.29196,273.99197,274.49197,278.09198,286.89197,293.79196,295.49197,295.19196,295.79196,295.89197,296.39197,296.09198,295.59198
281.99197,282.59198,274.29196,287.19196,295.99197,296.19196,295.99197,293.39197,295.59198,297.29196,297.49197,298.99197,300.29196,299.79196,299.89197,298.99197,298.29196,296.89197,295.29196,294.29196,292.59198,292.49197,291.99197,292.59198,290.49197,284.39197,271.69196,272.89197,281.19196,272.19196,275.39197,272.69196,276.59198,258.19196,278.09198,256.79196,271.79196,289.79196,289.59198,294.09198,297.09198,289.69196,283.29196
283.59198,285.29196,289.69196,296.59198,296.29196,296.19196,295.19196,295.59198,297.09198,297.79196,296.99197,298.29196,298.89197,300.49197,298.39197,299.69196,297.39197,295.69196,294.49197,293.09198,291.49197,291.89197,293.59198,295.19196,294.29196,286.19196,285.69196,288.09198,287.79196,287.59198,287.59198,277.89197,271.29196,272.19196,279.09198,279.19196,280.79196,282.89197,274.59198,277.29196,279.79196,277.09198,275.89197
288.29196,291.69196,289.79196,297.49197,297.49197,296.59198,295.59198,295.39197,296.09198,296.79196,296.89197,299.49197,298.99197,297.99197,294.39197,293.89197,296.49197,296.69196,295.59198,292.89197,292.59198,292.89197,292.79196,288.59198,291.29196,291.49197,290.49197,291.49197,291.79196,291.19196,288.29196,288.49197,288.79196,287.69196,292.09198,289.89197,289.99197,284.99197,276.09198,274.79196,280.19196,290.69196,293.59198
289.39197,291.89197,292.49197,297.99197,297.99197,298.79196,297.89197,296.89197,296.69196,298.69196,300.69196,298.29196,299.09198,298.69196,295.09198,294.49197,291.69196,296.19196,295.59198,294.39197,291.39197,294.79196,294.29196,294.19196,292.39197,291.99197,292.39197,292.49197,290.49197,290.19196,290.89197,291.49197,293.09198,288.89197,278.29196,268.79196,281.69196,291.49197,294.19196,297.49197,296.69196,296.59198,296.69196
290.49197,294.19196,292.69196,291.59198,298.59198,298.09198,297.79196,297.49197,296.39197,298.69196,300.59198,298.69196,298.89197,296.89197,293.89197,293.59198,293.99197,294.89197,294.89197,295.09198,294.09198,294.69196,294.09198,293.19196,292.29196,290.49197,291.59198,290.99197,291.99197,290.49197,292.79196,293.79196,292.69196,292.19196,291.09198,289.59198,290.59198,290.99197,284.79196,286.79196,294.09198,296.99197,295.49197
291.69196,293.69196,294.29196,293.09198,295.49197,296.19196,296.89197,296.59198,297.09198,298.99197,300.89197,300.29196,296.99197,298.19196,296.29196,294.39197,293.59198,293.89197,294.99197,294.49197,294.69196,292.79196,292.39197,292.79196,292.69196,292.49197,291.19196,291.29196,291.19196,292.99197,291.69196,291.99197,291.59198,292.69196,292.69196,292.49197,290.69196,289.49197,286.19196,284.49197,282.19196,280.99197,291.69196
290.79196,291.39197,294.09198,294.29196,294.49197,296.29196,297.39197,297.29196,298.29196,296.99197,296.99197,299.19196,297.39197,293.89197,292.19196,294.09198,294.49197,295.19196,295.19196,294.69196,293.79196,291.79196,290.89197,291.09198,290.59198,291.39197,289.29196,285.99197,287.09198,288.39197,287.19196,288.69196,287.89197,288.89197,287.39197,286.79196,286.29196,289.69196,290.39197,287.99197,290.99197,290.59198,288.19196
289.89197,291.59198,292.89197,294.09198,294.79196,295.19196,296.69196,296.19196,295.19196,296.09198,296.89197,295.59198,295.49197,293.09198,291.39197,292.29196,292.99197,293.29196,293.29196,293.39197,292.99197,291.39197,289.09198,288.39197,289.69196,289.39197,287.49197,287.99197,284.49197,282.79196,282.19196,281.99197,283.89197,285.59198,287.49197,289.29196,288.29196,285.39197,285.89197,288.19196,280.59198,279.89197,280.39197
287.19196,289.19196,290.49197,292.49197,293.99197,294.19196,293.69196,293.79196,294.09198,293.89197,294.59198,292.09198,292.99197,291.59198,291.49197,291.99197,291.99197,292.39197,292.89197,292.79196,291.39197,290.99197,289.29196,289.49197,289.69196,289.19196,288.39197,287.39197,285.59198,284.79196,284.59198,284.69196,285.29196,287.59198,288.79196,288.79196,288.99197,286.89197,284.39197,283.09198,280.09198,279.39197,278.59198
285.29196,288.39197,288.49197,289.99197,291.59198,291.99197,290.99197,290.99197,294.09198,291.69196,292.09198,292.19196,291.99197,292.39197,291.69196,290.69196,292.59198,291.79196,291.29196,293.49197,290.89197,289.09198,288.59198,288.69196,287.69196,287.49197,285.79196,285.69196,283.19196,285.59198,286.29196,288.09198,288.99197,288.09198,287.59198,287.79196,286.69196,285.29196,282.69196,281.19196,281.19196,280.89197,279.69196
284.69196,284.89197,286.19196,288.39197,292.19196,291.29196,289.09198,289.29196,288.59198,288.89197,290.19196,290.19196,289.79196,289.19196,290.59198,290.29196,291.59198,291.09198,291.39197,291.59198,290.39197,288.79196,287.09198,285.99197,285.69196,284.69196,284.49197,284.49197,284.19196,285.69196,286.79196,287.39197,286.09198,286.89197,286.69196,286.19196,285.59198,285.79196,285.59198,286.09198,286.39197,285.29196,284.79196
284.29196,284.79196,285.09198,285.59198,287.69196,288.49197,288.19196,288.59198,288.09198,286.99197,287.99197,288.79196,286.79196,285.39197,289.79196,291.49197,290.09198,291.89197,291.29196,289.89197,289.09198,288.49197,285.99197,284.29196,283.39197,283.59198,284.79196,285.49197,287.09198,286.49197,285.99197,285.69196,285.99197,286.19196,285.89197,285.29196,285.19196,285.49197,285.59198,284.99197,285.59198,285.79196,284.99197
284.19196,284.19196,284.29196,284.89197,287.99197,287.79196,287.59198,287.59198,287.39197,286.89197,288.49197,287.79196,287.29196,284.59198,284.39197,289.29196,290.79196,291.29196,288.89197,288.59198,287.49197,286.59198,285.59198,285.29196,285.49197,285.29196,285.49197,285.19196,284.89197,284.59198,284.89197,285.39197,285.59198,285.59198,285.29196,284.89197,285.39197,285.59198,285.09198,284.69196,285.09198,284.19196,285.59198
283.29196,283.89197,284.49197,285.39197,289.89197,286.79196,287.89197,288.39197,288.49197,287.59198,290.09198,287.29196,288.69196,286.39197,287.09198,284.99197,287.69196,288.89197,288.29196,287.19196,287.59198,285.99197,286.19196,285.09198,284.39197,283.89197,283.69196,283.59198,284.09198,283.99197,284.09198,283.79196,284.29196,283.59198,284.79196,285.39197,285.79196,285.29196,285.39197,284.69196,284.89197,285.69196,284.69196
