wind_kz.json
[{"header":{"discipline":0,"disciplineName":"Meteorological products","gribEdition":2,"gribLength":948,"center":7,"centerName":"US National Weather Service - NCEP(WMC)","subcenter":0,"refTime":"2024-02-01T00:00:00.000Z","significanceOfRT":1,"significanceOfRTName":"Start of forecast","productStatus":0,"productStatusName":"Operational products","productType":1,"productTypeName":"Forecast products","productDefinitionTemplate":0,"productDefinitionTemplateName":"Analysis/forecast at horizontal level/layer at a point in time","parameterCategory":0,"parameterCategoryName":"UnknownDiscipline_0_Category_0","parameterNumber":0,"parameterNumberName":"UnknownParameter_D0_C0_0","parameterUnit":"Unknown","genProcessType":2,"genProcessTypeName":"Forecast","forecastTime":180,"surface1Type":1,"surface1TypeName":"Ground or water surface","surface1Value":0.0,"surface2Type":255,"surface2TypeName":"Missing","surface2Value":0.0,"gridDefinitionTemplate":0,"gridDefinitionTemplateName":"Latitude_Longitude","numberPoints":615,"shape":6,"shapeName":"Earth spherical with radius of 6,371,229.0 m","gridUnits":"degrees","resolution":48,"winds":"true","scanMode":64,"nx":41,"ny":15,"basicAngle":0,"lo1":47.0,"la1":41.0,"lo2":87.0,"la2":55.0,"dx":1.0,"dy":1.0},"data":[291.8,280.3,288.9,281.5,280.5,282.0,286.8,291.9,289.9,290.5,288.1,288.8,288.1,287.8,287.4,286.9,287.3,286.4,288.5,286.9,288.4,285.0,285.6,280.8,281.4,282.5,274.5,256.8,253.3,251.8,254.1,252.5,259.1,270.1,270.1,271.7,271.4,270.6,270.6,270.9,270.8,266.2,291.1,280.5,280.1,280.5,281.0,290.1,289.1,290.2,289.4,289.4,286.9,287.4,286.9,286.8,286.1,287.3,287.2,286.1,286.8,286.7,284.8,280.7,268.4,249.0,253.8,263.0,257.3,256.8,251.9,260.2,245.1,260.3,237.8,249.2,259.0,257.7,267.6,270.2,265.3,269.0,288.9,278.5,280.2,280.4,280.4,286.2,288.3,287.8,286.0,285.6,285.6,286.0,284.8,284.8,279.0,276.8,281.7,279.8,282.3,282.4,283.1,283.9,283.5,272.9,281.2,274.7,272.7,273.0,273.2,264.0,256.9,257.8,258.7,256.3,255.4,261.4,253.0,251.0,251.9,253.9,251.2,290.2,276.0,278.1,279.2,281.3,287.0,286.5,284.4,284.2,282.7,283.0,282.3,281.4,282.0,281.3,275.2,276.1,274.8,274.7,277.4,281.2,273.2,277.9,275.2,274.7,274.0,273.2,272.4,272.1,272.9,271.2,269.9,272.0,267.3,263.6,263.4,254.9,253.1,262.4,263.2,257.9,286.7,273.0,272.4,272.8,277.9,286.7,284.4,285.8,285.0,282.0,279.1,282.3,279.2,279.2,278.4,275.8,275.7,276.8,276.1,274.1,277.0,277.0,273.7,274.2,273.6,273.2,273.2,273.3,274.2,274.4,273.4,273.7,266.9,258.9,260.7,256.9,257.3,255.9,258.3,261.3,258.9,284.4,283.2,273.1,273.0,272.9,272.9,282.3,286.4,283.3,282.4,277.5,277.0,279.1,279.3,275.7,276.7,274.5,275.1,273.3,274.5,273.2,273.9,273.5,273.3,273.3,273.2,273.2,272.9,273.3,273.0,273.3,273.3,273.2,273.2,272.0,266.7,263.5,262.1,257.3,257.9,260.8,277.7,277.9,282.9,283.9,277.7,280.4,281.8,277.9,277.3,276.6,277.2,274.2,274.6,273.9,273.9,274.5,274.1,273.7,273.2,273.2,273.2,273.2,273.2,273.1,272.4,272.0,271.7,272.3,272.8,272.7,272.6,272.5,272.8,269.3,269.2,268.7,266.1,262.3,257.5,257.6,259.8,278.5,278.5,278.1,278.3,276.9,275.8,278.1,276.0,275.0,273.6,273.2,273.2,273.2,273.2,273.3,273.1,273.2,273.2,273.2,273.2,273.2,273.2,273.2,272.9,271.7,270.4,268.9,270.0,269.8,271.3,271.5,271.5,272.3,267.5,270.5,263.6,263.0,266.2,264.5,264.6,263.8,274.7,274.6,275.2,275.3,274.8,275.7,275.7,273.6,273.2,273.1,273.2,273.1,273.2,273.2,273.2,273.1,273.2,273.2,273.2,273.2,273.1,272.6,272.5,271.8,271.1,270.3,268.9,267.8,267.1,267.1,268.1,268.8,270.7,269.6,270.7,264.0,264.6,265.8,260.9,259.4,259.3,271.6,272.5,271.7,272.0,272.1,272.5,273.1,273.2,273.2,273.2,273.2,273.1,273.2,273.2,273.1,273.2,273.2,273.2,273.2,273.2,273.2,273.1,272.2,272.1,271.5,270.7,270.1,268.9,267.3,266.8,267.6,269.6,270.6,270.6,270.7,270.1,266.9,263.8,263.8,261.7,261.2,268.6,269.3,269.7,269.7,270.4,270.6,271.1,272.3,273.2,273.2,273.2,273.2,273.2,273.2,273.2,273.2,273.1,273.1,273.1,272.4,271.9,271.0,270.3,271.0,270.3,270.2,268.9,267.6,267.6,268.7,269.0,270.8,271.3,273.1,271.2,270.8,268.5,263.1,263.8,264.3,263.1,266.9,267.2,267.3,267.2,267.8,268.2,269.4,270.6,272.0,273.2,273.1,273.2,273.2,273.2,273.2,272.5,271.8,271.2,271.2,270.6,269.7,269.3,267.5,266.8,266.6,265.6,266.5,264.9,264.5,267.7,268.0,271.1,271.7,271.4,270.6,270.6,270.2,265.7,266.5,265.7,267.6,265.5,265.6,269.0,267.2,267.2,267.9,268.0,268.5,269.0,272.2,272.3,272.4,272.9,271.6,270.9,270.6,270.4,270.2,270.6,269.7,268.5,267.2,266.7,266.0,265.0,264.2,263.7,262.9,263.5,265.2,269.1,270.6,271.4,270.9,270.4,269.2,269.1,267.3,268.1,266.6,268.6,265.1,265.6,265.8,269.6,268.2,267.6,267.2,266.9,269.1,270.8,272.3,266.3,268.5,269.1,269.3,269.5,269.2,268.2,268.6,267.1,266.3,265.5,264.3,263.3,262.1,262.0,261.3,264.0,263.8,268.2,270.1,269.7,269.8,269.8,269.9,269.1,269.6,269.6,268.3,268.6,266.4,264.9,265.6,265.5,265.6,266.7,271.5,271.1,272.4,270.2,269.0,268.6,266.9,265.6,264.9,265.4,265.4,265.0,264.6,264.6,263.6,263.3,263.2,263.7,263.8,263.7,263.1,262.6,262.8,267.0,269.2,270.0,268.4,265.3,267.4,269.2,270.0,269.6,268.9,269.5,269.7,267.1]},{"header":{"discipline":0,"disciplineName":"Meteorological products","gribEdition":2,"gribLength":1102,"center":7,"centerName":"US National Weather Service - NCEP(WMC)","subcenter":0,"refTime":"2024-02-01T00:00:00.000Z","significanceOfRT":1,"significanceOfRTName":"Start of forecast","productStatus":0,"productStatusName":"Operational products","productType":1,"productTypeName":"Forecast products","productDefinitionTemplate":0,"productDefinitionTemplateName":"Analysis/forecast at horizontal level/layer at a point in time","parameterCategory":2,"parameterCategoryName":"UnknownDiscipline_0_Category_2","parameterNumber":2,"parameterNumberName":"UnknownParameter_D0_C2_2","parameterUnit":"Unknown","genProcessType":2,"genProcessTypeName":"Forecast","forecastTime":180,"surface1Type":103,"surface1TypeName":"Specified height level above ground","surface1Value":10.0,"surface2Type":255,"surface2TypeName":"Missing","surface2Value":0.0,"gridDefinitionTemplate":0,"gridDefinitionTemplateName":"Latitude_Longitude","numberPoints":615,"shape":6,"shapeName":"Earth spherical with radius of 6,371,229.0 m","gridUnits":"degrees","resolution":48,"winds":"true","scanMode":64,"nx":41,"ny":15,"basicAngle":0,"lo1":47.0,"la1":41.0,"lo2":87.0,"la2":55.0,"dx":1.0,"dy":1.0},"data":[6.718535,2.2785351,2.1385353,-2.7514648,1.1185352,-0.35146484,4.8985353,3.798535,1.5285351,2.3985353,2.1585352,0.86853516,0.51853514,0.5985352,1.0085351,1.4885352,2.1585352,3.5185351,2.1885352,1.5185351,-0.7214649,-2.8014648,0.7885352,-2.3714647,-1.9914649,0.5385352,-1.9514649,-1.6614648,1.1285352,0.15853515,-0.32146484,2.2785351,0.43853515,-0.15146485,-0.85146487,1.8585352,2.4285352,3.288535,3.858535,3.368535,2.608535,3.368535,-3.3414648,-5.061465,-3.9914649,-3.0814648,-0.21146484,3.2285352,4.1285353,5.3985353,5.5885353,4.158535,3.5285351,3.0085351,2.3885353,3.9385352,3.4785352,3.848535,4.478535,4.3585353,4.938535,3.338535,0.57853514,-0.93146485,-3.651465,0.6085352,-0.061464842,-1.1014649,-0.50146484,-1.7814648,-0.95146483,0.14853516,-1.0714649,3.1985352,-2.7214649,0.5985352,0.20853515,0.48853517,2.0085351,1.9585352,2.8785353,4.198535,2.9685352,-1.8814648,-4.6614647,-3.8014648,-1.4714649,-1.5314648,3.7385352,6.188535,6.368535,6.348535,5.3785353,6.5685353,4.848535,4.168535,2.318535,3.068535,3.7685351,3.538535,5.018535,2.3785353,4.5485353,2.1285353,2.3885353,1.6185352,-1.0014648,-2.461465,-1.9014648,-2.421465,-0.31146485,-0.41146484,-1.1714648,1.6485351,0.9685352,-0.7814648,0.17853516,-1.2114649,-0.061464842,0.88853514,0.62853515,3.6285353,1.9785352,2.2185352,-1.6814648,1.7185352,-0.76146483,-1.1714648,1.6785351,5.118535,4.618535,5.8185353,7.058535,6.5685353,6.238535,6.7985353,5.788535,3.578535,2.1385353,2.818535,2.538535,2.4785352,3.0185351,2.6885352,5.058535,-0.7814648,2.288535,3.7685351,-0.68146485,0.25853515,-1.7614648,-1.4814649,-0.45146483,-5.6614647,-4.8914647,-3.9914649,-0.87146485,-1.5914649,-2.5914648,-2.2714648,3.0085351,0.37853515,0.35853517,1.2785351,8.178535,4.828535,7.018535,5.3985353,6.078535,5.708535,6.2985353,5.7585354,6.788535,6.738535,6.118535,8.468535,7.788535,8.068535,6.1085353,2.298535,3.7285352,3.858535,3.1885352,2.798535,4.458535,1.9785352,1.1285352,1.5485351,1.9185351,0.5985352,0.028535156,1.7585351,-0.46146485,-0.44146484,0.99853516,-0.82146484,-0.22146484,1.6585351,1.6785351,-0.041464843,-0.79146487,0.15853515,-2.0514648,-3.461465,-2.8214648,12.408535,10.028535,6.248535,7.7785354,6.978535,7.978535,9.798535,13.338535,8.618535,8.798535,7.388535,7.248535,7.308535,7.3985353,5.698535,4.268535,5.228535,4.598535,3.298535,4.0285354,3.868535,4.698535,2.868535,2.2485352,3.9685352,3.6285353,3.6585352,1.3485352,3.2185352,2.1885352,3.9485352,3.3985353,5.188535,0.6085352,0.44853514,-3.5714648,0.16853516,0.18853515,-1.1314648,-1.4414649,0.12853515,8.998535,8.448535,11.468535,13.238535,10.468535,10.158535,11.348536,11.988535,11.778535,11.468535,10.678535,8.308536,6.718535,5.968535,5.6285353,5.3985353,4.768535,5.5285354,5.558535,5.998535,7.138535,5.938535,5.328535,4.2585354,3.9585352,3.7385352,4.598535,4.8385353,4.558535,2.9385352,3.7785351,5.118535,4.938535,-5.481465,-5.611465,-2.7914648,-1.0214648,2.2085352,-1.3214649,0.36853516,1.0385351,12.078535,12.238535,12.358535,12.978535,14.498535,11.268536,12.118535,8.648535,9.778535,9.518536,9.688535,9.788535,8.358535,7.938535,6.0685353,5.438535,5.538535,6.8385353,7.158535,7.618535,6.6485353,5.578535,5.078535,3.6985352,3.4785352,3.038535,3.9585352,2.598535,5.018535,4.748535,6.0485353,5.168535,3.7385352,1.6585351,2.368535,-1.4914649,-2.881465,-6.561465,-6.731465,-6.901465,-2.7814648,12.198535,12.678535,13.058536,13.648535,13.648535,12.668535,12.368535,12.238535,9.868535,10.588535,10.448535,9.788535,11.608535,8.618535,8.008535,5.958535,6.468535,4.678535,5.308535,4.728535,6.828535,4.908535,4.098535,3.1685352,3.5085351,2.5085351,3.4785352,3.0185351,3.9985352,3.9185352,6.6085353,5.978535,8.698535,2.4885352,2.1385353,-4.2414646,-1.3914648,-0.7814648,-1.6014649,0.028535156,0.79853517,13.348536,14.208535,14.098536,14.248535,14.318535,13.608535,13.1385355,12.378535,12.6385355,11.918535,11.8885355,10.988535,11.088535,9.028535,7.348535,6.468535,5.1285353,2.798535,2.6685352,2.7685351,4.8785353,3.9785352,2.4785352,2.6985352,2.7685351,3.1785352,4.2585354,4.098535,3.108535,5.8785353,5.458535,5.388535,4.438535,3.9485352,1.3285352,0.35853517,-3.201465,-1.6314648,0.5285351,0.99853516,-1.3814648,13.418535,14.918535,15.338535,15.558536,14.408535,13.828535,14.118535,13.788535,13.518536,12.958535,12.148535,10.758535,9.748535,8.958535,5.5485353,3.848535,1.8685352,0.008535156,-0.7114648,-0.20146485,-0.57146484,-1.5714649,-1.4414649,0.51853514,1.1085352,1.7985351,2.038535,2.1985352,4.078535,3.9585352,4.688535,6.288535,6.138535,3.7285352,1.7985351,-1.3514649,0.30853516,-0.9014648,-0.39146483,1.6185352,-0.75146484,14.018536,14.198535,15.798535,15.808536,15.3885355,13.848536,12.378535,12.328535,12.168535,11.118535,9.508535,10.588535,8.608535,6.0285354,3.1985352,-0.13146484,-1.8414649,-2.8414648,-2.191465,-1.7714648,-1.6514648,-1.2314649,-1.6114649,-0.7714648,0.5385352,0.93853515,1.7585351,0.7785351,1.2385352,2.048535,1.5485351,4.538535,2.6885352,0.73853517,0.008535156,1.3785352,3.2585351,-0.9014648,-0.91146487,-0.92146486,0.9785352,9.828535,13.298535,13.938535,10.788535,11.028535,8.488535,10.8885355,11.258535,12.148535,7.958535,6.688535,7.928535,3.848535,0.31853515,-2.3214648,-3.891465,-3.5014648,-2.8314648,-1.6314648,-1.3614649,-0.79146487,-0.43146485,0.54853517,0.028535156,0.18853515,-0.23146485,-0.60146487,-0.31146485,0.57853514,0.23853515,1.5485351,1.6585351,0.63853514,-0.5814648,-0.68146485,1.4685352,2.588535,-1.2014649,-2.4714649,0.29853517,0.32853517,8.768536,7.968535,8.878535,8.438535,7.668535,6.5285354,7.8985353,8.068535,8.978535,9.958535,-0.31146485,-3.211465,-1.5214648,-3.661465,-5.2014647,-4.611465,-3.951465,-3.441465,-2.8514647,-2.5114648,-1.9014648,-1.2314649,-1.5614648,-1.6614648,-1.6714648,-0.98146486,-1.2614648,0.47853515,0.078535154,0.21853516,0.7885352,-0.67146486,-0.80146486,-1.2214649,-0.62146485,0.008535156,0.7285352,1.3985351,0.86853516,3.118535,0.49853516,4.5485353,4.418535,3.108535,1.0185351,-1.5714649,1.4585352,-1.3914648,2.8785353,-5.6014647,-7.761465,-4.4514647,-5.271465,-2.5914648,-2.681465,-4.531465,-4.061465,-3.9814649,-3.2514648,-2.3214648,-1.9614649,-1.9014648,-1.5414648,-1.2614648,-1.0214648,-1.3114648,-1.2814648,-0.7714648,-0.051464844,0.21853516,0.058535155,-1.2014649,-1.3014648,-1.4014648,-1.3214649,-0.91146487,-0.47146484,0.45853516,1.3985351,1.8185352,1.5585351,-1.1014649]},{"header":{"discipline":0,"disciplineName":"Meteorological products","gribEdition":2,"gribLength":1102,"center":7,"centerName":"US National Weather Service - NCEP(WMC)","subcenter":0,"refTime":"2024-02-01T00:00:00.000Z","significanceOfRT":1,"significanceOfRTName":"Start of forecast","productStatus":0,"productStatusName":"Operational products","productType":1,"productTypeName":"Forecast products","productDefinitionTemplate":0,"productDefinitionTemplateName":"Analysis/forecast at horizontal level/layer at a point in time","parameterCategory":2,"parameterCategoryName":"UnknownDiscipline_0_Category_2","parameterNumber":3,"parameterNumberName":"UnknownParameter_D0_C2_3","parameterUnit":"Unknown","genProcessType":2,"genProcessTypeName":"Forecast","forecastTime":180,"surface1Type":103,"surface1TypeName":"Specified height level above ground","surface1Value":10.0,"surface2Type":255,"surface2TypeName":"Missing","surface2Value":0.0,"gridDefinitionTemplate":0,"gridDefinitionTemplateName":"Latitude_Longitude","numberPoints":615,"shape":6,"shapeName":"Earth spherical with radius of 6,371,229.0 m","gridUnits":"degrees","resolution":48,"winds":"true","scanMode":64,"nx":41,"ny":15,"basicAngle":0,"lo1":47.0,"la1":41.0,"lo2":87.0,"la2":55.0,"dx":1.0,"dy":1.0},"data":[-4.2269945,-0.27699462,3.7330053,0.84300536,13.473005,12.553005,10.533006,6.9530053,4.9130054,4.283005,5.2030053,5.0030055,4.0430055,2.8330054,2.5430055,2.8630054,4.7430053,6.6430054,5.8330054,5.5230055,2.0230055,6.5430055,3.0230055,-0.59699464,0.5530054,-3.5069947,-2.8469946,1.0130054,2.3630054,2.5030053,-2.7269945,-4.7269945,1.7030053,-1.2269946,-1.8869946,-0.04699463,2.7330053,2.4930053,2.1030054,2.0830054,1.3130053,5.803005,1.4030054,0.42300537,3.3730054,8.5230055,8.413006,8.923005,9.183005,6.3730054,4.5230055,4.4130054,4.9230056,4.4430056,4.4330053,4.8530054,4.9130054,4.5230055,4.073005,6.2130055,5.9230056,3.9830053,6.863005,4.4830055,2.6230054,-0.51699466,0.72300535,-2.5169947,3.1330054,0.7030054,2.6230054,6.1030054,5.0430055,-0.35699463,-2.7569947,-6.176995,-2.2669947,-2.3569946,-1.9969946,0.2530054,-0.5669946,1.1030054,-4.0769944,1.1430054,2.0830054,4.7330055,6.9830055,7.863005,5.823005,7.323005,5.2130055,4.7430053,6.9430056,7.2030053,6.8530054,6.2930055,4.7030053,4.823005,5.9630055,5.2030053,4.9930053,4.9330053,4.5130053,5.6230054,6.7730055,4.0430055,1.9330053,1.9230053,1.3630054,0.9430054,-0.33699462,1.3130053,3.4630053,1.4330053,2.0830054,-1.5769947,-0.6769946,1.4330053,4.2930055,-0.7569946,0.5130054,-0.96699464,-0.9869946,-5.466995,-2.3369946,-6.5969944,6.6730056,7.0230055,5.9230056,8.013005,7.7430053,7.9030056,6.1230054,5.553005,6.4030056,7.7630053,8.753005,6.6430054,6.633005,6.3930054,4.8730054,4.9230056,4.4430056,5.4030056,9.293005,4.343005,3.8230054,3.1330054,4.4830055,4.5230055,0.16300537,4.9130054,6.5830054,6.0830054,-0.35699463,-1.4869946,-2.5169947,-2.4169946,-3.4169946,-1.1169946,3.5530055,2.9330053,2.5030053,1.6830053,-2.6069946,1.9830054,1.0930054,1.8430054,5.0130053,8.823006,7.2230053,8.233006,7.783005,7.883005,6.4730053,5.9830055,9.233006,10.683005,10.873005,8.063005,8.333005,7.4730053,6.5230055,6.073005,6.1030054,5.8930054,4.383005,4.363005,3.0830054,2.4630053,5.2330055,4.803005,3.7730055,7.4530053,6.803005,3.6130054,3.7730055,3.0730054,-0.8769946,-1.1369946,-0.5069946,-0.72699463,-0.32699463,0.96300536,0.21300536,-3.3469946,-0.6769946,2.9530053,5.0130053,5.1730056,5.553005,3.6930053,3.3730054,5.9330053,5.883005,5.533005,6.3930054,7.3930054,11.733006,9.513005,8.703006,8.423005,9.003005,7.7030053,7.093005,6.383005,8.073006,7.783005,7.6930056,6.4930053,5.7430053,3.8430054,3.9930053,5.4030056,7.2030053,4.9230056,3.7530053,0.31300536,2.3730054,2.2830055,2.3530054,3.2230053,2.0330055,-1.7369946,-1.4069946,1.6530054,-4.3269944,-5.8369946,-5.0169945,0.03300537,2.9630053,6.2530055,6.0230055,4.2930055,3.5030053,3.3730054,4.573005,7.0130053,8.413006,8.683005,9.983006,9.7730055,10.473005,10.213005,9.543005,8.853005,8.413006,8.403006,9.0230055,9.153006,8.133005,7.053005,5.9930053,5.9130054,5.7930055,6.383005,6.6430054,6.0430055,5.4130054,5.4230056,1.3130053,1.0330054,-0.39699462,1.8030053,-0.72699463,-0.11699463,1.2830054,-1.8269947,-1.2669946,-0.14699464,-1.0969946,1.6430054,-3.1169946,3.6330054,5.7730055,6.2230053,5.1630054,6.0230055,7.5630054,8.683005,9.563005,9.573006,10.813005,10.823006,10.203006,10.0230055,10.403006,8.973005,8.923005,9.163006,10.093005,9.873005,8.953006,8.0230055,6.1030054,6.2230053,6.0430055,7.5230055,6.9430056,5.8930054,10.043005,8.563005,1.2530054,0.29300538,2.0230055,-3.2769947,0.19300537,-0.30699462,-2.0669947,-1.1669946,0.013005371,1.1130054,1.1430054,2.3830054,3.1730053,4.9730053,5.3330054,6.573005,6.8130054,7.883005,8.603005,9.193006,9.723005,10.413006,10.873005,11.193006,10.753005,10.513005,9.263005,9.573006,10.123005,9.673005,10.163006,9.333005,7.9130054,8.193006,6.8530054,5.533005,6.4230056,7.343005,6.9430056,9.433005,7.6730056,4.383005,-0.03699463,1.8130053,4.1230054,2.6830053,0.96300536,-1.1169946,-0.84699464,0.32300538,1.4630054,2.4130054,3.5930054,4.133005,5.053005,5.9130054,6.2730055,7.553005,8.053005,8.553005,8.933005,9.763005,10.133005,11.503005,11.093005,10.383005,10.003005,9.923005,8.223005,9.513005,9.343005,8.563005,8.103005,8.513005,7.9530053,6.803005,5.5830054,4.2030053,3.0030053,3.6430054,8.683005,10.2730055,7.1230054,2.0430055,0.6430054,2.3930054,4.2030053,3.5730054,-1.7469946,-0.47699463,0.54300535,1.8230053,3.4330053,5.4430056,6.3930054,6.9330053,7.0830054,7.2230053,7.2630053,8.403006,8.583005,9.893005,10.253005,11.2730055,11.503005,10.583005,9.713005,9.283006,7.7430053,6.7430053,6.9230056,7.343005,6.4030056,6.7630053,5.9830055,5.883005,5.7130055,4.7930055,4.1230054,3.3930054,3.5830054,7.2730055,11.103005,9.463005,5.593005,3.4230053,4.4330053,1.6230054,0.78300536,-3.1369946,-1.6969947,-0.026994629,2.2530053,4.093005,5.843005,6.863005,7.6730056,7.9230056,7.6630054,7.2630053,7.553005,8.973005,11.0230055,11.483006,11.843005,11.113006,10.333005,9.253005,8.263005,8.003005,7.2230053,6.073005,6.0630054,5.8130054,4.7730055,5.6630054,4.553005,3.8830054,3.3530054,2.9030054,3.9930053,5.3530054,7.6930056,7.9730053,9.603005,7.4230056,1.8730054,1.7430054,1.0630053,-0.32699463,-4.4569945,-5.7669945,-5.8369946,3.9330053,5.2530055,4.9430056,6.783005,7.2430053,10.553005,7.033005,5.4530053,6.073005,9.963005,11.093005,11.213005,10.213005,9.323006,9.113006,9.013005,8.573006,8.813005,8.5230055,7.7630053,7.3130054,6.383005,4.6930056,4.383005,3.9930053,3.8630054,3.0230055,3.3730054,4.033005,5.0130053,5.2930055,6.593005,7.2730055,6.6430054,1.9530053,1.1530054,0.7430054,-0.23699462,-7.0269947,-5.886995,-7.5269947,-3.5969946,5.1430054,6.7530055,7.343005,7.7930055,8.403006,8.663006,6.0630054,1.8330054,6.1930056,7.8530054,7.5130053,7.303005,7.9530053,7.5130053,7.7630053,7.1430054,6.4830055,6.1230054,5.0430055,4.4530053,3.8130054,4.033005,3.7330053,4.573005,3.7530053,3.9330053,3.2130053,4.633005,4.5030055,5.2630053,5.303005,5.4430056,4.4930053,4.303005,3.2930055,2.4730053,1.1930053,-4.656995,-8.666995,-9.116995,-7.216995,-8.576995,2.4930053,-0.48699462,5.9230056,3.7330053,2.4930053,1.2730054,6.1830053,5.533005,2.7230053,5.883005,6.1730056,6.3530054,6.3130054,6.6030054,6.6730056,6.4330053,5.9830055,5.5630054,5.4630055,5.383005,4.7930055,4.1530056,3.8530054,4.7530055,5.5430055,4.6230054,4.3130054,3.0730054,2.9230053,4.2430053,4.5230055,4.8130054,5.4630055,5.0830054,4.6530056,0.83300537]}]