wind_kz.json
{"header": {"discipline":0,"disciplineName":"Meteorological products","gribEdition":2,"gribLength":1025,"center":7,"centerName":"US National Weather Service - NCEP(WMC)","subcenter":0,"refTime":"2024-02-03T06:00:00.000Z","significanceOfRT":1,"significanceOfRTName":"Start of forecast","productStatus":0,"productStatusName":"Operational products","productType":1,"productTypeName":"Forecast products","productDefinitionTemplate":0,"productDefinitionTemplateName":"Analysis/forecast at horizontal level/layer at a point in time","parameterCategory":2,"parameterCategoryName":"UnknownDiscipline_0_Category_2","parameterNumber":3,"parameterNumberName":"UnknownParameter_D0_C2_3","parameterUnit":"Unknown","genProcessType":2,"genProcessTypeName":"Forecast","forecastTime":0,"surface1Type":103,"surface1TypeName":"Specified height level above ground","surface1Value":10.0,"surface2Type":255,"surface2TypeName":"Missing","surface2Value":0.0,"gridDefinitionTemplate":0,"gridDefinitionTemplateName":"Latitude_Longitude","numberPoints":615,"shape":6,"shapeName":"Earth spherical with radius of 6,371,229.0 m","gridUnits":"degrees","resolution":48,"winds":"true","scanMode":64,"nx":41,"ny":15,"basicAngle":0,"lo1":47.0,"la1":41.0,"lo2":87.0,"la2":55.0,"dx":1.0,"dy":1.0}, "data":
[rows 0 to 14 of 15, columns 0 to 40 of 41]
-1.2925098,0.39749023,-0.48250976,2.0874903,0.38749024,-0.41250977,0.83749026,1.2874902,1.1774902,0.84749025,0.0074902344,-1.0525098,-2.8525097,-3.5525098,-4.9425097,-6.24251,-5.9025097,-2.5225098,-2.7825098,-2.7125099,0.43749022,-0.63250977,0.91749024,0.07749023,1.3174902,-1.0125098,-1.6625098,-1.7525097,2.3874903,4.2874904,2.0274901,0.54749024,-0.5625098,-1.8025098,-0.9225098,-1.2425097,-0.77250975,-0.6925098,-0.31250978,-0.5025098,-1.1425098
4.8074903,-0.48250976,-0.59250975,-1.1925098,-0.9925098,-0.40250978,0.24749023,2.0774903,0.84749025,1.7274902,0.9974902,-0.8025098,-1.5325098,-3.2325099,-3.8925097,-3.2125099,-1.9125098,-2.0925097,-4.4225097,-5.26251,-4.8125095,-2.7225099,1.1674902,1.2974902,0.77749026,-0.57250977,0.97749025,-0.7325098,0.14749023,2.3474903,3.1874902,6.54749,1.7574903,-1.8125098,-0.9325098,1.4974903,0.78749025,1.0774902,0.6274902,1.6174903,-0.25250977
1.2074902,-0.84250975,-1.7025098,-2.0625098,-1.5225098,-0.95250976,-0.032509767,-0.19250977,2.0974903,1.9174902,2.3674903,1.2874902,0.61749023,-0.51250976,-1.2125098,-1.1825098,-0.72250974,-1.9125098,-3.6925097,-5.10251,-5.5425096,-4.51251,-4.62251,-1.9725097,-0.97250974,-0.85250974,-0.8125098,-0.64250976,-0.08250976,2.0674903,3.2274902,2.9174902,2.3674903,0.5174902,0.64749026,-0.48250976,2.3374903,1.9074903,-0.13250977,1.5474902,1.0774902
-0.44250977,-2.2225099,-2.3325098,-2.9025097,-1.7625098,0.7674902,1.1574903,1.8074902,1.7574903,2.4674902,1.9074903,2.0574903,3.5174901,2.5374901,1.4874902,0.097490236,-0.09250977,-1.5025097,-3.3725097,-4.85251,-4.16251,-1.8925098,4.5574903,1.2774903,-0.71250975,-1.3425097,-1.7125098,-2.0625098,3.8374903,3.9474902,0.7474902,0.6274902,0.44749025,0.23749024,0.49749023,0.017490234,1.6074902,3.8274903,-1.5325098,-1.6825098,-1.8325098
-0.90250975,-0.84250975,-0.12250976,-0.06250977,0.27749023,0.86749023,1.7274902,2.1674902,1.6574903,2.3074903,2.8074903,3.9574902,3.6274903,3.7374902,3.5974903,3.3274903,2.2674901,1.0174903,-1.8425097,-2.5125098,-1.1725098,0.41749024,0.11749023,-0.25250977,-0.70250976,-0.91250974,-0.37250978,-0.64250976,-0.28250977,-2.0825098,-2.6825097,-0.72250974,1.5574902,3.5174901,-0.53250974,1.0074903,1.3474902,-0.57250977,-1.8125098,-0.34250978,0.54749024
0.39749023,0.78749025,0.5074902,0.24749023,0.6974902,1.2374902,1.5974902,1.6374903,3.1474903,2.7974901,2.7374902,3.1774902,2.2574902,3.9674902,3.2874901,4.56749,4.25749,3.6374903,2.4474902,2.0674903,2.0174901,2.0774903,2.4674902,1.4574902,1.3174902,0.86749023,-0.012509766,-1.8125098,-0.53250974,-0.96250975,-2.0925097,-2.6525097,-1.5525098,-2.7925098,-0.6925098,7.04749,0.8874902,3.5474901,-1.5225098,-0.7325098,-0.072509766
1.2174902,0.9574902,1.0274903,1.1074902,0.8174902,-0.31250978,1.5874902,1.7674903,2.5174901,3.4174902,3.1874902,3.4274902,3.8874903,4.0774903,4.4774904,5.44749,6.8474903,5.73749,5.21749,4.7474904,4.4074903,4.73749,4.54749,4.6374903,4.0774903,2.7774901,0.08749023,-0.25250977,-2.5825098,-0.7925098,-0.40250978,-2.4025097,-3.6325097,0.12749024,-0.10250977,-0.8725098,-1.5925097,1.4974903,2.6774902,3.0774903,1.3774903
-0.022509765,1.3074902,1.4674902,1.9174902,2.1974902,1.7574903,0.41749024,1.8374902,2.5974903,3.3674903,3.9674902,4.0174904,3.1074903,4.37749,5.19749,5.58749,6.5774903,6.79749,7.67749,7.46749,5.9374905,6.0574903,5.16749,6.83749,7.2474904,5.7674904,7.2874904,1.9974903,0.67749023,-0.49250975,0.037490234,1.0774902,1.5074903,1.8374902,0.107490234,-0.49250975,-0.36250976,-0.48250976,-0.9825098,0.7074902,1.2874902
0.15749024,1.2574903,1.4474902,0.19749023,0.53749025,2.2374902,2.6974902,1.6874902,2.0174901,2.8674903,3.7274902,4.58749,3.7474902,4.5374904,4.8074903,5.6874905,5.96749,7.1174903,7.9374905,8.237491,7.3474903,8.3974905,8.62749,7.8274903,7.73749,5.9574904,3.8474903,6.87749,4.48749,3.8074903,5.48749,5.92749,5.29749,6.2074904,3.3074903,3.5074902,-0.25250977,-0.072509766,2.3174903,1.7974902,1.4674902
2.2674901,1.2974902,0.8174902,0.90749025,0.53749025,2.8274903,2.9974902,3.0474901,3.1174903,3.1874902,3.6274903,3.4674902,4.29749,4.0974903,5.0374904,5.3874903,4.7474904,4.37749,6.2474904,7.3674903,8.13749,7.6374903,9.277491,9.54749,8.57749,8.3974905,7.54749,6.60749,6.31749,5.81749,6.2474904,6.42749,7.4774904,6.00749,4.6374903,1.4674902,1.4874902,0.53749025,1.3374902,2.8774903,3.2074902
1.6474903,1.7374902,1.0574902,0.5674902,0.21749024,1.7574903,3.9274902,3.2474902,3.6874902,3.6474903,3.6174903,3.5474901,4.31749,4.60749,4.5574903,4.31749,4.1574903,4.3074903,4.64749,6.71749,7.1574903,6.66749,7.12749,8.737491,8.16749,8.34749,8.08749,7.8674903,7.94749,5.9774904,6.91749,5.58749,6.67749,6.91749,6.92749,4.9374905,3.2974901,2.9474902,2.9674902,2.0074902,1.1574903
2.9874902,2.9174902,2.1474903,1.6074902,1.8174902,2.6674902,3.6774902,3.8774903,2.9974902,3.1574903,3.5274901,3.4974902,4.14749,4.14749,3.7274902,3.5674903,3.8074903,3.8774903,4.60749,5.5774903,6.19749,5.9074903,5.77749,6.58749,7.2074904,7.4974904,7.4774904,6.29749,6.73749,6.6174903,6.7274904,6.87749,6.1174903,6.50749,5.9974904,6.0374904,2.8674903,1.0174903,0.17749023,-0.45250976,-0.35250977
1.7274902,1.7074902,3.0074902,1.3674903,1.6774902,2.2374902,4.4374905,3.8074903,4.5174904,3.5174901,3.0374901,2.3974903,2.6774902,2.9874902,2.3874903,2.3674903,2.5974903,2.9874902,3.7074902,4.4074903,5.4774904,5.3674903,5.10749,5.31749,5.6874905,5.7274904,5.0574903,5.14749,5.56749,5.89749,5.96749,6.19749,5.73749,5.48749,5.46749,5.9574904,5.4974904,3.0874903,2.3874903,-0.39250976,-1.6925098
1.7574903,1.5274903,0.98749024,2.0574903,3.2574902,3.5974903,4.77749,3.0674903,4.00749,4.9774904,2.4374902,0.65749025,1.3274902,1.4774902,1.7774903,1.7874902,1.5474902,1.3874903,1.0774902,1.0174903,0.71749026,1.0174903,1.4474902,1.8774903,2.5874903,3.0374901,3.7274902,3.6874902,4.1574903,4.6374903,4.92749,5.0174904,5.3474903,5.81749,5.1174903,5.56749,4.7274904,4.9974904,4.12749,3.2774901,2.1774902
0.92749023,-0.25250977,-1.1225097,2.1674902,4.3874903,3.4374902,3.9674902,3.6674902,3.1974902,5.0374904,2.9974902,2.0174901,1.3374902,1.2374902,2.8474903,1.9274902,2.0074902,1.1174903,-0.072509766,0.42749023,0.5074902,0.83749026,0.73749024,1.2674903,1.3174902,1.5374902,2.0274901,1.7374902,2.1574903,2.9374902,3.8874903,4.48749,4.46749,4.91749,5.2874904,4.9374905,5.71749,5.39749,3.8474903,4.5174904,3.4774902
