wind_kz.json
{"header": {"discipline":0,"disciplineName":"Meteorological products","gribEdition":2,"gribLength":1025,"center":7,"centerName":"US National Weather Service - NCEP(WMC)","subcenter":0,"refTime":"2023-09-08T00:00:00.000Z","significanceOfRT":1,"significanceOfRTName":"Start of forecast","productStatus":0,"productStatusName":"Operational products","productType":1,"productTypeName":"Forecast products","productDefinitionTemplate":0,"productDefinitionTemplateName":"Analysis/forecast at horizontal level/layer at a point in time","parameterCategory":2,"parameterCategoryName":"UnknownDiscipline_0_Category_2","parameterNumber":2,"parameterNumberName":"UnknownParameter_D0_C2_2","parameterUnit":"Unknown","genProcessType":2,"genProcessTypeName":"Forecast","forecastTime":0,"surface1Type":103,"surface1TypeName":"Specified height level above ground","surface1Value":10.0,"surface2Type":255,"surface2TypeName":"Missing","surface2Value":0.0,"gridDefinitionTemplate":0,"gridDefinitionTemplateName":"Latitude_Longitude","numberPoints":615,"shape":6,"shapeName":"Earth spherical with radius of 6,371,229.0 m","gridUnits":"degrees","resolution":48,"winds":"true","scanMode":64,"nx":41,"ny":15,"basicAngle":0,"lo1":47.0,"la1":41.0,"lo2":87.0,"la2":55.0,"dx":1.0,"dy":1.0}, "data":
[rows 0 to 14 of 15, columns 0 to 40 of 41]
-3.3827002,1.1172998,1.4872998,2.5972998,1.8272998,0.2472998,1.1972998,0.4772998,0.7472998,2.9472997,2.8272998,3.7373,4.3272996,3.9172997,5.0972996,3.0472999,-0.9727002,-2.9327002,-5.3027,-2.3427002,-1.9027002,-0.4727002,-0.6627002,-0.4527002,-0.2527002,-2.1427002,-2.2427,0.6472998,1.1572998,0.7372998,-1.2627002,2.2773,-0.28270018,-0.6127002,-1.0327002,-2.5827003,-2.0427003,-2.6827002,-2.5727003,-1.4627002,-2.2827003
1.3772998,0.6372998,5.5972996,2.6172998,2.0572999,2.2072997,1.7172998,1.6972998,3.8772998,4.4273,5.8373,5.7272997,5.0772996,3.8272998,4.8573,-2.6427002,-4.5027003,-5.5227003,-3.6927001,-4.0827003,-2.7227,-1.6127002,-0.0027001954,-1.6027002,1.9472998,0.76729983,-0.0627002,2.2473,0.76729983,-0.8327002,0.7172998,-0.4227002,0.037299804,-1.3527002,0.0872998,-0.2327002,-1.1927001,-0.1727002,-2.4127002,1.3172998,-0.16270019
1.0372998,4.2373,5.5172997,2.8272998,1.4172997,2.1372998,1.8472998,3.4472997,4.1872997,5.3573,7.3173,9.0373,6.0673,3.8272998,-3.1927001,-3.2127001,-6.0327,-4.5827003,-4.0727,-3.2827003,-0.8427002,1.1372998,1.5772998,1.1572998,0.047299806,2.1072998,0.1372998,1.1972998,-0.34270018,0.46729982,-0.6527002,2.9472997,-0.5927002,-0.1527002,0.9672998,-0.9627002,-1.2427002,0.40729982,-0.7227002,0.3372998,2.1472998
3.9672997,7.4873,7.2373,6.4772997,3.8072999,2.2673,2.2072997,4.2472997,4.2272997,5.0772996,4.5572996,-0.2527002,-3.5327003,-6.7627,-5.3427,-5.0127,-4.8327003,-4.6227,-3.7727003,-1.9927002,-0.4027002,-0.9527002,3.2673,-2.3727002,-3.8527002,-3.3227003,-3.1027002,-3.0327003,-1.6727002,0.2372998,1.4672998,-2.7527,-2.1227002,-1.5927002,-1.1827002,-1.2727002,-2.2127001,1.4972998,0.9072998,-1.0727001,0.6272998
-1.9227002,1.1872998,4.2573,3.0173,7.2472997,3.8372998,4.1773,4.1773,3.6972997,2.5872998,-0.4527002,-4.8927,-8.6327,-7.0227003,-6.0127,-4.0427003,-3.7727003,-3.3027003,-3.2227,-2.2027001,0.9672998,-1.9927002,-4.4027004,-3.8027003,-4.5127,-5.9627004,-7.5527,-5.0327,-1.0727001,-0.6427002,-2.7327,-0.6627002,-0.3927002,1.5372998,0.09729981,0.1672998,-1.3427002,-3.3927002,-3.3027003,-2.8527002,-3.7027001
-1.5927002,-0.4027002,0.037299804,3.4472997,3.8872998,4.8673,4.6373,4.4972997,2.5173,1.7072998,-1.2727002,-2.9527001,-4.5427003,-5.9927,-4.3527,-3.1227002,-2.3427002,-2.4927,-2.3927002,-1.2427002,-1.4327002,-0.6227002,-3.9427001,-3.9627001,-5.4927,-5.4527,-3.0427003,-3.1727002,0.6472998,0.9372998,-2.5127,-3.2827003,-3.2327,-3.3427002,-0.19270019,0.8772998,1.6172998,-1.6327002,-1.8327003,-4.4327,-4.1527004
1.1672997,2.0972998,2.2773,3.4973,3.4272997,3.3972998,5.9273,4.5772996,2.6672997,2.1572998,1.3372998,-1.0427002,-1.2727002,-0.4927002,-0.9127002,0.2072998,0.4572998,-2.4327002,-2.3027003,-2.2627,-1.2927002,-3.7227,-6.7527003,-4.7227,-3.6127002,-2.8427002,-0.31270018,-1.1627002,0.9272998,-1.5727001,-2.7327,-2.6927001,-1.2127002,-2.3127003,-0.31270018,-0.8327002,0.3272998,1.8572998,-2.8627002,1.2472998,-0.012700195
1.3072999,1.8072999,2.5472999,2.2773,3.5772998,1.6272998,2.5472999,1.3972998,4.5772996,1.7972999,2.7373,2.5672998,1.6172998,1.2172998,1.1972998,-0.102700196,-2.1927001,-2.3927002,-2.3127003,-1.6327002,-2.4127002,-3.3027003,-2.0327003,-1.7327002,-3.4727,-1.4527001,0.8472998,-0.3227002,0.82729983,0.7872998,-2.3827002,-2.1527002,-2.6727002,-1.1227002,-2.6727002,-1.8127002,1.2772998,-2.2627,-2.9127002,-0.5527002,-1.4327002
2.1172998,2.6772997,2.6172998,2.3172998,2.3472998,2.0672998,2.3172998,1.9972998,0.6572998,0.9772998,0.3372998,1.6072998,-0.052700195,-1.7027001,-2.0127,-0.6627002,0.107299805,-0.8527002,-0.8027002,-0.8727002,-2.3827002,-1.6527002,-1.7927002,-1.4527001,-0.9027002,0.6572998,2.2072997,0.2072998,1.7372998,0.2172998,-0.2927002,0.6672998,-0.7527002,-0.98270017,-1.4127002,-0.6827002,-0.2927002,-2.2127001,-1.2027001,-0.5827002,-0.9327002
2.3372998,2.6772997,2.6372998,2.7872999,1.9472998,1.7572998,2.5872998,2.6272998,0.6872998,5.5572996,1.9872998,1.6772999,0.3072998,-1.0127002,-0.9627002,-0.6927002,-0.5927002,-1.1127002,-1.3927002,-1.9827002,0.2472998,2.0372999,2.0472999,1.5572999,1.8372998,2.3572998,2.6772997,1.7372998,1.7572998,1.9672998,0.22729981,0.037299804,-1.2627002,-1.6027002,-1.2627002,-1.5627002,-1.9027002,-0.5027002,-1.4127002,0.1672998,-0.6027002
2.9973,3.3572998,3.1172998,3.1072998,3.1072998,2.6772997,3.5472999,3.5472999,3.9772997,2.0073,1.7072998,0.3672998,2.3972998,0.22729981,-0.08270019,0.0072998046,0.2372998,0.3272998,0.2172998,0.9972998,2.7473,3.6572998,2.2272997,0.4272998,-0.3027002,0.76729983,-0.4427002,1.0972998,0.6272998,0.037299804,-0.34270018,-0.7227002,-0.8327002,0.1272998,-0.3627002,-1.6727002,-1.5827003,-0.012700195,-1.0127002,0.9572998,-0.9527002
2.0572999,2.6472998,2.7573,2.3072999,2.9873,2.4873,2.5772998,2.4873,2.2673,-0.2927002,1.7972999,0.027299805,0.1372998,-0.5527002,-0.3027002,0.1372998,-0.2527002,-1.4327002,-0.4027002,-1.1827002,-1.7727002,-2.6627002,-2.7527,-3.1027002,-2.1427002,-2.2327,-1.5927002,-1.1027002,-0.8827002,-0.2727002,0.9172998,1.2072998,1.1772999,0.5472998,0.4172998,1.0672998,0.067299806,-0.7127002,-0.1427002,-0.34270018,-0.4727002
2.6472998,2.3472998,2.8872998,2.1772997,2.6472998,2.1072998,2.0472999,1.7272998,0.3272998,0.7172998,0.5272998,-0.6427002,-0.7827002,-0.4227002,-0.0627002,-1.1427002,-1.6527002,-2.5527003,-2.9227002,-1.4727002,-1.7127002,-1.5127002,-0.9527002,-1.1827002,0.067299806,-1.7027001,-0.7727002,-1.3927002,-1.6727002,-0.6227002,-0.7027002,-1.0127002,-0.052700195,0.09729981,0.6772998,1.2672998,1.4072998,-0.012700195,0.40729982,-0.24270019,-1.1027002
2.5672998,2.2072997,2.7872999,2.2673,2.6572998,1.9872998,1.5172998,1.5372998,0.7972998,1.4172997,1.7772998,-1.5227002,0.2172998,0.5272998,-0.4027002,-1.9527001,-1.9527001,-2.6427002,-2.5627003,-1.7127002,-1.3627002,-0.7927002,-0.9027002,-1.1927001,-0.6327002,-0.6827002,0.1172998,0.9072998,0.5472998,0.2472998,1.2672998,1.8372998,1.8072999,2.3272998,1.8872998,1.0472999,0.40729982,0.4272998,-0.6827002,0.1372998,-0.4427002
1.8872998,2.5173,4.0572996,2.4873,2.9672997,2.2272997,1.8772998,1.7072998,1.7772998,2.3572998,1.1572998,-0.6927002,-0.9127002,-0.3527002,-1.7027001,-2.3527002,-2.9627001,-2.8727002,-1.7627002,-1.6427002,-1.5227002,-1.6227002,-1.5627002,-1.2327002,-0.2727002,-0.8827002,-0.3827002,0.2672998,1.6672997,2.0572999,2.1172998,2.1172998,2.3372998,0.7572998,-0.13270019,0.107299805,-0.5927002,0.2972998,-1.0827003,-0.5127002,-1.4927002
