wind_kz.json
{"header": {"discipline":0,"disciplineName":"Meteorological products","gribEdition":2,"gribLength":1025,"center":7,"centerName":"US National Weather Service - NCEP(WMC)","subcenter":0,"refTime":"2023-09-21T00:00:00.000Z","significanceOfRT":1,"significanceOfRTName":"Start of forecast","productStatus":0,"productStatusName":"Operational products","productType":1,"productTypeName":"Forecast products","productDefinitionTemplate":0,"productDefinitionTemplateName":"Analysis/forecast at horizontal level/layer at a point in time","parameterCategory":2,"parameterCategoryName":"UnknownDiscipline_0_Category_2","parameterNumber":2,"parameterNumberName":"UnknownParameter_D0_C2_2","parameterUnit":"Unknown","genProcessType":2,"genProcessTypeName":"Forecast","forecastTime":240,"surface1Type":103,"surface1TypeName":"Specified height level above ground","surface1Value":10.0,"surface2Type":255,"surface2TypeName":"Missing","surface2Value":0.0,"gridDefinitionTemplate":0,"gridDefinitionTemplateName":"Latitude_Longitude","numberPoints":615,"shape":6,"shapeName":"Earth spherical with radius of 6,371,229.0 m","gridUnits":"degrees","resolution":48,"winds":"true","scanMode":64,"nx":41,"ny":15,"basicAngle":0,"lo1":47.0,"la1":41.0,"lo2":87.0,"la2":55.0,"dx":1.0,"dy":1.0}, "data":
[rows 0 to 14 of 15, columns 0 to 40 of 41]
-0.43338624,-0.6633862,1.2366138,-1.0033863,-1.1433862,-1.2633862,-2.7633862,-2.3833861,-3.1133862,-1.4933863,-1.8033862,-2.5233862,-2.5833862,-2.5533862,-2.3433862,-2.8133862,-1.1633862,0.26661378,-2.1633863,0.54661375,2.0866137,0.16661377,-2.9833863,-1.7933862,-0.28338623,-2.0633862,-3.6033862,1.8366138,-1.3833863,0.01661377,-0.37338623,-1.2733862,1.3966137,-0.8633862,-4.033386,-3.4233863,-3.8633862,-3.8833861,-4.073386,-2.2533863,-2.0033863
1.6566138,2.1866138,-1.0733862,-4.6233864,-2.5433862,-1.0833862,-2.3433862,-1.6033863,-0.28338623,0.59661376,2.1566138,-0.8133862,-0.28338623,-0.26338622,0.22661377,-0.28338623,0.79661375,-0.64338624,0.08661377,1.7166138,-0.35338622,1.7066138,-0.16338623,-2.7733862,0.5766138,-0.17338623,-0.05338623,0.49661377,-2.2133863,-0.40338624,-0.11338623,-0.49338624,-1.1933862,-0.23338623,-0.09338623,-1.1433862,-1.3333862,-2.3133862,1.5566138,0.29661378,-3.653386
-0.06338623,-3.4133863,-6.003386,-5.0433865,-3.6933863,-3.9733863,-2.7833862,-0.21338624,-0.11338623,2.7566137,3.7666137,3.2566137,2.9966137,2.8566139,1.1266137,1.8366138,1.1866138,2.5366137,2.7766137,2.7366138,1.8466138,2.9666138,-0.7433862,0.36661378,1.0366138,0.7666138,-0.31338623,-1.4333862,-1.8433862,-0.51338625,-1.6133863,1.8666137,-0.16338623,-0.19338623,0.01661377,-0.49338624,-0.76338625,0.55661374,0.18661377,1.8266138,1.3266138
-3.3933861,-5.823386,-5.113386,-4.693386,-4.1233864,-2.5033863,0.61661375,-1.1233863,0.92661375,-0.013386231,1.8766137,3.0366137,3.9966137,2.6366138,1.2266138,2.3166137,2.6366138,2.3166137,2.0066137,2.6166139,1.6466137,0.7566138,1.8366138,4.096614,-0.40338624,-0.10338623,-1.1333863,-0.31338623,-0.45338622,0.05661377,-0.6833862,-1.2533863,-1.8233862,-1.7233863,-2.4933863,-1.9833863,-1.4133862,2.0266137,-0.043386232,0.14661378,0.17661376
-3.7833862,-4.903386,-4.4133863,-3.8633862,-2.3933861,-1.2333863,0.31661376,1.8166138,3.2066138,3.3866138,3.6766138,4.1266136,3.6766138,2.3566139,1.9166138,2.4966137,2.6066139,2.0466137,1.9966137,2.2566137,2.4866138,2.6766138,1.6266137,1.0466138,-1.2433863,-0.29338622,-1.3833863,-0.9333862,-0.94338626,0.07661377,-1.2333863,-1.6033863,-1.4033862,1.8766137,1.7566137,-0.10338623,-3.9233863,-2.4633863,-2.4333863,-1.7033862,1.5266137
-1.6933862,-1.1433862,-0.29338622,0.12661377,0.29661378,1.5266137,2.2766137,2.7066138,2.2766137,3.4466138,3.5266137,3.1466138,2.5566137,3.2066138,3.3866138,2.9666138,3.1566138,3.2066138,2.7266138,2.5666137,2.8766139,3.2366138,3.3166137,2.1666138,1.1166137,0.22661377,0.9566138,0.72661376,1.0066137,1.9266138,2.4766138,1.4766138,0.79661375,1.3566138,0.92661375,-0.5533862,0.5066138,1.2966138,2.9566138,-3.1233861,-2.4733863
-0.78338623,1.9466138,2.9366138,3.2966137,3.4866138,3.3366137,3.346614,2.7366138,2.5266137,2.5066137,2.8066137,2.5366137,2.6866138,3.2566137,3.4366138,4.156614,3.9366138,3.8266137,3.5066137,3.1766138,3.2866137,3.2466137,3.7266138,1.5266137,0.9466138,0.79661375,1.7866138,2.2966137,3.0066137,3.7166138,2.4866138,3.1466138,3.346614,2.6466138,-0.6133862,-2.7733862,-1.3833863,2.2866137,-1.3333862,-0.5433862,-0.123386234
1.9466138,2.5166137,3.0466137,3.2266138,3.4066138,3.4466138,3.8166137,3.5466137,3.7966137,3.6066139,3.1066139,3.5266137,3.6766138,3.5366137,4.286614,4.676614,4.226614,3.6466138,3.1766138,3.2166138,3.8866138,3.5866137,3.3366137,1.8666137,0.90661377,0.8166138,2.6566138,1.8866137,2.9266138,2.6466138,2.0366137,3.0166137,2.1766138,2.2566137,1.3366138,1.1966138,0.47661376,-6.553386,-4.4333863,-3.6733863,-2.3133862
0.98661375,1.9566138,2.5766137,3.1266139,3.5366137,3.8766139,3.9766138,3.7666137,3.7466137,4.136614,4.386614,4.056614,5.176614,4.3166137,4.676614,4.4166136,4.366614,3.6666138,3.9566138,3.2966137,3.7666137,3.9466138,3.6966138,3.6266139,2.9566138,2.3866138,1.9066138,0.7766138,2.7466137,1.7866138,2.8766139,2.7066138,3.8066137,1.7166138,0.34661376,-1.6133863,-0.7433862,-2.0333862,-1.6133863,-0.02338623,-0.36338624
-0.6633862,-0.52338624,-0.10338623,-0.06338623,-0.10338623,0.36661378,1.0466138,1.7166138,3.096614,3.6966138,4.496614,4.426614,4.5866137,5.786614,5.2966137,5.4366136,4.7966137,4.326614,4.536614,5.1266136,5.9366136,6.2766137,5.536614,4.306614,4.0066137,3.3966138,4.076614,4.406614,3.0066137,4.3366137,2.2666137,3.4266138,2.8866138,1.5966138,-0.32338622,-0.88338625,-2.4633863,-1.2733862,-0.6733862,0.31661376,-1.1633862
0.01661377,0.02661377,0.11661377,0.26661378,0.90661377,1.0566138,1.9366138,2.6066139,2.4366138,2.7166138,3.1366138,4.2066135,4.576614,4.466614,4.996614,4.946614,5.466614,5.996614,4.6466136,5.4566135,6.326614,6.846614,6.846614,6.076614,5.3966136,4.826614,5.3966136,5.346614,6.036614,6.056614,5.9566135,4.496614,2.8866138,2.1866138,1.4566138,-0.6733862,-1.1333863,0.07661377,-1.0433862,0.61661375,-1.2333863
0.5266138,-0.38338622,0.30661377,1.1466137,1.5766138,2.3066137,2.5666137,2.1666138,2.8366137,2.6366138,1.5866138,3.1766138,3.4466138,2.8566139,3.346614,3.1166139,3.2466137,5.036614,3.9366138,4.2966137,4.386614,4.6266136,6.5466137,6.9166136,6.6266136,6.8366137,6.5466137,7.636614,7.2766137,7.0466137,6.1866136,5.466614,4.476614,3.6566138,3.1666138,4.346614,4.866614,1.7166138,-0.13338622,-0.5633862,-0.57338625
-0.03338623,-0.57338625,-1.3133862,-0.38338622,0.7666138,1.2866138,2.4666138,3.6966138,5.9566135,3.2666137,2.1566138,2.8266137,4.096614,3.5066137,3.6266139,2.5366137,3.3266137,3.4666138,3.6866138,3.7466137,5.4866138,5.8566136,5.9166136,4.556614,4.866614,5.9166136,6.1866136,5.8166137,5.746614,5.4166136,5.556614,6.1066136,6.5466137,6.5066137,5.6066136,5.096614,4.476614,0.80661374,-0.6133862,-0.6633862,-1.3833863
-2.3733861,-2.4733863,-1.8233862,-1.9133862,-1.4233862,-0.7433862,0.05661377,1.6266137,2.8666139,4.0066137,3.9966137,4.136614,2.6466138,2.1966138,2.596614,3.0266137,2.5166137,2.8766139,2.7566137,4.4566135,5.016614,3.346614,2.6466138,2.346614,2.5766137,3.4266138,2.5666137,4.2766137,4.9866138,6.1466136,6.656614,5.5866137,5.6666136,4.696614,4.636614,3.346614,0.60661376,-0.95338625,-1.8233862,-0.15338624,-2.2033863
-2.0333862,-1.6133863,-2.153386,-1.5233862,-0.95338625,-1.0233862,-0.19338623,0.8366138,1.9766138,3.2566137,3.2866137,4.476614,1.4866138,-3.6633863,-1.9933863,-1.8433862,-1.5133862,-0.84338623,-0.8533862,-1.7033862,-1.4733863,-2.6733863,-2.9633863,-3.4933863,-3.0433862,-2.2133863,-1.5033863,-1.1133863,-1.5333862,-2.2933862,-1.0133862,1.3066138,-4.7233863,-5.053386,-5.2633862,-4.7033863,-4.0833864,-5.0133862,-4.033386,-2.4833863,-1.2833862
