wind_kz.json
{"header": {"discipline":0,"disciplineName":"Meteorological products","gribEdition":2,"gribLength":1025,"center":7,"centerName":"US National Weather Service - NCEP(WMC)","subcenter":0,"refTime":"2023-09-20T12:00:00.000Z","significanceOfRT":1,"significanceOfRTName":"Start of forecast","productStatus":0,"productStatusName":"Operational products","productType":1,"productTypeName":"Forecast products","productDefinitionTemplate":0,"productDefinitionTemplateName":"Analysis/forecast at horizontal level/layer at a point in time","parameterCategory":2,"parameterCategoryName":"UnknownDiscipline_0_Category_2","parameterNumber":3,"parameterNumberName":"UnknownParameter_D0_C2_3","parameterUnit":"Unknown","genProcessType":2,"genProcessTypeName":"Forecast","forecastTime":0,"surface1Type":103,"surface1TypeName":"Specified height level above ground","surface1Value":10.0,"surface2Type":255,"surface2TypeName":"Missing","surface2Value":0.0,"gridDefinitionTemplate":0,"gridDefinitionTemplateName":"Latitude_Longitude","numberPoints":615,"shape":6,"shapeName":"Earth spherical with radius of 6,371,229.0 m","gridUnits":"degrees","resolution":48,"winds":"true","scanMode":64,"nx":41,"ny":15,"basicAngle":0,"lo1":47.0,"la1":41.0,"lo2":87.0,"la2":55.0,"dx":1.0,"dy":1.0}, "data":
[rows 0 to 14 of 15, columns 0 to 40 of 41]
2.642168,1.8821679,1.5021679,7.1921678,3.932168,-1.037832,-1.037832,-1.207832,-1.517832,-3.147832,-3.097832,-3.747832,-3.607832,-2.717832,-2.547832,-4.217832,-3.707832,-3.477832,-1.167832,-1.197832,-1.8678321,-2.687832,-2.627832,0.35216796,0.91216797,1.362168,0.24216796,3.512168,-1.157832,-2.507832,-5.857832,-0.24783203,-1.327832,-2.897832,-1.8678321,-3.637832,-2.647832,-3.627832,-4.0578322,-2.557832,-1.567832
-2.347832,-2.097832,7.762168,6.882168,4.722168,1.5221679,0.73216796,-1.947832,-2.377832,-2.387832,-3.077832,-3.717832,-2.807832,-6.0378323,-4.0578322,-5.137832,-3.497832,-2.6678321,-3.6578321,0.14216797,-0.30783203,-1.637832,-0.13783203,2.502168,-0.31783202,1.852168,1.442168,1.6521679,-1.157832,3.002168,-1.1078321,-2.947832,-5.657832,-3.857832,0.36216795,-3.237832,-3.1578321,3.362168,2.002168,-1.427832,-0.727832
0.942168,5.672168,5.232168,5.282168,2.862168,3.462168,0.61216795,-0.62783206,-1.307832,-1.947832,-3.387832,-3.447832,-5.867832,-5.147832,-5.007832,-4.137832,-4.427832,-3.847832,-3.937832,-1.687832,-1.417832,0.07216797,-3.077832,1.6521679,-2.767832,0.13216797,0.28216797,3.602168,3.5721679,1.922168,-1.627832,-3.107832,1.5221679,-0.04783203,-0.617832,-3.857832,-3.747832,-3.267832,-2.337832,1.5221679,0.68216795
3.192168,3.612168,4.602168,3.532168,3.252168,0.87216794,0.692168,0.43216798,-0.677832,-2.097832,-2.737832,-3.027832,-2.337832,-2.877832,-4.357832,-5.517832,-3.967832,-4.407832,-3.287832,-2.547832,-3.697832,1.8821679,-1.187832,-2.077832,-5.547832,-7.047832,-4.147832,-3.547832,6.532168,8.342168,2.242168,-0.49783203,1.8821679,7.332168,0.14216797,0.18216796,0.49216798,0.92216796,-3.637832,-2.037832,-2.837832
2.3221679,1.4021679,2.142168,-0.62783206,-3.377832,0.41216797,-0.117832035,-1.2178321,-2.007832,-1.787832,-2.327832,-3.857832,1.612168,-1.577832,-2.687832,-1.9978321,-3.377832,-3.877832,-4.437832,-3.767832,-0.89783204,-1.087832,-2.6578321,-2.1678321,-3.4178321,-4.827832,-6.0378323,-1.7278321,1.5121679,-0.10783203,9.212168,4.642168,2.962168,-0.037832033,0.642168,1.432168,-6.447832,-3.297832,-1.9878321,-1.6078321,-3.457832
4.482168,3.772168,4.092168,2.202168,0.15216798,-0.51783204,-0.99783206,-2.4278321,-2.037832,-0.727832,-1.437832,-3.307832,-3.327832,4.742168,0.39216796,-4.017832,-5.217832,-5.327832,-4.097832,-3.697832,-2.607832,-2.1578321,-0.847832,-4.3078322,-4.887832,-4.947832,-6.697832,-4.167832,-0.717832,-0.56783205,4.492168,7.592168,4.7121677,2.362168,2.682168,-4.497832,-1.557832,-5.527832,-3.117832,1.692168,-2.127832
1.2521679,-0.32783204,-0.52783203,-0.19783203,-0.017832031,-3.687832,-4.5578322,-4.727832,-2.6678321,1.6421679,-0.737832,-1.277832,-3.247832,-3.967832,-4.117832,-4.5378323,-5.447832,-5.157832,-4.757832,-3.877832,-2.057832,5.072168,-1.277832,-1.7378321,-3.937832,-3.947832,-5.3078322,-5.487832,0.30216798,4.492168,4.302168,2.232168,3.422168,4.222168,1.162168,-0.82783204,0.37216797,-2.337832,-2.147832,-1.187832,-0.50783205
-0.717832,-0.857832,-2.247832,-3.647832,-4.107832,-4.937832,-5.467832,-4.707832,-4.597832,-3.327832,-2.727832,-2.827832,-3.4078321,-4.567832,-4.777832,-5.587832,-5.357832,-4.397832,-4.367832,-4.277832,-1.057832,-0.57783204,-0.42783204,-1.3578321,-3.347832,-3.1678321,-6.297832,-0.94783205,3.602168,4.182168,3.0721679,1.972168,2.552168,5.632168,5.672168,2.782168,-0.83783203,0.882168,-0.28783202,-0.617832,-0.15783203
1.062168,-1.837832,-3.217832,-1.4978321,-3.307832,-4.197832,-5.227832,-5.487832,-5.297832,-4.817832,-4.897832,-3.897832,-4.837832,-5.067832,-3.697832,-3.937832,-5.637832,-5.857832,-4.687832,-3.127832,-3.6778321,-2.817832,0.24216796,-0.917832,-2.437832,-4.127832,-0.967832,-3.9078321,-2.507832,2.912168,5.052168,1.2821679,0.21216796,-4.477832,-1.4878321,4.762168,2.602168,-0.927832,0.79216796,0.81216794,0.652168
0.55216795,-1.4978321,-1.627832,-1.707832,-2.537832,-3.887832,-4.297832,-4.827832,-4.767832,-4.217832,-3.627832,-5.107832,-6.0378323,-5.347832,-5.617832,-7.0578322,-5.947832,-6.427832,-4.737832,-4.917832,-4.027832,-3.337832,-1.7478321,-1.947832,-0.93783206,-2.327832,-2.577832,-0.797832,4.422168,0.822168,-1.667832,-0.74783206,-1.257832,-1.8478321,-2.297832,-1.8478321,-1.1078321,-0.35783204,-0.58783203,0.29216796,0.712168
1.162168,-0.35783204,1.0321679,-0.26783204,-1.3578321,-2.887832,-3.957832,-3.997832,-4.297832,-3.857832,-2.707832,-3.967832,-4.017832,-4.457832,-5.7878323,-5.677832,-6.487832,-7.397832,-5.3078322,-6.197832,-6.477832,-4.077832,-2.127832,-0.907832,-0.94783205,-0.48783204,-1.7378321,-3.307832,-1.277832,-1.9878321,-0.787832,0.41216797,0.35216796,-0.967832,-2.117832,-1.937832,-1.077832,-0.52783203,0.782168,-0.35783204,-0.26783204
1.592168,1.302168,1.3821679,0.712168,-0.62783206,-1.957832,-3.127832,-3.757832,-3.947832,-3.287832,-3.207832,-0.62783206,-4.197832,-4.697832,-5.237832,-5.657832,-6.237832,-6.607832,-5.887832,-5.077832,-5.987832,-5.957832,-3.357832,-1.787832,-2.287832,0.0021679688,-0.037832033,0.04216797,-0.25783202,-2.047832,-1.697832,-1.2378321,-1.587832,-3.1578321,-1.657832,-1.147832,-1.9878321,-2.547832,-0.82783204,-1.2178321,-0.99783206
1.842168,2.512168,1.802168,1.5321679,0.93216795,-0.12783203,-1.757832,-2.617832,-3.037832,-3.297832,-1.937832,-1.627832,-2.477832,-3.557832,-4.5578322,-4.927832,-5.347832,-4.907832,-5.917832,-4.427832,-4.687832,-5.207832,-4.117832,-2.567832,-2.207832,-2.067832,-1.1078321,-0.117832035,-0.557832,-1.9678321,2.3421679,1.1521679,-0.43783203,-2.347832,-1.177832,-0.847832,2.022168,0.19216797,1.1321679,0.42216796,-0.28783202
0.642168,3.162168,3.942168,2.632168,2.012168,1.5021679,0.692168,-0.597832,-1.267832,-2.047832,-2.097832,-1.9878321,-0.46783203,-2.127832,-2.987832,-4.007832,-3.997832,-3.9278321,-3.6578321,-3.827832,-4.187832,-2.237832,-4.697832,-5.127832,-4.077832,-3.327832,-1.9878321,-1.437832,-0.44783202,0.652168,-0.617832,0.30216798,-1.587832,0.08216797,-0.34783202,-0.58783203,0.68216795,-0.56783205,0.55216795,0.012167969,-0.39783204
3.412168,3.0921679,4.352168,3.142168,2.732168,2.222168,1.552168,1.462168,0.772168,0.13216797,-0.48783204,-0.22783203,-1.1078321,-1.6078321,-2.217832,-2.087832,-2.367832,-3.887832,-3.597832,-3.897832,-4.367832,-4.387832,-4.457832,-4.387832,-4.297832,-4.167832,-0.13783203,1.712168,0.642168,2.142168,2.472168,0.012167969,-0.34783202,-1.3478321,-2.4178321,-0.617832,2.132168,2.052168,-0.44783202,-0.617832,-0.38783205
