wind_kz.json
{"header": {"discipline":0,"disciplineName":"Meteorological products","gribEdition":2,"gribLength":871,"center":7,"centerName":"US National Weather Service - NCEP(WMC)","subcenter":0,"refTime":"2023-09-30T18:00:00.000Z","significanceOfRT":1,"significanceOfRTName":"Start of forecast","productStatus":0,"productStatusName":"Operational products","productType":1,"productTypeName":"Forecast products","productDefinitionTemplate":0,"productDefinitionTemplateName":"Analysis/forecast at horizontal level/layer at a point in time","parameterCategory":0,"parameterCategoryName":"UnknownDiscipline_0_Category_0","parameterNumber":0,"parameterNumberName":"UnknownParameter_D0_C0_0","parameterUnit":"Unknown","genProcessType":2,"genProcessTypeName":"Forecast","forecastTime":0,"surface1Type":1,"surface1TypeName":"Ground or water surface","surface1Value":0.0,"surface2Type":255,"surface2TypeName":"Missing","surface2Value":0.0,"gridDefinitionTemplate":0,"gridDefinitionTemplateName":"Latitude_Longitude","numberPoints":615,"shape":6,"shapeName":"Earth spherical with radius of 6,371,229.0 m","gridUnits":"degrees","resolution":48,"winds":"true","scanMode":64,"nx":41,"ny":15,"basicAngle":0,"lo1":47.0,"la1":41.0,"lo2":87.0,"la2":55.0,"dx":1.0,"dy":1.0}, "data":
[rows 0 to 14 of 15, columns 0 to 40 of 41]
291.08505,281.28506,287.78506,294.68506,294.28506,293.08505,293.18506,293.98505,291.08505,289.88507,289.78506,290.18506,290.18506,290.88507,289.68506,287.68506,286.98505,289.28506,286.78506,289.98505,289.58505,287.28506,286.68506,283.28506,286.58505,287.88507,284.78506,271.88507,270.28506,266.68506,265.98505,272.08505,282.08505,288.58505,291.28506,291.18506,289.88507,290.48505,290.38507,289.88507,288.98505
273.48505,287.68506,294.28506,294.28506,294.28506,292.48505,291.88507,290.18506,288.68506,288.68506,289.28506,289.58505,289.28506,287.78506,288.28506,288.58505,286.68506,286.08505,285.58505,285.78506,289.48505,289.28506,287.78506,279.38507,271.38507,273.08505,278.68506,271.58505,272.78506,269.18506,274.88507,264.08505,272.28506,253.18506,269.98505,286.58505,285.28506,289.18506,290.98505,283.28506,283.68506
287.68506,294.18506,294.38507,293.68506,291.88507,289.68506,288.88507,288.58505,287.38507,287.68506,287.08505,287.58505,286.08505,286.88507,288.48505,286.18506,285.38507,285.28506,285.58505,286.28506,289.18506,288.78506,287.58505,282.98505,287.58505,287.98505,288.18506,286.98505,284.58505,275.78506,265.48505,270.28506,274.68506,273.28506,278.18506,280.48505,267.88507,275.98505,276.58505,273.88507,270.78506
287.18506,293.38507,293.88507,292.88507,291.08505,289.58505,291.28506,289.68506,289.48505,288.88507,288.18506,287.68506,290.88507,290.18506,287.08505,286.88507,287.98505,286.18506,284.78506,286.08505,286.38507,288.18506,289.08505,290.18506,291.88507,291.78506,291.18506,288.38507,286.68506,286.38507,286.98505,283.98505,286.58505,284.48505,282.78506,279.98505,274.88507,270.58505,276.38507,284.18506,287.38507
290.68506,293.08505,293.58505,292.88507,291.68506,289.88507,290.88507,290.68506,293.28506,292.98505,291.88507,288.28506,289.98505,288.78506,287.28506,288.28506,289.78506,289.18506,283.78506,290.98505,290.38507,291.58505,288.08505,287.88507,288.68506,289.48505,288.78506,288.78506,286.68506,286.88507,289.38507,286.38507,274.38507,263.98505,275.68506,286.88507,287.98505,288.98505,291.18506,292.48505,289.98505
291.08505,289.08505,291.78506,292.88507,292.88507,292.38507,291.08505,291.98505,290.08505,289.98505,290.28506,289.68506,289.88507,289.78506,288.68506,287.18506,290.48505,288.68506,291.18506,288.28506,291.08505,287.78506,286.28506,288.88507,286.58505,287.28506,286.88507,288.78506,288.48505,288.48505,286.68506,288.58505,285.88507,287.28506,282.28506,285.88507,277.88507,280.48505,288.08505,291.28506,290.58505
290.18506,289.78506,292.88507,292.98505,291.78506,292.88507,293.18506,291.88507,292.68506,290.98505,290.48505,290.58505,289.88507,288.48505,288.28506,289.98505,288.28506,289.38507,289.98505,288.78506,286.18506,287.48505,287.28506,288.08505,287.88507,286.48505,285.08505,285.98505,284.98505,285.48505,285.28506,285.18506,285.78506,286.08505,287.48505,285.58505,280.38507,279.28506,275.98505,277.48505,285.28506
289.48505,288.08505,289.98505,290.78506,290.98505,290.48505,288.88507,288.18506,290.58505,290.18506,287.38507,289.18506,287.08505,287.78506,287.78506,286.88507,286.68506,288.08505,288.58505,285.98505,286.78506,286.18506,286.88507,286.28506,285.48505,284.38507,283.38507,282.38507,280.88507,281.88507,282.08505,283.38507,282.58505,280.78506,281.68506,283.18506,285.18506,286.28506,284.78506,286.58505,284.18506
286.98505,286.28506,286.98505,286.68506,288.38507,287.78506,286.68506,290.08505,288.88507,288.18506,288.18506,285.68506,287.68506,288.78506,287.38507,286.48505,285.68506,287.18506,286.38507,286.48505,282.88507,285.58505,284.38507,283.88507,284.18506,283.38507,278.88507,277.28506,278.48505,275.98505,278.98505,282.28506,282.98505,283.48505,281.58505,280.28506,281.68506,281.98505,273.88507,274.18506,272.98505
285.68506,286.38507,286.28506,286.18506,287.28506,289.88507,289.28506,288.68506,287.28506,285.68506,284.38507,283.08505,286.38507,285.98505,287.68506,286.38507,284.58505,283.88507,283.18506,286.28506,283.58505,282.38507,282.58505,283.38507,282.28506,280.58505,280.48505,281.08505,280.28506,278.28506,280.18506,280.58505,283.58505,284.18506,283.68506,281.78506,280.18506,278.58505,274.98505,274.28506,272.88507
284.78506,284.18506,284.68506,285.28506,285.78506,285.88507,288.28506,284.08505,283.28506,282.68506,282.38507,284.28506,284.48505,284.88507,285.28506,283.98505,282.98505,283.38507,282.78506,284.38507,284.08505,283.68506,281.88507,282.08505,283.58505,282.18506,280.28506,283.18506,283.68506,282.28506,283.08505,281.98505,281.58505,282.68506,281.58505,281.18506,279.18506,274.48505,275.48505,275.68506,273.28506
283.38507,283.68506,283.28506,283.88507,283.98505,286.18506,286.68506,282.28506,282.58505,282.38507,283.08505,280.68506,281.18506,280.98505,281.48505,283.78506,281.48505,283.98505,284.38507,282.68506,280.98505,281.78506,280.68506,282.58505,282.98505,282.28506,281.98505,283.68506,283.88507,285.78506,283.28506,282.68506,282.58505,280.78506,279.08505,281.08505,281.98505,281.58505,280.58505,282.18506,282.08505
283.38507,281.78506,282.18506,282.38507,283.48505,282.98505,281.48505,282.18506,281.18506,279.98505,278.38507,277.58505,280.68506,280.28506,281.68506,283.88507,282.68506,283.08505,283.78506,283.78506,282.48505,281.78506,281.88507,279.58505,281.28506,285.08505,284.08505,282.98505,282.78506,282.78506,282.98505,282.48505,282.68506,282.58505,280.88507,280.18506,280.68506,281.68506,280.88507,280.88507,280.58505
282.88507,282.68506,283.48505,282.38507,281.78506,281.88507,282.68506,280.78506,280.78506,282.08505,280.68506,278.58505,279.58505,279.68506,280.58505,281.08505,282.38507,280.28506,280.28506,280.18506,280.28506,280.08505,282.18506,281.58505,283.78506,283.08505,283.28506,282.58505,281.78506,280.78506,280.28506,281.28506,280.28506,279.28506,279.48505,279.18506,279.58505,278.78506,278.48505,278.88507,279.28506
283.98505,283.48505,285.68506,282.38507,281.98505,280.88507,286.18506,284.78506,284.78506,283.08505,280.48505,277.78506,280.08505,280.98505,279.08505,280.48505,280.28506,282.18506,280.58505,281.18506,282.38507,281.88507,282.08505,281.28506,281.38507,281.88507,280.58505,280.58505,279.58505,275.78506,274.98505,278.18506,274.88507,274.38507,274.48505,275.08505,276.48505,276.08505,276.98505,277.18506,276.88507
