wind.json
{"header": {"discipline":0,"disciplineName":"Meteorological products","gribEdition":2,"gribLength":1211,"center":7,"centerName":"US National Weather Service - NCEP(WMC)","subcenter":0,"refTime":"2023-06-30T18:00:00.000Z","significanceOfRT":1,"significanceOfRTName":"Start of forecast","productStatus":0,"productStatusName":"Operational products","productType":1,"productTypeName":"Forecast products","productDefinitionTemplate":0,"productDefinitionTemplateName":"Analysis/forecast at horizontal level/layer at a point in time","parameterCategory":2,"parameterCategoryName":"UnknownDiscipline_0_Category_2","parameterNumber":2,"parameterNumberName":"UnknownParameter_D0_C2_2","parameterUnit":"Unknown","genProcessType":2,"genProcessTypeName":"Forecast","forecastTime":0,"surface1Type":103,"surface1TypeName":"Specified height level above ground","surface1Value":10.0,"surface2Type":255,"surface2TypeName":"Missing","surface2Value":0.0,"gridDefinitionTemplate":0,"gridDefinitionTemplateName":"Latitude_Longitude","numberPoints":688,"shape":6,"shapeName":"Earth spherical with radius of 6,371,229.0 m","gridUnits":"degrees","resolution":48,"winds":"true","scanMode":64,"nx":43,"ny":16,"basicAngle":0,"lo1":45.0,"la1":40.0,"lo2":87.0,"la2":55.0,"dx":1.0,"dy":1.0}, "data":
[rows 0 to 15 of 16, columns 0 to 42 of 43]
-0.14550292,1.544497,-2.6255028,-7.775503,-5.535503,-3.145503,-0.02550293,1.4744971,3.474497,1.8644971,6.324497,5.674497,3.944497,-7.905503,-7.225503,-5.815503,-5.795503,-3.265503,-3.055503,-2.8555028,-5.635503,-3.035503,-3.5755029,0.41449708,0.7144971,-0.5255029,0.9044971,-1.105503,-0.18550293,1.9344971,1.8644971,0.44449708,0.46449706,3.3944972,-0.18550293,-1.6855029,-1.8155029,-1.995503,-4.915503,-3.725503,-6.4855027,-7.425503,-7.125503
2.984497,12.554497,4.684497,-0.22550292,2.564497,0.9544971,1.164497,2.294497,3.804497,1.034497,-0.69550294,2.094497,-4.855503,-8.525503,-7.585503,-6.385503,-5.115503,-3.175503,-2.8455029,-2.795503,-6.105503,-4.545503,-3.705503,1.3144971,-0.8355029,-2.295503,0.7144971,-2.415503,-2.995503,-0.46550292,1.524497,1.664497,1.4744971,-0.69550294,-0.33550292,0.20449707,-3.895503,-1.1455029,-1.6355029,-2.735503,-4.865503,-5.7355027,-5.745503
2.1144972,0.9544971,0.69449705,-0.6055029,3.934497,2.784497,2.984497,3.514497,4.354497,-0.57550293,1.8244971,-1.6855029,-9.355503,-6.375503,-6.165503,-6.2555027,-3.945503,-3.6255028,-3.435503,-5.155503,-2.6355028,-4.7555027,-3.3855028,-3.1255028,-1.7755029,-3.205503,-1.5055029,-0.35550293,-1.0555029,0.03449707,-2.765503,-0.82550293,0.10449707,1.6044971,-0.87550294,1.2244971,-0.31550294,1.0744971,-0.20550293,-0.82550293,-1.1655029,-0.37550294,-3.735503
0.8344971,0.49449706,3.994497,13.5444975,7.5344973,4.7844973,4.0144973,3.1644971,2.474497,0.8944971,1.014497,2.264497,-5.995503,-10.845503,-6.155503,-7.285503,-4.795503,-2.935503,-4.545503,-6.4655027,-5.265503,-4.9655027,-4.015503,-3.155503,-6.1955028,-7.115503,-2.6155028,-2.785503,-1.705503,-3.5955029,-3.5955029,-0.9055029,-0.09550293,2.254497,1.3144971,2.324497,0.80449706,-0.7755029,-0.40550292,0.9144971,0.8544971,0.7844971,1.2044971
2.1444972,2.684497,6.414497,10.924497,5.004497,4.984497,1.8244971,0.9844971,0.22449706,-0.9155029,1.9944971,-3.3855028,-7.415503,-7.625503,-7.575503,-6.365503,-4.535503,-3.395503,-4.355503,-5.365503,-4.545503,-4.225503,-4.275503,-2.8655028,-3.725503,-7.925503,-6.415503,-5.365503,-4.7555027,-3.945503,-2.485503,-0.00550293,0.7244971,-1.745503,2.964497,1.1044971,-1.1955029,-0.74550295,-1.3055029,1.534497,0.9644971,-0.45550293,-1.1855029
3.504497,0.67449707,8.914497,9.314497,6.584497,7.114497,4.2644973,4.424497,1.664497,2.344497,-3.555503,-9.335503,-5.665503,-7.025503,-6.975503,-5.545503,-3.475503,-4.595503,-4.325503,-3.485503,-2.0955029,-3.895503,-3.8655028,-3.785503,-3.895503,-3.775503,-4.7155027,-4.135503,-3.775503,-1.1655029,-1.975503,-1.605503,-2.3455029,-2.735503,-2.305503,1.124497,4.044497,1.8544971,1.7144971,-0.87550294,0.31449708,0.36449707,1.634497
3.304497,3.434497,6.094497,8.384497,7.154497,7.864497,7.274497,4.7444973,4.564497,3.854497,-9.925503,-7.925503,-7.095503,-6.425503,-4.525503,-4.205503,-4.175503,-2.315503,-4.285503,-2.985503,-2.805503,-3.3755028,-3.005503,-1.875503,-3.695503,-3.1255028,-2.8355029,-0.03550293,1.6144971,2.554497,2.1644971,1.764497,0.28449708,0.48449707,-0.8555029,0.7244971,0.40449706,-2.6155028,0.21449707,2.6144972,2.844497,-1.245503,-4.4655027
5.2644973,6.0544972,7.044497,8.334497,5.874497,6.2844973,7.2444973,2.434497,4.914497,4.5344973,-5.315503,-4.7155027,-4.0055027,-2.415503,-1.6455029,-1.205503,-2.3455029,-4.165503,-3.175503,-2.555503,-0.62550294,-1.8955029,-3.1355028,-2.6255028,-1.6455029,-1.0155029,-4.405503,-4.025503,-5.5055027,-5.0055027,-4.265503,-1.5555029,-4.435503,-2.005503,-2.215503,0.6544971,-1.105503,-1.975503,-1.205503,2.434497,-0.92550296,2.214497,3.214497
3.6344972,4.524497,5.464497,6.544497,6.024497,6.964497,7.114497,4.384497,3.1144972,1.7144971,-3.0855029,-1.085503,-1.115503,-1.105503,-0.00550293,-0.45550293,-0.9655029,-2.8755028,-2.775503,-3.555503,-2.5755029,-4.9455028,-4.275503,-5.925503,-4.065503,-3.3755028,-2.925503,-3.0755029,-2.945503,-1.0255029,-0.17550293,-1.625503,-1.0355029,0.12449707,-2.435503,-1.1355029,-3.765503,1.4944971,-1.0555029,-0.31550294,1.9244971,0.8944971,-1.0755029
3.214497,4.504497,4.904497,7.144497,6.074497,5.734497,5.754497,6.064497,2.104497,-1.965503,0.41449708,-2.545503,0.44449708,-3.065503,-3.045503,-3.295503,-1.6455029,-3.025503,-3.785503,-1.8855029,-2.725503,-2.5855029,-2.435503,-1.955503,-3.0955029,-3.705503,-2.235503,-2.0755029,-1.4455029,0.26449707,0.7244971,1.624497,0.10449707,-1.455503,2.444497,0.34449708,0.36449707,0.7944971,1.6844971,-0.50550294,-1.3155029,0.7044971,-0.31550294
2.954497,3.484497,4.7444973,4.5544972,3.094497,3.024497,4.7844973,6.2444973,2.844497,1.3244971,-3.435503,-5.125503,4.544497,5.0544972,-2.905503,-3.1355028,-3.745503,-2.945503,-1.6755029,1.874497,0.25449708,-0.36550292,-3.3355029,-4.015503,-3.435503,-2.8755028,-2.1355028,-0.39550292,-0.05550293,1.6044971,2.774497,3.1244972,2.6144972,3.444497,2.324497,0.0044970703,2.1444972,1.8344971,0.8444971,0.12449707,-1.465503,0.12449707,0.7944971
1.404497,2.584497,1.9344971,3.504497,1.4244971,2.814497,4.974497,2.314497,5.4944973,3.194497,-3.055503,-2.555503,4.064497,0.88449705,-1.995503,-3.665503,-2.525503,-1.6955029,-4.405503,-3.3555028,-3.975503,-5.425503,-3.975503,-3.5755029,-3.305503,-2.795503,-1.7855029,-1.6655029,1.5644971,3.084497,2.3744972,3.6244972,3.794497,3.754497,3.184497,2.554497,2.474497,0.87449706,-0.10550293,1.014497,-0.27550292,1.3444971,-1.1455029
0.7144971,0.62449706,1.254497,1.4844971,3.274497,2.544497,3.814497,5.254497,1.5944971,-2.3755028,-1.8855029,-3.8455029,-3.8855028,-3.775503,-0.7755029,-2.785503,-1.0255029,-3.695503,-5.635503,-4.7155027,-5.325503,-4.325503,-3.895503,-3.005503,-2.6155028,-2.405503,-1.6655029,-2.185503,-1.0155029,-0.93550295,0.24449708,1.884497,1.274497,2.504497,1.9644971,2.564497,1.4344971,2.214497,3.194497,3.494497,1.024497,-0.7255029,1.764497
0.68449706,0.43449706,0.68449706,1.904497,2.094497,3.1144972,2.934497,4.184497,-2.3255029,-1.5755029,-1.205503,-3.495503,-2.0855029,-2.5955029,-2.685503,-2.925503,-2.705503,-3.985503,-4.105503,-4.085503,-3.225503,-3.545503,-3.6255028,-2.815503,-0.7155029,-1.345503,-0.32550293,1.504497,2.064497,0.42449707,1.394497,2.1344972,2.514497,2.274497,2.304497,2.084497,3.474497,3.274497,3.534497,1.1144971,2.554497,1.9444971,-0.22550292
0.47449708,-0.03550293,1.124497,1.9344971,2.8844972,2.494497,4.604497,-0.38550293,-1.0755029,-1.985503,-1.6955029,-3.3755028,-3.175503,-2.8655028,-1.2755029,-2.3855028,-2.8455029,-3.035503,-2.545503,-2.3455029,-2.735503,-2.955503,-2.895503,-2.445503,-1.355503,-0.34550294,-0.04550293,-0.28550294,1.5844971,2.074497,2.1344972,3.004497,2.9144971,2.6544971,2.744497,3.1244972,2.704497,2.1644971,2.014497,3.604497,-0.12550293,1.4844971,-1.1455029
-0.07550293,0.31449708,1.0544971,2.094497,3.1444972,3.224497,2.214497,-3.235503,-2.405503,-5.435503,-4.4855027,-3.215503,-2.555503,-1.845503,-1.7755029,-0.14550292,-1.5555029,-1.1755029,-2.0855029,-1.335503,-2.1155028,-2.5755029,-2.5755029,-1.845503,0.17449707,0.75449705,1.8244971,2.6744971,2.574497,2.4244971,2.464497,2.584497,2.734497,3.564497,2.764497,2.724497,2.514497,3.044497,2.1344972,1.774497,2.194497,-0.38550293,-1.2655029
