wind_kz.json
{"header": {"discipline":0,"disciplineName":"Meteorological products","gribEdition":2,"gribLength":871,"center":7,"centerName":"US National Weather Service - NCEP(WMC)","subcenter":0,"refTime":"2024-02-02T12:00:00.000Z","significanceOfRT":1,"significanceOfRTName":"Start of forecast","productStatus":0,"productStatusName":"Operational products","productType":1,"productTypeName":"Forecast products","productDefinitionTemplate":0,"productDefinitionTemplateName":"Analysis/forecast at horizontal level/layer at a point in time","parameterCategory":0,"parameterCategoryName":"UnknownDiscipline_0_Category_0","parameterNumber":0,"parameterNumberName":"UnknownParameter_D0_C0_0","parameterUnit":"Unknown","genProcessType":2,"genProcessTypeName":"Forecast","forecastTime":300,"surface1Type":1,"surface1TypeName":"Ground or water surface","surface1Value":0.0,"surface2Type":255,"surface2TypeName":"Missing","surface2Value":0.0,"gridDefinitionTemplate":0,"gridDefinitionTemplateName":"Latitude_Longitude","numberPoints":615,"shape":6,"shapeName":"Earth spherical with radius of 6,371,229.0 m","gridUnits":"degrees","resolution":48,"winds":"true","scanMode":64,"nx":41,"ny":15,"basicAngle":0,"lo1":47.0,"la1":41.0,"lo2":87.0,"la2":55.0,"dx":1.0,"dy":1.0}, "data":
[rows 0 to 14 of 15, columns 0 to 40 of 41]
278.3559,272.0559,274.0559,280.0559,280.25592,281.6559,276.6559,275.8559,274.1559,274.5559,273.5559,273.9559,273.5559,273.75592,274.1559,273.8559,274.9559,275.1559,277.3559,276.9559,278.25592,278.9559,278.9559,275.4559,275.25592,277.4559,273.3559,254.05591,254.05591,251.85591,254.4559,255.05591,262.75592,269.4559,270.75592,271.3559,270.9559,270.9559,271.1559,271.4559,272.0559
262.75592,273.4559,279.8559,279.6559,280.1559,280.75592,272.1559,271.4559,270.1559,269.75592,270.5559,270.4559,270.6559,271.5559,272.8559,273.0559,273.9559,274.9559,274.8559,276.8559,276.8559,276.6559,275.1559,267.8559,263.0559,260.4559,264.25592,255.85591,257.3559,253.85591,263.4559,249.4559,261.4559,242.2559,252.85591,265.25592,263.9559,270.1559,270.9559,267.9559,269.5559
274.4559,278.5559,279.6559,279.9559,279.9559,270.1559,270.0559,269.6559,269.4559,268.6559,268.8559,269.0559,270.0559,270.0559,271.6559,271.5559,271.6559,271.3559,271.3559,271.75592,273.6559,275.1559,275.75592,270.6559,276.0559,273.3559,273.0559,274.4559,273.3559,266.75592,257.3559,259.25592,259.25592,259.4559,256.6559,264.8559,256.0559,253.9559,250.85591,254.9559,251.9559
271.4559,275.4559,277.25592,278.4559,275.75592,267.5559,269.75592,268.8559,268.5559,269.6559,269.5559,268.8559,280.9559,281.5559,271.9559,272.0559,270.9559,271.25592,271.25592,271.9559,271.75592,267.4559,272.1559,273.25592,273.0559,273.5559,272.6559,271.6559,273.0559,273.1559,271.9559,271.5559,272.4559,270.5559,267.3559,267.1559,258.9559,257.4559,266.3559,262.75592,261.25592
270.6559,269.9559,269.5559,266.8559,265.8559,268.3559,269.8559,269.1559,269.3559,269.5559,269.4559,268.75592,278.75592,278.8559,277.9559,269.9559,269.4559,269.6559,268.75592,270.25592,270.8559,270.9559,270.4559,270.6559,271.3559,271.1559,270.0559,271.6559,274.4559,275.9559,274.4559,273.8559,263.9559,257.9559,265.9559,259.8559,264.9559,262.8559,268.4559,264.4559,260.75592
269.4559,268.6559,265.5559,265.5559,267.0559,264.4559,267.25592,270.4559,267.8559,267.8559,268.1559,268.1559,276.8559,278.8559,266.25592,268.5559,268.8559,268.75592,267.0559,269.3559,265.6559,268.8559,270.0559,268.8559,268.3559,264.6559,269.4559,268.8559,271.1559,271.9559,272.9559,273.3559,272.25592,271.1559,272.3559,268.6559,267.75592,267.75592,263.4559,261.4559,260.5559
268.5559,268.25592,268.5559,268.0559,266.1559,266.25592,264.9559,266.0559,266.5559,267.0559,265.3559,263.3559,264.0559,264.6559,265.0559,266.8559,266.1559,266.1559,261.8559,257.75592,257.25592,260.1559,262.5559,261.6559,256.25592,256.5559,257.3559,262.75592,265.9559,269.75592,270.1559,270.6559,267.25592,267.75592,268.9559,266.4559,265.0559,265.1559,264.5559,264.6559,265.5559
267.6559,266.3559,268.9559,268.0559,267.25592,264.75592,264.4559,263.6559,261.75592,260.75592,256.4559,258.0559,258.3559,256.25592,261.6559,261.9559,261.9559,259.9559,259.0559,256.8559,256.4559,255.2559,255.9559,255.7559,256.5559,254.9559,256.75592,248.9559,256.9559,263.1559,269.25592,270.5559,268.9559,267.6559,271.25592,264.9559,267.1559,267.3559,266.9559,265.25592,263.9559
265.25592,264.4559,264.4559,263.4559,265.8559,262.75592,262.25592,259.25592,256.4559,254.35591,253.15591,250.2559,251.15591,254.65591,254.15591,257.4559,255.9559,256.9559,258.1559,258.6559,258.1559,257.3559,255.2559,254.7559,256.75592,258.1559,256.4559,255.4559,255.55591,256.6559,262.3559,267.8559,270.3559,271.3559,271.75592,265.4559,267.75592,270.3559,261.3559,261.9559,258.25592
263.6559,263.8559,261.8559,262.8559,261.5559,258.6559,256.0559,252.15591,252.15591,253.15591,248.2559,248.7559,252.05591,252.4559,252.05591,255.35591,256.3559,258.8559,258.8559,259.6559,259.25592,260.25592,260.0559,260.75592,260.1559,259.4559,259.4559,259.4559,259.0559,258.1559,264.8559,269.5559,271.4559,272.5559,272.25592,272.4559,268.8559,267.25592,268.0559,265.6559,257.75592
259.1559,257.5559,257.3559,255.85591,256.5559,252.2559,252.85591,251.7559,247.65591,247.15591,245.9559,249.85591,253.2559,249.05591,252.85591,252.65591,252.2559,256.1559,258.9559,257.8559,259.6559,259.4559,256.9559,258.1559,258.25592,257.8559,257.5559,260.3559,262.5559,265.3559,266.9559,268.3559,268.9559,270.4559,272.5559,273.1559,270.3559,268.25592,268.9559,267.4559,266.5559
254.85591,257.75592,257.75592,252.7559,251.55591,251.2559,249.85591,247.9559,250.05591,246.85591,242.15591,247.9559,248.85591,248.55591,254.65591,251.9559,252.4559,251.85591,252.4559,251.4559,255.2559,256.1559,257.75592,257.25592,255.85591,258.75592,260.3559,263.6559,264.6559,266.3559,266.1559,263.5559,265.0559,261.5559,268.6559,269.25592,272.8559,274.25592,270.75592,272.9559,272.6559
254.15591,254.65591,253.05591,250.15591,251.9559,251.2559,248.2559,245.65591,245.05591,249.15591,242.2559,246.65591,251.65591,248.9559,252.35591,252.85591,252.15591,254.4559,254.7559,254.65591,255.15591,255.4559,256.8559,257.1559,259.25592,261.5559,263.25592,259.4559,259.6559,262.25592,262.3559,262.75592,261.5559,257.1559,259.4559,265.6559,267.4559,269.9559,272.75592,273.0559,273.0559
252.4559,250.85591,251.05591,249.4559,247.55591,244.7559,245.55591,245.4559,249.9559,250.65591,246.2559,241.85591,245.85591,248.9559,252.4559,252.4559,252.65591,253.15591,255.15591,253.35591,253.9559,255.05591,255.85591,255.7559,256.75592,258.5559,259.1559,260.8559,257.1559,257.8559,260.0559,258.1559,260.1559,259.5559,258.25592,253.65591,256.5559,264.0559,267.1559,268.75592,270.6559
254.15591,253.9559,249.4559,247.35591,247.55591,245.85591,248.9559,244.9559,248.7559,243.85591,244.15591,247.15591,247.85591,250.15591,250.9559,251.65591,251.2559,253.9559,253.2559,253.35591,252.85591,252.15591,253.15591,253.15591,253.85591,254.65591,255.55591,256.8559,258.6559,258.9559,259.25592,258.1559,257.1559,254.85591,254.05591,256.5559,254.4559,256.5559,258.3559,264.0559,267.3559
