wind_kz.json
{"header": {"discipline":0,"disciplineName":"Meteorological products","gribEdition":2,"gribLength":871,"center":7,"centerName":"US National Weather Service - NCEP(WMC)","subcenter":0,"refTime":"2023-08-18T18:00:00.000Z","significanceOfRT":1,"significanceOfRTName":"Start of forecast","productStatus":0,"productStatusName":"Operational products","productType":1,"productTypeName":"Forecast products","productDefinitionTemplate":0,"productDefinitionTemplateName":"Analysis/forecast at horizontal level/layer at a point in time","parameterCategory":0,"parameterCategoryName":"UnknownDiscipline_0_Category_0","parameterNumber":0,"parameterNumberName":"UnknownParameter_D0_C0_0","parameterUnit":"Unknown","genProcessType":2,"genProcessTypeName":"Forecast","forecastTime":0,"surface1Type":1,"surface1TypeName":"Ground or water surface","surface1Value":0.0,"surface2Type":255,"surface2TypeName":"Missing","surface2Value":0.0,"gridDefinitionTemplate":0,"gridDefinitionTemplateName":"Latitude_Longitude","numberPoints":615,"shape":6,"shapeName":"Earth spherical with radius of 6,371,229.0 m","gridUnits":"degrees","resolution":48,"winds":"true","scanMode":64,"nx":41,"ny":15,"basicAngle":0,"lo1":47.0,"la1":41.0,"lo2":87.0,"la2":55.0,"dx":1.0,"dy":1.0}, "data":
[rows 0 to 14 of 15, columns 0 to 40 of 41]
298.7112,287.0112,292.2112,299.9112,299.31122,298.0112,300.6112,305.0112,303.7112,304.0112,303.2112,304.2112,304.6112,304.6112,303.0112,300.6112,301.1112,302.0112,299.9112,301.0112,300.31122,296.4112,294.4112,288.31122,292.31122,294.1112,291.0112,275.5112,275.9112,275.81122,278.6112,280.7112,289.1112,297.2112,300.31122,298.7112,296.7112,300.9112,299.5112,299.31122,299.0112
279.5112,293.6112,299.9112,300.0112,299.7112,298.1112,301.31122,301.7112,302.6112,303.2112,303.5112,302.1112,301.5112,300.9112,297.7112,299.0112,299.4112,300.4112,300.6112,297.0112,298.6112,298.7112,297.2112,286.7112,278.1112,276.7112,286.2112,275.31122,278.6112,272.5112,279.31122,271.4112,281.9112,260.5112,278.5112,293.0112,293.2112,295.31122,301.0112,292.5112,284.2112
297.0112,300.1112,300.5112,300.2112,298.0112,300.1112,301.7112,301.1112,300.31122,301.6112,302.31122,301.1112,297.31122,301.31122,301.6112,298.6112,298.2112,297.5112,297.0112,300.5112,302.1112,298.5112,296.7112,292.31122,291.2112,291.81122,291.9112,291.1112,290.6112,281.7112,274.1112,275.9112,280.4112,279.31122,281.7112,282.7112,277.9112,280.5112,282.81122,277.1112,276.9112
295.4112,300.81122,300.31122,299.6112,297.81122,298.7112,300.9112,300.6112,303.5112,300.81122,302.2112,299.31122,296.7112,295.81122,300.0112,298.6112,300.5112,298.81122,298.81122,299.4112,299.6112,294.0112,298.1112,297.9112,294.6112,295.4112,295.6112,294.81122,292.81122,292.7112,293.7112,291.0112,295.5112,292.31122,291.6112,285.31122,278.7112,278.6112,284.2112,292.0112,293.5112
300.4112,301.1112,300.9112,300.4112,300.2112,299.7112,301.1112,302.1112,301.6112,301.31122,303.1112,299.7112,297.2112,295.7112,292.6112,301.7112,301.4112,299.4112,297.7112,300.4112,300.2112,298.4112,296.81122,296.6112,295.81122,293.81122,292.0112,293.6112,291.81122,292.9112,296.0112,290.4112,280.1112,272.1112,282.5112,292.1112,295.9112,300.4112,300.2112,298.5112,298.0112
302.9112,299.31122,299.6112,299.81122,300.4112,300.31122,300.81122,300.9112,302.4112,302.4112,300.2112,298.6112,296.4112,295.9112,297.6112,299.0112,299.5112,299.81122,298.0112,300.1112,297.81122,297.5112,295.6112,296.1112,294.81122,292.9112,293.31122,294.4112,294.7112,296.1112,294.4112,295.7112,292.6112,289.6112,288.81122,290.9112,285.1112,289.6112,297.2112,297.81122,296.2112
302.0112,298.4112,301.1112,301.6112,300.4112,298.5112,300.31122,300.31122,302.1112,302.31122,300.81122,299.1112,299.6112,299.7112,297.7112,301.1112,299.2112,300.2112,297.2112,298.4112,298.0112,297.2112,297.0112,297.2112,295.0112,295.1112,294.2112,295.4112,293.7112,294.2112,293.7112,293.5112,293.9112,294.7112,291.5112,289.7112,284.2112,280.1112,278.5112,279.31122,291.7112
301.5112,299.6112,300.4112,300.2112,302.7112,302.0112,304.31122,301.31122,299.9112,299.1112,298.0112,298.0112,299.31122,300.2112,300.4112,300.5112,298.5112,299.2112,298.81122,295.81122,295.5112,294.9112,293.81122,295.0112,293.31122,289.9112,292.1112,294.31122,293.0112,294.2112,293.6112,292.6112,289.5112,287.2112,287.0112,289.6112,290.6112,289.2112,289.6112,289.5112,283.81122
300.5112,298.5112,299.31122,298.7112,300.1112,301.4112,299.2112,299.81122,297.31122,297.31122,294.81122,296.5112,295.2112,296.2112,297.7112,296.81122,298.31122,298.4112,298.31122,299.4112,292.81122,297.0112,293.4112,294.1112,290.6112,291.9112,287.5112,287.81122,285.9112,284.81122,286.9112,287.7112,288.0112,289.31122,288.4112,289.6112,285.31122,284.7112,270.31122,274.6112,269.9112
298.1112,299.1112,299.2112,299.4112,299.0112,299.9112,298.6112,299.6112,298.4112,297.2112,295.81122,295.81122,294.1112,295.9112,295.5112,296.81122,297.5112,297.0112,296.31122,295.5112,294.31122,294.9112,295.2112,294.2112,296.5112,290.81122,289.31122,288.0112,286.81122,285.81122,285.1112,288.0112,288.81122,288.5112,287.1112,285.81122,283.9112,279.81122,274.9112,275.5112,275.2112
297.4112,297.81122,297.4112,297.5112,296.81122,297.81122,297.81122,296.31122,295.81122,297.1112,297.1112,293.2112,295.1112,293.9112,292.6112,295.6112,295.1112,295.81122,295.9112,294.6112,294.7112,293.4112,294.81122,293.9112,290.6112,288.9112,286.2112,288.2112,287.5112,288.9112,289.6112,288.5112,287.6112,287.31122,286.0112,282.7112,280.0112,279.6112,280.31122,281.2112,277.81122
295.6112,295.81122,296.4112,296.6112,295.7112,295.7112,294.7112,294.9112,294.1112,295.31122,292.0112,291.31122,293.5112,292.5112,292.9112,292.81122,293.4112,294.5112,293.7112,292.6112,290.81122,290.2112,290.6112,289.9112,288.81122,289.1112,288.9112,289.4112,290.0112,290.0112,288.2112,288.9112,288.6112,285.2112,285.2112,283.9112,283.2112,282.31122,281.5112,283.1112,284.7112
296.5112,293.7112,295.6112,294.2112,295.7112,297.5112,297.2112,293.6112,289.2112,288.7112,288.5112,287.0112,291.2112,294.6112,292.4112,292.4112,292.4112,292.2112,291.5112,289.9112,289.7112,287.81122,286.2112,286.1112,288.4112,290.5112,292.2112,290.81122,290.2112,289.81122,289.0112,290.5112,288.2112,289.0112,288.7112,287.81122,286.9112,286.2112,285.31122,280.31122,281.6112
293.4112,294.7112,293.5112,299.31122,298.1112,292.5112,292.7112,292.6112,297.4112,295.6112,291.0112,288.9112,290.0112,291.6112,292.4112,292.6112,292.1112,291.9112,290.4112,291.6112,290.9112,290.9112,291.31122,291.1112,291.1112,291.31122,290.31122,291.81122,288.81122,290.5112,288.81122,286.81122,288.1112,288.31122,285.9112,285.2112,286.2112,285.5112,280.9112,279.81122,284.0112
293.81122,295.81122,292.81122,294.6112,294.9112,293.9112,298.1112,293.4112,296.4112,292.81122,290.4112,287.7112,290.2112,290.81122,292.5112,296.1112,293.6112,293.6112,292.4112,292.4112,292.7112,292.9112,292.4112,292.2112,288.9112,290.2112,290.0112,289.7112,287.9112,288.31122,287.6112,286.0112,288.1112,287.0112,286.7112,286.31122,284.4112,282.81122,285.7112,284.31122,283.0112
