wind.json
{"header": {"discipline":0,"disciplineName":"Meteorological products","gribEdition":2,"gribLength":1039,"center":7,"centerName":"US National Weather Service - NCEP(WMC)","subcenter":0,"refTime":"2023-05-30T12:00:00.000Z","significanceOfRT":1,"significanceOfRTName":"Start of forecast","productStatus":0,"productStatusName":"Operational products","productType":1,"productTypeName":"Forecast products","productDefinitionTemplate":0,"productDefinitionTemplateName":"Analysis/forecast at horizontal level/layer at a point in time","parameterCategory":0,"parameterCategoryName":"UnknownDiscipline_0_Category_0","parameterNumber":0,"parameterNumberName":"UnknownParameter_D0_C0_0","parameterUnit":"Unknown","genProcessType":2,"genProcessTypeName":"Forecast","forecastTime":240,"surface1Type":1,"surface1TypeName":"Ground or water surface","surface1Value":0.0,"surface2Type":255,"surface2TypeName":"Missing","surface2Value":0.0,"gridDefinitionTemplate":0,"gridDefinitionTemplateName":"Latitude_Longitude","numberPoints":688,"shape":6,"shapeName":"Earth spherical with radius of 6,371,229.0 m","gridUnits":"degrees","resolution":48,"winds":"true","scanMode":64,"nx":43,"ny":16,"basicAngle":0,"lo1":45.0,"la1":40.0,"lo2":87.0,"la2":55.0,"dx":1.0,"dy":1.0}, "data":
[rows 0 to 15 of 16, columns 0 to 42 of 43]
293.7681,292.6681,309.3681,320.2681,316.8681,295.46808,295.6681,295.56808,316.8681,321.96808,324.6681,323.2681,324.46808,324.06808,321.96808,321.56808,320.2681,319.6681,319.3681,320.06808,318.7681,316.8681,313.06808,316.06808,312.2681,307.8681,305.7681,297.46808,285.1681,292.46808,296.1681,308.56808,312.7681,312.46808,315.56808,316.06808,316.1681,314.6681,316.3681,315.8681,313.7681,313.2681,312.8681
297.7681,311.46808,310.6681,298.2681,303.7681,292.56808,293.46808,294.2681,309.6681,326.96808,325.3681,325.06808,322.6681,322.2681,321.2681,320.96808,319.46808,318.56808,317.96808,317.6681,320.96808,319.96808,322.06808,318.2681,314.96808,308.46808,314.6681,313.1681,310.56808,291.06808,287.3681,291.1681,291.56808,284.1681,306.1681,312.8681,315.7681,314.7681,313.6681,312.46808,313.46808,313.1681,312.6681
300.8681,292.46808,288.8681,301.3681,292.6681,292.8681,294.2681,295.8681,320.96808,323.96808,322.06808,319.8681,323.3681,320.96808,320.46808,316.56808,317.46808,317.2681,317.8681,319.6681,319.06808,320.06808,320.3681,316.96808,314.3681,300.06808,287.46808,283.6681,291.3681,283.3681,289.2681,285.3681,295.46808,285.46808,295.56808,265.56808,290.8681,308.56808,297.3681,310.06808,310.7681,301.46808,284.06808
295.1681,299.3681,305.06808,293.1681,292.6681,292.7681,292.6681,320.56808,320.3681,321.1681,322.1681,321.06808,320.3681,321.1681,312.56808,314.1681,314.2681,314.96808,315.96808,316.7681,317.46808,318.56808,318.56808,314.3681,314.1681,308.96808,309.46808,305.1681,300.46808,306.2681,305.7681,294.1681,288.2681,290.2681,297.06808,296.06808,296.46808,295.8681,286.96808,285.8681,291.1681,285.56808,283.7681
305.6681,308.8681,305.1681,294.46808,293.06808,293.56808,300.06808,320.1681,321.7681,323.8681,323.56808,322.7681,321.56808,313.8681,293.56808,293.6681,311.6681,313.46808,315.1681,316.46808,317.1681,317.2681,312.46808,310.06808,313.8681,314.46808,314.56808,315.3681,317.2681,315.1681,312.1681,314.96808,315.2681,310.1681,316.1681,313.2681,312.3681,303.46808,290.46808,286.2681,289.96808,294.06808,302.46808
307.06808,308.96808,310.96808,296.06808,295.8681,296.56808,305.06808,320.3681,321.96808,324.1681,322.06808,320.7681,321.06808,315.7681,295.1681,294.1681,291.2681,313.7681,315.7681,313.56808,310.6681,313.8681,314.7681,314.7681,314.2681,315.2681,315.56808,317.3681,316.2681,312.7681,317.1681,315.7681,318.3681,315.8681,295.6681,287.2681,297.56808,309.06808,306.1681,317.1681,316.46808,314.56808,313.3681
307.7681,313.06808,311.1681,309.56808,297.06808,296.7681,296.2681,296.8681,320.46808,319.3681,320.06808,319.56808,317.7681,316.6681,296.7681,293.56808,303.96808,310.96808,313.8681,314.06808,312.46808,312.8681,311.1681,310.8681,312.1681,313.2681,314.2681,313.7681,310.1681,292.2681,320.1681,320.6681,315.2681,315.7681,312.96808,310.1681,305.06808,302.3681,296.56808,300.7681,313.2681,311.3681,313.96808
311.46808,312.1681,312.56808,313.6681,314.6681,314.8681,310.56808,318.46808,322.3681,317.8681,317.1681,315.7681,315.56808,312.1681,311.1681,311.56808,311.6681,311.46808,311.56808,311.56808,311.46808,308.3681,307.96808,309.1681,309.06808,310.46808,309.46808,311.56808,308.7681,308.06808,313.6681,318.56808,315.46808,315.46808,315.46808,313.96808,308.56808,305.1681,297.6681,293.06808,293.06808,293.1681,305.96808
310.1681,309.3681,312.8681,315.2681,317.3681,317.3681,321.7681,321.6681,318.3681,313.8681,311.3681,310.46808,309.06808,307.96808,308.7681,308.7681,311.06808,310.46808,312.1681,309.06808,306.7681,304.8681,304.8681,305.7681,306.06808,307.7681,307.56808,305.3681,307.96808,298.56808,301.56808,309.6681,308.6681,313.6681,310.56808,304.8681,305.1681,307.56808,308.7681,289.3681,306.06808,306.06808,302.56808
292.96808,309.46808,310.46808,312.2681,315.1681,314.6681,315.56808,317.46808,314.1681,312.1681,307.2681,304.96808,304.6681,305.06808,304.7681,306.6681,305.56808,307.3681,303.6681,306.06808,303.8681,303.6681,301.1681,301.8681,303.56808,303.6681,303.56808,305.1681,302.96808,304.8681,305.56808,291.3681,294.1681,306.6681,305.96808,305.6681,305.56808,301.2681,300.96808,299.3681,290.3681,290.46808,291.46808
304.6681,305.96808,306.8681,308.2681,304.6681,303.3681,308.56808,303.6681,308.6681,299.8681,299.8681,299.6681,301.96808,301.1681,301.8681,301.1681,301.3681,295.8681,296.06808,298.1681,299.7681,299.06808,300.46808,300.3681,302.3681,301.7681,302.8681,303.6681,305.06808,306.46808,300.56808,296.06808,295.06808,307.96808,309.8681,309.7681,307.56808,302.6681,300.1681,295.3681,293.3681,290.6681,289.3681
300.1681,295.96808,298.8681,304.1681,302.46808,303.7681,295.06808,301.2681,304.8681,303.06808,297.06808,296.06808,298.96808,298.06808,294.06808,292.96808,293.96808,297.46808,292.8681,292.2681,292.06808,293.1681,292.96808,292.8681,299.1681,300.3681,300.2681,302.56808,297.46808,304.56808,301.06808,297.46808,298.3681,310.7681,308.1681,309.56808,306.2681,301.1681,296.06808,294.1681,295.2681,294.3681,293.1681
295.1681,296.2681,291.7681,291.96808,293.7681,292.7681,300.7681,294.3681,294.2681,299.1681,295.56808,295.56808,292.06808,292.3681,299.2681,297.3681,291.8681,292.6681,293.6681,290.8681,292.46808,293.46808,292.1681,291.6681,295.6681,297.96808,294.06808,299.96808,296.3681,297.6681,299.3681,295.56808,307.7681,307.56808,309.06808,307.56808,304.3681,303.06808,301.06808,300.8681,297.56808,298.6681,297.96808
287.06808,287.1681,288.06808,289.3681,290.8681,293.56808,298.6681,296.46808,298.46808,301.96808,296.06808,292.46808,293.1681,292.1681,293.1681,289.1681,294.56808,292.1681,292.06808,289.6681,290.6681,287.7681,289.6681,288.6681,291.6681,293.1681,295.1681,295.1681,291.3681,293.56808,295.8681,306.3681,306.96808,307.2681,304.7681,304.06808,300.7681,301.06808,299.2681,300.7681,298.1681,295.3681,295.2681
291.46808,291.3681,292.06808,291.2681,292.06808,297.6681,296.7681,296.3681,294.96808,290.46808,293.6681,293.46808,289.3681,285.06808,292.06808,292.7681,290.56808,287.46808,284.06808,283.6681,285.2681,289.3681,287.56808,289.7681,291.96808,292.56808,292.2681,291.7681,289.8681,293.06808,302.96808,302.7681,302.46808,301.06808,301.7681,297.06808,297.8681,298.96808,299.1681,299.06808,297.3681,297.6681,296.8681
294.46808,292.6681,289.8681,297.7681,288.1681,296.3681,296.06808,295.2681,294.96808,291.2681,292.2681,294.3681,293.6681,291.2681,285.6681,285.8681,285.3681,283.46808,282.96808,284.2681,286.3681,289.3681,288.06808,290.06808,292.46808,292.7681,293.8681,292.2681,294.6681,292.7681,296.3681,297.1681,297.3681,290.46808,296.96808,296.1681,295.7681,296.3681,296.8681,294.8681,296.1681,296.3681,296.46808
