wind_kz.json
{"header": {"discipline":0,"disciplineName":"Meteorological products","gribEdition":2,"gribLength":1102,"center":7,"centerName":"US National Weather Service - NCEP(WMC)","subcenter":0,"refTime":"2023-08-19T12:00:00.000Z","significanceOfRT":1,"significanceOfRTName":"Start of forecast","productStatus":0,"productStatusName":"Operational products","productType":1,"productTypeName":"Forecast products","productDefinitionTemplate":0,"productDefinitionTemplateName":"Analysis/forecast at horizontal level/layer at a point in time","parameterCategory":2,"parameterCategoryName":"UnknownDiscipline_0_Category_2","parameterNumber":2,"parameterNumberName":"UnknownParameter_D0_C2_2","parameterUnit":"Unknown","genProcessType":2,"genProcessTypeName":"Forecast","forecastTime":240,"surface1Type":103,"surface1TypeName":"Specified height level above ground","surface1Value":10.0,"surface2Type":255,"surface2TypeName":"Missing","surface2Value":0.0,"gridDefinitionTemplate":0,"gridDefinitionTemplateName":"Latitude_Longitude","numberPoints":615,"shape":6,"shapeName":"Earth spherical with radius of 6,371,229.0 m","gridUnits":"degrees","resolution":48,"winds":"true","scanMode":64,"nx":41,"ny":15,"basicAngle":0,"lo1":47.0,"la1":41.0,"lo2":87.0,"la2":55.0,"dx":1.0,"dy":1.0}, "data":
[rows 0 to 14 of 15, columns 0 to 40 of 41]
-2.2362084,2.0437915,-2.6962085,-6.2162085,-3.3162086,0.6937915,3.9037914,3.3537915,-1.8262085,-0.4062085,-1.7862085,0.043791503,1.4437915,4.1037917,5.8937917,6.0237913,2.0537915,-1.7762085,-2.6062086,-4.1562085,-3.2762084,0.013791504,1.1437916,5.7137914,2.9237914,3.9037914,4.4437914,5.4537916,2.2537916,0.063791506,0.0037915038,-0.2762085,-1.5762085,-2.0962086,1.4037915,0.7437915,1.5337915,-0.006208496,3.2337916,2.6537914,2.8737915
2.6737914,-4.8462086,-7.6462083,-6.4162083,-3.9962084,-0.2762085,-3.7762084,-3.0262084,-2.8462086,-2.4362085,-2.5762086,-2.7862084,-1.3962085,1.9737915,3.5637915,2.6537914,3.6737914,1.7237915,-0.7762085,-1.4962085,-2.4562085,-1.1962085,0.1237915,1.1737915,1.2037915,-1.5762085,-0.2062085,2.1937914,-1.0862085,-0.5662085,0.4537915,-0.076208495,0.8237915,1.1037915,0.5537915,2.2437916,2.6837914,2.9837916,3.5037916,-0.2662085,1.4837915
-7.4562087,-9.046208,-7.6462083,-5.0662084,1.1337914,-3.4862084,-3.9762084,-4.0562086,-3.4362085,-2.7762084,-4.6562085,-2.8962085,-1.7362084,0.2537915,0.9637915,2.7637916,4.0637913,3.3937914,3.4137914,0.9937915,-1.7962085,1.0537915,1.4737915,-1.9362085,-0.4562085,1.2337915,3.3637915,3.8837914,4.0937915,1.2037915,0.8037915,1.0837915,1.7437915,1.8737915,-0.4662085,-0.6962085,1.0837915,-0.9362085,3.8537915,3.1837914,-1.8262085
-9.976209,-9.726209,-7.7662086,-2.4462085,-5.1162086,-4.8062086,-3.2262084,-4.1562085,-3.2762084,-2.6662085,-1.9062085,-4.1562085,-2.2962084,-0.13620849,1.0637915,-3.2562084,-2.7362084,0.54379153,2.1137915,2.2537916,2.3837914,4.1037917,-0.19620849,1.5537915,2.2137916,2.4937916,2.8037915,4.0937915,6.7637916,6.0437913,3.7337916,7.7237916,7.9037914,5.9037914,4.4837914,4.5737915,1.0837915,1.6437916,-1.4362085,-1.9062085,0.09379151
-9.106209,-9.376208,-8.626208,-7.1462083,-5.7462087,-4.1362085,-3.8462086,-3.6262085,-2.5362084,-2.7062085,-2.6462085,-6.0662084,-3.1462085,-1.3562084,2.7137916,-2.6862085,-2.6762085,-2.3062086,-1.2562085,0.6237915,4.7037916,6.3837914,6.3137913,5.7137914,5.5737915,5.4937916,5.6937914,-0.37620848,3.5437915,7.7437916,0.5137915,4.3737917,3.6037915,1.5837915,-2.4362085,-2.1062086,1.1237915,-3.0362084,-2.2462084,-0.046208497,0.8537915
-6.1962085,-6.3962083,-7.1462083,-6.1962085,-4.5462084,-1.9262085,-1.3162085,-2.5662086,-2.0462084,-2.1462085,-2.1362085,-2.7762084,-2.4362085,-2.7862084,-3.3262086,-2.4862084,-2.2862084,-1.6562085,-0.4862085,1.2737916,3.1837914,5.1037917,7.8537917,8.413792,8.393791,7.6737914,7.1437917,0.2637915,3.6137915,5.8537917,4.3837914,0.9237915,-0.51620847,0.4937915,-3.0662086,-0.7362085,0.4837915,-0.016208496,1.1037915,1.6637915,0.9437915
-4.7462087,-5.3462086,-3.3862085,-2.9362085,-0.4362085,-2.6062086,-3.6662085,-3.1562085,-2.5862086,-1.7162085,-1.2962085,-0.5462085,-0.9862085,-0.5962085,-0.76620847,-0.5462085,-0.6762085,0.2537915,0.73379153,2.1137915,3.3337915,3.3937914,4.8837914,6.9037914,9.933791,10.053791,9.493792,8.043792,4.3437915,4.8637915,6.6837916,7.6137915,4.7737913,3.1537914,5.0537915,1.6637915,3.6537914,0.4937915,4.8737917,0.7537915,0.6737915
-3.8762085,-3.1662085,-2.7862084,-3.0462084,-3.1062086,-2.0262084,-1.6862085,-0.8062085,0.2337915,1.1537915,1.4937915,1.9537915,2.2237916,2.3737915,2.1737914,2.5737915,2.7737916,3.1337914,2.9237914,3.1837914,4.3237915,5.1237917,6.2237916,6.6037917,7.6737914,8.923792,10.763791,10.623792,9.243792,8.213792,8.443791,8.773791,7.2037916,5.6837916,5.9137917,6.1837916,-5.0162086,-3.9962084,-5.0662084,-6.3462086,-2.4962084
-2.2462084,-2.6662085,-2.5762086,-1.6662085,-0.8262085,0.54379153,1.2737916,1.9637915,2.5537915,2.8037915,3.5937915,4.1937914,4.4537916,4.4237914,4.2837915,4.6437917,5.2937913,5.0937915,5.1837916,6.0237913,6.5937915,7.6137915,7.0437913,7.5937915,8.643791,9.333792,10.163792,9.903791,10.043792,8.403791,7.7737913,7.8137913,7.1337914,6.4137917,4.3337917,4.3437915,0.8137915,0.7237915,0.2937915,0.2337915,1.1037915
-1.9362085,-1.0562085,-0.7262085,1.5337915,2.0437915,2.1737914,3.1037915,3.3237915,3.9237914,4.4937916,5.8337917,6.1537914,5.9937916,6.0037913,6.3037915,6.1937914,6.0937915,6.1437917,5.9437914,6.0937915,7.4637914,8.603791,8.783792,9.183791,10.593792,10.663792,11.023791,10.783792,9.583792,10.223791,8.873792,6.0137916,6.1937914,5.6437917,4.6937914,1.6337914,-2.2762084,-1.1962085,0.053791504,1.0637915,1.5937915
-1.1762085,1.9337915,1.4737915,1.4637915,2.3337915,3.0237916,3.3437915,4.0537915,4.3837914,5.1237917,5.4637914,6.6637917,6.8137913,6.7837915,7.1637917,7.4237914,7.3537917,6.1837916,5.8137913,7.4537916,9.223791,9.593792,10.613791,10.413792,10.183791,10.693791,11.423792,10.413792,11.423792,8.363791,8.843792,6.9437914,4.6837916,3.5037916,4.8037915,1.5437915,-0.8062085,-0.6862085,1.4037915,0.43379152,1.0137916
0.9937915,1.8437915,2.7937915,2.8037915,3.1037915,3.4637916,3.8537915,4.3437915,4.1937914,4.8137913,5.8537917,5.1437917,5.4037914,7.0337915,7.4937916,8.133792,6.9737916,7.1337914,7.3337917,8.003792,9.353791,9.273791,9.913792,10.583792,11.123792,9.943791,12.023791,12.5737915,10.663792,10.283792,6.8437915,8.5737915,3.5737915,2.0437915,3.7037916,3.5337915,0.9537915,0.2837915,-1.8062085,-1.6862085,-1.1862085
1.9437915,2.8237915,3.2737916,3.5837915,4.1937914,2.3937914,3.5837915,5.2837915,7.1137915,3.7537916,3.1937914,5.2537913,6.7037916,7.3837914,8.423792,6.6537914,5.5237913,7.2037916,7.1937914,8.613791,9.193791,10.0737915,9.863791,10.233791,11.843792,11.813791,11.283792,12.093792,11.943791,8.753792,8.8237915,8.8237915,0.7637915,7.2937913,3.5737915,3.4337914,-1.2662085,-2.6262085,-3.5162084,-1.9062085,-2.0962086
2.7037916,2.5737915,2.1837914,2.2537916,2.6837914,3.9437914,3.7237916,4.1837916,4.4837914,3.5937915,2.9437914,4.6437917,6.8137913,8.613791,7.2937913,8.273791,9.143791,8.683791,8.503792,9.983791,10.273791,10.613791,11.723791,11.683791,11.113791,10.0737915,9.733791,8.193791,8.703792,6.1437917,6.6137915,8.003792,7.4537916,9.413792,2.6637914,-2.2462084,-2.0462084,-1.0062085,-0.9262085,-0.7962085,-1.4062085
2.6737914,3.3337915,1.8837914,2.0837915,2.1537914,4.0337915,4.5037913,4.3837914,5.4937916,4.9437914,3.2437916,6.1737914,5.4137917,5.5937915,8.263791,9.233791,7.2937913,7.9937916,9.723791,11.0737915,11.373792,11.393791,10.933791,11.063791,7.7337914,7.4337916,5.7337914,6.2737913,6.5937915,3.9937916,5.4537916,5.8837914,5.0037913,5.3237915,-2.7862084,-2.2662084,-1.8062085,-2.4162085,-4.5762086,-3.8362086,-1.4262085
