wind.json
{"header": {"discipline":0,"disciplineName":"Meteorological products","gribEdition":2,"gribLength":1211,"center":7,"centerName":"US National Weather Service - NCEP(WMC)","subcenter":0,"refTime":"2023-07-02T00:00:00.000Z","significanceOfRT":1,"significanceOfRTName":"Start of forecast","productStatus":0,"productStatusName":"Operational products","productType":1,"productTypeName":"Forecast products","productDefinitionTemplate":0,"productDefinitionTemplateName":"Analysis/forecast at horizontal level/layer at a point in time","parameterCategory":2,"parameterCategoryName":"UnknownDiscipline_0_Category_2","parameterNumber":3,"parameterNumberName":"UnknownParameter_D0_C2_3","parameterUnit":"Unknown","genProcessType":2,"genProcessTypeName":"Forecast","forecastTime":0,"surface1Type":103,"surface1TypeName":"Specified height level above ground","surface1Value":10.0,"surface2Type":255,"surface2TypeName":"Missing","surface2Value":0.0,"gridDefinitionTemplate":0,"gridDefinitionTemplateName":"Latitude_Longitude","numberPoints":688,"shape":6,"shapeName":"Earth spherical with radius of 6,371,229.0 m","gridUnits":"degrees","resolution":48,"winds":"true","scanMode":64,"nx":43,"ny":16,"basicAngle":0,"lo1":45.0,"la1":40.0,"lo2":87.0,"la2":55.0,"dx":1.0,"dy":1.0}, "data":
[rows 0 to 15 of 16, columns 0 to 42 of 43]
-3.5187523,1.5712476,-1.3487525,-1.1087525,-0.94875246,0.24124756,-1.6987524,-3.0687525,-4.6687527,-3.2987525,-3.3787525,-1.6587524,-2.0687525,-4.7887526,-4.7387524,-6.6187525,-0.41875243,1.7112476,0.12124756,-1.7587525,-3.4987524,0.9512476,0.031247558,1.5712476,1.4812475,1.3912475,2.9712477,4.9512477,3.4812477,0.08124756,1.0412476,0.62124753,0.13124757,-1.4487524,-1.5787524,0.72124755,1.3112476,1.3512475,2.6112475,2.2812476,0.38124755,0.8212476,5.0212474
1.1912476,-1.5687524,0.99124753,-2.4087524,1.9212476,4.4112477,-0.17875244,-3.4287524,-3.2587523,-4.3287525,-3.2987525,-5.3087525,-5.4187527,-7.0387526,-6.398752,-8.408752,-3.9587524,2.1312475,0.79124755,-0.25875244,0.54124755,0.31124756,-1.0687524,0.10124756,0.11124756,-1.6887524,-1.6387525,-1.9487524,-1.6787524,1.2212476,2.0112476,2.7612476,-1.7887524,-0.9887524,0.46124756,-0.48875245,0.6312476,2.7412477,2.0312476,1.9512476,0.77124757,0.58124757,0.7012476
-0.50875247,-2.9887524,2.5812476,1.9712476,0.92124754,2.2712476,0.80124754,-2.4187524,-4.3887525,-3.5587525,-3.1387525,-5.2087526,-5.9187527,-6.2387524,-6.3887525,-6.6887527,-8.418753,2.0512476,2.6412475,1.1512475,-2.6787524,-2.9287524,-1.0387524,0.28124756,2.8312476,1.4312476,-1.0687524,-2.1487525,-3.3787525,0.66124755,0.12124756,2.0412476,3.5312476,3.9212475,-0.17875244,-3.3187525,-3.3287525,-0.70875245,-1.1487525,-2.1787524,-1.3287524,0.41124755,-0.05875244
2.4512475,2.7012475,0.92124754,-4.3187523,-3.0187523,2.1012475,2.2812476,-0.17875244,-0.8587524,-2.0487525,-1.8487525,-4.5687523,-6.4187527,-5.9187527,-5.2387524,-7.3287525,-8.038753,2.9212475,2.6412475,2.0612476,-0.66875243,-0.15875244,-1.9187524,-1.0887524,-1.1987524,0.11124756,1.1912476,0.7612476,1.1512475,0.68124753,-0.5587524,2.0312476,3.9712477,2.0112476,2.8512475,-1.7487525,-0.58875245,2.6312475,2.3212476,0.72124755,-0.05875244,0.26124755,-0.76875246
0.61124754,-0.89875245,0.42124757,-3.2887526,-2.0587525,-0.95875245,0.30124757,0.8112476,1.3212476,1.4712476,-0.9987524,-1.5487524,-3.8887525,-5.4887524,-4.8187523,-7.0087523,-6.648752,3.9312475,2.2112474,2.1012475,2.3712475,1.5912476,-1.6087525,-1.7187524,1.7612475,-0.6787524,-0.75875247,-0.75875247,-0.53875244,-0.8687524,2.4312475,0.84124756,-1.3587525,-1.3887525,-0.59875244,-1.2287525,-0.19875245,-3.6687524,-2.2287524,1.8312476,0.52124757,3.0312476,3.8212476
-0.05875244,-0.32875243,-0.5487524,-3.0787525,-4.378752,-2.0487525,-0.108752444,0.33124757,3.1012475,3.1312475,1.5112475,0.44124755,-2.2587523,-3.7487524,-5.2787523,-5.8887525,-7.0687523,2.0612476,3.6812475,2.4412475,1.4312476,1.4812475,0.44124755,-0.108752444,0.0012475586,-0.25875244,-0.46875244,-0.44875243,-0.18875244,-0.08875244,-0.36875245,-1.2087524,-2.6687524,-0.44875243,0.72124755,0.6412476,-0.59875244,0.15124756,-1.4987525,-0.108752444,1.6712476,2.4512475,1.3612475
0.80124754,-0.63875246,0.061247557,-0.75875247,-2.6287525,-3.0887525,-2.3887525,0.18124756,1.2612475,2.8612475,3.2112474,1.2712475,-0.9987524,-3.7187524,-4.0187526,-2.3987525,-0.82875246,2.3612475,2.5912476,2.5212476,1.9712476,1.5712476,1.2712475,3.6912475,1.6012475,-0.048752442,0.14124756,0.071247555,-1.4987525,-3.2387524,-0.33875245,-0.35875243,-1.7187524,-2.5487525,-2.3287525,-2.2687523,1.6112475,-0.07875244,1.8412476,-0.82875246,-1.6587524,-1.2487525,3.5312476
-0.08875244,0.061247557,-0.19875245,0.10124756,-1.6087525,-1.6887524,-0.27875245,0.33124757,1.9612476,3.6212475,4.0312476,1.3112476,-0.75875247,-1.6087525,-1.5587524,-0.88875246,4.2512474,4.3312473,4.2012477,3.2212477,3.6412475,2.2212477,2.1312475,2.0812476,1.9612476,1.2112476,1.3812475,0.8912476,-2.0387526,-0.62875247,-1.5787524,-0.18875244,-1.1287525,-2.1087525,-3.3787525,-4.9087524,-1.3287524,-1.8387524,-3.4587524,-2.4587524,-2.7287524,-1.4687524,-2.2587523
0.5112476,0.22124755,0.17124756,0.35124755,-1.0287524,-0.69875246,-0.95875245,1.1312475,1.2112476,3.4512475,3.8112476,1.5712476,-0.27875245,-2.0587525,0.20124756,2.3312476,0.67124754,3.4812477,2.9812477,3.7112474,4.5312476,4.4512477,1.5012475,1.3812475,0.78124756,2.5612476,3.2412477,2.1012475,3.4612474,-0.09875244,0.021247558,-1.2887524,-0.90875244,-0.8087524,-2.3487525,-2.9187524,-1.0687524,-1.0987525,-0.9287524,-0.28875244,0.33124757,-0.19875245,-1.1987524
0.22124755,0.79124755,0.87124753,0.58124757,0.24124756,-0.33875245,-0.53875244,3.2212477,1.6412475,3.0112476,3.1412475,1.5812476,-0.46875244,-1.6687524,3.9512475,3.0312476,2.8812475,6.5612473,4.0212474,3.7512476,4.7612476,4.7812476,3.0312476,1.1712476,2.1812475,1.6012475,2.2112474,2.6112475,1.7912476,2.7412477,1.9812475,0.59124756,0.71124756,1.0612476,-0.35875243,-1.3487525,-1.5887524,-1.8587525,-2.7487524,-1.9987525,-4.1787524,-2.9487524,-2.3587525
-0.02875244,0.65124756,1.2912476,0.7612476,0.35124755,0.59124756,1.3212476,3.5412476,2.6312475,3.4712477,3.3912475,1.6512475,0.79124755,-1.1487525,8.901248,4.5712476,0.73124754,2.7612476,4.3812475,3.5812476,4.9912477,3.2512476,3.7712476,3.6012475,1.9712476,1.3112476,1.7212476,2.1612475,1.7112476,1.6712476,1.5212475,1.7512475,1.6112475,1.7412475,1.3812475,-0.20875244,-1.5687524,-0.97875243,0.18124756,-1.6287525,-1.8787525,-0.6887524,-1.7887524
0.65124756,-0.81875247,0.5112476,-0.05875244,0.05124756,-0.09875244,1.7512475,3.3212476,3.5212476,3.1812475,2.2912476,1.4312476,2.4612474,-0.048752442,6.6912475,3.9812477,0.7612476,3.2912476,3.6812475,3.6112475,5.9112477,5.1512475,3.5012476,3.0312476,2.8012476,2.5812476,2.0312476,2.8012476,1.4812475,2.6712475,2.6112475,2.4112475,2.7112474,2.6912475,1.9312476,1.0512476,0.46124756,-0.06875244,-1.0387524,0.33124757,0.18124756,0.071247555,-0.51875246
-0.32875243,-0.32875243,-0.03875244,-0.13875245,0.47124755,0.5112476,1.2112476,3.3912475,2.8312476,2.9712477,0.87124753,2.3512475,2.3512475,3.4112475,10.8812475,12.241247,-2.0487525,3.2912476,6.2312474,5.621248,7.0212474,5.871248,5.5912476,3.6112475,2.8012476,2.4312475,2.8312476,3.3612475,3.1912475,3.9212475,3.2012475,2.0012476,2.2112474,2.9012475,1.9012475,1.5512476,0.20124756,0.67124754,1.2412475,2.1112475,1.7212476,1.5512476,0.22124755
-0.15875244,0.08124756,0.12124756,-0.37875244,-0.53875244,0.44124755,1.6912476,1.7812476,2.4512475,3.1612475,1.0812476,3.6812475,1.2812476,0.43124756,-2.3287525,-3.0887525,1.0012475,5.1812477,6.4412475,6.5112476,4.9412475,4.2012477,5.4912477,4.2512474,3.8412476,3.7912476,4.1412477,3.7712476,3.3212476,2.8612475,3.1012475,2.4712477,1.4212476,2.8312476,1.9312476,1.0512476,-0.48875245,-0.44875243,2.1112475,1.3912475,2.0412476,1.1812476,0.62124753
0.32124755,0.74124753,0.24124756,-0.6087524,-1.4187524,-0.25875244,1.5712476,2.8912475,2.8612475,1.7812476,1.5512476,4.6312475,1.7312475,0.071247555,0.22124755,4.1612477,7.2312474,7.5812473,7.3312473,6.7412477,5.3012476,5.2412477,4.4612474,3.9012475,3.8412476,3.3412476,3.3712475,3.3212476,3.7312477,3.3912475,3.2112474,2.7512476,2.2212477,1.4412476,0.99124753,0.031247558,0.041247558,-0.44875243,0.80124754,0.22124755,1.1012475,1.2512475,1.5312476
0.40124756,0.67124754,0.79124755,-0.28875244,-1.4487524,0.32124755,2.4512475,2.2612476,1.4712476,0.21124756,1.1412475,0.46124756,1.5412476,2.3212476,1.5612476,0.19124755,3.3712475,5.4612474,6.8412476,6.0212474,4.4812474,4.5112476,3.7612476,3.4212475,3.1612475,3.2912476,3.8012476,2.8012476,3.2212477,3.0912476,3.2212477,2.8512475,2.3612475,1.4412476,1.6512475,1.2712475,0.30124757,0.061247557,0.83124757,1.4812475,0.87124753,1.5112475,1.1612476
