wind_kz.json
{"header": {"discipline":0,"disciplineName":"Meteorological products","gribEdition":2,"gribLength":1025,"center":7,"centerName":"US National Weather Service - NCEP(WMC)","subcenter":0,"refTime":"2023-08-23T00:00:00.000Z","significanceOfRT":1,"significanceOfRTName":"Start of forecast","productStatus":0,"productStatusName":"Operational products","productType":1,"productTypeName":"Forecast products","productDefinitionTemplate":0,"productDefinitionTemplateName":"Analysis/forecast at horizontal level/layer at a point in time","parameterCategory":2,"parameterCategoryName":"UnknownDiscipline_0_Category_2","parameterNumber":2,"parameterNumberName":"UnknownParameter_D0_C2_2","parameterUnit":"Unknown","genProcessType":2,"genProcessTypeName":"Forecast","forecastTime":180,"surface1Type":103,"surface1TypeName":"Specified height level above ground","surface1Value":10.0,"surface2Type":255,"surface2TypeName":"Missing","surface2Value":0.0,"gridDefinitionTemplate":0,"gridDefinitionTemplateName":"Latitude_Longitude","numberPoints":615,"shape":6,"shapeName":"Earth spherical with radius of 6,371,229.0 m","gridUnits":"degrees","resolution":48,"winds":"true","scanMode":64,"nx":41,"ny":15,"basicAngle":0,"lo1":47.0,"la1":41.0,"lo2":87.0,"la2":55.0,"dx":1.0,"dy":1.0}, "data":
[rows 0 to 14 of 15, columns 0 to 40 of 41]
-2.2994165,1.7405835,-1.8594165,-3.2994165,-2.4994166,0.5805835,6.4605837,1.3205835,0.090583496,0.23058349,0.6805835,-0.8994165,2.1105835,2.6005836,3.4405835,1.4705834,3.2605834,4.3505836,3.6805835,3.9005835,-0.1994165,1.5005835,1.5905834,2.9005835,5.0305834,7.2105837,7.7605834,4.8205833,-1.4794165,-0.1594165,-3.3694165,-0.7594165,-0.0694165,-2.2694166,-2.2594166,-1.4394165,-2.2494166,-3.3294165,-2.4894166,-2.3894165,-4.4494166
-0.7694165,-2.4594164,-4.2494164,-3.5794165,-2.0994165,2.5205834,0.3205835,-1.1894165,0.8105835,0.8005835,1.6305835,2.1605835,3.5805836,0.4805835,1.4505835,0.6705835,1.9505835,3.9605834,4.3805833,4.8505836,3.7005835,3.7005835,-1.2194165,-0.3694165,1.1905835,-0.6794165,2.7205834,3.1205835,1.6705835,-1.7594165,3.8405836,-1.1094165,-1.7594165,-2.0894165,0.3105835,1.8005835,1.4805835,1.1305835,-1.3294165,-4.0494165,-7.3094163
-5.8294163,-5.7394166,-3.3694165,-2.3294165,2.0505836,1.4205835,0.23058349,1.4105835,2.5605836,1.5405835,0.9605835,1.2005835,-0.2794165,1.1505835,3.2805834,2.0605836,5.8305836,3.0505836,4.8705835,6.6205835,4.8305836,4.1705837,5.3905835,5.8405833,1.0805835,0.2005835,4.5505834,2.7005835,7.5305834,-0.079416506,0.30058348,2.9405835,0.7305835,0.1605835,-1.3694165,-2.3894165,-1.4594165,-0.1694165,-0.4594165,-3.1094165,-1.6194165
-7.2894163,-5.1194167,-3.5894165,0.020583495,-0.80941653,0.2405835,1.3805835,1.4805835,2.4205835,2.3105836,2.6305835,2.3005836,-1.1794165,2.4705834,3.5905836,4.6805835,5.3805833,4.3405833,5.0005836,3.8705835,5.1705837,7.7605834,7.1905837,6.9805837,9.6605835,7.5605836,5.6205835,7.7505836,6.7305837,0.5405835,4.1005836,1.1005836,7.6505833,8.300584,10.260584,1.7305835,-1.0894165,-2.0594165,-2.1394165,-2.1194165,-0.6994165
-6.7194166,-5.0494165,-3.4194164,-3.5894165,-0.7894165,-0.3594165,1.9905835,0.9605835,1.8605835,1.7905835,1.5405835,2.3605835,-0.4694165,3.7405834,3.8805835,5.4305835,5.1305833,4.8105836,5.1705837,5.3605833,6.1405835,6.1205835,8.140583,10.320583,9.900583,9.370584,8.580584,6.8305836,8.170584,7.7205834,2.4405835,-0.0994165,-1.0994165,1.3705835,-2.8794165,-2.4694166,-0.4594165,-4.2094164,-2.8394165,-1.9994165,-1.2994165
-3.5294166,-3.2794166,-2.6194165,-1.3794165,-0.10941651,2.1605835,3.3005836,2.2005835,2.9905834,3.3605835,2.3405836,2.8205836,2.5405836,4.5605836,3.1805835,4.8305836,4.7505836,5.4005833,6.1405835,6.5005836,6.8305836,7.4305835,8.580584,9.450583,10.780583,10.850583,10.530583,7.0705833,6.8405833,7.8505836,7.6105833,1.7005835,4.0105834,5.7405834,3.7305834,2.6305835,1.4505835,-2.8994164,-2.8594165,-0.009416504,-0.9794165
-3.0094166,-2.3894165,-1.2994165,-1.4294165,-0.6694165,-0.2794165,0.2005835,0.7805835,1.7305835,2.6505835,3.9005835,4.7905836,4.5905833,5.0905833,4.1305833,4.0005836,5.1205835,4.9805837,3.6005836,6.4305835,7.5805836,9.200583,9.6605835,10.150583,9.060583,9.520583,11.200583,9.470584,6.3505836,6.8305836,7.7105837,9.330584,6.3105836,6.6705837,9.050584,6.5305834,1.0505835,-1.1494164,-1.0294166,-1.2194165,-1.6394165
-1.3994164,-1.1594166,-1.1394165,-0.1894165,-0.38941652,0.2805835,0.6605835,0.9905835,1.4305835,2.5905836,3.2205834,4.1305833,3.9705834,3.3405836,3.1405835,1.9705834,3.5105834,6.5305834,5.5405836,6.4105835,9.730583,10.470584,8.580584,7.8005834,9.670584,7.2905836,6.7505836,10.940583,8.430584,8.600583,7.9205837,6.3205833,5.3405833,5.6605835,2.7905836,-3.3894165,-1.4794165,4.5505834,-0.7594165,1.9605834,-1.2594165
0.060583495,1.2005835,0.69058347,0.9505835,0.4905835,0.36058348,0.040583495,0.3205835,0.7205835,1.3405834,2.1705835,2.3105836,2.9005835,2.8105836,2.6705835,1.8905835,4.6005836,6.1205835,7.2805834,6.4405837,6.6805835,7.0305834,9.460584,9.580584,6.5505834,7.4505835,7.4705834,6.6005836,9.130584,7.2905836,7.8705835,5.4605837,5.5505834,5.7505836,5.1105833,1.9605834,-0.3994165,0.6805835,-1.3494165,-0.089416504,0.4605835
3.4805834,1.9205835,2.8505836,2.9605834,2.5705836,1.9605834,2.2505834,2.4205835,2.0105834,1.8005835,2.6705835,3.2905836,1.8105835,3.2105834,-0.1894165,2.5105834,3.5805836,5.1305833,7.2005835,7.8705835,6.8405833,6.9305835,8.250584,7.3005834,8.880584,6.2405834,5.9605837,6.2505836,7.4405837,10.020583,7.1805835,6.8505836,4.9105835,3.7605834,7.2105837,5.3305836,1.7205834,-1.1794165,-0.2894165,0.1705835,1.3105835
3.1605835,2.8105836,3.2405834,4.8605833,3.5905836,3.8405836,3.8605835,3.2405834,3.5605836,3.0205834,3.7105834,4.7705836,2.3405836,3.6405835,2.8805835,2.0605836,2.4605834,5.2105837,6.4505835,7.9105835,6.7205834,5.4005833,6.7305837,7.4305835,6.9605837,8.360583,6.3105836,7.9105835,8.250584,6.9705834,9.610583,6.6405835,5.0905833,3.4905834,4.2805834,5.3705835,0.2605835,-0.4894165,0.7105835,0.1405835,0.5905835
2.0205834,2.6805835,3.1705835,5.5105834,4.0405836,3.0205834,3.5105834,3.6605835,4.2005835,3.7705834,3.8705835,3.9005835,3.4705834,3.6905835,2.9905834,1.5805835,1.9605834,4.3805833,5.8305836,6.6005836,6.3605833,4.4505835,6.3305836,4.5805836,6.5505834,5.5405836,6.5005836,6.0705833,8.4105835,3.1305835,7.3905835,7.3305836,4.1605835,0.7805835,3.0605836,2.9705834,2.9505835,-0.9294165,-1.7194165,-1.5294166,-1.0994165
1.6405835,3.2805834,2.6405835,4.6805835,5.0205836,3.3105836,3.5405836,2.5105834,4.5005836,2.9505835,2.9405835,3.5205834,4.1705837,2.8005836,3.5405836,2.1105835,1.0905834,4.2705836,5.0205836,5.7105837,6.1605835,4.3105836,3.2305834,3.5805836,4.7405834,2.9505835,1.4305835,2.6005836,3.8605835,3.1505835,3.1905835,6.3405833,2.1005836,2.3705835,4.5605836,1.3705835,-0.8694165,0.3505835,-2.4994166,-1.1294165,-1.4894165
1.5705835,2.8405836,3.7505834,3.5405836,6.1905837,4.7805834,3.6705835,3.2405834,4.0505834,3.5905836,2.3305836,3.7205834,2.9105835,3.6705835,2.8505836,2.3405836,1.1105835,4.0005836,4.6805835,4.8105836,6.5905833,5.5505834,-1.3194165,2.1005836,-1.3594165,-1.8894165,-0.4994165,3.7605834,2.2405834,2.9805834,4.0105834,-0.029416503,-1.4894165,3.3505836,7.8105836,-0.99941653,-1.7294165,-2.5094166,-2.1194165,-1.8194165,-0.5994165
0.6505835,2.7105834,4.8005834,4.2805834,5.4505835,3.4005835,2.6105835,2.4805834,5.6805835,2.9405835,2.2405834,3.3005836,2.7605834,1.9005835,3.2605834,0.5905835,2.5105834,4.2805834,4.2205834,4.0105834,4.7105837,4.3905835,2.0905836,0.5305835,-0.2894165,0.090583496,-1.7694165,1.6805835,1.0805835,3.6805835,-1.0194165,-1.4694165,-4.0194163,4.5105834,-2.8794165,-3.7794166,-2.5794165,-2.5094166,-3.7794166,-2.0494165,-0.23941651
