wind_kz.json
{"header": {"discipline":0,"disciplineName":"Meteorological products","gribEdition":2,"gribLength":948,"center":7,"centerName":"US National Weather Service - NCEP(WMC)","subcenter":0,"refTime":"2023-08-25T00:00:00.000Z","significanceOfRT":1,"significanceOfRTName":"Start of forecast","productStatus":0,"productStatusName":"Operational products","productType":1,"productTypeName":"Forecast products","productDefinitionTemplate":0,"productDefinitionTemplateName":"Analysis/forecast at horizontal level/layer at a point in time","parameterCategory":0,"parameterCategoryName":"UnknownDiscipline_0_Category_0","parameterNumber":0,"parameterNumberName":"UnknownParameter_D0_C0_0","parameterUnit":"Unknown","genProcessType":2,"genProcessTypeName":"Forecast","forecastTime":300,"surface1Type":1,"surface1TypeName":"Ground or water surface","surface1Value":0.0,"surface2Type":255,"surface2TypeName":"Missing","surface2Value":0.0,"gridDefinitionTemplate":0,"gridDefinitionTemplateName":"Latitude_Longitude","numberPoints":615,"shape":6,"shapeName":"Earth spherical with radius of 6,371,229.0 m","gridUnits":"degrees","resolution":48,"winds":"true","scanMode":64,"nx":41,"ny":15,"basicAngle":0,"lo1":47.0,"la1":41.0,"lo2":87.0,"la2":55.0,"dx":1.0,"dy":1.0}, "data":
[rows 0 to 14 of 15, columns 0 to 40 of 41]
314.9444,300.9444,307.04437,299.14438,298.64438,297.9444,311.3444,317.14438,313.14438,312.14438,310.9444,313.7444,313.04437,314.04437,313.64438,311.8444,310.64438,309.14438,309.3444,308.8444,309.9444,305.2444,305.9444,302.04437,306.14438,308.3444,302.14438,287.7444,287.14438,284.4444,284.04437,282.04437,299.04437,307.04437,307.8444,306.8444,307.14438,306.8444,306.4444,306.8444,305.7444
290.9444,307.04437,298.54437,298.8444,298.9444,298.04437,318.4444,314.4444,312.3444,312.14438,313.04437,310.7444,310.14438,309.4444,309.54437,309.8444,309.3444,308.54437,306.54437,306.54437,306.14438,305.54437,302.7444,294.3444,287.14438,286.04437,294.8444,288.3444,289.9444,281.8444,288.4444,278.64438,277.3444,261.4444,286.04437,303.3444,301.2444,303.9444,307.04437,296.9444,287.54437
306.8444,298.04437,298.7444,298.64438,297.8444,315.9444,313.9444,313.54437,311.4444,309.4444,307.8444,308.8444,306.54437,308.8444,308.14438,307.54437,306.3444,305.14438,304.9444,304.7444,304.8444,305.04437,301.9444,296.9444,300.7444,298.9444,299.7444,298.54437,295.64438,286.9444,278.2444,280.8444,286.64438,288.04437,290.54437,291.7444,281.3444,282.8444,285.04437,281.2444,283.4444
307.04437,298.64438,298.7444,297.9444,301.14438,312.04437,312.4444,308.8444,309.04437,308.64438,307.14438,304.3444,294.4444,293.7444,307.2444,307.4444,305.64438,305.3444,305.3444,304.4444,302.04437,297.64438,302.3444,302.04437,302.2444,302.64438,303.14438,299.8444,299.3444,298.8444,299.2444,295.14438,301.3444,302.3444,300.7444,296.2444,284.3444,284.54437,287.4444,297.64438,301.14438
307.8444,297.9444,298.3444,297.9444,303.2444,310.9444,310.8444,313.3444,311.4444,310.2444,307.3444,303.2444,294.04437,292.8444,291.8444,305.54437,305.3444,302.64438,301.8444,303.3444,304.04437,303.64438,301.64438,301.14438,301.54437,301.64438,300.8444,297.54437,298.7444,298.4444,301.3444,296.54437,284.9444,276.4444,288.9444,298.2444,297.7444,304.54437,303.54437,303.9444,301.54437
309.9444,306.54437,295.8444,296.8444,297.64438,297.14438,311.9444,310.54437,309.3444,308.4444,307.04437,305.4444,295.04437,293.7444,297.4444,300.3444,302.9444,302.04437,301.54437,302.4444,302.7444,302.54437,300.4444,298.7444,298.9444,298.2444,299.8444,292.4444,299.04437,299.8444,298.14438,299.54437,297.04437,295.7444,293.8444,294.54437,286.54437,289.8444,298.14438,303.2444,298.8444
306.9444,308.9444,309.14438,311.04437,303.9444,308.3444,311.14438,308.3444,307.2444,306.04437,304.9444,303.2444,301.9444,301.8444,300.4444,300.4444,300.3444,300.9444,299.64438,300.3444,300.04437,299.3444,296.7444,297.2444,295.3444,295.04437,296.3444,297.64438,296.54437,296.3444,296.04437,295.8444,296.04437,296.64438,295.9444,293.8444,288.8444,287.64438,284.14438,284.14438,294.64438
304.9444,306.54437,307.14438,308.14438,309.8444,311.04437,309.64438,306.54437,304.7444,303.9444,302.8444,301.8444,300.64438,299.9444,300.3444,300.14438,299.8444,299.2444,298.3444,295.8444,294.7444,292.04437,290.7444,291.3444,292.64438,287.4444,290.04437,290.14438,288.4444,289.8444,289.7444,290.14438,287.3444,287.9444,287.04437,290.54437,293.3444,289.54437,296.04437,293.8444,292.8444
305.64438,305.4444,305.54437,305.7444,307.04437,308.04437,306.9444,305.4444,303.2444,301.54437,300.2444,299.54437,298.7444,299.3444,298.4444,299.04437,297.54437,297.54437,296.3444,294.8444,288.7444,290.14438,288.04437,291.04437,290.64438,287.54437,286.14438,284.2444,284.4444,282.3444,282.8444,283.14438,284.7444,285.9444,284.9444,283.9444,287.8444,289.7444,281.3444,279.3444,276.8444
304.2444,304.3444,304.7444,305.4444,305.8444,305.64438,304.9444,302.7444,301.14438,299.4444,297.64438,296.54437,296.8444,296.54437,296.04437,295.9444,295.64438,295.4444,295.2444,294.4444,289.54437,287.14438,286.2444,288.8444,288.3444,287.04437,285.2444,285.3444,285.14438,283.2444,281.64438,283.2444,286.04437,286.04437,285.04437,284.2444,283.2444,283.54437,281.4444,280.9444,280.04437
301.8444,301.64438,301.4444,301.2444,301.14438,301.2444,301.3444,301.4444,299.7444,298.3444,297.04437,295.2444,295.8444,293.9444,294.14438,293.54437,289.3444,290.7444,293.2444,287.8444,287.3444,286.7444,284.9444,287.2444,283.14438,286.3444,283.64438,285.64438,284.7444,283.64438,284.54437,284.4444,284.7444,285.2444,285.14438,283.9444,280.8444,280.64438,282.64438,282.3444,280.8444
301.2444,302.04437,301.8444,300.4444,298.64438,297.8444,296.64438,296.9444,296.8444,296.04437,293.04437,292.9444,293.4444,291.9444,290.9444,290.9444,287.8444,287.3444,287.64438,287.04437,288.2444,284.7444,286.9444,286.7444,286.14438,286.2444,285.3444,285.54437,286.4444,285.64438,284.9444,284.3444,283.14438,282.9444,283.3444,285.3444,285.7444,285.4444,283.8444,284.8444,284.2444
296.7444,299.04437,300.2444,299.9444,298.14438,296.8444,297.54437,297.9444,296.14438,294.3444,290.64438,290.4444,292.64438,289.64438,289.64438,289.3444,290.04437,286.7444,286.3444,285.9444,284.7444,283.4444,282.64438,283.2444,285.9444,286.14438,287.2444,286.4444,286.8444,286.14438,285.04437,285.8444,285.3444,284.7444,283.14438,282.54437,283.04437,283.4444,284.2444,285.64438,285.2444
301.14438,300.7444,294.9444,300.8444,300.8444,299.14438,297.4444,293.8444,293.9444,293.7444,288.7444,287.3444,290.7444,290.4444,289.64438,288.9444,288.3444,286.9444,287.64438,285.64438,285.9444,285.14438,283.7444,284.8444,286.04437,286.2444,287.4444,287.7444,286.8444,285.7444,286.4444,286.9444,285.64438,282.7444,283.14438,281.54437,281.64438,281.64438,281.54437,281.14438,285.4444
297.2444,300.4444,290.9444,300.04437,299.7444,296.8444,295.3444,294.04437,293.64438,288.54437,289.9444,284.4444,286.2444,287.54437,290.14438,290.04437,289.4444,288.9444,288.4444,285.64438,286.14438,284.54437,285.9444,283.8444,285.04437,285.3444,286.2444,285.3444,284.9444,285.8444,285.4444,284.2444,284.54437,284.14438,283.64438,282.04437,280.8444,280.3444,281.2444,281.64438,283.54437
