wind_kz.json
{"header": {"discipline":0,"disciplineName":"Meteorological products","gribEdition":2,"gribLength":871,"center":7,"centerName":"US National Weather Service - NCEP(WMC)","subcenter":0,"refTime":"2023-09-27T06:00:00.000Z","significanceOfRT":1,"significanceOfRTName":"Start of forecast","productStatus":0,"productStatusName":"Operational products","productType":1,"productTypeName":"Forecast products","productDefinitionTemplate":0,"productDefinitionTemplateName":"Analysis/forecast at horizontal level/layer at a point in time","parameterCategory":0,"parameterCategoryName":"UnknownDiscipline_0_Category_0","parameterNumber":0,"parameterNumberName":"UnknownParameter_D0_C0_0","parameterUnit":"Unknown","genProcessType":2,"genProcessTypeName":"Forecast","forecastTime":180,"surface1Type":1,"surface1TypeName":"Ground or water surface","surface1Value":0.0,"surface2Type":255,"surface2TypeName":"Missing","surface2Value":0.0,"gridDefinitionTemplate":0,"gridDefinitionTemplateName":"Latitude_Longitude","numberPoints":615,"shape":6,"shapeName":"Earth spherical with radius of 6,371,229.0 m","gridUnits":"degrees","resolution":48,"winds":"true","scanMode":64,"nx":41,"ny":15,"basicAngle":0,"lo1":47.0,"la1":41.0,"lo2":87.0,"la2":55.0,"dx":1.0,"dy":1.0}, "data":
[rows 0 to 14 of 15, columns 0 to 40 of 41]
288.8,280.59998,281.19998,293.39996,293.19998,292.39996,290.09998,291.49997,291.59998,294.3,294.8,295.49997,296.09998,297.09998,293.59998,291.3,291.59998,291.69998,290.59998,291.69998,292.59998,292.19998,292.19998,289.89996,290.8,289.99997,287.39996,277.39996,273.89996,274.19998,271.99997,274.99997,283.09998,289.49997,290.19998,290.39996,290.69998,290.19998,289.39996,288.69998,287.69998
267.3,282.59998,292.99997,293.09998,292.89996,291.59998,287.09998,288.09998,291.3,291.8,294.99997,293.89996,294.99997,292.8,288.99997,289.3,288.09998,287.49997,287.89996,289.39996,287.99997,292.39996,288.49997,283.59998,275.39996,272.89996,282.39996,277.39996,276.3,271.89996,277.3,261.69998,271.59998,250.79997,271.8,286.39996,284.99997,287.39996,290.49997,283.49997,283.69998
285.09998,292.8,293.09998,292.89996,290.99997,285.59998,285.89996,289.09998,289.49997,290.69998,289.99997,293.99997,291.99997,292.19998,292.69998,291.3,285.39996,285.49997,287.3,286.89996,292.39996,290.59998,288.39996,285.59998,288.3,287.69998,288.89996,288.89996,287.3,279.19998,270.99997,273.39996,277.89996,277.69998,280.09998,280.3,272.59998,273.89996,275.09998,270.49997,271.09998
284.59998,291.99997,292.89996,292.09998,289.99997,284.19998,286.39996,286.49997,290.49997,289.49997,290.69998,289.99997,290.39996,289.69998,288.89996,288.49997,287.89996,286.99997,284.59998,287.3,290.99997,284.39996,289.59998,290.99997,290.99997,292.49997,291.89996,289.99997,286.39996,287.49997,287.99997,284.99997,289.39996,287.39996,285.09998,283.8,271.49997,267.59998,274.19998,282.09998,285.69998
288.09998,291.19998,291.89996,290.99997,289.49997,286.39996,286.69998,287.49997,290.19998,290.3,288.69998,290.69998,289.3,288.09998,286.69998,289.89996,289.99997,289.09998,286.69998,289.8,289.09998,290.59998,289.69998,290.89996,289.89996,288.59998,286.59998,287.19998,286.89996,287.09998,288.3,285.3,275.19998,265.19998,276.59998,284.8,288.59998,288.99997,289.3,289.3,287.59998
286.3,285.09998,290.09998,291.09998,291.09998,290.69998,287.09998,288.19998,289.3,289.59998,289.69998,291.39996,289.3,289.09998,289.09998,289.19998,289.49997,287.99997,288.09998,287.99997,288.59998,288.99997,288.49997,287.69998,286.69998,285.49997,285.09998,287.3,286.49997,286.8,286.09998,287.3,286.09998,283.89996,283.09998,286.19998,278.39996,280.49997,286.39996,287.89996,286.8
285.19998,285.89996,286.89996,287.3,289.69998,287.39996,287.69998,289.19998,288.99997,289.99997,290.09998,291.49997,290.39996,288.69998,288.3,289.39996,288.09998,288.19998,287.89996,286.89996,286.49997,287.3,287.09998,286.8,284.69998,283.99997,282.89996,284.89996,284.39996,285.69998,285.3,285.09998,285.19998,286.69998,286.19998,284.59998,279.99997,275.59998,272.8,268.8,282.3
284.39996,287.39996,286.3,289.09998,290.99997,290.69998,289.19998,288.59998,288.59998,290.19998,291.19998,290.39996,287.69998,288.3,288.09998,287.69998,286.89996,287.39996,286.8,284.19998,283.69998,283.89996,283.99997,284.39996,283.3,279.69998,280.89996,282.19998,281.19998,282.89996,281.8,282.19998,282.19998,279.89996,280.69998,281.8,283.8,285.89996,282.49997,280.59998,280.39996
284.8,286.99997,288.09998,287.19998,288.89996,290.09998,287.99997,288.89996,289.39996,288.99997,288.89996,288.89996,286.59998,287.49997,286.59998,286.69998,286.3,286.19998,285.19998,283.89996,281.59998,281.09998,281.99997,281.99997,280.8,281.59998,278.89996,279.49997,278.49997,277.09998,278.19998,278.49997,278.99997,280.59998,279.8,279.69998,280.3,279.89996,269.39996,270.99997,269.39996
284.39996,286.59998,284.89996,285.19998,285.39996,288.39996,288.99997,288.99997,287.99997,287.19998,288.09998,286.19998,286.89996,286.3,285.39996,285.19998,284.99997,284.8,284.49997,283.89996,282.49997,282.09998,282.09998,281.69998,281.3,280.3,279.99997,279.89996,279.3,278.19998,278.09998,279.69998,281.09998,281.3,280.8,280.59998,279.19998,276.39996,271.99997,270.49997,269.59998
283.89996,284.8,285.09998,286.69998,283.59998,287.99997,288.49997,289.39996,286.49997,288.49997,285.69998,285.3,285.69998,284.3,284.59998,285.09998,284.99997,285.59998,285.49997,284.39996,283.89996,282.8,281.89996,281.69998,280.59998,280.49997,278.3,279.89996,278.49997,279.69998,279.99997,280.69998,280.89996,281.39996,280.8,279.49997,277.69998,275.09998,274.09998,274.39996,271.89996
282.8,284.89996,284.59998,284.09998,285.59998,286.99997,287.8,284.8,288.39996,286.69998,284.3,283.09998,284.09998,283.49997,283.59998,284.59998,284.8,284.89996,284.89996,284.59998,283.49997,281.99997,281.49997,280.99997,280.59998,280.99997,281.09998,280.99997,280.59998,279.89996,278.8,278.99997,279.89996,278.09998,279.19998,279.09998,278.39996,278.19998,278.3,278.09998,277.39996
281.59998,282.09998,283.59998,284.89996,283.8,285.8,285.49997,286.39996,285.19998,284.49997,281.19998,279.59998,282.69998,281.49997,282.39996,283.99997,284.49997,284.59998,284.8,284.09998,283.8,281.49997,280.59998,280.39996,281.09998,282.49997,282.89996,281.19998,280.59998,279.19998,279.3,279.19998,278.3,278.09998,278.59998,278.99997,278.09998,278.3,276.39996,275.49997,276.39996
280.99997,283.8,284.3,282.99997,282.89996,284.19998,284.49997,285.3,285.19998,285.39996,282.49997,280.19998,280.99997,282.39996,282.99997,283.3,283.99997,283.8,283.8,283.89996,283.49997,283.19998,283.59998,283.59998,283.69998,283.39996,282.89996,282.69998,281.39996,280.69998,279.99997,279.09998,278.39996,277.49997,277.59998,275.99997,277.19998,277.39996,275.99997,274.99997,273.89996
281.99997,285.09998,285.39996,283.3,284.19998,284.3,285.59998,283.59998,285.89996,285.09998,284.39996,282.19998,281.39996,281.59998,283.3,283.69998,283.39996,282.99997,283.3,283.89996,283.99997,283.8,283.3,283.09998,283.09998,283.09998,283.69998,283.09998,283.09998,282.39996,281.69998,281.99997,279.89996,279.3,278.59998,278.39996,278.19998,277.3,276.39996,275.69998,275.39996
