wind_kz.json
{"header": {"discipline":0,"disciplineName":"Meteorological products","gribEdition":2,"gribLength":1102,"center":7,"centerName":"US National Weather Service - NCEP(WMC)","subcenter":0,"refTime":"2024-04-06T18:00:00.000Z","significanceOfRT":1,"significanceOfRTName":"Start of forecast","productStatus":0,"productStatusName":"Operational products","productType":1,"productTypeName":"Forecast products","productDefinitionTemplate":0,"productDefinitionTemplateName":"Analysis/forecast at horizontal level/layer at a point in time","parameterCategory":2,"parameterCategoryName":"UnknownDiscipline_0_Category_2","parameterNumber":2,"parameterNumberName":"UnknownParameter_D0_C2_2","parameterUnit":"Unknown","genProcessType":2,"genProcessTypeName":"Forecast","forecastTime":180,"surface1Type":103,"surface1TypeName":"Specified height level above ground","surface1Value":10.0,"surface2Type":255,"surface2TypeName":"Missing","surface2Value":0.0,"gridDefinitionTemplate":0,"gridDefinitionTemplateName":"Latitude_Longitude","numberPoints":615,"shape":6,"shapeName":"Earth spherical with radius of 6,371,229.0 m","gridUnits":"degrees","resolution":48,"winds":"true","scanMode":64,"nx":41,"ny":15,"basicAngle":0,"lo1":47.0,"la1":41.0,"lo2":87.0,"la2":55.0,"dx":1.0,"dy":1.0}, "data":
[rows 0 to 14 of 15, columns 0 to 40 of 41]
0.85446775,-0.44553223,-1.0655322,-1.5855322,0.8144678,2.2244678,4.814468,4.2844677,5.894468,5.6944675,6.294468,4.214468,3.9144678,4.124468,4.454468,4.144468,3.2644677,4.794468,-1.2455323,1.2944678,-0.6855322,0.10446777,2.084468,0.6944678,-0.77553225,1.3444678,3.0044677,1.0644678,0.33446777,-1.3855323,-2.6055322,2.3144677,0.044467773,-1.9055322,-3.7555323,-3.3155322,-3.6055322,-2.4755323,-1.8855323,-1.8155322,-0.5755322
-1.4255322,-1.7155322,3.7044678,4.184468,1.2944678,2.7944677,3.9144678,5.254468,6.334468,4.934468,5.664468,3.8844678,6.1344676,1.9844677,0.78446776,2.1444678,3.0344677,3.834468,1.4244678,0.84446776,1.2344677,-0.33553222,3.0444677,2.1044679,-0.06553223,0.24446778,0.60446775,-0.58553225,-0.48553222,-0.52553225,0.54446775,0.34446776,-0.06553223,0.52446777,0.78446776,1.4744678,1.7444677,0.78446776,1.1244677,-1.9155322,-1.1555322
4.954468,8.604467,10.014468,4.354468,3.9044678,2.8544679,3.9444678,3.5444677,5.1344676,2.7644677,1.4144678,3.1444678,3.8744678,1.1244677,1.8044678,3.1344678,4.8444676,4.4044676,3.9444678,2.8944678,2.6244678,2.9844677,2.3144677,2.9744678,0.23446777,0.78446776,-0.8155322,1.1844678,1.7644677,0.73446774,0.71446776,-1.7455323,-0.90553224,0.5744678,-0.5755322,0.59446776,-1.5655322,-0.16553223,-1.8555322,-0.32553223,0.48446777
7.294468,6.434468,7.234468,5.3844676,3.8744678,4.5744677,2.6744678,4.1344676,3.2044678,2.834468,3.1644678,2.9244678,2.3844678,2.5144677,2.0144677,3.7044678,5.0144677,4.9244676,4.544468,3.4844677,2.5244677,3.0744677,0.2844678,3.0544677,4.5744677,2.834468,3.5944679,4.1144676,7.0344677,4.214468,2.2744677,2.6544678,2.7444677,-0.25553223,-1.2155322,1.6244677,-1.0255322,0.9244678,-1.3855323,-0.20553222,-2.8455322
7.4044676,5.8644676,6.0944676,5.714468,6.334468,5.9944677,4.2444677,5.064468,4.2644677,3.9844677,3.4844677,3.6244678,3.5144677,2.8744678,2.9644678,3.9944677,3.0744677,4.7844677,4.2644677,5.024468,4.3644676,5.504468,6.394468,5.774468,3.4344678,0.5044678,2.9044678,0.15446778,2.7944677,2.6044679,3.4444678,3.0944679,2.0144677,-0.11553223,-2.1355321,-1.5755322,-3.6755323,-3.6055322,-2.8155322,-1.6955322,-0.6255322
7.1144676,6.0144677,4.774468,6.854468,4.544468,4.7244678,5.3644676,4.254468,4.524468,3.6344678,3.5544677,3.2044678,2.4744678,1.3444678,2.4344678,2.834468,3.9444678,4.604468,5.5544677,4.6544676,5.414468,6.184468,5.874468,4.234468,2.4044678,0.22446777,-0.33553222,-0.9955322,0.10446777,1.4444678,-0.23553222,0.8744678,1.6244677,1.8144678,0.9344678,-6.295532,-0.07553223,-3.915532,-2.2055323,0.044467773,-0.8155322
6.914468,5.464468,6.5744677,5.794468,5.394468,4.184468,3.4544678,3.2944677,5.1144676,4.6744676,4.024468,3.7344677,3.1744678,2.8944678,2.9144678,2.6744678,3.3944678,3.9044678,2.6044679,2.9944677,3.5444677,3.7944677,3.8944678,2.7744677,1.1244677,-0.20553222,-0.91553223,-1.5755322,-1.4055322,-0.8055322,-6.225532,-7.855532,-6.7555323,-7.705532,-6.285532,-1.4155322,-0.07553223,1.2244678,-3.7755322,1.3644677,-0.7555322
5.8844676,5.254468,7.5544677,6.2444677,6.4244676,6.5944676,2.6044679,3.0144677,5.354468,4.714468,3.6744678,3.7344677,3.5644677,2.5644677,1.7144678,1.5844678,0.22446777,-0.84553224,-0.19553223,1.3444678,2.9344678,2.1344678,1.3344678,1.2444677,2.3544679,2.0644677,0.91446775,-0.9955322,-1.4255322,-1.4155322,-1.7555323,-3.8555322,-0.52553225,-0.6155322,-1.2855322,-4.8455324,-5.7555323,-2.0155323,-10.545532,-10.395533,-4.0755324
7.2844677,7.2244678,5.964468,7.584468,5.044468,4.0944676,3.2844677,2.4444678,4.584468,4.544468,2.9044678,3.1744678,3.5944679,2.0044677,1.9844677,0.9244678,0.85446775,0.8944678,-0.42553222,0.72446775,3.8144677,4.2844677,1.6744678,-0.26553223,0.6244678,2.1944678,1.8544677,1.9444678,0.11446777,0.9944678,0.8644678,1.6144677,1.5744678,-1.1255323,-4.185532,-5.2355323,-2.7555323,1.0644678,-1.9855323,-0.4655322,-0.8255322
6.6944675,6.4744678,6.7644677,5.9044676,4.6944675,5.274468,3.3244677,3.9244678,3.0044677,3.6344678,2.9144678,3.3544679,3.3744678,2.084468,2.334468,1.3744677,0.5744678,0.054467775,-0.44553223,-2.3155322,-2.0555322,-1.0855322,-2.2755322,-1.1455323,-0.5555322,-1.1155323,2.0344677,2.2244678,2.0644677,0.83446777,0.6844678,1.2944678,-0.4655322,-2.1255322,-1.7855322,-2.8855321,-1.2855322,-1.4955323,-0.44553223,0.2544678,-1.1355323
6.124468,6.1144676,5.754468,4.0944676,3.334468,4.274468,3.5144677,1.0444678,-0.25553223,3.4744678,2.6744678,3.2244678,2.4844677,2.8444679,1.8144678,1.5844678,1.3844677,0.6744678,1.0044677,1.0244678,-1.5255322,-1.1555322,-1.2955322,-0.14553222,-1.6755322,-0.59553224,0.6144678,1.0344678,2.0344677,0.34446776,-0.045532227,-1.7155322,-1.9755322,-0.8155322,-0.10553223,-1.5055323,-0.52553225,0.5744678,0.084467776,-0.33553222,-0.33553222
5.2444677,4.5544677,6.0144677,5.334468,2.2244678,3.4144678,2.7344677,1.7744678,1.0044677,1.3344678,3.2644677,3.2644677,2.3544679,2.2744677,1.8744677,1.9144678,1.8644677,1.2044678,1.6944678,3.0544677,1.3044678,2.2644677,2.0744677,1.4344678,1.5744678,1.0344678,2.3544679,1.3244678,1.3444678,1.1944678,0.014467773,-0.37553224,-0.97553223,0.6744678,0.84446776,1.2144678,-0.045532227,-0.90553224,-0.71553224,-0.6955322,-0.59553224
3.7644677,2.584468,4.7244678,1.9544678,2.6444678,1.6144677,0.084467776,0.77446777,1.6244677,1.9144678,2.5244677,2.9544678,2.2944677,1.9844677,1.0744678,0.90446776,1.3644677,1.2744678,0.83446777,1.3044678,1.4944677,1.9644678,2.6244678,2.3144677,2.9044678,2.6444678,2.3244677,2.1644678,2.4144678,1.6244677,1.6044677,1.5444678,0.29446778,1.7444677,2.0044677,2.4944677,1.9744678,1.0944678,1.0944678,0.53446776,0.60446775
3.9844677,3.2144678,1.6344677,0.73446774,0.10446777,-0.9455322,0.44446778,2.2344677,-0.25553223,2.4944677,0.71446776,1.9344678,1.3344678,1.0944678,-0.40553224,-1.7755322,-1.8555322,-1.4855323,-0.9355322,-0.6155322,1.3744677,2.3044677,2.3844678,2.834468,2.8444679,2.2444677,1.5244678,2.5044677,2.5744677,2.6844678,2.9644678,3.1144679,2.6444678,2.3144677,2.6544678,2.8244677,2.3044677,2.0444677,1.9044678,2.9344678,1.3044678
3.2544677,2.6544678,0.8144678,0.60446775,-0.38553223,-1.4155322,-0.13553223,1.5544678,-0.96553224,-0.66553223,0.30446777,-0.6355322,-0.40553224,-0.6255322,-1.6555322,-1.9055322,-1.7255322,-1.9755322,-1.9255322,-1.7955322,-1.9755322,-1.6555322,-1.3555322,0.044467773,1.6744678,2.2644677,2.7044678,2.5744677,2.6544678,2.9244678,2.9444678,3.4044678,4.254468,4.254468,4.2444677,4.4244676,2.7844677,3.9644678,3.0044677,3.0344677,-1.3655323
