wind.json
{"header": {"discipline":0,"disciplineName":"Meteorological products","gribEdition":2,"gribLength":1211,"center":7,"centerName":"US National Weather Service - NCEP(WMC)","subcenter":0,"refTime":"2023-07-01T12:00:00.000Z","significanceOfRT":1,"significanceOfRTName":"Start of forecast","productStatus":0,"productStatusName":"Operational products","productType":1,"productTypeName":"Forecast products","productDefinitionTemplate":0,"productDefinitionTemplateName":"Analysis/forecast at horizontal level/layer at a point in time","parameterCategory":2,"parameterCategoryName":"UnknownDiscipline_0_Category_2","parameterNumber":2,"parameterNumberName":"UnknownParameter_D0_C2_2","parameterUnit":"Unknown","genProcessType":2,"genProcessTypeName":"Forecast","forecastTime":120,"surface1Type":103,"surface1TypeName":"Specified height level above ground","surface1Value":10.0,"surface2Type":255,"surface2TypeName":"Missing","surface2Value":0.0,"gridDefinitionTemplate":0,"gridDefinitionTemplateName":"Latitude_Longitude","numberPoints":688,"shape":6,"shapeName":"Earth spherical with radius of 6,371,229.0 m","gridUnits":"degrees","resolution":48,"winds":"true","scanMode":64,"nx":43,"ny":16,"basicAngle":0,"lo1":45.0,"la1":40.0,"lo2":87.0,"la2":55.0,"dx":1.0,"dy":1.0}, "data":
[rows 0 to 15 of 16, columns 0 to 42 of 43]
-4.1704955,-3.0804956,-3.8904955,-3.5804956,-7.370496,-3.8204956,-0.09049561,1.7795044,5.5695043,3.2795043,-1.9904956,-2.4904957,-2.3604956,0.8295044,-0.5204956,-0.73049563,-1.2204956,-2.2104957,-1.4504956,-1.5804956,-2.4904957,-0.2104956,-3.7704957,-1.2204956,4.0595045,4.3095045,3.0495043,0.2795044,-0.010495606,2.7895043,1.8495044,2.6295044,7.899504,6.4895043,1.2395043,2.8395045,3.2695043,0.5095044,1.6695044,1.0695044,0.9995044,-0.6104956,-2.7504957
-1.6604956,-7.7104955,-1.4204956,-0.8004956,-3.0704956,-0.1504956,0.9895044,1.7795044,5.879504,4.7395043,-2.9104955,-0.3204956,1.7495044,-0.1804956,-2.2104957,0.4795044,0.049504396,-2.0604956,-2.4904957,-0.9304956,-1.5704956,-1.7804956,-0.2804956,-0.79049563,2.6495044,6.0095043,7.3895044,5.0295043,6.879504,7.3495045,6.169504,2.8695045,3.3295045,2.0595045,-1.7204956,5.3695045,5.1995044,1.5795044,4.1795044,5.5595045,4.7895045,2.9295044,-1.4404956
-3.3404956,0.5795044,0.3095044,-4.7704954,-2.2304957,-0.6204956,2.4195044,3.2295043,-3.0004957,-2.3904955,-0.9304956,-0.3604956,-2.2104957,-3.5904956,-3.1404955,-1.6104956,0.6195044,-1.7104956,-0.0804956,-1.5804956,-2.3104956,-1.1504956,-0.2604956,1.5995044,3.0395043,2.9595044,1.6195045,-0.3204956,1.9995044,4.2595043,5.7595043,4.109504,3.8295045,2.4595044,4.3095045,-0.3204956,-0.2404956,3.7595043,3.8595045,5.2195044,3.5595045,2.6495044,-2.2204957
-0.98049563,-2.1404955,-7.7604957,-4.6604958,-3.0804956,-0.3204956,2.6795044,7.3095045,-0.7004956,0.9395044,-1.4204956,-2.1004956,-2.5104957,-4.2204957,-4.2404957,1.2995044,2.0395043,0.1795044,-0.13049561,1.5595044,-2.7504957,-2.0104957,0.0995044,1.4395044,-3.4004955,1.4295044,3.3695045,6.4095044,1.3895044,-3.7804956,-5.9904957,0.6395044,-1.0304956,0.6495044,0.7395044,0.8295044,1.7395043,-4.5904956,-1.1704956,-3.0504956,-0.5304956,-1.1904956,1.1695044
-7.2904954,-9.620496,-8.150496,-5.1504955,-3.0804956,0.4695044,6.129504,0.9995044,1.0895044,-0.2604956,-0.9604956,1.8095044,-0.5304956,-6.5304956,-2.1404955,2.1995044,3.4895043,2.1195045,-2.1504955,-1.8904957,-2.1204956,-1.0404956,0.4895044,-0.7804956,3.3695045,2.0695045,5.9795046,3.0495043,6.0095043,-0.2004956,4.3895044,2.5195043,2.2195044,6.2795043,11.119504,12.699505,12.279505,9.269505,1.8595043,0.4795044,-3.4204955,-2.8904955,-0.98049563
-6.6604958,-6.4304957,-5.5504956,-3.7404957,-3.3604956,-2.1404955,-0.8604956,-2.1204956,0.3995044,0.34950438,0.6795044,-0.6404956,-0.7104956,-4.0304956,-0.020495605,0.9895044,5.1995044,-2.1104956,-2.1204956,-2.2604957,-1.6404957,-2.4204955,-1.6104956,-1.1704956,-0.6104956,0.7395044,1.9595044,-0.020495605,-1.2404956,-2.0604956,3.6495044,-0.2004956,7.169504,4.4495044,5.1895046,2.8295045,-0.4204956,-0.8404956,12.009504,-6.8404956,-5.1804957,-2.2804956,-2.6704955
-5.0404954,-5.1604958,-5.620496,-2.0104957,-3.2804956,-1.7404956,0.9495044,0.8195044,2.7595043,1.6395044,1.2495044,-1.6904956,-4.8204956,4.9895043,1.2995044,3.3895044,1.7695044,-2.1104956,-2.8404956,-2.6004956,-1.5704956,-1.9404956,-1.5604956,-1.2404956,-1.2904956,-1.1104956,-0.79049563,0.9995044,1.6395044,1.2395043,4.2095046,3.0595045,5.859504,7.149504,6.9895043,-4.0004954,-0.2904956,-3.3504956,3.5295043,3.8395045,1.8195044,-1.4604956,-3.1104956
-4.6104956,-5.5704956,-3.9604957,-3.3404956,-3.4004955,-1.4204956,0.3095044,-2.4204955,0.009504395,1.0895044,2.9095044,0.009504395,-0.6004956,0.3395044,-0.7804956,-0.13049561,-1.5804956,-0.6304956,-2.2604957,-2.1704955,-0.2604956,-0.16049561,-1.5204957,-0.7104956,-0.40049562,1.5595044,-0.9204956,-0.3604956,2.1895044,4.169504,4.0295043,6.0895042,8.739505,4.2995043,7.7695045,4.3395042,-2.0504956,3.0395043,6.8895044,0.9095044,-0.6604956,0.70950437,1.0795044
-2.8204956,-1.8804955,-3.2304957,-2.8504956,-3.4304955,-2.2304957,-2.5004957,0.6795044,-0.79049563,-0.13049561,0.7895044,2.0695045,0.11950439,0.8095044,-1.9204956,-0.8404956,-1.0004956,2.4795043,1.0395044,1.2295043,-1.0104957,-0.5904956,-0.31049562,-1.0604956,0.19950439,1.1295044,-0.7704956,1.2195044,-0.7404956,8.349504,4.9695044,2.0095043,3.0495043,6.149504,1.1495044,0.16950439,-1.5704956,11.229505,-5.1604958,0.4795044,-3.8004956,-2.6404955,2.8095045
1.0495044,-0.3004956,0.5995044,-0.9504956,1.4295044,0.9995044,-1.8304956,-0.5104956,-1.8704956,-0.9204956,0.3995044,1.6495044,1.3195044,-0.2304956,-0.2504956,-0.98049563,-1.2004956,-0.2104956,-1.0804956,1.2795044,-4.5004954,1.5795044,0.049504396,0.2595044,-0.3904956,2.0195043,-2.2804956,-1.1304955,1.0895044,2.1095045,0.5995044,-0.4504956,0.7295044,-0.8804956,4.3695045,-1.1004956,2.1995044,1.2495044,0.9995044,-1.6604956,1.5095044,0.8495044,1.0095044
-1.8804955,1.1295044,0.2695044,-1.3404956,1.5495044,1.7495044,3.6095045,-0.2904956,-0.7704956,-0.5004956,0.8895044,2.5695045,4.5995045,4.1595044,4.129504,-0.2504956,-1.8004956,-2.1704955,1.0895044,0.9695044,-0.6804956,-5.1904955,-0.16049561,1.3695045,3.8695045,0.4195044,-2.7304957,-5.7004957,1.7095044,-3.2704957,-4.3004956,-0.2504956,0.7295044,4.0995045,-0.5804956,1.5495044,3.4995043,4.149504,-0.050495606,0.3395044,-2.0804956,0.40950438,2.5895045
-1.1804956,0.9795044,-1.0904956,-0.9204956,0.069504395,1.9795043,3.9695044,1.5395044,-2.5004957,-0.79049563,0.13950439,2.7195044,3.2395043,2.1495044,1.7695044,-2.0104957,-4.370496,-0.7504956,1.3895044,-1.1104956,-3.2704957,-1.5304956,-2.8704956,-0.4804956,2.3595045,-1.6004956,-3.3204956,0.6595044,-7.1604958,-3.0604956,-3.8604956,0.4495044,3.5095043,-1.2404956,-2.2704957,-0.8904956,3.1495044,4.9795046,-0.8204956,1.1495044,-0.060495604,-0.6004956,-2.9404955
-0.1504956,-0.4204956,0.109504394,-0.7704956,0.34950438,0.1595044,1.7395043,-1.0104957,1.9495044,0.5795044,0.6295044,1.1495044,3.5995045,3.2395043,-1.8904957,-4.0004954,0.029504394,1.6695044,-2.6604955,2.7595043,-0.8504956,-3.2504957,-0.3604956,0.08950439,1.4995044,0.6295044,-1.6104956,-0.7004956,-1.5704956,1.7895044,-3.1504955,-5.2604957,-1.3704956,0.13950439,3.1895044,-3.3604956,2.3595045,1.5495044,-2.7704957,-7.9304957,5.8295045,0.8195044,1.9695044
1.0895044,1.7395043,1.0795044,1.9695044,-0.1504956,0.4495044,0.8195044,1.4195044,0.8295044,3.0995045,2.8695045,0.13950439,2.3295045,-1.4604956,-1.3704956,4.8695045,-1.0304956,1.4595044,1.2895044,2.3795044,2.0995045,-0.5804956,0.7195044,0.1295044,1.2195044,-1.5504956,-0.1804956,-2.1404955,-4.4404955,-0.040495604,1.1395044,-5.2304955,-2.0904956,-0.37049562,-5.640496,3.7395043,4.419504,-2.2804956,-0.2804956,-1.2804956,-0.34049562,-2.9804957,-1.1504956
3.1195045,2.5995045,2.8695045,1.1795044,2.9795043,3.4495044,0.7595044,1.7195044,0.7195044,2.4195044,1.1495044,2.8995044,2.4895043,2.9395044,2.1995044,3.0995045,-1.4804956,1.8695045,2.7695043,0.9395044,1.4495044,-0.6104956,-0.79049563,-0.3504956,1.0895044,1.0395044,-0.8804956,0.6795044,-2.9904957,-3.0204957,-0.7804956,-5.2604957,-1.8604956,-0.8504956,-4.0904956,-0.050495606,-3.7304957,-1.9004956,-1.3904957,-2.1504955,-4.2804956,-2.4204955,-3.1004956
0.5995044,2.4395044,3.5795045,1.8395044,1.4695044,3.1495044,2.4595044,3.9595044,1.5395044,2.4195044,2.0595045,3.6095045,2.8995044,0.8495044,2.1695044,0.9395044,3.0695045,2.7195044,2.6595044,0.8195044,2.0595045,0.22950439,0.3995044,0.7895044,2.0895045,3.1795044,-1.7504956,-0.4604956,1.9895043,-4.2704954,-0.8204956,1.2995044,-3.5604956,-2.0604956,-5.7304955,-4.9604955,-2.2004957,-5.1504955,-2.7804956,-3.5404956,-1.9404956,-2.8804955,-3.0404956
