wind_kz.json
{"header": {"discipline":0,"disciplineName":"Meteorological products","gribEdition":2,"gribLength":1025,"center":7,"centerName":"US National Weather Service - NCEP(WMC)","subcenter":0,"refTime":"2023-09-30T00:00:00.000Z","significanceOfRT":1,"significanceOfRTName":"Start of forecast","productStatus":0,"productStatusName":"Operational products","productType":1,"productTypeName":"Forecast products","productDefinitionTemplate":0,"productDefinitionTemplateName":"Analysis/forecast at horizontal level/layer at a point in time","parameterCategory":2,"parameterCategoryName":"UnknownDiscipline_0_Category_2","parameterNumber":2,"parameterNumberName":"UnknownParameter_D0_C2_2","parameterUnit":"Unknown","genProcessType":2,"genProcessTypeName":"Forecast","forecastTime":240,"surface1Type":103,"surface1TypeName":"Specified height level above ground","surface1Value":10.0,"surface2Type":255,"surface2TypeName":"Missing","surface2Value":0.0,"gridDefinitionTemplate":0,"gridDefinitionTemplateName":"Latitude_Longitude","numberPoints":615,"shape":6,"shapeName":"Earth spherical with radius of 6,371,229.0 m","gridUnits":"degrees","resolution":48,"winds":"true","scanMode":64,"nx":41,"ny":15,"basicAngle":0,"lo1":47.0,"la1":41.0,"lo2":87.0,"la2":55.0,"dx":1.0,"dy":1.0}, "data":
[rows 0 to 14 of 15, columns 0 to 40 of 41]
0.50849426,-0.79150575,2.2684944,-0.7615057,-2.0415058,-2.3915057,-5.5915055,-6.7815056,-8.331506,-3.4315057,-4.5115056,-4.6615057,-5.061506,-4.3915057,-3.7515059,-3.7215056,-2.4115057,-3.0215058,-3.4515057,-3.1815057,-2.3515058,-0.84150577,0.15849426,-0.86150575,0.18849427,-3.4615057,-2.4015057,0.55849427,0.30849427,0.89849424,0.118494265,1.7684942,0.7884943,1.6484942,-0.45150575,-0.38150573,1.4784943,2.3184943,0.65849423,-2.5115058,-2.2815058
3.1384943,1.6084943,0.89849424,-6.751506,-4.5115056,-6.331506,-4.3615055,-6.4915056,-5.5515056,-4.4715056,-4.7015057,-5.231506,-4.2815056,-2.7915058,-2.6315057,-3.2515059,-3.0115058,-3.6115057,-1.8415058,-2.7415056,-2.4215057,-1.6315057,-1.5415057,-2.1315057,-0.93150574,0.56849426,-0.19150573,2.3384943,-0.34150574,0.26849425,0.31849426,0.6684943,1.1484942,-2.6615057,0.38849425,-0.62150574,-0.59150577,-0.08150574,-1.0415057,-0.6415057,-0.85150576
0.74849427,-6.1815057,-8.661506,-7.421506,-7.231506,-6.5315056,-6.461506,-4.1415057,-5.7015057,-4.0315056,-3.8415058,-4.3215055,-3.6315057,-3.4115057,-3.1315057,-3.3115058,-3.5615058,-2.2715058,-2.2015057,-1.4715058,0.7984943,-0.8215057,-4.0315056,-3.1815057,-0.93150574,-2.3515058,-1.3415058,1.7584943,-1.1815057,-0.011505737,-0.72150576,0.06849426,-0.31150573,2.1884942,-1.1615057,-1.3315058,0.99849427,0.008494263,1.6284943,1.8384943,0.65849423
-4.061506,-6.9515057,-7.6615057,-7.541506,-7.2015057,-5.831506,-3.9915056,-3.5015059,-3.1715057,-3.5415058,-3.5915058,-3.2615058,-4.291506,-3.9815056,-2.7915058,-2.0015059,-1.5515057,-2.7015057,-2.5915058,-1.5515057,-0.8215057,-1.8015057,-1.5115057,-2.7415056,-2.5515058,-1.8715057,-0.14150573,-0.35150573,0.13849427,1.5884943,1.4484943,0.7984943,3.8984942,7.998494,4.1584945,1.7484943,1.3584943,1.2784942,0.55849427,1.7584943,2.8884943
-4.651506,-6.4315057,-6.8015056,-6.5515056,-5.4715056,-4.231506,-3.2315056,-3.1615057,-3.2715058,-2.5115058,-1.9715058,-1.1115057,-2.3815057,-2.4215057,-1.3215058,-0.43150574,-1.3115058,-1.9915057,-1.6315057,-0.93150574,-2.0815058,-2.3215058,-1.7215058,-0.50150573,0.038494263,0.31849426,0.75849426,2.4184942,2.3984942,2.6984942,2.6484942,2.2584944,0.08849426,2.5884943,1.1084943,1.0284942,1.5084943,1.0484942,1.1284943,-4.0515056,-3.6615057
-4.151506,-3.5315058,-5.9315057,-5.941506,-5.2815056,-4.8615055,-3.9915056,-3.5615058,-2.7015057,-2.3515058,-1.7115058,-1.0615058,-1.6615057,1.4984943,1.0984943,2.3984942,2.1084943,1.4684943,1.3184943,0.88849425,1.0184942,0.8684943,1.3284943,1.6184943,2.2784944,2.8684943,3.5384943,4.6984944,3.7084942,3.3884943,3.5284944,3.8184943,3.7784944,5.098494,3.0484943,0.16849427,1.7484943,2.9284942,0.078494266,-5.6015058,-4.541506
-3.2115057,-3.2015057,-3.4315057,-3.2815058,-2.9615057,-2.8715057,-2.7415056,-2.5415058,-2.1615057,-1.4015057,-0.87150574,-0.54150575,0.63849425,1.7184943,1.8484943,2.2284942,2.3884943,2.7984943,2.3284943,2.1384943,2.7384942,2.7484941,2.8384943,2.8484943,2.8784943,3.1784942,3.8084943,3.0184944,3.6584942,3.9884942,3.4184942,3.6584942,3.9784942,3.6184943,4.0684943,1.8984942,-0.78150576,1.3384943,2.6884942,-0.85150576,1.9484943
-1.8715057,-1.8415058,-1.8015057,-1.8315058,-1.7415057,-1.3115058,-1.3915057,-0.98150575,-0.61150575,-0.33150575,0.52849424,1.5184942,2.2684944,2.6384943,2.9484942,2.9484942,2.8584943,2.8384943,2.9484942,3.1384943,3.3184943,3.0784943,3.0984943,3.3984942,3.1484942,3.6084943,5.268494,3.8184943,4.3184943,3.4784942,4.0284944,4.478494,3.5284944,3.0784943,4.288494,6.538494,5.3884945,2.4984941,2.4884942,-0.55150574,-0.8215057
-0.7115057,-0.101505734,-0.16150574,-0.28150573,-0.25150573,0.12849426,0.118494265,0.27849427,0.19849426,1.1184943,1.5784943,2.2984943,3.6484942,3.1384943,3.4584942,3.2084942,3.2984943,3.0384943,3.2884943,3.3484943,5.0484943,5.498494,3.7884943,4.4484944,4.5084944,4.668494,5.1984944,5.308494,5.6584945,6.6384945,5.7584944,4.9684944,5.1984944,3.9884942,4.438494,3.0284944,2.3784943,0.39849427,3.4484942,0.81849426,0.29849425
0.8584943,0.8484943,1.3084942,0.95849425,1.1484942,0.94849426,0.57849425,1.0984943,1.3984942,1.5284942,2.3484943,3.6084943,3.6584942,3.7284942,3.9784942,3.9484942,4.0084944,3.7284942,3.5984943,3.7884943,5.958494,6.308494,6.558494,5.5884943,5.978494,5.598494,5.748494,6.308494,6.938494,7.918494,8.188495,6.3184943,5.748494,4.538494,5.7984943,3.6684942,0.81849426,0.18849427,4.8884945,2.2484941,1.1184943
1.6684942,1.7284943,1.3284943,1.2084943,1.5784943,0.88849425,2.3884943,2.8884943,1.6984943,2.8684943,3.9284942,5.668494,3.4184942,5.2184944,5.1984944,5.0484943,5.498494,5.7984943,4.328494,5.6284943,6.0884943,6.1284943,6.098494,6.1284943,6.0284944,6.058494,7.038494,7.3984942,7.848494,7.9684944,6.8384943,5.188494,6.078494,4.5084944,4.5084944,5.808494,0.27849427,1.0784943,2.2384942,1.8684943,0.078494266
2.4884942,3.1184943,3.4684942,2.6884942,2.7384942,2.6484942,2.3984942,3.3384943,4.0284944,3.6884942,3.7484941,7.5084944,4.3784943,6.4084945,7.3184943,5.9084945,5.558494,7.018494,5.288494,5.848494,5.668494,6.3784943,6.208494,6.1584945,7.0884943,7.4884944,7.6784945,8.228495,8.008494,7.418494,6.1984944,6.1984944,5.558494,5.4484944,4.618494,5.1284943,7.3984942,2.3284943,1.0284942,0.77849424,-0.27150574
4.058494,4.4884944,4.098494,4.478494,3.7484941,2.9784942,4.0084944,4.268494,5.3584943,3.2384942,2.5184944,5.7784944,6.6584945,7.0284944,6.2384944,5.518494,5.578494,6.518494,5.978494,5.6784945,5.4684944,6.0284944,6.2784944,6.5884943,7.188494,7.418494,8.008494,8.418494,8.488494,7.1284943,6.728494,6.618494,5.7984943,6.2584944,4.7784944,4.848494,4.1984944,2.0484943,1.4584943,0.13849427,0.55849427
5.9084945,4.918494,5.5284944,5.3384943,4.2384944,4.3584943,4.2784944,4.5684943,5.538494,3.6584942,2.3984942,3.5384943,5.6384945,5.8384943,5.6584945,4.2384944,4.688494,5.848494,4.328494,5.2384944,6.018494,6.0884943,7.098494,7.1784945,7.2584944,7.5884943,8.018495,8.288494,7.5284944,7.4884944,6.998494,6.3984942,5.8984942,5.708494,3.9584942,4.6584945,3.3184943,2.3284943,1.1584942,2.1084943,0.39849427
4.5684943,5.4084945,6.078494,4.728494,4.0284944,4.6284943,6.288494,4.4484944,5.0284944,2.0684943,1.4184942,5.518494,3.7684944,0.58849424,2.5784943,2.6584942,4.5484943,4.7584944,4.498494,5.3184943,5.5084944,6.0884943,6.2184944,6.8184943,7.078494,7.4484944,7.8984942,7.8384943,7.5084944,7.1484942,7.9884944,10.588493,6.5084944,6.228494,6.1084943,6.038494,5.3884945,4.368494,3.5384943,2.2684944,0.5984943
