wind_kz.json
{"header": {"discipline":0,"disciplineName":"Meteorological products","gribEdition":2,"gribLength":871,"center":7,"centerName":"US National Weather Service - NCEP(WMC)","subcenter":0,"refTime":"2023-08-07T12:00:00.000Z","significanceOfRT":1,"significanceOfRTName":"Start of forecast","productStatus":0,"productStatusName":"Operational products","productType":1,"productTypeName":"Forecast products","productDefinitionTemplate":0,"productDefinitionTemplateName":"Analysis/forecast at horizontal level/layer at a point in time","parameterCategory":0,"parameterCategoryName":"UnknownDiscipline_0_Category_0","parameterNumber":0,"parameterNumberName":"UnknownParameter_D0_C0_0","parameterUnit":"Unknown","genProcessType":2,"genProcessTypeName":"Forecast","forecastTime":300,"surface1Type":1,"surface1TypeName":"Ground or water surface","surface1Value":0.0,"surface2Type":255,"surface2TypeName":"Missing","surface2Value":0.0,"gridDefinitionTemplate":0,"gridDefinitionTemplateName":"Latitude_Longitude","numberPoints":615,"shape":6,"shapeName":"Earth spherical with radius of 6,371,229.0 m","gridUnits":"degrees","resolution":48,"winds":"true","scanMode":64,"nx":41,"ny":15,"basicAngle":0,"lo1":47.0,"la1":41.0,"lo2":87.0,"la2":55.0,"dx":1.0,"dy":1.0}, "data":
[rows 0 to 14 of 15, columns 0 to 40 of 41]
296.79227,288.89227,291.39227,298.09225,297.69226,296.89227,298.59225,300.59225,298.89227,299.49225,296.89227,298.79227,297.49225,297.29227,297.39227,294.59225,294.89227,295.19226,295.89227,295.69226,295.39227,292.29227,290.99225,286.39227,289.39227,291.89227,290.29227,277.49225,277.59225,281.29227,279.59225,281.89227,290.49225,296.59225,297.89227,299.09225,297.69226,298.89227,298.59225,298.59225,297.99225
277.09225,292.39227,297.89227,298.49225,298.19226,296.49225,298.19226,297.79227,296.79227,295.89227,296.29227,296.39227,294.59225,293.79227,294.69226,294.09225,294.19226,294.79227,293.79227,294.29227,293.99225,294.89227,291.49225,284.59225,275.29227,276.29227,285.19226,276.19226,277.89227,275.59225,282.79227,274.09225,282.99225,264.79227,281.99225,295.49225,293.09225,297.09225,300.19226,291.89227,283.99225
293.19226,297.79227,298.29227,298.29227,296.09225,298.09225,298.29227,297.29227,297.19226,294.89227,294.69226,294.59225,292.49225,293.69226,295.39227,294.19226,293.29227,292.09225,293.09225,293.49225,293.69226,293.99225,289.89227,288.59225,290.79227,290.69226,292.39227,291.69226,288.89227,283.09225,275.39227,278.09225,282.79227,281.99225,283.99225,286.99225,279.79227,279.69226,281.29227,277.89227,278.19226
290.09225,298.09225,298.29227,297.89227,296.99225,297.19226,296.39227,296.49225,296.79227,295.59225,295.59225,294.49225,296.49225,295.59225,293.69226,294.09225,295.19226,293.89227,294.79227,294.49225,292.79227,289.19226,294.29227,294.39227,292.79227,294.79227,296.39227,292.59225,293.59225,294.99225,295.09225,291.59225,295.79227,292.49225,293.09225,290.89227,279.49225,278.39227,284.19226,293.09225,295.59225
296.59225,298.79227,299.09225,298.99225,297.79227,296.89227,297.79227,296.29227,296.19226,295.99225,294.09225,293.89227,297.09225,295.69226,292.69226,294.39227,295.09225,293.59225,292.39227,295.09225,294.79227,295.19226,293.89227,293.99225,293.89227,294.49225,292.99225,294.59225,295.59225,295.59225,297.79227,293.69226,284.59225,273.69226,286.59225,293.59225,294.59225,298.09225,296.99225,297.19226,299.19226
296.39227,294.79227,298.49225,298.69226,298.89227,298.19226,295.19226,293.69226,296.59225,295.39227,294.49225,294.39227,295.49225,295.89227,293.99225,293.49225,294.59225,294.39227,294.29227,295.09225,294.49225,293.39227,292.79227,293.59225,293.89227,293.09225,293.99225,293.99225,294.89227,297.39227,297.19226,297.19226,294.79227,292.29227,292.99225,292.09225,288.99225,288.89227,296.99225,297.69226,297.49225
295.09225,296.09225,298.19226,297.79227,297.19226,295.79227,295.39227,294.29227,294.49225,294.09225,294.09225,293.29227,293.29227,292.49225,292.19226,294.79227,293.89227,294.69226,294.19226,292.59225,292.39227,292.89227,292.49225,292.39227,292.29227,292.39227,292.39227,293.39227,293.89227,294.29227,294.79227,294.69226,296.09225,295.59225,293.89227,292.89227,289.19226,287.09225,282.59225,281.69226,293.19226
295.79227,295.69226,296.59225,296.49225,297.09225,296.49225,295.59225,294.49225,293.79227,294.89227,290.29227,290.19226,289.59225,290.49225,291.09225,291.89227,292.39227,293.19226,293.49225,293.59225,292.89227,289.19226,289.69226,289.99225,289.39227,287.49225,288.29227,289.79227,288.89227,290.79227,290.09225,291.79227,292.09225,288.49225,289.19226,291.99225,292.69226,289.19226,293.39227,292.69226,291.39227
293.19226,293.69226,294.39227,293.19226,295.09225,293.99225,291.59225,294.09225,292.09225,289.29227,287.59225,287.39227,286.79227,288.69226,289.39227,290.19226,290.59225,290.79227,294.09225,292.69226,288.89227,289.19226,287.89227,287.69226,286.49225,289.99225,285.59225,285.29227,286.59225,284.49225,285.59225,286.59225,288.19226,289.99225,289.29227,290.59225,290.09225,290.89227,279.59225,279.89227,278.79227
290.49225,293.89227,291.79227,291.19226,291.49225,291.09225,288.79227,289.59225,290.09225,292.79227,289.99225,284.99225,285.59225,287.69226,287.69226,289.29227,289.19226,289.09225,289.29227,293.29227,290.69226,288.09225,289.09225,287.09225,286.39227,288.19226,289.09225,285.89227,285.69226,287.29227,287.79227,288.39227,291.19226,291.49225,290.39227,290.29227,289.79227,286.39227,282.29227,281.89227,280.79227
292.69226,291.59225,290.79227,291.89227,290.39227,293.39227,290.79227,289.29227,289.39227,286.39227,286.19226,285.39227,287.39227,287.19226,287.09225,287.49225,287.59225,288.19226,288.69226,287.49225,289.79227,289.29227,286.59225,284.79227,284.59225,284.09225,283.39227,288.89227,286.69226,289.99225,290.59225,289.99225,288.69226,289.19226,290.29227,288.89227,284.69226,282.59225,281.69226,282.59225,282.59225
289.99225,289.59225,291.89227,289.89227,289.29227,287.59225,286.49225,287.09225,286.39227,285.29227,283.09225,284.79227,285.89227,286.19226,286.29227,285.59225,286.09225,289.89227,289.39227,288.59225,284.59225,283.59225,284.19226,284.09225,287.59225,288.09225,289.09225,290.49225,290.29227,289.49225,285.09225,287.09225,289.89227,287.49225,287.49225,288.59225,287.99225,288.09225,287.49225,287.19226,286.19226
289.69226,290.79227,291.59225,286.69226,288.69226,289.69226,286.89227,284.79227,282.69226,282.89227,282.79227,281.19226,283.69226,284.29227,286.49225,286.39227,287.59225,284.89227,288.89227,284.99225,284.39227,284.09225,286.19226,285.99225,287.19226,287.49225,290.49225,289.49225,287.09225,287.29227,283.99225,283.79227,283.79227,284.69226,287.59225,286.69226,287.19226,288.69226,288.59225,288.09225,286.99225
288.09225,290.99225,289.19226,286.59225,286.19226,285.49225,287.09225,289.79227,286.99225,283.29227,283.29227,281.79227,282.19226,283.39227,284.39227,285.79227,285.69226,286.59225,287.19226,286.79227,286.99225,282.39227,286.69226,287.49225,287.39227,285.79227,287.19226,283.29227,282.39227,282.39227,282.19226,282.39227,282.69226,282.59225,283.19226,283.49225,285.59225,286.39227,287.09225,286.89227,288.39227
289.09225,291.19226,291.99225,290.49225,287.49225,284.99225,286.89227,285.49225,285.49225,284.89227,288.09225,282.59225,282.09225,282.59225,283.29227,284.39227,283.69226,286.89227,283.39227,286.89227,282.59225,281.99225,280.99225,280.89227,281.79227,285.49225,285.69226,283.19226,284.59225,284.39227,283.79227,284.99225,286.19226,286.49225,286.99225,287.79227,284.29227,284.49225,285.69226,287.29227,287.19226
