wind_kz.json
{"header": {"discipline":0,"disciplineName":"Meteorological products","gribEdition":2,"gribLength":1025,"center":7,"centerName":"US National Weather Service - NCEP(WMC)","subcenter":0,"refTime":"2023-09-29T12:00:00.000Z","significanceOfRT":1,"significanceOfRTName":"Start of forecast","productStatus":0,"productStatusName":"Operational products","productType":1,"productTypeName":"Forecast products","productDefinitionTemplate":0,"productDefinitionTemplateName":"Analysis/forecast at horizontal level/layer at a point in time","parameterCategory":2,"parameterCategoryName":"UnknownDiscipline_0_Category_2","parameterNumber":2,"parameterNumberName":"UnknownParameter_D0_C2_2","parameterUnit":"Unknown","genProcessType":2,"genProcessTypeName":"Forecast","forecastTime":120,"surface1Type":103,"surface1TypeName":"Specified height level above ground","surface1Value":10.0,"surface2Type":255,"surface2TypeName":"Missing","surface2Value":0.0,"gridDefinitionTemplate":0,"gridDefinitionTemplateName":"Latitude_Longitude","numberPoints":615,"shape":6,"shapeName":"Earth spherical with radius of 6,371,229.0 m","gridUnits":"degrees","resolution":48,"winds":"true","scanMode":64,"nx":41,"ny":15,"basicAngle":0,"lo1":47.0,"la1":41.0,"lo2":87.0,"la2":55.0,"dx":1.0,"dy":1.0}, "data":
[rows 0 to 14 of 15, columns 0 to 40 of 41]
-2.1516285,-0.14162841,0.54837155,2.4183717,1.0383716,-2.3016284,-1.8716284,-5.3616285,-6.7316284,-5.8416286,-5.1416283,-4.1316285,-3.0016284,-2.1216285,-2.3016284,-1.4416285,-0.9116284,-2.8616285,-2.6316285,-2.2516284,-0.8216284,-0.6316284,2.2083716,2.7783716,3.9583716,2.5483716,2.4783716,3.4883716,2.2583716,1.1483716,-0.41162843,1.9383715,-0.83162844,1.2383716,1.7883716,1.5583715,3.7683716,2.4983716,0.39837158,1.3583716,0.4783716
-1.0416284,-1.0316284,1.7183716,-1.4116284,4.1583714,3.4083717,-6.7616286,-7.6016283,-6.1216283,-5.6916285,-5.6116285,-5.0116286,-4.4216285,-1.9416285,-1.6316284,-0.9416284,0.71837157,-0.6016284,-1.4216285,-0.65162843,0.9383716,1.6583716,2.0083716,1.8483716,2.0483716,0.6183716,0.17837158,2.7083716,1.6183716,1.9283715,0.6883716,-0.22162841,0.6783716,-1.7516284,-0.42162842,3.1883717,2.3183715,1.1183716,-0.28162843,-0.5716284,1.4083716
-2.6316285,-2.4816284,-1.6016284,-0.95162845,0.8883716,-0.7316284,-5.1416283,-4.3516283,-3.7616284,-4.9616284,-5.4816284,-4.6416283,-4.6216283,-1.3416284,-0.34162843,0.48837158,0.49837157,-0.96162844,-0.8716284,-0.20162842,1.9483715,3.3583715,2.8483715,3.0683715,0.15837158,-1.0816284,-1.0816284,0.65837157,3.4183717,-0.64162844,0.11837158,-2.0016284,1.0383716,0.08837158,-2.1816285,-1.1416284,0.71837157,-0.8116284,3.3483715,2.6783717,-1.3216285
-5.2616286,-2.1116285,-0.7316284,0.028371582,3.3483715,-1.0416284,-1.1216284,-0.8216284,-2.1416285,-0.22162841,-0.6816284,-2.8216283,-1.9716284,0.018371582,1.1983715,1.3883716,0.7383716,1.3283715,0.008371582,-0.6816284,1.3183715,-3.6216285,0.06837158,-1.2416284,-1.7116284,-1.1016284,-0.31162843,2.4883716,-3.3916285,-2.6216285,0.7083716,0.9883716,2.6883717,1.6783715,2.0883715,2.0283716,0.72837156,1.8283715,-2.1216285,-2.6416285,-1.6316284
-3.8716285,-0.59162843,0.97837156,1.0983716,1.8483716,2.0083716,1.3383716,1.8083715,2.3183715,2.7783716,3.4983716,3.5283716,1.3683716,1.6183716,2.7983716,1.1983715,1.0783715,0.53837156,0.23837158,0.11837158,1.2983716,2.0183716,1.9383715,1.8283715,2.0783715,2.3783715,2.9183717,-2.3616285,2.5783715,-0.35162842,0.8383716,0.48837158,1.2383716,2.0783715,-2.9616284,-2.7016284,0.7683716,-1.7916284,-2.0316284,-1.7316284,-1.5416284
0.54837155,2.0583715,-1.5516285,0.60837156,2.1483717,3.5583715,4.4183717,3.6383715,3.0483716,3.9283717,4.5183716,4.5883718,0.9283716,1.9783716,4.3083715,0.49837157,1.1183716,1.3283715,1.3383716,1.9983716,2.1583717,1.5383716,1.5883716,3.0883715,2.8083715,2.6283715,2.5283716,-2.5416284,2.3983717,0.9283716,1.6083716,-0.6816284,1.3283715,-1.5416284,-1.8816284,2.0783715,-1.4116284,0.6383716,1.6483716,-5.2516284,-2.1316285
0.078371584,1.4983716,3.6783717,4.0183716,3.3183715,4.3483715,5.3583717,5.4483714,3.4083717,3.1683717,3.9783716,5.1883717,4.278372,2.0983715,2.3183715,1.9483715,2.8783715,3.4583716,2.0583715,3.0283716,2.4483716,0.5683716,0.71837157,1.6783715,2.2583716,1.8783716,0.6483716,0.24837159,0.66837156,0.3183716,1.1883715,0.79837155,-0.6216284,-1.8716284,-0.20162842,0.24837159,1.0483716,0.36837158,1.6283716,-0.3016284,-0.58162844
1.7683716,1.8183715,1.6483716,2.4483716,3.3883715,5.6383715,5.0183716,3.8283715,5.818372,4.9283714,3.4183717,4.4083714,3.2883716,3.0083716,1.8783716,1.0683715,0.6483716,1.4083716,1.7283716,2.1383715,3.1183715,0.3783716,0.96837157,1.4983716,2.7883716,2.3183715,1.7983716,0.21837159,-0.011628418,0.6283716,1.5483716,1.5283716,-0.011628418,0.12837158,1.7283716,-2.4116285,-3.3416283,1.7283716,2.6883717,3.2883716,2.6483717
2.8183715,2.1583717,2.4483716,2.5583715,2.1283715,3.0083716,4.0083714,5.278372,6.2883716,5.318372,4.8983717,3.6483717,4.4183717,2.3583715,2.5783715,2.3083715,1.8583716,2.6883717,2.0883715,1.7783716,2.6783717,2.0083716,0.8083716,1.2783716,1.7083716,-0.25162843,1.5383716,1.7783716,1.5083716,-0.03162842,1.0783715,0.6783716,-3.2816284,-1.6816285,-1.6216284,-0.17162842,1.1783715,1.2783716,0.21837159,0.78837156,-1.6216284
4.028372,3.8083715,3.5683715,3.5083716,3.3183715,2.6583717,2.9783716,3.6883717,5.1883717,6.818372,6.4183717,3.2083716,4.2883716,4.3683715,4.818372,4.2883716,3.0983715,3.0183716,3.4483716,3.2483716,2.6883717,3.2683716,1.5183716,1.9683716,1.8683716,1.0083716,1.5583715,0.53837156,0.8383716,0.8183716,-0.5416284,-1.5716285,-1.1716285,0.9983716,-0.32162842,-1.2216284,-0.4016284,-0.48162842,0.5783716,0.32837158,0.27837157
3.9683716,3.8883715,4.1883717,4.3683715,4.4283714,4.3483715,4.2883716,4.2883716,4.3683715,4.028372,5.4483714,4.9683714,3.6483717,4.1083717,5.1383715,3.9083717,4.1783714,3.8283715,3.5483716,3.2083716,3.5883715,2.6083715,2.6383715,2.4083717,1.9183716,2.0483716,2.1483717,0.8883716,1.2783716,0.018371582,-0.15162842,0.9283716,0.7683716,1.1283716,-1.5116284,-0.32162842,-1.0116284,0.5783716,-0.15162842,-0.3016284,-0.101628415
4.4283714,4.6483717,4.4083714,4.5783715,4.7183714,4.6883717,4.8283715,4.1683717,4.3883715,3.2183716,3.3783715,4.3083715,3.9483716,4.0783715,4.5783715,4.028372,5.4383717,3.6583717,4.1983714,3.3783715,3.3583715,2.6983716,2.5983715,2.3583715,2.5283716,2.2683716,2.5183716,1.4883716,1.4583716,0.8183716,1.4383715,1.0983716,1.2583716,0.84837157,0.8183716,0.30837157,0.97837156,0.43837157,0.20837158,-0.47162843,0.42837158
4.8883715,6.3783717,5.2683716,5.3883715,4.5383716,3.8583715,4.7883716,4.9183717,4.8783717,4.4383717,2.6083715,3.8983717,4.048372,4.2883716,4.4083714,4.7583714,4.0583715,3.3683715,4.2283716,4.318372,3.0483716,2.9583716,2.8083715,2.7183716,2.5683715,1.9283715,1.6683716,1.7283716,1.6383716,1.4483715,1.3383716,0.9583716,0.24837159,1.6183716,0.21837159,0.78837156,0.3483716,0.42837158,0.78837156,0.65837157,-0.03162842
5.818372,6.4683714,4.1383715,5.3083715,5.5783715,5.3983717,4.9683714,4.6483717,4.1783714,3.9583716,2.7783716,3.4883716,4.4883714,4.2883716,2.3283715,2.2783716,3.2283716,3.4083717,4.1483717,3.5583715,2.5483716,1.8783716,3.0983715,2.6483717,5.6083717,1.4783716,0.8983716,1.0483716,1.3483716,1.4983716,1.7383716,0.8083716,0.7583716,0.97837156,0.7783716,1.6583716,0.30837157,0.2583716,1.1383716,0.46837157,0.03837158
5.1383715,6.9483714,5.318372,5.0783715,4.5983715,4.9183717,4.798372,4.7483716,4.548372,3.4683716,2.2283716,4.0583715,3.6183715,2.8283715,3.1583717,2.9383717,1.9383715,3.1383715,2.8183715,3.7383716,4.278372,4.778372,5.3783717,4.0083714,2.2683716,3.3283715,1.5483716,1.4283715,1.4183716,0.96837157,1.6683716,1.2483716,1.3583716,1.1583716,1.3283715,1.3483716,0.018371582,1.3783716,0.6183716,0.60837156,-0.6116284
