wind_kz.json
{"header": {"discipline":0,"disciplineName":"Meteorological products","gribEdition":2,"gribLength":1025,"center":7,"centerName":"US National Weather Service - NCEP(WMC)","subcenter":0,"refTime":"2023-09-26T06:00:00.000Z","significanceOfRT":1,"significanceOfRTName":"Start of forecast","productStatus":0,"productStatusName":"Operational products","productType":1,"productTypeName":"Forecast products","productDefinitionTemplate":0,"productDefinitionTemplateName":"Analysis/forecast at horizontal level/layer at a point in time","parameterCategory":2,"parameterCategoryName":"UnknownDiscipline_0_Category_2","parameterNumber":3,"parameterNumberName":"UnknownParameter_D0_C2_3","parameterUnit":"Unknown","genProcessType":2,"genProcessTypeName":"Forecast","forecastTime":0,"surface1Type":103,"surface1TypeName":"Specified height level above ground","surface1Value":10.0,"surface2Type":255,"surface2TypeName":"Missing","surface2Value":0.0,"gridDefinitionTemplate":0,"gridDefinitionTemplateName":"Latitude_Longitude","numberPoints":615,"shape":6,"shapeName":"Earth spherical with radius of 6,371,229.0 m","gridUnits":"degrees","resolution":48,"winds":"true","scanMode":64,"nx":41,"ny":15,"basicAngle":0,"lo1":47.0,"la1":41.0,"lo2":87.0,"la2":55.0,"dx":1.0,"dy":1.0}, "data":
[rows 0 to 14 of 15, columns 0 to 40 of 41]
-0.11401794,2.185982,-0.45401794,-2.2440178,-1.4240179,-2.324018,-0.57401794,-0.18401794,-1.874018,-2.544018,-3.9540179,-3.544018,-4.204018,-2.644018,-1.614018,-2.634018,-4.414018,-1.204018,-1.1840179,-1.104018,-0.87401795,-1.214018,-0.99401796,1.165982,2.0359821,1.245982,0.27598205,-0.064017944,-1.504018,0.34598204,1.7159821,2.5259821,-0.42401794,0.30598205,2.0459821,1.365982,0.73598206,2.155982,2.125982,2.235982,2.455982
-1.0440179,1.025982,-0.41401795,2.345982,-0.22401795,-0.89401793,-1.114018,-1.124018,-1.5340179,-2.554018,-3.814018,-4.944018,-4.474018,-4.404018,-4.094018,-0.5340179,-1.114018,-1.214018,-2.194018,-2.634018,-1.704018,-1.8140179,0.72598207,-1.464018,2.0459821,2.7659822,2.865982,-0.52401793,0.26598206,1.0959821,-1.484018,0.14598206,1.415982,-1.484018,2.575982,3.185982,1.765982,2.555982,1.5559821,1.9359821,1.9659821
1.9359821,1.905982,3.065982,1.8059821,0.22598206,-0.47401795,-0.51401794,-2.334018,-2.094018,-3.2140179,-4.024018,-3.934018,-4.664018,-4.384018,-4.384018,-3.034018,-2.364018,-2.364018,-3.394018,-0.21401794,-1.824018,-2.814018,-1.324018,-1.5640179,-1.5540179,-2.184018,-1.4340179,-1.464018,-0.56401795,-2.354018,-1.744018,0.705982,-3.034018,0.25598204,0.99598205,-2.414018,-4.1240177,-0.33401793,-2.784018,-0.15401794,0.7759821
0.16598205,-0.32401794,0.7859821,0.99598205,1.245982,-0.75401795,0.005982056,-1.574018,-2.174018,-1.834018,-2.354018,-3.404018,-4.384018,-4.774018,-3.654018,-3.434018,-3.124018,-3.094018,-4.294018,-2.654018,0.25598204,-2.634018,1.375982,-0.73401797,-1.3940179,-2.2140179,-2.134018,-1.6940179,-1.6940179,-3.444018,-0.95401794,0.7759821,1.8359821,0.94598204,0.62598205,1.8459821,3.5259821,3.485982,-2.894018,-2.684018,-2.384018
-1.0340179,-1.454018,-0.854018,-0.9140179,0.43598205,-0.27401793,-1.4440179,-1.1540179,-1.5340179,-2.154018,-2.514018,-2.854018,-4.044018,-4.274018,-3.614018,-3.164018,-3.2540178,-2.9840178,-2.834018,-2.144018,-0.73401797,0.66598207,-0.13401794,-0.58401793,-0.75401795,-1.1440179,-1.974018,-2.084018,-1.5540179,-2.2240179,-2.844018,-2.854018,-1.574018,-2.434018,0.81598204,1.365982,-5.094018,0.50598204,1.415982,0.12598206,1.8159821
-1.244018,-1.1440179,-1.724018,-0.82401794,-0.854018,-1.094018,-1.1440179,-1.464018,-1.484018,-1.384018,-2.2140179,-2.914018,-3.184018,-4.454018,-4.474018,-2.614018,-2.344018,-2.434018,-1.704018,-0.9040179,-1.1440179,-0.64401793,-1.0140179,-1.584018,-1.464018,-1.204018,-1.3040179,-1.384018,-2.564018,-1.734018,-1.3040179,-0.98401797,-1.354018,-1.4140179,-1.1940179,-0.7240179,-2.4640179,-4.784018,-5.424018,-0.11401794,1.9559821
-0.51401794,-0.93401796,-0.20401794,-0.20401794,0.045982055,-1.1440179,-1.4040179,-1.104018,-1.104018,-1.374018,-1.704018,-2.104018,-2.844018,-2.934018,-3.014018,-3.274018,-2.194018,-0.95401794,-0.40401796,-0.24401794,-1.5340179,-1.5440179,-1.8040179,-1.964018,-1.6540179,-2.664018,-2.344018,-2.9840178,-1.964018,-2.594018,-2.414018,-1.464018,-1.5340179,-1.1740179,-1.3040179,-0.48401794,1.8159821,1.015982,-1.2640179,2.735982,0.045982055
-0.7840179,-0.42401794,-0.26401794,-0.38401794,-1.0140179,-1.984018,-2.044018,-2.4840178,-2.064018,-1.384018,-1.864018,-1.9040179,-1.6840179,-0.9640179,-1.224018,-2.024018,-2.4940178,-1.624018,0.06598206,-0.43401796,-0.76401794,-1.454018,-1.6540179,-1.9040179,-2.044018,-3.4540179,-4.364018,-4.924018,-5.1040177,-4.714018,-3.844018,-4.1240177,-3.774018,-5.244018,-2.7540178,-3.414018,-4.384018,-4.404018,0.20598206,1.385982,-0.044017944
-0.29401794,-0.48401794,-0.20401794,-1.3040179,-2.4740179,-2.424018,-3.264018,-4.034018,-3.404018,-2.174018,-1.9140179,-2.184018,-2.424018,-0.544018,-0.0040179444,-0.014017944,-0.36401793,-0.30401793,0.28598204,-0.33401793,-1.574018,-2.384018,-3.5040178,-3.7340178,-3.614018,-3.664018,-4.184018,-4.564018,-5.214018,-5.704018,-6.454018,-7.394018,-6.264018,-5.914018,-3.4840178,-4.3340178,-5.574018,-3.874018,-0.80401796,2.075982,2.385982
-1.374018,-0.57401794,-1.3040179,-0.99401796,-2.0040178,-2.674018,-2.924018,-2.554018,-2.334018,-2.104018,-2.054018,-3.094018,-3.644018,-3.104018,-0.21401794,0.24598205,0.33598205,1.0659821,1.4759821,0.82598203,-0.56401795,-1.704018,-2.394018,-3.024018,-3.124018,-3.4640179,-3.614018,-3.324018,-3.7340178,-4.574018,-4.714018,-3.874018,-1.4340179,-2.574018,-3.774018,-3.794018,-1.7940179,-0.6640179,-2.664018,-4.074018,-3.194018
-3.574018,-2.624018,-2.7040179,-3.044018,-2.794018,-2.4940178,-1.004018,-1.884018,-3.2540178,-3.624018,-2.9740179,-1.494018,-2.064018,-2.324018,-2.584018,-2.034018,0.035982057,0.92598206,1.765982,1.625982,0.085982054,-0.39401793,-1.4040179,-2.174018,-2.304018,-2.394018,-2.7440178,-3.584018,-3.4540179,-2.374018,0.80598205,0.88598204,-0.21401794,-2.134018,-4.184018,-5.464018,-3.444018,-1.884018,-2.804018,-1.364018,0.25598204
-2.024018,-3.614018,-2.274018,-3.9840178,-4.504018,-4.694018,-3.4840178,-3.014018,-3.134018,-2.794018,-2.7040179,-3.094018,-3.364018,-2.424018,-1.9140179,-2.524018,-1.974018,-0.36401793,1.2359821,1.125982,0.86598206,0.25598204,-0.14401795,-0.44401795,-1.124018,-2.2040179,-2.344018,-2.274018,-2.064018,2.5459821,2.655982,1.5759821,0.32598206,-0.024017945,-1.1840179,-2.334018,-2.9840178,-2.384018,-1.214018,-0.83401793,-1.0240179
-2.864018,-3.794018,-4.274018,-3.9740179,-4.294018,-3.294018,-3.7340178,-4.404018,-2.874018,-3.614018,-1.6740179,-2.544018,-2.824018,-2.7240179,-3.064018,-1.5440179,-1.9440179,-2.144018,-0.92401797,-0.41401795,0.88598204,0.66598207,-0.034017943,-0.88401794,-1.8140179,-2.324018,-1.874018,-0.32401794,2.425982,3.625982,3.965982,2.815982,1.9359821,1.255982,0.07598206,-0.62401795,-0.794018,-0.33401793,1.1859821,0.5359821,-0.75401795
-2.9640179,-3.7540178,-3.934018,-3.614018,-4.134018,-4.174018,-4.634018,-4.214018,-3.9740179,-4.3340178,-1.2640179,-1.6540179,-2.144018,-3.584018,-4.534018,-3.894018,-2.9940178,-2.2540178,-0.93401796,0.24598205,-0.35401794,-0.0040179444,-0.44401795,-1.0240179,-0.81401795,-0.67401797,1.0659821,2.185982,4.235982,4.995982,4.485982,4.175982,3.725982,2.975982,1.5759821,-0.42401794,0.75598204,1.7359821,2.225982,1.3459821,0.41598207
-1.5140179,-3.084018,-3.644018,-3.4540179,-4.004018,-4.094018,-4.484018,-4.044018,-3.904018,-4.734018,-2.594018,-3.554018,-1.8040179,-3.134018,-4.434018,-3.634018,-4.904018,-4.394018,-3.104018,-1.6740179,-1.4340179,-0.57401794,-0.0040179444,-0.32401794,-0.604018,0.9059821,2.455982,3.905982,5.1259823,5.6259823,5.695982,5.285982,4.6659822,4.015982,2.7859821,1.175982,2.075982,1.3359821,0.74598205,1.395982,0.895982
