wind.json
{"header": {"discipline":0,"disciplineName":"Meteorological products","gribEdition":2,"gribLength":106064,"center":7,"centerName":"US National Weather Service - NCEP(WMC)","subcenter":0,"refTime":"2023-02-21T18:00:00.000Z","significanceOfRT":1,"significanceOfRTName":"Start of forecast","productStatus":0,"productStatusName":"Operational products","productType":1,"productTypeName":"Forecast products","productDefinitionTemplate":0,"productDefinitionTemplateName":"Analysis/forecast at horizontal level/layer at a point in time","parameterCategory":2,"parameterCategoryName":"Momentum","parameterNumber":3,"parameterNumberName":"V-component_of_wind","parameterUnit":"m.s-1","genProcessType":2,"genProcessTypeName":"Forecast","forecastTime":0,"surface1Type":103,"surface1TypeName":"Specified height level above ground","surface1Value":10.0,"surface2Type":255,"surface2TypeName":"Missing","surface2Value":0.0,"gridDefinitionTemplate":0,"gridDefinitionTemplateName":"Latitude_Longitude","numberPoints":65160,"shape":6,"shapeName":"Earth spherical with radius of 6,371,229.0 m","gridUnits":"degrees","resolution":48,"winds":"true","scanMode":64,"nx":360,"ny":181,"basicAngle":0,"lo1":0.0,"la1":-90.0,"lo2":359.0,"la2":90.0,"dx":1.0,"dy":1.0}, "data":
[rows 104 to 129 of 181, columns 59 to 117 of 360]
-5.016416,-4.816416,-4.996416,-4.346416,-3.946416,-3.916416,-3.576416,-3.676416,-4.566416,-5.676416,-6.036416,-6.056416,-5.716416,-7.106416,-7.146416,-4.976416,0.323584,0.653584,0.543584,2.383584,1.823584,2.893584,2.773584,0.963584,0.263584,-1.186416,-1.606416,-1.856416,-2.286416,-2.286416,-2.486416,-2.826416,-3.146416,-2.636416,-3.266416,-3.736416,-3.296416,-2.556416,-1.996416,-2.436416,0.37358397,-1.476416,-0.366416,-1.476416,-3.426416,-1.346416,0.293584,-0.656416,0.103583984,-1.7764161,-1.366416,-9.656416,-7.726416,-8.886416,-9.966416,-9.736416,-10.516416,-10.706416,-9.326416
-4.356416,-4.526416,-4.596416,-4.276416,-4.036416,-4.266416,-4.256416,-4.666416,-3.906416,-4.096416,-4.886416,-5.076416,-5.746416,-6.166416,-5.816416,-2.4664161,-0.19641602,0.16358398,-0.22641602,0.75358397,-0.15641601,3.703584,5.903584,5.063584,2.993584,1.9835839,-0.19641602,-1.836416,-1.7664161,-2.386416,-2.7064161,-2.286416,-2.826416,-3.196416,-3.696416,-3.646416,-4.446416,-2.646416,-0.956416,-0.426416,-1.236416,-1.056416,-0.31641603,-1.356416,-2.796416,-3.406416,-4.026416,-0.44641602,-1.406416,-1.5264161,-6.526416,-7.676416,-6.566416,-6.776416,-9.356416,-10.286416,-10.376416,-10.596416,-10.936416
-2.106416,-3.196416,-3.496416,-4.5864162,-4.216416,-4.126416,-4.776416,-4.516416,-4.666416,-4.986416,-5.136416,-6.016416,-6.396416,-6.536416,-7.366416,-0.846416,0.17358398,2.923584,-0.23641601,3.373584,1.123584,2.103584,1.553584,5.023584,4.903584,4.463584,3.733584,1.113584,-0.696416,-1.566416,-1.816416,-2.366416,-2.256416,-3.166416,-3.426416,-4.656416,-1.716416,-3.286416,0.053583983,1.113584,0.21358399,2.5435839,-0.636416,-0.966416,-1.106416,-3.036416,-4.716416,-0.946416,-0.79641604,-0.666416,-3.976416,-6.046416,-6.636416,-7.126416,-7.376416,-9.926416,-10.446416,-10.586416,-11.846416
-1.696416,-1.7764161,-2.786416,-3.2164161,-4.056416,-4.116416,-4.356416,-4.706416,-4.936416,-4.736416,-5.396416,-5.986416,-7.5864162,-7.016416,-8.026416,-1.046416,-2.056416,1.3535839,0.863584,1.133584,-0.526416,2.803584,1.493584,0.623584,3.393584,3.943584,4.713584,4.613584,2.143584,0.57358396,-0.306416,-1.196416,-1.976416,-2.616416,-3.276416,-4.466416,-0.786416,-0.496416,-2.936416,0.21358399,0.043583985,2.143584,0.553584,0.833584,0.773584,0.103583984,-1.426416,-2.2164161,0.873584,-0.44641602,-4.756416,-6.686416,-6.056416,-6.816416,-7.486416,-9.146416,-9.616416,-10.526416,-10.966416
1.7335839,0.053583983,-0.09641602,-1.926416,-2.326416,-3.076416,-3.4564161,-4.466416,-4.906416,-5.276416,-5.406416,-5.566416,-6.356416,-6.246416,-3.356416,-1.036416,-0.13641602,-2.546416,-0.756416,2.123584,0.723584,1.553584,1.8535839,1.753584,-0.276416,3.633584,4.213584,5.603584,4.853584,3.203584,1.743584,-0.32641602,-1.446416,-2.096416,-3.136416,-4.456416,-0.516416,-0.06641602,-0.61641604,0.20358399,0.12358399,-0.43641603,0.11358398,0.473584,-0.456416,-0.19641602,-1.616416,-0.37641603,5.633584,4.003584,-3.066416,-8.766416,-5.846416,-7.196416,-9.226416,-9.676416,-9.706416,-9.326416,-10.446416
3.323584,2.083584,0.19358398,-0.13641602,-1.236416,-1.786416,-3.906416,-3.656416,-4.866416,-5.826416,-6.066416,-6.596416,-6.436416,-6.976416,-1.536416,-2.126416,-2.9664161,-3.296416,-3.416416,-1.586416,0.88358396,-0.576416,-0.786416,-1.286416,0.36358398,-0.006416016,4.4135838,4.673584,6.343584,5.193584,3.943584,2.423584,0.383584,-1.226416,-2.866416,-1.336416,-0.47641602,0.0035839844,0.723584,0.76358396,-0.906416,1.203584,-0.19641602,-0.876416,0.013583984,-1.186416,-0.06641602,-4.936416,0.553584,4.373584,-0.036416017,-0.826416,-5.716416,-6.226416,-7.056416,-8.656416,-9.536416,-10.486416,-8.646416
3.663584,4.523584,3.513584,2.093584,0.643584,-0.696416,-2.546416,-3.296416,-2.996416,-3.696416,-4.416416,-5.246416,-4.896416,-2.596416,-1.296416,-0.80641603,-4.3364162,-3.756416,-3.816416,-0.86641604,1.8535839,2.0335839,1.4835839,1.333584,1.183584,1.023584,1.083584,1.843584,4.723584,4.963584,4.193584,3.363584,1.493584,-1.1464161,-2.266416,-0.586416,1.613584,1.583584,0.023583984,0.983584,0.37358397,0.043583985,0.473584,-0.22641602,0.523584,0.353584,0.23358399,-1.236416,-0.586416,0.593584,1.383584,-0.15641601,-1.986416,-4.276416,-4.8364162,-6.686416,-8.526416,-10.496416,-10.096416
3.553584,5.713584,5.563584,3.023584,2.583584,0.70358396,-0.846416,-1.376416,-2.2064161,-2.506416,-2.196416,-2.346416,-2.626416,-0.876416,0.30358398,0.293584,-2.416416,-1.286416,-2.876416,-1.566416,-2.316416,-1.716416,1.333584,3.183584,1.033584,1.133584,0.663584,0.613584,3.5335839,5.423584,4.793584,4.453584,3.003584,0.24358398,-0.916416,-0.706416,3.933584,2.943584,2.153584,0.82358396,0.23358399,-0.776416,0.553584,-0.28641602,-0.296416,0.283584,1.193584,2.073584,-0.37641603,1.963584,2.523584,0.75358397,-0.666416,-1.096416,-2.336416,-5.136416,-7.486416,-9.606416,-11.446416
0.12358399,-0.366416,2.993584,2.823584,2.053584,1.063584,-0.68641603,-1.3964161,-1.926416,-2.746416,-1.786416,-0.886416,-0.486416,0.31358397,0.903584,1.653584,-1.236416,-0.576416,-0.456416,-0.06641602,-1.916416,-1.2664161,-1.506416,-1.606416,-0.826416,-0.076416016,-0.046416014,2.7835839,3.603584,3.363584,3.323584,3.993584,4.043584,1.533584,-0.336416,0.17358398,0.253584,1.7235839,0.20358399,0.443584,0.50358397,0.49358398,-0.35641602,0.15358399,0.11358398,-0.116416015,0.30358398,0.923584,1.553584,1.653584,2.433584,2.343584,0.24358398,-0.93641603,-0.626416,-2.246416,-4.986416,-8.266416,-10.546416
-0.67641604,-1.366416,1.143584,2.773584,2.713584,1.253584,0.43358397,-0.536416,-0.92641604,0.053583983,0.383584,1.083584,2.013584,-0.336416,-1.166416,1.023584,0.783584,-0.55641603,-2.136416,-1.336416,-0.016416015,-0.466416,0.533584,0.39358398,1.073584,-0.646416,1.383584,-0.076416016,2.513584,3.023584,3.023584,2.983584,3.183584,0.853584,0.043583985,0.043583985,-0.31641603,0.473584,0.94358397,-0.08641601,0.663584,0.903584,1.1035839,0.593584,0.783584,0.803584,2.023584,1.623584,1.253584,2.133584,-0.92641604,2.053584,0.413584,0.913584,2.993584,0.543584,0.253584,-1.796416,-10.116416
1.503584,1.373584,1.863584,2.333584,2.123584,1.293584,0.283584,0.15358399,0.11358398,0.34358397,2.723584,1.893584,2.453584,0.963584,-0.09641602,-0.626416,1.303584,1.593584,1.1035839,-0.08641601,-1.106416,-0.35641602,1.523584,1.403584,2.343584,2.103584,1.413584,0.453584,-0.906416,-0.28641602,1.173584,2.963584,3.173584,1.363584,1.183584,-0.31641603,0.593584,-0.24641602,0.293584,-0.026416015,0.23358399,1.403584,1.613584,1.113584,1.293584,2.483584,1.003584,-0.44641602,-0.54641604,-1.876416,-1.846416,0.46358398,-1.326416,-1.216416,-1.056416,-1.286416,-1.376416,0.76358396,-1.326416
0.103583984,2.423584,2.683584,3.2935839,1.963584,0.22358398,-1.186416,0.603584,0.24358398,2.133584,1.003584,2.913584,0.803584,4.353584,2.443584,-0.946416,0.23358399,-0.006416016,2.693584,0.913584,0.31358397,0.603584,0.833584,0.12358399,1.673584,0.613584,1.003584,0.70358396,-0.37641603,-1.076416,0.013583984,0.11358398,-0.596416,-0.43641603,-1.126416,-1.446416,-0.396416,0.46358398,0.37358397,-1.106416,-0.766416,1.253584,1.213584,-0.12641601,1.613584,0.863584,0.473584,-0.426416,-0.566416,-1.466416,-2.086416,-2.186416,-1.5164161,-1.606416,-0.666416,-0.506416,-1.536416,-1.3964161,-1.116416
0.973584,1.583584,1.123584,1.523584,2.243584,2.063584,1.563584,0.063583985,0.963584,2.833584,-1.306416,-1.866416,-1.586416,3.443584,2.383584,2.353584,-1.036416,-1.326416,0.473584,0.263584,-0.026416015,-1.666416,0.263584,0.623584,-0.21641602,0.82358396,0.103583984,-0.516416,-1.286416,-1.806416,-2.016416,0.22358398,0.51358396,0.603584,0.903584,0.593584,0.20358399,-0.576416,0.21358399,-0.47641602,-1.2664161,1.023584,0.15358399,3.113584,1.463584,5.393584,-0.456416,-2.416416,-0.74641603,-0.756416,-2.276416,-0.25641602,-1.676416,-2.236416,-0.976416,-1.416416,-1.866416,-1.546416,0.08358398
-1.736416,-2.116416,1.613584,4.943584,3.643584,4.423584,2.673584,4.323584,0.913584,-0.006416016,0.08358398,-3.086416,0.24358398,-3.176416,1.093584,1.183584,-0.046416014,-1.7664161,-2.276416,-3.056416,-2.596416,0.543584,-0.496416,-1.826416,-1.206416,-0.906416,-1.606416,-2.096416,-2.586416,-1.846416,-2.756416,-1.246416,-1.596416,-0.456416,-0.756416,0.473584,-0.18641602,-0.73641604,-1.446416,0.23358399,0.713584,-1.746416,1.2235839,1.273584,-1.046416,-1.376416,-0.816416,-1.1464161,-0.93641603,-1.076416,-1.306416,-1.866416,-1.226416,-1.696416,-2.566416,-0.266416,-2.166416,-1.876416,-0.34641603
1.313584,4.353584,5.563584,4.123584,4.823584,1.883584,0.49358398,1.703584,0.603584,-0.16641602,0.23358399,-1.906416,-1.596416,-2.406416,-2.806416,-3.196416,-2.556416,-0.21641602,-1.666416,-2.776416,-1.716416,-1.156416,-1.186416,-1.656416,-2.226416,-1.046416,-1.076416,0.27358398,1.843584,3.803584,3.2835839,3.233584,1.943584,2.7935839,0.08358398,-0.526416,-1.186416,0.19358398,0.413584,2.143584,0.673584,1.143584,0.973584,-0.79641604,-0.92641604,-0.526416,-0.296416,0.56358397,-0.34641603,-1.696416,-1.946416,-1.336416,-0.656416,-1.726416,-2.666416,0.053583983,-2.076416,-1.726416,-0.766416
2.163584,7.653584,6.543584,4.443584,0.413584,-2.236416,-0.22641602,1.813584,-0.036416017,-0.296416,-0.24641602,-0.73641604,0.473584,-0.716416,-3.676416,-2.9564161,-3.146416,-3.836416,-1.846416,-2.136416,-1.496416,-2.076416,-2.586416,-1.496416,0.713584,3.723584,3.7935839,2.5435839,4.143584,3.593584,3.7935839,4.473584,4.403584,4.953584,1.493584,2.553584,-0.296416,0.24358398,2.5435839,3.0435839,2.973584,1.9835839,1.823584,1.8535839,-0.40641603,-1.636416,-0.906416,-1.326416,0.013583984,0.30358398,-0.626416,-1.856416,-1.166416,-3.536416,-2.776416,-0.40641603,-0.506416,-3.696416,-1.796416
5.683584,3.833584,-0.756416,4.113584,3.693584,4.103584,2.063584,-0.566416,0.553584,-0.606416,1.363584,0.743584,1.783584,0.16358398,-1.466416,-1.406416,-2.506416,-2.416416,0.43358397,-0.956416,-0.776416,-3.476416,2.613584,2.363584,0.963584,-0.016416015,5.693584,5.513584,0.70358396,-0.41641602,-1.746416,-1.676416,-1.796416,1.763584,1.843584,1.693584,0.983584,2.653584,3.0335839,2.123584,3.103584,2.953584,1.783584,0.713584,-0.74641603,-1.366416,-1.446416,-0.876416,-0.21641602,0.603584,0.833584,0.963584,-0.516416,-3.066416,-3.826416,-1.056416,2.563584,-5.236416,-1.316416
0.88358396,-2.336416,-0.646416,0.30358398,2.693584,0.013583984,1.803584,-0.13641602,2.413584,-0.526416,0.093583986,0.21358399,1.623584,-1.1464161,-1.316416,-3.006416,-2.146416,-1.806416,-1.2764161,-2.166416,3.583584,3.993584,1.7235839,1.963584,3.383584,4.343584,2.663584,1.423584,2.263584,0.903584,3.163584,1.4835839,-1.256416,3.333584,-0.816416,2.443584,2.433584,1.173584,0.15358399,-1.226416,0.51358396,-1.376416,1.513584,1.263584,0.613584,-2.046416,-1.736416,-0.55641603,-0.68641603,0.49358398,0.473584,0.053583983,0.17358398,-2.976416,-1.976416,-1.726416,-0.566416,-1.466416,-3.416416
0.093583986,4.043584,-0.23641601,0.40358397,-1.006416,-2.726416,-0.366416,-1.446416,0.40358397,-0.026416015,-0.40641603,-0.16641602,0.263584,-1.386416,-2.166416,-3.036416,-2.096416,1.283584,-3.266416,2.403584,1.243584,2.243584,2.7935839,2.423584,2.023584,2.333584,1.663584,-1.376416,-5.026416,-3.306416,0.36358398,-3.546416,1.053584,3.053584,0.023583984,1.383584,2.5435839,1.693584,1.053584,-0.366416,1.113584,0.39358398,0.603584,1.4835839,0.37358397,0.24358398,0.043583985,-1.206416,-0.15641601,-1.126416,-1.066416,-1.306416,-0.506416,-1.746416,-0.666416,-3.006416,-2.096416,0.663584,-0.12641601
1.533584,0.893584,4.073584,0.663584,0.39358398,2.303584,0.033583984,-0.06641602,1.173584,-2.416416,0.043583985,0.383584,-0.626416,1.263584,-0.506416,-1.796416,-2.826416,-1.546416,0.103583984,-1.436416,0.793584,2.123584,2.603584,1.133584,0.843584,0.16358398,-0.22641602,1.823584,2.503584,1.4735839,2.613584,0.683584,-0.38641602,0.443584,0.50358397,-0.13641602,1.3535839,-1.946416,-2.166416,-1.946416,-0.916416,-0.55641603,0.603584,-2.526416,2.133584,-0.14641601,0.523584,-0.496416,-0.43641603,0.253584,-0.506416,-0.816416,-0.496416,-0.21641602,-1.196416,-0.566416,-1.046416,-0.55641603,0.11358398
0.413584,-0.056416016,9.453584,10.253584,3.963584,2.743584,0.913584,-0.366416,-2.096416,1.923584,0.253584,-0.19641602,0.17358398,0.253584,-1.176416,-2.4664161,-1.936416,1.073584,1.363584,1.283584,-1.906416,-2.116416,-1.756416,-1.726416,-1.216416,-3.246416,-5.026416,-2.556416,-7.506416,-0.886416,1.443584,0.933584,0.82358396,-0.876416,-1.126416,-1.236416,-0.15641601,-1.186416,-1.446416,-1.836416,-1.416416,-1.7664161,-2.4564161,-1.836416,-1.536416,0.063583985,-0.19641602,0.913584,0.0035839844,-1.036416,-0.306416,0.533584,0.913584,0.63358396,0.863584,1.573584,0.863584,1.043584,0.893584
-0.54641604,1.953584,4.023584,11.293584,1.883584,-0.21641602,4.703584,2.803584,2.273584,3.823584,-0.516416,-3.916416,-3.876416,-3.666416,-3.316416,-1.806416,0.08358398,2.253584,-2.976416,0.593584,-1.246416,0.94358397,-1.486416,-1.316416,-2.786416,-4.096416,-3.9564161,-4.446416,-3.556416,-3.496416,-2.2164161,1.123584,2.333584,0.673584,0.34358397,-0.40641603,0.57358396,1.193584,0.63358396,0.063583985,-0.38641602,0.743584,-0.47641602,-1.196416,-2.356416,-1.746416,-0.426416,0.15358399,0.39358398,0.33358398,-0.666416,-2.786416,1.773584,-0.08641601,-1.376416,2.673584,2.203584,2.343584,1.753584
-2.766416,3.233584,3.013584,4.483584,0.283584,0.22358398,3.863584,4.683584,5.113584,4.113584,2.103584,6.773584,2.663584,-0.61641604,4.013584,1.3535839,0.82358396,-1.0264161,4.673584,1.003584,1.2235839,1.833584,4.513584,-0.73641604,-2.186416,-4.306416,-3.446416,-2.646416,-1.216416,-3.096416,-0.696416,0.82358396,2.173584,0.803584,1.333584,1.2235839,1.513584,1.883584,0.643584,1.173584,-1.236416,-1.186416,-0.656416,1.563584,-1.066416,0.19358398,-0.896416,-1.656416,1.163584,0.973584,1.123584,0.793584,0.16358398,1.393584,2.373584,1.413584,3.663584,2.933584,1.923584
1.043584,-1.5164161,-1.176416,-0.17641601,2.893584,5.533584,2.883584,0.533584,-1.436416,-0.276416,0.013583984,-2.346416,-1.156416,1.673584,1.743584,3.463584,1.183584,4.303584,1.9835839,2.183584,-0.466416,0.723584,2.113584,-0.10641602,0.11358398,-0.426416,1.433584,-2.306416,-2.056416,0.743584,-0.596416,-0.456416,-1.626416,0.923584,-1.886416,-3.516416,-2.896416,-2.546416,1.953584,1.623584,-0.046416014,0.593584,0.75358397,0.443584,-1.286416,-1.186416,-1.046416,-2.556416,1.343584,1.673584,1.9835839,2.233584,1.833584,1.133584,1.8535839,0.653584,4.553584,3.123584,2.053584
-1.686416,-4.296416,-2.816416,-2.416416,-0.666416,7.443584,7.973584,1.683584,-1.7764161,-0.32641602,-0.47641602,0.56358397,-0.076416016,2.983584,1.513584,3.053584,-0.20641601,0.36358398,-0.006416016,1.493584,-0.276416,-1.036416,-0.036416017,-0.06641602,0.0035839844,-0.31641603,-0.706416,-0.08641601,0.583584,1.3535839,-0.276416,-1.056416,-0.496416,1.673584,-1.936416,-1.616416,-0.55641603,-3.726416,-1.2764161,0.12358399,-0.596416,0.21358399,0.94358397,0.833584,0.24358398,-0.586416,-1.546416,-0.516416,1.653584,1.573584,1.923584,1.583584,2.023584,-0.606416,1.403584,-0.22641602,2.913584,3.353584,2.843584
-3.256416,-3.546416,-3.4664161,-1.356416,-0.19641602,7.063584,9.063584,5.643584,4.333584,1.313584,0.21358399,-2.896416,3.483584,4.483584,0.443584,3.473584,4.423584,0.773584,1.2235839,0.733584,-0.22641602,-0.336416,1.763584,0.733584,-0.10641602,-0.976416,-0.846416,-0.92641604,-0.44641602,-0.24641602,0.27358398,0.07358398,-0.956416,-1.686416,-3.996416,-0.12641601,-2.236416,-0.016416015,2.983584,0.653584,1.9735839,1.903584,0.69358397,0.873584,-0.026416015,-0.24641602,-1.416416,0.15358399,-2.096416,-0.666416,2.333584,3.243584,1.943584,0.803584,0.46358398,-1.296416,-0.716416,2.563584,3.173584
