wind_kz.json
{"header": {"discipline":0,"disciplineName":"Meteorological products","gribEdition":2,"gribLength":871,"center":7,"centerName":"US National Weather Service - NCEP(WMC)","subcenter":0,"refTime":"2023-09-22T12:00:00.000Z","significanceOfRT":1,"significanceOfRTName":"Start of forecast","productStatus":0,"productStatusName":"Operational products","productType":1,"productTypeName":"Forecast products","productDefinitionTemplate":0,"productDefinitionTemplateName":"Analysis/forecast at horizontal level/layer at a point in time","parameterCategory":0,"parameterCategoryName":"UnknownDiscipline_0_Category_0","parameterNumber":0,"parameterNumberName":"UnknownParameter_D0_C0_0","parameterUnit":"Unknown","genProcessType":2,"genProcessTypeName":"Forecast","forecastTime":0,"surface1Type":1,"surface1TypeName":"Ground or water surface","surface1Value":0.0,"surface2Type":255,"surface2TypeName":"Missing","surface2Value":0.0,"gridDefinitionTemplate":0,"gridDefinitionTemplateName":"Latitude_Longitude","numberPoints":615,"shape":6,"shapeName":"Earth spherical with radius of 6,371,229.0 m","gridUnits":"degrees","resolution":48,"winds":"true","scanMode":64,"nx":41,"ny":15,"basicAngle":0,"lo1":47.0,"la1":41.0,"lo2":87.0,"la2":55.0,"dx":1.0,"dy":1.0}, "data":
[rows 0 to 14 of 15, columns 0 to 40 of 41]
305.00134,291.30133,298.30133,295.10135,295.00134,294.50134,304.70135,308.40134,305.90134,307.10135,305.20135,305.40134,304.60135,304.50134,303.70135,302.10135,302.00134,301.60135,302.00134,301.40134,302.60135,298.50134,298.20135,293.50134,297.20135,298.30133,291.00134,272.20135,274.20135,273.90134,276.10135,276.50134,285.40134,291.40134,291.80133,296.60135,295.30133,294.00134,293.30133,293.40134,292.90134
284.70135,298.50134,294.30133,294.40134,294.30133,294.00134,309.80133,306.10135,305.00134,304.30133,305.80133,303.80133,304.10135,302.10135,302.70135,302.60135,302.50134,302.20135,300.80133,300.90134,300.70135,299.20135,296.50134,287.40134,280.90134,277.60135,284.10135,275.40134,277.00134,268.40134,275.90134,267.80133,279.50134,258.90134,275.50134,291.30133,290.50134,292.30133,295.60135,287.50134,284.40134
301.00134,293.80133,294.30133,294.20135,292.50134,306.00134,305.10135,305.80133,305.00134,303.30133,302.60135,303.80133,302.20135,302.70135,302.00134,301.90134,301.40134,300.90134,300.90134,300.50134,300.90134,300.00134,298.20135,292.30133,294.30133,291.50134,289.20135,289.20135,286.50134,277.00134,269.70135,272.90134,277.40134,279.70135,280.40134,282.00134,274.40134,277.40134,277.70135,273.10135,274.70135
301.90134,293.50134,294.60135,293.60135,295.70135,306.00134,304.80133,304.70135,304.90134,304.30133,302.60135,299.30133,292.20135,291.70135,299.80133,302.60135,301.00134,301.10135,301.70135,301.20135,299.30133,294.30133,298.50134,298.60135,298.30133,296.80133,295.30133,291.60135,288.70135,289.10135,288.00134,284.40134,290.40134,288.40134,290.10135,285.40134,275.90134,269.30133,278.70135,287.40134,291.00134
302.40134,293.20135,293.80133,292.90134,297.80133,304.40134,304.70135,305.90134,302.30133,301.70135,302.10135,299.70135,291.70135,290.60135,289.40134,301.90134,302.40134,300.60135,300.00134,300.10135,301.20135,301.50134,299.80133,299.40134,298.00134,297.70135,295.50134,293.00134,293.20135,292.40134,292.70135,289.70135,277.00134,270.90134,283.50134,291.70135,292.70135,295.60135,296.00134,295.40134,294.70135
303.90134,301.70135,292.50134,292.90134,292.90134,293.10135,304.70135,304.30133,299.50134,300.90134,300.50134,300.00134,292.60135,292.30133,295.00134,300.10135,301.90134,302.00134,301.00134,301.10135,300.40134,299.20135,298.50134,296.70135,296.10135,293.80133,295.60135,290.40134,296.00134,295.40134,294.40134,295.80133,293.00134,292.20135,288.90134,291.10135,281.30133,284.30133,291.50134,294.40134,291.50134
304.40134,304.80133,303.80133,302.80133,299.10135,302.50134,302.60135,301.40134,301.60135,301.40134,298.50134,299.10135,299.00134,299.70135,299.50134,300.00134,300.10135,300.90134,300.20135,299.30133,299.50134,299.40134,298.50134,298.60135,294.10135,293.30133,292.80133,295.20135,293.70135,293.20135,293.10135,292.40134,293.20135,292.50134,290.60135,288.70135,283.00134,279.00134,276.40134,274.90134,285.60135
304.40134,304.30133,304.40134,303.90134,303.10135,301.90134,303.30133,302.70135,301.40134,300.00134,299.30133,298.40134,298.50134,297.60135,298.70135,298.70135,298.40134,298.70135,298.70135,296.60135,295.80133,297.00134,296.10135,295.00134,292.40134,289.60135,289.20135,291.20135,289.10135,290.90134,289.30133,289.70135,289.20135,286.50134,285.90134,287.40134,288.20135,288.10135,288.70135,289.20135,287.40134
303.60135,302.70135,303.10135,302.70135,302.70135,302.60135,302.60135,302.30133,300.90134,300.10135,298.40134,297.90134,296.60135,297.40134,296.50134,297.50134,297.10135,297.10135,295.70135,294.90134,292.90134,293.10135,293.70135,292.30133,290.00134,290.60135,287.90134,287.00134,286.80133,285.60135,286.50134,286.90134,288.50134,288.60135,287.10135,283.90134,284.30133,283.90134,274.60135,275.80133,274.90134
301.80133,302.10135,302.30133,301.90134,301.80133,301.80133,302.10135,301.10135,300.00134,298.60135,297.10135,295.70135,296.10135,295.30133,295.30133,295.10135,295.90134,295.80133,295.20135,294.60135,292.60135,292.20135,292.90134,292.90134,292.30133,290.70135,289.50134,289.30133,287.80133,287.20135,287.10135,289.10135,290.90134,290.60135,288.50134,286.30133,282.80133,280.20135,278.20135,275.10135,275.80133
301.50134,301.80133,301.20135,301.10135,301.20135,301.10135,300.80133,300.90134,300.10135,299.00134,296.70135,295.50134,295.80133,294.60135,294.70135,295.10135,295.00134,295.70135,295.10135,293.10135,293.00134,291.60135,290.60135,290.80133,290.20135,290.40134,288.30133,290.40134,290.80133,291.90134,292.30133,292.20135,291.70135,290.80133,289.40134,286.20135,281.60135,279.80133,280.30133,278.60135,276.40134
300.90134,302.00134,301.60135,301.60135,300.90134,300.20135,299.00134,298.90134,299.30133,298.20135,294.30133,293.60135,294.70135,293.70135,294.00134,294.80133,294.90134,294.80133,294.90134,293.70135,291.30133,289.80133,289.40134,290.00134,289.00134,290.10135,290.10135,291.00134,291.40134,291.70135,291.20135,291.10135,290.80133,290.00134,289.90134,288.80133,286.70135,285.70135,284.00134,284.20135,282.70135
298.30133,300.40134,300.40134,300.30133,299.60135,298.90134,298.70135,299.00134,297.60135,296.70135,292.10135,290.60135,293.50134,292.80133,293.60135,290.70135,289.90134,290.40134,290.50134,291.10135,290.10135,290.80133,289.60135,289.40134,290.00134,291.10135,292.20135,291.50134,291.00134,290.60135,290.70135,289.90134,290.10135,289.60135,288.90134,287.90134,287.80133,289.10135,285.50134,283.90134,284.10135
298.40134,299.60135,293.20135,298.30133,297.50134,296.10135,296.70135,295.00134,296.20135,295.50134,290.30133,288.00134,291.20135,292.50134,292.90134,293.10135,293.00134,291.90134,291.60135,290.60135,290.50134,289.90134,287.90134,288.10135,288.90134,288.40134,287.80133,289.40134,291.80133,290.80133,289.60135,289.20135,288.40134,287.80133,288.40134,287.50134,288.00134,287.90134,286.40134,283.80133,284.80133
298.00134,299.60135,288.20135,297.50134,297.50134,297.10135,296.50134,295.60135,296.20135,294.50134,290.50134,289.50134,288.00134,290.50134,291.50134,292.40134,292.50134,291.80133,292.10135,290.80133,289.40134,288.50134,288.70135,286.70135,286.50134,286.20135,286.20135,286.60135,286.80133,286.60135,286.40134,285.30133,289.50134,288.90134,288.30133,288.20135,288.50134,287.80133,287.50134,289.20135,287.70135
