wind_kz.json
{"header": {"discipline":0,"disciplineName":"Meteorological products","gribEdition":2,"gribLength":1025,"center":7,"centerName":"US National Weather Service - NCEP(WMC)","subcenter":0,"refTime":"2024-04-09T06:00:00.000Z","significanceOfRT":1,"significanceOfRTName":"Start of forecast","productStatus":0,"productStatusName":"Operational products","productType":1,"productTypeName":"Forecast products","productDefinitionTemplate":0,"productDefinitionTemplateName":"Analysis/forecast at horizontal level/layer at a point in time","parameterCategory":2,"parameterCategoryName":"UnknownDiscipline_0_Category_2","parameterNumber":3,"parameterNumberName":"UnknownParameter_D0_C2_3","parameterUnit":"Unknown","genProcessType":2,"genProcessTypeName":"Forecast","forecastTime":240,"surface1Type":103,"surface1TypeName":"Specified height level above ground","surface1Value":10.0,"surface2Type":255,"surface2TypeName":"Missing","surface2Value":0.0,"gridDefinitionTemplate":0,"gridDefinitionTemplateName":"Latitude_Longitude","numberPoints":615,"shape":6,"shapeName":"Earth spherical with radius of 6,371,229.0 m","gridUnits":"degrees","resolution":48,"winds":"true","scanMode":64,"nx":41,"ny":15,"basicAngle":0,"lo1":47.0,"la1":41.0,"lo2":87.0,"la2":55.0,"dx":1.0,"dy":1.0}, "data":
[rows 0 to 14 of 15, columns 0 to 40 of 41]
-3.518767,1.8612329,5.321233,8.361233,5.391233,3.721233,6.251233,4.121233,2.5012329,1.6112329,0.20123291,-0.1687671,-0.4787671,-0.8487671,-2.868767,-5.158767,-4.448767,-2.648767,-1.9487671,-0.5987671,0.1612329,-1.3087671,-1.7887671,0.18123291,1.3812329,0.3712329,-0.8187671,-1.9387671,-0.4887671,3.2512329,1.3712329,2.161233,-2.7287672,-0.6587671,-2.158767,0.38123292,3.181233,2.441233,2.861233,-0.03876709,-1.8287671
4.181233,-2.6787672,9.051233,8.561233,6.1912327,5.641233,6.731233,4.591233,2.7412329,1.901233,1.3012329,-0.8787671,-1.5287671,-2.068767,-4.018767,-5.008767,-3.6887672,-3.5087671,-2.6887672,-1.4487671,-1.8287671,-3.858767,-2.168767,-1.1587671,0.4312329,1.2512329,1.9812329,0.7112329,0.1612329,0.28123292,-0.09876709,2.851233,1.541233,0.55123293,0.4912329,2.921233,2.2812328,3.351233,2.101233,1.281233,0.20123291
-2.9587672,0.4612329,6.961233,7.1112328,5.6512327,7.121233,6.4212327,5.591233,4.1912327,2.3112328,-0.11876709,-0.6487671,-1.3787671,-2.2087672,-3.558767,-4.698767,-3.7287672,-4.0787673,-2.608767,-2.318767,-1.4087671,-4.3287673,-5.158767,-1.728767,-2.628767,-1.6187671,-0.49876708,-1.6987671,-0.11876709,-1.6987671,0.17123291,2.0512328,1.791233,2.361233,0.2912329,-1.9187671,-2.118767,-0.30876708,-0.12876709,-2.148767,-2.118767
0.12123291,6.101233,6.991233,6.3612328,8.881233,8.451233,7.971233,5.961233,4.701233,3.181233,0.7812329,-0.17876709,-2.4587672,-3.908767,-2.418767,-3.668767,-3.6887672,-3.7287672,-3.6887672,-4.208767,-3.608767,-5.208767,-0.04876709,-2.2187672,-2.9587672,-3.7187672,-2.878767,-3.2487671,-1.5487671,-1.6387671,2.181233,0.5012329,0.4812329,-0.7287671,0.74123293,2.2512329,1.5712329,-0.5187671,-1.9887671,-1.7887671,-2.1887672
6.021233,8.001233,7.471233,4.081233,7.591233,8.511233,7.601233,6.9212327,5.841233,3.731233,2.181233,1.0712329,-0.7387671,-2.408767,-1.5487671,-1.358767,-1.6987671,-2.4887671,-3.0087671,-2.768767,-2.378767,-1.4387671,-1.6387671,-1.6987671,-2.1987672,-2.868767,-4.018767,-3.4587672,-3.4687672,-3.858767,-4.728767,-4.428767,-1.8287671,0.32123291,0.67123294,1.4212329,1.4712329,-0.4887671,0.5912329,-1.6787671,-0.8987671
8.971233,9.711233,6.301233,5.231233,4.3812327,4.6312327,7.221233,6.221233,6.011233,4.961233,3.711233,2.3212328,-0.03876709,-2.318767,-0.7487671,-0.50876707,-0.42876709,-0.9287671,-0.9587671,-0.7287671,-1.2587671,-1.338767,-0.6787671,-0.8487671,-0.94876707,-1.218767,-1.8087671,-4.358767,-2.538767,-3.2387671,-3.848767,-4.728767,-2.358767,-2.4587672,-2.2587671,-0.9687671,-2.7087672,-2.5087671,-1.7487671,-0.7987671,3.341233
10.281233,10.511233,9.661233,8.741233,7.451233,8.131233,7.681233,6.741233,6.091233,5.121233,4.011233,2.7912328,1.6812329,0.80123293,-0.2987671,-0.11876709,0.4312329,0.2912329,0.05123291,-0.6087671,-1.4487671,-1.6687671,-1.3287671,-0.5187671,-0.7687671,-0.88876706,-1.5787671,-1.9487671,-2.568767,-2.4687672,-3.4387672,-3.638767,-4.018767,-1.4187671,0.17123291,1.3112329,1.2012329,-1.5087671,-2.368767,0.7012329,-2.118767
10.051233,10.381233,8.971233,9.101233,9.041233,8.501233,7.711233,7.311233,6.971233,5.931233,4.541233,3.5512328,2.471233,1.521233,1.031233,0.9612329,0.4812329,0.41123292,0.3612329,0.6512329,-0.09876709,-0.5287671,-1.468767,-1.968767,-2.7387671,-2.558767,-2.908767,-2.668767,-2.578767,-3.268767,-3.878767,-3.358767,-3.018767,-3.4587672,-2.908767,-1.3087671,-1.218767,-2.2287672,-0.57876706,-1.708767,-0.3587671
9.061233,9.561233,9.461233,9.061233,8.581233,8.281233,7.821233,6.711233,6.801233,6.531233,5.561233,4.891233,3.611233,2.951233,2.3212328,1.641233,1.4812329,0.9512329,0.23123291,-0.5187671,-0.3187671,-0.9287671,-1.8287671,-2.328767,-3.128767,-3.2087672,-3.268767,-3.658767,-4.1387672,-4.3287673,-4.878767,-4.668767,-4.648767,-2.9887671,-3.1787672,-2.648767,0.4612329,-2.848767,-3.5087671,-3.118767,-0.5287671
7.811233,7.951233,8.571233,8.671233,8.161233,7.321233,7.781233,7.621233,6.831233,6.521233,6.251233,5.481233,5.101233,4.1112328,3.5712328,2.351233,1.7012329,1.0512329,0.55123293,-0.05876709,-1.2487671,-2.128767,-2.608767,-2.668767,-2.6887672,-2.868767,-3.4487672,-3.518767,-3.828767,-3.9587672,-4.738767,-4.358767,-4.228767,-4.298767,-2.768767,-0.7787671,1.5012329,-0.9687671,2.341233,1.9912329,1.541233
6.4212327,6.9012327,8.081233,7.6312327,7.411233,7.771233,7.8812327,8.111233,7.261233,6.4412327,5.661233,5.281233,5.3812327,4.911233,3.941233,3.0012329,2.111233,1.1812329,0.4512329,-0.50876707,-1.1987671,-1.4387671,-2.1887672,-2.058767,-2.4687672,-2.798767,-2.9587672,-3.1987672,-3.148767,-3.818767,-4.1187673,-4.108767,-4.408767,-4.238767,-3.7587671,2.391233,1.9612329,2.171233,2.101233,1.6312329,1.2312329
2.5412328,5.251233,7.101233,8.211233,8.151233,7.501233,6.911233,6.231233,6.411233,5.6712327,5.521233,4.6312327,4.821233,4.451233,3.971233,2.8012328,1.3612329,0.2912329,0.5812329,0.7312329,0.38123292,-0.33876708,-0.3887671,-0.1387671,-1.6287671,-1.8187671,-2.268767,-3.128767,-3.2587671,-3.7187672,-4.418767,-5.0587673,-4.288767,-4.658767,-3.398767,-2.848767,-0.7187671,1.641233,0.5712329,-0.20876709,-0.4087671
1.3712329,3.611233,5.1512327,6.221233,6.981233,5.981233,7.911233,7.9212327,8.341233,5.9412327,3.721233,4.1912327,5.031233,4.281233,3.5312328,2.4912329,1.8712329,1.5712329,2.411233,1.161233,1.8412329,1.0612329,0.08123291,-0.9187671,-1.708767,-1.7587671,-2.588767,-2.358767,-3.7387671,-4.698767,-4.838767,-4.748767,-4.548767,-3.9487672,-4.648767,-4.8687673,-4.878767,-3.108767,-4.538767,-5.068767,-2.088767
-2.148767,-0.4587671,1.4712329,4.311233,6.741233,7.351233,7.501233,7.571233,7.521233,7.771233,4.481233,3.2712328,3.911233,4.321233,3.611233,3.231233,2.9912329,2.701233,2.391233,1.911233,1.3212329,1.6112329,0.9112329,0.4512329,0.6512329,0.6512329,-0.46876708,-2.618767,-3.4987671,-3.7087672,-4.258767,-5.268767,-4.958767,-4.978767,-4.778767,-5.0987673,-4.6187673,-4.018767,-2.9287672,-2.2387671,-4.428767
-1.7987671,-2.4787672,-2.888767,1.7312329,5.291233,6.311233,7.681233,7.311233,6.951233,6.571233,4.641233,5.211233,3.151233,2.701233,3.7512329,3.361233,3.211233,2.961233,3.181233,2.361233,1.8112329,2.0412328,2.181233,2.081233,2.601233,1.9812329,-0.6587671,-2.118767,-2.538767,-3.058767,-3.658767,-3.088767,-4.788767,-5.418767,-5.3887672,-5.3687673,-5.718767,-4.208767,-3.788767,-3.048767,-1.4187671
