wind_kz.json
{"header": {"discipline":0,"disciplineName":"Meteorological products","gribEdition":2,"gribLength":1025,"center":7,"centerName":"US National Weather Service - NCEP(WMC)","subcenter":0,"refTime":"2023-10-03T18:00:00.000Z","significanceOfRT":1,"significanceOfRTName":"Start of forecast","productStatus":0,"productStatusName":"Operational products","productType":1,"productTypeName":"Forecast products","productDefinitionTemplate":0,"productDefinitionTemplateName":"Analysis/forecast at horizontal level/layer at a point in time","parameterCategory":2,"parameterCategoryName":"UnknownDiscipline_0_Category_2","parameterNumber":3,"parameterNumberName":"UnknownParameter_D0_C2_3","parameterUnit":"Unknown","genProcessType":2,"genProcessTypeName":"Forecast","forecastTime":300,"surface1Type":103,"surface1TypeName":"Specified height level above ground","surface1Value":10.0,"surface2Type":255,"surface2TypeName":"Missing","surface2Value":0.0,"gridDefinitionTemplate":0,"gridDefinitionTemplateName":"Latitude_Longitude","numberPoints":615,"shape":6,"shapeName":"Earth spherical with radius of 6,371,229.0 m","gridUnits":"degrees","resolution":48,"winds":"true","scanMode":64,"nx":41,"ny":15,"basicAngle":0,"lo1":47.0,"la1":41.0,"lo2":87.0,"la2":55.0,"dx":1.0,"dy":1.0}, "data":
[rows 0 to 14 of 15, columns 0 to 40 of 41]
-0.9930151,0.37698486,0.23698486,9.806985,4.926985,4.096985,6.2369847,5.5469847,4.456985,4.116985,2.9269848,2.2069848,1.7669848,0.09698486,-0.8030151,-2.0330153,-2.263015,-2.7830153,-4.153015,-2.253015,-1.1230152,-3.183015,0.35698485,0.5669849,1.3869848,0.14698486,-0.16301514,-1.6930151,-1.4330151,-0.46301514,-2.1630151,-2.5530152,-2.0330153,-1.2530152,-1.3530152,-2.953015,-3.1530151,-1.2230152,1.9269849,1.8369849,2.746985
2.016985,0.10698486,9.526985,8.616985,8.636985,6.9869847,6.346985,5.886985,5.2969847,3.996985,3.7069848,2.1269848,1.6569848,1.2469848,-0.6630151,-0.82301515,-0.7430151,-1.5630151,-2.963015,-4.043015,-4.403015,-4.133015,-3.1230152,0.40698487,0.28698486,-0.5430151,1.3169849,-0.9230151,-0.9830151,0.54698485,-1.5730151,0.5069849,0.5169849,-2.9130151,-1.2330152,1.5869849,0.21698487,-0.25301513,-0.16301514,-2.1330152,0.6969849
-0.33301514,5.846985,8.666985,8.616985,7.946985,6.856985,5.906985,5.416985,6.106985,4.7569847,3.3869848,2.6469848,1.8269849,1.3569849,0.17698486,-0.64301515,-0.76301515,-1.0930152,-2.3330152,-3.5430152,-3.1530151,-3.733015,-3.013015,-1.6430151,-1.4130151,-1.0730151,-0.45301515,-1.4830152,0.016984863,-0.59301513,-0.32301512,1.2469848,1.3369849,0.62698483,1.1469848,-1.1730151,-1.7430152,1.0869849,-1.8730152,-1.1130152,-0.51301515
7.4669847,8.416985,8.896985,9.336985,7.9669847,8.416985,8.086985,7.206985,5.696985,4.596985,3.286985,2.2169847,1.7369848,1.8869848,0.73698485,0.12698486,-0.32301512,-0.50301516,-1.2230152,-2.463015,-4.073015,-1.5230151,1.2769848,0.21698487,-0.53301513,-0.95301515,-1.0930152,-1.3230151,0.07698486,1.1069849,4.0269847,0.38698485,0.33698487,-0.77301514,1.6169848,0.09698486,1.9369849,3.6769848,-1.0630151,-0.27301514,-0.33301514
6.856985,8.4569845,8.666985,7.866985,6.746985,7.3169847,6.696985,6.2569847,5.326985,3.9569848,3.266985,2.5869849,2.4469848,2.236985,1.9669849,0.5769849,0.22698486,-0.32301512,-1.1530151,-0.6730151,1.1169848,1.5169848,1.3769848,0.7569849,0.44698486,0.39698488,-0.10301514,0.25698486,1.1369848,1.2369848,0.97698486,0.06698486,1.0969849,0.016984863,1.1669849,0.85698485,1.9469849,0.22698486,0.74698484,0.86698484,-1.7630152
7.9869847,7.0269847,7.746985,7.426985,8.056985,6.896985,6.556985,5.2769847,4.476985,2.986985,2.236985,1.6669849,0.9569849,0.25698486,1.5469849,1.2369848,1.0169848,0.27698487,-0.10301514,-0.23301513,0.80698484,1.3969848,1.8869848,1.9069848,1.2869849,0.84698486,1.5469849,2.7069848,2.236985,2.1069849,0.60698485,0.12698486,-0.0030151368,1.4069848,2.076985,-0.50301516,-0.093015134,-5.043015,-3.7830153,0.12698486,4.826985
7.0269847,6.596985,7.206985,8.006985,7.7569847,7.496985,6.036985,4.906985,3.6669848,2.9069848,1.9069848,0.86698484,-0.043015137,0.19698486,0.78698486,1.5669849,1.2469848,-0.0030151368,0.17698486,0.11698487,-0.25301513,0.28698486,1.5069848,1.7769848,0.92698485,0.39698488,0.44698486,1.6769849,4.096985,4.156985,1.7069849,0.32698485,-0.33301514,0.13698487,-1.7730151,-0.47301513,1.8069849,2.3669848,-0.7330151,-0.35301512,2.9669847
6.876985,7.176985,7.266985,7.396985,6.9869847,6.686985,5.826985,4.976985,3.8769848,2.796985,1.8369849,0.5169849,0.38698485,0.13698487,0.27698487,1.2669848,1.0569849,1.2769848,1.3269849,0.59698486,0.40698487,0.22698486,0.09698486,0.5669849,0.54698485,-0.8630151,-0.49301514,-0.08301514,1.9469849,3.0969849,2.1469848,0.65698487,0.96698487,2.4069848,3.1269848,1.9769849,-1.6430151,0.23698486,-0.58301514,-1.8530152,-0.81301516
6.016985,6.726985,6.706985,7.206985,6.0069847,5.886985,5.2769847,4.136985,3.256985,2.506985,1.4969848,0.74698484,-0.15301514,0.036984865,0.47698486,1.1569848,1.5269848,1.1569848,1.6469848,2.816985,1.3869848,0.5669849,0.67698485,0.7669849,0.78698486,0.6469849,0.46698487,0.27698487,0.19698486,0.27698487,0.68698484,1.0369849,0.45698488,0.43698487,0.91698486,0.42698488,0.72698486,2.316985,1.8369849,2.2069848,2.496985
5.426985,5.416985,5.7369847,5.696985,6.286985,5.326985,4.576985,3.7069848,3.1469848,2.046985,1.4369849,0.80698484,0.46698487,-0.11301514,0.45698488,0.5669849,1.3669848,1.7269849,2.276985,2.4269848,2.1969848,1.4169849,0.49698487,1.2069849,1.0869849,0.8969849,1.1369848,0.5869849,0.6369849,0.5769849,0.016984863,-1.6330152,-1.4630151,0.046984863,0.98698485,1.1869849,0.40698487,2.1469848,4.366985,3.3369849,3.5869849
5.326985,5.7169847,5.516985,4.646985,4.706985,5.2769847,5.0469847,4.136985,3.1169848,2.286985,1.6569848,0.85698485,0.33698487,0.6969849,0.42698488,0.92698485,1.1369848,1.5169848,2.526985,2.6369848,2.0969849,1.5169848,1.7869849,1.8369849,1.3669848,1.0869849,0.49698487,0.25698486,-0.16301514,-0.76301515,-1.0430151,-1.4430151,-1.5630151,-1.3830152,-1.4830152,1.3569849,2.296985,1.2569848,4.556985,3.6869848,1.2669848
4.5069847,5.016985,5.576985,5.8169847,5.606985,4.916985,4.016985,4.056985,3.226985,2.6369848,1.5469849,0.61698484,0.93698484,1.0469849,0.78698486,1.4869848,1.4669849,1.5469849,2.536985,1.5669849,1.5469849,0.45698488,1.3569849,1.4369849,1.1269848,-0.39301515,-0.17301513,0.60698485,1.4069848,0.0069848634,-1.0330151,-1.1430151,-1.1030152,-1.5430151,-0.39301515,0.18698487,1.0369849,0.38698485,0.9469849,-0.34301513,-0.95301515
4.556985,4.846985,5.2369847,5.166985,4.7369847,3.2169847,3.536985,4.0869846,4.166985,3.1969848,1.2769848,0.59698486,2.0969849,0.42698488,0.7769849,1.1269848,2.1369848,2.1269848,2.4469848,1.5469849,1.6969849,1.2569848,0.9469849,0.43698487,-1.0430151,-1.4330151,-0.8530151,0.6969849,-0.82301515,-0.90301514,-3.1630151,-2.733015,-2.173015,-1.7430152,-1.5530151,-1.0530151,-0.45301515,-0.48301515,-0.15301514,1.5969849,0.78698486
4.696985,4.7569847,5.106985,4.7569847,4.096985,4.956985,4.366985,4.286985,4.076985,4.4869847,2.4569848,0.68698484,0.65698487,1.1469848,0.41698486,1.1569848,1.7569848,2.9069848,2.7069848,1.6169848,0.5269849,0.91698486,0.6469849,0.016984863,-0.6030151,-0.24301514,0.98698485,-0.84301513,-1.8430152,-2.1430151,-2.513015,-2.433015,-2.243015,-1.7130151,-1.8030151,-0.7430151,-0.24301514,0.016984863,-0.033015136,0.74698484,0.7769849
3.4269848,4.246985,5.226985,4.686985,4.866985,4.406985,4.536985,4.516985,4.016985,3.746985,3.046985,3.3469849,1.6369848,0.39698488,1.6669849,0.86698484,0.97698486,2.1269848,2.8369849,1.7769848,0.78698486,-0.31301513,-0.6130151,0.5169849,0.5669849,-0.08301514,-1.1830151,-1.5630151,-2.253015,-2.243015,-2.8030152,-3.473015,-3.0930152,-2.213015,-1.3130151,-0.5530151,0.91698486,1.2069849,0.5069849,1.1469848,1.2469848
