wind_kz.json
{"header": {"discipline":0,"disciplineName":"Meteorological products","gribEdition":2,"gribLength":1025,"center":7,"centerName":"US National Weather Service - NCEP(WMC)","subcenter":0,"refTime":"2023-09-28T12:00:00.000Z","significanceOfRT":1,"significanceOfRTName":"Start of forecast","productStatus":0,"productStatusName":"Operational products","productType":1,"productTypeName":"Forecast products","productDefinitionTemplate":0,"productDefinitionTemplateName":"Analysis/forecast at horizontal level/layer at a point in time","parameterCategory":2,"parameterCategoryName":"UnknownDiscipline_0_Category_2","parameterNumber":2,"parameterNumberName":"UnknownParameter_D0_C2_2","parameterUnit":"Unknown","genProcessType":2,"genProcessTypeName":"Forecast","forecastTime":120,"surface1Type":103,"surface1TypeName":"Specified height level above ground","surface1Value":10.0,"surface2Type":255,"surface2TypeName":"Missing","surface2Value":0.0,"gridDefinitionTemplate":0,"gridDefinitionTemplateName":"Latitude_Longitude","numberPoints":615,"shape":6,"shapeName":"Earth spherical with radius of 6,371,229.0 m","gridUnits":"degrees","resolution":48,"winds":"true","scanMode":64,"nx":41,"ny":15,"basicAngle":0,"lo1":47.0,"la1":41.0,"lo2":87.0,"la2":55.0,"dx":1.0,"dy":1.0}, "data":
[rows 0 to 14 of 15, columns 0 to 40 of 41]
5.343491,-0.6265088,1.5334913,6.423491,3.8534913,2.1734912,-3.3165088,-5.3965087,-5.316509,-5.0165086,-5.296509,-4.486509,-3.9765089,-3.446509,-2.196509,-1.1265088,-0.9365088,-1.0965087,-0.4465088,0.7134912,0.7334912,-1.2965088,1.6234912,2.0834913,2.9034913,2.1934912,1.7034912,3.2934911,0.7634912,0.5234912,2.2634912,1.6334912,-1.2565088,-0.7165088,-1.7265087,0.1634912,1.1134912,0.23349121,0.9134912,-0.3765088,1.5634912
0.31349123,0.1934912,5.553491,4.473491,-1.4665087,1.5934912,-2.5765088,-4.556509,-4.8565087,-4.026509,-3.0665088,-2.3965087,-1.5565088,-2.6665087,-1.9065088,-2.7465088,-2.176509,-2.5265088,-2.4665089,-2.2465088,-1.1665088,0.8234912,1.5534912,2.9134912,2.4534912,-0.27650878,1.4134912,3.0134912,4.493491,4.5634913,0.1634912,2.323491,-0.39650878,-1.8165088,0.31349123,2.7834911,0.7134912,0.3934912,0.7734912,-1.2765088,1.5734912
1.8934913,5.033491,5.993491,-0.7765088,-0.4465088,-1.5965087,-4.756509,-3.9865088,-3.5465088,-2.7765088,-2.4065087,-1.6065087,-3.5765088,-4.2265086,-2.3265088,-2.5165088,-2.8165088,-2.0365088,-0.6665088,0.9134912,1.1134912,2.4834912,2.573491,4.9834914,4.693491,0.5934912,2.1934912,2.2334912,1.9534912,-0.08650879,-1.4965088,-2.4165087,0.47349122,0.17349121,-0.6665088,-1.5065088,0.9534912,0.2934912,2.4834912,-1.4165088,-2.0465088
3.5834913,1.5934912,3.323491,-0.036508787,3.1534913,-0.8665088,-3.1065087,-4.156509,-3.1365087,-2.5865088,-2.9765089,-5.756509,-5.546509,-4.006509,-0.21650879,-3.3265088,-1.8965088,-0.15650879,-0.43650877,0.5734912,-0.6065088,1.7934912,2.8634913,4.763491,5.2134914,4.403491,4.363491,3.553491,-4.156509,-0.3165088,-1.8265088,0.3434912,2.6934912,3.5334911,2.8934913,0.7334912,0.67349124,0.5834912,-1.6565088,-1.2865088,1.0034912
1.7334912,1.3134912,0.7034912,2.0934913,3.073491,0.5834912,0.03349121,-3.8065088,-3.0765088,-2.3765087,-4.546509,-5.426509,-4.466509,-2.6465087,1.3034912,2.6934912,1.4034913,1.5934912,0.38349122,1.5234913,2.7634912,3.8734913,4.1034913,5.6434913,3.803491,6.073491,3.6134913,-3.0565088,-2.4665089,-2.7765088,-2.2865088,-1.6965088,-1.1765088,-0.4165088,0.4634912,4.5634913,1.9934912,-2.1665087,-1.6465088,-1.6865088,-1.1665088
1.4834912,1.8534912,-0.2965088,4.5034914,2.9734912,2.3734913,0.9834912,-2.196509,-2.6365087,-2.7665088,-1.7465088,-1.4565088,1.7634912,2.0334911,2.2634912,0.5034912,0.18349122,0.3934912,1.0034912,1.6534913,1.8634912,0.6234912,1.5034912,-0.39650878,-1.1865088,-3.2265089,-4.736509,-5.9365087,-2.8465087,-0.3765088,-1.2565088,-0.7665088,1.0134912,2.7534912,2.7434912,-4.966509,1.3434912,-2.5465088,-1.1865088,-3.5365088,-3.1065087
2.4034913,1.8434912,0.7134912,3.0034912,4.283491,2.8434913,3.8934913,-1.4865088,-2.5665088,-2.5865088,-1.2265087,-0.4065088,-0.6465088,-0.6265088,-2.5765088,-0.56650877,-2.3165088,-0.9865088,-0.39650878,-0.69650877,-0.15650879,-3.4065087,-3.0365088,-2.1065087,-3.1665087,-3.426509,-4.066509,-3.2665088,-1.3965088,-0.75650877,0.023491211,-0.9765088,1.3234912,1.3734912,1.2834913,-1.4865088,0.09349121,-1.2665088,0.06349121,0.24349122,0.6034912
4.2734914,1.8134912,1.5634912,2.573491,1.5734912,3.1934912,3.3334913,0.07349121,-0.6865088,-1.5465088,-0.6065088,-0.3265088,-0.08650879,0.3334912,-0.36650878,-2.9565089,-1.4265088,-1.9165088,-0.9965088,-2.3165088,-1.8765088,-3.6665087,-4.346509,-4.1665087,-3.3765087,-2.5165088,-2.3765087,-2.676509,-3.2665088,-2.5165088,-3.696509,-3.7465088,-4.056509,-3.7065089,-4.6865087,-3.8465087,-1.7165087,1.9634912,-0.9365088,1.7734913,1.9934912
0.1934912,4.363491,3.8934913,2.1534913,1.8834912,3.2134912,2.9634912,1.7134912,0.4634912,-0.3865088,-1.0365088,0.2934912,-0.5265088,1.0334913,-0.14650878,0.023491211,-1.4665087,-1.5565088,-1.3565087,-2.5365088,-3.0465088,-4.216509,-2.176509,-3.4765089,-1.9165088,-1.1665088,-1.2165087,-1.9565088,-2.2165089,-4.556509,-4.526509,-3.1265087,-2.3865087,-2.0965087,-0.9065088,0.4334912,-1.9965088,-2.0965087,-1.2965088,-0.43650877,-2.0565088
2.5234911,4.7134914,4.2534914,4.0834913,2.9134912,1.8534912,3.5234911,2.5034912,-0.3565088,-0.08650879,0.93349123,0.6534912,-0.20650879,1.0834912,0.7334912,-0.30650878,-1.3365088,-1.0165088,-1.0465088,-1.4465088,-3.5965087,-3.0165088,-3.696509,-2.9665089,-2.6665087,-3.5165088,-3.8665087,-4.0365086,-4.5165086,-4.8965087,-3.8165088,-2.1365087,-1.0065088,-1.6865088,0.10349121,0.47349122,0.4534912,0.4034912,-2.2365088,-0.9965088,-1.1365088
1.6734912,2.7434912,4.2534914,0.93349123,1.4434912,2.563491,2.7134912,0.6534912,0.3034912,1.5834912,1.2134912,2.1634912,0.3334912,0.9034912,1.1634912,0.5134912,0.7134912,-1.0565088,-1.8065088,-2.2065089,-2.9165087,-3.0165088,-3.0965087,-2.7565088,-2.936509,-3.686509,-3.8365088,-4.5865088,-4.296509,-3.4965088,-2.8665087,-2.5565088,-2.676509,-2.3365088,-2.0465088,-1.8765088,-0.94650877,-0.82650876,-0.9565088,0.7934912,-1.3265088
1.0534912,0.023491211,1.2634912,2.9934912,1.8634912,2.1334913,1.0834912,-0.05650879,2.1434913,1.2934912,1.6534913,3.2834911,0.8534912,1.8534912,1.0834912,1.3434912,1.6234912,-0.10650879,-0.3165088,-0.11650879,-1.3765088,-2.1465087,-1.9665087,-2.2965088,-2.2665088,-3.2065089,-3.3565087,-3.6065087,-3.0765088,-2.9065087,-2.6565087,-2.6665087,-1.9065088,-2.5265088,-2.3965087,-2.0665088,-2.8565087,-2.3665087,-2.186509,-1.0065088,-0.5365088
-0.7165088,-0.21650879,0.7934912,2.3834913,2.6334913,1.0734912,0.9734912,1.9934912,1.8234912,1.6334912,1.0934912,2.8334913,1.3934913,2.1134913,2.0434911,1.3234912,1.6134912,1.5934912,1.1534913,0.2234912,0.74349123,0.07349121,-0.5565088,-0.6465088,-1.3065088,-1.8865088,-2.6065087,-2.2165089,-1.8365088,-2.0765088,-2.1065087,-2.1465087,-1.3365088,-2.5765088,-2.0965087,-2.5165088,-2.5165088,-1.8365088,-2.4665089,-1.8065088,-0.7365088
2.0834913,-0.9065088,-2.3865087,0.6634912,-0.15650879,1.0134912,1.3134912,1.6634912,0.8834912,1.3634912,1.3834912,1.0634912,2.5334911,1.5534912,1.8734912,1.9234912,2.0934913,1.5434912,1.3034912,1.8734912,0.9534912,1.9934912,0.2734912,0.24349122,-0.24650879,-0.2965088,-0.14650878,0.17349121,0.4034912,0.03349121,-0.3565088,-0.2965088,-0.006508789,-0.2965088,0.13349122,-0.2965088,-0.8665088,-0.8365088,0.14349121,-1.3265088,-0.7965088
1.7834913,1.8234912,0.4534912,1.3534912,-0.12650879,0.6234912,2.0834913,1.7334912,1.6034912,2.053491,1.4834912,2.9634912,1.1934912,1.0534912,2.063491,2.1034913,2.7434912,2.3834913,2.1334913,2.313491,2.3834913,1.8634912,0.9734912,1.2134912,0.8134912,0.8834912,1.0534912,1.4634912,1.6434913,1.3534912,1.1734912,1.5734912,2.0834913,2.0134912,2.0134912,2.1334913,0.5434912,2.1434913,1.7834913,-0.07650879,-0.2265088
