wind_kz.json
{"header": {"discipline":0,"disciplineName":"Meteorological products","gribEdition":2,"gribLength":1025,"center":7,"centerName":"US National Weather Service - NCEP(WMC)","subcenter":0,"refTime":"2024-04-09T12:00:00.000Z","significanceOfRT":1,"significanceOfRTName":"Start of forecast","productStatus":0,"productStatusName":"Operational products","productType":1,"productTypeName":"Forecast products","productDefinitionTemplate":0,"productDefinitionTemplateName":"Analysis/forecast at horizontal level/layer at a point in time","parameterCategory":2,"parameterCategoryName":"UnknownDiscipline_0_Category_2","parameterNumber":2,"parameterNumberName":"UnknownParameter_D0_C2_2","parameterUnit":"Unknown","genProcessType":2,"genProcessTypeName":"Forecast","forecastTime":300,"surface1Type":103,"surface1TypeName":"Specified height level above ground","surface1Value":10.0,"surface2Type":255,"surface2TypeName":"Missing","surface2Value":0.0,"gridDefinitionTemplate":0,"gridDefinitionTemplateName":"Latitude_Longitude","numberPoints":615,"shape":6,"shapeName":"Earth spherical with radius of 6,371,229.0 m","gridUnits":"degrees","resolution":48,"winds":"true","scanMode":64,"nx":41,"ny":15,"basicAngle":0,"lo1":47.0,"la1":41.0,"lo2":87.0,"la2":55.0,"dx":1.0,"dy":1.0}, "data":
[rows 0 to 14 of 15, columns 0 to 40 of 41]
-1.5388964,-0.8088965,2.0311036,1.5111035,2.3511035,0.22110352,2.0411036,-0.4288965,-1.3188965,0.17110352,-1.3488965,1.9011035,1.8611035,1.9811035,1.6911035,2.4511034,2.7011034,2.6011035,2.2711036,3.3611035,2.8011036,1.5111035,-2.5488966,-0.50889647,-1.5388964,-1.9888965,-2.1088965,-1.3288965,-0.40889648,-0.75889647,-1.2788965,1.5211035,-0.22889648,-0.06889649,0.18110351,-2.8588965,-3.3688965,-2.1688964,-3.5288966,-2.1688964,-3.4888964
1.1111035,0.9611035,2.3411036,2.7211034,1.1111035,0.15110351,-0.13889648,-0.058896486,2.1111035,2.4311035,0.021103516,-0.5288965,-0.36889648,1.5711036,3.7311034,2.4211035,3.8211036,3.5111036,1.9811035,3.3311036,3.4911034,-0.3588965,-1.7088965,-1.9388965,-0.6288965,1.6011035,-0.6688965,-0.8588965,-2.9588964,-1.3388965,0.11110351,-0.4288965,2.1111035,-2.7788966,-0.4288965,-0.8788965,-1.2788965,-1.0088965,0.5111035,0.6511035,-2.8588965
1.9911035,7.3911037,2.8611035,1.7211035,2.0311036,1.0011035,1.6211035,2.0711036,1.1111035,1.3711035,2.5311036,1.9711035,2.3711035,3.4311035,2.9811034,1.1111035,1.1511035,0.46110353,2.0911036,2.5611036,1.5511035,-1.7988964,-3.2888966,-1.1888965,-0.33889648,0.12110352,1.0111035,-0.3288965,-0.9888965,-0.64889646,-0.9888965,0.86110353,-0.27889648,-1.4188964,-0.31889647,-1.3688965,-0.40889648,-0.18889648,-0.6888965,0.14110352,1.9811035
5.0311036,3.9611034,2.6011035,3.4311035,3.0111036,1.3511035,0.8911035,2.2411034,2.0911036,0.8211035,0.8211035,2.4111035,3.9711034,3.9911034,-0.22889648,-1.2388965,-1.8888965,-1.7788965,-0.018896485,-0.7288965,-3.1388965,-1.5488964,-1.7788965,-2.9588964,-2.7888966,-0.94889647,-2.7388964,-2.1488965,-0.6688965,1.2811035,1.6911035,-2.1688964,-0.76889646,1.0911036,-0.50889647,-2.3088965,-0.9388965,1.7911035,0.41110352,1.5711036,0.73110354
3.2411034,3.6811035,3.6611035,3.1011035,3.0511036,1.2611035,-0.4188965,-0.3288965,-1.9788965,-1.1088965,0.9411035,3.0511036,-2.9088964,-2.9888964,-3.0288966,0.41110352,0.44110352,0.2711035,-0.5988965,-0.46889648,-4.1588964,-3.7788966,-4.4488964,-3.5388966,-2.6188965,-1.9588965,-3.6488965,-0.16889648,-0.27889648,0.24110352,0.18110351,-1.5788965,-1.8688965,0.60110354,-1.0288965,1.2111036,-0.7388965,-2.6388965,-1.2188965,-3.5488966,-4.5088964
2.7211034,1.1211035,2.5111036,2.8811035,3.1011035,-1.8288965,-1.9588965,-2.1288965,0.7611035,0.16110352,-0.09889648,-1.4888965,-2.2088964,-4.0388966,-0.7788965,0.041103516,1.6811035,1.2511035,0.09110352,-1.6688964,-4.3088965,-3.7288964,-3.1488965,-3.5288966,-3.2788966,-4.2088966,-3.4888964,-3.4388964,-3.0188966,-3.2888966,-3.3288965,-2.3788965,1.1111035,0.92110354,0.3211035,1.0611035,0.09110352,-1.9788965,-1.6288965,-2.9988966,-0.5488965
2.8211036,2.2011034,2.3211036,2.4811034,2.7011034,0.15110351,1.6711035,0.80110353,1.1811035,-1.3288965,-3.2588966,-2.4688964,-2.0188966,-2.8688965,-2.4788964,-1.5088965,-0.8688965,-2.5988965,-2.6888964,-5.1388965,-3.6688964,-3.5788965,-3.8788965,-4.0788965,-4.5388966,-4.5188966,-4.3288965,-2.9288964,-5.0088964,-4.0388966,-5.8688965,-4.9788966,-0.4188965,-2.5288966,-2.2288964,-2.6788964,-1.1088965,1.3811035,-2.4488964,1.7511035,0.41110352
1.1511035,0.021103516,-0.3588965,2.0211036,2.9911034,0.8711035,-2.1888964,-1.4988965,-2.0088966,-3.2088964,-2.8188965,-3.9188964,-2.6588964,-3.8188965,-1.6888965,-1.9888965,-2.3288965,-3.4388964,-3.2788966,-4.5888963,-3.3188965,-3.6088965,-3.0588965,-4.2188964,-3.7388964,-3.0688965,-3.4688964,-4.3088965,-5.1988964,-4.2888966,-6.2588964,-1.5988965,-5.1588964,-0.75889647,-1.8188965,1.1611035,2.5011034,1.6911035,-1.5488964,-2.4188964,-2.5788965
0.9111035,-0.09889648,-0.4588965,0.14110352,-1.6288965,-2.4888964,-3.1188965,-2.9088964,-2.9588964,-3.1388965,-3.1488965,-3.6588964,-2.2788966,-2.3288965,-2.8288965,-2.0588965,-3.3388965,-4.0288963,-4.3188963,-4.3888965,-6.2188964,-4.5988965,-4.2988963,-5.3888965,-5.4088964,-3.8388965,-3.6588964,-4.9788966,-2.3688965,-3.3988965,-3.8288965,-1.7588965,2.1511035,0.8311035,2.0311036,0.9611035,0.11110351,-2.7288964,-1.5988965,0.5711035,-2.0988965
0.6811035,-0.018896485,0.19110352,-3.6088965,-1.5188965,-1.9888965,-2.8488965,-3.1788964,-2.9288964,-3.2088964,-3.1388965,-4.0288963,-3.8088965,-2.7388964,-3.7688966,-3.2888966,-4.4188967,-3.8688965,-4.5388966,-5.0888963,-6.6388965,-5.4288964,-5.1688967,-6.2388964,-5.6588964,-6.3988967,-4.6088963,-4.8188963,-3.7088964,-3.8488965,-1.9288964,-0.94889647,1.0111035,0.4211035,0.79110354,0.85110354,-0.95889646,-0.23889649,-2.7388964,-0.9388965,-0.40889648
0.7811035,-0.058896486,-2.2188964,-4.4288964,-2.1288965,-1.9288964,-0.3588965,-2.3888965,-2.6788964,-3.1388965,-2.8288965,-1.7788965,-3.1988964,-3.8588965,-3.7388964,-3.6888964,-4.5888963,-3.6188965,-5.8388963,-5.8188963,-5.3988967,-5.5988965,-5.3688965,-4.5388966,-4.2988963,-3.9888964,-3.8788965,-3.8988965,-3.5688965,-3.0588965,-3.1988964,-1.9388965,-1.9388965,-3.5988965,-3.9488964,-1.9488965,-1.4488965,-1.4888965,-0.95889646,0.3911035,-1.4488965
1.2911035,-1.1388965,-0.7488965,-4.3188963,-3.4288964,0.24110352,1.3811035,-2.3488965,-2.0788965,-2.7588966,-2.7488966,-1.8488965,-2.9888964,-3.4488964,-2.9388964,-3.6288965,-3.7088964,-3.8188965,-4.8988967,-4.3888965,-4.9088964,-4.1888967,-4.2088966,-3.6688964,-3.6388965,-3.2688966,-3.5588965,-3.5988965,-3.7388964,-3.8888965,-3.2688966,-3.0888965,-2.4888964,-3.8588965,-4.0388966,-4.7288966,-5.6488967,-3.1088965,-1.6988965,-0.5988965,-0.6188965
2.3211036,0.17110352,0.73110354,-1.4388965,-4.0888963,2.4711034,2.3611035,-0.46889648,-2.3588965,-2.0288966,-1.1888965,-0.9088965,-1.0188965,-2.0488966,-1.9788965,-2.7988966,-2.9288964,-3.4688964,-3.2588966,-2.9588964,-3.5288966,-3.0088966,-1.8788965,-2.7488966,-3.1188965,-3.5788965,-2.9788964,-4.0288963,-3.9488964,-3.4288964,-3.4488964,-3.2588966,-3.3788965,-4.2288966,-3.6288965,-4.4688964,-4.0288963,-2.5188966,-3.7688966,-1.7188965,-1.0188965
3.5511036,1.1711035,-1.7488965,0.0011035156,-2.1488965,0.8911035,-0.4188965,-0.7488965,-1.2488965,-0.9788965,-1.5388964,-1.6388965,0.07110351,0.46110353,-0.10889649,-1.6488965,-1.5188965,-1.5288965,-1.7888964,-1.7588965,-2.1788964,-2.6988964,-2.8788965,-3.0488966,-3.0788965,-3.3488965,-3.5688965,-3.3688965,-3.3488965,-3.4888964,-3.4588964,-3.2088964,-3.1088965,-3.4488964,-2.6788964,-3.3388965,-3.0588965,-2.5388966,-2.6788964,-1.7388965,0.24110352
2.1911035,1.6811035,-0.24889648,-1.7388965,-0.4488965,-0.7888965,-1.2388965,0.5211035,1.8711035,-1.4988965,-1.8688965,-0.9888965,-0.9788965,0.2611035,0.85110354,-0.27889648,-1.3188965,-1.7488965,-1.5788965,-2.4488964,-2.5188966,-2.4888964,-2.3488965,-2.5588965,-2.6088965,-2.4988966,-2.6188965,-2.8588965,-2.9788964,-3.1588964,-3.1988964,-3.5188966,-3.2188964,-3.4288964,-3.6188965,-3.1588964,-2.2988966,-2.5588965,-1.8788965,-2.1288965,-0.8488965
