wind_kz.json
{"header": {"discipline":0,"disciplineName":"Meteorological products","gribEdition":2,"gribLength":948,"center":7,"centerName":"US National Weather Service - NCEP(WMC)","subcenter":0,"refTime":"2023-09-08T18:00:00.000Z","significanceOfRT":1,"significanceOfRTName":"Start of forecast","productStatus":0,"productStatusName":"Operational products","productType":1,"productTypeName":"Forecast products","productDefinitionTemplate":0,"productDefinitionTemplateName":"Analysis/forecast at horizontal level/layer at a point in time","parameterCategory":0,"parameterCategoryName":"UnknownDiscipline_0_Category_0","parameterNumber":0,"parameterNumberName":"UnknownParameter_D0_C0_0","parameterUnit":"Unknown","genProcessType":2,"genProcessTypeName":"Forecast","forecastTime":300,"surface1Type":1,"surface1TypeName":"Ground or water surface","surface1Value":0.0,"surface2Type":255,"surface2TypeName":"Missing","surface2Value":0.0,"gridDefinitionTemplate":0,"gridDefinitionTemplateName":"Latitude_Longitude","numberPoints":615,"shape":6,"shapeName":"Earth spherical with radius of 6,371,229.0 m","gridUnits":"degrees","resolution":48,"winds":"true","scanMode":64,"nx":41,"ny":15,"basicAngle":0,"lo1":47.0,"la1":41.0,"lo2":87.0,"la2":55.0,"dx":1.0,"dy":1.0}, "data":
[rows 0 to 14 of 15, columns 0 to 40 of 41]
303.11517,292.5152,297.5152,296.8152,296.61517,295.61517,303.3152,309.3152,305.5152,305.8152,305.3152,305.61517,304.8152,304.4152,304.3152,305.61517,306.21518,304.4152,307.4152,306.61517,311.4152,309.0152,309.11517,307.9152,308.0152,314.71518,308.11517,298.3152,295.4152,293.3152,287.8152,287.8152,299.3152,303.3152,304.4152,305.21518,310.21518,312.0152,310.3152,313.4152,317.0152
285.8152,297.11517,296.3152,296.61517,296.21518,294.5152,306.61517,302.61517,302.4152,302.4152,303.61517,303.4152,304.21518,303.21518,305.3152,306.71518,308.3152,308.4152,307.61517,308.61517,309.0152,307.3152,309.8152,301.21518,294.5152,294.71518,301.0152,296.3152,295.61517,288.5152,288.9152,276.61517,291.0152,263.8152,273.21518,291.3152,286.4152,299.5152,312.9152,298.4152,284.3152
299.9152,295.8152,296.8152,296.4152,294.0152,303.21518,300.8152,300.4152,299.11517,300.11517,299.0152,300.21518,302.71518,303.21518,301.8152,306.0152,306.0152,306.61517,307.61517,310.21518,312.61517,305.9152,306.11517,297.4152,302.71518,302.11517,303.71518,303.5152,301.21518,286.9152,273.3152,275.5152,290.21518,288.11517,289.71518,279.4152,273.4152,281.8152,284.8152,273.21518,274.5152
296.61517,295.11517,296.11517,295.3152,294.8152,297.8152,295.8152,296.5152,296.8152,298.5152,297.8152,297.21518,292.5152,291.9152,300.9152,303.9152,303.4152,305.21518,306.61517,308.4152,306.5152,302.61517,307.3152,306.5152,307.0152,305.71518,309.11517,305.8152,304.11517,304.61517,309.21518,309.0152,310.21518,314.21518,303.21518,292.71518,277.3152,273.11517,275.21518,290.9152,294.8152
298.8152,293.21518,294.11517,292.9152,293.4152,293.5152,296.21518,297.4152,295.11517,295.71518,296.71518,298.71518,291.4152,290.21518,288.8152,302.0152,302.4152,302.3152,303.61517,303.3152,305.8152,307.4152,309.3152,309.61517,309.0152,311.61517,308.61517,302.3152,308.4152,305.11517,304.3152,307.0152,292.4152,276.8152,297.21518,307.61517,303.11517,309.3152,305.3152,304.3152,301.21518
297.21518,298.0152,292.11517,291.61517,292.0152,291.21518,296.21518,295.3152,294.3152,294.0152,295.8152,296.4152,292.11517,291.5152,295.61517,299.71518,299.8152,302.21518,300.4152,303.4152,303.61517,303.11517,305.8152,307.9152,308.8152,310.11517,309.61517,289.71518,304.0152,302.5152,304.0152,301.4152,304.5152,304.9152,300.9152,299.61517,292.8152,294.61517,309.21518,307.8152,304.8152
294.61517,296.71518,295.8152,294.71518,293.8152,295.8152,295.3152,295.21518,295.4152,295.4152,296.5152,295.4152,295.8152,296.0152,296.5152,296.71518,298.61517,299.5152,301.3152,300.61517,300.11517,300.8152,299.4152,299.9152,297.8152,303.71518,305.71518,307.21518,302.61517,302.11517,302.9152,302.9152,302.0152,301.71518,301.8152,300.5152,296.21518,288.0152,290.8152,290.21518,301.8152
289.71518,292.5152,294.21518,292.8152,294.21518,294.21518,295.9152,294.4152,294.71518,295.0152,296.8152,295.9152,296.4152,294.9152,296.3152,296.3152,296.21518,296.9152,297.0152,297.8152,296.11517,297.8152,298.0152,296.4152,295.5152,296.21518,296.5152,301.21518,300.0152,295.11517,296.11517,290.4152,294.61517,292.61517,297.21518,298.71518,300.9152,288.3152,298.71518,299.0152,298.21518
293.8152,290.71518,291.3152,290.11517,290.5152,294.3152,295.61517,294.61517,294.71518,295.9152,295.9152,296.11517,295.9152,297.4152,296.11517,297.11517,296.3152,297.71518,295.5152,295.71518,294.5152,294.11517,294.5152,293.71518,294.3152,294.21518,294.4152,294.8152,288.21518,284.8152,288.71518,293.9152,290.3152,291.0152,288.61517,289.0152,294.0152,293.8152,286.0152,281.5152,286.0152
291.61517,290.0152,290.9152,292.4152,294.61517,294.5152,296.8152,294.9152,294.8152,296.11517,295.3152,294.71518,296.8152,296.8152,296.9152,296.9152,296.9152,297.4152,296.3152,295.4152,294.0152,293.11517,292.5152,294.11517,294.11517,293.21518,293.3152,292.9152,293.11517,293.11517,287.5152,289.4152,293.71518,291.8152,292.21518,288.3152,284.21518,284.8152,287.61517,283.61517,284.71518
289.61517,291.4152,292.21518,292.4152,294.21518,294.21518,294.71518,295.4152,296.21518,295.9152,295.5152,295.5152,296.11517,295.5152,295.61517,295.3152,294.5152,295.3152,295.4152,293.5152,293.4152,292.71518,292.4152,292.61517,291.0152,291.9152,289.61517,292.0152,292.8152,294.8152,295.21518,296.3152,295.4152,292.8152,293.0152,289.61517,282.0152,279.21518,285.61517,282.5152,281.9152
287.5152,292.61517,293.11517,294.4152,293.9152,294.5152,293.9152,294.5152,294.4152,293.61517,294.4152,293.4152,293.8152,292.61517,291.8152,293.3152,293.21518,292.3152,293.21518,291.21518,290.0152,288.5152,288.61517,289.61517,290.0152,291.9152,290.3152,292.0152,292.71518,293.71518,293.3152,294.3152,291.9152,291.71518,289.4152,291.21518,290.3152,289.4152,284.71518,284.4152,280.3152
288.8152,291.8152,293.21518,293.4152,292.21518,292.4152,293.71518,295.3152,295.5152,293.11517,289.4152,290.5152,291.0152,289.8152,290.5152,290.61517,291.21518,290.71518,290.9152,288.8152,289.61517,288.0152,288.0152,287.0152,289.4152,290.61517,291.21518,290.5152,289.9152,290.4152,291.3152,292.5152,292.71518,291.3152,291.11517,289.5152,289.8152,288.11517,288.0152,286.71518,283.71518
291.5152,291.5152,289.21518,292.8152,292.21518,292.8152,293.0152,291.61517,292.4152,291.9152,289.0152,287.71518,289.3152,289.21518,289.9152,290.11517,289.9152,289.0152,289.61517,289.0152,285.0152,286.71518,288.5152,287.71518,288.5152,291.4152,291.21518,291.21518,290.61517,288.4152,288.4152,284.3152,288.11517,286.9152,288.3152,287.8152,287.21518,286.9152,286.8152,284.4152,286.9152
289.4152,291.0152,287.4152,292.0152,291.71518,291.21518,291.11517,290.8152,291.71518,291.4152,288.11517,289.0152,286.8152,288.11517,289.21518,290.11517,289.9152,290.61517,291.4152,289.71518,290.0152,288.61517,289.11517,288.21518,288.9152,288.71518,287.8152,288.3152,288.21518,286.61517,284.61517,284.71518,284.0152,284.21518,283.8152,285.61517,286.3152,284.9152,286.3152,287.3152,285.21518
