wind.json
{"header": {"discipline":0,"disciplineName":"Meteorological products","gribEdition":2,"gribLength":1211,"center":7,"centerName":"US National Weather Service - NCEP(WMC)","subcenter":0,"refTime":"2023-06-27T06:00:00.000Z","significanceOfRT":1,"significanceOfRTName":"Start of forecast","productStatus":0,"productStatusName":"Operational products","productType":1,"productTypeName":"Forecast products","productDefinitionTemplate":0,"productDefinitionTemplateName":"Analysis/forecast at horizontal level/layer at a point in time","parameterCategory":2,"parameterCategoryName":"UnknownDiscipline_0_Category_2","parameterNumber":2,"parameterNumberName":"UnknownParameter_D0_C2_2","parameterUnit":"Unknown","genProcessType":2,"genProcessTypeName":"Forecast","forecastTime":0,"surface1Type":103,"surface1TypeName":"Specified height level above ground","surface1Value":10.0,"surface2Type":255,"surface2TypeName":"Missing","surface2Value":0.0,"gridDefinitionTemplate":0,"gridDefinitionTemplateName":"Latitude_Longitude","numberPoints":688,"shape":6,"shapeName":"Earth spherical with radius of 6,371,229.0 m","gridUnits":"degrees","resolution":48,"winds":"true","scanMode":64,"nx":43,"ny":16,"basicAngle":0,"lo1":45.0,"la1":40.0,"lo2":87.0,"la2":55.0,"dx":1.0,"dy":1.0}, "data":
[rows 0 to 15 of 16, columns 0 to 42 of 43]
2.6224866,-0.6975134,-1.2375134,-2.8775134,0.21248657,-0.52751344,-0.82751346,-1.2075135,-1.3275135,-2.4875135,-3.2975135,-4.1875134,-3.4775133,-2.5275135,-1.0975134,-0.7575134,0.14248657,4.2824864,2.8024867,1.3124865,1.1824865,0.48248658,-1.1375134,-2.8275135,0.42248657,1.6424866,0.32248658,0.6924866,0.83248657,2.2324865,0.65248656,-0.33751342,0.20248657,-2.7275133,-4.3675137,-3.6975133,-4.3775134,-5.1275134,-4.5175133,-2.4975135,-2.5175135,-3.6975133,-5.9275136
-1.0575135,3.1824865,2.4924865,2.0924866,-2.0975134,-3.5575135,-1.4675134,-0.78751343,0.24248657,-1.5775135,-1.6075134,-1.6775135,-1.3775134,-0.13751343,1.0124866,0.72248656,0.83248657,1.6124866,1.7424866,3.4024866,3.0524867,2.5124865,2.1724865,0.30248657,1.8124865,3.7724867,-1.9175134,2.4424865,4.4124866,3.4024866,2.2224865,3.3324866,-0.9275134,0.46248657,-0.51751345,-1.3675134,-1.3075135,-1.8775134,-2.2775135,-2.6075134,-1.2475134,-1.4875134,-0.9275134
2.1324866,1.4024866,0.9424866,-1.5875134,-6.057513,-5.057513,-2.8575134,-0.6175134,-2.4075134,-2.0075135,-4.1075134,-3.5275135,-1.7575134,-2.9875135,-1.5175134,-0.38751343,-0.31751344,0.78248656,1.3724866,1.5024866,2.0524867,3.5224867,3.6724865,4.0424867,4.3424864,4.2324867,3.0624866,0.032486573,1.1324866,1.8924866,3.8524866,2.7324865,1.7024865,1.3324866,0.31248656,1.5124866,-0.04751343,2.0324867,1.1724865,-1.1475134,0.04248657,-2.5075135,-0.057513427
2.2624865,1.2024865,-0.29751343,-3.5075135,-4.8975134,-4.2475133,-2.9075134,-4.2075133,-5.0475135,-4.4975133,-4.3575134,-3.6275134,-2.8575134,-2.2475135,-1.5075134,-0.15751342,0.46248657,1.8324866,2.6024866,4.3824863,5.5324864,4.8724866,6.5124865,5.2324867,6.0824866,8.152487,7.4624867,6.7424865,3.3524866,2.7124865,4.4324865,0.12248657,1.7124866,0.43248656,-1.0475135,-1.2875134,-1.5575135,1.0224866,1.2224866,-0.4975134,1.7124866,5.8224864,1.5024866
-0.46751344,-4.307513,-2.3275135,-4.807513,-5.5175133,-4.9775133,-4.4075136,-5.6875134,-4.6575136,-5.3575134,-3.8775134,-2.9375134,-2.1375134,-2.0075135,-1.7975135,-2.0375135,1.5724865,3.4324865,4.4824867,5.6224866,5.7124867,6.3324866,6.8124866,8.622486,4.5524864,6.6224866,9.932487,7.2824864,6.8124866,4.6224866,6.6224866,-0.19751343,-5.6375136,-5.2575135,-5.7375135,-3.4575133,-1.5675135,-1.4675134,0.71248657,1.3424866,-3.3775134,-3.1375134,-3.1475134
-3.4975135,-5.4175134,-6.9575133,-8.487514,-9.567513,-8.197514,-6.5275135,-5.4675136,-4.4975133,-3.5475135,-1.6575134,-0.35751343,1.1924865,2.5424867,1.5224866,2.9424865,3.5624866,4.4124866,5.3724866,5.192487,5.0424867,3.4824865,4.5824866,5.0924864,5.0924864,6.1624866,7.6324863,8.262486,8.392487,7.2924867,7.7124867,4.0324864,5.7624865,5.1224866,4.2524867,2.2124865,-2.9675133,-2.6175134,-3.0175135,-4.4175134,-3.1275134,-3.2875135,-3.0275135
-2.0975134,-4.5875134,-5.347513,-6.8375134,-7.097513,-7.8875136,-7.8875136,-6.1475134,-4.4575133,-3.2775135,-1.8275135,-0.52751344,1.0224866,2.8524866,3.2524865,4.5024867,2.8524866,6.172487,7.4924865,7.7724867,8.252486,7.7524867,7.8424864,7.3224864,7.3324866,7.7524867,7.6224866,8.422486,10.022487,3.3824866,9.582486,4.7024865,5.9524865,6.2124867,5.442487,2.5824866,-2.5875134,-3.7275133,2.0924866,0.90248656,-0.71751344,-0.42751342,0.22248657
-2.3675134,-3.4275134,-4.8375134,-4.5175133,-5.7575135,-5.9575133,-4.847513,-3.6975133,-2.6675134,-1.2375134,0.24248657,1.3624866,2.2424865,3.8724866,3.6624866,4.7224865,4.6124864,6.2924867,7.9324865,8.782487,9.942487,11.262486,10.7224865,9.362487,7.7424865,7.3224864,8.322487,9.772487,9.732487,10.4724865,7.0824866,8.602487,8.452487,4.5024867,2.7424865,-4.557513,-5.3575134,-2.6175134,-0.39751342,0.96248657,2.8324866,0.85248655,1.1624866
-4.077513,-0.17751342,-6.9275136,-6.7675133,-6.6875134,-5.307513,-3.7275133,-2.2475135,-0.66751343,-0.14751343,0.44248658,1.6024866,2.1524866,2.7524865,3.1624866,3.3124866,5.0624866,7.1024866,8.082486,9.382486,10.432487,11.302486,12.792486,12.252486,10.832486,9.332486,9.282487,9.212486,10.442487,9.882486,10.7224865,9.582486,7.8424864,7.0524864,-1.6875135,1.7824866,3.0024865,-4.4975133,-7.7875133,-6.327513,-7.0175133,-5.4175134,-2.6875134
-0.64751345,-7.2375135,-7.2475133,-6.3175135,-5.4875135,-3.8575134,-3.5775135,-2.7775135,-2.2975135,-1.6475134,-0.20751342,0.6824866,0.7424866,1.0924866,1.9924866,3.1924865,5.6624866,6.1824865,7.6324863,9.282487,11.022487,12.2224865,13.132486,13.582486,9.9724865,10.852487,10.172486,9.272487,9.072487,10.162487,9.952487,9.102487,7.7424865,6.5624866,1.9624866,3.4624865,1.2824866,-5.1875134,-3.9575133,1.1124866,-0.057513427,-1.1575134,1.5624865
-5.9875135,-4.9375134,-5.2175136,-5.5875134,-4.4475136,-4.4075136,-4.2075133,-4.0475135,-3.4975135,-2.2675135,-1.1175134,-0.037513427,1.0924866,2.1624866,1.6124866,5.0824866,3.8224866,5.5024867,7.422487,7.2224865,8.962486,10.452487,12.642487,13.2224865,11.212486,8.742487,10.322487,9.192487,8.9724865,8.542486,9.942487,10.252486,8.512486,7.3424864,5.7224865,1.6424866,-1.3175135,-0.47751343,-3.9275134,-1.0775135,2.2424865,0.91248655,1.0624865
-4.6175137,-6.3975134,-5.0275135,-3.7775135,-3.7875135,-3.4575133,-2.0275135,-1.4175134,-1.3675134,-0.82751346,-0.72751343,0.022486573,1.1324866,1.7224866,1.8724866,2.8524866,4.1124864,5.1624866,6.4724865,7.652487,8.012486,9.712486,9.692487,9.702487,10.152487,9.652487,6.8124866,8.342486,9.312487,7.9624867,8.862487,8.572487,8.532487,8.042486,5.5824866,0.83248657,-0.04751343,-2.0675135,0.79248655,1.7624866,1.3024865,0.78248656,1.0524865
-4.6975136,-4.3675137,-4.307513,-2.9475133,-2.7475135,-2.0275135,-1.2175134,-1.0675135,-1.0875134,-1.1175134,-1.0175134,0.34248656,0.13248657,-0.6075134,0.71248657,0.67248654,1.7524866,4.4124866,4.672487,5.5524864,5.2424865,5.4824867,6.422487,6.4824867,5.942487,5.8324866,5.4924865,8.792486,8.152487,9.282487,7.6824865,6.7024865,7.5124865,5.7924867,3.3024867,0.66248655,-0.53751343,1.2924865,2.2924867,3.8724866,4.8424864,0.60248655,-0.14751343
-3.4375134,-3.5175135,-2.4875135,-2.0375135,-0.117513426,1.0624865,1.8224865,1.2224866,0.21248657,-0.72751343,-1.3575134,-0.13751343,-0.52751344,-0.25751343,-0.6175134,0.46248657,0.73248655,2.9124866,2.7724867,2.9024866,2.5024865,1.0924866,1.5424865,1.1124866,1.9124866,1.9024866,3.7224865,4.8024864,7.0324864,6.9724865,8.082486,5.2624865,4.1024866,3.0524867,-2.1575134,-0.15751342,2.3624866,0.36248657,-0.18751343,-0.20751342,-0.7575134,-1.7275134,-1.9675134
-3.6975133,-1.8675134,-1.5175134,-0.83751345,0.44248658,-0.34751344,0.9324866,1.2924865,0.17248657,0.32248658,0.79248655,0.8024866,0.49248657,0.22248657,-0.4975134,0.78248656,0.45248657,1.4524865,2.2324865,1.6224866,1.2024865,-0.91751343,-1.9175134,-1.6475134,-1.4675134,0.6124866,0.67248654,2.2324865,2.4624865,4.8724866,2.9824865,3.2224865,-2.1775134,-4.6875134,-7.9675136,-4.9375134,-1.8775134,-3.6875134,-3.6575134,-3.4475133,-2.4375134,-1.9375135,-3.1775134
-1.1475134,-1.6075134,-0.24751343,1.0624865,0.7624866,2.6624866,1.9524865,1.2624866,0.9924866,1.7424866,1.4524865,1.5624865,1.3324866,-0.57751346,0.8724866,-0.19751343,-0.12751342,0.4724866,0.46248657,0.8224866,0.022486573,-0.84751344,-2.7975135,-3.6275134,-4.1175137,-5.6175137,-5.9975133,-4.7775135,-5.6675134,-5.5875134,-6.307513,-7.1475134,-7.4875135,-8.587513,-6.5075135,-4.4975133,-6.2675133,-6.557513,-4.827513,-1.9175134,-4.6975136,-3.7875135,-2.8675134
