wind_kz.json
{"header": {"discipline":0,"disciplineName":"Meteorological products","gribEdition":2,"gribLength":1025,"center":7,"centerName":"US National Weather Service - NCEP(WMC)","subcenter":0,"refTime":"2023-09-26T18:00:00.000Z","significanceOfRT":1,"significanceOfRTName":"Start of forecast","productStatus":0,"productStatusName":"Operational products","productType":1,"productTypeName":"Forecast products","productDefinitionTemplate":0,"productDefinitionTemplateName":"Analysis/forecast at horizontal level/layer at a point in time","parameterCategory":2,"parameterCategoryName":"UnknownDiscipline_0_Category_2","parameterNumber":3,"parameterNumberName":"UnknownParameter_D0_C2_3","parameterUnit":"Unknown","genProcessType":2,"genProcessTypeName":"Forecast","forecastTime":300,"surface1Type":103,"surface1TypeName":"Specified height level above ground","surface1Value":10.0,"surface2Type":255,"surface2TypeName":"Missing","surface2Value":0.0,"gridDefinitionTemplate":0,"gridDefinitionTemplateName":"Latitude_Longitude","numberPoints":615,"shape":6,"shapeName":"Earth spherical with radius of 6,371,229.0 m","gridUnits":"degrees","resolution":48,"winds":"true","scanMode":64,"nx":41,"ny":15,"basicAngle":0,"lo1":47.0,"la1":41.0,"lo2":87.0,"la2":55.0,"dx":1.0,"dy":1.0}, "data":
[rows 0 to 14 of 15, columns 0 to 40 of 41]
-0.08876221,1.4512378,3.0312378,7.921238,4.401238,3.8512378,5.5512376,4.9312377,3.5612378,2.8012378,1.4512378,0.9012378,-0.008762207,-1.1287622,-1.3087622,-2.5487623,-1.5987622,-1.9087622,-3.7187622,-2.518762,-1.5987622,-1.2787622,2.471238,0.9712378,1.5812378,1.1012378,1.1612378,-1.6687622,2.731238,3.7812378,2.0112379,2.1212378,-0.7187622,-0.058762208,1.7112378,-0.018762207,-1.1187623,-1.4587622,-0.058762208,-0.76876223,1.6312377
3.4912379,-0.9487622,8.491238,8.4012375,7.021238,5.521238,5.9112377,5.2212377,4.211238,2.8812377,1.7112378,0.05123779,-0.5887622,-0.5887622,-1.1387622,-0.5287622,-1.2687622,-3.9987621,-4.4287624,-5.638762,-3.9887621,-2.6787622,1.4012378,-1.6987622,1.7612377,1.8812377,2.8212378,0.3912378,-0.08876221,1.1412377,-1.5487622,2.961238,0.8312378,0.31123778,1.2712379,1.8312378,1.1712378,1.9812378,2.3012378,-1.6987622,-0.9787622
1.2012378,6.0312376,7.501238,8.321238,6.2812376,6.101238,5.901238,5.3012376,4.8912377,3.4412377,1.6112378,1.2812378,0.3812378,-0.40876222,-1.4087622,-1.7487622,-2.768762,-4.808762,-3.3787622,-1.8087622,-2.9687622,-3.8687623,-5.368762,-2.3087623,-1.8187622,-1.8887622,-1.8587623,-1.6787622,-0.49876222,-2.2087622,0.6212378,1.4912378,-0.3887622,2.1712377,0.021237792,-3.028762,-0.9587622,1.0312378,-0.7287622,-0.3887622,0.6912378
4.651238,6.6212378,7.561238,8.001238,7.3212376,8.041238,7.611238,6.9312377,4.8712378,3.8812377,2.981238,1.7612377,0.5812378,-0.3487622,0.16123779,-1.0287622,-2.6087623,-4.6087623,-5.2387624,-4.5487623,-1.8287622,-3.3887622,0.9312378,-1.8887622,-2.7387621,-3.6687622,-3.4087622,-3.2987623,-3.1987622,-3.8187623,1.6512378,1.5912378,0.34123778,-0.19876221,1.2212378,1.9812378,2.5512378,0.9512378,-3.2587621,-2.778762,-2.7087622
5.9912376,7.231238,9.101238,7.091238,7.8912377,8.211238,7.2412376,7.1212378,5.851238,4.731238,4.441238,3.3212378,2.0512378,0.1712378,-0.3087622,-0.6787622,-1.7587622,-2.3987622,-2.538762,-2.1887622,-1.0687622,0.19123779,-0.5287622,-1.4087622,-1.7787622,-2.1787622,-3.2187622,-2.1187623,-2.6687622,-4.018762,-4.708762,-3.4387622,-0.8687622,-0.9587622,0.8512378,1.5212379,1.2812378,1.8012378,-0.9287622,-1.4587622,-0.1587622
5.2612376,7.4512377,8.661238,8.481237,7.1212378,6.3912377,7.211238,6.4712377,5.921238,4.8012376,4.5112376,4.4712377,2.9312377,1.1412377,1.2412378,0.31123778,-0.3487622,-0.8787622,-1.3887622,-0.6487622,-0.5287622,-0.3687622,-0.068762206,-0.9487622,-1.4487622,-1.7087622,-2.1187623,-4.5887623,-2.7387621,-1.9687622,-2.9887621,-3.2587621,-2.9587622,-4.3587623,-1.9987622,-2.6387622,-2.7287621,-1.6387622,-2.5687623,2.3612378,0.7112378
4.5712376,7.001238,8.691237,9.871238,8.311237,8.211238,7.561238,7.001238,5.591238,5.2012377,5.251238,5.151238,4.351238,3.6012378,2.2012377,1.6712378,1.2612377,1.1112378,0.2912378,-0.3287622,-0.9987622,-0.63876224,-1.1687622,-1.0887622,-0.3187622,-0.4787622,-1.6287622,-1.5987622,-2.1387622,-1.3687623,-0.8987622,-1.9787621,-4.118762,-0.6787622,1.3912377,2.4512377,2.4512377,-0.6287622,-1.8087622,1.0812378,-6.328762
4.611238,6.0712376,7.251238,8.351238,8.761238,8.381238,7.791238,7.7412376,6.941238,6.211238,6.7612376,5.731238,4.6612377,3.8912377,3.6512377,3.6612377,2.8412378,2.5412378,1.5712378,1.3712378,1.1912378,0.7512378,0.3912378,-0.19876221,-0.4787622,-0.048762206,-0.018762207,-0.5087622,-1.0787622,-1.5587622,-0.7187622,-1.1887622,-1.1787622,-2.1987622,-0.2187622,0.7712378,-1.3187622,-1.7487622,-0.9587622,-1.4487622,-0.5687622
3.6912377,4.231238,4.0312376,6.841238,7.2012377,7.7812376,7.751238,7.151238,6.441238,7.101238,6.341238,5.5712376,4.851238,4.4512377,4.061238,4.1212378,4.091238,4.351238,4.081238,3.4512377,1.8812377,1.8812377,2.5012379,2.2612379,2.0912378,2.3012378,1.2912378,0.8412378,0.4212378,0.071237795,0.61123776,1.2112378,0.2012378,1.8812377,1.4512378,1.5012378,1.1712378,-3.0087621,-1.9587622,-2.1187623,-1.7187622
1.0812378,1.8512378,2.5612378,3.6112378,4.6412377,5.8212376,6.171238,6.191238,6.1212378,6.711238,6.401238,5.921238,5.081238,4.2212377,4.2412376,3.731238,4.151238,4.501238,4.351238,4.5712376,4.4712377,3.1712377,2.3612378,3.481238,3.3312378,3.3312378,3.3712378,2.6512377,2.4112377,2.5512378,2.6012378,3.961238,3.221238,4.191238,3.3612378,2.0012379,1.6812378,2.2012377,1.0612378,1.0612378,0.2212378
-0.4287622,-0.038762208,0.6412378,0.6412378,0.5412378,3.5212379,4.111238,4.4512377,5.0512376,5.1612377,5.081238,5.4312377,4.2412376,4.441238,3.471238,3.1712377,3.4412377,3.3712378,4.351238,4.751238,5.6212378,3.8912377,3.5912378,4.6612377,4.441238,4.3912377,4.231238,4.441238,4.8012376,4.1812377,5.0512376,4.941238,6.001238,5.361238,5.4912376,4.751238,3.3212378,2.0212379,3.0612378,2.0112379,1.4712378
0.4212378,0.4912378,0.5412378,1.0212379,1.3812377,1.2412378,1.5712378,1.7412378,1.0712378,2.2712379,3.3712378,2.4112377,2.3712378,2.8612378,2.2512379,1.9512378,1.7412378,1.5412378,2.2612379,3.0212379,3.4012377,3.5412378,3.8212378,3.9012377,4.861238,5.351238,6.2212377,5.921238,5.5512376,5.311238,6.651238,8.081238,6.2212377,7.521238,5.7412376,6.3212376,4.4112377,2.9512377,0.5112378,1.6112378,0.9012378
1.6712378,1.3712378,1.1212378,1.1812378,1.0512378,0.7412378,1.2512378,1.4512378,1.6812378,1.6312377,1.2112378,1.2012378,1.1912378,1.0812378,0.47123778,-0.37876222,-0.20876221,-0.3287622,-0.1587622,0.9712378,1.7712379,2.7912378,3.4212377,3.5812378,3.981238,3.8512378,3.8712378,4.851238,5.481238,6.4712377,7.9112377,9.171238,8.221238,7.351238,7.061238,7.461238,6.601238,3.8912377,4.4912376,3.711238,2.4212377
3.0412378,2.2012377,1.9412378,2.711238,2.0912378,2.3512378,2.0312378,2.0212379,2.0412378,2.1012378,1.0312378,0.4812378,0.92123777,0.7612378,0.3512378,-0.09876221,-0.3387622,-0.3887622,-0.7587622,-0.9887622,-0.8987622,-0.3487622,0.3512378,0.8812378,1.7612377,1.9212378,2.3212378,3.5212379,4.6212378,6.361238,8.031238,8.721238,9.141238,8.6512375,6.5512376,7.251238,6.1612377,6.021238,5.791238,4.341238,4.7212377
2.3412378,2.6712377,3.6212378,3.2012377,3.4512377,3.0712378,2.3412378,1.7912378,0.8712378,0.5612378,1.8212378,2.3312378,1.4712378,0.5312378,1.0012378,0.7112378,0.1712378,-0.6987622,-0.6287622,-0.43876222,-0.5887622,-0.2587622,-0.3187622,0.3012378,0.92123777,1.3912377,2.2712379,3.5512378,5.771238,6.1412377,8.4012375,10.421238,8.471238,8.631238,7.881238,7.831238,7.901238,7.091238,6.101238,5.5512376,4.291238
