wind_kz.json
{"header": {"discipline":0,"disciplineName":"Meteorological products","gribEdition":2,"gribLength":1025,"center":7,"centerName":"US National Weather Service - NCEP(WMC)","subcenter":0,"refTime":"2023-09-26T12:00:00.000Z","significanceOfRT":1,"significanceOfRTName":"Start of forecast","productStatus":0,"productStatusName":"Operational products","productType":1,"productTypeName":"Forecast products","productDefinitionTemplate":0,"productDefinitionTemplateName":"Analysis/forecast at horizontal level/layer at a point in time","parameterCategory":2,"parameterCategoryName":"UnknownDiscipline_0_Category_2","parameterNumber":2,"parameterNumberName":"UnknownParameter_D0_C2_2","parameterUnit":"Unknown","genProcessType":2,"genProcessTypeName":"Forecast","forecastTime":60,"surface1Type":103,"surface1TypeName":"Specified height level above ground","surface1Value":10.0,"surface2Type":255,"surface2TypeName":"Missing","surface2Value":0.0,"gridDefinitionTemplate":0,"gridDefinitionTemplateName":"Latitude_Longitude","numberPoints":615,"shape":6,"shapeName":"Earth spherical with radius of 6,371,229.0 m","gridUnits":"degrees","resolution":48,"winds":"true","scanMode":64,"nx":41,"ny":15,"basicAngle":0,"lo1":47.0,"la1":41.0,"lo2":87.0,"la2":55.0,"dx":1.0,"dy":1.0}, "data":
[rows 0 to 14 of 15, columns 0 to 40 of 41]
-1.620481,-0.780481,1.0395191,-1.940481,-2.0504808,-1.800481,-2.640481,-2.5204809,-1.8504809,-2.190481,-2.160481,-2.5504808,0.899519,-0.15048096,-1.020481,-1.500481,-0.86048096,-0.73048097,-2.370481,-0.93048096,-1.690481,-0.68048096,-0.82048094,0.37951905,0.839519,-1.7204809,-2.360481,-0.19048096,-0.77048093,0.26951903,-0.63048095,1.129519,0.849519,0.24951905,-1.020481,-2.190481,-2.7904809,-2.310481,-2.570481,-1.750481,-1.410481
1.4195191,1.179519,-2.110481,-1.890481,-0.83048093,-3.250481,-3.740481,-4.480481,-1.9504809,-0.25048095,0.75951904,-1.640481,-0.98048097,-1.9704809,-0.27048096,0.23951904,-0.62048095,-2.460481,-2.060481,-1.4904809,-0.44048095,-0.040480956,-0.23048095,-1.250481,0.85951906,-0.43048096,-0.69048095,0.32951903,-0.48048097,0.10951904,-0.41048095,-0.62048095,-1.040481,-0.83048093,-0.43048096,-1.020481,-0.93048096,-1.270481,0.48951903,0.72951907,-3.440481
-1.3604809,-3.7704809,-4.300481,-5.510481,-4.840481,-3.870481,-2.990481,-0.73048097,-0.83048093,-0.900481,0.92951906,0.969519,1.999519,2.339519,1.229519,0.25951904,-1.4604809,-1.2104809,-1.790481,-0.44048095,1.0495191,1.969519,-3.090481,0.29951903,1.5295191,-0.530481,-0.10048096,-0.020480957,-2.910481,-0.95048094,-0.09048095,1.089519,0.099519044,-0.24048096,-0.020480957,-0.63048095,0.29951903,-0.34048095,0.45951903,0.32951903,1.329519
-3.970481,-6.740481,-5.890481,-4.520481,-3.580481,-2.360481,-0.030480957,-1.7404809,0.21951905,1.489519,2.369519,3.129519,5.049519,3.9495192,2.849519,1.609519,1.359519,-1.260481,-2.370481,-0.010480957,1.6695191,0.42951906,3.689519,3.529519,2.139519,2.409519,-0.790481,-0.40048096,1.129519,0.79951906,-0.94048095,-0.58048093,-0.48048097,-2.650481,-2.910481,-1.5804809,-1.4904809,2.339519,-0.42048097,-0.030480957,-0.70048094
-4.010481,-5.560481,-4.610481,-4.860481,-4.200481,-2.700481,-1.660481,-0.10048096,0.659519,1.499519,3.059519,3.999519,3.279519,1.6695191,0.40951905,0.56951904,-3.560481,-2.180481,-0.46048096,1.239519,3.2395191,3.659519,2.6995192,2.509519,2.409519,0.49951905,1.729519,-0.790481,-3.0404809,-4.060481,-3.580481,-2.7904809,-1.190481,1.7695191,-0.010480957,0.029519044,-3.630481,-3.440481,-2.370481,-2.370481,-2.0504808
-3.640481,-3.140481,-4.540481,-3.920481,-3.2804809,-2.960481,-1.560481,-0.57048094,-0.010480957,1.609519,1.699519,-1.8404809,-4.460481,-7.280481,-5.360481,-3.710481,-2.970481,-1.390481,0.909519,3.609519,3.329519,4.109519,2.1995192,-1.440481,0.34951904,0.31951904,0.36951905,-2.630481,-3.000481,-3.660481,-3.820481,-3.330481,-4.010481,-2.900481,-0.7104809,-3.320481,0.14951904,-1.390481,-0.850481,-3.100481,-3.370481
-3.090481,-3.160481,-2.720481,-2.360481,-1.9904809,-1.3404809,-1.1104809,-0.64048094,-0.29048097,0.19951904,-1.8404809,-4.000481,-2.8004808,-3.0304809,-2.630481,-2.350481,-2.0104809,-0.74048096,0.91951907,1.329519,-1.0904809,-2.840481,-2.970481,-2.5404809,-2.560481,-3.370481,-3.2904809,-1.8604809,-0.81048095,-2.430481,-2.970481,-1.5804809,-1.810481,-2.730481,-3.2604809,-2.0404809,-0.95048094,2.059519,-2.060481,-0.51048094,-0.080480956
-2.250481,-2.170481,-1.8404809,-1.4504809,-1.2204809,-0.94048095,-0.70048094,-0.95048094,-0.51048094,-1.260481,-1.8604809,-1.380481,-1.2304809,-1.630481,-1.010481,-0.060480956,-1.7004809,-0.900481,-0.7104809,-1.0804809,-1.670481,-2.390481,-2.850481,-2.7604809,-1.9604809,-0.16048096,-0.11048096,2.399519,-0.010480957,-1.420481,0.93951905,2.6995192,-1.670481,1.3995191,-1.070481,-1.150481,-2.670481,-6.620481,-3.950481,-3.320481,-2.700481
-1.9704809,-1.2204809,-1.040481,-0.26048097,-0.32048094,-0.28048095,-0.18048096,-0.31048095,-0.99048096,0.019519042,-0.18048096,-0.36048096,1.1495191,0.48951903,-1.3404809,0.13951904,0.009519043,-1.7404809,-0.86048096,-1.2204809,-2.2904809,-1.890481,-1.650481,-0.840481,-1.440481,-0.74048096,-1.160481,-0.87048095,0.57951903,2.2195191,2.829519,1.809519,1.369519,-1.120481,-1.570481,-2.250481,-0.720481,-1.270481,0.24951905,0.85951906,-2.340481
-0.600481,-0.20048095,0.28951904,0.49951905,0.22951904,0.62951905,0.18951905,-0.080480956,0.089519046,0.969519,1.449519,-0.20048095,-1.3304809,-2.740481,-1.6104809,-0.51048094,-0.080480956,0.41951904,0.79951906,-1.050481,-0.77048093,-0.51048094,-0.50048095,-0.48048097,-1.3504809,-0.47048095,-1.000481,-0.70048094,-0.89048094,-0.68048096,-0.80048096,-1.9704809,-2.140481,-1.5904809,-1.630481,-1.5904809,-2.250481,-0.76048094,-1.040481,0.86951905,-1.6104809
1.839519,1.929519,1.379519,1.249519,1.4195191,1.469519,1.689519,1.469519,1.469519,1.1395191,1.809519,1.179519,0.39951906,0.51951903,1.5395191,1.379519,2.399519,2.039519,0.17951904,1.6495191,1.629519,1.8995191,2.049519,0.85951906,0.47951904,0.46951905,-0.030480957,-0.87048095,-0.080480956,0.99951905,0.009519043,-0.81048095,-1.160481,-0.900481,-0.780481,-0.780481,-0.80048096,0.41951904,-1.0804809,1.189519,-0.47048095
1.309519,2.329519,3.149519,2.609519,2.569519,2.069519,1.7695191,1.689519,1.559519,0.7895191,0.97951907,1.229519,2.149519,2.609519,1.6495191,1.329519,2.059519,2.119519,1.749519,1.869519,0.88951904,1.429519,0.82951903,1.379519,2.2195191,1.8895191,1.819519,1.859519,1.339519,0.049519043,-1.3604809,1.0095191,0.87951905,0.75951904,0.99951905,1.569519,2.519519,1.869519,0.19951904,0.69951904,-0.52048093
2.499519,2.359519,3.099519,2.909519,2.759519,2.089519,2.559519,2.369519,2.539519,0.92951906,0.72951907,1.499519,2.409519,2.079519,1.559519,3.009519,1.7695191,2.529519,2.319519,2.2395191,1.7995191,2.039519,2.159519,1.5295191,2.849519,3.089519,3.059519,2.649519,2.2095191,1.379519,2.809519,0.80951905,1.619519,2.049519,1.8995191,2.249519,2.4595191,1.479519,3.359519,2.499519,0.14951904
3.629519,3.569519,3.2395191,3.1995192,2.879519,2.7195191,2.439519,2.7095191,2.379519,2.099519,0.98951906,0.589519,1.699519,2.369519,2.999519,2.499519,2.529519,2.359519,1.7795191,2.639519,2.839519,2.779519,2.759519,2.669519,2.7095191,2.809519,2.349519,2.639519,1.629519,2.499519,2.519519,1.7695191,1.439519,2.2295191,1.699519,2.2395191,2.009519,2.9495192,3.4895191,3.149519,2.289519
2.369519,4.299519,5.999519,4.709519,4.149519,4.259519,4.699519,3.309519,3.319519,1.959519,-0.61048096,1.9195191,2.7395191,1.4095191,3.4595191,3.179519,3.039519,2.609519,2.1995192,2.759519,2.7095191,2.789519,2.2095191,2.9495192,2.939519,2.4495192,2.799519,2.019519,1.459519,1.209519,1.479519,2.869519,2.639519,1.4095191,1.5495191,2.419519,1.839519,2.849519,2.9495192,3.7295191,0.23951904
