wind_kz.json
{"header": {"discipline":0,"disciplineName":"Meteorological products","gribEdition":2,"gribLength":1102,"center":7,"centerName":"US National Weather Service - NCEP(WMC)","subcenter":0,"refTime":"2023-09-08T12:00:00.000Z","significanceOfRT":1,"significanceOfRTName":"Start of forecast","productStatus":0,"productStatusName":"Operational products","productType":1,"productTypeName":"Forecast products","productDefinitionTemplate":0,"productDefinitionTemplateName":"Analysis/forecast at horizontal level/layer at a point in time","parameterCategory":2,"parameterCategoryName":"UnknownDiscipline_0_Category_2","parameterNumber":3,"parameterNumberName":"UnknownParameter_D0_C2_3","parameterUnit":"Unknown","genProcessType":2,"genProcessTypeName":"Forecast","forecastTime":60,"surface1Type":103,"surface1TypeName":"Specified height level above ground","surface1Value":10.0,"surface2Type":255,"surface2TypeName":"Missing","surface2Value":0.0,"gridDefinitionTemplate":0,"gridDefinitionTemplateName":"Latitude_Longitude","numberPoints":615,"shape":6,"shapeName":"Earth spherical with radius of 6,371,229.0 m","gridUnits":"degrees","resolution":48,"winds":"true","scanMode":64,"nx":41,"ny":15,"basicAngle":0,"lo1":47.0,"la1":41.0,"lo2":87.0,"la2":55.0,"dx":1.0,"dy":1.0}, "data":
[rows 0 to 14 of 15, columns 0 to 40 of 41]
3.3055787,-0.7944214,1.0755786,-9.824421,-9.954421,-10.154422,-6.2644215,-5.1944213,-3.3444214,-3.3844213,-2.0044215,-4.814421,-4.294421,-3.9644213,-3.7244215,-3.7744215,-3.5844214,-0.7644214,-0.07442138,1.8255786,0.2255786,1.3855786,1.9555786,-1.7944214,-1.5444214,-1.7244214,-1.8144214,1.6255786,2.9455786,3.9355786,0.7755786,-0.11442139,0.4055786,-1.9444214,-3.1844213,-0.7044214,1.5455786,0.81557864,0.2855786,0.9255786,1.3955786
3.7855787,2.3755786,-8.164421,-8.794421,-8.584421,-6.2844214,-4.2344213,-5.314421,-6.064421,-3.7044213,-2.2744215,-3.8144214,-1.9544214,-1.7744213,-2.9244213,-0.5944214,-1.5644214,2.9355786,2.4155786,2.8255787,2.0655787,-1.1144214,1.0655786,2.3955786,1.0455786,0.6555786,-2.4444213,2.3055787,0.3855786,2.7755785,5.8755784,5.5555787,1.0055786,-0.104421385,-0.25442138,-1.6144214,-1.0944214,-1.2244214,-0.12442139,1.4755787,0.9855786
0.9355786,-6.6244216,-7.564421,-7.3544216,-8.034421,-3.3144214,-1.9044213,-0.7044214,-2.5044215,-3.6444213,-3.4344213,-2.3644214,-0.07442138,-0.5044214,-1.0244213,-0.5344214,2.8255787,6.6455784,5.665579,4.5055785,3.2755785,0.5255786,0.23557861,0.8455786,1.1755786,1.2055786,2.1655786,0.9255786,-0.7644214,3.5355787,5.1455784,3.3755786,3.1855786,-1.1344213,0.115578614,4.0355787,5.955579,1.0955787,0.6555786,-0.09442139,0.5255786
-1.3144214,-2.5544214,-4.3244214,-5.9644213,-6.5544214,-3.3344214,-5.5344214,-1.1344213,-2.3244214,-5.0944214,-3.1944213,-1.6644214,0.115578614,2.4255786,0.3755786,1.6755786,8.715579,5.9055786,4.2155786,2.5655787,2.9755785,2.2155786,2.3755786,1.7755786,1.5455786,0.8355786,1.4955786,0.025578612,3.5055785,2.1455786,-0.1344214,-1.0744214,-1.8144214,-2.2544215,-0.7544214,-3.0444214,-0.7644214,2.9155786,2.6655786,0.4355786,1.4055786
-0.20442139,-5.7644215,-2.3944213,-6.024421,-7.7244215,-3.1244214,-0.20442139,-0.23442139,-2.6144214,-4.9344215,-7.6244216,-2.5644214,5.6055784,5.955579,1.3655787,6.5955787,7.2555785,4.955579,3.1855786,1.7655786,1.7655786,0.4055786,0.8655786,1.3355786,1.5655786,0.14557861,0.39557862,0.4055786,0.3855786,-0.3344214,-0.4644214,0.87557864,2.5655787,2.2055786,-0.3644214,-2.5544214,0.56557864,-1.8944213,-1.0244213,1.4855787,0.7955786
-2.5344214,-1.4244214,-3.0144215,-6.004421,-7.6544213,-8.314422,-4.8644214,-1.1944214,-4.504421,-7.0344214,-12.374421,-7.5944214,1.6355786,5.2955785,4.3355784,4.685579,3.7955787,2.2655785,0.20557861,-0.32442138,0.69557863,-0.11442139,2.3155787,1.9955786,2.6055787,1.9355786,0.9555786,0.88557863,0.9155786,-0.044421386,-0.9444214,-0.7044214,-0.6544214,-0.7844214,1.7955786,-1.2044214,2.9155786,3.9555786,-1.6044214,-1.7744213,1.0955787
-3.2244215,-2.6744213,-2.1344213,-4.3044214,-4.7644215,-3.6444213,-3.4044213,-1.0144213,-4.1344213,-7.584421,-10.164421,-10.2244215,-7.8444214,-7.0144215,0.94557863,1.5755786,1.5355786,0.63557863,2.5555787,1.4355786,-0.26442137,-0.064421386,-0.6444214,1.2255787,1.9655786,2.1655786,0.7355786,0.49557862,-1.0444214,0.7755786,-0.6444214,-2.1144214,-3.3544214,-3.4144213,-1.7844214,-0.9744214,-2.3944213,0.3755786,1.4155786,0.035578612,1.4955786
-4.6144214,-3.5844214,-2.5644214,-3.1044214,-3.9344213,-4.4744215,-4.7644215,-2.3844213,-2.5444214,-2.6744213,-6.6344213,-6.5144215,-8.194422,-8.044421,-6.7144213,-4.3944216,-3.6144214,0.23557861,3.8455787,1.6155787,-1.1944214,-2.0344214,-2.6844213,-0.6544214,-1.1844214,1.9555786,1.9755787,-0.024421386,-1.0144213,-2.6944213,-0.41442138,-0.7244214,-2.8044214,-3.4144213,0.06557861,-0.7744214,-2.1244214,0.8455786,0.0055786134,0.2855786,-1.8444214
-3.6344213,-3.8844213,-3.8444214,-4.2844214,-4.8444214,-4.9944215,-2.6544213,-3.4144213,-3.8144214,-0.2444214,1.7355787,-2.7044213,-1.8944213,-2.5644214,-4.754421,-4.8644214,-5.6544213,-6.064421,-1.2144214,3.5955787,1.9555786,0.045578614,-2.3344214,-2.4244213,-1.8144214,-1.7544214,-0.5144214,-0.93442136,-0.25442138,-0.5344214,-1.5644214,-1.6244214,-1.9544214,-2.3844213,1.6255786,1.8655787,-3.0644214,-0.034421388,1.9355786,1.2655786,0.3755786
-2.8744214,-3.6644213,-3.8244214,-4.8944216,-5.334421,-5.044421,-4.084421,-3.4744215,-3.7544215,-2.3044214,-2.9544213,4.415579,2.9555786,-0.5744214,0.5155786,6.4455786,3.6655786,2.2755785,-3.5544214,0.7955786,2.1355786,0.9355786,0.6755786,-0.7744214,-1.6344213,-1.0944214,-1.2544214,-0.9744214,-1.1344213,-1.0944214,-0.6544214,-1.6744214,-2.6844213,-3.5744214,1.4655786,1.0355786,0.8455786,-2.6344213,-0.5144214,3.0755787,2.5055785
-3.3044214,-3.1244214,-3.2944214,-4.6044216,-4.5344214,-4.4944215,-5.1644216,-3.2644215,-2.6044214,-3.6644213,-0.14442138,-1.9844214,-2.7844214,-0.8244214,0.39557862,0.81557864,0.50557864,0.62557864,3.8455787,2.3955786,2.7355785,2.4455786,0.105578616,-0.5944214,-1.2744213,-1.1644214,-1.2244214,-1.6844214,-0.034421388,1.2155786,0.3755786,0.045578614,-1.0044214,-0.8144214,2.2155786,1.2055786,1.1055787,2.6655786,1.5555786,1.5055786,0.2555786
-2.9344213,-3.9744215,-5.2644215,-4.1844215,-4.504421,-5.5144215,-4.8844213,-4.1544213,-3.4444213,-0.7144214,-2.0644214,-2.2744215,-2.3844213,-0.9044214,-1.6044214,-1.5944214,-0.44442138,0.105578616,1.8355786,2.0655787,2.2455785,1.4755787,0.4455786,-0.3944214,-0.9444214,-2.5844214,-1.5944214,-0.41442138,-0.44442138,0.56557864,2.3055787,2.8155787,1.8955786,1.8555787,1.9555786,2.3755786,1.3455787,2.2455785,2.0155785,2.0055785,0.6055786
-2.4644213,-3.3044214,-5.294421,-4.4444213,-3.9644213,-3.5944214,-3.5044215,-4.6544213,-4.1844215,-2.3644214,-0.86442137,-0.4344214,-1.2644213,-1.5844214,-0.9444214,1.0655786,1.4055786,2.0355787,0.9755786,1.2555786,2.6555786,2.6155787,1.7955786,0.26557863,-1.7944214,-2.4544213,-2.9244213,-2.8244214,-2.4144213,-1.1944214,3.3855786,2.2255785,1.7255787,1.2855786,0.7755786,0.5955786,0.4455786,-0.5644214,-0.7744214,-0.55442137,-0.2744214
-2.6544213,-3.6244214,-5.2244215,-4.0544214,-4.024421,-4.814421,-4.9744215,-4.6544213,-3.4444213,-3.4544213,-0.7044214,-0.14442138,-2.0144215,-1.3344214,-1.6044214,-0.9544214,1.4855787,2.6655786,2.7055786,2.2655785,1.8955786,1.6055787,1.4055786,-1.1844214,-2.9244213,-3.5244215,-4.0744214,-3.2944214,-2.4244213,-1.1944214,-1.8344214,-0.8444214,-0.6044214,-0.32442138,-0.6944214,0.5855786,-0.3344214,-1.6344213,-1.5444214,-1.4344214,-0.55442137
-1.8944213,-3.2044213,-5.314421,-4.7844214,-4.9244213,-3.9244213,-4.0344214,-5.504421,-5.4444213,-4.4444213,-2.1644213,-1.9344214,-1.0944214,-1.8344214,-2.2644215,-1.2444214,0.15557861,1.2055786,1.7755786,2.0555787,1.9455786,1.1655786,-0.044421386,-1.5044214,-2.4944215,-2.8444214,-0.7144214,-2.6844213,-4.044421,-2.9244213,-3.0044215,-2.1044214,-0.62442136,-0.67442137,-0.8344214,-1.2444214,-1.6444213,-1.0344214,-1.1344213,-2.8644214,-0.19442138
