wind_kz.json
{"header": {"discipline":0,"disciplineName":"Meteorological products","gribEdition":2,"gribLength":1102,"center":7,"centerName":"US National Weather Service - NCEP(WMC)","subcenter":0,"refTime":"2023-08-20T12:00:00.000Z","significanceOfRT":1,"significanceOfRTName":"Start of forecast","productStatus":0,"productStatusName":"Operational products","productType":1,"productTypeName":"Forecast products","productDefinitionTemplate":0,"productDefinitionTemplateName":"Analysis/forecast at horizontal level/layer at a point in time","parameterCategory":2,"parameterCategoryName":"UnknownDiscipline_0_Category_2","parameterNumber":3,"parameterNumberName":"UnknownParameter_D0_C2_3","parameterUnit":"Unknown","genProcessType":2,"genProcessTypeName":"Forecast","forecastTime":0,"surface1Type":103,"surface1TypeName":"Specified height level above ground","surface1Value":10.0,"surface2Type":255,"surface2TypeName":"Missing","surface2Value":0.0,"gridDefinitionTemplate":0,"gridDefinitionTemplateName":"Latitude_Longitude","numberPoints":615,"shape":6,"shapeName":"Earth spherical with radius of 6,371,229.0 m","gridUnits":"degrees","resolution":48,"winds":"true","scanMode":64,"nx":41,"ny":15,"basicAngle":0,"lo1":47.0,"la1":41.0,"lo2":87.0,"la2":55.0,"dx":1.0,"dy":1.0}, "data":
[rows 0 to 14 of 15, columns 0 to 40 of 41]
3.1785767,1.3385767,-4.9214234,-4.0014234,-2.2214234,-0.71142334,0.97857666,-1.0014234,-2.1414232,0.17857666,-0.01142334,-0.96142334,-2.4614234,-1.9214233,-1.2914233,-1.7114234,-3.1614234,-1.3314233,-4.5614233,-0.51142335,-2.6614234,-5.1514235,-6.971423,-0.17142335,4.3885765,2.0085766,1.3085767,1.0385766,-4.4214234,-1.1314234,1.9485767,2.9685767,2.0785766,0.05857666,0.90857667,-1.0114233,-0.93142337,-0.35142335,-1.2014233,-0.34142333,-2.0714233
-2.3314233,-5.8014235,-8.421423,-7.4614234,-6.3814235,0.97857666,-0.87142336,3.4885767,9.058577,1.3185767,-2.0414233,1.9385767,-0.26142335,-1.3614234,-0.7314233,-0.51142335,-1.4314233,-1.2914233,-2.0514233,-2.7514234,-4.8614235,-4.9814234,-6.5814233,-3.1514235,2.7085767,2.3285766,2.7385767,-0.31142333,-0.5414233,-3.2514234,-3.0214233,-4.0014234,1.1185766,1.6585766,2.3385766,0.38857666,1.4485767,1.7285767,0.6385767,1.2785766,-1.4114233
-1.7414234,-5.4214234,-5.9214234,-6.951423,-2.9514234,-0.7914233,3.3185766,-3.5114233,-3.6314232,0.72857666,2.4985766,2.5985765,2.3085766,3.1385767,-2.1914234,2.1085768,0.09857666,0.26857665,-2.6314232,-5.6514235,-6.1914234,-3.5814233,-5.0914235,-5.5214233,-4.0514235,-3.7414234,-2.6914234,-4.1014233,-5.3214235,-3.5214233,-3.2514234,-3.2314234,-4.5714235,-0.29142335,-0.52142334,4.548577,3.9885767,2.2885766,6.3785768,1.6885767,0.40857667
-3.1614234,-3.7314234,-4.4614234,-8.561423,-5.0014234,-5.2814236,-3.9514234,-3.2514234,-1.8814234,2.0885766,1.2885766,4.068577,-2.7514234,-2.3814232,-1.5214233,5.8685765,-1.6314234,-3.8314233,-4.7314234,-4.9414234,-4.6514235,-4.9214234,-4.181423,-3.1214232,-3.1914234,-5.2914233,-6.0614233,-5.3814235,-4.3614235,-4.5914235,-6.261423,-4.4014235,1.7885766,3.2685766,1.7885766,0.01857666,-0.34142333,0.36857665,-1.0814233,-2.0714233,-3.8714232
1.7485766,-0.59142333,-2.8714232,-4.6314235,-6.3614235,-6.9214234,-7.7114234,-7.5414233,-2.1814234,0.01857666,1.4485767,0.30857667,-2.2614233,-4.7914233,-5.3114233,-2.1414232,2.1085768,-1.4514233,-3.0414233,-2.3814232,-3.3814232,-1.7814233,-2.6914234,-1.4614234,-0.88142335,-2.7114234,-5.0714235,-8.941423,-4.261423,-4.4014235,-5.7114234,-5.6314235,-2.6714234,-2.0014234,0.71857667,3.2485766,-0.14142334,1.1085767,-1.3014233,-0.53142333,-1.5214233
1.9685767,4.2285767,2.9685767,0.9585767,-1.9014233,-3.0914233,-5.8414235,-4.761423,-5.5014234,-3.6414232,2.3285766,4.7285767,4.108577,3.2085767,0.66857666,6.6985765,5.758577,-1.3214233,-1.5414233,-3.5214233,0.02857666,-1.1714233,-1.3214233,-1.3514234,-1.8914233,-1.8814234,1.9485767,-0.7314233,-4.741423,-4.661423,-3.5714233,-4.0514235,-4.6914234,-3.3914232,-1.8714234,-0.22142334,-1.0314233,-3.1014233,1.9885767,-0.77142334,-1.2414234
-2.3414233,-4.5814233,-5.471423,-4.6214232,-5.3614235,-5.5414233,-6.141423,-3.3114233,-0.51142335,0.14857666,0.5285767,-1.8614234,-0.77142334,1.1385766,2.4685767,1.3285767,2.8085766,2.5685766,-0.6014233,-1.7014233,-1.3714234,-0.75142336,-2.5814233,-0.76142335,0.43857667,-0.0014233398,-1.2714233,-2.2714233,1.6985767,-1.5014234,-1.9314233,-2.5714233,-3.8914232,-3.1914234,-2.6314232,0.31857666,1.5885767,-1.5514233,-0.22142334,1.1185766,-2.5814233
-2.6314232,-1.8414234,-3.3314233,-4.971423,-5.7814236,-5.7714233,-5.3414235,-6.0514235,-2.4914234,-3.9014235,-1.0714233,2.0585766,-0.35142335,0.74857664,-2.0514233,-1.9614234,-1.1614233,0.72857666,0.31857666,2.1185768,-0.53142333,-2.5014234,0.41857666,1.7985767,-1.2614233,-3.3514233,-4.471423,-1.1214234,-0.8614233,-2.4914234,-1.7414234,-1.5914234,-2.4514234,-3.6714234,-3.1014233,-2.7814233,-2.7614233,-0.36142334,1.2385767,0.34857666,0.13857666
-3.0014234,-5.3514233,-3.7214234,-4.721423,-4.7814236,-4.641423,-5.6014233,-6.8114233,-5.0214233,-4.0714235,-4.5214233,-1.6714233,-0.18142334,-1.4814234,-1.4114233,-1.3414234,-2.4914234,-1.6414233,-2.8014233,-1.7114234,-3.3814232,-2.1814234,-3.9914234,-4.0414233,-0.9814233,2.6985767,0.39857665,-1.9314233,-2.1514235,-5.761423,-2.4414234,-3.7414234,-3.4814234,-4.261423,-2.3114233,-3.1814234,-3.6914234,-3.9414234,-3.2514234,-1.7414234,1.4585767
-4.8014235,-4.1214232,-3.5714233,-3.1514235,-4.161423,-6.2914233,-5.8314233,-5.9814234,-4.1314235,-3.8314233,-3.2514234,-3.8414233,-3.3714232,-2.2114234,-2.0114233,-2.6514235,-1.5714233,-3.7114234,-4.8514233,-3.1714234,-5.3814235,-7.5214233,-9.711423,5.528577,-1.6514233,-3.2314234,-1.9014233,0.96857667,0.08857666,-3.7914233,-1.6414233,-1.7314234,-3.8714232,-4.1214232,-0.8014233,-0.47142333,-1.3114233,-0.11142334,0.37857667,-0.40142334,-0.90142334
-2.6714234,-1.5714233,-2.3914232,-3.1214232,-2.5914233,-3.9314234,-4.911423,-6.0714235,-4.221423,-4.721423,-3.5014234,-0.14142334,-1.9714234,-2.7214234,-3.6514235,-3.7514234,-2.5214233,-2.1514235,-1.5214233,-1.2314234,-2.6714234,-2.6414232,-5.2714233,-9.841423,-11.661424,0.67857665,-2.6114233,-6.7914233,-3.0614233,-3.4014235,-5.431423,-4.1014233,-3.3814232,-2.5914233,-1.4814234,2.4585767,0.75857663,-0.30142334,-0.34142333,-1.3514234,-0.13142334
-1.8314233,-4.0914235,-2.7814233,-3.9514234,-3.2014234,-2.4414234,-4.1114235,-4.391423,-4.1914234,-3.7914233,-1.6914233,1.4285767,-2.0014234,-3.9714234,-3.7014234,-3.9714234,-4.6114235,-4.6514235,-4.181423,-4.7514234,-3.4814234,-3.1914234,-2.7914233,-3.2314234,-4.9414234,-8.061423,-9.581424,-5.411423,-7.5714235,-6.1214232,-5.7714233,-6.391423,-4.201423,-2.6714234,-1.0514233,-1.1814233,3.0385766,3.7085767,1.1685767,-0.29142335,-0.02142334
-1.5414233,-1.5114233,-1.8014233,-2.7314234,-2.4314234,-2.3314233,-2.6614234,-2.6614234,-2.5214233,-4.0814233,-1.5314233,-0.44142333,-3.9714234,-3.0614233,-2.5314233,-2.7614233,-1.8414234,-2.9314234,-2.3914232,-2.8114233,-2.8514233,-3.2814233,-3.0414233,-3.7014234,-3.9514234,-2.8714232,-3.3614233,-4.0714235,-6.181423,-6.2114234,-5.681423,-4.9814234,-4.391423,-5.741423,-4.8114233,-4.2814236,-4.3814235,-0.62142336,1.2785766,2.5285766,2.6085768
-0.42142335,-1.8214233,-2.2314234,-2.7914233,-2.8914232,-2.4114234,-2.0714233,-3.1114233,-3.2114234,-3.3514233,-1.5514233,0.56857663,0.35857666,0.54857665,-0.52142334,-0.81142336,-1.9214233,-2.2214234,-2.2414234,-3.6014233,-4.011423,-3.7914233,-2.3214233,-3.0114233,-3.2214234,-3.9714234,-4.8514233,-4.3414235,-4.6514235,-4.0914235,-5.971423,-7.161423,-4.7914233,-5.6214232,-4.0614233,-4.5414233,-3.6514235,-1.9814234,-1.0014234,-0.43142334,0.35857666
0.12857667,-1.6014234,0.22857666,-3.3614233,-2.2814233,-2.0214233,-2.2414234,-2.6114233,-3.2814233,-2.7014234,0.46857667,-0.82142335,1.6185766,1.7085767,0.93857664,-0.9114233,-1.7314234,-0.7214233,-2.5314233,-2.6314232,-2.8014233,-2.4114234,-3.0814233,-3.5014234,-3.9514234,-4.4214234,-4.4214234,-3.9814234,-4.6314235,-4.5914235,-3.0514233,-4.0314236,-4.5814233,-4.701423,-3.8814232,-1.8814234,-0.6014233,-1.3514234,-0.42142335,1.4785767,0.6985767
