wind_kz.json
{"header": {"discipline":0,"disciplineName":"Meteorological products","gribEdition":2,"gribLength":1025,"center":7,"centerName":"US National Weather Service - NCEP(WMC)","subcenter":0,"refTime":"2024-01-31T18:00:00.000Z","significanceOfRT":1,"significanceOfRTName":"Start of forecast","productStatus":0,"productStatusName":"Operational products","productType":1,"productTypeName":"Forecast products","productDefinitionTemplate":0,"productDefinitionTemplateName":"Analysis/forecast at horizontal level/layer at a point in time","parameterCategory":2,"parameterCategoryName":"UnknownDiscipline_0_Category_2","parameterNumber":2,"parameterNumberName":"UnknownParameter_D0_C2_2","parameterUnit":"Unknown","genProcessType":2,"genProcessTypeName":"Forecast","forecastTime":240,"surface1Type":103,"surface1TypeName":"Specified height level above ground","surface1Value":10.0,"surface2Type":255,"surface2TypeName":"Missing","surface2Value":0.0,"gridDefinitionTemplate":0,"gridDefinitionTemplateName":"Latitude_Longitude","numberPoints":615,"shape":6,"shapeName":"Earth spherical with radius of 6,371,229.0 m","gridUnits":"degrees","resolution":48,"winds":"true","scanMode":64,"nx":41,"ny":15,"basicAngle":0,"lo1":47.0,"la1":41.0,"lo2":87.0,"la2":55.0,"dx":1.0,"dy":1.0}, "data":
[rows 0 to 14 of 15, columns 0 to 40 of 41]
-0.21487977,-0.73487973,-0.16487975,1.3051202,-1.4048798,-1.1048797,-5.2648797,-7.43488,-9.00488,-5.21488,-5.2048798,-5.79488,-6.2048798,-5.5948796,-5.08488,-4.5948796,-3.6848798,-3.5548797,-5.3448796,-3.9948797,-3.5848799,-1.1448798,-0.5048798,-2.6648798,0.25512025,-1.6348797,-3.2548797,-1.7748798,1.8951203,1.0251203,0.08512024,2.7351203,-0.24487977,0.60512024,2.2351203,3.0351202,3.3951201,3.9151201,3.9751203,3.9951203,3.3251202
2.2951202,0.39512023,5.9451203,-1.2248797,-3.1648798,-4.48488,-5.21488,-7.2048798,-6.6348796,-5.8448796,-5.87488,-6.0548797,-5.25488,-4.37488,-4.4748797,-5.6348796,-5.08488,-5.31488,-3.1148798,-3.2748797,-2.2048798,-1.5148797,-1.3348798,-4.21488,-0.47487977,1.5951202,-1.4548798,1.3751203,-3.2748797,-1.7748798,0.20512024,-0.64487976,2.9851203,-2.4648798,0.47512025,0.36512023,-0.10487976,1.3151202,0.34512025,1.4951203,1.3451202
0.53512025,0.9451202,-4.6348796,-7.9248796,-6.52488,-7.23488,-7.02488,-5.4248796,-7.98488,-5.60488,-4.9548798,-5.62488,-5.04488,-5.52488,-5.02488,-5.21488,-6.2048798,-4.7048798,-3.6848798,-1.9748797,-0.77487975,-2.8548799,-3.5448797,-3.1048799,-1.7448797,-2.6348798,-2.3048797,-1.5548798,-1.8248798,-0.63487977,-1.4048798,2.9151201,0.47512025,0.09512024,0.86512023,-1.1048797,0.27512023,0.58512026,0.16512024,3.7451203,3.0751202
-2.1248798,-3.3948798,-6.6748796,-7.7248797,-7.58488,-7.0548797,-5.0148797,-5.43488,-4.8448796,-4.9448795,-4.98488,-5.2248797,-7.0948796,-7.73488,-5.12488,-5.0548797,-4.71488,-4.27488,-3.5448797,-1.8248798,-1.8148798,-2.4148798,-2.7048798,-3.5648797,-3.4948797,-3.2048798,-2.4948797,-1.9348798,-1.3348798,0.12512024,1.0151203,-1.1648798,0.25512025,-2.6548798,-1.8748797,-1.9848797,-2.3648798,3.5151203,1.3951203,0.07512024,1.8151202
-2.7448797,-3.9948797,-4.8648796,-4.8248796,-4.5948796,-4.6948795,-4.3248796,-3.8448799,-4.37488,-3.7548797,-4.14488,-4.3648796,-5.10488,-5.71488,-5.8448796,-4.10488,-3.8248796,-3.6148798,-3.2648797,-4.0348797,-4.7848797,-4.0748796,-3.6248798,-3.1948798,-2.8748798,-2.5648797,-2.7948797,-1.9348798,-1.4348798,-0.8648798,-0.76487976,0.72512025,-0.33487976,3.4151201,2.5551202,0.31512025,0.8251202,2.1751204,2.6351202,2.1651201,0.85512024
-2.2048798,-1.9148798,-2.6048799,-3.0448797,-3.3748798,-3.3348799,-3.8648798,-3.6748798,-2.9248798,-3.2348797,-2.9648798,-2.6848798,-2.6448798,-3.0448797,-2.4248798,-2.1848798,-2.2848797,-2.3448799,-2.5748796,-2.6848798,-2.8948798,-2.2848797,-1.6448798,-1.5848798,-0.8148798,-0.49487975,0.95512027,0.5551202,0.8751202,0.10512024,0.7551202,1.4051203,1.3951203,2.2151203,3.6351202,-2.2748797,2.9051201,5.03512,10.77512,-2.5848799,-1.4548798
-0.34487975,-1.0248798,-1.1048797,-1.7648797,-1.7148798,-2.0548797,-3.0448797,-3.0048797,-2.5148797,-1.9648798,-1.8648797,-1.5248798,-1.1548798,-0.23487976,0.05512024,0.17512023,0.30512023,0.25512025,-0.36487976,-0.8048798,0.52512026,0.66512024,0.34512025,1.0151203,0.96512026,1.0351202,2.7751203,2.5451202,1.2751203,0.66512024,0.37512025,1.7451203,1.3951203,0.5651202,0.91512024,-0.78487974,0.53512025,3.2851202,3.6251202,0.04512024,4.9451203
0.22512025,0.53512025,-0.024879761,-0.5648798,-0.43487975,-0.5048798,-1.1448798,-1.3548797,-0.6848798,-1.8548797,-0.9448798,-0.26487976,-0.65487975,0.02512024,1.0051203,1.2451203,1.5051203,0.97512025,0.52512026,0.06512024,3.5651202,1.7851202,3.1451201,1.6851202,2.9151201,1.6551203,5.0951204,1.4751202,2.6451201,2.5251203,0.9451202,4.5051203,1.0951202,2.8051202,2.4251204,5.06512,3.7151203,3.5051203,5.2751203,2.7151203,-0.82487977
0.51512027,1.2851202,0.95512027,0.60512024,0.71512026,1.4451202,0.8851202,0.41512024,-0.49487975,0.61512023,-0.36487976,-0.45487976,1.5851202,1.4051203,2.0451202,1.6351203,2.8051202,1.8051202,2.5851202,2.0851202,3.5951202,4.0751204,4.4651203,5.14512,4.06512,4.7351203,4.56512,3.2751203,6.1951203,3.9451203,3.9751203,4.8651204,8.52512,6.43512,5.64512,1.5551202,1.4751202,-1.5648798,0.78512025,1.8551202,0.98512024
1.4251202,1.8151202,1.7951202,1.4851203,1.7751203,1.5251203,1.1051202,1.0751202,0.8151202,0.40512025,0.54512024,0.6251202,0.9951202,0.86512023,2.0751202,3.0751202,2.7651203,2.6851203,2.8651202,2.3551202,5.8251204,6.8451204,5.45512,5.56512,5.6751204,5.7751203,6.31512,7.1551204,7.47512,8.73512,8.21512,8.09512,7.2551203,6.12512,4.49512,1.7451203,-2.2648797,-0.01487976,0.08512024,1.1051202,1.2151202
0.09512024,0.48512024,-0.30487975,0.44512025,0.6851202,1.9351202,1.1951202,-0.27487975,-2.7248797,-3.8648798,-2.7448797,-1.2648797,0.07512024,2.1851203,3.3951201,3.3351202,3.5451202,3.9451203,2.0651202,4.72512,6.8251204,6.8051205,6.9251204,5.8451204,6.5051203,7.01512,8.19512,8.84512,9.53512,10.635119,9.48512,8.90512,7.8051205,6.3251204,5.70512,0.5551202,0.18512024,3.2751203,3.0751202,3.5851202,0.90512025
-3.8148797,-4.0348797,-4.66488,-5.23488,-5.6948795,-5.7648797,-5.29488,-5.1948795,-3.8748798,-3.0048797,-1.2548797,1.0351202,1.9551202,2.9851203,4.3851204,3.7951202,4.5951204,5.43512,2.3951201,4.9651203,5.60512,6.35512,6.12512,6.20512,7.6151204,8.00512,8.685121,10.3051195,10.145121,9.895121,8.73512,8.605121,6.99512,7.6151204,6.0951204,6.7951202,6.72512,8.30512,8.37512,5.3451204,0.12512024
-3.6948798,-4.6548796,-4.6948795,-4.4048796,-3.9848797,-2.9448798,-3.4748797,-1.9048798,-1.6948798,-1.4448798,-1.0248798,0.70512027,1.6251203,3.7051203,4.0251203,4.3251204,4.24512,4.72512,3.2151203,4.7951202,5.0951204,6.37512,7.18512,7.49512,8.55512,8.16512,9.2651205,8.91512,9.32512,9.145121,9.0151205,9.05512,8.44512,7.9651203,8.04512,8.07512,8.03512,5.87512,8.84512,8.34512,5.9651203
-3.5048797,-2.7248797,-2.5148797,-2.8848798,-1.8948798,-1.8748797,-1.3048798,-1.8248798,0.26512024,-0.054879762,-1.2448797,0.32512024,2.0251203,3.8451202,3.6951203,3.2951202,3.6651201,3.8251202,3.1651201,5.72512,6.43512,6.8651204,7.9251204,8.37512,8.34512,8.27512,8.5151205,8.79512,8.80512,9.08512,8.88512,8.355121,8.19512,8.25512,7.18512,7.72512,6.8251204,7.2751203,7.2351203,6.2751203,7.24512
-1.9648798,-1.8448797,-1.6448798,-1.7348797,-1.4648798,-1.4848797,0.14512023,0.10512024,1.2451203,-0.20487976,-0.85487974,0.85512024,1.8551202,2.1451201,4.9651203,3.6651201,4.8651204,6.4851203,5.3651204,7.0251203,6.9851203,7.9051204,7.5451202,7.91512,8.34512,8.27512,8.58512,8.61512,8.435121,8.61512,8.79512,9.73512,8.54512,8.30512,8.03512,8.54512,7.2351203,8.28512,8.065121,7.66512,4.5051203
