wind_kz.json
{"header": {"discipline":0,"disciplineName":"Meteorological products","gribEdition":2,"gribLength":1025,"center":7,"centerName":"US National Weather Service - NCEP(WMC)","subcenter":0,"refTime":"2023-09-07T06:00:00.000Z","significanceOfRT":1,"significanceOfRTName":"Start of forecast","productStatus":0,"productStatusName":"Operational products","productType":1,"productTypeName":"Forecast products","productDefinitionTemplate":0,"productDefinitionTemplateName":"Analysis/forecast at horizontal level/layer at a point in time","parameterCategory":2,"parameterCategoryName":"UnknownDiscipline_0_Category_2","parameterNumber":2,"parameterNumberName":"UnknownParameter_D0_C2_2","parameterUnit":"Unknown","genProcessType":2,"genProcessTypeName":"Forecast","forecastTime":180,"surface1Type":103,"surface1TypeName":"Specified height level above ground","surface1Value":10.0,"surface2Type":255,"surface2TypeName":"Missing","surface2Value":0.0,"gridDefinitionTemplate":0,"gridDefinitionTemplateName":"Latitude_Longitude","numberPoints":615,"shape":6,"shapeName":"Earth spherical with radius of 6,371,229.0 m","gridUnits":"degrees","resolution":48,"winds":"true","scanMode":64,"nx":41,"ny":15,"basicAngle":0,"lo1":47.0,"la1":41.0,"lo2":87.0,"la2":55.0,"dx":1.0,"dy":1.0}, "data":
[rows 0 to 14 of 15, columns 0 to 40 of 41]
-1.6205139,-0.9405139,2.189486,2.609486,0.18948609,-2.070514,-10.760514,-9.840514,-8.750514,-4.660514,-5.720514,-8.300514,-7.490514,-5.5705137,-3.520514,-3.060514,-3.840514,-2.530514,-2.9505138,-3.140514,-3.4305139,0.6994861,-0.43051392,-1.200514,-1.1205139,-2.330514,-2.4205139,0.5994861,0.6894861,1.669486,1.179486,1.7794861,1.789486,0.6894861,-2.7205138,-4.680514,-4.690514,-5.750514,-2.250514,-8.3105135,-1.080514
0.089486085,1.409486,3.379486,-2.330514,-7.430514,-11.270514,-10.950514,-9.850513,-6.270514,-8.530514,-8.680514,-6.870514,-5.520514,-4.5905137,-3.560514,-3.6705139,-2.7405138,-4.020514,-3.130514,-2.4305139,-4.700514,-3.790514,-1.700514,-2.060514,0.5694861,1.3294861,-0.97051394,0.7394861,-3.7105138,-0.6905139,0.12948608,1.5994861,0.06948608,-0.39051393,1.9794861,-0.010513916,-0.16051392,-0.08051392,-2.260514,2.5094862,-6.1105137
-0.11051392,-0.6805139,-3.9905138,-8.930514,-9.3105135,-10.150514,-10.010514,-9.440514,-9.940514,-8.280514,-7.100514,-6.850514,-5.040514,-3.130514,-3.370514,-3.250514,-3.620514,-3.030514,-2.4305139,-2.9705138,-4.960514,-7.600514,-6.470514,-7.5505137,-0.5205139,-3.900514,-2.4305139,-2.1605139,-2.770514,-0.6505139,-0.6705139,1.9994861,-0.23051392,0.15948609,0.14948608,-0.6505139,1.5294861,-0.48051393,6.1994863,5.939486,1.919486
-2.1705139,-4.5505137,-7.640514,-10.080514,-9.300514,-6.680514,-4.540514,-9.230514,-8.740514,-7.100514,-6.310514,-5.630514,-7.520514,-5.160514,-2.4205139,-3.040514,-3.4205139,-2.9305139,-2.9205139,-3.4505138,-3.370514,-6.430514,-2.4805138,-3.340514,-7.160514,-6.920514,-5.990514,-7.5505137,-3.850514,-2.100514,-1.5005139,-1.2605139,1.539486,1.669486,-3.620514,-1.340514,0.5994861,2.479486,0.8294861,-0.3205139,2.8194861
-2.2105138,-3.9405138,-6.710514,-8.350513,-6.600514,-6.3405137,-7.240514,-4.260514,-8.030514,-6.140514,-5.010514,-5.060514,-5.950514,-4.330514,-3.800514,-2.7205138,-3.060514,-2.600514,-3.050514,-4.240514,-4.920514,-4.540514,-4.310514,-4.250514,-4.530514,-5.500514,-5.480514,-4.490514,-2.030514,-2.150514,-2.010514,-1.8805139,-1.6705139,2.5694861,-0.6205139,0.07948609,3.3094862,2.609486,4.269486,5.569486,4.119486
-2.020514,-1.310514,-3.7105138,-4.630514,-4.180514,-8.220514,-4.150514,-3.780514,-3.9405138,-3.9105139,-4.260514,-2.830514,-3.770514,-5.6105137,-3.780514,-2.070514,-2.7005138,-2.6905138,-3.050514,-3.4505138,-4.5705137,-3.7005138,-3.9305139,-6.3605137,-6.730514,-6.3605137,-4.620514,-6.260514,-4.290514,-3.140514,-3.7105138,-5.020514,-3.500514,-1.560514,0.90948606,4.109486,2.909486,7.249486,8.659486,6.519486,3.5294862
-1.7205139,0.22948608,-3.6805139,-2.4305139,-1.940514,-3.590514,-0.22051391,-3.6705139,-5.030514,-4.930514,-3.820514,-2.890514,-3.840514,-3.040514,-2.1705139,-2.530514,-2.2305138,-2.840514,-3.380514,-3.570514,-4.690514,-4.5905137,-5.140514,-4.620514,-4.500514,-4.720514,-3.360514,-3.080514,-3.1605139,-1.8805139,-2.4605138,-1.8505139,-1.2305139,-1.5405139,2.419486,-5.13916E-4,-0.5705139,-0.98051393,1.8794861,-0.40051392,2.439486
-4.770514,-2.9905138,-4.130514,-3.050514,-3.760514,-2.9905138,-3.880514,-5.020514,-3.140514,-3.1605139,-2.650514,-3.000514,-3.150514,-3.510514,-2.530514,-2.570514,-2.1905138,-3.020514,-4.650514,-3.9105139,-4.000514,-3.020514,-2.800514,-2.870514,-3.100514,-2.2005138,-1.9805139,-0.98051393,0.3694861,-0.9605139,-0.78051394,1.299486,0.3094861,2.0694861,1.4994861,4.999486,4.759486,6.6794863,4.959486,7.499486,2.7794862
-1.0505139,-2.290514,-3.280514,-4.010514,-2.070514,-3.390514,-3.580514,-2.540514,-4.170514,-2.850514,-2.1605139,-4.980514,-2.840514,-2.7105138,-2.2105138,-1.9905139,-2.090514,-3.650514,-3.4805138,-3.820514,-3.7005138,-2.500514,-2.530514,-2.300514,-2.510514,-2.1905138,-0.98051393,-1.1305139,0.13948609,0.90948606,1.189486,1.2594861,4.219486,3.199486,2.359486,3.7694862,1.9894861,0.14948608,1.2394861,-0.17051391,-0.97051394
-3.010514,-2.290514,-4.270514,-3.860514,-3.9605138,-4.990514,-3.800514,-3.620514,-3.150514,-2.1705139,-2.270514,-3.350514,-1.8005139,-1.5305139,-1.4105139,-1.7405139,-2.630514,-3.610514,-2.010514,-2.150514,-0.6305139,0.029486084,1.6494861,-0.84051394,-1.060514,-5.13916E-4,0.4394861,0.8094861,1.7394861,2.0194862,2.0494862,2.7894862,1.039486,2.3094862,2.099486,1.8194861,0.6894861,0.3394861,0.4994861,0.09948608,0.4994861
-3.090514,-3.060514,-3.9105139,-2.9905138,-3.1905138,-2.630514,-3.1805139,-2.750514,-3.030514,-2.820514,-1.690514,-0.7705139,0.52948606,-3.050514,-2.510514,-2.320514,-1.830514,-2.2105138,-1.2705139,0.14948608,-0.72051394,-0.53051394,0.06948608,-0.5605139,-0.6405139,-1.1705139,0.4294861,-0.030513916,0.71948606,2.449486,1.4894861,1.3794861,0.5994861,1.7694861,1.9994861,1.4594861,-0.6805139,0.18948609,1.419486,0.44948608,-1.1505139
-1.6505139,-0.9305139,-1.4105139,-1.2605139,-2.4905138,-2.900514,-2.4305139,-1.700514,0.10948608,-0.49051392,-1.3905139,-0.79051393,-1.1305139,-0.7605139,-0.7705139,0.20948608,-2.4605138,1.7594861,0.9194861,1.7494861,1.169486,-0.040513918,-1.690514,-1.7805139,-0.72051394,0.019486085,0.4094861,1.059486,0.119486086,0.089486085,-1.0405139,0.06948608,0.8494861,1.4894861,0.8194861,0.23948608,0.3094861,-0.4105139,-1.2205139,0.6994861,0.20948608
-1.440514,-1.5005139,-2.300514,-2.4605138,-1.4105139,-1.440514,0.4094861,-0.13051392,-0.40051392,-0.9205139,-0.9605139,-0.020513916,0.7894861,0.71948606,0.9494861,1.5894861,1.3394861,0.31948608,-0.36051393,0.70948607,0.3394861,-0.18051392,0.5794861,0.089486085,1.2594861,0.34948608,0.4294861,-1.0105139,-1.0305139,-0.6705139,-0.2505139,0.4394861,0.049486086,-0.2805139,0.119486086,-0.49051392,-1.330514,-0.7005139,0.3994861,0.58948606,-0.37051392
0.4594861,-0.27051392,-0.7605139,-1.6205139,-0.22051391,-0.73051393,-0.090513915,-0.7005139,0.17948608,0.19948608,-0.66051394,-0.98051393,1.4894861,1.6394861,1.9694861,2.449486,2.0894861,2.0794861,0.9894861,-0.9505139,-0.7105139,-1.080514,-1.5405139,-1.1605139,-1.2505139,-1.090514,-1.5305139,-0.9605139,-1.5005139,-1.0505139,-0.8205139,-0.3405139,-0.2605139,-0.7705139,-0.19051391,-1.080514,-1.2905139,-1.7505139,-1.4205139,0.029486084,-0.2805139
0.6394861,-0.40051392,0.83948606,1.409486,-0.9405139,-1.0505139,-0.59051394,-1.5505139,0.12948608,-0.6405139,-0.8105139,-0.21051392,-0.2605139,0.89948606,1.919486,2.249486,2.3194861,2.129486,1.2094861,-0.040513918,-0.8805139,-1.2205139,-1.4205139,-1.460514,-1.0405139,-0.97051394,-0.53051394,-0.7005139,-1.2405139,-1.1005139,-0.91051394,-1.2205139,-0.97051394,-0.9905139,-1.1505139,-0.7405139,-0.9505139,-1.190514,-1.3005139,-1.1105139,-0.6105139
