wind.json
{"header": {"discipline":0,"disciplineName":"Meteorological products","gribEdition":2,"gribLength":1125,"center":7,"centerName":"US National Weather Service - NCEP(WMC)","subcenter":0,"refTime":"2023-06-28T18:00:00.000Z","significanceOfRT":1,"significanceOfRTName":"Start of forecast","productStatus":0,"productStatusName":"Operational products","productType":1,"productTypeName":"Forecast products","productDefinitionTemplate":0,"productDefinitionTemplateName":"Analysis/forecast at horizontal level/layer at a point in time","parameterCategory":2,"parameterCategoryName":"UnknownDiscipline_0_Category_2","parameterNumber":2,"parameterNumberName":"UnknownParameter_D0_C2_2","parameterUnit":"Unknown","genProcessType":2,"genProcessTypeName":"Forecast","forecastTime":300,"surface1Type":103,"surface1TypeName":"Specified height level above ground","surface1Value":10.0,"surface2Type":255,"surface2TypeName":"Missing","surface2Value":0.0,"gridDefinitionTemplate":0,"gridDefinitionTemplateName":"Latitude_Longitude","numberPoints":688,"shape":6,"shapeName":"Earth spherical with radius of 6,371,229.0 m","gridUnits":"degrees","resolution":48,"winds":"true","scanMode":64,"nx":43,"ny":16,"basicAngle":0,"lo1":45.0,"la1":40.0,"lo2":87.0,"la2":55.0,"dx":1.0,"dy":1.0}, "data":
[rows 0 to 15 of 16, columns 0 to 42 of 43]
1.791565,-2.328435,-2.518435,1.731565,3.791565,2.061565,5.201565,4.2815647,2.761565,1.371565,0.5015649,4.211565,3.251565,-0.6284351,-4.4884353,-4.618435,-5.208435,-5.628435,-6.268435,-5.268435,-4.138435,-2.828435,-3.258435,-0.58843505,2.971565,3.741565,2.081565,0.36156493,0.46156493,-0.9984351,-0.72843504,-1.0584351,-0.16843505,-0.60843503,-2.3784351,-1.4484351,1.521565,2.351565,1.241565,-1.6484351,-1.268435,-0.8084351,-1.5584351
-0.41843507,6.5115647,3.431565,1.891565,0.70156497,6.561565,7.631565,6.931565,5.611565,3.701565,1.411565,1.3315649,1.621565,0.21156494,-2.428435,-4.708435,-4.768435,-5.658435,-5.888435,-6.4884353,-3.948435,-1.0484351,2.321565,1.861565,2.941565,4.621565,0.34156495,0.92156494,4.551565,3.021565,1.761565,3.541565,-0.6784351,1.231565,-0.18843506,-0.7484351,-2.1284351,0.09156494,1.8015649,1.741565,0.8215649,1.9215649,1.4415649
2.171565,1.0515649,0.64156497,-0.54843503,4.571565,7.681565,9.511565,6.2615647,2.811565,2.931565,4.411565,1.6715649,1.631565,3.001565,0.011564941,-1.888435,-4.4884353,-3.948435,-2.3684351,-3.828435,-1.368435,-1.1784351,1.381565,1.6015649,3.311565,5.5315647,2.441565,-0.47843507,0.72156495,2.801565,3.1415648,2.741565,1.761565,4.451565,-1.5484351,0.72156495,0.54156494,0.53156495,1.661565,3.091565,0.86156493,0.34156495,-0.27843505
1.031565,1.6815649,5.131565,9.861565,10.061565,9.291565,7.861565,2.171565,1.1815649,2.601565,3.671565,1.281565,1.8015649,3.821565,1.3415649,-1.748435,-2.828435,-1.598435,-1.098435,-1.6684351,-0.46843505,0.24156494,2.1515648,5.331565,3.501565,-4.448435,-1.768435,-0.89843506,1.121565,1.411565,2.6315649,0.14156494,1.5815649,-0.7484351,0.53156495,-0.35843506,-1.2984351,0.96156496,1.361565,1.5915649,2.281565,6.901565,4.671565
2.1515648,1.761565,2.731565,3.741565,3.041565,6.171565,3.741565,-2.3584352,-2.228435,2.311565,2.9115648,2.841565,1.761565,1.8215649,-3.758435,-2.6184351,-0.22843505,-0.58843505,0.84156495,1.3415649,1.531565,2.271565,2.431565,1.911565,-4.528435,-3.6084352,-3.1084352,-3.228435,-4.4884353,-7.198435,-4.578435,-1.978435,-0.96843505,1.911565,-3.008435,-0.22843505,0.8815649,0.80156493,2.251565,3.351565,-2.688435,0.47156495,-0.028435059
1.011565,3.251565,1.661565,-0.57843506,-2.578435,-5.408435,-4.658435,-2.758435,-6.068435,-9.258435,-5.608435,-3.928435,-2.068435,-3.8684351,-1.8284351,-5.418435,-2.478435,0.98156494,1.161565,2.341565,1.8215649,3.1415648,1.2115649,-1.388435,-2.988435,-3.818435,-4.428435,-5.168435,-6.878435,-3.758435,-5.578435,-5.5084352,-4.608435,-1.5484351,4.2415648,4.411565,-2.3884351,-2.538435,-3.6084352,-4.288435,-3.568435,-3.228435,-1.978435
0.5715649,2.561565,1.121565,-1.5484351,-1.5784351,-2.928435,-6.948435,-1.268435,-2.188435,-1.388435,-4.588435,-5.2584352,-5.338435,-2.678435,1.011565,1.1715649,2.991565,3.491565,4.521565,6.191565,5.981565,0.8715649,-0.8084351,-2.308435,-2.3684351,-3.238435,-3.288435,-4.088435,-5.248435,-2.468435,-4.868435,-5.288435,-6.398435,-5.578435,-6.178435,-5.408435,-3.748435,3.761565,0.34156495,-0.38843507,-1.518435,-3.1084352,-3.948435
-2.0884352,-1.6784351,-2.3784351,-2.1084352,-0.6784351,-0.33843505,-2.978435,-1.5684351,-3.668435,-4.438435,-4.348435,-3.218435,-1.708435,-0.52843505,1.0815649,4.161565,3.851565,2.991565,2.761565,3.991565,1.781565,0.78156495,-2.168435,-2.728435,-1.838435,-1.3284351,-1.008435,-0.72843504,-0.97843504,-0.118435055,0.72156495,1.001565,0.03156494,-2.038435,-1.9084351,-0.90843505,-0.69843507,0.60156494,0.19156495,-2.678435,3.6515648,-0.15843506,-0.8784351
-1.8984351,-1.6784351,-1.1784351,-1.718435,-1.9484351,-2.018435,-1.1784351,-2.738435,-2.978435,-3.0984352,-1.7784351,0.17156494,2.101565,3.751565,5.4915648,3.511565,2.781565,0.76156497,1.111565,1.641565,0.26156494,1.8215649,-0.20843506,-1.5484351,-1.9484351,-1.4084351,-0.04843506,2.1415648,1.3215649,0.59156495,-1.508435,-1.858435,-1.888435,-1.1884351,0.08156494,-1.598435,-0.9384351,-0.94843507,-1.1684351,3.751565,4.7615647,3.681565,6.4915648
0.29156494,-0.7584351,-1.108435,-1.988435,-2.6284351,-1.8084351,-1.968435,-1.9284351,-2.1284351,-0.32843506,0.29156494,1.491565,2.6515648,3.041565,2.3815649,0.52156496,0.24156494,2.241565,-1.0684351,-0.5084351,-1.1484351,-0.32843506,2.6415648,2.701565,1.5615649,1.3215649,0.101564944,0.80156493,0.58156496,0.95156497,0.5715649,1.1715649,0.76156497,0.52156496,-1.088435,0.07156494,0.21156494,2.1315649,3.1415648,2.571565,3.6215649,-0.46843505,2.6115649
0.40156496,0.09156494,-0.05843506,-1.4084351,-1.3984351,-1.0684351,-1.6984351,-2.238435,-1.518435,0.6215649,0.36156493,-0.31843507,-1.858435,-3.298435,-4.7584352,-5.368435,-5.428435,-4.708435,-4.808435,-3.988435,-2.328435,1.011565,3.6315649,7.391565,7.0115647,6.321565,5.171565,4.2815647,3.601565,2.461565,1.3215649,0.36156493,1.151565,0.9315649,0.9415649,1.891565,2.311565,0.26156494,0.7415649,-0.5084351,3.981565,1.6715649,0.13156494
2.1615648,-0.13843507,0.6915649,-0.028435059,-0.85843503,-1.0284351,-0.73843503,-1.628435,-1.508435,-0.60843503,-1.0284351,-1.008435,-2.318435,-3.698435,-2.788435,-3.958435,-4.208435,-3.428435,-3.818435,-2.758435,-1.758435,-1.3084351,-0.57843506,1.1815649,5.5115647,7.581565,7.411565,6.5115647,8.081565,7.571565,3.461565,0.65156496,1.541565,2.9115648,2.9115648,2.991565,4.111565,3.601565,1.8115649,1.9215649,-0.05843506,1.3015649,3.281565
2.471565,1.3215649,0.16156495,0.35156494,1.041565,-0.59843504,0.48156494,-0.14843506,-0.84843504,-1.378435,-0.88843507,-2.1284351,-1.138435,-2.758435,-2.808435,-3.148435,-2.818435,-2.3784351,-2.238435,-1.4084351,-0.5684351,0.46156493,1.141565,1.5915649,1.771565,1.741565,3.311565,7.641565,9.461565,10.251565,6.791565,2.561565,3.291565,4.831565,5.351565,4.461565,4.081565,6.331565,6.111565,5.201565,4.851565,2.771565,2.601565
2.781565,3.211565,2.191565,2.1315649,1.991565,-0.94843507,-1.6884351,-1.0784351,-2.048435,-1.7884351,-2.558435,-0.47843507,1.291565,2.6515648,1.631565,1.2015649,0.051564943,0.52156496,1.161565,1.9415649,1.9515649,3.561565,3.711565,4.001565,3.691565,3.761565,2.811565,2.431565,2.6315649,3.6615648,2.591565,2.171565,2.071565,4.451565,4.061565,3.731565,4.501565,4.071565,3.171565,2.951565,4.671565,0.92156494,1.791565
3.281565,2.8615649,2.671565,1.9515649,-0.47843507,-0.008435058,1.4615649,0.41156495,-1.118435,-0.44843507,-0.23843506,0.25156495,1.231565,3.001565,0.80156493,1.1915649,1.3315649,2.301565,3.231565,4.151565,4.381565,4.731565,4.801565,4.701565,4.881565,4.581565,4.0315647,3.561565,2.501565,2.8615649,3.6115649,4.501565,5.711565,4.461565,3.511565,4.411565,3.081565,3.1615648,1.6715649,3.441565,3.951565,1.981565,3.1215649
3.921565,1.6915649,0.28156495,-0.96843505,-2.188435,-1.098435,-1.1784351,0.95156497,1.1815649,1.401565,0.38156494,0.8815649,1.241565,0.19156495,1.401565,2.491565,2.1315649,2.6215649,3.291565,3.6415648,3.831565,4.161565,4.421565,4.771565,5.251565,6.101565,6.0115647,5.891565,5.0315647,4.601565,3.201565,3.851565,3.311565,3.6315649,2.921565,3.211565,2.721565,4.811565,3.741565,5.321565,5.941565,4.451565,2.431565
