wind_kz.json
{"header": {"discipline":0,"disciplineName":"Meteorological products","gribEdition":2,"gribLength":871,"center":7,"centerName":"US National Weather Service - NCEP(WMC)","subcenter":0,"refTime":"2024-03-19T18:00:00.000Z","significanceOfRT":1,"significanceOfRTName":"Start of forecast","productStatus":0,"productStatusName":"Operational products","productType":1,"productTypeName":"Forecast products","productDefinitionTemplate":0,"productDefinitionTemplateName":"Analysis/forecast at horizontal level/layer at a point in time","parameterCategory":0,"parameterCategoryName":"UnknownDiscipline_0_Category_0","parameterNumber":0,"parameterNumberName":"UnknownParameter_D0_C0_0","parameterUnit":"Unknown","genProcessType":2,"genProcessTypeName":"Forecast","forecastTime":240,"surface1Type":1,"surface1TypeName":"Ground or water surface","surface1Value":0.0,"surface2Type":255,"surface2TypeName":"Missing","surface2Value":0.0,"gridDefinitionTemplate":0,"gridDefinitionTemplateName":"Latitude_Longitude","numberPoints":615,"shape":6,"shapeName":"Earth spherical with radius of 6,371,229.0 m","gridUnits":"degrees","resolution":48,"winds":"true","scanMode":64,"nx":41,"ny":15,"basicAngle":0,"lo1":47.0,"la1":41.0,"lo2":87.0,"la2":55.0,"dx":1.0,"dy":1.0}, "data":
[rows 0 to 14 of 15, columns 0 to 40 of 41]
283.85876,276.55878,277.85876,280.75876,281.55878,282.75876,286.05878,289.45877,288.45877,290.95877,288.95877,290.05878,289.45877,289.95877,289.35876,287.75876,288.05878,286.25876,288.05878,285.35876,286.85876,285.35876,285.55878,281.05878,284.75876,285.15875,282.55878,270.25876,269.55878,266.35876,265.95877,264.35876,278.05878,281.35876,282.35876,282.65875,282.15875,282.25876,282.45877,282.85876,282.05878
262.75876,278.75876,280.95877,280.95877,281.25876,281.75876,285.05878,286.65875,287.35876,287.15875,287.75876,287.15875,287.85876,287.55878,288.95877,288.55878,289.15875,288.55878,287.05878,287.65875,287.15875,284.05878,280.65875,275.75876,267.45877,268.15875,278.35876,269.25876,272.05878,266.05878,276.15875,260.85876,269.75876,248.25876,256.15875,280.35876,279.15875,280.25876,282.15875,275.25876,272.25876
277.85876,279.35876,280.85876,281.05878,280.95877,282.25876,283.45877,284.55878,284.75876,285.95877,286.25876,286.95877,287.35876,287.05878,286.55878,287.75876,287.05878,285.85876,286.65875,287.65875,286.75876,284.85876,282.45877,277.95877,282.25876,280.95877,282.05878,281.85876,283.55878,277.75876,267.35876,271.75876,276.05878,274.75876,272.85876,276.15875,267.05878,267.35876,272.75876,267.05878,260.45877
282.05878,279.65875,279.75876,280.45877,280.45877,281.95877,282.85876,283.05878,284.35876,285.15875,286.25876,284.35876,283.75876,284.45877,284.85876,286.25876,284.65875,285.05878,285.25876,286.55878,284.35876,278.75876,282.55878,281.55878,284.45877,286.35876,284.55878,282.75876,283.35876,284.05878,284.55878,281.15875,284.55878,284.85876,282.65875,279.15875,265.05878,259.55878,271.75876,274.15875,277.75876
281.45877,279.35876,278.95877,279.35876,279.65875,283.15875,284.35876,285.05878,285.95877,286.25876,285.35876,284.25876,282.25876,282.05878,280.65875,283.35876,283.15875,282.55878,283.45877,283.25876,282.95877,282.85876,282.15875,281.45877,280.25876,280.85876,279.35876,279.95877,282.45877,284.15875,283.85876,281.55878,270.95877,257.15875,274.05878,276.55878,277.25876,278.35876,278.25876,279.05878,276.65875
279.55878,281.05878,278.95877,276.85876,271.45877,273.15875,281.95877,284.55878,284.75876,285.35876,285.65875,285.15875,281.85876,281.65875,277.25876,283.05878,283.35876,282.55878,283.15875,284.55878,282.95877,282.55878,281.75876,282.05878,281.25876,281.65875,279.85876,273.05878,280.95877,280.35876,280.45877,281.95877,279.95877,280.85876,280.65875,278.35876,274.85876,272.65875,276.35876,276.75876,277.25876
278.75876,279.75876,281.35876,282.05878,279.55878,280.95877,283.05878,283.15875,284.05878,284.75876,284.95877,284.45877,284.75876,284.25876,281.65875,282.55878,282.15875,281.95877,280.65875,282.25876,281.85876,282.85876,282.75876,282.05878,275.25876,273.15875,273.15875,277.45877,276.45877,276.45877,276.25876,277.05878,278.25876,279.85876,278.05878,277.35876,272.05878,271.75876,263.25876,264.35876,273.45877
277.25876,277.25876,278.85876,280.45877,281.85876,283.25876,283.55878,281.55878,279.75876,280.75876,280.65875,282.15875,283.35876,280.55878,280.65875,281.15875,279.45877,280.55878,281.15875,279.25876,279.15875,280.35876,280.55878,280.65875,280.25876,276.55878,273.25876,266.75876,267.55878,265.85876,264.85876,266.35876,266.75876,270.95877,270.95877,269.25876,264.55878,271.35876,277.45877,276.35876,270.55878
276.45877,276.45877,277.35876,277.95877,279.65875,280.25876,280.25876,277.35876,277.95877,277.95877,278.35876,278.95877,279.45877,281.25876,281.35876,281.65875,279.85876,279.65875,277.45877,278.35876,277.45877,278.35876,279.75876,275.25876,274.35876,276.15875,273.15875,272.05878,269.05878,269.65875,264.95877,267.65875,275.05878,275.95877,273.45877,270.65875,269.65875,269.95877,263.15875,255.15877,253.75876
274.75876,275.65875,275.95877,275.85876,275.95877,276.65875,277.55878,277.55878,273.25876,278.45877,273.15875,274.55878,275.65875,273.55878,273.65875,271.55878,273.85876,275.65875,276.85876,274.45877,273.15875,274.75876,275.05878,273.95877,274.75876,273.35876,278.05878,274.35876,271.35876,271.95877,273.95877,276.15875,277.25876,277.25876,274.15875,271.25876,268.15875,265.65875,262.25876,269.25876,260.05878
275.75876,274.05878,274.35876,274.85876,274.85876,274.55878,273.45877,274.05878,273.55878,273.25876,273.05878,274.05878,273.95877,272.65875,273.15875,273.25876,272.25876,271.95877,273.15875,273.15875,273.25876,273.15875,273.15875,273.15875,273.25876,273.15875,273.45877,277.35876,278.75876,279.85876,280.15875,278.05878,278.35876,278.15875,276.05878,269.35876,268.75876,269.95877,270.75876,268.85876,265.15875
273.45877,273.95877,273.95877,273.95877,273.75876,273.55878,273.45877,273.25876,273.25876,273.55878,273.85876,273.25876,273.15875,273.15875,273.15875,273.15875,273.15875,273.25876,273.25876,273.15875,273.15875,273.15875,273.15875,273.15875,273.15875,272.65875,273.15875,276.25876,278.15875,276.55878,274.25876,270.25876,277.55878,272.15875,274.25876,274.05878,273.35876,274.45877,273.15875,272.15875,273.25876
272.15875,272.45877,272.45877,274.05878,273.85876,273.45877,273.45877,273.25876,273.55878,273.65875,273.65875,272.55878,271.65875,272.15875,272.05878,272.45877,272.55878,272.65875,271.95877,272.75876,272.95877,272.85876,273.45877,272.05878,272.25876,272.35876,269.65875,272.95877,271.65875,270.35876,270.15875,268.85876,269.35876,271.55878,273.05878,272.25876,273.05878,271.65875,269.65875,267.05878,269.05878
272.75876,272.45877,271.85876,273.65875,273.15875,272.35876,271.65875,271.75876,273.65875,274.55878,274.45877,273.35876,273.25876,271.95877,271.85876,271.75876,271.95877,271.95877,271.95877,271.75876,271.55878,271.65875,271.45877,271.05878,270.95877,271.35876,271.65875,270.75876,270.65875,270.85876,271.55878,271.25876,270.75876,268.65875,269.25876,269.05878,270.35876,268.45877,266.95877,271.75876,269.35876
272.75876,273.55878,270.25876,272.95877,272.85876,272.25876,272.25876,271.55878,273.45877,273.95877,274.65875,273.85876,273.15875,273.15875,273.55878,273.35876,273.05878,273.35876,273.75876,272.55878,272.55878,273.25876,273.15875,273.05878,273.15875,273.15875,272.55878,272.05878,271.75876,271.25876,270.95877,268.75876,270.85876,271.25876,271.35876,269.05878,268.45877,269.65875,268.75876,271.15875,269.25876
