wind_kz.json
{"header": {"discipline":0,"disciplineName":"Meteorological products","gribEdition":2,"gribLength":1025,"center":7,"centerName":"US National Weather Service - NCEP(WMC)","subcenter":0,"refTime":"2023-08-25T12:00:00.000Z","significanceOfRT":1,"significanceOfRTName":"Start of forecast","productStatus":0,"productStatusName":"Operational products","productType":1,"productTypeName":"Forecast products","productDefinitionTemplate":0,"productDefinitionTemplateName":"Analysis/forecast at horizontal level/layer at a point in time","parameterCategory":2,"parameterCategoryName":"UnknownDiscipline_0_Category_2","parameterNumber":2,"parameterNumberName":"UnknownParameter_D0_C2_2","parameterUnit":"Unknown","genProcessType":2,"genProcessTypeName":"Forecast","forecastTime":240,"surface1Type":103,"surface1TypeName":"Specified height level above ground","surface1Value":10.0,"surface2Type":255,"surface2TypeName":"Missing","surface2Value":0.0,"gridDefinitionTemplate":0,"gridDefinitionTemplateName":"Latitude_Longitude","numberPoints":615,"shape":6,"shapeName":"Earth spherical with radius of 6,371,229.0 m","gridUnits":"degrees","resolution":48,"winds":"true","scanMode":64,"nx":41,"ny":15,"basicAngle":0,"lo1":47.0,"la1":41.0,"lo2":87.0,"la2":55.0,"dx":1.0,"dy":1.0}, "data":
[rows 0 to 14 of 15, columns 0 to 40 of 41]
1.7822412,1.3222412,0.6822412,-5.1977587,-1.2977588,-0.30775878,-6.687759,-8.057758,-7.8677588,-5.877759,-6.437759,-5.5077586,-4.997759,-4.227759,-3.8977587,-2.8677588,-2.1877587,-4.267759,-4.5477586,-2.6277587,0.07224121,1.3222412,4.0522413,3.3122413,2.7422411,3.7322412,3.8022413,3.3922412,-1.0777588,-2.727759,-0.8277588,2.1322412,2.6322412,1.8122412,-1.2377588,0.4222412,0.05224121,0.71224123,1.6222413,-0.17775878,-1.2977588
1.3422412,-1.7777588,-10.337759,-6.2977586,-2.5277588,0.5922412,-6.4277587,-6.147759,-6.457759,-6.0077586,-5.847759,-4.8877587,-5.827759,-4.847759,-4.7577586,-4.2777586,-3.6977587,-2.9177587,-1.2577587,-1.0577588,-0.84775877,-1.7077588,0.07224121,1.6222413,1.4522412,-0.5677588,0.5122412,3.042241,0.21224122,1.3022412,-1.8677588,1.1922412,-1.2877588,-0.6277588,-0.8177588,1.7722412,2.1822412,2.3022413,2.7622411,0.1622412,-3.3077588
-1.8377588,-5.877759,-7.5477586,-5.4877586,-3.4977589,-2.1577587,-6.877759,-6.6577587,-5.747759,-5.017759,-5.4477587,-6.0077586,-6.397759,-5.897759,-4.837759,-4.7377586,-5.667759,-4.377759,-3.5477588,-2.0977588,-1.0077587,-6.577759,-6.2977586,-7.267759,-4.0077586,-5.227759,-1.8277588,-1.1377587,1.3522412,-1.4377588,0.03224121,-2.5977588,1.0122412,-1.0977588,-3.8977587,-1.2277588,-1.2477587,2.292241,2.4922411,2.8922412,-2.0377588
-6.107759,-6.707759,-4.847759,-4.2377586,1.4422412,-3.9977589,-5.2977586,-5.2577586,-5.6777587,-4.977759,-4.6777587,-7.3677588,-5.437759,-2.6977587,-3.0277588,-5.2177587,-4.9877586,-6.337759,-6.057759,-6.847759,-6.997759,-8.877759,-5.587759,-5.3877587,-5.597759,-6.417759,-6.347759,-6.7177587,-5.6577587,-2.977759,-1.2977588,0.5022412,4.812241,2.9322412,2.6922412,2.8022413,0.5522412,-0.08775879,-1.8477588,-1.6677588,-1.8377588
-5.1977587,-4.5477586,-3.8177588,0.1322412,2.9822412,-0.91775876,-0.4477588,-3.7877588,-4.2777586,-3.207759,-2.9377587,-5.417759,-3.6377587,-1.8677588,2.1122413,-4.2577586,-4.9277587,-5.267759,-5.477759,-5.9477587,-6.517759,-5.497759,-5.4277587,-4.877759,-5.997759,-6.037759,-6.5077586,-1.1177588,-4.327759,-2.9477587,-3.1277587,-2.2677588,-1.0977588,0.3622412,-3.8477588,-1.2677588,7.272241,0.9122412,-0.30775878,-1.2377588,-0.06775879
-1.2577587,0.042241212,-1.5477588,-0.6877588,0.2722412,-0.8277588,2.9922411,-1.4877588,-1.5277588,-2.6777587,-2.0777588,-2.8877587,-0.2877588,1.1322412,4.2222414,-2.6877587,-3.977759,-3.8877587,-3.9377587,-3.9377587,-3.9877589,-3.7677588,-3.5077589,-3.5877588,-3.5877588,-5.327759,-6.287759,-3.3177588,-4.8177586,-3.6477587,-2.8777587,-2.3777587,0.22224121,-0.13775879,-0.5077588,1.7722412,0.3622412,3.7022412,3.5722413,0.5122412,3.1822412
-0.8777588,-1.5077587,-1.9977587,-0.7777588,0.8622412,2.3222413,3.5122411,-0.17775878,0.3622412,-0.8677588,-1.2177588,-0.2277588,0.25224122,0.6722412,2.4822412,2.042241,1.9622412,1.7622412,1.2422413,0.4522412,0.2422412,-0.5177588,-0.12775879,-0.39775878,-0.5777588,-0.07775879,-0.6977588,-0.5177588,-0.9077588,-1.1777588,-1.1177588,-1.5777588,0.64224124,2.1122413,3.4222412,3.292241,2.782241,0.6822412,3.7522411,-0.9577588,-1.0577588
0.06224121,0.5022412,-1.1177588,-1.7277588,-2.6677587,-2.2577589,-0.6877588,1.0122412,1.4122412,0.7422412,1.0522412,1.2022412,1.4622412,2.8222413,2.6722412,3.0822413,0.18224122,2.7022412,3.9422412,3.0622413,3.8422413,2.4722412,3.1122413,1.5022413,2.6722412,2.5822413,4.292241,3.2222412,1.8022412,3.3222413,1.2122412,2.8022413,1.7822412,1.8622413,0.6022412,4.392241,-1.0077587,2.7622411,5.662241,5.9522414,5.042241
-1.6877588,-1.7677588,0.77224123,1.0122412,0.7922412,0.6322412,-0.017758789,0.8122412,0.2422412,1.3622413,2.5122411,2.5622413,2.8322413,2.3122413,1.2822412,1.6522412,2.1622412,1.8922412,2.272241,3.0722413,3.292241,3.4622412,2.0922413,2.1022413,2.2622411,4.562241,4.5722413,3.6122413,5.042241,4.6122413,5.0522413,2.3422413,4.7022414,1.2422413,2.9222412,2.3522413,4.462241,2.7422411,1.3622413,0.8222412,1.4522412
-0.2877588,-0.10775879,-1.1077588,-1.4877588,-0.4877588,0.002241211,-0.9877588,-0.6177588,-0.36775878,0.23224121,1.3522412,2.532241,0.05224121,2.6722412,3.1322412,2.8822412,3.292241,1.5922412,1.1922412,3.6022413,3.772241,3.3322413,6.0722413,3.542241,3.6022413,4.7022414,4.5522413,6.042241,7.0122414,5.792241,5.232241,3.5822413,5.102241,4.792241,3.7222412,2.9722412,1.1622412,2.042241,1.1422412,1.5422412,1.2922412
0.4022412,0.9822412,0.5322412,1.1322412,1.9422412,1.5022413,0.9822412,0.8122412,1.0722412,1.6722412,2.8322413,3.5922413,0.41224122,3.1522412,1.9022412,1.0022413,1.3122412,1.6522412,0.4322412,3.0622413,5.312241,5.4522414,5.502241,1.7322412,4.562241,3.6222413,3.6322412,2.7222412,1.2022412,1.2322412,2.8622413,2.1022413,2.5522413,5.852241,2.5922413,1.4922413,-0.5277588,1.0122412,0.9822412,2.2422411,0.28224123
2.5022411,1.8622413,1.2322412,1.3022412,2.0922413,1.4822412,2.3922412,2.9722412,2.3822412,1.0922412,1.8022412,2.7122412,3.4122412,4.352241,4.752241,4.482241,4.392241,4.562241,5.642241,6.252241,5.0322413,2.772241,1.6322412,2.292241,3.9822412,3.772241,3.8322413,5.622241,2.2622411,1.4622412,1.0722412,1.8722413,1.4322412,1.6822412,-0.6177588,1.0222412,2.6522412,1.3522412,0.3422412,0.002241211,0.77224123
1.4722412,0.9222412,3.9222412,1.3822412,2.4722412,1.4022412,0.9222412,2.3522413,3.1722412,2.9822412,1.8222412,3.8422413,4.272241,4.192241,4.7622414,4.372241,2.1722412,4.422241,2.3022413,3.4422412,2.1722412,3.032241,1.7222412,3.6122413,4.5722413,1.5422412,2.2322412,1.9122412,2.3722413,2.522241,2.6422412,3.6322412,3.7122412,2.772241,2.7022412,1.6922412,3.042241,2.032241,1.6922412,1.6522412,0.7522412
4.2222414,1.9222412,2.0922413,3.772241,4.2422414,3.7222412,3.4722412,4.1122413,4.7422414,5.172241,1.5522412,3.1222413,5.332241,4.372241,-0.20775878,1.9022412,0.7422412,1.3722413,1.9422412,3.1222413,3.8622413,4.042241,4.102241,1.5822412,1.5322412,2.6422412,3.0122411,1.8722413,1.9122412,2.3922412,3.042241,2.772241,1.1922412,3.1222413,2.1922412,-2.0077589,3.2622411,2.9222412,0.9722412,0.3422412,0.6922412
-1.3277588,1.4722412,0.10224121,5.7222414,5.6322412,5.872241,5.982241,3.522241,3.5622413,3.5922413,0.3622412,3.6022413,3.1322412,2.0522413,0.9322412,1.9022412,2.0822413,1.0622412,2.792241,2.9822412,3.3122413,3.4022412,3.4922411,1.4022412,3.4022412,1.4122412,2.282241,1.3122412,2.5122411,1.8522412,3.1222413,2.3522413,3.3422413,3.1622412,2.4922411,3.4422412,1.7222412,3.0122411,3.3622413,0.9322412,-0.2577588
