wind_kz.json
{"header": {"discipline":0,"disciplineName":"Meteorological products","gribEdition":2,"gribLength":948,"center":7,"centerName":"US National Weather Service - NCEP(WMC)","subcenter":0,"refTime":"2023-08-07T06:00:00.000Z","significanceOfRT":1,"significanceOfRTName":"Start of forecast","productStatus":0,"productStatusName":"Operational products","productType":1,"productTypeName":"Forecast products","productDefinitionTemplate":0,"productDefinitionTemplateName":"Analysis/forecast at horizontal level/layer at a point in time","parameterCategory":0,"parameterCategoryName":"UnknownDiscipline_0_Category_0","parameterNumber":0,"parameterNumberName":"UnknownParameter_D0_C0_0","parameterUnit":"Unknown","genProcessType":2,"genProcessTypeName":"Forecast","forecastTime":240,"surface1Type":1,"surface1TypeName":"Ground or water surface","surface1Value":0.0,"surface2Type":255,"surface2TypeName":"Missing","surface2Value":0.0,"gridDefinitionTemplate":0,"gridDefinitionTemplateName":"Latitude_Longitude","numberPoints":615,"shape":6,"shapeName":"Earth spherical with radius of 6,371,229.0 m","gridUnits":"degrees","resolution":48,"winds":"true","scanMode":64,"nx":41,"ny":15,"basicAngle":0,"lo1":47.0,"la1":41.0,"lo2":87.0,"la2":55.0,"dx":1.0,"dy":1.0}, "data":
[rows 0 to 14 of 15, columns 0 to 40 of 41]
304.40002,294.40002,307.90002,298.30002,297.7,297.10004,314.10004,323.40002,320.30002,319.00003,319.40002,321.00003,321.2,322.00003,322.7,325.80002,324.40002,323.7,330.30002,328.50003,332.2,324.30002,321.00003,320.50003,320.00003,318.7,316.40002,306.90002,306.50003,296.90002,296.40002,288.2,308.50003,322.60004,329.2,326.90002,329.90002,328.90002,329.80002,329.90002,331.50003
288.10004,302.60004,298.40002,298.7,298.40002,296.7,322.90002,320.60004,318.7,318.7,320.40002,320.50003,320.30002,319.30002,322.30002,323.60004,324.80002,325.80002,326.10004,329.00003,329.80002,325.80002,323.10004,313.2,302.90002,300.30002,310.2,308.7,306.10004,294.50003,300.50003,285.60004,300.90002,273.30002,298.40002,313.40002,317.50003,322.40002,326.2,313.60004,286.80002
306.60004,298.40002,298.90002,298.80002,296.40002,317.2,317.00003,317.40002,316.7,316.80002,316.90002,318.00003,317.10004,317.80002,319.40002,321.2,321.60004,321.60004,323.40002,324.2,327.40002,323.00003,324.00003,322.30002,325.90002,321.00003,320.80002,318.50003,319.40002,305.10004,297.00003,297.2,306.2,307.60004,306.00003,306.40002,299.80002,299.2,305.80002,297.30002,296.00003
312.40002,298.90002,298.90002,298.40002,302.2,315.60004,315.30002,318.60004,318.10004,317.10004,317.80002,318.60004,297.00003,296.10004,316.90002,321.60004,318.80002,320.2,321.00003,323.60004,320.2,318.50003,321.40002,323.80002,328.90002,326.7,326.30002,328.60004,324.50003,323.00003,324.00003,321.00003,320.60004,325.90002,325.30002,312.10004,299.7,299.60004,302.00003,314.30002,318.00003
308.00003,299.00003,299.60004,299.40002,305.7,314.10004,317.90002,321.80002,318.00003,317.10004,318.40002,317.7,297.60004,296.2,293.2,319.40002,320.40002,317.2,316.60004,316.2,318.7,319.90002,323.2,324.00003,325.2,325.50003,325.40002,318.7,329.00003,324.2,325.50003,320.90002,303.90002,296.10004,303.80002,314.80002,310.7,322.50003,324.60004,320.30002,321.10004
311.60004,309.80002,299.00003,299.00003,299.2,298.50003,319.7,320.80002,318.30002,317.7,318.7,317.90002,299.60004,296.40002,304.90002,308.30002,314.90002,318.30002,317.40002,315.90002,316.7,317.00003,319.30002,322.60004,319.7,320.60004,323.10004,295.80002,324.30002,323.40002,322.50003,320.7,323.40002,322.7,312.00003,312.00003,305.00003,307.7,319.80002,319.40002,319.2
311.50003,313.00003,312.30002,313.90002,310.60004,314.50003,318.30002,318.30002,318.00003,319.10004,317.80002,316.40002,314.80002,316.00003,315.50003,303.50003,314.60004,315.10004,313.30002,312.50003,312.30002,314.50003,314.80002,317.00003,315.7,316.40002,316.60004,320.10004,323.80002,321.7,320.60004,318.30002,319.2,316.7,315.40002,314.90002,307.40002,309.00003,301.7,293.60004,314.00003
310.00003,311.7,313.10004,315.00003,314.90002,315.00003,315.7,314.30002,314.60004,315.80002,315.40002,313.90002,313.7,313.30002,314.50003,314.40002,317.00003,315.10004,314.50003,309.2,312.00003,312.7,312.60004,314.2,312.80002,310.30002,316.80002,317.7,315.2,313.00003,314.7,314.80002,302.2,302.80002,309.90002,316.00003,314.90002,290.60004,317.2,319.30002,310.80002
313.90002,312.90002,313.10004,310.80002,315.2,315.40002,314.50003,313.50003,313.40002,313.50003,308.90002,313.00003,312.30002,312.90002,312.30002,314.10004,313.00003,314.50003,311.50003,312.90002,311.7,310.60004,312.30002,313.10004,312.10004,312.80002,311.90002,310.30002,306.7,308.10004,307.7,307.00003,308.80002,306.60004,306.90002,302.50003,301.2,299.10004,286.50003,289.60004,288.7
313.00003,309.00003,310.30002,311.30002,307.00003,313.90002,313.60004,313.50003,312.00003,311.30002,310.40002,309.60004,311.50003,311.40002,310.80002,311.60004,310.30002,312.90002,313.40002,311.90002,309.90002,310.00003,311.10004,311.40002,309.30002,308.10004,309.30002,308.50003,305.10004,305.7,304.30002,305.90002,307.90002,306.50003,305.40002,303.90002,297.00003,292.00003,285.10004,283.50003,281.10004
309.10004,308.30002,307.10004,306.7,307.90002,309.80002,311.90002,310.90002,310.30002,309.60004,308.60004,308.30002,309.10004,308.00003,308.40002,308.40002,309.2,310.30002,312.60004,310.00003,310.2,309.60004,306.90002,307.30002,306.2,305.50003,304.2,304.10004,305.10004,306.00003,306.50003,306.00003,305.50003,301.30002,302.50003,297.90002,291.90002,291.2,291.90002,285.60004,283.40002
309.7,312.50003,309.10004,305.60004,306.80002,307.2,308.80002,308.00003,306.50003,308.40002,306.30002,303.2,304.40002,303.90002,303.60004,304.80002,306.7,308.2,302.90002,311.90002,311.10004,307.10004,309.00003,310.2,305.40002,304.50003,304.90002,306.2,307.00003,305.40002,303.40002,304.60004,300.00003,302.00003,296.60004,297.2,292.80002,290.50003,288.7,289.40002,291.30002
301.30002,305.80002,311.00003,310.2,303.7,301.80002,306.60004,307.2,307.30002,302.00003,294.40002,297.90002,301.50003,297.30002,300.30002,298.7,301.90002,300.7,306.50003,306.90002,298.60004,305.50003,307.80002,308.7,306.10004,305.90002,306.60004,302.90002,303.7,302.7,303.50003,301.7,299.7,296.00003,294.60004,290.90002,288.90002,289.50003,293.40002,292.50003,289.40002
303.60004,302.2,296.7,306.10004,295.50003,300.50003,303.60004,300.7,304.30002,295.2,294.00003,291.50003,297.80002,298.40002,298.80002,298.7,300.10004,302.50003,304.80002,304.10004,302.60004,300.80002,303.50003,304.50003,302.10004,301.00003,304.60004,302.10004,301.7,299.40002,298.90002,297.80002,296.10004,291.50003,287.60004,286.90002,284.30002,284.30002,285.10004,284.30002,287.40002
299.00003,304.30002,293.00003,297.10004,292.40002,294.40002,297.40002,299.30002,302.00003,301.50003,298.40002,297.30002,293.50003,295.40002,299.2,299.90002,300.80002,302.30002,303.80002,303.50003,304.10004,301.50003,292.40002,295.00003,287.40002,286.50003,289.90002,298.30002,298.40002,296.10004,295.7,291.2,294.10004,288.00003,286.00003,287.00003,286.2,284.90002,285.50003,286.40002,287.00003
