wind_kz.json
{"header": {"discipline":0,"disciplineName":"Meteorological products","gribEdition":2,"gribLength":1025,"center":7,"centerName":"US National Weather Service - NCEP(WMC)","subcenter":0,"refTime":"2023-09-27T06:00:00.000Z","significanceOfRT":1,"significanceOfRTName":"Start of forecast","productStatus":0,"productStatusName":"Operational products","productType":1,"productTypeName":"Forecast products","productDefinitionTemplate":0,"productDefinitionTemplateName":"Analysis/forecast at horizontal level/layer at a point in time","parameterCategory":2,"parameterCategoryName":"UnknownDiscipline_0_Category_2","parameterNumber":2,"parameterNumberName":"UnknownParameter_D0_C2_2","parameterUnit":"Unknown","genProcessType":2,"genProcessTypeName":"Forecast","forecastTime":240,"surface1Type":103,"surface1TypeName":"Specified height level above ground","surface1Value":10.0,"surface2Type":255,"surface2TypeName":"Missing","surface2Value":0.0,"gridDefinitionTemplate":0,"gridDefinitionTemplateName":"Latitude_Longitude","numberPoints":615,"shape":6,"shapeName":"Earth spherical with radius of 6,371,229.0 m","gridUnits":"degrees","resolution":48,"winds":"true","scanMode":64,"nx":41,"ny":15,"basicAngle":0,"lo1":47.0,"la1":41.0,"lo2":87.0,"la2":55.0,"dx":1.0,"dy":1.0}, "data":
[rows 0 to 14 of 15, columns 0 to 40 of 41]
-1.141941,1.5380591,-0.5019409,-2.4119408,-2.6619408,-4.621941,-4.931941,-5.081941,-5.921941,-3.541941,-4.0419407,-4.0019407,-3.6319408,-3.061941,-2.4219408,-2.701941,-3.3719409,-4.911941,-5.2319407,-5.161941,-2.8519409,-0.77194095,1.738059,2.8480592,-1.3219409,0.53805906,2.8580592,0.6680591,0.4080591,0.8180591,-1.521941,1.378059,0.45805907,-0.18194091,0.8080591,1.7780591,1.988059,1.8380591,2.1180592,0.5680591,-0.52194095
1.6680591,-3.281941,-4.561941,-4.811941,-3.8519409,-3.8619409,-3.0919409,-3.721941,-4.441941,-3.771941,-3.051941,-2.741941,-1.9719409,-2.021941,-2.751941,-1.9619409,-1.141941,-2.1719408,-2.821941,-2.4119408,-1.5619409,-1.251941,0.12805909,3.068059,0.53805906,0.118059084,1.0380591,-0.3719409,2.5880592,1.3280591,0.4980591,0.018059082,0.35805908,0.048059084,0.2780591,0.26805907,0.24805908,-0.5119409,-0.97194093,-0.72194093,-0.59194094
-3.011941,-4.431941,-4.181941,-4.121941,-4.531941,-4.601941,-3.6519408,-2.931941,-2.791941,-1.7219409,-1.4819409,-1.7019409,-1.871941,-1.741941,-1.631941,-1.6719409,-1.0719409,-1.0819409,-0.7019409,-0.8219409,-0.6419409,0.8680591,-0.5719409,-1.5819409,-1.391941,-3.4219408,-2.6519408,0.17805909,3.308059,-0.5119409,0.4080591,-0.6119409,-1.6919409,-1.001941,-1.5819409,0.9580591,-1.001941,-0.0019409179,0.09805908,2.1180592,0.3480591
-5.2319407,-5.011941,-3.8719409,-3.561941,-2.981941,-2.441941,-2.8619409,-2.321941,-0.14194092,0.23805909,0.89805907,1.368059,-0.22194092,-0.27194092,0.21805908,0.5780591,0.05805908,0.44805908,0.47805908,0.41805908,0.16805908,-2.001941,-1.401941,-1.5719409,-2.1219409,-2.061941,-1.1919409,-2.3819408,-2.9219408,-1.021941,0.6080591,-1.2019409,-1.8219409,0.64805907,0.7480591,0.47805908,0.23805909,0.39805907,-1.8119409,-0.65194094,-2.8419409
-2.3919408,-2.4119408,-1.6719409,-1.241941,-1.3419409,-1.7319409,-1.141941,-1.0419409,-0.5119409,-1.4519409,-0.021940919,0.6980591,1.4680591,1.8380591,2.458059,2.6380591,2.478059,1.6580591,1.608059,1.478059,1.6380591,1.1380591,-0.32194093,-0.53194094,-0.59194094,-0.41194093,-0.20194092,-0.4319409,0.078059085,-0.5419409,-1.1619409,-0.3719409,1.858059,1.858059,-2.8919408,-1.0319409,-0.35194093,-0.7319409,-2.041941,-1.6619409,-0.6319409
1.3080591,0.65805906,-0.4019409,0.17805909,0.45805907,0.6280591,0.22805908,-0.30194092,0.008059082,0.5180591,1.3180591,1.6980591,0.20805909,1.0180591,1.7980591,3.278059,3.048059,3.9080591,3.768059,2.1080592,2.268059,3.008059,2.038059,1.868059,1.4180591,1.098059,0.39805907,0.42805907,1.5180591,1.1480591,1.2780591,1.6580591,1.098059,0.7980591,-1.7819409,1.998059,-1.261941,1.6380591,2.018059,0.048059084,0.17805909
3.6080592,3.008059,2.6180592,2.768059,2.8280592,3.008059,3.058059,1.5880591,1.5280591,1.5780591,2.1580591,2.5780592,1.878059,2.3880591,2.0880592,2.428059,3.518059,4.328059,2.6380591,3.1080592,3.6380591,3.8680592,3.698059,3.208059,3.718059,3.448059,4.328059,2.3580592,2.698059,2.288059,3.428059,3.6480591,3.8280592,3.468059,2.3880591,2.238059,-0.90194094,0.42805907,1.3280591,0.42805907,-0.7619409
4.298059,4.168059,4.178059,4.078059,4.388059,3.1480591,2.308059,1.6480591,2.278059,1.2780591,2.498059,4.0180593,3.0980592,2.5980592,1.128059,1.3080591,1.6680591,2.8480592,1.238059,3.068059,3.508059,3.168059,4.818059,3.558059,4.868059,3.8980591,5.338059,4.318059,5.278059,4.418059,5.088059,5.488059,5.238059,5.0180593,5.738059,8.018059,1.6880591,-0.03194092,-5.961941,-6.811941,-1.8019409
4.578059,4.9780593,4.918059,4.528059,3.758059,3.4080591,2.5780592,1.878059,1.608059,2.448059,2.0780592,2.038059,2.3480592,2.3880591,3.3780591,2.5780592,3.068059,2.298059,2.1380591,2.498059,6.028059,4.158059,5.868059,4.918059,4.538059,4.968059,4.918059,5.528059,6.7480593,6.778059,6.928059,7.038059,8.058059,6.238059,5.638059,4.918059,2.038059,0.39805907,3.1480591,-1.8619409,-1.4119409
3.8780591,3.8680592,4.4580593,4.638059,4.448059,4.898059,4.668059,3.8480592,3.3280592,3.268059,3.428059,3.5980592,3.818059,3.458059,3.518059,2.568059,2.8480592,3.468059,4.0180593,4.678059,5.688059,7.168059,8.448059,5.918059,6.9580593,6.108059,6.158059,6.778059,7.948059,9.138059,9.278059,9.118059,6.908059,7.168059,5.828059,5.188059,-1.9519409,-0.49194092,3.508059,-0.8719409,-0.4719409
4.398059,4.9780593,4.2680593,4.2680593,4.918059,4.848059,5.238059,5.898059,5.508059,4.888059,3.8480592,4.418059,4.848059,4.828059,4.648059,4.528059,4.488059,5.408059,4.398059,5.898059,6.868059,7.138059,5.588059,2.978059,5.618059,7.338059,6.9980593,7.788059,9.818059,9.928059,9.598059,7.548059,4.778059,6.258059,5.848059,2.988059,0.038059082,0.078059085,0.6680591,-1.021941,-0.3419409
3.6180592,4.7480593,4.398059,3.8280592,4.588059,3.8680592,3.948059,4.418059,5.058059,4.158059,3.778059,4.828059,4.928059,4.9780593,5.168059,4.418059,5.5180593,5.848059,4.848059,6.128059,6.448059,5.178059,2.488059,1.3080591,7.178059,7.238059,6.798059,8.018059,8.588059,8.648059,5.928059,1.758059,4.798059,3.778059,2.6280591,3.198059,1.5780591,2.218059,3.0880592,-1.4819409,-0.5419409
4.2680593,4.588059,4.048059,4.168059,3.6380591,3.3280592,3.698059,3.528059,5.038059,3.278059,1.9680591,4.058059,3.978059,4.058059,4.378059,4.428059,5.218059,5.2480593,4.2480593,5.398059,4.758059,2.948059,0.58805907,4.638059,4.908059,5.168059,4.938059,3.728059,3.8680592,3.518059,0.52805907,0.6780591,2.8280592,1.9280591,3.0780592,1.868059,2.238059,2.468059,2.238059,2.048059,-0.11194092
5.988059,4.638059,3.768059,3.248059,2.678059,4.358059,4.348059,3.0780592,3.3780591,1.358059,1.6680591,2.4080591,4.348059,4.338059,4.328059,4.098059,3.538059,3.3680592,3.6480591,3.8280592,4.128059,4.668059,6.598059,7.098059,5.428059,4.538059,3.808059,0.53805906,2.458059,2.0980592,3.6280591,2.308059,2.788059,0.96805906,-0.84194094,0.48805907,1.4480591,1.4380591,0.048059084,0.9380591,-0.041940916
3.448059,3.038059,3.3680592,3.3780591,4.158059,3.568059,3.008059,3.738059,3.938059,1.868059,2.058059,3.558059,2.1480591,1.4080591,3.748059,3.3880591,3.058059,2.928059,2.918059,3.808059,3.738059,3.8980591,3.8880591,4.488059,3.168059,3.3680592,2.5880592,0.52805907,2.1280591,3.558059,2.228059,0.25805908,-0.52194095,1.2080591,1.858059,1.8980591,1.758059,2.688059,0.6880591,0.20805909,-0.4019409
