wind_kz.json
{"header": {"discipline":0,"disciplineName":"Meteorological products","gribEdition":2,"gribLength":871,"center":7,"centerName":"US National Weather Service - NCEP(WMC)","subcenter":0,"refTime":"2023-10-03T06:00:00.000Z","significanceOfRT":1,"significanceOfRTName":"Start of forecast","productStatus":0,"productStatusName":"Operational products","productType":1,"productTypeName":"Forecast products","productDefinitionTemplate":0,"productDefinitionTemplateName":"Analysis/forecast at horizontal level/layer at a point in time","parameterCategory":0,"parameterCategoryName":"UnknownDiscipline_0_Category_0","parameterNumber":0,"parameterNumberName":"UnknownParameter_D0_C0_0","parameterUnit":"Unknown","genProcessType":2,"genProcessTypeName":"Forecast","forecastTime":60,"surface1Type":1,"surface1TypeName":"Ground or water surface","surface1Value":0.0,"surface2Type":255,"surface2TypeName":"Missing","surface2Value":0.0,"gridDefinitionTemplate":0,"gridDefinitionTemplateName":"Latitude_Longitude","numberPoints":615,"shape":6,"shapeName":"Earth spherical with radius of 6,371,229.0 m","gridUnits":"degrees","resolution":48,"winds":"true","scanMode":64,"nx":41,"ny":15,"basicAngle":0,"lo1":47.0,"la1":41.0,"lo2":87.0,"la2":55.0,"dx":1.0,"dy":1.0}, "data":
[rows 0 to 14 of 15, columns 0 to 40 of 41]
287.70197,278.90195,284.00195,293.80194,293.50195,291.90195,290.10196,291.30194,291.80194,292.80194,293.00195,292.30194,292.60196,293.30194,293.60196,293.00195,293.30194,293.60196,294.40195,294.50195,294.50195,292.70197,292.20197,287.70197,292.00195,292.80194,288.60196,275.60196,273.20197,273.40195,271.60196,269.50195,282.80194,288.80194,289.30194,290.20197,289.50195,290.80194,290.80194,290.50195,289.50195
263.70197,284.70197,293.60196,293.60196,293.60196,291.60196,291.30194,288.80194,289.10196,290.60196,291.30194,291.20197,292.50195,291.60196,290.90195,292.70197,290.50195,289.50195,289.60196,291.30194,291.60196,292.70197,287.80194,282.80194,273.50195,273.60196,281.70197,273.90195,275.10196,269.90195,276.40195,268.90195,275.90195,249.80196,271.60196,288.90195,286.00195,287.80194,290.80194,283.30194,283.70197
286.50195,293.30194,293.20197,292.70197,291.00195,286.40195,290.30194,289.70197,287.70197,291.80194,292.20197,289.80194,287.70197,288.20197,289.50195,291.10196,291.60196,286.90195,287.70197,287.60196,289.90195,291.60196,290.40195,285.50195,286.70197,286.70197,287.90195,286.40195,286.80194,279.50195,270.90195,272.40195,277.80194,277.50195,279.80194,280.20197,272.60196,273.50195,274.40195,269.70197,270.80194
288.40195,292.40195,292.90195,292.10196,290.50195,286.30194,288.30194,290.40195,291.70197,290.60196,290.40195,287.80194,290.30194,289.70197,288.40195,287.10196,288.40195,288.20197,288.00195,287.40195,288.90195,283.30194,288.60196,289.70197,289.60196,290.30194,291.00195,289.40195,286.60196,286.40195,287.20197,286.60196,289.60196,287.30194,285.50195,284.20197,271.70197,263.70197,275.20197,282.70197,286.30194
290.50195,292.10196,292.40195,291.70197,290.00195,287.50195,288.10196,292.10196,291.70197,293.20197,289.90195,286.80194,289.30194,288.10196,286.50195,288.30194,288.50195,288.10196,286.00195,289.10196,288.90195,289.10196,288.20197,288.00195,287.80194,288.60196,287.00195,286.90195,286.50195,286.80194,288.70197,285.60196,276.90195,266.40195,276.40195,285.10196,288.20197,289.50195,289.80194,289.80194,289.00195
289.90195,288.40195,290.40195,291.00195,291.20197,290.70197,291.00195,292.30194,290.50195,290.20197,288.70197,287.50195,288.50195,289.00195,287.90195,287.00195,290.40195,288.80194,290.00195,288.70197,287.80194,287.30194,287.50195,287.10196,286.10196,284.60196,284.90195,288.20197,286.90195,287.00195,285.00195,287.40195,286.30194,284.70197,282.60196,286.00195,279.20197,281.00195,285.90195,288.60196,287.60196
288.50195,289.00195,292.90195,292.90195,290.30194,287.40195,289.20197,291.40195,289.90195,289.60196,287.80194,287.40195,290.20197,286.60196,286.30194,287.50195,287.60196,288.20197,288.40195,286.60196,285.80194,286.70197,286.90195,286.70197,285.10196,285.00195,284.70197,286.10196,285.80194,285.90195,285.30194,285.10196,285.40195,286.60196,285.80194,284.70197,280.20197,276.80194,274.90195,273.10196,284.00195
291.30194,288.40195,287.20197,293.10196,292.00195,289.20197,289.00195,290.20197,289.30194,288.60196,289.10196,288.90195,288.50195,287.10196,287.30194,287.90195,287.10196,287.30194,287.10196,284.80194,284.50195,284.70197,284.90195,285.00195,284.10196,281.20197,282.00195,283.00195,282.00195,283.60196,282.10196,282.70197,282.40195,279.90195,280.70197,281.00195,283.00195,285.70197,283.60196,283.70197,281.70197
289.00195,289.40195,289.30194,288.70197,290.70197,290.80194,287.10196,288.20197,288.40195,289.10196,288.40195,286.90195,286.00195,286.00195,285.50195,286.20197,285.80194,285.00195,284.40195,284.10196,283.00195,282.70197,283.60196,283.30194,282.20197,282.80194,280.30194,280.20197,279.60196,278.80194,279.90195,280.20197,280.40195,281.00195,280.30194,279.30194,280.20197,280.30194,270.60196,271.30194,270.40195
285.60196,287.80194,289.30194,289.70197,290.60196,290.10196,287.40195,289.60196,288.30194,287.60196,285.40195,286.20197,286.30194,285.10196,287.00195,286.90195,284.90195,283.10196,283.30194,283.40195,282.90195,282.90195,283.40195,283.70197,283.60196,282.60196,282.20197,281.40195,281.20197,280.70197,280.30194,281.60196,282.20197,281.60196,280.90195,280.10196,279.00195,276.20197,271.60196,271.70197,270.00195
282.50195,283.60196,287.70197,287.70197,288.20197,287.20197,289.70197,287.70197,287.40195,287.70197,285.70197,285.30194,285.60196,284.60196,285.70197,287.80194,286.00195,285.60196,283.90195,282.70197,282.40195,282.00195,282.00195,282.50195,282.00195,282.00195,280.30194,282.00195,281.70197,282.80194,282.90195,283.30194,282.00195,282.10196,280.90195,278.80194,276.50195,274.40195,274.40195,274.20197,271.20197
280.20197,281.30194,282.50195,286.50195,286.30194,286.00195,286.40195,284.80194,287.10196,284.90195,282.50195,284.50195,283.50195,284.50195,285.40195,287.40195,286.80194,283.40195,283.70197,283.80194,282.60196,281.80194,281.30194,280.90195,280.10196,280.00195,280.00195,281.90195,283.10196,283.00195,281.90195,281.30194,282.30194,279.40195,280.10196,278.70197,278.90195,278.80194,278.60196,278.40195,277.90195
283.90195,280.10196,281.20197,282.30194,284.60196,285.50195,284.80194,283.90195,286.70197,284.10196,282.80194,282.10196,284.60196,285.20197,286.00195,286.20197,284.30194,284.50195,286.80194,285.80194,282.90195,281.80194,281.20197,280.60196,282.00195,282.60196,283.60196,282.50195,281.90195,281.50195,281.60196,281.50195,281.40195,280.50195,280.10196,279.40195,278.80194,279.30194,277.50195,276.60196,277.50195
285.00195,282.10196,283.30194,282.70197,281.90195,283.20197,284.30194,284.10196,282.00195,287.20197,286.10196,282.10196,284.00195,285.50195,284.90195,283.90195,286.00195,286.10196,283.40195,284.70197,283.70197,283.40195,283.60196,283.20197,283.20197,283.10196,282.50195,282.90195,282.10196,281.90195,281.50195,281.00195,280.40195,280.00195,280.20197,278.80194,278.50195,277.60196,277.10196,276.10196,276.40195
284.10196,285.50195,285.00195,283.10196,281.90195,281.50195,283.60196,283.60196,285.80194,282.30194,282.00195,279.90195,280.50195,280.50195,282.30194,283.60196,283.20197,283.50195,283.10196,283.60196,284.10196,283.60196,283.10196,282.90195,283.10196,283.10196,282.70197,282.30194,282.30194,281.80194,281.70197,282.60196,280.80194,280.50195,280.50195,280.20197,280.20197,279.20197,279.40195,278.50195,277.40195
