wind_kz.json
{"header": {"discipline":0,"disciplineName":"Meteorological products","gribEdition":2,"gribLength":1025,"center":7,"centerName":"US National Weather Service - NCEP(WMC)","subcenter":0,"refTime":"2023-08-24T12:00:00.000Z","significanceOfRT":1,"significanceOfRTName":"Start of forecast","productStatus":0,"productStatusName":"Operational products","productType":1,"productTypeName":"Forecast products","productDefinitionTemplate":0,"productDefinitionTemplateName":"Analysis/forecast at horizontal level/layer at a point in time","parameterCategory":2,"parameterCategoryName":"UnknownDiscipline_0_Category_2","parameterNumber":2,"parameterNumberName":"UnknownParameter_D0_C2_2","parameterUnit":"Unknown","genProcessType":2,"genProcessTypeName":"Forecast","forecastTime":300,"surface1Type":103,"surface1TypeName":"Specified height level above ground","surface1Value":10.0,"surface2Type":255,"surface2TypeName":"Missing","surface2Value":0.0,"gridDefinitionTemplate":0,"gridDefinitionTemplateName":"Latitude_Longitude","numberPoints":615,"shape":6,"shapeName":"Earth spherical with radius of 6,371,229.0 m","gridUnits":"degrees","resolution":48,"winds":"true","scanMode":64,"nx":41,"ny":15,"basicAngle":0,"lo1":47.0,"la1":41.0,"lo2":87.0,"la2":55.0,"dx":1.0,"dy":1.0}, "data":
[rows 0 to 14 of 15, columns 0 to 40 of 41]
-0.15461853,-1.3146186,1.8753815,-2.5946186,-5.4446187,-6.6246185,-5.0146184,-5.6146183,-5.9446187,-4.2546186,-2.7746186,-2.9946184,-1.8546185,-0.15461853,-0.87461853,-1.3346186,-1.8346186,-0.60461855,-0.7746185,-0.8846185,-1.3246186,0.57538146,-0.11461853,-1.9746186,-0.07461853,-1.8046185,-2.9246185,-1.0546185,0.6153815,0.32538146,-0.87461853,1.1653814,0.6653815,-0.34461853,-0.7546185,-2.8746185,-3.0246186,-0.44461852,-1.7146186,-0.68461853,-3.5546186
2.3553815,1.3353815,-2.9646184,-4.9946184,-6.8546185,-7.2046185,-4.9246187,-6.7746186,-5.1146183,-3.8546185,-2.7546186,-3.1446185,-1.6546185,-0.7546185,-0.33461854,-2.6946185,-1.1346185,-2.9046185,-1.7246186,-2.1846185,-2.4346185,-1.7946185,-0.5046185,-2.8846185,-0.55461854,1.0253814,-0.62461853,0.8653815,-2.0446186,-1.8446186,0.02538147,-0.23461853,0.22538146,-2.7346184,0.33538148,-0.87461853,-0.46461853,0.36538148,0.24538147,0.7253815,-1.9546186
0.37538147,-3.9946184,-5.8346186,-7.0146184,-8.794619,-7.3646183,-6.2946186,-2.4446185,-5.0846186,-4.9146185,-3.0846186,-3.7346184,-2.5746186,-2.8546185,-3.6546185,-4.1646185,-5.1346188,-2.2746186,-3.0646186,-2.5746186,-3.2646186,-4.6446185,-5.3646183,-4.3346186,1.6153815,-2.0446186,-1.2246186,-1.5646186,-2.1446185,-0.80461854,-0.47461852,1.7353815,-0.5146185,-0.7046185,0.37538147,-1.0946186,-0.25461853,0.13538148,-0.32461852,1.4153814,1.5953815
-3.2746186,-6.4446187,-7.2946186,-7.2346187,-6.9946184,-6.0246186,-3.6646185,-4.4846187,-4.3546185,-3.8846185,-4.5846186,-3.9746184,-3.6446185,-4.4746184,-4.1546187,-4.0646186,-4.4046187,-4.1446185,-3.8146186,-3.5146186,-4.7446184,-3.7146184,-0.36461854,-4.2646184,-4.9946184,-4.6646185,-4.0046186,-7.4346185,-3.6646185,0.08538147,0.82538146,-2.0846186,-2.5346186,-3.6046185,-3.1346185,-1.9846185,-1.7146186,1.3153815,0.32538146,0.06538147,0.57538146
-5.4946184,-5.9646187,-7.5046186,-6.8046184,-5.1246185,-4.2746186,-2.3146186,-2.9346185,-3.9546185,-3.6846185,-4.9446187,-3.6046185,-3.8446186,-4.7546186,-4.7746186,-4.0346184,-3.7846186,-4.0346184,-3.5446186,-4.3446183,-4.9646187,-4.9346185,-5.0346184,-4.6746187,-4.7246184,-4.5446186,-5.1746187,-3.5846186,-3.4046185,-2.9746184,-3.0446186,-2.1646185,-2.5546186,0.5553815,0.25538146,0.0053814696,-2.9446185,-3.2746186,-0.9446185,-3.0546186,-4.6046185
-4.6746187,-4.1646185,-7.2446184,-6.1446185,-5.8546185,-3.9246185,-2.9246185,-2.9246185,-2.9046185,-3.2646186,-2.8946185,-3.4646184,-3.1146185,-3.1746185,-3.2546186,-2.8846185,-3.4246185,-2.6946185,-3.8346186,-3.0446186,-4.1346188,-3.8146186,-4.1346188,-4.0246186,-3.8646185,-3.5246186,-1.4646186,-3.8146186,-3.9146185,-3.4146185,-3.2446184,-3.6846185,-3.3746185,-3.1646185,-1.7146186,0.11538147,-0.25461853,-0.87461853,-0.86461854,-3.5946186,-4.6246185
-5.0946183,-5.2446184,-5.3246183,-5.0446186,-5.4046187,-3.1146185,-0.9646185,-1.6746185,-1.2846185,-2.2346184,-1.1546185,0.12538147,-0.67461854,-1.4546186,-2.2146184,-2.8846185,-3.2446184,-3.2846186,-4.1146183,-4.3946185,-1.8546185,-0.73461854,0.33538148,-0.15461853,-0.5246185,-2.6746185,-2.1646185,-4.0346184,-3.1846185,-3.5046186,-3.3246186,-3.4746184,-2.8646185,-2.5146186,-0.9446185,-2.1546185,-1.3446186,1.8153815,0.15538147,-0.5846185,0.52538145
-4.0746183,-4.9746184,-4.9046187,-4.1146183,-3.5146186,-3.7246184,-3.8446186,-2.7146184,-1.9646186,-3.2546186,-2.5646186,-2.0246186,-0.18461853,-0.7046185,-0.49461854,-1.8846185,-2.7846186,-3.9546185,-3.0346186,-5.3046184,-2.3346186,-3.7246184,-2.9846184,-3.6646185,-3.4546185,-2.2346184,-3.2246184,-3.0246186,-1.5946186,-1.9546186,-2.5446186,-1.5746186,-2.4146185,-0.44461852,-2.5146186,2.1853814,3.3253815,4.7253814,3.1553814,2.2453814,0.18538147
-3.8046186,-2.9246185,-3.1246185,-3.2246184,-2.9246185,-1.9046185,-3.5746186,-2.6946185,-3.4746184,-2.3246186,-2.7446184,-1.4446186,-0.14461853,-1.3146186,0.9253815,-0.19461852,-1.5146185,-2.6146185,-2.1846185,-2.8346186,-3.4946184,-2.4946184,-3.1446185,-2.7846186,-2.3346186,-1.8846185,-1.5146185,-1.8346186,-0.7746185,-1.3546185,-1.1546185,-0.31461853,1.2753814,-0.8146185,0.07538147,1.2553815,0.19538146,-3.3046186,-1.7246186,0.64538145,-1.5846186
-4.5446186,-3.8946185,-3.3646185,-1.6146185,-1.9546186,-0.26461852,0.23538147,0.5553815,0.19538146,0.26538146,0.21538147,0.35538146,0.63538146,-0.43461853,-0.21461853,0.9953815,0.23538147,-0.92461854,-1.1246185,0.03538147,-2.4746184,0.34538147,-1.4646186,-0.7146185,-1.2046186,-0.98461854,-0.37461853,-0.67461854,0.6053815,0.69538146,1.1153815,0.35538146,-1.1146185,-1.8146186,-0.49461854,0.33538148,-1.0746186,-0.21461853,-2.9246185,-0.66461855,-0.25461853
-3.7946186,-5.6346188,-4.2346187,-5.3346186,-2.7046185,-2.4246185,-0.17461853,0.51538146,2.3153815,1.4353814,1.3253815,2.3853815,0.8553815,1.6153815,1.1953815,-0.28461853,2.3853815,2.0053816,0.6753815,0.6853815,2.0253816,0.0053814696,2.4953814,1.6753814,1.9453815,0.7953815,0.8053815,3.1853814,2.5853815,3.1853814,2.6053815,0.9853815,-0.73461854,-0.40461853,-0.66461855,-0.73461854,-1.4846185,-0.7046185,-0.68461853,0.82538146,-0.85461855
-0.8146185,-3.0146186,-2.7046185,-3.6046185,-2.9646184,-2.4146185,-1.8646185,-0.54461855,-0.11461853,-0.24461854,-0.6946185,2.7853816,1.6353815,2.5053816,2.8953815,2.5653815,2.6553814,3.7153814,2.5853815,3.4353814,2.8453815,2.8553815,1.1653814,1.3153815,2.3753815,3.0153816,2.3253815,3.4353814,4.0053816,2.7953815,1.4153814,1.1353815,0.87538147,0.31538147,-0.16461854,-1.4246185,-0.92461854,-0.27461854,-0.02461853,0.11538147,-0.23461853
-1.2846185,-1.2046186,-1.7546185,-3.0746186,-1.6546185,-0.24461854,-1.1246185,-1.2946185,-0.86461854,1.1053815,0.18538147,0.57538146,1.2953814,2.0453815,2.5153816,2.3853815,2.5653815,3.4353814,1.9853815,2.9153814,1.3353815,1.5653815,1.9753815,0.7853815,3.7253814,3.4653814,2.5753815,1.9053814,2.8153815,2.2353814,1.8753815,2.2953815,1.0153815,0.16538148,-0.68461853,-1.5646186,-1.9646186,-1.1546185,-1.7146186,-0.8946185,-0.53461856
1.0353814,0.6053815,-0.46461853,-0.85461855,-0.08461853,0.09538147,-1.0646186,-2.7746186,-0.12461853,0.28538147,1.3653815,1.2253815,1.6553814,2.4853814,3.2553816,3.3653815,4.0853815,3.6153815,2.6753814,2.6553814,0.06538147,1.8653815,2.6653814,2.8153815,3.2953815,1.7053815,0.15538147,0.9353815,0.44538146,0.34538147,1.0753815,1.1153815,-0.8346185,-1.0046185,-1.6346185,-1.9046185,-1.8846185,-1.6146185,-1.3446186,-0.78461856,0.28538147
1.1753814,2.5353816,3.5753815,1.9453815,2.0453815,1.2353815,1.3353815,0.87538147,1.4953815,0.9853815,1.4453815,1.6253815,1.6753814,3.4353814,3.8753815,4.4153814,4.5453815,4.2653813,3.1953814,3.4153814,1.0353814,1.9953815,2.9153814,2.0553815,1.7753814,0.76538146,-0.09461853,-0.46461853,0.87538147,-0.02461853,-0.15461853,-1.7646185,-1.1546185,-1.5346185,-1.7646185,-1.8446186,-0.9546185,-1.2446185,-0.46461853,-0.19461852,-0.20461853
