wind_kz.json
{"header": {"discipline":0,"disciplineName":"Meteorological products","gribEdition":2,"gribLength":1025,"center":7,"centerName":"US National Weather Service - NCEP(WMC)","subcenter":0,"refTime":"2023-09-24T00:00:00.000Z","significanceOfRT":1,"significanceOfRTName":"Start of forecast","productStatus":0,"productStatusName":"Operational products","productType":1,"productTypeName":"Forecast products","productDefinitionTemplate":0,"productDefinitionTemplateName":"Analysis/forecast at horizontal level/layer at a point in time","parameterCategory":2,"parameterCategoryName":"UnknownDiscipline_0_Category_2","parameterNumber":3,"parameterNumberName":"UnknownParameter_D0_C2_3","parameterUnit":"Unknown","genProcessType":2,"genProcessTypeName":"Forecast","forecastTime":180,"surface1Type":103,"surface1TypeName":"Specified height level above ground","surface1Value":10.0,"surface2Type":255,"surface2TypeName":"Missing","surface2Value":0.0,"gridDefinitionTemplate":0,"gridDefinitionTemplateName":"Latitude_Longitude","numberPoints":615,"shape":6,"shapeName":"Earth spherical with radius of 6,371,229.0 m","gridUnits":"degrees","resolution":48,"winds":"true","scanMode":64,"nx":41,"ny":15,"basicAngle":0,"lo1":47.0,"la1":41.0,"lo2":87.0,"la2":55.0,"dx":1.0,"dy":1.0}, "data":
[rows 0 to 14 of 15, columns 0 to 40 of 41]
2.2394361,2.149436,-2.530564,3.399436,1.859436,0.95943606,4.019436,2.539436,2.149436,2.2594361,2.4894361,2.0194361,0.749436,-0.100563966,-1.2005639,-1.100564,-1.7005639,-3.270564,-3.970564,-2.810564,-2.880564,-3.4805639,-3.540564,1.389436,1.7994361,0.09943604,-0.010563965,0.97943604,1.3294361,-1.960564,-1.9205639,-0.84056395,-0.53056395,-1.740564,-1.370564,-4.230564,-3.620564,-0.17056397,-1.8205639,-1.260564,0.32943603
-0.15056397,-1.9305639,4.849436,5.899436,2.7694361,0.999436,3.799436,3.7394361,3.709436,3.289436,1.5794361,2.369436,1.479436,0.16943604,-0.35056397,-0.96056396,-1.030564,-2.190564,-3.130564,-3.560564,-5.600564,-3.900564,-3.290564,-2.7305639,1.489436,-2.150564,-1.8105639,0.57943606,-0.27056396,-1.120564,-1.160564,-1.830564,-2.440564,-2.670564,-2.340564,-4.620564,-2.920564,-5.190564,-2.330564,-2.020564,-5.6396483E-4
-4.1105638,5.049436,7.189436,6.849436,3.2394361,4.329436,3.809436,4.219436,4.6394362,4.019436,3.5194361,1.9294361,1.369436,0.679436,-0.26056397,-0.800564,-1.480564,-2.340564,-3.330564,-2.860564,-3.460564,-5.560564,-3.520564,-2.700564,-3.7405639,-1.410564,-0.66056395,-2.780564,-1.360564,-1.660564,0.20943603,-0.34056395,-2.630564,1.839436,-0.680564,-0.23056397,-0.690564,-3.630564,-0.690564,-0.78056395,-1.2005639
-1.530564,2.419436,10.119436,8.099436,6.939436,5.899436,5.049436,5.479436,4.969436,4.299436,4.169436,-1.5605639,-2.080564,-5.000564,1.4494361,-0.560564,-2.440564,-3.0105639,-4.050564,-4.700564,-5.1105638,-3.680564,-1.2005639,-2.400564,-2.630564,-2.790564,-3.0105639,-2.120564,-0.39056396,-1.5705639,-1.6705639,-0.66056395,1.5694361,-0.98056394,-1.350564,1.1894361,1.359436,3.2694361,-0.940564,0.46943605,0.91943604
2.529436,4.659436,6.999436,8.219436,4.749436,5.179436,5.339436,4.879436,4.909436,4.819436,4.729436,4.249436,2.299436,-0.26056397,-3.820564,0.40943605,-0.60056394,-1.6705639,-2.060564,-1.720564,-1.290564,-0.98056394,-1.030564,-0.820564,-1.120564,-1.110564,-1.910564,-3.710564,-0.36056396,-0.77056396,-2.100564,-2.550564,-0.43056396,0.85943604,0.53943604,1.959436,-2.2505639,1.5494361,2.889436,2.689436,-0.27056396
4.039436,5.249436,5.1394362,5.229436,2.439436,3.0194361,4.599436,5.339436,5.199436,5.079436,4.849436,5.609436,4.1394362,3.2394361,1.5694361,1.009436,0.38943604,-0.36056396,0.049436036,0.21943603,-0.67056394,0.039436035,-0.73056394,-0.880564,-1.010564,-1.8005639,-0.65056396,4.699436,-0.680564,0.0094360355,-0.15056397,-0.610564,-1.4405639,-2.120564,-0.620564,1.139436,0.869436,-3.030564,-3.7505639,0.49943602,3.889436
3.929436,3.859436,7.059436,7.079436,6.609436,6.079436,5.579436,6.049436,6.1194363,5.709436,5.759436,5.359436,6.099436,5.609436,4.069436,3.059436,0.53943604,0.48943603,0.019436035,-0.30056396,-0.32056397,-0.050563965,1.159436,0.629436,-0.030563965,-0.42056397,-1.020564,-0.610564,5.519436,2.709436,3.319436,1.649436,3.849436,3.979436,-2.050564,0.069436036,0.08943603,0.85943604,-0.27056396,-2.020564,-1.010564
3.399436,2.699436,3.659436,4.839436,6.749436,7.809436,7.629436,7.469436,7.339436,6.649436,6.239436,5.679436,4.759436,4.3894362,3.289436,2.2594361,1.399436,0.019436035,-0.610564,-0.92056394,-1.3205639,-0.940564,0.24943604,0.57943606,1.019436,3.169436,1.389436,1.5594361,1.709436,0.13943604,1.649436,-0.66056395,2.2594361,3.029436,1.759436,3.7594361,-0.59056395,-4.990564,-2.020564,-3.340564,-1.1905639
4.129436,4.789436,4.809436,4.099436,4.3894362,4.209436,5.039436,5.529436,5.679436,6.879436,6.589436,5.939436,4.469436,3.949436,3.2394361,2.379436,1.229436,0.749436,0.46943605,-0.17056397,-0.71056396,-0.930564,-0.91056395,-0.58056396,-0.89056396,2.389436,4.249436,4.019436,3.649436,1.859436,2.889436,2.5194361,3.159436,3.2494361,1.989436,2.0194361,0.59943604,2.9994361,2.7694361,2.139436,2.209436
4.079436,4.779436,5.709436,4.819436,4.919436,4.769436,5.009436,5.239436,5.939436,5.229436,5.469436,5.099436,4.029436,3.349436,2.7394361,1.839436,1.339436,0.97943604,0.30943602,0.38943604,0.559436,-1.030564,-1.290564,0.47943604,0.32943603,1.539436,1.709436,5.459436,4.709436,3.669436,3.539436,3.5194361,2.7394361,4.319436,4.399436,1.839436,2.219436,1.4494361,2.339436,2.599436,2.449436
2.199436,4.899436,4.849436,5.289436,4.999436,5.979436,4.979436,5.419436,5.419436,4.699436,4.589436,3.649436,3.619436,2.599436,2.129436,2.0094361,1.729436,1.489436,0.46943605,0.18943603,0.34943604,-0.29056397,-0.76056397,-0.44056398,0.47943604,1.229436,1.109436,3.869436,4.899436,3.559436,1.8294361,1.8294361,3.7394361,4.689436,5.549436,3.839436,3.399436,2.089436,2.709436,0.98943603,0.679436
6.3894362,1.259436,2.859436,5.709436,5.969436,5.689436,5.689436,5.8694363,5.299436,4.699436,4.219436,4.059436,3.819436,3.779436,3.089436,2.819436,2.2694361,2.2694361,2.369436,1.909436,1.229436,-0.810564,-1.1805639,-1.260564,0.52943605,0.57943606,1.639436,4.079436,1.869436,2.919436,2.529436,3.919436,3.299436,5.089436,3.979436,3.7594361,5.1394362,2.839436,2.379436,1.1894361,1.719436
4.509436,5.079436,3.939436,0.54943603,-0.930564,3.539436,5.039436,6.159436,7.069436,5.549436,3.779436,3.219436,4.089436,3.689436,3.839436,2.379436,2.7694361,2.669436,2.069436,2.459436,1.399436,0.39943603,-0.38056397,-0.38056397,-0.51056397,0.28943604,1.5794361,2.219436,3.189436,2.649436,4.149436,5.099436,4.329436,5.189436,4.1194363,2.799436,2.649436,1.659436,2.199436,2.199436,1.879436
1.1894361,2.329436,5.839436,5.1194363,3.0094361,2.729436,2.479436,0.689436,5.289436,6.149436,4.169436,2.539436,3.179436,3.319436,3.889436,3.5194361,3.479436,2.699436,1.989436,0.939436,1.249436,0.26943603,-0.30056396,0.069436036,0.809436,0.619436,1.899436,2.7594361,3.089436,3.599436,3.4894361,4.469436,4.689436,4.769436,3.789436,3.229436,2.609436,1.969436,1.519436,1.529436,1.749436
-0.09056397,-1.150564,2.629436,5.759436,5.769436,4.229436,4.239436,4.109436,2.159436,2.289436,2.2594361,3.459436,2.669436,1.5694361,4.559436,3.609436,3.329436,2.459436,2.469436,1.899436,1.889436,0.28943604,0.0094360355,0.39943603,0.79943603,1.639436,2.4994361,2.2694361,2.319436,2.669436,4.689436,4.439436,4.009436,3.9994361,3.9894361,3.0194361,2.2694361,2.339436,2.569436,1.739436,1.7994361
