wind_kz.json
{"header": {"discipline":0,"disciplineName":"Meteorological products","gribEdition":2,"gribLength":1025,"center":7,"centerName":"US National Weather Service - NCEP(WMC)","subcenter":0,"refTime":"2023-08-22T00:00:00.000Z","significanceOfRT":1,"significanceOfRTName":"Start of forecast","productStatus":0,"productStatusName":"Operational products","productType":1,"productTypeName":"Forecast products","productDefinitionTemplate":0,"productDefinitionTemplateName":"Analysis/forecast at horizontal level/layer at a point in time","parameterCategory":2,"parameterCategoryName":"UnknownDiscipline_0_Category_2","parameterNumber":3,"parameterNumberName":"UnknownParameter_D0_C2_3","parameterUnit":"Unknown","genProcessType":2,"genProcessTypeName":"Forecast","forecastTime":120,"surface1Type":103,"surface1TypeName":"Specified height level above ground","surface1Value":10.0,"surface2Type":255,"surface2TypeName":"Missing","surface2Value":0.0,"gridDefinitionTemplate":0,"gridDefinitionTemplateName":"Latitude_Longitude","numberPoints":615,"shape":6,"shapeName":"Earth spherical with radius of 6,371,229.0 m","gridUnits":"degrees","resolution":48,"winds":"true","scanMode":64,"nx":41,"ny":15,"basicAngle":0,"lo1":47.0,"la1":41.0,"lo2":87.0,"la2":55.0,"dx":1.0,"dy":1.0}, "data":
[rows 0 to 14 of 15, columns 0 to 40 of 41]
1.2559644,-2.4740357,1.0759643,-3.0240357,-5.2740355,-6.624036,-5.0140357,-6.604036,-4.7540355,-5.104036,-4.874036,-4.3040357,-2.7240357,-3.1440356,-1.8740356,0.30596435,1.2859644,0.44596437,0.97596437,1.5259644,-1.8540356,-2.5940356,1.5859643,-1.9140357,-1.8740356,-0.77403563,-0.58403563,1.6959643,1.0859643,0.6459644,-1.7640357,-1.8940357,1.0559644,-2.4040356,0.88596433,-5.0640354,-6.0440354,1.5959643,0.7059643,2.2759643,1.1059643
3.2059643,0.73596436,-1.3340356,-4.164036,-5.2040358,-5.5540357,-3.3340356,-3.7840357,-3.6340356,-3.7540357,-2.8640356,-3.9640357,-5.1540356,-3.7740357,-4.584036,-3.9240355,1.2759644,1.6859643,3.2559643,3.1859643,2.5359643,-1.1740357,-1.7440356,2.1559644,1.7959644,0.67596436,-0.40403566,2.0459642,0.25596437,2.1159644,3.5359643,3.7459643,0.7159644,-0.57403564,-3.1840355,-5.0740356,-2.3840356,-3.2540357,0.57596433,-2.4240355,1.0759643
-0.8440356,-2.0640357,-4.0140357,-4.5340357,-4.644036,-2.5540357,-1.3340356,-0.49403563,-1.3740356,-1.5640357,-1.1440357,-0.82403564,-1.6740357,-1.7840357,-2.5940356,-3.5040357,-1.8240356,1.1959643,2.8059645,2.8959644,0.61596435,3.8659644,3.1759644,0.9659644,0.91596437,1.3359643,-0.034035645,-0.83403563,0.33596435,3.1259644,2.3759644,1.5459644,2.4659643,-1.1640357,0.43596435,2.2259643,3.8959644,-0.55403566,0.16596435,1.1759644,2.0559645
-3.1440356,-5.2540355,-6.0940356,-5.164036,-5.084036,-2.1240356,-1.9840356,-0.9840357,-1.0040356,-1.5640357,-0.74403566,-0.25403565,-2.2540357,-1.9340357,-1.5640357,0.57596433,-0.75403565,2.9259644,2.4159644,0.7659643,-1.3140357,2.8359644,3.3659644,4.165964,1.9459643,0.38596436,0.55596435,-0.35403565,1.0859643,-1.7840357,2.2259643,1.0459644,-1.6940356,-1.8140357,-0.62403566,-1.5040356,0.33596435,2.3159645,-0.38403565,2.0259643,2.0059643
-1.8740356,-4.7840357,-6.104036,-5.8140354,-6.5140357,-4.104036,-4.8140354,-2.7240357,-3.9240355,-1.6740357,-1.7540356,-2.8840356,-3.6640356,-2.5940356,-1.7440356,0.21596436,3.0659645,2.1959643,2.7559643,1.3559643,0.88596433,1.4059644,2.7459643,2.0659645,2.2459643,3.7059643,2.5959644,1.2759644,-0.50403565,1.1059643,4.7659645,1.7259643,2.2759643,1.6159644,-0.70403564,-1.0140357,0.13596435,-0.8440356,1.2959644,-0.27403563,-2.1540356
-2.3340356,-2.7140357,-6.2540355,-7.5240355,-7.8240356,-7.894036,-7.4640355,-6.5240355,-6.8040357,-5.6540356,-3.9640357,-5.394036,-2.2940357,-2.3540356,-0.28403565,1.7459644,4.315964,4.0059643,3.6959643,4.7859645,-1.5740356,2.6759644,3.3059645,3.5659645,3.2259643,2.8059645,3.0059643,2.0859644,0.14596435,-1.3240356,3.2359643,3.3359644,2.0259643,0.66596437,2.3959644,0.27596435,5.0459642,2.6459644,-3.3340356,0.93596435,-3.0540357
-3.4140356,-3.3740356,-2.9540358,-3.1440356,-4.914036,-2.8340356,-4.0740356,-4.2340355,-5.4940357,-6.6140356,-5.7740355,-4.9840355,-4.1140356,0.61596435,1.1959643,1.3259643,6.2959642,3.7659643,3.8459644,2.2259643,-1.2040356,2.5159643,2.7059643,4.835964,5.565964,4.315964,2.5259643,2.9759643,1.2659644,4.9759645,2.9059644,-0.82403564,-3.0140357,0.98596436,-0.89403564,-1.6740357,-1.6640357,1.3659644,1.5259644,-2.0640357,-4.6540356
-3.9740357,-3.5640357,-4.104036,-4.7240357,-5.5340357,-5.3440356,-5.8040357,-5.2540355,-4.8440356,-7.0540357,-7.124036,-5.3440356,-3.4040356,-3.9740357,-0.0040356447,2.2159643,4.2759643,4.315964,5.2759643,1.6459644,3.3959644,0.41596437,-2.4940357,1.9859643,7.585964,6.0159645,4.9959645,3.3559644,5.2259645,5.315964,2.2059643,2.7659643,-0.034035645,-3.0440357,-0.24403565,0.7059643,-0.17403564,2.0659645,1.7459644,-0.104035646,-1.4640356
-3.3040357,-3.9140356,-4.2040358,-4.2340355,-3.9540358,-5.2840357,-5.7640357,-5.8440356,-5.0940356,-5.9640355,-7.7540355,-6.5740356,-4.5240355,-1.5040356,-0.34403566,2.5859644,1.2059643,4.145964,0.40596434,3.0659645,1.4259644,1.4159644,-2.8340356,-2.5140357,3.4159644,4.4959645,2.6359644,5.2159643,6.6559644,5.4459643,3.0459642,0.56596434,1.4659643,0.27596435,0.105964355,-1.1440357,-2.3840356,-0.41403565,2.0459642,1.0359644,-1.3040357
-2.9240355,-3.1340356,-4.0040355,-3.7740357,-4.0740356,-4.164036,-4.5040355,-5.6740355,-6.3440356,-5.0240355,-8.064035,-8.044036,-2.4240355,-1.9340357,1.3659644,1.5259644,-3.8840356,-0.17403564,5.665964,0.21596436,2.7059643,1.1659644,1.3659644,-1.7340356,-3.1240356,1.9459643,2.7859643,2.9859643,1.5659643,0.61596435,3.5859644,2.2459643,-0.104035646,-0.75403565,-0.40403566,0.30596435,-0.104035646,-1.9540356,-0.0040356447,2.6459644,3.1559644
-2.3740356,-1.8740356,-2.2440357,-3.3040357,-3.1540356,-3.5940356,-3.4240355,-3.9640357,-4.7440357,-5.9240355,-5.084036,-6.8140354,-6.4540358,-4.9840355,-5.3640356,-5.5240355,-1.8440356,0.74596435,3.5859644,3.5459642,2.5259643,2.0559645,0.24596435,-0.7840356,-1.6440357,-0.99403566,2.2159643,3.5759645,3.1859643,2.4459643,0.25596437,1.6659644,0.67596436,-0.71403563,-1.0740356,0.11596435,0.12596436,1.8459643,0.8959644,1.3159643,0.57596433
-2.0340357,-3.1640356,-3.6240356,-3.9340355,-3.9640357,-4.5240355,-3.0240357,-2.2140357,-4.3040357,-3.9540358,-1.8540356,-4.7840357,-6.184036,-7.354036,-7.7040358,-3.6840355,3.0059643,3.4859643,3.1259644,3.1059644,3.1259644,0.88596433,0.08596435,-0.46403563,-0.024035644,-0.32403564,1.8259643,2.3559644,1.9859643,2.5859644,1.3759644,1.4659643,0.36596435,-0.5940356,-1.3840356,-2.6240356,-1.7840357,-0.46403563,-0.34403566,0.13596435,0.0059643555
-1.3940357,-1.8540356,-2.6040356,-3.0940356,-3.2540357,-3.2540357,-3.3840356,-1.7440356,-3.9040356,-2.6940355,-1.7340356,-1.5440357,-4.2140355,-5.5340357,-7.4740357,-6.8640356,-4.624036,-0.70403564,2.8259645,3.5359643,5.3659644,3.9859643,2.3559644,2.2159643,0.99596435,1.1759644,0.99596435,0.9559643,0.72596437,0.7159644,1.2959644,0.7059643,-0.28403565,-1.4040357,-1.5940356,-1.3740356,-2.2340357,-1.6440357,-2.2340357,-1.9640356,-1.3840356
-0.58403563,-1.0440357,-2.9540358,-1.7040356,-1.8340356,-1.4440356,-1.8340356,-2.9640357,-2.8440356,-3.8140357,-0.75403565,-1.2540356,-1.3740356,-3.9240355,-4.604036,-5.354036,-5.124036,-4.604036,0.23596436,2.4459643,2.9759643,3.2459643,2.5959644,2.4459643,2.6659644,2.2159643,1.7459644,1.1659644,1.6159644,1.1059643,0.50596434,0.50596434,0.60596436,0.27596435,-1.3240356,-1.8040357,-1.2940357,-2.0540357,-2.6040356,-2.1640356,-1.9140357
0.38596436,-0.7340357,-3.3740356,-1.4840356,-1.1940356,-0.5940356,-1.2140356,-2.9040356,-2.5040357,-2.0440357,-1.4340357,-0.08403564,-0.34403566,-1.7040356,-4.5440354,-4.1940355,-3.4840357,-4.334036,-4.8640356,0.0059643555,2.5559645,3.4559643,3.8159645,4.0759645,4.2459645,3.8559644,3.2059643,2.6659644,2.4459643,2.2659643,2.2159643,1.7059643,1.3459643,0.30596435,-0.7840356,-1.7940357,-1.5840356,-0.29403564,-0.9140356,-2.9840357,-2.1940355
