wind_kz.json
{"header": {"discipline":0,"disciplineName":"Meteorological products","gribEdition":2,"gribLength":871,"center":7,"centerName":"US National Weather Service - NCEP(WMC)","subcenter":0,"refTime":"2025-04-04T18:00:00.000Z","significanceOfRT":1,"significanceOfRTName":"Start of forecast","productStatus":0,"productStatusName":"Operational products","productType":1,"productTypeName":"Forecast products","productDefinitionTemplate":0,"productDefinitionTemplateName":"Analysis/forecast at horizontal level/layer at a point in time","parameterCategory":0,"parameterCategoryName":"UnknownDiscipline_0_Category_0","parameterNumber":0,"parameterNumberName":"UnknownParameter_D0_C0_0","parameterUnit":"Unknown","genProcessType":2,"genProcessTypeName":"Forecast","forecastTime":240,"surface1Type":1,"surface1TypeName":"Ground or water surface","surface1Value":0.0,"surface2Type":255,"surface2TypeName":"Missing","surface2Value":0.0,"gridDefinitionTemplate":0,"gridDefinitionTemplateName":"Latitude_Longitude","numberPoints":615,"shape":6,"shapeName":"Earth spherical with radius of 6,371,229.0 m","gridUnits":"degrees","resolution":48,"winds":"true","scanMode":64,"nx":41,"ny":15,"basicAngle":0,"lo1":47.0,"la1":41.0,"lo2":87.0,"la2":55.0,"dx":1.0,"dy":1.0}, "data":
[rows 0 to 14 of 15, columns 0 to 40 of 41]
284.30933,276.50934,280.30933,282.50934,283.30933,283.90933,285.90933,291.20932,293.1093,292.70932,289.50934,288.80933,286.1093,284.80933,286.50934,285.30933,287.40933,286.6093,289.6093,287.90933,292.00934,289.6093,291.1093,289.20932,295.1093,297.00934,290.20932,278.80933,277.00934,273.6093,273.30933,276.20932,284.6093,289.40933,291.50934,290.90933,291.80933,291.30933,291.20932,290.70932,290.20932
265.80933,282.20932,282.1093,282.20932,282.80933,283.20932,289.20932,292.40933,290.30933,290.6093,288.90933,286.70932,284.6093,283.00934,284.50934,284.80933,286.6093,286.80933,285.90933,286.90933,288.40933,287.90933,287.70932,283.00934,273.50934,278.1093,286.40933,278.6093,283.80933,276.40933,280.40933,265.90933,279.20932,253.70932,262.40933,286.90933,285.80933,287.40933,289.30933,284.90933,280.90933
282.90933,281.20932,281.90933,282.20932,282.1093,287.80933,287.80933,290.00934,289.40933,289.20932,287.80933,287.40933,286.20932,284.50934,285.30933,284.80933,286.1093,286.6093,286.80933,287.70932,289.50934,287.50934,287.50934,284.50934,287.70932,287.20932,287.40933,287.70932,286.6093,281.30933,274.50934,276.90933,283.80933,281.90933,282.00934,282.50934,273.90933,272.30933,275.70932,272.6093,268.70932
285.6093,281.90933,280.90933,281.90933,283.6093,287.90933,290.40933,289.40933,288.40933,288.6093,287.1093,285.30933,285.70932,286.50934,283.80933,285.00934,284.70932,287.90933,289.6093,289.40933,288.50934,285.30933,288.20932,287.70932,289.1093,289.70932,290.6093,287.80933,287.50934,287.40933,288.80933,288.30933,293.40933,292.90933,289.40933,286.80933,276.50934,266.70932,277.6093,283.80933,287.70932
286.1093,282.6093,281.90933,282.70932,283.30933,285.6093,287.50934,288.20932,289.70932,288.70932,287.50934,284.80933,284.6093,284.00934,281.40933,283.80933,284.80933,286.40933,288.20932,288.80933,290.00934,289.50934,289.50934,289.1093,287.80933,288.20932,287.00934,283.40933,289.40933,289.30933,290.40933,287.80933,280.1093,268.40933,281.00934,288.90933,285.90933,290.20932,288.80933,288.20932,288.1093
284.80933,284.40933,283.00934,282.30933,281.40933,281.1093,287.70932,289.6093,288.00934,290.00934,287.80933,286.20932,282.50934,283.00934,277.1093,284.20932,286.1093,285.6093,286.80933,288.40933,287.90933,289.40933,289.40933,288.00934,286.20932,284.70932,286.20932,273.1093,288.50934,289.90933,288.6093,289.30933,287.00934,286.00934,283.30933,283.40933,279.70932,279.6093,284.20932,287.20932,285.6093
284.6093,283.90933,285.80933,286.1093,283.1093,284.90933,286.6093,288.20932,287.40933,286.70932,287.50934,286.30933,285.00934,283.90933,283.40933,285.6093,285.1093,285.1093,285.20932,284.30933,284.70932,286.50934,286.70932,287.40933,286.00934,286.30933,286.00934,287.80933,287.80933,288.30933,288.20932,288.20932,288.1093,287.00934,285.30933,284.30933,278.30933,274.70932,272.50934,273.20932,282.00934
282.1093,281.70932,284.00934,284.70932,285.20932,284.50934,284.00934,281.6093,281.30933,284.40933,285.00934,284.80933,284.6093,286.20932,283.90933,284.6093,284.6093,284.50934,283.00934,281.40933,281.40933,282.70932,284.20932,284.30933,283.6093,282.80933,282.70932,284.40933,283.30933,284.70932,284.20932,285.40933,284.70932,283.1093,283.20932,283.80933,285.30933,273.1093,283.50934,283.1093,280.6093
279.6093,279.70932,279.50934,279.00934,280.1093,281.30933,281.00934,282.00934,281.50934,280.50934,281.1093,282.20932,283.30933,285.20932,283.30933,283.1093,282.50934,282.1093,281.6093,280.50934,279.80933,280.00934,280.6093,281.1093,280.80933,281.00934,279.80933,280.6093,280.40933,279.6093,280.70932,281.20932,283.20932,283.90933,283.80933,281.1093,280.70932,280.50934,267.70932,271.40933,264.20932
277.1093,278.00934,277.90933,277.00934,276.90933,277.20932,278.00934,277.90933,279.00934,279.00934,279.20932,279.20932,280.70932,280.90933,282.30933,282.50934,281.6093,281.6093,281.1093,280.80933,279.80933,279.80933,280.40933,280.50934,280.70932,279.90933,280.50934,279.90933,279.00934,278.50934,279.80933,281.80933,282.20932,282.00934,281.20932,280.50934,278.6093,275.40933,272.40933,272.1093,269.6093
275.90933,275.90933,275.6093,275.70932,277.40933,277.40933,277.00934,275.90933,273.6093,274.20932,275.20932,277.30933,278.6093,278.20932,279.50934,279.90933,281.00934,282.1093,281.6093,280.40933,281.1093,280.30933,280.00934,279.90933,279.90933,279.80933,278.1093,280.00934,280.50934,281.20932,281.6093,281.50934,281.00934,281.50934,281.50934,279.40933,275.20932,273.6093,274.70932,273.6093,271.00934
273.6093,273.90933,275.70932,274.80933,275.20932,276.6093,275.80933,276.50934,274.6093,273.90933,271.6093,273.1093,276.00934,276.1093,277.20932,279.30933,279.70932,279.50934,280.40933,279.90933,280.6093,280.1093,279.90933,279.80933,280.00934,280.30933,280.00934,280.50934,281.00934,281.90933,281.80933,281.40933,281.90933,279.70932,280.50934,280.1093,280.20932,279.80933,278.1093,277.80933,274.90933
270.70932,271.70932,273.50934,274.40933,273.30933,275.1093,274.50934,275.00934,275.00934,273.40933,269.30933,269.20932,273.70932,274.40933,276.70932,277.40933,277.90933,278.70932,280.30933,279.70932,279.80933,279.6093,278.90933,277.70932,280.30933,282.40933,282.50934,281.80933,281.6093,281.70932,281.40933,281.20932,281.1093,282.00934,281.20932,280.70932,279.80933,281.20932,278.20932,278.20932,277.90933
270.6093,271.90933,272.40933,273.50934,273.30933,273.00934,273.80933,273.00934,273.90933,274.80933,269.80933,266.6093,272.1093,273.50934,274.80933,275.80933,276.6093,277.30933,278.1093,277.90933,277.80933,278.6093,279.20932,280.40933,280.80933,281.40933,281.20932,280.00934,282.1093,281.50934,281.50934,280.90933,280.90933,280.6093,280.30933,279.6093,280.70932,279.80933,279.90933,278.6093,279.00934
270.40933,272.1093,270.80933,270.00934,271.40933,272.00934,273.20932,272.1093,273.6093,274.00934,271.90933,269.6093,265.40933,269.50934,272.40933,273.70932,274.30933,274.50934,275.6093,276.1093,277.00934,277.50934,278.20932,278.20932,278.70932,278.80933,279.90933,279.1093,279.00934,279.70932,279.80933,277.1093,281.40933,281.70932,280.50934,281.1093,279.80933,280.6093,280.40933,281.30933,281.30933
