wind_kz.json
{"header": {"discipline":0,"disciplineName":"Meteorological products","gribEdition":2,"gribLength":1025,"center":7,"centerName":"US National Weather Service - NCEP(WMC)","subcenter":0,"refTime":"2023-08-25T00:00:00.000Z","significanceOfRT":1,"significanceOfRTName":"Start of forecast","productStatus":0,"productStatusName":"Operational products","productType":1,"productTypeName":"Forecast products","productDefinitionTemplate":0,"productDefinitionTemplateName":"Analysis/forecast at horizontal level/layer at a point in time","parameterCategory":2,"parameterCategoryName":"UnknownDiscipline_0_Category_2","parameterNumber":2,"parameterNumberName":"UnknownParameter_D0_C2_2","parameterUnit":"Unknown","genProcessType":2,"genProcessTypeName":"Forecast","forecastTime":0,"surface1Type":103,"surface1TypeName":"Specified height level above ground","surface1Value":10.0,"surface2Type":255,"surface2TypeName":"Missing","surface2Value":0.0,"gridDefinitionTemplate":0,"gridDefinitionTemplateName":"Latitude_Longitude","numberPoints":615,"shape":6,"shapeName":"Earth spherical with radius of 6,371,229.0 m","gridUnits":"degrees","resolution":48,"winds":"true","scanMode":64,"nx":41,"ny":15,"basicAngle":0,"lo1":47.0,"la1":41.0,"lo2":87.0,"la2":55.0,"dx":1.0,"dy":1.0}, "data":
[rows 0 to 14 of 15, columns 0 to 40 of 41]
0.8316211,-0.3083789,1.6516211,-0.5883789,-3.288379,-2.9383788,-1.1183789,0.7916211,-3.1583788,-1.158379,1.1516211,2.1216211,-0.8783789,0.8416211,1.4816211,-1.7083789,-1.8483789,-2.4383788,-3.498379,-1.2583789,2.761621,2.8416212,-1.038379,-0.5183789,-0.4083789,-2.248379,-3.018379,-1.3583789,-0.6783789,-0.4983789,-0.3183789,-0.93837893,0.6816211,0.2816211,-1.0683789,-0.6483789,-1.1283789,-2.6583788,-3.1783788,-2.1283789,-2.988379
1.4016211,1.8916211,-0.2983789,1.1016212,-1.4483789,-1.6183789,0.5216211,2.511621,-1.3683789,0.9016211,0.2616211,0.2016211,1.7516211,2.5616212,2.911621,4.181621,1.0616211,-1.3283789,-1.9483789,-2.348379,-0.9883789,-0.41837892,-0.2883789,-2.3983788,0.07162109,0.6216211,-0.8583789,-0.4083789,-1.8883789,-2.1283789,0.0016210937,-0.3983789,-0.1883789,-2.288379,-0.3183789,0.3516211,-0.8883789,0.3716211,-0.5883789,0.39162108,0.011621093
1.0516211,0.4716211,2.3316212,1.721621,0.8616211,0.21162109,0.3416211,1.9416211,-1.028379,1.0416211,2.5716212,3.151621,3.511621,4.911621,4.721621,3.7916212,3.721621,-0.3183789,-2.478379,-1.6283789,-0.10837891,2.651621,-4.048379,-2.998379,2.281621,2.021621,4.031621,3.651621,-2.9183788,-0.8683789,-1.3483789,2.0616212,-0.3683789,-0.7083789,0.6216211,-0.6283789,0.041621093,-0.0683789,-0.2583789,1.3016211,1.091621
-1.528379,-2.6183789,-0.8983789,-0.4683789,1.7416211,1.6616211,1.591621,1.451621,0.7816211,1.8716211,1.1716211,0.6116211,1.7816211,4.071621,5.161621,1.1216211,-1.288379,-3.258379,-2.268379,-1.7383789,-1.3683789,-1.778379,2.751621,2.211621,2.501621,3.3116212,3.031621,-0.38837892,3.2916212,2.3316212,-2.9083788,-3.108379,-2.9583788,-3.828379,-3.508379,-2.778379,-1.4883789,1.2316211,1.6416211,0.2716211,1.3216211
-0.028378906,0.9316211,2.501621,2.6116211,2.141621,2.6116211,3.411621,2.651621,1.6016212,1.0116211,1.3616211,1.471621,-0.5883789,-1.1383789,-3.3783789,-3.768379,-3.6783788,-2.9483788,-3.288379,-2.828379,-1.3383789,-0.088378906,0.39162108,2.8216212,3.3016212,3.3316212,2.991621,3.391621,2.771621,2.981621,1.5316211,-2.318379,-2.1583788,0.9316211,3.741621,1.6016212,0.011621093,-1.5683789,-0.4983789,-0.1383789,-0.048378907
1.581621,0.5216211,2.231621,3.641621,5.4816213,6.241621,3.471621,1.6916211,1.211621,2.5616212,1.461621,-0.4683789,0.75162107,0.9316211,0.4416211,0.09162109,-2.098379,-4.0183787,-3.8683789,-1.9783789,-1.1983789,1.2416211,1.0216211,1.5616211,2.391621,3.951621,4.5016212,5.041621,3.8416212,3.3816211,3.171621,3.021621,0.7816211,-0.038378906,-0.3683789,-4.048379,0.4016211,0.121621095,1.2616211,-2.1683788,-2.3983788
0.4316211,1.6616211,2.5716212,3.011621,3.1116211,3.271621,3.651621,3.0416212,2.3616211,2.6116211,2.491621,2.701621,1.3616211,-0.2983789,1.6916211,1.5016211,-3.548379,-3.298379,-4.068379,-3.278379,-0.07837891,-0.088378906,0.3216211,1.5016211,3.251621,2.501621,2.771621,4.761621,4.4816213,3.021621,1.9316211,0.021621093,-1.548379,-5.708379,-4.108379,-3.298379,-1.528379,2.991621,-1.2183789,1.2816211,0.3416211
3.0416212,3.001621,3.491621,3.5716212,4.311621,4.221621,2.6216211,2.411621,3.261621,3.0916212,2.401621,2.8516212,-0.41837892,-2.4483788,-2.058379,-2.1683788,-1.908379,-1.6983789,-2.288379,-2.058379,1.081621,1.4816211,2.0516212,2.3316212,3.3216212,3.711621,3.441621,4.841621,5.071621,3.6316211,1.1916211,1.9416211,-3.768379,0.5316211,-2.1283789,-0.20837891,-3.728379,-5.858379,-3.718379,-2.7083788,-2.558379
3.671621,3.3116212,3.651621,1.8916211,1.5616211,3.3116212,2.491621,1.9016211,2.6216211,1.951621,0.8516211,-0.5383789,-1.2483789,-1.3483789,-1.6483788,-1.6783789,-2.028379,-1.7083789,-0.2783789,1.3716211,1.461621,-0.12837891,2.1116211,3.1216211,3.701621,3.5416212,2.431621,4.2316213,4.401621,3.1216211,0.8316211,0.6416211,1.3716211,-1.798379,-2.608379,-3.058379,-0.9583789,-2.1783788,-0.7983789,0.061621092,-1.6483788
3.411621,3.6016212,1.7916211,2.231621,1.8516212,1.201621,-1.168379,-0.99837893,-2.2083788,-0.058378905,-0.74837893,-0.1383789,0.1316211,1.7316211,1.6116211,0.8816211,2.221621,0.3416211,-0.68837893,-0.2683789,0.5116211,-0.23837891,0.6716211,0.39162108,0.0016210937,0.1916211,1.3616211,1.1716211,1.7416211,5.681621,2.981621,1.711621,-0.4283789,-2.6583788,-1.8283789,-2.1383789,-2.9283788,-1.2383789,-2.008379,0.4016211,-1.2183789
0.9016211,1.8516212,-1.9683789,-2.548379,-1.4583789,-1.6283789,-1.2383789,-1.2683789,-2.3683789,-1.168379,-0.12837891,-0.12837891,0.011621093,0.8516211,3.1016212,2.5916212,-0.028378906,0.9716211,-0.8383789,0.9316211,1.1716211,0.5416211,0.7316211,1.0616211,-0.32837892,0.8516211,1.4816211,1.9316211,2.3516212,2.6316211,1.9316211,-1.3083789,-1.3783789,-1.6083789,-1.5083789,-2.318379,-2.008379,-0.1383789,-1.668379,0.5716211,-1.1383789
-1.048379,-1.6983789,-0.8783789,-0.6083789,-0.7683789,0.30162108,-0.6083789,-0.9783789,-0.7883789,-0.5983789,-0.8583789,0.5916211,-0.7283789,0.8816211,0.0016210937,0.30162108,-1.0783789,-1.3783789,-0.6683789,-0.38837892,0.9916211,1.091621,0.50162107,0.6416211,0.4616211,1.201621,1.0416211,2.001621,3.011621,2.921621,3.3416212,1.461621,1.0116211,-0.10837891,-1.3483789,-0.1583789,0.8916211,-1.4383789,-0.35837892,-0.6683789,-0.8483789
-0.4783789,0.3416211,0.2916211,-0.2283789,0.10162109,-0.12837891,-0.098378904,0.1616211,-0.8283789,0.1316211,0.0016210937,0.7616211,1.6016212,2.5416212,2.931621,1.5216211,-0.1983789,-1.1983789,-0.9683789,0.1116211,0.50162107,1.201621,1.4316211,1.4016211,2.681621,2.161621,0.7916211,1.9816211,2.0716212,0.9516211,0.061621092,1.0516211,-0.2783789,-0.6183789,-1.4683789,-2.258379,-0.99837893,-1.168379,-1.0983789,-1.908379,-1.3183789
0.3416211,0.5116211,2.141621,0.7916211,0.8516211,1.341621,1.0616211,1.0516211,0.7916211,0.9016211,-0.2483789,0.30162108,1.5316211,0.7816211,-0.1583789,-0.1383789,1.0616211,1.6316211,1.4816211,2.001621,2.481621,2.461621,3.151621,2.941621,2.6116211,2.151621,1.4816211,0.69162107,2.191621,0.4916211,0.8816211,0.7316211,-0.008378906,-0.32837892,-0.2883789,-0.2583789,-1.1083789,-1.0183789,-1.7083789,-0.7183789,-1.5883789
-0.008378906,0.5316211,0.8916211,0.24162109,0.4416211,0.7716211,1.5216211,1.5716211,2.3116212,1.1416211,-0.1983789,0.6216211,1.0616211,1.4816211,3.191621,3.0616212,2.981621,3.221621,2.701621,3.391621,3.001621,2.971621,3.001621,2.8116212,3.001621,2.5816212,1.341621,1.6216211,1.461621,1.7616211,1.1516211,0.1616211,1.5416211,0.23162109,-0.048378907,1.4416211,-0.20837891,0.0016210937,-2.6883788,-0.9783789,-1.6283789
