wind_kz.json
{"header": {"discipline":0,"disciplineName":"Meteorological products","gribEdition":2,"gribLength":1025,"center":7,"centerName":"US National Weather Service - NCEP(WMC)","subcenter":0,"refTime":"2024-04-09T12:00:00.000Z","significanceOfRT":1,"significanceOfRTName":"Start of forecast","productStatus":0,"productStatusName":"Operational products","productType":1,"productTypeName":"Forecast products","productDefinitionTemplate":0,"productDefinitionTemplateName":"Analysis/forecast at horizontal level/layer at a point in time","parameterCategory":2,"parameterCategoryName":"UnknownDiscipline_0_Category_2","parameterNumber":2,"parameterNumberName":"UnknownParameter_D0_C2_2","parameterUnit":"Unknown","genProcessType":2,"genProcessTypeName":"Forecast","forecastTime":60,"surface1Type":103,"surface1TypeName":"Specified height level above ground","surface1Value":10.0,"surface2Type":255,"surface2TypeName":"Missing","surface2Value":0.0,"gridDefinitionTemplate":0,"gridDefinitionTemplateName":"Latitude_Longitude","numberPoints":615,"shape":6,"shapeName":"Earth spherical with radius of 6,371,229.0 m","gridUnits":"degrees","resolution":48,"winds":"true","scanMode":64,"nx":41,"ny":15,"basicAngle":0,"lo1":47.0,"la1":41.0,"lo2":87.0,"la2":55.0,"dx":1.0,"dy":1.0}, "data":
[rows 0 to 14 of 15, columns 0 to 40 of 41]
-0.12855713,-1.7685571,3.0914428,4.111443,3.6014428,-3.9185572,-5.288557,-4.888557,-5.168557,-3.038557,-3.6485572,-5.198557,-3.278557,-2.068557,-2.768557,-4.078557,-5.538557,-6.0885572,-7.3385572,-5.2585573,-3.1185572,-1.7385571,-1.4585571,-2.068557,-1.3885571,-0.57855713,-2.548557,-1.0985571,1.4914429,0.87144285,-1.3385571,2.941443,1.6414429,1.4714428,-0.6485571,1.2114428,1.0514429,1.9014429,1.5914428,1.2614429,1.5614429
0.18144287,2.191443,2.451443,2.511443,-3.548557,-4.2985573,-6.5485573,-7.2785573,-5.698557,-3.1485572,-1.9585571,-5.768557,-2.018557,-1.9985571,-0.5985571,-2.318557,-2.3885572,-4.938557,-4.688557,-3.768557,-3.2085571,-3.018557,-1.9885571,-3.238557,-0.08855713,1.2114428,-1.0385572,1.1414429,-1.1085571,0.07144287,0.74144286,-0.5385571,2.6514428,-1.7685571,0.16144288,-0.28855714,-0.5385571,0.9014429,0.38144287,2.8714428,-0.5485571
-0.43855712,0.9714429,-0.7185571,-4.198557,-5.118557,-5.698557,-7.268557,-6.358557,-7.148557,-6.0285573,-6.948557,-5.208557,-4.198557,-2.538557,-2.018557,-2.268557,-3.518557,-3.4385571,-3.9685571,-2.798557,-2.288557,-4.428557,-5.478557,-4.288557,1.2214428,-0.9185571,-1.9785571,-0.5385571,-0.5485571,-0.44855714,0.06144287,2.6014428,0.7114429,1.7114428,1.8814429,0.92144287,0.5414429,0.6414429,-0.48855713,1.8414428,2.711443
-2.1885571,-2.998557,-3.3885572,-4.828557,-5.8385572,-6.418557,-4.0285573,-6.7185574,-5.898557,-5.678557,-4.918557,-6.538557,-8.128557,-7.658557,-4.888557,-5.5885572,-6.198557,-7.188557,-7.058557,-6.0485573,-5.888557,-3.058557,-0.36855713,-3.7185571,-7.498557,-8.968557,-6.408557,-7.228557,-1.7685571,1.1114429,3.8214428,2.4114428,4.2214427,2.8914428,0.48144287,-0.008557129,-1.4085572,2.731443,2.8014429,0.92144287,0.06144287
-2.548557,-2.808557,-4.308557,-5.3385572,-4.358557,-5.0085573,-4.868557,-3.6385572,-4.3185573,-5.4685574,-4.688557,-6.208557,-8.188557,-9.088557,-8.348557,-7.4685574,-7.898557,-7.698557,-7.598557,-8.188557,-7.628557,-6.728557,-7.388557,-7.358557,-7.5085573,-6.7585573,-8.068557,-2.068557,-3.7185571,-3.288557,-3.038557,-2.028557,3.3914428,4.051443,4.891443,-2.048557,-3.728557,-2.8385572,-1.0185571,-1.3285571,-2.6085572
-1.7585571,-2.1885571,-3.8585572,-4.348557,-3.3985572,-3.9185572,-3.008557,-4.178557,-3.3985572,-4.188557,-4.308557,-4.858557,-5.388557,-7.9885573,-5.578557,-6.918557,-7.308557,-7.358557,-8.328557,-7.178557,-9.378557,-7.418557,-6.418557,-6.678557,-6.5285573,-6.9685574,-4.708557,-1.6285571,-2.7185571,-2.288557,-0.69855714,0.9114429,0.6614429,1.8514428,5.1814427,6.9514427,1.4314429,0.67144287,-0.50855714,-2.8685572,-4.518557
0.92144287,0.28144288,-2.3685572,-1.9285572,-2.1985571,-2.9285572,-2.9685571,-2.9385571,-3.1785572,-3.9185572,-3.268557,-4.308557,-3.8785572,-5.2785573,-5.018557,-5.118557,-5.448557,-5.888557,-6.538557,-8.448557,-7.558557,-6.558557,-6.498557,-5.458557,-5.2585573,-5.118557,-4.728557,-3.1885571,-3.1285572,-2.5885572,-0.75855714,-1.0885571,0.12144287,0.92144287,0.5814429,2.931443,-0.6585571,1.1414429,-0.57855713,1.7514429,-1.9885571
-1.9685571,-1.6685572,-2.1385572,-1.9285572,-1.7485571,-1.6785572,-2.4185572,-2.6585572,-2.738557,-3.2185571,-3.1285572,-3.248557,-2.5985572,-3.4185572,-2.9285572,-3.528557,-3.6685572,-3.978557,-3.828557,-6.408557,-5.438557,-5.0085573,-4.378557,-4.248557,-4.5485573,-3.558557,-2.538557,-2.048557,-1.9085572,-1.0585572,0.33144286,0.82144284,1.0514429,0.5414429,1.1914428,5.211443,6.831443,8.211443,-3.6185572,-7.678557,-2.6785572
-0.80855715,-0.44855714,-0.5485571,-0.9585571,-0.68855715,-1.1885571,-1.0685571,-1.1285571,-1.4985571,-1.4385571,-1.8785571,-2.298557,-1.9685571,-2.558557,-2.768557,-2.328557,-2.988557,-3.328557,-3.488557,-3.4585571,-4.7585573,-3.6085572,-3.028557,-2.8985572,-3.4485571,-2.2085571,-2.5985572,-2.538557,-1.1085571,0.37144288,2.021443,2.6414428,4.7014427,3.8114429,4.881443,5.791443,3.8514428,0.15144287,0.39144287,-0.31855714,-1.1885571
0.93144286,1.2114428,1.2714429,0.93144286,0.7714429,0.61144286,0.09144287,0.22144288,0.75144285,0.48144287,0.7814429,0.44144288,0.6514429,0.67144287,-0.5885571,-1.0285572,-2.038557,-2.4285572,-2.9285572,-2.9285572,-3.1485572,-2.4185572,-1.9085572,-1.6185571,-1.4785571,-0.32855713,0.06144287,-0.19855712,0.48144287,2.5514429,3.8014429,5.2614427,5.5314426,1.4714428,3.751443,6.231443,3.941443,1.9714428,2.3314428,0.57144284,-1.2385571
2.261443,2.021443,1.3514428,1.7614429,1.7314429,1.1914428,1.5814428,1.8314428,1.3314428,1.5614429,1.9414428,2.461443,2.201443,2.491443,2.3614428,2.211443,1.6614429,1.7914429,0.46144286,0.46144286,0.35144287,0.34144288,0.55144286,1.2614429,1.8814429,2.0714428,2.201443,1.4414428,1.6914428,3.3114429,3.6614428,1.9314429,1.4914429,1.6014428,2.511443,1.3214428,1.6914428,1.4214429,1.1614429,-0.24855714,-0.04855713
1.8814429,3.1614428,4.311443,2.7914429,3.0314429,2.2814429,1.4214429,1.5014429,1.9814429,1.2214428,1.3214428,3.8914428,3.0514429,3.6314428,3.981443,3.1214428,3.0314429,3.001443,2.0714428,2.5914428,2.4114428,2.991443,2.6314428,2.6014428,2.8014429,2.6114428,2.2814429,-1.1285571,1.7614429,1.3014429,1.0814428,1.4214429,1.4514428,2.1114428,2.0614429,2.201443,0.93144286,1.7114428,2.991443,0.28144288,-0.50855714
2.271443,3.6314428,3.2814429,4.171443,3.8114429,2.8114429,3.7814429,3.3314428,3.671443,1.3614429,1.9714428,5.391443,2.941443,5.891443,5.191443,4.641443,3.771443,3.3314428,2.241443,2.451443,2.0314429,2.1114428,2.1314428,1.9914429,2.4014428,1.9214429,-0.118557125,1.1014428,0.21144287,0.45144287,1.3614429,1.2414429,1.0614429,0.9714429,1.4214429,1.1614429,1.1814429,0.13144287,0.04144287,-0.9685571,-0.93855715
2.3114429,1.8014429,2.8614428,3.991443,2.921443,4.191443,4.7214427,5.2814426,6.6814427,3.991443,2.971443,3.6414428,7.151443,5.7214427,5.671443,4.9514427,4.541443,3.7914429,2.011443,2.6414428,2.3714428,2.2914429,2.011443,1.8214428,1.4814429,0.74144286,-0.33855712,-0.20855713,-0.14855713,0.31144288,0.45144287,0.86144286,0.27144286,0.21144287,0.37144288,0.12144287,0.55144286,-0.26855713,-0.40855712,-0.44855714,0.63144284
1.8914429,2.4114428,3.261443,2.721443,3.3214428,4.6814427,6.2214427,6.881443,7.141443,5.561443,3.5514429,7.151443,5.441443,2.8314428,4.501443,4.0114427,3.721443,3.521443,2.3614428,2.471443,2.271443,1.7514429,1.3814429,1.6014428,0.8914429,0.69144285,-0.09855713,0.15144287,0.31144288,0.67144287,0.49144286,0.36144286,0.06144287,0.23144287,0.46144286,0.57144284,-0.47855714,-1.0485572,-0.62855715,-0.7785571,0.051442873
