wind.json
{"header": {"discipline":0,"disciplineName":"Meteorological products","gribEdition":2,"gribLength":1125,"center":7,"centerName":"US National Weather Service - NCEP(WMC)","subcenter":0,"refTime":"2023-06-29T00:00:00.000Z","significanceOfRT":1,"significanceOfRTName":"Start of forecast","productStatus":0,"productStatusName":"Operational products","productType":1,"productTypeName":"Forecast products","productDefinitionTemplate":0,"productDefinitionTemplateName":"Analysis/forecast at horizontal level/layer at a point in time","parameterCategory":2,"parameterCategoryName":"UnknownDiscipline_0_Category_2","parameterNumber":3,"parameterNumberName":"UnknownParameter_D0_C2_3","parameterUnit":"Unknown","genProcessType":2,"genProcessTypeName":"Forecast","forecastTime":0,"surface1Type":103,"surface1TypeName":"Specified height level above ground","surface1Value":10.0,"surface2Type":255,"surface2TypeName":"Missing","surface2Value":0.0,"gridDefinitionTemplate":0,"gridDefinitionTemplateName":"Latitude_Longitude","numberPoints":688,"shape":6,"shapeName":"Earth spherical with radius of 6,371,229.0 m","gridUnits":"degrees","resolution":48,"winds":"true","scanMode":64,"nx":43,"ny":16,"basicAngle":0,"lo1":45.0,"la1":40.0,"lo2":87.0,"la2":55.0,"dx":1.0,"dy":1.0}, "data":
[rows 0 to 15 of 16, columns 0 to 42 of 43]
-3.1938348,0.93616515,0.17616516,-1.5138348,0.7161652,-2.6038349,-4.213835,-3.033835,-1.9038348,2.1361651,0.50616515,2.666165,4.816165,2.206165,0.8461652,-0.85383487,-1.1238348,-1.0638348,-2.7138348,-4.8738346,-5.6038346,-2.1138349,-2.1738348,0.7761652,2.2861652,2.196165,1.5661652,-1.0838349,0.25616515,-1.8038348,-3.6838348,0.7761652,3.5161653,-0.70383483,6.506165,1.2361652,-2.1338348,-1.5338348,-1.0438348,-2.553835,0.22616516,0.61616516,-0.22383484
-0.15383483,1.2961651,0.42616516,-2.293835,0.55616516,-5.863835,-6.633835,-6.663835,-3.4038348,3.6461651,0.86616516,2.676165,1.9261651,1.8061652,1.1261652,0.30616516,-0.51383483,-2.1538348,-1.4338348,-2.263835,-3.823835,-1.5138348,-1.6738348,-2.1238348,1.8161652,0.44616517,-0.49383485,0.33616516,-1.0638348,2.1061652,1.1861652,-0.38383484,-2.6538348,-2.533835,1.2261652,2.0761652,-0.8438348,-3.273835,-1.0738349,-4.203835,-1.3238349,-4.093835,-1.0138348
-0.7738348,-0.9038348,5.0161653,1.3761652,-2.083835,-4.473835,-6.5038347,-7.653835,-8.393835,1.0861652,2.976165,3.8161652,1.4461652,0.07616516,0.34616515,1.0561652,-0.55383486,0.46616516,-0.46383485,-2.2438347,-5.423835,-5.0238347,-4.513835,-3.803835,-0.9638348,1.9161651,0.19616516,0.24616516,-1.8038348,2.2961652,0.9161652,1.7861651,1.9161651,2.3261652,-0.88383484,-2.3738348,-3.273835,-2.4538348,-2.583835,-5.703835,-3.4338348,-3.9338348,2.3161652
1.4761652,1.7661651,2.3061652,2.186165,-2.3638349,-4.033835,-5.743835,-5.943835,-8.093835,-4.163835,1.5861652,1.8761652,1.3561652,1.7261652,-0.5338348,0.95616513,0.98616517,0.6561652,-0.05383484,-2.023835,-3.783835,-5.203835,-4.3138347,-3.263835,-5.933835,-1.3238349,-0.9138348,0.45616516,1.1161652,0.61616516,0.8461652,1.2361652,1.4261651,-1.7138349,0.25616515,-0.56383485,-0.04383484,1.5561652,-0.22383484,-0.7238348,-0.38383484,-1.4238348,-1.7238349
1.4761652,0.64616513,0.42616516,0.63616514,-2.4338348,-4.323835,-3.3438349,-3.9438348,-4.553835,-3.5938349,-1.4238348,4.776165,2.426165,1.3261652,1.0361651,0.19616516,0.74616516,1.5261651,1.0561652,-0.67383486,-1.6438348,-3.6838348,-4.2338347,-2.9938347,-1.3138348,-1.9538349,-2.063835,-1.8938348,-1.5638348,-3.1638348,-1.7938348,-2.1838348,-2.333835,-2.9438348,0.40616515,0.88616514,-0.21383484,-2.1938348,-0.15383483,3.2761652,0.056165162,-1.0338348,0.79616517
1.3361652,0.75616515,0.37616515,-0.38383484,-1.3538349,-3.553835,-4.493835,-1.1138349,-2.4038348,-1.8338349,3.7561653,3.8961651,3.7461653,3.3861651,1.8661652,-0.41383484,-2.6438348,1.3861651,1.2861651,0.35616517,-1.0538348,-2.8538349,-3.2138348,-4.033835,-3.8838348,-1.0538348,0.066165164,-0.46383485,-0.75383484,-0.02383484,-0.5338348,-1.6638348,-2.6138349,-0.20383483,0.99616516,3.1261652,-0.79383487,-2.3538349,-3.333835,-0.37383485,-5.1238346,-4.6238346,-1.1138349
-1.2438349,-1.2338349,-1.5738349,-2.7538347,-4.993835,-3.773835,-2.6038349,-3.9238348,-0.9138348,-4.2338347,1.5961652,3.226165,3.946165,2.976165,1.8761652,0.92616516,-0.79383487,-1.1938348,1.6061652,0.82616514,-1.2538348,-1.1938348,-1.6938348,-1.7238349,-3.1738348,-2.7538347,-0.18383484,-0.25383484,-1.5338348,-2.9038348,-2.4238348,-1.8138348,-1.5938349,-2.583835,-2.533835,-2.3438349,2.3761652,-1.2138349,2.1061652,-1.7738348,-3.573835,-2.2538347,-0.76383483
-0.19383484,1.5961652,-1.1238348,-1.7238349,-2.513835,-2.6038349,-2.7438347,-1.9838349,2.2561653,0.73616517,2.5761652,4.216165,3.456165,3.1161652,3.5161653,2.6561651,1.6261652,-0.29383484,2.216165,3.196165,0.95616513,0.51616514,-2.263835,-0.88383484,-0.5838348,-1.8738348,-0.61383486,-0.29383484,-0.8438348,-2.9438348,-2.563835,-2.543835,-2.543835,-3.033835,-1.9438348,-2.573835,-1.7238349,-1.2738348,-1.2538348,-0.40383485,-1.3638349,-1.0438348,-1.0538348
0.47616518,2.426165,-0.6638348,-2.083835,-1.9438348,-1.2538348,-1.6538348,-1.0638348,0.066165164,1.9061651,2.0561652,1.1261652,3.2461653,3.8161652,2.9061651,1.7661651,0.9761652,3.0361652,1.9961652,3.2461653,2.3961651,0.5861652,-1.3238349,0.13616516,-1.2638348,-0.26383483,0.12616517,0.5861652,0.09616516,-0.9038348,-0.8438348,-1.3538349,-1.5238348,-2.6638348,-2.543835,-1.9638349,-0.67383486,-1.5238348,-4.1038346,-1.3138348,-0.04383484,2.0261652,-1.5338348
1.7161652,-0.003834839,-1.6938348,-1.9138348,-1.2538348,-1.7538348,1.2161652,-0.25383484,-0.76383483,-0.57383484,0.33616516,2.3361652,2.666165,3.2861652,2.706165,2.0561652,1.4961652,1.1161652,2.3961651,3.736165,1.5961652,0.016165162,2.436165,0.68616515,1.4661652,1.7561651,0.30616516,-0.51383483,1.3461652,1.0861652,0.93616515,0.50616515,-0.50383484,-0.36383483,1.2161652,-0.94383484,-0.79383487,-1.5138348,-2.793835,0.61616516,2.426165,-0.14383484,1.6661651
0.93616515,-1.0638348,-0.76383483,-2.533835,1.5261651,2.186165,2.3261652,1.4461652,0.15616517,-0.47383484,-0.31383485,0.86616516,-0.6538348,1.6161652,-0.9738348,-2.1838348,0.9761652,2.206165,2.456165,3.0361652,2.0161653,-1.2138349,2.5161653,1.9961652,1.5661652,1.3461652,0.87616515,0.88616514,1.2461652,1.3061652,1.0661652,1.3161652,1.1461651,0.0061651613,-0.44383484,-1.5138348,-0.7838348,1.0961652,1.1661651,0.75616515,3.5461652,3.5961652,1.7261652
1.2361652,-0.81383485,-0.57383484,-0.003834839,1.3761652,1.2661651,2.0261652,1.3161652,1.0061651,-0.08383484,-1.3638349,-0.62383485,2.2561653,2.976165,0.64616513,2.936165,1.5161651,2.196165,0.82616514,0.0061651613,0.37616515,-0.27383482,0.64616513,0.86616516,1.0861652,0.57616514,0.27616516,1.0361651,1.2061652,0.75616515,1.5561652,1.9661652,2.3261652,1.9061651,0.07616516,-0.30383483,0.7761652,0.74616516,1.6061652,1.4461652,3.696165,1.8261652,0.79616517
2.6361651,0.036165163,0.17616516,0.86616516,-0.46383485,0.46616516,1.9561652,0.29616517,-1.0538348,-0.50383484,-0.7738348,-0.51383483,-0.42383483,-1.0838349,-0.003834839,2.176165,1.4061651,1.8561652,1.2961651,-0.30383483,1.1961652,0.5361652,0.86616516,0.17616516,0.07616516,0.27616516,0.0061651613,-0.05383484,1.6461651,0.86616516,0.5861652,0.25616515,0.94616514,0.86616516,-0.24383484,-0.19383484,0.7161652,2.4961653,3.676165,3.926165,3.0961652,2.6361651,1.0361651
1.9561652,1.0661652,0.9161652,1.0161651,2.2461653,0.39616516,0.14616516,0.67616516,-0.23383483,-1.0938349,-0.9138348,0.62616515,0.08616516,-0.16383484,1.1161652,0.49616516,0.80616516,1.3661652,1.0461651,0.86616516,1.3961651,1.2461652,2.0561652,1.6961652,1.4561652,0.89616513,0.11616516,0.54616517,-0.13383484,-0.32383484,0.27616516,0.056165162,1.1561651,1.1661651,1.9261651,1.7661651,-1.9138348,0.26616517,2.8061652,3.2761652,5.6861653,4.9961653,3.9061651
2.2661653,1.3061652,1.6761651,1.4761652,1.1661651,1.7961651,0.29616517,-0.10383484,-0.003834839,0.27616516,0.67616516,1.0661652,2.0061653,0.6661652,-0.14383484,1.0061651,-0.013834839,0.27616516,0.45616516,1.1961652,1.5661652,1.6061652,1.5461651,1.6561651,2.216165,0.9161652,0.51616514,0.34616515,-0.40383485,0.016165162,0.0061651613,-0.60383487,-0.17383485,1.0661652,1.0861652,0.69616514,-2.1838348,-0.21383484,2.2661653,3.6561651,5.546165,4.616165,5.596165
2.3761652,1.8361652,0.9661652,1.9761652,1.0761652,1.4461652,1.1961652,1.1461651,0.61616516,1.6861652,0.30616516,0.9161652,1.8161652,2.446165,2.6061652,-0.08383484,0.92616516,0.8361652,0.27616516,-0.07383484,0.61616516,0.56616515,1.9161651,2.3161652,0.92616516,0.36616516,-0.29383484,-0.06383484,-0.013834839,-0.81383485,-0.74383485,-1.2138349,-1.4138348,-0.16383484,-0.22383484,-0.45383483,-2.053835,0.6061652,1.8061652,4.066165,4.256165,5.276165,4.6261654
