wind_kz.json
{"header": {"discipline":0,"disciplineName":"Meteorological products","gribEdition":2,"gribLength":1025,"center":7,"centerName":"US National Weather Service - NCEP(WMC)","subcenter":0,"refTime":"2024-04-09T00:00:00.000Z","significanceOfRT":1,"significanceOfRTName":"Start of forecast","productStatus":0,"productStatusName":"Operational products","productType":1,"productTypeName":"Forecast products","productDefinitionTemplate":0,"productDefinitionTemplateName":"Analysis/forecast at horizontal level/layer at a point in time","parameterCategory":2,"parameterCategoryName":"UnknownDiscipline_0_Category_2","parameterNumber":3,"parameterNumberName":"UnknownParameter_D0_C2_3","parameterUnit":"Unknown","genProcessType":2,"genProcessTypeName":"Forecast","forecastTime":0,"surface1Type":103,"surface1TypeName":"Specified height level above ground","surface1Value":10.0,"surface2Type":255,"surface2TypeName":"Missing","surface2Value":0.0,"gridDefinitionTemplate":0,"gridDefinitionTemplateName":"Latitude_Longitude","numberPoints":615,"shape":6,"shapeName":"Earth spherical with radius of 6,371,229.0 m","gridUnits":"degrees","resolution":48,"winds":"true","scanMode":64,"nx":41,"ny":15,"basicAngle":0,"lo1":47.0,"la1":41.0,"lo2":87.0,"la2":55.0,"dx":1.0,"dy":1.0}, "data":
[rows 0 to 14 of 15, columns 0 to 40 of 41]
-0.96740234,-0.10740235,2.9625976,3.4725976,-1.2574023,0.15259765,0.90259767,-0.8674023,-1.9974023,-3.3474023,-3.8074024,-3.2474024,-2.6974022,-2.8674023,-4.6774025,-5.787402,-6.5874023,-6.1074023,-7.3774023,-2.6974022,-1.5874023,-6.2774024,-5.9074025,-0.20740235,-0.20740235,-1.8074024,-1.2574023,1.8825977,3.0125976,4.1325974,-0.95740235,-1.5174023,0.6325977,-0.95740235,0.18259765,0.22259766,-0.25740233,-0.81740236,0.042597655,-0.16740234,-1.4474024
3.7825975,2.0625978,2.8125978,2.0825977,-1.6874024,-1.9774023,-1.1774024,0.25259766,-0.40740234,-1.2174023,-2.7174025,-3.2474024,-2.2274024,-2.9674025,-3.8774023,-4.5674024,-4.9174023,-4.497402,-5.8874025,-4.5974026,-6.0074024,-6.307402,-3.6974022,1.6325977,1.1625977,0.28259766,-2.6574023,2.8325977,1.0325977,2.2925978,7.482598,7.002598,-0.76740235,-0.64740235,-4.3874025,-0.51740235,-1.6974024,-2.8574023,-0.8074024,-0.47740233,0.26259765
2.0425978,4.0925975,2.5725977,1.2225976,0.42259765,0.91259766,0.21259765,-0.65740234,-1.0574024,-2.3874023,-3.3174024,-2.9674025,-2.5474024,-2.3374023,-2.3874023,-2.8974023,-3.5874023,-4.1974025,-4.5974026,-3.7374024,-0.77740234,1.6525977,-1.4574023,0.7625977,-0.88740236,-0.90740234,1.3125976,1.1925976,-1.0574024,0.23259765,4.6325974,3.2925978,3.2125976,-0.6074023,0.17259766,3.6525977,6.4025974,1.5525976,0.8925977,-1.4574023,0.85259765
1.3125976,2.4725976,0.81259763,0.50259763,0.47259766,0.47259766,-0.5474023,-0.46740234,-2.5574024,-2.4174023,-2.7674024,-3.4274023,-5.8474026,-7.037402,-3.4974024,-2.3474023,-2.8474023,-3.0174024,-3.0774024,-3.2774024,-3.5974023,-1.0174023,0.8225977,2.4925976,-1.0374024,-5.227402,-3.9174023,-3.0674024,-2.5374024,-3.3174024,-1.9774023,-0.5474023,-1.5674024,-0.35740235,-0.20740235,-2.7374024,-1.4274024,3.4225976,6.042598,2.9425976,1.4925977
1.1025977,1.2525977,1.3525977,0.84259766,0.48259765,0.49259767,-0.45740235,-0.12740235,-1.9574023,-0.9874023,-2.1274023,-2.2374024,-4.1674023,-5.6374025,-6.6274023,-3.6674023,-2.9474022,-2.8274024,-1.0674024,-2.3674023,-2.1974022,-2.5574024,-2.9374022,-2.5574024,1.0425977,-1.6174023,2.7525976,0.8825977,-1.8474023,-1.6474023,-3.3274024,0.23259765,2.8725977,3.3125978,-0.62740237,-1.4674023,1.0925976,-2.0374024,-0.81740236,1.6025977,2.4725976
2.5625978,1.6925976,1.0425977,0.40259767,-0.25740233,-0.047402345,-0.40740234,-1.0974023,-1.4274024,-0.53740233,-1.5374024,-1.1374023,-2.1874022,-2.9174023,-3.0874023,-3.1574023,-3.0474024,-2.6674023,-3.4974024,-2.7974024,-1.6574024,-0.93740237,-0.94740236,-1.4574023,-1.3774023,-1.1274023,-0.12740235,3.3125978,2.9925976,2.0125976,-1.0474024,-1.7574023,-3.5074024,0.98259765,3.1425977,8.0725975,4.2625976,4.462598,-0.78740233,-2.1074023,3.1125977
2.6625977,2.2325976,1.8725977,2.0925977,1.5825976,1.1525977,-0.20740235,-0.27740234,1.1525977,0.5225977,-0.51740235,-0.44740236,-1.7274023,-1.6074023,-0.82740235,-2.1074023,-2.0674024,-1.8674023,-1.8774023,-1.6574024,-1.3674023,-1.2474023,-1.1074023,-0.49740234,-0.27740234,-1.2374023,-0.52740234,-0.7974023,3.6525977,3.6425977,2.3825977,2.5725977,1.6025977,-3.4774024,0.79259765,0.61259764,-1.1374023,2.2525976,1.5525976,1.2425977,1.7225976
2.3425977,2.9125977,2.9325976,2.6725976,2.3825977,1.5725976,1.1625977,1.0525976,1.1325977,0.11259766,-0.34740233,-0.5474023,-1.8174024,-1.4974023,-0.94740236,-0.63740236,-0.9774023,-0.46740234,-1.8074024,-1.1674024,-2.0674024,-1.4474024,-0.52740234,0.13259766,1.3525977,2.1825976,1.2125976,-1.7074023,-0.15740234,2.0525978,2.5425978,2.5825977,2.2425976,4.5525975,3.5625978,0.29259765,1.0825976,1.6825976,-1.3674023,-0.21740234,-2.3474023
2.3825977,2.9525976,3.1525977,2.1025977,2.3225977,1.8225976,1.4625976,0.96259767,0.5225977,0.5225977,-0.36740234,-0.77740234,-2.0174024,-0.62740237,-1.2674023,-0.6174023,-1.0374024,-0.077402346,-0.20740235,0.32259765,-0.83740234,-1.9274024,-3.8974023,-2.5274024,1.2225976,1.9125977,2.1525977,2.0025976,3.2325976,2.5725977,3.1125977,4.292598,4.442598,3.7425976,4.0125976,2.4725976,-2.1774023,2.9625976,2.3425977,1.7925977,-1.7074023
2.2025976,2.1525977,2.0125976,2.3725977,2.7125976,2.4825976,2.3825977,2.0325975,1.9025977,2.0825977,1.9325976,1.1925976,1.2525977,-0.49740234,-0.84740233,-1.0874023,-0.70740235,-0.49740234,-0.24740234,-0.62740237,-1.6974024,-0.7974023,-1.3874023,-4.2774024,-3.5174024,0.21259765,1.0625976,1.4125977,1.5725976,3.2625976,2.8525977,3.7125976,4.6425977,4.1425977,4.8725977,3.2825975,0.86259764,-2.1474023,0.60259765,3.7725976,3.9825976
1.5425977,1.5625976,1.3025976,0.9425976,1.7325977,2.3825977,3.1525977,3.2425976,2.8025978,2.8725977,2.2825975,2.1025977,0.34259766,-0.047402345,-0.9874023,-0.8674023,-1.0574024,-0.5474023,-1.1574024,-0.95740235,-0.43740234,-0.59740233,-0.51740235,-1.8674023,-2.6874022,-2.0674024,-0.96740234,-1.0774024,1.4425976,2.0525978,2.8525977,2.2025976,3.8825977,4.1425977,3.8225977,8.812597,3.8425977,3.0925977,2.4225976,1.7025976,0.39259765
-0.23740235,0.34259766,0.71259767,0.75259763,0.56259763,0.97259766,0.8225977,1.7725977,2.1525977,1.9725976,2.4525976,1.4225976,2.6025977,1.7825977,1.1225977,0.31259766,-0.027402343,0.25259766,0.62259763,-0.21740234,-1.0774024,-1.3974023,-0.46740234,-0.70740235,-1.1174023,-2.6974022,-4.477402,-1.5074023,-1.5474024,1.0725976,2.2725976,3.7225976,3.5325975,4.4525976,3.1725976,8.862597,7.6625977,3.2825975,3.0825977,2.7425976,1.3225976
-0.32740235,0.13259766,0.17259766,-0.037402343,-0.0074023437,0.27259767,0.99259764,1.8125976,2.1825976,3.0025976,1.5325977,0.74259764,2.9025977,2.7625976,2.5125976,1.1625977,1.2525977,1.6225977,1.0725976,0.99259764,0.49259767,-0.5474023,-1.2374023,-0.42740235,-2.1374023,-2.3274024,-4.037402,-4.5274024,-4.727402,-2.4574022,0.80259764,2.4325976,2.9525976,3.3825977,3.5025976,2.2725976,3.6625977,1.9825977,3.6725976,2.7025976,1.0025977
-0.06740234,-0.16740234,-1.6074023,0.21259765,-0.99740237,-0.69740236,-0.37740234,-0.56740236,0.71259767,2.5525978,1.7825977,0.68259764,2.9725976,4.462598,3.7625976,3.3125978,2.7725976,1.9325976,1.2725977,1.5525976,0.79259765,0.14259766,-1.0274024,-1.6574024,-1.3974023,-0.38740236,-1.2474023,-2.7574024,-2.8474023,-3.6474023,-2.8774023,0.98259765,2.5425978,2.8825977,1.8625977,1.2625977,1.9825977,1.0125977,1.3525977,2.2225976,1.4325976
-0.74740237,-1.5474024,-1.3674023,-0.70740235,-1.1674024,-0.6174023,-1.0374024,-1.4774023,-2.1974022,-1.0674024,2.5525978,2.1825976,1.0325977,1.7125976,3.4125977,3.8825977,2.5325975,2.2725976,1.9525976,1.6725976,1.2025976,1.2125976,-0.0074023437,-1.0674024,-0.64740235,0.5125977,0.65259767,-1.1474023,-1.6974024,-0.8574023,-2.0774024,0.11259766,2.0225976,2.5325975,2.6925976,1.9925977,1.9925977,2.1125977,1.0425977,0.72259766,0.8325977
