wind_kz.json
{"header": {"discipline":0,"disciplineName":"Meteorological products","gribEdition":2,"gribLength":871,"center":7,"centerName":"US National Weather Service - NCEP(WMC)","subcenter":0,"refTime":"2023-09-19T18:00:00.000Z","significanceOfRT":1,"significanceOfRTName":"Start of forecast","productStatus":0,"productStatusName":"Operational products","productType":1,"productTypeName":"Forecast products","productDefinitionTemplate":0,"productDefinitionTemplateName":"Analysis/forecast at horizontal level/layer at a point in time","parameterCategory":0,"parameterCategoryName":"UnknownDiscipline_0_Category_0","parameterNumber":0,"parameterNumberName":"UnknownParameter_D0_C0_0","parameterUnit":"Unknown","genProcessType":2,"genProcessTypeName":"Forecast","forecastTime":120,"surface1Type":1,"surface1TypeName":"Ground or water surface","surface1Value":0.0,"surface2Type":255,"surface2TypeName":"Missing","surface2Value":0.0,"gridDefinitionTemplate":0,"gridDefinitionTemplateName":"Latitude_Longitude","numberPoints":615,"shape":6,"shapeName":"Earth spherical with radius of 6,371,229.0 m","gridUnits":"degrees","resolution":48,"winds":"true","scanMode":64,"nx":41,"ny":15,"basicAngle":0,"lo1":47.0,"la1":41.0,"lo2":87.0,"la2":55.0,"dx":1.0,"dy":1.0}, "data":
[rows 0 to 14 of 15, columns 0 to 40 of 41]
292.544,282.94403,288.34402,294.44403,294.544,294.144,295.34402,295.84402,293.44403,292.644,292.24402,293.34402,293.34402,293.644,293.34402,291.74402,292.94403,292.74402,291.644,292.44403,293.34402,290.144,287.34402,284.544,286.94403,287.84402,285.144,272.544,270.44403,270.044,272.044,271.144,282.44403,287.74402,288.644,288.34402,288.34402,288.544,288.24402,287.44403,287.644
274.94403,286.84402,294.34402,294.44403,294.044,292.44403,294.644,292.94403,291.34402,291.644,293.144,291.94403,291.74402,291.644,291.544,291.34402,292.644,292.144,290.24402,290.044,291.24402,292.144,289.144,282.24402,272.144,272.24402,281.144,271.44403,274.544,265.84402,272.94403,267.144,274.644,252.54402,262.94403,284.84402,283.044,285.84402,287.94403,281.34402,283.84402
289.74402,293.144,294.34402,293.94403,291.74402,294.44403,292.74402,292.24402,290.644,290.34402,289.544,290.74402,290.044,291.34402,293.544,290.644,289.24402,287.74402,288.74402,289.24402,293.144,290.74402,289.644,283.34402,287.44403,285.644,286.544,284.94403,283.84402,276.34402,264.34402,269.34402,274.74402,274.24402,276.94403,277.144,271.34402,273.24402,271.144,264.644,265.94403
292.84402,293.144,294.34402,292.94403,292.44403,291.94403,292.544,291.34402,291.44403,290.84402,289.94403,289.644,291.94403,291.34402,292.644,291.34402,290.84402,288.24402,288.044,286.74402,289.34402,283.94403,287.84402,287.144,286.34402,287.544,288.044,285.74402,283.144,284.144,283.644,280.044,284.84402,285.644,282.644,278.44403,265.84402,256.24402,267.74402,280.144,281.74402
292.24402,292.144,293.24402,292.24402,292.044,291.94403,292.84402,293.24402,292.34402,291.644,290.94403,289.74402,290.84402,289.74402,288.144,290.144,289.74402,288.74402,287.74402,289.34402,289.144,289.044,286.84402,286.74402,285.74402,285.044,283.544,286.044,283.44403,283.94403,285.34402,282.144,271.644,262.24402,274.44403,283.144,286.24402,282.34402,282.544,283.144,284.044
290.74402,288.84402,291.24402,291.044,291.94403,291.144,293.044,294.544,292.84402,292.544,292.144,291.34402,290.544,290.644,289.544,288.544,290.44403,288.644,289.24402,289.044,287.84402,287.544,287.044,286.544,285.144,282.84402,283.44403,288.34402,284.94403,285.34402,283.544,285.24402,282.94403,279.94403,277.044,283.144,270.644,273.144,279.644,281.44403,282.24402
289.74402,288.84402,291.84402,292.044,291.84402,292.644,293.84402,293.044,293.644,293.24402,290.44403,290.044,288.84402,288.24402,287.74402,289.044,288.94403,289.644,288.24402,287.24402,286.24402,286.44403,285.84402,285.44403,283.84402,283.544,283.044,283.544,282.74402,283.044,282.74402,282.34402,281.94403,281.544,279.74402,277.84402,271.84402,268.34402,265.544,266.644,277.644
289.74402,288.94403,291.84402,292.94403,294.044,294.34402,294.24402,293.044,291.84402,291.34402,289.74402,288.84402,287.044,287.044,287.34402,287.74402,287.144,288.34402,288.044,285.144,284.44403,283.84402,283.544,283.044,281.644,279.144,279.144,279.94403,279.24402,280.74402,279.644,279.74402,277.544,275.144,275.144,276.74402,277.84402,287.544,277.44403,277.74402,275.144
289.84402,289.84402,291.644,291.24402,293.24402,292.94403,292.644,292.44403,294.544,290.24402,287.84402,287.144,285.34402,285.644,285.24402,286.044,286.144,286.24402,285.74402,284.644,282.34402,281.94403,282.34402,281.84402,280.24402,280.044,278.144,277.544,277.34402,278.34402,278.94403,278.84402,276.044,276.84402,276.24402,275.44403,276.144,274.144,265.644,264.94403,257.84402
289.44403,290.84402,291.34402,291.144,291.644,291.84402,291.84402,291.34402,293.44403,291.74402,286.544,286.24402,286.044,284.44403,284.144,284.24402,284.84402,285.044,284.94403,284.644,283.144,282.544,282.94403,282.34402,282.34402,280.044,282.94403,282.84402,281.544,281.144,280.74402,281.24402,280.044,279.74402,278.84402,276.544,274.144,270.94403,271.24402,266.34402,264.34402
289.144,289.34402,290.44403,290.34402,290.644,291.044,291.044,290.94403,292.94403,291.74402,290.44403,289.644,285.94403,284.94403,283.44403,283.644,283.84402,284.34402,284.34402,283.84402,283.44403,281.94403,281.84402,281.74402,280.84402,281.044,282.544,283.544,283.74402,283.44403,283.044,283.44403,282.24402,281.544,280.84402,277.74402,270.94403,266.544,267.84402,265.34402,260.74402
287.144,289.044,289.84402,290.24402,289.94403,289.544,288.34402,287.544,287.144,287.24402,288.84402,287.84402,284.544,284.144,283.644,282.644,283.34402,283.544,283.44403,283.44403,281.94403,281.24402,280.644,280.644,280.144,280.74402,283.644,284.84402,284.544,283.94403,281.94403,281.94403,280.94403,280.044,279.24402,278.94403,277.94403,275.044,271.94403,273.044,273.44403
287.24402,287.044,289.24402,288.94403,289.544,289.144,287.44403,286.94403,284.644,283.044,283.044,281.74402,284.644,283.34402,283.74402,283.84402,283.44403,282.74402,283.34402,282.24402,281.24402,280.44403,279.84402,279.24402,280.84402,280.94403,282.544,282.34402,283.644,282.544,281.74402,280.84402,280.44403,280.044,278.644,278.544,276.84402,275.044,273.44403,274.44403,272.94403
286.044,288.044,287.644,288.544,288.34402,292.044,287.44403,286.84402,285.544,283.34402,282.144,280.544,281.34402,283.544,284.144,284.44403,284.044,283.044,282.544,282.644,282.34402,281.94403,282.74402,282.144,282.34402,281.74402,281.34402,281.544,283.144,281.644,280.74402,279.74402,279.24402,277.644,277.24402,276.644,274.84402,271.94403,272.144,270.24402,271.44403
286.84402,288.24402,287.044,287.94403,288.74402,287.74402,290.74402,286.74402,286.34402,284.34402,283.644,280.44403,281.24402,281.044,281.94403,282.94403,282.94403,282.84402,282.84402,283.044,283.544,283.44403,283.644,283.24402,282.84402,282.34402,281.24402,282.144,281.84402,280.544,279.94403,281.44403,278.44403,277.24402,275.94403,276.044,273.74402,270.74402,270.74402,271.44403,272.44403
