wind_kz.json
{"header": {"discipline":0,"disciplineName":"Meteorological products","gribEdition":2,"gribLength":871,"center":7,"centerName":"US National Weather Service - NCEP(WMC)","subcenter":0,"refTime":"2023-09-29T12:00:00.000Z","significanceOfRT":1,"significanceOfRTName":"Start of forecast","productStatus":0,"productStatusName":"Operational products","productType":1,"productTypeName":"Forecast products","productDefinitionTemplate":0,"productDefinitionTemplateName":"Analysis/forecast at horizontal level/layer at a point in time","parameterCategory":0,"parameterCategoryName":"UnknownDiscipline_0_Category_0","parameterNumber":0,"parameterNumberName":"UnknownParameter_D0_C0_0","parameterUnit":"Unknown","genProcessType":2,"genProcessTypeName":"Forecast","forecastTime":240,"surface1Type":1,"surface1TypeName":"Ground or water surface","surface1Value":0.0,"surface2Type":255,"surface2TypeName":"Missing","surface2Value":0.0,"gridDefinitionTemplate":0,"gridDefinitionTemplateName":"Latitude_Longitude","numberPoints":615,"shape":6,"shapeName":"Earth spherical with radius of 6,371,229.0 m","gridUnits":"degrees","resolution":48,"winds":"true","scanMode":64,"nx":41,"ny":15,"basicAngle":0,"lo1":47.0,"la1":41.0,"lo2":87.0,"la2":55.0,"dx":1.0,"dy":1.0}, "data":
[rows 0 to 14 of 15, columns 0 to 40 of 41]
293.3389,281.2389,286.53888,293.1389,292.8389,292.03888,295.6389,298.53888,296.4389,296.8389,295.7389,295.8389,295.8389,295.9389,295.9389,294.7389,296.2389,295.9389,299.3389,299.2389,301.1389,299.8389,299.7389,294.1389,297.9389,300.1389,294.1389,281.7389,280.6389,276.8389,276.53888,276.53888,287.53888,293.7389,293.9389,293.1389,292.1389,293.2389,294.1389,294.3389,292.6389
270.2389,289.6389,292.8389,292.9389,292.8389,291.3389,297.1389,294.3389,293.2389,293.1389,293.8389,293.2389,293.6389,293.8389,293.1389,292.2389,292.9389,295.6389,295.6389,296.8389,297.2389,297.8389,295.8389,285.03888,274.8389,277.9389,287.9389,281.4389,282.8389,274.7389,282.03888,270.2389,279.3389,251.3389,275.2389,290.6389,288.03888,291.2389,293.3389,286.8389,284.4389
294.6389,292.3389,292.6389,292.03888,290.4389,294.4389,292.53888,292.03888,291.8389,290.8389,290.03888,290.8389,290.3389,290.1389,289.7389,290.6389,291.2389,291.2389,291.7389,293.3389,294.7389,294.7389,294.8389,289.03888,291.3389,290.53888,293.1389,293.2389,291.9389,284.2389,273.53888,277.2389,282.2389,282.7389,285.4389,284.53888,275.8389,277.9389,280.3389,274.2389,272.7389
294.03888,291.4389,292.1389,291.2389,291.4389,293.03888,290.53888,291.2389,291.2389,290.53888,289.8389,289.1389,289.3389,288.7389,288.03888,288.2389,289.03888,289.8389,290.7389,289.9389,289.8389,288.1389,292.3389,294.53888,293.2389,292.4389,294.03888,291.2389,291.4389,292.4389,293.3389,291.2389,296.4389,294.03888,291.53888,285.8389,276.03888,267.6389,280.2389,287.9389,290.53888
295.8389,290.6389,291.1389,290.2389,291.53888,292.3389,292.03888,291.6389,289.6389,289.03888,289.03888,288.03888,288.1389,287.03888,285.7389,287.6389,288.4389,287.4389,286.9389,288.1389,288.4389,288.8389,288.7389,292.53888,293.03888,291.7389,289.4389,289.8389,290.53888,291.7389,295.53888,293.53888,280.2389,271.3389,282.6389,290.1389,291.2389,293.7389,294.1389,294.9389,293.9389
295.03888,293.7389,289.4389,290.2389,290.2389,289.6389,291.2389,290.9389,289.8389,288.8389,288.3389,287.9389,287.7389,287.8389,287.2389,285.8389,287.4389,286.4389,286.6389,286.8389,285.9389,285.6389,285.3389,285.53888,286.4389,288.2389,291.2389,286.4389,290.8389,290.7389,292.1389,294.2389,292.3389,293.03888,291.9389,291.9389,286.4389,285.9389,290.8389,292.4389,292.2389
294.03888,293.8389,293.6389,293.4389,291.4389,291.53888,291.6389,289.8389,289.3389,288.6389,287.53888,286.53888,285.7389,285.7389,285.4389,285.8389,285.4389,285.9389,285.4389,284.6389,284.2389,284.7389,284.9389,283.53888,282.3389,284.1389,285.9389,287.9389,290.2389,290.1389,289.03888,289.6389,292.03888,293.7389,292.8389,290.8389,286.2389,282.1389,280.1389,278.3389,287.53888
292.6389,292.7389,292.6389,292.2389,291.4389,291.1389,290.53888,288.7389,287.3389,286.7389,285.8389,285.03888,284.4389,284.03888,284.6389,284.7389,284.1389,284.3389,283.8389,281.9389,282.2389,282.53888,283.1389,282.3389,281.3389,279.3389,280.4389,283.9389,285.4389,287.7389,286.1389,288.2389,286.9389,288.03888,290.1389,291.3389,292.1389,284.9389,290.6389,289.6389,284.8389
292.9389,291.7389,291.4389,288.3389,286.9389,285.9389,284.2389,283.3389,283.1389,284.3389,283.2389,282.2389,281.4389,282.4389,281.2389,282.53888,282.4389,282.2389,281.6389,280.7389,278.6389,279.7389,281.1389,280.7389,279.1389,279.3389,278.3389,278.03888,281.9389,281.53888,282.9389,285.9389,288.2389,288.3389,291.53888,287.4389,288.03888,287.4389,277.03888,274.03888,270.6389
292.03888,289.4389,288.2389,286.03888,283.6389,282.03888,282.2389,282.8389,282.8389,282.4389,281.03888,278.7389,279.4389,279.4389,278.53888,279.2389,280.4389,280.4389,280.4389,280.53888,279.1389,279.2389,280.2389,280.3389,280.3389,278.8389,278.6389,279.03888,278.4389,281.8389,284.1389,286.8389,288.6389,289.8389,290.9389,290.2389,286.4389,282.1389,277.1389,278.03888,274.2389
291.1389,290.03888,284.4389,282.2389,283.2389,284.4389,283.4389,282.1389,281.03888,279.7389,278.7389,278.03888,279.03888,277.7389,277.6389,278.53888,278.7389,279.8389,279.53888,278.7389,279.03888,279.53888,279.4389,279.53888,279.1389,279.4389,277.4389,280.53888,281.03888,280.7389,282.7389,287.4389,288.1389,292.53888,292.9389,290.1389,284.6389,280.8389,280.8389,280.2389,277.4389
289.3389,285.53888,283.2389,283.2389,283.3389,279.4389,279.03888,279.7389,279.9389,279.8389,276.4389,276.6389,277.9389,276.8389,277.4389,278.03888,278.03888,278.1389,278.2389,278.2389,277.4389,277.2389,277.6389,277.9389,277.3389,278.8389,278.8389,279.9389,281.7389,282.4389,280.1389,284.1389,286.7389,287.7389,291.6389,290.7389,290.3389,288.03888,286.2389,285.53888,283.4389
284.8389,282.3389,282.6389,282.03888,279.8389,279.9389,281.3389,278.8389,278.6389,277.6389,274.4389,273.3389,277.1389,276.03888,277.4389,277.6389,277.3389,276.8389,277.6389,276.7389,276.8389,276.2389,275.9389,275.53888,277.3389,278.53888,279.6389,278.8389,279.7389,280.9389,281.6389,281.7389,285.8389,287.9389,289.8389,290.3389,287.4389,288.4389,285.4389,284.03888,284.2389
282.03888,280.53888,283.6389,281.1389,281.53888,281.2389,279.6389,277.7389,278.1389,277.53888,273.6389,271.9389,274.9389,275.9389,276.3389,276.9389,275.7389,275.9389,276.2389,276.1389,276.2389,276.6389,276.9389,277.4389,277.9389,278.4389,277.9389,279.53888,278.1389,279.53888,281.4389,280.8389,283.8389,286.9389,288.2389,287.8389,286.03888,285.3389,285.7389,283.9389,283.8389
280.7389,279.8389,284.1389,281.8389,281.53888,280.3389,278.9389,277.53888,278.03888,277.9389,276.7389,274.4389,272.3389,274.3389,275.1389,276.2389,276.1389,275.53888,275.4389,275.03888,275.4389,275.6389,275.7389,275.4389,275.7389,276.4389,276.9389,277.8389,278.2389,278.4389,279.7389,281.6389,282.03888,285.7389,288.2389,286.6389,287.2389,286.53888,285.03888,284.53888,284.2389
