wind_kz.json
{"header": {"discipline":0,"disciplineName":"Meteorological products","gribEdition":2,"gribLength":871,"center":7,"centerName":"US National Weather Service - NCEP(WMC)","subcenter":0,"refTime":"2023-08-21T00:00:00.000Z","significanceOfRT":1,"significanceOfRTName":"Start of forecast","productStatus":0,"productStatusName":"Operational products","productType":1,"productTypeName":"Forecast products","productDefinitionTemplate":0,"productDefinitionTemplateName":"Analysis/forecast at horizontal level/layer at a point in time","parameterCategory":0,"parameterCategoryName":"UnknownDiscipline_0_Category_0","parameterNumber":0,"parameterNumberName":"UnknownParameter_D0_C0_0","parameterUnit":"Unknown","genProcessType":2,"genProcessTypeName":"Forecast","forecastTime":240,"surface1Type":1,"surface1TypeName":"Ground or water surface","surface1Value":0.0,"surface2Type":255,"surface2TypeName":"Missing","surface2Value":0.0,"gridDefinitionTemplate":0,"gridDefinitionTemplateName":"Latitude_Longitude","numberPoints":615,"shape":6,"shapeName":"Earth spherical with radius of 6,371,229.0 m","gridUnits":"degrees","resolution":48,"winds":"true","scanMode":64,"nx":41,"ny":15,"basicAngle":0,"lo1":47.0,"la1":41.0,"lo2":87.0,"la2":55.0,"dx":1.0,"dy":1.0}, "data":
[rows 0 to 14 of 15, columns 0 to 40 of 41]
294.6856,287.1856,291.4856,298.9856,298.5856,297.4856,297.8856,297.6856,297.1856,297.4856,295.9856,297.6856,296.8856,295.8856,295.3856,293.8856,293.9856,293.8856,293.3856,293.78558,292.5856,289.1856,290.28558,289.1856,290.5856,291.28558,290.0856,278.4856,277.6856,276.78558,275.78558,275.9856,287.1856,293.9856,294.8856,294.3856,294.28558,295.6856,295.9856,296.0856,295.78558
275.1856,293.1856,298.9856,298.8856,298.5856,297.28558,297.5856,296.5856,296.5856,295.6856,297.0856,296.28558,294.3856,293.1856,294.78558,294.4856,289.8856,293.0856,293.8856,292.4856,292.28558,292.6856,291.9856,286.9856,274.78558,275.0856,285.28558,274.4856,279.0856,273.6856,278.9856,271.28558,279.28558,258.78558,276.6856,292.6856,291.6856,294.4856,296.6856,289.5856,283.9856
292.8856,298.4856,299.0856,298.9856,297.28558,297.1856,297.3856,296.5856,296.5856,295.9856,294.28558,293.5856,292.8856,292.9856,294.6856,292.8856,294.8856,293.9856,291.6856,293.78558,293.6856,297.4856,296.5856,288.9856,289.78558,289.5856,289.4856,288.6856,288.5856,281.5856,273.4856,275.3856,280.4856,279.9856,281.3856,283.3856,276.28558,277.1856,278.3856,275.4856,275.28558
293.5856,299.4856,298.9856,297.9856,295.9856,296.0856,296.28558,297.3856,297.0856,294.28558,293.6856,293.1856,295.1856,294.4856,293.4856,292.78558,293.8856,292.78558,293.8856,294.4856,294.1856,290.28558,292.3856,294.4856,294.3856,294.1856,294.8856,293.78558,289.5856,288.28558,287.8856,290.28558,293.0856,289.8856,288.6856,286.9856,275.8856,275.0856,279.4856,287.5856,291.4856
293.3856,298.78558,298.9856,298.5856,297.0856,296.0856,296.8856,296.5856,296.3856,295.78558,294.3856,292.3856,295.0856,293.78558,291.3856,294.8856,294.4856,293.78558,293.0856,294.5856,294.78558,294.4856,293.1856,292.9856,293.3856,293.0856,291.78558,292.28558,292.6856,292.4856,293.6856,289.28558,280.78558,270.1856,280.8856,290.0856,291.6856,293.4856,293.6856,294.0856,293.3856
292.9856,293.1856,297.28558,297.9856,298.4856,298.0856,298.4856,296.8856,296.1856,295.28558,295.28558,294.9856,294.28558,294.4856,294.0856,294.3856,295.8856,294.9856,295.28558,295.0856,294.28558,293.4856,292.5856,292.9856,291.9856,291.8856,291.4856,293.0856,293.5856,294.28558,292.5856,293.0856,291.1856,288.78558,288.1856,289.9856,283.8856,285.8856,291.9856,293.0856,292.0856
293.5856,292.8856,295.0856,296.1856,296.78558,295.4856,296.3856,295.78558,295.8856,296.5856,295.0856,294.28558,293.5856,293.9856,292.6856,294.9856,295.1856,295.6856,295.1856,293.8856,293.1856,293.3856,293.0856,292.9856,292.0856,292.28558,291.5856,292.8856,292.3856,292.6856,292.5856,292.78558,291.9856,292.4856,290.4856,288.6856,285.8856,282.0856,278.4856,277.78558,289.1856
293.1856,292.4856,295.4856,295.4856,297.5856,297.0856,297.6856,296.4856,295.78558,295.28558,295.0856,294.5856,293.28558,294.8856,294.8856,295.3856,294.6856,294.78558,294.0856,291.78558,291.8856,291.9856,291.0856,290.8856,289.3856,285.9856,286.9856,288.4856,287.5856,290.1856,288.78558,289.9856,287.9856,285.4856,284.5856,287.6856,288.9856,289.28558,286.1856,287.28558,285.4856
293.1856,292.1856,293.1856,292.6856,295.6856,295.9856,295.9856,297.0856,295.78558,294.8856,293.6856,293.6856,292.8856,293.6856,293.1856,293.4856,292.6856,292.3856,291.6856,290.8856,288.8856,289.1856,289.78558,290.3856,286.5856,287.5856,285.0856,283.9856,283.78558,282.3856,283.78558,285.1856,286.6856,288.5856,286.8856,286.6856,286.5856,286.78558,274.78558,277.0856,275.0856
293.9856,295.5856,294.3856,294.1856,294.4856,294.8856,294.78558,294.78558,294.8856,294.78558,293.28558,292.78558,292.28558,291.4856,291.3856,291.1856,290.9856,290.6856,290.3856,289.8856,288.3856,288.1856,289.1856,289.1856,288.78558,287.28558,285.1856,284.78558,284.4856,283.28558,282.6856,285.78558,287.8856,288.0856,287.4856,286.0856,286.0856,285.1856,282.8856,279.78558,277.5856
294.3856,295.0856,294.6856,294.28558,292.8856,294.28558,295.28558,294.8856,293.8856,292.4856,290.8856,290.6856,291.28558,290.1856,289.4856,289.3856,288.78558,288.8856,288.78558,287.5856,287.4856,287.28558,287.1856,286.9856,287.28558,286.6856,287.78558,286.5856,286.5856,285.4856,285.4856,285.1856,285.5856,285.9856,285.1856,283.3856,285.78558,282.4856,283.28558,282.5856,281.3856
291.8856,293.28558,294.9856,294.78558,293.9856,293.28558,291.78558,291.8856,291.28558,290.78558,288.1856,288.1856,289.0856,288.5856,288.1856,287.6856,287.3856,286.6856,286.0856,285.6856,285.0856,284.78558,285.0856,285.78558,285.3856,286.78558,289.1856,288.9856,286.78558,286.6856,284.28558,284.78558,284.6856,283.9856,284.0856,283.3856,283.8856,285.5856,287.0856,283.9856,285.3856
291.8856,291.9856,291.28558,290.6856,292.5856,292.4856,290.8856,290.6856,288.78558,288.5856,286.6856,285.28558,287.4856,287.28558,287.0856,286.3856,285.6856,285.0856,285.0856,283.6856,283.28558,282.1856,282.0856,282.6856,284.78558,287.1856,287.1856,285.0856,286.78558,285.3856,282.3856,281.78558,281.8856,282.28558,283.1856,284.0856,285.8856,286.0856,285.78558,285.28558,284.3856
289.78558,290.78558,290.4856,291.0856,289.4856,289.0856,288.78558,288.8856,287.78558,287.28558,286.3856,283.1856,283.3856,285.78558,285.6856,284.9856,284.1856,283.28558,282.9856,282.5856,282.4856,282.1856,283.1856,283.6856,285.9856,285.9856,286.4856,283.8856,283.8856,281.4856,280.6856,279.4856,278.6856,279.3856,280.4856,280.78558,281.5856,283.78558,284.0856,283.8856,284.9856
289.1856,290.3856,290.6856,288.9856,288.8856,288.1856,287.78558,287.6856,287.4856,286.6856,286.3856,285.28558,285.3856,283.0856,284.4856,285.6856,283.78558,285.3856,285.6856,285.1856,285.0856,284.4856,281.8856,281.4856,281.6856,284.8856,284.8856,284.28558,281.1856,281.5856,281.3856,283.5856,281.1856,281.1856,278.8856,282.28558,283.3856,282.9856,283.8856,283.9856,283.8856
