wind_kz.json
{"header": {"discipline":0,"disciplineName":"Meteorological products","gribEdition":2,"gribLength":1102,"center":7,"centerName":"US National Weather Service - NCEP(WMC)","subcenter":0,"refTime":"2023-08-06T12:00:00.000Z","significanceOfRT":1,"significanceOfRTName":"Start of forecast","productStatus":0,"productStatusName":"Operational products","productType":1,"productTypeName":"Forecast products","productDefinitionTemplate":0,"productDefinitionTemplateName":"Analysis/forecast at horizontal level/layer at a point in time","parameterCategory":2,"parameterCategoryName":"UnknownDiscipline_0_Category_2","parameterNumber":2,"parameterNumberName":"UnknownParameter_D0_C2_2","parameterUnit":"Unknown","genProcessType":2,"genProcessTypeName":"Forecast","forecastTime":0,"surface1Type":103,"surface1TypeName":"Specified height level above ground","surface1Value":10.0,"surface2Type":255,"surface2TypeName":"Missing","surface2Value":0.0,"gridDefinitionTemplate":0,"gridDefinitionTemplateName":"Latitude_Longitude","numberPoints":615,"shape":6,"shapeName":"Earth spherical with radius of 6,371,229.0 m","gridUnits":"degrees","resolution":48,"winds":"true","scanMode":64,"nx":41,"ny":15,"basicAngle":0,"lo1":47.0,"la1":41.0,"lo2":87.0,"la2":55.0,"dx":1.0,"dy":1.0}, "data":
[rows 0 to 14 of 15, columns 0 to 40 of 41]
-1.0070361,2.142964,-4.417036,-3.927036,-2.0770361,2.2429638,5.922964,-0.57703614,-1.3570361,0.56296384,0.8829639,-0.31703612,4.082964,4.8029637,6.3829637,4.702964,2.5129638,3.062964,4.082964,2.5129638,2.292964,0.6529639,3.7729638,7.5329638,6.192964,4.752964,5.5329638,6.8229637,3.1529639,0.86296386,5.582964,-1.2970362,6.042964,6.1129637,9.442964,0.31296387,1.4429638,1.5629638,2.5329638,-1.0770361,-0.027036132
0.27296388,-5.897036,-5.377036,-2.5370362,-0.017036133,4.752964,-5.377036,-4.4470363,-2.617036,-0.45703614,1.0029639,2.562964,4.102964,1.6629639,3.7129638,3.1929638,6.852964,6.5529637,4.8229637,3.9729638,2.832964,5.662964,0.24296387,-2.857036,2.892964,2.322964,1.0029639,3.042964,2.7329638,0.8429639,0.5829639,0.5229639,-1.9270362,1.7729639,-0.62703615,1.4129639,-1.4770361,-2.137036,1.2729639,-0.28703612,-0.70703614
-9.047036,-6.757036,-5.0970364,-0.89703614,2.6729639,-2.2970362,-2.8170362,-1.0870361,0.98296386,-0.18703613,1.3529639,0.80296385,0.50296384,0.99296385,3.7229638,7.422964,2.582964,6.162964,-1.7470361,-0.57703614,1.8529639,6.7829638,1.4029639,1.2129638,-1.9870361,-2.0970361,3.622964,2.882964,6.452964,-0.23703614,-2.0370362,0.5729639,2.2329638,0.062963866,3.562964,-3.157036,0.8229639,1.1129639,4.2829638,3.6529639,-1.9370362
-9.457036,-6.027036,-2.7370362,1.6029639,5.1329637,-2.7870362,1.4229639,-0.28703612,-0.63703614,0.9629639,-0.117036134,-5.087036,-3.2870362,0.5829639,3.072964,4.1129637,3.4529638,4.212964,3.832964,4.392964,3.1529639,3.132964,3.792964,6.292964,5.162964,4.952964,5.8429637,5.002964,0.5729639,5.6129637,7.502964,3.7629638,2.6729639,4.0529637,2.852964,3.392964,0.72296387,-0.41703615,-0.82703614,-3.0670362,-2.4670362
-7.4470363,-5.057036,-2.7670362,-1.8670361,-1.1770362,1.4429638,3.7829638,-0.28703612,0.03296387,-0.13703613,-0.31703612,-2.5770361,1.9429638,2.1929638,4.262964,3.062964,1.4129639,2.4029639,2.1929638,3.392964,6.522964,4.9029636,6.462964,3.4029639,3.9829638,4.1529636,3.9129639,6.102964,4.272964,5.422964,6.102964,4.372964,0.5929639,1.5329639,1.1729639,1.9229639,0.27296388,8.192964,2.1729639,0.8329639,1.9629638
-3.877036,-2.637036,-1.9770361,-3.637036,-1.0070361,0.34296387,2.9829638,-2.177036,-1.3770361,-1.1170361,-0.81703615,-1.1970361,0.38296387,4.122964,1.7329639,-0.32703614,1.5829638,2.562964,2.292964,3.612964,1.8529639,-2.8270361,7.7829638,-8.257036,2.9129639,10.082964,1.1329639,4.252964,6.412964,3.4729638,12.542964,8.262964,0.5329639,8.342964,0.03296387,5.772964,4.9029636,5.912964,5.682964,0.32296386,5.412964
-4.227036,-4.147036,-3.197036,-1.9270362,1.1629639,-2.2470362,-1.6770362,-1.2470361,-1.2070361,-0.99703616,-0.7270361,0.15296386,-1.8270361,-2.0170362,-2.5870361,-3.0770361,0.28296387,0.54296386,-2.0770361,2.322964,-1.1870362,-1.6870362,0.46296388,-0.25703612,1.4229639,-3.4870362,4.232964,6.272964,3.1629639,6.2829638,-4.9070363,-5.777036,-5.417036,-4.8870363,0.35296386,6.512964,5.932964,1.5329639,7.352964,2.882964,-3.627036
-5.007036,-4.237036,-3.667036,-3.2270362,-1.7970362,-0.95703614,-1.8670361,-0.83703613,-1.1470361,-0.5970361,-0.87703615,-0.08703613,-0.37703612,-1.2370361,-1.1070361,-2.207036,-1.3570361,-0.06703613,1.2929639,-1.4970361,1.5129639,-1.4270362,-2.157036,-1.7770362,0.68296385,0.22296387,0.8929639,1.1229639,-10.507036,-4.3670363,4.662964,-3.5270362,-5.147036,-3.7570362,-5.377036,12.242964,6.622964,3.1529639,6.562964,5.8629637,3.7029638
-3.5570362,-2.0670362,-0.81703615,0.5829639,-0.50703615,1.2429639,1.9229639,1.2029638,0.5929639,0.14296387,0.7129639,1.3129638,0.81296384,1.0329639,-1.5670362,1.2229638,-0.87703615,-1.2270361,-0.7870361,-2.207036,0.44296387,-0.13703613,2.5129638,0.43296388,-0.6670361,2.642964,-0.56703615,-1.3270361,-2.0270362,1.8329638,-0.6070361,-2.7970362,4.682964,1.7029638,1.5729638,3.4129639,1.7729639,0.74296385,-0.31703612,0.28296387,2.062964
-1.5870361,-1.0070361,1.0229639,1.2829639,1.6329639,0.26296386,3.542964,3.362964,4.012964,0.67296386,3.862964,3.9629638,0.50296384,1.3929639,-1.2270361,-0.35703614,1.0529639,0.5129639,2.612964,-2.377036,0.5729639,-0.34703612,-0.74703616,-1.3770361,-0.56703615,0.23296386,-2.897036,0.62296385,-2.5970361,0.07296386,-2.0370362,-2.7970362,-4.9670362,-2.9670362,-1.4970361,0.7129639,0.17296387,-0.52703613,-1.0970361,0.74296385,1.1029639
-1.2870362,-0.95703614,-0.6570361,-0.35703614,0.20296387,0.97296387,2.7629638,2.1929638,1.6629639,-0.69703615,3.6529639,1.5929638,2.542964,1.9729638,2.872964,-0.68703616,2.542964,2.1529639,-1.4270362,0.85296386,-0.25703612,0.7029639,0.08296387,-0.89703614,-0.14703614,0.9029639,-1.7270361,-1.1470361,0.7829639,-2.437036,-3.107036,-4.167036,1.8129638,-2.627036,-3.0070362,2.7429638,-1.1670362,-0.50703615,-0.5470361,-0.8670361,-0.05703613
-0.93703616,-1.0770361,-0.56703615,-1.1470361,-1.2470361,1.0029639,-0.077036135,0.6529639,2.6729639,1.2529639,2.7129638,4.1329637,2.7729638,-0.077036135,1.8429638,0.39296386,1.3029639,0.102963865,-1.8670361,0.93296385,0.042963866,-0.46703613,-0.16703613,0.8829639,2.2329638,-2.607036,-1.2970362,-2.697036,-2.4870362,-3.427036,-3.7670362,-2.5370362,-0.30703613,0.49296388,1.1729639,-5.627036,0.6429639,0.7629639,0.18296386,-0.57703614,0.60296386
-2.107036,-3.407036,-1.0570362,-1.9370362,-1.3870361,-1.0970361,-0.87703615,0.012963867,0.79296386,-0.0070361327,0.062963866,3.0129638,5.3429637,-0.99703616,-6.1170363,4.042964,1.2829639,0.38296387,-2.0570362,-0.21703613,-0.58703613,1.5229639,-1.4770361,2.9829638,0.8829639,-2.2170362,-3.0170362,-3.5770361,-2.5670362,-4.207036,-3.2170362,-0.9670361,-1.3170362,1.7729639,-3.117036,-1.5670362,0.8229639,-0.37703612,-2.687036,0.25296387,-0.06703613
-1.2770362,-3.3470361,-1.0970361,-0.9670361,-0.5970361,-0.30703613,-0.52703613,-2.5270362,0.9629639,-0.29703614,1.6629639,0.73296386,2.4329638,-3.417036,1.2929639,5.452964,3.842964,2.4529638,1.0929638,1.7629639,-1.9270362,-0.13703613,-0.26703614,-6.167036,-1.8170362,-2.3470361,-5.297036,-5.4470363,-4.5970364,-3.5270362,-2.7970362,-2.887036,-2.857036,-3.457036,-2.9670362,-1.8870361,0.69296384,-0.017036133,-1.2770362,-0.62703615,2.4929638
-0.47703612,-0.077036135,-1.3870361,0.34296387,1.0129639,0.99296385,0.97296387,1.7629639,2.7029638,1.5829638,1.8929639,-1.3070362,1.9029639,1.9629638,1.1429639,0.9529639,4.642964,0.18296386,-2.127036,-1.4970361,-1.6870362,-1.9070362,-2.7770362,-3.8470361,0.48296386,-5.607036,-4.527036,-4.0970364,-4.577036,-2.7270362,-3.9870362,-3.3070362,-3.2670362,-0.7170361,-1.6170361,-2.0370362,-1.6070361,-1.1270361,-1.1970361,-1.7670361,0.23296386
