wind_kz.json
{"header": {"discipline":0,"disciplineName":"Meteorological products","gribEdition":2,"gribLength":871,"center":7,"centerName":"US National Weather Service - NCEP(WMC)","subcenter":0,"refTime":"2023-10-03T06:00:00.000Z","significanceOfRT":1,"significanceOfRTName":"Start of forecast","productStatus":0,"productStatusName":"Operational products","productType":1,"productTypeName":"Forecast products","productDefinitionTemplate":0,"productDefinitionTemplateName":"Analysis/forecast at horizontal level/layer at a point in time","parameterCategory":0,"parameterCategoryName":"UnknownDiscipline_0_Category_0","parameterNumber":0,"parameterNumberName":"UnknownParameter_D0_C0_0","parameterUnit":"Unknown","genProcessType":2,"genProcessTypeName":"Forecast","forecastTime":240,"surface1Type":1,"surface1TypeName":"Ground or water surface","surface1Value":0.0,"surface2Type":255,"surface2TypeName":"Missing","surface2Value":0.0,"gridDefinitionTemplate":0,"gridDefinitionTemplateName":"Latitude_Longitude","numberPoints":615,"shape":6,"shapeName":"Earth spherical with radius of 6,371,229.0 m","gridUnits":"degrees","resolution":48,"winds":"true","scanMode":64,"nx":41,"ny":15,"basicAngle":0,"lo1":47.0,"la1":41.0,"lo2":87.0,"la2":55.0,"dx":1.0,"dy":1.0}, "data":
[rows 0 to 14 of 15, columns 0 to 40 of 41]
284.7863,279.68628,282.68628,292.48627,292.3863,291.08627,289.8863,288.68628,287.2863,288.68628,288.08627,295.3863,290.48627,293.08627,297.7863,298.98627,299.68628,301.7863,300.7863,301.48627,292.08627,302.68628,302.8863,300.98627,305.48627,308.08627,306.58627,293.08627,288.8863,281.3863,286.48627,276.58627,295.3863,306.08627,307.8863,308.3863,312.7863,310.58627,308.48627,309.3863,312.18628
273.2863,282.2863,292.2863,292.18628,292.3863,290.48627,287.7863,286.2863,285.68628,286.3863,289.08627,294.8863,296.08627,295.3863,296.7863,297.3863,299.8863,302.08627,301.58627,301.8863,301.8863,289.98627,297.98627,291.48627,284.8863,282.08627,295.68628,291.7863,293.08627,286.58627,293.58627,272.58627,270.98627,263.58627,272.3863,300.08627,303.18628,304.98627,307.08627,299.18628,284.2863
282.68628,291.98627,291.8863,291.48627,289.8863,284.7863,284.18628,285.18628,289.3863,288.08627,291.7863,293.48627,294.3863,294.68628,292.58627,294.48627,296.2863,297.48627,298.48627,299.48627,301.7863,296.98627,291.98627,289.7863,295.58627,300.98627,303.68628,303.18628,307.8863,292.98627,279.98627,283.08627,294.58627,294.8863,297.08627,294.18628,291.58627,290.2863,292.48627,287.48627,276.68628
286.2863,290.7863,291.48627,290.7863,288.3863,283.7863,283.7863,284.48627,288.7863,289.3863,289.7863,290.18628,288.8863,288.18628,291.7863,294.18628,292.58627,294.3863,296.2863,298.18628,297.8863,296.08627,297.2863,291.58627,292.58627,300.68628,301.2863,303.48627,301.98627,304.3863,301.18628,300.68628,301.7863,307.58627,306.58627,301.08627,290.58627,273.3863,293.08627,302.58627,303.58627
288.48627,290.2863,290.58627,289.8863,289.18628,287.58627,287.48627,288.3863,287.58627,287.58627,289.2863,290.98627,287.68628,286.48627,285.08627,291.3863,292.08627,291.48627,292.68628,293.98627,297.68628,296.18628,298.08627,298.7863,291.18628,293.18628,301.08627,292.58627,298.18628,302.58627,304.2863,306.3863,292.8863,283.48627,295.7863,304.7863,300.58627,308.48627,307.7863,306.7863,302.7863
290.58627,287.8863,288.3863,288.8863,289.18628,288.58627,290.58627,288.8863,289.2863,289.48627,288.68628,288.7863,287.3863,287.2863,288.7863,289.58627,289.08627,290.8863,290.2863,293.3863,290.18628,293.48627,290.58627,292.7863,296.68628,296.68628,291.18628,285.8863,294.08627,299.8863,303.98627,302.8863,306.3863,308.68628,304.18628,299.08627,300.08627,296.2863,308.48627,306.2863,302.2863
289.3863,289.3863,288.3863,289.2863,287.98627,288.58627,288.98627,288.48627,287.8863,287.2863,288.68628,287.18628,287.2863,287.48627,287.58627,287.48627,288.8863,289.18628,290.2863,292.2863,291.3863,287.8863,289.7863,289.08627,288.98627,289.3863,292.08627,292.68628,292.2863,298.7863,300.2863,300.8863,303.3863,301.68628,300.98627,299.8863,297.3863,295.2863,293.48627,289.7863,298.3863
287.7863,288.58627,288.18628,287.48627,287.18628,288.08627,289.08627,288.48627,287.7863,286.8863,286.98627,286.3863,287.18628,286.2863,287.48627,287.2863,287.48627,288.08627,288.3863,287.3863,287.08627,283.68628,282.7863,280.8863,281.7863,280.3863,284.3863,289.8863,291.8863,290.18628,295.2863,299.2863,298.3863,297.8863,299.98627,302.3863,302.08627,284.58627,300.2863,299.08627,297.58627
286.3863,286.2863,286.68628,287.2863,286.48627,287.98627,287.58627,287.2863,286.8863,286.98627,286.58627,286.2863,286.2863,286.48627,286.2863,287.08627,286.48627,287.18628,285.98627,285.48627,284.18628,282.58627,279.48627,278.18628,277.7863,276.98627,277.3863,287.7863,287.7863,286.3863,291.58627,293.2863,297.3863,296.3863,298.48627,296.08627,296.7863,297.98627,289.3863,287.7863,289.58627
285.3863,285.08627,285.3863,285.58627,285.48627,286.68628,286.58627,285.8863,285.68628,286.2863,286.2863,286.2863,286.68628,285.98627,286.08627,285.3863,285.8863,286.3863,286.58627,286.18628,284.18628,284.08627,284.18628,280.68628,278.18628,277.3863,273.7863,274.48627,276.68628,279.98627,282.3863,288.98627,292.58627,295.08627,296.98627,298.08627,293.98627,291.48627,290.48627,291.8863,285.98627
283.8863,284.48627,283.7863,283.48627,283.68628,284.3863,284.68628,285.2863,284.68628,284.7863,283.8863,284.8863,285.48627,285.58627,285.3863,285.2863,284.98627,285.58627,285.58627,283.98627,284.7863,284.68628,284.3863,284.7863,283.08627,279.2863,273.18628,273.3863,273.98627,276.18628,278.2863,284.3863,288.7863,290.8863,295.2863,294.68628,290.08627,288.8863,290.58627,289.48627,288.7863
283.48627,284.18628,284.2863,283.58627,283.7863,282.58627,282.18628,282.58627,283.18628,283.3863,281.68628,281.58627,283.2863,282.7863,284.08627,284.48627,284.3863,285.18628,284.98627,283.98627,282.7863,282.48627,282.8863,283.08627,282.3863,284.18628,282.18628,280.68628,278.98627,277.68628,276.2863,277.98627,282.68628,285.8863,287.08627,292.8863,294.48627,295.8863,296.3863,294.58627,292.8863
279.68628,281.8863,282.98627,283.2863,282.98627,282.58627,282.08627,282.18628,282.18628,281.58627,279.48627,279.8863,280.98627,281.2863,282.98627,283.58627,284.2863,282.8863,284.18628,283.48627,282.98627,281.7863,281.48627,281.3863,282.3863,283.68628,284.98627,283.8863,282.68628,281.3863,279.3863,277.08627,277.58627,280.8863,284.98627,287.68628,290.3863,291.3863,291.8863,286.2863,290.3863
280.7863,280.48627,282.68628,282.08627,280.68628,280.48627,280.2863,279.98627,280.8863,280.08627,279.18628,277.58627,280.2863,280.98627,282.08627,282.48627,282.8863,282.3863,282.7863,282.98627,282.8863,283.18628,283.18628,283.08627,283.08627,284.08627,283.3863,284.08627,282.7863,282.08627,281.2863,279.08627,277.7863,276.2863,278.18628,280.8863,283.68628,289.3863,291.08627,290.58627,291.8863
278.98627,280.3863,283.58627,280.68628,279.8863,279.7863,279.68628,279.7863,281.08627,280.3863,279.18628,279.3863,278.48627,280.18628,281.68628,281.7863,281.98627,281.68628,282.48627,282.2863,282.48627,282.48627,283.18628,282.7863,281.8863,282.18628,282.68628,281.7863,282.2863,281.48627,281.98627,281.68628,279.48627,279.18628,277.48627,277.98627,282.48627,282.7863,287.18628,290.3863,288.68628
