wind_kz.json
{"header": {"discipline":0,"disciplineName":"Meteorological products","gribEdition":2,"gribLength":871,"center":7,"centerName":"US National Weather Service - NCEP(WMC)","subcenter":0,"refTime":"2023-09-27T00:00:00.000Z","significanceOfRT":1,"significanceOfRTName":"Start of forecast","productStatus":0,"productStatusName":"Operational products","productType":1,"productTypeName":"Forecast products","productDefinitionTemplate":0,"productDefinitionTemplateName":"Analysis/forecast at horizontal level/layer at a point in time","parameterCategory":0,"parameterCategoryName":"UnknownDiscipline_0_Category_0","parameterNumber":0,"parameterNumberName":"UnknownParameter_D0_C0_0","parameterUnit":"Unknown","genProcessType":2,"genProcessTypeName":"Forecast","forecastTime":0,"surface1Type":1,"surface1TypeName":"Ground or water surface","surface1Value":0.0,"surface2Type":255,"surface2TypeName":"Missing","surface2Value":0.0,"gridDefinitionTemplate":0,"gridDefinitionTemplateName":"Latitude_Longitude","numberPoints":615,"shape":6,"shapeName":"Earth spherical with radius of 6,371,229.0 m","gridUnits":"degrees","resolution":48,"winds":"true","scanMode":64,"nx":41,"ny":15,"basicAngle":0,"lo1":47.0,"la1":41.0,"lo2":87.0,"la2":55.0,"dx":1.0,"dy":1.0}, "data":
[rows 0 to 14 of 15, columns 0 to 40 of 41]
287.08807,279.7881,283.58807,294.18808,294.18808,293.08807,292.2881,292.8881,289.58807,288.8881,288.4881,288.68808,288.2881,289.18808,289.08807,286.7881,286.4881,287.68808,284.8881,288.08807,288.4881,284.68808,284.4881,280.9881,284.18808,285.9881,283.7881,271.08807,268.68808,268.8881,270.4881,271.58807,280.08807,285.68808,286.68808,287.08807,285.7881,285.8881,287.2881,287.3881,285.3881
270.2881,284.58807,293.7881,294.18808,293.8881,292.4881,290.2881,288.9881,287.3881,287.4881,288.68808,288.18808,287.7881,287.4881,288.08807,288.18808,286.8881,284.68808,283.58807,284.18808,286.9881,286.3881,285.7881,279.7881,270.2881,271.58807,279.3881,269.4881,271.3881,268.2881,274.08807,262.18808,272.7881,249.98808,271.2881,283.18808,280.9881,283.9881,286.7881,279.58807,283.58807
285.9881,293.8881,294.18808,293.8881,291.7881,289.58807,288.8881,287.58807,286.8881,286.58807,286.3881,286.9881,287.08807,287.9881,288.8881,286.4881,285.68808,283.9881,284.68808,285.2881,287.68808,287.08807,286.08807,281.18808,281.7881,281.08807,282.68808,282.08807,281.08807,274.2881,266.4881,270.4881,274.2881,273.2881,275.7881,275.68808,268.9881,270.8881,270.68808,267.68808,263.7881
287.2881,293.2881,294.08807,293.18808,291.2881,288.18808,288.4881,287.4881,287.3881,287.08807,286.58807,286.9881,291.68808,290.9881,288.3881,287.9881,287.9881,285.9881,286.08807,285.7881,285.68808,281.68808,285.9881,286.08807,286.2881,286.2881,285.9881,284.9881,282.18808,282.2881,283.18808,280.7881,284.3881,282.9881,282.68808,278.9881,267.68808,261.8881,271.9881,279.3881,282.68808
289.08807,292.8881,293.58807,292.4881,290.7881,288.7881,289.58807,288.58807,288.58807,288.18808,287.58807,286.3881,290.58807,289.3881,287.8881,288.2881,287.9881,287.58807,286.18808,287.68808,287.4881,287.58807,286.4881,285.9881,286.08807,286.3881,284.4881,286.18808,284.9881,284.8881,286.3881,282.58807,272.68808,260.3881,274.08807,281.9881,287.3881,285.7881,285.4881,284.4881,282.7881
287.3881,286.3881,291.8881,292.8881,292.7881,292.4881,289.68808,290.8881,288.9881,289.08807,289.18808,288.8881,290.08807,290.4881,288.8881,287.2881,288.68808,287.9881,288.18808,287.4881,287.18808,286.68808,285.9881,285.9881,285.08807,285.4881,289.3881,289.3881,287.9881,289.7881,285.9881,286.08807,283.9881,281.58807,281.18808,283.8881,276.2881,275.2881,279.3881,281.68808,280.4881
288.3881,286.2881,289.9881,290.58807,291.08807,293.3881,291.4881,290.08807,292.58807,291.68808,288.9881,290.08807,287.68808,287.9881,287.68808,288.3881,287.68808,288.3881,288.3881,290.7881,290.4881,286.58807,286.9881,288.9881,289.3881,289.4881,285.2881,290.2881,289.08807,289.08807,287.68808,283.8881,281.7881,279.9881,278.3881,277.58807,272.9881,270.08807,267.3881,267.58807,275.7881
289.2881,288.9881,290.68808,291.08807,291.58807,291.2881,290.68808,289.2881,287.68808,288.68808,289.3881,288.58807,288.58807,288.3881,289.9881,288.68808,287.9881,287.9881,288.08807,290.4881,290.18808,290.08807,288.9881,289.3881,288.18808,286.7881,286.8881,287.18808,285.9881,283.7881,281.7881,280.8881,277.7881,273.68808,271.4881,273.8881,275.8881,287.08807,274.2881,273.2881,271.18808
288.8881,288.58807,289.18808,288.68808,289.7881,289.4881,287.7881,288.3881,286.9881,286.18808,286.2881,286.18808,285.68808,286.2881,286.68808,288.08807,291.18808,290.58807,285.9881,286.68808,286.58807,287.7881,289.08807,288.9881,287.68808,287.8881,285.9881,285.2881,283.68808,277.4881,278.18808,278.58807,277.4881,274.08807,272.7881,272.08807,272.18808,270.68808,259.4881,259.9881,258.4881
288.7881,291.4881,288.9881,288.08807,287.58807,287.8881,287.58807,287.08807,286.18808,285.2881,284.4881,284.8881,285.3881,285.2881,285.4881,286.3881,287.18808,289.58807,289.68808,288.9881,285.08807,285.18808,289.18808,288.4881,288.18808,286.7881,287.2881,286.58807,285.18808,280.4881,278.7881,279.2881,277.7881,275.68808,273.9881,273.18808,271.8881,266.68808,260.18808,259.3881,258.3881
286.18808,285.8881,286.4881,286.68808,286.4881,285.8881,285.58807,284.68808,284.18808,284.18808,284.2881,283.7881,284.2881,283.58807,283.68808,284.3881,284.9881,285.2881,285.68808,285.3881,287.58807,287.3881,287.8881,288.2881,286.3881,287.4881,286.08807,287.8881,287.18808,285.2881,280.8881,278.8881,276.58807,275.7881,274.3881,272.3881,270.2881,264.08807,265.68808,264.2881,261.4881
283.3881,283.8881,284.08807,284.08807,284.18808,284.2881,282.68808,282.58807,282.4881,282.4881,280.58807,281.4881,282.8881,281.7881,282.18808,282.68808,282.9881,283.08807,283.7881,283.9881,285.68808,285.2881,284.9881,286.18808,285.68808,287.4881,287.4881,288.7881,287.7881,282.9881,279.9881,278.18808,276.8881,274.18808,274.18808,273.58807,273.3881,271.7881,271.9881,271.18808,271.08807
280.8881,280.7881,282.9881,282.7881,283.9881,283.8881,282.08807,282.2881,280.58807,279.4881,278.4881,276.7881,280.2881,279.4881,280.4881,281.18808,281.58807,281.58807,282.3881,282.18808,282.18808,284.08807,284.9881,284.4881,283.8881,286.58807,286.9881,284.3881,286.58807,282.4881,280.08807,278.4881,276.58807,275.3881,274.4881,274.3881,273.4881,274.18808,272.8881,272.18808,272.4881
279.9881,281.18808,284.2881,282.58807,281.8881,280.9881,281.4881,281.58807,279.7881,279.58807,278.58807,276.7881,276.3881,278.2881,279.2881,280.18808,280.68808,283.8881,282.9881,281.18808,281.9881,284.3881,285.08807,285.68808,285.8881,286.18808,285.4881,283.4881,282.7881,281.8881,279.8881,279.9881,276.9881,275.2881,274.4881,273.18808,273.2881,272.7881,272.4881,272.2881,272.3881
280.7881,282.2881,286.3881,281.7881,281.8881,280.58807,281.2881,279.68808,280.3881,280.08807,279.9881,277.4881,276.8881,277.18808,278.58807,279.08807,279.2881,279.58807,279.7881,279.9881,281.4881,281.3881,284.18808,281.8881,284.08807,284.7881,284.7881,284.8881,284.2881,283.8881,280.9881,280.9881,276.58807,275.58807,274.58807,274.18808,275.3881,273.3881,273.2881,272.8881,273.18808
