wind_kz.json
{"header": {"discipline":0,"disciplineName":"Meteorological products","gribEdition":2,"gribLength":871,"center":7,"centerName":"US National Weather Service - NCEP(WMC)","subcenter":0,"refTime":"2023-09-08T18:00:00.000Z","significanceOfRT":1,"significanceOfRTName":"Start of forecast","productStatus":0,"productStatusName":"Operational products","productType":1,"productTypeName":"Forecast products","productDefinitionTemplate":0,"productDefinitionTemplateName":"Analysis/forecast at horizontal level/layer at a point in time","parameterCategory":0,"parameterCategoryName":"UnknownDiscipline_0_Category_0","parameterNumber":0,"parameterNumberName":"UnknownParameter_D0_C0_0","parameterUnit":"Unknown","genProcessType":2,"genProcessTypeName":"Forecast","forecastTime":240,"surface1Type":1,"surface1TypeName":"Ground or water surface","surface1Value":0.0,"surface2Type":255,"surface2TypeName":"Missing","surface2Value":0.0,"gridDefinitionTemplate":0,"gridDefinitionTemplateName":"Latitude_Longitude","numberPoints":615,"shape":6,"shapeName":"Earth spherical with radius of 6,371,229.0 m","gridUnits":"degrees","resolution":48,"winds":"true","scanMode":64,"nx":41,"ny":15,"basicAngle":0,"lo1":47.0,"la1":41.0,"lo2":87.0,"la2":55.0,"dx":1.0,"dy":1.0}, "data":
[rows 0 to 14 of 15, columns 0 to 40 of 41]
293.94122,284.44122,287.7412,297.1412,297.1412,296.0412,296.84122,299.2412,298.94122,300.44122,298.7412,300.0412,299.5412,299.5412,299.2412,296.5412,296.6412,295.2412,294.5412,294.44122,296.0412,292.0412,290.84122,284.6412,288.34122,290.6412,287.6412,275.84122,274.2412,275.2412,274.7412,277.94122,288.44122,293.1412,292.94122,293.34122,293.84122,293.7412,293.2412,294.0412,292.7412
275.2412,286.6412,296.6412,296.84122,296.6412,294.94122,299.7412,297.44122,295.94122,295.94122,297.2412,297.0412,297.1412,297.44122,294.5412,294.94122,295.2412,294.84122,292.84122,292.44122,291.5412,292.34122,290.1412,282.1412,275.0412,274.6412,282.94122,274.0412,274.94122,270.84122,276.2412,271.34122,279.84122,254.34122,276.1412,293.7412,291.5412,292.7412,295.5412,287.84122,284.1412
288.7412,296.1412,297.0412,296.7412,294.44122,296.94122,295.34122,295.1412,294.1412,293.94122,293.44122,294.0412,295.94122,296.34122,296.34122,293.7412,292.5412,290.94122,290.5412,291.1412,292.0412,290.84122,292.6412,286.0412,287.5412,286.0412,286.84122,285.7412,284.1412,276.7412,270.84122,272.5412,276.7412,277.6412,284.34122,283.6412,276.2412,277.5412,279.34122,275.1412,274.2412
288.84122,295.44122,296.44122,295.7412,294.1412,294.1412,295.0412,292.94122,291.7412,291.44122,291.2412,291.2412,292.94122,292.2412,294.0412,292.84122,291.94122,291.0412,290.84122,289.2412,288.7412,284.44122,289.2412,290.0412,290.2412,291.0412,290.34122,288.5412,286.94122,288.6412,292.1412,289.2412,291.1412,290.1412,290.2412,282.2412,273.44122,273.84122,277.44122,286.0412,290.44122
292.44122,293.44122,294.6412,293.34122,293.1412,293.6412,293.6412,292.1412,290.7412,290.1412,289.7412,289.34122,291.84122,290.6412,289.1412,290.84122,290.6412,288.94122,286.5412,289.6412,289.6412,289.2412,287.34122,287.5412,286.6412,287.0412,286.7412,288.7412,286.94122,287.7412,290.44122,285.6412,278.0412,267.6412,281.6412,290.5412,292.7412,292.5412,293.1412,291.34122,293.34122
292.34122,292.44122,292.6412,292.0412,292.44122,291.7412,292.94122,293.6412,291.1412,290.84122,291.1412,290.84122,291.2412,291.94122,290.1412,288.94122,290.5412,288.84122,289.84122,289.5412,288.0412,287.6412,286.44122,286.0412,285.0412,284.0412,286.34122,290.0412,288.5412,289.2412,287.5412,289.1412,286.6412,284.94122,282.6412,287.44122,278.5412,283.34122,291.34122,292.0412,291.7412
292.44122,292.0412,294.6412,295.44122,293.1412,292.6412,293.7412,293.44122,293.2412,292.6412,290.2412,290.1412,289.44122,288.94122,288.94122,289.94122,289.44122,289.84122,288.6412,287.6412,286.7412,286.5412,287.5412,287.44122,285.34122,284.84122,284.2412,285.2412,284.44122,285.0412,286.7412,285.1412,285.6412,286.5412,284.5412,284.7412,281.1412,278.84122,277.5412,274.0412,287.84122
290.5412,291.44122,293.94122,294.2412,294.0412,292.84122,292.34122,291.44122,290.6412,290.84122,289.84122,289.34122,288.34122,289.2412,289.34122,289.7412,289.1412,289.5412,289.0412,285.44122,286.5412,284.6412,286.84122,287.84122,286.6412,280.5412,281.34122,281.6412,280.0412,282.2412,282.7412,284.5412,280.2412,279.84122,280.84122,283.6412,285.7412,288.7412,286.94122,288.5412,284.1412
290.34122,290.34122,290.84122,290.1412,291.84122,290.5412,289.34122,289.84122,288.7412,288.0412,287.44122,287.1412,286.2412,287.94122,287.6412,290.5412,289.94122,290.7412,290.1412,286.44122,286.1412,286.0412,286.5412,286.0412,282.5412,282.0412,279.5412,281.94122,281.2412,277.84122,278.44122,278.84122,279.5412,282.0412,282.1412,282.1412,284.44122,283.6412,272.84122,274.44122,273.0412
288.6412,290.44122,290.34122,289.6412,288.84122,288.7412,286.7412,287.84122,287.5412,286.44122,285.7412,285.84122,289.34122,286.6412,287.34122,289.34122,289.84122,289.7412,285.84122,286.7412,284.6412,285.1412,285.7412,282.94122,283.44122,281.44122,281.2412,280.2412,281.44122,280.34122,279.84122,282.7412,284.2412,285.34122,284.94122,283.34122,281.7412,279.5412,276.6412,274.5412,271.94122
292.34122,287.94122,290.6412,287.2412,286.94122,287.0412,289.44122,290.2412,286.2412,285.34122,286.5412,287.0412,288.7412,287.7412,287.6412,285.0412,285.1412,285.7412,286.44122,285.0412,284.1412,283.7412,283.2412,283.1412,282.44122,281.94122,279.94122,282.0412,283.0412,282.5412,284.2412,286.2412,285.7412,285.2412,285.2412,283.0412,278.34122,273.84122,275.2412,277.1412,274.94122
287.7412,289.7412,290.34122,290.2412,289.34122,288.7412,287.5412,284.2412,284.5412,284.34122,281.5412,282.84122,284.84122,284.34122,284.2412,284.2412,284.6412,284.44122,284.7412,285.0412,284.94122,283.94122,282.2412,282.2412,281.84122,283.2412,282.94122,283.7412,283.6412,286.2412,284.7412,286.7412,286.84122,283.2412,286.2412,283.84122,286.0412,285.44122,281.6412,282.34122,279.6412
282.84122,282.94122,285.44122,286.2412,285.5412,285.2412,283.84122,283.34122,282.6412,280.34122,279.34122,278.5412,281.94122,281.1412,281.44122,281.5412,281.94122,281.5412,282.1412,282.6412,282.94122,283.7412,282.44122,281.1412,282.34122,283.1412,285.0412,285.2412,284.44122,283.44122,284.6412,285.6412,284.34122,283.34122,284.0412,282.2412,281.7412,283.94122,285.2412,280.44122,279.94122
280.7412,282.0412,284.94122,284.1412,283.1412,281.84122,281.94122,280.2412,279.5412,278.2412,276.94122,275.2412,276.2412,279.94122,278.44122,278.34122,278.6412,279.5412,279.94122,280.44122,281.1412,281.84122,283.94122,284.7412,283.7412,284.6412,284.2412,283.84122,283.1412,283.7412,283.94122,283.44122,282.34122,281.1412,281.7412,280.7412,283.1412,283.34122,279.84122,280.44122,281.94122
280.34122,282.44122,287.7412,281.84122,281.7412,279.0412,279.84122,278.0412,278.0412,277.34122,277.84122,277.34122,276.6412,275.84122,279.34122,279.5412,279.1412,279.34122,279.34122,278.84122,279.5412,279.84122,281.7412,284.0412,282.0412,282.84122,284.84122,282.6412,282.44122,282.6412,283.6412,284.0412,283.34122,282.44122,282.1412,281.84122,281.5412,280.44122,280.34122,281.44122,284.2412
