wind_kz.json
{"header": {"discipline":0,"disciplineName":"Meteorological products","gribEdition":2,"gribLength":1102,"center":7,"centerName":"US National Weather Service - NCEP(WMC)","subcenter":0,"refTime":"2024-02-02T06:00:00.000Z","significanceOfRT":1,"significanceOfRTName":"Start of forecast","productStatus":0,"productStatusName":"Operational products","productType":1,"productTypeName":"Forecast products","productDefinitionTemplate":0,"productDefinitionTemplateName":"Analysis/forecast at horizontal level/layer at a point in time","parameterCategory":2,"parameterCategoryName":"UnknownDiscipline_0_Category_2","parameterNumber":3,"parameterNumberName":"UnknownParameter_D0_C2_3","parameterUnit":"Unknown","genProcessType":2,"genProcessTypeName":"Forecast","forecastTime":120,"surface1Type":103,"surface1TypeName":"Specified height level above ground","surface1Value":10.0,"surface2Type":255,"surface2TypeName":"Missing","surface2Value":0.0,"gridDefinitionTemplate":0,"gridDefinitionTemplateName":"Latitude_Longitude","numberPoints":615,"shape":6,"shapeName":"Earth spherical with radius of 6,371,229.0 m","gridUnits":"degrees","resolution":48,"winds":"true","scanMode":64,"nx":41,"ny":15,"basicAngle":0,"lo1":47.0,"la1":41.0,"lo2":87.0,"la2":55.0,"dx":1.0,"dy":1.0}, "data":
[rows 0 to 14 of 15, columns 0 to 40 of 41]
-2.0684376,0.0915625,0.7615625,4.4815626,3.1715624,1.1315625,1.3115625,3.7515626,2.2915626,1.2915626,1.1715626,1.6915625,1.2015625,0.9515625,2.2515626,2.1815624,1.6215625,-0.9484375,-2.4084375,-3.0684376,-4.3884373,2.9115624,-0.7584375,-1.2884375,0.0015625,-1.5884376,-1.7784375,-0.6784375,1.0115625,2.4615624,1.1215625,-0.8284375,-0.0784375,-0.0284375,0.7115625,0.5815625,0.9415625,0.9515625,0.5815625,0.4415625,-0.5984375
2.9815626,1.0915625,10.121563,0.0215625,-7.6184373,-4.3184376,-1.5184375,1.0415626,-0.1084375,1.3715625,0.8515625,0.7515625,0.8715625,1.6915625,2.2315626,3.3315625,2.4615624,2.9915626,0.4915625,-1.1584375,-4.0584373,-1.1784375,1.3315625,1.6115625,2.6115625,2.3615625,0.7715625,0.4515625,0.0415625,2.0915625,2.7315626,4.5315623,1.2015625,-1.4684376,-1.1084375,1.2915626,-0.4284375,0.9915625,1.0715625,1.6415625,-0.1184375
1.6815625,4.4015627,-0.1584375,-1.0284375,-2.5184374,-2.5384376,-0.4584375,-1.0584375,-0.7384375,0.8315625,1.0815625,1.3215625,3.3215625,2.3915625,3.0115626,4.6115627,4.9015627,3.3815625,2.4715624,1.1615624,-1.3984375,-1.8084375,0.7415625,1.0015625,-0.2284375,1.4715625,0.4815625,-0.0384375,1.1015625,3.1115625,2.5315626,2.0215626,3.0215626,-0.8284375,0.8315625,0.0315625,0.7715625,1.8715625,0.0715625,0.3615625,-0.1484375
4.9315624,3.6415625,0.3615625,-0.5684375,-1.0484375,0.0115625,-0.0584375,0.2515625,0.0815625,-0.2984375,0.3215625,2.0715625,3.1815624,5.4915624,5.9615626,6.1215625,5.2715626,5.3815627,3.2715626,3.8215625,-0.2484375,3.3915625,5.8915625,6.4315624,1.7115625,0.8315625,3.8415625,-0.8484375,3.5715625,5.0115623,5.7515626,0.8215625,0.0415625,0.3315625,0.0415625,-0.3784375,1.0115625,2.3915625,-0.6784375,-1.4784375,-1.4084375
4.0615625,3.7815626,1.6515625,1.2015625,0.4115625,-0.4784375,-0.4284375,0.8415625,-0.5284375,1.0115625,0.9415625,1.0815625,3.1815624,5.6115627,6.5615625,6.3515625,7.4215627,5.9915624,4.4615626,2.7415626,2.8215625,3.5615625,3.2315626,7.2215624,2.5115626,1.9515625,-0.4784375,-0.1884375,3.9215624,3.1915624,-0.4984375,-0.0184375,1.3215625,2.4415624,-0.2284375,-0.0184375,0.8915625,-0.0784375,-0.4584375,-0.3884375,0.1615625
4.8215623,3.3315625,1.9115624,1.0315624,-1.0484375,-0.6984375,-1.0084375,-1.0884376,-0.5684375,0.8215625,1.6715626,3.7815626,4.2615623,7.9415627,8.251562,8.081562,8.261562,7.5415626,4.3815627,2.5815625,1.7215625,5.1115627,5.8115625,7.6815624,4.6115627,1.5715625,0.1215625,-1.7884375,1.6315625,0.9315625,-0.2084375,-0.3484375,-0.4784375,-2.1184375,-0.0684375,13.261562,0.5615625,5.3115625,0.3615625,0.4115625,1.1415625
4.4915624,2.6615624,0.2815625,-0.6584375,-0.7884375,-1.0184375,-2.7884376,-2.1784375,-0.6684375,1.0815625,0.5215625,2.8215625,7.4615626,10.661563,9.791562,10.051562,9.511562,6.5715623,4.4915624,2.1515625,4.8015623,6.8115625,7.7815623,8.821563,5.1915627,4.2315626,0.2215625,0.6415625,-0.9084375,0.8315625,0.3215625,-2.1384375,-2.4084375,1.8215625,0.9315625,-0.5984375,-2.5584376,1.6815625,2.8915625,2.3015625,2.5515625
2.3915625,0.3615625,-1.5084375,-1.7684375,-2.2084374,-2.8884375,-3.0684376,-2.1384375,-0.9984375,-0.3184375,1.8215625,2.4515624,7.1115627,9.411563,8.521563,8.741563,7.3715625,5.5915623,4.8715625,6.5615625,5.1415625,6.0415626,7.6115627,9.961562,10.141562,6.1315627,8.271563,2.7115624,0.5715625,-1.1584375,-0.7084375,1.2515625,1.7915626,-0.3484375,-0.2184375,-0.8284375,-0.4684375,1.2715625,-0.7084375,1.2215625,1.4015625
0.1315625,-0.8284375,-2.1084375,-2.5684376,-3.0784376,-3.7684374,-3.7484374,-1.6984375,3.0315626,1.4115624,1.0615625,4.4915624,3.5815625,6.3715625,6.5115623,5.6715627,5.7615623,5.9815626,6.6115627,7.6615624,7.4115624,6.5415626,7.8315625,7.8215623,8.801562,7.2615623,6.0915623,6.1815624,3.5615625,2.0615625,3.9615624,5.5415626,6.1615624,3.9815626,5.5915623,6.7115626,-0.3684375,0.0515625,2.2315626,1.9315625,0.7215625
0.4315625,-1.1184375,-1.9184375,-2.9884374,-3.7684374,-4.6084375,-4.2284374,0.2615625,3.5915625,2.8115625,2.5715625,2.4915626,3.0015626,5.3715625,4.7115626,4.7815623,5.6515627,6.7015624,7.4815626,7.6215625,7.1715627,8.721562,8.491563,7.7315626,6.8815627,7.9515624,7.4015627,5.1515627,1.9915625,3.2015624,4.7115626,5.4815626,5.1915627,4.4115624,3.4615624,0.6515625,1.5915625,0.8515625,-0.5984375,0.7615625,3.3115625
-0.4384375,-1.3984375,-2.6884375,-4.2884374,-4.5884376,-5.7884374,-5.3084373,4.2615623,4.8315625,3.0215626,3.5815625,3.6115625,3.5815625,3.9915626,4.2815623,6.5115623,6.5915623,6.4915624,6.3315625,5.8415623,5.8715625,8.141562,7.5815625,8.031563,7.1615624,6.6615624,3.2915626,3.7415626,2.8715625,2.5515625,2.8515625,4.7115626,4.6015625,5.5915623,5.7415624,1.4015625,1.1415625,0.6215625,1.6415625,2.0415626,1.1015625
-0.1284375,0.8315625,-1.4584374,-2.5984375,-4.8984375,-6.2684374,-5.1584377,4.3215623,4.5915623,4.3515625,3.6415625,3.3015625,4.1015625,4.6515627,5.8315625,5.9715624,6.0315623,5.5715623,5.0515623,5.4215627,6.8615627,4.5915623,4.4915624,4.1515627,4.4715624,3.2715626,3.7415626,4.9715624,3.1115625,2.6915624,3.1615624,4.5715623,4.0315623,5.5115623,2.9615624,0.6515625,-0.0184375,0.2415625,-0.1284375,0.8615625,-0.0984375
-0.4284375,-0.7584375,-1.3284374,-1.8984375,-3.8984375,-3.4684374,-3.9184375,-0.1084375,1.1315625,5.5015626,2.7515626,1.7115625,3.6115625,4.1015625,3.9215624,3.7515626,3.7415626,4.2915626,4.7215624,4.9715624,7.1315627,7.6215625,5.9915624,4.5115623,4.5215626,3.2515626,3.1915624,2.8115625,2.6915624,2.5115626,2.6115625,3.1915624,2.7815626,3.4715624,2.1115625,2.2015624,1.5315624,0.6415625,0.8515625,0.1315625,0.0015625
0.5915625,-0.0984375,-2.8784375,-1.5984375,-4.2884374,-4.5984373,-1.4384375,1.2315625,0.7815625,2.3715625,2.0515625,1.7215625,-0.3384375,1.1115625,1.7515625,1.8015625,2.2415626,2.9415624,3.4615624,3.7915626,2.7415626,3.1715624,3.1715624,3.8615625,3.2415626,3.0715625,2.7815626,2.5315626,2.5715625,2.4615624,2.2615626,2.5515625,3.4715624,4.0515623,2.6215625,2.5215626,1.4115624,0.3715625,0.8315625,0.0315625,0.3315625
0.7215625,-0.6384375,-1.8184375,-1.8784375,-3.1684375,-2.4984374,-2.2284374,3.2415626,2.9915626,1.7015625,-0.5884375,0.3615625,2.0115626,0.3115625,1.8215625,1.8215625,3.0315626,2.5715625,2.0815625,2.9415624,3.2815626,3.5715625,3.6315625,3.4515624,3.1815624,2.7015624,3.3115625,2.5415626,2.2715626,2.3615625,2.4415624,2.3715625,2.5515625,3.0315626,2.4615624,2.0315626,1.3915625,0.2615625,0.5515625,0.1815625,-0.0084375
