wind_kz.json
{"header": {"discipline":0,"disciplineName":"Meteorological products","gribEdition":2,"gribLength":1025,"center":7,"centerName":"US National Weather Service - NCEP(WMC)","subcenter":0,"refTime":"2023-08-27T00:00:00.000Z","significanceOfRT":1,"significanceOfRTName":"Start of forecast","productStatus":0,"productStatusName":"Operational products","productType":1,"productTypeName":"Forecast products","productDefinitionTemplate":0,"productDefinitionTemplateName":"Analysis/forecast at horizontal level/layer at a point in time","parameterCategory":2,"parameterCategoryName":"UnknownDiscipline_0_Category_2","parameterNumber":3,"parameterNumberName":"UnknownParameter_D0_C2_3","parameterUnit":"Unknown","genProcessType":2,"genProcessTypeName":"Forecast","forecastTime":0,"surface1Type":103,"surface1TypeName":"Specified height level above ground","surface1Value":10.0,"surface2Type":255,"surface2TypeName":"Missing","surface2Value":0.0,"gridDefinitionTemplate":0,"gridDefinitionTemplateName":"Latitude_Longitude","numberPoints":615,"shape":6,"shapeName":"Earth spherical with radius of 6,371,229.0 m","gridUnits":"degrees","resolution":48,"winds":"true","scanMode":64,"nx":41,"ny":15,"basicAngle":0,"lo1":47.0,"la1":41.0,"lo2":87.0,"la2":55.0,"dx":1.0,"dy":1.0}, "data":
[rows 0 to 14 of 15, columns 0 to 40 of 41]
0.36114258,-0.7788574,0.69114256,-2.9788575,-5.0388575,-5.8088574,-5.5788574,-6.8288574,-4.3788576,-5.318857,-6.3988576,-7.7888575,-6.2888575,-4.068857,-0.8988574,-1.4188575,-3.2588575,0.031142578,0.88114256,1.2011425,2.5611427,-0.92885745,-2.9388573,1.4211426,-1.1588575,-0.18885742,-1.5188575,1.2411426,1.2411426,2.5411425,1.0711426,0.19114257,-0.098857425,-3.3688574,-2.3088574,0.50114256,2.7711425,0.63114256,0.87114257,1.1011425,-2.4988575
2.0811427,0.9611426,-1.6788574,-3.7088575,-5.6388574,-6.0588574,-3.2988575,-4.2188573,-4.5588574,-3.4788575,-5.1888576,-5.9188576,-5.4688573,-4.9188576,-2.6988573,-1.8888574,-2.6388574,1.1711426,0.24114257,1.1811426,3.9711425,2.9311426,0.6111426,-1.5188575,1.6111426,2.0711427,-1.0988574,2.8111427,0.56114256,1.7211425,3.7611425,2.1011426,1.9811425,3.1511426,-0.79885745,-0.16885743,-1.3988575,-2.7388575,0.14114258,-2.4088573,1.5411426
1.1811426,-2.0188575,-3.4088573,-4.4188576,-4.6288576,-2.8388574,-3.1188574,-2.6588573,-4.7188573,-3.2288575,-4.568857,-4.1488576,-3.9088573,-4.9388576,-3.3588574,-1.3688574,-0.25885743,0.4411426,-0.55885744,-0.20885742,4.2611427,4.9911427,3.3311427,3.1411426,1.3711426,1.6311426,1.9011426,2.0211425,0.5411426,3.6511426,3.6711426,2.1611426,3.1211426,-1.4388574,0.49114257,2.2911425,4.4111423,0.20114258,0.5511426,0.7911426,1.0211426
-0.7788574,-3.3888574,-2.6588573,-3.1588573,-2.5088575,0.19114257,-1.5688574,-2.6088574,-3.3388574,-4.3788576,-4.3388577,-4.7688575,-9.188857,-9.578857,-3.3388574,-1.5888574,0.48114258,1.1111426,0.7311426,1.4611425,-4.4688573,3.1811426,2.4411426,3.7811425,3.7911425,0.9111426,0.3511426,1.1711426,0.24114257,-2.9088573,-0.6488574,-0.5188574,-0.8588574,-0.7888574,0.021142578,-1.5888574,-0.5188574,2.0611427,3.0211425,2.5911427,2.2111425
-1.3788574,-3.4988575,-3.9888575,-5.278857,-5.6688576,-3.1988573,-2.9388573,-2.0988574,-3.1188574,-3.3888574,-5.2488575,-5.2588573,-10.848858,-8.468858,-7.6188574,0.111142576,0.81114256,1.2711426,0.75114256,0.7311426,0.45114258,-3.1188574,-0.45885742,1.8211426,0.6511426,0.32114258,0.3811426,-1.3488574,-3.3588574,-2.6588573,4.5611424,3.8111427,2.9711425,3.1911426,-0.92885745,-1.2788575,0.46114257,-1.8688574,-1.4988574,0.57114255,1.0311426
-0.7688574,-0.9088574,-4.3688574,-3.7288575,-5.9988575,-6.7088575,-3.9188573,-3.2788575,-2.8088574,-4.4488573,-4.9288573,-4.3688574,-7.1588573,-9.348858,-6.9788575,-2.6488574,-0.93885744,1.3411425,1.5011426,0.95114255,3.5811427,6.3511424,-5.4888573,0.9711426,1.9011426,0.68114257,0.21114258,-1.5988574,-4.4288573,-0.55885744,1.8411425,4.5611424,3.3611426,2.1611426,2.4611425,0.06114258,4.7611427,2.9311426,-0.5188574,-2.6688573,-4.4088573
-1.2988575,-2.2488575,-3.0588574,-2.7188575,-2.9588575,-2.3288574,-3.1288574,-3.2888575,-3.7588575,-4.318857,-4.9188576,-4.9588575,-4.8688574,-5.8488574,-1.6788574,-0.32885742,-2.7588575,0.7911426,2.0711427,1.4811425,1.2611426,2.3011427,0.7111426,-0.42885742,3.1611426,0.17114258,0.8011426,0.6711426,1.4611425,-0.24885742,-2.7988575,-0.6588574,-2.7388575,1.5611426,-0.32885742,-1.2588574,-2.8888574,-0.14885741,1.2011425,0.39114258,-0.80885744
-0.8288574,-0.9088574,-2.4688575,-3.0988574,-3.1988573,-1.8088574,-2.0288575,-2.7488575,-2.8488574,-3.9988575,-3.8688574,-4.4888573,-4.1488576,-5.798857,-6.0088573,-2.7188575,2.3011427,0.7911426,-0.3388574,3.9211426,2.7411425,5.5711427,2.7611425,2.8811426,3.1811426,3.1411426,2.4011426,-0.9588574,1.8111426,-0.5788574,-0.6088574,-1.8788574,-2.4788575,-3.8788574,0.8311426,0.14114258,-1.0688574,1.6611426,-0.15885742,0.4411426,-1.9688574
-1.2588574,-1.6088574,-0.8988574,-2.0288575,-2.3488574,-2.2088575,-3.8988574,-2.7488575,-2.8588574,-3.4888575,-4.3888574,-5.0088573,-3.9388573,-6.528857,-7.0988574,-7.9888573,-0.4988574,0.30114257,-1.0788574,-1.8988575,2.2911425,1.1111426,1.2511426,-1.5688574,3.3111427,3.4911425,2.5311425,4.2911425,3.7911425,2.6711426,-1.7288574,-2.2488575,-0.47885743,-1.1588575,-0.12885742,1.4211426,-3.0888574,-0.5388574,1.3511425,1.3311425,-0.4688574
-0.18885742,-1.3188574,0.031142578,-1.6488575,-1.3088574,-2.1988573,-2.8788574,-3.9888575,-4.2088575,-4.1388574,-4.2388573,-3.7988575,-4.1088576,-5.6388574,-5.1988573,-6.1888576,-6.528857,-4.9088573,-3.8188574,-2.2688575,-1.3988575,0.09114258,-2.3688574,-3.2588575,0.3511426,2.7311425,2.9911425,4.2511425,3.0111425,3.9411426,3.4211426,-1.1588575,-0.8988574,-0.32885742,-0.5388574,0.6011426,-0.17885742,-2.9088573,0.011142578,3.6011426,3.1911426
-0.62885743,-2.1788573,-0.68885744,-0.86885744,-1.3888574,-1.4888574,-2.3088574,-1.9988574,-2.8188574,-3.6688573,-1.7588574,-1.9688574,-2.2288575,-4.4288573,-5.9788575,-4.9888573,-6.3288574,-6.5588574,-4.778857,-3.8788574,-3.6188574,-3.2588575,-3.6688573,-3.7788575,-3.9888575,-3.1988573,0.7911426,1.9311426,4.0711427,6.221143,6.5611424,6.0411425,2.8311427,1.8311425,-0.10885742,0.8011426,0.94114256,2.6111426,1.5211426,1.5911425,0.4411426
0.021142578,-0.37885743,0.15114258,-0.6488574,-1.4888574,-1.3588574,-1.5588574,-1.7488574,-2.2988575,-1.8588574,-0.6488574,-1.4188575,-1.2988575,-2.7088575,-2.9188573,-3.7488575,-3.5188575,-4.3088574,-3.2788575,-3.4588575,-3.7888575,-2.9288573,-1.7188574,-1.0788574,-2.3688574,-4.9588575,-3.1088574,1.2711426,1.4011426,1.2311425,2.2911425,2.3011427,0.7211426,1.5611426,-0.08885742,-0.79885745,0.81114256,1.6911426,1.8011426,1.5011426,0.36114258
0.8411426,0.32114258,-2.0188575,0.10114258,0.62114257,0.3511426,-0.18885742,-0.5188574,-1.8688574,-0.21885742,-0.16885743,-1.0788574,-2.0988574,-1.8188574,-1.9188575,-1.8488574,-1.5188575,-3.0788574,-3.3188574,-2.6388574,-2.1288574,-1.8788574,-0.9088574,0.34114257,0.2811426,-2.3688574,-2.7788575,-1.8788574,1.2711426,1.7511426,1.9511425,2.2111425,0.5211426,-0.41885743,0.9911426,0.4711426,0.24114257,0.07114258,0.49114257,0.21114258,0.13114257
1.2011425,1.5811425,-1.3288574,-3.0788574,-0.6988574,-0.058857422,-0.038857423,-0.4988574,0.6511426,0.5811426,1.0311426,0.4111426,-0.5088574,-0.23885742,-1.5988574,-1.9088575,-2.4088573,-1.6788574,-2.4688575,-2.5888574,-1.4988574,-1.7588574,-0.038857423,0.48114258,-0.5088574,-1.5788574,-1.8288574,-2.4888575,1.8811426,2.3011427,2.4911425,2.3511426,2.2511425,1.6411426,-0.13885742,0.45114258,-0.18885742,-0.9588574,-1.1688575,-0.7088574,-0.81885743
0.6111426,-0.08885742,-1.2588574,-0.86885744,-1.5388575,0.5511426,0.9811426,0.9211426,0.51114255,0.8911426,1.0111426,1.4211426,2.0311425,-0.10885742,-0.13885742,-0.92885745,-1.4788574,-1.6288574,-0.34885743,-1.6188574,-1.8588574,-0.9588574,-1.1888574,-0.21885742,-0.11885742,-1.7288574,-2.3788574,-0.44885743,-0.38885742,1.9311426,2.7011425,3.2811425,2.3111427,1.8611426,1.0211426,0.70114255,0.081142575,-0.26885742,-1.1888574,-1.4788574,0.051142577
