wind_kz.json
{"header": {"discipline":0,"disciplineName":"Meteorological products","gribEdition":2,"gribLength":948,"center":7,"centerName":"US National Weather Service - NCEP(WMC)","subcenter":0,"refTime":"2023-09-09T18:00:00.000Z","significanceOfRT":1,"significanceOfRTName":"Start of forecast","productStatus":0,"productStatusName":"Operational products","productType":1,"productTypeName":"Forecast products","productDefinitionTemplate":0,"productDefinitionTemplateName":"Analysis/forecast at horizontal level/layer at a point in time","parameterCategory":0,"parameterCategoryName":"UnknownDiscipline_0_Category_0","parameterNumber":0,"parameterNumberName":"UnknownParameter_D0_C0_0","parameterUnit":"Unknown","genProcessType":2,"genProcessTypeName":"Forecast","forecastTime":300,"surface1Type":1,"surface1TypeName":"Ground or water surface","surface1Value":0.0,"surface2Type":255,"surface2TypeName":"Missing","surface2Value":0.0,"gridDefinitionTemplate":0,"gridDefinitionTemplateName":"Latitude_Longitude","numberPoints":615,"shape":6,"shapeName":"Earth spherical with radius of 6,371,229.0 m","gridUnits":"degrees","resolution":48,"winds":"true","scanMode":64,"nx":41,"ny":15,"basicAngle":0,"lo1":47.0,"la1":41.0,"lo2":87.0,"la2":55.0,"dx":1.0,"dy":1.0}, "data":
[rows 0 to 14 of 15, columns 0 to 40 of 41]
305.83893,294.0389,298.5389,296.63892,296.63892,295.5389,303.4389,307.23892,303.33893,305.23892,303.83893,304.4389,303.83893,303.33893,303.83893,305.83893,306.5389,306.63892,308.13892,308.13892,311.13892,306.73892,307.0389,305.4389,309.23892,303.0389,291.5389,275.83893,294.83893,289.4389,289.33893,285.33893,299.63892,305.73892,313.5389,318.63892,320.4389,319.9389,319.63892,320.73892,322.33893
285.0389,297.63892,296.0389,296.23892,296.0389,294.33893,306.0389,300.83893,300.5389,300.33893,303.0389,301.83893,302.13892,301.0389,301.33893,302.23892,305.0389,305.13892,304.33893,305.73892,306.4389,304.63892,304.13892,297.33893,279.0389,283.5389,290.5389,280.73892,287.4389,278.13892,292.23892,277.73892,292.4389,270.23892,275.23892,303.23892,299.63892,310.13892,314.73892,306.13892,285.63892
298.33893,295.63892,296.4389,295.9389,293.73892,301.33893,300.23892,300.33893,298.5389,297.73892,297.73892,299.63892,299.33893,300.33893,298.33893,301.4389,301.4389,301.83893,302.4389,302.83893,303.4389,302.0389,304.4389,299.23892,299.33893,295.9389,298.83893,290.63892,288.33893,287.0389,274.13892,286.63892,286.13892,296.0389,296.23892,294.33893,290.13892,286.63892,296.33893,291.73892,290.0389
298.13892,294.83893,295.83893,294.83893,294.5389,297.9389,297.23892,298.4389,299.0389,298.63892,298.63892,297.4389,292.23892,291.5389,298.5389,299.23892,298.33893,299.5389,300.83893,301.83893,298.9389,299.9389,300.23892,300.73892,297.0389,291.0389,299.0389,295.13892,297.33893,297.63892,295.83893,286.73892,290.0389,299.33893,305.0389,301.73892,291.4389,281.13892,295.9389,302.0389,306.73892
297.83893,292.63892,293.83893,292.23892,293.5389,294.73892,297.4389,298.23892,296.5389,296.5389,297.33893,296.83893,291.13892,289.83893,288.4389,297.4389,297.63892,295.83893,295.4389,296.63892,298.63892,299.83893,300.63892,300.83893,302.13892,303.4389,302.83893,298.5389,286.83893,288.0389,293.0389,288.73892,276.83893,273.33893,287.4389,302.13892,301.13892,310.5389,309.0389,306.83893,307.83893
296.5389,295.73892,291.73892,291.0389,291.63892,290.5389,297.13892,296.5389,294.5389,294.5389,293.63892,293.33893,291.23892,291.0389,292.9389,293.83893,294.0389,295.23892,293.9389,296.4389,296.83893,296.33893,295.5389,297.23892,298.4389,298.73892,298.33893,289.0389,299.5389,294.13892,300.33893,291.83893,291.63892,292.83893,287.5389,291.33893,296.9389,296.63892,300.23892,299.63892,301.9389
294.5389,296.23892,295.4389,296.33893,295.0389,297.33893,297.73892,295.63892,295.23892,294.13892,294.33893,292.9389,292.73892,292.83893,293.13892,292.5389,293.5389,293.63892,294.0389,294.4389,293.83893,293.63892,288.4389,291.0389,292.4389,294.33893,296.23892,297.9389,301.33893,298.23892,299.23892,301.33893,290.23892,293.63892,294.23892,289.4389,292.9389,289.33893,290.5389,288.0389,299.73892
294.4389,295.13892,296.4389,295.73892,295.13892,296.0389,297.13892,295.23892,294.0389,293.0389,293.13892,292.0389,292.73892,291.73892,292.9389,293.13892,292.9389,292.5389,292.13892,291.23892,291.0389,291.23892,285.0389,283.83893,283.33893,282.13892,284.13892,291.9389,289.33893,291.33893,282.13892,279.83893,296.83893,284.0389,295.33893,291.13892,304.0389,288.33893,304.83893,297.23892,302.33893
293.9389,294.0389,294.63892,294.5389,294.0389,294.63892,295.0389,294.13892,293.4389,293.23892,292.63892,293.4389,292.5389,293.23892,291.63892,292.5389,291.63892,292.0389,290.4389,290.13892,284.9389,283.73892,282.83893,284.63892,282.63892,281.23892,277.9389,279.83893,277.73892,280.9389,278.23892,276.73892,275.83893,277.63892,279.83893,290.5389,297.0389,296.9389,288.13892,284.63892,289.5389
293.4389,292.83893,293.4389,293.5389,293.13892,293.23892,294.23892,293.13892,293.0389,293.13892,292.23892,292.0389,294.0389,292.33893,291.0389,290.4389,290.83893,291.13892,290.23892,290.4389,288.9389,287.63892,286.73892,281.73892,280.63892,279.9389,280.33893,280.23892,279.33893,279.5389,279.5389,281.13892,282.63892,281.5389,279.23892,280.0389,282.4389,288.23892,285.0389,289.23892,283.4389
291.13892,291.4389,291.13892,290.9389,291.63892,292.13892,291.63892,291.63892,290.63892,291.9389,291.5389,290.33893,290.83893,289.73892,288.83893,288.4389,288.5389,289.33893,289.23892,288.0389,288.5389,287.23892,286.73892,286.4389,285.23892,285.73892,282.23892,281.4389,282.0389,281.4389,281.13892,284.23892,284.23892,282.13892,281.73892,278.63892,274.23892,277.4389,288.9389,288.23892,284.73892
290.4389,291.73892,291.83893,291.4389,290.23892,289.83893,288.9389,290.33893,290.83893,290.4389,287.9389,287.4389,286.9389,286.23892,286.13892,286.5389,286.9389,287.13892,287.4389,286.5389,284.83893,284.23892,284.0389,283.9389,282.9389,285.13892,284.73892,286.4389,283.63892,282.0389,282.33893,281.23892,281.5389,282.5389,281.4389,282.13892,280.5389,278.0389,276.83893,278.83893,280.33893
287.63892,289.83893,289.73892,289.5389,287.83893,287.23892,288.4389,289.83893,290.13892,288.4389,284.23892,283.4389,285.33893,284.33893,285.23892,285.0389,285.4389,284.9389,285.73892,284.63892,283.9389,282.4389,282.0389,281.23892,283.13892,284.5389,285.5389,284.73892,285.23892,284.9389,281.9389,281.4389,282.13892,280.5389,280.83893,281.0389,280.13892,279.23892,278.83893,277.5389,278.63892
290.0389,289.73892,288.33893,289.13892,287.63892,287.4389,286.5389,285.5389,286.23892,286.13892,283.13892,280.73892,283.73892,284.23892,284.4389,284.4389,284.33893,283.9389,284.33893,284.4389,284.33893,284.13892,284.33893,283.73892,284.0389,285.0389,284.33893,283.83893,282.73892,283.5389,278.9389,278.63892,279.5389,279.0389,280.5389,278.0389,278.9389,279.23892,280.9389,277.4389,278.73892
287.33893,289.9389,287.33893,288.13892,286.4389,286.13892,285.4389,284.9389,286.33893,286.0389,282.33893,283.73892,280.33893,282.23892,283.4389,284.5389,284.33893,283.9389,284.63892,283.9389,284.5389,284.13892,284.23892,283.5389,283.33893,283.23892,283.5389,282.4389,282.0389,281.83893,278.63892,280.0389,277.5389,277.73892,278.33893,281.4389,280.13892,278.83893,279.73892,280.33893,280.23892
