wind_kz.json
{"header": {"discipline":0,"disciplineName":"Meteorological products","gribEdition":2,"gribLength":1025,"center":7,"centerName":"US National Weather Service - NCEP(WMC)","subcenter":0,"refTime":"2023-08-06T12:00:00.000Z","significanceOfRT":1,"significanceOfRTName":"Start of forecast","productStatus":0,"productStatusName":"Operational products","productType":1,"productTypeName":"Forecast products","productDefinitionTemplate":0,"productDefinitionTemplateName":"Analysis/forecast at horizontal level/layer at a point in time","parameterCategory":2,"parameterCategoryName":"UnknownDiscipline_0_Category_2","parameterNumber":3,"parameterNumberName":"UnknownParameter_D0_C2_3","parameterUnit":"Unknown","genProcessType":2,"genProcessTypeName":"Forecast","forecastTime":300,"surface1Type":103,"surface1TypeName":"Specified height level above ground","surface1Value":10.0,"surface2Type":255,"surface2TypeName":"Missing","surface2Value":0.0,"gridDefinitionTemplate":0,"gridDefinitionTemplateName":"Latitude_Longitude","numberPoints":615,"shape":6,"shapeName":"Earth spherical with radius of 6,371,229.0 m","gridUnits":"degrees","resolution":48,"winds":"true","scanMode":64,"nx":41,"ny":15,"basicAngle":0,"lo1":47.0,"la1":41.0,"lo2":87.0,"la2":55.0,"dx":1.0,"dy":1.0}, "data":
[rows 0 to 14 of 15, columns 0 to 40 of 41]
0.4543439,-2.885656,-0.47565612,-5.545656,-4.895656,-3.8556561,-1.8156562,-1.1356561,-0.04565613,0.8543439,2.9143438,2.9043438,1.7243439,0.51434386,-0.23565613,-2.0056562,-1.8056561,0.004343872,-1.9056561,-2.705656,-1.5456561,-1.2256562,1.1943439,-1.1756561,-1.0356561,-1.4456562,-1.3256562,0.69434386,1.4143438,3.2443438,0.6843439,0.6143439,0.9843439,0.47434387,-2.175656,-1.9456562,-0.47565612,-2.1256561,-1.9356561,-0.79565614,0.35434386
3.3843439,0.41434386,-3.685656,-6.245656,-6.625656,-5.345656,-1.2556561,0.9843439,0.06434387,1.1643438,1.9643439,1.6543438,1.7643439,2.1443439,-0.47565612,-0.9056561,0.58434385,-0.2956561,-2.655656,-3.8056562,-3.715656,-2.435656,-1.2856561,0.9743439,1.1143439,0.44434386,-2.2756562,0.82434386,0.14434387,1.5343438,4.414344,4.3043437,0.20434387,-1.3956561,-3.0956562,-3.1256561,-3.0056562,-3.465656,-0.43565613,-1.8156562,0.51434386
-1.0456561,-5.845656,-5.395656,-5.9456563,-6.9456563,-6.4656563,-5.085656,2.064344,4.334344,2.774344,2.8843439,3.4843438,2.1443439,1.1243439,0.31434387,-0.8756561,-1.3856561,-1.4656562,-1.7356561,-2.635656,-3.415656,-2.735656,0.75434387,-0.39565614,0.49434388,0.96434385,1.6143439,0.35434386,-0.19565612,2.4043438,4.024344,1.6343439,2.594344,-1.2156562,-0.48565614,3.104344,3.594344,0.17434387,0.29434386,-0.8156561,-0.38565612
-5.545656,-6.565656,-5.105656,-6.1356564,-5.065656,-6.035656,-5.565656,2.7143438,3.6443439,4.2843437,3.9543438,3.834344,3.764344,3.264344,1.2443439,-1.6056561,-3.165656,-2.965656,-3.1156561,-3.665656,-1.5856562,-0.33565614,-0.40565613,-0.08565613,0.09434387,-0.38565612,-2.8556561,1.5843439,2.2243438,0.9343439,0.95434386,0.034343872,-2.5956562,-1.3856561,-0.91565615,-3.205656,-0.8156561,2.3943439,5.0143437,3.094344,2.6843438
-5.7356563,-8.675656,-5.685656,-5.395656,-5.765656,-3.465656,-5.495656,-1.8856561,3.9643438,4.504344,4.8443437,4.8443437,4.184344,3.4043438,1.9143438,-1.0456561,-3.0656562,-2.485656,-2.905656,-3.6256561,-3.155656,-0.9556561,0.4843439,1.0143439,0.074343875,-2.0156562,-1.2256562,-0.105656125,1.9143438,1.9143438,3.4643438,1.5443438,2.794344,2.9243438,-0.99565613,-1.8156562,0.7843439,-0.08565613,1.1243439,2.4643438,2.854344
-5.415656,-5.1356564,-8.395657,-3.465656,-4.6356564,-5.9056563,-4.5056562,-4.575656,-3.135656,3.3843439,4.404344,4.314344,4.134344,3.064344,2.1443439,-0.18565613,0.17434387,-0.91565615,-3.715656,-3.385656,-3.485656,-3.0656562,-0.6956561,0.49434388,1.2543439,0.024343872,-0.80565614,-1.5056561,3.264344,2.2443438,3.9843438,2.104344,2.4243438,2.774344,3.084344,-0.48565614,4.144344,0.5343439,-1.2856561,0.58434385,2.9243438
-4.185656,-4.4656563,-5.615656,-6.705656,-2.0856562,-2.3056562,-4.035656,-8.925656,-2.165656,-0.48565614,3.774344,4.854344,5.084344,3.9743438,3.6343439,3.274344,2.9543438,0.16434388,-2.3056562,-3.1156561,-3.6056561,-3.5256562,-3.7756562,-3.435656,1.0443438,0.24434388,0.004343872,-0.015656129,1.3143439,3.6743438,3.6743438,2.274344,2.014344,0.29434386,0.35434386,-0.9056561,-2.925656,0.25434387,0.08434387,-1.3156562,0.19434386
-3.7556562,-4.055656,-5.1556563,-3.385656,-3.715656,-0.17565612,-0.43565613,-1.5056561,-5.185656,-7.865656,-7.935656,-6.325656,-2.205656,0.52434385,2.3943439,4.7443438,3.4843438,1.8343439,-0.23565613,-1.1056561,-3.695656,-4.115656,-4.245656,-3.2756562,-2.945656,-0.8956561,1.9543439,-0.74565613,1.2043439,3.514344,2.6243439,1.9343438,0.4843439,1.3043438,2.344344,1.3243439,-0.44565612,1.4143438,-0.7756561,0.16434388,-2.0556562
-4.9656563,-4.4456563,-4.475656,-5.2556562,-4.975656,-2.3156562,2.4943438,2.294344,2.1243439,3.364344,-3.5056562,-4.395656,-3.425656,-4.315656,-5.105656,-0.46565613,4.224344,3.834344,2.8943439,1.5643439,-0.065656126,-2.8456562,-3.965656,-3.8256562,-3.6156561,-3.7856562,-2.465656,-1.8856561,0.71434385,1.8743439,3.554344,3.524344,2.284344,1.1343439,0.52434385,2.334344,-0.79565614,2.2343438,2.1443439,1.2543439,-0.7556561
-4.375656,-3.975656,-4.805656,-4.355656,-4.4856563,-4.5056562,-2.0556562,-0.34565613,1.3543439,2.7043438,5.8643436,5.294344,2.4643438,0.76434386,-2.725656,-4.585656,3.2143438,4.154344,4.004344,3.4743438,3.3843439,1.3643439,-1.4956561,-3.2956562,-2.695656,-1.8156562,-2.3256562,-1.1756561,-2.1156561,-3.1056561,0.96434385,1.0643439,1.9943439,1.5143439,-1.2056562,-0.99565613,1.0443438,-2.655656,0.75434387,4.684344,3.284344
-3.0456562,-3.5356562,-4.375656,-4.7356563,-3.2756562,-2.5856562,-1.7256562,-0.92565614,-1.1056561,-2.3756561,-1.8856561,3.604344,5.124344,3.9043438,5.8243437,4.164344,4.794344,3.1343439,2.6443439,2.504344,2.4943438,0.52434385,-1.5956562,-0.24565613,-1.8256562,-2.0656562,-0.6356561,-1.3556561,-0.08565613,-2.455656,2.6243439,0.044343874,1.9743439,1.3343439,0.44434386,0.9843439,-0.40565613,2.1543438,2.7143438,2.1843438,0.90434384
-1.9856561,-3.0756562,-3.205656,-4.035656,-4.555656,-3.3356562,-1.6056561,-1.0056561,-2.2556562,0.6043439,-0.025656128,0.16434388,-1.0256561,-2.215656,0.08434387,1.7043439,3.524344,3.254344,1.9943439,1.6443439,1.3443439,0.09434387,-1.5956562,-1.7656561,-0.92565614,-1.1756561,-1.2156562,-1.2556561,-1.7956561,-1.5456561,-1.8056561,-1.1556561,0.06434387,2.3743439,1.5543438,1.4643439,2.854344,1.6643438,2.084344,2.2343438,1.8043438
-1.9256561,-0.6256561,-2.3656561,-2.6156561,-3.7756562,-2.205656,-2.0656562,-2.495656,-3.425656,0.074343875,0.29434386,1.0143439,1.4343438,1.8943439,2.044344,3.2443438,1.1443439,1.6043439,1.3243439,0.26434386,-0.6456561,-1.2256562,-2.0556562,-2.165656,-3.635656,-3.3456562,-4.315656,-4.035656,-2.0556562,-1.4356561,-1.0456561,-0.37565613,-0.48565614,-0.08565613,0.4543439,0.20434387,-0.7556561,0.9743439,0.33434388,2.2243438,1.6943439
-3.655656,-3.1156561,-3.975656,-3.0356562,-4.515656,-3.2856562,-3.5856562,-2.975656,-1.4756562,-1.7056562,0.4543439,1.1643438,0.074343875,1.5043439,2.504344,1.2643439,2.7343438,1.2543439,0.41434386,0.43434387,0.044343874,-1.1956562,-2.465656,-2.905656,-3.185656,-2.925656,-2.915656,-2.915656,-2.1256561,-1.7456561,-1.7856561,-0.13565613,1.0443438,2.274344,1.2543439,1.0943439,0.76434386,-0.055656128,0.76434386,0.9743439,0.8443439
-2.1256561,-4.785656,-5.285656,-2.7656562,-3.3456562,-3.3356562,-4.375656,-4.595656,-2.175656,-3.425656,0.114343874,0.96434385,1.3843439,-0.20565613,1.2843438,1.3543439,1.4843439,1.9243438,1.5043439,1.0443438,0.06434387,-1.5156561,-2.225656,-3.395656,-3.6156561,-3.5656562,-4.065656,-3.1056561,-2.3756561,-1.7156562,-1.1756561,-0.035656128,-0.24565613,0.76434386,1.6443439,1.5643439,1.9543439,2.524344,1.5243438,1.7743438,0.9943439
