wind_kz.json
{"header": {"discipline":0,"disciplineName":"Meteorological products","gribEdition":2,"gribLength":1025,"center":7,"centerName":"US National Weather Service - NCEP(WMC)","subcenter":0,"refTime":"2023-09-26T12:00:00.000Z","significanceOfRT":1,"significanceOfRTName":"Start of forecast","productStatus":0,"productStatusName":"Operational products","productType":1,"productTypeName":"Forecast products","productDefinitionTemplate":0,"productDefinitionTemplateName":"Analysis/forecast at horizontal level/layer at a point in time","parameterCategory":2,"parameterCategoryName":"UnknownDiscipline_0_Category_2","parameterNumber":3,"parameterNumberName":"UnknownParameter_D0_C2_3","parameterUnit":"Unknown","genProcessType":2,"genProcessTypeName":"Forecast","forecastTime":180,"surface1Type":103,"surface1TypeName":"Specified height level above ground","surface1Value":10.0,"surface2Type":255,"surface2TypeName":"Missing","surface2Value":0.0,"gridDefinitionTemplate":0,"gridDefinitionTemplateName":"Latitude_Longitude","numberPoints":615,"shape":6,"shapeName":"Earth spherical with radius of 6,371,229.0 m","gridUnits":"degrees","resolution":48,"winds":"true","scanMode":64,"nx":41,"ny":15,"basicAngle":0,"lo1":47.0,"la1":41.0,"lo2":87.0,"la2":55.0,"dx":1.0,"dy":1.0}, "data":
[rows 0 to 14 of 15, columns 0 to 40 of 41]
0.42031983,-0.5496802,0.5803198,-4.20968,-5.59968,-5.2396803,-2.2496803,3.3503199,0.5803198,-0.33968017,-0.63968015,1.0903199,2.2103198,1.4503198,0.68031985,-0.25968018,-2.7396803,-1.7296802,-2.6096802,-1.9096801,-2.0696802,-1.9196801,0.29031983,-0.9596802,-0.94968015,-0.8496802,-0.69968015,1.1203198,2.7103198,0.99031985,-0.93968016,-1.5596802,-0.019680176,-1.6096802,-0.7996802,2.9003198,1.6803198,0.3403198,-0.33968017,-0.7996802,0.86031985
2.06032,1.6503198,-0.41968018,-3.2496803,-4.35968,-3.94968,-1.4296802,0.99031985,0.33031982,-0.42968017,-1.3996801,-2.4896803,0.13031982,1.7103199,-0.68968016,-0.9696802,-0.32968017,-1.2596802,-3.5496802,-3.8596802,-2.8996801,-1.1796802,-0.17968017,1.7303199,0.42031983,0.060319826,-2.2796803,1.1203198,0.11031982,1.7403198,2.5903199,3.4903197,-1.1496801,-1.9096801,-3.19968,-1.3796802,-1.2796801,-1.7396802,-0.15968017,-1.1396801,0.13031982
0.7603198,-2.5196803,-2.4896803,-4.04968,-4.3696804,1.3003198,1.3803198,0.49031982,0.57031983,-0.5196802,-2.0096803,-1.9696802,-2.0696802,1.0503198,1.1203198,-0.7396802,-1.7396802,-2.7596803,-1.8496802,-1.8996801,-0.7796802,-1.8596802,-0.16968018,0.23031983,0.070319824,-0.29968017,-0.17968017,-0.079680175,-0.24968018,0.62031984,2.0003197,0.19031982,1.4703199,-0.69968015,-0.009680176,1.4403198,2.5003197,-0.25968018,0.050319824,-0.55968016,0.7003198
-0.30968016,-0.69968015,-1.6696801,-1.5196801,-1.7196802,2.1603198,2.33032,2.1203198,2.4203198,1.8203198,3.198242E-4,-1.6396801,-3.2696803,-0.8996802,0.6403198,-1.5196801,-3.2696803,-2.8196802,-3.16968,-2.97968,0.11031982,-1.5296801,1.9203198,-0.81968015,-1.5896802,-2.1296802,-2.6096802,-3.1196802,0.69031984,-1.5696802,-2.2396803,-1.9096801,-1.6196802,-0.61968017,-0.33968017,-2.17968,0.100319825,3.4503198,0.39031982,0.030319825,-0.18968017
-0.5296802,-2.0296803,0.41031983,0.69031984,2.30032,3.2203197,1.6503198,1.2703198,2.02032,2.2403197,0.9603198,-0.039680175,-1.4896802,-2.7496803,0.49031982,-1.7196802,-2.3596802,-1.7796801,-1.0196801,-1.7896801,-1.2496802,-0.99968016,-1.2296802,-1.3296802,-1.6496801,-1.5796802,-2.0396802,-1.6696801,-1.5696802,-1.8896801,-2.19968,-0.3796802,2.6403198,2.80032,-1.1096802,-1.5096802,-0.9696802,-1.1096802,-1.9496802,-2.6496801,-3.93968
-0.5796802,-0.8396802,1.6603198,0.12031982,2.31032,2.6503198,2.1803198,1.9103198,1.7103199,1.2903198,0.3703198,-0.019680176,-1.9396802,-2.19968,-1.2896801,-2.2696803,-1.1496801,1.2303199,0.050319824,0.44031984,-0.5196802,0.69031984,0.18031983,-0.9796802,-1.2796801,-1.5596802,-2.5396802,-2.5696802,-2.8896801,-3.0596802,-2.5696802,-1.8296802,-1.9296802,1.0103198,1.9903198,-0.16968018,1.4403198,0.93031985,0.8903198,-0.93968016,-1.4596802
2.6603198,-0.13968018,2.1403198,1.5603198,3.6403198,2.56032,3.1003199,2.3703198,1.8403199,1.9803199,2.31032,-0.19968018,0.030319825,-1.8996801,-1.2696801,-2.0596802,-1.6096802,2.2103198,1.5203198,1.4103198,1.3303199,1.2503198,1.2503198,0.81031984,0.13031982,-0.56968015,-2.1096802,-2.2996802,-3.42968,-3.8996801,-4.4096804,-4.59968,-4.47968,-1.6996802,0.7303198,0.030319825,-1.9196801,-0.42968017,-0.5296802,-1.0396801,-1.0496802
2.7503197,3.1603198,2.6603198,2.8703198,3.1603198,3.30032,3.32032,3.4803197,3.31032,2.9503198,2.4903197,1.6003199,0.45031983,0.6003198,-0.6596802,-1.0996802,-1.9996802,1.0603198,3.1703198,3.05032,1.5703198,0.9203198,-0.039680175,1.9903198,2.1503198,1.3803198,0.8903198,-1.2096802,-1.6096802,-3.67968,-3.95968,-3.7496803,-6.08968,-5.9696803,-1.6796802,-0.81968015,-0.9096802,1.9103198,0.2803198,0.23031983,0.41031983
0.9003198,4.23032,3.4603198,3.3803198,2.7003198,2.02032,3.6103199,3.27032,3.0103197,3.2103198,1.7303199,1.8303199,1.1503198,1.4203198,0.7303198,-0.50968015,-0.21968018,-1.5196801,2.9703197,3.78032,2.81032,2.52032,2.5903199,1.6703198,1.6303198,2.1503198,0.62031984,-0.39968017,-0.5996802,-0.86968017,-1.9096801,-3.1496801,-2.5696802,-3.1596801,-1.9096801,-1.8496802,-2.93968,-1.2296802,0.39031982,0.38031983,-2.5696802
-2.5696802,-0.4396802,3.9703197,3.6303198,3.9303198,3.3903198,1.5203198,3.1403198,3.6303198,3.2303197,3.6603198,0.33031982,-1.9696802,1.8603199,1.9103198,1.0403198,0.75031984,-0.039680175,-0.39968017,2.78032,3.6403198,3.8903198,3.4303198,2.56032,2.32032,2.0003197,1.0103198,0.9703198,0.25031984,-0.049680177,-0.019680176,-0.9596802,-2.4096801,-2.8196802,-2.0296803,-0.5396802,0.040319823,-2.0596802,-1.2696801,0.62031984,2.1103199
-0.5196802,-0.049680177,-0.35968018,2.9103198,3.2003198,3.2003198,1.9903198,2.9203198,3.55032,3.1403198,3.1703198,1.3103198,1.0403198,-0.5896802,-0.86968017,2.3503199,2.3603199,1.1403198,1.3403199,-0.48968017,2.8703198,4.18032,3.6803198,3.5003197,2.4803197,2.6703198,1.3303199,1.7403198,1.8903198,1.1403198,-0.049680177,-1.2896801,-2.0596802,-2.2396803,-2.8596802,-0.8396802,-0.29968017,1.4903198,1.0503198,1.2203199,0.060319826
0.29031983,0.9803198,1.4303198,1.4803199,3.32032,3.1903198,2.3503199,1.9603199,1.2903198,1.9203198,1.9703199,2.6803198,2.5903199,0.5103198,-1.1896802,2.53032,3.3703198,2.7303197,1.8803198,1.6203198,2.6503198,2.80032,2.8903198,2.81032,2.6603198,2.8603199,3.0103197,3.27032,3.2003198,2.1403198,0.46031982,-0.32968017,-0.9796802,-1.6096802,-1.9596802,-2.5196803,-1.6596801,-0.049680177,0.88031983,1.2003198,0.2803198
1.5803199,0.9603198,1.7703198,1.7403198,1.6603198,1.2703198,1.8203198,3.4303198,2.6303198,1.6003199,0.9703198,1.1603198,2.2403197,-1.1096802,1.7503198,2.6303198,3.1003199,2.6103199,3.06032,2.8403199,2.9603198,3.6103199,3.1303198,3.1003199,3.29032,3.1103199,3.1003199,3.4003198,3.3503199,2.7103198,1.7903198,1.1103199,0.24031982,-0.25968018,-0.6096802,-1.1396801,-1.9796802,-1.2896801,-1.4196801,-1.0796802,-0.55968016
2.6403198,1.5703198,2.52032,2.7003198,1.5703198,1.0303198,2.33032,3.4803197,3.2003198,3.08032,1.8303199,0.5103198,0.25031984,1.0103198,0.87031984,0.3103198,-0.92968017,2.33032,2.6503198,2.6903198,3.1903198,3.2103198,3.1403198,3.06032,3.1803198,3.2203197,3.1603198,3.52032,3.4303198,3.3603199,2.7603197,2.1803198,1.8603199,1.3803198,0.13031982,-0.27968016,-0.6496802,-1.1596801,-1.2396802,-0.9096802,-0.9696802
2.6903198,2.77032,2.6503198,2.82032,1.9303198,1.6403198,1.1603198,2.2303197,2.28032,2.05032,1.2103199,1.9803199,2.1903198,-0.25968018,0.50031984,1.2103199,0.040319823,0.5303198,0.7803198,0.5303198,1.6603198,2.9803197,3.31032,3.3403199,3.4703197,3.7003198,3.9303198,4.0303197,3.82032,3.53032,3.56032,3.9803197,2.54032,2.29032,1.8003198,1.1403198,0.7603198,0.61031985,0.5803198,-0.31968018,-0.23968017
