wind_kz.json
{"header": {"discipline":0,"disciplineName":"Meteorological products","gribEdition":2,"gribLength":871,"center":7,"centerName":"US National Weather Service - NCEP(WMC)","subcenter":0,"refTime":"2023-10-04T12:00:00.000Z","significanceOfRT":1,"significanceOfRTName":"Start of forecast","productStatus":0,"productStatusName":"Operational products","productType":1,"productTypeName":"Forecast products","productDefinitionTemplate":0,"productDefinitionTemplateName":"Analysis/forecast at horizontal level/layer at a point in time","parameterCategory":0,"parameterCategoryName":"UnknownDiscipline_0_Category_0","parameterNumber":0,"parameterNumberName":"UnknownParameter_D0_C0_0","parameterUnit":"Unknown","genProcessType":2,"genProcessTypeName":"Forecast","forecastTime":180,"surface1Type":1,"surface1TypeName":"Ground or water surface","surface1Value":0.0,"surface2Type":255,"surface2TypeName":"Missing","surface2Value":0.0,"gridDefinitionTemplate":0,"gridDefinitionTemplateName":"Latitude_Longitude","numberPoints":615,"shape":6,"shapeName":"Earth spherical with radius of 6,371,229.0 m","gridUnits":"degrees","resolution":48,"winds":"true","scanMode":64,"nx":41,"ny":15,"basicAngle":0,"lo1":47.0,"la1":41.0,"lo2":87.0,"la2":55.0,"dx":1.0,"dy":1.0}, "data":
[rows 0 to 14 of 15, columns 0 to 40 of 41]
285.61496,275.81497,281.71497,293.01495,293.01495,291.71497,287.41498,288.81497,287.51495,288.11496,285.81497,285.71497,285.01495,284.71497,284.61496,283.61496,284.91498,286.71497,286.01495,287.21497,288.21497,289.61496,288.91498,284.11496,285.51495,288.71497,286.41498,272.81497,270.81497,270.61496,271.21497,266.21497,279.31497,284.91498,286.71497,287.21497,286.61496,286.01495,286.61496,286.51495,285.81497
264.01495,278.51495,292.61496,292.51495,292.71497,290.91498,285.31497,284.01495,282.71497,282.91498,283.61496,282.81497,282.21497,281.61496,281.51495,281.91498,282.81497,282.71497,282.31497,283.21497,287.61496,289.51495,288.01495,284.41498,271.61496,273.11496,282.21497,274.51495,273.71497,270.31497,275.21497,269.11496,272.61496,250.91496,270.71497,283.41498,281.71497,283.51495,286.61496,279.21497,283.41498
278.81497,292.21497,292.11496,291.81497,290.21497,282.31497,282.41498,282.21497,282.21497,281.81497,281.31497,281.81497,280.91498,281.11496,281.71497,279.61496,279.01495,278.91498,279.31497,280.91498,283.61496,287.01495,288.81497,286.91498,288.31497,286.11496,289.61496,287.51495,287.01495,279.31497,270.21497,272.41498,277.81497,276.41498,278.21497,279.21497,272.41498,271.91498,272.01495,267.61496,268.41498
282.71497,290.91498,291.71497,290.91498,287.61496,280.31497,281.11496,279.81497,280.01495,279.71497,280.51495,280.11496,289.11496,288.51495,279.41498,278.41498,279.71497,278.11496,278.61496,279.51495,281.41498,280.91498,286.21497,289.31497,290.31497,289.61496,292.11496,288.91498,288.71497,289.91498,288.21497,286.01495,287.81497,285.41498,284.31497,283.11496,269.71497,263.81497,274.41498,279.91498,283.31497
286.01495,290.51495,290.81497,290.01495,286.41498,281.01495,281.61496,281.41498,281.31497,280.81497,280.11496,278.81497,288.01495,286.71497,285.41498,277.91498,278.11496,278.61496,277.51495,279.91498,281.21497,282.91498,284.51495,288.71497,289.11496,289.01495,287.71497,289.11496,291.91498,289.71497,290.11496,287.51495,278.21497,269.41498,274.91498,283.91498,285.91498,286.81497,286.31497,286.61496,286.81497
281.01495,280.11496,288.71497,289.11496,289.21497,288.61496,280.61496,282.01495,280.61496,279.71497,280.61496,280.51495,286.31497,287.41498,282.11496,277.01495,278.91498,277.11496,277.51495,279.01495,279.91498,280.81497,282.71497,284.31497,287.11496,288.71497,289.11496,286.71497,290.21497,290.41498,288.01495,288.41498,288.31497,284.21497,285.01495,287.41498,278.81497,278.91498,283.21497,285.51495,285.71497
280.01495,279.81497,281.71497,281.61496,282.71497,280.41498,279.81497,280.61496,280.71497,280.41498,278.81497,278.61496,278.01495,278.61496,278.01495,279.11496,277.21497,277.31497,276.31497,276.51495,277.61496,279.31497,282.51495,282.81497,284.01495,286.21497,287.51495,289.81497,288.11496,287.11496,286.91498,286.61496,285.21497,285.71497,286.11496,284.81497,280.31497,276.81497,273.71497,272.41498,282.41498
280.61496,279.81497,280.61496,280.71497,281.21497,280.71497,280.31497,279.31497,278.91498,278.41498,278.61496,278.11496,277.11496,278.21497,278.41498,278.31497,277.71497,277.01495,276.21497,273.81497,275.01495,275.91498,278.01495,280.11496,281.51495,281.91498,284.01495,285.31497,284.61496,283.91498,282.81497,284.61496,282.91498,282.41498,280.71497,281.11496,283.21497,284.71497,286.41498,285.31497,281.41498
281.51495,281.01495,281.01495,280.11496,280.21497,279.61496,279.61496,279.51495,278.61496,277.51495,277.11496,276.71497,276.31497,276.91498,276.51495,276.81497,276.01495,275.21497,274.61496,273.91498,272.61496,273.11496,274.71497,278.31497,277.81497,279.51495,281.21497,282.41498,283.51495,281.71497,282.31497,283.31497,284.91498,283.21497,282.31497,281.61496,280.91498,283.81497,273.21497,272.41498,270.21497
282.91498,281.51495,280.81497,279.01495,278.81497,279.41498,279.31497,278.71497,278.31497,277.31497,275.61496,275.11496,275.51495,276.11496,276.01495,276.31497,275.81497,275.11496,274.31497,273.91498,273.01495,272.61496,274.41498,275.31497,278.31497,277.61496,279.01495,281.31497,284.11496,284.41498,283.91498,285.01495,285.41498,284.91498,284.91498,283.41498,282.21497,277.51495,273.81497,276.11496,271.21497
281.51495,280.91498,279.41498,278.81497,277.61496,277.01495,276.81497,277.11496,276.11496,275.71497,276.71497,275.71497,276.01495,275.71497,275.41498,275.91498,275.71497,276.11496,275.21497,274.71497,274.11496,273.51495,273.81497,274.31497,275.71497,276.91498,275.91498,277.41498,279.61496,282.11496,283.11496,284.91498,285.31497,286.91498,286.61496,283.21497,279.51495,278.51495,276.71497,275.41498,273.81497
280.61496,280.31497,279.41498,276.41498,275.81497,275.31497,274.31497,274.11496,274.41498,274.31497,273.41498,273.41498,274.91498,274.51495,275.31497,276.31497,276.11496,275.81497,275.41498,275.51495,275.31497,274.41498,273.81497,273.41498,273.51495,275.51495,276.91498,277.91498,278.21497,280.21497,281.31497,282.91498,284.51495,284.81497,286.21497,286.81497,285.91498,285.11496,283.11496,281.01495,279.01495
276.51495,275.21497,276.71497,275.11496,276.11496,275.11496,273.51495,273.41498,272.81497,273.11496,271.61496,269.91498,272.91498,272.71497,274.31497,275.81497,275.21497,275.81497,276.61496,274.71497,274.41498,274.11496,273.71497,272.71497,273.31497,274.81497,277.31497,277.91498,278.41498,278.01495,279.51495,281.21497,282.51495,284.21497,286.61496,285.61496,285.21497,284.81497,283.61496,281.31497,280.81497
274.81497,275.81497,280.21497,276.11496,274.41498,273.81497,273.01495,273.21497,272.71497,272.41498,271.31497,269.41498,269.91498,271.31497,272.61496,273.41498,273.81497,274.01495,274.81497,275.01495,274.81497,274.61496,275.11496,274.81497,274.61496,275.11496,275.11496,275.71497,276.61496,277.21497,278.01495,278.91498,279.91498,280.81497,284.11496,283.81497,284.31497,284.01495,283.31497,281.71497,280.31497
275.81497,275.41498,283.71497,275.11496,274.41498,273.41498,273.91498,272.21497,272.61496,272.01495,271.71497,270.41498,270.71497,270.71497,271.51495,272.91498,273.21497,272.91498,273.71497,273.81497,273.61496,273.91498,273.81497,273.71497,273.81497,274.21497,274.11496,273.91498,274.71497,274.91498,275.91498,279.61496,277.21497,279.01495,280.51495,282.61496,282.91498,282.11496,285.11496,283.61496,280.71497
