wind_kz.json
{"header": {"discipline":0,"disciplineName":"Meteorological products","gribEdition":2,"gribLength":1102,"center":7,"centerName":"US National Weather Service - NCEP(WMC)","subcenter":0,"refTime":"2023-09-30T06:00:00.000Z","significanceOfRT":1,"significanceOfRTName":"Start of forecast","productStatus":0,"productStatusName":"Operational products","productType":1,"productTypeName":"Forecast products","productDefinitionTemplate":0,"productDefinitionTemplateName":"Analysis/forecast at horizontal level/layer at a point in time","parameterCategory":2,"parameterCategoryName":"UnknownDiscipline_0_Category_2","parameterNumber":2,"parameterNumberName":"UnknownParameter_D0_C2_2","parameterUnit":"Unknown","genProcessType":2,"genProcessTypeName":"Forecast","forecastTime":240,"surface1Type":103,"surface1TypeName":"Specified height level above ground","surface1Value":10.0,"surface2Type":255,"surface2TypeName":"Missing","surface2Value":0.0,"gridDefinitionTemplate":0,"gridDefinitionTemplateName":"Latitude_Longitude","numberPoints":615,"shape":6,"shapeName":"Earth spherical with radius of 6,371,229.0 m","gridUnits":"degrees","resolution":48,"winds":"true","scanMode":64,"nx":41,"ny":15,"basicAngle":0,"lo1":47.0,"la1":41.0,"lo2":87.0,"la2":55.0,"dx":1.0,"dy":1.0}, "data":
[rows 0 to 14 of 15, columns 0 to 40 of 41]
1.2263501,1.1563501,0.5363501,-2.25365,-3.46365,-6.91365,-8.60365,-8.79365,-10.81365,-8.033649,-7.93365,-6.7736497,-5.63365,-5.24365,-3.98365,-3.49365,-2.3436499,-3.80365,-4.08365,-4.7736497,-3.18365,-1.4836498,0.6763501,1.86635,-2.50365,0.9963501,1.8363501,2.81635,0.096350096,0.7863501,2.44635,0.1163501,-1.0736499,4.10635,-2.49365,4.10635,3.20635,2.52635,-3.06365,2.8563502,1.6063501
2.8763502,-0.9836499,-1.0436499,-8.783649,-8.283649,-7.84365,-6.93365,-8.62365,-7.97365,-7.5436497,-6.90365,-6.2336497,-5.07365,-4.28365,-4.09365,-3.6236498,-3.26365,-3.1036499,-2.6036499,-1.74365,-0.8736499,-0.9536499,-0.6236499,0.7363501,-0.113649905,-0.2136499,0.9363501,1.3363501,2.43635,2.0963502,0.4663501,1.7863501,-1.74365,1.73635,0.33635008,0.8663501,-1.6436499,0.2563501,1.3263501,-1.4736499,-1.2036499
1.74635,-0.6936499,-12.21365,-11.22365,-9.68365,-8.31365,-7.62365,-6.88365,-7.82365,-5.7736497,-5.0236497,-4.99365,-4.19365,-4.07365,-3.6336498,-3.1236498,-3.05365,-2.3836498,-1.38365,-0.6536499,0.4663501,0.6363501,-0.3036499,0.8063501,0.3863501,1.0563501,-0.1836499,1.4763501,-1.2836499,1.1663501,0.2363501,-1.7736499,-2.51365,2.96635,3.6163502,1.3863502,1.23635,-0.3936499,7.7263503,3.28635,-1.51365
-8.47365,-12.25365,-12.19365,-10.87365,-8.15365,-7.14365,-6.19365,-5.57365,-5.26365,-5.15365,-4.58365,-3.74365,-3.8436499,-3.23365,-2.3536499,-2.1536498,-1.6636499,-1.3036499,-0.8736499,-0.52364993,-0.0936499,-0.9936499,2.1263502,3.1563501,3.73635,3.6163502,4.21635,4.38635,6.83635,6.48635,5.5363503,5.66635,10.2963505,12.20635,10.15635,2.8263502,1.0163502,0.36635008,0.8563501,6.88635,8.98635
-9.60365,-9.97365,-9.4536495,-7.7736497,-6.0036497,-6.09365,-4.5236497,-4.83365,-4.87365,-4.13365,-3.78365,-3.81365,-2.6436498,-1.8336499,-0.9336499,0.2163501,0.0763501,0.2863501,0.4463501,1.24635,0.8863501,1.0463501,1.4163501,2.3563502,3.8863502,5.02635,5.44635,5.98635,6.89635,7.09635,7.38635,6.18635,2.73635,2.6563501,1.9363501,-2.27365,10.716351,9.966351,6.7263503,11.20635,6.60635
-8.00365,-7.61365,-8.00365,-7.0036497,-7.0436497,-5.99365,-5.11365,-4.5436497,-3.45365,-3.54365,-2.32365,-0.8636499,-0.1736499,0.6963501,2.1163502,1.62635,2.1263502,2.9063501,2.01635,0.9363501,2.1063502,2.51635,2.0863502,2.19635,3.3563502,4.13635,5.25635,5.59635,6.4763503,6.09635,5.32635,6.80635,8.10635,9.31635,7.33635,8.56635,7.89635,9.14635,13.52635,10.23635,3.3263502
-6.47365,-6.70365,-6.36365,-5.5236497,-5.49365,-4.33365,-3.96365,-3.28365,-2.43365,-1.5736499,-0.2436499,0.8863501,1.5363501,2.80635,3.3663502,4.02635,4.5363503,4.0363503,2.8263502,1.9563501,2.55635,2.8463502,3.30635,2.8363502,3.67635,3.80635,3.77635,3.8263502,3.3363502,3.9063501,6.64635,6.84635,5.38635,8.02635,6.25635,6.33635,5.66635,-1.38365,3.9063501,-0.6836499,9.27635
-5.42365,-5.40365,-4.88365,-4.2736497,-3.3536499,-2.4136498,-2.1136498,-1.2336498,-0.3536499,0.33635008,1.6763501,2.53635,3.46635,4.36635,4.4763503,4.7663503,4.07635,4.4963503,2.96635,3.70635,3.5963502,3.68635,3.44635,3.70635,3.8763502,3.80635,4.58635,5.16635,6.2463503,4.85635,4.08635,5.07635,4.7463503,3.18635,1.75635,3.1163502,3.9063501,8.94635,9.82635,10.97635,9.33635
-3.1236498,-2.6636498,-2.29365,-1.50365,-1.0436499,-0.5136499,0.3463501,1.0463501,1.2863501,2.55635,3.28635,3.96635,6.09635,5.04635,5.15635,4.66635,4.90635,4.18635,3.99635,4.80635,5.11635,5.23635,4.71635,4.60635,5.07635,4.56635,5.33635,5.52635,5.2063503,5.77635,4.13635,4.18635,3.9063501,1.5663501,1.8563501,3.42635,3.3563502,0.8363501,1.3563501,0.7363501,1.4763501
-0.4936499,-0.1636499,0.3563501,0.6363501,1.1063501,1.4763501,2.01635,2.70635,3.5963502,4.2063503,5.2263503,6.0163503,6.31635,6.71635,5.9963503,6.2263503,5.83635,4.18635,4.7463503,5.18635,7.29635,6.43635,4.81635,5.4563503,5.67635,6.07635,5.9963503,6.25635,6.44635,6.87635,7.19635,3.81635,3.73635,3.1163502,2.79635,3.4063501,3.0963502,2.80635,2.4163501,1.4563501,2.1263502
1.1763501,1.5563501,1.8563501,2.3763502,2.8463502,2.96635,3.99635,4.75635,4.93635,5.55635,6.08635,7.46635,6.63635,8.39635,8.30635,7.38635,6.13635,5.02635,4.19635,6.32635,7.32635,5.59635,4.48635,5.21635,6.61635,6.60635,7.40635,6.46635,5.96635,5.19635,5.02635,5.29635,5.7463503,5.36635,4.4763503,4.23635,1.9463501,1.5363501,0.9063501,-0.6736499,0.3963501
2.1663501,3.22635,3.93635,3.8663502,4.4763503,4.44635,4.60635,5.2463503,5.69635,5.34635,5.21635,8.70635,7.37635,7.96635,9.55635,8.39635,8.0063505,7.43635,4.9763503,6.04635,6.68635,7.05635,4.7863503,5.33635,6.27635,7.73635,7.58635,6.73635,6.43635,6.15635,6.19635,6.29635,5.23635,5.43635,5.14635,5.71635,5.61635,6.2863503,3.42635,2.77635,2.02635
3.3863502,4.46635,4.18635,4.65635,4.80635,4.23635,5.36635,5.7663503,7.34635,5.11635,3.24635,6.2263503,7.42635,7.5163503,8.20635,8.68635,8.70635,8.05635,5.88635,7.0163503,5.31635,5.84635,6.81635,5.16635,5.89635,6.44635,6.81635,6.4563503,5.82635,5.82635,5.85635,5.64635,6.05635,6.16635,6.11635,6.2463503,6.54635,4.79635,6.32635,5.91635,4.15635
4.9563503,5.25635,4.06635,5.11635,5.10635,5.2663503,5.40635,5.61635,6.4563503,5.30635,2.56635,4.60635,7.61635,8.66635,8.30635,7.67635,7.69635,7.66635,6.89635,7.63635,8.38635,8.15635,7.83635,6.09635,4.29635,3.8763502,3.19635,5.4963503,5.06635,5.55635,5.14635,4.83635,5.55635,5.84635,5.48635,5.2063503,5.75635,5.86635,6.32635,4.36635,5.83635
3.46635,5.7263503,6.08635,5.79635,5.36635,5.43635,6.23635,6.18635,7.0163503,4.91635,2.3763502,5.87635,4.7463503,5.84635,6.80635,7.40635,8.216351,8.63635,7.33635,8.39635,8.40635,7.88635,6.87635,5.13635,3.53635,3.30635,2.6263502,4.81635,4.2663503,4.56635,5.40635,5.9963503,5.29635,5.57635,5.77635,6.42635,6.00635,7.42635,7.56635,7.11635,4.34635
