wind_kz.json
{"header": {"discipline":0,"disciplineName":"Meteorological products","gribEdition":2,"gribLength":871,"center":7,"centerName":"US National Weather Service - NCEP(WMC)","subcenter":0,"refTime":"2023-08-27T06:00:00.000Z","significanceOfRT":1,"significanceOfRTName":"Start of forecast","productStatus":0,"productStatusName":"Operational products","productType":1,"productTypeName":"Forecast products","productDefinitionTemplate":0,"productDefinitionTemplateName":"Analysis/forecast at horizontal level/layer at a point in time","parameterCategory":0,"parameterCategoryName":"UnknownDiscipline_0_Category_0","parameterNumber":0,"parameterNumberName":"UnknownParameter_D0_C0_0","parameterUnit":"Unknown","genProcessType":2,"genProcessTypeName":"Forecast","forecastTime":60,"surface1Type":1,"surface1TypeName":"Ground or water surface","surface1Value":0.0,"surface2Type":255,"surface2TypeName":"Missing","surface2Value":0.0,"gridDefinitionTemplate":0,"gridDefinitionTemplateName":"Latitude_Longitude","numberPoints":615,"shape":6,"shapeName":"Earth spherical with radius of 6,371,229.0 m","gridUnits":"degrees","resolution":48,"winds":"true","scanMode":64,"nx":41,"ny":15,"basicAngle":0,"lo1":47.0,"la1":41.0,"lo2":87.0,"la2":55.0,"dx":1.0,"dy":1.0}, "data":
[rows 0 to 14 of 15, columns 0 to 40 of 41]
295.518,286.11798,290.918,299.218,299.018,298.018,297.818,300.418,299.318,300.718,299.518,300.11798,298.918,299.718,300.518,296.418,296.218,296.718,292.11798,296.818,298.418,293.218,292.218,290.218,291.518,291.11798,289.818,278.318,277.418,275.718,270.61798,274.11798,287.518,294.418,296.318,297.218,296.318,298.61798,297.818,299.318,298.61798
278.718,289.318,298.918,299.318,299.11798,297.61798,296.818,296.11798,295.918,296.218,298.418,298.11798,296.718,294.11798,294.918,294.018,297.218,296.018,293.418,294.418,291.418,293.61798,295.518,285.818,275.918,272.818,283.918,276.218,280.818,273.818,280.518,270.518,280.61798,257.318,277.518,294.11798,293.11798,295.11798,299.218,292.61798,284.11798
290.218,298.218,299.218,299.318,297.61798,292.518,292.318,291.918,291.018,291.518,291.11798,292.318,290.818,292.818,295.018,290.818,291.218,290.018,293.518,292.818,293.018,294.11798,293.818,289.718,292.418,290.218,290.11798,289.11798,289.61798,282.318,270.918,274.318,281.018,280.11798,281.818,283.918,278.418,279.218,281.61798,281.11798,279.818
286.61798,298.318,298.818,298.518,295.11798,290.61798,291.218,289.818,290.418,290.418,290.418,289.318,295.11798,294.418,293.218,291.218,291.518,291.718,293.61798,294.018,294.518,290.418,295.818,295.718,296.918,296.318,295.11798,293.018,291.718,291.918,292.918,292.218,295.218,292.218,290.218,289.518,278.418,278.518,284.318,291.61798,294.018
291.818,297.918,298.418,298.218,296.018,292.11798,292.218,291.61798,291.018,290.718,289.218,288.718,295.11798,293.718,291.318,289.61798,291.918,291.918,290.018,293.61798,295.318,296.318,294.818,294.818,294.818,294.418,294.11798,292.518,292.918,293.11798,296.318,291.11798,281.018,268.418,281.518,290.718,294.018,297.718,298.61798,298.11798,297.318
289.218,287.518,296.318,296.61798,297.61798,297.11798,290.418,290.518,289.218,288.61798,289.018,288.718,293.318,294.418,290.918,286.518,290.218,291.418,291.218,293.518,292.218,294.11798,293.518,293.11798,294.018,292.918,292.518,293.11798,294.218,295.718,294.218,294.818,292.61798,290.218,288.418,292.218,285.418,288.218,294.518,297.218,296.61798
289.11798,287.518,291.11798,291.018,291.718,287.61798,288.318,287.518,287.418,287.418,286.218,286.018,287.418,286.61798,287.518,288.718,288.718,288.818,290.11798,290.918,291.61798,290.718,293.718,293.218,291.818,292.718,291.218,292.918,292.718,292.518,292.818,292.518,293.418,294.11798,292.918,292.418,286.918,283.418,280.918,280.518,293.718
289.418,288.518,290.318,289.418,289.418,288.418,286.218,285.018,284.418,284.418,284.11798,284.518,283.818,284.918,286.218,288.918,289.61798,288.61798,287.418,287.818,289.11798,289.718,290.418,291.61798,290.418,289.718,289.518,290.318,288.518,290.61798,289.518,290.718,288.918,286.61798,288.518,290.11798,290.61798,289.218,288.818,290.818,288.418
289.318,286.61798,287.918,286.518,288.018,286.61798,288.018,286.918,284.918,284.518,283.418,283.318,282.818,283.318,283.718,286.318,284.818,284.418,284.318,284.818,286.518,289.61798,289.11798,291.318,288.818,291.61798,289.61798,288.318,285.318,283.61798,286.018,286.418,286.218,289.418,288.918,286.918,286.11798,286.318,275.018,278.218,277.218
287.018,287.018,286.218,285.418,287.718,287.11798,288.918,285.818,284.418,283.018,281.518,281.718,281.018,282.418,283.11798,282.11798,282.11798,283.11798,282.818,284.718,285.018,288.518,289.918,288.218,291.918,291.318,291.11798,288.218,286.418,286.318,286.718,290.11798,291.018,290.918,288.818,286.918,285.61798,281.818,277.61798,277.018,277.918
286.718,286.018,287.218,286.718,287.318,288.518,286.918,285.318,284.018,282.818,280.918,280.918,281.218,281.61798,280.018,280.518,282.61798,281.11798,284.218,284.018,286.518,287.318,287.018,286.418,290.218,290.818,289.218,289.11798,288.818,290.018,290.718,290.918,289.918,290.218,288.718,285.61798,282.518,279.018,279.218,280.818,279.61798
284.218,286.61798,286.61798,288.818,287.418,286.61798,283.11798,280.918,280.018,280.318,278.918,277.918,279.918,280.11798,280.61798,281.218,279.518,279.518,280.11798,280.218,283.918,284.518,286.418,286.718,288.718,289.318,291.318,291.518,291.018,290.918,289.818,289.318,289.518,286.918,289.818,287.218,287.018,285.518,285.418,284.018,283.11798
284.418,282.918,284.61798,289.018,288.218,287.11798,285.218,282.61798,279.218,277.718,277.61798,277.418,280.018,279.718,280.61798,281.11798,279.918,279.018,280.11798,278.918,281.418,284.518,284.918,287.018,289.018,290.818,292.61798,291.318,290.418,288.718,288.718,287.818,288.318,287.718,287.718,287.218,286.718,287.518,286.018,284.718,283.818
282.518,283.818,287.11798,287.11798,285.518,286.61798,285.11798,281.518,282.918,282.818,281.218,278.018,281.61798,282.718,283.318,280.818,281.318,281.11798,281.718,280.11798,285.11798,285.61798,288.018,287.518,289.11798,291.318,291.11798,290.218,288.818,287.918,287.61798,287.018,286.61798,286.018,286.11798,285.318,286.11798,285.318,284.918,284.018,284.11798
281.918,284.518,290.61798,283.218,286.918,282.818,285.11798,285.518,283.318,283.11798,283.61798,281.818,281.11798,282.518,283.318,284.318,284.518,284.018,285.518,285.418,285.418,287.018,290.018,288.518,288.018,287.518,288.818,287.218,287.418,286.018,285.718,285.11798,285.518,285.218,285.518,285.418,285.818,285.11798,286.518,285.018,284.318
