wind_kz.json
{"header": {"discipline":0,"disciplineName":"Meteorological products","gribEdition":2,"gribLength":1102,"center":7,"centerName":"US National Weather Service - NCEP(WMC)","subcenter":0,"refTime":"2023-08-21T18:00:00.000Z","significanceOfRT":1,"significanceOfRTName":"Start of forecast","productStatus":0,"productStatusName":"Operational products","productType":1,"productTypeName":"Forecast products","productDefinitionTemplate":0,"productDefinitionTemplateName":"Analysis/forecast at horizontal level/layer at a point in time","parameterCategory":2,"parameterCategoryName":"UnknownDiscipline_0_Category_2","parameterNumber":2,"parameterNumberName":"UnknownParameter_D0_C2_2","parameterUnit":"Unknown","genProcessType":2,"genProcessTypeName":"Forecast","forecastTime":180,"surface1Type":103,"surface1TypeName":"Specified height level above ground","surface1Value":10.0,"surface2Type":255,"surface2TypeName":"Missing","surface2Value":0.0,"gridDefinitionTemplate":0,"gridDefinitionTemplateName":"Latitude_Longitude","numberPoints":615,"shape":6,"shapeName":"Earth spherical with radius of 6,371,229.0 m","gridUnits":"degrees","resolution":48,"winds":"true","scanMode":64,"nx":41,"ny":15,"basicAngle":0,"lo1":47.0,"la1":41.0,"lo2":87.0,"la2":55.0,"dx":1.0,"dy":1.0}, "data":
[rows 0 to 14 of 15, columns 0 to 40 of 41]
-4.852141,1.0678589,-2.8721411,-4.052141,-4.1421413,-4.6821413,-3.0921412,-1.2721411,-2.472141,-1.3821411,0.8078589,2.767859,3.4278588,2.577859,1.7778589,1.2578589,1.3278589,2.4878588,1.0278589,0.5478589,2.597859,6.0678587,4.397859,4.167859,-0.10214111,1.4678589,4.437859,3.8778589,-0.022141114,1.7178589,-1.8421412,1.8678589,3.307859,1.9778589,-2.392141,-3.662141,4.0478587,2.827859,0.8078589,-1.0521411,2.787859
0.7878589,-1.9121411,-5.072141,-7.812141,-7.482141,-5.7421412,-5.512141,-6.032141,-5.022141,-5.2021413,-4.282141,-4.842141,-2.472141,-1.2521411,0.22785889,2.9678588,3.7178588,5.287859,4.997859,3.537859,4.157859,1.8378589,7.237859,5.197859,3.597859,0.17785889,1.3878589,0.07785889,4.307859,1.5778589,0.70785886,-0.16214111,0.027858887,1.8978589,-0.6421411,0.24785888,4.937859,3.6478589,4.8178587,0.9178589,-2.422141
-6.422141,-11.072141,-9.492141,-9.002141,-7.6821413,-6.2421412,-5.9521413,-4.652141,-3.0921412,-1.3621411,-0.24214111,1.4678589,3.6778588,4.3378587,4.7578588,4.2978587,5.5078588,6.3178587,7.037859,8.367859,7.8378587,6.887859,5.7778587,9.577859,14.037859,1.4778589,-2.3021412,-1.9521412,3.567859,0.4878589,1.4678589,1.5278589,-2.8121412,-1.942141,-4.2221413,0.6778589,0.49785888,2.9278588,1.1078589,0.11785889,2.4078588
-8.202141,-9.172141,-8.762141,-7.902141,-7.232141,-6.7221413,-4.622141,-4.622141,-2.692141,-0.6821411,1.4778589,2.607859,4.287859,5.077859,4.157859,5.907859,7.0678587,7.897859,8.967859,10.057858,7.517859,8.217859,8.047859,6.127859,10.547859,9.727859,8.977859,2.507859,-1.3721411,-3.3321412,-4.732141,-5.672141,-6.152141,-3.5521412,-3.1121411,-0.18214111,-0.7821411,1.2678589,-1.2821411,-2.752141,-1.7521411
-7.9521413,-7.612141,-6.9921412,-6.982141,-5.782141,-5.6821413,-4.072141,-2.632141,-0.4521411,1.1478589,2.4578588,3.4878588,4.377859,5.557859,7.427859,6.717859,6.737859,7.677859,6.397859,6.747859,6.487859,6.557859,8.487859,3.3778589,0.8678589,2.9478588,7.327859,7.677859,4.917859,-1.2221411,-0.2021411,-0.3321411,1.1078589,2.1878588,-2.0221412,-0.9021411,5.747859,-0.40214112,1.2578589,0.64785886,0.4278589
-6.782141,-5.042141,-6.072141,-4.852141,-4.622141,-3.5921412,-1.7321411,-0.092141114,1.2878588,2.807859,3.837859,5.2778587,5.957859,7.707859,7.967859,6.5678587,6.417859,5.117859,5.877859,5.8378587,4.597859,3.317859,6.887859,5.957859,-0.122141115,2.787859,3.6878588,9.407859,4.5078588,-0.44214112,-1.5721412,-3.212141,-3.5821412,-2.2821412,-2.3521411,-0.012141113,1.1278589,2.2178588,0.3278589,1.1478589,1.2278589
-5.352141,-4.2221413,-3.392141,-2.632141,-1.442141,-1.1021411,1.1678588,1.4978589,2.097859,2.257859,3.367859,4.7578588,4.427859,6.217859,7.427859,7.877859,6.217859,5.287859,5.967859,5.947859,6.3178587,4.8178587,3.6578588,6.287859,2.3978589,-0.25214112,0.40785888,8.157859,5.0078588,-0.7021411,-2.0721412,-1.3421412,-2.0621412,-1.2521411,-0.6221411,2.597859,0.30785888,0.9378589,3.1978588,1.5978589,-0.2021411
-4.152141,-2.392141,-1.0421411,-1.3821411,-0.98214114,-0.5821411,0.7178589,1.557859,2.107859,0.6278589,1.4278588,2.2178588,3.277859,4.807859,4.897859,5.657859,5.137859,5.327859,3.6378589,3.817859,3.357859,3.6378589,1.8478589,4.137859,2.9578588,1.2778589,-0.24214111,6.147859,-1.4321411,-0.2921411,2.077859,3.497859,-0.15214111,-1.4321411,-2.0921412,-3.202141,0.24785888,6.537859,5.537859,3.7278588,4.5278587
-2.3621411,-2.0221412,-1.6121411,-1.7221411,-1.0621411,0.07785889,0.1578589,0.57785887,1.4778589,1.307859,0.5978589,0.9178589,1.6578588,1.3178589,1.3978589,2.347859,3.617859,1.9378589,2.747859,2.6878588,3.037859,2.9378588,0.57785887,3.507859,1.3878589,1.4378589,-0.2021411,4.0478587,4.377859,1.8678589,4.197859,0.9278589,0.5478589,-3.3121412,-2.3221412,0.11785889,2.357859,1.6278589,1.7578589,-1.0421411,2.567859
-2.5421412,-2.242141,-1.7921411,-1.6421411,-0.8321411,0.31785887,0.6578589,0.5078589,0.51785886,0.8578589,1.0078589,-0.43214113,-0.3221411,-1.0621411,0.087858886,2.4678588,3.4378588,3.8878589,3.027859,3.2278588,3.6278589,2.4878588,-2.0521412,-0.18214111,-2.6221411,0.23785889,0.82785887,2.9278588,0.5278589,1.1078589,1.5478588,2.9278588,-4.082141,-1.0721412,-2.662141,3.4378588,4.157859,1.8778589,2.107859,0.06785889,-0.98214114
-1.692141,-1.442141,-1.0921412,-1.1221411,-0.31214112,0.5278589,0.6278589,0.30785888,-0.31214112,0.31785887,1.3578589,-0.55214113,-0.46214113,-0.6321411,-0.9421411,-0.6421411,1.307859,2.9878588,4.887859,3.817859,3.547859,2.837859,2.2178588,1.557859,-2.132141,-1.3721411,-1.5821412,4.147859,2.507859,-2.252141,-3.502141,0.8078589,-0.8421411,-1.2821411,5.0278587,5.6078587,3.1778588,1.4078588,0.22785889,-0.8421411,-0.11214111
-0.022141114,0.027858887,-0.03214111,-0.61214113,0.10785889,0.3378589,0.5378589,0.4478589,-0.28214112,0.5278589,1.4878589,-0.082141116,-0.46214113,-0.86214113,-0.4221411,0.2978589,1.3878589,-0.6221411,1.9578589,4.457859,4.127859,3.777859,3.367859,1.8978589,1.5178589,-0.7421411,0.8178589,-0.9521411,-1.6221411,-1.1421411,-1.6021411,-4.292141,-0.73214114,-0.10214111,5.237859,5.957859,4.287859,2.4478588,0.3678589,-0.37214112,-1.8521411
0.17785889,0.76785886,0.5878589,0.4478589,0.4278589,0.76785886,0.76785886,0.8178589,-0.2321411,1.0278589,1.3578589,2.307859,0.3578589,0.3978589,0.30785888,0.3878589,1.3978589,1.7278589,1.4678589,2.9678588,3.807859,4.7578588,4.767859,3.9678588,2.857859,1.9878589,0.6678589,0.027858887,1.5378588,0.5378589,1.0078589,0.6778589,-1.9121411,-2.702141,1.0978589,2.757859,2.4778588,1.5178589,0.2678589,-1.442141,-2.2621412
1.1078589,0.7378589,1.5278589,0.6778589,0.4478589,0.4578589,0.07785889,0.7578589,0.5578589,1.0678589,1.6678588,2.6478589,2.1578588,1.1778588,1.2078589,1.3878589,1.2578589,2.367859,2.017859,3.517859,2.497859,2.4478588,6.397859,4.0478587,3.507859,2.787859,2.9378588,2.327859,2.4078588,3.347859,2.057859,2.587859,2.247859,2.277859,-0.15214111,1.557859,1.1478589,-0.11214111,-1.4021411,-0.8921411,-2.712141
1.5778589,1.8178589,1.5178589,1.6278589,1.4178588,1.2978588,1.7278589,1.6678588,1.7478589,1.5378588,1.3678589,2.1778588,2.767859,3.1978588,2.3878589,1.9178588,2.327859,0.9378589,2.037859,2.2078588,0.3578589,1.2178589,0.6878589,3.567859,3.6378589,2.367859,2.6578588,3.6378589,2.6478589,2.7378588,2.587859,2.4678588,2.9378588,2.307859,2.087859,0.25785887,1.0978589,0.5978589,-1.8421412,-1.7621411,-0.80214113
