wind_kz.json
{"header": {"discipline":0,"disciplineName":"Meteorological products","gribEdition":2,"gribLength":871,"center":7,"centerName":"US National Weather Service - NCEP(WMC)","subcenter":0,"refTime":"2024-02-01T06:00:00.000Z","significanceOfRT":1,"significanceOfRTName":"Start of forecast","productStatus":0,"productStatusName":"Operational products","productType":1,"productTypeName":"Forecast products","productDefinitionTemplate":0,"productDefinitionTemplateName":"Analysis/forecast at horizontal level/layer at a point in time","parameterCategory":0,"parameterCategoryName":"UnknownDiscipline_0_Category_0","parameterNumber":0,"parameterNumberName":"UnknownParameter_D0_C0_0","parameterUnit":"Unknown","genProcessType":2,"genProcessTypeName":"Forecast","forecastTime":240,"surface1Type":1,"surface1TypeName":"Ground or water surface","surface1Value":0.0,"surface2Type":255,"surface2TypeName":"Missing","surface2Value":0.0,"gridDefinitionTemplate":0,"gridDefinitionTemplateName":"Latitude_Longitude","numberPoints":615,"shape":6,"shapeName":"Earth spherical with radius of 6,371,229.0 m","gridUnits":"degrees","resolution":48,"winds":"true","scanMode":64,"nx":41,"ny":15,"basicAngle":0,"lo1":47.0,"la1":41.0,"lo2":87.0,"la2":55.0,"dx":1.0,"dy":1.0}, "data":
[rows 0 to 14 of 15, columns 0 to 40 of 41]
283.8111,276.9111,282.3111,280.1111,280.5111,281.8111,284.9111,286.9111,282.9111,283.3111,282.6111,282.6111,282.21112,282.0111,282.1111,282.4111,283.0111,281.6111,283.5111,284.21112,286.21112,285.5111,286.4111,285.21112,286.9111,287.3111,280.4111,269.9111,268.1111,267.4111,269.9111,264.6111,273.5111,283.9111,284.4111,281.9111,283.8111,282.4111,281.1111,280.9111,282.1111
264.5111,284.1111,280.1111,279.9111,280.6111,280.9111,284.5111,284.5111,283.6111,283.9111,282.5111,281.71112,282.3111,282.21112,280.9111,280.21112,281.1111,281.1111,280.9111,281.3111,281.1111,282.6111,281.71112,277.21112,267.5111,268.9111,271.8111,268.4111,268.0111,264.8111,273.4111,262.3111,277.0111,256.71112,264.8111,271.8111,270.5111,280.6111,280.5111,277.5111,273.1111
282.6111,278.1111,279.71112,280.21112,280.3111,282.5111,281.3111,280.4111,278.71112,278.3111,278.4111,278.6111,278.71112,279.8111,277.5111,276.9111,277.0111,276.3111,276.4111,276.71112,277.8111,280.71112,281.6111,272.3111,282.9111,281.71112,280.3111,281.1111,282.21112,273.6111,270.71112,272.71112,270.1111,270.5111,267.9111,273.4111,270.5111,264.5111,265.5111,269.8111,268.9111
281.21112,275.71112,277.71112,278.9111,279.5111,280.9111,279.1111,278.71112,279.3111,276.9111,277.21112,277.4111,281.1111,281.71112,278.3111,276.8111,277.1111,276.8111,276.8111,276.1111,276.8111,271.4111,275.8111,275.9111,276.71112,277.5111,278.8111,277.4111,278.0111,279.6111,277.71112,280.1111,281.9111,280.4111,272.8111,272.4111,267.9111,264.4111,275.3111,273.21112,273.1111
278.5111,272.9111,272.4111,272.8111,275.6111,278.8111,276.9111,277.9111,275.1111,275.71112,275.5111,276.21112,279.0111,279.0111,278.21112,277.0111,277.8111,278.21112,277.9111,275.5111,277.21112,275.71112,273.21112,274.3111,272.21112,271.6111,271.4111,275.0111,278.0111,279.8111,278.8111,277.5111,271.5111,265.3111,272.9111,271.8111,269.9111,271.6111,273.1111,270.9111,268.8111
278.9111,278.4111,273.1111,273.0111,272.8111,272.8111,277.4111,276.8111,276.21112,276.1111,273.21112,274.3111,278.5111,279.1111,275.4111,275.9111,272.4111,274.8111,271.6111,274.6111,270.8111,271.9111,270.3111,268.71112,269.4111,268.21112,272.0111,271.6111,270.8111,271.0111,271.21112,272.3111,271.4111,271.21112,272.5111,273.6111,270.6111,268.4111,270.9111,266.4111,268.5111
276.6111,277.1111,277.6111,277.71112,274.1111,274.5111,275.3111,274.6111,273.3111,272.71112,272.1111,271.0111,271.4111,271.4111,271.21112,271.6111,270.71112,269.9111,268.6111,267.21112,266.0111,267.1111,267.0111,266.71112,265.8111,265.6111,264.1111,265.8111,266.21112,266.4111,265.1111,266.21112,268.21112,268.9111,268.71112,268.9111,266.21112,268.0111,265.9111,269.71112,272.1111
274.21112,274.5111,274.0111,273.8111,273.8111,273.3111,272.21112,271.8111,271.4111,270.9111,270.4111,270.6111,270.1111,269.71112,270.21112,269.8111,269.5111,268.3111,266.5111,264.3111,263.9111,264.5111,263.71112,264.9111,264.4111,262.6111,261.0111,258.9111,258.8111,259.4111,259.21112,261.9111,261.5111,262.0111,264.9111,267.4111,270.0111,271.3111,271.5111,274.1111,270.4111
272.8111,273.1111,273.21112,273.0111,272.8111,272.9111,271.8111,270.8111,270.21112,269.71112,269.4111,269.1111,268.0111,267.9111,264.5111,264.6111,264.21112,265.21112,264.0111,263.8111,263.3111,263.4111,264.4111,262.3111,262.3111,262.6111,261.3111,259.5111,260.1111,258.9111,256.3111,259.1111,267.4111,270.5111,266.71112,264.6111,264.5111,267.21112,261.3111,264.5111,263.4111
268.8111,269.4111,269.5111,270.4111,270.6111,270.4111,270.4111,270.1111,269.8111,269.0111,266.6111,264.0111,263.21112,261.21112,260.1111,260.71112,261.0111,262.0111,262.3111,263.0111,262.1111,262.9111,264.21112,264.6111,264.3111,262.5111,263.6111,263.1111,261.1111,260.71112,266.21112,270.4111,272.0111,271.0111,266.9111,265.71112,267.6111,266.6111,265.9111,265.8111,264.5111
265.0111,264.21112,264.1111,262.4111,262.0111,261.3111,260.8111,260.8111,260.21112,258.8111,259.0111,260.21112,260.4111,258.4111,257.8111,258.5111,258.5111,259.6111,259.6111,258.6111,260.0111,260.21112,260.8111,262.1111,262.71112,263.71112,261.8111,265.3111,267.0111,269.21112,269.8111,271.6111,270.5111,270.21112,266.9111,265.3111,264.6111,264.9111,266.0111,270.3111,268.3111
258.3111,257.6111,257.4111,256.0111,255.61111,256.21112,257.4111,257.9111,256.6111,256.5111,260.21112,257.3111,256.8111,256.21112,257.1111,257.1111,257.5111,258.21112,258.71112,258.71112,259.0111,260.0111,260.9111,261.3111,261.71112,262.21112,263.8111,266.0111,266.71112,266.71112,267.0111,266.3111,268.6111,264.9111,267.0111,265.6111,269.3111,269.71112,268.9111,269.21112,271.1111
260.4111,255.01111,254.51111,256.5111,256.21112,259.1111,255.4111,254.61111,256.0111,256.0111,258.9111,259.5111,256.9111,257.5111,258.3111,258.0111,258.5111,258.3111,258.9111,258.0111,260.21112,261.3111,262.0111,262.3111,262.4111,262.5111,263.5111,263.8111,263.9111,264.5111,264.1111,264.1111,264.3111,264.5111,264.6111,264.21112,264.9111,267.0111,265.5111,265.3111,267.6111
256.5111,253.11111,253.9111,253.4111,255.7111,256.1111,255.81111,255.4111,256.1111,257.71112,259.8111,258.0111,257.3111,257.3111,258.5111,258.5111,258.71112,258.3111,258.1111,258.21112,259.8111,262.4111,263.0111,263.5111,263.1111,263.1111,262.71112,261.9111,261.8111,260.6111,260.5111,260.71112,261.4111,261.4111,262.6111,262.4111,264.0111,264.21112,264.21112,264.21112,265.1111
255.9111,252.51111,253.11111,252.51111,256.3111,256.1111,257.0111,256.71112,256.3111,257.6111,258.8111,258.9111,259.4111,261.21112,261.1111,260.6111,259.8111,259.9111,260.0111,259.9111,260.21112,261.8111,262.6111,262.71112,262.1111,261.21112,260.21112,259.9111,259.21112,259.6111,259.5111,259.9111,260.0111,260.9111,261.3111,261.71112,262.5111,262.6111,262.5111,263.4111,265.3111
