wind_kz.json
{"header": {"discipline":0,"disciplineName":"Meteorological products","gribEdition":2,"gribLength":1025,"center":7,"centerName":"US National Weather Service - NCEP(WMC)","subcenter":0,"refTime":"2023-08-10T18:00:00.000Z","significanceOfRT":1,"significanceOfRTName":"Start of forecast","productStatus":0,"productStatusName":"Operational products","productType":1,"productTypeName":"Forecast products","productDefinitionTemplate":0,"productDefinitionTemplateName":"Analysis/forecast at horizontal level/layer at a point in time","parameterCategory":2,"parameterCategoryName":"UnknownDiscipline_0_Category_2","parameterNumber":3,"parameterNumberName":"UnknownParameter_D0_C2_3","parameterUnit":"Unknown","genProcessType":2,"genProcessTypeName":"Forecast","forecastTime":300,"surface1Type":103,"surface1TypeName":"Specified height level above ground","surface1Value":10.0,"surface2Type":255,"surface2TypeName":"Missing","surface2Value":0.0,"gridDefinitionTemplate":0,"gridDefinitionTemplateName":"Latitude_Longitude","numberPoints":615,"shape":6,"shapeName":"Earth spherical with radius of 6,371,229.0 m","gridUnits":"degrees","resolution":48,"winds":"true","scanMode":64,"nx":41,"ny":15,"basicAngle":0,"lo1":47.0,"la1":41.0,"lo2":87.0,"la2":55.0,"dx":1.0,"dy":1.0}, "data":
[rows 0 to 14 of 15, columns 0 to 40 of 41]
2.2254956,2.4854956,1.5154957,3.2254956,0.8254956,-0.4945044,3.3454957,2.2154956,0.85549563,-2.6545043,-3.3845043,-2.9145043,-1.8345044,-2.2545044,-4.0645046,-6.1645045,-6.734504,-10.074505,-9.914504,-8.324505,-5.3145046,-0.47450438,2.8954957,1.0054955,1.8854957,2.3454957,1.4354956,-2.5645044,-3.7645044,-3.6945045,-1.7845044,1.4054956,-2.3345044,-1.6945044,3.2354956,-2.6545043,-6.8145046,-3.2745044,-3.8345044,-3.3145044,-1.0145044
3.5054955,0.6754956,3.7154956,2.0654955,-0.0745044,-0.8645044,1.2054956,1.6654956,1.3154956,0.5954956,-1.6845044,-3.1545043,-3.1945045,-2.5045044,-2.6045043,-4.8045044,-6.5945044,-6.7845044,-7.3845043,-9.084504,-8.594504,-3.4645045,-0.8245044,-2.0245044,2.0354955,2.0854957,3.8054955,-2.0745044,-0.5045044,-2.4845045,-2.0245044,-4.2045045,-1.4045044,-2.4945045,0.3454956,3.9054956,4.5954957,-1.9045044,2.6654956,-2.0545044,-0.034504395
-1.3645043,2.8454957,2.4954956,1.0654956,1.1754956,0.015495606,-1.1645044,-2.6045043,-1.0245044,0.3954956,-0.2945044,-1.9445044,-2.4845045,-3.9845045,-2.8945043,-2.2245045,-4.9645042,-3.7045045,-4.8545046,-6.544504,-5.7045045,-5.6945043,-5.1445045,-5.2045045,-3.8545043,-2.1445043,-1.6445044,-3.0745044,-1.1145043,-4.004504,-3.7845044,-0.8845044,-2.9745045,-1.2345043,1.2054956,-2.3945043,-1.9945045,-3.0745044,-2.6445043,-0.24450439,-2.4845045
0.7754956,1.2254956,1.9754956,1.6054956,1.3054956,0.3354956,-1.0545044,-2.5345044,-3.4045043,-3.0545044,-0.44450438,1.6354957,-1.1845044,-2.4945045,-2.8345044,0.5354956,-2.4245043,-2.1045043,-2.5045044,-3.7445045,-3.8745043,-4.8245044,-1.1445044,-2.0245044,-2.5245044,-3.5745044,-3.7945044,-3.8245044,-4.4345045,-5.1245046,-5.9045043,-2.9945045,1.4754956,0.6154956,2.6954956,0.7054956,3.9854956,-0.2245044,-4.0545044,-3.4645045,-3.1645043
-2.2645044,-5.024504,-3.5445044,-3.2845044,-3.2545044,-0.21450439,-0.6845044,-2.6445043,-4.9545045,-1.9345044,-1.8745044,2.3854957,0.8954956,-2.4845045,-1.3545043,0.055495605,-2.0545044,0.0654956,-1.3045044,-0.0745044,0.3354956,-0.2045044,0.2954956,0.49549562,0.4254956,0.07549561,-1.1545044,-2.5345044,-3.6345043,-4.6245046,-5.0345044,-4.9945045,-2.9245043,-2.7645044,1.3754956,1.5654956,-3.3245044,1.2854956,-2.3845043,-1.9345044,0.5854956
-2.6745043,-2.5545044,-3.0045044,-4.0945044,-4.3745046,-4.3145046,-3.0045044,-3.1645043,-4.5945044,-3.7545044,-1.5745044,4.7354956,3.5154955,0.07549561,1.4254956,0.30549562,-0.1445044,0.7854956,2.0854957,0.4754956,1.0954956,0.66549563,1.3154956,1.7354956,1.5854956,1.4154956,0.07549561,-4.774504,-3.1345043,-4.044504,-4.6745043,-4.7845044,-4.9445043,-3.8845043,-0.3045044,-3.0045044,-4.1845045,-4.6045046,-3.6045043,3.9654956,0.30549562
-1.3745044,-2.3545043,-2.9845045,-2.6745043,-2.5945044,-2.8645043,-2.6745043,-2.8845043,-3.0045044,-4.734504,-0.3945044,6.4254956,6.3054957,4.2154956,3.6454957,1.3054956,-1.5545044,-1.0145044,3.9954956,1.6554956,-0.3645044,0.2454956,-0.3745044,2.9754956,3.7354956,2.5554955,0.9754956,-1.2245044,-3.0945044,-4.6645045,-4.5145044,-4.7145042,-4.8445044,-7.7645044,1.3254956,2.1254957,4.3854957,1.8854957,-2.4445045,2.7154956,-6.4345045
-1.1945044,-1.9045044,-2.2045045,-2.6045043,-3.4945045,-4.004504,-3.6245043,-3.1645043,-2.0345044,-2.8245044,-1.7745044,7.2354956,7.0054955,5.1954956,3.2054956,1.4454956,0.8954956,0.4154956,2.4854956,2.9354956,1.6754956,0.4254956,-2.0345044,1.4254956,2.8854957,2.2554955,1.8754956,0.6154956,-1.3845044,-3.9845045,-5.2645044,-6.2645044,-7.1045046,-10.224504,-6.6345043,-4.794504,-2.2145045,-2.5345044,0.015495606,0.20549561,-0.2045044
-0.1345044,0.49549562,0.8254956,-1.1545044,-2.5745044,-3.1145043,-3.0245044,-3.6845045,-3.2845044,-2.1845045,-2.5845044,3.1354957,6.5354958,6.1154957,3.8354957,2.3254957,1.7654957,2.6054957,1.7554955,3.3554957,3.2754955,2.2554955,-0.1745044,0.2654956,1.0954956,1.6554956,1.1954956,-0.5145044,-1.2945044,-2.8045044,-5.254504,-7.234504,-7.9745045,-8.734505,-8.154505,-5.6645045,2.7654955,-4.0545044,-4.6645045,-3.0345044,0.3754956
-0.18450439,-0.28450438,0.5154956,-0.1645044,-1.6945044,-2.3545043,-2.9245043,-1.9645044,-2.3845043,-2.7245045,-1.3345044,-1.6445044,2.9754956,4.8754954,4.9254956,3.6954956,3.4354956,0.6554956,2.1854956,3.0754957,2.7354956,3.2454956,1.8754956,1.6954956,1.6654956,1.9754956,1.2854956,1.1554956,0.5854956,-1.4045044,-3.3245044,-5.2445045,-6.5945044,-8.494504,-9.164504,-3.9545045,-1.1245044,2.1354957,-4.0145044,-2.1845045,-2.7445045
0.6854956,-0.5545044,0.5254956,-0.3045044,-0.7545044,-1.3345044,-2.2945044,-2.2845044,-0.9345044,-1.0545044,-1.2845044,0.30549562,-1.2145044,3.8554957,5.0554957,5.2354956,5.3854957,4.0454955,4.1654954,4.745496,4.9254956,4.3754954,3.7454956,3.2254956,2.6354957,2.8054955,2.6354957,1.6254956,1.4754956,0.4054956,-1.4345044,-3.4645045,-5.1145043,-6.3445044,-7.9545045,-8.454504,-3.9045043,-1.1445044,-2.6445043,-1.7245044,-1.5345044
2.3854957,2.0254955,0.8654956,-0.6145044,0.9854956,-0.1145044,-1.1845044,-1.6045043,-1.2545044,-1.0045044,-0.3045044,2.5754957,1.4554956,0.4054956,4.6954956,7.3154955,7.0454955,6.6254954,5.705496,6.4154954,6.6454954,5.3854957,4.6554956,4.1754956,3.7954955,3.2554955,3.4054956,2.7854955,1.4854956,0.6554956,-0.2945044,-2.2245045,-3.2045045,-4.274504,-4.3045044,-5.8245044,-5.1945043,-3.8145044,-2.5745044,-2.6645043,-2.0745044
2.2754955,2.2254956,0.6454956,0.2854956,0.8854956,0.91549563,0.6154956,0.66549563,-1.2945044,-2.3845043,1.1154956,1.0554956,2.6054957,1.3254956,1.8754956,5.015496,7.0054955,7.4454956,6.5554957,7.0454955,7.7554955,7.2854958,6.0254955,5.2854958,5.3654957,5.015496,4.0454955,2.6054957,1.2054956,-0.5645044,0.1854956,-0.21450439,-0.1345044,-2.3145044,-3.0845044,-3.7745044,-4.3645043,-3.2045045,-3.8345044,-2.5145044,-1.5545044
2.2454956,1.8154956,0.9254956,1.0554956,1.3254956,1.9254956,2.0254955,0.2254956,-0.3545044,-1.8945044,-0.5945044,1.2554955,2.2854955,3.3254957,2.5454955,4.3754954,7.1154957,6.5954957,7.765496,7.5454955,7.6754956,6.6254954,6.1554956,5.2154956,5.705496,5.6254954,4.9354954,3.7054956,2.4654956,2.0654955,0.30549562,-0.3545044,-0.24450439,-1.4045044,-2.2245045,-3.7445045,-4.0945044,-4.1845045,-3.9445045,-3.3045044,-2.5045044
2.7854955,1.6054956,0.8054956,0.9954956,2.3054955,2.5354955,2.6354957,1.9354956,0.5954956,-0.9045044,-1.2845044,1.6054956,1.4754956,2.8854957,3.9554956,4.5354958,7.495496,6.6354957,6.765496,7.6554956,7.6954956,7.8254957,7.1854954,6.9054956,6.6054955,5.9854956,5.2154956,4.6854954,3.7554955,3.1154957,2.7454956,0.2254956,0.1354956,-1.0645044,-1.1445044,-2.8845043,-4.294504,-3.3045044,-3.7145045,-4.5545044,-2.6445043
