wind_kz.json
{"header": {"discipline":0,"disciplineName":"Meteorological products","gribEdition":2,"gribLength":871,"center":7,"centerName":"US National Weather Service - NCEP(WMC)","subcenter":0,"refTime":"2023-09-26T18:00:00.000Z","significanceOfRT":1,"significanceOfRTName":"Start of forecast","productStatus":0,"productStatusName":"Operational products","productType":1,"productTypeName":"Forecast products","productDefinitionTemplate":0,"productDefinitionTemplateName":"Analysis/forecast at horizontal level/layer at a point in time","parameterCategory":0,"parameterCategoryName":"UnknownDiscipline_0_Category_0","parameterNumber":0,"parameterNumberName":"UnknownParameter_D0_C0_0","parameterUnit":"Unknown","genProcessType":2,"genProcessTypeName":"Forecast","forecastTime":240,"surface1Type":1,"surface1TypeName":"Ground or water surface","surface1Value":0.0,"surface2Type":255,"surface2TypeName":"Missing","surface2Value":0.0,"gridDefinitionTemplate":0,"gridDefinitionTemplateName":"Latitude_Longitude","numberPoints":615,"shape":6,"shapeName":"Earth spherical with radius of 6,371,229.0 m","gridUnits":"degrees","resolution":48,"winds":"true","scanMode":64,"nx":41,"ny":15,"basicAngle":0,"lo1":47.0,"la1":41.0,"lo2":87.0,"la2":55.0,"dx":1.0,"dy":1.0}, "data":
[rows 0 to 14 of 15, columns 0 to 40 of 41]
290.72272,281.72272,286.1227,292.8227,292.8227,292.1227,294.6227,296.3227,293.22272,292.4227,290.9227,289.5227,290.0227,290.8227,290.1227,287.6227,287.9227,289.5227,289.22272,289.6227,290.5227,290.3227,290.72272,285.4227,287.9227,291.4227,287.0227,277.22272,276.6227,275.5227,272.9227,273.3227,284.1227,289.4227,290.1227,290.4227,289.4227,289.4227,291.1227,291.0227,289.1227
270.72272,286.4227,292.3227,292.5227,292.3227,291.22272,294.0227,292.9227,291.6227,291.4227,292.0227,290.3227,289.3227,288.5227,288.3227,288.3227,286.22272,286.8227,286.6227,286.22272,288.9227,289.1227,286.4227,281.22272,269.8227,270.5227,280.4227,277.1227,276.1227,272.3227,279.1227,268.6227,276.1227,257.0227,272.6227,286.5227,285.22272,287.22272,290.4227,283.5227,283.5227
288.6227,292.22272,292.6227,292.1227,290.4227,291.4227,291.0227,289.9227,289.0227,289.9227,288.8227,288.1227,286.6227,287.22272,288.4227,285.0227,283.6227,284.72272,285.22272,285.22272,287.6227,287.1227,288.3227,283.72272,286.3227,285.3227,286.5227,287.4227,286.6227,279.0227,271.1227,275.1227,279.5227,278.4227,280.5227,280.5227,273.4227,273.72272,276.0227,271.3227,270.6227
288.1227,291.4227,292.3227,291.5227,290.6227,289.5227,290.3227,289.4227,289.72272,289.1227,288.5227,287.5227,289.8227,289.3227,287.0227,286.22272,286.72272,284.8227,284.8227,284.72272,286.0227,283.22272,287.5227,289.22272,290.0227,290.3227,290.6227,289.22272,286.6227,288.1227,289.8227,286.5227,291.5227,289.6227,286.4227,284.6227,272.8227,270.3227,275.8227,283.6227,287.5227
290.8227,290.9227,291.6227,290.5227,290.0227,289.8227,290.8227,289.6227,289.9227,288.8227,288.4227,286.6227,288.72272,287.6227,286.22272,287.72272,288.9227,287.8227,285.22272,287.3227,287.6227,287.4227,286.9227,287.4227,288.72272,291.22272,287.8227,287.9227,288.72272,288.1227,289.6227,286.9227,278.3227,269.72272,278.9227,287.4227,289.0227,290.4227,290.9227,290.9227,290.4227
291.0227,292.0227,289.72272,290.5227,290.4227,289.9227,289.3227,291.1227,289.72272,289.6227,290.0227,289.1227,288.6227,288.5227,287.8227,286.8227,289.22272,287.5227,287.8227,287.9227,287.4227,286.1227,286.1227,287.22272,286.9227,286.9227,288.3227,286.5227,289.72272,289.5227,287.8227,288.9227,287.8227,286.22272,285.22272,287.3227,280.72272,282.5227,287.1227,288.9227,288.72272
292.72272,288.0227,293.72272,292.3227,291.8227,291.3227,292.22272,290.22272,291.4227,289.72272,289.3227,288.5227,289.1227,290.5227,288.4227,288.5227,287.5227,290.8227,286.0227,286.3227,285.72272,286.72272,287.0227,286.72272,287.8227,287.5227,289.1227,290.1227,288.1227,287.9227,286.9227,286.1227,287.9227,288.5227,288.22272,287.1227,282.4227,278.8227,275.9227,273.9227,284.5227
287.4227,285.0227,289.0227,292.4227,291.1227,289.4227,288.1227,286.5227,285.5227,286.0227,285.22272,285.9227,286.1227,287.1227,289.5227,287.9227,286.1227,285.22272,286.0227,284.1227,285.22272,284.8227,285.0227,285.5227,284.22272,284.22272,285.8227,287.5227,286.5227,286.22272,285.72272,285.3227,284.5227,282.9227,282.9227,284.22272,285.8227,285.5227,285.8227,285.22272,282.1227
282.72272,282.8227,285.22272,284.22272,285.6227,285.72272,285.0227,283.5227,283.3227,283.4227,283.3227,282.6227,282.8227,284.72272,285.22272,286.22272,286.6227,284.8227,284.1227,283.0227,282.1227,282.8227,286.72272,286.5227,282.9227,282.9227,281.72272,282.3227,284.8227,284.22272,285.3227,285.8227,283.9227,284.8227,284.72272,283.0227,284.0227,283.0227,269.4227,270.4227,266.0227
282.9227,283.6227,282.9227,282.8227,284.1227,284.5227,283.6227,285.72272,286.8227,284.0227,282.3227,281.6227,282.5227,282.6227,282.3227,283.0227,283.3227,282.9227,283.1227,282.8227,281.5227,282.8227,283.72272,285.5227,286.4227,284.72272,282.0227,281.72272,283.72272,283.1227,285.5227,287.0227,286.3227,285.72272,284.1227,283.9227,282.5227,280.8227,273.22272,273.3227,269.3227
285.8227,285.5227,284.5227,284.5227,286.1227,285.3227,284.8227,285.3227,284.3227,281.6227,281.4227,283.0227,282.22272,280.9227,281.22272,281.6227,281.6227,282.6227,282.22272,281.72272,281.6227,281.22272,284.1227,285.5227,284.5227,285.1227,284.1227,285.22272,283.6227,284.4227,287.1227,286.8227,287.0227,286.72272,285.3227,283.4227,282.1227,277.22272,275.8227,276.4227,273.3227
283.5227,282.9227,283.4227,281.8227,281.1227,280.72272,283.1227,281.6227,283.4227,282.3227,279.6227,278.6227,280.1227,280.22272,281.4227,282.8227,281.72272,281.1227,281.3227,281.3227,280.8227,280.8227,280.6227,280.9227,281.4227,283.4227,285.22272,285.8227,285.5227,284.6227,284.6227,284.0227,287.0227,284.22272,284.9227,284.22272,284.9227,285.6227,283.3227,282.3227,280.3227
281.3227,280.0227,283.6227,279.4227,279.22272,278.8227,277.0227,277.4227,277.8227,278.0227,275.1227,275.1227,277.8227,277.6227,279.9227,281.8227,280.8227,282.0227,280.6227,280.4227,280.8227,280.0227,279.9227,280.5227,281.5227,282.6227,284.1227,284.8227,284.4227,283.8227,283.5227,282.6227,286.22272,283.4227,283.9227,283.9227,285.0227,286.0227,283.5227,283.4227,280.5227
279.72272,277.72272,280.8227,277.8227,277.5227,276.8227,276.4227,276.4227,276.1227,276.22272,274.5227,273.3227,274.72272,277.22272,277.9227,280.22272,280.6227,281.4227,280.72272,281.22272,281.4227,280.5227,280.8227,281.0227,281.72272,282.6227,282.0227,282.3227,282.5227,282.22272,282.3227,282.1227,281.72272,284.22272,284.6227,282.8227,281.9227,282.22272,282.0227,281.0227,280.22272
275.1227,276.8227,284.4227,276.5227,276.1227,275.5227,276.4227,275.72272,276.3227,276.72272,277.0227,274.0227,274.72272,276.72272,276.3227,277.4227,277.6227,278.0227,279.22272,279.0227,280.8227,280.4227,280.1227,279.3227,279.3227,279.72272,280.3227,280.6227,280.6227,280.72272,281.9227,282.6227,280.6227,280.6227,281.72272,281.0227,282.5227,282.22272,284.6227,283.6227,282.4227
