wind_kz.json
{"header": {"discipline":0,"disciplineName":"Meteorological products","gribEdition":2,"gribLength":871,"center":7,"centerName":"US National Weather Service - NCEP(WMC)","subcenter":0,"refTime":"2024-04-09T06:00:00.000Z","significanceOfRT":1,"significanceOfRTName":"Start of forecast","productStatus":0,"productStatusName":"Operational products","productType":1,"productTypeName":"Forecast products","productDefinitionTemplate":0,"productDefinitionTemplateName":"Analysis/forecast at horizontal level/layer at a point in time","parameterCategory":0,"parameterCategoryName":"UnknownDiscipline_0_Category_0","parameterNumber":0,"parameterNumberName":"UnknownParameter_D0_C0_0","parameterUnit":"Unknown","genProcessType":2,"genProcessTypeName":"Forecast","forecastTime":0,"surface1Type":1,"surface1TypeName":"Ground or water surface","surface1Value":0.0,"surface2Type":255,"surface2TypeName":"Missing","surface2Value":0.0,"gridDefinitionTemplate":0,"gridDefinitionTemplateName":"Latitude_Longitude","numberPoints":615,"shape":6,"shapeName":"Earth spherical with radius of 6,371,229.0 m","gridUnits":"degrees","resolution":48,"winds":"true","scanMode":64,"nx":41,"ny":15,"basicAngle":0,"lo1":47.0,"la1":41.0,"lo2":87.0,"la2":55.0,"dx":1.0,"dy":1.0}, "data":
[rows 0 to 14 of 15, columns 0 to 40 of 41]
293.8508,284.15082,290.8508,281.7508,282.65082,283.8508,292.3508,292.2508,298.9508,302.2508,300.5508,300.15082,300.0508,300.0508,300.5508,300.2508,299.7508,301.9508,302.4508,302.9508,302.65082,289.65082,287.3508,288.15082,302.65082,303.3508,295.65082,276.5508,283.65082,284.15082,282.9508,279.0508,298.8508,308.15082,309.3508,307.7508,311.7508,309.4508,307.65082,308.2508,309.2508
272.9508,292.4508,281.9508,282.0508,282.5508,282.9508,289.8508,297.9508,298.65082,298.2508,301.9508,299.8508,303.0508,302.3508,299.9508,298.3508,299.2508,300.0508,299.65082,300.4508,300.65082,299.3508,293.5508,274.9508,273.0508,273.0508,290.4508,275.4508,290.8508,273.3508,275.8508,272.4508,293.9508,265.3508,271.4508,297.8508,301.4508,303.0508,306.8508,301.3508,280.0508
294.4508,281.7508,282.15082,282.3508,282.2508,296.8508,296.4508,296.5508,295.8508,297.7508,297.2508,299.15082,299.9508,300.65082,297.3508,297.65082,298.15082,297.7508,298.4508,299.5508,300.0508,300.9508,296.8508,284.65082,284.8508,280.0508,281.15082,281.8508,291.3508,287.4508,277.2508,278.0508,290.3508,295.3508,295.3508,292.4508,276.15082,291.4508,285.65082,281.3508,281.2508
292.7508,282.3508,282.0508,282.0508,285.7508,296.8508,296.3508,298.15082,299.5508,300.2508,298.7508,298.4508,285.5508,285.7508,296.5508,296.3508,296.7508,297.9508,298.65082,299.4508,300.2508,297.7508,298.2508,297.8508,292.0508,288.2508,285.15082,283.0508,281.2508,285.8508,290.4508,293.8508,303.0508,303.5508,302.5508,302.3508,279.7508,273.2508,298.3508,302.2508,304.2508
293.8508,282.9508,282.15082,282.5508,288.65082,298.15082,298.0508,301.5508,301.9508,301.9508,298.9508,297.8508,284.3508,284.15082,282.65082,297.0508,296.8508,297.2508,298.4508,296.65082,296.7508,299.0508,297.8508,299.0508,297.0508,292.0508,287.9508,285.8508,289.0508,289.2508,288.65082,288.3508,285.0508,273.2508,296.4508,303.0508,294.15082,305.3508,306.2508,304.0508,301.65082
295.0508,296.5508,282.65082,281.5508,280.4508,280.7508,299.15082,298.2508,298.5508,297.65082,296.7508,296.2508,285.4508,283.4508,284.4508,295.15082,294.7508,296.8508,296.2508,297.15082,295.3508,294.9508,296.9508,295.65082,297.5508,295.7508,292.4508,271.8508,290.3508,291.9508,291.8508,288.0508,294.7508,287.0508,293.8508,287.0508,290.9508,289.7508,304.9508,302.8508,301.3508
296.8508,296.65082,296.2508,297.0508,292.0508,296.7508,297.4508,297.15082,295.7508,295.4508,295.3508,293.5508,294.65082,290.4508,294.5508,293.8508,292.8508,294.5508,293.5508,293.2508,292.3508,294.65082,293.3508,293.15082,291.7508,292.3508,293.8508,294.9508,294.4508,293.9508,294.5508,290.3508,289.8508,288.4508,285.9508,289.0508,287.8508,287.8508,279.3508,284.15082,296.5508
295.7508,296.65082,295.65082,296.0508,296.3508,295.4508,296.7508,295.2508,294.2508,293.0508,291.7508,290.15082,287.7508,285.4508,291.7508,291.4508,291.9508,289.9508,288.4508,288.3508,288.5508,287.3508,283.5508,285.4508,280.8508,279.8508,282.3508,290.2508,291.4508,294.2508,290.8508,291.0508,290.2508,288.7508,285.3508,283.15082,284.15082,273.0508,286.9508,290.9508,288.65082
294.9508,295.15082,295.5508,296.0508,294.65082,295.15082,294.5508,292.8508,291.7508,290.2508,291.15082,284.7508,288.2508,284.5508,289.4508,284.65082,287.15082,281.2508,281.7508,285.4508,281.5508,282.4508,282.7508,281.2508,280.2508,279.9508,277.5508,281.15082,286.3508,287.15082,290.2508,290.3508,289.4508,288.9508,288.8508,279.65082,276.5508,279.7508,273.15082,273.15082,273.3508
294.5508,293.2508,293.5508,293.2508,292.15082,293.15082,291.8508,291.15082,290.0508,290.0508,289.0508,283.4508,285.3508,280.7508,280.5508,282.0508,280.65082,281.3508,281.5508,285.3508,281.3508,282.2508,281.9508,282.65082,280.8508,279.0508,278.7508,279.5508,280.65082,283.15082,286.0508,293.8508,296.5508,294.3508,288.5508,286.65082,277.7508,273.3508,273.7508,276.15082,274.2508
292.7508,292.7508,293.3508,292.65082,291.3508,289.8508,288.9508,289.15082,289.2508,288.7508,287.5508,286.4508,284.7508,279.3508,278.9508,279.2508,278.0508,279.2508,282.5508,281.15082,279.15082,280.8508,281.4508,280.0508,279.9508,280.15082,277.8508,284.5508,280.65082,281.5508,282.9508,285.8508,289.9508,293.15082,294.65082,285.9508,274.7508,276.0508,283.8508,280.15082,277.65082
290.65082,291.5508,284.5508,283.7508,289.3508,289.65082,289.65082,288.4508,287.9508,286.0508,276.65082,278.7508,283.65082,279.7508,279.65082,278.7508,278.3508,279.0508,281.0508,282.3508,277.0508,275.3508,276.2508,278.15082,276.7508,279.8508,280.65082,281.2508,280.3508,281.2508,282.2508,284.2508,289.4508,291.0508,290.65082,287.65082,281.9508,282.3508,283.9508,286.5508,286.7508
287.8508,289.2508,290.8508,290.4508,289.2508,289.2508,288.65082,282.2508,275.0508,279.0508,277.9508,276.3508,280.7508,280.2508,283.0508,281.4508,277.65082,276.2508,277.65082,280.5508,278.0508,278.9508,280.3508,280.9508,280.0508,278.9508,280.15082,280.8508,282.7508,285.2508,283.15082,281.5508,284.5508,281.5508,284.15082,287.2508,280.65082,281.3508,281.15082,283.3508,285.0508
289.0508,287.8508,280.2508,287.8508,286.65082,286.4508,285.7508,281.15082,286.3508,284.5508,281.0508,277.2508,278.65082,278.9508,280.2508,279.3508,278.3508,275.2508,275.65082,277.4508,281.0508,280.0508,282.15082,282.8508,279.2508,279.0508,278.3508,277.9508,280.4508,281.15082,285.7508,288.7508,279.8508,282.7508,283.0508,277.2508,279.0508,281.65082,279.15082,280.8508,286.4508
287.7508,286.9508,273.2508,282.65082,282.4508,279.8508,280.7508,284.15082,285.0508,282.5508,279.2508,277.5508,277.65082,279.8508,281.5508,279.5508,275.7508,274.9508,275.15082,275.8508,276.4508,279.5508,280.2508,279.3508,277.5508,274.9508,274.8508,274.5508,276.65082,276.9508,279.65082,276.3508,278.8508,276.9508,281.15082,281.2508,276.9508,276.8508,287.8508,285.15082,287.7508
