wind_kz.json
{"header": {"discipline":0,"disciplineName":"Meteorological products","gribEdition":2,"gribLength":948,"center":7,"centerName":"US National Weather Service - NCEP(WMC)","subcenter":0,"refTime":"2023-08-20T00:00:00.000Z","significanceOfRT":1,"significanceOfRTName":"Start of forecast","productStatus":0,"productStatusName":"Operational products","productType":1,"productTypeName":"Forecast products","productDefinitionTemplate":0,"productDefinitionTemplateName":"Analysis/forecast at horizontal level/layer at a point in time","parameterCategory":0,"parameterCategoryName":"UnknownDiscipline_0_Category_0","parameterNumber":0,"parameterNumberName":"UnknownParameter_D0_C0_0","parameterUnit":"Unknown","genProcessType":2,"genProcessTypeName":"Forecast","forecastTime":300,"surface1Type":1,"surface1TypeName":"Ground or water surface","surface1Value":0.0,"surface2Type":255,"surface2TypeName":"Missing","surface2Value":0.0,"gridDefinitionTemplate":0,"gridDefinitionTemplateName":"Latitude_Longitude","numberPoints":615,"shape":6,"shapeName":"Earth spherical with radius of 6,371,229.0 m","gridUnits":"degrees","resolution":48,"winds":"true","scanMode":64,"nx":41,"ny":15,"basicAngle":0,"lo1":47.0,"la1":41.0,"lo2":87.0,"la2":55.0,"dx":1.0,"dy":1.0}, "data":
[rows 0 to 14 of 15, columns 0 to 40 of 41]
320.7224,307.42242,311.2224,299.32242,299.7224,298.0224,315.32242,322.2224,318.82242,319.1224,317.5224,317.6224,316.32242,315.7224,315.1224,315.0224,315.0224,314.82242,316.7224,316.42242,318.1224,314.0224,314.32242,309.1224,312.32242,314.92242,309.42242,293.42242,282.32242,281.7224,285.1224,284.42242,300.42242,308.92242,309.42242,308.6224,308.5224,308.0224,306.5224,305.7224,305.6224
292.82242,307.82242,298.7224,298.82242,298.82242,297.82242,324.5224,319.6224,317.42242,317.1224,318.82242,317.6224,315.92242,314.42242,313.92242,314.5224,314.7224,315.7224,315.6224,316.5224,314.82242,315.5224,313.42242,303.92242,290.2224,290.5224,300.82242,291.5224,293.82242,283.82242,290.0224,279.0224,289.0224,268.82242,288.2224,304.5224,303.1224,303.42242,308.42242,299.82242,285.7224
311.42242,298.82242,300.92242,299.32242,297.7224,320.42242,318.92242,318.2224,316.82242,315.42242,315.42242,315.82242,313.0224,314.82242,314.2224,313.5224,312.92242,312.32242,313.6224,316.32242,316.32242,311.5224,311.5224,304.92242,309.5224,307.7224,308.92242,308.42242,307.6224,294.42242,284.32242,284.7224,288.82242,293.7224,291.42242,292.6224,285.7224,285.82242,289.1224,284.5224,280.32242
315.32242,299.92242,299.32242,298.1224,302.42242,319.32242,318.6224,318.32242,318.0224,316.7224,314.0224,310.42242,295.5224,294.92242,314.6224,313.82242,312.2224,312.42242,312.42242,311.92242,309.42242,304.5224,309.82242,308.7224,308.92242,308.5224,309.42242,306.42242,305.1224,305.6224,307.1224,304.6224,308.2224,309.1224,307.5224,302.0224,288.1224,285.1224,288.7224,301.42242,304.42242
317.6224,299.42242,298.6224,298.32242,308.1224,319.5224,319.6224,320.2224,317.82242,316.1224,314.1224,310.7224,295.2224,294.32242,293.0224,313.5224,312.92242,310.0224,310.42242,310.42242,310.7224,310.82242,309.0224,308.32242,307.32242,306.42242,304.92242,302.82242,306.6224,305.7224,307.1224,305.32242,293.42242,285.42242,295.7224,305.1224,303.7224,310.1224,309.2224,307.5224,306.32242
316.0224,313.32242,297.2224,297.5224,297.92242,297.82242,320.0224,317.92242,317.5224,315.7224,315.0224,313.5224,297.5224,295.1224,304.1224,311.0224,312.5224,311.92242,311.0224,311.1224,310.32242,309.32242,309.1224,308.42242,307.6224,305.6224,305.7224,293.0224,305.82242,306.5224,305.42242,305.5224,306.5224,305.32242,303.5224,300.7224,296.82242,299.32242,308.2224,306.92242,305.0224
318.42242,316.42242,314.6224,315.82242,309.7224,316.2224,319.2224,317.32242,316.32242,315.2224,314.82242,314.0224,313.2224,313.5224,313.0224,311.6224,312.5224,312.32242,311.82242,310.0224,309.1224,309.2224,309.0224,308.7224,306.5224,305.92242,305.5224,306.1224,305.6224,305.5224,304.32242,304.0224,304.32242,304.92242,306.7224,304.82242,297.42242,292.82242,290.7224,290.0224,300.32242
316.5224,315.6224,315.92242,315.42242,317.2224,318.0224,317.5224,315.5224,313.6224,311.82242,311.5224,310.5224,311.1224,311.42242,312.82242,312.5224,312.1224,312.2224,311.32242,308.6224,307.5224,307.7224,307.42242,306.7224,305.5224,303.2224,302.32242,302.6224,300.2224,301.42242,299.92242,300.5224,299.32242,296.92242,298.1224,300.6224,303.5224,289.32242,300.2224,300.7224,298.1224
315.92242,315.1224,315.32242,315.6224,315.5224,316.0224,314.7224,313.5224,311.2224,310.32242,308.82242,309.6224,309.1224,310.6224,310.1224,311.0224,310.2224,311.2224,310.1224,309.0224,306.2224,305.2224,305.7224,305.2224,303.42242,303.6224,300.7224,299.0224,297.0224,295.32242,295.82242,296.5224,297.6224,298.32242,298.1224,295.7224,298.2224,297.6224,284.92242,285.6224,285.42242
314.0224,311.7224,312.92242,314.2224,313.6224,314.42242,311.6224,309.0224,308.92242,308.0224,307.82242,307.1224,308.42242,308.32242,308.6224,308.42242,308.82242,308.82242,308.82242,308.42242,306.5224,306.32242,306.6224,306.0224,305.2224,302.82242,302.7224,300.92242,298.32242,297.82242,297.92242,299.32242,300.6224,299.6224,298.92242,296.32242,295.0224,289.82242,286.0224,284.32242,283.0224
305.6224,306.82242,309.82242,309.5224,309.42242,306.1224,308.32242,306.42242,307.1224,307.42242,305.6224,306.1224,306.32242,305.92242,305.7224,307.0224,307.1224,307.5224,306.32242,306.2224,306.6224,306.82242,304.7224,304.7224,305.7224,304.2224,302.1224,302.42242,301.0224,301.7224,302.6224,302.32242,301.1224,299.92242,297.6224,296.32242,289.82242,287.5224,287.7224,285.42242,284.82242
297.42242,299.82242,308.32242,307.2224,307.1224,305.42242,308.42242,307.0224,306.6224,307.1224,305.5224,304.2224,305.32242,303.82242,304.6224,305.6224,305.6224,304.7224,304.82242,303.5224,302.7224,302.42242,304.5224,305.82242,303.92242,303.5224,303.0224,304.5224,305.1224,304.2224,303.5224,302.42242,301.0224,298.1224,297.6224,296.5224,294.6224,295.0224,291.6224,290.6224,289.1224
291.0224,293.32242,296.6224,301.6224,299.2224,306.5224,307.0224,306.82242,306.92242,306.82242,303.0224,301.42242,304.32242,303.42242,303.42242,303.7224,303.7224,302.82242,304.0224,302.5224,302.92242,301.92242,301.92242,302.6224,303.42242,304.0224,304.42242,303.42242,303.6224,303.92242,303.6224,301.92242,301.7224,300.42242,299.32242,296.2224,294.42242,293.92242,292.7224,291.5224,289.5224
300.1224,297.82242,292.0224,293.42242,296.32242,296.82242,297.0224,304.7224,306.6224,305.32242,301.32242,297.5224,299.2224,295.7224,299.7224,299.82242,301.42242,301.82242,302.5224,302.82242,302.92242,302.32242,300.2224,301.42242,301.5224,302.6224,301.92242,301.82242,302.6224,302.82242,303.0224,303.2224,301.5224,299.82242,298.2224,297.32242,295.1224,293.5224,292.6224,289.6224,290.6224
298.0224,298.42242,290.6224,290.82242,291.0224,291.7224,293.0224,294.32242,296.42242,298.92242,294.82242,295.32242,292.7224,296.32242,293.92242,297.7224,297.2224,299.2224,299.5224,298.42242,299.42242,297.92242,298.92242,297.82242,299.1224,298.92242,296.6224,299.42242,299.1224,299.42242,297.32242,293.42242,300.7224,299.92242,298.0224,298.1224,296.0224,294.92242,293.82242,292.2224,290.6224
