wind_kz.json
{"header": {"discipline":0,"disciplineName":"Meteorological products","gribEdition":2,"gribLength":871,"center":7,"centerName":"US National Weather Service - NCEP(WMC)","subcenter":0,"refTime":"2023-08-27T12:00:00.000Z","significanceOfRT":1,"significanceOfRTName":"Start of forecast","productStatus":0,"productStatusName":"Operational products","productType":1,"productTypeName":"Forecast products","productDefinitionTemplate":0,"productDefinitionTemplateName":"Analysis/forecast at horizontal level/layer at a point in time","parameterCategory":0,"parameterCategoryName":"UnknownDiscipline_0_Category_0","parameterNumber":0,"parameterNumberName":"UnknownParameter_D0_C0_0","parameterUnit":"Unknown","genProcessType":2,"genProcessTypeName":"Forecast","forecastTime":0,"surface1Type":1,"surface1TypeName":"Ground or water surface","surface1Value":0.0,"surface2Type":255,"surface2TypeName":"Missing","surface2Value":0.0,"gridDefinitionTemplate":0,"gridDefinitionTemplateName":"Latitude_Longitude","numberPoints":615,"shape":6,"shapeName":"Earth spherical with radius of 6,371,229.0 m","gridUnits":"degrees","resolution":48,"winds":"true","scanMode":64,"nx":41,"ny":15,"basicAngle":0,"lo1":47.0,"la1":41.0,"lo2":87.0,"la2":55.0,"dx":1.0,"dy":1.0}, "data":
[rows 0 to 14 of 15, columns 0 to 40 of 41]
309.49457,291.49457,300.39456,299.59454,299.99457,298.79456,307.09454,314.69455,310.99457,310.79456,308.29456,308.29456,306.99457,306.99457,306.49457,306.49457,305.59454,305.19455,306.59454,306.89456,307.69455,297.69455,293.29456,290.89456,291.99457,296.09454,297.89456,284.49457,286.69455,284.19455,274.99457,280.29456,293.49457,302.59454,307.69455,307.49457,308.09454,307.49457,307.19455,307.79456,307.29456
283.89456,295.79456,299.39456,300.09454,299.59454,298.59454,313.59454,311.49457,308.79456,307.69455,307.79456,306.29456,304.89456,303.49457,304.69455,305.49457,305.39456,305.09454,303.99457,304.49457,307.49457,304.69455,296.69455,285.39456,278.29456,277.89456,289.19455,287.59454,290.69455,284.39456,288.59454,276.09454,284.89456,270.69455,285.09454,301.69455,301.49457,304.59454,307.99457,298.89456,286.69455
305.69455,298.79456,300.69455,300.39456,299.29456,308.99457,307.99457,307.79456,305.69455,304.99457,304.79456,304.99457,302.89456,302.79456,302.89456,303.39456,300.89456,302.49457,298.49457,301.09454,302.29456,303.09454,301.79456,288.89456,297.29456,294.79456,295.19455,292.29456,292.79456,286.09454,280.99457,283.99457,293.89456,289.09454,289.39456,297.19455,286.79456,288.69455,291.69455,284.49457,285.19455
307.79456,298.89456,299.39456,298.79456,299.59454,306.79456,307.09454,306.89456,307.29456,305.79456,304.19455,302.69455,295.39456,294.49457,301.49457,301.29456,300.49457,302.09454,299.29456,298.79456,302.29456,298.99457,299.39456,298.89456,297.19455,299.39456,294.89456,292.59454,291.99457,298.69455,303.69455,303.79456,306.99457,305.99457,303.89456,299.69455,288.39456,286.09454,290.69455,303.39456,306.79456
311.39456,298.39456,299.09454,298.59454,302.49457,305.39456,305.29456,306.59454,306.29456,304.39456,304.09454,302.89456,295.39456,293.99457,291.49457,300.09454,301.29456,300.89456,299.99457,297.99457,299.69455,304.59454,303.69455,297.39456,301.49457,298.89456,294.39456,293.99457,297.39456,300.99457,303.69455,305.09454,285.99457,281.99457,291.99457,304.19455,303.49457,310.59454,311.09454,309.89456,309.79456
312.19455,307.59454,296.89456,296.99457,297.69455,297.19455,305.79456,307.19455,305.59454,304.29456,303.59454,302.69455,295.69455,294.69455,297.49457,298.79456,298.79456,298.39456,296.29456,297.29456,297.19455,297.49457,302.89456,297.09454,298.99457,295.99457,297.29456,293.49457,296.89456,300.69455,302.19455,305.39456,304.19455,302.79456,297.99457,298.59454,294.59454,300.49457,307.99457,309.69455,308.89456
310.29456,303.89456,308.49457,308.79456,304.59454,306.59454,309.89456,306.69455,303.89456,302.99457,301.89456,298.29456,299.89456,301.79456,299.89456,295.69455,296.59454,293.59454,294.79456,295.79456,298.59454,301.79456,299.49457,297.89456,292.29456,294.99457,297.19455,299.49457,296.39456,300.99457,300.89456,302.99457,304.79456,305.29456,302.59454,299.49457,296.39456,295.39456,294.19455,291.39456,303.89456
308.99457,296.69455,308.29456,306.99457,308.49457,307.59454,306.69455,304.39456,301.39456,298.29456,295.49457,295.89456,299.09454,300.59454,298.09454,298.59454,294.79456,296.69455,293.89456,291.99457,294.59454,295.09454,300.19455,298.59454,292.19455,293.99457,290.99457,295.39456,297.99457,298.59454,300.49457,300.99457,302.39456,302.29456,302.19455,296.99457,303.29456,290.09454,305.19455,306.39456,303.29456
293.59454,295.09454,297.99457,303.39456,301.59454,306.09454,304.19455,301.99457,296.19455,297.19455,291.29456,293.89456,292.39456,293.09454,297.09454,292.09454,293.39456,292.49457,292.79456,288.59454,292.19455,294.89456,296.29456,294.89456,291.69455,296.09454,291.49457,294.29456,292.49457,291.69455,295.59454,298.49457,302.09454,304.39456,298.89456,293.99457,301.19455,301.79456,288.19455,288.69455,287.59454
297.39456,292.79456,298.29456,300.49457,296.49457,301.39456,300.79456,295.39456,292.39456,294.09454,289.79456,291.69455,292.99457,296.19455,290.49457,295.39456,293.79456,297.39456,289.69455,287.59454,288.49457,292.59454,295.69455,297.39456,294.69455,293.59454,290.99457,291.39456,294.59454,295.09454,294.39456,294.59454,299.59454,300.69455,304.09454,302.09454,297.09454,294.99457,294.49457,290.99457,289.39456
298.79456,293.29456,296.69455,296.39456,294.29456,292.59454,291.39456,292.09454,294.49457,291.39456,291.69455,294.29456,293.19455,291.69455,293.89456,291.29456,292.09454,296.09454,297.79456,286.29456,286.29456,291.19455,293.99457,290.29456,295.69455,296.19455,290.19455,292.39456,296.69455,298.79456,298.19455,298.19455,296.99457,299.39456,299.79456,299.59454,294.59454,292.69455,294.89456,292.29456,291.29456
295.19455,295.79456,295.29456,293.59454,293.29456,295.49457,292.29456,292.39456,292.29456,288.39456,289.39456,288.69455,292.09454,293.19455,294.09454,292.29456,291.19455,293.49457,291.79456,292.99457,289.99457,286.09454,285.09454,290.39456,291.89456,294.39456,290.79456,295.19455,294.19455,299.49457,298.39456,296.99457,296.09454,294.39456,295.79456,296.89456,297.29456,296.79456,295.29456,295.79456,294.49457
291.89456,291.29456,291.39456,293.29456,293.19455,288.59454,292.09454,290.99457,291.19455,294.09454,284.19455,289.19455,288.19455,290.29456,291.29456,288.39456,289.69455,290.99457,292.49457,291.89456,291.79456,286.29456,284.89456,285.89456,291.39456,293.19455,298.29456,298.49457,298.69455,296.59454,297.99457,297.29456,296.39456,295.19455,294.29456,293.19455,293.89456,296.19455,295.99457,294.69455,294.29456
291.49457,292.29456,291.29456,287.89456,289.09454,287.99457,287.69455,289.89456,288.69455,290.19455,286.29456,284.99457,288.59454,286.99457,291.79456,290.09454,290.69455,290.09454,291.99457,289.79456,288.99457,292.59454,289.69455,289.79456,287.69455,289.99457,292.59454,294.09454,297.39456,297.29456,295.89456,296.19455,294.79456,294.29456,293.79456,292.69455,291.39456,293.99457,294.79456,293.49457,294.89456
288.89456,290.09454,290.99457,289.09454,289.79456,287.09454,286.59454,287.09454,288.49457,289.39456,286.49457,288.49457,284.69455,288.39456,287.09454,289.39456,291.79456,290.09454,291.39456,292.89456,292.69455,293.29456,292.49457,290.59454,292.39456,287.29456,289.29456,290.09454,292.39456,294.49457,293.19455,290.29456,293.59454,293.29456,293.09454,293.09454,294.59454,293.99457,294.19455,294.19455,293.49457
