wind_kz.json
{"header": {"discipline":0,"disciplineName":"Meteorological products","gribEdition":2,"gribLength":871,"center":7,"centerName":"US National Weather Service - NCEP(WMC)","subcenter":0,"refTime":"2023-08-18T12:00:00.000Z","significanceOfRT":1,"significanceOfRTName":"Start of forecast","productStatus":0,"productStatusName":"Operational products","productType":1,"productTypeName":"Forecast products","productDefinitionTemplate":0,"productDefinitionTemplateName":"Analysis/forecast at horizontal level/layer at a point in time","parameterCategory":0,"parameterCategoryName":"UnknownDiscipline_0_Category_0","parameterNumber":0,"parameterNumberName":"UnknownParameter_D0_C0_0","parameterUnit":"Unknown","genProcessType":2,"genProcessTypeName":"Forecast","forecastTime":60,"surface1Type":1,"surface1TypeName":"Ground or water surface","surface1Value":0.0,"surface2Type":255,"surface2TypeName":"Missing","surface2Value":0.0,"gridDefinitionTemplate":0,"gridDefinitionTemplateName":"Latitude_Longitude","numberPoints":615,"shape":6,"shapeName":"Earth spherical with radius of 6,371,229.0 m","gridUnits":"degrees","resolution":48,"winds":"true","scanMode":64,"nx":41,"ny":15,"basicAngle":0,"lo1":47.0,"la1":41.0,"lo2":87.0,"la2":55.0,"dx":1.0,"dy":1.0}, "data":
[rows 0 to 14 of 15, columns 0 to 40 of 41]
294.26865,286.56866,291.26865,299.56866,299.06866,298.06866,298.06866,298.86865,296.66864,298.66864,298.26865,300.26865,299.96866,300.66864,300.86865,300.96866,298.66864,298.16864,295.96866,296.06866,294.76865,291.06866,289.76865,288.36865,290.06866,292.86865,290.56866,277.06866,276.56866,280.26865,279.46866,281.46866,289.36865,295.16864,297.06866,296.36865,295.66864,296.76865,296.66864,297.16864,296.96866
274.76865,292.26865,299.26865,299.56866,299.26865,297.76865,297.16864,297.16864,297.06866,298.26865,299.06866,297.66864,298.06866,297.56866,298.96866,299.06866,297.86865,295.16864,295.86865,293.86865,293.06866,293.66864,293.56866,287.26865,275.66864,276.06866,284.96866,275.96866,278.06866,274.46866,281.26865,274.16864,280.86865,262.46866,278.36865,294.56866,293.26865,295.06866,298.56866,291.06866,283.86865
292.66864,299.66864,299.96866,299.36865,297.36865,297.96866,296.96866,297.06866,296.56866,296.96866,295.36865,297.16864,294.86865,298.56866,299.66864,299.06866,298.56866,296.06866,296.26865,295.26865,296.56866,295.56866,295.46866,289.86865,289.16864,287.56866,290.06866,288.66864,288.36865,282.06866,275.26865,277.66864,282.06866,281.56866,282.76865,284.66864,277.56866,278.66864,280.86865,276.96866,276.46866
292.76865,300.26865,299.66864,298.86865,297.06866,296.86865,297.16864,296.46866,297.06866,297.16864,296.06866,295.66864,296.46866,295.56866,297.56866,299.26865,299.56866,297.86865,297.86865,294.46866,293.86865,289.96866,295.06866,294.36865,292.16864,293.76865,294.06866,294.16864,290.66864,289.86865,291.96866,290.86865,293.46866,291.76865,292.06866,289.46866,277.36865,276.96866,281.96866,289.66864,292.96866
296.86865,300.46866,300.16864,299.66864,298.76865,297.36865,298.16864,297.66864,296.96866,297.26865,296.56866,295.06866,296.96866,295.46866,292.46866,298.56866,300.16864,300.66864,297.16864,297.16864,296.36865,295.96866,294.36865,293.96866,293.76865,293.86865,292.26865,292.26865,290.96866,292.26865,293.86865,289.06866,281.16864,272.16864,283.06866,290.56866,294.16864,295.96866,295.46866,296.16864,296.26865
297.86865,296.06866,298.96866,299.36865,299.96866,299.66864,298.46866,298.46866,297.76865,297.56866,297.96866,296.26865,295.86865,295.66864,296.26865,299.16864,300.66864,299.16864,298.06866,297.06866,295.96866,294.86865,294.66864,294.06866,293.36865,292.16864,292.16864,294.26865,293.56866,295.06866,293.86865,294.56866,293.46866,291.26865,290.76865,290.06866,285.26865,286.46866,293.86865,295.36865,294.46866
300.56866,297.06866,300.26865,301.36865,299.26865,298.26865,297.26865,296.86865,298.46866,298.96866,296.86865,295.26865,295.76865,296.66864,295.86865,299.46866,298.96866,299.96866,296.26865,295.96866,295.06866,296.36865,295.06866,294.56866,292.86865,292.76865,292.86865,294.46866,293.76865,292.96866,293.06866,292.96866,292.26865,293.36865,289.86865,289.06866,285.86865,282.46866,278.06866,278.16864,290.56866
300.46866,298.06866,298.56866,298.66864,300.06866,300.46866,297.66864,298.36865,297.36865,298.06866,294.66864,295.26865,296.26865,296.76865,297.36865,298.46866,299.96866,297.16864,296.86865,293.96866,293.26865,294.86865,293.76865,294.16864,293.66864,289.56866,290.96866,291.76865,290.06866,292.76865,290.96866,291.36865,289.26865,286.66864,286.36865,289.36865,290.36865,289.26865,289.76865,289.66864,286.16864
298.96866,295.86865,297.56866,296.16864,297.96866,298.36865,295.66864,296.36865,294.96866,295.66864,293.46866,296.36865,293.16864,295.76865,297.76865,296.06866,295.26865,295.46866,294.56866,294.36865,291.66864,290.76865,290.76865,291.46866,290.66864,290.96866,287.26865,285.76865,285.16864,284.16864,286.46866,287.46866,288.76865,289.76865,289.26865,287.16864,287.06866,286.86865,275.66864,277.66864,276.26865
293.36865,295.16864,295.16864,295.86865,296.16864,296.76865,295.76865,295.46866,293.96866,293.16864,292.86865,293.56866,292.06866,291.76865,294.06866,294.26865,294.76865,293.96866,293.76865,294.26865,292.26865,292.76865,292.56866,292.66864,291.76865,290.16864,288.26865,287.36865,286.86865,286.46866,286.66864,290.36865,291.76865,291.36865,291.06866,287.96866,286.46866,282.86865,278.86865,277.86865,278.36865
292.06866,292.26865,292.56866,293.16864,292.86865,293.66864,293.86865,291.96866,290.96866,291.06866,290.76865,288.06866,290.76865,289.86865,291.46866,292.66864,292.06866,292.66864,293.56866,294.16864,291.76865,291.26865,292.36865,289.86865,288.66864,287.66864,286.36865,287.96866,287.76865,289.06866,290.16864,290.36865,290.66864,290.76865,291.16864,290.06866,285.36865,281.46866,280.26865,281.36865,280.26865
289.86865,289.96866,289.76865,289.76865,290.06866,290.16864,288.76865,287.16864,286.36865,285.56866,283.06866,286.06866,288.56866,288.16864,288.66864,289.46866,290.06866,290.16864,289.56866,289.56866,290.06866,288.26865,288.16864,287.66864,286.56866,287.16864,287.16864,287.66864,288.96866,288.96866,287.36865,288.56866,288.86865,288.96866,289.16864,288.86865,288.76865,286.66864,286.86865,286.46866,284.96866
289.06866,287.86865,287.76865,286.76865,288.26865,287.76865,286.66864,287.76865,282.76865,282.06866,281.96866,282.36865,284.26865,283.96866,285.26865,286.46866,289.66864,289.36865,286.76865,285.46866,286.36865,284.86865,284.46866,284.66864,285.36865,287.46866,288.16864,285.16864,285.66864,284.46866,285.66864,288.26865,288.46866,287.96866,287.46866,286.76865,287.16864,287.16864,287.36865,287.56866,287.16864
286.06866,287.56866,290.16864,287.96866,286.06866,285.16864,284.86865,287.16864,285.86865,283.96866,283.96866,281.66864,281.76865,283.46866,283.66864,283.66864,284.26865,284.46866,284.96866,284.96866,283.96866,283.06866,283.86865,283.36865,284.86865,285.06866,284.06866,282.76865,282.36865,282.56866,283.46866,283.46866,283.96866,284.66864,286.66864,285.56866,286.16864,285.76865,286.46866,285.86865,285.96866
288.56866,289.76865,291.96866,288.46866,288.66864,288.26865,288.56866,288.26865,288.26865,288.46866,287.26865,285.26865,285.16864,284.06866,284.96866,286.26865,284.86865,284.16864,283.56866,282.86865,282.26865,282.86865,281.76865,282.36865,281.96866,282.06866,282.16864,281.86865,281.86865,281.16864,285.06866,285.16864,285.66864,285.46866,285.96866,286.46866,286.76865,283.56866,286.66864,287.36865,287.26865
