wind.json
{"header": {"discipline":0,"disciplineName":"Meteorological products","gribEdition":2,"gribLength":953,"center":7,"centerName":"US National Weather Service - NCEP(WMC)","subcenter":0,"refTime":"2023-06-30T12:00:00.000Z","significanceOfRT":1,"significanceOfRTName":"Start of forecast","productStatus":0,"productStatusName":"Operational products","productType":1,"productTypeName":"Forecast products","productDefinitionTemplate":0,"productDefinitionTemplateName":"Analysis/forecast at horizontal level/layer at a point in time","parameterCategory":0,"parameterCategoryName":"UnknownDiscipline_0_Category_0","parameterNumber":0,"parameterNumberName":"UnknownParameter_D0_C0_0","parameterUnit":"Unknown","genProcessType":2,"genProcessTypeName":"Forecast","forecastTime":180,"surface1Type":1,"surface1TypeName":"Ground or water surface","surface1Value":0.0,"surface2Type":255,"surface2TypeName":"Missing","surface2Value":0.0,"gridDefinitionTemplate":0,"gridDefinitionTemplateName":"Latitude_Longitude","numberPoints":688,"shape":6,"shapeName":"Earth spherical with radius of 6,371,229.0 m","gridUnits":"degrees","resolution":48,"winds":"true","scanMode":64,"nx":43,"ny":16,"basicAngle":0,"lo1":45.0,"la1":40.0,"lo2":87.0,"la2":55.0,"dx":1.0,"dy":1.0}, "data":
[rows 0 to 15 of 16, columns 0 to 42 of 43]
283.15826,281.35825,295.75824,296.55826,297.85825,297.65826,296.85825,295.55826,299.95825,299.65826,303.45825,303.65826,302.55826,300.55826,299.75824,303.75824,302.65826,300.55826,298.15826,297.35825,296.55826,293.15826,290.45825,293.85825,291.75824,288.65826,289.55826,282.45825,275.95825,277.95825,282.15826,294.55826,296.95825,297.25824,297.05826,297.75824,299.15826,298.55826,299.85825,301.05826,300.35825,298.85825,299.75824
288.95825,297.75824,298.75824,290.25824,293.15826,296.65826,296.55826,295.05826,298.95825,304.35825,302.05826,300.35825,301.25824,301.95825,301.65826,301.05826,301.15826,297.45825,296.95825,297.15826,296.15826,296.45825,296.25824,292.25824,291.35825,287.45825,293.65826,295.55826,291.15826,276.05826,277.15826,280.05826,280.35825,281.45825,290.15826,297.55826,298.15826,299.05826,298.25824,299.85825,300.75824,301.15826,302.75824
290.95825,287.85825,275.35825,291.25824,296.65826,296.65826,296.45825,293.95825,302.35825,302.65826,300.35825,302.95825,301.35825,298.95825,297.95825,297.15826,297.85825,296.75824,296.35825,296.25824,296.45825,295.75824,295.55826,295.75824,292.05826,287.35825,275.95825,277.65826,284.15826,275.85825,278.55826,273.25824,279.95825,273.45825,281.95825,261.05826,276.45825,292.35825,292.05826,295.75824,301.65826,293.15826,283.55826
288.95825,291.65826,293.05826,297.35825,297.25824,296.85825,295.85825,303.95825,301.05826,300.15826,299.55826,299.85825,297.45825,297.45825,296.75824,296.65826,297.65826,296.65826,297.35825,294.65826,295.25824,296.45825,295.55826,294.65826,294.95825,289.45825,291.05826,290.55826,290.15826,289.35825,289.45825,281.05826,272.55826,275.25824,280.95825,280.95825,282.05826,282.95825,276.45825,279.05826,280.35825,278.35825,279.15826
294.75824,296.95825,293.85825,298.15826,298.15826,297.15826,297.45825,300.55826,300.45825,299.55826,298.85825,297.95825,297.55826,297.25824,295.05826,294.55826,298.55826,299.15826,298.85825,296.85825,296.45825,298.65826,293.95825,288.75824,295.05826,294.75824,291.65826,294.65826,294.95825,293.85825,291.15826,292.75824,292.95825,290.25824,293.95825,292.65826,292.35825,289.55826,278.35825,276.55826,281.45825,291.85825,295.35825
294.95825,298.55826,298.05826,298.75824,298.65826,299.15826,299.25824,300.05826,300.25824,299.75824,298.65826,298.85825,298.55826,297.45825,295.65826,294.95825,292.15826,300.15826,301.05826,298.35825,298.35825,298.65826,297.35825,296.95825,294.85825,295.55826,295.25824,295.45825,293.85825,293.35825,293.95825,293.65826,295.25824,291.55826,279.15826,273.95825,283.55826,292.55826,293.95825,298.45825,299.95825,298.45825,299.15826
296.85825,299.55826,297.45825,295.95825,299.15826,298.55826,298.25824,297.75824,300.15826,300.75824,299.65826,298.65826,298.75824,298.95825,294.45825,294.15826,295.45825,296.85825,297.05826,297.75824,297.05826,298.15826,298.25824,298.85825,296.85825,295.65826,295.95825,294.25824,294.35825,290.45825,295.95825,296.35825,294.75824,294.15826,292.65826,291.25824,288.95825,290.65826,284.35825,286.85825,295.45825,299.05826,298.45825
299.25824,298.95825,298.85825,298.45825,301.95825,300.95825,299.45825,299.25824,300.85825,299.25824,299.85825,300.05826,299.35825,298.55826,298.25824,297.15826,296.95825,297.25824,296.85825,297.65826,296.75824,296.35825,293.95825,294.85825,296.65826,297.05826,295.95825,296.65826,294.25824,296.85825,293.55826,293.75824,294.35825,294.05826,294.05826,293.35825,291.85825,289.75824,286.25824,285.05826,283.85825,283.25824,293.75824
296.85825,296.35825,298.95825,302.55826,302.45825,303.55826,301.75824,302.05826,300.55826,300.75824,296.95825,297.55826,296.85825,296.35825,294.45825,295.95825,296.55826,296.55826,295.75824,295.75824,294.75824,292.15826,292.55826,293.45825,291.55826,292.45825,291.05826,291.25824,291.85825,293.45825,291.45825,291.55826,290.45825,291.15826,289.95825,289.25824,288.65826,290.95825,293.65826,288.25824,293.45825,292.55826,290.85825
291.65826,298.25824,301.45825,299.55826,299.55826,298.45825,300.65826,299.95825,298.15826,298.35825,297.15826,295.05826,293.75824,293.45825,291.75824,294.15826,293.75824,294.15826,293.05826,293.15826,293.35825,292.25824,288.65826,288.75824,291.15826,290.95825,288.25824,288.85825,286.45825,286.45825,286.05826,285.95825,288.35825,288.45825,290.75824,292.15826,290.95825,290.65826,288.95825,290.25824,281.55826,280.65826,281.75824
294.25824,294.45825,297.05826,297.15826,297.75824,297.45825,297.15826,296.95825,296.05826,295.65826,294.15826,293.35825,291.05826,290.05826,290.15826,291.25824,290.65826,291.25824,292.25824,290.75824,290.15826,290.75824,288.25824,288.35825,290.15826,291.15826,290.45825,288.55826,287.15826,287.05826,287.75824,287.85825,288.65826,291.25824,292.65826,293.95825,293.15826,290.85825,288.65826,284.95825,284.45825,281.75824,280.45825
292.15826,291.75824,294.55826,295.15826,297.55826,294.65826,294.35825,294.65826,294.45825,293.55826,293.05826,291.95825,289.75824,288.35825,289.85825,288.65826,288.35825,288.85825,289.45825,289.75824,289.35825,287.55826,288.15826,289.75824,289.15826,288.65826,288.15826,287.85825,286.25824,288.75824,289.75824,291.05826,292.25824,292.05826,292.35825,291.15826,290.65826,289.35825,285.85825,284.15826,283.15826,283.15826,281.85825
290.45825,289.75824,291.55826,292.45825,293.55826,293.75824,292.55826,291.75824,291.25824,291.35825,289.35825,289.65826,287.15826,285.75824,287.95825,287.65826,287.35825,287.55826,288.35825,289.05826,287.75824,287.45825,286.75824,286.95825,287.75824,288.05826,288.05826,288.95825,289.15826,290.55826,291.25824,291.95825,290.85825,291.35825,291.65826,291.15826,289.45825,291.05826,291.65826,289.15826,287.15826,287.55826,287.35825
289.45825,290.65826,291.25824,289.15826,290.85825,290.95825,290.75824,290.45825,289.55826,287.75824,288.15826,286.15826,285.65826,283.95825,285.55826,286.45825,286.65826,286.65826,287.35825,287.75824,288.55826,288.05826,287.15826,286.65826,287.35825,288.05826,289.35825,290.45825,291.75824,290.95825,290.55826,290.75824,291.25824,291.15826,291.95825,291.35825,290.65826,290.65826,289.25824,288.85825,288.45825,288.75824,288.05826
290.35825,290.15826,289.55826,290.65826,291.05826,291.25824,289.05826,288.15826,287.75824,288.35825,287.05826,286.95825,286.75824,284.85825,284.75824,286.15826,287.25824,286.55826,286.45825,286.75824,287.65826,287.45825,287.15826,287.75824,288.65826,289.35825,289.95825,290.55826,290.25824,289.95825,290.25824,290.45825,290.95825,291.05826,290.75824,290.35825,289.85825,289.35825,289.35825,288.95825,288.85825,287.85825,288.85825
289.75824,290.25824,290.15826,290.45825,291.05826,290.85825,290.75824,289.55826,289.55826,287.55826,288.55826,287.15826,288.25824,285.15826,286.75824,286.55826,287.15826,287.55826,286.85825,286.45825,286.85825,286.85825,286.75824,286.95825,287.15826,287.55826,287.95825,288.15826,288.25824,289.55826,289.35825,289.75824,290.35825,287.25824,290.65826,290.45825,289.55826,289.85825,290.55826,289.35825,289.85825,289.25824,288.55826
