wind_kz.json
{"header": {"discipline":0,"disciplineName":"Meteorological products","gribEdition":2,"gribLength":871,"center":7,"centerName":"US National Weather Service - NCEP(WMC)","subcenter":0,"refTime":"2023-10-04T18:00:00.000Z","significanceOfRT":1,"significanceOfRTName":"Start of forecast","productStatus":0,"productStatusName":"Operational products","productType":1,"productTypeName":"Forecast products","productDefinitionTemplate":0,"productDefinitionTemplateName":"Analysis/forecast at horizontal level/layer at a point in time","parameterCategory":0,"parameterCategoryName":"UnknownDiscipline_0_Category_0","parameterNumber":0,"parameterNumberName":"UnknownParameter_D0_C0_0","parameterUnit":"Unknown","genProcessType":2,"genProcessTypeName":"Forecast","forecastTime":60,"surface1Type":1,"surface1TypeName":"Ground or water surface","surface1Value":0.0,"surface2Type":255,"surface2TypeName":"Missing","surface2Value":0.0,"gridDefinitionTemplate":0,"gridDefinitionTemplateName":"Latitude_Longitude","numberPoints":615,"shape":6,"shapeName":"Earth spherical with radius of 6,371,229.0 m","gridUnits":"degrees","resolution":48,"winds":"true","scanMode":64,"nx":41,"ny":15,"basicAngle":0,"lo1":47.0,"la1":41.0,"lo2":87.0,"la2":55.0,"dx":1.0,"dy":1.0}, "data":
[rows 0 to 14 of 15, columns 0 to 40 of 41]
298.10605,288.50604,293.20605,293.90607,293.90607,292.40607,300.00604,304.80606,299.60605,300.50604,299.80606,299.80606,301.80606,302.20605,301.70605,303.20605,295.30606,293.90607,308.80606,307.90607,310.50604,308.60605,305.60605,299.40607,299.00604,290.10605,291.40607,278.20605,277.30606,286.10605,285.20605,279.90607,294.50604,305.40607,302.30606,304.00604,308.60605,305.70605,301.20605,306.40607,311.30606
272.70605,294.90607,293.80606,293.60605,293.80606,291.70605,302.30606,302.50604,300.40607,299.40607,299.50604,300.20605,300.50604,297.60605,302.90607,296.00604,297.80606,309.00604,307.90607,307.30606,299.20605,306.90607,306.20605,292.20605,273.40607,273.10605,290.60605,287.30606,285.50604,280.80606,281.90607,279.70605,287.20605,270.00604,279.00604,297.50604,300.60605,296.10605,302.70605,294.90607,284.30606
293.90607,293.20605,293.20605,292.80606,291.20605,297.50604,296.40607,297.20605,298.60605,296.40607,297.90607,297.50604,297.90607,295.70605,297.30606,298.30606,298.00604,294.50604,295.40607,302.60605,293.10605,291.90607,291.20605,293.30606,289.50604,290.60605,287.90607,289.50604,286.90607,282.40607,273.80606,278.00604,291.00604,290.80606,292.40607,292.30606,290.70605,288.20605,291.90607,287.10605,284.70605
293.90607,292.00604,292.90607,292.00604,293.00604,295.10605,293.20605,294.60605,296.00604,295.90607,297.40607,299.10605,290.20605,289.60605,298.40607,295.10605,304.70605,302.10605,295.80606,296.80606,293.50604,292.90607,292.00604,292.10605,296.30606,289.90607,291.50604,288.80606,292.80606,292.60605,290.60605,292.80606,298.80606,305.00604,304.30606,299.00604,288.90607,274.40607,290.50604,299.10605,301.00604
294.90607,291.70605,292.00604,291.30606,293.30606,295.30606,292.50604,296.00604,295.40607,294.50604,296.00604,299.10605,289.30606,288.00604,286.70605,301.10605,299.10605,297.70605,292.40607,291.30606,292.70605,299.40607,300.60605,292.50604,291.10605,292.00604,289.50604,297.40607,301.30606,299.10605,294.60605,292.10605,289.10605,277.50604,294.80606,302.60605,300.10605,305.20605,304.70605,302.30606,300.20605
293.40607,291.40607,289.80606,290.40607,290.70605,290.20605,296.20605,294.10605,294.30606,294.70605,294.30606,297.10605,290.50604,288.90607,294.20605,302.00604,296.20605,298.40607,293.80606,293.10605,296.10605,294.10605,296.60605,293.40607,290.30606,296.70605,299.30606,288.20605,300.40607,292.00604,290.40607,297.10605,289.70605,298.30606,298.60605,301.40607,293.00604,293.30606,303.90607,305.20605,302.30606
293.00604,292.50604,289.40607,288.40607,288.50604,290.20605,294.20605,293.80606,293.20605,292.50604,294.50604,296.10605,296.70605,298.40607,299.80606,298.70605,294.50604,299.80606,295.90607,289.10605,297.30606,298.90607,298.60605,299.50604,296.70605,298.20605,299.10605,299.10605,295.40607,288.00604,290.40607,300.30606,302.00604,300.00604,296.40607,291.50604,290.40607,291.60605,289.20605,288.90607,298.00604
291.90607,288.70605,287.20605,289.00604,288.00604,288.40607,290.50604,288.90607,292.80606,291.80606,292.20605,292.10605,293.80606,290.10605,298.40607,297.80606,295.80606,293.10605,298.00604,288.20605,293.50604,297.90607,300.00604,298.40607,297.60605,295.00604,295.60605,290.40607,295.60605,297.40607,296.20605,298.40607,298.10605,296.60605,298.30606,298.30606,299.10605,285.90607,299.50604,300.60605,298.60605
289.80606,290.10605,285.90607,286.10605,286.70605,293.00604,293.80606,291.40607,292.40607,291.10605,291.00604,290.90607,291.90607,294.70605,295.80606,298.00604,297.50604,290.20605,292.60605,295.00604,292.50604,294.50604,296.20605,297.40607,295.60605,296.20605,294.80606,293.80606,293.70605,293.10605,293.20605,295.00604,296.40607,297.00604,297.00604,294.80606,295.80606,295.40607,282.80606,282.40607,279.20605
287.40607,288.00604,285.00604,285.70605,291.70605,294.40607,292.80606,291.30606,292.50604,291.80606,290.10605,288.60605,291.80606,294.10605,294.70605,295.20605,296.70605,297.10605,289.40607,296.30606,294.60605,291.00604,294.60605,297.50604,297.90607,296.20605,295.40607,295.00604,293.20605,295.00604,294.90607,294.40607,296.90607,297.50604,297.80606,295.80606,292.90607,290.50604,291.10605,289.60605,283.00604
286.30606,287.00604,283.50604,284.20605,289.20605,291.40607,288.70605,291.10605,291.10605,290.50604,288.10605,285.60605,290.60605,290.90607,292.70605,293.70605,294.20605,295.40607,290.60605,293.20605,294.70605,293.40607,293.80606,295.50604,296.00604,296.10605,294.50604,296.30606,297.30606,298.50604,296.50604,297.50604,297.50604,296.10605,296.00604,295.30606,289.80606,290.30606,290.20605,288.70605,287.80606
284.00604,286.80606,285.00604,284.20605,284.30606,286.30606,290.30606,285.40607,290.40607,290.40607,287.50604,288.90607,288.00604,284.30606,290.40607,291.60605,292.60605,293.20605,291.70605,287.60605,293.00604,291.80606,289.60605,291.80606,293.50604,295.30606,295.90607,297.30606,297.00604,296.10605,295.60605,296.20605,294.20605,294.70605,293.20605,295.10605,295.30606,293.50604,293.50604,293.80606,291.50604
281.80606,281.40607,287.60605,285.50604,284.70605,286.80606,287.30606,286.00604,286.60605,288.00604,285.80606,286.00604,288.80606,287.00604,289.50604,287.40607,290.90607,291.30606,290.70605,284.90607,291.90607,290.70605,288.30606,290.60605,293.60605,295.30606,296.50604,294.70605,294.70605,294.80606,295.50604,295.10605,294.90607,294.90607,293.80606,292.30606,292.40607,290.30606,291.90607,291.30606,289.90607
279.50604,282.70605,285.30606,285.30606,282.80606,285.00604,287.40607,285.90607,288.00604,286.70605,285.10605,283.10605,287.30606,289.50604,287.00604,285.80606,284.80606,285.20605,284.90607,284.40607,288.70605,289.70605,289.30606,291.90607,292.80606,294.70605,293.70605,293.70605,293.60605,293.90607,293.70605,293.10605,292.80606,292.20605,292.10605,292.50604,291.50604,289.00604,291.50604,291.20605,290.70605
280.20605,284.20605,284.80606,286.10605,284.80606,284.90607,286.50604,286.80606,287.30606,286.80606,285.90607,286.60605,285.20605,286.10605,287.80606,286.00604,286.40607,287.70605,283.50604,284.30606,290.00604,288.00604,289.80606,290.00604,291.40607,293.10605,292.70605,292.30606,292.70605,292.60605,291.10605,289.00604,292.40607,291.90607,292.30606,292.40607,293.40607,290.20605,290.10605,290.20605,291.00604
