wind.json
{"header": {"discipline":0,"disciplineName":"Meteorological products","gribEdition":2,"gribLength":1125,"center":7,"centerName":"US National Weather Service - NCEP(WMC)","subcenter":0,"refTime":"2023-06-28T18:00:00.000Z","significanceOfRT":1,"significanceOfRTName":"Start of forecast","productStatus":0,"productStatusName":"Operational products","productType":1,"productTypeName":"Forecast products","productDefinitionTemplate":0,"productDefinitionTemplateName":"Analysis/forecast at horizontal level/layer at a point in time","parameterCategory":2,"parameterCategoryName":"UnknownDiscipline_0_Category_2","parameterNumber":3,"parameterNumberName":"UnknownParameter_D0_C2_3","parameterUnit":"Unknown","genProcessType":2,"genProcessTypeName":"Forecast","forecastTime":120,"surface1Type":103,"surface1TypeName":"Specified height level above ground","surface1Value":10.0,"surface2Type":255,"surface2TypeName":"Missing","surface2Value":0.0,"gridDefinitionTemplate":0,"gridDefinitionTemplateName":"Latitude_Longitude","numberPoints":688,"shape":6,"shapeName":"Earth spherical with radius of 6,371,229.0 m","gridUnits":"degrees","resolution":48,"winds":"true","scanMode":64,"nx":43,"ny":16,"basicAngle":0,"lo1":45.0,"la1":40.0,"lo2":87.0,"la2":55.0,"dx":1.0,"dy":1.0}, "data":
[rows 0 to 15 of 16, columns 0 to 42 of 43]
-3.9093812,2.050619,3.550619,4.4506187,1.8406188,-0.4993811,-4.269381,-5.7193813,-8.169381,-5.129381,-2.739381,-4.339381,-4.209381,-5.319381,-5.0493813,-4.0493813,-3.529381,-4.679381,-5.669381,-5.919381,-6.849381,-3.209381,-5.459381,1.0106189,2.1206188,2.260619,-0.5193811,2.6406188,3.300619,0.1006189,-0.9493811,0.3606189,-1.2493811,-4.249381,-2.999381,-3.999381,-5.329381,-0.21938111,2.170619,0.2206189,3.260619,3.1006188,0.6806189
0.5806189,0.2106189,1.1506189,-2.9093812,1.1306189,0.3106189,-4.379381,-6.069381,-6.449381,-3.759381,-1.7193811,-2.529381,-1.8393811,-3.459381,-4.7393813,-6.829381,-7.499381,-6.689381,-7.439381,-7.2193813,-4.909381,-4.309381,-5.899381,-6.089381,-2.6693811,-1.4893811,-2.809381,1.9306189,0.82061887,3.200619,0.7406189,-0.8893811,-0.6493811,-0.8693811,-1.269381,-6.399381,-4.359381,-8.789381,0.3006189,-0.0693811,0.7906189,0.6706189,2.950619
-0.21938111,-2.9193811,0.6606189,1.1906189,1.3106189,-1.3693811,-4.2793813,-4.819381,-6.209381,-4.429381,1.740619,0.030618897,-1.3793811,-2.8893812,-1.3393811,-3.009381,-4.339381,-4.559381,-5.089381,-5.959381,-7.039381,-4.7593813,-4.609381,-4.119381,-2.6693811,1.730619,0.7406189,-3.4293811,-3.949381,0.7806189,-0.7493811,1.2506189,0.6106189,1.8806189,1.1806189,0.120618895,-2.519381,-10.999381,-0.7993811,-3.509381,-2.199381,-2.4393811,2.300619
1.8306189,2.3706188,1.730619,2.8606188,0.5006189,-2.789381,-5.209381,-5.0493813,-4.059381,-0.4793811,-2.3393812,-0.7293811,-1.0893811,-1.4993811,0.030618897,-1.759381,-2.5893812,-3.1093812,-2.9193811,-3.229381,-2.8393812,-2.8893812,-2.959381,-3.5993812,-2.6093812,-0.4893811,2.3206189,2.0906188,2.490619,2.0906188,0.4506189,2.960619,3.170619,1.5206189,0.5506189,-0.8093811,0.1806189,4.680619,-1.6993811,-1.8193811,-0.009381103,-0.5993811,0.2006189
2.1406188,2.290619,1.7006189,2.790619,1.2806189,-2.3793812,-2.789381,-5.7593813,-5.919381,-3.6493812,-2.019381,-0.92938113,-2.519381,1.7806189,2.780619,1.1406189,-0.9693811,-1.6693811,-2.6893811,-2.559381,-2.489381,-0.1993811,-0.31938112,0.040618896,0.3606189,-2.4393811,-1.6093811,-2.249381,-3.1593812,2.6606188,3.990619,2.180619,-2.4393811,-3.709381,-4.919381,5.410619,-3.3693812,-4.079381,-3.3693812,1.2606189,2.3706188,2.700619,1.5606189
4.7006187,4.850619,4.960619,5.2806187,2.550619,0.4706189,-2.209381,-3.4093812,-4.249381,-4.4693813,-5.629381,-1.8193811,-2.9293811,-2.9193811,3.730619,1.3906189,0.57061887,-1.1993811,-0.92938113,-3.1393812,-2.459381,-3.469381,1.9406189,-0.7993811,-1.3593811,0.5306189,-1.1193811,0.09061889,2.800619,1.8906189,3.9006188,1.9206189,6.190619,3.8406188,3.200619,0.120618895,-1.3493811,-2.539381,-1.4793811,0.4006189,3.180619,2.3506188,-0.1193811
2.5806189,6.4706187,5.520619,3.730619,4.680619,2.750619,0.6306189,-0.9193811,-1.639381,-3.239381,-4.819381,-3.3693812,-4.199381,-6.849381,-3.9393811,0.6406189,-0.3293811,-0.0793811,-1.139381,-0.3893811,-2.6093812,0.5106189,1.9206189,1.5906188,-1.4293811,2.1406188,-0.18938111,-2.3393812,-2.0893812,8.4406185,3.510619,3.780619,0.6706189,1.4406189,7.840619,4.110619,3.940619,1.0006189,2.440619,-0.2793811,2.4106188,1.1006188,0.6406189
-1.5293812,0.14061889,-1.389381,3.3506188,5.0106187,4.360619,4.020619,2.050619,-0.1593811,-1.3793811,0.5606189,-2.539381,-3.6093812,-6.479381,-8.779381,-5.619381,-3.469381,-4.499381,0.7306189,-1.3393811,-2.449381,-3.269381,-1.759381,3.5706189,3.280619,3.3106189,3.170619,2.960619,-1.2893811,-0.5393811,-1.3093811,1.0506189,6.340619,1.480619,2.990619,0.9806189,1.6406189,-2.019381,-3.299381,-0.4893811,1.6706189,-0.21938111,1.480619
-3.3493812,-2.1593812,0.9006189,-0.3793811,-1.769381,-5.479381,-3.009381,-3.569381,-3.529381,-3.9093812,-1.9093812,-2.509381,-2.029381,-3.9093812,-5.7193813,-5.459381,-4.579381,-4.7793813,-0.9893811,-2.1793811,-5.149381,-4.439381,-4.7193813,-3.029381,-2.1493812,7.020619,3.450619,3.1006188,1.2006189,-2.3393812,0.46061888,2.730619,1.8306189,-0.0393811,-2.8693812,-4.0093813,0.3306189,1.5506189,1.6806189,-0.0693811,0.82061887,-1.8793811,-1.9093812
0.5206189,-3.019381,-3.019381,-2.829381,-2.279381,-1.1693811,-1.1793811,-1.009381,-1.9293811,-0.4993811,-2.039381,0.3006189,-1.8693811,-2.799381,-4.199381,-5.769381,-4.499381,0.2206189,-4.269381,-7.639381,-6.679381,-7.379381,-2.529381,-2.1793811,-4.5293813,0.43061888,-0.3693811,1.4306189,2.230619,2.540619,2.1406188,1.0906188,6.188965E-4,0.2506189,1.8506188,-0.7393811,-0.1693811,0.5906189,-3.1593812,-0.0693811,-0.4593811,-0.8693811,-2.1593812
2.250619,2.770619,-0.029381104,-0.8993811,-0.6093811,-3.269381,-2.4093812,-3.059381,-1.0293812,-1.8793811,-1.1493812,-0.9793811,-2.019381,-2.6293812,-3.8793812,-3.6093812,-5.039381,-3.8893812,-3.509381,-3.459381,-3.6493812,-9.879381,0.2406189,1.4306189,2.8206189,2.210619,2.3206189,2.670619,6.110619,2.780619,1.5306189,-0.1493811,-0.049381103,-0.2093811,-1.9593811,-2.8493812,-2.209381,-0.4993811,0.17061889,-2.5993812,-1.1993811,0.46061888,0.6406189
0.1306189,-0.8993811,-0.9393811,1.1206189,-0.1193811,0.010618896,-1.519381,-1.1693811,-1.8593811,-0.1493811,0.4806189,-1.3293811,-0.8793811,-1.2393811,-2.049381,-2.3893812,-2.8393812,-3.539381,-4.5293813,-3.219381,-4.929381,-8.969381,-4.4893813,2.1606188,-1.759381,-1.639381,-0.4793811,-1.0693811,-1.0793811,-0.7393811,-1.0693811,0.2906189,0.4206189,-0.5793811,-2.469381,-2.8693812,-3.459381,-1.5893811,-0.4893811,1.6706189,-0.3793811,-1.0293812,-0.9193811
-0.5593811,0.060618896,0.6106189,0.2606189,0.7506189,0.3906189,-0.4693811,-0.18938111,-1.4993811,-0.9693811,-0.2793811,-0.1793811,-0.4593811,-1.1993811,-2.1493812,-2.5993812,-2.529381,-4.099381,-2.8793812,-3.569381,-2.1393812,-3.819381,-3.4393811,0.6806189,-0.6393811,-0.4693811,0.2106189,-0.5293811,0.4506189,-0.3793811,-0.4293811,-0.9193811,-1.1793811,-1.1593812,-1.1793811,-1.4693811,-2.529381,-3.3993812,-2.9193811,-1.3393811,0.5406189,0.8106189,0.8606189
0.120618895,0.080618896,0.050618898,0.7106189,1.7106189,1.0206189,0.5806189,-0.2393811,1.0206189,-0.5793811,-2.3393812,-1.6793811,-0.099381104,-0.8293811,-2.059381,-2.529381,-2.1493812,-0.1093811,-4.209381,-1.8193811,-3.499381,-2.5993812,0.4506189,0.9206189,2.220619,2.1506188,1.5206189,1.1906189,0.7906189,6.188965E-4,0.1606189,-0.3893811,0.1606189,6.188965E-4,-0.92938113,-1.5293812,-1.2193811,-1.1093811,-1.9293811,-1.3093811,-2.9193811,-2.3593812,-1.2893811
0.7306189,1.3106189,1.1806189,1.3006189,-0.21938111,2.760619,1.0006189,0.5806189,1.490619,0.1906189,-0.1293811,-1.2293811,0.5206189,-0.0693811,-0.9693811,-1.5993811,-2.8493812,-3.459381,-2.3393812,-2.799381,-2.739381,-1.2393811,-1.3093811,-0.7893811,-1.1093811,1.3106189,1.0706189,1.0306189,1.4406189,1.2106189,0.9506189,1.5406189,1.0906188,0.2906189,-0.25938112,-0.6393811,-1.3493811,-0.4393811,-0.28938112,-0.92938113,-1.7393811,-2.1193812,-2.6393812
1.1006188,1.3006189,1.230619,1.360619,2.0706189,2.3406188,1.2506189,1.1306189,1.0806189,0.8306189,0.9906189,0.1806189,-0.13938111,1.4606189,1.3506188,-0.6093811,-1.639381,-3.269381,-1.9593811,-2.069381,-1.2893811,1.0606189,0.3006189,-0.6893811,0.46061888,0.0706189,0.2006189,0.2806189,0.8106189,0.4206189,0.3306189,0.6406189,2.170619,1.4406189,1.4406189,0.9506189,0.5506189,0.010618896,-0.9793811,-0.7093811,-0.6293811,-2.759381,-1.9293811
