wind_kz.json
{"header": {"discipline":0,"disciplineName":"Meteorological products","gribEdition":2,"gribLength":871,"center":7,"centerName":"US National Weather Service - NCEP(WMC)","subcenter":0,"refTime":"2023-10-02T18:00:00.000Z","significanceOfRT":1,"significanceOfRTName":"Start of forecast","productStatus":0,"productStatusName":"Operational products","productType":1,"productTypeName":"Forecast products","productDefinitionTemplate":0,"productDefinitionTemplateName":"Analysis/forecast at horizontal level/layer at a point in time","parameterCategory":0,"parameterCategoryName":"UnknownDiscipline_0_Category_0","parameterNumber":0,"parameterNumberName":"UnknownParameter_D0_C0_0","parameterUnit":"Unknown","genProcessType":2,"genProcessTypeName":"Forecast","forecastTime":60,"surface1Type":1,"surface1TypeName":"Ground or water surface","surface1Value":0.0,"surface2Type":255,"surface2TypeName":"Missing","surface2Value":0.0,"gridDefinitionTemplate":0,"gridDefinitionTemplateName":"Latitude_Longitude","numberPoints":615,"shape":6,"shapeName":"Earth spherical with radius of 6,371,229.0 m","gridUnits":"degrees","resolution":48,"winds":"true","scanMode":64,"nx":41,"ny":15,"basicAngle":0,"lo1":47.0,"la1":41.0,"lo2":87.0,"la2":55.0,"dx":1.0,"dy":1.0}, "data":
[rows 0 to 14 of 15, columns 0 to 40 of 41]
287.86472,281.66473,284.16473,294.06473,293.7647,292.2647,300.2647,298.36472,297.56473,294.36472,294.56473,303.46472,302.7647,304.36472,302.2647,303.86472,307.66473,305.7647,309.06473,307.36472,312.46472,308.66473,311.46472,309.46472,309.56473,312.16473,310.56473,296.46472,296.86472,290.96472,286.46472,280.56473,300.16473,307.66473,308.16473,306.36472,310.96472,310.56473,308.66473,311.96472,310.7647
272.06473,285.06473,293.46472,293.66473,293.7647,291.86472,295.36472,294.7647,293.36472,291.2647,291.46472,292.66473,294.46472,294.46472,305.96472,307.2647,307.56473,307.66473,305.7647,308.06473,312.7647,308.56473,307.46472,301.46472,290.16473,291.96472,300.46472,295.96472,297.16473,290.36472,292.96472,282.36472,292.46472,266.36472,284.2647,302.16473,303.86472,300.96472,307.06473,299.2647,284.56473
293.36472,293.2647,293.36472,293.06473,291.2647,298.36472,296.96472,295.7647,302.2647,296.96472,297.56473,295.36472,298.56473,301.7647,301.86472,305.86472,305.7647,306.46472,306.96472,309.66473,312.86472,309.66473,312.2647,306.16473,306.36472,306.46472,305.96472,306.36472,307.36472,298.16473,288.96472,292.36472,297.36472,299.06473,298.16473,293.56473,291.36472,290.46472,291.96472,286.06473,285.96472
299.2647,292.46472,293.16473,292.46472,293.36472,300.46472,300.16473,300.36472,296.2647,299.16473,292.2647,291.56473,290.46472,289.7647,300.56473,304.46472,302.7647,306.66473,306.66473,308.46472,308.86472,306.16473,305.16473,305.16473,307.2647,304.96472,307.2647,305.86472,303.7647,304.7647,306.7647,303.2647,304.66473,307.66473,307.7647,301.06473,288.66473,274.06473,291.46472,300.16473,301.36472
299.56473,292.36472,292.7647,292.16473,292.36472,294.7647,292.46472,303.06473,292.06473,291.36472,292.06473,291.86472,289.56473,288.16473,286.7647,302.56473,303.06473,301.7647,303.86472,301.16473,302.66473,304.66473,305.16473,304.66473,305.36472,305.16473,303.06473,299.7647,306.7647,305.66473,304.2647,304.86472,293.36472,278.16473,294.56473,302.96472,300.36472,306.86472,306.86472,305.56473,303.16473
298.96472,300.36472,290.66473,291.36472,291.7647,291.16473,299.66473,298.36472,293.46472,291.56473,294.06473,293.16473,290.56473,289.2647,295.96472,300.86472,299.56473,302.16473,301.36472,302.16473,302.7647,301.46472,301.7647,302.06473,302.46472,301.86472,301.96472,287.36472,300.66473,301.46472,304.06473,301.86472,304.66473,303.16473,299.66473,297.7647,295.96472,294.7647,306.96472,304.7647,301.7647
301.56473,299.7647,296.66473,299.36472,296.56473,300.7647,298.56473,297.16473,297.96472,296.36472,295.16473,294.16473,297.56473,298.16473,298.2647,297.56473,299.66473,300.36472,302.86472,301.16473,300.86472,302.16473,299.96472,297.96472,296.2647,297.56473,299.16473,301.36472,300.96472,302.56473,302.46472,302.06473,301.56473,300.36472,298.2647,298.46472,295.7647,292.96472,291.7647,288.66473,296.86472
300.96472,299.86472,298.86472,292.96472,296.86472,297.7647,299.16473,297.2647,295.56473,293.7647,295.36472,295.96472,297.2647,295.7647,298.06473,298.2647,297.56473,298.7647,299.16473,299.16473,297.46472,299.56473,300.06473,299.66473,298.56473,296.56473,295.66473,297.46472,295.96472,298.06473,297.66473,298.96472,300.16473,294.2647,296.2647,297.46472,299.16473,286.36472,300.16473,301.06473,296.7647
299.2647,297.46472,293.56473,296.96472,297.36472,298.56473,300.7647,293.36472,294.2647,293.46472,295.96472,296.06473,295.96472,297.36472,297.86472,298.2647,297.06473,297.46472,296.16473,294.96472,295.46472,296.2647,297.06473,296.86472,296.06473,296.96472,296.86472,296.2647,296.16473,295.66473,296.2647,296.16473,296.56473,294.7647,294.56473,293.16473,292.46472,290.06473,278.36472,281.36472,279.56473
296.2647,295.86472,297.7647,296.86472,291.86472,293.96472,297.96472,298.36472,289.96472,288.56473,290.36472,288.56473,296.16473,296.96472,295.06473,296.7647,297.36472,297.86472,297.36472,297.2647,295.7647,295.96472,296.2647,297.06473,297.46472,296.06473,295.7647,297.2647,296.56473,295.56473,294.66473,291.7647,291.7647,293.86472,292.96472,289.06473,289.46472,287.36472,287.66473,286.16473,281.06473
293.66473,293.06473,294.7647,295.46472,296.2647,295.7647,290.46472,291.36472,297.56473,289.7647,288.36472,287.96472,289.56473,287.2647,295.36472,295.66473,294.66473,296.36472,295.96472,295.06473,295.66473,295.46472,295.56473,296.16473,296.2647,297.16473,296.56473,298.16473,298.56473,299.66473,299.66473,298.96472,296.46472,291.36472,289.96472,289.16473,284.06473,286.2647,285.46472,286.16473,285.2647
292.46472,292.2647,292.96472,292.86472,293.46472,293.56473,294.36472,294.46472,294.86472,290.96472,286.46472,292.2647,294.2647,288.86472,293.56473,294.2647,294.46472,294.56473,294.06473,293.7647,292.66473,292.46472,291.7647,292.16473,292.06473,294.36472,294.86472,297.06473,297.36472,297.36472,297.2647,297.56473,294.7647,293.16473,291.16473,288.2647,287.36472,289.46472,287.16473,289.2647,288.2647
286.16473,289.56473,292.16473,291.66473,291.7647,291.66473,291.86472,292.7647,293.2647,292.2647,289.2647,289.2647,291.66473,291.16473,292.96472,293.46472,293.66473,293.2647,293.2647,292.66473,292.16473,291.36472,291.06473,291.46472,292.66473,293.66473,294.96472,294.7647,294.36472,294.7647,295.06473,294.06473,294.56473,293.66473,293.16473,289.7647,287.46472,287.06473,285.66473,285.06473,284.66473
290.36472,285.66473,285.96472,289.7647,290.86472,290.06473,289.7647,288.7647,290.36472,291.06473,288.46472,286.56473,289.06473,290.36472,291.56473,292.46472,292.7647,292.36472,293.16473,293.16473,293.46472,293.06473,293.56473,292.96472,292.86472,294.66473,293.7647,293.06473,292.7647,292.86472,292.56473,292.66473,291.86472,290.96472,291.06473,290.16473,289.2647,287.66473,286.46472,284.2647,284.16473
287.86472,289.86472,285.16473,286.86472,285.7647,289.16473,289.7647,289.86472,290.2647,290.56473,288.86472,289.2647,287.46472,288.7647,290.2647,291.56473,291.46472,291.96472,292.96472,292.36472,293.06473,293.2647,293.46472,292.7647,292.36472,292.7647,292.86472,291.66473,292.2647,291.56473,290.46472,285.66473,290.86472,290.36472,289.96472,289.86472,290.86472,288.56473,288.66473,286.96472,283.46472
