wind_kz.json
{"header": {"discipline":0,"disciplineName":"Meteorological products","gribEdition":2,"gribLength":948,"center":7,"centerName":"US National Weather Service - NCEP(WMC)","subcenter":0,"refTime":"2023-08-25T06:00:00.000Z","significanceOfRT":1,"significanceOfRTName":"Start of forecast","productStatus":0,"productStatusName":"Operational products","productType":1,"productTypeName":"Forecast products","productDefinitionTemplate":0,"productDefinitionTemplateName":"Analysis/forecast at horizontal level/layer at a point in time","parameterCategory":0,"parameterCategoryName":"UnknownDiscipline_0_Category_0","parameterNumber":0,"parameterNumberName":"UnknownParameter_D0_C0_0","parameterUnit":"Unknown","genProcessType":2,"genProcessTypeName":"Forecast","forecastTime":0,"surface1Type":1,"surface1TypeName":"Ground or water surface","surface1Value":0.0,"surface2Type":255,"surface2TypeName":"Missing","surface2Value":0.0,"gridDefinitionTemplate":0,"gridDefinitionTemplateName":"Latitude_Longitude","numberPoints":615,"shape":6,"shapeName":"Earth spherical with radius of 6,371,229.0 m","gridUnits":"degrees","resolution":48,"winds":"true","scanMode":64,"nx":41,"ny":15,"basicAngle":0,"lo1":47.0,"la1":41.0,"lo2":87.0,"la2":55.0,"dx":1.0,"dy":1.0}, "data":
[rows 0 to 14 of 15, columns 0 to 40 of 41]
308.02444,295.02444,301.02444,300.02444,299.52444,298.92444,311.32443,313.52444,310.92444,319.02444,317.52444,319.82443,319.22443,318.82443,319.22443,319.62445,320.12445,319.62445,325.22443,320.92444,324.32443,317.32443,321.12445,315.92444,317.62445,316.62445,314.72443,297.82443,300.12445,300.92444,301.62445,293.12445,297.32443,320.62445,326.42444,329.12445,330.32443,327.22443,326.32443,327.02444,327.52444
280.52444,300.52444,299.82443,299.92444,300.12445,298.82443,317.32443,305.02444,311.02444,314.52444,317.32443,317.22443,315.22443,315.12445,317.52444,318.82443,319.82443,322.02444,324.72443,328.62445,324.42444,317.62445,317.72443,310.52444,303.32443,299.62445,310.62445,306.42444,306.82443,296.02444,298.72443,295.62445,303.62445,275.02444,288.32443,315.92444,317.12445,319.32443,322.32443,313.32443,286.02444
296.62445,299.32443,300.12445,300.22443,298.92444,313.22443,312.32443,314.62445,315.92444,313.62445,314.12445,315.02444,314.42444,314.62445,314.82443,316.72443,317.62445,319.82443,321.42444,325.82443,324.82443,318.92444,318.22443,319.92444,317.22443,317.12445,315.92444,314.92444,314.22443,307.32443,296.92444,298.72443,310.12445,308.12445,309.22443,306.12445,300.82443,296.32443,302.72443,298.12445,294.52444
301.12445,300.12445,300.12445,299.72443,301.32443,310.82443,311.72443,312.82443,313.52444,313.32443,314.02444,314.52444,296.32443,295.22443,314.92444,318.32443,318.92444,322.52444,322.72443,324.82443,318.42444,317.42444,316.72443,316.42444,321.02444,320.62445,320.52444,318.12445,321.92444,320.62445,322.42444,319.12445,320.12445,322.92444,328.62445,319.62445,300.02444,290.52444,302.42444,317.02444,320.72443
310.92444,299.52444,300.02444,299.92444,304.52444,309.32443,312.12445,313.52444,311.42444,310.72443,312.62445,313.12445,296.62445,295.22443,292.22443,315.22443,314.22443,311.02444,312.02444,304.32443,305.92444,316.32443,318.52444,316.82443,318.22443,319.32443,319.02444,313.92444,320.52444,321.72443,323.12445,320.12445,303.32443,295.82443,309.62445,320.32443,313.82443,328.52444,331.02444,323.52444,322.92444
308.72443,307.62445,297.92444,298.82443,299.62445,299.22443,312.32443,312.12445,311.02444,311.72443,312.52444,312.72443,298.12445,295.62445,304.62445,313.32443,314.92444,303.02444,312.82443,301.82443,314.22443,312.42444,311.92444,314.02444,313.42444,314.42444,316.12445,294.42444,315.52444,318.62445,321.12445,319.32443,322.32443,321.62445,314.72443,314.02444,307.12445,314.32443,326.52444,325.52444,324.22443
307.42444,308.22443,309.32443,309.02444,305.02444,308.12445,310.72443,309.32443,309.72443,308.92444,309.62445,309.92444,311.32443,313.92444,317.52444,312.22443,314.12445,313.12445,314.32443,314.72443,312.92444,311.52444,310.42444,307.82443,306.22443,306.52444,309.62445,313.72443,317.42444,318.72443,318.42444,317.42444,322.02444,319.52444,320.02444,316.22443,310.72443,301.32443,306.42444,300.32443,316.32443
305.72443,306.52444,307.82443,304.62445,308.42444,308.12445,310.72443,309.12445,308.22443,304.62445,309.12445,308.92444,310.42444,309.62445,313.52444,312.72443,313.62445,312.22443,311.62445,311.02444,310.32443,311.42444,309.32443,308.02444,308.02444,304.92444,304.12445,307.82443,307.92444,312.42444,311.82443,314.02444,310.22443,311.52444,314.12445,319.52444,319.22443,289.62445,317.32443,320.42444,315.72443
304.42444,304.32443,304.82443,305.62445,303.12445,305.02444,308.12445,308.62445,302.62445,306.82443,308.62445,307.52444,308.82443,309.72443,311.92444,313.42444,312.62445,313.12445,310.22443,308.62445,305.92444,307.22443,307.92444,306.92444,304.22443,302.42444,298.92444,296.52444,302.92444,302.62445,306.92444,307.92444,310.12445,308.42444,309.02444,307.62445,308.52444,310.52444,301.82443,296.22443,299.32443
301.42444,300.72443,301.52444,302.42444,299.52444,303.52444,297.32443,302.62445,296.32443,303.62445,302.32443,299.92444,307.62445,307.22443,307.72443,308.82443,309.02444,309.32443,308.62445,307.82443,306.62445,307.02444,306.62445,303.62445,304.42444,302.22443,295.62445,294.22443,292.32443,289.02444,292.22443,303.82443,306.52444,305.92444,310.42444,305.62445,301.82443,297.72443,300.02444,295.12445,298.42444
296.52444,295.62445,297.02444,294.52444,293.52444,291.42444,290.32443,291.22443,294.02444,298.12445,294.92444,291.72443,302.52444,302.22443,300.62445,297.12445,300.52444,305.02444,306.62445,305.12445,305.22443,305.82443,304.02444,302.92444,301.62445,302.22443,295.42444,300.82443,292.02444,291.82443,296.52444,300.82443,304.32443,303.62445,302.92444,305.32443,300.02444,298.12445,300.32443,297.62445,296.92444
290.02444,290.92444,290.82443,289.52444,295.82443,294.32443,294.02444,290.22443,294.52444,291.22443,294.12445,297.52444,297.52444,287.62445,296.22443,299.42444,298.62445,290.92444,294.02444,300.12445,298.52444,298.92444,300.42444,301.22443,298.82443,299.72443,300.02444,301.22443,302.02444,293.72443,288.62445,297.62445,302.02444,303.02444,304.52444,303.42444,303.42444,307.32443,305.42444,303.42444,304.62445
285.82443,287.62445,293.12445,296.22443,294.42444,291.92444,296.02444,296.92444,296.52444,292.82443,289.62445,290.02444,294.02444,292.42444,294.22443,294.32443,287.02444,286.62445,286.02444,294.32443,293.72443,295.72443,296.62445,296.72443,297.92444,296.82443,299.92444,298.72443,298.92444,294.62445,287.92444,289.82443,303.52444,305.32443,302.32443,297.72443,303.12445,305.12445,303.32443,302.12445,302.52444
288.52444,291.72443,291.72443,291.92444,293.72443,295.02444,295.62445,294.52444,297.32443,289.72443,287.12445,286.52444,290.82443,291.82443,292.42444,290.02444,287.52444,294.32443,295.32443,295.02444,295.32443,294.92444,296.22443,297.62445,297.32443,297.42444,296.12445,297.12445,297.52444,297.12445,287.52444,287.42444,291.02444,297.22443,298.62445,293.22443,300.12445,301.82443,304.02444,301.12445,300.82443
287.82443,290.42444,291.12445,290.22443,287.52444,286.22443,285.42444,285.72443,288.52444,288.22443,284.62445,285.12445,284.72443,289.02444,292.82443,293.82443,294.32443,294.62445,295.62445,294.92444,295.32443,294.72443,291.12445,291.32443,294.72443,295.72443,295.02444,296.02444,295.82443,295.62445,288.32443,285.92444,290.92444,290.62445,290.62445,291.92444,298.32443,301.12445,302.82443,303.22443,301.82443
