wind_kz.json
{"header": {"discipline":0,"disciplineName":"Meteorological products","gribEdition":2,"gribLength":1025,"center":7,"centerName":"US National Weather Service - NCEP(WMC)","subcenter":0,"refTime":"2023-08-24T18:00:00.000Z","significanceOfRT":1,"significanceOfRTName":"Start of forecast","productStatus":0,"productStatusName":"Operational products","productType":1,"productTypeName":"Forecast products","productDefinitionTemplate":0,"productDefinitionTemplateName":"Analysis/forecast at horizontal level/layer at a point in time","parameterCategory":2,"parameterCategoryName":"UnknownDiscipline_0_Category_2","parameterNumber":2,"parameterNumberName":"UnknownParameter_D0_C2_2","parameterUnit":"Unknown","genProcessType":2,"genProcessTypeName":"Forecast","forecastTime":240,"surface1Type":103,"surface1TypeName":"Specified height level above ground","surface1Value":10.0,"surface2Type":255,"surface2TypeName":"Missing","surface2Value":0.0,"gridDefinitionTemplate":0,"gridDefinitionTemplateName":"Latitude_Longitude","numberPoints":615,"shape":6,"shapeName":"Earth spherical with radius of 6,371,229.0 m","gridUnits":"degrees","resolution":48,"winds":"true","scanMode":64,"nx":41,"ny":15,"basicAngle":0,"lo1":47.0,"la1":41.0,"lo2":87.0,"la2":55.0,"dx":1.0,"dy":1.0}, "data":
[rows 0 to 14 of 15, columns 0 to 40 of 41]
-3.6534986,-1.0334985,1.2165015,1.3465015,-0.48349854,-0.70349854,-1.1034986,-7.2434983,-7.2934985,-4.6934986,-4.8034987,-5.0534987,-4.1234984,-3.0834985,-3.1934986,-2.9634986,-3.3434985,-3.6734986,-3.0134985,-2.9134986,-2.8734984,-0.52349854,-1.1434985,-1.3634986,0.15650147,-1.7534986,-3.1534986,-0.013498535,0.97650146,0.62650144,-1.1234986,1.6065015,1.2865014,7.2065015,3.5965014,0.6565015,-1.4634986,-3.7934985,-3.9234986,-3.9134986,-2.5534985
1.3965014,1.3665015,1.5065014,-0.8434985,0.116501465,-1.5234985,-5.9934983,-7.2434983,-4.7534986,-4.5034986,-5.5734987,-5.7134986,-3.2434986,-3.4734986,-3.5034986,-4.2134986,-2.9434986,-3.8134985,-3.5734985,-2.1934986,-4.7034984,-3.6434984,-1.5234985,-1.9334985,-0.96349853,0.92650145,-0.87349856,0.55650145,-1.9734986,-1.5534985,0.33650148,0.10650147,1.2765014,0.87650144,0.47650146,1.4865015,-0.50349855,0.8965015,-0.6034985,-0.0034985351,-5.0834985
0.53650147,-1.9134985,-2.3234985,-2.1934986,-2.4734986,-7.0034986,-6.8634987,-3.4934986,-7.0534987,-7.9334984,-5.8334985,-5.9334984,-4.3134985,-2.5134985,-3.8534985,-3.5834985,-3.5234985,-3.2734985,-2.9234986,-2.9934986,-2.6134984,-2.9234986,-5.6534986,-7.1834984,-1.4234985,-3.3134985,-1.2434986,0.6465015,-2.4534986,-0.5434985,-1.6334985,2.1165016,0.13650146,1.1865015,1.0565015,-1.3934985,-0.57349855,-0.5434985,-0.47349852,3.0365014,1.6565014
-2.8934984,-1.2634985,-2.5134985,-3.8834984,-4.6134987,-5.3534985,-3.5934985,-4.3834987,-7.3734984,-6.2634983,-5.3834987,-4.8634987,-4.9034986,-5.0434985,-2.1434984,-4.1834984,-3.3434985,-2.6734986,-2.7834985,-2.5534985,-2.6234984,-4.0634985,-2.5934985,-5.4034986,-6.2134986,-4.8734984,-3.7134986,-6.7934985,-3.6334984,-2.2234986,-1.6534985,-1.0334985,2.5865014,3.2665014,0.98650146,-0.88349855,-1.1134986,1.2165015,0.37650147,-0.6034985,-0.82349855
-1.6534985,-1.4134985,-1.4834986,-1.9234985,-3.6334984,-2.6234984,-3.0834985,-3.4834986,-4.8434987,-5.1934986,-4.0834985,-3.1934986,-2.0334985,-1.7934985,-1.9134985,-3.4834986,-3.9734986,-2.9034986,-2.3434985,-2.9734986,-3.2734985,-2.8634984,-3.3534985,-3.5334985,-4.4034986,-3.8834984,-4.3634987,-3.5334985,-2.9434986,-2.7934985,-2.6934986,-1.8034985,-2.5334985,1.0765015,1.3565015,1.2265015,1.9165015,0.38650146,-0.99349856,-2.3534985,-2.3034985
-1.5834985,-0.68349856,-0.013498535,-3.6734986,-1.0134985,-0.74349856,-4.4934983,-3.5534985,-2.9534986,-2.5134985,-1.7334986,-0.7234985,2.1165016,2.7765014,1.0465015,-2.0234985,-3.4334986,-2.6234984,-2.4334986,-3.2034986,-2.5534985,-2.6034985,-2.7034986,-4.8434987,-2.0634985,-3.0534985,-1.8834985,-2.1334984,-1.0434985,0.21650146,-0.043498535,0.74650145,-0.23349853,1.0765015,0.32650146,-1.1134986,0.17650147,2.7565014,3.8565016,0.38650146,-2.3034985
0.98650146,1.4665015,-0.22349854,-1.7634985,-1.0534985,-2.5634985,-3.7934985,-2.7534986,-1.5834985,-1.2134986,-1.5334985,0.75650144,1.6765015,3.6165016,2.1765015,2.6865015,-0.48349854,-0.50349855,-0.8534985,-2.3334985,-1.6934985,-2.4534986,-2.4934986,-1.7534986,-2.0134985,-2.1534986,-0.40349853,2.3565016,1.8165015,-1.2134986,-2.5234985,-0.6734985,-1.8434986,-2.2834985,-1.9034985,-2.2334986,-1.0634985,0.9065015,0.6565015,0.6365015,3.5065014
0.9565015,-1.6334985,-1.7534986,-2.5334985,-1.2734985,-1.0334985,-1.4634986,-0.96349853,1.3365015,0.91650146,1.0965015,1.5465015,-1.4734986,1.3265015,-1.0734985,0.46650147,-2.7334986,1.7565014,2.2765014,1.6365014,0.016501464,-1.3134985,-1.9334985,-1.6634985,-0.64349854,0.06650147,0.74650145,-0.9734985,-0.49349853,-1.8834985,-1.5434985,-2.7634985,-2.5034986,-0.053498536,-2.4534986,-0.9734985,-2.2534986,3.0865014,3.7165015,4.0365014,0.26650146
-0.31349853,-1.2034985,-3.2134986,-2.6234984,-1.5034986,0.68650144,1.5565015,-0.033498537,0.37650147,-0.68349856,-3.8934984,-1.8134985,-1.4434985,-1.3934985,-2.5434985,-3.1834986,-2.4834986,-2.0434985,0.29650146,1.2865014,2.1765015,0.14650147,2.7965014,2.2365015,2.6565015,2.1065016,0.72650146,-0.32349855,0.6465015,1.1565014,1.1065015,1.4265015,1.0665015,-1.2134986,1.0465015,-0.27349854,0.98650146,-1.1034986,-1.4734986,0.8265015,-0.053498536
-1.4334985,-1.6334985,-2.4034986,-1.1734985,0.5865015,1.0465015,-0.5334985,-1.2634985,-1.7534986,-2.1334984,-3.5234985,-3.5834985,-3.1434984,-3.2434986,-2.1734986,-2.0634985,-0.87349856,-0.70349854,-1.9034985,-2.1934986,-2.5834985,-0.9234985,1.5965015,-0.6034985,-2.0934985,1.0765015,1.2365015,2.2565014,1.3565015,0.27650148,1.5665015,1.8265015,0.9665015,0.086501464,0.43650147,-0.32349855,-1.6134986,0.26650146,-1.1434985,0.49650148,0.42650145
-1.7134986,-3.4234986,-3.9634986,-4.1234984,-4.0534987,-4.2134986,-3.8034985,-3.7434986,-3.7234986,-3.0134985,-1.7334986,-1.4734986,-1.1934985,-1.7834985,-0.15349853,-0.30349854,-2.2134986,-3.1334984,-3.4234986,-3.0334985,-3.0134985,-2.4534986,-1.4134985,-0.31349853,-1.1034986,-2.1134984,-2.4134986,3.6265016,-0.56349856,0.20650147,-0.88349855,1.8165015,2.4865015,0.99650145,-1.0734985,-1.1634985,-1.4134985,0.16650146,-0.44349852,1.0365014,-0.96349853
1.0565015,-1.1834985,-2.6334984,-3.2834985,-3.2134986,-1.0834985,-1.3734986,-2.2534986,-1.9934986,-2.3134985,-1.7834985,0.35650146,1.3365015,0.68650144,2.3965015,0.15650147,-2.7534986,-2.8434985,-3.4134986,-2.6234984,-2.6734986,-0.96349853,-1.1834985,-0.28349853,0.14650147,-0.64349854,-2.0934985,-2.0334985,1.3965014,-0.24349853,-1.8034985,-0.30349854,-0.41349852,-2.8734984,-2.2434986,0.6465015,-0.76349854,-0.50349855,0.12650147,-0.36349854,-0.37349853
-0.10349853,-3.3834984,-1.2834985,-1.7934985,-1.1834985,-1.9634986,-1.6934985,-1.3034985,-1.8434986,-1.3534986,-0.90349853,0.09650146,0.46650147,2.6265016,1.8765014,0.67650145,-0.64349854,-1.8734986,-1.6034986,-1.5734985,-1.7134986,-0.32349855,0.8365015,0.67650145,0.25650147,0.026501466,1.2265015,-1.2034985,-0.74349856,0.59650147,0.116501465,-1.2034985,-0.36349854,-0.24349853,1.7065015,1.8765014,1.5765015,-0.8034985,-1.1834985,-0.81349856,-0.9734985
1.2465014,-2.2634985,-1.5434985,-2.7134986,-1.4034985,-1.0534985,-0.57349855,-0.94349855,0.42650145,1.2065015,-0.77349854,-0.74349856,1.3865014,1.1265014,1.9065014,-1.6334985,-2.0734985,-1.6934985,-3.1134984,-1.7534986,-1.7934985,-1.1934985,0.54650146,0.92650145,1.4165015,0.056501463,-0.45349854,-0.58349854,-0.30349854,0.23650147,0.62650144,0.60650146,0.8265015,1.4665015,2.1665015,2.6965015,1.8465015,1.1365014,-1.4234985,-0.45349854,-0.7334985
-0.17349854,-1.9834986,1.7565014,1.4965014,1.7865014,-2.5034986,-2.7434986,-3.3734984,-2.9334986,-1.5734985,-2.2834985,0.25650147,0.18650146,-1.6334985,-3.1634986,-3.2034986,-3.6734986,-3.5034986,-3.3734984,-4.0734987,-2.6134984,-2.0734985,-0.17349854,1.7465014,0.38650146,-0.82349855,-0.9734985,-1.4134985,-0.8534985,-0.34349853,1.8665015,2.6965015,1.9665015,2.0165014,0.5765015,2.8465014,-0.35349855,0.6965015,1.0065014,-0.48349854,-1.5834985
