wind_kz.json
{"header": {"discipline":0,"disciplineName":"Meteorological products","gribEdition":2,"gribLength":948,"center":7,"centerName":"US National Weather Service - NCEP(WMC)","subcenter":0,"refTime":"2023-09-20T12:00:00.000Z","significanceOfRT":1,"significanceOfRTName":"Start of forecast","productStatus":0,"productStatusName":"Operational products","productType":1,"productTypeName":"Forecast products","productDefinitionTemplate":0,"productDefinitionTemplateName":"Analysis/forecast at horizontal level/layer at a point in time","parameterCategory":2,"parameterCategoryName":"UnknownDiscipline_0_Category_2","parameterNumber":3,"parameterNumberName":"UnknownParameter_D0_C2_3","parameterUnit":"Unknown","genProcessType":2,"genProcessTypeName":"Forecast","forecastTime":300,"surface1Type":103,"surface1TypeName":"Specified height level above ground","surface1Value":10.0,"surface2Type":255,"surface2TypeName":"Missing","surface2Value":0.0,"gridDefinitionTemplate":0,"gridDefinitionTemplateName":"Latitude_Longitude","numberPoints":615,"shape":6,"shapeName":"Earth spherical with radius of 6,371,229.0 m","gridUnits":"degrees","resolution":48,"winds":"true","scanMode":64,"nx":41,"ny":15,"basicAngle":0,"lo1":47.0,"la1":41.0,"lo2":87.0,"la2":55.0,"dx":1.0,"dy":1.0}, "data":
[rows 0 to 14 of 15, columns 0 to 40 of 41]
-0.8510376,-2.9010377,0.9189624,1.1989625,0.14896241,0.8989624,2.4889624,1.3089623,0.17896241,0.6289624,0.3689624,0.9989624,1.6889625,0.9089624,0.5489624,-0.6910376,-1.7310376,-0.6310376,-1.9110376,-1.8710376,-2.1310377,2.4689624,0.6589624,-0.9210376,-1.6810375,-0.9910376,-1.1610376,1.0989624,1.2389624,1.5689625,1.8089623,-0.21103759,0.3089624,-0.8010376,-2.3110375,2.1489625,-0.4310376,2.4489625,1.4089624,0.4589624,-2.9710376
4.6289625,1.3789624,0.6189624,1.3489624,1.2689624,4.7789626,-0.1810376,2.5889623,1.8089623,1.3789624,0.2489624,-1.1310376,0.4189624,1.8189625,0.1589624,1.3789624,1.1289624,-0.8310376,-3.1810377,-4.0210376,-2.3310375,-2.3910377,1.4389625,1.3589624,-0.24103759,-0.4010376,-1.2210376,1.8989624,0.5589624,2.5089624,3.0389624,4.0789623,1.0089624,0.6589624,0.9489624,-1.9110376,-0.39103758,-0.2710376,-0.081037596,-2.6410377,0.32896242
0.7389624,-2.4510376,1.3089623,2.7289624,2.7789624,2.7189624,2.1289625,1.5389624,2.8889625,1.6489624,0.5389624,0.4389624,-0.4810376,0.9889624,1.0589623,0.3389624,-0.4310376,-1.0110376,-2.9410377,-3.6410377,-1.0310376,-1.2810376,-2.2010376,-0.9410376,-0.3310376,-0.4610376,-0.6210376,0.4089624,-0.2210376,1.6089624,2.3989625,2.3289623,2.2389624,-0.5510376,-0.5810376,2.1889625,4.1289625,0.1689624,0.1389624,0.7989624,0.8589624
0.028962402,0.0589624,0.9489624,0.9489624,2.4989624,3.0589623,3.0389624,4.2589626,3.9089625,3.3589623,1.8189625,0.5189624,0.048962403,0.71896243,2.2289624,1.4189624,-0.6310376,-2.5810375,-2.9710376,-3.1210375,-1.0810376,-0.9410376,2.3789625,0.1589624,-0.9910376,-1.4510376,-1.4610376,-1.4610376,1.8689624,-1.1410376,-1.9010376,-0.9610376,-0.8710376,0.1289624,0.8489624,-1.8110375,-0.4710376,2.1789625,-0.2310376,0.3389624,0.1389624
1.4689624,1.7689624,1.7089624,1.1389624,3.8289623,3.5489624,4.1389623,5.4389625,4.718962,3.6289625,3.0989623,1.6389624,0.7489624,0.4789624,2.0289624,0.5989624,-1.2810376,-2.8610375,-2.7110376,-1.1010376,1.1889625,0.8789624,0.4389624,-0.2510376,-0.6110376,-1.4310375,-1.2910376,-1.1310376,-1.5710377,-2.0810375,-1.9310375,-0.031037597,0.9989624,0.17896241,-1.0410376,-1.1510376,-0.041037597,-1.1010376,-1.6810375,-1.0510375,-1.5610375
1.1589624,1.3289624,1.3889624,2.3889625,2.4689624,5.5789623,4.0789623,3.8989625,3.3589623,2.8889625,2.4289625,2.3689623,1.0889624,0.5289624,0.9489624,-0.7710376,-1.7410376,-2.1710377,-2.5910375,-0.4310376,1.7489624,3.1689625,2.7289624,0.6989624,-0.7310376,-2.0510375,-1.9210376,-2.7310376,-1.7910376,-1.7010376,-1.2310376,-1.9810376,-1.1010376,-0.9810376,1.5789624,3.7689624,2.1389625,4.3389626,0.6689624,-1.3710376,-2.4210377
1.3989624,2.0589623,1.8389624,2.7889624,3.7089624,4.6289625,4.5289626,3.3689623,3.1289625,3.3889625,2.9689624,2.3389623,1.8389624,0.4589624,0.2189624,-0.9810376,-1.5210376,-2.1910377,-2.0110376,2.4389625,4.1189623,3.7989624,3.4189625,2.9189625,0.6889624,-2.2210376,-2.8210375,-2.7310376,-1.6410376,-2.1310377,-2.2910376,-3.2410376,-4.3310375,0.008962402,-1.4010376,-1.6410376,-2.6510377,-1.8610376,1.4689624,0.5389624,-0.2610376
0.2589624,0.9389624,2.4989624,2.7989624,4.678962,4.3689623,3.5589623,3.1089623,3.5789623,3.0289624,3.4489625,3.0989623,1.9089624,0.7789624,-0.2910376,-1.1410376,-1.1410376,-1.1510376,-2.1110375,-0.6210376,3.2589624,4.4189625,3.5489624,3.2389624,2.4389625,1.0589623,-0.1010376,-1.6010376,-1.5210376,-2.8310375,-1.7510376,-2.5610375,-2.2410376,-3.1110375,0.4589624,0.1089624,0.0789624,1.0989624,-0.7610376,0.4889624,-1.2610376
-2.1710377,-0.061037596,3.5089624,3.7689624,4.0689626,3.9689624,4.198962,3.0889623,3.0889623,3.2489624,2.8489623,2.3489623,1.0389624,0.9389624,-0.1010376,-0.4310376,-0.78103757,-0.8710376,-1.5910376,-1.5810376,0.4689624,3.9289625,4.0389624,3.5789623,3.2189624,2.8889625,1.4689624,1.0289624,0.1189624,-0.6210376,-1.0510375,-1.2810376,0.3689624,-0.1910376,1.9689624,1.8689624,-2.1410377,0.5789624,1.2089624,0.9489624,-2.0710375
-2.2110376,-0.9210376,3.1789625,3.8889625,3.9189625,3.7189624,4.1289625,3.8489623,3.2489624,2.5989623,2.5789623,2.2389624,2.1889625,1.3089623,2.1989625,0.6589624,-0.2210376,-0.5710376,-1.3610376,-1.7910376,-0.3110376,1.5989624,2.6789625,3.8289623,3.2789624,2.8389623,2.3589623,1.8989624,0.6789624,0.3889624,0.7889624,1.3189625,2.2189624,2.0189624,1.1389624,0.6989624,0.4389624,-2.0610375,0.4089624,2.8789625,2.8589623
-2.6710377,-3.1010375,2.9489625,3.0489624,4.1589622,5.0289626,3.9989624,2.4789624,2.6389625,-0.4410376,2.8089623,2.7689624,1.5189624,2.6289625,2.1189623,2.8789625,1.9489625,0.4889624,0.5189624,-0.5010376,-0.3810376,-0.1410376,-0.081037596,0.9589624,0.9789624,1.7689624,1.3189625,1.1189624,1.9489625,0.2289624,1.4689624,1.4489625,2.3189623,2.1089623,2.0989623,1.0389624,0.7089624,2.0389624,1.5889624,1.5589623,0.3489624
-1.6710376,-2.9310377,0.048962403,3.8989625,4.3089623,4.7289624,2.6289625,3.7889624,3.2089624,2.5789623,2.4889624,1.5189624,2.4189625,1.9789624,1.4389625,2.4189625,2.0789623,1.9989624,2.2489624,2.0089624,2.0989623,1.0089624,0.7989624,1.0189624,1.1589624,1.4289623,2.7289624,1.7789624,1.1089624,1.4689624,2.2489624,2.9089625,2.4189625,2.6689625,2.1489625,1.9689624,1.7989624,2.5389624,2.0989623,1.9289623,0.9089624
-1.4610376,-2.3410375,-2.7610376,0.0789624,2.7189624,1.4489625,2.9189625,3.9189625,4.2989626,2.4289625,1.8289624,1.4389625,2.8589623,2.3489623,2.1589625,2.4789624,1.8089623,2.5689623,2.8289623,2.5189624,3.2189624,2.9489625,2.3089623,2.2589624,1.7589624,2.0689623,1.3189625,1.3389624,1.6989625,1.8989624,2.3789625,2.5489624,2.4289625,2.9389625,2.8489623,2.9589624,2.7589624,1.9489625,2.8689623,1.8589624,1.0589623
1.1189624,-0.4310376,-2.4210377,-2.2510376,-0.1310376,1.2489624,2.0489624,2.6089623,1.7389624,3.4989624,2.1389625,1.6789623,0.96896243,3.0389624,2.7489624,2.9289625,3.1289625,2.6389625,3.3389623,2.8089623,3.1089623,3.1489625,2.7089624,2.1789625,2.1689625,1.8689624,1.7789624,2.1289625,2.2989624,2.4889624,2.5689623,2.7989624,3.0389624,3.1289625,2.1089623,2.6889625,2.2689624,2.1889625,2.0789623,2.4789624,2.6789625
1.1089624,0.6589624,-0.3510376,-1.0710377,0.1189624,0.8589624,1.0989624,1.6289624,0.8389624,1.5689625,1.6689624,2.3989625,2.3689623,-0.1910376,1.2289624,2.1389625,3.5189624,2.9589624,3.4389625,2.9989624,2.8289623,2.6789625,2.5489624,2.5389624,2.5689623,2.3689623,2.4689624,2.7289624,2.8189623,3.0189624,3.0489624,3.7989624,2.8689623,2.9389625,3.1289625,2.8689623,3.1589625,3.7489624,2.7689624,3.4689624,1.4789624
