wind_kz.json
{"header": {"discipline":0,"disciplineName":"Meteorological products","gribEdition":2,"gribLength":1025,"center":7,"centerName":"US National Weather Service - NCEP(WMC)","subcenter":0,"refTime":"2023-09-23T00:00:00.000Z","significanceOfRT":1,"significanceOfRTName":"Start of forecast","productStatus":0,"productStatusName":"Operational products","productType":1,"productTypeName":"Forecast products","productDefinitionTemplate":0,"productDefinitionTemplateName":"Analysis/forecast at horizontal level/layer at a point in time","parameterCategory":2,"parameterCategoryName":"UnknownDiscipline_0_Category_2","parameterNumber":2,"parameterNumberName":"UnknownParameter_D0_C2_2","parameterUnit":"Unknown","genProcessType":2,"genProcessTypeName":"Forecast","forecastTime":120,"surface1Type":103,"surface1TypeName":"Specified height level above ground","surface1Value":10.0,"surface2Type":255,"surface2TypeName":"Missing","surface2Value":0.0,"gridDefinitionTemplate":0,"gridDefinitionTemplateName":"Latitude_Longitude","numberPoints":615,"shape":6,"shapeName":"Earth spherical with radius of 6,371,229.0 m","gridUnits":"degrees","resolution":48,"winds":"true","scanMode":64,"nx":41,"ny":15,"basicAngle":0,"lo1":47.0,"la1":41.0,"lo2":87.0,"la2":55.0,"dx":1.0,"dy":1.0}, "data":
[rows 0 to 14 of 15, columns 0 to 40 of 41]
-1.4775414,-0.6675415,1.4924585,-1.2975415,-0.9975415,-2.7675414,-3.8675416,-4.4775414,-4.5175414,0.1424585,-1.9475415,-1.4875416,-0.7275415,0.4524585,0.042458497,-0.2975415,-0.6975415,0.4424585,-1.5975415,1.0624585,2.5524585,1.0824585,-0.7975415,0.3624585,1.0424585,-3.0975416,-2.1775415,0.5124585,-0.027541503,0.2024585,-1.2675415,1.2824585,0.3424585,-0.6075415,-2.2175415,-2.5375414,-2.4875414,-2.2575414,-0.9375415,-0.82754153,-3.3575416
1.8624585,0.7024585,-2.1075416,-1.7275414,-3.0375414,-4.4575415,-2.9475415,-3.4875414,-1.5575415,-1.7975415,0.082458496,-0.8575415,0.18245849,0.7524585,0.4124585,0.062458497,1.2324585,-0.9975415,0.4024585,1.5024585,2.9224584,2.7824585,0.6824585,-0.4075415,1.0724585,0.9824585,0.6624585,0.86245847,-0.7775415,-1.9475415,-0.087541506,-0.4575415,-1.0075415,-2.5775416,-0.4775415,-0.6075415,-0.8775415,-1.4275415,-1.4475415,0.7524585,-3.5275414
-1.5875415,-5.7575417,-4.5275416,-5.5775414,-5.4575415,-4.9075413,-3.6375415,-1.7675415,-1.9875416,2.0024586,2.6424584,2.3324585,1.2724586,0.8324585,0.122458495,0.122458495,-0.6675415,1.4224585,1.7824585,2.2324586,2.7524586,-0.82754153,-2.6175416,-0.1075415,0.3124585,1.0724585,1.1924585,-0.2875415,-1.6475415,-0.7175415,-0.1975415,1.0424585,-0.7375415,-0.7075415,-0.14754151,-0.8775415,-0.7475415,0.24245849,-0.5875415,1.9724585,2.1424584
-5.6275415,-6.3175416,-6.3475413,-5.8175416,-5.0375414,-2.6775415,-0.027541503,-1.1075416,0.1924585,1.5124584,2.3224585,2.8424585,3.9624586,2.7024584,1.3424585,0.4524585,0.5824585,0.4824585,0.9824585,0.4624585,-0.4875415,-1.6575415,1.4324585,-0.9975415,-2.9575415,-2.7075415,-0.4175415,-1.4875416,-0.5575415,-1.3275415,0.25245848,-1.9875416,-2.3875415,-2.9775414,-2.6775415,-2.3375416,-2.3875415,2.7424586,0.3724585,-0.6575415,-1.1875415
-6.0175414,-7.1575413,-5.9275417,-4.9675417,-3.7075415,-2.5175414,-0.7475415,1.5924585,3.0024586,2.9424584,3.4024584,3.0224586,-0.037541505,1.1224585,0.86245847,0.7624585,-0.11754151,0.052458495,0.4024585,0.002458496,-0.9075415,-1.4275415,-1.9075415,-3.5175414,-2.9675415,-3.1075416,-3.7775414,-2.1375415,-2.9975414,-3.2175415,-0.49754152,-2.1075416,-1.8775415,1.2924585,-0.7475415,-0.20754151,-3.0975416,-3.0575416,-2.1575415,-2.3075416,-2.0375414
-4.0675416,-3.7975416,-4.3075414,-2.5675416,-1.8675416,-2.3275416,-1.6275415,-0.0775415,0.7324585,2.4624586,1.7724586,0.9724585,-0.5475415,-1.5775415,-1.6175416,-0.2275415,-0.4775415,-0.057541505,0.25245848,0.9824585,-1.7575415,-1.0775415,-1.1175416,-3.1675415,-3.4375415,-3.5475416,-2.2775414,-3.1375415,-3.0375414,-3.0175414,-1.4375415,-2.0575416,0.1724585,0.3124585,-0.4075415,-4.6575413,0.1924585,-2.6475415,-0.017541504,-1.7675415,-2.3175416
-3.1075416,-2.1975415,-1.3175415,-3.5675416,-2.2675414,-1.4275415,-0.8675415,-0.3475415,0.4424585,1.1824585,1.2624584,2.2624586,-1.7775415,-0.8075415,-1.2375416,-1.2275414,-0.017541504,0.6324585,-0.82754153,-1.5675415,-2.4475415,-2.5175414,-2.1475415,-1.3375415,-1.4775414,-1.0275415,-1.2675415,-1.9275415,-2.0475416,-2.1175416,-2.3575416,-2.8175416,-2.1175416,-3.4075415,-4.2475414,-1.6775415,-0.9775415,2.2224586,-2.1775415,1.7124585,0.6824585
-2.4975414,-2.2475414,-2.1275415,-2.3375416,-1.5075415,-0.9875415,-0.7775415,-0.9575415,0.092458494,0.1324585,-0.7175415,-2.6375415,-1.4275415,-2.1875415,-1.5075415,-0.0775415,-0.9575415,-0.5875415,0.1424585,-1.6375415,-1.1575415,-1.0575415,-1.3175415,-1.2275414,-2.3575416,-1.5075415,-1.2275414,-1.8075415,-0.3775415,-1.8675416,-2.8275416,-1.6175416,-1.3075415,-0.9075415,-1.7075415,-1.1875415,-1.8475415,-6.0175414,-4.2975416,-4.5575414,-2.7875414
-1.6475415,-2.0275414,-2.1675415,-2.1675415,-1.2175415,-0.20754151,-0.9875415,-1.5275415,-1.1575415,-0.3775415,-1.1175416,-1.2875415,-1.9575415,-2.5775416,-1.8475415,-1.4175415,-0.8975415,-0.5175415,0.1324585,-0.5175415,0.7524585,-0.6175415,0.3424585,-1.2275414,-1.8675416,-1.0575415,-1.6075416,-1.4475415,-0.087541506,-0.057541505,-0.6975415,-0.14754151,0.7724585,-0.5275415,-1.5775415,-1.8675416,-1.1975415,-2.0175414,-1.8375415,0.3424585,-2.4775414
-3.4075415,-2.9475415,-2.6975415,-2.2175415,-1.2775415,-1.1275415,-1.2275414,-1.0175415,-1.0875415,-0.17754151,0.6524585,0.28245848,-1.3275415,-1.1675415,-1.4075415,-0.7875415,-0.3575415,-0.1275415,-0.27754152,0.012458496,-0.7575415,0.4924585,1.3124585,1.7524585,1.4924585,-0.6775415,-0.3275415,-0.3975415,0.062458497,-1.4075415,1.5224586,0.1424585,-1.8875415,-1.8175415,-1.3875415,-1.8875415,-2.2375414,-0.3175415,-1.5375415,0.032458495,-1.5475415
-2.8875415,-3.1475415,-1.9675415,-1.0775415,-1.0975415,-0.9175415,0.002458496,0.15245849,-0.7575415,-0.3175415,-0.0675415,0.9424585,0.3324585,-0.8575415,-0.3175415,-0.027541503,-0.2175415,0.1424585,-0.27754152,-0.3275415,0.5224585,0.7724585,-1.0375415,-2.6075416,-1.9475415,-2.1375415,-1.8175415,-0.6175415,-2.1775415,0.062458497,-0.5475415,0.28245848,-1.6175416,-0.6275415,-0.6475415,-1.6575415,-1.4775414,0.2224585,-1.1875415,0.3524585,-1.3375415
-2.0275414,-2.0975416,-1.4775414,-1.6275415,-0.14754151,-0.2675415,-0.2975415,-0.3875415,0.092458494,-0.0075415038,-0.8575415,0.5424585,-0.6675415,0.082458496,0.3524585,0.4824585,0.3424585,-0.49754152,-0.5675415,0.5924585,0.032458495,-0.5975415,-1.6475415,-1.9075415,-2.1175416,-1.8375415,-2.4475415,-0.9575415,-1.1375415,-0.8175415,-1.6475415,0.1724585,0.67245847,-0.0075415038,0.15245849,0.7524585,0.092458494,-0.4175415,0.002458496,-0.6475415,-0.82754153
-1.0375415,0.1324585,-0.087541506,-0.49754152,0.2624585,-0.057541505,-0.14754151,-0.0675415,-0.20754151,0.6824585,0.0724585,0.8524585,0.052458495,0.032458495,0.5524585,1.0924585,1.3124585,1.0524585,1.3824584,0.5624585,-0.1975415,0.1624585,0.7524585,-0.1375415,-1.3275415,-1.9375415,-1.8375415,-2.6475415,-1.9775414,-1.7575415,-0.1875415,-0.6475415,-1.0475415,1.0624585,0.18245849,1.5224586,1.8824584,-0.037541505,-0.82754153,-1.0075415,-1.3075415
-0.1575415,-0.2675415,0.7724585,-0.4275415,0.3724585,0.2724585,-0.2275415,0.052458495,1.0524585,0.9124585,-0.0075415038,0.122458495,1.3424585,1.6424584,1.9224585,1.7824585,0.8724585,0.47245848,1.2624584,1.1624585,0.6224585,-0.2275415,0.3024585,-0.027541503,-0.4175415,-1.0375415,-2.7175415,-1.8575416,-1.8575416,-1.6775415,-1.2075415,-0.7275415,-1.2675415,-1.5775415,-0.7775415,-1.6275415,-1.2275414,-0.037541505,-0.8975415,0.3924585,-0.8575415
-0.6475415,0.1724585,-0.087541506,-0.4075415,-0.3975415,-0.2675415,0.9824585,0.4524585,1.0124584,0.28245848,-0.057541505,0.7924585,1.2424585,1.2824585,0.9024585,1.3624585,1.5924585,1.7224585,1.7124585,2.2524586,2.0924585,0.4624585,0.7224585,0.7824585,1.2424585,-0.6875415,-1.6075416,-1.5575415,-1.6975415,-1.9075415,-0.9975415,-2.1175416,-0.6175415,-0.6475415,-0.6675415,-0.3875415,-0.4775415,0.2324585,1.6024585,0.9024585,-1.2975415
