wind.json
{"header": {"discipline":0,"disciplineName":"Meteorological products","gribEdition":2,"gribLength":1125,"center":7,"centerName":"US National Weather Service - NCEP(WMC)","subcenter":0,"refTime":"2023-06-29T12:00:00.000Z","significanceOfRT":1,"significanceOfRTName":"Start of forecast","productStatus":0,"productStatusName":"Operational products","productType":1,"productTypeName":"Forecast products","productDefinitionTemplate":0,"productDefinitionTemplateName":"Analysis/forecast at horizontal level/layer at a point in time","parameterCategory":2,"parameterCategoryName":"UnknownDiscipline_0_Category_2","parameterNumber":3,"parameterNumberName":"UnknownParameter_D0_C2_3","parameterUnit":"Unknown","genProcessType":2,"genProcessTypeName":"Forecast","forecastTime":180,"surface1Type":103,"surface1TypeName":"Specified height level above ground","surface1Value":10.0,"surface2Type":255,"surface2TypeName":"Missing","surface2Value":0.0,"gridDefinitionTemplate":0,"gridDefinitionTemplateName":"Latitude_Longitude","numberPoints":688,"shape":6,"shapeName":"Earth spherical with radius of 6,371,229.0 m","gridUnits":"degrees","resolution":48,"winds":"true","scanMode":64,"nx":43,"ny":16,"basicAngle":0,"lo1":45.0,"la1":40.0,"lo2":87.0,"la2":55.0,"dx":1.0,"dy":1.0}, "data":
[rows 0 to 15 of 16, columns 0 to 42 of 43]
-3.982011,3.287989,0.9879889,1.6579889,1.3279889,-4.952011,-5.072011,-5.992011,-6.5220113,-3.272011,-1.262011,-2.3320112,-2.712011,-3.972011,-4.192011,-3.692011,-3.4220111,-2.952011,-3.3420112,-1.3320111,-1.1420112,-1.0620111,0.8479889,2.3179889,0.5379889,1.0879889,1.4379889,1.0579889,1.5279889,0.20798889,1.0779889,-1.8020111,2.047989,1.117989,1.1879889,0.2879889,-1.3620111,-2.482011,-3.8420112,-2.282011,-0.6520111,-1.1020111,-1.3020111
1.5179889,0.27798888,0.3579889,-3.192011,0.7779889,-4.382011,-4.142011,-4.682011,-3.822011,0.7879889,-0.8420111,-2.572011,-3.702011,-3.702011,-4.7520113,-5.222011,-3.992011,-2.6620111,-2.322011,-3.292011,-1.012011,-1.7220111,-1.8220111,-0.15201111,0.2679889,-2.192011,-1.7220111,-2.4120111,-1.6120111,0.9979889,-0.7320111,-0.112011105,-1.1420112,0.14798889,0.5879889,-0.022011109,-1.632011,-2.9120111,-1.5220112,-0.3020111,0.3279889,-3.9020112,-0.55201113
-1.0620111,-4.052011,2.8179889,1.5379889,-1.8020111,-4.202011,-3.6520112,0.11798889,-2.3720112,1.7779889,0.50798887,-3.752011,-3.6320112,-4.032011,-6.0620112,-4.722011,-7.532011,-4.132011,-3.542011,-2.292011,-2.8320112,-1.8220111,-0.6620111,3.3179889,1.487989,1.4179889,-0.6520111,-0.3020111,-1.6120111,1.237989,-0.4520111,-0.1420111,0.6679889,1.2179888,-1.6020111,-1.0820111,-2.942011,-2.272011,-2.072011,-3.3420112,-5.342011,-3.6320112,0.7679889
3.1579888,2.537989,2.797989,1.5679889,-2.462011,-3.732011,-4.182011,-0.05201111,-0.80201113,1.4979889,0.2579889,-3.9220111,-4.422011,-4.112011,-6.7320113,-6.922011,-5.682011,-4.2920113,-3.312011,-2.1320112,-3.552011,-1.5020111,0.3979889,-0.2920111,-0.2220111,0.11798889,2.277989,-0.8920111,0.2479889,-0.4920111,-0.4320111,1.5979888,2.3879888,0.33798888,2.1479888,-1.0820111,0.107988894,2.207989,1.617989,-0.09201111,0.07798889,-0.8220111,-1.4320111
-0.5020111,-0.23201111,0.5279889,-0.38201112,-3.5820112,-5.692011,-5.762011,-2.6820111,-2.232011,-2.692011,-0.2720111,-4.072011,-5.202011,-5.592011,-7.842011,-8.592011,-5.972011,-5.892011,-5.412011,-2.1320112,-4.082011,-4.692011,-0.80201113,-1.382011,-1.012011,1.2979889,-0.13201112,-0.5220111,0.57798886,-1.9120111,-3.3420112,-2.3320112,-1.5520111,-1.5720111,-0.4620111,-1.0920111,-0.9420111,-1.8520111,0.09798889,2.5779889,2.3579888,2.677989,2.1479888
0.2279889,0.09798889,-0.9520111,-3.272011,-3.702011,-5.702011,-4.742011,-2.6220112,-2.3420112,-1.9520111,-1.8320111,-2.6620111,-4.432011,-4.8120112,-8.222012,-9.782011,-7.332011,-5.012011,-5.942011,-4.142011,-2.9020112,-1.6820111,-0.8820111,1.8479888,-0.10201111,0.57798886,-2.1520112,-2.452011,-1.6820111,-3.5920112,-0.6420111,-1.6420112,-2.032011,0.5879889,-0.3920111,-1.512011,-1.4020112,-1.8720111,-3.292011,-0.05201111,-1.0720111,0.107988894,2.1479888
-1.4420111,-2.5920112,-3.222011,-1.8720111,-3.8520112,-4.352011,-5.5020113,1.0679889,-0.6520111,-1.2320111,-3.5920112,-4.282011,-5.592011,-6.2320113,-6.682011,-9.482011,-8.382011,-6.902011,-5.452011,-3.822011,-3.6120112,-3.1820111,-4.0620112,-1.0520111,-1.4520111,-1.7120111,-2.1520112,-2.292011,-4.472011,-5.8120112,-2.1720111,-2.4320111,-2.5920112,-1.8220111,-1.4220111,-0.4320111,2.5979888,-0.7120111,2.677989,-0.2220111,-2.312011,-3.062011,-2.8420112
-2.1720111,-2.1620111,-2.6620111,-3.562011,-4.132011,-3.802011,-4.332011,-0.5820111,-1.9520111,-2.8620112,-3.062011,-3.062011,-4.672011,-5.302011,-6.092011,-7.0620112,-7.872011,-7.952011,-7.642011,-5.852011,-4.602011,-4.052011,-4.952011,-3.4320111,-0.67201114,-1.7120111,-0.61201113,-1.6220111,-3.3420112,-3.8520112,-5.622011,-3.762011,-3.462011,-5.262011,-4.862011,-4.662011,-3.822011,-1.6820111,-2.462011,-0.7820111,0.4779889,0.3779889,-3.042011
-1.9420111,-2.4220111,-3.322011,-3.6720111,-3.8620112,-3.8320112,-1.5820111,-0.05201111,-1.5020111,-2.6020112,-1.8920112,-2.812011,-3.8920112,-3.242011,-6.262011,-6.7720113,-7.572011,-7.7920113,-8.142011,-7.082011,-6.032011,-4.032011,-5.742011,-5.2320113,-5.0420113,-3.6820111,-3.5820112,-1.7920111,-2.452011,-4.132011,-3.752011,-4.5620112,-3.972011,-3.732011,-4.452011,-8.432011,0.027988892,1.1979889,-1.1720111,0.5479889,-0.08201111,1.367989,-0.7820111
-1.9320111,-2.062011,-2.8520112,-3.8320112,-3.9020112,-2.962011,-1.0220112,-1.0720111,-1.512011,-2.3320112,-2.772011,-2.692011,-3.752011,-4.682011,-5.172011,-6.302011,-6.662011,-7.352011,-6.662011,-6.512011,-4.512011,-4.122011,-3.6320112,-5.912011,-5.172011,-4.2120113,-2.532011,-2.472011,-1.512011,-2.002011,-1.4620111,-2.282011,-4.182011,-3.242011,-3.012011,-7.362011,-3.222011,-1.3720111,-2.6220112,-1.8020111,0.6279889,-0.6520111,-1.7220111
-0.7220111,-1.4920111,-2.6520112,-3.802011,-4.182011,-2.8720112,-0.8920111,-0.3420111,-0.80201113,-1.7320111,-2.1820111,-1.9120111,-3.322011,-3.8820112,-3.8520112,-4.932011,-5.582011,-5.7320113,-5.7320113,-6.122011,-4.832011,-3.462011,-3.982011,-3.522011,-3.552011,-3.3720112,-3.782011,-2.762011,-3.4220111,-3.032011,-3.292011,-3.1620111,-2.952011,-2.782011,-4.092011,-6.972011,-6.112011,-1.0220112,-0.3220111,-2.812011,-2.242011,-0.21201111,0.6579889
0.94798887,-2.002011,-1.2220111,-2.772011,-3.5920112,-2.982011,-2.472011,-0.3220111,0.6779889,1.0379889,-0.4820111,-2.042011,-1.4620111,-1.9220111,-3.3520112,-3.522011,-4.942011,-5.622011,-6.092011,-5.832011,-3.972011,-4.112011,-3.292011,-3.302011,-4.052011,-2.8720112,-1.9620111,-2.722011,-2.772011,-3.9120111,-3.9020112,-3.242011,-3.042011,-4.082011,-5.082011,-4.442011,-5.992011,-5.412011,-2.1420112,0.46798888,0.04798889,0.3579889,-0.18201111
1.8179889,0.007988892,-1.0220112,-0.8320111,-0.8820111,-1.8320111,-0.61201113,-1.4820111,-1.2820112,0.1979889,0.14798889,-0.6820111,-1.6620111,-2.522011,-3.242011,-3.032011,-2.9320111,-3.462011,-4.012011,-5.102011,-4.472011,-3.962011,-3.3420112,-3.532011,-3.6520112,-3.072011,-3.6120112,-3.1720111,-3.3420112,-4.782011,-3.452011,-3.3420112,-3.532011,-4.112011,-3.8320112,-4.072011,-3.512011,-3.942011,-2.032011,-0.4320111,0.5179889,1.3279889,0.4079889
1.4579889,0.4079889,0.04798889,0.50798887,0.4179889,0.09798889,-1.0820111,-0.5220111,-1.1920111,-1.1820111,-1.0720111,-0.15201111,-0.18201111,-0.8220111,-2.252011,-3.1420112,-3.242011,-2.782011,-2.472011,-3.0820112,-3.6120112,-3.6320112,-3.6020112,-2.942011,-1.9620111,-1.9620111,-2.322011,-3.532011,-3.992011,-3.702011,-2.962011,-2.8820112,-2.9120111,-3.6020112,-3.3320112,-3.6620111,-3.542011,-3.3320112,-3.742011,-2.3620112,-3.272011,-1.7820112,-0.74201113
2.427989,1.4579889,1.4079889,1.5479889,1.8079889,1.9979889,0.6779889,-0.1420111,-0.7720111,-0.4920111,-0.6420111,-1.3520111,0.75798887,-0.1720111,-1.3920112,-1.7220111,-2.452011,-2.3820112,-1.8220111,-2.5920112,-2.942011,-2.802011,-3.3320112,-3.232011,-3.032011,-3.1420112,-2.8520112,-3.6620111,-3.322011,-3.252011,-2.6720111,-3.1520112,-3.212011,-2.6120112,-2.712011,-3.482011,-3.3520112,-4.422011,-3.542011,-3.4320111,-4.052011,-2.6120112,-2.012011
2.8879888,2.1079888,1.2679889,1.987989,1.3479888,1.9979889,2.447989,2.217989,1.1379889,0.57798886,-0.8220111,-1.2320111,-0.7920111,0.9679889,1.4079889,-0.38201112,-1.4420111,-2.262011,-2.212011,-1.8520111,-2.522011,-3.192011,-2.492011,-2.722011,-3.1620111,-3.492011,-2.8920112,-2.6420112,-2.6620111,-2.3820112,-2.702011,-2.8320112,-3.512011,-3.3920112,-2.9020112,-3.1520112,-2.942011,-3.3720112,-3.3920112,-2.3320112,-2.062011,-3.4320111,-1.9520111
