wind_kz.json
{"header": {"discipline":0,"disciplineName":"Meteorological products","gribEdition":2,"gribLength":871,"center":7,"centerName":"US National Weather Service - NCEP(WMC)","subcenter":0,"refTime":"2023-08-25T12:00:00.000Z","significanceOfRT":1,"significanceOfRTName":"Start of forecast","productStatus":0,"productStatusName":"Operational products","productType":1,"productTypeName":"Forecast products","productDefinitionTemplate":0,"productDefinitionTemplateName":"Analysis/forecast at horizontal level/layer at a point in time","parameterCategory":0,"parameterCategoryName":"UnknownDiscipline_0_Category_0","parameterNumber":0,"parameterNumberName":"UnknownParameter_D0_C0_0","parameterUnit":"Unknown","genProcessType":2,"genProcessTypeName":"Forecast","forecastTime":180,"surface1Type":1,"surface1TypeName":"Ground or water surface","surface1Value":0.0,"surface2Type":255,"surface2TypeName":"Missing","surface2Value":0.0,"gridDefinitionTemplate":0,"gridDefinitionTemplateName":"Latitude_Longitude","numberPoints":615,"shape":6,"shapeName":"Earth spherical with radius of 6,371,229.0 m","gridUnits":"degrees","resolution":48,"winds":"true","scanMode":64,"nx":41,"ny":15,"basicAngle":0,"lo1":47.0,"la1":41.0,"lo2":87.0,"la2":55.0,"dx":1.0,"dy":1.0}, "data":
[rows 0 to 14 of 15, columns 0 to 40 of 41]
293.26544,284.36542,289.06543,298.86542,298.66544,297.96542,295.76544,295.46542,293.26544,294.06543,292.66544,294.06543,292.76544,292.16544,291.86542,289.16544,288.76544,289.76544,289.16544,289.86542,290.76544,284.96542,284.16544,283.56543,285.56543,285.66544,282.96542,270.86542,271.26544,270.86542,272.86542,276.76544,286.66544,296.86542,299.36542,297.86542,296.96542,296.86542,297.66544,297.66544,299.36542
276.06543,288.96542,298.66544,298.76544,298.96542,297.66544,294.06543,292.96542,291.66544,290.56543,292.06543,291.66544,290.56543,289.16544,291.06543,290.46542,286.46542,285.56543,285.36542,286.46542,288.26544,288.06543,287.46542,279.56543,271.46542,272.56543,277.66544,271.36542,273.96542,268.26544,276.26544,269.16544,276.56543,269.06543,278.76544,294.66544,292.96542,293.96542,297.96542,290.26544,284.06543
290.06543,298.26544,298.86542,298.96542,297.66544,292.16544,291.86542,290.36542,289.76544,290.86542,290.56543,291.06543,288.16544,289.06543,288.06543,286.96542,286.16544,283.86542,284.26544,285.46542,285.96542,287.36542,286.26544,282.66544,285.36542,284.46542,284.26544,282.76544,282.16544,276.86542,270.36542,274.16544,279.96542,280.46542,282.16544,281.76544,277.56543,280.26544,281.56543,277.26544,276.16544
291.46542,298.86542,299.16544,298.36542,294.96542,290.76544,291.36542,290.86542,290.26544,289.86542,289.06543,288.46542,294.76544,293.96542,286.66544,286.96542,288.76544,288.36542,285.96542,285.76544,285.16544,282.36542,288.16544,288.76544,289.16544,288.36542,289.26544,284.86542,284.86542,284.26544,285.16544,284.16544,289.86542,288.76544,288.06543,285.36542,277.96542,278.66544,281.96542,290.06543,292.56543
291.46542,298.16544,298.76544,298.66544,295.56543,291.56543,291.46542,290.06543,290.06543,289.66544,288.26544,287.56543,294.76544,293.26544,290.96542,288.06543,287.96542,290.66544,286.06543,288.06543,288.36542,289.96542,289.26544,291.66544,291.06543,289.66544,287.06543,289.36542,288.16544,286.56543,288.86542,285.46542,276.76544,270.16544,283.26544,290.66544,291.66544,295.16544,296.26544,295.36542,294.76544
289.36542,289.16544,296.56543,297.36542,298.26544,297.66544,291.56543,292.16544,290.56543,289.36542,289.76544,289.46542,293.06543,294.16544,290.86542,286.66544,289.06543,287.26544,287.36542,287.96542,288.36542,289.06543,289.26544,288.46542,290.26544,289.36542,288.66544,292.76544,289.16544,288.96542,288.76544,289.86542,288.26544,287.16544,286.96542,290.46542,282.76544,284.16544,291.26544,296.56543,293.06543
290.06543,288.76544,290.26544,290.26544,292.06543,287.86542,290.26544,289.76544,289.96542,290.46542,288.66544,288.46542,287.96542,287.06543,286.56543,287.56543,287.06543,286.96542,285.96542,285.26544,284.56543,285.16544,287.36542,287.96542,286.86542,287.66544,287.56543,288.66544,288.06543,287.16544,287.46542,286.96542,288.26544,289.16544,288.66544,287.36542,284.36542,282.96542,281.06543,283.86542,289.96542
291.06543,289.96542,291.16544,289.46542,290.56543,290.06543,288.66544,288.36542,287.56543,287.66544,286.66544,285.26544,284.26544,285.46542,285.76544,285.86542,285.76544,285.86542,285.06543,282.46542,282.46542,282.76544,283.06543,284.56543,284.36542,283.36542,283.96542,286.76544,283.96542,285.36542,285.36542,286.96542,285.86542,284.06543,285.86542,287.76544,291.36542,289.46542,290.86542,290.86542,287.96542
290.56543,288.16544,288.36542,286.46542,287.86542,288.06543,285.56543,286.46542,285.86542,284.96542,283.06543,282.96542,281.66544,283.26544,282.66544,283.76544,282.86542,282.56543,282.76544,282.56543,280.66544,280.96542,283.66544,282.86542,281.56543,282.36542,280.76544,282.26544,282.96542,280.16544,282.16544,284.06543,287.06543,287.66544,288.16544,286.66544,287.56543,287.76544,281.26544,280.86542,277.06543
287.06543,287.26544,285.66544,285.86542,285.86542,286.36542,285.46542,285.46542,284.56543,283.16544,282.16544,280.96542,279.96542,280.26544,280.46542,281.26544,281.36542,284.56543,281.46542,282.06543,281.66544,282.06543,283.16544,282.56543,282.56543,279.76544,280.16544,281.86542,283.96542,280.96542,281.66544,285.86542,288.16544,288.66544,289.46542,287.96542,286.66544,284.86542,281.96542,280.56543,279.66544
287.06543,284.66544,285.86542,286.36542,285.86542,285.86542,285.26544,283.26544,282.66544,281.26544,280.46542,278.96542,280.06543,279.46542,283.06543,283.46542,283.16544,283.76544,280.36542,280.76544,282.36542,282.76544,282.46542,282.06543,282.06543,279.26544,278.46542,281.16544,285.26544,287.56543,285.56543,285.36542,287.76544,288.76544,289.56543,290.26544,285.06543,283.96542,283.76544,281.76544,281.16544
285.36542,285.66544,285.36542,285.36542,285.06543,284.56543,282.76544,282.26544,282.06543,280.66544,277.66544,278.16544,279.66544,279.66544,279.86542,282.06543,283.16544,282.96542,279.96542,281.36542,280.76544,281.16544,281.36542,282.46542,279.76544,280.36542,280.36542,282.26544,283.56543,285.16544,283.66544,285.26544,287.56543,285.76544,287.76544,289.16544,289.56543,289.06543,286.76544,286.36542,285.46542
285.16544,284.56543,284.76544,284.36542,284.36542,283.56543,281.96542,284.86542,284.06543,279.06543,277.26544,276.16544,281.76544,278.06543,278.76544,281.66544,281.06543,282.36542,282.86542,280.36542,281.16544,276.56543,277.06543,277.36542,280.46542,282.16544,284.06543,284.46542,283.86542,285.26544,286.46542,285.56543,286.06543,287.26544,287.26544,286.76544,288.36542,288.46542,288.86542,288.86542,287.56543
283.76544,285.26544,287.36542,284.46542,283.26544,281.96542,284.46542,284.86542,284.56543,281.16544,277.76544,276.66544,277.76544,277.56543,278.16544,278.96542,280.26544,281.16544,282.46542,281.86542,281.76544,278.26544,279.36542,279.86542,283.46542,283.76544,284.16544,284.46542,284.76544,284.46542,284.26544,287.06543,285.76544,285.76544,285.66544,285.66544,285.86542,286.96542,287.96542,286.86542,287.76544
285.16544,285.76544,290.16544,283.56543,283.56543,285.56543,285.76544,284.66544,285.06543,282.46542,278.76544,276.76544,279.56543,276.76544,277.66544,278.36542,279.06543,279.66544,282.16544,282.56543,279.46542,280.56543,282.36542,279.66544,280.66544,281.86542,283.46542,283.76544,284.36542,284.86542,285.66544,284.76544,284.46542,285.36542,285.46542,285.26544,285.86542,285.86542,287.16544,288.06543,288.26544
