wind_kz.json
{"header": {"discipline":0,"disciplineName":"Meteorological products","gribEdition":2,"gribLength":1025,"center":7,"centerName":"US National Weather Service - NCEP(WMC)","subcenter":0,"refTime":"2023-09-25T12:00:00.000Z","significanceOfRT":1,"significanceOfRTName":"Start of forecast","productStatus":0,"productStatusName":"Operational products","productType":1,"productTypeName":"Forecast products","productDefinitionTemplate":0,"productDefinitionTemplateName":"Analysis/forecast at horizontal level/layer at a point in time","parameterCategory":2,"parameterCategoryName":"UnknownDiscipline_0_Category_2","parameterNumber":3,"parameterNumberName":"UnknownParameter_D0_C2_3","parameterUnit":"Unknown","genProcessType":2,"genProcessTypeName":"Forecast","forecastTime":300,"surface1Type":103,"surface1TypeName":"Specified height level above ground","surface1Value":10.0,"surface2Type":255,"surface2TypeName":"Missing","surface2Value":0.0,"gridDefinitionTemplate":0,"gridDefinitionTemplateName":"Latitude_Longitude","numberPoints":615,"shape":6,"shapeName":"Earth spherical with radius of 6,371,229.0 m","gridUnits":"degrees","resolution":48,"winds":"true","scanMode":64,"nx":41,"ny":15,"basicAngle":0,"lo1":47.0,"la1":41.0,"lo2":87.0,"la2":55.0,"dx":1.0,"dy":1.0}, "data":
[rows 0 to 14 of 15, columns 0 to 40 of 41]
-0.23993896,-0.81993896,0.79006106,3.780061,-0.63993895,-0.87993896,0.34006104,0.75006104,-0.48993897,-0.50993896,-2.1099389,-1.459939,-1.1699389,-1.319939,-1.389939,-2.709939,-3.209939,-1.4199389,-2.429939,-0.75993896,-0.789939,-2.189939,-0.93993896,-0.059938964,-2.409939,-0.859939,-0.68993896,1.640061,-0.849939,3.350061,0.99006104,0.69006103,0.61006105,-0.64993894,0.68006104,1.290061,1.060061,-1.0499389,-0.919939,-2.039939,-0.12993896
4.900061,2.180061,3.020061,0.24006103,0.37006104,-0.37993896,-1.979939,1.920061,0.20006104,-0.42993897,-0.27993897,-1.329939,-1.729939,-1.7799389,-3.489939,-3.439939,-1.089939,-3.289939,-2.959939,-1.4299389,-0.989939,-1.579939,-1.5299389,1.860061,1.140061,1.300061,-1.749939,2.6500611,0.44006103,2.510061,2.580061,5.500061,0.46006104,0.50006104,-2.659939,-1.209939,-1.489939,-3.1099389,-0.89993894,-2.519939,1.550061
2.590061,6.270061,3.6500611,0.27006105,0.820061,0.46006104,-0.739939,-0.74993896,0.34006104,-0.36993897,-0.50993896,1.650061,0.97006106,1.270061,0.38006103,-0.549939,-0.739939,-2.579939,-3.749939,-3.789939,-1.239939,-0.12993896,-0.75993896,0.31006104,-0.17993897,-0.36993897,0.55006105,0.700061,-0.22993897,0.640061,2.170061,1.780061,1.5700611,-0.24993896,0.19006103,1.2200611,4.710061,1.120061,0.28006104,-0.93993896,0.73006105
2.4100611,4.430061,3.000061,1.300061,-0.43993896,-0.87993896,-1.019939,-0.17993897,0.26006103,-0.36993897,-1.449939,-2.299939,-1.739939,2.790061,2.450061,0.510061,-1.9199389,-3.069939,-2.759939,-2.3499389,-2.019939,0.88006103,1.920061,0.780061,-1.489939,-2.3399389,-2.819939,-0.799939,0.62006104,3.720061,2.8800611,-1.0599389,-1.069939,1.0700611,0.46006104,-1.7999389,-0.18993896,2.030061,1.020061,-0.13993897,0.79006106
2.860061,3.8900611,3.170061,2.600061,1.6900611,0.48006102,0.13006103,0.30006105,-0.29993898,-0.599939,-0.929939,-1.6599389,-3.749939,0.08006103,4.100061,0.93006104,-1.589939,-2.199939,-2.709939,-0.88993895,-0.549939,-0.18993896,2.600061,2.500061,0.50006104,-0.87993896,-0.76993895,-1.149939,-1.879939,-2.229939,2.090061,0.17006104,0.960061,1.540061,0.110061035,-0.049938966,0.60006106,-0.08993897,0.44006103,0.55006105,-0.08993897
3.080061,2.1300611,4.320061,4.050061,3.030061,1.510061,0.61006105,-0.27993897,-1.109939,-0.75993896,-1.339939,-1.729939,-2.489939,-2.569939,3.820061,2.310061,1.880061,-0.39993897,-3.009939,-3.0899389,-1.999939,0.40006104,2.870061,3.550061,2.520061,0.36006105,-0.049938966,-0.049938966,0.72006106,-0.039938964,-0.22993897,1.260061,2.6500611,2.6300611,2.1400611,0.950061,2.020061,0.700061,-2.3499389,-1.769939,-1.9299389
3.690061,3.3900611,3.040061,2.610061,1.560061,-0.28993896,1.170061,0.79006106,-0.859939,-0.86993897,-1.109939,-0.83993894,-1.759939,-0.95993894,1.140061,2.480061,2.220061,1.550061,-1.439939,-2.649939,-2.699939,-1.859939,-0.46993896,4.960061,3.350061,2.220061,0.900061,-0.14993897,-1.239939,-1.0399389,-0.16993897,0.87006104,3.9000611,2.820061,0.16006103,-1.0399389,-2.189939,-0.44993895,0.54006106,1.370061,-0.609939
4.500061,3.940061,3.460061,2.790061,3.180061,2.550061,0.900061,-0.37993896,-1.479939,-2.549939,-2.149939,-0.76993895,-1.729939,-2.009939,-0.909939,0.91006106,1.670061,2.100061,0.22006103,-1.249939,-3.579939,-6.169939,0.67006105,4.900061,3.790061,2.6600611,2.9100611,0.39006102,-0.12993896,-0.12993896,0.92006105,1.3300611,2.950061,4.460061,2.060061,1.750061,0.070061035,1.8200611,-0.26993898,0.41006103,-1.0299389
4.440061,3.860061,3.590061,3.4000611,2.110061,2.280061,2.480061,0.520061,-0.57993895,-2.039939,-0.979939,-0.52993894,-0.94993895,-1.939939,-1.359939,1.4400611,1.890061,3.110061,2.1400611,-0.18993896,-3.479939,-5.199939,-6.539939,3.370061,3.1300611,1.680061,2.4000611,2.030061,0.820061,0.72006106,1.370061,2.610061,3.1300611,2.870061,3.620061,3.000061,0.050061036,2.450061,2.560061,1.380061,2.110061
4.210061,3.920061,3.540061,2.8800611,1.640061,-0.37993896,-0.26993898,1.180061,0.61006105,-0.38993895,-1.079939,-1.5399389,-1.1599389,-1.719939,-0.909939,0.29006103,1.610061,3.420061,1.920061,0.520061,-1.349939,-0.93993896,-2.189939,-3.639939,2.790061,2.950061,1.850061,2.090061,1.110061,-0.609939,-0.29993898,0.87006104,2.450061,1.920061,1.9600611,1.750061,1.3400611,0.840061,2.420061,3.4000611,2.620061
2.980061,3.200061,2.970061,2.120061,1.0800611,0.32006103,-0.13993897,-0.44993895,0.09006104,0.17006104,0.510061,0.33006105,-1.2799389,-0.81993896,-1.869939,-2.939939,2.190061,4.720061,1.990061,-0.069938965,-2.189939,-2.819939,-1.5299389,2.470061,3.000061,1.540061,-0.55993897,-0.52993894,-0.47993895,1.4700611,-0.93993896,-1.899939,-0.46993896,2.580061,3.000061,0.37006104,2.3900611,2.500061,2.500061,2.040061,1.0700611
0.950061,1.550061,1.980061,2.000061,1.4600611,-0.14993897,-0.45993897,-0.32993898,-0.35993898,0.68006104,1.390061,0.29006103,-0.049938966,-1.339939,-0.38993895,1.8300611,2.520061,-1.459939,-1.699939,-0.77993894,-1.6699389,-3.319939,0.69006103,-0.11993896,0.15006104,-0.679939,-0.859939,-1.449939,-1.399939,-1.5399389,-0.76993895,-1.0399389,-0.40993896,-0.69993895,0.40006104,1.4700611,1.9500611,1.540061,0.94006103,1.3400611,1.4600611
0.49006104,-0.009938965,0.24006103,0.960061,0.17006104,-0.34993896,-0.76993895,0.54006106,-0.44993895,-0.49993896,-0.019938964,-0.48993897,0.17006104,-0.40993896,-0.919939,-0.22993897,-0.29993898,0.640061,0.92006105,0.510061,0.09006104,-0.22993897,-1.3099389,-1.4199389,-1.989939,-1.479939,-1.2999389,-1.239939,-1.629939,-1.7899389,-2.029939,-2.169939,-1.7899389,-0.729939,-1.089939,-1.629939,-1.699939,-0.45993897,0.61006105,1.8200611,2.010061
0.43006104,-0.21993896,1.260061,1.660061,0.45006102,-0.729939,-0.019938964,0.16006103,0.30006105,0.61006105,0.520061,0.14006104,-0.059938964,-0.979939,-0.37993896,1.4500611,1.2000611,1.100061,-1.859939,1.150061,1.030061,6.1035156E-5,0.20006104,-0.799939,-1.189939,-1.7899389,-1.2899389,-0.49993896,-0.789939,-1.609939,-2.189939,-2.559939,-2.439939,-2.299939,-2.019939,-2.579939,-2.459939,-2.179939,-1.149939,-0.24993896,-0.69993895
0.18006104,-0.549939,-0.07993896,0.32006103,0.88006103,-0.29993898,-0.919939,-0.38993895,-0.55993897,-0.07993896,0.41006103,0.41006103,0.020061035,-0.43993896,-0.86993897,1.160061,0.99006104,1.400061,0.24006103,-0.88993895,-0.31993896,0.09006104,-0.009938965,-0.07993896,0.54006106,-0.659939,-1.0399389,-1.889939,-1.859939,-2.199939,-2.719939,-2.8399389,-2.1199389,-2.309939,-2.579939,-3.019939,-2.899939,-2.919939,-3.069939,-4.099939,-2.129939
