wind_kz.json
{"header": {"discipline":0,"disciplineName":"Meteorological products","gribEdition":2,"gribLength":1025,"center":7,"centerName":"US National Weather Service - NCEP(WMC)","subcenter":0,"refTime":"2023-08-10T18:00:00.000Z","significanceOfRT":1,"significanceOfRTName":"Start of forecast","productStatus":0,"productStatusName":"Operational products","productType":1,"productTypeName":"Forecast products","productDefinitionTemplate":0,"productDefinitionTemplateName":"Analysis/forecast at horizontal level/layer at a point in time","parameterCategory":2,"parameterCategoryName":"UnknownDiscipline_0_Category_2","parameterNumber":3,"parameterNumberName":"UnknownParameter_D0_C2_3","parameterUnit":"Unknown","genProcessType":2,"genProcessTypeName":"Forecast","forecastTime":120,"surface1Type":103,"surface1TypeName":"Specified height level above ground","surface1Value":10.0,"surface2Type":255,"surface2TypeName":"Missing","surface2Value":0.0,"gridDefinitionTemplate":0,"gridDefinitionTemplateName":"Latitude_Longitude","numberPoints":615,"shape":6,"shapeName":"Earth spherical with radius of 6,371,229.0 m","gridUnits":"degrees","resolution":48,"winds":"true","scanMode":64,"nx":41,"ny":15,"basicAngle":0,"lo1":47.0,"la1":41.0,"lo2":87.0,"la2":55.0,"dx":1.0,"dy":1.0}, "data":
[rows 0 to 14 of 15, columns 0 to 40 of 41]
3.4652123,-2.1647875,2.4552124,4.1852126,-1.0047876,-2.2947876,0.5552124,-0.3547876,-0.8147876,-0.6547876,-1.2347876,-2.0847876,-3.5147877,-4.3647876,-4.3247876,-4.2447877,-4.914788,-6.6547875,-7.0047874,-4.9947877,-6.854788,-6.3447876,-4.2147875,-1.8047876,-3.3447876,0.6452124,-1.0847876,1.3152124,-0.5247876,-1.1647877,-1.8347876,-1.8947875,-0.8147876,-0.19478759,-1.6347876,-3.4347875,-5.1747875,-3.2947876,-3.0747876,4.8652124,2.7352123
1.6952124,1.6252124,4.7352123,3.6752124,0.025212402,-3.2647877,1.4952124,1.6052125,0.8352124,0.4552124,-0.4447876,-3.2647877,-5.0547876,-4.8447876,-4.2747874,-3.9447875,-3.5947876,-4.7547874,-7.3147874,-5.7447877,-4.5947876,-7.2947874,-5.7147875,1.7952124,0.8152124,0.5952124,-2.1347876,-0.7447876,-1.2147876,0.1352124,0.3952124,1.8752124,-1.4847876,-2.2947876,-2.1747875,-4.164788,-3.8547876,-7.2847877,-2.2447877,-3.2447877,-0.9947876
1.5352124,7.0052123,5.1952124,3.5452125,1.9252124,2.1652124,1.9252124,3.2352123,0.6152124,-1.0547876,-1.4347876,-1.3647876,-3.1447875,-3.6747875,-4.5547876,-4.2147875,-2.0847876,-2.9047875,-4.3047876,-5.2147875,-4.9447875,-3.7247877,-5.624788,-3.8747876,-2.5647876,-0.7447876,-1.7147876,-1.4447876,-1.1547875,0.4752124,2.3652124,1.0452124,2.0652125,-1.3447876,-1.6747876,0.6752124,-0.6347876,-2.7547877,-0.5547876,-1.2447876,-0.9547876
5.6152124,8.255213,6.5552125,4.6852126,-0.9947876,2.6052125,3.7852125,3.0952125,3.0352125,1.7452124,1.3952124,0.4652124,-0.4647876,-1.8647876,-3.1147876,-4.4947877,-0.7447876,-0.3947876,-2.2247877,-3.7147875,-4.7547874,-5.8147874,-1.6147876,-1.6747876,-0.1147876,-0.6547876,-1.6047876,-3.7747877,-2.8747876,-2.4347875,-1.9147877,-2.9147875,-2.1247876,3.8352125,-0.48478758,0.5152124,1.0952125,3.1352124,-2.3947875,-5.394788,-0.5147876
7.5752125,9.195212,7.4552126,4.5352125,-2.4647875,4.7052126,3.3052125,4.625212,4.355212,5.3052125,4.605212,3.6952124,2.9952123,0.4352124,-2.3447876,-3.3747876,1.6352124,0.6352124,-0.3447876,-1.4147877,-3.1547875,-3.6947875,-4.0447874,-2.8947875,2.0752125,1.1352124,-0.1147876,-1.5047876,-2.8847876,-2.9947877,-3.2947876,-0.6747876,2.1252124,1.9152124,-0.7847876,1.6452124,-3.2747877,-6.6347876,-6.9547877,-4.5647874,-8.834787
6.2452126,4.0452123,6.2952123,4.6752124,-0.8247876,0.4052124,4.145212,4.4052124,3.9052124,3.8652124,3.8752124,3.0952125,2.6252124,5.4652123,3.0352125,-0.2147876,-1.7247876,2.4252124,1.0352124,1.5252124,-0.3947876,-1.2947876,-2.8047876,-0.9147876,-1.9647876,1.6152124,1.8752124,0.0552124,-2.1347876,-3.0847876,-2.8147876,-2.2947876,-0.5747876,3.1952124,2.9352124,4.5252123,2.0852125,1.4652123,2.3452125,-5.5047874,-7.2247877
6.2852125,4.5952125,4.4552126,4.5252123,2.1552124,1.4552124,0.7952124,3.9152124,3.8252125,2.2552123,1.5152124,0.87521243,-1.7947876,2.0152123,4.0152125,4.8052125,1.2152123,4.2152123,2.5652125,3.0352125,2.1952124,2.2752123,1.4352124,0.3152124,-1.3647876,-2.0347877,2.0852125,1.3252124,-1.8447876,-2.4147875,-2.8447876,-2.9247875,-4.6347876,-1.1047876,-1.5247875,0.3052124,-2.9147875,-0.6147876,-2.2747877,-1.1547875,-4.8047876
4.0052123,6.8652124,8.165213,7.0252123,6.5352125,3.5152123,2.8252125,1.5952125,2.4352124,2.7052124,1.8052124,0.5552124,-2.7347877,-6.7747874,-1.0747876,5.1652126,3.4452124,4.8652124,4.1652126,3.2852125,0.8652124,1.8452125,3.3652124,3.3152125,2.9652123,1.8452125,0.8452124,2.5652125,1.8152124,0.105212405,-0.7447876,-2.5947876,-2.3747876,-3.1347876,-1.9447876,0.9352124,-1.2347876,-1.7247876,0.9052124,1.5452124,-0.3247876
-5.7347875,-6.164788,2.0652125,7.2552123,7.5352125,8.045213,6.2852125,5.4252124,4.0552125,2.6852124,2.4452124,3.1852124,2.3352125,-0.9547876,-2.2847877,-2.1847875,3.1852124,3.7152123,3.5252123,3.9252124,2.8852124,0.6552124,3.2752123,3.0152123,2.7852125,2.3752124,1.1652124,2.5052123,3.7152123,2.4552124,2.3652124,2.5752125,2.4552124,1.1452124,-0.4247876,-0.3847876,-2.8447876,0.7052124,-1.0047876,-2.2747877,0.5552124
-4.2347875,-4.5847874,-4.6947875,-2.7747877,-1.7547876,3.9752123,7.8252125,5.9752126,5.085212,3.6552124,2.8752124,3.7952125,3.5552125,0.9452124,0.3452124,-2.6147876,2.4552124,2.7852125,2.6952124,2.5252123,3.0052123,2.9452124,1.7552124,2.9052124,3.4652123,0.0952124,0.3552124,0.3352124,1.1152124,3.1552124,3.9652123,3.8052125,3.1752124,3.0452125,1.1552124,1.2052124,0.6852124,-3.0747876,0.8952124,1.7252125,1.0852123
-3.2147875,-3.1447875,-2.4647875,-1.7947876,-0.5847876,0.3652124,-1.3747876,-0.1147876,3.1552124,3.6552124,3.0952125,2.1552124,2.9752123,3.8852124,1.5152124,-1.3147876,-3.0747876,-0.0847876,3.1952124,3.1552124,2.8152125,2.2352123,-0.19478759,1.0052124,4.0052123,2.3052125,1.3752124,1.4152124,-0.48478758,1.1752124,5.4952126,4.6952124,3.8952124,2.9352124,3.2952125,1.6952124,1.2152123,2.0552125,0.5952124,0.6352124,-0.044787597
-1.7047876,-3.1347876,-4.7647877,-4.4447875,-2.0447876,-2.5547876,-1.7247876,0.1252124,1.1652124,3.3052125,1.8852124,2.8752124,4.0352125,3.7052124,3.6952124,3.1652124,1.8752124,-1.1747876,-1.4947876,0.7152124,1.2052124,-0.0847876,1.8352123,1.7252125,-0.2047876,2.2352123,2.7752123,1.4652123,-1.3547876,-1.1047876,4.5452123,5.4852123,3.7852125,3.0052123,2.4852123,2.4952123,2.7852125,3.0952125,2.5152123,1.9152124,0.6352124
-0.6347876,-1.0447876,-2.6647875,-3.8947875,-3.4747877,-1.8347876,-1.6447875,-3.8047876,4.1152124,3.0252123,0.2052124,0.7152124,1.4752125,2.8252125,3.5552125,2.6252124,2.7052124,1.8752124,0.2352124,-0.3847876,0.2852124,0.4952124,2.0552125,3.0552125,0.6852124,2.5752125,1.7852124,0.7552124,-0.8947876,2.2152123,3.7052124,4.105212,3.8252125,3.2552123,3.4452124,2.8952124,2.7152123,2.0052123,2.3452125,1.5352124,1.5652124
0.3552124,-1.2047876,-2.6347876,-2.3947875,-2.3247876,-0.7947876,-1.2747875,1.6152124,2.7552123,1.7452124,0.9652124,0.6852124,-0.9647876,-1.4547876,1.2752124,1.9552124,1.9152124,1.5552124,0.0052124024,-0.8047876,-0.2147876,0.87521243,2.2452123,3.4352124,0.8952124,2.0052123,1.6452124,1.3952124,2.0552125,1.0352124,2.0652125,3.2152123,3.4552124,3.9952123,2.8452125,2.5852125,2.1052125,2.5352125,2.2652123,1.9852124,2.3752124
-1.0547876,-1.6947876,-3.8647876,-0.8947876,-2.8847876,-1.5947876,-0.0947876,0.0352124,0.3252124,4.5252123,3.5352125,2.5052123,1.9352124,1.1752124,0.9752124,-0.3747876,-1.5247875,-0.7847876,-1.3647876,0.8852124,-0.5947876,1.0252124,1.9052124,3.2152123,1.3052124,2.1352124,2.6352124,2.8552125,2.6452124,2.5452125,0.3552124,3.5052123,2.8052125,2.7252123,2.8852124,3.0852125,2.8552125,3.2552123,2.3852124,2.6452124,1.7552124
