wind_kz.json
{"header": {"discipline":0,"disciplineName":"Meteorological products","gribEdition":2,"gribLength":1025,"center":7,"centerName":"US National Weather Service - NCEP(WMC)","subcenter":0,"refTime":"2023-10-02T12:00:00.000Z","significanceOfRT":1,"significanceOfRTName":"Start of forecast","productStatus":0,"productStatusName":"Operational products","productType":1,"productTypeName":"Forecast products","productDefinitionTemplate":0,"productDefinitionTemplateName":"Analysis/forecast at horizontal level/layer at a point in time","parameterCategory":2,"parameterCategoryName":"UnknownDiscipline_0_Category_2","parameterNumber":3,"parameterNumberName":"UnknownParameter_D0_C2_3","parameterUnit":"Unknown","genProcessType":2,"genProcessTypeName":"Forecast","forecastTime":0,"surface1Type":103,"surface1TypeName":"Specified height level above ground","surface1Value":10.0,"surface2Type":255,"surface2TypeName":"Missing","surface2Value":0.0,"gridDefinitionTemplate":0,"gridDefinitionTemplateName":"Latitude_Longitude","numberPoints":615,"shape":6,"shapeName":"Earth spherical with radius of 6,371,229.0 m","gridUnits":"degrees","resolution":48,"winds":"true","scanMode":64,"nx":41,"ny":15,"basicAngle":0,"lo1":47.0,"la1":41.0,"lo2":87.0,"la2":55.0,"dx":1.0,"dy":1.0}, "data":
[rows 0 to 14 of 15, columns 0 to 40 of 41]
-0.8042798,0.22572021,-0.9642798,7.39572,3.9057202,-1.4242798,2.5857203,1.4057202,1.8657203,0.9157202,-0.66427976,-0.84427977,-1.0042797,-1.0942798,-1.4142798,-2.0842798,-1.2642798,-1.6042798,-2.3042798,-0.8942798,-2.4342797,-1.7842798,-2.8642797,0.16572021,4.04572,2.1957202,0.48572022,0.9257202,-3.1842797,-0.5542798,0.9557202,2.3057203,1.4657202,2.4257202,1.0857202,1.8257202,1.4257202,-0.2842798,-0.48427978,-3.9942799,-1.4242798
1.5757202,-3.8842797,4.10572,5.10572,5.15572,2.6657202,3.5157201,3.5957203,2.7557201,1.0757202,0.9157202,-0.22427979,-1.3742797,-1.5042797,-2.3542798,-1.3242798,-1.4842798,-0.5842798,-0.6842798,-1.6842798,-2.1842797,-2.1142797,-2.8442798,1.1457202,2.6657202,1.9257202,1.7857202,1.4057202,-0.3742798,-0.9942798,-0.84427977,1.0557202,1.0757202,0.4957202,-0.3442798,3.6657202,1.5357202,3.0657203,0.7357202,-0.7042798,-0.9542798
0.23572022,1.8957202,2.4757202,4.0757203,3.8757203,5.19572,3.7357202,4.19572,4.5757203,2.5257201,0.90572023,-0.84427977,-4.03428,-3.2242799,-3.1342797,-2.4942799,-3.0442798,-4.2342796,-0.66427976,-1.3542798,-0.29427978,-0.27427977,-1.6042798,0.4057202,-3.95428,-3.0242798,-3.4842799,-3.45428,-0.59427977,-1.9442798,-1.7842798,-2.0942798,-1.9742798,0.19572021,1.1157203,0.3957202,0.8657202,0.015720215,0.07572021,1.4957203,-0.10427979
0.9757202,1.9457202,4.1157203,5.25572,5.8257203,5.25572,4.83572,5.8257203,5.0357203,3.54572,0.9357202,-1.1342797,-2.6542797,-5.51428,-6.99428,-3.0942798,-2.7442799,-5.12428,-3.3142798,-0.13427979,-3.95428,-3.7442799,-3.4942799,-5.07428,-4.8142796,-3.5642798,-2.3542798,-1.6042798,-1.9242798,-3.5342798,-2.7542799,-1.1542798,1.6457202,2.29572,-0.3542798,-2.8742797,-2.8842797,1.7357202,-1.5242798,-0.9642798,-1.8842797
0.47572023,-0.034279786,0.59572023,0.44572023,1.0857202,4.17572,4.91572,5.14572,4.37572,3.3857203,1.9557202,0.5757202,-2.1442797,-4.32428,-5.33428,-3.0242798,-2.8442798,-2.5942798,-4.87428,-3.1342797,-2.7442799,-1.6142797,-1.1342797,-3.5842798,-3.5442798,-2.8742797,0.3957202,0.96572024,-0.6342798,-1.6542798,-2.5442798,-1.3342798,-1.1142797,0.9457202,-0.16427979,0.005720215,1.3757203,-1.7342798,-3.2542799,-1.3342798,-2.0642798
2.8057203,2.9157202,-0.12427978,-0.18427978,-0.4442798,0.3757202,3.8457203,4.96572,3.8357203,4.41572,1.9957203,1.9557202,2.3257203,0.2757202,-5.41428,-4.5442796,-3.1842797,-1.1142797,-1.2842798,-2.9242797,-3.0842798,-3.7742798,-3.4242797,-3.9742799,-3.71428,-3.70428,-0.7642798,1.5757202,3.3457203,0.9857202,1.9957203,-0.21427979,-1.2042798,-2.6542797,0.015720215,7.5757203,-0.48427978,4.67572,2.4357202,-0.30427977,-3.4142797
0.21572022,0.5657202,2.1357203,4.08572,3.3957202,4.85572,5.42572,4.62572,4.46572,2.9457202,2.0857203,-0.5042798,-1.4042798,-3.0342798,-4.2342796,-5.08428,-4.09428,-2.1342797,-2.5342798,-2.71428,-4.5442796,-5.70428,-5.22428,-4.7142797,-3.3142798,-3.5942798,-0.4442798,-0.9642798,5.2857203,3.1557202,4.89572,2.3157203,1.3657203,1.9557202,0.8257202,0.52572024,-0.6442798,-1.8042798,-1.1342797,2.7257202,-0.7642798
1.3757203,1.6157203,1.2357202,1.7557203,2.8457203,6.2657204,7.3257203,4.2457204,3.9257202,4.71572,2.6657202,1.0257202,0.005720215,-2.0442798,-3.4442797,-3.9942799,-3.1042798,-3.1342797,-1.6242797,-3.7442799,-4.6742797,-6.32428,-5.66428,-6.72428,-5.60428,-3.8742797,-6.16428,3.5057201,0.3657202,0.6057202,0.7457202,0.4357202,-2.4142797,-2.71428,-0.6942798,0.23572022,-1.3942798,-2.3042798,-0.13427979,-0.24427979,0.3157202
2.2457201,1.5657202,1.6557202,0.045720216,3.3757203,5.1157203,5.2257204,4.9757204,4.12572,4.0157204,2.6457202,1.5957202,0.3957202,-0.5142798,-2.3542798,-3.1342797,-3.2342799,-4.09428,-3.5442798,-3.1342797,-2.1742797,-4.55428,-5.2942796,-5.05428,-6.4842796,-4.41428,-4.24428,-1.7442797,-2.6742797,0.9257202,-0.14427978,-1.4742798,-1.5342798,-3.2642798,-3.2642798,1.9357202,0.38572022,-1.7742798,-0.12427978,-0.91427976,-3.0742798
3.0557203,2.8157203,1.7157202,2.3457203,3.9957201,4.66572,5.41572,6.79572,5.3257203,4.48572,2.6157203,2.1357203,1.2757202,0.005720215,-1.0342798,-1.9142798,-2.2742798,-2.46428,-2.3242798,-2.4142797,-2.7842798,0.035720214,-0.10427979,-0.8742798,-4.53428,-4.08428,-2.45428,-3.9442797,1.5257202,-0.22427979,-0.5842798,-1.8842797,-1.7442797,-1.3242798,-1.7142798,-1.9642798,0.44572023,-0.2842798,-0.72427976,2.0157201,1.8957202
3.2457201,3.8357203,3.4857202,2.9657202,3.1657202,3.3757203,3.3657203,3.9657202,4.33572,3.2657201,1.6857202,2.6757202,1.7457203,0.6057202,0.12572022,-1.3442798,-1.5942798,-1.4942797,-1.0042797,-1.1842798,-1.7642798,-2.5442798,-3.0342798,-3.8442798,-3.6342797,-2.7542799,-1.3842797,-2.46428,-1.7642798,-1.2842798,-1.5442798,-2.0342798,-2.0342798,-2.6242797,-3.4242797,-3.96428,-1.8942798,-0.14427978,-1.3242798,-0.85427976,-1.0942798
3.9357202,3.9057202,3.9957201,4.4557204,4.5157204,4.2657204,3.7457201,4.5157204,4.2457204,4.06572,3.3557203,2.8457203,1.8657203,1.5657202,1.5057203,0.3357202,0.22572021,-0.5842798,0.3657202,0.08572021,0.25572023,-0.4142798,-0.7442798,-1.4642798,-1.4442798,-1.6242797,-1.3942798,-1.2942798,-1.0542798,-1.4842798,-1.8742797,-2.5142798,-1.9442798,-2.45428,-1.6142797,-3.1142797,-2.5842798,-1.4942797,-0.5442798,-1.0842798,-0.8242798
2.9357202,4.0557203,3.4957201,4.2657204,4.29572,3.1557202,3.9757202,3.9157202,4.2257204,2.9557202,1.5157202,0.6957202,4.3457203,2.2157202,2.28572,2.6257203,1.8957202,1.5457202,1.1057202,0.90572023,0.7257202,0.17572021,0.08572021,1.1157203,-0.10427979,-0.7542798,-0.5042798,-0.6742798,-1.0542798,-1.3042798,-0.84427977,-0.13427979,0.6357202,-0.9442798,-1.7342798,-1.4742798,-1.9242798,-2.0342798,-1.9942797,-1.9542798,-1.0242798
3.28572,3.1857202,3.6557202,3.6757202,4.3857203,3.8057203,4.23572,3.8957202,3.7757201,3.5257201,1.3957202,1.0357202,1.7257202,3.6957202,2.8757203,3.04572,3.4057202,2.78572,2.2257202,1.9757202,1.8857203,1.4057202,2.1557202,1.9457202,2.0857203,1.8857203,1.0857202,0.26572022,0.3657202,0.44572023,0.12572022,0.13572021,-0.24427979,0.19572021,-0.14427978,-0.39427978,-0.3842798,-0.7342798,-1.2342798,-0.9842798,-1.8842797
0.4257202,1.9557202,2.8357203,2.0757203,3.6757202,4.2857203,4.98572,4.64572,3.9057202,3.3857203,2.7257202,3.0157201,1.9757202,2.1757202,4.5957203,4.4357204,4.2057204,4.1157203,3.7457201,2.8857203,2.7457201,2.7357202,2.5257201,2.8757203,2.6657202,2.1657202,2.4957201,2.3557203,1.8757203,2.03572,2.6757202,1.2157202,1.0257202,1.2957202,1.1957202,0.9457202,2.0757203,1.2657202,0.6057202,1.3257202,0.65572023
