wind_kz.json
{"header": {"discipline":0,"disciplineName":"Meteorological products","gribEdition":2,"gribLength":1025,"center":7,"centerName":"US National Weather Service - NCEP(WMC)","subcenter":0,"refTime":"2024-01-31T06:00:00.000Z","significanceOfRT":1,"significanceOfRTName":"Start of forecast","productStatus":0,"productStatusName":"Operational products","productType":1,"productTypeName":"Forecast products","productDefinitionTemplate":0,"productDefinitionTemplateName":"Analysis/forecast at horizontal level/layer at a point in time","parameterCategory":2,"parameterCategoryName":"UnknownDiscipline_0_Category_2","parameterNumber":3,"parameterNumberName":"UnknownParameter_D0_C2_3","parameterUnit":"Unknown","genProcessType":2,"genProcessTypeName":"Forecast","forecastTime":60,"surface1Type":103,"surface1TypeName":"Specified height level above ground","surface1Value":10.0,"surface2Type":255,"surface2TypeName":"Missing","surface2Value":0.0,"gridDefinitionTemplate":0,"gridDefinitionTemplateName":"Latitude_Longitude","numberPoints":615,"shape":6,"shapeName":"Earth spherical with radius of 6,371,229.0 m","gridUnits":"degrees","resolution":48,"winds":"true","scanMode":64,"nx":41,"ny":15,"basicAngle":0,"lo1":47.0,"la1":41.0,"lo2":87.0,"la2":55.0,"dx":1.0,"dy":1.0}, "data":
[rows 0 to 14 of 15, columns 0 to 40 of 41]
-1.1505078,-2.7405078,0.5294922,-3.9505079,-2.0205078,-4.2205076,-2.7805078,-0.3105078,-0.8305078,-1.0205078,-1.4605079,-1.0305078,-0.6705078,-0.68050784,-0.4105078,-0.9005078,-0.8005078,-2.410508,-2.660508,-1.0805078,1.7694921,0.5494922,-0.93050784,-2.3705077,-1.9005078,-2.8005078,-2.2305079,1.3094922,3.3994923,3.819492,-2.0005078,-3.3005078,0.9794922,-0.87050784,1.1594921,1.6594921,1.1894922,-0.2505078,0.049492188,-0.8005078,0.35949218
3.3994923,-0.48050782,-3.0905077,-3.6105077,-2.180508,-1.7905078,-1.4405078,1.3994921,1.4494922,1.3594922,0.35949218,-0.2805078,0.06949219,0.19949219,-0.74050784,0.18949218,-0.6405078,-2.190508,-0.9405078,-0.39050782,0.07949219,-1.5705078,0.4994922,2.1594923,-2.150508,-2.0505078,-4.4305077,2.2294922,1.0594922,1.5294921,6.9894924,6.3394923,-0.5705078,-0.5805078,-4.480508,-1.9005078,0.81949216,1.7494922,0.099492185,-0.29050782,-0.8805078
-0.14050782,-1.1005079,-2.2605078,-2.8605077,-2.170508,0.7394922,1.4694922,1.9494922,2.4394922,2.6094923,2.9094923,2.829492,1.9094921,1.6594921,1.3994921,1.2894921,1.6494921,2.3794923,1.5394921,0.4994922,0.13949218,-1.0505078,-1.8905078,-0.42050782,1.4694922,2.809492,1.2494922,0.75949216,0.22949219,2.6794922,4.9894924,2.0094922,2.5194921,-1.4205078,-0.7205078,1.9494922,4.429492,-2.0505078,-0.42050782,0.4794922,1.2194922
-0.39050782,-0.5205078,-1.7605078,-1.5505078,-2.0805078,2.849492,2.7794921,4.579492,4.539492,4.099492,3.599492,3.579492,6.209492,6.6294923,3.3794923,2.7594922,2.9294922,3.3594923,2.839492,2.8794923,0.93949217,0.8294922,3.059492,1.3294922,1.3894922,1.9794922,1.7894921,-1.5705078,3.6994922,2.7294922,1.9294922,-0.29050782,-1.2805078,-1.4505078,-1.3705078,-3.5405078,-1.0605078,3.3594923,2.3794923,1.0194921,1.1294922
1.0494922,1.2694921,0.5994922,1.2794921,0.9494922,1.6094922,3.309492,4.5094924,5.1094923,4.5694923,5.019492,4.8194923,6.4894924,7.179492,7.3194923,4.2394924,4.159492,3.9594922,3.4194922,3.8594923,1.9994922,1.6994922,1.7994922,1.5094922,1.7594922,1.1894922,1.6494921,1.9694922,1.0694922,0.4794922,-0.7905078,0.8394922,2.8894923,3.6294923,-1.0105078,-0.9005078,-0.5805078,-0.74050784,-1.5605078,0.20949219,1.3594922
1.5894922,1.6294922,1.7794921,1.9394922,2.2094922,2.339492,2.5194921,3.849492,4.999492,4.7994924,4.449492,4.1494923,5.3594923,7.7394924,5.1294923,5.1494923,4.969492,4.749492,4.459492,3.829492,3.5094922,5.0294924,4.099492,3.579492,3.5094922,2.9094923,2.2294922,2.6294923,1.9694922,1.3894922,0.75949216,0.2894922,1.0294921,0.8894922,1.9794922,0.9894922,3.2794921,1.0894922,0.08949219,-1.0905079,0.8294922
1.6794922,1.4494922,1.8494922,2.2594922,2.6394923,3.1094923,3.2694921,3.1394923,4.389492,5.439492,5.1294923,4.7794924,4.909492,4.659492,5.3194923,6.679492,6.9194922,5.8594923,5.789492,5.8794923,5.539492,6.0294924,6.329492,6.079492,4.909492,4.269492,2.2294922,3.079492,1.3194922,2.069492,0.9294922,-1.7005078,0.32949218,0.3094922,0.20949219,-0.6505078,-1.3005078,0.5294922,-0.050507814,-1.1405078,0.8694922
1.2594922,0.9794922,1.8194922,2.6194923,2.6794922,3.1494923,3.4394922,3.8694923,4.5894923,4.6294923,5.6294923,5.3794923,4.999492,6.099492,6.559492,7.5894923,7.679492,7.5894923,7.4894924,7.9894924,6.449492,6.7794924,6.979492,7.689492,7.449492,5.309492,6.389492,3.8694923,2.2294922,1.2794921,1.4294922,1.9194922,0.4694922,1.9094921,4.6694922,1.3394922,0.059492186,1.5994922,-2.4505079,0.5194922,1.5794922
1.4694922,1.6794922,2.4394922,1.9494922,3.1794922,2.9394922,2.9494922,3.589492,4.4194922,4.8394923,4.639492,4.719492,4.499492,4.8794923,5.939492,6.329492,6.599492,7.389492,8.459492,8.849492,7.719492,7.7394924,7.689492,6.8794923,7.2594924,6.829492,3.579492,3.6994922,5.0094924,3.079492,4.219492,5.3794923,6.809492,5.099492,3.6194923,2.599492,-0.68050784,1.9394922,2.6694922,1.3394922,1.2394922
-0.62050784,1.5694922,2.2094922,2.9594922,3.9394922,4.1094923,3.8694923,4.599492,4.6294923,4.409492,4.1494923,3.2194922,2.4494922,4.1094923,5.099492,6.309492,6.4894924,6.3994923,5.909492,6.329492,7.139492,7.099492,7.559492,7.0294924,6.0294924,5.4894924,5.469492,4.539492,3.9294922,3.4994922,3.4894922,5.079492,5.159492,4.6094923,3.4194922,3.5494921,1.9794922,0.7094922,2.9394922,4.679492,2.6594923
0.29949218,-0.2705078,1.5394921,2.3994923,3.7794921,4.329492,4.809492,4.8194923,4.559492,4.199492,3.6394923,3.1994922,3.329492,4.0694923,4.249492,5.829492,6.119492,5.1094923,4.8394923,5.1094923,4.749492,6.1094923,5.409492,5.619492,4.829492,4.909492,3.2894921,4.449492,4.1494923,1.7794921,3.7694921,3.0294921,3.059492,3.4894922,4.559492,4.409492,3.819492,2.5194921,2.3994923,1.2894921,0.50949216
0.20949219,0.8894922,0.3194922,2.2994921,4.1694922,4.5494924,4.6294923,4.579492,3.9694922,3.4694922,2.3894923,1.2294922,2.4594922,3.059492,3.339492,4.449492,4.7594924,4.5694923,4.639492,4.2794924,4.269492,2.8594923,2.7394922,2.9594922,3.7494922,3.7494922,4.329492,3.6594923,3.6494923,3.1094923,3.2194922,4.619492,4.079492,4.329492,3.599492,5.0294924,4.2594924,3.2594922,1.6094922,1.9994922,0.6094922
1.2494922,-0.050507814,0.7094922,2.319492,3.849492,3.1894922,4.0094924,5.199492,4.519492,2.339492,1.4594922,1.4094921,1.0494922,2.6894922,2.9494922,3.0294921,2.7594922,3.9594922,3.2994921,3.3894923,4.909492,4.699492,4.289492,3.4494922,3.599492,3.4194922,3.1194923,2.589492,2.7694921,2.8994923,3.5394921,5.1094923,4.979492,5.159492,4.659492,3.1394923,2.599492,2.3894923,2.6194923,1.4894922,0.5594922
2.2494922,1.2294922,0.17949219,1.5394921,3.7594922,4.809492,4.369492,5.1694922,3.9194922,4.9194922,2.1994922,0.2594922,0.22949219,1.1294922,2.1994922,2.6194923,3.1194923,3.2094922,3.089492,3.089492,2.9794922,2.849492,3.099492,2.7894921,2.1794922,1.2994922,1.6694922,1.6094922,1.2794921,1.3894922,3.5394921,4.939492,4.9894924,4.079492,3.2994921,3.339492,3.3794923,3.2194922,1.8894922,1.3294922,1.3594922
1.1594921,1.1694922,1.1394922,2.579492,4.159492,4.709492,4.479492,4.429492,4.409492,4.8594923,2.819492,1.8494922,1.4894922,1.4094921,3.7594922,3.2294922,3.6394923,3.1894922,2.3694923,3.0094922,2.9294922,2.819492,2.099492,1.9594922,2.1394923,1.7294922,1.9594922,1.1794922,0.35949218,0.07949219,1.6394922,4.6294923,4.5694923,4.0894923,4.349492,3.809492,4.0494924,4.7794924,2.2994921,1.7694921,0.7794922
