wind_kz.json
{"header": {"discipline":0,"disciplineName":"Meteorological products","gribEdition":2,"gribLength":871,"center":7,"centerName":"US National Weather Service - NCEP(WMC)","subcenter":0,"refTime":"2024-03-19T12:00:00.000Z","significanceOfRT":1,"significanceOfRTName":"Start of forecast","productStatus":0,"productStatusName":"Operational products","productType":1,"productTypeName":"Forecast products","productDefinitionTemplate":0,"productDefinitionTemplateName":"Analysis/forecast at horizontal level/layer at a point in time","parameterCategory":0,"parameterCategoryName":"UnknownDiscipline_0_Category_0","parameterNumber":0,"parameterNumberName":"UnknownParameter_D0_C0_0","parameterUnit":"Unknown","genProcessType":2,"genProcessTypeName":"Forecast","forecastTime":240,"surface1Type":1,"surface1TypeName":"Ground or water surface","surface1Value":0.0,"surface2Type":255,"surface2TypeName":"Missing","surface2Value":0.0,"gridDefinitionTemplate":0,"gridDefinitionTemplateName":"Latitude_Longitude","numberPoints":615,"shape":6,"shapeName":"Earth spherical with radius of 6,371,229.0 m","gridUnits":"degrees","resolution":48,"winds":"true","scanMode":64,"nx":41,"ny":15,"basicAngle":0,"lo1":47.0,"la1":41.0,"lo2":87.0,"la2":55.0,"dx":1.0,"dy":1.0}, "data":
[rows 0 to 14 of 15, columns 0 to 40 of 41]
298.28424,283.28424,291.48422,281.88422,281.88422,282.88422,289.98422,291.18423,284.38422,287.78424,286.48422,289.68423,293.88422,293.98422,293.58423,298.78424,299.68423,298.98422,301.48422,295.38422,294.88422,294.08423,292.58423,289.88422,297.58423,297.98422,291.68423,275.58423,276.18423,272.08423,274.08423,273.68423,290.58423,295.98422,295.78424,295.18423,295.68423,294.68423,294.48422,294.18423,293.28424
273.38422,293.08423,281.98422,281.48422,281.58423,281.98422,294.28424,288.48422,283.68423,283.68423,285.38422,288.98422,291.38422,293.38422,294.68423,295.58423,297.98422,299.48422,299.68423,299.98422,295.28424,293.98422,289.58423,285.78424,271.18423,273.18423,287.88422,273.48422,275.58423,269.68423,284.38422,264.88422,281.58423,255.58423,263.08423,288.58423,288.28424,291.68423,293.48422,286.78424,273.08423
297.08423,280.58423,281.58423,281.48422,281.18423,295.28424,292.98422,290.18423,285.48422,283.88422,283.88422,287.68423,289.78424,290.48422,294.28424,292.68423,295.28424,292.98422,299.08423,299.18423,295.78424,292.88422,292.98422,288.98422,293.28424,292.48422,293.78424,293.78424,292.18423,284.88422,272.68423,281.38422,285.98422,285.58423,280.08423,283.78424,271.08423,273.28424,279.28424,273.98422,266.78424
295.88422,280.78424,280.78424,280.78424,284.68423,295.28424,295.68423,294.78424,287.28424,284.18423,284.58423,287.08423,283.88422,284.68423,293.18423,296.28424,293.78424,291.28424,297.68423,297.98422,291.28424,285.38422,291.98422,295.08423,298.38422,296.68423,296.18423,292.98422,294.68423,292.78424,293.68423,292.38422,297.28424,296.18423,293.28424,287.58423,268.48422,263.18423,280.78424,284.28424,287.58423
298.48422,280.68423,279.58423,279.78424,284.68423,294.88422,295.28424,293.78424,295.18423,285.38422,290.48422,290.68423,282.48422,282.28424,281.18423,294.78424,294.28424,294.48422,294.88422,291.98422,290.38422,290.08423,293.68423,294.08423,295.78424,295.28424,293.48422,284.98422,293.68423,294.98422,296.38422,293.08423,279.38422,266.68423,286.38422,288.18423,283.98422,290.28424,289.28424,289.58423,286.38422
298.18423,298.98422,279.78424,277.58423,271.48422,273.08423,298.98422,298.78424,287.98422,287.38422,295.38422,290.28424,283.38422,281.98422,282.98422,294.18423,295.88422,295.58423,294.78424,290.68423,289.38422,288.58423,293.68423,293.88422,294.38422,291.68423,291.58423,273.08423,291.38422,291.48422,290.38422,291.68423,290.18423,290.48422,288.58423,284.48422,280.68423,281.38422,288.28424,286.78424,287.28424
296.38422,296.88422,298.88422,295.38422,290.08423,298.78424,299.98422,294.68423,288.48422,294.58423,291.18423,287.98422,287.08423,289.28424,290.78424,291.38422,294.68423,295.58423,293.28424,287.68423,289.18423,290.78424,290.18423,292.88422,280.68423,273.88422,271.88422,282.28424,284.08423,285.28424,287.88422,287.98422,288.38422,290.28424,287.58423,287.08423,275.58423,277.88422,266.78424,271.58423,282.58423
294.28424,294.48422,295.78424,295.78424,294.08423,297.78424,297.78424,296.08423,288.68423,290.08423,289.98422,289.18423,288.68423,288.68423,287.78424,289.78424,292.98422,293.28424,291.88422,290.88422,287.68423,291.08423,290.68423,289.28424,288.58423,285.68423,272.58423,270.38422,271.48422,270.98422,269.88422,269.38422,273.28424,271.78424,272.08423,271.48422,268.38422,272.78424,283.18423,283.18423,277.18423
292.68423,292.18423,293.38422,294.48422,294.48422,291.28424,293.48422,292.18423,287.68423,283.48422,284.68423,282.48422,286.18423,286.48422,287.48422,291.08423,288.78424,288.18423,288.48422,289.48422,288.78424,289.48422,288.78424,277.58423,277.98422,281.38422,272.98422,276.18423,273.58423,277.68423,270.38422,270.08423,286.68423,284.28424,280.98422,270.58423,268.38422,268.98422,261.48422,266.18423,264.18423
292.38422,290.78424,290.78424,290.08423,290.08423,287.18423,287.38422,286.58423,285.18423,288.78424,279.68423,275.28424,276.48422,273.98422,274.18423,278.28424,284.28424,286.68423,285.88422,279.08423,273.18423,276.48422,278.78424,275.18423,276.58423,275.68423,285.88422,282.48422,272.28424,269.98422,279.38422,286.38422,286.78424,285.38422,277.38422,271.78424,273.18423,269.78424,267.98422,272.38422,268.78424
292.38422,292.08423,290.88422,289.48422,287.68423,288.28424,284.98422,282.58423,277.98422,273.98422,273.18423,277.88422,274.38422,273.18423,272.38422,273.58423,273.28424,275.08423,273.18423,273.18423,273.38422,273.08423,272.18423,272.48422,271.78424,272.68423,273.68423,288.68423,289.38422,288.28424,287.48422,286.18423,285.58423,286.78424,282.88422,273.08423,272.78424,273.68423,277.28424,274.28424,272.08423
291.28424,290.68423,290.68423,289.18423,286.28424,283.28424,281.38422,279.38422,275.58423,275.18423,277.48422,276.18423,273.18423,273.18423,273.28424,273.18423,273.28424,274.08423,274.98422,275.28424,273.88422,273.18423,273.18423,273.18423,273.28424,276.48422,281.58423,285.58423,285.98422,284.08423,282.78424,275.58423,283.28424,273.78424,279.88422,275.18423,277.18423,279.18423,275.38422,273.78424,274.08423
286.88422,286.98422,286.08423,288.78424,287.88422,286.98422,280.98422,276.28424,281.68423,286.18423,285.28424,283.28424,275.88422,277.68423,273.48422,273.18423,273.38422,273.68423,273.88422,273.88422,274.28424,273.48422,276.88422,276.18423,273.48422,273.18423,273.78424,273.38422,273.28424,275.48422,274.28424,273.28424,273.48422,273.08423,272.88422,273.18423,273.58423,273.68423,273.18423,273.18423,273.58423
287.58423,280.68423,279.08423,289.08423,289.08423,288.28424,284.28424,281.58423,284.08423,286.38422,284.08423,283.58423,284.28424,273.98422,274.18423,273.28424,273.38422,273.88422,273.28424,273.48422,273.78424,274.68423,273.78424,273.28424,273.18423,273.18423,273.18423,273.18423,273.18423,273.18423,273.18423,273.18423,273.18423,273.18423,273.58423,273.18423,273.78424,273.28424,273.18423,272.88422,273.18423
288.38422,287.98422,273.28424,287.68423,285.08423,287.68423,287.98422,287.78424,286.38422,287.28424,283.08423,285.78424,283.48422,287.08423,284.78424,284.28424,280.38422,281.48422,281.78424,277.88422,277.08423,277.28424,273.18423,273.18423,273.18423,273.18423,273.38422,273.28424,273.28424,273.28424,273.18423,273.18423,273.18423,273.18423,273.18423,273.08423,273.18423,273.18423,273.18423,273.18423,273.38422
