wind_kz.json
{"header": {"discipline":0,"disciplineName":"Meteorological products","gribEdition":2,"gribLength":1025,"center":7,"centerName":"US National Weather Service - NCEP(WMC)","subcenter":0,"refTime":"2023-10-01T18:00:00.000Z","significanceOfRT":1,"significanceOfRTName":"Start of forecast","productStatus":0,"productStatusName":"Operational products","productType":1,"productTypeName":"Forecast products","productDefinitionTemplate":0,"productDefinitionTemplateName":"Analysis/forecast at horizontal level/layer at a point in time","parameterCategory":2,"parameterCategoryName":"UnknownDiscipline_0_Category_2","parameterNumber":2,"parameterNumberName":"UnknownParameter_D0_C2_2","parameterUnit":"Unknown","genProcessType":2,"genProcessTypeName":"Forecast","forecastTime":180,"surface1Type":103,"surface1TypeName":"Specified height level above ground","surface1Value":10.0,"surface2Type":255,"surface2TypeName":"Missing","surface2Value":0.0,"gridDefinitionTemplate":0,"gridDefinitionTemplateName":"Latitude_Longitude","numberPoints":615,"shape":6,"shapeName":"Earth spherical with radius of 6,371,229.0 m","gridUnits":"degrees","resolution":48,"winds":"true","scanMode":64,"nx":41,"ny":15,"basicAngle":0,"lo1":47.0,"la1":41.0,"lo2":87.0,"la2":55.0,"dx":1.0,"dy":1.0}, "data":
[rows 0 to 14 of 15, columns 0 to 40 of 41]
2.9271417,1.6471417,0.5671417,-0.6828583,-3.3928583,-3.7428582,-3.1228583,-3.3128583,-3.1128583,-1.3528583,-1.3128582,0.7671417,3.7971418,5.1971416,4.497142,2.2171416,1.0171417,0.9271417,1.8671417,2.6571417,2.8571417,0.84714174,1.8771417,2.5771418,-1.0628582,-0.35285828,1.4871417,3.2971418,0.5171417,1.4371418,-1.3828583,2.1371417,1.1071417,-0.4328583,3.8471417,3.2171416,2.2071416,1.4571418,1.5971417,1.5271417,0.29714173
2.5971417,-1.6628582,-3.9128582,-3.2628584,-1.6828582,-1.5528582,-1.4428582,-0.6328583,0.17714173,0.24714172,0.3771417,-0.91285825,-0.17285828,1.9871417,3.2471418,2.5971417,1.6271417,1.7871417,2.1571417,3.4471416,2.9271417,1.5871418,1.3271418,2.2371416,1.4671417,0.52714175,0.7671417,2.4471416,1.3871417,1.5571418,0.36714172,0.53714174,-0.27285826,-0.32285827,0.38714173,0.5071417,0.8871417,-0.25285828,-0.36285827,0.017141724,0.20714173
0.66714174,-0.31285828,1.9371418,2.6071417,2.1771417,2.2171416,2.2771418,1.8671417,2.8471417,2.2271416,1.1471417,0.72714174,-0.35285828,-1.0528582,1.9971417,3.3871417,4.5971417,4.0671415,3.1071417,2.6871417,2.5271418,3.2671418,2.5571418,5.5671415,2.0271418,1.9271417,3.0271418,-1.8128582,-2.4728582,1.1971418,1.2371417,1.6971418,0.8071417,1.2671417,-0.11285827,1.1971418,0.8271417,0.13714172,-0.12285828,-0.72285825,0.79714173
0.91714174,3.0371418,5.1071415,6.1371417,5.537142,5.497142,6.207142,4.937142,5.0271416,4.1771417,3.5071418,2.9671416,1.8871417,1.0671418,1.5771418,1.3771417,5.6771417,5.687142,4.1571417,3.8371418,3.0771418,5.3671417,0.7471417,3.5271418,6.167142,7.7571416,4.687142,2.9471416,0.8071417,-0.64285827,1.1371417,1.8871417,0.027141724,0.15714173,-0.89285827,-0.9828583,0.9371417,1.2871417,-1.4428582,-0.33285826,-1.7728583
6.3571415,7.3371415,7.747142,9.257142,9.397141,9.477141,8.077142,7.577142,6.127142,5.5971417,5.7771416,6.3171415,4.477142,3.5271418,3.0871418,3.3571417,2.3271418,5.5071416,4.6371417,5.267142,5.1971416,5.7971416,7.0671415,7.397142,7.037142,5.6371417,4.4671416,2.9871416,0.35714173,-3.2328582,1.4171417,2.2571418,3.0071418,0.9571417,-1.8828583,-1.4228582,-1.6428583,-2.3528583,-1.5228583,-0.18285827,-0.9228583
9.557141,8.777142,11.667141,12.427141,11.767141,11.757141,7.0871415,5.707142,5.1371417,6.1771417,6.9071417,6.5871415,5.807142,5.7971416,6.5871415,4.877142,4.8371415,3.9871416,6.1371417,6.0071416,6.2571416,6.0471416,4.5271416,4.0971417,3.2571418,1.7071418,-0.08285828,-0.102858275,-0.58285826,-0.4328583,-1.2328583,-1.2528583,-2.1428583,-2.2428582,-0.012858276,1.2771417,-0.062858276,-1.7728583,-1.6728582,-3.3028584,-3.9428582
10.707141,10.007142,10.407141,10.207142,9.697142,8.417142,7.0071416,4.8471417,4.397142,5.4071417,5.667142,6.557142,6.2971416,6.557142,5.937142,5.977142,5.3671417,6.1571417,5.057142,6.127142,6.477142,6.2971416,4.5471416,3.3671417,2.2471418,2.3771417,0.44714174,-1.1828582,-0.5428583,-0.20285827,-0.32285827,-0.4628583,-1.5128583,-1.2928582,-2.1028583,-0.5528583,-0.47285828,1.2571417,-0.95285827,1.4871417,-1.7828583
11.007141,9.807141,10.497141,10.027142,7.897142,6.187142,5.0471416,3.6871417,4.3571415,4.5971417,4.957142,6.1771417,6.9671416,6.807142,6.267142,7.747142,7.6971416,6.897142,6.207142,4.4271417,7.147142,6.457142,6.1071415,4.787142,3.9071417,3.8971417,3.2071416,1.3571417,1.4071417,1.9571418,2.3571417,1.7671417,0.7571417,1.6371417,3.9371417,-0.33285826,-1.5328583,-0.8228583,-4.8428583,-5.602858,-2.0528584
10.147141,10.037142,10.187141,8.567142,6.5671415,5.4671416,3.8171418,1.2371417,1.9771417,3.7771418,4.807142,5.207142,8.037142,6.8371415,6.8671417,7.057142,7.8171415,8.8571415,8.177142,6.977142,6.017142,6.8171415,8.657142,4.9871416,4.3671417,4.0671415,3.3771417,3.6971416,2.9871416,2.0571418,3.3871417,2.9971418,2.3271418,1.6971418,2.2271416,-1.8128582,-1.9228582,0.3171417,-0.6028583,-0.89285827,0.6471417
9.527142,9.687141,8.947142,7.4671416,4.977142,2.0371418,1.0271417,-0.102858275,1.2871417,2.8671417,4.9071417,6.247142,5.957142,6.877142,7.227142,8.167142,8.427142,8.457142,9.487142,9.457142,9.097141,7.2571416,7.707142,4.6171417,4.577142,4.017142,3.5571418,3.6471417,4.437142,3.4671416,3.5071418,3.4771416,2.4171417,1.4771417,-1.2128583,-1.7828583,-1.6228583,-1.3828583,2.2071416,0.6171417,-0.9928583
8.737142,8.917142,6.2571416,3.8571417,2.1371417,0.6271417,-0.53285825,-0.20285827,1.5671418,2.5971417,3.6671417,5.5871415,5.8371415,6.997142,7.4271417,8.347141,8.427142,8.067142,8.297142,7.267142,7.0271416,4.6171417,7.417142,4.2771416,4.1071415,3.7671418,4.0671415,3.7171416,2.9571416,1.9671417,0.16714172,0.48714173,-0.24285828,-0.6328583,0.037141725,-0.6328583,-0.21285827,0.45714173,-0.12285828,-0.77285826,0.24714172
7.667142,7.557142,6.747142,2.5771418,0.8871417,-0.44285828,-1.7528583,-0.58285826,1.6071417,1.3671417,2.8571417,4.727142,5.167142,7.2371416,7.267142,6.4671416,6.8871417,6.5671415,7.1171417,7.417142,5.9271417,4.807142,7.0871415,4.827142,4.0971417,3.6771417,4.307142,3.5971417,2.5371418,1.3671417,0.53714174,0.5671417,-0.48285827,-0.08285828,0.36714172,1.0671418,1.1771417,-0.102858275,-0.08285828,0.30714172,-0.53285825
5.5971417,3.5571418,2.4171417,1.9171417,0.2871417,-1.2628583,-2.2928584,-0.48285827,1.7171417,1.4471418,1.2771417,3.4071417,4.807142,6.667142,6.3371415,6.3471417,5.6371417,6.8571415,6.0871415,8.457142,5.417142,1.6471417,4.9271417,3.6571417,3.7371416,3.6071417,3.2571418,1.8471417,1.1871418,0.96714175,1.0171417,0.7071417,0.45714173,1.1471417,0.7471417,0.5771417,1.2971417,0.3471417,0.077141725,0.30714172,-0.72285825
4.9871416,4.207142,4.1071415,0.5671417,-1.5328583,-2.3328583,-2.0328584,0.29714173,1.0271417,1.2071418,0.3171417,0.6971417,4.1971416,5.2371416,3.9271417,3.1871417,4.6571417,5.827142,5.127142,4.167142,5.8671417,3.5171418,4.807142,2.4871416,4.2371416,3.0671418,1.4671417,0.8271417,0.78714174,0.60714173,1.1871418,0.91714174,0.6871417,0.9371417,0.44714174,0.49714172,0.59714174,-0.0028582765,-1.3828583,1.0471417,-1.0928583
3.3871417,0.3771417,-2.6328583,-2.9128582,-2.8728583,-3.1728582,-1.2228583,0.8271417,1.5871418,-0.21285827,-0.26285827,1.2071418,-0.6928583,-1.5428582,-3.3728583,-2.3428583,-1.0528582,0.39714172,3.8071418,2.1071417,-0.20285827,1.1071417,-0.4928583,0.32714173,-0.16285828,0.39714172,0.45714173,0.36714172,0.29714173,1.2671417,1.3471417,1.0371417,1.4271417,1.3771417,2.0971417,1.5171417,0.96714175,1.6271417,-0.26285827,-0.8528583,-0.15285827
