wind_kz.json
{"header": {"discipline":0,"disciplineName":"Meteorological products","gribEdition":2,"gribLength":871,"center":7,"centerName":"US National Weather Service - NCEP(WMC)","subcenter":0,"refTime":"2023-10-03T00:00:00.000Z","significanceOfRT":1,"significanceOfRTName":"Start of forecast","productStatus":0,"productStatusName":"Operational products","productType":1,"productTypeName":"Forecast products","productDefinitionTemplate":0,"productDefinitionTemplateName":"Analysis/forecast at horizontal level/layer at a point in time","parameterCategory":0,"parameterCategoryName":"UnknownDiscipline_0_Category_0","parameterNumber":0,"parameterNumberName":"UnknownParameter_D0_C0_0","parameterUnit":"Unknown","genProcessType":2,"genProcessTypeName":"Forecast","forecastTime":0,"surface1Type":1,"surface1TypeName":"Ground or water surface","surface1Value":0.0,"surface2Type":255,"surface2TypeName":"Missing","surface2Value":0.0,"gridDefinitionTemplate":0,"gridDefinitionTemplateName":"Latitude_Longitude","numberPoints":615,"shape":6,"shapeName":"Earth spherical with radius of 6,371,229.0 m","gridUnits":"degrees","resolution":48,"winds":"true","scanMode":64,"nx":41,"ny":15,"basicAngle":0,"lo1":47.0,"la1":41.0,"lo2":87.0,"la2":55.0,"dx":1.0,"dy":1.0}, "data":
[rows 0 to 14 of 15, columns 0 to 40 of 41]
287.79254,280.99252,285.49252,294.29254,293.89252,292.09253,291.59253,291.79254,289.59253,288.59253,287.99252,288.29254,287.69254,287.69254,287.39252,285.69254,285.49252,285.79254,284.29254,285.39252,286.59253,283.19254,282.89252,280.19254,282.19254,285.49252,282.99252,271.19254,270.09253,270.19254,267.79254,269.09253,279.99252,287.39252,288.19254,287.99252,288.69254,288.79254,288.99252,289.49252,288.19254
274.49252,285.89252,293.99252,293.99252,293.99252,291.89252,290.19254,288.89252,287.29254,286.79254,287.19254,285.89252,285.89252,285.19254,283.49252,283.49252,282.29254,283.99252,281.19254,283.49252,282.79254,285.49252,283.49252,277.19254,269.79254,268.19254,277.69254,269.59253,270.69254,268.09253,272.49252,265.39252,272.59253,251.89253,267.09253,284.89252,283.79254,286.39252,288.59253,281.39252,283.69254
289.09253,293.89252,293.79254,293.19254,291.39252,291.79254,288.59253,287.39252,285.79254,285.09253,284.09253,284.49252,283.79254,284.59253,285.19254,283.59253,283.39252,282.69254,283.59253,283.79254,283.59253,284.69254,284.59253,278.79254,280.59253,280.19254,282.49252,282.09253,279.79254,277.59253,268.59253,272.49252,278.09253,278.29254,278.69254,278.19254,272.89252,275.99252,273.59253,270.19254,268.89252
288.29254,292.89252,293.59253,292.69254,291.59253,289.39252,288.39252,286.39252,285.99252,285.09253,284.59253,283.99252,290.69254,289.89252,284.89252,284.19254,285.39252,283.39252,284.79254,283.89252,284.39252,277.89252,283.89252,284.19254,281.89252,284.09253,284.49252,282.09253,283.39252,286.69254,287.39252,283.19254,286.29254,286.79254,284.79254,282.29254,274.39252,266.79254,273.29254,280.49252,283.59253
291.69254,292.79254,293.09253,292.39252,291.19254,291.89252,289.09253,288.49252,286.89252,285.99252,284.59253,283.49252,289.69254,288.39252,286.79254,284.19254,284.59253,284.89252,282.89252,285.39252,284.89252,284.49252,283.09253,282.79254,282.49252,283.09253,281.89252,284.29254,282.89252,286.79254,289.29254,286.59253,277.09253,270.19254,278.19254,285.79254,288.19254,288.29254,287.99252,287.29254,286.89252
291.29254,290.79254,291.09253,291.79254,291.99252,291.49252,289.19254,288.89252,287.39252,286.19254,286.09253,285.09253,288.59253,289.49252,286.19254,283.09253,285.09253,283.69254,284.49252,284.79254,283.69254,282.99252,282.79254,282.49252,281.79254,280.39252,281.89252,288.39252,284.59253,285.19254,286.59253,289.09253,287.59253,288.19254,285.89252,287.89252,279.69254,279.69254,283.39252,286.59253,286.29254
289.89252,288.79254,291.99252,291.49252,289.49252,288.69254,289.19254,287.59253,287.49252,287.29254,285.29254,284.59253,284.19254,283.89252,283.39252,284.59253,284.09253,284.69254,283.79254,282.79254,282.09253,282.09253,282.69254,282.89252,283.29254,283.99252,281.49252,282.69254,282.89252,283.39252,282.89252,284.99252,287.59253,286.99252,286.49252,284.39252,280.79254,276.19254,273.09253,271.79254,281.09253
285.59253,287.49252,290.09253,289.29254,289.59253,289.19254,288.99252,286.99252,285.39252,288.69254,284.09253,283.29254,282.99252,283.89252,284.09253,284.19254,283.79254,283.89252,282.99252,280.69254,280.49252,280.99252,281.59253,283.49252,282.99252,280.79254,281.09253,280.69254,279.29254,282.69254,282.79254,281.89252,282.69254,279.79254,279.69254,278.69254,281.59253,286.19254,281.49252,281.19254,278.49252
282.59253,283.99252,285.69254,286.79254,287.89252,289.19254,289.09253,287.59253,287.29254,287.69254,282.89252,282.29254,281.29254,282.49252,282.39252,283.09253,282.69254,282.29254,281.69254,280.79254,279.19254,281.89252,279.49252,279.59253,278.99252,279.29254,276.79254,276.89252,276.49252,278.49252,277.09253,279.79254,277.49252,279.49252,278.99252,278.09253,278.59253,277.99252,267.89252,267.39252,265.99252
285.19254,285.49252,286.49252,284.89252,286.89252,289.19254,289.89252,288.99252,288.09253,285.79254,283.19254,282.09253,282.59253,282.29254,281.99252,282.59253,281.79254,280.89252,280.89252,280.49252,279.49252,278.59253,278.79254,279.19254,281.29254,280.89252,280.39252,278.39252,277.89252,277.29254,277.49252,279.19254,280.39252,280.29254,279.39252,278.09253,278.09253,274.79254,270.89252,268.09253,264.19254
285.09253,283.39252,284.19254,285.49252,286.39252,287.89252,289.99252,288.99252,288.39252,287.19254,282.69254,282.49252,282.79254,282.49252,281.69254,282.49252,281.59253,281.49252,280.79254,279.79254,279.09253,278.19254,277.59253,277.79254,277.89252,278.69254,277.99252,280.49252,278.89252,278.59253,278.39252,278.59253,278.09253,277.99252,278.19254,277.09253,275.59253,271.29254,271.09253,271.29254,266.49252
283.59253,284.29254,284.99252,287.39252,287.39252,287.29254,287.09253,286.99252,286.79254,284.59253,281.79254,280.99252,281.49252,281.29254,281.89252,282.19254,281.79254,281.19254,280.69254,280.19254,278.69254,277.29254,276.69254,276.49252,275.89252,276.69254,276.79254,277.29254,277.69254,277.69254,276.89252,276.59253,276.39252,275.09253,275.89252,275.59253,275.49252,275.19254,275.09253,274.59253,273.79254
282.09253,283.09253,284.59253,284.09253,285.19254,285.89252,282.39252,282.49252,283.99252,281.79254,280.39252,279.09253,281.69254,281.19254,281.69254,281.79254,281.59253,281.19254,280.69254,279.99252,279.49252,277.89252,276.59253,275.39252,274.89252,275.39252,275.79254,275.49252,276.09253,275.59253,275.99252,275.39252,274.89252,273.29254,273.39252,273.39252,272.69254,274.09253,273.39252,272.89252,273.19254
280.69254,282.19254,284.29254,284.79254,283.39252,283.09253,282.79254,283.09253,282.59253,281.39252,280.99252,278.39252,278.89252,281.49252,281.69254,282.19254,281.79254,281.49252,280.99252,280.69254,280.09253,279.69254,279.49252,278.89252,278.19254,277.39252,276.39252,276.49252,275.19254,274.69254,274.19254,273.79254,273.39252,272.69254,272.99252,272.89252,273.29254,273.29254,272.69254,272.29254,271.39252
283.19254,283.39252,285.39252,284.69254,283.69254,283.29254,283.69254,282.89252,282.99252,283.29254,284.29254,283.69254,283.09253,283.49252,283.99252,284.29254,283.59253,281.49252,281.79254,281.39252,280.89252,280.19254,279.49252,278.99252,279.29254,278.29254,277.79254,277.29254,276.79254,276.09253,275.89252,278.89252,274.19254,273.69254,273.79254,274.09253,273.29254,273.09253,272.89252,272.29254,271.79254
