wind_kz.json
{"header": {"discipline":0,"disciplineName":"Meteorological products","gribEdition":2,"gribLength":1025,"center":7,"centerName":"US National Weather Service - NCEP(WMC)","subcenter":0,"refTime":"2023-09-07T18:00:00.000Z","significanceOfRT":1,"significanceOfRTName":"Start of forecast","productStatus":0,"productStatusName":"Operational products","productType":1,"productTypeName":"Forecast products","productDefinitionTemplate":0,"productDefinitionTemplateName":"Analysis/forecast at horizontal level/layer at a point in time","parameterCategory":2,"parameterCategoryName":"UnknownDiscipline_0_Category_2","parameterNumber":2,"parameterNumberName":"UnknownParameter_D0_C2_2","parameterUnit":"Unknown","genProcessType":2,"genProcessTypeName":"Forecast","forecastTime":180,"surface1Type":103,"surface1TypeName":"Specified height level above ground","surface1Value":10.0,"surface2Type":255,"surface2TypeName":"Missing","surface2Value":0.0,"gridDefinitionTemplate":0,"gridDefinitionTemplateName":"Latitude_Longitude","numberPoints":615,"shape":6,"shapeName":"Earth spherical with radius of 6,371,229.0 m","gridUnits":"degrees","resolution":48,"winds":"true","scanMode":64,"nx":41,"ny":15,"basicAngle":0,"lo1":47.0,"la1":41.0,"lo2":87.0,"la2":55.0,"dx":1.0,"dy":1.0}, "data":
[rows 0 to 14 of 15, columns 0 to 40 of 41]
-0.5338135,1.7361865,-0.8838135,1.4861865,-0.09381348,-1.0438135,-2.1538134,-2.8338134,-6.1438136,-4.9338136,-3.7538135,-2.9738135,-2.4538136,-1.9038135,-1.4738135,-2.0238135,-1.1338135,0.036186524,-0.6938135,0.5261865,2.6461866,2.5961866,2.3861866,2.5361865,-0.54381347,3.1361866,3.6561866,5.6461864,2.6361866,2.0761864,4.5061865,0.94618654,0.13618653,-3.5238135,-5.4038134,-5.1338134,-4.7938137,-4.6238136,-3.8738134,-3.0038135,-2.4338136
0.7861865,-2.1138134,2.5661864,-0.81381345,-1.7038134,-2.8138134,-5.4538136,-6.4138136,-6.2038136,-4.2838135,-2.8938134,-1.9138135,-1.7138134,-0.79381347,-1.6238135,-1.2938135,0.20618652,0.22618653,1.2161865,0.87618655,-2.8738134,-0.17381348,3.1461866,3.9461865,2.3161864,-0.113813475,1.2861866,3.3161864,4.1761866,3.2661865,1.8061866,1.9761865,0.37618652,1.6661866,1.0861865,-1.2738135,0.22618653,-0.9738135,0.5561865,0.7761865,-1.1238135
-1.3838135,2.3661866,-1.4038135,-3.1638136,-3.8638134,-4.8438134,-5.8238134,-5.1138134,-5.1138134,-3.5938134,-2.5238135,-0.85381347,-0.48381346,-0.40381348,-0.9538135,-0.033813477,0.31618652,1.6361865,2.7561865,3.2561865,3.4061866,-1.0438135,-2.4538136,-3.2638135,0.21618652,-0.86381346,-0.5238135,-1.4638134,3.9261866,-0.06381348,2.3961866,-1.2438135,-0.8338135,0.18618652,-2.5638134,0.9161865,1.3861865,0.026186524,6.3561864,8.0061865,9.666186
-3.2238135,-3.3938134,-3.5538135,-3.1438134,-3.3238134,-3.6238134,-2.9238136,-5.2738132,-4.5038133,-3.2038136,-1.3738135,0.8061865,0.7361865,-2.2838135,-1.7338135,-0.6938135,-0.38381347,0.04618652,-0.7638135,-3.2938135,-2.1838136,-2.6738136,-4.5238132,-6.7838135,-7.1138134,-6.7738132,-7.4738135,-9.523813,-5.8938136,-2.4738135,1.5161865,0.23618652,-0.15381348,0.64618653,1.4561865,1.8461865,0.6661865,2.7661865,-2.4338136,-1.7738135,-1.5338135
-3.8838134,-4.1738133,-3.4938135,-4.7338133,-4.2838135,-4.9538136,-5.6738133,-4.2338133,-5.4438133,-4.7938137,-4.1638136,-5.2238135,-5.4238133,-4.2138133,-2.6438134,-1.6238135,-2.0338135,-2.0638134,-3.9138136,-7.0538135,-8.343814,-7.7438135,-7.7838135,-8.183813,-8.683813,-9.023813,-10.073813,-6.7938137,-6.0238132,-5.2338133,-4.0938134,-1.6438135,3.3061864,3.1661866,-3.3138134,-1.7238135,-2.3338134,-3.1238134,-1.7638135,1.5361866,0.7761865
-2.4138136,-3.0338135,-4.5438137,-1.9238135,-6.5038133,-4.8638134,-4.1838136,-4.4938135,-0.93381345,0.9161865,-2.8838134,-4.4538136,-3.2438135,-3.9338136,-3.4438136,-2.3238134,-2.9138136,-3.5238135,-5.1138134,-5.4738135,-7.0938134,-7.0338135,-6.9838133,-7.4438133,-7.7238135,-8.793814,-8.473813,-7.3938136,-6.2638135,-5.8038135,-6.1138134,-5.3438134,-3.2238135,-3.2138135,-2.8238134,1.5861865,-0.41381347,0.69618654,-1.2138134,-2.5238135,-1.0538135
-0.5838135,-0.92381346,-2.7938135,-4.0438137,-1.5438135,-2.2038136,-2.0538135,-1.5938134,-1.9838135,-2.0638134,-2.2738135,-2.9438136,-2.1338134,-3.9338136,-2.8938134,-2.9938135,-3.6438134,-4.3438134,-4.5238132,-6.4938135,-6.0838137,-5.9838133,-6.0238132,-6.2438135,-6.8738136,-6.5938134,-6.7738132,-6.9438133,-7.0238132,-7.2138133,-7.2338133,-7.4438133,-5.4138136,-2.4238136,-1.9138135,0.0061865235,0.4761865,-2.3638134,2.8261864,-0.5138135,1.6661866
3.5561864,2.0061865,1.3761865,0.36618653,0.63618654,2.6861866,3.9961865,5.0861864,4.2861867,-0.81381345,-3.5338135,-2.7138135,-2.9038134,-4.0438137,-3.6038134,-3.8738134,-3.3438134,-4.3138137,-4.0638137,-5.7038136,-5.5738134,-5.3638134,-4.8438134,-4.3438134,-4.1038136,-5.5838137,-6.2238135,-6.6038136,-7.3838134,-7.2738132,-7.4038134,-6.9238133,-6.6938133,-5.6638136,-3.2038136,-1.1938134,0.4461865,4.4861865,5.8061867,5.3861866,4.4861865
1.2961866,2.4861865,3.5961866,3.4061866,2.5061865,2.6261866,0.3861865,-0.7838135,-1.3338134,-1.6938134,-2.9338136,-2.8638134,-3.4538136,-3.4438136,-4.5938134,-4.4438133,-3.9538136,-3.9638135,-3.9738135,-4.9538136,-6.2838135,-6.1538134,-5.8338137,-6.6038136,-6.1338134,-5.8838134,-6.5838137,-5.0738134,-5.2838135,-5.4138136,-5.4838133,-4.3738136,-1.6938134,-2.9738135,-1.4938135,1.2161865,-2.2138135,-1.4438134,-0.42381346,-0.3038135,-0.5838135
1.6161865,-0.44381347,1.7261865,0.016186524,0.6161865,-0.54381347,-0.19381347,-0.23381348,-0.06381348,-0.80381346,-2.4238136,-3.1938136,-3.6738136,-3.4238136,-3.5838134,-4.1538134,-4.3138137,-3.5438135,-4.7938137,-6.0038133,-6.2338133,-6.1238136,-5.6938133,-5.7338133,-5.7038136,-6.1138134,-4.2338133,-3.9738135,-3.2538135,-3.8938134,-3.2338135,-1.5938134,0.5261865,-0.013813477,-1.0838134,-0.73381346,1.7161865,-0.56381345,-2.9738135,-1.5038135,-0.04381348
-1.4338135,1.2261865,-2.7038136,-3.3238134,-2.7538135,-2.7438135,-1.5738134,-1.7538135,-1.3638135,-2.6838136,-2.3738134,-2.4638135,-2.9238136,-3.0938134,-3.6038134,-3.3338134,-4.4938135,-3.6238134,-5.3838134,-5.7338133,-5.1038136,-5.7138133,-5.5138135,-3.8438134,-3.1238134,-2.8538134,-3.9338136,-3.4638135,-2.7638135,-0.45381346,-1.7338135,-3.0838134,-1.5238135,-0.7638135,-2.1938136,-3.0038135,-1.2938135,-0.85381347,-0.19381347,-0.14381348,0.4461865
-2.9038134,1.7161865,-3.0538135,-3.0338135,-2.7238135,-2.1538134,-3.1038134,-2.9038134,-3.6438134,-3.3438134,-3.3238134,-1.9238135,-3.2038136,-2.6838136,-3.4138136,-4.2938137,-3.9038134,-4.4838133,-3.1238134,-3.6538134,-4.0138135,-4.1538134,-3.6138134,-3.1638136,-3.7038136,-3.5238135,-2.5738134,-2.3938134,-1.8138134,-2.0138135,-1.7338135,-1.8438134,-1.6238135,-1.9838135,-2.0138135,-3.2638135,-3.7138135,-0.98381346,0.31618652,-0.19381347,-0.40381348
-2.0138135,-3.3138134,-2.5338135,-3.2938135,-2.2238135,-1.4338135,-2.5538135,-2.9038134,-3.1838136,-3.1438134,-1.5438135,-3.5138135,-2.3738134,-1.4438134,-2.6738136,-1.6838135,-2.6538134,-3.4338136,-2.3238134,-2.0838134,-2.8238134,-2.6038134,-2.2338135,-2.2938135,-1.3638135,-1.4438134,-1.3238134,-1.7338135,-1.3638135,-0.99381346,-1.7238135,-1.5738134,-1.8638135,-2.0238135,-2.0238135,-2.3638134,-1.3238134,-1.8838135,-2.8038135,-1.9638134,0.57618654
-2.3238134,-2.5038135,-2.1338134,-2.4838135,-1.9138135,-2.7238135,-4.1538134,-2.1738136,-1.7238135,-1.7538135,-1.5638134,-2.4438136,-0.68381345,-2.1838136,-2.7738135,-2.7638135,-1.2138134,-2.0838134,-1.9338135,-2.1338134,-1.9038135,-1.2738135,-0.61381346,-1.4438134,-1.6538135,-0.60381347,-0.31381348,-1.1438135,-1.7838135,-1.9238135,-1.3538135,-1.2638135,-1.5638134,-1.3838135,-1.6138135,-1.6338135,-1.8438134,-1.9038135,-2.2738135,-1.4738135,-0.34381348
-2.2138135,-2.8938134,-2.9338136,-2.6538134,-2.0238135,-1.6038135,-1.4838135,-1.6438135,-2.1038134,-1.6238135,-2.6338134,0.95618653,-1.0738134,-0.8938135,-1.8938135,-3.2938135,-2.1738136,-1.6738135,-2.5538135,-1.7238135,-2.4338136,-2.3238134,-1.5238135,-0.7738135,-1.2438135,-1.1138135,-1.0438135,-2.1638136,-1.3238134,-2.0138135,-1.2338135,-1.0738134,-1.3138134,-1.3638135,-1.3138134,-1.6638135,-1.2338135,-1.1538135,-1.3038135,-1.7438135,-1.3838135
