wind_kz.json
{"header": {"discipline":0,"disciplineName":"Meteorological products","gribEdition":2,"gribLength":1025,"center":7,"centerName":"US National Weather Service - NCEP(WMC)","subcenter":0,"refTime":"2023-08-21T06:00:00.000Z","significanceOfRT":1,"significanceOfRTName":"Start of forecast","productStatus":0,"productStatusName":"Operational products","productType":1,"productTypeName":"Forecast products","productDefinitionTemplate":0,"productDefinitionTemplateName":"Analysis/forecast at horizontal level/layer at a point in time","parameterCategory":2,"parameterCategoryName":"UnknownDiscipline_0_Category_2","parameterNumber":2,"parameterNumberName":"UnknownParameter_D0_C2_2","parameterUnit":"Unknown","genProcessType":2,"genProcessTypeName":"Forecast","forecastTime":120,"surface1Type":103,"surface1TypeName":"Specified height level above ground","surface1Value":10.0,"surface2Type":255,"surface2TypeName":"Missing","surface2Value":0.0,"gridDefinitionTemplate":0,"gridDefinitionTemplateName":"Latitude_Longitude","numberPoints":615,"shape":6,"shapeName":"Earth spherical with radius of 6,371,229.0 m","gridUnits":"degrees","resolution":48,"winds":"true","scanMode":64,"nx":41,"ny":15,"basicAngle":0,"lo1":47.0,"la1":41.0,"lo2":87.0,"la2":55.0,"dx":1.0,"dy":1.0}, "data":
[rows 0 to 14 of 15, columns 0 to 40 of 41]
-1.9269239,0.44307616,0.28307617,3.483076,1.6930761,0.41307616,5.123076,1.0130762,-2.3969238,-2.3869238,-1.4769238,1.4630761,-0.15692383,0.31307617,-0.36692384,0.67307615,1.9530761,3.9430761,4.773076,4.2430763,3.0930762,2.1430762,2.753076,2.7830763,0.2630762,0.8930762,4.463076,1.8930762,-0.19692382,0.42307618,-0.39692384,-0.28692383,0.78307617,1.7030761,0.5130762,-1.1169238,-1.5969238,-1.5369239,0.7130762,-0.90692383,-2.476924
0.6230762,-0.57692385,3.5630763,1.2230762,1.9130762,4.3030763,6.2230763,5.4730763,6.4130764,4.8030763,3.2930763,0.55307615,3.3230762,6.4530764,-0.12692383,2.0730762,3.233076,2.483076,3.8030763,4.5530763,5.2230763,4.443076,4.1630764,4.923076,0.59307617,-0.03692383,1.5030762,0.21307617,3.1530762,1.3930762,-0.05692383,0.34307617,0.5730762,2.3930762,-0.39692384,3.6030762,-1.7969239,0.5030762,-1.3469238,-0.65692383,0.5130762
2.013076,4.863076,4.093076,4.333076,4.523076,6.7030764,5.853076,8.453076,8.163076,7.6830764,8.253077,6.603076,5.1630764,7.3030763,6.5330763,2.5430763,4.523076,3.773076,4.093076,4.383076,4.563076,4.3030763,4.713076,6.8030763,2.5330763,1.0130762,0.86307615,2.743076,3.1730762,0.013076172,1.2630762,-1.5669239,-1.3769238,-3.1569238,-2.3369238,1.1830761,0.30307618,1.8630762,-1.2869239,-2.516924,0.30307618
1.2230762,3.003076,4.233076,5.4530764,6.8030763,6.523076,6.5330763,7.653076,9.813076,8.983076,8.783076,4.9530764,1.7030761,9.093076,7.963076,5.313076,4.113076,4.7430763,4.2030764,4.9730763,3.723076,4.383076,-0.49692383,7.6630764,6.7830763,4.713076,3.263076,2.233076,-0.64692384,-1.5069238,-2.7069237,-3.7969239,-4.226924,-6.686924,-6.596924,-1.8269238,0.2630762,-1.8969238,-1.2169238,-5.1769238,-7.096924
2.1030762,2.6430762,2.3030763,3.1130762,4.233076,6.8230762,7.063076,6.393076,8.383076,9.3330765,9.863076,10.373076,5.5730762,7.9330764,4.613076,5.123076,3.8430762,4.213076,4.9530764,4.063076,2.983076,4.8030763,5.3230762,5.2830763,4.213076,3.9430761,3.7830763,-3.506924,-3.756924,-5.896924,-5.496924,-3.6069238,1.1930761,0.38307616,-6.2569237,-5.306924,0.67307615,0.03307617,-1.7469238,-4.436924,-4.2769237
3.7830763,4.593076,5.093076,5.3030763,5.0730762,5.7630763,6.423076,7.833076,7.613076,8.093076,9.403076,9.783076,9.023076,8.983076,6.6830764,4.143076,4.023076,3.9230762,5.003076,1.6930761,0.13307618,-0.21692383,2.483076,4.883076,3.3530762,3.1730762,-5.0069237,-4.306924,-3.226924,-6.9469237,-7.576924,-5.876924,-3.0669239,-1.8069239,-2.8969238,1.6030762,0.42307618,-0.23692383,-1.9469239,-1.5869238,-0.46692383
3.3230762,3.7030761,4.4130764,5.143076,5.373076,5.5130763,7.003076,7.1830764,8.393076,8.423077,8.733076,10.123076,5.623076,7.9530764,8.843076,4.023076,4.613076,3.483076,1.9430761,-1.3169239,-3.1069238,-3.5469239,-2.1269238,-1.1769239,-1.2369238,-5.596924,-5.746924,-7.116924,-6.7969236,-6.106924,-5.286924,-4.9669237,-3.746924,-0.27692384,4.873076,1.8930762,0.30307618,2.4430761,-0.0069238283,0.6930762,0.86307615
3.8530762,4.873076,5.503076,5.9530764,5.7430763,6.4130764,6.7630763,8.033076,8.193076,9.053076,9.493076,9.893076,5.293076,6.0130763,8.8330765,2.5930762,3.6730762,1.3830762,0.30307618,-2.276924,-4.016924,-3.9669237,-5.186924,-4.866924,-4.186924,-4.056924,-6.7969236,-4.386924,-7.0269237,-4.106924,-5.3169236,-4.2169237,-3.266924,-2.9369237,-1.0669239,0.91307616,4.5130763,2.503076,5.643076,2.973076,2.1730762
5.313076,5.363076,5.623076,6.463076,7.4530764,8.003077,7.923076,7.9730763,9.113076,8.113076,8.623076,9.683076,5.693076,-0.7369238,0.38307616,5.333076,3.483076,0.20307617,-0.46692383,-2.496924,-3.526924,-3.8369238,-3.8769238,-4.806924,-4.536924,-3.7169237,-2.9669237,-2.1569238,-1.0869238,-3.026924,-6.356924,-4.856924,-4.326924,-2.3669238,-0.57692385,1.6230762,-0.8069238,-0.82692385,6.5730762,0.53307617,2.753076
5.9730763,5.583076,5.7230763,6.5130763,6.7630763,6.643076,7.4330764,8.903076,8.753077,8.183076,7.623076,8.993076,2.8330762,1.8530762,-1.8969238,2.4030762,1.6330762,-0.40692383,-0.7469238,-1.7769238,-3.1269238,-4.076924,-4.306924,-4.976924,-5.746924,-6.416924,-6.9469237,-6.386924,-6.5269237,-6.686924,-6.656924,-5.496924,-3.7169237,-2.006924,-0.6169238,0.61307615,1.0530761,0.013076172,2.3930762,2.1630762,1.6030762
5.2630763,5.633076,5.6630764,5.673076,6.963076,7.233076,7.963076,7.693076,7.063076,7.873076,6.003076,6.023076,3.0630763,0.6230762,0.043076172,2.9530761,1.3130761,-0.29692382,-1.0269238,-1.8169239,-2.8369238,-2.766924,-3.1969237,-2.496924,-3.0969238,-4.556924,-5.5669236,-5.656924,-6.436924,-6.056924,-5.406924,-4.7169237,-3.6169238,-2.746924,-2.1169238,-0.6769238,-0.15692383,0.8230762,1.0130762,0.53307617,6.923076
3.8130763,4.123076,5.3230762,5.523076,5.343076,6.0330763,6.793076,3.273076,3.0630763,3.6630762,4.393076,4.403076,2.713076,2.8430762,0.46307617,2.3130763,-3.6569238,-2.2069237,-3.5669239,-3.5769238,-3.6569238,-2.8469238,-1.9769238,-1.8469238,-1.4169239,-0.29692382,-2.976924,-3.5569239,-4.166924,-3.8369238,-3.3169239,-3.2969239,-2.6369238,-2.0569239,-1.3469238,-1.0169238,0.2630762,1.8530762,1.9830762,1.6630762,3.3330762
2.6730762,3.4530761,4.043076,3.6030762,3.9130762,4.0130763,4.7230763,1.8430762,2.213076,2.6530762,1.4530761,2.7930763,0.40307617,-2.256924,-1.3269238,0.31307617,-2.1169238,-3.026924,-3.4569237,-3.276924,-1.7669238,-0.88692385,-1.5069238,-1.8369238,-3.6269238,-4.7169237,-3.6569238,-2.6269238,-1.5169238,-1.2269238,-1.7869239,-2.246924,-2.4369237,0.20307617,-0.51692384,0.043076172,0.8830762,1.3530762,3.1630762,3.8430762,2.513076
4.2030764,3.5730762,3.4030762,3.0730762,2.713076,2.973076,1.8830762,2.243076,2.8130763,3.4330761,1.1130762,-1.6369238,-1.8069239,-2.6069238,-4.096924,-4.706924,-4.116924,-3.4069238,-3.3669238,-3.4669237,-2.6569238,-1.5269238,-1.8169239,-2.1769238,-1.9369239,-2.236924,-1.8469238,-2.1769238,-1.9169239,-0.6869238,0.27307618,0.74307615,0.97307616,1.5630761,1.1330762,1.4530761,1.0530761,1.4630761,2.5730762,3.0630763,2.0830762
2.0630763,2.9230762,3.6030762,1.7530762,1.8830762,1.3830762,1.5330762,2.6930761,2.9330761,1.6930761,-1.4869238,-2.1669238,-3.276924,-3.476924,-1.8769238,-4.5069237,-3.8469238,-3.026924,-2.8269238,-3.0469239,-2.6269238,-2.236924,-1.8869238,-1.4169239,-0.70692384,-0.08692383,0.41307616,0.59307617,0.6930762,1.1830761,0.84307617,3.233076,3.8930762,3.513076,3.253076,3.3430762,2.8130763,2.5330763,3.1730762,4.343076,2.2830763
