wind_kz.json
{"header": {"discipline":0,"disciplineName":"Meteorological products","gribEdition":2,"gribLength":1025,"center":7,"centerName":"US National Weather Service - NCEP(WMC)","subcenter":0,"refTime":"2023-08-26T18:00:00.000Z","significanceOfRT":1,"significanceOfRTName":"Start of forecast","productStatus":0,"productStatusName":"Operational products","productType":1,"productTypeName":"Forecast products","productDefinitionTemplate":0,"productDefinitionTemplateName":"Analysis/forecast at horizontal level/layer at a point in time","parameterCategory":2,"parameterCategoryName":"UnknownDiscipline_0_Category_2","parameterNumber":3,"parameterNumberName":"UnknownParameter_D0_C2_3","parameterUnit":"Unknown","genProcessType":2,"genProcessTypeName":"Forecast","forecastTime":180,"surface1Type":103,"surface1TypeName":"Specified height level above ground","surface1Value":10.0,"surface2Type":255,"surface2TypeName":"Missing","surface2Value":0.0,"gridDefinitionTemplate":0,"gridDefinitionTemplateName":"Latitude_Longitude","numberPoints":615,"shape":6,"shapeName":"Earth spherical with radius of 6,371,229.0 m","gridUnits":"degrees","resolution":48,"winds":"true","scanMode":64,"nx":41,"ny":15,"basicAngle":0,"lo1":47.0,"la1":41.0,"lo2":87.0,"la2":55.0,"dx":1.0,"dy":1.0}, "data":
[rows 0 to 14 of 15, columns 0 to 40 of 41]
1.4378589,1.9978589,2.807859,6.957859,5.2578588,3.6278589,4.2578588,2.9878588,1.6378589,1.4178588,0.21785888,-0.54214114,-1.1521411,-2.222141,-2.472141,-5.072141,-6.832141,-5.812141,-6.252141,-4.1621413,-3.3721411,-3.472141,-1.0021411,1.1078589,1.7378589,3.4478588,0.3278589,-0.082141116,-2.2721412,-2.632141,-1.942141,0.31785887,-1.3821411,0.4478589,1.3478589,-0.5321411,3.277859,2.1878588,1.9178588,-0.2321411,4.987859
-1.1021411,-0.8821411,8.077859,8.7678585,7.397859,5.557859,4.747859,2.9878588,2.077859,1.6178589,1.4378589,0.28785887,-1.2221411,-2.212141,-3.1021411,-5.042141,-5.352141,-5.272141,-5.562141,-4.812141,-5.822141,-6.482141,-4.602141,-1.3921411,2.327859,2.7178588,3.327859,-0.40214112,-0.31214112,0.5078589,-2.7921412,-1.5621411,-1.3721411,2.007859,3.507859,1.6878589,-0.6621411,-6.712141,0.8478589,-1.4921411,1.1878589
1.9278588,8.197859,8.537859,7.767859,6.247859,5.947859,4.687859,3.007859,3.7378588,3.297859,1.1878589,0.5578589,-1.1521411,-1.8121411,-3.432141,-4.2021413,-5.022141,-5.802141,-5.9721413,-6.522141,-0.73214114,-3.5121412,-6.782141,-2.492141,-3.232141,-2.3121412,-1.4521412,-2.8021412,-0.5221411,-2.902141,-2.7621412,-0.2021411,-3.6121411,1.8378589,0.8578589,-2.0521412,-2.5821412,-3.142141,-1.3021411,0.7578589,2.2078588
5.937859,8.307858,7.747859,7.197859,6.3578587,6.5278587,5.577859,3.8978589,4.667859,3.567859,1.9978589,1.0878589,-0.7221411,-1.7021412,-2.7621412,-2.5121412,-3.992141,-5.322141,-6.062141,-6.002141,-5.872141,-5.132141,-2.712141,-3.0221412,-3.162141,-3.422141,-3.732141,-2.462141,-2.8021412,-2.8121412,-3.132141,-2.1021411,1.8578589,0.8678589,1.1878589,2.037859,2.087859,2.357859,-1.1721411,1.307859,-1.3521411
5.937859,6.847859,7.237859,5.767859,5.8578587,5.937859,5.2578588,5.217859,4.2778587,3.837859,2.8778589,1.5178589,1.3978589,0.43785888,-0.2621411,-2.682141,-3.742141,-3.652141,-4.1821413,-4.352141,-3.932141,-2.902141,-2.8521411,-2.902141,-2.632141,-2.392141,-2.412141,-3.492141,-1.8421412,-2.242141,-1.5421411,-1.0821412,1.7178589,0.88785887,1.2678589,1.5878589,0.9978589,1.5278589,3.797859,2.847859,-3.712141
4.5878587,4.997859,3.347859,4.137859,4.957859,5.2778587,5.367859,5.7778587,4.687859,2.797859,1.7578589,1.1578588,1.6678588,1.7778589,-0.3221411,-1.7121412,-2.0121412,-2.1021411,-2.5621412,-2.8421412,-3.002141,-2.672141,-4.112141,-3.492141,-3.172141,-3.0221412,-0.9721411,-0.16214111,-2.8321412,-1.1621411,-1.2821411,-1.5121411,-2.242141,-1.5521411,-0.03214111,-2.472141,-3.992141,-4.652141,0.4278589,5.5278587,3.847859
2.817859,3.087859,3.6778588,4.407859,4.5678587,4.647859,3.7178588,4.207859,4.5678587,2.6678588,2.247859,2.067859,0.82785887,0.4278589,-0.6621411,-1.5521411,-1.2721411,-1.3521411,-1.8721411,-2.712141,-3.0421412,-2.722141,-2.742141,-2.712141,-4.462141,-3.982141,-1.942141,-2.0921412,-1.1421411,0.37785888,-0.54214114,-1.5121411,-1.2621411,-1.0721412,-1.3721411,0.30785888,1.6178589,3.347859,-1.5521411,1.4778589,2.747859
3.047859,3.327859,3.607859,4.2578588,4.137859,4.197859,4.3578587,4.287859,3.9178588,3.247859,3.117859,1.6978589,0.9078589,-0.2021411,-1.2221411,-1.6221411,-0.9621411,-0.2721411,-0.54214114,-1.7921411,-2.3521411,-2.152141,-2.982141,1.1778588,-2.0821412,-3.5121412,-3.3621411,-3.0621412,-2.0421412,-1.3921411,-1.7521411,-1.6821411,-0.5221411,0.37785888,0.89785886,-0.11214111,1.1378589,-0.7521411,-3.8121412,-1.3621411,1.4978589
3.317859,2.797859,3.357859,3.827859,3.997859,4.167859,4.267859,3.347859,3.037859,2.4478588,2.047859,1.1678588,-0.9021411,-0.9021411,-2.8121412,-3.0721412,-1.942141,-0.60214114,-0.4221411,-0.3921411,-1.2521411,-1.7921411,-0.5021411,-0.60214114,0.3978589,-0.4221411,-2.1221411,-1.4621412,-2.152141,-2.992141,-3.452141,-1.8421412,-2.3421412,-1.4521412,0.06785889,-0.40214112,1.5778589,2.327859,4.927859,3.337859,2.9378588
2.4178588,3.257859,3.1478589,2.9478588,3.047859,3.9478588,3.6678588,3.6978588,3.1978588,1.9778589,0.8778589,-0.67214113,-1.0421411,-2.232141,-3.0221412,-3.3621411,-2.452141,-2.152141,-1.0421411,0.07785889,0.8478589,-0.5321411,0.22785889,-0.14214112,-1.3521411,0.13785888,-0.5821411,-0.9021411,-1.7321411,-2.172141,-1.5121411,-2.0421412,-2.5421412,1.4778589,2.7178588,2.767859,2.497859,2.1978588,3.507859,3.8778589,3.327859
3.277859,3.527859,3.497859,3.247859,3.2078588,3.6278589,3.6578588,2.997859,2.297859,1.4078588,0.6178589,-0.98214114,-2.402141,-2.382141,-3.222141,-3.1221411,-2.722141,-1.1821411,-0.8321411,-0.73214114,-0.3921411,-0.61214113,1.7178589,1.1278589,-0.18214111,0.027858887,-0.3321411,-2.0521412,-2.7721412,-3.3021412,-3.0721412,-2.922141,-0.122141115,3.057859,4.957859,5.497859,4.917859,2.817859,5.5878587,0.017858887,1.0678589
3.257859,3.1678588,3.2078588,3.867859,3.577859,3.4078588,2.837859,2.4278588,2.2078588,1.3678589,0.3278589,-0.9921411,-2.382141,-1.4821411,-2.2721412,-2.642141,-1.8321412,-1.4321411,-0.21214111,0.07785889,-0.0021411134,0.70785886,2.527859,1.057859,1.2278589,0.46785888,-0.042141113,-1.7221411,-3.162141,-3.452141,-3.632141,-3.422141,-2.6021411,2.367859,4.037859,4.447859,4.787859,4.787859,0.047858886,0.2678589,0.46785888
2.077859,2.747859,3.047859,3.2378588,3.307859,2.327859,3.247859,3.1578588,2.1478589,2.4878588,0.7578589,-0.3221411,-0.6321411,-1.5021411,-1.192141,-1.5321411,-1.4721411,-1.3621411,-1.1821411,0.22785889,1.3878589,1.8978589,2.9078588,1.057859,1.0778589,-0.15214111,-1.9221411,-2.962141,-3.3621411,-3.0921412,-2.722141,-2.442141,-0.9921411,0.20785889,2.827859,3.8878589,6.187859,4.347859,5.387859,3.747859,2.1678588
2.007859,2.087859,2.6278589,2.2278588,2.837859,2.537859,2.557859,2.4878588,2.557859,1.5178589,1.4478589,0.3378589,0.95785886,-0.3621411,-1.0521411,-1.6021411,-2.0521412,-1.9321411,-0.9521411,0.10785889,1.2078589,1.8578589,2.6378589,1.2478589,0.9078589,-0.6521411,-1.6021411,-3.3121412,-3.652141,-3.932141,-3.2721412,-3.1221411,-0.3921411,-0.7521411,1.9878589,2.6278589,2.7178588,4.887859,5.227859,3.7378588,3.017859
1.8878589,1.7478589,2.357859,2.7178588,2.1578588,1.7078589,0.89785886,1.057859,0.4278589,1.3178589,2.547859,1.5378588,0.69785887,-1.2221411,-0.44214112,-2.0321412,-2.2821412,-2.192141,-1.692141,1.2978588,2.1478589,3.537859,2.8778589,2.1678588,1.1178589,0.20785889,-1.1721411,-2.8321412,-3.0621412,-2.8221412,-2.462141,-0.86214113,-0.25214112,1.4978589,1.7478589,4.187859,2.8878589,4.2778587,4.167859,3.2078588,1.4978589
