wind_kz.json
{"header": {"discipline":0,"disciplineName":"Meteorological products","gribEdition":2,"gribLength":871,"center":7,"centerName":"US National Weather Service - NCEP(WMC)","subcenter":0,"refTime":"2024-02-02T06:00:00.000Z","significanceOfRT":1,"significanceOfRTName":"Start of forecast","productStatus":0,"productStatusName":"Operational products","productType":1,"productTypeName":"Forecast products","productDefinitionTemplate":0,"productDefinitionTemplateName":"Analysis/forecast at horizontal level/layer at a point in time","parameterCategory":0,"parameterCategoryName":"UnknownDiscipline_0_Category_0","parameterNumber":0,"parameterNumberName":"UnknownParameter_D0_C0_0","parameterUnit":"Unknown","genProcessType":2,"genProcessTypeName":"Forecast","forecastTime":240,"surface1Type":1,"surface1TypeName":"Ground or water surface","surface1Value":0.0,"surface2Type":255,"surface2TypeName":"Missing","surface2Value":0.0,"gridDefinitionTemplate":0,"gridDefinitionTemplateName":"Latitude_Longitude","numberPoints":615,"shape":6,"shapeName":"Earth spherical with radius of 6,371,229.0 m","gridUnits":"degrees","resolution":48,"winds":"true","scanMode":64,"nx":41,"ny":15,"basicAngle":0,"lo1":47.0,"la1":41.0,"lo2":87.0,"la2":55.0,"dx":1.0,"dy":1.0}, "data":
[rows 0 to 14 of 15, columns 0 to 40 of 41]
285.09506,278.29507,283.49506,280.39508,280.59506,281.89508,285.99506,289.79507,286.09506,286.89508,286.09506,286.19507,286.29507,285.99506,286.29507,286.99506,286.69507,286.29507,288.39508,289.09506,289.79507,290.89508,290.99506,287.89508,288.89508,289.09506,279.29507,269.09506,268.09506,265.29507,269.29507,261.89508,273.39508,283.89508,282.89508,280.59506,282.89508,281.49506,280.49506,280.29507,281.29507
264.59506,285.19507,279.99506,279.89508,280.49506,280.99506,286.19507,285.59506,287.09506,287.79507,287.09506,285.69507,286.89508,287.69507,284.99506,285.79507,286.29507,286.29507,285.89508,287.39508,287.09506,288.79507,287.59506,277.29507,268.69507,271.39508,269.49506,266.19507,266.09506,266.09506,272.79507,265.89508,274.79507,254.99507,262.09506,271.69507,272.39508,279.89508,281.89508,278.79507,273.09506
283.69507,278.69507,279.89508,280.29507,280.39508,284.69507,284.19507,284.79507,284.79507,284.19507,284.29507,284.49506,285.49506,286.09506,281.89508,280.39508,281.99506,281.19507,281.99506,282.09506,281.99506,287.39508,286.59506,273.39508,287.19507,282.99506,278.39508,280.39508,283.29507,274.69507,270.59506,272.99506,270.89508,270.59506,267.39508,272.59506,269.89508,263.59506,267.09506,267.09506,267.29507
283.39508,275.69507,277.59506,278.79507,280.29507,283.29507,281.89508,283.59506,284.79507,283.29507,283.29507,283.89508,281.19507,281.79507,282.99506,280.49506,281.89508,281.49506,281.09506,281.79507,286.59506,274.09506,283.99506,282.69507,280.99506,282.29507,282.49506,275.09506,277.89508,276.39508,274.09506,276.59506,280.49506,279.09506,272.89508,272.79507,266.49506,262.39508,276.59506,273.19507,273.09506
279.89508,272.89508,271.89508,272.49506,277.39508,282.09506,280.19507,283.39508,282.39508,281.09506,281.69507,282.59506,278.99506,278.89508,278.09506,281.69507,281.89508,282.29507,284.19507,280.49506,284.29507,284.69507,281.89508,281.49506,277.99506,275.69507,273.69507,275.69507,282.69507,282.79507,276.29507,277.79507,272.39508,265.19507,274.39508,273.19507,269.29507,269.49506,270.79507,269.79507,268.19507
281.09506,281.39508,273.09506,272.89508,272.39508,271.89508,283.49506,282.09506,280.99506,281.29507,280.39508,280.49506,279.19507,279.09506,277.69507,281.29507,280.19507,281.09506,276.69507,279.09506,273.59506,281.79507,278.09506,274.09506,277.29507,273.09506,277.99506,273.09506,273.19507,273.09506,273.49506,273.49506,273.09506,272.39508,273.39508,272.59506,269.99506,269.09506,270.89508,265.09506,265.79507
281.09506,281.29507,283.09506,283.29507,278.69507,282.39508,284.69507,281.49506,280.09506,280.79507,280.19507,274.49506,277.29507,276.39508,276.59506,277.99506,275.49506,276.19507,273.49506,273.19507,273.19507,273.19507,272.99506,272.49506,272.09506,270.29507,271.19507,273.39508,272.39508,272.19507,270.59506,271.99506,271.99506,271.39508,269.99506,269.89508,266.89508,270.89508,266.39508,270.19507,268.39508
280.19507,281.29507,279.09506,279.29507,279.69507,279.89508,281.19507,281.09506,279.39508,274.19507,273.39508,273.39508,273.19507,273.19507,275.39508,273.69507,273.69507,273.19507,273.19507,273.19507,273.19507,273.19507,273.09506,273.09506,271.59506,271.09506,272.09506,273.09506,272.09506,272.59506,271.69507,272.89508,273.09506,269.49506,268.69507,271.39508,272.89508,268.99506,267.99506,268.59506,267.19507
279.19507,280.09506,279.99506,280.89508,279.09506,280.49506,280.19507,277.09506,275.39508,273.69507,273.19507,273.19507,273.19507,273.19507,273.19507,273.29507,273.19507,273.19507,273.09506,273.19507,273.19507,273.19507,273.09506,273.19507,273.19507,273.09506,272.99506,271.89508,271.69507,272.19507,270.59506,272.59506,274.49506,273.09506,272.99506,272.39508,266.69507,268.49506,263.29507,263.89508,263.59506
278.39508,277.49506,278.59506,279.89508,279.09506,279.49506,275.49506,273.19507,273.29507,273.99506,273.19507,273.19507,273.19507,273.19507,273.19507,273.29507,273.19507,273.19507,273.19507,273.19507,273.19507,273.19507,273.19507,273.19507,273.19507,273.19507,273.09506,271.69507,269.99506,269.59506,272.79507,274.09506,273.59506,271.79507,270.69507,269.79507,271.09506,268.89508,267.39508,267.69507,265.29507
276.09506,274.29507,274.19507,273.29507,273.49506,273.19507,273.79507,274.89508,273.19507,273.09506,273.19507,273.29507,273.29507,273.19507,273.19507,273.19507,273.19507,273.19507,273.19507,273.19507,273.19507,273.19507,271.79507,269.69507,268.19507,267.29507,266.89508,268.49506,269.69507,271.19507,269.99506,271.49506,270.49506,271.29507,266.99506,267.09506,267.99506,268.29507,269.29507,269.59506,266.19507
273.19507,274.19507,275.49506,273.19507,273.19507,273.19507,273.19507,273.19507,273.19507,273.19507,273.19507,273.19507,273.19507,273.19507,273.49506,273.19507,273.29507,273.19507,273.19507,271.79507,268.79507,266.29507,264.29507,264.59506,264.69507,264.49506,263.69507,264.19507,265.09506,264.99506,265.59506,264.09506,268.69507,263.09506,266.49506,263.59506,264.69507,265.59506,266.49506,266.09506,267.79507
273.39508,273.19507,273.19507,273.19507,273.59506,273.49506,273.19507,273.19507,273.19507,273.19507,273.19507,273.19507,273.19507,273.09506,273.19507,273.09506,273.19507,272.49506,269.89508,268.49506,266.49506,265.79507,266.59506,264.49506,263.59506,263.39508,264.89508,261.79507,262.09506,264.29507,262.69507,262.59506,262.49506,262.09506,262.09506,262.09506,262.79507,264.59506,262.99506,261.99506,264.99506
272.89508,273.19507,273.19507,273.19507,273.19507,273.19507,273.19507,273.19507,273.19507,273.19507,273.19507,273.19507,273.19507,273.19507,273.19507,273.19507,270.99506,268.89508,266.99506,266.99506,266.09506,265.59506,264.09506,262.39508,260.79507,259.99506,259.69507,259.69507,260.09506,259.89508,260.29507,259.99506,260.29507,259.89508,261.69507,261.59506,262.39508,261.99506,261.69507,262.09506,263.89508
271.09506,272.29507,273.09506,273.19507,273.19507,273.19507,273.19507,273.19507,273.19507,273.19507,273.19507,273.09506,273.19507,273.29507,272.59506,270.19507,268.39508,267.19507,267.19507,265.59506,264.09506,262.99506,260.99506,261.19507,259.69507,258.69507,258.49506,258.09506,258.29507,259.49506,258.69507,257.99506,258.69507,260.39508,260.69507,260.69507,261.79507,261.49506,261.19507,261.39508,262.29507
