wind_kz.json
{"header": {"discipline":0,"disciplineName":"Meteorological products","gribEdition":2,"gribLength":1102,"center":7,"centerName":"US National Weather Service - NCEP(WMC)","subcenter":0,"refTime":"2023-09-25T06:00:00.000Z","significanceOfRT":1,"significanceOfRTName":"Start of forecast","productStatus":0,"productStatusName":"Operational products","productType":1,"productTypeName":"Forecast products","productDefinitionTemplate":0,"productDefinitionTemplateName":"Analysis/forecast at horizontal level/layer at a point in time","parameterCategory":2,"parameterCategoryName":"UnknownDiscipline_0_Category_2","parameterNumber":2,"parameterNumberName":"UnknownParameter_D0_C2_2","parameterUnit":"Unknown","genProcessType":2,"genProcessTypeName":"Forecast","forecastTime":300,"surface1Type":103,"surface1TypeName":"Specified height level above ground","surface1Value":10.0,"surface2Type":255,"surface2TypeName":"Missing","surface2Value":0.0,"gridDefinitionTemplate":0,"gridDefinitionTemplateName":"Latitude_Longitude","numberPoints":615,"shape":6,"shapeName":"Earth spherical with radius of 6,371,229.0 m","gridUnits":"degrees","resolution":48,"winds":"true","scanMode":64,"nx":41,"ny":15,"basicAngle":0,"lo1":47.0,"la1":41.0,"lo2":87.0,"la2":55.0,"dx":1.0,"dy":1.0}, "data":
[rows 0 to 14 of 15, columns 0 to 40 of 41]
-2.0259302,-0.3459302,0.48406982,-2.60593,-9.30593,-10.75593,-10.26593,-10.67593,-11.55593,-6.47593,-6.2959304,-5.78593,-6.0659304,-5.9359303,-5.8359303,-5.71593,-4.24593,-6.3759303,-5.51593,-5.0659304,-2.9459302,-0.58593017,-1.3959302,-2.0259302,-0.025930176,-1.5159302,-2.6559303,0.084069826,0.34406984,1.4740698,-0.18593018,1.7740698,0.16406983,1.3740698,-4.5859303,-4.21593,-2.5459301,-2.0159302,-2.2959301,-7.7959304,-4.3359303
1.0040698,0.7940698,-5.5659304,-7.1259303,-11.6559305,-10.615931,-8.83593,-9.47593,-8.12593,-7.70593,-8.12593,-7.32593,-6.4159303,-6.13593,-5.38593,-5.15593,-3.7059302,-5.92593,-4.49593,-3.1659303,-3.82593,-3.8059301,-2.6559303,-2.4959302,-0.65593016,1.2640698,-0.35593018,0.9440698,-1.5959302,0.20406982,-0.015930176,0.58406985,0.8540698,-2.5459301,1.3140699,0.06406982,0.4340698,-0.7359302,0.16406983,4.00407,-6.50593
-1.2659302,-5.0659304,-6.2759304,-9.31593,-12.075931,-9.34593,-8.17593,-6.76593,-9.83593,-7.9359303,-6.92593,-6.0259304,-4.98593,-5.2959304,-5.2959304,-4.82593,-5.13593,-4.30593,-3.4459302,-2.85593,-1.7159302,-7.07593,-6.5859303,-6.30593,-0.59593016,-2.7759302,-1.9359301,0.024069823,-1.1759301,-0.095930174,-1.6059302,2.9640698,-0.60593015,-0.59593016,-0.2559302,-1.4559302,0.45406982,0.21406983,5.5840697,5.65407,1.8140699
-5.74593,-8.54593,-11.10593,-10.67593,-8.865931,-7.8959303,-6.4159303,-7.86593,-8.10593,-7.65593,-6.74593,-6.36593,-7.90593,-6.6059303,-4.76593,-4.4359303,-4.3759303,-3.88593,-3.3959303,-3.5259302,-2.4859302,-3.6759303,-1.4059302,-3.0559301,-2.7859302,-1.7659302,-0.8259302,-2.9259303,-1.2559302,1.2740698,-1.2659302,-2.4659302,0.32406983,-3.0059302,-2.2659302,-1.9759302,-0.90593016,2.5440698,-1.1259302,1.1240698,1.2440698
-7.21593,-9.01593,-9.075931,-8.39593,-6.1459303,-6.92593,-6.0459304,-7.19593,-7.22593,-6.03593,-6.1859303,-4.76593,-4.67593,-4.2759304,-3.4459302,-3.3059301,-3.2559302,-2.7859302,-2.8959303,-3.2759302,-3.6659303,-3.34593,-2.7259302,-2.12593,-1.3359302,-0.9459302,-1.3459302,-0.6259302,-0.84593016,0.48406982,-1.6559302,-0.77593017,-1.6759301,1.4540699,0.24406983,1.9340699,1.6240698,2.1940699,5.3740697,7.90407,7.8340697
-5.69593,-4.40593,-5.96593,-6.49593,-7.59593,-7.3759303,-6.21593,-5.97593,-5.45593,-4.80593,-3.5659301,-2.7859302,-0.15593018,0.22406982,-0.38593018,0.7540698,1.3640698,1.6640698,0.72406983,1.1640698,1.0840698,0.71406984,1.3040699,0.6340698,0.6340698,1.6040698,2.2240698,3.9540699,2.2740698,1.9040698,1.3340698,0.24406983,-0.16593018,-0.06593017,-0.7459302,-2.4059303,0.4040698,2.64407,7.29407,5.49407,9.14407
-4.61593,-4.61593,-5.6259303,-5.22593,-6.48593,-4.49593,-4.17593,-4.47593,-3.4959302,-2.32593,-0.8159302,0.09406982,2.1840699,3.2440698,3.66407,4.3340697,4.4740696,4.53407,3.4840698,3.37407,3.9640698,3.2440698,2.9640698,2.8340697,2.42407,2.8540697,2.7240698,2.4740698,2.65407,3.2840698,3.13407,2.7440698,1.9240699,1.1140698,-0.17593017,-1.7659302,-2.1759303,1.1740699,1.0540699,-0.30593017,0.8840698
-4.00593,-4.00593,-4.3559303,-3.7959301,-3.59593,-3.2059302,-3.2059302,-2.8959303,-1.9559302,-1.2159302,0.7640698,2.7640698,3.4340699,3.91407,4.17407,4.74407,5.26407,5.04407,5.3940697,5.80407,9.32407,5.6640697,4.17407,2.2140698,2.62407,1.5840698,1.9140698,2.7340698,2.3440697,2.38407,2.92407,2.1040697,1.3140699,-0.06593017,0.33406982,-1.4759302,-0.10593018,1.8840698,3.13407,3.2440698,1.1340698
-2.9759302,-2.8059301,-2.6459303,-1.8259301,-1.0659301,-1.7559302,-1.3359302,-0.6959302,0.23406982,1.6740699,3.3440697,3.5840697,5.09407,4.17407,5.0840697,5.4540696,5.86407,5.71407,6.1440697,6.59407,8.64407,10.39407,5.3740697,0.39406982,-0.15593018,-0.045930177,0.8740698,1.2340698,1.9740698,1.3740698,0.0040698242,-0.52593017,-1.8959302,-1.6959301,-2.0659301,-0.2859302,0.39406982,-0.9459302,0.65406984,1.1540698,0.7440698
-1.9359301,-1.4159302,-1.3259301,-0.47593018,0.3740698,-0.3459302,0.15406983,1.0240698,2.40407,3.0340698,3.89407,4.30407,3.87407,4.29407,4.77407,4.94407,3.88407,0.78406984,0.45406982,1.8440698,4.23407,5.02407,-4.7759304,-3.2159302,-2.9159303,-1.2459302,0.21406983,2.17407,1.1540698,1.3140699,0.06406982,0.16406983,-1.1759301,0.59406984,0.41406983,0.35406983,0.024069823,-0.39593017,0.18406983,1.2440698,0.90406984
-1.6559302,-1.3759302,-1.1859301,0.07406983,0.6040698,0.31406984,1.5740699,2.2740698,2.6840699,3.3040698,2.9840698,3.4540699,4.1640697,4.6640697,4.36407,-2.34593,-0.11593018,-1.2859302,-1.7159302,-3.82593,-4.72593,-4.92593,-4.86593,-3.7559302,-2.5659301,-0.77593017,-0.79593015,-0.5559302,0.124069825,-0.43593016,0.4640698,1.7540698,1.9540699,2.2540698,1.8740698,0.8040698,0.09406982,0.89406985,0.15406983,0.44406983,0.9340698
-1.2259302,-0.8759302,-0.16593018,0.0140698245,1.0140698,0.95406985,1.2240698,2.1940699,2.5340698,2.0340698,1.4240699,3.15407,3.0640697,0.26406983,-2.33593,-3.10593,-2.59593,-2.7659302,-3.5259302,-3.7559302,-4.51593,-4.07593,-4.5259304,-3.10593,-1.9759302,-2.1459303,-1.3759302,-1.0859302,-0.025930176,1.4440699,1.5740699,1.8040699,1.8740698,2.90407,2.2840698,3.2040699,4.32407,6.4140697,2.7340698,0.31406984,-0.16593018
-0.11593018,-0.16593018,0.6140698,0.30406982,0.66406983,0.23406982,0.70406985,1.0740699,2.5640697,1.2140698,1.2140698,1.5740699,-2.9359303,-3.5259302,-2.84593,-3.4659302,-4.11593,-3.7459302,-3.7359302,-3.9359303,-4.36593,-3.1859303,-3.38593,-2.0659301,-1.3159301,-0.8259302,-0.055930175,0.13406983,-1.1359302,-0.045930177,0.19406982,0.15406983,0.66406983,0.83406985,1.6540698,2.0640697,3.5740697,3.5240698,5.2040696,5.4140697,2.7840698
0.83406985,0.6940698,0.71406984,0.13406983,-0.5059302,0.7940698,1.0040698,1.6440698,1.1840699,-0.90593016,-0.65593016,0.77406985,-2.2159302,-2.9859302,-3.12593,-3.32593,-3.5559301,-3.60593,-3.6859303,-3.33593,-2.63593,-2.34593,-2.2159302,-2.0459301,-2.36593,-2.0659301,-2.2659302,-1.6659302,-3.0659301,-0.6359302,-1.4459301,-1.1259302,0.11406983,-0.24593018,-0.005930176,-0.12593018,-0.40593016,1.0940698,-0.055930175,2.1040697,3.16407
-0.005930176,0.5540698,0.8540698,0.36406982,0.6340698,0.5540698,1.1940699,-1.2659302,-1.5359302,-1.3459302,-0.5759302,0.41406983,0.09406982,-1.0859302,-2.7059302,-2.7259302,-2.62593,-2.7159302,-2.7859302,-3.10593,-2.6959302,-2.63593,-2.2259302,-2.33593,-1.8659302,-1.9959302,-1.9559302,-1.7859302,-1.4159302,-1.2859302,-1.2559302,-1.9459301,-0.6159302,-1.0459301,-1.4659302,-0.78593016,-0.58593017,0.07406983,0.84406984,0.8140698,1.6740699
