wind_kz.json
{"header": {"discipline":0,"disciplineName":"Meteorological products","gribEdition":2,"gribLength":1102,"center":7,"centerName":"US National Weather Service - NCEP(WMC)","subcenter":0,"refTime":"2023-08-23T18:00:00.000Z","significanceOfRT":1,"significanceOfRTName":"Start of forecast","productStatus":0,"productStatusName":"Operational products","productType":1,"productTypeName":"Forecast products","productDefinitionTemplate":0,"productDefinitionTemplateName":"Analysis/forecast at horizontal level/layer at a point in time","parameterCategory":2,"parameterCategoryName":"UnknownDiscipline_0_Category_2","parameterNumber":2,"parameterNumberName":"UnknownParameter_D0_C2_2","parameterUnit":"Unknown","genProcessType":2,"genProcessTypeName":"Forecast","forecastTime":240,"surface1Type":103,"surface1TypeName":"Specified height level above ground","surface1Value":10.0,"surface2Type":255,"surface2TypeName":"Missing","surface2Value":0.0,"gridDefinitionTemplate":0,"gridDefinitionTemplateName":"Latitude_Longitude","numberPoints":615,"shape":6,"shapeName":"Earth spherical with radius of 6,371,229.0 m","gridUnits":"degrees","resolution":48,"winds":"true","scanMode":64,"nx":41,"ny":15,"basicAngle":0,"lo1":47.0,"la1":41.0,"lo2":87.0,"la2":55.0,"dx":1.0,"dy":1.0}, "data":
[rows 0 to 14 of 15, columns 0 to 40 of 41]
5.1978936,-1.1221063,2.7278936,0.84789366,-0.5121063,-0.7021063,-3.2121062,-7.0521064,-7.8621063,-5.832106,-3.9321063,-5.1621065,-6.5521064,-4.5321064,-2.8221064,-1.8721063,-1.7321063,-0.32210633,-2.1421063,-0.012106324,0.33789366,1.5178937,-0.2521063,-2.0521064,0.7678937,-1.9121063,-1.9521064,-1.1621063,-0.3121063,0.22789368,-1.1821064,0.8278937,0.27789366,-0.6421063,-2.9621062,-2.9021063,-1.8621063,-0.6221063,-0.24210632,-2.0421064,-0.042106323
1.1278937,0.24789368,3.8578937,-1.5221063,-2.1521063,-5.4921064,-5.1721063,-6.772106,-5.9121065,-4.332106,-3.8621063,-6.8921065,-5.2821064,-4.1521063,-2.8321064,-3.4521062,-1.8521063,-3.2121062,-1.6121063,-2.4321063,-5.4021063,-2.9321063,-1.5321063,-2.5521064,-0.38210633,1.2778937,-0.91210634,-0.96210635,-4.4121065,-0.9421063,-0.5121063,-0.3421063,0.17789368,-3.1721063,0.8078937,0.20789367,-0.5521063,1.2278937,-0.54210633,0.077893674,3.0678937
3.4878936,13.027893,7.3078938,-0.3421063,-1.1021063,-3.3821063,-7.4521065,-3.9621062,-5.712106,-4.4521065,-5.8621063,-6.1221066,-5.1721063,-4.9221063,-4.2221065,-3.8621063,-3.4521062,-2.9421062,-2.4321063,-3.5821064,-2.8921063,-4.0121064,-5.1921062,-7.4021063,-0.44210634,-3.8921063,-2.9621062,-1.6421063,-2.9521062,-0.6821063,-1.8321064,1.9978937,-0.53210634,-0.6721063,-0.7321063,-1.6621063,-0.022106323,0.5578937,2.1178937,2.2378936,2.1078937
5.417894,13.217893,5.707894,0.90789366,0.77789366,-2.8021064,-2.9821062,-5.562106,-5.042106,-5.772106,-5.6521063,-6.082106,-8.262106,-6.582106,-4.2621064,-4.0521064,-3.6521063,-2.9721062,-3.0221064,-3.3521063,-2.3621063,-3.7521064,-4.8921065,-7.8821063,-7.8021064,-8.4121065,-7.3421063,-10.192106,-6.482106,-3.1121063,-0.60210633,-4.7821064,-3.1721063,-3.5321064,-3.0121064,-2.5821064,-1.8621063,0.70789367,1.3878937,0.14789368,-1.2021064
6.5278935,10.427893,1.2678937,1.4278936,-2.5821064,0.017893678,-3.8921063,-5.3721066,-4.2821064,-5.3221064,-5.7221065,-4.732106,-6.0721064,-3.9721062,-4.2621064,-4.3821063,-3.4221063,-2.7521064,-2.9721062,-3.7221062,-3.9321063,-5.0921063,-8.102106,-7.6721063,-7.5921063,-7.9921064,-8.042107,-6.522106,-5.102106,-3.8921063,-4.8221064,-2.3721063,-2.3321064,-0.20210633,1.2978936,0.23789367,-2.5321064,-3.0121064,-3.2121062,-3.1521063,-2.6521063
7.7978935,0.38789368,-2.4321063,-2.3121064,-0.47210634,-6.602106,-5.8921065,-4.3821063,-4.1121063,-6.0321064,-5.1821065,-3.9621062,-3.6021063,-3.8221064,-4.2821064,-3.6221063,-3.4221063,-2.7821064,-3.7321062,-4.2221065,-4.712106,-3.8721063,-4.772106,-6.4421062,-5.712106,-5.792106,-4.4421062,-5.3021064,-3.6721063,-3.0121064,-3.0321064,-4.4321065,-2.8721063,-1.4621063,-1.9221063,-3.0921063,0.107893676,0.24789368,1.7278937,0.3778937,2.8078938
7.1078935,-1.8621063,-3.5821064,-2.6721063,-1.5421063,-4.502106,-4.8821063,-4.022106,-2.8221064,-4.232106,-3.9521062,-2.0821064,-1.8921063,-2.1521063,-2.8821063,-3.3921063,-3.5421064,-2.8321064,-3.3721063,-4.1921062,-3.9321063,-3.9421062,-3.9921064,-3.4521062,-2.9821062,-3.7821064,-1.7321063,-2.2821064,-3.2821064,-4.1621065,-3.6621063,-3.6521063,-3.1721063,-1.4321064,-2.3421063,-2.5521064,-1.4221063,2.3878937,-1.9521064,1.3378937,1.7578937
-2.1521063,-3.3021064,-3.1921062,-2.3721063,-1.3421063,-2.9621062,-4.1121063,-2.8921063,-1.9421064,-2.9021063,-2.3621063,-0.6721063,0.6878937,-1.7021064,-1.8621063,-2.1921062,-2.5121064,-2.0521064,-2.6221063,-3.5021064,-3.3621063,-3.3021064,-2.7121062,-3.5221064,-3.3421063,-0.7321063,-1.0921063,-1.8221064,-0.8221063,-2.8821063,-3.2421064,-3.1521063,-3.9721062,-2.4021063,-3.4821062,-0.46210632,0.31789368,3.3578937,2.3878937,3.1078937,0.48789367
-3.7921064,-1.8721063,-1.4321064,-1.9821063,-0.8121063,-2.6621063,-3.2721064,-2.4821062,-2.0321064,-1.0521064,-0.66210634,-0.60210633,0.6878937,-1.6221063,-1.2421063,-0.6821063,0.06789368,-0.13210632,0.22789368,-0.30210632,-1.1321063,-0.36210632,-1.8021064,-1.6421063,-1.5721064,-2.3621063,-1.5621064,-1.9521064,-1.1521063,-1.1121063,-1.1021063,-1.7921063,-1.4721063,-2.6821063,-1.8521063,-0.102106325,0.4678937,-2.7621064,-0.27210632,0.6778937,-1.0021063
-2.5021064,-0.6721063,-2.5521064,-1.4021063,-2.3821063,-2.6621063,-2.7521064,-2.0221064,-1.2021064,0.017893678,0.64789367,0.4978937,0.6378937,0.8878937,0.42789367,1.3278937,1.6178937,1.9178936,1.1378937,1.3778937,1.9278936,2.2078936,0.6278937,0.9878937,0.22789368,0.3778937,0.7478937,-0.0021063231,-0.18210632,0.08789368,-0.72210634,-0.6921063,-1.3521063,-1.9421064,-1.6521063,-0.8921063,-1.3621063,-0.17210633,-1.2521063,0.3478937,0.13789368
-0.72210634,-1.2921063,-1.4421064,-2.0021064,-2.5021064,-2.7521064,-1.4521064,0.21789367,0.39789367,0.58789366,0.84789366,1.2378937,1.7678937,1.8678937,2.6578937,2.0878937,2.3878937,2.6078937,1.9278936,2.2678938,3.0878937,2.8778937,2.8878937,2.2578936,1.8478937,1.7378937,1.9478936,2.7778938,2.5578938,0.6178937,1.1978936,-1.0421063,-0.85210633,-0.35210633,-0.66210634,-1.6921064,-1.2421063,0.22789368,-0.47210634,0.6278937,-0.8221063
0.77789366,-2.5321064,-4.0721064,-5.812106,-5.5121064,-3.6521063,-2.2521064,0.16789368,1.7878937,0.7578937,-0.0021063231,2.8878937,2.3078938,2.6178937,3.6678936,2.9478936,3.2878938,4.1178937,2.6178937,3.9078937,3.5578938,3.6678936,2.9078937,2.8778937,3.2878938,3.4578936,4.017894,3.4978936,2.9178936,2.5178938,1.6078937,1.5078937,0.27789366,-0.8021063,0.047893677,0.13789368,-0.42210633,-0.5021063,-0.3121063,-0.49210632,-0.44210634
-1.9721063,-2.8121064,-3.4421062,-5.082106,-3.8021064,-3.5721064,-3.9121063,-4.2021065,-1.5721064,-1.7221063,-1.0921063,0.7578937,-0.9221063,0.26789367,1.4078937,2.1078937,3.0378938,3.5278938,2.8578937,3.0078936,3.5478938,4.7978935,5.0578938,3.6278937,6.787894,5.2178936,6.0578938,4.727894,3.5878937,2.5778937,1.3278937,1.0678936,1.0478936,0.7678937,0.7478937,0.33789366,0.27789366,-0.39210632,-0.3721063,-0.32210633,-0.96210635
-3.7221062,-3.9321063,-4.3221064,-4.1621065,-4.6221066,-3.5121064,-2.5021064,-2.0421064,-0.60210633,-0.012106324,1.0178937,-0.08210632,4.6578937,4.9278936,4.8778934,3.4878936,4.977894,4.8478937,7.207894,8.007894,6.8178935,5.457894,5.1778936,5.4278936,5.3778934,4.6178937,3.7878938,4.227894,3.4978936,4.5578938,3.7378936,1.8278937,1.6078937,-0.032106325,1.1478937,1.3178936,-0.21210632,0.14789368,-1.1421063,-0.44210634,0.077893674
-2.6321063,-3.5421064,-7.062106,-4.332106,-3.5121064,-2.6221063,-1.8321064,-1.8221064,-1.1621063,-0.90210634,-0.6221063,-0.2521063,0.28789368,-1.2521063,-1.3721063,-0.012106324,0.9478937,1.0678936,1.8478937,2.8278937,3.8878937,2.8378937,2.3878937,2.8078938,3.1678936,3.3278937,3.9778936,3.3678937,3.3978937,3.4978936,2.2578936,-0.17210633,-0.062106322,0.027893677,3.0078936,2.7778938,0.39789367,1.2578937,0.077893674,-0.17210633,-1.3921063
