wind.json
{"header": {"discipline":0,"disciplineName":"Meteorological products","gribEdition":2,"gribLength":1211,"center":7,"centerName":"US National Weather Service - NCEP(WMC)","subcenter":0,"refTime":"2023-05-30T06:00:00.000Z","significanceOfRT":1,"significanceOfRTName":"Start of forecast","productStatus":0,"productStatusName":"Operational products","productType":1,"productTypeName":"Forecast products","productDefinitionTemplate":0,"productDefinitionTemplateName":"Analysis/forecast at horizontal level/layer at a point in time","parameterCategory":2,"parameterCategoryName":"UnknownDiscipline_0_Category_2","parameterNumber":2,"parameterNumberName":"UnknownParameter_D0_C2_2","parameterUnit":"Unknown","genProcessType":2,"genProcessTypeName":"Forecast","forecastTime":0,"surface1Type":103,"surface1TypeName":"Specified height level above ground","surface1Value":10.0,"surface2Type":255,"surface2TypeName":"Missing","surface2Value":0.0,"gridDefinitionTemplate":0,"gridDefinitionTemplateName":"Latitude_Longitude","numberPoints":688,"shape":6,"shapeName":"Earth spherical with radius of 6,371,229.0 m","gridUnits":"degrees","resolution":48,"winds":"true","scanMode":64,"nx":43,"ny":16,"basicAngle":0,"lo1":45.0,"la1":40.0,"lo2":87.0,"la2":55.0,"dx":1.0,"dy":1.0}, "data":
[rows 0 to 15 of 16, columns 0 to 42 of 43]
1.205542,0.915542,-1.394458,2.435542,1.675542,2.075542,0.195542,-5.454458,-6.664458,-10.734458,-7.854458,-8.084458,-7.664458,-6.894458,-5.774458,-4.114458,-3.094458,-4.424458,-4.674458,-4.014458,-1.914458,-2.924458,-6.184458,-1.024458,-1.544458,-2.634458,-0.324458,0.08554199,0.865542,-2.244458,-1.704458,-1.194458,-0.584458,-1.144458,-1.684458,-1.434458,-2.294458,-3.974458,-3.984458,-3.464458,-3.774458,-3.604458,-4.524458
-0.284458,3.965542,2.545542,1.715542,1.675542,-1.874458,-1.854458,-4.954458,-8.334458,-8.274458,-8.334458,-6.814458,-7.544458,-7.794458,-6.534458,-5.914458,-7.014458,-7.014458,-5.604458,-7.784458,-6.944458,-3.884458,0.555542,0.89554197,1.805542,1.775542,-1.914458,-1.544458,-0.824458,-1.454458,-0.584458,1.315542,0.615542,0.815542,-0.784458,-0.754458,-1.174458,-2.044458,-1.934458,-2.844458,-1.954458,-0.79445803,0.735542
-1.124458,-0.014458008,2.835542,-2.124458,3.125542,-4.004458,-4.974458,-4.774458,-6.894458,-8.524458,-7.534458,-7.664458,-8.484458,-7.634458,-6.864458,-7.294458,-7.274458,-6.114458,-3.954458,-4.114458,-7.634458,-10.204458,-6.714458,-4.364458,0.295542,2.375542,-0.754458,-1.004458,0.525542,-0.754458,0.95554197,1.925542,0.10554199,0.31554198,0.635542,1.125542,0.37554199,2.655542,1.995542,1.455542,0.455542,-0.024458008,0.035541993
-0.354458,0.31554198,-2.194458,1.965542,-3.894458,-3.544458,-6.354458,-7.414458,-7.464458,-6.474458,-7.424458,-7.694458,-7.934458,-7.884458,-7.944458,-9.354458,-8.944458,-7.964458,-9.104458,-9.274458,-6.464458,-3.3244581,-7.874458,-13.794458,-9.734458,-9.914458,-3.004458,-4.744458,-3.064458,-1.314458,3.695542,-0.804458,1.255542,-1.194458,-0.214458,2.255542,1.495542,1.7355419,2.115542,0.635542,6.805542,9.505542,4.125542
2.615542,1.8655419,2.845542,3.245542,-2.944458,-4.144458,-6.144458,-6.454458,-5.984458,-5.854458,-7.034458,-7.894458,-7.984458,-8.294458,-6.374458,-6.564458,-9.974458,-11.054458,-10.164458,-10.784458,-11.964458,-12.574458,-12.054458,-14.094458,-8.574458,-9.454458,-9.154458,-8.284458,-8.484458,-9.364458,-7.564458,-4.414458,-2.004458,1.545542,-1.004458,-0.514458,1.095542,0.425542,1.065542,2.985542,-0.814458,-0.40445802,1.135542
1.755542,3.285542,-0.08445801,-0.414458,-4.594458,-2.634458,-5.884458,-5.374458,-5.484458,-7.144458,-7.054458,-7.644458,-7.894458,-8.294458,-7.494458,-7.464458,-4.054458,-9.324458,-8.684458,-7.904458,-7.964458,-8.814458,-10.304458,-9.004458,-8.054458,-7.494458,-7.364458,-7.374458,-7.354458,-3.124458,-4.294458,-3.344458,-2.354458,-1.124458,1.7355419,2.465542,-2.774458,0.08554199,1.905542,5.165542,2.075542,1.795542,3.165542
-0.704458,-0.824458,-4.264458,-5.914458,-5.884458,-5.954458,-6.994458,-6.864458,-6.874458,-6.744458,-6.774458,-7.254458,-7.154458,-7.634458,-5.404458,-4.504458,-4.404458,-5.644458,-4.654458,-4.314458,-3.934458,-2.614458,-3.094458,-2.844458,-2.874458,-3.014458,-3.084458,-2.884458,-1.554458,0.21554199,3.285542,4.275542,5.115542,5.725542,6.225542,6.915542,7.385542,-0.214458,9.065542,6.305542,5.965542,4.045542,3.125542
-1.154458,-1.294458,-5.004458,-4.104458,-3.684458,-5.274458,-7.504458,-7.374458,-7.304458,-5.894458,-6.504458,-5.884458,-5.514458,-5.724458,-4.714458,-3.774458,-3.374458,-2.004458,-2.164458,-1.904458,-2.604458,-3.104458,-5.734458,-3.954458,1.045542,1.535542,1.9855419,2.355542,1.855542,2.085542,2.985542,3.275542,4.905542,6.955542,7.165542,2.205542,1.175542,2.715542,5.935542,3.435542,6.425542,2.035542,0.505542
-2.344458,-2.744458,-2.714458,-5.364458,-4.134458,-5.304458,-4.414458,-5.204458,-5.624458,-5.494458,-5.714458,-4.834458,-3.914458,-3.754458,-2.264458,-1.004458,-0.514458,-0.384458,-1.324458,-1.544458,-1.874458,-3.854458,-5.584458,-5.724458,-4.104458,-2.354458,-1.454458,0.015541992,0.12554199,0.70554197,-0.014458008,1.505542,-0.564458,-0.524458,0.06554199,0.275542,4.955542,10.635542,6.355542,-2.274458,0.055541992,5.575542,6.405542
-0.214458,-1.584458,-2.234458,-2.5744581,-5.994458,-8.184458,-8.584458,-2.334458,-3.644458,-3.814458,-4.064458,-3.584458,-2.304458,-2.204458,-0.864458,0.205542,0.965542,0.31554198,0.225542,-0.154458,-1.454458,-2.764458,-1.614458,-3.004458,-3.844458,-1.614458,-1.044458,-0.14445801,1.925542,0.47554198,0.295542,1.895542,0.235542,0.47554198,1.955542,2.815542,3.565542,3.055542,-0.354458,-1.754458,0.765542,-0.734458,2.165542
-5.274458,-1.474458,-1.894458,-2.534458,-3.3244581,-3.934458,-6.874458,-3.244458,-2.454458,-3.694458,-1.984458,-1.674458,-0.91445804,0.15554199,1.055542,1.785542,2.015542,2.585542,2.625542,2.345542,2.805542,2.735542,2.245542,0.44554198,2.305542,1.475542,0.825542,-0.17445801,-0.054458007,-0.674458,-0.744458,-0.874458,1.165542,0.875542,2.115542,2.755542,3.915542,-2.584458,-3.444458,-0.934458,1.2355419,0.145542,-0.164458
-4.804458,-2.374458,-2.494458,-2.004458,-1.994458,-4.284458,-3.964458,-2.564458,-1.984458,-1.614458,-1.614458,0.565542,1.175542,2.495542,2.895542,4.015542,4.305542,3.755542,3.535542,3.245542,3.385542,3.825542,4.545542,4.075542,4.165542,3.635542,2.475542,2.105542,0.15554199,-1.694458,-1.484458,-0.324458,0.405542,-1.434458,-1.3844581,-0.184458,-0.004458008,-1.674458,-0.754458,0.075541995,3.375542,-0.414458,0.34554198
-4.974458,-5.314458,-5.694458,-4.204458,-1.544458,-1.984458,-2.274458,-4.774458,-2.964458,-2.034458,-0.944458,-0.034458008,0.885542,3.045542,2.265542,3.345542,3.345542,2.345542,2.235542,4.005542,4.895542,4.965542,4.875542,5.375542,6.115542,5.505542,4.305542,2.645542,-2.814458,-4.774458,-3.934458,1.295542,-2.924458,-2.404458,-1.734458,-2.364458,-1.844458,-2.994458,-3.014458,-1.914458,-0.624458,0.605542,1.125542
-3.284458,-4.764458,-5.914458,-6.054458,-4.824458,-3.784458,-3.844458,-2.604458,-1.724458,-1.474458,-0.314458,-0.214458,1.225542,1.075542,1.305542,1.945542,2.585542,2.165542,2.375542,2.955542,2.945542,4.155542,4.015542,3.555542,4.125542,4.415542,4.495542,-2.804458,-4.454458,-2.694458,-3.114458,-2.514458,-3.454458,-3.844458,-3.304458,-5.234458,-5.084458,-5.604458,-4.024458,-1.284458,3.905542,1.695542,2.065542
-3.384458,-2.674458,-3.804458,-5.734458,-4.704458,-5.974458,-6.794458,-5.964458,-4.984458,-5.754458,-3.854458,-1.754458,1.395542,2.865542,2.915542,4.025542,2.945542,1.945542,1.425542,3.765542,4.065542,3.785542,3.105542,4.845542,5.385542,4.555542,0.755542,-3.674458,-3.634458,-3.224458,-2.774458,-2.434458,-2.974458,-3.434458,-2.524458,-2.934458,-2.634458,-1.684458,-0.54445803,1.535542,4.255542,1.375542,0.595542
-3.604458,-4.294458,-3.874458,-4.604458,-4.434458,-4.624458,-4.654458,-4.834458,-6.254458,-4.434458,-3.614458,-3.374458,-0.634458,-2.304458,2.585542,1.585542,2.455542,2.185542,2.615542,2.945542,3.215542,4.345542,5.425542,5.095542,4.155542,2.4255419,-2.584458,-4.064458,-0.994458,-3.724458,-0.654458,-2.234458,-1.674458,-1.214458,-2.834458,-2.104458,-1.184458,-1.894458,-2.914458,-0.484458,0.145542,-0.09445801,-1.6344581
