wind_kz.json
{"header": {"discipline":0,"disciplineName":"Meteorological products","gribEdition":2,"gribLength":1025,"center":7,"centerName":"US National Weather Service - NCEP(WMC)","subcenter":0,"refTime":"2023-08-25T18:00:00.000Z","significanceOfRT":1,"significanceOfRTName":"Start of forecast","productStatus":0,"productStatusName":"Operational products","productType":1,"productTypeName":"Forecast products","productDefinitionTemplate":0,"productDefinitionTemplateName":"Analysis/forecast at horizontal level/layer at a point in time","parameterCategory":2,"parameterCategoryName":"UnknownDiscipline_0_Category_2","parameterNumber":2,"parameterNumberName":"UnknownParameter_D0_C2_2","parameterUnit":"Unknown","genProcessType":2,"genProcessTypeName":"Forecast","forecastTime":240,"surface1Type":103,"surface1TypeName":"Specified height level above ground","surface1Value":10.0,"surface2Type":255,"surface2TypeName":"Missing","surface2Value":0.0,"gridDefinitionTemplate":0,"gridDefinitionTemplateName":"Latitude_Longitude","numberPoints":615,"shape":6,"shapeName":"Earth spherical with radius of 6,371,229.0 m","gridUnits":"degrees","resolution":48,"winds":"true","scanMode":64,"nx":41,"ny":15,"basicAngle":0,"lo1":47.0,"la1":41.0,"lo2":87.0,"la2":55.0,"dx":1.0,"dy":1.0}, "data":
[rows 0 to 14 of 15, columns 0 to 40 of 41]
-2.7095509,-0.8995508,2.0004492,-3.9395509,-5.339551,-6.209551,-7.589551,-6.3695507,-5.959551,-3.8495507,-3.6295507,-5.149551,-5.339551,-4.549551,-3.5395508,-2.9095507,-2.4595509,-1.4595507,-3.669551,-1.5695508,-1.9995508,1.0504493,0.26044923,-1.0995507,-0.16955078,-2.7895508,-1.5295508,0.23044921,-0.41955078,-0.74955076,-1.4495507,-0.5495508,-0.25955078,-1.0595508,-4.5295506,-4.2795506,-3.6895509,-3.1095507,-4.229551,-3.169551,6.5104494
2.1504493,1.0904492,-3.3495507,-6.229551,-4.019551,-5.289551,-5.629551,-5.769551,-4.609551,-4.0095506,-4.049551,-6.059551,-3.8195508,-3.5595508,-3.0595508,-3.679551,-3.2595508,-3.2395508,-2.2895508,-1.5895507,-0.9095508,-1.1295508,-0.16955078,-2.3595507,0.7404492,1.1604493,-0.68955076,0.76044923,-2.6095507,-1.7595508,-0.05955078,-0.19955078,-0.18955079,-1.9795508,0.09044922,0.17044921,-0.6495508,0.6504492,-0.13955078,-0.5495508,-3.4695508
-0.2795508,-6.2395506,-4.689551,-5.129551,-2.9895508,-4.7795506,-4.439551,-4.1795506,-4.589551,-4.919551,-4.3495507,-4.5795507,-3.7595508,-3.2595508,-1.9895508,-3.9095507,-2.5495508,-2.0895507,-2.0195508,-1.3095508,-1.7095507,-2.4095507,-4.4095507,-4.519551,0.22044922,-1.2595508,1.5004492,2.4804492,-2.3795507,-0.029550781,-1.2695508,1.5104492,-0.3395508,-0.6495508,-0.48955077,-1.5795507,-0.29955077,0.22044922,-0.3995508,0.9704492,1.6604493
-5.149551,-5.479551,-5.939551,-5.129551,-1.4495507,-3.7095509,-2.2895508,-2.929551,-2.7095509,-2.9495509,-3.0395508,-2.9795508,-3.3695507,-2.2595508,-1.1995507,-0.4995508,1.0604492,-3.0195508,-2.5295508,-1.2895508,-1.4395508,-3.929551,0.26044923,-1.0395508,-0.41955078,-2.6895509,-2.7995508,-5.0795507,-0.42955077,-1.4895508,-1.0095508,-1.7595508,0.2804492,-1.0095508,-3.0995507,-2.1995509,-1.6195508,1.4004493,1.5304493,-0.5895508,-1.4795508
-4.7395506,-5.249551,-4.939551,-4.749551,-2.9095507,-4.2395506,-3.4895508,-1.7495508,-1.4995508,1.7404492,0.9804492,2.0104492,3.2204492,2.6404493,2.8004491,3.080449,3.6004493,3.3104491,1.9504492,0.56044924,-1.2295508,-2.5095508,-2.1595507,-1.0895507,-0.86955076,-1.1795508,-3.5895507,-3.1195507,-1.2195507,-3.8095508,-4.479551,-1.7895508,-1.8495507,0.3804492,1.2204492,0.75044924,-4.049551,-3.0095508,-2.9595509,-1.8095508,-0.25955078
-3.0595508,-2.2495508,-2.0695508,-0.7095508,-1.9095508,-2.0895507,-0.45955077,1.7904493,3.070449,3.3004491,2.7504492,2.8704493,4.440449,6.140449,5.6504493,4.620449,4.810449,4.4004493,4.1504493,3.3604493,2.5004492,2.1704493,1.5104492,1.5404493,-1.0195508,-1.4995508,0.21044922,-0.99955076,-2.6295507,-2.7195508,-2.3095508,-2.5195508,-2.5795507,-2.4895508,-1.4495507,0.9504492,-0.31955078,-0.20955078,0.3804492,-2.1895509,-3.3295507
-0.13955078,0.4404492,1.4604492,2.8504493,2.7804492,3.3704493,4.060449,4.3004494,3.4004493,-1.1595508,-3.0695508,-3.2395508,-2.1395507,-1.1395508,2.7804492,4.520449,6.600449,7.140449,5.520449,5.060449,4.2204494,2.1904492,2.9404492,2.9504492,2.1204493,1.1304492,0.9604492,2.3804493,1.7604492,0.7304492,1.0704492,-1.0495508,-0.98955077,-1.0595508,-0.6695508,-1.3095508,-1.3295507,1.7304492,-2.9095507,2.320449,1.8904492
-1.2695508,0.010449219,1.3504492,1.9004493,0.02044922,0.5504492,-4.039551,-3.5995507,-3.2695508,-3.3095508,-2.5995507,-1.5595508,-0.9695508,-0.3395508,0.48044923,0.6404492,0.43044922,2.5504491,4.060449,3.9204493,3.3804493,1.6204492,2.2204492,3.0604491,4.6104493,1.6404492,2.5004492,2.2904491,3.0604491,1.8404492,1.5704492,1.5404493,4.4921876E-4,-0.32955077,-1.4995508,-1.4695507,-0.8995508,0.3404492,0.10044922,1.1304492,-1.9895508
-2.8095508,-2.8395507,-2.1295507,-3.8395507,-3.4995508,-4.479551,-3.6295507,-3.0795507,-2.4695508,-0.99955076,-0.29955077,-0.86955076,1.7104492,2.1704493,-0.07955078,-0.6695508,0.48044923,1.0704492,-0.31955078,-1.4695507,1.0204492,2.5404491,2.2804492,3.1704493,3.8904493,3.570449,3.070449,1.8504492,1.6904492,0.8404492,1.4904492,2.4304492,2.1204493,0.7804492,-0.7195508,-0.74955076,0.09044922,-1.9895508,-1.1495508,0.5904492,-0.62955076
-1.3895508,-1.4995508,-0.81955075,-2.0695508,-2.9495509,-1.7595508,0.05044922,2.2004492,0.57044923,-2.7595508,-1.6395508,0.4104492,2.1504493,1.9304492,1.5704492,0.87044924,1.1204492,0.5904492,1.4804492,0.07044922,1.2004492,2.6504493,0.02044922,0.82044923,3.0204492,4.350449,3.3104491,3.1804492,-0.06955078,6.140449,0.6704492,-1.2295508,-1.6495508,-2.4095507,-2.1195507,-0.98955077,-2.429551,4.4921876E-4,-0.80955076,0.2804492,-0.14955078
-0.049550783,1.1404492,3.2304492,3.1804492,3.4904492,-1.2895508,-2.8595507,-3.169551,-0.24955077,0.57044923,1.3904492,2.3404493,2.4904492,3.7004492,3.2804492,-0.019550782,-0.25955078,0.7304492,0.76044923,0.8304492,-0.15955079,0.27044922,0.4104492,0.5204492,2.9504492,4.1104493,3.7004492,4.580449,4.1504493,0.32044923,-3.4395509,-3.0195508,-3.179551,-2.0795507,-1.0495508,-2.169551,-1.4895508,0.29044923,-0.80955076,1.4704492,-1.0895507
0.6404492,1.5504493,2.6304493,0.48044923,-3.8695507,-3.5295508,-1.7995508,-0.48955077,1.3204492,0.06044922,-0.98955077,2.1104493,2.3104491,2.7204492,3.8904493,-1.8495507,-0.4995508,0.7904492,0.080449216,1.3704492,1.1004492,0.7704492,0.11044922,0.7004492,0.4704492,0.6404492,2.0604491,0.8904492,-0.3995508,-2.2095509,-2.7395508,1.0704492,-1.7295508,-3.0895507,-1.9995508,-1.4795508,0.3804492,-0.029550781,-0.8595508,-0.62955076,-0.14955078
0.8004492,1.8804492,-1.9795508,-3.5895507,-2.2995508,-1.4495507,-2.919551,-1.4695507,-0.5895508,0.8604492,0.62044924,1.6404492,2.2104492,-0.19955078,-0.7995508,0.36044922,1.3404492,2.1904492,1.7104492,1.4804492,0.8004492,0.9004492,0.07044922,0.7204492,1.3804492,1.2404492,0.4704492,-2.1195507,-1.9895508,-4.069551,-3.5995507,-1.4895508,-1.3695508,-1.7395508,-1.2595508,-1.5995507,-1.8195508,-0.7095508,-1.4595507,-1.1195508,-1.1995507
1.3104492,-0.7095508,-2.179551,-2.3595507,-1.6995507,-1.2695508,-1.1495508,-0.9595508,-0.07955078,0.76044923,0.8304492,1.4104493,1.8304492,1.8104492,1.9304492,1.6804492,1.2204492,1.0504493,1.8604492,2.5504491,2.3004491,2.3604493,2.2504492,2.7804492,1.3804492,0.6704492,0.33044922,-0.03955078,-0.029550781,-0.56955075,-2.0295508,-1.6395508,-0.3695508,-1.0895507,-1.1195508,-0.80955076,-0.13955078,-0.03955078,-1.5295508,-0.6095508,-0.61955076
-0.22955078,-0.61955076,-0.3095508,-3.5195508,-4.229551,-2.9895508,-1.1395508,-0.86955076,0.9904492,1.1704493,0.94044924,0.76044923,1.4004493,-0.029550781,1.3104492,1.7704492,2.0604491,2.0604491,1.6304492,0.5304492,0.63044924,1.5104492,-0.41955078,0.94044924,1.5504493,1.4804492,2.1104493,1.3104492,0.9504492,1.2204492,2.9804492,0.6104492,1.4604492,2.7904491,1.1004492,0.62044924,-0.29955077,0.5304492,0.87044924,1.5104492,-0.15955079
