wind.json
{"header": {"discipline":0,"disciplineName":"Meteorological products","gribEdition":2,"gribLength":953,"center":7,"centerName":"US National Weather Service - NCEP(WMC)","subcenter":0,"refTime":"2023-06-27T06:00:00.000Z","significanceOfRT":1,"significanceOfRTName":"Start of forecast","productStatus":0,"productStatusName":"Operational products","productType":1,"productTypeName":"Forecast products","productDefinitionTemplate":0,"productDefinitionTemplateName":"Analysis/forecast at horizontal level/layer at a point in time","parameterCategory":0,"parameterCategoryName":"UnknownDiscipline_0_Category_0","parameterNumber":0,"parameterNumberName":"UnknownParameter_D0_C0_0","parameterUnit":"Unknown","genProcessType":2,"genProcessTypeName":"Forecast","forecastTime":180,"surface1Type":1,"surface1TypeName":"Ground or water surface","surface1Value":0.0,"surface2Type":255,"surface2TypeName":"Missing","surface2Value":0.0,"gridDefinitionTemplate":0,"gridDefinitionTemplateName":"Latitude_Longitude","numberPoints":688,"shape":6,"shapeName":"Earth spherical with radius of 6,371,229.0 m","gridUnits":"degrees","resolution":48,"winds":"true","scanMode":64,"nx":43,"ny":16,"basicAngle":0,"lo1":45.0,"la1":40.0,"lo2":87.0,"la2":55.0,"dx":1.0,"dy":1.0}, "data":
[rows 0 to 15 of 16, columns 0 to 42 of 43]
284.4,281.6,297.7,299.5,298.7,297.7,296.8,295.2,302.2,302.1,304.9,302.7,304.7,305.3,300.6,303.3,303.6,303.8,301.9,300.1,298.9,297.1,297.4,296.1,292.7,291.0,290.8,285.1,280.0,280.2,283.2,296.4,297.5,297.8,302.5,302.0,303.2,301.5,300.6,301.6,298.2,300.5,303.7
289.7,300.6,301.1,288.5,293.4,296.7,296.5,294.9,299.9,306.0,303.5,303.2,302.7,305.1,304.1,304.0,303.8,301.4,302.3,301.7,300.5,299.9,300.1,295.1,296.2,288.1,296.4,296.7,291.2,277.1,277.3,278.0,277.4,281.8,292.0,298.6,301.2,300.5,298.9,298.9,299.2,299.6,303.7
289.7,286.6,278.1,292.7,296.4,296.5,296.6,294.3,304.4,303.7,302.7,302.5,303.5,302.4,301.7,300.5,300.2,299.4,301.7,301.0,300.1,299.7,299.1,299.0,294.4,285.5,276.1,276.0,284.2,280.3,278.2,275.0,281.6,272.3,283.8,261.0,279.0,295.1,294.9,297.0,301.5,290.9,284.1
289.3,291.6,296.6,296.6,296.3,296.6,295.7,302.3,302.8,303.5,301.9,301.6,301.0,301.7,296.8,298.3,300.1,298.5,298.4,297.8,297.6,299.0,299.9,297.0,296.0,289.1,293.1,292.8,294.6,296.6,292.1,281.5,273.9,275.3,280.9,281.3,281.5,283.8,279.4,281.5,281.8,279.4,275.7
301.5,300.9,295.7,297.4,297.5,296.6,298.0,303.1,303.7,303.3,303.0,302.0,301.3,299.8,295.0,294.2,299.1,297.9,300.6,297.8,299.8,298.4,297.5,291.5,298.5,299.2,295.1,296.9,297.6,292.6,292.6,296.4,294.7,289.5,296.3,291.1,289.6,285.0,281.4,279.0,283.9,295.3,298.8
298.7,300.7,299.6,297.9,297.6,298.0,299.3,302.0,304.3,305.1,303.5,302.8,302.0,301.1,295.5,294.7,291.8,301.8,302.3,300.1,298.0,304.4,301.6,300.6,298.4,297.8,297.0,296.7,293.6,292.8,294.6,295.0,298.5,291.0,280.2,275.2,283.2,294.3,295.1,300.6,301.8,302.5,302.1
299.4,302.1,299.1,296.3,298.4,297.1,297.3,296.9,301.7,305.1,304.5,305.0,302.3,302.7,296.1,294.2,297.5,299.7,301.1,301.0,301.4,302.1,301.0,300.3,299.0,297.1,296.5,294.1,296.3,290.6,294.2,296.4,295.3,298.5,294.9,291.3,289.8,290.8,286.4,289.5,297.8,301.1,300.0
302.4,302.8,301.5,300.6,304.2,304.1,300.5,300.5,303.6,302.9,303.1,304.3,302.9,302.1,301.8,304.9,303.9,302.1,301.2,301.5,300.5,298.6,298.9,299.6,299.1,297.8,294.8,295.4,294.5,295.8,295.9,294.5,296.1,294.0,293.3,294.4,292.1,290.8,286.6,283.1,280.6,281.4,296.6
298.9,298.1,301.5,301.5,305.5,307.0,307.2,304.4,305.4,303.0,300.6,301.2,299.2,301.1,300.2,302.5,303.5,300.7,300.4,299.9,298.6,295.7,297.2,296.3,296.3,296.3,294.6,291.8,291.0,292.4,290.6,291.6,290.2,292.9,288.0,286.7,286.5,293.0,292.8,288.1,291.0,293.3,288.0
291.8,298.1,300.4,303.0,302.8,299.1,302.2,302.5,300.9,299.6,300.4,297.5,296.4,297.9,297.0,302.0,299.5,299.5,298.0,298.1,297.3,296.6,293.6,292.8,293.9,293.5,291.1,291.3,287.9,286.4,285.0,284.2,291.1,289.0,288.0,288.9,286.0,285.3,287.3,287.4,275.3,276.8,277.3
294.3,295.6,295.2,299.5,298.3,297.8,300.8,298.4,297.0,299.7,298.7,294.8,294.5,293.9,295.3,297.6,297.1,297.4,296.8,295.6,294.7,295.1,292.9,292.8,293.2,292.4,291.3,289.9,289.0,289.2,292.1,290.8,289.6,292.6,294.8,292.1,290.5,288.6,287.0,284.2,277.8,280.5,277.9
290.4,290.9,292.8,291.8,294.8,295.4,294.6,296.4,295.5,295.2,295.2,292.5,291.6,291.2,294.5,293.9,297.2,294.7,293.7,294.2,295.0,292.5,292.6,291.3,291.3,290.8,290.5,290.5,291.9,292.8,292.3,291.6,291.9,293.2,293.0,293.3,289.4,288.2,284.6,279.9,279.4,280.9,280.2
289.9,290.7,292.1,293.1,291.2,292.2,292.5,293.3,291.4,294.1,291.7,290.7,288.2,289.2,290.7,292.0,292.7,293.5,292.7,292.5,292.3,291.5,290.5,289.2,289.5,289.2,288.7,290.8,292.0,291.3,293.6,292.5,290.6,291.1,292.7,288.5,288.5,286.8,285.3,283.8,285.4,285.9,285.3
288.6,289.3,289.9,290.8,291.4,291.4,291.4,291.3,292.7,291.2,288.3,289.0,288.5,287.0,290.6,290.2,290.5,292.0,291.6,291.2,292.3,290.1,289.5,288.2,287.4,287.5,289.7,289.8,291.2,290.2,290.8,291.4,291.3,290.9,290.1,290.1,287.8,287.1,288.3,287.6,286.0,287.4,287.0
288.3,287.4,289.0,290.4,290.8,291.7,290.8,290.3,290.1,290.2,290.4,290.3,288.7,287.1,288.7,290.1,290.9,291.2,291.4,290.1,290.9,290.6,289.4,289.2,289.8,289.8,290.1,289.4,289.3,288.5,288.7,289.3,289.6,290.1,289.2,287.8,288.7,287.0,287.7,288.3,289.9,288.7,287.5
287.3,288.1,288.3,288.8,290.9,290.2,290.4,289.6,290.6,289.5,290.6,290.8,290.4,290.2,289.2,287.8,289.0,290.0,290.6,289.7,290.4,289.0,288.5,288.5,288.5,288.9,288.5,286.6,287.0,287.6,287.9,288.1,288.7,286.8,289.2,289.8,291.5,291.1,289.6,287.2,288.1,288.0,291.5
