wind.json
{"header": {"discipline":0,"disciplineName":"Meteorological products","gribEdition":2,"gribLength":1125,"center":7,"centerName":"US National Weather Service - NCEP(WMC)","subcenter":0,"refTime":"2023-06-29T06:00:00.000Z","significanceOfRT":1,"significanceOfRTName":"Start of forecast","productStatus":0,"productStatusName":"Operational products","productType":1,"productTypeName":"Forecast products","productDefinitionTemplate":0,"productDefinitionTemplateName":"Analysis/forecast at horizontal level/layer at a point in time","parameterCategory":2,"parameterCategoryName":"UnknownDiscipline_0_Category_2","parameterNumber":3,"parameterNumberName":"UnknownParameter_D0_C2_3","parameterUnit":"Unknown","genProcessType":2,"genProcessTypeName":"Forecast","forecastTime":180,"surface1Type":103,"surface1TypeName":"Specified height level above ground","surface1Value":10.0,"surface2Type":255,"surface2TypeName":"Missing","surface2Value":0.0,"gridDefinitionTemplate":0,"gridDefinitionTemplateName":"Latitude_Longitude","numberPoints":688,"shape":6,"shapeName":"Earth spherical with radius of 6,371,229.0 m","gridUnits":"degrees","resolution":48,"winds":"true","scanMode":64,"nx":43,"ny":16,"basicAngle":0,"lo1":45.0,"la1":40.0,"lo2":87.0,"la2":55.0,"dx":1.0,"dy":1.0}, "data":
[rows 0 to 15 of 16, columns 0 to 42 of 43]
-3.9962354,3.0037646,4.7237644,5.4637647,-7.426235,-10.646235,-7.5662355,-7.4962354,-9.226235,-11.076236,-0.32623535,1.3137647,-1.9162353,-3.5762353,-2.6562355,-4.386235,-6.656235,-6.0562353,-3.3262353,-4.716235,-6.906235,-5.6162353,-6.3662353,0.79376465,4.6537647,4.1937647,4.5237646,3.9237647,2.7137647,0.49376464,1.1337646,-0.88623536,-1.6862353,-1.5062354,0.32376465,1.6837647,-1.5862354,-4.2262354,-3.4162354,-7.926235,-3.7862353,-5.9962354,-3.3562353
1.2137647,-3.4862354,5.0837646,-3.2362354,-0.7462354,-7.0362353,-8.486236,-8.066236,-3.4662354,-7.3962355,-6.2762356,-2.8662353,-4.196235,-2.6662354,-2.0762353,-3.9762354,-5.426235,-6.006235,-8.286236,-3.1962354,-4.006235,-3.7362354,-5.4562354,-3.3862352,3.1837647,-0.69623536,-0.6062353,4.0837646,-1.2562354,2.8037646,0.38376465,-1.0662353,-0.16623536,1.4137646,-0.016235352,-0.29623535,-1.6862353,-3.0162354,-6.0962353,-6.0362353,-9.116236,-6.7762356,-4.8962355
-0.8562353,-5.0562353,1.4437647,0.53376466,-4.506235,-5.8562355,-8.016235,-7.486235,-5.7662354,-7.1062355,-6.0962353,-4.7062354,-4.656235,-3.0462353,-3.5262353,-3.5662353,-4.2262354,-4.7962356,-7.696235,-1.3762354,-3.8762352,-3.3162353,-4.8362355,-4.3362355,-1.0962354,0.18376465,-2.7362354,-2.5662353,-4.256235,0.103764646,-1.2162354,0.25376466,0.30376464,2.1037645,-1.6662353,-2.2362354,-3.3662353,-0.81623536,-2.8562353,-1.3262353,-5.4162354,-3.5462353,-4.4362354
2.5537646,2.7837646,2.2137647,-0.45623535,-3.7362354,-6.0362353,-7.6062355,-8.466235,-9.526236,-5.716235,-6.656235,-5.5762353,-1.3962353,-1.0162354,-2.4262354,-3.4062355,-4.3162355,-4.6862354,-5.5862355,-4.256235,0.42376465,-0.68623537,-3.7062354,-5.5362353,-1.3662354,0.68376464,1.0937647,0.97376466,2.9037647,3.1137648,1.8637646,4.1437645,1.9537647,0.18376465,1.2137647,-0.42623535,-1.0062354,3.6737647,-1.4362353,-1.4862354,-1.6862353,-0.49623534,0.7537646
3.9837646,3.8437645,2.6937647,0.91376466,-4.4762354,-5.3762355,-5.9762354,-7.1162353,-8.046235,-6.5862355,-6.2462354,-5.9362354,2.0437646,1.0837647,-0.37623537,-2.3262353,-3.4562354,-3.8562353,-4.6462355,-4.386235,1.0437646,0.99376464,-1.8762354,-1.4162353,0.73376465,-1.5362353,-1.9762354,0.5837647,2.5237646,4.2537646,6.3137646,7.4337645,7.7337646,0.80376464,2.1437647,2.1937647,-0.59623533,-0.40623534,0.42376465,1.5637647,1.3837646,-1.3262353,0.59376466
3.2637646,3.4837646,2.7937646,3.1837647,-1.6162354,-4.0362353,-4.7862353,-4.8162355,-6.1262355,-6.986235,-4.8962355,-5.386235,-2.4362354,3.3537645,1.6537646,-0.5462353,-2.8262353,-4.716235,-7.9962354,-4.6662354,-3.2862353,-2.9662354,-1.0962354,-2.9862354,-1.9362353,-1.7662354,-1.5862354,-2.3562353,-2.1462355,-0.17623535,5.7337646,8.043765,8.153765,2.9537647,2.5037646,1.1737647,-1.2662354,-0.9162353,1.7737646,0.77376467,-2.0462353,-4.5562353,-0.44623536
-5.0262356,-3.4362354,2.2837646,2.1937647,2.4237647,-0.93623537,-3.3662353,-4.756235,-4.2862353,-6.196235,-5.8362355,-8.416235,-9.176235,-4.2062354,-4.946235,0.9437646,-2.4362354,-4.5562353,-8.136235,-4.2762356,-4.7962356,-5.006235,-2.3562353,0.52376467,-1.6962353,-2.0262353,-1.9362353,-3.2762353,-5.176235,5.8937645,2.7537646,0.28376466,9.3937645,4.6237645,4.0437646,3.8437645,3.3737648,0.15376465,1.4937646,-1.0262353,-4.676235,-1.5462353,-3.7962353
-4.3162355,-3.8662353,-3.9562354,-4.5262356,-4.5662355,-4.3662353,-3.5362353,-4.2262354,-5.426235,-5.2862353,-7.0762353,-8.496235,-9.556235,-9.556235,-2.7962353,-2.8362353,-2.5262353,-3.5962353,-5.256235,-4.8562355,-4.0362353,-4.446235,-4.5462356,0.14376464,-3.9862354,-3.6662354,-3.6962354,-3.0662353,-3.1462355,-2.4762354,3.4237647,2.4837646,1.2737646,3.1637647,2.4437647,-3.1662354,-1.5262353,-1.7762353,-1.2062354,1.2437646,-1.1462353,-2.5962353,-2.0462353
-4.0962353,-5.0362353,-5.406235,-3.6562355,-5.5862355,-5.3362355,-6.5762353,-6.136235,-6.8062353,-3.2862353,-4.176235,-5.466235,-7.4562354,-8.016235,-3.9862354,-4.5462356,-2.8162353,-4.6862354,-6.8062353,-6.6062355,-2.9162354,-4.2262354,-3.1362352,0.08376465,-1.3162353,-0.5462353,-2.4162354,-3.0662353,-3.0762353,-5.1262355,0.05376465,-3.3162353,-4.3562355,0.08376465,1.0637647,-0.89623535,1.6037647,2.1537647,0.54376465,0.79376465,-1.1462353,0.41376466,-1.1762353
-4.6662354,-6.926235,-7.4562354,-4.6062355,-5.8262353,-5.506235,-7.0862355,-6.906235,-7.3262353,-6.3262353,-3.1262352,-2.8062353,-3.9762354,-5.3162355,-4.216235,-2.6862354,-4.756235,-5.2662354,-6.156235,-4.636235,-3.5462353,-5.716235,-2.0662353,-4.466235,-0.65623534,1.4737647,-0.49623534,-3.0162354,-3.9462354,-1.4762354,0.08376465,0.98376465,3.4837646,2.1137648,1.8137647,2.4637647,4.1737647,2.0237646,-2.8362353,1.5137646,-0.95623535,-1.6862353,-2.4162354
-3.9762354,-5.406235,-6.8562355,-5.8762355,-5.256235,-4.5562353,-4.216235,-4.4562354,-5.6062355,-6.906235,-7.966235,-4.0562353,-5.3262353,-6.5962353,-3.4562354,-3.4562354,-3.6762354,-5.0762353,-7.8962355,-4.0162354,-3.5662353,-2.9562354,-3.8262353,-3.9862354,-2.6862354,0.96376467,0.53376466,-1.9362353,-0.47623536,2.0537646,1.1137646,-0.44623536,0.43376464,0.5737646,-1.1362354,-3.0062354,-1.3662354,0.29376465,1.0837647,-2.9962354,0.09376465,3.6137648,2.9237647
-2.3862352,-3.8562353,-3.7062354,-4.5862355,-4.2062354,-5.8762355,-3.7862353,-4.406235,-6.2462354,-3.9562354,-3.6062353,-5.3162355,-3.7462354,-1.6662353,-5.0662355,-3.7962353,-3.0462353,-3.5062354,-5.506235,-8.136235,-6.406235,-4.6162353,-5.0362353,-4.5962353,-2.1562355,-1.6462353,-2.5562353,-3.2662354,-2.6662354,-3.2462354,-0.97623533,-1.1662353,-3.0562353,-3.4762354,-3.5762353,-1.5562353,-1.1562353,-2.0462353,-0.6062353,2.1137648,0.73376465,0.36376464,-0.25623536
-1.7262354,-2.0862353,-2.5862353,-3.6162353,-4.8362355,-7.3962355,-3.5462353,-3.7062354,-2.7162354,-4.4362354,-3.1162353,-3.5262353,-2.2462354,-3.0862353,-3.1762354,-4.1062355,-3.3862352,-2.6962354,-1.6262354,0.23376465,-3.6162353,-4.6862354,-3.9762354,-4.3562355,-2.9762354,-2.7362354,-1.5662353,-3.0262353,-2.6362352,-4.0562353,-3.8062353,-2.4562354,-1.6262354,-2.6062353,-1.9962354,-2.4262354,-2.2162354,-2.3162353,-1.2462354,1.8037647,2.2937646,2.3137646,1.5937647
-1.6762353,-1.2162354,-1.7162354,-1.8062353,-2.9862354,-2.9762354,-2.8462353,-3.5962353,-2.8662353,-1.9462353,-3.6862354,-4.486235,-1.5762353,-2.2762353,-3.2062354,-2.7862353,-3.1762354,-3.6962354,1.3437647,-3.4062355,-3.1062353,-3.7362354,-2.3162353,-3.2862353,-2.1362352,-1.4262353,-0.95623535,-0.25623536,-2.0762353,-3.3762352,-3.7662354,-3.0462353,-3.5062354,-1.7462354,-0.16623536,-1.1462353,-1.7862353,-2.5862353,-3.4962354,-0.046235353,-1.6062354,-2.0962353,-0.40623534
-1.8462354,-1.2362354,-1.6462353,-2.0862353,-3.3762352,-2.3462353,-2.0562353,-2.0262353,-2.1462355,-1.9362353,-0.94623536,-1.9062353,-0.13623536,-1.1162354,-2.3662353,-1.6862353,-2.5462353,-1.3862354,-2.8862352,0.47376466,-0.29623535,-0.22623535,-3.5262353,-1.3362354,0.27376464,-0.83623534,-3.2662354,-1.3562354,-2.6962354,-3.3462353,-3.2962353,-3.7162354,-3.0862353,-3.5462353,-1.5262353,-2.0662353,-2.1562355,-3.0762353,-2.3262353,-2.6562355,-2.6662354,-1.2762353,-0.76623535
-1.3162353,-1.6262354,-1.0662353,-1.8162353,-3.2162354,-2.0362353,-2.8262353,-1.4662354,-1.7962353,-1.1062354,-2.0262353,-0.6762354,-0.68623537,0.03376465,0.9537647,-1.1862353,-2.3362353,-2.8362353,-3.1462355,-2.6262352,2.1837647,0.05376465,-1.9962354,-4.2762356,-1.5262353,-2.2762353,-1.8362354,-3.0762353,-2.6562355,-4.0962353,-3.0362353,-1.5462353,-1.5862354,-1.2362354,-0.7962353,-2.2462354,-1.7062354,-2.8862352,-2.9662354,-2.1062353,-2.2962353,-3.4062355,-1.1362354
