wind_kz.json
{"header": {"discipline":0,"disciplineName":"Meteorological products","gribEdition":2,"gribLength":1025,"center":7,"centerName":"US National Weather Service - NCEP(WMC)","subcenter":0,"refTime":"2023-09-30T00:00:00.000Z","significanceOfRT":1,"significanceOfRTName":"Start of forecast","productStatus":0,"productStatusName":"Operational products","productType":1,"productTypeName":"Forecast products","productDefinitionTemplate":0,"productDefinitionTemplateName":"Analysis/forecast at horizontal level/layer at a point in time","parameterCategory":2,"parameterCategoryName":"UnknownDiscipline_0_Category_2","parameterNumber":2,"parameterNumberName":"UnknownParameter_D0_C2_2","parameterUnit":"Unknown","genProcessType":2,"genProcessTypeName":"Forecast","forecastTime":300,"surface1Type":103,"surface1TypeName":"Specified height level above ground","surface1Value":10.0,"surface2Type":255,"surface2TypeName":"Missing","surface2Value":0.0,"gridDefinitionTemplate":0,"gridDefinitionTemplateName":"Latitude_Longitude","numberPoints":615,"shape":6,"shapeName":"Earth spherical with radius of 6,371,229.0 m","gridUnits":"degrees","resolution":48,"winds":"true","scanMode":64,"nx":41,"ny":15,"basicAngle":0,"lo1":47.0,"la1":41.0,"lo2":87.0,"la2":55.0,"dx":1.0,"dy":1.0}, "data":
[rows 0 to 14 of 15, columns 0 to 40 of 41]
1.3416578,1.6316577,-1.4683423,-3.8983424,-1.2383423,1.0716577,-1.3083423,-2.8083422,-3.7383423,-2.6783423,-2.3283422,-1.3983423,-0.6783423,0.4216577,0.6516577,1.2516577,2.6416578,2.2816577,2.6916578,2.3416576,2.8416576,-0.4783423,2.4516578,2.1716578,1.1016577,2.5216577,2.4016578,2.9616578,0.28165773,1.2216578,-0.2583423,1.1016577,-2.1783423,-1.7583423,-0.9083423,-1.7683423,0.8316577,-0.9883423,-0.6883423,-1.5283422,1.6516577
1.1416577,-3.6683424,-3.0583422,-3.6083422,-2.2783422,-0.008342285,-3.1983423,-3.2683423,-2.5283422,-2.0183423,-0.6483423,-1.7783422,-1.5483422,-0.7483423,-0.8783423,0.34165773,0.8216577,1.9216577,2.8316576,3.5516577,2.9116578,0.6416577,2.4816577,2.1816578,1.3016577,0.3316577,0.15165772,2.5816576,1.1316577,0.8116577,-0.22834228,0.24165772,0.41165772,-2.0283422,-0.038342286,0.24165772,0.3916577,-0.39834228,0.3916577,-1.5883423,-1.0483422
-3.9283423,-4.0983424,-3.8283422,-2.8483422,-1.2183423,0.051657714,-1.6983423,-1.6183423,-1.6883423,-1.5583423,-1.8383423,-1.3583423,-2.6783423,0.13165772,-0.6483423,0.14165771,0.7916577,2.7916577,3.2316577,3.5416577,3.2516577,2.1216576,2.5616577,3.3116577,-0.5483423,0.7816577,1.6516577,1.6816577,2.6216576,0.8716577,0.23165771,-0.81834227,0.80165774,-0.7383423,-0.9383423,-0.6683423,0.3316577,-0.46834227,2.9416578,2.3416576,0.37165773
-4.9983425,-3.2883422,-1.8283423,-0.038342286,2.2116578,2.7016578,-0.16834229,0.7916577,-0.6783423,-1.0783423,-1.0983423,-3.0483422,-1.2883422,-1.0683423,1.2216578,-0.06834228,-0.2583423,0.6216577,-0.9683423,-0.07834229,1.6816577,1.2816577,-1.4083422,-0.9583423,-0.76834226,-0.9283423,-1.0083423,-4.818342,-2.7083423,-0.098342285,0.9016577,2.0316577,0.37165773,1.8916577,2.2316577,0.9616577,-0.63834226,1.7816577,-0.9183423,-2.2583423,-2.3583422
-0.5883423,0.61165774,1.9216577,2.3916578,3.6316576,3.7116578,2.8116577,1.9816577,0.7016577,0.8516577,0.8516577,-1.4783423,0.051657714,0.051657714,2.6716578,-0.098342285,-0.24834229,-0.42834228,-0.9283423,-2.2683423,-3.4583423,-2.5783422,-2.4283423,-2.0583422,-2.7183423,-4.2483425,-4.798342,-2.3483422,-3.1883423,-2.2183423,-2.1183424,-1.3483423,0.35165772,1.7316577,-0.6583423,-1.8083423,-3.8683424,-3.3783424,-2.3083422,-2.4783423,-2.2783422
4.391658,4.431658,3.5516577,3.6216576,4.041658,3.7916577,5.081658,3.3216577,2.8016577,2.7316577,2.6916578,2.5816576,1.1616577,1.9116577,1.3316578,0.29165772,1.4916577,-0.63834226,-1.7183423,-1.0483422,-2.8683424,-3.1983423,-2.4583423,-2.3683424,-3.4083424,-5.048342,-4.5083423,-3.1483424,-3.4483423,-4.4483423,-4.0183425,-3.2683423,-4.2783422,-4.398342,-3.0983422,-3.1083422,-1.4583423,-2.6283424,-2.6883423,-2.4983423,-1.8183423
6.411658,6.6316576,6.6116576,6.7316575,4.3416576,5.0516577,5.4416575,6.4416575,5.4016576,4.791658,3.8916578,4.041658,3.6016576,3.7216578,2.9616578,2.0116577,1.1716577,0.68165773,-0.20834228,-1.3083423,-1.7383423,-2.0983422,-2.0983422,-2.7583423,-2.1083422,-2.3683424,-2.8483422,-2.1683424,-2.3283422,-2.4583423,-4.318342,-3.4783423,-2.2683423,-1.7883422,-1.5683423,-0.50834227,0.021657715,-0.46834227,0.98165774,0.17165771,0.4216577
7.5316577,7.7116575,7.391658,7.041658,6.8816576,6.791658,6.4016576,5.3816576,5.6916575,5.5016575,5.5016575,4.911658,4.4816575,4.3016577,3.7916577,3.1816578,1.4816577,2.0016577,1.5616577,1.4216577,-0.13834229,-1.1383423,-1.2983422,-0.7283423,-0.5283423,-0.37834227,-0.8783423,-0.22834228,-2.0583422,-1.1483423,-2.3583422,-1.9983423,-3.3383422,-2.2883422,-3.9583423,-3.1783423,-1.5283422,3.6516578,3.2116578,1.2616577,1.0116577
8.051658,8.5016575,7.6916575,7.4016576,6.771658,6.8016577,6.6316576,5.811658,6.1316576,6.4816575,6.0716577,5.6316576,6.0916576,4.181658,4.2616577,3.9216578,3.2916577,2.7116578,1.8116577,1.7616577,1.7516577,1.7116578,0.7216577,0.7016577,1.5616577,1.5916578,1.0416577,1.7716577,1.3316578,0.5716577,0.061657716,-1.4083422,-2.0783422,-1.6283423,-1.8283423,0.17165771,-0.6783423,-2.4283423,-1.6483423,0.80165774,-1.5583423
8.201657,8.491657,8.141658,7.411658,7.2216578,7.201658,7.621658,8.051658,7.2816577,7.0116577,6.9016576,6.541658,6.2316575,5.2216578,4.121658,4.1516576,3.8316576,3.2016578,2.4016578,1.8916577,2.6316576,2.5516577,1.7416577,1.8816577,1.7516577,1.4316577,1.2416577,1.7116578,1.4916577,1.5816578,0.74165773,-0.8683423,-1.4883423,0.061657716,-0.37834227,-1.5583423,-0.018342284,-0.018342284,-0.46834227,0.32165772,-0.24834229
9.141658,10.061658,9.851658,9.391658,7.7416577,7.6116576,7.9916577,8.211658,8.481658,7.701658,7.371658,6.831658,5.6116576,5.9616575,5.371658,4.351658,4.2416577,4.041658,2.6316576,3.3016577,2.9816577,2.5016577,2.3916578,1.9616578,1.7316577,2.2516577,2.3016577,2.3816576,2.2116578,1.6016577,-0.5283423,-0.45834228,-0.018342284,0.8116577,1.0216577,-0.63834226,-0.40834227,0.7016577,-0.88834226,0.8116577,-0.33834228
9.041657,9.831657,10.731658,10.441658,10.831657,8.411657,8.891658,7.9416575,7.8616576,7.351658,6.4616575,6.8816576,5.041658,5.431658,5.9016576,5.411658,5.021658,4.2816577,3.4516578,3.6516578,3.5216577,3.2016578,2.5216577,2.2916577,3.0716577,2.7116578,2.8616576,2.5816576,1.7516577,1.0916578,0.13165772,0.7016577,0.7916577,0.0016577148,0.7816577,1.1216577,1.6516577,0.9516577,0.17165771,-0.6683423,-0.56834227
7.451658,9.341658,10.381658,11.361658,9.011658,7.2316575,8.621657,8.731658,9.101658,5.9716578,3.5916576,6.1316576,4.5316577,5.951658,5.081658,5.041658,4.2116575,4.581658,3.7516577,3.5716577,3.4516578,3.1416578,3.2216578,3.5016577,3.7416577,3.9716578,2.5416577,1.8816577,0.121657714,0.5716577,0.3016577,0.38165772,0.5916577,-0.24834229,1.2816577,0.7616577,1.0216577,0.47165772,0.6516577,-0.19834228,-0.8683423
9.771658,10.161657,11.711658,10.941658,8.191658,7.811658,7.5916576,9.141658,7.1316576,6.561658,3.5416577,2.8716576,4.061658,5.931658,4.771658,3.9416578,3.6816578,4.0116577,3.4416578,4.4816575,5.2616577,4.8216577,4.4816575,4.0016575,3.9816577,3.1516578,0.8916577,0.4216577,0.031657714,-0.13834229,-0.50834227,-0.14834228,0.32165772,0.15165772,0.6216577,0.68165773,0.9116577,-0.56834227,-0.4483423,-0.6483423,-0.10834228
5.7116575,7.6716576,2.6316576,3.4616578,5.581658,6.681658,10.181658,10.441658,8.121657,5.4716578,2.8716576,5.6716576,2.5916576,2.3216577,1.9716578,1.6116577,3.0516577,4.1516576,3.6516578,4.3216577,3.3916578,5.351658,3.6116576,3.9616578,1.4516578,0.7716577,0.2716577,0.28165773,0.8516577,-0.5883423,-0.57834226,-1.1383423,-0.56834227,-0.3883423,-0.4783423,-0.57834226,-1.9683423,-2.0583422,-1.6683422,2.4316578,-0.11834229
