wind_kz.json
{"header": {"discipline":0,"disciplineName":"Meteorological products","gribEdition":2,"gribLength":948,"center":7,"centerName":"US National Weather Service - NCEP(WMC)","subcenter":0,"refTime":"2023-08-21T06:00:00.000Z","significanceOfRT":1,"significanceOfRTName":"Start of forecast","productStatus":0,"productStatusName":"Operational products","productType":1,"productTypeName":"Forecast products","productDefinitionTemplate":0,"productDefinitionTemplateName":"Analysis/forecast at horizontal level/layer at a point in time","parameterCategory":0,"parameterCategoryName":"UnknownDiscipline_0_Category_0","parameterNumber":0,"parameterNumberName":"UnknownParameter_D0_C0_0","parameterUnit":"Unknown","genProcessType":2,"genProcessTypeName":"Forecast","forecastTime":0,"surface1Type":1,"surface1TypeName":"Ground or water surface","surface1Value":0.0,"surface2Type":255,"surface2TypeName":"Missing","surface2Value":0.0,"gridDefinitionTemplate":0,"gridDefinitionTemplateName":"Latitude_Longitude","numberPoints":615,"shape":6,"shapeName":"Earth spherical with radius of 6,371,229.0 m","gridUnits":"degrees","resolution":48,"winds":"true","scanMode":64,"nx":41,"ny":15,"basicAngle":0,"lo1":47.0,"la1":41.0,"lo2":87.0,"la2":55.0,"dx":1.0,"dy":1.0}, "data":
[rows 0 to 14 of 15, columns 0 to 40 of 41]
314.8706,299.4706,308.07062,300.2706,299.7706,298.6706,310.6706,319.1706,316.4706,317.2706,315.57062,316.8706,317.07062,318.07062,319.1706,321.07062,317.9706,309.2706,322.4706,321.9706,329.7706,321.07062,319.07062,318.3706,319.3706,317.4706,316.57062,308.07062,308.3706,303.9706,303.6706,300.1706,313.6706,321.3706,331.4706,329.3706,330.3706,329.3706,326.6706,329.6706,329.9706
291.57062,308.9706,300.2706,300.2706,299.9706,298.6706,321.3706,315.6706,314.2706,315.4706,315.9706,315.1706,314.8706,316.07062,320.6706,323.07062,312.6706,311.4706,318.4706,325.6706,330.7706,322.07062,319.8706,312.57062,303.2706,301.9706,311.07062,309.57062,306.7706,296.3706,301.4706,297.7706,297.4706,274.9706,301.3706,316.8706,318.8706,320.57062,323.07062,314.57062,285.6706
309.7706,299.7706,300.6706,300.57062,298.9706,316.2706,314.1706,316.2706,317.57062,315.4706,315.3706,317.07062,316.4706,317.7706,319.1706,323.07062,306.7706,307.8706,318.07062,323.2706,327.8706,325.07062,323.57062,314.7706,319.3706,319.3706,318.1706,317.7706,316.3706,304.8706,297.7706,299.07062,305.9706,310.1706,308.1706,306.6706,299.07062,297.4706,302.3706,296.9706,296.57062
314.57062,301.1706,300.7706,299.7706,303.3706,315.3706,317.1706,317.07062,318.1706,318.2706,316.1706,314.6706,296.8706,295.6706,308.07062,322.1706,316.9706,308.9706,310.2706,327.07062,323.4706,322.9706,319.1706,319.9706,323.6706,321.4706,323.4706,319.1706,320.1706,319.9706,321.57062,319.2706,320.4706,323.6706,319.9706,314.4706,300.9706,298.8706,301.9706,314.3706,317.7706
316.07062,300.7706,300.7706,300.57062,308.1706,317.1706,319.2706,320.7706,317.7706,316.2706,318.2706,317.3706,297.1706,295.4706,293.1706,313.3706,302.57062,306.1706,309.57062,317.2706,319.7706,320.9706,320.9706,320.6706,322.57062,323.1706,321.2706,314.1706,322.57062,320.4706,319.9706,316.8706,304.8706,291.9706,305.9706,317.2706,312.8706,324.8706,324.7706,321.07062,322.7706
315.3706,316.57062,299.57062,300.2706,300.6706,300.1706,319.7706,318.6706,316.3706,318.07062,318.7706,320.2706,300.07062,296.1706,305.8706,309.7706,313.3706,310.07062,315.8706,318.7706,322.9706,321.2706,321.3706,322.2706,322.2706,320.57062,320.4706,295.2706,320.7706,321.57062,321.6706,317.6706,318.57062,315.6706,309.57062,308.9706,306.7706,307.9706,322.07062,321.8706,321.57062
316.3706,318.57062,316.8706,309.2706,313.2706,317.6706,318.8706,317.4706,317.2706,315.2706,317.8706,318.07062,319.6706,320.2706,323.57062,318.6706,314.57062,315.7706,318.1706,316.07062,320.1706,318.3706,318.7706,318.6706,317.6706,317.8706,317.9706,320.9706,323.4706,323.1706,323.6706,322.7706,320.9706,320.9706,317.3706,313.2706,309.7706,305.8706,301.6706,302.2706,312.07062
315.8706,318.3706,318.07062,318.07062,318.07062,320.4706,319.07062,315.3706,312.4706,312.3706,315.57062,317.07062,319.8706,318.7706,321.2706,322.4706,321.4706,319.57062,318.7706,317.8706,315.8706,317.57062,319.57062,320.2706,317.07062,314.4706,313.57062,315.3706,313.7706,316.57062,315.07062,316.8706,316.1706,317.2706,312.8706,316.1706,316.4706,289.7706,313.1706,314.57062,310.9706
315.7706,317.1706,318.07062,305.3706,316.57062,314.8706,320.3706,316.1706,313.1706,310.7706,313.07062,315.2706,316.7706,318.7706,318.6706,320.07062,317.3706,318.4706,317.2706,317.4706,315.9706,315.8706,316.1706,314.9706,313.3706,311.6706,309.4706,308.57062,308.4706,306.07062,308.3706,310.7706,312.7706,315.07062,312.07062,307.7706,307.57062,305.07062,297.7706,295.07062,297.07062
313.57062,313.1706,313.7706,314.3706,313.3706,313.1706,314.57062,311.4706,310.7706,310.07062,308.57062,309.7706,312.1706,312.07062,314.2706,314.8706,315.8706,310.57062,316.2706,315.2706,312.7706,312.9706,312.8706,312.3706,311.9706,310.8706,312.57062,312.7706,309.7706,312.57062,309.6706,310.1706,313.1706,312.2706,311.8706,306.3706,300.1706,296.8706,297.8706,295.57062,291.9706
308.1706,309.6706,309.6706,309.9706,307.9706,309.6706,310.6706,310.4706,309.07062,307.7706,305.4706,305.6706,307.9706,306.8706,309.7706,310.9706,304.1706,305.9706,313.6706,311.1706,310.9706,314.07062,309.8706,312.4706,312.4706,307.6706,303.7706,308.3706,306.7706,307.7706,306.57062,308.3706,303.3706,303.6706,304.4706,302.8706,297.4706,291.4706,293.8706,290.57062,289.9706
305.7706,307.8706,308.4706,308.4706,307.07062,305.8706,304.6706,306.07062,304.9706,305.07062,302.8706,303.2706,304.4706,305.07062,305.9706,307.07062,306.57062,305.7706,298.1706,307.3706,305.4706,304.2706,305.3706,305.2706,301.2706,303.1706,304.1706,306.4706,308.07062,307.07062,302.8706,304.2706,302.07062,298.3706,299.07062,299.3706,297.6706,292.57062,294.3706,295.8706,290.7706
298.1706,300.57062,301.9706,303.8706,302.8706,300.9706,301.4706,304.8706,304.07062,303.07062,294.8706,298.2706,301.07062,297.8706,303.4706,301.3706,301.07062,302.9706,304.3706,303.57062,302.4706,302.1706,302.8706,302.3706,303.2706,304.8706,307.07062,305.2706,307.57062,305.7706,308.4706,304.4706,301.1706,301.1706,299.9706,296.07062,298.2706,297.2706,297.07062,296.07062,289.2706
298.7706,300.3706,296.1706,301.4706,301.7706,301.1706,296.9706,295.1706,302.9706,302.1706,293.07062,292.07062,297.1706,296.7706,298.4706,295.1706,294.3706,298.7706,302.9706,301.7706,301.2706,299.2706,303.1706,301.8706,300.6706,299.8706,301.1706,298.57062,298.3706,298.57062,299.7706,299.2706,297.07062,296.1706,295.9706,295.6706,295.07062,293.3706,291.1706,293.57062,295.4706
287.9706,293.4706,291.9706,293.9706,287.57062,286.1706,285.6706,284.9706,287.2706,290.07062,288.8706,293.8706,289.9706,292.07062,294.7706,298.57062,298.7706,299.7706,301.8706,296.7706,293.7706,301.9706,301.7706,298.7706,298.7706,298.07062,295.9706,298.4706,298.8706,295.57062,294.3706,290.2706,294.8706,293.9706,290.6706,290.1706,291.2706,289.7706,293.57062,291.2706,295.2706
