wind_kz.json
{"header": {"discipline":0,"disciplineName":"Meteorological products","gribEdition":2,"gribLength":871,"center":7,"centerName":"US National Weather Service - NCEP(WMC)","subcenter":0,"refTime":"2023-08-21T12:00:00.000Z","significanceOfRT":1,"significanceOfRTName":"Start of forecast","productStatus":0,"productStatusName":"Operational products","productType":1,"productTypeName":"Forecast products","productDefinitionTemplate":0,"productDefinitionTemplateName":"Analysis/forecast at horizontal level/layer at a point in time","parameterCategory":0,"parameterCategoryName":"UnknownDiscipline_0_Category_0","parameterNumber":0,"parameterNumberName":"UnknownParameter_D0_C0_0","parameterUnit":"Unknown","genProcessType":2,"genProcessTypeName":"Forecast","forecastTime":60,"surface1Type":1,"surface1TypeName":"Ground or water surface","surface1Value":0.0,"surface2Type":255,"surface2TypeName":"Missing","surface2Value":0.0,"gridDefinitionTemplate":0,"gridDefinitionTemplateName":"Latitude_Longitude","numberPoints":615,"shape":6,"shapeName":"Earth spherical with radius of 6,371,229.0 m","gridUnits":"degrees","resolution":48,"winds":"true","scanMode":64,"nx":41,"ny":15,"basicAngle":0,"lo1":47.0,"la1":41.0,"lo2":87.0,"la2":55.0,"dx":1.0,"dy":1.0}, "data":
[rows 0 to 14 of 15, columns 0 to 40 of 41]
294.4956,288.69562,293.5956,299.69562,299.19562,298.19562,298.2956,300.5956,299.2956,300.3956,300.2956,301.7956,301.2956,301.4956,301.2956,298.4956,297.0956,296.5956,294.9956,297.0956,296.5956,293.7956,291.4956,288.4956,290.9956,292.9956,291.5956,276.8956,277.5956,277.0956,279.4956,281.2956,289.3956,295.19562,296.9956,296.4956,296.9956,296.8956,295.19562,294.4956,294.8956
278.19562,294.4956,299.4956,299.2956,299.2956,298.2956,299.0956,297.8956,298.19562,298.4956,299.69562,299.5956,298.8956,298.3956,297.19562,297.19562,296.2956,295.4956,292.5956,294.69562,293.5956,295.19562,293.69562,287.0956,275.69562,276.9956,284.8956,274.9956,276.19562,271.7956,278.69562,274.0956,281.19562,264.5956,277.7956,292.5956,291.3956,292.8956,295.7956,287.5956,283.8956
294.0956,299.3956,299.7956,299.5956,298.19562,297.0956,297.2956,297.69562,296.8956,297.19562,297.4956,298.19562,297.0956,298.0956,298.8956,296.19562,296.9956,296.3956,296.0956,295.3956,295.2956,296.5956,294.5956,289.5956,291.19562,290.8956,293.69562,292.5956,292.19562,282.7956,273.7956,278.0956,285.69562,280.5956,282.4956,284.8956,275.8956,276.2956,277.7956,274.3956,271.8956
294.3956,300.5956,299.9956,299.0956,296.5956,296.69562,297.0956,295.5956,296.2956,296.5956,297.19562,297.2956,296.0956,295.3956,296.8956,297.4956,296.69562,296.4956,297.0956,295.0956,292.69562,291.3956,296.8956,296.9956,294.19562,295.4956,296.3956,292.0956,293.69562,295.2956,294.69562,290.7956,294.4956,290.8956,290.69562,288.3956,276.2956,275.69562,281.0956,290.7956,293.19562
297.4956,300.19562,300.2956,299.9956,299.9956,297.5956,296.69562,297.4956,296.2956,296.9956,296.19562,295.5956,296.3956,294.9956,292.3956,297.3956,300.3956,299.0956,296.2956,297.3956,297.7956,297.7956,296.2956,296.3956,297.4956,295.8956,294.8956,295.19562,295.0956,294.8956,295.7956,294.69562,281.8956,271.8956,283.7956,291.2956,293.4956,296.19562,295.8956,296.19562,296.3956
294.8956,293.69562,298.5956,299.4956,300.0956,299.4956,298.2956,298.3956,297.2956,295.5956,295.19562,294.9956,295.0956,295.2956,294.8956,296.0956,297.2956,299.8956,299.19562,298.2956,297.69562,297.19562,297.3956,296.3956,294.3956,294.0956,294.69562,293.8956,296.4956,299.0956,295.3956,296.0956,293.4956,291.69562,291.0956,291.3956,286.3956,286.4956,294.3956,296.0956,295.2956
294.5956,295.69562,297.19562,297.0956,296.8956,295.7956,296.2956,294.5956,294.4956,296.0956,294.9956,292.3956,292.19562,292.5956,292.3956,295.8956,296.7956,296.7956,299.19562,298.0956,295.69562,297.0956,298.19562,297.9956,296.69562,295.3956,293.7956,295.8956,295.2956,295.2956,296.3956,294.7956,293.2956,294.5956,291.9956,291.19562,287.3956,283.7956,279.4956,278.2956,291.2956
292.4956,292.2956,296.4956,295.3956,295.7956,295.3956,296.8956,293.9956,292.0956,291.8956,289.2956,289.9956,289.0956,290.8956,292.3956,293.7956,294.9956,295.9956,296.4956,294.19562,294.7956,293.5956,295.19562,296.4956,296.2956,293.4956,293.2956,294.3956,291.69562,293.2956,292.8956,293.19562,291.2956,288.2956,288.19562,289.9956,290.9956,289.2956,289.4956,288.5956,287.7956
290.0956,290.8956,293.8956,292.9956,291.8956,292.5956,289.8956,290.19562,288.69562,289.2956,287.7956,286.7956,286.8956,288.9956,289.2956,290.9956,291.9956,293.4956,294.2956,293.0956,291.4956,292.2956,292.5956,291.9956,293.5956,292.7956,293.19562,289.69562,288.7956,286.9956,289.0956,289.8956,292.4956,291.7956,289.9956,287.69562,288.19562,287.7956,276.2956,278.19562,277.19562
288.0956,289.69562,289.7956,290.4956,292.5956,291.3956,290.2956,289.2956,287.2956,285.9956,285.3956,284.9956,285.4956,286.2956,288.19562,288.9956,289.69562,290.8956,291.0956,291.4956,290.69562,292.5956,293.4956,292.4956,291.8956,288.9956,291.19562,289.7956,289.69562,289.4956,291.19562,293.2956,294.2956,293.8956,291.5956,288.4956,287.3956,283.5956,279.7956,278.3956,278.2956
288.5956,289.2956,288.69562,288.7956,287.0956,290.5956,289.0956,287.0956,285.7956,285.0956,284.5956,282.7956,284.8956,284.7956,288.0956,288.5956,288.19562,289.7956,289.7956,289.9956,289.9956,290.69562,290.5956,290.9956,290.69562,289.3956,289.7956,290.19562,291.4956,293.3956,293.9956,294.2956,292.9956,292.2956,292.2956,288.69562,285.5956,282.19562,279.9956,281.4956,280.2956
287.69562,287.9956,286.9956,288.7956,287.9956,286.8956,285.0956,283.5956,284.4956,282.9956,280.5956,281.7956,282.8956,282.9956,285.9956,286.5956,286.9956,287.7956,288.4956,288.5956,289.0956,289.4956,289.4956,290.0956,289.19562,291.2956,291.69562,292.0956,292.7956,292.8956,291.5956,293.5956,293.3956,291.3956,291.3956,289.7956,289.2956,287.7956,287.5956,286.3956,285.69562
285.5956,286.8956,283.2956,281.4956,283.2956,282.69562,281.9956,281.8956,282.5956,284.69562,281.4956,281.3956,280.9956,281.3956,281.8956,282.5956,285.19562,285.0956,286.5956,286.19562,286.7956,286.19562,287.4956,288.2956,289.5956,290.4956,291.9956,292.0956,292.19562,291.5956,291.9956,291.9956,291.9956,291.69562,290.69562,289.7956,288.9956,289.2956,288.2956,287.0956,286.69562
285.7956,285.69562,287.0956,281.9956,279.3956,277.8956,278.2956,278.4956,278.3956,282.9956,282.5956,279.7956,281.0956,279.9956,281.2956,281.9956,281.19562,281.9956,284.7956,284.69562,285.19562,285.5956,288.3956,287.7956,287.4956,289.4956,289.0956,289.3956,289.5956,290.7956,290.5956,291.19562,292.0956,291.69562,288.8956,288.3956,288.0956,287.9956,287.7956,287.3956,286.2956
285.4956,285.8956,291.2956,281.8956,280.0956,278.8956,279.19562,277.8956,277.4956,277.8956,283.4956,281.3956,278.4956,279.4956,281.3956,281.7956,281.5956,282.8956,280.2956,282.2956,283.7956,283.9956,284.69562,285.3956,286.3956,286.3956,287.19562,287.7956,287.3956,289.2956,287.0956,287.2956,289.2956,289.2956,288.19562,288.0956,288.4956,288.19562,287.9956,287.5956,287.19562
