wind_kz.json
{"header": {"discipline":0,"disciplineName":"Meteorological products","gribEdition":2,"gribLength":1025,"center":7,"centerName":"US National Weather Service - NCEP(WMC)","subcenter":0,"refTime":"2023-08-27T18:00:00.000Z","significanceOfRT":1,"significanceOfRTName":"Start of forecast","productStatus":0,"productStatusName":"Operational products","productType":1,"productTypeName":"Forecast products","productDefinitionTemplate":0,"productDefinitionTemplateName":"Analysis/forecast at horizontal level/layer at a point in time","parameterCategory":2,"parameterCategoryName":"UnknownDiscipline_0_Category_2","parameterNumber":2,"parameterNumberName":"UnknownParameter_D0_C2_2","parameterUnit":"Unknown","genProcessType":2,"genProcessTypeName":"Forecast","forecastTime":0,"surface1Type":103,"surface1TypeName":"Specified height level above ground","surface1Value":10.0,"surface2Type":255,"surface2TypeName":"Missing","surface2Value":0.0,"gridDefinitionTemplate":0,"gridDefinitionTemplateName":"Latitude_Longitude","numberPoints":615,"shape":6,"shapeName":"Earth spherical with radius of 6,371,229.0 m","gridUnits":"degrees","resolution":48,"winds":"true","scanMode":64,"nx":41,"ny":15,"basicAngle":0,"lo1":47.0,"la1":41.0,"lo2":87.0,"la2":55.0,"dx":1.0,"dy":1.0}, "data":
[rows 0 to 14 of 15, columns 0 to 40 of 41]
-1.7495923,-0.39959228,1.2404077,0.83040774,-1.0895923,-0.2995923,3.7504077,3.6104078,-0.7495923,0.5104077,-1.3195922,-0.5095923,2.0504076,0.47040772,1.4804077,2.9004078,1.0904077,3.3404076,3.7904077,3.9004078,3.9904077,1.9704077,2.7804077,-0.2595923,-2.5795922,-4.2295923,-0.45959228,1.5404077,-0.6595923,1.0304077,-0.33959228,0.9904077,1.5204077,3.3204076,0.77040774,-1.4395922,-0.53959227,-0.12959228,-2.5195923,-2.1795924,-2.3995924
1.6304077,0.38040772,-5.009592,-2.9095924,-1.5695922,2.0004077,2.8504076,0.25040773,0.5004077,0.64040774,-1.1195923,-0.43959227,-0.21959229,2.1204078,-0.5195923,0.64040774,2.4404078,3.0204077,2.6904078,3.5604076,3.4704077,2.2904077,2.5104077,-0.6295923,1.1204077,0.6104077,0.120407715,2.5204077,-1.6995922,0.07040772,-1.0095923,-0.07959229,-0.22959228,-0.7695923,0.3304077,1.5204077,-0.4795923,0.16040772,-0.18959229,0.08040772,-3.2395923
-1.1395923,-3.3195922,-1.4295923,0.5904077,1.2404077,3.5504076,4.740408,4.8104076,1.2904077,-1.0995923,1.8204077,0.44040772,0.9204077,4.0771483E-4,1.6804078,4.130408,3.6304078,4.070408,4.260408,4.8104076,5.530408,5.9804077,0.5604077,4.030408,-1.1795923,-0.039592285,-0.84959227,0.89040774,2.9704077,0.7404077,1.5104077,0.120407715,-0.5595923,-0.6995923,-0.7595923,0.07040772,-1.0695922,-0.6995923,-1.0995923,-0.7795923,-0.49959227
-3.1195922,-2.7295923,-2.5095923,-1.5995923,-1.8395923,0.4604077,-0.36959228,0.060407713,0.7504077,1.5104077,0.90040773,0.96040773,5.590408,3.6904078,3.9204078,4.5604076,5.2704077,5.6004076,7.4104075,8.060408,6.4704075,4.9504075,2.8504076,5.880408,5.4804077,5.110408,2.9904077,2.4004078,8.210407,7.860408,4.9504075,1.9604077,6.0604076,9.020408,-1.1995922,1.2404077,-1.6195923,0.4304077,0.120407715,2.4604077,2.6204078
-0.85959226,0.70040774,2.3004076,2.0904076,2.0304077,1.9704077,1.2004077,3.1404078,3.8404076,0.3304077,1.8004078,3.5704076,5.0804076,6.9404078,8.9704075,7.030408,7.340408,6.990408,3.7304077,6.8104076,4.900408,4.9304075,5.8504076,3.8704078,6.2704077,5.050408,1.6404077,5.240408,5.0604076,6.260408,6.3704076,4.740408,0.52040774,-1.0095923,-1.1895922,4.5804076,8.770408,4.400408,4.070408,0.7804077,-2.1095922
0.7304077,2.5504076,6.6204076,6.240408,6.2104077,5.9804077,5.1904078,5.0404077,4.1204076,2.3404076,2.5504076,0.6004077,4.8704076,6.1904078,5.550408,-1.3295922,0.6004077,5.0604076,5.6804075,5.7504077,6.7204075,7.0604076,6.5404077,4.6604075,2.9704077,3.3704078,3.1404078,4.4504075,4.8504076,7.380408,6.0804076,8.820408,9.160408,3.2404077,2.8904078,5.240408,2.7904077,2.5204077,5.340408,-5.0395923,-5.0595922
3.3304076,2.6904078,0.9304077,3.7504077,6.8704076,4.1404076,5.5604076,1.8204077,2.8304076,3.5704076,-0.039592285,2.0404077,2.8304076,6.0004077,5.340408,2.3004076,3.6804078,6.150408,1.2604077,4.6804075,6.8904076,5.7904077,3.9804077,3.0004077,3.4104078,3.6704078,5.2304077,4.130408,6.3904076,5.880408,4.1904078,8.690408,8.460407,4.9104075,4.6804075,0.44040772,0.090407714,-0.12959228,-2.2695923,-1.8595923,1.7604077
4.650408,2.2104077,1.3104078,4.0204077,5.1204076,4.9804077,4.490408,2.6204078,3.4104078,1.0104077,1.1204077,3.2904077,3.8804078,4.1204076,3.5904076,1.7904077,2.2104077,3.0204077,2.6204078,3.9204078,3.9304078,4.2504077,5.4704075,4.050408,1.7704077,2.3704078,3.8904078,5.030408,6.4604077,6.010408,4.820408,8.280408,7.9804077,6.300408,2.4204078,4.3704076,0.7604077,-1.7995923,0.10040771,2.4704077,-2.0495923
2.2004077,1.8304077,3.2804077,2.6304078,4.3704076,4.650408,2.4904077,2.8804078,-1.1195923,1.3504077,2.9804077,3.3004076,3.7304077,4.9704075,4.260408,1.7004077,4.8504076,5.3104076,5.090408,3.7604077,4.3504076,5.4504075,3.6404078,4.030408,0.90040773,1.9904077,1.9904077,1.8504077,4.9604077,3.6704078,3.8504076,5.7504077,8.370408,4.8304076,3.4304078,1.4104077,-0.059592284,-2.4495924,-1.3995923,-0.46959227,-2.4095924
2.4204078,3.5404077,2.9904077,2.9104078,4.260408,3.1904078,3.4004078,2.2104077,1.7804077,0.07040772,4.800408,3.0204077,3.8904078,4.400408,4.490408,0.7804077,4.8504076,5.0404077,2.3904078,3.2404077,5.5004077,4.8704076,7.4704075,7.050408,3.7404077,3.8104076,2.8704078,3.0604076,4.1404076,3.7504077,3.3704078,1.6504077,1.4604077,4.8704076,4.0804076,-0.17959228,-2.7495923,-1.6895922,-2.6295922,1.0804077,-0.45959228
2.4304078,3.2404077,2.8504076,3.4404078,4.860408,5.7104077,5.8704076,1.9904077,1.9804077,2.0804076,2.5304077,2.2904077,3.3804078,3.4104078,3.9304078,2.7204077,3.7504077,2.6704078,1.7004077,0.8204077,3.3004076,3.9004078,1.9704077,0.15040772,0.8404077,2.4204078,1.4904077,-0.39959228,1.0804077,2.2404077,1.2604077,3.1704078,-3.9495924,-2.5595922,-2.9295924,-1.0395923,-1.5995923,-0.8395923,-0.9495923,1.8204077,-0.9995923
3.5804076,3.2104077,4.3704076,4.7304077,6.1804075,4.9304075,0.21040772,1.9504077,2.2304077,2.2704077,1.2504077,3.1004076,2.4704077,3.1704078,3.5104077,1.0904077,1.5504078,1.8904077,0.96040773,1.9704077,2.2304077,1.6604077,-2.4695923,-2.5995922,-2.6695924,-3.0195923,-1.5195923,-4.0195923,-1.7595923,0.4504077,-1.6895922,-1.7995923,-2.5695922,-3.7595923,-3.4895923,-2.4395924,-2.7495923,-1.1695923,-0.11959229,-0.5295923,-0.8695923
2.9304078,3.9404078,3.6204078,3.3404076,2.5404077,1.1104077,1.9504077,1.2304077,0.6904077,1.4104077,0.65040773,1.5904077,2.0204077,2.9104078,2.4704077,-0.9395923,3.6104078,1.5304077,-0.3195923,-0.5095923,0.9404077,-1.1595923,-1.2095923,0.030407716,-2.0395923,-4.0595922,-4.6895924,-4.429592,-0.2995923,-2.7595923,-1.6295923,-2.1795924,-3.3795922,-2.9795923,-3.3795922,-3.3495922,-1.4595923,-1.9595923,-2.7695923,-2.5395923,-1.4795923
2.7804077,3.6804078,1.2604077,1.5604078,1.3304077,2.5104077,3.7204077,2.0204077,2.8204076,1.4504077,1.1404077,0.010407715,1.8304077,2.7004077,0.9304077,1.2604077,1.0404077,1.2404077,-0.36959228,0.020407714,2.3404076,-0.4495923,-1.5095923,-0.039592285,-1.5595922,-1.0695922,-3.5295923,-2.0795922,0.9304077,-4.329592,-0.6295923,-2.5395923,-2.8095922,-2.6395922,-2.4095924,-2.3795922,-2.0495923,-2.2195923,-1.7895923,-1.2495923,-0.8795923
1.0104077,1.6004077,2.2804077,1.6304077,2.1204078,3.4804077,3.3004076,2.9204078,0.8804077,-0.24959229,0.4804077,-0.2995923,-0.16959229,0.47040772,0.58040774,-0.23959228,-0.39959228,0.8404077,-0.039592285,-1.6995922,-1.6695923,-1.2895923,-1.1395923,-1.1995922,-2.3095922,-3.1195922,-1.4795923,-2.6195922,-4.9795923,-3.3495922,-1.2595923,-3.1495924,-3.2695923,-3.2395923,-2.9095924,-3.0695922,-3.2695923,-2.2495923,-1.7795923,-1.3995923,-1.2895923
