wind.json
{"header": {"discipline":0,"disciplineName":"Meteorological products","gribEdition":2,"gribLength":1125,"center":7,"centerName":"US National Weather Service - NCEP(WMC)","subcenter":0,"refTime":"2023-06-30T12:00:00.000Z","significanceOfRT":1,"significanceOfRTName":"Start of forecast","productStatus":0,"productStatusName":"Operational products","productType":1,"productTypeName":"Forecast products","productDefinitionTemplate":0,"productDefinitionTemplateName":"Analysis/forecast at horizontal level/layer at a point in time","parameterCategory":2,"parameterCategoryName":"UnknownDiscipline_0_Category_2","parameterNumber":3,"parameterNumberName":"UnknownParameter_D0_C2_3","parameterUnit":"Unknown","genProcessType":2,"genProcessTypeName":"Forecast","forecastTime":60,"surface1Type":103,"surface1TypeName":"Specified height level above ground","surface1Value":10.0,"surface2Type":255,"surface2TypeName":"Missing","surface2Value":0.0,"gridDefinitionTemplate":0,"gridDefinitionTemplateName":"Latitude_Longitude","numberPoints":688,"shape":6,"shapeName":"Earth spherical with radius of 6,371,229.0 m","gridUnits":"degrees","resolution":48,"winds":"true","scanMode":64,"nx":43,"ny":16,"basicAngle":0,"lo1":45.0,"la1":40.0,"lo2":87.0,"la2":55.0,"dx":1.0,"dy":1.0}, "data":
[rows 0 to 15 of 16, columns 0 to 42 of 43]
-3.6472778,2.0227222,-0.22727783,0.12272217,-0.15727784,0.8927222,-2.9272778,-5.7672777,-5.6372776,-5.1172776,-3.087278,-5.0772777,-3.4272778,-3.6772778,-4.417278,-2.8772779,-2.6472778,-2.9172778,-4.5572777,-5.967278,-8.977278,-2.0972779,-2.8672779,1.2027222,1.8327222,2.3027222,2.4827223,1.7427222,-1.6272779,-2.7472777,-1.7772778,-3.327278,-1.8472779,-1.6072779,-1.8472779,-2.037278,3.8227222,3.7927222,3.0627222,3.3527222,2.942722,1.6127222,-0.68727785
0.5327222,0.24272217,0.7627222,-2.6272779,2.3627222,4.102722,-1.4272778,-4.407278,-4.127278,-3.807278,-5.967278,-4.107278,-5.667278,-3.4572778,-3.7572777,1.3727221,0.73272216,-2.2672777,-2.9372778,-3.317278,-2.8472779,-1.9672779,-2.3572779,-3.1872778,-2.327278,-1.4272778,-2.4672778,-2.1472778,-2.307278,2.6427221,0.62272215,-0.037277833,-0.44727784,0.6627222,2.2927222,-1.5672778,-0.68727785,2.5427222,2.6127222,2.5527222,0.06272217,1.3827221,1.8227222
0.34272218,-2.807278,3.3927221,0.9027222,5.1327224,3.2927222,-0.7172778,-2.9772778,-3.6472778,-3.7072778,-3.9172778,-4.0972776,-4.7672777,-4.447278,-3.3872778,-2.1872778,0.73272216,-0.81727785,-2.2272778,-2.1372778,-2.9472778,-2.9572778,-3.6472778,-3.5172777,-3.1772778,1.7227222,0.98272216,1.5327221,-0.7172778,1.9427222,0.06272217,2.3627222,4.562722,4.1327224,0.50272214,-1.2772778,-3.287278,-1.1672778,-0.81727785,-1.0872779,0.19272217,-1.1172779,-0.44727784
3.2727222,2.5827222,1.6427221,4.892722,3.6027222,1.3927221,-1.5872779,-2.8872778,-2.6672778,-2.8672779,-2.8872778,-3.4972777,-3.8872778,-3.577278,-3.8472779,-3.3772779,-2.9172778,-0.94727784,-0.9772778,-2.0172777,-2.6572778,-3.1872778,-4.2472777,-4.187278,-0.36727783,-1.1972778,0.5727222,2.1327221,2.7527223,0.39272216,0.28272218,3.0327222,3.0527222,1.4727222,2.972722,-1.6572778,-0.027277833,3.5427222,5.032722,0.46272218,0.68272215,-1.3272778,-0.07727783
1.5027221,1.3727221,2.462722,4.342722,2.942722,1.2727221,-0.7172778,-0.6672778,-1.3472779,-2.317278,-2.777278,-3.037278,-2.9872777,-2.557278,-3.567278,-3.6472778,-2.337278,-2.9472778,-1.9372778,-1.7372779,-1.2572778,-2.3672779,-2.317278,-1.4372778,-1.7072778,1.5027221,1.4427222,2.5727222,2.8027222,1.6527221,2.5527222,0.06272217,2.0927222,-0.7372778,-1.8072778,-1.1672778,-0.7872778,-3.2672777,-1.1172779,2.922722,4.7127223,2.3127222,1.8627222
1.8027222,2.6027222,2.2427223,2.4927223,2.172722,1.0727222,0.94272214,0.62272215,0.80272216,0.88272214,-0.7772778,-1.4272778,-1.8772779,-2.4872777,-4.187278,-3.6972778,-3.2272778,-1.9672779,-2.037278,-1.9372778,-1.0172778,-1.1472778,-2.4072778,-3.067278,-0.007277832,-0.74727786,0.92272216,4.582722,3.2327223,-0.37727782,1.1327221,-1.8772779,-1.6472778,0.38272217,2.932722,2.6127222,-0.20727783,-2.087278,0.7827222,-2.5172777,-2.787278,2.3627222,2.3527222
-0.24727783,2.5927222,2.0027223,1.7527221,1.8527222,2.3327222,1.9727222,2.162722,1.2427222,1.5427222,0.7827222,-0.45727783,-1.9372778,-1.0672778,-2.1672778,-2.2672777,-2.567278,-0.88727784,-1.8972778,-1.9172778,-3.4572778,-4.927278,-1.2172779,-0.08727783,0.75272214,-4.167278,-2.9972777,1.2527221,0.23272216,0.8327222,-0.7872778,-1.1372778,-2.2072778,-1.7772778,-0.41727784,-1.0572778,1.5827222,-0.027277833,3.2927222,3.9027221,-1.2272779,-0.7972778,1.6027222
-1.0572778,0.7127222,-1.2872778,-2.2172778,-1.3172778,0.5827222,1.1427221,1.5827222,1.7627221,2.162722,1.9027221,0.38272217,-0.93727785,-0.75727785,-1.2472779,-1.3672779,-1.3272778,-1.6072779,-0.9872778,-0.8372778,-2.807278,-5.8672776,-0.7272778,1.1027222,2.1527221,2.5527222,-3.1372778,3.0327222,0.19272217,-0.29727784,-2.327278,-2.5972779,-3.327278,-4.667278,-3.9872777,-1.1872778,-1.8272778,-1.8572779,-3.2572777,-1.9472778,1.1627221,0.33272216,2.2327223
0.88272214,1.6227221,0.082722165,-0.95727783,-1.2072778,-2.1372778,-2.047278,0.68272215,1.1227221,2.2327223,2.0527222,0.45272216,0.21272217,0.34272218,-0.16727783,-0.50727785,-0.80727786,-1.8272778,-1.0572778,-1.0772778,-1.6872778,-2.0072777,0.68272215,-0.57727784,1.3627222,4.322722,4.042722,5.1327224,5.972722,1.2427222,-0.47727785,-1.5872779,-2.307278,-2.1072779,-3.587278,-4.0772777,-0.9172778,-0.08727783,-1.5872779,-0.31727782,0.10272217,0.5127222,-1.0972779
0.85272217,0.92272216,-0.24727783,-0.25727785,-0.23727784,-0.70727783,-1.0372778,-1.1172779,0.8227222,1.1527221,0.68272215,1.6927222,0.12272217,-0.31727782,-0.26727784,-0.48727784,-0.70727783,-0.8472778,-0.44727784,-1.0872779,-0.68727785,-0.7272778,3.1127222,1.7227222,4.332722,3.692722,3.5927222,3.9827223,4.042722,5.542722,3.0427222,0.87272215,0.7027222,-0.15727784,1.1127222,-1.4872779,-0.9072778,-0.6772778,-2.087278,-1.6372778,-0.64727783,-1.0772778,-1.2372779
0.85272217,0.94272214,0.44272217,-0.067277834,-0.55727786,-0.9172778,-0.9872778,-1.2272779,-0.26727784,-0.6572778,0.15272216,-0.067277834,0.5927222,0.06272217,0.6627222,-0.94727784,-0.74727786,-1.4872779,-0.08727783,-0.28727782,-0.027277833,-1.1172779,1.6827222,6.742722,8.422722,5.662722,4.4827223,3.0827222,5.3827224,2.0927222,1.9627222,2.3127222,3.192722,2.202722,0.54272217,-1.8672779,-1.1772778,0.35272217,0.09272217,-1.6372778,-1.7672778,-0.5472778,1.1127222
1.0327221,0.35272217,0.052722167,-0.28727782,-0.36727783,-0.43727782,-0.25727785,-0.097277835,0.18272217,0.5827222,0.7227222,1.1227221,0.5927222,1.2627221,-0.63727784,-0.5472778,-0.89727783,-1.3572779,-1.0672778,-0.32727784,1.4427222,0.6527222,2.1527221,2.2527223,2.1527221,3.8327222,3.932722,3.9927223,2.172722,3.442722,2.9827223,3.6427221,3.172722,2.452722,0.85272217,-1.0272778,-2.1372778,-0.55727786,-0.95727783,0.8227222,0.5227222,0.93272215,-0.097277835
0.13272217,-0.14727783,0.21272217,0.42272216,0.27272215,0.10272217,-0.017277831,-0.15727784,-0.31727782,0.5227222,0.0027221679,0.37272218,0.94272214,-0.41727784,-0.80727786,-0.28727782,-0.7772778,-0.57727784,-1.2572778,-0.9772778,0.5727222,0.41272217,2.182722,2.162722,2.5027223,3.4027221,3.2827222,2.692722,4.2127223,5.1927223,4.9227223,3.662722,3.222722,2.8527222,1.8727221,1.1427221,-0.20727783,-1.1872778,-0.61727786,1.8627222,1.2627221,1.7127222,0.7827222
1.1427221,0.80272216,0.50272214,0.24272217,0.06272217,0.54272217,0.25272217,0.23272216,0.33272216,0.34272218,0.19272217,0.9727222,0.93272215,-0.017277831,0.052722167,-1.1972778,-0.5972778,-1.5072778,-0.18727784,1.0927222,2.4027221,0.5727222,2.8927221,3.8227222,4.322722,3.0227222,2.7527223,2.3927221,2.5327222,2.3527222,2.912722,3.1427221,3.0527222,3.5627222,2.412722,1.5127221,1.7827221,1.4227222,-0.39727783,0.79272217,1.6027222,0.15272216,0.38272217
0.5827222,1.0027221,0.87272215,1.0927222,-0.7372778,0.09272217,-0.20727783,-0.097277835,0.5827222,0.04272217,0.62272215,1.8427222,1.8527222,0.50272214,-0.7872778,-0.57727784,-1.6272779,-2.547278,-2.6372778,1.5327221,1.1527221,0.47272217,1.2227222,-0.24727783,0.7827222,1.6727222,2.0527222,2.3827221,2.0327222,2.5527222,2.7927222,3.3127222,3.0427222,2.8527222,2.3127222,2.472722,1.7127222,1.9827222,0.7727222,-0.5372778,-0.5272778,0.0027221679,-0.35727784
1.5427222,1.0127221,0.5927222,-0.067277834,-1.1672778,0.112722166,0.24272217,1.5927222,1.2627221,1.6427221,0.63272214,1.6727222,1.2627221,1.4727222,1.2527221,-0.7872778,-1.9472778,-2.1772778,-2.6372778,-0.24727783,-3.287278,-1.5672778,-1.7472779,1.4827222,1.8627222,2.5027223,2.2927222,2.4927223,2.8227222,2.8827221,3.0327222,3.202722,2.7827222,2.5227222,1.7527221,1.5627222,2.2927222,2.5827222,1.5627222,1.2727221,-0.62727785,-0.32727784,0.18272217
