wind_kz.json
{"header": {"discipline":0,"disciplineName":"Meteorological products","gribEdition":2,"gribLength":1025,"center":7,"centerName":"US National Weather Service - NCEP(WMC)","subcenter":0,"refTime":"2023-09-27T12:00:00.000Z","significanceOfRT":1,"significanceOfRTName":"Start of forecast","productStatus":0,"productStatusName":"Operational products","productType":1,"productTypeName":"Forecast products","productDefinitionTemplate":0,"productDefinitionTemplateName":"Analysis/forecast at horizontal level/layer at a point in time","parameterCategory":2,"parameterCategoryName":"UnknownDiscipline_0_Category_2","parameterNumber":2,"parameterNumberName":"UnknownParameter_D0_C2_2","parameterUnit":"Unknown","genProcessType":2,"genProcessTypeName":"Forecast","forecastTime":300,"surface1Type":103,"surface1TypeName":"Specified height level above ground","surface1Value":10.0,"surface2Type":255,"surface2TypeName":"Missing","surface2Value":0.0,"gridDefinitionTemplate":0,"gridDefinitionTemplateName":"Latitude_Longitude","numberPoints":615,"shape":6,"shapeName":"Earth spherical with radius of 6,371,229.0 m","gridUnits":"degrees","resolution":48,"winds":"true","scanMode":64,"nx":41,"ny":15,"basicAngle":0,"lo1":47.0,"la1":41.0,"lo2":87.0,"la2":55.0,"dx":1.0,"dy":1.0}, "data":
[rows 0 to 14 of 15, columns 0 to 40 of 41]
1.3937744,0.78377444,0.023774413,-5.2462254,-7.8762255,-8.626225,-5.4262257,-6.2162256,-8.416225,-4.1362257,-5.3762255,-4.2362256,-3.7862256,-2.6362257,-2.1762257,-0.3062256,-0.2762256,1.2837744,-2.1062255,-0.42622557,-2.2162256,-1.4962256,-1.9162256,-3.0562255,0.53377444,-1.6862255,-3.0562255,-0.8762256,0.4337744,0.4437744,-0.6762256,1.5937744,0.5437744,1.0037744,0.24377441,1.3637744,0.6337744,1.1437744,2.0537744,1.0637745,-1.4862256
2.0737743,1.2537744,-4.1062255,-7.536226,-7.4062257,-6.4462256,-3.5862255,-5.4662256,-5.1962256,-4.5262256,-3.8962257,-4.1962256,-2.8462255,-2.1062255,-1.6962256,-0.8262256,1.0237744,-2.1362257,0.59377444,0.053774413,-1.3162255,-2.0662255,-1.2662256,-3.7462256,-0.4962256,0.4137744,-0.59622556,1.1437744,-0.9762256,-1.0962256,0.33377442,-0.3462256,1.9537745,-3.0462255,-0.15622559,-0.39622557,-0.3162256,-0.7962256,-2.0462255,0.7037744,-1.2062256
-0.6062256,-4.056226,-7.2162256,-4.8762255,-4.5062256,-3.6662257,-3.4662256,-3.1962256,-5.1162257,-2.5162256,-3.3062255,-1.5462255,-2.5262256,-2.0562255,-0.5162256,-0.006225586,-0.6862256,1.6337744,3.8537743,3.2637744,-0.29622558,-2.4962256,-2.2862256,-1.3262256,-1.0062256,-1.8062255,-2.7362256,-2.4062257,-2.9962256,-0.6762256,-0.7062256,1.2737744,-0.13622558,-0.4662256,-0.046225585,-0.38622558,0.08377442,-0.09622559,1.3837744,1.7337744,1.3137745
-0.5562256,-3.2462256,-0.83622557,-0.22622558,-1.7062256,-1.5562255,-1.1162256,-2.1662257,-1.8162255,-1.0262256,-1.2962255,-1.8462256,-1.6062256,-1.0762256,0.13377441,0.5637744,0.4637744,0.7537744,2.6837745,3.4437745,-0.5762256,-0.6462256,-2.4362257,-3.4162257,-3.4662256,-3.4962256,-2.9862256,-1.4162256,-0.1862256,0.12377442,0.4437744,-0.8662256,-1.7762256,-2.9262257,-2.9962256,-1.9662256,-1.1762255,2.1437745,1.2137744,-0.14622559,0.24377441
1.8337744,2.8537743,2.7637744,1.4437745,2.8937745,1.4037744,2.3937745,0.8237744,0.5637744,0.4137744,1.4937744,0.23377441,-0.086225584,0.4937744,-0.7662256,1.3137745,0.84377444,0.6337744,1.0337744,-0.6862256,2.7637744,-2.8462255,-3.1662257,-3.1162255,-2.8162255,-2.4162257,-1.0962256,0.2537744,1.7937744,3.0737743,2.4237745,-1.6362256,-1.8962256,1.3137745,1.8337744,0.053774413,-0.9962256,-2.3862257,-1.2762256,-1.8562256,-2.2962255
1.5237744,1.2337744,2.8737745,4.1637745,4.0137744,4.6337743,-2.1862257,-1.0862256,-0.036225587,1.7237744,1.4737744,0.6137744,1.4237744,0.8137744,-0.22622558,0.5537744,0.36377442,-0.21622558,0.91377443,1.4437745,0.4937744,-1.1562256,-1.6962256,-1.2362256,-0.41622558,0.5137744,1.8837744,2.3537743,2.5337744,2.2837744,0.36377442,-0.5162256,-0.3362256,-0.38622558,-0.10622559,-3.1262255,0.42377442,-0.90622556,-0.006225586,-1.9762256,-2.8962257
2.1437745,1.9337745,2.6637745,2.8037744,3.3037744,3.0537744,2.8937745,2.5037744,2.6537745,3.4737744,2.8637743,1.6337744,1.3137745,1.1237744,1.2337744,1.5337744,1.6837745,1.0637745,-0.42622557,1.5837744,-1.7062256,1.6337744,0.8737744,0.30377442,1.1837745,1.3037744,1.7737744,1.1737744,-0.6162256,-1.5262256,-0.5462256,-0.6362256,-1.1162256,-2.4962256,-3.8262255,-2.1562257,-0.90622556,2.7637744,-0.3362256,0.7937744,0.65377444
2.2137744,2.9437745,3.2237744,3.4837744,3.6537745,3.5737743,3.4937744,3.1437745,3.4037745,3.0537744,3.0637743,2.4337745,2.5337744,0.97377443,1.0737745,1.2037745,2.2837744,1.3637744,0.72377443,-0.47622558,1.1137744,-1.3562256,1.9837744,1.2037745,1.2337744,0.8037744,2.2737744,0.6837744,1.1937745,0.9437744,0.6937744,0.5237744,-2.3562255,0.5137744,-1.3462256,-0.3362256,-0.53622556,-4.3662257,-4.3162255,-4.1762257,-2.6362257
3.1837745,3.4637744,3.3037744,3.1737745,3.2837744,3.7937744,3.6737745,3.3437743,3.2437744,3.1937745,3.4937744,2.8637743,3.3837745,2.9237745,2.8537743,2.7837744,2.4137745,1.7137744,1.5737745,0.7737744,0.19377442,1.0237744,0.23377441,-0.78622556,1.2137744,1.4237744,1.3337744,-0.06622559,1.3437744,0.5037744,1.4037744,1.8837744,2.3737745,-0.8262256,-1.4662256,-2.1762257,-0.5462256,-1.9762256,-1.2662256,0.003774414,-1.3762256
3.9737744,4.193774,4.3237743,4.0237746,4.1537743,4.0437746,3.9437745,3.4037745,3.4537745,3.6237745,3.9437745,3.7837744,3.4937744,3.6837745,3.3337743,3.3337743,3.5437744,3.3937745,2.6237745,1.9037744,3.1937745,3.1137743,1.7637744,1.5437744,0.72377443,1.8937744,2.3537743,2.2837744,1.8537744,1.8637744,0.9337744,1.9937744,1.3737744,-0.2862256,-1.5362256,-1.7962255,-2.7062256,-0.58622557,-1.2262256,0.59377444,-1.3562256
4.0237746,4.5337744,4.4137745,4.3637743,4.0137744,3.9637744,4.3137746,4.3537745,4.3137746,4.9737744,3.9937744,4.3637743,2.8837745,5.1237745,4.5437746,3.8337743,3.6737745,3.8037744,2.7537744,2.7737744,3.0337744,4.3137746,3.2337744,1.9537745,1.9337745,1.7537744,2.6437745,3.6337745,3.5137744,3.7937744,2.1037743,0.42377442,-1.4162256,-0.42622557,-0.8962256,-2.1662257,-1.6962256,0.21377441,-1.3262256,1.0937744,-1.3062255
3.6137743,3.7637744,3.6737745,4.2637744,4.713774,4.4237742,4.6837745,4.0737743,4.2237744,4.1037745,4.4237742,5.7437744,5.1537743,6.3437743,6.2937746,4.3237743,4.2537746,4.5537744,3.5637743,3.5837743,3.7137744,3.5437744,3.9237745,3.9037745,2.7137744,3.3337743,2.8237743,4.6737742,4.8537745,3.8137743,0.5037744,-0.29622558,-0.6062256,-1.3562256,-0.3162256,-0.20622559,-0.4962256,-0.96622556,-0.32622558,-0.7562256,-0.6962256
2.8337743,3.1637745,3.9637744,3.6437745,3.2937744,3.4337745,4.2937746,5.5837746,6.8437743,5.2237744,4.0637746,5.9137745,5.3037744,6.0137744,6.0537744,5.9337745,5.8837743,4.8437743,4.943774,4.7637744,4.3737745,4.5337744,3.7837744,3.4037745,3.7837744,3.3637743,3.5737743,4.6037745,4.6337743,3.2237744,0.003774414,-1.0662255,-1.0562255,-0.9162256,-0.5562256,-0.6662256,-0.84622556,-1.2962255,-1.4962256,-1.3062255,-1.2462256
3.6937745,3.7437744,3.2637744,3.6537745,3.6737745,4.4337745,4.8937745,5.5637746,5.5737743,6.0837746,4.2837744,4.7037745,6.1337743,5.7437744,5.7437744,5.5737743,5.5637746,5.0137744,4.6437745,5.1737742,5.443774,5.2937746,4.9737744,4.8137746,4.5337744,4.3937745,4.3037744,5.1337743,4.3337746,3.0737743,0.66377443,-1.2262256,-1.4662256,-1.2462256,-1.4162256,-1.3562256,-1.2162256,-1.2562256,-1.6962256,-0.2762256,-1.0162256
2.5337744,4.0237746,5.1637745,2.8337743,3.5837743,4.5337744,5.1337743,5.483774,6.0037746,5.8037744,3.8137743,5.8537745,4.0637746,2.5337744,4.8637743,4.5537744,5.0137744,4.8237743,4.1737742,5.0337744,4.963774,5.3137746,4.7837744,4.9737744,5.0337744,4.713774,4.7837744,5.6737742,5.2737746,3.3737745,1.5137744,-0.41622558,-1.5862256,-1.3762256,-0.7562256,-0.4062256,-1.0162256,0.2837744,-1.1862255,-1.5562255,-1.4962256
