wind_kz.json
{"header": {"discipline":0,"disciplineName":"Meteorological products","gribEdition":2,"gribLength":1025,"center":7,"centerName":"US National Weather Service - NCEP(WMC)","subcenter":0,"refTime":"2023-09-22T00:00:00.000Z","significanceOfRT":1,"significanceOfRTName":"Start of forecast","productStatus":0,"productStatusName":"Operational products","productType":1,"productTypeName":"Forecast products","productDefinitionTemplate":0,"productDefinitionTemplateName":"Analysis/forecast at horizontal level/layer at a point in time","parameterCategory":2,"parameterCategoryName":"UnknownDiscipline_0_Category_2","parameterNumber":2,"parameterNumberName":"UnknownParameter_D0_C2_2","parameterUnit":"Unknown","genProcessType":2,"genProcessTypeName":"Forecast","forecastTime":300,"surface1Type":103,"surface1TypeName":"Specified height level above ground","surface1Value":10.0,"surface2Type":255,"surface2TypeName":"Missing","surface2Value":0.0,"gridDefinitionTemplate":0,"gridDefinitionTemplateName":"Latitude_Longitude","numberPoints":615,"shape":6,"shapeName":"Earth spherical with radius of 6,371,229.0 m","gridUnits":"degrees","resolution":48,"winds":"true","scanMode":64,"nx":41,"ny":15,"basicAngle":0,"lo1":47.0,"la1":41.0,"lo2":87.0,"la2":55.0,"dx":1.0,"dy":1.0}, "data":
[rows 0 to 14 of 15, columns 0 to 40 of 41]
-0.7422583,1.5477417,-2.3922584,-0.2322583,1.5777417,3.8677416,-6.9222584,-6.8422585,-8.562259,-7.4222584,-7.392258,-7.2722583,-5.6322584,-4.912258,-4.2922583,-4.8822584,-4.8222585,-5.372258,-4.9622583,-3.1422584,-0.5322583,0.8077417,3.4677417,3.4177418,2.3177416,2.5277417,3.1577418,2.1077416,-0.0722583,0.1877417,-1.6822582,1.3177418,0.4077417,0.1377417,0.8777417,-0.4922583,2.4977417,-2.8222582,-1.4022583,-1.2722583,-5.1722584
3.0977416,-3.2722583,-1.3522583,1.3077416,2.3977418,3.3177416,-4.5922585,-5.702258,-6.9622583,-6.7622585,-7.392258,-5.5622582,-5.8022585,-4.852258,-3.9322584,-3.7722583,-3.8322582,-3.7522583,-4.6122584,-4.7822585,-2.4222584,-1.8422583,-0.2822583,1.6177417,1.6777416,-0.18225831,-0.0522583,0.9977417,-2.2522583,0.8377417,-0.5922583,-0.1922583,-1.2822583,0.2277417,0.2877417,1.6677417,0.8577417,0.8977417,0.6077417,-2.9122584,-2.8622582
1.8477417,-3.6522584,1.7177417,2.8377416,3.4077418,2.5577416,-5.0922585,-5.5322585,-6.5422583,-6.122258,-5.1122584,-5.8122582,-5.9622583,-5.2722583,-4.682258,-3.7622583,-4.082258,-2.5722582,-4.472258,-4.2522583,-6.642258,-6.852258,-6.682258,-6.5422583,-3.2522583,-3.1522584,-5.222258,-1.0822583,-4.7922583,0.4477417,-0.2822583,-2.2622583,0.3777417,-0.1922583,-1.1222583,-1.2322583,0.3477417,0.8177417,-2.0722582,-1.5122583,0.4677417
-0.9822583,1.9877417,3.8077416,3.8377416,0.8277417,1.7177417,-4.8122582,-4.1322584,-4.8622584,-7.0422583,-6.102258,-6.4222584,-5.3822584,-3.3522582,-2.7222583,-4.242258,-3.7222583,-2.9622583,-3.7322583,-5.602258,-5.5122585,-7.5522585,-6.222258,-5.6322584,-5.5722585,-5.372258,-5.432258,-6.3422585,-4.102258,1.4077417,1.7077417,3.0477417,5.0577416,3.0477417,2.6277418,0.3077417,-0.9322583,0.017741699,-0.0822583,-2.3622582,-0.9222583
-2.8822584,-2.0922582,-2.4622583,-2.4322584,-1.6222583,-6.142258,-3.3122582,-4.9022584,-5.992258,-4.432258,-6.182258,-6.182258,-3.8822584,-2.4022584,0.5977417,-3.7622583,-3.9322584,-3.3422582,-4.5222583,-4.5422583,-5.6722584,-5.972258,-5.3122582,-4.722258,-6.5022583,-7.4622583,-6.392258,-3.2822583,-1.8122582,-0.092258304,-1.3222584,-2.0222583,-1.1622583,-1.4022583,-2.2022583,-1.9122583,-0.7522583,-3.0222583,-2.1322584,-1.6822582,-0.6122583
-3.4222584,-1.9422584,-5.6322584,-7.722258,-9.952258,-8.122258,-7.352258,-4.602258,-5.3622584,-5.0322585,-5.3122582,-4.412258,-3.1122582,-1.3722583,-2.5022583,-3.4822583,-3.6822584,-3.8022583,-2.7722583,-1.8222584,-4.2922583,-4.7822585,-4.2822585,-4.4822583,-5.182258,-6.1922584,-4.5422583,-3.4322584,-4.242258,-3.2522583,-3.4922583,-3.1122582,-3.4122584,-3.3622582,-2.1722584,1.0777417,-0.3822583,-1.8522583,-0.1322583,-0.3722583,0.017741699
-1.3722583,-3.7922583,-4.8122582,-5.392258,-7.0722585,-5.972258,-6.2522583,-3.9822583,-4.432258,-4.2922583,-3.7522583,-3.6922584,-3.1322584,-3.0022583,-3.1122582,-3.3222582,-2.9722583,-2.9822583,-2.8022583,-3.0622582,-2.5222583,-2.3322582,-2.6322584,-2.0022583,-2.3822584,-4.0322585,-3.6222582,-4.372258,-3.8722582,-3.4122584,-4.0122585,-4.222258,-3.4622583,-1.2322583,2.5377417,1.6277417,1.2877417,-0.2422583,1.3077416,-0.4222583,-0.3122583
-1.0422583,-3.8722582,-4.452258,-6.1922584,-1.2722583,-3.2122583,-3.0422583,-3.1322584,-3.7422583,-3.6522584,-3.3922584,-2.7022583,-3.2922583,-3.5222583,-3.5422583,-3.4722583,-2.4122584,-2.9622583,-2.4822583,-3.0622582,-2.1222582,-2.4522583,-2.0622582,-0.7422583,-1.0522583,-0.7522583,-2.4122584,-1.7222583,-3.7222583,-3.0422583,-4.182258,-4.2622585,-4.0222583,-2.9922583,-2.4822583,0.4377417,-1.3022583,3.2577417,3.6177416,3.2077417,2.1677418
0.8177417,-0.8222583,-1.7122583,-1.1622583,-0.7722583,-2.4622583,-2.4722583,-2.6922584,-2.8022583,-2.4122584,-2.4922583,-2.8022583,-3.5822582,-3.2322583,-3.2022583,-3.1422584,-2.5722582,-2.9822583,-2.9122584,-2.8222582,-2.6322584,-2.7322583,-2.0422583,-2.0322583,-2.1722584,-1.6222583,-1.6622583,-2.2222583,-2.1222582,-2.5222583,-3.0222583,-2.8522582,-1.8522583,-1.5922583,-0.3122583,1.6177417,-0.6922583,-1.5422583,-1.4622583,0.1477417,1.3077416
0.6377417,-2.6622584,-3.6622584,-3.7022583,-4.2122583,-2.7922583,-2.7022583,-2.7022583,-3.0222583,-2.4022584,-2.2322583,-2.8522582,-2.6822584,-2.6922584,-3.1222582,-2.9422584,-2.5122583,-2.8022583,-2.2522583,-3.0022583,-3.1422584,-2.8422582,-1.9322582,-2.1122582,-2.1222582,-1.9322582,-2.1322584,-1.8222584,-1.8822583,-2.9422584,-1.3422583,-0.9222583,-0.9822583,-0.4822583,-0.7922583,0.7077417,0.8277417,0.3577417,-0.2322583,-0.1222583,0.9077417
-2.0022583,-3.6322584,-3.4222584,-4.142258,-3.0322583,-2.0122583,-1.0422583,-1.9822583,-2.1322584,-3.0522583,-2.3022583,-2.7622583,-2.3622582,-2.4922583,-2.3022583,-2.4522583,-2.7022583,-2.0422583,-1.8222584,-2.7122583,-2.1822584,-1.9122583,-1.9522583,-1.6122583,-1.5222583,-1.5722584,-1.9522583,-1.4122583,-1.6622583,-1.2622583,-0.3322583,-0.2822583,-0.2722583,-0.3322583,-2.0522583,-0.0822583,-0.8522583,1.2577417,0.2777417,0.4377417,-0.2422583
-4.0922585,-4.2522583,-3.4722583,-2.7322583,-2.7822583,-1.5722584,-2.1722584,-1.7322583,-1.4222583,-1.9322582,-2.0522583,-2.6922584,-1.5922583,-1.4422584,-1.3522583,-1.5722584,-1.1022583,-0.8022583,-1.3722583,-1.5022583,-1.0322583,-1.6122583,-0.6722583,-0.5122583,-1.0922583,-1.5822583,-0.7322583,-1.0922583,-1.1622583,0.3377417,0.0977417,-0.2822583,-0.0422583,-0.2722583,0.2077417,-1.7322583,-1.2922583,-0.9222583,-0.7122583,-0.6922583,0.2777417
-1.2822583,-2.5722582,-2.7322583,-2.7522583,-2.0122583,-1.5422583,-2.6422584,-1.9122583,-2.3322582,-1.2422583,-0.8822583,-0.8122583,-0.6322583,0.0677417,0.5177417,-0.9822583,-0.7422583,-0.5822583,-0.1322583,-0.4022583,0.2577417,-0.6422583,-1.3522583,-0.032258302,-0.4922583,-0.1622583,-0.3322583,0.5177417,-0.0022583008,0.4477417,0.2777417,-0.1322583,0.7277417,2.3577416,0.6777417,0.6677417,0.2177417,-0.2722583,-0.3322583,-0.1222583,-0.3122583
-1.6722583,-2.3422582,-1.7322583,-2.3122582,-1.7722583,-1.2222583,-0.5922583,-0.9922583,-0.1922583,-0.4822583,-0.1422583,0.5677417,-0.4022583,-0.2822583,-0.5522583,-0.2422583,-0.1922583,-0.2722583,-0.4222583,-0.6822583,-0.1122583,-0.4422583,-0.6122583,0.3977417,0.2677417,0.6177417,0.2777417,0.3377417,1.3377417,0.6577417,1.4677417,1.1677417,1.3477417,1.3677417,1.1477417,1.1377417,0.3777417,1.0977417,1.0077417,1.2377417,-0.9822583
-0.9922583,-2.2822583,-1.4622583,-1.1122583,0.1677417,-0.1022583,0.9177417,0.057741698,-0.4022583,-0.5422583,-0.7622583,0.9877417,-0.0422583,-0.7422583,-0.3222583,-0.5122583,-0.4722583,-0.032258302,0.2677417,-0.032258302,-0.2422583,-0.8622583,-0.5722583,-0.2922583,-0.7522583,0.0777417,-0.2722583,0.1077417,0.4177417,1.2077417,1.2377417,2.0477417,2.7477417,2.5977416,2.0277417,2.3877418,1.9577417,2.5877416,2.7077417,1.8777417,0.1477417
