wind_kz.json
{"header": {"discipline":0,"disciplineName":"Meteorological products","gribEdition":2,"gribLength":871,"center":7,"centerName":"US National Weather Service - NCEP(WMC)","subcenter":0,"refTime":"2023-08-28T06:00:00.000Z","significanceOfRT":1,"significanceOfRTName":"Start of forecast","productStatus":0,"productStatusName":"Operational products","productType":1,"productTypeName":"Forecast products","productDefinitionTemplate":0,"productDefinitionTemplateName":"Analysis/forecast at horizontal level/layer at a point in time","parameterCategory":0,"parameterCategoryName":"UnknownDiscipline_0_Category_0","parameterNumber":0,"parameterNumberName":"UnknownParameter_D0_C0_0","parameterUnit":"Unknown","genProcessType":2,"genProcessTypeName":"Forecast","forecastTime":180,"surface1Type":1,"surface1TypeName":"Ground or water surface","surface1Value":0.0,"surface2Type":255,"surface2TypeName":"Missing","surface2Value":0.0,"gridDefinitionTemplate":0,"gridDefinitionTemplateName":"Latitude_Longitude","numberPoints":615,"shape":6,"shapeName":"Earth spherical with radius of 6,371,229.0 m","gridUnits":"degrees","resolution":48,"winds":"true","scanMode":64,"nx":41,"ny":15,"basicAngle":0,"lo1":47.0,"la1":41.0,"lo2":87.0,"la2":55.0,"dx":1.0,"dy":1.0}, "data":
[rows 0 to 14 of 15, columns 0 to 40 of 41]
297.7964,286.69638,290.2964,298.59637,298.59637,297.19638,300.09637,302.09637,299.4964,299.09637,297.09637,298.69638,297.7964,297.2964,295.3964,293.69638,291.59637,292.59637,290.9964,292.7964,294.69638,291.2964,289.19638,286.09637,291.9964,296.2964,289.7964,275.59637,277.69638,278.4964,276.59637,274.59637,288.3964,296.19638,295.2964,295.9964,297.69638,301.2964,299.4964,299.09637,297.59637
277.9964,290.09637,298.3964,298.8964,298.69638,296.9964,299.59637,298.19638,297.19638,296.7964,297.3964,294.69638,293.2964,292.09637,294.2964,293.9964,292.19638,290.69638,289.3964,289.59637,290.19638,291.69638,291.19638,282.4964,275.2964,274.7964,285.09637,276.69638,277.2964,273.4964,278.09637,271.4964,282.2964,263.8964,278.3964,293.09637,290.59637,295.7964,301.4964,293.59637,284.3964
292.69638,297.8964,298.59637,298.69638,296.9964,297.7964,297.3964,296.8964,295.8964,295.4964,293.8964,294.09637,290.09637,291.2964,291.7964,289.19638,288.59637,288.09637,288.09637,289.09637,289.9964,290.7964,292.7964,287.19638,287.3964,288.19638,288.9964,286.8964,285.4964,277.4964,273.8964,273.59637,278.3964,281.9964,283.8964,283.69638,277.4964,279.9964,281.09637,278.7964,279.69638
292.4964,298.09637,298.59637,297.7964,296.09637,295.9964,296.69638,295.4964,296.3964,295.7964,294.4964,293.3964,294.59637,293.7964,292.09637,289.4964,291.2964,289.8964,289.8964,288.69638,288.9964,285.7964,290.9964,291.8964,292.2964,292.4964,291.7964,289.2964,290.9964,292.3964,293.09637,287.09637,292.8964,293.9964,293.9964,285.09637,275.9964,278.59637,282.4964,290.4964,294.2964
294.9964,296.8964,297.69638,296.9964,296.3964,295.9964,297.19638,296.9964,295.2964,295.4964,295.4964,293.69638,294.2964,292.8964,290.69638,292.8964,291.7964,290.2964,287.9964,291.7964,291.8964,292.4964,290.09637,290.59637,289.09637,289.69638,287.09637,288.7964,285.7964,286.8964,291.3964,287.8964,279.8964,273.69638,281.7964,293.2964,294.59637,296.7964,297.7964,298.09637,297.4964
294.09637,292.2964,295.3964,295.2964,296.19638,295.59637,296.2964,299.09637,298.2964,296.2964,295.8964,295.19638,293.69638,293.9964,292.59637,291.19638,293.59637,291.7964,291.8964,291.59637,290.69638,290.8964,289.7964,289.69638,288.4964,287.2964,288.7964,292.2964,290.09637,291.3964,287.8964,289.69638,287.9964,286.4964,284.8964,289.09637,283.7964,285.7964,292.7964,296.69638,295.59637
295.8964,294.59637,301.69638,298.2964,296.8964,296.2964,296.69638,296.69638,296.4964,296.2964,294.7964,294.7964,293.59637,293.7964,292.19638,292.69638,291.59637,292.19638,291.2964,289.2964,289.3964,289.7964,290.09637,289.8964,288.3964,288.19638,286.9964,288.69638,289.3964,288.59637,288.59637,288.2964,289.19638,288.9964,288.09637,287.19638,285.09637,280.59637,280.8964,280.9964,292.09637
297.9964,300.2964,296.3964,296.2964,298.09637,296.59637,295.7964,294.59637,293.7964,293.59637,292.69638,292.69638,291.7964,292.8964,294.69638,292.59637,291.59637,291.8964,291.7964,287.19638,287.4964,289.4964,289.7964,289.2964,288.19638,282.7964,283.19638,285.2964,284.09637,286.19638,285.59637,286.69638,284.8964,285.59637,282.9964,286.7964,289.59637,289.2964,288.7964,290.2964,287.69638
297.2964,296.9964,298.3964,294.9964,294.8964,294.69638,292.59637,292.8964,291.4964,290.4964,290.3964,290.69638,290.19638,293.69638,289.9964,290.69638,293.19638,290.7964,293.2964,290.7964,288.59637,288.3964,288.2964,284.9964,283.4964,283.4964,283.9964,280.09637,282.59637,280.2964,281.09637,282.3964,283.8964,285.3964,284.2964,283.3964,281.69638,284.4964,276.8964,277.59637,276.09637
293.69638,294.9964,295.7964,294.8964,293.2964,291.69638,291.09637,290.7964,291.09637,289.2964,288.4964,288.4964,289.3964,289.59637,289.19638,291.19638,289.59637,291.3964,292.19638,289.8964,288.4964,287.7964,287.9964,287.59637,286.4964,284.3964,284.8964,284.19638,281.69638,283.69638,280.9964,284.69638,286.7964,286.3964,284.3964,287.09637,282.19638,278.2964,273.59637,277.09637,275.7964
295.2964,295.3964,292.2964,293.7964,295.7964,292.3964,293.59637,292.69638,288.8964,288.4964,291.2964,290.9964,288.3964,289.9964,290.19638,288.4964,289.3964,289.19638,290.09637,288.9964,288.4964,287.69638,286.4964,286.19638,286.19638,285.8964,284.09637,285.7964,284.9964,286.09637,286.59637,286.19638,286.4964,286.4964,284.19638,284.8964,280.59637,279.8964,275.2964,278.59637,276.2964
294.19638,292.3964,291.09637,291.69638,291.3964,292.9964,288.59637,287.3964,288.3964,287.4964,283.9964,286.2964,290.09637,288.69638,286.4964,288.3964,289.2964,286.9964,288.69638,288.9964,285.69638,283.7964,283.3964,283.4964,285.59637,284.4964,283.7964,284.59637,285.09637,286.19638,286.3964,286.19638,285.8964,283.8964,284.09637,283.3964,284.8964,282.8964,282.8964,281.69638,281.7964
289.9964,288.9964,291.2964,287.8964,290.9964,288.2964,287.2964,287.7964,285.2964,284.09637,282.9964,281.69638,285.4964,284.69638,285.09637,286.09637,285.4964,285.2964,288.09637,287.59637,284.2964,282.7964,281.8964,282.2964,283.7964,283.3964,284.4964,285.09637,283.19638,284.4964,285.69638,286.09637,285.9964,283.2964,283.19638,283.8964,282.4964,283.8964,284.4964,280.2964,284.09637
288.9964,290.69638,289.3964,289.3964,287.69638,287.59637,287.59637,286.7964,286.59637,284.7964,285.3964,281.69638,283.4964,287.09637,287.3964,286.59637,286.2964,287.4964,285.09637,285.09637,284.9964,284.3964,284.19638,284.2964,285.59637,284.3964,284.19638,283.7964,282.4964,282.9964,282.09637,282.19638,282.4964,282.69638,282.19638,281.2964,281.8964,281.4964,282.09637,282.69638,285.4964
289.4964,291.19638,289.8964,287.69638,288.09637,286.59637,287.4964,285.7964,288.2964,290.19638,288.59637,286.09637,284.9964,285.59637,285.3964,286.59637,286.59637,287.2964,287.2964,284.59637,284.9964,284.59637,284.7964,284.2964,283.4964,283.9964,284.09637,283.9964,283.69638,283.9964,284.09637,284.59637,284.19638,283.09637,281.19638,281.2964,281.2964,280.9964,282.09637,283.2964,284.19638
