wind_kz.json
{"header": {"discipline":0,"disciplineName":"Meteorological products","gribEdition":2,"gribLength":1025,"center":7,"centerName":"US National Weather Service - NCEP(WMC)","subcenter":0,"refTime":"2023-09-24T12:00:00.000Z","significanceOfRT":1,"significanceOfRTName":"Start of forecast","productStatus":0,"productStatusName":"Operational products","productType":1,"productTypeName":"Forecast products","productDefinitionTemplate":0,"productDefinitionTemplateName":"Analysis/forecast at horizontal level/layer at a point in time","parameterCategory":2,"parameterCategoryName":"UnknownDiscipline_0_Category_2","parameterNumber":3,"parameterNumberName":"UnknownParameter_D0_C2_3","parameterUnit":"Unknown","genProcessType":2,"genProcessTypeName":"Forecast","forecastTime":240,"surface1Type":103,"surface1TypeName":"Specified height level above ground","surface1Value":10.0,"surface2Type":255,"surface2TypeName":"Missing","surface2Value":0.0,"gridDefinitionTemplate":0,"gridDefinitionTemplateName":"Latitude_Longitude","numberPoints":615,"shape":6,"shapeName":"Earth spherical with radius of 6,371,229.0 m","gridUnits":"degrees","resolution":48,"winds":"true","scanMode":64,"nx":41,"ny":15,"basicAngle":0,"lo1":47.0,"la1":41.0,"lo2":87.0,"la2":55.0,"dx":1.0,"dy":1.0}, "data":
[rows 0 to 14 of 15, columns 0 to 40 of 41]
0.5695264,1.4495263,-0.9904736,-4.0004735,-1.9504737,1.9795264,1.0095264,-0.23047364,-0.22047363,-1.2204736,-3.2204735,-3.6004736,-3.4604735,-3.1404736,-2.7704737,-4.5704737,-5.1904736,-5.700474,-5.6104736,-4.8004737,-3.6604736,-1.9304737,-1.5704737,1.6795263,-3.3304737,2.3695264,1.2895263,1.9795264,-0.67047364,-2.7504737,-1.7004737,2.3295264,0.53952634,1.2395264,0.05952637,-0.20047364,0.7995264,0.6095264,0.6795264,-0.100473635,-1.0604737
1.8195263,1.2695264,-1.7104737,2.0995264,0.89952636,-3.9204736,-0.47047365,-0.35047364,-1.3504736,-2.5204737,-4.1504736,-2.7604737,-2.0404737,-3.2104735,-3.5304737,-4.200474,-4.7904735,-5.0404735,-5.2404737,-5.9404736,-5.7904735,-3.6604736,-1.0804737,1.1995263,1.8395264,0.35952637,1.5195264,1.3095263,-1.3604736,-0.7004736,-2.5704737,-2.3304737,-2.4204736,-2.1804736,0.049526367,2.7895265,1.4395263,1.7595264,1.1595263,-0.23047364,-1.0504737
1.5995264,1.4795264,1.1495264,3.0095263,2.8895264,4.0095263,0.35952637,-1.0104736,-1.7704736,-2.6304736,-3.5804737,-3.2004735,-2.5904737,-5.2704735,-3.8304737,-4.660474,-4.6504736,-5.120474,-5.3804736,-5.5504737,-6.5004735,-5.180474,0.119526364,1.5995264,-4.4804735,-3.3904736,-3.6404736,-3.5804737,-3.7404737,-2.6304736,-0.29047364,-2.2504737,-2.4104736,-2.3104737,-3.7104735,-1.1404736,-1.7704736,-3.8304737,0.37952638,-2.0804737,-2.1904736
0.38952637,-1.0804737,-1.6704736,-1.5004736,3.3095264,0.44952637,-0.78047365,-1.8404737,-2.6504736,-3.0204737,-2.6304736,-3.8104737,-4.450474,-5.0504737,-6.160474,-4.6104736,-4.390474,-4.8404737,-5.8304734,-6.4004736,-6.2704735,-4.1104736,-2.5604737,-3.8004737,-4.660474,-4.160474,-4.2104735,-2.5104737,-2.0304737,-3.1804736,-3.1004736,-3.8504736,-3.2304735,2.7395263,0.019526368,-0.21047363,0.66952634,1.2395264,0.33952636,-1.2904736,-1.2504736
0.06952637,-1.8204737,-2.8404737,-4.160474,-5.1104736,-1.7104737,-1.6604736,-1.4704736,-2.3204737,-3.0604737,-3.5004737,1.0895264,-2.7904737,-5.140474,-5.8804736,-4.1504736,-5.3404737,-5.140474,-5.4604735,-6.200474,-5.7604737,-5.2704735,-3.2104735,-2.7904737,-2.3604736,-2.7204735,-2.9404736,-3.6504736,-4.5404735,-4.4604735,-0.54047364,-0.31047362,2.3995264,-1.0804737,-1.3204737,0.8095264,-0.36047363,0.33952636,0.21952637,-0.45047364,-0.6904736
2.6095264,2.6595263,-0.050473634,-0.92047364,-1.4204736,-2.8304737,-2.0204737,-2.0204737,-2.0604737,-2.5004737,-2.7704737,-2.5304737,2.0195265,-0.010473633,-4.1104736,-4.6304736,-4.890474,-5.0604734,-5.6904736,-6.1704736,-5.6704736,-5.2404737,-4.9404736,-4.0504737,-3.8004737,-3.9504735,-3.6404736,-3.1104736,-1.7104737,-1.1304736,-1.5704737,1.0595263,0.47952637,-0.15047364,2.4895263,2.5595264,-0.43047363,-2.8604736,4.379526,1.5995264,-1.0704737
0.71952635,0.83952636,1.0095264,1.2195264,2.5995264,-0.31047362,-1.2104737,-1.2504736,-1.4604737,-2.2804737,-2.5604737,-2.5004737,-2.8204737,-3.0804737,-3.7904737,-4.2604737,-4.1504736,-5.0104737,-5.870474,-6.220474,-5.8104734,-5.6304736,-6.4804735,-6.430474,-6.0304737,-6.1304736,-5.0004735,-4.640474,-4.370474,-3.9704735,3.1195264,2.2495263,3.8595264,3.0895264,0.45952636,1.9895264,0.8095264,2.3495264,0.119526364,1.3695264,3.3595264
1.2795264,1.4595264,0.9995264,0.47952637,-0.24047363,-0.59047365,-1.0404736,-1.3804736,-1.5004736,-1.9304737,-2.1304736,-2.8004737,-2.8504736,-2.2704737,-2.8004737,-3.4204736,-3.4704735,-4.180474,-4.2704735,-5.3304734,-5.450474,-5.8604736,-6.200474,-6.2804737,-5.870474,-5.3304734,-6.7404737,-6.180474,-5.140474,-5.5204735,-1.5604737,0.20952636,0.5495264,2.8095264,2.7795265,1.8395264,-1.8804736,2.6995263,-1.8104737,0.31952637,-1.0604737
1.8895264,1.6595263,1.2295264,0.77952635,0.45952636,-0.24047363,-0.6904736,-1.0504737,-1.6604736,-2.2004735,-2.2704737,-2.5004737,-2.9904737,-2.8604736,-2.8204737,-2.6204736,-2.5704737,-2.0204737,-2.7704737,-3.7704737,-4.370474,-5.2504735,-5.6004734,-6.200474,-6.0704737,-5.5604734,-4.7304735,-4.9004736,-3.1704736,-5.8604736,-6.0404735,-5.220474,0.009526367,1.5095264,4.069526,2.5795264,0.82952636,3.2995265,3.5495265,1.2895263,0.23952636
1.6395264,1.4595264,0.64952636,0.09952637,0.08952637,0.119526364,-0.050473634,-0.43047363,-0.91047364,-1.3804736,-1.6504736,-2.2904737,-2.4604735,-2.6704736,-1.8704736,-2.1704736,-1.3804736,-1.2904736,-1.2804736,-1.9504737,-3.0904737,-4.7804737,-5.7404737,-4.3504734,-5.0904737,-5.2704735,-4.390474,-6.220474,-3.9104736,-4.6504736,-2.2804737,-5.4204736,-6.3204737,-4.8504734,2.2995265,2.1495264,1.8595264,-0.90047365,1.7595264,5.0095263,3.8995264
1.1395264,1.0195264,0.6295264,0.42952636,0.51952636,0.26952636,-0.33047363,-0.31047362,-0.47047365,-0.67047364,-0.5604736,-0.9504736,-2.3504736,-1.8904736,-2.3504736,-1.8004737,-1.7304736,-1.0304736,-0.18047363,-0.22047363,-1.2704736,-2.0004737,-2.5304737,-4.2604737,-2.2004735,-1.0104736,-2.6104736,-4.3204737,-4.140474,-5.0704737,-5.3804736,-4.9404736,-5.0004735,-3.1004736,2.6095264,3.4395263,2.0895264,2.7395263,2.9695263,0.9295264,0.8195264
1.5195264,1.6595263,0.97952634,0.58952636,0.09952637,0.06952637,-0.38047364,-0.55047363,-0.6204736,-0.54047364,-0.97047365,-1.0004736,-1.6804737,-1.7304736,-2.1904736,-0.27047363,-1.4304737,-1.3104737,-0.54047364,-0.030473633,0.37952638,0.26952636,-0.66047364,-1.1904737,-2.1904736,-3.6204736,-4.5604734,-2.2504737,-3.2104735,-3.2304735,-4.6104736,-6.910474,-2.2804737,-5.640474,-1.4604737,2.0395265,1.9395263,0.78952634,0.66952634,0.48952636,-0.31047362
1.0895264,1.0095264,0.83952636,0.52952635,-0.030473633,-0.20047364,0.17952637,0.30952635,-0.17047364,-0.31047362,0.05952637,-0.8904736,-1.4804736,-1.5304736,-1.7904736,-1.7104737,-1.0704737,-2.9704735,0.079526365,0.76952636,2.2795265,0.6295264,0.21952637,-0.67047364,-0.98047364,-1.0104736,-3.4604735,-3.9904737,-2.6104736,-1.9004736,0.21952637,-3.8904736,-5.9604735,-4.700474,-2.6204736,-2.5704737,-1.4404737,-0.42047364,-0.77047366,0.49952638,1.0995264
1.5995264,1.0395263,0.66952634,0.8595264,0.42952636,0.31952637,1.3295264,1.3195263,1.4895264,0.70952636,0.64952636,-0.6804736,-0.91047364,-1.3404737,-2.2704737,-2.2404737,-1.2104737,-0.8204736,0.70952636,1.1895263,0.65952635,0.40952638,1.5095264,1.2595264,0.6195264,-0.30047363,-1.3304737,-2.4404736,-2.6804736,-1.8304737,-1.3404737,-2.0504737,-2.5404737,-2.6904736,-3.6104736,-0.41047364,-0.49047363,0.09952637,-0.060473632,-1.1604736,1.0295264
1.9695264,1.6895263,1.4895264,1.8395264,1.9795264,1.6295264,1.4195263,1.3695264,1.7295264,0.8195264,1.4195263,1.8995264,0.52952635,-0.61047363,-1.3704736,-1.7504736,-1.2004737,-0.20047364,-0.5004736,0.69952637,1.1795263,0.8095264,1.7495264,1.7495264,1.5495263,1.1695263,-0.20047364,-1.6104736,-2.7404737,-2.0004737,-1.9504737,-0.8904736,-0.9904736,-1.2904736,-2.3304737,-2.2504737,-0.6304736,2.1295264,3.4395263,2.3695264,0.6195264
