wind_kz.json
{"header": {"discipline":0,"disciplineName":"Meteorological products","gribEdition":2,"gribLength":871,"center":7,"centerName":"US National Weather Service - NCEP(WMC)","subcenter":0,"refTime":"2023-10-05T18:00:00.000Z","significanceOfRT":1,"significanceOfRTName":"Start of forecast","productStatus":0,"productStatusName":"Operational products","productType":1,"productTypeName":"Forecast products","productDefinitionTemplate":0,"productDefinitionTemplateName":"Analysis/forecast at horizontal level/layer at a point in time","parameterCategory":0,"parameterCategoryName":"UnknownDiscipline_0_Category_0","parameterNumber":0,"parameterNumberName":"UnknownParameter_D0_C0_0","parameterUnit":"Unknown","genProcessType":2,"genProcessTypeName":"Forecast","forecastTime":120,"surface1Type":1,"surface1TypeName":"Ground or water surface","surface1Value":0.0,"surface2Type":255,"surface2TypeName":"Missing","surface2Value":0.0,"gridDefinitionTemplate":0,"gridDefinitionTemplateName":"Latitude_Longitude","numberPoints":615,"shape":6,"shapeName":"Earth spherical with radius of 6,371,229.0 m","gridUnits":"degrees","resolution":48,"winds":"true","scanMode":64,"nx":41,"ny":15,"basicAngle":0,"lo1":47.0,"la1":41.0,"lo2":87.0,"la2":55.0,"dx":1.0,"dy":1.0}, "data":
[rows 0 to 14 of 15, columns 0 to 40 of 41]
284.34384,279.14386,278.84384,293.24384,293.24384,291.84384,290.14386,293.14386,291.74384,292.74384,292.04385,293.24384,292.94385,293.04385,293.44385,291.24384,289.84384,288.94385,285.64386,290.64386,292.04385,289.64386,288.94385,285.54385,287.04385,289.54385,287.34384,274.54385,273.24384,272.94385,272.54385,268.94385,282.04385,287.74384,288.64386,289.04385,289.74384,288.44385,289.34384,289.64386,288.44385
267.84384,278.34384,293.14386,293.04385,292.94385,290.84384,288.94385,286.44385,287.94385,288.34384,290.14386,290.54385,290.44385,289.44385,288.24384,289.64386,290.04385,287.84384,284.04385,286.74384,288.64386,289.74384,288.34384,283.14386,271.84384,272.34384,281.74384,274.14386,274.94385,270.84384,276.44385,269.34384,275.74384,250.14384,265.14386,284.84384,283.44385,286.54385,289.84384,281.94385,283.54385
280.04385,292.64386,292.54385,292.54385,290.74384,284.84384,285.74384,287.14386,284.54385,285.74384,286.24384,288.34384,288.64386,289.24384,289.44385,287.24384,290.24384,289.24384,288.34384,289.14386,290.64386,287.44385,287.34384,285.04385,286.14386,287.24384,287.74384,286.34384,286.34384,280.44385,270.34384,273.34384,276.84384,275.84384,277.44385,277.34384,263.74384,269.14386,272.04385,268.84384,270.54385
280.14386,291.44385,292.34384,291.64386,288.34384,283.04385,283.84384,284.24384,285.34384,285.54385,285.54385,286.04385,289.44385,288.84384,288.44385,288.44385,289.54385,290.24384,288.54385,289.04385,287.24384,284.24384,289.64386,289.44385,289.64386,289.64386,289.44385,287.84384,285.64386,286.74384,286.94385,283.74384,286.84384,285.44385,284.54385,281.04385,268.74384,259.74384,271.54385,281.04385,285.54385
282.34384,290.34384,291.34384,291.04385,287.84384,283.94385,283.94385,284.84384,285.24384,285.64386,285.34384,284.74384,288.34384,287.14386,285.84384,289.84384,290.24384,291.14386,289.64386,290.84384,290.64386,289.44385,288.14386,288.34384,287.54385,287.34384,285.94385,286.64386,287.04385,287.44385,288.74384,285.34384,273.44385,258.84384,276.14386,282.14386,285.44385,284.64386,285.64386,287.34384,289.04385
281.14386,280.14386,288.74384,289.74384,290.34384,289.14386,284.54385,285.14386,284.54385,284.84384,285.54385,285.24384,287.64386,287.94385,288.64386,289.04385,290.84384,290.34384,290.24384,290.44385,288.94385,288.44385,287.54385,286.64386,286.14386,284.34384,284.34384,286.94385,286.74384,287.34384,286.94385,287.14386,284.84384,282.94385,282.64386,285.84384,278.24384,279.04385,285.04385,287.64386,288.14386
278.54385,278.54385,281.94385,283.04385,284.64386,283.64386,284.44385,283.94385,284.14386,284.24384,283.84384,284.54385,285.34384,286.94385,288.24384,289.14386,289.24384,290.64386,289.54385,288.24384,287.24384,288.04385,287.64386,287.04385,285.04385,284.34384,283.74384,285.04385,284.84384,285.44385,285.64386,285.34384,285.04385,285.64386,285.34384,284.04385,280.04385,277.14386,275.64386,273.74384,284.84384
279.24384,278.24384,280.34384,280.94385,283.04385,283.34384,283.54385,282.74384,281.84384,282.74384,282.44385,282.54385,283.24384,285.04385,287.34384,287.54385,288.24384,289.84384,290.14386,286.54385,285.44385,285.34384,285.24384,285.14386,283.94385,281.24384,281.24384,281.84384,281.44385,284.34384,283.24384,284.14386,282.84384,281.14386,281.34384,283.14386,284.34384,284.74384,284.44385,284.04385,281.74384
278.84384,278.34384,278.74384,277.54385,279.24384,280.34384,281.24384,281.74384,281.44385,280.34384,281.14386,280.44385,281.04385,283.04385,284.34384,286.04385,286.64386,287.04385,290.04385,287.94385,285.94385,284.44385,284.74384,284.14386,283.24384,283.04385,280.94385,280.54385,279.64386,278.84384,280.74384,282.84384,283.54385,283.94385,282.94385,282.44385,282.34384,281.74384,272.24384,272.74384,270.24384
278.14386,278.64386,278.24384,277.94385,278.34384,277.94385,278.34384,279.54385,280.04385,280.24384,279.54385,279.14386,280.14386,281.14386,281.54385,284.24384,285.34384,285.84384,289.14386,289.04385,287.64386,287.34384,285.54385,284.34384,284.24384,284.74384,283.64386,283.54385,282.24384,281.84384,282.54385,284.84384,285.94385,285.74384,284.34384,283.44385,282.04385,278.24384,274.14386,273.54385,271.24384
276.54385,276.94385,276.84384,276.84384,276.94385,276.14386,276.64386,277.34384,278.04385,278.54385,278.14386,278.24384,279.94385,280.54385,281.34384,281.54385,283.14386,283.84384,284.44385,285.94385,286.14386,286.64386,286.04385,284.84384,286.04385,285.94385,282.84384,284.64386,284.94385,286.24384,286.44385,286.74384,286.04385,286.44385,285.04385,283.04385,279.94385,276.94385,275.44385,276.74384,274.14386
274.04385,275.54385,275.84384,275.84384,275.64386,275.24384,274.34384,274.24384,275.54385,275.84384,275.84384,276.24384,278.44385,278.54385,280.14386,282.04385,281.74384,281.34384,282.44385,283.74384,285.64386,286.54385,286.64386,285.64386,285.14386,284.84384,283.64386,284.84384,285.94385,286.64386,286.44385,286.34384,286.24384,283.94385,284.64386,283.64386,283.84384,282.94385,282.14386,281.74384,280.54385
272.54385,273.44385,274.94385,275.84384,275.24384,275.34384,273.54385,273.44385,272.94385,273.74384,273.74384,273.84384,276.64386,276.14386,278.24384,279.74384,281.14386,280.94385,281.14386,281.14386,282.74384,285.34384,286.64386,286.34384,286.74384,286.04385,285.04385,284.44385,285.44385,285.84384,286.14386,286.14386,286.14386,285.14386,284.44385,283.64386,282.94385,284.14386,282.54385,281.34384,281.34384
272.24384,274.34384,280.34384,276.54385,276.04385,275.14386,274.14386,274.04385,274.24384,273.94385,273.44385,271.54385,272.74384,276.24384,277.24384,278.14386,279.24384,279.54385,280.74384,280.24384,280.84384,281.74384,285.04385,285.94385,286.64386,285.64386,284.84384,284.54385,284.94385,285.34384,285.14386,285.44385,285.24384,284.44385,283.94385,282.74384,282.44385,281.94385,281.54385,281.04385,280.94385
273.04385,274.24384,283.74384,276.34384,275.64386,275.44385,275.74384,275.24384,274.84384,275.14386,275.64386,273.74384,271.84384,273.04385,277.74384,276.44385,277.14386,277.84384,278.94385,280.34384,281.64386,280.14386,281.34384,282.04385,284.74384,284.84384,284.64386,285.44385,286.14386,285.34384,285.04385,283.94385,284.74384,284.64386,284.34384,283.64386,283.34384,282.24384,281.94385,282.64386,281.34384
