wind_kz.json
{"header": {"discipline":0,"disciplineName":"Meteorological products","gribEdition":2,"gribLength":1102,"center":7,"centerName":"US National Weather Service - NCEP(WMC)","subcenter":0,"refTime":"2023-09-09T06:00:00.000Z","significanceOfRT":1,"significanceOfRTName":"Start of forecast","productStatus":0,"productStatusName":"Operational products","productType":1,"productTypeName":"Forecast products","productDefinitionTemplate":0,"productDefinitionTemplateName":"Analysis/forecast at horizontal level/layer at a point in time","parameterCategory":2,"parameterCategoryName":"UnknownDiscipline_0_Category_2","parameterNumber":2,"parameterNumberName":"UnknownParameter_D0_C2_2","parameterUnit":"Unknown","genProcessType":2,"genProcessTypeName":"Forecast","forecastTime":0,"surface1Type":103,"surface1TypeName":"Specified height level above ground","surface1Value":10.0,"surface2Type":255,"surface2TypeName":"Missing","surface2Value":0.0,"gridDefinitionTemplate":0,"gridDefinitionTemplateName":"Latitude_Longitude","numberPoints":615,"shape":6,"shapeName":"Earth spherical with radius of 6,371,229.0 m","gridUnits":"degrees","resolution":48,"winds":"true","scanMode":64,"nx":41,"ny":15,"basicAngle":0,"lo1":47.0,"la1":41.0,"lo2":87.0,"la2":55.0,"dx":1.0,"dy":1.0}, "data":
[rows 0 to 14 of 15, columns 0 to 40 of 41]
-2.0696502,1.4203497,-1.5396503,-4.75965,-3.8896503,-5.7396502,-7.1196504,-4.33965,-7.2196503,-4.85965,-5.0196505,-4.1596503,-4.8496504,-5.0996504,-4.58965,-3.9196503,-3.3296502,-3.2696502,-3.5196502,-1.0196502,2.0403497,1.4403497,0.22034973,0.8103497,-0.17965026,0.6103497,2.5403497,4.39035,2.1603498,2.7803497,3.0003498,1.3403497,1.2203498,-0.86965024,-1.9396503,-1.3696502,0.29034972,-0.009650269,1.9503497,1.9503497,1.9703498
2.3303497,-1.8096503,-9.62965,-8.17965,-7.9896502,-3.8696504,-2.9396503,-1.8696502,-2.3896503,-2.7496502,-3.1596503,-4.29965,-4.60965,-3.0996504,-3.0396502,-1.6796503,0.22034973,0.8003497,1.6403497,1.8703498,2.9203498,3.6403496,3.6303496,0.33034974,-0.01965027,0.16034973,0.8003497,0.52034974,4.2303495,2.8603497,0.6203497,1.7503498,1.1303498,0.94034976,0.50034976,-0.02965027,1.3703498,0.78034973,-0.11965027,-2.0096502,-1.0596503
-1.0996503,-3.4696503,-1.8596503,-3.9796503,-5.0596504,-4.3096504,-4.9696503,-1.0696503,-2.2596502,-0.31965026,-0.5796503,-0.71965027,-1.5496503,-1.2196503,0.090349734,1.5703497,3.4703498,5.45035,6.24035,6.8003497,6.62035,5.68035,6.6703496,8.560349,3.4203498,2.7103498,-1.5196502,-4.45965,1.4603497,2.6203496,1.2903497,-0.96965027,-1.6096503,0.8003497,-0.05965027,1.5103498,2.3803496,0.21034974,4.39035,7.5303497,6.91035
-0.02965027,0.25034973,2.2803497,-0.8396503,-2.0496502,-1.5296502,-0.6896503,-0.54965025,0.43034974,-0.36965027,0.020349732,0.39034975,-1.5496503,-1.0696503,1.2103497,2.8903496,3.3203497,5.41035,7.6103497,8.16035,8.46035,9.390349,5.9803495,9.99035,10.15035,8.88035,6.39035,3.5303497,5.1303496,2.1403496,-6.3696504,-5.79965,-5.6196504,-3.3796504,-2.3596504,-0.15965027,1.7203498,2.3903496,-2.7896502,-3.1096504,-1.8496503
1.6103498,1.8603498,2.7703497,2.1903498,1.3003497,0.71034974,0.08034973,-0.06965027,-1.5796503,-1.2196503,-0.41965026,0.6603497,1.6903497,2.9403498,3.8103497,5.31035,4.9403496,6.6703496,7.1303496,8.74035,10.810349,12.120349,11.460349,9.74035,7.9403496,7.6703496,8.55035,5.5003495,2.9103498,2.3803496,4.5103498,0.96034974,2.6103497,2.2803497,-2.3896503,-0.7096503,-0.80965024,-2.7896502,-1.4196503,-0.29965028,0.44034973
4.31035,3.8103497,2.8603497,2.7903497,4.2103496,2.6103497,2.0403497,0.6003497,1.2403498,2.9903498,2.4503498,2.6103497,3.8103497,5.29035,6.12035,6.0103498,6.6103497,6.91035,7.54035,8.350349,10.350349,9.17035,7.9803495,7.10035,6.35035,7.41035,6.3803496,-0.20965026,-3.3396502,-4.4796505,-1.0296502,-2.7696502,-2.7596502,-0.6296503,0.9203497,2.2703497,5.35035,3.4103498,-2.5296502,-1.5596503,-2.9596503
5.4403496,3.8003497,5.0003495,2.6903498,3.2203498,3.0903497,4.0903497,3.0103498,3.3703496,3.1203496,4.58035,5.5003495,5.9203496,6.0503497,5.89035,6.7103496,6.3603497,6.5903497,7.0003495,6.5103498,5.5903497,1.2103497,2.6403496,4.85035,3.8603497,1.1503497,-3.7896502,-6.70965,-7.75965,-3.3396502,-4.64965,-5.10965,-4.45965,-2.9396503,-2.1996503,-0.049650267,1.5903497,-0.19965027,5.64035,-0.5096503,0.49034974
4.4603496,3.9803498,1.2303498,0.5503497,2.3703496,3.7203498,2.2803497,3.5003498,4.20035,4.9003496,5.8803496,6.08035,6.3203497,6.3603497,6.2103496,6.2803497,5.7603498,5.9203496,5.37035,3.3203497,1.2303498,-0.8896503,-3.1196504,-4.43965,-5.4296503,-5.41965,-5.3096504,-3.3196502,-4.6596503,-3.6596503,-3.1396503,-3.3296502,-1.7196503,-1.9496503,-1.3496503,-3.4296503,-1.9896502,1.4103497,3.9403498,3.4403498,3.9303498
0.77034974,0.7303497,5.4003496,1.4303497,2.2303498,2.0603497,2.6303496,3.2703497,4.8403497,5.4003496,5.91035,6.72035,7.0303497,6.6903496,6.1903496,5.5303497,5.7603498,5.8603497,5.72035,2.5303497,-1.9296503,-2.2396502,-1.7896503,-2.3596504,-3.7596502,-3.5796502,-3.2796502,-2.5996504,-2.2896502,-1.2196503,-0.74965024,0.6103497,0.36034974,0.6703497,0.6003497,-0.36965027,0.17034973,0.57034975,1.7503498,-0.43965027,1.2203498
-0.92965025,2.0503497,1.2503498,1.0103498,1.7703497,2.9703498,3.7403498,4.60035,5.9403496,6.12035,6.5703497,6.95035,7.0003495,7.0103498,6.9003496,7.2703495,7.0903497,6.18035,4.87035,1.0503497,-1.3296503,-0.79965025,2.3703496,-2.8196502,-3.9196503,-3.8896503,-3.1396503,-4.1996503,-3.5196502,-3.1896503,-3.6496503,-2.6996503,-0.7596503,0.37034974,-0.7696503,-2.6596503,0.32034972,0.19034973,2.7303498,1.2203498,1.0603497
0.15034974,-1.1796503,0.08034973,2.0603497,3.1003497,3.5303497,3.7903497,5.4403496,6.4803495,7.06035,7.72035,7.7603498,9.54035,9.19035,8.38035,7.7503495,6.4403496,4.7803497,3.3203497,-0.61965024,-0.86965024,6.37035,-4.1196504,-5.10965,-4.4896502,-5.81965,-6.12965,-5.2296505,-5.68965,-5.79965,-4.39965,-2.8596504,-2.3196502,-1.7896503,-2.5996504,-1.4596503,0.77034974,0.88034976,0.51034975,0.90034974,1.7003497
-2.7596502,-2.8396502,-2.0596502,-0.11965027,2.4503498,3.4903498,4.9603496,6.4803495,6.5103498,3.8403497,5.79035,7.2103496,7.24035,6.99035,4.9403496,5.3203497,3.3603497,2.4703498,-0.48965028,-2.8196502,5.39035,-3.0296502,-6.3496504,-4.52965,-5.54965,-5.68965,-7.4996505,-7.5196505,-6.2896504,-4.4496503,-2.2696502,-1.2796502,-2.7896502,-2.0796502,-2.0196502,-0.74965024,1.8903497,1.0803497,0.8003497,1.0003498,0.96034974
-1.3896502,-0.41965026,0.6703497,2.3003497,3.5603497,3.7903497,5.2703495,5.97035,8.17035,5.6303496,3.5103498,3.8803496,1.4303497,2.4003496,2.3103497,4.87035,0.59034973,-2.3496504,-2.4196503,-4.1596503,-5.9996505,-4.25965,-4.5796504,-6.1996503,-5.93965,-7.6396503,-6.79965,-6.20965,-4.41965,-4.02965,-4.1596503,-4.02965,-3.8096502,-2.3896503,-0.8396503,-0.20965026,0.65034974,1.6403497,2.9103498,2.5203497,1.7603498
1.2303498,1.4103497,3.1403496,3.6203496,4.7103496,5.6703496,5.8803496,4.2703495,0.060349733,1.7103497,0.36034974,-4.81965,-4.4896502,-6.4296503,-6.79965,-8.41965,-8.13965,-7.16965,-7.0996504,-5.7196503,-7.08965,-4.9096503,-6.3296504,-8.109651,-6.89965,-6.1396503,-5.4996505,-4.93965,-4.45965,-3.9596503,-3.0996504,-2.7496502,-2.3796504,-1.5896503,-0.20965026,0.8603497,0.82034975,1.5003498,2.0403497,1.7003497,1.2403498
2.5003498,4.3603497,5.62035,2.6603498,1.7003497,-1.2196503,-4.29965,-4.9496503,-6.58965,-8.01965,-5.0396504,-7.5596504,-6.39965,-5.79965,-8.59965,-8.53965,-9.67965,-8.44965,-7.7696505,-6.9996505,-7.4796505,-7.52965,-6.7496505,-6.14965,-5.6996503,-5.18965,-4.5796504,-3.8596504,-3.2296503,-2.9796503,-2.7996502,-1.8696502,-2.4596503,-1.6396502,-1.7996503,-1.0996503,-0.45965028,-0.35965025,-0.66965026,-1.2196503,-0.38965026
