wind_kz.json
{"header": {"discipline":0,"disciplineName":"Meteorological products","gribEdition":2,"gribLength":1025,"center":7,"centerName":"US National Weather Service - NCEP(WMC)","subcenter":0,"refTime":"2024-03-19T12:00:00.000Z","significanceOfRT":1,"significanceOfRTName":"Start of forecast","productStatus":0,"productStatusName":"Operational products","productType":1,"productTypeName":"Forecast products","productDefinitionTemplate":0,"productDefinitionTemplateName":"Analysis/forecast at horizontal level/layer at a point in time","parameterCategory":2,"parameterCategoryName":"UnknownDiscipline_0_Category_2","parameterNumber":3,"parameterNumberName":"UnknownParameter_D0_C2_3","parameterUnit":"Unknown","genProcessType":2,"genProcessTypeName":"Forecast","forecastTime":60,"surface1Type":103,"surface1TypeName":"Specified height level above ground","surface1Value":10.0,"surface2Type":255,"surface2TypeName":"Missing","surface2Value":0.0,"gridDefinitionTemplate":0,"gridDefinitionTemplateName":"Latitude_Longitude","numberPoints":615,"shape":6,"shapeName":"Earth spherical with radius of 6,371,229.0 m","gridUnits":"degrees","resolution":48,"winds":"true","scanMode":64,"nx":41,"ny":15,"basicAngle":0,"lo1":47.0,"la1":41.0,"lo2":87.0,"la2":55.0,"dx":1.0,"dy":1.0}, "data":
[rows 0 to 14 of 15, columns 0 to 40 of 41]
2.3362353,-1.7137647,-0.13376465,4.5562353,2.2062354,0.78623533,-0.52376467,0.30623534,0.026235351,-0.5837647,0.006235352,0.05623535,-1.1837647,-2.8637648,-2.7037647,-2.4937646,-1.5137646,0.9262354,1.2962353,4.1262355,-1.4037646,-0.6337646,-2.7237647,0.71623534,0.14623535,-0.8937647,0.13623536,2.4062355,1.0662353,-0.98376465,-2.9237647,-3.8137646,-0.47376466,-2.2037647,-4.4437647,-2.8637648,0.05623535,0.28623536,2.4262354,1.2662354,-3.2137647
5.656235,2.0762353,3.1962354,2.6262352,1.5062354,0.28623536,-0.71376467,0.88623536,-1.0537647,-1.1737647,-0.62376463,-0.61376464,-1.9337647,-1.2637646,-1.9837646,-2.3537645,-1.4037646,-0.36376464,0.25623536,0.77623534,3.0562353,3.3962355,3.4562354,2.9662354,2.8862352,3.1562355,0.6662353,2.9262354,1.5862354,2.7162354,4.3762355,3.4762354,-1.4537647,-3.8537645,-3.4037647,0.46623534,1.1362354,0.44623536,-0.08376465,-0.44376466,-2.3037646
0.87623537,3.1762354,2.7862353,1.7462354,1.4862354,0.88623536,0.94623536,-0.40376464,0.016235352,-0.8837646,-0.9537647,-2.2837646,-1.8837646,-1.4537647,-0.84376466,-0.80376464,-0.7537646,-0.44376466,0.42623535,1.2262354,1.5062354,1.8262353,4.6062355,6.736235,5.3362355,-0.103764646,1.2162354,-0.97376466,-0.06376465,1.9862354,4.136235,1.7262354,2.1462355,-2.0137646,-1.4037646,-0.60376465,0.49623534,-2.6937647,0.13623536,-1.3637646,-2.1137648
0.16623536,1.5962354,0.6762354,-0.85376465,-0.31376466,0.63623536,-0.74376464,-0.03376465,-0.54376465,-1.4737647,0.19623536,-2.5237646,-4.5037646,-4.9137645,-3.3637648,-3.6337647,-4.0037646,-3.7337646,-3.1037645,-0.06376465,1.9362353,5.716235,-0.42376465,6.696235,4.3362355,3.4762354,0.43623534,0.50623536,0.32623535,-3.6837647,2.5362353,-0.8937647,-1.6637646,-0.6937646,0.006235352,-0.39376464,1.8562354,2.4462354,3.0062354,1.0162354,0.06623535
0.84623533,0.6662353,-0.33376464,-0.55376464,-0.24376465,-0.16376466,-0.19376464,-0.24376465,-1.0337646,-1.0837647,1.1162354,-1.9637647,-5.1637645,-5.9437647,-5.4637647,-4.013765,-4.5437646,-5.3137646,-4.3137646,-3.6737647,1.9862354,3.6962354,4.3962355,4.0862355,0.30623534,-1.8037647,4.3262353,4.636235,2.9562354,2.6862354,0.82623535,-0.7637646,2.6462355,1.4462353,-0.9437646,-0.6437647,-0.73376465,0.006235352,0.97623533,1.0762353,-0.5837647
-1.3137647,0.65623534,-0.26376465,-0.44376466,-0.09376465,-1.6337646,-1.6037647,0.026235351,-0.22376464,-0.24376465,-1.3737646,-2.4337647,-3.7837646,-5.9637647,-4.9237647,-5.7137647,-5.4337645,-5.4437647,-6.3737645,-5.3537645,-4.7337646,-4.5437646,-0.5037646,2.7162354,2.8562353,1.2862353,0.13623536,2.3262353,3.6262352,2.8462353,2.5762353,-0.0037646485,1.6662353,0.59623533,0.9862354,0.006235352,-0.91376466,0.31623536,-0.99376464,0.27623534,0.13623536
-1.7037647,-1.2337646,-1.2037647,-1.6637646,1.2062354,-0.043764647,0.21623535,0.19623536,-0.60376465,-0.68376464,-1.2737646,-1.4437647,-3.7537646,-4.9237647,-5.013765,-5.4537644,-5.0037646,-5.6037645,-5.593765,-4.513765,-6.283765,-6.6237645,-5.263765,-3.2837646,-0.6937646,-0.43376464,-3.4137647,-2.9537647,-2.4637647,1.5662353,-0.21376465,-2.6137648,-4.4637647,-1.0637647,-0.6937646,-0.37376463,-1.2037647,-0.77376467,-1.2837646,-0.48376465,-0.47376466
-1.9737647,-1.3337647,-1.4837646,-1.7637646,-1.5637647,-1.1137646,-0.67376465,0.12623535,0.44623536,-0.45376465,-1.5937647,-1.2537646,-3.7437646,-3.9837646,-4.8737645,-5.1537647,-5.4437647,-5.8537645,-5.2237644,-3.8137646,-5.6037645,-6.053765,-6.1737647,-4.4137645,-3.4537647,-0.8837646,-1.1737647,-2.6337647,-2.8337646,-4.1637645,-3.3437645,-2.5637646,-1.3637646,-4.1937647,-0.09376465,0.35623536,0.05623535,0.18623535,-0.32376465,0.84623533,-0.7637646
-2.2437646,-2.1837647,-1.6337646,-1.2337646,-1.1037647,-0.9537647,-0.49376464,-0.16376466,-0.23376465,-0.32376465,-0.86376464,-1.2237647,-2.0937645,-3.3737648,-4.093765,-4.9037647,-4.6837645,-4.7737646,-4.2137647,-4.593765,-2.5837646,-5.2737646,-5.7537646,-4.1637645,-2.7837646,-2.3837647,-0.8937647,-1.9137646,-0.92376465,-0.84376466,-1.5837647,-2.3437645,-1.0237646,-2.1337647,-0.28376466,-1.3037647,-2.9237647,-1.4637647,-1.4837646,-1.0937647,-3.2237647
-1.6537646,-2.0237646,-1.3637646,-1.5037646,-1.4837646,-1.4337647,-0.53376466,-0.45376465,-0.043764647,-0.11376465,0.21623535,-0.96376467,-1.2837646,-2.7837646,-2.8337646,-3.4337647,-3.2037647,-3.4337647,-2.9737647,-2.7337646,-2.2037647,-2.2537646,-2.5337646,-3.0737646,-2.6337647,-1.8237647,-2.1337647,-0.86376464,-1.9737647,-1.5137646,0.78623533,0.05623535,-1.5237646,-0.91376466,0.42623535,1.0262353,0.046235353,-3.2237647,0.08623535,3.4262354,3.7762353
-1.9037646,-1.6537646,-1.2637646,-1.8037647,-1.6237646,-0.7537646,-0.31376466,-0.34376466,-0.47376466,-0.59376466,-0.33376464,-0.19376464,-1.9437647,-0.31376466,-1.8937646,-2.2837646,-3.3537645,-3.2637646,-2.6537647,-2.7837646,-1.2637646,-1.7037647,-2.8937647,-2.5037646,-2.2737646,-1.6737647,-1.3437647,-2.0737646,-1.5637647,-0.17376465,-0.16376466,0.12623535,-1.7837646,-0.73376465,0.58623534,0.53623533,0.12623535,1.7262354,1.5062354,1.1362354,0.03623535
-1.3037647,-1.8937646,-1.2637646,-1.3937646,-0.99376464,-1.9137646,-1.5737647,-1.1137646,-1.3737646,0.06623535,-0.29376465,-0.13376465,0.94623536,0.94623536,0.9962354,-0.31376466,-1.4637647,-2.1637647,-2.1237648,-2.1937647,-2.7837646,-2.8337646,-2.6337647,-2.0737646,-1.3337647,-1.2237647,1.4262353,-0.96376467,-0.68376464,-0.36376464,1.2162354,1.6462353,0.77623534,1.4662354,1.2462354,1.2962353,1.1462353,-0.11376465,0.7962353,0.56623536,0.36623535
-0.62376463,-1.0237646,-1.4837646,-0.013764649,-0.9437646,-0.37376463,-0.97376466,-1.4637647,-1.1237646,0.30623534,-0.17376465,-0.8237646,0.93623537,0.106235355,0.6162354,-0.05376465,0.03623535,-0.40376464,0.16623536,0.31623536,0.6762354,0.9162353,0.8562353,0.18623535,-0.9437646,0.57623535,0.026235351,-0.05376465,0.49623534,0.81623536,0.9862354,1.0862354,1.2762353,1.7962353,1.8262353,1.8162353,1.5862354,1.5462353,2.2862353,2.3862352,1.7662354
0.30623534,0.41623536,0.6762354,0.28623536,-0.31376466,-0.62376463,-0.8937647,-0.81376463,0.21623535,-0.77376467,0.53623533,-0.27376464,-0.48376465,0.37623537,0.31623536,0.32623535,-0.31376466,-0.03376465,0.19623536,0.016235352,0.20623535,1.1262354,0.69623536,0.21623535,0.046235353,-0.18376465,-0.5037646,0.016235352,0.45623535,0.56623536,0.9262354,1.4262353,2.3762352,2.7262354,2.2562354,2.9062355,2.9862354,3.0462353,2.3662353,2.7262354,3.0062354
0.14623535,0.12623535,1.4062353,1.8062353,-0.31376466,-0.23376465,-0.30376464,-0.23376465,0.12623535,1.1362354,-0.07376465,0.32623535,0.37623537,-0.41376466,-0.59376466,-1.0237646,-0.87376463,-0.92376465,-0.06376465,-0.24376465,-0.07376465,-0.20376465,0.13623536,-0.07376465,-0.78376466,-0.73376465,-0.42376465,-0.22376464,-0.17376465,0.33623534,0.18623535,0.6162354,1.2062354,1.7762353,2.3162353,2.1662354,2.6462355,4.256235,4.0462356,5.7462354,3.0862353
