wind_kz.json
{"header": {"discipline":0,"disciplineName":"Meteorological products","gribEdition":2,"gribLength":1025,"center":7,"centerName":"US National Weather Service - NCEP(WMC)","subcenter":0,"refTime":"2024-04-06T18:00:00.000Z","significanceOfRT":1,"significanceOfRTName":"Start of forecast","productStatus":0,"productStatusName":"Operational products","productType":1,"productTypeName":"Forecast products","productDefinitionTemplate":0,"productDefinitionTemplateName":"Analysis/forecast at horizontal level/layer at a point in time","parameterCategory":2,"parameterCategoryName":"UnknownDiscipline_0_Category_2","parameterNumber":2,"parameterNumberName":"UnknownParameter_D0_C2_2","parameterUnit":"Unknown","genProcessType":2,"genProcessTypeName":"Forecast","forecastTime":60,"surface1Type":103,"surface1TypeName":"Specified height level above ground","surface1Value":10.0,"surface2Type":255,"surface2TypeName":"Missing","surface2Value":0.0,"gridDefinitionTemplate":0,"gridDefinitionTemplateName":"Latitude_Longitude","numberPoints":615,"shape":6,"shapeName":"Earth spherical with radius of 6,371,229.0 m","gridUnits":"degrees","resolution":48,"winds":"true","scanMode":64,"nx":41,"ny":15,"basicAngle":0,"lo1":47.0,"la1":41.0,"lo2":87.0,"la2":55.0,"dx":1.0,"dy":1.0}, "data":
[rows 0 to 14 of 15, columns 0 to 40 of 41]
0.776626,0.94662595,-0.42337403,-1.7733741,-2.943374,-3.023374,-6.383374,-6.723374,-7.103374,-4.413374,-4.683374,-4.363374,-3.643374,-2.9633741,-2.593374,-2.363374,-1.4133741,-0.963374,-1.083374,-0.94337404,-0.713374,-1.753374,-1.203374,2.546626,0.12662597,0.16662598,2.016626,3.436626,1.056626,1.3366259,-1.0433741,1.5866259,0.21662597,0.11662598,-0.19337402,0.796626,2.256626,1.556626,1.2166259,1.926626,1.146626
1.9766259,-3.643374,-6.383374,-5.723374,-7.193374,-5.983374,-5.723374,-5.703374,-5.273374,-4.053374,-2.303374,-1.493374,-0.663374,-0.343374,-0.80337405,-0.41337404,-0.29337403,-1.593374,-0.22337402,1.006626,2.856626,1.566626,1.036626,0.07662597,-0.29337403,-0.023374023,1.126626,0.73662597,1.5866259,1.006626,0.93662596,-0.073374026,-0.82337403,1.136626,0.956626,2.186626,1.3466259,2.106626,2.236626,1.356626,-0.30337402
-4.513374,-5.883374,-6.543374,-6.043374,-6.363374,-5.373374,-5.153374,-4.133374,-3.763374,-3.143374,-1.203374,-0.56337404,-1.303374,-0.013374023,1.076626,1.746626,0.75662595,0.886626,0.99662596,1.136626,2.426626,4.596626,3.256626,3.006626,3.126626,0.966626,3.926626,2.086626,3.956626,0.62662596,0.836626,1.2266259,0.12662597,0.516626,1.366626,1.396626,-0.81337404,-0.313374,-1.703374,1.276626,1.9666259
-7.543374,-6.703374,-6.253374,-5.223374,-3.873374,-4.723374,-2.743374,-3.273374,-2.823374,-1.933374,-1.093374,0.07662597,1.626626,0.666626,0.94662595,2.116626,1.816626,2.216626,3.056626,3.856626,2.616626,2.136626,5.306626,4.986626,4.666626,4.846626,3.616626,4.806626,2.506626,1.806626,2.756626,1.946626,-1.263374,-0.45337403,-1.6533741,0.036625978,-1.073374,1.296626,-2.143374,-1.323374,-7.243374
-6.413374,-5.443374,-4.363374,-4.863374,-3.403374,-2.803374,-1.263374,-1.093374,0.07662597,-0.36337402,-0.63337404,0.22662598,1.366626,2.006626,2.806626,2.666626,3.056626,3.5366259,4.496626,5.416626,5.306626,5.766626,6.616626,6.746626,7.686626,7.116626,7.066626,5.726626,5.326626,7.766626,5.846626,2.836626,3.456626,1.256626,-4.073374,-3.003374,-2.313374,-5.023374,-4.213374,-4.3433743,-4.453374
-4.023374,-3.543374,-2.773374,-2.233374,-0.953374,0.38662598,1.406626,2.296626,2.996626,2.886626,2.926626,3.076626,2.576626,3.476626,2.146626,4.306626,4.586626,4.646626,4.486626,4.706626,5.786626,5.886626,5.596626,5.716626,6.836626,8.216626,8.936626,5.686626,8.936626,6.036626,6.206626,8.636626,5.646626,4.136626,2.226626,4.576626,0.046625976,-0.523374,-1.973374,-2.273374,0.14662598
-0.39337403,0.14662598,1.2166259,2.726626,3.396626,4.076626,4.576626,4.166626,4.046626,4.476626,4.696626,4.796626,3.976626,3.956626,3.376626,3.516626,5.1566257,5.926626,5.6566257,5.376626,5.866626,5.376626,5.576626,5.466626,7.036626,7.896626,8.486626,9.6466255,4.556626,7.256626,7.016626,7.426626,5.516626,4.756626,4.636626,3.686626,0.08662598,2.426626,-1.733374,2.056626,-0.30337402
1.876626,2.586626,3.426626,4.116626,4.486626,4.776626,5.196626,4.926626,5.436626,5.296626,5.606626,5.796626,5.856626,5.176626,4.796626,4.556626,5.336626,6.476626,5.966626,6.296626,6.246626,6.456626,5.956626,5.286626,6.096626,5.946626,7.026626,7.076626,8.496626,7.176626,6.226626,7.076626,5.576626,4.476626,4.166626,7.446626,-0.38337404,-0.13337402,-0.62337404,-6.423374,-5.473374
4.706626,5.726626,6.066626,6.346626,6.426626,6.516626,6.616626,6.266626,6.316626,7.066626,7.516626,6.976626,7.976626,6.736626,5.966626,5.026626,6.266626,6.1566257,6.706626,6.766626,6.996626,6.946626,6.066626,5.866626,6.526626,6.526626,6.716626,7.046626,7.426626,8.406626,7.936626,6.476626,6.716626,3.226626,6.086626,-1.603374,0.026625976,-3.503374,-1.683374,-0.87337404,0.606626
5.466626,5.896626,5.606626,5.776626,6.106626,6.256626,6.136626,6.556626,7.526626,8.1466255,8.426626,8.626626,7.706626,8.666626,7.436626,6.586626,5.776626,6.466626,6.566626,7.076626,6.256626,6.166626,6.146626,6.576626,6.166626,6.356626,5.556626,5.846626,7.226626,8.356626,8.516626,6.726626,4.966626,3.816626,2.646626,0.68662596,-2.593374,-1.213374,2.0266259,-0.24337402,-1.003374
4.836626,5.326626,5.306626,5.886626,5.816626,5.966626,6.806626,7.286626,7.446626,7.856626,7.456626,7.346626,7.436626,9.066626,9.006626,6.876626,6.076626,6.766626,5.926626,7.256626,7.816626,7.206626,6.836626,6.316626,6.196626,6.096626,6.9066257,6.926626,6.196626,6.386626,6.256626,6.816626,5.4066257,4.046626,4.696626,-1.093374,-0.913374,0.846626,1.986626,-0.33337402,1.236626
5.026626,5.196626,5.446626,5.596626,5.966626,5.526626,5.746626,6.126626,6.996626,3.836626,4.786626,7.336626,6.726626,8.636626,9.166626,6.206626,6.536626,6.496626,4.716626,7.056626,7.136626,7.776626,6.586626,6.976626,6.466626,6.036626,7.106626,6.326626,7.306626,7.276626,6.746626,6.236626,4.936626,5.766626,5.086626,5.856626,3.016626,4.046626,2.406626,1.9566259,0.81662595
4.416626,4.9066257,3.696626,4.306626,4.086626,3.336626,4.586626,5.096626,5.476626,5.006626,2.226626,4.666626,5.856626,6.336626,6.796626,7.426626,6.566626,4.646626,4.9066257,6.416626,5.486626,6.876626,7.106626,6.986626,7.126626,4.846626,4.926626,6.076626,6.026626,7.046626,7.246626,6.286626,5.726626,5.626626,6.486626,4.506626,3.656626,3.126626,2.7866259,4.476626,-1.143374
4.856626,3.376626,2.246626,3.336626,3.686626,4.946626,5.466626,4.226626,5.386626,5.666626,1.426626,4.266626,5.426626,5.846626,5.846626,5.616626,4.876626,4.776626,4.316626,5.086626,5.786626,5.506626,7.1566257,7.386626,7.396626,6.886626,7.206626,4.996626,6.096626,5.366626,6.436626,6.716626,5.526626,5.216626,4.996626,3.5266259,2.266626,2.0366259,1.196626,3.226626,2.356626
1.366626,1.486626,3.646626,3.426626,5.016626,4.856626,5.276626,5.466626,5.366626,5.186626,3.506626,5.716626,5.296626,3.936626,5.346626,5.466626,6.726626,5.556626,4.226626,4.856626,5.046626,4.596626,5.596626,6.056626,5.866626,5.746626,5.886626,4.446626,4.886626,6.196626,4.886626,5.296626,6.046626,4.816626,3.346626,2.046626,2.256626,5.336626,3.896626,0.036625978,-1.713374
