wind_kz.json
{"header": {"discipline":0,"disciplineName":"Meteorological products","gribEdition":2,"gribLength":1025,"center":7,"centerName":"US National Weather Service - NCEP(WMC)","subcenter":0,"refTime":"2023-09-27T00:00:00.000Z","significanceOfRT":1,"significanceOfRTName":"Start of forecast","productStatus":0,"productStatusName":"Operational products","productType":1,"productTypeName":"Forecast products","productDefinitionTemplate":0,"productDefinitionTemplateName":"Analysis/forecast at horizontal level/layer at a point in time","parameterCategory":2,"parameterCategoryName":"UnknownDiscipline_0_Category_2","parameterNumber":3,"parameterNumberName":"UnknownParameter_D0_C2_3","parameterUnit":"Unknown","genProcessType":2,"genProcessTypeName":"Forecast","forecastTime":0,"surface1Type":103,"surface1TypeName":"Specified height level above ground","surface1Value":10.0,"surface2Type":255,"surface2TypeName":"Missing","surface2Value":0.0,"gridDefinitionTemplate":0,"gridDefinitionTemplateName":"Latitude_Longitude","numberPoints":615,"shape":6,"shapeName":"Earth spherical with radius of 6,371,229.0 m","gridUnits":"degrees","resolution":48,"winds":"true","scanMode":64,"nx":41,"ny":15,"basicAngle":0,"lo1":47.0,"la1":41.0,"lo2":87.0,"la2":55.0,"dx":1.0,"dy":1.0}, "data":
[rows 0 to 14 of 15, columns 0 to 40 of 41]
0.06846435,-1.1815356,0.99846435,-4.061536,-4.791536,-1.1615356,-0.95153564,-0.8515356,-2.4215357,-3.1015356,-4.561536,-3.7015357,-3.3715355,-3.4515357,-3.4715357,-2.3415356,-1.7515357,-1.9115356,-1.4015356,-0.9115356,0.99846435,1.0284643,0.16846436,-0.031535644,-1.7315357,-1.0415356,-1.1115357,1.1584643,0.39846435,-0.27153563,-2.2315357,-2.4815357,-0.021535644,-1.2015357,1.6984644,1.9484644,1.6384643,1.5584644,3.0884643,2.7884643,1.6984644
2.3284643,1.4584644,-0.031535644,-3.2115357,-2.7015357,-0.031535644,-1.9415356,-0.6615356,-1.4515357,-2.7615356,-4.0115356,-5.3615355,-4.2415357,-3.4815357,-4.811536,-4.851536,-1.6715356,-1.4615357,-2.4815357,-2.5915356,-1.1715356,-1.8815356,1.6184644,1.2784643,-0.33153564,-0.31153566,-3.3115356,1.6384643,0.43846434,1.3384644,2.6984644,2.5184643,0.12846436,-2.9715357,-3.4215357,-0.7215356,-1.3815356,-2.0115356,-0.20153564,-0.34153566,0.86846435
2.8984644,2.6884644,-0.051535644,-1.4815357,-1.6315356,-0.96153563,0.17846435,-1.3615357,-2.3815355,-3.6115355,-4.351536,-3.1115355,-4.0115356,-3.8615355,-4.061536,-3.9615357,-2.9115357,-2.8215356,-2.5215356,-2.8215356,-0.9815357,-1.6615356,-1.5015357,-0.7915356,0.098464355,-0.17153564,-0.26153564,0.41846436,-0.27153563,0.84846437,3.4484644,1.2684643,1.2984643,-0.14153564,-1.1815356,1.8284644,1.8784643,-0.34153566,-0.36153564,-0.5415356,0.17846435
0.26846436,-0.26153564,-0.32153565,-0.21153565,-1.3415357,-1.1715356,-1.1115357,-1.7415357,-2.2415357,-2.8215356,-3.2815356,-4.081536,-5.311536,-4.9615355,-3.7915356,-3.9815357,-3.7415357,-3.2715356,-3.2715356,-4.3415356,-0.77153563,-1.2915356,1.7884643,0.43846434,-0.7815356,-1.0615356,-1.2415357,-0.49153563,2.1084642,0.63846433,-2.2215357,-0.88153565,-0.29153565,-0.0015356445,-0.18153565,-2.2415357,-0.49153563,3.3684645,1.5184643,-0.40153563,1.5184643
-1.2115357,-1.0015357,-0.64153564,-0.69153565,-0.95153564,-1.5915357,-2.2615356,-1.4615357,-2.4015357,-2.5115356,-3.0115356,-3.3915358,-3.7015357,-4.2015357,-4.791536,-4.0915356,-3.4615357,-3.1615357,-3.0815356,-3.1215355,-1.9115356,-0.70153564,-1.2315357,-0.70153564,-0.8415356,-0.90153563,-1.0415356,0.14846435,0.18846436,-0.62153566,-1.2715356,-0.14153564,0.098464355,1.9484644,-1.3215356,-0.7915356,-4.1115355,-1.4315356,0.8284643,0.75846434,-0.75153565
-0.7815356,-1.1615356,-2.0015357,-1.8015356,-2.4815357,-2.7615356,-2.6115355,-3.2015357,-2.3015356,-2.3615355,-2.7515357,-2.7415357,-3.9815357,-4.0115356,-3.6715357,-3.8315356,-3.5615356,-2.8515356,-2.9915357,-1.5015357,-1.9015356,-0.90153563,0.038464356,-0.32153565,-0.48153564,-0.50153565,0.17846435,-0.021535644,-1.7015357,-0.58153564,-0.64153564,-1.7215357,-1.9315356,-1.7415357,1.8984643,-0.6715357,0.45846435,-1.0915357,0.14846435,1.3784643,-0.8415356
-1.2215357,-1.1515356,-2.0715356,-3.0515356,-3.6715357,-3.3215356,-3.5515356,-2.1915357,-2.4015357,-2.0915356,-2.4115357,-1.2015357,-1.7415357,-2.5615356,-2.8515356,-3.1015356,-3.1915357,-2.7415357,-3.0215356,-1.9915357,0.5284644,-1.5315356,-1.0915357,-0.99153566,-2.0415356,-1.4315356,-1.7515357,-1.4715357,1.0684644,3.8784645,1.8584644,-1.3215356,-2.6315355,-4.1415358,-0.051535644,-0.18153565,-2.2815356,-2.1115355,-2.2815356,-1.1515356,-4.0515356
-1.4715357,-1.5915357,-1.4115356,-2.0515356,-2.8215356,-2.7715356,-3.7415357,-3.4815357,-2.8715355,-3.7115357,-3.3115356,-2.2815356,-2.6615357,-2.9615357,-2.4315357,-2.5615356,-2.0115356,-2.4715357,-3.0015357,-2.7215357,-0.20153564,1.2684643,0.69846433,-1.7615356,-1.4715357,-0.6715357,-0.9815357,-0.93153566,-0.051535644,1.9184643,0.80846435,1.2884643,-0.71153563,-2.5015357,-0.7815356,-0.57153565,-1.5215356,-0.87153566,-0.82153565,-0.31153566,-1.3615357
-1.1115357,-2.2715356,-2.1515357,-1.9815357,-2.4815357,-3.1415358,-3.4415357,-3.7615356,-3.6715357,-2.2615356,-2.9615357,-2.5615356,-2.6515357,-4.371536,-4.8615355,-5.5115356,-1.8415357,-1.1515356,-0.9115356,-1.4915357,-1.3615357,0.30846435,-0.37153566,-1.3615357,-0.37153566,-1.1715356,-0.27153563,-0.93153566,-0.18153565,-0.021535644,0.31846437,0.69846433,0.59846437,1.6084644,0.44846436,-0.64153564,-1.1815356,-2.0815356,-3.5015357,-2.6115355,-4.5115356
-0.9815357,-1.8115356,-1.9715357,-2.2415357,-2.4615357,-2.9315357,-3.4115357,-3.4815357,-3.0315356,-2.2715356,-2.1015356,-1.7215357,-2.3615355,-3.0315356,-4.1315355,-5.0315356,-4.9515357,-5.371536,-5.2315354,0.008464355,0.69846433,0.63846433,0.22846435,0.36846435,0.88846433,0.86846435,-0.29153565,-0.44153565,0.14846435,-0.121535644,0.61846435,2.0784643,2.3584642,1.3484644,0.5784643,0.73846436,0.46846434,-2.2015357,-1.2715356,2.7784643,2.8984644
-1.1515356,-1.4915357,-2.2115357,-2.4515357,-2.2715356,-1.5515356,-2.3115356,-3.0015357,-3.2115357,-2.6415358,-1.8715357,-1.0515356,-2.5215356,-2.3615355,-3.4215357,-4.101536,-5.371536,-5.8215356,-5.2615356,-4.291536,-3.2915356,-3.6715357,-3.4015357,1.0384643,0.72846437,1.2384644,1.1884644,0.55846435,1.6484643,1.3584644,2.3684645,2.7384644,2.3384643,0.99846435,0.28846437,0.87846434,0.7684643,2.3884645,1.6884644,1.5084643,0.098464355
-1.6015357,-2.8515356,-2.4815357,-2.1315355,-0.9115356,-1.5115356,-1.8815356,-2.4315357,-3.1215355,-1.4315356,-0.93153566,-1.8815356,-2.5315356,-2.6115355,-3.1315355,-3.4015357,-3.8115356,-4.2515354,-3.8315356,-4.9615355,-4.9815354,-4.311536,-4.1515355,-2.1915357,-0.75153565,0.63846433,2.3184643,1.8084644,2.3084643,3.7184644,3.2784643,3.4284644,2.3984644,2.1884644,0.68846434,-0.65153563,0.22846435,2.1084642,2.0384643,1.9984643,0.5784643
-1.1715356,-1.2515357,-1.8715357,-1.2915356,-1.4715357,-1.2515357,-1.4015356,-1.7615356,-2.4915357,-1.4215356,-0.24153565,-0.6615356,-1.7015357,-2.7615356,-3.3115356,-3.3115356,-3.0415356,-2.9515357,-3.5515356,-3.1715357,-2.9015357,-3.5415356,-2.8715355,-2.6915357,-4.4715357,-4.2015357,-1.9315356,0.62846434,2.6484644,3.3184643,4.0284643,3.9184644,3.3784645,2.8184643,2.6684644,2.0984643,1.7484643,0.46846434,0.8384644,0.9684644,0.92846435
-0.74153566,-0.95153564,-2.1615357,-1.6615356,-1.0115356,-1.1215357,-1.3715357,-1.5415356,-1.0215356,-1.4315356,0.15846436,-0.5315356,-0.70153564,-1.6415356,-2.5815356,-2.8915358,-3.1815357,-3.8515356,-3.3015356,-2.9215357,-3.1215355,-3.1415358,-2.6815357,-3.9315357,-4.331536,-5.271536,-4.121536,-3.3315356,1.6884644,4.0384645,3.9384644,4.8384643,4.2384644,3.8784645,2.8084643,2.8784645,2.0984643,1.3084644,0.16846436,0.69846433,1.3784643
-0.18153565,-1.1815356,-1.3115356,-0.95153564,-1.1415356,-0.23153564,-0.37153566,-0.40153563,-0.34153566,-0.021535644,-0.20153564,1.2284644,0.80846435,-0.7315357,-2.3315356,-2.3615355,-2.5615356,-2.6215355,-2.7215357,-3.1215355,-3.1615357,-2.6815357,-2.5315356,-2.9015357,-3.4715357,-3.3915358,-3.6015356,-4.2015357,-4.0115356,1.6284643,4.0184646,4.7684646,3.9584644,4.0684643,3.6384645,3.5284643,3.0284643,2.7184644,1.5584644,0.97846437,0.75846434
