wind_kz.json
{"header": {"discipline":0,"disciplineName":"Meteorological products","gribEdition":2,"gribLength":948,"center":7,"centerName":"US National Weather Service - NCEP(WMC)","subcenter":0,"refTime":"2023-09-09T06:00:00.000Z","significanceOfRT":1,"significanceOfRTName":"Start of forecast","productStatus":0,"productStatusName":"Operational products","productType":1,"productTypeName":"Forecast products","productDefinitionTemplate":0,"productDefinitionTemplateName":"Analysis/forecast at horizontal level/layer at a point in time","parameterCategory":0,"parameterCategoryName":"UnknownDiscipline_0_Category_0","parameterNumber":0,"parameterNumberName":"UnknownParameter_D0_C0_0","parameterUnit":"Unknown","genProcessType":2,"genProcessTypeName":"Forecast","forecastTime":0,"surface1Type":1,"surface1TypeName":"Ground or water surface","surface1Value":0.0,"surface2Type":255,"surface2TypeName":"Missing","surface2Value":0.0,"gridDefinitionTemplate":0,"gridDefinitionTemplateName":"Latitude_Longitude","numberPoints":615,"shape":6,"shapeName":"Earth spherical with radius of 6,371,229.0 m","gridUnits":"degrees","resolution":48,"winds":"true","scanMode":64,"nx":41,"ny":15,"basicAngle":0,"lo1":47.0,"la1":41.0,"lo2":87.0,"la2":55.0,"dx":1.0,"dy":1.0}, "data":
[rows 0 to 14 of 15, columns 0 to 40 of 41]
294.6384,284.6384,288.3384,298.2384,298.0384,296.8384,296.1384,304.3384,301.3384,304.93842,307.43842,311.5384,310.6384,309.8384,311.1384,313.0384,312.93842,313.1384,317.6384,314.93842,317.43842,314.7384,311.93842,312.8384,310.8384,316.93842,308.3384,298.2384,298.1384,296.5384,292.8384,290.7384,309.2384,318.93842,324.7384,324.0384,327.5384,325.6384,324.5384,325.1384,325.43842
278.7384,288.6384,297.7384,297.93842,297.6384,295.7384,297.6384,293.8384,293.0384,291.93842,295.0384,297.1384,302.7384,301.5384,307.2384,307.1384,308.93842,314.5384,315.3384,314.93842,315.93842,313.7384,310.6384,301.43842,278.7384,291.5384,298.6384,297.8384,298.3384,290.7384,298.5384,286.8384,299.2384,271.3384,291.7384,314.5384,315.3384,318.1384,321.8384,312.7384,285.8384
288.93842,297.3384,298.2384,297.7384,295.3384,289.6384,291.43842,292.7384,295.1384,292.93842,293.43842,306.43842,306.93842,308.0384,307.43842,308.7384,307.3384,308.3384,309.6384,311.1384,312.43842,312.0384,311.0384,301.7384,308.3384,310.0384,310.6384,307.8384,306.6384,291.5384,292.8384,294.43842,302.7384,301.3384,303.43842,299.3384,294.43842,296.5384,296.6384,292.0384,288.8384
301.3384,296.7384,297.8384,296.93842,296.2384,297.43842,293.93842,292.43842,297.93842,298.1384,302.6384,303.1384,294.1384,293.43842,304.8384,305.3384,304.2384,304.8384,306.43842,309.3384,307.6384,307.1384,311.0384,310.0384,310.8384,309.8384,310.6384,306.43842,300.0384,304.6384,310.43842,309.2384,312.8384,314.8384,312.2384,307.2384,294.0384,289.3384,298.8384,309.43842,311.43842
304.3384,294.6384,295.8384,294.3384,298.7384,303.3384,302.8384,305.1384,302.2384,303.1384,305.1384,306.6384,293.3384,291.93842,290.2384,305.1384,305.7384,303.1384,304.7384,304.93842,306.93842,309.0384,310.6384,311.5384,314.0384,314.7384,310.93842,301.3384,297.7384,308.2384,308.93842,318.3384,298.8384,288.3384,302.8384,310.0384,308.8384,319.2384,320.0384,317.93842,315.5384
295.43842,297.7384,294.0384,293.3384,293.8384,292.93842,301.8384,302.2384,303.43842,301.7384,301.7384,300.7384,293.8384,293.0384,297.2384,301.5384,301.7384,303.7384,303.1384,304.93842,307.7384,308.7384,309.3384,311.3384,311.5384,311.7384,312.43842,291.7384,296.5384,295.43842,310.8384,311.7384,313.0384,312.0384,307.3384,305.93842,298.43842,301.8384,316.1384,315.7384,312.1384
291.3384,294.93842,298.2384,298.3384,298.1384,300.93842,301.8384,300.8384,299.93842,299.3384,300.3384,297.43842,297.6384,298.2384,299.1384,299.3384,301.6384,302.43842,303.6384,304.1384,309.2384,312.2384,308.8384,306.2384,304.6384,307.2384,307.7384,307.1384,309.1384,309.6384,309.3384,312.1384,312.43842,311.0384,309.2384,306.6384,300.6384,297.93842,293.6384,283.93842,303.8384
297.43842,288.7384,298.3384,298.8384,299.2384,300.3384,302.6384,298.93842,296.93842,295.6384,296.43842,295.3384,296.43842,295.1384,298.93842,299.2384,299.8384,299.3384,301.1384,301.1384,300.7384,303.43842,305.1384,303.43842,300.2384,296.43842,295.2384,299.3384,298.8384,307.5384,307.0384,308.0384,308.2384,306.8384,309.0384,306.93842,307.0384,290.0384,306.7384,304.5384,303.0384
297.0384,287.0384,293.5384,299.2384,300.1384,300.2384,300.0384,298.1384,296.2384,294.93842,294.0384,294.43842,294.93842,296.7384,296.7384,299.8384,298.8384,299.1384,297.6384,296.8384,301.0384,301.3384,303.7384,300.93842,298.6384,300.7384,298.2384,298.0384,297.8384,298.0384,300.5384,298.5384,308.43842,309.3384,309.3384,301.2384,300.2384,298.1384,293.7384,292.2384,290.43842
286.0384,286.5384,299.93842,299.5384,298.93842,297.3384,298.7384,296.2384,294.6384,294.5384,292.5384,291.6384,293.43842,293.93842,295.3384,295.6384,297.1384,298.1384,297.1384,287.6384,287.43842,297.2384,295.8384,301.3384,300.7384,299.2384,291.1384,289.6384,289.93842,293.43842,293.6384,296.3384,304.6384,306.2384,303.5384,300.93842,296.93842,291.2384,294.2384,289.6384,284.43842
284.8384,294.2384,298.1384,296.0384,295.43842,295.93842,294.2384,293.8384,292.93842,291.1384,289.3384,286.3384,290.2384,291.1384,292.43842,294.1384,295.6384,295.8384,293.43842,287.1384,287.0384,292.7384,296.1384,299.7384,297.93842,296.5384,290.1384,298.7384,299.8384,302.0384,303.1384,305.6384,304.0384,300.1384,300.1384,293.7384,291.1384,286.8384,296.3384,285.7384,285.6384
286.0384,287.1384,293.0384,294.5384,291.8384,291.6384,289.6384,289.8384,289.8384,283.5384,279.6384,280.93842,283.8384,285.0384,284.2384,293.1384,294.1384,295.93842,289.7384,286.3384,286.5384,288.8384,289.6384,296.7384,291.6384,290.2384,290.93842,297.0384,299.1384,290.93842,301.1384,302.8384,299.0384,298.1384,296.93842,294.2384,298.1384,297.8384,292.8384,294.3384,293.2384
286.43842,289.3384,289.93842,289.7384,288.1384,287.2384,284.93842,281.0384,280.43842,281.0384,279.8384,279.8384,283.1384,287.8384,290.6384,290.1384,291.5384,289.8384,290.8384,287.3384,286.43842,293.7384,287.1384,288.7384,288.7384,296.1384,298.93842,298.3384,299.1384,299.1384,299.6384,298.6384,298.43842,299.6384,300.5384,296.0384,298.3384,294.3384,293.93842,292.7384,288.43842
284.7384,286.8384,288.43842,284.5384,280.93842,280.6384,280.93842,280.93842,283.3384,282.5384,281.0384,281.2384,282.0384,283.6384,284.93842,288.1384,287.7384,285.2384,286.3384,286.43842,287.0384,287.3384,289.1384,293.0384,294.6384,295.5384,295.1384,295.93842,296.43842,296.7384,297.1384,296.5384,296.5384,296.7384,299.1384,297.6384,295.7384,294.0384,293.5384,286.93842,290.1384
280.0384,280.93842,289.2384,282.5384,282.8384,285.2384,287.7384,288.7384,290.43842,291.2384,288.93842,288.5384,286.5384,285.2384,287.93842,289.2384,291.0384,291.0384,288.6384,290.1384,293.43842,293.2384,293.93842,293.93842,294.7384,295.5384,296.6384,296.1384,294.7384,295.0384,294.1384,290.6384,294.2384,294.6384,295.0384,297.6384,296.2384,292.2384,291.93842,289.1384,287.6384
