wind_kz.json
{"header": {"discipline":0,"disciplineName":"Meteorological products","gribEdition":2,"gribLength":1025,"center":7,"centerName":"US National Weather Service - NCEP(WMC)","subcenter":0,"refTime":"2023-09-10T06:00:00.000Z","significanceOfRT":1,"significanceOfRTName":"Start of forecast","productStatus":0,"productStatusName":"Operational products","productType":1,"productTypeName":"Forecast products","productDefinitionTemplate":0,"productDefinitionTemplateName":"Analysis/forecast at horizontal level/layer at a point in time","parameterCategory":2,"parameterCategoryName":"UnknownDiscipline_0_Category_2","parameterNumber":2,"parameterNumberName":"UnknownParameter_D0_C2_2","parameterUnit":"Unknown","genProcessType":2,"genProcessTypeName":"Forecast","forecastTime":120,"surface1Type":103,"surface1TypeName":"Specified height level above ground","surface1Value":10.0,"surface2Type":255,"surface2TypeName":"Missing","surface2Value":0.0,"gridDefinitionTemplate":0,"gridDefinitionTemplateName":"Latitude_Longitude","numberPoints":615,"shape":6,"shapeName":"Earth spherical with radius of 6,371,229.0 m","gridUnits":"degrees","resolution":48,"winds":"true","scanMode":64,"nx":41,"ny":15,"basicAngle":0,"lo1":47.0,"la1":41.0,"lo2":87.0,"la2":55.0,"dx":1.0,"dy":1.0}, "data":
[rows 0 to 14 of 15, columns 0 to 40 of 41]
0.39738524,1.3973852,-1.2326148,-1.1026148,-2.1726148,-2.1326149,-1.3526148,1.2573853,1.3573853,-3.0126147,-7.8026147,-6.9426146,-6.5326147,-4.772615,-4.792615,-3.4526148,-3.6226149,-6.8026147,-5.162615,-3.6626148,-0.72261477,0.49738526,2.1673853,2.6173851,-0.21261474,1.7173853,2.7673852,5.5773854,2.7373853,1.0973853,3.7873852,0.93738526,-0.5126147,-3.9126148,-5.1526146,-4.722615,-4.622615,-4.752615,-5.0326147,-2.9026148,-2.8526146
-0.08261475,-1.8626148,0.61738527,-0.72261477,-3.1326149,-3.3826149,-3.2626147,-3.1626148,-2.9726148,-1.2426147,-3.0426147,-6.2326145,-3.3526146,-1.2126148,-3.6826148,-2.9826148,-4.2426147,-6.562615,-4.722615,-4.412615,-4.292615,-1.6126148,0.68738526,3.5773852,1.8073852,-0.29261476,1.2473853,2.1773853,4.067385,3.3173852,3.1773853,5.107385,1.9373852,2.0273852,0.77738523,-1.3326148,0.09738526,-0.09261475,2.5273852,-2.0726147,-2.4126148
0.047385253,2.9673853,0.42738524,0.19738525,-1.9426148,-2.1526148,-1.8226148,-1.6526147,-2.9126148,-3.9926147,-3.4826148,-3.3326147,-3.9926147,-3.2226148,-4.912615,-4.2626147,-5.3626146,-4.702615,-4.042615,-2.1826148,-0.06261475,-2.4026148,-4.542615,-4.8826146,-1.8226148,-2.8826149,-2.2426147,0.64738524,4.1173854,-0.55261475,1.9273852,-2.4226148,-1.3926147,-0.29261476,-4.102615,-1.6026148,0.18738526,-0.33261475,5.5073853,5.9273853,4.5073853
0.51738524,0.41738525,1.2973852,-2.0026147,-1.4226147,-1.2526147,0.88738525,2.1373854,0.5373852,-1.9326148,-3.9626148,-4.522615,-3.7826147,-3.1526148,-3.7026148,-4.412615,-4.522615,-3.7526147,-4.392615,-4.1726146,-4.7326145,-2.7726147,-2.7326148,-3.4926147,-2.7426147,-1.2626147,-0.49261475,0.65738523,-0.32261476,-0.37261474,1.8673853,3.1073852,4.497385,4.7873855,3.4673853,1.8473853,1.0573852,2.0773852,-1.8026147,-2.8026147,0.20738526
-1.1026148,-0.85261476,2.7573853,1.5073853,0.8573853,0.9773853,3.2473853,4.1573853,3.7973852,1.9873853,-0.40261474,-1.3726147,-2.8226147,-2.1926148,-2.3926148,-3.7226148,-4.7626147,-4.6126146,-5.3626146,-5.722615,-6.142615,-5.312615,-4.5926147,-3.4926147,-2.6526148,-1.4826148,-1.7826147,-1.6026148,-0.9526147,-0.86261475,0.49738526,2.2173853,3.6273851,3.8873854,-3.0626147,-0.45261475,-0.40261474,1.0373852,0.9273853,1.6573852,3.6173851
2.8973854,2.5773852,3.0073853,2.7973852,3.9073853,4.797385,4.397385,4.207385,2.5273852,1.3073852,1.3673853,0.8473852,-0.15261474,-0.50261474,-0.98261476,-2.7826147,-3.3226147,-3.9326148,-3.8926148,-3.8326147,-4.562615,-3.7526147,-2.4426148,-1.9626148,-1.5226147,-0.18261474,0.08738525,-1.4126147,1.0073853,0.9173853,1.4873853,2.0573852,2.2473853,2.4473853,2.1273851,1.7873852,2.0973852,4.0173855,8.107386,6.587385,6.5573854
3.6473854,3.6273851,5.227385,5.027385,5.3873854,4.9273853,4.1173854,2.5173852,2.6073852,2.7273853,3.5373852,0.80738527,1.2473853,0.95738524,0.33738527,-0.042614747,-0.41261473,-0.97261477,-0.7026147,-0.91261476,-0.45261475,0.69738525,1.3773853,2.5373852,2.1373854,1.9073852,2.3373852,2.8373852,3.6873853,3.7873852,3.5173852,4.917385,4.1573853,3.4573853,2.7773852,2.7573853,3.0273852,1.2673852,3.9773853,0.71738523,2.0773852
2.1773853,2.8473852,3.9573853,2.8573852,2.9973853,3.3573852,4.5573854,1.8073852,1.7473853,2.4973853,3.2773852,1.5673852,1.5073853,1.9173852,2.3073852,2.3273852,2.3973854,2.5673852,3.1073852,4.0573854,2.5573852,2.8373852,2.6373854,3.4173853,3.1573853,4.357385,4.627385,4.1973853,4.7173853,2.3973854,3.3773851,2.5273852,3.9673853,3.3473852,5.377385,7.957385,2.4573853,1.8573853,5.4673853,4.6773853,4.047385
0.44738525,0.55738527,0.5373852,0.62738526,0.7273853,3.1673853,2.4673853,-0.15261474,0.13738525,1.2473853,2.5273852,0.9173853,-2.6826148,1.4173852,2.2873852,2.9673853,3.4673853,4.7173853,3.4373853,3.8173852,4.7673855,5.247385,2.3973854,2.9073853,3.7673852,4.027385,5.1173854,4.3273854,5.127385,5.457385,4.2873855,4.0773854,3.6773853,2.7273853,3.3973854,3.2273853,4.3073854,3.6773853,2.8573852,0.88738525,2.8573852
0.9773853,0.80738527,0.077385254,0.23738526,-2.4826148,-2.3026147,-0.88261473,-0.59261477,0.7373853,1.0473852,-0.012614746,-0.81261474,-4.5326147,2.0973852,-3.2926147,-3.0126147,-1.6226147,-0.7126148,1.4473853,3.7373853,4.0173855,3.0773852,4.1773853,4.3673854,4.797385,5.357385,5.747385,6.147385,6.707385,6.6973853,8.057385,5.9873853,4.8873854,4.797385,3.1073852,0.44738525,3.9073853,-1.2426147,4.087385,1.9273852,1.1273853
-0.78261477,-0.6426147,-0.8926147,-1.5826148,-0.8326147,0.30738527,-0.59261477,0.007385254,0.42738524,-1.5126147,-4.2126145,-1.5826148,-1.6026148,-3.6526148,-2.5926147,-1.7526147,-0.41261473,0.71738523,1.4773853,0.82738525,1.4573853,2.6073852,2.9973853,4.0773854,4.627385,3.2373853,3.5073853,4.207385,5.547385,6.8673854,6.457385,4.817385,5.897385,4.6973853,4.6373854,3.2073853,1.5073853,0.9273853,2.0073853,-0.09261475,1.6473852
-0.73261476,-1.0526147,-2.7026148,-1.9726148,-2.0626147,-3.0826147,-4.1126146,-4.102615,-3.5026147,-2.6926148,-4.5326147,-3.6526148,-2.7726147,-2.6726148,-1.4826148,0.9873853,1.8173852,0.82738525,1.6173853,1.2673852,0.71738523,2.1473854,2.0273852,0.75738525,0.70738524,1.2573853,2.9073853,2.7173853,3.8873854,3.8073852,3.5373852,2.8973854,2.6173851,0.8473852,0.62738526,2.3373852,2.1473854,0.26738524,-0.60261476,0.23738526,-0.06261475
-0.38261473,-0.47261474,-1.4426148,-1.2826147,-2.3926148,-2.3726149,-3.7326148,-4.4626145,-4.852615,-2.7526147,-1.8226148,-2.2126148,-1.5126147,0.027385253,0.18738526,1.4473853,0.5473853,0.56738526,-0.50261474,-0.85261476,-0.16261475,0.6073853,-1.3726147,-0.06261475,0.7373853,1.3473853,0.81738526,0.7873852,0.39738524,0.8473852,-1.8026147,-2.3326147,-2.9826148,-3.1326149,-0.23261474,1.0873853,0.7873852,0.94738525,0.42738524,0.9273853,0.38738525
0.49738526,-1.2926147,-1.1326147,-1.6926148,-1.8726147,-2.3726149,-3.0326147,-3.3426147,-2.2326148,-1.8426148,-0.75261474,-0.74261475,-1.0026147,-1.1226147,-1.1326147,-1.0926148,-1.3826147,-1.6926148,-1.6026148,-1.8326148,-1.8626148,-1.3626148,-0.34261474,0.13738525,0.70738524,0.52738523,-0.32261476,-2.6226149,-0.97261477,-0.19261475,-0.9026148,-1.9126147,-0.98261476,2.0773852,0.75738525,1.2673852,0.99738526,0.99738526,1.7173853,1.4373852,1.3673853
0.11738525,-0.46261474,-0.72261477,-1.4826148,-1.8526148,-1.7526147,-1.9426148,-2.0726147,-0.97261477,-2.0326147,-0.80261475,-0.27261475,-0.69261473,-0.12261475,-0.72261477,-0.28261474,-1.5926148,-1.9026147,-1.0626148,-1.7426147,-0.84261477,0.34738526,0.40738526,-0.06261475,-1.2926147,0.32738525,-0.24261475,0.61738527,-0.12261475,0.45738524,-0.5826147,1.5473852,0.8573853,1.1473852,1.9073852,1.3973852,0.86738527,1.5773853,1.4673853,1.3573853,0.70738524
