wind_kz.json
{"header": {"discipline":0,"disciplineName":"Meteorological products","gribEdition":2,"gribLength":871,"center":7,"centerName":"US National Weather Service - NCEP(WMC)","subcenter":0,"refTime":"2023-09-18T18:00:00.000Z","significanceOfRT":1,"significanceOfRTName":"Start of forecast","productStatus":0,"productStatusName":"Operational products","productType":1,"productTypeName":"Forecast products","productDefinitionTemplate":0,"productDefinitionTemplateName":"Analysis/forecast at horizontal level/layer at a point in time","parameterCategory":0,"parameterCategoryName":"UnknownDiscipline_0_Category_0","parameterNumber":0,"parameterNumberName":"UnknownParameter_D0_C0_0","parameterUnit":"Unknown","genProcessType":2,"genProcessTypeName":"Forecast","forecastTime":300,"surface1Type":1,"surface1TypeName":"Ground or water surface","surface1Value":0.0,"surface2Type":255,"surface2TypeName":"Missing","surface2Value":0.0,"gridDefinitionTemplate":0,"gridDefinitionTemplateName":"Latitude_Longitude","numberPoints":615,"shape":6,"shapeName":"Earth spherical with radius of 6,371,229.0 m","gridUnits":"degrees","resolution":48,"winds":"true","scanMode":64,"nx":41,"ny":15,"basicAngle":0,"lo1":47.0,"la1":41.0,"lo2":87.0,"la2":55.0,"dx":1.0,"dy":1.0}, "data":
[rows 0 to 14 of 15, columns 0 to 40 of 41]
302.899,291.79898,297.19897,293.69897,293.59897,293.49896,305.19897,310.899,307.49896,307.59897,305.79898,305.79898,305.29898,305.19897,306.399,308.899,309.59897,307.899,311.99896,310.09897,313.79898,309.69897,308.49896,307.59897,309.29898,309.79898,307.399,295.59897,292.399,290.79898,285.69897,281.899,298.79898,305.79898,309.79898,310.899,313.399,310.49896,311.59897,314.49896,313.59897
283.899,296.19897,293.19897,293.19897,292.899,291.79898,309.69897,305.19897,304.49896,303.29898,303.399,302.69897,304.19897,304.09897,305.09897,305.59897,308.19897,309.399,309.29898,310.69897,309.49896,309.399,306.49896,298.09897,288.79898,290.49896,300.899,298.19897,298.899,288.29898,295.49896,283.399,293.49896,269.29898,273.19897,301.99896,302.79898,305.49896,306.399,298.99896,285.99896
298.79898,292.19897,293.29898,292.899,291.09897,301.69897,301.79898,302.899,302.399,299.79898,299.49896,300.99896,301.99896,303.49896,302.49896,305.79898,306.59897,306.69897,308.29898,309.399,308.99896,308.29898,307.79898,300.79898,309.899,306.79898,306.19897,306.399,307.29898,298.29898,288.29898,292.09897,296.399,297.79898,296.09897,295.399,284.09897,287.99896,289.29898,286.99896,273.29898
298.899,291.79898,292.99896,291.69897,292.899,298.899,297.59897,298.69897,298.899,298.99896,298.99896,298.19897,290.69897,290.19897,301.19897,302.79898,300.99896,305.79898,307.69897,308.399,306.69897,301.99896,306.19897,305.899,306.399,306.99896,309.09897,307.49896,306.49896,308.69897,309.59897,307.59897,306.399,311.69897,304.79898,302.399,284.99896,273.19897,290.79898,301.79898,301.29898
297.09897,290.19897,291.19897,290.399,293.49896,297.09897,296.79898,298.59897,296.59897,295.899,296.399,297.29898,289.49896,288.49896,287.19897,299.99896,301.19897,291.29898,292.29898,293.09897,301.19897,306.09897,306.19897,306.899,307.79898,307.69897,307.399,301.59897,311.399,311.399,308.59897,307.69897,294.899,280.29898,286.79898,295.09897,294.49896,307.49896,306.29898,306.29898,303.79898
295.49896,295.19897,289.49896,288.99896,289.79898,289.399,297.19897,295.69897,294.69897,294.69897,294.09897,294.59897,290.19897,289.29898,293.19897,296.09897,296.49896,298.99896,298.19897,290.399,291.29898,296.69897,301.99896,302.29898,302.09897,302.899,304.29898,286.899,304.899,305.899,307.49896,306.09897,308.69897,302.49896,303.59897,295.59897,289.399,294.19897,307.399,307.899,303.79898
293.79898,294.79898,293.29898,294.19897,293.399,295.19897,295.59897,293.59897,293.399,293.19897,293.59897,292.19897,292.29898,292.29898,293.399,292.79898,294.79898,295.29898,298.29898,298.59897,294.19897,286.99896,295.79898,296.399,298.59897,299.59897,301.09897,302.899,304.49896,304.899,304.29898,305.09897,306.09897,299.59897,298.49896,298.49896,296.899,296.399,292.49896,287.99896,298.69897
291.99896,292.59897,292.29898,292.399,292.79898,292.899,293.79898,293.19897,292.19897,287.69897,289.19897,288.399,288.899,287.79898,287.49896,292.19897,293.29898,293.19897,293.59897,293.29898,294.09897,294.59897,291.899,286.899,291.49896,296.59897,297.09897,297.399,295.79898,298.69897,299.79898,299.59897,296.899,295.09897,297.19897,294.29898,301.19897,286.79898,300.899,300.899,301.69897
290.399,290.399,290.99896,291.19897,290.399,291.29898,292.09897,291.69897,290.29898,286.79898,286.399,286.19897,287.29898,289.19897,287.59897,286.49896,290.59897,289.399,290.69897,290.899,290.19897,291.79898,293.399,291.79898,284.399,292.899,295.399,295.899,295.09897,293.29898,293.899,297.19897,295.59897,293.899,293.69897,293.99896,297.79898,298.49896,275.99896,279.29898,277.399
286.899,285.49896,285.19897,285.19897,285.19897,285.99896,283.99896,286.899,287.79898,284.99896,283.19897,282.59897,283.399,283.59897,283.69897,282.69897,288.899,283.99896,283.59897,286.29898,285.09897,289.49896,291.69897,292.79898,291.29898,286.29898,291.899,295.49896,295.899,295.49896,295.29898,297.79898,296.49896,299.09897,298.29898,299.09897,294.99896,292.69897,292.99896,291.29898,283.49896
285.29898,285.19897,283.59897,283.29898,283.69897,282.79898,283.29898,283.99896,281.19897,281.49896,279.69897,283.49896,280.49896,279.399,280.79898,281.899,282.99896,286.69897,284.49896,284.09897,286.19897,287.899,288.399,290.19897,289.99896,291.49896,285.79898,294.79898,297.59897,296.399,295.59897,300.09897,300.899,299.399,298.29898,296.19897,290.49896,289.99896,291.79898,287.59897,286.09897
284.69897,284.69897,283.19897,285.399,284.49896,281.69897,281.29898,280.79898,281.399,280.29898,278.49896,278.69897,281.69897,282.59897,281.49896,282.19897,283.399,286.19897,286.29898,282.59897,280.49896,280.49896,280.99896,283.399,288.29898,290.399,292.69897,294.29898,294.899,296.49896,295.59897,298.99896,298.49896,298.19897,297.399,297.59897,298.09897,298.79898,295.99896,295.79898,294.19897
281.19897,282.19897,285.59897,281.49896,282.09897,280.79898,281.59897,281.399,284.99896,279.49896,277.19897,275.899,282.69897,280.19897,280.69897,283.399,284.99896,285.19897,286.09897,284.399,284.59897,280.59897,278.79898,279.79898,285.59897,290.19897,292.79898,291.99896,292.09897,295.99896,298.09897,298.49896,297.899,296.49896,297.29898,295.29898,295.69897,296.399,295.29898,294.399,292.79898
281.19897,281.399,283.79898,282.69897,281.09897,280.399,280.69897,280.49896,281.29898,280.899,278.09897,275.49896,277.59897,282.899,284.09897,283.99896,281.99896,284.19897,284.19897,282.59897,283.29898,281.09897,284.09897,283.399,288.79898,290.59897,291.19897,287.69897,290.99896,294.59897,296.49896,296.09897,296.09897,293.899,293.899,293.49896,293.49896,293.49896,295.19897,291.59897,293.29898
279.69897,283.399,285.899,283.399,280.79898,279.99896,279.79898,279.99896,279.49896,279.29898,278.29898,277.69897,276.09897,277.79898,281.79898,284.49896,283.49896,282.49896,282.49896,282.19897,285.79898,281.99896,281.69897,286.59897,285.59897,284.29898,290.69897,288.09897,291.49896,293.09897,292.69897,290.09897,294.29898,293.899,292.99896,292.19897,292.399,292.09897,292.69897,293.19897,292.29898
