wind.json
{"header": {"discipline":0,"disciplineName":"Meteorological products","gribEdition":2,"gribLength":1039,"center":7,"centerName":"US National Weather Service - NCEP(WMC)","subcenter":0,"refTime":"2023-05-30T06:00:00.000Z","significanceOfRT":1,"significanceOfRTName":"Start of forecast","productStatus":0,"productStatusName":"Operational products","productType":1,"productTypeName":"Forecast products","productDefinitionTemplate":0,"productDefinitionTemplateName":"Analysis/forecast at horizontal level/layer at a point in time","parameterCategory":0,"parameterCategoryName":"UnknownDiscipline_0_Category_0","parameterNumber":0,"parameterNumberName":"UnknownParameter_D0_C0_0","parameterUnit":"Unknown","genProcessType":2,"genProcessTypeName":"Forecast","forecastTime":120,"surface1Type":1,"surface1TypeName":"Ground or water surface","surface1Value":0.0,"surface2Type":255,"surface2TypeName":"Missing","surface2Value":0.0,"gridDefinitionTemplate":0,"gridDefinitionTemplateName":"Latitude_Longitude","numberPoints":688,"shape":6,"shapeName":"Earth spherical with radius of 6,371,229.0 m","gridUnits":"degrees","resolution":48,"winds":"true","scanMode":64,"nx":43,"ny":16,"basicAngle":0,"lo1":45.0,"la1":40.0,"lo2":87.0,"la2":55.0,"dx":1.0,"dy":1.0}, "data":
[rows 0 to 15 of 16, columns 0 to 42 of 43]
293.72055,291.52057,304.32056,317.82056,315.72055,293.82056,292.72055,292.82056,317.62054,323.12054,321.42056,322.82056,321.92056,321.92056,322.42056,323.02057,322.62054,324.22055,326.92056,324.72055,322.62054,325.72055,323.52057,318.52057,315.42056,314.52057,313.02057,302.42056,302.22055,298.32056,292.72055,318.12054,318.72055,321.02057,324.42056,328.02057,312.02057,311.22055,316.42056,318.32056,316.02057,320.72055,322.72055
296.82056,309.62054,310.62054,298.12054,303.22055,291.12054,291.42056,291.62054,312.02057,327.52057,323.52057,319.92056,322.02057,324.02057,322.72055,322.92056,321.62054,325.62054,325.32056,322.52057,327.02057,324.02057,327.02057,323.72055,316.32056,312.02057,320.52057,317.12054,310.32056,295.42056,295.72055,290.12054,277.72055,287.52057,312.52057,322.82056,328.02057,326.82056,323.42056,321.42056,322.22055,311.42056,324.62054
300.22055,291.92056,288.02057,302.72055,291.32056,291.22055,290.82056,291.12054,325.82056,323.92056,320.72055,321.32056,323.42056,322.52057,323.52057,322.12054,323.72055,325.22055,328.22055,326.82056,325.92056,327.52057,322.22055,322.92056,317.62054,301.82056,292.52057,290.32056,298.12054,297.52057,301.62054,290.52057,301.02057,287.62054,305.72055,273.12054,287.82056,310.52057,314.22055,319.72055,323.92056,312.02057,284.42056
298.02057,299.82056,304.32056,291.92056,290.72055,290.72055,290.72055,316.62054,319.42056,320.82056,318.62054,317.52057,319.22055,321.52057,320.62054,323.72055,321.92056,325.42056,326.42056,326.22055,326.32056,327.72055,323.12054,322.22055,319.02057,308.42056,313.82056,315.32056,314.52057,316.22055,312.52057,297.32056,291.92056,295.12054,299.52057,301.52057,300.82056,299.72055,291.72055,300.12054,300.62054,291.92056,280.72055
304.42056,305.02057,307.42056,293.62054,292.02057,291.82056,298.02057,317.32056,318.42056,319.52057,320.72055,319.52057,318.52057,316.82056,292.12054,292.62054,321.42056,323.52057,323.12054,326.12054,326.42056,325.42056,319.92056,315.12054,320.52057,320.32056,317.92056,318.82056,319.82056,314.02057,316.52057,313.92056,316.12054,311.32056,317.72055,316.92056,316.82056,305.62054,295.52057,288.62054,298.72055,309.82056,314.02057
305.92056,307.32056,308.72055,295.12054,294.52057,294.92056,305.22055,319.12054,320.02057,323.12054,320.32056,319.62054,321.12054,319.22055,293.22055,292.62054,290.62054,322.92056,323.72055,321.42056,320.12054,320.32056,322.72055,322.72055,321.02057,322.02057,321.02057,320.32056,316.52057,310.72055,319.92056,322.82056,322.52057,316.72055,297.62054,294.82056,300.72055,312.02057,311.52057,324.02057,325.42056,324.22055,318.72055
305.22055,307.02057,308.22055,311.02057,295.62054,295.12054,294.82056,294.92056,323.42056,320.72055,320.82056,321.42056,320.82056,321.92056,297.02057,292.52057,307.42056,320.02057,321.42056,323.92056,322.02057,322.62054,320.82056,319.22055,319.62054,320.02057,319.32056,317.22055,317.62054,290.22055,319.02057,317.92056,318.02057,315.72055,316.02057,310.72055,303.52057,304.02057,299.12054,299.62054,322.22055,323.62054,313.32056
307.72055,309.02057,307.22055,311.42056,312.62054,314.12054,310.92056,319.42056,322.22055,319.22055,318.32056,317.52057,320.82056,319.22055,320.62054,322.72055,323.92056,320.12054,320.42056,322.72055,323.42056,320.82056,319.52057,318.92056,318.12054,318.62054,314.92056,315.62054,316.62054,317.62054,320.22055,322.02057,319.92056,317.92056,319.32056,315.62054,309.42056,306.52057,301.52057,295.42056,298.12054,290.82056,311.42056
302.12054,304.72055,308.32056,312.92056,312.72055,313.42056,315.32056,316.12054,319.22055,315.92056,314.52057,314.92056,315.62054,315.82056,317.32056,318.72055,328.02057,323.82056,325.82056,322.42056,321.32056,319.12054,318.22055,318.82056,316.72055,319.12054,316.12054,312.42056,314.02057,315.62054,312.22055,314.22055,313.42056,315.62054,312.32056,308.72055,307.82056,314.82056,315.62054,288.22055,314.72055,315.42056,311.02057
290.62054,303.72055,307.62054,309.92056,311.72055,313.22055,313.12054,313.42056,313.42056,313.42056,312.72055,312.12054,312.72055,315.62054,315.12054,316.82056,319.52057,322.62054,319.62054,320.22055,318.62054,317.62054,314.22055,314.12054,315.32056,312.72055,310.92056,309.92056,305.32056,305.02057,305.92056,305.82056,308.92056,310.12054,312.22055,311.22055,310.72055,305.32056,303.52057,303.62054,299.32056,295.12054,300.52057
290.82056,292.62054,304.02057,306.32056,304.72055,309.72055,308.82056,309.82056,309.82056,310.42056,311.32056,311.32056,311.92056,313.92056,313.02057,313.52057,315.02057,318.42056,316.92056,315.02057,316.52057,316.92056,314.32056,313.72055,313.72055,312.22055,311.52057,311.42056,311.02057,308.52057,307.52057,307.22055,309.32056,312.02057,314.02057,319.32056,311.02057,305.92056,302.92056,298.52057,302.22055,300.42056,304.72055
290.32056,288.02057,291.32056,294.72055,301.52057,303.42056,305.22055,305.92056,307.52057,307.82056,306.92056,307.52057,306.82056,310.62054,310.82056,311.32056,312.02057,315.72055,315.52057,311.22055,314.12054,316.32056,315.52057,312.32056,312.72055,312.82056,310.42056,311.52057,306.52057,312.12054,312.42056,315.32056,315.12054,314.32056,312.32056,311.12054,307.42056,303.42056,300.92056,300.92056,302.12054,299.22055,300.32056
291.72055,291.62054,293.92056,295.82056,300.52057,302.62054,302.82056,303.92056,302.52057,302.12054,304.12054,304.72055,299.62054,302.72055,308.02057,309.02057,314.92056,312.52057,317.82056,311.12054,314.32056,314.42056,313.12054,312.32056,311.02057,310.72055,308.62054,312.32056,312.12054,315.72055,318.52057,318.42056,314.12054,316.12054,311.62054,309.32056,306.92056,305.42056,302.72055,299.92056,299.42056,299.92056,301.02057
287.92056,291.42056,294.82056,296.02057,297.52057,293.32056,300.92056,301.72055,300.82056,304.82056,304.82056,299.82056,297.62054,297.62054,304.32056,303.92056,310.82056,311.02057,317.02057,315.72055,311.12054,313.52057,310.72055,306.62054,307.12054,307.42056,312.52057,313.82056,318.22055,316.02057,315.92056,313.72055,315.62054,315.92056,314.52057,312.82056,312.72055,306.22055,305.02057,304.32056,301.92056,302.02057,301.32056
284.92056,292.82056,291.12054,291.02057,289.92056,295.82056,298.42056,297.52057,293.62054,298.22055,299.32056,298.62054,295.82056,297.12054,298.92056,303.62054,308.72055,312.22055,308.82056,307.72055,312.02057,310.22055,310.02057,308.72055,312.12054,310.82056,314.12054,313.82056,315.02057,315.52057,317.22055,317.02057,318.12054,312.92056,310.32056,307.72055,312.82056,307.62054,308.02057,306.12054,303.32056,306.12054,305.12054
281.22055,284.72055,293.52057,291.02057,285.52057,296.42056,292.52057,291.62054,297.22055,297.62054,298.62054,298.62054,298.02057,297.52057,297.92056,300.32056,301.92056,304.02057,304.32056,304.72055,306.32056,308.02057,307.32056,308.02057,306.32056,306.52057,307.12054,306.62054,307.82056,309.02057,309.42056,309.72055,313.72055,296.92056,310.62054,307.32056,305.02057,306.02057,307.32056,302.32056,310.02057,307.82056,305.52057
