wind_kz.json
{"header": {"discipline":0,"disciplineName":"Meteorological products","gribEdition":2,"gribLength":948,"center":7,"centerName":"US National Weather Service - NCEP(WMC)","subcenter":0,"refTime":"2023-08-07T00:00:00.000Z","significanceOfRT":1,"significanceOfRTName":"Start of forecast","productStatus":0,"productStatusName":"Operational products","productType":1,"productTypeName":"Forecast products","productDefinitionTemplate":0,"productDefinitionTemplateName":"Analysis/forecast at horizontal level/layer at a point in time","parameterCategory":0,"parameterCategoryName":"UnknownDiscipline_0_Category_0","parameterNumber":0,"parameterNumberName":"UnknownParameter_D0_C0_0","parameterUnit":"Unknown","genProcessType":2,"genProcessTypeName":"Forecast","forecastTime":60,"surface1Type":1,"surface1TypeName":"Ground or water surface","surface1Value":0.0,"surface2Type":255,"surface2TypeName":"Missing","surface2Value":0.0,"gridDefinitionTemplate":0,"gridDefinitionTemplateName":"Latitude_Longitude","numberPoints":615,"shape":6,"shapeName":"Earth spherical with radius of 6,371,229.0 m","gridUnits":"degrees","resolution":48,"winds":"true","scanMode":64,"nx":41,"ny":15,"basicAngle":0,"lo1":47.0,"la1":41.0,"lo2":87.0,"la2":55.0,"dx":1.0,"dy":1.0}, "data":
[rows 0 to 14 of 15, columns 0 to 40 of 41]
321.30002,303.7,313.80002,299.40002,299.7,298.60004,313.90002,326.90002,325.40002,325.50003,322.2,322.40002,321.90002,321.00003,320.10004,319.50003,319.80002,319.90002,322.60004,322.30002,321.90002,316.90002,314.90002,311.90002,313.10004,316.00003,310.80002,293.7,293.00003,291.90002,291.2,292.7,301.00003,310.10004,315.30002,314.80002,314.50003,313.90002,313.60004,314.2,314.10004
290.2,312.7,298.80002,299.80002,300.60004,298.90002,327.80002,324.00003,322.90002,321.50003,322.30002,321.50003,320.2,319.2,320.40002,319.90002,321.10004,321.40002,320.2,321.00003,322.30002,317.10004,314.7,303.60004,293.2,292.50003,301.7,293.7,296.40002,287.00003,293.00003,285.10004,294.80002,268.80002,288.10004,304.90002,305.00003,310.40002,313.50003,304.50003,286.60004
315.60004,298.60004,299.60004,300.50003,299.60004,323.10004,322.50003,322.90002,320.80002,319.10004,318.60004,318.7,317.2,315.2,319.7,321.60004,319.80002,319.80002,320.90002,321.90002,320.2,317.50003,316.2,309.50003,311.10004,310.90002,310.90002,310.2,308.7,296.30002,287.10004,287.7,295.00003,295.00003,287.80002,285.60004,285.00003,288.2,289.7,286.50003,287.60004
318.40002,299.40002,300.10004,300.80002,304.40002,322.90002,322.80002,323.2,322.10004,319.7,318.60004,317.2,298.00003,297.00003,315.30002,317.90002,319.80002,319.7,319.40002,309.90002,316.00003,313.60004,316.2,316.2,315.50003,315.50003,315.10004,313.60004,312.60004,311.7,312.40002,308.10004,311.30002,308.7,310.50003,302.60004,289.7,287.90002,291.10004,303.2,306.80002
321.10004,300.2,301.00003,302.40002,309.50003,320.7,321.7,326.80002,321.60004,319.2,318.7,317.10004,298.2,297.2,294.00003,315.40002,317.40002,306.7,310.50003,313.50003,309.40002,319.40002,317.40002,312.80002,317.00003,317.90002,315.90002,307.80002,315.00003,313.10004,314.2,310.2,292.2,284.30002,296.50003,297.40002,301.50003,313.00003,312.90002,310.40002,309.90002
325.40002,319.2,299.80002,301.50003,302.40002,300.7,323.10004,323.00003,321.2,318.7,318.2,317.50003,299.90002,297.50003,305.50003,314.00003,314.50003,312.40002,316.60004,313.80002,308.00003,311.2,314.50003,311.40002,315.2,315.50003,314.10004,295.00003,313.80002,313.30002,314.10004,313.30002,310.80002,306.60004,299.60004,298.80002,292.00003,297.60004,307.80002,310.90002,308.60004
324.50003,319.90002,327.60004,324.2,311.40002,321.7,324.2,321.2,319.7,318.40002,316.7,316.30002,316.00003,316.90002,317.40002,314.30002,313.40002,316.7,310.7,313.30002,306.50003,314.7,307.10004,306.60004,306.60004,312.10004,312.30002,312.50003,311.7,308.80002,312.2,311.40002,305.90002,310.00003,306.50003,303.00003,295.90002,291.00003,289.7,289.90002,303.30002
324.90002,326.7,326.60004,322.40002,323.10004,321.7,320.80002,317.7,315.80002,315.30002,314.60004,313.80002,314.00003,314.30002,316.60004,316.50003,307.00003,311.7,311.10004,309.50003,309.60004,304.00003,310.00003,306.50003,304.7,303.00003,301.60004,302.2,306.60004,302.00003,306.2,302.40002,305.2,301.40002,299.90002,295.90002,295.60004,289.90002,302.10004,304.60004,302.00003
322.7,321.60004,322.80002,318.7,319.10004,318.30002,315.50003,313.60004,312.40002,311.40002,310.60004,311.10004,311.10004,312.00003,310.2,314.60004,312.00003,312.30002,310.90002,310.00003,311.2,302.90002,296.00003,307.2,309.7,308.50003,306.7,304.30002,303.00003,294.7,296.80002,300.90002,300.90002,299.80002,297.80002,292.40002,290.10004,290.40002,286.00003,286.00003,282.60004
318.00003,317.00003,314.10004,315.30002,314.10004,314.30002,311.7,310.60004,309.50003,302.90002,299.30002,298.00003,302.00003,299.50003,302.10004,300.00003,304.80002,309.50003,310.7,309.30002,293.00003,291.90002,300.10004,303.7,307.60004,305.2,307.10004,304.40002,300.80002,297.7,295.10004,303.30002,305.7,306.30002,302.40002,299.90002,292.90002,290.2,287.10004,287.00003,283.00003
312.60004,312.40002,311.7,311.2,309.2,310.60004,309.80002,307.00003,305.60004,300.10004,299.2,298.60004,300.10004,295.7,301.90002,303.00003,302.2,309.40002,302.90002,301.60004,303.40002,302.60004,305.2,302.10004,305.7,305.2,302.10004,303.40002,304.10004,305.10004,305.60004,305.80002,307.40002,305.00003,304.50003,299.30002,291.90002,288.50003,288.30002,287.10004,283.80002
308.90002,312.40002,311.90002,310.10004,308.60004,307.2,306.80002,303.90002,302.10004,302.40002,297.80002,294.50003,296.10004,291.40002,296.80002,292.80002,294.40002,295.80002,301.90002,299.60004,292.60004,298.00003,300.90002,303.80002,302.40002,302.80002,303.80002,304.7,306.2,305.40002,304.00003,305.40002,304.30002,303.7,301.60004,301.2,299.10004,294.80002,295.7,292.30002,289.00003
304.90002,309.30002,310.7,309.80002,306.60004,305.30002,305.00003,298.80002,300.7,301.50003,292.30002,289.60004,292.60004,292.00003,293.7,292.60004,292.2,292.30002,300.2,299.50003,302.30002,302.7,302.60004,300.10004,304.30002,305.90002,306.50003,305.00003,304.00003,301.00003,302.90002,302.10004,298.7,301.30002,303.30002,299.30002,299.80002,299.2,296.10004,297.90002,294.40002
305.40002,307.50003,301.2,309.40002,308.00003,306.90002,304.80002,298.90002,300.60004,302.40002,297.2,292.50003,292.80002,293.30002,296.50003,297.30002,298.80002,298.90002,302.2,297.60004,304.60004,303.80002,302.90002,303.00003,304.50003,306.30002,303.7,303.10004,301.7,301.90002,301.60004,301.10004,299.7,297.80002,298.60004,298.80002,297.50003,295.30002,298.7,295.00003,296.90002
302.2,306.30002,293.30002,306.80002,307.7,306.30002,305.80002,304.90002,305.00003,303.40002,300.60004,298.60004,293.40002,298.40002,299.00003,299.7,298.10004,303.50003,304.40002,302.80002,302.30002,303.60004,304.80002,304.2,303.50003,303.10004,302.2,301.7,300.10004,299.90002,297.2,290.60004,294.2,295.2,296.7,293.90002,295.60004,290.10004,295.40002,291.80002,294.10004
