wind_kz.json
{"header": {"discipline":0,"disciplineName":"Meteorological products","gribEdition":2,"gribLength":948,"center":7,"centerName":"US National Weather Service - NCEP(WMC)","subcenter":0,"refTime":"2023-09-09T18:00:00.000Z","significanceOfRT":1,"significanceOfRTName":"Start of forecast","productStatus":0,"productStatusName":"Operational products","productType":1,"productTypeName":"Forecast products","productDefinitionTemplate":0,"productDefinitionTemplateName":"Analysis/forecast at horizontal level/layer at a point in time","parameterCategory":0,"parameterCategoryName":"UnknownDiscipline_0_Category_0","parameterNumber":0,"parameterNumberName":"UnknownParameter_D0_C0_0","parameterUnit":"Unknown","genProcessType":2,"genProcessTypeName":"Forecast","forecastTime":60,"surface1Type":1,"surface1TypeName":"Ground or water surface","surface1Value":0.0,"surface2Type":255,"surface2TypeName":"Missing","surface2Value":0.0,"gridDefinitionTemplate":0,"gridDefinitionTemplateName":"Latitude_Longitude","numberPoints":615,"shape":6,"shapeName":"Earth spherical with radius of 6,371,229.0 m","gridUnits":"degrees","resolution":48,"winds":"true","scanMode":64,"nx":41,"ny":15,"basicAngle":0,"lo1":47.0,"la1":41.0,"lo2":87.0,"la2":55.0,"dx":1.0,"dy":1.0}, "data":
[rows 0 to 14 of 15, columns 0 to 40 of 41]
289.1253,283.6253,286.2253,297.92532,297.82532,296.6253,295.2253,304.32532,308.02533,309.82532,308.2253,308.6253,308.02533,307.7253,310.02533,311.32532,310.6253,308.7253,313.2253,310.1253,313.2253,308.52533,307.92532,309.7253,312.02533,310.42532,310.02533,302.1253,303.6253,298.82532,298.6253,295.32532,311.2253,319.02533,322.7253,325.1253,326.42532,324.7253,325.52533,327.2253,328.7253
274.92532,292.7253,297.32532,297.52533,297.32532,295.52533,294.42532,292.02533,295.1253,302.7253,305.6253,307.82532,309.2253,311.92532,309.2253,310.7253,314.32532,315.2253,314.92532,315.92532,315.82532,309.52533,305.52533,301.7253,293.7253,295.82532,305.1253,302.82532,303.42532,295.52533,301.32532,293.1253,301.2253,273.2253,296.6253,316.32532,316.7253,318.6253,323.1253,314.2253,287.2253
295.42532,296.92532,297.92532,297.32532,294.92532,299.82532,295.82532,301.82532,300.32532,300.92532,303.82532,306.7253,308.32532,307.6253,305.42532,310.92532,310.42532,311.7253,312.92532,314.42532,316.2253,310.52533,308.1253,301.82532,307.32532,307.42532,308.52533,306.6253,306.6253,300.02533,296.32532,297.2253,302.1253,305.82532,302.42532,300.02533,295.52533,299.92532,302.7253,297.32532,295.82532
302.2253,296.32532,297.42532,296.42532,296.1253,302.92532,301.2253,301.92532,303.1253,302.52533,301.7253,302.52533,293.7253,293.1253,305.2253,306.7253,305.52533,306.32532,308.2253,311.32532,307.1253,305.2253,307.92532,308.7253,307.92532,306.1253,309.1253,306.6253,307.6253,310.42532,309.52533,306.42532,310.82532,309.02533,305.82532,305.6253,297.82532,297.82532,298.7253,308.32532,311.92532
302.52533,294.32532,295.6253,294.2253,296.6253,299.2253,299.7253,300.02533,298.82532,298.6253,299.52533,300.7253,293.02533,291.7253,290.1253,304.1253,304.92532,303.32532,304.02533,302.6253,304.7253,300.6253,304.02533,305.2253,306.42532,307.6253,304.7253,302.32532,308.02533,308.32532,307.2253,299.02533,289.82532,290.2253,297.1253,299.02533,300.6253,317.7253,312.7253,311.1253,315.42532
298.02533,302.2253,293.7253,293.1253,293.7253,292.7253,302.02533,300.92532,297.42532,296.32532,295.92532,295.82532,293.2253,292.92532,296.92532,299.52533,301.02533,302.52533,301.52533,303.02533,294.1253,296.32532,302.82532,304.1253,304.52533,304.52533,305.32532,291.2253,303.92532,305.32532,307.92532,305.52533,304.1253,299.92532,297.42532,292.32532,287.52533,288.92532,298.6253,310.2253,307.32532
300.2253,300.52533,299.7253,300.82532,299.6253,302.1253,301.92532,298.82532,298.2253,297.1253,296.1253,295.32532,295.7253,296.32532,298.6253,299.2253,300.92532,301.32532,301.92532,301.92532,297.42532,292.32532,292.42532,293.82532,291.32532,300.6253,302.6253,304.6253,305.52533,306.42532,305.82532,307.7253,307.6253,305.32532,299.42532,293.1253,286.2253,286.2253,284.42532,291.42532,299.92532
298.52533,301.6253,302.82532,302.52533,300.32532,301.02533,301.52533,298.42532,296.52533,295.82532,295.92532,294.32532,294.7253,292.32532,296.02533,296.52533,297.32532,296.92532,297.7253,296.7253,296.2253,297.02533,296.92532,297.82532,296.7253,293.52533,287.52533,298.92532,298.6253,301.92532,301.52533,304.02533,303.6253,301.52533,299.2253,295.1253,300.32532,289.6253,298.1253,292.2253,299.6253
295.2253,295.82532,298.82532,301.2253,298.32532,298.82532,298.52533,297.02533,295.32532,294.32532,288.82532,290.42532,292.92532,294.7253,293.6253,294.92532,294.42532,295.2253,293.92532,294.32532,290.92532,292.7253,293.7253,293.6253,293.92532,292.32532,292.2253,293.52533,294.2253,293.82532,296.52533,298.42532,302.82532,303.1253,303.2253,297.32532,294.1253,291.32532,280.82532,282.1253,279.2253
295.2253,296.92532,297.7253,298.42532,296.42532,295.42532,296.82532,291.82532,286.32532,284.7253,282.6253,282.2253,284.42532,290.6253,292.6253,291.2253,287.1253,285.02533,284.82532,284.6253,282.82532,283.32532,284.02533,284.92532,286.7253,291.1253,291.82532,293.2253,293.92532,295.1253,296.02533,299.7253,302.7253,303.52533,303.2253,299.2253,295.1253,284.42532,282.2253,280.82532,283.32532
292.82532,291.82532,292.7253,292.02533,294.42532,292.02533,286.6253,284.6253,283.82532,283.2253,282.82532,283.52533,283.82532,281.7253,282.1253,283.2253,284.1253,285.92532,290.02533,287.82532,286.92532,285.32532,283.32532,282.6253,281.82532,283.1253,282.7253,286.32532,288.02533,295.52533,299.02533,300.2253,299.02533,297.7253,299.32532,298.02533,284.82532,287.2253,284.1253,282.02533,282.2253
291.1253,291.7253,290.32532,289.42532,286.02533,283.82532,283.42532,283.52533,284.1253,284.1253,282.7253,282.02533,282.82532,282.32532,282.52533,283.1253,283.6253,283.82532,284.2253,284.32532,285.1253,288.1253,288.1253,285.02533,282.7253,283.52533,284.82532,288.32532,294.6253,297.6253,295.1253,297.42532,295.6253,296.1253,296.6253,298.2253,298.02533,294.92532,288.32532,287.1253,286.82532
287.7253,288.2253,289.82532,289.02533,284.1253,283.7253,283.92532,283.7253,283.42532,284.1253,282.6253,281.7253,284.32532,283.7253,286.02533,286.32532,283.2253,282.7253,283.1253,282.32532,282.7253,283.02533,288.52533,289.02533,292.52533,294.02533,293.7253,288.02533,287.82532,286.52533,289.82532,292.02533,296.52533,298.42532,296.6253,294.2253,290.1253,289.92532,290.1253,286.02533,287.6253
288.32532,289.42532,290.32532,285.7253,283.92532,289.6253,289.2253,288.1253,288.92532,288.6253,286.82532,285.42532,285.92532,286.7253,287.7253,288.42532,288.52533,287.7253,287.1253,282.6253,281.52533,281.2253,281.2253,281.1253,282.52533,282.6253,282.92532,284.02533,284.92532,286.52533,290.7253,295.1253,294.1253,293.32532,293.7253,291.6253,290.42532,286.82532,285.92532,285.52533,289.6253
288.2253,290.32532,288.92532,290.32532,289.2253,289.52533,289.32532,289.7253,289.52533,290.52533,287.52533,283.52533,284.1253,285.82532,286.6253,288.32532,288.6253,288.52533,289.82532,289.32532,289.82532,288.2253,288.52533,285.02533,281.6253,281.2253,281.42532,281.42532,281.6253,282.2253,283.42532,284.32532,284.42532,284.1253,284.32532,284.1253,285.2253,283.92532,285.92532,288.02533,289.2253
