wind_kz.json
{"header": {"discipline":0,"disciplineName":"Meteorological products","gribEdition":2,"gribLength":1025,"center":7,"centerName":"US National Weather Service - NCEP(WMC)","subcenter":0,"refTime":"2023-09-27T18:00:00.000Z","significanceOfRT":1,"significanceOfRTName":"Start of forecast","productStatus":0,"productStatusName":"Operational products","productType":1,"productTypeName":"Forecast products","productDefinitionTemplate":0,"productDefinitionTemplateName":"Analysis/forecast at horizontal level/layer at a point in time","parameterCategory":2,"parameterCategoryName":"UnknownDiscipline_0_Category_2","parameterNumber":3,"parameterNumberName":"UnknownParameter_D0_C2_3","parameterUnit":"Unknown","genProcessType":2,"genProcessTypeName":"Forecast","forecastTime":300,"surface1Type":103,"surface1TypeName":"Specified height level above ground","surface1Value":10.0,"surface2Type":255,"surface2TypeName":"Missing","surface2Value":0.0,"gridDefinitionTemplate":0,"gridDefinitionTemplateName":"Latitude_Longitude","numberPoints":615,"shape":6,"shapeName":"Earth spherical with radius of 6,371,229.0 m","gridUnits":"degrees","resolution":48,"winds":"true","scanMode":64,"nx":41,"ny":15,"basicAngle":0,"lo1":47.0,"la1":41.0,"lo2":87.0,"la2":55.0,"dx":1.0,"dy":1.0}, "data":
[rows 0 to 14 of 15, columns 0 to 40 of 41]
-0.046003416,0.4939966,-0.46600342,8.253997,7.563997,4.5739965,1.9739966,0.7639966,0.29399657,-0.23600341,-1.4860034,-2.4460034,-2.5860033,-4.7260036,-4.8460035,-6.5060034,-6.5160036,-5.3860035,-5.5660033,-3.4460034,-1.4960034,-3.7960033,0.92399657,1.4439965,1.5039966,0.8939966,0.9539966,0.44399658,0.45399657,0.2739966,1.8739966,2.4939966,-1.1660035,0.41399658,0.20399658,-0.6760034,-1.9660034,-1.8660034,-0.8960034,1.5639966,2.1539965
2.4839966,-1.0360035,0.043996584,8.663997,7.0139966,5.0539966,1.1539966,1.9739966,0.86399657,0.0039965822,-0.56600344,-1.3160034,-2.3060033,-4.1360035,-5.0860033,-5.8260036,-5.8760033,-4.2360034,-5.1160035,-5.4260035,-4.6160035,-3.3660035,-3.6360035,-0.8660034,2.1339965,2.7139966,2.5339966,1.2339966,0.0039965822,2.0539966,-0.2860034,1.2539966,1.4939966,0.8939966,1.5639966,2.3139966,1.3439965,1.7939966,1.2639966,1.9639965,-0.006003418
-0.23600341,-2.6360035,3.5939965,6.4039965,4.563997,3.5539966,1.6339966,1.1639966,0.62399656,0.5139966,-0.9560034,-1.5760034,-1.8560034,-2.9060035,-3.3760035,-4.3060036,-4.9960036,-4.7960033,-4.9860034,-4.5660033,-5.4960036,-3.3960035,-1.3160034,-0.20600341,-2.2460034,-1.3460034,-2.1660035,-1.4160035,-1.1660035,-1.0560035,0.86399657,2.0639966,0.4639966,0.9039966,1.2839966,-1.9760034,-0.15600342,1.9739966,-0.13600342,0.9639966,1.2439966
2.2339966,1.5339966,4.6339965,4.6839967,3.5439966,2.3339965,2.3939965,2.1039965,0.7739966,0.4939966,0.08399658,-0.12600341,-0.88600343,-1.0160034,-2.6460035,-2.9560034,-2.7260034,-2.7660034,-3.9260035,-4.0660033,-5.1560035,-1.3960034,-2.3960035,-1.1860034,-1.0460035,-0.006003418,0.80399656,0.92399657,0.62399656,0.29399657,4.083997,1.3939966,0.44399658,-0.4460034,0.7239966,1.9639965,2.9539967,2.6939967,-0.7360034,-2.2560034,-1.4960034
1.9839966,2.5039966,3.3639965,3.7739966,3.2239966,2.3739965,2.2739966,1.7739966,0.8539966,0.4339966,0.73399657,-0.5860034,0.21399659,0.38399658,0.47399658,-1.2660034,-1.3060035,-0.94600344,-0.9960034,-1.5160034,-1.6060034,-1.5060034,-1.1160034,-0.24600342,-0.19600342,0.8339966,1.9639965,1.4539965,1.6339966,1.8039966,1.9139966,0.7239966,3.0839965,2.3139966,0.16399658,1.7439966,0.093996584,0.5039966,1.2739966,-0.26600343,-0.82600343
2.1539965,1.9439965,2.4539967,2.6439965,2.8839965,2.8039966,2.1939967,1.5539966,1.7739966,0.99399656,0.62399656,0.21399659,-0.5860034,0.6439966,0.9139966,-0.7860034,-0.30600342,0.7039966,1.4439965,1.6239966,1.0539966,1.6039966,0.21399659,0.3939966,1.1439966,1.3839966,2.1139965,1.6939965,-0.06600342,1.2539966,2.0239966,1.8739966,2.2039967,1.1739966,-1.2660034,5.3939967,-1.0060034,0.9139966,0.5439966,1.5639966,1.2239966
-0.06600342,0.24399658,0.5739966,0.6639966,0.5239966,0.38399658,0.17399658,0.4039966,0.62399656,0.7139966,0.10399658,-0.016003419,-0.50600344,-1.1760035,-0.9260034,-0.18600342,0.16399658,-0.06600342,0.80399656,1.8639966,3.3139966,2.4639966,2.9639966,2.4839966,2.0139966,1.7339966,2.0239966,2.7139966,3.0139966,3.0039966,3.4039965,3.5139966,4.083997,3.1539965,2.9939966,1.8739966,3.0939965,0.4639966,0.31399658,3.8839965,4.313997
-3.2460034,-3.6060035,-3.3360033,-3.1960034,-2.7360034,-2.5660033,-2.4360034,-1.5460035,-1.1660035,-1.5960034,-0.76600343,-0.9060034,-0.6760034,0.5839966,0.22399658,1.0339966,1.7739966,-0.46600342,-0.2560034,0.6639966,0.68399656,2.3339965,3.6339965,5.1239967,4.7239966,4.2739964,3.4539967,2.4139967,3.7239966,4.3239965,4.2639966,4.7739964,4.6739964,7.1039968,5.6939964,0.5839966,1.7739966,2.6339965,-0.94600344,2.2039967,4.3039966
-3.2060034,-3.7260034,-3.9760034,-4.4060035,-4.5260034,-4.416003,-4.2760034,-3.8060033,-3.3960035,-3.6260035,-3.9660034,-3.6160035,-3.1060035,-3.1460035,-1.7760034,0.11399658,0.20399658,2.0939965,3.2739966,4.2439966,4.3239965,2.7739966,1.3539966,5.4439964,3.3239965,6.0139966,5.5339966,4.9439964,4.5939965,4.3839965,5.9439964,7.2539964,6.5739965,6.6939964,7.6639967,6.5239964,3.8939965,5.0739965,6.2839966,3.7739966,2.9039965
-2.7160034,-2.8960035,-3.0560033,-3.2660034,-3.4360034,-3.7060034,-3.7460034,-3.6660035,-3.6360035,-3.5160034,-3.6660035,-3.6660035,-3.5860033,-3.6360035,-4.0460033,-4.0060034,-2.7960033,-0.24600342,2.4039965,3.1539965,4.4939966,4.4739966,3.8239965,5.6239967,5.6639967,5.0139966,3.4139967,3.3839965,4.6639967,5.2739964,4.1039968,2.4739966,3.3539965,4.1339965,5.8839965,7.3239965,2.9939966,2.7939966,5.6439967,5.1039968,4.0139966
-2.6860034,-3.3160033,-3.2060034,-3.3960035,-3.0460033,-2.8460035,-3.0560033,-2.9460034,-2.8260033,-2.8960035,-3.1660035,-3.1560035,-3.0460033,-3.3160033,-3.7060034,-3.6760035,-2.9860034,-2.7960033,-0.68600345,0.7739966,-1.8060035,0.86399657,4.5539966,4.8739967,5.9139967,6.5039964,5.833997,5.9139967,4.9839964,4.0139966,4.5239964,3.3839965,3.6439965,4.5239964,4.2239966,8.203997,5.7339964,3.5739965,7.0539966,5.7139964,4.1339965
-2.4260035,-2.6660035,-3.2660034,-3.0060034,-3.0760033,-2.7160034,-3.4060035,-3.9260035,-3.7160034,-2.8560035,-3.2560034,-2.9860034,-2.9360034,-2.8260033,-3.2760034,-3.1760035,-3.4260035,-3.1660035,-2.3260033,-1.6860034,-1.1060034,-0.56600344,2.4039965,2.0239966,3.7939966,4.543997,6.1939964,5.5339966,5.2739964,5.4739966,5.4339967,5.6339965,4.9039965,5.7639966,4.1339965,4.9539967,6.8439965,7.6739964,4.2539964,5.6539965,4.1139965
-1.6660035,-2.3760035,-3.1060035,-2.4860034,-2.4560034,-2.3660035,-3.4260035,-4.4660034,-6.5160036,-2.2160034,-1.2960035,-1.7160034,-2.2260034,-2.8160033,-0.6660034,-1.8460034,-1.5060034,-1.3860034,-1.0960034,-0.7260034,-0.24600342,0.023996582,0.7639966,1.2139965,1.8439965,2.5839965,3.0439966,3.8439965,4.8639965,4.9439964,5.2739964,5.5739965,5.0039964,5.6039968,6.083997,3.4539967,5.1439967,4.2239966,6.5539966,6.6939964,3.2639966
-1.3160034,-2.2860034,-3.5460033,-3.5660033,-3.8460035,-3.1360035,-1.8760034,-4.4260035,-4.5460033,-3.6360035,-2.1360035,-1.2660034,-1.5960034,-1.3060035,-2.2260034,-2.6760035,-1.6760035,-1.3560034,-0.19600342,0.9139966,0.033996582,0.31399658,0.68399656,1.1139966,1.5139966,1.6239966,1.9939966,2.5439966,2.6939967,3.4439967,5.7039967,6.7139964,6.2739964,6.3039966,4.8439965,6.0539966,2.2239966,4.3439965,5.793997,5.8039966,6.333997
-0.75600344,-0.56600344,-2.8260033,-4.6360035,-4.3560033,-3.6260035,-3.9460034,-4.3260036,-4.7260036,-4.2660036,-2.3260033,-2.3560035,-1.5560035,-2.0060034,-3.4960034,-2.5160034,-3.1460035,-2.8260033,-2.4060035,-0.026003418,1.9639965,2.0639966,1.2739966,1.0039966,1.2239966,1.7039965,2.1239965,2.3539965,3.0139966,3.6039965,4.4039965,4.583997,4.313997,5.2539964,5.1439967,4.6539965,7.1839967,3.6439965,4.9839964,7.4539967,6.4839964
