wind_kz.json
{"header": {"discipline":0,"disciplineName":"Meteorological products","gribEdition":2,"gribLength":871,"center":7,"centerName":"US National Weather Service - NCEP(WMC)","subcenter":0,"refTime":"2023-08-21T12:00:00.000Z","significanceOfRT":1,"significanceOfRTName":"Start of forecast","productStatus":0,"productStatusName":"Operational products","productType":1,"productTypeName":"Forecast products","productDefinitionTemplate":0,"productDefinitionTemplateName":"Analysis/forecast at horizontal level/layer at a point in time","parameterCategory":0,"parameterCategoryName":"UnknownDiscipline_0_Category_0","parameterNumber":0,"parameterNumberName":"UnknownParameter_D0_C0_0","parameterUnit":"Unknown","genProcessType":2,"genProcessTypeName":"Forecast","forecastTime":120,"surface1Type":1,"surface1TypeName":"Ground or water surface","surface1Value":0.0,"surface2Type":255,"surface2TypeName":"Missing","surface2Value":0.0,"gridDefinitionTemplate":0,"gridDefinitionTemplateName":"Latitude_Longitude","numberPoints":615,"shape":6,"shapeName":"Earth spherical with radius of 6,371,229.0 m","gridUnits":"degrees","resolution":48,"winds":"true","scanMode":64,"nx":41,"ny":15,"basicAngle":0,"lo1":47.0,"la1":41.0,"lo2":87.0,"la2":55.0,"dx":1.0,"dy":1.0}, "data":
[rows 0 to 14 of 15, columns 0 to 40 of 41]
315.09882,294.89883,293.69882,299.39883,298.99884,298.19882,308.39883,314.19882,313.19882,314.19882,311.29883,309.49884,313.09882,313.39883,314.69882,314.49884,314.79883,310.89883,309.69882,312.59882,315.79883,312.19882,312.39883,308.09882,310.99884,313.49884,308.79883,292.99884,290.99884,289.29883,281.99884,280.09882,294.69882,301.09882,306.29883,308.29883,309.19882,309.09882,309.49884,309.09882,307.99884
279.59882,296.79883,299.29883,298.99884,298.99884,297.99884,311.09882,307.39883,304.29883,305.19882,310.69882,311.19882,310.79883,310.39883,301.79883,312.69882,313.69882,312.89883,312.29883,312.39883,311.59882,311.59882,309.79883,302.19882,292.69882,291.19882,302.59882,293.59882,295.69882,285.99884,288.89883,279.19882,284.19882,272.49884,282.09882,303.49884,302.59882,306.49884,309.99884,301.29883,286.19882
298.69882,298.99884,299.19882,299.09882,297.79883,308.69882,305.39883,306.19882,297.19882,298.59882,299.69882,303.59882,307.89883,303.49884,312.39883,311.09882,311.39883,309.89883,309.99884,309.99884,309.99884,309.59882,309.49884,304.29883,309.69882,308.09882,309.49884,309.49884,307.89883,295.59882,285.19882,284.99884,290.99884,293.29883,295.09882,297.69882,287.29883,288.29883,291.19882,285.79883,285.69882
307.39883,299.99884,299.39883,298.39883,298.99884,300.59882,302.09882,301.59882,295.09882,293.89883,300.89883,296.79883,295.69882,295.59882,308.89883,308.89883,307.09882,309.59882,309.49884,310.69882,307.59882,302.19882,306.29883,308.89883,310.49884,310.39883,313.09882,310.39883,312.39883,310.79883,310.79883,306.89883,309.49884,308.59882,308.09882,302.59882,287.99884,284.19882,292.09882,302.59882,308.19882
310.09882,299.49884,299.59882,299.29883,302.49884,306.09882,300.39883,298.59882,296.79883,293.69882,297.79883,301.99884,295.79883,294.49884,292.49884,307.19882,308.39883,304.39883,306.59882,309.89883,309.39883,309.79883,307.79883,307.89883,308.99884,312.29883,311.99884,307.49884,312.89883,311.29883,312.29883,308.39883,295.29883,283.69882,295.99884,304.79883,301.79883,307.89883,308.69882,310.89883,310.69882
308.39883,304.69882,297.99884,298.69882,299.29883,298.69882,307.19882,301.79883,298.39883,298.59882,299.39883,296.59882,294.99884,295.09882,300.19882,305.19882,307.99884,309.29883,307.49884,310.89883,309.39883,310.49884,309.49884,306.79883,306.39883,306.99884,309.39883,294.09882,312.09882,311.69882,309.39883,309.69882,308.39883,306.79883,302.09882,301.29883,297.59882,297.89883,305.19882,309.89883,307.79883
306.39883,305.79883,306.29883,306.09882,301.69882,301.39883,297.79883,304.29883,299.79883,298.09882,303.09882,296.39883,298.49884,300.19882,300.29883,307.09882,307.99884,309.89883,305.79883,307.09882,306.59882,307.69882,307.29883,308.59882,305.99884,305.39883,304.89883,305.29883,308.59882,309.59882,310.79883,310.19882,308.19882,308.79883,307.19882,305.69882,300.69882,294.29883,291.39883,289.49884,302.69882
305.59882,305.59882,304.99884,299.09882,299.39883,293.29883,295.89883,300.79883,303.29883,298.69882,298.09882,302.69882,303.49884,301.29883,308.99884,306.19882,302.59882,307.79883,308.99884,300.69882,306.79883,306.19882,306.29883,304.69882,304.59882,299.39883,297.89883,298.19882,300.09882,305.49884,304.99884,305.79883,303.99884,301.59882,301.59882,303.29883,304.89883,290.29883,304.69882,305.49884,300.89883
304.09882,303.39883,303.59882,301.69882,292.89883,289.49884,292.39883,294.49884,301.79883,301.29883,296.59882,295.89883,301.19882,304.59882,306.09882,295.79883,306.09882,306.79883,306.09882,303.29883,302.09882,304.09882,305.29883,304.09882,302.19882,299.39883,296.99884,297.59882,296.19882,293.99884,299.09882,299.39883,298.29883,300.09882,298.99884,296.99884,299.69882,299.39883,285.39883,288.79883,287.39883
302.49884,301.59882,301.79883,300.29883,297.99884,289.09882,288.69882,297.79883,296.69882,294.69882,292.59882,295.99884,299.59882,304.19882,297.59882,290.49884,296.19882,296.79883,304.69882,300.99884,300.79883,303.09882,303.89883,303.59882,302.69882,300.79883,299.69882,298.79883,295.19882,296.19882,294.09882,296.99884,298.59882,299.59882,299.09882,296.49884,293.99884,293.19882,290.69882,289.39883,283.29883
297.19882,296.89883,293.19882,293.19882,294.99884,293.29883,284.19882,285.29883,289.09882,295.69882,293.99884,293.09882,288.99884,297.49884,291.39883,297.99884,302.19882,303.19882,302.79883,296.99884,297.09882,300.69882,298.99884,298.69882,298.79883,298.99884,296.29883,297.49884,297.49884,297.49884,298.39883,298.89883,297.89883,295.49884,294.29883,293.69882,288.59882,287.59882,287.79883,286.29883,289.69882
289.49884,294.09882,290.49884,290.99884,291.99884,293.99884,289.99884,282.99884,283.39883,283.69882,284.59882,287.59882,289.89883,289.39883,291.59882,295.99884,293.29883,295.89883,298.89883,298.69882,293.09882,296.09882,294.99884,298.69882,295.69882,297.69882,297.19882,298.49884,298.69882,298.49884,295.29883,296.79883,295.39883,293.59882,293.19882,292.39883,292.29883,290.59882,287.29883,288.99884,288.19882
289.29883,287.99884,289.19882,291.69882,290.29883,290.99884,291.29883,294.69882,290.79883,283.79883,281.69882,282.39883,285.89883,286.59882,287.69882,290.09882,293.99884,295.09882,296.39883,295.99884,295.19882,291.89883,295.09882,291.39883,294.49884,296.89883,299.39883,297.19882,297.89883,296.99884,296.49884,295.19882,293.69882,295.19882,293.09882,290.79883,291.39883,292.09882,290.29883,289.19882,287.49884
288.79883,291.49884,292.39883,290.99884,288.99884,288.49884,288.79883,289.59882,289.59882,291.29883,288.09882,286.59882,288.99884,285.79883,287.89883,289.49884,290.99884,292.19882,291.39883,289.79883,294.79883,291.69882,293.59882,292.69882,296.19882,295.09882,293.69882,292.19882,295.09882,294.99884,295.59882,294.99884,292.79883,292.29883,292.39883,290.59882,290.19882,289.99884,289.99884,288.39883,289.59882
286.49884,289.39883,291.09882,292.29883,289.69882,286.79883,290.29883,287.19882,289.89883,289.89883,287.99884,286.69882,286.79883,287.69882,289.79883,289.29883,291.99884,292.59882,286.59882,290.19882,291.69882,292.69882,294.69882,294.39883,292.89883,293.09882,291.09882,292.09882,292.49884,293.19882,289.59882,288.29883,292.39883,291.69882,291.29883,292.09882,291.79883,288.99884,289.69882,289.29883,289.69882
