wind_kz.json
{"header": {"discipline":0,"disciplineName":"Meteorological products","gribEdition":2,"gribLength":1102,"center":7,"centerName":"US National Weather Service - NCEP(WMC)","subcenter":0,"refTime":"2023-08-17T18:00:00.000Z","significanceOfRT":1,"significanceOfRTName":"Start of forecast","productStatus":0,"productStatusName":"Operational products","productType":1,"productTypeName":"Forecast products","productDefinitionTemplate":0,"productDefinitionTemplateName":"Analysis/forecast at horizontal level/layer at a point in time","parameterCategory":2,"parameterCategoryName":"UnknownDiscipline_0_Category_2","parameterNumber":2,"parameterNumberName":"UnknownParameter_D0_C2_2","parameterUnit":"Unknown","genProcessType":2,"genProcessTypeName":"Forecast","forecastTime":300,"surface1Type":103,"surface1TypeName":"Specified height level above ground","surface1Value":10.0,"surface2Type":255,"surface2TypeName":"Missing","surface2Value":0.0,"gridDefinitionTemplate":0,"gridDefinitionTemplateName":"Latitude_Longitude","numberPoints":615,"shape":6,"shapeName":"Earth spherical with radius of 6,371,229.0 m","gridUnits":"degrees","resolution":48,"winds":"true","scanMode":64,"nx":41,"ny":15,"basicAngle":0,"lo1":47.0,"la1":41.0,"lo2":87.0,"la2":55.0,"dx":1.0,"dy":1.0}, "data":
[rows 0 to 14 of 15, columns 0 to 40 of 41]
0.6890869,1.3490869,-3.0109131,-3.100913,-7.5909133,-7.3809133,-8.640913,-8.740913,-9.760913,-7.270913,-7.500913,-6.660913,-5.450913,-4.740913,-3.7309132,-3.130913,-3.400913,-5.990913,-6.280913,-5.460913,-2.2509131,-0.6609131,1.769087,3.409087,0.6490869,2.4990869,5.379087,4.3690867,0.6490869,1.8390869,2.179087,2.439087,1.639087,0.6990869,2.7590868,2.109087,2.2290869,3.399087,2.329087,0.3290869,-1.240913
0.5290869,-3.040913,-2.4909132,-6.520913,-8.290913,-5.950913,-6.370913,-8.490913,-7.620913,-6.920913,-6.260913,-6.030913,-5.6309133,-5.280913,-4.9009132,-4.670913,-2.7709131,-3.580913,-3.050913,-2.300913,-1.3809131,-0.010913086,0.13908692,2.829087,0.9690869,0.049086913,1.3090869,2.379087,4.579087,4.4290867,2.5490868,4.899087,1.1190869,1.2290869,0.59908694,0.5790869,1.4190869,-1.350913,-1.2509131,0.7490869,0.78908694
-2.860913,-4.540913,-7.3209133,-8.670913,-8.6209135,-7.470913,-7.250913,-6.080913,-6.230913,-4.680913,-4.800913,-4.010913,-3.090913,-2.4709132,-1.8309131,-2.120913,-2.9509132,-2.660913,-1.8809131,-0.7409131,-0.21091309,2.069087,-1.740913,-0.96091306,1.139087,0.45908692,1.0690869,1.5990869,4.1190867,0.059086915,2.359087,-0.9809131,-0.41091308,0.33908692,-2.610913,0.3790869,2.379087,0.7490869,0.6490869,0.26908693,1.6790869
-6.3409133,-7.6509132,-8.560913,-8.570913,-5.730913,-5.9009132,-5.060913,-5.260913,-4.330913,-3.2509131,-1.9409131,-1.120913,-3.5009131,-3.360913,1.7090869,1.5490869,2.219087,2.7490869,2.5190868,1.8590869,1.2190869,-1.1709131,3.179087,3.349087,4.189087,4.549087,5.1390867,5.449087,7.559087,5.479087,5.8490868,6.029087,7.899087,5.1790867,6.219087,4.769087,1.8390869,1.8090869,-1.730913,1.1890869,3.4790869
-7.080913,-8.920913,-8.800913,-8.030913,-6.280913,-5.6109133,-4.560913,-3.540913,-2.890913,-2.540913,-2.040913,-2.590913,-1.860913,-1.610913,-1.240913,1.2190869,1.9990869,2.679087,2.619087,2.469087,4.019087,4.519087,5.569087,5.999087,6.739087,6.959087,6.859087,6.359087,8.029087,8.359087,7.769087,7.769087,6.589087,6.469087,-4.510913,-2.390913,9.799087,-1.8309131,0.9990869,0.91908693,-3.2609131
-7.330913,-7.560913,-9.300913,-9.270913,-8.730913,-8.140913,-5.740913,-3.5109131,-1.360913,-0.90091306,-0.6309131,-0.14091308,0.39908692,0.8190869,1.649087,1.8590869,3.0390868,3.339087,3.5490868,4.329087,5.799087,5.669087,5.8890867,6.8490868,6.169087,8.289087,9.049087,7.489087,9.139087,10.149087,10.689087,10.079087,10.419086,9.089087,8.689087,0.5590869,2.5590868,6.189087,7.219087,0.5290869,-5.740913
-6.230913,-6.760913,-6.580913,-6.810913,-6.560913,-4.3809133,-2.7709131,-1.6609131,-0.7909131,-0.9309131,0.53908694,1.4190869,2.379087,3.469087,3.7490869,4.3890867,4.759087,4.989087,5.739087,6.259087,7.109087,6.969087,7.359087,7.519087,8.169086,8.339087,8.319087,8.859087,10.259087,10.6290865,11.259087,10.719087,9.919086,9.579087,9.509087,8.099087,5.569087,2.869087,3.369087,2.2990868,1.0390869
-5.8409133,-5.790913,-5.470913,-4.510913,-3.2309132,-2.2709131,-1.4409131,-0.59091306,-0.11091308,0.7390869,1.0890869,1.9690869,3.0590868,2.649087,2.649087,3.2790868,3.589087,4.499087,5.109087,5.699087,6.579087,6.949087,8.019087,8.209087,9.069087,9.939087,10.449087,10.099087,9.989087,10.519087,11.8790865,10.789087,8.769087,8.029087,9.049087,11.399087,5.579087,4.489087,6.219087,4.539087,-1.100913
-3.2109132,-3.550913,-3.4409132,-2.610913,-1.870913,-1.2909131,-0.050913084,-0.4909131,0.059086915,1.279087,2.589087,2.5090868,3.0490868,2.359087,2.409087,2.8090868,3.349087,2.939087,3.709087,5.499087,7.879087,8.769087,8.529087,9.179087,9.999087,9.949087,10.589087,11.729087,11.579087,9.899087,10.599087,9.849087,9.069087,8.589087,8.319087,6.809087,8.389087,7.199087,2.7590868,-1.9509131,0.36908692
-4.8409133,-4.490913,-2.7509131,-2.290913,-1.1809131,-0.4609131,-0.4609131,0.33908692,1.029087,1.3290869,1.7290869,2.179087,1.4190869,2.5390868,2.5390868,2.679087,3.069087,2.909087,3.339087,5.029087,5.9090867,7.279087,8.409087,9.109087,9.669086,10.369087,10.559087,10.999087,12.139087,14.229087,11.909087,12.859087,8.599087,8.8790865,8.469087,8.009087,4.939087,3.7990868,7.239087,1.8490869,-1.980913
-4.1309133,-3.4509132,-2.0209131,-1.340913,0.24908692,0.8990869,0.3790869,0.6490869,1.3190869,1.2190869,2.0490868,2.2890868,2.349087,2.139087,0.8990869,1.389087,1.8190869,2.569087,2.469087,4.329087,5.259087,5.719087,7.609087,8.229087,7.809087,9.289087,10.8790865,11.069087,11.789087,13.569087,13.059087,12.699087,9.799087,7.6390867,7.1390867,6.279087,1.9390869,3.949087,6.359087,3.819087,3.179087
-4.390913,-1.8809131,-1.620913,-0.5509131,0.4490869,1.3190869,2.069087,1.7190869,1.2990869,0.78908694,0.72908694,1.3490869,1.1790869,-9.1308594E-4,1.259087,0.8790869,1.6990869,3.0390868,2.679087,4.069087,4.109087,5.399087,5.819087,5.299087,6.719087,7.809087,9.519087,11.769087,12.469087,11.199087,8.479087,10.239087,8.049087,8.429087,6.149087,6.519087,8.069087,7.809087,6.219087,1.5890869,1.879087
-1.8109131,0.3590869,-0.7509131,-1.1309131,0.6290869,1.2090869,1.5790869,1.629087,0.9390869,-0.41091308,1.0690869,1.509087,0.3490869,1.0390869,0.5490869,0.3790869,2.0390868,2.579087,2.199087,3.2390869,3.899087,3.7790868,4.629087,5.449087,6.439087,7.239087,8.649087,8.559087,8.319087,8.789087,7.0990868,5.989087,6.079087,7.489087,7.269087,6.8490868,5.9090867,4.509087,6.789087,5.769087,3.5190868
-1.370913,-0.83091307,-1.5309131,-0.26091307,0.3290869,0.6490869,0.8990869,1.0490869,-0.8009131,0.039086916,0.5790869,1.4790869,1.6990869,-0.050913084,0.5190869,1.159087,1.649087,1.9790869,2.4890869,2.129087,3.5290868,2.859087,3.969087,5.1390867,4.6390867,4.769087,4.509087,4.009087,5.319087,4.289087,3.819087,2.3090868,2.659087,3.2990868,4.049087,4.9290867,5.169087,6.069087,5.739087,4.589087,4.719087
-0.8709131,-0.8209131,-1.860913,-0.9409131,-0.4209131,1.3590869,0.59908694,-0.2409131,-9.1308594E-4,1.4790869,1.9390869,0.3290869,1.9290869,2.189087,1.399087,1.7490869,2.0490868,2.829087,2.5090868,2.0190868,2.149087,3.129087,3.189087,3.5090868,3.389087,2.4890869,2.159087,2.409087,1.0590869,-2.1909132,-2.370913,-1.360913,0.53908694,1.4190869,2.709087,3.5390868,3.319087,6.4290867,5.489087,6.009087,3.5290868
