wind_kz.json
{"header": {"discipline":0,"disciplineName":"Meteorological products","gribEdition":2,"gribLength":1025,"center":7,"centerName":"US National Weather Service - NCEP(WMC)","subcenter":0,"refTime":"2023-08-27T18:00:00.000Z","significanceOfRT":1,"significanceOfRTName":"Start of forecast","productStatus":0,"productStatusName":"Operational products","productType":1,"productTypeName":"Forecast products","productDefinitionTemplate":0,"productDefinitionTemplateName":"Analysis/forecast at horizontal level/layer at a point in time","parameterCategory":2,"parameterCategoryName":"UnknownDiscipline_0_Category_2","parameterNumber":3,"parameterNumberName":"UnknownParameter_D0_C2_3","parameterUnit":"Unknown","genProcessType":2,"genProcessTypeName":"Forecast","forecastTime":120,"surface1Type":103,"surface1TypeName":"Specified height level above ground","surface1Value":10.0,"surface2Type":255,"surface2TypeName":"Missing","surface2Value":0.0,"gridDefinitionTemplate":0,"gridDefinitionTemplateName":"Latitude_Longitude","numberPoints":615,"shape":6,"shapeName":"Earth spherical with radius of 6,371,229.0 m","gridUnits":"degrees","resolution":48,"winds":"true","scanMode":64,"nx":41,"ny":15,"basicAngle":0,"lo1":47.0,"la1":41.0,"lo2":87.0,"la2":55.0,"dx":1.0,"dy":1.0}, "data":
[rows 0 to 14 of 15, columns 0 to 40 of 41]
5.176433,-0.9135669,0.0664331,-3.4535668,-5.473567,-7.143567,-5.5435667,-5.8335667,-4.033567,-2.8935668,-3.4135668,-3.6835668,-3.7135668,-3.4635668,-4.673567,-0.29356688,-1.663567,-2.6335669,-2.7135668,-2.853567,-2.593567,-3.3835669,-3.833567,0.3264331,-0.1535669,1.3664331,0.1564331,1.8564332,1.3964331,2.916433,1.0964332,0.45643312,1.3664331,-4.103567,-1.6235669,-1.5135669,-1.7335669,-0.3735669,-2.023567,-0.9935669,-0.3435669
1.216433,1.7364331,0.2364331,-3.4335668,-6.0235667,-7.323567,-4.7935667,-3.303567,-4.263567,-2.973567,-3.6635668,-4.093567,-3.843567,-2.1935668,-3.983567,-5.663567,-7.7535667,-0.8835669,-0.35356688,-1.4835669,0.9864331,1.4264331,-0.7335669,0.2864331,1.8064331,2.396433,-0.4535669,3.3864331,0.9664331,2.896433,4.826433,6.2264333,0.5164331,-0.1835669,-2.1335669,-2.1635668,-1.2035669,-3.103567,-1.8235669,-1.663567,2.396433
2.016433,2.5764332,-0.7435669,-4.203567,-5.8335667,-5.223567,-1.6835669,-1.2035669,-1.9835669,-3.6135669,-3.9135668,-2.733567,1.6164331,-1.6535668,-2.6735668,-3.6435668,-3.723567,-3.6535668,-3.813567,-3.3635669,-1.9735669,3.5664332,2.8164332,1.0664331,0.2764331,0.2964331,1.1564331,1.1864331,0.2764331,-0.1835669,2.266433,1.1264331,0.086433105,-1.4335669,0.0664331,0.1464331,-0.5135669,-0.5335669,0.9864331,0.2864331,1.2864331
1.3064331,2.0864332,-1.0135669,-4.3135667,-4.863567,-5.163567,-5.463567,-4.943567,-4.113567,-3.343567,-3.9035668,-3.573567,1.966433,1.466433,0.3064331,-1.2435669,-2.1635668,-2.233567,-2.1135669,-2.1935668,-2.2035668,2.3464332,4.4564333,4.466433,2.0964332,-2.043567,-2.4035668,-2.833567,0.9964331,-1.9535669,-2.6935668,-1.9335669,-0.8335669,2.8464332,-0.5835669,-0.5535669,0.45643312,2.3464332,0.5464331,1.5264331,-0.3835669
2.666433,3.1264331,1.5764331,0.16643311,-1.3135669,-2.103567,-2.533567,-3.103567,-3.4635668,-0.6635669,-1.2635669,-0.5235669,-0.8935669,4.046433,2.6164331,0.8864331,-0.5035669,-1.0735669,-0.62356687,-0.7335669,0.7664331,-2.6935668,-0.3735669,4.846433,3.736433,0.9364331,-0.1835669,-0.9535669,-1.7735668,-1.2335669,-2.223567,-0.6035669,2.2964332,2.1164331,-0.5735669,-1.9035668,-5.463567,2.5664332,-0.7535669,-1.3235669,-4.343567
2.0364332,1.9764332,0.6564331,0.1564331,-1.8835669,-3.293567,-4.363567,-1.5135669,-2.8635669,-2.9035668,-2.583567,-1.783567,-1.6035669,-5.2935667,-3.483567,-0.4935669,-1.2135669,0.5764331,-0.93356687,0.036433104,-0.033566896,0.13643311,-1.413567,1.5664331,5.426433,3.476433,1.1664331,-0.4935669,-0.3635669,0.7064331,0.7364331,-0.3635669,-2.1535668,2.8164332,2.3864331,-0.6435669,0.046433106,-2.353567,-3.1135669,-1.5835669,-2.103567
-0.9835669,-1.3135669,-1.7035669,-2.6435668,-2.563567,-3.243567,-2.983567,-2.6535668,-2.803567,-2.8635669,-2.763567,-2.063567,-2.4435668,-3.103567,-2.083567,-2.813567,-3.723567,-2.2135668,-2.8935668,-2.753567,-0.6335669,2.0564332,1.1564331,0.7264331,1.3264331,1.6464331,0.6364331,-2.313567,-2.013567,-2.6435668,2.1264331,-0.2435669,-1.3835669,-0.3935669,-0.29356688,-1.2735668,-1.1835669,2.5864332,-1.1935669,-1.9535669,-4.073567
0.0664331,-1.6135669,-3.033567,-3.3635669,-3.103567,-2.763567,-2.6935668,-2.6135669,-2.033567,-2.333567,-2.1935668,-1.6035669,-1.6335669,-1.7335669,-3.233567,-3.3935668,-2.8635669,-1.4535669,0.2264331,1.0964332,-0.5335669,-1.5135669,2.406433,3.246433,1.3464332,2.5564332,2.0864332,0.4764331,-1.3635669,0.26643312,-1.533567,0.8664331,2.166433,1.4964331,3.5964332,0.9264331,2.236433,0.026433105,1.3064331,0.56643313,0.4464331
-1.1335669,-2.223567,-2.8635669,-3.053567,-3.293567,-3.343567,-3.1635668,-3.013567,-3.263567,-2.533567,-3.053567,-2.063567,-3.523567,-1.7335669,-2.303567,-0.5835669,0.2364331,-0.48356688,-1.2735668,-0.2835669,1.3464332,1.2564331,2.226433,3.6064332,3.2964332,1.8964331,3.5364332,2.6164331,2.176433,0.7764331,1.3864331,-4.263567,1.7364331,3.706433,5.796433,3.276433,-0.7935669,0.48643312,1.7664331,0.016433105,-0.07356689
-2.1235669,-0.093566895,-1.7535669,-2.7135668,-3.053567,-3.063567,-3.503567,-3.073567,-4.0635667,-3.563567,-3.1735668,-2.6135669,-3.6335669,-4.323567,-2.843567,-1.8335669,-0.9435669,0.07643311,0.3464331,0.2764331,-0.7235669,2.476433,3.916433,5.0164332,4.9564333,4.896433,4.616433,4.626433,3.246433,1.3264331,3.3264332,0.3164331,-1.8635669,-1.293567,3.216433,2.216433,1.0264331,-1.5535669,0.39643312,2.176433,-0.87356687
-2.273567,-1.8435669,-1.0135669,-2.773567,-3.503567,-2.853567,-3.8735669,-3.4035668,-4.153567,-2.543567,-4.343567,-0.8435669,-3.063567,-3.1335669,-2.803567,-4.473567,-2.843567,-1.533567,0.7064331,0.9064331,0.5964331,0.7864331,2.0864332,3.7964332,5.106433,4.856433,4.9764333,4.656433,3.3364332,3.166433,0.6464331,2.986433,-1.8535669,-3.7035668,0.3564331,0.9964331,0.6664331,2.8164332,1.5964332,1.7264332,-0.5635669
-1.9935669,-1.8935668,-1.033567,-3.273567,-1.5835669,-1.7735668,-1.793567,-2.3635669,-2.6635668,-2.2135668,-2.283567,-4.573567,-2.4135668,-3.4135668,-4.883567,-4.093567,-5.193567,-3.043567,-0.4635669,-1.2235669,-1.163567,-1.2035669,1.9464331,2.456433,4.576433,5.056433,5.806433,1.1764331,4.106433,4.066433,2.956433,2.3164332,-0.9535669,1.216433,-1.2435669,-0.7435669,1.8064331,2.506433,2.266433,1.8464332,1.5064331
-0.9935669,-0.9835669,-2.2135668,-1.6535668,-2.4435668,-1.8835669,-2.233567,-1.793567,-3.593567,-1.543567,-0.87356687,-2.9035668,-2.993567,-4.463567,-4.933567,-4.8135667,-5.163567,-1.9535669,-1.5535669,-2.083567,0.2064331,0.6764331,0.7964331,2.5764332,2.496433,4.006433,7.086433,2.486433,3.926433,2.666433,2.966433,2.8464332,0.7064331,-0.19356689,-0.4635669,-1.5535669,-1.5235668,-0.2835669,-0.9135669,0.1264331,0.5564331
-1.3835669,-2.783567,-2.1935668,-2.6835668,-2.303567,-2.1135669,-1.3535669,-2.7035668,-2.6935668,-2.8735669,-1.2735668,-1.0735669,-3.273567,-4.013567,-5.8335667,-5.8135667,-6.163567,-3.343567,-3.1435668,-3.4135668,-1.2335669,-0.053566895,1.3064331,0.0064331056,2.456433,1.7564331,0.9364331,2.516433,2.646433,2.166433,0.5964331,1.1764331,1.4364331,0.07643311,-1.0935669,-1.8835669,-1.9835669,-1.5135669,-0.2535669,0.9164331,-1.0235668
-1.8635669,-1.5835669,-3.7035668,-3.223567,-3.4035668,-2.603567,-1.6435668,-2.293567,-1.2735668,-2.3835669,-1.2135669,-1.3835669,-0.7835669,-1.9535669,-5.723567,-5.803567,-4.743567,-4.413567,-3.9435668,-2.8735669,-2.4435668,0.9364331,0.87643313,-1.3335669,1.4064331,1.5464331,-0.22356689,-0.5935669,2.2864332,2.1264331,0.8564331,0.1464331,-0.9735669,-0.4435669,-0.19356689,-0.48356688,-0.6535669,1.1064332,1.2264332,-1.793567,-0.62356687
