wind_kz.json
{"header": {"discipline":0,"disciplineName":"Meteorological products","gribEdition":2,"gribLength":871,"center":7,"centerName":"US National Weather Service - NCEP(WMC)","subcenter":0,"refTime":"2023-09-09T06:00:00.000Z","significanceOfRT":1,"significanceOfRTName":"Start of forecast","productStatus":0,"productStatusName":"Operational products","productType":1,"productTypeName":"Forecast products","productDefinitionTemplate":0,"productDefinitionTemplateName":"Analysis/forecast at horizontal level/layer at a point in time","parameterCategory":0,"parameterCategoryName":"UnknownDiscipline_0_Category_0","parameterNumber":0,"parameterNumberName":"UnknownParameter_D0_C0_0","parameterUnit":"Unknown","genProcessType":2,"genProcessTypeName":"Forecast","forecastTime":60,"surface1Type":1,"surface1TypeName":"Ground or water surface","surface1Value":0.0,"surface2Type":255,"surface2TypeName":"Missing","surface2Value":0.0,"gridDefinitionTemplate":0,"gridDefinitionTemplateName":"Latitude_Longitude","numberPoints":615,"shape":6,"shapeName":"Earth spherical with radius of 6,371,229.0 m","gridUnits":"degrees","resolution":48,"winds":"true","scanMode":64,"nx":41,"ny":15,"basicAngle":0,"lo1":47.0,"la1":41.0,"lo2":87.0,"la2":55.0,"dx":1.0,"dy":1.0}, "data":
[rows 0 to 14 of 15, columns 0 to 40 of 41]
289.21185,282.51184,286.41183,297.91183,297.71185,296.51184,294.91183,295.01184,293.31183,294.11185,292.41183,293.41183,292.81183,293.11185,292.41183,290.51184,290.61185,290.51184,289.41183,291.81183,293.51184,290.91183,289.61185,290.11185,297.11185,298.21185,292.31183,279.91183,279.81183,279.21185,279.81183,281.11185,290.81183,295.91183,296.41183,297.31183,296.81183,297.01184,296.61185,296.51184,295.71185
274.01184,286.91183,297.41183,297.51184,297.31183,295.51184,291.41183,291.71185,292.11185,292.11185,292.11185,291.01184,290.51184,286.91183,289.91183,290.21185,288.41183,287.21185,286.81183,287.41183,288.51184,291.41183,291.21185,285.41183,277.81183,281.21185,289.41183,280.41183,281.81183,275.91183,281.71185,272.71185,283.01184,260.01184,279.01184,293.81183,292.51184,294.81183,297.91183,290.81183,284.01184
287.01184,297.01184,297.91183,297.61185,295.11185,291.51184,290.31183,290.51184,289.61185,289.91183,290.01184,290.81183,287.91183,288.51184,290.51184,288.41183,285.81183,285.41183,285.41183,286.41183,288.31183,290.21185,290.51184,286.81183,293.41183,291.11185,292.71185,292.51184,292.31183,284.31183,278.71185,278.91183,284.91183,283.71185,285.51184,286.61185,278.31183,276.51184,279.91183,277.01184,276.51184
288.31183,296.41183,297.41183,296.61185,293.41183,288.21185,290.31183,290.71185,289.01184,289.91183,290.11185,289.81183,293.81183,293.11185,288.91183,288.11185,288.31183,288.01184,288.31183,286.31183,287.51184,283.81183,291.31183,292.41183,293.01184,294.21185,296.71185,295.41183,294.91183,297.61185,299.81183,295.81183,299.91183,296.61185,295.61185,291.61185,278.31183,276.51184,283.81183,291.41183,295.01184
292.91183,294.51184,295.71185,294.21185,292.31183,289.21185,289.81183,289.11185,288.21185,288.71185,289.41183,289.01184,293.11185,291.91183,290.11185,288.31183,288.71185,287.71185,284.61185,288.21185,288.51184,289.61185,289.11185,290.81183,291.41183,292.31183,292.51184,294.01184,297.71185,299.01184,302.11185,298.81183,287.71185,277.51184,284.31183,291.61185,292.51184,294.91183,296.11185,296.71185,297.91183
292.91183,287.71185,293.81183,293.21185,293.81183,292.81183,290.51184,292.91183,290.71185,290.01184,290.41183,290.21185,292.31183,293.11185,290.81183,290.01184,289.11185,287.61185,287.91183,288.31183,287.31183,287.21185,287.41183,288.41183,289.21185,289.61185,291.01184,291.41183,296.11185,298.01184,299.01184,298.71185,298.21185,294.11185,294.31183,295.01184,289.41183,290.61185,295.71185,295.61185,296.01184
289.91183,287.51184,290.21185,290.91183,290.91183,288.51184,291.11185,292.11185,289.61185,291.71185,290.31183,289.81183,287.91183,287.71185,289.31183,288.11185,288.31183,286.91183,286.51184,285.71185,285.71185,286.71185,286.51184,287.81183,288.01184,289.61185,289.81183,291.51184,292.91183,296.11185,296.41183,298.31183,296.31183,295.51184,294.71185,294.91183,288.81183,286.61185,282.81183,281.61185,293.11185
290.21185,287.81183,284.61185,286.81183,289.91183,288.71185,291.31183,290.61185,289.31183,289.21185,285.81183,288.41183,286.51184,288.01184,288.31183,285.81183,285.11185,285.01184,285.01184,283.11185,284.61185,285.71185,285.91183,286.01184,285.81183,286.01184,286.91183,289.11185,289.31183,293.81183,295.11185,295.91183,292.01184,292.51184,291.71185,291.31183,293.11185,289.41183,292.61185,293.01184,289.51184
287.91183,287.51184,287.01184,285.41183,284.51184,286.01184,288.61185,289.91183,288.81183,285.01184,284.91183,284.91183,287.41183,287.51184,283.91183,284.01184,283.91183,284.01184,283.31183,284.51184,284.11185,284.21185,284.11185,284.51184,285.01184,286.71185,285.21185,286.81183,288.51184,288.91183,291.51184,292.61185,295.11185,292.41183,292.71185,289.31183,288.11185,288.71185,280.41183,276.91183,275.41183
285.41183,285.41183,284.51184,282.81183,282.61185,284.61185,285.11185,287.91183,285.41183,282.81183,283.71185,282.31183,282.21185,283.41183,281.21185,284.41183,284.51184,284.81183,284.71185,284.91183,284.81183,284.71185,284.61185,285.81183,285.51184,286.81183,286.81183,288.11185,288.11185,291.51184,290.11185,292.21185,294.31183,294.31183,291.71185,288.91183,287.41183,282.21185,278.51184,279.71185,277.31183
285.31183,283.61185,282.41183,284.11185,282.51184,282.11185,286.11185,284.21185,286.11185,283.31183,281.21185,280.11185,282.41183,281.11185,282.81183,283.21185,282.91183,283.51184,283.91183,283.21185,284.11185,284.41183,285.11185,285.61185,284.71185,286.71185,285.31183,287.11185,287.71185,292.11185,292.71185,294.61185,293.91183,292.51184,293.11185,289.61185,285.31183,281.21185,279.61185,280.51184,279.01184
286.91183,287.01184,285.91183,284.61185,283.61185,283.51184,282.51184,283.81183,281.11185,280.41183,280.41183,279.51184,282.71185,282.01184,282.21185,282.91183,283.21185,284.01184,284.61185,284.61185,283.81183,283.31183,284.11185,285.01184,285.21185,285.81183,286.41183,287.71185,289.31183,290.11185,290.11185,292.11185,291.91183,290.01184,290.21185,288.81183,288.01184,286.51184,286.41183,285.21185,284.11185
283.21185,283.41183,283.31183,283.91183,282.91183,281.21185,282.51184,280.21185,277.91183,282.31183,279.71185,279.31183,281.31183,280.91183,281.31183,282.41183,283.01184,283.41183,285.31183,284.21185,284.01184,283.61185,283.41183,283.51184,284.71185,286.21185,288.01184,287.21185,286.91183,287.61185,288.81183,288.61185,288.01184,287.81183,289.91183,288.31183,286.41183,287.51184,285.31183,284.11185,284.21185
280.11185,281.31183,285.61185,281.31183,280.31183,279.91183,279.81183,279.41183,279.61185,282.21185,278.41183,278.81183,279.81183,281.01184,281.71185,282.21185,283.51184,283.31183,283.51184,283.81183,284.01184,283.91183,284.41183,284.41183,284.61185,285.51184,285.11185,285.41183,285.31183,284.51184,284.31183,284.91183,285.01184,284.21185,284.21185,283.71185,283.91183,283.11185,283.21185,283.81183,282.71185
280.31183,282.11185,288.91183,280.81183,280.21185,279.71185,280.71185,282.61185,283.41183,282.11185,281.91183,281.01184,279.91183,282.21185,282.61185,283.21185,283.11185,283.11185,284.01184,284.41183,285.61185,284.01184,284.31183,283.51184,283.11185,283.31183,283.31183,283.41183,283.31183,284.51184,283.81183,283.71185,283.91183,283.51184,283.41183,284.61185,284.51184,282.01184,282.51184,284.01184,282.91183
