wind.json
{"header": {"discipline":0,"disciplineName":"Meteorological products","gribEdition":2,"gribLength":1211,"center":7,"centerName":"US National Weather Service - NCEP(WMC)","subcenter":0,"refTime":"2023-05-30T12:00:00.000Z","significanceOfRT":1,"significanceOfRTName":"Start of forecast","productStatus":0,"productStatusName":"Operational products","productType":1,"productTypeName":"Forecast products","productDefinitionTemplate":0,"productDefinitionTemplateName":"Analysis/forecast at horizontal level/layer at a point in time","parameterCategory":2,"parameterCategoryName":"UnknownDiscipline_0_Category_2","parameterNumber":3,"parameterNumberName":"UnknownParameter_D0_C2_3","parameterUnit":"Unknown","genProcessType":2,"genProcessTypeName":"Forecast","forecastTime":120,"surface1Type":103,"surface1TypeName":"Specified height level above ground","surface1Value":10.0,"surface2Type":255,"surface2TypeName":"Missing","surface2Value":0.0,"gridDefinitionTemplate":0,"gridDefinitionTemplateName":"Latitude_Longitude","numberPoints":688,"shape":6,"shapeName":"Earth spherical with radius of 6,371,229.0 m","gridUnits":"degrees","resolution":48,"winds":"true","scanMode":64,"nx":43,"ny":16,"basicAngle":0,"lo1":45.0,"la1":40.0,"lo2":87.0,"la2":55.0,"dx":1.0,"dy":1.0}, "data":
[rows 0 to 15 of 16, columns 0 to 42 of 43]
7.7730618,2.3730614,-1.7969384,1.1230615,6.0530615,5.2430615,2.3230615,-1.6369385,-3.4369385,2.2930615,3.2230616,0.9530615,-2.8869386,-4.7569385,-4.7769384,-4.9369383,-4.2069383,-3.1469386,-5.4169383,-6.5069385,-5.0569386,-1.7969384,-0.5369385,-3.3969386,-0.49693847,3.9230616,5.6530614,-2.1169386,-0.3169385,-1.5569385,0.32306153,-4.6869383,-3.9669385,0.013061523,2.0430615,-0.50693846,1.8230615,0.4030615,-1.4669385,-1.9269385,-2.4269385,-4.1669383,-0.9569385
1.0230615,-0.7069385,1.9530616,2.1430616,-3.4969385,4.7030616,4.9130616,0.48306152,-3.0069385,-2.7969384,1.4430615,-0.21693848,-4.3869386,-3.4769385,-4.3069386,-3.1369386,-1.3269385,-5.1869383,-4.5569386,-5.6269383,-4.9269385,-4.4169383,-3.3969386,-2.9669385,-2.7369385,0.20306152,4.3730617,2.2830615,-1.7369385,1.4030615,-4.1469383,2.0930614,-2.2269385,-0.14693847,-2.4469385,-10.476938,0.74306154,2.5130615,0.50306153,-1.8569385,-2.2269385,-2.8969386,1.5730615
3.1630616,0.06306152,3.1130614,-3.4669385,-4.1469383,1.7930615,0.7830615,-0.82693845,0.5130615,4.8630614,3.0830615,-0.87693846,-4.7169385,-3.9169385,-3.2669384,-4.0869384,-4.6369386,-4.0069385,-4.3069386,-5.8269386,-3.4569385,-4.6169386,-3.5069385,-0.43693846,-2.0469384,-1.9769385,0.9730615,-1.3069385,2.3730614,-2.6769385,-5.5769386,0.8430615,2.1630616,4.4530616,3.7830615,1.9530616,-2.7269385,3.9030616,1.5630615,1.5330615,-0.0069384766,2.9130616,-0.5469385
-0.7969385,-2.8669386,-4.8969383,-0.56693846,-1.5569385,-0.106938474,0.29306152,0.99306154,1.7230616,2.6030614,3.4630616,0.8830615,-2.1169386,-5.1469383,-4.0169387,-3.1569386,-3.8269384,-4.4469385,-5.8969383,-6.7569385,-5.2669387,-3.6069384,-4.8769383,-5.8669386,-4.8569384,-3.8169384,-5.7869387,-3.0169384,-2.2469385,-4.3369384,-6.6769385,-2.0669384,-3.0169384,-2.2169385,-2.1969385,-1.5169384,-1.0969385,-0.29693848,0.99306154,-0.20693848,-3.8269384,-0.5969385,-1.3469385
-2.5469384,-3.2469385,-4.2969384,-0.49693847,-0.11693848,0.22306152,0.55306154,4.1630616,5.7030616,5.4130616,4.4730616,2.6830616,0.4930615,-1.0869385,-4.5669384,-6.0169387,-7.8569384,-3.8869386,-2.7869384,-4.9569383,-5.9269385,-4.3469386,-5.3869386,-3.3569384,-1.9169384,-1.2769384,-2.6169386,-3.0569384,-6.0469384,-5.0269384,-6.2469387,-5.3869386,-3.3669386,3.0830615,5.0830617,7.5030613,4.5030613,1.9230615,1.2030616,0.29306152,4.2230616,-2.4969385,-2.8069384
-5.2469387,-6.2369385,-2.2569385,0.17306152,2.2130616,3.9230616,0.44306153,1.6830615,4.9030614,5.7830615,4.0830617,3.3730614,3.5330615,1.0030615,-1.1469384,-1.6669384,-3.6469386,-3.2669384,-3.3569384,-3.7469385,-3.5669384,-2.8469384,-2.2269385,-1.0069385,-0.18693848,-0.5269385,-1.7369385,-1.5369384,-6.5669384,-7.8869386,-6.2969384,-5.0169387,-3.2569385,-0.9769385,1.0930616,2.8030615,-0.15693848,0.5130615,2.4130616,2.3630614,-0.2569385,-0.80693847,-0.6169385
-5.8269386,-4.5569386,-4.8569384,-1.2969384,3.3630614,3.5230615,3.4030616,0.74306154,-2.7569385,5.0730615,5.2230616,4.6230617,4.3130617,4.0930614,3.4130616,2.7230616,-0.9769385,-2.7369385,-3.9669385,-4.1269383,-2.2469385,-1.6469384,-2.0969384,-2.7669384,-3.4069386,-3.7769384,-2.9269385,-3.0469384,2.2830615,-2.0469384,-6.0469384,-6.8569384,4.1030617,5.7230616,6.2530613,3.6730616,-0.7869385,6.5630617,3.8930616,3.5030615,2.6030614,2.1030614,-1.8069385
-7.5269384,-6.0269384,-5.8069386,-3.3769386,-7.0669384,-5.3569384,5.3930616,4.3930616,4.7430615,6.3930616,5.8730617,4.2430615,4.0630617,1.7830615,-1.8669385,-0.026938476,0.26306152,-2.5269384,-3.1969385,-3.7669384,-2.7769384,-2.1869385,-2.6369386,-1.4069384,-2.4469385,-2.6869385,-1.0769385,-2.5069385,-3.2469385,-3.5469384,-6.6069384,4.4430614,2.4130616,4.1930614,4.6130614,0.30306152,-0.8569385,-0.80693847,0.5730615,-0.13693848,1.2830615,1.7430615,-3.9969385
-7.3769383,-8.406939,-7.4469385,0.33306152,-2.6769385,-3.8169384,5.6630616,10.033062,6.7630615,6.7630615,6.1330614,2.9830616,1.2930615,0.5330615,-1.8869385,-1.3169385,-2.6569386,-6.8269386,-1.2769384,-3.3269384,-4.0869384,-4.4669385,-3.1469386,-1.6969385,-2.7469385,-3.0569384,-4.4669385,-3.0969384,-3.5869384,-3.1769385,-3.3169384,-2.9869385,-2.9969385,-1.1169385,-1.7969384,-1.9869385,-2.5669384,-1.8669385,-2.5569384,-2.2169385,-3.9269385,-2.4069386,-0.14693847
-6.3569384,-7.6669383,-9.316938,-8.786939,-3.0669384,-2.6169386,-1.2969384,0.23306152,2.8630614,2.7130616,2.2430615,1.0230615,0.42306152,-1.2669384,-0.41693848,-3.0769384,-4.5069385,-4.6869383,-5.6969385,-3.7769384,-3.8269384,-3.7369385,-2.4669385,-3.1969385,-3.3769386,-3.0569384,-3.3769386,-2.6369386,-2.3269384,-2.7469385,-2.8469384,-2.4069386,-3.0169384,-2.7969384,-3.9269385,-2.3169384,0.92306155,0.7030615,-1.0069385,-3.2569385,-2.4969385,-0.80693847,1.8830615
-6.1969385,-7.2469387,-8.666939,-6.4269385,-8.666939,-4.9469385,-2.9969385,2.7030616,1.7630615,1.9430615,1.1530615,0.5130615,0.35306153,-0.066938475,-1.6769385,-3.8369384,-3.8169384,-3.5269384,-2.6869385,-2.0069385,-2.5569384,-3.5869384,-2.5669384,-2.1669385,-2.3769386,-1.2969384,-1.7369385,-2.3969386,-3.0769384,-3.5369384,-3.7169385,-2.9169385,-1.7469385,-0.8569385,-2.1269386,-1.0769385,-1.6069385,-2.0369384,-1.2269385,0.29306152,1.1530615,-1.0769385,-2.8069384
-6.3569384,-7.0769386,-7.0969386,-9.036939,-7.9669385,-9.9469385,-7.8369384,2.4630616,2.4430616,1.6230615,1.2530615,0.083061524,-1.2869384,-2.9369385,-2.7969384,-2.8369384,-1.7269385,-1.6869385,-2.1169386,-3.4269385,-1.6969385,-0.22693847,-2.2969384,-1.3169385,-1.0569385,-0.40693846,-0.33693847,-0.6469385,-0.99693847,-1.2669384,-0.7769385,-1.5869385,-1.5969385,-0.27693847,2.2330616,-2.1669385,-3.4069386,-3.7069385,-3.2069385,-2.1369386,-3.9469385,-2.6169386,-2.4669385
-5.5269384,-4.7669387,-5.0469384,-4.9969387,-7.2569385,-6.9869385,-8.906939,-11.236938,2.0730615,0.87306154,-0.24693848,-0.38693848,0.24306153,-0.7969385,-1.1669384,-1.6169385,-2.0769384,-1.4769385,-2.9269385,-2.5269384,-1.5969385,-1.7169385,1.7330616,1.1430615,1.6930615,1.4230615,0.18306153,0.13306153,-0.50693846,-0.62693846,-0.8969385,-0.9069385,-1.8769385,-1.6369385,-1.8569385,-3.4369385,-1.6569384,-0.7269385,-0.94693846,-1.0169384,-0.7169385,-1.1469384,-0.6169385
-4.5869384,-4.7269382,-4.4569383,-5.6069384,-6.0869384,-5.1769385,-4.8469386,-4.1769385,-3.4369385,0.053061523,1.1530615,-1.2169385,0.5930615,-0.49693847,0.37306154,0.74306154,-0.036938477,-1.3669385,-0.046938475,-1.7669384,-3.2269385,-3.5269384,-0.88693845,1.9930615,1.4230615,2.2430615,2.1430616,1.3730615,0.94306153,1.0430615,0.39306152,1.0330615,0.9730615,1.7530615,-0.066938475,-1.4969385,-1.7669384,-0.9569385,-1.7869384,-1.0369384,-1.3569385,-1.5869385,-2.9469385
-3.4069386,-3.3369384,-4.2969384,-3.9969385,-2.6169386,-4.3769383,-4.9569383,-4.8269386,-5.1569386,0.053061523,-0.036938477,0.7730615,0.5430615,-2.4569385,-0.41693848,-2.8469384,-3.6469386,1.4030615,1.7030616,-0.11693848,-1.3169385,-0.8969385,-1.8369385,1.3030615,2.2330616,3.5130615,3.1230614,2.0930614,2.2730615,1.1030616,1.0730615,1.3130615,1.3430616,0.14306152,0.38306153,-0.18693848,-2.2369385,-2.0169384,-2.3969386,-2.3569384,-3.2369385,-1.4769385,-2.6369386
-2.2269385,-2.9369385,-1.9169384,-2.9869385,-1.7169385,-0.26693848,-2.6869385,-3.2069385,-3.6369386,-2.1469386,-1.8069385,-0.026938476,1.9130615,-0.26693848,-0.30693847,-1.0569385,1.1430615,-2.1469386,-0.6069385,0.14306152,0.18306153,0.9130615,0.29306152,1.3930615,2.2530615,1.2430615,1.9830616,2.5630615,1.0830616,2.1930616,0.6430615,-0.87693846,2.7130616,-0.19693847,-0.2869385,-0.6669385,-0.6169385,-0.51693845,3.4630616,-0.056938477,-1.5169384,-0.9769385,-1.1569384
