wind_kz.json
{"header": {"discipline":0,"disciplineName":"Meteorological products","gribEdition":2,"gribLength":1102,"center":7,"centerName":"US National Weather Service - NCEP(WMC)","subcenter":0,"refTime":"2024-03-19T06:00:00.000Z","significanceOfRT":1,"significanceOfRTName":"Start of forecast","productStatus":0,"productStatusName":"Operational products","productType":1,"productTypeName":"Forecast products","productDefinitionTemplate":0,"productDefinitionTemplateName":"Analysis/forecast at horizontal level/layer at a point in time","parameterCategory":2,"parameterCategoryName":"UnknownDiscipline_0_Category_2","parameterNumber":2,"parameterNumberName":"UnknownParameter_D0_C2_2","parameterUnit":"Unknown","genProcessType":2,"genProcessTypeName":"Forecast","forecastTime":60,"surface1Type":103,"surface1TypeName":"Specified height level above ground","surface1Value":10.0,"surface2Type":255,"surface2TypeName":"Missing","surface2Value":0.0,"gridDefinitionTemplate":0,"gridDefinitionTemplateName":"Latitude_Longitude","numberPoints":615,"shape":6,"shapeName":"Earth spherical with radius of 6,371,229.0 m","gridUnits":"degrees","resolution":48,"winds":"true","scanMode":64,"nx":41,"ny":15,"basicAngle":0,"lo1":47.0,"la1":41.0,"lo2":87.0,"la2":55.0,"dx":1.0,"dy":1.0}, "data":
[rows 0 to 14 of 15, columns 0 to 40 of 41]
-4.274729,-0.244729,-1.044729,-1.074729,0.405271,-1.244729,-1.074729,-0.024729004,0.825271,1.985271,1.975271,2.605271,2.315271,0.985271,2.205271,2.525271,3.905271,5.235271,5.055271,6.825271,9.585271,4.665271,-1.314729,-0.254729,-0.374729,-0.844729,-1.594729,1.715271,1.605271,1.645271,1.155271,2.045271,-0.414729,0.225271,-2.134729,-0.844729,-0.624729,-3.404729,-2.454729,-2.284729,-0.524729
2.495271,-0.33472902,-2.764729,0.035270996,-0.384729,0.095271,0.315271,2.125271,3.055271,3.485271,3.745271,3.265271,2.135271,0.425271,0.885271,2.495271,3.505271,4.655271,6.265271,7.135271,7.135271,6.925271,1.595271,-0.724729,2.215271,0.645271,0.80527097,0.74527097,-2.444729,0.275271,1.215271,-0.874729,1.265271,-0.724729,1.145271,0.345271,1.105271,1.105271,1.855271,-0.854729,-3.514729
-1.024729,-2.784729,-0.894729,-0.594729,0.38527098,1.925271,0.735271,3.435271,0.285271,2.305271,2.165271,-2.114729,0.055270996,1.505271,2.685271,3.635271,2.685271,4.945271,6.195271,6.985271,7.375271,6.125271,6.265271,8.935271,13.835271,0.705271,-0.964729,-0.684729,1.0252709,-0.304729,-0.034729004,0.545271,0.705271,0.265271,0.785271,-0.864729,1.485271,0.375271,5.345271,3.895271,0.325271
-2.824729,-3.164729,-3.154729,-1.364729,-0.424729,0.135271,1.175271,-0.584729,0.735271,-1.204729,-1.174729,-1.044729,-0.12472901,0.695271,3.045271,3.975271,3.715271,3.935271,4.745271,6.205271,5.625271,3.965271,-2.344729,12.885271,12.205271,13.525271,9.705271,3.945271,2.305271,-0.894729,-1.784729,-1.924729,-0.75472903,-3.964729,-4.664729,-2.204729,-0.234729,2.625271,0.985271,0.215271,2.045271
-2.724729,-2.524729,-2.074729,-0.614729,0.38527098,0.38527098,1.615271,-1.414729,0.905271,1.295271,1.015271,-1.154729,-2.164729,-3.004729,-2.544729,-1.044729,-0.15472901,0.605271,0.715271,1.0252709,2.475271,5.855271,10.175271,9.085271,5.865271,10.345271,10.235271,6.975271,2.895271,1.395271,1.715271,-0.854729,-1.504729,1.505271,1.435271,1.155271,-1.004729,1.835271,1.875271,2.495271,3.355271
-2.764729,-1.194729,-0.304729,-0.264729,0.225271,0.475271,0.395271,-0.354729,-0.464729,-2.244729,-4.184729,-4.964729,-3.964729,-5.384729,-2.424729,-2.144729,-1.894729,-2.554729,-1.314729,-2.264729,-5.304729,-3.994729,0.845271,1.385271,1.395271,-7.014729,-6.084729,-6.354729,-4.464729,-5.414729,-5.954729,-5.764729,-1.094729,-0.994729,0.305271,-3.274729,-0.984729,0.395271,-0.414729,1.295271,-2.074729
-0.464729,-0.744729,-1.074729,-1.214729,0.275271,-0.794729,-0.114729,-4.684729,-5.514729,-5.164729,-4.804729,-5.224729,-3.594729,-4.004729,-3.664729,-3.664729,-2.654729,-3.014729,-2.434729,-4.964729,-6.504729,-7.594729,-7.924729,-8.344729,-9.404729,-8.644729,-7.114729,-7.854729,-7.274729,-6.744729,-8.374729,-6.474729,-3.444729,-2.124729,-1.184729,0.055270996,-0.544729,0.335271,-0.644729,1.755271,0.135271
-1.144729,-0.664729,-2.474729,-2.484729,-5.044729,-5.714729,-5.544729,-5.664729,-4.974729,-4.814729,-4.094729,-4.184729,-4.064729,-4.684729,-2.594729,-2.994729,-3.704729,-4.294729,-3.774729,-6.594729,-6.314729,-6.064729,-5.334729,-7.394729,-6.734729,-6.834729,-6.834729,-7.674729,-8.264729,-5.904729,-7.484729,-3.134729,-6.024729,-2.394729,-1.914729,2.785271,3.875271,4.115271,4.335271,4.455271,2.485271
-2.584729,-3.154729,-4.564729,-5.204729,-5.164729,-4.914729,-4.574729,-4.554729,-4.204729,-3.744729,-3.464729,-3.954729,-2.264729,-1.774729,-3.034729,-3.114729,-3.954729,-3.894729,-3.424729,-3.214729,-7.054729,-4.844729,-3.984729,-4.594729,-3.724729,-3.304729,-3.004729,-3.814729,-1.714729,-2.554729,-3.724729,-2.104729,-2.114729,-1.804729,0.785271,1.2752709,0.885271,-3.494729,-1.084729,1.345271,-1.344729
-2.854729,-3.464729,-4.124729,-4.264729,-4.204729,-3.234729,-3.374729,-3.844729,-4.104729,-2.014729,-3.664729,-4.774729,-1.894729,-1.184729,-2.584729,-1.784729,-1.994729,-2.194729,-2.874729,-2.674729,-4.764729,-3.094729,-2.274729,-3.094729,-3.904729,-3.954729,-4.524729,-3.284729,-3.074729,-2.724729,-1.234729,-1.4747291,-0.104729004,-0.664729,0.17527099,1.045271,-0.034729004,0.17527099,-0.564729,0.645271,-0.574729
-2.364729,-3.094729,-3.224729,-2.944729,-2.774729,-3.244729,-2.014729,-1.754729,-2.594729,-1.764729,-1.954729,-1.484729,-1.264729,-2.404729,-2.204729,-1.374729,-1.904729,-1.044729,-2.464729,-3.484729,-2.644729,-2.364729,-2.604729,-2.184729,-1.7247291,-2.014729,-2.074729,-2.014729,-1.754729,-1.004729,-0.894729,-0.324729,-1.4747291,-1.364729,-0.434729,0.035270996,-1.294729,1.105271,0.305271,-0.194729,-0.294729
-2.574729,-2.194729,-1.714729,-2.454729,-1.904729,-1.9747291,-1.314729,-1.064729,-0.064729005,-1.134729,-0.824729,1.195271,-0.644729,-1.354729,0.595271,-0.174729,-0.374729,0.485271,-1.704729,-0.50472903,-1.464729,0.575271,-0.33472902,-0.404729,0.285271,1.535271,0.335271,0.755271,0.55527097,0.20527099,0.315271,-0.174729,-0.194729,-0.994729,-0.544729,-0.264729,-0.764729,-0.814729,-0.69472903,0.495271,0.505271
-1.324729,-1.464729,-1.274729,-1.794729,-0.684729,-0.104729004,-0.784729,-0.804729,-0.50472903,0.605271,0.215271,0.975271,0.615271,2.025271,2.195271,2.045271,1.605271,2.005271,1.075271,1.7752709,1.185271,1.185271,1.745271,1.345271,2.915271,2.745271,3.295271,2.515271,2.025271,2.055271,1.535271,1.565271,1.165271,-0.034729004,0.285271,-0.374729,-1.284729,-0.804729,-1.274729,0.065271,-0.494729
-0.104729004,0.08527099,0.215271,1.115271,0.375271,0.775271,0.625271,0.325271,0.485271,0.875271,-0.524729,0.295271,1.125271,1.875271,2.295271,2.525271,2.905271,2.455271,1.355271,3.235271,3.275271,3.575271,4.125271,4.035271,4.055271,2.115271,1.265271,3.335271,2.695271,2.875271,2.835271,2.495271,2.095271,1.855271,1.585271,0.435271,-0.064729005,-0.204729,-0.884729,-0.614729,-0.18472901
0.785271,0.405271,1.655271,0.625271,1.625271,2.585271,3.065271,2.375271,1.855271,1.015271,-0.674729,1.0252709,1.005271,1.265271,2.245271,1.875271,3.005271,3.505271,1.985271,3.615271,3.625271,3.625271,3.415271,3.585271,3.695271,3.685271,3.285271,3.565271,4.085271,4.555271,4.615271,4.875271,3.695271,3.115271,2.175271,2.365271,0.635271,1.755271,1.0252709,0.855271,-1.174729
