wind_kz.json
{"header": {"discipline":0,"disciplineName":"Meteorological products","gribEdition":2,"gribLength":1025,"center":7,"centerName":"US National Weather Service - NCEP(WMC)","subcenter":0,"refTime":"2023-08-07T06:00:00.000Z","significanceOfRT":1,"significanceOfRTName":"Start of forecast","productStatus":0,"productStatusName":"Operational products","productType":1,"productTypeName":"Forecast products","productDefinitionTemplate":0,"productDefinitionTemplateName":"Analysis/forecast at horizontal level/layer at a point in time","parameterCategory":2,"parameterCategoryName":"UnknownDiscipline_0_Category_2","parameterNumber":2,"parameterNumberName":"UnknownParameter_D0_C2_2","parameterUnit":"Unknown","genProcessType":2,"genProcessTypeName":"Forecast","forecastTime":300,"surface1Type":103,"surface1TypeName":"Specified height level above ground","surface1Value":10.0,"surface2Type":255,"surface2TypeName":"Missing","surface2Value":0.0,"gridDefinitionTemplate":0,"gridDefinitionTemplateName":"Latitude_Longitude","numberPoints":615,"shape":6,"shapeName":"Earth spherical with radius of 6,371,229.0 m","gridUnits":"degrees","resolution":48,"winds":"true","scanMode":64,"nx":41,"ny":15,"basicAngle":0,"lo1":47.0,"la1":41.0,"lo2":87.0,"la2":55.0,"dx":1.0,"dy":1.0}, "data":
[rows 0 to 14 of 15, columns 0 to 40 of 41]
-6.0399513,-0.88995117,2.450049,1.5600488,1.9000489,0.48004884,2.4100487,-5.899951,-6.5799513,-3.1699512,-6.3099513,-5.9999514,-3.4799511,-1.6199511,-0.39995116,1.7800488,1.7200488,2.8300488,0.59004885,0.6800488,1.3200488,1.4300488,-0.90995115,-0.009951171,0.97004884,-2.8999512,-2.9099512,0.34004882,-0.96995115,0.34004882,-0.7599512,0.97004884,-0.33995116,0.25004882,-3.549951,-3.3799512,-3.0899513,-3.6399512,-3.809951,-6.819951,-6.569951
0.86004883,2.0900488,1.4600488,0.5100488,-0.49995118,-1.9299512,-4.659951,-7.8099513,-4.489951,-3.6299512,-4.1199512,-3.3799512,-1.8599511,-0.17995118,1.2200488,2.6400487,3.990049,-0.42995116,0.050048828,-0.14995117,0.78004885,0.9400488,1.6800488,-2.3499513,-0.43995118,0.29004884,-1.8299512,0.6300488,-4.169951,-2.3299513,-0.17995118,0.07004883,-0.34995118,-1.9199512,1.0700488,0.13004883,-0.38995117,0.5800488,-0.43995118,0.7400488,-5.569951
0.59004885,-1.1699512,-0.03995117,0.53004885,-0.9899512,-0.5499512,-4.669951,-3.1599512,-3.1999512,2.0500488,-3.4199512,-2.4699512,-0.47995117,0.85004884,1.8500488,3.3300488,1.0000489,-0.59995115,0.34004882,0.84004885,2.990049,1.7000488,-2.6399512,-2.8799512,0.96004885,-0.5099512,-0.72995114,-1.3999512,-2.9699512,-0.33995116,-1.0199512,2.200049,0.19004883,-0.11995117,0.6200488,-1.3699511,0.25004882,0.5100488,2.3500488,3.3400488,2.1300488
-2.3899512,-2.519951,-2.559951,-0.84995115,-1.0899512,-1.1299511,0.31004882,0.13004883,-0.079951175,1.4600488,-2.6199512,-1.6499512,1.3100488,1.2000488,-0.13995117,0.23004884,0.030048829,0.66004884,2.0900488,3.3900487,2.8900487,-1.7799512,-1.3699511,-3.1599512,-6.239951,-7.589951,-8.699951,-10.019951,-6.2499514,-2.799951,-0.6099512,-1.3399512,2.5100489,3.3600488,-1.8299512,-2.259951,-1.5199512,2.6100488,0.08004883,0.49004883,0.45004883
-2.8499513,-4.4599514,-4.259951,-2.9799511,-2.5999513,-2.8899512,-3.4299512,-1.9799511,-1.1999512,1.3800489,-0.38995117,-0.26995116,3.2800488,2.5100489,1.8700489,0.08004883,1.2600489,1.8200488,1.8200488,2.3100488,-3.6799512,-4.0199513,-7.919951,-6.4799514,-7.689951,-7.7299514,-8.849951,-5.889951,-5.679951,-4.5199513,-5.2899513,-2.6499512,-2.539951,1.9500488,2.5000489,0.13004883,2.7500489,-1.8699511,-2.569951,1.8000488,-1.6499512
-1.4799511,-1.9399512,-1.5999511,-1.5499512,-1.8399512,-0.90995115,0.42004883,1.5400488,0.11004883,1.8000488,-1.1999512,-0.06995117,3.1000488,3.430049,3.8400488,-0.18995117,0.7600488,1.3100488,0.36004883,-0.05995117,-3.019951,-3.7299511,-7.0199513,-6.4999514,-4.929951,-6.3299513,-4.379951,-6.659951,-4.389951,-4.629951,-6.389951,-6.089951,-3.5899513,-1.0699512,2.240049,2.2500489,1.7500489,0.6900488,2.2800488,-6.109951,-7.199951
-3.3799512,0.37004882,1.0800488,2.8600488,3.0100489,3.4000487,3.960049,1.9200488,-2.529951,-2.9099512,1.7000488,0.8300488,1.3300488,-1.8799511,-2.8799512,-2.029951,0.17004883,0.07004883,-0.39995116,-0.72995114,-1.4799511,-1.9399512,-2.759951,-3.6299512,-2.4399512,-2.1399512,-1.2099512,-1.2299511,-3.1999512,-4.779951,-5.4999514,-4.9599514,-2.279951,-0.9499512,-0.48995116,-2.299951,-1.2199512,0.8100488,0.7600488,1.3300488,3.3300488
-2.029951,0.020048829,-1.7999512,-0.8199512,-2.7299511,-5.169951,-2.6499512,-4.129951,0.5800488,-0.46995118,-0.7999512,-2.6199512,-1.3699511,-1.2099512,-2.6999512,-3.3699512,-1.4399512,-0.24995117,-1.0199512,-2.1999512,-3.8599513,-4.379951,-4.109951,-4.909951,-4.4599514,1.1000488,0.71004885,0.40004882,-1.1399512,-5.359951,-4.389951,-2.7499511,-1.5099511,-0.89995116,-1.8799511,2.5900488,4.610049,6.590049,4.4600487,4.970049,0.77004886
-4.569951,-3.2099512,-4.929951,-2.7499511,-1.1799512,0.47004882,1.1500489,-1.7599511,2.8200488,3.2900488,0.43004882,0.22004883,3.3400488,-0.6299512,-1.6599512,-2.809951,-2.2199512,-2.1799512,-0.49995118,-1.3299512,-3.1599512,-3.5799513,-2.0999513,-3.9599512,-3.6499512,-1.4299512,-2.769951,-4.139951,-4.8499513,-3.279951,-3.1699512,-1.6299511,0.92004883,-0.6099512,0.5100488,1.6600488,0.8900488,-2.019951,-1.6499512,0.7600488,-1.2199512
-1.4299512,-0.6699512,1.1600488,-0.20995118,4.0400486,2.0000489,0.7000488,1.7200488,2.8300488,0.7600488,2.950049,2.6000488,3.720049,2.3000488,-2.8499513,-1.8299512,-2.3699512,-2.6499512,-1.2799512,-1.7099512,-3.049951,-3.069951,-2.3399513,-2.8699512,-3.569951,-5.159951,-3.9099512,-5.3099513,-4.0799513,-3.3299513,-2.1099513,-0.6299512,-0.28995118,-2.6499512,0.20004883,2.8600488,-0.6099512,0.09004883,-2.509951,-0.43995118,0.11004883
-1.3799511,-1.0399512,1.6900488,3.190049,2.5400488,-0.43995118,0.5600488,1.8900489,2.480049,2.740049,2.6500487,2.950049,2.4200487,-1.1399512,-0.82995117,-1.5299512,-1.7699512,-1.0299512,-0.53995115,-2.6399512,-3.4099512,-3.3499513,-3.9099512,-5.409951,-2.8399513,-2.1499512,-3.019951,-3.1099513,-1.9599512,-1.4099512,-3.289951,-3.4499512,-3.3899512,-1.4299512,-0.13995117,-0.78995115,-1.4299512,-0.95995116,-0.7599512,0.77004886,-1.2799512
0.28004882,0.8100488,-1.2699512,-2.9299512,-0.19995117,1.6000488,2.0100489,4.0000486,2.8800488,1.4100488,-0.78995115,0.66004884,-0.12995118,0.6400488,1.8400488,2.210049,0.37004882,0.79004884,-0.31995118,-0.049951173,-2.9199512,-3.1199512,-3.799951,-2.8799512,-2.4999511,-1.7199512,-0.24995117,-1.0799512,-1.0299512,-2.069951,-2.4999511,-2.8899512,-2.1099513,-2.009951,-0.42995116,-1.5399512,-2.059951,-0.7999512,-0.32995117,-0.44995117,-0.43995118
-0.44995117,0.67004883,-0.7399512,-0.03995117,1.0900488,0.97004884,1.1600488,1.7100488,2.0200489,1.3600488,0.72004884,1.5100489,2.230049,2.9100487,2.950049,-0.27995118,1.5900488,2.180049,0.46004882,1.8600488,-0.65995115,-0.59995115,-0.25995117,-1.3399512,-0.08995117,0.17004883,0.35004884,0.42004883,0.9300488,-2.1099513,-2.819951,-2.2499511,-2.6899512,-3.1299512,-2.779951,-2.6199512,-1.1499512,-0.82995117,-0.28995118,0.65004885,-0.36995116
0.24004883,0.9900488,2.1600487,2.0200489,1.4700488,1.5900488,1.9800488,2.2900488,2.7500489,2.8400488,0.8200488,1.3700489,2.0400488,2.210049,0.65004885,1.0400488,0.59004885,2.0500488,0.66004884,2.5900488,2.1300488,-0.6799512,-0.9199512,-1.0499512,0.8700488,1.8100488,-1.1899512,-2.269951,-2.3699512,-2.3499513,-2.299951,-1.8899512,-1.1899512,-1.7199512,0.43004882,0.020048829,-0.25995117,0.49004883,0.59004885,0.9900488,0.97004884
0.73004884,3.3900487,2.4100487,1.5700488,2.8500488,2.700049,2.3200488,2.2900488,3.960049,2.6000488,0.24004883,1.0700488,0.45004883,1.6700488,1.0400488,2.3200488,2.0500488,2.3700488,0.65004885,2.0900488,-0.76995116,-1.7699512,-1.1599512,-1.2799512,-2.5899513,-3.3799512,-2.4899511,-1.9999511,-2.9399512,-2.4599512,-1.7699512,-1.6799512,-0.46995118,-0.049951173,0.12004883,1.7200488,1.0000489,2.0400488,2.6400487,3.1700487,-0.31995118
