wind.json
{"header": {"discipline":0,"disciplineName":"Meteorological products","gribEdition":2,"gribLength":1039,"center":7,"centerName":"US National Weather Service - NCEP(WMC)","subcenter":0,"refTime":"2023-05-30T00:00:00.000Z","significanceOfRT":1,"significanceOfRTName":"Start of forecast","productStatus":0,"productStatusName":"Operational products","productType":1,"productTypeName":"Forecast products","productDefinitionTemplate":0,"productDefinitionTemplateName":"Analysis/forecast at horizontal level/layer at a point in time","parameterCategory":0,"parameterCategoryName":"UnknownDiscipline_0_Category_0","parameterNumber":0,"parameterNumberName":"UnknownParameter_D0_C0_0","parameterUnit":"Unknown","genProcessType":2,"genProcessTypeName":"Forecast","forecastTime":60,"surface1Type":1,"surface1TypeName":"Ground or water surface","surface1Value":0.0,"surface2Type":255,"surface2TypeName":"Missing","surface2Value":0.0,"gridDefinitionTemplate":0,"gridDefinitionTemplateName":"Latitude_Longitude","numberPoints":688,"shape":6,"shapeName":"Earth spherical with radius of 6,371,229.0 m","gridUnits":"degrees","resolution":48,"winds":"true","scanMode":64,"nx":43,"ny":16,"basicAngle":0,"lo1":45.0,"la1":40.0,"lo2":87.0,"la2":55.0,"dx":1.0,"dy":1.0}, "data":
[rows 0 to 15 of 16, columns 0 to 42 of 43]
292.7304,290.83038,306.33038,319.2304,315.5304,293.4304,292.2304,292.0304,314.9304,320.83038,326.2304,323.9304,326.33038,323.0304,318.5304,315.5304,317.1304,317.83038,318.2304,317.33038,314.6304,311.7304,307.7304,309.7304,306.6304,303.1304,301.33038,289.9304,285.0304,283.5304,282.2304,303.7304,304.0304,302.83038,308.83038,308.9304,308.33038,307.0304,306.33038,305.2304,305.33038,305.6304,304.33038
295.9304,309.6304,312.7304,298.0304,298.0304,290.7304,290.9304,290.83038,305.5304,323.6304,325.0304,324.6304,323.1304,317.2304,320.6304,319.1304,317.33038,317.4304,317.2304,316.0304,317.2304,315.6304,318.2304,315.0304,309.9304,303.5304,303.5304,303.4304,297.0304,279.1304,282.0304,279.0304,278.0304,281.6304,298.1304,305.5304,306.9304,307.4304,306.1304,306.4304,306.9304,306.4304,306.1304
295.33038,292.7304,288.0304,291.83038,290.7304,290.83038,290.33038,290.1304,318.5304,322.0304,322.2304,322.4304,321.1304,319.4304,319.9304,317.4304,316.83038,317.2304,317.33038,317.4304,315.9304,314.1304,313.7304,312.0304,308.1304,295.6304,284.6304,278.7304,291.5304,280.83038,285.1304,280.33038,288.9304,273.7304,283.4304,269.9304,276.4304,302.83038,302.4304,304.1304,307.0304,297.6304,285.9304
288.6304,290.83038,301.33038,291.33038,290.1304,290.1304,290.0304,314.2304,318.2304,319.0304,321.33038,318.5304,318.4304,318.6304,318.2304,317.33038,316.7304,316.7304,316.1304,314.7304,313.83038,315.0304,313.2304,309.7304,306.83038,298.7304,304.33038,301.5304,299.83038,300.0304,298.33038,284.5304,280.4304,282.2304,288.2304,289.1304,286.5304,289.5304,280.7304,285.7304,285.9304,282.2304,277.1304
296.4304,303.5304,298.83038,292.7304,291.0304,290.7304,295.83038,317.2304,316.1304,310.4304,321.5304,319.4304,317.33038,313.33038,291.9304,293.5304,318.0304,316.83038,315.4304,315.5304,314.2304,313.5304,309.2304,302.6304,308.1304,307.4304,305.83038,305.5304,306.2304,300.1304,299.9304,299.33038,300.0304,295.5304,304.9304,303.4304,301.6304,293.2304,279.83038,273.2304,279.4304,289.9304,296.4304
292.33038,298.2304,302.83038,294.4304,293.83038,294.6304,303.2304,318.4304,319.7304,324.1304,321.0304,318.4304,317.6304,313.9304,294.5304,294.7304,292.9304,318.1304,318.0304,314.5304,311.4304,312.4304,312.4304,311.4304,309.0304,308.0304,307.0304,307.1304,303.6304,301.4304,304.33038,304.1304,303.5304,300.4304,285.6304,277.6304,290.4304,299.33038,298.9304,305.2304,301.0304,298.83038,300.0304
290.83038,293.33038,292.83038,303.33038,295.6304,294.83038,294.9304,294.6304,322.4304,321.0304,319.2304,317.5304,309.5304,312.33038,296.0304,293.6304,303.0304,315.0304,317.2304,316.6304,314.0304,314.2304,311.4304,309.7304,309.4304,308.7304,307.7304,305.83038,306.2304,290.2304,306.7304,306.83038,304.33038,302.6304,301.4304,298.83038,294.1304,296.33038,288.4304,290.0304,298.83038,290.9304,299.2304
293.83038,292.2304,292.7304,304.7304,314.0304,310.0304,308.1304,314.33038,322.1304,319.33038,315.5304,312.1304,311.5304,309.33038,314.1304,312.83038,317.4304,316.33038,316.5304,316.5304,316.83038,313.33038,311.9304,310.6304,309.2304,309.0304,305.83038,305.4304,305.7304,308.0304,307.7304,306.0304,304.5304,303.33038,303.1304,301.0304,299.2304,294.1304,288.9304,285.2304,283.6304,276.1304,293.33038
295.5304,290.9304,291.4304,302.6304,306.33038,310.6304,314.2304,315.6304,318.4304,312.83038,306.83038,310.9304,310.83038,310.9304,311.7304,315.5304,317.0304,314.33038,317.83038,315.5304,313.4304,311.2304,309.0304,309.6304,308.7304,308.0304,305.5304,301.5304,301.7304,303.2304,301.0304,302.1304,299.33038,300.0304,297.0304,294.2304,294.2304,299.4304,299.33038,285.83038,296.83038,298.2304,293.6304
288.83038,294.5304,291.4304,302.0304,309.6304,312.1304,308.5304,312.83038,312.1304,313.1304,310.83038,308.6304,309.4304,311.1304,310.7304,312.6304,311.4304,313.5304,314.2304,315.2304,313.5304,310.6304,307.4304,306.9304,307.83038,305.4304,303.0304,301.9304,298.33038,297.2304,296.9304,296.0304,295.83038,295.5304,296.33038,296.4304,295.33038,292.2304,293.0304,291.5304,282.1304,282.33038,277.1304
294.7304,295.0304,292.2304,295.83038,303.6304,307.9304,310.2304,306.1304,308.0304,308.2304,308.9304,307.7304,307.7304,307.5304,307.7304,309.1304,309.6304,310.1304,311.1304,310.83038,309.1304,309.9304,307.33038,307.5304,309.0304,306.7304,305.2304,302.6304,301.6304,300.0304,298.0304,297.9304,298.1304,299.2304,298.33038,296.83038,294.6304,294.0304,292.2304,289.83038,287.2304,285.7304,281.0304
294.4304,291.33038,293.5304,294.6304,296.5304,301.9304,304.4304,305.2304,307.4304,306.1304,303.9304,306.5304,304.9304,305.5304,307.6304,308.33038,307.6304,308.2304,310.6304,311.33038,309.1304,309.33038,308.4304,303.4304,308.4304,306.9304,304.0304,303.9304,300.0304,302.2304,301.9304,303.5304,302.6304,301.83038,300.4304,297.4304,294.6304,290.9304,287.83038,287.0304,286.33038,285.83038,283.4304
293.7304,296.0304,296.2304,296.0304,295.2304,295.83038,300.9304,303.7304,303.9304,302.7304,305.9304,304.6304,302.2304,304.1304,306.5304,306.5304,309.1304,306.6304,305.0304,301.83038,310.9304,309.2304,306.83038,306.33038,305.4304,304.33038,302.9304,305.0304,303.7304,304.83038,305.0304,305.1304,302.5304,301.5304,299.83038,297.6304,295.9304,295.1304,293.33038,291.4304,290.83038,290.7304,291.5304
293.83038,294.4304,295.1304,296.6304,297.6304,295.7304,299.1304,300.4304,302.1304,302.6304,305.0304,301.9304,301.9304,298.83038,304.4304,304.2304,307.4304,306.2304,308.6304,302.9304,301.7304,298.9304,306.4304,302.9304,303.1304,302.6304,305.2304,304.5304,306.83038,305.5304,304.83038,303.6304,304.0304,303.1304,301.33038,299.4304,297.2304,295.0304,295.2304,295.7304,292.9304,290.83038,292.4304
292.83038,290.0304,292.9304,294.6304,289.7304,295.9304,297.0304,297.83038,299.4304,300.33038,302.4304,303.0304,302.33038,301.33038,302.4304,304.7304,305.4304,306.9304,305.83038,299.5304,302.9304,307.4304,306.83038,304.1304,305.0304,303.6304,303.2304,306.1304,305.6304,305.1304,302.83038,303.2304,303.2304,302.1304,300.4304,299.0304,298.0304,295.7304,295.4304,294.33038,294.0304,293.5304,293.1304
293.5304,292.9304,290.1304,294.33038,284.9304,293.7304,294.5304,296.2304,298.4304,298.7304,301.1304,299.83038,302.4304,300.4304,302.9304,299.6304,300.5304,305.6304,304.9304,304.2304,304.1304,305.2304,305.1304,303.33038,302.1304,300.4304,301.33038,301.2304,300.7304,302.1304,302.2304,301.0304,299.4304,293.0304,299.33038,299.0304,298.4304,298.0304,297.2304,293.7304,294.4304,293.9304,293.9304
