wind_kz.json
{"header": {"discipline":0,"disciplineName":"Meteorological products","gribEdition":2,"gribLength":1102,"center":7,"centerName":"US National Weather Service - NCEP(WMC)","subcenter":0,"refTime":"2023-09-21T00:00:00.000Z","significanceOfRT":1,"significanceOfRTName":"Start of forecast","productStatus":0,"productStatusName":"Operational products","productType":1,"productTypeName":"Forecast products","productDefinitionTemplate":0,"productDefinitionTemplateName":"Analysis/forecast at horizontal level/layer at a point in time","parameterCategory":2,"parameterCategoryName":"UnknownDiscipline_0_Category_2","parameterNumber":2,"parameterNumberName":"UnknownParameter_D0_C2_2","parameterUnit":"Unknown","genProcessType":2,"genProcessTypeName":"Forecast","forecastTime":300,"surface1Type":103,"surface1TypeName":"Specified height level above ground","surface1Value":10.0,"surface2Type":255,"surface2TypeName":"Missing","surface2Value":0.0,"gridDefinitionTemplate":0,"gridDefinitionTemplateName":"Latitude_Longitude","numberPoints":615,"shape":6,"shapeName":"Earth spherical with radius of 6,371,229.0 m","gridUnits":"degrees","resolution":48,"winds":"true","scanMode":64,"nx":41,"ny":15,"basicAngle":0,"lo1":47.0,"la1":41.0,"lo2":87.0,"la2":55.0,"dx":1.0,"dy":1.0}, "data":
[rows 0 to 14 of 15, columns 0 to 40 of 41]
0.029755859,1.6797558,-2.7702441,-3.8902442,-5.1102443,-6.0502443,-9.660244,-9.950244,-10.470244,-8.240244,-8.120244,-7.6102443,-7.080244,-6.350244,-5.210244,-5.040244,-4.490244,-6.370244,-3.7202442,-1.9502442,0.43975586,0.63975585,2.429756,5.3697557,5.849756,4.169756,3.8197558,3.929756,0.80975586,1.4497559,2.0397558,2.439756,-2.4302442,0.16975586,-0.26024413,0.74975586,2.719756,1.1497558,2.7797558,2.189756,1.9097558
1.2497559,-3.4402442,-6.0702443,-7.2602444,-4.810244,-5.720244,-9.400244,-9.210244,-9.310245,-8.570244,-8.240244,-8.030244,-6.8602443,-5.960244,-5.8602443,-5.420244,-4.870244,-4.8802443,-3.3902442,-1.2802441,1.2797558,2.0497558,2.2697558,2.2897558,2.679756,0.14975587,4.019756,3.689756,6.329756,2.629756,2.879756,3.399756,1.6197559,1.2897558,0.27975586,0.29975587,0.7297559,1.7197559,2.0997558,1.8797559,-3.370244
-6.220244,-8.720244,-8.320244,-8.470244,-8.3902445,-9.3502445,-8.990244,-8.560245,-9.380244,-8.590244,-8.580244,-7.8802443,-6.560244,-6.710244,-5.8202443,-5.3602443,-5.410244,-4.450244,-3.2002442,-1.4902442,0.7197559,0.26975587,-4.920244,-2.560244,0.14975587,0.7297559,1.0597558,0.88975585,0.68975586,0.49975586,1.3597559,-0.45024413,-3.0102441,3.5397558,-0.11024414,-1.4002441,1.0997559,-1.6402441,4.809756,2.179756,-0.50024414
-9.090244,-9.540244,-8.8502445,-6.850244,-7.5702443,-8.540244,-7.870244,-8.500244,-8.540244,-8.330244,-8.550244,-8.800244,-8.000244,-6.5102444,-5.730244,-5.190244,-4.720244,-4.330244,-4.350244,-4.0302444,-4.650244,-3.800244,-1.0502441,-0.76024413,-0.21024413,0.27975586,1.8297559,3.439756,-2.030244,1.4797559,2.2797558,0.95975584,6.609756,10.199756,9.3597555,6.279756,1.1697558,1.4997559,-1.8202442,-0.56024414,3.129756
-9.510244,-10.610244,-10.710244,-8.630244,-9.060245,-8.700244,-7.940244,-7.770244,-7.290244,-7.430244,-7.660244,-7.150244,-6.480244,-5.390244,-5.3602443,-4.920244,-4.6302443,-4.220244,-4.060244,-4.350244,-4.450244,-3.9902442,-3.1702442,-2.1702442,-1.7902441,-1.9202441,-4.0502443,-0.40024415,1.4397559,1.2597558,4.049756,2.199756,0.47975585,2.629756,-3.340244,-1.6902442,7.189756,-1.6502441,2.0497558,2.5897558,-3.050244
-9.240244,-8.740244,-10.870244,-10.570244,-9.800244,-8.380244,-7.440244,-6.700244,-6.390244,-5.650244,-5.5102444,-5.580244,-5.690244,-5.8602443,-4.240244,-4.230244,-4.0702443,-3.9002442,-3.3902442,-3.3902442,-4.0702443,-3.780244,-3.1902442,-2.6502442,-2.280244,-1.9302441,-2.4902442,-1.9102441,-0.33024415,0.93975586,0.93975586,2.919756,0.63975585,4.709756,3.179756,6.7197556,3.2497559,2.669756,11.299756,10.259756,8.049756
-8.230244,-8.3902445,-7.890244,-7.460244,-5.920244,-5.890244,-6.060244,-5.560244,-5.120244,-4.690244,-4.2802444,-4.170244,-3.600244,-3.7002442,-3.7402442,-3.370244,-3.030244,-2.870244,-2.1702442,-2.9302442,-3.1602442,-3.1402442,-3.040244,-2.320244,-2.3802443,-1.8802441,-1.9902442,-0.99024415,-0.80024415,-1.0202441,-2.1502442,-2.4402442,-1.7402442,0.09975586,5.539756,3.719756,2.379756,-0.32024413,1.0897559,-0.6502441,5.109756
-7.0102444,-6.500244,-5.990244,-5.350244,-4.960244,-4.3002443,-3.7202442,-3.320244,-3.330244,-2.9802442,-2.830244,-2.620244,-2.370244,-2.310244,-1.9802442,-1.9502442,-1.9302441,-2.1702442,-2.1602442,-1.6902442,-2.2502441,-2.2302442,-2.350244,-2.2602441,-2.040244,-1.1102442,-0.6502441,-0.55024415,-0.97024417,-1.0502441,-0.75024414,-1.3402442,-2.060244,-0.63024414,1.3497559,3.149756,5.9497557,11.039756,4.939756,8.1497555,3.939756
-5.420244,-5.040244,-4.440244,-4.020244,-3.550244,-2.8802443,-2.530244,-2.4302442,-1.7802441,-1.3502442,-0.7102441,-0.07024414,-0.48024413,-0.26024413,-0.55024415,-0.10024414,0.07975586,0.059755858,-0.29024413,-0.42024413,-0.6402441,-0.39024413,-0.7002441,-0.37024415,-0.39024413,-0.10024414,0.029755859,-2.4414062E-4,0.57975584,1.1197559,1.5797559,0.76975584,1.6697558,1.6697558,1.6297559,3.8297558,2.659756,-0.13024414,1.1997559,2.449756,1.0197558
-3.790244,-3.2602441,-3.0202441,-2.6902442,-1.9802442,-1.7602441,-1.1602441,-1.0502441,-0.12024414,0.82975584,2.0097558,3.0697558,3.2297559,2.649756,2.0897558,1.4697559,1.3897558,1.8197559,1.1297559,0.73975587,1.3397559,1.4097558,1.5497558,1.4497559,1.4797559,1.6897559,1.6597558,1.8397559,2.0097558,3.3097558,3.7697558,4.129756,3.4997559,4.279756,4.009756,2.879756,2.8697557,2.679756,2.0097558,1.7997558,1.3497559
-1.8102441,-1.3002441,-1.0802442,-0.73024416,-0.85024416,0.80975586,0.46975586,0.55975586,1.7397559,1.9897559,2.1197557,2.909756,2.389756,4.1197557,3.969756,2.679756,2.7897558,2.899756,2.0097558,0.47975585,2.3497558,1.1197559,2.449756,2.709756,1.7397559,3.0497558,2.949756,4.089756,4.799756,5.4897556,5.1997557,5.059756,4.289756,3.3197558,3.5497558,2.469756,1.8197559,0.75975585,1.1397558,-0.19024414,-0.40024415
0.63975585,1.0997559,1.4097558,1.6597558,2.0097558,2.2297559,2.129756,2.3497558,2.2797558,2.409756,2.7597558,3.659756,1.9097558,3.0597558,3.5097558,3.0097558,2.959756,3.649756,3.8697557,3.0297558,2.409756,2.919756,2.5597558,2.2497559,1.7897558,2.2697558,3.7997558,4.999756,5.709756,5.539756,4.319756,4.729756,3.5297558,3.709756,3.0697558,3.7797558,3.639756,3.2397559,2.2997558,1.8497559,1.1897559
2.199756,2.4897559,2.5697558,2.7697558,2.8197558,2.0997558,2.5397558,2.889756,3.429756,2.949756,2.399756,3.209756,2.2597558,2.8597558,2.2597558,3.169756,3.449756,4.2397556,4.079756,3.929756,3.199756,2.889756,2.689756,2.7597558,3.4997559,4.149756,3.7697558,3.0297558,3.629756,3.5497558,3.919756,3.949756,4.129756,3.949756,3.7697558,3.389756,3.4897559,2.379756,3.679756,3.8197558,2.2397559
3.4897559,3.2797558,2.2397559,3.8197558,3.8597558,3.419756,3.379756,3.6097558,3.2897558,2.969756,2.169756,2.899756,1.4997559,1.1897559,2.689756,4.029756,4.019756,3.2897558,4.099756,4.3897557,3.629756,3.659756,3.5197558,3.679756,3.5097558,3.4797559,2.2497559,3.1097558,4.249756,3.969756,4.1197557,3.669756,4.129756,4.399756,2.969756,2.949756,3.2797558,3.3697557,3.3397558,3.0397558,4.169756
2.959756,3.5897558,3.2897558,4.4897556,3.8697557,3.389756,3.949756,3.7797558,3.4797559,3.0297558,1.9797559,3.0797558,3.149756,2.5297558,3.409756,3.889756,3.7697558,2.9897559,3.7797558,3.6197557,2.959756,4.099756,3.379756,3.0797558,3.0797558,2.7297559,2.0397558,2.7497559,2.3197558,3.0997558,5.059756,3.9997559,2.929756,2.5897558,2.919756,4.029756,3.0497558,3.7997558,4.359756,3.8097558,2.8197558
