wind_kz.json
{"header": {"discipline":0,"disciplineName":"Meteorological products","gribEdition":2,"gribLength":1025,"center":7,"centerName":"US National Weather Service - NCEP(WMC)","subcenter":0,"refTime":"2024-04-07T18:00:00.000Z","significanceOfRT":1,"significanceOfRTName":"Start of forecast","productStatus":0,"productStatusName":"Operational products","productType":1,"productTypeName":"Forecast products","productDefinitionTemplate":0,"productDefinitionTemplateName":"Analysis/forecast at horizontal level/layer at a point in time","parameterCategory":2,"parameterCategoryName":"UnknownDiscipline_0_Category_2","parameterNumber":3,"parameterNumberName":"UnknownParameter_D0_C2_3","parameterUnit":"Unknown","genProcessType":2,"genProcessTypeName":"Forecast","forecastTime":240,"surface1Type":103,"surface1TypeName":"Specified height level above ground","surface1Value":10.0,"surface2Type":255,"surface2TypeName":"Missing","surface2Value":0.0,"gridDefinitionTemplate":0,"gridDefinitionTemplateName":"Latitude_Longitude","numberPoints":615,"shape":6,"shapeName":"Earth spherical with radius of 6,371,229.0 m","gridUnits":"degrees","resolution":48,"winds":"true","scanMode":64,"nx":41,"ny":15,"basicAngle":0,"lo1":47.0,"la1":41.0,"lo2":87.0,"la2":55.0,"dx":1.0,"dy":1.0}, "data":
[rows 0 to 14 of 15, columns 0 to 40 of 41]
-0.5641986,-1.1241986,6.8158016,7.3358016,3.4858015,0.9458014,1.6358014,0.4558014,-0.20419861,-0.3941986,-1.3041986,-1.6041986,-2.3241987,-3.5441985,-4.3941984,-5.0241985,-4.5341988,-4.8141985,-4.4641986,-5.5741987,-5.2741985,-5.2141986,-1.5341986,-1.2441986,-0.27419862,-1.3141986,-1.7741987,0.25580138,1.6858014,0.7958014,-0.8441986,0.19580139,-2.6541986,-2.7841985,-2.8641987,-2.1641986,-5.3141985,-3.0641985,-2.3841987,3.5658014,3.8258014
5.4758015,0.8758014,11.255801,8.335801,3.9058013,3.8258014,1.6358014,1.5658014,0.9258014,0.035801392,-1.0641986,-2.2441986,-2.6041987,-3.0841987,-4.1641984,-4.6741986,-5.0741987,-6.224199,-2.5841987,-3.0141985,-6.3941984,-7.4441986,-3.3741987,1.1858014,0.24580139,-1.2141986,-3.7141986,0.7258014,-0.1341986,1.3758014,1.2458014,1.7958014,-0.54419863,-0.6741986,-4.014199,-1.7041986,-2.8141985,-4.264199,-1.0941986,-1.3941987,0.115801394
2.5258014,8.005801,7.9158015,5.1558013,5.2258015,3.7858014,2.7958014,2.4058013,1.4258014,-1.1641986,-1.8641986,-2.7741985,-2.5041986,-2.5541985,-3.4041986,-4.4841986,-5.1341987,-4.6641984,-5.6941986,-3.7941985,-3.5741987,-5.6341987,-6.7741985,-4.2741985,-3.3241987,-1.2441986,-1.1941986,-1.1741986,-0.8341986,-0.3941986,2.9658015,0.6658014,0.6258014,-0.5741986,0.12580138,-1.1541986,-0.5341986,-1.9941986,-1.5641986,-1.0541986,-2.4941986
6.1158013,5.3758016,4.8558016,4.8558016,5.7058015,5.4358015,4.7158012,2.8358014,2.0358014,0.8658014,-0.8441986,-2.8941987,-4.5241985,-4.1441984,-2.3341987,-3.5541985,-3.8841987,-4.5241985,-4.6441984,-4.8641987,-3.7441986,-6.4841986,-2.6141987,-3.9741986,-4.0641985,-4.0341988,-4.1741986,-4.014199,-1.4141986,-0.5241986,-2.7141986,-2.5841987,-0.3341986,-0.1541986,0.44580138,0.8858014,2.1558013,1.2158014,-0.7241986,0.7758014,-2.3441987
4.5858016,4.4358015,2.3958013,3.7158015,5.2158012,4.1858015,3.5158014,3.9258013,3.4358015,1.9458014,0.7258014,-1.2341986,-3.5141985,-2.0341985,-1.9341986,-2.1141987,-3.1441987,-3.3941987,-3.5241985,-4.6241984,-4.9641986,-3.7641985,-3.1041987,-1.4141986,-2.8141985,-3.1041987,-4.1641984,-5.0941987,-4.1141987,-2.5041986,-3.2441986,-1.2341986,0.7358014,2.6258013,-0.2641986,-0.8441986,-1.5841986,0.7958014,0.6858014,-0.6241986,-1.6141986
2.8658013,0.7358014,2.6058013,4.1458015,4.545801,3.8958013,5.0958014,4.1458015,3.6858015,3.3358014,1.5458014,-0.5241986,-2.2241986,-2.2641985,-1.5941986,-1.9441986,-2.9041986,-2.8641987,-3.0141985,-3.3841987,-4.3241987,-4.4041986,-4.014199,-2.2841985,-0.98419863,-0.8341986,-2.0641985,-3.6741986,-4.1741986,-3.8841987,-3.4341986,-4.0841985,-5.1141987,-3.4941986,0.7458014,-0.8341986,-0.11419861,-2.0041986,-2.2941985,2.1158013,-2.2641985
2.3058014,3.6558013,3.6458013,5.0958014,5.4358015,5.4358015,6.1758013,5.6758013,4.485801,4.1958013,2.1658013,1.8758014,0.15580139,-0.8941986,-1.0241987,-1.4641986,-1.9741986,-2.8341987,-0.7441986,-1.4441986,-1.9641986,-3.0441985,-3.8241987,-3.5341985,-3.6041987,-3.3241987,-1.8341986,-1.1941986,-3.2341986,-3.7741985,-3.3741987,-5.3641987,-6.6741986,-8.114199,0.12580138,-1.0141987,-2.0541985,-2.3141985,-1.8741986,-0.08419861,-5.1041985
3.6058013,3.4458015,4.9758015,5.0358014,4.045801,5.6758013,6.525801,5.2658014,4.6858015,3.8958013,3.1558013,1.9258014,1.2158014,0.64580137,0.2358014,-0.3441986,-0.9441986,-1.7741987,-2.4341986,-1.1941986,-0.79419863,-1.1141986,-2.3541987,-2.6541986,-2.6641986,-2.3041985,-3.2141986,-3.1341987,-1.4741986,-2.1141987,-3.3241987,-3.4841986,-4.6941986,-6.1041985,-2.9741986,-1.5941986,-0.9441986,-0.3241986,0.4958014,1.1158013,-0.104198605
5.6858015,3.6558013,4.1458015,3.1958015,3.1258013,5.0858016,5.1458015,4.1158013,2.9858015,3.1458013,2.9558015,2.4858015,2.5458014,2.7858014,2.1558013,2.1258013,0.8458014,-0.024198608,-0.8641986,-1.6441987,-1.9241986,-1.5241987,0.8158014,-0.2141986,-1.4441986,-2.4041986,-1.8541986,-1.6041986,-1.7941986,-1.2141986,-0.7141986,-1.4541986,-1.9041986,-2.6941986,-2.6541986,-3.2941985,-2.9841986,-1.7141986,-2.6741986,-2.3941987,-3.8941987
5.6058016,5.6058016,3.9358015,3.8258014,3.4258013,4.6458015,5.0658016,4.275801,3.4158013,3.1958015,3.1358013,3.1158013,2.9758015,2.3458014,1.3758014,1.9258014,1.3358014,1.2458014,0.24580139,-1.5741986,-1.0541986,-1.2041986,-1.1041986,1.4758013,1.5758014,0.28580138,-0.8141986,-1.3241986,-0.79419863,0.06580139,1.8058014,1.5958014,-0.9941986,-2.1541986,-1.6541986,-1.2041986,0.2358014,-2.6041987,-0.3941986,1.1658014,1.4958014
6.6858015,6.8758016,6.1958013,4.8258014,4.505801,5.3358016,5.2058015,4.275801,4.025801,3.3558013,2.7658014,2.6958015,3.4358015,2.8758013,0.9858014,1.4158014,1.3358014,1.6458014,2.4658015,1.8858014,1.0758014,0.2358014,0.025801392,-0.07419861,0.51580137,1.4358014,0.9358014,1.2758014,0.7258014,0.64580137,3.2758014,3.3658013,1.5458014,-0.54419863,-1.2041986,-0.8041986,-0.7541986,0.7158014,0.3658014,0.70580137,0.2058014
5.9058013,6.6458015,6.3058014,5.5758014,4.8258014,6.025801,3.0658014,3.6258013,3.5458014,2.5458014,2.2958014,2.3358014,1.8458014,1.4758013,0.6758014,0.19580139,-0.2941986,0.075801395,2.8958013,2.0958014,2.5258014,1.6458014,0.8258014,1.2558014,0.6858014,0.8858014,2.5758014,2.0158014,1.2758014,0.7358014,1.9858013,3.8258014,2.8158014,1.8658013,1.3158014,0.7458014,1.2958014,1.7058014,1.6858014,1.0758014,0.06580139
6.7858014,6.505801,6.9458013,6.3858013,5.3358016,4.2858014,3.9858015,3.3958013,3.7358015,2.4258013,1.6558014,1.8358014,2.0558014,1.1358014,0.83580136,0.6658014,0.4658014,-0.014198609,1.0158014,0.8158014,2.8858013,2.9658015,1.8758014,2.2458014,1.4058014,2.1858015,1.9458014,1.5258014,2.0158014,1.6858014,3.4558015,2.9458015,4.3558016,3.4458015,3.2858014,1.8258014,1.3158014,1.0258014,2.4958014,2.3158014,1.2858014
7.8258014,8.235802,6.8058014,6.6658015,6.9058013,6.5558014,5.5558014,5.2458014,3.7358015,3.4658015,2.8858013,1.2958014,1.0958014,1.8458014,1.0258014,0.9258014,0.7958014,0.4358014,-0.3441986,0.70580137,0.83580136,1.8558013,2.1258013,1.9758013,2.1158013,1.3658013,0.64580137,1.7158014,1.8058014,1.8258014,2.4058013,3.9758015,3.5158014,3.4058013,2.7558014,2.4758015,1.6258014,0.9858014,-0.11419861,1.0658014,0.6758014
6.2458014,7.5358014,6.9458013,6.755801,7.0958014,6.8258014,6.4658012,4.9058013,4.1058016,3.7358015,2.2358015,3.1858015,2.8358014,0.9358014,0.5358014,0.3058014,0.12580138,-0.5141986,-0.5341986,0.2758014,0.3058014,-0.4841986,-0.08419861,0.2258014,-0.8941986,-1.8041986,-1.7341986,0.12580138,1.0958014,0.64580137,0.64580137,3.1858015,5.0858016,4.4458013,2.0958014,1.1358014,1.0258014,0.9358014,0.7258014,0.025801392,-0.12419861
