wind.json
{"header": {"discipline":0,"disciplineName":"Meteorological products","gribEdition":2,"gribLength":1211,"center":7,"centerName":"US National Weather Service - NCEP(WMC)","subcenter":0,"refTime":"2023-06-28T06:00:00.000Z","significanceOfRT":1,"significanceOfRTName":"Start of forecast","productStatus":0,"productStatusName":"Operational products","productType":1,"productTypeName":"Forecast products","productDefinitionTemplate":0,"productDefinitionTemplateName":"Analysis/forecast at horizontal level/layer at a point in time","parameterCategory":2,"parameterCategoryName":"UnknownDiscipline_0_Category_2","parameterNumber":2,"parameterNumberName":"UnknownParameter_D0_C2_2","parameterUnit":"Unknown","genProcessType":2,"genProcessTypeName":"Forecast","forecastTime":0,"surface1Type":103,"surface1TypeName":"Specified height level above ground","surface1Value":10.0,"surface2Type":255,"surface2TypeName":"Missing","surface2Value":0.0,"gridDefinitionTemplate":0,"gridDefinitionTemplateName":"Latitude_Longitude","numberPoints":688,"shape":6,"shapeName":"Earth spherical with radius of 6,371,229.0 m","gridUnits":"degrees","resolution":48,"winds":"true","scanMode":64,"nx":43,"ny":16,"basicAngle":0,"lo1":45.0,"la1":40.0,"lo2":87.0,"la2":55.0,"dx":1.0,"dy":1.0}, "data":
[rows 0 to 15 of 16, columns 0 to 42 of 43]
1.6691626,-2.5508375,-2.6608374,2.1691625,2.0591626,0.5891626,4.4991627,5.5491624,4.4991627,2.4491625,-3.8808374,-3.8908374,-3.8408375,-6.2108374,-7.390837,-6.4508376,-4.9808373,-2.6408374,-1.8908374,-2.4408374,-1.2408375,-1.4408374,-2.7708373,0.2491626,4.629163,4.6791625,2.7091627,1.9791626,0.3791626,2.3291626,0.7391626,0.2891626,0.4391626,-1.0408374,-2.8408375,-2.9708374,-1.9708374,-2.3608375,-3.1308374,-2.0508375,-0.9108374,-1.1308374,-1.6708374
-2.0108373,4.6791625,-0.8608374,1.5391626,0.4891626,6.2291627,6.3691626,6.4691625,5.6891627,2.5291626,-5.0208373,-5.8308372,-6.2708373,-6.9908376,-6.1808376,-4.3408375,-3.3408375,-1.6708374,-0.3108374,-3.5108373,-3.0608375,-3.1608374,-0.5308374,0.2591626,1.7591625,5.4091625,-0.0808374,2.6291625,3.0491626,4.2491627,2.3391626,3.0991626,3.0991626,1.4591626,-0.8208374,-1.2508374,-0.9308374,2.3591626,1.4991626,1.5191627,1.3291626,1.5591626,1.1791626
1.1191626,0.8291626,0.5791626,-1.5808374,5.149163,5.2691627,4.9191628,5.0091624,-0.7608374,-3.1208375,-7.160837,-6.390837,-7.1808376,-6.1108375,-5.4608374,-4.7308373,-3.5008373,-3.4808373,-5.3208375,-5.1708374,-3.8708375,-2.4008374,-0.5808374,0.1291626,1.0191627,4.5391626,2.6791625,0.3691626,1.0791626,2.6391625,4.2491627,3.8591626,3.9691627,4.5691624,0.49916258,2.9591627,-0.2208374,1.9291626,2.1791625,1.5891626,2.0191627,1.3091626,0.2991626
0.1891626,0.8391626,2.7991626,5.2391624,6.4991627,5.2891626,3.9191625,-6.9508376,-9.200837,-7.7208376,-6.6908374,-4.9008374,-5.1508374,-5.5708375,-5.2808375,-4.7108374,-4.8108373,-5.1308374,-5.0208373,-3.0808375,-1.5208374,-0.4208374,1.3091626,3.6691625,-1.2808374,1.3591626,1.1991626,1.0991626,1.4491626,2.1391625,2.8391626,-8.3740236E-4,1.8491626,-1.7108374,0.7991626,2.7491627,2.3791625,1.6091626,1.3091626,0.1691626,1.1991626,6.089163,3.0391626
2.5291626,3.5091627,4.129163,5.8091626,5.9791627,4.7691627,5.5691624,2.2191627,-3.3908374,-5.9208374,-4.1908374,-3.4508374,-2.6308374,-4.8608375,-5.3308372,-2.2108374,-2.9208374,-4.3408375,-3.3208375,-2.1308374,-1.9108374,-1.5908374,-8.3740236E-4,-2.4908373,2.2291627,2.1891625,3.7691627,4.4891624,4.4491625,5.4891624,4.4591627,4.6891627,4.109163,7.8491626,8.689162,5.9791627,6.8291626,4.399163,2.0291626,3.9191625,-3.2408373,-2.7108374,-4.7608376
3.2391627,4.0391626,4.3491626,4.7191625,4.339163,4.899163,2.3391626,-3.1508374,-3.3308375,-1.5908374,0.9391626,-1.4808373,-0.5908374,-1.8208374,-3.3708375,-3.9408374,-2.4308374,-1.8708375,-2.0408373,-1.8008374,-1.7008374,-1.3308374,-0.7508374,0.6391626,1.6291625,3.2591627,4.3491626,6.0091624,7.0791626,4.5291624,7.0191627,6.8691626,6.2091627,6.2391624,-1.2708374,3.0591626,-2.9408374,-3.8008375,-0.2908374,-2.2808373,-1.8008374,-1.6608374,-1.6808374
5.8491626,5.7891626,5.1391625,5.9791627,1.0791626,-0.7708374,-1.8908374,-2.8408375,-0.7908374,-1.3208374,-2.6508374,-2.0408373,-2.5808375,-3.9408374,-2.4108374,-3.0208373,-0.3908374,-1.3408374,-1.2608374,-1.2608374,-1.4708374,-1.0908374,-1.5608374,-0.8708374,0.7191626,2.6991625,4.609163,5.7291627,6.2291627,2.5991626,7.0091624,8.9091625,9.679163,8.379163,8.849163,9.719163,8.119163,-0.25083742,1.9791626,5.1691628,4.2591624,3.0291626,2.1891625
7.129163,6.2991624,6.6191626,6.6591625,4.2791624,3.5291626,2.4991627,1.4491626,-1.6108375,-5.2808375,-5.890837,-3.0708375,-1.6808374,-1.6408374,-0.8608374,-0.7808374,-0.6008374,-0.0808374,0.1291626,0.4791626,1.2691627,2.2891626,1.7991626,1.6791626,2.4991627,3.5191627,5.6991625,6.149163,7.2291627,7.8291626,8.619163,7.609163,9.309162,10.679163,11.349163,9.839163,8.779162,4.2391624,7.879163,6.3091626,7.2991624,-0.9908374,8.019162
6.9791627,7.3091626,6.5591626,5.7891626,3.7991626,1.8691626,1.4091626,-2.7108374,-2.4008374,-2.4808373,-0.4108374,0.0391626,-1.3008374,-1.5408374,-1.0408374,0.6191626,-0.18083741,0.8391626,1.4391626,1.6791626,2.5791626,2.8291626,4.109163,4.1791625,4.2991624,4.4491625,5.379163,7.589163,7.8191624,7.8491626,9.829163,8.769162,9.399162,9.079163,8.809162,11.259163,12.179163,12.879163,12.279162,3.4291625,7.0391626,6.9391627,0.5491626
5.9391627,5.9891624,5.7191625,3.2591627,2.3191626,-0.5608374,-2.8908374,-3.9008374,-3.9608374,-3.0308373,-0.5408374,0.8691626,-0.4808374,-0.3608374,-1.1508374,0.4191626,1.0291626,1.3391626,2.7591627,3.0191627,3.0591626,3.4991627,4.2891626,4.4791627,3.6891625,3.9891627,6.0591626,6.6691628,8.109162,7.0791626,8.939162,9.9491625,10.9091625,9.599163,9.429163,10.229162,11.399162,10.689162,9.6591625,8.629163,-1.2708374,-1.2708374,2.9191625
3.7391627,2.9091625,-1.0508374,-4.0908375,-7.3808374,-7.7108374,-6.1708374,-2.9508374,-0.3608374,-1.4908375,-1.3608375,-0.6508374,0.6391626,1.8191626,2.0691626,2.3891625,3.5191627,3.4691627,1.7591625,2.3091626,3.2691627,4.5091624,5.5691624,5.2891626,5.6191626,6.3491626,7.7991624,5.8291626,8.259163,8.329163,7.1791625,8.669163,11.019162,10.189162,10.339163,9.289163,12.099163,9.379163,7.629163,3.6491625,0.8491626,0.6991626,-1.6108375
-5.2908373,-5.3208375,-7.2808375,-7.1308374,-7.2008376,-2.9408374,1.3991627,1.1491627,-0.5708374,-0.7008374,-1.3908374,-1.3008374,0.2391626,2.8591626,2.4391625,2.9091625,3.7591627,3.8691626,3.8291626,3.6991625,3.0591626,4.7091627,4.609163,5.8491626,6.589163,7.129163,7.2691627,6.2591624,8.9091625,9.629163,8.759163,10.839163,11.459163,11.679163,9.899162,9.129163,10.119163,9.849163,5.1391625,2.8991625,7.839163,6.4991627,3.5591626
-5.160837,-4.9308376,-4.3108373,-3.4408374,0.3691626,1.4891626,-0.4508374,-0.4308374,0.2091626,0.4491626,0.2491626,1.2591625,1.5691626,2.3791625,2.7191627,3.0291626,3.8491626,3.9091625,3.3891625,3.1691625,1.9991626,2.4291625,3.5891626,4.0391626,4.1791625,4.589163,6.4491625,5.7091627,7.5191627,9.389163,10.849163,10.269162,10.299163,10.569162,8.189162,8.629163,5.3891625,9.649162,7.0291624,8.4091625,0.7291626,4.1691628,0.1391626
-2.8908374,-3.3408375,-0.8808374,-1.2908374,-0.5408374,-0.1308374,-0.9508374,0.2291626,1.8591626,2.5991626,3.2391627,2.3891625,2.3691626,2.4991627,3.8391626,3.3491626,2.9291625,3.1891625,2.4091625,2.8691626,3.0091627,4.0991626,3.8291626,4.7091627,4.0391626,4.5991626,5.9391627,7.1891627,8.749163,8.999163,8.439162,9.419163,10.859162,9.639163,6.2591624,10.649162,6.589163,4.4491625,6.6191626,3.9091625,-0.2008374,-3.1908374,1.4191626
-1.9208374,0.1891626,0.1991626,-1.3708375,-0.6708374,0.2791626,1.2191626,3.0691626,2.5791626,2.3091626,1.8091626,1.5591626,3.0291626,3.5291626,4.0291624,2.9991627,3.3991625,2.8591626,3.1791625,3.3091626,3.2491627,2.7191627,2.5391626,3.7491627,4.899163,5.609163,5.149163,6.2091627,7.1991625,7.0591626,7.149163,7.339163,5.5491624,4.649163,5.2691627,4.5491624,1.2691627,3.8891625,4.7891626,4.089163,4.6991625,0.3691626,-2.3308375
0.5591626,0.2891626,0.3491626,0.2991626,1.0491626,2.2991626,1.5791626,2.5491626,2.7891626,3.3491626,2.3891625,2.3891625,2.2891626,3.0191627,3.1491625,3.2691627,3.1791625,3.8791625,4.129163,4.609163,4.2491627,4.6191626,4.129163,4.1891627,3.5691626,3.6891625,2.6591625,4.9491625,4.9791627,5.2091627,4.2691627,4.2091627,1.8591626,0.5791626,0.7991626,1.7391626,3.1591625,2.6291625,2.2391627,2.8991625,3.2091627,5.1991625,-0.8708374
