wind_kz.json
{"header": {"discipline":0,"disciplineName":"Meteorological products","gribEdition":2,"gribLength":1025,"center":7,"centerName":"US National Weather Service - NCEP(WMC)","subcenter":0,"refTime":"2023-09-24T12:00:00.000Z","significanceOfRT":1,"significanceOfRTName":"Start of forecast","productStatus":0,"productStatusName":"Operational products","productType":1,"productTypeName":"Forecast products","productDefinitionTemplate":0,"productDefinitionTemplateName":"Analysis/forecast at horizontal level/layer at a point in time","parameterCategory":2,"parameterCategoryName":"UnknownDiscipline_0_Category_2","parameterNumber":2,"parameterNumberName":"UnknownParameter_D0_C2_2","parameterUnit":"Unknown","genProcessType":2,"genProcessTypeName":"Forecast","forecastTime":240,"surface1Type":103,"surface1TypeName":"Specified height level above ground","surface1Value":10.0,"surface2Type":255,"surface2TypeName":"Missing","surface2Value":0.0,"gridDefinitionTemplate":0,"gridDefinitionTemplateName":"Latitude_Longitude","numberPoints":615,"shape":6,"shapeName":"Earth spherical with radius of 6,371,229.0 m","gridUnits":"degrees","resolution":48,"winds":"true","scanMode":64,"nx":41,"ny":15,"basicAngle":0,"lo1":47.0,"la1":41.0,"lo2":87.0,"la2":55.0,"dx":1.0,"dy":1.0}, "data":
[rows 0 to 14 of 15, columns 0 to 40 of 41]
-1.10695,1.8430499,-2.66695,-0.6269501,-1.1469501,-0.7969501,-1.86695,-6.04695,-5.28695,-4.00695,-2.9769502,-1.88695,-1.25695,-0.28695008,-0.6869501,-0.17695007,-1.62695,-0.9469501,-1.9069501,-0.6269501,1.9730499,0.6230499,2.30305,0.47304994,6.43305,0.66304994,0.6130499,2.85305,3.14305,2.43305,2.31305,0.9330499,-2.06695,-2.14695,-1.0169501,0.32304993,1.49305,1.86305,1.63305,1.9630499,2.42305
1.87305,-3.86695,-0.106950074,-1.4569501,-1.11695,1.1730499,-6.8369503,-5.61695,-3.93695,-2.61695,0.48304993,-1.25695,-1.21695,-1.6469501,-2.09695,-1.5669501,-0.60695004,-1.5269501,-1.36695,-0.52695006,0.79304993,2.2330499,2.7430499,1.3230499,1.3130499,-0.17695007,0.6230499,2.86305,2.81305,2.2230499,-0.36695006,-0.0069500734,1.2130499,-2.2169502,-0.16695008,1.26305,2.39305,1.51305,1.7230499,0.3430499,-1.0269501
-5.16695,-3.28695,-4.36695,-5.01695,-1.87695,-4.77695,-4.80695,-3.37695,-3.86695,-1.9069501,-1.72695,0.85304993,-2.80695,-0.5169501,-1.00695,-0.4369501,-0.78695005,-0.036950074,0.013049927,-0.3769501,0.6130499,4.77305,1.5930499,3.64305,0.23304993,3.12305,3.58305,4.54305,3.93305,-0.106950074,-0.45695007,0.23304993,0.41304994,2.2430499,-1.5469501,-2.0269501,0.5730499,-0.52695006,4.54305,2.39305,-0.9269501
-7.56695,-7.51695,-5.72695,-3.79695,-2.85695,-3.33695,-1.4069501,-3.07695,-2.18695,-2.59695,-2.28695,-4.17695,-1.71695,-1.0769501,1.4230499,1.0530499,0.5630499,1.50305,1.7330499,1.3230499,2.0130498,-1.50695,2.12305,2.06305,2.7930498,4.06305,5.01305,5.36305,7.28305,6.05305,2.69305,3.5430498,6.21305,4.24305,4.1230497,2.81305,0.043049928,2.4930499,-0.5569501,-0.26695007,-0.5769501
-8.54695,-8.70695,-8.36695,-6.76695,-4.69695,-3.2369502,-2.9669502,-2.93695,-1.8369501,-1.1869501,-0.6369501,-4.40695,-2.7069502,-1.3169501,2.38305,0.9430499,1.9130499,2.33305,1.49305,3.5330498,3.2930498,4.68305,4.11305,3.58305,4.3930497,4.52305,4.61305,5.49305,5.47305,5.6630497,5.46305,3.56305,1.99305,-0.07695007,-0.89695007,-0.85695004,2.0030499,-0.97695005,-0.8069501,-0.036950074,1.2930499
-4.97695,-5.15695,-5.68695,-5.3969502,-4.46695,-2.63695,-0.91695005,-1.0569501,-0.6869501,-0.8769501,-0.24695008,-0.046950072,1.2930499,0.013049927,-0.08695007,0.28304994,1.5630499,1.61305,1.50305,2.44305,3.08305,3.0030499,4.19305,5.45305,5.18305,5.47305,5.92305,4.61305,5.77305,7.26305,7.25305,5.50305,6.51305,6.24305,2.67305,-0.8669501,0.7030499,1.4530499,-0.89695007,0.20304993,0.5630499
-4.11695,-4.25695,-3.07695,-2.7769501,-1.00695,-1.5269501,-1.37695,-0.8669501,-0.066950075,-0.08695007,0.0030499268,1.3330499,0.84304994,1.39305,1.1730499,1.2230499,1.0530499,1.5430499,1.37305,1.9130499,1.8130499,0.8230499,1.9330499,2.44305,4.40305,5.49305,6.42305,6.55305,6.54305,6.27305,6.49305,7.38305,7.79305,6.57305,6.13305,-1.6769501,0.58304995,1.86305,0.6230499,1.5730499,-0.85695004
-2.44695,-2.0269501,-1.5369501,-0.70695007,-0.09695008,0.06304993,0.35304993,1.03305,1.1830499,1.50305,1.8030499,2.2630498,2.4730499,2.4930499,2.2330499,2.16305,2.11305,2.33305,1.7330499,1.9730499,1.9630499,1.86305,1.4330499,2.43305,3.84305,4.8730497,4.30305,5.11305,7.04305,7.78305,6.9130497,5.61305,5.63305,1.4730499,3.14305,2.56305,-1.9169501,-1.1769501,-4.77695,-7.30695,-3.09695
-0.24695008,0.60304993,0.85304993,1.64305,1.9230499,2.2630498,2.69305,2.64305,2.95305,3.18305,3.46305,3.81305,4.51305,3.60305,3.88305,4.19305,3.55305,3.65305,3.2930498,3.08305,3.64305,2.96305,2.65305,2.63305,3.0230498,3.31305,4.32305,5.49305,3.84305,5.67305,5.92305,5.1630497,5.65305,5.52305,1.63305,-0.5069501,0.9330499,-0.9469501,-1.5169501,0.9830499,-1.35695
2.2530499,2.39305,3.07305,3.4930499,3.7530499,4.26305,4.38305,4.59305,4.86305,5.07305,5.38305,5.80305,5.4130497,5.47305,5.51305,5.1630497,5.01305,5.05305,5.09305,4.02305,4.06305,3.7330499,4.3730497,3.9830499,1.6930499,3.0430498,2.82305,1.14305,2.30305,5.63305,5.80305,8.66305,6.22305,4.6230497,1.03305,0.3730499,-1.7769501,-0.5569501,-0.31695008,-0.28695008,-1.1469501
4.02305,4.20305,4.44305,4.75305,5.03305,5.06305,5.54305,5.65305,5.65305,5.95305,6.1030498,6.79305,6.40305,6.8730497,7.04305,6.51305,6.33305,5.79305,5.45305,5.6630497,5.6030498,4.92305,4.99305,5.34305,2.94305,3.08305,3.2730498,3.34305,2.9730499,2.85305,5.07305,6.95305,3.5030499,5.49305,2.7630498,1.1930499,-0.9869501,-0.056950074,0.5630499,1.9230499,-0.7369501
4.8530498,4.88305,5.38305,5.59305,5.58305,5.34305,5.51305,5.74305,5.43305,5.19305,5.43305,5.6430497,5.84305,6.01305,5.43305,5.6030498,5.09305,5.28305,4.95305,5.63305,5.44305,5.00305,5.03305,4.81305,2.84305,3.58305,5.4130497,4.88305,5.46305,2.7530499,2.57305,4.09305,1.9830499,3.14305,1.01305,0.24304992,1.24305,1.3530499,-0.41695008,-0.5569501,-0.47695008
4.68305,5.80305,5.45305,5.11305,5.13305,4.29305,5.59305,5.73305,6.97305,4.78305,3.2730498,4.44305,4.8730497,4.92305,4.52305,4.24305,3.82305,3.44305,3.71305,4.24305,3.0330498,6.29305,4.83305,4.79305,4.97305,4.8730497,5.18305,4.79305,5.54305,4.15305,0.5630499,1.7330499,1.9830499,3.34305,-1.0669501,0.64304996,0.5030499,-0.91695005,0.46304992,1.12305,-0.106950074
5.6230497,6.1430497,5.08305,5.58305,5.36305,5.58305,5.1630497,5.45305,4.08305,5.1230497,2.88305,4.15305,4.95305,4.63305,3.4930499,3.4730499,4.01305,4.05305,4.25305,3.7630498,5.00305,5.1630497,4.70305,4.8930497,5.08305,5.17305,5.56305,4.67305,5.04305,4.3730497,2.2730498,1.52305,2.5430498,3.0030499,1.4430499,1.74305,0.71304995,0.42304993,-0.28695008,1.64305,0.8730499
4.55305,6.3930497,6.01305,5.78305,5.59305,5.70305,5.80305,5.8930497,4.71305,4.57305,3.13305,5.74305,4.48305,4.72305,5.77305,5.81305,3.59305,4.94305,4.32305,5.19305,5.53305,5.52305,5.90305,3.55305,4.46305,4.67305,4.95305,3.10305,3.40305,4.54305,3.2530499,3.2330499,2.82305,2.59305,1.8530499,3.0230498,1.5730499,2.55305,2.0030499,0.64304996,-0.046950072
