wind_kz.json
{"header": {"discipline":0,"disciplineName":"Meteorological products","gribEdition":2,"gribLength":1025,"center":7,"centerName":"US National Weather Service - NCEP(WMC)","subcenter":0,"refTime":"2025-04-05T18:00:00.000Z","significanceOfRT":1,"significanceOfRTName":"Start of forecast","productStatus":0,"productStatusName":"Operational products","productType":1,"productTypeName":"Forecast products","productDefinitionTemplate":0,"productDefinitionTemplateName":"Analysis/forecast at horizontal level/layer at a point in time","parameterCategory":2,"parameterCategoryName":"UnknownDiscipline_0_Category_2","parameterNumber":2,"parameterNumberName":"UnknownParameter_D0_C2_2","parameterUnit":"Unknown","genProcessType":2,"genProcessTypeName":"Forecast","forecastTime":240,"surface1Type":103,"surface1TypeName":"Specified height level above ground","surface1Value":10.0,"surface2Type":255,"surface2TypeName":"Missing","surface2Value":0.0,"gridDefinitionTemplate":0,"gridDefinitionTemplateName":"Latitude_Longitude","numberPoints":615,"shape":6,"shapeName":"Earth spherical with radius of 6,371,229.0 m","gridUnits":"degrees","resolution":48,"winds":"true","scanMode":64,"nx":41,"ny":15,"basicAngle":0,"lo1":47.0,"la1":41.0,"lo2":87.0,"la2":55.0,"dx":1.0,"dy":1.0}, "data":
[rows 0 to 14 of 15, columns 0 to 40 of 41]
5.4180446,-1.2219555,0.40804443,-1.5219556,1.9980445,4.528044,2.1180444,3.3280444,-2.9119556,-2.7219555,-2.9719555,-4.6019554,-3.2419555,-2.4719555,-2.0519555,-2.9619555,-2.3219557,-3.3919556,-4.4419556,-4.8019557,-4.5719557,-1.4119556,2.2380445,4.1180444,-1.5219556,2.7580445,-1.8219556,-0.69195557,-0.6119556,0.10804443,-2.3419557,2.1180444,-0.061955567,2.9880445,1.6780444,1.9580444,2.3480444,2.3880444,2.1580443,2.8280444,2.7580445
3.0980444,0.06804443,0.25804442,2.0080445,3.1180444,5.6580443,3.2480445,2.1880445,-3.3519557,-3.9919555,-4.0619555,-2.3619556,-3.7219555,-1.2319555,-0.90195554,-3.6419556,-2.9319556,-2.2419555,-1.0919555,-2.7119555,-2.6219556,0.07804444,0.49804443,0.61804444,0.10804443,-0.8019556,-0.19195557,-0.051955566,-3.6719556,-0.9819556,-0.29195556,-0.57195556,1.7680445,-3.0019555,-0.22195557,0.31804442,0.43804443,0.12804443,-0.13195556,2.7780445,2.5780444
-0.8019556,-2.0719557,2.4080443,4.0680447,4.5980444,2.9180443,1.9180444,2.8280444,-5.6619554,-3.9019556,-2.7119555,-2.9319556,-4.0019555,-4.0719557,-3.7819555,-3.6619556,-3.2219555,-2.6419556,-5.721956,-3.2019556,-2.1319556,-4.7519555,-4.0819554,-3.8219557,-1.8719555,-2.0119555,-1.5019555,3.0980444,1.2180444,-0.69195557,-2.3719556,0.40804443,0.85804445,-0.48195556,-1.0219556,-2.5819557,-0.6619556,0.7580444,-0.9919556,0.15804443,2.0380445
-2.5919557,0.26804444,1.7380444,2.4580445,1.1580445,0.7580444,0.86804444,1.7680445,-4.9919558,-4.5019555,-5.8019557,-5.8319554,-6.4319553,-4.721956,-4.1719556,-4.0219555,-4.0719557,-3.3019555,-4.471956,-5.5119557,-2.2919555,-4.8919554,-0.72195554,-1.9119556,-0.82195556,-0.94195557,-0.30195558,-4.0119557,-1.5419556,1.6580445,1.1480445,-1.1519556,3.9580445,4.8280444,1.2580445,0.23804444,-1.7119555,2.6280444,1.9480444,0.98804444,-0.52195555
0.29804444,1.8580444,1.6480445,2.6480443,2.4680445,1.4680444,2.0380445,-3.2419555,-4.9819555,-5.3319554,-4.8719554,-4.221956,-6.4919558,-4.5719557,-3.7119555,-4.5219555,-4.1019554,-2.9719555,-3.1819556,-3.4019556,-5.0619555,-5.2119555,-2.3319557,0.19804443,-1.8619555,-2.3919556,-3.9219556,0.6880444,0.8880444,1.8580444,2.0480444,-0.16195557,-0.58195555,-0.65195554,-0.9119556,0.55804443,-3.5019555,-2.0019555,-2.8319557,-2.7719555,-3.0319555
3.2680445,1.9580444,3.6380444,3.4780445,1.9880444,0.7680444,1.1580445,-4.6419554,-5.3919554,-5.2519555,-4.5319557,-3.4019556,-3.3719556,-4.2619557,-1.5019555,-3.4219556,-4.4919558,-3.7819555,-2.8119555,-2.9419556,-3.1219556,-3.0219555,-3.5319555,-4.1419554,-3.7719555,-2.7019556,-1.5719556,-1.2119555,-0.82195556,0.008044434,2.4780445,4.1080446,4.1180444,5.0180445,2.7080445,-0.97195554,1.9180444,1.7480445,1.3080444,-1.4819555,-1.0319556
3.2680445,3.6980445,1.0580444,2.4680445,1.8980445,0.55804443,1.5580444,-4.6219554,-3.7819555,-4.1619554,-3.6619556,-3.2219555,-1.4519556,-1.2719556,-0.061955567,-3.6419556,-3.6119556,-4.0819554,-3.3119555,-3.2719555,-2.8319557,-2.7119555,-2.5519555,-2.7119555,-2.5419555,-2.4319556,-2.3619556,-2.9419556,-3.5619555,-5.0319557,-2.3819556,-4.7719555,-2.5419555,-0.44195557,-0.08195557,-0.40195557,-1.2719556,3.2580445,-0.76195556,1.0880444,0.9480444
2.2080445,3.4680445,1.2180444,1.0280445,0.018044434,1.5780444,-0.42195556,-3.1319556,-2.7319555,-3.4219556,-2.2119555,-1.4919555,-0.33195555,-0.41195557,0.98804444,-1.6719556,-3.7819555,-3.0119555,-3.2119555,-3.2819555,-2.4719555,-2.4519556,-1.8219556,-2.0319555,-1.2319555,-1.1119555,-1.1919556,-0.65195554,-2.1419556,-4.0019555,-5.2419558,-2.8619556,-5.4919558,-2.5019555,-0.82195556,3.1280444,6.2380443,4.798044,2.4380445,2.0780444,-1.1319556
2.4280443,3.3480444,3.7680445,3.0680444,1.0280445,0.35804445,1.1480445,-1.5019555,-1.4719555,-1.7019556,-1.0219556,-0.49195558,1.5380445,0.8780444,2.0480444,-1.1619556,-2.5119555,-2.9019556,-3.2419555,-2.9619555,-1.9419556,-0.8719556,-1.2019556,-0.7919556,-0.6219556,-0.43195558,-0.25195557,-0.63195556,0.54804444,-1.4919555,-3.8319557,-1.9319556,0.21804443,1.2080444,1.2480445,2.9680445,0.6280444,-1.5619556,-0.84195554,0.6980444,-0.88195556
0.27804443,1.1380445,-0.08195557,-1.7519555,-2.0319555,0.59804446,1.0180445,0.59804446,-0.39195555,0.19804443,-0.10195556,0.98804444,-0.08195557,0.48804444,-1.7219555,-2.3219557,-3.3419557,-2.9319556,-2.4719555,-2.0719557,-0.25195557,1.2180444,1.4080445,1.3480444,1.1580445,0.67804444,0.27804443,0.72804445,0.92804444,0.5780444,0.8880444,0.27804443,0.118044436,3.1180444,3.4580445,3.5680444,1.4680444,2.1780443,0.27804443,1.0380445,0.028044434
-0.83195555,-1.2319555,-1.3319556,-2.1619556,-2.2219555,-3.8519557,-3.2519555,-2.8419557,-1.4619555,0.33804443,0.39804444,1.9680444,0.79804444,0.18804443,0.14804444,-2.8819556,-3.2119555,-2.2519555,-2.2819555,-0.44195557,1.4680444,2.0580444,2.5780444,2.9880445,2.4780445,2.0680444,1.9480444,1.8380444,1.8380444,1.7880445,2.3280444,1.4080445,1.7180444,1.5580444,4.7680445,0.8980444,0.18804443,-0.52195555,1.0180445,0.48804444,-0.6819556
0.67804444,0.038044434,-1.1619556,-1.6019555,-2.0819557,-2.8019555,-3.1819556,-3.8419557,-3.2519555,-3.0319555,-2.8019555,-3.0719557,-3.6919556,-5.1719556,-4.5819554,-2.9919555,-2.2119555,-1.5119556,-1.2619556,0.9580444,2.1380444,3.0080445,3.0080445,2.8780444,2.8080444,3.3680444,3.1880445,3.3480444,3.3980443,2.8380444,2.7080445,1.8580444,1.5780444,2.3080444,2.4880445,2.6580443,2.1480443,2.6580443,3.3080444,4.3180447,1.7880445
0.37804443,-0.041955568,-0.39195555,-0.42195556,-1.4419556,-1.7519555,-2.7719555,-1.8819556,-2.3619556,-3.1119556,-1.3419555,-2.5119555,-3.4419556,-2.8519557,-2.7419555,-0.6819556,-1.3719555,-0.32195556,-0.34195557,1.1180444,1.7980444,2.6580443,2.5580444,2.8780444,3.4680445,3.4880445,3.4280443,3.5480444,3.6680443,3.0880444,2.7680445,3.1380444,2.6980445,3.0080445,4.4780445,4.3980446,3.0180445,2.1580443,4.3880444,4.9680443,4.2180443
0.8280444,0.65804446,0.27804443,-0.31195557,-1.0719556,-0.51195556,-0.78195554,-1.6519556,-1.7519555,-1.4919555,-1.5519556,-1.9519556,-0.63195556,0.39804444,0.10804443,0.25804442,0.74804443,1.3680444,1.6580445,2.1880445,2.8580444,3.4180443,2.8680444,4.0880446,4.6480446,3.9580445,3.8780444,4.1680446,3.7880445,3.6280444,3.5280445,3.3280444,3.4380445,3.1080444,4.8880444,4.9480443,5.1280446,2.7980444,3.4880445,3.8280444,4.298044
0.44804442,2.2680445,-0.25195557,-0.19195557,-1.0319556,-1.3919556,-1.7519555,-2.4319556,-2.0119555,-1.4019556,-1.6319556,-1.3119556,-1.3619555,-0.8719556,-1.0319556,-0.061955567,0.7580444,0.66804445,0.44804442,1.3380444,2.2380445,3.3680444,2.8280444,3.4880445,3.9280443,3.4280443,5.2680445,6.298044,5.4880443,5.3380446,4.5380445,4.1180444,4.2380443,4.1580443,4.8580446,5.4680443,2.9480445,3.9480445,4.9580445,5.6580443,3.4580445
