wind_kz.json
{"header": {"discipline":0,"disciplineName":"Meteorological products","gribEdition":2,"gribLength":1025,"center":7,"centerName":"US National Weather Service - NCEP(WMC)","subcenter":0,"refTime":"2023-09-26T06:00:00.000Z","significanceOfRT":1,"significanceOfRTName":"Start of forecast","productStatus":0,"productStatusName":"Operational products","productType":1,"productTypeName":"Forecast products","productDefinitionTemplate":0,"productDefinitionTemplateName":"Analysis/forecast at horizontal level/layer at a point in time","parameterCategory":2,"parameterCategoryName":"UnknownDiscipline_0_Category_2","parameterNumber":2,"parameterNumberName":"UnknownParameter_D0_C2_2","parameterUnit":"Unknown","genProcessType":2,"genProcessTypeName":"Forecast","forecastTime":60,"surface1Type":103,"surface1TypeName":"Specified height level above ground","surface1Value":10.0,"surface2Type":255,"surface2TypeName":"Missing","surface2Value":0.0,"gridDefinitionTemplate":0,"gridDefinitionTemplateName":"Latitude_Longitude","numberPoints":615,"shape":6,"shapeName":"Earth spherical with radius of 6,371,229.0 m","gridUnits":"degrees","resolution":48,"winds":"true","scanMode":64,"nx":41,"ny":15,"basicAngle":0,"lo1":47.0,"la1":41.0,"lo2":87.0,"la2":55.0,"dx":1.0,"dy":1.0}, "data":
[rows 0 to 14 of 15, columns 0 to 40 of 41]
-2.1578834,-0.6178833,0.8821167,-2.4878833,-1.1578833,-0.9378833,1.9121166,-0.9378833,-3.8578832,-0.9678833,0.062116697,1.6321167,2.0221167,-2.5478833,-1.3578833,-1.1978832,1.1721168,1.2321167,-1.3578833,-0.6578833,0.2221167,-0.7778833,-1.6978832,0.2021167,-1.6778833,-2.7578833,-1.5678833,1.1421167,-1.1578833,0.2921167,-0.9378833,1.2321167,-0.0878833,-0.7678833,-1.6678833,-1.9578834,-3.2678833,-2.9478834,-1.9678833,-2.7778833,-3.4578834
1.1021167,0.8621167,-1.6778833,-2.6678834,-1.5078833,-0.4278833,-0.4778833,-2.5978832,-2.4978833,-3.8478832,-2.8578832,-1.5078833,2.2821167,-0.007883301,-1.3978833,-0.1378833,-0.6378833,-3.2578833,-2.1378832,-0.6178833,0.1821167,-0.9378833,-0.1478833,-0.8478833,0.1621167,1.0421166,-0.5778833,1.5521168,-1.6178833,-0.2278833,-0.2178833,-0.0778833,-1.3878833,-1.9678833,-0.4078833,0.5921167,-0.3578833,-0.8278833,-0.9878833,0.0521167,-4.4578834
-1.1078833,-4.157883,-4.0278835,-3.0478833,0.9021167,-0.2378833,-2.5178833,-1.8778833,-3.3278832,-1.9878833,-0.7878833,-0.4878833,-1.1178833,1.1321167,-0.7978833,-2.1278832,-3.9378834,-2.1778834,0.3321167,1.5621167,1.8821167,2.8521166,1.1721168,-0.9178833,-0.0378833,-0.4278833,0.6321167,-3.0178833,-2.9478834,-0.2378833,0.3421167,1.9621167,0.7021167,0.7621167,-0.2278833,-1.9678833,0.1921167,0.1521167,2.3221166,-0.2478833,1.9321167
-4.1078835,-6.117883,-5.7978835,-4.4178834,-4.7878833,-2.3678832,-1.1278833,-1.6478833,-0.4578833,-0.9978833,-0.2378833,2.1121168,3.2621167,3.0821166,2.6221168,-0.3578833,-2.4578834,-1.6278833,0.5921167,0.8621167,1.1721168,-0.007883301,5.1221166,0.9921167,-1.2378833,-1.7578833,-0.8378833,0.1421167,1.3021168,3.0221167,-0.1578833,0.1521167,1.6321167,-0.6778833,-0.7778833,-1.0678833,-1.5778832,2.4121168,-0.107883304,-0.1378833,-0.2878833
-3.4178834,-4.967883,-4.6878834,-4.2478833,-2.6278832,-0.9878833,0.37211668,1.3121167,-1.7178833,0.9121167,2.0021167,4.1421165,6.7021165,3.4321167,1.3821167,-0.19788331,-2.5778832,-1.0378833,-0.0978833,0.9221167,1.8321167,1.5721167,1.1721168,-0.5278833,0.6021167,2.5021167,2.4121168,0.7321167,2.0521166,-3.3878832,-4.1678834,-2.9978833,-1.4378833,1.7721167,0.1621167,-0.2778833,-1.2478833,-2.6778834,-2.6878834,-2.2278833,-1.6278833
-1.9678833,-2.6978834,-1.8678833,-1.9678833,0.0121166995,-1.8678833,-1.9978833,-1.4178833,-0.9378833,0.8621167,2.2221167,2.7421167,0.4921167,-5.3278832,-3.5878832,-3.2578833,-2.5378833,-1.3878833,0.0321167,1.8921167,0.3821167,-0.6278833,-0.8878833,-1.1978832,-0.7878833,-0.7978833,2.2221167,-1.6478833,-4.177883,-4.447883,-4.4178834,-4.2078834,-3.7978833,-2.9778833,-0.5378833,-2.0578833,-0.047883302,-0.6078833,-0.4778833,-2.9578834,-2.8578832
-4.4778833,-4.157883,-3.0578833,-2.3678832,-1.7078834,-1.5178833,-1.8678833,-0.7578833,-0.7378833,0.022116698,0.4021167,-1.7878833,-5.6878834,-5.0678835,-3.6178832,-2.4978833,-1.6978832,-0.3478833,-0.1478833,0.5721167,-0.1778833,-1.1378833,-0.9178833,-0.5978833,-1.1378833,-1.8978833,-1.6078833,-0.5878833,-2.6878834,-3.7178833,-2.9578834,-2.0378833,-0.1278833,-1.3978833,-2.3778832,-2.5978832,-1.2978833,2.3521166,-1.6678833,1.2121167,-0.5878833
-3.4878833,-3.3178833,-3.5778832,-2.7078834,-1.1978832,-1.0478833,-1.3078833,-0.8878833,-0.6678833,-0.7878833,-1.2378833,-1.8378834,-1.2478833,-1.6678833,0.0521167,0.6621167,1.6621166,-1.1578833,-0.9378833,-0.7078833,-0.2078833,-0.9278833,-1.8378834,-2.2778833,-2.6078832,-1.9278833,-1.8378834,-0.1378833,0.7821167,-1.3078833,-1.6078833,1.3021168,-1.3978833,0.4321167,-1.1578833,-1.2478833,-2.7578833,-7.8078833,-4.0478835,-3.2178833,-2.4578834
-3.2078834,-3.5078833,-3.0378833,-1.8178833,-1.7378833,-0.5678833,-0.5878833,-0.7978833,-1.3078833,-0.6278833,-0.5278833,-1.6378833,-0.0978833,-0.1578833,2.4921167,3.3421166,-0.0878833,-1.7778833,-1.2978833,-0.8878833,0.2121167,-0.2978833,-1.6778833,-1.1778833,-1.8778833,-0.8478833,-1.2278833,-1.6778833,-0.5478833,-1.0178833,-2.8378832,-1.4178833,-0.5378833,-0.5378833,-1.6378833,-2.7778833,-0.2678833,-1.9878833,-0.8178833,1.3221167,-1.8378834
-2.8078833,-2.3878832,-1.5178833,-0.4278833,-0.6378833,-0.5078833,-0.6778833,-0.9078833,-1.1978832,-0.5378833,-0.047883302,-2.5578833,-1.5878834,-1.5478833,-1.0778832,-3.4478834,-1.9478832,-3.3978834,-0.1878833,0.6621167,0.9921167,0.6221167,0.2921167,1.5721167,0.5521167,1.1321167,-0.7678833,0.0021166992,-1.6478833,-2.2278833,-1.1578833,0.062116697,0.6321167,-0.0378833,-0.3878833,-1.7678833,-2.6278832,-0.8278833,-0.9678833,0.8321167,-1.2478833
-1.5578833,-1.3178833,-0.1878833,0.0121166995,-0.3178833,-0.5778833,-0.4578833,-0.0278833,-0.7478833,0.1021167,0.9321167,-0.2578833,-1.4978833,-1.3778833,0.5521167,0.9521167,1.0321167,1.9221168,1.0921167,1.2121167,0.8621167,1.3221167,1.6421167,0.5021167,0.8021167,0.8221167,0.3021167,2.2321167,0.3021167,-0.1578833,0.3421167,1.7721167,2.4121168,2.1821167,1.7421167,-0.3178833,-1.3578833,0.2421167,-0.9778833,1.5221167,-0.5678833
0.5921167,0.8821167,0.8221167,-0.2578833,0.8321167,0.7321167,0.8621167,0.7121167,0.2121167,-0.2678833,-0.4478833,0.6521167,-1.5478833,0.0921167,0.4121167,0.7621167,1.0121167,1.3921167,1.6421167,2.4321167,2.3021166,2.0621166,1.9621167,1.3121167,2.6621168,0.7521167,0.7321167,1.6021167,1.5221167,1.2521167,1.6921167,2.4321167,2.6921167,2.5121167,2.3121166,3.0421166,1.5821167,-0.6378833,0.3521167,-0.1778833,-0.3378833
1.8321167,1.5421166,0.2821167,1.6521167,2.0821166,1.3721167,1.4521167,0.8821167,0.8721167,0.3921167,0.0721167,1.0021167,0.0921167,0.1921167,1.1821167,2.5421166,2.7621167,2.7821167,2.3921168,2.1121168,1.9321167,2.5721166,2.6421168,2.7921166,2.3821168,2.4821167,3.2321167,2.6721168,3.4921167,1.0621167,1.8621167,2.3621168,2.5221167,3.7821167,4.4721165,3.8021166,3.0821166,0.7621167,-0.0578833,-0.4378833,-1.1378833
2.5321167,2.3621168,2.4421167,2.6921167,1.9721167,1.9321167,1.4821167,1.5921167,1.2121167,1.5621167,0.7221167,1.1021167,1.8621167,1.9821167,2.1721168,2.3821168,0.4821167,1.4321167,3.0621166,2.9021168,2.6721168,2.6721168,2.7721167,3.2021167,2.6021166,2.5821166,2.8521166,2.5221167,4.0421166,-1.7478833,0.8521167,2.2021167,1.7921166,2.4521167,2.3221166,1.1921167,0.2721167,-0.0178833,-1.7378833,-0.4378833,-0.6578833
1.8521167,2.5921166,3.7921166,3.1121168,3.4121168,2.6621168,3.1021166,2.4321167,2.7421167,2.0821166,1.2621167,1.6721168,1.5821167,1.1821167,3.3721168,2.2121167,3.3121166,3.1621168,2.7221167,3.2721167,3.1521168,2.5421166,2.3421166,2.6821167,3.0121167,2.7321167,2.4121168,1.8921167,1.9021167,1.0121167,1.8521167,2.8121166,1.7921166,1.9721167,0.6821167,-0.0978833,-0.007883301,-0.0878833,-1.0278833,-0.6478833,-1.4578834
