wind_kz.json
{"header": {"discipline":0,"disciplineName":"Meteorological products","gribEdition":2,"gribLength":794,"center":7,"centerName":"US National Weather Service - NCEP(WMC)","subcenter":0,"refTime":"2025-04-05T18:00:00.000Z","significanceOfRT":1,"significanceOfRTName":"Start of forecast","productStatus":0,"productStatusName":"Operational products","productType":1,"productTypeName":"Forecast products","productDefinitionTemplate":0,"productDefinitionTemplateName":"Analysis/forecast at horizontal level/layer at a point in time","parameterCategory":2,"parameterCategoryName":"UnknownDiscipline_0_Category_2","parameterNumber":3,"parameterNumberName":"UnknownParameter_D0_C2_3","parameterUnit":"Unknown","genProcessType":2,"genProcessTypeName":"Forecast","forecastTime":120,"surface1Type":103,"surface1TypeName":"Specified height level above ground","surface1Value":10.0,"surface2Type":255,"surface2TypeName":"Missing","surface2Value":0.0,"gridDefinitionTemplate":0,"gridDefinitionTemplateName":"Latitude_Longitude","numberPoints":615,"shape":6,"shapeName":"Earth spherical with radius of 6,371,229.0 m","gridUnits":"degrees","resolution":48,"winds":"true","scanMode":64,"nx":41,"ny":15,"basicAngle":0,"lo1":47.0,"la1":41.0,"lo2":87.0,"la2":55.0,"dx":1.0,"dy":1.0}, "data":
[rows 0 to 14 of 15, columns 0 to 40 of 41]
7.2548018,2.454802,-2.745198,-9.145198,-9.845198,-9.145198,-6.545198,-1.6451981,-3.3451982,-4.045198,8.554802,7.954802,6.654802,5.554802,4.054802,2.454802,1.8548019,0.25480193,0.05480194,-0.14519806,1.3548019,-0.34519807,-1.6451981,-2.045198,-1.5451981,-1.445198,-1.5451981,0.9548019,1.254802,2.554802,-1.245198,1.054802,2.1548018,-2.745198,-4.945198,-0.94519806,-2.745198,1.9548019,0.05480194,-0.04519806,2.454802
5.654802,-1.6451981,-5.945198,-8.645198,-8.745198,-6.645198,-5.2451982,1.154802,-0.84519804,-3.945198,4.7548018,3.754802,5.854802,4.154802,3.054802,1.654802,2.554802,0.15480193,-0.24519806,0.15480193,1.3548019,0.05480194,0.85480195,1.554802,-2.645198,-0.14519806,-3.645198,1.9548019,0.25480193,0.65480196,3.1548018,4.2548018,-1.245198,-0.44519806,-4.445198,-0.5451981,-2.245198,-2.945198,0.65480196,-3.145198,-2.3451982
-3.045198,-5.545198,-7.2451982,-8.545198,-10.745198,-3.245198,3.6548018,0.05480194,-1.1451981,-4.145198,4.454802,5.354802,4.454802,4.954802,3.854802,4.554802,2.854802,2.854802,1.754802,0.65480196,0.05480194,-2.045198,-3.3451982,-0.84519804,-0.84519804,0.7548019,-0.04519806,-0.14519806,-0.64519805,1.3548019,4.854802,1.3548019,1.154802,0.9548019,-1.745198,1.254802,3.254802,-0.94519806,0.45480195,-2.545198,-3.445198
-2.945198,-4.345198,-5.545198,-6.845198,-7.945198,-6.945198,-9.145198,-1.245198,-1.345198,-2.3451982,-1.445198,5.854802,6.554802,4.454802,4.354802,4.854802,4.454802,3.454802,4.154802,3.6548018,2.754802,-1.0451981,1.754802,-2.245198,-2.3451982,-1.6451981,-1.345198,-2.045198,0.15480193,-0.64519805,-1.245198,-0.34519807,-2.145198,-0.84519804,-0.84519804,-3.8451982,-2.445198,-0.04519806,1.654802,1.3548019,2.754802
-3.745198,-5.145198,-6.045198,-5.045198,-4.945198,-5.945198,-5.7451982,-3.145198,-0.5451981,-2.145198,-3.645198,4.7548018,8.054802,7.854802,4.854802,4.854802,3.554802,1.554802,2.6548018,1.554802,1.9548019,1.4548019,0.9548019,-0.24519806,-1.345198,-2.245198,-2.745198,-2.245198,-2.145198,-2.745198,-3.245198,0.85480195,2.054802,3.6548018,-1.5451981,-0.84519804,-1.6451981,1.254802,1.054802,1.9548019,1.654802
-2.145198,-2.3451982,-4.645198,-4.7451982,-5.045198,-7.2451982,-3.445198,-0.84519804,-0.94519806,1.4548019,-0.44519806,2.254802,1.4548019,6.7548018,6.7548018,6.154802,4.154802,5.854802,4.154802,2.954802,2.354802,2.454802,2.354802,0.85480195,0.85480195,-0.14519806,-0.84519804,-1.5451981,-2.245198,-3.045198,-3.445198,-2.645198,-1.1451981,-2.8451982,1.3548019,0.85480195,3.054802,2.254802,-0.94519806,1.654802,3.854802
-2.045198,-2.945198,-4.7451982,-6.345198,-6.945198,-6.7451982,-6.345198,-5.2451982,0.25480193,2.554802,-0.94519806,3.854802,3.554802,3.6548018,6.154802,8.354802,7.454802,6.154802,5.854802,4.454802,3.554802,4.154802,3.6548018,2.754802,2.854802,2.054802,0.9548019,0.15480193,-1.445198,-1.6451981,-3.045198,-4.845198,-5.345198,-0.34519807,-0.7451981,-1.445198,-3.245198,-3.045198,-1.845198,-1.345198,-0.04519806
-0.84519804,-2.445198,-4.045198,-5.345198,-6.145198,-6.2451982,-6.545198,-5.145198,-3.3451982,2.854802,3.754802,1.4548019,5.854802,5.054802,2.554802,8.554802,7.954802,6.954802,6.554802,6.554802,4.154802,4.154802,3.6548018,4.854802,3.6548018,1.8548019,3.1548018,0.7548019,0.7548019,0.35480195,-0.84519804,-1.745198,-3.145198,-3.8451982,-1.345198,-0.64519805,-0.34519807,-0.44519806,1.154802,0.35480195,-0.64519805
-1.5451981,-3.045198,-3.645198,-5.645198,-6.045198,-5.845198,-5.645198,-3.8451982,-1.1451981,-1.445198,4.654802,3.554802,6.654802,6.7548018,4.654802,3.254802,9.554802,8.354802,7.654802,7.054802,6.2548018,4.2548018,4.854802,4.454802,3.854802,3.954802,2.754802,2.354802,2.554802,1.554802,1.4548019,1.654802,1.9548019,0.25480193,-0.14519806,-1.345198,-3.245198,-2.145198,-3.445198,-2.8451982,-3.945198
0.65480196,-1.245198,-2.045198,-4.045198,-5.145198,-5.945198,-5.445198,-4.7451982,-1.845198,1.3548019,5.2548018,7.7548018,5.654802,7.7548018,9.854802,4.954802,10.054802,9.354802,8.854802,7.354802,7.054802,7.2548018,4.7548018,4.554802,4.654802,3.354802,3.6548018,2.854802,2.954802,3.854802,3.754802,3.354802,2.754802,0.7548019,-0.44519806,-0.44519806,0.35480195,-2.545198,-0.84519804,0.9548019,0.7548019
1.3548019,0.7548019,-1.945198,-3.745198,-5.645198,-6.645198,-7.045198,-5.545198,-2.8451982,0.35480195,1.254802,7.554802,9.354802,10.254802,8.854802,9.954802,11.954802,11.054802,8.954802,7.7548018,6.854802,6.454802,6.554802,6.2548018,4.454802,4.654802,2.754802,3.254802,3.254802,3.554802,4.154802,4.154802,2.554802,1.9548019,0.65480196,0.35480195,0.45480195,1.8548019,1.054802,1.154802,-0.14519806
0.7548019,-1.445198,-2.245198,-2.045198,-4.645198,-6.845198,-7.545198,-6.645198,-5.7451982,-2.3451982,2.254802,4.454802,8.654802,11.454802,10.154802,12.054802,12.254802,10.854802,11.654802,9.854802,7.954802,7.154802,5.354802,4.2548018,4.654802,4.954802,4.554802,4.554802,4.854802,4.654802,5.054802,4.2548018,2.854802,3.054802,1.9548019,-0.24519806,-0.34519807,1.154802,1.3548019,1.054802,0.65480196
-0.04519806,-0.44519806,-2.745198,-2.045198,-1.945198,-3.445198,-5.7451982,-7.945198,-8.045198,-4.645198,1.4548019,4.954802,8.354802,10.154802,12.354802,12.854802,12.954802,12.254802,9.854802,8.754802,9.054802,8.454802,7.654802,6.454802,5.554802,4.954802,4.854802,4.054802,4.154802,4.954802,6.054802,5.854802,4.054802,4.154802,3.454802,3.254802,2.354802,0.7548019,1.254802,0.15480193,0.15480193
-1.5451981,-0.44519806,-1.845198,-2.545198,-2.145198,-3.445198,-5.045198,-7.545198,-8.145198,-6.7451982,1.554802,1.554802,-0.7451981,9.054802,10.454802,10.854802,11.954802,11.354802,9.454802,8.354802,9.054802,8.154802,6.354802,5.154802,4.554802,4.554802,4.2548018,4.054802,3.754802,4.154802,5.554802,6.154802,6.154802,5.7548018,3.954802,3.754802,2.954802,1.9548019,1.8548019,1.654802,1.3548019
-0.5451981,-1.5451981,-1.6451981,-2.045198,-2.945198,-2.445198,-3.745198,-4.945198,-8.045198,-8.045198,-4.445198,-1.745198,0.65480196,-2.545198,-0.5451981,8.454802,8.954802,7.654802,4.654802,7.2548018,8.554802,7.154802,6.7548018,5.354802,4.654802,4.354802,4.954802,4.7548018,4.854802,4.2548018,4.954802,6.654802,6.554802,5.7548018,5.954802,5.654802,5.654802,5.554802,3.1548018,3.354802,1.4548019
