wind_kz.json
{"header": {"discipline":0,"disciplineName":"Meteorological products","gribEdition":2,"gribLength":871,"center":7,"centerName":"US National Weather Service - NCEP(WMC)","subcenter":0,"refTime":"2023-08-18T18:00:00.000Z","significanceOfRT":1,"significanceOfRTName":"Start of forecast","productStatus":0,"productStatusName":"Operational products","productType":1,"productTypeName":"Forecast products","productDefinitionTemplate":0,"productDefinitionTemplateName":"Analysis/forecast at horizontal level/layer at a point in time","parameterCategory":0,"parameterCategoryName":"UnknownDiscipline_0_Category_0","parameterNumber":0,"parameterNumberName":"UnknownParameter_D0_C0_0","parameterUnit":"Unknown","genProcessType":2,"genProcessTypeName":"Forecast","forecastTime":240,"surface1Type":1,"surface1TypeName":"Ground or water surface","surface1Value":0.0,"surface2Type":255,"surface2TypeName":"Missing","surface2Value":0.0,"gridDefinitionTemplate":0,"gridDefinitionTemplateName":"Latitude_Longitude","numberPoints":615,"shape":6,"shapeName":"Earth spherical with radius of 6,371,229.0 m","gridUnits":"degrees","resolution":48,"winds":"true","scanMode":64,"nx":41,"ny":15,"basicAngle":0,"lo1":47.0,"la1":41.0,"lo2":87.0,"la2":55.0,"dx":1.0,"dy":1.0}, "data":
[rows 0 to 14 of 15, columns 0 to 40 of 41]
297.7964,287.19638,292.69638,298.7964,298.2964,297.09637,299.59637,300.59637,298.09637,297.59637,296.2964,298.2964,297.59637,297.59637,296.3964,293.4964,294.4964,294.9964,294.2964,294.19638,294.4964,291.19638,289.8964,287.2964,290.59637,289.59637,286.59637,271.4964,271.59637,264.3964,264.3964,267.9964,283.2964,289.4964,295.2964,298.09637,297.2964,299.8964,301.69638,301.09637,300.3964
279.9964,291.8964,298.69638,298.8964,298.59637,296.9964,298.9964,297.3964,296.4964,295.8964,297.4964,295.3964,294.59637,293.69638,292.7964,292.7964,293.4964,293.2964,291.7964,291.59637,292.09637,293.19638,289.8964,283.19638,269.09637,271.2964,282.59637,272.69638,275.69638,264.9964,273.3964,254.59639,271.19638,265.2964,271.09637,290.8964,292.69638,297.2964,302.4964,293.3964,284.09637
294.9964,298.8964,299.2964,298.9964,296.7964,298.2964,297.19638,296.69638,296.09637,295.09637,294.2964,294.4964,291.69638,292.4964,294.8964,292.2964,291.2964,290.59637,290.8964,291.69638,293.9964,291.8964,293.59637,287.3964,287.19638,288.3964,288.2964,285.69638,285.69638,276.59637,260.3964,269.3964,278.09637,277.8964,280.19638,279.7964,272.4964,276.3964,277.8964,280.4964,279.8964
295.19638,299.2964,298.8964,297.9964,296.3964,296.2964,296.2964,296.7964,296.59637,295.69638,294.3964,293.4964,295.3964,294.69638,292.19638,291.4964,293.69638,291.4964,290.7964,290.8964,290.9964,286.8964,292.19638,292.3964,289.8964,293.59637,294.69638,290.69638,287.9964,287.4964,286.4964,283.3964,288.7964,287.59637,286.59637,281.9964,273.7964,277.09637,281.3964,288.59637,292.59637
295.9964,299.09637,298.9964,298.4964,298.3964,298.3964,297.69638,298.3964,296.9964,296.59637,295.4964,293.59637,295.3964,293.9964,291.4964,295.09637,294.3964,292.7964,289.4964,294.2964,293.59637,292.59637,292.4964,291.2964,290.7964,290.8964,289.8964,292.4964,290.9964,290.3964,291.8964,285.9964,275.09637,266.4964,280.7964,290.19638,291.09637,295.8964,295.9964,294.09637,295.3964
293.9964,291.9964,297.4964,297.7964,298.4964,298.2964,298.8964,297.69638,298.09637,297.9964,297.69638,296.09637,294.4964,294.69638,293.19638,292.69638,293.9964,294.2964,293.19638,294.59637,292.4964,292.7964,289.9964,291.69638,291.09637,288.7964,290.3964,293.19638,292.59637,294.19638,290.59637,291.19638,288.19638,286.8964,284.3964,288.2964,280.4964,281.4964,288.7964,293.4964,293.2964
294.59637,293.69638,295.3964,296.4964,297.2964,295.8964,295.9964,296.69638,298.7964,299.59637,296.7964,296.9964,296.4964,295.19638,293.19638,294.7964,294.09637,294.19638,293.2964,292.09637,291.3964,292.4964,294.19638,291.9964,289.9964,290.8964,290.19638,291.7964,290.09637,290.9964,290.69638,288.7964,289.09637,289.7964,287.3964,285.2964,281.8964,279.69638,278.19638,282.59637,289.7964
296.9964,296.19638,297.4964,297.2964,299.4964,298.69638,297.7964,297.4964,297.3964,297.19638,295.4964,295.59637,294.8964,298.2964,298.8964,296.9964,293.4964,293.4964,290.69638,287.59637,287.2964,289.9964,289.09637,292.4964,287.2964,284.19638,286.09637,287.69638,287.09637,289.69638,287.69638,288.09637,285.9964,285.09637,284.2964,287.09637,288.3964,289.3964,289.69638,289.2964,286.69638
297.09637,298.09637,297.59637,296.59637,296.9964,298.4964,295.8964,295.59637,294.3964,295.19638,293.4964,293.4964,292.8964,294.09637,293.59637,292.8964,292.2964,294.19638,289.9964,286.9964,284.4964,287.3964,289.9964,291.19638,288.19638,286.59637,282.69638,281.3964,281.09637,280.4964,283.69638,284.19638,282.8964,287.69638,289.09637,283.7964,283.19638,284.4964,278.09637,280.8964,277.4964
296.59637,297.19638,295.7964,295.9964,296.7964,297.19638,296.3964,295.9964,295.4964,293.59637,291.59637,290.3964,291.19638,291.4964,290.59637,290.2964,290.2964,291.09637,288.7964,287.9964,288.8964,288.2964,289.59637,290.3964,288.2964,281.4964,281.09637,283.69638,282.3964,280.69638,280.8964,284.9964,286.3964,287.09637,287.09637,284.4964,281.8964,281.69638,280.09637,280.09637,280.9964
295.7964,295.69638,295.4964,295.8964,295.9964,295.8964,295.4964,292.4964,292.2964,292.59637,290.59637,289.3964,289.3964,287.8964,287.59637,287.59637,287.19638,286.9964,288.7964,284.69638,285.8964,287.8964,285.2964,284.2964,287.4964,287.09637,284.69638,284.19638,284.19638,285.2964,286.3964,285.19638,286.09637,286.8964,286.19638,284.4964,280.2964,280.09637,280.9964,280.2964,279.09637
294.09637,295.7964,296.19638,295.69638,295.09637,293.3964,291.7964,291.3964,291.8964,292.7964,289.7964,287.09637,287.19638,285.69638,285.09637,285.7964,285.3964,286.59637,289.19638,287.3964,284.59637,284.2964,287.4964,287.4964,286.2964,286.7964,282.59637,285.19638,286.7964,285.7964,284.59637,284.8964,285.7964,284.09637,287.3964,285.4964,285.3964,284.9964,284.3964,284.3964,284.19638
292.8964,293.69638,294.4964,293.09637,292.19638,291.09637,290.9964,290.19638,292.19638,290.7964,285.69638,282.8964,284.69638,283.69638,285.19638,285.19638,284.8964,284.69638,285.19638,286.8964,286.59637,285.69638,284.8964,284.69638,285.8964,286.4964,287.2964,286.9964,284.8964,283.9964,284.4964,284.09637,283.7964,283.4964,284.19638,286.19638,286.2964,285.59637,284.8964,284.59637,284.3964
294.3964,292.8964,291.59637,291.7964,289.19638,289.8964,290.3964,289.8964,290.69638,288.59637,284.19638,281.9964,281.2964,282.8964,282.9964,284.09637,283.19638,282.4964,283.4964,283.4964,283.2964,285.2964,285.4964,284.8964,283.2964,281.3964,281.69638,284.3964,284.2964,285.8964,285.69638,286.8964,283.59637,283.3964,282.9964,283.19638,284.7964,284.2964,284.59637,283.9964,284.59637
291.3964,289.69638,291.09637,289.7964,289.59637,289.3964,289.8964,289.69638,288.3964,285.59637,285.09637,282.8964,281.59637,280.59637,282.09637,283.19638,283.69638,282.7964,286.4964,284.9964,284.9964,284.3964,284.3964,283.69638,283.4964,282.8964,279.69638,280.4964,284.69638,285.4964,285.2964,283.8964,283.69638,282.19638,286.2964,286.19638,284.8964,285.59637,284.8964,284.59637,284.59637
