wind_kz.json
{"header": {"discipline":0,"disciplineName":"Meteorological products","gribEdition":2,"gribLength":871,"center":7,"centerName":"US National Weather Service - NCEP(WMC)","subcenter":0,"refTime":"2023-09-10T18:00:00.000Z","significanceOfRT":1,"significanceOfRTName":"Start of forecast","productStatus":0,"productStatusName":"Operational products","productType":1,"productTypeName":"Forecast products","productDefinitionTemplate":0,"productDefinitionTemplateName":"Analysis/forecast at horizontal level/layer at a point in time","parameterCategory":0,"parameterCategoryName":"UnknownDiscipline_0_Category_0","parameterNumber":0,"parameterNumberName":"UnknownParameter_D0_C0_0","parameterUnit":"Unknown","genProcessType":2,"genProcessTypeName":"Forecast","forecastTime":0,"surface1Type":1,"surface1TypeName":"Ground or water surface","surface1Value":0.0,"surface2Type":255,"surface2TypeName":"Missing","surface2Value":0.0,"gridDefinitionTemplate":0,"gridDefinitionTemplateName":"Latitude_Longitude","numberPoints":615,"shape":6,"shapeName":"Earth spherical with radius of 6,371,229.0 m","gridUnits":"degrees","resolution":48,"winds":"true","scanMode":64,"nx":41,"ny":15,"basicAngle":0,"lo1":47.0,"la1":41.0,"lo2":87.0,"la2":55.0,"dx":1.0,"dy":1.0}, "data":
[rows 0 to 14 of 15, columns 0 to 40 of 41]
289.65854,278.85855,282.65854,298.05853,297.85855,296.65854,293.05853,293.15854,290.55853,292.15854,292.45856,295.05853,295.85855,299.55853,299.05853,296.95856,295.45856,295.65854,294.85855,296.65854,298.55853,293.95856,293.05853,293.85855,295.45856,296.75854,293.75854,279.95856,278.05853,277.95856,276.65854,278.95856,289.65854,295.05853,295.75854,296.05853,296.05853,296.05853,296.45856,295.85855,296.45856
269.65854,281.95856,297.35855,297.55853,297.35855,295.55853,289.15854,288.15854,288.35855,289.65854,290.55853,290.95856,293.45856,292.65854,296.75854,297.75854,296.45856,293.85855,292.35855,293.15854,297.15854,295.45856,295.15854,288.15854,277.25854,277.85855,287.15854,280.45856,280.15854,276.95856,283.65854,271.65854,282.15854,259.15854,276.55853,292.15854,290.95856,294.15854,297.45856,289.35855,283.95856
284.45856,296.75854,297.55853,297.35855,295.25854,288.65854,285.75854,285.95856,285.25854,286.55853,287.15854,289.05853,290.95856,293.35855,295.65854,295.95856,293.35855,292.15854,291.45856,291.55853,295.55853,293.05853,293.45856,289.95856,291.85855,292.05853,291.85855,291.55853,292.55853,284.55853,277.45856,279.95856,283.25854,281.95856,283.85855,284.95856,278.35855,278.25854,280.05853,277.45856,275.35855
285.05853,295.85855,296.75854,296.25854,292.55853,287.65854,287.45856,285.75854,285.55853,285.75854,286.55853,289.05853,294.05853,293.25854,293.35855,295.55853,296.15854,294.55853,292.85855,291.55853,292.05853,290.15854,294.05853,294.65854,295.35855,295.45856,294.35855,293.75854,291.95856,291.25854,293.95856,291.35855,297.35855,292.55853,289.85855,289.95856,278.25854,276.15854,281.95856,289.05853,293.55853
288.55853,294.15854,295.25854,294.05853,291.35855,287.95856,286.85855,286.95856,286.15854,286.85855,288.25854,289.75854,293.45856,291.95856,290.15854,291.75854,293.85855,294.55853,293.55853,292.95856,294.05853,294.95856,293.95856,294.65854,293.95856,294.75854,292.95856,292.55853,292.35855,292.05853,295.15854,291.55853,283.75854,273.95856,284.85855,291.95856,294.15854,296.15854,295.95856,297.85855,298.25854
288.05853,283.95856,293.75854,293.05853,293.45856,292.65854,287.35855,287.75854,286.95856,286.25854,287.05853,287.55853,292.05853,293.05853,290.95856,289.05853,293.15854,294.25854,293.75854,292.05853,292.15854,292.05853,292.05853,292.25854,291.95856,290.45856,291.35855,291.25854,292.15854,294.45856,292.65854,293.45856,293.05853,291.65854,292.25854,292.75854,287.55853,288.75854,293.65854,295.65854,293.85855
285.05853,284.35855,287.35855,287.65854,290.35855,288.25854,288.05853,286.75854,288.15854,287.35855,286.75854,285.95856,286.15854,288.45856,290.45856,291.95856,292.75854,294.15854,293.15854,291.25854,290.65854,290.85855,290.85855,291.35855,290.05853,290.25854,290.15854,291.55853,289.45856,287.55853,288.15854,290.75854,292.25854,292.95856,293.65854,292.95856,288.25854,284.15854,283.85855,278.55853,289.95856
285.95856,286.25854,288.25854,287.35855,289.45856,289.15854,288.55853,289.45856,287.95856,287.85855,286.45856,285.65854,285.65854,286.15854,287.35855,290.85855,290.55853,290.85855,291.05853,289.45856,288.95856,287.35855,287.25854,287.95856,287.35855,284.95856,285.65854,286.45856,286.05853,287.65854,287.15854,288.45856,288.55853,289.25854,289.75854,291.05853,292.85855,289.55853,291.55853,290.25854,286.05853
289.75854,287.75854,288.55853,285.25854,288.25854,286.65854,286.15854,284.65854,286.25854,287.05853,286.35855,286.75854,285.35855,286.75854,286.65854,288.15854,289.15854,288.65854,286.65854,286.15854,285.55853,284.35855,284.95856,285.05853,284.15854,285.15854,283.95856,283.95856,283.95856,283.45856,284.05853,285.55853,290.85855,291.25854,291.25854,288.45856,288.35855,288.25854,277.85855,276.05853,274.45856
285.35855,289.55853,286.45856,286.85855,285.05853,285.25854,284.35855,285.25854,283.85855,282.35855,283.45856,285.25854,286.85855,287.35855,287.45856,288.05853,288.55853,288.15854,286.75854,285.95856,283.85855,283.45856,284.25854,284.45856,284.35855,284.75854,284.55853,285.25854,285.45856,286.05853,285.95856,289.25854,292.25854,293.45856,293.15854,291.25854,288.35855,284.65854,279.95856,278.55853,275.25854
285.75854,287.65854,284.25854,284.45856,282.75854,282.25854,282.55853,282.15854,284.75854,282.15854,282.05853,283.95856,285.85855,285.05853,285.35855,286.05853,286.75854,287.65854,287.25854,284.35855,284.65854,284.35855,283.35855,283.65854,283.55853,284.95856,284.05853,286.55853,287.05853,289.95856,290.55853,291.45856,290.75854,290.55853,293.05853,287.75854,285.55853,282.75854,278.65854,279.55853,277.55853
286.25854,289.85855,288.85855,286.65854,283.15854,283.55853,281.25854,279.25854,279.35855,282.55853,280.85855,281.45856,282.25854,280.25854,282.45856,283.75854,284.45856,285.85855,285.95856,284.95856,283.85855,282.45856,281.85855,283.05853,283.75854,284.15854,287.05853,287.95856,288.95856,289.85855,289.35855,288.95856,288.75854,287.35855,288.95856,287.05853,286.35855,285.25854,285.15854,284.45856,283.15854
283.45856,287.75854,287.65854,287.85855,285.35855,284.65854,282.85855,280.55853,277.35855,278.35855,276.85855,274.85855,279.25854,278.25854,279.05853,279.95856,283.35855,283.15854,284.25854,283.35855,282.75854,281.15854,281.15854,280.35855,281.95856,284.35855,287.65854,288.15854,288.55853,287.45856,287.65854,287.55853,287.55853,288.85855,289.15854,287.85855,285.35855,284.95856,283.25854,281.65854,281.15854
286.35855,287.75854,288.25854,287.95856,285.15854,284.65854,282.15854,280.85855,280.85855,280.55853,279.05853,279.65854,280.35855,281.45856,279.05853,280.95856,280.05853,281.35855,281.75854,281.75854,282.75854,282.85855,282.95856,282.25854,282.55853,284.45856,285.45856,286.85855,287.55853,287.15854,286.95856,284.85855,284.35855,283.95856,283.45856,282.45856,282.15854,281.65854,281.15854,280.35855,279.35855
282.95856,286.05853,289.25854,287.15854,284.85855,284.45856,283.65854,281.15854,281.55853,282.65854,282.85855,280.55853,279.15854,280.25854,279.55853,281.35855,279.75854,280.05853,282.65854,282.25854,282.55853,281.55853,281.15854,280.95856,281.25854,284.95856,286.15854,287.05853,287.25854,285.85855,284.65854,283.75854,282.45856,282.75854,281.45856,281.95856,282.05853,279.75854,280.05853,280.05853,279.55853
