wind_kz.json
{"header": {"discipline":0,"disciplineName":"Meteorological products","gribEdition":2,"gribLength":1025,"center":7,"centerName":"US National Weather Service - NCEP(WMC)","subcenter":0,"refTime":"2023-09-21T12:00:00.000Z","significanceOfRT":1,"significanceOfRTName":"Start of forecast","productStatus":0,"productStatusName":"Operational products","productType":1,"productTypeName":"Forecast products","productDefinitionTemplate":0,"productDefinitionTemplateName":"Analysis/forecast at horizontal level/layer at a point in time","parameterCategory":2,"parameterCategoryName":"UnknownDiscipline_0_Category_2","parameterNumber":3,"parameterNumberName":"UnknownParameter_D0_C2_3","parameterUnit":"Unknown","genProcessType":2,"genProcessTypeName":"Forecast","forecastTime":180,"surface1Type":103,"surface1TypeName":"Specified height level above ground","surface1Value":10.0,"surface2Type":255,"surface2TypeName":"Missing","surface2Value":0.0,"gridDefinitionTemplate":0,"gridDefinitionTemplateName":"Latitude_Longitude","numberPoints":615,"shape":6,"shapeName":"Earth spherical with radius of 6,371,229.0 m","gridUnits":"degrees","resolution":48,"winds":"true","scanMode":64,"nx":41,"ny":15,"basicAngle":0,"lo1":47.0,"la1":41.0,"lo2":87.0,"la2":55.0,"dx":1.0,"dy":1.0}, "data":
[rows 0 to 14 of 15, columns 0 to 40 of 41]
-1.1149024,-2.0649023,2.1550977,1.3450977,1.7950977,0.36509764,0.39509764,-0.024902344,-0.14490235,0.53509766,-2.1149023,-1.5649023,-2.3449023,-3.0949023,-4.1149025,-4.0049024,-3.6849024,-1.7149024,-2.7149024,-2.1549025,-1.7849023,-2.4049025,0.23509766,-2.1949024,-1.0649023,-1.1749023,-1.1749023,0.8850977,0.6950977,1.4450977,-0.96490234,1.2750976,0.7650977,-0.63490236,-0.06490234,-0.88490236,0.47509766,1.6250976,2.2950976,2.6350977,0.52509767
2.2450976,1.4850976,3.1350977,0.91509765,1.5450977,0.35509765,-1.2549024,1.4650977,1.6550976,1.0850977,0.18509765,-1.3249023,-2.0949023,-2.0549023,-4.164902,-4.2149024,-3.2749023,-3.2549024,-4.9049025,-4.704902,-3.7749023,-2.9049025,1.5250976,1.7250977,0.18509765,0.78509766,-1.6049024,1.4850976,-0.124902345,1.5850977,2.6150978,2.9350977,0.60509765,1.6850977,0.79509765,-0.21490234,1.3050977,-1.3049023,0.85509765,-1.9349023,0.66509765
3.0650976,3.4350977,2.0050976,0.7650977,-0.65490234,-1.9349023,-1.0549023,0.29509765,2.4550977,1.4250977,0.41509765,0.77509767,-1.5849023,-2.2349024,-3.1349022,-4.1949024,-3.7549024,-3.3249023,-3.2149024,-4.3849025,-4.3649025,-2.8949022,-3.0149024,-0.81490237,0.10509766,0.41509765,0.97509766,0.14509766,-0.44490233,1.0350976,1.5050976,0.59509766,1.4550977,0.78509766,1.5350976,2.0550976,0.31509766,0.19509766,-0.054902345,-0.24490234,0.61509764
-0.21490234,-0.13490234,-1.1749023,-1.8449024,-2.2749023,-2.1749024,-3.5449023,-3.2249024,-2.7549024,-1.1449023,2.2750976,2.1450977,-2.6649024,-3.8149023,-3.7049024,-3.5649023,-4.2549024,-4.224902,-3.5949023,-3.2449024,-4.6949024,-2.0749023,-1.7549024,-2.1449022,-1.1949023,0.34509766,-0.20490235,-1.6149024,0.81509763,-0.33490235,-1.5549023,-1.8349023,-0.82490236,0.22509766,-0.58490235,-2.0049024,-0.11490235,2.2050977,0.34509766,0.73509765,0.41509765
-1.3649024,-2.3149023,-2.9949024,-3.1949024,-2.7149024,-2.7549024,-3.2249024,-1.9449023,-2.5849023,-2.5849023,-2.2549024,2.7050977,0.035097655,-0.8649023,-4.2949023,-3.8349023,-3.9949024,-3.8949022,-3.4149024,-2.0749023,-0.084902346,-0.50490236,-2.7949023,-3.1149023,-2.9049025,-1.1349024,-1.8949023,-1.3649024,-1.4849024,-1.4049023,-1.1949023,0.15509766,2.1750977,2.2350976,-0.10490234,-1.5849023,-1.6049024,0.35509765,-1.2649024,3.8950977,2.6050978
-1.1249024,-1.3849024,-3.1649024,-3.5849023,-4.3649025,-5.1349025,-4.0649023,-4.474902,-3.6949024,-3.5749023,-2.9749024,3.6850977,2.2250977,-2.4349024,-3.2049024,-3.5249023,-4.1149025,-5.2549024,-4.724902,-1.3549024,-1.9149023,-2.1849024,-2.4449024,-1.7949023,-1.1349024,-1.7449024,-3.2449024,-4.144902,-2.7249024,-3.0549023,-1.8249023,-0.87490237,0.55509764,2.1350977,3.0750976,-1.4549023,1.9650977,-0.034902345,-0.51490235,0.035097655,0.6950977
-1.9949024,-2.0449023,-2.6549025,-2.9749024,-3.7349024,-3.6949024,-4.3349023,-4.494902,-4.5349026,-5.0649023,-3.6549025,0.80509764,0.85509765,-0.9949024,-1.9349023,-3.2249024,-3.3949022,-4.2849026,-4.5449023,-2.5149024,-2.2049024,-2.4749024,-2.4349024,-2.3749022,-2.2449024,-2.2249024,-3.0949023,-2.9649024,-3.9949024,-4.3149023,-4.2549024,-4.8449025,-5.6549025,-3.5149024,0.6350977,0.22509766,-0.8549023,1.8450977,0.18509765,-0.69490236,-1.4149023
-1.9349023,-2.6149023,-2.7949023,-3.6649024,-3.8449023,-4.0449023,-3.9049025,-3.8349023,-3.8249023,-4.5749025,0.80509764,-0.034902345,-0.21490234,-0.44490233,-2.9949024,-2.5649023,-3.5849023,-3.2249024,-2.3349023,-1.7849023,-2.3349023,-2.7549024,-2.5749023,-2.2249024,-1.7949023,-0.95490235,-0.88490236,-1.2949023,-1.2749023,-2.1449022,-2.5549023,-3.2649024,-3.3249023,-3.6449022,-2.5249023,-2.8949022,-2.7349024,-0.64490235,-0.9949024,0.8850977,-1.3249023
-2.1849024,-2.4049025,-2.7749023,-3.2849023,-3.7949023,-3.8749022,-3.7949023,-3.9149024,-4.2149024,-3.4249024,-2.8749022,-2.3349023,-3.6349022,-3.4849024,-2.9449024,-3.3649023,-3.5549023,-3.1949024,-3.0449023,-2.1049023,-0.9249023,-2.5749023,-2.8249023,-2.7349024,-2.5049024,-2.6749024,-1.0249023,-0.95490235,-0.11490235,0.30509767,-0.07490234,0.67509764,0.33509767,-1.2449024,-0.11490235,-3.2949023,-2.9649024,0.20509766,1.7250977,1.2250977,1.7450976
-1.9749024,-2.3049023,-2.7349024,-3.1249022,-3.4949024,-3.3149023,-3.6049023,-4.0849023,-3.6549025,-1.2949023,-1.6649023,-1.6849023,-2.1949024,-3.1749024,-3.3149023,-3.3649023,-3.3649023,-3.6149023,-2.9649024,-2.5149024,-1.7049023,-1.9149023,-2.3849022,-2.6849024,-2.6649024,-3.1249022,-2.8949022,-3.0949023,-2.8549023,-1.7049023,1.1950977,2.4350977,1.6950977,0.79509765,-0.9149023,-1.4849024,0.66509765,-1.1949023,2.0850976,4.525098,3.4850976
-1.9949024,-2.3149023,-2.3749022,-2.7649024,-3.2849023,-2.7349024,-3.1849024,-3.6049023,-2.8849022,-1.9949024,-2.0749023,-1.4849024,-2.3449023,-2.5249023,-3.2349024,-3.1349022,-3.4349024,-3.4849024,-2.5849023,-2.6249022,-2.1349022,-3.1949024,-3.5849023,-3.3249023,-2.7449024,-2.5949023,-2.7349024,-3.2849023,-1.8949023,-1.5149024,-2.1149023,-2.9249024,-1.7249024,-0.11490235,0.8250977,0.8850977,0.67509764,2.2350976,1.7850976,1.9450977,1.6050977
-1.5149024,-2.1249022,-1.2849023,-1.6749023,-2.2649024,-2.6149023,-2.5849023,-2.8049023,-2.3749022,-1.4249023,-1.0549023,-2.0249023,-2.3149023,-1.7049023,-2.5149024,-3.5149024,-3.0849023,-3.6149023,-2.9949024,-2.4849024,-2.5149024,-3.1049023,-3.1649024,-3.2449024,-3.4949024,-3.5249023,-2.2649024,-2.9449024,-3.6549025,-3.0549023,-2.8349023,-2.5949023,-0.97490233,0.55509764,1.2150977,2.3050976,2.7950976,2.2950976,2.5250976,1.4950976,-0.024902344
-1.2549024,-1.2249024,-1.1749023,-0.72490233,-1.1249024,-1.2249024,-1.7949023,-1.9149023,-1.9049023,-0.31490234,-0.054902345,-0.81490237,-2.1349022,-2.4149024,-2.5549023,-2.4249024,-2.5649023,-2.8049023,-2.2149024,-2.3549023,-1.5049024,-1.2249024,-0.9249023,-1.8049023,-3.4549024,-3.1349022,-3.8749022,-3.2249024,-2.3149023,-1.9449023,-2.7749023,-3.0049024,-3.3249023,-1.2149024,2.1150978,3.2150977,2.4150977,1.8750976,4.4550977,4.605098,2.4550977
-0.70490235,-1.1349024,-1.9049023,-0.6749023,-0.35490236,-1.3249023,-1.9049023,-2.2349024,-1.6949023,-1.6149024,0.22509766,-0.6649023,-0.95490235,-0.78490233,-1.8249023,-1.3749024,-1.1849023,-1.1749023,-1.3549024,-0.8649023,-0.9849023,-0.35490236,-0.77490234,-0.95490235,-2.2149024,-3.1849024,-2.8249023,-2.3149023,-3.1249022,-3.4949024,-3.8949022,-3.6549025,-4.5649023,-4.8349023,-3.3249023,3.8650978,3.9250977,3.6550977,2.7750976,2.5550976,3.2850976
-0.26490235,-0.9949024,-0.9149023,-0.87490237,0.46509767,0.24509765,0.055097654,-0.21490234,-0.77490234,-0.59490234,-0.18490234,0.8350977,1.2950977,-0.51490235,-1.1749023,-1.2349024,-0.64490235,-0.47490233,-0.7349023,-0.32490236,0.31509766,-0.24490234,-0.45490235,-1.3849024,-1.7449024,-2.4649024,-3.2149024,-2.2349024,-2.2549024,-3.5049024,-4.244902,-5.5349026,-4.3049026,-6.1249022,-7.3549023,-5.4449024,4.085098,3.9750977,3.7750976,4.235098,3.2050977
