wind_kz.json
{"header": {"discipline":0,"disciplineName":"Meteorological products","gribEdition":2,"gribLength":1025,"center":7,"centerName":"US National Weather Service - NCEP(WMC)","subcenter":0,"refTime":"2023-09-09T00:00:00.000Z","significanceOfRT":1,"significanceOfRTName":"Start of forecast","productStatus":0,"productStatusName":"Operational products","productType":1,"productTypeName":"Forecast products","productDefinitionTemplate":0,"productDefinitionTemplateName":"Analysis/forecast at horizontal level/layer at a point in time","parameterCategory":2,"parameterCategoryName":"UnknownDiscipline_0_Category_2","parameterNumber":2,"parameterNumberName":"UnknownParameter_D0_C2_2","parameterUnit":"Unknown","genProcessType":2,"genProcessTypeName":"Forecast","forecastTime":0,"surface1Type":103,"surface1TypeName":"Specified height level above ground","surface1Value":10.0,"surface2Type":255,"surface2TypeName":"Missing","surface2Value":0.0,"gridDefinitionTemplate":0,"gridDefinitionTemplateName":"Latitude_Longitude","numberPoints":615,"shape":6,"shapeName":"Earth spherical with radius of 6,371,229.0 m","gridUnits":"degrees","resolution":48,"winds":"true","scanMode":64,"nx":41,"ny":15,"basicAngle":0,"lo1":47.0,"la1":41.0,"lo2":87.0,"la2":55.0,"dx":1.0,"dy":1.0}, "data":
[rows 0 to 14 of 15, columns 0 to 40 of 41]
-2.8260937,0.70390624,0.44390625,0.86390626,-3.8260937,-3.0460937,-4.1160936,-3.1960938,-4.796094,-2.8560936,-1.3360938,-0.47609374,0.34390625,-1.1660937,-2.5860937,-1.0360937,-0.46609375,2.2739062,3.3939064,3.3239062,4.333906,1.9839063,1.1339062,-0.94609374,0.89390624,-0.5260937,-2.7860937,-0.55609375,1.1639062,0.36390626,0.48390624,2.8439062,2.0339062,0.88390625,-2.7460938,-2.6360939,-0.6460937,-1.3260938,1.0739063,0.33390626,-0.40609375
1.5439062,-0.54609376,-8.536094,-6.3260937,-6.0160937,-6.0760937,-4.8260937,-4.6160936,-4.356094,-2.4960938,-1.6660937,-2.7160938,-1.7660937,-1.5460937,-0.24609375,0.82390624,1.6739062,2.6139061,3.0439062,4.203906,4.163906,3.9639063,-0.46609375,-2.9860938,-0.54609376,0.5939062,-1.0960938,-0.26609376,-0.08609375,-0.51609373,0.11390625,-0.24609375,1.8639063,-1.9860938,0.31390625,0.46390626,-0.07609375,0.77390623,-0.11609375,1.0839063,2.0339062
-2.0560937,-4.646094,-3.6460938,-2.4360938,-3.8160937,-3.8460937,-3.7760937,-1.7160938,-2.4060938,-1.5860938,-0.30609375,0.25390625,0.12390625,0.73390627,2.0239062,2.9639063,2.7439063,5.273906,7.3639064,7.2639065,5.243906,4.023906,0.74390626,1.4839063,1.7139063,4.743906,-1.8960937,-1.9360938,-3.7460938,-0.6560938,-0.81609374,2.2639062,-0.60609376,-0.73609376,-0.04609375,-0.74609375,-0.20609374,-0.38609374,3.1239061,3.2039063,2.2339063
-1.0060937,-2.0360937,-1.5160937,0.77390623,-2.0060937,-1.3060937,-0.00609375,-0.36609375,1.0239062,1.8139062,2.2439063,0.51390624,1.4039062,1.8539063,2.5639062,3.2139063,4.4839063,7.0739064,9.873906,8.993906,6.083906,1.6339062,1.1939063,1.1839062,2.4939063,3.6139061,-1.3660938,-1.7060938,-1.0760938,-1.1760937,-3.2660937,-4.0760937,-4.1360936,-3.8660936,-3.2860937,-2.9560938,-1.7860937,2.7339063,0.62390625,0.06390625,0.22390625
-0.6460937,0.6539062,1.7239063,0.48390624,0.92390627,1.7039063,2.5639062,2.4739063,2.4439063,2.6939063,0.95390624,2.4439063,1.9939063,2.6439064,2.8239062,3.0839062,5.433906,7.563906,8.643907,5.7539062,4.7539062,4.3439064,4.5539064,4.6939063,-2.7960937,-5.4260936,-4.1560936,-3.4560938,-3.7060938,-3.1860938,-0.56609374,-1.3860937,-2.3060937,2.5039062,3.4039063,1.6339062,1.5139062,-2.2760937,-2.3060937,-2.4260938,-2.1460938
2.3239062,1.5539062,3.2539062,3.6939063,3.3139062,3.2339063,-0.32609376,0.7939063,1.7039063,1.4939063,1.5439062,2.3539062,3.9339063,5.603906,4.0539064,3.6839063,4.893906,4.6739063,3.6939063,-0.7760937,-3.7660937,-2.4960938,-4.7860937,-6.7660937,-6.856094,-7.2360935,-5.476094,-5.5160937,-5.3260937,-4.5560937,-4.2860937,-3.1960938,-3.8160937,-2.5960937,-0.5360938,-0.55609375,0.87390625,1.0739063,-1.1760937,-4.0360937,-5.166094
1.9639063,1.9539063,2.8839064,2.6339064,3.2339063,0.9639062,1.9539063,0.9139063,1.5439062,2.7639062,2.9839063,4.0039062,3.9739063,4.8039064,3.7039063,4.933906,4.813906,3.5539062,2.8039062,-3.7460938,-3.2260938,-3.3060937,-4.666094,-6.026094,-6.456094,-6.276094,-4.146094,-3.8260937,-3.6660938,-4.0360937,-3.9560938,-3.6960938,-2.7860937,-2.6760938,-1.9660938,-1.5660938,-1.1760937,0.9639062,0.81390625,-0.66609377,1.1039063
1.8639063,0.00390625,3.3639061,3.2139063,1.8439063,2.3239062,2.2639062,2.7239063,3.3339062,4.3839064,5.203906,5.563906,5.543906,5.9439063,5.7539062,5.163906,5.5739064,3.1839063,1.4239062,-2.3360937,-3.3360937,-3.9560938,-3.5060937,-3.9260938,-3.6760938,-2.5160937,-2.1760938,-2.1460938,-2.3260937,-3.0460937,-2.7560937,-1.4960938,-1.4860938,-0.45609376,-1.5160937,-1.2160938,-0.68609375,-0.05609375,1.6039063,2.0939062,0.80390626
2.9539063,3.0039062,3.1739063,2.3439062,2.6639063,3.1339064,2.7939062,3.3039062,4.163906,4.853906,5.373906,5.043906,6.6139064,4.3039064,3.7139063,4.273906,3.7639062,2.3639061,0.43390626,2.6739063,-2.2160938,-1.9560938,-4.0560937,-4.336094,-3.7660937,-2.9860938,-2.0560937,-1.5060937,-1.2960937,-1.5860938,-1.9860938,-1.4060937,0.51390624,-0.5960938,-1.2260938,-1.0660938,-0.24609375,-2.4460938,-1.5460937,0.83390623,-0.00609375
1.1039063,2.6539063,2.3739061,2.3339062,2.4239063,2.5139062,3.1539063,3.3539062,4.373906,4.953906,5.203906,4.973906,4.4439063,4.2339063,4.043906,3.1939063,2.9639063,2.8639061,3.2139063,5.063906,-1.3360938,-2.7660937,-4.1360936,-4.376094,-3.5560937,-3.3560936,-3.5860937,-3.1860938,-2.7860937,-2.5660937,-1.2860937,0.04390625,0.73390627,-2.0060937,-2.0460937,-2.0660937,-1.9060937,-0.24609375,-1.4660938,-0.04609375,0.26390624
1.2839062,2.1239061,2.0239062,1.5039062,1.4539063,2.2539062,2.3639061,2.8639061,3.0539062,2.8039062,4.7339063,6.3039064,6.2539062,6.023906,4.813906,3.3739061,2.9939063,1.6339062,1.1239063,2.6939063,-2.8560936,-4.126094,-2.0960937,-2.7060938,-3.3160937,-2.3260937,-2.4360938,-2.7060938,-3.3260937,-3.0160937,-1.8160938,-1.0660938,-2.4260938,-2.7460938,-2.6760938,-1.9160937,-0.8960937,-0.08609375,-0.18609375,0.80390626,0.41390625
-1.6060938,-1.7060938,-1.9260937,-1.5460937,0.67390627,1.7839062,2.1139061,2.7739062,3.5139062,4.893906,4.9239063,4.953906,3.7139063,2.9139063,1.4739063,1.9739063,0.42390624,-1.4260937,-2.3360937,-4.106094,-5.2360935,-5.6960936,-5.726094,-4.316094,-4.1960936,-4.256094,-5.1560936,-4.186094,-3.8460937,-3.5560937,-2.9060938,-2.3660936,-3.0160937,-3.0060937,-1.5260937,-2.6660938,0.98390627,0.30390626,0.29390624,0.14390625,-0.45609376
-0.97609377,-0.67609376,-0.35609376,1.1239063,1.1539062,1.4539063,2.5339062,3.7839062,5.643906,4.433906,1.4639063,0.83390623,-0.11609375,2.6439064,-4.756094,-6.0960937,-6.756094,-6.4260936,-7.026094,-5.916094,-6.3260937,-4.626094,-3.9360938,-4.436094,-3.5960937,-4.3060937,-3.4660938,-4.0360937,-3.5260937,-2.8760939,-3.1260939,-2.9460938,-2.8360937,-2.5760937,-2.4360938,1.1839062,1.2139063,0.09390625,1.1439062,0.08390625,0.5939062
0.06390625,-0.36609375,0.10390625,0.50390625,1.4739063,2.0539062,2.6339064,4.2539062,5.313906,5.3639064,1.1339062,-4.566094,-6.586094,-5.2660937,-5.9060936,-6.276094,-6.7660937,-6.546094,-7.356094,-6.586094,-5.7660937,-4.976094,-4.0960937,-3.9060938,-3.5660937,-3.2760937,-3.4760938,-2.9260938,-2.4460938,-2.2860937,-1.8160938,-1.6660937,-1.8960937,-1.2960937,0.12390625,1.0839063,0.52390623,-0.34609374,-0.22609375,0.52390623,-0.55609375
-0.5860937,1.1639062,2.0739062,1.2839062,1.7539062,3.4239063,6.2839065,4.913906,-4.1560936,-6.1960936,-5.046094,-6.2460938,-3.9260938,-3.5160937,-5.936094,-5.836094,-6.1160936,-5.6960936,-5.8060937,-5.3060937,-4.226094,-4.006094,-3.3960938,-3.1960938,-3.2460938,-3.0060937,-2.4860938,-2.8260937,-1.7860937,-1.5960938,-1.7060938,-1.3560938,-1.4860938,-0.55609375,-0.45609376,0.05390625,0.23390625,0.9739063,0.62390625,0.22390625,-0.67609376
