wind_kz.json
{"header": {"discipline":0,"disciplineName":"Meteorological products","gribEdition":2,"gribLength":1025,"center":7,"centerName":"US National Weather Service - NCEP(WMC)","subcenter":0,"refTime":"2023-08-07T06:00:00.000Z","significanceOfRT":1,"significanceOfRTName":"Start of forecast","productStatus":0,"productStatusName":"Operational products","productType":1,"productTypeName":"Forecast products","productDefinitionTemplate":0,"productDefinitionTemplateName":"Analysis/forecast at horizontal level/layer at a point in time","parameterCategory":2,"parameterCategoryName":"UnknownDiscipline_0_Category_2","parameterNumber":2,"parameterNumberName":"UnknownParameter_D0_C2_2","parameterUnit":"Unknown","genProcessType":2,"genProcessTypeName":"Forecast","forecastTime":120,"surface1Type":103,"surface1TypeName":"Specified height level above ground","surface1Value":10.0,"surface2Type":255,"surface2TypeName":"Missing","surface2Value":0.0,"gridDefinitionTemplate":0,"gridDefinitionTemplateName":"Latitude_Longitude","numberPoints":615,"shape":6,"shapeName":"Earth spherical with radius of 6,371,229.0 m","gridUnits":"degrees","resolution":48,"winds":"true","scanMode":64,"nx":41,"ny":15,"basicAngle":0,"lo1":47.0,"la1":41.0,"lo2":87.0,"la2":55.0,"dx":1.0,"dy":1.0}, "data":
[rows 0 to 14 of 15, columns 0 to 40 of 41]
0.646875,1.566875,-0.033125,-4.263125,-5.313125,-5.123125,-6.793125,-6.783125,-6.843125,-3.073125,-4.203125,-5.593125,-6.233125,-6.363125,-5.783125,-4.653125,-3.393125,-1.673125,-2.803125,-2.033125,0.176875,0.566875,1.776875,3.596875,0.926875,2.526875,4.216875,5.316875,3.006875,2.696875,4.946875,0.826875,1.216875,4.886875,3.546875,3.906875,4.546875,3.446875,3.816875,3.156875,-0.133125
-1.293125,-1.993125,-4.803125,-6.883125,-6.703125,-3.783125,-6.413125,-7.213125,-5.633125,-5.463125,-6.973125,-6.163125,-5.643125,-4.893125,-4.033125,-4.353125,-3.293125,-2.873125,-1.053125,0.406875,1.876875,1.736875,1.016875,3.946875,1.446875,-0.003125,1.346875,3.426875,4.406875,2.436875,1.366875,1.386875,-1.303125,0.286875,0.906875,-0.933125,-2.473125,0.026875,-1.863125,-1.753125,-1.673125
-0.203125,-4.923125,-6.803125,-7.353125,-6.633125,-5.563125,-5.983125,-5.083125,-6.543125,-6.243125,-5.833125,-5.063125,-3.863125,-3.323125,-3.023125,-2.893125,-2.573125,-1.753125,-0.733125,0.186875,1.076875,2.396875,-0.893125,-2.643125,0.136875,0.736875,2.636875,3.086875,3.926875,0.236875,1.256875,-1.123125,-0.983125,2.616875,-0.693125,1.526875,0.276875,-0.253125,5.906875,5.086875,4.346875
-5.863125,-7.343125,-8.363125,-6.373125,-3.783125,-3.913125,-3.593125,-4.833125,-4.613125,-4.263125,-3.423125,-3.943125,-3.523125,-3.653125,-2.573125,-2.513125,-2.623125,-1.143125,-1.073125,-0.933125,-1.403125,-4.103125,0.146875,0.386875,2.136875,3.566875,2.816875,4.996875,3.886875,4.566875,4.066875,5.966875,3.506875,3.096875,3.436875,4.286875,2.436875,2.036875,-2.403125,-0.433125,-1.063125
-7.493125,-7.173125,-6.723125,-6.263125,-4.843125,-3.963125,-2.173125,-2.473125,-2.013125,-1.973125,-0.203125,-0.543125,-2.633125,-3.763125,-0.683125,-2.553125,-2.863125,-2.503125,-2.333125,-1.473125,-2.003125,-2.263125,-1.363125,0.316875,-1.323125,-1.133125,-4.533125,0.316875,0.366875,0.236875,2.406875,7.246875,3.316875,4.886875,-1.433125,-1.833125,2.346875,1.416875,-1.653125,-0.303125,4.136875
-7.103125,-7.823125,-6.673125,-6.113125,-5.533125,-3.823125,-4.273125,-2.523125,-0.343125,-0.293125,-2.403125,-6.193125,-5.823125,-3.953125,-2.343125,-2.333125,-2.613125,-1.593125,-1.613125,-2.053125,-3.943125,-2.833125,-1.793125,-2.393125,-1.733125,-2.713125,-3.533125,-5.083125,-3.513125,-1.883125,-1.603125,-2.273125,0.996875,2.616875,6.246875,4.866875,2.716875,4.606875,10.426875,2.906875,4.596875
-7.233125,-6.863125,-5.213125,-3.593125,-2.883125,-2.333125,-1.663125,0.426875,0.086875,-4.493125,-6.453125,-6.363125,-4.553125,-4.393125,-3.883125,-3.653125,-2.443125,-1.903125,-2.903125,-3.943125,-3.873125,-2.533125,-1.793125,-0.213125,0.356875,-0.173125,-1.133125,-0.813125,-1.283125,-0.423125,-0.923125,-2.193125,-1.633125,-0.533125,0.936875,2.766875,4.116875,2.516875,4.976875,1.786875,1.776875
-5.603125,-4.763125,-5.543125,-5.253125,-4.603125,-3.283125,-2.693125,-3.293125,-4.593125,-6.273125,-6.583125,-6.033125,-4.693125,-4.173125,-3.833125,-3.073125,-2.263125,-3.133125,-2.403125,-1.243125,-1.723125,-1.923125,-2.163125,-1.563125,-1.293125,-0.283125,0.966875,1.156875,0.386875,-1.193125,-0.843125,-0.523125,-0.733125,-1.833125,-1.303125,0.416875,4.316875,8.506875,8.296875,8.456875,4.426875
-4.663125,-5.193125,-5.353125,-4.633125,-4.153125,-4.433125,-3.153125,-3.353125,-5.473125,-6.823125,-6.763125,-6.113125,-5.783125,-3.923125,-3.323125,-2.033125,-0.653125,1.816875,1.586875,1.876875,-0.973125,-0.083125,-2.153125,0.656875,0.376875,0.586875,1.176875,3.176875,1.466875,1.766875,2.596875,2.056875,1.466875,2.326875,3.216875,3.346875,0.726875,-0.913125,1.456875,1.226875,2.536875
-5.573125,-5.153125,-5.103125,-4.623125,-4.533125,-4.453125,-4.493125,-5.553125,-5.923125,-6.663125,-6.153125,-5.473125,-4.313125,-3.023125,-1.913125,-2.163125,-2.403125,-1.823125,-1.773125,-2.713125,-1.443125,-0.543125,-0.523125,-0.773125,-0.783125,0.356875,-0.963125,1.016875,2.206875,3.556875,3.436875,3.406875,4.206875,4.336875,4.046875,4.066875,3.556875,-0.083125,2.806875,0.766875,0.486875
-4.973125,-4.773125,-4.483125,-5.003125,-5.163125,-5.713125,-6.013125,-5.993125,-5.373125,-4.523125,-4.153125,-3.653125,-2.373125,-2.663125,-2.553125,-2.053125,-1.043125,-1.343125,-1.473125,-1.823125,-1.873125,-0.433125,0.766875,1.666875,1.936875,1.366875,3.946875,1.476875,4.336875,4.946875,5.806875,6.326875,6.696875,4.226875,4.376875,3.116875,2.316875,0.806875,0.326875,-0.283125,0.256875
-3.883125,-3.313125,-4.503125,-4.373125,-4.563125,-4.853125,-5.073125,-4.543125,-4.063125,-2.643125,-1.493125,-3.703125,-3.493125,-3.043125,-2.103125,-1.243125,-1.063125,-0.473125,0.586875,0.776875,1.746875,2.106875,3.486875,3.266875,3.336875,2.556875,3.216875,5.826875,6.106875,6.126875,4.206875,5.246875,4.706875,5.576875,4.436875,4.086875,3.786875,4.756875,3.286875,2.996875,1.396875
-1.883125,-2.973125,-2.733125,-3.493125,-3.203125,-2.663125,-4.073125,-3.873125,-2.683125,-2.043125,-1.203125,-2.373125,-2.413125,-2.023125,-1.463125,-0.843125,-0.003125,0.686875,0.886875,0.826875,1.726875,2.116875,1.596875,3.386875,4.656875,1.026875,3.766875,4.156875,4.506875,4.196875,4.536875,4.646875,4.836875,5.336875,6.876875,5.776875,5.046875,3.766875,4.956875,5.406875,4.326875
-2.073125,-2.483125,-1.823125,-3.063125,-3.013125,-2.883125,-3.103125,-3.513125,-2.953125,-1.673125,-0.953125,-0.033125,-1.733125,-1.513125,-1.033125,0.136875,0.346875,0.536875,1.066875,0.876875,1.186875,1.476875,0.796875,2.476875,3.126875,2.526875,2.616875,3.296875,3.426875,3.316875,3.686875,3.686875,4.186875,4.146875,4.416875,5.146875,6.166875,5.186875,4.136875,4.646875,5.706875
-2.793125,-3.493125,-2.693125,-2.983125,-3.173125,-2.673125,-2.763125,-2.873125,-3.023125,-2.593125,-2.533125,-2.223125,-0.943125,-1.283125,-0.633125,-0.323125,0.696875,0.586875,0.896875,1.586875,2.186875,2.476875,1.646875,1.166875,1.706875,2.546875,1.826875,3.086875,3.606875,3.746875,3.906875,4.326875,3.886875,4.086875,4.106875,4.606875,5.416875,6.856875,5.136875,5.296875,4.846875
