wind_kz.json
{"header": {"discipline":0,"disciplineName":"Meteorological products","gribEdition":2,"gribLength":1102,"center":7,"centerName":"US National Weather Service - NCEP(WMC)","subcenter":0,"refTime":"2024-02-01T12:00:00.000Z","significanceOfRT":1,"significanceOfRTName":"Start of forecast","productStatus":0,"productStatusName":"Operational products","productType":1,"productTypeName":"Forecast products","productDefinitionTemplate":0,"productDefinitionTemplateName":"Analysis/forecast at horizontal level/layer at a point in time","parameterCategory":2,"parameterCategoryName":"UnknownDiscipline_0_Category_2","parameterNumber":2,"parameterNumberName":"UnknownParameter_D0_C2_2","parameterUnit":"Unknown","genProcessType":2,"genProcessTypeName":"Forecast","forecastTime":120,"surface1Type":103,"surface1TypeName":"Specified height level above ground","surface1Value":10.0,"surface2Type":255,"surface2TypeName":"Missing","surface2Value":0.0,"gridDefinitionTemplate":0,"gridDefinitionTemplateName":"Latitude_Longitude","numberPoints":615,"shape":6,"shapeName":"Earth spherical with radius of 6,371,229.0 m","gridUnits":"degrees","resolution":48,"winds":"true","scanMode":64,"nx":41,"ny":15,"basicAngle":0,"lo1":47.0,"la1":41.0,"lo2":87.0,"la2":55.0,"dx":1.0,"dy":1.0}, "data":
[rows 0 to 14 of 15, columns 0 to 40 of 41]
3.1746736,5.0046735,-3.7153265,-2.8153265,2.1946735,3.7446735,3.0746734,7.6446733,8.504673,7.8846736,10.184673,7.5946736,4.1246734,2.1946735,1.3446735,-0.21532653,-0.005326538,1.6046735,3.3846734,3.6146734,-6.9753265,-5.2453265,-0.76532656,-2.6153266,-0.9253265,-0.90532655,-3.1753266,-2.2453265,0.6946735,0.34467345,-1.6053265,2.0546734,-0.5053265,-0.44532654,-1.3253266,-0.10532654,1.5046735,0.8246735,0.7446735,-0.18532653,1.2046734
10.114674,-3.7653265,3.8046734,4.2846737,5.8146734,7.0546737,6.7346735,7.4846735,9.824674,10.434673,12.794673,6.2546735,2.9546735,-0.47532654,-0.96532655,-1.4153266,-0.10532654,1.4046735,2.1746736,-2.1153266,-4.0953264,-3.5253265,-1.7153265,-3.4453266,0.25467345,1.1346735,-1.3553265,0.38467348,-1.9853265,-1.6353265,0.084673464,-0.8153265,1.8646735,-2.5653265,0.024673462,0.60467345,-0.10532654,1.0146735,0.014673462,0.12467346,-0.29532653
5.8846736,15.614673,14.864673,12.654673,11.354672,9.674673,9.454674,9.564673,9.7346735,9.584674,9.954674,1.9546734,-0.82532656,-1.9153266,-4.0153265,-2.6953266,-2.8153265,-2.6153266,-2.6253266,-3.2053266,-3.7853265,-2.5953264,-4.9253263,-2.1253266,-1.7853265,-2.0353265,-1.6853266,-0.8753265,0.61467344,-0.06532654,-1.5253265,1.3946735,0.47467345,-0.37532654,0.6346735,-1.2353265,-0.45532653,0.43467346,0.60467345,-0.54532653,1.9946735
11.534673,12.994673,12.694673,14.304673,13.044673,11.344673,10.484673,9.364674,9.9846735,9.244674,10.324673,1.5846734,-4.1753263,-4.1253266,-4.0953264,-3.8953266,-3.1153266,-3.2653265,-3.1353266,-4.0653267,-4.7753267,-2.3253264,-3.4753265,-3.6453266,-3.8553267,-4.0353265,-2.9153266,-2.3653266,-1.3153266,-1.0253265,0.27467346,-3.4753265,-3.1853266,-0.27532655,-1.2453265,-1.6853266,-2.3653266,2.2746735,0.07467346,0.17467347,0.72467345
14.504673,12.974673,11.014673,9.784674,10.504673,11.354672,10.964673,10.2346735,9.444674,8.9846735,8.924673,-0.5653265,-5.0353265,-5.1453266,-5.8253264,-4.0853267,-3.8253264,-3.8453264,-3.5753264,-4.6753263,-4.9753265,-4.4753265,-6.5053267,-6.0353265,-5.7753267,-4.8953266,-6.6553264,-3.9553266,-3.3453264,-3.4253266,-1.5253265,0.054673463,-3.0453265,0.12467346,1.4546734,0.36467347,-0.14532654,-0.12532654,0.8146735,0.59467345,1.8746735
14.924673,11.914673,11.944673,10.434673,9.364674,8.334674,9.7346735,9.724673,8.444674,9.244674,0.16467346,-2.9853265,-5.0453267,-6.9153266,-5.2053266,-4.2153263,-4.7453265,-5.5653267,-5.8753266,-4.8653264,-5.5153265,-5.485327,-6.7053266,-6.6653266,-6.9253263,-8.275327,-5.5453267,-3.9653265,-4.2053266,-3.5453265,-3.3553267,-2.5553265,-2.0153265,-1.7953266,-0.47532654,-6.2653265,-0.025326539,-4.0953264,0.27467346,0.79467344,0.48467347
14.194673,13.734673,11.554673,11.154673,9.114674,8.464673,8.4846735,7.1846733,7.5046735,-0.82532656,-2.9553266,-4.8553267,-6.3253264,-5.3953266,-5.0253267,-4.4653263,-4.4753265,-5.735327,-5.7653265,-6.0153265,-5.6353264,-5.4153266,-5.4353266,-5.9153266,-7.8653264,-7.2953267,-3.5953264,-3.7053266,-3.5953264,-3.0653265,-4.2153263,-4.3153267,-2.3353264,-3.3353264,-3.1553266,-2.1653266,-0.77532655,3.3746734,-3.6853266,1.9746735,1.6946734
13.664673,10.344673,7.9846735,8.114674,6.7546735,6.4846735,6.9846735,6.2546735,-0.15532655,-4.3053265,-6.6553264,-6.5653267,-5.4653263,-5.9553266,-4.1453266,-4.8453264,-4.735327,-5.3553267,-4.8953266,-6.9653263,-4.9353266,-5.3753266,-3.9453266,-3.7953265,-4.1153264,-2.4753265,-2.7453265,-2.2153265,-1.8953265,-1.5953265,-2.8353264,-1.1053265,-1.4153266,-0.18532653,-2.5053265,0.9446735,1.4546734,2.4846735,-4.7153263,-8.095326,-3.0953264
6.0846734,6.1646733,1.2846735,2.8746734,3.9446735,4.9546733,5.2846737,1.8846735,-4.1053267,-6.2853265,-6.9553266,-6.8153267,-6.1953263,-4.9653263,-5.1353264,-3.5253265,-4.0653267,-3.7453265,-3.5553265,-4.3953266,-5.8053265,-2.9153266,-2.6853266,-3.3753266,-2.8453264,-4.3453264,-2.2753265,-1.7753265,-0.54532653,-1.3653265,-0.30532655,0.45467347,1.5146735,-1.6653266,-1.7153265,-2.0653265,0.40467346,-1.8253266,-2.2453265,0.58467346,-2.6953266
4.5746737,0.71467346,-0.60532653,2.1246734,3.0746734,3.0146735,0.10467346,-4.5553265,-6.1853266,-6.7453265,-7.2653265,-7.5753264,-6.2253265,-4.8453264,-5.1153264,-4.6653266,-4.0053267,-2.9853265,-3.0653265,-3.2353265,-2.8553267,-1.9953265,-2.7853265,-2.4553266,-2.8553267,-2.4653265,-1.4253266,-2.1353266,-0.85532653,0.15467346,-0.53532654,0.59467345,-0.10532654,-2.7353265,-1.5553266,-0.095326535,-2.5353265,-0.005326538,-2.4053266,-0.37532654,-1.6053265
3.2746735,1.5446734,3.1146734,2.9646735,2.5046735,-1.7653265,-4.485327,-5.7753267,-6.4153266,-7.0253267,-6.3653264,-6.1353264,-5.5453267,-5.4353266,-4.5553265,-4.1853266,-4.4553266,-3.4853265,-3.1153266,-2.6453266,-3.0453265,-3.1853266,-2.3953266,-1.9453266,-1.7553265,-1.3853265,-0.51532656,-0.27532655,-0.14532654,0.31467345,-1.1153265,-1.6753266,-2.8353264,-1.3853265,-1.1653266,-1.0353265,-1.4753265,0.6346735,-1.4153266,1.5946735,-1.9253266
2.3046734,1.8346734,-1.8853265,-2.6053267,-3.9453266,-5.2053266,-6.1653266,-7.8953266,-6.0053267,-6.8053265,-7.8353267,-5.3053265,-4.485327,-4.485327,-3.3053265,-2.8453264,-3.0553265,-3.2353265,-2.6253266,-2.2053266,-2.8653266,-2.6253266,-2.5153265,-1.2553265,0.20467347,0.40467346,0.054673463,-0.25532654,1.0046735,-0.90532655,-0.95532656,-0.88532656,-1.2353265,-1.8353266,-0.63532656,0.054673463,-1.2953266,-0.51532656,-0.07532654,-0.72532654,-0.31532654
1.8246734,1.2146735,-2.0353265,-3.2853265,-3.9253266,-4.3453264,-6.3153267,-6.5353265,-6.8953266,-5.4553266,-4.1353264,-3.8153265,-2.7053266,-2.5253265,-2.1453266,-2.9153266,-2.4953265,-2.5153265,-2.2753265,-1.7653265,-1.5653266,-0.8153265,-0.11532654,-0.13532653,1.4046735,0.35467348,-0.14532654,0.18467346,0.36467347,-0.12532654,-0.005326538,-0.10532654,-0.43532655,-1.0553266,-0.95532656,-0.52532655,-0.33532655,-0.8653265,-1.4753265,-0.6253265,-0.9353265
1.2846735,1.0746734,0.13467346,-3.1453266,-4.1553264,-4.6353264,-5.1553264,-4.6853266,-3.5253265,-3.1853266,-4.0253267,-3.2253265,-1.5653266,-1.4153266,-1.4553266,-1.3253266,-1.2753265,-0.16532654,-1.3153266,0.7546735,1.3146734,-0.44532654,-0.9353265,-0.6153265,-0.16532654,-0.9853265,-0.83532655,0.24467346,0.14467347,0.06467346,0.25467345,-0.025326539,0.054673463,-0.06532654,-0.38532653,-0.53532654,-0.88532656,-0.7353265,-1.3653265,0.22467346,-0.42532653
0.16467346,-0.32532653,2.0146735,-2.1053267,-2.4353266,-2.0953264,-2.8353264,-2.7453265,-3.0253265,-2.6653266,-1.8053266,-2.6953266,-1.7953266,-0.25532654,-0.5653265,-0.89532655,-1.0653266,-0.64532655,0.7446735,0.16467346,-0.78532654,-0.10532654,-0.48532653,-0.10532654,-0.54532653,-0.025326539,-0.13532653,0.16467346,0.14467347,0.6346735,1.1646734,0.8246735,0.5646735,0.5146735,0.91467345,0.83467346,0.12467346,1.3846735,0.13467346,0.22467346,-1.2253265
