wind.json
{"header": {"discipline":0,"disciplineName":"Meteorological products","gribEdition":2,"gribLength":1211,"center":7,"centerName":"US National Weather Service - NCEP(WMC)","subcenter":0,"refTime":"2023-06-29T12:00:00.000Z","significanceOfRT":1,"significanceOfRTName":"Start of forecast","productStatus":0,"productStatusName":"Operational products","productType":1,"productTypeName":"Forecast products","productDefinitionTemplate":0,"productDefinitionTemplateName":"Analysis/forecast at horizontal level/layer at a point in time","parameterCategory":2,"parameterCategoryName":"UnknownDiscipline_0_Category_2","parameterNumber":3,"parameterNumberName":"UnknownParameter_D0_C2_3","parameterUnit":"Unknown","genProcessType":2,"genProcessTypeName":"Forecast","forecastTime":120,"surface1Type":103,"surface1TypeName":"Specified height level above ground","surface1Value":10.0,"surface2Type":255,"surface2TypeName":"Missing","surface2Value":0.0,"gridDefinitionTemplate":0,"gridDefinitionTemplateName":"Latitude_Longitude","numberPoints":688,"shape":6,"shapeName":"Earth spherical with radius of 6,371,229.0 m","gridUnits":"degrees","resolution":48,"winds":"true","scanMode":64,"nx":43,"ny":16,"basicAngle":0,"lo1":45.0,"la1":40.0,"lo2":87.0,"la2":55.0,"dx":1.0,"dy":1.0}, "data":
[rows 0 to 15 of 16, columns 0 to 42 of 43]
0.53917724,-1.0008228,0.94917727,3.1991773,1.1391772,-4.5508227,-5.560823,-2.6708229,1.5791773,-3.1208227,-1.7808228,-3.1808228,-2.7508228,-3.4208229,-5.200823,-6.490823,-6.1508226,-7.2508225,-7.9808226,-8.420823,-7.8808227,-7.5008225,-3.1408226,-5.450823,-5.2708225,-2.9708228,0.8691772,-1.8608228,-1.7608228,-1.7208228,-2.8908226,-8.100822,2.2291772,1.8791772,-0.90082276,0.83917725,-1.2508228,-5.1708226,-8.710823,-11.020823,-11.680822,-0.5108228,-2.1608229
-0.92082274,-0.74082273,2.3591774,2.5391772,-2.4108229,-4.6308227,-5.5908227,-4.9608226,-5.7808228,-3.3008227,-4.0308228,-5.0708227,-5.7708225,-3.9008226,-4.2108226,-4.5708227,-5.740823,-5.7808228,-7.100823,-7.260823,-5.720823,-5.700823,-5.6108227,-5.850823,-5.1908226,-3.4408228,3.3791773,4.2191772,2.6991773,3.8391771,-4.680823,-3.4808228,-4.490823,2.5591772,-0.80082273,2.3891773,-3.6708229,-1.5608227,-2.0208228,-5.010823,-7.9608226,-9.320823,1.1891773
-0.23082276,2.8091772,-1.6408228,-1.1908227,-3.3208227,-3.8608227,-3.4908228,-3.6608229,-3.8008227,-5.870823,-5.450823,-6.0308228,-5.560823,-6.0508227,-6.180823,-10.370823,-10.250823,-8.000823,-6.640823,-6.1908226,-6.410823,-5.390823,-4.7308226,-3.6008227,-4.310823,-2.8508227,2.0391772,1.8291773,-9.550823,-1.9508227,1.2191772,0.06917725,-3.8808227,-3.9108229,-0.8708227,-4.330823,-3.2308228,-1.4808228,2.3391771,-2.2408228,-1.7108227,-6.3808227,0.12917724
-1.5908227,-2.5808227,-1.5908227,-0.20082276,-3.0708227,-4.620823,-3.9708228,1.0991772,-4.0708227,-5.2508225,-4.5308228,-3.8308227,-5.140823,-4.5708227,-6.1308227,-8.330823,-8.820823,-7.490823,-7.140823,-6.2308226,-7.1508226,-5.7808228,-4.8608227,-4.0008225,-2.5408227,-0.64082277,-2.7008228,-4.490823,-2.6708229,-0.79082274,-4.660823,2.8891773,-0.010822754,-2.0808227,-1.7108227,1.7491772,-3.0408227,1.2291772,-2.4108229,1.0291772,0.26917726,0.32917726,-2.0508227
-0.6208227,-2.1308227,0.33917725,-0.38082275,-1.9708228,-4.870823,-2.8608227,-3.0908227,-3.4808228,-2.7308228,-5.2108226,-4.0508227,-4.700823,-4.4608226,1.8891772,0.48917726,-4.660823,-7.1908226,-5.4008226,-6.4008226,-7.680823,-4.8808227,-3.9208229,-4.2808228,-4.850823,-4.140823,-0.030822754,1.5491773,-1.8408227,-2.6608229,-2.0008228,-5.080823,-4.740823,-4.040823,3.1191773,4.089177,1.4091773,1.0191772,-0.78082275,-1.6008228,-1.8808228,1.7191772,-0.21082276
-0.14082275,3.2591772,3.7391772,3.0491772,1.1091772,-1.7108227,-3.9808228,-7.120823,-8.800823,-8.050823,-6.7308226,-6.850823,-9.630823,-7.6308227,3.5691772,3.0391772,1.1891773,-2.5508227,-5.9808226,-5.810823,-5.5908227,-5.1308227,-3.2508228,-3.1408226,-2.4208229,-2.4308228,0.48917726,-0.29082274,-5.8608227,0.5491772,-0.6308228,-1.3108227,-3.1908228,-0.85082275,-2.4408228,-0.7608228,-1.4308227,-3.4908228,-11.780823,2.1091774,0.019177247,3.4191773,2.9991772
-0.20082276,0.28917724,-1.5508227,4.0391774,6.6791773,3.4091773,0.71917725,-0.83082277,-2.2208228,-6.620823,-3.5108228,-5.1508226,-6.220823,-9.150823,-5.4208226,5.819177,3.0891771,-4.1708226,-7.160823,-6.620823,-5.560823,-4.850823,-1.6308228,-2.3908226,-6.100823,-8.470822,-1.7708228,-0.5008228,-8.490823,2.3491774,4.2491775,-1.1408228,-8.070823,-2.1408226,-5.7808228,-2.1308227,4.4491773,9.169177,-2.9308228,-5.600823,-2.3508227,0.34917724,-3.0008228
-2.6908228,-2.7208228,-4.8408227,-4.4408226,-3.9208229,-4.5308228,2.0391772,-2.5008228,-6.1108227,-5.890823,-4.640823,-5.100823,-6.1708226,-6.8808227,-6.950823,-6.8008227,-7.4808226,-5.950823,-7.560823,-8.500823,-8.550823,-4.390823,-4.010823,-7.560823,-9.830823,-2.4708228,-6.0208225,5.7691774,1.9691772,-5.2308226,5.7691774,2.8691773,2.7991772,0.029177247,2.8691773,4.7291775,1.0691773,0.6191772,-1.0108228,-4.7808228,-3.9608228,-3.2308228,-7.8808227
-1.5808227,-4.3008227,-3.4008226,-3.6908228,-4.350823,-2.1908228,-4.5308228,-4.9808226,-5.580823,-6.160823,-6.6108227,-6.620823,-5.8808227,-6.1908226,-8.040823,-7.0508227,-9.8108225,-7.120823,-5.390823,-3.0908227,-6.3808227,-1.7108227,-8.090823,-8.360823,-9.160823,-0.8108227,-1.7208228,-0.44082275,-0.93082273,-0.98082274,3.6791773,1.0391773,5.819177,-0.7608228,0.17917724,-4.5308228,-2.7908227,-7.8608227,-5.9608226,-1.9808228,0.63917726,-1.6408228,1.8691772
-2.3708227,-3.2008228,-4.2708225,-4.660823,-3.5308228,-0.92082274,-4.8008227,-4.970823,-6.140823,-6.3608227,-3.2008228,-4.950823,-6.510823,-7.7708225,-7.220823,-7.4608226,-7.240823,-10.070823,-7.120823,-8.650823,-5.1108227,-12.430822,-0.5608227,-8.010822,-9.780823,-1.6408228,-7.5708227,6.0391774,5.8091774,6.0991774,2.6691773,-3.8708227,-2.7908227,-5.2708225,-5.180823,-5.990823,-4.8208227,-5.4208226,-5.410823,-4.140823,-2.6408226,-2.1408226,1.6091772
-3.1708229,-2.0908227,-3.8808227,-4.450823,-4.580823,-4.220823,-5.1508226,-6.5008225,-6.350823,-6.430823,-6.720823,-1.2608228,-4.5008225,-5.890823,-6.2508225,-7.4408226,-3.8508227,-7.8608227,-9.020823,-5.490823,-1.2808228,5.0791774,-1.9908228,-6.490823,-7.620823,3.3391771,2.7391772,-1.4808228,5.439177,-2.1608229,-3.4908228,-4.0008225,-4.740823,-5.1108227,-6.0208225,-6.2308226,-7.5008225,-3.5908227,-0.93082273,0.23917724,-0.010822754,-0.85082275,-3.2708228
-3.7908227,-4.1308227,-4.0908227,-4.2508225,-4.2108226,-5.060823,-4.120823,-5.0308228,-6.010823,-6.7808228,-5.7508225,-6.7308226,-7.8008227,-5.330823,-7.2708225,-5.8208227,-8.570823,-3.1508226,0.95917726,-4.7108226,-5.6908226,-1.5408227,1.5191772,-3.6108227,-5.0708227,-5.1508226,-3.6808228,-2.7408228,-2.9508228,-3.8108227,-3.1108227,-2.9008226,-3.2408228,-4.9208226,-3.6008227,-4.5208225,-6.5208225,-6.560823,-3.9208229,-2.4008226,-3.9308228,-2.8708227,-3.3608227
-2.9308228,-3.2508228,-3.6408226,-3.8508227,-3.3008227,-4.8608227,-5.9208226,-5.1508226,-3.4008226,-5.010823,-4.950823,-4.490823,-3.6308227,-2.6708229,-5.4608226,-6.080823,-7.3808227,-8.5608225,-7.1308227,-6.120823,-4.7808228,-2.6208227,-1.1808227,-2.8108227,-2.7408228,-2.2908227,-2.5208228,-2.8808227,-3.0308228,-1.6408228,-1.5408227,-2.7508228,-3.9408228,-4.3808227,-3.7608228,-5.1708226,-4.3608227,-4.6308227,-4.410823,-3.9208229,-3.1408226,-3.6908228,-2.9008226
-1.6808227,-1.4208227,-3.1508226,-2.7308228,-4.1708226,-4.1708226,-4.370823,-4.310823,-5.8408227,-4.5008225,-6.830823,-3.5008228,-2.8808227,-1.3908228,-4.350823,-4.1308227,-5.0308228,-5.5708227,-6.240823,-5.4408226,-2.2508228,-0.8108227,-0.7608228,0.46917725,-0.24082275,-0.9408228,-1.9308227,-2.2708228,-2.2908227,-2.3108227,-2.5408227,-2.7008228,-2.4908228,-3.0808227,-3.5908227,-4.510823,-3.8008227,-4.5308228,-3.7508228,-2.0708227,-4.2508225,-4.9608226,-2.4908228
-0.5608227,-1.7008227,-3.5508227,-2.5008228,-3.0408227,-4.0308228,-3.4808228,-4.0908227,-4.430823,-4.6908226,-5.2708225,-3.3408227,-2.5708227,-2.4608228,-2.1608229,-4.680823,-3.8508227,-4.3808227,-5.2508225,-4.970823,-0.13082275,-0.27082276,0.34917724,0.39917725,0.7491772,0.029177247,-0.46082276,-1.6008228,-2.7808228,-3.6308227,-4.6508226,-5.510823,-4.330823,-3.4808228,-2.6708229,-2.6308227,-4.6708226,-5.870823,-3.0608227,-3.0808227,-2.6908228,-2.2608228,-2.1508226
-0.28082275,-0.80082273,-1.3708228,-1.6008228,-2.5908227,-3.6808228,-3.8608227,-3.0408227,-3.9408228,-3.7908227,-4.680823,-4.1308227,-1.4908228,-0.73082274,-1.1908227,-2.9408228,-2.2608228,-3.8308227,-3.7108228,-4.220823,-1.8008227,1.6691773,2.3091772,1.8591772,2.1691773,1.4991772,1.3391773,0.72917724,-0.43082276,-1.1008228,-1.9008228,-2.6608229,-2.4908228,-3.2608228,-3.4008226,-1.7608228,-1.8708228,-3.7708228,-4.660823,-3.7608228,-3.3508227,-1.5108228,-2.0908227
