wind_kz.json
{"header": {"discipline":0,"disciplineName":"Meteorological products","gribEdition":2,"gribLength":1025,"center":7,"centerName":"US National Weather Service - NCEP(WMC)","subcenter":0,"refTime":"2023-09-25T00:00:00.000Z","significanceOfRT":1,"significanceOfRTName":"Start of forecast","productStatus":0,"productStatusName":"Operational products","productType":1,"productTypeName":"Forecast products","productDefinitionTemplate":0,"productDefinitionTemplateName":"Analysis/forecast at horizontal level/layer at a point in time","parameterCategory":2,"parameterCategoryName":"UnknownDiscipline_0_Category_2","parameterNumber":2,"parameterNumberName":"UnknownParameter_D0_C2_2","parameterUnit":"Unknown","genProcessType":2,"genProcessTypeName":"Forecast","forecastTime":120,"surface1Type":103,"surface1TypeName":"Specified height level above ground","surface1Value":10.0,"surface2Type":255,"surface2TypeName":"Missing","surface2Value":0.0,"gridDefinitionTemplate":0,"gridDefinitionTemplateName":"Latitude_Longitude","numberPoints":615,"shape":6,"shapeName":"Earth spherical with radius of 6,371,229.0 m","gridUnits":"degrees","resolution":48,"winds":"true","scanMode":64,"nx":41,"ny":15,"basicAngle":0,"lo1":47.0,"la1":41.0,"lo2":87.0,"la2":55.0,"dx":1.0,"dy":1.0}, "data":
[rows 0 to 14 of 15, columns 0 to 40 of 41]
-1.5523969,-0.79239684,0.6876032,-1.4523969,-1.6323968,-5.9423966,-4.6923966,-4.522397,-4.5723968,-2.5923967,-2.922397,-4.1123967,-4.252397,-3.9523969,-3.3023968,-3.162397,-2.3123968,-2.372397,-3.4523969,-2.672397,-3.132397,-0.37239686,-1.8623968,-0.49239686,-2.2923968,-2.932397,-2.632397,2.1776032,-0.91239685,0.47760314,-0.78239685,1.5876031,2.9976032,1.0776031,-1.0023968,-1.5123968,-0.61239684,-1.8123969,-2.9523969,-0.13239685,0.04760315
1.3376031,1.3276031,-3.0723968,-4.452397,-5.8823967,-5.312397,-3.5223968,-4.732397,-4.1923966,-4.1923966,-3.8023968,-4.4423966,-4.062397,-2.5323968,-2.882397,-3.7023969,-2.932397,-3.8323967,-1.6923969,-2.892397,-2.382397,-1.5323968,-0.9323968,-2.0323968,0.89760315,-0.23239686,-0.39239684,2.0576031,0.12760314,0.44760314,-0.19239685,0.57760316,-0.70239687,-2.162397,0.49760315,-0.34239686,-0.49239686,-1.2123969,0.5576031,1.0276031,-1.2923969
-0.9323968,-4.9423966,-5.022397,-5.742397,-4.8423967,-4.912397,-4.312397,-2.352397,-4.512397,-3.0723968,-2.912397,-3.372397,-2.612397,-2.4423969,-2.112397,-2.142397,-1.6423968,-0.21239685,-1.4623969,-1.3223969,-0.03239685,-0.012396851,-1.6523968,-0.5723969,-0.0023968506,0.22760315,2.3076031,1.6176032,-0.18239684,-0.37239686,0.82760316,-0.08239685,0.37760314,1.5276031,0.01760315,-2.0023968,0.65760314,0.10760315,0.35760316,-0.22239685,0.91760314
-4.562397,-6.262397,-6.9623966,-6.332397,-5.162397,-3.9723969,-2.0423968,-4.312397,-3.0623968,-2.412397,-1.9823968,-1.9523969,-2.0923967,-1.7723968,-0.97239685,0.6276032,1.5876031,2.617603,1.2576032,0.51760316,0.78760314,0.40760314,1.7176032,2.627603,3.317603,3.147603,2.9876032,1.3676032,4.527603,3.377603,0.76760316,1.6676031,5.247603,6.007603,3.6876032,1.5776031,0.13760315,1.9776032,0.22760315,1.2776031,-0.7523968
-4.5723968,-6.6723967,-6.552397,-6.042397,-4.742397,-3.8223968,-2.9823968,-1.9823968,-2.3423967,-1.6823969,-0.33239686,1.6176032,1.3876032,2.117603,2.357603,2.2076032,2.887603,2.857603,-0.64239687,-0.11239685,0.63760316,1.8276031,1.6776031,2.4976032,2.347603,2.5076032,3.077603,4.527603,4.267603,3.587603,3.4276032,0.75760317,-0.07239685,1.7876031,-1.9223969,1.3776032,0.14760315,-1.7523968,-1.4523969,-1.7423968,-2.3223968
-3.402397,-3.0623968,-4.222397,-4.0923967,-3.3223968,-3.2923968,-1.3523968,0.04760315,-0.20239685,1.1976031,0.79760313,0.65760314,1.5776031,3.597603,1.3376031,1.1876031,1.1676031,-0.70239687,0.48760316,1.5176032,0.12760314,0.72760314,1.3076031,-0.26239684,0.60760313,1.9576031,3.327603,-0.04239685,-1.6723969,2.4676032,4.6176033,1.8476032,2.637603,3.587603,1.4576031,-0.58239686,1.6276032,3.377603,1.1276032,-1.6423968,-3.172397
-1.1023968,-1.1323968,-0.23239686,-0.31239685,0.9876031,1.3176031,2.147603,1.6576031,0.10760315,0.79760313,1.0276031,0.83760315,0.49760315,1.8776032,3.117603,2.0476031,0.24760315,3.107603,2.5276031,2.4276032,2.6676033,2.617603,1.9076031,1.5176032,1.9176031,2.4576032,2.847603,-0.96239686,-1.4123969,-1.7123969,-0.05239685,2.0276031,4.127603,7.8676033,2.2476032,-1.7823968,-0.6823968,3.077603,-0.99239683,1.4576031,-0.21239685
1.8076031,2.0176032,3.107603,3.1776032,2.837603,2.7276032,1.8176031,1.2776031,1.5876031,1.7476032,1.1976031,1.7676032,2.2976031,1.9576031,2.3076031,3.107603,3.0376031,2.367603,1.6976031,2.4876032,3.387603,2.7476032,2.9676032,1.7576032,2.2276032,1.0876031,0.9976032,1.0176032,-0.44239685,-0.6923969,0.38760316,2.0376031,2.9276032,1.6576031,4.1376033,2.397603,-3.2423968,-0.58239686,-0.53239685,-3.4623969,-2.422397
0.78760314,2.067603,2.5176032,2.7476032,2.6776032,2.7976031,2.7676032,2.577603,2.4976032,2.7776031,3.1576033,2.847603,3.837603,3.0176032,3.117603,3.1576033,3.337603,3.377603,2.5076032,2.7776031,2.627603,2.7376032,1.8576032,2.387603,2.337603,1.9676032,1.5876031,1.4876032,-0.21239685,0.97760314,1.5476031,2.0376031,1.1476032,0.23760314,2.567603,0.48760316,-1.4323969,-0.5123969,-1.6523968,-1.1323968,-1.2023969
2.2876031,2.5376031,2.9276032,2.9676032,3.3076031,3.2676032,3.067603,3.2576032,3.5076032,3.4176033,4.377603,4.147603,4.027603,4.5776033,3.617603,3.857603,3.577603,3.0176032,2.4476032,2.4176033,2.887603,2.7976031,2.887603,0.30760315,1.6476032,2.837603,3.0576031,2.7576032,2.627603,3.4176033,2.087603,3.0576031,2.2376032,3.7376032,4.3876033,3.847603,-0.14239685,-0.92239684,-0.52239686,-0.7623969,-1.6523968
2.2976031,2.897603,3.0376031,3.137603,3.4076033,3.2976031,3.4776032,3.4076033,3.4176033,3.7776031,4.477603,4.187603,3.107603,3.2176032,3.597603,3.2276032,3.7376032,3.577603,2.7776031,3.4876032,1.4976032,1.4676032,2.347603,1.6976031,3.0476031,2.2376032,2.327603,3.327603,3.4376032,2.7776031,3.147603,2.5076032,2.5576031,3.1676033,4.757603,4.247603,-0.46239686,-0.54239684,-1.0523969,0.10760315,-0.98239684
1.5276031,2.597603,3.4076033,3.2076032,3.5576031,3.2976031,3.077603,3.0176032,3.1776032,2.6876032,2.2476032,2.7176032,2.587603,2.7676032,3.6576033,3.597603,3.637603,3.9676032,2.7876031,3.2376032,2.6776032,1.7976031,2.317603,2.5476031,2.9776032,2.6676033,3.067603,3.1576033,2.6876032,2.9576032,2.4476032,3.087603,2.4676032,3.5376031,4.107603,5.0576034,4.8876033,0.79760313,2.097603,-0.49239686,-0.6323969
2.5276031,2.6776032,3.087603,3.0176032,3.0176032,2.127603,2.4076033,2.4876032,3.377603,2.367603,0.91760314,2.6676033,2.0476031,3.4576032,2.9876032,2.897603,3.317603,3.127603,2.617603,2.377603,1.6576031,2.2376032,2.7976031,2.637603,3.4376032,2.6576033,3.7676032,3.5076032,3.6776032,2.7776031,2.7776031,3.1676033,2.7876031,3.6976032,4.697603,4.857603,4.317603,0.13760315,1.2576032,2.1576033,-0.23239686
2.887603,2.7876031,2.6976032,3.147603,2.387603,2.4876032,2.4176033,3.0576031,3.7476032,1.8676032,1.1476032,0.48760316,2.067603,2.6576033,4.507603,3.357603,3.067603,3.107603,2.3076031,2.887603,2.637603,2.9276032,2.827603,3.6676033,2.4776032,3.2776031,2.6976032,2.817603,2.7676032,1.7476032,2.5576031,2.087603,2.1976032,2.2776031,3.377603,4.007603,0.64760315,-0.65239686,-1.0123968,0.11760315,0.04760315
1.6876031,2.857603,3.6976032,3.1976032,3.1776032,2.627603,3.617603,3.327603,3.4176033,0.75760317,-0.5023968,1.3076031,1.5676031,1.5376031,2.9376032,2.9176033,3.097603,3.2476032,2.0276031,2.9276032,2.827603,2.6776032,2.577603,2.4076033,1.3476032,2.8076031,1.7676032,2.347603,2.317603,2.0476031,2.5176032,2.7576032,1.6976031,2.137603,2.0476031,0.23760314,-0.47239685,-3.142397,-0.97239685,-2.0023968,-1.4823968
