wind.json
{"header": {"discipline":0,"disciplineName":"Meteorological products","gribEdition":2,"gribLength":953,"center":7,"centerName":"US National Weather Service - NCEP(WMC)","subcenter":0,"refTime":"2023-06-28T06:00:00.000Z","significanceOfRT":1,"significanceOfRTName":"Start of forecast","productStatus":0,"productStatusName":"Operational products","productType":1,"productTypeName":"Forecast products","productDefinitionTemplate":0,"productDefinitionTemplateName":"Analysis/forecast at horizontal level/layer at a point in time","parameterCategory":0,"parameterCategoryName":"UnknownDiscipline_0_Category_0","parameterNumber":0,"parameterNumberName":"UnknownParameter_D0_C0_0","parameterUnit":"Unknown","genProcessType":2,"genProcessTypeName":"Forecast","forecastTime":60,"surface1Type":1,"surface1TypeName":"Ground or water surface","surface1Value":0.0,"surface2Type":255,"surface2TypeName":"Missing","surface2Value":0.0,"gridDefinitionTemplate":0,"gridDefinitionTemplateName":"Latitude_Longitude","numberPoints":688,"shape":6,"shapeName":"Earth spherical with radius of 6,371,229.0 m","gridUnits":"degrees","resolution":48,"winds":"true","scanMode":64,"nx":43,"ny":16,"basicAngle":0,"lo1":45.0,"la1":40.0,"lo2":87.0,"la2":55.0,"dx":1.0,"dy":1.0}, "data":
[rows 0 to 15 of 16, columns 0 to 42 of 43]
281.5882,280.68817,294.18817,298.0882,298.78818,296.9882,296.28818,294.38818,299.0882,300.9882,306.9882,304.38818,307.9882,305.28818,304.4882,304.88818,303.68817,302.88818,301.88818,300.5882,300.38818,298.0882,295.18817,294.68817,292.68817,291.4882,294.5882,286.9882,281.5882,279.5882,283.18817,295.88818,296.78818,297.88818,300.78818,297.38818,299.38818,295.5882,297.68817,297.68817,299.88818,299.68817,299.5882
286.4882,292.9882,294.4882,287.5882,288.68817,295.9882,295.9882,294.4882,296.5882,304.38818,305.0882,309.38818,306.0882,307.0882,304.9882,305.5882,302.9882,300.18817,300.18817,301.38818,298.78818,299.4882,299.18817,296.68817,293.4882,287.5882,294.78818,295.9882,291.78818,276.38818,276.78818,275.78818,278.38818,283.18817,289.18817,296.0882,300.5882,298.5882,298.4882,298.9882,296.9882,299.88818,299.18817
283.78818,284.78818,277.9882,289.9882,296.0882,296.18817,295.9882,293.9882,300.18817,304.28818,304.28818,305.88818,305.18817,304.4882,304.5882,303.68817,298.5882,298.5882,299.4882,299.88818,297.9882,297.28818,296.4882,298.5882,296.38818,285.68817,274.5882,275.5882,283.9882,276.0882,277.18817,272.9882,280.0882,271.18817,283.68817,267.0882,274.9882,295.4882,295.0882,296.18817,299.38818,290.5882,283.4882
284.28818,286.4882,289.78818,296.18817,296.18817,296.18817,295.4882,301.28818,302.18817,302.5882,303.9882,305.9882,303.4882,303.68817,302.78818,301.88818,301.9882,297.78818,298.0882,295.5882,295.4882,295.5882,297.38818,295.9882,298.78818,291.28818,291.88818,289.0882,288.5882,289.28818,288.68817,277.5882,270.38818,275.78818,280.38818,281.0882,281.78818,284.0882,278.28818,277.5882,280.5882,277.5882,275.5882
289.5882,291.9882,290.68817,296.68817,296.88818,296.0882,295.9882,299.68817,301.0882,299.9882,303.4882,304.9882,302.38818,301.0882,294.38818,293.78818,299.5882,297.4882,299.88818,296.28818,297.78818,294.88818,294.78818,291.28818,296.4882,296.5882,292.68817,294.68817,294.4882,293.88818,291.0882,289.68817,290.78818,289.18817,296.38818,297.38818,293.38818,283.78818,278.0882,277.0882,278.88818,288.38818,291.88818
291.28818,292.4882,294.5882,297.0882,296.88818,297.4882,297.78818,299.0882,302.88818,304.28818,303.28818,304.28818,302.4882,300.0882,294.88818,294.28818,291.38818,300.0882,299.5882,297.68817,294.5882,299.0882,299.0882,297.88818,296.38818,295.18817,294.5882,294.28818,292.18817,291.28818,288.88818,289.0882,294.5882,287.68817,278.38818,271.5882,282.18817,293.88818,295.68817,299.68817,300.0882,298.78818,297.78818
294.88818,296.5882,295.9882,296.18817,297.9882,296.4882,296.5882,296.28818,303.28818,303.18817,305.18817,304.0882,301.78818,301.4882,294.18817,293.9882,295.88818,297.88818,298.78818,299.38818,299.38818,299.4882,297.78818,297.28818,296.0882,294.78818,294.68817,292.4882,293.78818,290.28818,288.9882,294.9882,293.0882,294.28818,289.68817,285.68817,288.18817,289.28818,282.9882,286.28818,294.5882,297.5882,296.9882
295.0882,297.4882,296.5882,297.78818,297.5882,299.78818,299.4882,300.28818,306.18817,305.28818,305.5882,304.38818,302.68817,300.28818,297.88818,297.38818,296.9882,298.38818,296.9882,297.68817,299.0882,297.0882,295.18817,296.0882,295.4882,295.5882,293.88818,294.28818,294.5882,294.88818,293.78818,293.5882,295.38818,296.68817,293.38818,293.0882,289.78818,285.28818,284.38818,279.68817,275.9882,278.0882,290.5882
295.38818,294.18817,295.9882,297.38818,298.38818,300.28818,300.0882,301.5882,304.0882,302.0882,303.38818,302.18817,300.0882,298.9882,297.9882,299.68817,299.28818,299.38818,297.88818,298.9882,296.4882,291.88818,294.0882,294.78818,294.28818,294.0882,291.5882,287.4882,288.78818,289.4882,287.28818,290.18817,288.4882,289.28818,287.18817,286.88818,283.88818,286.18817,289.68817,287.88818,284.38818,287.68817,282.5882
290.5882,294.4882,295.18817,295.78818,297.5882,297.9882,300.18817,299.5882,300.38818,300.88818,299.18817,301.9882,300.38818,299.68817,298.4882,297.88818,296.18817,297.5882,296.28818,295.78818,296.78818,294.88818,291.68817,291.4882,292.38818,291.78818,288.78818,288.38818,282.18817,282.0882,280.28818,279.38818,282.38818,282.88818,285.9882,287.4882,288.78818,282.38818,283.5882,284.88818,267.9882,273.9882,268.9882
290.28818,291.88818,292.0882,294.68817,294.0882,295.38818,296.78818,297.4882,296.88818,299.9882,298.9882,298.0882,295.4882,294.9882,296.38818,295.38818,296.0882,295.28818,295.78818,295.0882,294.38818,294.0882,291.38818,290.9882,291.28818,289.88818,288.78818,286.38818,285.18817,284.0882,283.9882,283.18817,283.68817,286.9882,287.5882,288.0882,289.0882,285.68817,286.5882,279.18817,270.88818,275.9882,275.38818
287.88818,289.68817,290.5882,290.88818,292.5882,292.4882,291.28818,294.38818,294.68817,296.5882,295.9882,294.9882,292.5882,294.38818,294.4882,293.28818,291.88818,292.4882,293.0882,292.5882,292.9882,291.38818,291.28818,290.38818,289.18817,288.28818,285.88818,285.78818,283.78818,286.28818,286.38818,290.88818,291.28818,290.18817,287.18817,288.0882,287.4882,284.9882,282.0882,282.0882,276.68817,279.38818,276.88818
286.78818,286.88818,287.68817,292.0882,290.28818,290.18817,291.4882,291.0882,292.68817,293.18817,293.5882,295.18817,292.78818,290.9882,292.4882,291.18817,290.5882,291.38818,291.28818,291.28818,291.28818,289.78818,288.18817,287.28818,286.38818,285.28818,283.88818,285.5882,284.78818,288.78818,289.88818,290.68817,289.5882,290.18817,290.0882,285.88818,288.38818,285.0882,284.88818,285.0882,284.5882,282.88818,283.68817
286.0882,286.5882,286.5882,290.78818,289.4882,288.5882,290.28818,289.18817,291.4882,291.38818,291.5882,293.38818,289.88818,286.68817,290.9882,288.88818,288.9882,289.5882,289.38818,288.78818,289.0882,287.68817,285.78818,284.0882,283.28818,282.88818,284.68817,285.28818,286.68817,285.78818,285.28818,284.38818,287.88818,287.9882,284.88818,286.28818,287.38818,284.0882,284.78818,285.88818,283.9882,283.68817,283.78818
286.18817,286.4882,286.5882,289.5882,289.0882,288.88818,289.0882,288.88818,288.9882,291.88818,291.38818,291.38818,290.4882,285.68817,285.18817,287.68817,288.18817,289.0882,287.9882,287.88818,287.4882,285.88818,284.9882,283.9882,284.38818,283.5882,284.4882,284.5882,284.68817,284.4882,283.68817,284.18817,283.78818,283.18817,283.28818,283.0882,283.38818,283.0882,283.5882,283.88818,283.78818,284.38818,282.38818
285.5882,286.4882,286.68817,290.0882,289.78818,289.0882,288.9882,288.78818,288.68817,294.5882,293.68817,290.0882,290.28818,288.38818,287.28818,285.68817,287.68817,290.68817,287.38818,286.5882,285.9882,284.38818,283.4882,282.28818,281.88818,282.18817,282.5882,282.88818,283.18817,282.9882,283.0882,283.18817,283.38818,282.68817,282.78818,282.5882,282.5882,282.9882,282.88818,282.18817,283.0882,285.18817,284.78818
