wind_kz.json
{"header": {"discipline":0,"disciplineName":"Meteorological products","gribEdition":2,"gribLength":871,"center":7,"centerName":"US National Weather Service - NCEP(WMC)","subcenter":0,"refTime":"2023-09-26T12:00:00.000Z","significanceOfRT":1,"significanceOfRTName":"Start of forecast","productStatus":0,"productStatusName":"Operational products","productType":1,"productTypeName":"Forecast products","productDefinitionTemplate":0,"productDefinitionTemplateName":"Analysis/forecast at horizontal level/layer at a point in time","parameterCategory":0,"parameterCategoryName":"UnknownDiscipline_0_Category_0","parameterNumber":0,"parameterNumberName":"UnknownParameter_D0_C0_0","parameterUnit":"Unknown","genProcessType":2,"genProcessTypeName":"Forecast","forecastTime":300,"surface1Type":1,"surface1TypeName":"Ground or water surface","surface1Value":0.0,"surface2Type":255,"surface2TypeName":"Missing","surface2Value":0.0,"gridDefinitionTemplate":0,"gridDefinitionTemplateName":"Latitude_Longitude","numberPoints":615,"shape":6,"shapeName":"Earth spherical with radius of 6,371,229.0 m","gridUnits":"degrees","resolution":48,"winds":"true","scanMode":64,"nx":41,"ny":15,"basicAngle":0,"lo1":47.0,"la1":41.0,"lo2":87.0,"la2":55.0,"dx":1.0,"dy":1.0}, "data":
[rows 0 to 14 of 15, columns 0 to 40 of 41]
283.6409,278.4409,282.0409,292.4409,292.34088,291.7409,289.1409,288.4409,286.2409,285.5409,284.1409,284.84088,284.34088,285.0409,285.0409,282.9409,283.4409,283.84088,284.4409,284.9409,285.84088,282.1409,281.6409,281.2409,283.6409,284.4409,283.4409,270.9409,271.34088,272.0409,272.6409,270.1409,280.7409,286.34088,287.5409,288.4409,287.2409,287.5409,288.5409,288.1409,286.5409
270.4409,282.84088,291.7409,292.0409,291.9409,290.84088,286.84088,285.84088,284.34088,283.84088,284.2409,283.1409,283.2409,283.34088,283.2409,283.2409,282.6409,282.2409,281.4409,283.2409,285.0409,283.6409,282.34088,275.9409,263.6409,265.2409,277.0409,270.4409,272.6409,272.9409,274.84088,267.84088,273.7409,256.5409,272.0409,284.4409,283.1409,285.1409,287.7409,281.1409,283.4409
283.6409,291.34088,291.9409,291.7409,290.34088,287.0409,286.7409,288.1409,285.9409,282.5409,281.34088,282.2409,281.6409,281.84088,282.9409,281.34088,282.0409,279.7409,281.5409,283.7409,283.5409,284.0409,284.2409,281.2409,279.6409,280.6409,281.84088,281.84088,280.2409,274.9409,265.34088,275.4409,279.1409,279.7409,280.5409,277.9409,274.4409,273.34088,274.2409,270.34088,270.5409
286.4409,290.6409,291.7409,291.34088,289.4409,285.84088,286.7409,285.84088,285.5409,283.5409,282.1409,282.34088,289.5409,288.9409,281.4409,280.5409,280.2409,280.1409,282.34088,280.7409,282.1409,277.84088,281.7409,281.4409,282.34088,283.0409,283.4409,282.7409,282.4409,283.84088,283.9409,283.0409,287.1409,286.9409,286.9409,282.1409,274.6409,270.34088,273.9409,281.0409,284.9409
288.9409,290.1409,291.1409,290.2409,288.34088,288.4409,287.9409,286.84088,284.5409,284.1409,283.1409,282.1409,288.2409,287.1409,285.84088,279.6409,279.5409,279.34088,278.4409,280.4409,280.7409,280.6409,280.6409,280.7409,280.4409,280.6409,279.4409,282.34088,280.6409,281.0409,284.1409,284.1409,277.2409,271.4409,279.34088,288.1409,289.0409,289.5409,287.84088,288.2409,287.9409
287.9409,288.2409,289.2409,290.0409,290.0409,289.6409,286.9409,286.2409,283.84088,283.5409,283.5409,282.7409,287.1409,287.9409,283.34088,279.5409,280.84088,279.4409,279.6409,279.84088,279.34088,278.4409,278.6409,279.1409,278.7409,277.84088,277.0409,285.6409,281.0409,281.84088,281.7409,284.2409,284.2409,286.2409,285.4409,287.2409,281.5409,282.1409,287.1409,286.6409,287.0409
286.6409,286.6409,287.0409,287.6409,286.84088,283.6409,284.4409,283.84088,283.4409,282.7409,281.5409,281.34088,279.6409,279.4409,278.9409,280.84088,280.34088,280.1409,279.5409,278.34088,277.4409,277.5409,277.34088,276.6409,275.4409,276.0409,275.5409,277.0409,276.9409,277.4409,278.6409,279.4409,280.9409,283.34088,286.5409,285.7409,282.4409,280.34088,278.6409,274.9409,283.34088
284.9409,285.4409,285.4409,284.84088,284.6409,284.2409,281.2409,281.5409,280.5409,280.34088,279.4409,278.4409,278.2409,279.1409,278.6409,279.1409,279.34088,279.6409,278.9409,275.4409,276.1409,274.34088,274.6409,274.5409,274.0409,272.9409,272.84088,273.2409,272.6409,274.2409,274.2409,275.2409,275.34088,274.34088,277.4409,279.9409,282.0409,285.2409,283.6409,284.5409,282.2409
283.2409,280.6409,280.7409,281.7409,282.34088,281.2409,279.7409,279.34088,279.34088,278.5409,277.6409,276.9409,275.7409,277.1409,277.1409,277.84088,278.2409,277.5409,277.34088,275.34088,273.4409,273.1409,273.6409,272.2409,272.1409,272.6409,270.4409,269.5409,268.6409,268.84088,269.4409,271.4409,273.0409,274.2409,274.4409,274.6409,279.0409,278.6409,273.9409,273.84088,273.5409
277.0409,277.84088,278.0409,278.2409,278.84088,280.1409,280.34088,279.1409,278.1409,277.34088,276.4409,276.2409,276.6409,277.6409,277.4409,277.5409,277.5409,276.1409,275.4409,275.2409,273.9409,273.2409,273.2409,273.0409,272.2409,271.0409,270.9409,270.34088,269.84088,270.1409,269.6409,273.0409,274.1409,273.84088,273.84088,273.4409,272.84088,272.9409,277.34088,276.2409,274.34088
275.84088,276.1409,276.84088,276.0409,276.0409,276.2409,276.2409,276.7409,276.34088,277.1409,276.1409,275.9409,276.4409,275.84088,275.6409,276.1409,275.7409,276.6409,274.9409,274.84088,274.6409,273.5409,272.9409,272.6409,272.1409,272.1409,270.9409,272.84088,272.9409,274.0409,274.2409,274.5409,273.6409,274.1409,273.5409,272.0409,270.2409,270.4409,274.2409,271.7409,271.2409
275.1409,275.6409,274.6409,274.4409,274.7409,274.2409,275.1409,275.7409,276.1409,275.2409,273.84088,273.7409,274.5409,273.84088,274.0409,274.1409,273.9409,273.9409,273.7409,273.2409,272.5409,272.34088,271.7409,271.7409,271.2409,272.1409,272.2409,273.1409,273.4409,274.0409,273.4409,273.34088,274.1409,272.34088,273.1409,272.7409,273.34088,274.2409,273.2409,274.4409,275.84088
271.0409,270.5409,271.9409,271.7409,272.1409,272.1409,271.5409,272.2409,271.34088,271.6409,270.2409,269.0409,271.7409,271.5409,271.9409,272.0409,272.2409,271.9409,272.5409,271.9409,271.9409,270.9409,271.4409,270.6409,272.0409,272.9409,274.1409,273.2409,273.5409,273.4409,273.4409,273.4409,273.6409,274.0409,273.6409,272.5409,272.4409,274.5409,273.2409,273.84088,274.9409
268.1409,270.0409,277.7409,270.6409,269.84088,269.2409,268.9409,269.2409,269.6409,270.0409,269.9409,268.1409,268.84088,271.2409,271.4409,271.9409,271.9409,271.6409,271.84088,272.0409,272.1409,272.1409,272.5409,272.6409,272.9409,273.1409,273.0409,273.4409,273.34088,273.5409,273.7409,273.6409,273.7409,273.2409,273.6409,272.2409,272.84088,272.6409,272.6409,272.2409,273.84088
269.4409,270.9409,283.9409,270.4409,270.5409,268.7409,270.0409,269.1409,270.5409,269.7409,270.2409,269.5409,269.7409,271.0409,271.0409,271.6409,271.4409,270.84088,272.1409,271.6409,272.0409,272.1409,272.5409,272.2409,272.5409,272.6409,272.84088,272.84088,272.9409,273.0409,273.34088,278.84088,274.1409,273.34088,273.4409,273.4409,273.5409,272.9409,273.4409,273.6409,274.2409
