wind_kz.json
{"header": {"discipline":0,"disciplineName":"Meteorological products","gribEdition":2,"gribLength":1025,"center":7,"centerName":"US National Weather Service - NCEP(WMC)","subcenter":0,"refTime":"2023-09-24T18:00:00.000Z","significanceOfRT":1,"significanceOfRTName":"Start of forecast","productStatus":0,"productStatusName":"Operational products","productType":1,"productTypeName":"Forecast products","productDefinitionTemplate":0,"productDefinitionTemplateName":"Analysis/forecast at horizontal level/layer at a point in time","parameterCategory":2,"parameterCategoryName":"UnknownDiscipline_0_Category_2","parameterNumber":2,"parameterNumberName":"UnknownParameter_D0_C2_2","parameterUnit":"Unknown","genProcessType":2,"genProcessTypeName":"Forecast","forecastTime":240,"surface1Type":103,"surface1TypeName":"Specified height level above ground","surface1Value":10.0,"surface2Type":255,"surface2TypeName":"Missing","surface2Value":0.0,"gridDefinitionTemplate":0,"gridDefinitionTemplateName":"Latitude_Longitude","numberPoints":615,"shape":6,"shapeName":"Earth spherical with radius of 6,371,229.0 m","gridUnits":"degrees","resolution":48,"winds":"true","scanMode":64,"nx":41,"ny":15,"basicAngle":0,"lo1":47.0,"la1":41.0,"lo2":87.0,"la2":55.0,"dx":1.0,"dy":1.0}, "data":
[rows 0 to 14 of 15, columns 0 to 40 of 41]
0.75356936,0.76356936,1.6735693,5.4535694,6.2635694,5.153569,4.6235695,4.7235694,3.0135694,3.9735694,3.9235694,3.9735694,3.9135695,3.8535693,4.273569,2.4835694,0.89356935,2.6035693,2.6935694,2.7135694,-0.43643066,-1.7664306,-2.2664306,-3.7364306,0.27356935,-2.8364305,-4.6564307,0.7335693,0.18356934,1.7335694,1.2635694,1.4035693,1.3735694,0.06356934,-2.1464307,-1.7964307,-0.44643065,1.0235693,1.1435694,2.7635694,1.9335693
-0.73643064,1.0535693,3.3735693,4.3935695,2.4735694,7.3335695,5.7435694,2.6035693,4.503569,3.3135693,4.003569,4.0335693,3.8635693,3.5035694,4.153569,-1.8264307,-0.036430664,-0.65643066,-1.2164307,-2.4964306,-3.6464307,-3.6164308,-2.5364306,-5.0464306,-0.45643067,0.97356933,-0.47643065,1.5335693,0.39356935,0.08356933,0.66356933,0.66356933,1.6635693,-1.4964306,-0.066430666,0.32356933,0.66356933,0.29356933,-0.59643066,1.1135694,-0.20643066
1.9235693,8.193569,7.3235693,3.9135695,4.7935696,6.5135694,1.8635694,2.4835694,1.5135694,2.9835694,4.753569,4.7835693,3.3535693,3.7135694,-4.3664308,-3.6564307,-1.6864307,-3.6864307,-2.9964306,-4.226431,-4.0464306,-3.9564307,-3.7264307,-1.6664307,-1.6364306,-0.59643066,-2.1664307,-1.1264306,-3.3764307,-0.14643067,-1.3764306,1.8935694,2.6435692,0.9235693,1.9435693,-0.85643065,0.90356934,0.49356934,0.6235693,1.7435694,1.7135693
4.6335692,9.42357,4.7635694,5.1135693,4.9135695,5.8235693,5.0735693,4.8935695,5.0435696,4.8535695,4.213569,3.2035694,-0.77643067,-4.286431,-3.9464307,-3.2564306,-3.7164307,-3.1364307,-3.9964306,-3.4764307,-1.6064306,-1.0264306,-2.2364306,-2.4364307,-3.6364307,-0.59643066,0.75356936,-0.54643065,-0.7564307,-1.5464307,0.27356935,0.21356934,2.4435694,2.0435693,1.4035693,0.43356934,-1.3464307,2.5635693,1.0835693,-0.26643068,-0.6264307
3.3735693,4.9335694,5.3835692,3.8535693,5.1635695,4.4135695,6.8635693,6.673569,7.1135693,8.113569,5.0735693,3.3335693,0.26356933,-3.8864307,-2.3164306,-0.9364307,-1.7864307,-2.8564308,-2.9264307,-2.6664307,-2.4264307,-1.8264307,-1.5764307,-0.13643067,-0.45643067,1.8235693,-1.4364307,0.6735693,-4.4564304,-4.346431,-3.3064306,-1.2264307,-0.58643067,1.8335693,0.95356935,0.8635693,-0.35643065,-0.33643067,-1.3764306,-1.8864306,-1.6264306
2.7735693,3.1435692,5.213569,3.8235693,4.733569,6.8535695,7.0435696,7.1235695,6.8735695,4.2035694,-1.9964306,-0.12643066,-0.24643067,-1.4964306,-0.15643066,0.57356936,-2.4964306,-2.7564306,-1.9364307,0.47356933,1.3035693,0.9335693,1.1435694,1.9135693,-3.9864306,-5.2064304,-4.1164308,-5.346431,-4.5064306,-4.2064304,-3.1164308,-0.8264307,1.2335694,2.3035693,0.59356934,-2.9864306,0.5535693,-0.27643067,1.2335694,0.38356933,-0.8764307
3.3135693,2.8435693,4.5435696,1.1135694,4.0335693,5.9935694,7.173569,5.1135693,2.5635693,-0.046430662,-2.0464306,-3.0664306,-1.8864306,-0.14643067,1.4435693,-3.0264306,-3.2764306,-1.8964306,0.34356934,-1.4264307,-2.8364305,-3.3564308,-3.4964306,-4.096431,-3.8364305,-4.746431,-3.3264306,-3.1164308,-2.9364307,-4.1164308,-4.6364307,-3.8164306,0.13356933,-0.53643066,-2.2564306,-3.2364306,-0.8164307,1.6335694,-0.36643067,1.1135694,1.5935693
3.1135693,2.9735694,6.8035693,4.943569,4.153569,6.443569,5.6135693,5.2235694,-0.79643065,-1.7164307,-2.8564308,-4.1264305,-4.516431,-2.2764306,-2.2764306,-3.7164307,-2.9264307,-1.6964307,-2.1064308,-3.7464306,-2.8664308,-2.9964306,-2.5364306,-3.2764306,-3.2264307,-2.6164308,-3.0364306,-4.976431,-5.3864307,-4.766431,-5.346431,-2.3764307,-3.5764306,-1.7664306,-2.9164307,-0.5664307,1.7135693,2.8835692,0.69356936,-0.106430665,-1.9564307
3.7135694,4.8935695,5.0135694,1.6335694,6.6435695,5.9335694,5.3635693,4.3135695,-3.1264307,-2.8364305,-2.7764306,-4.4064307,-3.6664307,0.113569334,-0.33643067,-2.9564307,-2.2764306,-3.1164308,-2.5164306,-2.7064307,-2.6464307,-2.1164308,-2.6164308,-3.1064308,-3.0264306,-3.1564307,-2.8564308,-4.3864307,-3.3364305,-4.036431,-4.3864307,-1.9464307,-0.73643064,-1.9064307,-0.5664307,0.42356932,0.23356934,-1.8364307,-0.37643066,0.69356936,-2.0264306
2.1735694,2.7635694,-0.86643064,5.1335692,4.0835695,-0.59643066,-0.15643066,0.94356936,-2.7964306,-3.4364307,-5.6164308,-4.8664308,-3.1364307,-2.2864306,-4.9864306,-3.3564308,-2.0264306,-2.0964308,-2.5264306,-3.1464307,-3.8264306,-3.4964306,-3.1064308,-2.9064307,-3.6364307,-5.1564307,-5.9564304,-6.016431,-4.746431,-4.0264306,-3.5864305,-2.6264307,-2.2164307,-2.7164307,-0.8864307,1.1235694,-1.1364306,0.18356934,-1.0064306,0.33356935,-0.97643065
1.3935694,1.6835693,1.3135693,0.17356934,-0.23643066,-1.5564307,1.0535693,-0.99643064,-2.7964306,-3.0664306,-2.7864306,-1.8164307,-1.0764307,-3.0164306,-4.226431,-2.9764307,0.83356935,-1.8064307,-3.4664307,-3.9164307,-3.9664307,-4.1064305,-4.246431,-5.2564306,-4.5864305,-6.346431,-6.1064305,-5.9464307,-5.576431,-4.5664306,-4.4064307,-3.5664306,-3.9364307,-3.4864306,-2.3864307,-0.84643066,-1.1364306,0.023569336,-0.41643065,0.30356935,-0.85643065
0.36356935,-0.37643066,0.34356934,0.16356933,1.0935693,-1.1664307,1.1035694,-2.4964306,-2.5364306,-3.3364305,-4.476431,-2.0064306,-3.1764307,-4.036431,-3.3864307,-2.9964306,-1.5464307,-3.3464308,-4.226431,-3.5664306,-6.016431,-5.1464305,-7.326431,-6.5864305,-7.056431,-7.0864305,-7.306431,-6.786431,-6.9364305,-6.1364307,-4.846431,-5.2164307,-3.8564308,-4.4264307,-3.5664306,-3.7864306,-3.8664308,-2.6764307,-1.3864306,0.83356935,0.43356934
-0.67643064,-0.29643068,-0.6364307,-0.08643066,0.34356934,-1.3964306,-2.9564307,-2.8664308,-4.3864307,-3.3664308,-2.4064307,-4.9164305,-3.3364305,-3.9664307,-2.4964306,-2.6764307,-3.0364306,-5.306431,-3.2664306,-5.786431,-5.7764306,-6.346431,-5.826431,-6.2564306,-8.256431,-7.7364306,-8.386431,-6.9564304,-7.306431,-5.8864307,-5.8864307,-5.226431,-5.096431,-5.0664306,-3.9364307,-4.4264307,-3.6964307,-2.2564306,-2.9064307,-1.6664307,-0.33643067
-0.78643066,-0.65643066,0.23356934,-0.40643066,-1.0864307,-3.2664306,-3.4364307,-2.8064306,-1.2064307,-2.1664307,-1.9564307,-2.8964307,-2.5764306,-2.5964308,-3.5064306,-5.096431,-5.4664307,-5.7064304,-6.6564307,-6.8964305,-7.3664308,-7.596431,-8.306431,-8.386431,-7.9464307,-7.9564304,-7.2364306,-6.7064304,-6.0664306,-5.806431,-5.8364305,-5.2364306,-4.8164306,-4.766431,-3.5564306,-4.2964306,-3.1164308,-3.1364307,-3.0064306,-1.5864307,1.3335693
-1.0964307,-0.8164307,-1.9064307,-1.6764307,-2.0564306,-1.9464307,-2.6464307,-3.1664307,-3.3264306,-5.306431,-3.7664306,-3.0964308,-2.2164307,-2.4364307,-4.4164305,-5.6264305,-6.3664308,-7.3164306,-6.596431,-8.186431,-7.976431,-8.296431,-7.6064305,-7.6064305,-7.4264307,-6.6264305,-5.8864307,-5.5064306,-5.4864306,-5.5264306,-5.1864305,-5.266431,-4.4064307,-4.016431,-3.5364306,-3.3964307,-2.7064307,-2.5864305,-1.6964307,-1.8664306,-1.4764307
