wind_kz.json
{"header": {"discipline":0,"disciplineName":"Meteorological products","gribEdition":2,"gribLength":1025,"center":7,"centerName":"US National Weather Service - NCEP(WMC)","subcenter":0,"refTime":"2023-09-26T06:00:00.000Z","significanceOfRT":1,"significanceOfRTName":"Start of forecast","productStatus":0,"productStatusName":"Operational products","productType":1,"productTypeName":"Forecast products","productDefinitionTemplate":0,"productDefinitionTemplateName":"Analysis/forecast at horizontal level/layer at a point in time","parameterCategory":2,"parameterCategoryName":"UnknownDiscipline_0_Category_2","parameterNumber":2,"parameterNumberName":"UnknownParameter_D0_C2_2","parameterUnit":"Unknown","genProcessType":2,"genProcessTypeName":"Forecast","forecastTime":240,"surface1Type":103,"surface1TypeName":"Specified height level above ground","surface1Value":10.0,"surface2Type":255,"surface2TypeName":"Missing","surface2Value":0.0,"gridDefinitionTemplate":0,"gridDefinitionTemplateName":"Latitude_Longitude","numberPoints":615,"shape":6,"shapeName":"Earth spherical with radius of 6,371,229.0 m","gridUnits":"degrees","resolution":48,"winds":"true","scanMode":64,"nx":41,"ny":15,"basicAngle":0,"lo1":47.0,"la1":41.0,"lo2":87.0,"la2":55.0,"dx":1.0,"dy":1.0}, "data":
[rows 0 to 14 of 15, columns 0 to 40 of 41]
-0.48866883,0.99133116,-1.9986688,0.9713312,-1.7686688,-2.9286687,-1.6586689,-0.6586688,0.14133118,0.5813312,1.8613312,2.4713311,2.3313313,1.6613312,1.1213312,0.41133118,-0.56866884,-1.0886688,-2.1986687,-3.7986689,-2.1786687,-1.1586689,0.061331175,2.6413312,-1.2286688,0.4313312,1.2013311,2.781331,0.6413312,0.12133118,-0.21866882,1.1113312,-0.23866883,-1.3586688,-3.3886688,-3.4286687,-4.738669,-4.758669,-4.488669,-5.0386686,-0.75866884
1.7213311,-2.0386689,-0.5386688,-2.728669,-1.7686688,-0.8586688,0.4013312,1.2113311,2.5813313,3.6513312,4.611331,5.141331,4.821331,5.511331,5.901331,4.4613314,2.4013312,2.011331,0.81133115,-0.38866884,-1.1786689,-0.82866883,-0.55866885,3.1713312,0.74133116,-0.018668823,0.22133118,0.2713312,1.4713311,1.1713312,0.5313312,0.74133116,-0.8986688,-0.058668822,0.33133116,0.35133117,-0.048668824,-0.82866883,-1.2086688,-1.0486689,-0.82866883
-2.748669,-1.8486688,0.35133117,-0.6486688,-0.9086688,0.92133117,1.9413311,2.8913312,4.411331,4.851331,5.9213314,6.4813313,6.971331,7.611331,6.2713313,5.431331,5.861331,7.161331,5.871331,4.121331,2.3413312,1.5613312,1.7613312,3.0713313,-1.1186688,-1.2786689,-0.8386688,-0.10866883,-0.9786688,-1.3786688,0.32133117,-1.9786688,0.12133118,0.9013312,-1.6286688,1.0113312,0.26133117,-0.15866882,2.2213311,2.271331,-0.87866884
-3.5886688,-3.988669,-4.0386686,-3.9386687,-0.93866885,1.4913312,2.8113313,5.201331,5.801331,6.031331,6.861331,7.781331,8.081331,6.471331,6.761331,5.6913314,5.801331,5.721331,5.3313313,6.2713313,3.9113312,4.1913314,-0.6686688,0.8913312,1.6313312,1.4013312,1.4213312,1.9013312,0.7213312,1.9913312,0.2713312,-0.018668823,-0.018668823,-0.99866885,-1.1586689,1.6213312,-0.46866882,1.4113312,-1.2286688,0.31133118,-0.33866882
-2.6386688,-2.6286688,-2.2886689,-1.4886688,0.33133116,2.521331,4.7513313,5.471331,6.011331,7.111331,8.611331,10.821331,10.131331,9.671331,7.4613314,7.411331,6.301331,6.721331,6.131331,4.661331,4.741331,5.451331,5.4413314,4.4413314,3.4413311,4.6713314,6.0813313,3.3113313,4.381331,4.0213313,4.401331,4.3313313,0.021331176,-0.36866882,-2.3786688,-0.82866883,-0.06866882,0.041331176,-0.038668822,-0.3186688,-0.55866885
0.8413312,1.7713312,1.3513312,1.0113312,1.8013312,3.1113312,4.031331,5.571331,6.3113313,7.5213313,8.101331,10.221332,12.441331,11.66133,9.661331,6.0813313,6.611331,5.951331,7.161331,6.471331,6.9613314,7.091331,6.871331,6.7513313,6.241331,6.221331,6.931331,5.0813313,7.1913314,6.1713314,5.361331,4.761331,4.471331,2.5913312,3.2913313,2.6213312,3.8613312,2.9313312,0.5413312,0.8413312,1.6413312
1.6013312,0.6413312,0.35133117,1.9513311,2.521331,3.001331,4.601331,5.551331,6.361331,7.141331,7.531331,8.761332,9.641331,12.521331,8.0913315,7.131331,7.071331,4.591331,5.991331,7.431331,7.551331,7.6913314,6.9613314,6.7713313,7.121331,6.3313313,7.2913313,7.101331,7.471331,7.1713314,6.551331,3.6613312,1.6713312,-0.018668823,-2.518669,-0.5986688,1.6113312,-0.39866883,3.3913312,0.011331176,-0.18866882
0.20133118,1.4513311,2.491331,3.2213311,4.181331,4.181331,4.621331,4.821331,5.7713313,6.6913314,8.321331,6.241331,5.9813313,1.5313312,2.521331,5.341331,6.3313313,6.261331,7.611331,8.8413315,9.351331,8.431332,8.101331,6.611331,6.371331,6.261331,6.991331,6.111331,6.7113314,5.0213313,4.391331,3.5713313,-0.3486688,1.9713311,3.521331,-1.7886689,-1.2086688,-1.1886688,-1.3586688,-0.048668824,1.2713312
1.7213311,2.5813313,3.6713312,4.361331,4.631331,5.3113313,4.931331,5.321331,6.301331,7.101331,6.721331,6.131331,6.991331,5.281331,7.101331,5.5213313,6.651331,8.241331,9.291331,9.161331,9.201331,8.981331,9.3013315,5.301331,5.701331,6.2313313,6.821331,6.0413313,5.201331,2.771331,3.0613313,2.3413312,3.4413311,1.3813312,1.9713311,-1.6086688,-1.2686688,1.3613312,-0.118668824,0.44133118,-0.56866884
2.3713312,3.8913312,4.0613313,4.0413313,4.431331,4.9813313,5.0613313,5.261331,6.601331,6.991331,6.701331,7.301331,7.341331,7.881331,7.721331,7.881331,7.201331,5.141331,4.801331,3.8813312,6.601331,4.591331,5.241331,2.521331,4.8113313,5.681331,6.0613313,6.031331,5.861331,5.151331,4.0013313,1.9713311,0.031331178,-0.27866882,-0.8386688,-1.3886688,-1.7086688,-1.4186689,2.1013312,0.8913312,-0.6586688
2.8513312,4.121331,3.8113313,4.111331,4.531331,5.0213313,5.2313313,5.4413314,5.801331,5.371331,5.681331,6.9613314,8.911331,8.941331,8.731331,6.651331,4.3113313,7.391331,3.8413312,6.221331,6.901331,4.1913314,2.3413312,4.631331,3.9213312,4.4613314,5.471331,5.861331,6.301331,4.5413313,0.13133118,-2.3086689,-2.1886687,-0.7186688,-0.88866884,-0.40866882,-0.10866883,0.9013312,0.0013311767,-0.35866883,0.55133116
3.031331,3.511331,3.5413313,3.531331,4.4813313,3.9413311,4.2513313,5.091331,5.321331,5.091331,4.891331,5.7913313,4.701331,1.5913311,0.31133118,3.2113311,7.011331,6.7513313,3.1813312,3.501331,3.1713312,2.2113311,2.4613311,3.4113312,4.2713313,4.861331,4.141331,3.761331,-0.038668822,-3.258669,-4.128669,-3.738669,-1.2286688,-0.80866885,-0.118668824,0.7613312,0.4013312,-0.12866883,0.15133117,-0.7386688,-1.3386688
3.1213312,3.3813312,3.001331,4.0813313,3.491331,3.4213312,4.4813313,5.011331,5.611331,4.301331,3.6013312,5.151331,6.0413313,2.9313312,2.6913311,-1.6986688,0.7613312,2.491331,1.8713312,0.021331176,1.6813312,2.3313313,3.3413312,3.1413312,3.2013311,3.4713311,-2.5386689,-2.8386688,-5.2286687,-4.9386687,-5.4986687,-4.2686687,-3.5886688,-3.0486689,-2.5386689,-3.0286689,-2.6086688,-1.6386688,-2.738669,-2.6886687,-2.218669
4.101331,3.1213312,4.221331,4.181331,4.0213313,4.131331,4.551331,4.491331,3.9713311,4.601331,3.2113311,1.4113312,3.6813312,2.8113313,3.2913313,1.7913312,1.6613312,2.5413313,1.0213312,-2.5586689,-1.6886688,1.1313312,-0.27866882,-0.08866882,-3.0586689,-5.2486687,-6.0586686,-5.4386687,-5.568669,-6.098669,-4.5386686,-4.9786687,-4.5386686,-5.0786686,-4.2686687,-3.8686688,-3.3886688,-3.3786688,-2.5986688,-2.8986688,-3.2886689
2.9013312,3.021331,5.2113314,4.5813313,4.431331,4.3113313,4.9413314,4.371331,4.241331,4.201331,2.4413311,3.011331,0.61133116,0.9013312,-0.43866882,1.7913312,1.4413311,-1.7086688,-2.3886688,-2.8286688,-2.3686688,-3.8686688,-4.838669,-5.378669,-5.6686687,-4.4786687,-5.6686687,-6.8086686,-5.618669,-4.678669,-6.148669,-5.008669,-4.758669,-4.378669,-3.8586688,-3.518669,-2.0286689,-2.2986689,-2.8986688,-2.228669,-0.9886688
