wind_kz.json
{"header": {"discipline":0,"disciplineName":"Meteorological products","gribEdition":2,"gribLength":871,"center":7,"centerName":"US National Weather Service - NCEP(WMC)","subcenter":0,"refTime":"2023-09-11T00:00:00.000Z","significanceOfRT":1,"significanceOfRTName":"Start of forecast","productStatus":0,"productStatusName":"Operational products","productType":1,"productTypeName":"Forecast products","productDefinitionTemplate":0,"productDefinitionTemplateName":"Analysis/forecast at horizontal level/layer at a point in time","parameterCategory":0,"parameterCategoryName":"UnknownDiscipline_0_Category_0","parameterNumber":0,"parameterNumberName":"UnknownParameter_D0_C0_0","parameterUnit":"Unknown","genProcessType":2,"genProcessTypeName":"Forecast","forecastTime":240,"surface1Type":1,"surface1TypeName":"Ground or water surface","surface1Value":0.0,"surface2Type":255,"surface2TypeName":"Missing","surface2Value":0.0,"gridDefinitionTemplate":0,"gridDefinitionTemplateName":"Latitude_Longitude","numberPoints":615,"shape":6,"shapeName":"Earth spherical with radius of 6,371,229.0 m","gridUnits":"degrees","resolution":48,"winds":"true","scanMode":64,"nx":41,"ny":15,"basicAngle":0,"lo1":47.0,"la1":41.0,"lo2":87.0,"la2":55.0,"dx":1.0,"dy":1.0}, "data":
[rows 0 to 14 of 15, columns 0 to 40 of 41]
290.22046,283.82047,285.62045,296.72046,296.62045,295.52045,293.52045,295.62045,293.12045,292.92047,290.22046,291.52045,290.92047,291.02045,290.52045,288.62045,287.62045,286.82047,287.32047,287.62045,288.62045,283.42047,284.62045,284.42047,283.42047,285.12045,283.52045,271.12045,271.12045,272.12045,271.22046,274.32047,282.82047,287.32047,291.32047,290.62045,287.12045,287.02045,288.82047,291.52045,288.32047
271.12045,285.32047,295.92047,296.12045,296.02045,294.22046,292.02045,291.52045,290.32047,290.62045,290.92047,289.42047,289.22046,288.92047,288.82047,289.02045,286.52045,286.52045,284.32047,286.22046,288.22046,286.52045,285.82047,279.52045,265.32047,263.42047,278.72046,269.12045,272.02045,266.22046,272.82047,267.42047,272.82047,249.52046,262.62045,287.02045,282.12045,285.22046,288.92047,282.52045,283.82047
286.42047,295.22046,296.12045,295.82047,293.92047,292.62045,292.42047,290.42047,289.12045,288.82047,288.32047,289.32047,288.52045,288.82047,289.52045,286.62045,285.92047,285.02045,288.62045,285.32047,288.42047,287.32047,287.22046,281.72046,281.92047,281.82047,283.42047,282.72046,282.02045,277.32047,266.02045,269.62045,275.22046,273.82047,275.52045,275.32047,265.72046,269.22046,270.22046,268.02045,266.62045
287.12045,294.32047,295.32047,294.72046,292.02045,289.02045,289.92047,288.22046,291.22046,291.52045,289.12045,289.92047,292.52045,291.92047,290.72046,290.52045,288.92047,286.52045,286.22046,285.42047,284.82047,281.62045,285.72046,286.12045,286.62045,286.62045,287.42047,287.12045,284.02045,286.12045,285.42047,283.82047,285.42047,284.32047,283.22046,279.82047,265.02045,259.42047,270.92047,279.12045,282.92047
289.82047,292.32047,293.52045,292.22046,290.62045,289.62045,290.62045,290.12045,289.82047,289.12045,289.42047,288.12045,291.42047,290.32047,288.82047,289.32047,289.52045,288.62045,286.72046,287.92047,287.62045,287.92047,286.62045,286.92047,287.02045,288.02045,286.02045,287.22046,285.02045,285.62045,286.82047,283.52045,273.12045,262.32047,274.02045,282.72046,288.02045,286.62045,286.52045,286.02045,285.72046
288.52045,285.82047,291.82047,291.22046,291.52045,290.52045,289.52045,292.82047,289.72046,291.02045,289.32047,289.22046,290.72046,291.42047,290.42047,288.72046,290.12045,288.82047,288.62045,288.82047,287.52045,286.72046,286.42047,285.72046,285.22046,284.32047,284.92047,289.32047,287.32047,287.82047,286.12045,287.22046,285.52045,283.62045,281.52045,285.72046,277.32047,278.82047,283.92047,285.42047,284.92047
288.22046,286.72046,289.32047,288.82047,289.62045,288.42047,289.42047,289.22046,290.22046,290.52045,289.02045,289.12045,289.82047,288.62045,289.32047,289.92047,289.22046,288.32047,287.22046,286.72046,285.92047,285.92047,286.42047,286.12045,284.72046,284.62045,284.02045,285.02045,284.62045,285.22046,285.12045,285.22046,284.52045,285.62045,285.22046,284.72046,279.12045,274.42047,272.02045,271.42047,281.22046
287.82047,287.82047,289.52045,289.52045,290.12045,289.62045,288.82047,287.82047,286.82047,287.42047,289.22046,289.82047,289.62045,289.12045,288.62045,289.72046,289.52045,289.12045,287.62045,285.12045,284.02045,283.72046,284.12045,284.12045,283.42047,280.92047,281.92047,285.12045,282.22046,283.02045,282.32047,282.42047,282.12045,280.82047,281.42047,281.32047,282.32047,288.12045,282.02045,281.72046,277.92047
287.72046,287.72046,288.32047,288.02045,288.92047,288.42047,288.02045,287.42047,286.22046,285.92047,285.12045,284.92047,284.82047,286.12045,286.92047,287.92047,287.82047,289.82047,286.92047,285.82047,283.82047,283.92047,283.62045,281.52045,281.02045,282.32047,279.72046,282.72046,279.22046,277.72046,281.82047,282.62045,283.72046,283.02045,283.42047,280.62045,280.72046,279.82047,269.22046,270.02045,268.32047
285.42047,286.22046,286.52045,285.82047,286.72046,287.92047,287.22046,285.82047,286.22046,285.82047,284.32047,283.52045,284.32047,284.22046,284.42047,285.22046,286.02045,286.22046,286.72046,286.52045,285.22046,286.22046,284.02045,283.62045,283.12045,284.62045,281.82047,282.22046,280.42047,279.82047,279.82047,281.62045,283.22046,283.32047,282.52045,281.02045,280.42047,276.02045,270.52045,271.42047,270.62045
282.82047,282.82047,282.82047,283.02045,282.02045,282.02045,284.32047,284.52045,285.12045,286.12045,286.52045,284.82047,286.52045,283.92047,283.22046,283.52045,283.52045,284.92047,285.42047,284.92047,285.92047,282.82047,282.12045,282.72046,283.22046,284.62045,283.32047,282.72046,285.22046,284.02045,283.92047,284.22046,283.52045,283.52045,282.72046,280.72046,277.62045,274.32047,272.62045,274.22046,272.02045
278.02045,279.12045,280.42047,280.42047,280.22046,280.42047,280.32047,280.92047,281.32047,282.82047,282.52045,282.22046,284.22046,284.52045,284.02045,284.62045,283.52045,283.32047,283.32047,283.52045,283.22046,281.82047,280.72046,280.52045,280.22046,280.82047,280.92047,282.12045,282.92047,283.62045,283.72046,283.22046,283.12045,281.62045,282.52045,284.92047,283.42047,280.02045,280.12045,279.52045,278.72046
276.42047,276.92047,277.92047,278.12045,277.32047,277.32047,278.02045,277.92047,278.92047,278.02045,278.82047,278.92047,281.22046,281.12045,281.42047,282.02045,282.72046,283.12045,281.82047,281.22046,281.72046,282.12045,281.82047,279.82047,279.52045,280.72046,281.92047,280.92047,281.42047,281.42047,282.12045,282.52045,282.22046,281.82047,281.72046,281.52045,281.82047,281.32047,281.12045,279.62045,282.82047
272.22046,274.12045,280.72046,274.22046,273.42047,272.52045,273.12045,272.92047,274.22046,276.02045,275.62045,275.22046,276.32047,277.32047,279.82047,280.72046,280.52045,280.42047,280.42047,280.92047,279.92047,280.82047,281.32047,281.02045,280.02045,280.02045,279.52045,280.62045,279.52045,279.92047,280.72046,281.62045,281.72046,282.72046,282.62045,281.22046,279.42047,279.52045,279.32047,278.92047,279.82047
270.32047,272.62045,287.02045,273.22046,273.42047,272.02045,272.82047,271.52045,272.52045,271.42047,272.92047,270.82047,273.72046,274.92047,275.62045,276.32047,276.92047,278.52045,279.42047,279.72046,280.12045,279.32047,279.02045,279.02045,279.32047,278.82047,278.62045,278.62045,278.92047,279.32047,281.32047,283.42047,282.32047,280.62045,277.92047,277.92047,277.92047,277.22046,277.42047,278.32047,281.92047
