wind_kz.json
{"header": {"discipline":0,"disciplineName":"Meteorological products","gribEdition":2,"gribLength":871,"center":7,"centerName":"US National Weather Service - NCEP(WMC)","subcenter":0,"refTime":"2023-09-23T18:00:00.000Z","significanceOfRT":1,"significanceOfRTName":"Start of forecast","productStatus":0,"productStatusName":"Operational products","productType":1,"productTypeName":"Forecast products","productDefinitionTemplate":0,"productDefinitionTemplateName":"Analysis/forecast at horizontal level/layer at a point in time","parameterCategory":0,"parameterCategoryName":"UnknownDiscipline_0_Category_0","parameterNumber":0,"parameterNumberName":"UnknownParameter_D0_C0_0","parameterUnit":"Unknown","genProcessType":2,"genProcessTypeName":"Forecast","forecastTime":120,"surface1Type":1,"surface1TypeName":"Ground or water surface","surface1Value":0.0,"surface2Type":255,"surface2TypeName":"Missing","surface2Value":0.0,"gridDefinitionTemplate":0,"gridDefinitionTemplateName":"Latitude_Longitude","numberPoints":615,"shape":6,"shapeName":"Earth spherical with radius of 6,371,229.0 m","gridUnits":"degrees","resolution":48,"winds":"true","scanMode":64,"nx":41,"ny":15,"basicAngle":0,"lo1":47.0,"la1":41.0,"lo2":87.0,"la2":55.0,"dx":1.0,"dy":1.0}, "data":
[rows 0 to 14 of 15, columns 0 to 40 of 41]
290.69998,282.09998,287.09998,293.89996,293.8,293.09998,294.8,295.99997,293.39996,292.19998,291.59998,293.3,293.19998,293.3,292.39996,290.8,291.69998,292.49997,290.49997,290.69998,291.99997,289.8,286.89996,284.19998,288.89996,290.8,287.69998,275.69998,275.09998,275.69998,275.59998,275.59998,284.39996,289.59998,290.99997,291.19998,291.8,291.09998,290.8,290.3,288.99997
274.49997,286.19998,293.39996,293.8,293.39996,292.3,294.59998,293.8,292.09998,291.99997,293.3,291.3,291.8,288.89996,287.8,288.69998,289.3,290.39996,290.69998,289.39996,288.89996,290.99997,287.3,280.8,272.69998,275.19998,279.99997,277.19998,279.3,272.89996,279.8,269.59998,277.99997,261.59998,274.09998,287.09998,286.59998,288.59998,291.3,283.69998,283.69998
288.09998,293.19998,293.69998,293.19998,291.49997,293.09998,293.49997,292.69998,291.59998,292.09998,293.69998,294.3,293.09998,292.99997,291.99997,288.19998,288.09998,286.3,289.69998,289.89996,292.19998,289.09998,287.8,283.99997,287.09998,289.69998,291.19998,290.09998,288.19998,279.89996,273.99997,275.19998,281.39996,279.8,280.19998,280.89996,272.49997,275.19998,275.69998,270.8,270.19998
290.09998,292.69998,293.59998,292.59998,292.19998,291.99997,293.09998,292.09998,292.09998,291.99997,291.39996,292.19998,291.3,290.59998,289.89996,289.69998,289.69998,291.59998,287.39996,289.89996,290.3,285.8,290.39996,290.59998,290.69998,293.09998,293.39996,288.49997,288.89996,288.89996,291.19998,288.19998,291.19998,287.69998,285.99997,283.69998,268.8,264.39996,275.69998,282.09998,284.99997
291.69998,292.39996,292.69998,291.8,291.8,291.39996,292.69998,292.39996,291.8,291.89996,291.3,291.99997,289.99997,288.99997,287.59998,289.59998,290.69998,292.09998,289.39996,290.69998,292.19998,292.69998,291.59998,289.69998,289.49997,290.69998,288.69998,288.8,290.09998,289.49997,291.3,288.19998,276.69998,268.59998,277.09998,284.39996,288.89996,288.09998,288.19998,288.3,287.89996
291.49997,289.49997,290.99997,291.89996,291.99997,291.49997,291.99997,293.3,291.09998,291.59998,291.99997,291.69998,290.09998,290.09998,290.89996,289.49997,292.89996,290.49997,288.8,288.59998,290.09998,292.59998,292.89996,290.99997,290.09998,287.59998,286.8,288.09998,291.19998,291.59998,289.39996,289.59998,287.99997,285.99997,283.89996,286.89996,278.99997,281.39996,285.39996,286.99997,286.59998
290.8,289.49997,293.99997,294.19998,292.09998,291.8,292.3,291.19998,291.69998,292.09998,290.19998,289.59998,289.09998,289.49997,288.8,290.59998,291.09998,290.3,288.59998,286.69998,287.69998,290.49997,291.59998,291.49997,289.99997,290.89996,287.8,291.59998,287.99997,288.49997,288.59998,288.59998,288.09998,287.89996,285.99997,284.69998,279.8,276.69998,271.39996,272.39996,281.59998
291.59998,290.39996,292.19998,292.59998,292.59998,292.19998,291.09998,289.19998,289.09998,289.3,288.09998,287.49997,287.39996,287.99997,288.8,289.3,288.19998,289.69998,289.49997,284.89996,285.19998,288.3,288.49997,288.09998,287.99997,284.8,286.19998,287.49997,286.59998,285.3,285.49997,286.8,285.19998,285.69998,281.99997,281.69998,282.69998,286.89996,281.69998,280.69998,275.8
289.39996,288.39996,288.8,288.19998,289.89996,289.3,287.89996,288.49997,287.69998,286.59998,286.09998,285.59998,285.39996,286.59998,288.99997,288.39996,287.99997,285.49997,286.89996,283.8,282.8,283.19998,285.49997,285.39996,284.99997,284.39996,284.19998,282.19998,281.89996,281.89996,281.8,282.39996,283.89996,285.39996,283.3,282.59998,278.99997,277.99997,262.8,263.19998,260.09998
287.59998,288.09998,287.89996,287.49997,287.8,287.3,286.99997,286.69998,286.39996,285.69998,283.8,283.89996,284.69998,285.3,286.99997,287.8,286.19998,285.8,285.49997,286.89996,282.89996,284.49997,284.8,284.19998,285.09998,283.49997,283.19998,283.89996,284.89996,283.89996,282.59998,284.89996,286.3,284.49997,282.09998,281.39996,281.09998,273.89996,268.8,266.59998,260.59998
285.8,285.99997,286.19998,285.99997,285.89996,285.19998,285.39996,284.89996,284.09998,283.69998,283.8,286.8,283.89996,283.19998,283.49997,285.99997,283.99997,285.8,286.19998,286.59998,286.69998,284.3,284.49997,284.39996,283.69998,283.49997,283.49997,284.59998,284.09998,285.09998,284.69998,283.99997,283.09998,283.3,281.8,281.19998,278.59998,270.89996,270.89996,272.49997,265.69998
282.89996,284.3,284.3,284.09998,283.3,283.49997,282.3,281.99997,282.3,282.09998,279.99997,281.19998,282.59998,281.39996,282.09998,282.59998,282.69998,282.3,283.3,283.19998,281.8,284.3,283.99997,283.8,282.8,283.3,285.09998,285.59998,286.09998,284.49997,283.89996,283.69998,283.99997,282.09998,283.19998,283.99997,282.49997,281.99997,279.89996,280.09998,276.09998
282.3,282.3,282.39996,282.8,283.49997,283.39996,281.49997,281.3,280.49997,279.59998,278.8,277.09998,280.69998,280.09998,281.8,281.59998,281.99997,281.8,282.69998,281.59998,280.89996,280.19998,282.3,282.39996,283.99997,284.89996,284.99997,284.59998,283.39996,282.8,282.69998,282.3,281.89996,281.89996,282.19998,281.69998,280.8,281.59998,281.59998,280.09998,279.09998
280.19998,282.39996,284.19998,282.59998,281.8,280.49997,280.49997,280.19998,280.09998,279.8,278.69998,276.59998,277.39996,279.49997,280.09998,280.99997,281.3,280.89996,282.89996,281.89996,281.19998,280.69998,282.59998,282.8,284.19998,284.8,283.99997,284.39996,283.69998,282.3,281.09998,280.69998,280.3,279.89996,280.39996,279.99997,280.99997,279.09998,278.3,278.39996,278.8
281.99997,282.69998,285.99997,282.39996,282.19998,279.99997,280.59998,278.19998,278.8,279.39996,283.49997,282.39996,281.09998,278.8,279.69998,280.09998,280.19998,280.89996,283.49997,283.39996,283.19998,281.09998,283.89996,281.39996,281.8,281.49997,281.89996,282.99997,283.59998,282.59998,281.89996,281.69998,279.69998,279.19998,280.09998,280.89996,279.8,280.39996,280.69998,279.99997,278.59998
