wind_kz.json
{"header": {"discipline":0,"disciplineName":"Meteorological products","gribEdition":2,"gribLength":871,"center":7,"centerName":"US National Weather Service - NCEP(WMC)","subcenter":0,"refTime":"2023-09-09T00:00:00.000Z","significanceOfRT":1,"significanceOfRTName":"Start of forecast","productStatus":0,"productStatusName":"Operational products","productType":1,"productTypeName":"Forecast products","productDefinitionTemplate":0,"productDefinitionTemplateName":"Analysis/forecast at horizontal level/layer at a point in time","parameterCategory":0,"parameterCategoryName":"UnknownDiscipline_0_Category_0","parameterNumber":0,"parameterNumberName":"UnknownParameter_D0_C0_0","parameterUnit":"Unknown","genProcessType":2,"genProcessTypeName":"Forecast","forecastTime":0,"surface1Type":1,"surface1TypeName":"Ground or water surface","surface1Value":0.0,"surface2Type":255,"surface2TypeName":"Missing","surface2Value":0.0,"gridDefinitionTemplate":0,"gridDefinitionTemplateName":"Latitude_Longitude","numberPoints":615,"shape":6,"shapeName":"Earth spherical with radius of 6,371,229.0 m","gridUnits":"degrees","resolution":48,"winds":"true","scanMode":64,"nx":41,"ny":15,"basicAngle":0,"lo1":47.0,"la1":41.0,"lo2":87.0,"la2":55.0,"dx":1.0,"dy":1.0}, "data":
[rows 0 to 14 of 15, columns 0 to 40 of 41]
291.99945,285.09946,286.99945,298.29947,298.09946,296.99945,296.79947,297.99945,296.09946,294.69946,293.29947,294.39948,293.09946,293.29947,293.39948,291.29947,291.89948,291.99945,291.49945,294.39948,296.19946,291.79947,291.49945,289.09946,288.29947,290.09946,288.99945,276.19946,274.19946,273.89948,272.49945,274.89948,285.69946,290.69946,291.59946,292.29947,291.39948,292.19946,291.89948,292.59946,293.09946
277.49945,288.49945,297.79947,297.99945,297.69946,295.79947,294.89948,294.09946,293.99945,291.99945,292.79947,292.19946,291.49945,290.59946,289.79947,289.69946,289.39948,289.29947,289.89948,290.49945,291.09946,293.99945,293.49945,286.19946,276.79947,275.79947,281.29947,273.29947,273.79947,271.19946,278.99945,267.59946,276.89948,257.09946,272.79947,289.49945,288.79947,291.29947,293.99945,286.89948,283.99945
288.19946,297.29947,298.19946,297.79947,295.29947,291.99945,290.19946,289.79947,289.89948,289.39948,289.39948,290.29947,288.79947,289.99945,290.79947,288.99945,287.99945,287.79947,289.29947,289.99945,291.29947,292.69946,292.69946,288.39948,291.49945,293.49945,290.39948,289.29947,289.29947,281.19946,272.49945,274.49945,278.89948,278.29947,280.69946,280.89948,274.09946,275.29947,277.59946,273.49945,271.89948
284.79947,296.69946,297.79947,296.99945,292.49945,286.49945,286.19946,285.89948,286.69946,286.79947,287.99945,287.89948,293.99945,293.29947,289.79947,289.89948,289.49945,289.59946,291.29947,290.69946,290.29947,286.39948,291.19946,293.69946,293.39948,293.99945,293.19946,290.39948,289.29947,290.99945,290.49945,288.29947,290.99945,288.39948,287.99945,284.49945,275.09946,273.59946,279.09946,288.29947,292.09946
286.59946,294.69946,295.89948,294.59946,291.29947,286.79947,287.49945,286.99945,286.59946,286.89948,286.49945,285.89948,293.29947,291.99945,290.29947,289.29947,289.89948,290.29947,290.39948,291.39948,292.19946,292.99945,291.89948,292.49945,292.19946,293.79947,290.89948,291.79947,290.79947,289.89948,290.49945,288.79947,277.79947,273.39948,281.29947,287.19946,290.39948,289.89948,290.79947,291.19946,291.59946
285.89948,284.29947,293.99945,293.39948,293.89948,292.99945,289.29947,288.99945,286.79947,286.69946,286.89948,286.99945,291.79947,293.09946,290.39948,288.29947,290.69946,290.09946,290.99945,290.49945,290.79947,290.49945,290.99945,291.49945,291.79947,290.49945,288.99945,291.69946,289.99945,290.79947,288.49945,288.99945,286.89948,284.89948,283.79947,286.89948,279.89948,281.39948,286.69946,289.19946,287.89948
286.89948,285.69946,289.19946,290.19946,290.49945,288.49945,288.39948,287.39948,286.89948,286.79947,284.99945,284.89948,284.69946,285.19946,285.89948,288.29947,289.59946,290.39948,290.19946,291.59946,290.79947,291.79947,292.29947,291.89948,289.79947,289.19946,286.89948,287.59946,287.29947,287.39948,287.09946,285.69946,285.19946,286.09946,285.09946,283.89948,279.59946,276.39948,278.89948,273.69946,284.79947
285.99945,284.59946,284.99945,286.09946,286.79947,286.09946,285.39948,284.59946,284.09946,284.09946,283.29947,283.69946,283.39948,284.39948,285.89948,286.89948,287.79947,289.59946,289.09946,289.09946,288.49945,288.29947,287.09946,287.59946,286.69946,283.59946,283.59946,284.29947,283.29947,285.49945,284.39948,284.39948,282.19946,278.99945,278.29947,279.99945,281.49945,289.19946,280.29947,281.79947,278.09946
283.29947,283.79947,283.09946,281.69946,283.79947,283.59946,281.99945,283.39948,283.29947,282.79947,282.49945,281.89948,281.99945,283.59946,284.19946,285.59946,286.69946,288.59946,287.69946,286.19946,286.39948,284.39948,286.09946,285.89948,286.69946,287.49945,285.79947,285.09946,281.19946,283.09946,283.99945,280.09946,280.89948,282.99945,281.09946,279.69946,278.79947,277.99945,268.99945,271.39948,275.09946
284.59946,284.59946,281.09946,281.99945,280.59946,280.79947,279.89948,281.29947,282.49945,282.49945,280.89948,280.49945,281.59946,282.09946,283.19946,284.29947,285.29947,286.99945,287.09946,286.39948,287.49945,286.09946,287.59946,288.39948,286.89948,286.69946,286.09946,283.39948,282.99945,284.19946,280.79947,283.49945,285.19946,284.39948,282.59946,279.69946,279.09946,274.69946,270.59946,275.09946,274.49945
282.19946,281.69946,281.19946,279.19946,278.99945,279.19946,280.29947,280.59946,279.99945,280.19946,280.19946,279.89948,281.39948,281.19946,283.59946,283.89948,285.39948,287.09946,286.89948,288.19946,288.59946,287.99945,286.39948,286.39948,284.59946,286.59946,285.39948,285.29947,286.89948,284.59946,283.79947,284.09946,284.39948,287.99945,287.39948,281.69946,278.29947,274.19946,271.79947,276.59946,275.99945
282.59946,282.59946,280.09946,277.79947,277.79947,278.39948,277.99945,278.49945,279.69946,281.59946,280.59946,281.99945,283.29947,283.59946,283.39948,286.09946,286.89948,286.89948,287.79947,287.89948,286.59946,285.19946,285.09946,285.29947,284.49945,286.59946,285.99945,286.09946,287.29947,283.99945,282.49945,283.29947,284.09946,285.69946,285.49945,283.29947,282.79947,281.39948,280.99945,282.89948,278.89948
279.69946,275.79947,277.89948,282.19946,278.79947,279.39948,279.29947,281.19946,280.89948,281.09946,280.59946,280.99945,282.79947,282.69946,285.09946,285.89948,286.19946,286.49945,287.69946,286.69946,286.39948,285.29947,284.79947,284.69946,282.49945,283.59946,284.09946,283.29947,282.69946,281.29947,281.89948,281.49945,284.39948,284.39948,283.09946,284.29947,282.49945,284.09946,279.99945,280.19946,280.59946
277.79947,279.39948,284.19946,280.29947,279.99945,279.89948,280.59946,280.29947,281.29947,281.89948,282.09946,282.29947,282.79947,283.29947,283.39948,283.69946,283.69946,282.89948,286.29947,285.99945,285.39948,283.19946,282.69946,282.29947,282.29947,282.19946,281.59946,281.19946,280.79947,280.69946,280.49945,280.29947,279.69946,279.09946,279.19946,278.99945,279.09946,279.89948,277.99945,278.09946,279.69946
276.99945,279.69946,289.09946,280.99945,280.59946,279.49945,280.89948,281.29947,285.89948,285.19946,285.29947,284.09946,282.69946,283.59946,283.29947,282.89948,283.69946,283.39948,284.09946,282.89948,282.09946,281.39948,280.99945,280.59946,280.89948,280.99945,284.79947,280.69946,279.99945,279.89948,279.89948,281.09946,279.09946,278.29947,278.39948,278.39948,278.59946,277.79947,278.29947,278.49945,280.89948
