wind_kz.json
{"header": {"discipline":0,"disciplineName":"Meteorological products","gribEdition":2,"gribLength":1025,"center":7,"centerName":"US National Weather Service - NCEP(WMC)","subcenter":0,"refTime":"2023-09-27T12:00:00.000Z","significanceOfRT":1,"significanceOfRTName":"Start of forecast","productStatus":0,"productStatusName":"Operational products","productType":1,"productTypeName":"Forecast products","productDefinitionTemplate":0,"productDefinitionTemplateName":"Analysis/forecast at horizontal level/layer at a point in time","parameterCategory":2,"parameterCategoryName":"UnknownDiscipline_0_Category_2","parameterNumber":2,"parameterNumberName":"UnknownParameter_D0_C2_2","parameterUnit":"Unknown","genProcessType":2,"genProcessTypeName":"Forecast","forecastTime":120,"surface1Type":103,"surface1TypeName":"Specified height level above ground","surface1Value":10.0,"surface2Type":255,"surface2TypeName":"Missing","surface2Value":0.0,"gridDefinitionTemplate":0,"gridDefinitionTemplateName":"Latitude_Longitude","numberPoints":615,"shape":6,"shapeName":"Earth spherical with radius of 6,371,229.0 m","gridUnits":"degrees","resolution":48,"winds":"true","scanMode":64,"nx":41,"ny":15,"basicAngle":0,"lo1":47.0,"la1":41.0,"lo2":87.0,"la2":55.0,"dx":1.0,"dy":1.0}, "data":
[rows 0 to 14 of 15, columns 0 to 40 of 41]
2.0205152,1.9005151,-1.2594849,-4.169485,-2.379485,-2.2194848,-5.869485,-7.5694847,-7.329485,-6.1294847,-5.729485,-5.199485,-4.349485,-3.389485,-2.2794847,-1.4094849,-0.86948484,0.6105151,2.930515,3.9705153,2.430515,1.8905151,3.620515,3.950515,1.8305151,1.8605151,2.2405152,2.7405152,1.1705152,0.8005151,-0.28948486,1.1405151,-1.3194848,5.151367E-4,0.32051513,0.16051513,0.39051515,-0.33948487,0.50051516,-1.5294849,-0.27948487
-0.35948485,0.30051515,-3.6694849,-6.219485,-4.249485,-0.039484862,-4.479485,-6.119485,-6.419485,-5.739485,-5.2794847,-3.9494848,-2.4094849,-3.6894848,-3.119485,-1.3694849,0.34051514,0.8605151,3.180515,3.8305151,3.9805152,-0.33948487,2.870515,3.170515,2.640515,0.8505151,0.09051514,2.190515,0.30051515,2.0505152,0.77051514,1.2305151,-0.74948484,-1.5094849,0.41051513,1.3505151,1.4305152,-0.20948486,-0.68948483,-1.7394849,-0.079484865
-2.2594848,-4.519485,-6.509485,-6.489485,-4.489485,-3.4094849,-5.619485,-5.6494846,-5.889485,-5.999485,-5.769485,-4.749485,-3.4894848,-1.9594848,-2.2494848,-1.7994848,-0.93948483,0.97051513,2.120515,2.9705153,4.300515,3.0005152,3.360515,4.040515,-1.4394848,0.6805151,-0.5194849,0.6805151,2.7305152,0.22051513,-0.68948483,-0.6294849,0.9305151,-0.24948487,0.82051516,0.22051513,0.8005151,0.7405151,-1.4894849,1.4505152,-1.6694849
-5.449485,-5.729485,-5.919485,-4.199485,0.13051514,-3.8994849,-4.509485,-4.559485,-5.389485,-5.349485,-6.349485,-6.189485,-4.199485,-2.2594848,0.9305151,-2.119485,-1.0294849,-1.0494848,0.26051512,-0.99948484,1.4405152,2.180515,0.41051513,0.34051514,0.33051515,1.0905151,1.1405151,-7.719485,-5.099485,-3.049485,-0.43948486,1.2805152,1.5605152,3.180515,2.9705153,-2.1794848,-0.77948487,1.2905152,-2.2094848,-3.6694849,-2.9094849
-5.889485,-4.919485,-3.839485,-1.3994849,-1.7194848,-3.7794847,-1.1894848,-3.4694848,-4.199485,-4.329485,-5.329485,-5.239485,-3.3994849,-1.4094849,1.9705151,-2.319485,-2.569485,-5.219485,-6.249485,-5.889485,-5.219485,-3.9994848,-3.109485,-4.1494846,-6.869485,-7.939485,-7.199485,-6.0894847,-5.939485,-5.2994847,-4.849485,-2.549485,-0.8194849,0.40051514,-0.90948486,-2.0094848,-3.9794848,-3.629485,-3.6894848,-3.5194848,-2.9694848
-4.469485,-4.8794847,-4.139485,-3.1694849,-2.0294847,-2.1594849,0.89051515,-2.6794848,-2.069485,-3.2494848,-3.4194849,-2.4794848,-0.15948486,1.4505152,-0.7094849,-2.639485,-1.9794849,-3.1994848,-2.9694848,-3.9194849,-4.539485,-4.539485,-5.489485,-5.499485,-7.3794847,-7.169485,-7.219485,-5.5694847,-5.1294847,-5.219485,-4.189485,-3.5194848,-0.84948486,0.53051513,0.53051513,-4.429485,0.82051516,-3.2294848,-2.4294848,-1.3194848,-2.869485
-1.5794848,-1.4794849,-0.39948487,-1.5294849,-1.5394849,-0.27948487,1.5105151,-1.0194849,-0.35948485,-1.3694849,-2.639485,-2.369485,-2.839485,-2.9394848,-3.2394848,-3.369485,-2.339485,-1.8094848,-1.6994848,-1.5494848,-2.109485,-2.7194848,-4.459485,-4.2994847,-4.759485,-5.249485,-5.5294847,-5.0294847,-5.0294847,-4.669485,-4.349485,-3.109485,-2.4694848,0.96051514,-2.2394848,0.34051514,-1.1194849,-1.4794849,0.45051515,0.90051514,-2.559485
-1.3994849,-0.28948486,0.7905151,0.53051513,1.0805151,1.0605152,0.17051513,-0.60948485,-0.9594849,-1.3894849,0.32051513,-0.71948487,-2.349485,-1.9194849,-1.4894849,-4.079485,-1.6494849,-2.119485,-2.5094848,-2.549485,-4.1294847,-4.119485,-4.2794847,-2.849485,-3.389485,-4.179485,-3.2594848,-3.569485,-4.739485,-4.429485,-4.889485,-4.219485,-3.579485,-2.4794848,-5.0294847,-3.559485,-1.6594849,1.3805151,-1.2794849,0.31051514,1.1805152
0.36051515,1.7005152,0.76051515,0.36051515,0.40051514,0.59051514,0.57051516,1.8605151,-0.53948486,-2.8994849,-0.65948486,-0.55948484,-1.4294848,-0.96948487,-1.8194848,-1.2594849,-2.789485,-3.089485,-2.1794848,-1.8894849,-3.0194848,-2.559485,-2.1894848,-3.4694848,-3.139485,-2.869485,-3.359485,-3.309485,-3.7294848,-4.3594847,-3.0094848,-3.329485,-1.7694849,-1.0594848,-0.38948485,1.1705152,-1.1694849,-1.2094848,-0.12948486,-0.49948487,-2.1494849
1.4705151,1.2705151,0.8605151,0.25051513,0.17051513,-0.23948486,0.35051513,0.81051517,-2.9694848,1.9905151,-0.48948488,-0.35948485,-0.80948484,0.5505151,-0.55948484,-2.099485,-2.1494849,-2.6494849,-2.6594849,-2.9594848,-2.9894848,-2.299485,-2.1994848,-4.689485,-3.639485,-3.9394848,-3.789485,-3.539485,-3.329485,-3.799485,-2.539485,-1.7294849,-0.67948484,0.060515136,-0.23948486,0.8505151,0.6805151,0.12051514,0.30051515,-0.49948487,-0.67948484
1.1705152,0.97051513,1.2005152,0.29051512,-1.6194849,5.151367E-4,0.18051514,-0.67948484,-0.35948485,-1.0294849,-1.1294849,-1.0594848,-0.65948486,-0.29948485,-0.7094849,-0.98948485,-1.5894848,-2.2794847,-3.0194848,-2.839485,-3.2294848,-4.519485,-3.869485,-2.9694848,-3.369485,-3.6894848,-3.6494849,-3.6694849,-3.599485,-2.849485,-1.5694848,-1.9194849,-1.2694849,-2.889485,-1.5194849,-0.32948485,-0.7094849,0.100515135,-0.42948487,0.83051515,-1.4794849
0.88051516,1.2005152,1.3805151,0.9205151,0.060515136,-0.7594849,-0.009484863,-0.43948486,-0.55948484,-1.0694848,-0.49948487,-1.1394849,0.36051515,0.89051515,0.82051516,0.51051515,-0.019484863,-0.24948487,-1.0194849,-1.2594849,-1.9594848,-2.569485,-1.1594849,-2.4994848,-2.5294847,-3.139485,-3.1794848,-3.119485,-2.609485,-2.389485,-2.119485,-2.1494849,-1.7794849,-2.109485,-2.289485,-1.7594849,-2.4894848,-2.0094848,-1.6794848,-0.8394849,-0.38948485
1.4305152,1.6505151,2.110515,1.4905151,0.97051513,0.6005151,0.14051513,0.6705151,0.6705151,0.010515137,0.8505151,1.5505152,0.69051516,1.9905151,1.9005151,2.2505152,2.5405152,1.0205151,1.6005151,0.40051514,0.5405151,0.32051513,0.44051513,0.56051517,-0.18948486,-1.3994849,-2.1694849,-1.7894849,-1.9794849,-2.0094848,-2.129485,-2.0194848,-1.4694848,-2.359485,-2.099485,-2.4094849,-2.2394848,-1.5994849,-2.109485,-1.9694848,-0.6994849
1.6205151,3.0405152,1.3905151,3.0905151,2.400515,1.7505151,1.9605151,1.7205151,1.8505151,1.3805151,1.2005152,1.0505152,2.4805152,1.9905151,2.460515,2.5305152,2.2905152,2.0505152,2.150515,2.2405152,1.7905152,1.8105152,1.1805152,1.2005152,0.9105151,0.52051514,-0.029484862,-0.05948486,-0.49948487,-1.0894848,-1.0394849,-1.0094849,-0.5194849,-1.1694849,-0.61948484,-1.7694849,-1.1594849,-1.0194849,-2.0094848,-1.4394848,-0.33948487
1.3305151,1.0405152,3.7305152,3.5505152,4.3905153,3.3505151,3.4705153,3.1005151,2.5505152,1.8905151,1.1005151,2.8505151,1.5605152,0.36051515,2.7305152,2.7905152,3.0805151,2.680515,2.890515,3.390515,3.610515,2.9805152,2.2205153,1.8105152,1.6405151,1.7405151,1.5805151,1.3805151,0.6805151,0.34051514,-1.6394849,1.0505152,0.49051514,0.77051514,0.18051514,-0.049484864,0.5405151,-0.7594849,-1.1994848,-0.92948484,-0.049484864
