wind_kz.json
{"header": {"discipline":0,"disciplineName":"Meteorological products","gribEdition":2,"gribLength":1025,"center":7,"centerName":"US National Weather Service - NCEP(WMC)","subcenter":0,"refTime":"2023-08-22T18:00:00.000Z","significanceOfRT":1,"significanceOfRTName":"Start of forecast","productStatus":0,"productStatusName":"Operational products","productType":1,"productTypeName":"Forecast products","productDefinitionTemplate":0,"productDefinitionTemplateName":"Analysis/forecast at horizontal level/layer at a point in time","parameterCategory":2,"parameterCategoryName":"UnknownDiscipline_0_Category_2","parameterNumber":3,"parameterNumberName":"UnknownParameter_D0_C2_3","parameterUnit":"Unknown","genProcessType":2,"genProcessTypeName":"Forecast","forecastTime":240,"surface1Type":103,"surface1TypeName":"Specified height level above ground","surface1Value":10.0,"surface2Type":255,"surface2TypeName":"Missing","surface2Value":0.0,"gridDefinitionTemplate":0,"gridDefinitionTemplateName":"Latitude_Longitude","numberPoints":615,"shape":6,"shapeName":"Earth spherical with radius of 6,371,229.0 m","gridUnits":"degrees","resolution":48,"winds":"true","scanMode":64,"nx":41,"ny":15,"basicAngle":0,"lo1":47.0,"la1":41.0,"lo2":87.0,"la2":55.0,"dx":1.0,"dy":1.0}, "data":
[rows 0 to 14 of 15, columns 0 to 40 of 41]
4.2968483,-0.9531519,-1.0031519,-6.4131517,-8.323152,-9.793152,-6.833152,-5.303152,-2.763152,-3.8631518,-3.9131517,4.056848,3.056848,2.486848,-0.80315185,-0.6331518,-0.46315184,-2.1631517,-3.183152,-1.2831519,-3.1631517,-4.793152,-4.0331516,-0.28315187,-1.2631519,0.19684814,0.41684815,1.3468481,0.95684814,1.6868482,1.2968482,0.41684815,1.5668482,0.18684815,0.22684814,1.0868481,1.3568481,-0.32315186,0.89684814,0.026848145,-1.6631519
3.5868483,-0.45315185,-3.6631517,-6.2631516,-7.843152,-8.953152,-5.463152,-8.593152,-7.093152,-7.4331517,-10.693151,4.2368484,3.9768481,3.816848,3.0968482,0.96684813,0.95684814,-2.0731518,-3.9131517,-3.673152,-4.053152,-4.4931517,-2.233152,0.08684815,1.3368481,1.5968481,-1.6831518,2.996848,-1.5531518,0.56684816,1.8968482,2.4668481,-1.0131519,1.8068482,0.6768482,-0.84315187,0.27684814,-2.3931518,0.21684815,-2.3031518,2.316848
1.5668482,0.37684813,-2.3231518,-5.653152,-9.343152,-5.9331517,-5.883152,-6.503152,-4.853152,-7.093152,-8.073152,-8.113152,4.8168483,5.1068482,5.036848,4.2968483,2.066848,-0.28315187,-2.7731519,-4.303152,-4.6831517,-4.003152,-2.3531518,-0.50315183,-0.5731518,-0.13315186,1.7768482,0.8568481,-0.5831519,2.3468482,3.996848,0.21684815,2.1268482,0.21684815,0.68684816,0.74684817,1.0968481,-4.333152,-0.8931519,-0.10315186,0.28684816
3.6668482,3.8368483,1.0168481,-2.443152,-4.573152,-4.653152,-5.4131517,-5.073152,-3.743152,-4.4131517,-5.9331517,-5.1831517,-6.793152,-2.3631518,3.3668482,3.4168482,3.1068482,1.1968482,-1.1631519,-3.0831518,-4.593152,-2.5431519,-1.5431519,-3.8531518,-4.733152,-2.0331519,-1.4031519,1.3868481,1.3468481,-1.8631519,0.026848145,-0.9531519,-1.0931518,-0.6431519,1.2268481,0.35684815,1.2068481,2.546848,0.71684813,1.6668482,2.4768481
1.9568481,3.1068482,1.8568481,0.81684816,-0.94315183,-1.4631518,-2.683152,-3.223152,-2.933152,-3.1431518,-4.123152,-3.693152,-2.253152,-3.233152,-5.023152,5.686848,4.786848,3.8368483,2.8368483,-1.2431519,-3.0431519,-4.113152,-4.0131516,-3.963152,-4.963152,-0.29315186,-1.9631518,-0.9531519,-1.3131518,-2.513152,-2.0931518,0.52684814,2.4568481,3.236848,-0.73315185,-1.9531518,-2.453152,1.0768481,2.4368482,1.0768481,-3.1331518
-4.173152,-2.8831518,-3.0931518,0.39684814,0.46684813,-0.47315186,-0.20315185,-0.10315186,-2.9031518,-2.1231518,1.0968481,-3.223152,-0.6431519,1.2368481,1.0768481,-0.94315183,-1.2131518,1.8768481,4.156848,3.3468482,0.55684817,-2.4131517,-3.963152,-2.5631518,-2.723152,0.34684813,0.70684814,-1.8531518,-2.3031518,-2.5631518,-2.8231518,-2.2931519,0.47684816,2.2068481,2.1368482,-2.8831518,1.2468481,-1.2031518,-1.5731518,-3.0831518,-0.25315186
-3.6131518,-3.253152,-3.483152,-3.6631517,-5.153152,-5.503152,1.4368482,-0.033151854,1.0268482,-0.46315184,-0.113151856,-2.0231519,-3.443152,0.42684814,1.0568482,1.6668482,0.45684814,-0.72315186,-0.65315187,4.306848,2.9268482,-0.8931519,-2.7831519,-3.473152,-2.463152,-1.8131518,1.3568481,2.1768482,0.096848145,-2.253152,-1.9131519,-2.1431518,-3.953152,-3.3631518,0.65684813,-1.1831518,-2.263152,-1.6531519,-1.1531519,-0.7631519,-1.8831519
-3.0731518,-2.8131518,-2.8431518,-2.2731519,-5.563152,-6.7031517,-7.343152,-5.1831517,-3.0831518,2.576848,0.48684815,-1.1131519,-1.2631519,-1.2031518,-2.5931518,-3.6131518,1.5168481,1.8368481,-0.6431519,-1.3631519,-0.5131519,1.2668481,-1.4731518,-1.4831519,-2.3331518,-0.18315186,-0.18315186,-1.4031519,1.9368482,0.88684815,-1.1031518,-0.62315184,-1.7631519,-3.1131518,-1.9031519,-1.3031518,1.4368482,-1.9131519,0.62684816,1.7868482,-0.50315183
-3.3631518,-3.193152,-2.3231518,-1.5131519,-4.003152,-3.5931518,-5.063152,-6.693152,-2.5431519,-0.013151855,1.7268481,0.83684814,1.3968482,2.1368482,-0.10315186,-0.27315184,2.1068482,2.026848,3.1168482,2.026848,1.0768481,-0.9531519,-3.983152,-1.5431519,1.1068481,-1.2631519,1.9668481,-0.023151856,1.7268481,1.7268481,1.3868481,1.2168481,1.3068482,-1.5931518,-1.4531518,-1.1231519,-2.5731518,-0.94315183,-0.84315187,-1.3731519,-2.213152
-3.503152,-2.7931519,-3.483152,-4.333152,-2.743152,-3.953152,-3.8831518,-3.6631517,-4.083152,-4.463152,-1.8031518,-1.7531519,1.2068481,-0.41315186,1.8968482,2.286848,-0.90315187,-0.86315185,2.9468482,1.7068481,2.276848,1.4868481,-0.73315185,-1.7231518,-3.1631517,-4.323152,0.42684814,1.6368481,0.95684814,-2.1331518,2.1068482,1.9968481,-1.5131519,-3.5231519,-0.94315183,0.0068481443,0.27684814,-2.1231518,0.50684816,0.6068481,1.8068482
-4.463152,-4.1631517,-1.6431519,-1.8231518,-3.8931518,-3.463152,-2.203152,-3.0531518,-2.3131518,-1.6331519,-0.87315184,-1.0331519,-1.4431518,-2.7831519,0.10684814,3.1468482,4.136848,2.1068482,3.6468482,2.4168482,2.6568482,2.3468482,1.7368481,-0.7131519,-1.6631519,-2.8031518,-0.8831518,0.35684815,3.316848,2.4768481,2.6168482,1.1868482,-2.3831518,-2.513152,-2.983152,-0.41315186,-0.34315187,1.3468481,-0.6431519,-0.78315187,-0.013151855
-1.5631518,-3.013152,-3.433152,-3.5731518,-3.5531518,-3.2931519,-2.3131518,-1.5831518,-1.6331519,-1.2831519,0.36684814,-0.59315187,1.9368482,1.4668481,-1.4431518,1.9468482,1.6368481,0.9268482,3.0868483,3.6568482,2.566848,2.9768481,2.9668481,1.9968481,1.8168482,-0.66315186,-2.203152,-3.0231519,2.9068482,3.756848,3.1668482,1.1168481,-0.0031518554,-1.7931519,-0.61315185,-1.0031519,-1.0831518,0.10684814,0.76684815,0.59684813,0.41684815
-2.8031518,-1.3531518,-3.443152,-2.8831518,-2.673152,-1.4831519,-2.013152,-1.8031518,-2.003152,-0.91315186,-0.07315186,-0.29315186,0.0068481443,2.296848,1.1968482,-0.29315186,0.83684814,3.7068481,3.266848,3.316848,3.506848,3.8468482,3.4668481,2.786848,2.746848,2.1368482,-0.85315186,-4.063152,1.4468482,3.296848,3.8368483,3.1168482,1.1868482,0.24684815,-0.06315186,0.88684815,-0.90315187,-0.8331519,-1.8831519,-1.9131519,-1.6931518
-2.753152,-4.2631516,-4.333152,-3.443152,-3.6131518,-2.2731519,-2.8731518,-2.003152,-1.2731519,-2.0831518,0.41684815,-0.31315187,-0.38315186,-0.023151856,-0.67315185,0.14684814,2.266848,2.986848,3.036848,3.016848,3.1968482,3.306848,3.316848,3.4368482,3.6168482,2.6068482,2.6868482,-0.023151856,-2.713152,1.6968482,2.996848,3.3968482,2.9468482,0.8568481,0.88684815,1.4968481,0.27684814,-1.3231518,-1.4631518,-1.1931518,-1.8631519
-2.1531518,-2.6431518,-5.553152,-3.6131518,-3.6031518,-2.0531518,-2.3731518,-2.7931519,-1.8431518,-0.81315184,0.25684816,0.08684815,0.6068481,-0.083151855,0.16684814,-1.5431519,1.2168481,1.9468482,2.236848,2.566848,2.776848,2.9468482,3.026848,3.506848,3.566848,3.5868483,3.1868482,1.7568481,0.31684816,2.316848,0.7968481,2.816848,2.496848,1.3268481,1.2768482,2.6868482,1.2168481,0.83684814,-0.61315185,-2.483152,-1.1731519
