wind_kz.json
{"header": {"discipline":0,"disciplineName":"Meteorological products","gribEdition":2,"gribLength":1025,"center":7,"centerName":"US National Weather Service - NCEP(WMC)","subcenter":0,"refTime":"2023-09-22T18:00:00.000Z","significanceOfRT":1,"significanceOfRTName":"Start of forecast","productStatus":0,"productStatusName":"Operational products","productType":1,"productTypeName":"Forecast products","productDefinitionTemplate":0,"productDefinitionTemplateName":"Analysis/forecast at horizontal level/layer at a point in time","parameterCategory":2,"parameterCategoryName":"UnknownDiscipline_0_Category_2","parameterNumber":2,"parameterNumberName":"UnknownParameter_D0_C2_2","parameterUnit":"Unknown","genProcessType":2,"genProcessTypeName":"Forecast","forecastTime":180,"surface1Type":103,"surface1TypeName":"Specified height level above ground","surface1Value":10.0,"surface2Type":255,"surface2TypeName":"Missing","surface2Value":0.0,"gridDefinitionTemplate":0,"gridDefinitionTemplateName":"Latitude_Longitude","numberPoints":615,"shape":6,"shapeName":"Earth spherical with radius of 6,371,229.0 m","gridUnits":"degrees","resolution":48,"winds":"true","scanMode":64,"nx":41,"ny":15,"basicAngle":0,"lo1":47.0,"la1":41.0,"lo2":87.0,"la2":55.0,"dx":1.0,"dy":1.0}, "data":
[rows 0 to 14 of 15, columns 0 to 40 of 41]
-0.80092776,1.2090722,-1.3009278,-1.5509278,-1.1009277,-4.6109276,-4.770928,-6.3809276,-7.310928,-4.330928,-5.3809276,-4.390928,-4.830928,-4.7809277,-3.9309278,-3.0709276,-2.1409278,-0.24092774,-1.0309278,-0.5909277,-0.30092773,-0.33092773,2.6690722,1.3290722,-2.1809278,-1.8609277,0.5290723,2.7190723,0.48907226,0.17907226,-1.7609277,1.1290723,0.41907227,-0.7209277,0.45907226,0.25907227,0.88907224,-0.20092773,-1.2409277,1.1090722,2.6590722
-0.19092773,-2.0809278,-5.8009276,-3.6509278,-4.710928,-5.370928,-4.330928,-6.020928,-5.8609276,-5.410928,-5.4209275,-6.140928,-4.980928,-3.0909278,-2.4309278,-1.8009278,-0.9109277,-0.050927736,1.2790723,1.9990723,2.7790723,3.4290724,2.8790722,-0.5909277,1.4190723,-0.5409277,0.5290723,2.0090723,2.9990723,1.4190723,0.45907226,0.26907226,-0.94092774,1.1190723,0.46907225,1.6090722,1.0090723,1.4190723,1.1490723,-1.2809278,-0.87092775
-3.8509278,-4.620928,-4.540928,-4.4509277,-6.270928,-5.750928,-5.480928,-4.7409277,-5.790928,-5.000928,-5.020928,-4.710928,-3.2209277,-2.0409276,-0.68092775,1.1890723,0.7190723,2.2090724,4.4090724,5.129072,4.749072,4.149072,6.0990725,7.3690724,5.8090725,2.5890722,0.80907226,1.2390723,3.2990723,0.5190723,1.4490722,-2.0009277,-0.15092774,0.28907228,0.25907227,1.4990723,0.27907225,-0.15092774,-0.62092775,-1.0209278,-0.34092772
-7.3009276,-6.850928,-8.070928,-8.120928,-5.2809277,-4.790928,-4.6709275,-4.230928,-4.6709275,-3.8809278,-3.3009276,-1.1109277,-1.1209277,-2.4409277,-0.9809277,0.46907225,1.8490722,3.2590723,2.7890723,4.2590723,4.439072,4.839072,0.7690723,6.0790725,4.4490724,5.0490723,-1.0509278,-1.3409277,5.169072,6.4290724,2.4490724,1.4090723,3.2790723,1.0290723,0.54907227,1.6290723,0.12907226,-0.5309277,-1.3609277,-0.55092776,-0.23092774
-6.750928,-7.1909275,-7.3809276,-6.890928,-5.410928,-4.9309278,-4.8009276,-4.6909275,-4.370928,-4.370928,-4.0309277,-4.5909276,-3.3009276,-3.1109278,-0.8309277,-1.8709277,-1.1309277,-1.1209277,-1.2809278,-0.7709277,-0.34092772,2.6390722,4.0290723,3.5590723,6.979072,1.2190722,-3.4709277,2.7690723,7.7190723,9.399073,-2.0509276,-1.0609277,1.2090722,-0.25092775,-1.8409277,-1.1709278,-0.120927736,-1.7709278,-1.3909278,-0.75092775,0.23907226
-6.640928,-6.770928,-6.660928,-5.870928,-5.730928,-6.0709276,-5.330928,-4.2809277,-3.4709277,-4.5309277,-4.500928,-3.8209276,-3.1109278,-3.2809277,-2.8109276,-3.3409278,-2.7909276,-2.4709277,-1.7109277,-1.0509278,-2.3209276,-0.89092773,1.4990723,0.089072265,-4.140928,-5.620928,-3.1609278,4.0690722,2.8990722,-3.3009276,-5.3209276,-4.1509275,-3.1709278,-3.9309278,-3.4509277,-1.0809277,-1.4409277,-1.1909277,-1.3509277,0.009072266,-2.3909278
-6.4009275,-6.5109277,-5.8009276,-5.4509277,-5.1909275,-4.5309277,-4.4909277,-4.230928,-4.290928,-4.390928,-4.3209276,-4.0709276,-3.5509276,-3.4609277,-2.6709278,-3.5009277,-3.2809277,-2.7809277,-2.7409277,-2.5109277,-3.6109278,-4.290928,-3.8109276,-0.020927735,-4.0309277,-3.9209278,-4.6709275,-4.620928,-4.4209275,-3.7509277,-4.5109277,-5.060928,-3.5109277,-1.7009277,1.3990723,1.8090723,1.0390723,-1.7809278,2.1690722,-1.1409278,-0.17092773
-4.4009275,-4.0309277,-4.460928,-4.620928,-4.000928,-2.7709277,-2.9709277,-2.7809277,-4.210928,-3.8209276,-3.2509277,-3.3809278,-3.7209277,-3.5009277,-2.9009278,-2.5509276,-3.1809278,-3.7209277,-3.8909278,-3.5309277,-3.9909277,-4.5909276,-5.330928,-3.4409277,-2.0609276,-1.7309277,-3.8309278,-1.8609277,-5.330928,-4.6509275,-5.4209275,-3.8809278,-4.080928,-3.0009277,-2.7409277,-1.4609277,0.23907226,0.55907226,1.5390723,1.2590723,2.3690722
-4.140928,-4.1309276,-4.140928,-3.5309277,-2.9009278,-3.0409276,-3.2209277,-4.210928,-3.6509278,-3.3609278,-2.8309278,-2.6109278,-2.8709278,-2.4809277,-2.8909278,-2.5109277,-3.2909276,-3.5209277,-4.120928,-4.3809276,-4.980928,-4.6909275,-3.9909277,-3.1809278,-3.4209278,-1.9809277,-0.5909277,-0.7909277,-3.0109277,-2.9609277,-4.1109276,-3.5009277,-2.6409278,-1.4809277,-0.17092773,1.4790722,0.69907224,0.18907227,0.24907227,0.37907228,0.6590723
-3.4309278,-3.0309277,-3.0609276,-2.7509277,-2.6609278,-2.7209277,-3.0809278,-2.7209277,-2.1809278,-1.5009277,-1.2109277,-1.0209278,-0.56092775,-1.1209277,-1.9709277,-2.2109277,-2.8909278,-3.0209277,-3.2609277,-3.6909277,-5.0309277,-4.1309276,-4.1709275,-3.9609277,-4.1509275,-4.410928,-3.6609278,-2.8409278,-3.4409277,-3.0309277,-2.2509277,-3.3409278,-1.6309277,-1.0109277,-0.060927734,0.88907224,2.0690722,0.32907227,2.3590722,0.8990723,-0.21092774
-2.1309278,-2.3009276,-2.1209278,-2.3809278,-2.3709278,-2.2209277,-1.0409278,-0.30092773,0.15907227,0.61907226,1.4090723,2.0390723,1.2990723,0.74907225,0.26907226,-0.6509277,-1.1509278,-1.5009277,-2.1709278,-2.9309278,-3.0609276,-3.8109276,-4.3609276,-4.6309276,-4.890928,-4.6809278,-5.0909276,-3.9409277,-3.4809277,-2.7309277,-2.9309278,-2.0709276,-1.0809277,-0.6009277,-0.55092776,0.5290723,1.1990722,1.1990722,0.79907227,0.29907227,1.2290722
-1.1609278,-0.63092774,-0.7309277,-0.5909277,-0.93092775,-0.6509277,-0.68092775,-0.14092773,0.26907226,0.92907226,2.3890722,3.1590722,3.1090722,3.3090723,2.8590722,2.2790723,2.1790724,1.6890723,0.88907224,-0.020927735,-0.6009277,-0.86092776,-1.0409278,-1.7809278,-2.4409277,-2.1609278,-2.1109278,-1.3609277,-1.5209278,-1.6609278,-1.2609277,-0.7709277,-0.060927734,0.81907225,0.06907227,-0.7109277,0.09907226,1.1890723,1.2990723,1.1590723,0.98907226
0.49907225,0.54907227,0.8990723,0.8390723,0.6490723,0.07907227,0.42907226,0.86907226,0.94907224,0.48907226,0.87907225,2.3090723,2.4390724,3.2990723,3.2090724,3.5290723,3.6290722,3.2890723,2.6490722,2.9390724,2.9290724,2.7190723,2.4490724,2.2690723,1.8690723,1.9090723,1.5290723,1.5390723,1.9890723,2.4190722,2.6090722,2.6590722,2.4590724,2.7890723,1.7990723,1.3490722,1.3490722,1.0490723,0.69907224,0.69907224,0.93907225
1.6090722,1.6190723,0.5890723,1.9390723,1.1390723,1.5390723,1.8290722,2.2390723,2.2690723,1.3690723,1.1590723,1.4090723,1.7890723,1.8590722,2.2290723,3.1090722,4.0490723,4.629072,4.5290723,4.9490724,4.7590723,4.879072,5.149072,5.0090723,5.0090723,4.4290724,4.2590723,4.4890723,4.379072,4.1390724,3.9190722,4.129072,3.8890722,3.9990723,3.5490723,3.5590723,2.6390722,2.3490722,2.3690722,1.9190723,1.3290722
1.2590723,1.6190723,1.8090723,2.2590723,2.6790724,2.9890723,3.5390723,3.1990724,3.2190723,1.8390722,1.0290723,3.2790723,2.3390722,2.2190723,4.189072,3.8990722,4.979072,5.5790725,5.229072,5.769072,5.939072,6.2590723,6.019072,6.0790725,6.0990725,5.8290725,6.1790724,6.3490725,5.999072,5.479072,5.019072,5.689072,4.5590725,4.709072,4.6190724,4.749072,3.4690723,3.7490723,2.2490723,1.8090723,1.6790723
