wind_kz.json
{"header": {"discipline":0,"disciplineName":"Meteorological products","gribEdition":2,"gribLength":1102,"center":7,"centerName":"US National Weather Service - NCEP(WMC)","subcenter":0,"refTime":"2024-04-09T12:00:00.000Z","significanceOfRT":1,"significanceOfRTName":"Start of forecast","productStatus":0,"productStatusName":"Operational products","productType":1,"productTypeName":"Forecast products","productDefinitionTemplate":0,"productDefinitionTemplateName":"Analysis/forecast at horizontal level/layer at a point in time","parameterCategory":2,"parameterCategoryName":"UnknownDiscipline_0_Category_2","parameterNumber":3,"parameterNumberName":"UnknownParameter_D0_C2_3","parameterUnit":"Unknown","genProcessType":2,"genProcessTypeName":"Forecast","forecastTime":180,"surface1Type":103,"surface1TypeName":"Specified height level above ground","surface1Value":10.0,"surface2Type":255,"surface2TypeName":"Missing","surface2Value":0.0,"gridDefinitionTemplate":0,"gridDefinitionTemplateName":"Latitude_Longitude","numberPoints":615,"shape":6,"shapeName":"Earth spherical with radius of 6,371,229.0 m","gridUnits":"degrees","resolution":48,"winds":"true","scanMode":64,"nx":41,"ny":15,"basicAngle":0,"lo1":47.0,"la1":41.0,"lo2":87.0,"la2":55.0,"dx":1.0,"dy":1.0}, "data":
[rows 0 to 14 of 15, columns 0 to 40 of 41]
0.8731787,-3.0768213,5.223179,10.183179,6.4631786,2.3631787,-0.5668213,1.5631787,-0.18682128,0.2931787,0.003178711,-0.08682129,-0.8468213,-1.7868212,-2.8368213,-3.2068212,-2.4968214,-2.5268214,-2.7968214,-1.9768213,-3.4168212,-5.4768214,-3.0468214,0.9531787,1.7131788,2.5031786,0.5631787,1.8631787,-0.18682128,-1.2768213,-1.6068213,-1.3168213,0.2031787,-1.3468213,-0.88682127,-0.31682128,-0.01682129,2.4731786,1.7031788,-0.9968213,0.9431787
6.6731787,1.2931787,12.733179,13.133179,7.783179,5.4631786,2.1931787,3.9831786,2.6331787,1.9131787,-0.3968213,-0.6868213,-1.2968212,-1.8168213,-3.7568214,-3.5268214,-2.8168213,-3.6768212,-3.7568214,-3.4468212,-3.1068213,-3.5368214,-1.9968213,1.7031788,0.9731787,2.8631787,0.5631787,2.1631787,0.7231787,1.9331787,2.8531787,2.6631787,-0.34682128,0.2931787,-3.8468213,-1.5468212,-2.0968213,-3.6268213,-1.2868212,-1.8368213,0.67317873
1.2331787,7.5231786,11.103179,10.113178,7.0931787,4.323179,4.9631786,3.9631786,4.1131787,3.2731788,2.7631788,1.6231787,0.14317872,-1.2368213,-2.1368213,-2.6168213,-2.6568213,-2.7468214,-2.6468213,-2.6368213,-3.3568213,-2.8268213,-1.7368213,1.7931787,-1.1568213,0.4531787,2.0731788,2.1031787,-0.14682129,0.7531787,2.4831786,-0.6768213,1.4831787,0.8731787,0.73317873,-0.9768213,0.2331787,-2.0568213,-1.0668213,-1.2468213,-2.2968214
3.8031788,7.993179,5.303179,3.8331788,3.5831788,3.7631788,5.4231787,5.2131786,4.4231787,4.3131785,3.1931787,2.5831788,2.5231788,0.67317873,-1.3668213,-2.3968213,-2.8968213,-3.4168212,-3.4268212,-3.0168214,-2.4168212,-0.8668213,-2.4668212,-0.4568213,-1.8168213,1.6731787,-1.7268213,-2.0168214,0.3931787,-1.6468213,-2.6468213,-1.5068213,0.5531787,0.21317871,0.1531787,-0.006821289,1.4931787,1.1231787,-0.1268213,1.4831787,0.8031787
4.3531785,6.3631787,7.2731786,5.573179,4.6231785,5.0831785,4.3631787,6.2731786,4.893179,4.513179,4.3631787,3.8631787,3.8031788,1.9731787,-0.8168213,-2.0668213,-2.8268213,-3.2268212,-3.1168213,-3.5368214,-2.2668214,-2.7168212,-1.6168213,1.7131788,0.4431787,0.31317872,-0.18682128,-3.4868212,-1.6168213,-3.2568214,0.8731787,1.4731787,1.1131787,0.37317872,0.7531787,-1.0468212,-3.7468214,-0.03682129,-0.6268213,1.5531787,0.3331787
3.6531787,3.6031787,5.823179,5.2731786,5.6331787,5.4031787,4.2931786,3.8231788,3.5731788,3.1231787,3.5131788,3.4931786,3.5731788,2.4531786,0.19317871,-1.2668213,-2.4968214,-3.3368213,-4.0368214,-3.5268214,-3.7268212,-5.426821,-8.026821,3.5231788,4.0631785,2.4831786,-2.1468213,-2.5168214,-1.1068213,0.9731787,2.4431787,0.8031787,1.1131787,1.5431787,1.6831787,-0.6668213,1.7131788,-0.2368213,-3.1068213,1.9931787,-1.1668212
2.5931787,2.8131788,3.7631788,5.573179,5.993179,5.033179,4.243179,3.9031787,3.1431787,3.3831787,3.4231787,3.3031788,3.6331787,2.2631788,1.5531787,1.0531787,-1.9468213,-2.8168213,-3.7068212,-3.9468212,-4.106821,-5.3768215,-7.1568213,-6.5568213,2.0431788,4.1731787,1.8131787,1.8231788,-0.5468213,0.2331787,-0.9868213,-1.7168213,0.43317872,0.7031787,0.11317871,-1.2368213,-2.3768213,-1.3068213,-1.7968212,-0.9068213,-2.3568213
3.8131788,3.2131786,2.7431786,3.5931787,3.5831788,3.8031788,4.1231785,4.143179,4.433179,3.6931787,3.5731788,3.9631786,3.0231788,2.6631787,1.7431787,1.8931787,0.79317874,-1.3968213,-2.6368213,-3.0268214,-3.5468214,-5.086821,-6.2068214,-5.9068213,-5.176821,-4.926821,-3.5168214,1.9231787,-0.4268213,-0.02682129,0.3531787,-0.7468213,1.1431787,1.4831787,1.6731787,1.6031787,-0.19682129,-0.9968213,0.013178711,0.083178714,-1.7268213
4.4631786,4.663179,4.6931787,4.433179,4.3831787,4.183179,4.4031787,4.2531786,3.7831788,3.8831787,3.2931788,2.8931787,1.8931787,2.5031786,2.2731788,2.6631787,2.3531787,1.3631787,-0.1568213,-2.3868213,-1.7268213,-2.9768212,-4.4568214,-4.446821,-5.086821,-5.986821,-3.8368213,-3.5168214,-0.51682127,-1.1068213,-0.8468213,-2.1268213,-2.7068212,1.0031787,2.8131788,1.7331787,-1.6468213,-0.5668213,-1.8968213,-1.8968213,-3.3868213
5.263179,4.6931787,4.7331786,4.493179,5.0831785,4.533179,4.1731787,4.1231785,4.0631785,4.1931787,3.7431786,3.3631787,3.3231788,2.2231786,3.1231787,2.9231787,2.8931787,2.8331788,2.1031787,1.3331788,0.5331787,-0.6868213,-1.8968213,-2.7168212,-3.3868213,-3.7368212,-3.4868212,-3.5268214,-3.9468212,-3.6568213,-4.236821,-3.7768214,-4.546821,-2.9468212,2.4631786,1.5331787,0.6331787,-2.6268213,0.4231787,2.3431787,2.6031787
5.7931786,5.5931787,5.3331785,4.6931787,4.4231787,5.163179,6.0231786,5.8731785,4.3531785,3.4131787,4.433179,4.6931787,2.9931786,3.5731788,2.9131787,5.2131786,4.5231786,3.6531787,3.5531788,2.6931787,2.9131787,3.0831788,0.73317873,-0.2068213,-1.3068213,-2.2668214,-1.6668212,-2.2068212,-2.1268213,-2.6268213,-4.3068213,-4.1468215,-3.6068213,-0.9068213,2.2931788,1.7131788,0.9731787,2.2431786,1.7131788,1.5731788,0.34317872
3.7431786,5.683179,5.7331786,5.643179,5.7731786,5.8431787,5.1731787,5.1331787,4.413179,3.5931787,3.5231788,2.4931786,2.5231788,3.5631788,3.2531786,5.4631786,6.1531787,5.2931786,5.433179,4.453179,3.8931787,3.5931787,2.9231787,2.2231786,0.79317874,-0.34682128,-1.6568213,-2.9068213,-3.6468213,-3.6268213,-3.7868214,-3.7568214,-1.6768212,1.5431787,3.1031787,2.1531787,0.5031787,2.2831788,2.1231787,2.0031786,0.5231787
3.4731786,4.1131787,5.453179,5.0431786,4.783179,3.8331788,4.8331785,5.3731785,5.8431787,4.2131786,2.3731787,1.5631787,3.1731787,3.8131788,3.4531786,5.0031786,5.3131785,4.5831785,5.3531785,5.473179,5.3531785,4.3131785,3.2831788,2.9531786,3.2731788,2.5231788,1.4431787,-1.3768213,-2.9768212,-4.106821,-4.356821,-4.796821,-4.1568213,-2.1468213,-1.0168213,-0.7868213,-0.6868213,-0.2368213,2.2131786,1.7431787,1.0131787
3.3331788,3.7231786,4.033179,5.433179,4.2731786,5.0631785,5.3531785,5.3331785,5.1931787,5.3431787,3.6331787,2.1031787,1.1731787,3.8331788,3.9231787,5.1731787,5.6231785,5.8631787,5.663179,6.0431786,5.643179,4.663179,3.8231788,3.3931787,3.5431788,2.9431787,1.5331787,-0.8368213,-1.1868213,-1.8668213,-2.8668213,-3.1368213,-2.4868212,-2.3268213,-2.5168214,-2.0868213,-2.0668213,-0.8668213,-0.6568213,0.7731787,0.04317871
1.9331787,2.6331787,2.6931787,3.5831788,4.573179,4.6031785,5.223179,5.5631785,5.2931786,5.0631785,4.3431787,5.223179,3.3631787,2.0431788,4.9031787,5.493179,6.413179,6.6231785,7.0631785,6.433179,6.203179,5.723179,4.453179,4.163179,4.1031785,3.2831788,2.6931787,1.2031788,-1.1668212,-1.4968213,-2.3468213,-1.7668213,-0.8568213,-1.0468212,-1.1168213,-1.5068213,-2.2068212,-0.24682128,0.07317871,-0.16682129,0.03317871
