wind.json
{"header": {"discipline":0,"disciplineName":"Meteorological products","gribEdition":2,"gribLength":1211,"center":7,"centerName":"US National Weather Service - NCEP(WMC)","subcenter":0,"refTime":"2023-06-28T12:00:00.000Z","significanceOfRT":1,"significanceOfRTName":"Start of forecast","productStatus":0,"productStatusName":"Operational products","productType":1,"productTypeName":"Forecast products","productDefinitionTemplate":0,"productDefinitionTemplateName":"Analysis/forecast at horizontal level/layer at a point in time","parameterCategory":2,"parameterCategoryName":"UnknownDiscipline_0_Category_2","parameterNumber":3,"parameterNumberName":"UnknownParameter_D0_C2_3","parameterUnit":"Unknown","genProcessType":2,"genProcessTypeName":"Forecast","forecastTime":240,"surface1Type":103,"surface1TypeName":"Specified height level above ground","surface1Value":10.0,"surface2Type":255,"surface2TypeName":"Missing","surface2Value":0.0,"gridDefinitionTemplate":0,"gridDefinitionTemplateName":"Latitude_Longitude","numberPoints":688,"shape":6,"shapeName":"Earth spherical with radius of 6,371,229.0 m","gridUnits":"degrees","resolution":48,"winds":"true","scanMode":64,"nx":43,"ny":16,"basicAngle":0,"lo1":45.0,"la1":40.0,"lo2":87.0,"la2":55.0,"dx":1.0,"dy":1.0}, "data":
[rows 0 to 15 of 16, columns 0 to 42 of 43]
2.3848548,-0.48514527,1.9548547,4.804855,4.5848546,1.8348547,-0.99514526,-1.3151453,-1.3251452,-4.0751452,-2.8551452,-2.4851453,-5.4351454,-5.7051454,-6.0751452,-4.2251453,-5.5651455,-8.615146,-5.775145,-7.0351453,-7.4551454,-2.5551453,2.5748549,3.7648547,10.424854,4.1748548,-0.37514526,1.3148547,-2.1051452,-0.22514527,-2.7851453,2.6448548,4.074855,1.1548548,-0.9851453,0.044854738,-1.1051452,-3.0351453,-4.3151455,-3.3451452,-3.4751453,-3.7451453,-3.8151453
-0.55514526,-0.19514526,5.2548547,3.2548547,6.2748547,2.2748547,0.42485473,-2.4051452,-3.5551453,-2.7651453,-2.5751452,-2.0251453,-3.9051452,-4.195145,-7.465145,-6.885145,-4.7451453,-5.3951454,-6.735145,-1.8351452,-6.345145,-1.8551452,-1.9151453,-1.9451452,-0.9051453,-6.2451453,2.5148547,2.9548547,3.2148547,1.7048547,-0.18514526,-1.6251453,1.8848548,2.7048547,-0.43514526,5.844855,3.2748547,1.2948548,0.054854736,-0.83514524,0.45485473,0.43485475,-2.1551452
-0.51514524,2.4848547,0.30485475,2.2148547,2.6548548,3.1048548,1.3448547,-2.0251453,-2.9651453,-1.8151453,-1.7351452,-2.8251452,-6.9351454,-4.3151455,-6.8051453,-7.7851453,-5.9351454,-8.835145,-7.3051453,-7.9351454,-6.865145,-0.32514527,-0.12514526,-0.58514524,-3.5551453,4.1848545,-1.4651452,-1.8651452,-2.0651453,-3.8551452,-3.2051454,-2.8351452,-1.0151453,-2.8551452,-1.9251453,1.1648548,0.8448547,-1.0351453,2.7348547,0.48485473,2.9348547,-0.23514527,-0.30514526
-2.3551452,-1.9851452,4.4148545,3.2148547,2.6348548,1.2148547,1.4448547,4.974855,-0.75514525,-1.3151453,-0.88514525,-3.1051452,-5.4151454,-7.8751454,-9.645145,-11.525146,-6.9151454,5.4148545,-8.445146,-12.745145,-6.655145,-6.0151453,-6.6251454,-6.385145,-5.735145,-5.7051454,-7.0651455,-6.175145,-2.8851452,-4.2251453,-4.365145,-2.3551452,-2.4951453,-3.0151453,-3.6751451,-3.3251452,-4.6451454,-3.1151452,-2.9851453,-3.4251451,-1.8751453,-4.045145,-2.7551453
0.75485474,3.6848547,5.094855,1.1248547,1.6748548,2.8448548,2.1848547,4.284855,1.6348548,-0.055145264,-3.1751451,-1.8951453,-5.0351453,-5.3251452,-5.9951453,-7.8351455,-11.625145,-7.6051455,-8.495145,-8.825146,-11.655146,-8.405146,-9.0651455,-3.0851452,-3.1851454,-3.9651453,-5.795145,-4.6451454,-4.9351454,-4.3051453,-5.505145,-6.5651455,-7.8251452,-4.5751452,2.9648547,2.7848547,1.0748547,-1.3151453,-4.8051453,-1.6151452,-3.0351453,-4.425145,-6.2251453
1.8548547,4.3948545,2.8148546,1.3248547,0.29485473,-1.4951453,-8.235146,3.0748549,1.3148547,0.07485474,-1.9151453,-3.9051452,-4.0351453,0.054854736,-3.5951452,-3.9351454,-7.0151453,-5.1251454,-7.3251452,-6.345145,-3.4451454,-6.1251454,-6.275145,-4.3551455,-4.0551453,-1.8351452,-3.4251451,-2.9651453,-7.095145,-7.405145,-4.3251452,-6.0151453,-8.395145,-8.115146,-5.1651454,-2.1051452,1.0448548,1.0348548,-5.045145,3.2048547,-1.6151452,-1.5951452,-4.275145
0.62485474,4.7348547,6.224855,4.7748547,0.07485474,-0.86514527,-3.4851453,-4.5551453,-5.3051453,3.1848547,-1.5551453,-4.465145,-5.425145,-2.8051453,3.1948547,-1.3251452,-7.505145,-5.7251453,-4.235145,-5.3951454,-5.9351454,-4.925145,-5.965145,-4.195145,-4.675145,-3.7351453,-4.6851454,2.0548546,-0.62514526,-3.8351452,-4.485145,-3.4051452,-3.2451453,-6.4551454,-6.8751454,-4.215145,-1.2651453,0.19485474,-3.5451453,-3.0251453,-9.995145,-5.175145,-5.345145
0.74485475,1.6348548,2.7448547,6.154855,6.1448545,6.594855,5.6248546,5.634855,0.63485473,1.1648548,1.3248547,-4.115145,-2.8151453,-3.1351452,-2.9251451,-7.5851455,-5.3951454,-6.295145,-4.365145,-2.5451453,-2.3351452,-4.345145,-2.0851452,-5.445145,-5.3151455,-3.5551453,-2.2751453,-2.1451452,-2.9451454,-3.9951453,-7.5651455,-10.155146,-8.345145,-7.5751452,-8.765145,-8.325146,-6.615145,-8.325146,-7.345145,-6.7051454,-5.735145,-3.3551452,-7.195145
-0.51514524,1.7648548,5.844855,4.7948546,2.4148548,0.13485473,-2.0951452,0.67485476,3.4948547,2.6748548,0.33485472,-2.2351453,-2.3851452,-1.2851453,-3.5351453,-2.7851453,-5.845145,-8.835145,-7.8051453,-5.5351453,-6.5851455,-8.665145,-3.5651453,-6.275145,-5.675145,-6.965145,-11.135145,-8.825146,-7.3251452,-7.2651453,-7.635145,-6.275145,-8.135145,-8.615146,-7.525145,-9.495145,-10.185145,-10.435145,-7.235145,-2.5451453,-2.8751452,2.7048547,-0.46514526
-3.7451453,-3.3051453,-2.9651453,-0.61514527,-0.06514526,-8.475145,3.8048546,-7.945145,2.8948548,-0.6051453,-2.1051452,-2.7751453,-2.6251452,-1.3451452,0.80485475,-2.9151452,-6.2051454,-5.7651453,-5.7051454,-6.865145,-5.795145,-5.5851455,-4.6651454,-8.975145,-6.8551455,-7.3951454,-6.1451454,-6.6451454,-4.8951454,-6.1651454,-6.255145,-6.365145,-7.6251454,-8.765145,-9.045145,-8.395145,-7.465145,-8.035145,-7.7451453,-6.595145,-4.8151455,-3.2951453,0.33485472
-3.3451452,-4.3251452,-1.8451452,-3.8651452,-1.2851453,-6.7651453,-6.985145,0.7648547,-5.795145,0.86485475,-4.965145,-2.9451454,-1.5251453,-0.33514526,-0.27514526,-10.235146,-3.5251453,-4.4151454,-7.465145,-6.4751453,-8.365146,-6.7851453,-6.8751454,-5.635145,-5.3251452,-4.2651453,-5.0551453,-3.9551454,-6.3951454,-5.9351454,-6.5151453,-6.8351455,-7.9551454,-8.535145,-8.915145,-9.375145,-8.435145,-7.885145,-5.635145,-2.6351452,-2.7551453,-2.7351453,-2.5951452
-2.0451453,-4.1251454,-4.1451454,-3.9951453,-3.6151452,-1.2851453,-6.4351454,0.014854737,5.974855,1.0048547,-0.7351453,-4.3551455,-3.8051453,-3.9751453,-2.9351454,-0.5251453,-7.3951454,-6.0551453,-4.7251453,-5.175145,-4.985145,-4.525145,-5.1451454,-4.755145,-3.4151452,-3.1651452,-3.9751453,-5.1451454,-5.385145,-5.405145,-5.3151455,-6.5851455,-7.6451454,-7.5551453,-6.905145,-6.775145,-7.755145,-6.775145,-4.385145,-2.4751453,-3.1251452,-2.6251452,-1.0751452
-3.0351453,-2.5551453,-3.3151453,-4.4951453,-2.4951453,-1.9051453,-0.87514526,0.55485475,0.024854736,-0.035145264,0.15485473,-0.89514524,-0.7851453,-3.8251452,-2.4551454,-0.67514527,-2.8051453,-4.1251454,-4.445145,-4.425145,-3.8451452,-4.3951454,-4.845145,-5.9151454,-5.6051455,-6.8051453,-6.4551454,-5.5651455,-6.925145,-8.375145,-8.3151455,-8.365146,-9.045145,-9.305145,-8.225145,-9.655146,-5.195145,-5.845145,-5.235145,-2.1951454,-1.1851453,1.1348548,-0.055145264
-3.4451454,-3.0051453,-2.4051452,-3.1851454,-5.095145,-3.0551453,-0.9751453,-0.36514527,1.8648547,2.2848547,1.2048547,1.2048547,0.94485474,-0.16514526,-1.1251453,-1.8851453,-2.6051452,-0.035145264,-5.025145,-5.425145,-5.965145,-6.6051455,-4.7251453,-6.095145,-6.9351454,-6.865145,-7.1051455,-7.0551453,-8.525146,-6.595145,-6.945145,-5.1851454,-7.8751454,-7.545145,-6.7651453,-6.3251452,-6.0351453,-5.6451454,-7.545145,-2.4851453,-4.4351454,-4.8151455,-2.0351453
-3.0651453,-3.1551452,-1.7351452,-2.2051454,-3.3051453,-2.0051453,-2.2851453,-2.5351453,-3.8151453,-2.9351454,0.38485473,3.0948548,3.4148548,2.7148547,-2.5851452,-2.3351452,-2.4551454,-2.2451453,-2.2051454,-3.4551454,-4.985145,-5.405145,-5.2651453,-5.405145,-5.945145,-6.255145,-6.845145,-7.655145,-7.845145,-8.965145,-8.405146,-8.665145,-9.235146,-8.135145,-7.345145,-6.7451453,-3.9051452,-6.255145,-3.3751452,-4.7451453,-5.4151454,-3.6051452,-4.4351454
-3.4951453,-2.3051453,-2.3251452,-5.0751452,-7.0651455,-2.2451453,-2.7751453,-2.5851452,-1.6551453,-2.0651453,-0.61514527,0.034854736,1.3948548,2.6848547,2.4048548,-0.7351453,-1.3351452,-3.2251453,-2.9451454,-4.045145,-2.8551452,-4.3051453,-5.445145,-6.2651453,-6.505145,-6.715145,-7.0651455,-7.8551455,-7.8951454,-7.9151454,-7.775145,-6.865145,-6.405145,-5.695145,-6.1051455,-6.115145,-3.7351453,-2.7651453,-3.9851453,-3.5451453,-3.9451454,-4.175145,-1.2451453
