wind.json
{"header": {"discipline":0,"disciplineName":"Meteorological products","gribEdition":2,"gribLength":1039,"center":7,"centerName":"US National Weather Service - NCEP(WMC)","subcenter":0,"refTime":"2023-06-30T12:00:00.000Z","significanceOfRT":1,"significanceOfRTName":"Start of forecast","productStatus":0,"productStatusName":"Operational products","productType":1,"productTypeName":"Forecast products","productDefinitionTemplate":0,"productDefinitionTemplateName":"Analysis/forecast at horizontal level/layer at a point in time","parameterCategory":0,"parameterCategoryName":"UnknownDiscipline_0_Category_0","parameterNumber":0,"parameterNumberName":"UnknownParameter_D0_C0_0","parameterUnit":"Unknown","genProcessType":2,"genProcessTypeName":"Forecast","forecastTime":120,"surface1Type":1,"surface1TypeName":"Ground or water surface","surface1Value":0.0,"surface2Type":255,"surface2TypeName":"Missing","surface2Value":0.0,"gridDefinitionTemplate":0,"gridDefinitionTemplateName":"Latitude_Longitude","numberPoints":688,"shape":6,"shapeName":"Earth spherical with radius of 6,371,229.0 m","gridUnits":"degrees","resolution":48,"winds":"true","scanMode":64,"nx":43,"ny":16,"basicAngle":0,"lo1":45.0,"la1":40.0,"lo2":87.0,"la2":55.0,"dx":1.0,"dy":1.0}, "data":
[rows 0 to 15 of 16, columns 0 to 42 of 43]
294.1,288.4,311.6,317.8,308.1,297.7,297.1,298.6,321.5,315.7,322.3,323.6,326.7,323.6,322.7,321.4,320.7,319.8,319.9,319.8,316.6,314.5,313.4,315.8,302.5,296.6,292.8,286.3,285.7,287.7,290.5,306.8,300.3,306.0,312.5,311.9,311.5,308.3,310.5,314.2,312.8,313.2,313.1
295.2,315.4,316.4,295.9,306.0,296.7,296.5,295.8,312.3,321.2,320.6,326.4,322.5,322.6,321.5,321.5,319.8,318.9,318.8,318.2,320.5,319.7,321.3,315.5,314.2,308.5,311.6,314.1,308.3,288.8,288.8,288.2,289.1,285.9,290.8,304.5,306.7,308.5,309.0,310.5,310.6,312.4,310.6
295.7,295.4,289.4,303.1,296.8,296.8,296.7,295.0,316.2,319.6,323.4,322.6,323.6,321.5,319.3,316.9,317.3,319.3,320.3,316.8,319.8,320.2,321.1,316.6,314.0,301.0,290.4,289.5,297.2,291.0,292.3,284.3,285.5,280.0,289.2,270.9,287.3,303.1,302.6,309.5,313.1,302.0,286.8
298.5,301.2,307.4,298.1,297.5,297.8,297.2,312.2,317.0,323.9,323.0,320.4,320.9,320.3,315.9,315.0,316.8,317.8,318.6,318.1,317.6,318.9,318.4,314.1,314.0,306.6,302.2,308.7,302.0,295.9,294.2,286.5,283.7,281.7,290.3,286.8,288.9,287.2,281.4,283.9,286.2,283.5,282.4
312.7,317.7,313.8,299.7,299.3,297.8,303.6,323.0,324.5,324.6,317.5,318.5,320.4,317.1,296.3,295.4,314.7,317.3,317.7,318.2,318.6,318.8,314.5,304.5,307.9,312.4,311.5,300.9,308.0,308.5,296.4,305.7,313.3,306.3,309.4,310.8,309.0,302.3,284.0,285.9,290.9,302.8,305.9
317.1,319.1,319.7,301.2,300.7,300.4,307.7,319.3,320.4,325.1,322.2,321.0,321.2,322.1,297.1,296.1,292.6,317.4,317.3,314.1,311.3,315.8,316.1,305.9,310.9,304.6,306.2,309.2,312.0,304.7,297.7,303.1,313.6,311.1,294.8,280.6,294.3,302.5,299.3,314.5,314.1,312.3,311.6
314.1,310.8,321.6,306.3,300.4,300.8,301.2,301.1,322.1,322.4,322.7,320.2,322.2,319.8,297.2,296.0,306.2,314.3,316.5,315.3,315.6,313.9,315.5,307.3,303.3,300.1,312.0,310.1,303.6,291.8,311.1,313.6,314.7,312.1,310.6,309.6,308.0,301.0,288.7,299.1,310.7,312.3,310.2
318.2,313.2,318.7,319.0,318.0,316.4,313.9,311.5,322.7,318.6,320.5,319.5,320.9,313.6,316.3,318.5,317.0,316.5,316.1,315.8,315.7,309.6,311.0,309.4,309.0,307.4,296.4,297.0,307.0,312.3,308.3,313.3,314.3,311.3,305.6,310.6,309.5,307.0,299.0,294.8,290.9,290.5,305.4
311.9,310.1,315.3,312.5,321.1,314.1,318.4,313.2,319.9,316.8,317.3,316.5,317.0,307.6,314.1,316.6,317.7,316.3,318.0,315.8,314.4,308.7,302.0,301.4,300.5,303.4,301.9,294.8,293.6,295.3,293.5,298.0,300.4,308.1,306.0,302.8,303.8,306.0,306.1,288.6,306.7,305.2,302.0
296.1,314.5,314.8,311.9,311.1,312.4,309.5,306.7,309.5,313.1,313.5,314.9,312.0,307.7,309.7,308.1,313.3,316.6,314.4,308.2,307.2,305.9,303.7,305.3,306.7,306.2,303.2,296.1,295.0,290.6,289.3,296.1,299.9,299.8,302.3,304.0,302.0,299.7,300.5,300.9,287.4,284.1,284.3
307.4,309.0,311.8,312.8,314.5,308.5,312.5,311.1,312.6,311.6,311.4,312.1,305.6,306.5,309.0,308.5,302.1,305.7,311.6,310.1,308.7,302.8,304.1,297.7,302.9,304.8,304.0,303.8,302.5,302.2,299.9,300.3,301.2,303.2,303.8,302.0,301.6,300.4,297.7,293.0,292.3,288.3,284.9
302.4,298.7,307.6,309.5,306.3,305.2,307.6,307.0,302.6,308.8,307.7,308.5,305.4,303.8,303.0,304.0,302.4,304.3,302.7,300.9,306.0,300.5,306.6,306.6,303.9,303.5,302.5,300.6,298.8,303.5,304.4,306.0,305.8,306.1,304.5,299.7,298.1,299.1,294.0,290.8,290.3,290.2,289.2
299.8,302.0,301.4,305.4,301.5,299.2,306.0,300.7,298.5,299.9,305.5,306.5,296.6,296.3,297.6,304.5,304.1,305.2,300.1,308.0,302.0,303.8,303.2,302.2,301.5,302.1,300.5,301.6,303.0,304.9,305.0,305.5,302.5,303.8,300.4,299.6,297.2,297.7,298.1,298.4,296.0,294.8,294.1
298.5,300.8,301.6,303.3,305.7,302.4,303.9,303.8,303.6,305.1,305.1,303.2,293.9,295.2,296.5,301.3,301.8,303.4,304.5,303.8,303.5,303.1,301.7,300.4,301.5,301.0,303.1,303.9,305.6,303.9,304.0,303.4,305.1,303.5,297.0,299.9,296.2,295.5,295.9,295.6,292.0,295.1,286.6
299.7,300.0,301.3,303.5,297.5,304.6,297.9,301.2,299.3,296.1,301.4,301.9,300.7,293.1,294.3,296.0,302.1,303.3,303.5,303.4,304.4,302.5,303.2,301.6,302.5,302.3,302.1,303.6,302.1,301.2,301.2,301.3,302.3,302.7,303.2,298.9,295.5,292.6,291.1,290.7,293.1,293.1,293.0
300.8,300.2,300.8,302.2,293.3,299.7,300.5,299.0,300.3,300.7,298.1,302.1,302.6,298.6,294.4,295.3,300.6,303.0,303.7,303.3,302.3,302.5,303.6,301.6,303.6,302.7,302.3,301.8,300.8,300.5,300.2,301.2,300.3,294.7,302.5,300.8,291.7,288.9,289.1,289.2,289.8,293.5,294.3
