wind_kz.json
{"header": {"discipline":0,"disciplineName":"Meteorological products","gribEdition":2,"gribLength":1102,"center":7,"centerName":"US National Weather Service - NCEP(WMC)","subcenter":0,"refTime":"2023-08-21T12:00:00.000Z","significanceOfRT":1,"significanceOfRTName":"Start of forecast","productStatus":0,"productStatusName":"Operational products","productType":1,"productTypeName":"Forecast products","productDefinitionTemplate":0,"productDefinitionTemplateName":"Analysis/forecast at horizontal level/layer at a point in time","parameterCategory":2,"parameterCategoryName":"UnknownDiscipline_0_Category_2","parameterNumber":2,"parameterNumberName":"UnknownParameter_D0_C2_2","parameterUnit":"Unknown","genProcessType":2,"genProcessTypeName":"Forecast","forecastTime":120,"surface1Type":103,"surface1TypeName":"Specified height level above ground","surface1Value":10.0,"surface2Type":255,"surface2TypeName":"Missing","surface2Value":0.0,"gridDefinitionTemplate":0,"gridDefinitionTemplateName":"Latitude_Longitude","numberPoints":615,"shape":6,"shapeName":"Earth spherical with radius of 6,371,229.0 m","gridUnits":"degrees","resolution":48,"winds":"true","scanMode":64,"nx":41,"ny":15,"basicAngle":0,"lo1":47.0,"la1":41.0,"lo2":87.0,"la2":55.0,"dx":1.0,"dy":1.0}, "data":
[rows 0 to 14 of 15, columns 0 to 40 of 41]
3.42115,0.8811499,-0.7288501,3.3111498,6.9411497,3.65115,7.4811497,10.21115,9.37115,7.75115,6.9211497,5.22115,1.2811499,2.45115,4.08115,3.13115,-0.0988501,2.63115,4.87115,5.2111497,5.02115,3.73115,5.10115,5.55115,6.31115,4.60115,4.49115,6.31115,2.5211499,-0.9888501,0.021149902,1.4911499,3.64115,5.7311497,8.19115,2.98115,2.0711498,-1.55885,-0.5488501,-0.2288501,0.4911499
-0.3288501,-0.5188501,1.93115,0.8611499,1.3511499,3.68115,9.13115,9.86115,5.6711497,5.33115,6.80115,4.4211497,6.66115,4.52115,2.43115,6.41115,4.54115,5.08115,4.02115,5.35115,6.00115,6.4211497,4.7111497,3.87115,2.73115,1.1011499,0.7711499,3.6011498,-0.5188501,-0.5688501,0.4711499,0.011149902,1.4011499,0.3911499,0.4011499,1.2411499,5.41115,-2.54885,0.8111499,1.2411499,-0.3788501
2.8511498,-3.4288502,2.0911498,4.72115,5.86115,10.73115,11.58115,9.38115,8.40115,10.76115,8.76115,6.04115,6.31115,7.1711497,3.0211499,5.88115,5.51115,6.11115,5.82115,6.11115,7.39115,7.29115,7.7311497,8.23115,7.61115,6.38115,3.0611498,2.15115,5.78115,-1.1488501,-0.0588501,-1.9688501,4.18115,-1.8888501,-1.1388501,-0.2288501,0.7311499,1.43115,3.49115,-2.4188502,-0.4688501
4.63115,3.72115,4.59115,6.91115,11.31115,8.00115,4.97115,10.03115,3.38115,3.8111498,9.71115,4.75115,5.4011497,5.83115,4.32115,7.10115,7.58115,6.06115,7.51115,7.11115,6.02115,7.35115,8.13115,10.11115,9.40115,8.86115,3.87115,1.81115,-1.5988501,-2.36885,-0.2688501,1.8911499,0.6511499,-1.42885,-1.6088501,-1.7288501,-0.9588501,-1.9088501,0.4611499,4.9211497,-5.22885
5.28115,3.17115,8.26115,4.64115,7.85115,7.9411497,9.09115,5.14115,4.9611497,3.89115,5.74115,8.23115,5.6711497,11.08115,7.80115,7.7311497,7.86115,7.6711497,6.54115,4.7111497,5.56115,5.27115,7.2111497,7.50115,10.48115,8.221149,7.82115,4.4811497,-0.7788501,-4.2888503,-4.3088503,-3.56885,-1.7188501,0.0711499,-1.7088501,-2.74885,-0.4588501,2.97115,1.8711499,-2.78885,-4.43885
3.17115,3.8611498,3.6011498,5.82115,7.59115,9.41115,9.69115,10.56115,6.4011497,6.41115,6.03115,4.05115,10.52115,15.52115,5.01115,7.16115,6.78115,4.4011497,5.81115,1.4211498,1.1011499,1.7311499,4.29115,6.09115,7.24115,8.53115,3.2811499,-4.73885,-0.5788501,-3.8988502,-6.70885,-4.25885,-1.9788501,-3.1588502,-1.2888501,3.16115,-0.6888501,-0.9688501,3.0211499,-0.018850097,-1.81885
2.5911498,3.18115,5.13115,1.8711499,4.25115,8.25115,9.88115,10.04115,8.27115,4.35115,6.87115,4.9211497,12.30115,9.12115,5.97115,5.41115,6.9611497,2.90115,2.73115,2.5911498,2.21115,0.4411499,1.1611499,2.14115,4.28115,6.38115,0.2811499,-3.1588502,-5.25885,-0.9288501,-1.05885,-1.2788501,-1.6088501,1.3711499,2.7911499,1.7511499,1.31115,1.0311499,2.1111498,3.1111498,1.19115
3.66115,3.1011498,3.7811499,0.021149902,0.9511499,5.6711497,8.27115,9.12115,9.33115,8.49115,8.26115,8.29115,6.06115,9.90115,3.44115,4.9411497,3.0211499,3.38115,3.12115,4.6711497,2.0811498,2.3111498,2.3311498,0.5711499,-0.2688501,-2.05885,-3.76885,-0.39885008,-1.2788501,0.6011499,0.9111499,0.4411499,1.95115,-0.2688501,3.0311499,0.0011499024,-4.17885,2.13115,5.56115,1.2811499,1.2311499
3.3311498,3.2711499,2.90115,2.22115,1.18115,2.2811499,5.62115,6.85115,8.20115,8.46115,6.39115,5.87115,4.20115,5.00115,4.37115,-3.3888502,0.2911499,0.6711499,3.63115,2.99115,1.7811499,-0.8588501,-0.0788501,1.4911499,0.9911499,1.6711498,0.6011499,1.9611499,2.68115,2.65115,1.7811499,0.71114993,-4.88885,-2.62885,-0.5688501,2.3611498,3.96115,0.011149902,-0.8488501,0.4411499,2.47115
3.5411499,3.23115,3.5811498,2.48115,0.8411499,-1.1088501,2.0511498,3.3211498,4.80115,6.09115,6.03115,5.1511497,4.16115,-0.5488501,-4.12885,-5.0188503,5.60115,-0.4088501,1.8411499,3.14115,2.3611498,-0.1588501,-2.59885,-1.7288501,-1.81885,-1.4588501,0.6911499,1.2911499,0.031149901,-5.58885,-6.12885,-5.24885,-1.1188501,0.2111499,0.4111499,0.6811499,0.4111499,1.3011498,2.38115,0.1911499,-0.7588501
1.7411499,0.7511499,2.0511498,4.09115,1.82115,-3.55885,-2.6688502,-1.2388501,-1.7388501,-0.6088501,-1.1688501,-6.13885,0.4411499,-0.4488501,4.09115,0.6511499,-1.7388501,-1.6488501,2.25115,2.2811499,2.24115,1.7311499,-2.03885,-2.51885,-2.83885,-3.6688502,-4.5788503,-4.90885,-4.96885,-6.67885,-5.64885,-3.53885,-2.27885,-3.29885,-1.80885,-1.42885,-0.39885008,0.6811499,0.1611499,-0.4488501,1.07115
1.9011499,2.74115,2.01115,2.17115,2.3411498,2.0811498,-4.46885,-3.3888502,-1.6088501,-1.7188501,-1.7588501,-2.73885,-1.5188501,-3.4588501,1.95115,-2.60885,-0.1088501,-1.80885,-1.6988502,-0.7088501,-0.2288501,1.2111499,-0.1888501,-0.088850096,-0.3788501,-1.7588501,-3.58885,-3.4088502,-4.0388503,-3.6988502,-3.6588502,-3.1888502,-3.26885,-3.11885,-3.01885,-3.1588502,-2.58885,-2.57885,-1.2088501,-0.028850097,0.4011499
3.66115,1.6011499,1.43115,0.2611499,1.7411499,0.6611499,1.6011499,0.2611499,-1.9788501,-2.30885,0.061149903,-0.8688501,-1.3288502,-2.61885,-1.7088501,-1.0288501,-1.30885,-0.7988501,0.6711499,1.0111499,1.3411499,0.4211499,0.9511499,3.64115,0.0011499024,-0.2588501,-2.6488502,-1.7688501,-0.9388501,-0.8888501,-2.29885,-2.51885,-2.26885,-3.9088502,-3.52885,-2.9788501,-2.04885,-0.9888501,-4.31885,-2.9088502,-0.6088501
4.10115,3.65115,3.0811498,1.6111499,1.5111499,0.7211499,1.5111499,1.6211499,0.4411499,0.2211499,1.0911499,-0.6288501,-1.6188501,-2.04885,-0.7288501,-1.18885,-1.4788501,0.14114991,1.9711499,3.62115,1.3611499,-1.7388501,-3.35885,-3.4788501,-2.48885,-0.7388501,1.0211499,0.7211499,2.67115,2.5711498,-0.6588501,-1.2488501,-2.77885,-2.60885,-2.6888502,-3.23885,-1.2488501,-0.8988501,-2.1888502,-0.9688501,1.1211499
2.25115,2.17115,4.1711497,2.45115,2.51115,2.0911498,1.93115,3.0711498,3.64115,2.1011498,1.4111499,2.01115,1.45115,0.5711499,0.6711499,1.7611499,2.88115,-0.7088501,0.5611499,2.8511498,0.4511499,0.3811499,-0.2688501,0.041149903,0.2211499,1.1311499,1.7211499,1.2811499,1.8811499,2.7911499,-2.99885,0.7711499,-1.54885,0.4711499,-1.5088501,-0.24885009,-1.5788502,-1.9188501,-0.028850097,0.5111499,1.1411499
