wind_kz.json
{"header": {"discipline":0,"disciplineName":"Meteorological products","gribEdition":2,"gribLength":871,"center":7,"centerName":"US National Weather Service - NCEP(WMC)","subcenter":0,"refTime":"2024-03-19T06:00:00.000Z","significanceOfRT":1,"significanceOfRTName":"Start of forecast","productStatus":0,"productStatusName":"Operational products","productType":1,"productTypeName":"Forecast products","productDefinitionTemplate":0,"productDefinitionTemplateName":"Analysis/forecast at horizontal level/layer at a point in time","parameterCategory":0,"parameterCategoryName":"UnknownDiscipline_0_Category_0","parameterNumber":0,"parameterNumberName":"UnknownParameter_D0_C0_0","parameterUnit":"Unknown","genProcessType":2,"genProcessTypeName":"Forecast","forecastTime":60,"surface1Type":1,"surface1TypeName":"Ground or water surface","surface1Value":0.0,"surface2Type":255,"surface2TypeName":"Missing","surface2Value":0.0,"gridDefinitionTemplate":0,"gridDefinitionTemplateName":"Latitude_Longitude","numberPoints":615,"shape":6,"shapeName":"Earth spherical with radius of 6,371,229.0 m","gridUnits":"degrees","resolution":48,"winds":"true","scanMode":64,"nx":41,"ny":15,"basicAngle":0,"lo1":47.0,"la1":41.0,"lo2":87.0,"la2":55.0,"dx":1.0,"dy":1.0}, "data":
[rows 0 to 14 of 15, columns 0 to 40 of 41]
279.83304,271.73303,275.23303,279.83304,280.53302,282.03302,281.13303,281.13303,279.93304,280.63303,280.33304,281.33304,281.43304,281.93304,281.93304,281.53302,282.13303,281.53302,283.33304,282.43304,282.23303,282.03302,282.23303,278.73303,282.93304,284.63303,280.13303,269.13303,261.93304,264.73303,265.53302,268.43304,278.63303,283.43304,285.23303,285.13303,286.13303,285.33304,284.13303,284.23303,283.63303
257.93304,274.73303,280.23303,280.33304,280.53302,280.93304,280.03302,279.13303,277.83304,279.03302,279.63303,280.03302,280.63303,280.93304,281.23303,281.03302,281.43304,280.93304,280.63303,281.13303,281.63303,282.23303,281.43304,275.33304,266.13303,269.33304,273.13303,267.23303,262.63303,266.13303,271.03302,264.73303,267.93304,257.23303,264.03302,281.83304,281.53302,283.03302,284.43304,278.43304,273.13303
276.43304,278.13303,279.93304,280.43304,280.13303,278.33304,278.23303,279.03302,279.33304,279.83304,280.03302,279.33304,279.33304,280.13303,278.33304,280.63303,279.93304,278.83304,279.13303,279.33304,280.13303,280.53302,280.83304,277.53302,282.53302,281.33304,282.23303,282.13303,280.33304,271.13303,265.43304,269.73303,272.23303,271.03302,268.93304,272.83304,268.13303,267.73303,271.73303,269.23303,267.83304
277.33304,277.73303,278.73303,279.43304,279.13303,278.03302,279.03302,278.63303,279.13303,280.93304,279.23303,277.43304,282.63303,283.23303,280.63303,280.43304,278.63303,278.73303,278.63303,278.73303,278.13303,273.43304,280.33304,279.03302,281.43304,281.93304,281.63303,280.83304,280.53302,280.93304,281.33304,277.83304,279.63303,279.63303,279.73303,274.43304,266.83304,265.03302,271.33304,273.43304,277.53302
278.43304,277.13303,277.13303,277.43304,277.23303,278.33304,278.93304,280.03302,280.33304,278.73303,277.83304,277.83304,280.83304,280.73303,279.73303,277.23303,278.33304,276.23303,277.23303,276.93304,277.83304,279.53302,278.53302,278.73303,279.23303,279.13303,278.23303,277.13303,278.93304,279.63303,279.83304,280.03302,271.73303,264.23303,272.13303,274.43304,275.63303,276.73303,276.83304,276.63303,275.33304
279.33304,278.83304,276.43304,274.83304,271.33304,272.33304,278.43304,280.03302,278.03302,278.23303,277.93304,277.63303,279.83304,280.53302,273.83304,276.73303,276.63303,275.23303,274.73303,276.03302,274.83304,275.23303,278.53302,277.23303,277.63303,273.63303,273.23303,273.03302,275.13303,275.53302,276.43304,275.93304,276.73303,276.83304,276.03302,275.73303,272.33304,271.83304,275.23303,276.33304,274.73303
277.83304,278.43304,279.53302,279.13303,276.33304,278.53302,278.53302,277.73303,277.33304,276.73303,274.53302,273.43304,273.73303,272.23303,272.73303,274.13303,273.63303,274.43304,273.33304,272.43304,271.83304,273.13303,273.03302,272.63303,271.53302,271.53302,270.63303,271.23303,271.63303,272.23303,272.13303,272.83304,273.33304,275.73303,273.63303,272.63303,268.33304,269.33304,264.23303,265.43304,272.63303
276.43304,276.03302,276.73303,277.63303,278.23303,277.23303,275.83304,275.13303,272.53302,271.93304,270.33304,270.63303,271.03302,271.73303,271.43304,272.03302,271.73303,271.93304,271.33304,270.43304,268.63303,269.03302,269.03302,272.73303,271.63303,269.53302,268.13303,268.23303,267.03302,267.73303,266.63303,266.73303,267.63303,265.53302,263.83304,261.93304,265.33304,267.63303,271.73303,271.83304,271.33304
273.03302,273.33304,274.73303,274.93304,274.83304,273.83304,272.23303,271.03302,270.63303,266.63303,264.53302,264.03302,262.53302,266.43304,266.13303,270.33304,270.63303,270.23303,265.83304,264.93304,265.53302,265.23303,265.83304,264.93304,262.13303,264.83304,265.83304,266.03302,263.23303,263.83304,263.13303,263.43304,269.43304,269.33304,266.93304,262.83304,263.33304,264.83304,255.73303,259.43304,255.63303
271.63303,272.13303,271.93304,271.23303,271.63303,267.43304,267.43304,265.83304,265.23303,262.53302,263.03302,264.23303,261.13303,261.13303,263.13303,263.73303,264.63303,266.23303,264.53302,263.03302,262.23303,262.43304,263.33304,264.03302,264.03302,263.63303,266.73303,263.63303,261.53302,260.83304,263.03302,269.73303,270.33304,268.53302,263.03302,260.53302,266.43304,261.13303,257.73303,261.83304,256.63303
270.73303,270.23303,270.23303,266.93304,268.03302,265.73303,262.03302,259.73303,261.73303,261.33304,260.93304,264.53302,259.43304,259.43304,261.23303,260.23303,261.63303,261.83304,261.63303,261.33304,260.03302,258.83304,259.93304,258.73303,259.13303,258.53302,260.53302,269.23303,268.03302,269.53302,267.53302,261.53302,268.83304,267.23303,262.13303,260.03302,257.73303,264.83304,265.63303,264.13303,258.93304
270.83304,265.23303,263.23303,264.13303,261.33304,259.63303,259.43304,258.93304,259.73303,259.03302,268.23303,258.83304,257.33304,257.83304,257.53302,258.23303,260.83304,258.93304,259.23303,258.13303,258.53302,258.83304,258.13303,254.73303,256.03302,258.13303,260.93304,268.83304,266.53302,265.63303,260.23303,256.23303,265.03302,254.43303,262.53302,261.13303,267.43304,269.63303,266.43304,265.53302,266.13303
269.33304,270.23303,271.23303,270.53302,266.13303,269.83304,257.93304,256.53302,260.33304,259.63303,270.73303,269.63303,257.83304,259.43304,258.03302,257.93304,257.43304,258.93304,256.33304,258.03302,258.63303,257.93304,259.53302,257.83304,259.93304,258.03302,259.43304,256.03302,256.13303,257.43304,256.53302,256.23303,254.23303,252.33304,253.93303,257.03302,255.63303,259.33304,256.13303,254.43303,255.33304
270.83304,270.73303,270.33304,263.83304,264.23303,269.63303,261.43304,260.73303,258.93304,264.43304,265.43304,265.53302,265.63303,258.13303,258.83304,259.13303,260.03302,259.93304,257.83304,261.73303,261.53302,262.63303,263.13303,262.83304,262.23303,257.33304,254.13303,258.63303,257.03302,257.43304,257.23303,257.53302,257.53302,256.83304,258.43304,253.73303,256.93304,255.23303,252.63303,253.73303,256.83304
272.03302,271.03302,270.73303,261.63303,264.23303,270.43304,269.93304,269.63303,259.93304,268.83304,262.43304,269.83304,268.33304,269.23303,267.53302,263.73303,264.03302,265.73303,262.73303,265.13303,264.83304,264.23303,263.63303,263.73303,263.13303,264.73303,264.53302,266.33304,264.93304,261.43304,261.23303,261.43304,260.83304,259.73303,259.23303,260.13303,259.33304,259.23303,257.73303,255.83304,254.33304
