wind_kz.json
[{"header":{"discipline":0,"disciplineName":"Meteorological products","gribEdition":2,"gribLength":871,"center":7,"centerName":"US National Weather Service - NCEP(WMC)","subcenter":0,"refTime":"2023-10-03T18:00:00.000Z","significanceOfRT":1,"significanceOfRTName":"Start of forecast","productStatus":0,"productStatusName":"Operational products","productType":1,"productTypeName":"Forecast products","productDefinitionTemplate":0,"productDefinitionTemplateName":"Analysis/forecast at horizontal level/layer at a point in time","parameterCategory":0,"parameterCategoryName":"UnknownDiscipline_0_Category_0","parameterNumber":0,"parameterNumberName":"UnknownParameter_D0_C0_0","parameterUnit":"Unknown","genProcessType":2,"genProcessTypeName":"Forecast","forecastTime":240,"surface1Type":1,"surface1TypeName":"Ground or water surface","surface1Value":0.0,"surface2Type":255,"surface2TypeName":"Missing","surface2Value":0.0,"gridDefinitionTemplate":0,"gridDefinitionTemplateName":"Latitude_Longitude","numberPoints":615,"shape":6,"shapeName":"Earth spherical with radius of 6,371,229.0 m","gridUnits":"degrees","resolution":48,"winds":"true","scanMode":64,"nx":41,"ny":15,"basicAngle":0,"lo1":47.0,"la1":41.0,"lo2":87.0,"la2":55.0,"dx":1.0,"dy":1.0},"data":[286.0,274.0,277.3,292.2,292.2,290.9,286.8,287.0,286.5,287.3,286.3,287.7,285.7,285.2,284.9,283.1,283.3,287.0,288.9,288.5,288.5,288.2,288.4,285.5,289.5,290.9,288.0,275.5,274.6,274.0,272.2,267.9,281.1,287.6,287.3,287.6,286.9,286.7,288.9,289.6,286.8,255.6,278.1,292.1,291.9,292.2,290.4,283.9,282.7,282.1,283.5,284.7,284.9,285.1,284.2,282.2,283.4,281.9,286.2,286.0,286.3,286.9,287.2,286.3,283.3,275.3,274.9,282.7,276.2,276.5,272.9,279.0,269.1,274.5,252.1,271.4,284.7,282.3,285.0,287.3,281.4,283.3,280.6,291.7,291.7,291.3,289.8,281.9,281.8,280.6,280.6,281.5,280.9,282.1,281.7,283.4,284.5,283.5,282.1,281.7,285.2,284.7,284.7,286.0,285.8,283.2,288.2,286.3,288.6,286.2,284.2,277.7,272.5,274.4,278.6,278.8,281.0,281.9,274.0,274.3,275.7,270.2,271.1,279.5,290.4,291.3,290.5,287.4,280.3,281.8,283.1,281.4,280.3,280.4,280.5,288.8,288.3,283.9,280.9,283.0,280.8,278.8,279.1,283.5,282.3,285.1,287.2,288.4,290.1,290.3,288.2,286.4,287.0,288.5,286.6,289.9,288.1,286.5,285.3,275.7,268.1,277.9,285.2,289.0,282.2,289.9,290.2,289.5,286.5,281.3,281.2,281.7,279.8,282.1,282.3,279.8,287.7,286.5,285.2,282.0,282.4,280.6,279.1,282.2,282.2,283.4,284.6,286.0,286.9,287.8,288.1,287.8,289.2,291.0,290.9,288.6,279.2,271.1,278.9,286.3,288.9,291.1,291.5,292.0,291.7,281.2,279.1,288.0,288.5,288.9,288.4,280.3,281.8,283.5,283.1,281.3,280.5,286.4,287.3,285.3,283.9,281.9,279.6,282.6,283.9,284.4,285.2,285.8,286.8,286.8,285.7,287.2,286.1,287.9,290.0,289.2,289.6,290.0,288.5,287.6,288.3,284.5,283.9,288.4,290.6,290.9,279.8,279.4,282.5,282.2,283.4,279.4,280.1,280.1,281.5,282.6,279.6,279.5,280.5,280.6,282.4,282.0,282.4,279.1,280.9,282.3,283.7,284.8,285.3,286.0,285.8,286.7,286.7,287.3,287.5,288.3,288.9,289.3,289.5,290.8,290.9,288.5,283.9,282.6,280.2,278.6,286.7,280.3,278.9,280.8,282.2,282.2,280.6,280.0,279.2,280.6,281.1,281.0,278.9,279.9,281.1,281.6,283.0,281.4,279.1,279.1,279.9,281.6,282.4,282.9,283.1,283.9,283.4,284.3,284.3,283.9,285.8,286.1,287.2,287.5,284.8,285.4,285.5,287.7,284.3,288.8,287.3,285.6,279.5,278.9,280.3,280.4,281.2,280.5,279.6,280.0,280.4,279.2,277.5,277.7,278.5,279.1,279.7,279.1,279.0,278.5,278.1,280.0,278.1,279.2,280.3,280.9,280.9,282.0,280.2,282.2,280.1,280.2,279.5,280.4,281.7,282.2,283.2,283.7,286.2,285.8,278.0,276.8,274.5,278.5,279.7,279.6,280.4,280.7,279.8,279.5,278.7,278.8,280.1,278.7,278.4,277.4,276.1,275.9,277.2,277.6,278.2,277.4,276.7,277.0,277.5,279.8,280.1,280.3,279.5,279.8,279.6,279.5,278.8,278.3,280.6,283.4,283.4,282.4,283.6,283.1,280.8,279.2,277.6,276.3,278.4,280.2,280.5,280.0,279.9,279.4,279.1,279.2,277.6,278.7,277.1,276.8,278.3,274.8,275.0,275.5,276.3,276.6,276.1,275.9,276.8,276.9,278.9,279.3,278.8,278.2,276.4,278.6,278.9,278.6,278.6,278.6,278.4,281.5,281.6,281.4,281.4,279.4,280.7,280.1,278.1,279.5,281.0,280.6,279.6,279.1,279.0,278.3,278.0,279.0,278.7,276.3,276.1,276.7,278.2,275.0,274.7,274.2,274.7,275.4,276.2,275.4,275.7,276.0,278.1,277.5,278.3,278.3,279.2,279.1,278.9,277.2,277.3,277.7,275.9,276.2,279.4,279.8,280.1,280.1,281.9,283.1,278.4,279.3,280.6,278.9,278.0,277.5,277.7,277.2,276.9,277.2,275.3,274.8,278.2,274.6,276.5,275.0,274.8,274.5,275.7,276.5,275.7,274.6,273.3,274.3,276.8,278.6,279.5,278.9,279.3,278.7,278.6,277.7,277.0,276.5,275.7,274.7,274.6,277.3,279.2,280.1,281.5,278.4,278.4,281.7,278.1,276.9,275.9,276.2,276.3,277.3,276.7,275.9,273.1,275.3,277.7,278.6,275.6,275.5,275.0,275.0,275.1,275.0,275.2,276.4,276.1,275.6,274.9,277.0,277.9,277.2,277.1,277.0,276.5,275.7,274.9,275.7,274.8,274.1,273.5,274.7,277.3,278.7,278.0,279.0,283.4,277.9,276.9,274.9,275.7,276.2,276.0,276.1,277.1,275.8,274.6,275.5,276.2,276.1,275.7,275.2,275.3,275.1,275.3,275.1,275.0,274.9,275.0,274.9,274.5,274.1,275.0,275.4,275.6,278.7,274.4,274.2,274.0,274.7,274.6,273.5,274.6,275.1,277.4]},{"header":{"discipline":0,"disciplineName":"Meteorological products","gribEdition":2,"gribLength":794,"center":7,"centerName":"US National Weather Service - NCEP(WMC)","subcenter":0,"refTime":"2023-10-03T18:00:00.000Z","significanceOfRT":1,"significanceOfRTName":"Start of forecast","productStatus":0,"productStatusName":"Operational products","productType":1,"productTypeName":"Forecast products","productDefinitionTemplate":0,"productDefinitionTemplateName":"Analysis/forecast at horizontal level/layer at a point in time","parameterCategory":2,"parameterCategoryName":"UnknownDiscipline_0_Category_2","parameterNumber":2,"parameterNumberName":"UnknownParameter_D0_C2_2","parameterUnit":"Unknown","genProcessType":2,"genProcessTypeName":"Forecast","forecastTime":240,"surface1Type":103,"surface1TypeName":"Specified height level above ground","surface1Value":10.0,"surface2Type":255,"surface2TypeName":"Missing","surface2Value":0.0,"gridDefinitionTemplate":0,"gridDefinitionTemplateName":"Latitude_Longitude","numberPoints":615,"shape":6,"shapeName":"Earth spherical with radius of 6,371,229.0 m","gridUnits":"degrees","resolution":48,"winds":"true","scanMode":64,"nx":41,"ny":15,"basicAngle":0,"lo1":47.0,"la1":41.0,"lo2":87.0,"la2":55.0,"dx":1.0,"dy":1.0},"data":[-1.2024444,-0.20244446,0.69755554,0.29755554,1.2975556,0.49755555,2.1975555,1.4975555,0.5975555,1.6975555,3.5975556,3.1975555,1.7975556,1.8975556,2.1975555,4.1975555,2.3975556,2.8975556,0.79755557,0.79755557,0.29755554,3.4975555,-2.3024445,1.1975555,-0.80244446,-1.2024444,-0.30244446,0.69755554,0.49755555,-0.20244446,-1.6024444,1.4975555,0.39755553,2.2975554,1.7975556,0.99755555,1.4975555,2.1975555,3.7975554,2.8975556,1.7975556,1.2975556,-0.002444458,-0.70244443,0.69755554,1.7975556,2.2975554,1.5975555,-1.1024444,0.79755557,2.0975556,1.7975556,1.3975556,1.8975556,3.0975556,1.4975555,1.4975555,4.4975557,2.6975555,1.5975555,1.1975555,1.4975555,1.1975555,-1.0024445,0.29755554,0.69755554,1.0975555,-0.002444458,1.4975555,-0.70244443,-1.3024445,0.29755554,-0.40244445,-0.40244445,-3.0024445,0.69755554,-0.002444458,0.09755554,-0.70244443,0.5975555,1.3975556,-0.40244445,-1.5024445,-2.3024445,-0.70244443,0.89755553,1.5975555,0.69755554,-0.002444458,0.89755553,2.9975555,2.8975556,3.2975554,4.7975554,3.4975555,5.1975555,4.6975555,2.8975556,3.8975556,4.1975555,1.6975555,2.9975555,2.9975555,3.7975554,2.9975555,2.4975555,-0.20244446,2.7975554,-0.002444458,0.49755555,-1.8024445,-0.70244443,-1.1024444,1.1975555,-0.102444455,-1.0024445,-0.30244446,-2.3024445,-0.20244446,-0.002444458,-0.20244446,-0.30244446,2.1975555,-2.2024446,-2.0024445,0.29755554,0.99755555,1.3975556,1.8975556,2.9975555,3.4975555,3.3975556,3.7975554,4.8975554,5.2975554,9.597555,9.397555,6.9975557,4.2975554,5.3975554,4.4975557,2.4975555,2.9975555,2.5975556,2.6975555,3.3975556,2.2975554,3.5975556,5.2975554,3.9975555,-2.0024445,-0.30244446,0.49755555,0.69755554,0.29755554,3.3975556,2.7975554,1.5975555,-0.102444455,-1.1024444,2.3975556,0.19755554,2.0975556,-1.7024444,-0.9024445,2.8975556,2.9975555,3.3975556,4.3975554,3.6975555,3.3975556,2.4975555,4.3975554,5.7975554,6.5975556,7.7975554,10.097555,9.697556,8.797556,6.4975557,6.0975556,5.3975554,3.4975555,3.9975555,4.1975555,3.4975555,3.7975554,5.6975555,4.9975557,2.5975556,3.1975555,1.7975556,0.99755555,-0.9024445,-1.9024445,-0.30244446,-0.30244446,0.89755553,0.69755554,1.2975556,-0.50244445,-2.0024445,-2.3024445,-1.7024444,-2.8024445,1.5975555,0.69755554,3.0975556,3.3975556,3.3975556,3.1975555,2.0975556,3.9975555,4.3975554,5.3975554,4.6975555,7.5975556,6.1975555,8.497556,6.5975556,6.5975556,3.2975554,-0.40244445,0.5975555,3.4975555,4.0975556,4.0975556,4.4975557,3.2975554,4.7975554,2.6975555,3.3975556,3.2975554,2.5975556,1.9975555,1.1975555,2.7975554,-0.60244447,-0.102444455,1.2975556,2.1975555,0.69755554,-2.3024445,-0.50244445,-1.8024445,-2.7024446,1.7975556,1.8975556,2.0975556,1.9975555,2.4975555,1.1975555,2.4975555,2.2975554,3.9975555,3.8975556,4.0975556,4.8975554,5.1975555,4.2975554,4.9975557,1.6975555,1.1975555,0.99755555,2.0975556,3.9975555,3.8975556,2.0975556,2.6975555,4.9975557,3.3975556,4.4975557,4.6975555,4.2975554,4.0975556,1.8975556,3.7975554,0.19755554,-1.1024444,-2.1024444,-2.4024444,-3.2024446,-0.002444458,1.4975555,-3.3024445,1.7975556,2.0975556,2.2975554,2.4975555,2.8975556,1.9975555,2.2975554,1.9975555,2.2975554,3.1975555,4.4975557,3.2975554,3.6975555,4.2975554,4.1975555,-3.1024444,-1.1024444,-3.2024446,-0.9024445,1.5975555,1.6975555,0.89755553,-0.102444455,-2.5024445,-2.2024446,-0.9024445,3.6975555,1.9975555,3.2975554,1.6975555,2.2975554,3.3975556,5.1975555,5.1975555,-0.30244446,-0.30244446,-0.60244447,-1.4024445,2.7975554,4.1975555,0.19755554,-1.3024445,-0.70244443,3.2975554,3.5975556,3.2975554,2.9975555,3.0975556,2.3975556,3.2975554,3.2975554,3.0975556,1.5975555,3.0975556,2.6975555,-0.9024445,-2.5024445,-1.8024445,-2.0024445,-1.0024445,0.19755554,-0.002444458,0.09755554,-3.3024445,-2.2024446,-1.4024445,-0.80244446,-0.002444458,-0.9024445,-1.3024445,0.5975555,-1.4024445,-1.8024445,-4.7024446,-2.4024444,-2.8024445,-2.1024444,0.09755554,0.79755557,-0.40244445,-2.0024445,-1.5024445,0.69755554,-0.50244445,3.6975555,3.2975554,3.3975556,3.3975556,3.0975556,2.8975556,3.2975554,2.6975555,2.7975554,1.3975556,3.1975555,4.6975555,-2.8024445,-1.9024445,-1.3024445,-1.2024444,-1.4024445,-1.3024445,-2.4024444,-2.3024445,-3.0024445,-2.1024444,-1.6024444,-1.6024444,-2.4024444,-3.5024445,-4.2024446,-4.8024445,-5.2024446,-4.7024446,-3.5024445,-3.0024445,-2.6024444,-1.8024445,-0.20244446,0.5975555,-0.60244447,-1.7024444,-1.1024444,0.5975555,0.29755554,3.7975554,4.8975554,3.8975556,3.3975556,2.7975554,2.7975554,3.1975555,3.2975554,2.5975556,0.89755553,1.6975555,-0.20244446,-0.102444455,0.39755553,0.99755555,-0.50244445,-1.9024445,-1.0024445,-2.1024444,-2.5024445,-2.1024444,-1.7024444,-1.4024445,-2.5024445,-2.9024444,-3.3024445,-4.7024446,-4.6024446,-3.9024444,-3.3024445,-3.3024445,-3.5024445,-1.9024445,-2.1024444,-1.2024444,0.29755554,0.69755554,-0.40244445,0.39755553,-0.30244446,-0.20244446,5.2975554,5.6975555,4.4975557,1.9975555,4.7975554,4.2975554,2.6975555,2.4975555,2.6975555,1.4975555,0.49755555,1.6975555,2.0975556,1.6975555,0.39755553,-0.30244446,-0.60244447,-0.70244443,-1.7024444,-1.4024445,-0.80244446,-0.80244446,-1.7024444,-2.3024445,-2.0024445,-2.2024446,-2.4024444,-2.3024445,-2.5024445,-2.4024444,-2.2024446,-2.3024445,-1.3024445,-2.4024444,-1.5024445,-1.4024445,-1.7024444,0.09755554,0.09755554,0.49755555,0.49755555,6.2975554,6.3975554,4.4975557,3.7975554,2.7975554,3.6975555,4.9975557,4.5975556,4.4975557,1.2975556,0.5975555,2.0975556,2.3975556,2.7975554,2.3975556,2.0975556,1.5975555,1.3975556,1.7975556,0.89755553,-0.50244445,-0.40244445,-0.20244446,-0.60244447,-0.30244446,-1.0024445,-1.4024445,-1.5024445,-1.5024445,-1.6024444,-1.7024444,-1.9024445,-1.8024445,-2.0024445,-1.8024445,-1.6024444,-0.50244445,0.09755554,-0.30244446,1.1975555,0.39755553,6.8975554,5.7975554,5.1975555,4.4975557,3.8975556,3.2975554,3.7975554,3.8975556,3.9975555,2.7975554,0.89755553,1.0975555,2.3975556,2.8975556,3.6975555,2.6975555,2.4975555,2.1975555,1.8975556,2.3975556,1.9975555,1.9975555,1.2975556,0.89755553,0.5975555,0.5975555,0.79755557,0.99755555,0.69755554,0.5975555,-0.80244446,-1.3024445,-0.70244443,-0.80244446,-0.80244446,-1.0024445,-0.9024445,-0.60244447,-0.60244447,-0.30244446,0.99755555,4.0975556,5.5975556,6.2975554,4.3975554,4.9975557,3.9975555,4.1975555,3.8975556,3.5975556,2.6975555,1.2975556,1.6975555,0.99755555,1.1975555,1.3975556,1.6975555,2.4975555,2.5975556,1.8975556,2.3975556,2.4975555,2.5975556,2.4975555,2.4975555,2.2975554,2.2975554,2.0975556,1.8975556,1.7975556,1.4975555,1.9975555,0.89755553,0.49755555,0.69755554,0.49755555,0.89755553,-0.20244446,-0.102444455,0.39755553,-0.002444458,0.5975555]},{"header":{"discipline":0,"disciplineName":"Meteorological products","gribEdition":2,"gribLength":718,"center":7,"centerName":"US National Weather Service - NCEP(WMC)","subcenter":0,"refTime":"2023-10-03T18:00:00.000Z","significanceOfRT":1,"significanceOfRTName":"Start of forecast","productStatus":0,"productStatusName":"Operational products","productType":1,"productTypeName":"Forecast products","productDefinitionTemplate":0,"productDefinitionTemplateName":"Analysis/forecast at horizontal level/layer at a point in time","parameterCategory":2,"parameterCategoryName":"UnknownDiscipline_0_Category_2","parameterNumber":3,"parameterNumberName":"UnknownParameter_D0_C2_3","parameterUnit":"Unknown","genProcessType":2,"genProcessTypeName":"Forecast","forecastTime":240,"surface1Type":103,"surface1TypeName":"Specified height level above ground","surface1Value":10.0,"surface2Type":255,"surface2TypeName":"Missing","surface2Value":0.0,"gridDefinitionTemplate":0,"gridDefinitionTemplateName":"Latitude_Longitude","numberPoints":615,"shape":6,"shapeName":"Earth spherical with radius of 6,371,229.0 m","gridUnits":"degrees","resolution":48,"winds":"true","scanMode":64,"nx":41,"ny":15,"basicAngle":0,"lo1":47.0,"la1":41.0,"lo2":87.0,"la2":55.0,"dx":1.0,"dy":1.0},"data":[2.4324677,-1.5675323,1.7324677,-3.7675323,-4.467532,-6.2675323,-5.0675325,-5.1675324,-3.7675323,-5.5675325,-5.3675323,-5.3675323,-4.3675323,-5.6675324,-5.2675323,-1.2675323,-1.5675323,-3.9675324,-2.0675323,-0.36753234,-2.8675323,-5.7675323,-3.7675323,1.6324676,0.43246764,1.6324676,0.8324677,1.7324677,2.3324676,3.8324676,0.93246764,-1.7675323,0.93246764,2.9324677,0.93246764,2.4324677,2.5324676,0.53246766,1.2324677,-0.16753235,-1.2675323,2.9324677,1.9324677,-0.067532346,-2.6675324,-4.0675325,-5.3675323,-3.8675323,-3.2675323,-4.3675323,-5.8675323,-6.0675325,-5.8675323,-6.7675323,-5.1675324,-4.467532,-5.967532,-2.5675323,0.6324676,-2.4675324,-2.9675324,-3.0675323,-2.3675323,-1.8675324,2.3324676,1.1324676,2.3324676,-0.16753235,3.1324677,0.93246764,2.7324677,3.5324676,5.032468,1.3324677,-1.0675323,-2.8675323,-0.46753234,-1.2675323,-1.9675324,-0.26753235,-0.26753235,0.73246765,2.3324676,2.4324677,-0.26753235,-2.5675323,-3.8675323,-3.2675323,-3.3675323,-3.4675324,-4.0675325,-4.2675323,-5.5675325,-5.2675323,-3.5675323,-4.967532,-4.0675325,-3.7675323,-5.3675323,-2.8675323,0.032467652,-0.96753234,-0.6675323,-2.5675323,-0.8675324,2.0324676,0.73246765,-1.5675323,-1.0675323,-0.96753234,0.13246766,2.0324676,3.1324677,1.2324677,0.93246764,-0.8675324,-0.76753235,4.532468,4.4324675,0.93246764,0.93246764,0.73246765,1.1324676,1.8324677,0.6324676,-0.56753236,-2.0675323,-2.1675324,-1.6675323,-1.8675324,-5.3675323,-5.2675323,-4.967532,-4.8675323,-4.467532,-6.6675324,-4.1675324,-4.5675325,-1.5675323,-2.1675324,-1.4675324,0.6324676,-0.36753234,-0.96753234,0.73246765,-3.4675324,1.0324676,-1.3675324,0.73246765,-0.76753235,-3.1675324,-2.2675323,-1.6675323,-2.3675323,-2.6675324,-0.8675324,1.7324677,0.23246765,-0.46753234,0.33246765,3.2324677,2.2324677,1.3324677,5.032468,1.1324676,2.0324676,-2.0675323,-0.96753234,-2.2675323,-0.067532346,-1.1675323,-3.0675323,-1.7675323,-3.6675324,-3.5675323,-3.5675323,-5.967532,-5.5675325,-2.8675323,-1.9675324,-0.96753234,0.032467652,0.73246765,0.53246766,0.032467652,0.032467652,1.5324676,0.53246766,0.53246766,-0.16753235,1.6324676,3.1324677,-0.56753236,-2.2675323,-3.2675323,-1.4675324,1.9324677,3.3324676,-1.0675323,-1.1675323,0.032467652,-0.6675323,-0.8675324,-0.8675324,-0.16753235,-0.76753235,-0.8675324,-3.3675323,-3.9675324,-4.967532,-5.7675323,-3.5675323,-4.6675324,-5.7675323,-5.8675323,-3.8675323,-4.2675323,-5.5675325,-5.1675324,-2.6675324,-2.1675324,0.23246765,-2.0675323,-2.5675323,-2.9675324,-1.3675324,-0.067532346,-2.3675323,0.23246765,1.4324677,0.43246764,-1.3675324,-0.16753235,1.5324676,-0.067532346,-1.6675323,-2.9675324,-2.4675324,-2.3675323,1.3324677,1.6324676,1.9324677,3.6324677,0.23246765,-2.0675323,-1.4675324,-0.6675323,-0.76753235,-1.6675323,-1.8675324,-2.1675324,-0.56753236,-2.6675324,-3.6675324,-4.5675325,-5.5675325,-4.5675325,-3.6675324,-4.7675323,-2.4675324,-3.0675323,0.73246765,2.1324677,-0.36753234,-2.0675323,-2.4675324,-2.9675324,0.8324677,3.1324677,-1.5675323,-2.5675323,2.8324676,2.6324677,2.2324677,-0.96753234,-0.8675324,-0.16753235,-0.067532346,-2.6675324,-6.0675325,0.33246765,-1.5675323,-1.8675324,-1.0675323,1.5324676,0.73246765,-0.26753235,-0.36753234,-0.76753235,-0.8675324,-1.3675324,-1.6675323,-0.36753234,-2.0675323,-2.4675324,-4.0675325,-3.9675324,-5.5675325,-4.7675323,-5.1675324,-1.6675323,-3.6675324,0.13246766,-0.067532346,-1.7675323,-2.1675324,-2.4675324,-2.5675323,-3.0675323,-4.2675323,-3.7675323,-1.3675324,-1.0675323,1.4324677,2.8324676,5.1324677,3.1324677,3.4324677,3.2324677,-0.76753235,-1.4675324,-1.2675323,-0.36753234,-1.2675323,1.1324676,0.93246764,0.6324676,-0.46753234,1.4324677,1.1324676,0.33246765,-0.067532346,-0.46753234,-1.1675323,-1.4675324,-2.2675323,-3.1675324,-3.4675324,-4.5675325,-4.967532,-0.46753234,-1.2675323,-2.9675324,-2.7675323,-3.3675323,-2.5675323,-2.4675324,-2.3675323,0.23246765,-2.1675324,-3.9675324,-4.2675323,-3.7675323,-2.7675323,-0.067532346,0.8324677,2.8324676,1.0324676,0.23246765,-1.3675324,-0.6675323,-1.3675324,-0.46753234,-1.1675323,-0.76753235,-1.0675323,3.4324677,2.3324676,1.4324677,1.7324677,1.7324677,1.2324677,1.3324677,0.73246765,-0.067532346,-0.8675324,-1.7675323,-2.0675323,-3.3675323,-3.7675323,-4.3675323,1.0324676,-1.0675323,-2.3675323,-2.9675324,-3.2675323,-3.5675323,-1.9675324,-2.2675323,-1.0675323,-1.4675324,-1.6675323,-3.9675324,-3.4675324,-2.4675324,-2.3675323,-1.9675324,-1.7675323,-0.6675323,0.6324676,-0.8675324,-1.5675323,-1.6675323,-1.6675323,-0.46753234,0.93246764,-0.36753234,-0.16753235,4.4324675,2.3324676,2.5324676,2.4324677,2.1324677,1.4324677,1.5324676,1.2324677,0.032467652,-1.2675323,-1.1675323,-1.0675323,-1.6675323,-1.7675323,-0.56753236,-0.26753235,0.6324676,-0.36753234,-1.8675324,-3.2675323,-1.3675324,-1.2675323,-1.9675324,-2.1675324,-2.5675323,-2.1675324,-2.4675324,-2.7675323,-1.8675324,-2.2675323,-2.2675323,-1.9675324,-1.8675324,-2.1675324,-2.5675323,-2.9675324,-2.9675324,-2.1675324,0.73246765,2.0324676,4.1324677,1.5324676,0.8324677,2.9324677,3.4324677,4.032468,4.032468,1.1324676,1.8324677,1.7324677,0.43246764,-0.36753234,1.8324677,0.6324676,-0.36753234,-1.2675323,0.53246766,0.23246765,1.1324676,-0.36753234,-1.5675323,-1.4675324,-1.9675324,0.33246765,-1.0675323,-1.1675323,0.032467652,-0.56753236,-1.2675323,-1.5675323,-1.5675323,-1.6675323,-1.7675323,-2.0675323,-1.6675323,-1.6675323,-1.6675323,-1.7675323,-2.9675324,-2.3675323,-1.6675323,-1.3675324,-1.4675324,-0.76753235,2.0324676,2.5324676,4.1324677,4.9324675,4.532468,2.2324677,2.2324677,1.8324677,0.93246764,2.2324677,1.1324676,0.8324677,1.4324677,0.73246765,1.5324676,1.9324677,1.1324676,0.43246764,0.13246766,-1.1675323,-0.6675323,-0.16753235,0.8324677,0.43246764,1.4324677,1.8324677,0.8324677,0.23246765,-0.26753235,-0.76753235,-0.8675324,-1.2675323,-1.8675324,-1.9675324,-1.8675324,-1.9675324,-2.8675323,-1.8675324,-2.5675323,-1.2675323,-1.0675323,2.1324677,2.6324677,3.1324677,4.9324675,5.032468,5.1324677,4.6324677,3.7324677,2.5324676,3.0324676,2.3324676,1.3324677,1.0324676,2.1324677,1.8324677,1.9324677,1.9324677,2.2324677,1.7324677,1.4324677,0.53246766,0.23246765,0.53246766,1.7324677,1.6324676,0.73246765,0.43246764,0.8324677,0.93246764,0.8324677,-0.067532346,0.13246766,-1.1675323,-1.1675323,-1.5675323,-2.0675323,-2.2675323,-2.4675324,-2.3675323,-1.6675323,-1.7675323,2.4324677,2.2324677,4.1324677,4.4324675,5.532468,5.532468,5.7324677,5.2324677,4.032468,2.3324676,3.0324676,3.4324677,2.5324676,0.33246765,-0.067532346,1.4324677,1.7324677,1.9324677,2.8324676,2.4324677,2.2324677,1.9324677,1.4324677,1.5324676,1.5324676,1.7324677,1.8324677,1.6324676,1.5324676,1.5324676,0.93246764,1.9324677,0.23246765,-0.16753235,-0.96753234,-1.2675323,-1.0675323,-1.1675323,-1.7675323,-2.5675323,-1.3675324]}]