wind_kz.json
{"header": {"discipline":0,"disciplineName":"Meteorological products","gribEdition":2,"gribLength":1025,"center":7,"centerName":"US National Weather Service - NCEP(WMC)","subcenter":0,"refTime":"2023-08-26T12:00:00.000Z","significanceOfRT":1,"significanceOfRTName":"Start of forecast","productStatus":0,"productStatusName":"Operational products","productType":1,"productTypeName":"Forecast products","productDefinitionTemplate":0,"productDefinitionTemplateName":"Analysis/forecast at horizontal level/layer at a point in time","parameterCategory":2,"parameterCategoryName":"UnknownDiscipline_0_Category_2","parameterNumber":3,"parameterNumberName":"UnknownParameter_D0_C2_3","parameterUnit":"Unknown","genProcessType":2,"genProcessTypeName":"Forecast","forecastTime":180,"surface1Type":103,"surface1TypeName":"Specified height level above ground","surface1Value":10.0,"surface2Type":255,"surface2TypeName":"Missing","surface2Value":0.0,"gridDefinitionTemplate":0,"gridDefinitionTemplateName":"Latitude_Longitude","numberPoints":615,"shape":6,"shapeName":"Earth spherical with radius of 6,371,229.0 m","gridUnits":"degrees","resolution":48,"winds":"true","scanMode":64,"nx":41,"ny":15,"basicAngle":0,"lo1":47.0,"la1":41.0,"lo2":87.0,"la2":55.0,"dx":1.0,"dy":1.0}, "data":
[rows 0 to 14 of 15, columns 0 to 40 of 41]
0.5288135,-1.5011865,0.54881346,-3.3811865,-4.6311865,-3.3511865,-2.3211865,-1.4811865,-2.1911864,-1.1811866,-1.5511866,-2.1011865,-3.4211864,-4.6411867,-5.0611863,-4.3711867,-1.5011865,0.6388135,0.10881348,-0.8711865,-2.2711866,-3.1311865,0.018813476,0.3988135,0.66881347,0.5288135,-0.8011865,1.5888134,-0.11118653,2.5488136,0.5788135,-2.7411866,0.048813477,-2.7311866,-3.0811865,-0.3211865,-1.4711865,0.028813476,-1.1511865,-3.4211864,-1.5611866
3.3688135,1.3288134,-0.19118652,-0.9311865,0.14881347,-0.76118654,-2.2911866,-1.3711865,-2.7511866,-1.8611865,-0.9711865,-2.2711866,-2.8911865,-3.4811866,-5.1711864,-4.7911863,-2.5811865,-0.83118653,1.6088135,0.16881348,-2.3011866,-2.9011865,-0.9111865,2.4088135,1.0788134,1.6088135,-2.1311865,2.2488134,0.3988135,1.7788135,5.0288134,5.3288136,0.86881346,1.7288135,-2.0211866,-1.6911865,-1.2611865,-1.3311865,-2.0811865,-2.7611866,3.0588136
2.7688134,3.8288136,-0.34118652,-1.1111865,-1.9211866,-1.3011866,-2.1411865,-2.3811865,-2.4211864,-2.8511865,-2.0711865,-2.1411865,-3.1811864,-3.5111866,-4.4811864,-4.9111867,-3.7511866,-3.4411864,-1.9911865,-1.6411865,-1.8911865,-1.9611865,0.5088135,1.6888134,-0.95118654,1.2588135,1.4088135,2.0588136,-0.5311865,1.6488135,3.7488134,3.0288134,1.5888134,-0.20118652,0.10881348,1.6588135,5.6988134,0.6388135,0.5388135,-0.6811865,0.7788135
0.7888135,0.5988135,-0.63118654,-1.4911865,-2.1611865,-1.7711865,-1.7711865,-1.9211866,-2.2011864,-3.0011866,-2.7711866,-2.9011865,-3.2211866,-2.9811866,-3.1711864,-3.6611865,-4.0311866,-3.5911865,-2.9411864,-2.5211866,-1.8311865,1.5088135,-0.6511865,-0.8611865,-1.1411865,0.22881347,-0.5511865,2.4488134,1.8188134,0.2688135,-1.0211865,-0.8611865,-1.0311866,-1.7411865,0.048813477,-2.4211864,-0.9711865,2.2588134,-0.07118652,2.3388135,-1.2811866
0.17881347,0.038813476,-0.9211865,-2.5811865,-2.5011866,-2.1911864,-2.4011865,-0.9611865,-2.4611864,-2.1511865,-2.0811865,-0.75118655,-3.7111864,-3.8711865,-3.4711866,-3.2411866,-2.9111865,-2.1511865,-1.4711865,-2.3211865,-2.7011864,-1.5611866,-0.6011865,-1.1911865,0.29881346,-2.7711866,-1.1011865,-2.1511865,0.5788135,2.5088134,1.3388134,1.2388135,1.5588135,3.3988135,-1.4711865,-0.83118653,-1.0211865,-0.2911865,-0.9011865,-1.9311866,-1.9911865
-0.24118653,-1.2611865,-2.9311864,-3.0111866,-4.1511865,-3.7811866,-3.0811865,-3.1911864,-2.8511865,-3.0111866,-3.0511866,-0.94118655,-2.8511865,-3.6911864,-2.4811866,-1.7611865,-2.9111865,-3.5611866,-2.8511865,-3.9611864,-1.5911865,-2.2611866,-2.8111866,-0.95118654,3.0988135,1.9088135,1.0488135,-2.6311865,0.8188135,3.3688135,2.3388135,1.8188134,1.1888134,0.008813476,1.4588134,0.058813475,1.4188135,1.6088135,0.018813476,1.3888135,-1.7911866
-0.38118652,-0.16118652,-1.4611865,-2.0911865,-3.2411866,-3.2511866,-3.8411865,-3.3711865,-3.1611865,-3.0911865,-4.0211864,-3.0511866,-4.4811864,-3.9911866,-4.8711867,-4.5511866,-4.9111867,-4.8111863,-4.5811863,-3.5711865,-2.6911864,-3.3711865,-2.5611866,-3.0911865,-2.1611865,2.7688134,0.67881346,1.9688134,-2.0011866,3.9488134,3.2488134,2.0788136,0.06881347,-0.9211865,-1.0411866,-1.8211865,-2.4711866,-1.1911865,1.3388134,0.088813476,-0.89118654
-0.2611865,-1.1211865,-0.7311865,-1.5511866,-2.4311864,-3.3011866,-3.4611864,-3.2911866,-3.1311865,-3.7011864,-3.5511866,-2.8511865,-5.7811866,-5.6311865,-5.7111864,-6.3111863,-6.2911863,-6.6411867,-5.5011864,-4.1711864,-4.1911864,-1.5711865,-2.0011866,-1.8011866,-2.8311865,-1.5111865,1.6988134,0.10881348,0.5088135,0.21881348,2.0488136,2.4388134,-0.45118654,0.9588135,2.5088134,1.4988135,-0.75118655,1.5188135,-1.3711865,0.38881347,-1.6811866
0.12881348,-0.22118652,-0.9811865,-2.0111866,-2.3011866,-2.8811865,-3.3111866,-3.4511864,-3.2811866,-1.9411865,-3.4611864,-3.8611865,-3.6911864,-5.2611866,-6.0911865,-6.2311864,-6.3611865,-4.8811865,-5.4611864,-4.9111867,-4.7611866,-1.7011865,0.6988135,-0.031186523,-1.8411865,-1.9911865,-0.9611865,-0.6511865,-0.2611865,-0.31118652,1.1888134,2.7888136,2.3788135,2.6088135,1.1788135,1.2888135,-1.4711865,-0.041186523,1.5188135,0.46881348,-0.43118653
-0.3211865,-1.9411865,-1.7411865,-0.89118654,-1.4011865,-1.7311865,-2.5611866,-3.3011866,-3.0011866,-1.3711865,-3.1411865,-4.2611866,-5.8011866,-6.4111867,-7.0911865,-6.5411863,-6.3411865,-5.6311865,-5.9611864,-3.8211865,-3.7011864,-4.5311866,-1.7311865,-1.7511865,0.088813476,-0.5411865,-0.83118653,0.5288135,-0.43118653,-0.081186526,1.1588135,0.2688135,-0.36118653,-0.7211865,-0.8611865,0.5288135,0.2688135,-2.4811866,0.19881348,3.3788135,2.7688134
-0.76118654,-2.0311866,-0.21118653,-0.4811865,-1.7411865,-1.1111865,-1.7511865,-1.7211865,-1.1711866,-1.9911865,-2.1411865,-2.7511866,-4.7511864,-5.8711867,-6.4411864,-6.4011865,-6.8011866,-6.0811863,-5.7311864,-3.9311864,-3.4611864,-2.8411865,-2.2611866,-1.7011865,-0.37118652,0.028813476,0.6388135,0.72881347,0.2688135,-0.7411865,1.1988134,1.6988134,1.1288135,0.098813474,-0.5911865,0.048813477,0.6288135,2.8288136,1.7888135,1.8788135,0.2688135
-0.88118654,-1.9011865,0.24881348,-0.21118653,-0.64118654,-1.1411865,-1.9211866,-1.8311865,-2.5711865,-0.81118655,-1.5311866,-2.9711866,-4.3111863,-5.6411867,-6.7511864,-6.6511865,-6.1211867,-6.9211864,-5.6511865,-5.1911864,-4.2911863,-3.5411866,-2.5111866,-0.50118655,-0.4811865,-0.22118652,-0.64118654,1.5388135,1.8988135,1.1288135,-0.3211865,1.2288135,0.34881347,0.79881346,-0.021186523,0.18881348,1.2588135,2.2188134,1.4788135,2.2188134,0.86881346
0.4888135,-0.5311865,0.55881345,0.058813475,-0.51118654,-0.81118655,-1.4011865,-1.2311865,-2.9111865,-0.83118653,-0.76118654,-2.2211866,-3.4711866,-5.5711865,-6.3711867,-6.1711864,-5.7311864,-5.2411866,-4.8811865,-4.7711864,-2.4211864,-2.4211864,-1.6911865,-0.6611865,-1.2911866,-1.9411865,0.4888135,1.4988135,1.3588135,1.1488135,1.8988135,0.6388135,1.6088135,0.6388135,0.23881347,-0.10118652,-1.2811866,0.61881346,1.3088135,0.21881348,0.018813476
1.3788135,0.5988135,0.4588135,1.3488135,-0.011186523,-0.7311865,-0.9111865,-0.6611865,-1.3011866,-2.0311866,0.25881347,-0.88118654,-1.2611865,-3.0311866,-4.9011865,-5.1311865,-5.1511865,-4.7711864,-5.2811866,-4.7311864,-4.5411863,-4.2911863,-3.8811865,-2.1111865,-0.7111865,-0.94118655,-0.42118654,-0.10118652,0.40881348,1.6788135,1.5188135,0.66881347,1.9788135,1.1788135,0.018813476,-0.07118652,0.13881348,0.73881346,0.8888135,0.8888135,0.47881347
0.43881348,1.3988135,1.5088135,1.4288135,0.5788135,0.16881348,-0.25118652,0.29881346,-0.021186523,-0.7911865,-0.70118654,0.24881348,0.21881348,-1.1211865,-4.5211864,-4.4711866,-4.4711866,-4.5311866,-4.8011866,-5.6711864,-4.8711867,-4.3511868,-4.3211865,-2.2311866,-2.0411866,-1.4811865,-1.1511865,-1.2211865,-0.50118655,0.49881348,1.4088135,-0.45118654,0.80881345,0.93881345,1.8388134,1.7888135,0.47881347,1.2288135,1.0888134,2.0388136,0.49881348
