wind_kz.json
{"header": {"discipline":0,"disciplineName":"Meteorological products","gribEdition":2,"gribLength":871,"center":7,"centerName":"US National Weather Service - NCEP(WMC)","subcenter":0,"refTime":"2024-02-03T06:00:00.000Z","significanceOfRT":1,"significanceOfRTName":"Start of forecast","productStatus":0,"productStatusName":"Operational products","productType":1,"productTypeName":"Forecast products","productDefinitionTemplate":0,"productDefinitionTemplateName":"Analysis/forecast at horizontal level/layer at a point in time","parameterCategory":0,"parameterCategoryName":"UnknownDiscipline_0_Category_0","parameterNumber":0,"parameterNumberName":"UnknownParameter_D0_C0_0","parameterUnit":"Unknown","genProcessType":2,"genProcessTypeName":"Forecast","forecastTime":120,"surface1Type":1,"surface1TypeName":"Ground or water surface","surface1Value":0.0,"surface2Type":255,"surface2TypeName":"Missing","surface2Value":0.0,"gridDefinitionTemplate":0,"gridDefinitionTemplateName":"Latitude_Longitude","numberPoints":615,"shape":6,"shapeName":"Earth spherical with radius of 6,371,229.0 m","gridUnits":"degrees","resolution":48,"winds":"true","scanMode":64,"nx":41,"ny":15,"basicAngle":0,"lo1":47.0,"la1":41.0,"lo2":87.0,"la2":55.0,"dx":1.0,"dy":1.0}, "data":
[rows 0 to 14 of 15, columns 0 to 40 of 41]
283.25308,276.15308,275.95306,280.55307,280.8531,282.05307,283.65308,284.65308,281.55307,281.25308,281.65308,281.8531,280.75308,280.75308,280.8531,281.75308,280.75308,281.95306,282.25308,281.75308,285.65308,279.3531,277.05307,274.3531,276.05307,276.15308,273.65308,265.95306,266.15308,264.65308,267.25308,260.05307,269.75308,279.45306,280.45306,279.3531,282.75308,281.8531,280.75308,279.15308,281.25308
263.3531,282.55307,280.05307,279.95306,280.65308,281.25308,282.95306,278.8531,277.65308,276.8531,278.3531,280.45306,280.15308,280.65308,279.3531,278.95306,279.95306,279.65308,280.15308,280.55307,279.8531,273.3531,273.45306,269.05307,261.15308,263.55307,269.65308,264.55307,265.3531,262.45306,268.75308,261.3531,278.3531,251.95308,258.95306,269.75308,278.95306,277.45306,278.65308,273.45306,271.55307
273.55307,278.8531,279.95306,280.25308,280.3531,281.8531,278.95306,276.25308,274.95306,276.15308,276.15308,277.3531,279.25308,279.65308,276.05307,273.55307,273.95306,274.05307,276.75308,277.55307,278.45306,280.25308,273.55307,268.95306,273.75308,271.75308,272.15308,273.25308,273.95306,267.15308,264.95306,269.55307,267.15308,267.8531,265.8531,271.3531,269.15308,261.3531,263.05307,268.15308,265.55307
279.95306,275.95306,277.75308,278.95306,279.8531,279.25308,278.15308,276.3531,275.75308,276.05307,276.15308,276.05307,281.05307,281.75308,277.65308,274.55307,276.15308,274.3531,273.05307,275.45306,274.3531,269.05307,276.95306,274.8531,273.15308,273.15308,273.55307,271.55307,273.25308,273.25308,273.25308,272.55307,272.55307,272.3531,269.15308,268.15308,268.05307,262.95306,273.65308,266.65308,265.75308
278.05307,273.05307,271.95306,273.25308,275.75308,277.65308,276.95306,277.75308,274.45306,273.3531,274.15308,274.65308,278.95306,278.95306,278.25308,274.75308,274.8531,275.65308,276.15308,272.3531,275.15308,276.25308,272.8531,272.25308,272.55307,272.45306,271.3531,272.55307,274.45306,275.05307,273.25308,273.3531,268.75308,262.95306,266.15308,264.75308,265.05307,266.15308,268.55307,266.15308,266.65308
277.05307,276.65308,273.15308,272.95306,272.05307,272.95306,275.45306,273.95306,273.65308,273.75308,272.25308,272.55307,278.05307,279.05307,272.8531,273.95306,271.95306,273.3531,271.55307,272.3531,270.3531,271.95306,271.65308,270.95306,271.25308,270.25308,272.25308,271.75308,271.95306,273.15308,272.8531,271.75308,271.55307,271.15308,272.3531,267.45306,267.45306,267.65308,266.75308,263.15308,265.15308
275.55307,275.75308,276.65308,276.65308,273.8531,275.25308,273.65308,272.95306,271.3531,270.55307,269.95306,268.55307,269.05307,267.8531,268.55307,269.8531,268.8531,269.05307,269.75308,270.3531,269.75308,270.05307,269.3531,269.55307,267.8531,268.05307,268.45306,270.15308,272.3531,272.05307,271.45306,270.65308,269.75308,268.05307,265.8531,265.55307,265.55307,265.05307,266.65308,267.05307,268.25308
274.05307,274.25308,273.55307,274.15308,273.55307,272.45306,271.75308,272.05307,269.8531,267.95306,266.65308,265.8531,264.8531,264.65308,267.15308,267.25308,267.75308,268.65308,268.65308,267.8531,268.55307,269.05307,268.95306,268.75308,267.65308,266.8531,266.75308,267.75308,267.8531,270.8531,269.45306,269.75308,267.75308,265.65308,265.15308,264.55307,262.3531,265.45306,267.75308,267.3531,268.45306
273.45306,273.3531,273.25308,273.25308,272.65308,272.05307,270.8531,270.65308,268.65308,265.75308,263.8531,261.65308,261.3531,263.55307,263.8531,265.75308,266.75308,267.95306,267.55307,267.45306,267.05307,267.8531,267.95306,267.45306,267.75308,267.15308,266.65308,266.75308,265.95306,266.95306,267.55307,268.3531,272.25308,268.25308,267.15308,264.95306,265.75308,264.65308,264.8531,265.3531,266.55307
273.15308,273.15308,273.15308,273.15308,272.15308,271.3531,269.65308,266.8531,263.75308,262.65308,259.45306,259.15308,261.65308,262.55307,262.75308,264.65308,265.8531,266.75308,266.75308,267.05307,267.15308,267.05307,267.75308,267.3531,266.55307,265.65308,267.45306,266.8531,267.55307,267.15308,269.3531,270.8531,272.3531,268.3531,267.25308,264.15308,267.15308,272.05307,272.45306,271.95306,263.3531
273.15308,273.15308,273.15308,271.8531,270.45306,268.45306,266.8531,264.45306,260.95306,257.75308,258.55307,261.05307,263.05307,262.95306,263.05307,265.15308,265.05307,265.05307,265.55307,265.3531,267.25308,267.45306,267.3531,267.15308,265.55307,265.55307,265.55307,267.65308,269.55307,270.95306,272.3531,273.15308,271.05307,269.25308,270.05307,268.15308,270.3531,272.65308,267.95306,268.8531,271.15308
273.15308,273.15308,272.55307,269.55307,267.25308,264.55307,261.8531,260.05307,258.8531,258.8531,261.3531,260.8531,263.05307,263.25308,264.8531,265.05307,265.25308,264.65308,265.05307,265.75308,266.45306,265.95306,265.75308,265.05307,265.15308,265.95306,266.95306,268.3531,269.05307,269.55307,270.65308,271.3531,271.55307,270.05307,269.95306,268.75308,268.75308,267.45306,271.45306,273.05307,273.75308
271.15308,268.95306,268.95306,267.55307,265.95306,263.65308,261.8531,258.75308,259.3531,260.25308,263.05307,262.8531,265.8531,265.55307,261.45306,260.75308,264.65308,264.3531,265.15308,265.8531,265.45306,265.15308,265.65308,265.45306,265.45306,266.45306,267.45306,266.3531,266.95306,268.75308,269.25308,271.55307,272.15308,270.8531,269.55307,269.15308,268.15308,269.05307,269.75308,266.95306,273.15308
270.95306,267.05307,265.25308,263.95306,262.45306,261.15308,258.65308,259.25308,260.65308,264.55307,264.25308,264.95306,263.55307,258.55307,259.55307,261.3531,263.65308,263.95306,264.8531,265.05307,265.05307,265.45306,265.3531,264.8531,264.55307,265.65308,265.25308,265.8531,267.55307,268.15308,270.15308,271.55307,272.05307,270.45306,269.65308,268.75308,269.75308,268.45306,269.45306,273.55307,267.3531
268.65308,265.8531,264.95306,263.15308,261.75308,260.75308,261.15308,260.95306,263.05307,265.45306,267.15308,267.05307,268.05307,263.25308,261.05307,261.3531,262.15308,264.95306,265.65308,264.05307,264.15308,264.75308,266.15308,266.95306,266.25308,265.45306,265.8531,266.25308,267.55307,268.8531,270.25308,271.8531,271.8531,270.8531,269.15308,269.8531,269.95306,271.15308,266.8531,267.45306,272.65308
