wind.json
{"header": {"discipline":0,"disciplineName":"Meteorological products","gribEdition":2,"gribLength":1039,"center":7,"centerName":"US National Weather Service - NCEP(WMC)","subcenter":0,"refTime":"2023-06-29T06:00:00.000Z","significanceOfRT":1,"significanceOfRTName":"Start of forecast","productStatus":0,"productStatusName":"Operational products","productType":1,"productTypeName":"Forecast products","productDefinitionTemplate":0,"productDefinitionTemplateName":"Analysis/forecast at horizontal level/layer at a point in time","parameterCategory":0,"parameterCategoryName":"UnknownDiscipline_0_Category_0","parameterNumber":0,"parameterNumberName":"UnknownParameter_D0_C0_0","parameterUnit":"Unknown","genProcessType":2,"genProcessTypeName":"Forecast","forecastTime":120,"surface1Type":1,"surface1TypeName":"Ground or water surface","surface1Value":0.0,"surface2Type":255,"surface2TypeName":"Missing","surface2Value":0.0,"gridDefinitionTemplate":0,"gridDefinitionTemplateName":"Latitude_Longitude","numberPoints":688,"shape":6,"shapeName":"Earth spherical with radius of 6,371,229.0 m","gridUnits":"degrees","resolution":48,"winds":"true","scanMode":64,"nx":43,"ny":16,"basicAngle":0,"lo1":45.0,"la1":40.0,"lo2":87.0,"la2":55.0,"dx":1.0,"dy":1.0}, "data":
[rows 0 to 15 of 16, columns 0 to 42 of 43]
296.6098,290.2098,307.6098,317.00983,319.40982,297.3098,296.7098,295.2098,319.6098,323.00983,321.7098,323.00983,324.6098,328.3098,326.2098,323.1098,321.7098,320.7098,320.00983,321.50983,320.1098,321.2098,319.6098,319.2098,317.7098,315.2098,314.1098,304.2098,303.00983,306.6098,311.6098,322.40982,319.90982,324.50983,326.6098,330.00983,315.00983,311.8098,324.3098,324.7098,335.7098,337.50983,342.40982
295.7098,309.2098,310.2098,297.7098,306.2098,296.8098,296.6098,295.2098,315.50983,325.7098,323.6098,326.6098,324.7098,324.3098,322.90982,322.50983,322.40982,323.40982,322.2098,320.1098,325.8098,323.8098,325.7098,319.3098,319.00983,314.8098,317.6098,316.50983,305.1098,293.6098,301.1098,301.6098,303.40982,303.6098,313.1098,320.7098,314.1098,315.3098,309.8098,323.2098,328.40982,331.7098,334.6098
300.7098,293.7098,292.40982,303.7098,297.40982,296.90982,296.7098,295.00983,327.7098,326.00983,322.90982,322.2098,321.6098,320.3098,320.8098,321.00983,321.50983,322.90982,324.1098,326.1098,326.2098,327.2098,327.2098,321.2098,319.2098,308.6098,299.6098,295.50983,301.6098,300.1098,299.2098,293.7098,297.50983,294.90982,308.1098,272.90982,291.90982,302.90982,302.6098,314.50983,317.1098,316.2098,285.1098
297.1098,299.90982,309.1098,297.2098,297.40982,296.90982,296.1098,320.2098,319.90982,320.40982,320.50983,319.50983,318.3098,320.90982,320.6098,320.8098,319.90982,322.40982,323.40982,323.2098,323.50983,325.90982,328.00983,320.2098,319.6098,313.2098,318.8098,317.90982,317.8098,316.7098,314.6098,300.3098,296.1098,295.6098,301.8098,301.8098,303.90982,299.7098,293.1098,288.40982,290.7098,289.7098,285.90982
308.40982,310.8098,312.40982,297.6098,298.1098,297.3098,302.8098,320.1098,319.40982,321.2098,322.2098,322.50983,320.50983,319.6098,295.3098,294.50983,317.50983,322.50983,319.90982,322.6098,323.90982,325.7098,319.8098,318.00983,320.3098,320.50983,322.40982,325.1098,321.90982,321.3098,320.00983,323.50983,327.8098,320.8098,330.6098,333.6098,323.40982,312.3098,290.8098,290.8098,293.7098,311.6098,317.1098
312.6098,313.40982,316.6098,298.40982,298.00983,298.40982,306.00983,316.1098,320.6098,323.3098,320.2098,320.40982,322.00983,318.7098,295.6098,294.90982,292.1098,319.40982,319.50983,316.3098,315.3098,318.50983,320.7098,322.00983,321.1098,319.90982,321.50983,323.90982,323.40982,319.00983,324.8098,326.2098,327.8098,322.2098,302.3098,291.1098,300.00983,309.90982,302.00983,319.90982,320.2098,318.8098,316.6098
312.00983,313.6098,313.2098,302.3098,299.1098,297.7098,297.50983,297.2098,319.7098,319.1098,318.6098,318.7098,320.00983,318.3098,297.6098,294.2098,305.2098,315.1098,319.1098,318.40982,317.7098,319.3098,318.7098,318.6098,321.00983,319.90982,321.1098,319.50983,321.40982,291.7098,323.50983,324.3098,326.1098,322.90982,322.40982,321.50983,314.50983,311.8098,300.7098,305.00983,320.2098,329.3098,319.50983
311.50983,308.2098,314.00983,316.00983,315.6098,317.1098,306.6098,318.3098,317.50983,319.3098,317.50983,306.1098,319.00983,315.7098,315.7098,315.50983,318.8098,318.2098,318.90982,317.8098,316.90982,316.00983,314.8098,300.40982,300.7098,305.50983,313.6098,310.90982,318.1098,321.3098,324.40982,326.00983,328.1098,325.6098,322.50983,317.40982,310.6098,313.6098,306.90982,301.7098,299.3098,305.00983,318.7098
309.40982,309.2098,313.00983,315.90982,314.90982,314.40982,315.40982,309.8098,316.2098,316.00983,315.8098,315.40982,313.90982,313.2098,315.7098,315.8098,317.50983,316.90982,318.90982,313.40982,314.1098,313.6098,310.1098,312.40982,312.6098,312.40982,311.2098,310.00983,313.6098,315.2098,314.50983,318.3098,318.7098,320.7098,320.50983,312.40982,314.6098,320.00983,317.40982,288.90982,314.7098,312.8098,310.1098
294.00983,305.7098,307.40982,312.6098,313.6098,313.3098,313.3098,312.8098,312.3098,313.50983,313.3098,312.7098,311.2098,311.8098,311.8098,314.90982,313.7098,315.50983,308.90982,315.1098,314.00983,313.00983,310.90982,313.00983,315.1098,319.3098,311.7098,311.8098,311.2098,308.90982,309.40982,309.6098,312.3098,316.00983,314.1098,313.00983,311.00983,306.6098,309.3098,312.00983,297.7098,294.8098,296.40982
303.7098,305.8098,305.3098,306.6098,307.3098,308.7098,307.6098,310.00983,310.50983,311.40982,311.6098,306.00983,308.3098,307.6098,308.3098,307.00983,302.8098,300.7098,310.00983,312.2098,311.90982,313.50983,314.2098,313.8098,317.8098,315.1098,309.3098,305.40982,309.2098,315.1098,311.50983,310.1098,310.50983,312.2098,313.40982,307.40982,309.2098,307.1098,301.6098,297.90982,301.50983,298.40982,295.50983
299.2098,295.6098,302.6098,301.90982,302.90982,302.8098,304.40982,307.40982,308.1098,307.40982,308.3098,307.90982,305.40982,304.8098,307.3098,306.3098,303.3098,306.1098,307.8098,309.1098,309.6098,309.3098,310.6098,310.00983,309.1098,307.7098,305.50983,306.2098,303.7098,309.50983,309.90982,311.90982,312.3098,312.6098,307.8098,305.7098,303.00983,305.8098,299.90982,299.6098,299.1098,295.7098,295.1098
296.40982,298.2098,299.50983,300.7098,302.1098,301.8098,300.6098,302.50983,303.40982,304.00983,304.8098,305.3098,304.00983,301.8098,305.2098,304.6098,303.3098,303.40982,304.90982,305.8098,307.7098,305.7098,299.90982,303.40982,303.50983,303.8098,304.40982,306.2098,307.3098,309.2098,309.6098,308.6098,305.40982,308.2098,305.3098,304.6098,302.2098,304.1098,301.6098,301.6098,297.50983,298.1098,296.7098
295.00983,295.3098,296.2098,297.1098,300.3098,299.40982,299.50983,299.3098,301.1098,303.7098,303.7098,302.2098,299.3098,298.3098,302.7098,301.7098,302.1098,302.00983,302.8098,304.00983,306.90982,303.1098,301.3098,301.8098,303.90982,302.6098,305.8098,306.7098,309.3098,306.7098,306.40982,305.6098,306.2098,305.8098,303.90982,304.7098,302.7098,300.8098,300.40982,299.7098,297.50983,299.50983,298.90982
293.3098,294.40982,295.40982,295.8098,293.8098,298.50983,297.8098,297.6098,298.1098,297.7098,298.40982,301.2098,298.90982,298.00983,301.40982,302.40982,301.90982,299.90982,301.8098,302.6098,303.50983,302.8098,302.00983,300.50983,303.2098,304.1098,303.8098,305.1098,304.8098,304.40982,304.3098,305.7098,306.3098,306.40982,305.40982,304.00983,301.8098,302.1098,301.1098,300.1098,300.40982,296.8098,297.90982
292.90982,293.3098,294.2098,296.00983,290.8098,297.6098,297.8098,298.3098,297.1098,297.7098,298.2098,298.2098,299.6098,300.3098,301.00983,304.3098,302.00983,302.40982,303.1098,302.1098,303.7098,301.90982,301.2098,300.2098,301.2098,301.40982,301.8098,302.50983,303.6098,303.40982,302.3098,302.90982,301.6098,295.1098,303.1098,302.00983,301.50983,300.3098,299.3098,297.3098,298.90982,298.50983,299.6098
