wind.json
{"header": {"discipline":0,"disciplineName":"Meteorological products","gribEdition":2,"gribLength":1211,"center":7,"centerName":"US National Weather Service - NCEP(WMC)","subcenter":0,"refTime":"2023-06-30T18:00:00.000Z","significanceOfRT":1,"significanceOfRTName":"Start of forecast","productStatus":0,"productStatusName":"Operational products","productType":1,"productTypeName":"Forecast products","productDefinitionTemplate":0,"productDefinitionTemplateName":"Analysis/forecast at horizontal level/layer at a point in time","parameterCategory":2,"parameterCategoryName":"UnknownDiscipline_0_Category_2","parameterNumber":3,"parameterNumberName":"UnknownParameter_D0_C2_3","parameterUnit":"Unknown","genProcessType":2,"genProcessTypeName":"Forecast","forecastTime":60,"surface1Type":103,"surface1TypeName":"Specified height level above ground","surface1Value":10.0,"surface2Type":255,"surface2TypeName":"Missing","surface2Value":0.0,"gridDefinitionTemplate":0,"gridDefinitionTemplateName":"Latitude_Longitude","numberPoints":688,"shape":6,"shapeName":"Earth spherical with radius of 6,371,229.0 m","gridUnits":"degrees","resolution":48,"winds":"true","scanMode":64,"nx":43,"ny":16,"basicAngle":0,"lo1":45.0,"la1":40.0,"lo2":87.0,"la2":55.0,"dx":1.0,"dy":1.0}, "data":
[rows 0 to 15 of 16, columns 0 to 42 of 43]
2.0249681,-1.1750318,-0.34503174,1.2249683,1.3149682,-1.2250317,-5.0850315,-5.2550316,3.6349683,1.3849683,1.8149682,-0.45503175,-1.3350317,-0.96503174,-2.0350318,-1.9050317,-3.1950316,-4.4450316,-6.5250316,-7.8250318,-9.505032,-2.4150317,-2.6550317,-3.3850317,-3.6350317,-2.0350318,-5.5050316,-3.9650316,-2.2250319,-1.4250318,-3.8450317,3.5549684,3.7449682,3.6649683,-0.28503174,2.5949683,1.1849682,-0.66503173,1.0649682,-0.105031736,-0.32503173,-1.0950317,-1.4150318
-1.6550317,0.09496826,1.5049683,2.2349682,-0.23503174,3.1749682,-2.1850317,-2.9950318,-1.3550317,-0.82503176,-1.0550318,-1.1950318,-2.6950316,-1.9950317,-2.6850317,-3.3850317,-1.5850317,-2.5250318,-3.8150318,-6.535032,-6.5850315,-4.0950317,-2.9850318,-3.1750317,-1.4450318,1.8449683,0.67496824,0.5749683,0.27496827,0.9449683,0.44496825,-2.9350317,0.78496826,3.0149682,-0.6250317,1.1949682,1.5349683,1.2649683,-1.3050318,1.0049683,-0.58503175,1.3649683,1.8649683
0.20496826,2.5049682,-0.89503175,-0.6750317,3.3449683,2.5449684,-0.5550317,-3.3650317,-1.0550318,-0.8050317,-0.6850317,-1.6450317,-3.0950317,-3.3350317,-3.3950317,-4.5950317,-4.2950315,-1.4850317,-1.9850317,-2.7350318,-5.1150317,-5.3350315,-3.2050316,-3.4150317,-1.4050317,-0.59503174,2.7749681,2.8249683,3.1249683,0.48496827,1.1949682,1.4849683,-3.7050316,-2.1550317,2.3349683,1.4049683,0.47496825,3.8649683,4.3649683,1.4349682,0.80496824,2.5849683,-0.40503174
-2.1750317,-2.2650318,-0.30503175,4.604968,4.104968,2.4249682,0.28496826,-0.83503175,0.06496826,-0.75503176,-1.4650317,-2.5050318,-3.7150316,-4.055032,-4.165032,-5.145032,-4.8850317,-2.6050317,-1.4650317,-3.1250317,-3.9250317,-4.0450315,-4.375032,-3.2250319,0.28496826,2.8649683,-0.58503175,-3.7350318,-2.8950317,-2.7050316,6.504968,3.6549683,-2.1150317,-1.0250317,-2.2750318,0.26496828,0.86496824,-1.9450318,-3.3650317,2.6649683,-1.8250318,0.68496823,0.09496826
0.8749683,0.47496825,3.1449683,3.8349683,2.9849682,1.7749683,0.19496827,-0.29503173,-1.2750317,-1.1650318,-1.1950318,-2.1650317,-3.1050317,-3.7150316,-3.5450318,-3.1350317,-5.205032,-4.015032,-2.0650318,-2.5550318,-3.2850318,-2.7450318,-3.1350317,-1.9850317,-4.955032,0.48496827,1.1349683,-0.46503174,-2.7050316,1.0049683,5.1749682,3.8249683,0.8249683,0.5749683,2.6149683,0.90496826,1.2849683,1.0749682,2.4549682,2.1949682,-3.7350318,-3.0350318,-1.6950318
2.3749683,1.7149682,2.7749681,2.7149682,1.0549682,0.11496826,-1.5550318,-0.44503173,-1.2750317,-1.3150318,-1.8850317,-1.9650317,-3.1450317,-4.055032,-1.8650317,-2.6150317,-1.7550317,-2.2450318,-3.2250319,-2.4550316,-1.7650317,-2.4450316,-1.4350318,-2.5650318,-1.2450317,0.34496826,0.38496825,1.2749683,-1.2350317,-3.5550318,1.6949682,3.4449682,3.2849684,-1.9750317,-0.51503175,-2.7850318,0.96496826,0.7549683,2.5649683,-0.22503173,-0.25503173,-0.13503174,0.67496824
0.35496825,1.4649682,2.1549683,1.6549683,2.3349683,-1.6450317,-1.8750317,-1.3850317,-0.51503175,-1.4350318,-2.1550317,-1.1450317,-1.7250317,-3.8750317,-6.0450315,0.78496826,-0.44503173,-3.4450316,-2.2150316,-1.2550317,-1.3750317,-3.3250318,-2.6550317,-2.1050317,-1.6450317,0.52496827,1.0549682,3.6649683,-0.66503173,-2.3450317,4.1749682,2.7149682,0.8849683,-0.69503176,-1.3750317,-2.6750317,-2.6750317,3.3849683,-4.3650317,1.1149683,3.6649683,1.8949683,1.1749682
1.1749682,1.7449683,1.7449683,0.8749683,-0.075031735,-1.0750318,-2.3250318,-3.7350318,-2.3150318,-1.6950318,-2.1250317,-2.5150318,-2.9150317,-3.8850317,-5.495032,-4.1950316,-3.6150317,-3.3150318,-2.4550316,-1.7350317,-1.6950318,-2.7850318,-2.6750317,-2.5750318,-0.71503174,0.52496827,2.2549682,5.3449683,5.5349684,5.734968,6.0949683,5.544968,3.7849684,1.4049683,-0.6250317,0.08496826,1.5949683,1.9649682,3.0349684,0.37496826,-1.6050317,3.5149682,-1.2050318
1.9049683,1.0149683,1.7649683,0.8149683,0.17496826,-1.0350318,-3.0350318,-2.4750319,-2.6350317,-2.4050317,-2.4350317,-2.7150316,-3.1250317,-5.4250317,-4.1950316,-3.9750319,-3.2350318,-3.6950316,-2.3250318,-2.0950317,-0.50503176,-1.5850317,-2.0950317,-1.8050318,1.1849682,0.79496825,4.504968,8.534968,8.524968,6.044968,4.944968,2.9049683,2.0949683,1.1149683,-0.17503174,-2.9750319,-1.8950317,-1.4650317,-0.95503175,-0.5450317,0.12496826,-0.59503174,2.3349683
1.1849682,1.2849683,1.5149683,1.4949683,0.47496825,-1.0750318,-2.5750318,-2.9250317,-2.4750319,-1.9050317,-1.5250317,-2.0650318,-3.3650317,-5.785032,-3.7650318,-4.9250317,-4.2750316,-2.9250317,-2.7550318,-1.9050317,-0.7350317,-0.59503174,-0.76503175,-1.3650317,1.7049682,4.3849683,7.044968,6.4949684,7.464968,5.4049683,4.004968,3.4349682,1.4249682,-0.52503175,-1.7450317,-4.055032,-3.2250319,-2.0350318,1.4049683,-3.1950316,-1.5050317,0.33496827,2.7749681
0.36496827,0.92496824,1.3349682,1.5749682,0.6349683,-0.7450317,-1.3150318,-1.9550318,-2.7450318,-1.2550317,-1.9250318,-1.4850317,-1.4150318,-4.995032,-4.705032,-5.1750317,-3.9850318,-3.6650317,-3.6650317,-2.7250319,-0.76503175,-0.11503174,0.79496825,0.52496827,0.12496826,6.9049683,6.5549684,7.144968,5.8249683,2.9449682,1.6349683,2.4249682,3.0349684,0.43496826,-2.0650318,-4.7550316,-3.7650318,-2.4550316,0.104968265,2.4549682,-0.83503175,-3.0950317,-2.9250317
1.2549683,1.3249682,0.74496824,0.96496826,0.07496826,0.17496826,-1.2150317,-1.2550317,-1.7450317,-1.0950317,-0.5450317,-0.8650317,-2.5250318,-3.3550317,-4.3850317,-3.5850317,-4.5450315,-4.8450317,-5.035032,-5.015032,-0.70503175,-0.6150317,-0.19503173,1.2949682,8.764968,11.624969,6.374968,7.044968,5.794968,5.0149684,3.7449682,4.504968,3.8049684,1.4749683,-0.95503175,-3.2050316,-4.105032,-5.265032,-3.5350318,-1.6350317,-1.5550318,-1.7050318,-0.8650317
2.0449684,1.0549682,0.96496826,0.80496824,0.44496825,-0.59503174,-1.4750317,-1.5050317,-1.3250318,0.03496826,0.6349683,-0.29503173,-1.8950317,-3.3550317,-3.7250319,-3.0650318,-3.5050318,-4.1350317,-3.7350318,-4.2950315,-4.765032,-3.5450318,2.7049682,5.8049684,3.8249683,6.234968,5.984968,4.234968,3.2949684,6.5349684,6.4049683,5.9749684,4.2049685,2.5149682,0.27496827,-1.5250317,-1.6450317,-3.4050317,-4.1750317,-3.1650317,-1.9250318,-3.0350318,-2.2450318
3.0249681,1.8749683,0.9549683,-0.37503174,0.38496825,-0.37503174,-1.1550317,-0.96503174,-0.21503174,0.18496826,2.2349682,0.26496828,-1.1050317,-2.6850317,-2.9650316,-2.6850317,-2.9550316,-3.7350318,-4.875032,-4.7950315,-2.8650317,-2.1150317,2.0649683,2.8649683,4.3649683,3.8749683,4.354968,3.9749682,6.1349683,6.354968,6.5149684,5.4149685,5.004968,3.6749682,1.2549683,0.41496825,-0.24503174,-0.49503174,-1.5350318,-1.4150318,-0.83503175,-1.7750317,-2.3950317
2.9749682,1.9349682,1.6549683,1.0249683,-0.14503174,-0.8650317,-1.4850317,-0.91503173,-0.15503174,1.0049683,1.4149683,1.9449682,-0.5550317,-1.6850318,-2.3250318,-2.6950316,-1.5750318,-1.6650318,-4.1350317,-4.7950315,-3.9150317,0.25496826,0.004968262,1.2749683,3.0449684,4.464968,4.4249682,4.9949684,5.6649685,5.5949683,5.4949684,4.734968,4.0749683,3.3849683,2.1449683,0.08496826,0.8949683,-0.53503174,0.18496826,1.0149683,-0.27503175,-1.6150317,-2.3550317
2.3149683,2.1449683,1.3149682,0.9449683,0.06496826,0.28496826,-0.27503175,-1.1950318,-1.0550318,0.7549683,1.1349683,2.5249681,1.8149682,0.49496827,-0.83503175,-2.0050318,-2.5150318,-3.4350317,-2.6750317,-3.4450316,-4.1550317,-4.435032,-0.28503174,2.6349683,3.3549683,3.1049683,3.9649682,4.194968,4.644968,4.6149683,4.3249683,3.8849683,2.3349683,-0.31503174,-0.94503176,-0.47503173,1.7649683,2.0049682,0.27496827,0.6249683,1.2749683,0.22496825,-1.5750318
