wind_kz.json
{"header": {"discipline":0,"disciplineName":"Meteorological products","gribEdition":2,"gribLength":1025,"center":7,"centerName":"US National Weather Service - NCEP(WMC)","subcenter":0,"refTime":"2025-04-04T18:00:00.000Z","significanceOfRT":1,"significanceOfRTName":"Start of forecast","productStatus":0,"productStatusName":"Operational products","productType":1,"productTypeName":"Forecast products","productDefinitionTemplate":0,"productDefinitionTemplateName":"Analysis/forecast at horizontal level/layer at a point in time","parameterCategory":2,"parameterCategoryName":"UnknownDiscipline_0_Category_2","parameterNumber":3,"parameterNumberName":"UnknownParameter_D0_C2_3","parameterUnit":"Unknown","genProcessType":2,"genProcessTypeName":"Forecast","forecastTime":300,"surface1Type":103,"surface1TypeName":"Specified height level above ground","surface1Value":10.0,"surface2Type":255,"surface2TypeName":"Missing","surface2Value":0.0,"gridDefinitionTemplate":0,"gridDefinitionTemplateName":"Latitude_Longitude","numberPoints":615,"shape":6,"shapeName":"Earth spherical with radius of 6,371,229.0 m","gridUnits":"degrees","resolution":48,"winds":"true","scanMode":64,"nx":41,"ny":15,"basicAngle":0,"lo1":47.0,"la1":41.0,"lo2":87.0,"la2":55.0,"dx":1.0,"dy":1.0}, "data":
[rows 0 to 14 of 15, columns 0 to 40 of 41]
0.97741455,2.1574144,-0.09258545,11.307415,7.6174145,5.4174147,3.9174147,1.6274146,0.38741454,-0.012585449,-0.76258546,-0.8025854,-1.2825855,-2.4425855,-3.4125855,-4.1725855,-4.6225853,-3.8925855,1.1774145,2.2774146,-2.6025856,-5.5625854,-5.202585,2.7474146,3.1374145,3.5874145,0.05741455,1.7074145,-1.7525854,-2.3825855,0.77741456,3.5574145,-0.11258545,0.40741456,-0.012585449,1.6074146,3.1474144,2.8674145,2.0374146,0.98741454,1.7174145
3.0374146,0.77741456,2.0774145,7.6274147,7.1974144,5.297415,3.8074145,3.0574145,0.33741456,0.12741455,-0.6225855,-0.95258546,-0.9325855,-2.4225855,-3.6225855,-3.3325853,-3.4825854,-2.6525855,-4.0325856,-3.4525855,-4.9825854,1.7474146,-0.9925854,0.36741456,3.5574145,0.31741455,2.8674145,3.6674147,-0.5525854,2.3674145,-0.7425854,2.8174145,1.6674145,2.5974145,-1.2025855,3.1574144,4.047415,3.0074146,2.2474146,2.3674145,0.67741454
0.05741455,4.9874144,4.2674146,4.8974147,5.1374145,5.3874145,3.3474145,3.3574145,1.5674145,1.4374145,-0.38258544,-0.23258545,-1.1525855,-1.5725855,-1.6925855,-2.4925854,-3.5825853,-3.4325855,-4.952585,-5.7225857,-6.9925857,-2.2025855,-1.8825854,-2.0025854,-3.1025856,-2.8525856,-3.5525854,-1.5225854,-0.13258545,-2.2225854,-0.09258545,1.3674146,-2.3925855,-1.9925854,1.1474146,-3.6525855,-2.9525855,1.0674145,-0.43258545,2.5874145,2.4074144
3.5474145,5.0674148,5.0974145,5.1874146,5.1174145,4.0874147,4.0974145,4.3174148,1.1974145,2.2774146,0.30741456,-0.11258545,-1.6725855,-1.7725854,-2.4725854,-1.0925854,-1.8525854,-1.9525855,-4.2425857,-4.6025853,-5.6125855,-2.9825854,-3.5525854,-0.44258544,1.1774145,-0.09258545,-0.7525855,-2.5825853,-3.1525855,-3.8825855,-3.5225854,-2.2525854,0.36741456,0.85741454,2.0374146,1.9874146,3.9874146,3.5874145,-3.2225854,-2.5825853,-4.5525856
3.9574146,5.1574144,5.6474147,6.8574147,4.547415,3.4074144,3.1474144,2.4974146,1.3874146,0.90741456,0.34741455,-0.98258543,-0.7525855,-1.3125855,-1.0525855,-0.95258546,-1.4125855,-1.8425854,-3.5925856,-3.6225855,-3.5325854,-3.9125855,-3.3725855,-1.6825855,-1.6325854,-1.5725855,-0.60258543,-3.0225854,-0.6225855,-0.26258546,0.39741457,-0.16258545,3.4774146,1.6974145,0.20741455,2.9474146,-3.3325853,-2.6725855,-6.5125856,-6.5825853,-7.0325856
2.7074146,2.9874146,5.8474145,5.7574143,5.6774144,5.1974144,4.2274146,3.3674145,3.1774147,1.7874146,1.3274145,0.7574146,0.18741456,1.1874145,0.64741457,-0.8725855,-0.65258545,-1.2225854,-0.97258544,-0.69258547,-1.5425855,-2.7825854,-3.3425856,-3.7025855,-2.5225854,-1.8825854,-1.5925854,-0.54258543,-2.3125854,-2.3925855,-0.51258546,1.2274146,0.92741454,0.98741454,-0.15258545,-1.0825855,-1.0225854,-2.6425855,-3.5325854,-3.5625854,-6.0525856
2.8974144,3.3574145,3.9474146,4.0274143,5.0174146,4.1074147,4.4374146,4.0574145,3.3374145,3.0374146,2.4374146,1.3774146,0.44741455,-0.5025855,-0.45258546,-0.10258545,-0.37258545,-0.29258546,-0.58258545,-1.1225854,-1.4425855,-1.6025854,-1.3025855,-0.79258543,-0.38258544,-1.0525855,-0.11258545,0.09741455,0.89741457,0.44741455,-0.83258545,-0.49258545,3.6874146,2.3574145,2.8474145,0.8774145,1.7274146,3.1774147,-1.8725854,0.83741456,-4.9125853
2.9874146,3.7074146,3.7074146,4.1574144,4.0874147,3.6974146,3.6574144,3.6274145,3.5574145,2.8674145,2.2074146,1.6774145,-0.14258546,-0.65258545,-1.2125854,-1.2325854,-2.4525855,-1.7725854,0.41741455,-0.21258545,-0.9225854,-0.9225854,0.33741456,0.72741455,0.047414552,-0.34258544,-1.0325855,-1.6525855,0.10741455,1.2874146,2.4474146,1.8574146,2.1674147,4.8574147,4.8374147,0.42741454,0.38741454,-0.82258546,0.20741455,-0.08258545,-0.53258544
3.0274146,2.7674146,3.4074144,3.4474146,4.1774144,4.0974145,4.6174145,2.3974144,4.2174144,3.6474144,1.6874145,1.6174146,0.23741455,-1.2025855,-0.26258546,-1.6825855,-1.5525855,-1.6925855,-2.4025855,-3.6925855,-3.5825853,-2.1625855,-2.1725855,-2.1625855,1.0974145,2.2674146,1.6674145,2.2674146,0.9974145,1.8474145,3.4674146,4.7474146,4.1174145,4.4874144,3.8774145,4.3174148,3.6174145,1.2674146,2.4274147,1.0474145,1.4174145
3.4274147,3.7774146,3.5174146,4.1274147,2.5574145,2.8574145,3.9074144,3.8174145,3.4574146,2.5274146,1.9474145,0.91741455,0.30741456,-0.14258546,-1.1025854,-2.3125854,-2.6325855,-2.7725854,-3.0325854,-2.7525854,-2.1125855,-0.72258544,-0.76258546,-0.21258545,-0.72258544,-0.82258546,0.35741454,3.9574146,3.7974145,2.3374145,3.3174145,3.0874145,4.3874145,6.2074146,6.4874144,4.9974146,3.6574144,3.4074144,3.2674146,3.5274146,3.2474146
3.2574146,3.4574146,2.4674146,5.0074143,4.4274144,4.5774145,2.4974146,2.5674145,2.4674146,2.5274146,2.1474144,1.1674145,-0.66258544,-1.5725855,-2.0625854,-2.3325853,-2.8125854,-3.3125854,-3.0625854,-2.9825854,-2.9425855,-3.2825854,-3.0825853,-2.5725853,-1.4725854,-0.77258545,0.60741454,0.37741455,0.32741454,4.0974145,3.2374146,1.5174146,4.3374147,7.8974147,8.107414,6.5874147,5.0974145,3.2274146,4.8774147,2.9474146,1.9074146
3.0774145,2.3874145,3.6674147,4.547415,4.0974145,2.8374145,2.6574144,3.7474146,2.8074145,1.8574146,1.0074146,0.16741455,-0.65258545,-1.4025855,-2.5825853,-3.3725855,-2.9425855,-3.0525854,-3.4925854,-3.7125854,-3.6325855,-3.8825855,-4.1325855,-2.7325854,-1.1525855,-1.6825855,-0.85258543,1.0574145,1.6174146,0.92741454,3.6074145,6.6474147,4.2574143,7.8874145,6.7274146,6.8974147,4.9774146,2.7574146,0.9974145,-0.22258545,-0.66258544
4.5274143,3.1974146,3.2174146,3.4474146,3.8474145,2.7974145,3.9674146,3.3274145,2.8574145,2.0674145,0.77741456,-0.31258544,-0.84258544,-1.7225854,-2.7825854,-3.2325854,-3.6325855,-3.8825855,-3.8125854,-3.7025855,-4.1025853,-4.5025854,-4.0825853,-4.1525855,-2.5325854,-2.4525855,-3.0525854,-3.0525854,-0.49258545,3.2274146,4.7874146,7.4874144,5.1774144,4.5074143,8.337415,7.547415,6.3974147,4.2474146,4.6774144,4.0574145,2.6174145
2.9174147,5.1474147,4.5274143,4.5174146,4.9374146,4.9974146,4.1774144,3.5874145,2.8274145,2.3074145,0.54741454,-0.96258545,-0.9325855,-1.5625855,-2.6225855,-3.4125855,-3.9325855,-4.1225853,-4.3625855,-4.2925854,-4.5025854,-4.3725853,-4.5325856,-5.0625854,-4.0225854,2.1674147,0.047414552,-3.2025855,-3.2025855,-0.22258545,2.2574146,4.4274144,5.6174145,8.937414,6.9674144,7.8774147,5.7274146,4.7774143,3.7974145,3.0974145,3.0174146
2.8674145,5.2074146,4.4374146,5.6674147,5.8174148,4.5874147,3.6074145,3.4574146,2.6974146,1.1774145,0.60741454,-0.23258545,-1.2625854,-1.8225855,-2.5725853,-3.2125854,-3.6825855,-4.3925853,-4.8625855,-5.1325855,-5.7525854,-5.8625855,-5.6025853,-4.5125856,-3.5725853,1.9574145,2.9574146,2.0274146,-0.13258545,-2.4425855,-1.8625854,-0.10258545,2.1174145,4.4474144,5.4974146,5.1074147,5.1874146,4.6574144,3.4474146,2.8674145,1.6574146
