wind.json
{"header": {"discipline":0,"disciplineName":"Meteorological products","gribEdition":2,"gribLength":953,"center":7,"centerName":"US National Weather Service - NCEP(WMC)","subcenter":0,"refTime":"2023-06-28T06:00:00.000Z","significanceOfRT":1,"significanceOfRTName":"Start of forecast","productStatus":0,"productStatusName":"Operational products","productType":1,"productTypeName":"Forecast products","productDefinitionTemplate":0,"productDefinitionTemplateName":"Analysis/forecast at horizontal level/layer at a point in time","parameterCategory":0,"parameterCategoryName":"UnknownDiscipline_0_Category_0","parameterNumber":0,"parameterNumberName":"UnknownParameter_D0_C0_0","parameterUnit":"Unknown","genProcessType":2,"genProcessTypeName":"Forecast","forecastTime":180,"surface1Type":1,"surface1TypeName":"Ground or water surface","surface1Value":0.0,"surface2Type":255,"surface2TypeName":"Missing","surface2Value":0.0,"gridDefinitionTemplate":0,"gridDefinitionTemplateName":"Latitude_Longitude","numberPoints":688,"shape":6,"shapeName":"Earth spherical with radius of 6,371,229.0 m","gridUnits":"degrees","resolution":48,"winds":"true","scanMode":64,"nx":43,"ny":16,"basicAngle":0,"lo1":45.0,"la1":40.0,"lo2":87.0,"la2":55.0,"dx":1.0,"dy":1.0}, "data":
[rows 0 to 15 of 16, columns 0 to 42 of 43]
285.92886,280.82886,298.02887,299.52887,298.92886,297.62885,296.72885,294.92886,302.92886,302.82886,307.42886,303.72885,306.32886,304.02887,303.42886,307.62885,304.42886,304.02887,305.12885,304.02887,299.22885,298.72885,300.52887,297.82886,295.12885,292.02887,291.52887,283.42886,278.02887,280.92886,283.12885,294.72885,294.62885,296.32886,296.42886,298.62885,300.82886,298.92886,300.32886,303.22885,303.02887,299.42886,299.22885
289.62885,299.22885,299.52887,288.62885,294.22885,296.42886,296.52887,294.92886,301.22885,305.92886,305.82886,306.02887,304.62885,306.42886,304.52887,304.72885,304.02887,304.42886,301.42886,302.12885,303.62885,301.42886,301.62885,297.82886,300.22885,289.52887,297.02887,299.92886,291.92886,281.82886,280.12885,277.92886,280.82886,280.12885,287.62885,295.62885,298.32886,299.02887,300.62885,302.62885,302.92886,301.12885,301.92886
290.02887,286.52887,278.52887,291.82886,297.02887,296.72885,296.42886,294.42886,304.92886,305.42886,304.92886,303.92886,304.42886,303.12885,301.82886,301.32886,300.82886,300.22885,300.12885,301.92886,300.02887,301.92886,299.22885,298.72885,295.32886,285.22885,275.62885,276.52887,286.12885,280.22885,278.82886,274.22885,280.82886,274.22885,283.52887,261.62885,275.62885,294.72885,293.82886,297.12885,301.62885,293.92886,284.12885
290.42886,292.02887,294.52887,296.72885,296.72885,297.02887,295.92886,303.42886,304.92886,305.22885,302.82886,302.42886,301.92886,301.42886,297.82886,298.02887,300.22885,298.22885,298.02887,297.62885,298.22885,298.32886,300.62885,297.92886,297.12885,288.22885,291.82886,291.62885,290.02887,289.32886,287.62885,280.22885,274.82886,275.92886,281.92886,281.22885,282.82886,284.82886,277.12885,280.52887,283.42886,280.12885,276.22885
299.62885,299.92886,296.12885,297.32886,297.42886,296.72885,298.22885,303.52887,305.32886,303.12885,303.92886,305.92886,302.42886,299.52887,294.72885,294.22885,297.72885,298.12885,301.02887,298.62885,298.92886,299.02887,298.02887,292.42886,298.22885,297.42886,293.92886,295.32886,294.92886,292.32886,293.82886,293.62885,293.12885,291.52887,295.62885,293.82886,292.92886,290.12885,279.42886,277.52887,283.22885,294.82886,299.12885
299.12885,301.62885,300.42886,297.62885,297.42886,298.02887,299.62885,303.62885,305.72885,305.32886,306.82886,304.52887,302.22885,299.52887,295.32886,294.72885,291.92886,301.12885,301.92886,301.42886,301.42886,301.42886,300.52887,300.32886,297.52887,296.92886,295.42886,294.52887,294.42886,294.72885,294.32886,294.22885,299.02887,291.82886,283.12885,275.82886,284.12885,293.72885,296.92886,302.12885,302.72885,302.92886,302.82886
300.92886,303.32886,300.82886,298.92886,298.62885,297.32886,297.02887,296.92886,304.32886,306.32886,307.22885,303.92886,302.52887,301.82886,294.72885,294.42886,296.52887,299.22885,300.32886,301.72885,301.92886,300.82886,299.72885,297.62885,295.52887,293.82886,293.32886,294.82886,294.02887,290.52887,293.72885,297.42886,296.82886,298.82886,295.22885,292.92886,291.52887,291.92886,285.82886,289.62885,298.02887,301.42886,301.92886
304.32886,304.22885,303.42886,303.22885,306.22885,305.12885,301.82886,303.12885,305.22885,305.32886,304.72885,306.72885,302.72885,301.72885,300.22885,299.82886,299.82886,299.22885,298.32886,300.12885,300.42886,296.92886,297.12885,298.42886,295.32886,294.22885,292.32886,293.92886,293.22885,296.02887,294.42886,294.32886,293.82886,297.62885,297.52887,297.62885,293.62885,290.52887,288.82886,285.92886,281.22885,281.72885,296.62885
301.92886,302.82886,306.72885,304.22885,305.42886,305.12885,304.72885,304.32886,304.32886,303.52887,304.32886,304.62885,300.72885,300.02887,299.42886,300.52887,300.42886,300.82886,299.42886,299.82886,299.72885,296.62885,296.82886,296.42886,293.52887,292.62885,291.42886,288.72885,289.62885,291.52887,291.42886,294.82886,294.22885,294.22885,292.72885,288.92886,285.12885,291.42886,294.82886,288.12885,290.22885,293.12885,288.32886
293.72885,302.82886,304.42886,304.52887,302.92886,301.12885,303.62885,302.22885,301.22885,303.62885,301.12885,299.42886,297.92886,297.62885,296.82886,297.92886,298.22885,299.62885,298.42886,298.42886,297.62885,296.82886,293.62885,294.72885,295.42886,295.02887,291.02887,290.32886,289.42886,286.22885,288.22885,288.22885,287.72885,290.42886,292.12885,293.62885,290.12885,288.12885,291.82886,289.62885,274.12885,279.02887,277.22885
296.02887,298.42886,302.92886,301.72885,300.12885,299.82886,299.72885,299.52887,299.62885,300.12885,300.42886,298.82886,296.92886,297.32886,297.02887,296.42886,296.32886,297.32886,297.62885,296.72885,296.42886,296.22885,294.42886,293.62885,294.62885,294.42886,293.92886,292.82886,290.32886,290.32886,289.72885,290.72885,291.42886,294.12885,295.32886,294.92886,292.12885,289.22885,288.52887,286.72885,279.72885,276.82886,278.42886
292.62885,293.12885,296.12885,296.22885,297.72885,297.72885,297.82886,296.72885,296.72885,296.22885,297.82886,298.12885,293.82886,293.42886,295.52887,296.92886,297.42886,295.32886,294.32886,295.02887,295.02887,294.22885,294.22885,293.82886,293.22885,292.22885,292.02887,291.42886,291.72885,292.02887,292.22885,294.52887,295.42886,295.22885,293.62885,293.52887,289.42886,287.82886,284.92886,282.22885,281.32886,282.62885,279.92886
291.62885,291.62885,293.12885,294.12885,295.32886,295.52887,294.22885,294.02887,292.92886,293.62885,294.32886,294.62885,294.92886,290.92886,293.02887,292.32886,292.72885,293.52887,296.12885,294.92886,293.62885,292.72885,291.82886,291.32886,291.92886,291.82886,291.02887,294.92886,292.02887,294.02887,293.82886,295.32886,293.32886,293.12885,293.82886,291.52887,290.92886,290.12885,288.72885,286.42886,286.42886,286.52887,285.42886
288.82886,289.72885,289.72885,290.12885,292.12885,291.82886,292.32886,292.42886,291.42886,290.52887,290.22885,290.32886,290.02887,288.02887,292.52887,290.32886,291.02887,291.72885,292.12885,295.62885,294.02887,292.42886,291.42886,289.82886,289.62885,289.72885,295.62885,295.12885,295.72885,293.82886,293.82886,292.22885,293.12885,292.82886,292.72885,291.72885,290.52887,290.22885,290.32886,291.42886,288.42886,287.22885,287.42886
290.32886,289.52887,288.22885,289.42886,290.62885,290.12885,290.02887,288.82886,288.92886,288.92886,288.72885,288.92886,288.52887,289.02887,288.62885,289.02887,289.62885,290.32886,290.52887,291.42886,291.32886,291.82886,292.12885,291.72885,292.32886,292.12885,295.22885,296.12885,292.92886,292.72885,292.22885,292.32886,292.32886,291.62885,291.72885,290.92886,290.82886,290.22885,290.62885,289.82886,289.12885,288.02887,286.72885
289.62885,288.42886,289.72885,290.32886,291.02887,290.32886,289.92886,288.42886,288.72885,287.82886,288.42886,288.92886,289.92886,285.92886,286.22885,288.92886,289.02887,288.42886,289.52887,290.62885,290.22885,289.82886,290.42886,290.92886,291.22885,291.02887,291.02887,292.42886,292.02887,291.82886,295.52887,292.92886,293.52887,292.72885,292.12885,291.72885,290.22885,290.02887,289.92886,291.82886,288.02887,288.72885,289.12885
