wind_kz.json
{"header": {"discipline":0,"disciplineName":"Meteorological products","gribEdition":2,"gribLength":1025,"center":7,"centerName":"US National Weather Service - NCEP(WMC)","subcenter":0,"refTime":"2023-09-19T00:00:00.000Z","significanceOfRT":1,"significanceOfRTName":"Start of forecast","productStatus":0,"productStatusName":"Operational products","productType":1,"productTypeName":"Forecast products","productDefinitionTemplate":0,"productDefinitionTemplateName":"Analysis/forecast at horizontal level/layer at a point in time","parameterCategory":2,"parameterCategoryName":"UnknownDiscipline_0_Category_2","parameterNumber":2,"parameterNumberName":"UnknownParameter_D0_C2_2","parameterUnit":"Unknown","genProcessType":2,"genProcessTypeName":"Forecast","forecastTime":240,"surface1Type":103,"surface1TypeName":"Specified height level above ground","surface1Value":10.0,"surface2Type":255,"surface2TypeName":"Missing","surface2Value":0.0,"gridDefinitionTemplate":0,"gridDefinitionTemplateName":"Latitude_Longitude","numberPoints":615,"shape":6,"shapeName":"Earth spherical with radius of 6,371,229.0 m","gridUnits":"degrees","resolution":48,"winds":"true","scanMode":64,"nx":41,"ny":15,"basicAngle":0,"lo1":47.0,"la1":41.0,"lo2":87.0,"la2":55.0,"dx":1.0,"dy":1.0}, "data":
[rows 0 to 14 of 15, columns 0 to 40 of 41]
-0.2360791,-0.7560791,1.5739208,-2.5160792,-2.156079,-4.9060793,-4.396079,-4.436079,-5.3660793,-3.476079,-3.0360792,-3.3260791,-3.2960792,-2.8260791,-2.7960792,-3.116079,-1.9360791,0.2639209,-0.9960791,1.963921,2.143921,0.0339209,-0.0960791,-0.9060791,0.0539209,-2.5260792,-2.206079,-0.2160791,0.21392089,-0.4460791,-1.1460791,2.153921,-0.1760791,-0.0560791,-0.1660791,-0.2260791,0.4339209,-0.1660791,-0.3660791,0.6639209,1.0139209
2.073921,1.4239209,-5.266079,-4.1160793,-4.6760793,-6.816079,-3.436079,-5.6560793,-4.916079,-4.456079,-2.7960792,-3.8260791,-1.9860791,-1.3560791,-1.0060791,-1.3360791,-0.7560791,-1.4860791,0.28392088,1.8639209,2.4439209,-0.3160791,-0.6260791,-1.9260792,-0.4160791,1.0239209,0.2739209,0.1439209,-1.1760792,-1.9960791,-0.0560791,-0.14607911,-0.1760791,-3.2560792,0.1339209,-0.2260791,0.3339209,0.1139209,-0.2060791,0.8039209,-1.2960792
0.7539209,-2.8260791,-4.506079,-3.5460792,-5.536079,-5.186079,-4.776079,-2.706079,-4.216079,-3.3260791,-2.9960792,-2.5560791,-0.3960791,-0.9760791,-1.6260791,-1.8260791,-1.6360791,0.2939209,0.2239209,-1.4560791,-1.3860791,-2.396079,-3.3260791,-1.1060791,0.0639209,1.0439209,0.7139209,-0.7760791,-0.7760791,-0.82607913,-1.7560791,1.223921,-0.7960791,-1.0160791,0.2339209,-0.8060791,-0.4960791,0.5239209,-0.6360791,0.1539209,0.5139209
-3.116079,-5.6360793,-4.256079,-5.126079,-5.736079,-4.006079,-2.8360791,-2.686079,-2.926079,-2.606079,-2.206079,-2.0860791,-0.9060791,-2.0160792,-2.3260791,-1.276079,-1.2560791,-1.0560791,-1.0560791,-1.0860791,-1.4560791,-1.4960791,-0.4760791,-2.676079,-3.106079,-2.156079,-3.166079,-3.686079,-1.526079,-0.0860791,1.213921,-2.476079,-2.8060791,-3.5660791,-2.7460792,-1.8760791,-2.116079,1.463921,1.2039208,-0.6060791,-1.1760792
-4.026079,-4.126079,-4.796079,-5.1960793,-4.296079,-3.356079,-3.226079,-1.5860791,-2.116079,-1.1960791,-1.7160791,-1.8160791,-1.8060791,-1.8660791,-2.3360791,-1.7960792,-1.6860791,-1.526079,-0.9560791,-2.346079,-2.5760791,-3.5360792,-3.8260791,-3.136079,-3.426079,-3.636079,-4.816079,-2.216079,-2.5760791,-2.2660792,-2.676079,-1.8160791,-2.3060791,0.1439209,0.5239209,-0.8960791,-3.0360792,-2.456079,-1.9360791,-2.0160792,-2.136079
-3.4960792,-3.166079,-4.226079,-4.346079,-4.586079,-4.846079,-3.3360791,-2.4960792,-1.3360791,0.1739209,1.5739208,1.6439209,-0.1660791,-1.5160791,-1.9460791,-1.0960791,-1.7160791,-2.416079,-1.8360791,-1.3960791,-2.456079,-2.426079,-2.5360792,-3.866079,-3.8160791,-4.376079,-3.0560791,-3.0160792,-3.5660791,-3.666079,-3.636079,-2.8360791,-2.926079,-1.8460791,-0.3560791,-4.9060793,0.013920899,-2.406079,0.9639209,-1.2660791,-1.7960792
-2.5060792,-2.366079,-2.926079,-3.2360792,-3.206079,-2.616079,-1.8360791,-1.286079,-1.5460792,0.1639209,-1.3260791,-1.0060791,-1.2560791,-0.5960791,-0.7260791,-1.4960791,-1.6260791,-1.156079,-2.616079,-3.5660791,-1.6760792,-2.9860792,-3.0060792,-3.176079,-3.596079,-3.386079,-2.666079,-3.5860791,-3.466079,-3.9960792,-4.066079,-3.626079,-1.286079,-2.356079,-1.5560791,-1.6160791,-1.1060791,1.1839209,-1.656079,0.8139209,1.0139209
0.7039209,0.3639209,0.5439209,-0.1960791,0.043920897,0.2939209,0.2739209,0.24392089,0.6539209,0.9639209,1.4839209,0.6539209,0.6139209,-0.2360791,-0.6660791,-1.0860791,-1.786079,-2.7860792,-3.0360792,-3.846079,-2.366079,-2.366079,-1.786079,-2.5560791,-2.686079,-1.8660791,-2.966079,-3.406079,-2.966079,-2.686079,-3.636079,-2.466079,-3.7360792,-1.0760791,-2.9860792,-0.3260791,1.973921,-2.396079,-2.866079,-2.956079,-2.5360792
1.6639209,2.4439209,2.583921,2.0139208,2.7239208,2.143921,1.2739209,1.3239208,1.9139209,2.343921,1.9339209,0.9939209,1.7639209,2.1739209,0.6039209,0.3239209,-0.0660791,-2.096079,-2.4960792,-2.466079,-2.7560792,-2.206079,-2.626079,-2.226079,-2.456079,-2.096079,-1.8160791,-1.9960791,-1.3560791,-1.7460791,-2.5760791,-1.8160791,-0.7560791,-1.6160791,-0.9560791,-0.6760791,-0.7760791,-2.216079,-1.1960791,0.67392087,-2.476079
2.1739209,2.103921,2.033921,2.063921,1.9139209,2.143921,1.4139209,1.1239209,1.2539209,1.6639209,1.9139209,1.6939209,1.833921,3.113921,2.7139208,2.883921,-0.6360791,0.3639209,-0.2760791,0.4439209,-0.0360791,0.043920897,-0.8760791,-2.186079,-3.166079,-2.956079,-2.3060791,-1.9960791,-1.4360791,-0.8960791,-0.8560791,-1.1960791,-1.7260791,-2.206079,-1.4260792,-1.3560791,-1.7160791,-0.2360791,-2.226079,-0.3760791,-1.0560791
2.613921,3.5139208,2.843921,2.283921,2.593921,1.6439209,1.8539209,1.9539208,1.343921,1.4139209,1.6639209,1.9039209,1.6739209,2.2339208,2.883921,2.4439209,0.8539209,1.4339209,1.2039208,0.3939209,-0.2860791,-0.1560791,0.7539209,0.8939209,-0.5160791,-0.5860791,-0.14607911,-0.5060791,0.6039209,0.3139209,0.8639209,1.2339209,0.5839209,-0.5960791,-1.6260791,-1.3160791,-1.286079,-0.4160791,-0.9360791,0.7539209,-1.1860791
1.3639209,1.6439209,3.5039208,2.843921,2.9439209,1.8239208,0.9539209,0.8639209,1.6339209,0.24392089,0.0339209,2.7339208,1.9539208,2.403921,2.613921,2.4239209,1.713921,2.4939208,1.3239208,1.8139209,0.9839209,1.1939209,0.0739209,0.1139209,0.4839209,1.1839209,1.8139209,2.363921,2.4539208,2.103921,1.223921,1.6539209,-0.046079103,-0.6660791,0.3039209,0.1139209,-0.3060791,-0.4560791,-0.1560791,-0.5560791,-0.4860791
1.9439209,2.373921,2.533921,3.5039208,2.353921,1.723921,1.7839209,1.2439209,1.9539208,0.013920899,0.28392088,1.3739209,1.7939209,2.593921,2.4439209,1.8739209,1.9239209,2.1739209,1.2739209,1.9239209,1.1239209,0.9539209,1.1539209,1.0039209,2.553921,2.373921,2.1639209,1.4239209,0.9539209,1.1139209,1.7439209,1.7439209,1.4939209,0.7839209,0.9539209,1.3739209,1.1839209,-0.1160791,0.0639209,-0.2960791,-0.7360791
3.4339209,3.893921,3.9139209,3.133921,2.5039208,2.363921,1.4539208,2.4639208,1.8839209,0.5139209,-0.0560791,-0.1860791,1.843921,2.4339209,2.793921,2.543921,1.213921,1.4839209,0.4339209,2.4239209,2.0039208,1.8639209,2.4439209,2.4539208,2.7039208,1.7539209,1.6939209,1.6739209,1.473921,1.9139209,1.7039208,1.7839209,1.7739209,1.6339209,1.6239209,1.5039209,1.3939209,0.9039209,-0.5960791,0.7839209,-0.4260791
2.333921,4.403921,6.043921,5.203921,4.153921,3.373921,3.4739208,2.2439208,3.543921,1.7839209,-0.1160791,0.1539209,0.3339209,1.4039209,2.633921,2.143921,1.9439209,2.113921,1.4839209,2.2439208,1.8639209,1.9139209,1.8839209,2.303921,1.963921,1.6439209,1.4539208,1.5039209,1.2739209,0.9639209,0.1839209,-1.5160791,-1.4660791,-1.2660791,0.5839209,0.1939209,-0.82607913,1.2939209,1.4239209,0.9339209,-1.276079
