wind_kz.json
{"header": {"discipline":0,"disciplineName":"Meteorological products","gribEdition":2,"gribLength":1025,"center":7,"centerName":"US National Weather Service - NCEP(WMC)","subcenter":0,"refTime":"2023-09-29T12:00:00.000Z","significanceOfRT":1,"significanceOfRTName":"Start of forecast","productStatus":0,"productStatusName":"Operational products","productType":1,"productTypeName":"Forecast products","productDefinitionTemplate":0,"productDefinitionTemplateName":"Analysis/forecast at horizontal level/layer at a point in time","parameterCategory":2,"parameterCategoryName":"UnknownDiscipline_0_Category_2","parameterNumber":3,"parameterNumberName":"UnknownParameter_D0_C2_3","parameterUnit":"Unknown","genProcessType":2,"genProcessTypeName":"Forecast","forecastTime":120,"surface1Type":103,"surface1TypeName":"Specified height level above ground","surface1Value":10.0,"surface2Type":255,"surface2TypeName":"Missing","surface2Value":0.0,"gridDefinitionTemplate":0,"gridDefinitionTemplateName":"Latitude_Longitude","numberPoints":615,"shape":6,"shapeName":"Earth spherical with radius of 6,371,229.0 m","gridUnits":"degrees","resolution":48,"winds":"true","scanMode":64,"nx":41,"ny":15,"basicAngle":0,"lo1":47.0,"la1":41.0,"lo2":87.0,"la2":55.0,"dx":1.0,"dy":1.0}, "data":
[rows 0 to 14 of 15, columns 0 to 40 of 41]
1.1879859,0.03798584,-2.6920142,-9.442014,-9.572014,-4.0320144,-0.59201413,-3.1720142,-1.2920141,-2.4220142,-3.4520142,-3.9220142,-4.022014,-4.1320143,-4.702014,-4.732014,-3.8920143,-1.6220142,-5.702014,-6.242014,-6.022014,-5.482014,-4.8620143,1.6079859,4.757986,0.37798584,0.67798585,1.7079859,-2.0420141,-1.7920141,0.49798584,0.43798584,1.3179859,3.387986,2.0479858,3.127986,2.157986,-0.48201415,-2.0220141,-2.7820141,-2.2920141
-1.7520142,-0.89201415,-0.81201416,-3.122014,-8.432014,-1.0720142,1.4579859,0.49798584,-1.3620142,-3.332014,-3.2720141,-4.742014,-4.9020143,-5.4020143,-4.8020144,-4.122014,-3.052014,-4.062014,-4.982014,-5.912014,-6.142014,-5.0720143,-3.5020142,-1.2620142,2.1179857,2.7079859,1.6479858,0.74798584,-0.90201414,0.96798587,-0.25201416,-2.5320141,1.3379859,-1.4820142,0.56798583,3.4879858,0.61798584,2.5879858,1.3979858,1.7179859,0.09798584
-1.0420141,-0.75201416,-0.45201415,-0.9720142,-1.8720142,3.3479857,1.9979858,-0.8020142,1.0879859,0.13798584,-3.052014,-5.1520143,-5.7620144,-7.662014,-5.082014,-4.392014,-4.742014,-4.082014,-4.892014,-6.482014,-6.712014,-2.842014,-1.7020142,-0.16201416,-2.362014,-0.83201414,-2.6720142,-2.9920142,-0.7320142,-0.90201414,-0.64201415,-1.1920142,-1.9320141,1.1379858,1.1779858,-0.94201416,-2.062014,-4.3420143,-1.7020142,1.2379858,0.98798585
-2.312014,0.39798585,-1.2320142,-1.0620141,-0.93201417,0.02798584,-0.43201417,-1.3020141,1.8979858,0.86798584,-1.6220142,-3.852014,-2.2020142,-4.192014,-6.0320144,-5.462014,-1.8820142,-4.0520144,-4.5320144,-6.222014,-6.252014,-4.422014,-3.2220142,-2.9720142,-3.6720142,-2.9920142,-3.6420143,-2.2520142,-1.1520141,-1.6420141,-3.342014,-1.8220142,2.3279858,0.66798586,-1.0120142,0.28798583,-0.13201416,1.1879859,-0.82201415,-1.2120142,-2.802014
2.4679859,0.60798585,0.5779858,-0.52201414,-2.2520142,1.5179858,1.9179858,-3.0120142,-1.8320142,0.5779858,1.4179858,1.6879859,2.4879858,-0.48201415,-3.6620142,-3.8920143,-3.0420141,-1.1720141,-4.412014,-5.692014,-4.5520144,-1.8420142,-1.8120141,-1.7620142,-2.112014,-2.1820142,-1.5820142,-1.6620141,-1.3920141,-1.3020141,-2.802014,-2.5420141,1.1179858,1.5679859,0.05798584,1.7779858,0.14798585,-0.57201415,0.50798583,-0.15201417,-2.6920142
-0.47201416,-2.0120142,3.2079859,0.99798584,0.15798584,0.10798584,-0.6120142,-0.23201416,-1.4820142,-1.4520142,-0.88201416,3.437986,3.5479858,3.7779858,0.06798584,-3.062014,-0.19201416,-1.2420142,-3.582014,-5.812014,-3.2320142,-2.1720142,-1.9220141,-2.2220142,-1.9420142,-1.3320142,0.05798584,0.87798584,-2.5120142,0.23798583,-0.11201416,-2.302014,-0.69201416,-2.1720142,-0.6020142,-1.0020142,-1.1320142,-2.092014,-1.5120142,1.2279859,-0.8020142
-1.1020142,-1.9920142,-2.562014,-2.0320141,0.54798585,1.4579859,1.7779858,1.7579858,-0.13201416,-1.4820142,-2.1520143,-1.1820141,1.5579858,5.267986,1.5079858,-1.6320142,-2.572014,-1.4120141,-3.582014,-5.0120144,-1.9920142,-2.9220142,-2.5420141,-1.2520142,-1.6520141,-1.5720142,-0.46201417,-0.71201414,2.5979857,4.107986,3.0879858,3.147986,1.1379858,0.80798584,0.93798584,-0.70201415,0.19798584,1.2179859,-0.21201415,1.3479859,-2.592014
-0.25201416,-1.5520141,-2.572014,-2.4620142,-1.5020142,0.56798583,-0.20201416,0.54798585,-0.40201417,-2.372014,-2.9520142,-2.352014,1.9579859,4.587986,2.7179859,-0.26201415,-1.6920142,-0.89201415,-2.812014,-3.622014,-4.3620143,-2.2320142,-2.9920142,-2.9320142,-2.2920141,-1.2220142,0.22798584,-0.16201416,-0.01201416,-0.90201414,0.86798584,-0.24201415,1.5779859,1.9579859,-0.83201414,-1.1220142,-1.0920142,-0.95201415,-0.5420142,-0.95201415,-0.20201416
0.32798585,-0.06201416,-1.1620141,-1.3220142,-2.2120142,-2.4120142,-2.7320142,-2.342014,-1.5620141,0.18798584,-0.56201416,-1.6320142,0.73798585,5.017986,3.7479858,1.1979859,-0.94201416,-0.11201416,-0.7920142,-2.5220141,-2.8820143,-2.0220141,-2.9020143,-3.0220141,-3.052014,-1.9020141,-0.44201416,-0.69201416,0.26798585,1.1979859,0.8879858,-1.7520142,-1.3720142,-1.5920142,-2.5220141,-2.112014,1.1279858,0.35798585,0.40798584,-0.7220142,-2.302014
0.97798586,0.90798587,-0.02201416,-0.63201416,-0.52201414,-1.6120142,-3.2420142,-3.3920143,-1.8820142,-0.51201415,1.0579858,0.90798587,0.40798584,2.8379858,3.5979857,2.0879858,1.4779859,0.31798583,-0.27201417,-0.5520142,-1.3920141,-2.122014,-1.4220141,-1.9620142,-1.9120141,-1.7120142,-1.0320141,-1.2020142,-0.62201416,-0.32201415,0.9579858,-0.68201417,-1.3420142,-0.89201415,-1.7420142,-0.51201415,0.60798585,0.27798584,1.6079859,3.627986,1.8679858
1.5879859,1.6079859,0.91798586,0.18798584,0.09798584,0.16798584,-1.6620141,-2.802014,-3.4620142,-2.0320141,1.8579859,1.9179858,0.5779858,0.62798584,1.4379859,3.657986,2.437986,1.8679858,0.7779858,0.56798583,0.00798584,-0.05201416,-0.9820142,-0.48201415,-0.87201416,-0.7220142,-0.44201416,0.62798584,0.39798585,-1.5720142,-0.33201417,0.06798584,0.8979858,-0.48201415,1.9079858,1.0079858,0.72798586,0.26798585,-1.8420142,-1.3620142,-0.68201417
3.637986,2.697986,1.9079858,1.1379858,0.5779858,0.53798586,0.06798584,-1.5420141,-2.122014,-1.8720142,-1.1920142,-0.10201416,-0.7220142,0.44798583,0.79798585,1.1279858,2.7079859,2.5179858,1.8779858,1.6979859,1.4279858,0.97798586,0.6379858,0.8379858,0.37798584,0.66798586,0.12798584,0.44798583,1.0179858,0.48798585,1.1479858,0.5779858,-0.68201417,0.15798584,2.137986,3.0579858,2.7579858,1.8279859,1.8379859,1.4779859,0.23798583
2.9679859,3.2579858,4.0979857,2.2079859,1.8579859,0.84798586,1.2479858,0.7679858,-0.48201415,-0.42201415,-0.62201416,-0.68201417,-1.2120142,-0.74201417,-0.74201417,0.6979858,3.157986,2.5679858,3.3379858,2.4879858,2.677986,2.3179858,1.4679859,1.7779858,1.9879858,2.3279858,2.5079858,1.9979858,1.6779858,1.7379858,1.1279858,1.0579858,0.32798585,-0.5520142,0.11798584,0.15798584,1.2479858,1.2279859,1.1879859,1.6679858,1.5979859
4.337986,4.547986,3.7879858,4.317986,3.6079857,2.8579857,2.8179858,2.3579857,1.4179858,0.29798585,-0.0020141602,-0.36201417,-0.5520142,-0.10201416,-0.34201416,-1.7320142,-1.2220142,-0.51201415,-1.1320142,1.1579858,2.5379858,3.0579858,2.7479858,3.637986,-0.57201415,3.2079859,3.5779858,3.387986,2.897986,2.7279859,1.8679858,2.2679858,1.7679858,1.5779859,0.67798585,1.1979859,1.3779858,0.84798586,0.6379858,0.73798585,0.9579858
3.917986,4.9879856,6.4679856,5.6179857,5.317986,4.107986,4.007986,3.6079857,3.0479858,2.3079858,1.2779858,1.0279858,-0.11201416,-0.9820142,-2.1920142,-1.0520141,-1.2620142,0.19798584,2.417986,2.417986,1.9979858,3.3479857,2.927986,2.7779858,3.8079858,2.4879858,4.067986,4.017986,3.4779859,3.3079858,3.2879858,2.7079859,1.6679858,2.0179858,1.9079858,1.3179859,2.5679858,0.91798586,0.43798584,0.74798584,1.1479858
