wind_kz.json
{"header": {"discipline":0,"disciplineName":"Meteorological products","gribEdition":2,"gribLength":871,"center":7,"centerName":"US National Weather Service - NCEP(WMC)","subcenter":0,"refTime":"2023-09-22T06:00:00.000Z","significanceOfRT":1,"significanceOfRTName":"Start of forecast","productStatus":0,"productStatusName":"Operational products","productType":1,"productTypeName":"Forecast products","productDefinitionTemplate":0,"productDefinitionTemplateName":"Analysis/forecast at horizontal level/layer at a point in time","parameterCategory":0,"parameterCategoryName":"UnknownDiscipline_0_Category_0","parameterNumber":0,"parameterNumberName":"UnknownParameter_D0_C0_0","parameterUnit":"Unknown","genProcessType":2,"genProcessTypeName":"Forecast","forecastTime":300,"surface1Type":1,"surface1TypeName":"Ground or water surface","surface1Value":0.0,"surface2Type":255,"surface2TypeName":"Missing","surface2Value":0.0,"gridDefinitionTemplate":0,"gridDefinitionTemplateName":"Latitude_Longitude","numberPoints":615,"shape":6,"shapeName":"Earth spherical with radius of 6,371,229.0 m","gridUnits":"degrees","resolution":48,"winds":"true","scanMode":64,"nx":41,"ny":15,"basicAngle":0,"lo1":47.0,"la1":41.0,"lo2":87.0,"la2":55.0,"dx":1.0,"dy":1.0}, "data":
[rows 0 to 14 of 15, columns 0 to 40 of 41]
292.08755,283.78754,289.18756,292.98755,293.18756,292.78754,294.78754,295.38754,293.88754,292.88754,291.38754,291.98755,292.38754,291.88754,292.28754,289.68756,289.28754,290.88754,289.68756,291.38754,292.68756,289.98755,288.78754,285.58755,287.38754,288.28754,285.78754,272.18756,270.28754,269.08755,269.88754,273.28754,282.38754,289.48755,290.88754,290.78754,290.38754,289.38754,287.28754,287.28754,288.18756
273.38754,288.98755,292.38754,292.58755,292.58755,291.58755,295.18756,293.38754,291.58755,290.88754,291.78754,289.88754,290.38754,290.18756,291.68756,289.68756,286.48755,287.18756,287.58755,291.58755,291.08755,289.68756,287.38754,281.98755,271.18756,270.18756,280.38754,270.48755,274.08755,263.98755,275.08755,262.68756,273.48755,248.08755,271.28754,286.28754,283.38754,286.68756,289.18756,281.78754,283.68756
290.38754,291.68756,292.58755,292.38754,290.78754,294.68756,292.88754,292.88754,289.88754,289.18756,287.48755,290.38754,289.18756,290.08755,289.38754,286.68756,285.88754,285.38754,288.88754,290.48755,291.08755,290.48755,289.48755,283.18756,284.38754,285.08755,285.68756,284.38754,284.48755,276.18756,262.78754,270.18756,276.18756,276.78754,280.88754,278.38754,269.38754,271.58755,271.78754,269.48755,266.98755
288.88754,291.18756,292.58755,291.68756,291.68756,293.18756,293.58755,290.68756,290.58755,289.68756,288.18756,288.38754,290.28754,289.68756,289.28754,288.18756,288.88754,288.68756,287.58755,286.48755,289.68756,282.38754,286.88754,288.38754,288.68756,288.48755,288.48755,286.78754,283.38754,283.58755,284.48755,282.98755,287.48755,284.68756,283.58755,281.08755,270.38754,264.88754,272.68756,283.38754,287.08755
291.28754,290.58755,291.28754,290.48755,291.58755,292.88754,293.38754,292.48755,291.28754,289.98755,288.88754,287.68756,288.98755,288.08755,286.58755,288.58755,288.98755,287.88754,286.38754,288.68756,289.08755,288.88754,287.88754,287.78754,287.78754,287.88754,286.18756,286.48755,285.58755,285.78754,287.88754,283.08755,273.88754,267.58755,276.28754,284.38754,287.98755,287.88754,288.98755,288.98755,288.68756
290.78754,289.08755,289.78754,290.08755,290.18756,289.88754,292.38754,293.18756,291.28754,291.28754,290.88754,290.58755,288.98755,288.78754,289.08755,289.08755,289.88754,287.98755,288.78754,288.48755,288.28754,288.08755,287.28754,286.88754,285.78754,284.58755,284.88754,286.28754,287.38754,287.58755,286.38754,286.98755,285.78754,283.68756,281.68756,284.58755,276.08755,278.68756,285.28754,286.88754,287.18756
290.78754,289.58755,292.48755,292.48755,291.18756,291.78754,292.18756,291.08755,292.28754,292.08755,291.18756,290.58755,289.98755,289.58755,288.88754,290.38754,289.88754,290.08755,288.78754,288.48755,287.28754,287.78754,288.28754,287.78754,286.08755,286.18756,285.08755,286.98755,286.18756,286.18756,285.58755,285.28754,285.68756,286.78754,285.48755,283.78754,278.68756,274.98755,274.88754,272.68756,283.18756
290.68756,289.78754,291.48755,292.58755,293.18756,292.08755,291.78754,290.38754,289.58755,290.88754,289.38754,288.98755,288.38754,289.48755,289.48755,289.78754,289.48755,290.08755,289.38754,286.78754,286.48755,286.58755,286.58755,286.78754,285.78754,282.78754,283.68756,284.38754,282.98755,284.08755,282.98755,283.18756,282.18756,281.38754,281.58755,283.08755,284.68756,285.98755,283.08755,283.08755,278.68756
290.38754,289.68756,290.68756,290.38754,291.48755,290.18756,289.98755,290.18756,290.18756,287.98755,286.98755,286.58755,285.58755,287.48755,287.88754,288.78754,288.38754,288.28754,287.98755,286.88754,284.88754,284.38754,285.08755,285.18756,283.58755,284.48755,281.78754,281.08755,279.48755,278.18756,279.48755,280.18756,281.48755,283.08755,283.58755,280.28754,281.18756,279.88754,270.78754,271.38754,268.08755
289.28754,290.48755,289.58755,290.28754,289.98755,289.88754,288.98755,288.88754,288.48755,287.08755,285.48755,285.38754,285.98755,285.88754,286.28754,286.58755,286.88754,286.48755,286.58755,286.48755,285.38754,284.88754,284.98755,285.28754,284.98755,282.88754,282.48755,281.38754,281.08755,279.88754,279.78754,282.58755,284.48755,284.18756,286.98755,285.38754,280.08755,277.28754,273.38754,272.08755,269.18756
288.38754,288.48755,288.78754,287.78754,288.28754,288.28754,288.18756,287.78754,286.78754,285.58755,284.98755,284.38754,285.18756,284.68756,284.98755,285.18756,285.08755,285.28754,285.48755,285.08755,284.78754,284.58755,284.78754,284.08755,282.68756,281.98755,280.38754,281.78754,281.28754,282.58755,283.58755,284.18756,282.78754,283.58755,282.78754,280.78754,277.68756,275.18756,275.48755,274.28754,269.68756
285.78754,286.78754,287.38754,287.18756,287.08755,286.98755,286.08755,285.48755,285.08755,284.38754,281.78754,282.48755,284.18756,282.98755,283.38754,283.38754,283.08755,283.28754,283.88754,283.88754,283.58755,283.88754,282.68756,281.98755,281.48755,282.48755,281.48755,283.18756,283.28754,283.58755,283.68756,283.58755,283.78754,280.68756,281.28754,281.18756,281.38754,281.28754,280.98755,280.38754,280.38754
284.38754,283.88754,285.48755,285.18756,285.78754,285.78754,284.18756,283.08755,281.38754,281.08755,280.28754,278.68756,282.28754,280.88754,282.48755,282.48755,282.98755,282.68756,283.38754,282.78754,282.28754,280.98755,280.28754,280.08755,282.28754,282.98755,284.18756,283.58755,283.58755,283.28754,283.88754,283.78754,283.38754,282.48755,281.38754,281.38754,284.18756,284.58755,282.78754,281.58755,280.88754
281.88754,282.78754,284.28754,283.98755,283.18756,282.18756,281.98755,282.78754,281.68756,281.08755,280.78754,278.78754,279.18756,280.98755,281.78754,282.48755,282.58755,282.08755,282.18756,283.28754,282.88754,282.48755,282.98755,283.18756,283.58755,283.78754,283.48755,283.58755,283.08755,283.48755,283.48755,283.18756,282.78754,281.88754,281.58755,280.58755,280.88754,280.98755,280.58755,280.98755,280.08755
283.28754,283.98755,285.08755,282.88754,282.98755,281.98755,283.08755,280.88754,281.78754,280.88754,281.68756,278.98755,279.78754,279.58755,280.68756,281.98755,281.98755,282.68756,282.68756,282.88754,282.78754,282.98755,283.18756,282.98755,283.18756,283.38754,283.28754,283.38754,283.18756,282.88754,282.98755,283.38754,282.38754,281.98755,281.68756,281.68756,281.48755,280.88754,281.48755,281.58755,281.48755
