wind_kz.json
{"header": {"discipline":0,"disciplineName":"Meteorological products","gribEdition":2,"gribLength":1025,"center":7,"centerName":"US National Weather Service - NCEP(WMC)","subcenter":0,"refTime":"2023-09-25T00:00:00.000Z","significanceOfRT":1,"significanceOfRTName":"Start of forecast","productStatus":0,"productStatusName":"Operational products","productType":1,"productTypeName":"Forecast products","productDefinitionTemplate":0,"productDefinitionTemplateName":"Analysis/forecast at horizontal level/layer at a point in time","parameterCategory":2,"parameterCategoryName":"UnknownDiscipline_0_Category_2","parameterNumber":2,"parameterNumberName":"UnknownParameter_D0_C2_2","parameterUnit":"Unknown","genProcessType":2,"genProcessTypeName":"Forecast","forecastTime":300,"surface1Type":103,"surface1TypeName":"Specified height level above ground","surface1Value":10.0,"surface2Type":255,"surface2TypeName":"Missing","surface2Value":0.0,"gridDefinitionTemplate":0,"gridDefinitionTemplateName":"Latitude_Longitude","numberPoints":615,"shape":6,"shapeName":"Earth spherical with radius of 6,371,229.0 m","gridUnits":"degrees","resolution":48,"winds":"true","scanMode":64,"nx":41,"ny":15,"basicAngle":0,"lo1":47.0,"la1":41.0,"lo2":87.0,"la2":55.0,"dx":1.0,"dy":1.0}, "data":
[rows 0 to 14 of 15, columns 0 to 40 of 41]
1.9383203,0.99832034,-1.4716797,2.6883204,4.8183203,3.2583203,5.45832,-2.7716796,-4.87168,-3.6716797,-4.4316797,-4.0516796,-3.6916797,-3.1316798,-2.5316796,-2.2716796,-2.0916796,-3.3516798,-2.8716798,-3.4416797,-3.7116797,0.018320313,1.2783203,3.4383204,1.0383203,1.8383203,2.5283203,0.17832032,-0.091679685,0.87832034,-1.5616797,1.0083203,-0.10167969,-2.3516798,-2.0516796,-0.7816797,-0.81167966,0.3083203,1.3083203,0.7883203,2.9183204
-0.5316797,-2.0816796,0.9083203,0.6183203,0.038320314,1.5983204,-3.3316796,-4.75168,-4.9216795,-4.3016796,-4.6616797,-3.4116797,-3.4416797,-3.6016798,-3.5116796,-2.0416796,-1.4016796,-1.8916796,-2.3216796,-1.8316797,-2.1616797,-1.0816797,0.118320316,0.42832032,-0.4616797,-0.9616797,0.39832032,0.10832031,1.7983203,0.7083203,-0.2716797,-0.32167968,-1.3116797,-2.1316798,0.18832031,1.0483203,1.5783203,2.3583202,3.1983204,1.0083203,-0.6016797
-0.8516797,-3.5016797,-0.3316797,-0.68167967,-0.7016797,-2.1216798,-3.9916797,-4.1716795,-4.04168,-3.0416796,-4.2616796,-3.9716797,-4.08168,-4.3416796,-4.02168,-3.8716798,-3.4016798,-1.8116797,-0.8816797,-0.5416797,-1.6916797,-0.42167968,-2.0116796,-5.1816797,-2.3316796,-3.5516796,-2.6716797,0.9683203,2.1683204,-1.0216796,-1.1816797,-0.7116797,0.22832032,-0.14167969,-1.0016797,-1.2216797,0.9083203,-0.38167968,1.3883203,1.1683203,1.6883203
-2.5116796,-2.5016797,-0.5416797,-0.7816797,3.8783202,-0.9016797,-3.7816796,-2.3016796,-3.4016798,-3.6516798,-4.75168,-5.5516796,-4.56168,-2.6616797,-4.0316796,-4.4216795,-3.6616797,-4.3216796,-3.9916797,-2.0616796,-3.4516797,-2.7316797,-3.2116797,-4.85168,-5.00168,-4.64168,-3.9016798,-5.9416795,-4.9316797,-1.8016797,0.6183203,1.5583203,0.24832031,1.2883203,1.1583203,0.9783203,-1.0516797,2.9483204,-1.3716797,-2.2416797,-2.7116797
0.56832033,-0.1516797,0.8083203,0.16832031,1.4583203,-2.6116798,-2.8716798,-3.6916797,-2.7816796,-2.5216796,-3.9416797,-5.1616797,-4.31168,-2.2916796,1.3383203,-4.10168,-4.23168,-3.9716797,-4.60168,-4.83168,-5.3416796,-4.8216796,-4.3416796,-3.4516797,-4.0916796,-5.89168,-5.73168,1.6083204,-3.9416797,-2.2016797,-1.9316797,-1.6116797,-0.4616797,2.3483202,-1.0716797,-1.6116797,-0.9716797,-2.4816797,-0.26167968,-1.5316796,-1.8116797
3.5383203,2.8883202,0.6183203,0.18832031,-0.36167967,-2.3916798,-3.0516796,-2.7816796,-2.1816797,-2.7516797,-2.6816797,-3.3616798,-1.4416797,-1.3116797,-2.5816796,-3.0116796,-3.5716796,-3.9516797,-4.04168,-3.5216796,-4.7116795,-4.31168,-3.6416798,-3.4416797,-3.1616797,-4.00168,-4.4616795,-4.1316795,-2.9016798,-1.7016797,-1.2716796,-1.1916797,0.7883203,-0.24167968,0.6483203,0.3483203,0.16832031,1.2883203,-1.6616797,0.21832031,0.2383203
5.0383205,3.5983202,1.7383204,-0.32167968,-0.091679685,-0.031679686,-0.8516797,-1.5816797,-2.0416796,-2.5116796,-1.9216797,-1.4316797,-1.3816797,-2.0416796,-2.7516797,-2.5016797,-2.6716797,-2.7516797,-2.6416798,-2.9716797,-3.2016797,-3.4416797,-3.3316796,-2.4716797,-2.4416797,-1.6616797,-1.4416797,-0.48167968,-0.7316797,-0.10167969,-0.14167969,0.6683203,-0.7216797,2.2383204,0.16832031,-1.1916797,1.1583203,1.0583203,1.1183203,1.2383204,-2.2816796
5.7983203,3.9983203,2.9983203,3.9483204,1.4883204,1.7883203,0.36832032,0.39832032,0.118320316,-0.4316797,-0.7116797,-0.5116797,-0.22167969,-0.0016796875,-0.8316797,-1.6216797,-1.6916797,-1.4716797,-1.6016797,-0.81167966,-1.3816797,-1.2216797,-1.5416797,-0.4316797,0.29832032,0.9583203,1.3883203,1.7083203,2.6783204,2.1783204,1.9283203,0.50832033,1.8183203,2.1483202,3.1183202,-2.9616797,-2.0816796,-4.9716797,-4.4316797,-5.02168,-2.6216798
4.8683205,4.1983204,2.7483203,3.2583203,2.6683204,1.6983203,1.0083203,1.9183203,1.6183203,1.6783203,0.8283203,1.1383203,0.5483203,0.8283203,0.5583203,0.4483203,0.39832032,0.2783203,-0.2516797,-0.051679686,0.62832034,0.9683203,1.1283203,1.6483203,2.0883203,2.1383202,2.6283202,2.9583204,3.0783203,2.7383204,3.0083203,1.7483203,0.8483203,-0.031679686,2.4883204,-2.1716797,-0.8516797,0.8883203,-0.35167968,0.93832034,-0.8416797
5.7183204,3.7183204,2.3683202,3.0683203,2.9283204,2.0283203,1.3683203,1.8583204,1.6483203,2.1883204,2.5583203,2.6383202,2.2883203,1.1983203,1.4683204,1.4383203,1.8483204,1.9383203,1.8283203,1.9283203,2.3283203,2.3183203,2.2383204,2.8683202,3.4083204,3.4583204,3.4383204,3.7083204,4.2783203,4.18832,3.6083202,2.4183204,3.1883204,1.1183203,1.8383203,1.3583204,-2.1016798,-0.16167969,0.8383203,0.7983203,-1.3716797
5.6583204,4.5083203,2.3083203,3.0383203,3.3483202,3.0683203,2.7483203,2.6283202,2.5883203,2.3583202,2.1783204,2.2483203,1.7683203,2.2083204,2.3083203,2.4083204,2.3683202,2.0083203,1.9883204,2.9983203,3.6783204,3.6783204,4.12832,4.3483205,4.01832,4.66832,5.43832,5.76832,3.6983204,3.1183202,2.1683204,4.5083203,2.9583204,1.6983203,0.2883203,-1.8316797,-0.6916797,1.2383204,-0.20167969,0.6583203,-1.1516796
6.49832,4.74832,4.64832,2.5583203,2.8783202,2.9783204,3.2483203,2.9883204,2.3283203,1.2583203,0.9783203,1.9183203,0.7783203,0.2883203,1.7183204,2.2583203,1.6683203,1.0483203,1.1783203,1.9083203,1.7483203,2.8983202,3.5183203,3.9383204,5.0483203,6.1983204,6.0983205,6.0083203,7.0983205,3.5683203,4.0583205,3.1283202,3.0683203,2.1883204,1.1683203,1.6983203,1.0683203,-0.8216797,-0.2716797,-0.22167969,0.1283203
5.74832,5.4283204,4.0883203,4.1783204,2.7183204,1.5983204,2.3383203,2.1183202,1.9783204,0.18832031,0.19832031,1.5583203,-0.08167969,1.7283204,-0.21167968,-0.68167967,-1.2316797,-0.4016797,0.16832031,1.6283203,2.1383202,2.6983204,2.6883204,3.2483203,3.8983202,4.2583203,5.51832,6.4883204,5.1783204,6.2983203,5.4083204,2.6483202,-0.08167969,0.3383203,-0.8016797,-1.0616797,-1.2816796,-0.16167969,0.9283203,-0.5216797,-0.9616797
4.8883204,5.8683205,2.9083204,3.6183202,2.5183203,1.7583203,2.4483204,2.3483202,1.1783203,-0.2516797,-0.7216797,-1.1716797,-0.50167966,-0.7716797,-1.2416797,-1.8516797,-1.1916797,-0.3016797,0.18832031,0.87832034,1.9583203,3.2383204,4.70832,4.99832,5.7983203,5.95832,6.16832,5.5883203,4.89832,4.7883205,4.0783205,-2.9716797,-2.6116798,-1.2716796,0.7183203,-0.5216797,-0.8016797,0.2583203,-1.2816796,-1.0516797,-0.81167966
5.64832,6.4283204,4.49832,2.1683204,2.5983202,1.8783203,1.5883203,2.1483202,0.5483203,-1.4216797,-0.9416797,-0.4416797,-0.9616797,-0.56167966,-0.8316797,-1.2616796,-0.48167968,-0.121679686,-0.35167968,0.9283203,1.9883204,3.3483202,3.8883202,4.8283205,5.3683205,5.62832,5.3883204,3.3083203,3.0383203,2.3983202,2.8283203,0.19832031,-0.4716797,-0.0016796875,-0.9816797,-0.17167969,-1.0016797,-0.18167968,1.1383203,-1.7816796,-0.68167967
