wind_kz.json
{"header": {"discipline":0,"disciplineName":"Meteorological products","gribEdition":2,"gribLength":1025,"center":7,"centerName":"US National Weather Service - NCEP(WMC)","subcenter":0,"refTime":"2023-10-05T18:00:00.000Z","significanceOfRT":1,"significanceOfRTName":"Start of forecast","productStatus":0,"productStatusName":"Operational products","productType":1,"productTypeName":"Forecast products","productDefinitionTemplate":0,"productDefinitionTemplateName":"Analysis/forecast at horizontal level/layer at a point in time","parameterCategory":2,"parameterCategoryName":"UnknownDiscipline_0_Category_2","parameterNumber":2,"parameterNumberName":"UnknownParameter_D0_C2_2","parameterUnit":"Unknown","genProcessType":2,"genProcessTypeName":"Forecast","forecastTime":60,"surface1Type":103,"surface1TypeName":"Specified height level above ground","surface1Value":10.0,"surface2Type":255,"surface2TypeName":"Missing","surface2Value":0.0,"gridDefinitionTemplate":0,"gridDefinitionTemplateName":"Latitude_Longitude","numberPoints":615,"shape":6,"shapeName":"Earth spherical with radius of 6,371,229.0 m","gridUnits":"degrees","resolution":48,"winds":"true","scanMode":64,"nx":41,"ny":15,"basicAngle":0,"lo1":47.0,"la1":41.0,"lo2":87.0,"la2":55.0,"dx":1.0,"dy":1.0}, "data":
[rows 0 to 14 of 15, columns 0 to 40 of 41]
1.8168286,1.4668286,-0.59317136,-0.45317137,-3.2331715,-4.3431716,-3.5931714,-1.9931713,-0.29317138,1.6068286,2.6468287,2.9968286,3.9068286,4.4968286,4.5668287,4.3668284,3.3968287,4.2668285,3.8768287,5.216829,7.1868286,4.8368287,3.5968287,2.9268286,-1.0831714,0.5468286,2.6168287,3.3768287,0.066828616,1.5168287,-0.7631714,1.1968286,0.6468286,-0.7031714,-2.1331713,-1.0431714,-0.7431714,-0.48317137,-0.17317139,-0.16317138,-1.3531713
2.2268286,-1.7331713,-8.733171,-5.493171,-2.1131713,-1.5831714,-0.9431714,-0.47317138,1.0668286,2.0368285,1.0268286,2.3668287,2.0768287,4.3468285,5.9268284,4.9968286,4.756829,4.8768287,5.9068284,5.776829,5.5568285,6.0368285,4.5568285,2.4868286,1.3168286,0.7068286,0.97682863,0.9568286,3.1868286,1.6968286,0.78682864,0.6768286,-1.4731714,1.1768286,0.6468286,2.1368287,2.2068286,-0.103171386,0.6468286,-1.2331713,-0.8731714
-1.2431713,-3.5231714,-2.5631714,-0.5531714,0.8268286,2.2068286,3.2268286,4.216829,3.7068286,3.8168287,3.4668286,3.0468285,3.1768286,3.4868286,2.7168286,5.5768285,6.0568285,7.0968285,6.0568285,6.0468287,6.5168285,4.5768285,2.0368285,3.3568287,1.7268286,2.4468286,-1.3631713,-0.16317138,2.7968285,0.4368286,1.4768286,-1.3731713,-1.1731714,-0.17317139,-0.6731714,1.3268286,0.5168286,-0.033171386,-0.71317136,-0.9331714,1.0068287
-2.5331714,0.30682862,2.8968287,4.696829,5.2868285,4.7468286,5.5968285,6.0168285,6.2868285,5.7468286,5.196829,4.3868284,4.196829,4.3568287,5.3968287,5.9068284,5.1768284,5.9368286,6.2868285,7.966829,5.7968287,3.8568287,4.5368285,4.9068284,3.3968287,0.7368286,0.17682861,1.1968286,-0.5031714,-1.5331714,0.4368286,-0.90317136,-3.0431714,-1.2431713,0.3468286,0.7768286,1.0468286,1.3468286,-1.6831714,-1.4631714,-1.6731714
3.5468285,5.2668285,7.9568286,7.216829,6.8968287,6.7468286,5.6268287,6.716829,6.0968285,6.216829,6.9768286,6.7268286,6.0668287,5.5168285,5.9768286,7.3468285,7.216829,8.206829,6.6768284,7.0868287,7.8468285,5.4568286,2.5268285,2.7268286,0.78682864,-0.4331714,0.53682864,-1.0131714,-0.5631714,-0.7631714,-1.1431714,1.1568286,2.9568286,2.9168286,-2.2231715,-0.64317137,-0.96317136,-3.5731714,-2.2931714,-1.9731714,-2.0931714
9.826829,8.976829,9.046828,10.546828,9.316829,8.326829,6.5168285,6.006829,6.0168285,6.4268284,6.7968287,6.986829,6.276829,6.0668287,6.9568286,7.216829,7.6468287,6.9968286,5.7668285,5.2968287,3.3668287,1.5268286,3.2768285,-3.8831713,-0.32317138,1.6868286,1.7968286,0.85682863,2.3868287,1.4168286,0.8268286,-0.52317137,-1.1331714,-2.6531713,-2.8031714,0.84682864,-0.06317139,-1.9331714,4.006829,-0.44317138,-2.6331713
8.666828,7.9068284,9.8068285,9.386828,10.3068285,8.176828,6.6568284,5.3168287,6.0868287,6.8068285,6.4068284,6.3768287,6.7468286,7.8568287,7.4968286,7.3868284,7.3768287,7.9568286,4.3768287,1.3468286,2.5968287,0.066828616,2.1768286,0.33682862,1.0868286,3.0068285,2.8368287,2.7068286,3.1168287,2.7068286,2.7268286,1.8468286,1.0668286,-1.3431714,-1.1131713,-2.2731714,-0.2831714,0.7668286,2.6868286,0.9268286,-0.9531714
7.776829,8.446829,7.9968286,7.6068287,6.946829,7.196829,5.1468287,3.2368286,5.6168284,5.6068287,5.8768287,6.446829,7.196829,7.716829,7.7268286,7.2668285,8.666828,7.7868285,2.0468285,4.3368287,3.1368287,1.8568286,2.3268287,3.1668286,3.0168285,2.9568286,3.4868286,2.1168287,2.9468286,2.7668285,4.026829,4.5968285,3.8068285,3.1668286,3.7668285,-1.4331714,-0.08317139,0.27682862,-2.4931715,-0.2731714,0.33682862
9.046828,7.9968286,7.0868287,7.4568286,7.1368284,7.0668287,6.1668286,3.9168286,4.3768287,5.486829,4.4368286,6.7968287,8.5568285,7.9968286,7.7868285,6.946829,4.4968286,5.5768285,3.6168287,3.8668287,2.0168285,3.5668287,1.5468286,1.0168287,0.49682862,0.24682862,1.0368286,2.3268287,3.0868287,4.0668287,4.8268285,4.716829,4.7868285,1.1768286,-1.6231713,-2.9031713,-0.6231714,0.3868286,0.3468286,-0.7331714,1.0068287
9.116829,8.576829,7.7968287,6.8668284,6.4568286,6.3068285,6.256829,5.2668285,6.3768287,5.8368287,5.716829,7.2668285,7.526829,7.3468285,7.5368285,7.5168285,4.966829,3.3768287,4.3268285,1.7768286,2.1968286,1.1568286,1.0668286,0.97682863,0.48682863,-0.12317139,0.7468286,1.3368286,2.0068285,4.1468287,3.9668286,3.7468286,2.2668285,0.6468286,-1.4331714,-0.3431714,-0.83317137,-0.89317137,2.2968285,1.0168287,-1.0531714
8.656829,8.566829,8.386828,7.8968287,6.486829,5.5968285,5.986829,6.2868285,5.2668285,5.8368287,4.8168287,5.9968286,6.0468287,7.526829,7.236829,5.8768287,5.486829,3.6768286,2.5368285,3.1468287,1.7468286,0.4068286,1.1868286,0.8968286,0.5068286,1.3868287,1.7468286,1.8068286,2.2768285,3.1368287,1.2868286,-0.64317137,-0.8131714,0.49682862,1.7068286,0.6368286,0.8168286,0.5168286,-0.023171388,0.046828613,0.9468286
9.196829,9.036829,8.0568285,7.3668284,6.3668284,5.8368287,4.9268284,4.756829,4.526829,4.2268286,4.1268287,6.1168284,5.986829,7.1268287,6.3668284,6.3468285,3.6768286,2.6868286,3.2468286,1.6068286,2.3168287,1.6168286,1.1268287,1.3768287,1.8868287,2.3668287,2.4468286,3.0768287,0.97682863,-0.023171388,1.3168286,1.8668286,1.7068286,1.2468286,1.0068287,3.0568285,4.2668285,0.7768286,-0.47317138,0.5668286,-0.47317138
7.4968286,9.446829,7.6468287,7.3068285,5.9568286,3.7168286,4.4368286,4.0868287,4.2468286,3.7368286,2.0768287,4.7268286,5.486829,5.526829,6.446829,5.8468285,3.1368287,2.1868286,3.1768286,2.8768287,3.1668286,1.2168286,1.5768286,2.1168287,2.7668285,2.1968286,2.1268287,2.0868287,2.3868287,0.9368286,1.4868286,1.9968286,1.9068286,0.8868286,0.22682862,1.3368286,2.1068287,0.8168286,1.4468286,0.48682863,0.1468286
7.1668286,7.696829,8.166828,6.5768285,6.0168285,4.3968287,3.6068287,3.2868285,3.2168286,2.0868287,1.3768287,1.7168286,4.6668286,4.8768287,5.0868287,2.9968286,1.6768286,2.5868287,1.9368286,0.9368286,2.2768285,2.5868287,2.9568286,1.8868287,2.2068286,2.2868285,1.5768286,2.2168286,2.2968285,2.3768287,2.1568286,2.0568285,1.7568287,0.6268286,0.066828616,0.006828613,-0.08317139,0.3568286,-0.043171387,1.0568286,-0.2731714
6.5468287,7.8468285,10.126828,8.206829,2.7868285,2.8068285,3.4068286,2.5868287,2.2468286,0.8068286,1.0768286,2.7968285,1.6468287,2.2068286,2.8268287,2.3468287,1.5868286,1.8668286,1.9868286,3.3268287,1.7868286,0.49682862,1.2268286,1.3368286,1.0768286,1.1668286,2.1768286,2.2668285,2.0168285,2.0668287,1.3868287,2.5968287,1.9868286,1.9168286,1.3068286,0.9868286,0.4668286,1.1468287,1.6668286,0.5668286,-0.15317139
