wind_kz.json
{"header": {"discipline":0,"disciplineName":"Meteorological products","gribEdition":2,"gribLength":1102,"center":7,"centerName":"US National Weather Service - NCEP(WMC)","subcenter":0,"refTime":"2023-08-24T12:00:00.000Z","significanceOfRT":1,"significanceOfRTName":"Start of forecast","productStatus":0,"productStatusName":"Operational products","productType":1,"productTypeName":"Forecast products","productDefinitionTemplate":0,"productDefinitionTemplateName":"Analysis/forecast at horizontal level/layer at a point in time","parameterCategory":2,"parameterCategoryName":"UnknownDiscipline_0_Category_2","parameterNumber":2,"parameterNumberName":"UnknownParameter_D0_C2_2","parameterUnit":"Unknown","genProcessType":2,"genProcessTypeName":"Forecast","forecastTime":180,"surface1Type":103,"surface1TypeName":"Specified height level above ground","surface1Value":10.0,"surface2Type":255,"surface2TypeName":"Missing","surface2Value":0.0,"gridDefinitionTemplate":0,"gridDefinitionTemplateName":"Latitude_Longitude","numberPoints":615,"shape":6,"shapeName":"Earth spherical with radius of 6,371,229.0 m","gridUnits":"degrees","resolution":48,"winds":"true","scanMode":64,"nx":41,"ny":15,"basicAngle":0,"lo1":47.0,"la1":41.0,"lo2":87.0,"la2":55.0,"dx":1.0,"dy":1.0}, "data":
[rows 0 to 14 of 15, columns 0 to 40 of 41]
-1.4871918,-0.43719178,2.5528083,-1.9771918,-4.147192,-4.687192,-4.397192,-4.457192,-4.9671917,-2.2471917,-3.2171917,-3.6171918,-3.7871919,-3.5271919,-2.8971918,-1.8971918,-1.2871917,-1.3371918,-3.7171917,-3.0571918,-1.9471917,-2.2571917,-1.5471917,-1.0371917,-1.2271918,-0.24719177,-0.64719176,1.5928082,-0.25719178,0.5028082,-1.2071918,1.9628083,2.7428083,9.5828085,-3.3671918,-4.597192,-4.1271915,-3.6871917,-4.327192,-3.3271918,-2.8071918
1.1328082,0.9428082,-8.447192,-6.917192,-5.307192,-7.1971917,-3.2171917,-4.1771917,-2.4471917,-1.1271918,-0.76719177,-2.267192,-2.2471917,-1.8171917,-1.9971918,-1.7571918,-2.0671918,-2.2771919,-1.2471918,-0.30719176,-2.9371917,-3.0771918,-1.6771917,-2.2071917,-0.30719176,0.32280824,-0.6271918,0.60280824,0.8128082,1.8528082,0.21280822,-0.36719176,-0.38719177,-0.8871918,1.8428082,-0.42719176,-1.2771918,0.7028082,0.92280823,1.3928082,-4.2771916
-1.4871918,-9.407192,-9.727192,-7.807192,-7.2571917,-4.977192,-3.4871917,-1.4071918,-0.9471918,-1.7271918,-0.41719177,0.9528082,0.65280825,-0.18719177,-2.7771919,-2.0771918,-2.2871919,-0.8571918,-0.32719177,0.65280825,1.6428082,-1.4871918,-1.6971917,-1.5371917,2.482808,-1.5771918,-1.1671917,-2.3471918,-2.0371919,-0.35719177,1.0428082,0.79280823,-0.31719178,2.4628081,-2.4071918,-0.36719176,0.13280822,-0.36719176,2.3228083,1.6428082,-0.43719178
-6.597192,-9.587192,-8.517192,-7.7371917,-5.137192,-3.6471918,-2.7871919,-3.4271917,-2.3271918,-0.06719177,0.83280826,2.2828083,2.8628082,3.4728081,0.66280824,-0.11719177,-0.48719177,0.5028082,-1.0971918,-0.82719177,-0.34719178,-0.18719177,-0.5571918,-1.1971917,-3.0971918,-1.1371918,-1.0071918,-1.3071917,-0.23719177,1.2328082,-1.2771918,1.1728082,4.982808,7.5128083,2.4028082,1.3228083,0.06280823,1.2528082,-0.70719177,2.2028081,7.272808
-6.347192,-7.7371917,-7.2171917,-5.687192,-5.517192,-3.0971918,-1.8571918,-0.7471918,-0.24719177,1.0528083,1.2428082,2.5328083,4.8728085,4.8728085,4.292808,2.4328082,2.7628083,1.9728082,1.4528083,-0.4671918,-0.6771918,0.8928082,1.4928082,0.27280822,-1.0371917,-1.7871917,0.022808228,4.132808,1.2728082,2.1128082,1.4928082,2.1028082,1.4228082,0.18280822,1.7528082,-2.5271919,15.342808,1.7328082,2.7628083,4.692808,-6.9471917
-3.7871919,-3.3471918,-5.227192,-3.9771917,-1.5871918,-0.96719176,0.54280823,2.3328083,1.7028083,3.0628083,3.3328083,2.3728082,2.2028081,4.4528084,5.882808,3.0528083,3.0828083,3.3628082,3.3628082,3.3328083,2.4628081,1.6828083,0.122808225,2.5328083,1.8528082,0.2828082,3.0028083,3.8528082,1.7028083,3.6328082,3.6828082,5.352808,5.212808,2.8228083,1.4828082,4.9728084,4.292808,6.962808,15.542808,7.922808,-7.497192
-2.8871918,-2.0571918,-0.90719175,0.39280823,2.0528083,2.4528081,3.3928082,3.7528083,3.7728083,3.6028082,3.5128083,2.6628082,2.5628083,2.8928082,3.3228083,2.9928083,2.7728083,3.1728082,3.2728083,3.4128082,3.2628083,2.6728082,2.7128081,2.6128082,2.7428083,2.2528083,1.7228082,2.4128082,1.4928082,1.5728083,0.54280823,2.7828083,6.082808,5.352808,3.8528082,5.4928083,1.2728082,-2.1271918,2.4728081,1.2428082,11.352808
-0.40719178,0.85280824,1.8628082,2.732808,3.6728082,4.152808,4.3928084,3.8128083,4.002808,2.8528082,1.7428082,2.5228083,3.2228081,2.0328083,2.0628083,3.4728081,3.5728083,2.5328083,2.8628082,2.6328082,3.482808,3.0428083,3.4528081,2.2728083,2.6928082,1.0328082,2.3928082,1.0228082,1.6028082,2.0928082,1.8028083,-0.11719177,0.6828082,1.9628083,3.8928082,7.292808,3.4028082,5.862808,9.732808,10.952807,4.3228083
1.6328082,2.9328082,3.2828083,3.9528081,3.6328082,3.7428083,3.7928083,3.5028083,1.1428082,1.8128083,2.9628081,2.8328083,3.3828082,2.1728082,2.9628081,2.9428082,3.232808,3.1828082,3.1628082,2.732808,2.2628083,3.4128082,3.482808,3.5128083,2.6228082,1.8428082,0.41280824,-0.5571918,1.8128083,1.0128082,2.8828082,1.8028083,1.3128083,1.0228082,5.602808,2.2928083,2.0228083,0.27280822,1.1928083,1.0328082,-0.017191773
1.6628082,2.4128082,2.7728083,3.4228082,3.5828083,3.482808,3.232808,2.6628082,1.9928082,1.5728083,3.0328083,3.6228082,2.3728082,2.3628082,2.7028081,2.8028083,2.3528082,3.0928082,3.5228083,3.3128083,3.4728081,3.1728082,4.1828084,3.6428082,2.7928083,2.1828082,2.0828083,1.8528082,1.2128083,2.5828083,1.2228082,2.8528082,3.2228081,2.6028082,1.5928082,-0.14719178,-0.77719176,-0.20719177,0.38280824,1.6228082,1.7928082
1.7828082,2.6828082,2.0228083,3.2828083,3.4628081,3.0128083,3.3128083,0.97280824,-0.027191773,1.0428082,2.8228083,2.732808,2.4028082,3.3528082,2.9928083,2.7728083,3.3628082,3.732808,2.9328082,3.2528083,3.732808,3.6828082,3.6428082,3.5728083,3.2128081,2.9328082,3.0728083,2.7528083,2.232808,1.7528082,3.0828083,3.2128081,3.1728082,2.4928083,2.9428082,0.71280825,0.41280824,0.8028082,0.15280823,0.52280825,1.1528082
0.29280823,1.3528082,2.0128083,2.2628083,3.3728082,1.0428082,-0.83719176,-0.78719175,0.06280823,1.1628082,1.2128083,2.6628082,2.2128081,2.8428082,3.7728083,3.4328082,3.6628082,4.102808,3.0528083,3.7628083,3.3028083,3.8028083,3.3628082,3.0828083,3.4328082,4.3228083,3.8728082,4.3228083,3.1428082,2.6528082,1.5828083,2.1428082,2.2828083,2.9628081,2.1228082,1.7728082,-0.95719177,-0.23719177,-0.09719177,0.9928082,2.1128082
1.4428083,1.6328082,2.0228083,1.5428082,-0.18719177,-1.4571918,-0.9471918,0.05280823,1.1628082,0.5528082,-0.11719177,1.1228082,3.0728083,3.7228081,3.8828082,3.7628083,3.4628081,3.732808,3.1228082,3.4928083,2.9028082,3.3928082,3.232808,2.9728081,4.102808,4.9528084,5.292808,3.5128083,2.4628081,0.9328082,2.1728082,1.6428082,2.4728081,2.3128083,2.7128081,1.1128082,0.8628082,-0.6171918,2.5928082,1.6528082,2.4928083
2.3528082,2.0828083,2.2228081,1.3328083,-0.4971918,-0.7371918,0.67280823,1.4228082,0.83280826,0.37280822,0.24280822,1.4228082,2.0928082,3.2128081,3.4328082,3.5728083,3.3628082,2.4128082,2.7228081,3.482808,3.6628082,3.5928082,3.8628082,3.7928083,4.4128084,3.1528082,2.0428083,1.1428082,0.41280824,0.65280825,1.3228083,1.1228082,1.1528082,1.3528082,2.1028082,0.41280824,0.7628082,-1.2171918,0.2528082,1.0928082,4.772808
1.0628083,1.6328082,0.83280826,-0.6771918,-0.59719175,0.122808225,1.2128083,1.3428082,2.5928082,1.3528082,-0.16719177,1.5128082,1.6628082,1.9528083,3.5128083,3.5128083,2.8928082,3.6728082,3.6028082,5.002808,4.5728083,4.6228085,4.3028083,4.352808,2.7528083,2.8828082,1.8728082,2.1228082,0.60280824,0.45280823,2.4128082,2.0528083,0.5028082,0.8128082,1.1528082,1.3328083,0.8728082,-0.33719176,-1.2871917,1.6528082,0.77280825
