wind_kz.json
[{"header":{"discipline":0,"disciplineName":"Meteorological products","gribEdition":2,"gribLength":871,"center":7,"centerName":"US National Weather Service - NCEP(WMC)","subcenter":0,"refTime":"2023-08-23T12:00:00.000Z","significanceOfRT":1,"significanceOfRTName":"Start of forecast","productStatus":0,"productStatusName":"Operational products","productType":1,"productTypeName":"Forecast products","productDefinitionTemplate":0,"productDefinitionTemplateName":"Analysis/forecast at horizontal level/layer at a point in time","parameterCategory":0,"parameterCategoryName":"UnknownDiscipline_0_Category_0","parameterNumber":0,"parameterNumberName":"UnknownParameter_D0_C0_0","parameterUnit":"Unknown","genProcessType":2,"genProcessTypeName":"Forecast","forecastTime":60,"surface1Type":1,"surface1TypeName":"Ground or water surface","surface1Value":0.0,"surface2Type":255,"surface2TypeName":"Missing","surface2Value":0.0,"gridDefinitionTemplate":0,"gridDefinitionTemplateName":"Latitude_Longitude","numberPoints":615,"shape":6,"shapeName":"Earth spherical with radius of 6,371,229.0 m","gridUnits":"degrees","resolution":48,"winds":"true","scanMode":64,"nx":41,"ny":15,"basicAngle":0,"lo1":47.0,"la1":41.0,"lo2":87.0,"la2":55.0,"dx":1.0,"dy":1.0},"data":[295.2,286.5,291.3,299.6,299.4,298.6,297.9,298.2,299.8,301.3,299.5,301.7,300.6,299.8,298.9,295.7,295.2,296.5,293.8,296.6,295.6,290.8,290.4,286.4,290.4,293.4,290.4,278.0,279.3,280.1,277.8,279.5,288.7,297.6,299.0,295.3,295.6,296.0,295.8,295.5,295.9,277.5,290.9,299.5,299.7,299.7,298.1,296.3,294.6,294.4,298.5,300.5,299.5,298.6,296.7,291.1,292.5,293.7,291.9,292.3,294.1,294.0,294.9,293.6,284.8,275.6,276.0,285.1,278.3,278.8,276.5,281.5,273.3,280.6,270.7,280.1,294.0,291.5,293.9,297.0,289.2,283.9,289.4,299.2,299.8,300.0,298.5,296.8,296.5,296.5,293.7,294.9,295.8,297.0,293.5,293.5,292.5,290.1,291.5,291.9,291.4,292.4,293.2,293.5,293.6,288.0,287.5,287.0,290.8,290.3,289.8,282.5,275.8,277.5,286.1,284.9,285.8,285.6,276.0,277.2,279.1,275.6,275.7,292.3,300.2,300.3,299.4,296.6,294.6,294.7,293.9,294.9,295.3,294.7,295.9,295.8,295.1,292.3,289.3,292.7,292.7,293.8,293.2,290.3,288.1,293.5,293.2,291.1,292.3,293.2,292.5,290.6,292.0,293.1,293.4,297.7,299.3,294.4,285.6,276.8,276.5,283.7,291.9,294.4,295.0,300.1,300.3,300.3,298.5,295.9,295.1,294.1,294.1,294.5,294.4,294.3,296.2,294.8,292.1,291.7,292.2,291.4,287.6,296.7,297.6,297.3,295.7,292.8,291.0,291.1,290.2,291.9,291.3,293.3,295.7,292.8,283.6,277.2,288.5,296.2,295.7,299.9,298.6,298.1,297.4,291.9,293.1,298.4,299.5,299.9,299.3,294.6,290.3,293.0,293.2,294.3,293.8,294.7,295.2,294.1,290.8,292.6,293.1,291.1,293.8,293.1,294.0,290.4,289.9,289.1,288.6,289.6,293.5,291.5,293.9,293.0,297.9,293.6,294.9,294.6,293.8,288.5,291.1,295.9,297.8,297.2,289.7,289.2,293.2,292.3,294.3,292.0,292.2,294.3,294.1,293.4,292.2,292.5,291.9,293.4,290.7,294.9,293.1,295.8,292.9,292.8,290.6,291.3,290.6,290.2,288.6,288.0,288.0,290.1,290.8,291.3,291.9,292.1,294.0,295.8,294.0,292.5,290.7,287.7,283.8,281.6,293.4,288.3,288.5,291.5,291.2,292.3,291.3,293.3,291.5,293.6,292.7,288.7,291.6,289.1,292.1,293.1,294.0,292.6,292.6,295.5,292.5,289.5,289.2,288.9,289.2,287.3,283.9,284.8,285.9,285.7,288.1,288.2,289.2,288.4,286.7,286.9,289.4,291.8,289.5,294.4,294.2,291.1,285.5,286.2,287.3,289.8,290.1,290.6,288.4,289.7,291.3,291.1,290.1,289.8,286.5,289.5,290.2,290.7,290.9,291.1,290.2,289.8,286.7,288.5,287.8,286.9,285.1,285.5,281.5,280.3,279.6,279.2,282.6,285.2,287.6,287.6,287.3,286.1,287.4,289.6,281.1,279.9,277.7,283.5,284.7,288.8,288.4,287.9,287.7,287.7,288.6,289.5,288.5,284.4,284.0,283.7,285.2,289.3,289.2,289.8,289.7,289.3,288.9,289.8,287.2,289.4,286.5,286.0,283.8,281.8,281.3,281.3,281.4,280.6,285.5,287.5,290.0,289.1,286.6,286.1,284.8,281.4,283.2,280.1,282.8,283.3,283.1,284.5,285.0,288.4,288.4,288.3,285.8,286.0,283.2,281.8,284.2,283.3,283.5,284.1,285.7,287.2,288.2,285.8,286.0,286.6,287.1,286.5,285.3,284.4,282.0,283.1,283.8,285.2,286.3,286.1,284.7,285.6,284.5,284.7,285.6,284.7,283.5,282.4,282.5,279.8,282.0,281.4,281.4,281.4,282.6,282.5,283.0,283.4,283.7,278.9,280.4,282.3,282.3,281.9,281.3,281.7,282.1,283.4,283.2,284.0,284.9,286.8,287.6,286.3,284.1,284.6,285.1,285.4,285.9,284.1,283.2,285.0,282.5,283.6,283.5,285.4,287.6,287.4,289.3,289.0,282.8,283.7,284.9,280.0,280.3,280.5,279.2,279.0,282.9,278.2,276.5,275.9,279.0,279.0,280.4,280.8,280.4,280.0,280.5,280.1,280.0,280.0,284.0,285.3,287.0,287.4,285.8,284.7,284.1,282.4,283.2,283.4,283.1,282.6,281.9,282.7,283.7,287.9,287.5,287.9,288.0,283.8,284.9,288.3,281.2,279.5,278.6,281.7,279.2,278.1,277.4,277.3,274.9,275.1,277.4,278.5,279.3,279.1,278.6,278.6,279.2,280.1,280.3,282.1,282.0,283.3,285.3,282.6,283.4,285.4,283.1,283.0,283.0,282.5,281.6,282.2,281.6,281.8,284.9,286.0,285.6,288.1,283.9,284.7,291.1,284.1,282.7,281.4,277.9,276.9,282.4,281.0,276.8,279.7,279.0,281.0,281.8,278.5,277.9,278.0,278.5,278.5,278.9,280.3,281.4,285.1,284.8,285.9,282.3,283.3,285.2,282.0,281.6,282.4,281.1,281.1,281.1,281.3,281.2,285.1,286.5,286.9,287.1]},{"header":{"discipline":0,"disciplineName":"Meteorological products","gribEdition":2,"gribLength":1025,"center":7,"centerName":"US National Weather Service - NCEP(WMC)","subcenter":0,"refTime":"2023-08-23T12:00:00.000Z","significanceOfRT":1,"significanceOfRTName":"Start of forecast","productStatus":0,"productStatusName":"Operational products","productType":1,"productTypeName":"Forecast products","productDefinitionTemplate":0,"productDefinitionTemplateName":"Analysis/forecast at horizontal level/layer at a point in time","parameterCategory":2,"parameterCategoryName":"UnknownDiscipline_0_Category_2","parameterNumber":2,"parameterNumberName":"UnknownParameter_D0_C2_2","parameterUnit":"Unknown","genProcessType":2,"genProcessTypeName":"Forecast","forecastTime":60,"surface1Type":103,"surface1TypeName":"Specified height level above ground","surface1Value":10.0,"surface2Type":255,"surface2TypeName":"Missing","surface2Value":0.0,"gridDefinitionTemplate":0,"gridDefinitionTemplateName":"Latitude_Longitude","numberPoints":615,"shape":6,"shapeName":"Earth spherical with radius of 6,371,229.0 m","gridUnits":"degrees","resolution":48,"winds":"true","scanMode":64,"nx":41,"ny":15,"basicAngle":0,"lo1":47.0,"la1":41.0,"lo2":87.0,"la2":55.0,"dx":1.0,"dy":1.0},"data":[-2.604973,0.30502686,2.0650268,4.805027,0.9450269,-0.71497315,-1.9849732,-0.59497315,1.1350268,3.2250268,3.5850267,-0.18497315,-3.654973,-3.2749732,-1.0549731,-1.5249732,-0.6149731,1.0250268,1.1850269,3.375027,-0.22497314,1.1050268,-0.51497316,-0.58497316,1.1050268,-3.0549731,-2.904973,-0.28497314,0.97502685,0.5550268,-1.4549731,-0.054973144,3.7850268,2.8050268,-3.2449732,-2.094973,-3.584973,-2.884973,-3.104973,-2.614973,-2.2049732,0.43502685,2.355027,3.115027,7.055027,2.435027,3.615027,1.1050268,-2.6949732,2.9850268,2.345027,4.3950267,1.8150269,-1.2149731,-0.76497316,-1.9749732,-2.334973,1.7650268,0.47502685,2.4950268,4.675027,-0.024973145,3.0250268,-0.8649731,-2.4649732,0.33502686,0.47502685,-0.59497315,-0.28497314,-0.42497313,-0.8649731,0.09502686,-1.0949731,0.29502687,1.3550268,0.13502686,-1.5549731,-1.3649732,-0.13497314,-0.19497314,0.78502685,-0.044973146,1.9450269,2.885027,6.155027,6.215027,5.265027,5.485027,5.525027,5.055027,0.14502686,7.265027,5.785027,4.175027,0.82502687,-0.71497315,-1.4749732,-1.6549731,0.12502685,1.7150269,1.9450269,-1.1749731,-2.4449732,-4.1049733,-3.614973,-3.354973,0.115026854,-0.43497315,1.6150268,2.2950268,-1.0249732,-0.58497316,-0.83497316,2.165027,0.41502684,1.5050268,-1.0549731,-1.8149731,0.6850269,0.28502685,-0.98497313,-0.37497315,1.4650269,1.1350268,1.9750268,6.005027,0.6350269,3.375027,9.025027,8.415027,3.845027,2.605027,2.7950268,3.7050269,2.665027,4.285027,1.8850268,-0.40497315,-2.1749732,1.0350269,2.0250268,-0.71497315,-4.154973,0.06502686,-1.6449732,-2.6649733,-3.4949732,-4.204973,-3.4649732,-2.144973,-3.334973,0.035026856,2.8150268,1.7750268,-1.5249732,2.905027,6.025027,-2.2849731,-0.8049731,-0.58497316,0.57502687,1.4250269,0.055026855,0.73502684,2.1950269,7.115027,6.8550267,9.635027,8.505027,7.445027,6.755027,2.5050268,4.285027,5.175027,5.015027,4.485027,5.195027,2.365027,1.5750269,-0.90497315,2.355027,2.4950268,1.0850269,-2.614973,-5.534973,-4.824973,-5.204973,-4.3749733,-4.1449733,-3.0149732,-3.064973,0.045026854,0.24502686,-1.0849731,-1.4749732,-1.1749731,-3.124973,-0.30497316,-0.38497314,-0.15497315,2.3250268,-3.584973,-2.7849731,-3.824973,-3.864973,2.165027,1.5950269,2.885027,4.295027,5.505027,7.255027,-2.1849732,7.845027,2.615027,3.2050269,2.7250268,2.5650268,2.425027,-0.27497315,1.8150269,1.4750268,2.7250268,2.395027,1.1550269,-2.2849731,-2.864973,-3.364973,-3.364973,-3.834973,-3.6849732,-3.2849731,-0.70497316,-0.034973145,0.6850269,0.105026856,0.26502687,1.2850269,1.8650268,1.3150269,1.1250268,-2.864973,2.5850267,0.23502685,0.38502684,-2.834973,-3.1649733,3.3250268,2.4550269,2.4850268,3.2750268,2.405027,0.14502686,2.9750268,4.8750267,6.005027,2.135027,2.5750268,-1.7449732,-2.2849731,-3.7149732,-3.0149732,4.8150268,1.7250268,3.395027,0.38502684,-1.2849731,-1.1949731,-0.83497316,-1.2349732,-1.3349731,-2.604973,-2.9449732,-1.0349731,-1.4849732,-3.904973,-2.2149732,-3.2249732,-3.374973,-3.634973,-0.49497315,2.5550268,1.7850269,-1.3349731,3.4950268,-2.9849732,1.6050268,0.61502683,0.31502685,-0.54497313,-0.0049731447,-0.46497315,0.23502685,1.2450268,0.7550269,2.865027,0.44502684,0.015026855,-2.0049732,-0.90497315,-0.43497315,-3.3049731,-1.3349731,1.7950269,3.0350268,2.0450268,1.0750269,-2.7949731,-0.89497316,-1.7749732,-0.014973145,-0.66497314,-1.4149731,-1.3649732,-1.7249732,-1.8649732,-1.8049731,-2.634973,-4.214973,-3.2749732,-4.974973,-2.2349732,-2.4949732,3.4950268,5.945027,5.365027,2.9550269,-3.9649732,-2.864973,0.7550269,0.8050268,1.1250268,1.4150269,0.48502687,1.3750268,-0.27497315,-0.71497315,0.92502683,-0.58497316,-1.4249731,-1.5249732,-1.4449731,-3.2949731,-4.2949734,-4.774973,-3.9949732,-1.0749731,1.0750269,1.2250268,-1.2449732,-0.28497314,-0.96497315,-1.9249731,-1.8149731,-1.2049731,-0.45497313,0.035026856,-0.8149731,-1.2049731,-2.2249732,-1.8249731,-3.2949731,-2.634973,-0.78497314,1.8150269,1.4650269,-1.7349732,-1.4749732,-0.31497315,-1.9049731,1.0450269,1.0450269,0.23502685,-0.26497313,-1.5949731,0.91502684,1.4550269,-2.0249732,4.4350266,-0.48497313,0.5650269,1.4350269,0.06502686,-1.1349732,-2.364973,-2.7149732,-4.5849733,-0.20497315,0.52502686,-0.64497316,0.89502686,0.115026854,-0.23497315,-1.2549732,-1.4449731,-1.3249731,0.58502686,-0.82497317,-1.3849732,-1.7449732,-1.3349731,-2.6749732,-2.124973,-2.584973,-0.5549731,1.2350268,0.6250269,0.7450268,0.15502685,-0.48497313,-1.5449731,0.22502686,0.06502686,0.18502685,0.39502686,1.2450268,2.2450268,1.0150268,0.28502685,-0.14497314,-0.91497314,-1.2149731,-0.21497315,-2.5149732,-2.9349732,-3.2249732,-2.874973,-2.394973,-0.40497315,0.6350269,0.17502685,0.8750269,1.8750268,-0.82497317,-0.52497315,-0.22497314,-0.71497315,0.6250269,0.44502684,0.6350269,0.055026855,0.055026855,1.0150268,-2.1649733,-1.4349731,-1.3049731,0.54502684,0.14502686,-0.09497315,0.6250269,-0.32497314,-1.6249732,1.0250268,1.5350269,1.0050268,-0.17497315,1.0750269,0.6350269,0.105026856,-0.44497314,0.115026854,-0.96497315,-1.4349731,-0.57497317,-1.5449731,-1.9449731,-1.7749732,-1.6449732,-1.6249732,-0.48497313,-0.28497314,0.52502686,1.1250268,1.3650268,-0.79497313,1.0450269,-0.18497315,1.3850268,0.58502686,0.97502685,0.40502685,-0.35497314,-1.4849732,-0.48497313,0.72502685,0.0050268555,-0.66497314,-0.6149731,0.70502687,1.9150269,2.345027,0.79502684,0.38502684,1.6550269,2.0450268,1.7850269,1.4050269,1.3250269,1.0750269,0.5550268,-0.0049731447,0.21502686,0.29502687,-0.5049732,0.39502686,0.16502686,-1.0349731,-0.6949732,0.16502686,1.4950268,1.1550269,0.65502685,1.0250268,-0.034973145,1.1650269,1.6650269,2.615027,4.965027,-0.08497314,0.24502686,-1.1349732,-1.9149731,-0.83497316,1.1650269,2.2050269,1.5850269,-0.58497316,0.7550269,1.1850269,0.92502683,1.4150269,1.6650269,0.60502684,0.64502686,2.6950269,2.635027,3.0050268,1.9350269,1.4850268,1.4150269,1.4150269,0.8850269,1.1750269,0.97502685,-0.014973145,0.57502687,1.1450268,0.72502685,0.95502687,0.89502686,1.0650269,0.7550269,0.83502686,2.5450268,1.6950269,0.7550269,-0.43497315,-1.6849731,-3.6949732,-2.864973,-1.2949731,-1.7149731,-0.91497314,0.71502686,2.605027,3.0450268,-0.13497314,0.6850269,1.7850269,2.125027,1.2850269,1.9650269,2.385027,1.5450269,2.915027,1.9850268,3.185027,4.225027,2.3150268,2.5250268,1.8250269,1.8250269,1.7150269,2.435027,0.43502685,-0.054973144,0.97502685,1.2250268,1.0850269,1.3750268,2.2250268,2.7850268,2.7950268,2.3350267,2.5850267,2.635027,2.675027,2.155027,1.2150269,0.8050268,0.17502685,1.9250269,0.9350269,1.4450269,1.8850268,0.91502684,-0.31497315,-0.20497315,1.0750269,1.8350269,2.385027,1.8950268,3.3250268,3.175027,3.5850267,0.64502686]},{"header":{"discipline":0,"disciplineName":"Meteorological products","gribEdition":2,"gribLength":1025,"center":7,"centerName":"US National Weather Service - NCEP(WMC)","subcenter":0,"refTime":"2023-08-23T12:00:00.000Z","significanceOfRT":1,"significanceOfRTName":"Start of forecast","productStatus":0,"productStatusName":"Operational products","productType":1,"productTypeName":"Forecast products","productDefinitionTemplate":0,"productDefinitionTemplateName":"Analysis/forecast at horizontal level/layer at a point in time","parameterCategory":2,"parameterCategoryName":"UnknownDiscipline_0_Category_2","parameterNumber":3,"parameterNumberName":"UnknownParameter_D0_C2_3","parameterUnit":"Unknown","genProcessType":2,"genProcessTypeName":"Forecast","forecastTime":60,"surface1Type":103,"surface1TypeName":"Specified height level above ground","surface1Value":10.0,"surface2Type":255,"surface2TypeName":"Missing","surface2Value":0.0,"gridDefinitionTemplate":0,"gridDefinitionTemplateName":"Latitude_Longitude","numberPoints":615,"shape":6,"shapeName":"Earth spherical with radius of 6,371,229.0 m","gridUnits":"degrees","resolution":48,"winds":"true","scanMode":64,"nx":41,"ny":15,"basicAngle":0,"lo1":47.0,"la1":41.0,"lo2":87.0,"la2":55.0,"dx":1.0,"dy":1.0},"data":[-0.11217041,-0.40217042,0.08782959,-3.2121704,-6.3421702,-7.8921704,-7.3721704,-11.432171,-7.1621704,-1.6321704,-2.1321704,-1.1321704,0.3278296,0.4478296,-1.1021705,-2.3321705,-3.0921705,-1.8121704,0.67782956,0.54782957,2.2478297,1.4678296,1.3978295,-0.07217041,-0.17217042,0.9378296,-1.4821705,1.4078296,1.2378296,1.7078296,1.4878296,2.0578296,-0.3221704,-3.5321703,-1.1621704,0.03782959,1.0878296,1.2378296,1.8878295,0.6978296,1.2278296,-1.6521704,2.0378296,3.5478296,-1.7921704,-8.40217,-7.3721704,-6.11217,-5.8021703,-11.53217,-9.31217,-4.61217,3.8378296,3.5678296,2.6578295,0.37782958,-2.7721703,-3.0121703,-1.8321704,-1.0121704,0.8978296,4.2278295,3.0878296,1.4578296,1.3678296,0.1778296,0.8578296,-1.3621705,1.8478296,-0.17217042,1.9178296,1.8578296,4.2678294,0.46782959,2.4078295,-1.4721704,-0.3221704,-0.20217042,-2.3621705,1.3478296,-1.9121704,1.5978296,1.0778296,-2.8221705,-0.37217042,-2.0321703,-5.5821705,-6.4521704,-4.2621703,2.5178297,6.3278294,-2.4721704,-2.0121703,2.5378296,4.11783,3.4978297,1.6278296,-1.2421705,-3.3321705,-3.9921703,-3.4621704,2.8778296,2.6778295,0.47782958,-0.4721704,-0.8421704,1.0178295,-0.03217041,-0.9621704,0.8778296,1.0478296,2.2778296,2.9378295,1.6978296,2.5378296,-0.7221704,0.14782959,2.0178297,1.2878296,0.5878296,0.6878296,-0.46217042,-0.7221704,-2.7421703,-4.86217,-2.5021703,1.5478296,-1.5521704,-0.9221704,-1.5921704,0.21782959,-0.4121704,-2.1721704,-3.5421705,-2.9221704,4.11783,3.8678296,2.5378296,-0.46217042,-2.9521704,-3.2921705,-3.6121705,-1.6821704,1.0678296,-1.1721704,2.8578296,0.7678296,-0.2921704,-1.2021704,-2.7121704,-2.9821703,-2.1621704,-1.3421704,-0.9421704,-3.7621703,-0.8121704,-1.7221704,-0.20217042,-2.1221704,-0.40217042,0.7578296,4.4478297,2.8378296,2.3678296,-4.5121703,-3.5221703,0.15782958,-1.5521704,-0.7521704,-2.3121705,-0.0021704102,2.1678295,-1.4921705,-2.6621704,-1.3421704,-0.9321704,-3.0021703,5.63783,2.9178295,0.3878296,-1.8121704,-1.6021705,-1.6221704,-0.5221704,1.3878295,1.3378296,0.7278296,-0.6421704,-0.9921704,-2.3621705,-2.6421704,-3.9821703,-3.0021703,-3.7321703,0.9778296,1.3278296,-0.5421704,-0.3021704,-1.0121704,-1.8421704,0.5878296,-2.4421704,-2.4721704,2.3678296,1.2778296,-4.7021704,-2.9721704,-5.2121706,-4.6221704,-4.4921703,-3.3621705,1.9678296,-4.0421705,-1.8221704,-1.8621705,-2.7521703,-3.3421705,0.8078296,4.9478297,3.0878296,0.16782959,-1.2321705,-2.0321703,1.4678296,0.86782956,2.6678295,3.2378297,3.0678296,1.3778296,0.05782959,-1.7221704,-3.0021703,-4.8421702,-2.8521705,-2.4221704,-1.4921705,-0.22217041,0.14782959,1.6778296,2.4478295,-0.3521704,1.6378295,1.7178296,-1.3221704,-2.5021703,0.5078296,-4.2821703,-3.0421705,-5.8221703,-5.3521705,-4.7521706,-3.6921704,-2.5721705,1.1178296,-2.7121704,-2.2321703,-2.4321704,-1.0721704,-2.3321705,-1.4121704,-2.8521705,0.47782958,2.7678297,0.10782959,3.8578296,4.2878294,3.5978296,3.5878296,3.9978297,3.8478296,2.2178297,-0.37217042,-3.1321704,-4.0121703,-5.2721705,-3.1121705,-2.4621704,-4.1821704,-4.4421706,-3.5321703,0.7578296,-0.8321704,-0.8421704,0.3078296,1.3978295,-0.3821704,2.0778296,-6.2221704,-5.1221704,-6.0621705,-6.11217,-6.61217,-5.3421702,-6.1421704,-2.2021704,0.4478296,0.6078296,-1.1921704,-1.0621704,-0.9721704,0.7178296,-5.2221704,-3.4521704,0.19782959,1.3278296,1.3078296,4.3178296,2.5678296,2.3278296,3.3378296,3.9078295,3.4578295,2.1478295,1.6678296,-1.8021704,-2.2521703,-4.4521704,-4.2521706,-3.5521705,-3.4521704,-5.1421704,-2.5421705,-2.5621705,-1.9621704,0.25782958,-1.6121705,1.6078296,-1.9021704,-4.40217,-5.3721704,-5.7321706,-5.5921702,-5.5621705,-5.2721705,-5.8721704,-7.9921703,-3.7621703,1.0078295,-0.63217044,-0.7421704,-2.0921705,0.7578296,0.07782959,-3.9321704,-6.7221704,-5.6721706,-0.9621704,3.2778296,2.9278295,3.6078296,3.5378296,2.8278296,3.0578296,3.3778296,1.8478296,0.98782957,0.7078296,-0.20217042,-1.4321704,-3.2121704,-1.9021704,-2.6521704,-3.2321703,-3.5521705,-3.1921704,1.4578296,3.2578297,2.0678296,-0.27217042,-3.7221704,-4.4721704,-5.5121703,-4.4421706,-5.2021704,-8.35217,-0.9221704,-0.31217042,-5.0721703,-2.2221704,-1.9621704,-0.9421704,1.1278296,1.3378296,0.8878296,-2.3121705,-2.3221705,-4.8521705,-4.4821706,-3.6721704,2.7078295,4.84783,3.7678297,4.38783,4.1678295,3.1878295,2.0178297,1.6478295,1.6978296,1.8378296,1.2478296,0.61782956,-1.3821704,-3.1121705,-2.8521705,-0.9421704,-0.03217041,-1.5621704,1.7778296,4.8778296,3.9778297,-3.7921705,-4.0521703,-4.1421704,-4.7421703,-3.8221705,-3.4221704,-6.8921704,-3.5221703,-2.3521705,-1.5521704,-2.3121705,0.04782959,0.24782959,1.7378296,0.7678296,-0.20217042,0.14782959,-0.2521704,-4.3921704,-3.2421703,-3.5521705,3.2478297,4.86783,4.5278296,3.7578297,3.3778296,1.9978296,2.9878297,2.9878297,2.2178297,2.7078295,1.0678296,0.28782958,-1.2421705,-2.2021704,-2.1421704,-1.3521705,-0.4421704,-0.1821704,-1.7921704,0.8878296,-2.2021704,-3.1121705,-3.3421705,-3.6921704,-3.6721704,-4.1021705,-3.8121705,-3.9021704,-4.0221705,-1.4821705,-1.7121704,-2.5221703,-2.0621705,1.7878296,1.4578296,0.3878296,-1.0921704,-2.4921703,-2.4221704,-3.0121703,-2.2921705,-1.8121704,0.6978296,2.3878295,3.3978295,2.8678296,3.8478296,4.5178294,3.7178297,2.8778296,1.8778296,-0.3521704,1.1778296,0.6478296,-1.2621704,-1.8421704,-1.2321705,-0.4821704,-1.2121704,-0.4521704,-0.04217041,-1.6721704,-1.2221704,-2.0121703,-2.0821705,-2.3921704,-2.1021705,-2.3421705,-3.2621703,-3.3121705,-2.4221704,-0.5621704,-1.1121705,-1.8821704,-2.1721704,-1.9221704,-1.6021705,-0.7921704,-1.0821704,-2.0921705,-2.7521703,-2.3021705,-1.5621704,0.9578296,2.6278296,4.2578297,4.3178296,3.8378296,3.6478295,3.5678296,2.2478297,0.67782956,0.2978296,1.1778296,2.1178296,0.22782959,-1.5821704,-2.3121705,-0.5921704,-2.4021704,-1.3421704,0.24782959,-1.1121705,-1.9821705,-3.2521703,-0.8321704,-1.2821704,-1.3521705,-1.3621705,-1.7821704,-0.9121704,-1.0821704,-0.31217042,-0.46217042,-0.7921704,-0.06217041,-1.2821704,-1.8421704,-2.2021704,-2.5421705,-2.2321703,-1.0621704,-1.7021704,-1.9921705,-2.2921705,-0.9921704,0.47782958,-0.8121704,2.0378296,2.3978295,2.7178297,2.1378295,0.7778296,0.6278296,3.2478297,2.5478296,0.7178296,-1.1621704,-1.6921704,-1.2621704,-0.95217043,-0.5321704,-0.6821704,-1.2221704,-2.1621704,-4.7921705,-2.5921705,-1.0521704,0.24782959,-0.07217041,-0.5221704,-0.76217043,-0.8121704,0.14782959,0.4178296,0.1778296,-0.3821704,-0.6721704,-0.7721704,-0.8421704,-0.88217044,-0.88217044,-1.4821705,-1.2121704,0.04782959,-0.08217041,-0.6021704,0.8278296,2.4178295,2.3978295,2.6278296,2.6978295,2.3178296,0.6678296,2.6978295,2.3678296,1.8278296,1.1078296,-0.6021704,-0.8021704,-0.4521704,0.8978296,0.6878296,1.4178296]}]