wind_kz.json
{"header": {"discipline":0,"disciplineName":"Meteorological products","gribEdition":2,"gribLength":1102,"center":7,"centerName":"US National Weather Service - NCEP(WMC)","subcenter":0,"refTime":"2023-09-08T12:00:00.000Z","significanceOfRT":1,"significanceOfRTName":"Start of forecast","productStatus":0,"productStatusName":"Operational products","productType":1,"productTypeName":"Forecast products","productDefinitionTemplate":0,"productDefinitionTemplateName":"Analysis/forecast at horizontal level/layer at a point in time","parameterCategory":2,"parameterCategoryName":"UnknownDiscipline_0_Category_2","parameterNumber":3,"parameterNumberName":"UnknownParameter_D0_C2_3","parameterUnit":"Unknown","genProcessType":2,"genProcessTypeName":"Forecast","forecastTime":120,"surface1Type":103,"surface1TypeName":"Specified height level above ground","surface1Value":10.0,"surface2Type":255,"surface2TypeName":"Missing","surface2Value":0.0,"gridDefinitionTemplate":0,"gridDefinitionTemplateName":"Latitude_Longitude","numberPoints":615,"shape":6,"shapeName":"Earth spherical with radius of 6,371,229.0 m","gridUnits":"degrees","resolution":48,"winds":"true","scanMode":64,"nx":41,"ny":15,"basicAngle":0,"lo1":47.0,"la1":41.0,"lo2":87.0,"la2":55.0,"dx":1.0,"dy":1.0}, "data":
[rows 0 to 14 of 15, columns 0 to 40 of 41]
1.4651587,2.3251586,-3.9148414,-9.404841,-10.744842,-12.364841,-8.5748415,-3.3448412,2.1451588,3.6551588,3.3251586,2.3351586,0.9051587,-0.8948413,-3.2348413,-4.244841,-4.0448413,-4.264841,-4.7848415,-3.5048413,-3.2948413,-4.1548414,-3.4948413,2.3951588,4.1151586,1.7051587,0.8851587,3.1551588,-3.1048412,-3.4348414,-2.3548412,-1.1548413,0.4951587,-0.74484134,-4.914841,1.4051586,3.4651587,1.7851586,1.0051587,1.4651587,2.2151587
2.4651587,-2.6948414,-6.5448413,-8.404841,-8.014841,-10.894841,-8.484841,-1.9948413,2.1051588,1.3551587,1.6851587,3.6151588,1.9851587,-2.1548414,-2.6048412,-2.8048413,-2.6948414,-3.5848413,-4.2748413,-4.8048415,-5.624841,-5.8048415,-3.8148413,-2.0048413,2.0951586,3.5251586,2.2951586,1.3251587,-0.62484133,-1.4348413,-1.7148414,-2.8748412,-1.2548413,-1.2348413,2.6851587,0.9251587,-0.03484131,-2.4848413,-3.2548413,1.3051587,1.0951587
0.50515866,-1.6148413,-4.704841,-8.364841,-7.8148413,-4.914841,-4.8048415,-5.6348414,-9.204842,-2.1648414,-3.0848413,-3.1548414,-4.9648414,-3.6648414,-4.6748414,-3.6648414,-3.9848413,-4.494841,-4.9048414,-5.874841,-6.124841,-2.2448413,-7.3148413,-2.2948413,-3.1748414,-2.5548413,-3.4348414,-4.6548414,-3.0148413,-1.6648413,-1.7148414,-1.6548413,-2.8948412,-4.3348413,0.03515869,-1.9448413,-2.1548414,-4.2148414,1.4651587,4.0751586,1.4651587
1.6751587,-1.6148413,-3.4948413,-2.6748414,-5.6548414,-4.4448414,-1.1948413,-0.3348413,-1.1548413,-3.2948413,-4.7548413,-6.4848413,-8.914842,-9.5748415,-5.1348414,-4.1748414,-3.4348414,-4.124841,-5.2548413,-6.514841,-5.8848414,-4.994841,-4.0648413,-2.2248414,-3.4748414,-2.8948412,-2.9148414,-2.9648414,-4.5748415,-4.184841,-4.2148414,-1.9548413,1.1651587,2.5151587,1.3451587,1.0151587,3.5051587,3.4851587,-1.1448413,0.4151587,-4.5348415
3.5951586,-0.32484132,-0.6948413,1.9451587,-0.5248413,-3.4448414,-3.0548413,0.8851587,0.4051587,-0.35484132,-1.3948413,-4.5748415,-9.254841,-6.8648415,-7.0648413,-4.264841,-3.3448412,-4.684841,-5.0448413,-4.914841,-4.7848415,-4.6148415,-3.9948413,-4.6148415,-3.3748412,-2.4048414,-1.3248413,-2.8948412,-3.3648412,-0.08484131,-2.6848414,-2.8048413,1.0051587,0.8251587,-0.7848413,3.5851586,-1.0648413,0.8551587,2.5951586,2.5351586,-1.5848413
4.6351585,3.5451586,4.105159,1.6251587,2.6851587,3.1951587,1.0851587,1.1251587,0.9951587,0.9151587,1.5751587,3.6351588,5.7651587,3.3751588,-3.9548414,-3.3048413,-4.2948413,-4.2948413,-3.5048413,-4.3848414,-4.0048413,-4.2148414,-3.9848413,-4.6548414,-4.604841,-4.5648413,-3.9348414,4.625159,-0.10484131,-2.9248414,-2.2748413,-3.9148414,-3.7548413,-3.2048414,-1.3048413,-1.5048413,-2.8448412,-3.0948412,-0.8348413,3.0851586,0.7651587
1.5451587,2.1151588,8.1751585,3.4051588,3.6651587,5.065159,2.0151587,5.875159,5.4951587,4.4151587,1.5251586,0.21515869,0.7851587,-1.9348413,-0.48484132,-2.4148414,-3.7348413,-4.7748413,-6.394841,-4.854841,-3.8548412,-4.5248413,-5.854841,-6.394841,-5.5948415,-2.1948414,-4.3648415,-2.6548414,6.0751586,4.3651586,-0.6548413,1.7051587,4.895159,1.3351587,-0.9748413,-1.8648413,0.7651587,0.5851587,0.2051587,-1.3948413,-2.0248413
1.4351587,3.0451586,5.2051587,4.2851586,2.1051588,1.9351587,1.7551587,2.6251588,0.75515866,0.6451587,1.3951586,0.19515869,-1.1848413,-0.5248413,-1.0048413,-3.5948412,-4.3248415,-4.164841,-4.7148414,-4.684841,-5.684841,-5.4448414,-5.264841,-5.7348413,-2.9748414,-3.4148414,-2.4048414,-4.8148413,-4.014841,-6.1348414,2.4351587,-0.5748413,2.9351587,-0.32484132,-1.3948413,-0.2148413,-2.8948412,-0.4748413,-2.6548414,-1.9748414,0.39515868
0.1451587,1.9251587,1.7651587,0.7651587,2.3951588,0.8351587,3.7251587,2.7051587,0.6451587,0.1451587,-1.7348413,-2.6848414,-1.1548413,0.1451587,-4.4648414,-3.5948412,-3.9648414,-4.4848413,-5.0248413,-4.974841,-4.1748414,-5.6948414,-5.704841,-3.8548412,-3.8748412,-2.2548413,-2.6748414,-1.0248413,-0.3348413,-0.5948413,-0.4148413,0.36515868,0.6451587,0.75515866,0.105158694,-0.7148413,0.39515868,2.4451587,2.7851586,-1.6948413,2.2451587
2.9151587,1.6351587,-0.1548413,2.7051587,4.2051587,3.4851587,1.1451586,0.9851587,0.29515868,2.2051587,-1.6548413,-2.7848413,-3.3548412,-3.2348413,-3.5648413,-2.8548412,-4.0848413,-4.0448413,-4.624841,-3.5148413,-3.9748414,-4.014841,-2.7548413,-2.0748413,-3.4148414,-5.644841,-5.5748415,-2.1248412,0.18515868,-0.05484131,-0.09484131,0.8551587,0.3251587,-0.6948413,-0.014841309,-1.0348413,-0.8248413,-0.99484134,1.7451587,2.7551587,1.4551587
2.9751587,3.8051586,3.5251586,1.6651587,2.0451586,1.6551586,0.62515867,-0.5748413,-0.6348413,-0.7348413,-2.6148412,-1.7648413,-1.8648413,-2.9648414,-4.354841,-3.7948413,-4.7948413,-3.6348412,-2.5848413,-5.414841,-5.184841,-4.724841,-4.1548414,-3.2048414,-1.8948413,-0.9548413,-0.7248413,-0.56484133,-1.9648414,-1.5748413,-0.4248413,-1.7548413,-1.3948413,2.2751586,3.9651587,3.3551588,1.7051587,1.7851586,3.8351586,1.8651587,-1.5848413
1.2751586,1.9551587,1.6651587,1.8651587,2.5951586,2.0851586,-0.7648413,-1.2248414,-2.6848414,-2.3048413,-2.4448414,-0.7548413,-1.3048413,-2.5248413,-4.5748415,-3.0248413,-5.4648414,-6.514841,-5.474841,-4.0548415,-3.1348412,-2.8048413,-2.9748414,-1.9148413,-1.4148413,-1.2548413,-0.3648413,-0.2448413,0.19515869,1.0451587,2.0351586,3.9351587,3.8351586,3.8551588,3.9551587,5.895159,5.065159,3.6951587,0.11515869,-1.8348413,-2.1348412
1.4651587,0.5151587,2.4951587,1.1951587,0.36515868,0.8351587,-2.2948413,-3.9548414,-3.9248414,-4.144841,-2.1048412,-2.0248413,-1.3548414,-2.4348414,-2.4348414,-3.7848413,-4.0448413,-3.8848412,-4.104841,-4.5548415,-4.0448413,-3.8948412,-3.2848413,-3.5248413,-3.8148413,-3.1448412,-3.3448412,-2.8348413,-1.2848413,-0.6348413,2.0051587,4.8851585,5.8851585,5.8651586,4.565159,4.1551585,5.545159,3.5451586,2.9651587,2.0851586,-1.1948413
0.9851587,1.5351586,0.8251587,0.8451587,0.2751587,-1.3848413,-2.5648413,-1.6648413,-1.7848413,-2.3348413,-1.7848413,-1.4048413,-1.2248414,-2.3448412,-0.5848413,-1.9448413,-3.1048412,-3.7548413,-4.5648413,-4.4648414,-3.8448412,-0.6648413,-4.0348415,-4.164841,-3.8248413,-4.3648415,-4.914841,-4.604841,-4.8148413,-1.8648413,0.4151587,2.1651587,5.9351587,5.8651586,5.105159,4.7651587,3.9751587,5.1151586,3.2851586,2.6451588,1.8251587
0.7751587,0.6451587,-3.7148414,2.8651588,1.5751587,0.6151587,-0.3648413,-0.4148413,-1.9548413,-0.7248413,0.9751587,-1.4948413,-1.0748413,-2.4848413,-3.4248414,-4.0748415,-2.9848413,-3.8848412,-5.0248413,-4.9648414,-4.974841,-5.2148414,-1.4248413,-3.0748413,-4.7848415,-4.8048415,-5.474841,-5.934841,-6.5348415,-5.0948415,-2.4548414,-0.3148413,3.5551586,3.9451587,4.4651585,4.775159,3.1151588,5.2451587,4.3851585,3.5651586,1.8051587
