wind_kz.json
{"header": {"discipline":0,"disciplineName":"Meteorological products","gribEdition":2,"gribLength":1102,"center":7,"centerName":"US National Weather Service - NCEP(WMC)","subcenter":0,"refTime":"2025-04-05T12:00:00.000Z","significanceOfRT":1,"significanceOfRTName":"Start of forecast","productStatus":0,"productStatusName":"Operational products","productType":1,"productTypeName":"Forecast products","productDefinitionTemplate":0,"productDefinitionTemplateName":"Analysis/forecast at horizontal level/layer at a point in time","parameterCategory":2,"parameterCategoryName":"UnknownDiscipline_0_Category_2","parameterNumber":2,"parameterNumberName":"UnknownParameter_D0_C2_2","parameterUnit":"Unknown","genProcessType":2,"genProcessTypeName":"Forecast","forecastTime":60,"surface1Type":103,"surface1TypeName":"Specified height level above ground","surface1Value":10.0,"surface2Type":255,"surface2TypeName":"Missing","surface2Value":0.0,"gridDefinitionTemplate":0,"gridDefinitionTemplateName":"Latitude_Longitude","numberPoints":615,"shape":6,"shapeName":"Earth spherical with radius of 6,371,229.0 m","gridUnits":"degrees","resolution":48,"winds":"true","scanMode":64,"nx":41,"ny":15,"basicAngle":0,"lo1":47.0,"la1":41.0,"lo2":87.0,"la2":55.0,"dx":1.0,"dy":1.0}, "data":
[rows 0 to 14 of 15, columns 0 to 40 of 41]
0.53056455,-0.46943542,3.8105645,1.4405646,2.0105646,1.8805646,0.96056455,-3.1794355,-5.5994353,-3.2394354,-4.5094357,-5.0494356,-6.4594355,-6.6694355,-5.719435,-5.1794353,-3.7994354,-2.9694355,-4.2094355,-2.6394355,-1.9494355,-0.35943544,0.040564574,-1.9594355,-0.14943543,-1.3194355,-2.8294353,-0.48943543,1.2505646,0.22056457,-0.23943542,2.0305645,0.57056457,1.0205646,-3.0294354,-2.7994354,-0.85943544,0.59056455,2.2305646,0.15056458,1.9705646
11.640564,2.1905646,0.15056458,2.2405646,1.5805646,-1.4594355,-0.73943543,-2.3694353,-4.2694354,-4.949435,-5.0694356,-5.989435,-5.1094356,-3.6494355,-4.0894356,-3.9094355,-2.5494354,-2.9794354,-1.4594355,-0.5794354,0.110564575,-0.6194354,-1.1694354,-2.6994355,-0.60943544,1.3505646,-0.40943542,0.58056456,-1.3794354,-0.6494354,-0.20943542,-0.34943542,2.4305646,-2.4194355,0.14056458,0.13056457,-0.48943543,1.1105646,-0.5594354,1.1505646,-1.6394354
1.3705646,0.14056458,0.14056458,0.14056458,-2.8294353,-3.5794353,-3.5894353,-2.7494354,-5.8794355,-4.8894353,-4.469435,-4.8094354,-4.0494356,-4.2094355,-3.6494355,-2.9294355,-2.1094353,0.52056456,1.7005646,2.1605647,1.8705646,1.9905646,1.5905646,2.3605645,0.14056458,0.7905646,0.46056458,0.46056458,-2.2594354,-0.21943542,-2.4794354,2.5205646,-0.34943542,-0.5294354,-1.3594354,0.95056456,0.7905646,-0.019435424,0.45056456,4.0405645,2.7805645
-1.5894355,-0.7494354,-2.9194355,-5.0994353,-3.5294354,-3.0894353,-4.219435,-4.5594354,-5.1394353,-4.8594356,-4.0394354,-4.3094354,-3.6694355,-3.3994355,-2.7394354,-1.0094354,0.5605646,1.6405646,3.0805645,3.5605645,2.8005645,1.7105646,1.1905646,1.7405646,3.0805645,2.8305645,4.010565,0.6605646,2.7405646,0.14056458,-2.8294353,-4.5094357,-2.2394354,-2.2194355,-2.7194355,-1.7094355,-2.2394354,2.5905645,1.9805646,-0.42943543,-0.25943542
-2.6394355,-4.0094357,-6.7294354,-6.1794353,-8.039435,-7.8894353,-7.0694356,-5.699435,-5.3894353,-4.4994354,-3.9794354,-2.1494355,-1.8994354,-2.3494353,-1.1394354,0.6205646,1.9305645,2.7905645,3.4005647,4.8705645,6.0905647,7.8905644,7.010565,7.2105646,6.0405645,4.5405645,5.5205646,4.6005645,5.1005645,1.8905646,2.9705646,-0.8794354,-2.2194355,2.6705647,0.8505646,-0.4794354,-0.9994354,-1.2394354,-0.8094354,-0.6394354,-1.3994354
-4.4094353,-5.4194355,-6.8994355,-8.959435,-8.489435,-7.9294353,-5.3194356,-4.5094357,-3.7194355,-3.0294354,-2.3494353,-0.7594354,0.71056455,1.7505646,1.6805645,2.6405647,3.6305647,4.2705646,4.260565,5.760565,5.9705644,7.6405644,7.8405647,7.9205647,7.4705644,6.5605645,6.4405646,4.3605647,5.0905647,5.3705645,3.3205645,0.9805646,-3.1994355,-1.4594355,0.3305646,-4.489435,0.53056455,-0.5094354,0.76056457,0.47056457,-1.9294354
-3.4994354,-5.0894356,-5.3594356,-5.2694354,-5.3394356,-4.2994356,-3.8894355,-3.5994353,-2.6394355,-1.1194354,-0.59943545,-0.019435424,1.5505645,3.1605647,3.1005645,4.1605644,3.9205647,4.760565,4.7105646,5.4205647,6.4005647,6.4705644,7.9405646,8.190564,6.9305644,8.660564,5.800565,3.7805645,2.0605645,-1.9194354,-5.2594357,-4.9394355,-4.1094356,-5.0194354,-5.0994353,-3.6094353,-1.0994354,1.9905646,-3.1894355,0.89056456,-0.78943545
-2.2594354,-3.4394355,-4.1094356,-3.9794354,-4.0494356,-3.9994354,-3.8994355,-3.5494354,-1.5594354,-0.4494354,0.52056456,1.8405646,2.5805645,2.6405647,4.010565,3.4005647,4.300565,3.5605645,5.1705647,6.6805644,8.480564,8.720565,8.060565,7.050565,5.4105644,4.9505644,2.3105645,-1.3494354,-1.1894355,-2.1894355,-4.0394354,-5.3394356,-4.5494356,-0.109435424,-2.7694354,-2.3594353,-0.07943542,-2.3694353,-3.2494354,-2.0294354,-2.1794355
-1.5494354,-2.0594354,-2.2794354,-1.5294354,-1.1194354,-1.3594354,-2.5194354,-3.3494353,-2.8394353,-0.65943545,1.0605645,1.4805646,4.1705647,3.2305646,4.1005645,3.9305646,4.550565,5.050565,7.0005646,8.420565,10.100565,7.8705645,8.250565,5.2505646,4.6505647,1.6005646,0.5605646,-0.66943544,-1.1694354,-2.6194353,-1.7894354,-1.5094354,-0.6994354,-2.1194353,-2.1494355,-2.1294355,-1.1194354,-1.8794354,-2.0594354,0.12056457,-2.9094355
-1.3994354,0.020564575,-0.18943542,0.040564574,-0.13943543,-0.31943542,-0.5794354,-0.71943545,0.78056455,1.6305646,2.5205646,2.7605646,3.6605647,3.6905646,3.7005646,4.0405645,5.2405643,6.2705646,3.7705646,6.2505646,6.8605647,5.9205647,2.3705645,2.0205646,0.060564574,-0.23943542,-0.59943545,-1.0194354,-0.049435426,-0.9394354,-1.1294354,-2.0694354,-2.2994354,-2.7494354,-1.9394355,-2.2094355,-2.7394354,-0.7794354,-1.9494355,-0.43943542,-1.6594354
-0.4194354,0.13056457,-0.069435425,0.32056457,0.70056456,-0.31943542,0.3605646,0.6805646,1.1305646,2.0305645,2.0305645,3.1105645,2.9505646,3.6105645,3.7505646,3.7705646,5.1905646,3.2605646,-0.5294354,0.83056456,1.1505646,-1.3694354,-2.0994353,-2.4594355,-2.3794355,-2.7994354,-2.4594355,-2.3994355,-1.8394355,-1.8494354,-2.5794353,-3.8994355,-3.5894353,-2.3094354,-2.4794354,-2.3894355,-1.5394354,-0.029435424,-1.5194354,0.6205646,-1.3494354
2.0805645,0.43056458,0.29056457,-0.5594354,0.16056457,-0.6194354,-0.19943543,-0.18943542,1.4605646,0.9805646,0.3605646,2.8905647,2.6005645,2.7005646,3.6105645,3.5205646,3.9305646,4.1105647,2.4605646,4.5805645,1.8105645,1.2405646,-1.5194354,-2.6594355,-2.8194354,-2.4494355,-2.1894355,-1.6194354,-2.1194353,-2.7394354,-2.4594355,-2.4494355,-1.6794354,-2.4994354,-0.7794354,-0.12943542,-0.13943543,-0.45943543,-0.4494354,-0.35943544,-0.4494354
-1.5494354,-1.3394355,-1.4894354,-1.1994355,0.32056457,-1.2694354,-1.0194354,0.37056458,0.34056458,-0.11943542,0.19056457,1.3705646,1.6905646,2.3405645,1.8505646,2.3505645,1.9105645,1.7405646,1.2605646,2.7605646,1.9005646,0.9905646,0.6905646,0.15056458,1.1705645,0.9405646,0.6005646,-1.0194354,-1.7394354,-1.4894354,-1.8994354,-1.7094355,-1.4394355,-1.1794354,0.47056457,1.4405646,2.2405646,0.44056457,1.2605646,0.21056457,-0.21943542
-0.9394354,-0.66943544,-1.0594354,0.34056458,-0.5594354,-0.6994354,-0.53943545,-0.5294354,-0.60943544,-1.0094354,-0.009435425,1.3005645,1.1305646,0.15056458,1.2605646,2.3205645,1.1305646,0.9105646,0.5605646,1.5405645,2.4005647,2.4105647,0.90056455,0.16056457,-0.08943543,-0.6994354,-0.9494354,0.13056457,-0.6294354,-1.2194355,-1.6794354,-1.9094354,-1.0394354,-0.79943544,-0.6894354,-0.6494354,-1.1694354,-1.1694354,-0.97943544,-0.069435425,-0.59943545
0.39056456,0.26056457,-0.5294354,0.20056458,-0.39943543,-1.1794354,-1.3394355,-1.6394354,-1.5894355,-0.65943545,-0.039435424,0.6105646,1.1405646,1.5905646,-1.2994354,0.37056458,0.23056458,0.70056456,1.1905646,1.0805646,1.2005646,2.6905646,2.1205645,1.6405646,1.3505646,1.2005646,0.8505646,0.13056457,-0.109435424,-0.029435424,-0.14943543,-0.32943544,-1.1694354,-1.4594355,-1.2794354,-1.5694355,-1.4194354,-1.4694355,-1.8694354,-1.4694355,-0.4494354
