wind_kz.json
{"header": {"discipline":0,"disciplineName":"Meteorological products","gribEdition":2,"gribLength":1102,"center":7,"centerName":"US National Weather Service - NCEP(WMC)","subcenter":0,"refTime":"2023-09-11T00:00:00.000Z","significanceOfRT":1,"significanceOfRTName":"Start of forecast","productStatus":0,"productStatusName":"Operational products","productType":1,"productTypeName":"Forecast products","productDefinitionTemplate":0,"productDefinitionTemplateName":"Analysis/forecast at horizontal level/layer at a point in time","parameterCategory":2,"parameterCategoryName":"UnknownDiscipline_0_Category_2","parameterNumber":3,"parameterNumberName":"UnknownParameter_D0_C2_3","parameterUnit":"Unknown","genProcessType":2,"genProcessTypeName":"Forecast","forecastTime":300,"surface1Type":103,"surface1TypeName":"Specified height level above ground","surface1Value":10.0,"surface2Type":255,"surface2TypeName":"Missing","surface2Value":0.0,"gridDefinitionTemplate":0,"gridDefinitionTemplateName":"Latitude_Longitude","numberPoints":615,"shape":6,"shapeName":"Earth spherical with radius of 6,371,229.0 m","gridUnits":"degrees","resolution":48,"winds":"true","scanMode":64,"nx":41,"ny":15,"basicAngle":0,"lo1":47.0,"la1":41.0,"lo2":87.0,"la2":55.0,"dx":1.0,"dy":1.0}, "data":
[rows 0 to 14 of 15, columns 0 to 40 of 41]
1.7150537,1.4750537,-4.5349464,-5.8449464,-4.504946,-3.0549462,-2.9149463,2.8250537,3.6250536,2.9250536,2.9550538,2.9950538,2.6750536,2.8450537,1.5550537,0.32505372,-0.18494628,-0.65494627,-1.4249463,-1.5949463,-1.7849463,-3.4049463,-2.5149462,1.7350537,1.6450537,0.3650537,1.1950537,-0.84494627,-2.2349463,1.5450537,0.5050537,0.84505373,-0.7649463,-1.4349463,-1.2249463,-3.5849464,-2.4349463,3.1850538,0.8050537,-0.78494626,0.23505372
2.0250537,-3.8449464,-10.614946,-5.4649463,-0.97494626,-1.0249463,1.0550537,4.1550536,4.5250535,3.8950536,3.7750537,3.4250536,3.9050536,4.7550535,2.5650537,1.2250537,0.10505371,0.3650537,-0.6749463,-1.8149463,-3.6249464,-4.564946,-3.6649463,-2.2649462,2.1550536,-0.9949463,0.9550537,-0.4449463,-3.1449463,-0.4349463,0.8150537,2.7350538,-2.4149463,-2.1849463,-2.2749462,1.5650537,0.3350537,2.9650538,1.5850537,0.53505373,0.10505371
-4.2849464,-11.664947,-12.154946,-6.934946,3.2350538,3.3550537,2.2850537,4.1350536,5.5750537,5.245054,5.2350535,4.7550535,4.2950535,4.565054,3.7250538,3.2550538,1.6950537,0.9450537,-1.4449463,-1.3249463,-0.90494627,-2.1549463,-3.4049463,-1.4949462,-2.8249464,-0.7549463,-1.7649463,-1.3449463,-1.7449462,-1.8349463,-0.6449463,-0.6149463,-1.8749462,-0.9449463,-0.4649463,-0.6349463,-1.0349463,-3.6849463,-1.1249462,0.09505371,-1.6149462
-7.024946,-11.9949465,-13.984946,-14.884946,0.10505371,3.6250536,3.3650537,3.6050537,4.8850536,5.5950537,5.315054,5.0750537,-1.6949463,-3.7849462,4.685054,3.7650537,2.4150536,1.1950537,-0.78494626,-3.0549462,-1.3149463,-2.2149463,0.4350537,-1.1349463,-1.8449463,-2.4549463,-2.7949462,-1.9149463,-3.3949463,-2.8649464,-0.36494628,-0.9549463,0.5450537,2.0050538,0.29505372,0.59505373,-0.5249463,-0.5449463,-0.4149463,-1.4149463,-2.0749464
-7.874946,-9.414947,-12.444946,-13.464947,-13.2049465,-12.004947,-1.7849463,1.9450537,3.3150537,4.565054,5.415054,5.8050537,3.0550537,2.1350536,-1.3649462,4.7650537,4.205054,2.7850537,1.8550537,0.3050537,0.4750537,0.4050537,-0.13494629,-1.2549462,-2.6249464,-2.3049462,-3.1649463,-3.3049462,-3.8449464,-3.3049462,-3.2349463,-2.7849462,-1.7749463,-2.1949463,0.71505374,0.77505374,0.41505373,0.03505371,0.5550537,0.6450537,-0.42494628
-9.124947,-8.694946,-12.054946,-11.804946,-12.354946,-11.774946,-9.194946,-7.2849464,-5.914946,3.5750537,4.5350537,4.9650536,3.7350538,4.5550537,4.475054,4.625054,4.3850536,3.2850537,2.9750538,1.5150537,1.5250537,0.6350537,-0.004946289,-0.5049463,-1.4049463,-1.9849463,-3.3449464,2.8650537,-0.59494627,-2.4149463,-1.7249463,-1.9549463,-2.3149462,-2.9649463,-0.5149463,1.1550537,-1.5349463,-2.5549462,5.0950537,2.7350538,0.3050537
-6.1149464,-7.2349463,-8.654946,-9.754947,-10.164947,-10.114946,-10.464947,-8.324946,-5.584946,-3.9349463,-2.0749464,4.3450537,6.2650537,5.685054,4.8850536,2.0950537,3.1850538,2.4850538,2.7450538,2.2950537,1.9950538,1.3750538,0.9750537,0.06505371,-1.0149463,-1.2849463,-0.9349463,-1.8549463,1.3050537,1.8350537,1.4750537,1.6150537,4.745054,2.3150537,-0.12494629,-1.6749463,-0.004946289,1.9950538,-0.5549463,0.3650537,4.375054
-4.354946,-5.2149463,-6.064946,-6.9749465,-7.8449464,-8.624947,-9.114946,-8.784946,-8.474946,-7.564946,-7.504946,0.9550537,-2.0749464,1.2750537,-1.1249462,-1.2849463,-1.3049463,-1.0949463,-0.8149463,0.20505372,0.71505374,-1.8349463,-1.2649463,-0.97494626,-0.9449463,-0.2549463,-0.7049463,-1.9749463,-1.5149463,-0.16494629,0.6350537,0.4950537,-0.07494629,2.1850538,1.6850537,-0.29494628,-0.7749463,-0.42494628,-1.7149463,-0.14494629,1.6650537
-4.564946,-4.274946,-3.6549463,-5.1749463,-4.1749463,-6.064946,-6.2649465,-5.8849463,-5.354946,-5.894946,-5.4649463,-5.3049464,-3.9049463,-3.9649463,-3.2449462,-3.3249464,-3.0849464,-3.3849463,-1.7249463,-1.7449462,-1.1049463,-0.8049463,-1.4449463,-2.6449463,-2.4249463,-2.4149463,-1.2049463,-0.7649463,0.84505373,0.3450537,0.9350537,0.6150537,1.5350537,0.9350537,2.2350538,2.3050537,1.7550538,3.5350537,2.9450538,2.2550538,0.8950537
-5.504946,-5.0749464,-3.9149463,-4.7449465,-1.8049463,-4.064946,-3.6549463,-3.5749464,-3.1449463,-3.0349462,-2.9949462,-2.3349464,-2.3049462,-2.6749463,-2.6149464,-1.9349463,-2.1849463,-0.53494626,-0.53494626,-1.1949463,0.8750537,1.0250537,-1.8749462,-2.0649462,-2.2349463,-2.1449463,-3.3149462,-2.3649464,-2.1149464,-1.2849463,-0.2749463,-3.2449462,-1.8049463,-0.9549463,-0.3549463,2.0950537,1.2950537,-1.4049463,2.1750536,4.565054,3.0750537
-4.8249464,-5.184946,-4.7449465,-4.8649464,-3.8249464,-3.3349464,-2.4349463,-3.0649462,-2.3649464,-2.2249463,-0.6849463,1.4550537,0.11505371,0.4450537,-0.6249463,-1.0049462,-0.4349463,-2.6949463,-0.7549463,-0.4049463,-0.8649463,-1.1749463,-2.2349463,-2.2749462,-1.8049463,-2.0449462,-1.8749462,-6.1749463,-6.3049464,-6.524946,-8.444946,-2.5549462,-1.7549462,1.7450538,-0.2749463,3.5250537,3.3950536,2.6850538,3.9250536,1.4150537,1.2250537
-4.1349463,-2.9649463,-3.4249463,-3.7449462,-3.8949463,-4.894946,-3.9249463,-3.0649462,-2.2949462,-0.8949463,-1.6649463,0.52505374,-0.2849463,0.05505371,-0.2749463,-1.1249462,-0.9449463,-1.8149463,-2.4349463,-2.4549463,-2.1649463,-1.7049463,-1.3849463,-1.3449463,-1.6149462,-2.5349462,-3.2949462,-4.1549463,-4.8249464,-5.7349463,-4.7149463,-5.9049463,-4.414946,-1.4449463,2.5450537,1.1250538,6.1750536,5.1950536,2.1150537,1.6350538,0.8050537
-3.5849464,-4.2049465,-3.6049464,-4.254946,-3.3849463,-2.7349463,-3.2549462,-2.2549462,-3.8149462,-3.6449463,-2.1849463,-0.7949463,-0.90494627,-1.6349463,-0.5649463,-0.3149463,-0.5849463,-1.2249463,-1.2649463,-1.3049463,-1.4249463,-1.1549463,-1.3749462,-2.0749464,-3.0249462,-2.8349464,-2.8549464,-3.5249462,-4.604946,-4.3249464,-4.7049465,-4.584946,-5.2649465,-3.7049463,-0.48494628,1.0950537,3.2050538,4.455054,3.9650538,3.3350537,1.2950537
-4.8049464,-3.4249463,-4.164946,-3.3949463,-3.5049462,-3.0049462,-3.2849462,-3.4749463,-1.8649462,1.4050537,-0.4449463,-1.2649463,-0.7049463,-0.1749463,-0.3549463,-1.3849463,-2.2749462,-1.4649463,-0.65494627,-1.5149463,-1.3349463,-0.8149463,-0.8549463,-0.8949463,-1.2749463,-1.9849463,-2.5449462,-2.6749463,-2.9349463,-4.2249465,-4.4949465,-3.9949462,-3.8949463,-3.9249463,-1.4649463,1.0250537,1.5750537,4.125054,4.955054,4.125054,4.0350537
-2.2049463,-3.7749462,-4.1949463,-3.3049462,-3.1249464,-2.4849463,-2.4949462,-2.1349463,-2.3349464,-1.9549463,-0.53494626,-0.08494629,0.1550537,-0.7649463,1.0350537,0.78505373,0.4950537,-0.13494629,-1.1449463,-1.2649463,-0.8549463,-0.5849463,0.2150537,-0.004946289,-0.4149463,-0.8249463,-1.2849463,-2.2049463,-2.1749463,-2.7349463,-4.1549463,-5.104946,-3.9249463,-3.4049463,-4.004946,-0.42494628,1.5150537,4.5250535,5.7650537,6.1550536,4.5150537
