wind_kz.json
{"header": {"discipline":0,"disciplineName":"Meteorological products","gribEdition":2,"gribLength":1025,"center":7,"centerName":"US National Weather Service - NCEP(WMC)","subcenter":0,"refTime":"2023-08-22T06:00:00.000Z","significanceOfRT":1,"significanceOfRTName":"Start of forecast","productStatus":0,"productStatusName":"Operational products","productType":1,"productTypeName":"Forecast products","productDefinitionTemplate":0,"productDefinitionTemplateName":"Analysis/forecast at horizontal level/layer at a point in time","parameterCategory":2,"parameterCategoryName":"UnknownDiscipline_0_Category_2","parameterNumber":3,"parameterNumberName":"UnknownParameter_D0_C2_3","parameterUnit":"Unknown","genProcessType":2,"genProcessTypeName":"Forecast","forecastTime":0,"surface1Type":103,"surface1TypeName":"Specified height level above ground","surface1Value":10.0,"surface2Type":255,"surface2TypeName":"Missing","surface2Value":0.0,"gridDefinitionTemplate":0,"gridDefinitionTemplateName":"Latitude_Longitude","numberPoints":615,"shape":6,"shapeName":"Earth spherical with radius of 6,371,229.0 m","gridUnits":"degrees","resolution":48,"winds":"true","scanMode":64,"nx":41,"ny":15,"basicAngle":0,"lo1":47.0,"la1":41.0,"lo2":87.0,"la2":55.0,"dx":1.0,"dy":1.0}, "data":
[rows 0 to 14 of 15, columns 0 to 40 of 41]
0.36301515,2.1130152,-0.91698486,8.183015,4.643015,2.243015,0.23301513,0.34301513,0.84301513,-1.3669848,-3.226985,-5.8369846,-3.566985,-3.3669848,-1.4369849,0.06301513,-2.006985,-3.1969848,-2.226985,-1.6369848,-1.3469849,-3.026985,-2.996985,2.5430152,3.1130152,1.7130151,1.5130152,0.42301515,-2.266985,-1.5169848,2.0830152,2.983015,-1.0469849,-0.7669849,-0.42698488,-1.2269849,-2.1369848,-0.5769849,1.3530152,1.5530151,2.0730152
-0.86698484,-3.1469848,2.6130152,7.373015,5.623015,1.9530151,-1.1969849,1.6130152,1.2230152,-0.32698485,-3.486985,-3.296985,-3.7069848,-3.8469849,-3.236985,-0.8369849,-0.6969849,-1.0069848,-1.2069849,-3.0969849,-3.1769848,-3.1369848,-3.7169847,-1.9869848,2.8030152,2.943015,4.043015,-0.25698486,0.5430151,0.81301516,0.8530151,1.5230151,2.953015,1.9530151,2.733015,2.1130152,2.233015,1.4830152,1.7130151,2.683015,-0.13698487
-1.3969848,1.7730151,5.7630153,5.333015,3.1130152,0.39301515,0.26301515,1.8530152,1.7630152,-0.5069849,-3.1169848,-1.0769849,-2.8769848,-1.8169849,-2.566985,-2.3569849,-2.556985,-2.8469849,-2.076985,-1.2569848,-0.73698485,-1.9669849,-0.016984863,-2.996985,-3.046985,-3.6569848,0.29301512,-1.8469849,-2.476985,-2.9169848,-3.546985,-1.8869848,-4.676985,0.9330151,1.1430151,-2.8869848,-4.306985,0.89301515,-2.6069849,-0.34698486,1.0730151
3.693015,3.523015,2.503015,1.2830151,2.463015,2.763015,-0.59698486,-0.5069849,-2.3969848,-2.3769848,-0.8369849,0.7330151,2.3130152,1.2030151,-2.526985,-2.1069849,-2.826985,-6.2169847,-2.4269848,0.76301515,1.0730151,0.30301514,-1.4869848,-1.6169848,-1.2369848,-4.446985,-1.5669849,1.4030151,5.673015,-2.556985,-2.1669848,0.5530151,1.9230151,1.5830151,1.3030151,1.7230152,2.8230152,0.78301513,-3.7169847,-2.9069848,-1.1969849
3.3230152,2.203015,2.433015,1.0530151,-0.79698485,-0.59698486,-0.68698484,-0.55698484,-0.7669849,-2.9369848,-4.5269847,-2.3869848,1.9730152,3.523015,1.5430151,-1.9869848,-2.9269848,-5.126985,-5.856985,-2.6569848,1.1230152,1.6130152,2.423015,0.69301516,-0.48698485,0.65301514,0.9730151,-0.5269849,1.7830151,-0.7569849,-3.2169847,-1.8569849,-0.7769849,-0.87698483,0.70301515,1.4230151,2.1330152,0.07301514,-2.7169847,-0.80698484,0.44301513
2.3730152,3.483015,5.313015,4.2830153,2.5430152,1.8330151,0.82301515,1.3430152,0.44301513,-2.4669847,-4.3169847,-4.426985,-1.4469849,2.1230152,2.973015,1.2030151,-1.7269849,-2.1969848,-4.306985,-2.056985,-1.7169849,-0.8269849,2.0730152,2.3130152,0.65301514,0.89301515,1.2430152,-1.3169849,1.9930152,-0.55698484,-1.5069848,-2.4069848,-3.3569849,-4.706985,-2.8769848,-0.016984863,-4.106985,-3.2169847,-1.9869848,1.7130151,1.3330151
2.0630152,2.933015,2.493015,5.323015,4.6830153,3.763015,2.983015,1.4830152,1.5230151,1.7530152,0.16301514,-1.8169849,-3.546985,-3.976985,-1.8469849,3.743015,1.7230152,0.6030151,-2.1069849,-1.2969849,-0.19698486,-0.45698488,-0.74698484,-2.296985,0.39301515,-1.1169848,-0.12698486,-1.1269848,2.4030151,1.2030151,0.75301516,1.5930152,0.30301514,0.64301515,1.3230151,2.5930152,-0.09698486,-4.556985,-3.4069848,0.88301516,-4.016985
-1.6569848,0.30301514,2.3430152,0.84301513,2.3230152,3.7830153,3.733015,3.0830152,0.83301514,1.9130151,1.5930152,1.7330152,-0.36698487,-1.6969849,-2.236985,-0.6969849,0.76301515,-0.42698488,0.70301515,0.53301513,1.8530152,1.1130152,1.7630152,1.2330152,3.1430151,-3.246985,-0.15698487,-2.816985,-1.2869849,-0.7569849,0.81301516,0.013015137,2.6430151,0.65301514,-1.5569849,-1.1869849,-0.7569849,-2.1069849,-1.5069848,-1.3069849,0.82301515
-3.3369849,-1.8669848,0.9730151,-0.14698486,0.053015135,-1.1169848,-0.8869849,0.75301516,0.26301515,0.88301516,-0.19698486,1.0830151,1.2630152,1.8630152,-0.10698486,0.45301515,-0.20698486,-0.59698486,-1.9769849,-0.5669849,1.4930152,0.49301514,2.6030152,5.093015,5.483015,4.503015,2.493015,0.95301515,0.39301515,-0.96698487,1.6130152,2.453015,0.77301514,0.53301513,-0.84698486,0.50301516,2.4030151,-3.4169848,-4.056985,-2.1969848,2.763015
-1.9269849,-2.7169847,-1.7969849,-2.1769848,-0.74698484,-0.10698486,-0.68698484,-0.19698486,-0.34698486,-1.4069848,-1.0769849,-0.19698486,1.5330151,0.9230151,0.36301515,0.013015137,0.35301512,1.1930151,-0.27698487,-2.4169848,-2.226985,-2.326985,-1.4569849,0.25301513,2.683015,2.003015,2.193015,3.243015,2.013015,0.06301513,-1.5469849,-1.7269849,0.5430151,2.0930152,2.193015,1.3130151,0.70301515,1.2130151,1.2630152,-1.0969849,-0.42698488
-3.1469848,-2.9569848,-0.27698487,0.63301516,-0.056984864,0.16301514,-1.1769849,-1.4669849,-0.8369849,-1.3069849,-0.86698484,-0.10698486,-0.7569849,0.7930151,-0.53698486,0.10301514,1.7830151,3.023015,0.35301512,-1.9669849,-2.826985,-3.266985,-3.316985,-2.1069849,-0.016984863,1.9230151,2.513015,2.6630151,1.2930151,0.053015135,0.25301513,2.3930151,3.9030151,2.8630152,1.2530152,1.5730151,1.5930152,0.57301515,-0.79698485,2.423015,0.07301514
-2.756985,-3.766985,-2.9569848,-0.20698486,1.0530151,-0.98698485,-1.4269849,-1.7669848,-1.6569848,-1.0169848,0.9830151,0.36301515,1.1630151,1.4030151,2.753015,2.1030152,1.2530152,1.2830151,-0.036984865,-2.536985,-2.036985,-3.1169848,-3.3969848,-2.8769848,-2.3669848,-1.6569848,1.0730151,1.9430151,1.3830152,2.763015,4.613015,5.403015,3.193015,2.703015,1.9230151,1.0030152,0.71301514,-1.3769848,-1.4369849,-1.1769849,-1.0969849
-2.9269848,-3.2169847,-2.776985,-2.776985,-1.9769849,-0.7769849,-1.1169848,-2.4169848,-2.8869848,-3.546985,-0.84698486,-0.6369849,0.51301515,2.713015,2.8330152,1.6930151,0.6630151,0.32301512,0.40301514,0.0030151368,-0.74698484,-1.6469848,-2.566985,-3.5969849,-4.206985,-3.6569848,-2.3969848,1.8230151,5.463015,6.983015,7.113015,5.7230153,4.173015,3.1130152,2.513015,2.0330153,2.3830152,1.5130152,2.193015,1.7430152,1.0030152
-3.1469848,-3.6169848,-3.1969848,-3.296985,-1.7869849,-1.3169849,-2.006985,-2.4569848,-2.4369848,-3.4169848,-1.8069849,-0.49698487,1.8030151,2.0830152,0.24301514,-0.11698487,0.013015137,-0.29698485,-0.8269849,-0.66698486,-1.3069849,-1.8469849,-2.4069848,-2.746985,-2.6569848,-3.236985,-1.8069849,1.9130151,6.623015,8.713016,8.023015,6.7230153,5.053015,4.363015,3.1230152,2.953015,2.6430151,2.1330152,1.6230152,1.3130151,1.2230152
-1.7869849,-2.526985,-2.6269848,-3.2169847,-2.9669847,-2.256985,-2.226985,-2.476985,-3.016985,-2.486985,-1.2469848,-1.2069849,-0.97698486,0.35301512,-0.036984865,-0.5169849,-1.4569849,-2.7069848,-2.9269848,-2.0969849,-1.5769849,-2.266985,-2.976985,-2.986985,-3.4069848,-3.3569849,-3.1069849,0.22301513,5.673015,8.303015,6.753015,7.1630154,5.7630153,5.403015,4.2830153,3.4130151,3.713015,3.1630151,2.1630151,0.8630151,1.4930152
