wind_kz.json
{"header": {"discipline":0,"disciplineName":"Meteorological products","gribEdition":2,"gribLength":1025,"center":7,"centerName":"US National Weather Service - NCEP(WMC)","subcenter":0,"refTime":"2023-08-19T18:00:00.000Z","significanceOfRT":1,"significanceOfRTName":"Start of forecast","productStatus":0,"productStatusName":"Operational products","productType":1,"productTypeName":"Forecast products","productDefinitionTemplate":0,"productDefinitionTemplateName":"Analysis/forecast at horizontal level/layer at a point in time","parameterCategory":2,"parameterCategoryName":"UnknownDiscipline_0_Category_2","parameterNumber":2,"parameterNumberName":"UnknownParameter_D0_C2_2","parameterUnit":"Unknown","genProcessType":2,"genProcessTypeName":"Forecast","forecastTime":300,"surface1Type":103,"surface1TypeName":"Specified height level above ground","surface1Value":10.0,"surface2Type":255,"surface2TypeName":"Missing","surface2Value":0.0,"gridDefinitionTemplate":0,"gridDefinitionTemplateName":"Latitude_Longitude","numberPoints":615,"shape":6,"shapeName":"Earth spherical with radius of 6,371,229.0 m","gridUnits":"degrees","resolution":48,"winds":"true","scanMode":64,"nx":41,"ny":15,"basicAngle":0,"lo1":47.0,"la1":41.0,"lo2":87.0,"la2":55.0,"dx":1.0,"dy":1.0}, "data":
[rows 0 to 14 of 15, columns 0 to 40 of 41]
-0.85346437,1.1565356,-1.5534644,-2.0234644,-5.2834644,-4.793464,-6.1834645,-6.3634644,-7.003464,-4.8734646,-4.3834643,-4.5534644,-3.9334643,-3.9534643,-4.0334644,-5.543464,-4.9934645,-5.253464,-3.9134643,-1.6534643,1.3565357,1.8065356,2.6465356,3.2765357,0.37653565,-0.38346437,3.0365357,3.2565355,-0.023464356,1.7365357,-0.69346434,1.6165357,-0.51346433,-0.7034643,-2.6534643,-2.6034644,-2.4934645,-2.8534644,-2.7334642,-1.5834644,-0.10346436
-0.043464355,-0.86346436,0.13653564,-2.0134645,-5.4434643,-3.3534644,-5.3434644,-7.063464,-5.7434645,-4.8934646,-5.603464,-5.3234644,-5.773464,-5.0534644,-5.4234643,-6.2234645,-6.5334644,-7.6434646,-3.8334644,-1.5034643,-5.313464,-2.6534643,2.6965356,3.8465357,1.2365357,0.27653563,1.4965357,1.3265357,3.3365357,2.1865356,0.49653566,-0.75346434,-1.8334644,0.44653565,0.8565357,-1.1234643,0.016535645,-1.8634644,0.40653566,-0.62346435,-1.3634644
-0.9634644,5.0065355,-1.4434644,-4.4034643,-5.273464,-4.6334643,-5.1834645,-4.4034643,-5.6834645,-6.4234643,-5.4234643,-5.8934646,-6.523464,-6.9534645,-5.6934643,-5.7834644,-6.5534644,-5.753464,-5.3934646,-5.2634645,-1.1334643,-8.9534645,-7.9934645,-7.6634645,-1.3234644,-1.3134644,1.9265356,2.0565357,3.8665357,0.34653565,1.9765357,-2.1134644,0.22653565,0.99653566,-0.81346434,1.2265357,0.9765356,0.14653565,3.9265356,7.2565355,2.8165357
7.7665358,5.456536,2.3665357,-3.5734644,-2.9834642,-4.043464,-3.8634644,-4.003464,-4.4534645,-4.3834643,-4.9634643,-5.1934643,-2.5434644,-3.3434644,-4.753464,-4.5934644,-5.8734646,-6.083464,-6.5934644,-6.6834645,-7.4234643,-9.233464,-3.1434643,-4.6534643,-5.043464,-5.2034645,-3.3534644,-5.4034643,-3.5434644,-0.74346435,1.9065356,2.0665357,4.2765355,3.0165358,3.6165357,3.2265356,2.4765356,3.2665358,-2.2234643,-0.99346435,-3.2634645
-0.19346435,0.0065356446,-2.9134643,-1.2234644,-1.0834644,-3.6234643,-2.6534643,-3.2834644,-2.5634644,-2.5934644,-1.5534644,-0.8934643,-0.35346437,-1.3234644,-0.32346436,-2.7634645,-2.9634643,-2.8434644,-4.083464,-5.1534643,-5.753464,-3.9134643,-3.2334642,-2.4934645,-2.5034645,-1.9334644,-3.1934643,-1.5134643,-1.4634644,-2.0534644,-1.8934643,-0.45346436,3.4965355,4.3865356,-2.5534644,-2.2434645,-1.0634644,-3.8434644,-3.3134644,-3.0534644,-2.2834644
-2.8534644,-1.8434644,-2.9734643,-2.1334643,-0.88346434,-3.1534643,-2.4034643,-1.8034644,-0.39346436,0.16653565,-0.74346435,-0.43346435,-0.043464355,2.0565357,0.50653565,-2.5134645,-3.1234643,-4.1934643,-4.4934645,-2.9534643,-3.4734643,-2.0434644,0.11653564,0.6565356,-0.053464357,0.42653564,-0.31346434,-1.6234643,0.52653563,0.57653564,0.44653565,0.12653564,1.2865356,4.1565356,4.0865355,2.8365357,1.1065357,2.9365356,-1.0134643,-0.93346435,-1.7134644
0.27653563,-0.17346436,0.38653564,0.9665356,0.5465357,0.9765356,0.066535644,0.25653565,-0.7034643,-0.93346435,-0.68346435,-0.9634644,-1.5534644,0.026535645,0.67653567,1.6365356,-0.083464354,-1.0334643,-1.2534643,-0.97346437,-0.9034644,0.066535644,1.6565356,2.4765356,2.9165356,2.8265357,1.9865357,2.1265357,2.8165357,2.7065356,2.3165357,2.2265356,0.74653566,0.9665356,1.3065356,1.8465357,1.5465356,0.32653564,6.0465355,0.25653565,0.8465356
0.37653565,0.38653564,0.066535644,0.93653566,1.0465356,0.57653564,0.38653564,1.2265357,-0.49346435,0.86653566,1.2865356,1.1665356,1.1365356,1.2165357,-1.5234643,-0.69346434,-0.60346437,0.33653563,-0.50346434,0.46653566,1.4865357,0.69653565,1.3965356,2.4465356,2.4765356,2.5065355,3.1465356,4.4065356,4.8365355,5.3365355,5.2665358,3.8765357,3.3665357,1.4265356,2.4165356,1.0465356,-1.1834644,0.036535643,1.0865357,1.9665357,2.7665358
1.4065356,2.4365356,-1.5434643,-0.5334644,-0.17346436,0.12653564,1.3665357,1.2565356,1.5565356,1.9465356,2.1765356,2.3265357,3.1465356,2.1965356,2.1565356,-0.51346433,-2.1534643,-2.4034643,-1.9634644,-0.98346436,1.2865356,1.0565356,1.7465357,3.0465357,4.0265355,3.8265357,4.4065356,5.3665357,5.3665357,6.5265355,5.4265356,4.2665358,4.4665356,4.0065355,5.186536,3.0765357,2.6665356,3.8265357,2.7065356,-0.48346436,2.5665357
2.5865357,1.0065356,0.43653566,0.86653566,1.0665356,1.5265356,1.9965357,2.1865356,2.3765357,3.4365356,4.916536,4.8865356,4.3665357,3.6765356,1.3165356,-1.5734644,-3.0734644,-2.9934645,-2.7334642,-1.8834643,-0.8934643,0.8565357,2.6665356,2.9165356,3.0265357,3.6365356,4.4465356,5.0965357,6.0365357,7.7365355,8.126535,7.3665357,6.3765354,6.186536,5.7965355,5.3765354,0.21653564,-0.22346435,3.0465357,1.6265357,1.2765356
0.45653564,0.70653564,0.38653564,0.16653565,1.4065356,1.9065356,2.9365356,3.2065356,3.7665358,4.496536,5.1065354,5.3465357,3.0365357,2.6865356,-0.5334644,-1.9034643,-3.2134643,-2.6834643,-2.2434645,-2.1534643,-1.0134643,0.6665356,1.9465356,1.9065356,2.5665357,2.2965357,3.6865356,4.6265354,6.3765354,7.976536,8.746535,8.966536,8.946536,7.7165356,6.3465357,3.4265356,-0.07346436,1.8965356,2.8265357,0.33653563,1.9565357
2.4665356,1.6165357,0.49653566,0.46653566,2.0365357,2.3565357,2.8265357,3.5565357,2.6665356,3.0665357,4.2665358,-0.49346435,-0.97346437,-2.1534643,-2.9834642,-2.4334643,-1.9434644,-1.8634644,-0.66346437,0.51653564,1.5265356,2.0865357,2.7965357,2.3265357,1.5765357,2.3865356,3.5565357,4.956536,6.3265357,7.686536,7.8765354,8.116535,7.4065356,9.056536,6.8865356,8.696536,7.1065354,1.9665357,-1.6834644,0.88653564,0.47653565
0.24653564,-1.9434644,-0.86346436,-2.2434645,-3.1634643,-2.7034643,-2.7934644,-2.4534643,-2.9134643,-0.67346436,-0.94346434,-2.4234643,-2.9134643,-3.3634644,-2.1634643,-0.93346435,0.056535646,1.1665356,1.4465356,2.3665357,2.4665356,3.7365355,3.1965356,3.2365355,4.1565356,4.206536,4.0665355,4.3465357,5.146536,5.6065354,6.7165356,7.1765356,8.236536,8.276536,6.496536,3.4165356,0.22653565,-1.6934644,-1.7934643,-2.8434644,-1.0734644
-3.8234644,-6.023464,-6.6934643,-6.6234646,-4.4134645,-6.7634645,-3.7534645,-4.7634645,-2.8834643,-1.6434643,-1.2834643,-2.1134644,-2.9934645,-3.2034643,-2.8534644,-1.5834644,0.27653563,1.9565357,2.7465355,2.8965356,3.2765357,4.0065355,4.4265356,3.9365356,4.6365356,5.8565354,3.4265356,4.5765357,4.0965357,4.8865356,5.2765355,5.6365356,6.2165356,6.7765355,2.7665358,2.1765356,-0.40346435,-1.1134644,-3.2734644,-2.8734643,-2.4034643
-5.503464,-7.3434644,-6.3834643,-7.0734644,-4.9834642,-5.8434644,-4.8234644,-4.9834642,-4.353464,-4.9434643,-3.9834642,-3.9434643,-2.4134643,-2.7134643,-1.9734644,-1.7134644,-0.6534644,0.87653565,1.5465356,2.6365356,3.3365357,3.9565356,2.0665357,0.89653563,3.7465355,2.5865357,1.7665356,1.7765356,2.6265357,2.7965357,3.4565356,3.1165357,3.0365357,1.3065356,-1.0934644,-1.7534643,-1.6834644,-2.1634643,-4.1734643,-3.0934644,-1.9734644
