wind_kz.json
{"header": {"discipline":0,"disciplineName":"Meteorological products","gribEdition":2,"gribLength":1102,"center":7,"centerName":"US National Weather Service - NCEP(WMC)","subcenter":0,"refTime":"2024-04-07T18:00:00.000Z","significanceOfRT":1,"significanceOfRTName":"Start of forecast","productStatus":0,"productStatusName":"Operational products","productType":1,"productTypeName":"Forecast products","productDefinitionTemplate":0,"productDefinitionTemplateName":"Analysis/forecast at horizontal level/layer at a point in time","parameterCategory":2,"parameterCategoryName":"UnknownDiscipline_0_Category_2","parameterNumber":2,"parameterNumberName":"UnknownParameter_D0_C2_2","parameterUnit":"Unknown","genProcessType":2,"genProcessTypeName":"Forecast","forecastTime":120,"surface1Type":103,"surface1TypeName":"Specified height level above ground","surface1Value":10.0,"surface2Type":255,"surface2TypeName":"Missing","surface2Value":0.0,"gridDefinitionTemplate":0,"gridDefinitionTemplateName":"Latitude_Longitude","numberPoints":615,"shape":6,"shapeName":"Earth spherical with radius of 6,371,229.0 m","gridUnits":"degrees","resolution":48,"winds":"true","scanMode":64,"nx":41,"ny":15,"basicAngle":0,"lo1":47.0,"la1":41.0,"lo2":87.0,"la2":55.0,"dx":1.0,"dy":1.0}, "data":
[rows 0 to 14 of 15, columns 0 to 40 of 41]
-5.192998,0.18700196,1.8170019,3.377002,1.437002,1.527002,-0.43299806,-3.9829981,-3.652998,-0.82299805,-2.7229981,-1.812998,0.68700194,1.1070019,-0.43299806,-3.362998,-2.682998,-1.212998,-0.88299805,0.56700194,-0.122998044,0.68700194,0.11700195,-0.972998,0.19700195,0.017001953,0.56700194,0.92700195,-1.102998,-1.482998,-1.482998,2.067002,2.067002,0.777002,-3.662998,-4.592998,-3.112998,-3.4929981,1.037002,2.657002,4.4170017
1.397002,0.16700195,1.307002,2.237002,2.0070019,2.967002,-0.58299804,-1.502998,-3.932998,-4.162998,-1.6829981,-1.622998,-1.112998,-1.232998,-0.972998,-2.692998,-0.96299803,-3.2029982,-0.022998046,-3.342998,-3.2329981,-0.19299805,0.027001953,-3.112998,-0.09299805,1.3370019,-1.332998,-0.57299805,-3.872998,-2.4729981,-0.29299805,-0.83299804,2.817002,-3.322998,1.007002,0.037001953,-0.9229981,0.81700194,0.30700195,3.187002,6.827002
-0.35299805,-0.65299803,2.247002,1.7170019,2.877002,-1.102998,-2.922998,-1.192998,-3.082998,-3.632998,-2.872998,-1.242998,-0.34299806,0.40700194,-0.31299806,-1.492998,-0.93299806,-0.70299804,0.98700196,-0.51299804,-3.7029982,-2.322998,-3.512998,-3.4929981,1.4570019,-1.332998,-2.502998,-2.412998,-1.982998,-0.46299803,-2.122998,2.307002,-0.052998047,-2.132998,-1.5429981,-0.77299803,-0.16299805,0.13700195,3.927002,5.317002,3.907002
-1.882998,-0.21299805,0.87700194,1.5770019,-1.602998,-1.092998,-1.712998,-2.752998,-1.6729981,-3.672998,-2.782998,-1.132998,-1.332998,-1.5129981,0.037001953,-0.89299804,-0.592998,-2.332998,-2.262998,1.8470019,-2.282998,-1.502998,-5.092998,-5.252998,-7.3329983,-7.592998,-7.3529983,-11.772998,-5.652998,-2.322998,1.7070019,-2.852998,-0.052998047,-4.232998,-3.402998,-3.042998,-2.442998,3.5170019,1.3370019,-1.8929981,0.33700195
0.07700195,1.877002,1.8370019,1.807002,0.27700195,-0.71299803,-0.022998046,-0.52299803,-2.2129982,-1.6429981,-2.282998,-2.072998,-1.752998,-1.812998,-1.9029981,-1.1529981,-1.4329981,-1.5129981,-2.532998,-6.752998,-8.232998,-8.652998,-8.182998,-7.712998,-8.262998,-9.142998,-11.732998,-8.852998,-7.302998,-6.752998,-7.462998,-1.7929981,-2.502998,0.9570019,-0.13299805,0.14700195,6.377002,-4.892998,-3.9929981,-1.5429981,1.177002
2.187002,2.627002,4.027002,2.927002,2.867002,2.407002,2.247002,2.5270019,-1.832998,-1.192998,-0.13299805,-1.212998,0.47700197,-1.692998,-1.002998,-1.3929981,-1.9129981,-1.702998,-2.322998,-3.4829981,-5.572998,-6.3329983,-6.962998,-7.532998,-8.502998,-9.912998,-8.302998,-6.272998,-7.942998,-8.062998,-8.822998,-9.042998,-7.312998,-5.732998,-3.2229981,0.68700194,0.27700195,2.387002,6.187002,-4.962998,-8.152998
3.0470018,3.0370018,2.137002,2.837002,3.477002,3.0370018,3.737002,4.217002,1.4670019,2.097002,0.28700197,0.69700193,-0.81299806,-1.5329981,-1.4129981,-1.082998,-1.3929981,-1.842998,-3.402998,-3.902998,-3.002998,-3.162998,-4.152998,-4.5829983,-6.242998,-6.732998,-5.972998,-3.9629982,-4.642998,-5.372998,-6.912998,-7.3329983,-5.662998,-4.212998,-3.662998,-2.9529982,-1.232998,2.177002,0.22700195,2.697002,5.887002
3.647002,4.187002,4.677002,3.747002,2.057002,3.2570019,4.617002,3.7570019,2.897002,2.737002,2.067002,2.707002,2.717002,2.0170019,1.147002,0.48700196,-0.122998044,0.24700195,-1.2729981,-2.942998,-2.2129982,-2.692998,-2.7429981,-2.2329981,-1.472998,-1.4329981,-1.4129981,-2.822998,-2.792998,-3.192998,-4.892998,-4.672998,-3.672998,-3.502998,-3.582998,1.187002,2.917002,5.117002,7.517002,11.797002,7.837002
1.257002,2.097002,2.157002,2.817002,3.927002,4.177002,4.027002,3.0470018,2.607002,3.337002,3.067002,2.897002,4.287002,2.677002,2.627002,2.317002,2.717002,2.377002,2.567002,1.4770019,0.10700195,1.517002,1.307002,-0.022998046,0.06700195,0.32700196,-0.63299805,-0.27299803,0.30700195,-0.70299804,-0.912998,-1.562998,-0.96299803,-1.5429981,-0.94299805,0.777002,0.47700197,-1.132998,-2.262998,1.527002,-1.602998
3.227002,2.577002,2.387002,2.0370018,1.767002,1.997002,3.577002,4.997002,4.837002,5.327002,4.687002,4.937002,4.507002,3.807002,3.357002,3.5170019,2.5370018,2.437002,2.637002,3.0170019,3.0470018,2.677002,1.997002,1.787002,1.8370019,1.037002,1.247002,0.79700196,1.3370019,0.27700195,-0.94299805,-1.942998,-2.7229981,-1.492998,-1.1429981,-0.29299805,-0.41299805,-0.30299804,-2.782998,-0.38299805,-1.362998
3.077002,2.607002,2.7970018,2.647002,2.467002,2.617002,3.467002,3.657002,4.257002,5.517002,4.677002,6.1670017,5.847002,6.357002,5.637002,4.587002,4.557002,4.867002,3.317002,4.217002,3.867002,3.127002,3.057002,2.5170019,1.9470019,1.147002,1.907002,1.287002,0.59700197,-0.83299804,-2.392998,-2.7329981,-1.7929981,-1.252998,-0.912998,-1.122998,-1.5329981,0.44700196,-1.002998,0.53700197,-1.5329981
3.227002,3.457002,3.697002,3.587002,3.187002,2.877002,2.7770019,2.5270019,2.597002,2.827002,3.217002,6.437002,4.977002,5.517002,7.207002,6.547002,7.727002,5.027002,5.357002,5.967002,5.197002,5.067002,4.007002,2.2870018,3.627002,3.177002,2.7570019,2.177002,0.34700194,-1.572998,-1.812998,-1.5129981,-0.912998,-0.9829981,-0.64299804,-0.45299804,0.037001953,-0.86299807,-0.27299803,-0.852998,-0.52299803
2.7570019,3.7770019,2.807002,1.887002,0.72700197,2.487002,3.307002,3.807002,5.007002,2.937002,3.097002,5.047002,3.897002,5.4170017,5.817002,5.787002,5.707002,6.207002,6.637002,6.367002,5.437002,5.087002,5.877002,5.097002,5.747002,4.927002,2.867002,1.2270019,0.54700196,0.63700193,-0.42299804,-0.46299803,-0.32299805,-0.41299805,-0.27299803,0.26700196,0.59700197,-0.032998048,0.19700195,-0.74299806,-0.55299807
4.037002,3.557002,3.447002,3.177002,4.007002,4.087002,3.467002,5.107002,4.867002,5.507002,4.957002,6.157002,5.857002,6.137002,5.227002,5.767002,5.367002,5.937002,6.067002,6.507002,6.507002,7.087002,6.357002,5.817002,5.097002,3.407002,4.3970017,3.697002,2.117002,1.0870019,0.527002,0.32700196,0.527002,0.587002,0.43700194,0.97700197,0.56700194,1.3570019,0.097001955,0.31700194,0.11700195
2.997002,3.427002,4.257002,4.497002,4.817002,5.277002,5.837002,5.347002,6.107002,6.247002,4.607002,7.637002,5.767002,3.947002,4.687002,4.8970017,5.257002,5.127002,5.107002,4.777002,5.037002,5.907002,6.307002,5.907002,5.217002,4.6470017,3.717002,3.837002,4.737002,2.227002,1.747002,1.0870019,1.147002,1.257002,1.557002,1.8170019,1.8570019,2.227002,1.167002,0.46700194,-0.20299804
