wind_kz.json
{"header": {"discipline":0,"disciplineName":"Meteorological products","gribEdition":2,"gribLength":871,"center":7,"centerName":"US National Weather Service - NCEP(WMC)","subcenter":0,"refTime":"2023-09-23T00:00:00.000Z","significanceOfRT":1,"significanceOfRTName":"Start of forecast","productStatus":0,"productStatusName":"Operational products","productType":1,"productTypeName":"Forecast products","productDefinitionTemplate":0,"productDefinitionTemplateName":"Analysis/forecast at horizontal level/layer at a point in time","parameterCategory":0,"parameterCategoryName":"UnknownDiscipline_0_Category_0","parameterNumber":0,"parameterNumberName":"UnknownParameter_D0_C0_0","parameterUnit":"Unknown","genProcessType":2,"genProcessTypeName":"Forecast","forecastTime":240,"surface1Type":1,"surface1TypeName":"Ground or water surface","surface1Value":0.0,"surface2Type":255,"surface2TypeName":"Missing","surface2Value":0.0,"gridDefinitionTemplate":0,"gridDefinitionTemplateName":"Latitude_Longitude","numberPoints":615,"shape":6,"shapeName":"Earth spherical with radius of 6,371,229.0 m","gridUnits":"degrees","resolution":48,"winds":"true","scanMode":64,"nx":41,"ny":15,"basicAngle":0,"lo1":47.0,"la1":41.0,"lo2":87.0,"la2":55.0,"dx":1.0,"dy":1.0}, "data":
[rows 0 to 14 of 15, columns 0 to 40 of 41]
287.74768,282.04767,284.74768,293.04767,293.04767,292.64767,291.4477,292.24768,290.64767,289.54767,288.4477,289.14767,288.74768,288.74768,288.4477,286.74768,286.14767,285.8477,285.64767,285.9477,286.3477,282.14767,280.74768,279.8477,282.4477,284.74768,282.3477,268.74768,263.14767,266.3477,268.74768,271.9477,280.4477,286.3477,287.64767,288.3477,288.4477,288.8477,287.74768,287.4477,286.9477
272.24768,286.14767,292.54767,293.04767,292.54767,291.64767,290.04767,290.4477,288.24768,288.14767,288.54767,288.04767,287.8477,287.24768,287.14767,288.04767,287.54767,288.3477,285.3477,287.74768,288.8477,285.64767,282.04767,276.14767,269.4477,268.3477,276.04767,268.74768,266.74768,259.3477,271.3477,263.54767,268.04767,246.54768,268.4477,284.4477,284.04767,287.3477,289.8477,282.04767,283.54767
287.04767,292.14767,292.8477,292.74768,290.9477,290.9477,289.64767,287.4477,286.74768,286.54767,285.8477,286.54767,286.3477,286.64767,287.54767,285.8477,284.74768,287.74768,289.14767,288.8477,288.24768,285.64767,285.64767,279.64767,281.54767,282.14767,282.9477,281.9477,280.8477,272.9477,259.4477,262.8477,273.24768,274.8477,276.4477,277.04767,269.4477,275.54767,276.8477,270.3477,271.54767
286.04767,291.74768,292.8477,291.8477,290.64767,288.8477,288.4477,287.04767,286.74768,286.04767,285.54767,285.74768,290.4477,289.8477,286.64767,287.14767,287.3477,286.9477,285.4477,284.8477,285.14767,280.4477,285.24768,284.64767,285.64767,287.04767,287.3477,285.54767,282.14767,282.14767,282.3477,279.54767,284.04767,283.54767,283.4477,279.9477,272.8477,267.4477,276.3477,284.3477,286.24768
288.14767,291.3477,291.74768,290.74768,289.9477,289.24768,289.24768,288.4477,287.3477,287.14767,286.04767,285.04767,289.14767,288.24768,286.74768,287.4477,287.54767,287.04767,285.3477,286.64767,286.9477,286.8477,285.9477,284.9477,285.74768,285.04767,283.8477,285.04767,283.4477,283.64767,285.54767,281.64767,271.4477,263.04767,275.9477,287.24768,288.54767,289.9477,289.4477,290.4477,289.54767
286.74768,286.4477,290.14767,290.54767,290.54767,290.24768,288.14767,289.04767,287.54767,286.9477,287.24768,287.4477,288.8477,289.04767,287.64767,286.4477,287.9477,286.14767,286.3477,286.9477,286.14767,285.9477,285.8477,285.8477,283.8477,284.14767,283.9477,287.04767,287.14767,285.8477,287.3477,287.24768,284.8477,283.3477,280.24768,284.54767,277.04767,278.8477,284.3477,285.9477,288.64767
285.9477,286.04767,288.3477,287.9477,287.9477,287.14767,288.04767,287.54767,288.24768,288.74768,287.3477,287.14767,286.4477,286.04767,285.9477,287.14767,287.04767,287.64767,286.54767,286.9477,285.74768,286.14767,286.24768,286.8477,284.9477,284.8477,285.74768,285.54767,283.3477,284.14767,284.9477,284.74768,283.64767,282.64767,281.9477,284.14767,280.24768,277.64767,275.9477,277.64767,284.8477
285.8477,286.04767,287.54767,287.74768,287.74768,287.8477,287.3477,287.04767,286.3477,286.9477,285.9477,284.9477,283.74768,284.64767,285.14767,286.14767,286.24768,286.9477,286.54767,286.24768,285.64767,285.64767,285.74768,285.4477,283.9477,281.04767,285.9477,282.74768,282.54767,283.24768,280.9477,282.24768,279.8477,278.54767,278.8477,283.3477,285.54767,286.24768,285.64767,285.24768,279.64767
286.24768,285.74768,287.14767,285.9477,285.9477,286.14767,285.3477,287.14767,286.14767,284.74768,283.24768,282.64767,281.3477,282.3477,282.74768,284.14767,284.74768,284.9477,285.24768,284.8477,283.24768,281.64767,282.9477,282.74768,281.8477,282.14767,279.64767,279.4477,278.54767,277.3477,277.4477,277.04767,278.14767,279.74768,282.14767,280.9477,283.14767,281.64767,274.64767,276.4477,273.3477
285.64767,287.04767,288.14767,287.04767,285.3477,284.04767,284.4477,285.24768,285.24768,283.8477,281.74768,281.4477,281.4477,281.04767,281.14767,281.64767,282.64767,283.3477,283.8477,283.8477,282.74768,282.04767,282.64767,282.4477,281.9477,280.4477,280.54767,279.74768,279.8477,279.3477,278.24768,279.9477,280.74768,280.9477,281.54767,280.4477,278.3477,276.8477,274.04767,274.64767,273.24768
286.04767,284.4477,285.3477,285.3477,286.64767,285.9477,285.04767,283.74768,284.54767,283.14767,281.74768,281.24768,281.14767,281.04767,280.74768,281.04767,281.3477,281.64767,282.14767,281.9477,281.3477,280.4477,280.8477,281.14767,281.3477,281.3477,279.8477,280.64767,281.04767,282.24768,282.54767,281.74768,280.3477,281.74768,281.54767,278.64767,274.54767,276.3477,276.74768,277.74768,271.54767
281.9477,283.3477,283.74768,283.8477,284.74768,285.24768,284.14767,284.14767,282.54767,283.24768,280.24768,279.8477,280.74768,280.24768,280.8477,280.4477,280.24768,280.04767,281.14767,281.24768,280.9477,280.8477,280.9477,281.04767,280.54767,281.24768,280.3477,282.14767,282.54767,282.4477,282.04767,281.3477,281.9477,279.4477,280.14767,279.64767,278.64767,277.54767,277.04767,277.04767,277.04767
282.04767,282.24768,283.14767,283.3477,284.4477,285.64767,283.9477,283.04767,282.4477,281.74768,280.04767,278.14767,280.54767,280.04767,280.24768,280.3477,280.54767,280.54767,280.24768,280.14767,279.54767,278.3477,278.24768,277.9477,279.8477,280.3477,281.74768,281.64767,281.74768,281.54767,281.8477,281.74768,281.04767,279.9477,279.4477,279.04767,278.4477,278.74768,276.9477,276.24768,276.8477
280.64767,281.4477,284.04767,283.04767,282.4477,283.74768,283.14767,283.8477,284.14767,282.14767,280.9477,278.64767,278.64767,280.3477,280.54767,281.04767,280.74768,280.3477,280.14767,280.54767,280.4477,280.14767,280.64767,280.54767,280.8477,280.74768,280.8477,280.8477,280.3477,280.54767,280.9477,280.8477,280.4477,279.64767,278.8477,277.3477,277.3477,276.64767,276.04767,275.8477,276.54767
282.54767,282.54767,285.3477,282.24768,282.14767,282.9477,283.9477,283.9477,283.9477,282.3477,281.9477,279.54767,280.14767,279.54767,280.3477,280.74768,280.54767,280.4477,280.24768,280.74768,281.14767,280.8477,280.9477,280.54767,280.24768,280.54767,280.24768,280.24768,280.14767,279.74768,279.74768,281.74768,279.54767,278.9477,278.54767,278.3477,277.9477,276.8477,276.64767,276.3477,276.4477
