wind_kz.json
{"header": {"discipline":0,"disciplineName":"Meteorological products","gribEdition":2,"gribLength":1025,"center":7,"centerName":"US National Weather Service - NCEP(WMC)","subcenter":0,"refTime":"2023-10-04T06:00:00.000Z","significanceOfRT":1,"significanceOfRTName":"Start of forecast","productStatus":0,"productStatusName":"Operational products","productType":1,"productTypeName":"Forecast products","productDefinitionTemplate":0,"productDefinitionTemplateName":"Analysis/forecast at horizontal level/layer at a point in time","parameterCategory":2,"parameterCategoryName":"UnknownDiscipline_0_Category_2","parameterNumber":2,"parameterNumberName":"UnknownParameter_D0_C2_2","parameterUnit":"Unknown","genProcessType":2,"genProcessTypeName":"Forecast","forecastTime":0,"surface1Type":103,"surface1TypeName":"Specified height level above ground","surface1Value":10.0,"surface2Type":255,"surface2TypeName":"Missing","surface2Value":0.0,"gridDefinitionTemplate":0,"gridDefinitionTemplateName":"Latitude_Longitude","numberPoints":615,"shape":6,"shapeName":"Earth spherical with radius of 6,371,229.0 m","gridUnits":"degrees","resolution":48,"winds":"true","scanMode":64,"nx":41,"ny":15,"basicAngle":0,"lo1":47.0,"la1":41.0,"lo2":87.0,"la2":55.0,"dx":1.0,"dy":1.0}, "data":
[rows 0 to 14 of 15, columns 0 to 40 of 41]
0.4545288,0.6645288,2.1445289,7.3045287,5.454529,4.454529,5.454529,3.9145288,-1.5154712,-2.645471,-3.5354712,-4.355471,-3.635471,-2.665471,-4.1354713,-5.145471,-4.835471,-5.4654713,-5.725471,-4.9254713,-2.635471,-1.4054712,1.3645288,2.1645288,-0.8554712,0.8445288,1.7345288,4.964529,1.5745288,0.04452881,1.0745288,1.2345288,0.4945288,-1.5154712,-1.5654712,0.1945288,0.5045288,0.6045288,1.1245288,-0.1354712,0.4045288
-0.7954712,0.8345288,5.7645288,6.5145288,8.894528,4.394529,-0.9654712,-2.7854712,-5.025471,-4.6554713,-4.415471,-4.6354713,-2.385471,-4.6554713,-5.765471,-5.285471,-4.5754714,-3.8254712,-1.5954711,-1.7154711,-1.9054712,0.2745288,1.5045288,3.4745288,1.3745288,-0.1354712,0.8445288,1.6845288,3.334529,2.2645288,1.0145288,1.0545288,0.3245288,1.1445289,0.8745288,-0.08547119,0.6345288,0.12452881,-0.2454712,-1.1554712,-0.6754712
0.92452884,4.744529,3.614529,5.6345286,-2.5454712,-6.0554714,-7.1354713,-5.6354713,-5.935471,-4.4454713,-3.8654711,-3.5454712,-4.4854712,-5.835471,-6.255471,-5.705471,-5.5554714,-3.155471,-1.7554712,-1.7854712,-1.2954712,-4.4654713,-1.5154712,-3.0254712,-2.0554712,-4.515471,-3.7254713,-2.405471,2.854529,-0.69547117,1.4145288,-1.7654712,-1.0754712,1.0445288,0.4045288,1.4645288,1.3145288,0.5245288,1.1845288,3.7745287,2.6945288
1.3845288,0.7145288,1.3945289,-2.0354712,-5.645471,-5.775471,-3.4754713,-5.255471,-5.3654714,-3.655471,-2.5854712,-4.435471,-6.165471,-5.765471,-6.515471,-5.7354712,-5.065471,-4.745471,-4.875471,-3.9654713,-3.4954712,-2.905471,-3.2954712,-5.015471,-4.9654713,-4.645471,-2.8054712,-3.5354712,-3.0954711,-2.5554712,0.074528806,0.3245288,-0.9654712,-1.0754712,0.4045288,2.374529,2.2045288,2.3945289,-2.3254712,-3.0054712,-1.3354712
0.1745288,0.28452882,-0.2954712,-3.8654711,-5.705471,-3.3254712,-3.8054712,-4.255471,-3.2054713,-2.4254713,-1.7654712,-5.0554714,-4.2154713,-4.8654714,-4.995471,-4.685471,-4.605471,-4.1554713,-4.9054713,-5.7354712,-6.0554714,-4.8054714,-4.5754714,-4.745471,-4.765471,-4.765471,-5.455471,-2.6754713,-1.8354712,-2.4254713,-1.6854712,0.6545288,2.7545288,2.2745287,-2.135471,-1.9154712,-0.6554712,-0.7854712,-1.2654712,-2.1054711,-0.9954712
-0.015471191,-0.23547119,-0.7354712,-3.1754713,-4.775471,-6.275471,-5.535471,-4.855471,-3.6854713,-2.7454712,-3.8054712,-4.4654713,-4.9054713,-4.515471,-2.9854712,-2.645471,-2.885471,-3.8554711,-4.3254714,-3.9554713,-4.6954713,-4.085471,-3.9654713,-4.435471,-4.765471,-5.5554714,-4.545471,-4.8654714,-2.2754712,-1.3454711,-0.57547116,-0.03547119,1.3945289,3.1645288,2.614529,2.4845288,0.31452882,1.8945289,0.3745288,1.5445288,0.3045288
-0.50547117,-0.7454712,-2.3454711,-4.5554714,-4.8054714,-6.335471,-7.455471,-4.2354712,-4.475471,-3.9554713,-5.185471,-5.035471,-3.9454713,-3.655471,-2.3154712,-1.2554712,-1.1654712,-2.665471,-2.9954712,-3.8654711,-4.3454714,-3.6854713,-3.3254712,-2.9254713,-3.3554711,-3.6754713,-4.005471,-3.625471,-3.9454713,-2.7654712,-2.0354712,-1.7754712,-1.6154712,0.3345288,1.5945288,2.864529,3.1745288,1.2745289,5.3645287,-0.1654712,-1.1854712
1.0345289,-0.20547119,-1.4554712,-3.405471,-3.3154712,-4.015471,-4.3654714,-3.2154713,-4.265471,-2.8254712,-1.6054711,-1.9054712,-1.9054712,-2.0554712,-1.9254712,-2.6154711,-1.7554712,-0.94547117,-1.1854712,-2.0954711,-2.9754713,-3.2054713,-3.2554712,-3.4754713,-3.0854712,-3.135471,-3.0554712,-2.6854713,-3.7354712,-3.165471,-4.525471,-3.0054712,-2.0854712,-1.1154712,-1.2454712,-2.7854712,-0.3854712,1.6145288,0.4845288,1.2545288,0.24452882
1.1045288,2.374529,0.8145288,0.21452881,-0.43547118,-0.3554712,-0.03547119,1.4345288,2.0245287,0.9745288,-0.4854712,-0.1354712,-0.33547118,-0.50547117,-0.33547118,-1.2254711,-2.0554712,-1.2054712,0.12452881,-0.09547119,-1.3354712,-1.9854712,-2.3054712,-2.5454712,-3.1754713,-3.0354712,-3.645471,-3.5554712,-3.0154712,-3.125471,-3.0654712,-1.7854712,-0.6554712,-0.75547117,-0.07547119,0.114528805,-0.4054712,0.6545288,0.7745288,0.4245288,1.6245288
-0.5154712,-0.5154712,0.3245288,1.2545288,2.0045288,3.2045288,4.4245286,5.3045287,4.1145287,3.584529,4.124529,2.5345287,1.4745288,0.9145288,1.2345288,0.20452881,-0.4154712,-1.0054712,-1.0554712,-0.17547119,-0.15547119,-0.2654712,-1.1554712,-1.7254711,-1.8654712,-2.5554712,-1.8054712,-1.3854712,-2.395471,-2.395471,-0.2954712,0.5845288,1.9745288,1.6545289,1.2545288,-0.6454712,0.1945288,-0.2554712,0.9445288,0.7245288,-0.5254712
-0.11547119,-1.3254712,-0.5854712,-0.9954712,1.1545289,2.114529,2.6845288,3.3945289,3.2745287,1.4845288,-0.4154712,1.4645288,2.2745287,2.8945289,2.844529,2.104529,1.7845289,1.1845288,0.3045288,0.1645288,0.67452884,0.3545288,0.2645288,0.3645288,0.47452882,0.25452882,-0.6254712,-0.5854712,-0.4754712,0.05452881,-0.105471194,0.014528808,-1.1654712,-0.9654712,-0.8154712,1.0445288,0.1745288,0.4545288,1.7245288,-0.7354712,0.86452883
1.0145288,1.2945288,1.1745288,1.0745288,1.6145288,1.9045289,1.9345288,2.4645288,2.1745288,1.6045288,2.2145288,2.5245287,1.5345289,3.2345288,4.1345286,3.4245288,3.2345288,2.7245288,2.124529,1.5145288,1.2845289,1.3845288,1.5545288,1.6945288,1.6645288,1.3545288,1.2745289,0.24452882,-0.8754712,-0.5454712,-1.7954712,-1.9654711,-2.2954712,-2.3554711,-2.1954713,-2.2254713,-2.1854713,-0.7754712,0.8845288,1.0345289,0.5845288
1.9845288,2.4045289,2.124529,2.354529,1.5145288,1.7745289,2.4445288,2.5545287,1.9945288,2.0345287,1.0645288,2.8945289,2.1945288,2.874529,3.104529,4.064529,3.7545288,4.3645287,3.1745288,2.844529,2.4445288,2.114529,2.614529,2.5045288,3.5045288,2.604529,1.2245288,0.9445288,0.8745288,-0.1354712,-1.1054711,-1.4854712,-1.9654711,-1.4554712,-1.7254711,-1.7254711,-1.2254711,-0.4254712,-1.0754712,-0.7054712,0.20452881
3.4745288,3.2445288,1.7245288,2.7745287,1.9745288,1.7445288,1.5145288,1.6045288,0.05452881,1.1945288,2.334529,2.094529,3.2845287,4.874529,3.2445288,3.2245288,3.2045288,3.6345289,3.3045287,4.124529,3.9545288,4.1945286,4.234529,3.3845289,2.8245287,2.5745287,2.2145288,2.4745288,2.1545289,2.104529,1.7145288,1.6145288,1.3945289,1.1245288,0.7145288,0.5345288,0.24452882,0.2945288,0.1745288,-0.7054712,0.15452881
3.104529,4.164529,4.374529,3.3245287,3.1345289,2.9345288,2.3945289,2.2845287,2.3045287,1.8945289,0.74452883,3.8045287,3.4445288,2.4645288,4.6745286,1.7745289,2.2745287,3.6745288,4.0745287,4.8845286,4.1745286,3.8045287,4.374529,4.334529,3.7345288,3.124529,3.4945288,2.9245288,2.7445288,3.124529,3.2645288,4.224529,3.6345289,3.344529,3.0145288,2.854529,2.2945287,2.6345289,1.9945288,1.8745288,1.2945288
