wind_kz.json
{"header": {"discipline":0,"disciplineName":"Meteorological products","gribEdition":2,"gribLength":1025,"center":7,"centerName":"US National Weather Service - NCEP(WMC)","subcenter":0,"refTime":"2023-09-30T06:00:00.000Z","significanceOfRT":1,"significanceOfRTName":"Start of forecast","productStatus":0,"productStatusName":"Operational products","productType":1,"productTypeName":"Forecast products","productDefinitionTemplate":0,"productDefinitionTemplateName":"Analysis/forecast at horizontal level/layer at a point in time","parameterCategory":2,"parameterCategoryName":"UnknownDiscipline_0_Category_2","parameterNumber":2,"parameterNumberName":"UnknownParameter_D0_C2_2","parameterUnit":"Unknown","genProcessType":2,"genProcessTypeName":"Forecast","forecastTime":0,"surface1Type":103,"surface1TypeName":"Specified height level above ground","surface1Value":10.0,"surface2Type":255,"surface2TypeName":"Missing","surface2Value":0.0,"gridDefinitionTemplate":0,"gridDefinitionTemplateName":"Latitude_Longitude","numberPoints":615,"shape":6,"shapeName":"Earth spherical with radius of 6,371,229.0 m","gridUnits":"degrees","resolution":48,"winds":"true","scanMode":64,"nx":41,"ny":15,"basicAngle":0,"lo1":47.0,"la1":41.0,"lo2":87.0,"la2":55.0,"dx":1.0,"dy":1.0}, "data":
[rows 0 to 14 of 15, columns 0 to 40 of 41]
-1.2967432,1.3932568,-2.0367432,-3.2967432,-3.616743,-4.156743,-3.156743,-2.4167433,-1.1767431,-0.26674315,0.7332568,1.6432568,1.7932569,2.2432568,3.7232568,4.003257,3.0832567,4.713257,4.1032567,5.843257,5.6632566,2.8032568,1.5132568,2.623257,-1.8867432,2.0732567,2.663257,3.163257,-0.24674316,0.52325684,0.6032568,2.393257,1.3132569,0.22325684,-0.68674314,0.32325685,1.2432568,0.31325683,-0.5767432,2.1832569,4.193257
-0.62674314,-2.5567431,-3.8067431,-3.866743,-3.2267432,-2.386743,-2.0567431,-0.21674317,1.1032568,0.39325684,1.9032569,2.0832567,2.163257,2.2432568,4.173257,5.1832566,3.903257,2.653257,1.2832569,1.0332569,-0.65674317,0.5532568,0.37325683,3.4632568,1.4932568,0.073256835,0.7332568,2.5332568,3.4932568,1.7232568,0.62325686,2.143257,-0.97674316,2.3332567,0.63325685,6.053257,1.5132568,1.2132568,2.8232567,-2.086743,-2.0667431
-2.886743,-4.596743,-3.7067432,-2.906743,-2.866743,-0.92674315,-0.12674317,0.34325683,1.3732568,1.1732569,1.8232569,2.9432569,3.8232567,3.383257,3.7232568,4.1032567,3.1732569,2.4732568,1.3532568,1.2632568,-0.6467432,-0.74674314,-0.7067432,1.9032569,0.15325683,0.69325686,-1.1867431,-0.25674316,1.2132568,-0.11674316,1.4832568,-1.0567431,0.49325684,1.2932569,-0.15674317,-0.046743166,0.33325684,-0.17674316,-0.42674315,0.42325684,-0.46674317
-4.3567433,-3.406743,-2.4767432,-1.5167432,-0.49674317,-0.20674317,0.12325683,0.96325684,1.7332568,2.5832567,2.843257,3.863257,4.243257,3.4232569,3.4232569,1.9832568,1.3032569,3.4632568,1.6532569,0.95325685,0.043256834,3.7132568,-2.126743,-0.8267432,0.45325685,1.3332568,2.383257,2.9432569,4.383257,1.1532569,-0.5867432,1.0632569,5.003257,7.6032567,5.653257,4.483257,1.5932568,-0.13674316,-0.90674317,-0.6367432,0.16325684
-2.086743,-0.54674315,1.0732569,2.373257,4.073257,4.233257,3.5332568,3.4432569,2.7132568,3.1732569,3.2832568,3.7532568,3.2232568,3.4232569,0.7432568,1.5232568,2.0132568,1.6732569,0.69325686,-0.26674315,-2.2667432,-1.4367431,1.5832568,5.693257,4.013257,5.4132566,6.213257,6.343257,5.613257,4.653257,4.983257,3.2932568,-0.9567432,2.0632567,-1.0867431,1.1032568,1.0432569,0.46325684,0.70325685,0.76325685,0.82325685
2.2132568,2.7332568,2.4732568,3.2532568,2.643257,3.2932568,6.363257,5.113257,4.303257,3.7232568,2.893257,2.843257,2.7132568,3.2132568,3.7032568,1.1132568,-1.0867431,-2.5067432,-1.3867432,-0.016743165,2.5332568,2.903257,4.0832567,5.5632567,6.613257,5.8132567,6.3532567,1.7132568,3.7732568,6.593257,7.993257,8.003257,6.673257,6.133257,5.783257,-0.9567432,2.9932568,0.8032568,0.42325684,1.3532568,0.9932568
0.95325685,1.3832568,1.4432569,2.613257,2.5832567,2.0832567,0.82325685,1.4232569,2.6932569,2.0632567,2.403257,2.7332568,2.4332569,3.4332569,3.653257,2.9232569,0.23325683,-0.6467432,0.8032568,2.0232568,2.4532568,3.7732568,4.133257,2.153257,2.9932568,3.883257,3.9932568,4.4132566,6.553257,8.643257,8.8232565,9.163257,8.583257,8.463257,5.263257,3.0832567,-0.046743166,2.4532568,2.2432568,0.003256836,-0.84674317
-1.4267431,-1.3267431,-0.41674316,0.113256834,1.5132568,1.6032568,2.8232567,2.363257,2.6732569,2.7032568,2.343257,2.103257,2.163257,1.9332569,1.0232568,-2.7367432,-2.7667432,3.5132568,2.893257,2.663257,1.4032569,0.42325684,0.40325683,0.93325686,2.4632568,3.6932569,3.8332567,5.5632567,5.1832566,7.153257,7.3132567,6.8132567,6.173257,6.723257,7.483257,8.213257,7.553257,-4.1267433,-6.306743,-4.636743,-0.38674316
-2.0067432,-1.1267432,-0.19674316,-0.85674316,-1.2067431,-0.26674315,0.13325684,1.1532569,2.3332567,3.163257,2.9732568,0.9732568,3.613257,1.9432569,0.8532568,3.2432568,5.0632567,1.8732568,2.6932569,2.2032568,1.9232569,1.6832569,1.2932569,2.133257,2.5332568,2.1932569,0.17325683,-1.8467431,2.7632568,1.2732568,2.153257,3.9232569,6.363257,6.343257,5.493257,-0.28674316,-0.87674314,1.0732569,1.3232569,-0.48674315,0.95325685
-3.0367432,-2.5167432,-2.1767433,-1.8067431,-1.1467432,-1.3167431,-0.26674315,0.77325684,-0.35674316,1.1332568,2.163257,2.8032568,1.6332568,1.8332568,1.7432568,0.51325685,1.5532569,-0.48674315,-1.7567432,3.5132568,2.2632568,-0.46674317,1.3332568,2.7132568,4.2932568,1.2532568,1.1032568,0.27325684,-1.9967432,-1.4567431,-0.15674317,1.9932568,0.90325683,3.0132568,4.553257,3.4832568,-2.336743,-1.1067432,1.4132569,-0.18674317,-1.3967432
-2.4367433,-2.2467432,-1.8667432,-0.78674316,-0.5867432,-0.31674317,-0.19674316,-0.62674314,-0.39674318,0.29325685,1.5132568,2.4232569,1.2832569,1.4432569,1.2232568,1.1432568,2.0132568,2.7032568,-0.45674315,2.403257,0.09325684,0.8032568,3.7832568,3.133257,3.4332569,1.9432569,0.36325684,-0.21674317,-0.41674316,0.14325684,0.033256836,2.9432569,-2.4667432,-1.1367432,0.87325686,2.403257,1.2632568,0.71325684,1.5532569,-0.49674317,1.3032569
-1.2467432,-1.7267432,-0.7567432,-0.5067432,0.043256834,-0.12674317,-0.22674316,-0.66674316,-1.2367432,-1.2867432,-0.13674316,-0.81674314,-1.8167431,-1.8967432,-1.5667431,-0.056743164,-3.2167432,-2.5567431,-0.53674316,0.27325684,-2.156743,0.84325683,-1.0967431,-0.68674314,0.5432568,0.16325684,1.2332568,1.1832569,0.71325684,1.2632568,1.0332569,0.043256834,-1.0867431,-0.016743165,-1.3267431,-1.7367432,-2.7667432,-2.146743,-0.11674316,0.043256834,-1.6367432
-0.25674316,-0.25674316,-0.5267432,-0.26674315,-0.42674315,-0.8367432,-1.2467432,-1.7267432,-1.8967432,-0.25674316,-0.9467432,-2.9967432,-2.5067432,-3.586743,-2.4367433,-1.5367432,-1.9167432,-1.0867431,-3.0467432,-2.7167432,0.45325685,-0.60674316,2.093257,1.3632568,0.30325684,1.1032568,1.2432568,2.8132567,1.9832568,1.6832569,1.3432568,0.51325685,0.95325685,0.9232568,0.52325684,0.21325684,-0.07674316,1.3332568,0.62325686,0.08325683,0.113256834
-0.056743164,-0.6367432,-0.80674314,-1.3367431,-1.1867431,-1.1267432,-1.3567432,-0.49674317,-0.28674316,-0.7667432,-0.85674316,-1.8567432,-2.9767432,-1.9667431,-2.2767432,-2.136743,-2.896743,-3.0267432,-1.4367431,-1.2567432,-0.8367432,0.23325683,3.4332569,2.2532568,2.593257,0.95325685,1.1832569,1.0732569,1.7832569,2.343257,2.7032568,2.353257,2.163257,1.2332568,1.3432568,1.7132568,2.0332568,1.8532568,1.7632568,1.7132568,2.363257
-0.47674316,-0.92674315,-1.2667432,-1.0367432,-0.5767432,-0.79674315,-1.0067432,-0.97674316,-0.67674315,-1.2767432,-2.3267431,-2.5267432,-1.4467431,-1.2567432,-1.7767432,-2.876743,-2.7867432,-2.356743,-1.0467432,-1.2867432,-2.4467432,-0.8867432,-0.37674317,-0.67674315,0.19325684,1.6832569,1.4832568,1.7532568,1.5432569,1.5332569,2.0232568,2.613257,2.7832568,3.0532568,3.413257,3.4932568,3.663257,4.673257,4.263257,3.5232568,0.69325686
