wind_kz.json
{"header": {"discipline":0,"disciplineName":"Meteorological products","gribEdition":2,"gribLength":871,"center":7,"centerName":"US National Weather Service - NCEP(WMC)","subcenter":0,"refTime":"2023-09-27T12:00:00.000Z","significanceOfRT":1,"significanceOfRTName":"Start of forecast","productStatus":0,"productStatusName":"Operational products","productType":1,"productTypeName":"Forecast products","productDefinitionTemplate":0,"productDefinitionTemplateName":"Analysis/forecast at horizontal level/layer at a point in time","parameterCategory":0,"parameterCategoryName":"UnknownDiscipline_0_Category_0","parameterNumber":0,"parameterNumberName":"UnknownParameter_D0_C0_0","parameterUnit":"Unknown","genProcessType":2,"genProcessTypeName":"Forecast","forecastTime":60,"surface1Type":1,"surface1TypeName":"Ground or water surface","surface1Value":0.0,"surface2Type":255,"surface2TypeName":"Missing","surface2Value":0.0,"gridDefinitionTemplate":0,"gridDefinitionTemplateName":"Latitude_Longitude","numberPoints":615,"shape":6,"shapeName":"Earth spherical with radius of 6,371,229.0 m","gridUnits":"degrees","resolution":48,"winds":"true","scanMode":64,"nx":41,"ny":15,"basicAngle":0,"lo1":47.0,"la1":41.0,"lo2":87.0,"la2":55.0,"dx":1.0,"dy":1.0}, "data":
[rows 0 to 14 of 15, columns 0 to 40 of 41]
287.49902,280.09903,283.49902,294.19904,294.09903,293.09903,291.69904,291.39902,287.99902,286.39902,287.59903,288.39902,287.99902,287.99902,287.69904,285.09903,285.89902,286.99902,285.799,287.59903,288.19904,283.99902,284.99902,281.89902,286.09903,287.39902,283.69904,272.59903,272.49902,273.39902,272.99902,273.09903,282.89902,288.39902,288.39902,288.89902,288.799,287.39902,287.39902,286.59903,285.799
272.299,283.89902,293.59903,293.99902,293.799,292.19904,288.89902,287.19904,286.19904,286.299,288.299,287.49902,286.799,286.09903,282.39902,284.799,283.69904,285.09903,283.19904,282.89902,284.09903,286.39902,284.19904,279.39902,270.99902,269.99902,277.39902,271.09903,275.39902,272.99902,275.99902,266.39902,276.39902,256.299,271.89902,285.19904,283.59903,286.09903,288.49902,281.19904,283.59903
286.19904,293.799,293.99902,293.59903,291.49902,287.89902,287.39902,285.19904,285.39902,285.39902,285.89902,285.99902,285.39902,286.99902,287.799,283.99902,285.69904,284.299,284.69904,281.89902,286.299,282.69904,281.89902,279.799,282.299,281.799,283.89902,287.39902,283.39902,276.39902,271.299,274.39902,277.19904,275.49902,276.99902,277.799,271.299,272.89902,273.49902,271.19904,270.39902
287.69904,293.09903,293.69904,292.69904,290.39902,285.299,286.799,285.49902,285.09903,285.19904,285.39902,285.89902,291.19904,290.49902,287.59903,288.09903,287.799,284.99902,284.09903,281.99902,282.39902,278.49902,284.799,285.299,285.59903,286.59903,286.59903,283.799,285.09903,287.799,286.69904,284.19904,288.69904,289.59903,286.89902,280.19904,270.19904,264.19904,274.49902,279.99902,283.299
287.49902,292.299,292.99902,291.99902,289.39902,284.89902,286.39902,285.89902,286.19904,286.09903,285.89902,285.09903,290.299,288.89902,287.49902,288.69904,290.39902,286.89902,282.799,285.299,286.09903,286.59903,285.09903,285.09903,284.99902,284.89902,283.39902,286.299,285.299,286.39902,289.49902,287.09903,276.19904,270.69904,279.19904,284.299,286.89902,286.09903,285.49902,287.299,286.89902
285.99902,284.69904,291.299,292.299,292.09903,291.799,287.09903,288.09903,286.09903,286.09903,286.59903,286.89902,289.299,289.99902,287.49902,285.19904,290.299,289.69904,286.59903,286.89902,284.99902,286.49902,286.19904,284.69904,283.99902,282.99902,284.89902,288.59903,286.69904,287.49902,287.09903,288.69904,287.19904,288.299,286.99902,287.59903,279.09903,282.39902,286.49902,286.59903,287.19904
287.39902,285.799,288.69904,288.69904,288.89902,287.39902,287.59903,286.799,286.89902,286.99902,285.59903,285.39902,285.299,285.49902,286.49902,288.69904,289.39902,290.19904,287.59903,285.59903,284.59903,285.89902,285.799,285.09903,283.59903,283.49902,283.19904,285.69904,285.799,285.49902,285.39902,285.59903,287.49902,286.49902,287.299,283.99902,281.299,278.59903,274.799,275.19904,281.89902
285.99902,284.799,287.89902,288.39902,288.799,288.19904,287.299,285.59903,285.799,287.59903,286.69904,285.19904,283.59903,285.19904,285.299,286.09903,285.99902,286.99902,287.59903,284.299,283.799,283.99902,283.69904,284.299,281.99902,279.59903,280.39902,282.09903,282.49902,284.69904,283.299,284.19904,282.69904,281.19904,280.49902,280.09903,282.49902,286.799,281.99902,281.59903,279.39902
286.299,286.49902,286.799,286.299,287.19904,286.89902,285.69904,288.69904,288.49902,287.299,283.99902,285.19904,285.09903,286.09903,285.89902,286.99902,285.89902,286.39902,283.69904,283.99902,283.299,283.49902,284.99902,283.39902,280.59903,280.39902,278.19904,279.299,278.69904,280.69904,280.299,280.49902,283.299,282.19904,280.99902,279.69904,279.59903,279.299,269.39902,269.49902,266.299
285.799,286.299,286.299,286.19904,286.299,286.09903,285.799,287.799,288.299,283.799,283.299,285.09903,285.299,285.59903,285.59903,285.59903,285.39902,286.19904,284.99902,285.59903,284.299,283.39902,283.799,284.299,284.09903,280.69904,282.299,282.49902,280.89902,282.59903,281.09903,282.69904,283.49902,284.19904,282.09903,281.99902,281.69904,277.89902,271.299,272.19904,267.69904
284.299,283.99902,284.39902,284.49902,284.59903,284.19904,284.89902,288.299,286.69904,285.69904,284.99902,282.09903,283.19904,284.59903,284.59903,284.799,284.59903,285.299,284.89902,283.89902,283.799,283.69904,282.69904,282.09903,281.09903,283.49902,281.89902,284.19904,284.69904,285.39902,285.09903,284.799,284.69904,284.69904,284.19904,282.799,279.19904,276.39902,275.49902,275.39902,272.19904
282.19904,283.19904,282.69904,282.49902,282.299,283.69904,286.49902,285.89902,285.69904,284.59903,280.799,281.69904,281.69904,283.49902,283.59903,284.39902,283.89902,281.99902,284.299,283.99902,283.19904,282.59903,282.19904,280.89902,280.19904,282.799,283.49902,284.59903,284.69904,285.69904,284.39902,284.49902,285.19904,282.799,283.09903,283.09903,282.59903,282.299,281.299,280.99902,280.299
280.99902,280.09903,281.49902,282.19904,282.49902,282.299,281.69904,284.59903,284.39902,282.49902,280.59903,276.49902,282.19904,281.89902,282.99902,283.39902,283.59903,283.299,281.49902,283.09903,282.99902,282.19904,281.99902,281.39902,280.59903,280.799,283.299,283.19904,282.69904,281.799,282.99902,284.09903,283.99902,283.59903,283.299,283.299,281.49902,281.49902,280.69904,277.99902,280.299
279.69904,281.69904,284.09903,281.69904,280.89902,283.09903,283.59903,280.59903,283.799,282.99902,281.39902,278.19904,280.799,280.69904,282.69904,282.99902,282.49902,282.19904,282.69904,282.49902,282.99902,282.69904,283.09903,283.09903,282.69904,281.39902,283.299,283.39902,282.89902,283.09903,282.89902,282.799,282.49902,281.89902,281.99902,281.19904,279.49902,280.09903,278.49902,278.799,279.09903
281.49902,282.19904,285.799,280.59903,280.49902,280.59903,283.89902,281.799,283.89902,282.69904,280.39902,280.99902,280.69904,278.799,281.49902,282.299,281.799,281.69904,282.59903,282.69904,282.69904,282.799,282.89902,282.59903,281.89902,280.69904,281.89902,281.799,281.59903,281.299,279.69904,282.59903,281.19904,279.19904,280.39902,279.799,278.19904,277.99902,278.39902,277.799,280.19904
