wind_kz.json
{"header": {"discipline":0,"disciplineName":"Meteorological products","gribEdition":2,"gribLength":948,"center":7,"centerName":"US National Weather Service - NCEP(WMC)","subcenter":0,"refTime":"2023-08-07T00:00:00.000Z","significanceOfRT":1,"significanceOfRTName":"Start of forecast","productStatus":0,"productStatusName":"Operational products","productType":1,"productTypeName":"Forecast products","productDefinitionTemplate":0,"productDefinitionTemplateName":"Analysis/forecast at horizontal level/layer at a point in time","parameterCategory":0,"parameterCategoryName":"UnknownDiscipline_0_Category_0","parameterNumber":0,"parameterNumberName":"UnknownParameter_D0_C0_0","parameterUnit":"Unknown","genProcessType":2,"genProcessTypeName":"Forecast","forecastTime":300,"surface1Type":1,"surface1TypeName":"Ground or water surface","surface1Value":0.0,"surface2Type":255,"surface2TypeName":"Missing","surface2Value":0.0,"gridDefinitionTemplate":0,"gridDefinitionTemplateName":"Latitude_Longitude","numberPoints":615,"shape":6,"shapeName":"Earth spherical with radius of 6,371,229.0 m","gridUnits":"degrees","resolution":48,"winds":"true","scanMode":64,"nx":41,"ny":15,"basicAngle":0,"lo1":47.0,"la1":41.0,"lo2":87.0,"la2":55.0,"dx":1.0,"dy":1.0}, "data":
[rows 0 to 14 of 15, columns 0 to 40 of 41]
317.15228,300.9523,303.65228,298.15228,297.8523,298.15228,310.8523,323.65228,320.2523,320.7523,318.8523,318.7523,317.9523,317.0523,316.15228,316.15228,316.2523,316.0523,317.9523,317.2523,319.0523,314.15228,312.65228,309.0523,311.7523,314.15228,309.8523,294.15228,293.4523,292.5523,292.2523,292.65228,301.8523,311.3523,315.2523,313.8523,313.3523,312.8523,312.2523,312.7523,312.3523
288.9523,307.9523,298.65228,298.7523,299.8523,298.0523,324.7523,321.65228,319.2523,317.3523,318.5523,319.3523,316.5523,314.8523,315.4523,316.0523,316.0523,318.0523,315.15228,316.7523,315.8523,314.65228,313.0523,304.0523,292.3523,293.15228,303.8523,293.5523,296.9523,286.8523,292.3523,286.2523,296.15228,272.5523,287.2523,304.3523,302.3523,306.65228,312.3523,304.0523,286.65228
311.15228,299.65228,299.4523,299.2523,298.9523,322.4523,317.8523,317.8523,316.8523,317.2523,317.15228,318.2523,314.3523,316.0523,315.5523,314.7523,314.65228,313.65228,313.65228,313.8523,317.0523,312.0523,311.5523,305.3523,309.65228,308.0523,308.9523,307.3523,307.15228,293.9523,285.15228,287.2523,294.65228,295.2523,296.7523,296.9523,285.65228,288.7523,289.8523,285.7523,284.5523
306.8523,300.9523,300.0523,298.9523,303.9523,313.15228,317.65228,319.9523,313.0523,319.0523,317.65228,313.15228,297.0523,296.2523,312.0523,315.7523,313.4523,314.15228,312.9523,313.15228,310.15228,306.3523,310.7523,309.9523,309.5523,308.8523,309.0523,305.4523,304.65228,304.7523,305.3523,302.65228,307.2523,308.2523,307.2523,301.2523,289.4523,287.65228,288.7523,299.65228,301.65228
320.3523,300.2523,301.9523,300.15228,306.2523,318.5523,314.2523,310.65228,319.65228,316.9523,318.5523,308.2523,299.65228,297.7523,293.9523,317.0523,315.3523,310.5523,309.3523,311.7523,311.7523,311.8523,310.5523,309.65228,308.8523,306.9523,304.3523,301.15228,305.3523,304.15228,305.2523,302.0523,291.4523,284.0523,293.5523,300.65228,300.15228,308.4523,308.15228,305.65228,305.0523
319.8523,305.9523,299.65228,300.5523,300.4523,299.5523,321.5523,319.15228,318.4523,316.7523,314.3523,310.4523,299.2523,296.65228,303.65228,312.0523,315.65228,313.8523,312.15228,312.7523,312.15228,310.7523,310.2523,309.65228,307.9523,306.2523,305.2523,293.8523,304.2523,305.65228,304.5523,304.4523,302.5523,301.5523,297.7523,298.3523,290.8523,293.8523,302.65228,304.4523,303.0523
317.8523,317.7523,318.7523,319.8523,312.0523,317.15228,319.7523,318.9523,316.2523,314.9523,313.3523,311.3523,307.9523,309.7523,308.65228,315.15228,315.9523,315.3523,314.15228,312.4523,310.3523,310.65228,310.9523,310.0523,307.65228,307.8523,306.3523,307.15228,306.15228,305.7523,304.3523,303.5523,303.7523,302.2523,301.15228,300.65228,294.2523,289.5523,285.9523,286.65228,296.7523
319.0523,300.8523,315.15228,319.9523,321.2523,320.15228,319.65228,316.8523,311.2523,304.9523,307.2523,310.15228,311.15228,313.65228,309.0523,317.65228,316.3523,314.9523,313.4523,310.65228,310.2523,307.9523,308.4523,307.5523,306.4523,303.2523,302.7523,303.0523,301.2523,302.0523,299.4523,296.2523,294.65228,293.3523,293.8523,295.9523,296.5523,289.65228,296.7523,297.0523,294.4523
303.9523,302.8523,318.15228,316.0523,317.65228,310.4523,312.7523,307.4523,311.7523,310.65228,303.8523,310.65228,305.65228,302.3523,313.0523,313.2523,313.7523,314.7523,307.2523,310.7523,306.4523,308.3523,307.2523,305.5523,304.3523,303.5523,299.3523,296.4523,296.4523,294.65228,292.5523,295.0523,294.2523,291.3523,288.9523,287.4523,287.2523,287.0523,279.2523,281.5523,280.15228
306.0523,312.7523,315.15228,312.9523,307.9523,304.5523,307.4523,308.3523,309.3523,309.0523,305.15228,301.3523,295.7523,297.4523,310.65228,312.0523,312.5523,311.65228,307.3523,311.2523,307.0523,307.7523,307.7523,307.2523,304.9523,301.3523,302.0523,301.7523,298.7523,296.65228,295.4523,292.9523,290.5523,288.0523,286.9523,285.9523,283.3523,279.65228,277.7523,275.2523,275.0523
307.65228,307.7523,303.65228,313.65228,312.15228,313.9523,314.0523,313.3523,312.2523,311.8523,305.3523,310.4523,307.5523,301.5523,302.5523,311.5523,308.3523,312.15228,311.3523,307.65228,304.9523,304.8523,304.5523,303.5523,303.4523,302.2523,299.9523,299.65228,299.15228,299.65228,298.2523,296.15228,288.8523,290.15228,288.0523,286.3523,280.15228,277.2523,278.9523,279.4523,279.65228
305.65228,307.5523,308.9523,305.0523,310.9523,310.65228,311.15228,310.15228,310.15228,306.15228,306.8523,306.7523,308.2523,305.8523,305.7523,306.3523,307.9523,308.8523,308.0523,305.15228,302.15228,300.2523,303.15228,303.9523,302.65228,301.7523,300.4523,299.65228,300.7523,299.8523,296.65228,294.5523,289.5523,291.5523,288.15228,287.4523,285.0523,284.65228,283.4523,284.3523,285.4523
301.8523,303.2523,311.4523,303.7523,307.7523,308.2523,309.8523,309.65228,308.8523,308.0523,301.2523,291.4523,302.2523,301.8523,302.9523,304.2523,304.65228,304.15228,305.15228,304.3523,302.0523,301.9523,302.65228,300.65228,300.8523,301.4523,300.65228,300.4523,300.3523,296.0523,296.4523,290.3523,294.8523,289.5523,288.0523,288.5523,287.8523,284.9523,284.9523,288.4523,288.0523
305.9523,308.3523,301.4523,307.0523,309.3523,303.2523,307.8523,304.4523,306.8523,307.3523,298.15228,293.4523,298.65228,298.9523,298.9523,297.3523,299.8523,295.8523,304.15228,300.0523,301.4523,303.15228,301.5523,301.0523,300.7523,301.65228,300.5523,299.9523,299.0523,299.4523,296.65228,291.4523,295.5523,289.9523,290.2523,289.5523,287.7523,287.3523,289.8523,288.65228,289.0523
301.4523,306.65228,293.7523,305.0523,303.8523,306.2523,306.9523,301.7523,306.3523,307.15228,301.7523,300.65228,295.4523,298.2523,298.8523,300.3523,297.7523,299.0523,302.15228,301.15228,302.2523,301.4523,303.4523,302.9523,301.5523,301.2523,300.2523,298.9523,297.8523,296.5523,295.8523,290.15228,293.8523,290.5523,289.65228,289.7523,290.0523,288.7523,290.0523,289.15228,288.9523
