wind_kz.json
{"header": {"discipline":0,"disciplineName":"Meteorological products","gribEdition":2,"gribLength":1102,"center":7,"centerName":"US National Weather Service - NCEP(WMC)","subcenter":0,"refTime":"2023-08-27T00:00:00.000Z","significanceOfRT":1,"significanceOfRTName":"Start of forecast","productStatus":0,"productStatusName":"Operational products","productType":1,"productTypeName":"Forecast products","productDefinitionTemplate":0,"productDefinitionTemplateName":"Analysis/forecast at horizontal level/layer at a point in time","parameterCategory":2,"parameterCategoryName":"UnknownDiscipline_0_Category_2","parameterNumber":3,"parameterNumberName":"UnknownParameter_D0_C2_3","parameterUnit":"Unknown","genProcessType":2,"genProcessTypeName":"Forecast","forecastTime":180,"surface1Type":103,"surface1TypeName":"Specified height level above ground","surface1Value":10.0,"surface2Type":255,"surface2TypeName":"Missing","surface2Value":0.0,"gridDefinitionTemplate":0,"gridDefinitionTemplateName":"Latitude_Longitude","numberPoints":615,"shape":6,"shapeName":"Earth spherical with radius of 6,371,229.0 m","gridUnits":"degrees","resolution":48,"winds":"true","scanMode":64,"nx":41,"ny":15,"basicAngle":0,"lo1":47.0,"la1":41.0,"lo2":87.0,"la2":55.0,"dx":1.0,"dy":1.0}, "data":
[rows 0 to 14 of 15, columns 0 to 40 of 41]
2.2090821,2.099082,3.379082,5.679082,2.859082,0.19908203,-0.57091796,-0.28091797,-1.150918,-2.0609179,-2.480918,-2.140918,-2.880918,-4.450918,-5.290918,-5.650918,-6.940918,-5.610918,-6.840918,-6.530918,-5.280918,-3.0609179,-3.510918,1.0290821,6.179082,1.319082,1.4990821,1.7590821,-4.010918,-3.080918,-3.730918,-3.670918,-0.53091794,-7.900918,-5.510918,-7.240918,-10.480918,0.48908204,2.639082,2.549082,-2.250918
-1.020918,2.169082,5.009082,6.609082,3.219082,-1.6009179,1.799082,0.46908203,-0.49091798,-1.580918,0.629082,-0.97091794,-3.010918,-3.440918,-4.460918,-6.390918,-6.310918,-6.270918,-6.890918,-6.880918,-6.440918,-7.090918,-4.120918,-2.220918,2.469082,0.699082,1.319082,-1.410918,-0.010917969,-3.230918,-2.970918,-3.530918,-1.8509179,-1.320918,-5.610918,-13.280918,-9.730918,-7.960918,-1.190918,0.43908203,1.229082
2.289082,7.099082,5.729082,3.799082,1.869082,4.629082,3.429082,2.099082,0.699082,-0.96091795,-2.030918,-3.770918,-6.030918,-4.170918,-4.890918,-6.330918,-7.230918,-7.700918,-6.970918,-6.900918,-5.940918,-1.330918,-6.690918,-3.8109179,-4.950918,-4.150918,-4.730918,-5.240918,-0.750918,-0.57091796,-2.630918,-3.280918,0.60908204,-1.150918,-0.18091796,-1.800918,-0.31091797,-4.6809177,-2.390918,0.67908204,-1.6009179
5.5690823,5.879082,6.249082,5.509082,4.249082,4.849082,3.989082,2.389082,1.7790821,0.43908203,0.30908203,-1.940918,-4.060918,-6.760918,-6.950918,-6.110918,-6.050918,-7.040918,-6.9109178,-7.030918,-7.130918,-6.320918,-3.700918,-2.610918,-3.190918,-3.350918,-4.670918,-2.900918,-2.930918,-4.110918,-4.610918,-4.370918,-4.110918,6.059082,1.229082,1.069082,2.999082,1.489082,-0.04091797,-0.69091797,-1.650918
5.149082,5.0690823,3.969082,-0.910918,1.7590821,4.009082,2.389082,3.1990821,2.059082,1.979082,0.699082,0.889082,-0.100917965,-3.530918,-5.730918,-5.620918,-6.470918,-6.220918,-5.4109178,-5.950918,-5.190918,-4.740918,-4.280918,-3.970918,-3.400918,-3.200918,-1.9909179,-4.760918,-5.220918,-6.580918,-4.050918,-5.510918,0.71908206,-1.170918,-0.100917965,-1.420918,-3.090918,-2.0509179,5.179082,7.729082,-1.950918
6.299082,5.099082,1.659082,0.46908203,-1.060918,-2.630918,2.729082,3.479082,2.379082,1.239082,0.66908205,-0.53091794,4.509082,2.039082,-0.58091795,-4.100918,-5.580918,-5.6609178,-6.290918,-5.950918,-5.550918,-3.100918,-3.030918,-3.320918,-3.150918,-3.100918,-3.660918,1.849082,-1.940918,-2.820918,-3.390918,-3.860918,-5.090918,-3.090918,-3.260918,1.079082,-2.630918,-6.620918,-2.860918,-2.460918,-2.140918
4.809082,5.029082,5.749082,5.409082,4.059082,5.3190823,3.539082,3.659082,3.469082,2.089082,1.719082,-0.41091797,-2.0509179,-3.240918,-3.450918,-3.510918,-3.570918,-4.560918,-4.730918,-5.010918,-4.980918,-4.260918,-4.070918,-3.730918,-3.740918,-3.860918,-3.430918,-5.710918,-3.5509179,-2.820918,-2.830918,-2.460918,-2.680918,0.66908205,-5.590918,-2.070918,0.14908203,-1.3709179,-4.010918,-1.6009179,-4.520918
3.599082,4.079082,3.399082,3.9490821,3.969082,4.179082,4.389082,4.409082,2.419082,2.329082,0.28908202,-0.32091796,-1.200918,-0.53091794,-1.330918,-1.9709179,-2.000918,-2.470918,-2.960918,-3.820918,-3.450918,-2.920918,-3.330918,-4.340918,-4.280918,-4.120918,-4.840918,-5.350918,-3.960918,-4.420918,-4.6809177,-5.070918,-5.800918,-4.1809177,-5.610918,0.31908202,-1.890918,-2.690918,-4.550918,-2.420918,-1.8709179
3.379082,3.9590821,3.759082,3.669082,3.9490821,3.979082,3.639082,2.889082,2.049082,1.2690821,-0.610918,-1.2509179,-2.820918,-3.120918,-2.880918,-1.460918,-0.860918,-0.020917969,-1.640918,-2.360918,-2.3109179,-2.850918,-1.960918,-2.5509179,-2.700918,-2.250918,-2.0409179,-2.3109179,-3.110918,-4.420918,-4.210918,-4.060918,-2.7909179,-3.870918,-3.010918,-3.770918,-2.680918,-2.990918,2.869082,-0.95091796,3.269082
4.079082,4.149082,3.359082,3.319082,3.419082,3.319082,2.799082,2.509082,1.979082,0.36908203,-1.020918,-2.710918,-2.660918,-3.5609179,-3.280918,-2.760918,-1.010918,0.46908203,0.72908205,0.519082,-0.990918,-1.760918,-2.140918,-0.930918,-2.030918,-0.16091797,-1.820918,-1.6009179,-2.920918,-3.780918,-3.520918,-3.650918,-2.700918,-1.8609179,-0.44091797,-0.730918,-1.920918,-0.88091797,1.8790821,3.489082,2.149082
3.339082,3.499082,3.419082,2.9590821,2.659082,2.969082,2.239082,1.909082,0.80908203,-0.23091798,-0.95091796,-2.490918,-2.8009179,-3.010918,-3.580918,-3.240918,-2.240918,-1.840918,-0.550918,1.239082,-0.07091797,-1.8709179,-1.380918,-1.180918,-0.30091798,-0.64091796,-2.070918,-2.840918,-2.510918,-3.500918,-4.320918,-3.930918,-1.940918,-0.37091798,1.659082,0.30908203,1.609082,2.039082,4.269082,0.519082,-0.88091797
2.359082,2.879082,3.219082,3.289082,2.979082,2.249082,1.729082,0.959082,0.73908204,0.26908204,-0.620918,-2.0509179,-2.220918,-2.490918,-2.640918,-2.330918,-1.7309179,-1.440918,-0.83091795,0.46908203,0.61908203,0.569082,-0.49091798,-0.680918,0.019082032,1.099082,0.12908202,-2.530918,-1.400918,-2.420918,-2.200918,-1.690918,-0.860918,-0.05091797,1.839082,3.029082,3.4390821,3.469082,2.519082,0.71908206,-1.180918
1.2790821,1.9990821,4.139082,2.919082,2.399082,2.389082,1.979082,1.439082,0.39908203,0.04908203,0.13908203,-0.540918,-1.160918,-1.670918,-1.8709179,-2.000918,-0.82091796,-0.810918,-1.200918,0.39908203,2.179082,2.169082,1.419082,0.45908204,-0.20091797,-0.25091797,1.709082,-0.25091797,-1.6009179,-1.510918,-2.340918,-2.700918,-2.160918,-2.520918,1.559082,3.329082,3.559082,2.649082,3.7090821,2.969082,0.27908203
0.519082,-0.53091794,1.239082,1.059082,0.639082,1.579082,2.389082,1.559082,0.97908205,0.34908202,0.77908206,0.28908202,-0.53091794,0.20908204,-1.030918,0.18908203,-0.19091797,-0.53091794,-0.620918,-0.25091797,0.55908203,1.859082,1.6290821,0.55908203,0.34908202,0.509082,0.44908202,1.429082,-0.65091795,-1.7209179,-2.230918,-1.3709179,-2.950918,-2.430918,-0.550918,2.759082,2.919082,2.4490821,3.179082,2.269082,2.389082
-2.850918,-0.06091797,-1.710918,-1.910918,-0.16091797,0.26908204,0.709082,0.14908203,-0.29091796,0.31908202,1.169082,2.389082,1.329082,-0.23091798,-0.65091795,-1.150918,-0.540918,-0.540918,-0.560918,-0.16091797,1.5090821,1.7790821,1.8890821,2.029082,1.309082,1.439082,0.71908206,-0.550918,-0.910918,-1.560918,-2.380918,0.889082,-1.660918,-0.64091796,-0.25091797,0.959082,3.1890821,3.1890821,3.669082,4.549082,2.359082
