wind_kz.json
{"header": {"discipline":0,"disciplineName":"Meteorological products","gribEdition":2,"gribLength":1025,"center":7,"centerName":"US National Weather Service - NCEP(WMC)","subcenter":0,"refTime":"2023-08-20T18:00:00.000Z","significanceOfRT":1,"significanceOfRTName":"Start of forecast","productStatus":0,"productStatusName":"Operational products","productType":1,"productTypeName":"Forecast products","productDefinitionTemplate":0,"productDefinitionTemplateName":"Analysis/forecast at horizontal level/layer at a point in time","parameterCategory":2,"parameterCategoryName":"UnknownDiscipline_0_Category_2","parameterNumber":3,"parameterNumberName":"UnknownParameter_D0_C2_3","parameterUnit":"Unknown","genProcessType":2,"genProcessTypeName":"Forecast","forecastTime":120,"surface1Type":103,"surface1TypeName":"Specified height level above ground","surface1Value":10.0,"surface2Type":255,"surface2TypeName":"Missing","surface2Value":0.0,"gridDefinitionTemplate":0,"gridDefinitionTemplateName":"Latitude_Longitude","numberPoints":615,"shape":6,"shapeName":"Earth spherical with radius of 6,371,229.0 m","gridUnits":"degrees","resolution":48,"winds":"true","scanMode":64,"nx":41,"ny":15,"basicAngle":0,"lo1":47.0,"la1":41.0,"lo2":87.0,"la2":55.0,"dx":1.0,"dy":1.0}, "data":
[rows 0 to 14 of 15, columns 0 to 40 of 41]
1.1913501,-1.4886498,-0.3186499,-5.53865,-7.1686497,-7.1086497,-3.7186499,-3.94865,-2.92865,-3.9686499,-4.40865,-2.55865,-5.02865,-6.79865,-7.42865,-7.63865,-6.07865,-4.94865,-4.31865,-3.56865,-4.6286497,-4.8386497,-4.11865,-1.4686499,-2.44865,-0.3386499,-0.7186499,1.8013501,-0.2286499,0.3913501,0.1313501,0.3813501,1.0113502,-1.2686499,-2.07865,-1.4786499,-2.12865,1.0313501,-0.64864993,-2.4986498,2.0213501
1.8013501,-0.5486499,0.2113501,-3.67865,-7.36865,-6.31865,-5.70865,-1.4286499,-2.07865,-1.88865,-2.2586498,-1.8186499,-3.31865,-3.57865,-5.69865,-5.31865,-7.06865,-6.24865,-7.6686497,-3.4886498,-3.65865,-3.56865,-2.44865,0.2013501,0.9413501,-2.90865,-3.9886498,1.12135,-0.3286499,1.11135,3.7113502,3.2513502,-0.3486499,1.8013501,-0.4386499,-0.5186499,-0.9786499,-2.13865,-1.6086498,-2.19865,-0.0686499
1.74135,4.48135,4.13135,3.88135,5.65135,2.36135,-1.9586499,-1.7286499,4.28135,2.4513502,-0.008649902,-0.4886499,-1.5786499,-2.4886498,-2.94865,-3.56865,-3.07865,-2.86865,-3.69865,-1.9586499,-3.17865,-4.1086497,-3.12865,0.7113501,-2.0286498,0.9213501,1.7613502,1.6913501,0.9713501,2.4713502,3.36135,1.5213501,3.5313501,-1.3286499,-1.12865,2.4813502,4.50135,0.2013501,0.46135008,0.6313501,1.3113501
5.02135,6.17135,7.0813503,5.00135,1.86135,-0.2686499,-1.7886499,-0.8086499,-0.6586499,0.8913501,-0.7386499,0.5513501,1.8213501,-1.0186499,-0.9786499,-1.5686499,-3.13865,-3.38865,-3.88865,0.4413501,-2.5286498,-1.4686499,-1.86865,-4.1286497,-2.17865,-3.0186498,-3.5286498,-0.8186499,0.14135009,-3.2186499,-0.21864991,-2.65865,-1.6086498,1.74135,0.1113501,-4.20865,-2.9586499,1.3213501,2.69135,2.56135,2.31135
-1.9086499,2.7413502,7.1613503,5.78135,3.17135,-0.3886499,-2.2786498,-1.5486499,-3.11865,3.09135,1.8413501,-0.6086499,-3.14865,-3.80865,-2.64865,-0.7486499,-1.0186499,-2.09865,-0.8786499,1.0713501,-1.0986499,-1.63865,-2.05865,-2.9786499,-1.6686499,-1.5486499,-1.9386499,0.4813501,0.8113501,-1.4286499,-2.7286499,-0.2986499,1.9513501,3.33135,-1.1786499,-2.14865,-0.5686499,-2.0186498,2.5413501,2.65135,-0.5286499
-3.7286499,-3.7186499,-5.68865,2.4513502,4.02135,2.4813502,1.2613502,0.5013501,-1.5986499,1.24135,2.2313502,-0.0886499,-2.9786499,-4.0886497,-4.26865,-1.4886498,-0.1686499,-1.0186499,-2.10865,-0.64864993,-2.07865,-0.4086499,-1.8086499,-4.17865,0.9913501,1.4113501,-0.008649902,4.8713503,3.5013502,1.8413501,-1.75865,-2.5486498,-2.9686499,-0.1986499,3.0113502,1.2913501,4.3313503,2.91135,0.4313501,-0.0786499,0.1313501
-5.75865,-7.47865,-7.18865,-3.42865,-6.42865,-0.4686499,-6.82865,3.9513502,-2.08865,-0.1986499,2.2213502,0.011350098,-2.2586498,-3.69865,-3.2886498,-2.9686499,-6.24865,0.8613501,1.2613502,0.3913501,-1.9186499,-4.22865,-1.9586499,-6.59865,3.92135,2.62135,1.4013501,4.77135,2.2413502,2.7613502,-1.0486499,-3.17865,-2.59865,-2.0486498,-2.0386498,-1.8186499,-3.63865,-0.3486499,2.2813501,1.0313501,1.9013501
-2.7486498,-3.18865,-4.21865,-3.41865,-4.71865,-4.6286497,-4.27865,-4.84865,1.75135,-1.37865,-2.5286498,-1.63865,-2.2686498,-2.4586499,-4.1686497,-6.17865,-5.32865,-7.97865,-0.8786499,2.2713501,-0.7786499,-3.05865,-3.14865,-4.32865,-6.42865,0.8113501,0.8813501,0.2613501,-1.2886499,-3.7986498,-2.5286498,-3.4786499,-4.38865,-5.38865,2.63135,2.19135,1.9113501,3.37135,-2.2686498,-0.8486499,-1.9786499
-5.03865,-5.6686497,-4.23865,-2.07865,-2.09865,-1.3086499,-0.3086499,-1.24865,1.7113501,0.081350096,-3.68865,-1.8586498,-2.10865,-2.7986498,-3.86865,-3.91865,-3.2586498,-4.42865,-7.68865,0.7713501,0.14135009,-2.07865,-3.9986498,0.2513501,-1.5286499,-3.35865,-0.7286499,-2.5386498,0.9913501,0.7713501,-1.4286499,-2.2886498,-2.44865,-4.45865,-2.9886498,-1.2686499,-1.0386499,3.32135,1.63135,1.37135,-0.5186499
-5.19865,-5.78865,-5.24865,-3.92865,-1.62865,-1.74865,-1.9786499,-2.2686498,-1.99865,-0.4686499,-0.7886499,-0.4386499,-3.05865,-3.85865,-2.5186498,-3.0386498,-2.57865,-4.19865,-5.5886497,-4.44865,0.7413501,0.7613501,-1.0986499,-3.13865,-1.4786499,-0.0386499,0.2413501,0.46135008,0.3313501,1.0613501,1.25135,-1.6586499,-1.99865,-4.68865,-3.7086499,-2.41865,0.7113501,-2.18865,0.4713501,3.9613502,3.0413501
-2.63865,-3.32865,-2.7786498,-5.15865,-2.5186498,-0.3686499,-0.1586499,0.0913501,-0.2286499,-1.24865,-1.1486499,-0.3786499,-1.1786499,-3.2286499,-5.1686497,-0.3686499,-2.2486498,-3.34865,-5.3786497,-6.1086497,-3.7386498,-0.7286499,0.5013501,1.4213501,0.6113501,0.0913501,-1.0186499,-2.19865,-1.11865,0.2313501,-1.1686499,-1.9886498,-2.83865,-2.5086498,-2.41865,-3.13865,-2.31865,2.7213502,1.7813501,1.9013501,0.7113501
-3.62865,-3.36865,-3.82865,-4.65865,-4.93865,-5.63865,-3.10865,-0.2086499,1.4213501,0.9913501,1.3313501,-0.3486499,-0.9586499,-1.1986499,-2.9886498,0.9813501,-1.3286499,-2.66865,-2.35865,-3.11865,-3.7486498,-2.84865,1.7013501,2.30135,1.6513501,0.4013501,0.4313501,-0.3986499,-0.89864993,-1.88865,-1.8286499,-2.4986498,-1.9786499,-2.7386498,-2.14865,-2.5386498,-1.5286499,0.7313501,1.50135,1.7313501,1.2013501
-2.2586498,-2.07865,-2.2986498,-1.7786499,-2.4986498,-2.35865,-2.5286498,-3.11865,-3.11865,-1.0786499,0.7613501,0.1113501,0.6513501,0.46135008,2.12135,0.17135009,-0.18864991,-1.2886499,-2.63865,-1.99865,-1.6486499,0.6513501,0.051350098,1.24135,3.88135,3.44135,2.34135,0.3113501,-1.87865,-1.9086499,-1.2086499,-1.8286499,-3.14865,-3.2586498,-3.17865,-2.68865,-2.89865,-1.5486499,-3.55865,-0.1186499,0.9413501
-1.0786499,-1.88865,-2.2786498,-1.6786499,-1.7686499,-0.8586499,-1.7186499,-2.2886498,-2.4886498,-1.5886499,0.4813501,-0.3586499,-0.3686499,0.60135007,-0.4086499,0.4313501,0.6413501,1.3913502,-1.3386499,-2.2586498,-1.2186499,1.75135,1.1713501,-3.82865,2.07135,1.9613501,1.3213501,0.46135008,-0.4486499,-0.6786499,-1.3086499,-2.62865,-2.5286498,-1.8586498,-1.7686499,-2.37865,-1.7886499,-0.5586499,-1.4686499,-3.08865,2.62135
-0.9986499,-1.9886498,-4.15865,-1.5686499,-2.07865,-1.3286499,-1.3186499,-1.5686499,-0.4386499,-1.4886498,-0.4486499,1.4613501,1.8013501,-0.6886499,-0.64864993,-0.3386499,-0.098649904,2.42135,-0.8386499,-1.7186499,-1.2186499,1.7213501,2.4713502,-0.8086499,-1.36865,0.9313501,1.4413501,0.9513501,-0.1586499,0.4013501,-1.0386499,-2.39865,-1.8386499,-2.34865,-1.49865,-0.7186499,-0.1686499,0.0013500977,0.46135008,-1.1086498,0.4513501
