wind_kz.json
{"header": {"discipline":0,"disciplineName":"Meteorological products","gribEdition":2,"gribLength":1025,"center":7,"centerName":"US National Weather Service - NCEP(WMC)","subcenter":0,"refTime":"2023-08-19T06:00:00.000Z","significanceOfRT":1,"significanceOfRTName":"Start of forecast","productStatus":0,"productStatusName":"Operational products","productType":1,"productTypeName":"Forecast products","productDefinitionTemplate":0,"productDefinitionTemplateName":"Analysis/forecast at horizontal level/layer at a point in time","parameterCategory":2,"parameterCategoryName":"UnknownDiscipline_0_Category_2","parameterNumber":2,"parameterNumberName":"UnknownParameter_D0_C2_2","parameterUnit":"Unknown","genProcessType":2,"genProcessTypeName":"Forecast","forecastTime":60,"surface1Type":103,"surface1TypeName":"Specified height level above ground","surface1Value":10.0,"surface2Type":255,"surface2TypeName":"Missing","surface2Value":0.0,"gridDefinitionTemplate":0,"gridDefinitionTemplateName":"Latitude_Longitude","numberPoints":615,"shape":6,"shapeName":"Earth spherical with radius of 6,371,229.0 m","gridUnits":"degrees","resolution":48,"winds":"true","scanMode":64,"nx":41,"ny":15,"basicAngle":0,"lo1":47.0,"la1":41.0,"lo2":87.0,"la2":55.0,"dx":1.0,"dy":1.0}, "data":
[rows 0 to 14 of 15, columns 0 to 40 of 41]
-4.7171826,-0.037182618,2.1828175,-0.16718262,0.8128174,0.2828174,3.3928175,2.6928174,-1.0871826,-0.4971826,1.2928174,0.53281736,-4.9471827,-2.3171825,0.14281738,2.0228174,3.9028175,3.8428173,4.0128174,3.2028174,4.2028174,3.7128174,-2.9471827,-0.9871826,1.3028173,-3.6171827,-2.7171826,0.6428174,0.79281735,-0.29718262,-1.3671826,-0.6671826,1.4428173,1.4128174,-2.2171826,-1.6271826,-2.3371825,-2.1071825,-2.5971825,-2.3571825,-3.8971827
2.1628175,2.1428175,-2.1771827,-1.0571827,1.5528173,1.4128174,3.5928173,-1.3471826,-2.1971827,0.26281738,-1.4671826,-3.5471826,-1.6671826,0.09281738,3.1628175,3.2228174,4.3328176,0.46281737,2.8328173,2.5528173,2.6628175,2.3628173,-1.6071826,-0.95718265,-0.5071826,3.0528173,-1.0871826,0.65281737,-4.327183,-2.6471827,0.14281738,-0.44718263,0.90281737,-0.5371826,0.54281735,0.97281736,1.0528173,1.3228173,-1.8371826,-0.8171826,-5.6271825
1.8228173,-4.5871825,-0.8271826,-2.1671827,0.08281738,1.9828174,2.6328173,4.4728174,1.7328174,1.3428174,1.1828173,0.45281738,0.032817382,1.3828174,6.2828174,4.8228173,1.3128173,-1.0371826,1.0328174,-0.3971826,3.7128174,0.042817384,1.0728173,-3.3871827,1.3828174,-2.7271826,-0.8171826,-1.0871826,-3.5871825,-0.5071826,-1.3171827,2.2728174,0.06281738,-0.48718262,1.0028174,-1.1071826,-0.15718262,-0.32718262,3.0628173,4.002817,1.6628174
-3.7271826,-3.1871827,-2.5771825,-0.3971826,-1.0971826,2.6028173,6.002817,0.7028174,-1.6971827,0.19281739,3.7128174,1.3628174,-1.5371826,2.8128173,1.7628174,-1.3871826,-1.8371826,-4.0671825,4.7628174,-1.6571826,6.1328173,-2.9371827,0.9428174,-3.7771826,-5.7771826,-4.6171827,-4.9171824,-8.617183,-5.577183,-3.1871827,-2.7371826,-1.1571826,1.0328174,0.12281738,-3.2071826,-1.7871826,-0.65718263,2.1928174,0.59281737,1.6228174,-0.6271826
-1.5671827,-1.1571826,1.9028174,1.5928174,2.8228173,-0.44718263,-1.4571826,-0.28718263,-3.1371827,-1.2671826,-0.7471826,3.2328174,0.39281738,0.6728174,-0.28718263,-1.3371826,-0.9871826,1.7628174,-0.3971826,-4.2371826,-6.6671824,-2.0971825,-3.7471826,-7.2171826,-4.8471828,-6.3571825,-5.6271825,-3.5571826,-4.9771824,-3.7471826,-3.2671826,-1.7371826,-2.6571827,0.6328174,1.8728174,-0.6271826,2.9428174,-2.0871825,-1.2071826,-3.1971827,-5.247183
0.49281737,1.8428174,3.7928174,4.8828173,4.6228175,3.2628174,0.8628174,1.0728173,0.4728174,-1.8471826,-1.1071826,0.2528174,1.5428174,2.6728175,0.6328174,-0.6271826,-2.1871827,-1.8471826,-1.5071826,-2.4371827,-3.2671826,0.7528174,-0.8871826,-4.0871825,-4.1871824,-3.6671827,-3.3471825,-4.827183,-3.8671827,-3.6471827,-3.3071826,-3.1471827,-3.3271825,-3.1771827,-0.5371826,-3.9271827,0.33281738,1.6728173,4.1528172,-4.3771825,-6.6071825
3.4628174,2.5828173,6.1628175,4.5628176,4.4528174,4.2728176,3.7528174,2.7328174,1.1228174,-0.8771826,-2.4471827,-0.5071826,0.17281738,2.5628173,1.9728174,1.3128173,-0.24718262,-1.4471827,-2.8171825,-2.9971826,-2.7871826,7.3828173,2.1528175,-3.0071826,-1.5471826,-0.3771826,-0.28718263,0.14281738,1.3328174,-0.057182617,0.0028173828,0.9928174,-3.3871827,-4.4271827,-2.9871826,-2.3271825,-1.0771827,1.6228174,-0.047182616,0.6828174,6.6028175
-3.1471827,-3.8871827,-3.9871826,1.5728173,0.6828174,4.942817,2.4328175,2.8928175,1.4128174,0.4728174,-1.3771826,-0.6971826,1.2328174,0.40281737,1.6428174,0.9228174,1.2528174,-1.3571826,2.5928173,2.7028174,2.7628174,3.7628174,1.5028174,-1.1871827,-2.7171826,-1.8471826,-2.6071825,-0.8671826,-1.2071826,-0.08718262,-1.6171826,-4.2571826,-4.2271824,-2.0871825,-3.1871827,-1.0271826,-1.4271827,1.5028174,3.8328173,6.0928173,-0.3971826
-2.1571827,-1.5571827,-2.1271827,-2.0571826,-2.4071827,-2.2871826,3.4328175,5.2428174,1.9228173,3.6928174,2.4128175,-0.5771826,2.3728173,1.3128173,0.3828174,1.5828174,0.8728174,1.2428174,5.4328175,1.7228174,3.2428174,4.7928176,4.3928175,-2.1571827,-2.9971826,-3.6471827,-1.9171826,-2.0871825,-1.0071826,-2.4871826,-2.7971826,-3.4171827,-2.0671825,-3.0471826,-0.6171826,-0.21718262,0.97281736,-1.1871827,-1.3671826,1.0628173,-0.8071826
7.7428174,2.6328173,2.6128173,-0.027182616,1.8428174,1.5028174,2.2028174,2.1728175,2.9128175,3.3328173,3.1328173,0.59281737,1.5528173,1.1328174,0.8328174,0.60281736,2.7528174,3.1728175,6.0828176,6.2428174,4.0628176,2.4028175,-3.1171827,-3.3771827,-4.5671825,-4.577183,-3.8471825,-3.7871826,-2.8171825,-3.4571826,-3.4671826,-3.5271826,-3.7671826,-3.0071826,-2.1271827,-0.5471826,-1.5471826,0.42281738,-1.8471826,0.3428174,0.032817382
-1.3771826,-1.5071826,0.42281738,4.9528174,0.3528174,1.2328174,2.9528174,9.522818,2.7628174,2.8528173,2.7628174,1.0828174,2.3928175,2.1828175,0.4728174,0.15281738,-1.6871827,2.1328173,-0.2771826,4.2228174,-1.1971827,-3.3071826,-3.7671826,-3.8671827,-3.4271827,-3.5471826,-1.7271826,-1.9971826,-3.4771826,-3.2971826,-4.3471828,-3.7571826,-3.7471826,-2.2871826,-2.0871825,-1.2571826,-1.2171826,0.22281738,-0.5671826,1.1728173,-0.70718265
-2.5371826,-2.4671826,-1.7471826,-1.7071826,-1.2171826,-3.0371826,-2.2571826,0.59281737,0.42281738,-2.2371826,-0.6171826,0.022817383,3.2228174,1.0928174,1.4528174,-1.4271827,-2.7771826,-1.3871826,0.3428174,-0.8271826,-2.3571825,-3.2571826,-2.9971826,-2.7671826,-1.7671826,-2.5671825,-3.8871827,-2.8771827,-3.6071825,-4.3571825,-3.5571826,-3.5471826,-2.4271827,-2.8071826,-1.9671826,-2.3471825,-1.6471826,-0.037182618,0.53281736,0.112817384,0.2828174
-2.3871827,-0.8271826,-1.5471826,-1.6171826,-1.8471826,-1.2171826,-2.4971826,-2.8671827,-0.20718262,0.6428174,-0.31718263,-0.8271826,-3.0271826,-2.9471827,-1.8271827,-2.9671826,-3.7171826,-1.9871826,0.052817382,0.3528174,-0.3771826,1.3928174,-0.14718261,2.7428174,0.9428174,-1.9771826,-3.7371826,-4.7571826,-4.327183,-3.9571826,-3.7171826,-3.1671827,-2.3371825,-3.0871825,-2.1371827,-1.5271826,0.12281738,-0.65718263,-1.3071827,-1.2571826,-0.8071826
-0.6771826,-1.4071826,-1.1071826,-1.8371826,-1.3771826,-1.5071826,-1.3071827,-1.1371826,-0.32718262,0.15281738,0.112817384,0.9328174,1.1928173,-1.6271826,-0.9471826,-1.0871826,-2.0271826,-1.1671826,-3.0771825,-0.047182616,0.4428174,1.7128174,-0.3971826,2.6328173,-0.5671826,-2.9571826,-3.9771826,-4.2571826,-3.9971826,-3.8871827,-3.7871826,-3.3171825,-2.5971825,-2.1071825,-0.21718262,0.66281736,-0.17718261,-1.0671827,-1.9471827,-0.11718262,0.49281737
0.19281739,0.36281738,1.4828174,0.90281737,0.23281738,1.0828174,-0.20718262,-0.31718263,-0.057182617,-0.45718262,-0.52718264,0.3728174,0.48281738,1.2128174,0.5128174,1.5528173,1.6228174,1.9728174,0.9428174,-0.29718262,0.97281736,3.7828174,1.2828174,0.42281738,-3.7371826,-3.6471827,-4.1571827,-4.6571827,-3.6571827,-3.2771826,-2.8771827,-1.8971826,-0.9971826,-1.3071827,-1.6671826,-0.9471826,-1.4971826,-0.7871826,-1.2371826,-0.5371826,-0.9171826
