wind_kz.json
{"header": {"discipline":0,"disciplineName":"Meteorological products","gribEdition":2,"gribLength":871,"center":7,"centerName":"US National Weather Service - NCEP(WMC)","subcenter":0,"refTime":"2023-09-08T12:00:00.000Z","significanceOfRT":1,"significanceOfRTName":"Start of forecast","productStatus":0,"productStatusName":"Operational products","productType":1,"productTypeName":"Forecast products","productDefinitionTemplate":0,"productDefinitionTemplateName":"Analysis/forecast at horizontal level/layer at a point in time","parameterCategory":0,"parameterCategoryName":"UnknownDiscipline_0_Category_0","parameterNumber":0,"parameterNumberName":"UnknownParameter_D0_C0_0","parameterUnit":"Unknown","genProcessType":2,"genProcessTypeName":"Forecast","forecastTime":240,"surface1Type":1,"surface1TypeName":"Ground or water surface","surface1Value":0.0,"surface2Type":255,"surface2TypeName":"Missing","surface2Value":0.0,"gridDefinitionTemplate":0,"gridDefinitionTemplateName":"Latitude_Longitude","numberPoints":615,"shape":6,"shapeName":"Earth spherical with radius of 6,371,229.0 m","gridUnits":"degrees","resolution":48,"winds":"true","scanMode":64,"nx":41,"ny":15,"basicAngle":0,"lo1":47.0,"la1":41.0,"lo2":87.0,"la2":55.0,"dx":1.0,"dy":1.0}, "data":
[rows 0 to 14 of 15, columns 0 to 40 of 41]
305.82245,290.22244,292.52243,297.22244,297.12244,296.32245,307.02243,314.72244,310.82245,310.12244,308.02243,308.42242,308.02243,308.02243,307.52243,307.42242,306.82245,306.12244,306.82245,306.52243,308.12244,303.92242,304.42242,299.92242,304.02243,306.12244,301.42242,286.62244,286.12244,284.12244,283.12244,287.32245,297.52243,303.82245,302.92242,302.82245,301.82245,301.02243,300.22244,300.62244,300.32245
286.02243,289.82245,296.82245,296.82245,296.62244,295.22244,309.02243,309.52243,308.32245,307.32245,308.12244,306.92242,307.42242,306.22244,306.52243,307.12244,306.42242,305.62244,304.12244,304.62244,304.72244,303.92242,302.02243,293.92242,285.52243,285.42242,294.92242,287.42242,289.92242,281.52243,286.22244,278.22244,286.22244,268.02243,282.62244,297.42242,295.52243,300.82245,302.62244,290.82245,286.42242
289.32245,296.32245,297.12244,296.72244,294.52243,306.42242,308.52243,308.82245,307.32245,306.72244,305.72244,306.62244,304.62244,305.22244,305.02243,305.22244,304.12244,303.12244,302.92242,303.02243,303.02243,303.32245,304.12244,296.92242,299.52243,297.42242,298.72244,299.02243,297.22244,288.72244,278.92242,280.82245,287.92242,286.72244,287.42242,287.82245,279.52243,280.52243,282.52243,278.82245,277.82245
293.32245,295.72244,296.62244,295.72244,293.72244,293.62244,296.62244,302.32245,303.22244,304.22244,303.72244,300.82245,292.92242,292.52243,301.62244,303.72244,302.42242,302.52243,302.92242,302.02243,300.52243,297.52243,301.32245,301.52243,301.42242,301.02243,301.22244,299.02243,298.02243,299.92242,300.92242,296.12244,300.02243,298.82245,296.72244,291.52243,279.82245,276.82245,281.62244,291.92242,293.22244
302.92242,293.92242,294.62244,293.32245,296.02243,300.02243,301.42242,302.12244,301.82245,301.82245,302.62244,299.32245,293.22244,291.82245,290.22244,302.72244,302.12244,301.32245,300.32245,300.62244,301.22244,301.72244,300.52243,300.32245,300.12244,300.42242,299.62244,295.92242,298.62244,299.22244,302.12244,299.02243,284.32245,275.02243,286.02243,293.72244,295.62244,299.92242,298.82245,298.22244,297.22244
303.72244,300.32245,292.92242,292.12244,292.62244,292.02243,301.62244,304.72244,300.42242,300.82245,302.12244,301.42242,293.22244,292.92242,295.92242,300.12244,301.92242,301.62244,300.82245,300.52243,300.22244,299.22244,298.22244,297.82245,297.32245,296.52243,297.72244,290.82245,298.22244,298.72244,298.12244,298.72244,297.22244,295.62244,291.72244,293.62244,286.52243,288.82245,296.12244,299.02243,297.42242
302.32245,302.42242,304.82245,298.32245,298.12244,289.42242,299.82245,292.52243,294.72244,304.32245,300.72244,299.92242,301.42242,300.62244,300.12244,300.72244,300.62244,300.62244,299.82245,298.72244,297.92242,297.92242,298.32245,298.02243,296.02243,295.82245,295.42242,296.22244,295.72244,296.62244,296.42242,296.32245,296.92242,297.92242,295.32245,293.32245,287.52243,283.82245,281.52243,280.62244,290.82245
302.02243,303.42242,303.32245,299.12244,300.92242,291.42242,291.92242,291.62244,293.12244,294.72244,296.12244,299.02243,297.12244,299.22244,299.42242,299.12244,298.92242,297.72244,298.22244,296.32245,296.22244,296.12244,295.12244,292.92242,290.82245,288.72244,290.22244,290.92242,290.42242,292.42242,290.62244,290.82245,291.82245,290.32245,290.72244,292.42242,293.82245,289.02243,291.12244,291.02243,286.62244
302.82245,302.82245,295.42242,299.22244,301.82245,298.12244,296.92242,297.72244,299.12244,295.52243,295.52243,295.52243,294.62244,297.12244,296.22244,297.02243,294.22244,295.02243,297.02243,296.02243,291.22244,290.02243,290.42242,289.42242,289.62244,289.12244,286.82245,286.12244,286.02243,285.32245,287.12244,287.42242,289.82245,290.42242,290.82245,289.62244,287.12244,287.12244,276.52243,274.72244,272.72244
301.62244,300.82245,300.62244,296.52243,295.92242,299.52243,293.92242,295.22244,294.52243,294.92242,293.52243,292.82245,292.12244,292.72244,292.12244,294.32245,293.22244,295.02243,293.12244,295.12244,292.42242,290.92242,291.42242,289.92242,289.42242,287.72244,287.92242,288.62244,286.72244,286.02243,286.72244,290.22244,290.82245,290.52243,290.42242,289.12244,284.82245,280.62244,276.42242,274.12244,271.82245
300.22244,299.72244,299.52243,295.02243,295.22244,298.82245,294.72244,294.12244,297.12244,296.72244,290.32245,295.82245,294.52243,294.02243,293.82245,292.62244,291.92242,292.92242,293.62244,293.12244,293.12244,291.12244,289.42242,290.32245,290.52243,289.62244,287.22244,289.32245,289.62244,290.32245,291.02243,290.62244,289.12244,287.82245,288.82245,286.52243,281.02243,280.02243,281.42242,279.62244,276.42242
297.62244,296.52243,297.42242,297.32245,296.32245,296.22244,294.92242,294.72244,292.82245,294.22244,292.02243,289.22244,293.92242,292.12244,292.42242,293.32245,293.02243,291.82245,291.22244,290.62244,289.52243,289.12244,288.62244,288.52243,287.22244,287.52243,287.22244,288.32245,289.32245,289.82245,289.12244,289.72244,287.72244,285.82245,284.92242,286.22244,285.72244,285.62244,285.12244,284.32245,283.22244
289.02243,292.32245,294.02243,292.52243,293.62244,292.72244,292.82245,293.52243,291.92242,290.32245,287.62244,288.32245,290.62244,290.22244,290.52243,290.42242,290.42242,290.72244,292.42242,291.22244,289.42242,287.82245,286.72244,286.22244,285.92242,285.72244,285.82245,285.42242,286.42242,287.52243,288.22244,288.62244,288.92242,287.42242,286.52243,286.62244,288.82245,288.12244,286.12244,284.72244,283.82245
288.72244,291.52243,289.72244,290.32245,290.62244,290.42242,289.62244,289.72244,290.42242,290.02243,286.22244,284.62244,287.62244,289.12244,288.92242,290.32245,290.42242,290.32245,290.42242,290.12244,290.12244,289.12244,288.72244,284.82245,284.62244,284.32245,284.22244,285.22244,285.02243,284.72244,286.62244,287.12244,288.12244,288.42242,288.22244,287.42242,286.92242,286.52243,285.52243,283.32245,284.12244
289.82245,291.82245,288.02243,290.02243,290.02243,289.82245,288.72244,288.42242,288.62244,288.52243,287.22244,284.02243,281.72244,283.42242,286.92242,287.02243,288.12244,289.02243,290.42242,290.12244,287.62244,288.42242,288.52243,284.62244,283.52243,283.82245,286.02243,286.32245,287.02243,286.02243,287.22244,285.62244,287.32245,286.82245,288.32245,288.02243,287.72244,286.12244,287.02243,285.82245,284.42242
