wind_kz.json
{"header": {"discipline":0,"disciplineName":"Meteorological products","gribEdition":2,"gribLength":871,"center":7,"centerName":"US National Weather Service - NCEP(WMC)","subcenter":0,"refTime":"2023-09-09T00:00:00.000Z","significanceOfRT":1,"significanceOfRTName":"Start of forecast","productStatus":0,"productStatusName":"Operational products","productType":1,"productTypeName":"Forecast products","productDefinitionTemplate":0,"productDefinitionTemplateName":"Analysis/forecast at horizontal level/layer at a point in time","parameterCategory":0,"parameterCategoryName":"UnknownDiscipline_0_Category_0","parameterNumber":0,"parameterNumberName":"UnknownParameter_D0_C0_0","parameterUnit":"Unknown","genProcessType":2,"genProcessTypeName":"Forecast","forecastTime":60,"surface1Type":1,"surface1TypeName":"Ground or water surface","surface1Value":0.0,"surface2Type":255,"surface2TypeName":"Missing","surface2Value":0.0,"gridDefinitionTemplate":0,"gridDefinitionTemplateName":"Latitude_Longitude","numberPoints":615,"shape":6,"shapeName":"Earth spherical with radius of 6,371,229.0 m","gridUnits":"degrees","resolution":48,"winds":"true","scanMode":64,"nx":41,"ny":15,"basicAngle":0,"lo1":47.0,"la1":41.0,"lo2":87.0,"la2":55.0,"dx":1.0,"dy":1.0}, "data":
[rows 0 to 14 of 15, columns 0 to 40 of 41]
289.55386,282.25385,287.15387,297.95386,297.75385,296.55386,302.75385,309.55386,307.15387,307.65387,305.75385,305.55386,304.35385,304.15387,304.15387,303.05386,302.45386,302.05386,303.65387,304.05386,305.85385,303.75385,304.65387,303.35385,308.85385,312.65387,308.75385,292.95386,290.95386,289.15387,288.25385,288.85385,299.65387,305.85385,306.15387,305.05386,305.75385,304.25385,303.15387,303.35385,302.75385
282.35385,290.15387,297.75385,297.55386,297.35385,295.85385,306.95386,303.75385,303.05386,302.15387,304.25385,303.55386,302.75385,301.85385,301.85385,301.55386,300.95386,301.05386,300.05386,301.25385,301.65387,301.95386,302.35385,295.05386,286.45386,288.95386,300.25385,292.65387,294.65387,286.75385,292.25385,279.75385,287.75385,268.35385,285.95386,302.05386,300.35385,302.25385,304.95386,296.65387,285.65387
297.35385,296.95386,297.85385,297.55386,295.15387,302.55386,301.55386,302.35385,302.05386,300.45386,300.85385,301.75385,300.15387,300.35385,299.85385,299.55386,298.45386,297.85385,298.25385,299.15387,300.45386,299.45386,301.15387,297.25385,303.95386,302.65387,305.85385,305.65387,308.25385,296.15387,286.85385,288.05386,296.35385,294.25385,294.95386,291.55386,284.05386,282.25385,284.45386,281.05386,281.45386
299.85385,296.35385,297.55386,296.65387,296.25385,302.05386,301.05386,299.85385,299.85385,299.75385,300.85385,299.65387,293.85385,293.05386,298.05386,297.45386,296.45386,296.95386,298.05386,297.95386,297.55386,294.05386,297.75385,299.85385,304.05386,307.25385,309.75385,307.45386,304.85385,309.75385,307.55386,304.85385,308.15387,306.85385,303.55386,298.95386,286.25385,283.45386,287.25385,296.95386,299.45386
304.05386,294.55386,295.75385,294.45386,296.15387,297.85385,295.15387,294.45386,292.65387,295.65387,295.05386,298.45386,293.25385,291.85385,290.05386,296.75385,296.65387,294.65387,295.45386,298.75385,299.15387,298.75385,298.85385,299.55386,302.45386,303.65387,307.05386,303.95386,309.35385,309.15387,311.55386,308.05386,292.95386,283.95386,290.55386,298.55386,298.45386,303.05386,304.45386,304.15387,304.15387
300.55386,301.75385,293.95386,293.15387,293.65387,292.85385,299.25385,299.45386,295.25385,294.35385,293.35385,294.85385,293.15387,293.05386,294.25385,293.85385,294.05386,293.75385,294.95386,298.65387,295.75385,298.25385,297.75385,297.35385,296.75385,301.65387,306.65387,293.25385,305.55386,308.05386,306.75385,306.95386,305.45386,303.65387,300.35385,298.95386,293.25385,294.75385,301.95386,303.85385,302.05386
303.05386,302.65387,296.85385,298.15387,299.05386,299.15387,302.05386,299.75385,294.25385,297.35385,296.85385,295.35385,294.05386,290.55386,292.05386,292.15387,289.95386,293.35385,295.75385,293.55386,294.15387,295.15387,297.25385,298.05386,297.75385,296.25385,301.35385,303.05386,303.75385,303.55386,302.95386,303.35385,304.45386,303.85385,302.35385,299.85385,293.65387,290.85385,287.85385,285.85385,297.95386
303.55386,304.75385,301.65387,302.15387,302.15387,295.95386,295.15387,292.25385,292.15387,292.35385,293.75385,296.95386,294.45386,291.05386,291.75385,289.85385,287.25385,288.45386,292.35385,292.85385,290.95386,295.95386,296.55386,295.55386,294.15387,290.85385,289.35385,298.75385,298.25385,300.15387,300.15387,301.25385,300.05386,298.75385,299.45386,298.75385,299.95386,290.25385,299.65387,299.25385,295.35385
302.65387,297.65387,293.95386,299.95386,293.65387,298.55386,295.35385,293.65387,297.25385,296.05386,292.55386,290.95386,291.65387,293.45386,290.85385,287.15387,285.85385,289.85385,288.25385,288.55386,287.05386,293.85385,295.15387,292.65387,291.95386,288.05386,287.35385,293.25385,295.85385,294.65387,295.85385,297.45386,299.25385,300.25385,299.65387,295.55386,293.75385,293.85385,282.65387,282.15387,279.65387
299.35385,296.85385,294.95386,292.65387,291.45386,295.75385,292.95386,296.35385,295.75385,295.35385,294.05386,293.95386,289.95386,289.65387,287.95386,285.55386,285.05386,288.05386,286.15387,288.25385,289.45386,289.25385,291.25385,291.95386,289.15387,286.85385,288.75385,292.25385,293.65387,293.55386,295.95386,297.25385,298.85385,299.55386,298.85385,295.45386,292.35385,286.65387,284.05386,282.65387,279.75385
295.65387,297.85385,293.15387,291.05386,289.45386,289.85385,291.05386,288.05386,290.15387,289.95386,290.75385,291.65387,287.35385,289.35385,283.45386,283.45386,283.65387,284.35385,286.55386,286.95386,288.95386,288.55386,288.35385,288.05386,288.75385,289.05386,287.85385,291.25385,291.95386,293.55386,293.55386,295.75385,296.95386,297.05386,296.75385,294.35385,289.35385,286.45386,287.35385,284.55386,283.85385
293.65387,296.75385,292.65387,290.35385,288.75385,287.25385,284.35385,283.45386,285.55386,292.75385,287.95386,286.85385,285.85385,283.15387,283.35385,284.65387,286.65387,288.15387,287.25385,286.95386,285.15387,285.35385,285.15387,285.95386,285.95386,287.05386,288.75385,290.55386,291.45386,292.15387,293.45386,294.05386,294.35385,294.15387,294.55386,295.65387,295.35385,293.35385,291.75385,291.15387,289.55386
290.95386,292.25385,293.05386,287.95386,286.65387,283.55386,284.45386,283.25385,289.95386,287.25385,281.85385,283.05386,284.55386,283.75385,286.25385,287.25385,288.15387,288.85385,288.75385,286.65387,286.85385,285.55386,284.55386,285.95386,287.35385,291.65387,293.55386,293.55386,292.35385,291.95386,292.55386,292.95386,292.75385,293.25385,293.65387,292.75385,292.35385,292.65387,291.45386,290.05386,289.55386
287.75385,284.75385,286.85385,284.75385,283.75385,283.15387,282.65387,283.75385,285.85385,287.25385,283.05386,282.35385,283.35385,285.15387,285.75385,287.15387,287.05386,284.85385,285.15387,285.45386,285.55386,285.95386,285.25385,285.65387,285.75385,286.55386,288.15387,289.05386,288.35385,289.15387,290.55386,289.75385,289.35385,290.05386,290.75385,290.85385,289.65387,289.25385,289.15387,287.15387,287.45386
285.45386,286.95386,289.05386,287.95386,287.05386,285.45386,285.95386,287.25385,287.95386,288.75385,285.05386,286.75385,284.45386,283.25385,285.35385,286.75385,288.25385,284.55386,285.15387,284.55386,284.55386,283.85385,283.65387,283.75385,283.85385,284.35385,284.45386,284.75385,284.35385,283.55386,284.15387,284.15387,285.25385,286.65387,286.65387,287.95386,288.45386,287.55386,287.95386,287.35385,287.15387
