wind_kz.json
{"header": {"discipline":0,"disciplineName":"Meteorological products","gribEdition":2,"gribLength":1025,"center":7,"centerName":"US National Weather Service - NCEP(WMC)","subcenter":0,"refTime":"2023-08-20T06:00:00.000Z","significanceOfRT":1,"significanceOfRTName":"Start of forecast","productStatus":0,"productStatusName":"Operational products","productType":1,"productTypeName":"Forecast products","productDefinitionTemplate":0,"productDefinitionTemplateName":"Analysis/forecast at horizontal level/layer at a point in time","parameterCategory":2,"parameterCategoryName":"UnknownDiscipline_0_Category_2","parameterNumber":2,"parameterNumberName":"UnknownParameter_D0_C2_2","parameterUnit":"Unknown","genProcessType":2,"genProcessTypeName":"Forecast","forecastTime":240,"surface1Type":103,"surface1TypeName":"Specified height level above ground","surface1Value":10.0,"surface2Type":255,"surface2TypeName":"Missing","surface2Value":0.0,"gridDefinitionTemplate":0,"gridDefinitionTemplateName":"Latitude_Longitude","numberPoints":615,"shape":6,"shapeName":"Earth spherical with radius of 6,371,229.0 m","gridUnits":"degrees","resolution":48,"winds":"true","scanMode":64,"nx":41,"ny":15,"basicAngle":0,"lo1":47.0,"la1":41.0,"lo2":87.0,"la2":55.0,"dx":1.0,"dy":1.0}, "data":
[rows 0 to 14 of 15, columns 0 to 40 of 41]
1.2349707,1.4749707,-2.7150292,-3.5050292,-6.4950294,-5.795029,-7.355029,-7.4250293,-7.9150295,-5.125029,-4.2850294,-5.335029,-6.1550293,-4.6650295,-3.3950293,-3.6050293,-3.7050292,-5.645029,-4.585029,-2.9450293,0.8249707,2.1049707,2.2349708,1.8949707,-3.3150294,-2.2750292,0.56497073,-2.8850293,-0.1550293,0.7649707,-0.14502929,0.9349707,0.9949707,0.084970705,-0.9950293,0.11497071,1.8349707,-2.6950293,-4.2250295,-3.9550292,-4.6550293
-0.3950293,-2.8350294,-3.9250293,-6.105029,-6.855029,-4.9550295,-5.875029,-9.115029,-6.6150293,-5.5550294,-6.9050293,-7.1850295,-5.3250294,-5.105029,-4.5750294,-5.1750293,-5.8050294,-5.625029,-5.025029,-5.6950293,-4.8050294,-4.085029,-0.4350293,2.3649707,-0.3450293,-0.1950293,1.3549707,-1.0550293,2.5449708,1.6149707,0.2749707,0.7049707,0.084970705,1.0849707,-0.4950293,-3.6450293,-6.855029,-4.235029,-1.7750293,-4.565029,-2.2550292
-2.7850294,-5.4750295,-7.3050294,-7.855029,-7.275029,-6.835029,-6.9150295,-5.5350294,-6.6150293,-6.1950293,-6.9550295,-6.7450294,-6.085029,-6.6350293,-6.505029,-7.7250295,-7.875029,-8.605029,-7.335029,-5.1550293,-9.105029,-12.92503,-8.805029,-9.195029,-3.3350294,-5.335029,-3.5650294,-1.5650293,2.9249706,-0.5950293,1.2549707,-2.0350294,-0.1650293,0.8749707,-1.1850293,2.1149707,0.8549707,-0.5950293,-0.8650293,0.3849707,2.7049706
-5.5550294,-7.4350295,-7.9750295,-7.1750293,-5.8850293,-6.2150292,-4.6150293,-5.295029,-4.6550293,-5.255029,-5.8450294,-6.6750293,-4.355029,-4.9750295,-8.185029,-8.055029,-7.4250293,-8.71503,-9.395029,-10.29503,-10.845029,-8.785029,-6.1650295,-8.605029,-9.155029,-8.815029,-8.435029,-10.695029,-6.2050295,-2.2250292,1.6749707,1.2949708,-0.015029297,-0.4950293,2.3549707,2.6349707,1.6649708,1.3249707,-2.2250292,-1.6950293,0.39497072
-7.4150295,-7.085029,-6.2050295,-5.8850293,-5.6850295,-5.2650294,-4.7150292,-4.315029,-4.1750293,-4.565029,-6.2050295,-6.2250295,-5.6350293,-4.8050294,-5.045029,-6.8650293,-6.3450294,-7.6750293,-8.105029,-9.945029,-10.935029,-8.7050295,-9.475029,-9.805029,-10.00503,-9.725029,-10.475029,-6.6650295,-6.9250293,-6.8450294,-6.315029,-3.2050292,2.4049706,2.3349707,-2.5350294,-2.4150293,2.7149706,-0.4050293,-0.1550293,2.0549707,-0.6050293
-4.565029,-4.4550295,-5.1650295,-6.5350294,-6.875029,-6.1350293,-5.775029,-4.775029,-5.2650294,-5.7850294,-5.795029,-6.3450294,-5.4350295,-4.0950294,-3.9050293,-3.1450293,-4.2250295,-5.4650292,-7.1850295,-5.775029,-7.1650295,-7.585029,-8.015029,-7.9750295,-8.055029,-8.145029,-8.695029,-5.7250295,-6.9150295,-6.835029,-6.815029,-5.775029,-4.565029,0.4949707,1.6049707,3.7449708,1.0449708,3.2749708,2.9749708,0.7949707,-1.9550292
-3.1750293,-4.4950294,-5.275029,-6.3050294,-6.045029,-5.6150293,-5.2050295,-6.3250294,-6.0950294,-5.8050294,-5.5750294,-5.4550295,-5.0950294,-5.0950294,-4.9450293,-4.7850294,-4.605029,-4.4650292,-5.9250293,-7.295029,-6.9150295,-4.985029,-3.7050292,-3.7450292,-5.125029,-6.1850295,-6.105029,-5.6350293,-5.755029,-5.605029,-5.585029,-5.895029,-5.9450293,-5.005029,-0.9850293,0.7749707,0.5749707,-1.7050292,4.0749707,0.1749707,2.1349707
-3.0250292,-3.2450292,-4.1650295,-4.6750293,-3.9850292,-3.7350292,-3.2350292,-3.8750293,-4.8250294,-5.045029,-4.9650292,-5.315029,-5.065029,-5.9350295,-4.505029,-5.0550294,-4.7450294,-5.0350294,-4.2450294,-5.6350293,-5.645029,-6.2650294,-5.9550295,-5.065029,-3.8050294,-4.065029,-3.7850294,-3.4650292,-3.7250292,-3.3650293,-4.855029,-4.875029,-5.4150295,-4.6150293,-3.1550293,0.6949707,3.2049706,3.2549708,5.7549706,6.1149707,3.2149706
-1.2050292,-1.9050293,-1.7750293,-2.5250292,-2.6950293,-3.7250292,-3.9850292,-4.315029,-4.275029,-4.105029,-4.4150295,-5.0750294,-5.125029,-5.7650294,-6.2650294,-5.735029,-5.3850293,-5.3250294,-4.6750293,-4.3450294,-5.605029,-5.295029,-4.605029,-4.1150293,-3.4850292,-1.6450293,-1.8750293,-1.3350292,-0.7550293,-0.4350293,-1.3350292,-1.6550293,-2.5750294,-1.5250293,-0.7250293,1.1449707,-0.5850293,-0.8250293,1.0549707,0.054970704,1.5049707
0.2949707,-0.7050293,-0.4950293,-1.2550293,-2.0050292,-2.5750294,-2.8550293,-3.4250293,-2.1850293,-3.2850294,-3.7350292,-4.4350295,-4.085029,-3.7250292,-4.5350294,-4.625029,-4.8850293,-4.4250293,-4.815029,-4.8450294,-5.6650295,-5.1550293,-4.4950294,-4.0550294,-3.3050294,-2.9650292,-2.4350293,-1.3650293,-0.6650293,-0.2150293,0.9849707,1.4949707,-0.5550293,0.2549707,-0.5750293,0.2349707,1.5449708,-0.095029294,-0.6950293,-1.0050293,0.5449707
1.6049707,-0.1350293,-0.7250293,-1.1350293,-1.0350293,-1.4150293,-0.8950293,-1.4050293,-0.9550293,-2.1750293,-1.6650293,-1.2550293,-0.5650293,0.0049707033,-0.9450293,-1.3250293,-2.0950294,-2.7150292,-3.2850294,-3.8950293,-3.5050292,-3.4650292,-3.6850293,-3.7250292,-3.6550293,-3.1750293,-2.9350293,-1.3450294,-0.7650293,0.81497073,1.8149707,1.8749707,2.4849708,-0.3050293,-1.4150293,-2.0550294,-0.8250293,0.5849707,0.3449707,-0.2750293,1.2449707
-1.3250293,1.1249707,0.6949707,-0.045029297,-0.7150293,-0.5250293,-1.1050293,-1.8050293,-2.1150293,-2.0150292,-0.9750293,-1.6850293,-1.5450293,-2.2150292,-2.8650293,-2.4550292,-2.8450294,-2.3750293,-2.6050293,-2.8750293,-2.8350294,-2.8650293,-2.8250294,-2.2250292,-2.0150292,-1.3450294,-0.5550293,-0.1650293,0.4149707,0.7149707,0.7449707,1.1849707,-0.5250293,-0.6050293,-1.4450293,-1.4350293,-0.005029297,1.3849707,1.0449708,0.9349707,1.4249707
-0.6750293,0.8049707,0.6949707,1.1649708,0.56497073,0.2649707,0.1049707,-0.6450293,-1.4150293,-1.0050293,-0.8950293,-0.095029294,-0.1150293,-0.14502929,-1.2050292,-1.3250293,-1.5550293,-2.2050292,-1.1850293,-1.6650293,-0.8850293,-0.8850293,-0.7050293,0.6249707,0.4049707,0.024970703,-0.3450293,-0.6750293,-0.7750293,-0.9450293,-0.9850293,-2.5450294,-3.4250293,0.054970704,-0.5150293,1.4649707,0.9249707,0.21497071,-1.1850293,1.2149707,0.8549707
1.0849707,0.014970703,1.4049706,0.2349707,1.6649708,1.0049707,2.1549706,2.0949707,2.1049707,0.1949707,-0.3850293,-0.095029294,0.5549707,1.0649707,0.9149707,0.5249707,0.4749707,0.6349707,0.6549707,0.2349707,0.7649707,1.4149708,2.0649707,2.3849707,0.9449707,-0.8950293,-0.4150293,-0.8850293,-1.5750293,-1.9550292,-2.3150294,-2.5150292,-1.3250293,-1.9650292,-0.7050293,-0.8550293,-0.9750293,1.4949707,2.1249707,2.0549707,2.3749707
0.9749707,2.2349708,1.6149707,2.4249706,3.6449707,0.9749707,2.0649707,2.7149706,3.4749708,2.8149707,1.3749707,1.7449707,1.6649708,0.7849707,2.0749707,2.0049708,1.6749707,1.6849707,1.9549707,2.8749707,2.5349708,2.7449708,2.8749707,2.1249707,0.4049707,-0.32502928,-0.1350293,0.014970703,-0.8450293,-0.8050293,-1.0650293,0.5349707,-1.5850292,-1.5550293,0.3049707,0.8349707,1.3849707,2.0549707,2.0849707,1.7549707,0.8749707
