wind.json
{"header": {"discipline":0,"disciplineName":"Meteorological products","gribEdition":2,"gribLength":1125,"center":7,"centerName":"US National Weather Service - NCEP(WMC)","subcenter":0,"refTime":"2023-05-29T18:00:00.000Z","significanceOfRT":1,"significanceOfRTName":"Start of forecast","productStatus":0,"productStatusName":"Operational products","productType":1,"productTypeName":"Forecast products","productDefinitionTemplate":0,"productDefinitionTemplateName":"Analysis/forecast at horizontal level/layer at a point in time","parameterCategory":2,"parameterCategoryName":"UnknownDiscipline_0_Category_2","parameterNumber":2,"parameterNumberName":"UnknownParameter_D0_C2_2","parameterUnit":"Unknown","genProcessType":2,"genProcessTypeName":"Forecast","forecastTime":120,"surface1Type":103,"surface1TypeName":"Specified height level above ground","surface1Value":10.0,"surface2Type":255,"surface2TypeName":"Missing","surface2Value":0.0,"gridDefinitionTemplate":0,"gridDefinitionTemplateName":"Latitude_Longitude","numberPoints":688,"shape":6,"shapeName":"Earth spherical with radius of 6,371,229.0 m","gridUnits":"degrees","resolution":48,"winds":"true","scanMode":64,"nx":43,"ny":16,"basicAngle":0,"lo1":45.0,"la1":40.0,"lo2":87.0,"la2":55.0,"dx":1.0,"dy":1.0}, "data":
[rows 0 to 15 of 16, columns 0 to 42 of 43]
-1.1807928,2.3892071,1.3692071,-3.6507928,-1.9707929,2.0092072,2.199207,2.8192072,3.219207,1.7092072,6.709207,3.399207,2.0692072,-3.4107928,-3.2507927,-1.4607929,-0.97079283,-0.94079286,-1.2207929,-0.19079284,-1.0407928,0.6992071,-2.6507928,0.54920715,-1.1507928,-0.62079287,0.15920715,0.48920715,0.59920716,1.2592071,1.6792072,0.96920717,1.1092072,-0.7907928,0.81920713,-3.7507927,-4.8407927,-1.4307928,-3.9807928,-5.5507927,-4.410793,-5.400793,-7.190793
1.5092071,1.6192071,-0.6607928,-0.07079285,1.1192071,-2.340793,2.5192072,3.459207,4.479207,6.3892074,5.609207,1.3892071,-4.060793,-4.200793,-3.070793,-2.4507928,-0.81079286,0.5192072,0.81920713,2.5592072,1.4492072,3.0992072,4.689207,-0.33079284,-2.6607928,-2.050793,3.0092072,-1.1507928,-3.6507928,-1.6907928,1.3992071,0.77920717,-0.020792847,2.1092072,2.729207,2.2592072,0.14920716,-4.190793,-2.8707929,-3.4007928,-4.660793,-4.000793,-3.2607927
-0.93079287,-0.20079285,2.0492072,1.4092071,-0.28079283,1.2792071,2.729207,2.8492072,4.729207,-2.4107928,0.90920717,-3.7407928,-6.220793,-5.920793,-3.4607928,-2.5107927,0.099207155,0.08920715,0.43920717,-2.030793,0.32920715,-3.2107928,-7.710793,-2.540793,-0.6007928,-3.4307928,0.28920716,-0.27079284,-1.1807928,0.27920714,-1.6807928,-0.39079285,0.54920715,-0.36079285,1.2092072,-2.1607928,-0.49079284,0.46920717,-3.7407928,1.4492072,-0.8607929,0.66920716,-3.350793
-0.9107928,0.039207153,-0.43079284,-1.6407928,-0.6007928,2.0192072,4.1592073,3.2692072,3.219207,1.5992072,3.419207,-7.620793,-5.960793,-4.0507927,-1.6707928,-1.4407928,-0.8507928,-0.29079285,-1.1207929,-1.5807929,-1.4607929,-4.020793,-6.950793,-5.600793,-4.430793,-4.680793,-0.37079284,-1.2307929,0.22920716,1.3792071,-3.280793,-0.19079284,-0.33079284,1.9992071,-0.47079286,-0.20079285,0.53920716,-0.7907928,-1.9007928,-0.19079284,1.8292072,0.009207154,1.6692071
-2.6607928,-2.840793,-3.020793,-3.4707928,-2.7407928,-1.2907928,-4.3807926,-3.4107928,1.9892071,1.2492071,-6.250793,-6.6107926,-4.660793,-3.1207929,0.16920716,-0.46079284,0.42920715,1.1192071,-2.0007927,-2.4707928,-3.4507928,-5.970793,-4.000793,-4.5707927,-4.060793,-6.0107927,-5.810793,-3.6507928,-3.570793,-4.460793,-3.270793,-1.2307929,-2.8807929,-8.020793,-5.310793,-4.470793,-3.6507928,-2.570793,-1.7307929,-0.51079285,0.25920716,-0.27079284,1.4992071
-3.4907928,-3.090793,-1.7807928,-2.560793,-2.9807928,-2.6807928,-1.4307928,0.59920716,1.0592072,-0.050792847,-3.270793,-5.440793,-3.5007927,-2.080793,0.99920714,1.2992072,0.71920717,-1.3607929,-1.1807928,-3.2107928,-3.550793,-4.6307926,-4.7407928,-4.970793,-5.1107926,-4.7407928,-3.2507927,-5.8607926,-4.890793,-5.170793,-4.210793,-4.100793,-4.190793,-2.850793,-2.2607927,-1.7107929,2.6192071,0.35920715,-2.770793,-3.1107929,-3.320793,-0.95079285,2.1292071
-0.69079286,-1.5207928,-0.84079283,1.1192071,0.29920715,0.48920715,0.59920716,1.6492071,1.1392071,-1.3007928,-0.33079284,-4.0707927,-1.8607929,0.8892071,2.7592072,1.9592072,-1.3307929,-2.310793,-0.62079287,-2.3807929,-3.9907928,-4.250793,-3.8807929,-3.800793,-4.160793,-4.2807927,-4.6307926,-4.580793,-3.7007928,-5.230793,-3.3607929,-4.410793,-3.7207928,-4.3207927,-5.830793,-4.0107927,-1.9407928,-5.540793,-0.48079285,-2.040793,0.17920715,-1.3507929,-2.070793
-1.3907928,-2.800793,-2.280793,0.39920714,-0.90079284,-0.33079284,2.0792072,3.0592072,-0.96079284,-0.32079285,-0.9907929,-0.8507928,-3.4207928,0.90920717,3.459207,0.84920716,2.729207,-1.0707928,-0.62079287,-2.7007928,-3.1307929,-4.3007927,-4.190793,-3.9107928,-3.810793,-4.000793,-3.4307928,-1.1107929,0.79920715,1.3692071,-0.59079283,0.59920716,-4.2607927,-3.9407928,-2.830793,-3.8607929,-4.020793,-3.5007927,-1.5807929,2.179207,-1.6207929,1.2592071,1.9692072
1.4292072,-3.8807929,-0.34079283,1.8192072,-1.1407928,0.43920717,-2.780793,-1.8407929,0.44920716,-0.95079285,0.18920715,0.07920715,-0.6107929,-0.40079284,1.9492072,-6.2607927,-4.140793,-1.0707928,0.87920713,-3.4607928,-3.0107927,-4.120793,-3.9707928,-4.3407927,-3.580793,-4.5307927,-3.780793,-1.5507928,-3.4807928,-3.830793,-2.9507928,-3.840793,-3.7607927,-3.7607927,-4.560793,-2.070793,-3.330793,0.36920714,0.55920714,-0.35079286,1.1592071,1.5192071,-1.6507928
-1.1407928,-2.1207929,1.0192071,1.9492072,1.5992072,-2.6707928,-1.8507929,-0.37079284,0.87920713,0.59920716,1.3092072,1.1992072,1.0092071,-3.9007928,-5.000793,-5.200793,-3.340793,3.2492073,3.429207,-2.6207929,-3.550793,-4.000793,-3.7007928,-3.330793,-4.170793,-3.830793,-3.4507928,-3.780793,-3.2607927,-3.850793,-1.6807928,-3.550793,-4.750793,-2.9107928,-0.37079284,-3.6107929,-1.5007929,-0.58079284,0.7092072,-2.6607928,-1.7007928,1.1792072,-1.0607928
1.7192072,-0.9907929,0.55920714,2.8792071,2.5992072,-1.5907929,-2.570793,-0.84079283,1.9392072,3.189207,1.3692071,-1.2107929,-1.9807929,-3.540793,-2.2207928,-0.22079284,7.649207,6.309207,1.2492071,-3.020793,-3.560793,-4.270793,-4.160793,-3.9007928,-3.4007928,-3.280793,-3.9407928,-4.520793,-4.100793,-4.060793,-3.350793,-3.570793,-3.790793,-3.6107929,-2.850793,-2.6807928,-1.5507928,-0.040792845,-1.5507928,-0.040792845,-2.2407928,0.10920715,0.31920716
-1.6807928,1.0892072,-0.94079286,0.42920715,1.3192072,1.4792072,-1.2907928,-0.26079285,2.939207,2.2392073,0.14920716,-1.4207928,-2.300793,-0.64079285,-0.35079286,0.79920715,0.16920716,0.60920715,0.6392071,1.7792071,-3.850793,-4.0107927,-3.4607928,-3.4507928,-3.2607927,-3.520793,-3.2507927,-3.4807928,-2.300793,-3.1107929,-2.9807928,-2.1407928,-3.9607928,-4.020793,-3.7407928,-2.770793,-1.5807929,-1.3207928,-1.4507928,-1.0107929,-0.89079285,0.6992071,-1.4707929
2.5992072,0.5892072,0.61920714,0.23920715,2.0192072,-1.0707928,-0.8607929,-0.25079286,0.28920716,0.039207153,0.91920716,0.18920715,-1.2107929,0.91920716,2.2492073,1.4592072,0.15920715,-1.4307928,-1.6107929,3.719207,-0.90079284,-1.8507929,-3.2207928,-2.7207928,-2.570793,-2.3607929,-2.330793,-1.8507929,-1.9807929,-1.3107928,-2.550793,-4.040793,-3.4007928,-3.570793,-2.4307928,-3.1507928,-2.4607928,-2.9107928,-3.520793,-1.6407928,-0.53079283,-0.29079285,-0.22079284
1.8692071,1.1092072,1.8992071,1.0792072,1.0092071,1.3792071,-0.63079286,-0.41079286,-0.8007929,0.21920715,-2.550793,-1.3107928,-0.7907928,-0.12079284,0.5092071,0.049207155,1.2992072,1.8892071,-1.0707928,3.469207,3.2792072,-0.45079285,-0.6607928,-1.1007929,-0.52079284,-0.9207928,0.5892072,-2.020793,-1.2707928,-1.8907928,-0.68079287,-1.1907928,-2.3807929,-1.9807929,-1.9807929,-1.1707928,-0.8007929,-1.9407928,-0.6107929,-0.84079283,-0.8007929,-0.36079285,-0.7407929
-7.9284667E-4,1.3192072,2.0192072,1.3492072,3.429207,1.7692071,0.7092072,0.55920714,-0.77079284,-1.1607928,0.7692072,-0.20079285,-0.93079287,-0.42079285,1.2592071,0.5192072,-0.89079285,0.77920717,0.71920717,-0.40079284,1.6092072,0.12920715,-0.010792847,0.069207154,0.12920715,0.25920716,-0.23079285,-0.65079284,-0.9807928,-0.31079283,0.049207155,-0.24079284,-0.47079286,-0.22079284,-1.2407929,-1.3607929,-0.31079283,0.07920715,0.16920716,1.4592072,0.039207153,0.25920716,0.33920714
2.5092072,1.8892071,1.7192072,2.149207,4.9092073,4.4892073,0.65920717,1.1492071,1.7892071,0.35920715,1.4792072,-0.21079284,-1.0607928,-0.09079285,0.6492072,1.2692071,2.2692072,0.66920716,0.31920716,0.5092071,0.38920715,1.1292071,1.8992071,0.59920716,0.59920716,-0.39079285,1.1392071,0.98920715,0.33920714,0.44920716,0.9492071,0.85920715,0.36920714,-0.6007928,0.80920714,-1.1407928,-1.1307929,0.8392072,-0.62079287,-1.3807929,-0.26079285,-0.69079286,-0.6007928
