wind.json
{"header": {"discipline":0,"disciplineName":"Meteorological products","gribEdition":2,"gribLength":1211,"center":7,"centerName":"US National Weather Service - NCEP(WMC)","subcenter":0,"refTime":"2023-06-28T18:00:00.000Z","significanceOfRT":1,"significanceOfRTName":"Start of forecast","productStatus":0,"productStatusName":"Operational products","productType":1,"productTypeName":"Forecast products","productDefinitionTemplate":0,"productDefinitionTemplateName":"Analysis/forecast at horizontal level/layer at a point in time","parameterCategory":2,"parameterCategoryName":"UnknownDiscipline_0_Category_2","parameterNumber":2,"parameterNumberName":"UnknownParameter_D0_C2_2","parameterUnit":"Unknown","genProcessType":2,"genProcessTypeName":"Forecast","forecastTime":120,"surface1Type":103,"surface1TypeName":"Specified height level above ground","surface1Value":10.0,"surface2Type":255,"surface2TypeName":"Missing","surface2Value":0.0,"gridDefinitionTemplate":0,"gridDefinitionTemplateName":"Latitude_Longitude","numberPoints":688,"shape":6,"shapeName":"Earth spherical with radius of 6,371,229.0 m","gridUnits":"degrees","resolution":48,"winds":"true","scanMode":64,"nx":43,"ny":16,"basicAngle":0,"lo1":45.0,"la1":40.0,"lo2":87.0,"la2":55.0,"dx":1.0,"dy":1.0}, "data":
[rows 0 to 15 of 16, columns 0 to 42 of 43]
-4.4516473,-0.35164735,-0.36164734,-3.5116472,-1.8716474,-0.55164737,-1.8616474,-0.94164735,1.0583527,-2.7516472,-5.6816473,-4.9416475,-4.611647,-0.99164736,-0.95164734,0.44835266,-1.3816473,-1.8716474,-0.26164734,-0.52164733,-0.43164733,-0.02164734,-3.4516473,1.4983526,0.39835265,2.3183527,1.2383527,-0.50164735,-1.4016473,1.1683526,1.5183526,-2.2516472,6.718353,2.8383527,-1.8116473,-5.031647,-2.9316473,-1.8216473,-2.3416474,-1.8316474,-2.6516473,-2.0616474,-3.2016473
-0.18164735,-0.5316473,-4.6816473,-0.56164736,1.6283526,-3.2416472,-1.9516473,-0.71164733,2.8583527,3.6683526,-5.5416474,-3.4816473,-1.9616474,-2.4716473,-6.1016474,-3.9516473,-1.7816473,-0.82164735,-0.62164736,1.6883527,0.28835267,0.73835266,0.6583527,1.8183527,-0.121647336,-0.82164735,5.3483524,0.06835266,-2.8916473,1.2083527,1.6183527,2.3483527,0.7083527,-1.0416473,2.1983526,4.7083526,0.28835267,-1.6916473,-2.3416474,-1.8716474,-2.6516473,0.22835267,0.69835263
-1.1216474,-1.9416473,0.46835268,0.68835264,-3.3216474,-2.6016474,-1.1816473,0.40835267,1.4883527,-2.0716474,-1.7116474,-2.8216474,-2.6716473,-1.2316474,-3.5616474,-0.9116473,0.62835264,0.08835266,1.8783526,1.1683526,1.1683526,1.9083526,1.9683527,1.1983527,-0.07164734,-2.2116473,1.3683527,0.53835267,-1.3816473,1.6483526,-3.7016473,-1.5016474,-0.74164736,-1.1216474,-0.11164734,-1.7516474,2.5183527,-1.8916473,1.0483527,0.18835266,0.21835266,1.5183526,-5.031647
-0.77164733,0.03835266,-1.3416474,-4.301647,-2.6016474,-1.4316473,0.05835266,2.0083528,3.3283527,2.7983527,-1.3316474,-2.4816473,-1.2716473,1.3283527,-2.8216474,0.94835263,1.6183527,2.0183527,3.2383528,3.3283527,4.198353,4.0983524,3.9583526,2.1983526,1.2883526,0.33835265,0.62835264,1.8683527,1.5983527,-0.011647339,-3.2716475,-0.38164735,-0.99164736,2.6383526,2.5583527,1.3583527,0.07835266,-0.71164733,-0.16164733,-0.02164734,3.0983527,1.1983527,-0.011647339
-5.9516473,-4.9916472,-3.1416473,-2.6316473,-1.2416474,0.5983527,1.5183526,-1.3516474,0.22835267,2.7583528,-1.7616473,-2.6916473,2.2983527,-2.6516473,1.3383527,4.3183527,4.488353,4.158353,4.9583526,6.0183525,7.1083527,4.6483526,3.5283527,2.1883526,4.6483526,3.4183526,3.1883526,2.4583526,1.8683527,1.3183527,2.0583527,3.0383527,1.9883527,-1.6416473,3.7383528,5.0783525,4.5083528,1.5583527,-1.0416473,0.50835264,1.1383526,0.17835265,-1.3816473
-3.9716473,-3.0316474,-0.7316473,0.46835268,2.1383526,3.3383527,3.1383526,1.4183526,1.1183527,1.9883527,4.0383525,-0.5416473,2.1383526,2.4883528,4.1283526,6.3783526,6.6283526,5.7783527,7.3483524,6.9583526,4.8983526,0.85835266,7.118353,0.018352661,2.2983527,4.2983527,4.3783526,4.0383525,0.49835265,2.3783526,2.7683527,6.6083527,1.0483527,-0.71164733,-0.35164735,1.1083527,3.9083526,1.6483526,1.3683527,-1.3016473,-1.1516473,-2.2416472,-4.2516475
-2.7916474,-0.11164734,1.4483527,1.2183527,5.488353,5.6083527,5.428353,5.738353,3.6283526,4.7283525,5.5983524,1.2383527,-0.6516473,1.3683527,3.5683527,4.3983526,4.2483525,5.238353,6.908353,-2.0416474,1.9683527,2.3983526,2.9283526,3.8183527,5.6283526,2.0083528,2.6783526,2.1083527,3.8883526,1.0383526,5.7983527,7.4383526,11.568352,13.068352,8.628353,0.05835266,-0.06164734,-4.0416474,2.7783527,1.5683527,0.6483527,-0.9716473,-1.3116473
-0.88164735,2.3783526,-2.0916474,-0.48164734,4.6883526,5.988353,6.7683525,5.5383525,6.1083527,6.888353,6.8583527,-0.51164734,-0.16164733,0.39835265,1.8383527,2.3483527,2.5083528,3.3483527,-1.4316473,4.4783525,3.1283526,4.8783526,6.178353,5.2783527,5.198353,4.488353,2.6983526,2.8083527,4.718353,6.0783525,4.178353,5.868353,2.0283527,-1.2116474,0.88835263,1.6483526,0.048352662,-2.7116473,-1.6016474,3.5083528,-1.8016473,2.6383526,1.7183527
0.08835266,-0.07164734,-0.48164734,2.4083526,2.7383528,-0.011647339,-1.1416473,-0.06164734,1.5083526,-0.15164734,-1.0516473,-0.9116473,-1.3916473,1.2583526,2.2783527,2.2583528,3.4383526,0.81835264,0.9583527,4.158353,4.448353,6.6083527,9.458353,8.748353,7.7483525,1.4683527,0.63835263,-0.02164734,1.6283526,2.5083528,4.6283526,2.4183526,-2.6816473,-4.4716473,-5.611647,-1.1416473,-2.1516473,0.55835265,2.6283526,0.5983527,0.94835263,-0.87164736,-1.7916473
1.6383526,0.028352661,1.2083527,0.81835264,2.2583528,2.2383528,2.6983526,3.2183526,3.4483526,3.0683527,1.2383527,0.15835266,1.2583526,2.1683526,3.4783525,3.3183527,4.5783525,-0.87164736,3.0783527,1.9083526,6.138353,6.2583528,0.8983527,-1.5616473,-4.6816473,-1.3716474,-2.6616473,2.5283527,4.118353,1.7383527,-0.50164735,-4.1616473,-5.881647,-4.091647,-1.7816473,-3.6016474,-1.7416474,-1.4116473,1.0683527,-2.6816473,-0.99164736,0.8983527,-0.94164735
2.3283527,2.1183527,4.0483527,0.66835266,-0.21164733,-0.6616473,1.7983527,2.6483526,0.7683527,-0.95164734,-0.9116473,0.6583527,2.7183526,2.5383527,3.3483527,3.0583527,2.9083526,1.2283527,4.428353,3.8883526,3.9783525,3.2983527,-0.39164734,-3.4516473,1.5983527,1.9783527,1.3383527,-3.8016474,-1.0916474,-6.0416474,-8.101647,-5.051647,-4.4116473,-5.551647,-5.1816473,-4.1516476,-2.5916474,0.8383527,-2.0616474,-0.0016473389,-2.4416473,0.03835266,0.24835266
2.1683526,2.2483528,2.4883528,2.5183527,1.8383527,2.6283526,2.9783525,2.3583527,-2.5316474,1.6383526,0.11835266,1.8983526,2.3683527,3.2483528,2.9583526,3.0883527,1.7783526,2.4683526,2.5183527,3.0683527,1.3883526,2.9583526,0.73835266,-2.1216474,-4.6916475,-4.2216473,-5.5216475,-7.4416475,-7.1016474,-6.5216475,-4.551647,-5.761647,-7.3916473,-7.1516476,-7.301647,-4.6916475,-2.2516472,-0.68164736,-1.6216474,-1.0816474,-1.2316474,0.68835264,-1.2916473
2.9183526,2.5283527,2.6183527,2.3383527,2.4983528,2.6083527,3.0183527,-1.2916473,0.49835265,1.3783526,2.4983528,1.9183526,1.1783527,3.1483526,3.0583527,2.9083526,3.4683526,1.6283526,3.0783527,2.2883527,3.6183527,4.138353,0.8983527,-3.1816473,-4.071647,-4.3516474,-5.3516474,-5.011647,-6.7016473,-6.6216474,-7.9316473,-7.9716473,-7.1416473,-7.1716475,-5.1616473,-4.7716475,-4.631647,-6.2716475,-7.8716474,-4.5016475,-1.8616474,0.028352661,0.0083526615
3.0883527,2.9183526,2.2483528,2.1583526,2.8083527,2.4783525,1.4283527,0.47835267,0.03835266,0.28835267,1.3483527,1.0583527,0.56835264,1.4183526,2.9083526,2.9083526,2.9483526,-5.9216475,-0.61164737,5.6283526,4.0283527,2.6683526,-1.9116473,-1.4216473,-0.89164734,-2.6916473,-3.6616473,-5.5216475,-6.9416475,-6.8316474,-7.051647,-5.7316475,-5.0016475,-5.2516475,-4.6916475,-3.6516473,-3.5216475,-5.071647,-5.4116473,-3.2216473,-3.8816473,-1.1416473,-1.0316473
3.0983527,1.7183527,2.9083526,2.9483526,3.1883526,1.9183526,1.1583526,2.3583527,1.0683527,1.5183526,1.5983527,2.3083527,1.0183526,0.66835266,1.9283527,0.93835264,-0.74164736,1.5783527,1.4283527,0.7083527,1.0283526,-1.2616473,-3.3616474,-3.6816473,-4.2216473,-6.9416475,-5.841647,-5.8116474,-5.9516473,-4.2416472,-4.051647,-3.5116472,-3.7316473,-4.2416472,-4.051647,-3.8416474,-3.3416474,-3.5116472,-2.9416473,-2.5516474,-2.3316474,-0.8416473,0.47835267
3.3583527,2.1583526,1.4983526,2.4783525,2.9183526,0.43835267,1.8083527,1.5983527,2.1283526,1.4883527,2.4283526,1.6683526,0.78835267,1.0883527,0.9083527,1.6283526,3.3383527,1.7683526,1.5783527,1.5883527,-0.56164736,-2.9716473,-3.8216474,-3.7916474,-5.341647,-4.591647,-4.3516474,-4.4816475,-4.511647,-4.0616474,-3.6216474,-3.6216474,-4.2316475,-4.1016474,-3.5016472,-2.8016474,-2.7116473,-2.2316473,-2.1916473,-2.5516474,-2.2716475,-2.4816473,-0.9816473
