wind_kz.json
{"header": {"discipline":0,"disciplineName":"Meteorological products","gribEdition":2,"gribLength":1102,"center":7,"centerName":"US National Weather Service - NCEP(WMC)","subcenter":0,"refTime":"2023-08-28T06:00:00.000Z","significanceOfRT":1,"significanceOfRTName":"Start of forecast","productStatus":0,"productStatusName":"Operational products","productType":1,"productTypeName":"Forecast products","productDefinitionTemplate":0,"productDefinitionTemplateName":"Analysis/forecast at horizontal level/layer at a point in time","parameterCategory":2,"parameterCategoryName":"UnknownDiscipline_0_Category_2","parameterNumber":2,"parameterNumberName":"UnknownParameter_D0_C2_2","parameterUnit":"Unknown","genProcessType":2,"genProcessTypeName":"Forecast","forecastTime":240,"surface1Type":103,"surface1TypeName":"Specified height level above ground","surface1Value":10.0,"surface2Type":255,"surface2TypeName":"Missing","surface2Value":0.0,"gridDefinitionTemplate":0,"gridDefinitionTemplateName":"Latitude_Longitude","numberPoints":615,"shape":6,"shapeName":"Earth spherical with radius of 6,371,229.0 m","gridUnits":"degrees","resolution":48,"winds":"true","scanMode":64,"nx":41,"ny":15,"basicAngle":0,"lo1":47.0,"la1":41.0,"lo2":87.0,"la2":55.0,"dx":1.0,"dy":1.0}, "data":
[rows 0 to 14 of 15, columns 0 to 40 of 41]
-0.075795285,1.6342047,-2.4357953,-0.9657953,-2.3057952,-1.8057953,1.3442047,0.13420472,0.8742047,0.6742047,3.8242047,4.574205,4.864205,5.4942045,6.9142046,7.574205,7.6642046,8.634205,6.944205,6.594205,6.384205,7.964205,4.074205,3.7642047,3.0242047,1.9342047,3.8542047,4.134205,0.4542047,1.0842047,-1.6957953,0.3542047,0.83420473,0.4942047,-0.1357953,0.7442047,3.7642047,1.9442047,3.5642047,2.6042047,0.8642047
1.2542048,-2.5157952,-0.20579529,-1.0057952,-1.0257953,-1.4657953,-2.1257954,0.064204715,-0.8157953,-0.9057953,0.6842047,1.3342047,2.0442047,2.9542048,3.0842047,3.6642046,4.3942046,1.8442047,4.2642045,1.2242047,4.2942047,4.6842046,6.2842045,4.654205,3.9842048,-0.08579529,1.9842048,1.6542047,3.8442047,1.6942047,0.5542047,0.5042047,-1.1657953,1.1142048,0.4942047,1.7742047,1.9042047,1.6642047,0.7842047,0.9942047,0.3342047
-4.2457952,-2.9857953,-5.195795,-6.9357953,-5.9357953,-6.9957952,-5.7757955,-3.6957953,-1.6657953,0.5442047,0.76420474,-2.0157952,-2.3357954,-2.4157953,-2.0257952,-0.7857953,-0.4557953,2.3742046,3.1142046,3.4742048,4.4342046,6.8542047,7.2642045,10.834204,12.074204,5.804205,0.19420472,0.2942047,3.5642047,0.024204712,1.2742047,0.5342047,-1.3457953,-0.7857953,-0.20579529,0.51420474,0.2942047,-0.15579529,-1.0257953,-0.115795285,-0.9357953
-9.165795,-8.565795,-7.7457952,-6.2757955,-7.2457952,-5.7157955,-2.4657953,-2.2057953,-0.6757953,0.34420472,-1.7557952,-4.7557955,-4.2457952,-4.3757954,-1.1657953,0.9142047,1.9942048,3.1642046,5.0242047,6.7642045,4.2842045,3.3542047,6.174205,5.094205,7.324205,9.054205,6.4542046,4.7542048,4.8142047,1.9142047,0.7942047,-2.4257953,-3.3457954,-3.4757953,-0.85579526,0.9642047,1.4442047,-0.46579528,-2.4457953,-3.1557953,-4.5457954
-8.405795,-6.6457953,-6.6457953,-6.2757955,-5.445795,-4.4757953,-3.9857953,-2.7657952,-2.1557953,-4.1657953,-4.845795,-4.015795,-1.7757953,-2.3157952,-0.6757953,0.9742047,1.6242048,2.3242047,3.1742048,6.0442047,7.574205,6.3542047,4.2842045,6.5342045,7.0342045,8.734204,6.9342046,5.2842045,7.1042047,4.944205,3.5542047,1.2242047,1.9742047,1.2442048,-2.6357954,-3.1057954,-1.2357953,-3.3557954,-3.7157953,-3.5157952,-1.9857953
-5.305795,-5.195795,-5.555795,-5.4557953,-4.805795,-4.345795,-2.6757953,-3.2457952,-3.9257953,-4.2057953,-4.2157955,-3.4257953,-1.7157953,-0.8957953,-0.5757953,0.70420474,1.0742047,2.3542047,3.7742047,5.1842046,6.824205,6.734205,5.9342046,3.6142046,6.7242045,6.324205,5.4942045,0.6242047,5.694205,4.2242045,2.9942048,2.3842046,-0.7157953,-0.4557953,-3.9757953,-5.155795,-0.97579527,-2.5657952,-2.0657952,0.064204715,-1.4557953
-5.5057955,-5.9857955,-4.7257953,-3.9557953,-3.7657952,-3.2957952,-2.9057953,-1.7457952,-3.7457952,-4.4757953,-3.8457954,-2.0957954,-1.0157952,-0.2857953,-0.8057953,0.11420471,-0.3857953,0.15420471,0.9942047,0.4342047,-1.1257952,1.6642047,4.364205,2.2942047,5.1642046,4.8342047,5.7442045,3.6942048,2.6742048,2.1442046,1.4042047,1.1542047,-0.05579529,-3.9257953,-4.4657955,-1.8957953,-0.49579528,-1.3057953,0.104204714,-0.5657953,-2.1657953
-5.885795,-5.7357955,-4.035795,-3.3957953,-3.9457953,-2.7457952,-2.3357954,-4.1257954,-4.7357955,-4.845795,-3.6557953,-1.9757953,-1.9157953,-1.2557952,-0.14579529,-0.17579529,-0.035795286,-1.7557952,-1.6957953,-1.3457953,-2.5257952,-1.0357953,-1.6857953,-0.8857953,1.3042047,2.8342047,2.6542046,2.7342048,2.9742048,3.2642047,3.0942047,1.0342047,-2.1257954,0.19420472,1.4342047,-5.1257954,-4.5457954,-1.6857953,-3.6257954,-1.3257953,2.3942046
-4.9757953,-4.4857955,-4.1257954,-4.305795,-2.7757952,-3.3357954,-3.9257953,-3.9957952,-3.3557954,-4.6857953,-3.6557953,-3.6557953,-3.3857954,-2.6057954,-2.1457953,-3.4357953,-2.4957952,-3.5457952,0.38420472,-2.8357954,-1.6357952,-2.2157953,0.23420471,-1.1257952,-1.3157953,-0.045795288,-0.6857953,0.8642047,2.6342046,2.0242047,2.3142047,0.9642047,1.0342047,-0.2457953,0.1742047,-1.3357953,-1.0257953,3.2042048,3.1742048,1.2142047,1.2342048
-4.8757954,-4.4357953,-4.5657954,-2.8557954,-2.8557954,-3.1257954,-2.9357953,-1.9357953,-2.8357954,-3.6557953,-3.9657953,-3.9057953,-2.9657953,-3.1757953,-2.3557954,-2.3657954,-2.4457953,-2.3057952,-2.1157954,-2.2657952,-2.0457952,-0.8257953,-3.0557952,-2.9257953,-2.9757953,-2.4857953,-1.2857953,0.9842047,-1.1657953,-1.1957953,1.3842047,0.9742047,-0.7857953,-0.045795288,-0.005795288,-1.8057953,-0.85579526,-1.1157953,2.4442048,0.9642047,-0.5157953
-3.4257953,-4.8557954,-4.075795,-3.3757954,-3.4657953,-3.7057953,-4.0857954,-4.595795,-3.5757952,-2.9657953,-3.3957953,-3.2057953,-2.4057953,-2.8857954,-2.6057954,-1.8757952,-1.2957953,-2.1357954,-1.4457953,-1.7957953,-1.7057953,-1.7657952,-2.4357953,-2.4457953,-2.5457952,-2.3357954,-2.1057954,-1.2757953,-0.09579529,-1.6757953,-1.6857953,1.4242047,1.9042047,1.8342047,0.3342047,-0.40579528,0.38420472,0.6942047,0.31420472,-0.23579529,1.8242047
-4.5457954,-3.8757954,-3.3657954,-2.8657954,-2.9957952,-2.9957952,-3.3757954,-3.2757952,-2.0557952,0.44420472,-0.8757953,-2.6957953,-1.9057953,-2.7757952,-1.8757952,-2.4957952,-1.4057953,-0.10579529,-1.0857953,-0.7757953,-0.5357953,-0.2957953,-0.10579529,0.12420471,0.3542047,0.34420472,0.5542047,1.4042047,0.5042047,2.2042048,2.3742046,0.6242047,1.5242047,1.7842047,0.38420472,0.15420471,-0.035795286,-1.0057952,0.24420471,0.5542047,-0.08579529
-2.2457952,-1.4457953,-1.2557952,-2.4357953,-1.7957953,-1.5257953,-2.0557952,-2.0057952,-2.5857954,-1.4057953,-0.19579528,-1.1057953,-1.8157953,-1.3357953,-0.7157953,-0.2957953,-1.0057952,-1.6257952,-0.46579528,0.22420472,0.5042047,2.2442048,2.9542048,2.9242048,3.7042048,3.7342048,2.8642046,2.6542046,2.2342048,1.3242047,2.8842046,1.9542047,-0.43579528,-1.1257952,-3.2957952,-2.2757952,-2.4057953,-1.6057953,-2.4457953,-2.7757952,-1.3457953
-1.9357953,-2.4757953,-0.9057953,-1.4557953,-1.7157953,-1.1957953,-0.73579526,-0.1357953,-0.6457953,-0.9657953,-0.045795288,1.1742047,-0.23579529,-0.1357953,0.1442047,0.23420471,0.34420472,-0.005795288,0.054204714,0.2942047,-0.33579528,2.0242047,3.2242048,3.1242046,2.8942046,3.5442047,3.9142046,3.2542048,3.1942048,1.8442047,1.5542047,1.3742048,-1.0257953,-4.015795,-3.3157952,-3.1357954,-2.8157952,-2.3557954,-1.8657953,-1.1857953,-2.1557953
-1.0257953,-0.5857953,-2.3157952,-1.0357953,-1.0357953,-0.7557953,0.3542047,0.76420474,0.8742047,0.8542047,0.24420471,0.024204712,1.1242048,1.1942047,0.9642047,1.4742047,1.2742047,0.6042047,0.22420472,0.5542047,0.09420471,1.2642047,1.8642048,0.83420473,0.9842047,1.5442047,1.8242047,1.9142047,2.4742048,-0.30579528,-1.5857953,2.1742048,-0.7657953,-4.1057954,-2.9757953,-2.9357953,-1.1057953,-0.7657953,-1.2957953,-0.2657953,0.004204712
