wind_kz.json
{"header": {"discipline":0,"disciplineName":"Meteorological products","gribEdition":2,"gribLength":1025,"center":7,"centerName":"US National Weather Service - NCEP(WMC)","subcenter":0,"refTime":"2024-02-01T18:00:00.000Z","significanceOfRT":1,"significanceOfRTName":"Start of forecast","productStatus":0,"productStatusName":"Operational products","productType":1,"productTypeName":"Forecast products","productDefinitionTemplate":0,"productDefinitionTemplateName":"Analysis/forecast at horizontal level/layer at a point in time","parameterCategory":2,"parameterCategoryName":"UnknownDiscipline_0_Category_2","parameterNumber":3,"parameterNumberName":"UnknownParameter_D0_C2_3","parameterUnit":"Unknown","genProcessType":2,"genProcessTypeName":"Forecast","forecastTime":60,"surface1Type":103,"surface1TypeName":"Specified height level above ground","surface1Value":10.0,"surface2Type":255,"surface2TypeName":"Missing","surface2Value":0.0,"gridDefinitionTemplate":0,"gridDefinitionTemplateName":"Latitude_Longitude","numberPoints":615,"shape":6,"shapeName":"Earth spherical with radius of 6,371,229.0 m","gridUnits":"degrees","resolution":48,"winds":"true","scanMode":64,"nx":41,"ny":15,"basicAngle":0,"lo1":47.0,"la1":41.0,"lo2":87.0,"la2":55.0,"dx":1.0,"dy":1.0}, "data":
[rows 0 to 14 of 15, columns 0 to 40 of 41]
-3.3715868,-0.09158692,-1.6415869,3.258413,7.578413,5.828413,5.398413,3.508413,2.528413,1.4784131,0.9684131,1.5984131,2.6484132,3.008413,2.6984131,2.318413,2.1984131,1.3184131,3.978413,2.9284132,-0.79158694,4.648413,1.668413,1.4584131,1.3384131,0.7984131,0.7484131,0.3684131,-0.98158693,-0.73158693,-2.6115868,-1.0515869,0.41841307,-0.08158691,1.0084131,0.4884131,0.47841308,1.408413,0.6384131,-0.09158692,-1.221587
5.248413,1.2184131,2.4584131,2.1884131,4.978413,3.978413,2.3884132,4.8384132,4.428413,2.9084132,0.5484131,0.37841308,1.7284131,1.7684131,1.278413,2.118413,1.3584131,0.4884131,0.8084131,3.8884132,3.368413,3.318413,3.6884131,2.008413,1.9684131,2.1684132,0.7184131,-0.8115869,-0.4215869,-1.3815869,-0.7415869,-2.3015869,-0.46158692,-2.171587,-2.3715868,1.058413,-0.72158694,-0.20158692,-0.7115869,1.658413,0.7184131
2.048413,3.818413,2.098413,1.0784131,3.3884132,1.5184131,0.6684131,0.5584131,2.9384131,3.548413,2.838413,2.1384132,1.7084131,1.158413,1.6284131,2.1284132,3.038413,1.658413,1.4384131,2.118413,1.9484131,2.3884132,3.6384132,3.258413,1.2084131,-0.6215869,-0.14158691,-1.2715869,1.038413,3.258413,-2.011587,-1.3115869,0.5484131,-1.0615869,0.46841308,-0.5315869,-1.8515869,0.9184131,0.46841308,-1.0215869,-1.1315869
3.088413,4.348413,4.5684133,3.8984132,3.218413,3.018413,2.278413,3.6884131,3.808413,3.968413,3.038413,2.1384132,2.1684132,1.658413,2.1684132,1.538413,2.268413,2.318413,2.9184132,2.528413,2.6784132,3.308413,0.22841309,5.158413,2.2084131,2.6384132,2.538413,2.618413,3.9484131,0.3384131,2.828413,1.7384131,0.9784131,-0.21158691,0.3384131,0.43841308,1.4784131,2.4084132,-0.92158693,-1.591587,-0.6315869
4.918413,4.958413,4.348413,4.268413,4.098413,4.428413,4.218413,3.568413,4.398413,3.778413,4.108413,2.988413,2.248413,1.678413,0.7584131,-0.2615869,-1.2415869,1.1884131,2.598413,3.538413,3.828413,-0.4115869,-0.8715869,0.108413085,-0.91158694,2.288413,4.348413,1.5084131,2.728413,1.538413,2.4484131,0.47841308,1.2284131,0.51841307,0.2684131,0.5384131,0.6984131,0.5684131,0.6784131,0.058413085,-0.3915869
8.028413,6.378413,6.328413,5.5284133,5.848413,5.618413,6.608413,6.0684133,5.438413,4.7584133,4.018413,4.018413,2.558413,2.468413,0.21841308,1.0884131,-1.1215869,-0.2615869,-0.7615869,2.6884131,2.968413,2.268413,2.118413,2.368413,2.308413,2.518413,1.6184131,0.7584131,1.3484131,1.1384131,1.2484131,0.24841309,0.6684131,1.5984131,-0.19158691,6.578413,-0.46158692,2.848413,0.7384131,0.9084131,-0.2515869
8.888413,8.348413,6.848413,7.358413,6.888413,6.448413,7.0084133,6.958413,6.7984133,5.978413,5.208413,3.8884132,4.288413,2.848413,2.298413,2.1384132,1.5984131,-0.6115869,-1.7515869,2.4484131,2.758413,3.088413,4.348413,4.148413,3.368413,2.498413,1.158413,-0.051586915,-0.36158693,2.038413,0.08841309,-0.73158693,-2.631587,1.658413,0.5484131,-1.1815869,-0.6315869,1.418413,1.5084131,1.1984131,1.558413
8.148413,9.288413,8.638413,8.348413,6.918413,6.728413,6.788413,7.208413,7.288413,6.148413,6.808413,6.518413,4.928413,3.738413,3.028413,2.338413,2.058413,1.178413,0.9084131,1.0884131,1.3284131,3.568413,3.9284132,6.0484133,5.5084133,4.988413,5.848413,2.728413,2.6284132,0.9384131,1.2484131,2.6984131,1.3584131,1.298413,0.3984131,-0.54158694,-0.5815869,-0.23158692,0.82841307,1.528413,0.64841306
6.908413,8.108413,8.458413,7.878413,7.358413,6.988413,6.8384132,6.558413,5.488413,5.0884132,5.038413,5.2984133,4.928413,5.078413,4.0284133,2.9184132,2.778413,2.258413,2.4584131,2.1884131,1.8384131,2.358413,5.388413,6.2584133,7.488413,7.078413,5.098413,5.658413,5.958413,3.298413,4.058413,5.0084133,6.078413,5.478413,3.3784132,5.0684133,0.008413086,0.108413085,2.318413,1.8384131,0.38841307
6.828413,7.408413,7.478413,7.238413,6.7784133,6.398413,5.988413,5.858413,5.858413,5.148413,4.998413,5.348413,6.168413,5.098413,5.618413,3.328413,3.368413,3.278413,2.518413,2.1284132,2.858413,2.558413,4.0084133,6.948413,7.478413,7.718413,6.598413,5.468413,5.238413,4.2984133,3.758413,4.918413,6.0484133,5.3184133,7.198413,2.018413,1.9384131,0.9684131,1.678413,1.5984131,3.9384131
6.3384132,6.5284133,6.408413,5.7584133,5.698413,5.788413,5.7984133,4.928413,4.748413,5.0084133,5.738413,5.618413,5.498413,6.828413,4.978413,5.238413,4.5684133,3.578413,3.558413,3.318413,3.1484132,2.868413,3.608413,6.618413,7.208413,8.048413,7.578413,7.218413,6.648413,4.0084133,4.728413,4.158413,4.098413,5.498413,7.828413,5.728413,3.3784132,2.6984131,3.1384132,2.368413,1.8284131
4.438413,5.518413,5.738413,5.938413,5.578413,4.978413,4.7584133,4.458413,4.228413,3.818413,4.238413,4.238413,5.5684133,5.538413,5.468413,5.2984133,5.058413,4.328413,4.5884132,3.738413,4.0284133,3.018413,3.778413,4.5884132,6.638413,7.268413,8.008413,7.168413,7.0484133,5.858413,6.0484133,6.428413,5.148413,5.628413,5.5484133,6.938413,5.078413,1.678413,1.2684131,2.358413,0.57841307
4.268413,3.6584132,4.488413,4.188413,4.138413,2.6284132,3.068413,4.0684133,4.5684133,3.968413,2.6484132,2.578413,5.148413,5.108413,5.038413,5.038413,4.998413,4.728413,5.198413,4.448413,4.618413,4.428413,4.0884132,4.0884132,5.378413,7.128413,7.2584133,6.868413,6.708413,6.2584133,6.118413,5.898413,5.168413,5.368413,5.658413,5.928413,5.348413,3.068413,4.038413,2.9084132,1.538413
4.518413,4.368413,3.868413,3.8784132,2.1684132,2.988413,3.048413,3.598413,3.838413,4.648413,3.028413,2.318413,2.078413,4.698413,4.428413,4.788413,5.078413,5.128413,5.208413,4.7584133,4.858413,4.738413,4.368413,4.078413,5.558413,6.3384132,6.5484133,6.5084133,5.748413,5.0684133,4.5884132,4.5684133,4.958413,5.038413,4.328413,4.998413,4.148413,4.378413,4.5884132,4.438413,6.158413
2.358413,3.4084132,2.568413,3.118413,3.058413,2.838413,3.1684132,3.1384132,2.6284132,3.338413,3.328413,3.828413,2.548413,1.678413,3.798413,4.3184133,4.268413,4.368413,4.988413,5.108413,5.218413,5.328413,5.098413,5.168413,6.2784133,5.878413,5.248413,4.618413,3.728413,4.078413,4.358413,4.138413,3.848413,4.0284133,4.238413,4.0084133,4.558413,4.618413,3.798413,4.368413,3.738413
