wind_kz.json
{"header": {"discipline":0,"disciplineName":"Meteorological products","gribEdition":2,"gribLength":871,"center":7,"centerName":"US National Weather Service - NCEP(WMC)","subcenter":0,"refTime":"2023-08-23T00:00:00.000Z","significanceOfRT":1,"significanceOfRTName":"Start of forecast","productStatus":0,"productStatusName":"Operational products","productType":1,"productTypeName":"Forecast products","productDefinitionTemplate":0,"productDefinitionTemplateName":"Analysis/forecast at horizontal level/layer at a point in time","parameterCategory":0,"parameterCategoryName":"UnknownDiscipline_0_Category_0","parameterNumber":0,"parameterNumberName":"UnknownParameter_D0_C0_0","parameterUnit":"Unknown","genProcessType":2,"genProcessTypeName":"Forecast","forecastTime":120,"surface1Type":1,"surface1TypeName":"Ground or water surface","surface1Value":0.0,"surface2Type":255,"surface2TypeName":"Missing","surface2Value":0.0,"gridDefinitionTemplate":0,"gridDefinitionTemplateName":"Latitude_Longitude","numberPoints":615,"shape":6,"shapeName":"Earth spherical with radius of 6,371,229.0 m","gridUnits":"degrees","resolution":48,"winds":"true","scanMode":64,"nx":41,"ny":15,"basicAngle":0,"lo1":47.0,"la1":41.0,"lo2":87.0,"la2":55.0,"dx":1.0,"dy":1.0}, "data":
[rows 0 to 14 of 15, columns 0 to 40 of 41]
294.17755,283.87756,290.07758,299.27756,299.17755,298.37756,295.97757,295.87756,293.17755,292.87756,292.27756,294.07758,293.27756,293.07758,292.87756,290.67755,289.17755,290.57758,290.07758,292.27756,292.77756,288.37756,287.37756,284.87756,288.97757,290.47757,289.87756,278.87756,278.67755,276.37756,275.87756,277.77756,289.77756,296.87756,299.57758,298.57758,296.67755,296.97757,297.67755,298.07758,297.87756
272.07758,291.07758,299.27756,299.27756,299.27756,297.87756,293.77756,292.97757,292.67755,292.17755,292.77756,291.67755,290.27756,288.37756,284.37756,284.67755,291.27756,288.57758,286.97757,288.67755,289.87756,291.67755,289.17755,281.27756,271.77756,275.17755,282.57758,279.67755,276.17755,275.87756,279.97757,273.37756,281.07758,266.27756,278.37756,294.77756,294.87756,295.77756,299.17755,291.77756,284.07758
291.67755,299.07758,299.67755,299.67755,297.97757,292.67755,292.07758,290.57758,290.07758,290.37756,290.77756,291.47757,290.57758,288.87756,288.47757,286.57758,284.67755,285.67755,287.27756,288.77756,291.97757,289.57758,289.57758,285.27756,287.67755,288.47757,288.77756,288.57758,286.87756,281.47757,277.27756,279.87756,281.97757,284.37756,283.57758,281.17755,277.87756,280.07758,280.77756,277.47757,278.87756
290.67755,300.17755,299.97757,298.87756,296.17755,291.37756,290.37756,289.67755,289.97757,290.57758,291.57758,290.97757,295.37756,294.77756,289.37756,287.37756,287.47757,286.17755,288.57758,287.77756,287.27756,283.77756,289.97757,289.97757,291.37756,292.27756,292.17755,288.97757,287.57758,289.57758,289.67755,289.27756,293.67755,292.57758,290.77756,286.97757,281.17755,277.37756,282.67755,292.47757,295.87756
297.17755,299.87756,300.17755,299.67755,297.97757,292.17755,293.47757,290.87756,290.47757,290.57758,290.47757,290.57758,295.47757,294.27756,291.87756,289.97757,289.27756,288.47757,287.87756,289.77756,289.57758,288.57758,287.77756,287.87756,289.07758,289.17755,288.87756,291.87756,290.87756,290.47757,292.07758,289.67755,280.47757,277.37756,286.07758,292.47757,292.37756,296.47757,298.17755,297.27756,297.67755
291.37756,290.77756,297.97757,299.17755,299.27756,298.57758,294.47757,294.17755,293.07758,293.47757,292.87756,289.87756,293.87756,294.87756,293.17755,289.57758,290.37756,290.37756,289.17755,289.37756,288.47757,287.87756,285.67755,284.87756,286.37756,286.97757,289.67755,293.27756,291.87756,292.57758,291.17755,293.27756,290.77756,287.77756,288.97757,291.47757,284.57758,285.67755,292.87756,296.07758,296.97757
289.87756,288.67755,289.77756,290.87756,292.87756,290.47757,289.97757,291.17755,291.47757,291.47757,290.57758,290.27756,289.17755,291.37756,290.77756,290.67755,291.27756,291.37756,290.07758,288.57758,287.97757,286.67755,285.07758,285.47757,284.97757,287.07758,288.77756,290.97757,291.27756,289.67755,290.17755,290.57758,291.57758,291.77756,291.97757,291.27756,286.87756,285.37756,280.87756,281.37756,293.07758
288.57758,287.47757,288.07758,287.87756,290.67755,291.07758,290.87756,289.97757,289.27756,289.17755,288.37756,288.07758,288.47757,288.37756,290.17755,290.27756,289.57758,290.37756,289.27756,285.97757,285.07758,284.27756,284.37756,285.47757,284.97757,283.77756,284.77756,287.77756,286.67755,288.37756,287.17755,289.37756,287.07758,286.27756,287.37756,290.97757,292.17755,289.47757,292.87756,292.57758,286.67755
287.17755,284.97757,284.47757,284.47757,286.37756,287.47757,286.27756,285.67755,285.77756,284.57758,284.27756,285.47757,284.97757,286.87756,288.57758,288.87756,288.07758,288.87756,288.37756,286.27756,284.37756,281.57758,282.77756,286.27756,283.27756,285.07758,283.47757,282.87756,283.47757,283.97757,284.57758,285.97757,287.57758,288.87756,288.37756,286.57758,287.37756,288.47757,282.07758,279.57758,278.07758
284.37756,285.77756,287.37756,286.47757,285.27756,284.97757,283.77756,282.17755,282.17755,281.57758,280.77756,282.17755,283.97757,284.17755,285.97757,288.17755,285.87756,286.97757,286.27756,286.67755,285.07758,283.37756,284.07758,285.07758,286.67755,285.17755,282.57758,284.97757,284.97757,285.37756,285.77756,288.57758,287.77756,287.67755,288.37756,287.77756,286.37756,284.07758,280.27756,281.77756,279.37756
285.17755,285.87756,284.57758,283.47757,283.17755,280.77756,280.87756,279.67755,278.87756,280.47757,281.67755,281.97757,283.77756,283.57758,283.67755,284.27756,283.87756,285.67755,285.07758,285.37756,284.67755,284.67755,283.07758,283.27756,283.07758,284.97757,282.37756,283.27756,282.87756,284.97757,285.97757,286.47757,286.47757,287.67755,287.87756,286.77756,283.87756,282.07758,284.97757,283.77756,281.77756
282.07758,283.87756,283.17755,281.87756,280.47757,281.17755,280.07758,279.87756,279.77756,277.57758,278.67755,276.87756,282.47757,282.27756,282.57758,282.87756,282.67755,283.57758,283.77756,283.57758,283.97757,281.47757,281.77756,283.07758,283.27756,283.57758,282.27756,284.67755,284.97757,285.07758,285.07758,284.97757,285.57758,284.97757,287.07758,288.87756,290.27756,287.87756,287.67755,288.57758,287.97757
279.97757,280.47757,280.77756,281.57758,281.37756,280.97757,280.77756,281.17755,279.97757,280.57758,278.07758,278.37756,280.97757,281.37756,280.17755,283.37756,282.37756,282.77756,282.97757,283.17755,280.37756,278.97757,278.77756,281.57758,283.57758,284.87756,285.87756,285.87756,285.77756,283.87756,285.27756,285.77756,286.17755,286.27756,285.77756,287.67755,288.97757,289.27756,288.77756,289.17755,289.77756
278.67755,279.07758,284.77756,281.47757,281.27756,280.17755,280.47757,279.87756,281.27756,280.97757,279.17755,277.87756,279.27756,281.17755,281.47757,282.67755,282.47757,281.77756,283.27756,280.87756,280.67755,280.07758,285.17755,282.77756,283.57758,284.47757,282.37756,283.17755,284.67755,285.07758,284.57758,284.07758,284.77756,286.07758,284.77756,285.27756,286.87756,286.87756,287.77756,287.57758,289.77756
277.77756,278.47757,290.57758,279.47757,281.17755,279.87756,279.27756,276.67755,278.57758,278.97757,279.57758,279.47757,278.97757,280.27756,281.47757,282.17755,281.27756,281.47757,281.97757,279.27756,280.77756,282.87756,284.57758,282.97757,284.27756,284.07758,282.47757,284.27756,283.87756,283.87756,284.87756,284.87756,286.07758,286.17755,283.67755,284.37756,286.37756,287.17755,288.87756,288.67755,289.67755
