wind_kz.json
{"header": {"discipline":0,"disciplineName":"Meteorological products","gribEdition":2,"gribLength":871,"center":7,"centerName":"US National Weather Service - NCEP(WMC)","subcenter":0,"refTime":"2023-09-28T06:00:00.000Z","significanceOfRT":1,"significanceOfRTName":"Start of forecast","productStatus":0,"productStatusName":"Operational products","productType":1,"productTypeName":"Forecast products","productDefinitionTemplate":0,"productDefinitionTemplateName":"Analysis/forecast at horizontal level/layer at a point in time","parameterCategory":0,"parameterCategoryName":"UnknownDiscipline_0_Category_0","parameterNumber":0,"parameterNumberName":"UnknownParameter_D0_C0_0","parameterUnit":"Unknown","genProcessType":2,"genProcessTypeName":"Forecast","forecastTime":60,"surface1Type":1,"surface1TypeName":"Ground or water surface","surface1Value":0.0,"surface2Type":255,"surface2TypeName":"Missing","surface2Value":0.0,"gridDefinitionTemplate":0,"gridDefinitionTemplateName":"Latitude_Longitude","numberPoints":615,"shape":6,"shapeName":"Earth spherical with radius of 6,371,229.0 m","gridUnits":"degrees","resolution":48,"winds":"true","scanMode":64,"nx":41,"ny":15,"basicAngle":0,"lo1":47.0,"la1":41.0,"lo2":87.0,"la2":55.0,"dx":1.0,"dy":1.0}, "data":
[rows 0 to 14 of 15, columns 0 to 40 of 41]
291.24615,281.44614,285.44614,294.34613,294.24615,293.24615,293.54614,294.84613,292.24615,291.84613,290.64615,291.14615,290.34613,290.64615,290.24615,287.44614,288.14615,289.64615,286.74615,289.54614,290.94614,286.84613,287.34613,282.74615,286.44614,289.54614,285.64615,271.64615,264.44614,268.34613,271.14615,272.04614,282.04614,288.74615,290.04614,290.64615,290.74615,290.54614,289.84613,289.14615,289.94614
273.44614,286.64615,294.04614,294.44614,294.14615,292.34613,292.84613,291.04614,290.04614,289.94614,290.44614,289.74615,288.94614,288.64615,286.94614,286.64615,286.44614,287.04614,285.84613,286.24615,286.44614,288.74615,287.44614,280.64615,271.24615,272.44614,278.94614,272.64615,272.74615,268.34613,274.44614,265.64615,275.24615,252.14615,273.14615,286.44614,285.24615,287.44614,290.54614,283.04614,283.64615
287.94614,293.74615,294.14615,293.64615,291.64615,290.44614,290.34613,289.64615,288.94614,288.44614,287.74615,288.44614,286.24615,287.54614,288.84613,285.94614,286.44614,284.84613,285.74615,286.24615,286.74615,288.54614,288.94614,282.94614,286.34613,284.94614,287.44614,286.64615,284.64615,276.24615,264.24615,272.54614,277.84613,274.84613,281.44614,280.14615,273.14615,276.84613,276.44614,274.14615,270.64615
286.94614,293.24615,293.74615,292.84613,291.24615,289.54614,290.14615,289.34613,289.74615,289.14615,288.34613,287.14615,290.94614,290.24615,288.14615,287.14615,289.94614,288.64615,287.64615,285.14615,284.14615,284.84613,289.34613,290.84613,288.64615,290.04614,290.84613,288.84613,285.94614,286.24615,286.44614,283.84613,288.94614,286.04614,284.64615,284.04614,275.14615,270.94614,276.54614,284.74615,288.14615
290.34613,292.44614,292.94614,292.04614,291.14615,290.04614,290.84613,290.64615,290.04614,289.24615,288.74615,287.34613,290.04614,288.74615,287.24615,289.04614,289.74615,291.04614,288.34613,288.94614,288.14615,290.84613,290.44614,290.44614,289.24615,289.94614,286.84613,287.04614,286.24615,286.44614,289.14615,287.24615,274.64615,262.84613,275.64615,283.64615,289.34613,289.64615,290.04614,290.84613,290.34613
291.04614,288.14615,291.34613,292.24615,292.34613,292.14615,289.94614,291.94614,290.54614,289.84613,290.14615,290.14615,289.64615,289.74615,288.64615,287.64615,289.44614,287.74615,290.24615,289.54614,288.24615,289.94614,288.94614,288.54614,288.84613,284.84613,285.74615,288.84613,288.14615,288.64615,286.64615,290.04614,287.64615,285.34613,283.44614,286.04614,278.34613,279.94614,287.04614,289.74615,289.34613
290.44614,290.54614,293.14615,292.84613,291.24615,290.24615,291.14615,290.04614,292.34613,292.44614,290.94614,289.34613,287.74615,289.84613,288.24615,289.14615,288.44614,289.44614,286.94614,288.34613,287.34613,288.84613,287.44614,287.54614,285.94614,285.44614,284.34613,287.14615,286.04614,286.04614,285.04614,285.34613,286.24615,287.24615,287.14615,284.14615,281.74615,277.44614,275.34613,276.24615,285.34613
289.94614,289.24615,290.84613,291.44614,291.14615,290.44614,289.74615,288.74615,290.24615,291.04614,290.54614,287.64615,288.44614,289.04614,288.34613,290.54614,288.44614,289.54614,289.74615,287.14615,286.94614,284.24615,286.24615,283.44614,282.54614,281.14615,282.04614,282.84613,281.74615,282.74615,281.44614,282.14615,281.84613,280.14615,280.74615,283.54614,285.34613,286.54614,284.44614,285.04614,284.94614
287.04614,286.94614,287.84613,287.54614,288.94614,288.44614,287.54614,291.14615,290.04614,288.94614,288.74615,288.44614,286.24615,287.34613,286.84613,286.84613,287.14615,287.74615,287.14615,286.54614,284.84613,282.24615,281.94614,281.04614,280.94614,282.94614,280.44614,279.14615,277.94614,280.14615,277.74615,278.94614,282.44614,283.44614,282.24615,281.54614,279.74615,281.44614,273.44614,273.54614,272.44614
286.14615,286.54614,286.64615,286.74615,286.94614,290.04614,289.44614,288.44614,288.24615,284.04614,283.14615,285.04614,285.94614,286.24615,286.14615,286.04614,287.44614,286.24615,286.64615,286.04614,283.84613,281.24615,282.14615,282.64615,281.84613,281.34613,281.44614,283.14615,280.94614,278.74615,278.14615,282.24615,284.44614,283.94614,284.34613,283.94614,280.74615,279.04614,277.14615,275.14615,272.04614
286.14615,284.94614,285.14615,285.34613,284.94614,284.54614,285.14615,283.44614,282.74615,282.74615,281.64615,281.94614,284.94614,282.34613,284.14615,281.94614,284.84613,284.44614,284.74615,281.84613,282.14615,282.44614,281.04614,282.14615,283.14615,283.44614,281.94614,283.44614,283.54614,284.14615,283.94614,282.04614,281.64615,284.24615,284.34613,283.14615,280.14615,277.74615,276.94614,277.54614,274.74615
284.24615,284.24615,283.24615,283.24615,282.74615,282.84613,282.24615,281.94614,281.84613,282.54614,280.64615,280.74615,280.94614,283.14615,280.94614,281.24615,283.14615,283.24615,284.74615,283.64615,281.54614,279.24615,281.94614,282.84613,281.64615,283.74615,284.64615,283.84613,283.74615,285.04614,284.54614,281.94614,282.04614,281.84613,282.14615,282.44614,282.44614,281.84613,281.44614,280.94614,279.94614
286.94614,282.84613,282.14615,281.94614,283.24615,283.54614,281.94614,281.74615,281.04614,280.04614,278.24615,277.64615,280.14615,279.24615,280.14615,280.74615,281.04614,281.04614,282.14615,281.24615,282.74615,281.94614,281.74615,281.54614,281.54614,282.74615,283.84613,282.74615,283.44614,282.74615,281.44614,282.14615,281.74615,280.54614,282.24615,282.54614,282.64615,282.44614,282.44614,281.54614,279.74615
283.84613,283.94614,284.04614,282.44614,281.64615,285.24615,283.34613,281.94614,281.04614,280.94614,280.54614,279.84613,277.34613,278.94614,279.74615,281.64615,279.94614,280.04614,282.04614,279.64615,281.14615,280.44614,280.44614,279.44614,279.94614,281.44614,280.94614,280.84613,279.94614,280.04614,279.94614,279.14615,279.14615,277.34613,278.34613,278.74615,277.94614,279.84613,281.04614,279.54614,280.64615
284.44614,283.94614,285.74615,281.34613,280.94614,281.14615,285.94614,281.44614,280.34613,279.54614,280.34613,281.44614,279.54614,280.24615,280.14615,281.64615,281.54614,280.44614,277.84613,278.54614,277.04614,276.04614,276.64615,274.94614,274.94614,275.04614,274.24615,274.44614,274.64615,274.34613,274.14615,277.84613,273.74615,273.34613,273.74615,276.04614,276.74615,275.84613,276.64615,276.14615,277.34613
