wind_kz.json
{"header": {"discipline":0,"disciplineName":"Meteorological products","gribEdition":2,"gribLength":948,"center":7,"centerName":"US National Weather Service - NCEP(WMC)","subcenter":0,"refTime":"2023-08-19T06:00:00.000Z","significanceOfRT":1,"significanceOfRTName":"Start of forecast","productStatus":0,"productStatusName":"Operational products","productType":1,"productTypeName":"Forecast products","productDefinitionTemplate":0,"productDefinitionTemplateName":"Analysis/forecast at horizontal level/layer at a point in time","parameterCategory":0,"parameterCategoryName":"UnknownDiscipline_0_Category_0","parameterNumber":0,"parameterNumberName":"UnknownParameter_D0_C0_0","parameterUnit":"Unknown","genProcessType":2,"genProcessTypeName":"Forecast","forecastTime":120,"surface1Type":1,"surface1TypeName":"Ground or water surface","surface1Value":0.0,"surface2Type":255,"surface2TypeName":"Missing","surface2Value":0.0,"gridDefinitionTemplate":0,"gridDefinitionTemplateName":"Latitude_Longitude","numberPoints":615,"shape":6,"shapeName":"Earth spherical with radius of 6,371,229.0 m","gridUnits":"degrees","resolution":48,"winds":"true","scanMode":64,"nx":41,"ny":15,"basicAngle":0,"lo1":47.0,"la1":41.0,"lo2":87.0,"la2":55.0,"dx":1.0,"dy":1.0}, "data":
[rows 0 to 14 of 15, columns 0 to 40 of 41]
313.82227,299.02228,299.52228,299.42227,299.22226,297.92227,312.92227,320.52228,318.82227,319.02228,318.62225,322.02228,321.22226,321.32227,322.52228,326.52228,327.92227,325.12225,330.12225,325.72226,327.72226,321.32227,318.92227,318.22226,320.32227,318.52228,316.32227,304.02228,302.62225,301.72226,301.12225,295.22226,303.42227,314.92227,316.32227,316.92227,321.02228,323.12225,323.62225,327.92227,327.12225
287.72226,301.72226,299.32227,299.52228,299.32227,297.82227,304.02228,306.32227,316.32227,316.62225,318.02228,319.32227,320.42227,319.42227,322.22226,325.32227,326.82227,330.72226,329.02228,329.92227,328.52228,323.12225,319.82227,311.22226,303.62225,301.02228,311.42227,299.12225,305.72226,293.72226,299.32227,291.62225,304.12225,274.62225,293.32227,312.62225,315.32227,316.72226,321.72226,312.02228,285.72226
307.72226,299.22226,299.92227,299.62225,297.62225,314.12225,313.42227,314.52228,315.12225,314.92227,315.62225,316.92227,318.72226,319.82227,320.12225,322.32227,323.72226,327.02228,328.62225,328.02228,326.42227,324.92227,324.52228,318.62225,322.02228,320.42227,320.32227,318.92227,317.52228,307.42227,295.32227,292.72226,301.92227,312.92227,311.82227,307.52228,295.72226,297.92227,299.92227,297.82227,292.82227
309.62225,299.82227,299.52228,298.92227,301.22226,312.82227,313.42227,313.22226,314.52228,315.32227,315.42227,314.82227,296.42227,295.62225,319.72226,322.32227,312.82227,319.92227,324.22226,325.92227,324.42227,322.52228,322.72226,324.02228,330.92227,327.02228,326.92227,324.72226,323.22226,323.12225,326.02228,319.52228,320.72226,324.72226,322.42227,312.22226,300.02228,291.82227,302.02228,316.72226,319.92227
310.82227,299.62225,299.42227,299.22226,303.92227,310.52228,312.22226,314.72226,312.92227,313.62225,315.12225,314.42227,296.52228,295.12225,292.42227,318.02228,318.82227,313.72226,319.92227,320.62225,323.42227,325.42227,326.62225,324.02228,327.02228,328.52228,328.42227,320.02228,328.32227,326.12225,326.92227,321.42227,305.22226,296.32227,306.02228,317.32227,312.92227,325.12225,324.82227,319.92227,321.62225
309.82227,308.72226,298.22226,298.32227,299.02228,299.02228,313.62225,313.62225,311.22226,309.92227,312.52228,314.12225,298.42227,295.62225,304.22226,315.62225,317.92227,317.22226,319.22226,319.22226,320.72226,321.22226,324.22226,324.02228,325.62225,324.62225,325.82227,294.82227,322.92227,324.62225,327.52228,322.02228,324.02228,321.32227,315.22226,312.02228,308.32227,312.22226,324.02228,324.52228,322.02228
309.02228,310.42227,309.92227,310.62225,306.42227,309.12225,312.52228,311.42227,310.12225,309.72226,311.52228,312.22226,312.22226,314.42227,317.12225,314.42227,317.82227,316.32227,317.52228,317.12225,317.62225,318.12225,319.32227,319.82227,317.92227,318.92227,320.92227,321.92227,324.02228,323.02228,322.12225,324.32227,326.02228,321.22226,321.12225,317.92227,304.22226,295.42227,293.02228,292.82227,316.82227
307.52228,309.02228,308.52228,308.42227,308.92227,309.12225,309.62225,308.42227,307.92227,308.02228,309.32227,309.32227,311.92227,311.32227,316.72226,315.92227,315.12225,312.72226,316.02228,314.42227,314.62225,316.32227,317.02228,315.62225,316.02228,313.92227,313.62225,316.72226,314.72226,317.72226,315.52228,317.02228,317.32227,312.92227,313.72226,317.12225,317.72226,290.32227,321.22226,322.22226,312.42227
305.62225,305.72226,305.92227,305.92227,306.02228,306.62225,306.52228,306.12225,305.82227,306.12225,306.02228,306.22226,307.02228,311.62225,306.82227,307.32227,312.12225,307.52228,302.42227,301.72226,301.62225,311.42227,301.32227,312.82227,310.82227,310.62225,311.32227,309.32227,309.22226,308.42227,310.32227,312.02228,314.62225,313.72226,314.32227,308.22226,307.52228,308.92227,294.02228,292.22226,293.72226
302.42227,301.22226,302.22226,303.52228,303.92227,305.02228,299.22226,301.12225,302.62225,304.12225,303.72226,304.42227,295.62225,303.52228,310.42227,311.22226,296.12225,295.02228,300.52228,307.82227,301.72226,296.82227,307.82227,309.62225,309.12225,307.62225,308.42227,308.02228,306.52228,309.22226,310.92227,312.82227,316.42227,316.22226,313.72226,300.12225,301.62225,297.32227,295.62225,293.12225,291.12225
298.62225,298.12225,298.42227,298.92227,299.92227,301.12225,298.32227,300.12225,300.02228,299.72226,300.32227,293.32227,294.72226,291.02228,293.22226,305.82227,305.62225,304.82227,301.02228,297.92227,292.82227,292.32227,293.82227,294.62225,307.22226,306.82227,304.72226,304.52228,308.62225,310.42227,311.42227,313.72226,312.82227,310.92227,309.12225,305.02228,299.02228,297.22226,302.42227,295.22226,294.32227
295.52228,296.52228,290.32227,294.22226,297.52228,298.92227,296.32227,297.22226,298.52228,298.42227,295.22226,293.92227,298.72226,299.02228,298.82227,300.12225,300.72226,302.02228,302.62225,302.02228,300.42227,295.22226,294.72226,296.12225,303.32227,304.82227,307.12225,308.32227,310.92227,309.22226,309.92227,311.32227,309.72226,307.82227,305.82227,305.72226,305.72226,307.02228,303.42227,302.52228,302.52228
286.12225,286.82227,287.92227,287.62225,293.52228,289.82227,297.52228,299.22226,300.72226,298.72226,289.42227,289.02228,293.02228,290.02228,290.62225,296.32227,298.52228,298.22226,299.02228,294.02228,289.52228,289.42227,289.82227,295.92227,299.72226,302.12225,306.72226,307.52228,307.82227,306.12225,307.52228,309.72226,308.72226,306.72226,306.52228,303.52228,303.22226,302.52228,302.02228,301.82227,300.72226
283.62225,283.82227,288.62225,285.72226,289.02228,288.72226,287.62225,289.62225,292.62225,294.72226,289.32227,285.02228,285.42227,288.52228,293.12225,293.72226,292.32227,287.62225,292.92227,287.12225,288.72226,289.22226,289.02228,292.12225,294.22226,302.02228,303.42227,304.62225,305.02228,301.72226,303.12225,305.92227,304.62225,297.92227,302.22226,303.12225,302.42227,301.42227,300.82227,299.32227,300.12225
283.72226,283.32227,291.32227,283.32227,282.92227,286.22226,284.42227,291.52228,293.22226,290.82227,289.82227,290.22226,292.32227,291.22226,295.42227,293.82227,290.02228,293.92227,294.12225,289.92227,286.72226,287.22226,287.12225,287.22226,287.72226,292.22226,300.92227,302.12225,301.42227,295.62225,299.62225,294.42227,303.42227,300.72226,302.52228,301.82227,302.42227,302.22226,301.82227,301.42227,300.12225
