wind_kz.json
{"header": {"discipline":0,"disciplineName":"Meteorological products","gribEdition":2,"gribLength":1102,"center":7,"centerName":"US National Weather Service - NCEP(WMC)","subcenter":0,"refTime":"2024-04-07T18:00:00.000Z","significanceOfRT":1,"significanceOfRTName":"Start of forecast","productStatus":0,"productStatusName":"Operational products","productType":1,"productTypeName":"Forecast products","productDefinitionTemplate":0,"productDefinitionTemplateName":"Analysis/forecast at horizontal level/layer at a point in time","parameterCategory":2,"parameterCategoryName":"UnknownDiscipline_0_Category_2","parameterNumber":2,"parameterNumberName":"UnknownParameter_D0_C2_2","parameterUnit":"Unknown","genProcessType":2,"genProcessTypeName":"Forecast","forecastTime":240,"surface1Type":103,"surface1TypeName":"Specified height level above ground","surface1Value":10.0,"surface2Type":255,"surface2TypeName":"Missing","surface2Value":0.0,"gridDefinitionTemplate":0,"gridDefinitionTemplateName":"Latitude_Longitude","numberPoints":615,"shape":6,"shapeName":"Earth spherical with radius of 6,371,229.0 m","gridUnits":"degrees","resolution":48,"winds":"true","scanMode":64,"nx":41,"ny":15,"basicAngle":0,"lo1":47.0,"la1":41.0,"lo2":87.0,"la2":55.0,"dx":1.0,"dy":1.0}, "data":
[rows 0 to 14 of 15, columns 0 to 40 of 41]
-2.2933862,-0.39338624,1.8466138,-1.2033862,-2.7633862,-4.8133864,-8.713387,-9.103386,-9.963387,-8.343387,-6.863386,-6.7033863,-5.3133864,-3.9833863,-4.693386,-5.233386,-4.5433865,-4.5133862,-6.2633862,-5.283386,-4.153386,-0.7233862,0.17661376,-0.5633862,-1.3433862,-1.2833862,-2.5933862,-1.8333862,-0.77338624,-0.89338624,-0.77338624,1.2366138,-0.8533862,-0.35338622,-4.0433865,-2.9833863,-0.76338625,1.6466137,1.9766138,-0.37338623,-1.9133862
2.3866138,0.66661376,-12.563386,-5.733386,-5.613386,-8.943386,-8.803387,-9.0033865,-8.643386,-8.303387,-8.293386,-6.533386,-5.6033864,-5.403386,-5.4333863,-5.003386,-3.1733863,-4.9133863,-3.8633862,-6.613386,-6.4333863,-4.9733863,-2.0233862,-2.1733863,-1.2633862,0.09661377,-1.3133862,-0.40338624,-2.8333862,-0.7333862,-0.13338622,-0.42338622,-1.2833862,-1.6933862,0.16661377,-0.58338624,0.61661375,1.4066138,-1.0833862,-0.52338624,-6.1233864
-1.1933862,-8.403386,-10.443386,-7.653386,-8.513386,-11.343387,-8.733386,-7.613386,-9.283386,-8.943386,-8.2533865,-6.633386,-4.173386,-5.963386,-4.983386,-5.2933865,-6.073386,-6.843386,-7.113386,-5.6833863,-5.2433863,-7.4533863,-7.593386,-9.013386,-3.9233863,-3.9533863,-2.3033862,-1.6933862,-2.0033863,-0.8033862,-0.59338623,1.3366138,0.46661377,0.9366138,-2.7733862,-0.33338624,0.33661377,-0.84338623,3.3766139,-0.52338624,0.20661376
-9.533386,-11.613386,-9.513386,-8.203386,-11.393386,-9.933386,-6.7633862,-8.873386,-9.373386,-8.703386,-7.9533863,-6.7233863,-6.983386,-6.713386,-5.523386,-5.8533864,-4.943386,-5.633386,-5.653386,-4.7933865,-3.2433863,-8.793386,-4.3933864,-6.6233864,-6.2033863,-5.1233864,-4.673386,-6.1433864,-1.9033862,-2.0933862,-1.3033862,-1.4033862,-3.653386,-2.903386,-1.8733863,-0.25338623,0.7566138,0.84661376,-0.8133862,-0.15338624,2.9166138
-10.343387,-10.603386,-8.113386,-9.853386,-9.413386,-8.413386,-8.643386,-9.463387,-9.033386,-7.4533863,-6.943386,-5.903386,-5.5133862,-5.403386,-6.2033863,-5.2633862,-4.613386,-4.7433863,-4.5133862,-5.4933863,-5.0633864,-5.1633863,-5.073386,-5.5833864,-5.5133862,-4.8933864,-4.9733863,-1.7233863,-2.8733861,-4.273386,-3.1333861,-1.4233862,-1.4733863,-0.19338623,1.4466138,3.6166139,3.7066138,5.8366137,7.676614,2.9266138,-5.023386
-8.173387,-6.1833863,-8.153386,-9.153386,-9.173387,-10.333386,-10.053387,-9.613386,-7.613386,-6.963386,-5.6633863,-5.3333864,-5.593386,-6.6033864,-5.0833864,-4.343386,-4.613386,-5.0433865,-5.3733864,-5.073386,-5.343386,-4.5833864,-3.9133863,-3.7433863,-3.9733863,-3.5033863,-2.8033862,-2.5533862,-1.4333862,-0.38338622,-0.48338622,-2.0133862,-2.0333862,-0.19338623,2.0666137,1.7866138,0.59661376,3.6566138,8.296614,-2.4933863,-6.803386
-7.3533864,-6.693386,-8.213387,-7.923386,-9.313386,-8.083386,-9.233386,-7.883386,-6.133386,-5.113386,-4.0633864,-3.9833863,-4.0433865,-4.3133864,-3.7933862,-4.213386,-3.9333863,-3.3733861,-3.9133863,-3.7333863,-3.9533863,-3.8633862,-3.5833862,-3.4533863,-3.3133862,-2.8933861,-2.4433863,-2.9433863,-2.5733862,-3.1133862,-4.2633862,-4.173386,-1.4233862,0.19661377,-3.0733862,-1.2433863,-1.7133862,-0.15338624,1.1566138,1.2166138,4.726614
-6.533386,-6.3533864,-6.8333864,-6.9733863,-6.023386,-7.343386,-6.9533863,-5.2933865,-4.2933865,-3.5133862,-2.653386,-3.9133863,-3.8733861,-3.8233862,-3.8333862,-3.5433862,-3.3033862,-2.9433863,-2.9633863,-3.5133862,-3.2133863,-3.4733863,-3.0133862,-3.2133863,-2.8833861,-1.4433862,-1.6433862,-1.9933863,-2.4933863,-3.3633862,-3.4533863,-2.3433862,-2.153386,-2.9333863,-2.8733861,2.4266138,3.9666138,4.1266136,4.5066137,5.8966136,1.6866138
-5.5833864,-3.9133863,-4.023386,-3.8733861,-3.7633862,-5.8733864,-5.3933864,-4.233386,-3.7633862,-3.3933861,-2.9833863,-2.653386,-1.6733862,-1.9433862,-1.5733862,-1.4233862,-1.6533862,-2.4133863,-2.2133863,-2.1233861,-1.9133862,-2.0333862,-2.1633863,-2.5733862,-2.0333862,-1.2933862,-1.3933862,-1.3733863,-0.30338624,-0.51338625,-1.4933863,-1.0733862,-0.07338623,-0.46338624,0.08661377,0.9366138,0.6466138,-2.5633862,-2.0933862,0.67661375,-2.0433862
-3.903386,-3.7833862,-3.1133862,-3.1133862,-3.9233863,-4.343386,-4.133386,-3.7333863,-3.2633862,-3.2433863,-2.6833863,-2.153386,-1.2833862,-0.043386232,0.6966138,1.1666138,0.78661376,1.2966138,0.43661377,0.8866138,1.1066138,1.4166138,0.74661374,0.5866138,0.21661377,1.2066138,1.3566138,1.4066138,1.2166138,1.6766138,0.7066138,0.6366138,1.0766138,0.97661376,-0.013386231,1.3466138,-0.06338623,0.48661378,-2.0933862,-0.28338623,-0.90338624
-3.4633863,-2.9933863,-3.0233862,-2.6333861,-3.0633862,-3.4733863,-3.1333861,-2.5233862,-2.6133862,-1.9733863,-0.6033862,0.19661377,1.3366138,1.7866138,2.5366137,3.0666137,3.4766138,3.6566138,2.4866138,3.0266137,3.096614,3.2566137,3.1166139,2.8166137,2.5566137,2.6466138,2.9366138,3.1566138,3.6766138,3.2866137,2.1266139,0.74661374,1.3466138,1.8366138,1.6366137,-0.58338624,-0.75338626,0.6366138,0.18661377,0.42661378,-0.33338624
-3.1933863,-2.4733863,-2.2233863,-2.7733862,-3.0333862,-2.2933862,-2.2333863,-1.6533862,-1.1033863,-1.5933862,-0.69338626,1.6066138,1.9466138,2.4766138,3.3766139,3.4366138,3.7166138,4.196614,2.4066138,4.096614,3.3966138,3.9466138,3.7066138,3.2166138,3.9366138,4.3766136,5.016614,5.636614,5.7566137,3.3066137,2.7366138,1.8566138,1.0266137,1.4066138,0.73661375,1.5066137,1.0066137,0.26661378,0.22661377,-0.51338625,-0.03338623
-0.89338624,-1.1933862,-1.7633862,-1.3933862,-1.3033862,-1.2733862,-1.1533862,-1.2133862,-0.6233862,-0.9833862,-0.58338624,1.0466138,1.4866138,3.3566139,3.5766137,3.7866137,3.5466137,3.6266139,2.2666137,3.6966138,2.0166137,2.6666138,3.8066137,2.1366138,4.196614,3.8866138,4.096614,4.3766136,4.5066137,4.536614,3.4366138,3.7266138,1.1866138,1.2966138,1.4766138,1.6166137,0.8866138,-0.02338623,0.5266138,-0.013386231,0.29661378
-0.44338623,-0.6733862,-0.9733862,-1.3733863,-0.57338625,-0.05338623,-0.34338623,0.5266138,0.19661377,-0.15338624,-0.41338623,0.0066137696,1.8966137,3.2066138,3.7866137,3.7066138,3.6066139,3.5566137,3.0666137,3.5566137,3.6066139,3.3266137,4.326614,3.4366138,3.6666138,3.3866138,3.0466137,3.5866137,3.4966137,4.0466137,4.3566136,2.9766138,0.54661375,0.49661377,0.42661378,-0.123386234,-0.5533862,-0.8133862,-0.9133862,-0.27338624,-0.83338624
-0.11338623,-1.0833862,-0.31338623,-0.63338625,-0.39338624,0.60661376,1.3566138,0.42661378,0.42661378,-0.043386232,-0.8033862,0.23661377,0.60661376,1.6466137,3.4366138,3.0566137,3.3966138,3.3966138,2.4066138,2.6966138,2.4066138,2.3866138,2.6966138,2.3266137,0.5166138,1.0866138,1.7766137,2.4366138,3.0566137,3.4566138,3.2366138,3.3166137,-0.03338623,-0.34338623,-1.0533862,-1.1933862,-1.1233863,-1.0433862,-1.2833862,-1.1833862,-0.0033862304
