wind_kz.json
{"header": {"discipline":0,"disciplineName":"Meteorological products","gribEdition":2,"gribLength":1025,"center":7,"centerName":"US National Weather Service - NCEP(WMC)","subcenter":0,"refTime":"2023-08-22T06:00:00.000Z","significanceOfRT":1,"significanceOfRTName":"Start of forecast","productStatus":0,"productStatusName":"Operational products","productType":1,"productTypeName":"Forecast products","productDefinitionTemplate":0,"productDefinitionTemplateName":"Analysis/forecast at horizontal level/layer at a point in time","parameterCategory":2,"parameterCategoryName":"UnknownDiscipline_0_Category_2","parameterNumber":2,"parameterNumberName":"UnknownParameter_D0_C2_2","parameterUnit":"Unknown","genProcessType":2,"genProcessTypeName":"Forecast","forecastTime":300,"surface1Type":103,"surface1TypeName":"Specified height level above ground","surface1Value":10.0,"surface2Type":255,"surface2TypeName":"Missing","surface2Value":0.0,"gridDefinitionTemplate":0,"gridDefinitionTemplateName":"Latitude_Longitude","numberPoints":615,"shape":6,"shapeName":"Earth spherical with radius of 6,371,229.0 m","gridUnits":"degrees","resolution":48,"winds":"true","scanMode":64,"nx":41,"ny":15,"basicAngle":0,"lo1":47.0,"la1":41.0,"lo2":87.0,"la2":55.0,"dx":1.0,"dy":1.0}, "data":
[rows 0 to 14 of 15, columns 0 to 40 of 41]
-2.3263178,-0.34631774,1.0536822,0.80368227,-2.9863176,-6.936318,-7.2163177,-6.1563177,-5.416318,-3.2063177,-3.2463179,-3.6963177,-3.5663178,-2.7063177,-1.9063177,-1.7463177,-1.5863178,1.4636823,-1.7463177,-0.45631775,0.36368224,0.44368225,-1.5263177,-1.1863178,0.74368227,-2.5363178,-2.9563177,-0.31631774,0.40368226,0.5336822,-1.2863177,0.5936822,-0.5763177,-2.9063177,-4.4063177,-2.6363177,-2.7563179,-1.9063177,-0.5163177,0.19368225,0.21368225
2.5036821,1.2436823,0.10368225,-0.22631775,-2.8763177,-4.306318,-5.9063177,-5.3663177,-3.4263177,-3.2663178,-5.7363176,-4.7563176,-3.3663177,-1.9463178,-2.1563177,-2.5863178,-0.86631775,-2.8863177,-0.91631776,-2.6363177,-3.1563177,-2.2563179,-0.20631775,-2.9063177,-0.08631775,1.3036822,-0.7763178,-0.14631775,-3.7763178,-1.1263177,0.23368225,0.003682251,0.013682251,-2.5163178,1.6336823,1.3136822,-0.21631774,-0.67631775,0.13368225,-0.68631774,-2.0963178
1.7336823,-1.7563177,-0.16631775,-0.7663177,-1.1363177,-1.7763177,-5.226318,-1.7263178,-3.5563178,-3.5863178,-3.2063177,-4.3363175,-3.6563177,-2.7263176,-0.98631775,-2.7863178,-2.7963178,-2.4263177,-2.1763177,-3.0763178,-2.3563178,-5.5863175,-5.556318,-4.7163177,0.95368224,-1.9763178,0.62368226,-0.69631773,-2.6763177,-0.35631776,-0.88631773,2.3536823,0.04368225,-0.79631776,0.13368225,-1.5863178,0.46368226,-0.21631774,2.2136822,1.8336823,0.04368225
0.71368223,1.8636823,0.04368225,-0.21631774,-1.0863178,-0.97631776,-1.8363178,-0.43631774,-0.8263177,0.40368226,-1.6563177,-3.9863176,-3.4263177,-3.6163177,-2.0463178,-2.4263177,-3.2863178,-2.6863177,-2.6563177,-3.2263176,-1.7963177,-4.0263176,-1.8763177,-6.686318,-5.126318,-4.4863176,-3.7363176,-8.626318,-2.7563179,-0.8363178,-1.0963178,-2.6663177,-1.7563177,-3.3763177,-2.2563179,-2.4563177,-1.5363177,0.9736822,0.20368224,-1.0663178,-1.6563177
-0.33631775,-0.85631776,-1.3563178,0.80368227,1.6136823,-1.8263178,-0.45631775,1.1436822,-2.3463178,2.0536823,-4.416318,-2.7963178,-2.1463177,-3.6563177,-1.4863178,-2.3963177,-3.1463177,-2.9763176,-3.0163178,-3.7063177,-3.5263178,-4.2563176,-5.186318,-4.8363175,-4.706318,-4.706318,-4.7563176,-3.2763178,-4.0263176,-3.2763178,-3.6163177,-1.7363178,-1.9663178,0.99368227,0.26368225,0.99368227,-0.8963177,-3.3463178,-3.8263178,-2.2763178,-2.1863177
-0.21631774,0.61368227,1.1236823,1.8036822,4.253682,0.22368225,0.43368226,0.20368224,-0.41631776,1.0636822,-3.9063177,-2.6063178,-0.34631774,0.11368225,-0.48631775,0.19368225,-2.3363178,-2.2863178,-2.9963179,-3.4863176,-3.0063179,-2.6163177,-3.4363177,-3.4763176,-3.6363177,-3.9063177,-2.6363177,-2.8963177,-2.4263177,-1.9563178,-2.2463179,-1.9963177,-2.7663178,-2.4063177,-0.63631773,0.43368226,0.18368225,-0.5763177,-1.0563178,-1.8263178,-2.8263178
3.8236823,1.0936823,2.1036823,2.2736824,2.4936821,0.82368225,2.3636823,2.5436823,0.10368225,0.55368227,-1.9463178,-1.8063178,0.083682254,1.1036823,1.4236822,2.4036822,1.7536823,1.0336822,-1.7763177,-1.7763177,-1.8863177,-2.5463178,-2.5563178,-2.1563177,-0.5263178,-1.1363177,-0.21631774,2.4836822,1.5836823,1.4936823,-0.5863178,-1.5763178,-1.7563177,-0.98631775,-2.1263177,-2.3363178,-1.2763177,1.8536823,-1.9363178,1.5036823,0.40368226
1.6236823,2.9336822,2.1536822,4.443682,3.3436823,2.5936823,2.5536823,1.3936822,2.8336823,2.9736822,0.82368225,-0.37631774,1.1836822,1.9836823,2.4536822,1.8336823,3.1136823,2.9836822,2.5136824,2.1436822,2.8436823,1.9536823,2.8036823,2.0236824,1.9736823,0.76368225,1.0536822,1.3236823,1.7536823,1.6436822,0.04368225,0.56368226,-1.7963177,-1.3663177,-3.5763178,-0.18631774,0.80368227,1.3036822,0.43368226,1.9736823,-0.66631776
2.5636823,2.3836823,3.2636824,2.7136822,2.4836822,2.8836823,1.6636822,1.4936823,2.6736822,4.5536823,1.7736822,0.20368224,2.3236823,2.7936823,3.2836823,3.3136823,3.9036822,2.4736822,3.2936823,2.9836822,2.5936823,3.8136823,3.8736823,3.3236823,3.0136824,3.3236823,2.6236823,1.9136822,2.5036821,1.6736822,3.2736824,2.5736823,2.1536822,-1.2763177,-0.46631774,-1.5763178,-0.43631774,-2.4563177,-0.72631776,0.48368225,-0.41631776
2.4036822,2.7436821,3.7036822,4.193682,2.9936821,2.7336822,3.3136823,0.9836823,1.4736823,2.5536823,1.6336823,0.94368225,2.5836823,-7.206318,-7.6163177,-6.826318,-6.876318,-5.286318,-5.706318,-5.0463176,-4.956318,-1.8263178,-0.32631776,-0.44631776,-2.0163178,0.29368225,4.043682,5.003682,4.793682,5.463682,2.3036823,3.2936823,2.0836823,0.04368225,-0.94631773,-1.4963177,-2.5963178,-0.45631775,-1.2463177,0.49368227,0.07368225
5.8936825,3.5136824,5.0736823,5.8436823,4.0936823,2.2236822,1.8036822,-0.7063177,-0.63631773,2.4036822,-6.396318,-8.986318,-10.086318,-8.716318,-6.3863177,-5.186318,-6.246318,-5.0263176,-5.8863177,-5.436318,-3.7463179,-3.0763178,-0.81631774,-1.3363178,0.34368226,1.0736823,3.8136823,4.733682,3.7236822,5.5136824,7.713682,6.373682,2.3336823,0.58368224,0.03368225,-2.1963177,-1.7263178,0.83368224,-1.1263177,1.3436823,-1.2363178
5.3036823,6.103682,6.8036823,4.833682,3.3336823,0.43368226,-2.1663177,-0.34631774,-1.3063178,-7.1363177,-9.316318,-7.3863177,-7.2163177,-7.0063176,-5.996318,-5.9463177,-4.896318,-5.786318,-5.6963177,-5.1563177,-3.3663177,-1.6363177,-0.9063178,0.16368225,1.6136823,3.0836823,3.9836822,6.273682,9.403683,9.383682,7.5336823,6.2236824,7.193682,2.4936821,1.7336823,2.7336822,2.3336823,-0.46631774,-0.85631776,-0.47631776,-0.5163177
1.6536822,-3.4063177,-2.5963178,-3.5863178,-5.496318,-5.286318,-6.976318,-2.5063179,-8.246318,-7.226318,-5.306318,-6.436318,-4.4463177,-5.126318,-3.5863178,-2.7563179,-4.246318,-3.6063178,-2.1363177,-1.7863177,-1.6163177,-0.19631775,0.33368224,1.8436823,4.463682,5.213682,6.793682,8.173682,8.3936825,10.303681,9.963682,7.8936825,7.7236824,4.673682,5.3436823,4.7836823,3.2436821,-0.096317746,-2.1563177,-1.9163177,-1.2763177
-4.3663177,-5.4863176,-5.396318,-6.976318,-7.2763176,-7.0863175,-7.4263177,-7.1063175,-4.9663177,-4.186318,-3.7963178,-5.4263177,-3.5363178,-2.7863178,-1.7163178,-2.9063177,-3.0363178,-2.7263176,-2.2163177,-1.5663178,-0.99631774,0.90368223,2.4036822,3.1536822,3.5836823,5.153682,6.3236823,6.653682,7.653682,10.043682,9.003682,7.7236824,5.813682,3.3636823,1.8136822,1.8736823,0.57368225,-0.18631774,0.11368225,-0.87631774,-0.75631773
-4.976318,-7.266318,-9.366318,-7.496318,-7.476318,-8.076318,-7.226318,-6.8563175,-6.1163177,-5.936318,-3.4963179,-2.8263178,-2.1663177,-1.2663177,-2.9063177,-1.7863177,-1.5063177,-0.88631773,-0.36631775,1.6336823,2.2836823,2.9936821,3.2336822,3.5736823,3.3636823,3.5636823,4.503682,5.3036823,4.8236823,4.503682,6.403682,3.9436822,-1.3163178,-1.6263177,-1.7163178,-1.5663178,-1.3563178,-0.13631774,-1.0763178,-0.9663178,-1.5363177
