wind_kz.json
{"header": {"discipline":0,"disciplineName":"Meteorological products","gribEdition":2,"gribLength":871,"center":7,"centerName":"US National Weather Service - NCEP(WMC)","subcenter":0,"refTime":"2024-04-06T18:00:00.000Z","significanceOfRT":1,"significanceOfRTName":"Start of forecast","productStatus":0,"productStatusName":"Operational products","productType":1,"productTypeName":"Forecast products","productDefinitionTemplate":0,"productDefinitionTemplateName":"Analysis/forecast at horizontal level/layer at a point in time","parameterCategory":0,"parameterCategoryName":"UnknownDiscipline_0_Category_0","parameterNumber":0,"parameterNumberName":"UnknownParameter_D0_C0_0","parameterUnit":"Unknown","genProcessType":2,"genProcessTypeName":"Forecast","forecastTime":180,"surface1Type":1,"surface1TypeName":"Ground or water surface","surface1Value":0.0,"surface2Type":255,"surface2TypeName":"Missing","surface2Value":0.0,"gridDefinitionTemplate":0,"gridDefinitionTemplateName":"Latitude_Longitude","numberPoints":615,"shape":6,"shapeName":"Earth spherical with radius of 6,371,229.0 m","gridUnits":"degrees","resolution":48,"winds":"true","scanMode":64,"nx":41,"ny":15,"basicAngle":0,"lo1":47.0,"la1":41.0,"lo2":87.0,"la2":55.0,"dx":1.0,"dy":1.0}, "data":
[rows 0 to 14 of 15, columns 0 to 40 of 41]
295.28644,281.38644,288.68646,282.08646,283.08646,284.28644,295.68646,302.98645,298.28644,299.38644,293.18646,301.98645,301.18646,303.28644,300.98645,292.48645,300.68646,296.08646,297.68646,302.48645,304.98645,293.58646,290.38644,289.88644,303.38644,307.68646,297.88644,291.18646,286.98645,282.78644,282.98645,281.18646,300.48645,309.78644,307.98645,307.78644,312.18646,310.58646,309.28644,310.38644,314.68646
273.28644,287.48645,282.08646,282.48645,282.78644,283.18646,299.68646,298.38644,299.78644,296.38644,296.88644,300.08646,301.18646,304.98645,293.98645,291.28644,298.08646,299.18646,296.58646,301.18646,302.68646,302.88644,293.48645,286.08646,273.18646,278.28644,299.18646,292.88644,288.48645,278.78644,295.48645,273.58646,295.78644,268.88644,273.18646,302.58646,305.38644,306.88644,308.78644,302.88644,279.98645
289.78644,281.58646,281.68646,282.18646,282.68646,300.98645,300.18646,300.48645,299.68646,298.38644,299.58646,300.78644,301.68646,305.48645,300.68646,299.08646,298.68646,298.58646,301.48645,302.98645,303.68646,301.38644,300.78644,292.08646,297.58646,299.78644,303.58646,299.68646,298.88644,291.88644,283.88644,293.28644,294.68646,298.98645,299.98645,296.88644,277.28644,293.98645,294.28644,290.68646,283.58646
293.48645,282.88644,281.68646,281.78644,285.48645,298.28644,299.58646,300.08646,301.98645,301.78644,301.38644,300.68646,285.98645,286.48645,301.48645,300.08646,300.18646,299.48645,300.48645,302.38644,304.18646,298.68646,302.88644,303.38644,303.68646,302.78644,304.78644,300.18646,300.48645,299.68646,303.98645,303.18646,303.18646,298.68646,306.28644,302.48645,283.08646,274.58646,289.98645,297.88644,297.48645
297.48645,283.78644,282.38644,282.88644,285.68646,298.08646,299.88644,301.78644,302.48645,301.68646,302.48645,300.48645,284.98645,284.78644,283.48645,302.28644,303.98645,302.08646,302.58646,301.68646,302.58646,303.48645,302.28644,304.08646,299.48645,305.08646,302.38644,296.28644,304.08646,306.58646,305.18646,303.18646,292.78644,273.68646,296.48645,298.98645,292.38644,303.58646,304.38644,300.98645,301.18646
296.48645,298.28644,283.48645,282.18646,280.58646,281.48645,291.78644,291.68646,301.18646,300.28644,299.78644,300.38644,286.68646,284.28644,287.78644,302.38644,300.08646,301.98645,299.38644,301.18646,302.28644,300.28644,303.58646,303.08646,302.88644,292.58646,303.58646,271.98645,296.88644,299.58646,304.78644,303.08646,302.28644,299.98645,298.88644,288.58646,293.48645,287.08646,305.68646,302.98645,300.18646
295.98645,291.38644,297.08646,296.28644,291.68646,296.18646,288.88644,288.38644,297.28644,297.48645,298.48645,296.68646,298.68646,298.68646,299.48645,297.58646,299.58646,299.18646,301.38644,299.98645,300.68646,300.18646,299.58646,299.68646,298.98645,298.48645,298.98645,292.38644,299.38644,302.08646,297.38644,299.58646,300.78644,298.18646,295.88644,296.58646,296.18646,283.28644,275.18646,283.08646,288.68646
293.98645,294.98645,294.98645,295.38644,296.48645,294.18646,287.68646,287.88644,296.08646,295.88644,296.08646,295.18646,297.88644,297.38644,299.18646,298.58646,299.88644,298.48645,297.88644,298.28644,297.38644,298.88644,297.98645,292.08646,296.88644,295.78644,296.08646,297.48645,295.88644,294.58646,298.58646,296.08646,300.88644,297.78644,298.58646,293.48645,294.48645,273.08646,294.38644,294.18646,296.18646
290.48645,292.18646,286.78644,292.78644,293.68646,291.88644,291.88644,292.18646,292.18646,294.08646,295.48645,295.18646,293.88644,297.88644,298.18646,297.68646,297.68646,296.98645,296.68646,296.58646,289.98645,290.18646,289.88644,289.08646,282.68646,284.98645,293.78644,291.18646,287.18646,289.18646,287.98645,291.28644,296.38644,292.18646,290.38644,287.08646,290.18646,290.98645,273.18646,273.18646,273.18646
290.78644,289.98645,291.18646,293.18646,292.88644,292.58646,289.28644,287.58646,292.78644,293.38644,294.08646,294.48645,293.28644,295.08646,294.98645,296.68646,297.78644,296.48645,295.98645,294.48645,281.98645,281.18646,281.28644,282.78644,284.58646,282.78644,293.58646,287.68646,295.18646,295.28644,289.98645,292.98645,290.78644,290.18646,287.48645,288.98645,287.68646,283.68646,273.18646,277.58646,279.38644
289.78644,290.68646,289.68646,287.38644,291.98645,290.68646,292.48645,285.18646,290.98645,291.58646,291.68646,293.88644,293.18646,292.58646,293.98645,295.08646,293.88644,295.88644,293.58646,294.38644,282.68646,280.98645,280.88644,282.08646,282.38644,283.38644,286.08646,293.48645,296.58646,300.58646,299.28644,292.08646,285.78644,287.08646,287.08646,287.88644,284.38644,279.18646,286.28644,284.28644,277.08646
287.98645,287.08646,289.98645,288.68646,283.88644,290.08646,289.08646,287.78644,282.88644,289.48645,288.98645,290.98645,289.88644,290.08646,289.28644,291.18646,293.38644,294.68646,292.98645,291.18646,286.28644,285.78644,289.38644,291.78644,292.58646,289.48645,288.48645,288.68646,292.88644,294.68646,291.08646,291.28644,287.88644,285.28644,287.28644,288.18646,290.78644,291.68646,286.08646,289.58646,290.08646
283.38644,280.78644,283.78644,287.08646,288.78644,288.68646,282.08646,287.98645,289.58646,281.78644,282.58646,288.08646,291.88644,288.78644,290.18646,290.48645,290.78644,291.88644,292.48645,290.28644,289.58646,287.78644,288.28644,288.28644,290.88644,291.08646,294.58646,293.38644,292.88644,293.18646,288.38644,290.68646,290.38644,289.68646,289.58646,289.18646,286.38644,288.38644,288.48645,289.38644,289.38644
284.38644,282.78644,276.38644,281.48645,286.18646,282.68646,280.88644,285.78644,281.98645,280.48645,280.68646,283.38644,288.38644,286.18646,287.98645,287.88644,286.98645,290.88644,289.58646,286.08646,288.18646,290.58646,291.88644,292.78644,291.78644,292.08646,291.58646,290.28644,290.48645,288.08646,288.98645,290.38644,289.08646,286.38644,288.18646,287.18646,287.88644,287.98645,288.18646,286.78644,290.78644
279.28644,280.38644,273.18646,282.18646,283.68646,283.18646,282.68646,284.28644,287.48645,279.88644,280.08646,285.28644,285.28644,286.98645,285.98645,284.58646,289.58646,289.08646,290.88644,289.88644,289.78644,286.58646,286.38644,285.98645,285.58646,291.58646,292.38644,291.48645,292.58646,290.28644,290.18646,282.98645,291.98645,291.48645,289.98645,288.68646,290.58646,286.98645,283.88644,285.88644,277.48645
