wind_kz.json
{"header": {"discipline":0,"disciplineName":"Meteorological products","gribEdition":2,"gribLength":871,"center":7,"centerName":"US National Weather Service - NCEP(WMC)","subcenter":0,"refTime":"2023-09-08T06:00:00.000Z","significanceOfRT":1,"significanceOfRTName":"Start of forecast","productStatus":0,"productStatusName":"Operational products","productType":1,"productTypeName":"Forecast products","productDefinitionTemplate":0,"productDefinitionTemplateName":"Analysis/forecast at horizontal level/layer at a point in time","parameterCategory":0,"parameterCategoryName":"UnknownDiscipline_0_Category_0","parameterNumber":0,"parameterNumberName":"UnknownParameter_D0_C0_0","parameterUnit":"Unknown","genProcessType":2,"genProcessTypeName":"Forecast","forecastTime":60,"surface1Type":1,"surface1TypeName":"Ground or water surface","surface1Value":0.0,"surface2Type":255,"surface2TypeName":"Missing","surface2Value":0.0,"gridDefinitionTemplate":0,"gridDefinitionTemplateName":"Latitude_Longitude","numberPoints":615,"shape":6,"shapeName":"Earth spherical with radius of 6,371,229.0 m","gridUnits":"degrees","resolution":48,"winds":"true","scanMode":64,"nx":41,"ny":15,"basicAngle":0,"lo1":47.0,"la1":41.0,"lo2":87.0,"la2":55.0,"dx":1.0,"dy":1.0}, "data":
[rows 0 to 14 of 15, columns 0 to 40 of 41]
290.45355,279.45355,282.45355,298.15356,298.05356,296.75357,294.35358,293.95355,290.65356,293.55356,294.15356,296.75357,299.25357,299.65356,300.55356,298.15356,297.45355,296.85358,296.35358,297.35358,299.45355,295.35358,295.65356,294.35358,296.75357,296.05356,293.15356,279.75357,278.55356,278.85358,277.95355,280.05356,289.55356,295.45355,296.95355,296.55356,296.25357,296.25357,295.85358,296.65356,295.95355
270.55356,282.25357,297.65356,297.85358,297.75357,295.95355,288.65356,289.05356,288.55356,289.85358,292.55356,294.15356,295.15356,294.35358,297.05356,296.25357,295.65356,294.55356,293.35358,294.05356,294.35358,295.45355,295.55356,290.35358,278.95355,277.95355,287.75357,280.25357,279.85358,274.75357,282.25357,271.95355,281.25357,264.55356,279.15356,295.35358,292.85358,294.65356,297.25357,289.65356,284.15356
283.45355,297.35358,298.35358,297.85358,295.45355,288.85358,287.35358,287.55356,286.55356,287.35358,288.25357,291.95355,290.35358,291.85358,296.15356,293.25357,292.45355,291.65356,291.55356,292.15356,292.65356,293.25357,294.95355,291.25357,292.95355,292.95355,295.95355,294.45355,293.25357,284.75357,277.05356,277.85358,283.05356,282.15356,284.65356,285.95355,279.75357,279.75357,281.25357,278.65356,276.85358
285.15356,296.85358,297.75357,296.85358,292.45355,286.15356,287.35358,286.15356,287.15356,288.05356,288.35358,288.65356,294.05356,293.25357,292.65356,293.75357,294.35358,292.05356,292.95355,291.25357,293.15356,289.15356,294.55356,295.25357,295.75357,296.45355,297.45355,296.15356,293.55356,293.85358,294.55356,293.55356,296.15356,292.45355,292.85358,291.65356,280.15356,277.05356,282.85358,290.75357,294.45355
287.85358,294.95355,295.95355,294.75357,291.85358,288.15356,288.05356,286.75357,286.75357,287.35358,289.05356,289.35358,293.55356,292.25357,290.25357,290.05356,291.95355,292.75357,292.35358,291.65356,293.05356,293.85358,293.15356,294.25357,293.65356,294.25357,295.65356,294.15356,294.75357,294.35358,295.95355,291.45355,284.75357,274.75357,283.35358,292.75357,294.65356,296.35358,296.55356,296.85358,297.35358
286.85358,286.35358,294.05356,293.55356,293.85358,293.55356,290.75357,289.05356,288.25357,286.45355,286.55356,286.75357,292.15356,293.25357,290.95355,289.15356,291.25357,290.65356,292.35358,293.45355,291.55356,292.05356,292.35358,292.95355,294.35358,292.75357,293.25357,291.95355,295.05356,295.65356,292.15356,293.55356,292.85358,289.85358,289.65356,293.55356,287.15356,289.35358,293.65356,296.15356,294.75357
289.25357,283.75357,288.25357,288.85358,290.35358,288.15356,291.65356,291.35358,289.55356,288.25357,285.75357,285.15356,285.35358,286.75357,288.55356,290.85358,291.95355,293.15356,293.85358,293.05356,291.35358,292.05356,291.85358,292.25357,292.05356,291.85358,291.25357,292.25357,290.15356,290.85358,290.65356,289.35358,290.45355,293.05356,292.85358,294.05356,289.05356,282.75357,283.05356,281.95355,291.25357
285.95355,286.35358,286.85358,288.15356,290.45355,290.05356,287.65356,287.65356,289.55356,287.35358,286.15356,285.95355,285.65356,285.75357,286.95355,288.05356,291.15356,292.05356,292.55356,288.85358,288.45355,287.85358,288.35358,289.95355,288.75357,287.85358,288.45355,289.85358,287.95355,290.25357,289.45355,290.25357,286.25357,284.95355,286.35358,291.35358,292.45355,289.35358,292.85358,292.25357,285.55356
284.95355,284.05356,285.35358,284.85358,288.65356,289.55356,285.75357,288.35358,284.55356,287.75357,287.05356,285.55356,285.55356,286.45355,286.35358,287.25357,288.05356,289.65356,289.15356,287.75357,284.75357,284.65356,285.05356,285.95355,285.65356,286.45355,284.65356,285.65356,285.35358,284.35358,287.15356,288.45355,290.05356,288.75357,288.95355,286.95355,289.25357,289.35358,276.75357,274.35358,271.55356
284.85358,285.25357,287.75357,287.45355,287.55356,286.75357,286.35358,285.55356,285.55356,282.45355,282.15356,285.85358,287.35358,285.85358,285.85358,286.55356,288.05356,288.05356,287.95355,287.65356,285.85358,283.55356,283.55356,284.35358,284.75357,284.35358,285.05356,285.85358,285.95355,286.25357,287.85358,290.75357,292.25357,291.55356,290.95355,286.85358,286.05356,283.35358,275.05356,277.15356,274.55356
287.25357,283.55356,286.15356,283.45355,285.95355,284.55356,286.55356,286.65356,286.15356,282.95355,280.85358,282.65356,284.35358,284.55356,286.35358,286.95355,287.15356,287.65356,287.75357,285.75357,285.35358,283.95355,284.65356,284.45355,283.95355,285.15356,284.55356,287.75357,289.15356,290.45355,291.75357,293.25357,290.55356,291.65356,292.35358,287.85358,284.05356,283.35358,277.55356,279.25357,276.65356
287.75357,284.55356,282.65356,283.55356,282.15356,283.95355,283.35358,283.75357,283.55356,283.15356,279.15356,279.15356,283.25357,282.35358,283.35358,284.85358,285.15356,285.65356,285.65356,284.45355,283.45355,282.65356,282.45355,283.95355,285.05356,286.15356,287.35358,290.65356,291.05356,291.85358,291.15356,290.45355,290.15356,289.15356,288.65356,287.15356,286.55356,286.05356,283.35358,282.45355,281.65356
286.45355,286.15356,284.15356,284.25357,283.35358,281.85358,281.15356,282.45355,281.15356,281.15356,277.85358,278.85358,282.05356,281.75357,282.85358,281.55356,281.35358,283.05356,283.25357,282.95355,283.25357,282.55356,282.25357,282.25357,284.55356,286.45355,288.05356,290.65356,290.05356,290.45355,290.35358,288.85358,287.45355,287.15356,286.05356,284.95355,283.95355,285.45355,282.95355,281.15356,280.75357
285.95355,287.35358,285.85358,287.05356,285.35358,283.15356,282.05356,280.85358,279.35358,279.05356,276.65356,276.15356,276.05356,278.05356,279.65356,279.45355,279.75357,279.75357,280.45355,281.65356,283.15356,283.15356,283.65356,283.95355,285.45355,286.95355,287.05356,287.35358,288.35358,288.75357,288.75357,287.45355,285.75357,284.15356,283.25357,282.65356,281.85358,281.75357,281.45355,280.05356,279.55356
286.75357,288.45355,289.05356,287.65356,286.95355,285.55356,283.45355,282.65356,282.65356,281.15356,280.35358,278.05356,276.85358,277.85358,278.35358,280.05356,280.05356,279.65356,280.15356,280.75357,281.55356,282.05356,283.75357,284.15356,284.75357,286.55356,286.55356,285.75357,285.45355,284.45355,285.45355,283.85358,283.15356,282.45355,281.65356,281.45355,281.55356,279.95355,280.25357,280.35358,279.55356
