wind_kz.json
{"header": {"discipline":0,"disciplineName":"Meteorological products","gribEdition":2,"gribLength":1102,"center":7,"centerName":"US National Weather Service - NCEP(WMC)","subcenter":0,"refTime":"2023-08-22T00:00:00.000Z","significanceOfRT":1,"significanceOfRTName":"Start of forecast","productStatus":0,"productStatusName":"Operational products","productType":1,"productTypeName":"Forecast products","productDefinitionTemplate":0,"productDefinitionTemplateName":"Analysis/forecast at horizontal level/layer at a point in time","parameterCategory":2,"parameterCategoryName":"UnknownDiscipline_0_Category_2","parameterNumber":2,"parameterNumberName":"UnknownParameter_D0_C2_2","parameterUnit":"Unknown","genProcessType":2,"genProcessTypeName":"Forecast","forecastTime":120,"surface1Type":103,"surface1TypeName":"Specified height level above ground","surface1Value":10.0,"surface2Type":255,"surface2TypeName":"Missing","surface2Value":0.0,"gridDefinitionTemplate":0,"gridDefinitionTemplateName":"Latitude_Longitude","numberPoints":615,"shape":6,"shapeName":"Earth spherical with radius of 6,371,229.0 m","gridUnits":"degrees","resolution":48,"winds":"true","scanMode":64,"nx":41,"ny":15,"basicAngle":0,"lo1":47.0,"la1":41.0,"lo2":87.0,"la2":55.0,"dx":1.0,"dy":1.0}, "data":
[rows 0 to 14 of 15, columns 0 to 40 of 41]
-3.3469872,-1.1269873,0.2930127,-1.9269873,-1.2969873,-0.2069873,0.2130127,2.1230128,3.1030128,3.7030127,2.5930128,3.5630126,3.9930127,3.6930127,5.2130127,4.763013,1.9730127,2.5030127,-0.9869873,-2.3369873,-1.7469873,-0.046987306,-0.94698733,-0.7069873,-0.9969873,-2.1669874,-2.4469874,0.17301269,-0.18698731,-0.33698732,0.1930127,0.8930127,1.0530127,2.4230127,0.033012696,-1.8269873,0.7230127,-0.6669873,-1.6069874,-2.2369874,-2.1169872
2.2230127,0.6030127,0.99301267,0.8530127,2.4730127,2.0630126,2.5230126,2.7130127,3.1030128,3.4130127,1.4930127,1.5430127,2.7730126,2.6330128,4.0630126,2.1730127,4.8930125,2.9730127,-0.21698731,0.8330127,-1.0269873,-0.4069873,-1.5469873,-2.5769873,0.7730127,-1.0269873,1.2330127,-0.016987305,-0.4769873,-1.7369874,0.073012695,0.0030126953,0.9330127,-2.5969872,0.5830127,2.5830126,1.9730127,-0.2769873,-2.7069874,0.7630127,-4.3369875
0.38301268,0.6230127,2.1930127,3.1330128,4.2330127,3.1930127,3.8030126,5.4330125,5.2930126,5.1730127,4.4430127,5.1030126,4.2730126,4.7130127,5.1230125,3.5430126,3.7830126,1.9030128,1.3230127,-0.4469873,1.0530127,-0.1769873,-1.3969873,0.8530127,0.7330127,-1.1969873,2.7030127,-0.30698732,-2.2469873,0.12301269,-0.5369873,2.4930127,-0.6269873,-1.0669873,1.5930127,-0.2569873,0.2130127,-0.2669873,-0.1969873,-0.4769873,0.2130127
0.5430127,0.9030127,2.1130128,3.0230126,1.5030127,3.0630126,5.053013,6.0430126,5.9630127,6.743013,6.7530127,7.093013,10.973013,10.513013,7.2130127,4.7030125,6.7030125,3.6030128,2.9930127,2.3130126,0.8830127,0.7030127,0.23301269,0.4530127,2.5530126,2.8630128,3.8930128,2.0930128,3.4430127,5.093013,-1.0869873,-4.0669875,-3.0769873,-3.9469874,-3.7369874,-2.6569872,-1.0269873,1.0530127,1.0230126,2.5530126,1.7430127
0.6330127,1.4130127,2.0830126,3.9530127,2.1730127,2.3930128,2.6930127,3.7530127,4.8130126,5.803013,7.4530125,9.043013,11.153012,12.803013,12.103013,9.653012,8.533012,7.4330125,5.343013,3.7930126,2.7330127,4.3730125,2.9830127,3.3030126,2.9630127,2.8330126,4.343013,4.1030126,4.053013,4.553013,3.1630127,-0.7069873,-2.6469872,0.5330127,2.3530128,1.9330127,1.8230127,2.0230126,2.5430126,-2.1369872,-4.0169873
-1.3669873,0.033012696,2.1430128,2.5230126,4.283013,4.8930125,3.0930128,3.7330127,4.9130125,6.7130127,7.0230126,8.213013,10.073012,9.403012,11.403012,6.783013,8.483013,3.1130128,1.2830127,5.1430125,6.783013,5.2130127,3.5930128,3.3930128,3.3030126,3.9330127,3.9830127,5.553013,4.5430126,1.0730127,-1.1069874,-2.4169874,-4.4369874,-3.2869873,-0.7969873,-0.6669873,-2.3569872,-1.3469872,2.5530126,1.5530127,-3.7469873
0.6730127,1.8930126,3.0430126,3.6030128,3.7830126,3.8030126,4.973013,5.113013,5.073013,5.3730125,6.3730125,7.2130127,5.1230125,6.7130127,6.473013,7.5430126,1.9030128,1.9930127,3.8330126,2.3630128,5.093013,2.6430128,4.1830125,6.973013,5.7930126,3.7330127,4.4330125,2.5830126,1.9430127,-3.9769874,1.3730127,-6.1069875,-1.8569874,-3.4569874,-3.0469873,-1.6869873,-1.8869873,3.0030127,-1.5569873,2.8830128,3.6530128
1.0230126,2.8530128,2.8230126,3.0630126,4.0830126,3.8830128,4.033013,4.4630127,5.593013,5.2130127,6.053013,6.9330125,6.053013,6.493013,4.073013,4.7030125,2.9630127,3.8930128,0.8330127,3.2230127,1.8830127,0.0930127,1.8930126,2.1130128,3.4630127,1.8630127,2.2930126,1.0230126,-1.2069873,-3.6569872,-1.9469873,-3.6269872,-4.866987,-2.6869874,-2.6869874,0.6030127,3.0030127,3.8330126,3.8130126,2.9130127,0.1330127
0.8930127,1.9230127,2.0130126,2.5230126,2.2530127,1.7130127,1.8230127,2.9030128,3.5230126,4.5030127,5.3530126,6.8730125,5.9430127,5.243013,3.8230126,-1.1169873,-0.6669873,0.053012695,-3.5569873,-0.5769873,1.8930126,2.1730127,1.7630126,1.3730127,1.3030127,-0.7969873,-0.5169873,-0.8869873,-2.2169874,-4.0369873,-3.3669872,-0.8269873,-3.5269873,-2.8469872,-1.7269874,-0.4569873,-0.026987305,-2.6969874,-1.2269874,-0.6769873,-1.5969872
2.1530128,2.5530126,2.8530128,2.9530127,3.1230128,2.1830127,2.5630126,2.0930128,2.0930128,4.6530128,4.6730127,4.133013,2.6530128,1.5130126,0.9730127,0.023012696,-0.9969873,1.2830127,-1.0269873,2.1230128,2.2830126,2.9630127,-0.5869873,-2.1769874,-1.9369873,-2.3369873,-3.8469872,-7.6069875,-6.6869874,-5.2669873,-4.5969872,-4.5969872,-3.4669874,-1.9969873,-1.6469873,-1.5469873,-1.2269874,-0.6169873,-1.5369873,-0.6769873,-1.2369874
3.7830126,3.2230127,2.9330127,3.4830127,3.4230127,2.6230128,2.8330126,3.0630126,2.5530126,2.6730127,3.2730126,1.3630127,-1.3169873,-0.33698732,-0.4569873,2.1530128,2.2530127,1.2630126,-1.4469873,-1.7669873,-1.6369873,-2.8169873,-3.5969872,-3.5469873,-3.4869874,-4.276987,-8.076987,-8.366987,-7.6269875,-7.6269875,-3.6869874,-6.3169875,-4.486987,-2.4669874,-2.3469872,-1.1469873,-1.0669873,-0.2569873,-1.2469873,0.3930127,-1.3969873
2.5230126,2.9630127,2.7030127,2.9930127,3.2130127,2.7030127,2.3430128,2.0830126,2.3630128,2.1230128,1.4230127,-0.006987305,-0.3269873,0.0630127,2.5130126,0.9830127,0.8730127,-1.4169873,-2.3969872,-2.2269874,-4.3269873,-3.9069872,-4.5569873,-4.426987,-5.716987,-6.1269875,-7.1269875,-6.7669873,-7.1269875,-8.236987,-5.0169873,-5.3169875,-3.4569874,-4.0469875,-3.0669873,-2.1769874,-3.2969873,-2.2869873,-1.6169873,-0.50698733,-0.7769873
2.2530127,3.1230128,2.5230126,2.0730126,2.1330128,1.7730126,2.3130126,1.9530127,2.5130126,1.4930127,1.0130126,1.3230127,-0.15698731,0.7630127,-0.026987305,0.043012694,-1.5069873,-0.7069873,-2.9269874,-3.6169872,-4.3469872,-3.2869873,-2.2569873,-4.026987,-3.9769874,-6.1069875,-6.1469874,-7.3369875,-6.3769875,-6.0869875,-5.5669875,-5.636987,-5.3169875,-3.8569872,-2.6969874,-3.3769872,-3.0969872,-1.9169873,-3.1869874,-2.0869873,-1.1869873
3.1630127,3.3930128,3.9330127,2.5930128,2.3330126,1.8830127,1.5430127,1.3930126,2.1630127,1.5530127,0.6230127,0.8930127,1.4530127,0.5130127,-0.23698731,-0.8369873,-1.3769873,-2.1869874,-1.6369873,-2.9969873,-2.9469874,-2.8069873,-2.9369874,-4.3969874,-4.7269874,-5.366987,-5.5569873,-4.4369874,-4.7469873,-4.986987,-4.386987,-4.0369873,-3.4969873,-3.4569874,-2.5169873,-3.1169872,-2.5569873,-2.5469873,-2.2269874,-1.2769873,-0.5169873
1.8430127,3.2730126,5.2930126,2.4030128,2.8530128,2.5730126,2.6130128,1.6330127,2.1530128,1.9230127,0.4830127,0.4030127,1.0830127,0.7830127,0.3230127,-0.9069873,-1.3069873,-1.3469872,-0.6369873,-2.8169873,-1.7269874,-2.6169872,-2.6669874,-3.4669874,-3.2869873,-3.6769874,-3.2169874,-3.4269874,-2.9569874,-3.2069874,-3.8769872,-3.5969872,-3.3169873,-3.3669872,-3.2069874,-3.0469873,-2.5069873,-2.9969873,-2.0169873,-2.2569873,-0.4169873
