wind_kz.json
{"header": {"discipline":0,"disciplineName":"Meteorological products","gribEdition":2,"gribLength":871,"center":7,"centerName":"US National Weather Service - NCEP(WMC)","subcenter":0,"refTime":"2023-10-05T06:00:00.000Z","significanceOfRT":1,"significanceOfRTName":"Start of forecast","productStatus":0,"productStatusName":"Operational products","productType":1,"productTypeName":"Forecast products","productDefinitionTemplate":0,"productDefinitionTemplateName":"Analysis/forecast at horizontal level/layer at a point in time","parameterCategory":0,"parameterCategoryName":"UnknownDiscipline_0_Category_0","parameterNumber":0,"parameterNumberName":"UnknownParameter_D0_C0_0","parameterUnit":"Unknown","genProcessType":2,"genProcessTypeName":"Forecast","forecastTime":300,"surface1Type":1,"surface1TypeName":"Ground or water surface","surface1Value":0.0,"surface2Type":255,"surface2TypeName":"Missing","surface2Value":0.0,"gridDefinitionTemplate":0,"gridDefinitionTemplateName":"Latitude_Longitude","numberPoints":615,"shape":6,"shapeName":"Earth spherical with radius of 6,371,229.0 m","gridUnits":"degrees","resolution":48,"winds":"true","scanMode":64,"nx":41,"ny":15,"basicAngle":0,"lo1":47.0,"la1":41.0,"lo2":87.0,"la2":55.0,"dx":1.0,"dy":1.0}, "data":
[rows 0 to 14 of 15, columns 0 to 40 of 41]
289.22443,280.92444,286.92444,292.22443,292.12445,291.12445,289.82443,289.42444,286.92444,286.32443,284.32443,285.42444,285.12445,284.42444,284.72443,282.42444,282.92444,284.22443,283.22443,283.52444,285.52444,284.42444,284.72443,281.02444,283.02444,285.62445,282.52444,264.72443,267.82443,266.42444,268.12445,263.12445,277.62445,282.72443,283.22443,282.82443,283.42444,281.72443,281.42444,280.22443,280.32443
271.02444,285.42444,292.02444,291.92444,292.02444,290.22443,287.92444,286.42444,283.62445,283.32443,283.92444,282.32443,282.32443,281.62445,279.72443,280.42444,278.92444,281.12445,280.52444,280.52444,281.12445,283.62445,281.52444,278.72443,269.02444,264.72443,277.32443,269.42444,271.62445,261.42444,270.92444,257.02444,269.12445,246.62444,266.22443,279.82443,276.12445,278.12445,281.32443,273.02444,283.12445
286.92444,291.62445,291.62445,291.42444,289.82443,287.22443,285.12445,283.02444,282.52444,280.92444,280.02444,280.82443,280.62445,281.52444,282.12445,281.62445,281.32443,280.52444,278.52444,278.02444,282.92444,283.72443,283.62445,276.92444,277.62445,277.52444,278.92444,278.82443,278.72443,273.02444,260.12445,263.52444,265.32443,268.92444,269.42444,270.32443,258.12445,264.02444,266.32443,261.72443,247.92444
288.12445,290.42444,291.32443,290.72443,288.92444,285.62445,284.52444,282.42444,282.32443,281.12445,280.32443,280.72443,288.32443,287.72443,283.02444,283.52444,282.12445,281.42444,282.42444,283.32443,283.32443,277.72443,280.12445,281.12445,281.12445,281.52444,282.12445,281.02444,277.92444,277.02444,277.22443,276.52444,280.12445,279.32443,278.52444,274.42444,258.62445,255.92444,262.92444,273.72443,277.12445
288.82443,289.32443,290.02444,289.52444,287.82443,285.12445,284.82443,284.02444,283.32443,282.02444,281.22443,280.62445,287.02444,285.92444,284.62445,281.52444,281.52444,281.42444,281.82443,282.62445,282.72443,282.12445,280.92444,280.62445,280.62445,280.62445,279.22443,281.22443,278.72443,279.22443,280.52444,277.92444,267.52444,259.42444,270.62445,278.52444,282.42444,280.12445,281.22443,280.12445,280.42444
288.02444,286.42444,287.42444,287.92444,288.32443,287.52444,284.02444,285.12445,283.62445,282.42444,281.82443,281.62445,285.72443,286.52444,283.52444,281.02444,282.22443,280.92444,281.62445,281.52444,281.72443,280.72443,280.02444,279.42444,278.82443,278.02444,278.52444,285.22443,280.02444,280.22443,279.32443,280.12445,278.12445,276.82443,275.22443,279.52444,269.52444,272.32443,277.22443,279.62445,279.02444
287.22443,286.82443,287.42444,286.42444,285.62445,283.92444,284.12445,283.52444,283.82443,283.52444,281.82443,281.52444,281.12445,280.92444,280.42444,281.72443,281.32443,281.82443,280.92444,280.02444,279.32443,280.12445,279.92444,279.72443,278.02444,277.92444,277.62445,278.92444,278.22443,278.82443,278.12445,277.72443,277.82443,278.42444,277.62445,275.92444,271.92444,269.12445,266.62445,264.12445,275.22443
287.62445,286.32443,287.12445,286.32443,285.42444,284.62445,283.62445,282.82443,282.02444,281.92444,281.12445,281.02444,280.32443,280.92444,281.02444,281.52444,280.92444,281.62445,281.32443,279.12445,279.02444,278.42444,278.32443,278.52444,277.82443,276.12445,278.22443,279.72443,278.62445,279.52444,278.62445,279.42444,275.32443,273.52444,272.52444,274.02444,275.62445,283.32443,274.12445,274.02444,271.52444
287.42444,286.42444,286.42444,284.72443,285.02444,283.32443,282.42444,282.02444,281.32443,280.52444,279.92444,279.62445,279.42444,280.32443,279.92444,280.52444,280.32443,279.72443,279.22443,278.82443,277.22443,276.82443,277.92444,277.02444,276.42444,277.52444,277.72443,278.02444,275.72443,275.62445,276.42444,277.02444,278.22443,277.52444,275.02444,271.92444,271.42444,270.92444,257.72443,260.42444,256.12445
286.32443,286.42444,285.62445,284.62445,284.12445,282.82443,281.92444,281.12445,280.52444,280.22443,279.32443,278.72443,279.52444,279.82443,279.52444,280.12445,280.22443,280.22443,279.52444,279.22443,278.02444,277.82443,278.62445,277.92444,276.72443,275.62445,277.92444,277.72443,277.22443,275.22443,277.42444,279.62445,280.62445,279.62445,278.12445,276.12445,271.62445,270.22443,260.32443,266.12445,265.72443
285.52444,285.22443,284.62445,283.62445,283.32443,282.62445,282.42444,281.62445,280.32443,279.62445,278.92444,279.42444,279.92444,279.52444,280.02444,280.42444,279.92444,280.12445,279.32443,278.72443,279.02444,278.62445,278.32443,277.82443,277.42444,276.82443,275.52444,278.42444,279.42444,279.22443,277.52444,280.02444,280.02444,280.12445,279.12445,276.82443,271.42444,269.02444,264.52444,267.12445,265.02444
285.22443,285.92444,286.02444,284.62445,283.62445,282.42444,281.32443,280.82443,280.72443,279.52444,278.52444,278.82443,278.82443,278.82443,279.92444,280.72443,281.22443,281.22443,280.62445,280.32443,278.92444,278.82443,278.12445,278.02444,277.72443,278.22443,278.02444,279.02444,278.42444,277.62445,277.02444,278.12445,278.92444,278.22443,278.32443,278.32443,278.02444,276.52444,272.62445,273.82443,271.92444
283.52444,284.62445,286.22443,286.02444,285.72443,284.82443,283.12445,281.02444,279.12445,281.32443,278.92444,277.62445,279.02444,279.22443,280.22443,280.62445,280.82443,280.92444,281.52444,280.92444,280.62445,279.82443,279.72443,278.82443,279.72443,280.22443,280.52444,279.12445,278.42444,277.32443,276.82443,276.72443,278.42444,278.22443,278.32443,277.92444,278.22443,278.72443,276.62445,273.82443,273.32443
284.02444,286.42444,284.92444,287.52444,286.32443,284.22443,283.12445,282.32443,282.72443,281.22443,279.22443,274.32443,279.32443,280.32443,281.12445,280.92444,281.12445,281.12445,280.82443,281.32443,281.42444,281.62445,282.12445,281.82443,281.62445,281.02444,279.92444,279.52444,278.82443,278.02444,277.22443,276.92444,277.72443,276.92444,276.92444,276.22443,277.32443,277.42444,276.92444,274.62445,274.52444
280.22443,282.32443,282.92444,285.02444,284.62445,285.22443,285.72443,284.12445,283.92444,282.52444,281.22443,280.12445,278.72443,281.32443,281.12445,281.82443,281.72443,281.52444,282.12445,281.32443,281.22443,281.22443,281.72443,281.42444,281.32443,280.82443,280.62445,279.32443,278.82443,277.82443,277.92444,280.12445,276.92444,277.42444,276.82443,276.52444,276.92444,276.12445,277.22443,276.72443,275.92444
