wind_kz.json
{"header": {"discipline":0,"disciplineName":"Meteorological products","gribEdition":2,"gribLength":948,"center":7,"centerName":"US National Weather Service - NCEP(WMC)","subcenter":0,"refTime":"2023-08-19T18:00:00.000Z","significanceOfRT":1,"significanceOfRTName":"Start of forecast","productStatus":0,"productStatusName":"Operational products","productType":1,"productTypeName":"Forecast products","productDefinitionTemplate":0,"productDefinitionTemplateName":"Analysis/forecast at horizontal level/layer at a point in time","parameterCategory":0,"parameterCategoryName":"UnknownDiscipline_0_Category_0","parameterNumber":0,"parameterNumberName":"UnknownParameter_D0_C0_0","parameterUnit":"Unknown","genProcessType":2,"genProcessTypeName":"Forecast","forecastTime":180,"surface1Type":1,"surface1TypeName":"Ground or water surface","surface1Value":0.0,"surface2Type":255,"surface2TypeName":"Missing","surface2Value":0.0,"gridDefinitionTemplate":0,"gridDefinitionTemplateName":"Latitude_Longitude","numberPoints":615,"shape":6,"shapeName":"Earth spherical with radius of 6,371,229.0 m","gridUnits":"degrees","resolution":48,"winds":"true","scanMode":64,"nx":41,"ny":15,"basicAngle":0,"lo1":47.0,"la1":41.0,"lo2":87.0,"la2":55.0,"dx":1.0,"dy":1.0}, "data":
[rows 0 to 14 of 15, columns 0 to 40 of 41]
310.85077,300.15076,306.05075,298.95074,298.65076,297.45074,310.05075,317.45074,314.45074,314.95074,314.55075,316.15076,316.65076,317.15076,317.75076,319.25076,319.05075,317.75076,323.25076,321.25076,325.85077,320.75076,315.75076,316.05075,316.25076,318.25076,313.45074,302.75076,301.55075,300.75076,300.05075,288.65076,293.25076,307.75076,310.45074,321.95074,329.25076,330.35077,329.05075,329.85077,328.65076
290.25076,303.35077,298.85077,299.05075,298.75076,297.25076,314.35077,311.95074,311.35077,311.25076,312.75076,312.95074,313.85077,313.45074,317.35077,320.65076,322.75076,322.55075,317.35077,321.95074,306.05075,312.65076,316.85077,306.65076,298.35077,294.85077,307.95074,301.65076,300.55075,292.85077,301.25076,291.55075,290.05075,273.15076,284.15076,309.25076,309.95074,320.05075,323.15076,314.05075,286.55075
305.65076,299.15076,299.45074,299.45074,297.45074,309.15076,308.55075,309.35077,309.05075,308.05075,308.05075,309.45074,310.15076,310.55075,315.15076,317.85077,310.85077,319.35077,314.35077,309.15076,319.55075,301.75076,310.35077,302.15076,312.25076,312.25076,312.95074,312.45074,312.35077,302.35077,296.05075,296.45074,297.65076,297.55075,293.55075,292.45074,289.45074,293.45074,303.85077,294.85077,295.75076
307.35077,299.95074,299.05075,298.25076,299.95074,308.95074,309.25076,308.85077,308.75076,307.45074,306.95074,306.95074,295.55075,294.85077,309.65076,315.25076,312.55075,313.25076,298.55075,298.55075,298.05075,295.95074,302.15076,305.95074,306.65076,302.95074,309.25076,309.65076,311.45074,318.15076,321.25076,318.45074,310.65076,308.75076,307.95074,301.25076,297.85077,293.65076,299.45074,319.35077,327.45074
309.15076,299.65076,299.25076,298.55075,304.75076,310.35077,311.35077,312.25076,306.15076,305.35077,305.65076,305.05075,295.65076,294.25076,292.05075,310.95074,311.75076,308.85077,307.65076,304.15076,310.85077,298.65076,312.85077,311.75076,310.65076,300.95074,305.75076,301.65076,314.95074,315.95074,319.25076,315.95074,296.45074,287.45074,294.55075,309.15076,302.55075,324.85077,331.35077,323.05075,326.25076
310.15076,308.55075,297.95074,298.05075,298.35077,298.25076,311.15076,305.65076,306.15076,306.25076,305.15076,305.65076,296.15076,294.85077,299.75076,305.75076,308.15076,308.85077,308.45074,308.95074,308.95074,304.05075,309.95074,309.55075,308.85077,309.95074,307.85077,293.85077,310.85077,308.05075,314.25076,315.55075,316.95074,301.35077,302.25076,303.35077,301.95074,305.45074,323.65076,326.95074,324.85077
307.55075,307.95074,306.35077,305.75076,303.35077,306.85077,309.35077,307.15076,304.05075,302.15076,303.45074,302.45074,302.35077,304.15076,305.45074,304.05075,306.65076,306.65076,307.55075,308.15076,307.45074,299.95074,307.95074,302.45074,304.15076,305.75076,308.25076,302.65076,309.35077,308.85077,312.95074,311.75076,313.75076,300.05075,303.05075,300.55075,298.45074,301.75076,307.05075,303.95074,319.45074
305.95074,303.75076,306.65076,307.35077,306.85077,306.65076,305.05075,303.05075,301.25076,300.55075,299.75076,300.85077,301.95074,302.75076,304.45074,304.35077,306.05075,305.95074,306.15076,296.75076,305.95074,304.75076,302.75076,298.95074,292.55075,292.35077,298.05075,301.95074,302.95074,305.95074,308.05075,309.65076,308.05075,296.85077,292.15076,300.05075,307.95074,289.55075,323.25076,321.15076,316.85077
305.45074,304.85077,305.35077,303.05075,302.85077,302.55075,301.85077,300.95074,300.05075,300.25076,298.95074,298.85077,299.85077,301.55075,300.55075,302.95074,303.65076,305.05075,304.85077,306.05075,305.25076,301.35077,290.15076,286.75076,286.95074,288.65076,297.45074,301.25076,298.65076,300.35077,302.95074,303.35077,305.55075,301.55075,291.65076,295.35077,300.55075,305.15076,299.55075,298.25076,299.25076
303.65076,300.25076,300.95074,301.15076,298.35077,299.95074,299.65076,298.05075,297.85077,295.85077,296.85077,296.45074,298.15076,298.65076,299.35077,300.75076,300.35077,294.35077,299.75076,304.15076,303.15076,303.35077,298.35077,299.05075,296.75076,296.95074,295.75076,297.55075,290.05075,293.75076,304.35077,304.95074,306.15076,299.75076,292.45074,293.15076,291.95074,293.45074,298.35077,300.05075,298.85077
298.55075,298.45074,297.65076,297.45074,295.35077,295.45074,295.95074,295.85077,291.75076,296.25076,294.75076,295.15076,297.35077,296.55075,296.95074,298.35077,298.45074,297.35077,295.35077,296.95074,301.85077,301.75076,298.85077,296.75076,296.25076,295.55075,294.35077,298.05075,288.05075,290.35077,306.55075,306.75076,304.65076,298.05075,292.85077,295.35077,293.75076,296.25076,303.15076,297.95074,300.05075
296.25076,298.35077,297.45074,294.75076,294.35077,293.95074,293.45074,294.65076,295.05075,295.35077,292.25076,292.65076,294.25076,291.45074,291.25076,293.55075,295.15076,291.65076,287.75076,290.95074,295.25076,295.55075,296.35077,296.05075,294.95074,296.65076,298.65076,296.95074,287.65076,289.25076,300.35077,304.65076,301.85077,299.05075,294.45074,297.75076,298.75076,302.35077,302.45074,305.75076,305.35077
293.35077,294.75076,293.95074,292.75076,291.75076,291.05075,292.95074,295.65076,295.15076,291.95074,286.95074,287.75076,291.65076,288.35077,287.95074,289.35077,292.55075,292.35077,294.55075,291.65076,292.55075,292.85077,292.35077,292.55075,296.15076,297.25076,296.75076,290.35077,285.55075,286.45074,292.75076,300.65076,299.55075,300.55075,301.25076,299.15076,299.35077,302.25076,303.15076,302.05075,301.45074
295.45074,293.45074,292.75076,292.75076,291.05075,291.95074,289.55075,289.75076,291.75076,291.55075,284.65076,282.75076,288.45074,288.45074,287.95074,283.35077,288.95074,290.35077,292.65076,293.45074,294.65076,291.95074,294.25076,292.15076,293.55075,296.45074,291.85077,289.85077,285.05075,289.15076,292.45074,288.55075,292.85077,293.45074,295.65076,296.85077,299.55075,301.35077,303.15076,302.55075,302.25076
288.95074,292.95074,290.95074,292.65076,290.75076,290.75076,290.75076,290.45074,290.65076,290.85077,286.35077,285.65076,282.35077,285.55075,288.85077,290.55075,290.15076,289.15076,290.75076,289.85077,290.65076,287.75076,291.05075,292.65076,291.85077,293.75076,293.05075,292.85077,287.85077,288.05075,292.35077,286.45074,287.75076,290.05075,291.75076,294.15076,298.05075,301.65076,300.55075,302.15076,301.75076
