wind_kz.json
{"header": {"discipline":0,"disciplineName":"Meteorological products","gribEdition":2,"gribLength":1025,"center":7,"centerName":"US National Weather Service - NCEP(WMC)","subcenter":0,"refTime":"2023-08-26T18:00:00.000Z","significanceOfRT":1,"significanceOfRTName":"Start of forecast","productStatus":0,"productStatusName":"Operational products","productType":1,"productTypeName":"Forecast products","productDefinitionTemplate":0,"productDefinitionTemplateName":"Analysis/forecast at horizontal level/layer at a point in time","parameterCategory":2,"parameterCategoryName":"UnknownDiscipline_0_Category_2","parameterNumber":3,"parameterNumberName":"UnknownParameter_D0_C2_3","parameterUnit":"Unknown","genProcessType":2,"genProcessTypeName":"Forecast","forecastTime":0,"surface1Type":103,"surface1TypeName":"Specified height level above ground","surface1Value":10.0,"surface2Type":255,"surface2TypeName":"Missing","surface2Value":0.0,"gridDefinitionTemplate":0,"gridDefinitionTemplateName":"Latitude_Longitude","numberPoints":615,"shape":6,"shapeName":"Earth spherical with radius of 6,371,229.0 m","gridUnits":"degrees","resolution":48,"winds":"true","scanMode":64,"nx":41,"ny":15,"basicAngle":0,"lo1":47.0,"la1":41.0,"lo2":87.0,"la2":55.0,"dx":1.0,"dy":1.0}, "data":
[rows 0 to 14 of 15, columns 0 to 40 of 41]
1.7044312,-0.6155689,1.1744312,-2.315569,-4.455569,-5.545569,-4.5355687,-6.155569,-6.3655686,-3.355569,-4.565569,-4.255569,-3.325569,-1.5255688,-1.0555688,1.6244311,0.9444311,-1.7555689,-3.1855688,0.41443115,-1.8055688,-6.225569,-0.76556885,-0.06556885,-2.1155689,-1.0355688,-1.1355689,1.7944312,0.17443115,3.0044312,0.30443114,0.11443115,-0.42556885,-2.6755688,-2.6455688,-1.5355688,-1.5255688,0.5044311,-1.5955689,-3.1555688,3.154431
0.49443114,-0.94556886,-4.435569,-6.0955687,-7.395569,-8.305569,-5.475569,-5.025569,-6.065569,-5.7455688,-1.7755688,-5.5555687,-4.3055687,-7.0955687,-2.275569,0.26443115,2.0444312,1.7944312,0.37443116,-0.12556885,-0.18556885,-2.6755688,-1.4555688,1.4744312,1.7944312,1.3744311,-2.055569,2.724431,1.0544312,2.3744311,3.5144312,2.7744312,1.8344312,1.8844311,0.7644312,-1.4755689,-1.2355689,-1.9555688,-1.5255688,-1.7855688,-0.52556884
1.3144312,-3.3955688,-3.9055688,-6.275569,-7.195569,-6.165569,-5.475569,-7.1155686,-7.155569,-8.195569,-8.7555685,-3.7655687,-1.6655688,-4.915569,-6.025569,-0.64556885,1.3044312,-1.3455689,2.0244312,2.4844313,1.1744312,0.59443116,-2.9655688,-0.15556885,-1.1655688,1.5144311,0.54443115,3.0044312,0.32443115,3.8244312,3.974431,3.2844312,3.6244311,-0.95556885,0.46443117,1.9544312,1.8444312,-2.0155687,-0.07556885,0.9444311,1.3344312
-4.425569,-10.135569,-8.415569,-7.215569,-5.295569,-5.395569,-6.915569,-6.1155686,-4.565569,-6.945569,-7.295569,-5.795569,-6.0555687,-2.0055687,-1.4655689,-1.4755689,-3.6655688,-2.9955688,-2.7155688,0.8844311,3.5744312,1.4744312,0.36443114,-3.0055687,-3.1755688,-1.3355689,-1.1855688,3.2744312,2.8644311,4.054431,0.7044312,-0.32556885,-1.2155689,-2.6155689,0.5844312,-2.1555688,-1.2855688,1.6744312,1.7144312,2.0544312,0.62443113
-3.065569,-6.705569,-5.725569,-3.285569,-4.3455687,-2.4455688,-1.2355689,-5.145569,-2.035569,-4.085569,-6.565569,-6.145569,-7.795569,1.3344312,3.0344312,-0.10556885,0.33443114,-2.7055688,-4.755569,-3.6455688,4.014431,3.964431,1.0644312,-1.7955688,-4.725569,-4.955569,-0.50556886,-1.8955688,4.894431,0.7544311,-0.35556886,2.474431,2.724431,3.5744312,-1.2455689,-1.0355688,-1.4855689,-1.6855688,0.38443115,-2.025569,-1.2255689
-2.9655688,-3.315569,-4.605569,-8.045568,-8.355569,-8.345569,-6.8055687,-5.465569,-1.0855689,-2.2555687,-3.605569,-6.445569,-6.165569,-4.3055687,-1.0155689,-1.2155689,-0.8055689,-2.4155688,-0.9155688,-4.975569,2.1244311,4.544431,3.0544312,-0.8055689,-0.5455688,-5.835569,3.5244312,2.7844312,7.1744313,3.5844312,1.0944312,1.2944312,1.1844312,-0.6755688,2.2844312,0.21443115,3.3344312,0.06443115,-0.47556886,-2.9555688,-2.4755688
-3.4655688,-2.825569,-3.555569,-3.7455688,-5.185569,-4.175569,-3.6155689,-3.9455688,-6.915569,-6.025569,-5.445569,-2.3855689,-6.1355686,-4.1155686,-3.325569,-0.22556885,-1.6655688,-2.2355688,-0.6055688,2.694431,-0.44556886,4.8844314,3.3644311,-0.27556884,0.99443114,-3.775569,-3.3855689,-4.0555687,0.10443115,0.5144312,2.2944312,0.98443115,-1.6855688,-2.4055688,-2.4255688,-0.72556883,-2.845569,-0.6155689,1.4244312,0.71443117,-0.83556885
-3.575569,-3.295569,-3.095569,-3.2655687,-5.0555687,-5.875569,-4.1155686,-4.625569,-4.645569,-5.165569,-5.5755687,-4.835569,-5.205569,-5.255569,-4.895569,-1.5255688,-6.105569,-0.88556886,1.0744312,-1.8155688,3.404431,0.29443115,3.204431,-0.9255688,1.7044312,1.2944312,1.4944311,-1.9555688,-1.6355689,0.46443117,-3.835569,0.71443117,-0.47556886,-3.0055687,-0.17556885,-2.075569,-1.1055689,-0.63556886,1.0644312,-0.45556885,-1.7455689
-2.045569,-5.005569,-3.9555688,-4.155569,-3.085569,-4.4955688,-5.125569,-6.315569,-6.0555687,-6.1155686,-7.025569,-5.065569,-5.8455687,-4.655569,-4.775569,-3.085569,-0.44556886,-1.7355689,-0.06556885,1.9044311,1.5544312,-4.605569,-7.165569,1.9444312,1.1244311,-0.70556885,0.60443115,2.944431,1.4144311,-1.6855688,-0.8555688,3.224431,1.8344312,-0.29556885,-0.5555689,-0.52556884,-2.4955688,0.124431156,1.4944311,1.3944311,-0.29556885
-2.8855689,-1.4555688,-2.6855688,-2.9255688,-2.4755688,-3.045569,-3.0155687,-4.8655686,-4.895569,-3.6455688,-7.195569,-5.315569,-4.045569,-6.0755687,-4.085569,-4.905569,-2.285569,-2.3655689,-0.39556885,-0.23556885,2.914431,2.704431,-5.695569,-4.215569,0.044431154,-1.0955689,1.2144312,0.52443117,4.9244313,7.6144314,4.894431,2.2344313,0.7644312,-0.5555689,-0.26556885,0.23443115,-0.10556885,-2.325569,1.3844311,4.584431,3.5144312
-1.9955689,-2.075569,-1.9455688,-2.565569,-1.7155689,-2.9755688,-3.0155687,-4.5555687,-3.9055688,-3.1655688,-2.835569,-2.9655688,-2.4955688,-6.475569,-4.795569,-5.565569,-4.685569,-3.855569,-3.9655688,-0.07556885,0.78443116,-0.48556885,-3.1555688,-3.1555688,-2.4955688,-0.045568846,-0.37556884,2.954431,-0.22556885,1.6644311,1.5144311,0.5044311,1.1944312,0.5044311,-0.41556886,0.22443116,1.0744312,2.3844311,1.2144312,1.4944311,0.48443115
-2.785569,-0.16556884,-1.8355689,-1.0455688,-2.285569,-2.545569,-3.4255688,-1.9955689,-2.6455688,-1.4155688,-2.065569,-3.3655689,-3.6655688,-1.5255688,-4.1155686,-3.8655689,-3.9755688,-3.295569,-2.795569,-3.285569,-1.8355689,-1.4855689,0.68443114,-0.68556887,0.39443114,-3.595569,-0.71556884,-3.5055687,3.9844313,2.684431,1.5544312,1.1644311,0.48443115,0.53443116,-0.47556886,-0.87556887,-0.11556885,1.2444311,1.5344311,1.1844312,0.40443116
-0.87556887,-0.40556884,-1.3355689,-1.1255689,-1.1455688,-1.0855689,-1.0455688,-2.295569,-2.295569,-1.3755689,-0.56556886,-1.0255688,-1.4355688,-1.6255689,-2.5155687,-2.2555687,-2.585569,-4.085569,-3.055569,-3.0155687,-2.4555688,-2.305569,0.77443117,-1.0855689,0.55443114,1.1744312,-0.9255688,-3.085569,-2.335569,3.3744311,2.4844313,2.0644312,0.92443115,0.9544312,-0.32556885,-1.8455689,-1.1255689,-0.13556884,-1.8055688,-1.2455689,-0.8655689
0.35443115,-0.025568848,-0.84556884,-0.44556886,-0.78556883,0.31443116,-2.1355689,-0.5455688,-0.30556884,-1.4255688,0.66443115,-0.5455688,-0.90556884,-1.1155689,-1.9155688,-2.4555688,-0.9955689,-2.1755688,-2.1755688,-1.2355689,-1.9755689,-1.9555688,-0.12556885,0.07443115,-1.5655688,-2.6855688,1.5644312,0.6944311,-2.2155688,2.8644311,4.2344313,2.964431,2.214431,1.6144311,0.30443114,-0.89556885,-1.6855688,-1.4655689,-1.6455688,-1.8155688,-1.5655688
0.07443115,-0.06556885,-1.8755689,-1.6955688,-2.345569,-1.1155689,-0.045568846,0.68443114,0.22443116,-0.7455689,0.13443115,0.92443115,1.6744312,-0.43556884,-1.4755689,-1.8355689,-1.8555689,-0.09556885,-0.42556885,-1.7255689,-2.345569,-0.90556884,-0.7355688,-3.3955688,1.9744312,0.48443115,0.28443116,1.3844311,0.53443116,2.184431,5.4044313,3.0044312,2.424431,2.944431,1.8644311,0.5044311,-0.8555688,-0.30556884,0.33443114,-2.4455688,-1.3355689
