wind.json
{"header": {"discipline":0,"disciplineName":"Meteorological products","gribEdition":2,"gribLength":1125,"center":7,"centerName":"US National Weather Service - NCEP(WMC)","subcenter":0,"refTime":"2023-06-30T00:00:00.000Z","significanceOfRT":1,"significanceOfRTName":"Start of forecast","productStatus":0,"productStatusName":"Operational products","productType":1,"productTypeName":"Forecast products","productDefinitionTemplate":0,"productDefinitionTemplateName":"Analysis/forecast at horizontal level/layer at a point in time","parameterCategory":2,"parameterCategoryName":"UnknownDiscipline_0_Category_2","parameterNumber":2,"parameterNumberName":"UnknownParameter_D0_C2_2","parameterUnit":"Unknown","genProcessType":2,"genProcessTypeName":"Forecast","forecastTime":120,"surface1Type":103,"surface1TypeName":"Specified height level above ground","surface1Value":10.0,"surface2Type":255,"surface2TypeName":"Missing","surface2Value":0.0,"gridDefinitionTemplate":0,"gridDefinitionTemplateName":"Latitude_Longitude","numberPoints":688,"shape":6,"shapeName":"Earth spherical with radius of 6,371,229.0 m","gridUnits":"degrees","resolution":48,"winds":"true","scanMode":64,"nx":43,"ny":16,"basicAngle":0,"lo1":45.0,"la1":40.0,"lo2":87.0,"la2":55.0,"dx":1.0,"dy":1.0}, "data":
[rows 0 to 15 of 16, columns 0 to 42 of 43]
-4.5128484,-0.6228485,0.9571515,0.3171515,-2.9528484,-1.6128485,1.2771515,-1.1828485,-2.3128486,-3.6828485,-1.8628485,-4.5628486,-3.8428485,-3.2128484,-2.3928485,-0.6328485,0.09715149,-0.30284852,0.9471515,-0.85284853,-1.5628486,-0.8328485,-3.0928485,1.4171515,1.8771515,0.96715146,-0.09284851,-0.1428485,-0.08284851,0.9271515,1.8071514,1.0571514,2.4371514,1.7171515,0.90715146,-0.4428485,-1.9228485,-2.4628484,-2.8328485,-2.9628484,-2.1928484,-4.8728485,-5.1628485
1.7771515,-1.0128485,-2.3728485,-0.48284853,0.89715147,2.5671515,0.03715149,-1.0028485,-4.0428486,-3.5628486,-4.2128487,-1.9228485,-1.5028485,-1.7928485,-1.6728485,-0.8828485,-0.24284852,0.007151489,0.22715148,1.1171515,-1.6128485,0.71715146,2.1071515,0.9771515,-1.7128485,-0.6328485,0.07715149,-2.8628485,-2.6828485,1.6971515,-0.8728485,1.0771515,1.8271515,1.0871515,1.2471515,2.3371515,2.1871514,-3.0928485,-2.3828485,-2.2328484,-3.9828484,-7.0928483,-5.8828487
-1.0028485,-1.5228485,2.3071516,1.6171515,1.7771515,-0.8628485,0.007151489,-1.5428485,-1.7428485,-3.1728485,-3.3728485,0.38715148,-0.5728485,-0.01284851,-0.9828485,-0.2528485,1.2271515,0.7871515,2.4271514,0.6171515,0.7971515,2.0071516,2.7071514,2.7471514,-0.78284854,-2.1428485,1.2771515,0.9971515,-0.78284854,-0.5228485,-0.6428485,-0.8328485,0.2471515,0.17715149,0.9271515,-2.6228485,0.6771515,-0.3228485,-0.5228485,0.64715147,-1.2428485,0.3371515,-2.6528485
0.05715149,-0.07284851,-0.5528485,-1.4328485,-0.3128485,-2.0428486,-3.5628486,-4.6828485,-3.3628485,-2.6828485,-3.1828485,-1.1328485,2.0571516,2.2471514,2.6371515,1.9971515,2.6571515,2.2071514,2.0771515,3.4271514,3.9571514,4.2571516,4.0671515,2.3471515,-0.6728485,1.3171515,0.4071515,1.9071515,1.2871515,0.90715146,-2.2728486,-0.2228485,-0.6928485,2.2771516,0.7671515,0.26715147,-0.16284852,-0.30284852,-0.21284851,-0.48284853,-1.7028486,0.9871515,0.7671515
-2.6628485,-2.6228485,-2.3428485,-3.3228486,-3.7828486,-2.6628485,-4.5928483,-3.4628484,0.007151489,-2.9328485,-2.9328485,-1.1928486,0.9571515,1.2471515,1.9771515,3.5871515,2.2571516,1.9471515,1.8971515,2.8771515,2.1871514,3.4671514,1.8671515,0.7871515,2.5671515,4.2771516,3.8171515,3.8371515,3.8571515,-0.27284852,2.8571515,2.9371514,-0.7028485,0.71715146,1.5871515,0.3771515,-3.5628486,-2.4428484,-1.0128485,0.9471515,1.5271515,0.7671515,1.6571515
-2.2228484,-2.1928484,-1.5428485,-1.9328485,-1.7728485,-1.6728485,-1.7828485,-1.4028485,-2.0228486,0.06715149,0.03715149,1.7171515,-1.7828485,-0.7028485,0.6971515,2.7971516,0.5771515,0.41715148,2.7171514,1.6671515,2.9371514,4.2971516,3.6671515,2.1871514,1.8171515,4.1371517,6.0771513,1.8371515,1.9571515,3.1271515,0.9371515,3.5571516,0.7471515,-0.042848513,-1.6928486,0.8671515,3.0171516,2.0071516,1.5771515,3.6871514,4.3271513,3.3471515,2.9871514
1.9071515,1.6771514,0.41715148,-0.2928485,0.96715146,-0.7328485,-0.15284851,-0.91284853,0.38715148,-0.3228485,-1.6128485,-2.9828484,-0.7928485,0.8171515,2.0771515,-0.7328485,-0.78284854,1.2071515,2.2671516,1.5071515,2.1371515,2.7071514,0.5571515,-0.45284852,0.8471515,2.2071514,1.5271515,2.2871516,4.6571517,3.1171515,4.4671516,3.3871515,4.0471516,-1.2828485,3.4871514,0.6771515,1.1071515,-1.3528485,2.6171515,1.7571515,7.3471513,-1.2728485,-0.8828485
-2.6528485,-3.0928485,-4.1528487,-1.8728485,-1.9428486,-4.9128485,-0.8028485,-1.7028486,-2.7028484,-2.9228485,-2.5328486,-1.3628485,-0.18284851,-0.07284851,-0.20284851,-1.0328485,-0.16284852,0.5571515,0.77715147,2.4871514,3.7471514,0.7971515,-0.8228485,-2.6628485,-0.8028485,1.1171515,1.7071515,1.5571514,2.7671516,4.4171515,2.8971515,1.1871514,3.3971515,1.7771515,4.6271515,3.7171514,2.0471516,1.3771515,-0.60284853,2.0071516,-0.27284852,1.3171515,3.3171515
-2.3228486,-1.8428485,-3.0528486,-2.2628486,-3.2228484,-3.5728486,-2.6128485,-1.6528485,-3.3528485,-2.1628485,-1.2628485,-0.6928485,-0.3428485,0.08715149,-1.4528486,-0.15284851,0.1371515,1.4871515,2.2371514,-1.0628486,-1.7828485,-1.8528485,-1.4428486,1.6171515,1.1671515,-0.7428485,0.47715148,0.6271515,1.7571515,-1.7628485,-1.7028486,0.3071515,3.8671515,2.8971515,1.4971515,2.4271514,1.9471515,1.9371514,3.6271515,4.0771513,3.4171515,2.4071515,-0.5428485
-1.8828485,-1.7428485,-2.4728484,-2.0528486,-0.7528485,-1.9028485,-1.6828485,-1.8728485,-1.9328485,-0.8828485,-0.85284853,-0.16284852,0.5371515,-1.2328485,-0.08284851,-0.6228485,-0.33284852,1.4871515,1.6071515,-1.4428486,0.20715149,0.4071515,-0.6828485,-0.3528485,-1.0528485,-2.2228484,-1.9928485,-0.49284852,-1.5728486,-1.8328485,-2.0728486,-2.6628485,-4.9928484,-2.2828486,-0.15284851,0.1371515,0.07715149,0.8171515,0.20715149,-1.6628485,0.5371515,1.1371515,-0.2828485
-0.6728485,-0.9428485,-1.8728485,-0.7628485,-1.4628485,-2.4328485,-2.5628486,-1.5528485,-1.7028486,-0.97284853,-0.3528485,0.3771515,0.25715148,-2.2228484,-1.2528485,-0.27284852,-0.11284851,1.0471514,0.9771515,-0.7328485,-0.4328485,-0.49284852,-1.6228485,-0.5028485,-1.4728485,-1.8528485,-3.6728485,-3.2128484,-3.6028485,-4.0628486,-2.5328486,-2.9928484,-1.6128485,-2.8128486,-1.1028485,-1.1628485,0.64715147,1.1071515,-0.8328485,-0.5628485,-1.7428485,0.2171515,0.3071515
-0.45284852,0.7971515,-0.5028485,-1.3828485,-2.0728486,-0.8628485,-0.85284853,-0.8328485,-1.0528485,-0.7128485,-0.1428485,0.25715148,-0.5028485,-1.7828485,-1.2828485,-1.6928486,-0.27284852,0.22715148,1.0771515,0.44715148,-1.1228485,-2.5128486,-1.2028486,-1.5828485,-2.8028486,-2.4728484,-2.8028486,-2.7728486,-2.4128485,-2.5828485,-2.5628486,-2.4728484,-2.5928485,-2.2828486,-2.1928484,-1.7128485,-0.84284854,-0.53284854,-0.9028485,-1.2928485,-0.6728485,0.1671515,-0.08284851
-1.8528485,0.2171515,-1.1428485,-1.4028485,-1.6628485,-2.2728486,0.8471515,0.3171515,-1.2028486,-0.4628485,0.20715149,-0.13284852,-1.4228485,0.38715148,-0.5828485,-1.4428486,0.38715148,0.6271515,0.65715146,1.1771514,-0.8128485,-0.59284854,-2.0428486,-1.3228486,-2.5028486,-2.6728485,-2.5528486,-2.4928484,-2.2628486,-2.9328485,-2.9128485,-2.8028486,-1.8128486,-2.3328485,-1.6028485,-2.5228486,-2.0528486,-3.3828485,-3.6828485,-1.8328485,-0.4628485,-0.06284851,-0.5028485
-0.91284853,-1.1028485,-1.1728485,-0.5828485,-0.7128485,-1.4528486,-0.45284852,-0.24284852,-1.0628486,-1.1928486,-0.4428485,0.08715149,-0.6728485,-0.12284851,0.22715148,0.02715149,0.8271515,0.7271515,0.3771515,0.04715149,-0.39284852,-0.21284851,-0.9528485,-0.7728485,-0.12284851,-0.42284852,-0.3128485,-1.7628485,-1.1028485,-3.5228486,-3.3928485,-2.5028486,-2.2728486,-2.1728485,-2.0128486,-2.5328486,-1.6028485,-3.5928485,-2.5428486,-1.6528485,-1.8028485,-2.3328485,-0.7628485
-0.07284851,-0.30284852,-0.5528485,-0.8228485,0.52715147,-0.7628485,0.01715149,-0.6528485,-0.5828485,-0.5828485,0.5671515,0.29715148,-0.6528485,-0.78284854,1.0471514,0.5471515,0.9771515,0.3371515,0.7671515,0.01715149,0.4371515,-0.17284851,-0.5528485,0.03715149,-0.8328485,-1.0228485,-2.6228485,-1.6228485,-1.5628486,-1.7528485,-2.1828485,-2.2428484,-2.5228486,-2.1428485,-1.6328485,-1.8428485,-2.5328486,-2.4928484,-2.0528486,-1.6528485,-2.5728486,-1.1528485,-0.5628485
1.5171515,1.0871515,0.65715146,1.2271515,1.7071515,0.89715147,0.6171515,-0.2528485,-0.022848511,-0.1428485,-0.11284851,0.06715149,-0.78284854,-0.11284851,0.07715149,1.2371515,1.2471515,1.0271515,0.3771515,0.8471515,0.22715148,0.5471515,0.8471515,0.8271515,0.3971515,0.52715147,-1.1328485,-0.8828485,-1.2828485,-1.3928485,-2.3428485,-2.1728485,-2.2328484,-3.1328485,-2.2128484,-2.1728485,-2.5828485,-2.4128485,-1.9928485,-2.1328485,-1.0328485,-1.8528485,-1.1628485
