wind_kz.json
{"header": {"discipline":0,"disciplineName":"Meteorological products","gribEdition":2,"gribLength":948,"center":7,"centerName":"US National Weather Service - NCEP(WMC)","subcenter":0,"refTime":"2023-08-22T12:00:00.000Z","significanceOfRT":1,"significanceOfRTName":"Start of forecast","productStatus":0,"productStatusName":"Operational products","productType":1,"productTypeName":"Forecast products","productDefinitionTemplate":0,"productDefinitionTemplateName":"Analysis/forecast at horizontal level/layer at a point in time","parameterCategory":0,"parameterCategoryName":"UnknownDiscipline_0_Category_0","parameterNumber":0,"parameterNumberName":"UnknownParameter_D0_C0_0","parameterUnit":"Unknown","genProcessType":2,"genProcessTypeName":"Forecast","forecastTime":0,"surface1Type":1,"surface1TypeName":"Ground or water surface","surface1Value":0.0,"surface2Type":255,"surface2TypeName":"Missing","surface2Value":0.0,"gridDefinitionTemplate":0,"gridDefinitionTemplateName":"Latitude_Longitude","numberPoints":615,"shape":6,"shapeName":"Earth spherical with radius of 6,371,229.0 m","gridUnits":"degrees","resolution":48,"winds":"true","scanMode":64,"nx":41,"ny":15,"basicAngle":0,"lo1":47.0,"la1":41.0,"lo2":87.0,"la2":55.0,"dx":1.0,"dy":1.0}, "data":
[rows 0 to 14 of 15, columns 0 to 40 of 41]
317.87808,303.07806,312.07806,299.9781,300.07806,300.17807,312.07806,322.27808,322.17807,323.27808,320.67807,319.77808,318.87808,318.9781,318.77808,318.57806,319.77808,317.4781,318.4781,318.37808,318.77808,314.9781,312.67807,308.07806,311.07806,312.87808,308.57806,293.87808,291.77808,290.07806,285.87808,291.4781,302.27808,309.57806,311.9781,310.87808,310.57806,310.57806,310.4781,310.17807,309.27808
289.4781,304.77808,300.77808,299.9781,300.17807,299.67807,320.87808,322.27808,320.87808,320.9781,321.17807,319.4781,317.4781,315.87808,317.17807,319.37808,318.77808,317.37808,316.77808,317.37808,317.77808,307.57806,312.07806,303.37808,291.4781,286.67807,301.37808,293.07806,296.87808,283.67807,290.17807,283.4781,288.27808,271.37808,285.9781,301.67807,299.07806,301.77808,310.4781,301.07806,287.27808
309.9781,300.4781,300.27808,300.4781,299.27808,315.87808,315.37808,319.77808,318.9781,320.37808,319.57806,320.87808,318.9781,316.17807,317.9781,316.87808,315.87808,315.37808,315.57806,316.27808,316.57806,314.67807,313.17807,308.57806,312.27808,309.67807,309.67807,305.17807,298.9781,289.67807,281.27808,286.57806,293.77808,293.4781,293.77808,292.57806,285.67807,288.17807,289.4781,284.87808,284.77808
316.17807,301.27808,301.07806,300.37808,302.9781,316.67807,319.9781,319.57806,317.4781,318.37808,318.37808,318.07806,299.37808,298.67807,316.17807,318.77808,316.07806,316.77808,317.87808,317.27808,314.27808,311.27808,312.07806,312.37808,313.77808,315.27808,314.87808,311.87808,308.77808,309.87808,307.9781,304.67807,309.77808,304.9781,305.67807,300.27808,287.9781,287.17807,290.27808,301.57806,304.9781
320.37808,301.4781,301.57806,301.17807,308.17807,316.9781,304.77808,315.77808,321.9781,320.27808,319.57806,319.07806,298.57806,296.4781,294.07806,315.37808,317.87808,312.9781,314.07806,316.4781,316.9781,316.67807,315.37808,311.77808,304.27808,314.07806,312.9781,306.4781,314.07806,311.17807,311.77808,308.17807,294.07806,283.67807,294.4781,303.87808,303.87808,310.9781,310.17807,309.07806,308.87808
319.57806,314.87808,299.17807,300.17807,300.57806,300.37808,319.9781,315.4781,319.87808,320.27808,320.77808,319.4781,299.4781,296.77808,303.4781,313.17807,318.67807,317.17807,315.67807,315.67807,315.9781,315.17807,310.77808,313.57806,312.57806,312.07806,308.37808,295.87808,312.37808,313.67807,310.67807,309.37808,308.67807,303.9781,302.77808,300.77808,296.87808,299.4781,309.4781,308.4781,307.07806
317.67807,317.4781,307.87808,306.27808,310.4781,315.27808,318.17807,317.67807,307.67807,313.67807,314.07806,318.17807,318.07806,318.77808,317.77808,315.77808,313.67807,318.37808,317.57806,314.9781,314.37808,311.17807,314.77808,312.4781,311.57806,309.67807,310.67807,313.27808,311.57806,311.9781,308.87808,307.37808,309.57806,309.57806,307.07806,304.27808,297.67807,293.27808,290.77808,289.17807,301.4781
316.4781,317.57806,317.77808,316.87808,317.87808,317.4781,315.87808,304.27808,301.4781,309.07806,301.9781,313.67807,310.87808,316.77808,316.9781,318.37808,317.87808,316.57806,315.07806,312.07806,311.67807,311.37808,313.87808,310.4781,307.87808,303.07806,303.27808,303.37808,302.9781,302.77808,302.9781,300.77808,304.37808,300.27808,302.27808,303.67807,304.67807,290.57806,303.87808,303.87808,301.17807
313.17807,313.37808,314.67807,314.17807,314.67807,307.57806,301.87808,309.17807,299.67807,311.07806,305.9781,310.57806,302.37808,313.9781,315.07806,308.77808,315.67807,315.37808,313.17807,311.9781,309.27808,307.4781,308.67807,308.67807,306.57806,306.17807,302.37808,300.67807,295.67807,295.4781,299.27808,297.07806,296.17807,301.4781,300.77808,299.57806,299.37808,298.17807,287.17807,285.37808,286.4781
305.17807,309.17807,309.57806,307.77808,310.57806,310.4781,307.67807,303.4781,308.67807,311.67807,299.4781,306.9781,309.9781,310.87808,305.77808,311.77808,309.57806,310.77808,312.27808,310.07806,309.4781,308.77808,308.67807,308.37808,304.77808,305.17807,304.87808,302.87808,299.87808,300.27808,296.57806,294.57806,294.9781,302.17807,303.17807,300.9781,296.57806,293.57806,291.07806,285.77808,284.9781
297.87808,301.07806,299.17807,299.37808,306.4781,301.07806,303.87808,301.17807,305.67807,310.27808,309.17807,306.9781,305.37808,294.77808,299.87808,300.27808,300.67807,309.57806,310.27808,305.67807,308.07806,307.4781,305.27808,304.87808,305.37808,304.77808,302.9781,303.17807,297.9781,303.87808,300.27808,305.07806,303.67807,302.9781,300.37808,298.37808,293.4781,290.9781,291.17807,290.37808,289.17807
295.57806,295.77808,296.27808,296.67807,302.4781,300.77808,293.77808,296.37808,306.37808,306.67807,303.87808,304.07806,298.9781,304.4781,296.87808,301.4781,303.77808,306.17807,305.87808,297.9781,303.27808,301.17807,301.9781,303.87808,303.27808,303.77808,303.77808,304.9781,301.77808,302.07806,304.27808,304.27808,303.4781,300.87808,299.37808,297.77808,296.67807,296.07806,294.87808,294.9781,294.57806
291.77808,293.37808,295.9781,288.17807,290.17807,293.17807,294.07806,300.57806,302.67807,301.57806,296.27808,298.17807,293.37808,293.07806,290.9781,295.4781,301.37808,301.87808,301.77808,300.57806,299.67807,300.4781,298.07806,300.77808,301.87808,303.17807,304.37808,302.87808,303.17807,303.4781,304.9781,303.07806,302.07806,301.07806,298.77808,295.67807,294.4781,294.77808,294.37808,294.4781,293.67807
299.37808,300.57806,296.27808,299.57806,296.57806,292.37808,290.77808,293.77808,291.67807,292.87808,290.9781,293.07806,295.67807,293.87808,296.4781,295.57806,297.9781,297.77808,298.57806,297.17807,298.4781,298.07806,299.37808,299.77808,300.27808,301.67807,301.17807,300.67807,300.57806,300.77808,302.37808,302.57806,300.37808,297.77808,295.77808,293.87808,293.4781,293.4781,294.07806,292.27808,292.57806
292.4781,298.67807,291.77808,296.87808,295.37808,295.37808,295.67807,295.07806,297.4781,297.57806,294.4781,294.87808,292.17807,293.27808,291.27808,292.37808,296.9781,298.57806,299.9781,298.27808,297.67807,298.27808,299.27808,298.4781,298.77808,298.87808,298.57806,298.77808,297.87808,298.4781,298.37808,291.17807,299.07806,296.57806,295.87808,293.77808,294.77808,293.57806,293.4781,292.57806,291.87808
