wind_kz.json
{"header": {"discipline":0,"disciplineName":"Meteorological products","gribEdition":2,"gribLength":1025,"center":7,"centerName":"US National Weather Service - NCEP(WMC)","subcenter":0,"refTime":"2023-09-10T00:00:00.000Z","significanceOfRT":1,"significanceOfRTName":"Start of forecast","productStatus":0,"productStatusName":"Operational products","productType":1,"productTypeName":"Forecast products","productDefinitionTemplate":0,"productDefinitionTemplateName":"Analysis/forecast at horizontal level/layer at a point in time","parameterCategory":2,"parameterCategoryName":"UnknownDiscipline_0_Category_2","parameterNumber":2,"parameterNumberName":"UnknownParameter_D0_C2_2","parameterUnit":"Unknown","genProcessType":2,"genProcessTypeName":"Forecast","forecastTime":240,"surface1Type":103,"surface1TypeName":"Specified height level above ground","surface1Value":10.0,"surface2Type":255,"surface2TypeName":"Missing","surface2Value":0.0,"gridDefinitionTemplate":0,"gridDefinitionTemplateName":"Latitude_Longitude","numberPoints":615,"shape":6,"shapeName":"Earth spherical with radius of 6,371,229.0 m","gridUnits":"degrees","resolution":48,"winds":"true","scanMode":64,"nx":41,"ny":15,"basicAngle":0,"lo1":47.0,"la1":41.0,"lo2":87.0,"la2":55.0,"dx":1.0,"dy":1.0}, "data":
[rows 0 to 14 of 15, columns 0 to 40 of 41]
-1.8144727,-0.52447265,0.19552734,-3.1044726,-3.7344728,-3.9044726,-2.0344727,-0.90447265,-3.9944727,-2.2344728,-2.2844727,-0.73447263,0.085527346,1.6655273,2.5055273,2.9455273,3.7155273,3.7755272,2.4555273,2.5855274,3.6455274,3.2655272,-0.034472656,0.35552734,0.29552734,-3.0244727,-2.8444726,0.90552735,0.18552734,0.52552736,-1.2944727,0.59552735,-0.19447266,0.86552733,-3.3744726,-2.8944726,-2.5544727,-3.8544726,-3.5844727,-3.1744726,-1.7644726
0.49552736,0.36552733,-4.0744724,-2.2244728,0.52552736,-0.25447264,-1.5044726,-2.5644727,-2.3944726,-1.1644727,1.1455274,0.89552736,1.1755273,2.4655273,2.9455273,3.6555274,3.0955274,3.6455274,2.3655274,2.4155273,3.4355273,2.7555273,0.8055273,1.5555273,1.4755273,0.7555273,0.44552734,2.3055274,0.16552734,-0.85447264,0.7555273,-0.42447266,-0.43447265,-0.8644726,0.95552737,-0.39447266,-0.43447265,-0.70447266,-1.2044727,1.0555273,-3.6844726
-1.7344726,-6.404473,-6.094473,-5.0444727,-6.0244727,-2.6944726,-2.1744726,-1.1344726,-0.98447263,-0.14447266,0.59552735,0.7455273,1.9855274,2.0955274,2.2155273,3.6255274,1.3455273,1.7455274,3.2855272,3.2355273,3.4955273,2.7555273,0.6255273,0.09552734,4.7955275,-1.8644726,0.14552735,0.61552733,1.4255273,-0.23447266,-0.89447266,0.15552734,0.8055273,0.31552735,1.0655273,-1.0244727,-1.0844727,0.35552734,-1.5344727,1.4355273,2.6955273
-4.5044727,-6.8544726,-5.6644726,-4.844473,-3.3844726,-1.8144727,-1.0544727,-1.6644727,-0.28447264,0.22552735,-1.0544727,0.34552735,-1.5644727,0.39552733,0.43552735,3.0855274,2.2855272,2.2655272,1.7555274,4.9155273,3.6155274,2.8055274,2.6255274,3.7455273,-0.11447266,0.61552733,-3.1644726,-3.9344726,-0.60447264,2.2355273,1.6555274,-1.4144727,3.3655274,1.5755273,0.17552735,-0.6844727,-1.4644727,2.1055274,0.42552733,-0.31447265,-0.72447264
-4.2944727,-4.5544724,-4.4844728,-2.7644727,-1.7644726,-0.51447266,-1.3344727,0.33552733,0.43552735,-0.85447264,-0.60447264,0.29552734,-1.1444726,1.5055274,2.1755273,2.0455275,4.5055275,3.4455273,2.9155273,4.5855274,-1.2744727,-2.9544725,5.5255275,-1.3944726,-1.8744726,-1.0844727,-1.4544727,-2.8144727,-0.72447264,-0.7444727,-0.5544727,-0.44447267,-0.27447265,1.3055273,-1.2644726,-0.42447266,-2.0144727,-3.2944727,-3.8744726,-3.5644727,-4.4844728
-2.9544725,-1.9744726,-0.34447265,-0.72447264,-0.59447265,-1.4144727,0.17552735,1.7755274,-1.4544727,-0.73447263,-1.4544727,-1.5444727,-2.0044727,-3.6744726,-2.1144726,-0.27447265,-0.60447264,-0.85447264,-3.3444726,0.035527345,-3.3744726,-0.024472656,-2.2144728,-4.7444725,-6.7444725,-8.314472,-7.4144726,-8.324472,-5.0544724,-4.9544725,-4.594473,-3.7144728,-1.9044727,1.5555273,-0.18447265,-0.13447265,0.53552735,-2.0744727,-1.2744727,-2.7644727,-4.2044725
-1.3244727,-0.53447264,-0.07447266,-0.5644727,-2.1944726,-1.7744727,0.20552735,-0.59447265,-1.6644727,-2.0844727,-1.6844727,-1.7744727,-0.78447264,-2.4244726,-0.7444727,-0.6844727,-1.0744727,-1.2844727,-2.5344727,-1.6044726,-2.6644726,-6.3344727,-4.924473,-6.7744727,-7.5044727,-6.7544727,-6.114473,-5.614473,-6.924473,-5.7744727,-5.9344726,-5.8144727,-2.6444726,-3.5244727,-1.2744727,-0.5044727,-1.0644727,-0.044472657,-1.4344727,1.6455274,0.73552734
-2.3344727,-2.7744727,-2.5844727,-1.5844727,-2.3744726,-1.1144726,-0.47447264,1.3455273,-1.7844727,-1.8744726,-1.9244727,-1.9744726,-1.8944726,-2.1244726,-0.88447267,-1.1544727,-1.4944726,-1.6244726,-1.6344726,-1.7544726,-3.0344727,-4.7544727,-5.2944727,-6.2344728,-5.094473,-3.9544725,-5.424473,-4.674473,-5.3944726,-5.4844728,-5.9344726,-3.6044726,-5.2344728,-2.4644728,-3.0844727,1.1655273,2.2055273,4.8555274,1.1155274,1.4655273,-0.35447267
-0.84447265,-1.2944727,-2.4544725,-2.2444727,-1.3544726,-0.5644727,-0.71447265,-0.83447266,-1.1844727,-2.0544727,-2.3544726,-1.9544727,-1.8844726,-1.2644726,-1.1544727,-0.52447265,-0.43447265,-1.5644727,-0.7544727,-2.4244726,-4.114473,-3.6744726,-3.7444727,-3.8244727,-4.4344726,-4.674473,-2.9944727,-3.7244728,-2.0144727,-2.8644726,-3.4044726,-2.0244727,-0.16447265,-2.6244726,0.51552737,1.2655274,0.35552734,-2.6544726,-0.54447263,0.37552735,-1.7444726
0.71552736,0.8155273,0.015527343,-1.7044727,-1.3944726,-0.79447263,-1.9044727,-2.4244726,-2.7044725,-1.9444727,-2.4544725,-2.6144726,-2.0244727,-1.1744727,-1.1344726,-0.10447266,-0.54447263,-1.2844727,-2.1644726,-2.2344728,-3.4444726,-3.0444727,-3.5844727,-3.8244727,-3.8844726,-5.2044725,-3.5944726,-3.4444726,-3.2744727,-2.9744728,-1.6144726,-0.24447265,-1.1144726,-1.7344726,0.18552734,1.1155274,-0.7444727,-0.24447265,-2.5444727,-0.66447264,-1.1444726
0.58552736,1.1155274,0.92552733,0.58552736,-1.0744727,-1.5144726,-2.1744726,-2.2744727,-2.8144727,-2.3944726,-2.1844726,-1.3444726,-1.6044726,-1.5444727,-1.0044726,-0.9944727,-1.2444726,-1.1744727,-2.4744728,-3.1644726,-2.7844727,-3.2944727,-3.6044726,-3.1844726,-3.3944726,-3.2944727,-3.8744726,-3.1644726,-3.0644727,-2.2344728,-1.9144727,-1.3244727,-1.1444726,-0.63447267,-1.9644727,-0.44447267,-1.1544727,-1.1244726,-0.73447263,-0.38447267,-1.3844726
0.59552735,1.2155273,1.7755274,1.1955273,1.2155273,0.5055273,-0.33447266,-1.0744727,-1.3044727,-1.3744726,-1.0344727,1.6255274,1.1555274,-1.1744727,-0.6944727,-1.1744727,-1.2944727,-1.5244727,-2.7244728,-2.2344728,-2.8044727,-3.9744728,-4.5144725,-3.9744728,-3.6744726,-3.0544727,-3.1044726,-1.9044727,-2.3944726,-2.6044726,-1.8444726,-1.2344726,-0.76447266,-1.5244727,-0.91447264,-1.0044726,-1.3544726,-1.2044727,-0.58447266,-0.63447267,-0.31447265
2.8955274,2.4755273,1.3655274,1.7455274,1.2855273,0.16552734,0.51552737,0.0055273436,-0.32447267,-0.57447267,-0.38447267,0.76552737,1.1955273,1.0155274,0.95552737,-0.14447266,-0.64447266,-1.4244727,-1.6444726,-2.2044725,-2.6544726,-2.3744726,-1.4644727,-1.3744726,-1.3744726,-1.7944727,-1.4644727,-1.8044727,-2.4244726,-2.1544726,-0.92447263,-1.5944726,-0.60447264,-1.0444727,-0.76447266,-0.67447263,-0.6944727,-0.07447266,-0.59447265,-1.1444726,-0.5544727
3.5155272,0.86552733,1.4555273,1.7055273,2.7155273,1.7355274,0.65552735,0.65552735,0.95552737,-0.15447265,-0.5544727,0.09552734,0.9955273,1.2455274,0.91552734,1.2955273,0.9355273,0.36552733,-0.6944727,-1.0144726,-1.3344727,-1.2144727,-0.76447266,-0.84447265,-0.64447266,-0.52447265,-0.53447264,0.13552734,-1.1944727,-2.3144727,-0.054472655,-0.22447266,0.14552735,-0.52447265,-0.95447266,-0.8144727,-0.8044727,-1.2144727,-1.2844727,-0.6844727,-0.65447265
0.91552734,0.90552735,2.0955274,2.1455274,1.0855273,4.4355273,1.6855273,0.14552735,1.0255274,-1.0244727,-1.0544727,-0.27447265,0.51552737,1.1955273,2.1555274,1.5355273,1.8855274,1.7955273,0.8855274,1.3655274,0.95552737,0.79552734,0.7555273,0.32552734,-0.43447265,-0.8644726,-1.1244726,-1.3944726,-1.1444726,-0.70447266,-0.40447265,-0.7544727,-1.0144726,-0.84447265,-0.91447264,-0.27447265,-0.8644726,-0.84447265,0.54552734,0.14552735,-0.084472656
