wind_kz.json
{"header": {"discipline":0,"disciplineName":"Meteorological products","gribEdition":2,"gribLength":1025,"center":7,"centerName":"US National Weather Service - NCEP(WMC)","subcenter":0,"refTime":"2023-08-10T18:00:00.000Z","significanceOfRT":1,"significanceOfRTName":"Start of forecast","productStatus":0,"productStatusName":"Operational products","productType":1,"productTypeName":"Forecast products","productDefinitionTemplate":0,"productDefinitionTemplateName":"Analysis/forecast at horizontal level/layer at a point in time","parameterCategory":2,"parameterCategoryName":"UnknownDiscipline_0_Category_2","parameterNumber":2,"parameterNumberName":"UnknownParameter_D0_C2_2","parameterUnit":"Unknown","genProcessType":2,"genProcessTypeName":"Forecast","forecastTime":120,"surface1Type":103,"surface1TypeName":"Specified height level above ground","surface1Value":10.0,"surface2Type":255,"surface2TypeName":"Missing","surface2Value":0.0,"gridDefinitionTemplate":0,"gridDefinitionTemplateName":"Latitude_Longitude","numberPoints":615,"shape":6,"shapeName":"Earth spherical with radius of 6,371,229.0 m","gridUnits":"degrees","resolution":48,"winds":"true","scanMode":64,"nx":41,"ny":15,"basicAngle":0,"lo1":47.0,"la1":41.0,"lo2":87.0,"la2":55.0,"dx":1.0,"dy":1.0}, "data":
[rows 0 to 14 of 15, columns 0 to 40 of 41]
-5.7154903,-0.8854901,2.04451,-2.80549,-2.1854901,-5.4654903,-5.8154902,-5.65549,-5.01549,-4.17549,-4.10549,-3.8854902,-3.1154902,-4.65549,-3.23549,-3.4454901,-3.97549,-4.4854903,-3.77549,-2.6754901,-3.6354902,-0.15549012,0.2645099,-1.8054901,-0.5454901,-2.57549,-2.8754902,-0.21549012,-0.2654901,0.75450987,-0.22549011,0.3745099,0.17450988,-1.4554901,-3.02549,-2.72549,0.4745099,-2.54549,-4.05549,-6.09549,-3.71549
1.5145099,0.5845099,-4.5254903,-3.5854902,-3.70549,-2.3854902,-6.7154903,-5.3154902,-3.79549,-2.8954902,-4.2954903,-5.22549,-3.5854902,-1.9054902,-2.6754901,-3.4354901,-3.4054902,-3.73549,-3.6854901,-2.28549,-3.9154902,-3.96549,-2.24549,-2.71549,-1.01549,1.2945099,-1.1254901,0.2645099,-4.87549,-0.3754901,-0.7754901,0.21450989,-0.17549011,0.11450989,0.7645099,0.7445099,-0.10549011,1.3245099,-1.5954901,-1.3754901,-0.93549013
0.5545099,-5.89549,-3.8954902,-3.54549,-0.06549011,-4.36549,-5.53549,-2.25549,-4.7954903,-5.76549,-4.53549,-3.8654902,-2.51549,-2.3654902,-2.1554902,-1.6454902,-4.45549,-4.2754903,-3.02549,-2.75549,-2.6154902,-3.48549,-5.97549,-9.46549,-4.5454903,-7.20549,-4.26549,-2.02549,-2.8554902,-0.6254901,0.23450989,1.1845099,-0.005490112,0.4745099,0.1945099,-3.74549,1.73451,-0.3454901,4.89451,2.93451,1.73451
-4.58549,-4.7354903,-3.27549,-1.0754901,-0.4654901,-2.6554902,-1.7054901,-4.26549,-3.22549,-4.72549,-3.05549,-1.7154901,-0.6454901,-0.5454901,-0.31549013,-0.055490114,-3.6254902,-4.19549,-4.0654902,-3.3654902,-2.07549,-6.03549,-2.8954902,-4.40549,-7.65549,-7.70549,-6.7554903,-7.18549,-3.3854902,-1.0854901,-0.7754901,-1.7554901,2.17451,4.58451,-0.23549011,-0.085490115,-1.5054901,1.8745099,-0.10549011,6.46451,4.10451
-2.9154902,-4.26549,-2.4254901,0.9345099,0.4745099,-1.7254901,-0.8954901,-2.6554902,-3.02549,-1.9954901,0.14450988,2.5645099,4.4745097,5.0145097,3.6645098,2.26451,-3.1854901,-3.8954902,-3.48549,-4.10549,-3.45549,-3.51549,-3.3654902,-3.9354901,-6.34549,-4.84549,-5.5254903,-3.6354902,-2.1254902,-2.53549,-2.21549,-2.53549,-1.9554901,1.4545099,0.50450987,-2.27549,0.07450989,1.48451,4.5345097,1.8445098,5.64451
-3.23549,-2.30549,-1.4954901,-1.4054902,1.0045099,-5.10549,-2.52549,-2.76549,-0.3754901,0.6845099,2.6045098,4.00451,5.10451,5.94451,4.2245097,4.14451,2.49451,-3.22549,-4.01549,-3.1154902,-3.49549,-3.28549,-3.24549,-3.75549,-3.82549,-3.29549,-1.8454901,-2.8754902,-0.7054901,1.4045099,0.044509888,1.6745099,1.2545099,0.9745099,0.6145099,-1.4554901,1.4945099,3.48451,4.33451,7.81451,3.3945098
-3.3554902,-1.7754902,-0.86549014,-0.15549012,1.48451,-0.3654901,0.17450988,0.39450988,1.5745099,3.3245099,4.48451,4.27451,3.68451,3.1445098,3.24451,4.42451,5.0145097,-1.4454901,-2.70549,-2.1854901,-2.03549,-2.4154902,-3.02549,-3.3354902,-2.51549,-2.30549,-1.9954901,-2.95549,-1.6754901,-1.6654902,-1.1054901,-0.8754901,-1.3854901,2.97451,1.1745099,-0.7654901,-0.8354901,0.8945099,1.6245099,-1.5354902,3.50451
0.8345099,2.1045098,1.5445099,1.8845099,0.8445099,2.28451,2.53451,3.4145098,3.24451,4.02451,4.1845098,2.94451,1.2545099,0.9345099,-0.18549012,1.6745099,1.8745099,-2.52549,-1.9154902,-1.8754901,-0.8554901,1.0345099,0.49450988,-0.8354901,-0.8354901,-0.5354901,0.75450987,-0.29549012,-0.18549012,-0.55549014,-0.7654901,-1.6854901,-1.4854901,-0.9554901,-1.0954901,0.2545099,1.1145099,-1.1854901,2.3345098,5.91451,-0.03549011
0.43450987,0.30450988,2.3645098,2.8045099,3.43451,3.00451,4.81451,5.59451,6.39451,6.2045097,3.95451,1.5445099,2.27451,1.98451,0.2945099,-1.1654902,1.1145099,0.094509885,-0.61549014,-0.3354901,0.6145099,2.17451,0.7245099,0.5445099,0.14450988,0.5545099,2.0945098,0.7845099,1.6945099,0.7245099,2.3245099,1.9745098,1.2545099,-0.5254901,1.1245099,0.8645099,0.4845099,-1.4854901,-0.2654901,0.56450987,0.034509886
1.1345099,2.76451,2.04451,1.3945099,0.9145099,5.16451,6.9945097,6.64451,5.94451,0.3245099,3.21451,1.9345099,1.9245099,2.00451,-2.8554902,-1.4654901,-2.0954902,-2.3554902,-1.2454901,1.1045098,1.9545099,2.1045098,3.74451,3.6645098,2.5645099,1.1345099,0.1945099,3.95451,3.96451,1.4645098,2.01451,2.01451,0.5245099,0.14450988,0.7045099,0.024509888,-1.7054901,0.5145099,-1.1154901,1.0945098,1.2045099
1.8245099,3.3545098,2.71451,3.4145098,3.24451,3.27451,3.1045098,3.5645099,3.17451,0.20450988,0.0045098877,0.36450988,2.1145098,-2.4154902,-3.24549,-1.8754901,-1.0754901,2.1045098,0.81450987,0.4445099,1.7945099,3.3445098,4.04451,1.9445099,0.8445099,1.8545098,3.3445098,3.5945098,3.6345098,3.95451,1.5145099,1.5745099,-0.5954901,0.33450988,0.69450986,-0.86549014,-0.6654901,0.49450988,-0.35549012,1.1545099,-0.4654901
2.18451,0.6245099,1.7845099,1.7545099,3.1245098,1.7545099,2.6545098,3.1545098,1.5045099,-0.9454901,-1.76549,1.0045099,-1.5454901,-2.1054902,-0.8454901,-0.7854901,0.11450989,-0.5354901,-2.47549,0.13450989,1.3945099,3.76451,2.67451,-0.7354901,3.19451,2.52451,2.69451,3.5845098,4.04451,4.2045097,-0.5954901,0.9045099,-0.3654901,-0.1954901,-0.11549011,0.7045099,0.3145099,-0.3954901,0.20450988,-0.2654901,0.81450987
2.29451,2.0945098,3.1245098,2.99451,2.70451,1.9545099,3.0545099,4.7845097,-0.15549012,-0.06549011,-1.0454901,-2.57549,-1.8354901,-1.9554901,0.27450988,1.8245099,0.6445099,1.9045099,2.42451,3.1145098,3.3045099,4.48451,2.8445098,0.2945099,4.0345097,1.8345098,1.2745099,2.96451,2.3545098,-0.9554901,-1.5954901,0.3245099,0.7645099,0.3545099,0.7845099,1.1145099,1.9245099,0.18450989,1.0145099,1.4045099,0.18450989
3.46451,3.01451,3.27451,2.95451,3.8045099,2.3445098,2.0845098,-1.1854901,-0.7854901,-0.3654901,-1.8754901,-1.9954901,-0.74549013,-1.5454901,1.1245099,1.7945099,1.8945099,2.5645099,3.0545099,3.68451,4.2845097,0.45450988,-0.7654901,1.2845099,1.73451,0.3545099,1.0445099,2.3245099,1.2545099,-2.5954902,1.9045099,0.8745099,1.0445099,1.6145099,1.4745098,1.6945099,1.2745099,0.81450987,0.14450988,0.7245099,0.024509888
1.6845099,4.02451,5.94451,2.48451,3.5545099,1.9945099,0.9845099,-0.1954901,0.5245099,-4.11549,-0.3754901,-0.7854901,-0.55549014,0.88450986,2.01451,1.6345099,1.2845099,2.67451,2.3245099,1.0045099,-1.6454902,-0.9854901,0.5845099,1.3845099,2.77451,2.54451,2.5545099,2.0545099,1.8945099,1.4645098,1.3945099,2.78451,1.0745099,1.1645099,1.9645098,0.88450986,0.57450986,1.73451,1.5145099,0.69450986,-0.74549013
