wind_kz.json
{"header": {"discipline":0,"disciplineName":"Meteorological products","gribEdition":2,"gribLength":1025,"center":7,"centerName":"US National Weather Service - NCEP(WMC)","subcenter":0,"refTime":"2023-10-02T06:00:00.000Z","significanceOfRT":1,"significanceOfRTName":"Start of forecast","productStatus":0,"productStatusName":"Operational products","productType":1,"productTypeName":"Forecast products","productDefinitionTemplate":0,"productDefinitionTemplateName":"Analysis/forecast at horizontal level/layer at a point in time","parameterCategory":2,"parameterCategoryName":"UnknownDiscipline_0_Category_2","parameterNumber":2,"parameterNumberName":"UnknownParameter_D0_C2_2","parameterUnit":"Unknown","genProcessType":2,"genProcessTypeName":"Forecast","forecastTime":0,"surface1Type":103,"surface1TypeName":"Specified height level above ground","surface1Value":10.0,"surface2Type":255,"surface2TypeName":"Missing","surface2Value":0.0,"gridDefinitionTemplate":0,"gridDefinitionTemplateName":"Latitude_Longitude","numberPoints":615,"shape":6,"shapeName":"Earth spherical with radius of 6,371,229.0 m","gridUnits":"degrees","resolution":48,"winds":"true","scanMode":64,"nx":41,"ny":15,"basicAngle":0,"lo1":47.0,"la1":41.0,"lo2":87.0,"la2":55.0,"dx":1.0,"dy":1.0}, "data":
[rows 0 to 14 of 15, columns 0 to 40 of 41]
-0.62061036,1.6093897,-0.96061033,-2.4806104,-1.6606103,-5.8106103,-6.97061,-7.49061,-9.07061,-6.6006103,-6.5706105,-5.62061,-4.8306103,-3.5406103,-2.3806105,-1.3406104,-0.9006103,-1.3606104,-0.93061036,0.5293896,0.72938967,-0.5906103,0.25938964,2.0893896,-1.7306104,-0.23061036,2.1293898,3.0993896,0.21938965,1.2393897,-1.7606103,1.0893897,0.40938964,-1.3006103,-1.8106103,-0.07061035,0.5193896,-0.08061035,-1.0006104,-1.3006103,-1.4606104
1.4593897,-1.0206103,-5.0706105,-4.1006103,-5.95061,-7.18061,-6.0106106,-7.6306105,-6.68061,-6.93061,-6.8306103,-5.7506104,-4.2306104,-2.5306103,-0.82061034,0.27938965,0.29938966,0.28938964,0.87938964,0.039389648,1.4693897,1.7393897,1.9393897,3.5493896,2.1993897,0.18938965,1.1393896,1.4693897,3.7593896,1.1893897,0.39938965,0.81938964,-1.4506104,0.8493897,0.5293896,1.4093896,1.2293897,0.059389647,-0.62061036,-1.3506104,-1.2906103
-3.4306104,-5.0906105,-6.2306104,-6.62061,-7.49061,-6.5706105,-6.72061,-5.4606104,-6.4206104,-5.4006104,-6.0706105,-4.74061,-4.2306104,-3.7206104,-2.2906103,-1.3306104,-0.5306103,-0.81061035,1.0093896,0.74938965,-0.9106104,0.38938963,0.48938966,4.4493895,0.67938966,1.5393896,1.4293896,1.9393897,2.6793897,0.62938964,1.9293896,-1.8606104,-0.33061036,0.39938965,0.10938965,0.9693897,0.7093896,0.49938965,0.06938965,3.8793898,3.7493896
-6.9206104,-7.4606104,-7.0506105,-6.91061,-5.72061,-5.3106103,-4.93061,-3.3206103,-3.5306103,-4.0406103,-4.7106104,-5.8406105,-5.4806104,-5.1306105,-2.7406104,-2.0306103,-1.7506104,-1.9206103,-2.0206103,-2.6506104,-1.1506103,-0.6006104,1.7293897,2.8793898,3.7793896,4.6593895,5.2693896,4.79939,4.4293895,-0.46061036,-1.7506104,-0.39061034,-0.81061035,2.0293896,0.25938964,-0.75061035,0.14938965,1.4393897,-1.9406104,-2.5406103,-2.8706102
-7.0006104,-7.0106106,-6.7106104,-5.5706105,-3.5806103,-3.4606104,-1.7806103,-1.5906104,-1.4306103,-2.3006103,-4.3206105,-6.1906104,-5.3206105,-4.4206104,-1.9106103,-0.96061033,-0.68061036,0.62938964,-0.76061034,-0.48061034,-1.1706103,0.019389648,1.6993897,3.5093896,6.2193894,6.6993895,7.04939,6.87939,6.6693897,4.04939,2.0193896,2.6693897,1.7493896,1.5793897,-2.2006104,-1.9506104,-2.7006104,-4.7706103,-3.1506104,-3.1906104,-3.0806103
-5.1706104,-4.47061,-4.45061,-4.4006104,-3.3606102,-3.0606103,-3.2706103,-4.5406103,-5.1106105,-4.64061,-4.37061,-4.9006104,-4.70061,-4.7306104,-2.8406103,-2.2206104,-0.69061035,0.38938963,-0.11061035,-0.9806104,-0.14061035,1.0393896,2.6893897,3.0193896,4.4493895,5.62939,6.1693897,1.6493896,4.4093895,-3.4406104,-4.7706103,-4.7306104,-3.7906103,-3.2406104,-1.0506103,-4.7806106,-0.020610351,-2.5106103,-3.3706102,-3.6506104,-2.9206104
-3.8806105,-3.6406105,-3.3006103,-2.1006103,-2.1406105,-2.8406103,-2.6106102,-2.8806105,-3.5006104,-4.3306103,-4.4606104,-5.5206103,-4.3006105,-3.3906105,-3.1306105,-2.6706104,-2.8506103,-2.3206103,-1.8306104,-1.5306103,-1.7706103,0.06938965,0.57938963,1.5093896,2.7793896,1.1293896,-1.6606103,-4.0506105,-6.5406103,-6.5606103,-7.3006105,-7.3406105,-5.7906103,-5.0306106,-4.7606106,-2.8806105,-1.0106103,-2.1706104,-0.48061034,0.8493897,-1.5006104
-3.5206103,-3.6906104,-3.6606104,-2.6606104,-3.5906103,-2.8906105,-3.6506104,-4.2806106,-4.8006105,-5.43061,-4.7106104,-4.9606104,-3.8106103,-3.4406104,-3.3306103,-3.6706104,-3.9306104,-3.7306104,-2.8806105,-2.8206103,-3.8506103,-3.0806103,-1.5706104,0.019389648,-0.7206104,-1.1306103,-3.6806104,-5.7906103,-8.5906105,-6.7106104,-8.48061,-4.8406105,-4.68061,-3.9306104,-3.6306105,-4.0806103,-2.5306103,-1.3006103,-3.1706104,-2.2806103,-0.28061035
-3.1006103,-2.8006103,-3.3506103,-3.8906105,-3.9806104,-3.5506103,-3.9306104,-4.8406105,-5.72061,-4.5106106,-3.7406104,-3.5706103,-2.9906104,-2.7306104,-2.9006104,-3.3606102,-3.7406104,-3.6306105,-4.16061,-4.18061,-4.68061,-5.1106105,-5.47061,-4.7306104,-6.4406104,-5.3806105,-5.9006104,-5.37061,-7.93061,-9.54061,-6.7706103,-6.0106106,-5.5006104,-3.6306105,-2.5006104,-2.4906104,-2.9406104,0.059389647,1.0793897,-0.33061036,-0.5406104
-2.3906105,-2.1906104,-2.3506103,-2.2906103,-2.9406104,-4.1106105,-4.2806106,-4.0706105,-2.8406103,-2.6206102,-2.5106103,-2.5706103,-2.1906104,-2.7406104,-3.4506104,-3.3206103,-4.3106103,-3.7306104,-3.4406104,-5.3006105,-5.7506104,-5.1106105,-6.1106105,-8.48061,-7.7706103,-8.720611,-7.95061,-5.5906105,-7.7706103,-7.97061,-6.0906105,-5.0306106,-3.5606103,-3.2206104,-2.5006104,-2.8606102,-0.090610355,-0.9706104,0.039389648,-0.15061036,-0.7306104
-1.2906103,-0.9806104,-1.6006104,-2.2606103,-2.3206103,-2.4206104,-2.7306104,-2.7506104,-1.4406104,-2.5006104,-2.2206104,-1.8606104,-0.52061033,-2.1606104,-2.0106103,-3.0606103,-3.2506104,-3.2306104,-3.8106103,-5.3306103,-4.7306104,-5.8306103,-6.1006103,-6.5406103,-6.3406105,-6.9606104,-7.6506104,-6.8306103,-6.7906103,-5.6006103,-5.0406103,-4.3206105,-4.3006105,-3.7606103,-3.0806103,-0.090610355,0.6493896,-0.8406103,0.059389647,-0.75061035,0.5293896
-0.07061035,0.39938965,0.35938966,-0.48061034,-1.6706103,-1.9206103,-2.0006104,-2.4206104,-2.1606104,-1.8206104,-0.04061035,-1.3606104,-1.2406104,-0.17061035,-1.1306103,-1.7606103,-2.3206103,-2.7306104,-3.0406103,-3.0506103,-4.0306106,-4.3606105,-4.7806106,-4.8006105,-5.14061,-5.1906104,-4.9006104,-4.2606106,-4.1706104,-3.7506104,-3.3806105,-3.5506103,-2.7906103,-2.9706104,-2.5706103,-2.9206104,-2.9206104,-2.1906104,-1.0206103,-0.51061034,-0.33061036
1.8193897,2.0893896,2.1693897,1.7693896,1.3993896,0.13938965,0.25938964,0.009389648,0.15938964,-0.21061035,0.36938965,1.4793897,0.97938967,1.3993896,0.8393896,0.20938964,-0.41061035,-0.7206104,-1.4606104,-1.5306103,-1.0606103,-1.6506103,-1.9806104,-2.4206104,-2.6806104,-3.1806104,-3.0406103,-3.4106104,-3.1506104,-3.1506104,-2.9306104,-2.7506104,-3.0006104,-2.2606103,-2.0906103,-1.8106103,-1.2206104,-0.03061035,0.09938965,0.40938964,1.2793896
3.9393897,3.6693897,2.1493897,3.4293897,2.2193897,2.1593897,2.7693896,3.1093895,1.4993896,0.99938965,1.2893896,1.2993896,2.4793897,2.8893898,1.9293896,1.9493897,1.5893897,1.2093897,1.0293896,0.74938965,0.029389648,-0.12061035,-0.37061036,-0.70061034,-0.42061034,-0.6506103,-0.80061036,-1.6506103,-1.7706103,-1.8406104,-1.7906103,-1.4906104,-0.99061036,-0.7906104,-0.26061034,-0.17061035,-0.010610351,0.5293896,1.4293896,1.4293896,0.73938966
1.2393897,2.6993897,3.7793896,4.00939,4.4193897,4.1793895,5.8693895,5.2193894,4.8893895,2.1893897,0.25938964,4.2693896,2.3193896,1.4093896,4.4093895,3.7093897,3.4493897,3.4293897,2.6593897,2.5993896,2.1693897,1.8793896,1.4493897,1.6393896,1.8693897,2.0093896,1.8893896,1.6193897,1.1893897,1.1993897,1.0493896,2.2293897,2.0393896,2.1893897,2.4893897,2.5493896,2.3693895,2.9293897,2.6193895,2.5393896,1.5793897
