wind_kz.json
{"header": {"discipline":0,"disciplineName":"Meteorological products","gribEdition":2,"gribLength":871,"center":7,"centerName":"US National Weather Service - NCEP(WMC)","subcenter":0,"refTime":"2024-03-19T18:00:00.000Z","significanceOfRT":1,"significanceOfRTName":"Start of forecast","productStatus":0,"productStatusName":"Operational products","productType":1,"productTypeName":"Forecast products","productDefinitionTemplate":0,"productDefinitionTemplateName":"Analysis/forecast at horizontal level/layer at a point in time","parameterCategory":0,"parameterCategoryName":"UnknownDiscipline_0_Category_0","parameterNumber":0,"parameterNumberName":"UnknownParameter_D0_C0_0","parameterUnit":"Unknown","genProcessType":2,"genProcessTypeName":"Forecast","forecastTime":60,"surface1Type":1,"surface1TypeName":"Ground or water surface","surface1Value":0.0,"surface2Type":255,"surface2TypeName":"Missing","surface2Value":0.0,"gridDefinitionTemplate":0,"gridDefinitionTemplateName":"Latitude_Longitude","numberPoints":615,"shape":6,"shapeName":"Earth spherical with radius of 6,371,229.0 m","gridUnits":"degrees","resolution":48,"winds":"true","scanMode":64,"nx":41,"ny":15,"basicAngle":0,"lo1":47.0,"la1":41.0,"lo2":87.0,"la2":55.0,"dx":1.0,"dy":1.0}, "data":
[rows 0 to 14 of 15, columns 0 to 40 of 41]
283.78925,276.78925,278.98923,280.18924,280.98923,282.08923,287.68924,287.58923,289.38922,287.78925,286.18924,282.98923,282.18924,282.08923,282.68924,285.18924,286.58923,292.28925,291.48923,287.78925,297.98923,295.78925,295.78925,287.58923,289.58923,286.98923,285.68924,273.18924,273.98923,273.78925,278.68924,275.98923,280.18924,294.58923,296.68924,295.88922,296.48923,294.98923,298.68924,292.88922,289.78925
269.88922,282.48923,280.38922,280.48923,280.68924,281.18924,289.78925,288.68924,288.88922,288.78925,288.98923,288.18924,288.48923,282.48923,280.98923,281.58923,282.98923,282.48923,281.98923,288.18924,292.48923,292.38922,288.88922,280.88922,273.18924,272.68924,273.38922,273.18924,273.18924,271.58923,280.68924,271.18924,277.28925,264.18924,272.48923,289.18924,294.18924,295.18924,295.68924,287.38922,273.18924
284.88922,278.38922,280.18924,280.48923,280.28925,286.48923,287.18924,288.08923,288.48923,286.48923,286.18924,287.38922,287.78925,289.78925,287.68924,287.48923,286.18924,286.28925,283.98923,282.38922,281.78925,282.18924,282.38922,277.88922,291.48923,289.48923,286.98923,283.48923,280.88922,274.78925,273.18924,273.48923,274.48923,275.48923,273.18924,282.68924,273.18924,273.38922,282.98923,280.28925,274.38922
285.58923,277.98923,278.88922,279.58923,281.08923,285.78925,286.08923,286.48923,286.78925,287.88922,287.28925,285.58923,282.68924,283.38922,286.78925,286.88922,285.78925,286.68924,281.78925,282.08923,282.88922,277.18924,289.98923,285.08923,282.98923,288.38922,287.98923,282.28925,282.18924,280.28925,280.28925,278.38922,290.58923,295.88922,293.38922,284.08923,273.28925,270.08923,279.58923,284.18924,292.18924
285.38922,277.38922,277.18924,277.58923,281.28925,287.08923,285.88922,290.28925,287.18924,286.58923,284.68924,284.88922,280.88922,280.68924,279.68924,287.58923,285.58923,286.28925,280.98923,277.78925,277.68924,277.48923,277.58923,278.28925,278.68924,279.28925,278.68924,278.08923,282.28925,284.78925,283.38922,281.28925,272.98923,272.58923,283.98923,281.08923,284.78925,294.58923,288.78925,280.18924,285.08923
285.48923,286.58923,276.68924,275.08923,271.48923,272.58923,286.68924,285.38922,283.58923,283.18924,281.58923,282.48923,280.68924,280.48923,279.48923,286.98923,286.18924,287.48923,285.68924,280.88922,276.88922,277.88922,278.98923,277.58923,277.58923,274.68924,274.18924,273.08923,277.28925,279.68924,283.08923,281.48923,285.98923,280.18924,277.98923,280.58923,273.78925,273.88922,281.58923,278.08923,279.48923
285.18924,286.08923,286.28925,286.58923,280.08923,282.38922,284.18924,280.78925,280.78925,279.58923,280.98923,280.28925,281.58923,281.68924,283.68924,283.68924,285.38922,284.38922,284.68924,283.48923,275.38922,274.68924,276.88922,278.58923,273.18924,273.18924,273.18924,273.18924,273.68924,275.68924,274.78925,275.48923,275.08923,277.48923,274.38922,274.08923,273.68924,276.88922,273.18924,276.38922,284.68924
281.18924,283.88922,281.18924,280.18924,280.38922,281.18924,280.88922,279.38922,279.58923,278.78925,277.98923,277.98923,281.18924,281.08923,282.58923,282.08923,283.08923,281.08923,278.88922,280.28925,274.18924,274.78925,271.98923,276.68924,274.08923,273.28925,273.08923,273.18924,271.98923,273.08923,272.38922,272.88922,271.98923,270.48923,273.18924,272.18924,273.18924,273.08923,281.28925,284.48923,279.78925
278.98923,278.78925,279.38922,280.28925,279.58923,279.88922,280.08923,277.48923,276.48923,271.48923,270.88922,270.78925,270.18924,273.38922,271.78925,278.98923,279.58923,279.98923,271.98923,272.18924,271.88922,270.98923,271.18924,270.98923,270.58923,271.58923,272.18924,272.28925,271.78925,271.88922,270.08923,271.08923,276.58923,275.68924,274.38922,273.18924,272.78925,272.98923,271.58923,272.78925,271.18924
276.38922,275.38922,275.98923,276.78925,277.38922,272.58923,272.38922,271.28925,270.88922,271.68924,269.98923,269.78925,270.68924,269.48923,269.58923,269.78925,270.48923,271.78925,270.88922,271.38922,269.88922,269.68924,270.08923,270.98923,271.18924,271.28925,274.68924,272.18924,269.98923,270.08923,273.78925,278.88922,280.18924,277.38922,272.38922,270.58923,273.18924,273.18924,273.18924,275.08923,273.28925
274.48923,272.88922,273.88922,270.68924,271.48923,271.18924,270.98923,271.38922,271.98923,271.08923,272.08923,272.98923,269.88922,271.48923,269.88922,270.58923,270.68924,270.98923,270.28925,269.18924,270.08923,271.28925,270.68924,270.38922,270.68924,270.98923,271.28925,282.68924,285.38922,284.68924,279.88922,272.88922,279.58923,279.28925,272.18924,270.98923,273.38922,277.28925,279.08923,279.28925,273.38922
273.78925,270.38922,269.88922,269.38922,269.48923,269.08923,269.98923,270.68924,269.18924,272.58923,273.48923,272.78925,268.98923,269.28925,269.18924,268.58923,268.98923,270.08923,270.68924,270.98923,270.58923,270.18924,269.78925,270.48923,272.38922,271.18924,272.38922,278.88922,276.68924,278.48923,273.08923,270.68924,278.88922,269.68924,276.78925,270.98923,276.38922,278.28925,275.58923,274.78925,275.48923
272.78925,272.68924,273.08923,273.18924,274.08923,275.38922,271.38922,268.58923,271.28925,270.58923,274.48923,275.58923,270.48923,270.08923,268.88922,267.68924,267.68924,268.08923,269.18924,269.28925,269.58923,270.68924,272.58923,271.48923,271.98923,270.38922,270.38922,269.58923,269.78925,271.08923,270.28925,269.18924,269.58923,268.88922,269.18924,269.18924,270.68924,272.08923,270.08923,268.48923,271.28925
272.68924,272.68924,273.08923,271.68924,272.18924,272.68924,272.18924,271.48923,272.08923,272.48923,274.08923,273.78925,273.78925,269.98923,269.18924,267.58923,269.08923,268.98923,268.48923,269.78925,270.58923,270.68924,269.88922,269.88922,269.48923,269.68924,269.88922,270.08923,271.98923,272.78925,272.58923,272.28925,272.48923,270.78925,272.58923,272.38922,272.18924,271.38922,270.38922,269.88922,270.48923
273.18924,272.58923,273.18924,272.68924,272.48923,271.98923,271.58923,272.08923,271.88922,273.58923,271.08923,272.38922,274.28925,274.68924,274.18924,272.08923,271.68924,272.48923,272.48923,271.78925,271.78925,273.08923,273.18924,273.18924,273.08923,271.98923,271.98923,272.08923,273.18924,273.18924,271.18924,269.58923,269.48923,270.88922,271.48923,271.38922,272.28925,270.68924,268.98923,268.78925,269.58923
