wind_kz.json
{"header": {"discipline":0,"disciplineName":"Meteorological products","gribEdition":2,"gribLength":948,"center":7,"centerName":"US National Weather Service - NCEP(WMC)","subcenter":0,"refTime":"2023-09-23T12:00:00.000Z","significanceOfRT":1,"significanceOfRTName":"Start of forecast","productStatus":0,"productStatusName":"Operational products","productType":1,"productTypeName":"Forecast products","productDefinitionTemplate":0,"productDefinitionTemplateName":"Analysis/forecast at horizontal level/layer at a point in time","parameterCategory":0,"parameterCategoryName":"UnknownDiscipline_0_Category_0","parameterNumber":0,"parameterNumberName":"UnknownParameter_D0_C0_0","parameterUnit":"Unknown","genProcessType":2,"genProcessTypeName":"Forecast","forecastTime":120,"surface1Type":1,"surface1TypeName":"Ground or water surface","surface1Value":0.0,"surface2Type":255,"surface2TypeName":"Missing","surface2Value":0.0,"gridDefinitionTemplate":0,"gridDefinitionTemplateName":"Latitude_Longitude","numberPoints":615,"shape":6,"shapeName":"Earth spherical with radius of 6,371,229.0 m","gridUnits":"degrees","resolution":48,"winds":"true","scanMode":64,"nx":41,"ny":15,"basicAngle":0,"lo1":47.0,"la1":41.0,"lo2":87.0,"la2":55.0,"dx":1.0,"dy":1.0}, "data":
[rows 0 to 14 of 15, columns 0 to 40 of 41]
305.32986,292.92987,299.62985,294.62985,294.72986,294.02985,304.52985,311.02985,308.42987,307.22986,304.92987,304.62985,303.72986,303.72986,303.92987,303.12985,302.52985,302.22986,303.12985,303.12985,303.92987,301.22986,300.32986,295.32986,298.52985,300.22986,293.42987,280.52985,277.72986,277.92987,277.02985,275.72986,287.72986,294.92987,297.22986,296.52985,297.02985,296.32986,295.62985,295.02985,292.52985
284.62985,298.42987,294.42987,294.52985,293.92987,294.02985,311.42987,307.52985,306.02985,305.12985,305.52985,304.22986,304.22986,302.92987,303.02985,302.52985,302.12985,302.82986,301.02985,301.82986,301.62985,300.72986,298.32986,289.12985,279.82986,278.92987,288.22986,281.52985,282.32986,275.72986,281.02985,271.92987,280.72986,265.52985,278.22986,293.22986,291.12985,292.22986,295.62985,287.22986,284.52985
301.42987,293.52985,294.02985,293.72986,292.32986,307.42987,306.32986,305.92987,305.02985,303.92987,303.52985,303.72986,302.32986,298.12985,301.72986,301.52985,301.42987,300.52985,300.72986,300.32986,301.52985,300.12985,300.42987,294.02985,298.32986,295.72986,295.32986,295.22986,293.02985,284.12985,274.52985,276.72986,282.92987,283.92987,285.22986,283.82986,275.52985,278.32986,278.82986,272.42987,270.42987
302.12985,292.82986,293.92987,293.12985,296.92987,305.72986,304.82986,304.82986,304.42987,303.12985,301.82986,300.52985,292.22986,291.22986,298.82986,298.52985,298.22986,300.72986,300.12985,299.22986,298.52985,295.82986,299.02985,299.72986,299.92987,299.52985,299.22986,295.42987,293.12985,295.72986,295.42987,290.92987,294.32986,293.02985,293.02985,288.72986,272.12985,264.12985,279.12985,286.12985,289.12985
303.12985,292.52985,292.92987,292.32986,296.92987,303.12985,303.82986,304.62985,302.12985,301.22986,300.72986,300.32986,290.92987,290.12985,288.22986,299.92987,299.22986,297.02985,297.92987,297.32986,297.92987,298.92987,298.52985,298.92987,298.62985,298.42987,297.02985,295.52985,297.32986,296.02985,297.02985,293.02985,281.52985,270.42987,282.32986,289.12985,291.92987,293.32986,292.22986,292.62985,291.82986
305.82986,303.82986,291.52985,292.02985,292.32986,292.02985,302.72986,302.82986,300.42987,301.12985,300.02985,299.62985,291.82986,291.72986,294.82986,299.42987,296.42987,297.42987,297.32986,297.32986,296.32986,296.42987,296.42987,295.82986,295.92987,295.72986,298.22986,288.42987,297.52985,297.02985,294.22986,295.02985,292.82986,291.12985,288.12985,290.02985,284.42987,286.22986,290.52985,290.42987,290.42987
306.32986,306.32986,305.72986,305.42987,300.12985,302.02985,302.32986,300.52985,301.72986,301.62985,299.52985,298.52985,298.62985,299.72986,294.52985,296.02985,295.92987,296.52985,296.32986,295.12985,294.92987,295.52985,294.92987,294.42987,293.22986,294.52985,294.12985,295.22986,294.32986,294.52985,294.62985,293.62985,292.52985,292.52985,290.42987,288.82986,282.92987,280.42987,271.42987,272.42987,284.42987
305.62985,305.12985,304.32986,303.22986,302.62985,301.62985,300.92987,300.12985,299.92987,299.52985,298.32986,297.52985,296.32986,296.92987,293.72986,291.92987,294.72986,295.12985,294.82986,292.22986,292.92987,291.22986,291.92987,291.92987,290.52985,288.82986,289.52985,290.82986,289.02985,291.02985,290.92987,291.42987,289.62985,286.62985,285.72986,285.62985,285.62985,286.92987,284.22986,283.52985,278.62985
303.22986,301.42987,301.12985,299.92987,299.32986,299.12985,298.62985,298.02985,297.02985,296.42987,295.62985,295.42987,294.72986,292.92987,292.22986,292.52985,293.32986,294.42987,293.12985,292.72986,289.32986,289.92987,290.32986,289.12985,288.52985,288.22986,287.12985,287.62985,286.92987,285.72986,285.82986,287.52985,288.32986,288.22986,287.62985,283.22986,281.12985,279.72986,262.82986,262.02985,259.82986
301.12985,300.42987,299.32986,298.42987,298.22986,298.02985,297.22986,296.42987,295.32986,294.82986,293.72986,293.32986,293.32986,293.02985,290.12985,293.72986,291.82986,292.42987,290.22986,289.02985,289.02985,288.82986,289.12985,288.52985,288.62985,285.92987,286.02985,287.12985,287.42987,287.72986,287.42987,288.42987,289.62985,289.32986,286.62985,285.02985,281.32986,273.82986,269.02985,267.52985,264.52985
298.72986,298.42987,297.12985,296.82986,296.62985,296.22986,295.72986,295.62985,294.52985,293.62985,292.02985,289.22986,288.82986,287.92987,289.22986,290.72986,289.62985,290.52985,288.52985,286.62985,285.82986,286.02985,287.92987,287.92987,287.52985,286.62985,281.72986,283.42987,284.82986,288.72986,289.92987,289.22986,288.12985,289.22986,286.62985,283.32986,276.72986,270.72986,272.12985,273.22986,271.82986
297.12985,296.42987,297.02985,296.32986,295.32986,294.82986,294.12985,293.32986,292.92987,292.22986,289.22986,288.22986,288.62985,285.22986,286.82986,287.02985,288.62985,288.92987,287.72986,285.52985,283.52985,283.42987,285.22986,286.02985,284.82986,287.42987,287.42987,288.02985,286.82986,287.42987,287.92987,286.92987,285.92987,284.32986,285.22986,285.02985,283.02985,281.22986,279.82986,279.72986,277.52985
293.52985,295.02985,294.72986,295.22986,293.92987,293.22986,293.22986,292.92987,291.42987,290.02985,286.82986,284.52985,286.72986,285.02985,287.02985,288.22986,288.32986,287.92987,289.02985,286.42987,285.42987,284.22986,282.32986,281.52985,286.12985,286.42987,287.42987,286.12985,286.52985,286.72986,288.52985,286.42987,283.22986,283.42987,282.82986,282.42987,281.32986,282.62985,281.02985,279.42987,279.52985
294.92987,294.52985,290.52985,294.12985,293.12985,292.72986,291.42987,288.32986,290.22986,289.32986,286.12985,283.42987,283.72986,284.32986,284.52985,286.92987,285.52985,284.82986,285.92987,285.42987,284.32986,283.22986,284.32986,283.22986,287.12985,287.02985,285.82986,285.62985,284.72986,284.62985,284.52985,285.52985,284.72986,282.72986,281.82986,280.92987,280.42987,280.72986,281.12985,279.92987,281.62985
292.82986,294.42987,286.92987,292.52985,292.52985,290.22986,289.92987,290.82986,290.92987,289.82986,287.82986,285.02985,281.12985,283.62985,283.12985,283.72986,283.42987,283.52985,283.12985,283.02985,282.12985,281.82986,281.82986,282.42987,282.62985,283.52985,285.12985,284.52985,284.22986,283.12985,283.52985,283.72986,282.72986,283.12985,282.72986,282.52985,280.82986,279.42987,280.02985,280.42987,280.42987
