wind_kz.json
{"header": {"discipline":0,"disciplineName":"Meteorological products","gribEdition":2,"gribLength":871,"center":7,"centerName":"US National Weather Service - NCEP(WMC)","subcenter":0,"refTime":"2023-09-23T00:00:00.000Z","significanceOfRT":1,"significanceOfRTName":"Start of forecast","productStatus":0,"productStatusName":"Operational products","productType":1,"productTypeName":"Forecast products","productDefinitionTemplate":0,"productDefinitionTemplateName":"Analysis/forecast at horizontal level/layer at a point in time","parameterCategory":0,"parameterCategoryName":"UnknownDiscipline_0_Category_0","parameterNumber":0,"parameterNumberName":"UnknownParameter_D0_C0_0","parameterUnit":"Unknown","genProcessType":2,"genProcessTypeName":"Forecast","forecastTime":180,"surface1Type":1,"surface1TypeName":"Ground or water surface","surface1Value":0.0,"surface2Type":255,"surface2TypeName":"Missing","surface2Value":0.0,"gridDefinitionTemplate":0,"gridDefinitionTemplateName":"Latitude_Longitude","numberPoints":615,"shape":6,"shapeName":"Earth spherical with radius of 6,371,229.0 m","gridUnits":"degrees","resolution":48,"winds":"true","scanMode":64,"nx":41,"ny":15,"basicAngle":0,"lo1":47.0,"la1":41.0,"lo2":87.0,"la2":55.0,"dx":1.0,"dy":1.0}, "data":
[rows 0 to 14 of 15, columns 0 to 40 of 41]
303.6634,292.0634,297.36337,293.6634,293.5634,293.0634,301.36337,305.36337,301.46338,301.6634,299.76337,299.6634,299.1634,298.86337,298.6634,297.96338,298.1634,298.6634,300.5634,299.46338,303.26337,299.36337,298.96338,293.5634,297.96338,300.1634,294.36337,281.96338,282.26337,281.26337,280.46338,278.6634,289.0634,295.0634,295.86337,295.5634,295.96338,294.5634,292.86337,293.36337,290.86337
288.46338,296.6634,293.0634,293.5634,293.0634,292.46338,304.96338,301.6634,300.36337,299.5634,299.96338,297.5634,297.36337,297.5634,297.76337,298.1634,298.5634,299.6634,293.86337,298.0634,299.36337,298.5634,296.96338,286.5634,278.46338,278.26337,288.86337,282.5634,283.46338,277.6634,281.46338,271.1634,281.96338,254.76338,277.6634,291.46338,291.96338,291.26337,295.76337,286.96338,284.26337
298.0634,292.76337,293.36337,293.1634,291.36337,302.0634,300.6634,300.1634,298.96338,297.86337,297.26337,296.36337,292.26337,295.0634,294.26337,296.86337,295.5634,294.1634,299.5634,299.0634,298.76337,296.76337,296.46338,290.6634,292.6634,288.36337,290.46338,291.96338,292.1634,283.6634,274.86337,279.0634,283.46338,284.86337,285.96338,284.46338,278.0634,279.36337,280.46338,277.26337,273.76337
298.5634,292.26337,293.26337,292.26337,294.26337,299.96338,299.96338,298.76337,298.86337,298.0634,297.6634,294.86337,290.96338,290.36337,294.36337,296.6634,293.86337,296.5634,297.1634,294.76337,293.76337,291.96338,294.96338,297.26337,296.0634,294.86337,294.6634,290.76337,292.86337,294.46338,296.5634,292.46338,296.76337,295.86337,295.0634,289.5634,277.36337,269.26337,280.26337,289.0634,291.76337
298.86337,291.96338,292.26337,291.36337,295.0634,299.6634,299.76337,300.26337,298.5634,297.5634,297.26337,295.5634,289.76337,288.76337,287.36337,297.26337,297.26337,295.86337,288.26337,293.96338,290.5634,295.26337,293.76337,296.46338,294.36337,294.86337,292.1634,292.5634,296.86337,295.96338,297.46338,294.6634,281.6634,274.1634,285.36337,292.6634,292.96338,294.76337,295.36337,295.46338,295.1634
299.6634,296.96338,290.76337,291.1634,291.0634,290.76337,300.46338,299.86337,297.86337,297.76337,297.46338,296.1634,290.36337,289.5634,292.36337,296.0634,297.46338,294.36337,295.96338,292.5634,291.6634,293.5634,296.76337,297.0634,290.0634,291.76337,293.1634,287.96338,294.46338,296.36337,294.96338,294.86337,293.86337,293.0634,289.6634,291.36337,284.26337,287.86337,293.26337,292.6634,294.46338
300.46338,299.96338,299.26337,299.5634,297.1634,299.96338,300.5634,298.46338,298.26337,298.0634,296.86337,295.86337,294.86337,294.0634,294.0634,295.6634,294.6634,297.36337,294.6634,297.76337,296.46338,297.6634,297.5634,297.0634,291.26337,292.46338,291.0634,290.96338,293.76337,295.1634,294.0634,293.26337,292.96338,293.6634,293.5634,291.26337,285.5634,281.86337,279.96338,279.76337,289.36337
300.1634,299.76337,299.86337,299.5634,300.0634,299.86337,300.0634,298.6634,297.46338,296.46338,295.36337,294.76337,293.76337,293.46338,294.6634,294.5634,294.6634,295.46338,295.86337,292.76337,294.0634,294.36337,295.0634,295.26337,291.76337,290.36337,288.6634,287.36337,288.86337,292.96338,290.86337,290.76337,288.86337,286.6634,286.76337,288.76337,289.5634,286.86337,288.96338,289.6634,285.26337
299.6634,298.46338,298.76337,298.46338,297.96338,298.1634,297.76337,297.1634,296.0634,295.36337,294.1634,293.36337,292.36337,293.1634,292.36337,293.6634,293.26337,293.5634,292.5634,292.36337,289.6634,289.26337,291.36337,293.36337,292.5634,291.26337,289.26337,288.26337,287.36337,287.26337,288.26337,286.6634,287.0634,287.26337,286.6634,285.26337,286.46338,284.46338,269.96338,274.1634,269.5634
299.0634,298.96338,298.86337,298.6634,298.26337,297.86337,297.1634,296.1634,295.36337,294.6634,293.36337,291.96338,292.36337,291.96338,291.6634,291.5634,291.96338,292.0634,291.46338,291.26337,289.6634,289.36337,289.6634,291.6634,291.76337,290.26337,289.5634,289.26337,287.96338,286.6634,286.86337,287.46338,288.26337,288.0634,287.36337,286.26337,283.6634,279.1634,274.26337,275.0634,272.46338
297.5634,297.5634,297.0634,296.96338,297.46338,296.76337,296.6634,296.86337,295.6634,294.26337,292.96338,292.0634,292.26337,290.86337,290.96338,291.0634,290.76337,291.0634,290.76337,289.36337,288.6634,288.0634,287.76337,287.76337,287.6634,288.26337,286.26337,287.86337,287.86337,288.5634,288.0634,288.1634,287.0634,287.5634,287.46338,285.26337,282.76337,277.6634,280.1634,277.6634,273.0634
296.96338,298.1634,297.6634,297.5634,296.76337,296.26337,294.96338,295.0634,294.96338,294.26337,291.6634,291.5634,291.5634,290.1634,290.0634,290.36337,290.36337,289.96338,289.76337,288.96338,288.36337,286.96338,286.0634,285.86337,285.76337,286.86337,286.76337,287.5634,287.86337,287.5634,285.5634,285.6634,285.46338,284.26337,285.46338,286.86337,286.46338,285.0634,282.1634,282.1634,281.6634
293.96338,295.76337,296.76337,296.46338,295.26337,294.96338,294.96338,294.96338,294.26337,292.1634,289.76337,287.86337,289.96338,288.6634,289.36337,289.6634,290.0634,289.36337,289.76337,288.26337,288.46338,287.1634,286.76337,285.6634,286.46338,287.1634,287.46338,286.46338,286.36337,285.46338,285.5634,285.5634,285.76337,284.36337,284.6634,284.76337,284.1634,284.1634,282.6634,280.96338,281.76337
295.5634,295.76337,290.6634,295.36337,294.6634,294.26337,293.36337,292.26337,293.1634,291.6634,287.86337,285.86337,288.36337,288.76337,289.1634,289.1634,288.96338,288.96338,289.0634,288.86337,288.96338,288.36337,288.86337,288.46338,288.6634,288.5634,287.5634,287.0634,286.76337,286.1634,285.96338,284.0634,282.36337,282.26337,282.96338,282.46338,281.36337,280.36337,281.96338,280.0634,281.26337
293.86337,295.46338,286.36337,294.36337,294.1634,293.36337,292.86337,292.0634,292.1634,292.26337,290.46338,287.46338,285.76337,286.6634,287.86337,288.86337,289.0634,288.76337,289.96338,289.36337,289.46338,288.86337,289.0634,288.1634,288.26337,288.1634,287.46338,286.36337,284.6634,284.0634,282.86337,282.86337,281.6634,280.96338,280.96338,281.96338,283.0634,279.26337,280.6634,278.76337,278.26337
