wind_kz.json
{"header": {"discipline":0,"disciplineName":"Meteorological products","gribEdition":2,"gribLength":1025,"center":7,"centerName":"US National Weather Service - NCEP(WMC)","subcenter":0,"refTime":"2023-08-07T18:00:00.000Z","significanceOfRT":1,"significanceOfRTName":"Start of forecast","productStatus":0,"productStatusName":"Operational products","productType":1,"productTypeName":"Forecast products","productDefinitionTemplate":0,"productDefinitionTemplateName":"Analysis/forecast at horizontal level/layer at a point in time","parameterCategory":2,"parameterCategoryName":"UnknownDiscipline_0_Category_2","parameterNumber":3,"parameterNumberName":"UnknownParameter_D0_C2_3","parameterUnit":"Unknown","genProcessType":2,"genProcessTypeName":"Forecast","forecastTime":0,"surface1Type":103,"surface1TypeName":"Specified height level above ground","surface1Value":10.0,"surface2Type":255,"surface2TypeName":"Missing","surface2Value":0.0,"gridDefinitionTemplate":0,"gridDefinitionTemplateName":"Latitude_Longitude","numberPoints":615,"shape":6,"shapeName":"Earth spherical with radius of 6,371,229.0 m","gridUnits":"degrees","resolution":48,"winds":"true","scanMode":64,"nx":41,"ny":15,"basicAngle":0,"lo1":47.0,"la1":41.0,"lo2":87.0,"la2":55.0,"dx":1.0,"dy":1.0}, "data":
[rows 0 to 14 of 15, columns 0 to 40 of 41]
1.7660229,-3.573977,0.65602297,-1.9739771,-2.833977,-2.613977,-2.723977,-3.463977,-2.4239771,0.80602294,0.66602296,1.6560229,1.1260229,1.226023,-0.013977051,2.526023,1.706023,-0.19397706,-2.983977,-2.353977,-3.323977,-4.0639772,2.3460228,-0.51397705,-1.1039771,-3.213977,-1.053977,2.736023,-0.81397706,-0.59397703,-2.723977,-0.9239771,-0.29397705,-4.833977,-0.21397705,-8.273977,-5.143977,-7.263977,-9.673977,-7.163977,-6.033977
0.19602294,1.0160229,0.62602293,-2.833977,-4.603977,-3.983977,-6.263977,1.986023,-0.49397704,0.23602295,-0.33397704,-4.373977,-2.833977,-4.363977,-6.343977,-4.573977,-3.513977,1.676023,2.056023,-0.35397705,-2.543977,-3.743977,0.17602295,2.196023,1.596023,-0.003977051,-0.913977,1.806023,0.28602296,2.126023,1.7560229,1.4160229,0.34602296,-2.1739771,-4.283977,-3.703977,-3.513977,-6.483977,-3.803977,0.48602295,-2.303977
0.80602294,2.166023,-1.413977,-3.623977,-4.673977,-4.2739773,-5.243977,-3.4239771,-5.163977,-5.133977,-5.703977,-0.6739771,-1.7039771,-3.093977,-3.993977,-3.523977,-1.8339771,-1.053977,0.6960229,-0.05397705,-3.583977,-2.833977,0.45602295,1.686023,3.646023,4.046023,1.576023,2.8560228,1.066023,3.156023,-0.31397706,-0.96397704,1.6260229,-0.17397705,-0.14397705,1.206023,1.616023,-0.57397705,-1.9539771,-0.33397704,0.586023
0.836023,0.18602295,-1.7539771,-4.243977,-5.973977,-6.483977,-7.083977,-6.8139772,-4.0639772,-4.103977,-3.743977,-0.74397707,-0.19397706,-3.863977,-4.593977,-3.503977,-1.283977,-0.103977054,-1.803977,-0.74397707,-0.02397705,0.956023,-0.31397706,4.2260227,3.8160229,0.28602296,2.396023,5.386023,6.4760227,2.396023,0.956023,-1.7539771,0.35602295,6.446023,-2.963977,1.206023,1.696023,1.726023,-0.013977051,-0.83397704,-2.193977
2.0960228,1.1460229,-0.89397705,-1.293977,-2.773977,-3.843977,-6.353977,-4.5639772,-5.013977,-3.693977,-3.613977,-3.953977,2.126023,-2.533977,-5.243977,-4.433977,-2.533977,-2.253977,1.6360229,2.276023,0.91602296,0.896023,-0.57397705,1.216023,2.876023,2.156023,-0.09397705,-0.003977051,0.17602295,-2.003977,-0.29397705,2.526023,1.946023,1.5460229,-0.89397705,0.08602295,-0.50397706,-0.34397706,-0.22397704,0.27602294,-0.9839771
4.406023,2.3160229,1.5460229,-1.063977,-4.363977,-4.133977,-4.893977,-5.193977,-5.363977,-4.353977,-7.423977,-5.5439773,-1.533977,-0.07397705,-2.503977,-3.283977,-3.513977,-2.333977,2.866023,0.706023,-2.803977,-2.073977,-1.133977,-0.81397706,7.646023,4.2060227,0.5760229,5.1860228,1.486023,-2.453977,-2.493977,1.7560229,3.216023,-0.27397704,3.8260229,1.1460229,2.3360229,1.096023,-4.163977,3.016023,-6.973977
-1.793977,-1.883977,-3.1639771,-3.4039772,-4.933977,-3.963977,-4.113977,-4.433977,-5.303977,-4.163977,-6.493977,-4.083977,-2.753977,-2.963977,-3.013977,-2.863977,-0.78397703,-3.8939772,-3.363977,-0.30397704,-1.403977,1.4160229,1.116023,2.986023,0.046022948,-0.5539771,0.896023,0.42602295,-2.943977,-2.133977,-1.0939771,-1.0939771,1.056023,-4.693977,-0.83397704,-0.84397703,-2.453977,-0.28397706,-0.543977,-0.59397703,-4.0639772
-3.263977,-3.533977,-3.1739771,-3.093977,-4.443977,-3.793977,-4.803977,-3.593977,-4.243977,-3.133977,-4.723977,-4.753977,-4.013977,-4.373977,-5.653977,-6.853977,-3.513977,0.74602294,0.99602294,-3.4139771,-4.423977,-1.913977,-2.593977,-0.33397704,2.036023,2.956023,0.81602293,-0.71397704,0.81602293,-1.0939771,1.3960229,1.7460229,-0.29397705,-1.3339771,-0.27397704,-0.28397706,-1.663977,-1.2339771,-1.1139771,-1.4939771,-2.3939772
-2.9339771,-3.6439772,-3.503977,-3.633977,-5.003977,-3.583977,-3.733977,-3.323977,-3.983977,-2.373977,-3.083977,-4.623977,-4.623977,-4.713977,-4.673977,-5.473977,-5.383977,-4.093977,-2.6639771,-0.103977054,-1.8539771,-1.7439771,-2.783977,-3.093977,-1.323977,0.32602295,0.18602295,-0.88397706,-0.32397705,-1.0939771,0.66602296,0.586023,1.6460229,0.67602295,0.15602295,-0.76397705,-1.773977,-0.07397705,2.626023,0.90602297,0.27602294
-0.9839771,-2.883977,-2.263977,-2.783977,-3.743977,-3.273977,-2.473977,-2.853977,-3.203977,-0.84397703,-3.373977,-3.543977,-3.9039772,-4.0239773,-4.3139772,-4.883977,-4.853977,-3.4239771,-2.373977,-2.023977,-2.943977,-4.2939773,-3.063977,-3.823977,-2.443977,-3.073977,-2.343977,-3.193977,-2.563977,-2.343977,-1.143977,-1.2339771,-0.40397704,0.78602296,2.056023,0.5760229,0.32602295,-1.6039771,-0.32397705,0.8260229,0.19602294
-2.373977,0.78602296,-0.29397705,-2.303977,-3.4339771,-3.733977,-3.743977,-5.393977,-3.963977,1.566023,-0.6739771,-1.533977,-3.473977,-3.713977,-2.6839771,-4.443977,-4.383977,-2.053977,-1.4839771,-1.443977,-1.763977,-0.793977,-1.5839771,-2.943977,-3.733977,-3.243977,-1.813977,-1.813977,-2.233977,-2.1639771,-3.203977,-3.043977,-2.573977,-2.093977,-0.723977,-0.48397705,-0.32397705,1.1560229,0.42602295,1.2660229,0.016022949
-1.3339771,-3.593977,-0.75397706,-1.7539771,-2.313977,-1.403977,-2.9239771,-3.323977,-4.2939773,-3.513977,-0.793977,-2.743977,-3.613977,-3.3939772,-3.6439772,-3.523977,-2.883977,-0.95397705,-0.8639771,-2.583977,-1.1239771,-0.973977,-1.2039771,-1.6039771,-2.6639771,-2.6839771,-2.473977,-0.9839771,-1.7339771,-2.593977,-3.3939772,-2.463977,-1.0839771,-0.46397704,-0.34397706,-0.37397707,0.36602294,1.446023,2.0860229,2.006023,1.1460229
-1.6039771,-3.063977,-3.353977,-2.1639771,-3.123977,-1.433977,-2.753977,-3.513977,-3.853977,-2.4239771,-0.56397706,-2.063977,-2.3939772,-3.343977,-2.773977,-3.033977,-3.1539772,-1.573977,-2.223977,-0.77397704,-0.71397704,-0.03397705,0.36602294,0.43602294,0.12602295,-0.12397705,-0.89397705,-1.4839771,-0.68397707,-0.57397705,-1.643977,-2.6839771,-2.9139771,-1.1039771,0.67602295,-1.1239771,-1.293977,-0.62397707,1.066023,1.1660229,0.47602296
-0.103977054,-2.193977,-3.753977,-3.693977,-1.773977,-1.063977,-2.263977,-3.523977,-2.463977,-2.463977,-1.023977,-0.56397706,-1.423977,-1.903977,-2.8939772,-3.083977,-3.6839771,0.44602296,-1.4739771,-2.053977,0.25602296,1.206023,0.8260229,-0.8639771,-1.8739771,-1.933977,-3.883977,0.23602295,0.54602295,-0.31397706,-2.093977,-2.553977,-2.593977,-2.343977,0.19602294,1.726023,-0.33397704,-0.77397704,0.17602295,1.366023,1.096023
-1.7439771,-1.3439771,-3.1539772,-3.133977,-3.623977,-2.503977,-0.99397707,-2.333977,-2.243977,-1.803977,-1.513977,-1.043977,0.99602294,-0.49397704,-2.303977,-2.843977,-3.1639771,-1.293977,-1.263977,-1.0039771,-2.203977,-2.363977,-0.71397704,-1.9539771,-1.0039771,-0.90397704,-0.50397706,-1.8439771,-1.313977,-1.7339771,-2.033977,-2.723977,-2.553977,-2.813977,-0.103977054,0.42602295,1.216023,1.236023,-0.29397705,2.556023,0.55602294
