wind_kz.json
{"header": {"discipline":0,"disciplineName":"Meteorological products","gribEdition":2,"gribLength":1102,"center":7,"centerName":"US National Weather Service - NCEP(WMC)","subcenter":0,"refTime":"2023-09-20T00:00:00.000Z","significanceOfRT":1,"significanceOfRTName":"Start of forecast","productStatus":0,"productStatusName":"Operational products","productType":1,"productTypeName":"Forecast products","productDefinitionTemplate":0,"productDefinitionTemplateName":"Analysis/forecast at horizontal level/layer at a point in time","parameterCategory":2,"parameterCategoryName":"UnknownDiscipline_0_Category_2","parameterNumber":3,"parameterNumberName":"UnknownParameter_D0_C2_3","parameterUnit":"Unknown","genProcessType":2,"genProcessTypeName":"Forecast","forecastTime":180,"surface1Type":103,"surface1TypeName":"Specified height level above ground","surface1Value":10.0,"surface2Type":255,"surface2TypeName":"Missing","surface2Value":0.0,"gridDefinitionTemplate":0,"gridDefinitionTemplateName":"Latitude_Longitude","numberPoints":615,"shape":6,"shapeName":"Earth spherical with radius of 6,371,229.0 m","gridUnits":"degrees","resolution":48,"winds":"true","scanMode":64,"nx":41,"ny":15,"basicAngle":0,"lo1":47.0,"la1":41.0,"lo2":87.0,"la2":55.0,"dx":1.0,"dy":1.0}, "data":
[rows 0 to 14 of 15, columns 0 to 40 of 41]
4.052683,1.3826832,-1.5873169,-2.097317,-3.337317,-4.3273168,-4.837317,-2.417317,-3.0373168,-3.067317,-4.197317,-4.6373167,-4.017317,-3.127317,-1.1773169,-0.32731688,0.3126831,0.1326831,1.622683,1.8326831,-0.2473169,-4.377317,-3.2173169,-0.5973169,3.882683,2.0126832,0.8326831,-0.1873169,-1.8573169,4.712683,1.7826831,2.1926832,-0.8873169,0.9326831,0.5026831,2.682683,1.6426831,1.112683,-0.2973169,1.0226831,0.6726831
-0.9473169,-0.9173169,-1.137317,-0.3073169,-2.4873168,-4.497317,-3.3073168,-3.4673169,-3.127317,-3.4673169,-5.087317,-5.247317,-6.467317,-5.127317,-3.887317,-0.6673169,-0.3073169,-0.9373169,1.7526832,0.8826831,3.0326831,-0.1673169,-0.7573169,-1.2373168,2.0426831,1.7326831,0.8626831,2.312683,-0.41731688,-1.0273169,-1.4073169,-1.8373169,1.0926831,-1.757317,0.1126831,4.082683,1.7926831,2.682683,1.112683,0.15268311,-0.4273169
0.4526831,0.30268312,-0.4373169,-0.7373169,-2.2773168,0.0026831054,-2.597317,-2.7473168,-3.437317,-4.167317,-5.1373167,-6.937317,-7.557317,-9.677317,-5.397317,-3.567317,-1.9473169,-0.96731687,1.2626832,0.6526831,1.8226831,0.6826831,-0.32731688,1.2526832,-1.5973169,-1.4273169,0.2526831,-1.877317,-0.5073169,0.5726831,-0.4573169,-0.9873169,-1.9873168,1.5326831,0.032683104,0.4626831,0.8526831,0.8426831,0.5626831,1.5926831,1.3326831
-0.23731689,-0.9373169,-2.0373168,-2.867317,-1.8673168,-2.7773168,-3.077317,-3.647317,-4.807317,-4.8673167,-4.1773167,-5.307317,-5.877317,-6.9073167,-8.987317,-5.647317,-4.277317,-2.867317,-0.0673169,0.5926831,0.7926831,-0.4073169,0.08268311,-1.1473169,-0.7473169,-1.0973169,-1.5573169,-1.2373168,-2.877317,-1.6973169,-0.8773169,-0.1373169,2.2626832,-0.8773169,-2.0473168,-0.2273169,0.8526831,2.7026832,-0.4673169,-0.8273169,-1.127317
0.3226831,-1.5673169,-2.847317,-3.3073168,-6.517317,-3.7073169,-2.157317,-2.5073168,-3.377317,-4.007317,-5.1373167,-2.5273168,-4.567317,-6.437317,-6.507317,-5.477317,-5.1773167,-4.717317,-3.327317,-1.2773169,-0.4073169,0.39268312,1.0126832,1.3226831,1.622683,0.5726831,-1.7973169,-5.457317,-2.447317,-2.5573168,-2.2573168,-1.4973168,-0.7373169,-0.2973169,0.0026831054,-0.9773169,0.42268312,-1.1773169,-1.7873169,-0.44731688,-1.3473169
-1.0373169,1.7626832,-0.0073168944,-1.7373168,-2.2073169,-2.5073168,-3.0473168,-2.2773168,-3.127317,-3.897317,-4.217317,-4.357317,-1.4573169,-3.417317,-6.437317,-4.9273167,-4.997317,-4.197317,-3.137317,-1.1673169,-1.5673169,-1.3573169,0.1126831,0.9926831,0.7626831,1.3326831,0.5126831,-2.9973168,-0.9373169,-2.167317,-3.0173168,-4.167317,0.022683106,-0.08731689,-0.5773169,11.632683,-0.8273169,4.502683,2.082683,1.242683,0.7926831
-1.3973169,-1.5673169,-1.7173169,-2.127317,-0.047316894,-2.357317,-2.687317,-1.6573169,-2.647317,-3.117317,-3.137317,-3.827317,-4.457317,-4.697317,-4.977317,-4.917317,-4.6373167,-4.607317,-3.0073168,-2.2473168,-1.3473169,-0.7973169,-0.8573169,-0.7573169,-0.3073169,-0.4973169,-0.5573169,-0.8373169,1.4526831,-0.2473169,-0.3473169,-1.6173168,-1.7973169,1.2526832,3.0126832,0.3726831,0.15268311,1.2026831,2.172683,2.072683,3.372683
-2.577317,-2.347317,-2.087317,-2.627317,-3.367317,-3.7173169,-3.637317,-3.657317,-3.5473168,-3.597317,-2.7973168,-3.5273168,-2.4973168,-3.627317,-3.927317,-4.437317,-4.207317,-4.3673167,-3.947317,-2.397317,-1.6473169,-0.9173169,-0.9873169,-1.7373168,-2.2273169,-1.3173169,-1.0673169,-0.7673169,-0.8573169,-0.9073169,-1.1673169,-1.0973169,-0.117316894,-1.9173169,-0.8773169,-1.507317,-0.1873169,0.052683104,-0.7973169,1.5026832,0.6826831
-3.8073168,-3.137317,-3.347317,-3.597317,-4.417317,-4.9073167,-4.687317,-4.047317,-3.4973168,-4.3673167,-4.187317,-4.3873167,-4.217317,-3.7973168,-3.577317,-3.347317,-3.167317,-3.2073169,-3.0373168,-2.937317,-2.0373168,-1.6873169,-2.5073168,-2.0573168,-1.1973169,-0.9173169,-1.4773169,-2.0573168,-2.0073168,-0.6673169,-0.5373169,-2.2573168,-0.7273169,-1.3473169,2.112683,1.992683,-1.377317,-1.0173169,1.3126831,1.4726831,-1.1873169
-3.937317,-3.7073169,-4.0773168,-4.1573167,-4.3273168,-4.957317,-4.997317,-5.027317,-4.8273168,-4.8673167,-5.147317,-4.747317,-4.717317,-5.197317,-4.337317,-2.677317,-2.367317,-2.5473168,-2.0173168,-1.4773169,-1.2873169,-0.77731687,-0.6573169,-1.0673169,-0.8273169,-1.5173169,-0.5073169,-0.3173169,-0.6473169,0.012683106,-1.1573169,0.53268313,0.9126831,1.0326831,0.6326831,-1.1973169,-0.1673169,0.30268312,0.39268312,3.7826831,2.062683
-3.5473168,-4.047317,-4.217317,-4.757317,-4.447317,-4.6773167,-4.437317,-4.937317,-4.897317,-4.8873167,-4.557317,-4.397317,-4.967317,-5.5973167,-5.547317,-5.507317,-4.1173167,-4.6373167,-4.697317,-1.0473169,-0.96731687,-0.3373169,-0.047316894,-0.027316894,-0.037316896,0.30268312,-0.2473169,-0.6973169,-0.037316896,-0.037316896,0.8626831,1.7526832,2.072683,2.152683,1.6326832,1.5826831,0.5526831,0.3826831,-1.6573169,0.2826831,-0.6973169
-2.917317,-3.097317,-3.817317,-4.527317,-4.627317,-4.8273168,-4.6573167,-4.567317,-4.537317,-4.5973167,-3.667317,-3.397317,-2.857317,-4.357317,-4.757317,-4.8873167,-4.9073167,-4.947317,-1.3373169,-3.2673168,-3.7673168,-1.9273169,0.33268312,0.9826831,0.8826831,0.5826831,0.4126831,0.2626831,0.0726831,0.6226831,0.7026831,1.7026831,1.7826831,2.392683,2.322683,1.8126831,0.4726831,-1.1773169,-0.1073169,-0.8773169,0.4726831
-3.387317,-4.307317,-4.057317,-4.3673167,-4.1373167,-3.677317,-4.3273168,-4.3873167,-5.747317,-4.4273167,-2.147317,-2.9873168,-2.7373168,-2.197317,-3.0473168,-5.557317,-3.377317,-3.847317,-4.287317,-3.407317,-2.167317,-0.8373169,-1.9773169,-1.8073169,-0.9473169,-0.4873169,-0.38731688,-0.4773169,0.3226831,0.042683106,1.5426831,1.492683,2.0426831,1.7226831,3.6926832,1.6926831,3.0426831,1.5726831,1.6826831,1.4326831,0.53268313
-4.0973167,-4.397317,-4.897317,-5.127317,-5.337317,-4.987317,-4.8273168,-5.127317,-4.747317,-4.307317,-2.117317,-2.437317,-4.217317,-3.647317,-1.1173168,-0.20731689,-0.9473169,-2.567317,-2.847317,-3.0273168,-2.3073168,-2.417317,-1.6973169,-1.0273169,-0.6573169,-0.5473169,0.2826831,0.5026831,0.9526831,1.3226831,1.622683,1.8226831,2.092683,1.9326831,2.372683,3.2726831,2.9826832,2.812683,2.372683,2.322683,2.7726831
-2.937317,-4.5973167,-3.7373168,-4.1173167,-4.107317,-4.417317,-5.007317,-4.8873167,-5.277317,-5.337317,-3.347317,-4.047317,-1.5573169,-2.577317,-3.177317,-2.817317,-1.9373169,-0.5673169,-0.4873169,0.8326831,-0.5173169,-0.5873169,-1.2273169,-1.7373168,-1.2273169,0.4326831,0.6426831,0.5126831,0.022683106,-0.4073169,-0.6173169,2.572683,0.6926831,2.2826831,2.7626832,3.052683,2.9426832,5.3226833,4.452683,3.402683,1.3026831
