wind_kz.json
{"header": {"discipline":0,"disciplineName":"Meteorological products","gribEdition":2,"gribLength":1025,"center":7,"centerName":"US National Weather Service - NCEP(WMC)","subcenter":0,"refTime":"2023-10-05T00:00:00.000Z","significanceOfRT":1,"significanceOfRTName":"Start of forecast","productStatus":0,"productStatusName":"Operational products","productType":1,"productTypeName":"Forecast products","productDefinitionTemplate":0,"productDefinitionTemplateName":"Analysis/forecast at horizontal level/layer at a point in time","parameterCategory":2,"parameterCategoryName":"UnknownDiscipline_0_Category_2","parameterNumber":3,"parameterNumberName":"UnknownParameter_D0_C2_3","parameterUnit":"Unknown","genProcessType":2,"genProcessTypeName":"Forecast","forecastTime":0,"surface1Type":103,"surface1TypeName":"Specified height level above ground","surface1Value":10.0,"surface2Type":255,"surface2TypeName":"Missing","surface2Value":0.0,"gridDefinitionTemplate":0,"gridDefinitionTemplateName":"Latitude_Longitude","numberPoints":615,"shape":6,"shapeName":"Earth spherical with radius of 6,371,229.0 m","gridUnits":"degrees","resolution":48,"winds":"true","scanMode":64,"nx":41,"ny":15,"basicAngle":0,"lo1":47.0,"la1":41.0,"lo2":87.0,"la2":55.0,"dx":1.0,"dy":1.0}, "data":
[rows 0 to 14 of 15, columns 0 to 40 of 41]
1.6904846,-0.9595154,-0.18951538,-10.589516,-11.059515,-6.7695155,-1.6995153,0.7904846,0.89048463,-0.79951537,-2.9095154,0.95048463,-0.6695154,-1.6595154,-1.6995153,-2.0695155,-0.9195154,-1.8495154,-2.9495153,-1.1695154,-1.0095154,-2.3095155,-0.02951538,-1.3995154,-1.9295154,-1.5095154,-1.1895154,1.6904846,2.9704847,0.39048463,-2.6995153,-4.1595154,-0.38951537,-1.4595153,-0.40951538,0.070484616,0.81048465,4.8461914E-4,1.1704847,-0.5795154,1.1604847
-1.8495154,0.45048463,-8.799516,-8.429516,-10.929516,-9.079515,1.9704846,2.9804847,2.4104846,3.7304847,0.6504846,-0.6495154,-1.1495154,-0.7195154,-2.9495153,-1.4495153,-0.15951538,-2.1595154,-2.1095154,-2.4595153,-1.5095154,-2.1195154,-0.31951538,1.6704847,-0.17951538,0.09048462,-3.6795154,2.0104847,0.7404846,1.9304847,4.4704847,3.4604845,-0.35951537,-1.3895154,-4.1995153,-2.3095155,-2.1995153,-4.1995153,-1.8695154,-1.9095154,0.3804846
1.0004846,-4.7795153,-7.7395153,-6.9695153,-9.729515,-8.299516,-1.5995154,1.1704847,2.2604847,1.4404846,1.2704846,1.4204847,-0.16951539,-1.2595154,-1.4395154,-1.9795154,-1.4095154,-1.8895154,-2.9595153,-2.6795154,0.27048463,-1.6395154,-1.3995154,-0.09951538,0.4104846,0.14048462,0.3504846,0.27048463,-0.24951538,1.8704846,3.5804846,1.2304846,1.8904846,-1.0295154,-0.73951536,2.5804846,2.8804846,0.75048465,-0.4295154,-1.2395154,-0.37951538
0.40048462,-4.1395154,-5.3095155,-5.359515,-5.0095153,-6.4795156,-7.1895156,-3.9395154,-2.7695153,1.6104846,-0.5895154,0.28048462,0.75048465,-0.04951538,-0.8895154,-1.2395154,-1.6895154,-2.5195153,-3.1595154,-4.0195155,-0.5395154,-1.1595154,1.7204846,-0.9595154,-1.3195153,-1.2595154,-0.85951537,-1.9895154,1.4004846,-0.7195154,-0.9595154,-0.93951535,-1.4595153,-1.0095154,-0.6495154,-2.7595153,-0.61951536,2.5604846,3.1804845,0.8604846,1.3204846
-2.2595153,-1.8595154,-3.5295153,-4.2495155,-1.6495154,-3.8195155,-2.7395153,-1.4095154,-1.3695154,-3.1195154,1.0004846,1.2004846,0.2904846,-1.0395154,-1.0895153,-1.6695154,-2.3995154,-2.3795154,-2.7095153,-2.8695154,-1.8295153,-0.41951537,-1.0895153,-1.4995154,-1.6095154,-1.8995154,-1.7595154,-0.7095154,-0.9095154,-1.7995154,-2.2595153,-0.24951538,3.1204846,3.5504847,-1.3195153,-0.18951538,-0.12951538,-0.34951538,0.7304846,1.1204846,0.28048462
-2.1095154,-1.9095154,-2.9895153,-3.7895155,2.0904846,-0.109515384,-2.4195154,2.6604846,-1.4495153,1.2604846,1.3704846,1.9604846,-0.32951537,-0.6395154,0.30048463,-1.3995154,-2.3295155,-2.3795154,-2.5795155,-1.9595153,-2.2995155,0.39048463,0.36048463,-0.6395154,-0.55951536,-1.3395153,-1.8895154,-1.2695154,-1.4595153,-2.1795154,-2.3995154,-1.5195154,-0.6295154,-1.5195154,1.2104846,0.5404846,2.2004845,2.1904845,-1.5395154,-0.4595154,-1.1795154
-1.2195153,-1.4695153,-1.0295154,-0.7695154,-0.23951538,-1.7395154,-2.0595155,1.2604846,1.9904846,0.6504846,2.9304845,2.2404847,1.6004846,-0.4295154,-0.5995154,-0.9195154,-1.5295154,-2.7595153,-2.3495154,-1.7595154,-1.9595153,-1.4695153,1.0704846,0.8404846,0.060484618,-0.7295154,-2.1295154,-1.7395154,-1.9495153,0.37048462,-2.2695153,-4.0095153,-3.7095153,0.16048461,-1.1195154,-1.9095154,-2.9295154,-1.2695154,0.6504846,0.14048462,-1.6195154
-2.0895154,-0.19951539,1.2904847,-0.04951538,-0.05951538,-0.3095154,-1.3295153,-1.2595154,2.5104847,2.3704846,2.6204846,2.6204846,2.0304847,1.1704847,0.2904846,-0.09951538,-1.5695153,-1.2295154,-2.0495155,-0.4895154,-2.0895154,-1.6095154,-2.1195154,1.3204846,2.3304846,0.8504846,0.42048463,-1.0295154,-0.8495154,-0.5895154,-0.86951536,-2.4095154,-2.2695153,-2.9795153,-0.13951539,0.020484619,-2.0895154,-0.3095154,0.56048465,0.4804846,-1.2895154
-1.4195154,-1.7695154,0.6804846,2.7904847,1.6904846,1.7104846,0.4404846,-1.0395154,-0.40951538,1.5004846,2.4204845,2.4604845,1.8904846,2.0704846,1.7804847,0.5504846,-0.12951538,-0.92951536,-1.4795154,-1.1295154,-0.2695154,-1.0495154,-1.9095154,-1.7695154,-0.14951538,1.5204846,0.9304846,1.2404846,1.4104847,1.4204847,1.2204846,1.8804846,1.3604846,0.18048462,-0.38951537,-0.11951538,-1.9795154,-1.1895154,0.17048462,-0.68951535,-3.2395153
-0.03951538,-0.5995154,0.57048464,2.6004846,3.3604846,3.1004846,2.4304845,2.0604846,0.37048462,-0.55951536,1.4904846,2.4104846,2.3604846,1.8304846,1.7804847,1.4404846,1.2404846,0.34048462,-0.11951538,-0.5295154,-0.5395154,-1.2295154,-0.98951536,-1.5495154,-1.2495154,0.94048464,0.40048462,-0.20951538,0.25048462,0.7404846,0.9104846,1.7504846,2.2804847,1.3304846,1.0204846,0.16048461,0.19048461,-1.5795153,-0.2795154,2.8204846,2.8504846
1.9804846,1.0204846,-0.09951538,0.060484618,3.0904846,3.6704845,3.3604846,2.8504846,2.3004847,2.0204847,1.6204846,1.9004846,2.1804845,1.8704846,1.8804846,2.4504845,2.1904845,1.6104846,1.6604847,1.0504847,0.3504846,-0.6395154,-1.5795153,-1.9695153,-1.7595154,-1.1895154,-0.46951538,-0.4595154,0.17048462,-0.12951538,1.6204846,1.8704846,2.2704847,1.6904846,0.9604846,0.9304846,0.9904846,0.89048463,1.0104846,1.1204846,0.27048463
2.6304846,2.4804847,2.2704847,1.2904847,1.4704846,3.0904846,3.1804845,2.8404846,2.3204846,2.2304847,1.9504846,1.0004846,2.4704847,1.9404846,1.5204846,1.9004846,2.7204847,2.7804847,2.9104846,2.4504845,2.3304846,1.1604847,0.27048463,0.28048462,0.13048463,-0.67951536,-0.20951538,-1.2995154,-1.7895154,-0.6595154,0.8404846,1.2204846,1.2604846,1.6904846,1.8004847,1.5504847,1.6104846,2.1904845,1.8604846,1.8204846,0.8304846
3.2404847,3.7404847,3.5704846,3.0904846,2.5304847,1.0904846,2.2404847,3.6404846,3.5404847,3.3704846,2.0404847,1.2704846,2.4104846,2.6904845,2.3904846,2.0204847,2.2904847,2.6004846,3.4204845,3.2404847,3.7704847,3.3704846,2.3904846,2.4104846,1.7604846,1.6204846,0.50048465,0.2904846,-0.25951537,0.08048462,1.4904846,1.1604847,1.7004846,1.7904847,1.4604846,1.9804846,1.9904846,1.3404846,2.1704845,1.5304847,0.75048465
4.1104846,4.2504845,4.3004847,5.0404844,3.3604846,3.7304847,3.2804847,3.2204847,3.1504846,3.2004845,2.6304846,1.6604847,1.4104847,3.0404847,2.5104847,2.7704847,2.7504847,3.0004847,3.1504846,2.9104846,3.1204846,3.2304847,3.1504846,2.4804847,2.8004847,2.5004847,2.1504846,1.5604846,1.0404847,1.1304846,1.2404846,2.1904845,2.3504846,2.6004846,1.8204846,2.1104846,1.7104846,1.2504846,1.4404846,1.9204847,2.3104846
2.7504847,3.8904846,6.0904846,5.600485,5.600485,5.680485,5.430485,4.7804847,3.7204847,3.5304847,2.9104846,3.4404845,2.7104845,2.2104845,3.6504846,3.0804846,3.3704846,2.7404847,3.2604847,2.8704846,2.9904847,2.9404845,3.0104847,2.6204846,2.8704846,2.4304845,2.4304845,3.0304847,2.5804846,2.5204847,2.1104846,2.8704846,2.2104845,2.5104847,2.8304846,2.8204846,2.6504846,2.8704846,1.9004846,2.4404845,1.2204846
