wind_kz.json
{"header": {"discipline":0,"disciplineName":"Meteorological products","gribEdition":2,"gribLength":1025,"center":7,"centerName":"US National Weather Service - NCEP(WMC)","subcenter":0,"refTime":"2023-09-27T18:00:00.000Z","significanceOfRT":1,"significanceOfRTName":"Start of forecast","productStatus":0,"productStatusName":"Operational products","productType":1,"productTypeName":"Forecast products","productDefinitionTemplate":0,"productDefinitionTemplateName":"Analysis/forecast at horizontal level/layer at a point in time","parameterCategory":2,"parameterCategoryName":"UnknownDiscipline_0_Category_2","parameterNumber":3,"parameterNumberName":"UnknownParameter_D0_C2_3","parameterUnit":"Unknown","genProcessType":2,"genProcessTypeName":"Forecast","forecastTime":120,"surface1Type":103,"surface1TypeName":"Specified height level above ground","surface1Value":10.0,"surface2Type":255,"surface2TypeName":"Missing","surface2Value":0.0,"gridDefinitionTemplate":0,"gridDefinitionTemplateName":"Latitude_Longitude","numberPoints":615,"shape":6,"shapeName":"Earth spherical with radius of 6,371,229.0 m","gridUnits":"degrees","resolution":48,"winds":"true","scanMode":64,"nx":41,"ny":15,"basicAngle":0,"lo1":47.0,"la1":41.0,"lo2":87.0,"la2":55.0,"dx":1.0,"dy":1.0}, "data":
[rows 0 to 14 of 15, columns 0 to 40 of 41]
-1.6655835,-1.5855834,0.5644165,3.9744165,-0.9455835,0.3144165,0.3044165,0.3844165,-0.8655835,-0.62558347,-1.6255835,-1.4555835,-1.2555835,-1.2655835,-0.48558348,-0.9155835,-1.7355835,-1.6155835,-1.9255835,-1.1755835,-1.8155835,-2.2155836,-0.8655835,0.044416502,-1.8155835,0.9544165,-0.2555835,1.3644165,2.1744165,3.5444164,1.4444165,1.8844165,0.9044165,-0.7655835,0.4144165,0.2444165,0.6144165,-0.3555835,-0.3655835,-0.9555835,3.0144165
3.2244165,-0.055583496,-1.1355835,5.7944164,1.4444165,-3.6455834,1.0444165,1.3144165,0.8444165,0.3644165,-1.4955835,-0.9155835,-2.8855834,-1.1555835,-1.0455835,-1.7255836,-1.6255835,-0.8855835,-2.0555835,-1.5255835,-0.81558347,-1.1155835,0.6444165,2.0344164,1.7944165,1.4644165,-0.4355835,2.0344164,-0.8855835,1.8444165,1.6944165,3.9644165,1.6144165,0.7644165,-1.7355835,-0.6555835,-0.5355835,-0.7355835,-0.62558347,-2.1855836,1.2644165
0.7444165,-1.1855835,1.6344165,3.2344165,0.8144165,-0.4455835,1.4044166,2.4044166,1.7644165,0.3044165,-1.3155835,-1.9655834,-3.3455834,-3.3555834,-1.4355835,-2.0055835,-2.6055834,-1.0055835,-1.7555835,-2.3655834,-3.2155836,0.9944165,0.5144165,1.2244165,0.024416504,1.1744165,1.5444165,1.1644166,0.8344165,2.9044166,1.2444165,1.2744164,0.4844165,-1.1055835,-1.1855835,1.8644165,2.3144164,-2.4455836,0.0844165,1.4644165,1.4544165
1.9344165,1.4544165,1.9744165,1.2044165,1.7944165,1.8744165,3.1544166,3.9044166,3.1744165,2.7844164,0.6344165,-1.0355835,-2.8955834,-3.9355836,-2.8755834,-3.0655835,-3.3155835,-2.3855834,-3.7055836,-3.5355835,-3.3755834,-0.5955835,-0.075583495,-0.8955835,0.9644165,-0.4355835,0.26441652,-1.9755836,0.93441653,-1.6355835,-1.0655835,-1.0755835,-0.16558349,1.1144165,1.5344166,-2.7455835,0.2344165,2.5444164,-0.8255835,0.9944165,-0.2655835
-0.5155835,-0.0655835,1.6744165,1.4744165,-0.2655835,3.0444164,3.8144164,4.6844163,4.8544164,5.1844163,3.5944166,1.7644165,-2.0155835,-3.6455834,-4.5155835,-2.4355836,-4.3655834,-1.9755836,-2.9055834,-4.5455837,-3.3155835,-3.9355836,1.9144166,1.8944165,-0.87558347,-0.6755835,-0.6555835,-1.1255835,-2.1955836,-3.5755835,-3.7055836,-1.7555835,1.4444165,-0.1455835,-0.075583495,-1.7855835,0.5344165,-2.9455836,-1.3555835,-1.8155835,-2.9355836
2.5244164,1.2444165,0.5144165,-0.035583496,-0.5455835,-0.4755835,-0.6955835,3.5344164,3.8444166,6.2044163,5.1144166,3.2044165,1.1744165,-0.7755835,-1.9955835,-3.2955835,-2.4855835,-2.1855836,-3.1855836,-4.1755834,-3.6155834,-4.8655834,-0.3555835,0.5044165,0.6944165,0.0744165,-1.8355834,-2.0755835,-1.9455835,-2.6455834,-3.4655836,-3.5755835,-3.0055835,-1.4655834,0.87441653,0.6944165,1.7544165,3.5244164,0.5044165,-1.9655834,-2.1655836
-1.2655835,3.6544166,3.3044164,2.5144165,0.8844165,0.29441652,-0.4155835,3.2344165,3.2344165,3.3644166,4.6144166,3.2744164,3.4044166,0.68441653,-0.9255835,-1.7455835,-3.0355835,-1.4855835,-3.7355835,-3.3055835,-1.6855835,-1.9855835,-2.3155835,1.1344165,1.0444165,-2.7055836,-3.6455834,-2.6655836,-3.3155835,-2.9655836,-3.4655836,-6.0655837,-6.2755833,-3.3955834,-0.6555835,-0.7455835,-1.5855834,-0.2255835,1.1744165,-0.4755835,1.1744165
1.3244165,1.5144165,0.3744165,2.0044165,2.8644166,1.3244165,1.7344165,3.2744164,3.0144165,3.7544165,4.2744164,2.4844165,2.4444165,1.5044165,-1.0355835,-2.1055834,0.004416504,-0.6455835,-1.6755835,-2.6255834,-3.2955835,1.4444165,0.9244165,1.6644166,2.3544166,1.4744165,1.7044165,0.7644165,-0.4155835,-1.7955835,-3.3455834,-3.9255836,-4.8955836,-6.1055837,-1.6355835,-0.3055835,-0.3555835,-1.0755835,-0.2755835,-0.4455835,-2.2855835
3.5944166,2.7744164,0.8544165,1.6344165,-0.4155835,1.4644165,0.7444165,2.0444164,2.9344165,3.2144165,2.8744166,2.6544166,2.2644165,2.0244164,0.6744165,-2.3755834,0.014416504,0.9144165,-0.81558347,-2.1155834,-1.6455835,-2.1255834,3.6244166,2.7044165,1.8944165,2.4044166,0.054416504,0.8244165,0.9644165,-0.2655835,-1.2055835,-2.4755836,-2.1055834,-2.6855836,-1.8155835,-1.5155835,-2.8755834,-0.1255835,0.9044165,0.4944165,-2.6055834
2.6944165,3.2544165,3.0744164,2.4944165,2.5544164,2.6544166,2.1044166,1.4044166,2.6744165,3.2044165,3.2544165,2.8244164,3.0144165,2.4744165,1.8444165,-1.3455834,-0.7655835,-0.4355835,-0.5855835,-0.7755835,-1.2355835,-2.6555834,1.4544165,1.9644165,0.5344165,1.8844165,1.7844166,0.9844165,0.4944165,0.5244165,0.3844165,-1.3855835,-2.4155836,-1.6355835,-1.2755835,-0.7855835,0.09441651,-2.5755835,-0.6655835,2.5044165,2.5444164
-3.5355835,0.26441652,2.9244165,2.4144166,2.7044165,3.3244164,3.4044166,3.0044165,2.0944166,2.0044165,2.2644165,2.3644166,2.8944166,3.7444165,2.8744166,2.5844164,1.7744164,0.2744165,0.7844165,1.6344165,0.004416504,-2.0555835,1.0644165,1.1044165,1.0844165,1.7244165,0.8044165,2.5944166,0.7644165,1.4444165,-0.9555835,-2.1555834,-1.7355835,-1.7255836,-2.3255835,-0.2055835,-0.08558349,1.7544165,0.7444165,0.8444165,0.0744165
-0.6455835,-1.7455835,-6.8455834,3.7644165,3.3844166,3.4144166,2.3244164,2.5444164,2.2744164,1.7844166,0.9744165,1.7944165,2.9544165,2.8644166,3.1144166,3.0644164,3.7144165,2.8144164,1.7444165,3.1844165,2.4844165,-0.055583496,-0.8455835,-0.2355835,1.3144165,1.1644166,2.9044166,2.4944165,2.0944166,1.2044165,0.2844165,-1.0455835,-1.1755835,-1.1955835,-1.5855834,-2.5455835,-1.5755835,0.4744165,1.2344165,1.3044165,0.5544165
-1.4855835,-1.6855835,-1.7755835,-5.2655835,1.0644165,3.4744165,2.9044166,4.0044165,3.5644164,2.4344165,1.6844165,2.0544164,2.4044166,2.7544165,2.8444166,2.9244165,3.3944166,3.4744165,3.2644165,2.9844165,3.5144165,2.8144164,1.7344165,2.0244164,2.7944164,3.3344164,3.2644165,2.7144165,2.4344165,1.8744165,1.4044166,0.9444165,-0.19558349,-0.8455835,-0.8955835,-1.1955835,-1.8155835,-1.3455834,-1.8655835,-1.5155835,-0.8255835
-1.4555835,-1.6555835,-0.9655835,-2.1055834,-3.6355834,-4.2055836,5.3744164,5.4344163,3.5044165,3.7344165,2.8344164,1.1244165,1.6144165,2.6144166,3.4244165,3.2444165,3.5844164,3.8144164,3.6844165,3.7144165,3.7044165,3.6544166,3.3344164,3.4144166,3.3444166,3.5344164,3.2244165,3.3144164,3.2244165,3.0944166,2.5944166,1.9544165,1.5144165,1.1944165,0.044416502,-0.3655835,-1.0655835,-1.4555835,-1.3255835,-0.5755835,-1.0655835
-0.5155835,-1.3555835,-2.2255836,1.6944165,0.2444165,-1.9155835,-2.9955835,-2.1355834,2.5344164,5.0744166,2.9544165,3.6344166,2.5444164,1.1644166,3.1644166,3.9244165,4.4144163,4.2744164,4.3844166,4.3944163,4.0444164,3.9144166,3.8544166,3.5844164,3.4244165,3.6644166,3.9644165,3.7944164,3.6144166,3.3744166,3.6144166,3.8344164,2.3244164,1.9644165,1.9244165,1.5244164,1.0844165,1.4444165,0.6644165,0.3744165,-0.045583498
