wind_kz.json
{"header": {"discipline":0,"disciplineName":"Meteorological products","gribEdition":2,"gribLength":1025,"center":7,"centerName":"US National Weather Service - NCEP(WMC)","subcenter":0,"refTime":"2023-09-22T06:00:00.000Z","significanceOfRT":1,"significanceOfRTName":"Start of forecast","productStatus":0,"productStatusName":"Operational products","productType":1,"productTypeName":"Forecast products","productDefinitionTemplate":0,"productDefinitionTemplateName":"Analysis/forecast at horizontal level/layer at a point in time","parameterCategory":2,"parameterCategoryName":"UnknownDiscipline_0_Category_2","parameterNumber":2,"parameterNumberName":"UnknownParameter_D0_C2_2","parameterUnit":"Unknown","genProcessType":2,"genProcessTypeName":"Forecast","forecastTime":60,"surface1Type":103,"surface1TypeName":"Specified height level above ground","surface1Value":10.0,"surface2Type":255,"surface2TypeName":"Missing","surface2Value":0.0,"gridDefinitionTemplate":0,"gridDefinitionTemplateName":"Latitude_Longitude","numberPoints":615,"shape":6,"shapeName":"Earth spherical with radius of 6,371,229.0 m","gridUnits":"degrees","resolution":48,"winds":"true","scanMode":64,"nx":41,"ny":15,"basicAngle":0,"lo1":47.0,"la1":41.0,"lo2":87.0,"la2":55.0,"dx":1.0,"dy":1.0}, "data":
[rows 0 to 14 of 15, columns 0 to 40 of 41]
-3.6584277,-0.26842773,1.2215723,-2.0984278,-6.6984277,-9.208427,-7.688428,-7.1984277,-6.2584276,-3.9684277,-3.9484277,-3.3284278,-2.8984277,-3.1584277,-1.9284277,-2.3184278,-3.7384276,-3.7384276,-2.9584277,-4.8884277,-4.288428,-0.19842774,0.10157227,-1.9584278,-0.57842773,-1.5484277,-2.0184278,-1.3084277,-0.38842773,0.20157227,0.081572264,0.6015723,-0.82842773,-0.48842773,-0.43842775,0.32157227,1.4315723,2.4115722,3.0415723,2.3715723,2.4115722
1.5915723,1.1415722,-6.898428,-4.6784277,-6.058428,-8.188428,-6.1984277,-5.228428,-4.9484277,-6.4884276,-6.2984276,-5.1384277,-2.6584277,-1.1184278,-3.3484278,-4.3584275,-5.0884275,-4.8384275,-2.7384276,-1.9084277,-6.3884277,-4.748428,-3.2284276,-2.6584277,-0.87842774,1.2115723,-0.92842776,0.051572267,-4.3784275,-1.6284277,-0.028427735,-0.37842774,1.0115722,-2.4884276,0.37157226,-0.44842774,0.5415723,0.22157227,-0.5384277,-0.068427734,-4.6284275
-2.2484276,-6.7584276,-7.148428,-6.668428,-7.558428,-5.438428,-4.998428,-4.3184276,-7.5484276,-6.8584275,-5.078428,-4.3384275,-2.2584276,-2.3384278,-4.3684278,-4.098428,-4.268428,-3.2984278,-2.8484278,-2.9484277,-7.018428,-9.428428,-7.3784275,-9.748427,-4.1784277,-4.8784275,-2.9084277,-2.2684278,-2.3384278,-0.7184277,-1.6784277,1.3415723,-0.058427736,-0.7184277,-0.9084277,-0.45842773,0.21157226,0.51157224,4.3715725,5.541572,3.3615723
-6.898428,-7.078428,-6.958428,-5.828428,-5.398428,-3.8684278,-3.4584277,-4.5884275,-7.4084277,-5.8684278,-4.0484276,-3.6584277,-3.6084278,-3.4784276,-4.668428,-4.728428,-4.518428,-3.4784276,-3.1884277,-3.5984278,-5.308428,-6.668428,-5.4484277,-8.148428,-8.508428,-8.608428,-7.708428,-10.748427,-7.1384277,-4.1584277,-0.31842774,-0.7084277,3.1515722,4.271572,-3.9784276,-1.6384277,-0.82842773,2.7515724,0.88157225,1.6315722,0.15157227
-7.3784275,-9.108428,-7.8884277,-6.7784276,-5.6584277,-5.2184277,-4.708428,-4.4484277,-5.748428,-3.8184278,-4.5884275,-3.3484278,-4.828428,-5.2784276,-5.1284275,-4.2784276,-3.7984278,-3.5784278,-3.2784278,-5.098428,-6.5284276,-6.5684276,-7.2984276,-7.0084276,-7.3884277,-7.3584275,-8.458427,-7.328428,-5.5484276,-5.2984276,-4.9084277,-3.6184278,-3.2984278,0.82157224,-1.0284277,-2.2084277,7.831572,-3.9684277,-3.4084277,2.2615724,5.9115725
-6.308428,-4.268428,-7.7384276,-7.398428,-5.6384277,-4.5484276,-3.9384277,-4.4284277,-3.7084277,-5.5284276,-4.3184276,-3.5884278,-5.248428,-6.1084275,-4.228428,-2.9184277,-3.8684278,-4.478428,-5.4084277,-5.308428,-6.0884275,-5.208428,-4.3384275,-4.6784277,-4.9084277,-4.5084276,-3.7884278,-7.7384276,-4.328428,-3.9684277,-2.9884276,-2.5784278,-2.7284276,-1.6084278,1.0715723,2.2415724,3.3415723,6.5115724,6.9115725,1.8115723,-9.138428
-4.2384276,-3.9684277,-3.6284277,-3.0184278,-2.9584277,-3.3584278,-3.8484278,-4.598428,-4.768428,-5.438428,-4.458428,-4.3184276,-3.3284278,-4.1784277,-3.4284277,-3.3184278,-3.2584276,-4.148428,-4.288428,-5.248428,-5.4884276,-5.2584276,-5.5084276,-5.1784277,-4.6084275,-3.8384278,-3.4884276,-2.4284277,-2.6584277,-1.1984277,-0.36842772,-0.28842774,-0.60842776,-1.3284278,1.6015723,-0.60842776,-0.56842774,1.4215722,0.62157226,0.35157228,2.5415723
-2.8984277,-1.8884277,-0.93842775,0.7315723,-0.058427736,-1.8684278,-4.2784276,-3.4284277,-3.7784278,-3.9284277,-3.7284276,-3.5484278,-3.3484278,-3.5284278,-2.8684278,-3.0384278,-3.2684278,-4.078428,-3.3584278,-3.9984276,-3.9184277,-3.3484278,-3.1684277,-3.2884278,-2.7584276,-1.2684277,-1.7784277,-0.56842774,0.63157225,0.89157224,0.43157226,1.1415722,1.6215723,1.2115723,0.30157226,1.6615722,3.2615724,7.6415725,5.8415723,9.241572,5.2615724
-3.1184278,-2.5584278,-2.2884278,-1.9984277,-2.8784277,-3.5684278,-3.5584278,-4.248428,-3.9084277,-3.2584276,-3.0284278,-2.9384277,-2.5784278,-2.9484277,-2.9184277,-2.8484278,-2.9484277,-2.8084278,-2.7884278,-3.0584278,-3.1884277,-2.0284278,-1.3484278,-0.5384277,-0.25842774,-0.07842773,0.021572266,1.0915723,1.4815723,2.0115724,4.061572,3.7215722,3.9815722,3.2315722,2.3215723,1.8515723,1.9115722,1.1615722,-1.3184277,1.3715723,-1.1184278
-2.1084278,-2.9484277,-2.7484276,-2.8784277,-3.1384277,-3.0584278,-3.3484278,-3.5484278,-3.0884278,-2.4784276,-2.0584278,-2.1484277,-2.1484277,-1.4284277,-1.5084277,-0.56842774,-0.69842774,-0.75842774,-0.8984277,-0.18842773,0.70157224,1.8215723,2.7515724,3.0415723,2.8715723,2.4115722,3.1615722,3.9415722,4.9715724,5.731572,5.6815724,5.2415724,3.6915722,3.6615722,4.1215725,1.0515723,-1.1584277,0.32157227,0.8415723,0.40157226,-0.0084277345
-2.6784277,-2.8784277,-2.6184278,-1.6584277,-2.0784278,-2.7884278,-2.4284277,-1.9284277,-2.2184277,-2.2884278,-1.5084277,-0.17842774,-0.18842773,-0.27842772,0.27157226,-0.31842774,0.9015723,2.3715723,2.0415723,2.7415724,3.2115722,3.0515723,3.4415722,3.4815722,3.4215722,3.6215723,4.0515723,5.461572,6.3415723,6.421572,3.9215722,4.0315723,4.291572,2.6515722,4.561572,-0.9584277,-0.73842776,0.80157226,0.12157226,0.93157226,-0.38842773
-1.3084277,-0.5184277,0.5215723,-1.4184277,-2.0684278,-2.1084278,-2.0284278,-1.4384277,-1.4984277,-0.94842774,-0.74842775,0.9015723,0.6515723,0.8515723,2.2915723,0.9815723,1.8415723,2.4015722,2.2315722,3.0915723,3.0515723,3.7415724,3.6015723,3.3115723,4.1215725,4.3015723,4.7415724,5.3915725,5.7415724,2.0715723,1.3915722,3.6615722,3.0315723,2.2815723,2.9715722,2.4515722,1.4015722,0.15157227,0.30157226,0.48157227,0.31157225
0.19157226,0.62157226,-0.33842772,0.7715723,-0.93842775,-0.7284277,-0.16842774,-0.41842774,-1.5484277,-0.73842776,-0.27842772,-0.19842774,0.99157226,1.4115722,2.0715723,2.7015722,2.7815723,3.3115723,3.0615723,3.7515724,2.9015722,3.2115722,3.4015722,3.2615724,4.8715725,5.0115724,5.671572,5.1215725,1.1515722,1.2415723,2.3115723,3.1915722,2.2815723,3.6415722,2.5515723,3.1515722,2.1915722,2.0115724,1.6715722,1.6315722,1.0315722
1.5315722,1.0415722,2.2315722,0.64157224,0.6515723,0.51157224,0.61157227,0.21157226,0.35157228,-0.46842775,-0.8484277,-0.38842773,1.4815723,1.2915722,3.3515723,3.3515723,3.3315723,3.4515722,3.0115724,3.8015723,3.9215722,3.7315722,4.9315724,5.3615723,5.191572,4.271572,2.7715724,0.5415723,1.3115723,2.0415723,2.1015723,2.0515723,1.7815722,2.7215722,2.4415722,2.0815723,1.3515723,-0.38842773,1.5215722,0.89157224,1.4915723
0.36157227,1.1815723,0.7215723,0.7315723,1.7415723,1.2915722,1.9315723,1.1215723,1.6715722,0.51157224,-0.5384277,0.95157224,1.4115722,1.7515723,3.5315723,3.1215723,3.1115723,3.2715724,3.0015724,3.2915723,3.2015722,2.8515723,2.5815723,2.5015724,2.2215722,1.8415723,1.2515723,2.3515723,2.2115722,1.8215723,1.9615723,2.6415722,2.5515723,2.0815723,2.2815723,1.1015723,2.7315722,1.1815723,1.5615723,0.81157225,0.24157226
