wind_kz.json
{"header": {"discipline":0,"disciplineName":"Meteorological products","gribEdition":2,"gribLength":1025,"center":7,"centerName":"US National Weather Service - NCEP(WMC)","subcenter":0,"refTime":"2023-08-19T18:00:00.000Z","significanceOfRT":1,"significanceOfRTName":"Start of forecast","productStatus":0,"productStatusName":"Operational products","productType":1,"productTypeName":"Forecast products","productDefinitionTemplate":0,"productDefinitionTemplateName":"Analysis/forecast at horizontal level/layer at a point in time","parameterCategory":2,"parameterCategoryName":"UnknownDiscipline_0_Category_2","parameterNumber":3,"parameterNumberName":"UnknownParameter_D0_C2_3","parameterUnit":"Unknown","genProcessType":2,"genProcessTypeName":"Forecast","forecastTime":240,"surface1Type":103,"surface1TypeName":"Specified height level above ground","surface1Value":10.0,"surface2Type":255,"surface2TypeName":"Missing","surface2Value":0.0,"gridDefinitionTemplate":0,"gridDefinitionTemplateName":"Latitude_Longitude","numberPoints":615,"shape":6,"shapeName":"Earth spherical with radius of 6,371,229.0 m","gridUnits":"degrees","resolution":48,"winds":"true","scanMode":64,"nx":41,"ny":15,"basicAngle":0,"lo1":47.0,"la1":41.0,"lo2":87.0,"la2":55.0,"dx":1.0,"dy":1.0}, "data":
[rows 0 to 14 of 15, columns 0 to 40 of 41]
3.3823223,-3.4576776,0.5423224,-5.747678,-6.6776776,-3.5476775,-0.9576776,-0.5776776,-0.9476776,-0.8176776,-2.1976776,-2.2376776,-3.6476777,-4.4376774,-4.957678,-5.6376777,-6.5676775,-7.0976777,-9.487678,-2.5576775,-5.5076776,-5.207678,-1.8676776,-0.7476776,-0.7076776,0.5623224,-0.17767762,1.7223223,2.4423225,3.1323223,-3.7776775,1.2023224,-0.91767764,-1.7476776,-1.1676776,-1.6676776,0.2323224,-0.5576776,-0.9376776,-0.5076776,0.9623224
2.3723223,1.0523224,0.7923224,-3.1676776,-5.6776776,-0.13767761,-0.28767762,1.1123223,0.09232239,-0.027677612,-3.0876777,-5.1776776,-4.5776777,-3.5476775,-4.6076775,-5.0976777,-5.3976774,-7.7576776,-9.347677,-7.5476775,-4.7776775,-6.5776777,-2.7776775,1.6623224,0.9823224,1.0923223,-2.1276777,0.8823224,-0.9376776,1.0023224,1.2323223,2.1023223,-1.3076776,0.15232238,-0.9076776,-2.1276777,-0.0076776124,-2.0776777,-1.7076776,-3.3076775,-0.6176776
1.7823224,4.5123224,2.6523223,-1.8176776,-4.6476774,0.46232238,0.2323224,-0.5676776,-1.4576776,-2.1576777,-2.7076776,-3.0476775,-4.5776777,-5.227678,-4.4676776,-3.9776776,-4.5976777,-5.5076776,-6.997678,-8.057677,-5.8776774,-4.5876775,-6.6276774,-2.3176775,-1.7676777,-0.6576776,-1.9476776,0.24232239,-0.5676776,0.6623224,2.7923224,0.7123224,1.3923224,-1.4876776,-0.6276776,1.9123224,1.3723224,-3.0276775,0.4923224,0.31232238,2.3723223
0.8423224,3.5123224,0.34232238,-2.8176775,0.16232239,0.5923224,1.6323224,0.9623224,2.0323224,0.6323224,-0.9776776,-2.9376776,-4.0076776,-6.247678,-4.3476777,-2.2576776,-2.8576777,-3.5876777,-5.6776776,-6.1876774,-6.8176775,-5.3476777,-3.7376776,-3.6076777,-2.0876777,-3.9576776,-6.1476774,-5.0076776,-2.0876777,-2.3976777,-4.6776776,-3.3476777,-1.3376776,0.5323224,0.9723224,-2.5176775,0.2023224,4.0523224,0.3623224,1.1723224,1.3223224
2.0723224,2.2823224,-0.5876776,-2.3776777,2.2023225,1.4323224,1.9423224,2.3223224,3.2323225,2.4523225,1.8623223,-0.7576776,-2.0476775,-4.8676777,-6.0276775,-3.4576776,-3.8976777,-2.0376775,-2.6376777,-3.3776777,-3.6976776,-4.5976777,-4.8576775,-3.9576776,-1.3076776,-0.8876776,-2.8376777,-4.2776775,-4.4376774,-4.5476775,-4.8776774,-0.3576776,2.1823225,4.292322,-0.4176776,-1.9876776,0.70232236,-1.5276777,-0.8076776,-0.9376776,-3.2576776
2.5623224,1.3623223,1.3923224,-0.34767762,1.4823223,3.5023224,0.64232236,1.3623223,2.5623224,1.9523224,3.6723223,2.4823225,0.8023224,-1.1976776,-3.5476775,-3.7876775,-3.7076776,-4.6076775,-4.3776774,-3.2076776,-2.4676776,-0.117677614,-1.7976776,-3.3476777,-3.7276776,-0.30767763,0.24232239,0.09232239,-2.7476776,-3.0976777,-4.4376774,-2.3876777,-2.1676776,-1.4576776,2.2923224,-0.5276776,2.1223223,2.8323224,1.1323224,-1.5676776,-0.7076776
6.1323223,4.3123226,3.1323223,2.3823223,2.4323225,2.3823223,2.0523224,1.7323223,-0.79767764,-0.5576776,0.28232238,1.3523223,-2.0076776,2.5023224,0.8623224,-0.5076776,-2.6976776,-4.247678,-4.767678,-5.9176774,-4.1076775,-2.0476775,-0.12767762,0.6123224,-2.3376777,-3.0876777,-3.9676776,-2.9176776,-2.6976776,-2.7676775,-3.7676775,-6.7376776,-2.5876777,-1.0076776,-2.5976777,-2.0876777,-2.6576777,0.44232237,1.6323224,1.6823224,1.6123223
6.9123225,6.4023223,6.252322,4.0723224,3.5023224,3.7923224,3.3623223,3.1123223,2.0523224,1.0923223,-0.92767763,-1.8276776,-1.7476776,0.2623224,1.8923224,1.8523223,2.4623225,-1.1776776,-1.7976776,-2.3676777,-5.2176776,-5.7976775,-4.5776777,3.4923224,2.7023225,1.5123224,-0.2676776,-2.3876777,-0.7676776,-1.6276776,-2.9776776,-3.4276776,-4.8676777,-6.1976776,-3.8176775,-1.3576776,-0.1876776,-1.2076776,0.8623224,-1.6276776,-2.1876776
5.3223224,8.202322,8.202322,7.3123226,5.6623225,4.7223225,5.2823224,4.1623225,1.8423223,2.2223225,-0.2676776,-1.8976777,-1.4776776,0.06232239,-1.1076776,-1.4676776,0.8723224,-1.4476776,-0.9376776,-2.3176775,-1.9976776,-4.017678,-4.1476774,-0.8176776,-0.43767762,-1.1676776,-2.7176776,0.40232238,0.34232238,1.2723224,0.6323224,-0.08767761,1.2023224,-1.0176777,-1.5076776,-2.8676777,-2.3676777,0.3523224,1.1823224,1.2223223,1.2623224
5.3923225,5.4423223,5.542322,7.0723224,6.272322,4.482322,5.4023223,4.1823225,3.5423224,3.3223224,2.4023223,1.3523223,0.0023223876,-1.2676777,-0.60767764,0.5223224,0.2023224,-0.60767764,-1.1376777,-2.1176777,-1.7876776,-2.2776775,-2.4176776,-1.3676776,-0.28767762,0.0023223876,-0.09767761,0.3523224,0.17232239,-1.2376776,-1.2376776,-2.0276775,0.8423224,1.1523224,1.1023223,0.3623224,-0.66767764,-2.5076776,1.4323224,3.3723223,2.6723223
3.8423223,4.4423223,4.3123226,3.6223223,3.6923225,4.3223224,4.5523224,3.8523223,2.8823223,1.9523224,1.2723224,1.0823224,0.2923224,-0.3976776,1.5823224,0.9823224,0.19232239,-0.6276776,-1.7276776,-2.4376776,-2.1576777,-1.6276776,-1.5076776,-0.23767762,0.6823224,1.9023224,0.6023224,2.4023223,1.6323224,-0.3876776,-1.1376777,-1.0876776,0.17232239,1.3923224,2.9323225,1.9523224,1.6423224,0.3623224,1.9223224,1.5423224,0.2623224
1.8323224,4.3323226,4.6823225,4.3623223,3.9223223,3.3123224,2.6823225,2.6123223,2.0623224,1.5623224,1.6223224,0.6523224,0.7823224,1.5523224,1.6423224,1.1723224,1.2223223,-0.23767762,-1.0276777,-0.7876776,-2.1876776,-2.1476777,-3.0376775,-2.9976776,-3.5976777,-1.4576776,1.0823224,-0.4276776,-0.6876776,-1.8676776,0.4123224,1.2523224,0.7923224,-2.0076776,-0.31767762,2.8023224,2.6623223,3.8323224,2.9023223,2.3123224,0.22232239
2.3423223,2.6623223,4.8323226,4.1223226,3.9323225,2.5223224,2.4523225,2.7723224,2.1323223,1.3723224,0.8723224,1.4823223,1.7323223,2.1523223,1.7123224,1.7423224,1.0023224,0.09232239,-1.0876776,-2.4276776,-1.2976776,-1.0676776,-0.7476776,-0.8176776,-1.2176776,-1.3676776,-0.7576776,-0.91767764,0.5023224,0.43232238,-0.4576776,1.1823224,-0.34767762,-0.28767762,1.3923224,0.052322388,-2.1976776,0.40232238,3.3923223,2.8523223,1.0823224
2.6823225,3.1023223,3.5423224,5.7423224,3.1723223,3.9123223,3.3223224,2.9523225,2.2323225,2.6423223,1.3323224,0.6023224,1.2523224,2.4623225,2.6623223,2.1023223,-0.3676776,-0.21767761,-1.1376777,-1.2676777,-1.2576776,0.8623224,0.03232239,-0.5176776,-0.49767762,-0.12767762,-1.6276776,0.102322385,0.6923224,1.3623223,1.0123224,1.2123224,0.57232237,0.022322388,-1.1376777,2.4123223,2.6323223,-0.4176776,1.9323224,1.8223224,3.4423225
-0.3976776,-4.0976777,5.1023226,4.1223226,4.0523224,3.9323225,3.6323223,2.6723223,2.9723225,1.3023224,0.4823224,1.4223224,1.4323224,-0.047677614,0.4223224,0.57232237,0.7523224,-0.7776776,-1.1476777,-1.6076776,-1.5276777,-1.8876777,-2.0576775,-0.7676776,0.03232239,0.25232238,-0.14767762,-0.1576776,1.1823224,1.6423224,2.0123224,3.1423223,2.1123223,0.6623224,-0.23767762,0.21232238,1.8523223,1.8323224,1.6523224,2.0423224,1.6223224
