wind_kz.json
{"header": {"discipline":0,"disciplineName":"Meteorological products","gribEdition":2,"gribLength":871,"center":7,"centerName":"US National Weather Service - NCEP(WMC)","subcenter":0,"refTime":"2023-09-10T18:00:00.000Z","significanceOfRT":1,"significanceOfRTName":"Start of forecast","productStatus":0,"productStatusName":"Operational products","productType":1,"productTypeName":"Forecast products","productDefinitionTemplate":0,"productDefinitionTemplateName":"Analysis/forecast at horizontal level/layer at a point in time","parameterCategory":0,"parameterCategoryName":"UnknownDiscipline_0_Category_0","parameterNumber":0,"parameterNumberName":"UnknownParameter_D0_C0_0","parameterUnit":"Unknown","genProcessType":2,"genProcessTypeName":"Forecast","forecastTime":120,"surface1Type":1,"surface1TypeName":"Ground or water surface","surface1Value":0.0,"surface2Type":255,"surface2TypeName":"Missing","surface2Value":0.0,"gridDefinitionTemplate":0,"gridDefinitionTemplateName":"Latitude_Longitude","numberPoints":615,"shape":6,"shapeName":"Earth spherical with radius of 6,371,229.0 m","gridUnits":"degrees","resolution":48,"winds":"true","scanMode":64,"nx":41,"ny":15,"basicAngle":0,"lo1":47.0,"la1":41.0,"lo2":87.0,"la2":55.0,"dx":1.0,"dy":1.0}, "data":
[rows 0 to 14 of 15, columns 0 to 40 of 41]
292.59674,283.89673,285.89673,297.59674,297.39673,296.29672,297.19672,296.09674,294.89673,295.99673,294.49673,294.99673,293.09674,292.99673,294.09674,292.79672,292.19672,292.59674,292.69672,291.69672,293.39673,290.49673,288.29672,286.59674,289.69672,290.59674,287.49673,277.09674,276.69672,276.49673,276.69672,279.89673,288.99673,293.59674,294.19672,294.19672,294.59674,293.99673,295.29672,293.59674,293.29672
270.09674,287.69672,296.79672,296.99673,296.79672,294.99673,294.29672,294.39673,293.79672,293.99673,294.39673,292.89673,290.09674,291.19672,293.19672,293.49673,291.79672,290.89673,288.89673,287.69672,292.19672,290.19672,289.59674,283.69672,277.09674,275.49673,283.19672,277.39673,276.49673,272.39673,278.19672,271.79672,281.39673,256.09674,277.09674,292.49673,291.09674,293.49673,296.79672,286.59674,284.09674
287.69672,296.09674,296.89673,296.79672,294.69672,291.19672,291.59674,292.89673,292.19672,292.09674,290.59674,292.19672,288.59674,289.29672,290.99673,287.39673,286.59674,285.69672,286.39673,287.19672,291.29672,290.19672,291.39673,285.49673,286.89673,286.79672,286.99673,286.09674,284.69672,278.89673,275.79672,274.49673,278.69672,277.69672,279.59674,278.89673,274.19672,273.89673,274.79672,271.69672,272.09674
288.39673,295.29672,296.09674,295.49673,293.49673,292.19672,292.09674,290.59674,291.99673,292.89673,292.19672,289.59674,293.29672,292.59674,289.29672,289.39673,289.29672,286.69672,287.59674,286.69672,287.19672,284.39673,289.19672,289.59674,289.99673,290.49673,290.19672,288.09674,286.99673,287.49673,287.69672,284.49673,288.59674,286.29672,284.09674,281.69672,274.09674,269.29672,276.59674,285.79672,288.99673
292.19672,293.39673,294.39673,293.09674,292.19672,292.29672,292.79672,291.49673,291.49673,290.39673,290.09674,289.79672,292.29672,291.09674,289.59674,289.79672,288.89673,288.09674,285.99673,289.19672,288.99673,289.19672,288.39673,288.49673,288.19672,288.69672,287.19672,288.69672,286.69672,287.99673,290.49673,285.59674,274.39673,269.09674,278.89673,285.99673,288.19672,288.09674,290.19672,289.89673,288.39673
290.99673,289.19672,292.89673,292.29672,292.59674,291.79672,292.59674,293.39673,291.89673,290.59674,290.89673,290.99673,291.79672,292.39673,290.29672,288.29672,290.29672,289.09674,289.49673,289.59674,288.69672,287.89673,286.69672,286.99673,286.69672,285.79672,289.69672,290.49673,288.69672,289.49673,287.19672,289.09674,286.69672,288.99673,281.89673,287.29672,276.79672,280.09674,288.89673,288.69672,289.29672
289.29672,290.09674,291.09674,290.49673,291.89673,288.59674,291.79672,291.49673,293.79672,292.49673,291.89673,292.09674,291.59674,289.69672,289.09674,289.19672,290.59674,291.19672,291.49673,289.99673,290.09674,290.49673,289.29672,289.69672,288.39673,288.49673,288.59674,287.29672,285.39673,288.59674,286.79672,285.39673,288.99673,288.09674,284.09674,283.39673,278.79672,274.99673,273.39673,275.19672,283.59674
286.39673,288.79672,288.79672,291.29672,291.89673,289.29672,290.69672,290.39673,291.69672,291.09674,290.99673,291.09674,287.29672,288.79672,288.09674,291.49673,291.39673,290.69672,290.19672,286.69672,287.89673,286.49673,286.89673,288.89673,286.09674,285.59674,285.69672,286.19672,286.29672,287.69672,286.89673,287.19672,284.99673,283.89673,279.69672,282.79672,285.59674,289.09674,285.09674,285.69672,282.19672
286.29672,286.99673,288.09674,286.99673,288.69672,287.99673,289.09674,290.69672,289.89673,290.09674,289.39673,285.69672,286.29672,287.39673,289.59674,290.59674,288.19672,286.39673,288.99673,286.79672,285.79672,283.39673,285.29672,285.69672,282.99673,283.49673,280.29672,283.39673,280.69672,278.49673,282.99673,284.19672,283.49673,286.09674,285.49673,280.79672,282.19672,281.19672,272.29672,274.99673,270.29672
286.39673,286.59674,287.49673,287.19672,285.99673,287.69672,288.69672,289.29672,288.99673,289.79672,288.69672,288.39673,285.89673,285.29672,286.09674,286.49673,288.19672,287.39673,288.09674,287.99673,285.59674,287.49673,287.49673,287.19672,283.49673,282.79672,282.39673,281.69672,280.59674,281.89673,281.29672,285.49673,287.19672,287.49673,282.89673,284.09674,281.49673,278.89673,276.09674,272.49673,271.29672
286.69672,286.79672,286.39673,286.89673,287.29672,287.89673,288.89673,289.79672,286.89673,287.19672,287.59674,284.19672,285.19672,284.69672,282.69672,285.79672,285.29672,288.29672,289.19672,287.89673,284.79672,287.79672,287.39673,286.49673,283.69672,282.19672,280.39673,283.29672,284.49673,284.49673,286.49673,284.49673,286.99673,287.09674,287.19672,280.79672,276.89673,274.69672,274.09674,275.49673,273.09674
288.49673,289.39673,289.99673,287.19672,285.49673,285.79672,284.59674,285.49673,283.99673,285.69672,281.69672,282.59674,283.79672,282.69672,283.79672,284.39673,284.39673,284.89673,286.29672,284.69672,284.29672,285.69672,284.99673,286.09674,282.49673,283.59674,282.19672,283.99673,287.49673,286.89673,286.29672,283.39673,285.29672,284.69672,283.89673,285.79672,286.09674,284.09674,282.59674,282.89673,280.29672
286.69672,283.79672,285.29672,284.29672,286.59674,286.79672,286.79672,287.89673,286.49673,283.09674,281.49673,278.89673,281.99673,282.49673,283.29672,283.59674,283.39673,283.49673,283.69672,282.69672,282.99673,281.19672,280.59674,279.99673,282.79672,284.59674,285.49673,287.09674,284.79672,284.29672,287.59674,286.69672,285.39673,284.39673,285.99673,285.29672,285.39673,284.99673,284.39673,283.89673,282.79672
286.19672,285.49673,287.89673,287.99673,285.79672,287.49673,286.89673,284.29672,283.29672,286.09674,280.89673,279.39673,281.09674,285.29672,282.69672,283.19672,283.69672,284.99673,283.69672,283.29672,283.19672,282.99673,287.29672,283.99673,285.29672,285.69672,287.69672,287.59674,282.79672,283.39673,285.79672,286.89673,285.99673,283.49673,284.99673,284.59674,283.49673,282.29672,282.09674,281.79672,282.69672
283.19672,288.59674,288.39673,288.29672,288.49673,285.09674,285.69672,286.69672,286.69672,283.39673,282.89673,281.29672,282.39673,283.39673,284.79672,284.29672,283.59674,282.99673,286.79672,283.59674,283.69672,283.89673,283.59674,284.39673,286.69672,287.69672,287.19672,285.29672,287.49673,286.79672,286.79672,285.79672,282.29672,281.99673,281.79672,282.29672,282.49673,281.59674,281.99673,282.59674,283.09674
