wind.json
{"header": {"discipline":0,"disciplineName":"Meteorological products","gribEdition":2,"gribLength":1211,"center":7,"centerName":"US National Weather Service - NCEP(WMC)","subcenter":0,"refTime":"2023-06-30T12:00:00.000Z","significanceOfRT":1,"significanceOfRTName":"Start of forecast","productStatus":0,"productStatusName":"Operational products","productType":1,"productTypeName":"Forecast products","productDefinitionTemplate":0,"productDefinitionTemplateName":"Analysis/forecast at horizontal level/layer at a point in time","parameterCategory":2,"parameterCategoryName":"UnknownDiscipline_0_Category_2","parameterNumber":2,"parameterNumberName":"UnknownParameter_D0_C2_2","parameterUnit":"Unknown","genProcessType":2,"genProcessTypeName":"Forecast","forecastTime":240,"surface1Type":103,"surface1TypeName":"Specified height level above ground","surface1Value":10.0,"surface2Type":255,"surface2TypeName":"Missing","surface2Value":0.0,"gridDefinitionTemplate":0,"gridDefinitionTemplateName":"Latitude_Longitude","numberPoints":688,"shape":6,"shapeName":"Earth spherical with radius of 6,371,229.0 m","gridUnits":"degrees","resolution":48,"winds":"true","scanMode":64,"nx":43,"ny":16,"basicAngle":0,"lo1":45.0,"la1":40.0,"lo2":87.0,"la2":55.0,"dx":1.0,"dy":1.0}, "data":
[rows 0 to 15 of 16, columns 0 to 42 of 43]
-0.98724365,-3.2872436,-3.1372437,-6.0272436,-4.9872437,-0.34724367,0.7827563,2.3627563,5.652756,4.5927563,2.0327563,-0.40724364,-0.21724366,-0.057243653,1.8227563,2.5327563,3.6327562,4.5827565,6.152756,6.7427564,5.172756,5.8927565,6.9527564,-0.90724367,2.4927564,2.3227563,1.1027564,0.37275636,-1.5072436,1.0627563,1.6827563,5.3327565,0.23275635,-2.1472437,-4.2772436,-3.3772438,-1.9872437,1.9727564,-0.04724365,2.2727563,-4.8872437,-6.3172436,-6.1972437
-2.1872437,-4.8372436,-0.99724364,1.6927563,-1.0572437,-3.1572437,0.64275634,2.7527564,6.7027564,2.0627563,-0.68724364,-1.0272436,-0.34724367,3.3227563,2.1127563,3.5527563,4.652756,4.5127563,5.9727564,7.5927563,8.092756,6.7227564,8.592756,4.0327563,6.462756,5.3227563,3.1727564,3.8727562,5.3427563,5.002756,5.3327565,3.2527564,0.8627564,1.8627564,2.2627563,-0.43724364,2.2127564,2.2827563,7.8227563,-1.3472437,-1.6472436,-2.0772436,0.9227564
-2.7872436,0.82275635,0.94275635,-4.6772437,-5.037244,-4.1472435,-0.45724365,4.2627563,8.872756,-3.0572436,0.04275635,-0.43724364,-0.59724367,-0.27724364,1.9727564,1.7427564,4.3627563,4.1227565,4.8127565,6.2427564,7.462756,8.382756,8.792756,6.8727565,5.2827563,5.2427564,1.4527564,-0.28724366,-0.18724366,3.5427563,5.8727565,3.1027563,-2.6072435,0.24275635,-0.40724364,0.18275635,-0.73724365,3.1027563,-1.1672436,1.6627563,2.1627564,2.8627563,-0.8372437
0.28275636,0.49275634,-8.417244,-5.4172435,-5.327244,-3.3272436,0.9727563,3.9427564,-1.0072436,-1.9772437,-1.7472436,-1.3572437,-1.8972436,-2.4172437,0.83275634,0.7827563,2.0527563,5.0227566,6.3327565,8.142756,6.962756,8.782757,9.372756,2.9627564,6.442756,6.752756,-6.367244,-3.3472435,4.0827565,7.882756,-0.67724365,-1.8372437,-0.28724366,0.64275634,3.1227562,0.62275636,2.1127563,0.8527563,-0.33724365,-1.1472436,2.4027565,4.9327564,-1.6072437
-7.9172435,-9.937243,-9.357244,-7.1472435,-4.6672435,-0.09724365,2.0827563,-3.8572435,-0.40724364,-0.39724365,-0.53724366,-1.4572437,-0.45724365,-5.6872435,-0.54724365,2.5327563,6.172756,8.722756,11.172756,9.282757,4.3927565,4.3627563,8.402757,6.002756,-1.6872437,6.9327564,-3.6872437,-2.3372436,10.582756,7.5427566,0.65275633,-1.9072436,1.9427563,5.0427566,6.3127565,9.402757,7.8027563,6.8327565,0.52275634,1.7427564,-0.60724366,-0.65724367,-0.17724365
-8.677243,-9.417244,-9.097243,-6.6272435,-5.9172435,-4.5672436,-3.2072437,-3.9172437,-4.097244,-0.62724364,0.16275635,-0.0072436524,0.30275634,-3.8872437,-0.12724365,4.002756,6.0527563,5.692756,1.9627564,-5.9772434,-3.9172437,-0.67724365,3.0327563,4.7927566,-4.6272435,1.1027564,-4.5272436,7.3027563,5.4527564,-2.5672436,-3.7272437,-2.1872437,-2.7672436,0.0027563476,0.5427563,-0.077243656,2.3427563,1.2627563,10.082756,2.2227564,1.2727563,0.51275635,3.0127563
-8.597243,-7.787244,-5.827244,-5.7772436,-2.2772436,-2.3472435,-1.0072436,3.0027564,4.8227563,-1.6972437,-1.0272436,-0.5172436,1.1327564,1.7327564,-0.15724365,5.3027563,0.83275634,1.8127563,-7.6372437,-2.3072436,-1.6472436,-0.78724366,3.4927564,-13.027244,4.0327563,4.4927564,3.2727563,-7.6972437,-7.867244,-5.517244,-4.2372437,-3.3472435,-1.5172436,-0.24724366,1.5727563,3.5827563,5.252756,1.2227564,8.512756,7.442756,9.092756,-4.9272437,-5.4572434
-4.6372437,-5.307244,-2.4372437,-4.6072435,-0.5272437,-2.7672436,-0.21724366,1.3027563,3.6227562,-2.0272436,-2.3672438,-2.6072435,-1.0872437,0.49275634,-1.2972436,-3.0472436,-1.5572437,-3.3872437,-11.927243,-5.247244,8.752756,4.0327563,-4.8172436,-2.6772437,-3.9372437,-4.497244,-6.497244,-4.077244,-2.6972437,-1.0972437,1.1227564,0.81275636,0.052756347,-0.99724364,1.6327564,2.6727564,6.7927566,6.8927565,6.7227564,1.2227564,2.1927564,-0.66724366,1.4527564
-4.5672436,-3.7772436,-3.6472437,-3.3572435,-1.1272436,-0.87724364,-1.1972437,1.8327564,-2.0372436,0.052756347,-2.3072436,-1.7372437,-1.9472437,-0.53724366,-0.54724365,-3.0772436,-1.6872437,-3.7572436,-4.5872436,-2.8772438,0.88275635,-2.3972437,-4.3972435,-4.6072435,-4.1772437,-2.7772436,-3.9272437,0.17275634,3.4327564,1.0627563,-1.1172436,0.83275634,-1.9872437,-0.037243653,-0.30724365,1.1727563,1.0627563,2.9727564,4.6827564,0.6027563,5.942756,8.432756,7.422756
-3.3072436,-3.6372437,-3.0372436,-2.0872436,-0.8272436,-0.5272437,-0.26724365,2.7827563,3.2027564,0.012756348,1.3727564,-1.7572436,-1.9572437,-2.4672437,-2.3372436,-0.40724364,-2.2672436,-0.12724365,-3.2372437,-3.5972435,-3.9872437,-3.4172437,-3.1372437,-2.2272437,-2.3172436,0.58275634,-0.34724367,-1.9772437,-0.98724365,1.1427563,-1.7972436,-2.2472436,-2.0272436,-0.79724365,0.63275635,0.99275637,4.3127565,4.7227564,-2.3772438,0.83275634,-0.40724364,0.23275635,1.2327564
-4.3572435,-2.7372437,-2.6872437,-2.7672436,-3.4172437,-1.9672437,-3.0772436,-3.0872436,-3.3172436,-4.117244,-0.56724364,-2.0372436,-1.0272436,-1.1672436,0.34275636,-1.1072437,-0.37724364,-1.7172437,0.39275634,-1.8572437,-2.0372436,-3.1772437,-1.4472437,-2.2472436,-0.84724367,-1.2172437,-2.2472436,-4.6772437,-2.9872437,-3.4572437,-2.4472437,-2.6072435,-1.2872436,-0.36724365,-1.5072436,0.062756345,1.2827563,-1.5872437,-2.3172436,0.32275635,-0.24724366,-0.077243656,0.032756347
-4.4172435,-2.1872437,-2.8272436,-3.2272437,-2.3972437,-2.7672436,-2.4672437,-2.8772438,-2.0572436,-0.99724364,0.11275635,1.2127564,2.2727563,4.3927565,0.89275634,1.8427564,0.6627563,0.07275635,0.23275635,-1.0072436,0.19275635,0.36275634,-0.50724363,-2.2772436,-2.0472436,-3.1672437,-3.6872437,-1.7672436,-0.93724364,-1.2072437,-2.9172437,-2.3872437,-1.5772437,-3.2272437,-2.9372437,-3.6572437,-3.3672438,-3.5772436,-1.4172436,2.1127563,-2.7572436,-0.15724365,-0.55724365
-2.0672436,-1.9872437,-1.9772437,-0.7772437,-2.3872437,-2.0072436,-2.1172438,-2.5472436,-1.9472437,-1.3972436,-1.4672437,0.012756348,1.1727563,-2.1072435,-0.14724365,-2.9172437,0.38275635,1.4127563,0.9727563,1.8727564,-1.6072437,0.23275635,0.18275635,1.3927563,0.17275634,-0.087243654,-0.97724366,1.0627563,-0.35724366,-0.7772437,-1.8172437,-3.7872436,-4.097244,-1.8772436,-4.3972435,-3.6972437,-3.7672436,-4.7072434,-5.3872437,-5.327244,-2.9772437,-0.50724363,-2.6372437
1.0827564,-0.27724364,-0.61724365,-1.2672436,-0.7172437,-2.9472437,-0.91724366,-1.8072437,-1.9772437,-0.44724366,-2.4172437,0.11275635,0.28275636,0.31275636,-5.117244,-2.9872437,-0.98724365,2.0427563,2.6727564,2.1127563,2.6427565,1.5427563,1.2327564,1.6227564,3.9127564,2.8727562,0.34275636,0.76275635,-1.3372437,-1.4872437,-2.2772436,-0.81724364,-2.4872437,-2.8772438,-1.8372437,-4.1872435,-2.7272437,-2.8972437,-3.3672438,-3.0472436,-2.9272437,-1.7472436,-1.4272437
0.30275634,0.70275635,1.3627564,-0.84724367,3.1327562,0.48275635,0.87275636,-0.33724365,-0.25724366,0.51275635,-0.22724365,-0.057243653,1.5727563,2.4327564,0.93275636,0.012756348,-0.19724365,0.74275637,1.1727563,0.9227564,2.6127563,2.2527564,3.3927565,2.9727564,3.2227564,1.3427564,0.5427563,-1.1972437,0.18275635,0.26275635,2.2827563,-0.37724364,1.4727564,-1.3872436,-0.94724363,-5.4272437,-2.9672437,-2.7772436,-1.5672437,-2.4672437,-3.5272436,-1.5072436,1.9327563
0.65275633,1.8827564,3.3027563,1.6227564,0.96275634,2.5127563,1.8527564,2.2627563,1.7827563,2.7527564,0.94275635,1.1227564,1.8427564,1.1227564,1.4827564,3.5327563,2.5127563,1.1427563,2.3327563,3.4327564,5.482756,1.3227563,2.9927564,3.6227562,3.8727562,3.2727563,2.3927565,3.0827563,-0.39724365,-0.26724365,0.33275634,2.3227563,-0.7172437,1.4327563,-0.017243652,2.4427564,-0.20724365,-3.0172436,-1.9272437,-3.0072436,-1.1372436,-2.0172436,-2.3372436
