wind_kz.json
{"header": {"discipline":0,"disciplineName":"Meteorological products","gribEdition":2,"gribLength":1025,"center":7,"centerName":"US National Weather Service - NCEP(WMC)","subcenter":0,"refTime":"2023-08-24T12:00:00.000Z","significanceOfRT":1,"significanceOfRTName":"Start of forecast","productStatus":0,"productStatusName":"Operational products","productType":1,"productTypeName":"Forecast products","productDefinitionTemplate":0,"productDefinitionTemplateName":"Analysis/forecast at horizontal level/layer at a point in time","parameterCategory":2,"parameterCategoryName":"UnknownDiscipline_0_Category_2","parameterNumber":2,"parameterNumberName":"UnknownParameter_D0_C2_2","parameterUnit":"Unknown","genProcessType":2,"genProcessTypeName":"Forecast","forecastTime":240,"surface1Type":103,"surface1TypeName":"Specified height level above ground","surface1Value":10.0,"surface2Type":255,"surface2TypeName":"Missing","surface2Value":0.0,"gridDefinitionTemplate":0,"gridDefinitionTemplateName":"Latitude_Longitude","numberPoints":615,"shape":6,"shapeName":"Earth spherical with radius of 6,371,229.0 m","gridUnits":"degrees","resolution":48,"winds":"true","scanMode":64,"nx":41,"ny":15,"basicAngle":0,"lo1":47.0,"la1":41.0,"lo2":87.0,"la2":55.0,"dx":1.0,"dy":1.0}, "data":
[rows 0 to 14 of 15, columns 0 to 40 of 41]
-0.4059619,1.7340381,-3.725962,-5.655962,-1.695962,0.054038085,-4.105962,-6.6859617,-6.6459618,-5.675962,-6.015962,-6.1459618,-5.385962,-4.815962,-4.985962,-4.635962,-5.3959618,-6.765962,-5.905962,-3.0359619,-0.4859619,0.3140381,3.114038,3.804038,2.864038,3.094038,2.6740382,3.284038,0.17403808,-1.0259619,0.7140381,2.534038,3.314038,1.2340381,-0.8159619,0.30403808,-1.3359619,-1.4959619,-1.4159619,-1.4859619,-1.1459619
-0.16596192,-2.635962,-5.635962,-4.835962,-0.15596192,1.184038,-4.9159617,-6.005962,-6.385962,-5.865962,-5.785962,-6.155962,-6.825962,-6.1659617,-5.6459618,-6.2259617,-7.035962,-6.825962,-5.215962,-7.4759617,-7.265962,-4.045962,-3.705962,1.674038,1.2440381,-1.0959619,0.8840381,2.604038,-3.5559618,-0.3959619,-0.035961915,-1.0059619,-3.3559618,0.6940381,0.15403809,0.42403808,1.6440381,1.2640381,1.2340381,-2.3459618,-1.6659619
-5.045962,-5.155962,-4.905962,-4.015962,-2.115962,-2.6059618,-4.465962,-4.4559617,-4.515962,-5.615962,-5.785962,-6.1659617,-6.6459618,-6.6859617,-6.125962,-6.6859617,-7.315962,-6.7259617,-7.595962,-7.385962,-4.375962,-10.035962,-9.055962,-9.685962,-4.745962,-5.635962,-2.255962,-1.2459619,2.7140381,-0.4059619,-0.035961915,-2.685962,0.40403807,1.8740381,1.1040381,-0.9359619,0.8740381,-0.5059619,3.044038,2.6840382,-0.8259619
-5.925962,-4.9559617,-4.4359617,-2.3359618,1.7040381,-1.3559619,-3.2859619,-3.765962,-5.035962,-5.4359617,-7.135962,-6.695962,-3.445962,-1.825962,-6.2059617,-6.9159617,-6.765962,-7.255962,-7.265962,-7.745962,-8.485962,-9.495962,-7.925962,-8.115962,-7.6459618,-7.005962,-6.4559617,-6.125962,-5.1859617,-3.125962,-0.17596191,2.9640381,7.494038,4.5840383,4.0440383,3.4040382,0.3740381,-0.6259619,-2.115962,-2.205962,-1.175962
-4.195962,-4.005962,-2.865962,0.2940381,1.9740381,-1.2659619,0.6840381,-2.8059618,-4.625962,-5.315962,-6.445962,-5.505962,-4.4759617,-1.195962,-1.055962,-6.355962,-6.845962,-6.215962,-6.215962,-6.875962,-7.125962,-6.2259617,-5.9359617,-5.465962,-5.9159617,-7.365962,-5.615962,-1.3759619,-4.515962,-4.565962,-4.035962,-1.8359619,-2.905962,-0.07596192,-2.0959618,-1.1159619,2.264038,0.094038084,-1.7459619,1.3540381,0.14403808
-3.735962,-1.5359619,-2.8059618,-2.415962,-3.645962,-4.275962,-0.23596191,-3.0459619,-3.0759618,-3.8459618,-4.245962,-4.445962,-1.195962,0.20403808,-2.965962,-4.945962,-4.9359617,-4.985962,-6.155962,-5.985962,-6.555962,-5.945962,-4.855962,-4.545962,-4.585962,-5.035962,-5.905962,-2.465962,-3.8059618,-3.875962,-4.8959618,-4.795962,-2.145962,-2.265962,-1.3459619,2.6840382,0.33403808,3.334038,-0.96596193,-2.165962,-3.405962
1.6040381,0.21403809,-2.5459619,-2.495962,-3.2859619,-1.8559619,-3.115962,-2.2859619,-2.8059618,-2.645962,-2.675962,-3.0259619,-2.125962,-3.3159618,-3.445962,-3.5459619,-4.015962,-4.1859617,-3.685962,-4.625962,-5.1859617,-5.265962,-4.835962,-4.1659617,-3.2859619,-3.705962,-3.975962,-4.115962,-3.3559618,-3.425962,-3.165962,-3.755962,-3.215962,-1.5259619,2.3940382,2.344038,0.5040381,-0.015961913,3.264038,-0.5759619,3.524038
0.40403807,-0.5659619,0.3740381,-1.5059619,-0.83596194,0.36403808,-2.185962,-0.89596194,-1.2159619,-1.555962,-0.6659619,-1.9759619,-1.1459619,-0.6259619,-0.4359619,-0.18596192,-0.5659619,-0.10596191,-1.0459619,-1.2259619,-2.5559618,-2.5559618,-2.8459618,-2.8159618,-2.985962,-2.015962,-1.305962,-0.8659619,-2.145962,-3.255962,-2.955962,-1.0859619,-3.405962,-2.225962,-1.9759619,0.6240381,2.1740382,4.194038,6.244038,8.384038,7.194038
0.2940381,1.674038,0.40403807,-0.26596192,1.304038,0.72403806,0.33403808,0.7640381,1.304038,1.8640381,0.6740381,1.324038,0.5040381,1.7440381,2.754038,2.504038,3.564038,3.594038,3.084038,2.584038,3.024038,3.114038,-0.6259619,0.66403806,-1.2159619,-0.9359619,-1.3759619,-0.4059619,-0.4859619,-0.7959619,-1.5259619,-1.695962,-1.2359619,-1.1059619,0.004038086,0.9440381,-0.4359619,0.7440381,-0.7659619,0.40403807,1.1640381
0.2840381,1.2840381,1.2040381,1.314038,1.824038,1.8540381,2.134038,0.84403807,1.6340381,2.494038,3.1740382,3.344038,3.6540382,3.554038,2.6840382,3.4740381,2.4640381,3.604038,3.574038,1.8640381,2.994038,4.094038,3.854038,1.2340381,2.874038,2.6740382,1.4840381,0.06403808,0.60403806,0.024038086,-0.6259619,-1.0959619,-0.6859619,0.7040381,-0.3959619,1.1040381,1.7840381,0.54403806,-0.4959619,-0.9259619,0.5240381
1.1640381,3.304038,2.8940382,3.354038,3.554038,2.8940382,3.384038,3.824038,3.6840382,3.984038,4.004038,4.614038,4.734038,4.444038,4.424038,3.814038,3.7040381,4.0240383,3.114038,3.874038,4.284038,3.864038,3.754038,2.9740381,3.044038,3.614038,3.7240381,2.044038,0.46403807,0.2540381,0.15403809,0.79403806,-1.0359619,-0.3359619,1.9640381,0.1940381,-0.6159619,0.124038085,-0.8859619,-0.07596192,0.49403808
6.764038,3.614038,3.804038,5.534038,5.0640383,4.974038,4.484038,4.484038,4.204038,4.1040382,5.5240383,5.554038,5.214038,5.654038,5.364038,5.874038,3.834038,4.324038,3.6540382,2.9640381,2.834038,2.564038,2.6740382,3.504038,4.054038,3.044038,3.7140381,4.384038,1.2440381,0.8140381,1.1640381,0.9540381,-0.10596191,1.0340381,0.3840381,0.7340381,-1.2559619,-1.3459619,-1.8759619,-0.89596194,-0.24596192
4.444038,7.0440383,4.484038,3.804038,4.114038,3.354038,4.3540382,6.424038,6.704038,6.144038,3.294038,5.0440383,6.5840383,5.694038,4.934038,4.844038,4.764038,4.634038,4.554038,4.1040382,3.7140381,3.084038,3.104038,4.3340383,3.124038,3.6940382,1.7640381,4.574038,2.9240382,2.4040382,1.924038,0.7340381,0.84403807,1.2240381,1.3540381,2.624038,-2.3459618,-1.435962,-1.3459619,-1.1259619,0.034038085
5.984038,3.274038,-2.115962,-1.1059619,-2.495962,-0.005961914,5.244038,5.194038,5.554038,6.844038,3.4240382,3.784038,5.724038,5.924038,3.004038,1.7640381,4.154038,5.174038,4.5440383,4.374038,3.764038,4.374038,3.994038,3.3940382,3.4440382,3.614038,3.134038,3.384038,2.864038,2.494038,1.814038,1.184038,1.7840381,1.1440381,1.1240381,2.604038,-0.8859619,0.22403808,1.2040381,-0.21596192,-0.83596194
2.4240382,1.1140381,0.8340381,0.9640381,1.9140381,1.3740381,1.804038,3.534038,4.254038,5.2940383,3.294038,3.614038,3.054038,3.7040381,2.4040382,1.044038,3.1840382,3.864038,1.6540381,3.334038,3.994038,3.794038,3.9140382,3.274038,3.774038,3.2140381,2.004038,2.6540382,1.674038,2.6440382,-3.0559618,-0.14596191,1.3640381,2.234038,0.06403808,2.284038,-0.26596192,1.944038,-1.7159619,-0.8559619,-0.19596191
