wind_kz.json
{"header": {"discipline":0,"disciplineName":"Meteorological products","gribEdition":2,"gribLength":1102,"center":7,"centerName":"US National Weather Service - NCEP(WMC)","subcenter":0,"refTime":"2023-10-03T12:00:00.000Z","significanceOfRT":1,"significanceOfRTName":"Start of forecast","productStatus":0,"productStatusName":"Operational products","productType":1,"productTypeName":"Forecast products","productDefinitionTemplate":0,"productDefinitionTemplateName":"Analysis/forecast at horizontal level/layer at a point in time","parameterCategory":2,"parameterCategoryName":"UnknownDiscipline_0_Category_2","parameterNumber":3,"parameterNumberName":"UnknownParameter_D0_C2_3","parameterUnit":"Unknown","genProcessType":2,"genProcessTypeName":"Forecast","forecastTime":240,"surface1Type":103,"surface1TypeName":"Specified height level above ground","surface1Value":10.0,"surface2Type":255,"surface2TypeName":"Missing","surface2Value":0.0,"gridDefinitionTemplate":0,"gridDefinitionTemplateName":"Latitude_Longitude","numberPoints":615,"shape":6,"shapeName":"Earth spherical with radius of 6,371,229.0 m","gridUnits":"degrees","resolution":48,"winds":"true","scanMode":64,"nx":41,"ny":15,"basicAngle":0,"lo1":47.0,"la1":41.0,"lo2":87.0,"la2":55.0,"dx":1.0,"dy":1.0}, "data":
[rows 0 to 14 of 15, columns 0 to 40 of 41]
0.9759277,0.09592774,1.9759277,14.185927,9.005928,5.2359276,1.2359277,0.025927734,1.4559277,-0.32407227,-2.0140722,-2.7740722,-3.2440722,-3.7040722,-3.6340723,-4.374072,-5.3440723,-5.4340725,-3.3940723,-4.624072,-7.104072,-6.084072,-5.2840724,3.7059278,4.0959277,4.835928,1.0459278,0.67592776,-0.6440723,1.5259278,1.8759277,0.5859277,0.23592773,0.8959277,-0.70407224,1.6859277,1.7359277,1.7359277,1.8459277,0.82592773,1.5159278
4.3659277,1.2959278,5.245928,13.505928,9.505928,5.1359277,0.6659277,-1.4340723,-0.46407226,-0.5840723,-2.0640724,-2.0940723,-2.7940722,-2.6440723,-3.6140723,-4.314072,-4.4540725,-4.6740723,-4.984072,-2.0840724,-3.6140723,-6.624072,-4.0340724,0.9659277,0.61592776,1.7259277,-0.8540723,1.2059277,-1.1340723,1.8059278,1.7459277,1.0759277,1.7059277,-2.0440722,0.17592773,2.4359276,0.99592775,2.4059277,0.8959277,1.0759277,1.5859277
0.30592772,7.5559278,8.725927,9.155928,6.685928,3.3359277,1.7059277,0.9159277,-0.37407225,-0.5840723,-1.3440722,-1.9740722,-2.3440723,-2.3440723,-3.2540722,-3.8540723,-4.6140723,-4.5540724,-5.2240725,-4.294072,-3.0740724,-5.854072,-3.9640722,2.5359278,-3.5140722,-2.3740723,-4.5540724,-3.4340723,-2.9640722,-0.70407224,2.3559277,0.39592773,0.17592773,1.5159278,-0.38407227,1.3159277,1.5659277,0.17592773,1.0459278,1.3259277,1.0059277
4.725928,8.375928,7.5559278,5.8159275,3.3659277,2.0259278,1.1659278,1.1259277,0.6459277,0.23592773,-1.4440722,-1.7140722,-1.5640723,-1.2840723,-1.4540722,-2.9940722,-2.7540722,-4.214072,-3.9240723,-2.8540723,-0.69407225,1.1859277,-7.6340723,-7.044072,-6.5340724,-3.7640722,-3.5440722,-3.3440723,-2.2540722,-1.1440723,2.2159278,0.5259277,0.33592772,-1.2340722,0.105927736,-0.55407226,0.12592773,2.5259278,0.76592773,-0.82407224,-1.5440723
4.8659277,5.375928,4.8259277,4.3459277,3.4259276,1.6659278,1.7559277,0.93592775,-0.49407226,-0.074072264,0.0059277345,-0.38407227,-1.6240723,-2.3240724,-2.6040723,-2.5740724,-2.1940722,-1.5140723,-1.0640723,-1.4540722,-0.8340723,0.13592774,-1.6740723,-3.8740723,-5.3040724,-3.4140723,-2.6240723,-1.3640723,-1.7540723,0.14592773,3.1459277,-0.8440723,0.82592773,1.7759278,-0.67407227,-0.13407226,0.22592774,-0.064072266,-0.69407225,-2.3240724,-1.4440722
4.285928,4.1959276,6.5959277,4.2359276,3.6259277,3.0059278,1.7259277,0.51592773,-0.33407226,-1.3040723,-1.6140723,-0.62407225,0.055927735,-2.0440722,-1.5040723,-0.14407226,-0.70407224,-1.6640723,-0.8440723,-1.5840722,-0.29407227,0.055927735,-1.0040723,-0.36407226,-4.334072,-2.5240722,-0.08407226,3.9359276,0.68592775,-0.5340723,0.73592776,1.0959277,-0.16407226,-0.81407225,1.2159277,9.025928,0.7159277,3.7659278,2.3059278,0.92592776,-0.94407225
4.7759275,4.5259275,3.9559278,3.3359277,3.1659276,3.8359277,2.9559278,2.0959277,-0.14407226,-0.7740723,-0.5340723,-0.29407227,-0.74407226,-1.1940722,0.42592773,-0.74407226,-0.69407225,-0.25407228,0.54592776,-0.16407226,0.045927733,0.09592774,-0.16407226,1.8059278,-2.4540722,-1.5340723,0.57592773,2.7559278,1.3059278,-0.46407226,2.9759278,2.3259277,2.4359276,2.1759276,2.7259278,0.6059277,-1.6340723,1.1459278,1.9859277,2.2159278,3.1259277
4.5259275,4.0459275,4.9659276,4.9259276,4.6559277,2.6159277,1.8559277,0.88592774,0.5259277,-0.13407226,0.06592774,0.105927736,-0.0040722657,-0.30407226,-1.1840723,-0.40407225,0.29592773,-0.35407227,-0.5840723,0.35592774,0.24592774,0.7759277,0.55592775,1.7259277,2.7659278,-0.42407227,-0.18407227,3.7659278,4.3159275,5.2759275,3.6459277,3.3259277,3.8959277,3.3459277,2.9859278,0.45592773,-0.29407227,0.36592773,-1.9240723,1.9259278,-0.5340723
3.7959278,4.7759275,4.685928,5.6159277,6.085928,3.9059277,2.3059278,1.8559277,1.7359277,1.4559277,0.94592774,-0.6640723,-0.94407225,0.025927734,0.87592775,1.9759277,2.2259278,2.3259277,2.1259277,-0.104072265,0.42592773,0.6459277,0.41592774,-0.36407226,1.2759278,-1.9440722,1.1359277,4.5559278,6.9059277,6.395928,6.3259277,5.535928,5.3059278,5.085928,3.4759278,3.0059278,0.23592773,4.415928,2.7059278,2.3759277,1.4659277
4.535928,4.225928,4.4859276,5.4859276,5.145928,5.4859276,4.685928,3.7859278,3.2859278,1.9759277,1.2959278,1.6759278,2.3959277,1.1759278,1.5259278,1.5159278,1.6459278,1.6359277,2.1359277,2.5759277,2.2959278,1.0859277,-0.024072265,-0.074072264,-0.8340723,-0.9140723,-1.4440722,1.7159277,6.5059276,4.6159277,5.785928,3.9359276,4.035928,3.7759278,3.2059278,2.4759278,1.2759278,-1.4740722,0.075927734,4.535928,2.9959278
5.265928,5.355928,5.205928,6.0559278,5.915928,5.9459276,5.265928,4.225928,3.1759276,2.3959277,2.4159276,1.8959278,1.6759278,2.0759277,1.9859277,2.4659278,3.1059277,2.5259278,3.0459278,3.4859278,2.8259277,2.0659277,1.1659278,0.74592775,0.7259277,0.23592773,0.23592773,3.5259278,2.8859277,3.6059277,3.9859278,4.2159276,3.6059277,3.2859278,3.5059278,2.9259276,1.2859278,2.6959276,1.8159277,1.2759278,0.6459277
5.035928,5.745928,6.015928,6.0659275,5.8059278,5.535928,4.8459277,3.7559278,2.8259277,2.1159277,1.7859278,2.5259278,3.2459278,3.5559278,3.1759276,3.5659277,4.1159277,4.205928,4.1759276,3.6059277,3.1559277,2.3659277,1.5059277,1.8059278,1.5459278,0.63592774,1.1559278,0.61592776,3.0559278,3.4259276,3.3259277,4.0459275,3.6259277,4.0259275,3.2459278,3.0459278,0.93592775,1.3759277,1.8659277,1.2259277,0.36592773
4.5559278,6.0959277,6.085928,5.8159275,5.1559277,3.5759277,3.2059278,2.6459277,2.3059278,2.4059277,1.8959278,1.2459277,2.8759277,3.1659276,3.7059278,4.105928,4.5959277,5.0759277,4.7959275,4.2559276,4.085928,3.2459278,2.2559278,1.2759278,0.93592775,-0.80407226,-0.12407227,4.855928,2.9259276,2.3959277,3.3459277,4.0059276,3.5859277,3.0159278,2.8259277,2.8559277,2.7859278,1.3859277,2.2659278,1.0959277,0.50592774
5.4859276,6.375928,7.895928,5.915928,4.9459276,3.9759278,2.7259278,2.0259278,2.1259277,2.1559277,1.7559277,1.3559277,2.1959276,3.5159278,3.6159277,4.435928,4.5059276,5.355928,5.4859276,4.9259276,4.8459277,3.0759277,2.5659277,1.4459277,-0.21407227,-1.3140723,-2.3740723,3.2259278,4.2759275,4.0459275,5.0659275,4.455928,4.245928,3.6259277,2.4759278,2.6759276,1.9259278,1.2059277,1.5959277,1.2459277,0.54592776
4.725928,6.265928,7.855928,5.3459277,4.1559277,2.4559278,1.8759277,0.51592773,0.105927736,0.9659277,1.6759278,2.6459277,1.6859277,1.0659277,2.7459278,5.185928,5.4259276,5.2559276,5.895928,5.3859277,4.2959275,3.7559278,2.6659276,1.7359277,1.7559277,1.0359278,-0.0040722657,2.0159278,2.6459277,4.8859277,5.1159277,4.975928,3.2759278,2.5859277,2.0759277,2.3059278,1.8959278,2.1959276,1.9459277,1.2659278,0.13592774
