wind_kz.json
{"header": {"discipline":0,"disciplineName":"Meteorological products","gribEdition":2,"gribLength":1025,"center":7,"centerName":"US National Weather Service - NCEP(WMC)","subcenter":0,"refTime":"2023-09-21T06:00:00.000Z","significanceOfRT":1,"significanceOfRTName":"Start of forecast","productStatus":0,"productStatusName":"Operational products","productType":1,"productTypeName":"Forecast products","productDefinitionTemplate":0,"productDefinitionTemplateName":"Analysis/forecast at horizontal level/layer at a point in time","parameterCategory":2,"parameterCategoryName":"UnknownDiscipline_0_Category_2","parameterNumber":3,"parameterNumberName":"UnknownParameter_D0_C2_3","parameterUnit":"Unknown","genProcessType":2,"genProcessTypeName":"Forecast","forecastTime":300,"surface1Type":103,"surface1TypeName":"Specified height level above ground","surface1Value":10.0,"surface2Type":255,"surface2TypeName":"Missing","surface2Value":0.0,"gridDefinitionTemplate":0,"gridDefinitionTemplateName":"Latitude_Longitude","numberPoints":615,"shape":6,"shapeName":"Earth spherical with radius of 6,371,229.0 m","gridUnits":"degrees","resolution":48,"winds":"true","scanMode":64,"nx":41,"ny":15,"basicAngle":0,"lo1":47.0,"la1":41.0,"lo2":87.0,"la2":55.0,"dx":1.0,"dy":1.0}, "data":
[rows 0 to 14 of 15, columns 0 to 40 of 41]
-1.9565357,-1.1765356,-0.44653565,-3.8265357,-2.8865356,0.21346435,0.48346436,1.1734643,0.15346436,-0.22653565,-1.5965357,-1.3265357,-2.0965357,-2.5165358,-2.4665356,-3.5465357,-3.7865357,-3.2165356,-4.7565355,-2.4365356,-2.2465355,-3.0965357,-2.4665356,-1.1665356,-2.2165356,0.24346435,-1.1365356,1.0734644,0.61346436,2.6334643,-0.67653567,-0.41653565,0.68346435,-0.86653566,-1.8865356,-1.8265357,-1.8565357,-0.92653567,-0.45653564,3.2634645,2.1334643
3.6634643,-0.92653567,-3.3965356,-0.76653564,1.7534643,0.62346435,0.043464355,1.1534643,0.22346435,-0.77653563,-3.2165356,-3.8765357,-3.0465357,-3.4165356,-4.646536,-4.6965356,-3.9265356,-6.3165355,-5.1765356,-3.3865356,-4.8365355,-3.5065355,1.9234643,2.3134644,1.4934644,1.3334644,-1.3865356,1.4934644,-0.88653564,1.0034643,1.0834644,3.8934643,-0.6565356,-1.1165357,-3.0765357,-1.7065357,-1.9765357,-3.5765357,-0.026535645,-2.8565357,2.9834642
-0.35653564,-1.7965356,2.5034645,2.7934644,2.4034643,1.9334644,-0.48653564,-0.58653563,-1.2865356,-2.4265356,-2.7865357,-3.1365356,-3.0765357,-2.1865356,-3.4065356,-4.226536,-4.8265357,-5.4465356,-5.4465356,-3.7465355,-3.0965357,-5.7765355,-5.4865355,-1.9965357,-2.2165356,-0.98653567,-1.6765356,-1.6365356,-1.1765356,-0.096535645,4.3234644,0.67346436,0.97346437,0.30346435,-1.4665357,2.3634644,3.0434644,-0.48653564,0.21346435,0.043464355,1.9934644
-0.5465357,-2.5365357,1.2434644,1.0534644,0.97346437,0.9634644,1.1934644,-0.16653565,-0.7165356,-1.4165356,-2.2365355,-3.6765356,-4.0365357,-1.4965357,-2.3765357,-3.7265356,-4.3065357,-4.996536,-5.476536,-5.6565356,-5.5065355,-2.9865355,-0.7165356,-2.9165356,-3.7465355,-3.9465356,-4.0165358,-4.3865356,-1.9265356,-2.9565356,-2.2665358,0.14346436,-1.3465357,0.20346436,-0.80653566,0.49346435,-0.6665356,3.1334643,0.88346434,0.40346435,-0.35653564
-3.4165356,-2.7965357,-1.2165357,0.113464355,0.62346435,1.7334644,1.5934644,1.3534644,0.5934644,-1.0865357,-1.8465357,-2.6465356,-3.1565356,-1.2065357,-1.9865357,-2.1165357,-2.9565356,-3.1465356,-3.4965355,-3.7765357,-3.3765357,-2.6465356,-2.9465356,-2.7265356,-2.5965357,-1.7765356,-3.2365355,-2.2165356,-2.2465355,-2.9265356,-5.0865355,-1.4465356,1.9434644,3.7234643,-0.5465357,-0.12653564,-0.5965356,-0.17653565,-1.4265356,-0.5365356,-1.5565356
-3.9865355,-0.74653566,0.62346435,0.72346437,0.98346436,1.6534643,3.2034643,3.2434645,1.2434644,-0.16653565,-0.89653563,-2.0965357,-3.7165356,-4.0365357,-2.4465356,-2.4365356,-2.3665357,-2.3965356,-2.6065357,-3.3265357,-3.0065355,-1.1765356,-0.70653564,-1.4565357,-2.2165356,-2.5065355,-3.6565356,-4.1265354,-3.5565357,-4.436536,-4.896536,-5.2165356,-4.416536,-1.4465356,1.0934644,-0.99653566,1.9134643,0.32346436,-3.1565356,0.86346436,-0.38653564
-0.28653565,0.19346435,0.74346435,-0.26653564,-0.23653564,-0.11653564,0.31346434,0.7834644,0.22346435,-0.08653565,-1.0065356,-0.82653564,-1.7465357,-2.8165357,-3.2665358,-3.0465357,-1.9965357,-1.0765357,-1.5865357,-1.9465356,-2.4165356,-2.2765357,-1.9365356,-1.7165357,-1.3365357,-0.5965356,-2.0665357,-2.8965356,-4.3365355,-4.7365355,-5.8065357,-7.0065355,-6.8265357,-5.0765357,-0.95653564,-1.5765357,-2.6065357,-1.8965356,-0.77653563,-0.73653567,-1.2265357
-0.23653564,-0.75653565,-0.24653564,-0.47653565,-0.57653564,-0.38653564,-0.24653564,0.0034643554,0.12346435,-0.35653564,-0.7165356,-1.2665356,-2.3965356,-2.0565357,-2.3665357,-2.0465357,-2.8465357,-2.0465357,0.10346436,-0.52653563,-1.7365357,-2.3665357,-2.5865357,-1.6065357,-1.4865357,0.23346436,0.86346436,-0.9665356,-2.3065357,-4.2165356,-5.1165357,-4.5165358,-5.8365355,-6.666536,-2.4565356,0.053464357,-0.13653564,0.76346433,0.86346436,1.2034644,-0.7865356
-0.056535646,-0.29653564,-0.27653563,-0.42653564,-0.7265356,-0.56653565,-0.26653564,0.48346436,-0.08653565,0.17346436,-0.22653565,-0.57653564,-1.0265356,-1.9865357,-2.4265356,-2.4665356,-1.4865357,-1.9165356,-0.8565357,0.7734644,0.17346436,-1.3465357,-1.9565357,-2.1465356,-1.3665357,-0.55653566,0.083464354,-0.30653563,-0.7865356,-1.0965357,-2.5165358,-3.8365357,-3.0365357,-3.6565356,-1.9365356,-1.9365356,-2.2865357,-1.0165356,-1.2365357,-2.0765357,-3.9165356
0.5334644,0.23346436,0.10346436,-0.38653564,-0.27653563,-0.28653565,-0.23653564,0.23346436,0.10346436,0.54346436,0.55346435,1.4834644,1.7334644,1.2234644,0.25346434,-1.0665356,-1.5665356,-1.0465356,-1.1665356,0.043464355,1.1534643,0.5934644,0.053464357,-0.56653565,-0.29653564,-0.056535646,0.06346436,0.94346434,0.12346435,-0.17653565,-0.20653564,-1.6265357,-3.0665357,-3.6765356,-2.6365356,-0.39653563,0.053464357,-2.4965355,-1.7765356,1.3634644,2.1934643
1.0934644,1.4234643,1.0334643,0.42346436,0.60346437,0.63346434,1.3434644,1.5734644,0.51346433,0.82346433,1.5734644,0.9534643,2.0834644,3.0734644,2.4734643,2.5634644,1.1634643,0.5334644,0.14346436,0.083464354,1.4734644,1.5834644,1.0134643,0.9034644,0.15346436,0.8334644,0.5234644,1.7134644,1.5634644,2.1834643,1.2034644,-0.28653565,-2.1665356,-2.5165358,-3.4365356,-2.2965357,-1.2465357,1.3334644,0.7834644,1.0434643,0.12346435
0.44346437,1.6634643,2.6934643,1.7434644,1.3834643,2.1934643,0.63346434,1.1434643,0.50346434,0.19346435,-0.29653564,-0.98653567,0.88346434,0.31346434,1.6734643,3.2734644,3.4534643,2.9034643,2.5134645,2.0434644,1.7934643,0.7734644,0.94346434,0.023464356,0.49346435,0.66346437,2.3534644,3.0234644,3.3634644,3.0434644,1.7534643,1.3334644,0.30346435,-0.93653566,-1.4965357,-2.1965356,-1.3865356,0.91346437,1.5934644,1.4734644,0.72346437
1.2534643,1.2934643,2.7134643,1.9434644,1.0234643,0.5334644,0.44346437,1.2534643,1.8734643,1.3034644,0.31346434,-0.83653563,-1.2665356,-0.8565357,0.57346433,2.5234644,2.8734643,3.0434644,2.8834643,2.8034644,2.9334643,2.6534643,2.3634644,2.2434645,1.7034644,1.6934644,2.0434644,2.6834643,3.1634643,2.9134643,2.3334644,1.9834644,1.6934644,1.4434644,0.31346434,0.32346436,0.25346434,0.45346436,0.57346433,0.20346436,0.30346435
2.0234644,1.6634643,2.3534644,2.9134643,1.7934643,1.8534644,1.1734643,1.1234643,0.92346436,1.4234643,2.0134645,0.51346433,-0.63653564,-1.0065356,-2.3565357,1.2834643,2.3534644,2.8434644,2.9634643,2.6934643,2.4734643,2.6934643,2.7034643,2.3634644,2.3334644,1.9934644,1.8834643,2.5934644,2.7634645,2.5734644,2.3834643,2.3434644,2.3734643,2.1934643,1.1634643,1.1234643,1.2334644,1.3034644,1.2134644,1.4034643,1.8934643
0.87346435,2.1034644,2.5234644,2.1034644,1.4634644,1.5734644,1.3634644,1.1534643,0.79346436,0.41346437,1.3034644,1.7934643,2.3534644,0.09346435,-0.066535644,-0.45653564,0.113464355,1.2334644,2.2534645,2.4334643,2.5834644,2.5334644,2.5634644,2.5334644,2.6634643,2.6334643,2.6534643,2.5634644,2.5234644,2.7234643,2.4034643,3.1834643,2.6034644,2.6534643,2.6034644,2.3734643,2.0634644,3.1634643,2.3734643,2.6534643,1.4534644
