wind_kz.json
{"header": {"discipline":0,"disciplineName":"Meteorological products","gribEdition":2,"gribLength":871,"center":7,"centerName":"US National Weather Service - NCEP(WMC)","subcenter":0,"refTime":"2023-08-06T06:00:00.000Z","significanceOfRT":1,"significanceOfRTName":"Start of forecast","productStatus":0,"productStatusName":"Operational products","productType":1,"productTypeName":"Forecast products","productDefinitionTemplate":0,"productDefinitionTemplateName":"Analysis/forecast at horizontal level/layer at a point in time","parameterCategory":0,"parameterCategoryName":"UnknownDiscipline_0_Category_0","parameterNumber":0,"parameterNumberName":"UnknownParameter_D0_C0_0","parameterUnit":"Unknown","genProcessType":2,"genProcessTypeName":"Forecast","forecastTime":300,"surface1Type":1,"surface1TypeName":"Ground or water surface","surface1Value":0.0,"surface2Type":255,"surface2TypeName":"Missing","surface2Value":0.0,"gridDefinitionTemplate":0,"gridDefinitionTemplateName":"Latitude_Longitude","numberPoints":615,"shape":6,"shapeName":"Earth spherical with radius of 6,371,229.0 m","gridUnits":"degrees","resolution":48,"winds":"true","scanMode":64,"nx":41,"ny":15,"basicAngle":0,"lo1":47.0,"la1":41.0,"lo2":87.0,"la2":55.0,"dx":1.0,"dy":1.0}, "data":
[rows 0 to 14 of 15, columns 0 to 40 of 41]
301.23227,291.13226,294.83228,297.63226,297.13226,296.43228,299.5323,304.0323,303.83228,306.73227,305.13226,306.5323,306.83228,306.43228,305.23227,301.43228,300.83228,298.93228,299.43228,298.5323,299.0323,296.73227,296.33228,289.63226,296.83228,296.5323,293.5323,279.33228,279.43228,279.5323,279.83228,283.33228,293.43228,302.0323,303.93228,304.0323,303.63226,302.93228,302.63226,303.13226,302.0323
279.0323,293.93228,297.93228,298.0323,297.93228,296.0323,303.73227,302.83228,302.63226,303.73227,304.73227,302.23227,301.33228,300.63226,300.73227,300.73227,301.23227,298.5323,296.13226,297.63226,297.0323,297.93228,294.93228,288.0323,279.83228,280.0323,289.83228,278.73227,282.43228,275.33228,283.63226,276.0323,285.83228,266.83228,283.93228,298.33228,296.5323,301.23227,305.0323,297.33228,286.23227
297.5323,298.23227,298.33228,298.33228,296.23227,300.13226,302.23227,302.5323,301.93228,301.33228,300.5323,301.73227,295.33228,297.5323,301.43228,302.0323,301.93228,299.13226,298.43228,297.63226,297.73227,297.13226,293.5323,291.33228,294.5323,293.5323,294.5323,293.5323,292.23227,284.5323,275.83228,279.63226,285.93228,283.5323,284.73227,286.0323,279.33228,280.93228,284.83228,281.83228,281.43228
298.33228,298.23227,298.5323,297.83228,297.23227,298.83228,299.93228,299.83228,302.13226,301.13226,300.83228,299.13226,296.63226,295.83228,297.63226,296.23227,302.0323,300.73227,297.23227,299.0323,298.0323,293.63226,299.0323,299.33228,296.5323,299.0323,298.83228,296.63226,295.23227,294.93228,294.93228,293.0323,298.23227,298.43228,293.83228,290.83228,279.0323,280.13226,284.93228,292.83228,296.33228
299.33228,298.5323,298.83228,298.73227,298.23227,297.83228,298.23227,299.33228,298.93228,298.83228,299.23227,297.83228,297.43228,296.13226,292.93228,298.13226,300.0323,299.63226,297.5323,300.5323,300.83228,301.0323,297.13226,297.5323,298.23227,298.0323,295.13226,294.23227,292.33228,294.93228,298.0323,290.33228,283.63226,276.73227,284.13226,293.73227,296.83228,300.33228,300.43228,300.0323,299.0323
296.13226,293.5323,298.73227,298.73227,299.0323,298.33228,296.63226,297.33228,297.23227,297.33228,296.73227,296.73227,296.13226,296.23227,295.73227,296.93228,298.93228,299.73227,300.33228,301.43228,301.33228,299.93228,297.63226,297.83228,297.73227,295.5323,295.73227,293.93228,297.13226,297.73227,295.63226,296.5323,294.43228,290.43228,291.33228,292.33228,287.93228,291.63226,297.83228,299.0323,298.0323
294.93228,294.93228,299.5323,297.43228,298.93228,295.83228,295.23227,295.5323,296.43228,297.23227,296.73227,295.43228,295.63226,295.5323,295.73227,301.5323,300.93228,300.0323,299.0323,298.63226,298.43228,299.5323,299.0323,297.93228,296.0323,296.13226,295.0323,296.43228,295.23227,296.13226,295.33228,295.33228,295.83228,295.63226,291.73227,291.63226,287.0323,283.13226,281.33228,281.5323,292.73227
294.43228,294.23227,295.73227,295.0323,297.0323,296.13226,297.93228,296.13226,293.93228,294.93228,293.73227,294.23227,294.23227,296.0323,297.0323,299.83228,296.83228,298.83228,298.83228,295.0323,295.23227,295.63226,296.43228,299.23227,295.5323,292.13226,292.63226,293.43228,292.5323,294.63226,292.73227,293.93228,292.23227,288.93228,288.5323,291.0323,291.33228,289.13226,286.73227,290.23227,284.73227
293.0323,295.23227,292.93228,292.83228,294.43228,293.23227,293.93228,293.0323,294.93228,291.5323,290.93228,290.93228,290.5323,292.73227,296.0323,297.33228,296.63226,294.83228,295.93228,293.33228,290.73227,290.73227,293.33228,294.33228,295.93228,293.83228,290.5323,288.73227,289.33228,286.5323,289.0323,290.23227,291.23227,291.73227,289.13226,287.43228,288.33228,287.23227,274.23227,275.83228,274.43228
293.73227,294.33228,292.5323,293.93228,292.33228,291.63226,290.33228,290.0323,292.83228,291.93228,290.83228,288.33228,289.63226,290.33228,290.83228,291.83228,293.73227,293.5323,291.93228,292.93228,290.13226,290.73227,291.93228,291.73227,293.73227,292.63226,293.13226,291.23227,290.0323,289.83228,290.83228,293.63226,294.5323,294.33228,291.5323,287.83228,286.93228,283.93228,277.73227,275.73227,276.13226
289.13226,291.83228,290.0323,288.93228,288.43228,289.83228,288.83228,288.13226,287.33228,286.63226,287.0323,288.43228,290.73227,289.33228,288.63226,288.33228,289.0323,290.13226,291.23227,290.5323,291.43228,291.0323,289.63226,289.33228,289.93228,290.93228,290.23227,292.83228,292.23227,294.63226,295.73227,296.63226,294.83228,293.83228,291.0323,288.73227,285.13226,280.23227,278.13226,280.5323,278.0323
284.93228,286.73227,287.5323,289.13226,289.23227,288.73227,286.33228,288.13226,285.93228,287.23227,283.33228,284.33228,286.33228,286.13226,287.13226,286.83228,288.63226,288.13226,288.73227,286.73227,286.0323,286.43228,288.23227,288.43228,288.73227,290.0323,292.93228,294.43228,293.83228,295.43228,295.73227,295.43228,296.73227,292.0323,292.73227,290.93228,290.93228,288.33228,287.73227,286.13226,284.23227
286.63226,287.73227,288.5323,288.23227,287.23227,284.93228,284.0323,286.23227,286.13226,283.13226,280.33228,280.63226,284.13226,284.23227,285.13226,285.73227,286.73227,284.93228,287.93228,285.0323,287.0323,286.93228,287.73227,287.13226,287.73227,289.83228,291.33228,291.73227,293.5323,293.0323,293.83228,293.93228,295.83228,292.23227,293.43228,289.83228,289.43228,289.43228,289.23227,287.13226,286.43228
285.43228,284.13226,289.5323,286.63226,285.5323,285.0323,285.5323,285.0323,285.73227,285.43228,281.33228,282.5323,285.0323,285.73227,285.93228,286.13226,286.0323,285.93228,285.43228,286.23227,286.43228,285.93228,288.43228,287.83228,287.43228,287.5323,287.73227,290.5323,289.5323,291.83228,293.13226,292.73227,291.73227,291.23227,288.43228,289.43228,289.5323,288.83228,288.5323,286.5323,286.13226
282.5323,286.23227,292.23227,284.5323,284.0323,281.0323,284.73227,285.43228,286.43228,283.5323,284.73227,284.13226,283.43228,284.13226,283.73227,283.93228,284.93228,285.83228,285.63226,284.43228,285.23227,285.63226,284.0323,286.33228,286.73227,285.63226,286.33228,287.5323,290.73227,289.5323,288.83228,287.33228,287.5323,291.43228,290.63226,289.23227,289.0323,288.93228,290.13226,288.73227,283.5323
