wind_kz.json
{"header": {"discipline":0,"disciplineName":"Meteorological products","gribEdition":2,"gribLength":948,"center":7,"centerName":"US National Weather Service - NCEP(WMC)","subcenter":0,"refTime":"2023-08-18T18:00:00.000Z","significanceOfRT":1,"significanceOfRTName":"Start of forecast","productStatus":0,"productStatusName":"Operational products","productType":1,"productTypeName":"Forecast products","productDefinitionTemplate":0,"productDefinitionTemplateName":"Analysis/forecast at horizontal level/layer at a point in time","parameterCategory":0,"parameterCategoryName":"UnknownDiscipline_0_Category_0","parameterNumber":0,"parameterNumberName":"UnknownParameter_D0_C0_0","parameterUnit":"Unknown","genProcessType":2,"genProcessTypeName":"Forecast","forecastTime":300,"surface1Type":1,"surface1TypeName":"Ground or water surface","surface1Value":0.0,"surface2Type":255,"surface2TypeName":"Missing","surface2Value":0.0,"gridDefinitionTemplate":0,"gridDefinitionTemplateName":"Latitude_Longitude","numberPoints":615,"shape":6,"shapeName":"Earth spherical with radius of 6,371,229.0 m","gridUnits":"degrees","resolution":48,"winds":"true","scanMode":64,"nx":41,"ny":15,"basicAngle":0,"lo1":47.0,"la1":41.0,"lo2":87.0,"la2":55.0,"dx":1.0,"dy":1.0}, "data":
[rows 0 to 14 of 15, columns 0 to 40 of 41]
317.2075,302.60748,311.10748,299.10748,298.2075,297.0075,311.8075,318.10748,316.60748,318.2075,317.3075,316.9075,316.0075,315.60748,316.9075,318.60748,318.8075,317.0075,320.60748,320.4075,324.60748,318.2075,316.8075,316.7075,318.0075,319.8075,314.4075,305.4075,302.7075,290.4075,273.2075,285.4075,306.60748,318.5075,325.5075,325.7075,326.0075,326.8075,325.5075,325.5075,329.10748
291.10748,310.2075,298.9075,298.8075,298.4075,296.9075,318.5075,316.5075,315.60748,315.9075,317.5075,317.2075,317.5075,316.5075,318.10748,319.7075,319.9075,319.8075,319.4075,321.7075,320.7075,319.5075,321.0075,311.8075,298.10748,300.3075,308.60748,305.9075,303.10748,291.3075,298.9075,280.0075,273.2075,273.2075,273.2075,313.4075,314.60748,317.0075,318.60748,309.2075,285.8075
311.8075,299.0075,299.2075,298.8075,296.7075,315.4075,314.9075,315.5075,315.10748,315.4075,315.8075,317.0075,317.3075,318.0075,318.60748,320.9075,320.60748,320.3075,320.4075,319.7075,320.10748,318.10748,316.2075,309.5075,315.7075,313.7075,311.8075,315.5075,311.10748,302.7075,280.7075,296.5075,304.9075,304.9075,304.8075,302.10748,290.60748,295.60748,301.2075,291.7075,280.60748
313.8075,299.2075,298.8075,297.9075,301.3075,313.5075,314.3075,315.8075,316.60748,316.2075,316.0075,314.10748,295.5075,294.7075,320.0075,321.10748,318.3075,320.7075,320.8075,321.2075,318.3075,314.2075,319.10748,318.8075,320.4075,317.10748,316.7075,314.0075,311.10748,314.7075,318.0075,311.8075,314.10748,320.4075,320.5075,312.8075,299.60748,295.2075,299.7075,313.8075,314.60748
311.9075,298.9075,298.9075,298.3075,306.2075,315.2075,318.3075,319.10748,317.10748,316.9075,318.2075,318.5075,295.8075,294.3075,291.8075,319.10748,319.10748,315.5075,316.10748,315.9075,317.60748,318.5075,318.4075,321.9075,324.0075,325.4075,323.3075,310.5075,323.60748,316.4075,316.0075,315.7075,301.7075,275.60748,304.4075,314.10748,311.60748,325.2075,324.7075,319.3075,316.8075
312.7075,312.8075,297.3075,297.5075,298.2075,297.9075,318.60748,319.10748,318.10748,318.10748,317.3075,318.5075,298.5075,294.9075,306.7075,315.9075,319.7075,317.2075,316.9075,316.4075,315.3075,313.9075,315.7075,316.7075,318.4075,319.0075,319.7075,293.4075,314.10748,315.7075,320.5075,314.9075,318.60748,314.60748,308.2075,308.0075,307.0075,307.7075,322.5075,320.4075,316.4075
311.0075,315.0075,315.8075,315.8075,309.5075,316.0075,319.9075,319.8075,318.4075,314.8075,318.0075,316.60748,316.2075,317.0075,317.0075,313.4075,315.2075,314.8075,315.4075,314.2075,312.10748,311.0075,311.7075,312.60748,312.3075,312.8075,313.7075,315.3075,313.8075,313.9075,312.5075,313.4075,311.2075,312.8075,312.5075,308.3075,306.4075,302.5075,301.5075,300.3075,312.8075
313.2075,313.5075,314.5075,316.0075,315.9075,317.2075,319.10748,316.8075,315.9075,315.2075,318.4075,316.5075,317.2075,314.3075,315.3075,312.4075,313.7075,311.60748,311.3075,311.4075,309.60748,309.0075,308.7075,308.2075,307.4075,306.0075,305.3075,309.10748,307.3075,306.7075,304.9075,304.2075,294.3075,291.60748,289.3075,295.10748,295.4075,289.5075,299.5075,315.0075,309.7075
310.2075,311.60748,312.10748,314.60748,315.8075,315.4075,317.2075,317.3075,317.2075,317.8075,316.10748,319.3075,314.10748,313.9075,310.60748,311.4075,309.8075,309.3075,307.0075,307.5075,306.9075,305.10748,305.2075,305.10748,303.10748,303.2075,301.2075,301.0075,299.8075,300.60748,301.2075,299.7075,300.0075,300.4075,300.0075,292.8075,288.0075,287.10748,279.8075,280.0075,282.3075
309.7075,310.9075,312.9075,312.7075,312.9075,313.4075,314.4075,314.3075,314.2075,315.10748,315.10748,315.10748,311.2075,308.60748,306.60748,306.10748,300.3075,301.5075,299.60748,304.8075,302.7075,303.0075,303.3075,303.2075,303.2075,301.8075,301.7075,300.8075,299.4075,299.9075,300.60748,302.4075,303.4075,303.5075,302.60748,298.8075,291.60748,286.3075,284.60748,281.5075,276.60748
308.60748,310.2075,304.60748,306.60748,306.4075,311.9075,310.8075,311.7075,314.8075,311.2075,307.60748,306.60748,305.8075,303.9075,302.5075,301.3075,288.9075,292.10748,303.60748,301.4075,301.8075,301.8075,300.60748,301.4075,301.0075,300.3075,297.4075,300.0075,299.9075,301.7075,302.0075,302.8075,301.9075,298.4075,298.8075,288.4075,287.8075,289.5075,292.60748,288.3075,282.9075
305.5075,310.7075,309.7075,309.8075,307.0075,308.5075,310.10748,310.0075,306.9075,305.7075,301.60748,300.8075,295.2075,291.5075,293.2075,288.10748,293.2075,298.9075,300.8075,300.10748,298.0075,293.9075,292.5075,296.3075,296.4075,295.3075,296.7075,300.10748,298.9075,298.9075,295.4075,299.0075,296.0075,296.5075,293.60748,290.2075,287.10748,286.3075,286.0075,286.7075,282.5075
303.5075,308.7075,309.5075,308.9075,306.2075,307.2075,305.8075,308.0075,306.10748,303.0075,295.8075,292.10748,291.8075,287.10748,287.10748,289.2075,298.5075,299.60748,299.5075,296.10748,294.60748,296.10748,296.5075,295.8075,296.9075,295.2075,299.10748,297.60748,297.4075,296.0075,297.2075,296.3075,295.10748,296.2075,292.3075,286.60748,286.3075,287.10748,285.0075,285.10748,287.0075
303.2075,304.3075,296.3075,305.2075,303.4075,302.4075,301.4075,299.7075,300.10748,301.3075,292.5075,288.3075,285.8075,286.0075,287.9075,295.4075,298.2075,295.3075,296.4075,297.4075,296.7075,295.10748,295.5075,296.10748,297.0075,297.9075,297.10748,296.0075,294.9075,294.60748,293.8075,292.3075,290.2075,285.7075,285.0075,283.5075,283.3075,283.5075,283.10748,281.4075,283.10748
297.0075,297.9075,290.9075,298.0075,295.10748,296.8075,298.0075,297.7075,298.4075,298.5075,294.60748,294.0075,289.9075,288.9075,289.9075,296.3075,295.8075,293.4075,294.3075,293.60748,294.10748,294.10748,294.0075,292.7075,293.0075,292.4075,292.4075,291.9075,290.8075,291.60748,290.9075,288.10748,290.5075,289.3075,284.3075,284.10748,287.4075,282.7075,282.7075,282.60748,282.3075
