wind.json
{"header": {"discipline":0,"disciplineName":"Meteorological products","gribEdition":2,"gribLength":1125,"center":7,"centerName":"US National Weather Service - NCEP(WMC)","subcenter":0,"refTime":"2023-06-28T12:00:00.000Z","significanceOfRT":1,"significanceOfRTName":"Start of forecast","productStatus":0,"productStatusName":"Operational products","productType":1,"productTypeName":"Forecast products","productDefinitionTemplate":0,"productDefinitionTemplateName":"Analysis/forecast at horizontal level/layer at a point in time","parameterCategory":2,"parameterCategoryName":"UnknownDiscipline_0_Category_2","parameterNumber":2,"parameterNumberName":"UnknownParameter_D0_C2_2","parameterUnit":"Unknown","genProcessType":2,"genProcessTypeName":"Forecast","forecastTime":180,"surface1Type":103,"surface1TypeName":"Specified height level above ground","surface1Value":10.0,"surface2Type":255,"surface2TypeName":"Missing","surface2Value":0.0,"gridDefinitionTemplate":0,"gridDefinitionTemplateName":"Latitude_Longitude","numberPoints":688,"shape":6,"shapeName":"Earth spherical with radius of 6,371,229.0 m","gridUnits":"degrees","resolution":48,"winds":"true","scanMode":64,"nx":43,"ny":16,"basicAngle":0,"lo1":45.0,"la1":40.0,"lo2":87.0,"la2":55.0,"dx":1.0,"dy":1.0}, "data":
[rows 0 to 15 of 16, columns 0 to 42 of 43]
-4.4170775,0.062922366,1.7629224,-0.16707763,-0.62707764,0.23292236,1.9929223,0.22292237,-0.057077635,-0.53707767,2.9729223,2.0229223,-2.7770777,-3.2370777,-2.0670776,-0.25707763,-0.5870776,0.8629224,0.8429224,-0.67707765,-0.91707766,0.39292237,0.16292237,0.9129224,0.9829224,-0.85707766,0.34292236,0.022922363,-0.15707764,1.4629223,0.9029224,1.1529224,-0.29707763,-2.6570776,-4.7770777,-6.1070776,-5.8370776,-3.4870777,-1.8870777,-1.7070776,-8.947078,-9.4770775,-8.587078
2.0429223,0.71292233,-1.7570777,-1.4570776,2.0729225,2.8529224,1.6929224,1.6529224,-0.30707765,-1.5170777,-3.4970777,-4.387078,-3.3270776,-1.9370776,-1.1470777,-0.16707763,-0.09707764,1.4229224,0.33292237,0.072922364,-0.9570776,1.5129224,3.2829223,0.89292234,0.072922364,-0.8870776,0.88292235,-1.6970776,-2.9870777,-0.17707764,-1.0070777,1.6229224,1.5429224,0.29292238,1.1629224,1.2329223,-2.6870775,-1.8070776,-3.0870776,-3.6870775,-2.6270776,-5.367078,-6.637078
-0.7170776,-2.2670777,1.5329224,2.1929224,2.5629225,2.9229224,3.4829223,0.5929224,-3.1870775,-6.5270777,-3.9570777,-2.2970777,-1.8170776,-2.0170777,-0.28707764,1.1329224,1.6429224,2.2129223,2.0629225,-0.08707764,-0.25707763,-0.41707763,0.56292236,-0.98707765,-0.80707765,-2.6570776,0.35292235,0.74292237,-0.49707764,0.51292235,-0.72707766,-0.21707764,0.30292237,0.17292236,-0.38707763,-2.4270775,-0.057077635,0.032922365,-2.4170775,0.81292236,-0.057077635,0.5429224,-1.7670777
-0.5170776,-0.53707767,0.18292236,-0.8370776,1.8329223,-2.5070777,-1.7270776,-5.8570776,-5.1870775,-2.5370777,-2.7170777,-1.8170776,-1.6970776,-0.79707766,1.7529224,1.9929223,2.5229223,1.5129224,-0.25707763,-0.22707763,-0.7170776,-0.14707763,1.6129223,0.5329224,-2.2670777,-2.1670775,-0.32707763,-0.46707764,0.52292234,1.3229223,-3.4270775,-0.117077634,-0.057077635,1.6829224,-0.12707764,-0.38707763,0.43292236,-0.24707764,0.022922363,-0.14707763,2.8929224,2.3729224,1.4629223
-3.0070777,-3.1870775,-3.3070776,-2.3170776,-2.9770777,-2.0870776,-4.2470775,-3.3570776,-2.2770777,-3.5870776,-1.8170776,-1.6970776,-1.3470776,-0.74707764,2.0329223,0.40292236,-0.26707762,-1.1870776,-1.6470777,-1.3170776,-2.0870776,-1.5970776,-0.66707766,-0.67707765,2.3729224,-3.8870776,-3.9170775,-3.1870775,-3.0070777,-0.72707766,1.6629224,-0.08707764,-1.3570776,-1.1770777,-0.79707766,-3.5970776,-2.8570776,-1.9670776,-1.9270777,2.0129223,1.2329223,1.2629224,-0.027077638
-3.1770775,-3.2770777,-3.6470776,-3.9870777,-3.1670775,-3.8370776,-3.5370777,-2.5670776,-2.2970777,-2.2270777,0.82292235,-2.0770776,-2.1470776,-1.7370776,-2.8170776,-2.0970776,-2.1670775,-1.9170777,-3.2970777,-2.9870777,-2.7170777,-3.3270776,-3.5870776,-3.0470777,-3.7770777,-3.4170775,-2.7170777,-2.5470777,-1.1770777,3.4329224,1.8129224,-1.2270776,0.27292237,-0.85707766,-2.3170776,-0.037077636,3.3629224,1.1429224,2.9129224,4.152922,5.1929226,5.4729223,5.822922
-2.5770776,-3.5170777,-3.0470777,-2.2070777,-2.5370777,-3.4970777,-2.6470776,-2.2870777,-3.0670776,-0.5270776,-3.1870775,-5.157078,-3.7770777,-2.8470776,-2.1170776,-3.1870775,-3.6070776,-3.6070776,-4.677078,-4.1870775,-4.4470778,-3.2170777,-4.0170774,-3.7170777,-3.0770776,-3.2170777,-4.4970775,-5.6070776,-3.3270776,-5.9970775,-4.7070775,-3.4870777,-3.2270777,-2.3070776,-0.29707763,-0.117077634,0.9729224,0.69292235,2.2429223,3.3229225,7.3529224,3.4129224,1.7929224
-0.037077636,-0.34707764,1.2129223,0.70292234,-3.4770777,-2.6070776,-2.1770775,-1.6270776,-2.1770775,-4.2670774,-5.2670774,-4.7470775,-3.4670777,-3.5870776,-3.1070776,-3.2570777,-3.3770776,-3.6970778,-3.6670775,-3.7570777,-3.5170777,-4.8770776,-3.9970777,-4.0670776,-4.7170777,-4.827078,-5.5570774,-5.7770777,-5.177078,-6.1270776,-7.3570776,-7.7070775,-7.2770777,-5.2770777,-1.2870777,-1.9670776,0.34292236,-0.46707764,-0.42707765,2.5129223,0.37292236,1.0129224,0.15292236
-3.7070777,-2.9470778,-2.8970776,-4.4170775,-3.3670776,-3.1770775,-3.1070776,-3.3270776,-2.9870777,-4.6270776,-4.7070775,-4.387078,-3.5970776,-4.1070776,-2.9870777,-4.0370774,-2.7970777,-3.2170777,-3.1770775,-3.3470776,-3.2070777,-4.7670774,-4.657078,-4.6870775,-3.8870776,-4.177078,-3.8570776,-3.4170775,-2.7770777,-5.0370774,-3.2470777,-3.6970778,-4.1470776,-1.4570776,-2.4970777,0.102922365,0.52292234,4.9729223,7.8129225,7.8029222,4.342922,3.1729224,-1.2170776
-2.6570776,-3.0470777,-4.2770777,-4.077078,-3.3570776,-2.9770777,-3.7370777,-3.2570777,-3.1770775,-4.3170776,-4.3070774,-3.5770776,-3.6870775,-3.5870776,-2.7670777,-3.0670776,-2.9670777,-2.6670775,-2.8770776,-3.4670777,-2.9170775,-3.2170777,-4.6470776,-3.4470778,-3.3570776,-3.8170776,-2.9370775,-2.2570777,-2.3270776,-2.3270776,-0.73707765,-0.68707764,-0.85707766,0.12292236,3.5829225,1.4329224,3.0829225,2.3929224,0.19292237,-2.8270776,-1.7670777,0.94292235,-1.2270776
-3.4270775,-1.3770776,-3.6570776,-3.9870777,-3.0870776,-3.1070776,-2.8570776,-2.8870776,-3.0470777,-3.4470778,-4.0870776,-3.5370777,-3.5070777,-4.0870776,-3.9570777,-2.7270777,-2.8170776,-3.0170777,-2.7370777,-2.0070777,-3.2070777,-3.2470777,-3.2970777,-2.8170776,-1.8070776,-2.9670777,-4.0170774,-2.6270776,-2.2770777,-1.0170777,-0.47707763,-0.0070776367,1.2029223,1.0729223,1.4829223,1.0629224,1.6029223,1.1729224,0.33292237,-0.42707765,-2.7870777,-0.81707764,0.32292235
-1.5670776,-0.117077634,-1.7770777,-3.0170777,-2.6970778,-3.4470778,-2.7270777,-2.9670777,-2.5970776,-1.8970777,-2.6770775,-2.4770777,-2.6370776,-1.5070777,-2.2870777,-3.6070776,-2.5770776,-2.5770776,-2.7670777,-1.2270776,-4.157078,-2.4170775,-3.2870777,-2.7170777,-2.4470778,-1.8770776,-1.6670777,-1.8970777,-1.0470777,0.21292236,0.20292236,0.41292235,1.0429224,0.71292233,0.062922366,0.43292236,0.5329224,0.35292235,-1.2970777,-0.8970776,-0.09707764,0.36292237,-0.5770776
-0.62707764,0.08292236,-0.33707765,-0.81707764,-0.75707763,-1.9770776,-2.0370777,-2.6170776,-2.0870776,-2.2170777,-1.0670776,-1.8870777,-1.8470776,-0.27707765,-1.2170776,-1.7470776,-1.6070776,-1.4070777,-1.7570777,-1.8670776,-3.2470777,-1.9370776,-2.7670777,-1.4770776,-1.2970777,-0.7770776,-1.0870776,1.0229224,0.34292236,0.55292237,0.64292234,0.15292236,0.38292235,0.35292235,0.35292235,0.022922363,0.12292236,-0.36707765,-0.41707763,0.7229224,0.6029224,0.43292236,-0.30707765
0.31292236,0.25292236,1.0529224,-1.1270776,-1.3270776,-1.2770777,-0.97707766,-0.78707767,-1.3970777,-0.97707766,-1.2770777,-0.72707766,-0.66707766,-0.5170776,0.44292235,-0.8470776,-0.057077635,-0.42707765,-0.15707764,-0.6570776,-1.0570776,-0.41707763,-1.0570776,-0.50707763,0.6529224,0.89292234,1.3729224,-0.27707765,1.5629224,2.1829224,-0.107077636,0.11292236,-0.16707763,0.75292236,-0.12707764,-1.2170776,-0.077077635,-0.8470776,-0.86707765,-0.68707764,-2.1970778,-0.85707766,-0.5870776
0.64292234,0.6729224,1.3429223,0.34292236,0.23292236,-0.23707764,-0.23707764,0.23292236,-0.25707763,0.25292236,0.6629224,0.29292238,-0.99707764,-0.35707763,0.5429224,0.95292234,1.5429224,1.0829223,0.102922365,0.5429224,0.072922364,0.35292235,0.83292234,1.7429223,1.2229223,1.4929223,0.7829224,0.76292235,0.81292236,2.2129223,0.96292233,0.77292234,0.052922364,0.8529224,-0.75707763,-0.7170776,-0.28707764,-0.37707764,-0.7770776,-0.98707765,-1.2170776,-0.33707765,0.19292237
1.7729224,1.1729224,0.47292235,0.052922364,0.23292236,-0.69707763,-0.9570776,-1.1570777,0.022922363,0.88292235,1.4429224,0.33292237,-0.54707766,0.072922364,-0.107077636,0.9729224,1.5729223,1.7029223,1.1329224,2.1029224,1.4229224,0.7229224,1.2729224,1.3329223,2.1029224,2.0729225,2.0229223,2.1729224,2.2329223,2.3329225,0.102922365,0.94292235,1.2929224,-0.9070776,-0.6470776,-0.44707763,-0.6570776,-0.15707764,-0.30707765,0.13292237,0.89292234,0.29292238,-0.25707763
