wind_kz.json
{"header": {"discipline":0,"disciplineName":"Meteorological products","gribEdition":2,"gribLength":1025,"center":7,"centerName":"US National Weather Service - NCEP(WMC)","subcenter":0,"refTime":"2023-08-21T12:00:00.000Z","significanceOfRT":1,"significanceOfRTName":"Start of forecast","productStatus":0,"productStatusName":"Operational products","productType":1,"productTypeName":"Forecast products","productDefinitionTemplate":0,"productDefinitionTemplateName":"Analysis/forecast at horizontal level/layer at a point in time","parameterCategory":2,"parameterCategoryName":"UnknownDiscipline_0_Category_2","parameterNumber":2,"parameterNumberName":"UnknownParameter_D0_C2_2","parameterUnit":"Unknown","genProcessType":2,"genProcessTypeName":"Forecast","forecastTime":300,"surface1Type":103,"surface1TypeName":"Specified height level above ground","surface1Value":10.0,"surface2Type":255,"surface2TypeName":"Missing","surface2Value":0.0,"gridDefinitionTemplate":0,"gridDefinitionTemplateName":"Latitude_Longitude","numberPoints":615,"shape":6,"shapeName":"Earth spherical with radius of 6,371,229.0 m","gridUnits":"degrees","resolution":48,"winds":"true","scanMode":64,"nx":41,"ny":15,"basicAngle":0,"lo1":47.0,"la1":41.0,"lo2":87.0,"la2":55.0,"dx":1.0,"dy":1.0}, "data":
[rows 0 to 14 of 15, columns 0 to 40 of 41]
-1.6612109,-1.191211,1.0887891,-2.441211,-6.1912107,-5.901211,-5.561211,-5.591211,-4.871211,-2.711211,-2.711211,-3.121211,-2.8312109,-1.841211,-1.2512109,-0.46121094,-0.78121096,-0.10121094,-2.671211,-1.611211,-0.43121094,0.81878906,0.028789062,0.52878904,1.028789,-2.531211,-3.031211,0.04878906,0.12878907,-0.30121094,-0.031210937,1.288789,0.62878907,-0.14121094,-2.931211,0.5487891,0.058789063,-1.731211,-1.5212109,-1.431211,-0.8312109
0.7287891,1.798789,-0.73121095,-4.591211,-6.671211,-5.261211,-3.221211,-4.781211,-2.791211,-2.1112108,-1.691211,-2.8512108,-0.08121094,-0.14121094,-0.60121095,-1.8812109,-0.021210937,-1.2412109,-0.92121094,-0.8812109,0.50878906,0.9187891,0.59878904,-2.3612108,0.46878907,0.93878907,-0.051210936,0.0087890625,-0.5112109,-0.71121097,0.17878906,-0.36121094,0.8687891,-2.291211,0.70878905,-0.78121096,-0.40121093,0.058789063,1.288789,0.44878906,-3.221211
-0.011210937,-2.671211,-5.601211,-6.891211,-5.411211,-4.391211,-2.481211,-0.54121095,-0.49121094,1.288789,2.9287891,2.788789,3.018789,2.6587892,2.248789,1.138789,0.20878907,0.58878905,1.138789,2.3887892,1.3787891,-1.081211,-2.931211,-1.231211,1.018789,1.178789,2.848789,1.3587891,-1.6512109,-0.8312109,-0.7512109,2.3987892,-0.021210937,-0.90121096,-0.20121093,-0.96121097,-0.20121093,-0.10121094,2.098789,1.188789,1.928789
-3.201211,-5.9612107,-6.781211,-7.341211,-6.271211,-3.251211,-0.72121096,-2.641211,-0.8312109,0.6187891,1.688789,3.028789,5.078789,3.828789,3.738789,3.048789,2.4187891,2.9087892,2.6787891,3.968789,2.6587892,-0.30121094,2.318789,0.30878907,1.028789,1.5087891,2.9387891,0.068789065,4.068789,2.1987891,-0.011210937,-1.2712109,-1.9912109,-3.231211,-3.021211,-2.691211,-1.5512109,1.5087891,0.5487891,0.30878907,-0.13121094
-5.151211,-8.951211,-9.601211,-8.461211,-6.781211,-4.741211,-4.001211,-2.441211,-2.731211,-1.861211,-0.90121096,2.268789,1.9887891,4.108789,2.808789,3.748789,3.4387891,1.9787891,2.498789,2.618789,3.9187891,1.4687891,2.4387891,1.4687891,1.2387891,1.9987891,1.7287891,2.308789,0.64878905,-0.031210937,2.038789,-1.331211,-1.101211,1.3487891,1.538789,-0.66121095,-0.79121095,-2.441211,-1.1512109,-1.111211,-2.281211
-6.531211,-6.831211,-10.4712105,-10.261211,-9.231211,-7.751211,-4.071211,-3.391211,-1.7912109,-0.5012109,-0.22121094,0.028789062,1.158789,-0.34121093,1.4487891,3.1987891,1.9487891,1.4887891,-0.60121095,0.62878907,-2.3012109,-0.6912109,-0.011210937,1.8787891,-0.8312109,1.028789,3.058789,3.258789,2.848789,-0.73121095,-1.451211,-1.061211,-1.451211,0.34878907,-0.111210935,-2.511211,0.5487891,-0.19121094,1.2487891,-1.7612109,-2.641211
-7.011211,-6.251211,-6.381211,-6.141211,-5.491211,-4.151211,-3.541211,-1.9912109,-1.2812109,0.15878907,0.78878903,-1.9212109,-2.0812109,-4.301211,-3.751211,-4.031211,-2.201211,-2.481211,1.058789,-0.32121095,-2.981211,-2.631211,2.118789,0.84878904,-0.10121094,-1.3012109,-0.23121093,2.3887892,2.518789,1.4987891,1.3387891,1.4787891,2.718789,1.278789,-2.911211,-2.3612108,-1.0212109,2.1687891,0.5487891,1.7487891,0.30878907
-4.9812107,-4.581211,-4.471211,-4.201211,-3.671211,-3.201211,-2.711211,-2.041211,-0.73121095,-1.351211,-2.481211,-2.8212109,-3.481211,-5.031211,-4.811211,-4.171211,-2.521211,-2.0712109,-1.561211,-0.55121094,-0.071210936,0.20878907,-1.231211,1.068789,0.96878904,0.39878905,-0.7012109,0.83878905,2.128789,0.95878905,1.3287891,2.848789,-0.33121094,0.34878907,0.108789064,0.15878907,-1.971211,-5.4812107,-4.831211,-4.511211,-2.3312109
-3.721211,-3.3012109,-3.191211,-2.651211,-3.291211,-2.6112108,-1.711211,-1.701211,-1.191211,-0.10121094,-1.8812109,-2.891211,-2.8312109,-2.191211,-3.631211,-4.081211,-2.5712109,-2.6112108,-1.611211,-1.7812109,-0.19121094,0.64878905,1.4787891,0.59878904,2.278789,0.76878905,-0.15121093,-0.80121094,0.44878906,0.58878905,-0.56121093,-0.8312109,2.4387891,0.098789066,-0.17121094,-1.951211,-0.10121094,-1.7412109,-1.5412109,-0.04121094,-1.2412109
-3.251211,-2.891211,-3.191211,-3.3312109,-3.221211,-2.251211,-1.5212109,-0.8912109,-1.5512109,-0.8312109,-0.23121093,-1.8812109,-2.171211,-1.711211,-1.9912109,-1.5112109,-2.521211,-1.2612109,-0.8212109,-0.6912109,-0.5812109,0.95878905,-0.22121094,0.69878906,1.2087891,2.1887891,1.4887891,0.9887891,2.9387891,2.4387891,1.8787891,3.048789,3.258789,4.348789,-0.85121095,-1.8912109,-2.741211,-0.6412109,-1.1312109,0.34878907,-1.201211
-2.021211,-2.721211,-2.8612108,-2.781211,-2.411211,-2.541211,-1.4912109,-0.24121094,-1.351211,-1.451211,-1.611211,-1.111211,-1.821211,-2.0612109,-1.471211,-0.44121093,0.38878906,0.17878906,-0.37121093,0.04878906,1.158789,1.1287891,1.0987891,1.6087891,0.82878906,1.268789,1.3487891,2.008789,2.708789,4.088789,4.3087893,3.608789,3.528789,1.768789,-1.1312109,-2.161211,-1.831211,0.098789066,-1.2412109,1.0987891,-1.2812109
-2.3412108,-2.791211,-3.041211,-2.641211,-2.931211,-2.141211,-1.5412109,-1.1512109,-0.28121093,-0.47121093,-1.061211,0.31878906,-0.62121093,-0.79121095,-0.21121094,-0.6912109,-0.10121094,0.6787891,1.0887891,1.2087891,1.6187891,1.6287891,1.0787891,0.8687891,1.8387891,2.4387891,3.128789,3.4287891,3.368789,2.598789,4.438789,2.828789,3.3887892,0.95878905,0.44878906,0.45878905,0.028789062,-0.68121094,-0.19121094,-0.67121094,-0.90121096
-2.191211,-2.971211,-3.161211,-2.921211,-1.8812109,-1.1612109,-1.321211,-1.1312109,-0.9512109,0.38878906,-0.42121094,-0.67121094,-1.6412109,-1.3012109,-1.0512109,-0.31121093,0.20878907,1.3287891,2.048789,0.9887891,0.9887891,1.7487891,2.328789,2.1887891,3.118789,3.488789,4.068789,3.828789,3.6687891,3.498789,3.988789,2.598789,3.598789,-0.56121093,-1.601211,-2.771211,-2.8412108,-2.041211,-3.191211,-2.031211,-1.481211
-1.8812109,-0.90121096,-1.951211,-1.821211,-1.1612109,-0.72121096,-0.80121094,-1.231211,0.7487891,0.44878906,-0.111210935,0.29878905,-0.111210935,0.43878907,1.658789,2.088789,1.9887891,1.908789,1.8787891,2.858789,2.6787891,2.828789,2.498789,2.6687891,3.068789,3.218789,2.788789,3.818789,3.798789,4.128789,3.878789,2.808789,1.898789,-0.39121094,-1.561211,-2.491211,-2.721211,-2.711211,-2.031211,-1.601211,-1.5412109
-1.071211,-0.8312109,0.0087890625,-0.8212109,-1.221211,-0.5112109,-0.8912109,-1.951211,-0.65121096,-0.84121096,-0.99121094,-0.55121094,0.58878905,1.0987891,1.5787891,1.8287891,1.2287891,1.678789,1.5787891,2.1687891,1.4587891,1.8387891,1.0787891,2.568789,1.888789,3.208789,3.508789,4.0187893,3.6387892,2.518789,3.788789,1.158789,-2.261211,-1.7612109,-1.081211,-2.131211,-1.3812109,-1.441211,-2.511211,-2.141211,-1.2612109
