wind_kz.json
{"header": {"discipline":0,"disciplineName":"Meteorological products","gribEdition":2,"gribLength":1025,"center":7,"centerName":"US National Weather Service - NCEP(WMC)","subcenter":0,"refTime":"2024-02-03T06:00:00.000Z","significanceOfRT":1,"significanceOfRTName":"Start of forecast","productStatus":0,"productStatusName":"Operational products","productType":1,"productTypeName":"Forecast products","productDefinitionTemplate":0,"productDefinitionTemplateName":"Analysis/forecast at horizontal level/layer at a point in time","parameterCategory":2,"parameterCategoryName":"UnknownDiscipline_0_Category_2","parameterNumber":3,"parameterNumberName":"UnknownParameter_D0_C2_3","parameterUnit":"Unknown","genProcessType":2,"genProcessTypeName":"Forecast","forecastTime":240,"surface1Type":103,"surface1TypeName":"Specified height level above ground","surface1Value":10.0,"surface2Type":255,"surface2TypeName":"Missing","surface2Value":0.0,"gridDefinitionTemplate":0,"gridDefinitionTemplateName":"Latitude_Longitude","numberPoints":615,"shape":6,"shapeName":"Earth spherical with radius of 6,371,229.0 m","gridUnits":"degrees","resolution":48,"winds":"true","scanMode":64,"nx":41,"ny":15,"basicAngle":0,"lo1":47.0,"la1":41.0,"lo2":87.0,"la2":55.0,"dx":1.0,"dy":1.0}, "data":
[rows 0 to 14 of 15, columns 0 to 40 of 41]
-1.075874,-0.56587404,2.924126,7.8441257,3.504126,3.044126,3.504126,2.704126,1.4041259,0.904126,0.26412597,0.14412598,-0.47587404,-1.955874,-2.7758741,-3.605874,-2.295874,-2.455874,-3.955874,-1.655874,-0.32587403,-1.545874,0.35412598,-0.515874,1.054126,-1.365874,-1.6058741,-0.19587402,-0.015874023,-0.965874,-2.645874,-2.7758741,-0.285874,-0.975874,-0.315874,-0.715874,-0.705874,-0.09587403,0.39412597,0.94412595,1.384126
4.124126,-0.11587402,7.404126,6.744126,5.494126,4.974126,1.054126,2.834126,2.454126,1.6441259,0.914126,-0.25587404,-1.165874,-1.805874,-3.555874,-2.175874,-1.1058741,-2.5258741,-3.355874,-2.405874,-3.385874,-2.475874,-0.35587403,1.124126,0.74412596,0.80412596,1.094126,-0.63587403,-0.44587404,1.834126,0.854126,-0.24587402,0.74412596,-3.385874,-2.225874,0.784126,1.2741259,1.244126,1.204126,0.794126,-0.86587405
2.674126,6.354126,5.474126,5.784126,5.544126,3.524126,3.7241259,2.444126,3.954126,2.814126,1.0241259,0.62412596,-0.45587403,-0.845874,-1.755874,-2.345874,-2.205874,-2.735874,-4.065874,-3.565874,-1.3558741,-1.3358741,-3.475874,-0.93587404,-1.015874,-1.325874,-0.645874,-1.015874,1.004126,0.56412596,-1.195874,0.63412595,1.474126,-0.735874,0.75412595,-1.045874,-1.175874,1.594126,-1.185874,0.26412597,0.794126
5.434126,4.924126,5.734126,5.424126,3.654126,4.854126,4.564126,5.154126,4.194126,2.914126,2.044126,0.69412595,0.344126,-0.26587403,-1.285874,-1.4658741,-1.925874,-2.415874,-3.765874,-5.225874,-3.615874,-1.7158741,1.044126,0.10412598,-0.11587402,-0.49587402,0.434126,0.38412598,-0.035874024,1.4141259,2.484126,0.25412598,0.13412598,0.29412597,-0.0058740233,1.184126,3.624126,4.244126,-0.44587404,-0.47587404,-1.125874
3.414126,2.574126,2.874126,1.384126,2.194126,3.954126,3.824126,5.464126,4.444126,2.484126,2.534126,1.804126,0.404126,0.13412598,-0.545874,-1.035874,-2.085874,-2.825874,-2.475874,-2.765874,-1.985874,-0.645874,-0.63587403,-0.725874,0.23412597,-0.24587402,1.2841259,0.714126,1.294126,1.994126,0.794126,0.49412596,3.104126,1.254126,0.524126,1.1441259,1.204126,-0.44587404,-2.355874,-1.895874,0.824126
3.014126,2.494126,1.624126,1.834126,2.504126,2.564126,4.384126,3.574126,2.374126,2.434126,1.574126,1.294126,0.594126,0.06412598,-0.535874,-0.375874,-1.155874,-1.515874,-1.685874,-1.615874,-1.6058741,-0.33587402,0.404126,0.45412597,0.654126,0.42412597,0.62412596,0.68412596,1.054126,1.084126,0.87412596,0.584126,1.0341259,0.714126,-0.94587404,4.304126,-1.385874,-1.885874,-0.15587403,-1.645874,-2.335874
1.9041259,2.034126,2.7241259,3.514126,2.954126,3.684126,4.544126,3.384126,2.434126,2.294126,1.9041259,1.494126,0.434126,0.114125974,0.50412595,0.524126,0.63412595,-0.29587403,-0.74587405,-1.485874,-1.385874,-0.55587405,0.974126,2.484126,1.7841259,1.454126,2.104126,3.444126,2.674126,3.2241259,2.794126,1.5341259,1.104126,2.324126,1.0341259,0.42412597,0.68412596,2.594126,-0.17587402,0.344126,0.81412596
1.094126,1.944126,2.094126,2.364126,2.694126,3.064126,3.664126,3.164126,3.104126,2.184126,1.734126,1.064126,0.19412598,0.33412597,-0.525874,-0.74587405,-0.45587403,0.55412596,0.514126,-1.115874,-0.88587403,0.834126,1.304126,1.364126,2.574126,2.694126,2.584126,2.9741259,3.434126,5.3441257,4.164126,4.244126,4.234126,5.104126,5.664126,0.29412597,-0.015874023,2.354126,-1.865874,1.114126,1.8941259
1.344126,1.814126,1.934126,2.2241259,2.804126,2.924126,2.864126,2.554126,2.824126,2.7141259,2.2241259,1.334126,-0.045874022,0.14412598,-0.975874,0.56412596,-0.38587403,0.404126,1.554126,2.574126,0.86412597,-1.245874,0.20412597,0.29412597,1.974126,3.064126,2.654126,3.014126,2.424126,2.084126,5.064126,7.3441257,9.144126,7.684126,7.284126,5.314126,1.334126,1.1641259,2.504126,1.514126,1.374126
1.714126,2.094126,2.144126,2.364126,2.7141259,2.494126,2.924126,2.584126,2.774126,2.374126,1.834126,1.734126,1.934126,-0.29587403,-0.30587402,-1.145874,-0.605874,1.194126,0.80412596,2.204126,3.104126,1.544126,-0.12587403,0.664126,1.564126,1.674126,2.814126,2.814126,2.614126,2.534126,2.294126,2.804126,6.054126,6.204126,8.484126,6.254126,2.414126,1.214126,2.324126,2.934126,4.314126
1.4041259,1.954126,1.744126,0.594126,1.324126,2.994126,2.694126,2.174126,2.504126,1.874126,1.924126,2.244126,0.974126,0.61412597,-0.08587402,0.024125976,-0.675874,-0.47587404,2.074126,1.984126,2.954126,2.534126,0.984126,1.5341259,1.964126,2.524126,1.844126,2.044126,2.114126,1.614126,1.1641259,1.7841259,5.014126,6.894126,9.794126,9.014126,4.0941257,3.524126,4.034126,2.554126,2.324126
-0.375874,-0.735874,0.404126,2.064126,2.344126,2.174126,1.864126,1.744126,1.424126,1.584126,0.724126,0.344126,1.9141259,1.794126,1.224126,0.904126,-0.29587403,-1.365874,1.7841259,1.204126,1.974126,1.794126,1.9141259,2.394126,2.124126,1.584126,2.944126,2.234126,1.104126,0.81412596,0.88412595,2.794126,5.104126,6.894126,7.254126,8.874126,6.754126,1.6541259,1.324126,1.794126,0.13412598
0.14412598,0.024125976,-0.16587402,0.31412598,0.80412596,0.584126,0.574126,1.634126,2.2241259,1.634126,0.664126,-0.785874,1.884126,1.6641259,1.1541259,0.39412597,0.654126,0.09412598,1.4041259,0.534126,2.804126,2.774126,2.014126,0.68412596,0.55412596,2.534126,1.634126,1.474126,1.714126,1.454126,1.814126,3.744126,5.164126,6.054126,6.484126,6.994126,6.224126,3.274126,4.204126,1.994126,1.514126
0.024125976,-0.20587403,-0.36587402,0.044125978,0.12412598,0.21412598,0.594126,0.964126,2.014126,3.644126,1.554126,0.10412598,-1.745874,0.81412596,1.124126,1.464126,0.824126,0.56412596,0.47412598,-0.035874024,-0.11587402,1.624126,1.5341259,0.80412596,0.99412596,1.304126,1.4041259,1.694126,2.204126,1.704126,3.154126,4.214126,5.224126,5.814126,4.854126,5.494126,4.894126,4.704126,4.294126,3.604126,3.374126
-2.095874,-2.835874,-3.415874,-2.455874,-2.425874,-1.8458741,-1.9758741,-1.515874,-1.535874,0.734126,2.294126,1.494126,0.30412596,-3.065874,-2.825874,-1.875874,-1.695874,-0.99587405,-0.88587403,-0.595874,-0.45587403,-0.62587404,-0.33587402,0.19412598,0.894126,1.114126,1.804126,2.684126,2.104126,2.934126,3.854126,4.8441257,4.704126,4.684126,5.044126,5.114126,5.624126,5.974126,4.134126,4.714126,3.274126
