wind_kz.json
{"header": {"discipline":0,"disciplineName":"Meteorological products","gribEdition":2,"gribLength":794,"center":7,"centerName":"US National Weather Service - NCEP(WMC)","subcenter":0,"refTime":"2023-08-27T06:00:00.000Z","significanceOfRT":1,"significanceOfRTName":"Start of forecast","productStatus":0,"productStatusName":"Operational products","productType":1,"productTypeName":"Forecast products","productDefinitionTemplate":0,"productDefinitionTemplateName":"Analysis/forecast at horizontal level/layer at a point in time","parameterCategory":2,"parameterCategoryName":"UnknownDiscipline_0_Category_2","parameterNumber":2,"parameterNumberName":"UnknownParameter_D0_C2_2","parameterUnit":"Unknown","genProcessType":2,"genProcessTypeName":"Forecast","forecastTime":180,"surface1Type":103,"surface1TypeName":"Specified height level above ground","surface1Value":10.0,"surface2Type":255,"surface2TypeName":"Missing","surface2Value":0.0,"gridDefinitionTemplate":0,"gridDefinitionTemplateName":"Latitude_Longitude","numberPoints":615,"shape":6,"shapeName":"Earth spherical with radius of 6,371,229.0 m","gridUnits":"degrees","resolution":48,"winds":"true","scanMode":64,"nx":41,"ny":15,"basicAngle":0,"lo1":47.0,"la1":41.0,"lo2":87.0,"la2":55.0,"dx":1.0,"dy":1.0}, "data":
[rows 0 to 14 of 15, columns 0 to 40 of 41]
-4.9179688,-0.21796875,0.9820312,-1.5179688,-0.31796876,-2.7179687,-1.7179687,-9.717969,-9.317968,-5.0179687,-4.317969,-3.4179688,-3.8179688,-4.5179687,-4.5179687,-4.5179687,-3.6179688,-4.717969,-6.217969,-5.317969,-2.2179687,1.0820312,0.38203126,-0.91796875,0.08203125,-3.0179687,-1.7179687,0.6820313,0.6820313,0.28203124,-0.01796875,2.8820312,0.18203124,1.9820312,-3.4179688,-3.2179687,0.18203124,-0.11796875,2.9820313,2.2820313,-3.4179688
1.7820313,0.38203126,-6.5179687,-3.9179688,-2.2179687,-2.6179688,-5.6179686,-10.017969,-6.6179686,-4.1179686,-5.217969,-6.317969,-3.8179688,-3.8179688,-3.7179687,-4.217969,-3.7179687,-4.317969,-4.0179687,-3.5179687,-1.7179687,-0.21796875,-1.1179688,-1.3179687,0.08203125,1.0820312,-0.5179688,1.6820313,-2.7179687,-0.41796875,-0.5179688,-0.31796876,-0.71796876,-2.1179688,0.6820313,0.28203124,0.08203125,-1.9179688,1.7820313,0.28203124,-5.817969
-1.9179688,-5.717969,-4.817969,-3.8179688,-3.1179688,-8.117969,-8.117969,-4.717969,-6.4179688,-5.717969,-7.4179688,-6.1179686,-4.317969,-3.5179687,-3.0179687,-2.1179688,-1.7179687,-3.6179688,-4.317969,-3.1179688,-1.5179688,-2.3179688,-5.0179687,-4.6179686,-0.31796876,-1.7179687,-0.5179688,0.58203125,-0.61796874,-0.8179687,0.08203125,1.2820313,-0.21796875,1.5820312,0.6820313,-2.0179687,1.0820312,0.38203126,4.782031,1.2820313,0.88203126
-4.9179688,-7.217969,-5.817969,-4.717969,-5.717969,-6.1179686,-3.8179688,-4.5179687,-4.6179686,-4.0179687,-4.317969,-3.8179688,-4.217969,-2.8179688,-1.0179688,-0.31796876,-3.9179688,-4.0179687,-3.6179688,-3.3179688,-1.5179688,-3.3179688,-0.8179687,-1.8179687,-1.1179688,-0.21796875,0.6820313,-0.61796874,2.2820313,-2.3179688,-0.31796876,-0.31796876,3.3820312,7.182031,3.7820313,1.4820312,-0.61796874,0.88203126,-0.01796875,1.1820313,-3.2179687
-7.4179688,-9.017969,-10.017969,-10.017969,-7.6179686,-5.5179687,-5.1179686,-4.317969,-4.4179688,-1.6179688,-3.0179687,-2.7179687,-2.9179688,-2.6179688,-6.6179686,-5.0179687,-3.6179688,-3.3179688,-2.7179687,-2.1179688,-0.21796875,-1.4179688,-3.0179687,-2.9179688,-2.6179688,-2.1179688,-1.8179687,0.48203126,-0.31796876,0.9820312,0.08203125,-2.3179688,-1.1179688,1.9820312,-0.71796876,1.3820312,-3.2179687,-3.1179688,0.58203125,-0.61796874,-0.31796876
-5.5179687,-4.317969,-7.817969,-7.817969,-8.117969,-5.717969,-4.317969,-4.0179687,-3.1179688,-3.4179688,-3.2179687,-3.7179687,-2.1179688,-5.217969,-4.6179686,-3.6179688,-3.5179687,-3.0179687,-1.4179688,0.08203125,-2.4179688,-3.4179688,-2.9179688,-1.8179687,-0.61796874,-0.31796876,2.1820312,-0.41796875,1.1820313,1.6820313,2.2820313,2.2820313,1.3820312,2.7820313,2.8820312,3.3820312,1.2820313,3.8820312,6.8820314,-1.2179687,2.1820312
-4.217969,-3.7179687,-3.7179687,-3.5179687,-3.8179688,-4.0179687,-3.1179688,-2.5179687,-3.1179688,-2.7179687,-2.5179687,-2.4179688,-1.9179688,-0.61796874,-1.6179688,-4.0179687,-3.6179688,-0.91796875,0.08203125,-0.31796876,-2.7179687,-2.2179687,-0.8179687,-1.5179688,-0.71796876,-0.01796875,0.88203126,1.6820313,0.6820313,0.28203124,1.6820313,2.9820313,3.2820313,0.78203124,2.6820312,1.9820312,-0.8179687,1.4820312,-0.31796876,1.2820313,2.8820312
-4.4179688,-2.6179688,-1.0179688,-1.0179688,-0.21796875,-3.1179688,-2.3179688,-2.1179688,-2.2179687,-0.91796875,-2.2179687,-1.8179687,-1.1179688,0.28203124,-3.2179687,-3.5179687,-3.3179688,-2.0179687,-0.11796875,-3.0179687,-1.1179688,0.48203126,0.6820313,0.6820313,0.28203124,1.7820313,3.2820313,2.9820313,2.4820313,2.2820313,2.7820313,2.0820312,0.28203124,1.9820312,0.9820312,-0.61796874,0.9820312,1.0820312,3.8820312,2.9820313,-0.41796875
-2.5179687,-1.5179688,-2.5179687,-3.2179687,-2.3179688,-2.3179688,-3.3179688,-3.4179688,-2.3179688,-2.9179688,-2.9179688,-2.5179687,-2.8179688,-3.0179687,-2.8179688,-2.3179688,-4.217969,-2.6179688,-1.9179688,-2.0179687,-0.71796876,1.0820312,1.2820313,-1.0179688,1.0820312,2.5820312,1.6820313,2.0820312,3.1820312,2.4820313,2.5820312,2.9820313,2.9820313,1.5820312,0.38203126,-0.21796875,1.4820312,-0.01796875,2.0820312,0.88203126,-1.7179687
-2.2179687,-1.3179687,-0.8179687,-0.41796875,-0.31796876,-2.5179687,-3.1179688,-2.0179687,-3.1179688,-2.7179687,-1.9179688,-2.0179687,-3.1179688,-2.2179687,-2.3179688,-3.6179688,-2.9179688,-1.6179688,-0.71796876,1.2820313,1.3820312,2.2820313,0.58203125,2.4820313,1.9820312,2.5820312,3.3820312,2.5820312,2.9820313,4.282031,3.3820312,1.0820312,1.3820312,2.2820313,-0.11796875,0.88203126,0.48203126,0.9820312,0.78203124,0.88203126,-1.0179688
-0.5179688,-0.21796875,-1.7179687,-2.2179687,-0.61796874,-1.6179688,-1.4179688,-1.4179688,-1.5179688,-1.8179687,-0.31796876,0.88203126,1.7820313,0.38203126,-0.31796876,-1.6179688,-1.6179688,-0.71796876,0.88203126,1.2820313,0.9820312,1.1820313,1.8820312,3.0820312,2.9820313,2.9820313,3.7820313,3.7820313,3.9820313,5.182031,3.5820312,2.2820313,4.4820313,1.6820313,1.7820313,1.0820312,1.3820312,0.78203124,-2.0179687,1.6820313,-1.3179687
-0.8179687,-0.8179687,1.0820312,1.2820313,1.1820313,0.88203126,0.88203126,-0.11796875,-0.01796875,-0.61796874,0.08203125,2.3820312,1.9820312,2.6820312,1.5820312,-0.5179688,-1.8179687,-0.91796875,1.3820312,1.9820312,2.2820313,3.1820312,2.6820312,1.5820312,3.0820312,3.7820313,4.5820312,5.3820314,3.4820313,3.1820312,2.8820312,1.7820313,1.8820312,1.4820312,1.5820312,3.2820313,3.9820313,4.8820314,-0.5179688,1.1820313,0.9820312
1.0820312,2.1820312,2.3820312,1.8820312,2.6820312,0.9820312,0.78203124,0.88203126,0.48203126,-0.71796876,-0.61796874,0.88203126,2.5820312,1.9820312,1.4820312,-0.01796875,0.48203126,-0.11796875,2.2820313,2.2820313,2.4820313,2.8820312,1.9820312,1.9820312,4.8820314,4.3820314,5.182031,3.5820312,0.78203124,2.7820313,2.8820312,2.9820313,1.9820312,2.2820313,2.5820312,0.88203126,3.9820313,1.1820313,-1.3179687,3.1820312,0.38203126
1.2820313,1.5820312,1.7820313,1.5820312,0.58203125,0.28203124,0.9820312,1.3820312,1.2820313,-0.31796876,-1.2179687,-0.01796875,1.4820312,2.0820312,1.6820313,0.78203124,0.9820312,2.0820312,1.2820313,2.0820312,2.5820312,3.2820313,3.6820312,4.3820314,4.4820313,3.9820313,3.6820312,3.0820312,3.0820312,4.782031,3.6820312,2.6820312,3.1820312,2.1820312,1.7820313,1.0820312,3.1820312,2.1820312,-0.21796875,-0.01796875,1.1820313
-0.31796876,0.88203126,0.58203125,-0.01796875,1.4820312,0.78203124,0.88203126,0.28203124,0.9820312,-1.8179687,-1.5179688,-0.5179688,0.48203126,1.0820312,2.3820312,1.3820312,1.4820312,2.4820313,1.8820312,2.5820312,2.5820312,2.8820312,2.7820313,2.9820313,2.9820313,2.4820313,2.2820313,2.2820313,2.2820313,3.0820312,4.282031,4.682031,2.7820313,1.5820312,1.4820312,0.9820312,1.1820313,2.7820313,0.48203126,0.18203124,0.18203124
