wind.json
{"header": {"discipline":0,"disciplineName":"Meteorological products","gribEdition":2,"gribLength":1211,"center":7,"centerName":"US National Weather Service - NCEP(WMC)","subcenter":0,"refTime":"2023-06-30T00:00:00.000Z","significanceOfRT":1,"significanceOfRTName":"Start of forecast","productStatus":0,"productStatusName":"Operational products","productType":1,"productTypeName":"Forecast products","productDefinitionTemplate":0,"productDefinitionTemplateName":"Analysis/forecast at horizontal level/layer at a point in time","parameterCategory":2,"parameterCategoryName":"UnknownDiscipline_0_Category_2","parameterNumber":2,"parameterNumberName":"UnknownParameter_D0_C2_2","parameterUnit":"Unknown","genProcessType":2,"genProcessTypeName":"Forecast","forecastTime":300,"surface1Type":103,"surface1TypeName":"Specified height level above ground","surface1Value":10.0,"surface2Type":255,"surface2TypeName":"Missing","surface2Value":0.0,"gridDefinitionTemplate":0,"gridDefinitionTemplateName":"Latitude_Longitude","numberPoints":688,"shape":6,"shapeName":"Earth spherical with radius of 6,371,229.0 m","gridUnits":"degrees","resolution":48,"winds":"true","scanMode":64,"nx":43,"ny":16,"basicAngle":0,"lo1":45.0,"la1":40.0,"lo2":87.0,"la2":55.0,"dx":1.0,"dy":1.0}, "data":
[rows 0 to 15 of 16, columns 0 to 42 of 43]
2.2406054,-1.7293946,-1.4293945,-1.0193945,-5.4393945,-1.6393945,1.3706055,1.1706054,3.0706055,3.4206054,-5.0393944,-5.4093947,-5.1493945,-4.6393948,-2.8093946,-1.6393945,-0.9093945,0.16060548,-0.11939453,-0.8293945,-2.1593945,-0.44939452,-2.7393944,0.21060547,1.5306054,1.4506055,1.9906055,4.3006053,1.3206055,1.3406055,-0.74939454,-2.3993945,0.58060545,-0.86939454,0.52060544,0.76060545,0.83060545,0.36060548,-1.3393946,-1.9593946,-0.019394532,1.4806055,1.5606055
-1.2293946,5.5706053,3.0206056,2.4906054,-0.6593945,5.0406055,4.4306054,1.9406055,6.1906056,-2.9193945,-4.1693945,-4.8793945,-4.8993945,-3.6893945,-1.6693945,-1.0493945,-1.7093946,-0.8993945,-0.7193945,-2.8293946,-2.8793945,-2.4393945,1.4306054,1.2306055,5.3406053,4.9606056,1.8406055,3.9806054,5.2206054,0.05060547,-0.09939453,1.2906054,3.1206055,-0.35939452,-2.2993946,-1.5393945,-1.2293946,0.5406055,2.4106054,-0.9693945,-1.6693945,2.7606056,3.1206055
5.8506055,1.5606055,0.95060545,1.6106055,3.9806054,5.1906056,5.8306055,2.7206054,4.3206053,-1.2893945,-2.9693944,-3.9593945,-4.0193944,-3.3893945,-3.9993944,-3.3993945,-2.4093945,-1.8993945,-0.45939454,-1.3093945,-0.46939453,-1.9693946,1.2906054,2.4706054,3.2006054,3.1906054,1.7706054,-1.2493945,0.70060545,-1.0193945,0.81060547,1.0806055,0.44060546,0.9106055,-0.27939454,0.23060547,1.0806055,0.87060547,2.0906055,-1.8193946,0.76060545,0.07060547,3.4006054
0.7806055,-0.12939453,3.6506054,-0.6593945,5.1506057,5.2406054,4.9706054,4.0906053,4.8006053,-3.3293946,-4.2793946,-3.2893946,-5.3793945,-4.3893948,-5.2993946,-1.8393946,-2.8093946,-1.1793945,-1.1993946,-4.8093944,-2.5093946,-0.26939452,-6.5393944,-7.5593944,-10.409394,-8.719395,-8.159394,-8.879395,-6.4693947,-5.3793945,-4.5593944,-2.1193945,0.37060547,-0.37939453,-0.7793945,2.7506056,2.9606054,1.0006055,4.5606055,3.1006055,7.7506056,10.160605,4.4606056
1.7006055,1.7706054,3.6006055,5.6806054,5.0106053,4.4206057,4.4606056,3.4506054,-2.8093946,-0.14939453,-1.2593945,-4.1793947,-6.6993947,-7.4193945,-4.4593945,-3.3293946,-0.99939454,-3.0493946,-3.3593946,-6.1993947,-6.4193945,-7.5593944,-9.389395,-10.529394,-9.519395,-10.939395,-11.749394,-11.429395,-11.049395,-10.829394,-9.149395,-5.9893947,-2.9993944,0.35060546,8.210606,8.310605,8.510606,0.20060547,-1.2293946,0.5506055,0.7406055,5.1406054,3.2006054
1.4406055,0.31060547,2.6806054,5.2506056,8.040606,4.2206054,2.8706055,7.0606055,8.770605,-1.7993945,-1.0293945,-2.4393945,-6.6093946,-6.5093946,-3.3493946,-1.7393945,2.7906055,-2.8093946,-4.2893944,-5.6293945,-6.4193945,-8.129395,-9.339395,-9.629395,-10.319394,-11.009395,-11.279394,-11.559395,-11.369394,-9.579394,-8.839395,-7.6193943,-7.5993943,-5.9893947,-4.8193946,0.52060544,-4.6693945,-2.3993945,8.480605,1.2906054,3.2406054,6.1706057,7.9706054
6.5806055,0.07060547,4.7006054,7.4006057,5.1806054,4.3506055,1.9806055,4.7306056,6.6006055,-0.86939454,-0.86939454,-4.5993943,-4.0593944,-5.1793947,0.7406055,1.1006055,-0.7693945,-3.1893945,-2.0493946,-5.1193943,-5.3793945,-6.1093946,-7.3693943,-8.079394,-8.4193945,-9.679395,-9.979395,-10.849395,-9.999394,-5.9793944,-8.639395,-8.129395,-7.7993946,-8.039394,-5.4093947,-3.0093946,1.5506054,2.2806056,7.3506055,6.1606054,2.4906054,0.96060544,5.8806057
4.2306056,4.9806056,3.5106056,7.4006057,5.0506053,0.63060546,3.0406055,3.5306056,6.3506055,-1.0193945,0.22060546,0.6606055,-1.7593945,-2.7393944,-1.3593946,-0.6593945,-3.0393946,-2.9693944,-2.1093946,-2.3993945,-2.9293945,-4.3393946,-5.4493947,-5.3793945,-5.8193946,-6.7293944,-6.8093944,-7.3093944,-7.4993944,-6.9493947,-6.2793946,-5.1193943,-4.3693943,-3.6093946,-4.8793945,-1.5593945,0.030605469,-0.5193945,1.5206054,2.9506054,4.3006053,1.1206055,4.2306056
3.5906055,3.6906054,4.5106053,3.0106056,4.3006053,3.4106054,2.3406055,2.4606054,3.9506054,-0.8193945,2.8506055,1.8906054,-0.5893945,-0.47939453,-1.0793946,-2.9293945,-2.5193946,-3.4093945,-2.2593946,-1.6493945,-0.6593945,-1.5593945,-3.6493945,-3.4893944,-3.3893945,-3.4193945,-3.3493946,-4.1593947,-4.1593947,-4.2093945,-3.8293946,-3.1293945,-3.4793944,-1.9693946,-2.3993945,-1.1193945,-0.25939453,1.8406055,3.3806055,5.0806055,8.180606,10.340606,7.3606052
1.9406055,-0.87939453,1.9006054,1.7406055,2.4706054,3.8806055,3.4906054,2.3606055,1.9906055,3.5306056,3.0006056,3.0206056,-0.6493945,-1.0393945,-0.91939455,-1.6793945,-2.1893945,-2.1793945,-1.7493945,-1.0593945,-0.48939455,-0.8293945,-2.0693946,-2.2093945,-1.8193946,-2.7593946,-2.5993946,-1.6093946,-2.4793944,-0.5793945,-2.7793946,-1.5093945,-2.3993945,-1.7693945,-0.29939452,-0.33939454,1.1906055,2.0506055,2.1606054,0.08060547,1.0706055,0.71060544,-0.019394532
-2.7693946,-1.2293946,-1.1493945,-3.3393946,-0.8993945,1.5906055,3.6006055,5.5806055,3.7506056,3.0806055,-1.4993945,-7.4693947,1.6506054,3.0106056,-2.3093946,-0.8293945,-1.4693946,-0.25939453,-1.2093946,-0.60939455,-1.0893946,-0.079394534,-0.84939456,-1.4793946,-1.4593946,-2.0993946,-2.2693946,-2.0293946,-1.3793945,-3.3993945,-2.2393944,-2.1693945,-0.99939454,-0.80939454,-2.4993944,-1.8893945,-2.4293945,0.96060544,1.9806055,-2.0493946,-1.5593945,-0.98939455,0.13060547
-2.2093945,-1.9893945,-2.6793945,-0.5693945,-2.5693946,-3.2993946,-1.2993945,1.9406055,4.5006056,6.1306057,5.3906054,1.0606055,3.2606056,4.8206053,-0.13939454,6.8006053,1.9506055,2.4606054,1.4406055,1.1006055,-0.44939452,0.16060548,0.9906055,0.46060547,0.51060545,-1.0993946,0.37060547,-1.0393945,-1.1193945,-0.20939453,-0.85939455,-2.5893946,-1.2293946,-1.9593946,-1.6693945,-2.6593945,-2.5093946,-4.5593944,-1.8793945,0.09060547,-1.6293945,-0.47939453,-0.8393945
-1.9293945,-2.1193945,-3.0093946,-2.3493946,-1.4593946,-0.86939454,-0.92939454,-1.9193945,-1.2093946,1.2506055,5.0706053,6.5306053,3.6006055,3.7806056,1.6306055,4.5606055,3.8406055,1.4706055,2.5406055,2.6006055,1.7506055,1.3806055,1.7706054,0.46060547,0.56060547,0.9806055,1.8506055,1.1406054,1.0606055,-0.47939453,-1.8993945,-1.9093945,-2.0493946,-1.7693945,-3.0393946,-2.0493946,-3.2193944,-4.6693945,-2.7693946,-2.3393946,-2.0493946,-1.7493945,0.56060547
-0.8393945,-0.98939455,-1.4893945,-3.1393945,-0.93939453,-3.4193945,-1.5393945,-0.5293945,-0.45939454,-0.68939453,-0.91939455,0.13060547,2.6406054,4.9206057,3.0606055,3.5406055,3.5406055,0.09060547,-0.80939454,1.0706055,1.9506055,1.5306054,2.2506056,2.4506054,3.2906055,3.4006054,4.3506055,1.6106055,1.6206055,-1.4493946,-0.19939452,1.3306055,-1.7193946,-1.0493945,-1.6193945,3.6906054,-4.5893946,-2.6393945,-2.7793946,-2.3393946,-2.2193944,-1.8193946,-1.0093945
-0.009394531,0.5406055,3.0506055,0.39060548,1.6306055,6.0546875E-4,-0.079394534,-1.6693945,-1.0493945,0.88060546,0.47060546,-0.23939453,-0.22939453,2.5906055,-0.33939454,1.5706055,0.42060548,2.1306055,0.9806055,1.7606055,0.9306055,1.7606055,2.6406054,3.5106056,4.6006055,4.5706053,4.1606054,4.1606054,1.6606054,2.1306055,2.2506056,2.9706054,1.8006054,3.8306055,2.4306054,-0.39939454,-0.84939456,-2.6193945,-0.13939454,-0.37939453,-3.5593946,-1.6693945,0.09060547
2.0706055,2.3106055,1.9206054,3.5406055,3.1306055,2.6906054,3.6806054,2.5906055,1.5806055,-0.9093945,0.43060547,-0.15939453,-0.22939453,-0.97939456,-0.12939453,2.0406055,3.3106055,2.7506056,2.4506054,2.4806054,3.0906055,2.3006055,3.4406054,2.7406054,3.4406054,4.4606056,4.0506053,4.0406055,1.9206054,3.0506055,2.6606054,2.3506055,-1.9193945,-0.43939453,3.2606056,5.1906056,-1.2293946,-2.0893946,-0.7693945,-0.59939456,-0.84939456,-0.38939452,0.35060546
