wind_kz.json
{"header": {"discipline":0,"disciplineName":"Meteorological products","gribEdition":2,"gribLength":1025,"center":7,"centerName":"US National Weather Service - NCEP(WMC)","subcenter":0,"refTime":"2023-08-28T00:00:00.000Z","significanceOfRT":1,"significanceOfRTName":"Start of forecast","productStatus":0,"productStatusName":"Operational products","productType":1,"productTypeName":"Forecast products","productDefinitionTemplate":0,"productDefinitionTemplateName":"Analysis/forecast at horizontal level/layer at a point in time","parameterCategory":2,"parameterCategoryName":"UnknownDiscipline_0_Category_2","parameterNumber":3,"parameterNumberName":"UnknownParameter_D0_C2_3","parameterUnit":"Unknown","genProcessType":2,"genProcessTypeName":"Forecast","forecastTime":240,"surface1Type":103,"surface1TypeName":"Specified height level above ground","surface1Value":10.0,"surface2Type":255,"surface2TypeName":"Missing","surface2Value":0.0,"gridDefinitionTemplate":0,"gridDefinitionTemplateName":"Latitude_Longitude","numberPoints":615,"shape":6,"shapeName":"Earth spherical with radius of 6,371,229.0 m","gridUnits":"degrees","resolution":48,"winds":"true","scanMode":64,"nx":41,"ny":15,"basicAngle":0,"lo1":47.0,"la1":41.0,"lo2":87.0,"la2":55.0,"dx":1.0,"dy":1.0}, "data":
[rows 0 to 14 of 15, columns 0 to 40 of 41]
-0.113082886,-2.563083,0.7669171,-3.103083,2.8769171,1.9069171,1.2269171,0.5369171,-0.6030829,-0.4830829,-2.583083,0.67691714,0.15691711,-0.5430829,-1.4630829,-2.6230829,-1.9730829,-0.7830829,0.23691711,-0.34308288,0.15691711,-0.51308286,-0.5330829,-1.1930829,-1.2430829,-0.31308287,-0.43308288,0.036917113,1.6169171,2.8469172,0.8969171,-2.243083,-1.0630829,-1.9330829,-0.9730829,-1.2230829,0.9469171,3.506917,2.3769171,-3.333083,0.79691714
4.326917,1.4169171,-0.4130829,1.1269171,3.166917,2.1269171,0.25691712,1.4869171,1.9069171,2.0669172,1.9169171,2.966917,2.666917,2.1269171,1.6569171,-1.9930829,-2.1630828,-2.1930828,-1.0430828,-0.6030829,0.15691711,-0.21308288,0.19691712,1.8969171,1.6569171,1.2969171,-1.3830829,1.9669172,-0.053082887,1.9669172,3.8769171,4.9369173,0.6269171,-0.4530829,-1.2530829,-1.4230828,-1.1530828,0.096917115,0.7269171,-1.6530828,-0.4230829
1.946917,2.0569172,0.5669171,-0.4130829,-0.3530829,-0.21308288,-0.23308289,-1.3930829,-1.1130829,-1.4830829,-1.803083,-0.89308286,1.2569171,0.9569171,-2.4630828,-1.6030829,-0.8730829,-1.3830829,-1.6730828,-1.0730829,0.7869171,-0.20308289,1.7569171,1.6669171,0.6269171,0.0069171144,0.49691713,0.8469171,-0.23308289,2.166917,5.286917,2.936917,1.9169171,-0.76308286,-0.5030829,2.656917,4.826917,0.6369171,1.0769172,-1.5730829,-2.1630828
-0.76308286,-0.4130829,-1.6530828,-1.5930829,-2.533083,-2.253083,-2.1930828,-2.763083,-2.333083,-3.6930828,-3.9630828,-5.633083,-5.8130827,-5.573083,-3.783083,-4.693083,-4.073083,-4.0430827,-3.6530828,-2.563083,0.80691713,0.2769171,2.5569172,1.3569171,0.60691714,-0.40308288,-0.9930829,-1.6830829,1.3569171,-0.10308289,0.4269171,-1.4430829,-1.6230829,-1.1330829,-0.94308287,-3.323083,-0.94308287,1.9569172,3.0369172,2.196917,2.3369172
-1.0230829,-1.6630828,-1.9330829,-2.093083,-1.7830828,-2.773083,-2.743083,-2.4030828,-1.9330829,-2.9530828,-2.073083,-3.103083,-5.493083,-6.373083,-4.683083,-3.9430828,-4.433083,-4.173083,-4.7730827,-5.183083,-4.883083,-2.6930828,-2.9130828,1.3869171,0.9469171,0.22691712,-0.113082886,0.40691712,0.41691712,-0.3630829,-1.4030828,0.3869171,2.3269172,3.696917,-1.1630828,-1.6930829,1.1869171,-1.4530829,0.54691714,2.136917,1.4969171
-1.2330829,-2.1530828,-4.653083,-5.673083,-4.403083,-2.6330829,-1.1330829,-1.3730829,-2.6330829,-1.9530829,-2.563083,-2.603083,-4.5430827,-7.643083,-6.893083,-3.303083,-4.073083,-2.3830829,-3.7030828,-4.433083,-1.7230829,-1.8230829,-2.9030828,-2.323083,-1.6830829,-0.19308288,-1.5230829,0.5869171,0.056917116,1.5769172,0.7269171,0.8869171,0.44691712,-0.09308288,1.7769171,1.6669171,2.936917,3.636917,0.7869171,0.25691712,-0.3230829
-2.2230828,-2.753083,-3.073083,-2.4230828,-1.6630828,-1.5030829,-1.3730829,-1.7030829,-1.3830829,-2.2030828,-3.1930828,-3.8730829,-4.3330827,-5.673083,-5.2930827,-4.5830827,-4.213083,-4.0230827,-3.103083,-2.343083,-1.0830829,1.5369171,1.7069172,1.5569171,-1.8430829,-0.34308288,0.6669171,0.3369171,-0.5630829,1.9069171,1.7069172,0.24691711,0.036917113,1.0269171,-1.3530829,-1.5330828,-2.9330828,-0.23308289,0.9369171,-0.33308288,-0.88308287
-1.5630829,-2.6230829,-1.9430829,-1.9830829,-1.6330829,-1.4830829,-1.9130828,-1.9630829,-2.1630828,-3.2230828,-3.523083,-2.9530828,-4.7930827,-5.8330827,-6.843083,-6.453083,-5.153083,-3.773083,-1.2730829,-1.8530829,-1.0430828,-2.323083,-2.2230828,2.466917,2.416917,2.456917,2.3669171,1.5469171,2.5469172,2.746917,1.2469171,1.4369171,0.3569171,-0.7130829,0.8869171,-0.4530829,-1.7730829,1.4769171,-1.0830829,0.2969171,-1.9430829
-1.7730829,-1.9730829,-1.5330828,-1.3230829,-0.7730829,-0.27308288,0.046917114,0.9969171,-2.1630828,-2.293083,-2.4530828,-3.593083,-4.923083,-6.463083,-6.873083,-7.113083,-7.113083,-7.193083,-5.693083,-4.483083,-2.9230828,-3.2130828,-1.3130829,-0.4130829,2.1269171,2.386917,1.5969172,1.3169171,2.926917,2.226917,3.2869172,3.3069172,2.926917,3.486917,2.406917,2.3169172,-2.9030828,0.096917115,1.1369171,0.34691712,-0.4530829
-1.4530829,-2.493083,-2.863083,-2.9330828,-2.9630828,-0.88308287,-1.0830829,1.0669171,-1.2730829,-1.3430829,-2.7330828,-3.803083,-4.0630827,-5.423083,-6.7730827,-7.183083,-6.233083,-6.7930827,-5.553083,-4.943083,-5.963083,-5.403083,-3.6830828,0.19691712,3.456917,1.5769172,1.196917,1.2769171,1.9169171,1.6069171,3.0869172,2.8469172,3.1069171,2.916917,1.2669171,0.7269171,0.3369171,-2.783083,-0.5230829,3.5369172,2.476917
-0.8530829,-1.4730829,-2.023083,-3.003083,-3.553083,-3.343083,-1.5130829,-0.76308286,-0.5630829,-1.3530829,-2.023083,-1.9630829,-3.6230829,-4.443083,-5.703083,-5.963083,-6.473083,-6.723083,-5.163083,-5.473083,-5.913083,-6.3130827,-6.623083,-5.403083,-2.333083,-0.76308286,-0.7930829,-1.3130829,-0.5930829,-0.19308288,-3.1830828,-3.9530828,2.2769172,1.6569171,1.446917,0.43691713,0.2669171,2.006917,1.3069171,1.4569172,0.31691712
-1.5630829,-1.8530829,-1.3130829,-1.2130829,-1.6430829,-2.7030828,-0.6530829,-0.5530829,-0.9230829,-0.8330829,-1.2630829,-2.343083,-2.9730828,-3.313083,-4.2730827,-4.1030827,-4.283083,-6.133083,-5.493083,-5.553083,-5.263083,-5.433083,-5.8530827,-5.963083,-5.413083,-4.393083,-3.553083,-3.843083,-2.4330828,0.85691714,0.8469171,2.426917,0.67691714,1.2269171,0.6369171,-0.9130829,0.3969171,2.166917,2.146917,1.7769171,0.5669171
-0.8430829,-2.1730828,-1.7230829,-1.1330829,-0.5430829,-1.2930828,-1.303083,-0.3230829,-0.3930829,1.1069171,-0.4130829,-1.6430829,-3.103083,-2.9130828,-3.4630828,-3.773083,-4.363083,-4.0630827,-4.5030828,-4.493083,-3.6430829,-3.3930829,-3.6430829,-3.4330828,-4.713083,-4.7730827,-4.393083,-3.9330828,-4.0630827,-3.1230829,-2.813083,-2.023083,0.25691712,-0.12308288,0.5769171,0.28691712,0.15691711,-0.13308288,-0.88308287,-0.6730829,-0.07308289
0.73691714,-1.1130829,-1.0430828,-0.46308288,0.43691713,0.4569171,-0.69308287,-1.2830828,-1.803083,-1.1330829,0.10691711,-0.3630829,-1.9130828,-2.4530828,-2.9130828,-2.9530828,-3.1330829,-4.073083,-3.9330828,-3.023083,-2.803083,-2.793083,-2.8930829,-3.513083,-3.533083,-3.9130828,-3.6830828,-3.003083,-2.8830829,-2.753083,-2.4030828,-2.033083,-1.1030829,0.24691711,0.016917115,0.3869171,0.096917115,-0.40308288,-0.4130829,0.47691712,-0.20308289
-0.34308288,0.3069171,-1.9230828,-1.8330829,-0.7130829,0.54691714,0.8769171,-0.033082888,-0.51308286,-0.043082885,-1.1930829,-0.7230829,0.80691713,-1.3130829,-2.583083,-2.053083,-2.4530828,-2.813083,-3.4130828,-3.563083,-2.773083,-3.243083,-3.273083,-3.363083,-3.4030828,-3.2330828,-3.3830829,-3.1830828,-3.253083,-3.2230828,-2.4230828,-2.043083,-0.8430829,-0.7830829,0.036917113,-0.5330829,-0.083082885,0.08691712,0.6369171,1.196917,0.08691712
