wind_kz.json
{"header": {"discipline":0,"disciplineName":"Meteorological products","gribEdition":2,"gribLength":1102,"center":7,"centerName":"US National Weather Service - NCEP(WMC)","subcenter":0,"refTime":"2023-09-29T06:00:00.000Z","significanceOfRT":1,"significanceOfRTName":"Start of forecast","productStatus":0,"productStatusName":"Operational products","productType":1,"productTypeName":"Forecast products","productDefinitionTemplate":0,"productDefinitionTemplateName":"Analysis/forecast at horizontal level/layer at a point in time","parameterCategory":2,"parameterCategoryName":"UnknownDiscipline_0_Category_2","parameterNumber":2,"parameterNumberName":"UnknownParameter_D0_C2_2","parameterUnit":"Unknown","genProcessType":2,"genProcessTypeName":"Forecast","forecastTime":240,"surface1Type":103,"surface1TypeName":"Specified height level above ground","surface1Value":10.0,"surface2Type":255,"surface2TypeName":"Missing","surface2Value":0.0,"gridDefinitionTemplate":0,"gridDefinitionTemplateName":"Latitude_Longitude","numberPoints":615,"shape":6,"shapeName":"Earth spherical with radius of 6,371,229.0 m","gridUnits":"degrees","resolution":48,"winds":"true","scanMode":64,"nx":41,"ny":15,"basicAngle":0,"lo1":47.0,"la1":41.0,"lo2":87.0,"la2":55.0,"dx":1.0,"dy":1.0}, "data":
[rows 0 to 14 of 15, columns 0 to 40 of 41]
2.7230005,0.7130005,2.4430006,4.8930006,-1.1469995,-0.9369995,-6.5569997,-9.396999,-9.697,-6.8769994,-5.0069995,-6.9269996,-5.2669997,-6.7769995,-5.6269994,-5.8969994,-6.0269995,-6.2769995,-5.7369995,-3.6069994,-1.1669995,-0.8569995,-0.0069995117,2.1230004,-1.0869995,-0.32699952,1.0630004,3.3430004,1.0830005,1.4930005,1.9230005,1.3830005,-0.016999511,-1.4469995,-2.7869995,-1.4269996,0.5130005,-0.4269995,-0.8869995,-1.6369995,0.4430005
-0.6069995,0.85300046,5.8330007,-3.7069995,0.8230005,-1.9069995,-8.646999,-12.266999,-8.917,-8.176999,-6.8069997,-6.4069996,-6.6569996,-5.9569993,-4.1869993,-4.8169994,-4.7169995,-5.3569994,-4.3569994,-2.7769995,-1.8569995,0.5130005,-0.10699951,2.6430006,0.7430005,0.6330005,0.6730005,1.0430005,2.5430005,1.1230005,0.9530005,0.8930005,0.08300049,0.9430005,-0.09699951,0.1930005,1.0230005,1.1330005,1.3430005,0.85300046,-0.12699951
1.5230005,8.583,-3.3569994,-5.2669997,4.0030003,0.6430005,-5.3169994,-5.9769993,-8.146999,-6.4969997,-5.8769994,-5.8169994,-5.2169995,-4.9669995,-4.6469994,-4.4969997,-4.5569997,-3.4269996,-2.5969994,-1.4569995,-0.076999515,-0.8269995,-2.3569994,-2.8569994,-1.4969995,-3.3669996,-2.1769996,-0.25699952,2.3930006,0.43300048,1.6030005,-0.5069995,-0.8669995,0.91300046,0.1930005,1.3230004,0.7430005,0.17300048,3.0430005,3.7430005,1.9630005
2.3830004,-0.8769995,-0.076999515,-3.1469996,-0.2269995,0.49300048,-1.2469995,-4.9269996,-4.6069994,-4.1069994,-3.8469994,-4.8369994,-3.7269995,-3.2869995,-3.3769996,-3.0369995,-1.9269996,-2.0369995,-1.9569995,-2.0569994,-1.8569995,-1.7869995,0.023000488,-1.0969995,-1.5969995,-1.9869995,-0.5769995,0.66300046,1.3930005,-0.83699954,-5.2869997,-1.4969995,-3.9069996,-2.8369994,-1.9769995,-0.83699954,0.4530005,2.3630004,-1.7069995,1.5430005,1.8430005
-1.2069995,-1.6369995,-1.4669995,-1.2969995,-2.1869996,-2.3469994,-2.2869995,-1.1369995,0.42300048,-0.8769995,-1.6269995,-2.1169996,-1.4769995,-2.3769996,-1.9569995,-1.8669995,-1.3869995,-1.0869995,-1.3869995,-1.7469995,-1.5769995,-0.8569995,-1.2369995,-1.0969995,-0.4969995,-0.18699951,-1.8469995,-1.3069996,-0.0069995117,1.1530005,1.8030005,-0.3769995,2.8330004,2.3430004,-0.89699954,0.5930005,4.7230005,1.8830005,1.5330005,-0.18699951,3.0030005
-0.3069995,0.063000485,0.4730005,0.3430005,-0.2269995,-0.8469995,-0.3369995,-0.35699952,-0.06699951,1.4230005,2.3130004,2.4030006,2.1330004,2.5930004,2.8530004,2.9630005,2.2830005,1.0530005,0.4530005,0.3130005,-0.2969995,-0.6169995,0.27300048,0.2830005,1.2130005,2.1830006,1.1230005,-1.1169995,-2.2469995,-1.1869996,0.9930005,-0.4569995,0.4430005,1.4430004,1.0130005,1.9830005,2.1930006,3.6530006,2.4430006,1.0830005,0.3830005
2.9430006,2.7630005,2.5130005,2.2130005,1.6030005,1.2830005,0.7630005,1.0030005,1.5730004,0.9830005,1.0730004,2.4930005,2.6430006,3.5030005,3.1330004,3.1330004,2.5530005,1.7130005,1.7130005,1.8730005,1.6630005,1.6130005,1.3430005,0.8630005,1.3230004,2.1730006,2.0930004,1.6130005,0.8930005,-1.2469995,-2.1969995,-2.3069994,-0.02699951,1.0030005,0.6330005,-0.7869995,1.6430005,-1.6569995,-0.6869995,2.2030005,4.4530005
4.7830005,4.8730006,5.0630007,4.9030004,4.5530005,4.2030005,3.6830006,3.0430005,2.7130005,3.0830004,3.2330005,3.7730005,4.9230003,5.0430007,4.5830007,4.3730006,3.3430004,3.0630004,3.5030005,5.0430007,5.3630004,3.4430006,2.3730004,2.3930006,2.8330004,3.8430004,3.7430005,2.8430004,3.6730006,3.9230006,4.8330007,3.6330004,2.5830004,-1.7469995,2.7630005,2.5330005,2.4430006,0.20300049,2.0530005,4.8230004,3.3230004
5.3230004,6.1430006,6.1830006,6.3230004,6.1830006,5.9530005,5.6330004,5.2730007,5.2230005,5.6030006,5.6730003,5.8930006,7.2430005,5.9430003,6.1130004,5.7930007,6.2130003,5.4130006,5.0930004,4.9730005,5.6430006,5.3030005,4.4630003,4.2930007,4.7830005,3.6530006,4.2930007,4.0130005,4.4830003,4.0730004,2.3030005,3.5830004,4.3830004,-0.7369995,1.9930005,0.5830005,2.3230004,1.8930005,2.0430005,-0.23699951,1.2730005
6.2630005,6.6830006,7.0330005,7.2430005,7.2730007,7.4330006,7.2630005,7.3130007,7.5530005,7.9230003,8.623,8.923,8.433001,8.393001,8.023001,7.6030006,7.2530003,7.0530005,6.8730006,6.8330007,7.7430005,7.4930005,6.5130005,5.9930005,5.4630003,5.3730006,4.6530004,5.2630005,5.0830007,4.1930003,2.9430006,0.9930005,0.21300049,0.04300049,1.6830004,-0.15699951,1.7430005,-0.38699952,2.6930006,1.4030005,0.10300049
5.4430003,6.0430007,6.4530005,6.8030005,7.0530005,7.4930005,8.443001,9.233001,9.213,9.613001,9.733001,9.653001,9.433001,9.983001,9.823001,9.183001,9.023001,8.873,8.423,8.623,8.783001,8.413,7.8330007,7.2930007,6.3030005,6.0430007,6.2030005,5.5530005,5.4830003,5.0530005,4.3230004,4.3630004,3.3730004,3.0130005,3.1430006,1.3230004,-0.9469995,1.1530005,1.2730005,-0.20699951,-0.21699952
4.7730007,5.2130003,5.9230003,6.1630006,6.6330004,6.9330006,7.4230003,7.8930006,8.683001,8.753,9.953,10.063001,9.7630005,10.103001,10.533001,9.603001,9.7630005,9.493,9.0130005,8.683001,7.9530005,7.8330007,7.8230004,7.7430005,7.3530006,7.2030005,6.4430003,6.1430006,5.7230005,5.2930007,4.8830004,5.0130005,4.0730004,4.4730005,3.1530006,3.4930005,4.6830006,4.6730003,3.8830004,1.0530005,0.7130005
4.1430006,5.6430006,5.6430006,6.1630006,6.1630006,5.0330005,6.7430005,6.9930005,8.193001,7.5530005,5.8830004,9.053,8.963,11.813001,10.463,11.483001,10.943001,10.133,8.353001,8.233001,7.5230007,7.5830007,6.9930005,7.1330004,7.6230006,6.8230004,5.9330006,4.7530003,4.3630004,4.5230007,4.2030005,4.2930007,4.5630007,4.5630007,5.0530005,5.4330006,5.0230007,3.4330006,5.0530005,4.2830005,2.2030005
4.2330003,5.4830003,6.2730007,5.5730004,6.7330003,7.6030006,8.003,8.503,8.683001,9.293,6.1530004,7.7130003,9.193001,9.193001,9.973001,10.7630005,10.413,10.803,9.5130005,9.553,8.423,7.6030006,7.0430007,6.5030003,6.7230005,5.4930005,4.0730004,3.8730004,4.1630006,4.1730003,4.3230004,4.3730006,4.6330004,4.6030006,4.4730005,5.0730004,4.5030003,5.0730004,5.2630005,2.8130004,3.9430006
1.2030005,0.30300048,0.7030005,1.6930004,2.9430006,4.0930004,4.0430007,3.9830005,5.1730003,8.043,6.8430004,9.893001,9.483001,7.1430006,9.7630005,9.493,9.363001,10.153001,8.213,8.993,8.523001,8.193001,5.0630007,3.3030005,3.7330005,2.4030006,2.0130005,3.3030005,3.3730004,3.8430004,4.2930007,5.3030005,4.9530005,4.5130005,5.1030006,5.6730003,5.3630004,6.3130007,6.4630003,6.2930007,3.7730005
