wind_kz.json
{"header": {"discipline":0,"disciplineName":"Meteorological products","gribEdition":2,"gribLength":1025,"center":7,"centerName":"US National Weather Service - NCEP(WMC)","subcenter":0,"refTime":"2023-09-30T00:00:00.000Z","significanceOfRT":1,"significanceOfRTName":"Start of forecast","productStatus":0,"productStatusName":"Operational products","productType":1,"productTypeName":"Forecast products","productDefinitionTemplate":0,"productDefinitionTemplateName":"Analysis/forecast at horizontal level/layer at a point in time","parameterCategory":2,"parameterCategoryName":"UnknownDiscipline_0_Category_2","parameterNumber":3,"parameterNumberName":"UnknownParameter_D0_C2_3","parameterUnit":"Unknown","genProcessType":2,"genProcessTypeName":"Forecast","forecastTime":120,"surface1Type":103,"surface1TypeName":"Specified height level above ground","surface1Value":10.0,"surface2Type":255,"surface2TypeName":"Missing","surface2Value":0.0,"gridDefinitionTemplate":0,"gridDefinitionTemplateName":"Latitude_Longitude","numberPoints":615,"shape":6,"shapeName":"Earth spherical with radius of 6,371,229.0 m","gridUnits":"degrees","resolution":48,"winds":"true","scanMode":64,"nx":41,"ny":15,"basicAngle":0,"lo1":47.0,"la1":41.0,"lo2":87.0,"la2":55.0,"dx":1.0,"dy":1.0}, "data":
[rows 0 to 14 of 15, columns 0 to 40 of 41]
0.3517798,0.3717798,-0.048220214,-10.38822,-12.19822,0.54177976,2.7917798,2.0917797,0.7417798,1.0517797,-0.14822021,-2.2882202,-2.4682202,-1.8982202,-1.9082202,-2.5782201,-2.8682203,-2.2782202,-3.5282202,-2.0082202,-2.6582203,-2.5682201,-0.028220214,-0.14822021,-1.3282202,-0.8482202,-0.64822024,1.4517798,1.6817797,1.3017797,-1.8782202,-2.4082203,0.8617798,-0.41822022,1.2217798,2.0317798,0.17177978,-0.6082202,-1.5082202,-1.5382202,2.5317798
-0.018220214,0.8717798,0.2917798,-8.44822,-12.088221,-4.2882204,-3.2382202,-0.8582202,0.43177977,0.36177978,0.49177977,-0.3682202,-0.07822022,-1.5582203,-1.3482202,-0.6182202,-0.3382202,-2.1982203,-4.6182203,-4.3082204,-3.3982203,-1.5182202,-0.6982202,1.5617797,0.7017798,0.84177977,-2.2682202,1.8217797,0.54177976,2.0317798,2.6117797,2.7417798,0.4117798,-0.9482202,-3.7182202,-1.1882203,-1.5082202,-3.60822,-0.7882202,-1.8782202,0.6417798
1.7917798,3.5517797,0.6717798,3.2217798,1.1017798,-1.9582202,-2.5382202,4.6717796,4.74178,3.5217798,0.8817798,0.0017797851,-1.0282202,-1.4682202,-0.89822024,0.4717798,0.2517798,-2.10822,-3.7282202,-4.6182203,-4.2482204,0.7617798,0.011779785,-0.028220214,0.081779785,-0.47822022,-0.6082202,0.78177977,-0.6782202,1.5317798,3.0617797,0.9517798,1.6717798,-0.8082202,-0.70822024,1.8917798,2.5017798,0.7117798,-0.028220214,0.011779785,0.5617798
0.5817798,1.4717798,0.33177978,0.7117798,-1.5382202,-1.4382203,-1.0382202,-2.0082202,0.78177977,1.6917797,0.3517798,-0.2782202,-1.6582202,-3.60822,-2.0282202,0.8217798,-0.3982202,-2.1782203,-3.7282202,-4.9982204,-5.3082204,-1.7182202,-0.9182202,-0.32822022,-0.4282202,-1.2982202,-3.2382202,-1.9082202,-0.41822022,-1.2382202,-1.2682202,-1.4582202,-1.6682202,-0.7282202,-0.7282202,-2.7882202,-0.3082202,2.9117799,1.0817798,0.66177976,1.9517798
1.0417798,1.2417798,0.22177978,0.2617798,0.041779786,0.3717798,0.66177976,1.4217798,2.1717799,2.3417797,2.2817798,1.2117798,-0.29822022,-1.8682202,-2.8082201,-2.6182203,-3.0782201,-1.1182202,-2.9382203,-3.8082201,-3.5682201,-3.4482203,-0.8482202,0.43177977,-0.64822024,-1.8882202,-1.6582202,-1.6282202,-2.2482202,-1.8782202,-1.5582203,0.2817798,2.4717798,3.2317798,-0.17822021,-0.058220215,0.3417798,-0.6782202,-3.5582201,1.7017798,1.0717797
2.2617798,1.1917797,0.2617798,0.85177976,1.2517798,1.4317797,2.1217797,1.8917798,1.2517798,1.4917798,2.0417798,1.3417798,0.4117798,0.6417798,-1.5282202,-1.6182202,-2.1882203,-2.59822,-2.9882202,-3.1782203,-3.7282202,-3.1782203,-3.1982203,0.5617798,0.8217798,-0.6982202,-1.5982202,-2.0182202,-0.4982202,-1.3482202,0.7017798,0.3217798,1.3017797,1.1017798,1.8317798,1.0817798,2.8717797,3.3817797,-2.0482202,-2.34822,-0.4282202
1.4217798,0.3117798,3.0517797,1.9417797,0.8617798,0.2917798,1.4717798,1.7017798,1.8417798,0.5217798,-0.41822022,-0.4282202,0.9817798,0.6517798,0.72177976,-0.52822024,-0.8182202,-0.2782202,-2.1482203,-2.09822,-3.6182203,-3.9182203,-3.0082202,-2.6582203,-0.28822023,-0.038220216,-0.9982202,-3.0682201,-2.59822,1.1717798,0.5217798,-0.7682202,-1.4682202,0.78177977,-0.9882202,-1.5182202,-3.09822,-0.3982202,1.5517797,-0.19822021,0.5817798
3.0617797,2.8417797,0.43177977,0.6217798,3.5917797,2.2217798,1.6017798,0.20177978,0.45177978,0.8917798,1.1617798,1.0917798,-0.3982202,-0.6082202,-0.44822022,1.2617798,1.9417797,2.5017798,1.6817797,-1.0482202,-2.8182201,-3.8382201,-3.6982203,-3.1682203,-2.5482202,-0.3082202,0.5817798,-1.2582202,-1.7482202,0.33177978,0.8217798,1.4717798,-0.048220214,-1.5482202,1.0417798,-0.07822022,-0.8882202,1.2217798,-1.2082202,0.4417798,-0.31822023
3.4117799,3.0217798,1.9217798,2.5117798,3.3417797,3.4817798,2.9917798,2.2017798,0.14177978,0.031779785,-0.7882202,-0.44822022,0.4417798,-0.4382202,-1.2182202,1.4817798,2.7417798,3.8217797,3.1617799,1.9517798,0.60177976,-1.7782202,-2.5082202,-3.0282202,-2.4482203,-2.8782203,-0.7982202,1.3117797,0.43177977,0.24177979,1.7817798,2.6717799,1.3817798,2.5817797,1.9317797,2.0417798,-2.2182202,0.43177977,1.3817798,0.2617798,-2.7182202
3.40178,3.1817799,3.3617797,2.7317798,2.6217797,2.8217797,2.5817797,1.9017798,0.6517798,0.23177978,-0.13822022,-0.9982202,-1.0982202,-1.5782202,-0.7982202,-0.64822024,2.5517797,3.3717797,3.3717797,2.6817799,2.40178,1.9717798,0.4417798,-0.90822023,-1.9382203,-2.1882203,-2.1482203,-0.5682202,0.7717798,1.7117798,2.1717799,2.9917798,3.3417797,3.1017797,1.5517797,0.9917798,0.7117798,-1.9982202,0.11177979,3.3417797,2.7517798
3.6217797,3.1817799,3.3517797,2.6917799,2.65178,3.0617797,2.89178,2.1617799,1.4117798,0.8717798,1.1217798,1.0017798,-1.0382202,-1.2382202,-1.7282202,0.60177976,2.2117798,1.9117798,3.3217797,3.4517798,3.2517798,2.7017798,1.7517798,2.0117798,0.5717798,0.16177979,-0.3082202,-1.4782202,-0.058220215,0.021779785,1.6517798,3.4317799,3.1617799,2.7917798,2.7017798,1.2817798,1.1017798,2.2517798,1.5617797,1.4617798,0.78177977
3.2417798,3.4817798,3.5817797,3.7217798,3.7117798,3.1317797,2.39178,2.4717798,1.9517798,1.6417798,1.4117798,0.8817798,0.2617798,0.16177979,-0.7682202,-0.9282202,1.3217797,1.6917797,3.2617798,2.9717798,2.8217797,1.7217798,2.5917797,3.0417798,2.2117798,1.3017797,2.0517797,0.5117798,-0.3982202,1.0117798,2.6017797,3.15178,2.5017798,2.6917799,2.1217797,1.6717798,1.5617797,2.14178,1.9417797,1.5417798,0.60177976
3.9617798,4.45178,4.93178,4.1917796,4.0717797,2.90178,2.8017797,3.2217798,3.6817799,2.9217799,1.3517798,0.3117798,1.8117797,1.4117798,1.5817798,1.3117797,0.7017798,1.7417798,1.8717798,1.9117798,3.0217798,3.2817798,2.8717797,2.8217797,2.8617797,2.89178,1.9617798,1.4517798,1.9617798,3.0817797,3.0517797,3.3017797,2.8617797,2.7717798,2.8717797,2.5617797,1.8217797,1.1117798,1.7117798,0.6917798,0.3417798
5.08178,5.20178,5.2317796,5.2117796,3.8617797,4.60178,4.3217797,4.1517797,4.18178,4.3217797,2.5017798,0.9017798,0.5117798,2.65178,2.5217798,2.4817798,3.0917797,2.5017798,2.15178,2.3817797,2.3617797,2.1117797,1.9217798,2.0417798,2.4517798,2.8017797,3.0317798,2.9617798,2.6817799,3.3217797,3.4417799,3.3417797,3.3717797,3.39178,2.4417799,2.7317798,2.1917799,1.3817798,1.2317798,1.5417798,1.2617798
4.74178,5.7317796,7.4617796,6.14178,5.62178,5.4617796,5.2317796,5.51178,4.6917796,5.01178,4.14178,4.35178,3.2017798,1.5817798,4.27178,4.33178,3.9517798,2.1817799,2.8717797,3.2117798,2.9617798,3.2517798,2.0017798,2.0117798,2.5917797,3.6817799,3.7617798,3.6117797,3.3417797,3.3717797,4.03178,4.70178,3.1217797,3.2817798,3.39178,3.15178,3.0217798,2.8617797,1.9317797,2.8117797,0.9217798
