wind_kz.json
{"header": {"discipline":0,"disciplineName":"Meteorological products","gribEdition":2,"gribLength":1025,"center":7,"centerName":"US National Weather Service - NCEP(WMC)","subcenter":0,"refTime":"2023-10-05T12:00:00.000Z","significanceOfRT":1,"significanceOfRTName":"Start of forecast","productStatus":0,"productStatusName":"Operational products","productType":1,"productTypeName":"Forecast products","productDefinitionTemplate":0,"productDefinitionTemplateName":"Analysis/forecast at horizontal level/layer at a point in time","parameterCategory":2,"parameterCategoryName":"UnknownDiscipline_0_Category_2","parameterNumber":2,"parameterNumberName":"UnknownParameter_D0_C2_2","parameterUnit":"Unknown","genProcessType":2,"genProcessTypeName":"Forecast","forecastTime":300,"surface1Type":103,"surface1TypeName":"Specified height level above ground","surface1Value":10.0,"surface2Type":255,"surface2TypeName":"Missing","surface2Value":0.0,"gridDefinitionTemplate":0,"gridDefinitionTemplateName":"Latitude_Longitude","numberPoints":615,"shape":6,"shapeName":"Earth spherical with radius of 6,371,229.0 m","gridUnits":"degrees","resolution":48,"winds":"true","scanMode":64,"nx":41,"ny":15,"basicAngle":0,"lo1":47.0,"la1":41.0,"lo2":87.0,"la2":55.0,"dx":1.0,"dy":1.0}, "data":
[rows 0 to 14 of 15, columns 0 to 40 of 41]
-1.2077734,-0.37777343,0.85222656,-2.4877734,-2.0377734,-4.1077733,-3.9977734,-4.5477734,-4.7977734,-2.3777735,-2.5677733,-3.0677733,-3.2977734,-3.4677734,-3.5077734,-2.9677734,-1.7977735,1.1622266,-0.70777345,0.47222656,0.34222656,0.46222657,0.97222656,0.73222655,0.07222656,-1.6377734,-1.9277735,1.8722266,0.87222654,1.5122266,0.052226562,2.3422265,-0.10777344,0.35222656,-1.5177734,-2.4077735,-3.1377735,0.012226563,0.5722266,0.5022266,1.6922265
2.3722265,-0.58777344,-3.2077734,-3.6577735,-3.4377735,-4.8177733,-2.8277733,-3.5377734,-3.0477734,-2.2677734,-2.9577734,-4.0677733,-3.4377735,-1.9977734,-1.9777734,-1.4877734,0.8322266,-1.0077734,1.4222265,3.2222266,2.9422266,0.86222655,-0.26777345,0.45222655,1.7222266,1.1622266,-0.53777343,1.0322266,-0.8077734,0.91222656,1.0822265,-0.77777344,0.23222657,-1.1677735,0.99222654,0.27222657,-0.71777344,0.22222656,0.86222655,2.3522265,-0.027773438
-1.6177734,-5.6677732,-6.4277735,-7.207773,-6.8877735,-5.3377733,-4.1977735,-2.4277735,-3.7777734,-3.2477734,-2.9777734,-3.1977735,-2.4377735,-1.5677735,-0.62777346,-0.62777346,0.16222656,2.5322266,2.5822265,1.0022266,2.2022266,2.5122266,2.2422266,2.1722267,1.2222266,2.0122266,2.1722267,0.91222656,2.6022265,1.1222266,0.8322266,1.8222265,-0.6177734,-0.5477734,0.55222654,-0.56777346,-1.0577735,-0.0077734375,-0.89777344,-0.30777344,1.9022266
-6.7977734,-10.077773,-9.177773,-8.237774,-5.6077733,-3.9477735,-1.2577734,-3.8277733,-3.3477736,-2.9377735,-2.9177735,-2.8477736,-2.6677735,-2.8677735,-2.3177733,-1.5477735,-0.13777344,-0.9877734,1.2022265,1.0922265,-0.017773438,1.1222266,1.9522265,2.0722265,3.8422265,3.2022266,2.4022264,1.6222266,3.1722267,2.2222266,2.3522265,0.56222653,-1.6177734,-1.7477734,-1.4377735,-1.7877735,-1.6477734,1.6822265,-0.29777345,-0.33777344,0.052226562
-7.5377736,-10.397774,-10.427773,-10.157773,-7.8777733,-4.9477735,-4.7677736,-3.6977735,-3.7377734,-3.1277735,-1.8777734,-0.96777344,-2.0277734,-3.1777735,-4.0277734,-2.9477735,-2.3277733,-1.1277734,0.0022265625,0.46222657,1.3222265,3.4422266,4.2322264,3.4122267,3.8522265,4.0822268,2.9322267,3.0522265,3.8422265,2.9522266,1.5622265,0.042226564,-0.68777347,1.0322266,-1.1277734,0.23222657,-1.9177735,-2.6977735,-1.6577735,-0.7277734,0.012226563
-5.7677736,-4.1677732,-9.567774,-8.917773,-8.427773,-8.417773,-4.6177735,-4.5477734,-3.3777735,-2.4977734,-2.2277734,-2.7277734,-2.2077734,-2.8777735,-2.4477735,-0.8577734,-1.0677735,0.39222658,0.67222655,1.4522265,1.6822265,2.5922265,3.6522264,5.4022264,5.0322266,6.5022264,3.9922266,5.5122266,2.3522265,1.9022266,0.18222657,-3.0077734,-0.46777344,0.39222658,0.71222657,-3.3977735,0.45222655,-1.8177735,0.62222654,-2.0277734,-2.3777735
-4.937773,-5.0077734,-5.4777737,-5.3177733,-5.4177732,-4.3977733,-4.2377734,-3.9277735,-3.9777734,-2.9777734,-2.1977735,-2.2877734,-1.9877734,-1.3777734,0.042226564,1.2322266,2.3022265,2.3822265,0.59222656,0.92222655,2.3022265,2.3622265,1.2922266,1.5622265,2.6122265,5.6222267,6.4322267,4.3522267,5.4822264,2.4522266,1.0722265,0.30222657,-0.46777344,-2.3377733,-2.0677733,-2.5477734,-0.58777344,2.5122266,-2.5377734,2.1822267,0.20222656
-4.4177732,-4.4977736,-4.3377733,-4.3277736,-4.187773,-4.0277734,-3.6177735,-3.3577735,-2.9277735,-2.3777735,-1.6877735,-0.71777344,-0.48777345,0.56222653,2.1622267,2.9622266,3.1122265,2.0122266,-0.06777344,-0.35777342,0.87222654,-0.28777343,0.052226562,-0.46777344,0.42222655,0.67222655,2.5022266,4.2422266,3.6322265,5.3922267,1.6622266,0.032226562,-2.0677733,1.2422266,1.3022265,-0.48777345,2.4922266,-4.2677736,-4.0477734,-3.5677733,-2.1377735
-3.8477736,-3.6877735,-4.2977734,-3.7177734,-3.6277735,-3.1677735,-2.8577735,-2.8877735,-2.5377734,-1.2777734,-0.41777343,-0.06777344,1.7322266,1.5422266,2.0822265,2.5322266,1.6922265,1.6622266,0.8222266,-0.27777344,0.38222656,0.20222656,0.24222656,0.19222656,0.0022265625,0.41222656,0.5022266,0.22222656,2.6522264,2.3222265,3.4122267,0.92222655,0.79222655,0.81222653,1.5122266,0.28222656,-0.20777343,-0.50777346,-1.7977735,-0.9977734,-1.3177735
-3.3977735,-3.2977734,-3.1477735,-3.0977736,-3.1377735,-2.9877734,-2.7877734,-2.0877733,-1.4877734,-1.2377734,0.61222655,1.2122265,1.4722266,1.7722266,1.0722265,0.8822266,-0.96777344,-0.78777343,-0.41777343,0.27222657,0.37222657,0.93222654,1.5622265,0.46222657,-0.41777343,-0.27777344,-0.77777344,-1.6677735,-2.2777734,-2.7277734,1.7722266,0.26222655,-0.13777344,-0.22777344,0.7622266,0.9522266,-1.7677734,-0.43777344,-0.6777734,-0.16777344,-1.0077734
-2.3577735,-2.3077734,-2.7377734,-2.8377733,-2.4377735,-2.3877735,-2.0177734,-1.2477734,-1.4277735,-0.22777344,0.47222656,1.3822266,1.4822266,0.35222656,1.3422265,0.36222658,0.5022266,1.0822265,0.8922266,0.93222654,1.4422265,1.4622265,1.4922266,1.2022265,0.122226566,-0.43777344,-0.38777342,-0.25777343,-2.7877734,-2.8877735,-0.0077734375,-1.5877734,-2.7677734,-1.8977734,-1.9877734,-1.2177734,-0.41777343,0.38222656,-1.0377735,0.8222266,-1.0777735
-2.1777735,-2.6677735,-2.3077734,-1.9777734,-1.5977734,-0.9777734,-0.18777344,0.44222656,0.7522266,1.0522265,0.6322266,1.8822266,1.3822266,0.73222655,0.98222655,1.0322266,1.9122266,2.9222267,2.0822265,1.4922266,1.6422266,1.8422265,1.5122266,1.1922265,1.2822266,1.3122265,0.68222654,0.8222266,0.052226562,-0.81777346,-0.20777343,-1.6577735,-1.3377734,-1.4377735,-2.1877735,-2.9777734,-2.6277735,0.38222656,-0.19777344,0.47222656,-0.21777344
-1.8377734,-1.9677734,-1.3477734,-1.7677734,-0.93777347,-0.9777734,-0.32777345,-0.14777344,0.32222655,0.91222656,0.93222654,1.7522266,2.1322265,1.8722266,2.1922266,2.1622267,2.2022266,0.9522266,1.2522266,2.0722265,1.7222266,1.7822266,2.0222266,1.6722265,2.4822266,2.3022265,2.4422266,1.9322265,0.78222656,0.80222654,-0.19777344,-0.9977734,-2.0777733,-2.2577734,-0.9777734,-1.2477734,-1.2477734,-0.057773437,-0.75777346,0.93222654,0.9422266
-2.1677735,-0.087773435,-1.8677734,-1.7377734,-1.0677735,-0.53777343,0.15222657,0.6322266,1.0222266,1.8122265,0.97222656,1.7722266,2.2622266,1.8322265,2.7422266,2.4722266,2.3922265,2.4322267,2.1522264,2.3822265,2.3222265,2.2522266,2.2722266,2.4522266,2.5222266,1.9022266,1.4922266,1.8522266,1.6722265,1.6622266,1.4122266,1.0322266,-0.117773436,0.19222656,-0.9777734,0.14222656,0.67222655,0.60222656,1.2222266,0.6422266,1.2222266
-1.7277734,-2.7977734,-2.6577735,-1.5177734,-0.7277734,0.08222656,0.99222654,0.99222654,1.8222265,1.3222265,0.9522266,2.6222265,1.8622266,2.9022264,2.7522266,2.8222265,3.0322266,2.9922266,2.2222266,2.4822266,2.1622267,2.3922265,2.1822267,2.0022266,1.9022266,1.7522266,1.7722266,1.5522265,1.4622265,1.6122266,1.7722266,-0.20777343,1.0322266,1.7222266,1.6522266,1.8922266,1.2422266,1.9322265,2.7522266,2.2222266,1.0322266
