wind_kz.json
{"header": {"discipline":0,"disciplineName":"Meteorological products","gribEdition":2,"gribLength":1102,"center":7,"centerName":"US National Weather Service - NCEP(WMC)","subcenter":0,"refTime":"2024-04-07T06:00:00.000Z","significanceOfRT":1,"significanceOfRTName":"Start of forecast","productStatus":0,"productStatusName":"Operational products","productType":1,"productTypeName":"Forecast products","productDefinitionTemplate":0,"productDefinitionTemplateName":"Analysis/forecast at horizontal level/layer at a point in time","parameterCategory":2,"parameterCategoryName":"UnknownDiscipline_0_Category_2","parameterNumber":2,"parameterNumberName":"UnknownParameter_D0_C2_2","parameterUnit":"Unknown","genProcessType":2,"genProcessTypeName":"Forecast","forecastTime":120,"surface1Type":103,"surface1TypeName":"Specified height level above ground","surface1Value":10.0,"surface2Type":255,"surface2TypeName":"Missing","surface2Value":0.0,"gridDefinitionTemplate":0,"gridDefinitionTemplateName":"Latitude_Longitude","numberPoints":615,"shape":6,"shapeName":"Earth spherical with radius of 6,371,229.0 m","gridUnits":"degrees","resolution":48,"winds":"true","scanMode":64,"nx":41,"ny":15,"basicAngle":0,"lo1":47.0,"la1":41.0,"lo2":87.0,"la2":55.0,"dx":1.0,"dy":1.0}, "data":
[rows 0 to 14 of 15, columns 0 to 40 of 41]
0.5790625,0.4790625,1.3990625,3.8490624,0.7890625,-1.2209375,-3.8309374,-1.5409375,-2.8709376,-1.6609375,-0.9109375,0.7190625,1.9290625,3.8790624,4.8290625,-0.5509375,-1.9409375,1.9890625,2.2790625,1.3090625,3.8790624,1.4390625,2.8090625,0.2690625,-0.6709375,-0.9209375,1.3290625,-2.0909376,0.0490625,0.5790625,1.5690625,1.0090625,2.1990626,0.0690625,0.9890625,2.3790624,4.2190623,4.3790627,5.0890627,7.3090625,8.549063
-0.9709375,-1.1909375,3.0990624,-0.1209375,-3.3609376,-1.5109375,-5.5709376,-5.5309377,-4.1209373,-2.4109375,-0.7209375,-1.1509376,-1.4309375,-0.5909375,0.4090625,3.4890625,1.1890625,2.1590624,1.2990625,2.7890625,3.4390626,2.1190624,0.2590625,-1.1909375,-0.5109375,0.3790625,-0.2809375,-0.8609375,-1.5609375,-0.7509375,0.1890625,0.9790625,0.4790625,1.2990625,0.4490625,2.3090625,4.5790625,7.2690625,4.6090627,3.6490624,4.3890624
-0.8409375,2.4090624,1.4590625,-1.6609375,-2.3709376,-4.3609376,-5.3709373,-4.6809373,-4.6409373,-4.0709376,-2.6709375,-1.8909374,-2.0909376,-1.6709375,-1.7709374,-3.5709374,-4.9209375,-2.9109375,-3.2209375,-3.1009376,-4.9709377,-8.020938,-4.3409376,-5.0709376,-2.6909375,-6.2809377,-5.9409375,-4.5109377,0.4490625,-1.0609375,1.5190625,-1.7009375,-1.2109375,2.9890625,1.3890625,1.7790625,2.5490625,1.7690625,8.019062,8.899062,12.329062
-1.0809375,0.5790625,-0.7109375,-2.7509375,-1.9809375,-3.7809374,-2.9909375,-4.2009373,-4.1609373,-3.7709374,-3.8009374,-4.2809377,-4.3309374,-5.0509377,-4.6309376,-5.5109377,-5.8509374,-6.1909375,-5.9609375,-5.0509377,-6.0109377,-3.6909375,-7.8709373,-9.900937,-10.170938,-10.370937,-10.990937,-12.330937,-8.540937,-4.6509376,-1.3009375,-0.3709375,6.5690627,7.7190623,4.7090626,4.4990625,2.7390625,3.9290626,2.0990624,7.6590624,4.3190627
-1.3509375,-1.0809375,-1.1709375,-2.3509376,-2.4409375,-2.7509375,-2.9509375,-3.4509375,-3.3109374,-3.7109375,-4.4909377,-5.1709375,-5.4009376,-5.3709373,-4.1509376,-6.7809377,-6.7309375,-7.4209375,-8.070937,-10.4609375,-11.650937,-10.560938,-10.390938,-10.720938,-11.110937,-11.120937,-12.990937,-9.230938,-9.630938,-8.750937,-8.100938,-4.7409377,2.9990625,2.7790625,0.4190625,-4.8009377,14.589063,2.1390624,1.6390625,8.919063,8.589063
1.3490624,0.3390625,-1.6309375,-2.2709374,-2.6309376,-2.6109376,-2.9209375,-3.0509374,-2.8109374,-3.5909376,-4.5109377,-5.8109374,-5.7209377,-6.6309376,-4.6009374,-6.5009375,-6.7509375,-7.3509374,-8.800938,-7.9109373,-9.500937,-8.7109375,-9.110937,-10.620937,-11.820937,-13.440937,-11.750937,-5.2909374,-10.350938,-10.260938,-10.250937,-8.470938,-5.9809375,-2.8709376,4.6290627,5.3890624,6.8290625,11.529062,14.199062,10.899062,-8.510938
1.9890625,1.0990624,0.9790625,0.0590625,-1.0009375,-1.0309376,-2.2509375,-2.7109375,-3.2109375,-3.2209375,-3.8009374,-5.0309377,-5.5909376,-6.3909373,-6.2409377,-5.7909374,-5.5909376,-6.0609374,-6.8109374,-9.040937,-8.440937,-7.6909375,-7.8609376,-8.250937,-9.850938,-10.250937,-9.330937,-8.310938,-9.030937,-7.6109376,-7.4909377,-7.3109374,-5.3609376,-2.2809374,1.9590625,2.6790626,0.5990625,0.6790625,6.4390626,0.0990625,11.109062
3.1890626,2.8690624,2.7990625,2.0790625,1.3590626,0.5890625,-0.3109375,-1.1509376,-2.4109375,-2.9309375,-2.7809374,-3.4509375,-4.1709375,-4.9509373,-4.6709375,-5.2009373,-5.3109374,-5.7009373,-5.7509375,-8.4609375,-8.150937,-7.8009377,-6.5509377,-6.1009374,-5.7409377,-6.0709376,-5.6109376,-5.6109376,-6.9609375,-5.5009375,-6.2009373,-5.1009374,-4.0909376,-3.3409376,-1.7909375,4.8290625,7.2090626,10.339063,14.129063,17.569063,15.999063
3.9890625,4.4490623,4.7190623,4.1390624,3.2890625,2.6090624,1.4990625,0.9290625,0.1190625,-0.8709375,-1.6509376,-1.8209375,-1.9909375,-2.1909375,-3.1109376,-3.4309375,-3.9609375,-3.5809374,-3.5009375,-4.0409374,-6.9309373,-6.1709375,-5.7009373,-5.4909377,-5.5509377,-4.6309376,-4.4209375,-4.2409377,-3.9709375,-3.2309375,-3.9709375,-2.6609375,-1.2409375,-0.0109375,1.3490624,3.4590626,5.0090623,4.8290625,2.4790626,2.3790624,2.3690624
4.8590627,6.4590626,4.3190627,4.4490623,3.6090624,3.8990624,3.3290625,3.0990624,2.7490625,2.7290626,2.4490626,1.8490624,0.2490625,0.0890625,-0.3009375,-1.0609375,-1.8009375,-2.3309374,-3.1009376,-3.4509375,-4.5209374,-4.2209377,-3.8709376,-3.6609375,-3.9809375,-4.3809376,-4.1309376,-3.9309375,-3.8609376,-3.3309374,-1.5509375,-0.9409375,-0.1309375,0.4290625,0.9790625,2.1790626,3.2990625,2.4390626,-0.6109375,1.4690624,2.3590624
2.9690626,3.1490624,5.4990625,5.9590626,4.9890623,3.3690624,2.3790624,4.1190624,4.8890624,5.1490626,4.9990625,5.4090624,3.9990625,4.1690626,2.4590626,2.0490625,1.5690625,0.6690625,-0.0909375,-0.7009375,-1.4509375,-1.5109375,-1.6709375,-1.7209375,-1.5109375,-1.4809375,-2.0209374,-1.5709375,-1.4609375,-1.2509375,-0.9509375,-0.1909375,0.1090625,-0.1909375,-0.1209375,-0.4009375,-0.5909375,1.2090625,1.6190625,-0.2809375,1.9390625
2.3390625,1.2790625,1.8790625,2.8290625,5.1290627,5.2390623,4.2390623,3.2490625,3.8090625,4.0590625,5.1190624,6.3290625,5.7890625,6.4990625,6.8090625,5.5290623,4.3690624,3.7490625,3.4090624,2.7590625,2.3490624,1.9890625,1.4990625,1.4290625,1.4590625,0.9790625,0.4790625,0.1990625,0.0390625,0.4290625,0.6690625,0.8490625,1.0290625,1.4190625,0.4490625,1.0690625,0.3790625,2.6990626,1.0490625,2.7790625,2.7490625
3.9790626,4.0990624,2.9490626,2.7190626,2.2490625,2.4190626,3.0490625,3.9690626,4.8990626,3.8590624,3.3690624,7.3490624,7.1790624,6.6890626,7.8290625,7.2990627,6.8790627,6.1690626,4.3190627,4.6490626,4.3790627,4.6390624,4.2290626,3.8390625,3.5790625,3.0390625,2.0590625,1.3590626,1.7490625,1.9590625,1.8190625,1.8190625,1.9490625,3.0990624,2.0190625,2.2090626,2.8590624,1.9990625,2.6590624,2.8990624,3.2890625
5.2590623,5.4190626,4.9590626,5.5590625,5.6090627,5.0790625,5.2590623,5.1690626,5.9790626,4.7690625,3.2990625,5.4190626,7.7090626,8.629063,7.7290626,7.4090624,7.3790627,7.4190626,6.3090625,6.7590623,6.1390624,5.8490624,5.9190626,5.3390627,4.7690625,4.0590625,3.7790625,3.7290626,3.1590624,3.2690625,2.9790626,2.5790625,2.6090624,2.7890625,2.5990624,2.6190624,2.5190625,2.9690626,3.0090625,2.0190625,3.9690626
4.9790626,6.7490625,6.0390625,6.6790624,6.6490626,6.4790626,6.8790627,7.0290623,6.6590624,5.8990626,3.3290625,7.3490624,5.2090626,5.2290626,7.8790627,7.9990625,6.3990626,7.3190627,6.8790627,6.7090626,6.0590625,6.0690627,5.1490626,4.9290624,4.9490623,4.9490623,4.8990626,4.7290626,4.3790627,3.8990624,2.9390626,3.4690626,3.3790624,3.0190625,2.6190624,2.9490626,3.2690625,2.8190625,2.5090625,3.3890624,3.4090624
