wind_kz.json
{"header": {"discipline":0,"disciplineName":"Meteorological products","gribEdition":2,"gribLength":871,"center":7,"centerName":"US National Weather Service - NCEP(WMC)","subcenter":0,"refTime":"2023-08-27T00:00:00.000Z","significanceOfRT":1,"significanceOfRTName":"Start of forecast","productStatus":0,"productStatusName":"Operational products","productType":1,"productTypeName":"Forecast products","productDefinitionTemplate":0,"productDefinitionTemplateName":"Analysis/forecast at horizontal level/layer at a point in time","parameterCategory":0,"parameterCategoryName":"UnknownDiscipline_0_Category_0","parameterNumber":0,"parameterNumberName":"UnknownParameter_D0_C0_0","parameterUnit":"Unknown","genProcessType":2,"genProcessTypeName":"Forecast","forecastTime":120,"surface1Type":1,"surface1TypeName":"Ground or water surface","surface1Value":0.0,"surface2Type":255,"surface2TypeName":"Missing","surface2Value":0.0,"gridDefinitionTemplate":0,"gridDefinitionTemplateName":"Latitude_Longitude","numberPoints":615,"shape":6,"shapeName":"Earth spherical with radius of 6,371,229.0 m","gridUnits":"degrees","resolution":48,"winds":"true","scanMode":64,"nx":41,"ny":15,"basicAngle":0,"lo1":47.0,"la1":41.0,"lo2":87.0,"la2":55.0,"dx":1.0,"dy":1.0}, "data":
[rows 0 to 14 of 15, columns 0 to 40 of 41]
293.34442,284.44443,288.04443,298.74445,298.64444,297.74445,295.94443,296.64444,294.14444,294.04443,292.94443,293.94443,293.04443,292.34442,291.44443,288.84442,289.04443,289.34442,288.44443,288.84442,291.34442,286.34442,286.74445,285.84442,289.64444,289.64444,287.94443,276.54443,275.44443,275.84442,275.64444,277.64444,289.24445,296.54443,294.04443,293.44443,293.64444,295.64444,295.64444,296.14444,296.24445
276.94443,288.34442,298.64444,298.94443,298.74445,297.34442,293.64444,292.74445,291.04443,290.64444,291.64444,290.74445,289.74445,288.24445,287.64444,288.24445,287.14444,284.64444,285.14444,286.54443,287.64444,288.54443,287.64444,281.94443,274.04443,274.64444,283.94443,278.24445,281.34442,274.14444,282.04443,274.04443,281.64444,267.34442,280.44443,292.94443,292.04443,294.04443,297.24445,290.24445,284.04443
289.64444,298.24445,299.14444,299.14444,297.34442,291.64444,291.54443,290.64444,290.14444,289.64444,288.94443,288.94443,285.94443,287.34442,286.64444,283.84442,283.74445,283.54443,284.64444,286.34442,288.64444,287.74445,287.34442,283.04443,285.24445,284.94443,286.94443,285.84442,285.34442,281.54443,275.54443,280.74445,282.34442,282.94443,283.84442,283.84442,278.44443,280.04443,280.34442,276.24445,277.54443
289.84442,298.34442,298.84442,298.24445,294.54443,289.94443,289.94443,289.04443,289.54443,289.24445,288.14444,287.64444,294.84442,294.14444,288.44443,286.74445,286.84442,285.84442,285.44443,285.54443,285.04443,282.24445,288.04443,288.94443,289.04443,289.74445,287.74445,288.24445,286.94443,288.64444,290.24445,288.84442,292.54443,289.84442,287.44443,285.44443,277.74445,278.44443,282.64444,290.24445,293.54443
291.84442,297.74445,298.34442,297.84442,294.94443,290.74445,290.84442,290.04443,289.64444,289.64444,288.84442,288.34442,294.74445,293.44443,291.14444,288.44443,288.64444,287.54443,285.74445,287.64444,287.84442,288.54443,287.04443,288.34442,286.84442,287.54443,286.24445,289.14444,288.54443,290.54443,292.24445,288.14444,279.64444,273.64444,282.94443,290.24445,292.74445,295.24445,295.34442,296.94443,298.04443
289.04443,286.94443,295.84442,296.34442,297.34442,296.74445,290.74445,291.44443,290.14444,289.84442,289.84442,289.24445,293.14444,294.14444,290.84442,287.34442,289.74445,288.34442,288.04443,289.04443,289.74445,289.04443,287.44443,286.94443,286.04443,285.24445,286.54443,292.64444,289.64444,293.34442,290.34442,291.74445,289.44443,287.04443,285.34442,288.54443,282.74445,284.84442,292.94443,295.84442,296.34442
288.84442,286.54443,289.94443,290.24445,291.64444,288.94443,290.14444,289.44443,289.44443,289.64444,287.94443,287.34442,287.24445,287.74445,287.24445,288.34442,287.14444,286.54443,285.04443,284.34442,284.74445,287.04443,288.84442,289.94443,287.04443,289.04443,287.34442,286.94443,287.64444,287.34442,287.84442,289.74445,289.84442,291.84442,290.84442,288.54443,286.74445,282.74445,282.24445,281.44443,292.34442
289.84442,288.84442,290.44443,289.94443,290.44443,290.04443,288.84442,287.94443,286.94443,286.94443,286.34442,285.74445,285.94443,286.14444,287.04443,288.54443,285.14444,285.04443,284.74445,282.24445,282.64444,283.64444,284.04443,285.24445,287.14444,286.04443,285.74445,285.04443,283.74445,285.44443,285.14444,285.64444,284.34442,286.34442,288.24445,289.64444,290.64444,289.44443,290.04443,291.14444,286.94443
288.14444,287.24445,288.04443,286.44443,288.44443,287.54443,285.74445,286.64444,285.84442,285.44443,284.64444,284.04443,283.64444,284.84442,285.34442,287.14444,286.44443,286.04443,282.94443,281.84442,280.04443,280.84442,284.14444,283.14444,284.94443,285.34442,283.34442,284.24445,280.44443,279.94443,281.54443,283.54443,284.64444,284.84442,284.54443,285.64444,285.24445,286.44443,278.54443,278.14444,276.84442
286.34442,287.44443,286.34442,285.64444,285.44443,285.84442,285.14444,285.24445,284.54443,287.74445,283.54443,282.64444,283.24445,285.64444,285.74445,284.04443,285.34442,284.84442,284.24445,282.24445,281.14444,283.24445,281.74445,283.14444,284.54443,284.34442,284.24445,283.24445,283.04443,281.24445,281.94443,287.94443,286.64444,285.74445,284.64444,284.04443,284.84442,282.54443,277.84442,281.34442,279.64444
285.74445,285.14444,284.34442,284.84442,284.24445,284.34442,284.44443,284.04443,287.04443,284.64444,283.44443,284.84442,285.84442,285.04443,285.34442,285.14444,284.64444,285.04443,284.64444,281.14444,280.84442,281.34442,280.84442,279.94443,281.24445,282.64444,281.34442,283.54443,284.24445,286.74445,285.14444,288.54443,286.14444,285.44443,284.04443,282.14444,281.44443,280.84442,280.34442,281.64444,281.14444
283.34442,284.34442,284.24445,283.64444,283.14444,283.34442,282.14444,282.14444,283.44443,282.94443,280.14444,282.34442,285.24445,284.94443,284.94443,284.54443,284.74445,284.94443,284.94443,282.74445,280.54443,280.54443,280.44443,282.54443,279.24445,280.04443,281.14444,282.94443,286.94443,288.04443,285.84442,284.74445,284.64444,282.84442,283.84442,283.34442,283.74445,282.34442,286.14444,286.74445,285.54443
282.54443,281.54443,283.44443,282.74445,283.14444,282.54443,281.74445,280.64444,280.54443,283.74445,279.44443,280.24445,283.24445,283.94443,284.34442,284.64444,284.84442,284.64444,284.74445,284.34442,283.64444,281.74445,280.34442,279.54443,280.54443,281.04443,282.34442,281.44443,283.24445,283.44443,284.14444,284.24445,283.54443,283.74445,283.14444,283.14444,282.84442,284.04443,283.74445,285.34442,286.94443
280.94443,282.64444,286.54443,282.94443,281.84442,280.84442,280.74445,280.24445,285.04443,284.74445,278.74445,280.34442,281.74445,283.64444,284.24445,284.74445,285.04443,285.04443,285.04443,284.64444,284.44443,284.74445,284.54443,283.04443,282.34442,282.44443,282.64444,282.34442,282.14444,282.84442,282.64444,283.04443,283.64444,283.44443,282.44443,281.34442,281.64444,281.54443,283.44443,285.94443,287.84442
283.14444,283.54443,290.24445,286.54443,286.14444,281.54443,280.64444,279.44443,282.54443,280.74445,280.24445,278.44443,281.24445,282.64444,283.54443,284.44443,284.74445,285.04443,285.64444,284.94443,285.14444,285.24445,284.94443,284.54443,283.64444,282.94443,283.24445,282.54443,283.74445,285.24445,284.54443,283.54443,282.64444,282.64444,282.14444,282.34442,281.94443,281.34442,283.84442,286.14444,288.04443
