wind.json
{"header": {"discipline":0,"disciplineName":"Meteorological products","gribEdition":2,"gribLength":1125,"center":7,"centerName":"US National Weather Service - NCEP(WMC)","subcenter":0,"refTime":"2023-07-01T00:00:00.000Z","significanceOfRT":1,"significanceOfRTName":"Start of forecast","productStatus":0,"productStatusName":"Operational products","productType":1,"productTypeName":"Forecast products","productDefinitionTemplate":0,"productDefinitionTemplateName":"Analysis/forecast at horizontal level/layer at a point in time","parameterCategory":2,"parameterCategoryName":"UnknownDiscipline_0_Category_2","parameterNumber":2,"parameterNumberName":"UnknownParameter_D0_C2_2","parameterUnit":"Unknown","genProcessType":2,"genProcessTypeName":"Forecast","forecastTime":60,"surface1Type":103,"surface1TypeName":"Specified height level above ground","surface1Value":10.0,"surface2Type":255,"surface2TypeName":"Missing","surface2Value":0.0,"gridDefinitionTemplate":0,"gridDefinitionTemplateName":"Latitude_Longitude","numberPoints":688,"shape":6,"shapeName":"Earth spherical with radius of 6,371,229.0 m","gridUnits":"degrees","resolution":48,"winds":"true","scanMode":64,"nx":43,"ny":16,"basicAngle":0,"lo1":45.0,"la1":40.0,"lo2":87.0,"la2":55.0,"dx":1.0,"dy":1.0}, "data":
[rows 0 to 15 of 16, columns 0 to 42 of 43]
2.5453663,-2.9846337,-1.9946338,-2.774634,-5.2046337,-2.8846338,-2.4846337,-0.18463379,5.975366,-4.964634,-4.524634,-4.584634,-3.764634,-2.7046337,-2.3646338,-0.6046338,0.66536623,0.6153662,-0.9346338,-0.52463377,0.23536621,-1.5246338,-2.504634,-1.1046338,2.2953663,2.7653663,0.2553662,-1.9546338,3.5553663,3.4153662,1.1553662,3.495366,2.9253662,-0.3446338,-2.2046337,-3.1046338,-4.734634,-3.754634,-1.6046338,-1.9546338,-4.924634,-3.7246337,-3.4746337
-2.004634,-2.264634,1.3253663,1.7853662,-2.4446337,-4.9346337,-2.4946337,-0.4346338,-1.6246338,2.4053662,-1.9746338,-2.2446337,-1.5346338,-0.3746338,0.1453662,1.4753662,1.3153663,2.5253663,1.8453662,1.0853662,0.3753662,1.3153663,3.235366,0.36536622,3.735366,6.745366,5.6553664,6.1753664,7.455366,4.1753664,3.6253662,-0.06463379,-0.83463377,1.1153662,3.3553662,3.6753662,-4.314634,-1.2946337,-0.7946338,-2.4246337,-0.7446338,-0.7646338,-1.3746338
-1.6546338,1.4553663,0.1453662,-3.774634,-7.5746336,-5.7446337,-3.2246337,0.10536621,-0.1346338,-0.32463378,-0.22463378,-0.6046338,1.2653662,1.6253662,2.4053662,0.5253662,1.7953662,2.4453661,3.0653663,4.205366,3.8053663,3.2653663,3.6853662,2.7053661,4.0453663,4.375366,3.1553662,-0.6046338,1.2253662,2.0053663,2.5253663,0.5853662,0.20536621,1.0753663,-0.1646338,-0.22463378,-0.8246338,-0.7546338,3.6453662,-0.11463379,2.0553663,-0.3946338,-2.3846338
-1.0146338,-0.5646338,-5.484634,-6.604634,-5.904634,-3.7446337,0.4353662,4.3853664,1.4953662,-1.2846338,2.225366,-0.03463379,-1.5746338,0.8653662,-0.8646338,0.3753662,2.6853662,4.7953663,4.705366,4.685366,4.515366,5.0253663,4.615366,3.4253662,6.1953664,7.8153663,9.515367,6.975366,8.445366,3.7653663,0.7553662,0.2253662,0.9253662,0.9453662,1.5353662,0.08536621,0.4153662,4.4053664,1.2353662,-0.11463379,4.165366,6.495366,-2.3746338
-4.624634,-7.814634,-7.294634,-5.524634,-3.3346338,0.6353662,5.1353664,0.7553662,-0.2446338,-0.2746338,1.1853662,1.5853662,2.0553663,2.4653661,-4.3646336,0.27536622,4.1953664,6.355366,6.5653663,6.4253664,6.185366,6.955366,5.9453664,6.745366,5.555366,7.365366,7.705366,5.9053664,7.0653663,4.845366,7.825366,-5.464634,4.595366,7.345366,9.5553665,12.215366,8.255366,5.145366,-0.004633789,0.21536621,-1.9046338,-2.6846337,-1.4846338
-5.3446336,-6.234634,-4.634634,-2.0946338,0.11536621,2.2053661,1.8753662,2.0453663,3.3153663,4.705366,4.845366,4.6953664,5.415366,6.1753664,1.3753662,3.0553663,4.035366,7.8353662,6.305366,7.0253663,6.725366,6.995366,6.8853664,8.085366,7.5053663,9.625366,8.565366,9.355366,8.945366,7.4053664,7.3853664,6.165366,5.3153663,3.2653663,2.8853662,1.4053662,2.0953662,0.8353662,3.0553663,-1.3146338,-0.9446338,-1.6446338,-0.9746338
-1.2646338,0.075366214,0.6953662,1.3853662,3.3853662,3.4553661,4.075366,4.805366,7.105366,6.6553664,5.575366,6.145366,4.975366,6.4053664,1.5653663,5.2353663,6.4053664,7.395366,7.1753664,6.285366,7.8853664,7.7153664,7.575366,7.935366,9.275366,10.475367,7.455366,8.815366,8.065366,-4.8446336,1.7053663,5.325366,2.8753662,-0.19463378,2.1353662,1.5753663,5.435366,2.6653662,5.3153663,4.0253663,-0.58463377,-0.14463378,2.245366
1.4453663,2.235366,-1.3346338,0.60536623,1.7753662,3.6553662,4.6553664,6.685366,4.0853662,5.4053664,6.245366,5.1953664,5.3153663,6.5453663,7.105366,5.785366,6.875366,5.615366,7.7153664,6.9453664,7.205366,7.935366,8.125366,8.295366,8.5953665,9.625366,7.535366,8.075366,8.075366,-2.0846338,2.1753662,2.5253663,4.375366,5.055366,-3.0446339,2.1953661,5.7553663,4.285366,3.5953662,-0.3446338,0.8953662,-0.25463378,-0.8246338
3.6153662,2.3053663,2.1653662,3.2553663,3.1353662,3.1253662,3.6353662,4.115366,5.805366,4.935366,6.015366,6.745366,5.0253663,4.555366,4.575366,5.225366,8.225367,7.185366,7.035366,6.615366,6.855366,6.915366,8.825366,8.265367,8.205366,8.745366,8.985366,5.095366,8.545366,0.2653662,4.6553664,4.875366,0.8253662,3.0853662,0.8253662,-1.2946337,1.7553662,-4.3046336,-3.1546338,1.0353662,4.165366,1.5053662,3.1253662
4.3153663,3.2853663,4.765366,5.325366,5.265366,5.6753664,4.345366,3.4653661,4.9053664,5.3153663,6.2753663,6.475366,1.4953662,3.9253662,6.095366,4.865366,5.2153664,5.1753664,7.345366,2.8653662,2.1853662,6.865366,7.9253664,8.695366,7.515366,3.0853662,10.675366,4.895366,0.1953662,-0.22463378,-1.5646338,-1.0646338,-0.08463379,-2.9246337,-2.0646338,-0.5746338,-0.11463379,1.8053662,-0.4346338,-0.5346338,0.8953662,0.3453662,1.7653662
2.6253662,3.2953663,4.365366,4.8853664,4.4853663,5.455366,3.9553661,4.855366,3.8653662,5.265366,6.1753664,1.4553663,3.6553662,5.5053663,6.2553663,3.485366,6.0853662,3.985366,8.035366,9.405366,4.4053664,8.615366,8.585366,8.325366,4.5453663,9.945366,-2.4146338,-4.874634,-3.9546337,-5.2846336,-4.2446337,-5.9546337,-4.8246336,-3.1646338,-4.0546336,-3.6446338,-2.4446337,0.2253662,-0.8146338,0.39536622,1.3353662,0.6853662,1.5953662
3.2053661,2.475366,4.2153664,2.7953663,1.6753662,2.9653661,2.8353662,5.165366,4.805366,6.5253663,5.245366,3.235366,3.0253663,3.8453662,1.9553663,3.7753663,4.035366,4.785366,1.1053662,3.0353663,5.935366,3.4153662,7.2353663,10.0953665,-1.7346338,8.935367,-3.7446337,-6.4746337,-5.5346336,-3.8046339,-5.584634,-6.064634,-5.2046337,-5.634634,-5.9546337,-5.464634,-4.7246337,-4.0346336,-1.1546338,0.84536624,0.18536621,-0.7046338,-0.11463379
5.7553663,5.455366,5.2953663,2.725366,3.5253663,3.3253663,4.645366,3.8053663,4.9653664,4.4253664,5.6553664,2.5553663,2.3253663,7.1753664,1.8853662,1.7953662,1.5653663,-2.5646338,3.1153662,0.4753662,4.1953664,7.6353664,4.225366,0.84536624,2.1853662,-2.3546338,-5.1846337,-4.0146337,1.2653662,-3.0446339,-5.2246337,-5.234634,-3.524634,-5.2246337,-5.024634,-5.4346337,-4.7246337,-4.4346337,-3.9946337,-5.0746336,-3.6746337,-0.7346338,-2.1146338
5.055366,6.305366,4.745366,5.115366,2.5853662,4.225366,5.7353663,2.8353662,4.3153663,5.995366,4.2153664,2.245366,4.6353664,2.3053663,3.475366,1.4353662,0.6253662,1.3153663,2.5353663,-3.5846338,4.055366,0.36536622,-1.6646338,-3.7246337,-4.404634,-4.464634,-3.9246337,-2.0446339,-3.9746337,-5.0946336,-4.154634,-3.8746338,-3.9146338,-4.3246336,-3.6446338,-2.754634,-3.2446337,-1.5946338,-5.874634,-3.0746338,-1.8946338,0.2253662,-0.18463379
5.3853664,4.3853664,4.8153663,4.7953663,3.1853662,4.595366,4.285366,5.125366,4.455366,3.5653663,3.3953662,4.2153664,2.3353662,1.2653662,0.2853662,-0.05463379,0.8953662,1.1653662,0.4653662,-0.38463378,-0.4546338,0.045366213,-1.4946338,-1.6746337,-2.6846337,-2.1446338,-4.024634,-4.584634,-6.524634,-4.7846336,-2.4646337,-3.504634,-2.3146338,-1.5846338,0.015366211,-3.1246338,-4.404634,-4.8046336,-3.8946338,-1.9146338,0.6153662,-1.7446338,0.8953662
4.3353662,3.6353662,3.0153663,4.1953664,2.3953662,3.9553661,4.5453663,4.185366,3.8053663,2.1053662,3.8153663,3.3353662,2.725366,0.005366211,1.5153662,0.6853662,-0.6346338,-0.5346338,0.4053662,-1.8246338,-2.1646338,-1.1346338,-0.25463378,-1.8246338,-3.004634,-4.3046336,-5.374634,-4.8046336,-4.064634,-3.7346337,-3.7946339,-4.134634,-2.9846337,0.17536621,-1.3646338,-3.9846337,-4.984634,-4.124634,-3.1646338,-1.0146338,-0.9446338,-1.9146338,-1.0746338
