wind_kz.json
{"header": {"discipline":0,"disciplineName":"Meteorological products","gribEdition":2,"gribLength":871,"center":7,"centerName":"US National Weather Service - NCEP(WMC)","subcenter":0,"refTime":"2023-09-10T06:00:00.000Z","significanceOfRT":1,"significanceOfRTName":"Start of forecast","productStatus":0,"productStatusName":"Operational products","productType":1,"productTypeName":"Forecast products","productDefinitionTemplate":0,"productDefinitionTemplateName":"Analysis/forecast at horizontal level/layer at a point in time","parameterCategory":0,"parameterCategoryName":"UnknownDiscipline_0_Category_0","parameterNumber":0,"parameterNumberName":"UnknownParameter_D0_C0_0","parameterUnit":"Unknown","genProcessType":2,"genProcessTypeName":"Forecast","forecastTime":180,"surface1Type":1,"surface1TypeName":"Ground or water surface","surface1Value":0.0,"surface2Type":255,"surface2TypeName":"Missing","surface2Value":0.0,"gridDefinitionTemplate":0,"gridDefinitionTemplateName":"Latitude_Longitude","numberPoints":615,"shape":6,"shapeName":"Earth spherical with radius of 6,371,229.0 m","gridUnits":"degrees","resolution":48,"winds":"true","scanMode":64,"nx":41,"ny":15,"basicAngle":0,"lo1":47.0,"la1":41.0,"lo2":87.0,"la2":55.0,"dx":1.0,"dy":1.0}, "data":
[rows 0 to 14 of 15, columns 0 to 40 of 41]
293.1142,283.51422,286.1142,297.51422,297.3142,296.1142,295.3142,296.1142,293.1142,293.4142,292.2142,293.3142,293.2142,293.3142,292.1142,290.1142,289.3142,290.1142,289.01422,290.3142,291.6142,289.01422,288.9142,285.4142,290.1142,294.51422,288.1142,275.1142,276.01422,279.8142,279.01422,280.1142,291.6142,295.1142,294.4142,294.6142,294.6142,295.01422,295.3142,295.2142,294.51422
273.8142,287.8142,296.8142,296.9142,296.7142,294.9142,293.8142,292.4142,291.9142,292.1142,292.1142,291.51422,290.4142,289.2142,291.01422,291.01422,290.3142,288.8142,287.8142,287.51422,291.1142,289.6142,288.01422,280.2142,274.2142,276.4142,286.3142,277.4142,280.4142,272.2142,278.4142,271.9142,282.6142,257.9142,280.6142,293.8142,293.1142,294.8142,296.7142,288.4142,284.1142
289.01422,296.3142,296.9142,296.6142,294.6142,292.2142,291.01422,290.9142,289.8142,290.2142,290.1142,290.4142,287.9142,288.51422,290.3142,287.4142,286.9142,286.1142,285.9142,286.7142,289.9142,288.1142,287.3142,283.1142,287.9142,287.1142,288.8142,289.4142,287.1142,279.01422,277.1142,278.1142,282.8142,284.3142,285.2142,280.9142,275.1142,276.4142,279.1142,275.2142,274.8142
292.6142,295.51422,296.4142,295.6142,293.3142,291.8142,292.1142,289.51422,290.2142,290.6142,290.8142,290.1142,292.9142,292.3142,288.6142,289.1142,289.2142,285.9142,287.1142,286.3142,286.8142,283.4142,288.8142,289.2142,290.3142,291.1142,292.4142,292.2142,288.7142,290.2142,293.2142,290.1142,292.8142,292.51422,291.51422,286.2142,276.6142,274.6142,276.8142,285.01422,288.1142
293.01422,293.51422,294.6142,293.2142,292.1142,292.2142,293.4142,293.1142,291.1142,290.7142,290.2142,289.4142,292.01422,290.7142,289.3142,290.3142,290.1142,289.4142,286.4142,289.51422,289.01422,289.01422,287.3142,288.4142,288.7142,289.4142,287.8142,290.1142,288.9142,292.2142,294.51422,291.7142,278.01422,270.7142,282.8142,289.4142,291.3142,291.51422,289.4142,290.2142,290.51422
289.3142,287.8142,292.6142,292.01422,292.7142,291.6142,291.3142,292.9142,290.6142,290.2142,290.3142,290.51422,291.6142,292.1142,292.4142,288.9142,290.9142,290.2142,293.6142,292.8142,288.01422,287.7142,287.4142,287.7142,286.3142,284.3142,287.7142,290.4142,290.1142,291.7142,289.6142,292.01422,289.3142,288.3142,285.9142,289.8142,281.3142,282.4142,287.4142,288.7142,288.3142
291.4142,289.1142,294.2142,294.7142,292.4142,292.2142,292.9142,291.6142,291.8142,291.7142,290.2142,291.3142,289.9142,290.9142,291.3142,290.51422,291.1142,293.01422,292.51422,290.3142,286.7142,287.2142,287.6142,287.1142,285.6142,285.9142,286.3142,287.7142,289.51422,290.2142,288.51422,288.1142,288.51422,289.6142,288.01422,287.01422,281.6142,278.51422,275.4142,275.4142,286.6142
292.6142,290.8142,291.01422,292.51422,294.1142,293.3142,291.7142,290.4142,289.4142,289.4142,291.01422,290.01422,287.8142,288.3142,290.2142,288.4142,288.9142,291.9142,290.2142,288.2142,285.1142,284.4142,283.8142,284.51422,285.51422,284.1142,284.4142,286.01422,284.9142,288.01422,286.4142,286.6142,285.4142,284.3142,282.7142,284.7142,286.01422,288.9142,286.01422,285.9142,283.6142
292.9142,289.7142,292.6142,292.4142,293.9142,293.7142,292.2142,291.8142,289.01422,287.7142,290.3142,287.8142,288.6142,289.6142,289.2142,287.2142,286.8142,287.2142,286.7142,286.3142,283.7142,282.8142,282.7142,284.6142,281.7142,282.6142,282.9142,281.2142,283.51422,279.8142,282.8142,283.1142,283.2142,285.9142,283.8142,283.01422,284.2142,283.51422,273.9142,272.6142,270.6142
288.7142,289.4142,291.9142,291.9142,290.1142,292.4142,290.4142,288.8142,290.9142,286.6142,285.4142,284.9142,285.3142,285.9142,288.7142,288.7142,288.6142,285.6142,285.51422,285.3142,286.51422,285.7142,285.01422,282.6142,283.9142,282.1142,282.1142,281.4142,281.8142,282.01422,283.51422,286.8142,286.2142,286.7142,286.9142,282.7142,279.51422,276.01422,269.8142,275.3142,271.01422
291.01422,290.9142,290.6142,291.01422,290.4142,290.6142,290.4142,287.3142,286.3142,289.2142,287.8142,284.8142,286.2142,285.4142,285.3142,285.3142,287.6142,288.51422,287.6142,287.1142,286.51422,285.01422,284.2142,284.4142,282.51422,282.6142,280.4142,283.4142,283.51422,283.9142,286.51422,284.8142,284.4142,286.51422,283.3142,281.1142,279.1142,273.7142,272.01422,274.8142,272.3142
289.51422,290.3142,289.8142,290.2142,289.4142,288.1142,284.8142,284.3142,284.3142,284.01422,282.1142,286.1142,284.3142,283.2142,283.4142,283.4142,284.4142,285.01422,285.9142,286.2142,284.2142,283.1142,282.4142,282.4142,281.6142,283.01422,282.8142,285.9142,284.01422,284.2142,286.3142,287.2142,287.1142,285.01422,285.51422,285.2142,284.6142,283.1142,282.01422,281.51422,280.2142
284.51422,283.8142,285.3142,284.8142,284.9142,283.9142,283.2142,282.9142,282.01422,281.4142,280.2142,282.3142,284.1142,282.9142,283.3142,283.51422,284.2142,283.6142,284.9142,283.7142,284.1142,283.7142,282.6142,283.3142,283.9142,283.3142,284.2142,284.01422,283.6142,282.7142,283.3142,284.4142,284.7142,285.1142,284.4142,282.01422,283.2142,283.4142,282.9142,282.4142,282.2142
287.7142,284.7142,285.8142,284.51422,282.3142,280.8142,280.6142,280.3142,279.9142,280.3142,283.01422,282.01422,281.8142,282.4142,282.7142,282.4142,283.01422,282.6142,280.8142,282.3142,282.9142,282.8142,283.51422,283.8142,283.8142,285.01422,282.3142,284.1142,281.8142,283.51422,282.3142,282.9142,283.3142,281.4142,281.7142,282.8142,280.8142,283.01422,282.1142,281.4142,281.9142
282.3142,283.51422,287.9142,282.2142,281.1142,278.8142,280.1142,279.01422,279.4142,279.8142,279.8142,281.1142,277.7142,277.7142,277.8142,278.2142,278.2142,278.2142,278.1142,278.01422,280.7142,281.2142,281.01422,281.4142,281.8142,283.01422,282.3142,282.51422,283.1142,284.01422,284.4142,284.1142,283.1142,281.51422,280.9142,282.01422,282.9142,281.8142,282.01422,281.2142,281.51422
