wind_kz.json
{"header": {"discipline":0,"disciplineName":"Meteorological products","gribEdition":2,"gribLength":1025,"center":7,"centerName":"US National Weather Service - NCEP(WMC)","subcenter":0,"refTime":"2023-09-27T12:00:00.000Z","significanceOfRT":1,"significanceOfRTName":"Start of forecast","productStatus":0,"productStatusName":"Operational products","productType":1,"productTypeName":"Forecast products","productDefinitionTemplate":0,"productDefinitionTemplateName":"Analysis/forecast at horizontal level/layer at a point in time","parameterCategory":2,"parameterCategoryName":"UnknownDiscipline_0_Category_2","parameterNumber":2,"parameterNumberName":"UnknownParameter_D0_C2_2","parameterUnit":"Unknown","genProcessType":2,"genProcessTypeName":"Forecast","forecastTime":60,"surface1Type":103,"surface1TypeName":"Specified height level above ground","surface1Value":10.0,"surface2Type":255,"surface2TypeName":"Missing","surface2Value":0.0,"gridDefinitionTemplate":0,"gridDefinitionTemplateName":"Latitude_Longitude","numberPoints":615,"shape":6,"shapeName":"Earth spherical with radius of 6,371,229.0 m","gridUnits":"degrees","resolution":48,"winds":"true","scanMode":64,"nx":41,"ny":15,"basicAngle":0,"lo1":47.0,"la1":41.0,"lo2":87.0,"la2":55.0,"dx":1.0,"dy":1.0}, "data":
[rows 0 to 14 of 15, columns 0 to 40 of 41]
-2.4153779,-0.6653778,0.7546222,-3.0253778,-4.405378,-5.075378,-4.0653777,-3.5753777,-1.9553778,0.22462219,0.4346222,1.2046221,1.4846222,1.5446222,1.8046222,1.6346222,1.1546222,-1.9853778,-3.385378,-3.2953777,-2.2553778,-1.1853778,-0.2853778,-1.3653778,-0.7153778,-1.9553778,-2.0053778,0.8946222,0.5046222,-0.06537781,-0.6053778,1.8846222,0.9446222,1.6646222,0.32462218,-0.5353778,-0.13537781,-1.1353778,-2.7453778,0.3746222,2.7046223
0.8246222,0.8546222,-3.375378,-4.4553776,-3.9953778,-3.5253778,-2.2053778,-3.0753777,-2.4653778,-0.8053778,0.62462217,-1.3353778,0.5846222,1.1246222,1.2446222,2.6646223,1.4146222,-2.6753778,-1.8953778,-1.5853778,-1.9853778,-2.7853777,-1.9753778,-1.9553778,0.16462219,0.9846222,-0.8653778,1.5246222,-0.0053778077,-0.115377806,0.62462217,-0.3053778,-1.1353778,-1.1253778,0.8946222,-0.2353778,0.3946222,-0.3353778,0.7446222,1.0146222,-2.5653777
-1.5253778,-4.7953777,-4.7953777,-3.095378,-3.7953777,-3.8253777,-3.3353777,-1.4253778,-2.1453779,-0.62537783,0.4146222,1.0746222,1.8446221,1.3746222,2.7646222,1.1046222,-0.5053778,-1.4153779,-1.8253778,-0.2753778,-1.5753778,0.06462219,0.6146222,1.3346221,0.08462219,0.56462216,2.3146222,3.2446222,-2.2553778,-0.09537781,0.19462219,0.48462218,0.5346222,0.3446222,-0.1853778,-1.1753778,0.7046222,-0.29537782,-0.6953778,1.5246222,1.0046222
-3.8053777,-5.7953777,-5.245378,-4.985378,-4.115378,-1.8053778,0.094622195,-1.2453778,0.2146222,0.56462216,0.6546222,0.7446222,2.374622,1.6646222,-0.06537781,-1.7453778,-2.5053778,-3.0353777,-1.7553778,-0.055377807,1.7146221,1.0446222,1.3546222,3.3546221,3.7546222,3.4946222,2.894622,0.044622194,2.3246222,2.7146223,-1.5053778,-1.5653778,0.6046222,3.8046222,1.2646222,0.7846222,-1.0653778,1.8046222,0.24462219,0.7946222,0.7046222
-2.9153779,-3.375378,-2.615378,-2.2753778,-1.6253778,-0.26537782,0.4746222,1.4046222,2.4146223,1.9846222,2.0046222,2.5346222,2.624622,1.6346222,2.654622,0.14462219,-0.7753778,-0.7453778,-0.025377808,0.5446222,1.6246222,3.2246222,3.6846223,2.644622,2.8546221,1.7346222,1.8646222,4.014622,3.654622,3.5246222,2.5646222,-0.1253778,-1.0053778,-0.4153778,2.2946222,0.4146222,-0.7453778,-1.3053778,0.19462219,-1.2153778,-1.6153778
0.2546222,0.8446222,2.2546222,2.884622,3.4446223,3.614622,2.8046222,2.7946222,1.8846222,3.0446222,2.4146223,1.5146222,0.7846222,0.7146222,1.8846222,2.0546222,2.3246222,2.1046221,2.2546222,2.5746222,1.8146222,2.0046222,2.114622,0.6746222,2.0146222,3.5946221,4.694622,5.9146223,4.324622,3.5346222,3.7846222,3.614622,3.0146222,2.0446222,0.6046222,-3.7153778,0.1546222,0.19462219,0.3946222,-1.4653778,-2.2553778
3.2546222,3.3046222,3.6946223,4.134622,4.6446223,3.9246223,3.884622,3.2546222,2.5046222,2.114622,1.8246222,1.6946222,1.1646222,1.1946222,1.5446222,1.2846222,3.1746223,2.3246222,-0.3453778,2.4246223,2.7446222,2.1046221,1.0246222,0.3546222,-0.045377806,1.3546222,1.9546221,4.154622,4.034622,3.9446223,3.0446222,3.384622,2.8046222,-2.0553777,-4.755378,-1.3753778,-1.2253778,2.7646222,-0.7853778,-0.29537782,-0.085377805
0.6746222,1.0246222,1.5446222,2.0546222,2.394622,2.9146223,3.1046221,2.8546221,3.2146223,2.6946223,2.4846222,2.1046221,2.0946221,1.3546222,2.2146223,2.7346222,1.3846222,0.1846222,0.5746222,0.5146222,2.0746222,1.7346222,-1.0353779,-2.4053779,-1.6253778,0.7046222,2.2246222,2.7346222,2.644622,2.4746222,1.1046222,1.7746222,-3.635378,0.5946222,-0.8653778,-0.8653778,-1.4553778,-6.1653776,-4.1453776,-3.595378,-2.6753778
1.8046222,1.8346221,2.1746223,1.9446222,2.4546223,2.7646222,2.9746222,2.9646223,2.9146223,3.154622,3.2546222,2.5146222,2.9246223,2.124622,2.374622,0.9146222,2.7246222,1.8246222,0.6946222,-0.035377808,-0.2553778,-0.035377808,-0.3553778,0.8046222,0.1746222,-0.8953778,1.1946222,0.9746222,-0.3953778,-0.035377808,-1.3453778,0.16462219,0.3046222,-0.68537784,-2.2653778,-2.4453778,-0.9253778,-1.7853779,-1.4153779,-0.24537781,-2.1953778
-0.5453778,-0.5953778,-0.7853778,-0.5153778,0.3646222,1.1346222,1.7846222,2.1646223,1.7446222,0.8246222,2.0046222,1.9146222,1.1546222,1.7646222,0.9446222,1.5346222,-0.8053778,-2.9353778,0.16462219,-0.5153778,-0.015377807,2.634622,0.7146222,-0.7553778,-1.7553778,-0.19537781,-0.10537781,-0.5053778,-1.8153778,-2.8253777,-1.6853778,-3.0253778,-2.5253778,-3.105378,-2.8153777,-1.9553778,-2.4053779,-0.7353778,-1.4853778,0.6546222,-1.4853778
-1.1253778,-1.4353778,-0.5953778,0.094622195,0.42462218,0.19462219,1.5646222,1.2546222,1.0146222,0.56462216,0.7946222,0.1746222,0.5246222,1.3246222,-1.0053778,-0.3653778,-0.9253778,0.094622195,-1.8353778,1.0646222,-0.3153778,3.0946221,1.3646222,0.48462218,0.26462218,-0.9153778,0.14462219,-2.095378,-2.5553777,-1.8053778,-2.1753778,-1.9253778,-1.3553778,0.4446222,-1.1253778,-0.3953778,-1.5753778,-0.10537781,-0.3053778,0.29462218,-0.4153778
0.3446222,-0.4053778,0.2146222,-0.45537782,1.1646222,1.5846221,1.3746222,1.4946222,0.5146222,-0.5953778,-0.9053778,0.9946222,0.5946222,0.5546222,0.8846222,-0.6553778,1.1546222,1.5146222,-0.115377806,0.19462219,2.3546221,-0.1553778,-0.3753778,-0.3353778,0.07462219,0.1846222,-1.8553778,-1.7853779,-1.4153779,-2.0453777,-1.1253778,-0.6553778,-0.2553778,-1.4253778,-0.16537781,0.6646222,-0.1553778,0.10462219,0.24462219,-0.45537782,-1.0253778
0.8646222,1.1746222,1.0746222,0.87462217,1.1846222,0.8246222,1.0746222,0.8846222,0.45462218,-0.0053778077,-0.5053778,-0.21537781,-0.4153778,-1.2953779,-0.015377807,0.7946222,0.8246222,-0.3153778,-0.3053778,0.3446222,-1.4553778,0.054622192,-0.035377808,0.42462218,1.0646222,0.7846222,0.5346222,0.19462219,-0.035377808,-0.26537782,0.9646222,1.3246222,0.5846222,1.0446222,0.4346222,1.2146221,0.5946222,-0.6653778,-0.7553778,-0.9153778,-0.4153778
1.5246222,1.2746222,2.154622,1.3346221,1.4246222,1.8946222,0.8646222,0.5446222,1.3346221,0.5046222,-0.3353778,-0.06537781,-0.5353778,-0.8853778,-0.1253778,-0.62537783,-1.6653779,-2.0153778,-0.7853778,0.81462216,1.5046222,1.6446222,1.7946222,1.5946221,0.2546222,1.5846221,0.8246222,1.2046221,0.9246222,1.5246222,1.9746222,1.8446221,1.7446222,1.2446222,1.6346222,2.1946223,1.2246222,0.3446222,-1.1353778,0.5946222,-0.32537782
1.0246222,1.1246222,0.7146222,0.68462217,1.0946221,1.6046222,1.5246222,1.6746222,1.4346222,-0.5153778,-1.0153778,-0.6453778,-0.21537781,-0.3653778,0.4646222,0.2046222,-0.035377808,0.16462219,0.11462219,0.87462217,0.08462219,1.4246222,1.2246222,1.3646222,1.4146222,1.5446222,1.4546221,1.3046222,1.2546222,1.8446221,2.634622,3.3346221,2.3346221,2.4846222,2.5446222,2.6646223,1.0646222,1.6146222,1.4546221,0.3946222,-0.5553778
