wind_kz.json
{"header": {"discipline":0,"disciplineName":"Meteorological products","gribEdition":2,"gribLength":948,"center":7,"centerName":"US National Weather Service - NCEP(WMC)","subcenter":0,"refTime":"2023-08-21T00:00:00.000Z","significanceOfRT":1,"significanceOfRTName":"Start of forecast","productStatus":0,"productStatusName":"Operational products","productType":1,"productTypeName":"Forecast products","productDefinitionTemplate":0,"productDefinitionTemplateName":"Analysis/forecast at horizontal level/layer at a point in time","parameterCategory":0,"parameterCategoryName":"UnknownDiscipline_0_Category_0","parameterNumber":0,"parameterNumberName":"UnknownParameter_D0_C0_0","parameterUnit":"Unknown","genProcessType":2,"genProcessTypeName":"Forecast","forecastTime":60,"surface1Type":1,"surface1TypeName":"Ground or water surface","surface1Value":0.0,"surface2Type":255,"surface2TypeName":"Missing","surface2Value":0.0,"gridDefinitionTemplate":0,"gridDefinitionTemplateName":"Latitude_Longitude","numberPoints":615,"shape":6,"shapeName":"Earth spherical with radius of 6,371,229.0 m","gridUnits":"degrees","resolution":48,"winds":"true","scanMode":64,"nx":41,"ny":15,"basicAngle":0,"lo1":47.0,"la1":41.0,"lo2":87.0,"la2":55.0,"dx":1.0,"dy":1.0}, "data":
[rows 0 to 14 of 15, columns 0 to 40 of 41]
319.8489,303.8489,309.4489,301.0489,301.7489,300.4489,311.6489,322.5489,320.5489,321.7489,321.5489,321.4489,320.7489,320.4489,320.0489,319.0489,318.0489,316.9489,318.9489,318.0489,319.1489,314.1489,313.5489,308.7489,311.3489,313.9489,309.3489,293.5489,292.0489,290.6489,290.1489,291.3489,301.9489,309.0489,310.7489,309.0489,308.4489,307.8489,307.3489,307.2489,307.6489
290.6489,311.5489,300.5489,301.0489,301.0489,299.7489,320.3489,320.4489,318.6489,319.4489,320.6489,319.9489,318.6489,317.7489,319.7489,318.6489,317.8489,317.2489,317.6489,317.3489,317.9489,314.7489,312.2489,303.5489,295.5489,291.9489,302.4489,293.7489,295.2489,285.1489,291.4489,281.8489,291.6489,268.8489,287.6489,303.1489,302.5489,304.2489,305.3489,297.3489,284.9489
314.6489,299.7489,300.5489,301.2489,299.5489,316.9489,318.2489,319.8489,318.2489,317.1489,317.3489,318.7489,317.6489,317.4489,319.1489,317.9489,316.9489,317.8489,317.3489,316.8489,315.8489,313.8489,311.0489,307.8489,311.8489,310.3489,311.9489,311.2489,309.5489,293.2489,285.4489,288.1489,297.3489,295.6489,298.9489,296.3489,281.3489,289.0489,288.6489,281.9489,278.2489
317.7489,301.6489,301.4489,300.3489,302.9489,317.3489,318.2489,318.3489,318.7489,318.2489,317.8489,316.4489,297.1489,297.1489,319.3489,317.6489,317.6489,316.7489,316.8489,316.1489,313.7489,309.8489,313.3489,313.1489,313.1489,313.2489,315.8489,312.5489,312.2489,310.9489,311.0489,307.2489,310.7489,310.7489,309.1489,303.1489,287.3489,283.8489,284.8489,296.6489,300.5489
319.0489,300.3489,300.7489,301.3489,308.0489,315.9489,315.9489,317.6489,316.0489,315.7489,317.2489,316.3489,296.8489,295.9489,293.6489,315.5489,316.5489,314.0489,314.3489,314.1489,315.1489,315.9489,313.9489,311.5489,312.9489,313.3489,314.3489,306.8489,312.2489,312.0489,312.9489,310.1489,294.2489,284.3489,295.4489,300.8489,302.1489,311.2489,310.5489,307.9489,306.3489
315.9489,314.4489,298.9489,299.7489,300.4489,300.1489,315.7489,315.5489,314.8489,315.5489,314.6489,316.3489,298.7489,295.9489,303.9489,312.3489,315.3489,315.7489,315.4489,315.9489,315.3489,314.7489,313.2489,312.8489,314.2489,308.4489,308.8489,295.1489,313.5489,313.3489,310.9489,310.7489,308.8489,307.4489,304.1489,303.2489,296.6489,299.1489,308.6489,309.4489,307.0489
313.3489,314.3489,315.8489,305.7489,306.8489,307.4489,316.3489,315.2489,314.2489,313.8489,313.1489,308.2489,313.9489,308.6489,311.6489,312.9489,313.3489,314.4489,314.9489,313.6489,313.6489,314.1489,314.8489,314.9489,312.3489,312.7489,311.5489,313.0489,312.1489,312.0489,311.6489,307.2489,310.2489,309.8489,308.0489,304.8489,298.3489,292.5489,290.7489,286.3489,297.3489
313.6489,316.2489,310.9489,310.6489,308.6489,313.7489,313.5489,311.8489,310.0489,310.3489,309.7489,309.5489,305.0489,304.3489,305.5489,309.8489,314.0489,312.5489,313.0489,310.5489,310.6489,306.0489,308.9489,312.2489,312.0489,308.9489,309.1489,308.8489,303.4489,306.5489,307.9489,308.9489,306.6489,303.1489,301.5489,304.2489,305.0489,290.2489,303.7489,303.5489,300.4489
311.9489,308.5489,313.0489,311.3489,311.2489,311.2489,310.0489,309.5489,308.3489,307.3489,306.9489,305.3489,302.7489,310.1489,302.6489,298.2489,300.9489,310.3489,310.3489,310.5489,308.6489,305.9489,307.8489,309.2489,308.1489,308.1489,305.7489,304.6489,301.9489,300.5489,302.1489,300.0489,304.8489,304.9489,303.4489,299.7489,299.5489,298.6489,287.9489,287.4489,284.6489
306.2489,307.0489,310.3489,307.8489,309.0489,308.9489,306.2489,305.1489,305.6489,304.3489,301.1489,303.8489,302.4489,299.2489,299.7489,297.8489,296.5489,295.9489,306.2489,306.3489,306.3489,306.8489,307.3489,309.3489,303.9489,306.3489,305.8489,305.1489,302.8489,303.1489,303.9489,305.7489,307.6489,306.9489,305.0489,300.7489,297.8489,294.1489,288.4489,288.7489,285.4489
295.8489,306.4489,303.9489,305.5489,303.8489,304.2489,303.0489,303.2489,294.8489,295.3489,296.2489,299.6489,304.0489,298.2489,295.2489,304.2489,295.3489,297.1489,296.9489,306.5489,306.3489,306.1489,295.8489,302.2489,297.7489,303.6489,301.8489,305.5489,306.5489,306.4489,307.3489,308.2489,305.8489,304.9489,303.4489,299.4489,294.0489,289.5489,290.9489,290.3489,288.6489
297.5489,298.8489,297.2489,298.3489,301.2489,300.5489,300.5489,299.8489,298.8489,298.2489,292.0489,293.7489,291.1489,292.3489,295.9489,300.1489,300.4489,295.1489,294.9489,299.6489,303.1489,297.1489,305.2489,297.0489,297.5489,305.2489,300.6489,307.1489,307.9489,306.7489,304.7489,305.3489,305.0489,301.6489,300.0489,300.5489,299.2489,297.8489,296.4489,295.6489,294.2489
289.6489,293.3489,298.0489,300.8489,298.5489,297.3489,297.8489,300.3489,299.1489,298.0489,288.2489,286.1489,288.8489,287.8489,288.0489,288.6489,290.0489,290.1489,290.6489,296.1489,302.1489,301.9489,303.6489,298.5489,294.0489,296.2489,307.8489,306.5489,306.1489,304.7489,304.6489,302.6489,300.1489,301.2489,302.5489,300.3489,299.5489,298.8489,297.0489,295.0489,294.1489
292.8489,293.7489,295.4489,293.7489,292.9489,296.2489,295.1489,295.7489,296.7489,297.6489,292.5489,288.9489,290.8489,286.4489,288.1489,288.1489,286.9489,287.6489,290.6489,296.2489,299.5489,301.1489,301.1489,303.6489,302.5489,301.1489,302.3489,303.5489,303.2489,302.7489,301.9489,301.6489,299.3489,297.5489,298.5489,299.4489,298.7489,297.6489,297.2489,295.0489,293.7489
288.5489,292.4489,291.7489,293.7489,293.8489,292.1489,290.9489,288.5489,294.2489,296.8489,293.8489,290.7489,290.4489,291.7489,292.9489,291.2489,288.6489,285.9489,287.2489,288.8489,293.5489,297.2489,300.4489,303.5489,292.9489,292.4489,293.1489,303.0489,300.8489,296.5489,294.2489,291.7489,297.7489,295.9489,296.1489,296.5489,297.7489,295.5489,297.6489,295.3489,295.1489
