wind_kz.json
{"header": {"discipline":0,"disciplineName":"Meteorological products","gribEdition":2,"gribLength":871,"center":7,"centerName":"US National Weather Service - NCEP(WMC)","subcenter":0,"refTime":"2023-08-18T06:00:00.000Z","significanceOfRT":1,"significanceOfRTName":"Start of forecast","productStatus":0,"productStatusName":"Operational products","productType":1,"productTypeName":"Forecast products","productDefinitionTemplate":0,"productDefinitionTemplateName":"Analysis/forecast at horizontal level/layer at a point in time","parameterCategory":0,"parameterCategoryName":"UnknownDiscipline_0_Category_0","parameterNumber":0,"parameterNumberName":"UnknownParameter_D0_C0_0","parameterUnit":"Unknown","genProcessType":2,"genProcessTypeName":"Forecast","forecastTime":180,"surface1Type":1,"surface1TypeName":"Ground or water surface","surface1Value":0.0,"surface2Type":255,"surface2TypeName":"Missing","surface2Value":0.0,"gridDefinitionTemplate":0,"gridDefinitionTemplateName":"Latitude_Longitude","numberPoints":615,"shape":6,"shapeName":"Earth spherical with radius of 6,371,229.0 m","gridUnits":"degrees","resolution":48,"winds":"true","scanMode":64,"nx":41,"ny":15,"basicAngle":0,"lo1":47.0,"la1":41.0,"lo2":87.0,"la2":55.0,"dx":1.0,"dy":1.0}, "data":
[rows 0 to 14 of 15, columns 0 to 40 of 41]
299.49316,286.59317,290.89316,298.99316,298.49316,297.59317,298.09317,299.19318,297.79315,298.09317,297.29315,298.79315,297.39316,297.19318,295.69318,294.09317,294.79315,295.89316,296.89316,299.39316,297.69318,294.59317,297.39316,291.89316,297.29315,298.29315,296.19318,279.49316,280.69318,279.09317,279.79315,281.19318,290.89316,297.39316,295.99316,295.59317,295.09317,300.69318,300.59317,300.39316,301.09317
275.79315,292.79315,298.79315,298.89316,298.79315,297.29315,296.29315,295.99316,295.89316,296.09317,296.49316,295.29315,293.69318,291.59317,291.19318,291.69318,293.09317,294.29315,294.29315,296.29315,297.39316,298.89316,295.59317,288.09317,280.89316,281.69318,288.09317,278.09317,280.59317,274.29315,281.39316,274.29315,282.59317,261.89316,278.99316,294.39316,293.09317,295.59317,300.49316,291.99316,284.49316
292.29315,298.79315,299.19318,298.79315,296.79315,294.69318,295.49316,295.49316,294.19318,293.89316,293.29315,293.99316,288.19318,290.99316,292.09317,290.69318,290.39316,290.39316,292.39316,295.19318,298.19318,297.39316,297.39316,291.99316,296.39316,293.79315,295.89316,294.49316,291.39316,283.49316,275.39316,278.39316,283.49316,283.09317,285.09317,287.39316,277.99316,278.09317,280.39316,276.99316,276.49316
290.39316,299.39316,298.99316,298.09317,295.29315,292.39316,292.79315,292.29315,293.19318,293.39316,292.79315,292.89316,295.59317,294.79315,292.49316,291.29315,292.99316,291.79315,292.09317,293.99316,294.09317,290.79315,296.89316,299.79315,295.79315,299.99316,297.69318,298.09317,295.79315,296.99316,296.99316,295.19318,299.39316,296.19318,293.19318,290.59317,278.39316,277.89316,283.79315,292.89316,295.49316
294.09317,299.39316,299.09317,298.59317,296.49316,293.09317,291.59317,292.69318,292.29315,292.39316,291.89316,291.09317,295.89316,294.49316,291.89316,294.19318,293.59317,292.99316,288.19318,293.09317,293.89316,294.49316,295.39316,297.09317,296.99316,296.69318,297.89316,298.19318,299.09317,299.69318,301.69318,296.59317,286.49316,274.49316,285.09317,295.99316,297.39316,300.89316,299.59317,299.49316,299.99316
291.79315,289.59317,297.89316,298.09317,298.49316,298.39316,292.49316,292.69318,292.59317,292.29315,292.29315,291.69318,294.19318,294.99316,292.99316,290.49316,292.89316,290.89316,290.69318,292.09317,291.39316,292.39316,292.69318,294.99316,294.79315,294.89316,297.59317,293.89316,300.49316,302.29315,301.89316,303.49316,298.89316,296.29315,293.39316,295.99316,289.89316,291.49316,295.79315,298.99316,298.99316
290.49316,288.49316,291.09317,292.89316,293.69318,289.69318,290.89316,289.59317,291.29315,292.39316,289.99316,289.39316,289.39316,288.99316,289.39316,291.39316,290.59317,291.69318,290.69318,289.59317,288.79315,290.69318,292.89316,293.69318,293.39316,294.29315,295.59317,298.19318,296.99316,298.69318,299.49316,300.29315,300.49316,302.19318,296.69318,295.39316,289.79315,286.49316,281.39316,281.49316,294.29315
290.49316,288.39316,290.59317,288.89316,291.59317,290.69318,289.89316,289.99316,289.09317,289.09317,287.49316,287.29315,286.79315,287.89316,289.09317,289.59317,288.89316,289.69318,289.89316,287.59317,287.39316,287.39316,288.39316,291.69318,290.09317,288.69318,291.39316,292.29315,291.69318,295.19318,294.39316,296.19318,296.39316,295.19318,291.99316,295.59317,295.79315,289.39316,294.19318,294.39316,290.39316
287.99316,286.89316,287.99316,287.19318,289.69318,290.09317,287.59317,288.49316,285.99316,285.49316,284.59317,287.29315,286.59317,286.79315,286.19318,286.49316,287.29315,286.59317,287.19318,285.49316,283.89316,284.99316,286.49316,286.99316,286.99316,288.09317,287.09317,287.19318,288.29315,287.39316,290.69318,292.49316,294.89316,297.09317,293.99316,293.09317,291.29315,292.29315,278.99316,277.79315,275.19318
283.89316,287.89316,285.69318,286.49316,286.19318,287.69318,286.69318,289.19318,287.59317,283.79315,282.99316,285.39316,285.19318,284.59317,286.09317,285.39316,284.69318,283.69318,284.19318,284.79315,283.89316,284.39316,285.99316,286.39316,288.09317,286.09317,287.29315,288.59317,288.49316,288.19318,291.19318,294.89316,297.99316,297.89316,297.89316,293.09317,290.99316,285.19318,280.39316,280.59317,278.39316
287.39316,286.49316,285.49316,284.69318,283.19318,284.39316,285.79315,284.29315,282.89316,283.29315,282.49316,282.79315,284.79315,282.69318,282.89316,283.09317,284.09317,285.39316,283.09317,282.09317,284.59317,284.19318,285.39316,284.59317,285.29315,285.99316,284.99316,288.09317,289.49316,292.59317,294.09317,295.99316,297.09317,297.09317,296.49316,295.99316,289.49316,282.99316,281.59317,282.69318,280.29315
284.39316,287.69318,286.99316,286.29315,284.99316,282.59317,285.19318,281.69318,284.89316,284.59317,280.09317,281.19318,281.99316,281.59317,281.69318,282.39316,282.99316,283.59317,282.89316,284.19318,283.89316,284.29315,285.99316,284.39316,283.69318,285.39316,287.49316,288.59317,289.49316,292.19318,291.39316,294.19318,298.39316,294.49316,296.99316,293.89316,294.89316,291.09317,291.49316,290.39316,287.89316
284.39316,284.99316,285.79315,280.99316,285.19318,283.49316,280.89316,281.59317,280.89316,279.69318,277.29315,278.19318,281.59317,280.69318,281.39316,281.69318,281.69318,281.89316,282.99316,282.19318,280.69318,279.19318,280.69318,282.19318,283.89316,286.19318,289.49316,288.89316,289.29315,289.29315,291.39316,291.89316,292.49316,295.39316,292.69318,294.49316,292.19318,295.29315,292.09317,291.19318,289.89316
283.89316,285.29315,287.79315,284.29315,284.19318,283.89316,278.99316,280.09317,283.19318,282.19318,278.79315,278.79315,280.19318,280.19318,280.49316,281.19318,281.39316,281.49316,281.99316,282.09317,282.49316,282.79315,284.19318,283.99316,285.39316,286.59317,287.49316,289.29315,287.79315,288.69318,289.49316,290.39316,291.39316,289.29315,292.29315,290.89316,292.09317,291.29315,292.09317,290.59317,289.29315
283.09317,284.39316,291.09317,283.59317,283.49316,283.19318,283.69318,279.29315,280.29315,281.69318,282.49316,280.09317,279.19318,279.59317,279.79315,281.09317,281.49316,281.69318,282.19318,281.89316,282.29315,282.69318,283.49316,281.89316,282.29315,284.59317,286.99316,288.59317,288.49316,289.59317,287.79315,287.09317,288.99316,290.29315,290.99316,291.09317,293.49316,295.39316,291.19318,290.79315,290.69318
