wind.json
{"header": {"discipline":0,"disciplineName":"Meteorological products","gribEdition":2,"gribLength":953,"center":7,"centerName":"US National Weather Service - NCEP(WMC)","subcenter":0,"refTime":"2023-06-29T12:00:00.000Z","significanceOfRT":1,"significanceOfRTName":"Start of forecast","productStatus":0,"productStatusName":"Operational products","productType":1,"productTypeName":"Forecast products","productDefinitionTemplate":0,"productDefinitionTemplateName":"Analysis/forecast at horizontal level/layer at a point in time","parameterCategory":0,"parameterCategoryName":"UnknownDiscipline_0_Category_0","parameterNumber":0,"parameterNumberName":"UnknownParameter_D0_C0_0","parameterUnit":"Unknown","genProcessType":2,"genProcessTypeName":"Forecast","forecastTime":60,"surface1Type":1,"surface1TypeName":"Ground or water surface","surface1Value":0.0,"surface2Type":255,"surface2TypeName":"Missing","surface2Value":0.0,"gridDefinitionTemplate":0,"gridDefinitionTemplateName":"Latitude_Longitude","numberPoints":688,"shape":6,"shapeName":"Earth spherical with radius of 6,371,229.0 m","gridUnits":"degrees","resolution":48,"winds":"true","scanMode":64,"nx":43,"ny":16,"basicAngle":0,"lo1":45.0,"la1":40.0,"lo2":87.0,"la2":55.0,"dx":1.0,"dy":1.0}, "data":
[rows 0 to 15 of 16, columns 0 to 42 of 43]
279.96808,279.56808,290.2681,292.8681,293.1681,296.6681,295.96808,294.6681,293.7681,294.6681,298.46808,298.6681,301.56808,300.7681,300.8681,302.1681,303.3681,301.96808,299.6681,298.06808,296.7681,294.56808,293.2681,295.8681,290.7681,290.06808,290.8681,282.7681,277.46808,276.1681,280.56808,290.8681,292.46808,293.56808,295.6681,295.06808,294.8681,292.8681,293.06808,292.06808,292.7681,295.06808,296.2681
282.7681,291.2681,291.1681,281.56808,287.6681,295.8681,295.6681,294.46808,293.8681,297.56808,297.3681,300.7681,298.56808,299.06808,299.96808,300.3681,301.8681,297.56808,296.96808,296.8681,294.2681,297.2681,297.56808,293.1681,293.3681,291.56808,294.06808,295.1681,291.3681,275.6681,276.06808,276.2681,276.46808,278.96808,287.8681,294.3681,295.46808,294.8681,293.6681,292.46808,291.46808,292.56808,294.8681
285.7681,283.1681,271.46808,288.7681,295.6681,295.56808,295.56808,293.7681,292.8681,294.56808,295.7681,296.06808,297.6681,297.2681,298.3681,298.46808,299.46808,296.56808,294.2681,292.6681,293.2681,291.96808,293.2681,295.46808,295.56808,288.2681,273.7681,275.1681,284.06808,275.1681,278.8681,274.3681,279.3681,269.96808,280.8681,254.16809,273.06808,289.96808,288.56808,290.7681,292.1681,285.3681,283.2681
283.46808,285.96808,289.3681,296.46808,296.1681,295.96808,295.2681,292.8681,293.56808,293.1681,292.96808,293.7681,294.46808,296.06808,295.56808,298.3681,296.96808,297.2681,296.06808,293.1681,294.06808,294.56808,294.3681,294.1681,293.96808,289.46808,287.6681,289.46808,289.6681,288.7681,289.96808,280.8681,273.8681,275.46808,280.06808,279.7681,280.56808,282.3681,276.46808,276.96808,278.96808,274.3681,273.6681
290.6681,293.8681,291.6681,296.8681,296.96808,296.2681,295.1681,292.3681,293.06808,292.2681,292.7681,292.6681,293.46808,294.2681,294.46808,293.96808,296.06808,298.6681,297.56808,293.2681,295.06808,292.06808,293.6681,288.6681,294.1681,293.56808,293.1681,293.56808,294.46808,294.1681,289.96808,288.96808,288.6681,288.06808,292.06808,289.7681,290.46808,288.1681,277.06808,275.06808,280.06808,290.46808,293.1681
290.8681,293.1681,293.8681,297.56808,297.46808,297.96808,296.8681,294.1681,293.56808,293.7681,292.6681,292.46808,292.3681,292.2681,295.06808,294.46808,291.56808,300.8681,298.8681,296.7681,292.46808,297.2681,297.46808,296.3681,295.2681,294.46808,294.7681,294.1681,292.2681,291.3681,292.06808,292.3681,292.96808,289.06808,280.8681,273.96808,282.46808,291.6681,293.8681,297.46808,297.7681,296.46808,295.3681
290.2681,292.7681,292.6681,291.8681,298.2681,297.2681,297.1681,296.56808,293.96808,293.46808,292.56808,291.56808,291.56808,292.6681,293.6681,293.8681,296.46808,300.96808,300.2681,298.8681,297.56808,297.46808,295.6681,296.56808,295.06808,293.3681,293.2681,292.06808,292.46808,290.46808,293.56808,294.3681,292.6681,292.7681,291.1681,288.96808,289.46808,289.56808,284.3681,284.96808,293.3681,295.6681,293.7681
291.2681,291.96808,291.7681,290.96808,293.46808,293.3681,294.2681,292.3681,292.56808,291.6681,291.2681,291.3681,291.46808,292.8681,294.7681,295.7681,296.6681,300.1681,298.3681,297.6681,296.8681,295.8681,296.7681,295.2681,294.46808,294.2681,292.46808,292.7681,292.06808,292.7681,291.46808,291.6681,291.3681,291.3681,290.6681,290.56808,289.3681,287.7681,283.2681,280.7681,278.2681,277.96808,290.1681
290.06808,290.1681,291.06808,291.3681,293.06808,292.96808,293.6681,292.56808,291.7681,290.06808,288.7681,289.46808,289.7681,291.46808,293.46808,297.8681,300.1681,299.8681,298.46808,297.3681,295.96808,293.96808,292.56808,293.3681,292.46808,293.3681,291.6681,287.96808,288.6681,288.56808,287.1681,288.7681,287.56808,287.6681,286.2681,284.46808,285.06808,287.7681,289.3681,287.96808,288.46808,288.56808,286.1681
289.7681,290.3681,290.3681,290.06808,290.46808,289.2681,291.2681,289.7681,289.06808,289.06808,288.06808,287.8681,287.7681,290.3681,292.96808,296.96808,298.06808,298.2681,294.96808,294.7681,294.8681,294.46808,293.06808,290.6681,292.3681,291.2681,290.2681,289.7681,286.46808,285.8681,283.3681,283.06808,284.1681,284.56808,286.46808,286.8681,286.6681,284.1681,285.8681,284.7681,277.56808,276.96808,276.96808
287.46808,288.1681,288.3681,288.06808,287.96808,288.1681,288.1681,288.3681,288.2681,287.6681,286.56808,286.46808,286.6681,288.3681,292.8681,293.96808,297.46808,295.8681,295.96808,294.06808,293.96808,293.56808,294.2681,293.3681,292.06808,291.3681,289.8681,287.96808,286.96808,286.3681,285.1681,285.56808,285.8681,287.8681,288.7681,288.7681,287.7681,286.2681,282.56808,281.8681,278.46808,277.7681,275.96808
285.56808,288.6681,289.56808,286.6681,286.3681,287.06808,286.96808,288.6681,287.6681,287.6681,286.3681,285.6681,285.3681,289.56808,292.46808,292.96808,293.96808,294.56808,291.6681,292.8681,292.7681,291.56808,292.8681,292.3681,290.3681,289.8681,288.46808,287.46808,285.46808,287.1681,287.56808,289.56808,289.7681,289.6681,289.2681,288.7681,286.8681,285.56808,282.56808,278.8681,279.06808,279.46808,277.2681
285.56808,285.7681,286.3681,286.56808,285.96808,285.8681,285.7681,286.1681,285.56808,285.96808,285.8681,285.2681,284.96808,287.06808,290.3681,291.56808,292.7681,292.6681,293.3681,291.6681,292.7681,291.2681,290.6681,288.6681,288.6681,288.46808,287.6681,287.8681,288.2681,288.96808,289.7681,289.96808,288.2681,288.96808,288.96808,287.46808,287.56808,287.46808,286.96808,285.6681,284.3681,285.06808,282.96808
285.3681,284.6681,285.46808,285.46808,286.46808,285.96808,285.56808,285.96808,285.6681,286.2681,286.6681,287.1681,286.56808,286.1681,289.46808,289.6681,290.8681,291.6681,292.1681,291.56808,291.1681,289.06808,289.96808,287.2681,288.46808,286.7681,288.06808,288.7681,289.6681,288.3681,288.3681,287.7681,288.56808,288.96808,288.3681,288.06808,287.3681,286.6681,287.06808,286.56808,285.96808,285.56808,284.1681
285.46808,285.1681,284.96808,285.2681,288.06808,286.7681,284.96808,285.46808,285.8681,286.6681,287.3681,287.1681,286.8681,286.46808,288.06808,291.06808,289.7681,291.6681,293.06808,293.06808,291.06808,289.56808,288.3681,287.7681,287.96808,287.96808,287.8681,287.96808,287.46808,287.3681,287.06808,287.46808,287.8681,288.06808,287.96808,287.46808,287.1681,287.56808,286.7681,286.3681,285.3681,284.6681,285.2681
285.1681,285.56808,285.06808,285.6681,290.06808,286.8681,285.2681,286.06808,286.56808,287.06808,287.2681,287.56808,288.46808,288.06808,287.2681,289.1681,289.3681,291.2681,291.7681,290.46808,290.6681,289.3681,288.56808,287.8681,287.3681,286.8681,286.3681,286.2681,286.2681,286.2681,286.2681,286.56808,286.06808,285.3681,287.7681,287.3681,287.06808,285.6681,287.06808,286.06808,285.7681,285.6681,284.2681
