wind.json
{"header": {"discipline":0,"disciplineName":"Meteorological products","gribEdition":2,"gribLength":1211,"center":7,"centerName":"US National Weather Service - NCEP(WMC)","subcenter":0,"refTime":"2023-06-27T18:00:00.000Z","significanceOfRT":1,"significanceOfRTName":"Start of forecast","productStatus":0,"productStatusName":"Operational products","productType":1,"productTypeName":"Forecast products","productDefinitionTemplate":0,"productDefinitionTemplateName":"Analysis/forecast at horizontal level/layer at a point in time","parameterCategory":2,"parameterCategoryName":"UnknownDiscipline_0_Category_2","parameterNumber":2,"parameterNumberName":"UnknownParameter_D0_C2_2","parameterUnit":"Unknown","genProcessType":2,"genProcessTypeName":"Forecast","forecastTime":300,"surface1Type":103,"surface1TypeName":"Specified height level above ground","surface1Value":10.0,"surface2Type":255,"surface2TypeName":"Missing","surface2Value":0.0,"gridDefinitionTemplate":0,"gridDefinitionTemplateName":"Latitude_Longitude","numberPoints":688,"shape":6,"shapeName":"Earth spherical with radius of 6,371,229.0 m","gridUnits":"degrees","resolution":48,"winds":"true","scanMode":64,"nx":43,"ny":16,"basicAngle":0,"lo1":45.0,"la1":40.0,"lo2":87.0,"la2":55.0,"dx":1.0,"dy":1.0}, "data":
[rows 0 to 15 of 16, columns 0 to 42 of 43]
-3.7363281,-3.266328,-3.086328,-1.0163281,1.3436719,0.97367185,-0.34632814,0.20367187,0.11367188,-0.20632812,2.2736719,2.0236719,4.063672,6.663672,6.973672,5.9436717,5.453672,3.5136719,2.1136718,3.5536718,4.783672,5.723672,6.763672,1.5136719,3.1036718,3.1036718,1.2136719,0.49367186,0.48367187,-1.8863281,-0.6363281,-1.4063281,-0.08632813,-0.5663281,-1.6463281,-1.2263281,-2.2363281,-3.266328,-3.316328,-3.2063282,-3.606328,-3.4263282,-3.806328
-0.8563281,-2.4063282,-1.9263282,0.38367188,0.09367187,-0.7963281,0.083671875,-0.08632813,1.1336719,1.6436719,2.7936718,3.443672,4.593672,3.8036718,3.713672,5.863672,9.003672,6.343672,5.2336717,4.643672,3.153672,1.9436718,2.0136719,1.1236719,0.9336719,2.5836718,0.29367188,2.3836718,2.693672,3.0636718,1.5636718,3.713672,-0.90632814,0.8736719,-0.39632812,-2.1363282,-2.606328,-2.086328,-2.6463282,-2.856328,-2.3663282,-0.6963281,-0.34632814
-1.1963282,0.8236719,-1.7863281,0.36367187,2.453672,2.8536718,3.0136719,2.8836718,5.4836717,4.033672,4.4636717,2.8336718,3.8036718,4.333672,5.703672,6.073672,6.1736717,6.293672,7.6536717,6.4836717,6.9436717,6.773672,4.553672,4.9236717,1.8936719,-1.9663281,2.413672,1.4536719,1.1336719,0.48367187,3.663672,1.8236718,0.8936719,1.0636718,-1.3063282,0.42367187,0.5636719,1.0736718,0.5136719,-0.8263281,1.2336719,-0.5663281,0.36367187
0.003671875,0.71367186,2.243672,3.1036718,4.6736717,4.093672,4.683672,6.093672,6.353672,5.953672,6.303672,6.4436717,6.4036717,5.393672,4.953672,3.2936718,5.4836717,8.1636715,8.233672,8.553672,8.233672,7.063672,6.2536716,5.1736717,5.4436717,5.603672,3.1036718,-3.496328,-3.6163282,3.6136718,3.5436718,0.15367188,2.203672,1.0836719,0.85367185,0.023671875,-1.3363281,1.9036719,1.5336719,0.38367188,1.7936718,5.113672,0.9936719
1.8336719,3.0636718,2.223672,1.3336719,2.003672,3.1036718,5.723672,5.803672,6.373672,6.723672,6.9036717,6.543672,6.243672,6.073672,1.8436719,6.343672,7.8836718,9.043672,7.393672,7.893672,9.233672,8.423672,4.853672,7.223672,0.72367185,5.103672,1.2936718,0.6936719,0.043671876,2.5736718,-0.95632815,-0.29632813,2.913672,2.0436718,-6.3463283,-3.106328,-2.596328,-1.8263282,0.17367187,1.3336719,-2.2063282,-0.8263281,-1.1263281
-0.47632813,0.27367187,-0.14632812,0.17367187,1.3336719,2.0836718,2.223672,3.2736719,4.593672,6.553672,6.4836717,5.283672,6.113672,5.863672,3.7936718,5.243672,3.6336718,6.473672,7.283672,4.863672,2.913672,5.763672,5.123672,1.5836719,3.903672,1.8436719,3.673672,2.8436718,3.473672,8.253672,3.0536718,9.193672,2.7736719,2.8636718,4.583672,2.003672,-2.6963282,-1.2963281,-0.18632813,-0.6363281,1.8136718,1.3636719,1.6236719
-1.2763281,0.003671875,0.48367187,1.1236719,-0.24632813,0.71367186,2.0636718,3.2636719,3.753672,2.7636719,4.433672,5.1936717,5.4036717,5.9036717,4.583672,3.0836718,5.263672,6.263672,6.723672,4.263672,1.9936719,-0.016328124,11.843672,5.063672,5.353672,5.8836718,6.9236717,8.533672,8.353672,0.3736719,4.7136717,3.5436718,11.223672,6.263672,4.853672,2.0336719,-5.406328,1.3336719,0.9336719,2.1236718,-0.36632812,-0.07632813,-0.31632814
0.39367187,0.3136719,0.19367188,0.46367186,0.22367187,0.38367188,0.18367188,0.5536719,1.1336719,2.1236718,3.6336718,4.773672,3.6136718,5.053672,3.493672,3.463672,3.8736718,3.973672,4.973672,3.753672,3.163672,6.2136717,6.723672,5.203672,6.453672,5.063672,5.413672,6.453672,5.7136717,6.4436717,6.223672,6.073672,5.023672,4.1336718,-0.17632812,-0.8763281,0.38367188,0.123671874,0.06367187,-1.1463281,3.153672,-0.046328124,0.7636719
1.5336719,1.0436718,-0.42632812,-0.39632812,-0.8863281,-0.7963281,0.26367188,0.9836719,2.0836718,2.143672,2.1136718,2.003672,2.6236718,2.0236719,1.7236719,0.30367187,1.8636719,3.713672,2.443672,1.2836719,3.5836718,4.543672,4.973672,3.943672,3.0536718,4.093672,4.323672,7.993672,7.2336717,8.233672,8.253672,5.6936717,1.4836719,7.043672,1.4436718,8.503672,6.283672,-4.2863283,-3.356328,-0.18632813,3.2836719,2.2836719,5.583672
0.96367186,1.2536719,0.5036719,-0.70632815,-0.15632813,0.003671875,-0.6863281,-0.5463281,-1.4263282,-1.1863282,-2.026328,-1.5063281,0.47367188,-0.32632813,-0.6263281,-0.78632814,0.66367185,0.9536719,2.403672,2.3336718,3.1136718,2.3236718,5.163672,-2.846328,2.713672,5.863672,8.313672,5.743672,7.073672,6.683672,6.623672,2.5836718,-3.1963282,12.783672,7.9836717,2.0536718,1.3536719,-1.1963282,-1.6963282,2.1036718,2.223672,1.2436719,2.683672
1.9936719,1.5036719,0.96367186,-0.22632812,-1.0963281,-0.8563281,-1.4563282,-2.496328,-2.546328,-2.606328,-2.276328,-2.6963282,-2.346328,-2.6863282,-1.5163281,-1.6963282,-3.1263282,-2.4463282,-1.2763281,0.3736719,-2.8963282,-2.1163282,-2.336328,4.2136717,4.513672,3.893672,2.5836718,4.163672,5.273672,4.313672,4.433672,-0.39632812,5.413672,-1.0063281,-2.6863282,-4.4963284,-3.796328,-3.246328,-2.1563282,-0.9463281,3.0536718,1.5836719,1.6436719
1.9736719,0.9336719,1.5436718,-0.17632812,-0.89632815,-0.49632812,-1.8963281,-2.3963282,-2.356328,-3.1963282,-3.096328,-3.096328,-2.4763281,-1.7663281,-1.5363281,-1.4863281,-3.1163282,-3.336328,-4.0763283,-4.3663282,-2.9563282,1.0536718,5.013672,6.063672,2.3336718,1.9736719,-0.25632814,-2.016328,-7.876328,-9.726328,-10.066328,-9.796329,-8.526328,-7.276328,-6.836328,-5.606328,-4.136328,-1.5463281,0.78367186,2.183672,-0.07632813,0.9336719,2.3636718
2.0736718,0.7436719,1.2036719,0.06367187,-0.8763281,-0.84632814,-0.6263281,-2.566328,-2.756328,-3.096328,-3.096328,-3.306328,-4.726328,-4.976328,-4.206328,-3.4563282,-3.056328,-2.2063282,-2.4763281,-3.066328,-2.576328,-2.996328,-2.746328,-3.106328,-4.3263283,-4.026328,-4.976328,-6.7663283,-7.626328,-8.276328,-9.646328,-9.136328,-8.096328,-7.696328,-5.2863283,-6.6163282,-6.886328,-7.0563283,-6.386328,-5.046328,-2.806328,-0.41632813,-0.016328124
2.453672,1.6836718,0.6836719,1.2136719,0.39367187,-1.3463281,-0.6763281,-1.7163281,-2.346328,-3.536328,-4.1163282,-2.296328,-2.996328,-4.926328,-4.566328,-5.0363283,-4.276328,-4.006328,-3.526328,-3.316328,-4.0563283,-6.3063283,-7.146328,-5.066328,-2.846328,-3.606328,-6.416328,-7.416328,-9.596328,-9.196328,-8.846328,-8.296329,-8.306328,-7.486328,-6.236328,-4.976328,-4.316328,-4.396328,-3.576328,-2.9463282,-2.4463282,-0.5763281,-0.3763281
2.1336718,1.6236719,1.8136718,1.4436718,0.9936719,-0.8163281,-1.6163281,-2.9863281,-2.816328,-2.4763281,-1.8463281,-2.996328,-1.7463281,-4.236328,-5.296328,-6.106328,-6.386328,-4.946328,-5.066328,-3.766328,-4.956328,-6.4963284,-5.916328,-4.796328,-4.946328,-7.0363283,-7.736328,-8.166328,-7.816328,-7.476328,-6.916328,-6.716328,-6.636328,-6.716328,-5.776328,-5.586328,-3.856328,-4.946328,-3.516328,-3.1863282,-2.556328,-1.8263282,1.1336719
2.0636718,1.7936718,1.6736718,1.3736719,-1.5263281,-0.8163281,-1.0663282,-2.566328,-2.6563282,-2.556328,-2.4163282,-3.306328,-3.296328,-2.7363281,-3.1763282,-3.1963282,-5.006328,-4.836328,-3.576328,-3.4063282,-5.416328,-5.916328,-6.666328,-7.396328,-7.226328,-6.676328,-6.526328,-6.466328,-6.0363283,-5.956328,-5.356328,-5.7663283,-4.8663282,-4.276328,-4.856328,-4.896328,-4.3663282,-3.516328,-3.036328,-2.266328,-2.9463282,-2.3863282,-1.3163282
