wind_kz.json
{"header": {"discipline":0,"disciplineName":"Meteorological products","gribEdition":2,"gribLength":1025,"center":7,"centerName":"US National Weather Service - NCEP(WMC)","subcenter":0,"refTime":"2023-08-22T00:00:00.000Z","significanceOfRT":1,"significanceOfRTName":"Start of forecast","productStatus":0,"productStatusName":"Operational products","productType":1,"productTypeName":"Forecast products","productDefinitionTemplate":0,"productDefinitionTemplateName":"Analysis/forecast at horizontal level/layer at a point in time","parameterCategory":2,"parameterCategoryName":"UnknownDiscipline_0_Category_2","parameterNumber":3,"parameterNumberName":"UnknownParameter_D0_C2_3","parameterUnit":"Unknown","genProcessType":2,"genProcessTypeName":"Forecast","forecastTime":180,"surface1Type":103,"surface1TypeName":"Specified height level above ground","surface1Value":10.0,"surface2Type":255,"surface2TypeName":"Missing","surface2Value":0.0,"gridDefinitionTemplate":0,"gridDefinitionTemplateName":"Latitude_Longitude","numberPoints":615,"shape":6,"shapeName":"Earth spherical with radius of 6,371,229.0 m","gridUnits":"degrees","resolution":48,"winds":"true","scanMode":64,"nx":41,"ny":15,"basicAngle":0,"lo1":47.0,"la1":41.0,"lo2":87.0,"la2":55.0,"dx":1.0,"dy":1.0}, "data":
[rows 0 to 14 of 15, columns 0 to 40 of 41]
4.2262425,0.3862427,-6.2137575,-9.703757,-8.363757,-9.003757,-2.6437573,-1.0037574,0.37624267,0.40624267,0.036242675,-0.6737573,-0.65375733,-0.9237573,-1.9737573,-3.3637574,-2.5237572,-2.5737574,-3.5437574,-2.5137572,-2.6437573,-3.3237574,-3.1837573,1.0162426,2.9162426,0.056242675,0.9662427,1.1062427,-2.7837572,-1.9437573,-2.1037574,-2.6937573,-0.9137573,-7.0437574,-5.7437572,-6.9837575,0.6862427,-1.2837573,-7.323757,-11.273757,-0.58375734
-1.9537573,-0.58375734,-5.4537573,-6.903757,-5.8337574,-6.133757,-3.2437572,-0.46375734,0.7562427,0.67624265,-0.26375732,-0.18375732,0.6362427,-1.4737573,-2.1837573,-2.4837573,-1.8637574,-2.4537573,-2.5137572,-3.9037573,-4.2037573,-4.763757,-4.2237573,-2.5937574,2.7762427,2.5262427,1.9262427,0.33624268,-0.053757325,-1.9937574,-1.8837574,0.056242675,1.5562427,2.9862428,1.7162427,1.8262427,2.4562426,2.1162426,-3.4037573,-7.5637574,-1.6937573
-1.8037573,-3.0937574,-4.843757,-6.1837573,-2.5537574,-0.82375735,0.23624268,0.37624267,1.7462426,1.0662427,0.15624267,0.10624268,-0.5537573,0.29624268,-2.4437573,-2.8637574,-3.4737573,-3.0137572,-3.2637572,-3.3037574,-3.5237572,-3.4537573,-2.2337573,-0.25375733,-4.4237576,-3.0037572,-2.2537572,-3.7737572,-4.9837575,-1.7837573,1.6962427,-0.033757325,-2.2737572,2.4162426,0.3262427,-1.5237573,-1.3237573,-0.71375734,1.9562427,1.7462426,0.9362427
-1.7337574,-3.0937574,-5.573757,-9.833757,0.8762427,1.0562427,1.2762427,0.14624268,-0.123757325,0.60624266,1.5062426,0.9462427,-1.0537573,-2.8137574,-4.6737576,-2.2237573,-2.0837574,-3.0837574,-4.9937572,-4.2537575,-2.0637574,-3.3537574,-3.6037574,-2.1837573,-0.88375735,-0.9237573,-1.4937574,-1.6137574,1.6762427,0.90624267,4.5062428,1.6462426,1.0862427,0.9962427,0.48624268,1.0262427,0.056242675,1.0962427,-0.22375733,-0.77375734,-0.96375734
3.1162426,1.9162427,-0.11375733,-2.8037574,-4.9937572,-5.9437575,-4.303757,-3.8637574,-1.7537574,-0.32375732,-0.71375734,-0.033757325,3.7962427,1.3662426,-0.9437573,-0.47375733,-2.0937574,-1.7537574,-3.5037572,-4.5037575,-1.4637573,-1.8137573,-1.9637573,0.11624268,-1.5837573,0.54624265,-0.033757325,-3.6137574,1.8062427,1.7262427,-3.1137574,-5.0837574,-2.1037574,-0.23375732,0.4462427,2.3062427,2.6962426,3.4062426,1.6262426,2.4562426,0.26624268
-4.1237574,-4.2337575,8.456243,5.4162426,1.9862427,-1.2137573,-2.4037573,-1.7937573,-1.4937574,-1.7137573,-0.8037573,0.46624267,4.0262427,3.5562427,1.3162427,-1.0137573,-0.96375734,-1.2937573,-1.7337574,-2.6837573,-1.4437573,-0.90375733,-1.2037573,-0.22375733,0.78624266,0.6462427,0.98624265,-1.9037573,-3.8637574,2.7262428,-0.34375733,-0.13375732,-4.9337573,-2.5637574,-1.4737573,-1.7137573,-1.4437573,-0.3337573,-1.4437573,0.25624266,2.0562427
-3.7937574,-4.343757,-4.9337573,-5.093757,-2.3537574,-4.4137573,-3.4137573,-3.8137574,-0.8037573,-2.4837573,-0.16375732,-1.9837574,0.07624268,-0.22375733,1.4862427,1.7162427,2.8762426,0.23624268,0.3562427,-0.10375732,-0.123757325,-2.6837573,-3.1237574,0.42624268,1.7762427,1.7962427,1.9462427,2.7862427,3.5162427,1.6162426,2.0362427,3.0662427,2.7562428,1.6662427,0.45624268,-0.3937573,2.6762426,3.8962426,2.2262428,2.9062426,-1.6737573
-2.1937573,-3.1437573,-4.303757,-4.533757,-4.9437575,-5.2537575,-5.1637573,-3.2437572,-2.5237572,-2.6537573,-0.8537573,-1.1237574,0.06624267,-0.9237573,-0.6937573,-1.4837574,-2.2337573,-2.7837572,-2.1737573,3.2262428,1.9962426,0.16624267,0.90624267,1.6462426,-1.4737573,-1.7537574,1.2662426,2.4362426,3.2162428,4.2662425,4.096243,3.6362426,4.596243,3.9462426,3.6162426,-0.70375735,0.15624267,0.40624267,-2.5837574,0.26624268,0.7162427
-2.0237572,-2.6537573,-3.2337573,-3.7737572,-4.2237573,-4.1737576,-4.6437573,-4.593757,-3.8937573,-3.6037574,-2.9137573,-2.8737574,-2.8237574,-2.9537573,-2.5237572,-3.9637573,-3.1937573,-2.4037573,-1.0037574,-1.3837574,3.1062427,0.6862427,1.0162426,4.0562425,3.5962427,2.2062426,-0.14375733,2.5662427,-2.6437573,0.016242675,3.8562427,3.7962427,3.1862426,3.4662428,3.0862427,2.8862426,1.2562426,0.31624267,-0.6137573,1.7162427,1.6662427
-2.6637573,-2.4837573,-3.0637574,-3.3837574,-3.3837574,-4.5037575,-4.5437574,-4.1837573,-4.1437573,-4.073757,-3.5237572,-3.5337572,-2.9637573,-3.0437574,-2.7337573,-2.5337572,-2.3137574,-1.3537574,-1.1037574,-1.9337573,0.45624268,-2.6437573,2.9762428,2.8762426,5.216243,4.5362425,1.6862427,1.4562427,1.3862426,-1.3637574,-1.4937574,0.29624268,2.0362427,1.6962427,2.3862426,3.4462426,2.1562426,0.7162427,0.73624265,0.7462427,1.0862427
-2.2537572,-2.6437573,-2.5337572,-3.2937574,-3.7737572,-4.2337575,-4.613757,-4.0037575,-3.3337574,-3.2737572,-2.9137573,-2.3037574,-1.5237573,-1.9237573,-2.1037574,-2.1737573,-1.8837574,-1.4137573,-1.5237573,-1.1637573,-1.2237573,0.84624267,5.7662425,3.0062428,2.6662426,6.7962427,5.096243,4.6062427,5.156243,2.0862427,3.7162428,-1.2237573,-2.5637574,2.2762427,0.5162427,3.4562426,4.2762427,2.5462427,4.2262425,1.2162427,0.9962427
-0.6237573,-1.1837573,-3.5537574,-3.6537573,-4.2737575,-4.053757,-3.6537573,-3.4237573,-3.0137572,-2.5737574,-2.6737573,-2.2537572,-2.5637574,-1.7137573,-2.5737574,-2.0937574,-1.5537573,-1.2137573,-0.7837573,-0.46375734,-0.043757323,0.8162427,0.86624265,1.5962427,2.7862427,2.5762427,2.4062426,2.9262426,3.7362428,3.1662426,1.0362427,4.6462426,3.1862426,1.5762427,2.3862426,1.2162427,1.9162427,4.7062426,-0.123757325,-0.06375732,-0.48375732
-2.3137574,-3.1437573,-3.9737573,-4.7437572,-4.4637575,-2.1637573,-2.8037574,-2.9437573,-3.2937574,-2.7037573,-1.6237574,-2.0537574,-3.1337574,-3.8337574,-1.2337574,-2.5937574,0.29624268,-2.1137574,1.0562427,0.31624267,-1.6437573,1.0162426,0.8762427,2.1462426,1.9362427,2.2462428,3.0362427,3.0862427,5.2662425,3.7162428,5.7862425,4.406243,3.6662426,0.47624266,4.2562428,2.3062427,1.8862426,1.2662426,3.8162427,3.2662427,2.5162427
-3.6437573,-3.7637572,-4.513757,-3.6437573,-3.6737573,-4.263757,-4.073757,-3.4837573,-3.7937574,-4.2437572,-1.8237573,-1.8637574,-2.8537574,-2.5037572,-3.2437572,-2.3037574,-2.8637574,-0.37375733,0.9562427,2.0062428,1.7362427,0.39624268,-0.51375735,-0.07375732,0.8962427,2.2762427,0.28624266,4.596243,3.3262427,4.236243,4.2062426,5.926243,2.7062426,4.636243,3.5362427,2.8662426,3.3762426,3.3562427,2.8662426,3.3762426,4.7562428
-1.5437573,-4.0037575,-4.513757,-4.1737576,-4.0037575,-3.1037574,-4.0037575,-3.7437572,-4.1437573,-5.053757,-3.5737574,-2.0537574,-0.48375732,-1.5937573,-2.3537574,-1.1437573,0.4462427,1.2762427,1.5662427,1.5562427,3.8462427,4.7562428,3.8762426,2.7462428,2.3162427,1.9562427,2.6762426,2.4262426,5.386243,2.7962427,5.5262427,8.276242,5.4562426,4.176243,5.716243,4.426243,4.9162426,5.466243,3.6462426,4.1462426,2.7662427
