wind.json
{"header": {"discipline":0,"disciplineName":"Meteorological products","gribEdition":2,"gribLength":1125,"center":7,"centerName":"US National Weather Service - NCEP(WMC)","subcenter":0,"refTime":"2023-05-29T18:00:00.000Z","significanceOfRT":1,"significanceOfRTName":"Start of forecast","productStatus":0,"productStatusName":"Operational products","productType":1,"productTypeName":"Forecast products","productDefinitionTemplate":0,"productDefinitionTemplateName":"Analysis/forecast at horizontal level/layer at a point in time","parameterCategory":2,"parameterCategoryName":"UnknownDiscipline_0_Category_2","parameterNumber":3,"parameterNumberName":"UnknownParameter_D0_C2_3","parameterUnit":"Unknown","genProcessType":2,"genProcessTypeName":"Forecast","forecastTime":240,"surface1Type":103,"surface1TypeName":"Specified height level above ground","surface1Value":10.0,"surface2Type":255,"surface2TypeName":"Missing","surface2Value":0.0,"gridDefinitionTemplate":0,"gridDefinitionTemplateName":"Latitude_Longitude","numberPoints":688,"shape":6,"shapeName":"Earth spherical with radius of 6,371,229.0 m","gridUnits":"degrees","resolution":48,"winds":"true","scanMode":64,"nx":43,"ny":16,"basicAngle":0,"lo1":45.0,"la1":40.0,"lo2":87.0,"la2":55.0,"dx":1.0,"dy":1.0}, "data":
[rows 0 to 15 of 16, columns 0 to 42 of 43]
-2.3216088,-1.7816089,0.9183911,4.028391,1.8683912,1.9383911,0.2983911,-2.341609,-3.911609,-1.0416089,-1.2516088,0.5283911,3.098391,1.2083911,-1.2016089,-1.7616088,-3.851609,-4.991609,-6.481609,-8.091609,-5.991609,-0.6616089,0.028391114,3.318391,6.458391,3.568391,3.2683911,2.4283912,1.2383912,-1.6616089,-3.141609,-3.201609,-3.8116088,-3.0016088,-0.4516089,-3.5516088,-3.671609,1.3283911,3.7083912,3.2283912,0.39839113,0.10839111,-2.7816088
0.5583911,0.8483911,2.0083911,-2.211609,0.51839113,5.3383913,2.0183911,-2.631609,-3.5216088,-4.501609,-1.8416089,-3.601609,-3.2816088,-4.881609,-3.961609,-5.6416087,-6.3916087,-6.4116087,-7.941609,-9.251609,-8.301609,0.27839112,-7.741609,-1.8316089,1.3883911,-1.8416089,-1.4616089,-2.711609,-1.5416089,0.94839114,0.6783911,-0.9416089,-2.7416089,-5.4116087,1.3883911,-4.091609,-4.131609,-4.301609,-4.211609,-2.4716089,0.6583911,-1.2716088,-1.6716089
0.11839111,-3.441609,4.718391,-1.2216089,-2.3116088,0.57839113,-1.6316088,-2.4716089,-3.0816088,1.4583911,0.11839111,-1.4216089,-3.591609,-3.211609,-3.0616088,-4.511609,-6.841609,-6.471609,-7.2016087,-9.001609,-9.771609,-11.681609,-10.001609,-10.621609,1.8683912,2.378391,0.098391116,-0.4916089,-2.431609,0.3583911,0.7983911,0.5983911,1.7683911,0.9683911,-2.121609,-2.901609,-7.1016088,-5.901609,-3.7916088,-6.6016088,-4.921609,-2.8216088,2.638391
1.0383911,1.1983911,-0.3616089,1.6183912,-1.401609,-3.7616088,-4.001609,-4.2016087,1.8683912,-2.0716088,0.5883911,0.018391114,-0.6616089,-0.47160888,-0.20160888,-2.121609,-3.451609,-4.791609,-4.6616087,-6.471609,-6.191609,-11.641609,-12.511609,-6.471609,-0.051608887,0.37839112,2.358391,3.9583912,2.898391,1.4283911,-0.19160889,2.9883912,2.1783912,1.5383911,3.288391,-1.0716089,-0.5316089,3.618391,3.298391,0.8983911,0.40839112,-2.4916089,-2.2316089
2.128391,2.558391,0.9983911,-0.021608887,-2.0416088,-4.521609,-5.1816087,-2.591609,-2.401609,-2.0016088,-2.711609,-2.701609,-3.461609,0.95839113,3.2083912,1.8383911,-1.1216089,-2.181609,-3.5516088,-1.6216089,-3.141609,-5.571609,-11.811609,-7.4516087,-2.891609,-2.5316088,-0.4216089,-1.2516088,3.318391,0.6783911,4.1283913,3.4483912,0.3283911,-3.141609,-2.381609,2.638391,-0.6416089,-1.3616089,-0.7516089,1.6283911,5.5683913,3.9483912,-0.17160888
2.548391,3.538391,2.6783912,1.3983911,-1.5816089,-3.401609,-4.421609,-4.781609,-6.3716087,-3.131609,-3.8016088,-4.291609,-3.8116088,-2.921609,3.7683911,1.9183911,-0.071608886,-0.15160888,-1.2916089,-3.841609,-2.3216088,-1.6816089,-4.091609,-3.5816088,-6.9116087,-8.791609,-5.031609,-1.8716089,4.598391,4.958391,2.2783911,2.5083911,2.648391,2.2083912,1.4483911,1.4883912,-1.5416089,-2.3016088,-0.7716089,1.9683911,0.63839114,-3.411609,0.8083911
-6.171609,-2.5316088,3.2583911,2.068391,1.8883911,-1.5016088,-3.351609,-4.551609,-3.8016088,-5.311609,-2.641609,-2.3116088,-1.9816089,-2.2716088,-1.7416089,2.828391,1.3983911,0.6283911,-0.4216089,-1.7316089,-0.55160886,0.15839112,-3.941609,-1.9116089,-1.6016089,-6.541609,-9.401608,-0.55160886,1.4983912,3.298391,2.068391,1.0483911,3.068391,2.4483912,0.7283911,2.6783912,2.598391,-1.4316089,2.398391,0.2683911,-2.5116088,-0.1416089,-3.191609
-5.731609,-7.2016087,-7.031609,5.958391,4.778391,2.388391,-2.5316088,-2.5216088,0.2583911,-2.5616088,-4.591609,-5.581609,-4.691609,-3.8216088,-4.901609,-5.4116087,-3.641609,-3.0716088,0.8183911,0.038391113,-2.4716089,-2.381609,-3.671609,-3.871609,-3.9916089,-2.881609,-4.211609,-8.541609,1.2583911,-1.3516089,-2.8116088,-4.751609,2.298391,0.7383911,0.008391113,-1.9516089,-4.341609,-2.661609,-4.761609,-2.621609,-2.621609,-2.441609,-2.4716089
-5.231609,-5.2016087,-7.9116087,-6.361609,-7.461609,1.0483911,2.288391,-3.0816088,-4.071609,-1.9116089,-2.8116088,-3.881609,-3.891609,-4.361609,-4.761609,-6.501609,-5.981609,-6.9316087,-6.501609,-2.631609,-3.2916088,-3.351609,-3.951609,-4.3516088,-2.461609,-0.5216089,-2.921609,-5.031609,-2.8116088,2.868391,1.6283911,-2.7716088,-2.661609,1.6683911,-0.5916089,-2.2416089,0.6083911,-0.13160889,0.49839112,1.0483911,0.12839112,-0.3316089,-0.28160888
-3.921609,-4.9516087,-4.991609,-5.401609,-6.821609,-5.491609,-2.701609,-0.0116088865,-2.641609,-3.671609,-4.4316087,-3.2716088,-4.061609,-3.8216088,-3.2216089,-4.511609,-4.9516087,-5.271609,-5.521609,-4.1216087,-4.611609,-2.451609,-2.351609,-1.5616089,0.49839112,1.8183911,-1.2816089,-2.5716088,-0.5716089,4.1483912,1.8683912,1.2183911,1.7183911,2.048391,2.078391,-1.2516088,0.3283911,0.3283911,-2.0716088,-1.6616089,-0.7816089,-0.6816089,-0.7816089
-5.4116087,-2.5116088,-3.2416089,-3.591609,-4.241609,-4.421609,-4.751609,-1.1216089,-0.031608887,-1.7216089,-3.211609,-3.421609,-3.351609,-3.2816088,-2.941609,-3.7916088,-4.001609,-3.151609,-0.54160887,-2.3116088,-0.73160887,-2.8116088,0.3583911,2.2183912,5.218391,4.408391,5.3583913,2.378391,-1.9816089,-0.40160888,2.5083911,1.6883911,2.038391,2.138391,-1.0016088,1.8683912,-0.22160889,0.2883911,0.5583911,-1.1316088,-1.0416089,0.6083911,2.048391
-2.2316089,-4.8516088,-4.191609,-1.8816088,-2.591609,-3.341609,-3.0316088,-3.5416088,-1.151609,-1.0416089,-2.0516088,-2.901609,-2.4716089,-1.1916089,-3.371609,-2.2416089,-2.3216088,-0.73160887,-1.4416089,1.6283911,2.838391,4.418391,1.098391,4.928391,4.1083913,-4.441609,-3.641609,-2.4716089,1.8083911,2.0283911,2.4683912,2.858391,1.6783911,0.6883911,0.6083911,-0.4916089,-1.8316089,-1.7916089,0.2483911,1.4483911,0.95839113,0.50839114,-0.081608884
-0.8516089,-0.31160888,-2.381609,-2.961609,-0.031608887,-1.3016089,-1.8316089,-1.901609,-1.5816089,-1.1116089,-1.0116088,-1.9816089,-0.8916089,-1.7416089,-3.5516088,-4.081609,-4.011609,-5.341609,-7.901609,2.908391,5.078391,3.648391,2.388391,2.9583912,2.7083912,-0.6316089,1.4883912,-1.6316088,-2.371609,-4.031609,2.808391,2.5283911,1.598391,1.4483911,0.8183911,0.4783911,-0.5816089,-1.9816089,-1.3416089,0.33839113,1.0683911,0.8483911,0.5383911
0.9983911,0.39839113,0.4883911,-0.9616089,-1.8416089,1.2883911,1.2983911,0.018391114,-0.6516089,0.12839112,-1.6716089,-1.4416089,-0.7216089,-1.2816089,-3.3216088,-4.191609,-4.631609,-6.6416087,-7.711609,-8.101609,4.808391,4.848391,4.988391,1.3983911,4.768391,1.4983912,4.0483913,6.198391,7.288391,0.9783911,3.558391,2.128391,3.1983912,2.118391,0.3183911,-0.8116089,0.038391113,-0.86160886,-1.8116089,-1.8116089,-2.891609,-2.2416089,-0.79160887
1.0683911,1.2683911,2.4383912,1.3283911,0.4883911,-1.1416088,0.8583911,1.348391,-0.24160889,-1.2116089,0.6783911,-0.8116089,-0.6516089,-0.61160886,-3.181609,-2.4816089,-4.7016087,-5.741609,-4.991609,-4.7016087,-1.651609,-2.151609,-2.181609,6.008391,6.5683913,4.808391,3.6983912,4.038391,2.378391,-0.38160887,3.148391,3.098391,3.0283911,2.548391,2.5283911,1.6383911,0.028391114,-0.54160887,-1.2716088,-2.151609,-2.7516088,-2.671609,-2.0216088
1.6283911,1.3783911,1.8083911,3.058391,1.5883911,0.028391114,0.82839113,0.9383911,1.6083912,-0.31160888,-1.5616089,-0.47160888,-0.21160889,0.82839113,1.1083912,-1.5016088,-3.0016088,-4.221609,-6.591609,-5.4516087,-3.191609,-3.7816088,5.218391,-1.401609,0.16839111,0.37839112,2.788391,1.9083911,1.8983911,4.688391,3.338391,3.4483912,4.508391,5.008391,3.648391,3.1683912,2.7283912,1.7983911,0.10839111,0.2483911,-1.3616089,-3.701609,-2.2916088
