wind_kz.json
{"header": {"discipline":0,"disciplineName":"Meteorological products","gribEdition":2,"gribLength":871,"center":7,"centerName":"US National Weather Service - NCEP(WMC)","subcenter":0,"refTime":"2024-04-09T06:00:00.000Z","significanceOfRT":1,"significanceOfRTName":"Start of forecast","productStatus":0,"productStatusName":"Operational products","productType":1,"productTypeName":"Forecast products","productDefinitionTemplate":0,"productDefinitionTemplateName":"Analysis/forecast at horizontal level/layer at a point in time","parameterCategory":0,"parameterCategoryName":"UnknownDiscipline_0_Category_0","parameterNumber":0,"parameterNumberName":"UnknownParameter_D0_C0_0","parameterUnit":"Unknown","genProcessType":2,"genProcessTypeName":"Forecast","forecastTime":60,"surface1Type":1,"surface1TypeName":"Ground or water surface","surface1Value":0.0,"surface2Type":255,"surface2TypeName":"Missing","surface2Value":0.0,"gridDefinitionTemplate":0,"gridDefinitionTemplateName":"Latitude_Longitude","numberPoints":615,"shape":6,"shapeName":"Earth spherical with radius of 6,371,229.0 m","gridUnits":"degrees","resolution":48,"winds":"true","scanMode":64,"nx":41,"ny":15,"basicAngle":0,"lo1":47.0,"la1":41.0,"lo2":87.0,"la2":55.0,"dx":1.0,"dy":1.0}, "data":
[rows 0 to 14 of 15, columns 0 to 40 of 41]
286.85678,277.6568,281.9568,281.75677,282.6568,283.75677,289.1568,292.75677,291.6568,292.6568,292.5568,293.9568,293.0568,292.9568,292.5568,292.1568,292.75677,291.0568,292.35678,288.85678,290.5568,288.0568,288.35678,283.9568,290.0568,291.75677,286.1568,269.1568,272.6568,270.0568,263.35678,264.1568,280.35678,285.85678,286.9568,287.85678,287.5568,287.0568,287.75677,288.75677,289.0568
265.25677,283.1568,281.9568,282.0568,282.4568,282.9568,292.1568,290.5568,289.6568,290.1568,291.5568,290.4568,290.4568,290.6568,291.5568,291.4568,291.85678,291.85678,290.6568,290.75677,290.75677,287.6568,283.85678,277.5568,260.35678,267.6568,281.1568,271.75677,276.35678,263.1568,272.25677,252.5568,271.4568,244.85678,258.25677,283.6568,282.1568,284.5568,287.25677,280.9568,279.35678
284.5568,281.85678,282.0568,282.35678,282.35678,291.0568,290.75677,289.75677,289.85678,288.85678,287.0568,287.0568,287.6568,288.6568,289.6568,291.0568,290.9568,290.5568,290.75677,291.0568,291.25677,289.9568,287.4568,281.35678,284.6568,283.0568,284.1568,283.9568,282.35678,276.0568,266.5568,269.9568,276.4568,277.85678,277.75677,277.0568,267.35678,273.85678,272.5568,268.35678,263.25677
283.6568,282.4568,281.9568,282.1568,284.4568,289.75677,292.0568,290.0568,289.75677,287.85678,287.6568,286.6568,285.35678,285.9568,286.9568,288.5568,288.0568,290.35678,290.6568,290.5568,288.6568,282.85678,287.0568,287.0568,288.85678,288.1568,286.85678,281.5568,283.0568,283.85678,283.9568,283.4568,287.85678,287.5568,284.4568,280.4568,268.6568,260.75677,273.75677,280.35678,283.75677
286.9568,283.25677,282.4568,282.75677,284.0568,289.5568,290.4568,289.6568,288.25677,288.1568,285.6568,283.9568,284.4568,284.25677,282.6568,284.85678,285.25677,285.4568,285.35678,285.75677,286.85678,287.4568,286.85678,286.85678,287.1568,285.9568,282.35678,281.1568,286.85678,287.1568,287.0568,283.0568,270.1568,258.5568,276.75677,283.85678,282.6568,286.25677,286.1568,287.85678,286.75677
292.85678,291.9568,283.1568,281.9568,280.5568,280.9568,289.1568,289.35678,286.6568,285.5568,285.1568,284.4568,283.4568,283.4568,278.1568,282.85678,282.9568,282.4568,282.35678,283.25677,281.85678,282.0568,283.35678,283.1568,283.1568,282.5568,282.5568,271.85678,283.35678,285.0568,284.6568,284.5568,283.4568,281.4568,279.1568,279.75677,275.5568,278.0568,284.85678,285.9568,282.5568
290.75677,290.5568,291.4568,290.25677,285.9568,288.35678,288.85678,288.0568,286.75677,285.25677,282.6568,282.25677,281.75677,280.9568,280.85678,281.85678,280.9568,281.0568,279.1568,277.9568,277.75677,278.1568,277.85678,277.5568,276.85678,277.4568,278.1568,280.4568,281.75677,281.25677,280.35678,280.75677,281.1568,281.0568,280.35678,279.0568,274.9568,273.4568,272.75677,271.85678,279.25677
289.85678,288.1568,289.6568,289.85678,288.9568,288.1568,286.75677,284.6568,283.4568,283.75677,281.35678,280.25677,279.85678,279.1568,279.25677,279.85678,279.75677,279.1568,278.35678,276.5568,275.9568,275.9568,275.9568,275.35678,274.4568,272.9568,274.1568,275.1568,275.25677,277.75677,277.25677,277.85678,276.85678,275.25677,276.1568,277.4568,279.9568,273.0568,280.85678,280.85678,277.85678
288.1568,286.4568,286.9568,285.6568,285.9568,285.1568,284.1568,283.5568,283.0568,281.5568,281.35678,279.1568,277.6568,278.1568,277.85678,278.35678,277.9568,277.75677,277.6568,277.0568,275.4568,274.85678,274.75677,274.1568,272.85678,272.85678,272.0568,272.0568,273.4568,272.35678,272.1568,273.9568,275.0568,275.1568,276.0568,274.4568,274.9568,275.4568,267.5568,267.75677,266.35678
287.75677,287.0568,285.4568,283.9568,283.4568,281.75677,282.35678,281.75677,282.1568,281.25677,279.85678,278.4568,278.1568,277.4568,277.4568,277.6568,277.75677,277.5568,277.1568,276.4568,275.0568,274.25677,274.5568,274.25677,274.0568,273.4568,273.9568,273.1568,271.9568,271.9568,271.9568,273.9568,274.4568,274.75677,274.75677,275.75677,274.25677,270.9568,265.6568,267.9568,265.0568
286.35678,286.9568,285.5568,284.25677,283.25677,282.0568,281.35678,282.0568,281.25677,280.75677,279.4568,279.6568,279.85678,277.75677,277.4568,277.5568,277.35678,276.9568,276.35678,274.6568,274.9568,273.5568,273.1568,273.0568,272.1568,271.9568,271.1568,272.1568,272.85678,272.85678,271.5568,272.0568,272.35678,273.9568,274.5568,273.9568,271.5568,270.25677,272.0568,271.0568,265.25677
287.5568,286.85678,285.75677,284.25677,282.5568,280.9568,279.25677,279.0568,280.1568,280.4568,278.85678,278.0568,278.4568,277.4568,277.0568,277.75677,276.85678,275.9568,275.25677,274.9568,272.9568,272.4568,272.4568,272.4568,272.35678,272.35678,272.1568,272.75677,272.75677,271.75677,271.6568,271.75677,271.25677,270.5568,270.4568,272.9568,273.75677,274.5568,274.1568,274.5568,273.75677
285.4568,285.6568,285.85678,284.1568,283.0568,281.25677,280.25677,279.5568,279.1568,279.1568,276.5568,276.75677,278.35678,277.35678,277.35678,276.75677,276.4568,275.35678,275.4568,275.75677,274.4568,272.1568,273.25677,271.85678,271.4568,271.9568,274.9568,274.35678,271.75677,271.4568,271.25677,271.1568,271.0568,270.85678,270.85678,270.5568,271.6568,272.5568,273.75677,274.6568,273.85678
285.9568,286.0568,278.85678,285.1568,283.75677,282.1568,280.75677,279.5568,279.5568,278.4568,275.85678,274.0568,276.85678,277.25677,277.6568,276.9568,276.0568,275.1568,275.25677,272.9568,272.5568,272.35678,272.35678,272.25677,272.1568,272.4568,273.4568,272.4568,272.6568,271.6568,270.35678,270.6568,270.4568,269.35678,269.1568,269.25677,270.35678,270.6568,270.6568,269.9568,272.25677
284.85678,286.4568,273.25677,284.85678,284.25677,282.9568,281.9568,280.75677,280.1568,278.6568,276.85678,276.0568,274.6568,275.1568,276.25677,276.6568,275.6568,273.1568,274.25677,272.4568,272.4568,272.25677,272.25677,271.75677,271.9568,270.85678,270.25677,270.5568,270.4568,270.5568,270.75677,268.9568,269.6568,269.75677,269.25677,269.9568,269.5568,270.25677,270.9568,271.1568,270.4568
