wind.json
{"header": {"discipline":0,"disciplineName":"Meteorological products","gribEdition":2,"gribLength":1125,"center":7,"centerName":"US National Weather Service - NCEP(WMC)","subcenter":0,"refTime":"2023-06-30T06:00:00.000Z","significanceOfRT":1,"significanceOfRTName":"Start of forecast","productStatus":0,"productStatusName":"Operational products","productType":1,"productTypeName":"Forecast products","productDefinitionTemplate":0,"productDefinitionTemplateName":"Analysis/forecast at horizontal level/layer at a point in time","parameterCategory":2,"parameterCategoryName":"UnknownDiscipline_0_Category_2","parameterNumber":2,"parameterNumberName":"UnknownParameter_D0_C2_2","parameterUnit":"Unknown","genProcessType":2,"genProcessTypeName":"Forecast","forecastTime":180,"surface1Type":103,"surface1TypeName":"Specified height level above ground","surface1Value":10.0,"surface2Type":255,"surface2TypeName":"Missing","surface2Value":0.0,"gridDefinitionTemplate":0,"gridDefinitionTemplateName":"Latitude_Longitude","numberPoints":688,"shape":6,"shapeName":"Earth spherical with radius of 6,371,229.0 m","gridUnits":"degrees","resolution":48,"winds":"true","scanMode":64,"nx":43,"ny":16,"basicAngle":0,"lo1":45.0,"la1":40.0,"lo2":87.0,"la2":55.0,"dx":1.0,"dy":1.0}, "data":
[rows 0 to 15 of 16, columns 0 to 42 of 43]
-5.447739,-0.39773926,1.8222607,-4.0777392,-2.2377393,0.042260744,-1.3577392,-0.9777393,-0.34773925,-5.507739,-4.657739,-3.7077394,-5.117739,-4.867739,-2.8177392,-0.87773925,-2.6277392,-1.1477393,0.9722607,1.5222608,-3.4777393,-2.5977392,-1.8477392,1.5222608,-0.8477393,-1.4877392,0.93226075,0.17226075,-0.50773925,0.19226074,0.73226076,2.1322608,-0.19773926,0.9622607,1.9922607,1.9822607,2.4222608,0.74226075,-0.63773924,-0.87773925,-3.7477393,-4.6477394,-6.4177394
1.4222608,0.26226074,-5.097739,-1.1877393,2.2722607,-3.9477394,-3.6077392,-1.6577393,-1.3677392,-5.5677395,-8.837739,-7.137739,-3.3677392,-2.7477393,-1.8977393,-1.1377393,-1.6877393,3.0922608,-0.22773926,-0.6577393,-3.3177392,-3.3777392,-3.2277393,0.5922607,-2.9977393,0.41226074,-1.9377393,-1.5877392,-2.4777393,1.1322608,-0.007739258,1.0422608,1.5122608,0.94226074,-0.017739259,0.27226076,2.7922606,0.7122607,-0.69773924,3.6122608,-0.68773925,-3.3877392,-4.0877395
-0.7877393,-2.2677393,2.2322607,1.7822608,-3.8277392,-3.8177392,-3.8977392,-0.28773925,-3.5077393,-4.427739,-7.797739,-4.927739,-2.1977394,-1.7477393,-1.3677392,-0.85773927,1.9522607,1.9722607,0.032260742,-0.82773924,-2.0077393,-4.8377395,-2.8277392,1.4822607,-0.6577393,-2.3477392,0.70226073,-0.23773926,-1.3777393,3.0922608,-2.2677393,-1.5377393,0.47226074,-0.14773926,0.032260742,-1.9677392,0.5922607,-0.93773925,2.0922608,3.1922607,1.6022607,1.2222607,-5.757739
1.1022607,1.3022608,0.32226074,-3.7877393,-3.7677393,-3.6077392,-1.3477392,0.13226074,-1.1477393,-1.1977392,-5.387739,-5.5677395,-2.1577392,-1.7677393,0.12226074,1.4522607,1.4822607,1.4722607,-1.5777392,-1.4477392,-3.2477393,-5.4777393,-5.847739,-7.1277394,-2.8377392,-2.5177393,1.2222607,0.022260742,-4.547739,-2.1777391,-1.9577392,-0.40773925,-0.98773926,2.1122608,-0.5977393,-0.107739255,-0.88773924,0.38226074,-0.73773926,1.0622607,3.6422608,2.1322608,1.4922607
-4.657739,-6.717739,-5.9577394,-6.777739,-5.8277392,-1.7577393,0.7222607,4.1022606,-4.9777393,-6.677739,-5.5877395,-5.297739,-1.8077393,-1.9877392,0.98226076,2.2322607,1.4022608,0.40226075,-3.5877392,-3.6477392,-2.5777392,-1.7677393,-1.2877393,-1.3777393,-0.69773924,-0.57773924,0.25226074,-1.7277392,-3.2777393,-0.76773924,0.73226076,4.3322606,1.3722607,-0.99773926,-2.0477393,-1.9277393,-3.6877394,-2.4677393,-0.46773925,0.49226075,-0.7177393,2.3222609,4.842261
-5.097739,-6.3377395,-6.847739,-6.847739,-6.447739,-5.6477394,-4.677739,-4.987739,-6.7077394,-5.637739,-5.0877395,-3.6677392,-2.9677393,0.43226075,1.2522607,0.28226075,-1.9677392,-3.5777392,-4.5177393,-2.9077392,-3.4077392,-5.007739,-3.7477393,-4.9777393,-1.1077392,0.40226075,-1.7877393,-4.927739,-4.7677393,2.7122607,5.202261,3.5422606,-3.5277393,-2.6377392,-3.6377392,0.8322607,2.9822607,2.5822608,4.3722606,8.252261,8.692261,5.972261,8.502261
-3.4577394,-5.1877394,-3.7377393,-3.5577393,-4.657739,-3.8277392,-3.2277393,-4.467739,-5.8777394,-2.4377394,-2.6277392,-3.3577392,-2.1177392,1.8322607,1.6822608,-2.5177393,-3.9777393,-3.8577392,-3.3077393,-2.7677393,-5.197739,-2.7077394,-5.3077393,-3.7577393,-4.0377393,-4.3277392,-3.7877393,-3.0477393,-1.7877393,-2.8077393,-3.0677392,-1.7577393,-0.46773925,-0.88773924,-1.4777392,-2.0577393,1.7322607,-1.1777393,1.7122607,3.3022606,7.722261,-4.4177394,-4.9777393
-2.7677393,-1.8077393,-2.0277393,-0.50773925,-2.5477393,-2.7477393,-1.6477393,-0.34773925,-3.1577392,-4.0377393,-4.2877393,-3.8577392,-4.7077394,-5.4577394,-3.7277393,-4.407739,-3.3377392,-2.0977392,-3.2377393,-2.5177393,-6.5677395,-5.8377395,-5.2477393,-6.677739,-7.047739,-6.6077394,-5.9777393,-5.6077394,-4.5577393,-4.9977393,-6.1277394,-5.757739,-5.717739,-4.2677393,-1.7377392,-2.3777392,-1.8177392,-2.7577393,-1.0177393,2.1522608,0.63226074,-0.047739256,4.842261
-4.697739,-3.8077393,-4.1877394,-4.677739,-4.157739,-5.1677394,-5.697739,-4.7277393,-4.3977394,-3.8077393,-3.8177392,-3.9777393,-5.117739,-5.597739,-1.9277393,-3.8777392,-4.8177395,-5.427739,-6.487739,-6.2877393,-2.1477392,-4.5377393,-5.4777393,-4.4177394,-4.7877393,-5.447739,-3.7077394,-2.6477392,-3.1477392,-1.3977393,-1.3577392,-2.2377393,-2.0377393,-0.067739256,-2.7577393,-0.30773926,0.46226075,1.4022608,2.1422608,4.2322607,2.3522608,2.8022606,-1.2277392
-4.3377395,-3.4477394,-3.9277391,-3.3677392,-3.6177392,-3.1677392,-5.1077394,-3.7477393,-2.9177392,-3.8177392,-4.6877394,-3.6177392,-3.8577392,-2.9277391,-3.4277391,-2.4877393,-1.4077393,-3.4077392,-3.5577393,-5.177739,-4.757739,-3.4577394,-3.4177392,-3.4777393,-2.0977392,-1.9577392,-2.0177393,-1.5977392,-1.1877393,-2.2277393,-0.057739258,1.5022607,1.4622607,0.7822607,1.8122607,1.5822607,0.7722607,3.2022607,1.2922608,0.0022607422,0.18226074,1.3222607,-0.27773926
-3.7877393,-2.3977392,-3.4277391,-3.3677392,-3.6977394,-2.0577393,-3.5177393,-3.7177393,-3.8877392,-4.277739,-3.9677393,-3.1377392,-2.4377394,-3.6277392,-3.7977393,-3.1577392,-2.3377392,-4.3577394,-4.447739,-3.3877392,-3.7377393,-2.8077393,-2.0377393,-1.1077392,-0.43773925,0.22226074,0.56226075,0.55226076,0.40226075,-1.0577393,-2.4277391,2.7422607,2.9622607,2.7722607,4.5622606,5.5622606,2.7322607,1.5022607,0.13226074,1.3522607,-0.94773924,0.76226074,0.27226076
-4.2877393,-2.0277393,-4.4377394,-4.3177395,-2.6177392,-1.6077392,-1.1177392,-1.2777393,-2.3777392,-2.8977392,-1.4977393,-0.39773926,1.2422607,-1.9077393,-3.2577393,-3.0977392,-2.3477392,-1.7677393,-2.0877392,-1.5477393,-2.2177393,-2.1877394,-1.2777393,-0.62773925,0.12226074,0.15226074,1.1922607,0.09226074,2.0422606,3.4822607,2.9522607,5.612261,6.5022607,4.882261,2.3222609,1.2922608,3.2422607,0.76226074,-0.98773926,0.8422607,-0.25773925,1.5522608,-1.0877392
-2.7077394,-2.0877392,-2.9877393,-3.2977393,-3.3977392,-1.9177393,-1.8877393,-3.2977393,-4.1277394,-3.7477393,-3.0577393,-2.6877394,-1.8777393,0.54226077,-1.7077392,-2.4477394,-1.1777393,-1.7777393,-1.0277393,-1.7777393,-2.5477393,-2.0777392,-1.3577392,0.47226074,0.36226073,0.072260745,1.0522608,2.1722608,3.1522608,3.5722609,3.2722607,3.2722607,2.2122607,2.5822608,2.0922608,2.2422607,2.8322608,2.2422607,1.4022608,0.69226074,0.60226077,-0.057739258,-0.21773925
-1.1377393,-0.40773925,-0.82773924,-0.33773926,-1.1777393,-1.7877393,-1.9277393,-1.8677392,-2.5577393,-2.8577392,-2.3377392,-1.8877393,0.25226074,0.9122608,-1.0077393,-0.79773927,-0.47773924,-1.3977393,-1.1377393,-1.0677392,-0.8377392,-0.36773926,-0.027739258,0.15226074,1.3722607,1.5122608,2.4522607,1.4222608,-2.1477392,-0.46773925,1.8922608,2.4322608,2.3922608,3.0022607,1.7022607,2.7322607,1.9022608,2.9822607,1.4822607,1.4522607,1.1922607,1.1422608,0.42226073
-0.7877393,-1.1077392,0.76226074,-0.49773926,-0.35773927,-0.50773925,-0.18773925,-1.5477393,-0.87773925,-0.7177393,-0.25773925,0.22226074,-0.36773926,0.5222607,0.18226074,1.9422607,0.82226074,-1.0277393,-0.41773927,-1.9477392,-0.38773927,0.49226075,-0.74773926,0.7822607,1.3222607,1.6122607,2.0622606,1.0822607,0.09226074,0.70226073,0.9022607,2.6122608,1.4822607,1.9022608,1.1022607,0.31226075,1.2722608,1.2622608,2.3122606,2.1522608,0.30226076,0.95226073,1.1322608
0.7122607,0.37226075,-0.007739258,1.4622607,-1.8277392,-0.99773926,-0.5977393,0.29226074,-0.56773925,0.16226074,0.9122608,0.26226074,-0.37773925,-0.12773925,-0.25773925,-0.73773926,-0.9177393,-0.027739258,-0.9077393,-0.15773925,0.64226073,0.5222607,0.08226074,1.0622607,1.8722607,1.9622607,1.5222608,1.6922607,0.87226075,1.2122607,1.5722607,2.7222607,1.8922608,1.6822608,2.0422606,1.8122607,0.8322607,1.0322608,0.67226076,1.3122607,1.9122608,1.8822608,0.7822607
