wind_kz.json
{"header": {"discipline":0,"disciplineName":"Meteorological products","gribEdition":2,"gribLength":1025,"center":7,"centerName":"US National Weather Service - NCEP(WMC)","subcenter":0,"refTime":"2024-02-01T12:00:00.000Z","significanceOfRT":1,"significanceOfRTName":"Start of forecast","productStatus":0,"productStatusName":"Operational products","productType":1,"productTypeName":"Forecast products","productDefinitionTemplate":0,"productDefinitionTemplateName":"Analysis/forecast at horizontal level/layer at a point in time","parameterCategory":2,"parameterCategoryName":"UnknownDiscipline_0_Category_2","parameterNumber":2,"parameterNumberName":"UnknownParameter_D0_C2_2","parameterUnit":"Unknown","genProcessType":2,"genProcessTypeName":"Forecast","forecastTime":180,"surface1Type":103,"surface1TypeName":"Specified height level above ground","surface1Value":10.0,"surface2Type":255,"surface2TypeName":"Missing","surface2Value":0.0,"gridDefinitionTemplate":0,"gridDefinitionTemplateName":"Latitude_Longitude","numberPoints":615,"shape":6,"shapeName":"Earth spherical with radius of 6,371,229.0 m","gridUnits":"degrees","resolution":48,"winds":"true","scanMode":64,"nx":41,"ny":15,"basicAngle":0,"lo1":47.0,"la1":41.0,"lo2":87.0,"la2":55.0,"dx":1.0,"dy":1.0}, "data":
[rows 0 to 14 of 15, columns 0 to 40 of 41]
0.5335364,-1.6964636,2.7835364,2.3535364,0.8135364,0.5335364,0.3335364,-0.24646363,0.37353638,0.9735364,-0.49646363,-1.4564636,-2.2264636,-1.6664636,-1.6364636,-0.43646362,-0.9164636,0.54353637,0.8835364,-1.0064636,-2.6164637,-2.9764636,0.8235364,-3.3964636,-0.5364636,-0.9364636,-1.6464636,0.03353638,2.5535364,1.4635364,0.7735364,3.6935363,-0.006463623,0.103536375,0.0035363769,1.2335364,0.8235364,1.1335363,1.3635364,1.2935364,1.5735364
2.3535364,2.1335363,-0.6864636,-0.51646364,-0.37646362,-1.7564636,-0.6164636,0.8335364,1.9035363,0.98353636,1.5035363,0.7035364,0.74353635,0.61353636,1.2935364,-0.9664636,0.49353638,0.07353637,0.49353638,1.1735364,0.6935364,0.25353637,-0.25646362,-3.8364637,1.0135363,2.3235364,-1.3064636,0.7735364,-1.9664636,-0.23646362,0.26353636,-0.006463623,2.8235364,-0.9064636,0.25353637,0.46353638,-0.9064636,0.7135364,-1.7264637,0.9535364,1.0535364
1.9035363,-2.6664636,-2.2264636,-3.9664636,-3.8364637,-2.8764637,-0.62646365,3.1035364,1.1935364,1.0335364,2.5235364,2.0135365,1.9935364,1.8335364,2.1735363,2.0635364,1.9535364,2.7135363,1.2535363,-1.8464637,-2.3464637,1.0035363,1.3735363,2.6935363,-1.5264636,-0.82646364,-3.6064637,-1.9564636,-0.76646364,-0.21646363,1.4635364,2.9035363,1.4335364,-1.2464637,0.6935364,0.23353638,-0.006463623,0.38353637,0.14353637,2.1835363,1.6735364
-1.4864637,-0.49646363,-1.3964636,-3.6064637,-3.8564637,-1.7964636,2.0535364,3.0035365,3.0235364,2.3835363,2.8035364,2.5035365,4.063536,5.2035365,2.8435364,2.6035364,2.1435363,1.8835363,1.2235364,1.1935364,-0.37646362,0.5235364,-2.1164637,-1.6664636,0.8135364,1.3435364,0.68353635,-0.9064636,4.3735366,0.62353635,-1.1564636,-1.0564636,1.9635364,2.6235363,0.09353638,-2.1664636,-1.7364637,2.4835365,1.5735364,0.16353637,0.49353638
0.9735364,1.9935364,2.0035365,1.1035364,1.6935364,2.9935365,2.8035364,2.9035363,3.2835364,3.5035365,3.2135363,5.063536,4.753536,5.3635364,5.503536,2.8035364,2.3135364,1.8535364,0.98353636,1.1135364,1.4135364,2.6135364,1.6735364,1.2635363,2.2135363,2.9735365,6.3635364,7.1835365,6.5335364,2.3535364,5.4435363,-2.0564637,0.103536375,1.7135364,2.1135364,-0.94646364,0.9635364,-2.9164636,-2.5664637,-1.7864636,-2.8164637
3.5235364,3.1935363,3.9835365,3.8535364,3.4935365,3.6135364,3.9335363,3.9835365,1.9535364,3.4135363,3.5835364,3.6835363,5.4835362,6.7635365,4.4335365,2.7135363,2.3335364,1.5635364,1.0735364,0.8835364,1.7935364,2.4735365,2.1335363,2.5935364,4.4235363,3.9535363,5.7035365,5.2835364,7.833536,7.023536,6.813536,4.7435365,-0.09646362,1.0435364,1.6735364,-2.8664637,1.5535364,-0.76646364,1.0535364,-2.4464636,-2.5964637
4.8735366,5.4935365,6.7635365,7.1535363,6.2435365,5.9635363,5.9035363,5.1935363,3.8535364,5.273536,4.9535365,4.6035366,4.9335365,4.9535365,4.333536,3.3135364,2.7835364,2.2635365,1.0535364,1.1935364,2.4835365,1.8935363,2.7235365,3.3835363,2.8035364,2.9535363,5.8235364,4.9635363,5.5535364,7.9035363,7.7635365,4.253536,-0.16646363,-4.5864635,-3.0664637,-0.18646362,0.023536377,2.8235364,-1.7764636,1.6135364,0.87353635
4.793536,5.4335365,6.1535363,6.9135365,6.773536,6.9235363,6.313536,4.6935363,6.083536,5.4835362,5.8535366,6.9635363,5.9435363,6.1935363,4.7235365,4.1935363,3.5035365,2.6435363,0.9635364,2.2035363,5.003536,2.5435364,2.9035363,2.3535364,2.4235363,0.8335364,2.4035363,1.3035364,3.5035365,4.773536,6.6035366,3.6935363,-1.9664636,-0.19646363,-0.6664636,-0.9364636,0.023536377,-2.7164636,-5.8264637,-6.0864635,-2.3264637
4.7835364,5.5935364,6.273536,6.9135365,7.2235365,7.4035363,7.1135364,6.5935364,6.6035366,7.793536,8.273537,8.333536,9.703536,6.3235364,6.5135365,5.3035364,4.3435364,2.9535363,2.6135364,3.4235363,5.4035363,4.2235365,3.4135363,1.5135363,2.9935365,3.3035364,5.043536,1.1835364,1.4035363,0.46353638,4.6935363,0.14353637,4.0135365,0.20353638,-3.1564636,-2.6664636,-0.7264636,-1.8264636,-1.3264636,1.0235363,-2.0264635
5.3235364,5.8835363,6.4035363,6.7835364,7.2235365,7.1935363,7.6635365,8.483537,9.053536,9.703536,10.173536,11.683537,10.323536,9.053536,7.7335362,5.6735363,4.773536,3.2435365,2.8035364,3.0635364,5.4335365,4.9835362,3.3635364,2.1335363,1.0435364,0.73353636,1.8835363,0.9035364,1.0435364,2.6235363,0.6435364,1.5135363,2.7035363,1.1235363,-1.6564636,-1.8364636,-2.8164637,-0.5964636,-1.4064636,1.0335364,-1.4664636
6.5135365,7.6035366,7.6035366,9.253536,7.273536,8.163536,8.823536,9.693537,9.843536,10.923536,11.383536,12.993536,10.853537,11.873536,9.773537,6.7235365,4.8435364,3.6235363,2.2335365,3.3735363,4.793536,3.8135364,2.0635364,1.8235364,2.1235363,2.1535363,2.8835363,2.7035363,3.1535363,1.4435364,2.7635365,2.3135364,0.03353638,-0.09646362,-0.30646363,-1.3464637,-1.5364636,0.44353637,-1.3364636,1.6935364,-0.9064636
7.1535363,7.543536,9.083536,9.503536,9.803536,10.323536,11.753536,10.393537,10.923536,9.963536,10.313537,12.813537,11.423536,11.863537,11.073536,8.613537,6.5535364,3.2635365,2.1635363,2.7635365,2.8335364,3.2635365,2.2635365,2.0235364,3.1535363,3.6135364,4.5135365,4.0335364,3.3535364,1.7735363,2.3535364,2.9935365,0.6335364,0.7035364,0.67353636,1.8735363,3.5635364,-0.50646365,0.07353637,-0.89646363,-0.48646364
7.1535363,9.393537,8.943537,10.623536,10.133536,8.793536,11.003536,11.293536,14.2235365,8.203536,8.733537,10.773537,10.383536,10.993536,11.133536,8.503536,6.1635365,2.8335364,1.1035364,1.2535363,1.8035364,2.5335364,3.3535364,2.5035365,3.8135364,3.9035363,3.4335363,2.7435365,2.5235364,2.6735363,1.6335363,2.7135363,1.5735364,1.8335364,1.4535364,2.5535364,3.5935364,-0.5564636,-0.9264636,-1.3764637,-1.0264636
8.573536,9.693537,9.773537,10.953536,11.983537,12.933537,13.093536,11.573536,9.413536,9.653537,7.9235363,8.873536,11.423536,9.413536,6.8835363,3.4735365,1.8135364,1.2235364,-0.24646363,-0.4164636,0.92353636,2.7235365,3.4635363,3.3035364,2.8335364,2.2335365,1.4935364,2.7035363,2.3735363,2.2635365,2.5135365,2.9935365,2.7635365,2.1235363,2.1235363,1.1735364,0.73353636,0.7635364,-1.6664636,2.2335365,-0.9764636
6.5535364,10.333536,12.943537,12.423536,12.033536,11.313537,11.053536,8.203536,9.533536,9.633536,7.8735366,8.263536,8.673536,1.1235363,1.0035363,-0.09646362,-0.6864636,-0.75646365,-2.1564636,-0.7364636,-0.016463622,1.3335364,1.6335363,1.8335364,2.6135364,2.9335363,2.9335363,2.9635363,2.9435363,3.2035363,3.4735365,3.4535363,2.9835365,2.9635363,1.7535363,1.4035363,0.40353638,2.2235365,1.3935363,-0.3564636,-1.3564637
