wind_kz.json
{"header": {"discipline":0,"disciplineName":"Meteorological products","gribEdition":2,"gribLength":1025,"center":7,"centerName":"US National Weather Service - NCEP(WMC)","subcenter":0,"refTime":"2023-09-23T12:00:00.000Z","significanceOfRT":1,"significanceOfRTName":"Start of forecast","productStatus":0,"productStatusName":"Operational products","productType":1,"productTypeName":"Forecast products","productDefinitionTemplate":0,"productDefinitionTemplateName":"Analysis/forecast at horizontal level/layer at a point in time","parameterCategory":2,"parameterCategoryName":"UnknownDiscipline_0_Category_2","parameterNumber":3,"parameterNumberName":"UnknownParameter_D0_C2_3","parameterUnit":"Unknown","genProcessType":2,"genProcessTypeName":"Forecast","forecastTime":120,"surface1Type":103,"surface1TypeName":"Specified height level above ground","surface1Value":10.0,"surface2Type":255,"surface2TypeName":"Missing","surface2Value":0.0,"gridDefinitionTemplate":0,"gridDefinitionTemplateName":"Latitude_Longitude","numberPoints":615,"shape":6,"shapeName":"Earth spherical with radius of 6,371,229.0 m","gridUnits":"degrees","resolution":48,"winds":"true","scanMode":64,"nx":41,"ny":15,"basicAngle":0,"lo1":47.0,"la1":41.0,"lo2":87.0,"la2":55.0,"dx":1.0,"dy":1.0}, "data":
[rows 0 to 14 of 15, columns 0 to 40 of 41]
2.0793755,1.9793756,-1.0106244,1.2093756,1.0893756,1.5393757,-1.5006244,-3.1906245,-1.2906244,-3.3606243,-3.8606243,-4.6406245,-4.1706243,-2.9106245,-2.1306243,-4.0606246,-4.3706245,-4.210624,-3.9706244,-3.2406244,-3.6806245,-2.8006244,-0.9006244,-0.8006244,5.1493754,1.1293756,0.21937561,1.4893756,0.8693756,1.2793756,1.2493756,0.2593756,0.4793756,-2.9806244,0.22937562,-2.4106245,-2.3906243,-0.93062437,-0.8606244,-0.3106244,1.3393756
-3.0706244,0.75937563,1.1093756,1.6693757,1.0993756,-3.0506244,-2.5206244,-3.3606243,-3.0106244,-3.5106244,-3.1406243,-1.7806244,-3.1206243,-3.6206243,-3.8906243,-3.5306244,-4.2606244,-2.6306243,-4.4506245,-4.4306245,-4.0606246,-3.4306245,-1.0906243,1.1993756,2.0593755,1.9993756,1.6793756,1.4493756,0.4993756,-0.5806244,0.08937561,-1.5006244,1.0493757,1.5893756,1.9993756,2.5793755,2.2893755,1.2293756,1.6493756,0.07937561,-0.11062439
1.4593756,2.0993757,1.0893756,1.2293756,1.9393756,1.7993757,-2.8606243,-2.9306245,-3.5006244,-3.4306245,-3.1606245,-1.4706244,-2.7106245,-6.6306243,-4.750624,-3.8806243,-2.5806243,-4.6106243,-3.4506245,-5.0806246,-4.6606245,-3.4406245,-1.4406244,2.6593757,-1.8306243,-1.0506244,3.9093757,-2.0706244,-0.6406244,-1.6806244,-1.3106244,-2.1806245,-2.9406245,-2.2506244,-2.0406244,-1.8706244,-2.4006243,-3.0506244,-0.3406244,1.4293756,1.0493757
0.3793756,-0.3006244,0.18937561,-0.05062439,-1.4306244,-4.4206243,-3.5606244,-4.0806246,-4.9206243,-6.4106245,-7.5606246,-6.6306243,-0.2806244,0.3193756,-2.3406243,-2.6106243,-1.5306244,-2.0406244,-4.1506243,-4.8606243,-5.1206245,-4.0106244,-4.440624,-2.8706243,-2.2806244,-1.9006244,-0.9206244,-0.3606244,-0.1506244,-0.5906244,-0.48062438,0.8293756,0.9793756,1.2993757,0.1793756,-0.12062439,-2.1906245,1.7193756,-1.0806243,-1.9006244,-1.5706244
0.4193756,-0.74062437,-2.2106245,-3.5806243,-4.9306245,-5.8506246,-6.6006246,-5.6606245,-5.4506245,-5.500624,-6.9006243,-7.210624,-4.2906246,-0.7806244,-0.5206244,-0.5506244,-1.2606244,-1.5306244,-5.8706245,-4.690624,-2.7706244,-2.4506245,-2.5206244,-2.0406244,-1.6306244,-1.3806244,0.5593756,0.93937564,-0.1506244,0.2393756,-2.3406243,-2.1606245,1.5993756,-0.8006244,0.4493756,-0.03062439,0.3593756,-0.68062437,-1.3906244,-1.4106244,-1.5906243
0.00937561,3.5893755,1.3693756,0.48937562,-1.1906244,-2.1906245,-6.4106245,-6.440624,-5.6006246,-4.9206243,-6.4906244,-6.3106246,-5.6506243,3.5993757,0.16937561,-0.9206244,-2.7606244,-5.4906244,-5.210624,-3.8706243,-2.8006244,-0.3006244,-1.4906244,-3.2406244,-3.9406245,-2.3906243,0.8393756,0.7393756,-0.09062439,0.3593756,-0.38062438,-2.9006243,-2.9606245,-1.4506243,-6.243896E-4,6.5993757,-0.45062438,0.00937561,3.7993755,0.2593756,-1.9506243
-1.6806244,-2.5506244,-3.7606244,-4.9206243,-6.480624,-7.5306244,-7.190624,-6.8006244,-3.5106244,-3.7906244,-4.770624,-6.6006246,-6.1006246,-3.6206243,0.7293756,-1.8206244,-2.3306243,-3.4806244,-4.2806244,-3.4206245,-2.6906245,-1.2806244,-1.5306244,-3.1506243,-2.7706244,-2.6106243,-2.0506244,6.3293757,4.1393757,3.2093756,3.1293757,2.3293755,-1.2006243,-1.0806243,1.1593757,1.7593756,1.0493757,1.1393756,0.02937561,1.2793756,1.6993756
-3.6006243,-4.690624,-4.6706243,-5.6506243,-6.7406244,-6.7406244,-7.1706243,-7.1706243,-6.8006244,-5.960624,-6.0306244,-5.6306243,-4.0506244,-1.1306244,-0.7606244,-0.06062439,-0.5306244,-3.3206244,-4.0406246,-3.2006245,-2.8706243,-1.4206244,-0.9506244,-2.2806244,-3.7106245,-3.9906244,-4.0306244,-0.2506244,1.9493756,1.6993756,1.2193756,0.4393756,-0.19062439,1.8793756,-1.5906243,-0.29062438,-0.6406244,-0.3706244,-1.5006244,-0.3106244,-1.9906244
-3.5806243,-4.270624,-5.2606244,-5.770624,-6.230624,-6.3506246,-6.8706245,-6.9506245,-6.940624,-6.960624,-6.6706243,-6.3506246,-6.460624,-6.5706244,-5.6506243,-4.270624,-3.0206244,0.18937561,-3.1706245,-3.3406243,-3.7606244,0.00937561,-2.8006244,-4.0406246,-3.3106244,-4.6706243,-4.0906243,-1.9106244,-1.8706244,-2.9906244,3.0693755,0.8393756,0.18937561,-1.7306244,3.7093756,3.6693757,0.93937564,-0.3406244,0.18937561,0.33937562,-2.8606243
-3.6606245,-4.1806245,-4.8206244,-5.250624,-5.480624,-6.0406246,-6.710624,-6.750624,-7.270624,-7.0406246,-6.6706243,-6.1106243,-6.0406246,-5.690624,-8.370625,-4.9706244,-2.8706243,1.6793756,-3.1606245,-6.9306245,-5.3106246,-4.0906243,-3.0906243,-2.5806243,-2.4506245,-3.4206245,-4.7006245,-2.8806243,-3.0606244,-2.6906245,-0.7106244,-0.13062438,-1.0406244,-0.4006244,1.9393756,2.5393755,1.0093756,-1.6006244,0.5193756,3.9693756,3.0493755
-3.5606244,-4.0906243,-4.5506244,-5.3006244,-5.7606244,-6.190624,-6.4706244,-6.3106246,-6.8706245,-7.4106245,-7.500624,-6.1806245,-6.9306245,-6.5506244,-7.710624,-6.6206245,-7.690624,2.2993755,1.2993757,-1.3606244,-1.7706244,-3.7206244,-3.6306243,-2.8706243,-1.6806244,0.9793756,-0.8906244,-3.5406244,-4.4706244,-3.8606243,-4.5306244,-2.9706244,2.1093757,1.2693756,1.5693756,1.9393756,0.4993756,2.2693756,-0.4906244,0.7893756,0.06937561
-2.9106245,-4.440624,-4.480624,-4.690624,-5.4306245,-5.190624,-6.190624,-6.9706244,-7.2906246,-7.3106246,-4.6206245,-4.6406245,-5.520624,-5.6306243,-6.250624,-5.8806243,0.2393756,1.7193756,1.2893757,1.1593757,0.36937562,-1.1306244,-3.2906244,-3.9706244,-3.0606244,-2.3906243,-2.8406243,-4.1406245,0.19937561,-2.4906244,-1.1006244,-3.1606245,-1.9006244,-3.1606245,-0.3906244,1.0593756,-0.5106244,-0.7306244,0.6193756,0.93937564,0.2393756
-2.3706243,-2.8706243,-4.210624,-3.9406245,-4.480624,-3.8906243,-5.460624,-6.1206245,-8.190624,-6.3506246,-3.5406244,-3.2006245,-6.8206244,-5.8506246,-6.3306246,-6.0506244,-6.1406245,-6.4706244,-2.1006243,0.4093756,1.1193756,-0.5706244,1.0293756,-1.7506244,-2.0006244,-1.3906244,-2.6406243,-3.7806244,-3.8606243,-3.9006243,-2.7506244,-0.5506244,-0.2506244,-2.0206244,-0.5406244,0.62937564,-0.9606244,-1.5006244,-0.04062439,-0.12062439,-0.5406244
-2.2006245,-2.1306243,-3.1106243,-3.8706243,-4.2606244,-4.2406244,-4.3506246,-4.440624,-5.940624,-6.2806244,-3.1306243,-2.5406244,-3.4106245,-5.750624,-6.500624,-4.980624,-4.7206244,-4.2906246,-4.520624,-4.5706244,-2.3406243,-2.0406244,0.3093756,-2.4006243,-0.7506244,-1.4306244,-2.4406245,-3.3206244,-3.7806244,-3.8306243,-4.9306245,-4.230624,-6.243896E-4,-0.3106244,-0.42062438,-1.0206244,0.3193756,0.32937562,-0.4906244,1.1493756,1.4993756
-1.2706244,-2.7006245,-0.8506244,-3.5506244,-3.9306245,-3.1606245,-3.8806243,-4.0406246,-4.8006244,-5.1306243,-1.9406244,-2.7406244,-2.2206244,-2.7506244,-4.8806243,-4.5806246,-4.1406245,-4.3806243,-4.6106243,-4.2406244,-3.2306244,-2.4906244,-2.5406244,-1.9206244,-2.4806244,-3.9406245,-2.4206245,-3.6006243,-4.1506243,-3.8006244,-3.8206244,-5.0806246,-4.1206245,-4.8606243,-3.5406244,0.06937561,0.5793756,0.14937562,0.019375611,-1.3106244,-1.2806244
