wind_kz.json
{"header": {"discipline":0,"disciplineName":"Meteorological products","gribEdition":2,"gribLength":948,"center":7,"centerName":"US National Weather Service - NCEP(WMC)","subcenter":0,"refTime":"2023-09-08T06:00:00.000Z","significanceOfRT":1,"significanceOfRTName":"Start of forecast","productStatus":0,"productStatusName":"Operational products","productType":1,"productTypeName":"Forecast products","productDefinitionTemplate":0,"productDefinitionTemplateName":"Analysis/forecast at horizontal level/layer at a point in time","parameterCategory":0,"parameterCategoryName":"UnknownDiscipline_0_Category_0","parameterNumber":0,"parameterNumberName":"UnknownParameter_D0_C0_0","parameterUnit":"Unknown","genProcessType":2,"genProcessTypeName":"Forecast","forecastTime":120,"surface1Type":1,"surface1TypeName":"Ground or water surface","surface1Value":0.0,"surface2Type":255,"surface2TypeName":"Missing","surface2Value":0.0,"gridDefinitionTemplate":0,"gridDefinitionTemplateName":"Latitude_Longitude","numberPoints":615,"shape":6,"shapeName":"Earth spherical with radius of 6,371,229.0 m","gridUnits":"degrees","resolution":48,"winds":"true","scanMode":64,"nx":41,"ny":15,"basicAngle":0,"lo1":47.0,"la1":41.0,"lo2":87.0,"la2":55.0,"dx":1.0,"dy":1.0}, "data":
[rows 0 to 14 of 15, columns 0 to 40 of 41]
295.38666,287.38666,286.88666,297.88666,297.78665,296.48663,298.38666,311.38666,305.08664,302.48663,308.38666,309.68665,309.28665,309.68665,310.08664,311.88666,311.08664,309.18665,312.98663,311.28665,315.18665,310.78665,310.58664,311.88666,314.28665,311.88666,311.78665,301.48663,301.68665,299.38666,296.28665,296.78665,312.18665,320.38666,323.88666,324.98663,325.88666,324.98663,325.98663,325.88666,324.78665
275.18665,289.08664,297.48663,297.58664,297.28665,295.58664,297.48663,292.48663,293.78665,294.68665,294.88666,305.98663,307.38666,307.18665,310.38666,313.08664,312.98663,313.78665,312.68665,313.88666,314.98663,310.48663,308.58664,304.38666,296.08664,297.38666,306.78665,302.28665,304.18665,295.28665,301.68665,294.58664,301.58664,270.58664,297.68665,314.48663,316.08664,317.68665,321.38666,310.98663,284.88666
297.38666,297.08664,298.08664,297.48663,295.08664,299.88666,298.78665,297.68665,292.28665,292.18665,292.58664,293.38666,296.88666,297.38666,306.68665,311.48663,314.28665,314.78665,313.98663,313.48663,313.18665,312.98663,309.08664,303.98663,307.48663,306.58664,308.38666,308.28665,307.78665,301.48663,295.78665,296.68665,301.68665,304.98663,301.88666,299.58664,295.98663,299.18665,298.28665,295.48663,289.88666
298.98663,296.48663,297.38666,296.38666,295.88666,301.58664,301.98663,297.48663,301.18665,295.28665,299.68665,294.48663,293.68665,292.98663,304.98663,306.88666,308.78665,314.98663,312.38666,314.28665,308.78665,309.88666,309.98663,310.38666,310.68665,309.08664,311.78665,310.48663,312.38666,313.18665,312.48663,312.98663,315.38666,320.78665,312.48663,306.98663,294.28665,291.68665,290.18665,298.18665,305.48663
302.28665,294.78665,295.58664,294.48663,297.78665,300.98663,301.08664,302.98663,300.88666,302.28665,305.38666,305.88666,293.28665,293.28665,290.28665,305.88666,306.68665,306.98663,308.08664,306.68665,308.28665,310.48663,312.98663,312.08664,312.88666,312.48663,310.38666,306.28665,311.48663,311.38666,310.88666,306.78665,293.98663,279.18665,298.98663,308.28665,307.58664,315.28665,303.18665,304.48663,307.88666
302.58664,303.08664,293.68665,293.28665,293.58664,293.28665,307.28665,302.48663,303.18665,299.78665,300.58664,298.78665,293.88666,293.08664,298.78665,305.18665,304.58664,308.28665,305.38666,306.68665,306.98663,306.58664,307.48663,308.78665,309.58664,308.58664,309.18665,291.88666,304.68665,306.98663,309.58664,308.08664,309.08664,308.18665,305.18665,302.58664,296.58664,296.88666,303.38666,306.58664,304.58664
305.78665,305.38666,304.18665,304.28665,301.38666,304.88666,304.58664,302.18665,301.18665,301.68665,300.28665,298.08664,299.28665,300.38666,301.38666,300.28665,299.38666,304.58664,305.78665,304.68665,300.38666,301.98663,302.98663,303.48663,301.48663,302.98663,304.58664,306.18665,307.68665,307.58664,305.78665,307.18665,307.88666,307.08664,305.98663,302.18665,298.08664,297.98663,294.08664,294.38666,305.78665
303.78665,303.78665,303.18665,302.58664,301.88666,302.38666,303.68665,301.98663,301.48663,292.48663,298.48663,298.58664,300.18665,298.78665,302.08664,300.48663,297.28665,292.88666,294.18665,296.28665,296.58664,297.08664,296.18665,298.48663,296.68665,296.38666,291.88666,297.38666,298.28665,302.98663,296.48663,302.68665,302.78665,300.48663,300.48663,303.98663,308.88666,290.08664,306.48663,305.28665,303.18665
300.18665,300.28665,296.58664,301.58664,294.38666,299.38666,299.68665,299.08664,297.88666,296.28665,292.38666,292.18665,298.18665,301.98663,299.68665,300.78665,292.38666,291.08664,291.38666,297.48663,295.18665,289.58664,291.68665,290.38666,295.38666,295.48663,292.58664,291.28665,290.98663,290.98663,284.18665,290.28665,292.58664,300.08664,301.18665,298.88666,298.68665,298.78665,289.78665,289.68665,289.48663
298.38666,296.58664,294.48663,294.88666,293.28665,288.28665,296.48663,295.78665,292.18665,289.58664,288.38666,298.18665,297.58664,297.68665,296.98663,295.58664,292.78665,289.48663,288.28665,287.88666,285.98663,290.88666,293.78665,294.98663,292.48663,291.68665,290.68665,286.98663,284.28665,283.28665,288.38666,297.18665,296.88666,295.98663,289.08664,290.88666,292.28665,289.88666,283.68665,288.68665,288.48663
291.68665,287.48663,286.78665,286.28665,286.38666,286.18665,285.98663,297.28665,295.58664,289.48663,290.38666,289.68665,296.08664,290.18665,286.78665,286.28665,286.98663,288.78665,296.58664,295.18665,295.18665,293.68665,292.88666,291.38666,283.78665,282.58664,281.08664,282.68665,283.08664,285.08664,285.28665,285.58664,285.28665,290.08664,289.78665,285.08664,282.28665,286.48663,290.68665,288.48663,286.48663
291.88666,292.78665,293.38666,286.88666,284.18665,285.38666,289.78665,293.88666,293.08664,290.28665,290.48663,288.28665,291.48663,291.98663,284.68665,286.28665,287.28665,295.38666,294.38666,288.88666,284.58664,282.18665,282.58664,283.18665,282.88666,283.98663,284.68665,286.88666,288.38666,285.78665,286.78665,286.48663,283.88666,284.08664,285.18665,286.48663,287.18665,289.08664,291.68665,294.98663,295.18665
290.38666,292.78665,286.98663,288.98663,285.18665,289.78665,290.98663,292.78665,291.48663,289.88666,287.48663,286.78665,289.28665,288.78665,288.68665,284.08664,283.48663,285.28665,284.38666,283.68665,282.98663,282.18665,282.38666,282.28665,283.18665,283.98663,285.78665,286.18665,286.18665,284.78665,285.68665,285.78665,285.08664,284.28665,285.58664,286.58664,286.28665,285.28665,290.68665,295.18665,294.38666
290.38666,290.78665,287.18665,287.38666,289.48663,290.58664,291.68665,287.88666,289.38666,287.98663,285.38666,284.38666,284.28665,282.88666,283.98663,284.38666,285.68665,286.68665,284.58664,282.78665,282.88666,282.78665,282.68665,282.88666,283.48663,284.08664,284.48663,284.38666,285.78665,286.58664,292.38666,289.78665,286.38666,284.28665,284.18665,284.08664,285.88666,284.78665,288.08664,291.08664,295.38666
289.08664,291.38666,288.78665,289.98663,290.88666,289.78665,288.88666,289.08664,289.58664,287.38666,286.08664,286.68665,284.78665,284.78665,287.28665,288.98663,284.68665,283.48663,287.88666,289.98663,289.58664,285.48663,282.18665,282.48663,283.28665,282.88666,283.48663,286.88666,284.48663,284.38666,285.88666,285.28665,284.08664,285.48663,290.88666,291.28665,287.78665,284.98663,287.78665,294.68665,293.18665
