wind_kz.json
{"header": {"discipline":0,"disciplineName":"Meteorological products","gribEdition":2,"gribLength":871,"center":7,"centerName":"US National Weather Service - NCEP(WMC)","subcenter":0,"refTime":"2023-09-30T00:00:00.000Z","significanceOfRT":1,"significanceOfRTName":"Start of forecast","productStatus":0,"productStatusName":"Operational products","productType":1,"productTypeName":"Forecast products","productDefinitionTemplate":0,"productDefinitionTemplateName":"Analysis/forecast at horizontal level/layer at a point in time","parameterCategory":0,"parameterCategoryName":"UnknownDiscipline_0_Category_0","parameterNumber":0,"parameterNumberName":"UnknownParameter_D0_C0_0","parameterUnit":"Unknown","genProcessType":2,"genProcessTypeName":"Forecast","forecastTime":240,"surface1Type":1,"surface1TypeName":"Ground or water surface","surface1Value":0.0,"surface2Type":255,"surface2TypeName":"Missing","surface2Value":0.0,"gridDefinitionTemplate":0,"gridDefinitionTemplateName":"Latitude_Longitude","numberPoints":615,"shape":6,"shapeName":"Earth spherical with radius of 6,371,229.0 m","gridUnits":"degrees","resolution":48,"winds":"true","scanMode":64,"nx":41,"ny":15,"basicAngle":0,"lo1":47.0,"la1":41.0,"lo2":87.0,"la2":55.0,"dx":1.0,"dy":1.0}, "data":
[rows 0 to 14 of 15, columns 0 to 40 of 41]
286.87555,280.17557,284.57556,293.47556,293.07556,292.07556,291.37555,290.87555,288.67557,286.67557,286.57556,287.77557,286.77557,285.97556,285.07556,282.27557,282.17557,282.57556,281.97556,283.07556,283.87555,283.57556,282.77557,277.47556,281.87555,286.17557,283.07556,270.87555,270.17557,265.87555,261.87555,269.67557,279.17557,284.77557,286.57556,286.57556,285.47556,288.67557,290.37555,291.37555,288.77557
270.97556,284.97556,292.87555,293.07556,293.07556,291.47556,289.27557,287.87555,286.27557,285.57556,285.27557,283.27557,282.77557,281.77557,280.27557,280.07556,278.17557,279.07556,277.47556,278.67557,279.27557,282.57556,280.77557,275.97556,262.47556,269.07556,277.57556,270.77557,271.37555,269.57556,273.77557,267.27557,272.67557,251.87556,271.57556,284.97556,284.57556,285.07556,289.67557,284.37555,283.67557
284.97556,292.47556,292.87555,292.27557,290.67557,288.07556,287.07556,285.47556,284.27557,282.87555,281.07556,280.77557,279.37555,279.77557,280.67557,279.67557,277.97556,275.27557,275.77557,275.47556,276.47556,276.17557,281.97556,277.27557,278.07556,278.27557,280.97556,280.57556,279.37555,273.47556,271.37555,273.47556,278.57556,276.97556,281.37555,280.07556,273.07556,276.37555,273.47556,269.77557,270.87555
288.97556,291.67557,292.37555,291.37555,289.27557,286.27557,285.27557,283.97556,283.27557,281.77557,280.17557,279.67557,289.27557,288.67557,279.37555,276.67557,278.37555,277.17557,276.47556,276.07556,277.37555,272.77557,277.87555,280.37555,281.27557,281.97556,281.37555,279.27557,280.57556,281.77557,283.07556,282.17557,286.87555,289.27557,287.67557,282.77557,273.57556,270.57556,273.77557,281.77557,283.97556
288.17557,290.97556,291.47556,290.47556,288.17557,284.77557,284.77557,283.97556,282.47556,281.07556,280.37555,279.67557,288.07556,286.87555,285.47556,276.77557,277.67557,278.47556,274.77557,278.27557,277.87555,277.57556,275.47556,276.17557,278.07556,278.97556,277.97556,280.87555,278.37555,280.37555,283.27557,282.27557,274.77557,268.57556,278.47556,287.87555,288.97556,287.87555,287.57556,286.47556,286.27557
285.37555,284.17557,289.57556,290.37555,290.37555,289.77557,282.67557,283.27557,281.57556,281.17557,281.17557,280.57556,286.37555,287.67557,282.37555,277.77557,279.87555,276.87555,277.57556,277.77557,276.67557,276.77557,277.47556,278.27557,277.87555,277.17557,279.17557,286.07556,281.77557,281.17557,279.87555,283.17557,281.97556,284.47556,284.17557,286.07556,279.27557,281.07556,285.37555,288.77557,286.67557
282.57556,282.27557,283.77557,283.77557,285.07556,281.77557,281.87555,281.27557,281.47556,281.77557,279.87555,279.27557,278.57556,279.07556,278.27557,279.47556,278.47556,278.77557,277.27557,276.77557,276.37555,276.67557,277.87555,279.07556,278.17557,277.97556,278.07556,279.57556,279.47556,279.17557,278.37555,279.07556,281.37555,282.77557,284.07556,283.27557,277.67557,276.87555,276.07556,273.97556,283.37555
282.47556,281.67557,281.67557,282.37555,282.47556,281.87555,281.07556,280.27557,279.57556,279.47556,278.67557,278.37555,277.57556,278.57556,278.87555,279.47556,279.37555,279.97556,279.17557,276.77557,277.17557,276.97556,277.27557,277.17557,276.47556,274.47556,274.97556,275.37555,274.47556,276.07556,275.97556,276.87555,276.17557,275.47556,277.17557,281.07556,285.77557,284.77557,285.27557,284.37555,281.17557
282.47556,280.77557,281.07556,280.37555,281.17557,280.37555,279.67557,279.57556,278.47556,278.07556,277.37555,276.77557,276.47556,277.27557,277.47556,278.27557,278.57556,279.07556,278.57556,277.37555,276.27557,276.77557,276.67557,276.87555,275.37555,275.57556,273.67557,272.77557,272.47556,271.87555,272.37555,273.87555,275.67557,276.47556,276.97556,276.17557,277.17557,279.57556,272.27557,273.37555,272.77557
282.07556,281.87555,281.07556,280.07556,280.27557,279.57556,278.97556,278.47556,278.17557,277.67557,279.17557,278.37555,279.47556,279.07556,276.77557,279.47556,278.17557,278.07556,277.97556,277.87555,276.97556,276.77557,277.17557,276.57556,276.37555,274.87555,274.77557,274.27557,273.87555,273.67557,274.17557,275.97556,277.47556,277.37555,277.67557,276.97556,275.67557,271.87555,275.17557,272.37555,271.47556
282.07556,280.87555,279.87555,279.07556,279.87555,279.27557,279.57556,279.37555,278.67557,279.07556,279.67557,279.87555,280.37555,278.97556,278.87555,278.97556,278.67557,278.97556,278.47556,277.67557,277.47556,277.27557,275.87555,276.07556,275.37555,274.27557,272.67557,274.27557,274.77557,275.87555,276.27557,276.97556,277.27557,277.97556,278.87555,278.07556,273.67557,271.77557,273.07556,274.57556,273.37555
282.67557,282.67557,282.17557,280.67557,279.77557,279.17557,279.07556,279.77557,280.37555,280.77557,278.77557,278.47556,279.87555,278.37555,278.67557,278.47556,278.07556,278.07556,277.97556,277.27557,276.07556,275.17557,275.17557,274.77557,273.97556,274.07556,273.77557,274.77557,275.17557,275.77557,275.57556,275.37555,276.17557,276.07556,277.77557,279.07556,278.87555,276.77557,276.77557,277.17557,277.27557
283.17557,282.57556,282.27557,282.37555,281.97556,281.97556,280.47556,279.07556,278.47556,279.77557,276.47556,275.67557,279.37555,278.17557,278.77557,277.87555,277.67557,277.27557,277.87555,276.17557,276.17557,274.67557,273.67557,272.77557,273.37555,274.17557,274.97556,274.57556,275.27557,275.27557,274.97556,275.07556,276.17557,278.57556,277.37555,277.27557,276.37555,277.77557,275.67557,275.87555,278.87555
284.57556,284.47556,284.27557,282.87555,281.67557,280.27557,279.37555,277.37555,279.07556,279.57556,275.97556,274.27557,275.47556,277.77557,277.97556,277.07556,276.07556,276.77557,276.17557,275.97556,275.27557,274.67557,274.57556,273.77557,273.97556,274.37555,274.67557,276.57556,276.37555,276.27557,274.47556,274.27557,274.37555,274.77557,275.77557,277.17557,276.77557,275.77557,275.47556,275.57556,275.77557
282.67557,282.87555,284.27557,281.87555,280.37555,279.37555,279.27557,277.97556,279.57556,278.47556,277.87555,276.17557,275.27557,274.47556,275.47556,275.27557,274.77557,275.37555,276.17557,273.87555,273.57556,272.67557,272.67557,272.57556,272.87555,274.77557,275.37555,275.57556,275.87555,275.97556,276.27557,279.87555,275.97556,274.77557,275.17557,275.67557,276.67557,276.47556,276.97556,276.77557,277.07556
