wind_kz.json
{"header": {"discipline":0,"disciplineName":"Meteorological products","gribEdition":2,"gribLength":871,"center":7,"centerName":"US National Weather Service - NCEP(WMC)","subcenter":0,"refTime":"2023-09-30T06:00:00.000Z","significanceOfRT":1,"significanceOfRTName":"Start of forecast","productStatus":0,"productStatusName":"Operational products","productType":1,"productTypeName":"Forecast products","productDefinitionTemplate":0,"productDefinitionTemplateName":"Analysis/forecast at horizontal level/layer at a point in time","parameterCategory":0,"parameterCategoryName":"UnknownDiscipline_0_Category_0","parameterNumber":0,"parameterNumberName":"UnknownParameter_D0_C0_0","parameterUnit":"Unknown","genProcessType":2,"genProcessTypeName":"Forecast","forecastTime":300,"surface1Type":1,"surface1TypeName":"Ground or water surface","surface1Value":0.0,"surface2Type":255,"surface2TypeName":"Missing","surface2Value":0.0,"gridDefinitionTemplate":0,"gridDefinitionTemplateName":"Latitude_Longitude","numberPoints":615,"shape":6,"shapeName":"Earth spherical with radius of 6,371,229.0 m","gridUnits":"degrees","resolution":48,"winds":"true","scanMode":64,"nx":41,"ny":15,"basicAngle":0,"lo1":47.0,"la1":41.0,"lo2":87.0,"la2":55.0,"dx":1.0,"dy":1.0}, "data":
[rows 0 to 14 of 15, columns 0 to 40 of 41]
289.86554,280.4655,285.56552,292.86554,292.4655,291.76553,291.26553,292.56552,290.4655,289.26553,288.4655,289.56552,289.26553,288.66553,287.76553,284.76553,285.36554,286.86554,287.16553,288.16553,289.9655,286.86554,285.56552,282.56552,282.06552,285.06552,283.26553,268.06552,269.86554,268.56552,270.16553,271.9655,280.66553,287.66553,289.76553,287.9655,286.4655,286.76553,288.16553,288.76553,286.36554
266.66553,286.9655,292.36554,292.36554,292.36554,290.9655,290.06552,289.26553,288.26553,288.36554,288.76553,287.26553,287.06552,285.86554,284.26553,285.56552,283.4655,282.26553,281.4655,288.06552,287.56552,285.76553,284.76553,277.56552,261.66553,262.66553,277.86554,269.76553,272.56552,264.56552,272.36554,263.76553,271.9655,249.66553,268.16553,283.16553,280.56552,284.16553,286.86554,280.36554,283.4655
287.16553,291.86554,292.16553,291.66553,290.16553,288.16553,288.26553,287.66553,287.36554,286.4655,285.76553,285.76553,284.56552,284.86554,285.9655,283.86554,282.4655,281.9655,286.16553,283.16553,286.76553,286.16553,285.56552,279.86554,281.4655,280.4655,282.86554,282.06552,281.4655,274.76553,265.56552,267.4655,273.76553,273.56552,276.26553,275.4655,268.06552,270.9655,271.9655,269.16553,267.56552
286.4655,290.9655,291.76553,290.86554,289.56552,287.06552,288.16553,286.76553,286.36554,285.26553,283.66553,284.06552,288.9655,288.36554,284.56552,283.66553,285.56552,287.66553,286.36554,285.36554,283.66553,279.36554,284.36554,284.86554,285.36554,285.16553,285.26553,283.26553,281.06552,280.86554,281.9655,279.56552,283.26553,281.36554,281.06552,278.16553,263.9655,259.66553,269.9655,278.26553,281.36554
287.9655,290.26553,290.76553,289.9655,288.86554,286.76553,287.76553,286.36554,287.76553,287.36554,287.86554,285.86554,287.76553,286.66553,285.4655,288.4655,288.76553,287.76553,287.4655,288.06552,286.9655,286.86554,285.76553,285.66553,285.26553,285.4655,283.76553,284.9655,284.66553,284.26553,285.56552,282.06552,271.26553,260.16553,274.86554,280.9655,284.86554,283.76553,284.56552,283.9655,284.56552
287.76553,285.9655,288.86554,289.56552,289.56552,289.16553,285.26553,286.66553,286.76553,289.16553,288.86554,287.76553,287.66553,287.56552,288.56552,288.86554,289.26553,287.9655,288.16553,288.06552,287.66553,286.56552,286.06552,285.76553,285.06552,283.56552,283.4655,285.4655,285.76553,285.76553,284.4655,285.26553,283.76553,281.76553,279.86554,283.06552,275.76553,277.4655,283.36554,282.4655,283.9655
287.26553,285.86554,289.16553,288.66553,287.4655,285.06552,286.4655,286.4655,287.86554,287.26553,288.06552,287.9655,288.56552,288.06552,288.86554,289.56552,289.26553,289.36554,289.06552,287.76553,286.36554,286.26553,285.9655,285.86554,284.4655,284.26553,283.06552,284.86554,284.86554,285.36554,285.06552,284.66553,284.86554,284.9655,283.16553,281.66553,278.06552,274.36554,270.66553,269.9655,280.4655
286.86554,285.9655,288.06552,287.86554,288.56552,287.9655,286.76553,286.9655,286.56552,287.9655,286.9655,286.86554,287.06552,286.66553,288.26553,288.4655,288.36554,288.4655,287.66553,284.9655,283.4655,283.26553,283.76553,283.9655,284.56552,282.76553,281.9655,282.86554,281.4655,282.66553,281.16553,282.06552,281.16553,279.56552,278.9655,280.4655,282.36554,284.26553,281.4655,280.86554,276.56552
284.76553,283.26553,284.66553,284.86554,286.4655,286.86554,285.4655,286.06552,286.06552,285.66553,285.66553,286.26553,285.4655,286.4655,287.4655,286.86554,286.66553,285.36554,285.36554,284.86554,283.36554,283.36554,284.56552,283.86554,282.16553,283.26553,282.16553,280.9655,280.06552,278.86554,279.66553,280.56552,280.9655,280.86554,279.4655,277.9655,278.56552,277.66553,266.86554,269.66553,265.36554
282.06552,284.56552,283.76553,283.76553,284.16553,284.36554,283.4655,284.66553,283.86554,282.56552,283.9655,282.9655,283.9655,283.86554,283.9655,284.56552,285.06552,284.76553,284.16553,284.86554,282.76553,282.86554,283.66553,283.66553,282.9655,282.16553,281.9655,281.16553,280.66553,280.56552,280.26553,282.26553,283.26553,282.26553,280.76553,278.56552,276.66553,274.56552,270.9655,270.36554,268.36554
282.9655,282.36554,283.4655,283.26553,283.86554,282.9655,283.56552,281.36554,282.16553,281.9655,282.56552,283.06552,283.4655,283.16553,282.9655,283.66553,283.66553,283.66553,283.26553,282.9655,282.9655,281.9655,281.9655,282.16553,281.86554,281.56552,280.26553,281.86554,281.9655,282.86554,283.16553,283.4655,282.9655,283.16553,281.76553,279.56552,275.36554,272.26553,271.86554,272.9655,269.4655
281.66553,283.56552,282.86554,282.86554,282.9655,283.06552,282.16553,282.06552,282.4655,281.76553,280.06552,280.9655,282.16553,281.26553,281.76553,281.9655,282.16553,282.26553,282.06552,282.16553,281.4655,281.06552,280.4655,280.56552,280.16553,281.06552,281.36554,282.56552,282.86554,283.26553,282.86554,282.66553,283.26553,280.16553,281.66553,280.4655,280.4655,280.16553,279.16553,279.06552,277.66553
282.16553,281.9655,283.06552,282.56552,283.06552,282.66553,281.76553,281.76553,281.4655,281.36554,279.26553,277.86554,280.76553,280.16553,281.06552,281.36554,281.4655,281.16553,281.56552,281.06552,280.76553,279.86554,279.4655,279.36554,280.86554,281.36554,282.4655,282.36554,282.26553,282.06552,281.86554,281.4655,280.76553,282.26553,282.56552,282.86554,281.56552,280.26553,278.16553,277.66553,277.26553
282.26553,283.56552,283.86554,283.86554,282.86554,282.36554,281.4655,281.56552,281.26553,281.26553,279.36554,276.56552,278.66553,280.56552,280.76553,281.56552,281.56552,281.06552,280.9655,281.06552,280.9655,280.76553,281.26553,281.66553,281.66553,281.56552,281.36554,281.4655,281.06552,281.36554,281.56552,280.76553,280.56552,279.9655,280.26553,278.36554,277.4655,276.16553,275.36554,273.86554,275.9655
283.36554,284.9655,283.86554,284.26553,283.56552,283.56552,283.86554,282.26553,284.16553,282.06552,280.9655,281.16553,279.86554,278.76553,280.36554,281.16553,281.4655,280.76553,280.9655,280.76553,280.76553,280.36554,280.76553,280.56552,280.66553,282.76553,281.36554,281.4655,281.86554,280.76553,280.36554,280.4655,277.06552,277.06552,276.36554,275.66553,274.76553,273.76553,274.4655,275.06552,273.56552
