wind_kz.json
{"header": {"discipline":0,"disciplineName":"Meteorological products","gribEdition":2,"gribLength":948,"center":7,"centerName":"US National Weather Service - NCEP(WMC)","subcenter":0,"refTime":"2023-09-28T12:00:00.000Z","significanceOfRT":1,"significanceOfRTName":"Start of forecast","productStatus":0,"productStatusName":"Operational products","productType":1,"productTypeName":"Forecast products","productDefinitionTemplate":0,"productDefinitionTemplateName":"Analysis/forecast at horizontal level/layer at a point in time","parameterCategory":2,"parameterCategoryName":"UnknownDiscipline_0_Category_2","parameterNumber":3,"parameterNumberName":"UnknownParameter_D0_C2_3","parameterUnit":"Unknown","genProcessType":2,"genProcessTypeName":"Forecast","forecastTime":60,"surface1Type":103,"surface1TypeName":"Specified height level above ground","surface1Value":10.0,"surface2Type":255,"surface2TypeName":"Missing","surface2Value":0.0,"gridDefinitionTemplate":0,"gridDefinitionTemplateName":"Latitude_Longitude","numberPoints":615,"shape":6,"shapeName":"Earth spherical with radius of 6,371,229.0 m","gridUnits":"degrees","resolution":48,"winds":"true","scanMode":64,"nx":41,"ny":15,"basicAngle":0,"lo1":47.0,"la1":41.0,"lo2":87.0,"la2":55.0,"dx":1.0,"dy":1.0}, "data":
[rows 0 to 14 of 15, columns 0 to 40 of 41]
0.6114087,-1.5085913,1.0614086,-1.2785913,-3.0885913,-2.0285914,-0.3685913,0.8514087,0.3114087,0.0014086914,-0.90859133,-0.8985913,-1.4885913,-2.5885913,-2.8785913,-2.0185914,-0.4085913,-1.0685914,-1.3885913,-1.3385913,-2.2085912,-0.4685913,0.3514087,-1.5585914,-1.6985914,-1.4285913,-1.1985914,0.9614087,2.6914086,3.1414087,-1.6785913,-1.8285913,0.6814087,-1.2785913,0.8114087,0.2514087,-1.3385913,-0.7885913,1.3914087,0.8514087,2.6014087
1.7714087,1.3814087,0.5414087,-0.8885913,-2.2885914,-0.47859132,-1.7485913,0.0014086914,-0.9885913,-1.0185913,0.15140869,-0.11859131,-1.0185913,-2.6385913,-3.3785913,-3.4885912,-2.1885912,-0.17859131,-1.5785913,-1.1985914,-1.4385914,-1.3285913,1.7114087,1.8514087,0.7314087,0.84140867,-2.2085912,2.0214088,0.1714087,2.1614087,4.1514087,4.6914086,-0.5185913,-0.5585913,-2.7385912,-0.6085913,-1.8885913,-3.4185913,-0.5985913,-1.0985913,0.45140868
2.0214088,2.1814086,-0.23859131,-1.5285913,0.04140869,-0.3985913,-0.5185913,-1.3585913,-0.6485913,-1.1685913,-1.3585913,0.9814087,-1.4185913,-2.1785913,-2.6385913,-2.7185912,-1.9285913,-1.0885913,-0.90859133,-1.4285913,-0.7985913,-1.4885913,2.1714087,1.8514087,2.6414087,1.3614087,1.7414087,1.0314087,-0.2485913,1.6414087,4.2914085,1.4014087,2.1914086,-0.14859131,-0.7985913,-0.6385913,-0.1985913,-0.8085913,-1.6785913,0.15140869,1.0014087
0.27140868,0.9514087,0.4314087,-1.3985913,-2.1085913,-1.4685913,-2.2785914,-2.0385914,-1.4585913,-0.20859131,-0.8185913,0.21140869,-0.08859131,-3.2985914,-2.6985912,-2.3585913,-1.1085913,0.13140869,0.59140867,0.07140869,1.0514086,2.3814087,2.2314086,3.7814088,4.221409,2.3214087,1.7914087,-0.8185913,2.6414087,0.78140867,1.2114087,-0.9885913,-1.6485913,-0.7885913,-0.5185913,-0.11859131,2.9214087,2.2514086,0.13140869,2.5914087,3.3714087
0.4714087,-0.58859134,-2.2785914,-3.0485914,-2.0585914,-1.2885913,-0.96859133,-0.04859131,-1.2885913,0.8614087,0.4614087,-0.52859133,-0.71859133,-2.9585912,-4.1885915,-3.9785912,-2.7685914,-3.0185914,-2.5385914,-0.07859131,1.9914087,0.7414087,2.9714086,0.45140868,0.12140869,-0.018591309,0.33140868,-0.028591309,-0.44859132,-0.5085913,2.2814088,1.1514087,1.9714087,2.7614088,-0.4685913,-0.2885913,-0.5785913,0.36140868,0.03140869,2.5514088,1.1314087
0.4614087,-1.0385913,-3.0985913,-1.6885914,-3.0685914,-4.6185913,-3.4885912,-2.8385913,-1.4485914,-1.6085913,1.3114086,1.8214087,0.33140868,-0.028591309,-2.3785913,-3.8285913,-4.298591,-2.6785913,-4.6185913,-3.1985912,-3.1785913,-0.8585913,0.10140869,-0.7885913,-2.3485913,-3.0685914,-2.8185914,-0.4685913,0.7414087,-0.6885913,0.78140867,1.3414087,1.1814086,1.2214087,1.6214087,-1.0285913,1.7914087,-0.29859132,-3.1385913,1.7014087,-0.12859131
-1.0085913,-1.0185913,-1.5085913,-1.8485913,-2.9385912,-3.6785913,-4.298591,-3.3485913,-2.0785913,-1.0185913,-1.0785913,0.7014087,0.7014087,-1.6085913,-2.3885913,-3.2985914,-2.5585914,-1.0185913,-1.9985913,-2.6585913,-3.0085914,-1.7685913,-2.0985913,0.42140868,2.7214086,2.7614088,1.3314087,-0.90859133,-2.1285913,-1.8485913,-0.9585913,-1.5285913,-2.6385913,-1.2685913,-0.06859131,1.3314087,-0.5385913,1.4414086,-1.2485913,-0.7485913,-1.1285913
-0.4985913,-1.1685913,-2.0685914,-2.4385912,-2.8885913,-3.3985913,-4.3485913,-4.1885915,-2.8385913,-1.9485914,-1.2685913,-0.14859131,-2.2185912,-2.4885912,-3.4285913,-3.7485914,-1.8985913,-0.6185913,-1.1685913,0.3414087,-1.2285913,-1.0785913,-1.8785913,-4.2085915,-1.1085913,-1.9485914,1.5414087,-1.1485913,-0.77859133,-2.2885914,-1.7585913,-1.6285913,-0.5185913,-2.6785913,-1.9085913,-1.8885913,-0.9185913,-0.9485913,0.5114087,-0.6085913,-0.7985913
0.4714087,-0.5985913,-1.8485913,-2.7585914,-3.0485914,-3.0385914,-3.5585914,-3.7685914,-2.8685913,-1.5585914,-1.3885913,-2.1485913,-2.4585912,-2.6485913,-3.2285912,-3.1485913,-2.6485913,-1.2585913,-0.4885913,-1.0685914,-0.8885913,-0.77859133,2.7414086,3.1114087,0.97140867,1.4714087,1.7114087,0.9514087,-0.3085913,-0.4085913,-0.3785913,-1.0985913,0.45140868,-1.0785913,-1.1285913,-1.6885914,-2.2685914,0.9814087,3.3114088,1.7514087,1.8614087
1.1414087,-0.14859131,-1.0485913,-1.9185913,-1.9685913,-2.0685914,-2.1085913,-2.6785913,-1.6285913,-1.0285913,-1.2385913,-2.3585913,-2.9485912,-2.5885913,-2.9485912,-3.6285913,-2.8785913,-0.7685913,-0.71859133,-0.9585913,-2.2485914,-1.3185914,-1.5785913,-0.3785913,-1.3485913,0.3714087,0.2914087,0.8814087,-0.7485913,-0.3385913,-0.008591308,-0.4885913,0.66140866,0.04140869,-0.6385913,-1.0485913,-0.018591309,-0.008591308,1.8914087,2.6214087,2.1314087
1.8614087,1.1114087,0.6514087,-0.5185913,-1.8285913,-0.7285913,-0.3785913,-0.15859132,-0.83859134,-0.1685913,-1.2085913,-0.5785913,-2.1785913,-1.9485914,-2.6585913,-2.6885912,-2.2885914,-1.8985913,-1.3485913,-1.4785913,-1.6285913,-1.4785913,-1.4885913,-1.6085913,-1.6285913,-1.2985913,0.07140869,-1.5085913,-0.5685913,-1.6685913,-2.2085912,-0.6785913,-1.6985914,-1.9385914,-1.6085913,0.03140869,-1.3085914,-1.1685913,-2.0785913,1.2614087,1.4514087
1.9014087,2.3414087,1.5314087,0.9414087,-0.008591308,0.12140869,-0.06859131,1.1014087,0.20140868,0.021408692,-0.35859132,-1.5985913,-1.3885913,-1.9785913,-1.6185913,-1.9985913,-1.7085913,-1.4185913,-0.83859134,-0.7685913,-0.7485913,-0.96859133,-0.83859134,-1.6185913,-0.7985913,-1.1085913,-1.8185914,-0.8985913,-0.9585913,-1.3985913,-1.9985913,-2.7585914,-1.6585913,-2.1185913,-2.0285914,0.3114087,0.04140869,0.9814087,0.78140867,0.5014087,-2.0285914
2.3514087,2.9714086,2.5814087,1.6114087,1.4214087,0.59140867,0.6514087,0.7614087,0.2214087,0.7914087,-0.10859131,-0.6085913,0.12140869,-1.0885913,-1.8985913,-1.7685913,-1.3585913,-0.5485913,-0.38859132,-0.65859133,-0.2885913,-0.4085913,-0.6385913,-0.2185913,-1.4585913,-1.3385913,-1.5685914,-1.7485913,-2.0585914,-2.3485913,-2.5785913,-3.2685914,-2.1185913,-2.6185913,-2.9085913,-2.4185913,-2.8685913,-1.9185913,-2.8085914,-2.9885912,-2.4085913
2.7214086,3.2514086,4.0714087,3.1314087,1.6714087,1.5114087,1.4414086,2.1514087,1.8414087,1.5714087,0.8314087,0.1914087,-1.0885913,-0.8485913,-1.2585913,-0.83859134,0.4014087,0.4614087,0.011408691,-0.9185913,-0.7385913,-0.1885913,-0.2185913,-0.5985913,-1.0485913,-1.2285913,-1.3885913,-1.2085913,-1.1785913,-1.4385914,-1.7085913,-2.3885913,-2.6985912,-2.3785913,-2.6485913,-3.2385912,-3.1585913,-3.4685912,-3.5085914,-2.9885912,-3.9285913
2.2114086,3.1114087,4.7514086,3.5314088,3.1414087,2.6414087,2.4314086,1.6114087,1.7014087,1.2614087,0.8914087,1.6314087,1.5414087,0.5514087,0.081408694,0.051408693,1.2814087,0.7014087,0.4614087,0.0014086914,-0.22859131,-0.6085913,-0.4285913,-0.6685913,-0.71859133,-0.9885913,-0.5685913,-0.5685913,-0.7585913,-0.8785913,-1.7485913,-1.3785913,-1.1685913,-1.5985913,-1.5385913,-1.7385913,-1.8785913,-2.0685914,-2.0885913,-3.4485912,-2.2085912
