wind_kz.json
{"header": {"discipline":0,"disciplineName":"Meteorological products","gribEdition":2,"gribLength":871,"center":7,"centerName":"US National Weather Service - NCEP(WMC)","subcenter":0,"refTime":"2023-08-22T12:00:00.000Z","significanceOfRT":1,"significanceOfRTName":"Start of forecast","productStatus":0,"productStatusName":"Operational products","productType":1,"productTypeName":"Forecast products","productDefinitionTemplate":0,"productDefinitionTemplateName":"Analysis/forecast at horizontal level/layer at a point in time","parameterCategory":0,"parameterCategoryName":"UnknownDiscipline_0_Category_0","parameterNumber":0,"parameterNumberName":"UnknownParameter_D0_C0_0","parameterUnit":"Unknown","genProcessType":2,"genProcessTypeName":"Forecast","forecastTime":180,"surface1Type":1,"surface1TypeName":"Ground or water surface","surface1Value":0.0,"surface2Type":255,"surface2TypeName":"Missing","surface2Value":0.0,"gridDefinitionTemplate":0,"gridDefinitionTemplateName":"Latitude_Longitude","numberPoints":615,"shape":6,"shapeName":"Earth spherical with radius of 6,371,229.0 m","gridUnits":"degrees","resolution":48,"winds":"true","scanMode":64,"nx":41,"ny":15,"basicAngle":0,"lo1":47.0,"la1":41.0,"lo2":87.0,"la2":55.0,"dx":1.0,"dy":1.0}, "data":
[rows 0 to 14 of 15, columns 0 to 40 of 41]
295.1524,285.6524,289.8524,299.0524,298.5524,297.75238,297.6524,298.9524,296.6524,296.9524,295.8524,297.4524,296.3524,297.3524,299.0524,296.4524,296.25238,295.8524,296.4524,296.1524,294.3524,290.75238,291.0524,290.9524,291.9524,292.4524,290.6524,278.0524,278.5524,278.3524,277.1524,277.3524,287.8524,293.25238,295.4524,295.1524,294.3524,295.5524,295.8524,296.1524,296.0524
278.1524,290.25238,298.6524,298.6524,298.75238,297.3524,292.75238,293.75238,294.3524,294.9524,295.8524,294.8524,293.6524,293.25238,293.0524,293.75238,296.9524,292.5524,291.8524,293.9524,292.75238,292.25238,294.5524,287.0524,274.5524,275.1524,284.4524,277.5524,279.5524,275.0524,282.0524,272.1524,279.8524,257.5524,276.6524,292.75238,291.1524,294.3524,298.0524,289.5524,283.9524
292.5524,298.6524,298.75238,298.75238,297.4524,290.75238,290.4524,290.1524,290.25238,290.9524,291.8524,293.4524,292.6524,292.8524,294.0524,292.9524,292.75238,293.4524,292.9524,292.3524,294.75238,292.3524,292.5524,289.75238,290.8524,289.5524,291.8524,289.5524,288.8524,284.5524,277.6524,279.6524,282.75238,281.4524,282.5524,285.25238,277.75238,276.1524,279.3524,276.5524,275.75238
292.75238,299.5524,298.9524,297.75238,293.6524,287.75238,288.1524,287.25238,287.75238,288.75238,289.5524,290.25238,295.3524,294.6524,292.1524,293.8524,293.9524,291.3524,293.0524,293.1524,292.1524,288.5524,291.0524,293.0524,294.9524,295.1524,294.9524,291.5524,290.75238,289.8524,290.75238,291.6524,293.0524,290.1524,289.9524,289.8524,278.1524,276.5524,281.0524,288.4524,292.1524
288.0524,299.0524,299.0524,298.6524,295.0524,288.8524,286.8524,286.8524,287.0524,287.9524,286.8524,286.25238,295.25238,293.9524,291.6524,293.6524,292.8524,294.5524,290.9524,297.5524,297.6524,294.75238,291.6524,291.9524,293.25238,292.5524,292.0524,291.75238,292.3524,291.8524,293.75238,289.8524,283.5524,273.4524,280.75238,291.0524,292.6524,295.8524,295.4524,295.5524,294.75238
284.6524,284.0524,297.0524,298.0524,298.4524,297.8524,288.0524,287.8524,286.1524,286.0524,285.9524,285.5524,292.75238,294.3524,291.4524,291.4524,292.6524,293.1524,292.8524,293.75238,294.3524,295.3524,290.75238,291.1524,292.3524,291.1524,290.4524,293.0524,291.8524,292.4524,291.1524,291.75238,289.6524,287.25238,288.5524,294.8524,285.4524,287.9524,291.9524,294.1524,293.6524
285.1524,284.4524,286.9524,287.4524,289.6524,285.9524,287.25238,286.5524,287.0524,286.9524,284.9524,284.6524,283.9524,284.4524,285.25238,287.6524,290.1524,291.3524,291.3524,291.8524,292.5524,295.25238,293.4524,292.25238,291.5524,291.4524,289.3524,290.6524,290.25238,290.3524,289.8524,290.3524,290.5524,293.75238,294.8524,294.9524,285.5524,283.25238,280.9524,279.5524,289.5524
284.5524,283.9524,285.25238,284.6524,286.0524,285.3524,285.6524,284.8524,284.3524,284.5524,283.3524,283.25238,282.4524,283.4524,283.4524,284.6524,285.75238,288.5524,290.3524,288.4524,290.3524,291.25238,294.0524,292.6524,290.8524,288.75238,288.1524,287.0524,285.8524,287.25238,286.3524,286.9524,287.8524,285.25238,286.5524,286.25238,288.75238,289.3524,289.9524,290.0524,288.0524
283.0524,282.75238,283.3524,282.8524,284.0524,284.75238,283.4524,284.3524,282.8524,282.4524,282.25238,281.25238,280.5524,281.3524,281.3524,282.4524,283.1524,283.8524,284.6524,287.1524,286.9524,288.0524,289.75238,292.0524,290.3524,289.0524,287.3524,285.9524,283.25238,281.5524,282.75238,283.3524,285.3524,286.8524,288.3524,286.75238,286.3524,285.9524,276.25238,276.25238,274.75238
282.5524,283.0524,285.3524,285.6524,286.0524,285.8524,285.9524,285.4524,284.8524,284.25238,280.5524,280.1524,280.1524,279.8524,279.6524,280.25238,280.9524,281.6524,282.6524,283.4524,285.5524,287.25238,288.8524,290.4524,293.4524,289.75238,288.6524,285.9524,283.8524,283.8524,284.25238,286.5524,287.1524,288.0524,286.25238,284.3524,285.25238,282.4524,278.3524,276.5524,276.1524
284.1524,285.25238,285.25238,284.9524,284.8524,284.9524,285.0524,284.9524,284.1524,283.25238,281.8524,281.9524,282.6524,281.9524,279.1524,278.75238,278.9524,280.8524,281.3524,281.9524,282.5524,285.75238,286.75238,287.8524,288.5524,290.9524,287.8524,287.5524,287.0524,287.8524,288.0524,288.1524,287.6524,287.8524,285.9524,283.8524,282.9524,278.75238,275.9524,278.0524,278.0524
280.3524,282.8524,284.75238,284.3524,283.6524,283.75238,283.1524,282.75238,283.25238,282.8524,279.4524,280.4524,280.9524,281.0524,281.1524,279.25238,279.25238,279.4524,280.25238,280.8524,281.0524,283.0524,284.9524,286.4524,286.9524,292.1524,292.0524,290.6524,289.8524,288.8524,287.8524,287.1524,286.9524,284.6524,285.3524,284.3524,284.4524,283.3524,283.25238,282.4524,282.1524
281.0524,281.1524,281.8524,283.75238,283.75238,283.3524,282.6524,282.6524,281.9524,281.5524,280.0524,278.5524,278.9524,279.8524,280.4524,280.75238,279.75238,278.75238,280.0524,280.1524,280.3524,281.25238,284.25238,285.3524,287.1524,291.0524,292.4524,293.1524,291.25238,289.1524,288.4524,288.25238,286.25238,285.5524,284.6524,284.3524,283.6524,286.1524,284.4524,283.3524,282.9524
279.1524,280.5524,286.1524,282.75238,282.4524,282.4524,282.25238,281.8524,282.4524,282.1524,280.4524,278.5524,279.25238,279.75238,280.75238,280.5524,280.4524,276.8524,280.3524,281.8524,281.9524,282.8524,284.4524,286.8524,287.25238,287.3524,291.4524,292.25238,291.8524,291.0524,288.75238,288.3524,287.0524,285.3524,283.1524,282.8524,282.75238,282.3524,282.3524,282.0524,281.9524
279.8524,280.6524,290.4524,281.75238,282.1524,281.8524,282.25238,282.25238,282.3524,281.9524,281.75238,280.25238,279.5524,279.9524,279.6524,280.75238,276.75238,276.8524,279.8524,282.6524,282.5524,283.5524,284.5524,286.6524,286.6524,286.6524,289.75238,290.9524,290.75238,290.8524,288.3524,287.1524,287.0524,285.9524,284.9524,283.9524,284.1524,283.9524,283.5524,283.0524,282.6524
