wind.json
{"header": {"discipline":0,"disciplineName":"Meteorological products","gribEdition":2,"gribLength":1211,"center":7,"centerName":"US National Weather Service - NCEP(WMC)","subcenter":0,"refTime":"2023-06-28T12:00:00.000Z","significanceOfRT":1,"significanceOfRTName":"Start of forecast","productStatus":0,"productStatusName":"Operational products","productType":1,"productTypeName":"Forecast products","productDefinitionTemplate":0,"productDefinitionTemplateName":"Analysis/forecast at horizontal level/layer at a point in time","parameterCategory":2,"parameterCategoryName":"UnknownDiscipline_0_Category_2","parameterNumber":3,"parameterNumberName":"UnknownParameter_D0_C2_3","parameterUnit":"Unknown","genProcessType":2,"genProcessTypeName":"Forecast","forecastTime":120,"surface1Type":103,"surface1TypeName":"Specified height level above ground","surface1Value":10.0,"surface2Type":255,"surface2TypeName":"Missing","surface2Value":0.0,"gridDefinitionTemplate":0,"gridDefinitionTemplateName":"Latitude_Longitude","numberPoints":688,"shape":6,"shapeName":"Earth spherical with radius of 6,371,229.0 m","gridUnits":"degrees","resolution":48,"winds":"true","scanMode":64,"nx":43,"ny":16,"basicAngle":0,"lo1":45.0,"la1":40.0,"lo2":87.0,"la2":55.0,"dx":1.0,"dy":1.0}, "data":
[rows 0 to 15 of 16, columns 0 to 42 of 43]
-1.3995289,-1.2995288,0.060471192,3.6504712,4.7404714,2.1004713,-2.249529,-4.729529,-4.059529,-3.7595289,-1.6395288,-4.749529,-5.229529,-5.339529,-6.109529,-6.599529,-6.789529,-6.559529,-6.229529,-6.309529,-4.829529,-3.4295287,0.37047118,-6.4095287,-3.6395288,-2.1595287,1.6604712,2.3504713,-3.1195288,-2.6595287,-0.4795288,-3.0695288,-12.459529,3.6704712,-1.0895288,2.510471,-0.9095288,-2.2895288,0.8904712,-1.0395288,-1.7095288,-3.5295289,-4.959529
-1.0795288,1.2204711,1.3404711,1.8504711,1.6804712,3.4204712,-0.73952883,-4.039529,-4.3895288,-3.4295287,-3.6795287,-4.959529,-5.149529,-5.4495287,-5.5095286,-5.419529,-6.809529,-6.419529,-6.4095287,-5.579529,-4.609529,-2.6395288,-1.8895288,-3.249529,-1.7395288,-2.1295288,3.290471,6.710471,3.4204712,3.3404713,-2.3795288,-0.029528808,1.9904712,-3.6395288,-1.0395288,1.2104712,1.7804712,1.1504712,1.5904711,0.8304712,-0.9395288,-0.7095288,-1.1195288
0.5304712,2.760471,-2.3095288,0.7104712,1.7504712,2.1104712,0.14047119,-2.209529,-2.979529,-3.8095288,-3.6895287,-4.4095287,-4.579529,-4.6995287,-4.7195287,-5.849529,-7.7795286,-6.7995286,-6.089529,-3.7895288,-2.6395288,-4.0095286,-2.6795287,-2.6295288,-0.9395288,0.16047119,2.4304712,2.8204713,1.5404712,-0.1295288,-0.1795288,-4.4695287,-0.7695288,-1.3595288,-1.0195289,-0.2395288,-3.729529,-0.2695288,3.6304712,6.100471,-6.729529,1.0504712,0.7104712
-1.8095288,-2.9395287,1.5704712,3.7404711,2.2404711,2.250471,-0.11952881,1.5304712,-2.249529,-3.999529,-4.0695286,-4.459529,-5.269529,-4.4895287,-5.7195287,-8.209529,-7.059529,-6.9295287,-6.269529,-4.4095287,-3.9295287,-2.7595289,-2.3295288,-1.7495288,2.0904713,2.520471,-2.3495288,2.040471,1.8904712,-2.1295288,4.0904713,1.7704712,-0.54952884,-2.6395288,3.530471,-2.1295288,-3.0095289,4.0104713,5.370471,-1.9395288,-1.8895288,0.120471194,-2.3195288
-0.4295288,2.3704712,3.6604712,3.3804712,3.2204711,1.0304712,-0.92952883,-4.3195286,-4.059529,-5.609529,-4.7195287,-5.339529,-5.119529,-4.869529,-0.6495288,-1.1095288,-5.2395287,-6.439529,-4.9695287,-1.2695289,-0.9995288,-1.0695288,-0.5295288,1.8304712,-0.4695288,0.040471192,1.8104712,3.3004713,4.4704714,-4.2995286,-8.219529,4.770471,10.260471,-0.3395288,1.8604712,-0.4195288,-1.4795288,-1.7195288,-4.3195286,-1.6795288,-2.2695289,-3.1495287,-4.629529
1.0504712,4.290471,5.330471,4.8004713,3.8804712,0.6904712,-2.9495287,-6.609529,-7.019529,-6.9495287,-6.189529,-5.769529,-5.379529,-5.4095287,2.6704712,-0.7695288,-1.2395288,-3.0495288,-4.4295287,-5.379529,-4.119529,-0.4595288,0.6804712,2.4404712,2.750471,1.4304712,1.6604712,-0.7695288,2.530471,0.2904712,-4.869529,-6.879529,-1.0995288,-1.3495288,0.37047118,0.9904712,-1.2695289,1.6904712,0.3904712,0.6804712,1.4504712,-0.22952881,-1.2695289
0.7104712,2.8204713,1.9504712,4.040471,7.790471,4.880471,2.6304712,0.6804712,-1.6895288,-5.099529,-5.7595286,-6.839529,-5.869529,-5.589529,-4.7995286,-0.6895288,-0.3095288,-3.959529,-9.559528,-6.1595287,-4.599529,-4.669529,4.420471,2.7004712,0.8504712,5.9304714,6.060471,4.140471,3.4704711,3.9304712,-1.9395288,-6.2595286,2.1604712,-1.4495288,-1.3595288,-0.1595288,-2.6395288,-1.0195289,-1.0095288,-5.359529,7.330471,2.1304712,-0.10952881
-0.2995288,-0.1595288,-1.4295288,-1.8095288,0.2904712,-0.8295288,5.380471,0.7904712,-3.1495287,-4.599529,-4.809529,-5.9895287,-5.999529,-5.119529,-6.419529,-5.9695287,-7.5495286,-7.7395287,-3.6495287,-8.589529,-5.4895287,-7.1595287,-10.3995285,-8.909529,9.300471,3.520471,5.9704714,-2.459529,9.550471,-1.2895288,1.4204712,1.3404711,4.330471,0.19047119,-3.4195287,-3.1795287,-0.79952884,1.7004712,-5.4695287,-2.9295287,-1.9395288,-0.40952882,-4.329529
-3.999529,-3.459529,-1.5795288,-0.6295288,-2.7895288,-2.8395288,-7.769529,-3.5195289,-4.369529,-5.3895288,-5.599529,-5.7595286,-6.249529,-5.869529,-7.229529,-7.019529,-8.109529,-6.939529,-7.579529,-2.6695287,-6.149529,-5.6595287,-1.1795288,6.080471,4.500471,5.500471,5.290471,5.5904713,8.880471,7.380471,1.7904712,1.0004712,0.120471194,-2.4095287,-1.9195288,-6.629529,-5.769529,-2.9095287,-1.4195288,-0.40952882,0.51047117,0.7404712,-0.21952881
-1.5595288,-1.6795288,-2.9395287,-1.8895288,1.1004711,-1.5995288,0.3304712,-2.8395288,-4.4895287,-4.899529,-4.1595287,-4.6995287,-5.729529,-6.2995286,-6.6995287,-8.119529,-7.8195286,-7.149529,-6.749529,-6.2395287,-4.689529,-4.369529,0.020471191,1.7304711,-2.8995287,2.2104712,1.3904712,4.020471,2.780471,-1.7895288,0.11047119,0.31047118,-2.1695287,-3.9395287,-3.739529,-4.5695286,-4.329529,-4.9695287,-4.019529,-4.099529,-3.1895287,-2.1895287,1.5904711
-1.1295288,-2.4295287,1.0904711,1.2204711,-2.1995287,-2.0095289,-1.1595289,-3.4095287,-3.4095287,-2.5695288,-3.499529,-4.129529,-4.609529,-6.0095286,-6.2195287,-7.119529,-6.879529,-7.0295286,-1.3495288,-3.1595287,2.6304712,-4.669529,-2.0495288,-2.989529,-2.0595288,3.2204711,-2.2595289,-1.7295288,-0.10952881,-0.24952881,-1.6295288,-0.9495288,-0.7095288,-2.5995288,-4.979529,-6.6595287,-6.7995286,-4.479529,-1.2695289,1.5504712,-0.7595288,-2.4195287,-2.3895288
-1.8695288,-3.3895288,-2.3095288,-1.8395288,-1.5395288,0.3504712,-2.229529,-0.18952881,-0.21952881,-1.0995288,-1.6395288,-4.059529,-3.999529,-6.099529,-5.3195286,-4.4095287,-5.579529,-8.949529,-8.459529,-5.7995286,0.2804712,0.5204712,-0.3595288,-4.3195286,-0.5895288,-0.7895288,0.19047119,0.70047116,0.6004712,1.8004712,1.1204712,0.3304712,-0.9795288,-1.8895288,-3.5395288,-4.439529,-5.9095287,-6.419529,-3.489529,-2.6095288,-2.8295288,-2.729529,-2.8295288
0.6604712,-0.8595288,-1.7395288,-1.6795288,-1.3095288,-2.0295289,-0.009528808,-0.24952881,0.24047118,0.1804712,-0.8795288,-3.0595288,-2.1695287,-2.1995287,-3.8395288,-4.0695286,-4.6395288,-7.589529,-7.309529,-5.669529,-3.6895287,-1.9395288,-2.3095288,0.3304712,2.1704712,3.1504712,1.4704711,1.3004712,2.6204712,2.1004713,1.0204712,-0.5095288,-1.6895288,-2.1895287,-2.1995287,-3.989529,-3.8195288,-4.6595287,-4.079529,-2.9395287,-2.0495288,-1.8395288,-2.3995287
0.10047119,-0.21952881,-0.6395288,-0.049528807,2.8104713,-4.599529,-1.0995288,-0.37952882,-2.5295289,-1.1395288,-1.9095289,-0.9095288,-1.0695288,-0.5795288,-0.05952881,-2.8195288,-3.969529,-5.619529,-6.7195287,-4.129529,-3.239529,-1.5495288,-0.61952883,0.7704712,0.9004712,3.8204713,3.3604712,3.0904713,3.010471,1.4704711,0.70047116,-0.11952881,0.9304712,0.8004712,-0.4995288,-1.3195288,-2.0595288,-2.8995287,-1.5995288,-1.9795288,-3.8695288,-3.8595288,-0.25952882
1.5204712,0.2104712,-1.9195288,-2.2595289,-2.0995288,-0.7295288,-1.9095289,0.2904712,-0.1795288,1.7004712,-0.54952884,0.040471192,-1.0295289,-1.5795288,-0.19952881,-0.09952881,-0.8195288,-2.469529,-4.839529,-3.9395287,-4.4895287,-1.7595288,-0.9395288,-1.2195288,-1.6995288,-0.67952883,0.95047116,1.4404712,1.0304712,1.3304712,0.63047117,1.9704711,2.000471,1.3304712,-0.5095288,-2.6595287,-2.8495288,-2.5595288,-2.459529,-2.8195288,-2.729529,-2.6595287,-4.229529
2.530471,0.040471192,-0.9195288,-0.9795288,-2.1095288,-2.719529,0.19047119,1.0504712,-3.8095288,-0.4295288,1.3804712,0.14047119,1.4604712,0.4504712,-0.19952881,-0.4895288,-0.5095288,-2.9495287,-3.0495288,-3.8295288,-2.469529,-2.479529,0.5604712,1.1904712,0.9004712,0.82047117,0.8504712,2.3404713,2.280471,2.4204712,1.2904712,0.6904712,0.2004712,-0.9495288,1.0904711,0.5204712,-0.6295288,-0.3395288,-3.0395288,-0.8995288,-2.2795289,-1.9695288,-2.739529
