wind_kz.json
{"header": {"discipline":0,"disciplineName":"Meteorological products","gribEdition":2,"gribLength":871,"center":7,"centerName":"US National Weather Service - NCEP(WMC)","subcenter":0,"refTime":"2023-08-19T18:00:00.000Z","significanceOfRT":1,"significanceOfRTName":"Start of forecast","productStatus":0,"productStatusName":"Operational products","productType":1,"productTypeName":"Forecast products","productDefinitionTemplate":0,"productDefinitionTemplateName":"Analysis/forecast at horizontal level/layer at a point in time","parameterCategory":0,"parameterCategoryName":"UnknownDiscipline_0_Category_0","parameterNumber":0,"parameterNumberName":"UnknownParameter_D0_C0_0","parameterUnit":"Unknown","genProcessType":2,"genProcessTypeName":"Forecast","forecastTime":120,"surface1Type":1,"surface1TypeName":"Ground or water surface","surface1Value":0.0,"surface2Type":255,"surface2TypeName":"Missing","surface2Value":0.0,"gridDefinitionTemplate":0,"gridDefinitionTemplateName":"Latitude_Longitude","numberPoints":615,"shape":6,"shapeName":"Earth spherical with radius of 6,371,229.0 m","gridUnits":"degrees","resolution":48,"winds":"true","scanMode":64,"nx":41,"ny":15,"basicAngle":0,"lo1":47.0,"la1":41.0,"lo2":87.0,"la2":55.0,"dx":1.0,"dy":1.0}, "data":
[rows 0 to 14 of 15, columns 0 to 40 of 41]
299.12445,287.92447,292.12445,299.12445,298.92447,297.72446,299.82446,303.62445,304.32446,305.42447,304.92447,306.32446,303.12445,303.62445,303.62445,300.52448,301.62445,302.52448,301.82446,302.12445,301.92447,295.12445,297.12445,290.22446,295.62445,296.22446,292.82446,277.52448,278.32446,278.42447,279.02448,280.62445,288.02448,293.22446,295.52448,299.12445,300.52448,302.32446,301.42447,299.32446,301.12445
279.92447,294.92447,299.12445,299.42447,299.12445,297.62445,300.12445,301.12445,300.82446,302.32446,303.92447,305.12445,301.52448,299.92447,299.42447,298.82446,297.22446,299.62445,300.12445,300.52448,299.52448,300.02448,296.82446,287.72446,279.02448,280.42447,289.92447,276.12445,277.72446,273.62445,279.42447,276.22446,283.12445,269.62445,278.22446,292.52448,294.22446,299.32446,303.22446,292.92447,284.22446
296.82446,299.42447,299.72446,299.82446,297.82446,297.82446,298.92447,299.32446,299.12445,299.52448,300.42447,300.42447,296.52448,298.12445,299.42447,299.72446,297.42447,296.72446,297.22446,299.22446,300.72446,299.72446,298.32446,291.72446,294.72446,294.22446,294.92447,294.02448,294.42447,283.62445,273.72446,276.22446,285.42447,284.52448,288.32446,287.62445,280.62445,282.72446,283.12445,277.92447,277.62445
294.22446,300.22446,299.52448,298.62445,296.42447,296.42447,297.62445,297.22446,298.22446,298.72446,299.22446,298.82446,295.82446,295.12445,297.62445,294.32446,298.82446,299.92447,300.82446,298.62445,298.32446,296.02448,303.72446,300.82446,297.02448,297.52448,298.92447,295.82446,294.62445,296.72446,295.02448,291.32446,297.42447,297.62445,293.62445,289.12445,278.82446,280.52448,283.92447,293.82446,297.22446
299.02448,300.02448,299.82446,299.12445,298.52448,297.62445,298.12445,298.12445,297.62445,298.42447,298.12445,298.02448,296.12445,294.82446,292.12445,296.92447,297.62445,297.22446,295.62445,299.82446,300.92447,301.12445,299.52448,299.72446,298.62445,299.42447,296.32446,296.92447,296.32446,296.12445,299.72446,295.92447,283.02448,274.32446,286.72446,295.92447,296.42447,301.62445,301.32446,300.82446,300.62445
296.02448,294.72446,298.22446,298.52448,298.92447,299.02448,297.92447,296.62445,297.82446,298.22446,299.02448,300.82446,295.92447,295.22446,296.12445,296.62445,297.62445,297.82446,297.62445,299.62445,298.82446,298.92447,298.52448,299.32446,298.52448,298.12445,299.62445,293.92447,298.92447,300.82446,299.22446,300.52448,297.82446,295.02448,294.42447,295.92447,290.42447,293.12445,301.32446,299.62445,299.12445
295.82446,293.72446,297.82446,298.02448,297.32446,296.52448,299.42447,294.52448,297.92447,300.32446,298.02448,296.62445,295.92447,294.82446,297.52448,299.52448,296.32446,298.32446,296.62445,295.82446,295.22446,297.92447,298.62445,299.02448,298.32446,300.32446,298.72446,302.22446,299.72446,299.22446,298.02448,297.92447,298.22446,299.72446,299.42447,294.22446,289.02448,286.32446,281.62445,281.72446,294.72446
294.02448,292.92447,294.22446,293.12445,295.22446,294.42447,294.82446,293.72446,293.82446,294.72446,294.22446,292.52448,291.32446,293.82446,295.02448,294.52448,295.12445,298.32446,299.02448,292.92447,293.02448,293.82446,294.72446,295.62445,296.22446,294.02448,296.12445,296.72446,294.82446,298.72446,296.62445,297.92447,295.52448,291.02448,292.32446,293.72446,294.52448,289.32446,293.02448,293.12445,290.22446
290.82446,290.72446,290.52448,289.92447,290.62445,291.22446,291.42447,292.12445,292.62445,289.42447,289.32446,287.72446,288.42447,290.32446,292.92447,292.62445,293.02448,293.22446,292.72446,291.62445,288.52448,292.22446,292.12445,292.72446,291.92447,293.22446,293.72446,291.22446,292.72446,289.82446,291.72446,294.82446,295.32446,294.52448,293.92447,290.62445,291.32446,292.02448,276.12445,277.82446,275.52448
288.62445,289.32446,289.02448,288.02448,288.82446,288.72446,292.52448,290.42447,289.32446,290.52448,289.52448,287.32446,288.72446,288.82446,293.12445,291.22446,291.22446,289.12445,288.72446,288.82446,288.02448,289.92447,291.72446,293.82446,291.42447,290.12445,291.52448,293.12445,293.72446,292.72446,293.72446,295.02448,296.12445,295.02448,293.12445,291.02448,289.72446,285.82446,279.22446,279.92447,278.82446
287.32446,285.12445,285.72446,286.92447,286.52448,288.02448,290.72446,290.12445,289.82446,288.82446,288.22446,285.22446,290.52448,290.12445,291.02448,290.02448,286.92447,287.62445,287.52448,286.32446,286.72446,286.82446,287.42447,287.82446,287.32446,288.82446,288.12445,294.72446,294.82446,294.82446,296.02448,296.02448,297.22446,295.42447,296.12445,290.82446,287.22446,284.32446,281.72446,282.92447,280.42447
283.32446,283.92447,284.42447,284.92447,285.52448,286.52448,286.12445,288.02448,287.22446,284.92447,279.72446,282.02448,285.22446,284.42447,283.72446,282.62445,282.52448,283.42447,284.32446,283.92447,283.12445,283.72446,284.32446,285.02448,285.62445,289.52448,291.72446,293.72446,294.22446,295.62445,292.22446,295.42447,296.32446,292.72446,292.52448,292.22446,293.02448,290.92447,289.92447,289.02448,287.02448
285.22446,285.32446,281.72446,281.32446,283.22446,286.12445,287.42447,284.62445,281.12445,281.12445,278.52448,277.02448,281.72446,280.52448,280.82446,280.22446,279.82446,280.82446,282.92447,283.62445,283.82446,283.32446,283.52448,284.52448,284.72446,288.72446,291.32446,292.12445,294.82446,293.02448,292.82446,293.52448,294.22446,294.22446,292.52448,292.82446,291.32446,291.62445,290.22446,289.02448,288.62445
284.92447,285.82446,287.92447,280.52448,281.12445,283.22446,282.62445,282.72446,281.32446,281.02448,279.52448,277.62445,277.92447,279.32446,279.62445,279.32446,279.22446,279.32446,280.72446,282.82446,283.62445,283.12445,284.22446,285.02448,283.82446,286.92447,287.72446,290.72446,290.42447,291.62445,293.52448,291.92447,290.92447,291.22446,293.22446,291.72446,290.72446,289.72446,288.82446,288.32446,287.72446
284.32446,284.52448,290.92447,279.52448,279.52448,281.42447,283.02448,283.02448,283.02448,284.42447,282.92447,278.92447,281.32446,282.42447,279.92447,283.02448,278.82446,281.22446,283.22446,282.12445,282.82446,282.12445,282.72446,283.22446,284.52448,283.62445,286.32446,289.22446,290.72446,290.12445,291.42447,287.22446,289.62445,291.32446,294.32446,293.02448,291.32446,290.52448,289.32446,288.62445,289.02448
