wind_kz.json
{"header": {"discipline":0,"disciplineName":"Meteorological products","gribEdition":2,"gribLength":1025,"center":7,"centerName":"US National Weather Service - NCEP(WMC)","subcenter":0,"refTime":"2023-08-23T06:00:00.000Z","significanceOfRT":1,"significanceOfRTName":"Start of forecast","productStatus":0,"productStatusName":"Operational products","productType":1,"productTypeName":"Forecast products","productDefinitionTemplate":0,"productDefinitionTemplateName":"Analysis/forecast at horizontal level/layer at a point in time","parameterCategory":2,"parameterCategoryName":"UnknownDiscipline_0_Category_2","parameterNumber":3,"parameterNumberName":"UnknownParameter_D0_C2_3","parameterUnit":"Unknown","genProcessType":2,"genProcessTypeName":"Forecast","forecastTime":240,"surface1Type":103,"surface1TypeName":"Specified height level above ground","surface1Value":10.0,"surface2Type":255,"surface2TypeName":"Missing","surface2Value":0.0,"gridDefinitionTemplate":0,"gridDefinitionTemplateName":"Latitude_Longitude","numberPoints":615,"shape":6,"shapeName":"Earth spherical with radius of 6,371,229.0 m","gridUnits":"degrees","resolution":48,"winds":"true","scanMode":64,"nx":41,"ny":15,"basicAngle":0,"lo1":47.0,"la1":41.0,"lo2":87.0,"la2":55.0,"dx":1.0,"dy":1.0}, "data":
[rows 0 to 14 of 15, columns 0 to 40 of 41]
2.4007494,2.1607494,-1.4592505,-2.4592505,-4.3892503,-4.4492507,-3.6792505,-0.9692505,2.3607495,2.3507495,3.2707496,1.9007496,0.5407495,-1.5992504,-0.08925049,-1.5392505,-1.7392505,-1.3692505,-4.3192506,-3.7492504,-2.7692504,-4.0692506,-3.0192504,1.7707496,3.1007495,1.2907495,0.5907495,-1.0692505,4.0107493,9.26075,2.8207495,2.3307495,-1.4092505,-4.6392503,-0.3792505,2.6507494,3.0407495,1.3607495,0.010749511,0.040749513,1.9807495
-1.7292504,-0.39925048,0.19074951,-1.8492504,-2.6492505,-4.9492507,-5.8492503,-5.3192506,-1.4892505,-1.2992505,-0.75925046,1.1407495,1.1207495,0.56074953,-0.049250487,1.5407495,0.23074952,-0.8092505,-2.5192504,-4.6192503,-4.3392506,-3.5892506,-3.3892505,-0.36925048,2.9607496,3.6807494,3.0807495,1.9607495,1.5307496,6.4407496,0.24074951,5.2907495,2.0507495,2.9107494,0.7807495,2.1107495,2.0907495,2.9307494,3.1807494,3.1507494,-0.3892505
1.0407495,2.1507494,0.44074953,-0.6092505,-1.8392504,-3.1992505,-4.3892503,-4.2092505,-4.8192506,-4.7292504,-4.1592503,-3.1292505,-0.15925048,0.2107495,0.35074952,0.2507495,0.6607495,-0.75925046,-1.1592505,-3.8392506,-6.4592505,-0.26925048,-2.8692505,0.26074952,-2.1992505,-2.0292504,-1.8892505,-1.6792505,-1.1392505,-2.0692506,1.9907495,3.4807496,1.0107495,2.1707494,1.3407495,-2.6392505,2.3307495,2.9007494,-0.5792505,4.2807493,3.1007495
1.7307495,1.4807495,0.93074954,1.5107495,-0.33925048,-3.0092504,-3.3592505,-4.5292506,-4.6192503,-5.4192505,-5.7492504,-3.2092505,-4.8592505,-0.06925049,-0.3192505,0.3007495,-0.8692505,-0.3192505,-0.109250486,-1.9092505,-5.2192507,-1.2892505,-2.0592506,-0.87925047,-2.1592505,-2.4892504,-2.1292505,1.1507496,-0.2792505,-1.9792504,-1.8492504,0.4707495,1.1007495,0.09074951,0.2107495,2.2207496,3.4307494,2.4407494,-2.9292505,-3.4292505,-2.9592505
0.040749513,-1.4792504,-2.6292505,-3.4292505,-1.5892504,-1.3292505,-2.8192506,-3.6392505,-5.0892506,-5.3792505,-5.5992503,-5.6592503,-7.5392504,-4.5092506,-2.1992505,0.26074952,0.070749514,0.14074951,-0.18925048,1.1507496,-0.5292505,-0.93925047,-1.0692505,-1.9092505,-0.33925048,0.5407495,-0.029250488,-0.8092505,-1.0592505,-2.5092504,-3.3792505,-3.2892504,-2.1592505,0.38074952,0.55074954,2.1107495,1.2307495,0.3607495,-1.6592505,0.7907495,0.3107495
-1.7492505,-1.9792504,-4.0492506,-4.6092505,-5.1292505,-5.4292507,-4.6492505,-4.0692506,-4.9092503,-5.0392504,-5.3692503,-4.4792504,-5.1792507,-7.1892505,-1.3792505,-1.1892505,0.5707495,-0.45925048,-0.9792505,-0.30925047,3.6807494,1.0407495,-0.8592505,-0.16925049,0.44074953,2.0507495,2.1507494,-2.5892506,0.3107495,-0.9592505,-2.0092504,-3.2692504,-3.2792504,-4.1492505,-2.7192504,0.35074952,-3.2692504,-0.5192505,0.1507495,1.9507495,-0.36925048
-1.6692505,-1.6892505,-2.9992504,-4.1592503,-5.3892503,-6.0192504,-6.2892504,-5.0192504,-3.4892504,-3.7492504,-3.9592505,-4.7892504,-5.1092505,-4.6192503,-1.9392505,-3.0192504,-1.2092505,-2.2392504,0.05074951,-0.23925048,-1.0692505,2.9407494,1.4407495,-0.1792505,-0.019250488,1.1107495,3.4807496,4.4707494,3.4807496,1.8407495,-0.4392505,-2.0592506,-3.3292506,-0.9092505,-0.22925049,1.6007495,2.3307495,1.3207495,1.2507495,3.3107495,-0.2892505
-1.0992504,-2.0392504,-3.0592506,-3.9992504,-5.2792506,-6.1792507,-7.2692504,-6.1492505,-5.1092505,-4.1292505,-4.2492504,-5.1192503,-4.8792505,-4.7092505,-3.9892504,-2.9692504,-3.2692504,-0.62925047,2.3707495,1.1407495,0.38074952,-2.8192506,0.8907495,0.29074952,-0.2092505,-0.23925048,0.62074953,5.0807495,5.2207494,2.6607494,1.4307495,-0.4692505,-0.8492505,-1.3792505,-1.1192505,-0.29925048,-1.5792505,-1.9392505,-0.5392505,-0.3492505,0.22074951
-1.0392505,-2.4792504,-3.1092505,-3.8592505,-4.4892507,-5.2592506,-7.1092505,-5.9292507,-4.3992505,-4.5992503,-4.8892503,-5.6492505,-6.0792503,-4.3192506,-3.5992506,-1.6592505,-1.1892505,-0.8692505,-1.8492504,-0.009250488,1.4407495,0.5807495,1.1007495,2.9307494,2.4107494,1.1007495,0.74074954,1.2707496,3.0207496,4.0207496,2.9007494,0.44074953,-0.7492505,1.1507496,0.13074951,-0.4092505,0.93074954,-3.1292505,1.8907495,2.6507494,2.3707495
-1.5692505,-2.2892504,-2.8092506,-3.8092506,-3.5592506,-5.2692504,-5.9792504,-5.7392507,-5.2092505,-4.6592503,-5.0792503,-5.2492504,-5.5092506,-5.1392503,-4.7592506,-4.5192504,-1.6992505,-1.3292505,0.2807495,0.100749515,-0.7092505,-0.9892505,0.8407495,2.5807495,1.6807495,0.7207495,0.9107495,0.7207495,1.3007495,1.9507495,1.9207495,1.4107496,0.42074952,0.8407495,1.2407495,1.4007496,-0.5192505,2.2707496,0.8607495,-0.21925049,-1.3692505
-0.1792505,-1.3192505,-2.7292504,-3.3692505,-2.8692505,-3.9692504,-4.9692507,-5.5892506,-5.5092506,-5.1392503,-3.7292504,-3.9692504,-4.6392503,-4.6992507,-5.5092506,-5.7192507,-3.9092505,-2.8892505,-2.0392504,-0.9992505,-0.2592505,1.0307496,-0.11925049,-0.45925048,0.2707495,0.32074952,1.4307495,1.9707495,1.3507495,1.1307495,1.6407495,1.4707495,1.6307495,0.9207495,0.29074952,3.4407494,1.0507495,-0.45925048,1.7807496,0.3607495,0.56074953
1.6007495,-0.5992505,-1.3292505,-1.8292505,-2.4192505,-3.3092506,-4.0092506,-4.9892507,-5.3792505,-4.4092503,-2.8492506,-2.0492506,-3.7192504,-3.9092505,-4.8792505,-4.9192505,-4.4692507,-2.1392505,-1.2892505,-2.1292505,-0.68925047,0.93074954,-1.4192505,-0.6792505,1.9707495,-0.5192505,1.3707495,0.9707495,0.08074951,1.6307495,3.2007494,3.2707496,1.3707495,0.020749511,2.0007496,2.6807494,0.93074954,-0.94925046,-2.1392505,-1.3792505,-0.9192505
1.0807495,0.14074951,-0.2792505,-0.24925049,-0.8092505,-1.2292504,-2.5792506,-3.9792504,-5.3292503,-4.7792506,-2.8192506,-2.1192505,-3.6692505,-4.9292507,-4.4992504,-4.4092503,-3.8992505,-2.9692504,-3.8692505,-2.3692505,-1.8892505,-2.5592506,-1.6592505,-1.1292505,-1.8192505,-2.0292504,-0.39925048,0.3707495,1.9707495,3.8907495,2.8407495,3.1307495,1.8507495,0.08074951,0.12074951,1.1207495,2.4507494,1.3507495,1.3807495,0.6707495,0.100749515
1.2007495,0.81074953,0.68074954,-0.36925048,-0.42925048,-1.2192504,-1.4992505,-2.0992506,-1.8692505,-2.9892504,-2.5192504,-2.1492505,-3.8892505,-4.9592505,-3.4092505,-3.5092504,-2.8392506,-2.6592505,-1.9692504,-0.9092505,-0.7492505,-0.50925046,-0.8992505,-0.6092505,-1.9392505,-0.9692505,-1.4092505,1.4307495,3.5107496,2.0307496,3.2707496,2.9707496,3.3807495,2.8407495,1.7807496,1.7707496,1.9207495,2.2507496,2.3207495,1.1907495,0.99074954
1.2507495,0.5107495,0.4007495,-0.30925047,-0.6692505,-0.049250487,-1.1292505,-1.2292504,-1.8992505,-0.48925048,-0.6592505,-1.9492505,-0.9992505,-3.7492504,-4.1592503,-4.3192506,-3.2792504,-2.5292504,-1.4092505,-0.7792505,-0.5192505,0.4707495,0.6907495,0.2807495,-0.21925049,0.48074952,1.2407495,1.8607495,3.0807495,2.0607495,3.5107496,1.4507495,3.1307495,3.4307494,2.1207495,2.2007494,2.6407495,1.2607495,0.020749511,2.5007496,1.2507495
