wind.json
{"header": {"discipline":0,"disciplineName":"Meteorological products","gribEdition":2,"gribLength":1125,"center":7,"centerName":"US National Weather Service - NCEP(WMC)","subcenter":0,"refTime":"2023-06-26T18:00:00.000Z","significanceOfRT":1,"significanceOfRTName":"Start of forecast","productStatus":0,"productStatusName":"Operational products","productType":1,"productTypeName":"Forecast products","productDefinitionTemplate":0,"productDefinitionTemplateName":"Analysis/forecast at horizontal level/layer at a point in time","parameterCategory":2,"parameterCategoryName":"UnknownDiscipline_0_Category_2","parameterNumber":3,"parameterNumberName":"UnknownParameter_D0_C2_3","parameterUnit":"Unknown","genProcessType":2,"genProcessTypeName":"Forecast","forecastTime":300,"surface1Type":103,"surface1TypeName":"Specified height level above ground","surface1Value":10.0,"surface2Type":255,"surface2TypeName":"Missing","surface2Value":0.0,"gridDefinitionTemplate":0,"gridDefinitionTemplateName":"Latitude_Longitude","numberPoints":688,"shape":6,"shapeName":"Earth spherical with radius of 6,371,229.0 m","gridUnits":"degrees","resolution":48,"winds":"true","scanMode":64,"nx":43,"ny":16,"basicAngle":0,"lo1":45.0,"la1":40.0,"lo2":87.0,"la2":55.0,"dx":1.0,"dy":1.0}, "data":
[rows 0 to 15 of 16, columns 0 to 42 of 43]
-1.486145,-0.016145019,4.333855,-0.766145,-4.516145,-9.646145,-6.656145,-6.476145,2.833855,4.513855,4.453855,1.413855,-0.29614502,0.30385497,-0.83614504,-0.676145,-1.6861451,-3.906145,-5.676145,-6.276145,-5.286145,-0.376145,-2.8761451,-3.1261451,-2.826145,-2.6161451,-3.306145,-4.756145,-2.636145,-1.256145,-1.0661451,2.703855,2.823855,2.513855,1.503855,1.963855,0.06385498,-2.276145,-4.696145,-3.236145,-2.636145,1.983855,1.4438549
-1.1861451,0.13385499,3.183855,2.463855,-2.996145,-6.486145,-7.306145,-7.166145,1.4338549,1.0738549,-3.896145,-6.696145,-0.626145,-1.9261451,-3.066145,-1.036145,-1.476145,-3.216145,-5.156145,-5.826145,-3.236145,-2.696145,-3.336145,-0.06614502,2.433855,1.543855,2.833855,1.463855,0.45385498,0.30385497,-3.936145,-4.266145,-1.336145,2.793855,-0.916145,3.3738549,1.413855,-1.276145,-2.466145,0.703855,-3.946145,3.1338549,3.303855
-0.886145,2.563855,-1.6761451,-1.136145,-1.076145,-3.836145,-4.326145,-7.306145,-2.356145,-0.09614502,-6.006145,-8.036145,-1.256145,-1.0561451,-2.076145,-2.1261451,-3.386145,-4.286145,-4.376145,-4.716145,-4.086145,-6.446145,-6.176145,-2.456145,3.603855,2.343855,1.953855,2.8838549,3.303855,0.11385498,0.30385497,-1.526145,-1.276145,-2.636145,0.66385496,1.0638549,3.083855,4.093855,0.17385498,0.743855,3.733855,0.85385495,0.313855
-1.966145,-1.986145,0.09385498,2.163855,-0.766145,-3.356145,-3.3661451,-0.35614502,2.653855,3.723855,-2.236145,0.383855,0.733855,-0.996145,-2.946145,-2.216145,-2.8661451,-3.226145,-2.466145,-4.856145,-5.4961452,-6.276145,-4.396145,-2.036145,-3.236145,-2.6261451,-4.856145,-5.776145,-3.986145,-3.416145,-2.526145,-2.206145,-1.886145,-1.766145,-3.156145,-0.926145,0.78385496,-1.716145,-3.666145,0.46385497,-1.796145,-0.06614502,0.553855
-0.566145,-1.016145,-0.26614502,0.253855,-0.83614504,-0.23614502,-0.436145,0.103854984,1.773855,-0.08614502,0.26385498,3.213855,0.633855,-0.08614502,-1.626145,-2.326145,-3.386145,-1.226145,-2.676145,-4.566145,-6.256145,-6.126145,-6.086145,-5.316145,-2.8661451,-3.256145,-4.236145,-0.52614504,1.153855,-0.366145,-1.5661451,1.023855,-0.14614502,0.583855,1.8238549,0.26385498,-0.09614502,1.383855,1.273855,1.293855,-4.356145,-3.3661451,-3.256145
-0.516145,-1.756145,-1.976145,-0.70614505,-1.026145,-2.046145,0.96385497,0.71385497,0.0138549805,0.643855,-0.876145,0.313855,2.343855,1.633855,-0.20614502,-1.756145,-1.266145,-1.156145,-3.906145,-4.956145,-4.306145,-5.716145,-6.156145,-5.086145,-3.146145,-2.696145,-1.6761451,1.963855,0.66385496,-1.216145,-1.546145,-0.796145,-3.186145,-4.626145,-2.996145,-2.6261451,1.513855,1.353855,1.133855,0.503855,-3.526145,-2.3661451,-0.016145019
-0.84614503,-0.17614502,-2.036145,-4.946145,-2.156145,-1.876145,-1.796145,0.49385497,1.203855,0.693855,2.203855,0.84385496,5.713855,4.703855,2.743855,0.79385495,-2.586145,-1.696145,-3.066145,-4.836145,-4.526145,-5.236145,-5.476145,-4.796145,-4.146145,-1.3161451,0.253855,1.033855,-0.14614502,-6.406145,0.12385498,-1.1761451,-2.316145,-5.666145,-5.926145,-5.556145,-4.296145,-0.856145,-3.536145,-4.276145,1.553855,2.263855,1.483855
-0.20614502,-0.13614503,-3.426145,-6.056145,-6.686145,-5.096145,-3.846145,2.603855,2.813855,1.5638549,4.113855,5.543855,6.283855,4.363855,2.8838549,1.103855,-1.346145,-1.326145,-1.456145,-3.416145,-4.066145,-5.386145,-5.2461452,-4.566145,-3.076145,-1.046145,-0.70614505,0.27385497,-0.35614502,-0.436145,0.15385498,-1.886145,-3.776145,-4.216145,-3.636145,-5.656145,-1.666145,0.53385496,2.183855,-2.086145,-2.396145,3.263855,-6.956145
-2.266145,-2.3761451,-3.556145,-5.596145,-6.7461452,-6.166145,-5.786145,-2.386145,1.803855,3.173855,5.713855,7.013855,5.713855,3.233855,2.103855,1.633855,-0.77614504,0.06385498,-0.52614504,-2.746145,-3.496145,-3.956145,-3.156145,-3.846145,-3.936145,-3.136145,-2.746145,-1.376145,0.36385497,-0.41614503,-1.376145,-3.296145,-3.486145,-5.096145,-5.756145,-6.306145,-5.046145,-3.326145,-2.306145,-2.236145,0.49385497,0.45385498,-1.3061451
-2.426145,-2.576145,-3.536145,-5.386145,-6.626145,-6.866145,-5.146145,-3.606145,-0.756145,2.853855,3.343855,3.473855,3.353855,3.023855,1.793855,-0.58614504,-0.38614503,-0.04614502,-0.726145,-2.636145,-3.346145,-2.426145,-1.826145,-2.806145,-3.716145,-3.196145,-3.296145,-3.236145,-1.706145,-2.566145,-2.856145,-2.6161451,-4.306145,-6.626145,-6.986145,-5.886145,-4.906145,-4.716145,-4.616145,-5.776145,-2.656145,-0.07614502,1.753855
-1.696145,-3.526145,-3.696145,-3.686145,-3.986145,-5.9961452,-5.4961452,-2.546145,-0.406145,0.24385498,1.223855,2.903855,5.443855,4.153855,2.023855,1.653855,1.5638549,0.43385497,-0.84614503,-1.466145,-1.4261451,-1.296145,-1.606145,-2.496145,-3.046145,-4.206145,-2.8761451,-2.236145,-2.426145,-2.3661451,-3.166145,-5.196145,-4.426145,-5.446145,-6.016145,-5.856145,-5.446145,-5.816145,-3.476145,0.11385498,1.5638549,-1.226145,-1.746145
-2.176145,-2.086145,-2.846145,-1.9361451,-3.386145,-4.2461452,-4.736145,-3.666145,-1.996145,-0.29614502,1.533855,3.983855,4.593855,4.063855,3.023855,2.763855,1.333855,0.02385498,-0.13614503,-1.116145,-2.546145,-0.96614504,-2.106145,-2.346145,-3.536145,-3.536145,-3.066145,-3.8661451,-2.416145,-2.696145,-1.656145,-4.7461452,-4.176145,-3.576145,-4.036145,-3.546145,-3.496145,-4.926145,-3.356145,-2.466145,-1.756145,-1.086145,0.473855
-0.18614502,-0.466145,-0.946145,-1.626145,-1.246145,-1.9361451,-3.306145,-3.316145,-2.906145,-0.77614504,2.223855,3.923855,4.543855,2.553855,2.893855,2.963855,2.223855,1.503855,0.97385496,0.16385499,-0.77614504,-1.4361451,-2.346145,-2.166145,-3.066145,-3.586145,-2.836145,-3.1261451,-3.606145,-3.706145,-4.516145,-4.176145,-3.836145,-3.656145,-3.786145,-3.1261451,-3.296145,-3.216145,-2.516145,-1.006145,0.85385495,-1.376145,-0.52614504
-0.71614504,-0.29614502,-0.16614503,0.23385498,0.03385498,1.143855,0.48385498,-1.016145,-1.456145,-0.936145,0.893855,2.393855,1.9338549,3.163855,2.593855,2.703855,2.483855,2.153855,2.213855,0.383855,0.13385499,-1.416145,-2.706145,-3.266145,-3.6261451,-4.346145,-4.596145,-3.336145,-3.576145,-4.626145,-4.886145,-4.976145,-4.806145,-4.876145,-3.816145,-1.546145,-2.716145,-2.976145,-4.436145,-1.6861451,0.66385496,1.283855,2.053855
-1.156145,-0.34614503,-0.29614502,0.78385496,0.863855,1.723855,1.713855,1.963855,1.083855,0.45385498,1.083855,1.873855,1.043855,1.533855,2.793855,1.993855,2.673855,2.913855,3.023855,2.053855,0.943855,0.91385496,-0.53614503,-2.086145,-3.156145,-3.546145,-4.126145,-3.416145,-3.1161451,-2.026145,-3.826145,-6.066145,-4.166145,-5.396145,-5.426145,-4.7461452,-4.356145,-4.916145,-4.436145,-2.856145,-1.406145,1.513855,2.323855
-3.266145,-3.106145,-2.906145,-2.316145,0.43385497,1.373855,2.543855,2.603855,3.403855,2.973855,2.293855,1.463855,1.173855,0.933855,1.083855,2.673855,3.473855,3.903855,2.933855,1.5638549,1.613855,-0.636145,-0.83614504,-0.546145,-2.056145,-3.346145,-4.406145,-4.9961452,-5.136145,-4.776145,-4.566145,-4.576145,-4.706145,-5.166145,-5.536145,-6.276145,-4.796145,-4.266145,-4.576145,-3.896145,-1.226145,1.273855,2.413855
