wind.json
{"header": {"discipline":0,"disciplineName":"Meteorological products","gribEdition":2,"gribLength":953,"center":7,"centerName":"US National Weather Service - NCEP(WMC)","subcenter":0,"refTime":"2023-06-27T00:00:00.000Z","significanceOfRT":1,"significanceOfRTName":"Start of forecast","productStatus":0,"productStatusName":"Operational products","productType":1,"productTypeName":"Forecast products","productDefinitionTemplate":0,"productDefinitionTemplateName":"Analysis/forecast at horizontal level/layer at a point in time","parameterCategory":0,"parameterCategoryName":"UnknownDiscipline_0_Category_0","parameterNumber":0,"parameterNumberName":"UnknownParameter_D0_C0_0","parameterUnit":"Unknown","genProcessType":2,"genProcessTypeName":"Forecast","forecastTime":0,"surface1Type":1,"surface1TypeName":"Ground or water surface","surface1Value":0.0,"surface2Type":255,"surface2TypeName":"Missing","surface2Value":0.0,"gridDefinitionTemplate":0,"gridDefinitionTemplateName":"Latitude_Longitude","numberPoints":688,"shape":6,"shapeName":"Earth spherical with radius of 6,371,229.0 m","gridUnits":"degrees","resolution":48,"winds":"true","scanMode":64,"nx":43,"ny":16,"basicAngle":0,"lo1":45.0,"la1":40.0,"lo2":87.0,"la2":55.0,"dx":1.0,"dy":1.0}, "data":
[rows 0 to 15 of 16, columns 0 to 42 of 43]
282.05002,279.15002,292.05002,294.15002,292.85004,297.05002,296.05002,294.35004,294.25003,294.35004,297.75003,297.25003,299.35004,298.05002,297.95,298.75003,298.65002,297.65002,295.95,295.85004,294.85004,292.45,290.85004,291.85004,289.65002,287.35004,288.85004,282.05002,277.75003,277.85004,282.85004,291.15002,293.95,292.55002,295.75003,294.95,294.85004,293.95,295.55002,294.85004,294.15002,294.75003,295.05002
285.75003,293.35004,291.55002,285.25003,289.65002,295.95,295.75003,293.95,294.65002,298.15002,296.35004,296.35004,297.55002,298.95,299.25003,298.55002,298.25003,295.45,294.85004,296.15002,294.45,295.15002,295.15002,290.65002,290.95,286.55002,293.15002,296.85004,290.25003,276.95,276.85004,276.15002,274.05002,277.55002,289.15002,294.85004,294.85004,294.35004,293.95,293.15002,292.95,293.55002,295.05002
287.25003,283.65002,275.05002,290.05002,295.45,295.65002,295.35004,293.25003,296.85004,297.05002,297.05002,297.95,298.55002,298.05002,297.75003,296.85004,296.55002,294.15002,293.85004,293.95,291.95,291.85004,292.25003,293.35004,291.85004,283.25003,272.05002,278.75003,283.45,276.75003,278.15002,274.25003,279.75003,265.45,280.45,255.05002,271.25003,290.25003,287.95,288.95,292.95,285.45,283.25003
286.65002,287.95,290.05002,295.75003,295.55002,295.65002,294.75003,295.45,295.95,296.55002,295.65002,295.55002,295.45,297.05002,298.15002,296.35004,297.15002,294.15002,292.45,293.35004,292.55002,291.45,294.35004,292.25003,290.85004,286.45,289.55002,289.75003,290.35004,288.85004,289.55002,281.85004,274.55002,275.85004,279.95,280.15002,280.65002,281.05002,274.95,275.65002,276.45,273.65002,267.85004
292.55002,294.05002,293.75003,296.65002,296.65002,295.55002,294.85004,293.65002,293.45,293.25003,294.05002,294.15002,293.75003,293.35004,294.05002,293.55002,293.45,292.15002,294.75003,293.25003,294.25003,294.25003,292.05002,287.35004,293.15002,294.65002,292.55002,293.35004,295.15002,290.95,292.05002,292.05002,294.75003,289.55002,292.65002,291.25003,290.05002,286.85004,275.75003,271.95,278.05002,286.35004,289.65002
293.65002,295.15002,294.75003,297.15002,297.05002,297.35004,296.35004,293.95,294.85004,294.45,293.45,292.95,291.95,290.85004,294.45,293.95,291.15002,291.75003,292.25003,292.15002,289.85004,293.75003,294.25003,295.05002,293.85004,292.75003,293.35004,294.05002,293.15002,293.25003,293.85004,295.35004,295.75003,292.95,282.15002,270.95,282.45,291.15002,292.65002,294.15002,292.85004,291.55002,291.45
293.65002,294.55002,292.75003,290.55002,297.75003,296.35004,296.45,296.05002,293.05002,293.95,292.75003,292.45,291.85004,291.35004,292.55002,293.25003,291.35004,288.55002,289.35004,289.85004,289.35004,291.55002,290.35004,290.95,290.95,291.95,292.65002,291.75003,293.95,290.25003,294.25003,295.95,295.75003,295.25003,294.35004,291.65002,292.65002,292.15002,286.35004,285.55002,291.25003,292.55002,292.15002
292.95,293.35004,292.05002,290.05002,294.05002,293.75003,293.15002,291.35004,292.35004,291.45,291.55002,291.45,290.55002,289.55002,289.25003,289.25003,289.55002,289.65002,289.05002,288.65002,288.45,287.05002,287.15002,287.75003,288.65002,289.75003,289.55002,291.65002,291.75003,293.95,291.25003,293.55002,293.25003,293.35004,293.45,292.75003,291.45,291.25003,286.55002,283.45,280.95,280.05002,290.55002
292.65002,292.55002,292.35004,292.15002,293.65002,293.05002,292.45,291.55002,290.75003,288.95,287.45,287.95,287.25003,286.75003,286.45,289.15002,291.65002,291.55002,290.75003,288.35004,287.25003,284.15002,283.95,284.45,285.35004,286.85004,287.05002,285.65002,288.55002,291.35004,289.15002,291.35004,289.85004,291.45,290.55002,290.75003,289.65002,290.25003,290.15002,287.85004,288.85004,288.65002,287.05002
289.85004,293.15002,292.35004,292.25003,290.55002,289.15002,290.25003,288.35004,286.95,287.25003,286.35004,285.45,284.75003,284.75003,284.25003,285.65002,285.45,286.75003,286.95,286.95,286.25003,284.95,283.45,283.85004,285.15002,284.95,284.15002,285.25003,284.85004,286.85004,288.15002,286.45,287.75003,288.95,291.45,292.95,288.75003,286.55002,286.65002,286.05002,280.95,278.85004,278.85004
288.25003,289.65002,290.25003,290.05002,288.15002,286.25003,286.35004,285.25003,284.85004,284.35004,283.85004,283.25003,282.25003,281.45,282.45,283.15002,283.45,283.75003,284.05002,284.45,284.65002,285.35004,284.25003,284.15002,285.45,286.15002,286.35004,285.75003,285.75003,286.85004,288.75003,290.15002,289.85004,292.55002,293.25003,292.65002,291.25003,288.15002,286.25003,282.65002,282.35004,276.85004,277.35004
287.65002,288.85004,287.85004,286.75003,285.95,285.25003,283.45,282.85004,282.95,282.25003,282.35004,281.75003,280.65002,280.25003,283.95,283.25003,283.55002,284.05002,284.45,285.45,285.65002,285.25003,285.15002,284.95,285.45,286.25003,285.95,287.05002,284.75003,287.75003,289.95,291.05002,291.75003,291.05002,292.25003,292.45,291.65002,290.55002,285.75003,282.95,280.55002,279.95,278.35004
286.85004,284.75003,284.95,283.95,283.65002,282.35004,281.35004,281.45,281.05002,281.15002,282.45,281.15002,278.45,282.25003,283.25003,282.95,283.25003,283.85004,284.15002,284.65002,284.75003,284.85004,284.35004,284.15002,284.45,284.85004,284.55002,285.65002,286.75003,288.25003,290.15002,291.45,289.65002,290.45,291.15002,289.75003,288.95,288.45,288.55002,287.15002,285.65002,284.55002,283.55002
283.75003,283.05002,282.85004,280.55002,280.15002,280.15002,281.55002,281.75003,280.45,279.45,279.45,279.55002,278.85004,280.65002,282.45,282.45,283.25003,283.55002,283.65002,283.95,285.05002,284.55002,284.75003,284.15002,284.55002,284.25003,285.95,287.05002,287.75003,288.25003,289.05002,287.65002,289.65002,290.15002,289.55002,290.45,289.75003,287.55002,286.15002,286.75003,285.05002,285.45,285.15002
284.05002,281.65002,279.25003,281.25003,285.75003,281.75003,280.65002,279.75003,279.35004,279.25003,278.75003,279.15002,277.75003,277.95,279.65002,281.65002,282.75003,283.15002,283.05002,283.25003,284.25003,284.25003,284.45,284.85004,285.35004,285.55002,286.45,287.15002,287.45,287.65002,287.45,287.65002,288.35004,287.75003,287.55002,289.35004,287.95,287.15002,286.05002,284.95,285.55002,285.75003,284.05002
281.65002,281.55002,281.55002,281.85004,288.95,281.75003,281.45,279.75003,279.85004,278.45,279.35004,279.15002,278.85004,276.95,277.85004,281.45,282.45,282.35004,282.45,282.85004,283.65002,283.95,284.25003,284.25003,285.05002,284.55002,285.05002,285.35004,285.75003,286.75003,286.75003,285.05002,284.95,285.85004,287.15002,288.85004,288.25003,286.85004,286.95,285.55002,285.85004,285.95,286.45
