wind_kz.json
{"header": {"discipline":0,"disciplineName":"Meteorological products","gribEdition":2,"gribLength":1025,"center":7,"centerName":"US National Weather Service - NCEP(WMC)","subcenter":0,"refTime":"2023-08-20T06:00:00.000Z","significanceOfRT":1,"significanceOfRTName":"Start of forecast","productStatus":0,"productStatusName":"Operational products","productType":1,"productTypeName":"Forecast products","productDefinitionTemplate":0,"productDefinitionTemplateName":"Analysis/forecast at horizontal level/layer at a point in time","parameterCategory":2,"parameterCategoryName":"UnknownDiscipline_0_Category_2","parameterNumber":3,"parameterNumberName":"UnknownParameter_D0_C2_3","parameterUnit":"Unknown","genProcessType":2,"genProcessTypeName":"Forecast","forecastTime":180,"surface1Type":103,"surface1TypeName":"Specified height level above ground","surface1Value":10.0,"surface2Type":255,"surface2TypeName":"Missing","surface2Value":0.0,"gridDefinitionTemplate":0,"gridDefinitionTemplateName":"Latitude_Longitude","numberPoints":615,"shape":6,"shapeName":"Earth spherical with radius of 6,371,229.0 m","gridUnits":"degrees","resolution":48,"winds":"true","scanMode":64,"nx":41,"ny":15,"basicAngle":0,"lo1":47.0,"la1":41.0,"lo2":87.0,"la2":55.0,"dx":1.0,"dy":1.0}, "data":
[rows 0 to 14 of 15, columns 0 to 40 of 41]
5.323897,-1.5561029,1.653897,5.8638973,1.3338971,-2.906103,-2.9561028,0.5438971,-1.0761029,-2.276103,-4.506103,-4.816103,-6.336103,-7.896103,-8.146103,-6.916103,-6.546103,-2.2161028,-0.6361029,-0.7561029,-2.536103,-1.856103,0.9738971,-0.9961029,-0.2261029,1.9738971,0.023897095,1.9338971,1.3538971,3.2438972,1.3238971,0.4638971,0.2438971,-8.406103,-4.676103,-4.1161027,1.5538971,-0.6661029,-1.2461029,-3.816103,0.2238971
4.533897,2.8238971,5.313897,4.4438972,0.2638971,-1.8961029,0.023897095,0.5938971,0.9138971,-0.8761029,-3.166103,-4.046103,-4.696103,-5.456103,-7.706103,-7.1161027,-5.966103,-6.8661027,1.8638971,2.203897,2.7338972,0.033897094,0.3738971,1.2238971,1.283897,-2.566103,-1.4961029,1.2938972,-0.8961029,-1.1461029,0.8138971,3.0538971,0.9138971,1.7138971,-1.7661029,-1.5361029,-2.2061028,-2.7561028,-1.846103,-1.9361029,2.2938972
2.633897,8.713897,5.323897,4.013897,-1.9361029,-0.116102904,-0.8261029,0.7738971,-0.016102904,0.94389707,-1.2461029,-2.656103,-3.816103,-4.476103,-6.286103,-5.716103,-5.3461027,-6.426103,-0.86610293,-0.5661029,-0.61610293,-3.316103,-0.6361029,0.033897094,1.653897,2.153897,-1.216103,0.6838971,-1.2361029,6.073897,1.0738971,2.083897,2.2938972,-1.0361029,-0.25610292,3.163897,5.1138973,0.103897095,1.153897,0.7638971,1.6138971
2.7638972,6.243897,3.943897,0.8038971,-0.12610291,-0.016102904,-0.23610291,-0.7461029,-0.4361029,1.6238971,0.9138971,-1.476103,-5.546103,-7.006103,-4.566103,-5.106103,-4.936103,-5.796103,-6.126103,-5.896103,-4.176103,2.653897,1.2038971,4.263897,2.603897,0.5838971,-1.1561029,0.3638971,-0.6761029,-1.4061029,-3.4461029,-0.7661029,-1.9961029,0.07389709,-0.2161029,-3.806103,-1.4561028,1.8038971,0.7738971,2.863897,1.8038971
2.5438972,3.0238972,0.053897094,0.1638971,-0.3761029,-0.4261029,-0.2861029,0.23389709,-0.2161029,-0.3261029,-0.6861029,-0.5661029,-3.6761029,-7.246103,-7.236103,-3.146103,-3.066103,-3.4361029,-3.656103,-6.156103,-8.016103,-0.3361029,6.853897,4.203897,2.713897,2.593897,0.6538971,-2.0161028,-3.2561028,-3.156103,-4.836103,-1.6261029,1.5438972,3.2638972,-1.096103,-2.096103,-1.8861029,-0.9561029,-1.2361029,-2.7661028,-3.7061028
0.8238971,-0.0861029,2.463897,2.173897,0.5238971,-0.6961029,-1.1761029,0.1438971,-1.0461029,-2.146103,-3.356103,-2.406103,-4.696103,-7.036103,-7.8261027,-5.776103,-1.8161029,-3.056103,-4.146103,-4.126103,-8.506103,-7.516103,1.143897,0.3938971,3.2838972,0.7838971,-2.1761029,-1.606103,-2.596103,-4.486103,-4.416103,-5.316103,-6.726103,-0.3561029,2.623897,1.1238971,5.143897,1.9238971,-2.2361028,-3.326103,-5.396103
5.373897,3.863897,3.5638971,2.0538971,1.4238971,0.5638971,-0.41610292,-1.1461029,-2.2361028,-2.096103,-2.056103,-1.4061029,-2.9861028,-4.876103,-5.1361027,-7.876103,-8.506103,-1.1361029,-3.4561028,-3.106103,-4.716103,-6.896103,-3.526103,-4.776103,-3.9461029,-2.536103,-2.076103,-2.4761028,-3.346103,-2.1861029,-6.296103,-9.136103,-8.756103,-7.756103,-0.3261029,-1.7961029,-3.546103,-1.4961029,0.013897095,-1.2761029,-1.5461029
7.123897,6.623897,6.993897,6.183897,4.433897,3.433897,1.2238971,0.33389708,0.8538971,-1.1961029,-1.0161029,0.30389708,-2.336103,-2.9761028,-5.156103,-6.976103,-7.696103,-7.396103,-1.7061028,-3.406103,-2.4461029,-5.396103,-5.026103,-5.906103,-6.996103,-3.6961029,-0.2761029,-1.9561028,-2.646103,-5.316103,-6.146103,-5.976103,-8.636103,-9.276103,-3.566103,-0.2961029,-0.5161029,-1.3161029,0.8138971,-1.096103,-2.346103
3.2938972,3.473897,3.843897,3.7738972,3.5338972,3.5238972,2.633897,2.7438972,2.103897,0.7138971,-2.126103,-0.2461029,-1.4161029,-2.606103,-2.9961028,-5.156103,-6.666103,-6.3261027,-7.496103,-5.166103,-1.8761029,-2.7561028,-4.086103,-6.506103,-8.846103,-3.916103,1.4338971,-0.2761029,-1.5261029,-2.1961029,-4.506103,-5.266103,-3.2661028,-5.356103,-3.336103,-2.666103,-3.886103,-0.7861029,0.013897095,-1.6261029,-2.4461029
4.283897,4.003897,4.003897,4.1738973,3.7438972,2.0538971,3.973897,2.173897,2.4838972,0.5138971,0.88389707,1.7138971,-0.3161029,-2.106103,-1.6461029,-2.9261029,-4.8461027,-5.736103,-6.286103,-5.8661027,-5.3061028,-1.0461029,-0.7361029,-3.7461028,-6.3661027,-3.7161028,-0.9661029,-0.3161029,-1.6761029,-3.126103,-2.076103,-3.2661028,-4.926103,-6.186103,-3.916103,-0.5461029,-0.046102904,-3.066103,-1.3761029,1.8838971,1.023897
4.803897,5.243897,4.963897,3.833897,4.373897,3.663897,2.973897,4.053897,2.423897,1.2538971,2.0438972,1.4438971,2.2638972,-0.15610291,-0.23610291,-1.5761029,-2.9361029,-4.126103,-4.396103,-5.416103,-5.956103,-2.9261029,-1.0061029,-3.106103,-5.8261027,-5.276103,0.9838971,-0.3561029,-2.026103,-3.356103,-3.606103,-3.836103,-5.026103,-5.0561028,-5.8261027,-5.046103,-1.7761029,1.903897,0.4338971,1.2338971,0.5038971
4.3638973,4.913897,6.093897,6.1538973,6.343897,4.3838973,2.9838972,2.423897,0.7738971,1.773897,2.193897,1.4838971,2.903897,3.353897,2.5138972,1.1938971,0.0038970946,-2.7461028,-3.136103,-3.2561028,-2.4261029,-3.346103,-1.2861029,0.17389709,-1.1461029,-5.0561028,-5.676103,0.4638971,0.043897096,-1.5261029,-2.786103,-3.7061028,-3.7161028,-5.0761027,-4.706103,-5.966103,-4.266103,-2.316103,-0.076102905,1.533897,0.5938971
2.0338972,2.653897,5.1538973,6.683897,6.9238973,5.373897,4.6138973,2.473897,0.7438971,-0.3261029,0.9338971,1.0938971,1.033897,2.913897,3.463897,2.083897,0.69389707,1.1738971,-1.2661029,-1.9061029,-0.41610292,-0.8761029,-0.3461029,0.4038971,0.7838971,-1.7961029,-5.536103,-5.296103,0.1438971,-0.3461029,-1.3761029,-1.976103,-3.336103,-3.9361029,-4.606103,-4.646103,-4.6161027,-3.296103,-4.526103,-2.886103,-1.6661029
1.3438971,1.6738971,1.6038971,2.9938972,5.763897,6.253897,6.4038973,5.993897,5.743897,3.5638971,2.193897,1.023897,1.6738971,2.403897,3.2938972,3.673897,2.613897,2.853897,0.2638971,-0.4261029,1.4638971,1.6938971,0.9338971,1.2638971,2.393897,3.113897,1.0838971,-3.4861028,-0.5461029,0.3838971,-0.7161029,-0.9661029,-1.4961029,-2.096103,-2.886103,-4.296103,-4.126103,-4.336103,-4.266103,-2.826103,-2.4761028
-0.9661029,-1.1861029,2.393897,3.123897,5.1338973,6.1538973,6.023897,6.823897,6.6938972,5.573897,3.683897,2.0538971,2.403897,1.403897,3.213897,3.713897,3.663897,3.103897,2.883897,1.403897,-1.4961029,1.413897,1.143897,-0.9561029,-0.23610291,-2.1861029,0.2138971,2.863897,-0.3061029,-1.476103,-2.6761029,-0.9461029,0.5138971,-1.1161029,-1.7861029,-3.546103,-3.406103,-3.7061028,-3.596103,-5.526103,-2.356103
