wind_kz.json
{"header": {"discipline":0,"disciplineName":"Meteorological products","gribEdition":2,"gribLength":1025,"center":7,"centerName":"US National Weather Service - NCEP(WMC)","subcenter":0,"refTime":"2023-08-19T00:00:00.000Z","significanceOfRT":1,"significanceOfRTName":"Start of forecast","productStatus":0,"productStatusName":"Operational products","productType":1,"productTypeName":"Forecast products","productDefinitionTemplate":0,"productDefinitionTemplateName":"Analysis/forecast at horizontal level/layer at a point in time","parameterCategory":2,"parameterCategoryName":"UnknownDiscipline_0_Category_2","parameterNumber":2,"parameterNumberName":"UnknownParameter_D0_C2_2","parameterUnit":"Unknown","genProcessType":2,"genProcessTypeName":"Forecast","forecastTime":0,"surface1Type":103,"surface1TypeName":"Specified height level above ground","surface1Value":10.0,"surface2Type":255,"surface2TypeName":"Missing","surface2Value":0.0,"gridDefinitionTemplate":0,"gridDefinitionTemplateName":"Latitude_Longitude","numberPoints":615,"shape":6,"shapeName":"Earth spherical with radius of 6,371,229.0 m","gridUnits":"degrees","resolution":48,"winds":"true","scanMode":64,"nx":41,"ny":15,"basicAngle":0,"lo1":47.0,"la1":41.0,"lo2":87.0,"la2":55.0,"dx":1.0,"dy":1.0}, "data":
[rows 0 to 14 of 15, columns 0 to 40 of 41]
-2.2561426,-1.4661425,1.3538574,-1.7161425,-0.55614257,0.9138574,0.42385742,0.56385744,-1.5961425,0.28385743,-0.5961426,1.5538574,0.13385743,-3.1261425,-4.2361426,-4.2861423,-2.2561426,0.13385743,-1.8761426,-2.6561425,-1.5061426,0.44385743,-0.8461426,-2.2261426,-0.48614258,-2.3661425,-2.9561427,-1.1861426,-0.27614257,-0.15614258,-0.05614258,1.5738574,-0.27614257,-0.7861426,-2.4361427,-2.5761425,-2.9361427,-1.9761425,-0.9061426,-0.9061426,-0.88614255
0.61385745,3.4038575,-1.2861426,-2.2861426,-1.2461426,0.6538574,-0.3761426,-1.0261426,1.9238575,0.8238574,0.69385743,0.14385742,-3.6661425,-4.056143,-2.5561426,-4.1561427,-1.8461425,-0.74614257,-1.8861426,-4.3761425,-1.0161426,-3.1861427,-1.7761426,-3.2761426,-1.0461426,0.81385744,-0.6061426,0.47385743,-1.6461426,-1.8061426,-0.10614258,-0.18614258,0.5838574,-2.4661427,-0.096142575,0.6638574,-0.6161426,0.6638574,0.41385743,0.8538574,4.6238575
1.8238574,1.3138574,0.17385742,-0.5861426,-0.50614256,-0.3161426,-0.26614258,2.0838575,0.003857422,-0.3761426,0.7338574,1.8438574,-3.0761425,-2.3961425,-3.8861425,-4.8661427,-2.8361425,-0.8661426,0.053857423,-3.4561427,-3.1761427,-5.0361423,-3.3161426,-3.9061425,1.6338574,-0.7661426,0.86385745,1.7138574,-1.2661426,-0.5961426,-0.9061426,2.0438573,-0.42614257,-0.27614257,0.81385744,-0.24614258,-0.3761426,0.74385744,1.7838575,1.6838574,1.0738574
1.7338574,3.8638575,1.8038574,2.3238573,1.1138574,0.75385743,1.6938574,1.5638574,2.4938574,2.4138575,1.6738575,1.7838575,-1.0161426,-5.1061425,-3.5461426,-3.4261427,-3.3261425,-3.9561427,-5.2761426,-3.0361426,-1.5861425,-2.3261425,-2.5461426,-3.4661427,-3.7461426,-2.5761425,-2.7661426,-5.7161427,-3.0561426,-0.6561426,0.3738574,-2.4461427,-2.6961427,-3.2061427,-2.9461427,-2.7861426,-1.5061426,2.0438573,1.1138574,0.12385742,-0.05614258
4.3638573,5.5938573,4.0238576,3.7638574,4.0038576,2.5338573,2.1138575,3.5638573,4.2538576,2.5338573,-2.8461425,-5.0661426,-6.4761424,-5.826143,-4.4161425,-3.4061425,-3.6361425,-4.2961426,-4.1961427,-4.8661427,-4.0861425,-4.4761424,-4.4461427,-3.7961426,-4.1361427,-3.7961426,-4.4561424,-3.1161425,-2.9261427,-2.3561425,-3.5161426,-2.8961425,-2.2461426,2.3238573,2.0438573,0.8838574,3.6538575,0.19385742,-2.5361426,0.39385742,-1.4861426
1.6538575,0.06385742,2.4138575,2.4038575,1.3538574,1.4738574,2.3938575,0.023857422,-2.4261427,-3.9761426,-4.346143,-8.596143,-6.9061427,-6.2961426,-3.7361426,-3.7961426,-3.2861426,-3.2561426,-4.6361427,-3.6561425,-4.4161425,-3.8161426,-3.0661426,-3.6061425,-3.6961427,-3.6161425,-1.2861426,-2.5661426,-2.5961425,-3.4061425,-3.6961427,-3.4861426,-3.4161425,-0.3461426,1.3638574,-3.1561425,0.9138574,1.7238574,0.6438574,-6.9861426,-6.6561427
-3.3161426,-3.1061425,-2.7961426,-0.9661426,0.15385742,-1.2161425,-3.1261425,-2.5261426,-4.7261424,-3.8261425,-4.4661427,-4.826143,-4.2961426,-3.4361427,-2.6261425,-2.4961426,-3.2761426,-3.1661425,-3.0061426,-4.5461426,-3.4461427,-3.6761427,-3.7061427,-3.4861426,-2.1161425,0.06385742,0.16385742,-2.2561426,-1.9561425,-2.6661425,-3.5661426,-3.0261426,-0.7261426,0.4338574,-1.7261425,-2.1561425,-1.1461426,1.6538575,0.28385743,0.5838574,3.4538574
-2.5461426,-2.7561426,-2.8161426,-3.5061426,-5.7861423,-4.4361424,-3.1961427,-4.1661425,-5.1761427,-5.6261425,-3.8461425,-4.4061427,-3.3061426,-3.2861426,-2.6961427,-3.7961426,-3.6061425,-2.7561426,-1.4661425,-3.2661426,-2.1661425,-1.2761426,-0.50614256,-2.3361425,-1.2361426,-1.2361426,-1.0061426,-2.8661425,-1.6961426,-1.8961426,-2.4161425,-2.0561426,-1.6561426,0.06385742,-1.4361426,1.2538574,1.6838574,3.9738574,3.4138575,3.1338575,0.8438574
-3.5061426,-2.7961426,-3.9461427,-2.8761425,-2.8861425,-3.1261425,-3.2961426,-3.7361426,-4.4061427,-4.1161427,-3.4261427,-4.0861425,-3.2261426,-2.7761426,-3.5561426,-1.7961426,-2.7661426,-2.7361426,-2.4261427,-1.8061426,-0.69614255,-1.2261425,-0.99614257,2.5338573,2.2938573,1.8038574,1.3138574,0.25385743,0.03385742,0.6638574,1.1938574,0.35385743,1.7838575,0.9138574,1.3438574,1.0838574,1.3638574,-0.50614256,0.06385742,0.8938574,-0.45614257
-3.2261426,-2.8761425,-3.0961425,-2.9561427,-3.1861427,-3.8461425,-3.8861425,-3.8561425,-4.3361425,-3.2961426,-3.3761425,-3.7561426,-3.1561425,-3.2361426,-2.1461425,-1.3961426,-3.0161426,-2.0761425,-3.0061426,-2.3361425,-3.0461426,-1.1761426,1.5738574,0.20385742,-1.4761425,-2.1161425,-1.6261426,-0.9861426,-0.43614256,0.6338574,1.1338574,1.2438574,0.74385744,-0.07614258,0.47385743,0.80385745,-0.27614257,0.17385742,-0.6461426,1.2338574,0.3438574
-2.3461425,-2.5961425,-2.8861425,-3.0961425,-2.1961427,-3.1661425,-2.0761425,-2.0661426,-1.7861426,-1.7261425,-2.4361427,-1.3361425,-0.56614256,-2.4461427,-1.9461426,-1.6561426,-2.1961427,-1.5161426,-2.3461425,-2.1461425,-0.9261426,1.2438574,-1.0461426,-1.9361426,-1.8161426,-1.7261425,0.39385742,1.2738575,1.5638574,1.2438574,2.0438573,1.6838574,1.2938575,0.6538574,0.6338574,-0.5161426,-0.9761426,0.3738574,0.36385742,0.8238574,-0.10614258
-0.6461426,-0.8661426,-1.1961426,-2.6161425,-0.99614257,-0.94614255,-0.7961426,-0.9161426,-0.5161426,-0.9661426,-1.3961426,0.083857425,0.41385743,0.10385742,-0.13614258,-0.8461426,-0.8561426,-0.2861426,-0.7861426,0.25385743,-0.20614257,-0.6761426,-0.9061426,-0.096142575,0.69385743,2.1838574,2.0738573,2.8538575,3.1238575,3.0938575,2.5938575,2.7438574,2.0638573,2.5538573,1.9838574,2.0638573,0.92385745,0.5138574,0.24385743,0.32385743,0.31385744
-0.7861426,0.31385744,-0.23614258,0.67385745,1.3338574,-0.21614258,0.4038574,0.7138574,0.7938574,-0.7861426,-0.68614256,0.7338574,1.0238575,1.6338574,1.3438574,1.9638574,1.4638574,1.4538574,1.4938574,2.0038574,1.2938575,1.3638574,1.4438574,1.3638574,3.4438574,3.7538574,3.7438574,3.3738575,3.6038575,4.0538573,3.4038575,3.5038574,2.3638575,4.4638577,3.8038573,2.4238575,2.0038574,0.61385745,1.5138574,0.56385744,-0.046142578
-0.08614258,-0.35614258,1.4738574,-0.82614255,-0.27614257,-0.3161426,1.2338574,1.2838575,0.93385744,0.29385743,-0.74614257,-0.006142578,1.6338574,2.1138575,2.7338574,3.3938575,3.1138575,2.7538574,2.1338575,2.7638574,3.2338574,3.0738573,3.4838574,3.5738573,3.8638575,3.7838573,3.8238573,4.5738573,4.1038575,5.0738573,4.1038575,3.7438574,3.7538574,3.5838575,0.9038574,1.6638575,2.0238574,1.7738575,-1.0861425,0.23385742,0.67385745
-0.32614258,-0.046142578,-0.15614258,-0.7661426,-0.026142579,0.003857422,1.2938575,0.18385743,1.3038574,-0.81614256,-0.99614257,0.74385744,1.0238575,1.7838575,3.3638575,2.2538574,3.0438573,3.1438575,2.5338573,3.7338574,3.4038575,3.5038574,3.2438574,3.5438573,3.3238573,3.1138575,3.3438575,3.9238575,3.3938575,3.2638574,3.4138575,3.2038574,2.9038575,2.0238574,1.4938574,2.1638575,1.2338574,1.4538574,0.99385744,0.38385743,-1.0661426
