wind_kz.json
{"header": {"discipline":0,"disciplineName":"Meteorological products","gribEdition":2,"gribLength":1025,"center":7,"centerName":"US National Weather Service - NCEP(WMC)","subcenter":0,"refTime":"2023-09-29T18:00:00.000Z","significanceOfRT":1,"significanceOfRTName":"Start of forecast","productStatus":0,"productStatusName":"Operational products","productType":1,"productTypeName":"Forecast products","productDefinitionTemplate":0,"productDefinitionTemplateName":"Analysis/forecast at horizontal level/layer at a point in time","parameterCategory":2,"parameterCategoryName":"UnknownDiscipline_0_Category_2","parameterNumber":3,"parameterNumberName":"UnknownParameter_D0_C2_3","parameterUnit":"Unknown","genProcessType":2,"genProcessTypeName":"Forecast","forecastTime":60,"surface1Type":103,"surface1TypeName":"Specified height level above ground","surface1Value":10.0,"surface2Type":255,"surface2TypeName":"Missing","surface2Value":0.0,"gridDefinitionTemplate":0,"gridDefinitionTemplateName":"Latitude_Longitude","numberPoints":615,"shape":6,"shapeName":"Earth spherical with radius of 6,371,229.0 m","gridUnits":"degrees","resolution":48,"winds":"true","scanMode":64,"nx":41,"ny":15,"basicAngle":0,"lo1":47.0,"la1":41.0,"lo2":87.0,"la2":55.0,"dx":1.0,"dy":1.0}, "data":
[rows 0 to 14 of 15, columns 0 to 40 of 41]
1.434126,1.714126,-0.68587404,4.974126,2.764126,3.754126,3.134126,2.184126,1.684126,1.974126,0.99412596,0.47412598,0.24412598,-0.375874,-1.175874,-1.645874,-2.065874,-1.045874,0.41412598,-0.82587403,-1.1058741,-1.115874,-0.765874,1.8941259,2.114126,2.634126,1.354126,0.30412596,1.294126,4.774126,0.32412598,1.6541259,-0.605874,-0.715874,1.014126,0.074125975,-0.19587402,0.36412597,1.984126,1.674126,0.824126
-1.235874,-1.255874,2.174126,2.304126,4.454126,4.524126,3.764126,3.494126,2.2141259,2.014126,1.304126,-0.26587403,-0.855874,-1.985874,-2.665874,-2.685874,-0.645874,-0.795874,-1.735874,-0.39587402,0.36412597,0.15412597,-0.985874,1.5241259,3.694126,3.494126,3.054126,2.054126,0.06412598,2.774126,-0.065874025,3.784126,2.334126,2.444126,1.764126,3.184126,1.674126,2.054126,2.104126,0.93412596,0.464126
0.38412598,3.644126,1.614126,1.7741259,3.044126,4.3441257,4.224126,3.914126,4.244126,2.184126,0.22412598,-1.305874,-1.955874,-1.185874,-1.3458741,-1.205874,-1.195874,-2.595874,-5.625874,-2.955874,-0.29587403,1.014126,1.434126,1.734126,-2.205874,-2.085874,-1.775874,-2.625874,-0.835874,-2.235874,-0.38587403,-0.32587403,-1.615874,1.854126,0.724126,-1.295874,2.744126,2.674126,0.114125974,0.74412596,1.184126
2.834126,2.054126,1.804126,2.294126,2.824126,4.194126,4.784126,5.244126,4.394126,3.294126,0.574126,-4.235874,-1.9758741,-0.955874,-0.39587402,-0.725874,-2.565874,-3.0358741,-4.095874,-5.085874,-4.355874,-1.025874,-3.655874,-1.935874,-0.065874025,0.524126,0.17412597,-1.165874,-1.875874,1.484126,0.75412595,2.2141259,1.544126,0.20412597,-0.17587402,1.9041259,2.784126,2.074126,-3.355874,-2.0358741,-0.715874
1.174126,1.4141259,2.574126,1.724126,1.204126,2.844126,2.504126,4.544126,5.304126,4.644126,0.62412596,-2.085874,-2.105874,-2.675874,-2.445874,-3.395874,-3.665874,-4.145874,-2.545874,-2.765874,-3.2858741,-2.965874,-3.375874,-3.065874,-1.165874,3.324126,2.264126,1.604126,2.374126,0.374126,-0.715874,-1.255874,-0.655874,0.464126,0.47412598,0.55412596,3.734126,-0.93587404,-2.295874,-0.49587402,-0.14587402
0.61412597,0.954126,0.25412598,1.194126,2.144126,2.784126,2.784126,3.934126,5.134126,3.174126,1.754126,0.764126,-1.205874,-0.94587404,-3.605874,-3.755874,-4.145874,-1.955874,-0.44587404,-1.405874,-3.795874,-3.7758741,-4.495874,-4.875874,-3.455874,2.274126,0.974126,3.764126,4.764126,2.104126,-1.065874,-3.015874,-3.505874,-3.7858741,-2.425874,10.864126,-2.205874,5.264126,-0.69587404,-0.775874,-1.185874
1.6441259,1.174126,0.734126,1.434126,2.144126,4.694126,2.9641259,4.3441257,2.624126,1.704126,0.714126,0.544126,-1.7258741,-2.635874,-3.135874,-3.755874,-2.915874,-1.935874,0.044125978,-1.4658741,-3.635874,-5.275874,-5.525874,-3.805874,-2.045874,-0.49587402,1.884126,2.864126,0.75412595,0.544126,-0.895874,-3.595874,-3.865874,-1.2158741,2.984126,3.134126,3.634126,2.114126,3.074126,3.644126,1.014126
1.874126,1.514126,1.254126,1.494126,1.974126,4.154126,4.464126,5.184126,3.904126,2.484126,2.394126,0.954126,-0.57587403,-1.055874,-2.095874,-3.425874,-3.425874,-3.5358741,-1.815874,0.724126,-3.515874,-4.875874,-4.935874,-4.765874,-1.565874,-0.62587404,-0.86587405,0.584126,0.434126,-1.5958741,-2.265874,-2.115874,-3.2758741,-5.915874,-0.26587403,0.024125976,-0.105874024,0.13412598,0.08412597,-0.19587402,0.404126
2.694126,1.704126,0.50412595,1.464126,3.234126,4.464126,4.724126,4.654126,4.434126,2.9641259,3.314126,1.624126,0.25412598,-1.0958741,-2.345874,-3.565874,-2.575874,-3.245874,-1.955874,-1.365874,-1.3458741,-2.555874,-4.985874,-4.295874,-2.875874,-2.625874,-0.38587403,-1.205874,0.024125976,-0.38587403,-0.93587404,-2.755874,-2.835874,-3.315874,-2.625874,0.784126,1.3941259,-1.315874,1.954126,1.464126,0.09412598
3.394126,2.624126,1.764126,2.414126,2.7241259,3.594126,3.644126,5.154126,4.574126,3.554126,3.414126,2.034126,1.474126,-0.105874024,-1.075874,-2.385874,-2.475874,-2.305874,-2.205874,-1.705874,-0.45587403,-1.755874,-2.825874,-1.2258741,-1.265874,-0.545874,0.054125976,0.48412597,0.18412597,-0.44587404,-0.855874,-2.2758741,-3.195874,-3.485874,-1.945874,-0.645874,1.084126,2.334126,0.93412596,0.47412598,2.004126
4.054126,4.074126,3.314126,2.114126,3.304126,4.054126,3.7241259,3.234126,3.994126,3.864126,2.794126,2.7141259,2.434126,1.814126,0.714126,-0.605874,-1.275874,-1.8558741,-1.5958741,-1.565874,-0.22587402,-0.08587402,-0.15587403,-0.595874,0.024125976,-0.57587403,-0.80587405,-0.57587403,-1.685874,-0.13587402,-0.47587404,-1.265874,-2.455874,-3.195874,-2.615874,-1.325874,0.16412598,0.55412596,1.9041259,0.604126,0.28412598
3.314126,4.114126,4.584126,4.084126,3.864126,3.854126,3.984126,3.754126,3.344126,3.324126,2.834126,2.414126,2.954126,2.924126,1.464126,1.014126,0.67412597,-0.16587402,-0.18587403,-0.26587403,0.904126,0.894126,1.094126,0.23412597,0.714126,-0.55587405,-0.32587403,-0.065874025,-0.22587402,-0.45587403,-0.925874,-1.685874,-1.915874,-2.385874,-2.225874,-2.815874,-2.565874,-1.865874,-1.445874,-1.125874,-0.86587405
4.194126,4.864126,4.744126,4.224126,4.284126,3.334126,4.104126,4.254126,5.134126,3.384126,1.824126,2.384126,2.614126,2.984126,2.654126,2.594126,2.444126,1.9041259,1.5241259,0.904126,1.014126,2.324126,2.614126,2.404126,0.984126,1.624126,0.69412595,0.594126,-0.035874024,-0.80587405,-1.325874,-1.4658741,-1.175874,-1.325874,-1.385874,-1.395874,-1.685874,-1.285874,-1.445874,-1.285874,-1.015874
3.614126,5.904126,6.034126,5.824126,5.224126,5.304126,5.024126,5.014126,4.704126,5.634126,3.024126,1.764126,2.484126,3.664126,3.824126,3.7241259,3.2241259,3.014126,2.584126,1.6641259,3.064126,2.624126,2.654126,2.694126,2.584126,2.574126,2.064126,1.634126,0.894126,0.404126,-0.18587403,-0.725874,-0.61587405,-0.26587403,-0.50587404,-0.775874,-0.38587403,-0.24587402,-0.07587402,-0.12587403,-0.20587403
0.36412597,1.544126,4.414126,6.154126,6.314126,5.914126,5.874126,5.474126,5.514126,4.314126,3.674126,4.764126,2.684126,2.074126,4.514126,5.024126,4.554126,4.114126,3.9741259,3.404126,3.324126,3.744126,3.754126,3.7141259,3.394126,2.914126,2.744126,2.304126,1.8941259,2.014126,2.414126,1.704126,0.99412596,0.80412596,0.80412596,0.724126,1.314126,0.50412595,0.36412597,1.444126,1.0341259
