wind_kz.json
{"header": {"discipline":0,"disciplineName":"Meteorological products","gribEdition":2,"gribLength":1025,"center":7,"centerName":"US National Weather Service - NCEP(WMC)","subcenter":0,"refTime":"2023-10-05T06:00:00.000Z","significanceOfRT":1,"significanceOfRTName":"Start of forecast","productStatus":0,"productStatusName":"Operational products","productType":1,"productTypeName":"Forecast products","productDefinitionTemplate":0,"productDefinitionTemplateName":"Analysis/forecast at horizontal level/layer at a point in time","parameterCategory":2,"parameterCategoryName":"UnknownDiscipline_0_Category_2","parameterNumber":2,"parameterNumberName":"UnknownParameter_D0_C2_2","parameterUnit":"Unknown","genProcessType":2,"genProcessTypeName":"Forecast","forecastTime":180,"surface1Type":103,"surface1TypeName":"Specified height level above ground","surface1Value":10.0,"surface2Type":255,"surface2TypeName":"Missing","surface2Value":0.0,"gridDefinitionTemplate":0,"gridDefinitionTemplateName":"Latitude_Longitude","numberPoints":615,"shape":6,"shapeName":"Earth spherical with radius of 6,371,229.0 m","gridUnits":"degrees","resolution":48,"winds":"true","scanMode":64,"nx":41,"ny":15,"basicAngle":0,"lo1":47.0,"la1":41.0,"lo2":87.0,"la2":55.0,"dx":1.0,"dy":1.0}, "data":
[rows 0 to 14 of 15, columns 0 to 40 of 41]
-3.142954,-0.7929541,1.2270459,-1.5629541,-1.8729541,-1.4029541,0.6970459,0.2170459,-1.4429541,-1.8929541,-3.3729541,-3.242954,-2.262954,-2.5929542,-0.9629541,-0.7929541,-0.5529541,0.1370459,-2.422954,-1.7629541,-1.3829541,0.8270459,-1.212954,-0.62295413,-0.7029541,0.1870459,-1.7829541,0.5870459,0.3570459,0.0870459,-1.582954,2.107046,0.5370459,-0.0629541,-2.3529541,-3.492954,-2.702954,-2.682954,-2.962954,-1.1829541,-3.0729542
1.9070458,0.8370459,-0.9229541,-0.5429541,-0.7529541,-0.6029541,-0.3629541,-1.202954,-1.9229541,-1.9829541,-1.9229541,-2.432954,-1.6029541,-2.3429542,-0.5429541,-1.1629541,1.9470459,-1.332954,-0.4129541,0.48704588,0.2970459,0.4970459,0.9670459,-2.672954,1.547046,0.8870459,0.1570459,1.8070459,-1.0229541,-1.1129541,0.4170459,-0.5229541,0.5170459,-2.1229541,0.3070459,0.4770459,-0.6429541,0.0970459,-0.5929541,0.62704587,-1.1229541
0.3870459,-0.8629541,0.3470459,0.5170459,0.5370459,0.8670459,1.1470459,1.2670459,0.2570459,1.5770459,1.9070458,0.4470459,1.1970459,-1.1829541,-1.0129541,-1.4229541,-2.5729542,-1.2429541,-0.4229541,0.6470459,2.487046,2.597046,0.4670459,-0.6429541,-0.2429541,2.8670459,-1.9329541,-0.8529541,-1.2829541,0.1170459,-1.3029541,1.6070459,-0.2129541,-0.6729541,-0.2329541,-0.5629541,-0.2529541,-0.1129541,-0.9129541,-0.6429541,1.7770458
-0.3729541,1.4070458,2.797046,2.6970458,1.8270459,2.1270459,2.2170458,1.9370459,3.047046,3.567046,3.4270458,2.497046,1.4670459,0.1870459,0.2370459,1.4670459,-0.3329541,0.5370459,0.7770459,0.8970459,2.077046,-1.202954,-1.0029541,-0.9829541,-2.012954,0.6370459,0.0870459,-2.722954,-0.4229541,-1.8429542,0.2270459,-0.1729541,-1.6829541,-2.172954,-1.952954,-1.9329541,-1.6429541,2.1370459,-0.2029541,-0.2029541,-0.9629541
2.347046,4.167046,3.8870459,5.0070457,4.5670457,3.9070458,4.247046,3.6670458,3.777046,3.8870459,3.767046,3.807046,3.007046,2.6470459,2.737046,2.7170458,1.6970459,1.1070459,0.8270459,0.8670459,-0.3929541,-2.202954,-1.6129541,-0.2929541,0.3470459,-0.6429541,-1.1729541,-0.6329541,-1.8729541,-1.462954,-0.9029541,-2.0729542,-1.3729541,0.6870459,1.3570459,1.0170459,0.3070459,-1.4329541,-2.5729542,-3.522954,-2.172954
3.837046,3.1870458,3.997046,5.417046,5.927046,7.037046,5.207046,5.097046,4.137046,4.3170457,4.117046,3.027046,3.227046,4.377046,3.777046,3.4070458,3.4370458,2.067046,0.8270459,1.5270458,0.2970459,-1.0529541,-1.3529541,-1.8029541,-1.9829541,-1.832954,-1.1929541,-2.2929542,-1.6529541,0.2670459,0.8870459,0.6170459,0.5170459,-0.9929541,-0.8629541,-4.2029543,0.1770459,-1.9229541,-0.042954102,-1.8129541,-1.202954
2.517046,2.607046,2.017046,1.8770459,2.767046,3.037046,3.757046,4.747046,6.0270457,6.897046,7.097046,5.787046,3.4070458,4.227046,3.747046,3.077046,3.067046,2.567046,1.4370459,2.287046,0.2070459,-0.9129541,-1.3629541,-0.9929541,-1.2329541,-0.7129541,-1.0029541,-1.9829541,-0.6329541,-0.8629541,-0.3029541,0.3570459,0.9770459,-0.1629541,-3.3429542,-2.412954,-1.0629541,3.047046,-1.4329541,0.8870459,0.6770459
3.557046,2.3970459,0.2270459,-0.0329541,-0.4429541,-0.3229541,0.9470459,1.4470459,2.1470459,2.9370458,5.407046,6.477046,6.897046,8.347046,4.487046,4.577046,2.827046,2.047046,1.7670459,1.8670459,2.757046,0.4770459,-1.2529541,-1.5129541,-1.4929541,-0.6929541,-1.1329541,-1.6129541,-0.3129541,-1.0929542,-3.3429542,-3.192954,-3.3829541,0.2170459,-0.0829541,-0.1429541,0.4270459,-5.552954,-6.602954,-4.312954,-2.5629542
1.9070458,1.5770459,0.3370459,1.297046,1.9870459,2.237046,2.297046,2.6770458,2.9470458,3.507046,3.487046,3.537046,6.057046,6.287046,4.857046,2.1670458,3.017046,3.8870459,1.7770458,1.6870459,1.8570459,2.1670458,0.7170459,-0.4829541,-0.2229541,-1.452954,-0.9029541,-1.1829541,-0.5329541,-1.4129541,-3.402954,-2.5629542,-2.022954,-1.6529541,-1.0629541,0.6670459,-0.1529541,-1.202954,-2.1229541,-0.4629541,-0.8329541
1.427046,1.0070459,0.8870459,0.9870459,2.4070458,2.9670458,1.547046,2.4270458,3.087046,2.9270458,2.7170458,4.037046,4.867046,6.0070457,5.747046,5.947046,7.927046,4.477046,2.237046,1.5170459,1.6270459,2.1770458,1.8970459,-0.3129541,-0.4829541,-0.3429541,-0.8229541,-0.7429541,-1.1229541,-1.2829541,-1.7829541,-2.0929542,-2.3529541,-1.6729541,-0.9229541,0.6970459,-1.1529541,0.1470459,-0.0229541,-0.8829541,-0.9029541
1.427046,1.0270458,1.0570459,1.417046,2.1870458,2.8770459,1.7070459,2.6870458,2.807046,3.847046,2.9370458,4.267046,6.157046,6.5070457,5.947046,5.457046,5.687046,3.2070458,3.837046,4.577046,2.4670458,0.9070459,1.0970459,0.027045898,0.2970459,0.4170459,0.5170459,0.1770459,-1.7329541,-2.2929542,-2.772954,-1.9729542,-1.5229541,-1.2429541,-1.7729541,-1.3029541,-0.3229541,0.8970459,0.4570459,0.6570459,-0.4729541
0.8470459,1.6370459,1.0770459,0.5670459,2.087046,2.287046,2.1970458,2.557046,2.727046,2.317046,2.517046,3.277046,3.1670458,4.827046,6.857046,5.637046,5.167046,5.3170457,5.0270457,3.787046,2.087046,1.2070459,0.7770459,0.4970459,0.87704587,0.9970459,0.6770459,1.4470459,0.87704587,-1.4729542,-1.3429542,0.2870459,0.077045895,-0.1629541,0.6570459,1.1970459,0.5770459,2.337046,1.1270459,0.3370459,0.3370459
1.0670459,-0.4529541,0.9270459,1.2170459,1.0670459,1.6870459,1.7670459,1.3170459,3.107046,1.927046,0.5670459,3.6770458,3.577046,4.097046,2.757046,2.1170459,2.8970459,4.597046,5.627046,3.577046,1.4870459,2.057046,1.1570458,0.9470459,1.1970459,1.2470459,1.4670459,1.3870459,-0.3029541,-0.5129541,0.5670459,0.8670459,-0.0729541,-0.0729541,1.3170459,1.5870459,2.057046,1.6270459,2.7170458,2.977046,2.1970458
0.4270459,0.3770459,0.7870459,-0.2829541,0.19704589,1.3270459,2.077046,2.767046,1.797046,2.007046,0.6470459,1.0770459,3.757046,2.9370458,2.827046,3.267046,4.3170457,3.9270458,3.007046,3.607046,3.337046,2.287046,1.797046,0.3970459,2.507046,2.8670459,0.7470459,0.3770459,0.0370459,0.5370459,1.0070459,0.48704588,0.0070458986,1.3270459,1.7470459,2.2070458,1.5770459,3.327046,3.8670459,3.787046,6.287046
-0.5429541,-0.6329541,0.5670459,0.19704589,0.9370459,0.9770459,1.6870459,1.8570459,3.1270459,3.767046,2.827046,3.747046,2.227046,1.4470459,3.067046,4.0470457,3.6170459,2.9070458,2.007046,3.4070458,3.347046,2.537046,2.297046,3.107046,6.0470457,1.2170459,0.2070459,0.1770459,0.6070459,0.9470459,2.1670458,2.267046,1.2270459,1.6370459,2.6670458,2.497046,2.6870458,3.8970459,5.0470457,6.387046,4.907046
