wind_kz.json
{"header": {"discipline":0,"disciplineName":"Meteorological products","gribEdition":2,"gribLength":948,"center":7,"centerName":"US National Weather Service - NCEP(WMC)","subcenter":0,"refTime":"2023-09-25T12:00:00.000Z","significanceOfRT":1,"significanceOfRTName":"Start of forecast","productStatus":0,"productStatusName":"Operational products","productType":1,"productTypeName":"Forecast products","productDefinitionTemplate":0,"productDefinitionTemplateName":"Analysis/forecast at horizontal level/layer at a point in time","parameterCategory":0,"parameterCategoryName":"UnknownDiscipline_0_Category_0","parameterNumber":0,"parameterNumberName":"UnknownParameter_D0_C0_0","parameterUnit":"Unknown","genProcessType":2,"genProcessTypeName":"Forecast","forecastTime":0,"surface1Type":1,"surface1TypeName":"Ground or water surface","surface1Value":0.0,"surface2Type":255,"surface2TypeName":"Missing","surface2Value":0.0,"gridDefinitionTemplate":0,"gridDefinitionTemplateName":"Latitude_Longitude","numberPoints":615,"shape":6,"shapeName":"Earth spherical with radius of 6,371,229.0 m","gridUnits":"degrees","resolution":48,"winds":"true","scanMode":64,"nx":41,"ny":15,"basicAngle":0,"lo1":47.0,"la1":41.0,"lo2":87.0,"la2":55.0,"dx":1.0,"dy":1.0}, "data":
[rows 0 to 14 of 15, columns 0 to 40 of 41]
303.2317,291.13168,297.7317,294.4317,294.13168,293.4317,302.53168,308.4317,305.4317,306.2317,304.13168,304.53168,303.53168,303.13168,302.63168,303.2317,304.3317,302.3317,302.4317,302.2317,303.9317,300.4317,300.4317,295.7317,298.03168,299.8317,293.13168,282.8317,281.4317,279.8317,277.63168,277.8317,289.03168,294.7317,295.53168,295.03168,293.53168,293.8317,293.9317,292.8317,290.8317
282.4317,297.7317,293.8317,294.13168,293.8317,293.53168,309.13168,305.4317,303.9317,303.3317,304.13168,302.63168,302.13168,301.03168,301.13168,301.53168,303.3317,303.13168,301.63168,301.4317,301.9317,301.9317,299.9317,290.53168,283.9317,282.53168,289.13168,281.4317,283.63168,273.13168,282.13168,266.53168,282.63168,254.8317,278.8317,291.2317,289.2317,290.3317,292.53168,284.7317,284.13168
298.2317,293.63168,294.2317,293.4317,291.9317,305.3317,303.9317,304.4317,303.2317,301.7317,300.53168,301.03168,300.03168,301.4317,300.4317,301.13168,301.53168,301.7317,302.13168,302.13168,300.03168,298.9317,298.63168,291.2317,295.4317,293.2317,294.03168,292.53168,292.2317,281.13168,274.4317,276.8317,281.13168,282.03168,282.9317,280.9317,273.3317,274.9317,275.7317,267.9317,264.03168
299.4317,292.9317,293.53168,293.03168,295.9317,302.7317,303.7317,303.4317,303.13168,302.03168,300.2317,297.53168,291.7317,291.13168,301.13168,300.9317,299.53168,299.8317,300.13168,300.03168,298.53168,292.7317,296.4317,295.9317,295.7317,295.2317,295.13168,291.63168,289.2317,290.7317,292.03168,289.03168,293.4317,290.3317,288.63168,284.3317,272.03168,263.13168,275.03168,282.4317,285.03168
300.13168,292.63168,292.8317,292.63168,297.3317,303.53168,303.53168,302.63168,300.9317,301.53168,300.8317,298.2317,290.7317,289.7317,288.63168,300.4317,300.2317,298.7317,298.63168,297.9317,298.2317,298.4317,297.53168,296.9317,296.03168,294.9317,292.63168,292.63168,293.63168,292.7317,293.9317,289.8317,278.7317,265.7317,280.13168,287.4317,289.7317,290.3317,289.7317,288.53168,287.3317
303.9317,301.4317,291.9317,292.8317,293.03168,292.9317,303.53168,303.2317,300.53168,300.8317,300.53168,299.7317,291.8317,290.7317,295.63168,299.13168,300.13168,299.63168,299.13168,298.7317,297.9317,296.9317,296.63168,296.2317,295.9317,294.53168,294.7317,289.3317,294.4317,294.3317,292.3317,292.8317,290.7317,288.2317,283.53168,287.03168,279.53168,279.2317,286.2317,286.03168,285.4317
304.4317,303.63168,304.63168,304.8317,300.63168,304.2317,303.53168,301.4317,301.53168,301.13168,299.9317,298.9317,298.2317,298.3317,298.4317,299.13168,299.63168,300.13168,299.7317,298.3317,297.3317,297.03168,296.53168,295.7317,294.13168,294.2317,293.7317,294.13168,294.13168,293.63168,292.3317,291.63168,291.3317,287.8317,285.7317,283.3317,278.8317,275.9317,273.03168,271.63168,280.7317
306.63168,306.8317,306.8317,305.03168,304.3317,303.9317,303.9317,302.4317,301.4317,300.7317,299.63168,298.2317,297.7317,297.2317,298.4317,298.63168,297.9317,299.13168,298.63168,296.9317,296.4317,296.2317,295.63168,294.53168,292.4317,288.7317,287.8317,289.03168,287.9317,289.13168,288.4317,288.4317,287.13168,283.4317,281.53168,281.2317,282.53168,287.4317,281.3317,281.4317,279.4317
305.9317,304.9317,304.53168,304.13168,303.8317,303.53168,303.13168,303.03168,301.9317,301.13168,299.9317,299.7317,298.3317,298.8317,297.8317,298.8317,298.03168,298.2317,296.63168,295.3317,293.53168,293.2317,293.2317,292.13168,290.13168,289.13168,287.2317,285.3317,284.2317,283.4317,284.13168,284.63168,285.3317,283.4317,282.4317,280.53168,277.63168,277.13168,269.8317,270.8317,268.8317
304.4317,303.7317,304.4317,299.53168,301.7317,303.8317,300.03168,302.7317,301.13168,300.2317,298.4317,298.53168,297.2317,295.53168,296.53168,296.9317,298.03168,298.13168,297.3317,294.8317,291.3317,291.53168,293.13168,292.63168,291.7317,289.53168,288.4317,286.9317,286.03168,285.3317,285.63168,285.7317,286.3317,285.53168,284.2317,282.03168,275.2317,272.8317,271.8317,271.2317,269.53168
303.9317,304.03168,301.03168,301.63168,300.2317,301.7317,301.13168,298.7317,301.9317,300.53168,297.9317,297.8317,297.8317,296.2317,293.03168,296.2317,297.03168,297.7317,297.13168,294.4317,294.8317,293.53168,292.63168,292.63168,291.3317,291.4317,289.63168,288.03168,287.53168,288.3317,289.13168,289.13168,287.63168,287.03168,283.8317,279.2317,273.3317,272.8317,275.2317,273.63168,271.63168
302.2317,303.03168,302.9317,302.53168,301.8317,301.53168,300.53168,300.3317,300.63168,299.63168,295.8317,295.8317,297.03168,295.03168,295.3317,297.03168,296.2317,296.13168,296.03168,295.13168,293.3317,292.8317,292.03168,291.9317,291.03168,291.9317,289.4317,289.9317,288.8317,288.8317,289.2317,289.3317,287.53168,282.63168,281.3317,280.9317,280.2317,279.2317,277.9317,277.4317,275.2317
298.2317,300.03168,300.8317,300.03168,299.2317,298.9317,298.9317,299.63168,298.8317,297.7317,294.13168,292.8317,295.63168,294.2317,295.03168,295.8317,295.9317,295.13168,295.53168,293.8317,293.63168,292.2317,291.03168,290.4317,291.53168,291.8317,291.8317,290.2317,289.2317,289.03168,288.63168,286.2317,283.53168,281.8317,280.7317,279.63168,278.7317,277.03168,277.03168,276.7317,274.2317
297.53168,297.7317,293.03168,298.9317,298.03168,297.8317,297.03168,295.8317,297.03168,296.7317,293.3317,290.63168,292.7317,294.53168,294.4317,294.8317,294.8317,294.13168,294.7317,294.4317,294.53168,293.9317,293.8317,293.2317,293.3317,293.13168,291.8317,290.4317,289.53168,288.8317,286.4317,282.63168,281.03168,279.63168,278.9317,276.9317,276.03168,275.13168,275.63168,274.63168,275.9317
292.2317,296.13168,287.2317,298.03168,297.63168,297.13168,296.2317,296.03168,297.2317,296.9317,295.3317,293.03168,290.9317,292.4317,293.4317,294.8317,294.63168,294.3317,295.3317,294.63168,295.3317,294.7317,294.53168,293.53168,293.13168,292.7317,291.53168,289.8317,289.63168,286.53168,283.7317,282.3317,279.7317,278.2317,278.4317,276.4317,276.7317,274.9317,275.7317,274.53168,276.4317
