wind_kz.json
{"header": {"discipline":0,"disciplineName":"Meteorological products","gribEdition":2,"gribLength":1102,"center":7,"centerName":"US National Weather Service - NCEP(WMC)","subcenter":0,"refTime":"2023-08-21T12:00:00.000Z","significanceOfRT":1,"significanceOfRTName":"Start of forecast","productStatus":0,"productStatusName":"Operational products","productType":1,"productTypeName":"Forecast products","productDefinitionTemplate":0,"productDefinitionTemplateName":"Analysis/forecast at horizontal level/layer at a point in time","parameterCategory":2,"parameterCategoryName":"UnknownDiscipline_0_Category_2","parameterNumber":3,"parameterNumberName":"UnknownParameter_D0_C2_3","parameterUnit":"Unknown","genProcessType":2,"genProcessTypeName":"Forecast","forecastTime":0,"surface1Type":103,"surface1TypeName":"Specified height level above ground","surface1Value":10.0,"surface2Type":255,"surface2TypeName":"Missing","surface2Value":0.0,"gridDefinitionTemplate":0,"gridDefinitionTemplateName":"Latitude_Longitude","numberPoints":615,"shape":6,"shapeName":"Earth spherical with radius of 6,371,229.0 m","gridUnits":"degrees","resolution":48,"winds":"true","scanMode":64,"nx":41,"ny":15,"basicAngle":0,"lo1":47.0,"la1":41.0,"lo2":87.0,"la2":55.0,"dx":1.0,"dy":1.0}, "data":
[rows 0 to 14 of 15, columns 0 to 40 of 41]
3.5901587,3.5301588,-0.2298413,1.6401587,-0.2998413,-2.2298412,-1.7798413,-2.6298413,-0.4298413,-0.6098413,-2.2198412,-3.2998414,-1.9198413,0.10015869,0.1601587,0.1301587,-0.009841309,-0.68984133,-0.1998413,-4.519841,-1.8898413,-3.5798414,-4.9498415,-0.7998413,5.000159,2.6701586,2.0001588,0.81015867,-3.6598413,-0.8498413,1.5801587,-3.9498413,4.3101587,6.4701586,1.1001587,-1.5498413,1.1101587,1.2101587,0.2901587,-2.8898413,-1.6598413
0.1401587,1.2001587,1.9001586,-0.09984131,-2.3798413,-2.1998413,-6.0898414,-3.6498413,-1.4198413,-4.309841,-3.0898414,-1.3298413,0.30015868,-0.6498413,-0.23984131,0.1301587,1.0501587,-3.2798414,-0.9698413,-1.6398413,-6.9198413,-3.7398412,-3.7698412,-2.1098413,1.4701587,1.9701587,2.8401587,-0.049841307,0.07015869,-2.5698414,-2.2198412,-2.3798413,-1.3598413,-2.8598413,-0.6998413,-12.349841,-8.029841,-7.499841,-7.559841,-5.8598413,-1.4398413
1.4301587,2.4601586,0.8601587,-1.2398413,-1.4098413,0.05015869,-3.7698412,-0.5398413,-2.1098413,-3.3998413,-3.0098412,-3.5398414,-4.9198413,5.1401587,3.2401588,2.4701586,0.4401587,-1.5698413,0.5301587,1.0901587,-1.1298413,-0.1698413,-5.7098413,-3.5698414,-3.5898414,-2.4598413,-4.2598414,-2.6498413,-5.0298414,-3.9498413,-3.0998414,-2.2698412,-4.4898415,-5.5498414,-0.2698413,3.1201587,-3.6398413,-3.8498414,-1.6998413,1.1001587,-1.9598413
0.8901587,0.09015869,-1.0498413,-1.4298413,-0.02984131,-2.7098413,-2.0198412,-4.8398414,-3.2598412,-4.139841,-4.5298414,-3.8898413,-4.5698414,-3.5898414,-5.249841,-3.1998413,-0.8398413,-0.02984131,-3.5098412,-1.8898413,0.030158691,0.8501587,1.0101587,-1.4598413,-2.8398414,-2.9198413,-4.5298414,-3.7998414,-3.8198414,-4.729841,-5.1298413,-4.889841,-2.1598413,3.9501586,0.8301587,-1.5398413,-5.229841,-1.7798413,-0.5098413,-1.5098413,-3.4098413
3.8901587,2.5101588,-1.3798413,-2.8198414,-6.729841,-5.999841,-8.459842,-5.0298414,-4.809841,-2.0298414,-3.2698412,-0.14984131,-2.6498413,-4.0098414,-5.499841,-3.0898414,1.4901587,-3.1498413,-8.139841,-9.429841,-0.06984131,0.5801587,1.1901587,0.1301587,1.1901587,-0.4698413,-4.269841,-8.639841,-3.8398414,-3.4198413,-5.9598413,-5.729841,-2.7698412,-2.1798413,0.8601587,4.650159,-1.7898413,3.6901586,0.2901587,-2.4798412,-2.0398414
0.1901587,5.1001587,4.920159,3.3301587,-0.2898413,-2.1798413,-6.3398414,-7.5298414,-5.329841,-3.0698414,-2.2198412,-2.7498412,1.7301587,1.2301587,4.9501586,5.2801585,3.6701586,3.9401586,-5.8198414,-8.1998415,-5.1998415,1.2801586,0.5801587,0.10015869,-0.7998413,2.1201587,1.1401587,-3.2398412,-4.6698413,-2.5398414,-2.3898413,-3.6498413,-5.269841,-2.1498413,-2.7598412,0.1901587,-3.3298414,-4.269841,-0.7198413,-1.7998413,-1.3198413
-3.0898414,-3.4698412,0.15015869,8.270159,6.1601586,1.7701586,-5.0698414,-6.5098414,-6.7198415,-5.5098414,-3.1798413,-0.41984132,0.07015869,4.2401586,8.330158,10.130158,7.610159,7.960159,2.1601586,3.3501587,-0.6598413,2.2801588,2.0001588,-0.15984131,-1.4298413,-1.0698413,0.18015869,0.75015867,6.1601586,5.3201585,-0.3198413,-0.4398413,-1.5998414,-1.8598413,-3.4598413,-3.6098413,-4.979841,-6.1698413,-5.039841,1.8001587,-7.369841
-1.2898413,-2.4098413,-1.8798413,-1.3098413,-1.3798413,-5.9498415,-3.0298414,-4.4198413,-5.289841,-5.9198413,-5.0898414,-4.8998413,-2.5998414,0.4001587,-1.0398413,-2.1798413,1.7801586,10.070159,9.380158,3.4001586,1.1701587,0.4101587,1.7001587,1.0401587,-2.2198412,-0.4998413,-0.4598413,-2.5298414,-1.9998413,1.586914E-4,-1.4998413,-0.4098413,-3.3198414,-4.499841,-3.6698413,-2.8498414,0.5701587,0.24015869,-2.1198413,2.1601586,2.4701586
-3.0898414,-4.4298415,-3.8398414,-4.5698414,-1.5398413,1.3501587,0.4701587,-2.1898413,-4.1298413,-4.6298413,-4.5098414,-4.079841,-3.6398413,-4.829841,-0.8898413,1.8801587,-0.2698413,1.5101587,1.4801587,-1.0698413,-1.2198414,1.4201587,0.30015868,-1.8698413,-2.3398414,-3.5598414,-2.6898413,-3.4698412,-3.9598413,-3.5398414,-3.1798413,-3.1598413,-2.5398414,-1.2098413,-3.2698412,-2.4798412,-3.5598414,-5.1898413,-4.289841,-3.1798413,-0.5798413
-4.7398415,-4.2098413,-1.6998413,-3.5398414,-2.8298414,-3.7898414,-2.6098413,0.09015869,-2.0198412,-3.0498414,-3.5798414,-3.6998413,-3.3098414,-3.6098413,-2.7098413,-3.4798412,4.020159,4.3101587,0.7801587,1.6201587,-1.5298413,-2.9398413,-3.4998412,-1.7398413,-1.5298413,-2.2798414,-1.7698413,-1.1698413,-1.6798413,-0.8598413,-5.249841,-4.3998413,-2.7798414,-1.9598413,-1.6298413,-1.1498413,-1.6398413,-0.049841307,-1.3898413,-1.5298413,-2.2498412
-1.8198413,-2.9298413,-3.5198412,-3.3398414,-3.1798413,-3.0398414,-1.0198413,0.9001587,0.6001587,-1.6498413,-2.6998413,-2.3198414,-2.0598414,-2.7598412,-2.7998414,-1.2998413,-0.2298413,2.1401587,0.5201587,4.020159,2.8401587,1.1401587,-0.6998413,-1.2798413,-0.7098413,-3.2398412,-0.8598413,-2.1898413,-1.5598413,-2.4398413,-2.1698413,-2.0698414,-3.1598413,-2.8498414,-3.0298414,-3.6998413,-1.4998413,-1.0198413,-1.9798414,-1.1798413,0.09015869
-3.4398413,-4.3398414,-7.5498414,-6.6698413,-2.0398414,-3.2198412,-3.6698413,-1.7698413,-1.0798413,-1.5198413,-2.9598413,-2.4098413,-2.2398412,-2.5098412,-2.9098413,-3.6998413,1.3101587,1.5001587,5.130159,5.3101587,4.6801586,2.2301588,1.9101586,1.9701587,0.7001587,1.3101587,0.7001587,-0.20984131,-0.019841308,1.0501587,-0.47984132,-1.4698414,-2.2698412,-2.5398414,-2.6998413,-2.2098413,-1.6798413,-1.2798413,-1.2698413,-0.7998413,-0.8498413
-3.1298413,-2.4698412,-3.7198412,-3.7898414,-0.74984133,-1.7398413,-1.6798413,-1.0298413,-0.3798413,-1.2998413,-0.4998413,-1.5098413,-2.3598413,-1.2498413,-3.5298414,-3.9298413,-4.999841,-0.38984132,4.8901587,3.3001587,-1.4298413,3.7901587,3.1601586,4.3301587,4.5601587,4.020159,1.5701587,1.0201586,-1.3198413,-2.1698413,-2.0298414,-1.3598413,-0.5098413,-0.9698413,-1.9398413,-1.9298413,-2.4498413,-0.4698413,-2.3398414,-3.1198413,0.17015868
-2.5998414,-3.8098414,-6.2598414,-6.579841,-5.6798415,-6.6298413,-6.0298414,-4.1998415,-4.039841,-3.4498413,-1.5298413,-2.3798413,-3.0698414,-3.0698414,-5.4298415,-4.729841,-1.5398413,-1.9298413,-2.0898414,3.8701587,5.6801586,2.9001586,3.1101587,0.5901587,3.9501586,3.2301588,2.1001587,1.1701587,0.010158692,-0.7698413,-1.3698413,-0.9698413,-1.0198413,-1.3398414,-1.7198414,-3.0798414,-3.6598413,-1.5598413,-1.3098413,-1.3798413,-0.8898413
-0.9898413,-2.4598413,-1.2398413,-4.0298414,-3.9498413,-3.6598413,-2.8798413,-1.5698413,-1.3198413,-0.18984132,1.6401587,1.5801587,0.3101587,-1.8698413,-1.2098413,1.5501587,0.6401587,-1.6498413,-2.8098414,-3.6898413,1.9501587,3.7901587,3.6901586,4.5901585,3.8501587,4.000159,3.3501587,2.8801587,2.4001586,1.1701587,2.5901587,0.4501587,-0.5198413,-1.8398414,-0.23984131,-1.9898413,-0.4898413,-1.4098413,-1.3498414,-2.8998413,-1.7298414
