wind_kz.json
{"header": {"discipline":0,"disciplineName":"Meteorological products","gribEdition":2,"gribLength":1102,"center":7,"centerName":"US National Weather Service - NCEP(WMC)","subcenter":0,"refTime":"2023-08-28T06:00:00.000Z","significanceOfRT":1,"significanceOfRTName":"Start of forecast","productStatus":0,"productStatusName":"Operational products","productType":1,"productTypeName":"Forecast products","productDefinitionTemplate":0,"productDefinitionTemplateName":"Analysis/forecast at horizontal level/layer at a point in time","parameterCategory":2,"parameterCategoryName":"UnknownDiscipline_0_Category_2","parameterNumber":3,"parameterNumberName":"UnknownParameter_D0_C2_3","parameterUnit":"Unknown","genProcessType":2,"genProcessTypeName":"Forecast","forecastTime":0,"surface1Type":103,"surface1TypeName":"Specified height level above ground","surface1Value":10.0,"surface2Type":255,"surface2TypeName":"Missing","surface2Value":0.0,"gridDefinitionTemplate":0,"gridDefinitionTemplateName":"Latitude_Longitude","numberPoints":615,"shape":6,"shapeName":"Earth spherical with radius of 6,371,229.0 m","gridUnits":"degrees","resolution":48,"winds":"true","scanMode":64,"nx":41,"ny":15,"basicAngle":0,"lo1":47.0,"la1":41.0,"lo2":87.0,"la2":55.0,"dx":1.0,"dy":1.0}, "data":
[rows 0 to 14 of 15, columns 0 to 40 of 41]
1.0190015,2.0690014,0.24900146,9.479001,7.3990016,4.1790013,2.8490014,2.8090014,5.0990014,4.8090014,5.2890015,4.3490014,3.0390015,3.5590014,1.7190014,1.3190014,-1.4209986,-2.8909986,-1.4409986,-0.84099853,-1.7009985,-3.1809986,-0.87099856,0.79900146,3.7390015,5.0790014,2.4090014,1.7990015,-2.3109984,0.059001464,2.0690014,1.3790015,-0.5509985,-1.4609985,1.7290015,-1.7009985,-4.8709984,-0.030998535,0.78900146,2.9390016,3.7390015
-0.81099856,-1.3009986,1.6490015,11.239001,8.789001,5.1490016,2.1090014,1.2990015,3.0590014,4.7090015,4.0790014,4.4190016,3.5190015,2.9290016,2.2690015,1.7490015,1.4990015,-0.7209985,-0.8009985,-1.6109985,0.039001465,0.47900146,1.2990015,4.5490017,2.9890015,3.7890015,2.7690015,1.5790014,0.13900146,1.0390015,-0.52099854,4.3590016,2.5090015,4.8190017,1.3690015,-0.51099855,-1.5809985,0.92900145,2.1790016,-0.75099856,-0.30099854
-1.4709985,2.1290014,1.6290015,7.0690017,6.7690015,4.279001,2.5790014,1.9490014,2.1390014,2.8590014,5.4590015,3.0590014,2.3190014,3.0390015,1.2090014,0.87900144,0.8390015,-0.51099855,-1.5809985,-0.6609985,-0.6109985,1.7690015,1.6190015,3.3590014,-1.0909985,-2.2809985,3.4890015,1.1390015,1.2790015,-0.45099854,-3.0409985,-2.8209984,-2.8409986,-2.3409986,-1.1009985,-3.6709986,-1.7109985,0.7690015,0.26900145,-0.88099855,1.5590014
1.4890015,3.3090014,3.6190014,4.3790016,6.8290014,3.5590014,2.1190014,2.1490014,1.6790015,2.9590015,3.8890014,2.6290014,3.6090014,3.4290016,1.7190014,0.29900146,0.17900147,-0.35099852,-0.11099853,0.7590015,1.8490014,3.1090014,1.0690014,3.1390014,0.79900146,-0.11099853,-0.9909985,1.9590014,3.6190014,8.019001,4.7990017,-0.17099853,5.2990017,0.92900145,1.3090014,1.0090015,2.7490015,3.3990014,-2.9409986,-6.1509986,-5.3709984
1.5590014,2.6290014,3.2590015,3.8590014,4.029001,3.8690014,3.9990015,3.7390015,3.3190014,3.9890015,3.2290015,2.8990014,4.3990016,3.0290015,2.2590015,-0.6109985,0.5890015,-0.6009985,1.0690014,-0.23099853,-0.81099856,1.6190015,1.9390014,1.4990015,1.3990015,2.1590014,3.1990016,3.5090015,3.4490016,2.7990015,4.5090013,3.4290016,0.9490015,-0.7809985,-1.5909985,-1.7109985,-9.400998,1.2390015,-5.8409986,-3.0309985,-2.3209984
1.1290015,0.61900145,2.5590014,3.0690014,3.4890015,4.3390017,4.5490017,5.4090014,4.9390016,5.8290014,4.6590014,3.9790015,4.9790015,3.9190016,3.2890015,0.28900146,0.7590015,-0.100998536,1.0690014,0.13900146,-0.48099855,1.6490015,2.1590014,-1.2309985,2.8490014,4.3390017,5.2190013,6.4690013,2.0690014,3.4890015,3.3590014,3.5690014,3.6390014,1.5090015,0.49900147,-3.7209985,-2.0209985,-7.0809984,-6.6209984,0.42900145,6.029001
-2.3509986,-2.5309985,-2.9909985,-1.9709985,-1.6009985,-0.8509985,0.7690015,2.3690014,8.369001,8.989001,7.1490016,6.0890017,4.6390014,4.279001,4.1790013,3.7490015,2.0390015,-0.030998535,0.40900147,0.53900146,0.069001466,-0.88099855,3.7690015,1.7090014,0.8290015,4.2090015,5.4290013,5.1890016,5.6190014,5.1590014,4.5590014,4.7590013,5.1090016,2.7590015,1.2190014,-0.25099853,2.6690016,3.2290015,-1.5309986,0.8890015,-10.340999
-4.6009984,-4.6809983,-5.0709987,-5.3209987,-4.4909987,-3.4609985,-1.8309985,0.15900147,2.3490014,7.8290014,7.3490014,5.3990016,5.0390015,5.3390017,4.5390015,5.0590014,3.4490016,1.2890015,0.9490015,2.0590014,-0.100998536,0.79900146,1.3490014,0.68900144,-0.060998537,1.7290015,6.7290015,5.9990015,6.7690015,7.8890014,6.1590014,6.0590014,4.6290016,4.8190017,4.1590014,1.8690015,-2.7409985,-3.4409986,-2.0209985,0.86900145,0.7690015
-2.2309985,-4.0009985,-5.7609987,-6.3909984,-5.8409986,-4.8709984,-4.0109987,-2.5209985,-0.76099855,2.1190014,2.3490014,4.8290014,5.0990014,4.5790014,6.7390013,7.6090016,1.6290015,3.5790014,3.4390016,2.8890014,0.55900145,0.039001465,-1.8109986,-0.060998537,-1.6209985,1.4990015,6.0090013,7.0990014,7.8590016,8.069001,8.319001,6.6890016,5.4990015,4.8290014,5.8490014,2.0390015,-1.5309986,-1.1709986,3.3390014,6.2190013,9.319001
-2.9509985,-4.0209985,-4.720999,-5.7109985,-6.5209985,-6.1909986,-5.8209987,-4.3309984,-1.8109986,-0.7909985,0.009001465,-0.16099854,1.5490015,4.9690013,7.4290013,3.6790016,3.9390016,4.2690015,3.1890016,2.6390014,2.6690016,0.12900147,-1.3309985,-1.4109986,0.81900144,1.5590014,3.7990015,6.6490016,7.1090016,7.0790014,5.8890014,5.2690015,4.8290014,4.0390015,6.2590013,3.8890014,0.5790015,0.25900146,2.1790016,3.2290015,3.6090014
-4.470999,-4.6409984,-4.7909985,-5.0009985,-5.5709987,-5.6009984,-4.970999,-5.4109983,-4.720999,-2.5509984,0.72900146,1.9690014,1.1890014,7.5190015,6.6890016,6.1290016,5.2890015,5.0090013,5.1290016,4.2490015,2.7390015,-0.5309985,-0.17099853,-2.0209985,-0.45099854,2.9790015,3.0590014,7.2590013,6.8390017,5.4290013,4.8990016,3.7390015,2.6090014,2.0190015,7.6190014,4.8290014,3.8390014,1.8490014,-0.060998537,-0.26099855,0.8390015
-5.9309983,-6.3709984,-6.1509986,-5.9009986,-5.7109985,-5.9609985,-5.7909985,-5.5209985,-2.9109986,-2.4609985,-2.7809985,-1.2309985,0.98900145,5.0590014,5.6890016,4.6090016,6.0890017,5.1190014,4.5190015,3.6290014,1.4190015,-1.2109985,-1.4009986,-0.94099855,-1.6409985,1.8890015,4.5190015,5.0490017,6.3190017,6.1390014,4.8890014,4.3290014,2.2990015,5.3890014,6.1290016,7.3890014,4.6990013,2.3190014,-2.2909985,-2.7709985,-1.9509985
-5.0009985,-5.9609985,-5.7309985,-5.3909984,-4.5509987,-4.0909986,-4.7909985,-5.3809986,-4.5009985,-3.0309985,-0.09099854,-1.6609986,0.08900146,4.6890016,5.4990015,5.029001,5.4190016,5.7290015,5.3590016,3.4090014,0.42900145,-0.7809985,-1.2409985,-1.0009985,-0.8009985,0.44900146,1.9890015,4.7490015,6.0990014,4.7290015,4.6590014,3.6290014,3.8290014,5.0790014,6.5790014,4.6790013,5.3390017,3.5090015,2.1190014,0.66900146,2.0090015
-5.9309983,-5.5209985,-6.8709984,-5.7609987,-5.5009985,-5.3309984,-4.4209986,-3.8909986,-2.9209986,-2.3709986,-0.21099854,0.61900145,0.38900146,3.7390015,5.3890014,5.9390016,6.1690016,5.1190014,3.6790016,2.4290016,0.44900146,-2.0009985,-3.8609986,-2.3909986,0.43900147,0.7790015,2.2590015,6.279001,6.5090013,5.0990014,5.2590013,4.1590014,3.3590014,2.9090014,3.0290015,6.4490013,3.7390015,2.2790015,4.5490017,3.9590015,3.7590015
-4.2609987,-6.7609987,-8.410998,-6.6409984,-5.7809987,-5.0609984,-5.2609987,-4.3709984,-2.4909985,-1.9409986,0.109001465,1.9490014,0.9490015,0.37900147,3.9190016,6.0690017,6.0690017,4.6990013,3.6890016,0.73900145,-0.17099853,-1.2509985,-3.7109985,-4.3009987,-1.7709985,2.4390016,4.4990015,4.8190017,4.7690015,5.2190013,4.0490017,3.9890015,4.3090014,1.2490015,0.5890015,2.7590015,3.2790015,4.9990015,4.5190015,5.0490017,2.2890015
