wind_kz.json
{"header": {"discipline":0,"disciplineName":"Meteorological products","gribEdition":2,"gribLength":871,"center":7,"centerName":"US National Weather Service - NCEP(WMC)","subcenter":0,"refTime":"2024-04-07T06:00:00.000Z","significanceOfRT":1,"significanceOfRTName":"Start of forecast","productStatus":0,"productStatusName":"Operational products","productType":1,"productTypeName":"Forecast products","productDefinitionTemplate":0,"productDefinitionTemplateName":"Analysis/forecast at horizontal level/layer at a point in time","parameterCategory":0,"parameterCategoryName":"UnknownDiscipline_0_Category_0","parameterNumber":0,"parameterNumberName":"UnknownParameter_D0_C0_0","parameterUnit":"Unknown","genProcessType":2,"genProcessTypeName":"Forecast","forecastTime":300,"surface1Type":1,"surface1TypeName":"Ground or water surface","surface1Value":0.0,"surface2Type":255,"surface2TypeName":"Missing","surface2Value":0.0,"gridDefinitionTemplate":0,"gridDefinitionTemplateName":"Latitude_Longitude","numberPoints":615,"shape":6,"shapeName":"Earth spherical with radius of 6,371,229.0 m","gridUnits":"degrees","resolution":48,"winds":"true","scanMode":64,"nx":41,"ny":15,"basicAngle":0,"lo1":47.0,"la1":41.0,"lo2":87.0,"la2":55.0,"dx":1.0,"dy":1.0}, "data":
[rows 0 to 14 of 15, columns 0 to 40 of 41]
287.39453,279.69452,285.19452,282.69452,283.79453,284.69452,289.49454,295.99454,294.39453,295.09454,292.59454,294.39453,293.79453,294.39453,293.59454,292.59454,292.49454,290.89453,293.49454,292.49454,292.09454,289.19452,287.99454,284.59454,290.29453,289.19452,284.99454,275.69452,275.79453,274.39453,272.29453,273.89453,285.39453,292.49454,293.09454,293.59454,293.49454,293.69452,293.79453,293.19452,292.89453
270.79453,284.89453,282.89453,283.09454,283.19452,283.99454,296.09454,293.39453,291.49454,290.79453,290.99454,290.29453,292.49454,292.09454,292.69452,291.99454,292.39453,292.39453,291.39453,292.19452,291.89453,288.99454,284.79453,279.49454,270.19452,271.49454,281.69452,275.09454,278.59454,268.49454,278.19452,266.99454,276.29453,253.49454,267.89453,289.29453,286.89453,289.19452,293.09454,285.59454,279.89453
286.29453,282.69452,282.59454,282.89453,283.09454,294.39453,293.69452,291.89453,289.29453,288.09454,286.99454,288.19452,289.19452,290.59454,290.49454,291.59454,290.89453,290.39453,290.39453,291.09454,291.79453,289.29453,286.79453,280.19452,285.29453,283.39453,283.59454,283.19452,280.49454,274.69452,268.89453,272.19452,278.89453,278.79453,280.49454,280.89453,272.79453,275.89453,276.49454,273.59454,271.09454
287.99454,283.99454,282.59454,282.49454,285.99454,293.89453,293.19452,289.99454,289.19452,287.99454,286.89453,285.69452,286.39453,286.99454,289.59454,290.59454,289.29453,290.29453,289.79453,289.79453,288.29453,282.09454,286.09454,285.69452,286.09454,285.79453,285.89453,283.29453,282.49454,281.89453,281.69452,280.79453,286.69452,287.29453,287.69452,282.99454,273.29453,269.19452,275.19452,284.69452,287.59454
287.69452,284.99454,283.49454,284.09454,288.59454,294.09454,293.29453,291.59454,289.79453,288.39453,287.29453,285.89453,285.79453,285.69452,283.89453,288.09454,287.89453,287.69452,287.09454,286.69452,286.69452,287.39453,286.39453,285.89453,284.59454,282.09454,280.19452,281.09454,282.09454,280.99454,280.99454,278.49454,270.99454,265.69452,279.49454,285.49454,282.19452,289.29453,286.79453,287.59454,284.99454
289.99454,288.99454,284.89453,283.69452,282.29453,282.99454,292.49454,292.79453,289.99454,288.69452,288.69452,287.99454,284.89453,284.79453,279.99454,286.59454,287.69452,286.39453,285.69452,284.99454,283.69452,282.79453,283.39453,283.19452,283.09454,280.99454,279.89453,271.69452,280.99454,280.89453,279.09454,278.79453,276.39453,276.09454,274.39453,275.79453,272.79453,274.89453,283.59454,284.59454,282.89453
291.29453,292.09454,293.59454,292.89453,288.79453,292.79453,293.29453,291.69452,289.89453,289.39453,287.29453,285.99454,285.29453,284.59454,284.49454,285.49454,284.99454,285.59454,284.49454,282.19452,280.99454,280.99454,280.09454,280.09454,278.59454,278.59454,277.79453,278.89453,277.59454,277.09454,275.79453,275.69452,275.99454,275.89453,276.29453,275.49454,272.09454,268.89453,267.89453,271.39453,276.99454
291.19452,291.09454,293.39453,293.99454,293.79453,294.09454,291.99454,289.09454,287.19452,286.99454,285.49454,284.59454,283.49454,283.09454,283.09454,283.69452,282.99454,282.89453,281.89453,278.99454,278.49454,277.89453,277.59454,276.79453,275.29453,273.29453,273.09454,273.99454,272.49454,273.19452,271.59454,271.79453,270.99454,270.09454,270.59454,272.19452,274.79453,272.19452,275.99454,275.99454,274.09454
290.09454,290.19452,291.89453,291.39453,291.79453,291.69452,290.19452,288.19452,286.79453,285.09454,284.29453,283.19452,282.09454,281.89453,280.99454,280.89453,279.99454,279.89453,278.89453,277.79453,276.09454,274.99454,275.19452,274.69452,272.79453,272.49454,270.99454,270.59454,270.19452,269.39453,269.49454,269.49454,269.59454,270.79453,270.79453,270.29453,270.59454,270.59454,254.39453,265.29453,260.49454
289.99454,290.79453,290.19452,290.59454,290.89453,290.69452,290.99454,288.09454,287.09454,285.49454,283.79453,282.79453,282.19452,281.09454,280.09454,279.49454,279.49454,279.79453,278.89453,277.59454,275.79453,274.59454,274.59454,274.89453,274.19452,272.69452,271.79453,271.09454,270.59454,270.09454,269.99454,270.49454,271.39453,271.09454,271.09454,270.99454,269.89453,269.49454,268.29453,267.09454,265.39453
290.49454,290.59454,290.09454,289.99454,290.09454,289.19452,287.79453,288.79453,288.19452,286.19452,284.19452,284.99454,282.29453,281.19452,280.19452,279.59454,279.19452,278.79453,277.89453,277.09454,276.89453,275.39453,274.99454,274.19452,273.39453,272.49454,271.09454,270.89453,270.69452,272.19452,271.99454,271.69452,271.39453,271.19452,271.19452,271.19452,265.59454,264.49454,266.99454,265.69452,263.89453
288.49454,289.89453,289.59454,288.89453,288.49454,289.59454,289.09454,287.99454,286.69452,284.59454,282.79453,283.19452,282.49454,281.39453,279.89453,279.49454,279.49454,279.29453,279.09454,277.89453,275.49454,275.09454,274.19452,272.89453,271.49454,271.89453,271.39453,272.39453,272.29453,272.39453,270.89453,271.29453,270.39453,270.99454,270.59454,270.99454,271.59454,270.79453,269.59454,270.89453,269.89453
286.59454,287.39453,288.49454,288.19452,288.09454,287.29453,286.69452,288.09454,284.79453,284.99454,283.89453,280.79453,282.29453,280.89453,281.79453,279.89453,279.69452,279.29453,279.19452,277.19452,277.29453,275.29453,273.89453,271.79453,272.59454,273.29453,272.89453,272.49454,271.99454,270.89453,271.29453,271.49454,271.59454,271.39453,271.29453,271.09454,270.29453,271.19452,270.39453,270.39453,269.09454
285.79453,287.09454,279.29453,286.69452,287.09454,287.49454,287.49454,286.59454,286.19452,283.89453,283.09454,280.69452,280.69452,281.29453,281.99454,280.39453,278.69452,277.89453,277.49454,277.29453,276.69452,275.69452,275.59454,274.59454,274.29453,273.69452,272.79453,271.99454,271.59454,271.29453,270.99454,270.99454,270.89453,269.99454,269.89453,269.19452,268.49454,268.99454,268.89453,266.89453,269.39453
285.79453,287.29453,273.29453,286.09454,286.19452,286.39453,286.59454,286.29453,286.39453,284.39453,283.49454,281.99454,281.29453,279.09454,280.59454,278.29453,277.39453,274.79453,275.49454,275.49454,275.39453,274.89453,274.39453,273.09454,272.79453,271.59454,271.79453,271.49454,270.59454,269.69452,270.39453,269.29453,269.79453,269.79453,269.69452,269.49454,269.39453,268.69452,268.49454,268.49454,267.99454
