wind_kz.json
{"header": {"discipline":0,"disciplineName":"Meteorological products","gribEdition":2,"gribLength":1025,"center":7,"centerName":"US National Weather Service - NCEP(WMC)","subcenter":0,"refTime":"2023-09-21T00:00:00.000Z","significanceOfRT":1,"significanceOfRTName":"Start of forecast","productStatus":0,"productStatusName":"Operational products","productType":1,"productTypeName":"Forecast products","productDefinitionTemplate":0,"productDefinitionTemplateName":"Analysis/forecast at horizontal level/layer at a point in time","parameterCategory":2,"parameterCategoryName":"UnknownDiscipline_0_Category_2","parameterNumber":3,"parameterNumberName":"UnknownParameter_D0_C2_3","parameterUnit":"Unknown","genProcessType":2,"genProcessTypeName":"Forecast","forecastTime":240,"surface1Type":103,"surface1TypeName":"Specified height level above ground","surface1Value":10.0,"surface2Type":255,"surface2TypeName":"Missing","surface2Value":0.0,"gridDefinitionTemplate":0,"gridDefinitionTemplateName":"Latitude_Longitude","numberPoints":615,"shape":6,"shapeName":"Earth spherical with radius of 6,371,229.0 m","gridUnits":"degrees","resolution":48,"winds":"true","scanMode":64,"nx":41,"ny":15,"basicAngle":0,"lo1":47.0,"la1":41.0,"lo2":87.0,"la2":55.0,"dx":1.0,"dy":1.0}, "data":
[rows 0 to 14 of 15, columns 0 to 40 of 41]
-0.46958983,-1.6295898,1.4904102,5.67041,2.53041,0.60041016,2.9304101,1.7704102,0.73041016,1.6404102,0.47041017,0.41041017,2.6904101,2.54041,1.0804101,-1.1195898,-2.50959,-1.5995898,-1.5795898,-1.8095899,-1.0895898,0.070410155,1.0204102,-0.89958984,-1.6095898,0.69041014,-2.98959,0.88041013,-0.109589845,1.2204101,2.4304101,1.5904101,-0.52958983,-1.1595899,-2.3695898,-0.98958987,-0.94958985,2.22041,0.55041015,-1.2795899,0.76041013
2.51041,-0.87958986,2.9504101,3.3404102,3.00041,1.3104101,0.31041014,4.10041,3.6604102,3.4404101,1.6504102,0.7804102,3.28041,2.9404101,1.7704102,-0.069589846,-0.98958987,-0.7895898,-1.6395898,-2.6295898,-3.45959,1.5904101,3.73041,1.7104101,0.47041017,-1.4695898,0.35041016,-0.019589843,-0.7195898,-0.33958983,-0.029589843,0.9004102,1.3004102,1.5004102,1.1204102,-0.34958985,0.070410155,-1.1895899,-1.1995898,-2.45959,0.12041016
0.27041015,1.3404101,1.0904101,0.7004101,-1.3195899,-0.48958984,1.0604101,2.51041,2.01041,1.2004101,1.5604101,1.0904101,1.7004101,3.4204102,2.8204103,1.0504102,0.34041014,-0.059589844,-1.1995898,-2.0495899,-3.3495898,-1.1795899,2.49041,1.1804101,2.23041,1.4704101,0.7004101,0.040410157,-0.059589844,0.7104102,2.2004101,-0.26958984,1.0104102,0.45041016,-0.20958984,1.7804102,2.29041,0.69041014,-0.28958985,-0.75958985,-0.18958984
-0.48958984,-0.12958984,-0.15958984,-0.87958986,-1.5995898,-1.2995899,-2.26959,0.87041014,-0.58958983,1.2804102,0.85041016,0.14041016,1.2804102,4.91041,3.0904102,1.0104102,0.24041015,-0.44958985,-1.1495899,-1.6695899,-2.72959,1.2204101,-0.44958985,2.0704103,3.8604102,3.23041,2.5704103,0.91041017,1.6804101,-0.6095898,1.5704101,-0.99958986,-0.5995898,0.67041016,0.040410157,-2.02959,-0.67958987,1.2404102,0.94041014,0.8904102,1.8904102
-1.0695899,-0.41958985,-0.52958983,-0.6695898,-1.0295899,-1.8795898,-2.3295898,-0.9195898,-1.3895898,-0.38958985,0.020410156,0.020410156,1.6804101,3.97041,2.77041,0.81041014,-1.0895898,-0.27958983,-1.2995899,-1.9995898,-1.0595899,-0.94958985,-2.96959,2.3904102,3.3604102,3.3404102,3.0704103,3.23041,1.2504102,-1.4995898,-1.3095899,1.0504102,2.3404102,1.9704101,-0.35958984,-1.5595899,0.5904102,0.16041015,-2.0795898,-1.2595898,-0.6095898
0.020410156,-0.73958987,-2.52959,-2.00959,-1.8395898,-2.21959,-1.6395898,-1.1495899,-1.2895899,-0.88958985,-0.9795898,-0.33958983,2.02041,3.5804102,3.01041,1.2904102,1.0004102,-0.079589844,-0.6695898,-1.2595898,-1.9995898,-0.47958985,0.69041014,3.3504102,4.4704103,4.35041,3.47041,3.48041,3.0504103,1.8304101,1.8504101,1.8104101,2.25041,2.6504102,2.73041,-2.4195898,3.72041,3.4104102,0.20041016,-1.9695898,-1.1395898
-0.6695898,-0.6595898,-1.2295898,-0.99958986,-1.1795899,-0.87958986,-1.2595898,-1.4295899,-1.5395899,-1.9895898,-2.1695898,-0.31958985,1.5604101,2.74041,2.77041,2.3604102,2.26041,1.5404102,0.91041017,-0.039589845,-0.9095898,-1.2595898,0.69041014,4.5304103,4.35041,3.9404101,2.5504103,1.8404101,0.6504102,1.2104101,2.9104102,1.5904101,1.5604101,2.1304102,0.21041016,0.31041014,-0.68958986,1.0004102,-0.5395898,-0.059589844,1.4704101
-2.28959,-2.27959,-1.9595898,-1.9095899,-1.7695899,-1.4995898,-1.0495899,-0.43958986,0.09041016,-0.7295898,-0.5495899,-0.6595898,-0.48958984,1.4104102,1.5404102,2.3104103,2.8204103,2.5504103,2.72041,2.0904102,0.40041015,-0.44958985,-1.3695898,2.01041,4.79041,3.8504102,3.8204103,1.9504101,2.1504102,1.7804102,1.7904102,2.1204102,0.75041014,1.8204101,3.22041,0.50041014,0.030410156,2.5704103,-1.3195899,-0.009589843,-1.5895898
-3.51959,-3.0495899,-2.8195899,-2.46959,-1.8095899,-1.3695898,-0.95958984,-0.50958985,-0.28958985,0.48041016,0.26041016,0.29041016,0.75041014,0.62041014,0.93041015,1.3904102,2.26041,2.79041,3.8704102,3.9004102,3.1004102,1.5604101,1.9104102,1.1004101,2.6504102,3.3904102,3.8504102,3.21041,3.6404102,2.54041,3.1104102,3.4504101,3.0904102,3.3404102,3.78041,3.1404102,-0.6695898,2.26041,2.4204102,1.9604101,1.1204102
-3.8395898,-3.9195898,-3.96959,-3.9195898,-3.8695898,-3.6495898,-3.3795898,-2.9095898,-1.5295899,-0.33958983,0.33041015,0.74041015,1.1404102,0.7004101,1.3004102,1.4104102,2.1104102,2.8704102,3.6804101,4.25041,5.13041,4.79041,3.97041,4.33041,4.0504103,3.8104103,4.17041,4.0104103,3.52041,4.16041,3.3004103,4.69041,3.9004102,3.3104103,3.98041,1.9204102,1.1404102,-0.56958985,2.29041,5.2604103,3.8204103
-3.8595898,-4.47959,-4.57959,-4.90959,-5.08959,-4.57959,-4.2995896,-4.08959,-3.22959,-3.48959,-2.28959,-0.76958984,-1.4095899,0.050410155,-0.76958984,0.030410156,0.22041015,1.0004102,2.1304102,3.5804102,4.98041,4.63041,4.58041,5.2004104,5.09041,5.35041,4.5704103,5.08041,5.36041,4.4304104,5.39041,5.08041,4.4704103,4.36041,6.25041,3.5804102,2.52041,3.24041,3.21041,2.3704102,1.4104102
-3.0995898,-3.45959,-4.0095897,-3.9195898,-3.45959,-4.07959,-3.8195899,-2.25959,-3.24959,-2.8995898,-1.2395898,-1.7595898,-2.46959,-1.8495898,-1.7895899,-2.03959,-2.6095898,-0.68958986,0.33041015,1.3104101,1.1204102,-1.8295898,0.98041016,3.0804102,5.04041,5.33041,6.06041,5.27041,5.11041,4.77041,4.31041,5.4704103,4.9504104,6.37041,5.8004103,7.98041,8.88041,6.1804104,3.8204103,2.6204102,1.6904101
-3.73959,-5.66959,-7.97959,-7.2395897,-7.3195896,-6.2595897,-6.9495897,-7.16959,-5.72959,-3.1295898,-0.76958984,-0.86958987,-0.77958983,-1.4595898,-1.6295898,-2.25959,-2.9295897,-2.4095898,-1.9395899,-0.9695898,0.92041016,3.1404102,3.4004102,2.78041,0.87041014,0.08041015,1.2204101,2.6504102,3.0504103,3.53041,3.3104103,4.52041,4.34041,5.00041,5.89041,7.2804103,6.2804103,4.0104103,5.08041,3.8204103,1.6804101
-5.95959,-7.0495896,-8.52959,-7.7995896,-8.60959,-8.54959,-8.79959,-8.44959,-7.60959,-7.43959,-4.59959,-0.019589843,0.94041014,0.110410154,-1.7995899,-3.21959,-3.71959,-2.1195898,-3.8195899,-3.2995899,-1.5795898,0.24041015,-1.0795898,-1.9195899,-1.1595899,-0.56958985,0.20041016,1.2104101,1.8704102,2.97041,3.98041,4.11041,5.0704103,6.60041,5.63041,6.61041,6.5704103,5.2804103,4.04041,3.4404101,1.8304101
-4.30959,-6.55959,-9.14959,-7.85959,-8.07959,-8.31959,-8.46959,-8.92959,-8.99959,-8.29959,-2.46959,-3.0995898,-2.2995899,-3.1995897,-5.64959,-6.13959,-6.3195896,-6.64959,-6.28959,-6.88959,-5.82959,-3.3495898,-3.6595898,-3.71959,-3.51959,-3.98959,-4.76959,-4.0695896,-3.77959,-3.53959,-4.24959,-4.5495896,-0.56958985,-1.3095899,-0.70958984,0.93041015,1.8604102,1.4304101,2.1704102,2.3404102,0.33041015
