wind_kz.json
{"header": {"discipline":0,"disciplineName":"Meteorological products","gribEdition":2,"gribLength":1025,"center":7,"centerName":"US National Weather Service - NCEP(WMC)","subcenter":0,"refTime":"2024-03-19T06:00:00.000Z","significanceOfRT":1,"significanceOfRTName":"Start of forecast","productStatus":0,"productStatusName":"Operational products","productType":1,"productTypeName":"Forecast products","productDefinitionTemplate":0,"productDefinitionTemplateName":"Analysis/forecast at horizontal level/layer at a point in time","parameterCategory":2,"parameterCategoryName":"UnknownDiscipline_0_Category_2","parameterNumber":2,"parameterNumberName":"UnknownParameter_D0_C2_2","parameterUnit":"Unknown","genProcessType":2,"genProcessTypeName":"Forecast","forecastTime":0,"surface1Type":103,"surface1TypeName":"Specified height level above ground","surface1Value":10.0,"surface2Type":255,"surface2TypeName":"Missing","surface2Value":0.0,"gridDefinitionTemplate":0,"gridDefinitionTemplateName":"Latitude_Longitude","numberPoints":615,"shape":6,"shapeName":"Earth spherical with radius of 6,371,229.0 m","gridUnits":"degrees","resolution":48,"winds":"true","scanMode":64,"nx":41,"ny":15,"basicAngle":0,"lo1":47.0,"la1":41.0,"lo2":87.0,"la2":55.0,"dx":1.0,"dy":1.0}, "data":
[rows 0 to 14 of 15, columns 0 to 40 of 41]
-2.3409693,0.12903076,1.0190308,2.2890308,-2.4109693,-7.1209693,-5.5809693,-6.8909693,-8.970969,-5.7509694,-7.3709693,-8.74097,-8.290969,-7.700969,-6.7309694,-6.380969,-5.0609694,-5.2509694,-4.8309693,-3.5409691,-3.5109692,-2.7809691,-1.2009692,-1.8309692,-1.3809693,-1.7509693,-2.5509691,-0.33096924,0.16903076,0.29903075,1.1490308,0.49903077,0.09903076,0.19903076,3.5490308,3.7690308,4.0390306,4.7090306,4.819031,4.659031,3.3090308
-1.5109693,-0.6309692,-0.7609692,-2.9209692,-5.030969,-4.400969,-6.430969,-10.630969,-8.550969,-7.7309694,-7.3709693,-8.07097,-6.3709693,-5.990969,-5.400969,-6.470969,-5.880969,-6.1209693,-4.0209694,-3.5509691,-2.5909693,0.47903076,1.3190308,-2.9709692,0.26903075,0.13903075,-1.1809692,-0.32096922,1.4490308,-0.030969238,0.87903076,-0.55096924,0.65903074,0.99903077,0.65903074,0.89903075,2.3690307,1.1290307,-0.08096924,0.47903076,2.5390308
-3.2909691,-3.1809692,-4.530969,-4.6609693,-4.490969,-7.150969,-6.7309694,-6.510969,-7.7709694,-6.220969,-6.2309694,-5.820969,-5.6209693,-5.6209693,-5.880969,-5.360969,-6.200969,-4.920969,-3.9809692,-3.5209692,-2.3309693,-1.6709692,-1.2209692,0.39903077,0.10903076,-0.45096925,-0.99096924,-1.4209692,0.18903077,-0.34096923,0.99903077,0.089030765,-0.62096924,0.87903076,1.3290308,0.50903076,0.22903076,0.12903076,-0.62096924,2.6790307,0.63903075
-5.400969,-4.4409695,-4.840969,-5.430969,-5.400969,-6.430969,-4.4609694,-7.3109694,-5.8709693,-5.450969,-5.170969,-5.9809694,-5.470969,-2.9709692,-4.1909695,-4.8709693,-5.050969,-4.150969,-3.2809691,-2.6109693,-1.0209693,0.40903077,-2.0509691,0.39903077,1.4590307,2.1290307,2.9490309,1.6090307,1.4190308,-1.5209693,-5.8909693,-3.7709692,-4.240969,-4.7909694,-3.5109692,-1.0609692,-1.1709692,1.9790307,-0.21096924,-1.5309693,-1.7609693
-5.0609694,-4.240969,-3.2209692,-3.3709693,-3.1909692,-3.4209692,-3.4909692,-3.1309693,-2.9609692,-2.7309692,-2.0609694,-1.3809693,-2.3309693,-2.6709692,-2.1309693,-1.6409693,-2.2809691,-2.3509693,-2.8209693,-3.0309691,-2.6809692,-1.4609692,-1.0509692,0.29903075,1.3290308,1.2590308,2.2290308,2.0890307,2.1490307,1.7790308,4.3990307,1.2090307,-0.7709692,3.0290308,-0.92096925,-1.0909692,-1.0509692,-1.6609693,-1.3909693,-1.4309692,-0.97096926
-3.5609694,-2.5909693,-3.2909691,-2.2209692,-1.9509692,-3.0709693,-1.6709692,-1.0909692,-0.39096925,0.11903076,1.5690308,2.1390307,2.1290307,2.2190309,0.28903076,0.87903076,2.0590308,0.58903074,-1.1409693,-2.2009692,-2.4009693,-1.9509692,-0.5209692,-0.16096924,1.7590308,3.2090309,4.619031,0.76903075,3.2590308,3.0490308,3.6390307,5.8090305,4.889031,1.5490308,1.1190307,-0.84096926,0.32903075,-1.7109692,-1.5009693,-0.11096924,0.56903076
-1.9509692,-1.4009693,-0.74096924,-0.24096924,-0.07096924,0.6690308,1.3890308,2.2390308,2.9290307,3.0490308,3.0190308,3.6790307,3.6490307,4.9390306,4.969031,4.3990307,4.4190307,5.069031,2.6790307,0.57903075,-9.692383E-4,0.57903075,0.7390308,0.64903075,1.5590308,1.3590307,2.4290307,2.6790307,2.6190307,2.3190308,2.1990309,0.23903076,-1.6209693,-4.260969,-4.700969,-0.86096925,-0.7009692,2.3990307,-0.37096924,0.82903075,-1.3209692
-1.2309692,-0.43096924,0.13903075,0.42903078,0.19903076,1.5490308,2.0090308,2.8490307,4.0890307,4.9590306,4.739031,4.469031,5.429031,4.7090306,4.6890306,5.6290307,5.329031,5.5590305,1.5990307,2.0490308,1.5290308,1.4090308,2.2390308,1.2690308,3.0190308,1.6490308,3.4190307,0.30903077,2.3690307,0.5390308,1.1690308,0.12903076,-2.1109693,3.2990308,-1.2309692,-1.1009692,-0.6309692,0.36903077,-7.3309693,-10.420969,-3.2309692
-1.3909693,-0.43096924,-0.010969238,-0.020969238,0.6090308,1.4390308,1.7190307,2.3990307,3.0190308,3.2190309,3.4790308,4.2490306,5.549031,3.9790308,2.8790307,3.4890308,4.619031,3.4690309,2.9990308,2.0290308,3.5690308,4.8990307,3.0790308,3.3590307,2.7790308,2.9490309,3.3490307,1.2490307,3.9990308,0.81903076,2.8290308,3.2790308,7.569031,0.43903077,-1.7409692,-3.9709692,0.75903076,-0.030969238,-1.1909692,-1.4609692,0.45903075
-1.9109693,-1.6909692,-1.1509693,-0.65096927,-0.9509692,0.35903075,1.4090308,1.5690308,1.9590307,2.2390308,2.7090309,4.299031,2.9890308,2.6590307,3.4790308,3.7790308,3.3290308,3.7090309,2.7490308,2.8890307,4.909031,5.779031,5.909031,4.3790307,3.4590309,3.8590307,4.9390306,5.369031,4.639031,4.3790307,2.0590308,3.8890307,4.949031,0.99903077,-1.2309692,-1.8409692,-2.8509693,-0.91096926,2.1890306,0.52903074,-1.3909693
-2.0909693,-1.4809692,-0.90096927,-0.74096924,-0.85096925,-1.0109693,-0.020969238,-0.7609692,-1.5709692,-1.0609692,-0.39096925,-1.4109693,0.19903076,1.7090307,1.8790307,1.9490308,2.8890307,3.1590307,2.9390306,4.639031,5.5590305,5.4790306,6.0190306,6.699031,6.3590307,4.329031,6.279031,6.659031,6.6690307,6.7290306,5.349031,2.6090307,2.5990307,1.1990308,-0.36096925,-0.92096925,-0.9609692,0.8690308,-0.6409692,-0.5109692,0.10903076
-0.85096925,-1.3409692,-1.0309693,-1.4309692,-0.48096925,-1.3709693,-1.2509693,-0.8309692,-1.0109693,-1.5509692,-3.4109693,-3.1109693,-1.3209692,-1.3509692,0.29903075,1.0490308,2.0290308,2.3390307,2.6990309,3.8190308,4.659031,4.369031,4.8990307,4.6890306,5.239031,5.069031,5.2690306,7.3590307,6.319031,6.369031,2.5590308,3.2990308,3.3490307,1.0090308,1.6390308,3.9990308,2.2590308,-0.41096923,0.83903074,-0.38096923,-1.0609692
-2.2309692,-1.3309692,-0.92096925,-3.1209693,-2.9709692,-2.5909693,-2.4509692,-3.7609692,-3.5609694,-0.7709692,-1.5109693,-4.1909695,-1.2809693,-2.2009692,-0.29096925,-0.26096925,-0.19096924,0.48903075,0.52903074,1.8890308,2.1990309,3.1290307,3.8890307,3.5390308,3.9190307,5.179031,4.7490306,5.7690306,5.489031,4.3990307,3.0990307,2.8590307,1.3690307,1.6690308,2.3090308,3.1190307,3.1090307,-0.13096924,-0.5109692,-1.2109692,-1.4909692
-2.9509692,-3.0409691,-2.5009692,-3.1709692,-3.1909692,-3.5109692,-4.360969,-3.9209692,-2.4209692,-0.44096923,-1.1409693,-2.7309692,-3.0109692,-3.2209692,-3.0909693,-1.5509692,-0.99096924,-1.2709693,-0.41096923,-0.23096924,0.65903074,1.8190308,2.8590307,3.2890308,3.3290308,3.1090307,3.5590308,2.9890308,2.8990307,3.3290308,2.8190308,1.5890307,0.8590308,0.9790308,1.2190307,1.0190308,0.7990308,-0.30096924,-1.0009693,-0.32096922,-1.8609692
-2.9309692,-2.2509692,-3.9109693,-2.2409692,-2.1109693,-2.9709692,-2.1609693,-2.6409693,-4.5609694,-5.1909695,-3.9009693,-4.950969,-1.9309692,-1.9809692,-1.7009692,-1.3209692,-2.0709693,-1.7909693,-1.7209692,-2.5309691,-1.9909692,-1.4309692,-0.40096924,0.27903077,0.32903075,0.44903076,0.45903075,0.019030761,0.29903075,-0.17096923,-0.08096924,0.13903075,-0.020969238,-0.10096924,0.9290308,1.5390308,1.4690307,2.5190308,-0.030969238,-0.78096926,-0.9609692
