wind_kz.json
{"header": {"discipline":0,"disciplineName":"Meteorological products","gribEdition":2,"gribLength":1025,"center":7,"centerName":"US National Weather Service - NCEP(WMC)","subcenter":0,"refTime":"2024-01-31T00:00:00.000Z","significanceOfRT":1,"significanceOfRTName":"Start of forecast","productStatus":0,"productStatusName":"Operational products","productType":1,"productTypeName":"Forecast products","productDefinitionTemplate":0,"productDefinitionTemplateName":"Analysis/forecast at horizontal level/layer at a point in time","parameterCategory":2,"parameterCategoryName":"UnknownDiscipline_0_Category_2","parameterNumber":3,"parameterNumberName":"UnknownParameter_D0_C2_3","parameterUnit":"Unknown","genProcessType":2,"genProcessTypeName":"Forecast","forecastTime":60,"surface1Type":103,"surface1TypeName":"Specified height level above ground","surface1Value":10.0,"surface2Type":255,"surface2TypeName":"Missing","surface2Value":0.0,"gridDefinitionTemplate":0,"gridDefinitionTemplateName":"Latitude_Longitude","numberPoints":615,"shape":6,"shapeName":"Earth spherical with radius of 6,371,229.0 m","gridUnits":"degrees","resolution":48,"winds":"true","scanMode":64,"nx":41,"ny":15,"basicAngle":0,"lo1":47.0,"la1":41.0,"lo2":87.0,"la2":55.0,"dx":1.0,"dy":1.0}, "data":
[rows 0 to 14 of 15, columns 0 to 40 of 41]
-0.755173,0.88482696,-0.91517305,-2.875173,2.444827,-2.0751731,-3.155173,0.26482695,2.144827,2.254827,2.394827,1.424827,1.054827,1.664827,1.3548269,1.284827,0.37482697,-0.67517304,-1.2551731,-0.12517303,1.294827,-0.775173,-1.8751731,-1.2651731,-0.39517304,-2.245173,-0.80517304,1.384827,2.484827,2.324827,-2.975173,-4.545173,2.144827,1.394827,1.784827,1.924827,2.244827,1.644827,1.764827,0.21482697,1.254827
-1.925173,0.49482697,-2.675173,-2.255173,0.51482695,2.354827,-0.53517306,1.284827,2.864827,2.644827,2.984827,1.8748269,1.694827,2.1748269,0.544827,0.75482696,1.804827,0.034826964,1.274827,0.57482696,0.36482698,-1.555173,-1.5151731,1.204827,-1.685173,-1.0051731,-4.265173,2.1548269,0.29482695,2.214827,6.1948266,4.224827,-0.79517305,-2.675173,-2.475173,0.76482695,1.3648269,1.304827,-0.39517304,-0.055173036,0.15482697
-1.2751731,-0.775173,-2.965173,-2.805173,-1.095173,5.074827,2.1548269,3.054827,3.394827,2.534827,2.224827,1.714827,1.9848269,2.204827,2.1748269,1.954827,1.7248269,1.8648269,1.3548269,0.22482696,-0.48517305,-1.6451731,-1.8951731,0.034826964,-0.34517303,1.694827,0.69482696,-0.075173035,0.52482694,0.70482695,1.464827,0.674827,1.704827,-2.115173,-1.6351731,0.864827,-1.795173,-3.395173,0.38482696,1.024827,0.804827
-1.175173,-1.7551731,-1.535173,-1.745173,-2.225173,5.914827,5.164827,5.3148265,4.704827,3.774827,3.374827,3.054827,4.7848268,5.5548267,2.984827,2.954827,2.974827,3.304827,3.364827,3.054827,3.344827,1.784827,0.59482694,1.9748269,1.694827,1.464827,1.204827,-0.85517305,1.934827,3.034827,1.424827,-0.49517304,0.28482696,0.56482697,-0.28517303,-1.065173,0.36482698,0.88482696,0.30482697,0.57482696,0.42482698
0.18482697,0.47482696,1.214827,1.414827,0.58482695,2.744827,4.334827,6.1748266,4.944827,4.454827,4.514827,4.294827,5.6948266,6.5048265,7.2148266,4.484827,4.694827,4.724827,4.624827,4.584827,4.164827,1.944827,1.6248269,0.87482697,0.914827,0.64482695,1.814827,2.034827,0.794827,0.75482696,1.684827,-0.68517303,3.234827,3.044827,-1.205173,0.21482697,-1.2651731,-2.615173,-0.955173,-0.10517304,-0.54517305
1.534827,1.394827,2.544827,3.004827,2.9348269,3.214827,3.594827,5.514827,5.5448265,5.5948267,5.024827,4.864827,4.414827,6.4248266,4.934827,5.394827,6.0448265,5.7848268,5.9248266,5.1348267,5.164827,4.984827,4.3048267,3.864827,3.584827,2.994827,1.3448269,1.924827,2.084827,-0.20517303,1.6248269,0.83482695,0.734827,2.704827,1.134827,1.9948269,-0.28517303,-0.39517304,-0.705173,-0.46517304,0.29482695
2.254827,2.974827,2.9348269,2.784827,4.714827,4.144827,5.184827,4.464827,5.494827,5.7748265,5.3348265,5.3348265,6.0348268,5.414827,4.7848268,5.074827,7.1148267,7.0648265,7.1148267,7.3148265,6.5748267,6.3248267,4.924827,4.934827,4.514827,2.464827,1.184827,0.994827,-0.17517303,0.924827,2.044827,0.96482694,1.914827,1.9948269,0.58482695,0.20482697,-2.305173,1.174827,-0.08517303,-0.60517305,1.414827
2.644827,3.294827,3.784827,4.244827,4.564827,4.634827,5.044827,5.9248266,6.7348266,5.9248266,6.144827,5.934827,5.474827,6.2748265,6.2548265,6.2148266,6.0848265,6.9448266,8.024827,8.274827,6.5948267,5.3848267,5.024827,5.4248266,4.794827,4.364827,4.254827,2.234827,2.1748269,2.6748269,1.8448269,1.954827,3.1648269,5.5548267,6.3348265,0.974827,-1.585173,2.564827,-2.245173,-0.055173036,0.89482695
2.614827,3.804827,4.024827,4.064827,4.414827,4.764827,5.244827,5.5248265,5.3148265,5.7548265,6.0848265,6.1148267,5.2848268,5.1548266,5.244827,5.7948265,5.974827,6.9648266,7.744827,7.3048267,4.814827,5.5048265,6.1148267,5.1548266,5.3548265,5.0548267,4.594827,3.344827,4.644827,2.444827,4.744827,5.8548265,6.3848267,5.8448267,7.3848267,2.854827,0.26482695,2.6848269,1.9748269,1.384827,0.89482695
3.614827,3.574827,3.714827,3.874827,4.564827,3.834827,3.484827,4.204827,5.2148266,5.6948266,5.764827,5.644827,5.6048265,5.6148267,5.6148267,5.1348267,5.2748265,5.6248264,5.6548266,4.8048267,4.104827,3.874827,4.574827,4.884827,4.734827,4.764827,4.564827,3.644827,4.134827,4.514827,4.134827,4.954827,5.2348266,5.704827,7.6148267,7.1148267,1.7248269,-0.515173,0.794827,4.574827,2.194827
3.714827,4.084827,4.114827,4.454827,4.484827,4.834827,4.424827,4.104827,4.294827,4.794827,5.4448266,5.1348267,5.5748267,5.3848267,5.2748265,5.3848267,5.5348268,3.964827,4.404827,4.674827,3.6648269,3.9048269,3.744827,4.014827,3.594827,3.464827,3.464827,4.184827,4.084827,2.854827,3.464827,3.994827,2.394827,2.304827,5.264827,7.9848266,4.024827,2.594827,1.814827,1.314827,0.30482697
3.9148269,4.394827,4.424827,4.774827,4.074827,4.764827,4.084827,3.704827,3.954827,4.394827,3.884827,3.224827,4.0348268,4.624827,4.734827,5.084827,4.964827,4.874827,4.294827,3.734827,4.2848268,3.454827,3.014827,2.4248269,2.9248269,3.124827,3.574827,1.454827,2.334827,3.054827,3.254827,3.854827,2.704827,2.9348269,1.414827,6.9048266,4.654827,1.9848269,1.684827,1.204827,0.12482697
3.094827,4.914827,5.094827,4.454827,4.0548267,3.364827,3.324827,4.974827,5.8148265,4.474827,2.4048269,2.584827,2.774827,3.1748269,3.6648269,3.824827,3.6848269,4.714827,3.234827,3.464827,4.174827,3.464827,2.324827,2.724827,1.634827,1.1048269,-0.23517303,-0.17517303,2.304827,3.714827,3.9248269,4.124827,2.844827,2.214827,2.344827,6.4848266,2.954827,1.824827,2.014827,0.90482694,1.3548269
3.294827,4.424827,5.4248266,5.004827,4.604827,4.544827,4.904827,5.094827,5.434827,6.3848267,1.9748269,0.52482694,1.694827,1.2448269,2.724827,3.344827,3.854827,3.6848269,3.744827,3.124827,2.9348269,2.264827,1.784827,1.0948269,0.49482697,0.054826964,-0.99517304,-1.5151731,-1.305173,1.894827,5.2348266,6.1148267,5.6248264,4.924827,4.144827,4.914827,3.814827,1.794827,1.544827,1.194827,0.794827
3.024827,4.524827,6.0848265,5.3048267,5.5648265,4.614827,4.974827,5.5048265,6.0348268,5.5248265,2.744827,1.964827,1.204827,2.304827,4.904827,3.974827,4.024827,3.644827,2.704827,2.884827,2.6648269,2.344827,2.074827,1.794827,1.074827,0.39482698,-0.645173,-1.055173,-1.1451731,0.08482697,0.664827,2.6848269,3.4048269,4.334827,3.9248269,2.254827,4.094827,3.544827,1.5948269,1.084827,0.21482697
