wind_kz.json
{"header": {"discipline":0,"disciplineName":"Meteorological products","gribEdition":2,"gribLength":1025,"center":7,"centerName":"US National Weather Service - NCEP(WMC)","subcenter":0,"refTime":"2023-10-03T18:00:00.000Z","significanceOfRT":1,"significanceOfRTName":"Start of forecast","productStatus":0,"productStatusName":"Operational products","productType":1,"productTypeName":"Forecast products","productDefinitionTemplate":0,"productDefinitionTemplateName":"Analysis/forecast at horizontal level/layer at a point in time","parameterCategory":2,"parameterCategoryName":"UnknownDiscipline_0_Category_2","parameterNumber":3,"parameterNumberName":"UnknownParameter_D0_C2_3","parameterUnit":"Unknown","genProcessType":2,"genProcessTypeName":"Forecast","forecastTime":0,"surface1Type":103,"surface1TypeName":"Specified height level above ground","surface1Value":10.0,"surface2Type":255,"surface2TypeName":"Missing","surface2Value":0.0,"gridDefinitionTemplate":0,"gridDefinitionTemplateName":"Latitude_Longitude","numberPoints":615,"shape":6,"shapeName":"Earth spherical with radius of 6,371,229.0 m","gridUnits":"degrees","resolution":48,"winds":"true","scanMode":64,"nx":41,"ny":15,"basicAngle":0,"lo1":47.0,"la1":41.0,"lo2":87.0,"la2":55.0,"dx":1.0,"dy":1.0}, "data":
[rows 0 to 14 of 15, columns 0 to 40 of 41]
-3.3014894,-0.26148927,-2.4314892,-10.011489,-9.62149,-3.5614893,-1.8314892,0.6785107,-2.6014893,-1.3114892,-1.9114892,-1.2914892,-0.8214893,-1.3614893,-2.0114892,-2.6814892,-2.1814892,-2.6114893,-3.6614892,-2.3614893,-2.4014893,-4.0914893,-2.7814894,-1.9914893,-2.1514893,-1.3514893,-2.1614892,2.0285108,1.7285107,0.14851074,-1.7014892,-1.4214892,0.8185108,-1.3114892,-1.3914893,3.2685108,4.0085106,2.9985108,2.8085108,1.9785107,-0.17148925
-1.9314892,0.06851074,-10.451489,-9.71149,-5.731489,-1.1814892,0.9385107,1.5185107,-0.58148926,-1.0614892,-1.9414892,-1.7814893,-2.8614893,-2.1014893,-2.3214893,-2.7114892,-0.23148926,-1.7014892,-4.4514894,-3.6914892,-3.7414892,-3.6014893,-1.1514893,2.0885108,1.3985107,1.4885107,-1.2114892,3.4785109,1.3985107,2.4685106,3.1385107,3.7385108,0.09851074,-0.5714893,-2.8214893,-2.0214891,0.088510744,-1.2014892,-1.5214893,-0.35148925,0.058510743
-0.6814892,-7.041489,-7.7214894,-6.4214892,-3.1014893,1.3885107,1.0985107,0.09851074,-0.0014892578,-1.8114892,-2.9814892,-2.2214892,-3.4514892,-3.8114893,-1.9914893,-1.5614892,-0.90148926,-2.4414892,-3.8214893,-4.311489,-2.1414893,-3.3114893,-4.211489,-1.2014892,-1.1214893,0.12851074,-0.32148924,0.50851077,0.58851075,1.1285107,2.7685108,0.42851076,1.1785108,0.14851074,-0.55148923,0.31851074,0.06851074,-2.5214891,-0.84148926,1.0085107,1.6085107
-2.2214892,-4.691489,-6.1114893,-7.1514893,-0.39148927,0.018510742,1.4585108,1.0985107,0.38851073,0.46851075,-1.4314892,-2.2314892,-4.0514894,-1.7314893,-0.21148926,-1.2814893,-1.5714892,-1.3914893,-2.8814893,-4.5914893,-4.041489,-2.0814893,0.6185107,-3.2414892,-2.6814892,-2.4314892,-2.4514892,-2.0814893,-1.2614893,-2.2914894,-0.8814893,-1.2114892,-2.6014893,0.84851074,0.31851074,-0.59148926,2.1185107,3.3985107,1.5685108,1.8485107,0.57851076
-3.1814892,-3.5514894,-6.5714893,-8.431489,-3.0914893,1.0785108,-0.21148926,-0.34148926,-0.031489257,1.7385107,0.59851074,-0.70148927,-3.2614892,-2.0314894,-0.8214893,-1.9914893,-0.22148925,-1.0214893,-1.7314893,-1.9914893,-2.1914892,-2.4314892,-2.4514892,-2.4114892,-2.3814893,-2.7614892,-2.5814893,-2.5014892,0.09851074,-1.3014892,-2.0314894,-1.4214892,3.1285107,3.9485106,-1.2514893,-0.8814893,-0.47148925,1.1685108,-0.47148925,-3.7214892,-5.6614895
-0.19148926,-2.5814893,-2.6014893,-11.601489,-2.3414893,4.0885105,1.8785107,1.0785108,0.6285107,2.1385107,1.7285107,0.33851075,-1.8914893,-2.1614892,-1.3514893,-2.3014894,-1.1214893,-1.1414893,-1.3214892,-0.44148925,-1.4014893,-1.5014893,-2.0514894,-2.1314893,-2.2714891,-1.3014892,-2.3314893,-2.4514892,-1.2814893,-0.47148925,-1.3814893,-1.7114892,-0.8814893,3.2685108,2.0385108,-2.3314893,2.8885107,2.1485107,-3.1514893,-2.5714893,-2.2114892
1.6585107,1.5685108,2.1385107,-1.1814892,-5.191489,-6.831489,2.1785107,1.6385107,0.8085107,0.10851074,0.9885107,2.1785107,1.0285107,-1.0614892,-1.0114893,-1.3714893,-1.7614893,-1.2614893,0.33851075,-0.58148926,-1.2314893,-2.2514892,-2.1414893,-2.0814893,-2.2614892,-3.0714893,-4.4914894,-1.1514893,-2.4514892,2.0685108,0.53851074,-0.98148924,1.4285108,2.4485106,0.83851075,-1.0314893,-1.0214893,1.7185107,1.4185108,0.6885107,-0.32148924
2.9285107,3.3285108,3.2485108,3.0485108,1.3185108,-3.5914893,-6.4014893,-6.4114895,3.3885107,1.8485107,1.4285108,0.71851075,0.118510745,0.23851074,0.088510744,-0.65148926,-1.3014892,-2.1914892,-2.2014892,0.84851074,-0.91148925,-2.0414894,-2.6014893,-2.2514892,-2.5514894,-0.83148926,-1.8114892,-3.5114892,-2.7414892,-4.3414893,-3.0014892,-2.8514893,-1.0014893,1.5985107,2.5085108,1.0685108,1.3785107,-0.021489257,-0.18148926,0.90851074,2.4485106
-2.2414892,3.2585108,3.4685106,3.6885107,5.0785108,6.2385106,4.1185107,-1.5414892,3.1185107,3.6085107,2.4485106,2.9485106,2.4585106,2.6285107,1.8085108,0.50851077,0.40851074,-0.38148925,-0.86148924,-0.77148926,0.50851077,-1.4814893,-2.3014894,-0.99148923,-1.3514893,-1.7914892,-1.3814893,-1.9814893,-2.2914894,-2.1614892,-3.9314892,-4.5514894,-2.0214891,0.15851074,1.1785108,1.3285108,-2.3714893,0.96851075,1.9285108,2.1985106,-1.3014892
-3.3514893,2.9585106,2.0985107,1.8685107,4.2985106,4.458511,3.0285108,3.1285107,2.4485106,5.3185105,3.6685107,3.2585108,3.7485108,3.4585106,2.9885108,2.1985106,2.1985106,1.8985107,1.1885108,0.49851075,0.22851074,-0.38148925,-0.6914893,-1.3614893,0.26851073,-0.48148927,-1.4614892,-1.4514892,-2.2814894,-2.2214892,-1.9114892,-2.0214891,-2.5214891,-0.47148925,-1.2514893,-0.61148924,-0.83148926,-2.0714893,-0.59148926,2.2385108,2.4185107
-2.8414893,-2.0714893,-0.61148924,0.71851075,1.1285107,3.4985108,4.0285106,2.5385108,3.9985108,4.8685107,3.1385107,3.0285108,3.6585107,3.5685108,3.5185108,3.7385108,3.2285109,2.5585108,3.0285108,1.9685107,1.1185107,0.41851074,-0.66148925,-0.15148926,-0.31148925,0.43851075,-0.14148925,-1.6814892,-1.6114893,-2.0014892,-2.9614892,-3.3814893,-1.9014893,-0.6814892,-0.20148925,-0.67148924,-0.04148926,0.63851076,0.54851073,0.77851075,-0.42148927
-3.6214893,-3.0914893,-3.4114892,-2.0214891,0.48851073,2.0185108,1.8185108,2.9285107,3.1185107,3.4285107,1.6985108,2.8385108,3.6785107,3.4085107,2.9385107,3.4485106,3.7385108,3.4485106,3.1885107,3.2985108,2.9785109,1.4085107,0.79851073,0.77851075,0.78851074,0.39851075,-0.07148926,-1.1714892,-0.86148924,-2.0314894,-2.4014893,-2.4214892,-1.8914893,-2.0414894,-1.8014892,-2.6014893,-1.7614893,-0.011489258,0.94851077,1.3985107,0.6885107
-1.8214892,-2.0314894,-3.0614893,-2.0714893,-2.2414892,-0.28148925,0.9385107,2.8985107,6.478511,4.8885107,1.3185108,1.5685108,3.0085108,3.4885108,3.0485108,3.0085108,3.3685107,3.4885108,3.1985106,3.6685107,3.5285108,2.9485106,1.8585107,2.3385108,2.1885107,3.0285108,2.1185107,0.15851074,-0.49148926,-0.79148924,-0.92148924,-1.1414893,-1.2914892,-1.4514892,-1.3814893,-1.6014893,-2.1214893,-1.4814893,-2.2214892,-1.6114893,-0.6814892
0.28851074,-0.83148926,-1.7714893,-2.3614893,-2.4014893,-1.8714893,-1.3814893,1.1385107,2.9985108,3.9985108,4.3185105,2.3585107,2.5985107,3.5785108,2.2385108,3.0785108,3.4185107,3.8885107,3.8685107,3.7685108,3.3685107,3.3785107,2.9385107,2.7185106,3.1585107,2.9685106,2.2485108,1.9985107,1.7285107,1.4585108,1.0785108,0.82851076,0.39851075,-0.29148924,-0.80148923,-0.9314892,-1.3414893,-1.3714893,-1.5914893,-1.2414893,-1.3714893
-0.20148925,-0.6214893,-1.8414893,-0.96148926,-1.5814892,-2.0814893,-2.9214892,-1.2014892,2.1885107,3.6385107,1.9185108,3.2785108,2.5185108,1.8885107,2.8385108,1.8285108,3.9285107,4.398511,4.7385106,4.558511,4.108511,3.5585108,3.1485107,2.8685107,2.7685108,2.8485107,2.8785107,2.4885108,2.1185107,2.0185108,1.4585108,2.4685106,1.2985108,0.97851074,0.82851076,0.5585107,0.63851076,0.9285107,0.54851073,0.15851074,-0.25148925
