wind_kz.json
{"header": {"discipline":0,"disciplineName":"Meteorological products","gribEdition":2,"gribLength":1025,"center":7,"centerName":"US National Weather Service - NCEP(WMC)","subcenter":0,"refTime":"2023-08-22T12:00:00.000Z","significanceOfRT":1,"significanceOfRTName":"Start of forecast","productStatus":0,"productStatusName":"Operational products","productType":1,"productTypeName":"Forecast products","productDefinitionTemplate":0,"productDefinitionTemplateName":"Analysis/forecast at horizontal level/layer at a point in time","parameterCategory":2,"parameterCategoryName":"UnknownDiscipline_0_Category_2","parameterNumber":2,"parameterNumberName":"UnknownParameter_D0_C2_2","parameterUnit":"Unknown","genProcessType":2,"genProcessTypeName":"Forecast","forecastTime":240,"surface1Type":103,"surface1TypeName":"Specified height level above ground","surface1Value":10.0,"surface2Type":255,"surface2TypeName":"Missing","surface2Value":0.0,"gridDefinitionTemplate":0,"gridDefinitionTemplateName":"Latitude_Longitude","numberPoints":615,"shape":6,"shapeName":"Earth spherical with radius of 6,371,229.0 m","gridUnits":"degrees","resolution":48,"winds":"true","scanMode":64,"nx":41,"ny":15,"basicAngle":0,"lo1":47.0,"la1":41.0,"lo2":87.0,"la2":55.0,"dx":1.0,"dy":1.0}, "data":
[rows 0 to 14 of 15, columns 0 to 40 of 41]
2.4190404,1.0890405,-1.6909595,-2.1809595,-0.38095948,1.2590405,2.5390406,0.45904052,-1.4109595,-0.36095947,0.40904054,-0.36095947,-1.2409595,-0.6109595,-1.4009595,0.34904054,-0.14095947,-2.8609595,-3.2509594,-4.1709595,-2.9009595,-0.8909595,1.9190406,4.3590407,3.1290405,4.8990407,4.3190403,3.7890406,-2.4009595,1.1390405,0.62904054,0.9690405,0.29904053,-0.18095948,0.9590405,-0.43095946,1.3090405,-2.9809594,-2.2209594,-1.5009595,0.25904053
0.9090405,-0.48095948,-3.4109595,-2.6309595,0.059040528,2.7390406,-0.6509595,-0.47095948,-0.32095948,-0.29095948,1.8290405,0.9790405,3.1590405,2.7690406,1.8690405,-0.48095948,-0.32095948,0.41904053,-1.3809595,-1.9909595,-1.3009595,0.089040525,0.29904053,1.8390405,3.3590405,0.7690405,0.5190405,3.6590405,1.5990405,2.1190405,-0.7309595,-1.6409595,3.6190405,-1.9509594,0.7690405,3.6790404,-0.07095947,0.6490405,0.47904053,0.40904054,0.8290405
1.3490405,0.43904054,2.7190406,2.0790405,2.9990406,3.0690405,0.20904052,0.8590405,2.2490406,1.1790406,-0.7309595,-0.9009595,0.38904053,1.1590406,-0.55095947,-0.33095947,0.7790405,0.009040527,-0.9809595,-1.2309594,0.18904053,2.4890406,1.1590406,1.4990405,-0.43095946,-0.21095948,-1.0009595,1.5390406,3.6190405,-0.46095946,0.06904053,-2.4209595,-1.4809594,3.3590405,-1.9109595,-3.3409595,-0.6409595,-0.6409595,-5.8509593,1.0790405,-1.1009594
-2.3409595,-0.23095948,0.7890405,3.3590405,4.4690404,6.1390405,3.6790404,4.0590405,2.7290406,3.6290405,4.0490403,4.1990404,-3.7609594,-0.020959472,2.9690406,1.2390405,1.8090405,-0.10095947,0.049040526,-0.6709595,0.8890405,-3.6109595,0.39904052,-0.16095947,-0.62095946,0.32904053,0.42904052,-2.2109594,-3.5909595,-1.3809595,-0.6009595,-0.060959473,6.6490407,6.7390404,5.3490405,3.4990406,-0.5909595,0.9090405,-1.4109595,1.3690405,1.0190406
5.6390405,0.62904054,2.8190405,2.3290405,2.1790404,4.9390407,6.4990406,7.2890406,6.3590407,6.5290403,5.1090407,6.2490406,-0.62095946,0.80904055,3.4790406,6.5590405,5.6490407,4.8190403,3.3790405,4.2990403,2.3790405,2.9990406,2.5990405,3.2790406,3.2190406,2.8890405,1.4790405,-0.41095948,-0.7109595,-1.1909595,-0.6109595,-2.5209594,-2.8609595,1.7390405,-0.21095948,-0.040959474,9.349041,4.8190403,-0.0109594725,-1.4809594,0.13904053
4.3890405,4.5690403,4.7690406,4.6290407,5.7090406,5.8690405,7.3890405,8.469041,7.3090405,6.6990404,7.9090405,6.0390406,2.4790406,1.9390405,4.1290407,6.8990407,3.5990405,2.8290405,4.3990407,4.4590406,4.7590404,5.8690405,5.9890404,4.3790407,4.4790406,4.1290407,4.8990407,-2.9109595,2.5690405,2.6990404,1.0290406,-1.2209594,-0.26095948,-2.5309594,-0.19095947,1.2090405,0.94904053,4.4090405,7.8390408,-0.27095947,-2.3409595
5.2490406,5.6490407,5.3890405,6.5490403,7.0090404,7.3790407,7.6990404,8.48904,7.6390405,7.2990403,8.209041,8.299041,8.999041,7.4390407,7.1890407,6.8190403,9.81904,4.8990407,3.6090405,4.0190406,6.0090404,6.2890406,7.9390407,6.9690404,4.3290405,4.1890407,4.4890404,3.5990405,5.1190405,4.5590405,4.9990406,4.1890407,1.9890405,2.1290405,5.3090405,1.2890406,1.8490405,-0.80095947,2.0490406,1.2890406,3.2990406
3.6790404,3.6690404,4.6190405,5.9990406,6.3790407,4.7190404,4.7990403,1.4090406,1.3290405,0.9190405,1.8490405,1.4790405,4.2290406,7.0790405,8.299041,7.5090404,2.2190406,11.89904,5.1290407,5.6390405,5.5490403,4.2690406,6.2690406,5.9690404,4.4090405,5.3390408,3.9190404,2.4490404,4.6790404,3.3690405,4.5590405,4.6990404,3.9690406,2.6190405,3.8290405,-3.2009594,4.0390406,2.0790405,3.4290404,4.6990404,6.1490407
3.0290406,2.1790404,4.0690403,3.8390405,4.1090407,4.4390407,4.6390405,5.2890406,5.3690405,3.7090406,4.2690406,3.8990405,9.1190405,6.9890404,6.7990403,6.1890407,6.9990406,7.9990406,5.4790406,3.4190404,2.7390406,5.8190403,4.0390406,4.6690407,2.6890404,3.0790405,2.3290405,3.5490406,3.3090405,2.1190405,1.7790406,-2.3109596,-4.7409596,-2.0709596,-2.4209595,1.2790406,3.5590405,-2.6409595,-2.3009596,-0.120959476,0.16904053
0.56904054,1.2490405,4.9490404,4.5990405,3.5490406,4.5690403,5.1790404,4.9790406,5.1290407,4.5190406,5.0290403,6.0790405,6.1890407,3.7090406,4.5990405,6.4890404,4.0690403,3.0190406,6.8490405,0.32904053,4.3190403,4.1190405,5.8690405,1.5090405,1.5790405,1.1590406,2.8490405,2.9690406,1.7990406,3.2390406,-4.8109593,-4.0809593,-0.80095947,-0.30095947,0.06904053,0.31904054,1.1990405,-1.1409595,-2.0309594,1.4190406,-0.76095945
1.3190405,2.6990404,2.4890406,2.6290405,3.2090406,3.1790404,3.6990404,3.7690406,4.3790407,4.8190403,4.9690404,4.3790407,4.6690407,5.3190403,4.5590405,6.6490407,1.6890405,6.3190403,1.5290406,0.37904054,5.2190404,3.4490404,2.2790406,0.6390405,2.4090405,3.5990405,3.6690404,3.5890405,3.5890405,-3.9409595,-5.8009596,-2.4909594,-0.30095947,0.17904052,1.0390406,0.17904052,-0.05095947,0.22904053,-0.07095947,-0.24095947,-0.9109595
1.0790405,2.2990406,3.0990405,2.9590406,2.3190405,4.0890408,5.3390408,4.2490406,3.4790406,4.1290407,3.1890404,4.5190406,3.4490404,4.1590405,1.4490405,1.9490405,1.6190405,3.5490406,1.8190405,2.3990405,1.1490406,1.7390405,1.9690405,2.5890405,2.9190404,1.1290405,2.4090405,-0.8309595,2.2390406,-2.2809594,-2.8409595,-1.5409595,0.47904053,0.5190405,0.32904053,0.36904052,-0.33095947,0.44904053,0.6590405,0.98904055,0.17904052
1.0390406,2.3290405,-9.594727E-4,2.5690405,1.6990405,2.4290404,2.0390406,4.1490407,5.2090406,1.5790405,0.28904054,1.1190405,4.5590405,3.5990405,0.8590405,-0.24095947,0.31904054,4.1690407,0.54904056,-1.5609595,3.5690405,0.07904053,-1.3709595,4.9190407,3.0190406,3.5390406,1.9390405,-1.6609595,1.0590405,3.0590405,0.28904054,-9.594727E-4,-0.45095947,1.9090406,1.7890406,0.55904055,0.43904054,2.5790405,-0.38095948,1.8990406,-0.11095947
1.0190406,-0.10095947,1.0190406,-2.2709594,0.21904053,-0.33095947,-0.8309595,-0.31095946,0.47904053,-0.5809595,-0.49095947,-0.49095947,2.2290406,1.3790405,-0.34095946,0.17904052,0.68904054,2.5390406,2.2990406,0.73904055,1.5990405,2.7190406,1.4490405,1.3990406,2.6790404,3.9390404,3.3690405,1.7690406,2.9190404,3.5290406,2.5990405,3.1090405,2.4990406,0.42904052,0.7290405,1.3290405,0.56904054,0.50904053,2.1890404,1.3990406,2.1690404
0.11904053,-1.6309595,-0.120959476,-1.2309594,-1.6309595,-1.2309594,-3.1009595,-2.8009596,-2.7109594,-3.4509594,-1.6009594,0.99904054,0.37904054,-1.0009595,-0.24095947,1.1090405,0.55904055,2.1490405,2.2190406,-0.14095947,1.6390405,-0.48095948,1.4390405,0.81904054,1.5590405,4.2890406,1.6490406,2.4990406,3.6290405,3.7290406,3.5990405,1.0590405,1.6690406,1.3390405,1.3990406,2.0890405,2.1690404,2.4890406,2.6690404,3.6190405,1.7690406
