wind_kz.json
{"header": {"discipline":0,"disciplineName":"Meteorological products","gribEdition":2,"gribLength":871,"center":7,"centerName":"US National Weather Service - NCEP(WMC)","subcenter":0,"refTime":"2023-10-03T06:00:00.000Z","significanceOfRT":1,"significanceOfRTName":"Start of forecast","productStatus":0,"productStatusName":"Operational products","productType":1,"productTypeName":"Forecast products","productDefinitionTemplate":0,"productDefinitionTemplateName":"Analysis/forecast at horizontal level/layer at a point in time","parameterCategory":0,"parameterCategoryName":"UnknownDiscipline_0_Category_0","parameterNumber":0,"parameterNumberName":"UnknownParameter_D0_C0_0","parameterUnit":"Unknown","genProcessType":2,"genProcessTypeName":"Forecast","forecastTime":0,"surface1Type":1,"surface1TypeName":"Ground or water surface","surface1Value":0.0,"surface2Type":255,"surface2TypeName":"Missing","surface2Value":0.0,"gridDefinitionTemplate":0,"gridDefinitionTemplateName":"Latitude_Longitude","numberPoints":615,"shape":6,"shapeName":"Earth spherical with radius of 6,371,229.0 m","gridUnits":"degrees","resolution":48,"winds":"true","scanMode":64,"nx":41,"ny":15,"basicAngle":0,"lo1":47.0,"la1":41.0,"lo2":87.0,"la2":55.0,"dx":1.0,"dy":1.0}, "data":
[rows 0 to 14 of 15, columns 0 to 40 of 41]
300.81494,291.31494,298.11493,294.41495,293.91495,292.11493,300.01495,304.21494,301.81494,305.21494,302.41495,303.71494,303.71494,304.21494,305.21494,307.41495,307.41495,304.01495,310.91495,307.21494,310.51495,308.31494,312.81494,307.91495,306.71494,306.71494,306.01495,294.91495,294.41495,286.61493,283.61493,280.31494,299.11493,308.21494,309.31494,311.21494,315.01495,314.31494,310.51495,306.91495,304.71494
279.71494,297.21494,294.21494,294.21494,293.91495,292.01495,304.91495,301.41495,300.11493,300.31494,301.31494,300.81494,303.11493,304.31494,306.41495,306.71494,307.81494,308.31494,308.61493,310.01495,310.81494,306.11493,305.91495,298.21494,288.01495,287.01495,297.71494,289.51495,294.21494,285.11493,287.71494,276.11493,289.21494,268.21494,276.71494,301.21494,303.61493,306.21494,309.01495,300.11493,284.51495
289.41495,293.81494,293.71494,293.21494,291.31494,296.41495,299.21494,299.71494,299.21494,299.11493,298.91495,300.61493,302.81494,303.51495,301.41495,304.01495,304.41495,305.81494,306.11493,308.81494,310.11493,307.71494,306.11493,301.81494,303.61493,301.91495,302.81494,302.31494,304.11493,294.01495,279.11493,286.41495,291.01495,293.51495,293.51495,291.21494,291.41495,291.71494,295.31494,286.61493,283.61493
293.11493,292.81494,293.51495,292.61493,292.41495,297.21494,295.61493,299.71494,299.81494,299.41495,299.01495,298.31494,290.51495,289.91495,300.61493,304.11493,302.11493,305.41495,307.11493,308.51495,305.41495,303.51495,303.61493,304.11493,304.91495,303.91495,305.71494,303.61493,303.51495,305.51495,304.71494,302.01495,303.11493,295.91495,300.81494,292.81494,287.21494,274.51495,291.51495,300.51495,302.41495
291.31494,292.71494,293.01495,292.31494,293.81494,299.11493,299.11493,300.41495,298.31494,298.11493,299.41495,299.21494,289.71494,288.51495,287.01495,302.21494,303.61493,302.31494,304.81494,301.11493,302.31494,304.11493,306.01495,305.31494,304.31494,303.31494,301.71494,299.01495,304.31494,304.61493,305.01495,302.51495,288.51495,275.41495,286.31494,295.11493,300.21494,305.91495,303.91495,302.81494,301.31494
291.41495,292.81494,291.01495,291.51495,291.91495,291.41495,300.51495,298.41495,298.21494,298.01495,297.71494,297.61493,290.71494,289.41495,295.31494,301.11493,300.11493,301.91495,301.01495,301.61493,302.11493,300.61493,300.71494,300.71494,301.01495,299.71494,300.51495,288.71494,298.71494,300.21494,303.11493,302.31494,297.21494,294.51495,297.31494,295.61493,287.11493,288.41495,300.81494,298.41495,297.61493
295.71494,291.01495,294.11493,298.51495,294.51495,298.31494,299.41495,297.61493,297.71494,296.91495,298.61493,296.71494,297.11493,297.01495,297.51495,297.31494,299.01495,299.61493,301.21494,299.91495,299.71494,299.21494,297.51495,296.61493,294.51495,295.51495,297.41495,298.01495,299.61493,299.61493,300.01495,301.41495,300.71494,299.81494,298.11493,298.21494,294.51495,292.01495,290.81494,285.11493,294.21494
293.21494,295.61493,296.61493,295.51495,294.51495,296.31494,298.51495,297.41495,296.31494,296.91495,297.11493,295.41495,296.51495,295.21494,295.91495,296.31494,296.81494,297.41495,297.91495,297.71494,296.41495,297.71494,296.51495,295.51495,293.61493,291.61493,287.31494,296.01495,295.81494,296.11493,296.11493,296.51495,294.31494,289.01495,285.41495,293.01495,296.91495,286.41495,295.01495,296.41495,298.01495
296.61493,292.61493,297.41495,297.31494,295.41495,295.41495,296.61493,297.01495,295.51495,295.01495,294.51495,296.41495,295.41495,296.31494,294.91495,296.51495,296.61493,297.01495,296.01495,295.31494,293.91495,293.71494,293.31494,292.81494,291.31494,291.51495,291.01495,291.51495,290.91495,289.81494,291.91495,295.11493,286.31494,285.01495,295.21494,293.71494,295.61493,294.11493,283.51495,282.41495,282.11493
295.91495,295.41495,295.41495,294.91495,294.61493,295.41495,294.61493,293.91495,293.61493,293.61493,294.61493,294.31494,295.81494,294.01495,294.41495,293.41495,294.61493,295.61493,296.61493,295.81494,293.51495,292.41495,292.61493,293.51495,293.61493,291.21494,289.51495,289.61493,290.11493,288.61493,290.51495,292.01495,294.11493,292.81494,296.81494,297.01495,293.11493,290.41495,291.91495,286.41495,279.71494
296.31494,294.31494,295.31494,293.91495,295.41495,294.41495,295.11493,290.51495,294.41495,294.31494,292.11493,292.41495,292.91495,292.31494,295.01495,295.51495,294.31494,296.31494,296.11493,293.61493,293.81494,292.71494,291.61493,291.81494,291.01495,291.61493,289.51495,291.81494,291.51495,293.11493,292.91495,294.31494,294.71494,293.01495,294.41495,294.71494,291.21494,289.81494,288.71494,287.31494,284.51495
295.41495,294.91495,293.71494,293.31494,294.31494,294.01495,293.41495,291.71494,289.31494,293.01495,290.41495,286.11493,290.71494,290.41495,291.41495,293.81494,294.31494,293.81494,294.01495,292.51495,291.91495,291.31494,290.61493,290.61493,289.71494,291.71494,292.21494,293.01495,292.51495,292.31494,291.51495,291.81494,290.11493,290.61493,289.01495,289.71494,289.71494,290.81494,290.31494,290.21494,288.91495
289.31494,292.41495,294.31494,293.31494,289.51495,292.01495,291.41495,289.51495,287.31494,291.01495,286.31494,285.61493,289.41495,287.51495,288.11493,290.91495,291.11493,291.51495,291.71494,290.61493,290.31494,291.11493,292.21494,291.71494,291.21494,292.31494,293.61493,292.01495,291.91495,291.21494,291.11493,289.91495,289.51495,290.21494,289.51495,288.11493,288.21494,288.21494,288.01495,287.61493,286.91495
287.01495,287.01495,287.01495,291.81494,291.51495,286.51495,287.41495,286.31494,287.11493,287.31494,286.31494,285.41495,288.61493,289.31494,289.71494,289.71494,289.51495,289.41495,290.01495,289.71494,290.41495,290.11493,291.11493,292.21494,292.21494,292.51495,292.01495,292.01495,292.01495,291.71494,291.31494,290.41495,290.11493,289.41495,289.61493,289.31494,288.21494,288.21494,289.61493,286.31494,287.11493
286.71494,284.31494,285.51495,288.41495,289.81494,289.41495,288.81494,289.11493,288.21494,289.61493,288.41495,289.91495,287.81494,288.51495,290.81494,289.61493,289.31494,289.71494,290.41495,287.91495,290.71494,290.51495,290.91495,289.91495,289.91495,290.81494,290.31494,289.81494,290.91495,290.51495,290.01495,286.81494,289.31494,288.61493,289.31494,289.21494,289.91495,288.91495,290.11493,288.41495,287.81494
