wind_kz.json
{"header": {"discipline":0,"disciplineName":"Meteorological products","gribEdition":2,"gribLength":1025,"center":7,"centerName":"US National Weather Service - NCEP(WMC)","subcenter":0,"refTime":"2023-10-01T12:00:00.000Z","significanceOfRT":1,"significanceOfRTName":"Start of forecast","productStatus":0,"productStatusName":"Operational products","productType":1,"productTypeName":"Forecast products","productDefinitionTemplate":0,"productDefinitionTemplateName":"Analysis/forecast at horizontal level/layer at a point in time","parameterCategory":2,"parameterCategoryName":"UnknownDiscipline_0_Category_2","parameterNumber":2,"parameterNumberName":"UnknownParameter_D0_C2_2","parameterUnit":"Unknown","genProcessType":2,"genProcessTypeName":"Forecast","forecastTime":0,"surface1Type":103,"surface1TypeName":"Specified height level above ground","surface1Value":10.0,"surface2Type":255,"surface2TypeName":"Missing","surface2Value":0.0,"gridDefinitionTemplate":0,"gridDefinitionTemplateName":"Latitude_Longitude","numberPoints":615,"shape":6,"shapeName":"Earth spherical with radius of 6,371,229.0 m","gridUnits":"degrees","resolution":48,"winds":"true","scanMode":64,"nx":41,"ny":15,"basicAngle":0,"lo1":47.0,"la1":41.0,"lo2":87.0,"la2":55.0,"dx":1.0,"dy":1.0}, "data":
[rows 0 to 14 of 15, columns 0 to 40 of 41]
-1.3125366,1.1674634,-1.9525366,-5.9525366,-3.6625366,-1.2425367,0.8374634,0.027463378,-1.4625366,-1.7725366,-1.4825367,-1.6425366,-0.4525366,0.3874634,0.4174634,1.8674634,2.5774634,3.8174634,3.3974633,4.1674633,2.6474633,1.4574634,3.8374634,3.3774633,0.92746335,2.2474635,3.1174634,2.6774633,-0.10253662,1.2974634,-1.6925366,0.91746336,-1.9425366,-1.1725366,0.027463378,0.017463379,0.78746337,1.7974634,0.6274634,1.6174634,1.9174634
1.1374633,-2.9525366,-5.2225366,-5.192537,-3.6825366,-0.41253662,-1.8525367,-1.4425366,-1.4525366,-2.0025365,0.53746337,-0.8425366,0.59746337,-0.32253662,0.6274634,1.5174633,1.3374634,4.2974634,4.9074636,4.497463,3.3874633,4.3674636,4.4474635,3.9074633,1.5674634,0.20746338,0.057463378,0.45746338,0.8874634,1.1374633,0.17746338,0.72746336,-2.6425366,-1.8025366,0.91746336,1.6674634,1.4574634,2.2974634,1.5074633,1.9674634,-1.0625366
-5.0425367,-6.5125365,-5.3525367,-3.7725365,-1.4225366,0.37746337,-0.02253662,-1.9125366,0.36746338,-0.58253664,-1.4125366,0.39746338,-0.34253663,-0.08253662,1.1174634,3.5574634,2.4874635,2.9174633,3.1674633,4.4574633,4.7274632,3.6474633,6.0274634,5.3174634,4.497463,-1.8825366,-0.5925366,0.42746338,0.97746336,-1.2625366,-0.18253662,-1.5825366,0.6974634,-1.1025367,-3.1925366,-1.1425366,-0.88253665,-1.1525366,1.2474633,1.8174634,-0.04253662
-6.982537,-5.002537,-4.0625367,-1.0625366,3.6674633,1.2174634,-0.89253664,1.6474633,0.67746335,-2.8225367,-0.9725366,-3.6225367,-3.2125366,-1.4025366,1.9874634,2.2274635,2.6574633,3.0774634,2.7974634,1.2474633,2.3174634,4.307463,3.7974634,6.037463,6.6774635,3.9674635,2.6774633,2.4574633,-2.0225365,-4.4025364,-2.0025365,-2.4925365,-2.4425366,-0.77253664,0.2974634,0.84746337,0.12746339,2.2574635,-2.7825365,-3.5625367,-3.0425367
-5.3125367,-3.6425366,-3.3325367,-3.4825366,-1.5325366,0.34746337,2.1374633,2.4274633,0.34746337,-1.6025367,2.0374634,-4.9525366,-2.1225367,-0.71253663,3.3974633,0.60746336,0.04746338,1.7174634,-0.7925366,-1.1225367,1.4174634,4.5674634,5.1174636,4.2274632,3.5374634,1.1874634,0.9374634,-1.5625366,3.1574633,-3.6325366,-1.1425366,-2.0025365,-0.27253664,1.6474633,-1.8425366,-2.5425367,0.3874634,-2.2225366,-1.6225367,-0.9725366,-0.49253663
-4.3225365,-4.5425367,-4.8525367,-4.1825366,-2.9825366,-0.9825366,2.2674634,1.4274634,2.6474633,2.3074634,2.7074633,0.9674634,0.7474634,2.3974633,0.8274634,-0.9825366,-2.0325365,-1.7125366,-0.57253665,-2.7425365,-1.1825366,-3.1325366,-4.6225367,-2.0825367,0.7574634,-6.0825367,-6.5325365,-8.662537,-5.4725366,-4.0525365,-4.2725368,-4.5525365,-4.7725368,-5.5225368,-2.9525366,2.4174633,-0.9325366,0.6874634,2.2474635,-3.6625366,-2.0425367
-4.8825364,-4.4725366,-3.6725366,-2.6625366,-0.63253665,-0.57253665,0.14746338,0.84746337,3.2774634,-0.5525366,-2.4925365,0.17746338,-1.5025367,-2.0125365,-3.4125366,-1.6025367,-0.46253663,0.54746336,1.1674634,0.98746336,-1.7825366,-2.6425366,-3.5325365,-5.3625364,-4.8825364,-5.422537,-3.6225367,-4.3325367,-3.4125366,-3.6225367,-4.6025367,-4.462537,-4.0625367,-2.4925365,1.7574633,2.2474635,0.9374634,-1.8825366,1.8874633,0.5174634,-0.05253662
-4.5425367,-4.1625366,-3.5325365,-2.9125366,-2.4925365,-2.4825366,-0.65253663,-2.1825366,-3.9825366,-2.2225366,-5.2225366,-5.3325367,-3.3925366,-3.6025367,-3.0825367,-0.9325366,-1.1925366,-0.25253662,-0.4525366,-0.4525366,-4.5625367,-3.5825367,0.86746335,-0.47253662,-3.5825367,-3.4725366,-4.2825365,-3.3525367,-4.942537,-4.5825367,-4.5125365,-2.8125367,-4.6025367,-2.2625365,-1.9625366,-1.6925366,0.30746338,3.3374634,3.7774634,3.8274634,1.8774633
-2.6225367,-2.3625367,-2.3925366,-2.8325367,-2.2425365,-2.4725366,-2.4725366,-2.9125366,-3.4625366,-2.7725365,-3.5725367,-2.4525366,-4.442537,-1.8825366,-2.2125366,-3.5625367,-4.7225366,-4.9725366,-3.0625367,-3.2025366,-4.2425365,-3.8525367,-3.4125366,-4.8725367,-5.4125366,-5.1425366,-3.7925367,-3.9325366,-3.4925365,-3.7025366,-5.422537,-4.4125366,-2.9125366,-1.5025367,-1.1825366,-0.19253662,-1.1525366,-0.9825366,0.7674634,0.5274634,1.0074633
-1.8325366,-1.6825366,-1.4125366,-1.7625366,-2.1525366,-2.7925367,-3.2925367,-2.7225366,-3.3825366,-4.3625364,-3.1325366,-4.3325367,-2.8225367,-2.5425367,-4.1625366,-3.4325366,-3.4025366,-2.2025366,-3.5825367,-3.2825365,-3.4525366,-4.0825367,-4.5325365,-3.5025365,-3.6925366,-4.672537,-5.252537,-4.732537,-5.0825367,-5.1025367,-4.252537,-2.6325366,-0.09253662,-1.0025367,-0.07253662,0.54746336,0.3274634,-0.77253664,-0.49253663,0.7074634,1.0674634
-0.5425366,-0.88253665,-0.7525366,-0.8025366,-1.5825366,-2.4425366,-3.0725367,-2.8925366,-2.8925366,-3.0725367,-3.3225367,-2.8725367,-1.8125366,-3.1925366,-3.1625366,-4.6325364,-3.1425366,-2.7525365,-2.5725367,-3.2825365,-4.4725366,-3.8525367,-4.7025366,-3.4625366,-3.9425366,-3.2025366,-5.3725367,-4.6825366,-5.422537,-4.0925364,-2.9325366,-1.9125366,-1.3725367,-0.6225366,-2.2925367,-0.6225366,-0.32253662,-0.21253662,0.4474634,-0.76253664,0.6374634
1.7974634,1.1374633,0.49746338,0.59746337,0.07746338,0.007463379,-1.3425366,-2.0425367,-1.9325366,-2.0025365,-2.2925367,-2.7725365,-3.9325366,-3.5725367,-2.3625367,-2.3825366,-4.6425366,-3.7225366,-5.0425367,-3.7125366,-3.2325366,-2.7725365,-3.3425367,-2.5225365,-3.8925366,-4.2725368,-3.7125366,-5.2925367,-3.6525366,-2.4625366,-1.6125367,-2.8225367,-2.1125367,-1.1425366,-2.0425367,-1.9625366,-2.2825365,-1.3725367,-0.58253664,1.1774634,-0.65253663
2.9874635,3.3174634,3.1074634,1.6674634,1.2074634,0.8774634,0.9974634,-0.04253662,-0.29253662,-0.4825366,-1.2925366,-2.0325365,0.07746338,-1.5225366,-1.7325367,-1.2425367,-1.8325366,-1.7625366,-3.5125365,-1.8525367,-2.0525367,-2.3125367,-2.7325366,-3.4225366,-4.422537,-4.5425367,-4.1025367,-3.3225367,-2.5825367,-2.0925367,-1.7025366,-0.7825366,-1.7925366,-1.6125367,-1.3825366,-1.6125367,-0.8025366,-0.21253662,-0.17253663,-0.28253663,0.13746338
5.247463,4.6874633,1.8174634,3.1174634,1.9774634,2.0374634,2.0474634,1.8474634,1.0474634,0.84746337,-0.57253665,0.59746337,1.6474633,0.3874634,0.54746336,0.27746338,-0.4225366,-0.27253664,-0.5625366,-1.0225366,-0.5625366,-1.4925367,-3.2125366,-2.0825367,-2.6325366,-2.0325365,-1.0025367,-1.3625367,-2.2725365,-2.1125367,-1.7225366,-1.5125366,-1.5825366,-1.6925366,-1.4725366,-1.5025367,-0.6925366,-0.4825366,-1.1525366,-1.0725366,0.9074634
4.3974633,5.7374635,1.4674634,2.3774633,2.7874634,2.3274634,2.4474633,2.3174634,1.2974634,1.0374634,0.9674634,1.9874634,0.9574634,-0.22253662,1.0674634,1.5274634,0.61746335,-0.14253663,-0.28253663,-0.7525366,-1.6525366,-0.7325366,-0.57253665,-0.17253663,0.08746338,0.60746336,0.3574634,0.54746336,-1.2125366,-1.8225366,-0.5625366,0.86746335,0.46746337,-0.26253662,-0.6125366,-0.41253662,0.18746337,-0.27253664,0.54746336,0.18746337,1.1674634
