wind_kz.json
{"header": {"discipline":0,"disciplineName":"Meteorological products","gribEdition":2,"gribLength":1025,"center":7,"centerName":"US National Weather Service - NCEP(WMC)","subcenter":0,"refTime":"2023-08-18T00:00:00.000Z","significanceOfRT":1,"significanceOfRTName":"Start of forecast","productStatus":0,"productStatusName":"Operational products","productType":1,"productTypeName":"Forecast products","productDefinitionTemplate":0,"productDefinitionTemplateName":"Analysis/forecast at horizontal level/layer at a point in time","parameterCategory":2,"parameterCategoryName":"UnknownDiscipline_0_Category_2","parameterNumber":2,"parameterNumberName":"UnknownParameter_D0_C2_2","parameterUnit":"Unknown","genProcessType":2,"genProcessTypeName":"Forecast","forecastTime":0,"surface1Type":103,"surface1TypeName":"Specified height level above ground","surface1Value":10.0,"surface2Type":255,"surface2TypeName":"Missing","surface2Value":0.0,"gridDefinitionTemplate":0,"gridDefinitionTemplateName":"Latitude_Longitude","numberPoints":615,"shape":6,"shapeName":"Earth spherical with radius of 6,371,229.0 m","gridUnits":"degrees","resolution":48,"winds":"true","scanMode":64,"nx":41,"ny":15,"basicAngle":0,"lo1":47.0,"la1":41.0,"lo2":87.0,"la2":55.0,"dx":1.0,"dy":1.0}, "data":
[rows 0 to 14 of 15, columns 0 to 40 of 41]
-2.691272,-0.901272,0.18872803,-0.921272,-0.50127196,0.568728,1.278728,1.928728,-1.271272,0.598728,0.14872803,-0.17127198,-1.721272,-2.561272,-2.271272,-1.131272,-1.731272,-0.681272,-3.381272,-1.521272,0.24872802,-0.22127198,-1.331272,-2.021272,1.118728,-2.921272,-2.931272,0.15872803,1.538728,-0.50127196,-1.371272,1.918728,-0.22127198,1.158728,-0.671272,-1.3012719,-1.951272,0.73872805,-1.261272,-0.48127198,-3.161272
1.668728,1.298728,-0.05127197,1.258728,-0.611272,-0.43127197,-0.661272,-1.131272,1.2087281,1.9587281,1.868728,-1.851272,-2.991272,-2.201272,-2.131272,-2.631272,-0.551272,-1.0412719,-0.611272,-2.051272,-2.901272,-2.8412719,0.54872805,-2.961272,-0.23127197,1.3287281,0.32872802,1.268728,-1.071272,-2.311272,-0.10127197,-0.551272,0.38872802,-2.301272,1.358728,0.588728,-0.57127196,0.11872803,0.22872803,1.108728,-1.1612719
0.788728,-1.7812719,1.0787281,1.478728,-0.52127194,-0.94127196,-0.51127195,0.66872805,-0.82127196,1.668728,0.568728,-2.911272,-2.561272,-2.651272,-2.311272,-2.221272,-1.961272,0.86872804,-1.751272,-3.321272,-3.581272,-3.301272,-3.531272,-3.781272,1.258728,-0.791272,1.288728,2.198728,-0.981272,-0.75127196,-1.201272,1.298728,-0.20127197,-0.45127198,0.37872803,-0.77127194,0.25872803,0.28872803,-0.20127197,0.62872803,2.178728
-2.411272,0.55872804,1.398728,3.238728,0.80872804,-0.24127197,1.858728,0.588728,2.238728,2.8887281,1.5987281,-1.821272,-2.321272,-3.471272,-2.941272,-2.441272,-2.061272,-3.901272,-3.761272,-3.871272,-1.461272,-1.241272,-3.081272,-3.621272,-3.631272,-3.271272,-3.301272,-6.541272,-2.521272,0.30872804,1.518728,-1.9112719,-0.87127197,-2.941272,-2.671272,-1.9112719,-1.4112719,2.048728,0.47872803,-0.38127196,-0.551272
1.388728,3.028728,4.808728,6.568728,4.028728,2.308728,2.318728,2.688728,3.578728,2.858728,-0.921272,-4.001272,-5.791272,-4.271272,-4.371272,-2.891272,-2.741272,-3.061272,-3.931272,-3.8412719,-5.2312717,-5.541272,-4.411272,-3.981272,-4.111272,-3.581272,-4.871272,-3.141272,-2.811272,-2.8512719,-3.161272,-2.201272,-1.881272,1.398728,0.72872806,0.20872803,-2.151272,-3.631272,-1.591272,-2.8612719,-3.491272
-1.441272,0.898728,3.258728,1.358728,3.3987281,2.758728,1.9687281,0.74872804,-0.021271972,-0.44127196,-4.421272,-4.4812717,-5.051272,-3.3612719,-2.8512719,-1.591272,-2.151272,-3.161272,-4.091272,-3.501272,-4.541272,-4.351272,-4.191272,-4.411272,-3.901272,-4.141272,-3.281272,-6.001272,-3.501272,-4.101272,-3.931272,-3.301272,-2.871272,-2.001272,-0.62127197,0.34872803,0.518728,-2.511272,-0.721272,-4.671272,-4.431272
0.47872803,2.628728,2.6387281,1.488728,2.048728,-0.81127197,-0.351272,-2.551272,0.948728,-5.531272,-4.001272,-3.931272,-3.3512719,-3.271272,-2.701272,-2.891272,-3.991272,-2.911272,-4.031272,-5.421272,-4.441272,-3.531272,-3.431272,-3.041272,-3.631272,-3.051272,-1.4112719,-2.121272,-2.931272,-4.111272,-4.591272,-3.771272,-0.541272,-0.87127197,-1.371272,-1.6612719,-1.101272,1.028728,-1.201272,1.518728,0.088728026
1.0987281,1.488728,-0.50127196,1.248728,-1.5512719,-2.971272,-2.581272,-2.441272,-2.691272,-4.881272,-3.8412719,-4.711272,-4.141272,-4.491272,-2.651272,-3.3612719,-2.641272,-1.641272,-3.281272,-4.641272,-3.3412719,-3.6012719,-2.941272,-3.181272,-2.191272,-1.141272,-1.211272,-2.161272,-0.911272,-2.171272,-2.141272,-1.731272,-2.311272,-1.331272,-3.071272,-1.351272,0.658728,3.598728,1.0787281,1.8287281,-0.541272
1.528728,0.718728,0.03872803,-1.091272,0.20872803,-1.471272,-1.681272,-1.951272,-3.201272,-3.911272,-4.371272,-4.861272,-3.261272,-3.541272,-4.631272,-3.651272,-4.001272,-4.511272,-4.7312717,-4.021272,-3.701272,-1.571272,-1.0312719,-0.971272,0.14872803,-0.551272,-0.021271972,-0.46127197,0.61872804,0.38872802,1.928728,0.93872803,1.3287281,0.67872804,-0.38127196,-0.41127196,0.23872803,-2.731272,-0.021271972,0.20872803,-1.211272
-1.361272,-2.201272,-2.801272,-1.6612719,-1.8012719,-3.971272,-6.321272,-4.961272,-5.621272,-6.2312717,-5.791272,-4.201272,-4.341272,-3.781272,-3.801272,-3.541272,-3.641272,-3.481272,-3.531272,-2.651272,-2.021272,-0.52127194,1.5887281,1.5987281,1.148728,1.9687281,1.008728,1.438728,1.628728,2.708728,2.178728,2.618728,2.028728,2.208728,0.588728,-1.0512719,-1.201272,-0.18127197,-1.091272,0.828728,0.25872803
-1.641272,-1.961272,-2.8512719,-3.441272,-3.481272,-5.521272,-5.641272,-5.471272,-4.551272,-3.921272,-3.911272,-2.411272,-3.211272,-2.881272,-2.571272,-1.831272,-2.231272,-1.961272,-2.071272,-2.311272,-0.601272,0.41872802,0.60872805,-0.921272,-0.11127197,0.68872803,2.108728,1.858728,2.468728,2.498728,2.018728,0.38872802,0.79872805,2.208728,2.598728,-1.631272,-1.231272,0.17872803,-0.651272,1.138728,0.788728
-1.891272,-2.131272,-2.301272,-2.871272,-3.921272,-4.041272,-3.881272,-4.661272,-2.881272,-2.891272,-3.521272,-1.8012719,-1.321272,-2.891272,-2.031272,0.22872803,-2.171272,-1.091272,-0.69127196,-0.82127196,-1.741272,-1.1512719,-1.381272,-1.361272,-0.70127195,-2.121272,-2.661272,-2.501272,-2.281272,-1.8012719,-1.211272,-1.231272,-0.661272,-0.27127197,-0.31127197,1.528728,1.408728,1.188728,0.968728,0.648728,0.088728026
-0.781272,-0.88127196,-2.511272,-2.441272,-2.821272,-2.571272,-3.301272,-3.241272,-3.241272,-1.321272,-1.2812719,-2.131272,-1.081272,-2.821272,-1.571272,-0.16127197,-1.241272,-0.75127196,-1.821272,-2.211272,-1.761272,-0.39127198,0.24872802,-0.83127195,-1.381272,-2.311272,-1.6512719,-2.191272,-2.291272,-1.381272,-1.321272,-0.851272,-0.741272,-0.661272,-0.18127197,0.28872803,1.228728,1.118728,2.518728,1.1987281,1.388728
-0.47127196,-1.451272,-0.531272,-2.511272,-2.221272,-2.501272,-1.5412719,-2.021272,-0.69127196,-1.001272,-1.581272,-0.971272,0.61872804,0.79872805,1.658728,1.4687281,-0.981272,-2.651272,-2.731272,-2.691272,-2.1112719,-2.241272,-2.211272,-1.751272,-1.441272,-1.381272,-0.711272,0.048728026,0.28872803,0.908728,0.908728,1.548728,1.008728,0.87872803,1.068728,1.4687281,1.398728,1.128728,0.398728,0.768728,-0.07127197
-1.501272,-1.6712719,-1.731272,-2.941272,-2.301272,-1.5512719,-0.46127197,-0.931272,-0.17127198,-0.961272,-1.311272,-0.611272,-0.661272,0.828728,0.028728027,-1.521272,-2.421272,-2.661272,-1.721272,-1.461272,-1.121272,-0.77127194,-0.63127196,-0.38127196,0.21872802,0.49872804,1.128728,1.138728,1.728728,1.8287281,2.248728,1.818728,1.808728,1.398728,2.048728,2.788728,1.6987281,1.4687281,1.868728,1.9487281,0.898728
