wind_kz.json
{"header": {"discipline":0,"disciplineName":"Meteorological products","gribEdition":2,"gribLength":948,"center":7,"centerName":"US National Weather Service - NCEP(WMC)","subcenter":0,"refTime":"2024-04-07T00:00:00.000Z","significanceOfRT":1,"significanceOfRTName":"Start of forecast","productStatus":0,"productStatusName":"Operational products","productType":1,"productTypeName":"Forecast products","productDefinitionTemplate":0,"productDefinitionTemplateName":"Analysis/forecast at horizontal level/layer at a point in time","parameterCategory":0,"parameterCategoryName":"UnknownDiscipline_0_Category_0","parameterNumber":0,"parameterNumberName":"UnknownParameter_D0_C0_0","parameterUnit":"Unknown","genProcessType":2,"genProcessTypeName":"Forecast","forecastTime":60,"surface1Type":1,"surface1TypeName":"Ground or water surface","surface1Value":0.0,"surface2Type":255,"surface2TypeName":"Missing","surface2Value":0.0,"gridDefinitionTemplate":0,"gridDefinitionTemplateName":"Latitude_Longitude","numberPoints":615,"shape":6,"shapeName":"Earth spherical with radius of 6,371,229.0 m","gridUnits":"degrees","resolution":48,"winds":"true","scanMode":64,"nx":41,"ny":15,"basicAngle":0,"lo1":47.0,"la1":41.0,"lo2":87.0,"la2":55.0,"dx":1.0,"dy":1.0}, "data":
[rows 0 to 14 of 15, columns 0 to 40 of 41]
295.7683,285.5683,293.1683,281.96832,283.5683,284.6683,298.86832,307.46832,304.2683,305.1683,302.46832,302.6683,300.86832,301.86832,300.7683,299.5683,299.7683,299.86832,301.1683,297.96832,296.96832,293.86832,290.2683,283.36832,293.2683,296.1683,289.5683,275.6683,275.86832,276.6683,274.7683,273.1683,288.96832,296.46832,297.46832,296.1683,297.96832,296.7683,296.1683,296.36832,296.0683
273.96832,294.6683,281.7683,282.36832,282.6683,283.2683,307.2683,303.5683,301.1683,300.2683,301.5683,299.6683,303.2683,301.6683,301.2683,298.96832,299.6683,300.6683,299.0683,299.2683,298.2683,294.46832,288.7683,278.96832,271.0683,271.6683,285.6683,274.6683,279.1683,270.6683,275.96832,267.36832,281.96832,252.36832,261.5683,291.5683,290.7683,292.2683,294.86832,287.7683,279.46832
296.96832,281.5683,281.6683,282.0683,282.46832,302.2683,302.1683,301.6683,299.7683,298.5683,298.5683,300.2683,301.1683,300.0683,298.5683,299.1683,298.36832,297.5683,296.6683,298.5683,297.96832,297.0683,292.6683,283.96832,286.5683,282.46832,282.6683,283.96832,285.5683,278.6683,271.36832,273.6683,282.0683,284.36832,286.0683,287.1683,269.7683,280.96832,280.1683,272.1683,267.7683
294.96832,282.46832,281.36832,281.6683,287.1683,301.7683,300.86832,301.6683,302.1683,303.46832,301.2683,299.7683,286.0683,286.2683,295.0683,297.1683,295.96832,296.86832,296.7683,297.5683,294.7683,290.7683,294.0683,292.6683,292.46832,289.2683,288.7683,285.36832,284.1683,284.7683,286.46832,286.2683,292.86832,293.0683,292.7683,288.1683,273.5683,266.36832,282.7683,290.6683,292.5683
296.46832,283.0683,282.0683,282.96832,291.46832,302.0683,301.96832,305.0683,304.5683,302.7683,300.96832,298.36832,285.86832,284.6683,283.0683,294.7683,296.96832,296.1683,296.46832,295.5683,295.2683,295.7683,294.36832,295.1683,293.96832,291.86832,287.96832,285.6683,289.5683,289.36832,289.7683,286.36832,277.0683,268.5683,286.2683,292.1683,286.96832,295.2683,296.46832,296.36832,295.5683
298.46832,299.7683,283.46832,282.46832,281.5683,282.86832,299.86832,302.36832,301.6683,299.5683,299.1683,298.96832,286.96832,285.46832,283.86832,294.96832,296.1683,295.86832,295.6683,295.1683,294.1683,291.7683,293.5683,292.86832,292.96832,291.0683,291.96832,271.96832,291.2683,290.96832,290.7683,289.7683,286.1683,285.0683,285.1683,282.96832,280.46832,281.96832,291.6683,293.86832,294.46832
301.2683,302.2683,302.36832,301.86832,293.1683,298.2683,299.86832,299.5683,298.5683,298.0683,295.86832,293.5683,292.86832,293.7683,294.86832,295.0683,294.7683,293.6683,292.6683,291.1683,290.46832,290.96832,291.0683,290.1683,289.7683,289.7683,290.2683,291.46832,291.0683,290.46832,288.86832,288.7683,287.96832,284.86832,283.6683,283.0683,282.7683,281.36832,276.46832,276.6683,288.2683
301.1683,301.36832,302.1683,302.36832,300.96832,297.1683,298.6683,296.0683,294.5683,294.0683,293.36832,292.6683,293.36832,291.0683,290.5683,293.46832,290.1683,287.7683,290.0683,288.2683,287.5683,288.0683,287.6683,285.7683,283.1683,281.5683,283.46832,284.6683,284.1683,287.86832,287.2683,288.0683,286.1683,282.7683,280.46832,280.6683,283.5683,273.0683,285.86832,287.86832,285.2683
298.6683,298.6683,299.2683,298.86832,297.86832,297.46832,296.46832,295.1683,293.86832,293.36832,292.86832,291.46832,290.46832,291.1683,287.5683,287.36832,289.46832,286.96832,284.36832,282.36832,282.7683,284.5683,283.46832,285.2683,282.2683,281.7683,282.46832,281.46832,283.0683,282.36832,283.5683,286.0683,287.5683,284.2683,284.1683,279.46832,278.5683,278.96832,270.96832,272.2683,271.86832
296.96832,296.6683,296.86832,295.96832,295.86832,294.96832,294.86832,293.7683,293.0683,292.5683,287.96832,287.36832,290.5683,290.0683,286.2683,286.96832,288.1683,288.0683,285.46832,281.96832,280.86832,282.96832,283.96832,284.0683,282.6683,282.1683,285.36832,283.46832,282.5683,283.86832,284.86832,288.2683,289.36832,288.86832,282.96832,283.1683,278.96832,273.86832,272.96832,275.46832,272.1683
295.86832,296.5683,294.7683,296.5683,294.46832,293.0683,292.5683,291.0683,287.6683,286.5683,286.46832,284.5683,284.0683,283.1683,284.36832,283.96832,284.7683,285.2683,282.6683,279.7683,280.5683,281.36832,283.2683,282.6683,283.0683,281.5683,281.86832,285.1683,286.6683,286.36832,287.36832,287.86832,288.2683,288.86832,288.96832,283.1683,275.96832,275.6683,277.86832,277.36832,274.0683
295.46832,296.0683,295.36832,294.36832,294.0683,293.0683,291.86832,290.7683,289.0683,284.2683,284.6683,282.46832,284.86832,282.96832,283.2683,283.5683,283.46832,284.96832,281.36832,281.46832,278.7683,278.46832,278.96832,280.36832,280.0683,279.86832,281.5683,283.7683,285.36832,285.0683,285.5683,286.0683,286.1683,285.2683,285.96832,284.7683,282.6683,284.36832,283.2683,282.2683,282.6683
291.5683,293.46832,294.7683,293.1683,291.0683,290.5683,290.1683,289.6683,288.0683,287.86832,283.46832,280.96832,283.46832,283.1683,284.96832,285.0683,283.6683,283.1683,282.2683,279.36832,278.7683,278.1683,278.46832,278.86832,280.46832,281.5683,283.6683,282.7683,282.0683,282.86832,282.0683,284.2683,284.6683,282.96832,284.1683,284.5683,283.2683,283.7683,281.2683,280.86832,279.7683
285.86832,284.0683,278.46832,284.7683,286.5683,288.6683,288.36832,287.1683,288.46832,287.96832,282.0683,279.0683,280.36832,283.6683,282.46832,285.2683,285.36832,284.36832,284.1683,282.2683,281.0683,280.2683,278.46832,278.86832,279.0683,280.36832,280.36832,280.96832,280.46832,279.86832,280.86832,280.96832,280.86832,280.86832,282.6683,281.86832,281.2683,280.7683,281.0683,279.46832,280.0683
282.6683,283.6683,273.2683,288.6683,288.1683,286.96832,287.36832,284.6683,285.2683,285.96832,282.7683,280.1683,278.7683,281.5683,282.46832,284.36832,281.1683,282.96832,280.1683,278.46832,278.1683,277.86832,277.1683,277.0683,277.0683,277.46832,278.96832,278.6683,278.46832,278.1683,277.96832,275.46832,278.1683,279.0683,279.96832,279.1683,279.2683,278.6683,280.2683,279.86832,279.86832
