wind_kz.json
{"header": {"discipline":0,"disciplineName":"Meteorological products","gribEdition":2,"gribLength":1025,"center":7,"centerName":"US National Weather Service - NCEP(WMC)","subcenter":0,"refTime":"2023-09-27T12:00:00.000Z","significanceOfRT":1,"significanceOfRTName":"Start of forecast","productStatus":0,"productStatusName":"Operational products","productType":1,"productTypeName":"Forecast products","productDefinitionTemplate":0,"productDefinitionTemplateName":"Analysis/forecast at horizontal level/layer at a point in time","parameterCategory":2,"parameterCategoryName":"UnknownDiscipline_0_Category_2","parameterNumber":2,"parameterNumberName":"UnknownParameter_D0_C2_2","parameterUnit":"Unknown","genProcessType":2,"genProcessTypeName":"Forecast","forecastTime":240,"surface1Type":103,"surface1TypeName":"Specified height level above ground","surface1Value":10.0,"surface2Type":255,"surface2TypeName":"Missing","surface2Value":0.0,"gridDefinitionTemplate":0,"gridDefinitionTemplateName":"Latitude_Longitude","numberPoints":615,"shape":6,"shapeName":"Earth spherical with radius of 6,371,229.0 m","gridUnits":"degrees","resolution":48,"winds":"true","scanMode":64,"nx":41,"ny":15,"basicAngle":0,"lo1":47.0,"la1":41.0,"lo2":87.0,"la2":55.0,"dx":1.0,"dy":1.0}, "data":
[rows 0 to 14 of 15, columns 0 to 40 of 41]
4.0067844,1.6567847,-1.5632154,-2.9032154,-1.7032154,2.6667848,-5.183215,-5.9032154,-7.2932153,-6.5732155,-5.8432155,-5.9432154,-5.853215,-5.373215,-4.5532155,-5.0532155,-4.6732154,-4.973215,-5.2432156,-5.393215,-3.3632154,-0.003215332,1.4367846,1.6067847,1.1467847,2.2467847,2.5567846,2.5167847,0.6867847,0.8767847,-1.1432153,1.8567847,-0.25321534,-1.5732154,-0.6132153,0.15678467,-0.6832153,-0.6132153,-0.6932153,-0.14321533,-0.46321532
1.2767847,-0.6332153,2.4567847,-5.2132154,-2.9332154,2.1267846,-4.3832154,-5.083215,-5.393215,-5.7532153,-6.7132154,-5.433215,-4.413215,-4.7932153,-4.9632154,-4.8432155,-3.5932152,-4.1132154,-4.393215,-4.103215,-2.7832153,-2.0632153,-0.16321534,0.8667847,0.7567847,-0.113215335,-0.09321533,2.5367846,-0.033215333,0.31678468,0.16678467,-0.66321534,0.53678465,-2.7632153,-0.08321533,0.58678466,0.48678467,-1.0832154,-1.7032154,1.0867847,-0.023215331
3.8067846,-3.3032153,-3.6732154,-4.913215,-1.9432154,0.8267847,-4.3832154,-4.5332155,-5.373215,-5.0932155,-4.8632154,-4.4232154,-4.5632153,-4.6532154,-3.4032154,-3.4432154,-4.2632155,-3.6232154,-2.5332153,-2.2132154,-1.5432153,-4.7832155,-3.9132154,-6.3632154,-3.1632154,-4.4632154,-2.2432153,-0.42321533,2.6967847,-1.1632153,-0.41321534,-1.6632153,0.41678467,1.1667846,-0.31321535,-1.0832154,0.38678467,-0.49321532,0.84678465,-0.45321533,-1.2232153
0.33678466,-2.7532153,-2.6332154,-3.2332153,-0.14321533,-0.27321532,-2.1932154,-2.4132154,-3.1732154,-4.643215,-4.2632155,-6.7632155,-7.0032153,-4.973215,-3.3832154,-3.7632153,-2.7432153,-3.3232152,-3.7232153,-3.0132153,-4.123215,-6.1332154,-3.4232154,-4.2132154,-2.8732154,-2.1332154,-0.90321535,-3.9032154,-1.0232153,-1.4932153,0.85678464,2.3767846,3.9167848,3.0467846,3.3267846,2.3767846,0.21678467,0.76678467,-1.0032153,-1.9132153,-1.1132153
-0.17321533,-0.33321533,-1.2132154,0.78678465,2.8567846,0.6867847,-1.0632154,-0.16321534,-1.9332154,-2.6132154,-3.1632154,-5.2432156,-4.2132154,-3.4732153,-3.3632154,-3.4332154,-3.2232153,-2.4232154,-3.8732154,-3.7632153,-3.5432153,-3.0032153,-2.2432153,-1.2032154,0.13678467,0.27678466,-0.12321533,-1.4632154,3.1967847,-1.3832153,-0.013215332,-0.7532153,-0.6332153,0.70678467,-1.5532154,-0.5132153,3.1267846,0.16678467,0.13678467,-1.0232153,-0.113215335
5.166785,1.0167847,1.3667847,1.6067847,0.64678466,-2.3632154,1.2867846,-0.25321534,-1.2432153,-1.0332153,-1.3032154,-2.9832153,-1.7032154,-0.48321533,3.1767848,-2.3432152,-2.9332154,-2.9232154,-3.9532154,-2.3932154,-3.7332153,-3.7832153,-2.0632153,-1.2632153,0.33678466,0.45678467,1.6367847,-2.5132153,1.6167847,0.6267847,0.36678466,-1.4232154,-0.44321534,-3.7132154,-2.8932154,2.1667848,-0.79321533,1.7667847,0.91678464,-0.6732153,-1.6632153
8.396785,7.7167845,5.066785,4.4567847,2.7267847,2.3867846,3.5967846,1.6967846,1.0767846,0.71678466,0.6767847,0.26678467,0.5067847,0.10678467,1.9667847,1.2467847,0.97678465,0.83678466,0.34678468,0.8767847,0.64678466,0.026784668,-0.6132153,-0.65321535,-0.073215336,1.4767847,2.9467847,3.3867846,2.0567846,2.2667847,2.8167846,2.5067847,3.1867847,1.6367847,0.89678466,2.3267846,0.83678466,-0.8732153,-0.29321533,-0.70321536,2.1967847
9.6767845,7.816785,8.736785,5.0767846,4.2367845,5.0767846,4.1567845,4.066785,2.8567846,2.9067848,2.4367847,2.4967847,2.3267846,3.2367847,3.2667847,3.3167846,4.0067844,3.8967848,3.1267846,1.9667847,3.1467848,2.0467846,1.5267847,1.6467847,1.9167846,1.7767847,1.8767847,3.1167846,4.6167846,2.5867846,2.8967848,3.3467846,4.1767845,2.7967846,3.0767846,3.6467848,-3.3632154,-1.5732154,-0.9232153,4.6367846,2.4367847
7.9067845,10.136785,9.956784,7.0167847,7.816785,4.066785,4.0967846,3.8167846,4.4967847,3.6567848,3.4567847,3.2567847,4.066785,4.396785,4.666785,5.6967845,4.876785,3.7767847,4.0967846,4.4667845,3.9767847,3.5567846,2.9767847,2.1367846,2.8467846,3.4167848,2.1467848,2.7967846,3.7367847,3.0067847,4.066785,3.5767846,4.8067846,3.5767846,3.1767848,-0.22321533,0.53678465,-0.053215332,1.4567847,0.78678465,0.58678466
7.066785,6.5767846,9.656785,8.186785,4.0167847,3.7267847,5.4267845,2.2367847,3.9067848,4.166785,3.2767847,3.7167847,4.066785,4.3267846,4.816785,3.9667847,5.0067844,3.4367847,4.1567845,4.2467847,4.6567845,5.046785,4.416785,3.2767847,3.6767848,4.2367845,3.6567848,3.4367847,4.1767845,5.9867845,5.5767846,4.6567845,3.2767847,2.3667846,1.9967847,2.0667846,-0.013215332,0.51678467,0.22678466,1.1867846,0.52678466
5.2667847,6.666785,6.2867846,10.446785,6.4067845,3.2067847,4.7167845,0.97678465,1.7567847,2.2067847,2.3267846,2.9567847,4.0767846,4.6167846,4.4267845,4.7067847,4.296785,3.3167846,4.416785,4.4067845,5.166785,5.396785,5.0167847,4.1167846,4.7167845,3.4267848,4.2467847,5.146785,6.4667845,5.3667846,6.4067845,5.8267846,4.4367847,0.14678466,4.666785,1.7267847,0.12678467,0.17678466,1.2267847,1.8867847,0.43678465
5.4267845,5.356785,5.606785,5.336785,4.9067845,2.8767846,2.9867847,2.0067847,2.7767847,3.3667846,1.5767846,2.0167847,5.166785,2.5467846,2.9667847,2.2267847,2.7967846,2.9367847,3.6267846,4.336785,3.7167847,4.2867846,4.7367845,4.6767845,3.1367846,2.9667847,5.1567845,5.8067846,5.836785,4.146785,6.626785,4.916785,1.9967847,2.8567846,4.7267847,2.9167848,5.776785,2.1067846,3.5067847,0.72678465,0.22678466
5.066785,4.6567845,2.5267847,2.7867846,1.3367847,0.5067847,2.2067847,4.1967845,2.6567848,2.6867847,1.0667846,1.7267847,0.48678467,0.9467847,1.5567846,2.1367846,2.6567848,3.0267847,2.6267846,2.4467847,3.7567847,4.086785,4.2267847,4.396785,3.1467848,5.356785,3.9667847,5.356785,6.3267846,6.376785,5.1167846,4.9967847,5.146785,4.3067846,4.3867846,4.3067846,3.5867846,2.4167848,1.4367846,1.0667846,-0.98321533
6.1367846,5.4267845,3.8967848,3.4567847,-0.85321534,0.17678466,5.836785,3.0767846,2.3267846,-1.1932154,-0.033215333,-0.77321535,0.04678467,0.8167847,1.8767847,2.3567846,2.2067847,2.4167848,2.7067847,3.7767847,3.8667846,3.9267848,4.3067846,4.7267847,4.546785,5.1567845,3.0367846,6.2867846,5.2467847,2.0767846,2.7467847,3.8667846,5.4667845,6.2367845,5.916785,5.5167847,3.6267846,4.166785,1.6667846,0.95678467,0.44678468
3.6567848,3.9167848,2.1167846,-0.59321535,0.7567847,2.5267847,3.0367846,2.2867846,0.77678466,-1.1032153,-2.5532153,0.5567847,-1.2632153,-0.35321534,2.1767848,2.4367847,1.7767847,2.6667848,2.9767847,4.1567845,4.4267845,4.796785,4.2667847,4.9367847,3.7067847,4.2567844,4.146785,4.7467847,3.8967848,4.1367846,6.4667845,8.726785,7.7167845,7.2167845,7.8067846,7.2267847,4.4467845,4.2567844,1.5267847,2.9967847,-0.31321535
