wind_kz.json
{"header": {"discipline":0,"disciplineName":"Meteorological products","gribEdition":2,"gribLength":1025,"center":7,"centerName":"US National Weather Service - NCEP(WMC)","subcenter":0,"refTime":"2023-08-07T18:00:00.000Z","significanceOfRT":1,"significanceOfRTName":"Start of forecast","productStatus":0,"productStatusName":"Operational products","productType":1,"productTypeName":"Forecast products","productDefinitionTemplate":0,"productDefinitionTemplateName":"Analysis/forecast at horizontal level/layer at a point in time","parameterCategory":2,"parameterCategoryName":"UnknownDiscipline_0_Category_2","parameterNumber":2,"parameterNumberName":"UnknownParameter_D0_C2_2","parameterUnit":"Unknown","genProcessType":2,"genProcessTypeName":"Forecast","forecastTime":120,"surface1Type":103,"surface1TypeName":"Specified height level above ground","surface1Value":10.0,"surface2Type":255,"surface2TypeName":"Missing","surface2Value":0.0,"gridDefinitionTemplate":0,"gridDefinitionTemplateName":"Latitude_Longitude","numberPoints":615,"shape":6,"shapeName":"Earth spherical with radius of 6,371,229.0 m","gridUnits":"degrees","resolution":48,"winds":"true","scanMode":64,"nx":41,"ny":15,"basicAngle":0,"lo1":47.0,"la1":41.0,"lo2":87.0,"la2":55.0,"dx":1.0,"dy":1.0}, "data":
[rows 0 to 14 of 15, columns 0 to 40 of 41]
-6.0984035,-1.1784034,0.8215967,-3.0084033,-3.0384033,-2.7184033,-2.7084033,-7.0684032,-7.398403,-5.5684032,-10.098403,-9.428403,-7.5784035,-5.1384034,-2.1884034,-2.1884034,-1.3284034,-0.83840334,-4.708403,-3.2884033,-2.0384033,0.10159668,1.3315967,0.6115967,5.1515965,4.6715965,-2.7884033,1.7815967,1.5915967,0.54159665,1.5715966,0.8215967,1.5315967,0.9515967,-3.5084033,-3.8684034,-4.2484035,-3.0184033,0.43159667,-4.2784033,-0.9284033
2.6315966,1.0515966,-5.1584034,-4.3884034,-2.2584033,-5.628403,-6.0584035,-5.6784034,-4.188403,-10.248404,-8.078403,-7.7784033,-5.0984035,-2.6084032,-0.6784033,-2.1984034,-0.3384033,-1.3384033,-3.6084032,-2.1484034,-0.84840333,-1.5084033,-1.3384033,-0.39840332,2.2815967,-0.10840332,-0.8784033,1.2115967,1.6415967,0.38159668,0.01159668,0.8315967,0.96159667,0.85159665,0.45159668,0.46159667,-2.2684033,2.5315967,-0.65840334,-0.06840332,-5.148403
-1.1084033,-5.8184032,-4.608403,-3.8084033,-3.2984033,-4.7784033,-3.7384033,-1.7084033,-5.5084033,-8.098403,-8.188403,-5.958403,-3.0484033,-2.0484033,0.5515967,-0.36840332,-1.1884034,-1.3484033,-2.4484034,-0.77840334,-0.41840333,-1.3184034,-4.8484035,-5.228403,-1.4484034,-0.6984033,5.9815965,0.8915967,-0.64840335,-0.42840332,0.9315967,1.9215966,-0.9184033,0.60159665,2.3515966,0.2515967,-1.0684034,0.59159666,0.29159668,1.0315967,1.0215967
-5.7584033,-8.448403,-5.358403,-1.4784033,1.6515967,1.5515966,1.3615967,-0.72840333,-8.368403,-8.298404,-6.7384033,-6.1384034,-6.2584033,-3.4884033,-0.8684033,-0.59840333,-2.4384034,-2.5284033,-1.4284034,0.5615967,-1.6584033,-3.6884034,-0.078403324,-0.7384033,2.1115966,2.9815967,0.14159667,1.4715967,4.4015965,0.53159666,0.30159667,-0.9884033,4.521597,7.3815966,2.6515968,-0.44840333,-1.1284033,1.5815967,-2.3484032,0.9215967,0.35159668
-6.5284033,-6.3184032,-5.108403,-4.878403,-4.0684032,-2.0384033,-0.05840332,-4.1984034,-9.528403,-5.9284034,-6.0184035,-4.898403,-4.168403,-2.5584033,-1.3584033,-1.0284033,-1.4584033,-0.8584033,0.11159668,0.40159667,-2.3584032,-0.17840332,0.15159668,1.5915967,-0.00840332,1.4415966,1.8415967,-1.0284033,-0.13840333,3.9915967,-1.0784034,0.9515967,-1.5684034,3.0715966,-1.8684033,-0.47840333,-2.1084032,0.6315967,-3.6984034,-3.6684034,-3.0984032
-4.3484035,-3.0084033,-2.4684033,-3.5684032,-4.0584035,-3.2284033,-10.028403,-10.078403,-9.378404,-8.818403,-4.228403,-2.5984032,1.0615966,0.36159667,-1.6384033,-0.7384033,-1.0384033,-0.4384033,-0.72840333,-1.5784034,-2.3684034,-1.1684033,-0.84840333,-0.3784033,-0.28840333,0.22159667,0.72159666,1.7515967,4.5915966,5.2015967,4.271597,1.0615966,0.29159668,1.0715966,2.2615967,1.3815967,-0.21840332,0.97159666,3.5715966,-2.3184032,-5.228403
-1.1484033,-0.59840333,0.17159668,-1.2384033,-0.9884033,-5.0484033,-6.0384035,-5.858403,-6.7784033,-5.7584033,-4.2384033,-3.6984034,-3.1684034,-2.1684034,-0.9884033,-0.9184033,-1.9384034,-1.7384033,-0.78840333,0.45159668,1.0415967,0.9415967,1.6015967,0.2815967,-0.19840331,0.06159668,2.1615968,0.4715967,0.3115967,0.6815967,-3.5084033,-4.5784035,-3.4984033,-2.1184034,-0.00840332,-0.2784033,-0.6884033,0.8915967,-1.7784033,0.59159666,0.13159668
-2.9884033,-2.5384033,-4.668403,-3.9184034,-4.8084035,-6.3684034,-6.0084033,-6.398403,-5.358403,-4.438403,-3.5284033,-3.9284034,-2.8684034,-2.5484033,-3.0184033,-2.0584033,-2.1984034,-1.1384033,-0.38840333,-0.5084033,0.0015966797,0.65159667,1.1115967,2.6515968,0.22159667,-0.18840332,-0.4984033,3.2015967,1.5515966,-0.72840333,-1.6784034,-1.6584033,-4.0084033,-1.2084033,-2.4084034,-0.25840333,-0.00840332,2.6515968,1.3015966,2.6515968,1.4015967
-5.128403,-6.188403,-5.5684032,-4.5784035,-6.6384034,-6.7384033,-6.0384035,-5.938403,-4.958403,-4.0384035,-3.9184034,-3.5384033,-2.5484033,-3.1384034,-2.6184034,-1.3184034,-1.1384033,0.2815967,-0.12840332,0.33159667,0.8315967,1.7915967,1.6515967,2.8215966,0.7315967,1.1915966,1.7415967,2.3515966,0.8015967,0.84159666,-2.3584032,0.36159667,1.1515967,-1.5184033,0.66159666,0.21159668,0.16159669,-2.0084033,0.20159668,0.45159668,-0.00840332
-6.6184034,-4.8884034,-4.8084035,-5.3284035,-6.418403,-5.3684034,-4.7584033,-4.5784035,-4.1984034,-3.4184034,-3.5684032,-3.6584034,-3.4784033,-1.9684033,-0.7984033,-0.39840332,0.7015967,1.2215967,2.5715966,1.8415967,1.4815967,2.4615967,1.5915967,0.14159667,1.6515967,0.29159668,0.09159668,-1.1884034,-0.65840334,1.2815967,1.0815967,1.2415967,0.05159668,-1.9484034,-0.95840335,0.97159666,0.33159667,-0.7484033,0.21159668,0.4415967,0.06159668
-4.688403,-4.5984035,-6.0584035,-5.3884034,-4.2784033,-4.3284035,-4.1184034,-3.0784032,-0.8584033,-1.9584033,-2.5384033,-2.5084033,-3.4984033,-2.1784034,-0.22840331,0.9815967,1.7615967,2.7615967,3.3115966,0.06159668,2.2215967,0.8215967,1.0915967,1.1415967,1.5915967,0.8715967,2.2815967,3.4515967,1.3915967,0.52159667,5.7015967,2.2015967,-1.5384033,0.3715967,0.78159666,0.19159669,-0.8584033,-0.65840334,-0.53840333,0.43159667,-0.5184033
-3.0984032,-4.1184034,-3.8084033,-3.4884033,-3.4184034,-3.8484032,-2.3484032,-2.3784034,-0.9184033,-2.3284032,-1.5184033,-1.4984033,-2.9284034,-1.9584033,0.49159667,1.8515967,2.6415968,2.8115966,-0.18840332,1.4415966,0.14159667,1.3115966,1.0815967,1.1115967,1.3115966,0.85159665,1.2515967,-0.45840332,2.0315967,-0.38840333,0.36159667,-0.64840335,-0.5184033,0.12159668,-0.5184033,-2.1084032,-1.6084033,-0.5784033,-0.13840333,-0.8884033,-0.7684033
-2.7884033,-2.8884034,-3.6284034,-2.6784034,-2.2484033,-2.0084033,-1.6384033,-2.0384033,-3.4084034,-1.4484034,-0.97840333,-1.7184033,-0.95840335,-1.1684033,1.0015967,1.6115967,0.9915967,0.8015967,0.14159667,0.5515967,0.24159668,0.8115967,1.0315967,-0.19840331,1.1015967,0.18159668,-1.6684033,0.27159667,2.3015966,1.4815967,1.8915967,-0.11840332,0.8715967,-1.1784034,-0.19840331,-1.9084033,-2.8184032,-1.6384033,-2.0684032,-1.8484033,-1.2184033
-2.7484033,-2.3384032,-0.8284033,-2.9984033,-1.9584033,-1.7084033,-1.6684033,-1.8884033,-1.0084033,-1.5084033,-1.4284034,-1.2584033,0.9915967,0.71159667,0.4415967,0.9315967,0.8615967,-0.36840332,-0.96840334,0.5115967,0.6715967,0.8215967,0.38159668,-4.4084034,-2.9684033,-1.6284033,-1.3684033,-1.4784033,-1.6184033,-2.0584033,-1.2184033,0.36159667,0.84159666,0.23159668,-0.5484033,-2.0984032,-2.0784032,-1.6384033,-2.1684034,-1.2884033,-0.45840332
-2.3384032,-3.0184033,-3.1384034,-2.2884033,-3.3884034,-2.6784034,-1.0884033,-1.4284034,-2.1784034,-2.7384033,-1.8284034,-0.6084033,-0.00840332,1.3115966,0.5115967,0.79159665,0.66159666,0.35159668,-0.18840332,0.53159666,0.35159668,0.9415967,0.8615967,-0.15840332,-2.4884033,-2.9784033,-1.0584034,-0.00840332,-0.4384033,-1.0184033,-0.4984033,-1.9384034,-0.9284033,-1.4684033,-2.4484034,-2.2384033,-1.4884033,-0.44840333,-1.8084034,-2.0284033,-0.8084033
