wind_kz.json
{"header": {"discipline":0,"disciplineName":"Meteorological products","gribEdition":2,"gribLength":1025,"center":7,"centerName":"US National Weather Service - NCEP(WMC)","subcenter":0,"refTime":"2024-02-03T12:00:00.000Z","significanceOfRT":1,"significanceOfRTName":"Start of forecast","productStatus":0,"productStatusName":"Operational products","productType":1,"productTypeName":"Forecast products","productDefinitionTemplate":0,"productDefinitionTemplateName":"Analysis/forecast at horizontal level/layer at a point in time","parameterCategory":2,"parameterCategoryName":"UnknownDiscipline_0_Category_2","parameterNumber":2,"parameterNumberName":"UnknownParameter_D0_C2_2","parameterUnit":"Unknown","genProcessType":2,"genProcessTypeName":"Forecast","forecastTime":300,"surface1Type":103,"surface1TypeName":"Specified height level above ground","surface1Value":10.0,"surface2Type":255,"surface2TypeName":"Missing","surface2Value":0.0,"gridDefinitionTemplate":0,"gridDefinitionTemplateName":"Latitude_Longitude","numberPoints":615,"shape":6,"shapeName":"Earth spherical with radius of 6,371,229.0 m","gridUnits":"degrees","resolution":48,"winds":"true","scanMode":64,"nx":41,"ny":15,"basicAngle":0,"lo1":47.0,"la1":41.0,"lo2":87.0,"la2":55.0,"dx":1.0,"dy":1.0}, "data":
[rows 0 to 14 of 15, columns 0 to 40 of 41]
-0.28224242,-0.49224243,-0.43224242,-1.8422425,-4.2122426,-8.552242,-8.482243,-10.702243,-12.412243,-5.7822423,-6.2222424,-6.3222423,-7.2722425,-6.112242,-5.3222423,-4.6022425,-3.4722424,-3.6722424,-4.7222424,-3.4722424,-3.0522425,0.10775757,-0.70224243,-2.9722424,-0.5322424,-2.7322423,-4.9222426,-4.9622426,1.1677575,1.0977576,-0.29224244,3.3177576,-1.0422424,-1.9122424,-3.0922425,-2.8822424,-3.3422425,-3.8022425,-4.3422422,-4.5522423,-3.3222425
2.6777575,-0.6522424,-1.2822424,-5.8022423,-7.7922425,-9.492243,-7.882242,-11.392242,-9.592242,-8.012242,-6.4222426,-7.3322425,-5.7822423,-5.2122426,-4.5822425,-4.4622426,-6.0822425,-6.7122426,-5.0622425,-5.362242,-4.3322425,-2.9122424,-0.56224245,-4.1422424,-0.86224246,0.81775755,-1.5922425,1.0777576,-3.3622425,-0.8522424,0.5177576,0.88775754,1.5377575,-1.2422425,0.33775756,-0.7922424,-0.9122424,-4.2622423,-3.4522424,-0.9822424,-4.2222424
-0.70224243,1.3677576,-0.7322424,-6.4822426,-9.032243,-10.532243,-9.422242,-8.402243,-11.112243,-7.9722424,-7.382242,-7.1622424,-5.7022424,-6.4422426,-5.7122426,-5.5522423,-6.612242,-4.2922425,-3.3922424,-2.0722425,-2.7122424,-10.442243,-7.6222425,-7.2322426,0.68775755,-1.1122425,-2.8222425,-1.9222424,-2.4322424,-0.7922424,-1.6022425,3.3577576,0.56775755,-0.82224244,0.74775755,-0.81224245,0.33775756,0.63775754,0.36775756,0.94775754,0.94775754
1.4777576,0.6677576,-4.7822423,-8.892242,-9.022243,-10.052242,-7.3422422,-9.352242,-8.282243,-9.032243,-8.122242,-8.672242,-10.852242,-10.402243,-6.8922424,-7.1722426,-6.6022425,-6.8522425,-5.5322423,-6.2922425,-8.372242,-4.9522424,-4.8122425,-7.8722425,-8.222242,-8.172242,-8.892242,-12.892242,-4.3922424,-3.6122425,-2.3922424,-5.8022423,-2.6222425,-1.3822424,-2.4922423,-2.2522423,-2.5522425,1.4677576,-0.24224243,0.09775757,1.1377575
-2.6022425,-6.4122424,-8.372242,-6.9922423,-8.172242,-8.612243,-8.702243,-9.362243,-9.172242,-8.892242,-9.3122425,-11.142242,-11.552242,-11.882242,-11.902243,-8.402243,-9.612243,-9.742243,-10.492243,-12.632242,-14.332242,-10.652243,-10.122242,-9.642242,-10.452243,-9.832242,-12.082242,-7.2422423,-6.2522426,-5.3022423,-4.9122424,-1.9922425,-4.4922423,-0.11224243,1.5577576,-1.4222424,-2.5422425,-1.7522424,-1.6322424,-1.7322425,-2.3022425
-4.632242,-6.4722424,-8.572243,-8.932242,-9.742243,-9.862243,-9.982243,-9.592242,-9.172242,-9.642242,-9.932242,-10.322243,-10.582242,-11.352242,-7.6822424,-8.042242,-10.152243,-10.242243,-12.102242,-9.472242,-10.592242,-9.182242,-8.552242,-10.052242,-9.912243,-11.322243,-8.102242,-6.632242,-6.4622426,-5.9822426,-5.9822426,-4.8422422,-3.3922424,-3.6922424,-2.1122425,-6.6022425,-0.37224242,-3.0822425,0.06775757,-1.2522424,-3.2122424
-6.2622423,-7.862242,-8.202243,-8.922242,-9.702243,-9.452243,-9.632242,-9.492243,-9.5622425,-9.402243,-8.512242,-9.832242,-7.8922424,-7.2122426,-7.2122426,-7.2922425,-8.5622425,-7.9322424,-9.222242,-9.802242,-7.3322425,-6.1722426,-6.6822424,-7.362242,-9.272243,-7.8222423,-4.0822425,-3.7622423,-3.7322423,-3.8522425,-5.0922422,-4.7322426,-1.2022424,-2.8822424,-2.6522424,-2.6622424,-1.1722424,2.6077576,-3.1122425,2.0577576,0.88775754
-7.2722425,-7.4522424,-7.7522426,-8.402243,-8.372242,-8.502242,-8.602242,-7.4922423,-8.542242,-9.122242,-7.2122426,-8.772243,-6.5822425,-6.8722425,-4.0022426,-6.1822424,-6.0622425,-5.882242,-4.7222424,-9.492243,-5.0822425,-4.8422422,-3.7522423,-3.3822424,-4.0622425,-1.9122424,-1.8022424,-2.0222425,-1.4422424,-1.7622424,-3.0822425,-0.82224244,-1.6422424,0.027757568,-2.6422424,0.8377576,1.6777576,-1.0922425,-2.8222425,-3.3022425,-2.3922424
-6.8722425,-7.2722425,-7.5822425,-7.7422423,-7.9522424,-6.8422422,-7.3522425,-7.2122426,-7.0422425,-7.5522423,-6.5922422,-7.2822423,-5.8922424,-4.2122426,-4.4922423,-3.3022425,-4.5622425,-4.3022423,-4.4222426,-2.8122425,-4.8022423,-1.5722424,-1.3722425,-1.8822424,-1.8722425,-3.3522425,-1.9322424,-1.2222425,0.19775757,-1.1822424,-0.20224243,0.85775757,1.5177575,-1.4622425,-2.2522423,-1.8122424,-0.10224243,-1.9622425,-1.2922424,1.2877575,-2.5522425
-6.7522426,-5.5922422,-6.5922422,-7.0022426,-6.2922425,-6.632242,-6.3122425,-6.8022423,-6.1822424,-6.0222425,-5.8322425,-7.4722424,-4.1022425,-3.9122424,-4.1622424,-2.2322423,-3.4022424,-1.7222425,-2.3022425,-2.0522425,-3.0022423,-1.7622424,-1.2522424,-1.0522424,-2.0222425,-1.5322424,-0.64224243,-1.2622424,-0.16224243,1.3677576,0.30775756,0.85775757,-0.80224246,-1.9322424,-1.9322424,-1.0722424,-2.8822424,-0.28224242,-2.6522424,-0.39224243,-1.9322424
-5.0922422,-4.2322426,-5.6722426,-5.4722424,-5.6022425,-5.6222425,-5.2022424,-5.5822425,-4.8322425,-5.8922424,-3.7622423,-2.6122425,-2.6722424,-3.4322424,-2.6622424,-1.5122424,-1.8222424,-0.89224243,-2.3822424,-2.2922425,-1.7822424,-1.8622425,-0.8322424,-0.16224243,0.20775756,-0.25224245,1.4877576,1.3977575,2.0077577,0.6577576,1.3977575,-0.46224242,-2.7822425,-1.0922425,-0.81224245,-1.8922424,-1.8622425,0.6477576,-1.4322424,1.1577575,-1.9722425
-4.4522424,-4.3122425,-4.4122424,-3.9522424,-6.3322425,-5.4022427,-5.2922425,-5.7622423,-4.2422423,-4.6922426,-3.3022425,-0.44224244,-1.6622424,-1.2222425,0.037757568,0.17775756,0.14775757,0.31775758,-1.3722425,-1.0622424,-1.2522424,-0.05224243,-0.5422424,0.5977576,2.2877576,2.7977576,3.1877575,3.2077575,3.0577576,2.0977576,1.1477575,0.30775756,-0.23224244,-1.5222424,0.49775755,1.3777575,0.087757565,-0.62224245,0.20775756,-0.07224243,-0.5822424
-2.4022424,-2.4622424,-2.9322424,-3.6722424,-4.0022426,-3.8422425,-4.0522423,-3.8422425,-4.0622425,-2.2622423,-1.6822424,-0.51224244,0.40775758,1.6877576,1.2077576,1.1377575,1.3377576,1.4877576,0.46775758,1.2477576,0.17775756,0.8377576,1.1577575,0.5977576,3.0077577,2.8277576,2.8477576,2.9077575,2.9177575,2.1377575,1.2377576,1.6577575,0.9077576,0.85775757,0.88775754,1.4677576,1.8477576,-0.022242432,0.23775756,0.13775757,-0.8522424
-1.9622425,-2.2422423,-2.7122424,-3.5622425,-3.7322423,-3.2222424,-2.3122425,-1.8822424,-1.0122424,-0.80224246,-1.7522424,-1.3222424,1.2077576,3.2477577,1.9277576,2.2077575,1.9977576,2.1077576,0.68775755,2.2477577,2.2677577,2.9577575,3.0077577,3.3377576,3.2877576,2.0677576,2.0677576,2.6877575,2.4377575,2.5277576,2.4677575,2.3377576,1.9777576,2.0777576,1.8077576,1.5977576,0.6677576,-0.062242433,-0.7222424,0.85775757,-0.75224245
-1.6322424,-2.6522424,-2.1422424,-2.9222424,-2.2322423,-1.5322424,-1.1722424,-0.36224243,-0.99224246,-1.6222425,-0.87224245,-0.86224246,-0.23224244,0.7277576,2.1977575,2.1077576,2.3077576,2.8177576,1.5477576,2.8077576,2.3477576,2.8177576,2.6377575,3.0977576,3.0177577,2.8877575,2.8977575,2.7877576,2.6277575,3.2477577,3.4677575,3.3277576,2.8177576,3.0077577,3.1877575,3.1477575,2.0577576,3.4277575,3.0477576,1.6677575,-0.9622424
