wind_kz.json
{"header": {"discipline":0,"disciplineName":"Meteorological products","gribEdition":2,"gribLength":871,"center":7,"centerName":"US National Weather Service - NCEP(WMC)","subcenter":0,"refTime":"2023-09-27T06:00:00.000Z","significanceOfRT":1,"significanceOfRTName":"Start of forecast","productStatus":0,"productStatusName":"Operational products","productType":1,"productTypeName":"Forecast products","productDefinitionTemplate":0,"productDefinitionTemplateName":"Analysis/forecast at horizontal level/layer at a point in time","parameterCategory":0,"parameterCategoryName":"UnknownDiscipline_0_Category_0","parameterNumber":0,"parameterNumberName":"UnknownParameter_D0_C0_0","parameterUnit":"Unknown","genProcessType":2,"genProcessTypeName":"Forecast","forecastTime":300,"surface1Type":1,"surface1TypeName":"Ground or water surface","surface1Value":0.0,"surface2Type":255,"surface2TypeName":"Missing","surface2Value":0.0,"gridDefinitionTemplate":0,"gridDefinitionTemplateName":"Latitude_Longitude","numberPoints":615,"shape":6,"shapeName":"Earth spherical with radius of 6,371,229.0 m","gridUnits":"degrees","resolution":48,"winds":"true","scanMode":64,"nx":41,"ny":15,"basicAngle":0,"lo1":47.0,"la1":41.0,"lo2":87.0,"la2":55.0,"dx":1.0,"dy":1.0}, "data":
[rows 0 to 14 of 15, columns 0 to 40 of 41]
284.09253,276.59253,278.59253,292.49252,292.49252,291.79254,287.19254,287.29254,285.89252,288.69254,286.19254,288.59253,290.09253,291.79254,292.69254,291.79254,290.89252,291.39252,288.59253,290.69254,290.79254,287.49252,289.39252,284.79254,286.79254,289.49252,287.09253,274.89252,273.99252,274.89252,272.99252,274.79254,282.79254,288.99252,290.09253,290.69254,290.39252,289.89252,289.99252,289.29254,287.39252
263.99252,278.69254,292.09253,292.29254,292.19254,290.89252,282.79254,282.89252,282.99252,284.49252,287.99252,288.49252,286.89252,287.69254,288.69254,287.69254,290.99252,288.99252,286.79254,288.09253,287.49252,289.39252,287.59253,282.29254,272.89252,273.79254,282.19254,275.79254,275.69254,271.19254,277.39252,263.59253,275.19254,253.09253,271.89252,286.09253,284.79254,287.39252,290.39252,283.79254,283.59253
280.49252,291.69254,292.09253,291.99252,290.19254,282.39252,281.39252,280.29254,280.39252,281.59253,283.19254,286.29254,286.49252,286.39252,289.09253,289.39252,290.19254,292.29254,288.59253,287.69254,291.09253,287.69254,285.19254,283.49252,287.09253,286.29254,287.79254,287.59253,286.89252,279.59253,271.59253,273.89252,279.09253,278.69254,280.59253,281.09253,273.09253,273.69254,275.09253,270.99252,270.59253
280.19254,290.89252,291.79254,291.09253,287.99252,280.79254,282.19254,279.79254,280.19254,280.59253,281.49252,283.79254,289.59253,289.09253,287.79254,290.09253,291.69254,293.49252,289.99252,284.49252,284.79254,284.49252,288.29254,288.69254,289.09253,290.59253,290.39252,288.39252,287.99252,288.39252,287.09253,286.89252,289.99252,288.09253,286.09253,284.39252,272.29254,271.19254,275.89252,282.19254,285.69254
281.79254,289.89252,290.59253,289.69254,286.79254,281.59253,282.19254,281.49252,281.29254,282.29254,281.69254,281.39252,288.29254,287.29254,285.99252,289.09253,290.69254,291.79254,288.89252,289.89252,289.29254,289.29254,287.99252,288.59253,288.19254,287.39252,287.29254,286.49252,288.89252,288.29254,289.49252,287.09253,277.49252,268.09253,277.49252,286.19254,289.59253,289.69254,289.39252,289.19254,288.49252
279.99252,277.99252,288.79254,289.69254,289.59253,289.29254,281.39252,282.29254,281.09253,282.09253,282.59253,282.19254,287.19254,288.09253,287.49252,287.69254,289.49252,289.79254,291.29254,291.39252,289.39252,288.19254,288.09253,287.79254,287.29254,284.89252,285.19254,285.89252,288.19254,288.19254,287.09253,288.09253,285.59253,282.99252,284.19254,286.99252,279.39252,280.99252,286.29254,287.99252,287.09253
280.09253,278.49252,281.69254,281.49252,282.69254,279.59253,280.99252,281.09253,281.59253,282.09253,281.79254,281.29254,280.79254,283.69254,284.99252,286.29254,287.59253,288.19254,288.59253,289.09253,288.59253,288.69254,288.69254,288.39252,286.19254,285.69254,284.19254,285.99252,284.99252,285.79254,285.59253,285.29254,285.19254,286.69254,286.29254,284.59253,280.29254,276.39252,274.49252,273.09253,283.19254
279.99252,279.29254,281.19254,281.49252,281.59253,280.89252,279.79254,279.39252,279.39252,280.39252,280.09253,279.59253,278.79254,280.39252,282.59253,284.49252,285.09253,286.49252,287.39252,286.29254,287.89252,287.79254,286.99252,287.79254,285.59253,282.29254,282.29254,282.29254,280.89252,282.79254,281.79254,282.29254,281.79254,279.29254,280.09253,280.99252,282.29254,284.89252,280.99252,280.89252,279.89252
278.89252,279.39252,278.69254,279.19254,279.49252,280.29254,277.69254,278.69254,278.79254,278.49252,278.39252,278.09253,276.99252,277.89252,280.19254,281.89252,282.59253,284.09253,284.79254,285.29254,284.59253,285.69254,285.99252,286.19254,283.89252,283.89252,281.29254,280.39252,278.49252,277.59253,278.99252,279.59253,280.29254,281.39252,280.39252,280.09253,279.89252,278.89252,269.69254,269.69254,268.29254
277.09253,277.59253,277.59253,277.69254,278.69254,277.59253,275.89252,276.29254,276.59253,277.49252,276.99252,276.59253,277.19254,275.69254,277.19254,279.59253,280.59253,281.99252,282.39252,283.99252,284.89252,285.09253,286.89252,286.29254,285.89252,284.09253,283.29254,281.19254,280.59253,280.09253,280.09253,281.69254,282.89252,282.99252,281.59253,280.49252,279.99252,275.79254,271.59253,270.99252,268.99252
275.29254,274.89252,275.29254,275.99252,276.29254,275.99252,276.19254,275.39252,274.79254,274.89252,276.19254,276.19254,277.09253,275.89252,275.09253,277.09253,277.59253,279.99252,281.19254,283.29254,283.89252,285.09253,285.29254,285.39252,285.29254,284.89252,282.59253,282.59253,282.39252,283.39252,283.09253,283.19254,282.89252,283.59253,282.79254,280.39252,277.39252,274.19254,273.29254,273.49252,271.19254
273.09253,274.79254,274.39252,274.09253,274.59253,274.59253,274.39252,274.09253,274.39252,273.09253,271.59253,273.89252,276.09253,275.29254,274.59253,275.09253,277.29254,277.99252,280.39252,281.59253,281.79254,283.29254,284.19254,284.29254,283.89252,284.49252,285.19254,285.29254,284.59253,283.69254,282.69254,282.49252,282.79254,281.09253,281.79254,280.69254,280.39252,279.59253,279.19254,278.69254,277.89252
271.89252,272.79254,273.99252,274.09253,274.29254,273.79254,273.09253,273.69254,272.99252,272.59253,270.59253,269.39252,272.79254,273.59253,275.09253,274.39252,274.99252,276.99252,279.99252,278.89252,279.59253,280.09253,281.59253,282.39252,282.49252,285.19254,286.49252,285.09253,284.69254,283.49252,282.59253,282.29254,282.49252,281.99252,281.39252,280.89252,280.29254,281.19254,279.69254,278.89252,278.89252
272.19254,273.99252,279.89252,275.09253,273.99252,272.99252,272.89252,273.49252,273.19254,273.09253,271.29254,270.49252,269.19254,271.89252,273.69254,274.59253,274.29254,274.49252,276.49252,278.59253,278.59253,279.09253,279.79254,281.49252,282.99252,284.19254,283.79254,285.19254,284.49252,284.09253,283.39252,282.59253,282.49252,281.59253,280.69254,279.59253,279.89252,279.59253,279.09253,278.09253,277.99252
272.99252,274.59253,284.09253,275.99252,275.19254,273.99252,273.79254,272.99252,273.49252,273.29254,273.39252,271.59253,271.49252,272.39252,272.29254,273.69254,273.79254,273.59253,275.19254,276.39252,277.19254,278.39252,279.49252,279.09253,280.39252,282.19254,282.69254,283.99252,285.09253,283.79254,283.29254,283.59253,282.49252,281.89252,281.09253,280.49252,280.19254,279.39252,279.59253,279.09253,278.79254
