wind.json
{"header": {"discipline":0,"disciplineName":"Meteorological products","gribEdition":2,"gribLength":1211,"center":7,"centerName":"US National Weather Service - NCEP(WMC)","subcenter":0,"refTime":"2023-05-30T00:00:00.000Z","significanceOfRT":1,"significanceOfRTName":"Start of forecast","productStatus":0,"productStatusName":"Operational products","productType":1,"productTypeName":"Forecast products","productDefinitionTemplate":0,"productDefinitionTemplateName":"Analysis/forecast at horizontal level/layer at a point in time","parameterCategory":2,"parameterCategoryName":"UnknownDiscipline_0_Category_2","parameterNumber":2,"parameterNumberName":"UnknownParameter_D0_C2_2","parameterUnit":"Unknown","genProcessType":2,"genProcessTypeName":"Forecast","forecastTime":180,"surface1Type":103,"surface1TypeName":"Specified height level above ground","surface1Value":10.0,"surface2Type":255,"surface2TypeName":"Missing","surface2Value":0.0,"gridDefinitionTemplate":0,"gridDefinitionTemplateName":"Latitude_Longitude","numberPoints":688,"shape":6,"shapeName":"Earth spherical with radius of 6,371,229.0 m","gridUnits":"degrees","resolution":48,"winds":"true","scanMode":64,"nx":43,"ny":16,"basicAngle":0,"lo1":45.0,"la1":40.0,"lo2":87.0,"la2":55.0,"dx":1.0,"dy":1.0}, "data":
[rows 0 to 15 of 16, columns 0 to 42 of 43]
2.533811,-1.7161889,-2.7661889,-3.876189,0.22381103,-1.4361889,2.403811,3.2238111,3.343811,0.23381104,-4.446189,2.4938111,1.633811,4.323811,4.393811,0.22381103,-0.06618896,1.8138111,-0.93618894,-1.036189,-1.596189,-2.786189,-1.3361889,2.573811,2.693811,2.193811,2.133811,0.63381106,1.333811,1.353811,-3.436189,-3.946189,-0.046188965,0.58381104,-0.30618897,-0.93618894,-2.456189,-3.296189,-1.9561889,-1.416189,-2.926189,0.34381104,-4.836189
-0.946189,-0.10618897,0.65381104,0.18381104,0.89381105,4.343811,5.3738112,5.133811,7.203811,3.033811,5.3738112,-3.7761889,-3.556189,-1.356189,0.20381103,2.703811,3.2538111,1.613811,0.59381104,0.38381103,0.52381104,0.28381103,1.453811,-0.29618895,1.613811,4.813811,-1.5761889,-1.786189,-0.956189,1.613811,0.52381104,2.273811,-0.36618897,1.773811,-1.4461889,0.32381102,-0.91618896,0.70381105,0.96381104,-1.026189,0.40381104,-0.26618898,0.23381104
-1.3361889,0.75381106,-0.17618896,-0.98618895,1.943811,4.813811,6.293811,6.303811,4.723811,5.193811,-2.4961889,0.84381104,0.65381104,0.31381103,0.84381104,0.64381105,2.123811,3.013811,0.663811,1.643811,-1.876189,-2.556189,0.65381104,-0.14618896,2.583811,1.9338111,-1.1861889,1.443811,0.20381103,1.343811,2.043811,1.193811,0.44381103,1.4138111,1.4138111,-0.85618895,-1.346189,0.88381106,3.123811,1.073811,1.6738111,0.96381104,-2.2761889
-0.92618895,-0.25618896,-0.20618896,-1.646189,0.933811,4.493811,8.223811,5.3538113,3.393811,4.063811,3.423811,1.353811,-1.176189,0.29381102,0.41381103,0.76381105,3.343811,3.133811,2.193811,0.75381106,-1.746189,-1.596189,-2.9961889,-3.166189,-1.756189,-2.096189,0.053811036,0.543811,0.853811,4.793811,-3.386189,0.45381105,2.393811,0.553811,-2.586189,2.433811,-3.076189,3.703811,0.673811,7.903811,5.273811,-0.22618896,-0.41618896
1.243811,0.38381103,-0.19618897,0.993811,0.95381105,2.183811,0.913811,-0.046188965,0.57381105,3.183811,-8.756189,-1.156189,-1.7061889,-3.636189,-2.2761889,2.043811,3.533811,2.293811,2.613811,-1.546189,-1.286189,-3.7461889,0.623811,-1.106189,-0.956189,-0.72618896,-0.78618896,-1.7161889,0.90381104,2.4938111,1.473811,1.1838111,-3.826189,0.50381106,7.273811,5.073811,3.363811,-1.636189,-0.93618894,-0.766189,-3.056189,-5.106189,-6.166189
0.29381102,0.743811,2.433811,-0.016188964,2.593811,2.423811,2.043811,2.263811,3.7338111,2.113811,3.763811,3.383811,4.053811,3.343811,1.343811,2.423811,3.683811,6.303811,-2.576189,-1.056189,-2.656189,-1.736189,-1.726189,0.43381104,1.593811,1.753811,0.78381103,1.603811,-0.30618897,-3.116189,6.523811,5.563811,-0.98618895,-2.666189,-5.3961887,-1.876189,11.6138115,-1.376189,-4.056189,-5.116189,-5.306189,-4.856189,-3.7561889
1.823811,2.833811,2.653811,3.093811,-1.4561889,6.033811,3.4938111,2.063811,6.1038113,2.013811,3.5038111,5.653811,5.963811,5.993811,1.743811,3.323811,4.943811,5.213811,1.863811,1.983811,-0.43618897,0.923811,0.803811,0.94381106,2.783811,2.083811,0.77381104,1.483811,-3.696189,-2.446189,2.703811,-9.296189,4.453811,-1.916189,-0.06618896,4.073811,0.20381103,3.643811,-2.0261889,-2.656189,-2.566189,-2.076189,-1.306189
1.093811,0.873811,-0.33618897,0.64381105,1.743811,2.9838111,3.203811,4.413811,4.513811,4.503811,4.773811,4.473811,5.703811,5.763811,9.583811,3.803811,5.153811,4.433811,3.693811,-0.016188964,-0.006188965,-0.756189,0.913811,-0.706189,0.34381104,0.45381105,1.733811,0.58381104,0.12381104,-4.776189,-0.47618896,-5.296189,2.5038111,-2.296189,-3.9961889,-4.116189,-4.106189,-2.696189,-0.506189,-1.646189,1.823811,-0.32618895,-1.806189
2.063811,1.363811,2.363811,2.2238111,2.313811,2.873811,3.543811,4.6038113,5.343811,4.863811,3.4838111,3.273811,4.183811,5.943811,11.003811,5.313811,0.40381104,0.58381104,0.49381104,-1.8261889,0.063811034,0.57381105,-1.3261889,-3.206189,-1.306189,-0.28618896,2.933811,-2.716189,-1.356189,-2.046189,-1.106189,-2.126189,-4.386189,-6.106189,-4.956189,-0.61618894,-2.036189,-4.716189,-3.376189,1.5438111,1.493811,1.4238111,3.083811
-0.13618897,1.4238111,2.4838111,2.153811,3.133811,3.553811,3.963811,3.833811,4.413811,5.283811,5.073811,2.823811,5.243811,7.343811,4.3538113,0.39381105,-1.0761889,-2.726189,-1.386189,-0.74618894,0.30381104,1.5538111,-1.176189,-2.236189,-0.53618896,-3.176189,-2.146189,-1.846189,-3.416189,-0.896189,-5.696189,-7.036189,2.543811,-2.586189,-2.376189,-4.176189,-2.356189,-1.9661889,-3.416189,-1.156189,-1.656189,0.10381103,0.043811034
2.553811,0.97381103,1.393811,1.693811,2.713811,3.123811,3.7238111,3.403811,3.823811,4.8538113,5.703811,4.683811,4.633811,4.663811,8.443811,0.993811,-1.856189,-0.72618896,-3.166189,-2.186189,-0.55618894,2.523811,-3.7561889,-2.596189,-3.626189,-3.426189,-3.576189,-1.036189,-2.616189,-3.986189,-3.566189,2.533811,-2.5161889,-3.366189,-1.996189,-2.736189,-1.4661889,-1.976189,1.253811,-2.076189,-2.676189,-0.40618896,2.693811
2.773811,-0.85618895,1.893811,1.393811,1.7838111,1.693811,2.633811,2.643811,2.653811,3.673811,6.173811,5.583811,5.463811,4.993811,0.89381105,7.263811,4.503811,-1.986189,-3.646189,-3.376189,2.273811,-2.316189,-7.316189,-10.566189,8.303811,-3.166189,-0.86618894,-3.0261889,0.12381104,-3.096189,-5.586189,-4.976189,-2.906189,-0.16618897,-0.49618897,0.043811034,0.19381103,-1.976189,-0.40618896,-2.806189,0.29381102,-0.22618896,0.89381105
3.933811,2.623811,1.1738111,-0.49618897,1.0538111,0.42381105,0.11381104,1.643811,1.5338111,2.9738111,4.993811,2.173811,1.103811,2.113811,1.643811,2.7338111,-2.136189,-3.196189,-3.2461889,-4.036189,0.613811,-1.0861889,-6.706189,2.353811,-9.226189,6.713811,-4.196189,-2.386189,-7.476189,8.133811,-4.866189,-5.106189,-3.686189,-3.736189,-4.196189,-4.106189,-3.726189,-3.356189,-2.5161889,-2.966189,-1.5761889,1.203811,1.143811
2.283811,3.7238111,-0.15618896,-0.22618896,-0.17618896,-0.886189,-1.776189,0.69381106,-0.71618897,-0.09618896,-0.896189,1.343811,0.59381104,-1.296189,0.58381104,-0.056188963,-1.096189,-2.696189,-0.93618894,-4.296189,-2.926189,0.71381104,3.373811,2.453811,-3.576189,2.103811,-3.386189,-3.306189,-6.046189,-8.666189,3.2438111,0.07381103,-4.996189,-3.096189,-3.946189,-4.636189,-2.316189,-3.956189,-3.206189,-1.996189,-0.33618897,0.30381104,-1.386189
1.243811,-0.79618895,1.653811,-2.2761889,0.76381105,-2.586189,-0.84618896,-1.226189,-2.176189,-1.616189,0.07381103,0.863811,-1.8361889,-3.686189,-2.846189,-2.2661889,-1.886189,0.30381104,0.863811,-1.986189,-2.546189,-1.1861889,0.603811,0.933811,0.733811,-0.85618895,-4.726189,-4.096189,-2.596189,-2.086189,-0.886189,-7.796189,-3.666189,-6.036189,-4.256189,-3.536189,-2.786189,-2.846189,-3.426189,-0.71618897,-3.486189,-1.5761889,2.103811
0.78381103,1.613811,-0.85618895,1.333811,-2.2761889,-1.356189,-2.216189,-3.706189,-3.476189,-2.576189,-1.856189,0.42381105,-0.97618896,-2.216189,-1.746189,-1.636189,0.16381103,1.333811,-0.16618897,-1.496189,-3.186189,-2.7561889,-2.816189,-1.1961889,1.143811,-2.5061889,-3.7661889,-2.606189,-0.816189,-1.7161889,-2.206189,-1.176189,-3.316189,-3.456189,-1.846189,-0.85618895,-0.826189,-0.99618894,-2.416189,-0.24618897,-0.836189,1.4238111,-1.1861889
