wind_kz.json
{"header": {"discipline":0,"disciplineName":"Meteorological products","gribEdition":2,"gribLength":1025,"center":7,"centerName":"US National Weather Service - NCEP(WMC)","subcenter":0,"refTime":"2023-10-03T06:00:00.000Z","significanceOfRT":1,"significanceOfRTName":"Start of forecast","productStatus":0,"productStatusName":"Operational products","productType":1,"productTypeName":"Forecast products","productDefinitionTemplate":0,"productDefinitionTemplateName":"Analysis/forecast at horizontal level/layer at a point in time","parameterCategory":2,"parameterCategoryName":"UnknownDiscipline_0_Category_2","parameterNumber":3,"parameterNumberName":"UnknownParameter_D0_C2_3","parameterUnit":"Unknown","genProcessType":2,"genProcessTypeName":"Forecast","forecastTime":0,"surface1Type":103,"surface1TypeName":"Specified height level above ground","surface1Value":10.0,"surface2Type":255,"surface2TypeName":"Missing","surface2Value":0.0,"gridDefinitionTemplate":0,"gridDefinitionTemplateName":"Latitude_Longitude","numberPoints":615,"shape":6,"shapeName":"Earth spherical with radius of 6,371,229.0 m","gridUnits":"degrees","resolution":48,"winds":"true","scanMode":64,"nx":41,"ny":15,"basicAngle":0,"lo1":47.0,"la1":41.0,"lo2":87.0,"la2":55.0,"dx":1.0,"dy":1.0}, "data":
[rows 0 to 14 of 15, columns 0 to 40 of 41]
0.5160083,2.9060082,-1.4939917,-2.8739917,2.7360084,2.8660083,3.4860084,2.5560083,1.0160083,0.5460083,-1.4239917,-0.7639917,-0.4839917,-0.6739917,-0.3239917,0.0460083,-0.29399168,-0.8039917,-1.1139917,-0.1339917,-0.2739917,-2.0639918,-0.3539917,1.0760083,1.9460083,2.5060084,-0.29399168,1.2160083,-0.5439917,0.4460083,1.5960083,2.3860083,-0.3039917,-0.4639917,-0.5039917,0.6560083,0.7260083,-0.1239917,1.3960083,4.486008,2.3260083
0.6860083,-4.0439916,-5.9639916,5.336008,6.216008,5.2460084,2.6860082,2.9960084,1.5960083,0.2860083,-0.3839917,-1.9339917,-0.9539917,-0.1339917,-1.4739918,-0.2539917,-0.2039917,-0.1439917,0.2160083,-1.7139916,-2.7339916,-3.7439916,-3.1139917,2.2160082,3.1860082,3.5460083,3.0960083,3.7660084,-0.2339917,3.8760083,2.4860084,5.2460084,1.5260082,3.7160082,3.5160084,3.0160084,4.7060084,1.7960083,2.3560083,2.1860082,0.4960083
-2.9339917,-5.2339916,2.1660082,5.1860085,4.6360083,3.6860082,4.0560083,3.0360084,2.6160083,0.1560083,-1.9839917,-1.4839917,-1.4639916,-1.4139917,-1.5339917,0.2260083,0.7460083,0.4060083,-0.6339917,-1.6239917,-2.7139916,-2.9939916,-3.9239917,-0.9439917,-1.7939917,-1.6839917,-1.4839917,-2.7439916,-0.4039917,-2.4339917,-0.053991698,2.3160083,-3.1339917,0.4660083,1.2160083,-3.0239916,1.2060083,2.5060084,-0.3139917,3.3660083,3.4660082
-4.1739917,2.3660083,6.2260084,5.9960084,4.9360085,5.796008,5.7260084,3.9360082,2.4060082,0.8260083,-0.6039917,-1.2339917,-1.9339917,-1.6039917,0.3460083,0.7560083,0.3960083,-0.0339917,-1.0139917,-3.1739917,-3.2139916,-0.9939917,0.6260083,-1.3439918,-2.0739918,-2.3039918,-1.8539917,-1.2839917,-0.9839917,-0.9739917,-1.6739917,-2.5839918,1.5460083,-0.5139917,1.3560083,-0.2439917,3.7660084,3.0060084,-3.6839917,-2.3439918,-2.5939918
-5.913992,0.6460083,7.0960083,4.176008,4.8860083,7.1060085,6.1360083,5.1660085,2.6460083,1.6060083,0.5360083,-0.5739917,-1.1739917,-0.8639917,-0.6839917,-0.2339917,-0.0439917,0.4160083,-0.3539917,-1.0739917,-0.6739917,-1.2439917,-1.6339917,-1.7339917,-1.5839916,-0.8339917,0.2360083,-0.2439917,0.8960083,1.4660083,0.8160083,0.1760083,1.1360083,0.8660083,0.8860083,0.6860083,2.0360084,-0.3939917,-2.2039917,-2.0739918,-3.1939917
-6.3139915,-4.1339917,3.5760083,4.926008,6.796008,6.8860083,6.796008,5.566008,4.1160083,2.6160083,1.2460083,0.2560083,-0.6139917,0.0460083,-0.2539917,0.116008304,0.2760083,0.3060083,0.1760083,-0.3639917,-1.0139917,-2.2039917,-3.3139918,-3.3439918,-2.5239916,-2.3639917,-1.3439918,-0.0839917,1.0060083,2.4260082,2.2060082,2.2560084,4.2060084,-0.1439917,-0.4939917,-5.5039916,-0.1839917,2.9660082,-1.9839917,-2.1339917,-2.3339918
1.0060083,-3.9839916,-5.453992,0.2460083,8.046008,8.3960085,8.226008,6.8760085,4.8560085,2.9560082,1.6760083,0.4060083,0.8460083,-0.9439917,-0.5139917,-0.0839917,0.006008301,-0.6339917,-0.0339917,0.4760083,-1.0239917,-2.9139917,-4.5039916,-4.473992,-4.9039917,-3.9439917,-3.3039918,-0.7539917,1.5960083,4.6260085,4.7660084,3.9960084,6.926008,3.2860084,-4.9839916,1.4060082,2.0560083,4.2060084,3.3160083,2.4560082,2.1960082
-0.9439917,0.1460083,0.0660083,0.3460083,5.946008,7.9360085,8.886008,8.026009,5.836008,4.756008,2.7560084,1.2860084,1.1960083,0.4760083,-0.4439917,0.2460083,0.3460083,-0.9339917,-1.0639917,-0.9839917,-2.2339916,-4.033992,-5.0639915,-5.5839915,-5.8539915,-4.8139915,-3.8639917,-1.0539917,0.3660083,2.4860084,2.6160083,2.8360083,7.0960083,3.7660084,1.0760083,-0.1939917,-1.1339917,1.9160084,-0.9639917,0.5660083,0.6160083
-0.6539917,-0.1939917,0.6060083,1.1860083,3.6760082,7.586008,9.1460085,8.526009,5.946008,5.3460083,4.2460084,2.4160082,1.3060083,0.9760083,1.2460083,0.6360083,0.9760083,-0.9639917,-1.5939918,-2.5239916,-2.1639917,-3.7439916,-5.0039916,-5.5239916,-5.9639916,-5.5439916,-3.3539917,-3.4539917,-3.6939917,-1.4939917,-1.2139916,-2.3439918,3.6660082,2.4460082,2.8460083,4.9360085,2.0960083,-0.9939917,1.9560083,1.2060083,0.3960083
0.5260083,0.6360083,1.1960083,1.1160083,3.7460084,5.9360085,7.276008,7.756008,7.066008,6.026008,4.696008,3.6760082,2.5260084,1.4660083,1.4160084,1.9360083,1.1360083,0.3560083,-0.1839917,-0.9039917,-1.8739917,-2.7839918,-3.2539916,-3.8039918,-3.5939918,-3.9139917,-4.1439915,-3.3639917,-3.2539916,-3.5539918,-3.6339917,-2.5339918,-0.7139917,1.8860083,1.5560083,1.3760083,1.8560083,2.5760083,1.0760083,0.9560083,2.4160082
0.5760083,0.2660083,1.8360083,2.4760084,2.3960083,5.7260084,7.9160085,7.006008,7.5160084,6.216008,5.4160085,3.9460082,3.3760083,2.8460083,2.3460083,1.9560083,3.2960083,2.5960083,1.7860084,0.7660083,-0.5339917,-1.8039917,-2.1039917,-2.8139918,-2.8639917,-3.0739918,-2.6539917,-3.6139917,-3.3239918,-3.3439918,-3.9739916,-3.5739918,-2.3539917,-1.7439917,-1.7739917,-1.3639917,1.0260082,0.8460083,2.2560084,1.3960083,1.4460083
-0.4439917,1.0260082,0.0960083,0.9560083,2.9360082,5.086008,6.6660085,7.3660083,4.6660085,6.1660085,3.8760083,2.7760084,3.0360084,3.3760083,3.3860083,3.1160083,2.3260083,3.0060084,2.8960083,2.6560082,1.9560083,0.4660083,-0.6139917,-0.7539917,-0.8839917,-1.5139917,-1.9139917,-2.1239917,-2.2439916,-2.4739916,-2.9339917,-3.3439918,-2.8339918,-2.2339916,-2.0339918,-2.8039918,-2.4539917,-1.9239917,-1.7439917,-1.1439917,-0.8039917
-1.8339916,-1.3539917,-0.1039917,0.7960083,1.4360083,3.0860083,5.586008,6.0960083,6.4960084,5.6660085,2.5660083,2.5460083,3.4760084,3.3660083,3.6060083,3.7160082,3.8260083,3.3760083,3.2560084,2.9060082,3.2860084,1.9560083,0.7060083,1.1360083,1.4660083,0.9960083,0.1360083,-0.2739917,-1.0939918,-1.5339917,-1.6239917,-1.4639916,-1.3639917,-1.6839917,-1.7439917,-1.6439917,-1.8339916,-1.0739917,-1.2039917,-0.9439917,-0.9439917
-3.3539917,-3.4639916,-2.3739917,0.2960083,2.0260084,2.3160083,3.9360082,4.4360085,4.1060085,5.4360085,3.4160082,2.0860083,2.2560084,2.9960084,3.0260084,3.8260083,4.566008,4.256008,3.8260083,3.3460083,3.4560082,2.9560082,2.4360082,2.6960082,2.7960083,2.8560083,2.3160083,1.8260083,1.3760083,1.3760083,0.9960083,0.6460083,0.1760083,-0.0339917,0.0660083,0.036008302,-0.0439917,-0.2839917,0.0460083,-0.5739917,-0.9239917
-1.1939917,-2.2039917,-3.8939917,-2.6739917,1.1160083,2.9460082,3.5360084,4.566008,4.086008,4.8660083,3.6060083,3.9660082,2.6460083,1.6060083,2.1160083,4.4060082,4.3860083,4.5360084,4.4360085,3.7360084,3.9960084,4.086008,3.7960083,3.5460083,3.6960082,3.8560083,3.6060083,3.1660082,2.7460084,2.4360082,2.4660082,2.1460083,1.5060083,1.5260082,1.5660083,1.4760083,1.9960083,1.2860084,0.8560083,1.4760083,0.2860083
