wind_kz.json
{"header": {"discipline":0,"disciplineName":"Meteorological products","gribEdition":2,"gribLength":1025,"center":7,"centerName":"US National Weather Service - NCEP(WMC)","subcenter":0,"refTime":"2023-09-07T18:00:00.000Z","significanceOfRT":1,"significanceOfRTName":"Start of forecast","productStatus":0,"productStatusName":"Operational products","productType":1,"productTypeName":"Forecast products","productDefinitionTemplate":0,"productDefinitionTemplateName":"Analysis/forecast at horizontal level/layer at a point in time","parameterCategory":2,"parameterCategoryName":"UnknownDiscipline_0_Category_2","parameterNumber":3,"parameterNumberName":"UnknownParameter_D0_C2_3","parameterUnit":"Unknown","genProcessType":2,"genProcessTypeName":"Forecast","forecastTime":240,"surface1Type":103,"surface1TypeName":"Specified height level above ground","surface1Value":10.0,"surface2Type":255,"surface2TypeName":"Missing","surface2Value":0.0,"gridDefinitionTemplate":0,"gridDefinitionTemplateName":"Latitude_Longitude","numberPoints":615,"shape":6,"shapeName":"Earth spherical with radius of 6,371,229.0 m","gridUnits":"degrees","resolution":48,"winds":"true","scanMode":64,"nx":41,"ny":15,"basicAngle":0,"lo1":47.0,"la1":41.0,"lo2":87.0,"la2":55.0,"dx":1.0,"dy":1.0}, "data":
[rows 0 to 14 of 15, columns 0 to 40 of 41]
0.16406311,-0.81593686,-0.8659369,-4.6159368,-5.835937,-7.355937,-7.6759367,2.894063,2.6840632,2.864063,2.024063,1.3240631,-0.1259369,-1.6859369,-2.8359368,-3.865937,-3.945937,-4.415937,-5.4459367,-2.9859369,-5.275937,-5.165937,-4.235937,-0.1759369,-0.9959369,0.14406312,-0.10593689,1.7840631,-0.21593688,4.3640633,1.7540631,1.2540631,4.3840632,-2.5559368,-2.365937,0.45406312,-0.7359369,-0.8959369,-1.9259369,3.9740632,1.9440631
2.1740632,0.02406311,-1.8559369,-3.7459369,-5.505937,-6.285937,-5.6559367,-6.3859367,5.014063,5.3040633,3.614063,1.5540631,0.4140631,-0.4759369,-2.5959368,-3.2559369,-3.2959368,-4.3859367,-5.2159367,-4.4059367,-4.285937,-4.435937,-1.415937,1.1240631,1.2240632,1.4140631,-1.4059368,1.0140631,-1.415937,0.99406314,1.6140631,3.5040631,1.8440632,0.6440631,-0.11593689,0.2340631,-1.165937,-2.205937,0.5440631,-2.2459369,1.8240631
0.7840631,0.7640631,-2.2859368,-4.325937,-4.8659368,-4.255937,-4.625937,-4.1359367,-2.455937,5.164063,4.8240633,3.9740632,2.344063,1.3840631,-0.3059369,-1.6959369,-1.9059368,-3.405937,-3.905937,-4.015937,-4.415937,-2.375937,-4.585937,-1.4359369,-0.35593688,0.6140631,0.6040631,1.0040631,0.02406311,0.32406312,1.6140631,-0.2559369,1.4040631,0.4040631,-0.0059368894,1.4040631,0.5440631,-2.0459368,-0.39593688,0.62406313,0.9240631
1.9940631,1.5140631,-0.4459369,-3.195937,-3.5259368,-3.5159369,-4.525937,-4.295937,-2.875937,0.8440631,5.374063,5.064063,4.0340633,0.21406311,-0.4159369,-2.195937,-1.6059369,-2.8059368,-3.885937,-4.565937,-3.965937,-1.8959368,0.2740631,-2.9859369,-3.435937,-3.405937,-2.7559369,-2.165937,-1.2559369,-0.6459369,-3.5459368,-3.605937,-2.5459368,-0.42593688,0.1540631,-2.0559368,0.12406311,3.2240632,0.9740631,0.5840631,1.4040631
0.7640631,-0.87593687,-0.19593689,-2.0959368,-1.8859369,-1.2859368,-1.8459369,-1.1459368,-2.2959368,-1.545937,5.774063,6.174063,5.234063,2.9140632,-1.6859369,-0.32593688,-2.885937,-3.0159369,-3.655937,-4.545937,-4.105937,-2.0759368,-2.905937,-2.9859369,-2.405937,-2.7359369,-3.0259368,-2.7659369,-1.9059368,-1.4859369,-0.9959369,2.304063,2.894063,3.7140632,-0.68593687,-0.6459369,-0.6059369,-0.32593688,1.6340631,2.384063,-0.9959369
-5.105937,-4.005937,-7.555937,-6.145937,-2.7359369,-2.5859368,-2.0059369,-1.8859369,-1.1859369,-0.08593689,5.414063,6.244063,3.9740632,-0.3159369,-1.9359369,-0.42593688,-1.665937,-2.8259368,-3.465937,-3.7459369,-3.3059368,-0.81593686,-1.7559369,-3.0559368,-3.5559368,-3.865937,-4.065937,-6.025937,-1.0959369,-1.1859369,-1.165937,1.7640631,2.794063,-0.02593689,2.0040631,4.754063,3.2140632,3.384063,0.8340631,0.3640631,0.5040631
-3.865937,-4.075937,-4.085937,-4.9259367,-5.955937,-5.6959367,-6.9259367,-7.515937,3.094063,3.2640631,4.814063,6.924063,6.464063,5.204063,-0.3359369,0.5740631,-0.6759369,-2.435937,-3.155937,-3.375937,-3.615937,-2.5559368,-0.6759369,-0.6059369,-3.2759368,-2.7959368,-3.2359369,-4.085937,-5.515937,-3.7559369,0.8540631,-1.295937,-2.405937,-2.2559369,-1.3859369,-0.9959369,-3.465937,-0.13593689,-0.3359369,-1.7259369,-1.0759369
-3.375937,-3.5159369,-4.1159368,-4.055937,-4.735937,-5.645937,-6.145937,-5.305937,-5.995937,6.174063,7.2840633,6.204063,6.214063,6.394063,6.154063,3.844063,0.7840631,-0.5959369,-1.9959369,-2.405937,-3.175937,-2.5859368,-1.1959369,-1.545937,-1.9859369,-2.2359369,-3.105937,-2.625937,-2.445937,-4.4259367,-3.5659368,-3.5059369,-0.7659369,-3.0459368,-1.4059368,-1.5959369,-2.2959368,-0.4459369,-0.09593689,0.5440631,-1.6859369
-3.355937,-3.5959368,-4.585937,-3.2759368,-3.5859368,-5.4059367,-5.595937,-4.475937,-4.4659367,-3.0759368,6.6140633,8.004063,6.444063,7.0540633,4.944063,3.034063,0.9240631,-1.8359369,-0.4759369,-0.7359369,0.9740631,-0.6459369,-1.2359369,-2.7659369,-0.8359369,-1.5759369,-1.6159369,-1.7859368,0.3140631,-0.36593688,-1.6559368,-2.5759368,0.39406312,-1.3159369,0.56406313,-1.4359369,-3.165937,-0.2059369,2.2140632,0.38406312,0.20406312
-3.3059368,-4.295937,-4.285937,-3.7559369,-5.605937,-4.1959367,-4.3659368,-4.475937,-4.4459367,-2.435937,0.3340631,5.764063,4.8040633,0.4940631,6.104063,3.4340632,2.574063,-1.6959369,-0.93593687,0.5740631,0.5140631,-0.1259369,-0.03593689,-1.6159369,-2.215937,-2.205937,-1.6959369,-1.7059369,-0.56593686,1.5340631,1.2440631,-0.7459369,0.9140631,-2.7759368,-1.7559369,-0.29593688,1.0340631,-2.2659369,0.9740631,4.294063,2.4440632
-2.865937,-2.955937,-2.375937,-2.615937,-2.4859369,-3.5959368,-3.7959368,-3.5359368,-1.8759369,-1.2359369,-0.02593689,4.5340633,2.824063,4.754063,6.704063,4.124063,3.2040632,-0.4359369,1.1540631,-0.45593688,0.2740631,-0.1259369,-0.8559369,-2.0859368,-1.7659369,-1.5859369,-1.0959369,-1.1459368,-1.1259369,1.0940632,2.1540632,0.8340631,-0.4459369,0.2340631,-0.56593686,1.5340631,1.1540631,2.334063,2.054063,1.2640631,0.10406311
-1.665937,-2.3459368,-2.405937,-2.0759368,-2.3359368,-2.905937,-3.3059368,-3.7659369,-1.1159369,-0.81593686,2.614063,-0.5559369,3.334063,-0.8959369,5.104063,3.644063,3.614063,1.704063,0.8040631,1.1140631,-0.055936888,-1.8359369,-0.8359369,-1.6959369,-2.0659368,-2.355937,0.21406311,-0.06593689,-0.2759369,0.20406312,1.3940631,0.6940631,1.2140632,0.9040631,-1.0659369,2.094063,1.7640631,1.9140631,2.144063,1.8440632,1.6740631
-3.455937,-2.0759368,-2.2659369,-1.1259369,-1.4659369,-0.9559369,-1.6959369,-3.8459368,-5.085937,-0.87593687,0.8640631,2.074063,2.1940632,3.324063,3.614063,2.524063,2.4240632,2.554063,1.6240631,0.9740631,0.22406311,0.4940631,0.2740631,-1.3059369,-2.7559369,-1.9759369,-2.215937,-1.8759369,-0.6559369,-0.7959369,1.4340631,0.9240631,2.334063,1.2340631,0.7040631,3.4440632,2.384063,2.4640632,1.8840631,-0.02593689,0.02406311
-2.9859369,-3.955937,-4.415937,-1.9859369,-1.295937,-1.1059369,-1.415937,-3.975937,-2.385937,-1.7759368,0.1840631,0.5140631,0.6540631,2.2540631,1.9440631,2.024063,2.1740632,1.2540631,1.5140631,0.3040631,-0.0059368894,1.2840631,-1.7259369,-1.3959368,-1.9559369,-3.375937,-3.5259368,-3.125937,-1.4459369,-1.9659369,0.5440631,0.9740631,0.8540631,-0.14593689,-0.07593689,1.0440631,0.9740631,-0.5959369,-0.4059369,-0.14593689,-0.5859369
-1.5959369,-4.515937,-5.665937,-3.695937,-3.885937,-1.5759369,-1.3659369,-1.9659369,-0.3459369,0.114063114,-0.3759369,2.5040631,1.8440632,-0.6059369,2.2440631,2.644063,2.144063,2.354063,1.3140631,0.45406312,-0.5759369,-1.1559368,-0.5959369,-1.8259369,-2.685937,-3.225937,-4.295937,-2.9959369,-2.655937,-2.3459368,-2.0859368,-0.9459369,0.5740631,-0.5959369,-0.19593689,0.3040631,0.8540631,0.9040631,0.06406311,0.39406312,-0.24593689
