wind.json
{"header": {"discipline":0,"disciplineName":"Meteorological products","gribEdition":2,"gribLength":1039,"center":7,"centerName":"US National Weather Service - NCEP(WMC)","subcenter":0,"refTime":"2023-06-28T12:00:00.000Z","significanceOfRT":1,"significanceOfRTName":"Start of forecast","productStatus":0,"productStatusName":"Operational products","productType":1,"productTypeName":"Forecast products","productDefinitionTemplate":0,"productDefinitionTemplateName":"Analysis/forecast at horizontal level/layer at a point in time","parameterCategory":0,"parameterCategoryName":"UnknownDiscipline_0_Category_0","parameterNumber":0,"parameterNumberName":"UnknownParameter_D0_C0_0","parameterUnit":"Unknown","genProcessType":2,"genProcessTypeName":"Forecast","forecastTime":240,"surface1Type":1,"surface1TypeName":"Ground or water surface","surface1Value":0.0,"surface2Type":255,"surface2TypeName":"Missing","surface2Value":0.0,"gridDefinitionTemplate":0,"gridDefinitionTemplateName":"Latitude_Longitude","numberPoints":688,"shape":6,"shapeName":"Earth spherical with radius of 6,371,229.0 m","gridUnits":"degrees","resolution":48,"winds":"true","scanMode":64,"nx":43,"ny":16,"basicAngle":0,"lo1":45.0,"la1":40.0,"lo2":87.0,"la2":55.0,"dx":1.0,"dy":1.0}, "data":
[rows 0 to 15 of 16, columns 0 to 42 of 43]
302.5877,294.6877,317.78772,323.6877,323.78772,300.5877,301.78772,300.1877,323.28772,326.98773,328.1877,327.5877,326.48773,325.28772,324.38773,324.28772,322.28772,320.48773,309.88773,319.6877,317.48773,317.28772,298.5877,297.1877,299.1877,298.88773,305.5877,294.78772,293.0877,288.48773,284.38773,303.78772,305.98773,308.48773,309.1877,306.88773,313.1877,314.1877,313.38773,314.98773,314.48773,313.38773,311.78772
301.6877,318.98773,318.5877,303.78772,313.1877,298.6877,299.88773,298.98773,317.88773,328.98773,325.78772,328.28772,325.28772,324.78772,322.48773,322.6877,320.78772,307.38773,312.38773,308.98773,320.6877,322.88773,324.6877,317.0877,315.88773,307.28772,314.38773,315.78772,308.1877,286.38773,287.88773,285.88773,289.5877,287.0877,298.78772,307.38773,309.5877,310.6877,311.48773,311.1877,314.0877,313.6877,312.88773
305.1877,297.6877,293.0877,306.6877,297.6877,298.78772,300.0877,296.6877,329.78772,326.98773,325.28772,324.38773,324.5877,323.28772,314.6877,320.1877,322.5877,320.38773,316.88773,320.98773,315.78772,321.28772,322.48773,321.0877,317.48773,290.98773,285.98773,289.6877,295.38773,284.98773,288.1877,283.38773,290.28772,283.5877,293.48773,272.1877,287.48773,308.6877,307.78772,308.5877,314.88773,304.28772,287.88773
304.0877,309.88773,313.28772,297.78772,298.6877,300.0877,299.28772,325.48773,325.98773,326.88773,325.1877,323.1877,320.88773,320.0877,318.48773,317.6877,321.48773,306.88773,321.48773,310.5877,320.48773,321.0877,320.6877,316.38773,315.48773,308.5877,311.1877,310.5877,310.28772,307.6877,305.1877,291.48773,284.88773,286.28772,294.38773,293.78772,298.78772,298.88773,288.5877,290.0877,291.6877,287.5877,286.0877
315.78772,319.28772,318.48773,298.88773,299.78772,299.1877,304.88773,326.98773,328.78772,328.28772,322.48773,325.0877,320.6877,318.6877,296.0877,295.1877,318.78772,321.48773,320.38773,320.38773,316.1877,310.0877,314.38773,311.48773,315.38773,314.38773,313.6877,314.28772,313.88773,310.78772,308.38773,309.88773,308.78772,307.48773,313.48773,313.0877,311.5877,306.38773,288.78772,288.98773,291.48773,305.1877,307.88773
320.38773,320.6877,320.78772,298.78772,299.0877,301.38773,309.28772,326.5877,329.28772,331.1877,329.6877,326.38773,323.98773,320.5877,296.5877,295.98773,293.28772,321.48773,319.88773,318.38773,313.88773,318.88773,320.0877,320.38773,318.38773,316.6877,314.0877,313.28772,310.28772,306.0877,309.1877,310.88773,311.88773,309.6877,294.5877,286.0877,297.0877,307.6877,304.28772,315.98773,317.38773,312.98773,313.1877
320.5877,323.5877,321.28772,321.1877,299.78772,298.98773,298.98773,299.88773,330.0877,325.38773,329.28772,312.6877,323.48773,324.78772,299.48773,295.6877,307.38773,318.28772,320.88773,320.28772,317.98773,318.98773,317.6877,317.0877,316.38773,316.6877,316.98773,311.88773,314.1877,291.48773,313.48773,314.38773,312.5877,311.38773,311.88773,310.6877,306.38773,305.0877,300.98773,301.6877,311.98773,311.5877,309.98773
322.28772,325.78772,325.5877,322.88773,324.88773,325.1877,317.28772,320.88773,322.38773,330.48773,327.48773,321.48773,323.48773,322.48773,322.38773,321.28772,321.28772,321.88773,322.98773,322.38773,320.38773,318.1877,316.48773,316.6877,316.48773,317.38773,315.1877,314.78772,314.88773,316.0877,313.88773,313.78772,313.48773,313.6877,312.5877,311.78772,311.28772,308.28772,301.6877,295.38773,291.48773,291.78772,304.6877
324.5877,320.98773,322.38773,324.6877,326.98773,328.88773,326.78772,326.78772,326.28772,324.6877,323.5877,318.88773,322.1877,321.28772,309.5877,319.38773,318.98773,319.1877,322.48773,321.28772,319.28772,313.1877,314.98773,315.38773,314.88773,310.0877,309.38773,305.5877,306.78772,309.28772,306.98773,309.0877,305.98773,307.78772,305.88773,302.1877,303.88773,306.6877,310.6877,289.28772,308.38773,307.0877,303.28772
296.6877,320.48773,321.48773,323.78772,327.28772,311.6877,324.0877,310.38773,320.6877,321.0877,315.5877,320.38773,319.1877,315.78772,304.28772,307.0877,312.98773,316.0877,316.1877,317.5877,315.6877,314.98773,311.48773,305.88773,308.98773,305.78772,303.28772,299.48773,296.78772,301.0877,299.88773,294.6877,299.78772,301.1877,302.5877,304.28772,304.88773,303.6877,303.6877,301.78772,289.5877,288.98773,290.6877
309.48773,314.48773,314.98773,311.28772,317.6877,315.98773,315.5877,312.78772,309.48773,311.48773,316.98773,315.28772,313.98773,313.48773,299.98773,307.98773,310.0877,308.5877,306.1877,306.28772,308.6877,308.38773,308.1877,308.78772,310.0877,308.78772,306.1877,304.48773,304.1877,302.98773,299.5877,301.1877,301.5877,303.88773,304.28772,305.6877,305.0877,304.78772,300.0877,294.88773,292.38773,288.88773,288.5877
303.88773,298.98773,308.0877,310.0877,304.5877,309.1877,311.6877,313.78772,305.88773,308.88773,306.1877,301.6877,297.38773,298.6877,303.28772,292.48773,291.78772,302.48773,305.48773,308.28772,309.38773,306.48773,306.5877,306.88773,305.28772,303.98773,303.38773,301.78772,300.5877,304.1877,304.6877,306.28772,305.78772,305.6877,305.1877,302.6877,302.78772,301.98773,292.98773,290.88773,292.98773,292.5877,289.38773
300.28772,301.78772,303.48773,304.38773,309.1877,309.38773,308.0877,309.0877,309.1877,302.1877,301.1877,300.0877,296.5877,292.1877,299.0877,296.28772,295.5877,297.0877,299.98773,303.1877,302.28772,303.1877,302.28772,301.78772,302.78772,303.1877,301.5877,302.6877,303.1877,303.5877,304.88773,305.0877,301.5877,302.6877,301.48773,300.1877,300.5877,302.48773,301.6877,299.88773,293.38773,294.88773,293.88773
296.28772,295.38773,294.78772,296.48773,304.28772,300.28772,302.48773,302.1877,301.1877,303.88773,298.48773,294.5877,290.48773,289.5877,291.38773,289.38773,291.1877,292.38773,296.38773,296.48773,297.1877,298.48773,298.38773,297.48773,299.5877,299.48773,301.5877,301.78772,303.78772,301.6877,300.48773,299.88773,300.98773,299.88773,298.78772,298.98773,298.1877,298.78772,297.0877,298.98773,296.0877,296.1877,293.6877
295.38773,294.0877,293.88773,294.88773,294.28772,297.5877,298.78772,299.38773,297.48773,298.38773,299.28772,293.98773,294.6877,292.78772,291.48773,289.88773,291.88773,296.5877,296.1877,296.1877,296.38773,296.48773,296.1877,296.6877,298.88773,299.1877,298.28772,299.48773,298.1877,296.38773,296.38773,297.0877,297.5877,296.48773,296.38773,297.0877,295.78772,294.88773,295.6877,295.0877,296.78772,292.98773,294.6877
295.48773,295.38773,297.5877,297.6877,291.5877,299.1877,299.78772,299.48773,299.28772,297.1877,297.5877,294.48773,293.6877,291.1877,291.6877,296.48773,296.88773,295.98773,296.48773,295.88773,296.0877,294.38773,294.5877,294.48773,295.0877,295.88773,295.38773,295.38773,294.78772,294.6877,293.5877,294.38773,293.28772,288.38773,289.5877,291.38773,289.28772,290.48773,292.1877,292.5877,295.0877,295.1877,293.1877
