wind_kz.json
{"header": {"discipline":0,"disciplineName":"Meteorological products","gribEdition":2,"gribLength":1025,"center":7,"centerName":"US National Weather Service - NCEP(WMC)","subcenter":0,"refTime":"2024-04-07T18:00:00.000Z","significanceOfRT":1,"significanceOfRTName":"Start of forecast","productStatus":0,"productStatusName":"Operational products","productType":1,"productTypeName":"Forecast products","productDefinitionTemplate":0,"productDefinitionTemplateName":"Analysis/forecast at horizontal level/layer at a point in time","parameterCategory":2,"parameterCategoryName":"UnknownDiscipline_0_Category_2","parameterNumber":3,"parameterNumberName":"UnknownParameter_D0_C2_3","parameterUnit":"Unknown","genProcessType":2,"genProcessTypeName":"Forecast","forecastTime":0,"surface1Type":103,"surface1TypeName":"Specified height level above ground","surface1Value":10.0,"surface2Type":255,"surface2TypeName":"Missing","surface2Value":0.0,"gridDefinitionTemplate":0,"gridDefinitionTemplateName":"Latitude_Longitude","numberPoints":615,"shape":6,"shapeName":"Earth spherical with radius of 6,371,229.0 m","gridUnits":"degrees","resolution":48,"winds":"true","scanMode":64,"nx":41,"ny":15,"basicAngle":0,"lo1":47.0,"la1":41.0,"lo2":87.0,"la2":55.0,"dx":1.0,"dy":1.0}, "data":
[rows 0 to 14 of 15, columns 0 to 40 of 41]
0.567898,-0.38210204,-0.79210204,-4.012102,-2.712102,-5.712102,-5.552102,-6.442102,-5.772102,-6.092102,-7.042102,-5.512102,-4.052102,-0.47210205,0.9978979,-1.7021021,-1.462102,-1.462102,-0.41210204,0.35789794,0.11789795,-2.442102,-1.4121021,-2.892102,-2.102102,-2.132102,-2.552102,1.347898,2.657898,1.227898,-3.682102,-4.672102,-0.23210205,-2.822102,-2.7621021,-2.162102,-2.622102,-2.312102,-3.212102,-3.192102,3.0078979
-0.61210203,1.727898,0.8078979,-2.782102,-4.6421022,-3.812102,3.217898,1.267898,-0.49210206,-3.842102,-4.482102,-4.792102,-4.902102,-3.5021021,-3.202102,-1.882102,-0.0021020507,0.45789796,0.6878979,0.9978979,1.157898,0.09789795,0.46789795,2.217898,-3.0121021,-2.5121021,-2.662102,1.5878979,0.49789795,0.9978979,5.227898,3.687898,-2.122102,-3.872102,-4.192102,-2.152102,-1.5721021,-1.5821021,-0.23210205,-1.252102,-1.862102
2.227898,2.7378979,-0.86210203,-3.952102,-5.982102,-5.822102,0.37789795,-1.5321021,1.607898,1.4178979,1.977898,2.217898,-2.382102,-3.032102,-3.882102,-3.9721022,-4.322102,1.647898,2.967898,2.547898,1.007898,-1.6921021,-1.592102,-0.42210206,1.117898,1.387898,1.4678979,1.127898,-0.53210205,2.477898,5.087898,2.807898,2.387898,-1.4521021,-0.15210205,-0.36210206,-1.392102,-3.542102,0.16789795,-1.652102,0.22789794
1.2978979,1.227898,-0.27210206,-3.172102,-3.882102,-5.1221023,-6.162102,-6.582102,-6.3521023,-5.132102,-5.482102,0.40789795,3.7778978,2.177898,-0.5621021,-2.2421021,-3.042102,-2.392102,0.947898,4.497898,2.827898,0.28789794,2.447898,1.5778979,-0.0021020507,0.7478979,1.867898,-0.17210205,2.057898,2.347898,1.4678979,-0.682102,-1.602102,-0.742102,-1.0621021,2.107898,0.51789796,1.4178979,0.97789794,1.127898,1.1778979
2.9978979,3.437898,2.977898,1.5478979,0.43789795,-0.59210205,-1.382102,-0.71210206,-2.9921021,-4.512102,-4.6021023,-3.682102,-0.43210205,1.6778979,0.54789793,0.18789795,-0.10210205,-1.0521021,0.32789794,-0.112102054,4.957898,3.577898,2.637898,2.0278978,0.5578979,-0.23210205,1.5878979,2.887898,-1.6921021,1.107898,3.647898,2.917898,1.9578979,1.227898,-0.22210205,-3.142102,-3.952102,1.147898,2.197898,-3.292102,0.96789795
-2.142102,1.767898,1.877898,1.647898,1.5878979,0.88789797,-0.48210204,-1.752102,-2.382102,-2.022102,-2.592102,-2.672102,-3.2221022,0.22789794,2.377898,1.1878979,1.367898,2.187898,1.787898,-0.31210205,3.047898,4.6078978,3.877898,4.027898,3.2778978,1.037898,0.32789794,1.387898,2.0178978,-0.17210205,-0.79210204,-1.122102,3.367898,4.197898,3.577898,2.357898,2.117898,-2.092102,-2.772102,-2.2521021,3.297898
-2.342102,-3.072102,-3.582102,-4.062102,-4.002102,-2.342102,0.34789795,1.027898,-2.2621021,-1.462102,-2.2421021,-1.712102,-1.9421021,-1.5321021,1.4578979,2.957898,1.597898,5.1278977,4.727898,4.087898,3.887898,2.657898,3.477898,4.057898,2.337898,1.1878979,-1.972102,-1.5721021,-0.6321021,-2.4721022,0.07789795,-0.47210205,2.537898,3.0078979,2.977898,-0.10210205,-2.2621021,-1.6921021,-2.362102,-2.352102,-2.0121021
-1.6921021,-1.352102,-1.272102,-2.632102,-2.452102,-1.732102,-2.312102,-1.882102,-1.4121021,-0.82210207,-0.97210205,-0.10210205,-3.2621021,-1.0421021,-0.5021021,3.227898,2.437898,2.877898,-1.392102,-0.45210207,3.097898,5.507898,5.277898,4.097898,4.1478977,2.557898,1.607898,-1.592102,-1.5521021,-2.452102,-1.492102,-1.2821021,-1.022102,-2.672102,-0.35210204,0.64789796,-1.712102,-0.26210204,0.22789794,0.30789796,-0.86210203
-1.9121021,-2.032102,-2.462102,-1.5321021,-1.5421021,-1.7021021,-0.37210205,0.46789795,-1.0421021,-1.362102,-0.79210204,-1.592102,-2.422102,-0.97210205,0.6878979,2.327898,2.107898,2.227898,3.177898,1.517898,3.057898,3.447898,2.077898,3.567898,3.7478979,4.327898,2.157898,1.907898,0.08789795,0.33789796,-0.51210207,-1.642102,-1.642102,-2.4821022,-1.7021021,-0.8121021,-3.172102,-0.43210205,-1.402102,-1.8121021,-2.892102
-2.202102,-2.0121021,-1.992102,-1.992102,-2.442102,-4.332102,0.017897949,1.247898,0.35789794,0.10789795,-0.622102,-0.07210205,-0.802102,-1.7921021,3.7478979,3.877898,3.307898,0.7478979,2.787898,1.647898,1.8278979,1.157898,1.9678979,0.20789795,2.837898,2.887898,1.777898,2.187898,1.287898,0.25789794,0.14789794,-1.9421021,-3.142102,-2.612102,-1.512102,-1.022102,0.29789793,-1.902102,0.03789795,1.767898,1.3278979
-2.462102,-2.582102,-2.2621021,-3.152102,-3.192102,-3.682102,-3.0021021,-1.0521021,-0.24210206,0.36789796,0.03789795,-1.002102,0.14789794,0.29789793,3.137898,3.977898,2.537898,2.067898,0.15789795,1.0778979,1.9278979,3.817898,2.587898,3.447898,2.107898,3.157898,2.067898,1.4278979,-0.0021020507,0.34789795,-0.92210203,-2.342102,-2.132102,-2.192102,-1.6921021,0.03789795,0.32789794,1.0878979,0.627898,-0.17210205,-1.152102
-1.0721021,-2.312102,-1.9521021,-2.692102,-2.452102,-3.782102,-4.322102,-3.092102,-2.312102,-1.472102,0.627898,-1.5621021,-1.472102,1.0578979,3.9878979,3.917898,3.127898,2.567898,1.2178979,1.387898,4.317898,0.627898,1.247898,1.3078979,1.777898,1.377898,2.2478979,2.2778978,1.0578979,-0.20210205,-0.85210204,-1.8021021,-2.2421021,-2.852102,-2.592102,-3.872102,-2.9721022,-1.8321021,-1.262102,-0.43210205,1.2978979
-0.52210206,-0.77210206,-1.092102,-0.21210206,-1.602102,-1.8021021,-3.362102,-2.592102,-0.8821021,-0.65210205,-0.12210205,-0.36210206,-2.892102,1.257898,0.8678979,2.2778978,1.8178979,1.777898,1.997898,2.167898,3.7678978,3.5078979,3.077898,2.927898,3.037898,2.807898,1.657898,0.9378979,-0.41210204,-0.64210206,-0.29210204,-1.1921021,-1.262102,-1.9221021,-2.5021021,-2.942102,-3.322102,-2.282102,-3.452102,-4.022102,-2.312102
0.697898,0.42789796,-0.46210206,0.007897949,-0.85210204,-1.472102,-3.362102,-2.882102,-1.272102,1.877898,0.84789795,0.08789795,-0.28210205,-1.102102,-0.802102,1.8278979,2.127898,2.367898,2.847898,1.987898,1.867898,1.9578979,2.427898,2.607898,2.307898,1.657898,1.117898,1.0678979,0.16789795,-0.51210207,-0.89210206,-1.512102,-2.142102,-1.5421021,-2.432102,-2.772102,-2.7521021,-2.662102,-3.402102,-3.932102,-3.632102
-1.892102,-2.062102,-1.3221021,-1.142102,0.58789796,0.73789793,-2.132102,-2.122102,-1.762102,-1.212102,1.2178979,2.0078979,1.367898,0.96789795,1.247898,2.107898,2.9978979,2.357898,2.0078979,1.897898,2.347898,2.627898,2.597898,2.917898,2.7478979,2.627898,2.4978979,2.107898,1.507898,0.82789797,0.027897948,-0.41210204,-1.0521021,-1.122102,-1.4221021,-2.392102,-2.912102,-2.822102,-3.292102,-4.532102,-3.872102
