wind_kz.json
{"header": {"discipline":0,"disciplineName":"Meteorological products","gribEdition":2,"gribLength":1025,"center":7,"centerName":"US National Weather Service - NCEP(WMC)","subcenter":0,"refTime":"2023-09-30T18:00:00.000Z","significanceOfRT":1,"significanceOfRTName":"Start of forecast","productStatus":0,"productStatusName":"Operational products","productType":1,"productTypeName":"Forecast products","productDefinitionTemplate":0,"productDefinitionTemplateName":"Analysis/forecast at horizontal level/layer at a point in time","parameterCategory":2,"parameterCategoryName":"UnknownDiscipline_0_Category_2","parameterNumber":3,"parameterNumberName":"UnknownParameter_D0_C2_3","parameterUnit":"Unknown","genProcessType":2,"genProcessTypeName":"Forecast","forecastTime":300,"surface1Type":103,"surface1TypeName":"Specified height level above ground","surface1Value":10.0,"surface2Type":255,"surface2TypeName":"Missing","surface2Value":0.0,"gridDefinitionTemplate":0,"gridDefinitionTemplateName":"Latitude_Longitude","numberPoints":615,"shape":6,"shapeName":"Earth spherical with radius of 6,371,229.0 m","gridUnits":"degrees","resolution":48,"winds":"true","scanMode":64,"nx":41,"ny":15,"basicAngle":0,"lo1":47.0,"la1":41.0,"lo2":87.0,"la2":55.0,"dx":1.0,"dy":1.0}, "data":
[rows 0 to 14 of 15, columns 0 to 40 of 41]
-0.19041993,1.22958,-1.9404199,-4.55042,-2.72042,-3.86042,-0.050419923,1.1895801,1.1695801,1.5595801,2.39958,2.2695801,2.03958,1.84958,1.0095801,-0.14041992,-0.9604199,-0.5504199,-0.8704199,1.0595801,2.4795802,0.7995801,-0.11041992,1.3295801,1.9595801,-0.11041992,0.43958008,2.05958,0.12958008,-0.26041993,0.6895801,1.6595801,-0.9604199,0.16958007,0.22958007,-0.45041993,-0.7504199,0.26958007,1.7995801,0.6795801,-0.050419923
2.0195801,-1.64042,-5.81042,-1.8304199,-0.6404199,-1.14042,-0.20041992,0.119580075,0.48958007,0.119580075,0.37958008,1.6595801,1.22958,1.1795801,1.33958,1.34958,0.70958006,0.46958008,2.03958,1.10958,-0.54041994,-1.8404199,0.96958005,3.4895802,1.8895801,2.2495801,1.21958,2.14958,-0.6104199,3.86958,1.35958,2.53958,0.51958007,0.8795801,1.8095801,2.9695802,1.6395801,1.84958,1.9395801,1.99958,0.14958008
-1.0504199,-3.41042,-3.7304199,-1.4604199,-1.75042,-1.7104199,-0.79041994,-1.2004199,-0.4404199,-0.12041992,0.17958008,-0.11041992,0.20958008,1.22958,2.10958,2.03958,3.30958,2.08958,2.4995801,2.52958,1.72958,0.13958007,0.32958007,1.83958,-1.8404199,-1.5604199,-0.60041994,-1.2104199,-1.3204199,-0.9404199,1.35958,1.98958,-1.3304199,1.4395801,0.22958007,-2.40042,-2.11042,2.06958,-1.1804199,0.58958006,2.11958
-2.32042,-3.4804199,-3.40042,-1.90042,-1.8104199,-1.4904199,-1.76042,-0.97041994,-1.5604199,-1.38042,-0.8604199,-0.29041994,1.1495801,2.08958,1.8095801,3.02958,3.60958,4.03958,3.93958,4.8695803,3.06958,2.33958,-3.07042,-1.5904199,1.60958,-0.30041993,-2.5104198,-2.58042,0.8895801,3.56958,3.68958,-0.7004199,-0.6404199,-1.5504199,1.09958,0.08958008,2.66958,5.05958,-2.3004198,-1.27042,-1.1704199
-3.7304199,-5.3804197,-6.10042,-6.43042,-6.29042,-5.16042,-4.83042,-4.06042,-4.06042,-4.10042,-4.27042,-3.89042,-3.14042,-0.78041995,2.4595802,2.2595801,5.0995803,5.90958,5.53958,7.17958,6.1395802,5.44958,2.58958,1.9295801,4.08958,1.96958,1.9295801,0.47958007,3.4595802,2.91958,1.7695801,0.8795801,2.79958,3.2295802,0.25958008,1.0495801,1.1395801,0.46958008,2.16958,0.95958006,-0.6304199
-4.3804197,-4.3604198,-6.20042,-7.18042,-7.79042,-7.51042,-6.39042,-6.07042,-5.78042,-5.52042,-5.79042,-5.8604198,-5.56042,-4.81042,-3.0004199,-1.7904199,3.31958,6.02958,7.3895802,7.17958,7.44958,8.22958,8.16958,7.03958,5.62958,7.0795803,6.31958,4.25958,4.23958,4.10958,0.6995801,2.7195802,2.54958,-0.40041992,1.08958,1.34958,-0.8004199,0.3095801,0.12958008,1.8895801,3.37958
-4.62042,-4.75042,-5.66042,-6.3604198,-6.66042,-6.46042,-7.25042,-7.52042,-6.3604198,-6.71042,-7.22042,-6.53042,-6.71042,-6.31042,-6.49042,-5.84042,-3.2704198,4.47958,5.95958,6.48958,8.61958,8.86958,10.00958,8.98958,8.05958,6.03958,6.33958,5.72958,5.41958,4.41958,5.40958,3.78958,4.3495803,5.25958,3.81958,2.34958,0.89958006,2.2195802,2.05958,1.9295801,1.99958
-5.00042,-4.78042,-5.14042,-5.73042,-6.41042,-6.9204197,-7.32042,-6.78042,-6.80042,-7.10042,-7.3804197,-7.29042,-7.41042,-7.9004197,-7.71042,-7.98042,-6.55042,-6.30042,4.3495803,6.95958,6.8895802,8.3795805,9.089581,10.17958,7.8495803,9.11958,9.53958,8.23958,6.62958,6.05958,5.31958,4.30958,3.57958,4.21958,3.43958,0.7595801,-0.15041992,-1.1004199,-0.4404199,-0.60041994,-0.11041992
-4.79042,-4.4204197,-4.62042,-5.70042,-5.8804197,-5.81042,-5.8804197,-6.44042,-6.53042,-7.03042,-6.96042,-7.41042,-7.60042,-7.45042,-7.1504197,-7.34042,-6.49042,-7.1104198,-4.6304197,-2.35042,6.14958,8.36958,9.31958,9.25958,9.42958,9.72958,9.15958,9.18958,9.16958,7.69958,6.26958,4.47958,1.2795801,1.74958,2.7095802,3.11958,2.6995802,1.59958,0.8795801,-0.10041992,1.1795801
-3.4804199,-4.12042,-4.19042,-5.19042,-5.05042,-5.19042,-6.00042,-6.56042,-6.70042,-6.3604198,-6.60042,-6.6504197,-6.6104198,-6.50042,-7.10042,-8.22042,-8.60042,-7.08042,-5.49042,-5.1704197,2.62958,6.33958,8.30958,8.69958,8.30958,9.13958,7.89958,7.68958,5.43958,6.5995803,5.72958,3.64958,4.1195803,1.6495801,2.87958,2.90958,1.08958,0.6395801,1.0295801,0.71958005,-0.04041992
-2.7804198,-2.7704198,-3.5404198,-4.83042,-4.34042,-5.01042,-5.41042,-5.95042,-6.9004197,-6.29042,-4.66042,-4.70042,-7.1504197,-6.46042,-6.28042,-7.69042,-8.3704195,-9.09042,-7.26042,-5.57042,-2.84042,0.41958007,3.56958,5.58958,4.8695803,6.73958,6.22958,6.5795803,5.70958,5.0995803,5.0995803,4.89958,3.5095801,2.16958,1.2095801,2.0095801,1.71958,-0.27041993,0.9195801,1.4195801,0.4995801
-2.32042,-2.40042,-2.7604198,-3.60042,-4.39042,-5.00042,-4.96042,-5.52042,-6.12042,-5.81042,-3.7804198,-3.83042,-4.76042,-5.47042,-6.19042,-6.98042,-7.59042,-7.81042,-6.72042,-6.33042,-4.24042,-1.9304199,0.059580076,1.60958,2.4795802,4.52958,5.56958,5.55958,4.64958,5.06958,4.89958,4.03958,2.31958,2.54958,2.06958,1.4595801,0.28958008,-0.90041995,-1.1704199,0.19958007,0.37958008
-1.63042,-2.7504199,-3.06042,-2.87042,-3.18042,-2.65042,-3.83042,-5.19042,-6.8604198,-5.73042,-3.40042,-2.64042,-4.8804197,-4.9204197,-4.48042,-5.44042,-6.1104198,-5.80042,-5.64042,-4.46042,-2.91042,-1.2904199,0.3095801,1.96958,3.18958,2.08958,2.84958,3.90958,4.53958,3.13958,3.61958,3.7095802,2.55958,1.83958,1.2095801,0.38958007,-4.1992188E-4,0.17958008,0.84958005,1.2595801,1.3195801
-1.9904199,-2.56042,-2.88042,-2.81042,-2.70042,-3.0304198,-4.06042,-4.3804197,-4.72042,-5.24042,-2.5504198,-1.78042,-3.35042,-3.59042,-4.41042,-3.87042,-4.47042,-4.8604198,-3.07042,-3.2304199,-2.70042,-1.8604199,-0.84041995,-0.4104199,0.18958008,0.76958007,1.23958,1.7895801,2.4595802,2.17958,2.67958,2.4695802,1.34958,0.21958008,-0.13041992,0.16958007,0.06958008,-0.050419923,0.079580076,1.22958,1.84958
-1.01042,-2.0104198,-3.46042,-2.2904198,-2.2704198,-2.5204198,-3.45042,-4.00042,-3.96042,-3.97042,-1.90042,-2.58042,-1.8304199,-2.2804198,-3.61042,-3.3004198,-3.61042,-4.08042,-3.39042,-2.45042,-2.37042,-1.7404199,-1.1004199,-0.26041993,-0.65041995,0.52958006,0.96958005,1.0795801,1.5595801,1.99958,1.5495801,-0.23041992,-0.20041992,-0.6204199,-0.5204199,-0.7704199,-0.6204199,-0.90041995,0.23958008,1.0795801,1.4395801
