wind_kz.json
{"header": {"discipline":0,"disciplineName":"Meteorological products","gribEdition":2,"gribLength":1025,"center":7,"centerName":"US National Weather Service - NCEP(WMC)","subcenter":0,"refTime":"2023-09-24T12:00:00.000Z","significanceOfRT":1,"significanceOfRTName":"Start of forecast","productStatus":0,"productStatusName":"Operational products","productType":1,"productTypeName":"Forecast products","productDefinitionTemplate":0,"productDefinitionTemplateName":"Analysis/forecast at horizontal level/layer at a point in time","parameterCategory":2,"parameterCategoryName":"UnknownDiscipline_0_Category_2","parameterNumber":3,"parameterNumberName":"UnknownParameter_D0_C2_3","parameterUnit":"Unknown","genProcessType":2,"genProcessTypeName":"Forecast","forecastTime":60,"surface1Type":103,"surface1TypeName":"Specified height level above ground","surface1Value":10.0,"surface2Type":255,"surface2TypeName":"Missing","surface2Value":0.0,"gridDefinitionTemplate":0,"gridDefinitionTemplateName":"Latitude_Longitude","numberPoints":615,"shape":6,"shapeName":"Earth spherical with radius of 6,371,229.0 m","gridUnits":"degrees","resolution":48,"winds":"true","scanMode":64,"nx":41,"ny":15,"basicAngle":0,"lo1":47.0,"la1":41.0,"lo2":87.0,"la2":55.0,"dx":1.0,"dy":1.0}, "data":
[rows 0 to 14 of 15, columns 0 to 40 of 41]
-0.61319333,-2.1331933,1.0568067,-4.0731936,-1.9031934,-1.2331934,-0.7431934,-0.8131934,-2.6731935,-2.6731935,-4.4031935,-3.0131934,-3.5931933,-3.9731934,-4.5631933,-4.8531933,-3.3931932,-1.7231934,-2.5031934,-1.5631933,-1.4431933,0.8068066,-0.16319336,-1.0331933,-1.0631933,-0.9931934,-1.1831933,1.1868067,0.26680663,-0.26319337,-1.8831934,-1.7331934,0.8068066,-0.85319334,1.7868066,1.4568067,2.0168066,2.3668067,2.5768065,2.1568067,1.3268067
3.3168066,1.7368066,0.48680663,-2.4531934,-0.38319337,1.2768066,-1.9531933,-0.15319335,-1.4731934,-2.5731933,-3.6431932,-4.2131934,-3.7131934,-3.7331934,-4.6931934,-4.7731934,-3.4131935,-3.5531933,-3.8731933,-3.7231934,-2.4531934,-2.2031934,1.9768066,1.5468067,-0.31319335,-0.6231934,-2.0631933,1.0468067,0.66680664,1.3068067,1.7368066,2.6768067,-0.35319337,-2.7931933,-3.3131933,-0.54319334,-0.84319335,-0.86319333,-0.37319335,-0.29319337,-0.6831934
3.1568067,3.3468065,1.1668067,0.64680666,-0.77319336,0.24680664,0.13680664,-1.6731933,-1.6731933,-2.7931933,-3.6831934,-3.2131934,-3.7431934,-3.9331934,-4.1131935,-4.4831934,-3.7431934,-4.2131934,-3.9731934,-3.7231934,-2.9731934,-2.0531933,-1.8331933,-0.78319335,0.27680665,-0.10319336,0.10680664,0.33680665,-0.28319335,0.78680664,2.6168067,0.57680666,1.5368066,-0.52319336,-1.1331934,1.7968067,1.2268066,-0.24319336,-0.49319336,-0.96319336,-0.6231934
0.01680664,1.2868066,0.60680664,-0.07319336,-0.60319334,-0.5731934,-0.7431934,-0.0031933594,-0.9431934,-2.1631935,-3.0031934,-4.223193,-5.413193,-4.9831934,-4.013193,-4.0731936,-4.0931935,-4.2831936,-4.6231933,-5.5831933,-4.1231933,-1.7531934,1.8768066,-0.28319335,-1.1431934,-1.2731934,-1.4331933,-1.0031934,1.2668066,-1.1431934,-2.3231933,0.25680664,-0.8831934,0.13680664,-0.15319335,-2.4531934,-1.2331934,2.3968067,1.3368067,0.026806641,2.0568066
-1.4431933,-0.6831934,-0.40319335,-0.24319336,-0.05319336,-0.49319336,-0.8231934,-0.21319336,-0.85319334,-2.5231934,-2.6831934,-3.8831933,-4.0631933,-4.8331933,-5.0231934,-4.2531934,-4.1731935,-3.2831933,-3.7131934,-4.0531936,-2.8331933,-0.85319334,-1.4231933,-1.2331934,-1.1131934,-1.1231934,-1.1431934,-0.5031934,-0.12319336,-1.0931934,-2.6531935,-0.39319336,1.3868066,2.0768065,-0.8831934,-1.2931933,-1.9231933,0.13680664,1.5468067,2.6368067,1.2568066
-0.6331934,-0.6831934,-0.34319335,-1.1331934,-1.9231933,-2.0031934,-1.6531934,-2.1531935,-2.3131933,-2.0631933,-3.1031933,-3.2031934,-3.5531933,-3.8131933,-3.5431933,-3.8831933,-3.8931932,-3.0031934,-3.1131933,-3.1631935,-3.1631935,-1.8431934,0.07680664,-0.6331934,-0.77319336,-1.2631934,-2.1231933,-2.1631935,-1.3231933,0.48680663,-1.0531933,-2.0431933,-2.2531934,-2.3931932,1.7568066,-0.11319336,2.0868065,1.1968067,-2.5531933,1.9268067,1.6568066
-0.29319337,-0.58319336,-1.1431934,-1.9931934,-2.3131933,-2.2431934,-1.8331933,-2.4931934,-2.0631933,-2.5331933,-4.013193,-1.2231934,-2.6131933,-2.4931934,-2.2931933,-3.0331933,-3.3731933,-3.0231934,-4.1031933,-2.4831934,-3.4731934,-2.8531933,-0.79319334,0.5568066,-0.77319336,-1.2731934,-1.6431934,-1.3131933,0.7468066,1.5268066,0.0068066404,-0.7431934,-2.0531933,-4.3131933,-1.1731933,-0.52319336,-2.6631935,-2.6631935,-2.3031933,-2.1431932,-3.2131934
-1.1931933,-1.8431934,-2.4131935,-1.8831934,-2.2431934,-2.2231934,-0.6331934,-1.7031933,-2.1531935,-2.7831933,-3.0231934,-2.5331933,-3.0731933,-1.6531934,-2.1531935,-2.7431934,-2.5731933,-3.0031934,-2.0631933,-2.4031935,-1.4531933,-3.1131933,-2.8331933,-1.7631934,-0.7431934,-0.51319337,-0.54319334,-0.38319337,-0.38319337,2.2568066,0.15680665,-0.60319334,-1.6831933,-2.9031935,-0.86319333,0.07680664,-0.72319335,1.1068066,-0.04319336,-0.6831934,-2.0331933
-0.6831934,-1.9331933,-1.3931934,-2.6831934,-2.8231933,-1.3231933,-2.9731934,-2.2531934,-1.9131933,-2.4131935,-3.4131935,-2.9031935,-2.5531933,-3.2731934,-3.8131933,-3.9631934,-4.6931934,-3.2931933,-3.0631933,-1.7631934,0.5568066,-0.16319336,-1.2031933,-0.52319336,1.0368066,0.28680664,1.5468067,-0.06319336,-0.80319333,-0.31319335,-0.5731934,-0.32319337,0.39680663,1.3668066,1.1668067,0.17680664,-1.1531934,-1.6431934,-1.8731934,-1.9031934,-4.4431934
-1.5931934,-2.0331933,-1.5331933,-1.3631934,-1.6331934,-1.5031934,-1.8131933,-2.3431933,-2.7831933,-2.7031934,-3.0431933,-1.6431934,-2.3931932,-2.6831934,-3.2831933,-3.6631935,-3.4431934,-4.1931934,-4.0731936,-4.2931933,-2.7131934,-4.4031935,-2.5831933,1.1468066,1.2368066,1.5768067,1.3568066,0.36680663,0.026806641,0.38680664,1.1768067,2.1968067,2.5568066,2.3368065,1.3568066,0.73680663,0.41680664,-2.7631934,-1.2731934,2.4768066,3.8468065
-0.42319337,-1.0431933,-1.5131934,-1.4631934,-1.2831933,-0.77319336,-0.73319334,-0.95319337,-2.6931934,-3.1131933,-1.8531934,-0.72319335,-1.7931933,-1.5131934,-3.0031934,-3.3731933,-3.6431932,-4.2131934,-3.7231934,-4.683193,-3.8131933,-3.4931934,-4.7331934,-4.0931935,-3.2531934,-1.4331933,1.0868067,-0.37319335,1.7568066,0.44680664,2.9268067,3.0968065,2.7768066,2.0768065,1.6768067,1.2268066,0.30680665,2.5368066,1.6268066,1.6568066,-0.06319336
-0.25319335,-1.0231934,-1.4731934,-1.4531933,-0.7431934,-1.1731933,-0.6931934,-0.95319337,-2.1531935,-1.6931933,-1.2031933,-1.5731933,-1.8431934,-2.1831934,-2.7331934,-3.0231934,-2.5531933,-3.0431933,-2.8331933,-3.0631933,-3.2031934,-3.4831934,-3.0331933,-3.5631933,-5.8331933,-4.5231934,-1.4531933,-2.3331933,-1.9431933,1.4768066,3.1268067,3.7568066,2.5868065,2.7268066,1.6368066,0.64680666,1.2068067,2.3868067,2.3368065,1.9768066,1.2568066
-0.07319336,-1.0831933,-1.2031933,-0.96319336,-0.92319334,-0.51319337,-0.66319335,-0.61319333,-1.4231933,-1.2331934,-0.36319336,-0.40319335,-0.35319337,-1.7331934,-2.6731935,-3.0031934,-2.9531934,-2.8531933,-2.5431933,-2.0331933,-1.9831934,-2.1331933,-2.0931933,-2.6731935,-4.3931932,-4.3331933,-3.7531934,-3.6531935,-4.5331936,0.5668066,3.3268065,4.1968064,4.0568066,3.1468067,2.8868067,2.5568066,2.0768065,1.0368066,1.1168066,0.36680663,0.20680664
0.18680663,-0.19319336,-0.6231934,-0.9931934,-1.2031933,-1.2131934,-1.1331934,-1.3531934,-0.51319337,-0.72319335,0.45680663,-0.25319335,-0.09319336,-0.39319336,-2.2231934,-2.4231935,-2.5031934,-2.6231933,-2.8931932,-3.0131934,-1.8631934,-1.8831934,-1.4531933,-1.8131933,-1.9331933,-3.1931934,-4.3131933,-4.7931933,-4.8031936,-5.3231936,0.29680663,3.2868066,4.1368065,4.3468065,3.0968065,3.3968067,2.6268067,1.9468067,1.1668067,1.1768067,1.0768067
-0.72319335,-1.4731934,-0.96319336,-0.31319335,-0.5031934,0.35680664,0.026806641,0.13680664,0.24680664,-0.36319336,0.26680663,1.0268066,1.0468067,-0.55319333,-1.8031933,-2.2531934,-2.2631934,-2.2331934,-1.8631934,-2.4931934,-3.0131934,-0.7431934,1.5168066,-1.2931933,-1.1531934,-1.3631934,-2.5731933,-3.1831934,-3.9131935,-3.8831933,-4.243193,-0.0031933594,2.6168067,4.046807,4.6868067,4.2868066,4.1168065,3.0268066,2.2068067,2.5868065,0.82680666
