wind_kz.json
{"header": {"discipline":0,"disciplineName":"Meteorological products","gribEdition":2,"gribLength":871,"center":7,"centerName":"US National Weather Service - NCEP(WMC)","subcenter":0,"refTime":"2024-02-03T00:00:00.000Z","significanceOfRT":1,"significanceOfRTName":"Start of forecast","productStatus":0,"productStatusName":"Operational products","productType":1,"productTypeName":"Forecast products","productDefinitionTemplate":0,"productDefinitionTemplateName":"Analysis/forecast at horizontal level/layer at a point in time","parameterCategory":0,"parameterCategoryName":"UnknownDiscipline_0_Category_0","parameterNumber":0,"parameterNumberName":"UnknownParameter_D0_C0_0","parameterUnit":"Unknown","genProcessType":2,"genProcessTypeName":"Forecast","forecastTime":240,"surface1Type":1,"surface1TypeName":"Ground or water surface","surface1Value":0.0,"surface2Type":255,"surface2TypeName":"Missing","surface2Value":0.0,"gridDefinitionTemplate":0,"gridDefinitionTemplateName":"Latitude_Longitude","numberPoints":615,"shape":6,"shapeName":"Earth spherical with radius of 6,371,229.0 m","gridUnits":"degrees","resolution":48,"winds":"true","scanMode":64,"nx":41,"ny":15,"basicAngle":0,"lo1":47.0,"la1":41.0,"lo2":87.0,"la2":55.0,"dx":1.0,"dy":1.0}, "data":
[rows 0 to 14 of 15, columns 0 to 40 of 41]
277.10004,273.10004,278.10004,280.40002,280.60004,281.7,280.2,280.80002,279.50003,279.2,278.80002,279.50003,279.00003,278.60004,278.40002,277.60004,277.90002,276.80002,279.30002,278.00003,278.50003,277.2,277.50003,273.90002,272.50003,275.40002,271.40002,253.20003,253.70003,251.90002,255.00003,254.60002,261.60004,269.2,270.50003,271.10004,270.40002,270.80002,270.90002,270.90002,271.10004
261.30002,277.30002,280.10004,279.90002,280.50003,281.00003,279.40002,279.30002,278.60004,278.40002,278.40002,278.30002,278.2,277.60004,277.80002,277.40002,277.7,278.50003,276.90002,277.60004,277.2,276.40002,274.90002,265.90002,250.50003,255.60002,259.30002,248.10002,254.20003,252.50003,261.10004,243.00003,260.2,242.00003,252.30002,263.00003,267.7,268.7,269.7,265.00003,267.40002
276.00003,278.60004,279.80002,280.2,280.30002,279.2,278.30002,277.7,277.50003,277.00003,277.00003,277.30002,277.60004,277.10004,275.2,273.50003,274.80002,272.7,272.60004,273.10004,274.2,274.50003,274.30002,264.10004,272.50003,269.60004,268.7,270.80002,272.00003,264.60004,253.20003,256.50003,258.2,257.80002,254.60002,263.2,255.40002,252.00003,251.30002,254.40002,252.20003
276.40002,275.60004,277.60004,278.7,278.90002,278.00003,277.30002,277.50003,277.7,277.2,276.80002,276.60004,281.00003,281.60004,276.2,272.7,273.30002,272.40002,272.40002,272.60004,274.2,268.60004,272.10004,272.50003,272.30002,272.10004,270.90002,266.10004,270.80002,270.7,270.00003,269.30002,271.60004,267.60004,262.7,267.60004,261.80002,256.60004,265.90002,266.30002,266.50003
275.80002,272.80002,271.7,272.50003,274.90002,277.60004,275.7,276.50003,276.80002,275.2,274.50003,275.40002,278.80002,278.80002,278.00003,272.7,272.7,272.80002,272.50003,272.40002,273.80002,272.80002,270.80002,272.00003,271.10004,267.50003,266.30002,270.00003,271.00003,272.50003,272.30002,272.50003,265.50003,252.90002,265.60004,267.00003,266.10004,264.2,261.90002,261.40002,264.10004
276.50003,275.7,271.60004,271.50003,271.2,270.80002,276.60004,276.2,273.80002,273.90002,273.40002,273.00003,277.80002,278.90002,271.2,272.7,271.80002,272.10004,271.7,271.60004,269.40002,271.40002,271.50003,268.00003,265.00003,266.10004,271.40002,268.7,268.50003,269.00003,270.50003,271.10004,267.50003,270.30002,269.80002,267.40002,265.10004,265.2,267.60004,265.2,259.40002
276.10004,275.50003,276.90002,276.00003,273.30002,275.40002,276.30002,273.80002,272.7,272.60004,272.00003,271.30002,271.7,271.80002,271.7,272.10004,268.30002,266.80002,268.50003,263.00003,264.50003,265.10004,265.30002,266.30002,265.60004,262.40002,268.7,268.7,266.10004,267.30002,267.30002,267.40002,270.40002,267.50003,268.7,270.40002,267.00003,267.10004,265.7,261.7,263.30002
275.80002,275.50003,274.50003,274.40002,274.50003,274.30002,273.30002,272.80002,272.10004,270.90002,267.90002,269.50003,267.60004,266.7,271.00003,269.90002,269.7,272.00003,272.00003,272.2,270.10004,267.00003,265.2,264.60004,265.40002,263.2,268.90002,265.10004,269.50003,270.30002,267.60004,270.40002,271.00003,268.40002,271.2,272.50003,272.60004,271.10004,270.7,270.10004,269.30002
275.2,274.7,274.40002,274.2,273.30002,274.2,273.10004,271.80002,272.30002,272.2,271.80002,270.2,272.60004,271.90002,273.2,272.90002,273.2,272.7,273.2,273.2,271.30002,271.90002,272.80002,273.00003,272.10004,272.50003,270.50003,270.90002,271.80002,272.2,273.10004,273.2,273.50003,272.60004,272.80002,271.90002,272.2,270.50003,263.30002,262.50003,261.2
275.50003,274.40002,274.60004,275.80002,275.00003,273.50003,273.2,273.2,273.2,272.80002,272.90002,272.80002,272.60004,272.30002,272.50003,272.40002,272.00003,271.7,270.40002,270.80002,271.2,270.7,271.2,269.7,268.00003,267.60004,268.40002,269.10004,272.10004,272.10004,272.00003,271.90002,271.50003,272.30002,273.2,273.2,272.30002,267.2,267.50003,264.7,261.80002
273.7,273.2,273.10004,272.60004,272.60004,271.80002,271.7,271.50003,270.40002,270.50003,270.80002,271.10004,270.40002,265.30002,265.40002,264.80002,263.2,265.30002,261.40002,257.50003,258.40002,257.90002,256.50003,255.10002,256.00003,253.70003,258.30002,264.2,266.2,267.80002,268.2,269.00003,267.7,267.60004,268.00003,268.50003,270.7,268.30002,268.40002,268.80002,265.80002
270.30002,270.90002,270.90002,270.50003,269.7,269.40002,268.60004,268.60004,266.7,265.90002,260.90002,263.30002,262.40002,260.00003,263.10004,261.90002,260.40002,258.40002,255.70003,257.30002,253.70003,255.60002,254.60002,254.10002,255.00003,258.00003,258.7,262.7,263.40002,262.60004,261.10004,260.2,262.80002,259.50003,261.60004,261.50003,264.7,267.50003,267.7,268.7,268.60004
267.7,267.2,267.2,266.30002,266.60004,265.90002,263.60004,260.40002,259.30002,257.7,251.50003,253.10002,259.40002,257.60004,259.50003,258.00003,257.40002,257.7,256.40002,255.60002,256.00003,256.80002,258.30002,258.50003,259.7,259.90002,260.80002,259.30002,259.40002,259.40002,258.80002,259.10004,259.30002,259.30002,260.40002,260.10004,260.7,262.10004,262.60004,262.50003,264.90002
265.10004,263.50003,260.30002,259.90002,256.90002,255.00003,255.10002,253.80002,254.80002,251.80002,247.80002,247.40002,249.70003,254.00003,256.2,256.2,258.30002,258.10004,255.70003,257.7,258.10004,258.50003,258.90002,258.90002,258.30002,258.30002,258.10004,258.2,258.2,257.80002,257.40002,257.30002,257.30002,257.00003,257.50003,257.2,258.00003,258.10004,259.00003,259.10004,259.40002
257.40002,256.40002,253.90002,252.40002,251.50003,250.30002,252.00003,249.50003,251.30002,248.50003,250.70003,247.40002,252.40002,253.10002,257.50003,256.60004,257.10004,256.90002,257.30002,256.80002,256.80002,256.80002,257.30002,257.80002,258.30002,258.50003,258.2,258.00003,258.30002,258.10004,258.30002,257.80002,257.80002,257.7,257.90002,257.7,257.40002,257.2,258.7,258.40002,259.40002
