wind_kz.json
{"header": {"discipline":0,"disciplineName":"Meteorological products","gribEdition":2,"gribLength":1102,"center":7,"centerName":"US National Weather Service - NCEP(WMC)","subcenter":0,"refTime":"2023-09-23T18:00:00.000Z","significanceOfRT":1,"significanceOfRTName":"Start of forecast","productStatus":0,"productStatusName":"Operational products","productType":1,"productTypeName":"Forecast products","productDefinitionTemplate":0,"productDefinitionTemplateName":"Analysis/forecast at horizontal level/layer at a point in time","parameterCategory":2,"parameterCategoryName":"UnknownDiscipline_0_Category_2","parameterNumber":2,"parameterNumberName":"UnknownParameter_D0_C2_2","parameterUnit":"Unknown","genProcessType":2,"genProcessTypeName":"Forecast","forecastTime":300,"surface1Type":103,"surface1TypeName":"Specified height level above ground","surface1Value":10.0,"surface2Type":255,"surface2TypeName":"Missing","surface2Value":0.0,"gridDefinitionTemplate":0,"gridDefinitionTemplateName":"Latitude_Longitude","numberPoints":615,"shape":6,"shapeName":"Earth spherical with radius of 6,371,229.0 m","gridUnits":"degrees","resolution":48,"winds":"true","scanMode":64,"nx":41,"ny":15,"basicAngle":0,"lo1":47.0,"la1":41.0,"lo2":87.0,"la2":55.0,"dx":1.0,"dy":1.0}, "data":
[rows 0 to 14 of 15, columns 0 to 40 of 41]
-2.6212304,1.1487695,-2.1612306,-6.8612304,-9.33123,-10.101231,-8.571231,-8.34123,-10.861231,-6.5112305,-6.9112306,-6.5912304,-5.8612304,-5.5812306,-5.2512302,-4.9912305,-4.7112303,-4.3012304,-4.6212306,-1.8812305,2.2587695,2.9787695,3.3487694,3.5687695,-0.9212305,4.2787695,-0.65123045,3.1387696,1.4087695,0.6287695,2.4387696,0.46876952,-1.0212305,-0.89123046,-0.65123045,1.7487695,1.3587695,0.90876955,2.2187696,-0.7512305,1.7187696
-0.6112305,-4.2512302,-5.4312305,-8.17123,-8.67123,-8.901231,-7.5412307,-9.651231,-8.30123,-7.3112307,-6.7912307,-6.1612306,-5.8812304,-5.2312303,-5.6812305,-5.3712306,-4.5912304,-5.3412304,-3.6712306,-1.1112305,0.70876956,-2.7012305,0.34876955,3.8487694,2.3087695,1.3787695,1.0887696,0.66876954,-0.7412305,0.7487695,1.6587695,1.5787696,-2.2612305,2.5487695,0.13876954,-0.28123048,-0.21123047,0.77876955,0.8887695,-1.1712304,-1.8112304
-5.8312306,-7.0212307,-7.5412307,-8.571231,-9.16123,-8.00123,-7.9112306,-7.0612307,-7.9412303,-6.5312304,-6.3312306,-5.6712303,-6.1812305,-5.3012304,-5.0012302,-5.2812304,-5.5112305,-4.7412305,-3.9312305,-2.8512304,-1.3512305,-0.9212305,-6.8712306,-4.5212307,1.0187695,2.5087695,1.8487695,1.9887695,4.2087693,1.3887695,1.8087696,-1.3712305,-2.0812304,3.3887696,2.4687696,-1.1812304,0.12876953,-2.3412304,6.8787694,2.5487695,0.42876953
-9.431231,-9.271231,-9.05123,-8.09123,-6.5412307,-6.7112303,-6.1712303,-6.1212306,-5.8612304,-5.5612307,-5.8312306,-6.7312303,-6.9112306,-6.9912305,-5.0712304,-4.8312306,-4.8212304,-4.5012302,-4.7712307,-5.2112303,-5.9912305,-4.4912305,-0.54123044,-1.8612305,-1.6312305,-0.83123046,0.5087695,-1.3112304,1.8487695,4.0587697,4.4287696,3.6987696,8.978769,13.11877,10.608769,3.3287694,0.5187695,2.1687696,2.5787694,8.75877,7.7887697
-9.391231,-9.33123,-8.95123,-7.1212306,-6.5012302,-5.7812304,-4.9812303,-4.7912307,-4.5412307,-4.3912306,-4.8212304,-6.2912307,-6.2512302,-6.1412306,-5.1812305,-4.6812305,-4.3412304,-4.1512303,-4.3312306,-4.6712303,-5.4912305,-4.9712305,-4.0612307,-2.9312305,-2.3912306,-2.3512304,-2.3012304,0.6187695,0.35876954,0.5187695,-0.19123048,0.118769534,1.5587696,2.8087695,-1.2512305,1.4887695,8.848769,6.1587696,5.6987696,6.6387696,8.33877
-7.9012303,-7.4012303,-8.21123,-7.6712303,-6.9112306,-6.2112303,-4.8112307,-3.5312304,-3.2412305,-3.7212305,-3.9012306,-3.9612305,-3.7212305,-4.1412306,-4.1612306,-3.3412304,-3.5912304,-3.6612306,-3.5112305,-3.4312305,-4.2312303,-4.2012305,-3.3912306,-3.0612304,-2.9212306,-2.3012304,-2.1512306,-1.7612305,-1.1812304,-1.0812305,0.008769531,-0.8012305,-0.051230468,2.6987696,6.6387696,12.66877,4.3387694,5.3787694,10.428769,7.4087696,-5.2912307
-6.3412304,-6.1812305,-5.9412303,-5.5712304,-4.9812303,-4.0812306,-3.1012304,-2.7312305,-2.4912305,-2.6312304,-2.2312305,-2.0512304,-1.8112304,-2.3112304,-2.0712304,-2.6612306,-2.7712305,-2.7512305,-2.6912305,-2.5812304,-3.1612306,-2.8212304,-3.1212304,-2.5512304,-2.3412304,-1.9012305,-2.4612305,-1.7012305,-1.8112304,-1.7512305,-1.6912304,-1.2312305,-0.44123048,1.2887695,5.4687696,4.5987697,3.1187696,-1.0712304,2.0887694,1.9687696,7.6987696
-4.6612306,-3.5812304,-3.2812304,-2.9212306,-2.5112305,-2.2012305,-1.8212304,-0.6812305,-0.21123047,-0.011230469,0.078769535,0.33876953,0.5587695,0.35876954,0.038769532,-0.5012305,-1.6312305,-1.7012305,-1.9912305,-1.6412305,-1.7112305,-1.3012304,-1.1612304,-0.89123046,-0.48123047,-0.12123047,0.038769532,-0.21123047,-1.0812305,-1.1412305,-1.3412305,-0.21123047,-0.7412305,-1.9612305,-0.19123048,3.3387694,7.4887695,12.86877,10.428769,12.28877,7.1687694
-2.6112304,-2.1112304,-1.2112305,0.06876953,1.0487695,1.2087696,0.7687695,0.34876955,0.7487695,1.2487695,1.1887696,1.7287695,2.5887694,1.8187696,2.4287696,1.7087696,1.0587696,0.09876953,-0.48123047,-0.51123047,-0.09123047,-0.35123047,0.02876953,0.58876956,0.19876952,0.8787695,1.1087695,1.1087695,1.1387695,1.8887695,1.6287695,1.1787696,2.9087696,2.7087696,3.1187696,3.8787696,0.8187695,-1.5112305,1.3187696,0.37876952,0.35876954
-0.89123046,-0.36123046,0.16876954,0.35876954,0.58876956,1.0987695,1.5887696,2.0187695,2.1087694,2.6587696,2.9987695,3.2287695,3.2987695,3.6587696,3.8487694,3.7387695,3.4687696,1.9787695,1.0987695,1.1187695,1.0887696,1.1187695,1.5287695,1.4787695,1.4687696,1.7887695,1.7687695,2.4587696,2.8687696,4.1887693,4.6187696,4.9387693,4.4587693,5.2987695,5.1887693,3.3887696,3.5687695,1.7187696,2.0187695,1.7587695,1.4387696
1.1687695,1.5587696,1.5287695,1.6687695,1.7887695,1.9187695,2.4487696,3.8287694,3.9687696,4.4887695,4.3587694,4.6387696,4.7187696,5.3187695,5.5787697,4.6387696,4.5687695,3.5287695,2.1287696,2.6287696,2.4587696,2.0687695,2.1287696,2.0487695,2.2087696,2.3687696,3.5287695,3.6887696,4.5287695,5.5387697,5.9287696,5.7487698,5.2587695,4.3687696,5.5287695,4.2187696,1.8387696,1.0687696,0.7687695,-0.24123047,0.41876954
2.0887694,2.9787695,3.3587694,2.9587696,3.8587694,3.5887694,3.7487695,4.0187697,3.4987695,2.7787695,1.4987695,2.9287696,4.2087693,4.7887697,5.5887694,4.3487697,4.1287694,2.9087696,2.4287696,2.7487695,3.1987696,2.9987695,2.8087695,2.5187695,2.8587694,3.3087695,4.0187697,4.7987695,5.4687696,5.6987696,5.5687695,5.3587694,5.0387697,5.1087694,4.4387693,5.9287696,5.6087694,6.1287694,4.3687696,4.0487695,2.2287695
3.5087695,4.0587697,3.9787695,4.5587697,4.8487697,3.9587696,5.1187696,4.1087694,6.1087694,2.8787696,1.7787695,5.4087696,1.4187695,4.1587696,5.0087695,3.8887696,2.8187695,2.1287696,2.3287694,3.0987694,3.2187696,3.5487695,3.2187696,3.6287696,3.9487696,3.9787695,4.2287693,4.9287696,4.8787694,4.9987698,5.0487695,5.4087696,5.8087697,6.1687694,5.2987695,5.7987695,6.4887695,3.6387696,6.0387697,5.4787693,4.4987698
5.2387695,5.9787693,5.4287696,6.2687697,5.8987694,6.0787697,6.3587694,7.4687696,5.5787697,3.2287695,1.9687696,2.9287696,6.3587694,3.8087695,3.9087696,3.5787694,3.1287696,2.8187695,2.6387696,3.2187696,3.8587694,4.0087695,3.9187696,3.9787695,4.1787696,4.0487695,3.4587696,3.9687696,4.3087697,4.4687696,4.2687697,4.3787694,3.8687696,4.8787694,4.9087696,5.2087693,5.0287695,5.4487696,5.4987698,4.6987696,6.1587696
4.3587694,7.0787697,7.2687697,6.7887697,6.9487696,7.0287695,8.08877,8.068769,7.4787693,4.8287697,2.0787694,6.0287695,4.7387695,1.5487695,2.2287695,1.6387695,4.2487698,3.4887695,3.5687695,3.5387695,3.9587696,3.9487696,3.9687696,3.4887695,3.6587696,3.4987695,3.1687696,3.2987695,3.9087696,3.7487695,3.5987694,3.3587694,3.4387696,3.7587695,4.0987697,4.7487698,4.6387696,5.6387696,6.1387696,5.9087696,3.9487696
