wind_kz.json
{"header": {"discipline":0,"disciplineName":"Meteorological products","gribEdition":2,"gribLength":794,"center":7,"centerName":"US National Weather Service - NCEP(WMC)","subcenter":0,"refTime":"2023-09-25T18:00:00.000Z","significanceOfRT":1,"significanceOfRTName":"Start of forecast","productStatus":0,"productStatusName":"Operational products","productType":1,"productTypeName":"Forecast products","productDefinitionTemplate":0,"productDefinitionTemplateName":"Analysis/forecast at horizontal level/layer at a point in time","parameterCategory":2,"parameterCategoryName":"UnknownDiscipline_0_Category_2","parameterNumber":3,"parameterNumberName":"UnknownParameter_D0_C2_3","parameterUnit":"Unknown","genProcessType":2,"genProcessTypeName":"Forecast","forecastTime":300,"surface1Type":103,"surface1TypeName":"Specified height level above ground","surface1Value":10.0,"surface2Type":255,"surface2TypeName":"Missing","surface2Value":0.0,"gridDefinitionTemplate":0,"gridDefinitionTemplateName":"Latitude_Longitude","numberPoints":615,"shape":6,"shapeName":"Earth spherical with radius of 6,371,229.0 m","gridUnits":"degrees","resolution":48,"winds":"true","scanMode":64,"nx":41,"ny":15,"basicAngle":0,"lo1":47.0,"la1":41.0,"lo2":87.0,"la2":55.0,"dx":1.0,"dy":1.0}, "data":
[rows 0 to 14 of 15, columns 0 to 40 of 41]
-0.33376464,0.56623536,-0.23376465,6.0662355,2.1662354,-0.43376464,-0.8337647,-1.2337646,-0.03376465,-1.1337646,-1.6337646,-1.0337646,0.36623535,1.0662353,1.1662353,0.26623535,-0.53376466,-0.6337646,-0.53376466,0.16623536,-0.23376465,-0.93376464,-2.3337646,1.8662354,2.3662353,2.5662353,0.56623536,0.8662354,-0.93376464,1.1662353,1.8662354,2.4662354,-0.03376465,1.0662353,0.36623535,0.96623534,0.96623534,0.96623534,0.96623534,-0.73376465,0.16623536
2.4662354,1.3662354,2.5662353,2.9662354,1.1662353,-0.13376465,0.16623536,-0.53376466,0.06623535,-2.0337646,-2.8337646,-2.3337646,-1.4337647,-0.23376465,0.76623535,1.9662354,1.0662353,0.46623534,-0.43376464,-0.03376465,0.26623535,0.16623536,-2.0337646,1.3662354,3.5662353,3.0662353,2.5662353,2.3662353,0.06623535,2.3662353,-1.4337647,0.56623536,1.8662354,1.7662354,2.8662353,2.1662354,1.8662354,1.6662353,1.3662354,1.7662354,0.46623534
2.2662354,4.2662354,2.1662354,1.0662353,0.36623535,-1.1337646,-1.6337646,-2.0337646,-1.5337646,-2.2337646,-3.2337646,-2.7337646,-2.1337647,0.46623534,-0.43376464,1.6662353,2.7662354,0.46623534,-0.33376464,-0.03376465,0.96623534,0.8662354,1.2662354,0.46623534,-1.5337646,-1.7337646,-1.5337646,-3.0337646,-0.6337646,-2.0337646,-0.03376465,-1.0337646,-4.1337647,1.4662354,0.76623535,-3.4337647,-3.2337646,-0.73376465,-0.53376466,2.7662354,1.9662354
2.1662354,1.8662354,1.1662353,0.46623534,-0.13376465,-1.2337646,-2.0337646,-1.4337647,-1.2337646,-1.4337647,-1.2337646,-2.4337647,-2.6337647,-2.6337647,-0.43376464,2.0662353,2.9662354,1.6662353,0.8662354,0.46623534,0.8662354,4.6662354,1.4662354,1.6662353,0.56623536,1.8662354,1.4662354,1.7662354,2.4662354,0.6662353,-2.6337647,-3.2337646,2.5662353,0.46623534,3.4662354,1.0662353,2.7662354,1.2662354,-3.3337646,-3.0337646,-3.7337646
1.1662353,0.26623535,-0.73376465,-1.8337647,-1.8337647,-2.1337647,-3.0337646,-2.0337646,-3.2337646,-2.4337647,-2.4337647,-2.7337646,-2.1337647,-3.3337646,-1.5337646,1.3662354,1.9662354,1.2662354,2.1662354,2.4662354,0.16623536,-1.2337646,1.5662353,2.2662354,2.5662353,3.0662353,2.5662353,0.8662354,1.0662353,1.0662353,-0.43376464,-3.1337647,1.2662354,0.16623536,-0.13376465,1.2662354,-1.9337647,0.36623535,-3.0337646,-2.5337646,-4.6337647
-0.13376465,-1.0337646,-2.9337647,-2.1337647,-2.5337646,-3.1337647,-3.3337646,-3.8337646,-3.6337647,-3.5337646,-3.4337647,-3.7337646,-2.6337647,-4.4337645,-2.2337646,-1.1337646,-0.13376465,1.2662354,2.0662353,1.4662354,-0.73376465,0.06623535,4.8662353,3.4662354,1.1662353,1.4662354,1.1662353,1.2662354,-0.03376465,-1.7337646,1.2662354,0.8662354,-0.6337646,-0.53376466,-2.7337646,2.6662354,1.5662353,-2.8337646,-2.4337647,-1.5337646,-4.8337646
-1.1337646,-1.5337646,-1.6337646,-1.9337647,-1.9337647,-3.1337647,-3.4337647,-3.7337646,-3.2337646,-3.9337647,-3.8337646,-3.4337647,-4.2337646,-3.5337646,-3.1337647,-2.1337647,0.16623536,1.0662353,1.9662354,-0.03376465,2.1662354,2.8662353,1.9662354,3.0662353,3.4662354,1.4662354,0.76623535,1.7662354,-0.23376465,-3.1337647,-0.73376465,2.1662354,2.2662354,0.96623534,-0.73376465,-0.8337647,1.5662353,3.1662354,-0.6337646,-0.93376464,-7.3337646
-1.5337646,-2.0337646,-1.9337647,-1.8337647,-1.4337647,-2.4337647,-3.4337647,-3.4337647,-3.1337647,-4.1337647,-4.033765,-3.0337646,-4.6337647,-4.6337647,-4.4337645,-3.4337647,-2.6337647,-1.2337646,3.9662354,3.5662353,1.3662354,2.2662354,2.8662353,0.8662354,6.2662354,2.1662354,1.0662353,1.3662354,-0.23376465,-1.3337647,0.56623536,-1.1337646,2.0662353,1.9662354,0.8662354,0.46623534,-2.5337646,-1.5337646,-0.03376465,0.8662354,-0.6337646
-1.7337646,-2.7337646,-2.5337646,-1.7337646,-1.4337647,-2.0337646,-2.5337646,-2.6337647,-3.0337646,-3.2337646,-3.7337646,-3.8337646,-4.7337646,-5.2337646,-5.1337647,-5.2337646,-4.033765,-1.8337647,1.8662354,2.5662353,1.1662353,1.9662354,2.5662353,2.5662353,1.5662353,2.0662353,1.8662354,0.6662353,-0.6337646,-0.73376465,0.46623534,-1.2337646,-2.5337646,-2.5337646,-2.5337646,1.2662354,1.7662354,-1.7337646,0.46623534,-1.5337646,-0.23376465
-1.9337647,-2.2337646,-2.3337646,-2.2337646,-1.8337647,-0.43376464,-1.5337646,-2.0337646,-2.6337647,-2.7337646,-3.3337646,-3.8337646,-4.6337647,-5.033765,-5.4337645,-5.7337646,-4.8337646,-3.5337646,-0.53376466,1.5662353,3.3662353,0.06623535,-0.6337646,0.16623536,0.76623535,1.1662353,0.6662353,-1.1337646,-0.13376465,-1.0337646,-0.33376464,-1.6337646,-2.3337646,-1.7337646,-2.8337646,-0.8337647,2.1662354,0.46623534,1.0662353,0.26623535,0.96623534
-1.3337647,-2.0337646,-2.5337646,-2.2337646,-2.2337646,-0.53376466,-0.23376465,-0.53376466,-1.2337646,-1.7337646,-2.3337646,-3.3337646,-4.3337646,-4.7337646,-5.2337646,-5.6337647,-5.1337647,-5.3337646,-3.1337647,-0.73376465,1.5662353,0.96623534,0.76623535,-0.8337647,-2.0337646,-1.3337647,-0.13376465,2.5662353,0.36623535,-0.6337646,-0.6337646,-0.6337646,-0.6337646,-0.8337647,-1.3337647,2.9662354,2.2662354,1.8662354,2.0662353,0.96623534,1.1662353
-0.43376464,-0.8337647,-1.4337647,-1.6337646,-1.2337646,-0.13376465,0.8662354,0.6662353,-0.43376464,-0.53376466,-0.93376464,-2.4337647,-3.6337647,-4.033765,-4.6337647,-5.1337647,-5.2337646,-5.1337647,-3.6337647,-2.8337646,-0.13376465,-0.6337646,-0.73376465,-1.3337647,-2.6337647,-3.2337646,-2.1337647,-2.8337646,-1.8337647,-1.5337646,-1.4337647,-0.93376464,-1.6337646,-2.2337646,-1.9337647,-0.8337647,1.1662353,-0.03376465,0.46623534,1.5662353,-0.43376464
0.6662353,0.46623534,0.26623535,0.26623535,-0.13376465,0.36623535,0.8662354,1.8662354,1.2662354,0.96623534,-0.33376464,-0.93376464,-2.1337647,-2.3337646,-3.1337647,-3.5337646,-3.9337647,-4.1337647,-3.5337646,-3.0337646,-2.1337647,-2.0337646,-2.4337647,-1.2337646,-2.6337647,-2.3337646,-3.3337646,-1.9337647,-2.4337647,-2.3337646,-2.8337646,-3.0337646,-2.7337646,-2.9337647,-2.8337646,-2.6337647,-3.0337646,-2.2337646,-2.2337646,-0.43376464,1.6662353
1.7662354,1.9662354,1.4662354,1.5662353,1.1662353,1.1662353,1.5662353,1.7662354,1.3662354,2.3662353,0.36623535,0.06623535,0.56623536,0.46623534,-1.3337647,-1.7337646,-1.9337647,-2.1337647,-2.0337646,-1.7337646,-1.5337646,-1.2337646,-1.2337646,-1.3337647,-1.6337646,-1.7337646,-2.0337646,-2.1337647,-2.3337646,-2.8337646,-2.7337646,-2.7337646,-2.8337646,-2.8337646,-2.8337646,-3.8337646,-3.5337646,-3.3337646,-2.9337647,-2.4337647,-2.6337647
2.1662354,2.5662353,2.9662354,2.9662354,2.5662353,2.0662353,1.9662354,2.2662354,1.9662354,1.9662354,1.6662353,1.2662354,0.6662353,0.16623536,1.7662354,0.8662354,-0.03376465,-0.33376464,-0.43376464,0.06623535,0.06623535,0.46623534,-0.03376465,0.46623534,-0.43376464,-1.6337646,-1.9337647,-1.8337647,-1.3337647,-0.33376464,-1.1337646,-2.2337646,-2.0337646,-2.2337646,-2.1337647,-2.7337646,-3.3337646,-3.5337646,-4.033765,-4.533765,-2.8337646
