wind_kz.json
{"header": {"discipline":0,"disciplineName":"Meteorological products","gribEdition":2,"gribLength":1025,"center":7,"centerName":"US National Weather Service - NCEP(WMC)","subcenter":0,"refTime":"2024-02-01T18:00:00.000Z","significanceOfRT":1,"significanceOfRTName":"Start of forecast","productStatus":0,"productStatusName":"Operational products","productType":1,"productTypeName":"Forecast products","productDefinitionTemplate":0,"productDefinitionTemplateName":"Analysis/forecast at horizontal level/layer at a point in time","parameterCategory":2,"parameterCategoryName":"UnknownDiscipline_0_Category_2","parameterNumber":2,"parameterNumberName":"UnknownParameter_D0_C2_2","parameterUnit":"Unknown","genProcessType":2,"genProcessTypeName":"Forecast","forecastTime":0,"surface1Type":103,"surface1TypeName":"Specified height level above ground","surface1Value":10.0,"surface2Type":255,"surface2TypeName":"Missing","surface2Value":0.0,"gridDefinitionTemplate":0,"gridDefinitionTemplateName":"Latitude_Longitude","numberPoints":615,"shape":6,"shapeName":"Earth spherical with radius of 6,371,229.0 m","gridUnits":"degrees","resolution":48,"winds":"true","scanMode":64,"nx":41,"ny":15,"basicAngle":0,"lo1":47.0,"la1":41.0,"lo2":87.0,"la2":55.0,"dx":1.0,"dy":1.0}, "data":
[rows 0 to 14 of 15, columns 0 to 40 of 41]
0.0707251,-1.3492749,1.9307251,1.6507251,-0.6592749,-0.53927493,-1.1192749,-2.259275,-3.329275,-2.819275,-3.319275,-3.559275,-3.039275,-2.529275,-1.4892749,-0.5892749,-0.5592749,1.8407251,2.1207252,2.930725,3.050725,2.490725,-0.1692749,-1.1992749,-0.5692749,-1.2392749,-2.6192749,-0.4392749,1.5507251,-0.3892749,1.1207252,1.7907251,0.6407251,0.7607251,-0.0392749,-0.9392749,-0.5992749,0.5207251,-0.3592749,0.6507251,1.4307251
1.0707251,0.7807251,0.1807251,-3.779275,-0.4792749,0.1907251,-1.6592749,-1.9292749,-1.8792748,-1.3092749,-1.8592749,-2.6092749,-1.7192749,-0.5992749,1.3107251,1.6207252,1.610725,1.2607251,3.740725,4.420725,3.290725,2.720725,1.490725,0.7307251,1.4107251,0.120725095,-0.6792749,0.6607251,-2.989275,-0.3192749,-0.1092749,1.2607251,2.030725,-2.449275,0.120725095,1.100725,1.110725,1.0307251,0.9907251,1.5407251,-0.7392749
-0.3192749,1.3007251,1.3107251,0.3907251,0.6907251,-0.3292749,-2.019275,-0.029274903,-1.8792748,-1.7192749,-0.0592749,0.120725095,1.0207251,2.170725,2.740725,2.910725,2.8307252,4.330725,4.910725,5.160725,5.700725,3.440725,3.6407251,8.060725,8.110725,1.730725,0.040725097,-0.4892749,-0.9992749,-1.1692749,-1.0492749,2.470725,0.7807251,0.5007251,0.120725095,-0.8992749,-0.3592749,0.1007251,-0.029274903,-0.5292749,2.450725
2.0707252,3.440725,4.100725,3.1107252,-0.3492749,-1.1692749,-0.2292749,1.4407251,1.100725,0.6307251,0.71072507,1.9207251,3.990725,6.240725,2.4007251,3.3807251,3.0907252,3.190725,2.470725,1.9007251,1.8207251,7.150725,4.810725,7.610725,8.640725,4.180725,2.480725,2.460725,-0.4792749,-0.1892749,1.9407251,0.060725097,5.140725,4.110725,-1.009275,-1.139275,-1.7392749,2.300725,0.3307251,1.0407251,1.730725
3.0707252,3.510725,2.8507252,3.450725,1.4507251,0.2007251,1.0907251,0.5907251,1.2807251,1.0707251,1.5607251,3.440725,5.350725,5.9407253,5.780725,-1.029275,1.3307251,2.190725,3.1407251,3.980725,4.110725,4.660725,5.9407253,6.1907253,4.9807253,6.050725,3.410725,4.630725,1.8007251,0.4407251,-4.369275,0.14072509,-2.1092749,1.490725,1.720725,-0.6592749,-1.5792749,0.3807251,1.5507251,1.3807251,0.3907251
3.8907251,3.250725,3.260725,3.0907252,3.3307252,1.5307251,1.3107251,1.0207251,0.2007251,0.7607251,2.6207252,1.980725,4.620725,4.990725,0.7907251,1.3107251,2.680725,3.1307251,4.140725,4.370725,5.090725,5.660725,5.620725,5.590725,7.060725,7.580725,5.1907253,3.540725,4.9607253,1.7607251,0.5807251,-0.3192749,-0.1192749,-1.8792748,2.790725,-2.249275,1.4407251,-2.239275,2.0707252,-0.2592749,-2.6792748
4.4607253,3.230725,3.3207252,3.540725,3.5707252,3.3207252,1.4107251,-0.2792749,0.96072507,1.5807251,1.5707251,1.6607251,2.000725,3.1507251,2.6507251,2.5707252,2.980725,3.920725,2.710725,4.660725,6.450725,6.2707253,6.220725,5.7507253,5.560725,6.970725,7.630725,2.660725,3.8407252,1.1807251,0.2807251,-0.0392749,1.0707251,-0.5892749,-1.7292749,-0.4392749,0.8207251,2.480725,-3.459275,2.040725,0.9407251
4.990725,3.800725,3.3107252,3.3707252,2.5907252,2.040725,0.71072507,0.9007251,2.6207252,1.3107251,1.5607251,3.180725,2.450725,2.230725,2.000725,2.970725,3.490725,2.940725,2.990725,3.990725,5.9607253,3.6207252,4.550725,4.780725,5.130725,5.4407253,5.780725,1.3807251,3.230725,3.730725,3.440725,2.4007251,-0.7692749,-0.1992749,-1.4392749,1.990725,2.750725,2.3807251,-1.1292748,-6.689275,-2.819275
4.560725,4.080725,2.660725,2.420725,2.290725,1.5307251,1.0607251,1.4607251,1.3807251,1.2907251,2.170725,0.4707251,4.2107253,2.160725,2.6207252,2.270725,3.3507252,2.270725,3.3107252,3.6307251,4.170725,4.070725,3.3707252,3.050725,4.580725,4.990725,6.410725,0.32072508,0.7807251,1.9507251,4.040725,2.970725,5.920725,-1.9492749,-2.1192749,0.090725094,0.8907251,-2.1492748,-1.6592749,-0.0792749,-2.6892748
3.980725,3.0607252,2.0607252,1.5107251,1.9607251,1.5507251,0.96072507,1.1407251,0.9307251,0.7407251,1.8207251,2.750725,2.290725,2.190725,2.3707252,2.410725,2.3207252,2.6007252,2.450725,2.6307251,3.250725,3.6207252,3.460725,4.700725,-1.9792749,-3.959275,-2.4192748,-1.9292749,-0.089274906,0.0507251,0.1307251,1.100725,-0.8492749,-3.529275,-1.4192749,-0.8692749,-1.269275,0.1007251,-2.509275,-0.7192749,-1.509275
2.480725,2.180725,0.8707251,1.3007251,1.2807251,0.7707251,0.9107251,0.3007251,-0.5492749,-0.2292749,1.0007252,2.030725,1.4107251,1.7007251,2.480725,2.430725,2.4007251,2.8707252,1.7507252,1.4407251,2.000725,1.1507251,-0.089274906,-0.9492749,-1.3192749,-1.9092749,-1.009275,-0.9192749,-0.5492749,-0.2592749,0.120725095,0.2807251,-2.309275,-1.2892749,-1.139275,-1.259275,-1.4692749,0.2107251,-1.0892749,0.9507251,-1.7492748
0.8107251,0.3607251,1.0907251,0.7507251,0.7707251,-0.0792749,-1.1792749,-1.3792748,-1.1892749,-1.889275,-1.279275,2.0607252,0.9907251,1.2007251,2.6507251,2.3607252,2.3207252,3.020725,1.490725,1.5407251,1.1207252,0.6307251,-0.6392749,-0.7192749,-0.4492749,-0.4592749,-1.1792749,-0.39927492,0.2207251,-0.0392749,-1.2092749,-1.4492749,-1.9792749,-2.789275,-1.4392749,-1.2092749,-1.1892749,-1.0792749,-0.4692749,-0.5192749,-0.2892749
1.5707251,0.7007251,0.3907251,0.3307251,0.1007251,-1.529275,-1.9992748,-1.889275,-1.3092749,-1.3292749,-0.53927493,0.4507251,-0.2792749,0.9207251,1.7707251,1.480725,1.4207251,1.8107251,1.0707251,1.2707251,0.7507251,0.6007251,0.4807251,-0.0392749,0.9407251,0.4107251,0.0507251,-0.8992749,-0.6392749,-1.4092749,-2.039275,-1.6692749,-2.479275,-3.009275,-2.4092748,-1.7892749,-2.4192748,-1.9692749,-3.6592748,-1.6192749,-1.3392749
0.7907251,0.080725096,-0.8192749,-1.009275,-1.8292749,-2.009275,-1.639275,-1.649275,-0.3492749,0.35072508,-0.8392749,-0.7392749,0.2907251,0.8807251,1.3307251,0.9707251,1.240725,1.1507251,0.17072509,0.7907251,0.6907251,0.120725095,-0.1292749,-0.8692749,-1.1892749,-1.5892749,-2.019275,-1.769275,-2.019275,-2.009275,-2.449275,-2.3792748,-2.3992748,-2.449275,-2.029275,-1.759275,-1.639275,-1.4892749,-1.4492749,-0.9292749,-0.9292749
0.2207251,-0.8292749,-0.9192749,-1.8592749,-1.3792748,-2.069275,-1.0792749,-1.0992749,0.3007251,-1.779275,-1.3692749,-0.5792749,-0.5892749,1.0307251,0.6807251,0.4907251,0.4207251,0.5307251,0.2107251,0.4907251,-0.1792749,0.2207251,-0.009274903,-1.3092749,-1.5792749,-1.9592749,-2.049275,-2.289275,-2.199275,-2.1492748,-2.299275,-2.759275,-2.6292748,-2.309275,-1.759275,-1.3592749,-1.3592749,-0.5692749,-1.5392749,-0.9892749,-1.1892749
