wind_kz.json
{"header": {"discipline":0,"disciplineName":"Meteorological products","gribEdition":2,"gribLength":871,"center":7,"centerName":"US National Weather Service - NCEP(WMC)","subcenter":0,"refTime":"2023-08-25T18:00:00.000Z","significanceOfRT":1,"significanceOfRTName":"Start of forecast","productStatus":0,"productStatusName":"Operational products","productType":1,"productTypeName":"Forecast products","productDefinitionTemplate":0,"productDefinitionTemplateName":"Analysis/forecast at horizontal level/layer at a point in time","parameterCategory":0,"parameterCategoryName":"UnknownDiscipline_0_Category_0","parameterNumber":0,"parameterNumberName":"UnknownParameter_D0_C0_0","parameterUnit":"Unknown","genProcessType":2,"genProcessTypeName":"Forecast","forecastTime":120,"surface1Type":1,"surface1TypeName":"Ground or water surface","surface1Value":0.0,"surface2Type":255,"surface2TypeName":"Missing","surface2Value":0.0,"gridDefinitionTemplate":0,"gridDefinitionTemplateName":"Latitude_Longitude","numberPoints":615,"shape":6,"shapeName":"Earth spherical with radius of 6,371,229.0 m","gridUnits":"degrees","resolution":48,"winds":"true","scanMode":64,"nx":41,"ny":15,"basicAngle":0,"lo1":47.0,"la1":41.0,"lo2":87.0,"la2":55.0,"dx":1.0,"dy":1.0}, "data":
[rows 0 to 14 of 15, columns 0 to 40 of 41]
298.1993,285.79932,287.39932,298.89932,298.5993,298.0993,298.1993,299.89932,297.89932,298.5993,297.39932,299.29932,297.29932,297.1993,297.0993,295.6993,297.1993,299.5993,295.5993,299.1993,299.6993,293.99933,294.79932,293.29932,296.6993,296.6993,291.99933,279.79932,280.1993,277.89932,275.6993,275.89932,290.89932,296.89932,298.39932,297.5993,296.49933,298.79932,299.6993,299.1993,298.79932
278.89932,289.49933,298.6993,298.79932,298.99933,297.89932,296.39932,295.1993,294.5993,294.1993,295.89932,294.29932,292.99933,292.0993,294.6993,295.49933,294.99933,295.39932,293.39932,294.89932,297.29932,297.0993,296.6993,288.1993,280.5993,278.39932,287.29932,280.79932,284.29932,276.49933,283.29932,271.99933,283.0993,258.29932,279.6993,295.49933,293.5993,296.49933,299.49933,292.5993,284.1993
290.1993,298.39932,299.0993,299.1993,297.89932,292.99933,292.5993,291.89932,290.99933,290.6993,290.49933,290.89932,286.79932,288.49933,291.1993,290.6993,291.89932,289.29932,292.89932,293.5993,296.49933,294.5993,294.5993,292.0993,296.79932,295.29932,294.89932,295.89932,292.89932,284.5993,277.1993,278.6993,284.5993,284.29932,285.89932,288.0993,279.0993,278.29932,280.49933,276.6993,277.79932
290.0993,298.89932,299.1993,298.49933,295.29932,291.29932,291.49933,291.0993,290.49933,290.39932,290.5993,289.29932,294.89932,294.0993,286.99933,287.1993,288.1993,287.29932,293.29932,292.1993,293.39932,288.79932,293.39932,294.6993,295.79932,298.89932,300.49933,296.89932,295.0993,297.79932,296.49933,294.0993,299.0993,295.6993,291.79932,291.6993,279.99933,279.1993,282.89932,290.49933,295.0993
292.0993,298.29932,298.89932,298.6993,295.6993,291.89932,291.49933,291.79932,291.39932,291.5993,290.89932,290.29932,294.6993,293.29932,291.0993,289.5993,290.39932,287.79932,283.99933,290.49933,294.99933,295.79932,293.89932,292.6993,294.49933,294.99933,296.5993,297.89932,298.39932,295.89932,300.6993,295.49933,286.1993,273.79932,285.1993,294.79932,295.99933,299.29932,298.99933,299.39932,299.49933
289.49933,288.1993,296.6993,297.39932,298.39932,297.5993,292.6993,293.49933,292.0993,291.99933,291.89932,291.5993,293.5993,294.29932,291.6993,287.49933,288.79932,289.6993,288.6993,289.49933,288.1993,292.29932,293.99933,293.79932,292.6993,293.6993,295.6993,292.99933,297.99933,298.79932,298.99933,299.29932,297.79932,294.0993,293.29932,297.1993,288.49933,290.5993,297.0993,298.39932,294.5993
288.79932,287.49933,291.39932,291.89932,293.6993,290.5993,292.29932,291.5993,293.99933,293.79932,289.79932,289.1993,289.1993,290.79932,290.0993,290.6993,289.99933,290.6993,289.79932,287.99933,287.39932,287.79932,290.79932,293.1993,292.89932,293.6993,294.29932,295.0993,293.79932,295.39932,296.89932,297.39932,298.99933,296.6993,295.49933,295.49933,289.99933,286.0993,282.99933,281.1993,291.29932
289.89932,288.89932,292.6993,292.1993,292.99933,295.89932,291.6993,291.39932,288.1993,288.39932,285.99933,287.1993,285.79932,289.29932,290.49933,288.89932,289.39932,290.49933,290.89932,286.49933,286.79932,286.29932,285.49933,289.89932,290.79932,289.99933,291.39932,291.79932,291.1993,293.29932,293.6993,294.6993,292.6993,290.49933,291.0993,292.1993,294.39932,289.39932,294.5993,292.89932,289.99933
289.79932,289.5993,290.99933,289.49933,291.49933,292.6993,288.1993,290.49933,287.79932,287.29932,285.5993,286.99933,284.39932,284.79932,284.89932,285.79932,286.99933,286.1993,287.29932,288.1993,286.6993,284.1993,285.79932,285.49933,287.29932,289.5993,289.6993,286.89932,285.5993,285.39932,289.79932,290.99933,293.1993,293.49933,293.6993,291.1993,290.79932,290.5993,277.89932,277.89932,275.99933
288.39932,289.99933,288.89932,289.39932,288.49933,290.99933,290.39932,286.49933,288.5993,286.49933,283.39932,282.5993,284.0993,283.89932,285.0993,284.39932,286.1993,284.49933,284.39932,284.5993,286.1993,287.1993,284.89932,285.6993,286.5993,286.5993,288.79932,290.1993,287.6993,288.79932,287.0993,292.5993,294.79932,295.0993,293.29932,290.6993,290.29932,285.89932,279.1993,279.5993,279.1993
288.39932,288.29932,287.5993,287.0993,286.99933,289.79932,289.5993,288.39932,287.0993,283.29932,283.49933,283.79932,284.89932,282.89932,282.89932,285.39932,285.6993,285.89932,286.5993,283.1993,284.0993,284.99933,286.39932,282.99933,283.5993,285.79932,285.29932,289.79932,290.39932,290.79932,292.79932,291.39932,294.39932,294.79932,292.5993,290.1993,287.6993,282.39932,278.6993,282.99933,281.39932
285.5993,287.6993,287.0993,286.1993,287.0993,287.6993,287.6993,286.79932,283.1993,283.29932,282.99933,283.79932,283.6993,282.29932,282.89932,284.6993,284.6993,284.49933,284.0993,284.39932,282.39932,283.0993,282.29932,283.29932,282.0993,283.89932,287.1993,288.6993,290.1993,292.5993,290.1993,289.5993,294.5993,290.49933,291.89932,290.99933,290.1993,288.29932,288.0993,287.1993,286.6993
283.39932,284.1993,286.1993,287.39932,287.49933,288.6993,287.29932,285.49933,281.79932,282.39932,282.79932,281.5993,282.89932,282.89932,283.5993,283.5993,282.5993,281.49933,281.99933,282.79932,282.5993,283.89932,280.1993,283.89932,282.6993,284.0993,288.6993,288.29932,290.0993,291.1993,290.29932,291.0993,289.6993,292.29932,290.5993,289.39932,288.49933,289.49933,287.99933,286.89932,286.5993
282.49933,285.1993,288.79932,286.29932,286.99933,287.29932,285.79932,283.1993,284.49933,283.89932,281.79932,280.79932,281.99933,282.6993,282.39932,282.29932,280.89932,280.6993,281.6993,282.79932,283.89932,283.99933,282.79932,284.79932,282.99933,283.89932,285.89932,287.39932,288.1993,288.79932,288.79932,290.0993,288.29932,289.29932,287.6993,287.39932,287.39932,286.99933,286.99933,286.0993,285.29932
282.5993,285.49933,290.49933,287.5993,289.29932,287.29932,284.29932,284.5993,286.0993,285.0993,283.1993,282.1993,280.99933,280.5993,281.29932,281.0993,281.29932,280.49933,282.79932,282.79932,283.1993,284.39932,284.29932,284.1993,281.6993,283.99933,282.89932,284.79932,287.79932,287.29932,287.89932,286.29932,287.6993,285.39932,287.49933,287.1993,287.49933,286.5993,286.5993,285.1993,285.89932
