wind_kz.json
{"header": {"discipline":0,"disciplineName":"Meteorological products","gribEdition":2,"gribLength":1025,"center":7,"centerName":"US National Weather Service - NCEP(WMC)","subcenter":0,"refTime":"2023-08-18T18:00:00.000Z","significanceOfRT":1,"significanceOfRTName":"Start of forecast","productStatus":0,"productStatusName":"Operational products","productType":1,"productTypeName":"Forecast products","productDefinitionTemplate":0,"productDefinitionTemplateName":"Analysis/forecast at horizontal level/layer at a point in time","parameterCategory":2,"parameterCategoryName":"UnknownDiscipline_0_Category_2","parameterNumber":3,"parameterNumberName":"UnknownParameter_D0_C2_3","parameterUnit":"Unknown","genProcessType":2,"genProcessTypeName":"Forecast","forecastTime":120,"surface1Type":103,"surface1TypeName":"Specified height level above ground","surface1Value":10.0,"surface2Type":255,"surface2TypeName":"Missing","surface2Value":0.0,"gridDefinitionTemplate":0,"gridDefinitionTemplateName":"Latitude_Longitude","numberPoints":615,"shape":6,"shapeName":"Earth spherical with radius of 6,371,229.0 m","gridUnits":"degrees","resolution":48,"winds":"true","scanMode":64,"nx":41,"ny":15,"basicAngle":0,"lo1":47.0,"la1":41.0,"lo2":87.0,"la2":55.0,"dx":1.0,"dy":1.0}, "data":
[rows 0 to 14 of 15, columns 0 to 40 of 41]
0.6192975,-2.4407024,1.6892974,-3.5707026,-4.4407024,-5.3207026,-5.1307025,-5.1807027,-1.6607025,-0.9107025,3.9492974,3.1592975,3.4092975,2.1392975,0.4992975,-1.0007025,-2.3807025,-4.4407024,-2.9907026,-3.0007026,-5.2307024,-4.9207025,-3.7507026,-0.39070252,-2.6207025,0.33929747,-0.58070254,1.7992975,-0.2507025,-1.8007026,-0.77070254,0.4992975,0.3792975,-1.4507025,1.1992974,2.3492975,1.2192975,0.72929746,-2.3607025,-4.6107025,-0.21070251
0.84929746,1.9492974,2.0692976,0.069297485,-1.9607025,-3.5907025,-5.5807023,-3.0707026,-4.5007024,-2.4507024,4.0792975,3.7892976,0.65929747,-0.6307025,3.0092974,-0.050702516,-2.5307026,-3.5507026,-4.8107023,-3.7107024,-4.3107023,-6.4407024,-1.5307025,1.0992975,-1.6207025,-2.5807025,-5.1207027,-0.32070252,-0.48070252,-1.2607025,0.4492975,0.8592975,-1.0707026,-1.4107025,-0.7307025,-1.0107025,0.5692975,-0.7407025,-0.58070254,-3.0007026,-2.5607026
1.4992975,3.2992976,3.1692975,1.6092975,-0.060702514,-2.7007024,-4.2707024,-1.0407025,-2.9307024,-2.6707025,-0.6107025,5.1192975,3.2792976,1.8392975,-0.040702514,-1.1707025,-0.9507025,-2.0307026,-3.4607024,-3.8307025,-3.5807025,-4.5307026,-3.3207026,-2.5507026,2.1192975,2.6692975,0.029297486,2.6792974,0.33929747,2.4092975,3.7192974,0.97929746,2.1492975,-1.7707025,-0.3707025,3.8892975,2.1492975,0.07929748,0.65929747,-2.2007024,-0.6307025
3.7192974,7.0892973,6.2492976,2.9692974,0.13929749,0.5592975,-1.0307025,-4.4107027,-3.7007024,-3.8407025,-4.4607024,3.5292976,5.5292974,4.0392976,2.0392976,0.6992975,1.1192975,-1.3407025,-3.7207024,-0.020702515,-2.6407025,-2.2707026,-0.65070254,-4.1207027,-4.8407025,-1.5207025,0.14929749,-0.83070254,1.0192975,-0.09070251,-2.3207026,-3.2907026,-1.7407025,0.4192975,-0.47070253,-4.1607027,-3.7207024,0.3792975,1.7392975,3.0392976,2.1992974
-8.400702,-3.0707026,-0.59070253,3.4092975,3.2392974,1.1992974,-0.6407025,-0.8107025,-2.6707025,-3.1907024,-1.3207026,-1.5807025,4.8392973,5.4192977,5.2892976,2.8592975,2.0092974,1.5592974,0.5692975,-1.2407025,1.0192975,-2.1207025,-1.8607025,-3.1107025,-4.8507023,1.9792975,1.6792974,1.6992974,1.0492975,0.42929748,0.5092975,1.6592975,1.3092974,2.0192976,-1.0407025,-2.3207026,-2.7807026,-1.7307025,-0.77070254,-7.0251466E-4,1.6392975
-7.0807023,-6.3507023,-5.1807027,0.16929749,1.1992974,-0.14070252,-0.18070251,-0.5007025,-1.9407026,-1.3607025,-2.4207025,-0.71070254,2.9392974,4.1492977,4.9192977,3.1792974,2.3192976,0.109297484,1.4892975,3.6192975,1.7592975,-0.6607025,-1.7607025,-2.5307026,-2.0307026,-1.0107025,1.5892975,1.7792975,1.0992975,1.4192975,-0.030702515,-1.1307025,-0.3407025,1.7692975,2.6992974,1.6492975,3.2592974,1.2992975,0.14929749,-1.9007025,1.0492975
-5.9907026,-5.3807025,-6.9207025,-5.7707024,1.8592975,3.8192976,1.6192975,0.17929749,-1.0607026,-0.3107025,-2.1007025,-1.7307025,-3.7607026,3.7492974,4.3692975,4.3592973,3.0192976,1.2292975,-0.17070252,1.9092975,-0.22070251,1.6192975,0.19929749,-5.0807023,-2.7807026,1.1892974,1.1992974,3.0892975,1.7292975,2.2792976,-1.7107025,0.18929748,0.5292975,-0.3607025,-2.2107024,-0.7007025,-3.4207025,-2.0807025,-1.3707025,-1.7507025,0.7792975
-6.0307026,-4.2507024,-4.8507023,-4.5607023,-4.6107025,-0.17070252,-2.6607025,1.8992975,0.21929748,0.24929748,-2.1907024,-3.9207025,-1.9007025,-2.7407026,2.6492975,5.9192977,4.3392973,4.9892974,1.0492975,3.8992975,1.0392975,1.9592975,0.7492975,-1.1607025,-2.8907025,2.3792975,-1.3907025,2.0992975,2.6092975,3.8192976,0.19929749,2.4192975,0.22929749,-0.9107025,-0.23070252,0.029297486,-1.8007026,-0.9907025,1.4892975,-0.8707025,-0.48070252
-4.8407025,-6.1807027,-6.9107027,-3.7907026,-2.6807024,-4.8807025,-1.6407025,2.3492975,-0.47070253,-1.9307026,-1.6407025,-2.2907026,-1.1607025,-0.5007025,-0.10070252,-0.26070252,4.0092974,4.7592974,2.2492974,4.6192975,3.2692976,0.9892975,2.9292974,0.19929749,1.5792975,1.4192975,2.3592975,1.9792975,1.7992975,2.0792975,2.3592975,2.6992974,1.6892974,2.7092974,2.2592974,0.53929746,-3.0707026,-0.8007025,-0.65070254,-1.5207025,-0.3707025
-5.3607025,-5.5507026,-4.8807025,-6.8907027,-3.5007026,-1.6007025,-3.4607024,1.7592975,1.0292975,0.3192975,-0.65070254,-1.2407025,0.5592975,-0.6707025,-1.2507025,-1.0407025,0.36929747,0.84929746,-0.20070252,-3.1307025,-1.0107025,1.7892975,3.7592974,3.5292976,-1.1307025,-0.3407025,1.5292975,2.3492975,4.0392976,4.1592975,3.4492974,2.2492974,0.07929748,0.069297485,0.9292975,0.9392975,0.21929748,-3.3807025,-1.3407025,1.0392975,1.7692975
-4.3407025,-5.5407023,-4.4607024,-4.3607025,-4.4007025,-0.58070254,-0.2707025,0.32929748,0.6792975,-0.48070252,1.7492975,2.5692976,3.5392976,2.7692976,0.97929746,3.3992975,0.35929748,0.6192975,-0.48070252,-1.1907026,-2.4707024,0.8692975,2.1792974,4.7892976,2.7092974,0.71929747,1.3492975,3.1792974,3.3892975,3.5792975,2.4192975,2.1592975,1.0392975,-0.42070252,0.109297484,0.4992975,0.5092975,2.3292975,1.2992975,1.4092975,0.7392975
-4.5307026,-5.1307025,-4.4207025,-2.1607025,-1.8207026,-1.3907025,-1.0607026,-0.4307025,1.5292975,0.9292975,1.9292974,1.8692975,1.8492975,2.5092974,0.3792975,-1.2607025,-1.3307025,-0.5107025,-0.65070254,-5.1907024,-3.9307024,3.9492974,2.3592975,3.8192976,5.1092973,4.0392976,3.6192975,5.3092976,5.0392976,4.3392973,2.5092974,2.6092975,1.2592975,0.8192975,0.32929748,0.20929748,1.4092975,3.0692976,2.4892974,2.5292976,1.2192975
-3.0307026,-4.9607024,-5.4307027,-5.0107026,-4.9807024,-1.8507025,-3.4307024,-0.7007025,2.7392974,1.8292975,1.2092975,1.4992975,1.9892975,1.0792975,-0.4007025,-1.9107025,-1.4307026,-1.3007026,-2.2707026,0.3492975,-0.42070252,-2.6707025,-0.90070254,0.35929748,-2.5207026,-1.6907026,5.0092974,4.0692973,6.1392975,4.1392975,4.1192975,3.0592976,1.6192975,0.91929746,0.65929747,0.19929749,-0.6907025,-0.18070251,-0.8007025,1.0592974,0.3192975
-5.1607027,-4.9107027,-6.7107024,-5.2107024,-4.7107024,-2.6807024,-3.6207025,-3.0507026,-2.4107025,-2.3207026,0.7092975,0.5592975,0.91929746,2.3192976,1.1692975,0.17929749,-1.8207026,-3.1707025,-3.0807025,-1.8907025,-1.1907026,-1.0807025,1.2192975,2.5192976,-2.3307025,-4.7907023,3.4692974,7.4892974,6.6292973,5.1292973,4.8492975,3.4592974,2.9392974,2.3692975,0.11929748,-0.83070254,-0.4607025,-0.83070254,-0.2707025,1.0492975,1.4392974
-3.3207026,-5.3207026,-7.9607024,-5.1107025,-5.0507026,-3.8607025,-4.4607024,-3.3407025,-2.6607025,-2.0207026,-0.6207025,-0.53070253,1.0492975,0.9392975,2.0992975,1.2192975,0.4192975,-0.6207025,-1.8507025,-2.2307024,-2.9407024,-2.4507024,-2.8607025,-0.2707025,1.9192975,1.5592974,-0.90070254,3.8692975,7.5792975,6.9192977,5.8892975,4.9792976,3.2192974,2.7492974,1.9592975,0.7092975,0.13929749,0.9392975,1.3192974,1.3592975,0.5892975
