wind_kz.json
{"header": {"discipline":0,"disciplineName":"Meteorological products","gribEdition":2,"gribLength":1025,"center":7,"centerName":"US National Weather Service - NCEP(WMC)","subcenter":0,"refTime":"2023-08-18T06:00:00.000Z","significanceOfRT":1,"significanceOfRTName":"Start of forecast","productStatus":0,"productStatusName":"Operational products","productType":1,"productTypeName":"Forecast products","productDefinitionTemplate":0,"productDefinitionTemplateName":"Analysis/forecast at horizontal level/layer at a point in time","parameterCategory":2,"parameterCategoryName":"UnknownDiscipline_0_Category_2","parameterNumber":3,"parameterNumberName":"UnknownParameter_D0_C2_3","parameterUnit":"Unknown","genProcessType":2,"genProcessTypeName":"Forecast","forecastTime":120,"surface1Type":103,"surface1TypeName":"Specified height level above ground","surface1Value":10.0,"surface2Type":255,"surface2TypeName":"Missing","surface2Value":0.0,"gridDefinitionTemplate":0,"gridDefinitionTemplateName":"Latitude_Longitude","numberPoints":615,"shape":6,"shapeName":"Earth spherical with radius of 6,371,229.0 m","gridUnits":"degrees","resolution":48,"winds":"true","scanMode":64,"nx":41,"ny":15,"basicAngle":0,"lo1":47.0,"la1":41.0,"lo2":87.0,"la2":55.0,"dx":1.0,"dy":1.0}, "data":
[rows 0 to 14 of 15, columns 0 to 40 of 41]
0.16349365,2.3734937,-3.1265063,-1.2765063,-0.61650634,-2.0065064,-1.1865064,4.3034935,3.3234937,1.5734936,2.2134936,2.4734936,0.22349365,-0.7665064,-2.7865064,-2.9865065,-3.8865063,-1.8465064,-3.2265062,-3.6365063,-2.1565063,-1.0565064,-1.3865063,2.0634937,3.0734937,3.2534935,1.2934936,-1.2865063,-2.3565063,-2.2765064,-0.90650636,1.4534936,-1.7865063,-0.34650636,-0.7065064,-2.7065063,-1.0065063,-0.7065064,-2.0665064,-8.846506,-6.3565063
-0.52650636,-3.2665064,-4.036506,-1.2165064,-0.07650635,-2.0465064,-1.0165063,7.003494,4.8434935,4.0834937,3.1734936,2.6134937,1.6334937,0.08349365,-1.6665063,-3.2365065,-2.2965064,-3.5365064,-5.6965065,-5.3765063,-4.346506,-1.3065064,0.46349365,0.063493654,2.8834937,3.7234936,3.7634935,0.49349365,-0.27650633,-1.0765064,-2.7265062,-2.4065063,-0.58650637,-2.1465063,1.6534936,3.2434936,0.57349366,1.5434936,0.22349365,-1.3865063,-3.7865064
-1.0865064,-2.8865063,-0.64650637,-0.116506346,-1.7965064,-1.0965064,0.44349366,4.2834935,4.503494,3.6334937,4.0534935,3.5234938,2.5234938,1.8434937,-0.99650633,-2.3765063,-1.8065064,-3.1165063,-4.0665064,-3.1065063,-2.9165063,-5.5265064,-3.1765063,-2.1065063,-3.5065064,-2.8565063,-2.9465063,-2.5365064,-2.1965063,-1.4065063,-3.0465064,0.24349365,0.7334936,0.5434936,0.82349366,-1.9665064,-4.326506,-1.5465064,-3.4865065,-1.0265063,0.49349365
-0.12650634,1.7534937,2.4234936,0.5434936,-1.1565063,-0.7565063,-2.5065064,1.6334937,2.6034937,4.1034937,1.8934937,3.7734938,3.5234938,3.1434937,1.7034936,0.91349363,-1.2265064,-3.1365063,-2.0365064,-2.7165062,-3.6865063,-2.7765064,-0.38650635,-1.5765064,-3.6565063,-4.9565063,-3.1065063,0.093493655,-2.2265062,-2.3065064,-0.28650635,1.0434936,2.6534936,1.0634936,1.1334937,2.8234937,-1.7665063,-0.30650634,-0.7665064,0.6834937,2.9634936
-3.4265063,4.273494,4.5334935,3.4934936,0.85349363,-0.06650635,-0.9565064,-1.4865063,-1.0565064,0.14349365,0.47349367,3.2534935,3.1534936,6.153494,5.3534937,1.7234937,0.33349365,-2.5265064,-2.6265063,-0.19650635,-0.14650635,-0.52650636,0.69349366,-0.47650635,-3.4965065,-3.5165064,-1.7765063,-1.4865063,-0.20650634,1.3234936,-1.7165064,-2.4765062,-1.1265063,-2.3165064,1.1034937,0.49349365,3.3134937,2.4434936,3.1534936,0.08349365,6.5734935
-2.3365064,1.4934937,5.5434937,6.003494,5.0534935,3.4634936,1.6434937,0.81349367,-0.79650635,-1.4965063,0.44349366,1.6034937,2.2434936,0.89349365,4.673494,4.463494,2.6934936,0.7934936,-0.46650636,-2.0665064,-0.07650635,-0.04650635,-0.7665064,-2.3965063,-1.4565064,-1.8965063,-0.71650636,-0.5665063,-1.1765064,-0.34650636,0.13349365,-0.5765064,-1.5065063,-3.0865064,-4.8965063,-2.0065064,-3.8665063,-5.3765063,-0.83650637,4.023494,4.3234935
-2.7765064,-1.1565063,-0.10650635,2.8234937,6.2834935,5.3234935,4.673494,2.3534937,2.2734938,1.3634937,1.5434936,-0.28650635,-0.8165063,-0.58650637,2.4434936,3.6934936,2.8234937,3.0134935,2.1034937,0.40349364,-0.116506346,0.023493653,-0.80650634,-1.8865063,0.0034936524,0.8634937,-0.39650634,0.21349365,2.2034936,2.6234937,1.2934936,-0.46650636,-2.6065063,-2.6165063,-1.8265064,0.7334936,1.9834937,-0.5065063,-2.7865064,-1.1765064,4.9334936
-3.0365064,-1.5065063,0.16349365,0.29349366,2.1134937,3.4534936,2.3734937,2.7434936,3.9634936,2.7734938,3.2034936,0.75349367,-1.1065063,-1.4165063,-1.0565064,1.4734937,2.4534936,3.6334937,3.9334936,4.003494,2.1234937,2.1734936,0.47349367,-0.8765063,-1.4165063,2.5734937,3.5834937,3.4934936,3.5834937,1.8834937,0.85349363,-0.44650635,-0.53650635,-1.0165063,-1.7365063,-0.93650633,-1.8165064,-3.0365064,-1.3665063,-2.0965064,1.3634937
-4.9665065,-2.4665062,0.38349366,0.47349367,2.2734938,0.46349365,-0.52650636,-0.0065063476,1.4534936,2.4234936,1.5834937,1.1334937,2.1234937,1.1534936,0.81349367,1.7434937,5.233494,4.2934937,3.4034936,4.5534935,5.2834935,4.5534935,3.1634936,1.3534937,0.5434936,0.12349365,3.0134935,3.3834937,3.4634936,2.5534937,1.4334936,-0.55650634,-2.0565064,-1.2265064,-2.3165064,-2.4965065,1.9534936,-3.3565063,-3.1665063,-1.6365063,1.1234937
-3.7265062,-3.3965063,-1.6165063,-0.026506348,-0.92650634,-0.8265064,-1.5065063,-1.8165064,-1.2665063,-1.0865064,0.69349366,1.4634937,1.0334936,0.093493655,1.2634937,2.5334938,5.943494,6.1134934,4.8134937,4.253494,5.983494,5.8234935,5.3234935,3.8034937,2.7134936,1.8934937,2.0434937,1.7634937,2.5334938,2.2434936,2.2034936,-0.72650635,-2.8565063,-2.6365063,-0.15650634,-0.38650635,-1.1665063,2.5034935,-1.5265063,-1.9765064,-2.4065063
-2.8865063,-2.5065064,-0.09650635,1.8034936,1.5434936,1.0334936,-0.84650636,-1.5565064,-1.0565064,-1.1065063,-0.47650635,0.053493652,-1.2665063,-0.8265064,-0.20650634,2.6134937,4.7934937,5.3334937,5.423494,4.8934937,5.8534937,6.943494,7.7934937,6.903494,4.6234937,3.8234937,3.6134937,3.3334937,2.9634936,2.7334936,0.8634937,-1.4565064,-2.5065064,-2.5365064,-1.8965063,0.7934936,0.9234936,-0.65650636,-0.6965063,-0.07650635,-1.3165064
-2.8465064,-1.7265064,-0.13650635,0.59349364,1.5534936,1.4234936,1.8034936,0.29349366,-1.4765064,-0.58650637,-1.0065063,-1.3565063,-0.8165063,-1.5065063,-2.6065063,-2.2865064,1.2434937,2.6334937,2.2734938,3.8634937,6.1634936,8.523494,9.703494,8.783494,7.923494,6.3834934,5.4134936,5.8034935,5.2934937,3.8634937,2.2834938,-0.7065064,-2.4165063,-2.4465063,-1.5865064,-0.27650633,0.18349366,-0.24650635,-1.7265064,-0.35650635,0.25349367
-2.5465064,-2.4865065,-1.7265064,-1.2365063,0.16349365,0.43349364,0.83349365,1.0934937,0.50349367,-0.12650634,0.20349365,0.76349366,-0.90650636,-1.1465063,-2.2165062,-2.7865064,-3.5765064,-2.9465063,1.6634936,4.3034935,5.9534936,9.0534935,10.233494,9.293493,7.9934936,7.003494,8.103494,6.6834936,4.9734936,4.3234935,3.4134936,1.3834937,-1.2165064,-1.6365063,-2.4465063,-2.0565064,-1.0565064,0.95349365,2.1734936,3.3634937,1.8734937
-2.6865063,-3.7565064,-2.2965064,-1.9465064,-1.6965064,-0.9465063,0.34349364,-0.35650635,-1.2965064,0.7934936,1.3134936,1.3034936,2.0834937,0.22349365,-0.96650636,-2.3365064,-2.7165062,-3.8765063,-3.9065063,0.14349365,4.3034935,7.0734935,8.013494,9.353494,9.173493,7.0134935,7.213494,5.7434936,5.403494,4.233494,4.3634934,4.2634935,1.9134936,-0.41650635,-1.3565063,-2.5365064,-1.3365064,1.1334937,2.4434936,2.0034935,1.3934937
-2.7865064,-4.0265064,-5.6565065,-2.0965064,-2.5065064,-1.0665064,-1.7265064,-3.1465063,-3.6565063,-2.1165063,-0.16650635,-0.73650634,0.64349365,0.76349366,-0.33650634,-1.9465064,-3.1165063,-2.7665064,-4.3965063,-4.3765063,-5.476506,-3.0265064,3.8434937,3.8634937,3.7034936,6.9934936,7.8234935,5.733494,5.4334936,4.4734936,5.423494,4.8834934,3.3134937,1.8334937,-0.036506347,-0.7565063,0.53349364,-0.32650635,0.30349365,0.69349366,1.1034937
