wind_kz.json
{"header": {"discipline":0,"disciplineName":"Meteorological products","gribEdition":2,"gribLength":1025,"center":7,"centerName":"US National Weather Service - NCEP(WMC)","subcenter":0,"refTime":"2023-09-29T06:00:00.000Z","significanceOfRT":1,"significanceOfRTName":"Start of forecast","productStatus":0,"productStatusName":"Operational products","productType":1,"productTypeName":"Forecast products","productDefinitionTemplate":0,"productDefinitionTemplateName":"Analysis/forecast at horizontal level/layer at a point in time","parameterCategory":2,"parameterCategoryName":"UnknownDiscipline_0_Category_2","parameterNumber":3,"parameterNumberName":"UnknownParameter_D0_C2_3","parameterUnit":"Unknown","genProcessType":2,"genProcessTypeName":"Forecast","forecastTime":300,"surface1Type":103,"surface1TypeName":"Specified height level above ground","surface1Value":10.0,"surface2Type":255,"surface2TypeName":"Missing","surface2Value":0.0,"gridDefinitionTemplate":0,"gridDefinitionTemplateName":"Latitude_Longitude","numberPoints":615,"shape":6,"shapeName":"Earth spherical with radius of 6,371,229.0 m","gridUnits":"degrees","resolution":48,"winds":"true","scanMode":64,"nx":41,"ny":15,"basicAngle":0,"lo1":47.0,"la1":41.0,"lo2":87.0,"la2":55.0,"dx":1.0,"dy":1.0}, "data":
[rows 0 to 14 of 15, columns 0 to 40 of 41]
0.7835919,-1.9964081,1.673592,3.363592,-0.01640808,0.43359193,-0.6164081,-0.9964081,-2.196408,-1.566408,-1.446408,-1.7264081,-1.6264081,-2.976408,-3.656408,-3.736408,-3.466408,-2.986408,-3.426408,-1.326408,-2.8064082,-3.956408,-0.24640808,0.06359192,-2.2764082,0.70359194,0.57359195,1.3835919,-0.8664081,-1.9664081,-2.3464081,-4.606408,-1.0164081,-1.176408,-1.796408,-3.356408,-0.6264081,-4.476408,-3.256408,5.443592,4.5335917
3.9735918,-0.096408084,5.233592,1.5835919,-0.7564081,0.16359192,-0.78640807,0.023591919,-1.1564081,-1.4764081,-2.266408,-2.3064082,-1.6064081,-2.266408,-3.916408,-3.896408,-3.266408,-1.8764081,-0.9364081,-1.6264081,-3.266408,-4.826408,-1.7864081,1.5835919,-0.8764081,0.9735919,0.20359191,-0.37640807,-1.0164081,-1.0064081,0.04359192,0.34359193,-2.0964081,-3.5864081,-6.116408,-3.146408,-3.236408,-5.6764083,-4.036408,-3.756408,3.263592
1.183592,5.183592,3.143592,1.2235919,-0.2964081,0.76359195,0.96359193,1.0335919,-0.07640808,-1.6264081,-2.516408,-1.7764081,-2.226408,-2.106408,-3.196408,-3.3464081,-3.0364082,-3.016408,-2.906408,2.623592,0.57359195,-3.626408,-6.6564083,-1.7364081,-1.5264081,-0.18640809,-0.54640806,-0.7764081,-0.14640808,0.7235919,0.89359194,-0.49640808,0.7435919,0.64359194,-1.5064081,-1.1164081,-1.9064081,-2.426408,0.10359192,-0.9964081,-1.2164081
0.14359193,2.323592,1.443592,0.03359192,-0.98640805,0.6735919,1.6135919,1.3335919,2.063592,0.8135919,-0.8064081,-1.566408,-2.766408,-3.126408,-2.216408,-3.0864081,-3.156408,-3.676408,-3.666408,-2.726408,-1.6164081,-2.156408,1.5835919,-1.7864081,-2.5664082,-3.216408,-2.986408,-3.206408,-0.15640809,-2.0264082,-3.136408,-1.956408,0.24359192,1.5035919,-0.53640807,-0.37640807,1.043592,3.013592,-0.54640806,-0.31640807,1.073592
0.19359192,0.7235919,-0.53640807,-0.2964081,0.90359193,0.8835919,1.173592,0.8735919,2.4235919,2.2235918,0.83359194,-0.2564081,-3.0564082,-1.5964081,-2.3364081,-1.956408,-2.516408,-3.2964082,-2.866408,-2.3364081,-1.326408,-0.45640808,-0.92640805,-1.696408,-2.136408,-1.7164081,-2.446408,-1.296408,-1.6464081,-2.2764082,-3.906408,-1.066408,1.1135919,1.0135919,0.24359192,-0.37640807,-2.926408,-2.5864081,-2.756408,-1.8564081,3.533592
1.173592,0.21359192,0.52359194,-0.7064081,-1.0364081,2.593592,1.8935919,1.5335919,2.043592,2.783592,2.1735919,0.28359193,-1.7264081,-1.6564081,-0.7564081,-0.7564081,-1.1164081,-1.3764081,-1.6364081,-1.576408,-0.6964081,0.9235919,1.3935919,0.52359194,-0.5164081,-1.316408,-1.6464081,0.6135919,-0.08640808,-0.3264081,-1.1164081,-1.1364081,-1.8664081,-1.7764081,0.7435919,0.16359192,1.2335919,-0.03640808,-2.8364081,-3.356408,-0.8964081
3.093592,3.093592,2.4535918,1.5235919,1.193592,2.113592,2.6635919,3.063592,1.7835919,1.813592,2.843592,2.4135919,1.8535919,0.40359193,-0.34640807,-0.3564081,0.06359192,0.9235919,0.6135919,-0.07640808,-0.37640807,-0.03640808,0.83359194,1.8335919,2.093592,2.033592,1.2535919,1.303592,0.57359195,0.4235919,-0.5664081,-0.7664081,-1.8964081,-3.116408,-0.59640807,0.0035919189,-1.1164081,-1.8664081,-1.6064081,0.8835919,-2.246408
3.1635919,3.053592,3.993592,3.623592,3.1935918,2.1935918,3.6935918,3.493592,3.623592,2.893592,2.7035918,2.753592,2.303592,2.1735919,2.033592,1.453592,0.23359191,0.32359192,2.333592,2.643592,1.9035919,1.6335919,1.3935919,1.3935919,1.2335919,1.7635919,2.083592,2.033592,0.4535919,2.023592,1.203592,1.1335919,0.7335919,0.7835919,1.293592,0.6335919,-1.4064081,-2.3064082,-0.53640807,1.6035919,-0.8264081
3.013592,3.043592,3.063592,2.853592,2.2035918,2.4435918,3.7235918,3.773592,3.763592,4.0935917,3.543592,3.2235918,2.1635919,2.603592,2.743592,2.4735918,2.7235918,1.543592,1.3335919,1.443592,2.1835918,2.643592,2.993592,2.563592,2.553592,1.813592,1.693592,1.693592,1.2735919,0.9435919,1.2335919,2.013592,2.503592,4.5935917,2.9035919,2.4435918,-1.066408,-0.6564081,-0.6564081,-0.28640807,-2.5564082
2.7035918,3.353592,3.113592,3.1735919,2.583592,1.4035919,1.8735919,2.543592,3.1735919,4.023592,3.733592,3.4435918,2.9535918,2.9635918,3.313592,2.983592,3.053592,3.1535919,2.823592,2.513592,2.563592,2.603592,2.1535919,2.563592,3.123592,3.4435918,2.773592,2.023592,2.4435918,2.393592,2.233592,3.773592,3.883592,5.173592,4.063592,2.073592,0.77359194,0.37359193,1.0035919,4.313592,3.053592
2.483592,2.9435918,3.113592,2.573592,2.893592,2.883592,2.613592,1.9835919,1.3635919,1.4735919,2.493592,2.9535918,2.6635919,3.043592,2.9035919,3.523592,3.7135918,3.9235919,4.063592,3.9035919,3.543592,3.513592,3.1935918,3.853592,3.6535919,3.9435918,3.4135919,3.743592,3.533592,2.9435918,3.1735919,3.493592,4.603592,5.8035917,6.693592,4.953592,2.053592,2.513592,2.503592,1.5335919,-0.07640808
1.8935919,2.4435918,2.893592,3.053592,3.143592,2.803592,2.363592,2.373592,1.803592,1.313592,1.543592,0.64359194,0.82359195,1.3335919,1.4735919,2.6635919,3.383592,3.6635919,5.023592,4.163592,4.123592,3.493592,3.383592,3.383592,3.643592,3.853592,4.743592,3.4735918,2.143592,2.363592,3.483592,2.373592,3.113592,6.433592,5.273592,6.233592,6.063592,4.723592,2.833592,2.323592,1.703592
1.3835919,1.673592,2.483592,2.073592,2.6535919,1.7335919,2.263592,2.6935918,2.993592,2.6735919,1.3735919,0.4835919,1.7635919,1.173592,1.1435919,1.0035919,2.033592,2.503592,3.9735918,3.573592,4.603592,4.163592,3.873592,3.543592,3.1735919,3.863592,3.843592,4.673592,3.603592,1.6235919,4.113592,4.583592,4.013592,3.7135918,5.883592,5.483592,5.013592,3.2035918,4.153592,4.163592,2.873592
2.1535919,2.053592,1.6635919,1.923592,1.693592,2.373592,2.103592,2.4335918,2.643592,3.4335918,2.303592,0.71359193,0.3635919,2.2035918,1.2435919,0.8535919,0.7335919,1.1435919,1.453592,2.493592,2.733592,3.4335918,3.293592,2.743592,2.523592,2.9135919,3.993592,5.253592,3.883592,3.533592,3.6935918,4.673592,4.973592,4.483592,4.373592,4.193592,3.4735918,3.023592,2.263592,2.783592,3.303592
2.043592,2.033592,1.293592,1.9935919,2.043592,2.573592,2.003592,2.833592,2.783592,2.393592,2.4535918,3.1835918,2.233592,-0.72640806,1.933592,1.9735919,0.19359192,-1.196408,-1.5364081,-1.4964081,-0.31640807,0.15359192,0.18359192,1.0035919,1.183592,2.9435918,3.823592,4.223592,3.783592,4.583592,3.343592,7.143592,4.5535917,4.543592,4.3435917,4.3035917,2.733592,3.6635919,3.2235918,3.2035918,2.9435918
