wind_kz.json
{"header": {"discipline":0,"disciplineName":"Meteorological products","gribEdition":2,"gribLength":1025,"center":7,"centerName":"US National Weather Service - NCEP(WMC)","subcenter":0,"refTime":"2023-09-07T12:00:00.000Z","significanceOfRT":1,"significanceOfRTName":"Start of forecast","productStatus":0,"productStatusName":"Operational products","productType":1,"productTypeName":"Forecast products","productDefinitionTemplate":0,"productDefinitionTemplateName":"Analysis/forecast at horizontal level/layer at a point in time","parameterCategory":2,"parameterCategoryName":"UnknownDiscipline_0_Category_2","parameterNumber":2,"parameterNumberName":"UnknownParameter_D0_C2_2","parameterUnit":"Unknown","genProcessType":2,"genProcessTypeName":"Forecast","forecastTime":60,"surface1Type":103,"surface1TypeName":"Specified height level above ground","surface1Value":10.0,"surface2Type":255,"surface2TypeName":"Missing","surface2Value":0.0,"gridDefinitionTemplate":0,"gridDefinitionTemplateName":"Latitude_Longitude","numberPoints":615,"shape":6,"shapeName":"Earth spherical with radius of 6,371,229.0 m","gridUnits":"degrees","resolution":48,"winds":"true","scanMode":64,"nx":41,"ny":15,"basicAngle":0,"lo1":47.0,"la1":41.0,"lo2":87.0,"la2":55.0,"dx":1.0,"dy":1.0}, "data":
[rows 0 to 14 of 15, columns 0 to 40 of 41]
4.2068954,2.1268952,0.13689514,1.7968951,-1.2031049,-5.423105,-6.743105,-8.193105,-9.823105,-5.413105,-6.553105,-6.993105,-6.5231047,-6.4431047,-6.903105,-6.533105,-6.013105,-6.163105,-7.083105,-5.113105,-2.3431048,-1.2831049,0.46689513,-2.733105,0.61689514,-1.5531049,-2.963105,-1.4131049,1.0068952,-0.5531049,-1.2831049,1.3168951,-1.0031048,1.5568951,-4.5031047,-3.783105,-4.5031047,-4.123105,-6.333105,-4.653105,-4.2731047
3.4468951,0.6968951,1.7268951,-3.253105,-4.183105,-4.333105,-2.8331048,-6.633105,-6.573105,-5.323105,-6.573105,-7.403105,-5.833105,-5.903105,-4.283105,-4.093105,-4.473105,-6.613105,-5.833105,-3.6831048,-3.003105,-1.6231048,-1.4731048,-3.3131049,-1.4731048,0.49689513,-0.8031049,0.05689514,-0.6731049,-1.6731049,-0.023104858,-0.32310486,0.5768951,-1.7431048,0.71689516,0.32689515,-0.8631049,0.20689514,-1.1431049,0.13689514,-4.5631046
3.4368951,4.636895,1.1768951,-3.1831048,-3.3031049,-2.713105,-5.113105,-2.4331048,-2.9431047,-2.1631048,-4.853105,-5.123105,-3.963105,-4.7931046,-3.3531048,-3.033105,-4.823105,-3.6931047,-3.3031049,-2.8431048,-2.453105,-2.283105,-6.0631046,-3.523105,2.026895,-1.8431048,-1.1131048,0.35689515,-0.5431049,-0.63310486,-1.8531048,2.3268952,-1.3331048,-0.90310484,0.86689514,-0.50310487,-1.4231049,-0.45310485,0.27689514,1.9568951,2.006895
4.4768953,6.616895,3.0768952,1.2768952,-1.2931049,0.83689517,0.42689514,-2.043105,0.32689515,-0.57310486,-3.003105,-3.8131049,-5.533105,-5.863105,-4.5631046,-1.8131049,-0.89310485,-2.273105,-2.6031048,-2.983105,-2.9031048,-2.763105,-1.8831048,-2.043105,-2.0531049,-2.973105,-1.1331048,-3.993105,-2.463105,0.45689514,-0.48310485,-4.373105,-4.033105,-3.3331048,-3.5731049,-2.543105,-1.8531048,1.5168952,-0.20310485,1.0168952,-0.50310487
5.9368954,7.366895,4.836895,8.216895,4.2468953,3.5568953,2.8768952,2.9368951,0.71689516,1.9268951,-2.733105,-3.6731048,-5.2931046,-7.533105,-4.903105,-2.6331048,-2.3231049,-1.7531048,-3.3731048,-3.983105,-3.8431048,-4.8131046,-3.263105,-2.5731049,-1.7331048,-1.6531049,-3.243105,-0.16310486,-0.81310487,-0.34310487,-0.69310486,-1.8931049,-2.6531048,0.22689514,0.93689513,0.21689515,-2.6031048,-3.033105,-3.743105,-2.6431048,-3.0531049
3.476895,-0.28310487,4.7068954,3.4168952,3.6868951,2.766895,-2.1631048,-5.013105,-2.9431047,-2.9331048,-2.8931048,-2.233105,-3.8231049,-3.9031048,-4.103105,-2.733105,-3.1931047,-4.073105,-3.963105,-2.9331048,-3.8431048,-3.533105,-3.203105,-1.4931048,-3.473105,-0.8531048,-0.17310485,-1.3131049,0.19689514,1.1168952,2.026895,3.0668952,0.42689514,0.23689514,-0.29310486,-4.1931047,-0.18310486,-0.41310486,0.8168951,-3.293105,-3.3431048
1.3568951,0.5668951,0.8968952,1.5168952,-0.21310486,-3.033105,3.246895,-1.0931048,-4.223105,-2.533105,0.10689514,0.0068951417,-0.13310486,-0.8631049,-1.6931049,-2.033105,-2.8631048,-2.973105,-3.0731049,-3.033105,-2.6131048,-2.753105,-2.6031048,-2.013105,-0.44310486,-0.6831049,-1.2931049,-0.30310485,0.99689513,0.32689515,0.77689517,0.77689517,-0.78310484,-4.673105,-4.323105,-3.5831048,-1.3731048,2.6368952,-0.29310486,0.6268951,-0.63310486
0.6968951,0.39689514,1.1068951,0.86689514,-0.46310484,-3.3831048,-1.5931048,-1.5331049,-0.07310486,-0.25310487,0.09689514,-1.2831049,-1.0231049,0.92689514,1.2468952,1.5768951,1.0968951,0.5768951,0.14689514,-0.31310487,-0.013104859,0.31689513,-1.9131049,-2.003105,-1.9531049,-0.83310485,-0.0031048583,0.40689513,0.6268951,0.26689515,0.93689513,0.66689515,-3.1931047,-0.33310485,-3.0931048,-1.7831049,-2.793105,-4.303105,-4.033105,-3.023105,-2.1031048
0.32689515,-0.29310486,0.8968952,1.0468951,-0.76310486,-1.3531048,-1.8731048,-2.6531048,0.10689514,0.42689514,0.026895141,-0.33310485,1.0168952,1.3068951,2.1468952,1.5068952,1.8268951,1.8868952,1.9968952,1.4068952,1.0668951,1.5468951,1.9368951,-0.13310486,-0.31310487,0.03689514,0.17689514,0.67689514,1.8268951,1.4768951,2.0568953,0.12689514,2.3268952,-1.4431049,-2.8331048,-2.793105,-1.2731049,-2.1331048,-1.0431049,-0.03310486,-0.8631049
1.2568952,-0.19310486,-0.89310485,-1.8331048,-2.3131049,-1.5731049,1.1868951,1.4168952,1.2368951,-0.29310486,1.2868952,2.3368952,3.016895,3.256895,3.026895,3.216895,2.1468952,2.216895,2.036895,1.2368951,1.8968952,1.7868952,2.3968952,2.0668952,2.8468952,3.026895,3.286895,3.8568952,4.4568954,5.3068953,5.676895,4.116895,-0.78310484,-2.3331048,-2.1131048,-2.503105,-2.733105,-0.7331049,-1.5131049,0.54689515,-0.70310485
2.1368952,1.3768952,0.58689517,-1.0731049,-1.9331049,-2.6331048,-2.5531049,-1.3231049,-0.9331049,0.83689517,3.1468952,3.8368952,4.356895,5.376895,4.5168953,3.296895,2.3768952,2.6168952,1.7468952,2.296895,1.4168952,1.6968951,2.536895,2.6968951,3.1768951,3.3368952,5.756895,5.446895,6.736895,7.876895,7.296895,2.8468952,-3.8031049,-2.4031048,-2.3831048,-2.9031048,-1.9231049,0.12689514,-1.2431048,0.98689514,-1.1431049
-4.363105,-3.293105,-1.1531049,-0.75310487,-0.5431049,-0.21310486,-0.10310486,0.9468951,1.7868952,1.8768952,2.516895,6.2868953,6.916895,8.336895,8.596895,6.5168953,4.926895,4.376895,2.5968952,2.1068952,1.5368952,2.1068952,2.726895,3.286895,4.846895,6.8068953,8.266895,8.576895,7.2268953,6.1868954,-3.953105,-6.323105,-3.6631048,-5.153105,-2.9131048,-3.0731049,-2.3331048,-1.1631049,-0.34310487,-0.94310486,-1.0431049
-1.9731048,-3.703105,-2.3431048,-2.463105,-1.1631049,0.98689514,1.6868951,2.6868951,4.8068953,3.746895,3.256895,5.6868954,6.296895,2.046895,6.7068954,4.0568953,2.6168952,2.3068953,1.5968951,0.6268951,0.31689513,0.8168951,3.776895,4.126895,5.916895,4.096895,-2.3031049,-4.7931046,-5.883105,-5.613105,-5.763105,-6.2331047,-5.613105,-4.7131047,-2.993105,-3.6831048,-3.4231048,-2.1531048,-3.6831048,-2.1331048,-1.4731048
0.28689516,-0.8631049,-2.0731049,-1.4631048,-0.35310486,0.68689513,0.84689516,-0.37310487,0.61689514,0.36689514,0.93689513,1.0568951,-2.8131049,-3.5631049,-4.623105,-4.013105,-2.3631048,0.23689514,0.66689515,1.7368951,0.60689515,1.6768951,3.8568952,2.3168952,-2.6031048,-3.993105,-6.413105,-6.703105,-6.343105,-6.0431046,-5.083105,-5.223105,-4.6931047,-4.353105,-3.1631048,-3.6231048,-3.1331048,-2.793105,-1.9331049,-0.9831049,-1.5231049
-0.97310483,-1.0931048,-2.8531048,-1.8231049,-1.3631048,-1.6631049,-2.023105,-3.1031048,-2.6331048,-2.293105,-1.8331048,-2.0831048,-1.4031049,-1.9031049,-4.953105,-4.893105,-3.263105,-5.113105,-3.253105,-2.6731048,-2.283105,-5.2531047,-6.053105,-6.333105,-6.5631046,-6.5431046,-6.103105,-6.0031047,-4.403105,-4.763105,-5.843105,-5.183105,-3.983105,-3.6331048,-3.4031048,-3.223105,-2.023105,-2.273105,-1.6931049,-1.7331048,-1.1031048
