wind_kz.json
{"header": {"discipline":0,"disciplineName":"Meteorological products","gribEdition":2,"gribLength":1025,"center":7,"centerName":"US National Weather Service - NCEP(WMC)","subcenter":0,"refTime":"2024-02-02T18:00:00.000Z","significanceOfRT":1,"significanceOfRTName":"Start of forecast","productStatus":0,"productStatusName":"Operational products","productType":1,"productTypeName":"Forecast products","productDefinitionTemplate":0,"productDefinitionTemplateName":"Analysis/forecast at horizontal level/layer at a point in time","parameterCategory":2,"parameterCategoryName":"UnknownDiscipline_0_Category_2","parameterNumber":2,"parameterNumberName":"UnknownParameter_D0_C2_2","parameterUnit":"Unknown","genProcessType":2,"genProcessTypeName":"Forecast","forecastTime":0,"surface1Type":103,"surface1TypeName":"Specified height level above ground","surface1Value":10.0,"surface2Type":255,"surface2TypeName":"Missing","surface2Value":0.0,"gridDefinitionTemplate":0,"gridDefinitionTemplateName":"Latitude_Longitude","numberPoints":615,"shape":6,"shapeName":"Earth spherical with radius of 6,371,229.0 m","gridUnits":"degrees","resolution":48,"winds":"true","scanMode":64,"nx":41,"ny":15,"basicAngle":0,"lo1":47.0,"la1":41.0,"lo2":87.0,"la2":55.0,"dx":1.0,"dy":1.0}, "data":
[rows 0 to 14 of 15, columns 0 to 40 of 41]
-0.6468329,-1.4068329,0.19316712,-0.16683288,0.10316712,2.5131671,0.2731671,-2.926833,-3.0668328,-3.5268328,-3.4768329,-4.1568327,-4.226833,-4.276833,-3.856833,-3.8068328,-1.8868328,-5.4468327,-7.776833,-8.926833,-4.9468327,-2.2368329,-1.8768328,-4.8468328,0.95316714,-2.386833,-3.836833,-3.0468328,1.8431671,1.4431671,-1.7868329,2.833167,-0.3868329,0.5631671,0.6531671,0.3031671,-0.22683288,0.5631671,0.2931671,-0.2568329,0.06316712
1.4031671,-0.08683289,-0.60683286,2.123167,3.083167,2.333167,1.6631671,-1.9068329,-1.8768328,-2.676833,-2.116833,-3.876833,-3.7868328,-3.2568328,-2.126833,-3.7368329,-2.936833,-4.4468327,-5.4068327,-5.3668327,-4.506833,-2.896833,-1.9268329,-5.4268327,-1.1968329,1.3131671,-1.8268329,0.58316714,-3.336833,-1.9368329,0.113167115,-0.9568329,3.4331672,-1.7968329,-0.6468329,0.18316711,-0.30683288,-0.3568329,-1.2168329,1.6431671,0.08316711
-0.3168329,1.4331671,2.583167,2.9731672,3.093167,2.2131672,-0.24683289,0.23316711,-1.9268329,-2.176833,-0.5568329,-1.3768328,-1.9168329,-2.7268329,-2.616833,-2.4768329,-4.376833,-4.016833,-4.086833,-3.656833,-3.3268328,-2.886833,-3.176833,-4.306833,0.40316713,-2.4768329,-3.186833,-2.2668328,-2.366833,-0.8268329,-1.9168329,2.7631671,0.24316712,-0.19683288,0.8531671,-1.1168329,-0.4868329,0.7531671,2.4231672,1.0531671,-0.8868329
2.643167,5.173167,5.3031673,4.493167,3.133167,1.2931671,2.163167,2.393167,1.5531671,1.1931671,0.58316714,0.7831671,0.25316712,-0.7768329,-1.5268329,-2.3168328,-2.176833,-2.2668328,-2.606833,-2.2168329,-0.43683288,-2.0368328,-3.2168329,-4.996833,-5.006833,-4.6368327,-3.656833,-3.7768328,-3.0568328,-1.0068328,-1.4268329,-4.306833,-4.056833,-2.9668329,-2.116833,-2.0568328,-2.336833,2.303167,-0.4168329,0.043167114,-1.3668329
5.493167,5.043167,4.543167,3.603167,3.7131672,4.003167,3.043167,3.093167,2.7231672,2.4931672,2.163167,3.593167,4.8631673,3.7431672,2.143167,0.033167113,-0.4168329,-1.0768329,-1.7968329,-2.5768328,-5.1968327,-4.776833,-5.246833,-4.576833,-4.836833,-4.416833,-5.026833,-2.436833,-3.7168329,-3.136833,-3.186833,-2.166833,-2.916833,0.8531671,2.2431672,0.24316712,-0.53683287,-2.5568328,-1.9568329,-1.7868329,-2.9968328
5.933167,5.503167,4.753167,4.603167,4.333167,3.7031672,4.123167,3.053167,2.413167,3.2631671,3.9431672,3.633167,6.393167,6.953167,2.7831671,0.8831671,0.4831671,-0.6168329,-1.6968329,-2.366833,-3.606833,-3.596833,-3.856833,-4.326833,-3.676833,-3.9968328,-2.2868328,-2.676833,-3.086833,-2.5068328,-2.5468328,-2.596833,-2.936833,-2.2968328,-1.8868328,-0.15683289,-0.6568329,1.2631671,0.6831671,-2.106833,-1.5668329
5.6531672,5.223167,5.503167,5.783167,5.223167,4.003167,3.7231672,3.073167,3.5231671,4.283167,4.5731673,4.8031673,4.713167,4.393167,3.543167,1.6731671,1.1431671,0.9231671,-1.4568329,-1.5868329,-1.0468329,-1.4368329,-2.0068328,-2.186833,-2.7568328,-3.376833,-0.53683287,-1.3668329,-1.3068329,-2.0368328,-2.156833,-2.136833,0.09316711,-1.8768328,-2.636833,-1.9168329,-1.4468329,1.8731672,-1.0568329,0.3931671,-0.3268329
6.783167,5.703167,5.983167,5.313167,4.663167,4.1331673,2.9231672,2.4531672,3.5131671,3.873167,5.703167,6.783167,5.953167,5.6531672,4.233167,2.9231672,2.353167,1.1131672,0.10316712,0.4831671,1.1131672,-0.21683289,-0.046832886,-0.8368329,-0.97683287,-0.8168329,0.58316714,-1.6368328,0.47316712,-0.4168329,-0.27683288,0.5631671,-1.6268328,1.0531671,-0.79683286,1.8931671,2.0231671,-0.7668329,-1.4668329,-1.4268329,-1.6068329
6.6331673,6.233167,5.8831673,5.233167,4.6531672,3.853167,3.5231671,4.203167,3.9731672,4.103167,5.183167,5.643167,6.563167,4.983167,4.513167,3.613167,3.043167,2.6731672,2.4731672,2.9431672,2.873167,2.143167,1.0931671,-0.106832884,0.8531671,0.58316714,-0.6468329,-0.7168329,1.1131672,-0.16683288,1.6631671,2.1931672,6.853167,0.8731671,0.9431671,-0.16683288,0.40316713,-0.21683289,0.8231671,0.7531671,-1.3368329
6.6131673,5.743167,5.6531672,5.353167,5.1131673,4.013167,3.603167,3.9331672,4.183167,3.9631672,5.163167,5.033167,4.443167,4.3831673,4.033167,2.9831672,4.253167,2.863167,3.403167,3.2831671,4.233167,3.393167,2.0331671,1.5331671,1.4531671,0.9031671,1.9231671,1.7431672,2.0031672,2.133167,1.7531672,4.563167,3.7331672,2.293167,0.033167113,-0.08683289,-2.2468328,-0.72683287,1.5431671,0.44316712,-1.0468329
6.203167,5.933167,5.3031673,5.063167,4.453167,3.4631672,3.9931672,3.823167,3.6731672,4.3431673,2.793167,3.123167,1.4931672,3.843167,1.7031671,1.7431672,2.1831672,2.043167,1.5131671,1.0631671,1.6631671,-0.6168329,-0.7068329,-0.08683289,0.8531671,1.5831671,2.863167,3.063167,4.063167,2.0231671,5.033167,3.093167,0.52316713,0.7931671,0.9331671,-0.8968329,-1.0168328,0.6031671,-1.0968329,1.6831671,-1.4068329
3.2231672,4.603167,5.333167,5.703167,4.3031673,3.4431672,3.113167,2.613167,0.24316712,-0.34683287,0.043167114,1.3331671,1.0331671,0.10316712,-0.08683289,-0.5168329,-0.39683288,-1.7868329,-1.6168329,-2.146833,-2.666833,-1.4868329,-1.6068329,-0.9668329,0.9431671,1.4431671,2.863167,3.2031672,3.613167,3.6931672,3.0031672,3.4631672,1.9231671,1.5431671,1.1431671,2.7431672,4.853167,4.833167,-1.2068329,0.2631671,0.3931671
3.7031672,6.003167,4.253167,4.763167,3.093167,2.053167,-0.5168329,0.12316711,-0.37683287,-1.1768329,-1.146833,-0.8168329,-1.0768329,-1.5668329,-1.8868328,-2.5068328,-2.696833,-2.636833,-3.0468328,-2.336833,-1.9268329,-1.1768329,-0.0068328856,-0.17683288,1.1931671,2.323167,2.4631672,2.4831672,2.053167,2.853167,3.403167,3.313167,3.1931672,3.063167,2.2231672,2.9231672,3.113167,2.613167,3.7531672,3.613167,-0.22683288
4.333167,3.123167,4.0531673,4.733167,0.043167114,0.2631671,-0.5068329,-0.3168329,-0.5168329,-0.78683287,-1.2168329,-1.2868329,-0.2968329,-1.0468329,-1.7668328,-2.0468328,-2.2268329,-2.2168329,-2.406833,-1.8368329,-1.8268329,-0.97683287,-0.8168329,-0.026832886,-0.07683288,-1.6568329,-1.0668329,1.4031671,2.053167,2.5031672,3.4831672,3.1831672,2.803167,1.4431671,0.5531671,0.6131671,0.14316711,0.9131671,2.343167,3.093167,1.1931671
2.393167,4.1531672,4.713167,3.6831672,0.5631671,0.17316711,-0.6168329,-1.1068329,-1.3768328,-1.7968329,-1.7268329,-0.8968329,-0.9368329,-0.17683288,-1.2568328,-1.4368329,-2.0668328,-2.106833,-1.9568329,-1.7968329,-2.0468328,-1.5168328,-1.6268328,-1.6568329,-0.9568329,0.35316712,1.353167,1.8731672,2.4931672,2.4231672,3.143167,4.233167,0.21316712,-1.0368329,-0.6268329,-0.09683289,1.8231671,2.113167,0.13316712,1.5131671,-1.2368329
