wind.json
{"header": {"discipline":0,"disciplineName":"Meteorological products","gribEdition":2,"gribLength":1211,"center":7,"centerName":"US National Weather Service - NCEP(WMC)","subcenter":0,"refTime":"2023-07-01T12:00:00.000Z","significanceOfRT":1,"significanceOfRTName":"Start of forecast","productStatus":0,"productStatusName":"Operational products","productType":1,"productTypeName":"Forecast products","productDefinitionTemplate":0,"productDefinitionTemplateName":"Analysis/forecast at horizontal level/layer at a point in time","parameterCategory":2,"parameterCategoryName":"UnknownDiscipline_0_Category_2","parameterNumber":3,"parameterNumberName":"UnknownParameter_D0_C2_3","parameterUnit":"Unknown","genProcessType":2,"genProcessTypeName":"Forecast","forecastTime":0,"surface1Type":103,"surface1TypeName":"Specified height level above ground","surface1Value":10.0,"surface2Type":255,"surface2TypeName":"Missing","surface2Value":0.0,"gridDefinitionTemplate":0,"gridDefinitionTemplateName":"Latitude_Longitude","numberPoints":688,"shape":6,"shapeName":"Earth spherical with radius of 6,371,229.0 m","gridUnits":"degrees","resolution":48,"winds":"true","scanMode":64,"nx":43,"ny":16,"basicAngle":0,"lo1":45.0,"la1":40.0,"lo2":87.0,"la2":55.0,"dx":1.0,"dy":1.0}, "data":
[rows 0 to 15 of 16, columns 0 to 42 of 43]
-0.5573993,-2.8173993,-2.9873993,-6.4773993,3.2926006,-7.1473994,-8.127399,-6.527399,-8.5574,-5.597399,-5.8573995,-1.4473993,2.1126008,2.7926006,1.0226007,1.5426008,-0.06739929,-3.9973993,-5.6273994,-7.007399,-5.8973994,-1.1573993,-1.1973993,-3.3973992,-2.9073992,-3.3473992,-3.4073992,-3.0173993,1.7426007,-6.4773993,-2.0673993,6.5226007,5.1026006,4.1026006,0.32260072,-2.2373993,1.0126007,-2.4573994,-0.3673993,-2.8573992,-4.4373994,-0.32739928,-4.347399
-2.4073992,-3.8173993,0.5226007,1.7926008,-1.5173993,-5.737399,-7.9973993,-6.7073994,-6.7873993,-6.5173993,-0.10739929,-0.9473993,-1.4573992,6.262601,1.8026007,3.3026006,0.7726007,-2.1173992,-5.157399,-5.0473995,-4.6273994,-3.6473992,-1.5673993,-1.9473993,-1.4773993,-1.2973993,1.8526007,1.4626007,2.0126007,-0.6973993,-3.9773993,-2.7973993,-3.6673994,-2.0373993,-2.0873992,1.5126007,0.9126007,-0.24739929,0.21260071,1.2726007,-0.6473993,-4.2073994,-5.4373994
0.3626007,3.1226008,-0.8373993,1.7426007,1.0526007,-4.117399,-7.387399,-5.8273993,-6.8273993,-7.5873995,-2.5273993,-4.3773994,0.3326007,5.4326005,4.7126007,5.2726007,2.6026008,-1.1473993,-3.0573993,-2.6673994,-5.0773993,-3.5873992,-0.6973993,-1.4673992,-1.1273993,-2.5673993,2.3626008,1.3026007,1.7826008,-1.3373992,-2.1973994,-2.5473993,-2.1573992,-3.2173994,-1.7973993,-3.9473994,-3.6273992,4.552601,-2.7573993,4.8526006,1.8226007,-0.45739928,-0.5073993
-2.8073993,-2.3873992,-4.197399,5.012601,1.9126008,-1.7773993,-4.217399,-5.0573993,-4.6273994,-7.7473993,-3.4673994,-0.7973993,6.342601,8.232601,7.632601,5.822601,2.9726007,0.4726007,-1.2273993,-4.3973994,-4.277399,-3.5173993,-2.3373992,-1.8473992,-4.5173993,-3.7073994,-5.2273993,-2.9873993,-3.5973992,-5.217399,-4.257399,-1.9873993,-2.4473994,-1.4873993,-2.7073994,-3.1373992,-2.7873993,1.3626007,-0.10739929,-3.5773993,-3.2873993,-1.7873993,-3.4373994
-2.2673993,-1.1673993,-1.8873993,-3.0673993,-3.2073994,-1.6973993,-1.4073993,-5.737399,-5.407399,-5.0373993,-5.3373995,-9.737399,-1.5773993,13.0526,1.8226007,0.7626007,5.072601,1.1726007,-0.7573993,-3.3273993,-5.277399,0.21260071,-1.3073993,-0.9073993,1.0426008,-1.2573993,-2.7873993,-2.9573994,-1.9473993,-3.2773993,-3.3373992,-3.7873993,-5.527399,-4.8173995,-7.0373993,4.992601,1.0726007,-1.7773993,-2.7773993,-0.56739926,6.1726007,0.5026007,-2.1673994
-4.3573995,-4.1873994,-2.9173994,2.5826006,2.8126006,1.0526007,1.5126007,-4.6473994,-2.7073994,-5.257399,-4.2973995,-8.267399,-0.4673993,4.742601,2.5626006,1.2826008,-0.2573993,2.2126007,0.7726007,0.9526007,0.29260072,0.7926007,0.6326007,2.1926007,2.6026008,1.6626008,-0.07739929,-2.5273993,-3.7673993,-9.487399,-3.3673992,-4.657399,-5.4173994,-7.117399,-4.5773993,-3.1073992,-3.2673993,-0.6073993,-6.5473995,-1.4173993,-0.3873993,-7.987399,1.1926007
1.0526007,-1.5373993,-1.3973993,-1.1273993,-3.1573992,4.6026006,3.6726007,1.1826007,-3.7973993,-4.947399,-5.7473993,-6.2873993,8.852601,8.7426,5.3326006,3.6726007,3.4226007,4.2026005,2.3826008,2.5526006,2.4726007,1.3226007,0.48260072,-0.24739929,-0.35739928,-1.5073993,-2.3073993,0.68260074,1.7526007,-1.6273993,-4.197399,-6.527399,-6.1473994,-5.9973993,-3.7973993,-3.5773993,-4.5773993,1.5026007,-5.677399,-9.917399,-7.0773993,8.962601,5.9226007
-2.0073993,-2.8273993,-0.037399292,-0.4473993,1.6626008,1.0426008,3.2626007,1.5626007,-1.4573992,-5.347399,-5.7473993,-3.4173994,8.682601,9.752601,6.742601,5.6926007,6.552601,6.9326005,6.1226006,3.0226007,4.552601,4.3526006,3.4026008,1.3026007,-0.9573993,-2.4673994,-2.6473992,-0.06739929,-0.9873993,-2.5073993,0.22260071,-3.6173992,-5.197399,-5.4773993,-6.4373994,-7.447399,-8.6374,-7.8773994,-5.7973995,-2.8473992,-2.7173994,-2.4873993,-9.437399
-2.8373992,-2.1073992,0.6726007,1.2026007,6.0826006,1.5026007,2.8126006,1.6226007,0.1526007,-1.3973993,-2.2073994,9.6626005,13.8826,9.7826,11.5326,9.172601,6.4226007,5.4426007,4.9226007,4.9526005,3.8026006,4.302601,2.8126006,1.2226007,0.4026007,-2.5873992,-2.3073993,-2.4473994,-3.2073994,-3.9173994,-3.7173994,-4.487399,-5.6473994,-5.867399,-7.527399,-7.527399,-6.777399,-7.197399,1.9526007,2.8326006,1.2826008,0.42260072,-1.3273993
-1.4473993,-1.5173993,-1.4273993,3.7926006,-2.1773994,3.9926007,4.5426006,2.2226007,1.2726007,1.8926007,0.87260073,9.352601,7.4126005,7.762601,7.512601,4.782601,7.072601,4.9626007,4.782601,4.9326005,4.512601,3.2526007,2.2326007,0.7726007,-1.9373993,-1.6673993,-3.5273993,-3.7973993,-3.3373992,-3.7173994,-4.427399,-5.0373993,-6.1473994,-6.7273993,-7.0673995,-5.3573995,-6.0373993,-7.1873994,-5.0473995,-4.5873995,-3.4773993,-2.5573993,0.5426007
-1.8473992,-0.3173993,-0.35739928,0.3126007,0.10260071,5.092601,3.6126008,1.3626007,-2.9273994,-4.8273993,4.0826006,8.592601,6.0626006,11.1126,11.0426,6.9826007,7.5426006,7.552601,6.7026005,5.152601,3.5326006,0.3626007,-0.5173993,-1.4373993,-2.0473993,-1.8973993,-4.177399,-3.5173993,-3.5273993,-2.0673993,-2.4873993,-3.4173994,-4.387399,-4.2073994,-4.987399,-5.5673995,-7.8373995,-6.8173995,-4.257399,-1.4373993,0.6026007,-1.9073993,-0.87739927
-1.4273993,0.07260071,0.19260071,0.87260073,3.3226006,6.492601,4.1226006,0.9726007,-3.0773993,-4.617399,0.8626007,4.152601,9.222601,7.8726006,8.5726,8.972601,7.6726007,7.4326005,5.092601,2.5026007,1.7126007,1.7626007,1.6226007,-0.9273993,-2.0873992,-1.7673993,-2.4973993,-1.1873993,-0.7773993,-1.6473993,-1.7373993,-2.6373992,-2.5773993,-4.2973995,-3.5373993,-3.5873992,-4.0773993,-2.0573993,-3.2673993,-1.9073993,-2.0273993,-1.5573993,-0.14739929
-0.24739929,-0.29739928,1.2626007,2.8126006,2.9326007,6.012601,4.9826007,1.8726007,-1.8873993,-3.8373992,0.81260073,3.2026007,6.8726006,6.7726007,6.882601,7.592601,6.7726007,7.0026007,6.3726006,5.782601,4.1226006,3.1826007,2.6126008,1.7626007,0.9226007,0.042600706,1.3226007,1.1226007,-0.93739927,-0.8673993,-0.9073993,-0.7373993,-2.3273993,-4.0373993,-1.7873993,-3.4973993,-2.7673993,-1.6573993,-2.3573992,-3.2173994,-1.9873993,-1.6873993,1.8126007
0.09260071,-0.13739929,1.9826007,2.3126006,3.3226006,6.0026007,6.4326005,2.2426007,0.7426007,-0.2773993,3.3026006,4.382601,-0.5773993,5.3526006,5.5226007,5.8126006,5.802601,5.402601,5.4326005,5.1926007,5.652601,2.8126006,3.6826007,3.2726007,1.7626007,1.5126007,2.5926008,0.62260073,-0.2573993,0.3026007,-1.3173993,-2.1973994,-2.4473994,-3.2773993,-1.9873993,0.5226007,0.62260073,-0.8873993,-0.8473993,0.2026007,-1.1173993,-1.5173993,0.03260071
-0.4373993,1.4526007,2.2826006,2.4426007,3.5426006,5.902601,6.152601,4.612601,3.5826006,1.2126007,1.7326007,1.5926007,3.4226007,2.4426007,6.4226007,5.9626007,6.7326007,7.5426006,5.552601,5.152601,4.262601,5.552601,5.402601,4.092601,3.6326008,3.0526006,2.2726007,1.6226007,0.8626007,-0.5273993,-1.5173993,-2.3073993,-2.5973992,-4.7973995,-4.737399,-3.6173992,-4.367399,-2.9773993,-0.5173993,-1.2473993,-1.6573993,-2.0973992,-2.7073994
0.42260072,2.0926008,1.8826007,3.0126007,3.1426008,6.9226007,4.742601,6.222601,6.052601,0.22260071,2.6126008,1.5826007,3.4126008,1.3626007,2.3226006,5.222601,6.612601,6.802601,6.7526007,5.9526005,5.2926006,4.0226007,5.4826007,5.5026007,4.862601,4.152601,3.4026008,1.9626007,0.5426007,-0.3073993,-1.7273993,-2.6973994,-2.4673994,-0.5073993,-3.1273992,-3.6473992,-3.5473993,-2.9673994,-1.0373993,-2.0973992,-1.5273993,-1.3573993,-0.6373993
