wind_kz.json
{"header": {"discipline":0,"disciplineName":"Meteorological products","gribEdition":2,"gribLength":1102,"center":7,"centerName":"US National Weather Service - NCEP(WMC)","subcenter":0,"refTime":"2024-04-06T12:00:00.000Z","significanceOfRT":1,"significanceOfRTName":"Start of forecast","productStatus":0,"productStatusName":"Operational products","productType":1,"productTypeName":"Forecast products","productDefinitionTemplate":0,"productDefinitionTemplateName":"Analysis/forecast at horizontal level/layer at a point in time","parameterCategory":2,"parameterCategoryName":"UnknownDiscipline_0_Category_2","parameterNumber":2,"parameterNumberName":"UnknownParameter_D0_C2_2","parameterUnit":"Unknown","genProcessType":2,"genProcessTypeName":"Forecast","forecastTime":240,"surface1Type":103,"surface1TypeName":"Specified height level above ground","surface1Value":10.0,"surface2Type":255,"surface2TypeName":"Missing","surface2Value":0.0,"gridDefinitionTemplate":0,"gridDefinitionTemplateName":"Latitude_Longitude","numberPoints":615,"shape":6,"shapeName":"Earth spherical with radius of 6,371,229.0 m","gridUnits":"degrees","resolution":48,"winds":"true","scanMode":64,"nx":41,"ny":15,"basicAngle":0,"lo1":47.0,"la1":41.0,"lo2":87.0,"la2":55.0,"dx":1.0,"dy":1.0}, "data":
[rows 0 to 14 of 15, columns 0 to 40 of 41]
2.944143,-0.49585694,-1.8258569,2.8541431,0.19414307,0.124143064,-7.405857,-9.325857,-11.075857,-9.385857,-8.795856,-8.615857,-8.185857,-7.0558567,-4.815857,-3.585857,-0.98585695,-2.1558568,-0.055856932,-1.265857,-1.915857,-3.195857,-0.16585693,2.444143,-2.115857,-2.325857,-2.4258568,2.404143,0.09414306,0.46414307,0.36414307,-0.48585692,-1.5758569,1.1341431,1.714143,2.284143,4.134143,1.444143,2.304143,3.034143,1.3841431
-0.8258569,-2.335857,-1.1258569,-2.495857,-1.4458569,-1.535857,-8.535857,-8.355857,-9.865857,-9.465857,-9.965857,-8.585857,-6.645857,-5.995857,-4.445857,-2.365857,-0.45585692,0.39414307,1.204143,0.30414307,1.104143,-0.035856932,-0.56585693,0.44414306,1.704143,0.044143066,1.1741431,1.224143,0.58414304,0.15414307,0.46414307,0.19414307,-0.5758569,-0.7158569,-0.07585693,1.074143,2.514143,3.214143,2.8341432,-1.175857,0.5541431
4.354143,-1.665857,-3.795857,-5.505857,-3.275857,-4.155857,-9.025857,-9.845857,-9.805857,-9.765857,-9.315857,-8.285857,-7.665857,-6.5358567,-4.945857,-3.8858569,-3.275857,-1.6058569,1.0441431,1.1441431,1.0341431,0.9841431,-0.055856932,2.924143,-3.065857,-2.565857,-2.695857,0.7241431,1.364143,0.5541431,-0.15585694,-0.7758569,0.26414308,-0.37585694,0.46414307,-2.785857,1.094143,-0.21585694,5.324143,3.3741431,-1.6058569
-5.295857,-7.355857,-6.385857,-9.075857,-10.745857,-8.385857,-7.185857,-9.385857,-9.535857,-10.535857,-11.195857,-9.675857,-5.2658567,-4.205857,-7.085857,-4.925857,-4.365857,-1.9858569,-2.4058568,-2.585857,-1.8158569,-1.6258569,1.5541431,1.454143,0.6141431,-0.37585694,1.464143,0.45414308,3.8441432,3.3541431,4.374143,2.3441432,8.414143,10.434143,9.024143,4.494143,1.104143,0.06414307,-0.61585695,0.76414305,3.034143
-12.305857,-11.765857,-13.295856,-15.595857,-10.555857,-7.255857,-6.775857,-9.125857,-10.775857,-10.235857,-11.115857,-8.525857,-6.615857,-3.845857,0.35414305,-6.275857,-5.775857,-5.635857,-6.7658567,-5.295857,-3.365857,-2.105857,3.1241431,2.224143,4.644143,2.5641432,3.514143,5.554143,4.754143,1.8041431,1.6441431,3.644143,1.5041431,-0.025856934,2.894143,-2.305857,11.9941435,0.75414306,2.5841432,6.024143,2.704143
-4.465857,-7.605857,-8.595857,-0.97585696,1.8041431,-3.525857,-7.445857,-6.615857,-8.395857,-10.175857,-9.375857,-8.375857,-8.985857,-7.5158567,-4.465857,-6.295857,-5.465857,-4.485857,-7.875857,-6.235857,-6.605857,-5.415857,-4.005857,-3.1858568,-1.6058569,-1.055857,-3.3958569,0.35414305,2.404143,3.3141432,4.744143,7.554143,2.554143,2.634143,6.834143,1.084143,7.994143,8.374143,9.664143,0.45414308,2.1241431
-4.145857,-6.665857,-1.8358569,2.714143,-0.5858569,-4.025857,-7.2658567,-7.705857,-9.135857,-8.805857,-9.235857,-8.5058565,-8.045856,-8.815857,-7.495857,-6.615857,-5.7658567,-4.925857,-6.315857,-6.425857,-6.465857,-6.435857,-5.845857,-4.715857,-3.565857,-3.585857,-3.6458569,-1.305857,-1.645857,-4.725857,-5.025857,-5.7858567,-3.945857,5.024143,5.394143,3.3441432,4.374143,1.9041431,4.594143,-0.45585692,2.684143
-6.065857,-3.575857,-3.8958569,-9.165857,-7.675857,-8.445857,-9.065857,-8.985857,-8.635857,-9.365857,-8.895857,-8.485857,-8.125857,-8.535857,-7.405857,-7.615857,-7.215857,-6.5358567,-5.685857,-5.815857,-6.255857,-5.825857,-5.2858567,-4.655857,-4.2858567,-3.1558568,-2.495857,-0.8258569,-0.44585693,-1.6258569,-3.3958569,-1.785857,-2.065857,-2.235857,0.18414307,4.704143,6.9641433,6.564143,4.114143,3.474143,5.424143
-5.425857,-6.315857,-7.675857,-8.415857,-9.515857,-9.495857,-8.805857,-8.585857,-9.185857,-8.435857,-8.135857,-8.065857,-8.265857,-7.215857,-7.475857,-6.955857,-6.625857,-6.205857,-5.715857,-5.415857,-5.345857,-4.905857,-4.175857,-2.945857,-3.005857,-1.7358569,-0.61585695,-0.67585695,-0.17585693,1.354143,1.1541431,0.6041431,1.694143,1.734143,2.394143,3.0641432,2.714143,-0.7158569,-1.525857,0.58414304,0.044143066
-7.985857,-8.565857,-7.075857,-8.385857,-7.245857,-7.435857,-7.065857,-8.5058565,-8.225857,-7.825857,-7.725857,-7.655857,-6.8058567,-6.2658567,-6.395857,-6.175857,-5.665857,-5.345857,-4.915857,-4.675857,-4.695857,-3.1458569,-2.3858569,-1.645857,-1.1958569,-0.44585693,0.24414307,1.1341431,1.834143,3.0741432,4.254143,5.284143,5.654143,5.724143,4.414143,1.6541431,2.544143,3.8741431,3.414143,0.8041431,0.33414307
-6.635857,-5.815857,-6.645857,-5.105857,-4.355857,-7.205857,-7.945857,-7.905857,-7.295857,-6.425857,-6.2658567,-6.255857,-5.325857,-5.2858567,-5.255857,-4.695857,-4.585857,-3.715857,-3.4058568,-3.265857,-2.265857,-1.525857,-0.41585693,-0.035856932,0.99414307,1.2641431,2.8641431,3.5641432,4.664143,6.174143,6.554143,7.354143,7.044143,6.804143,6.394143,3.444143,1.694143,1.3841431,1.234143,3.164143,0.45414308
-6.825857,-5.845857,-5.105857,-5.115857,-5.7858567,-6.365857,-6.075857,-6.105857,-5.7658567,-4.875857,-4.795857,-4.475857,-3.9258568,-3.6758568,-3.325857,-2.715857,-2.4258568,-2.6458569,-1.1158569,-0.98585695,0.034143068,0.9841431,1.7841431,1.864143,2.784143,3.454143,4.594143,5.594143,6.6941433,7.554143,6.974143,7.934143,5.414143,5.654143,4.924143,4.954143,5.9441433,5.654143,4.634143,1.994143,2.044143
-4.825857,-5.455857,-4.655857,-4.465857,-4.675857,-3.9158568,-4.685857,-4.575857,-4.255857,-1.9458569,-1.555857,-2.1858568,-1.8658569,-1.895857,-1.135857,-0.26585692,-0.23585694,0.41414306,0.57414305,1.714143,1.854143,2.444143,3.004143,3.784143,4.7341433,5.184143,5.804143,6.294143,6.864143,6.344143,6.874143,6.164143,7.054143,7.394143,6.914143,6.4841433,6.284143,5.154143,5.844143,5.084143,4.394143
-5.0558567,-4.905857,-3.805857,-4.845857,-4.7658567,-4.355857,-3.6458569,-2.705857,-1.9758569,-1.515857,0.13414307,0.46414307,-0.16585693,0.81414306,1.6541431,2.424143,2.404143,2.434143,2.6041431,2.784143,2.944143,3.494143,4.404143,5.014143,5.2341433,5.774143,5.824143,6.054143,5.274143,6.1941433,6.564143,6.624143,6.504143,7.054143,6.624143,6.434143,5.334143,5.094143,5.314143,5.274143,3.424143
-3.275857,-4.475857,-3.1258569,-4.215857,-3.6758568,-3.485857,-3.205857,-2.815857,-2.535857,-1.9658569,-0.55585694,-0.7658569,0.52414304,1.454143,2.164143,2.654143,3.174143,3.404143,3.514143,3.544143,3.6141431,4.294143,4.564143,4.814143,5.064143,5.2141433,5.7341433,5.394143,4.934143,6.104143,6.604143,7.434143,6.904143,7.094143,6.844143,6.914143,6.544143,6.384143,6.4441433,5.884143,3.8141432
