wind_kz.json
{"header": {"discipline":0,"disciplineName":"Meteorological products","gribEdition":2,"gribLength":1025,"center":7,"centerName":"US National Weather Service - NCEP(WMC)","subcenter":0,"refTime":"2023-08-21T18:00:00.000Z","significanceOfRT":1,"significanceOfRTName":"Start of forecast","productStatus":0,"productStatusName":"Operational products","productType":1,"productTypeName":"Forecast products","productDefinitionTemplate":0,"productDefinitionTemplateName":"Analysis/forecast at horizontal level/layer at a point in time","parameterCategory":2,"parameterCategoryName":"UnknownDiscipline_0_Category_2","parameterNumber":2,"parameterNumberName":"UnknownParameter_D0_C2_2","parameterUnit":"Unknown","genProcessType":2,"genProcessTypeName":"Forecast","forecastTime":0,"surface1Type":103,"surface1TypeName":"Specified height level above ground","surface1Value":10.0,"surface2Type":255,"surface2TypeName":"Missing","surface2Value":0.0,"gridDefinitionTemplate":0,"gridDefinitionTemplateName":"Latitude_Longitude","numberPoints":615,"shape":6,"shapeName":"Earth spherical with radius of 6,371,229.0 m","gridUnits":"degrees","resolution":48,"winds":"true","scanMode":64,"nx":41,"ny":15,"basicAngle":0,"lo1":47.0,"la1":41.0,"lo2":87.0,"la2":55.0,"dx":1.0,"dy":1.0}, "data":
[rows 0 to 14 of 15, columns 0 to 40 of 41]
-4.441997,-0.15199707,1.7580029,2.1980028,2.348003,3.6380029,4.078003,6.358003,0.7280029,2.558003,3.1680028,0.47800294,3.1580029,2.848003,1.0080029,-1.971997,-2.021997,6.848003,0.63800293,0.68800294,2.9180028,-0.05199707,-1.8019971,-0.5919971,-0.13199706,-3.401997,-2.651997,0.61800295,-0.12199707,-0.05199707,-0.18199708,0.34800294,-0.7719971,1.1280029,-3.421997,-3.0819972,-4.161997,-3.3519971,-2.641997,-1.6419971,-1.9319971
2.078003,1.7180029,-3.951997,0.05800293,1.0780029,2.818003,3.488003,-1.1319971,0.32800293,3.768003,3.538003,3.468003,0.9780029,3.708003,0.08800293,-1.221997,2.9280028,1.7580029,2.6580029,3.208003,1.668003,1.5080029,1.528003,-1.5519971,0.32800293,1.428003,-1.5219971,0.7880029,-4.171997,-1.6519971,-0.25199708,-0.56199706,0.09800293,-1.231997,0.36800292,-0.46199706,-0.32199708,0.31800294,-0.08199707,1.1080029,-5.191997
0.61800295,-4.851997,-1.0219971,-0.19199707,2.278003,3.058003,4.998003,4.148003,2.9180028,3.6980028,0.25800294,-0.9219971,0.6580029,1.798003,-1.321997,1.538003,-1.5319971,3.6580029,1.418003,2.1880028,2.038003,2.478003,1.8580029,-3.261997,2.068003,-1.8819971,-2.451997,-1.5119971,-3.271997,-0.49199706,-0.36199707,1.8880029,0.09800293,-0.34199706,0.61800295,-1.341997,0.86800295,-0.38199708,3.1380029,1.908003,0.06800293
-3.011997,-2.001997,-0.47199708,0.92800295,-0.43199706,-1.4019971,-0.24199706,2.378003,-2.671997,-0.48199707,-1.481997,-1.5319971,0.5980029,1.2080029,0.7780029,-2.711997,-5.101997,-3.5819972,-1.8019971,1.3380029,1.2180029,-0.95199704,0.36800292,-3.681997,-5.9719973,-4.261997,-4.2019973,-7.4319973,-4.4719973,-2.241997,-0.8419971,-0.87199706,1.1380029,-0.6719971,-2.711997,-1.711997,-1.581997,1.1980029,0.38800293,-1.481997,1.5080029
-0.10199707,0.15800293,0.28800294,-0.30199707,1.1180029,-0.39199707,0.7180029,-1.7919971,-0.12199707,0.31800294,-1.461997,-2.931997,-3.461997,-3.5719972,-3.411997,-1.9019971,-3.401997,-2.891997,-0.7919971,-1.961997,-0.69199705,1.648003,-2.8419971,-6.351997,-5.031997,-5.261997,-5.121997,-3.141997,-4.641997,-3.971997,-3.461997,-1.451997,-2.721997,0.06800293,0.9680029,-0.62199706,0.7280029,-1.3619971,1.0980029,0.87800294,-3.3519971
0.7080029,1.5080029,3.508003,3.238003,4.2980027,0.88800293,1.928003,2.858003,-1.351997,-1.441997,0.028002929,-1.1619971,1.4580029,-0.9019971,-0.10199707,-1.8019971,0.81800294,-0.09199707,-2.8419971,-2.011997,-5.051997,2.118003,-3.411997,-4.231997,-3.8419971,-2.721997,-3.0619972,-3.8619971,-2.981997,-2.281997,-2.721997,-3.271997,-3.201997,-2.3619971,-0.8319971,-3.181997,-0.40199706,2.108003,2.1880028,-1.701997,-4.131997
1.1180029,0.79800296,3.788003,2.288003,5.408003,3.1480029,-3.3119972,0.87800294,-2.991997,-1.321997,-0.6019971,0.19800293,-0.44199708,1.558003,0.8280029,-1.081997,0.54800296,-1.441997,-0.40199706,-3.0819972,-0.31199706,1.3180029,5.058003,-3.5519972,-2.231997,0.35800293,0.6680029,1.538003,1.028003,1.428003,2.1780028,3.528003,1.0780029,-2.5819972,-3.3319972,-2.491997,-1.061997,2.508003,0.40800294,-0.36199707,4.388003
-2.541997,-0.7819971,-2.531997,-1.601997,7.488003,5.288003,1.3180029,-0.14199707,-0.02199707,-1.461997,-0.68199706,0.74800295,-0.10199707,-0.82199705,3.358003,0.43800294,3.4180028,0.5780029,0.38800293,-1.7719971,-0.14199707,7.968003,7.0080028,-1.1119971,-3.221997,-1.5219971,-3.191997,-3.3019972,-2.3219972,-3.631997,-0.09199707,-3.0919971,-3.3419971,-2.771997,-3.041997,-1.211997,-2.741997,2.018003,3.628003,4.5680027,-1.0319971
0.5980029,1.0080029,-1.0219971,0.75800294,-0.40199706,-2.631997,-1.4219971,4.7780027,-2.191997,-1.591997,-0.76199704,0.23800293,1.7580029,-0.48199707,-0.28199708,0.22800294,2.1580029,3.958003,3.248003,4.738003,2.738003,-1.971997,-1.4919971,-3.1119971,-3.681997,-3.6119971,-1.841997,-1.711997,-0.8319971,-1.4119971,-4.211997,-2.211997,-0.74199706,-1.701997,-1.321997,-0.8419971,0.6580029,-1.9119971,-1.6519971,1.1180029,-1.061997
4.178003,-2.3619971,-3.6119971,-2.761997,-1.3719971,1.2080029,1.7480029,0.48800293,1.778003,-0.40199706,3.288003,2.558003,1.938003,2.608003,1.648003,0.9580029,0.36800292,1.398003,1.8680029,-0.57199705,-2.501997,-2.501997,-3.201997,-2.951997,-2.901997,-2.181997,-1.1419971,-1.9219971,-2.771997,-3.471997,-3.3319972,-3.641997,-3.151997,-3.941997,-2.121997,-0.7919971,-1.8919971,0.44800293,-1.8019971,0.22800294,0.05800293
1.2580029,-3.041997,-3.481997,-0.95199704,-0.47199708,0.5980029,0.7880029,0.93800294,-1.4019971,-1.8919971,-1.311997,3.318003,2.4180028,2.858003,1.918003,2.348003,1.268003,0.43800294,2.4280028,3.228003,0.55800295,-2.151997,-2.621997,-2.461997,-2.5619972,-2.871997,-2.751997,-2.901997,-2.431997,-3.671997,-3.911997,-2.921997,-2.971997,-2.241997,-2.1119971,-1.2419971,-1.2719971,0.7280029,-0.81199706,0.9180029,-1.1419971
-1.221997,-1.101997,1.788003,-0.22199707,1.398003,2.738003,2.808003,1.5680029,1.8680029,-0.30199707,0.7080029,2.268003,-0.38199708,-0.68199706,2.038003,0.44800293,0.06800293,0.08800293,1.1180029,3.958003,0.35800293,-1.581997,-2.441997,-1.3819971,-2.1019971,-1.6219971,-1.6319971,-3.281997,-2.881997,-2.371997,-1.9219971,-3.211997,-2.481997,-2.8419971,-2.261997,-2.271997,-0.61199707,-0.26199707,-0.23199707,-0.5819971,-0.39199707
-1.211997,-1.981997,-0.5219971,-0.82199705,-2.5619972,-1.8619971,-1.6619971,-2.6119971,-4.9519973,1.2380029,0.14800292,0.6080029,-0.7319971,-2.791997,-0.81199706,-0.50199705,0.08800293,0.07800293,1.9480029,2.1780028,2.6580029,-0.38199708,-0.57199705,-1.5219971,-0.99199706,-4.081997,-3.251997,-4.421997,-3.8119972,-3.511997,-3.161997,-2.691997,-2.941997,-2.8319972,-1.7419971,-1.701997,-1.571997,-1.2419971,-3.171997,-1.5519971,-0.9619971
-1.1619971,-1.351997,-0.49199706,-1.461997,-2.261997,-1.5119971,-1.6119971,-1.1819971,-0.55199707,-0.24199706,-0.76199704,0.04800293,0.6480029,0.8280029,0.80800295,1.7280029,2.828003,2.318003,1.3680029,2.248003,2.298003,-0.45199707,-2.501997,2.788003,-1.6119971,-4.361997,-4.1819973,-3.771997,-3.3619971,-3.791997,-3.471997,-2.8019972,-2.441997,-3.131997,-2.131997,-2.681997,-1.6219971,-1.7919971,-2.3619971,-0.9019971,0.008002929
-0.9019971,-0.5419971,-1.851997,-0.34199706,-1.731997,-0.9619971,0.81800294,0.15800293,0.5980029,-0.6419971,-0.23199707,0.62800294,0.8480029,2.4280028,2.758003,3.258003,4.2580028,2.018003,0.35800293,1.4480029,0.34800294,1.048003,-1.7519971,0.50800294,-0.6019971,-3.671997,-4.211997,-3.1019971,-2.981997,-2.8619971,-2.621997,-2.211997,-2.0719972,-1.7919971,-1.9319971,-0.7119971,-1.0119971,-0.70199704,0.27800292,-1.0219971,0.01800293
