wind_kz.json
{"header": {"discipline":0,"disciplineName":"Meteorological products","gribEdition":2,"gribLength":1025,"center":7,"centerName":"US National Weather Service - NCEP(WMC)","subcenter":0,"refTime":"2023-08-18T06:00:00.000Z","significanceOfRT":1,"significanceOfRTName":"Start of forecast","productStatus":0,"productStatusName":"Operational products","productType":1,"productTypeName":"Forecast products","productDefinitionTemplate":0,"productDefinitionTemplateName":"Analysis/forecast at horizontal level/layer at a point in time","parameterCategory":2,"parameterCategoryName":"UnknownDiscipline_0_Category_2","parameterNumber":3,"parameterNumberName":"UnknownParameter_D0_C2_3","parameterUnit":"Unknown","genProcessType":2,"genProcessTypeName":"Forecast","forecastTime":180,"surface1Type":103,"surface1TypeName":"Specified height level above ground","surface1Value":10.0,"surface2Type":255,"surface2TypeName":"Missing","surface2Value":0.0,"gridDefinitionTemplate":0,"gridDefinitionTemplateName":"Latitude_Longitude","numberPoints":615,"shape":6,"shapeName":"Earth spherical with radius of 6,371,229.0 m","gridUnits":"degrees","resolution":48,"winds":"true","scanMode":64,"nx":41,"ny":15,"basicAngle":0,"lo1":47.0,"la1":41.0,"lo2":87.0,"la2":55.0,"dx":1.0,"dy":1.0}, "data":
[rows 0 to 14 of 15, columns 0 to 40 of 41]
5.1580935,-0.7319067,0.36809325,-1.7319068,-2.7619066,-4.401907,-4.1219068,-4.1419067,-3.0919068,-2.7419066,-4.251907,-4.771907,-5.461907,-6.231907,-6.1119065,-7.5119066,-8.601907,-8.871906,-2.4419067,-5.021907,0.15809326,-0.20190674,-3.2819068,2.4980934,-0.99190676,2.8880932,0.21809326,2.6280932,2.4280932,4.1080933,1.9580933,-0.13190673,0.81809324,-1.9119067,0.91809326,0.49809325,-2.0619068,-3.2619066,-4.791907,-4.7619066,-2.9319067
4.848093,1.8080933,0.73809326,-2.5319068,-4.9119067,-6.481907,-5.041907,-1.4719068,-2.7119067,-2.7019067,-2.5119066,-3.7819068,-3.7019067,-2.3719068,-4.8219066,-5.211907,-6.751907,-6.501907,-8.911907,-6.5119066,-10.651907,-0.11190674,1.5880933,-0.88190675,2.4780931,-0.44190675,-1.2619067,2.4080932,-0.17190674,0.94809324,2.6580932,1.6280932,-0.30190673,0.048093263,-0.52190673,-1.1919067,-2.0819068,-2.4119067,-0.03190674,-0.62190676,-0.18190674
1.9980932,0.68809325,-2.1619067,-4.6419067,-5.7819066,-4.211907,-6.1819067,-5.211907,-3.5819068,-3.5819068,-3.9519067,-2.8619068,0.5280933,-1.7719067,-2.9019067,-3.6919067,-3.9919066,-4.771907,-4.4719067,-5.711907,-5.5519066,-7.4319067,-1.4619068,0.31809327,-4.6219068,1.4780933,0.97809327,-1.0719067,0.63809323,2.6580932,3.0480933,2.5180933,3.3880932,-1.6619067,-0.56190675,3.8580933,3.9180932,0.23809326,0.06809326,0.30809325,-0.06190674
2.3080933,1.4880933,-0.83190674,-4.5119066,-4.9119067,-6.211907,-6.941907,-7.1119065,-6.791907,-4.751907,-3.0919068,-3.5719068,-2.4819067,2.4880934,-0.19190674,-2.2319067,-4.501907,-3.8219068,-2.4019067,-3.3619068,-2.1019068,-3.5619068,-3.8019068,9.238093,8.258093,-5.481907,-2.9019067,-2.2319067,-2.3319068,-3.0119066,1.7580932,-1.9919068,-0.8519067,0.20809326,-0.21190673,-4.2619066,-1.5519067,1.7580932,3.8780932,3.0580933,2.5280933
1.6780933,2.6080933,0.5180933,-0.94190675,-3.8819067,-2.0819068,-2.5019066,-2.7319067,-3.0819068,-3.0819068,-2.8919067,-2.3819067,-5.831907,-4.5119066,-4.2019067,-2.3419068,-3.2219067,-3.8419068,-2.3719068,-5.8819065,-8.031907,-8.581906,-5.311907,-7.921907,1.3380933,3.2780933,-0.19190674,0.7780933,-1.4819068,-5.6319065,-3.6019068,1.1680932,1.9280933,3.2280931,-1.0419067,-2.3719068,-0.25190675,-2.7919068,-1.2319068,-1.8619068,1.0680933
-1.6919067,-1.2419068,0.32809326,-5.791907,-6.6619067,-7.2219067,-5.7019067,-4.291907,-4.601907,-5.0519066,-5.3719068,-5.3919067,-5.4519067,-5.171907,-3.1119068,-3.5119066,-3.6019068,-1.7019067,-2.6719067,-4.041907,-6.3219066,-7.211907,-7.7219067,-6.311907,-6.981907,2.1080933,0.40809327,0.24809326,-0.25190675,2.5080934,-0.69190675,-3.5319068,3.5180933,2.3680933,2.9980934,2.2580934,5.1580935,4.3580933,-1.3319068,-1.1719067,-2.0019066
-0.56190675,-1.6819067,-2.2919068,-2.3519068,-3.2419066,-3.4719067,-3.3419068,-3.2319067,-4.691907,-5.731907,-5.4319067,-6.191907,-6.501907,-6.291907,-5.9919066,-4.231907,-5.3619065,-6.4719067,-3.0819068,-3.2619066,-2.5519068,-5.331907,-7.1119065,-7.541907,-5.7419066,-4.2819066,0.62809324,-0.70190674,3.7480934,4.9280934,0.30809325,-1.9119067,-2.7819068,2.1880932,1.3180933,-0.82190675,-3.4719067,0.048093263,0.34809327,-0.37190673,2.1480932
-1.3619068,-1.8619068,-3.0119066,-3.4719067,-2.6819067,-2.4819067,-2.7319067,-3.1319067,-3.2419066,-4.191907,-4.2019067,-4.7619066,-4.481907,-5.231907,-6.2219067,-6.0319066,-2.5919068,-3.3619068,-3.5719068,-2.7519066,-2.0019066,-2.0219069,-3.3519068,-5.3819065,-5.7619066,-4.0919065,-2.1219068,0.06809326,-0.09190674,4.7980933,3.4080932,2.3680933,-1.4519067,0.5780933,2.1580932,1.2280933,3.1180933,2.2980933,-1.2619067,-0.13190673,-2.7219067
-1.5519067,-0.76190674,-3.1619067,-3.6219068,-6.6619067,-4.961907,-3.8919067,-3.8319068,-2.3819067,-2.7519066,-3.2019067,-4.5519066,-3.6119068,-3.9419067,-3.9419067,-4.331907,-3.4919066,-5.001907,-3.4319067,-1.5819068,-2.1119068,-2.2419066,-0.88190675,-2.8019068,-2.8119068,-4.0519066,-3.4119067,2.4780931,2.1780932,1.2680932,4.188093,3.2880933,1.5180932,1.9880933,1.2080933,3.0480933,-1.7919067,1.9180932,2.2780933,0.69809324,-0.86190677
-0.83190674,1.1680932,0.56809324,-0.74190676,-2.2419066,-3.5419068,-3.1919067,-2.9419067,-3.3419068,-2.5619068,-2.3019068,-3.1319067,-3.7419066,-3.8819067,-3.8619068,-3.1419067,-1.4019067,-2.3219068,-1.6519067,-1.0219067,-1.2119068,-1.1819067,0.75809324,-1.1519067,-1.6019068,-3.0319068,-1.0919068,4.3380933,3.0080934,1.5980933,1.6680932,3.5680933,1.5980933,0.26809326,1.8280933,0.7080933,1.2680932,-2.0519068,-0.14190674,3.6480932,3.0180933
-2.9919066,-0.76190674,-1.5219067,-2.0519068,-2.3719068,-2.5019066,-3.1319067,-2.7719069,-1.9919068,-2.8319068,-2.4419067,-2.2919068,-4.7619066,-4.3219066,-4.351907,-2.1819067,-4.0519066,-2.8919067,-1.8919067,-1.4119067,-0.9219067,-0.10190674,-0.24190673,0.42809325,-0.39190674,-1.3719068,-0.26190674,2.8480933,2.5180933,1.5980933,2.1380932,0.60809326,3.9980934,2.1380932,1.9780933,3.7080932,1.4580933,3.4080932,2.0280933,1.9180932,0.66809326
-1.0019068,0.26809326,-1.0219067,-1.7119068,-1.8119067,-2.9019067,-3.2219067,-2.4019067,-3.3519068,-1.7319068,-3.5719068,-4.291907,-4.3919067,-4.2219067,-2.8119068,-3.6019068,-2.6319067,-1.8319068,-1.3919067,-2.2719069,-0.58190674,0.17809325,1.1480932,-1.6719067,-1.0319067,-3.1519067,2.7280931,3.9380932,2.4480932,3.3080933,1.9680933,1.9080932,3.2980933,2.9980934,-0.47190675,3.9180932,6.1980934,4.6180935,4.2380934,2.9780931,1.6480932
0.32809326,-0.081906736,-0.77190673,-1.2619067,-1.6419067,-1.6319067,-2.2919068,-3.0619068,-1.7719067,-0.9219067,-0.55190676,-3.6719067,-4.791907,-4.941907,-4.351907,-2.5519068,-2.2019067,-1.1019068,0.008093262,0.34809327,0.47809327,0.008093262,-0.11190674,-1.3919067,-3.1519067,-1.6519067,1.4480933,3.8080933,3.4180932,2.7980933,3.8380933,1.2180933,1.1880933,2.3480933,0.32809326,5.728093,3.6080933,2.6680932,3.2680933,2.3980932,0.6480933
0.48809326,-1.5019068,-1.8419068,-1.0819068,-1.7919067,-1.8819067,-1.4719068,-2.7419066,-1.3719068,-0.6519067,-0.64190674,-3.6819067,-5.521907,-5.1319065,-5.6319065,-4.6319065,-3.1419067,-1.1219068,0.21809326,0.63809323,1.5280932,1.2380933,0.85809326,0.49809325,-1.7519068,-2.7119067,-4.081907,-0.10190674,0.74809325,2.8180933,3.2680933,0.8380933,0.99809325,-0.69190675,-1.4919068,-2.2619066,1.7780932,2.4180932,2.9780931,2.0580933,1.0480933
-0.22190674,-1.8919067,-3.4419067,-1.5119067,-1.5819068,-1.5219067,-2.6419067,-2.2519066,-3.3219068,-0.94190675,-1.0819068,-3.2219067,-3.2119067,-4.441907,-5.9719067,-6.2419066,-3.8919067,-3.1819067,-0.19190674,1.0680933,1.1980933,1.4280933,0.97809327,0.098093264,-1.7519068,-2.2419066,-3.2819068,1.2480932,1.3680933,1.9680933,4.3380933,3.0480933,-1.5619067,-1.3019067,-3.3419068,-2.6519067,0.63809323,7.1180935,2.8380933,2.5780933,0.47809327
