wind_kz.json
{"header": {"discipline":0,"disciplineName":"Meteorological products","gribEdition":2,"gribLength":1102,"center":7,"centerName":"US National Weather Service - NCEP(WMC)","subcenter":0,"refTime":"2023-08-17T18:00:00.000Z","significanceOfRT":1,"significanceOfRTName":"Start of forecast","productStatus":0,"productStatusName":"Operational products","productType":1,"productTypeName":"Forecast products","productDefinitionTemplate":0,"productDefinitionTemplateName":"Analysis/forecast at horizontal level/layer at a point in time","parameterCategory":2,"parameterCategoryName":"UnknownDiscipline_0_Category_2","parameterNumber":2,"parameterNumberName":"UnknownParameter_D0_C2_2","parameterUnit":"Unknown","genProcessType":2,"genProcessTypeName":"Forecast","forecastTime":240,"surface1Type":103,"surface1TypeName":"Specified height level above ground","surface1Value":10.0,"surface2Type":255,"surface2TypeName":"Missing","surface2Value":0.0,"gridDefinitionTemplate":0,"gridDefinitionTemplateName":"Latitude_Longitude","numberPoints":615,"shape":6,"shapeName":"Earth spherical with radius of 6,371,229.0 m","gridUnits":"degrees","resolution":48,"winds":"true","scanMode":64,"nx":41,"ny":15,"basicAngle":0,"lo1":47.0,"la1":41.0,"lo2":87.0,"la2":55.0,"dx":1.0,"dy":1.0}, "data":
[rows 0 to 14 of 15, columns 0 to 40 of 41]
-5.0593505,-1.0493506,3.6606493,3.7906494,5.0906496,4.4806495,2.4506495,2.6606493,-3.4793506,-3.7693505,-4.4293504,-4.7793508,-4.9093504,-4.6793504,-4.1393504,-4.2293506,-3.0593505,-0.4893506,-2.7993505,-2.0293505,-2.9993505,-3.5293505,-2.2993505,-2.2293506,1.2806494,-2.1893506,-3.0893507,-0.7093506,-0.30935058,-0.07935058,-1.9593506,1.2706494,-0.12935059,0.3906494,-1.7393506,-0.9293506,-0.54935056,-3.8993506,0.58064944,1.4706494,-3.1493506
1.1406494,3.1006494,2.8806493,3.1306493,0.5506494,0.2906494,2.3606493,-0.4793506,-3.9393506,-4.1693506,-3.2693505,-4.1893506,-3.8193505,-3.2093506,-3.4993505,-4.219351,-3.0293505,-1.3493506,-1.7993506,-3.1593506,-3.5293505,-3.5593505,-2.4693506,-2.6193507,-0.34935057,0.9906494,-0.15935059,0.110649414,-3.1993506,-2.8193505,-0.14935058,-0.78935057,-0.33935058,-3.0993507,-0.8193506,0.070649415,-1.4393506,0.5906494,-1.5693506,1.3506494,-5.3893504
5.4606495,12.88065,6.2006493,0.5306494,2.3906493,2.8906493,2.7706494,3.9906495,-3.9193506,-3.4993505,-1.1493506,-1.5493506,-1.7193506,-3.7393506,-5.1293507,-4.4593506,-3.8093505,-2.5093505,-1.1393505,-2.1493506,-2.8393507,-1.8193506,-1.0193505,-2.6293507,1.0606494,-2.9893506,-1.1293505,2.8706493,-1.8493506,-0.5093506,-1.8793505,2.1006494,-1.0593506,0.010649414,-0.4493506,-1.1893506,-1.8293506,-0.12935059,-1.7393506,1.3106494,1.5206494
6.0206494,9.690649,7.4306493,6.4306493,0.9306494,2.9706495,5.7206492,5.1606493,1.7206494,-1.5993506,-2.6493506,-3.5793505,-4.7293506,-5.259351,-4.489351,-3.1693506,-3.0293505,-2.2393506,-2.6893506,-3.4093506,-2.0893507,-0.8793506,-1.3593506,-3.2293506,-4.0593505,-4.2693505,-4.5693507,-4.9093504,-1.5493506,-1.5193505,-1.9193506,-6.0193505,-2.7893505,-3.0993507,-2.1393507,-2.2393506,-1.9793506,1.6906494,0.5906494,-0.9093506,-0.07935058
2.2006495,3.8206494,10.4606495,7.760649,3.2206495,3.9306495,6.0406494,6.1006494,4.5706496,-0.3593506,-2.6393507,-2.6693506,-4.9593506,-4.469351,-4.0393505,-1.7293506,0.4306494,0.110649414,0.16064942,-0.3893506,-2.8493507,-1.1293505,-2.3093505,-1.6893506,-3.1993506,-3.2693505,-4.0193505,-3.6193507,-3.4493506,-3.8293505,-4.2493505,-3.5693505,-2.8193505,-0.1393506,1.2006494,-2.8193505,-6.719351,-3.9693506,-3.3393507,-6.009351,-5.719351
1.0006495,-0.14935058,11.35065,0.6706494,-0.07935058,5.3206496,8.110649,5.6806493,4.8006496,2.0306494,-0.7493506,-2.5693505,-1.2893506,-1.6293505,-1.3093506,0.3606494,1.4806495,0.010649414,-0.5893506,-1.5293506,-1.3893505,-0.5193506,-2.3393507,-2.6193507,-3.5193505,-3.7593505,-1.9993505,-3.6793506,-4.509351,-5.0893507,-4.8293505,-4.0693507,-5.6793504,-4.3093505,-3.2693505,-2.9093506,-0.7093506,-3.2993505,-3.2893505,-7.3993506,-5.9593506
2.1106493,1.8206494,6.4806495,7.4506493,7.1006494,7.490649,5.8606496,8.870649,6.0006495,-1.3093506,-1.2293506,-1.3993506,0.2906494,0.7206494,1.7606494,1.5706494,2.1206493,1.3906494,0.37064943,0.4306494,1.0106494,1.5006495,0.8506494,-0.8993506,-0.17935058,-1.1093506,-1.5993506,0.35064942,-1.3693506,-2.6393507,-1.6893506,-3.1893506,-3.3093505,-3.9293506,-4.1093507,-3.4493506,-2.0893507,1.8006494,-2.4393506,0.32064942,-0.5793506
0.52064943,0.3306494,0.9906494,3.2506495,-7.5993505,-9.259351,-7.6093507,-3.0493505,-7.6193504,-8.56935,-7.3793507,-9.129351,-5.9593506,-6.0893507,-3.6793506,-2.1493506,1.6306494,2.7406495,1.5806494,0.4306494,1.6406494,1.7206494,2.0006495,-0.34935057,0.3006494,0.47064942,1.7006494,0.8406494,1.9506494,1.0906494,0.020649415,-0.8893506,-1.8793505,-0.6993506,-1.6793506,-1.5693506,-1.8993506,-5.219351,-3.8493507,-3.7493505,-1.8493506
-0.43935058,2.6606493,2.1506493,-2.4193506,-3.5793505,-9.81935,-8.27935,-11.23935,-6.8693504,-7.7093506,-7.759351,-6.469351,-5.8593507,-4.0793505,-3.0093505,-2.5193505,-2.5193505,-1.3793505,-0.8193506,-1.8193506,2.6006494,3.9606495,2.3106494,1.2006494,0.4506494,0.5306494,-0.21935059,-0.12935059,0.35064942,0.4206494,1.1206495,1.2006494,1.9706494,-0.8693506,-1.1593506,-2.6493506,-1.9193506,-2.4193506,-1.6693506,-0.37935057,-0.6293506
1.1906494,4.760649,1.2206494,-1.4793506,-4.0393505,-5.0393505,-5.5693507,-7.5493507,-7.6393504,-6.4293504,-5.1093507,-4.7693505,-2.4493506,-1.7593505,-2.3693507,0.8206494,0.31064942,0.8806494,1.3806494,1.7406495,4.1106496,4.3406496,2.7906494,3.9806495,2.9906495,1.1106495,0.8206494,0.21064942,0.3606494,1.0106494,-0.9693506,-1.5993506,-2.2693505,-3.1093507,-2.3093505,-2.1893506,-3.3093505,-1.0293506,-1.8393506,0.050649416,-0.9993506
2.7206495,1.0506494,2.8906493,1.5406494,-2.0493505,-1.7993506,-4.8893504,-4.1993504,-3.6193507,-3.2593505,-0.7193506,-0.6393506,1.6206495,-1.4693506,-1.5393506,-1.7193506,-0.23935059,0.44064942,3.6206493,3.9806495,5.4106493,5.6406493,5.240649,6.740649,5.0606494,-1.9393506,-2.8293505,-2.4993505,0.7906494,0.020649415,-1.2293506,-2.2893505,-2.6693506,-2.0693505,-2.2593505,-2.1993506,-1.8493506,-0.18935059,-0.9093506,1.1606494,-1.1793506
1.2106494,1.0006495,-0.07935058,-1.0793506,-1.7993506,-1.3993506,-2.4693506,-3.3593507,-2.3393507,-3.4493506,-1.4693506,-0.9993506,-1.1893506,-1.6893506,0.7906494,1.0906494,2.4406495,3.1706495,3.9806495,4.4106493,5.1606493,5.4106493,4.5506496,4.9606495,5.530649,-0.66935056,-3.1793506,-1.9493506,4.5706496,2.7406495,-0.8993506,-0.18935059,-0.039350584,-0.5693506,-1.1193506,-1.7393506,-1.4093506,-1.0593506,-0.5293506,-0.17935058,-0.43935058
1.1706494,-0.029350586,0.5506494,0.9106494,0.15064941,-0.85935056,-1.1593506,-1.8393506,-2.3193505,-0.8793506,-0.85935056,0.6806494,1.8006494,1.4706494,2.6606493,3.3706493,4.5606494,5.8206496,5.8606496,5.6206493,6.3506494,5.6506495,4.5006495,4.1006494,3.6206493,1.4206494,-1.2093506,1.2206494,3.3906493,2.1506493,0.8106494,0.9406494,0.8706494,-0.18935059,0.070649415,0.010649414,0.4206494,-0.20935059,0.6006494,0.96064943,0.9906494
2.0206494,0.030649414,2.0106494,0.76064944,0.7406494,0.7906494,0.4506494,-0.9393506,-0.2893506,-0.8793506,-0.4593506,0.6106494,2.5206494,3.2906494,4.1406493,5.2106495,6.4006495,8.120649,8.72065,8.93065,6.9106493,6.8706493,3.8506494,4.9206495,4.4006495,2.1206493,-1.1493506,3.6106493,1.4906495,2.3706493,1.3206494,-0.2593506,-0.5093506,-0.059350587,1.1606494,0.5906494,0.20064941,0.6806494,1.4306494,2.8906493,2.1206493
1.8906494,1.1106495,1.4906495,0.7806494,1.4706494,1.4806495,1.8406494,1.0106494,1.2606494,0.8506494,-0.5093506,1.6906494,1.8306494,3.0706494,5.0006495,5.8806496,6.0706496,6.510649,7.8606496,7.3006496,3.4506495,4.3006496,2.0406494,1.3906494,-0.8193506,-1.2293506,0.7506494,2.1906495,3.3706493,0.38064942,-1.6393505,-1.8693506,-0.3893506,0.8506494,1.1106495,3.1506493,3.1406493,2.9806495,4.3606496,4.1606493,1.8306494
