wind.json
{"header": {"discipline":0,"disciplineName":"Meteorological products","gribEdition":2,"gribLength":89774,"center":7,"centerName":"US National Weather Service - NCEP(WMC)","subcenter":0,"refTime":"2023-02-24T18:00:00.000Z","significanceOfRT":1,"significanceOfRTName":"Start of forecast","productStatus":0,"productStatusName":"Operational products","productType":1,"productTypeName":"Forecast products","productDefinitionTemplate":0,"productDefinitionTemplateName":"Analysis/forecast at horizontal level/layer at a point in time","parameterCategory":0,"parameterCategoryName":"Temperature","parameterNumber":0,"parameterNumberName":"Temperature","parameterUnit":"K","genProcessType":2,"genProcessTypeName":"Forecast","forecastTime":0,"surface1Type":1,"surface1TypeName":"Ground or water surface","surface1Value":0.0,"surface2Type":255,"surface2TypeName":"Missing","surface2Value":0.0,"gridDefinitionTemplate":0,"gridDefinitionTemplateName":"Latitude_Longitude","numberPoints":65160,"shape":6,"shapeName":"Earth spherical with radius of 6,371,229.0 m","gridUnits":"degrees","resolution":48,"winds":"true","scanMode":64,"nx":360,"ny":181,"basicAngle":0,"lo1":0.0,"la1":-90.0,"lo2":359.0,"la2":90.0,"dx":1.0,"dy":1.0}, "data":
[rows 130 to 155 of 181, columns 60 to 119 of 360]
276.59506,276.29507,276.89508,276.89508,279.79507,279.89508,283.49506,283.29507,282.59506,281.99506,277.89508,278.79507,268.29507,262.69507,251.79507,250.09506,265.39508,271.59506,271.19507,272.99506,273.29507,273.59506,275.39508,273.39508,276.09506,274.19507,273.89508,274.49506,276.19507,275.59506,276.89508,276.99506,275.99506,275.39508,274.49506,270.49506,270.19507,269.19507,270.09506,270.39508,270.89508,271.89508,270.69507,270.29507,269.59506,268.49506,270.19507,268.89508,268.09506,268.39508,268.59506,268.69507,266.29507,268.39508,263.09506,261.19507,268.59506,269.69507,270.39508,266.59506
274.89508,275.79507,274.59506,275.29507,276.19507,279.19507,278.69507,279.39508,279.69507,281.99506,280.29507,282.09506,282.29507,274.99506,261.39508,258.19507,256.29507,250.79507,254.99507,268.49506,273.49506,273.79507,274.69507,275.69507,275.99506,276.49506,274.69507,275.09506,274.19507,273.99506,274.69507,275.59506,274.99506,273.39508,272.49506,270.09506,270.39508,269.19507,270.09506,271.19507,271.09506,273.09506,271.99506,270.39508,270.09506,269.49506,268.99506,266.99506,268.09506,269.39508,263.69507,260.89508,263.09506,262.09506,259.49506,260.59506,263.19507,267.79507,265.09506,263.19507
274.09506,274.99506,275.09506,275.49506,275.49506,274.79507,276.59506,277.29507,277.59506,277.99506,274.29507,264.19507,263.69507,267.69507,256.69507,258.59506,255.69507,264.29507,248.99507,246.19507,246.09506,254.09506,266.49506,271.19507,272.89508,275.49506,270.89508,271.09506,271.69507,274.09506,273.69507,272.59506,274.09506,274.79507,274.49506,270.09506,267.89508,267.99506,270.99506,271.19507,272.29507,271.79507,270.59506,269.79507,269.39508,268.59506,268.29507,268.19507,267.99506,266.29507,265.49506,263.79507,256.99506,260.09506,255.29507,253.59506,251.49507,251.89507,253.39507,261.79507
272.49506,273.39508,273.89508,273.89508,273.29507,274.29507,274.59506,275.09506,276.39508,278.29507,272.89508,275.69507,275.39508,276.89508,276.99506,276.99506,267.39508,259.09506,260.99506,262.49506,263.99506,261.59506,267.39508,260.29507,254.09506,255.29507,259.49506,255.29507,271.49506,277.29507,275.09506,276.19507,276.09506,275.19507,269.29507,268.69507,271.99506,269.19507,269.29507,271.19507,270.39508,267.59506,268.29507,268.29507,265.29507,265.19507,266.89508,266.29507,268.99506,266.49506,264.09506,263.19507,263.89508,261.69507,261.29507,260.49506,253.59506,251.19507,258.39508,262.49506
282.09506,272.59506,272.29507,272.29507,272.59506,272.99506,274.59506,274.09506,271.89508,276.19507,276.79507,277.29507,277.09506,278.59506,276.89508,274.49506,275.79507,272.39508,271.49506,273.19507,272.69507,270.69507,271.59506,260.69507,259.19507,268.29507,263.49506,261.29507,263.29507,258.89508,259.99506,259.79507,260.29507,269.49506,271.39508,273.89508,272.29507,270.19507,268.69507,269.19507,268.39508,268.99506,269.39508,266.59506,269.29507,268.19507,267.59506,266.89508,266.19507,266.59506,267.09506,262.49506,262.39508,262.79507,258.59506,254.69507,258.09506,249.89507,258.19507,258.39508
279.09506,277.79507,270.89508,271.29507,271.59506,271.29507,272.19507,273.09506,272.79507,273.19507,273.99506,274.09506,275.49506,274.89508,273.79507,276.79507,277.29507,273.39508,271.99506,267.69507,254.39507,266.69507,262.39508,262.49506,263.09506,262.59506,260.69507,259.09506,259.09506,265.89508,270.39508,272.29507,268.09506,266.09506,262.29507,261.19507,268.79507,268.79507,263.29507,265.99506,264.19507,263.29507,265.29507,267.09506,267.99506,266.39508,267.09506,266.19507,264.49506,264.99506,265.29507,263.39508,261.39508,256.09506,249.39507,257.89508,260.09506,253.29507,251.29507,247.49507
276.79507,266.89508,268.49506,270.69507,268.39508,270.29507,271.19507,269.59506,271.59506,269.29507,269.69507,270.29507,271.39508,271.59506,272.09506,271.89508,274.89508,270.89508,268.59506,264.99506,263.29507,272.19507,269.69507,269.99506,266.09506,269.89508,258.89508,260.29507,262.79507,257.29507,260.39508,259.19507,260.69507,257.29507,258.79507,256.49506,258.69507,261.89508,265.19507,265.09506,264.49506,253.19507,255.69507,262.09506,263.89508,264.69507,263.89508,263.49506,263.19507,262.79507,262.49506,257.19507,256.19507,251.59506,252.89507,254.39507,257.99506,252.79507,253.49507,247.49507
260.39508,261.59506,269.09506,268.59506,268.89508,263.59506,263.99506,263.69507,266.19507,265.29507,266.49506,265.99506,266.89508,268.09506,269.19507,271.69507,272.99506,270.49506,271.19507,267.69507,268.89508,269.69507,269.29507,268.49506,268.09506,262.69507,262.09506,266.69507,263.69507,258.29507,260.79507,248.09506,259.19507,255.89507,253.69507,257.59506,255.49507,252.39507,250.49507,253.59506,249.59506,252.69507,254.99507,254.89507,257.79507,257.09506,256.59506,252.69507,252.39507,250.99507,254.09506,252.59506,257.29507,258.29507,256.89508,252.99507,259.49506,254.29507,249.59506,245.19507
255.69507,257.69507,259.19507,258.69507,259.19507,256.49506,256.49506,259.69507,259.89508,261.69507,261.69507,263.79507,263.29507,263.29507,265.39508,265.39508,268.79507,268.89508,268.29507,267.09506,270.29507,264.69507,266.29507,260.09506,266.89508,271.29507,270.29507,264.79507,264.19507,256.49506,253.79507,256.99506,256.09506,252.79507,257.89508,259.29507,255.19507,252.69507,252.89507,248.79507,251.99507,260.89508,261.09506,261.29507,256.19507,252.39507,255.09506,253.79507,250.59506,251.89507,251.99507,251.39507,250.19507,252.49507,251.39507,253.89507,253.39507,255.69507,250.49507,248.89507
252.69507,253.89507,254.39507,254.39507,256.09506,253.89507,253.79507,255.89507,256.49506,258.29507,257.39508,258.69507,258.69507,257.39508,261.89508,263.89508,263.49506,268.99506,269.89508,270.69507,268.89508,267.59506,269.59506,266.99506,266.79507,264.09506,260.69507,255.89507,249.29507,252.69507,262.99506,259.59506,256.89508,250.39507,252.39507,254.89507,251.79507,247.99507,252.59506,251.89507,260.09506,254.49507,258.19507,258.29507,252.59506,250.69507,252.49507,258.49506,253.69507,252.69507,251.69507,251.39507,250.89507,252.19507,253.19507,254.49507,254.09506,253.69507,248.79507,252.69507
253.49507,252.19507,253.79507,251.99507,252.59506,254.09506,255.09506,256.19507,255.69507,255.59506,255.19507,254.59506,255.59506,257.49506,257.59506,259.69507,262.49506,265.79507,270.99506,271.19507,271.59506,269.49506,270.19507,270.79507,269.49506,268.39508,264.99506,259.79507,257.59506,253.39507,254.59506,259.39508,248.29507,245.89507,243.09506,244.39507,252.69507,250.59506,250.59506,249.49507,256.49506,259.29507,255.39507,253.19507,256.09506,254.09506,250.39507,256.19507,252.49507,250.19507,250.99507,254.19507,253.29507,253.89507,259.99506,256.89508,246.69507,245.49507,249.89507,247.29507
252.09506,253.39507,253.49507,253.39507,254.19507,253.29507,254.29507,256.09506,256.79507,256.69507,254.69507,257.29507,257.59506,256.99506,258.79507,261.89508,262.89508,265.39508,267.79507,268.69507,271.09506,271.39508,269.69507,270.89508,264.89508,262.49506,266.29507,263.89508,263.29507,257.09506,255.29507,253.39507,256.39508,253.29507,254.09506,252.99507,256.39508,251.49507,255.99507,249.09506,244.89507,251.59506,251.89507,253.99507,251.49507,254.19507,252.79507,247.29507,257.59506,250.59506,251.49507,252.09506,255.19507,256.39508,255.09506,252.09506,247.29507,251.99507,247.99507,247.99507
252.99507,254.59506,254.39507,254.79507,254.89507,254.29507,255.09506,255.19507,254.99507,255.99507,257.19507,257.69507,258.09506,259.29507,260.59506,260.89508,261.69507,262.79507,264.39508,266.69507,267.49506,269.79507,271.79507,272.69507,269.89508,270.89508,268.79507,269.39508,267.69507,266.19507,264.79507,258.89508,252.59506,256.09506,251.49507,253.89507,259.09506,251.09506,250.69507,249.19507,251.59506,245.79507,255.19507,261.79507,257.69507,254.39507,255.09506,258.39508,254.39507,250.49507,250.09506,252.79507,252.49507,253.89507,250.59506,253.89507,247.09506,251.69507,249.79507,248.19507
254.29507,255.79507,256.29507,256.09506,255.69507,255.59506,256.19507,256.99506,256.79507,256.59506,256.09506,256.99506,258.09506,259.19507,259.39508,260.29507,260.99506,261.59506,262.19507,263.29507,265.29507,267.39508,268.49506,270.49506,271.49506,272.29507,272.19507,271.99506,266.09506,264.89508,266.49506,265.69507,265.99506,265.99506,260.89508,257.39508,251.69507,254.79507,255.49507,252.69507,255.79507,260.29507,255.39507,252.49507,257.99506,250.69507,251.99507,256.89508,258.89508,258.29507,247.99507,248.59506,247.29507,251.59506,245.59506,251.79507,252.79507,250.49507,247.69507,245.89507
257.59506,251.59506,253.19507,254.19507,253.99507,252.89507,256.09506,257.19507,258.69507,259.59506,258.69507,257.99506,257.99506,257.89508,258.49506,259.19507,260.39508,261.09506,261.49506,262.39508,262.59506,264.79507,267.99506,269.19507,270.39508,270.89508,271.69507,271.99506,270.89508,268.99506,263.29507,262.69507,262.49506,261.99506,260.69507,260.29507,257.29507,258.99506,257.69507,258.99506,260.09506,259.59506,256.59506,250.29507,255.59506,254.19507,245.09506,246.69507,253.09506,259.99506,251.99507,251.19507,248.79507,249.99507,249.39507,248.69507,250.09506,247.19507,250.49507,249.49507
258.59506,253.19507,252.99507,253.49507,254.59506,253.69507,255.59506,256.89508,258.69507,260.69507,260.89508,261.19507,260.39508,259.69507,259.39508,259.89508,260.09506,260.69507,261.69507,261.89508,262.19507,262.89508,263.49506,263.99506,265.79507,268.09506,270.79507,273.19507,272.09506,271.69507,262.79507,261.39508,266.89508,268.19507,266.19507,267.79507,266.19507,262.99506,261.99506,260.69507,260.89508,258.79507,256.99506,250.19507,255.79507,247.19507,247.39507,247.99507,251.39507,250.69507,252.49507,252.39507,249.99507,246.19507,252.59506,248.09506,245.89507,242.79507,245.59506,248.09506
257.69507,256.99506,254.49507,255.49507,255.49507,255.69507,257.29507,259.09506,259.59506,259.69507,260.59506,260.99506,261.39508,260.89508,260.59506,259.99506,260.29507,260.79507,260.39508,261.19507,262.29507,263.29507,264.29507,265.39508,266.99506,267.09506,270.69507,272.59506,273.19507,273.19507,268.39508,269.69507,269.39508,266.09506,264.89508,264.49506,268.49506,264.49506,259.19507,261.29507,255.69507,257.39508,257.59506,258.09506,251.59506,257.59506,250.79507,253.79507,254.99507,248.59506,247.59506,249.09506,248.79507,245.69507,250.99507,247.99507,245.29507,248.69507,245.79507,241.59506
258.29507,258.09506,257.69507,253.99507,257.49506,259.29507,259.99506,258.49506,260.29507,259.99506,253.99507,257.09506,258.19507,261.49506,261.79507,261.19507,260.89508,260.99506,260.89508,260.99506,261.79507,262.99506,264.29507,264.59506,264.29507,265.19507,266.99506,271.29507,273.19507,273.19507,273.39508,272.39508,273.19507,270.99506,271.99506,271.09506,268.19507,265.39508,265.99506,261.49506,265.69507,258.09506,256.49506,255.59506,260.49506,255.49507,253.09506,254.89507,256.99506,248.29507,247.69507,246.79507,250.19507,251.79507,251.39507,242.39507,243.49507,248.79507,250.19507,247.69507
258.59506,257.99506,257.09506,256.99506,257.09506,258.69507,258.49506,259.99506,259.19507,255.09506,254.89507,254.49507,254.29507,259.19507,260.69507,260.19507,260.59506,260.39508,260.79507,261.29507,262.09506,262.89508,263.79507,263.79507,264.39508,264.59506,265.09506,267.39508,271.69507,273.19507,273.19507,273.19507,273.19507,273.19507,270.09506,264.39508,263.19507,267.49506,265.39508,263.09506,260.39508,260.79507,261.59506,261.09506,259.59506,256.59506,262.69507,255.89507,251.89507,259.29507,250.49507,252.49507,246.79507,243.49507,244.79507,244.99507,252.09506,247.19507,254.09506,245.89507
257.59506,256.59506,255.29507,256.29507,259.99506,260.59506,260.59506,254.39507,255.69507,255.79507,256.59506,259.29507,260.09506,259.99506,259.29507,259.69507,259.59506,260.79507,261.09506,262.59506,262.89508,262.69507,264.19507,264.49506,264.19507,265.09506,266.09506,265.79507,269.49506,272.39508,273.19507,273.19507,273.19507,272.99506,272.29507,265.09506,262.09506,260.39508,262.09506,260.59506,264.19507,258.89508,256.99506,258.09506,258.59506,259.29507,258.59506,260.19507,261.89508,259.39508,254.49507,250.99507,252.49507,250.19507,248.99507,244.59506,249.19507,249.59506,250.79507,251.39507
257.69507,253.89507,253.09506,255.29507,257.79507,259.29507,258.09506,259.59506,258.29507,257.89508,259.89508,260.79507,261.39508,261.39508,260.89508,260.79507,260.69507,261.29507,261.99506,262.49506,263.79507,263.89508,263.79507,263.59506,263.29507,262.49506,264.19507,265.59506,267.69507,271.59506,273.19507,272.99506,272.49506,272.59506,271.89508,271.79507,270.19507,268.29507,261.69507,266.79507,262.99506,264.09506,263.89508,258.59506,260.99506,260.39508,262.99506,258.49506,255.39507,261.09506,259.29507,256.79507,252.79507,251.69507,261.49506,251.49507,252.19507,253.49507,251.29507,252.79507
252.69507,257.59506,251.59506,252.49507,251.39507,257.39508,257.29507,258.69507,262.19507,261.39508,262.29507,262.59506,262.99506,263.49506,263.59506,263.29507,262.99506,261.69507,262.49506,262.59506,263.19507,264.09506,264.49506,263.49506,266.19507,264.79507,264.19507,264.89508,269.79507,271.59506,272.99506,272.39508,272.39508,272.79507,271.89508,270.39508,268.19507,266.79507,265.99506,266.19507,265.69507,264.69507,259.29507,265.89508,263.59506,263.29507,262.29507,261.79507,259.99506,260.89508,259.79507,257.09506,257.09506,257.99506,257.49506,259.39508,253.69507,259.19507,258.49506,259.89508
260.39508,257.59506,251.49507,251.99507,252.69507,251.99507,257.29507,253.09506,255.79507,260.79507,264.39508,264.79507,265.89508,267.19507,267.99506,267.19507,265.59506,263.79507,263.09506,262.99506,263.19507,263.59506,263.89508,262.49506,261.99506,265.39508,266.09506,268.59506,269.39508,270.79507,271.99506,272.69507,272.29507,270.89508,267.79507,268.59506,265.99506,264.69507,266.39508,266.29507,265.49506,263.79507,263.99506,264.89508,263.39508,263.09506,261.69507,261.49506,260.19507,260.39508,260.39508,259.89508,255.99507,255.39507,258.39508,258.09506,259.09506,257.99506,255.79507,255.39507
258.29507,256.89508,253.69507,253.09506,251.89507,248.49507,250.39507,252.79507,256.99506,259.09506,261.09506,260.89508,260.49506,264.79507,265.69507,267.29507,265.99506,264.89508,264.59506,265.19507,265.49506,265.79507,265.09506,265.39508,264.19507,264.99506,264.69507,268.29507,270.89508,270.89508,270.59506,270.29507,270.29507,267.29507,260.09506,266.09506,267.39508,265.39508,263.19507,260.19507,259.59506,260.19507,260.29507,260.69507,255.09506,261.89508,259.19507,262.59506,259.99506,257.29507,259.09506,259.19507,256.69507,251.49507,255.09506,252.49507,255.19507,251.39507,256.09506,256.39508
254.99507,253.29507,251.19507,247.79507,247.49507,254.69507,257.59506,253.19507,257.29507,260.59506,262.79507,261.39508,260.79507,261.99506,263.99506,265.49506,266.29507,266.99506,268.69507,267.09506,267.89508,268.29507,268.49506,266.39508,266.69507,267.29507,269.19507,270.09506,270.49506,268.99506,265.49506,266.79507,265.39508,262.99506,259.09506,258.59506,260.69507,260.69507,254.19507,257.49506,252.19507,259.29507,253.89507,252.89507,253.79507,257.09506,253.09506,255.09506,252.39507,260.19507,255.39507,251.69507,248.69507,249.19507,254.39507,249.49507,251.09506,254.69507,252.29507,251.79507
251.19507,255.19507,251.79507,247.29507,249.89507,255.99507,256.29507,257.89508,259.39508,258.79507,262.19507,262.19507,262.89508,264.19507,264.79507,264.79507,265.59506,265.79507,265.99506,268.79507,268.59506,268.99506,268.99506,270.29507,268.79507,268.59506,266.29507,269.19507,269.49506,268.79507,257.79507,256.49506,256.39508,256.69507,256.59506,255.79507,255.69507,255.59506,254.99507,249.39507,251.19507,252.79507,254.89507,260.09506,260.29507,255.09506,252.59506,253.89507,249.69507,250.79507,247.09506,246.89507,242.29507,244.09506,243.39507,244.99507,251.39507,254.29507,253.29507,252.09506
