wind.json
{"header": {"discipline":0,"disciplineName":"Meteorological products","gribEdition":2,"gribLength":1125,"center":7,"centerName":"US National Weather Service - NCEP(WMC)","subcenter":0,"refTime":"2023-06-30T00:00:00.000Z","significanceOfRT":1,"significanceOfRTName":"Start of forecast","productStatus":0,"productStatusName":"Operational products","productType":1,"productTypeName":"Forecast products","productDefinitionTemplate":0,"productDefinitionTemplateName":"Analysis/forecast at horizontal level/layer at a point in time","parameterCategory":2,"parameterCategoryName":"UnknownDiscipline_0_Category_2","parameterNumber":2,"parameterNumberName":"UnknownParameter_D0_C2_2","parameterUnit":"Unknown","genProcessType":2,"genProcessTypeName":"Forecast","forecastTime":240,"surface1Type":103,"surface1TypeName":"Specified height level above ground","surface1Value":10.0,"surface2Type":255,"surface2TypeName":"Missing","surface2Value":0.0,"gridDefinitionTemplate":0,"gridDefinitionTemplateName":"Latitude_Longitude","numberPoints":688,"shape":6,"shapeName":"Earth spherical with radius of 6,371,229.0 m","gridUnits":"degrees","resolution":48,"winds":"true","scanMode":64,"nx":43,"ny":16,"basicAngle":0,"lo1":45.0,"la1":40.0,"lo2":87.0,"la2":55.0,"dx":1.0,"dy":1.0}, "data":
[rows 0 to 15 of 16, columns 0 to 42 of 43]
-3.572903,0.08709717,2.7870972,0.86709714,-0.88290286,1.2970972,0.07709717,-4.752903,-4.502903,-5.4929028,-3.6629028,-7.142903,-4.8429027,-3.8829029,-4.412903,-3.1629028,-1.5229028,-0.95290285,-0.9829028,0.24709716,-0.5429028,-2.0029027,-2.092903,0.84709716,-0.20290284,-1.6529028,0.20709717,1.6070971,-0.10290283,-0.26290283,-0.72290283,1.3270972,0.32709718,-0.6829028,-0.15290283,-1.6729028,-1.9929029,-2.6129029,-3.052903,-4.422903,-3.3729029,-3.4429028,-4.222903
2.177097,5.107097,-0.032902833,-1.8529029,2.6070971,1.1970972,-3.302903,-7.962903,-6.472903,-7.6129026,-8.002903,-4.3029027,-2.6929028,-4.3629026,-3.562903,-2.7129028,-2.6529028,-2.062903,-2.7229028,0.48709717,-2.3929029,1.5170971,-3.2229028,1.2570971,-1.8829029,-2.332903,0.5670972,0.18709716,-2.1229029,-2.092903,0.25709715,-0.32290283,-0.95290285,0.84709716,-0.15290283,1.2670971,0.71709716,-2.7429028,-1.0829028,-2.2629027,-3.5129027,-1.8729029,1.6670972
0.5570972,-2.1229029,2.2270973,2.5970972,1.5570972,-2.3829029,-6.4929028,-8.412903,-3.9829028,-8.692903,-4.502903,-3.6229029,-2.1629028,-3.562903,-2.6829028,-3.0229027,-0.90290284,-2.572903,-0.15290283,-3.1229029,-4.942903,-4.232903,-3.832903,-2.5329027,-0.7929028,-2.8829029,-0.53290284,1.7770972,-0.45290282,0.11709717,-2.562903,-1.8429028,0.08709717,0.11709717,0.30709717,-2.6529028,0.66709715,0.33709717,-0.95290285,0.6870972,-0.28290284,1.6970972,0.8770972
-0.6029028,0.057097167,1.3870971,-2.0029027,-0.19290283,-6.0929027,-8.592903,-8.382903,-5.872903,-3.052903,-5.082903,-3.9029028,-3.3829029,-1.9529028,-1.7329029,-2.792903,-2.4029028,-2.5229027,-3.4629028,-3.542903,-4.122903,-4.832903,-5.462903,-3.8929029,-2.4529028,-5.732903,1.2170972,-3.0229027,-0.9429028,0.17709717,-1.6029029,-1.1229029,0.65709716,1.7370971,-0.24290283,-0.27290285,0.59709716,-0.65290284,0.42709717,0.78709716,1.2470971,2.4970973,0.22709717
4.127097,0.83709717,-1.1529028,-1.1429029,-3.4929028,-7.6129026,-7.202903,-6.6129026,-3.552903,-4.332903,-3.7429028,-3.092903,-2.3729029,-3.312903,0.017097168,-4.582903,-2.9029028,-2.9729028,-3.3729029,-3.2729027,-4.022903,-4.162903,-2.052903,-3.8629029,-1.4029028,-3.7529027,-4.142903,-4.172903,-3.4229028,-5.192903,-3.312903,-1.2929028,-0.6229028,-1.3329028,-1.1629028,-3.1129029,-3.312903,-2.2729027,-1.1029029,1.7070972,1.5570972,1.9270972,-0.7429028
-1.5429028,-1.7129028,-3.0129027,-5.392903,-5.392903,-7.142903,-6.192903,-5.4029026,-1.5029029,-2.3629029,-3.0029027,-4.0929027,-2.8729029,-3.852903,-5.332903,-4.3029027,-3.2829027,-4.0129027,-3.6329029,-3.3729029,-3.6529028,-4.482903,-3.7629027,-2.1829028,-4.062903,-3.3829029,-3.9929028,-3.852903,-4.162903,-1.7229028,-1.3529029,-1.9929029,-2.6629028,-3.4329028,-4.0129027,0.58709717,3.657097,2.3070972,6.707097,1.7170972,2.927097,6.477097,4.0070972
-3.3929029,-3.1829028,-6.2829027,-4.832903,-8.232903,-8.302903,-7.702903,-4.8629026,-2.7829027,-0.82290286,-0.97290283,-1.0529028,-3.312903,-3.9129028,-4.002903,-4.022903,-3.5129027,-3.4129028,-3.4829028,-3.2229028,-5.1529026,-3.6529028,-4.212903,-3.5129027,-2.802903,-2.8929029,-2.6529028,-2.052903,-1.9429028,-1.6829028,-1.4129028,-3.1929028,-4.6529026,-3.3829029,-3.1729028,-0.30290282,1.5270972,-2.1529028,3.697097,2.0470972,9.777097,-4.4029026,-7.3829026
-3.6629028,-3.1229029,-5.1129026,-3.602903,-5.412903,-5.162903,-4.812903,-3.812903,-3.822903,-3.7629027,-2.292903,-2.062903,-3.7029028,-3.812903,-4.3029027,-3.2729027,-2.9729028,-3.102903,-3.4129028,-3.8729029,-3.2129028,-5.2629027,-2.812903,-2.832903,-3.7229028,-3.792903,-2.8929029,-2.332903,-1.5729028,-2.352903,-2.6329029,-3.1929028,-3.0029027,-1.8829029,-0.6129028,-0.28290284,-0.96290284,-3.102903,-0.7329028,1.6370971,1.9370972,-0.20290284,7.837097
-3.1729028,-3.7329028,-3.3729029,0.8070972,-4.0129027,-4.002903,-3.1829028,-4.2429028,-3.7329028,-4.062903,-3.552903,-3.1329029,-3.6429029,-3.6129029,-2.1129029,-1.9529028,-0.21290283,-1.2229028,-2.0029027,-2.2229028,-2.7229028,-2.9629028,-1.7729028,-2.092903,-2.052903,-3.072903,-2.6529028,-1.0529028,-0.24290283,-0.52290285,0.067097165,-0.84290284,0.52709717,1.8970971,0.25709715,0.45709717,-1.0229028,1.7670971,4.917097,6.4670973,6.607097,8.207097,1.7570971
-2.072903,-1.0229028,0.66709715,-0.09290283,-2.3729029,-3.342903,-4.542903,-4.952903,-5.1529026,-4.622903,-4.3829026,-3.4729028,-4.482903,-3.4729028,-1.5929028,-1.0629028,-0.32290283,2.7270973,-0.022902831,0.9470972,-0.29290283,2.0070972,1.1070971,1.7470971,1.6970972,-0.49290285,-0.95290285,-0.8529028,0.19709717,0.86709714,1.0270972,0.72709715,0.34709716,-0.28290284,3.2670972,1.6370971,2.2270973,1.3970971,2.0570972,0.65709716,-1.1129029,1.1470971,0.23709717
-2.082903,-1.5029029,-3.1429029,-3.7529027,-5.4029026,-3.7229028,-4.3429027,-4.3629026,-4.562903,-4.232903,-4.722903,-3.9529028,-3.5029027,-4.392903,-2.4829028,-1.9329028,-1.9129028,-1.6229029,-1.6929028,-2.9929028,-2.4529028,-1.3729029,-1.6829028,-1.5729028,0.78709716,0.38709718,-1.0629028,-0.78290284,-0.6929028,-0.8129028,-0.9229028,-1.1729028,1.1670972,1.8970971,1.7670971,1.2070972,1.8470972,0.45709717,-0.082902834,0.67709714,-1.6629028,0.17709717,0.49709716
-2.3829029,-0.032902833,-3.6729028,-3.6729028,-5.042903,-4.452903,-3.6129029,-5.482903,-4.2829027,-4.222903,-4.1329026,-3.4529028,-3.4229028,-2.832903,-1.8129028,-2.5329027,-1.9629028,-2.552903,-2.582903,-1.1029029,-0.09290283,-0.8029028,0.5070972,-0.5029028,-0.91290283,-2.5129027,-1.4029028,-1.7929028,-1.9829029,-0.10290283,-0.71290284,-0.84290284,-0.89290285,0.037097167,-0.18290283,-0.39290282,-0.34290284,0.13709716,-0.15290283,0.11709717,-0.25290284,0.35709718,0.32709718
-3.542903,-1.3929029,-4.7429028,-3.4029028,-5.6329026,-5.062903,-4.1329026,-3.312903,-3.542903,-3.5129027,-2.1829028,-2.3829029,-2.2829027,-1.3529029,-1.9229028,-2.7029028,-1.4929029,-1.3629029,-0.112902835,0.6470972,-0.19290283,-0.65290284,-1.8229028,-2.1529028,-1.7829028,-1.5529028,-2.342903,-2.2629027,-2.2229028,-1.5729028,-0.7329028,-0.88290286,-0.082902834,-0.022902831,0.27709717,-0.04290283,-0.052902833,-0.5629028,0.21709716,0.9570972,1.3770971,1.4070972,0.97709715
-3.2029028,-5.1129026,-2.0029027,-4.692903,1.5670972,-4.272903,-2.1429029,-2.4129028,-3.062903,-2.6829028,-2.822903,-0.5429028,-0.83290285,-2.0229027,-1.5829028,-2.1729028,-1.0329028,-0.9929028,-1.4229028,-1.7729028,-1.1629028,-1.7629029,-1.6129029,-1.9529028,-1.5029029,-1.4729028,-0.6129028,-1.1929028,-1.4429028,-1.8029028,-1.7529029,-1.5229028,-1.3929029,-1.3129028,-0.88290286,-1.0629028,-0.15290283,0.34709716,0.7470972,0.8770972,2.5470972,1.7470971,1.4870971
-3.542903,-2.292903,-2.9629028,-3.352903,-3.832903,-3.312903,-3.0129027,-3.802903,-2.6629028,-2.9829028,-0.20290284,-0.65290284,-1.0229028,-1.5929028,-0.9929028,-0.89290285,-1.1329029,-1.3929029,-1.6229029,-2.072903,-2.2229028,-1.6329029,-1.8329028,-2.6729028,-2.4529028,-2.1129029,-1.6129029,-1.2929028,-1.6429029,-1.7129028,-1.6829028,-1.6729028,-1.5629028,-1.5029029,-0.9229028,-0.012902832,0.8070972,1.0770972,1.7870972,1.9170972,1.9870971,1.3470972,3.0170972
-0.38290283,-1.0329028,-3.4229028,-3.0129027,-3.7229028,-3.6729028,-3.4529028,-2.7329028,-1.9129028,-2.7229028,-2.062903,-2.2029028,-1.8829029,-0.88290286,-0.83290285,0.48709717,0.31709716,0.58709717,0.59709716,-1.1429029,-2.062903,-2.1729028,-2.4129028,-2.2629027,-1.5329028,-1.7229028,-1.7429029,-1.7729028,-1.8829029,-1.7429029,-0.7929028,-0.45290282,-0.12290283,-0.44290283,-0.04290283,0.34709716,1.1570972,1.5870972,1.6070971,2.3270972,3.417097,4.057097,3.3570971
