wind_kz.json
{"header": {"discipline":0,"disciplineName":"Meteorological products","gribEdition":2,"gribLength":1025,"center":7,"centerName":"US National Weather Service - NCEP(WMC)","subcenter":0,"refTime":"2023-09-23T12:00:00.000Z","significanceOfRT":1,"significanceOfRTName":"Start of forecast","productStatus":0,"productStatusName":"Operational products","productType":1,"productTypeName":"Forecast products","productDefinitionTemplate":0,"productDefinitionTemplateName":"Analysis/forecast at horizontal level/layer at a point in time","parameterCategory":2,"parameterCategoryName":"UnknownDiscipline_0_Category_2","parameterNumber":3,"parameterNumberName":"UnknownParameter_D0_C2_3","parameterUnit":"Unknown","genProcessType":2,"genProcessTypeName":"Forecast","forecastTime":240,"surface1Type":103,"surface1TypeName":"Specified height level above ground","surface1Value":10.0,"surface2Type":255,"surface2TypeName":"Missing","surface2Value":0.0,"gridDefinitionTemplate":0,"gridDefinitionTemplateName":"Latitude_Longitude","numberPoints":615,"shape":6,"shapeName":"Earth spherical with radius of 6,371,229.0 m","gridUnits":"degrees","resolution":48,"winds":"true","scanMode":64,"nx":41,"ny":15,"basicAngle":0,"lo1":47.0,"la1":41.0,"lo2":87.0,"la2":55.0,"dx":1.0,"dy":1.0}, "data":
[rows 0 to 14 of 15, columns 0 to 40 of 41]
-1.2605957,1.5094043,-3.7905958,0.8794043,2.9494042,2.5094042,3.1694043,4.719404,3.4594042,2.6994042,1.7094043,2.1394043,0.8894043,0.4294043,-0.6805957,-2.1605957,-1.4205956,-1.3305957,-2.9005957,-2.6805956,-1.8205957,-3.4105957,-2.7005956,2.2094042,1.9794043,2.2894044,1.1894042,0.2194043,1.6994042,-1.4505957,-2.4905958,-0.8205957,-1.8405957,-0.6705957,0.4694043,-3.2805958,-4.0505958,-1.1805958,-2.2305956,-0.8705957,1.9794043
1.3194042,-4.2905955,-1.9105957,-0.5005957,2.3594043,-0.7005957,4.2894044,4.009404,4.4294043,3.0194044,2.0594044,1.8494043,1.1294043,-0.6505957,-1.8405957,-1.0605958,-0.4505957,-1.1205957,-2.3605957,-3.0805957,-2.6605957,-1.7505957,-2.6405957,-1.8405957,2.5394044,-1.0905957,-2.7105956,0.6794043,0.6794043,0.1794043,-0.2605957,0.8494043,-1.2205957,-3.7305956,-4.1905956,0.6894043,-2.9105957,-1.2105957,-1.6305957,-0.9305957,0.8294043
-4.9605956,-3.5005958,-0.7805957,2.9094043,2.1794043,4.029404,3.8294044,4.049404,4.379404,4.319404,1.8594043,0.7194043,-0.0805957,-0.3705957,-1.5905957,-1.9105957,-1.5805957,-2.7105956,-2.6205957,-3.1805956,-1.0605958,0.0894043,0.8094043,-0.9605957,-1.4005957,-0.8805957,0.6994043,-1.1905957,-0.5505957,-0.7605957,2.8794043,2.2294042,-1.0305957,2.2294042,0.1694043,0.2694043,0.3794043,-2.1105957,-1.1805958,1.6794043,2.4394042
-2.8805957,-0.6005957,1.7594043,2.6894042,2.4194043,4.9994044,5.3294044,4.1694045,3.3094044,4.0194044,2.0594044,-2.0305958,-2.9605956,-4.620596,-0.1105957,-0.5605957,-2.0405958,-3.0205958,0.079404294,0.3294043,-0.3505957,-1.9205956,1.3394043,0.7794043,-0.3905957,-1.6405957,-2.4305956,-1.5705957,-1.3905957,1.0094043,2.9894042,0.8494043,0.11940429,-0.4005957,0.4294043,0.7094043,-0.15059571,-0.8105957,-0.4805957,1.3294044,0.8594043
0.2194043,-3.3805957,-3.2905958,-5.450596,-0.5905957,-2.6605957,1.0194043,2.3094044,1.9094043,3.2094042,2.9994042,1.4194043,-0.3705957,-2.1805956,-3.5705957,-0.8605957,-1.4705957,-2.3405957,-0.8705957,-0.100595705,0.4894043,0.3494043,0.6494043,0.5294043,0.6194043,0.2494043,-3.1605957,-2.1805956,-1.6905957,-1.8205957,-2.8205957,-4.3105955,-1.4105957,0.5594043,0.4594043,2.7894044,2.6194043,-3.0105958,0.9094043,1.3094043,-1.5205957
-1.4005957,-1.1105957,-2.3205957,-3.0605958,-3.6905956,-3.5305958,0.1394043,1.2394043,1.6794043,2.0194044,3.2594042,2.8994043,2.0794044,-1.4505957,-1.6505957,-0.1605957,0.4494043,-0.2105957,-0.4605957,0.2894043,0.7094043,0.3894043,0.049404297,0.4494043,0.4694043,1.9994043,-0.47059572,-4.3505955,-0.2505957,-0.0105957035,-2.0105958,-2.9305956,-2.9105957,-2.0705957,-1.3005958,-0.6205957,-1.1705956,0.3494043,1.1994042,-0.2205957,-0.15059571
-1.4705957,1.1294043,2.4394042,1.1294043,2.3894043,3.7094042,2.8794043,2.4894042,2.0294044,1.8394043,2.0794044,3.3994043,3.0294044,2.3894043,0.5194043,0.5194043,0.2494043,0.5594043,1.8294044,1.1294043,1.4694043,0.8294043,1.0094043,0.1994043,-0.9105957,-0.5605957,-0.020595703,2.3094044,3.3994043,3.0294044,0.3994043,-2.7505958,-1.8005958,-4.1905956,0.9694043,0.66940427,1.3594043,-0.2205957,-1.6605957,-0.3605957,0.3994043
-2.5205958,-3.4105957,-1.1405957,-0.44059572,-0.4505957,0.8994043,1.5594043,1.1794043,1.6994042,2.6794043,2.9194043,2.4194043,2.1294043,2.0894043,0.5294043,0.3694043,-0.2105957,0.6994043,1.6194043,2.2694044,1.4494042,0.9294043,0.3994043,-0.4505957,-0.6305957,-1.2205957,0.7894043,1.6694043,1.1194043,0.30940428,0.9694043,-1.1805958,-1.5805957,-2.8005958,-2.7105956,-2.5905957,-1.5705957,-0.9305957,1.2994043,1.4994043,-0.100595705
-1.4805957,-1.5505958,-0.6105957,-0.15059571,-1.1305957,-1.8705957,0.9494043,0.4194043,0.4494043,1.0494043,1.6394043,1.8594043,2.3394043,1.3194042,1.0894043,1.3994043,1.0794044,1.0094043,1.4294043,0.5194043,1.0194043,1.4394042,0.7594043,-0.3205957,0.109404296,0.2494043,0.27940428,0.8494043,2.4194043,1.9894043,1.8494043,0.0694043,-0.9105957,-1.5705957,-2.3905957,-3.2405958,1.0094043,-2.1405957,-0.5905957,-1.4905957,-2.5605958
-1.7905957,-2.2005956,-2.7105956,-2.3805957,-2.0705957,-1.3405957,-0.6205957,-0.4605957,-0.1305957,0.4594043,1.0794044,1.0994043,1.1594043,1.6794043,1.5094043,1.2994043,0.91940427,0.6394043,0.6594043,0.8494043,0.8894043,0.23940429,0.4994043,1.1194043,-0.1305957,-0.5205957,0.079404294,-0.5005957,-0.3305957,-0.1105957,-1.3305957,1.1594043,0.8994043,-5.9570314E-4,-0.7405957,-1.3605957,-0.1905957,0.7894043,-0.1205957,0.2294043,1.6694043
-4.760596,-2.3305957,-2.8505957,-4.7505956,-3.0405958,-2.0505958,-1.7205957,-1.2005957,-1.1705956,-0.8105957,0.1394043,-0.4305957,0.7494043,0.4794043,-0.020595703,1.2494043,1.9594043,1.1194043,1.6294043,0.6394043,1.0194043,0.30940428,0.079404294,0.4894043,0.4994043,0.5694043,0.8594043,0.5094043,0.4394043,-0.1805957,1.2794043,0.1494043,1.2294043,1.2694043,-0.5505957,-0.8705957,-1.7605957,-1.1905957,-1.9705957,-0.9705957,-0.5905957
-3.3305957,-5.370596,-3.9505956,-3.0405958,-3.7205956,-3.8905957,-4.390596,-2.4405956,-2.0005958,-3.3805957,-3.5905957,-1.9105957,0.0594043,-0.2705957,-0.6505957,-0.3105957,-0.4505957,-0.7105957,0.4894043,0.5194043,0.6894043,0.079404294,1.3594043,0.8694043,-0.1405957,0.6194043,0.6094043,0.3194043,0.0994043,0.4494043,0.9794043,1.2994043,0.8494043,0.3594043,0.4994043,2.1394043,1.2294043,-0.47059572,0.079404294,-0.3805957,-0.7205957
-2.9105957,-3.6005957,-5.430596,-3.9705956,-3.6905956,-2.3005958,-3.8205957,-2.6405957,-2.2005956,-1.7005957,-0.9705957,-0.2205957,-3.0505958,-2.3805957,-2.9605956,-3.4505956,-2.0305958,-0.9405957,-0.2805957,0.9094043,-0.070595704,0.1994043,0.7594043,0.8694043,0.4494043,2.1594043,1.5394043,1.1594043,1.5594043,1.5494043,1.7394043,2.0194044,2.0994043,1.0694042,1.6294043,1.3794043,2.0894043,1.8194042,1.8194042,1.6994042,0.33940428
-4.5605955,-4.660596,-5.910596,-5.760596,-6.0505958,-5.0005956,-4.5205956,-4.0005956,-3.2505958,-3.3805957,-2.0305958,-1.4705957,0.8794043,2.4394042,-0.5005957,-0.9005957,-0.6505957,-2.5805957,-1.5105957,-0.5605957,-0.6505957,-0.2205957,0.2694043,0.1894043,0.20940429,0.3894043,0.6794043,1.2694043,2.4894042,2.2094042,2.4094043,2.2794044,2.6294043,2.2194042,1.8094043,2.5194044,2.3094044,2.3094044,2.2394042,2.0794044,2.7194042
-2.8405957,-3.3805957,-3.6205957,-3.7205956,-3.4405956,-2.3605957,-3.3105958,-4.1905956,-3.6505957,-2.7405958,-2.7705958,-2.6705956,-1.5505958,-1.4005957,-2.5405958,-3.3005958,-1.8905957,-1.0105957,-0.070595704,0.91940427,-1.2105957,-2.4905958,-3.3805957,-1.0205957,-0.5905957,0.0994043,0.8094043,0.8594043,1.3294044,2.0194044,2.5294044,3.2994044,2.4694042,2.7294042,3.0394044,2.7994044,2.4294043,2.7494042,2.9294043,3.1794043,2.1594043
