wind_kz.json
{"header": {"discipline":0,"disciplineName":"Meteorological products","gribEdition":2,"gribLength":1025,"center":7,"centerName":"US National Weather Service - NCEP(WMC)","subcenter":0,"refTime":"2023-09-10T00:00:00.000Z","significanceOfRT":1,"significanceOfRTName":"Start of forecast","productStatus":0,"productStatusName":"Operational products","productType":1,"productTypeName":"Forecast products","productDefinitionTemplate":0,"productDefinitionTemplateName":"Analysis/forecast at horizontal level/layer at a point in time","parameterCategory":2,"parameterCategoryName":"UnknownDiscipline_0_Category_2","parameterNumber":3,"parameterNumberName":"UnknownParameter_D0_C2_3","parameterUnit":"Unknown","genProcessType":2,"genProcessTypeName":"Forecast","forecastTime":120,"surface1Type":103,"surface1TypeName":"Specified height level above ground","surface1Value":10.0,"surface2Type":255,"surface2TypeName":"Missing","surface2Value":0.0,"gridDefinitionTemplate":0,"gridDefinitionTemplateName":"Latitude_Longitude","numberPoints":615,"shape":6,"shapeName":"Earth spherical with radius of 6,371,229.0 m","gridUnits":"degrees","resolution":48,"winds":"true","scanMode":64,"nx":41,"ny":15,"basicAngle":0,"lo1":47.0,"la1":41.0,"lo2":87.0,"la2":55.0,"dx":1.0,"dy":1.0}, "data":
[rows 0 to 14 of 15, columns 0 to 40 of 41]
-1.9579492,-0.80794924,-0.48794922,-3.8879492,-8.317949,-7.1979494,-5.037949,-3.2279491,-3.7879493,2.2120507,-2.0479493,-0.9679492,-0.017949218,-1.1479492,-1.5779492,-3.267949,-2.1979492,-3.0979493,-3.8879492,-2.4779491,-2.1779492,-2.0879493,-0.8279492,-0.13794921,0.33205077,-1.1879492,-1.9179492,1.8020508,1.5620508,-0.5279492,-1.7079492,-3.6579492,1.8820508,-0.9279492,-1.6779492,-2.5579493,-1.6379492,0.8620508,-0.36794922,-2.5279493,-0.94794923
3.0620508,1.8620508,-3.4279492,-8.347949,-9.967949,-8.427949,-4.2579494,-4.167949,-3.4279492,-2.2379491,-2.007949,-3.4579492,-1.8679492,-0.18794923,-1.5279492,-0.7379492,-1.1579492,-2.8779492,-5.477949,-4.8179493,-3.4179492,-3.767949,0.94205076,1.7320508,0.4720508,0.94205076,-1.1379492,3.0220509,1.0920508,2.6520507,3.5320508,3.3820508,-1.3179492,-2.5679493,-1.6179492,-3.6779492,-2.5879493,-5.627949,-3.5379493,-2.6779492,0.80205077
1.9220508,4.962051,1.3320508,-0.4679492,-7.417949,-6.0279493,-5.9479494,-4.017949,-2.7079492,-2.4879491,-2.6179492,-0.8879492,0.48205078,1.6020508,0.8220508,-0.24794921,-1.6179492,-2.3979492,-3.6679492,-4.8379493,-4.0879493,-1.6379492,-6.8579493,-1.5179492,-0.6679492,0.27205077,0.42205077,-0.047949217,0.6020508,1.1020508,-0.5179492,-0.6779492,1.0720508,-1.3379493,-0.56794924,0.45205078,0.55205077,-2.9079492,0.10205078,-0.2779492,0.36205077
2.2720509,3.8420508,4.002051,1.9120507,-1.9079492,-3.3279493,-4.627949,-3.9279492,-4.187949,0.27205077,0.0020507812,-0.20794922,2.5720508,2.3720508,1.3220508,0.3420508,-0.86794925,-2.7979493,-2.8679492,-4.387949,-5.8179493,-2.3179493,-1.5279492,-3.267949,-3.7379491,-3.6579492,-2.3979492,-1.3679492,1.9120507,1.3420508,-1.2279493,-2.4579492,0.15205078,-0.5379492,0.03205078,-0.44794923,2.1120508,4.3220506,0.2820508,-2.1779492,-1.8679492
2.9120507,3.482051,1.9120507,2.0220509,0.27205077,0.5920508,0.45205078,-0.047949217,-2.9679492,-2.6179492,2.4720507,2.1920507,1.0720508,3.6320508,1.6420507,1.1320508,-0.17794922,-1.5379492,-2.2379491,-2.6779492,-2.007949,-2.007949,-2.6479492,-2.767949,-3.4579492,-3.9179492,-3.4479492,-2.4379492,-2.267949,-0.7279492,0.6120508,0.6720508,2.9620507,3.5620508,-0.15794922,0.5720508,0.7020508,0.42205077,-0.7979492,-1.3479493,-1.4279492
-1.7679492,-0.41794923,-0.6579492,0.6420508,-0.3479492,2.232051,1.5520508,2.0820508,0.63205075,-0.26794922,2.242051,3.3820508,2.2720509,3.9120507,3.0320508,1.6520507,0.87205076,-0.7979492,-2.2979493,-1.7079492,-2.1879492,-2.0279493,-2.8379493,-2.6679492,-2.2779493,-2.5479493,-2.767949,-4.617949,-2.7479491,-1.9679493,-0.9279492,-1.7079492,1.1620507,2.2720509,1.9920508,-1.8379493,0.3120508,-0.8479492,-3.0279493,0.2520508,-0.12794922
-1.2179493,-0.8579492,-0.6079492,0.75205076,1.1020508,0.6520508,1.9820508,2.6620507,3.1520507,1.7120508,2.5320508,5.1620507,3.4420507,2.9220507,3.0220509,2.0120509,2.9320507,1.1720508,0.99205077,-0.22794922,-2.6279492,-1.0179492,-2.007949,-1.7379493,-1.6579492,-1.1279492,-1.5479492,-2.2779493,-2.4779491,-2.8379493,-2.3779492,-1.5279492,-2.3779492,-1.1379492,-0.13794921,0.87205076,-1.5479492,1.2220508,-0.86794925,1.1520507,-1.7479492
-1.4679493,-0.45794922,-1.9179492,-2.3579493,-0.15794922,0.9620508,1.6320508,3.0120509,3.0620508,2.7020507,4.7220507,4.962051,4.122051,1.7920508,1.0420508,0.6020508,1.5420508,-0.21794921,-1.3779492,-1.6979492,-2.2079492,-2.4879491,-2.1279492,-2.2479491,-1.8279492,-0.44794923,-0.5479492,-1.7479492,-1.0679492,-1.0479492,-1.1179492,-2.0979493,-1.0279492,-1.1979492,0.50205076,0.68205076,-0.9879492,-3.6779492,2.0320508,0.6520508,-1.0479492
-3.5579493,-2.7279491,-2.4179492,-2.2279491,-3.8679492,0.9220508,2.3820508,2.4320507,2.1620507,1.8720508,2.9020507,3.7220507,2.1120508,0.49205077,1.7820507,2.482051,2.9220507,1.8820508,0.4020508,-0.5879492,-0.69794923,-1.2579492,-1.5479492,-2.2779493,-2.1379492,-1.8879492,-0.09794922,0.09205078,0.18205078,-0.29794922,-0.33794922,0.4620508,1.6120508,-0.5479492,-0.94794923,-1.2979492,0.4620508,-0.07794922,0.4320508,-0.6779492,-0.99794924
-3.6379492,-2.6179492,-2.4279492,-2.2979493,-2.7279491,-0.8279492,1.5520508,-0.24794921,1.6820508,1.0320507,2.6920507,2.8220508,2.9320507,1.1220508,1.5420508,0.10205078,0.18205078,-0.14794922,-0.3479492,-0.44794923,-0.5479492,-1.5779492,-1.4479492,-0.7879492,-0.9079492,-0.03794922,0.3720508,0.0020507812,-0.7379492,0.18205078,1.4820508,-0.21794921,2.1420507,1.2920508,0.39205077,1.1420507,0.4620508,0.44205078,2.4520507,3.1320508,1.4520508
-2.9479492,-3.1779492,-3.1479492,-2.6179492,-0.8279492,-0.35794923,-0.39794922,-0.06794922,-0.4979492,0.4620508,1.4320508,3.4420507,1.9320508,1.4720508,1.0820508,0.012050781,-1.3079492,-1.1579492,-0.93794924,-1.1279492,-0.3179492,-0.6679492,-1.9479492,-2.0279493,-2.1979492,-2.2079492,-2.3179493,-1.1879492,-0.35794923,0.5220508,0.38205078,1.8620508,1.4420508,0.44205078,1.9820508,1.5020508,1.0220507,1.9120507,1.2120508,1.4420508,0.5120508
-2.1179492,-2.6979492,-0.61794925,-2.0579493,0.10205078,-0.13794921,0.7920508,-0.44794923,-0.6479492,-0.74794924,0.5220508,-0.9779492,0.42205077,0.29205078,0.2520508,-0.20794922,-1.2079492,-1.8979492,-1.5479492,-1.0479492,-0.8579492,-1.3179492,-1.6779492,-1.6479492,-2.0579493,-2.8179493,-1.9679493,-2.7479491,-2.7279491,-2.7979493,-0.7679492,2.4520507,2.0320508,1.6520507,2.0920508,1.8920507,2.1020508,2.3720508,1.4220508,2.1320508,-0.2779492
-1.7979492,-1.4679493,-1.8379493,-2.5679493,-1.0979493,0.13205078,0.4720508,0.62205076,0.9820508,-0.23794922,-0.20794922,-0.11794922,0.23205078,-0.10794922,0.49205077,-0.14794922,-1.3679492,-2.2379491,-2.0379493,-1.7179493,-0.9079492,0.11205078,-0.6579492,-0.69794923,-2.0479493,-2.3079493,-2.9379492,-2.9179492,-3.4479492,-3.1479492,-2.6679492,-2.6479492,1.4520508,1.4420508,1.8720508,0.8320508,2.3220508,0.122050785,0.7920508,1.4120507,1.1420507
-0.75794923,-1.8079492,-1.9179492,0.6120508,-0.8279492,0.23205078,-0.5979492,-0.24794921,-0.03794922,0.4020508,0.48205078,-0.35794923,-0.4379492,0.44205078,0.21205078,0.20205078,-0.33794922,-1.0279492,-1.8779492,-2.6379492,-2.1079493,-1.0179492,-0.42794922,-0.80794924,-1.8179492,-2.6879492,-2.9279492,-2.6479492,-2.9279492,-2.3679492,-1.4479492,-1.0479492,0.17205077,0.9820508,0.3720508,2.0620508,1.1720508,1.2420508,-0.32794923,-0.7679492,0.23205078
0.042050783,-0.32794923,-1.9579492,0.0020507812,-0.93794924,-0.3179492,-0.017949218,0.36205077,0.11205078,-0.03794922,0.18205078,2.2020507,1.7720507,-0.50794923,-0.5379492,0.63205075,1.2320508,0.29205078,-1.0979493,-2.1579492,-0.68794924,0.14205079,-0.15794922,-0.9779492,-1.9679493,-2.0479493,-2.5779493,-2.9879491,-3.2279491,-4.307949,-3.4679492,-1.7479492,-0.48794922,1.3220508,1.9820508,1.9620508,1.5620508,1.5020508,-0.17794922,-0.3179492,0.14205079
