wind_kz.json
{"header": {"discipline":0,"disciplineName":"Meteorological products","gribEdition":2,"gribLength":1025,"center":7,"centerName":"US National Weather Service - NCEP(WMC)","subcenter":0,"refTime":"2024-04-07T00:00:00.000Z","significanceOfRT":1,"significanceOfRTName":"Start of forecast","productStatus":0,"productStatusName":"Operational products","productType":1,"productTypeName":"Forecast products","productDefinitionTemplate":0,"productDefinitionTemplateName":"Analysis/forecast at horizontal level/layer at a point in time","parameterCategory":2,"parameterCategoryName":"UnknownDiscipline_0_Category_2","parameterNumber":2,"parameterNumberName":"UnknownParameter_D0_C2_2","parameterUnit":"Unknown","genProcessType":2,"genProcessTypeName":"Forecast","forecastTime":240,"surface1Type":103,"surface1TypeName":"Specified height level above ground","surface1Value":10.0,"surface2Type":255,"surface2TypeName":"Missing","surface2Value":0.0,"gridDefinitionTemplate":0,"gridDefinitionTemplateName":"Latitude_Longitude","numberPoints":615,"shape":6,"shapeName":"Earth spherical with radius of 6,371,229.0 m","gridUnits":"degrees","resolution":48,"winds":"true","scanMode":64,"nx":41,"ny":15,"basicAngle":0,"lo1":47.0,"la1":41.0,"lo2":87.0,"la2":55.0,"dx":1.0,"dy":1.0}, "data":
[rows 0 to 14 of 15, columns 0 to 40 of 41]
0.22498779,-0.5550122,0.5549878,-0.7750122,-1.8950123,-1.2050122,-0.8650122,-1.3250122,-0.8750122,1.3149878,2.4449878,2.3649879,2.8349879,2.9149878,2.6249878,2.3349879,2.3349879,2.6549878,2.6949878,-1.1350121,1.5549878,-0.085012205,-0.98501223,-1.0350122,0.3349878,-1.9350122,-2.5950122,-1.8250122,-0.2350122,-0.07501221,-1.4250122,1.3849878,1.7649878,1.5449878,-3.8350122,-3.0850122,-3.435012,-4.055012,-3.0250123,-5.1050124,-3.4750123
2.0149877,0.3249878,-1.5950122,-3.445012,-1.9550122,-2.175012,-1.4550122,-2.4050121,-0.115012206,1.3149878,2.6249878,1.8049878,2.6949878,2.9449878,3.304988,3.6549878,2.0449877,0.6749878,1.2949878,-0.9050122,-2.7450123,1.3649879,0.8949878,-2.5350122,-0.2650122,1.8749878,-1.4450122,-0.73501223,-2.3550122,-1.7550122,0.3549878,-0.8450122,2.0449877,-2.3950121,-0.2950122,0.094987795,-1.5050122,-0.025012206,0.4149878,0.5949878,-0.8050122
-2.3950121,-4.615012,-3.7250123,-5.0150123,-3.9650123,-2.8750122,-2.1650121,1.2349877,0.4749878,0.4949878,1.1149879,1.0649878,1.8449878,2.1949878,2.2449877,1.9149878,2.4449878,1.8449878,2.0849879,1.8149878,-0.7650122,2.8949878,0.7249878,0.024987793,-1.0550122,0.014987793,-1.1650122,-0.73501223,-1.6250122,-0.6850122,-2.5850122,2.1849878,-0.005012207,-1.2150122,-0.8550122,-0.6350122,-1.5450122,-0.4750122,2.6949878,2.0949879,1.4049878
-4.985012,-5.6250124,-4.965012,-4.345012,-3.7250123,-1.4950122,1.0749878,-0.4150122,-0.06501221,1.5149878,2.4449878,2.8349879,4.3949876,4.694988,5.194988,2.2849877,2.7149878,0.9949878,2.9749877,3.2749877,2.574988,-0.40501222,0.2949878,3.6549878,-1.8450122,-2.2750123,-2.9650123,-4.365012,-3.3350122,-1.9350122,-2.2450123,-3.5850122,-3.4650123,-3.7350123,-3.1650121,-2.3950121,-0.8050122,0.5549878,-0.8650122,2.3449879,2.7949877
-4.5850124,-5.7850122,-4.6450124,-4.075012,-1.7250122,-2.0850122,-2.7350123,-0.24501221,0.9349878,1.1249878,0.9349878,3.1749878,4.0049877,3.6149879,1.2549878,1.1949878,1.8049878,0.7549878,3.1949878,1.6349878,-4.805012,1.6949878,1.2349877,2.1949878,-0.6650122,-3.0150123,-3.5850122,-2.195012,-3.0950122,-2.6450121,-3.3550122,-3.0150123,-2.3550122,0.8149878,-0.2750122,0.6249878,6.364988,0.8449878,0.6649878,3.2749877,1.6649878
-3.0150123,-3.0650122,-2.6050122,-2.695012,-2.445012,-3.935012,-1.6650122,-0.5650122,0.124987796,-0.1550122,0.8649878,2.9749877,2.6449878,2.7949877,2.574988,2.2149878,0.9149878,1.8449878,3.314988,0.11498779,-0.37501222,1.0449878,0.054987792,0.31498778,-1.5750122,-3.1050122,-2.5850122,-1.9450122,-3.5750122,-2.9050121,-2.4050121,-2.935012,-2.685012,-0.43501222,0.1849878,-1.5650122,2.0449877,3.4549878,9.504988,-0.13501221,-6.025012
-1.8950123,-0.73501223,-0.9050122,-2.6650121,-3.2650123,-2.925012,-1.1750122,-0.6950122,0.6249878,0.014987793,0.6349878,-0.28501222,-1.9950122,-1.6150122,-2.9850123,-2.9650123,-0.6550122,-1.4450122,-2.7450123,1.0149878,-1.1850122,1.2749878,0.2649878,-0.6550122,-2.8550122,-5.195012,-3.685012,-4.055012,-4.055012,-3.4950123,-3.0150123,-3.5250123,-2.1450121,-0.3350122,0.9749878,0.13498779,0.2349878,-1.2650123,1.6249878,-1.7250122,4.8349876
0.6949878,-3.5550122,-3.9150121,-3.1350121,-3.6050122,-2.6450121,-1.1450123,-1.1250122,0.6649878,-1.4550122,-1.3950123,-1.4350122,-4.1450124,-3.7850122,-2.2650123,-1.1650122,-2.445012,-2.9650123,-2.9550123,-5.885012,-3.2550123,-3.2250123,-1.8750122,-2.1150122,-3.0350122,-1.8250122,-2.4650123,-2.8650122,-1.9450122,-1.5250123,-2.685012,-1.9850122,-2.4750123,-0.7050122,0.3549878,0.3349878,4.3549876,3.7249877,4.3749876,5.9149876,2.7349877
-3.7150123,-3.5950122,-3.5150123,-3.4650123,-3.1150122,-2.5050123,-2.3750122,-0.73501223,-0.9550122,-0.40501222,-2.1150122,-3.3850121,-3.685012,-3.2250123,-2.9750123,-3.2550123,-3.425012,-3.0550122,-3.7250123,-4.1650124,-5.2250123,-3.7250123,-3.435012,-3.0950122,-2.4750123,-2.9050121,-1.7850122,-0.9150122,-0.8950122,-0.6250122,0.10498779,-0.8250122,-0.43501222,0.1549878,2.2649877,0.8749878,0.1549878,-1.5250123,-0.4950122,0.2849878,-1.2250122
-3.0250123,-2.4650123,-2.2450123,-2.675012,-2.1150122,-1.9450122,-2.3950121,-2.0950122,-2.0050123,-1.4050122,-1.9650122,-3.8650122,-1.8550122,-4.235012,-4.5850124,-2.7950122,-4.2250123,-3.7350123,-4.5850124,-5.9350123,-6.255012,-5.755012,-3.935012,-4.775012,-5.2450123,-5.675012,-4.9950123,-4.6850123,-3.7350123,-3.4050121,-0.6550122,-0.22501221,1.7649878,2.4849877,2.6949878,2.0449877,1.2149878,0.08498779,-1.2950122,0.11498779,-1.0650122
-1.9650122,-1.4850122,-1.5850122,-1.3150122,-0.8450122,-0.2550122,-0.7150122,-1.5650122,-2.2050123,-1.4650122,-1.0950122,-0.9050122,-1.4150122,-2.925012,-2.675012,-3.2650123,-3.8350122,-3.685012,-4.5150123,-6.075012,-5.545012,-5.055012,-5.255012,-5.235012,-4.7250123,-5.005012,-5.235012,-3.8450122,-4.2850122,-3.0850122,-1.9350122,-0.7150122,-0.015012207,1.2249877,2.2149878,0.7249878,-0.7150122,0.6049878,-0.92501223,0.2849878,-1.1350121
-0.9350122,-0.37501222,-0.4450122,-0.3850122,-0.24501221,0.13498779,0.3349878,-0.6950122,-0.7250122,-0.9350122,-1.5750122,-1.0450122,-1.0750122,-2.4850123,-1.8650122,-2.0150123,-2.7150123,-2.8550122,-3.4050121,-3.425012,-4.525012,-3.935012,-4.945012,-4.345012,-4.7650123,-4.715012,-4.465012,-4.215012,-4.275012,-3.4550123,-2.425012,-2.1150122,-1.9450122,-2.0150123,-3.185012,-4.3350124,-4.325012,-1.7350122,-0.7850122,-0.9350122,-1.1650122
0.7249878,0.3849878,0.004987793,0.46498778,0.5849878,-0.055012207,0.4849878,0.4949878,-0.5150122,-1.0050122,-0.5750122,-0.035012208,0.2149878,-1.0050122,-1.2350122,-1.6350121,-2.1250122,-2.4650123,-2.4050121,-2.8450122,-2.8850121,-2.9050121,-2.7350123,-2.7250123,-3.5450122,-3.7950122,-3.2150123,-4.075012,-3.685012,-3.1550121,-3.3650122,-3.4150121,-3.1150122,-3.6150122,-3.3650122,-4.4550123,-3.925012,-2.9750123,-5.565012,-6.505012,-3.2050123
1.6049877,0.7749878,0.10498779,1.0649878,0.2649878,0.51498777,0.9649878,1.2549878,0.70498776,0.37498778,-0.8750122,-0.005012207,1.2049878,1.1249878,0.6149878,-0.5750122,-1.8950123,-2.2950122,-2.7750123,-2.7650123,-2.7650123,-3.2450123,-3.185012,-3.4850123,-3.4750123,-2.8750122,-2.9050121,-2.8150122,-3.0950122,-3.4750123,-4.175012,-4.025012,-3.4150121,-3.0750122,-2.7750123,-3.3850121,-2.7350123,-2.9050121,-2.7050123,-1.7750123,-1.4050122
0.9649878,2.314988,2.0349877,1.5049878,2.1849878,2.2249877,2.3349879,1.0549878,1.3649879,0.31498778,-0.4550122,-0.005012207,0.6249878,1.1049877,2.054988,1.0149878,-0.3050122,-0.73501223,-1.4650122,-1.8750122,-2.3150122,-2.195012,-2.4750123,-2.3950121,-2.3150122,-2.3350122,-2.435012,-2.8450122,-3.1150122,-2.945012,-3.5450122,-3.0950122,-3.3650122,-3.2150123,-3.2150123,-3.2950122,-2.9150121,-2.6050122,-1.5750122,-2.0350122,-0.8150122
