wind.json
{"header": {"discipline":0,"disciplineName":"Meteorological products","gribEdition":2,"gribLength":1125,"center":7,"centerName":"US National Weather Service - NCEP(WMC)","subcenter":0,"refTime":"2023-07-01T06:00:00.000Z","significanceOfRT":1,"significanceOfRTName":"Start of forecast","productStatus":0,"productStatusName":"Operational products","productType":1,"productTypeName":"Forecast products","productDefinitionTemplate":0,"productDefinitionTemplateName":"Analysis/forecast at horizontal level/layer at a point in time","parameterCategory":2,"parameterCategoryName":"UnknownDiscipline_0_Category_2","parameterNumber":2,"parameterNumberName":"UnknownParameter_D0_C2_2","parameterUnit":"Unknown","genProcessType":2,"genProcessTypeName":"Forecast","forecastTime":180,"surface1Type":103,"surface1TypeName":"Specified height level above ground","surface1Value":10.0,"surface2Type":255,"surface2TypeName":"Missing","surface2Value":0.0,"gridDefinitionTemplate":0,"gridDefinitionTemplateName":"Latitude_Longitude","numberPoints":688,"shape":6,"shapeName":"Earth spherical with radius of 6,371,229.0 m","gridUnits":"degrees","resolution":48,"winds":"true","scanMode":64,"nx":43,"ny":16,"basicAngle":0,"lo1":45.0,"la1":40.0,"lo2":87.0,"la2":55.0,"dx":1.0,"dy":1.0}, "data":
[rows 0 to 15 of 16, columns 0 to 42 of 43]
-5.3850613,-1.285061,-0.78506106,-6.645061,-2.2750611,-0.78506106,-4.345061,-2.695061,-0.20506103,-4.335061,-4.395061,-4.825061,-2.715061,-3.445061,-1.6950611,-1.415061,-2.655061,-0.39506105,0.594939,-0.81506103,-3.5250611,-3.235061,0.57493895,1.394939,-0.025061036,-1.3150611,-0.87506104,-0.48506105,0.20493896,-0.015061035,-0.585061,0.96493894,-0.56506103,-0.55506104,-3.115061,-2.875061,-1.935061,-4.325061,-3.315061,-3.955061,0.40493897,-2.105061,-7.345061
1.6749389,0.99493897,-3.825061,-1.045061,2.294939,-3.235061,-4.555061,-1.985061,-5.115061,-5.715061,-5.165061,-3.635061,-2.105061,-5.455061,-6.055061,-2.335061,-4.235061,-1.625061,-0.40506104,-3.585061,-4.325061,-1.915061,-3.995061,-0.30506104,0.90493894,-0.07506104,-0.045061037,-0.37506104,-3.685061,-0.945061,-0.43506104,0.44493896,1.0349389,1.1749389,0.27493897,0.58493894,0.38493896,-0.085061036,-1.985061,-2.805061,-0.59506106,-7.315061,-1.555061
-0.21506104,-2.305061,2.4649389,2.254939,-8.215061,-7.075061,-3.965061,-2.835061,-6.695061,-5.185061,-4.685061,-6.785061,-7.745061,-5.465061,-4.035061,-1.8250611,-1.3450611,-1.005061,-3.095061,-3.105061,-2.665061,-2.725061,-1.645061,-3.625061,-2.885061,-4.125061,-0.97506106,0.034938965,-1.435061,0.41493896,-2.995061,-2.055061,0.10493896,-0.28506103,0.07493897,-3.085061,0.90493894,-0.095061034,0.51493895,0.99493897,-0.645061,1.5549389,1.0449389
-0.045061037,0.27493897,0.11493897,-4.455061,-9.035061,-4.755061,-3.165061,-0.11506104,-2.495061,-3.565061,-5.685061,-6.835061,-3.455061,-3.375061,-2.795061,-2.0150611,-0.43506104,-1.555061,-3.185061,-2.0250611,-2.955061,-2.195061,-2.235061,-2.125061,-3.725061,-6.795061,-1.805061,-2.475061,-0.20506103,-0.72506106,-3.2550611,-0.27506104,-0.38506103,2.174939,0.15493897,-0.655061,0.124938965,-1.145061,-0.56506103,0.99493897,1.7849389,1.5549389,0.26493895
-1.615061,-4.685061,-7.375061,-8.035061,-5.815061,-6.265061,-2.635061,2.954939,0.31493896,-1.635061,-3.385061,-3.975061,-3.0050611,-2.445061,-1.3350611,-2.995061,-0.55506104,0.46493897,-2.105061,-1.145061,-1.145061,-1.675061,-5.605061,-0.42506105,-2.5050611,-2.805061,-7.3850613,-6.435061,-5.815061,-5.215061,-5.175061,-2.125061,-3.935061,-1.8350611,1.4049389,-2.335061,-2.7750611,-2.445061,-1.7050611,0.06493896,1.334939,0.084938966,1.354939
-6.855061,-7.855061,-7.085061,-8.255061,-6.105061,-5.6350613,-1.125061,-1.515061,-2.735061,-2.795061,-1.005061,-5.955061,-3.165061,-1.115061,-1.4650611,-1.765061,-0.045061037,0.0149389645,-4.3850613,-3.395061,-2.985061,-3.555061,-5.925061,-5.285061,-4.275061,-4.6350613,-3.235061,-3.995061,-4.835061,-3.075061,-3.415061,-2.125061,-3.495061,-2.585061,-2.945061,-0.095061034,2.844939,0.20493896,3.924939,1.2849389,4.224939,-0.055061035,0.724939
-6.025061,-6.605061,-5.035061,-4.205061,-4.355061,-0.765061,-0.715061,-2.735061,-0.30506104,0.734939,0.21493897,-2.885061,-4.745061,-1.005061,2.524939,3.304939,1.7949389,0.37493896,-3.2650611,-1.995061,-1.515061,-1.655061,-4.1550612,-4.315061,-2.815061,-3.205061,-1.985061,-1.015061,-1.685061,-3.645061,-1.115061,-1.625061,-0.46506104,-2.445061,-2.375061,-2.5250611,0.18493897,-0.10506103,1.0349389,2.7449389,0.50493896,-5.985061,-4.615061
-3.635061,-3.045061,-3.425061,-1.605061,-0.655061,-0.895061,-0.29506102,0.38493896,-1.8350611,0.554939,0.82493895,-2.545061,-3.135061,-0.98506105,2.894939,2.424939,-2.835061,-6.105061,-4.575061,-3.045061,-2.675061,-1.0950611,0.18493897,-1.145061,-2.105061,-1.645061,-2.045061,-2.825061,-1.185061,-0.33506104,1.394939,-2.385061,-3.485061,-4.025061,-2.925061,-2.395061,-1.4450611,-2.305061,-0.99506104,1.2949389,0.51493895,0.56493896,4.994939
-3.965061,-5.965061,-7.205061,-8.005061,-6.595061,-5.005061,-5.005061,-5.225061,-3.895061,-2.375061,-2.325061,-0.835061,-5.165061,-7.595061,-7.855061,-7.045061,-4.245061,-3.345061,-2.7750611,-1.4650611,-1.375061,-3.065061,-1.785061,-3.405061,-2.375061,-2.205061,-3.295061,-2.195061,-1.3350611,-0.945061,-2.455061,-2.975061,-3.0050611,-2.745061,-2.375061,-1.2050611,-1.635061,-1.125061,-1.245061,1.0349389,3.314939,2.9949389,0.31493896
-6.085061,-7.365061,-6.605061,-5.995061,-6.145061,-5.105061,-5.595061,-4.465061,-2.485061,-2.745061,-3.365061,-3.105061,-5.785061,-5.345061,-5.085061,-4.035061,-3.965061,-4.315061,-5.115061,-6.3850613,-5.475061,-4.665061,-4.865061,-4.195061,-3.695061,-3.215061,-2.325061,-1.675061,-2.0050611,-0.93506104,-0.33506104,-0.895061,-1.645061,-1.3150611,0.14493896,-2.315061,-0.775061,-0.80506104,0.82493895,-1.265061,-0.67506105,0.49493897,-0.34506103
-4.475061,-4.465061,-4.705061,-3.595061,-3.125061,-4.275061,-4.485061,-3.675061,-3.245061,-4.025061,-2.645061,-2.895061,-4.375061,-5.605061,-6.605061,-5.795061,-5.975061,-4.845061,-4.995061,-4.455061,-4.235061,-3.055061,-2.125061,-1.485061,-1.7050611,-1.115061,-2.895061,-2.0150611,-2.2750611,-0.11506104,0.46493897,1.374939,1.324939,1.334939,0.74493897,0.41493896,-0.48506105,-0.825061,-1.655061,0.68493897,-1.255061,0.95493895,0.38493896
-3.385061,-1.775061,-3.495061,-3.2650611,-2.495061,-4.195061,-4.9050612,-4.095061,-3.615061,-2.125061,-1.865061,-1.775061,-5.005061,-3.725061,-5.235061,-5.835061,-4.485061,-4.705061,-4.105061,-3.435061,-2.725061,-2.805061,-1.8150611,-1.545061,-1.005061,-1.0650611,-0.78506106,0.124938965,-0.965061,-0.095061034,2.444939,3.504939,3.764939,3.7449389,1.604939,3.174939,1.584939,-1.2050611,-1.365061,0.15493897,-0.19506103,0.984939,-0.56506103
-2.855061,-0.895061,-2.545061,-4.125061,-3.985061,-3.665061,-3.235061,-3.455061,-2.665061,-2.825061,-1.975061,-1.765061,-1.625061,-1.725061,-3.575061,-3.635061,-3.635061,-3.245061,-2.155061,-0.31506103,-1.635061,0.17493896,-0.11506104,0.46493897,-0.62506104,0.20493896,-0.31506103,0.31493896,0.124938965,1.494939,2.634939,1.344939,2.784939,3.184939,2.514939,3.314939,2.134939,1.344939,1.5449389,0.42493898,0.69493896,0.50493896,2.154939
-1.4550611,-1.275061,-1.625061,-2.5250611,-3.295061,-3.065061,-2.495061,-2.175061,-2.315061,-4.165061,-3.725061,-1.1950611,-0.84506106,-0.11506104,1.024939,-0.87506104,-1.3350611,-1.0650611,-0.055061035,0.38493896,0.43493897,0.21493897,-0.98506105,-0.72506106,1.064939,1.824939,3.144939,2.684939,2.774939,3.604939,3.644939,1.994939,1.954939,2.794939,2.694939,2.9749389,2.044939,2.304939,2.304939,0.65493894,2.4949389,2.634939,3.104939
-0.655061,-0.48506105,0.24493897,-0.43506104,-0.645061,-1.555061,-1.425061,-1.395061,-1.115061,-2.955061,-1.495061,-0.62506104,-0.905061,-0.015061035,0.33493897,-0.99506104,2.534939,2.884939,1.9349389,1.8049389,1.104939,-0.25506103,-0.21506104,1.354939,2.384939,2.374939,2.4849389,2.064939,1.4149389,2.594939,2.094939,2.684939,4.104939,3.454939,3.054939,2.834939,2.704939,1.514939,1.734939,1.764939,2.114939,1.8049389,2.284939
-0.10506103,0.42493898,0.0049389647,-0.37506104,-1.905061,-1.625061,-2.445061,-2.245061,-1.795061,-2.165061,-0.72506106,-1.3350611,-0.80506104,0.51493895,0.45493898,0.854939,0.09493896,1.334939,-0.80506104,-1.2150611,0.13493897,1.824939,2.614939,2.334939,2.554939,1.954939,1.994939,1.744939,2.264939,2.584939,3.054939,3.124939,3.704939,3.894939,2.364939,3.394939,1.954939,0.76493895,1.944939,2.4649389,3.644939,4.134939,1.5349389
