wind_kz.json
{"header": {"discipline":0,"disciplineName":"Meteorological products","gribEdition":2,"gribLength":1102,"center":7,"centerName":"US National Weather Service - NCEP(WMC)","subcenter":0,"refTime":"2023-09-19T12:00:00.000Z","significanceOfRT":1,"significanceOfRTName":"Start of forecast","productStatus":0,"productStatusName":"Operational products","productType":1,"productTypeName":"Forecast products","productDefinitionTemplate":0,"productDefinitionTemplateName":"Analysis/forecast at horizontal level/layer at a point in time","parameterCategory":2,"parameterCategoryName":"UnknownDiscipline_0_Category_2","parameterNumber":2,"parameterNumberName":"UnknownParameter_D0_C2_2","parameterUnit":"Unknown","genProcessType":2,"genProcessTypeName":"Forecast","forecastTime":120,"surface1Type":103,"surface1TypeName":"Specified height level above ground","surface1Value":10.0,"surface2Type":255,"surface2TypeName":"Missing","surface2Value":0.0,"gridDefinitionTemplate":0,"gridDefinitionTemplateName":"Latitude_Longitude","numberPoints":615,"shape":6,"shapeName":"Earth spherical with radius of 6,371,229.0 m","gridUnits":"degrees","resolution":48,"winds":"true","scanMode":64,"nx":41,"ny":15,"basicAngle":0,"lo1":47.0,"la1":41.0,"lo2":87.0,"la2":55.0,"dx":1.0,"dy":1.0}, "data":
[rows 0 to 14 of 15, columns 0 to 40 of 41]
-3.6863794,0.4336206,-3.7663794,-4.8663793,-5.0063796,-2.6863794,-8.06638,-8.456379,-7.8563795,-6.966379,-6.3463793,-5.2063794,-5.1663795,-4.8363795,-4.0063796,-4.8463793,-5.4963794,-5.8363795,-4.906379,-5.8463793,-3.6763794,-1.7663794,0.8636206,2.8736205,1.4936206,2.2336206,2.6136205,3.0636206,3.2336206,2.1936207,2.8736205,2.5936205,-0.5863794,-1.0563794,2.0736206,1.1436206,3.2236207,3.9336207,3.8736205,3.8036206,2.3736205
0.9736206,-5.1663795,-10.40638,-6.696379,-4.5763793,1.3136206,-7.7663794,-7.5663795,-6.8763795,-6.1663795,-5.3063793,-5.1863794,-5.2063794,-4.0563793,-3.7463794,-5.5063796,-6.0463796,-6.0663795,-4.6463795,-3.8163793,-6.4563794,-5.4963794,-4.5563793,1.4636207,1.1936206,-1.2863793,0.3136206,1.0236206,2.4236207,2.6236205,2.3036206,2.4236207,2.3236206,-0.8463794,0.8736206,2.6336205,1.1836206,1.5436206,2.4336207,2.9536207,-0.9263794
-7.9163795,-9.74638,-9.69638,-7.2263794,-5.3963795,-6.8263793,-6.5263796,-5.8863792,-6.716379,-6.3063793,-7.716379,-6.8363795,-4.7463794,-5.3063793,-6.0363793,-6.7963796,-6.8563795,-6.6063795,-7.0063796,-5.446379,-6.4963794,-10.466379,-8.11638,-10.796379,-5.8963795,-5.966379,-4.3463793,1.8636206,0.3636206,-1.6163794,1.0036206,0.1936206,-0.5263794,2.7936206,-3.2763793,-2.1063795,0.74362063,-0.8663794,4.0836205,2.9436207,-0.18637939
-10.73638,-11.096379,-8.73638,-4.1263795,-5.3063793,-6.2563796,-5.5363793,-7.156379,-6.7663794,-8.136379,-7.6663795,-6.466379,-4.2863793,-2.8963795,-7.2663794,-7.0263796,-7.3063793,-7.6363792,-8.006379,-8.726379,-8.636379,-9.806379,-6.9563794,-7.8763795,-8.586379,-8.176379,-6.1363792,-5.966379,-4.4963794,-2.3463793,0.7836206,1.9236206,9.913621,12.613621,12.993621,8.783621,0.6436206,2.0836205,-1.8463794,2.3436205,5.093621
-10.896379,-9.24638,-8.376379,-6.3463793,-6.8963795,-7.426379,-7.3563795,-6.7063794,-7.5163794,-7.5963793,-7.3563795,-7.0063796,-5.5863795,-2.4063795,-4.196379,-7.4863796,-7.6163793,-7.3063793,-7.4963794,-8.31638,-8.756379,-8.40638,-7.8563795,-7.5963793,-7.8363795,-8.626379,-7.7263794,-5.1163793,-3.9463794,-3.2563794,-3.0363793,-3.3063793,-1.2563794,1.3736206,-1.9763794,-1.6363794,-9.516379,-1.0863794,6.323621,7.7736206,6.9636207
-8.926379,-7.6163793,-7.7563796,-7.1363792,-6.1663795,-3.7163794,-6.0963793,-6.5463796,-7.3863792,-5.8963795,-6.4963794,-7.1163793,-7.1163793,-6.0263796,-6.0663795,-6.3363795,-6.7663794,-6.8763795,-7.196379,-7.2263794,-7.7963796,-7.5063796,-6.7863793,-6.946379,-6.5663795,-6.2363796,-6.5663795,-7.3163795,-4.0363793,-1.9563794,-3.3463793,-2.4463794,0.4636206,1.9036206,4.1636205,8.903621,8.693621,9.733621,8.283621,-2.7563794,-4.966379
-7.9563794,-7.716379,-7.196379,-6.2363796,-4.0563793,-3.7863793,-5.6863794,-4.8863792,-6.5463796,-5.3163795,-6.0463796,-6.3163795,-6.2063794,-6.426379,-6.0963793,-5.656379,-5.4163795,-5.3263793,-5.7363796,-6.3663793,-6.6863794,-6.676379,-6.3663793,-5.6463795,-4.6663795,-4.0763793,-4.7663794,-3.2163794,-3.6863794,-2.5863793,-2.6963794,-2.2363794,-0.8363794,-0.8563794,2.6036205,-0.2263794,-0.7263794,1.3636206,3.6336205,-0.7763794,6.0036206
-7.216379,-6.5063796,-6.426379,-5.2063794,-4.4363794,-3.4163795,-1.9663794,-3.8463793,-3.5563793,-3.8163793,-5.2763796,-5.5063796,-5.4863796,-5.6263795,-5.2063794,-5.4163795,-4.8063793,-4.6463795,-4.0163794,-4.8063793,-5.3563795,-5.1663795,-4.5663795,-4.2463794,-3.8263793,-2.7763793,-3.1663795,-1.8363794,-1.6063794,-2.6863794,-2.9363794,-1.0363793,-0.4763794,0.1836206,0.7936206,2.7336206,5.6936207,10.693621,8.26362,10.743621,9.17362
-6.2063794,-5.7363796,-4.8363795,-3.6663795,-3.1063795,-1.9963794,-4.2763796,-5.2063794,-3.4663794,-2.4363794,-4.2763796,-4.446379,-4.6263795,-4.3363795,-4.1363792,-4.2863793,-4.1463795,-4.3163795,-4.0763793,-3.8163793,-3.8763795,-3.3563795,-2.9463794,-2.4863794,-2.6563795,-0.9363794,-0.4063794,-0.6163794,-0.18637939,0.1036206,0.2736206,0.8436206,1.2736206,1.5736206,1.5736206,2.9336207,3.1136205,2.1836207,0.32362062,-0.2263794,1.0536206
-4.3763795,-3.7563794,-3.8063793,-3.6663795,-3.5963793,-2.2663794,-3.6563795,-3.0163794,-2.6663795,-3.6563795,-2.8963795,-3.1763794,-2.8563795,-2.7163794,-2.8663795,-2.7063794,-2.6563795,-2.7763793,-3.0263793,-2.7863793,-2.6463795,-1.7163794,-0.9863794,-0.7963794,-0.6863794,0.4336206,0.4536206,0.1636206,0.7036206,0.6936206,1.1136206,0.68362063,2.4536207,2.4036207,1.4136206,2.5636206,3.4036207,0.7636206,-0.36637938,0.4236206,1.4736207
-2.9063795,-3.4163795,-3.9563794,-2.3863795,-3.5563793,-3.1863794,-2.0863793,-0.6263794,-1.8063794,-1.8963794,-1.4963794,-1.9263794,-1.0663794,-0.9063794,-1.0863794,-0.9063794,-0.9863794,-1.2763793,-1.1063794,-1.4663794,-0.4463794,-0.2063794,0.2736206,0.9736206,1.0536206,1.1336206,1.6836206,0.9436206,1.5936207,2.0236206,2.5336206,2.0536206,1.5236206,1.5536206,0.7936206,1.0336206,0.043620605,1.1636206,1.0836205,0.053620607,-0.4763794
-2.0863793,-1.9863794,-2.2763793,-1.1063794,-2.5063794,-2.5563793,-2.0263793,-1.4763794,0.6136206,-2.2063794,-0.7063794,-0.81637937,0.08362061,0.8536206,0.9436206,1.1836206,1.1436206,1.0736206,1.6136206,1.0036206,2.0836205,2.0536206,2.2036207,1.6636206,2.3036206,2.2736206,2.8336205,2.3836205,1.5936207,2.6936207,2.0736206,1.6436206,1.5836205,1.0536206,2.3336205,0.93362063,1.0936207,1.4136206,1.6736206,1.4136206,1.1036206
-0.7363794,-1.4063793,-1.6363794,-1.3263794,-2.0763793,-1.8963794,-2.6463795,-2.3663795,-1.5863794,-0.1263794,1.5236206,1.0236206,1.1936206,2.5236206,2.2436206,2.6136205,2.7136207,2.7636206,3.0836205,2.7936206,3.3036206,3.7036207,3.0636206,3.0336206,3.1636207,3.2636206,2.5136206,3.4636207,2.9236207,3.0636206,2.8336205,2.2636206,1.5436206,1.8336205,2.1636207,0.4236206,2.5736206,0.2436206,1.5436206,2.6036205,1.9736207
0.6236206,0.063620605,-0.2563794,-1.1863794,-0.6463794,-0.6263794,-0.9763794,-0.6363794,-0.6763794,0.5136206,1.8936206,1.7036206,1.9536206,2.6836207,2.9236207,3.2336206,3.2436206,3.5436206,4.0036206,4.4436207,4.7436204,4.7936206,4.8836207,4.1136208,3.7636206,4.033621,1.8936206,3.4936206,3.3236206,4.1936207,3.0936205,1.4636207,2.5936205,2.2536206,1.7036206,1.7736206,1.3036206,1.7936206,1.6136206,1.0836205,1.9536206
1.4336206,2.6636207,1.8436207,1.5636206,1.6136206,1.5536206,1.6236206,1.1736206,0.6736206,0.6436206,0.9636206,2.0536206,1.4236206,0.8936206,2.3836205,3.3036206,3.8436205,4.5136204,4.7936206,5.4736204,5.4336205,5.5636206,5.323621,4.9336205,4.8936205,2.8036206,3.9036207,3.3336205,2.9236207,3.1236205,5.053621,3.9536207,2.8036206,2.1536207,2.1936207,2.6536207,1.1436206,2.3636205,1.9336206,2.0936205,0.5936206
