wind_kz.json
{"header": {"discipline":0,"disciplineName":"Meteorological products","gribEdition":2,"gribLength":1025,"center":7,"centerName":"US National Weather Service - NCEP(WMC)","subcenter":0,"refTime":"2023-09-26T18:00:00.000Z","significanceOfRT":1,"significanceOfRTName":"Start of forecast","productStatus":0,"productStatusName":"Operational products","productType":1,"productTypeName":"Forecast products","productDefinitionTemplate":0,"productDefinitionTemplateName":"Analysis/forecast at horizontal level/layer at a point in time","parameterCategory":2,"parameterCategoryName":"UnknownDiscipline_0_Category_2","parameterNumber":3,"parameterNumberName":"UnknownParameter_D0_C2_3","parameterUnit":"Unknown","genProcessType":2,"genProcessTypeName":"Forecast","forecastTime":240,"surface1Type":103,"surface1TypeName":"Specified height level above ground","surface1Value":10.0,"surface2Type":255,"surface2TypeName":"Missing","surface2Value":0.0,"gridDefinitionTemplate":0,"gridDefinitionTemplateName":"Latitude_Longitude","numberPoints":615,"shape":6,"shapeName":"Earth spherical with radius of 6,371,229.0 m","gridUnits":"degrees","resolution":48,"winds":"true","scanMode":64,"nx":41,"ny":15,"basicAngle":0,"lo1":47.0,"la1":41.0,"lo2":87.0,"la2":55.0,"dx":1.0,"dy":1.0}, "data":
[rows 0 to 14 of 15, columns 0 to 40 of 41]
0.8429352,-1.3770648,0.20293517,-2.9570649,-3.137065,-4.737065,0.31293517,2.7829351,2.4629352,2.6929352,2.7129352,-0.8470648,-3.2070649,-3.667065,-2.907065,-3.687065,-5.067065,-5.2270646,-6.447065,-2.8270648,-4.1270647,-6.1070647,-4.737065,-0.6970648,-2.1170647,-0.7870648,-1.9370648,1.2629352,0.4829352,3.4729352,0.94293517,-0.06706482,-0.27706483,-1.6370648,0.05293518,-1.9470649,1.9529352,-0.5870648,-1.4670649,2.2229352,0.8529352
1.9429352,1.5929352,2.2929351,-1.2170649,-2.687065,-4.1270647,-3.657065,-2.8670647,0.5329352,0.83293515,-0.27706483,-2.4870648,-1.8670648,-2.2770648,-3.8670647,-3.917065,-3.657065,-5.287065,-7.2470646,-5.347065,-6.2070646,-4.387065,-2.1070647,1.6329352,0.9829352,0.40293518,-1.8770648,1.6529351,0.4529352,2.5029352,-0.16706482,3.852935,-0.03706482,0.02293518,-0.9470648,-1.2470648,-1.0470648,-2.2370648,-1.7670648,-0.66706485,0.8129352
2.1229353,5.1629353,2.6229353,-1.0170648,-3.5270648,-1.5670648,-2.5670648,-2.7870648,0.8029352,1.6129352,0.9129352,0.51293516,-1.6470648,-2.6270647,-3.4970648,-4.4570646,-2.7170649,-3.8770647,-3.887065,-4.4970646,-5.517065,-3.0770648,-4.007065,-1.5470648,-0.6270648,0.28293517,0.83293515,0.94293517,0.18293518,1.8729352,2.4629352,1.4629352,1.6529351,-0.67706484,-0.3870648,2.9529352,4.532935,1.1029352,0.77293515,1.1329352,1.4929352
2.4829352,4.7529354,3.0529351,0.17293519,-0.34706482,0.47293517,-1.5370648,-0.5670648,-0.61706483,0.3929352,1.2429352,1.9629352,1.5929352,0.04293518,-2.2970648,-3.647065,-4.1070647,-3.5770648,-3.657065,-3.687065,-4.3570647,-3.5670648,-2.3170648,-4.037065,-4.177065,-4.1470647,-1.7470648,-0.5170648,2.5229352,-0.23706482,-0.8370648,-2.0470648,-1.2270648,1.9629352,1.4729352,-2.927065,-0.33706483,2.6629353,0.8729352,1.1229352,1.1229352
4.2529354,4.782935,3.5329351,1.9929352,-0.06706482,-0.3870648,-2.137065,-1.7070649,1.6829352,1.3229352,0.09293518,1.3729352,3.0129352,1.8729352,0.2629352,-1.9770648,-3.907065,-2.3070648,-2.7570648,-2.7570648,-4.3770647,-4.1070647,-4.867065,-4.947065,-3.8670647,-3.2570648,2.7529352,2.7229352,1.1629351,-0.3270648,-1.1070648,-0.4270648,2.2029352,3.2529352,-0.79706484,-1.9870648,0.94293517,-1.7670648,0.27293518,-0.7670648,-2.0470648
3.3829353,4.262935,5.6629353,5.1229353,2.7929351,1.1729351,-0.4570648,-1.6070648,-1.9470649,-0.5270648,0.6229352,-1.8270649,-2.2870648,1.7329352,1.6029352,0.15293518,-1.1670648,-2.4870648,-2.2870648,-3.1270647,-2.5470648,-2.4770648,-3.667065,-3.907065,-4.347065,-0.7670648,3.362935,5.152935,3.1529353,2.2829351,-0.7870648,-2.177065,-1.9970648,-1.0570648,0.89293516,-0.3270648,2.6629353,3.2729352,-0.6370648,-2.2870648,-1.5470648
-2.7670648,3.852935,4.0029354,4.3329353,3.6529353,1.7529352,-0.3270648,0.8529352,0.37293518,-1.7370648,-1.3270649,1.6729351,0.6629352,-0.7470648,-1.7470648,1.5129352,1.4929352,1.0529351,-2.2270648,-2.397065,-2.1070647,-2.5370648,-1.3170648,-3.0970647,-3.3470647,-4.177065,1.0929352,2.102935,2.5329351,3.0029352,1.5329351,-1.4670649,-3.3570647,-1.8470649,-2.0370648,-0.49706483,-1.1270648,0.7429352,1.6829352,-0.20706482,1.3429352
-2.4570649,0.88293517,0.76293516,2.2629352,2.0129352,0.44293517,-0.8470648,-2.167065,-1.8870648,-2.5670648,-2.3170648,-2.5570648,-1.2470648,1.0629352,0.22293518,-0.85706484,2.2629352,0.8729352,-0.7570648,-0.09706482,-1.4870648,-1.8870648,-2.8570647,0.7429352,-1.5370648,-0.9470648,-2.387065,1.8229352,2.822935,1.6729351,1.3929352,1.5529351,-2.7770648,-2.2770648,1.8029351,0.2629352,0.01293518,1.6829352,-1.6070648,-0.22706482,-1.7070649
-0.91706485,-0.17706482,0.6229352,-0.06706482,-1.2570648,0.6029352,2.6229353,1.1029352,-1.1270648,-1.3970648,-1.9570649,-2.0870647,-2.1270647,-1.8770648,-1.6470648,0.3229352,3.0329351,2.0529351,0.5929352,-0.6270648,1.0429351,0.3229352,-1.0770649,-1.9370648,2.062935,-0.47706482,-0.13706481,0.5929352,0.23293518,2.2229352,2.9729352,3.362935,2.1729352,-0.8370648,-0.9670648,1.5229352,-1.1670648,0.8029352,0.76293516,0.04293518,-2.7970648
1.7829351,0.57293516,0.64293516,0.2629352,-1.7370648,-1.1970649,1.3629352,1.4029351,1.0529351,-0.2970648,-0.18706483,-0.11706482,-0.19706482,-0.54706484,-0.9570648,-0.80706483,0.5429352,1.2629352,1.6829352,1.4729352,0.49293518,-0.7670648,-1.0370648,1.0629352,-0.33706483,0.9629352,0.5429352,0.6229352,0.5629352,1.3829352,0.7229352,1.6429352,3.1429353,2.9529352,0.64293516,-0.36706483,0.8029352,-1.5070648,0.37293518,3.7429352,2.8929353
2.5529351,2.0529351,0.22293518,-0.73706484,-1.1570648,-0.9470648,1.9829352,0.9229352,-0.5770648,-0.67706484,-0.46706483,-1.4070648,-1.8770648,-0.40706483,-0.12706482,1.0329351,2.0129352,1.9129351,2.2029352,2.4029353,2.0329351,1.6329352,-0.3970648,-1.0270648,2.2629352,0.5629352,1.5929352,2.4029353,1.6129352,2.322935,1.2929351,1.0529351,3.0029352,2.4129353,1.9629352,1.2029352,1.2029352,2.6629353,1.9129351,1.5529351,0.47293517
1.5529351,0.8429352,1.8429352,1.0829352,0.43293518,0.8729352,0.38293517,0.33293518,0.37293518,-0.027064819,-1.5170648,-1.4870648,-1.7770648,-2.7970648,-2.5970647,-0.07706482,2.832935,3.1229353,3.0329351,3.1429353,3.3029351,2.4229352,1.1329352,0.31293517,-0.12706482,-0.16706482,1.8629352,1.2829351,3.4229352,1.5029352,-1.3970648,0.22293518,1.1029352,1.8129352,1.4729352,0.63293517,1.9129351,2.7729352,2.9129353,2.1429353,1.2329352
1.3729352,1.4029351,0.24293518,1.2329352,0.8529352,0.8529352,-0.3270648,-0.7870648,-1.3870648,0.19293518,0.20293517,-1.4570649,0.11293518,-0.09706482,-2.3270648,-1.9570649,-2.6270647,1.2529352,2.1529353,3.8029351,4.342935,3.852935,3.1329353,2.1929352,1.2929351,0.7129352,-0.4870648,1.6329352,3.7729352,2.7929351,2.1429353,-0.28706482,-1.2770648,1.8529352,2.3729353,2.2729352,1.1429352,1.2929351,3.362935,1.1929352,0.63293517
0.7429352,0.06293518,-0.5870648,-0.03706482,0.04293518,-0.22706482,-0.04706482,-0.24706481,0.8529352,0.2629352,0.7229352,-0.8270648,-0.9970648,-0.61706483,-0.6870648,-1.1470648,-1.1570648,0.01293518,0.06293518,2.9929352,3.9329352,4.5429354,4.3129354,3.4629352,2.592935,1.5029352,2.112935,1.8729352,0.76293516,0.6529352,1.7529352,2.3029351,1.2029352,-0.09706482,0.2629352,2.5129352,2.1329353,1.8129352,2.1329353,2.112935,1.8129352
-0.3870648,-0.6370648,-2.1070647,-1.7970648,-1.1370648,-0.40706483,-0.10706482,0.6029352,0.51293516,1.0229352,1.0829352,1.1629351,-0.5170648,-1.1970649,0.38293517,0.88293517,0.19293518,-1.0670648,-0.73706484,1.6929352,-0.04706482,4.512935,4.822935,3.8929353,3.3929353,2.9229352,2.7729352,2.4029353,2.0429351,1.4929352,0.89293516,0.88293517,1.0829352,1.4129351,2.0529351,0.94293517,2.112935,2.8829353,3.852935,3.3029351,0.9829352
