wind_kz.json
{"header": {"discipline":0,"disciplineName":"Meteorological products","gribEdition":2,"gribLength":948,"center":7,"centerName":"US National Weather Service - NCEP(WMC)","subcenter":0,"refTime":"2023-08-07T12:00:00.000Z","significanceOfRT":1,"significanceOfRTName":"Start of forecast","productStatus":0,"productStatusName":"Operational products","productType":1,"productTypeName":"Forecast products","productDefinitionTemplate":0,"productDefinitionTemplateName":"Analysis/forecast at horizontal level/layer at a point in time","parameterCategory":0,"parameterCategoryName":"UnknownDiscipline_0_Category_0","parameterNumber":0,"parameterNumberName":"UnknownParameter_D0_C0_0","parameterUnit":"Unknown","genProcessType":2,"genProcessTypeName":"Forecast","forecastTime":0,"surface1Type":1,"surface1TypeName":"Ground or water surface","surface1Value":0.0,"surface2Type":255,"surface2TypeName":"Missing","surface2Value":0.0,"gridDefinitionTemplate":0,"gridDefinitionTemplateName":"Latitude_Longitude","numberPoints":615,"shape":6,"shapeName":"Earth spherical with radius of 6,371,229.0 m","gridUnits":"degrees","resolution":48,"winds":"true","scanMode":64,"nx":41,"ny":15,"basicAngle":0,"lo1":47.0,"la1":41.0,"lo2":87.0,"la2":55.0,"dx":1.0,"dy":1.0}, "data":
[rows 0 to 14 of 15, columns 0 to 40 of 41]
319.17773,295.47772,314.27774,298.97772,300.17773,298.07773,312.97772,327.37775,324.27774,322.57773,322.67773,322.47772,320.27774,319.97772,319.07773,318.97772,318.77774,318.07773,320.27774,318.57773,319.67773,313.57773,311.07773,307.37775,307.97772,309.27774,304.87775,289.77774,287.77774,285.87775,281.67773,286.97772,294.87775,304.97772,308.27774,306.67773,307.97772,308.57773,310.37775,311.07773,311.87775
291.27774,312.17773,299.07773,300.47772,301.47772,298.07773,328.47772,323.77774,322.87775,322.67773,322.77774,320.27774,318.27774,317.97772,319.97772,320.97772,319.47772,318.67773,318.37775,316.17773,315.97772,314.67773,308.27774,291.57773,285.17773,282.97772,294.57773,288.77774,291.37775,281.77774,285.57773,280.27774,286.67773,273.27774,281.97772,300.17773,301.67773,307.17773,309.57773,301.47772,288.67773
316.67773,298.97772,300.97772,301.47772,298.67773,322.97772,324.17773,323.97772,321.27774,321.17773,320.17773,319.57773,316.87775,314.97772,316.77774,318.47772,306.37775,313.67773,303.97772,307.77774,313.37775,311.07773,304.07773,302.07773,298.47772,298.87775,297.27774,298.47772,300.27774,289.47772,281.17773,283.87775,291.37775,287.17773,286.57773,292.17773,281.67773,285.57773,288.67773,287.17773,285.37775
318.27774,300.57773,302.07773,301.47772,304.87775,324.87775,323.67773,322.37775,321.57773,319.97772,318.07773,316.37775,297.57773,296.67773,313.97772,314.57773,317.27774,303.47772,304.97772,302.47772,299.17773,305.87775,310.07773,304.07773,305.07773,304.77774,304.87775,297.97772,308.57773,306.57773,307.57773,301.87775,306.67773,306.77774,306.47772,300.17773,285.87775,282.37775,288.87775,301.77774,308.67773
320.17773,300.87775,301.77774,301.77774,309.17773,320.47772,321.07773,323.57773,320.37775,318.27774,317.87775,315.67773,298.17773,296.77774,293.87775,315.97772,314.47772,312.57773,310.37775,299.57773,307.07773,312.97772,310.27774,302.17773,304.57773,304.67773,312.67773,303.67773,311.07773,305.87775,306.47772,300.97772,287.67773,280.87775,291.37775,299.57773,300.37775,306.07773,307.37775,307.47772,308.27774
321.27774,319.47772,300.37775,300.57773,301.07773,300.27774,322.47772,321.77774,318.67773,317.97772,317.37775,316.97772,300.07773,297.17773,304.57773,310.47772,313.67773,313.47772,313.57773,297.37775,313.07773,312.57773,308.27774,312.97772,310.57773,309.57773,311.77774,294.67773,311.17773,309.67773,307.57773,307.97772,310.57773,305.87775,303.57773,296.07773,288.47772,293.17773,302.07773,308.87775,304.27774
323.27774,322.17773,323.57773,323.17773,315.07773,319.87775,322.27774,319.77774,318.97772,318.17773,316.17773,316.37775,314.77774,313.87775,306.87775,312.07773,306.87775,305.37775,312.97772,303.67773,313.77774,312.47772,308.57773,307.47772,299.67773,299.77774,299.87775,300.47772,311.77774,312.07773,311.87775,312.17773,310.47772,309.27774,304.97772,295.07773,288.97772,292.47772,289.07773,288.97772,297.67773
322.07773,321.67773,321.17773,320.07773,320.47772,319.97772,319.57773,316.37775,315.17773,315.77774,313.27774,312.17773,314.17773,312.57773,307.07773,314.07773,315.67773,313.57773,309.37775,301.17773,307.07773,307.87775,309.97772,306.57773,305.87775,297.67773,300.47772,305.17773,295.27774,298.67773,299.27774,307.27774,306.17773,294.07773,300.87775,301.37775,303.07773,289.47772,298.47772,300.17773,298.27774
319.37775,317.77774,318.67773,317.77774,317.77774,317.37775,315.57773,314.27774,313.37775,313.17773,308.47772,304.07773,303.97772,313.17773,304.47772,308.07773,309.67773,310.17773,308.67773,302.37775,304.87775,297.77774,303.57773,297.47772,296.77774,299.77774,293.67773,290.67773,291.97772,298.77774,298.27774,297.67773,295.67773,299.17773,297.97772,290.27774,293.57773,290.27774,284.67773,285.27774,286.27774
315.07773,311.87775,313.87775,314.37775,314.27774,315.07773,312.97772,311.87775,311.07773,310.97772,302.47772,302.57773,306.47772,302.47772,300.17773,302.77774,302.77774,303.37775,306.27774,301.77774,300.17773,300.37775,303.37775,307.77774,304.57773,302.67773,302.57773,303.67773,298.77774,297.77774,295.97772,298.27774,305.87775,302.97772,298.37775,296.07773,293.27774,288.57773,286.47772,283.97772,284.97772
311.87775,310.67773,310.27774,310.07773,308.17773,310.47772,310.57773,309.77774,308.57773,308.27774,302.87775,299.37775,299.57773,298.97772,299.07773,299.97772,299.47772,306.57773,306.87775,299.57773,301.37775,300.57773,302.77774,301.97772,303.57773,302.47772,300.77774,301.57773,302.67773,303.47772,299.57773,304.67773,306.27774,303.97772,303.57773,299.07773,289.97772,287.67773,289.27774,287.77774,283.17773
309.07773,309.57773,311.17773,309.37775,307.77774,307.47772,308.37775,307.67773,308.27774,308.57773,304.67773,300.27774,302.47772,296.47772,300.57773,295.47772,303.87775,303.97772,298.77774,298.57773,298.47772,301.67773,300.87775,303.37775,300.67773,300.67773,302.67773,303.67773,304.47772,302.57773,301.27774,301.07773,301.17773,301.37775,299.77774,299.47772,297.27774,296.27774,293.67773,292.77774,291.77774
303.67773,307.37775,309.57773,308.47772,305.77774,305.47772,308.07773,300.57773,302.87775,306.37775,295.67773,296.47772,299.47772,296.07773,298.87775,299.87775,297.27774,302.07773,297.57773,302.47772,301.77774,302.17773,301.97772,299.57773,301.87775,303.07773,304.17773,302.67773,303.17773,301.77774,301.87775,301.17773,300.07773,300.87775,300.37775,297.27774,296.77774,297.97772,296.67773,295.97772,294.07773
305.27774,305.17773,300.67773,307.57773,306.87775,306.17773,304.97772,297.77774,300.97772,299.77774,296.97772,294.57773,296.07773,297.37775,297.97772,298.47772,297.77774,301.87775,304.77774,301.87775,303.77774,303.07773,301.17773,301.87775,302.57773,303.87775,303.67773,301.87775,301.17773,301.77774,300.17773,300.87775,300.87775,300.77774,298.57773,299.37775,297.47772,296.27774,296.37775,294.47772,295.17773
301.77774,305.47772,293.77774,303.97772,304.97772,304.37775,303.27774,297.87775,299.67773,299.27774,298.77774,298.07773,293.47772,296.37775,296.07773,295.57773,293.67773,302.27774,304.97772,301.77774,301.87775,302.97772,303.87775,303.57773,303.47772,303.07773,302.07773,301.77774,298.77774,297.87775,297.77774,292.87775,296.37775,298.47772,295.47772,299.17773,296.27774,295.77774,297.77774,296.57773,294.57773
