wind_kz.json
{"header": {"discipline":0,"disciplineName":"Meteorological products","gribEdition":2,"gribLength":1025,"center":7,"centerName":"US National Weather Service - NCEP(WMC)","subcenter":0,"refTime":"2023-09-07T12:00:00.000Z","significanceOfRT":1,"significanceOfRTName":"Start of forecast","productStatus":0,"productStatusName":"Operational products","productType":1,"productTypeName":"Forecast products","productDefinitionTemplate":0,"productDefinitionTemplateName":"Analysis/forecast at horizontal level/layer at a point in time","parameterCategory":2,"parameterCategoryName":"UnknownDiscipline_0_Category_2","parameterNumber":3,"parameterNumberName":"UnknownParameter_D0_C2_3","parameterUnit":"Unknown","genProcessType":2,"genProcessTypeName":"Forecast","forecastTime":300,"surface1Type":103,"surface1TypeName":"Specified height level above ground","surface1Value":10.0,"surface2Type":255,"surface2TypeName":"Missing","surface2Value":0.0,"gridDefinitionTemplate":0,"gridDefinitionTemplateName":"Latitude_Longitude","numberPoints":615,"shape":6,"shapeName":"Earth spherical with radius of 6,371,229.0 m","gridUnits":"degrees","resolution":48,"winds":"true","scanMode":64,"nx":41,"ny":15,"basicAngle":0,"lo1":47.0,"la1":41.0,"lo2":87.0,"la2":55.0,"dx":1.0,"dy":1.0}, "data":
[rows 0 to 14 of 15, columns 0 to 40 of 41]
-0.07994385,-2.4699438,-3.839944,-13.299944,-11.869944,-4.1199436,-1.3699439,-1.1499438,-4.689944,-2.279944,-5.439944,-4.719944,-5.1199436,-4.899944,-4.5199437,-4.3099437,-4.469944,-2.6999438,-2.9299438,-2.4399438,-1.9999439,-0.85994387,-0.49994385,-0.20994385,-0.91994387,-1.3299439,-1.3099438,1.3100562,1.6000562,0.88005614,-1.7399439,-2.9399438,0.81005615,-1.0899439,-1.3199439,-1.7099439,-2.059944,-1.2799438,-0.61994386,-3.069944,1.6900562
-2.559944,-0.5899438,-8.129944,-8.969944,-9.599944,-3.9399438,-4.459944,-2.7399437,-3.3999438,-3.3799438,-3.7399437,-5.889944,-5.5399437,-4.2499437,-5.4999437,-5.8099437,-5.359944,-3.8999438,-6.239944,-5.199944,-3.1499438,-1.8199439,1.3500562,1.4500562,0.61005616,0.79005617,-2.029944,1.9200561,0.37005615,2.3900561,4.0200562,4.2300563,0.81005615,-1.0799439,-3.1699438,-1.4699439,-1.2899438,-3.4899437,-2.589944,-1.7399439,0.83005613
0.67005616,-2.9899437,-6.0199437,-8.329944,-5.799944,-5.649944,-4.089944,-3.069944,-3.1199439,-3.8699439,-5.0599437,-3.799944,-4.509944,-4.199944,-3.4599438,-4.639944,-5.8099437,-8.049944,-3.9999437,-4.089944,-4.3499436,-3.4999437,-0.87994385,0.33005616,0.25005615,-0.5299438,0.87005615,0.75005615,-0.29994383,2.3600562,3.460056,1.6400561,1.8100562,-1.0099438,-0.46994385,2.6000562,3.7600563,0.89005613,0.13005616,-1.3599439,-0.42994386
0.18005615,-2.8799438,-4.029944,-4.939944,-4.9999437,-3.759944,-3.7299438,0.23005615,1.3800561,-0.5399439,-2.059944,-2.8999438,-5.279944,-8.409944,-5.819944,-3.9199438,-3.329944,-4.359944,-5.819944,-3.789944,-3.6499438,-1.0499438,0.41005614,0.44005615,0.8500562,0.050056152,-0.9799439,-1.6199439,2.6500561,0.32005614,-1.1399438,-0.36994386,-1.0199438,0.060056154,-0.81994385,-2.3899438,-0.5299438,2.220056,1.9700562,2.910056,4.2500563
-0.49994385,-1.6399438,-3.569944,-5.339944,-2.6199439,-2.029944,-2.569944,-1.2599438,-2.6699438,-2.9399438,-2.509944,-2.569944,-5.0999436,-5.2499437,-6.409944,-8.139944,-7.549944,-5.989944,-4.8099437,-6.3099437,-1.5099438,0.75005615,1.0100561,2.1000562,1.5100561,0.32005614,1.2500561,1.6400561,1.3600562,-0.059943847,-0.66994387,0.25005615,2.940056,3.3700562,-0.30994385,-1.7099439,-1.2299439,-1.1599438,-1.9399438,1.4900562,2.5600562
-1.2299439,-1.8099438,-3.539944,-4.2699437,-4.9799438,-4.9799438,-3.4399438,-2.8999438,-3.019944,-2.4499438,-2.779944,-2.9499438,-3.1099439,-3.6599438,-4.219944,-2.4899437,-4.159944,-5.509944,-6.489944,-4.9799438,-0.33994386,1.9100561,3.9000561,2.680056,2.460056,2.210056,1.7200562,3.0900562,1.2600561,0.19005615,-1.1899438,-0.5899438,-0.7299439,2.5300562,2.6400561,-2.009944,2.0700562,-0.07994385,-1.9199438,-1.0099438,1.6700561
-2.8999438,-2.6799438,-1.3699439,-1.2199439,-2.1599438,-2.6399438,-3.4699438,-3.4199438,-3.1499438,-3.6199439,-3.8699439,-2.7299438,-2.809944,-0.23994385,-1.6899438,-1.9899439,-2.8999438,-4.2499437,-4.339944,-4.709944,-0.50994384,1.7700561,4.060056,5.0000563,4.260056,2.0400562,1.5100561,0.27005616,-1.0099438,-1.1899438,-0.61994386,-1.3399439,-2.769944,-2.9799438,0.98005617,0.31005615,-1.6999439,0.99005616,0.43005615,0.69005615,1.0800562
-2.9399438,-2.8899438,-2.3499439,-1.9699439,-2.259944,-2.7099438,-3.579944,-2.9799438,-2.6199439,-3.1399438,-3.279944,-3.059944,-3.269944,-3.2399437,-3.7499437,-4.169944,-3.3899438,-2.529944,-2.5999439,-5.319944,-4.839944,-4.889944,2.1500561,3.5600562,4.4000564,3.460056,3.7700562,1.3300562,1.1500561,1.8400562,1.5300561,1.1800561,-1.7199439,-2.3799438,-0.8999438,-0.5999439,-0.43994385,0.22005615,0.15005615,-0.34994385,-1.4799439
-1.4299438,-1.8199439,-1.3199439,-1.4999439,-1.1699438,-1.3299439,-1.8799438,-2.329944,-2.8799438,-3.089944,-3.6199439,-3.4999437,-2.6999438,-3.259944,-2.6499438,-3.1899438,-3.6599438,-2.579944,-2.4299438,-2.8599439,-2.269944,-3.549944,-4.5199437,-3.2099438,1.1100562,3.2600563,3.480056,2.7900562,2.8100562,1.8100562,3.0400562,3.240056,2.0900562,1.2800561,1.0600562,-0.33994386,-1.8099438,0.30005616,1.0300561,0.81005615,-0.18994385
-1.1799438,-1.2299439,-1.0699439,-2.1399438,-1.1599438,-1.6299438,-1.8599439,-2.3799438,-1.8999438,-2.059944,-3.1699438,-3.079944,-3.9399438,-3.4199438,-3.299944,-3.4999437,-3.6899438,-3.1199439,-1.9199438,-2.7099438,-2.4299438,-3.2199438,-3.1599438,-3.1099439,-3.3599439,-1.9899439,-1.7599438,1.7600561,1.9500562,2.470056,2.6000562,3.6300561,3.7700562,2.700056,1.9600562,0.87005615,0.31005615,-1.9999439,0.38005614,2.6400561,2.230056
0.15005615,-0.43994385,-0.9799439,-0.79994386,-0.92994386,-0.9699438,-1.7899438,-1.7299439,-1.0799439,-1.8599439,-2.069944,-1.2499439,-2.9399438,-3.1899438,-3.339944,-2.8699439,-2.9099438,-2.4899437,-2.049944,-2.3599439,-2.529944,-2.009944,-2.7499437,-2.6499438,-1.7299439,-1.1899438,1.1500561,-1.1499438,0.76005614,0.020056153,-0.19994384,3.1400561,3.6200562,2.3700562,2.5300562,1.2000562,0.6500561,1.9300561,1.4700562,1.5300561,0.32005614
-0.5999439,-0.08994385,0.82005614,1.4200561,0.76005614,0.18005615,-0.7799438,-1.4599439,-1.1299438,-0.91994387,-0.92994386,-1.6299438,-2.4599438,-2.579944,-3.1599438,-2.5999439,-2.4499438,-2.6299438,-2.299944,-1.9999439,-1.6399438,-2.3899438,-2.039944,-1.9399438,-1.9699439,-1.5599438,-1.8099438,-1.5199438,-1.3499439,-2.7199438,-3.1899438,3.5400562,3.180056,3.2500563,2.5400562,1.7500561,1.5100561,2.3600562,2.0300562,1.6400561,0.7700561
-0.009943848,-0.09994385,-0.60994387,0.8500562,1.0700562,-0.24994385,-0.21994385,-0.029943848,-0.9799439,0.040056154,-0.14994384,-0.23994385,-1.0099438,-1.3799438,-1.0199438,-1.0099438,-1.2699438,-1.3599439,-1.2399439,-0.9799439,-0.7299439,0.33005616,0.36005616,-1.0799439,-2.1299438,-1.0199438,-1.2899438,-0.45994386,-1.2099439,-1.3699439,-1.7099439,-0.88994384,2.730056,3.0700562,3.1000562,3.2500563,2.700056,1.4000561,1.7900561,0.57005614,0.43005615
-0.7199438,-1.1099439,-1.0099438,5.6152345E-5,0.7800562,-0.6499438,-0.039943848,-0.22994384,5.6152345E-5,-0.86994386,0.9100562,-0.22994384,-0.17994384,-0.87994385,-1.2599438,-0.8999438,0.15005615,0.20005615,0.67005616,0.45005617,0.37005615,0.98005617,1.4000561,0.7100561,-0.34994385,-2.1399438,-1.0199438,-0.69994384,-0.059943847,-0.7299439,-1.2299439,-0.92994386,1.1400561,2.720056,2.3300562,2.940056,2.0100563,0.89005613,0.9100562,1.3900561,1.1600561
-1.2099439,-2.259944,-2.289944,0.8500562,0.6000562,-0.12994385,-0.98994386,-1.0099438,-1.4199438,-0.49994385,1.2100562,0.6500561,0.7100561,-3.339944,-2.3799438,-2.1199439,-1.3399439,-0.79994386,-0.039943848,-0.009943848,-0.27994385,0.45005617,0.42005616,0.74005616,0.41005614,0.48005617,-0.36994386,-0.9099438,-1.0399438,-1.2799438,-0.5999439,0.62005615,-0.44994384,1.2500561,2.240056,4.1900563,4.100056,3.9000561,1.3200562,2.700056,0.56005615
