wind_kz.json
{"header": {"discipline":0,"disciplineName":"Meteorological products","gribEdition":2,"gribLength":1025,"center":7,"centerName":"US National Weather Service - NCEP(WMC)","subcenter":0,"refTime":"2023-09-06T18:00:00.000Z","significanceOfRT":1,"significanceOfRTName":"Start of forecast","productStatus":0,"productStatusName":"Operational products","productType":1,"productTypeName":"Forecast products","productDefinitionTemplate":0,"productDefinitionTemplateName":"Analysis/forecast at horizontal level/layer at a point in time","parameterCategory":2,"parameterCategoryName":"UnknownDiscipline_0_Category_2","parameterNumber":3,"parameterNumberName":"UnknownParameter_D0_C2_3","parameterUnit":"Unknown","genProcessType":2,"genProcessTypeName":"Forecast","forecastTime":240,"surface1Type":103,"surface1TypeName":"Specified height level above ground","surface1Value":10.0,"surface2Type":255,"surface2TypeName":"Missing","surface2Value":0.0,"gridDefinitionTemplate":0,"gridDefinitionTemplateName":"Latitude_Longitude","numberPoints":615,"shape":6,"shapeName":"Earth spherical with radius of 6,371,229.0 m","gridUnits":"degrees","resolution":48,"winds":"true","scanMode":64,"nx":41,"ny":15,"basicAngle":0,"lo1":47.0,"la1":41.0,"lo2":87.0,"la2":55.0,"dx":1.0,"dy":1.0}, "data":
[rows 0 to 14 of 15, columns 0 to 40 of 41]
-0.33860838,-0.0486084,-1.2886084,-8.988608,-9.248609,-7.878608,-2.9386084,-3.7486084,-3.9886084,-2.9986084,-5.3186083,-3.1786084,-4.5386086,-5.3486085,-5.1786084,-4.6186085,-4.3186083,-5.5686083,-4.8686085,-2.5686083,-4.5486083,-4.5386086,-1.8186084,-0.0986084,-1.5386084,0.2613916,-0.6486084,1.8213916,0.1813916,-0.8386084,-1.3886085,-1.0086083,-0.4486084,-1.7686085,-0.8686084,0.0913916,-0.2686084,-1.8686084,-2.2686083,1.3313916,4.0913916
0.4313916,-0.7886084,-3.7786083,-5.6386085,-6.5886083,-5.5986085,-7.5486083,-5.938608,-4.648608,-6.0586085,-5.7186084,-4.0186086,-5.0986085,-5.0686083,-4.9886084,-4.378608,-5.188608,-6.4786086,-7.9586086,-4.938608,-3.4786084,-5.628608,-1.8686084,1.2713916,0.6313916,0.6413916,-2.2986083,0.0513916,-0.6386084,0.6813916,0.9513916,0.3013916,-1.2286084,-2.7386084,-2.9086084,-1.9486084,-1.4886084,-4.3586082,-3.3886085,-2.2386084,2.3113916
0.4213916,-0.5286084,-3.1986084,-6.2586083,-0.7686084,-3.9586084,2.1913917,3.8513916,-3.1186085,-4.9086084,-4.648608,-4.4586086,-4.898608,-4.4586086,-4.0486083,-4.398608,-3.4286084,-4.0986085,-4.3186083,-5.7386084,-1.0486084,-4.2486086,-6.0986085,-1.6786084,-0.8786084,-0.1986084,-1.1886084,-0.3986084,-0.4086084,0.9713916,0.6913916,0.4513916,0.77139163,-1.5786084,-1.2486084,1.4413916,0.0013916015,-1.8886085,-0.3286084,0.3113916,0.5113916
-1.2886084,-2.4386084,-1.7486084,-2.2986083,-8.118608,-3.6086085,-1.8586084,0.2213916,0.6613916,0.7813916,-2.1686084,-3.4886084,-7.1986084,-7.1986084,-3.8286085,-3.9986084,-4.3486085,-4.6086082,-4.7986083,-5.1386085,-5.0986085,-3.3786085,-1.6386085,-2.5686083,-3.9586084,-4.2286086,-3.5586083,-3.8486085,-1.7386084,-2.4886084,-3.1286085,-2.8586085,-1.7786084,2.1313915,0.2713916,-2.0786085,-0.1186084,2.7613916,0.3213916,0.9313916,2.3713915
-2.5786085,-2.3486085,-1.7886084,-3.5586083,-2.3786085,-1.8386084,-3.0986085,-1.8586084,0.7613916,0.061391603,-0.8486084,-2.0586083,-4.668608,-6.128608,-6.1986084,-4.2286086,-4.4886084,-4.0786085,-4.0886083,-5.2486086,-4.9986086,-3.6586084,-0.8686084,-0.8786084,-2.6786084,-3.0886085,-3.4986084,-3.2786083,-2.6086085,-3.4786084,-4.4786086,-3.3786085,0.9413916,3.6013916,-0.9586084,-0.3186084,-3.3086083,2.0813916,-4.0086083,0.1313916,1.6413916
-1.6486084,-2.7486084,-3.1686084,-2.3086083,-3.0986085,-3.4286084,-4.7586083,-4.0886083,-0.7686084,0.5313916,1.4513916,0.2213916,-1.8086084,-4.1386085,-4.5686083,-3.8486085,-5.0886083,-4.3886085,-5.0786085,-5.2786083,-5.0786085,-5.4086084,-1.1886084,2.1513915,0.3113916,-0.8286084,-1.9686084,-2.4286084,-3.2986083,-3.9586084,-2.8286085,-4.878608,-2.9386084,-3.5386083,1.6613916,-2.4086084,1.0213916,0.111391604,-2.3486085,-1.0086083,0.9513916
-0.6286084,-1.2886084,-1.1586084,-3.7186084,-1.0686084,-0.1286084,-1.3786083,-0.058608398,2.5413916,-1.4186084,-2.0086083,-0.7686084,-0.9586084,-1.1586084,-1.6086084,-3.3786085,-4.1586084,-4.6086082,-2.9586084,-3.5386083,-4.7586083,-6.4086084,-6.6086082,-2.7686083,0.9413916,-1.0086083,-2.4486084,-4.2986083,-0.7086084,-2.7086084,-3.8186083,-5.0486083,-4.5386086,-5.9586086,-2.1486084,-2.4286084,-3.7186084,-2.6586084,-2.2786083,-0.5886084,0.1313916
1.4813915,0.23139161,-2.2986083,-3.5686083,-3.3586085,0.52139163,0.7413916,-0.2086084,0.2513916,1.0713916,0.061391603,1.4813915,0.7313916,-0.3886084,-0.6686084,-0.8786084,-2.3186083,-3.5786085,-3.2486084,-1.8086084,-3.3086083,-4.378608,-4.9886084,-4.5486083,-2.7086084,-1.2186084,0.1313916,-1.6086084,-0.5686084,-1.9386084,-3.7486084,-3.4286084,-5.2486086,-4.5686083,-2.0886085,-0.9086084,-0.5586084,-1.6186084,1.3913916,1.3513916,-1.1986084
-0.4686084,-1.3486084,0.5913916,-0.8386084,3.6913917,2.9613917,2.4013915,0.3213916,-0.2286084,-0.6186084,-0.7386084,1.5013916,1.9313916,0.77139163,-1.6086084,-0.4086084,-0.6286084,-0.9186084,-2.1986084,-2.3986084,-1.2486084,-1.8686084,-2.8586085,-3.9586084,-2.8186083,-1.5486084,-1.5386084,0.3813916,-0.7886084,-1.0786084,-2.0586083,-2.5486083,-3.0086083,-5.0886083,-1.2686085,-1.8586084,-3.1586084,-1.8186084,-4.0386086,-2.9386084,-3.2886083
-1.5486084,-3.4386084,-4.918608,-4.8886085,-3.2886083,-0.72860837,0.77139163,-1.2886084,-1.9186084,-1.3886085,-1.8586084,-2.9586084,-2.8986084,0.6113916,-0.8586084,-1.5686084,-1.0586084,-2.4386084,-2.0586083,-2.1286085,-0.6486084,0.23139161,-0.9386084,-2.3086083,-2.9886084,-2.1486084,-2.2986083,-0.4286084,-0.2586084,-0.4986084,-1.3386084,-1.6786084,-3.1886084,-4.3386083,-1.9586084,-1.1686084,-0.5586084,-3.0786085,-2.1586084,-2.1486084,-1.7386084
-0.1286084,-1.8886085,-2.5786085,-4.0386086,-4.8586082,-3.6386085,0.5713916,-0.0886084,-1.1586084,-1.8586084,-0.6386084,-1.8886085,-1.6986084,1.6313916,-0.9686084,-1.9686084,-2.7386084,-2.6986084,-2.4086084,-2.6186085,-2.7886083,1.3313916,1.5913916,1.1613916,-0.4886084,-0.7686084,-1.4186084,-1.8486084,0.7413916,-1.0386084,-2.2386084,-1.9486084,-3.0186083,-2.9686084,-2.7586083,-1.2986084,-1.6086084,0.4913916,0.031391602,0.0413916,-0.8786084
-2.8186083,-4.1986084,-3.3886085,-3.5186083,-3.5186083,-4.3886085,-3.6286085,-3.4086084,-4.4486084,-2.7286084,-0.7086084,-1.1986084,-1.8586084,-0.6886084,-0.8986084,-2.2986083,-2.2686083,-2.8786085,-2.4986084,-2.2886083,-2.2186084,-2.7686083,-1.7386084,-1.9286084,-0.9086084,0.3113916,1.6913916,0.77139163,-1.0586084,-2.3386085,-1.6386085,-1.8286084,-2.2386084,-2.5986085,-1.9886084,-2.5586083,-0.1986084,1.6313916,2.1313915,2.2513916,0.9113916
-2.1686084,-3.6786084,-4.2386084,-2.9186084,-2.3386085,-1.9986084,-3.1486084,-4.2086086,-5.2686086,-3.1586084,-1.5386084,-1.2086084,-3.8186083,-3.1886084,-4.0286083,-4.2586083,-4.4886084,-4.6586084,-5.1186085,-4.878608,-4.1086082,-1.6086084,-0.7986084,-1.3586084,-1.8986084,-2.6186085,0.0013916015,1.7913916,1.0013916,-0.0986084,-0.9186084,-0.2486084,-0.4486084,-1.2786084,-1.6986084,-2.1586084,-2.5986085,-1.4986084,0.6213916,1.9713916,1.4213916
-1.1586084,-2.2086084,-3.4086084,-3.2986083,-3.1486084,-2.7386084,-4.0486083,-3.9586084,-3.0986085,-3.7786083,-0.7586084,0.3113916,-3.3086083,-3.7786083,-5.3486085,-3.9786084,-3.6986084,-4.5186086,-4.688608,-4.6986084,-5.1986084,-5.3286085,-6.0886083,-4.7486086,-2.3086083,-0.9686084,-0.7586084,-1.6486084,0.2513916,0.2913916,0.3213916,0.4413916,0.2913916,1.1013916,-1.3586084,-2.2586083,-2.3186083,-1.9086084,-1.1986084,-0.8886084,0.2913916
-1.0086083,-1.6686084,-1.5986084,-1.9686084,-2.5286083,-2.4386084,-2.5486083,-2.8686085,-3.6286085,-3.3886085,-1.7986084,-2.0486083,-0.5286084,-1.2686085,-2.8286085,-3.9986084,-3.7686083,-3.9486084,-4.2286086,-4.9786086,-4.4986086,-5.168608,-5.0586085,-6.0586085,-6.0086083,-6.2186084,-3.7386084,-1.3786083,-0.4886084,-1.2486084,1.3613915,-0.1886084,1.3413916,0.7013916,0.0113916015,-0.6586084,-0.5386084,-1.3986084,-0.2786084,-1.6886084,0.021391602
