wind_kz.json
{"header": {"discipline":0,"disciplineName":"Meteorological products","gribEdition":2,"gribLength":1025,"center":7,"centerName":"US National Weather Service - NCEP(WMC)","subcenter":0,"refTime":"2023-09-29T00:00:00.000Z","significanceOfRT":1,"significanceOfRTName":"Start of forecast","productStatus":0,"productStatusName":"Operational products","productType":1,"productTypeName":"Forecast products","productDefinitionTemplate":0,"productDefinitionTemplateName":"Analysis/forecast at horizontal level/layer at a point in time","parameterCategory":2,"parameterCategoryName":"UnknownDiscipline_0_Category_2","parameterNumber":2,"parameterNumberName":"UnknownParameter_D0_C2_2","parameterUnit":"Unknown","genProcessType":2,"genProcessTypeName":"Forecast","forecastTime":60,"surface1Type":103,"surface1TypeName":"Specified height level above ground","surface1Value":10.0,"surface2Type":255,"surface2TypeName":"Missing","surface2Value":0.0,"gridDefinitionTemplate":0,"gridDefinitionTemplateName":"Latitude_Longitude","numberPoints":615,"shape":6,"shapeName":"Earth spherical with radius of 6,371,229.0 m","gridUnits":"degrees","resolution":48,"winds":"true","scanMode":64,"nx":41,"ny":15,"basicAngle":0,"lo1":47.0,"la1":41.0,"lo2":87.0,"la2":55.0,"dx":1.0,"dy":1.0}, "data":
[rows 0 to 14 of 15, columns 0 to 40 of 41]
0.35578918,1.1157892,-2.784211,-4.294211,-3.4242108,-0.3742108,1.6957892,0.35578918,-1.0042108,-0.25421083,-1.1342108,-0.56421083,-0.3642108,0.5357892,0.8557892,1.6057892,2.7657893,3.975789,2.5257893,5.585789,3.9157891,1.8357892,3.215789,3.3957891,0.7357892,0.9957892,1.7057892,1.9657892,-0.4042108,0.27578917,-0.56421083,1.3657892,-2.6142108,-1.9242108,-2.554211,-0.7642108,1.1957892,1.7557892,-1.0842109,-2.4842107,-2.7342107
-0.14421082,-3.4942107,-4.654211,-5.104211,-4.144211,-1.5742108,-0.80421084,-1.3342109,-1.7742108,-1.3442109,0.8957892,-0.7142108,0.6057892,-0.3642108,0.3757892,2.0557892,3.205789,4.165789,3.435789,3.2357893,3.3157892,1.3257892,3.925789,3.2357893,1.5557892,0.30578917,0.18578918,0.36578918,0.75578916,0.81578916,0.23578918,1.2157892,-1.8442109,-1.6442108,0.3757892,1.2157892,-1.0042108,2.1057892,-0.8842108,0.8457892,-1.4342108
-6.084211,-6.004211,-5.934211,-4.714211,-1.2842108,-0.86421084,-1.2742108,-1.8542109,-0.81421083,-1.3142108,-1.0942109,0.29578918,-0.22421081,-0.4642108,0.8357892,0.81578916,1.4457892,2.955789,3.8757892,4.205789,3.8257892,3.5457892,5.745789,5.4057894,5.705789,0.14578919,-2.2642107,-1.1542108,1.2657892,-1.6742108,-0.8342108,-0.25421083,1.1157892,-1.0942109,-2.074211,-0.6942108,-0.56421083,-0.47421083,1.4257892,1.2057892,-1.0642108
-7.354211,-6.7242107,-5.064211,-1.2242109,1.7457892,-1.2642108,0.045789186,0.7257892,1.7757891,1.3257892,0.13578919,-4.144211,-2.9542108,-0.9242108,2.0657892,0.49578917,-0.24421081,1.3557892,2.8357892,3.685789,4.7357893,5.6757894,4.595789,5.1557894,6.5257893,4.9457893,2.7457893,2.2457893,-3.5842109,-3.1842108,-1.5842109,-2.3742108,-2.3942108,-1.6342108,-0.25421083,0.8257892,0.7357892,1.7557892,-2.044211,-2.5142107,-0.8342108
-6.3442106,-5.7842107,-5.434211,-5.624211,-4.234211,-1.5242108,0.8957892,1.3057892,1.4557892,1.8857892,-0.41421083,-5.9942107,-2.314211,-0.86421084,3.2557893,0.015789185,-2.0842109,0.065789185,0.5157892,2.185789,4.805789,5.4257894,4.875789,4.185789,4.105789,6.355789,-0.7342108,-2.5942109,-1.1742108,-4.8042107,-3.2242107,-1.2142109,-0.26421082,0.3457892,-2.034211,-2.9342108,-1.0942109,-3.274211,-2.9242108,-2.4542108,-1.6542108
-3.7442107,-5.584211,-5.144211,-4.984211,-2.7242107,-0.12421081,1.4457892,0.23578918,1.8757892,1.8157892,-0.7142108,-3.304211,-0.3742108,1.6657891,0.33578917,0.5157892,1.0957892,-1.6042109,0.09578919,-1.5342108,-0.21421081,1.8357892,3.3657892,4.435789,3.955789,-5.0542107,-7.524211,-7.714211,-5.174211,-3.0942109,-2.7142107,-2.8342109,0.7757892,0.14578919,-2.6742108,1.7457892,-1.4342108,-0.32421082,-3.1842108,-3.7142107,-2.6842108
-4.314211,-4.2042108,-2.804211,-2.6542108,-1.4042108,-1.9942108,-0.7042108,-0.5442108,-2.1142108,-0.6042108,-2.4042108,-3.3942108,-0.7142108,-1.0442108,-1.7542108,-1.7042108,-1.1342108,-0.20421082,1.0557892,-0.7942108,-4.8442106,-4.0942106,-6.444211,-7.664211,-8.274211,-7.334211,-6.044211,-3.7242107,-3.3342109,-0.7742108,0.5257892,-0.35421082,-1.5242108,-1.7942108,0.7357892,-0.26421082,1.7457892,-0.3442108,1.6057892,-0.16421081,1.7157892
-3.804211,-2.9942107,-3.1742108,-2.9342108,-2.294211,-2.2342107,-1.6042109,-3.8742108,-5.524211,-5.414211,-4.8042107,-1.9042108,-4.184211,-4.044211,-2.5042107,-0.8342108,-1.5442108,-1.5442108,-2.574211,-2.7042108,-5.154211,-5.184211,-4.354211,-4.984211,-4.8242106,-4.0542107,-3.524211,-2.4642107,-2.024211,-1.5042108,-2.024211,-3.4142108,-1.7942108,-2.1442108,-2.4442108,-3.034211,-0.8442108,1.8857892,3.215789,2.8357892,2.435789
-3.314211,-3.0842109,-2.2242107,-2.6642108,-2.314211,-2.314211,-2.9242108,-4.5742106,-4.354211,-3.6942108,-4.4742107,-2.8542109,-2.6142108,-3.2442107,-3.054211,-1.7442108,-4.294211,-3.3942108,-3.4542108,-3.054211,-3.4542108,-5.624211,-2.8942108,1.1257892,-2.2142107,-3.024211,-3.3742108,-3.4242108,-4.2442107,-4.5942106,-5.694211,-5.544211,-4.464211,-3.574211,-2.1042109,0.7457892,-1.3242108,-1.6242108,0.27578917,0.29578918,0.17578918
-2.6842108,-2.2542107,-1.8542109,-1.7542108,-1.8742108,-2.2442107,-2.4842107,-3.074211,-3.9842107,-3.9342108,-2.1042109,-2.4742107,-4.8442106,-3.0142107,-2.0842109,-3.6042109,-4.504211,-3.564211,-4.184211,-6.1342106,-6.734211,-4.194211,-1.6442108,-2.6742108,-4.544211,-3.8842108,-4.924211,-5.3442106,-3.774211,-5.104211,-3.4442108,-2.824211,-2.2542107,-0.61421084,-1.7142109,0.24578919,0.6657892,0.07578918,0.42578918,0.75578916,0.75578916
-0.35421082,-0.6342108,-0.68421084,-1.0142108,-1.5942109,-2.034211,-2.1942108,-2.2242107,-3.054211,-3.1942108,-3.1242108,-3.074211,-2.2242107,-4.0942106,-2.6742108,-3.6842108,-4.544211,-2.6842108,-3.794211,-4.3642106,-4.374211,-4.564211,-3.6542108,-4.794211,-3.9242108,-3.794211,-4.2842107,-4.604211,-4.024211,-1.5742108,-1.8942108,-0.9742108,-1.1942108,0.30578917,0.13578919,-1.4542108,-0.7742108,-0.6042108,0.09578919,-0.35421082,-0.16421081
2.0657892,1.5757892,0.8457892,0.6757892,-0.21421081,0.0057891845,-0.48421082,-0.7242108,-1.2142109,-1.4942108,-2.7042108,-2.5842109,-2.2242107,-2.5942109,-2.524211,-3.794211,-2.4542108,-2.8742108,-3.6042109,-3.294211,-3.9442108,-4.374211,-3.054211,-4.0342107,-3.4842107,-4.394211,-3.2542107,-3.5842109,-3.274211,-2.2342107,-2.6242108,-2.1642108,-1.7942108,-0.93421084,-2.6742108,-2.6342108,-3.0142107,-2.1542108,-1.1442108,-0.3742108,0.4457892
3.215789,3.3257892,3.3457892,2.1057892,1.3657892,0.4757892,0.6057892,0.62578917,-0.32421082,-0.6642108,-0.7642108,-0.81421083,-0.4942108,-1.1342108,-1.3542109,-1.8042108,-1.9042108,-2.4542108,-3.4942107,-3.2342107,-3.4342108,-2.4342108,-2.8742108,-3.7242107,-3.3342109,-3.2042108,-2.5942109,-4.144211,-2.3542109,-2.5842109,-2.0042107,-1.1742108,-1.8642108,-2.6742108,-1.9342108,-2.3342109,-2.4542108,0.16578919,-1.5042108,-0.3742108,-0.5342108
4.7957892,4.625789,1.3957891,3.475789,2.5557892,2.0957892,1.9457892,1.9457892,1.6257892,0.56578916,0.49578917,0.5557892,1.2357892,0.5157892,0.45578918,-0.034210816,-1.1942108,-1.0442108,-2.1642108,-1.5742108,-3.2342107,-3.1442108,-2.1342108,-1.7342108,-1.2142109,-0.19421081,-0.7342108,-0.48421082,-1.7142109,-0.61421084,-1.2542108,-1.4242108,-1.4242108,-1.5642108,-1.3342109,-2.1042109,-1.1242108,-0.9742108,-1.8442109,-0.8442108,1.1257892
4.265789,5.745789,2.1257892,2.0457892,3.0957892,2.8857892,2.7657893,2.2457893,2.0357893,1.2457892,1.4057891,2.4857893,1.2557892,0.18578918,1.6057892,1.4057891,0.7157892,0.08578918,-0.074210815,-0.7242108,0.11578918,0.33578917,-0.7042108,-1.0942109,-0.68421084,0.09578919,0.35578918,-0.93421084,-0.87421083,-1.2742108,-1.2642108,-1.6442108,-1.3842108,-1.4642109,-1.6942108,-1.0642108,-1.0842109,-1.2142109,-0.5242108,0.30578917,0.3157892
