wind_kz.json
{"header": {"discipline":0,"disciplineName":"Meteorological products","gribEdition":2,"gribLength":1025,"center":7,"centerName":"US National Weather Service - NCEP(WMC)","subcenter":0,"refTime":"2023-09-27T00:00:00.000Z","significanceOfRT":1,"significanceOfRTName":"Start of forecast","productStatus":0,"productStatusName":"Operational products","productType":1,"productTypeName":"Forecast products","productDefinitionTemplate":0,"productDefinitionTemplateName":"Analysis/forecast at horizontal level/layer at a point in time","parameterCategory":2,"parameterCategoryName":"UnknownDiscipline_0_Category_2","parameterNumber":2,"parameterNumberName":"UnknownParameter_D0_C2_2","parameterUnit":"Unknown","genProcessType":2,"genProcessTypeName":"Forecast","forecastTime":180,"surface1Type":103,"surface1TypeName":"Specified height level above ground","surface1Value":10.0,"surface2Type":255,"surface2TypeName":"Missing","surface2Value":0.0,"gridDefinitionTemplate":0,"gridDefinitionTemplateName":"Latitude_Longitude","numberPoints":615,"shape":6,"shapeName":"Earth spherical with radius of 6,371,229.0 m","gridUnits":"degrees","resolution":48,"winds":"true","scanMode":64,"nx":41,"ny":15,"basicAngle":0,"lo1":47.0,"la1":41.0,"lo2":87.0,"la2":55.0,"dx":1.0,"dy":1.0}, "data":
[rows 0 to 14 of 15, columns 0 to 40 of 41]
-2.2612207,1.3087792,1.4487793,4.908779,2.8187792,3.4887793,6.1687794,6.9787793,7.5187793,6.6887794,6.0487795,5.2587795,4.8987794,2.9187794,0.23877929,-1.1612207,-0.7712207,-1.1612207,-1.7412207,-1.7012208,-0.8312207,-2.5012207,1.3387793,1.9087793,-0.3112207,1.6187793,1.4587793,2.4487793,0.9187793,-1.9312207,-0.15122071,2.1687794,-1.9612207,-0.7712207,0.018779296,0.078779295,1.3187793,0.6387793,1.1187793,0.9887793,-0.8412207
1.2687793,-0.6712207,2.4487793,4.8987794,4.5487795,5.3587794,7.4987793,2.7087793,1.8087792,0.6787793,1.6087793,0.4687793,-1.1612207,-1.8712207,-2.2312207,-0.3512207,0.1787793,1.2287793,0.8987793,0.7087793,-0.3912207,1.3287793,-2.1112206,1.5087793,1.5087793,0.058779296,-0.1712207,1.9287792,2.0787792,3.0287793,0.4687793,0.078779295,0.9987793,-1.3312207,0.41877928,0.3387793,1.4487793,2.4887793,1.3787793,1.4687793,-1.1512207
3.3787794,-2.4312208,2.9687793,5.738779,5.488779,7.178779,4.868779,3.8587792,0.3187793,-3.0912206,-3.4712207,-2.6112206,-2.4512208,-2.6012206,-1.8612207,-1.3412207,-0.0712207,1.0687793,1.2887793,1.9387794,1.9387794,2.3787794,2.6587794,1.8387793,-1.2612207,1.2987792,-1.7112207,-0.9812207,1.9287792,-1.1712207,-0.9212207,-1.6712207,0.4587793,0.8287793,-0.6112207,-0.4712207,0.028779296,-0.9012207,3.0387793,2.6387794,0.6287793
4.6687794,5.5387793,6.348779,7.1087794,8.148779,3.2787793,5.1487794,3.5987792,1.4787793,-1.3312207,-1.8012207,-4.671221,-4.761221,-3.3912208,0.8987793,0.008779297,0.7387793,1.7687793,1.2487793,2.8087792,2.1887794,3.2987792,0.4387793,2.0487792,0.6687793,-0.5012207,-1.3912207,1.5187793,-2.4412208,-1.3912207,0.23877929,2.5287793,1.3187793,1.9287792,2.0487792,2.1787794,1.3187793,2.8987794,-0.8012207,-0.1412207,1.8787793
4.2987795,3.7787793,7.238779,5.5287795,5.2987795,5.9587793,5.908779,6.0187793,4.6887794,0.9187793,-0.0812207,-5.3512206,-2.8512206,-1.2912207,1.3687793,1.2887793,-1.0912207,-0.6012207,-3.1012206,-2.3812208,-2.3312206,-2.4812207,-2.8412206,-3.5312207,-3.2012208,-4.1412206,-5.571221,0.41877928,-3.1612208,-2.5112207,-1.0112207,1.0087793,0.5687793,1.1887794,-1.8812207,-2.4012208,0.9587793,-1.4212207,0.5487793,0.3087793,2.1187792
4.118779,3.1587794,5.3187795,6.3187795,7.2687793,6.2887793,7.2687793,6.8187795,-0.97122073,-0.9212207,-0.9812207,-3.3812208,0.118779294,0.7687793,0.2587793,-2.8512206,-2.7812207,-4.0612206,-3.9212208,-3.3812208,-4.3112206,-3.4512208,-2.9012208,-2.7612207,-2.8612206,-4.881221,-4.631221,-4.401221,-2.8312206,-2.8412206,-2.5012207,-3.3712206,-1.6512207,-1.9812207,-2.0412207,1.8187793,-0.6612207,0.5487793,-1.9912207,0.2687793,0.6487793
4.078779,2.9587793,4.428779,4.348779,2.0687792,2.9587793,4.4387794,-2.1812208,-4.3112206,-3.0312207,-1.5612206,-1.2912207,-1.6212207,-2.2212207,-1.9212207,-1.9512208,-2.3212206,-1.3812207,-1.8212208,-2.8812208,-3.1312208,-3.1712208,-2.7812207,-2.4312208,-3.0812206,-3.5212207,-3.6412208,-2.9712207,-0.8912207,-0.8412207,-2.7612207,-3.7212207,-3.3212206,-2.4912207,-1.1612207,-0.4012207,-0.6012207,-1.4012207,-2.0812206,1.0087793,2.3787794
2.7587793,1.1487793,1.6387793,1.0887793,0.8987793,-1.1912208,-1.5012207,-2.5812206,-2.6912208,-2.6912208,-1.1212207,-0.8812207,-0.9012207,-0.7712207,-0.6612207,-1.5112207,-2.8012207,-2.0012207,-1.0412207,-0.8412207,-1.0412207,-1.3112206,-1.6912208,-0.7312207,-1.0812207,-0.8912207,-1.4412208,-1.9412208,-2.2912207,-2.4312208,-2.8112206,-3.4212208,-3.8612206,-4.821221,-5.1012206,-5.2512207,-2.6912208,-2.1112206,-3.8412206,-3.3612206,-2.0812206
2.5587792,0.3687793,0.5787793,-1.0712208,-0.4312207,-1.6112207,-2.4412208,-2.8412206,-2.1512208,-2.0712206,-1.7612207,-0.3112207,-0.5212207,0.2487793,0.8987793,0.3587793,-0.8312207,-1.7412207,-1.3212208,-1.1912208,-0.36122072,-0.33122072,0.5487793,-0.5912207,0.2887793,-0.8212207,-0.6612207,0.5787793,-1.9212207,-2.3912208,-3.5212207,-3.9112208,-2.7112207,-2.2512207,-2.4312208,-1.9912207,0.3787793,0.8487793,-0.4812207,-0.8212207,-1.4512208
2.6387794,1.9187793,-0.8512207,-1.6312207,-1.6512207,-1.0512207,-1.7012208,-0.7012207,0.1787793,-2.0712206,1.2987792,0.2787793,-0.1112207,0.4587793,1.6787792,1.5087793,1.8087792,1.2787793,0.12877929,-0.1212207,-0.5112207,-0.2612207,-0.8512207,0.4787793,0.7987793,0.048779298,0.9987793,0.4087793,-1.0312207,-3.0612206,-2.7512207,-3.0112207,-0.9012207,-0.9912207,-0.0612207,0.6287793,0.3587793,-0.3412207,-0.5712207,-0.2312207,-0.9512207
2.7587793,1.1687793,0.44877928,-1.7012208,-2.3412206,-1.4612207,-1.2712207,1.1387793,1.0187793,0.1687793,0.8987793,1.9587793,2.0487792,2.4487793,2.4387794,2.7587793,3.0987792,3.1287794,1.4487793,1.2687793,0.5587793,0.008779297,0.3387793,0.6487793,0.3087793,0.2687793,-0.2212207,-0.7112207,-3.1612208,-2.9012208,-2.5712206,-1.4412208,-1.1712207,-1.3212208,-0.4212207,0.4887793,-0.5612207,0.9087793,-0.2112207,1.2187793,-0.8112207
3.0287793,3.0287793,2.1787794,0.6587793,0.1987793,-0.9612207,-0.2212207,0.038779296,0.058779296,0.7587793,1.7287793,3.5387793,2.8987794,2.6087792,2.8187792,2.5387793,3.0887792,3.4187794,2.7287793,0.6887793,1.2987792,0.5087793,-0.1312207,0.77877927,0.6987793,0.44877928,-1.1512207,-1.3312207,-2.5812206,-2.0912206,-1.8812207,-2.0612206,-1.8612207,-1.7412207,-2.1112206,-1.9912207,-2.4112208,-1.7912207,-1.0012207,-0.7712207,-0.4212207
2.8687792,3.3287792,3.1287794,2.8287792,1.8487793,1.5587792,1.5687793,2.0887792,2.0987792,1.8387793,0.9087793,2.5987792,3.5187793,3.3287792,3.4587793,2.7587793,2.7187793,2.9487793,1.1687793,2.0087793,1.2287793,1.0787793,1.5187793,0.8487793,1.1287793,0.4087793,-1.2512207,-1.4212207,-1.4812207,-1.3812207,-1.6512207,-1.8312207,-1.9112207,-2.1812208,-1.8412207,-2.3712206,-1.9012207,-1.8112206,-2.4012208,-1.5812207,-0.6412207
3.5887792,4.0087795,1.8087792,3.6987793,3.6587794,3.5687792,3.4487793,3.3787794,3.5187793,2.2687793,1.8387793,1.7787793,4.0287795,3.6687794,4.1087794,2.9887793,2.9287794,2.8487792,2.7487793,2.5887792,1.5087793,1.6087793,1.8687793,1.3887793,1.3287793,0.1787793,-0.5612207,-0.4712207,-0.09122071,-0.2612207,-0.5312207,-0.7412207,-0.8412207,-1.2312207,-0.5412207,-1.7012208,-1.2612207,-1.0612206,-0.8912207,-1.1512207,-0.3912207
2.9087794,4.2787795,3.0687792,3.3087792,3.3687792,3.6487794,3.8887794,3.7887793,4.5187793,3.1687794,2.1987793,4.8987794,2.9587793,2.6087792,3.2187793,4.0387793,2.6187792,3.0787792,3.1187792,4.158779,3.6187792,2.8387792,2.0287793,1.0887793,0.8787793,0.9587793,0.4887793,0.5687793,0.5087793,0.38877928,0.1787793,-0.18122071,0.12877929,0.048779298,0.1587793,-0.3512207,-0.1112207,-0.4912207,-1.5912207,-1.0612206,-0.36122072
