wind_kz.json
{"header": {"discipline":0,"disciplineName":"Meteorological products","gribEdition":2,"gribLength":948,"center":7,"centerName":"US National Weather Service - NCEP(WMC)","subcenter":0,"refTime":"2023-08-06T18:00:00.000Z","significanceOfRT":1,"significanceOfRTName":"Start of forecast","productStatus":0,"productStatusName":"Operational products","productType":1,"productTypeName":"Forecast products","productDefinitionTemplate":0,"productDefinitionTemplateName":"Analysis/forecast at horizontal level/layer at a point in time","parameterCategory":0,"parameterCategoryName":"UnknownDiscipline_0_Category_0","parameterNumber":0,"parameterNumberName":"UnknownParameter_D0_C0_0","parameterUnit":"Unknown","genProcessType":2,"genProcessTypeName":"Forecast","forecastTime":60,"surface1Type":1,"surface1TypeName":"Ground or water surface","surface1Value":0.0,"surface2Type":255,"surface2TypeName":"Missing","surface2Value":0.0,"gridDefinitionTemplate":0,"gridDefinitionTemplateName":"Latitude_Longitude","numberPoints":615,"shape":6,"shapeName":"Earth spherical with radius of 6,371,229.0 m","gridUnits":"degrees","resolution":48,"winds":"true","scanMode":64,"nx":41,"ny":15,"basicAngle":0,"lo1":47.0,"la1":41.0,"lo2":87.0,"la2":55.0,"dx":1.0,"dy":1.0}, "data":
[rows 0 to 14 of 15, columns 0 to 40 of 41]
316.36337,302.5634,313.76337,298.1634,297.76337,297.0634,315.6634,325.96338,323.46338,323.36337,322.6634,321.6634,320.26337,318.96338,323.1634,326.36337,327.46338,325.26337,331.1634,327.76337,329.86337,321.76337,323.1634,319.1634,317.96338,326.86337,315.36337,301.5634,304.46338,301.76337,301.86337,300.0634,310.6634,321.96338,327.26337,329.36337,330.86337,330.46338,329.86337,330.46338,331.36337
294.46338,312.26337,298.1634,298.6634,298.86337,296.86337,324.86337,321.86337,322.26337,321.1634,321.5634,321.36337,321.26337,319.46338,324.1634,326.5634,328.46338,329.6634,328.26337,330.36337,330.5634,321.96338,319.6634,309.36337,298.96338,297.6634,306.0634,300.0634,302.26337,292.36337,299.76337,296.96338,306.0634,273.1634,300.0634,318.6634,321.46338,325.0634,328.1634,318.46338,287.46338
314.36337,298.46338,298.96338,299.0634,296.96338,319.36337,317.76337,318.46338,317.96338,317.86337,318.6634,318.5634,320.0634,321.1634,322.36337,326.46338,325.5634,325.86337,328.26337,329.96338,330.36337,321.6634,325.26337,314.0634,318.26337,318.36337,315.76337,317.86337,316.5634,303.96338,294.96338,296.5634,305.46338,308.0634,305.36337,303.46338,298.46338,298.36337,301.6634,297.86337,299.26337
318.36337,299.0634,299.5634,299.1634,304.6634,319.86337,318.1634,320.5634,320.96338,318.5634,317.96338,317.46338,297.1634,296.26337,321.46338,325.5634,322.5634,328.46338,328.1634,327.86337,321.86337,320.6634,320.86337,323.6634,323.86337,321.96338,321.6634,319.76337,320.0634,323.6634,321.46338,321.5634,326.0634,322.26337,327.46338,312.96338,299.0634,298.1634,301.36337,315.96338,320.96338
318.96338,299.96338,300.36337,300.46338,308.46338,318.86337,321.0634,324.36337,320.1634,318.0634,318.46338,317.26337,297.5634,296.76337,293.6634,320.26337,322.0634,319.36337,305.96338,321.96338,321.96338,323.0634,325.86337,324.6634,322.96338,324.86337,323.76337,317.36337,324.36337,323.36337,324.0634,318.46338,296.96338,292.46338,304.36337,318.26337,315.5634,328.46338,333.96338,323.36337,324.36337
319.26337,312.0634,299.76337,300.0634,300.26337,299.76337,323.26337,320.26337,319.0634,318.46338,318.96338,317.96338,299.46338,296.46338,306.76337,316.26337,313.86337,320.1634,322.6634,310.36337,320.26337,320.76337,323.26337,321.26337,321.1634,323.26337,320.76337,294.36337,321.5634,319.86337,320.5634,319.26337,318.1634,317.5634,311.86337,308.86337,306.1634,308.76337,325.46338,326.5634,322.1634
320.76337,318.96338,320.96338,319.6634,315.46338,320.76337,323.76337,320.36337,318.76337,316.86337,316.86337,316.1634,315.26337,317.76337,319.46338,313.5634,312.96338,316.36337,314.36337,320.96338,318.26337,316.86337,314.5634,320.96338,316.76337,316.76337,317.76337,320.5634,320.36337,319.6634,321.26337,316.46338,318.1634,319.26337,314.86337,307.0634,307.1634,294.26337,300.5634,289.36337,315.86337
321.1634,319.6634,318.46338,309.1634,320.1634,319.26337,319.1634,316.96338,314.96338,314.76337,315.5634,314.6634,316.6634,316.1634,315.46338,314.86337,315.1634,312.26337,302.6634,316.26337,316.1634,309.86337,319.76337,315.0634,317.5634,316.5634,313.76337,316.46338,315.36337,314.46338,309.6634,313.46338,310.46338,302.6634,304.46338,312.86337,317.26337,290.1634,317.0634,317.46338,312.86337
319.86337,318.0634,318.26337,317.6634,316.76337,317.46338,315.76337,313.26337,312.96338,312.6634,311.86337,311.46338,312.46338,316.0634,312.46338,315.0634,312.36337,299.36337,313.5634,314.0634,310.26337,311.86337,317.86337,304.76337,313.5634,313.46338,313.1634,310.6634,307.96338,305.96338,306.76337,312.46338,314.26337,310.46338,308.6634,302.1634,300.6634,304.1634,286.5634,285.36337,284.5634
314.26337,305.6634,313.5634,313.0634,312.6634,313.96338,311.96338,310.1634,308.96338,308.36337,307.5634,307.46338,309.26337,310.36337,308.6634,308.6634,309.1634,312.6634,313.96338,313.76337,311.6634,302.76337,297.6634,312.86337,312.6634,309.86337,311.76337,311.96338,310.26337,308.86337,312.26337,309.6634,312.6634,302.6634,314.1634,308.0634,290.96338,286.6634,286.0634,290.96338,286.0634
307.86337,308.6634,308.6634,308.46338,306.76337,308.36337,307.46338,306.36337,304.86337,305.46338,305.0634,298.1634,303.36337,302.0634,302.76337,301.1634,306.76337,306.5634,308.5634,299.76337,297.0634,295.76337,306.76337,309.0634,308.76337,309.0634,303.96338,307.26337,310.36337,312.0634,316.1634,313.26337,318.36337,310.96338,312.0634,300.1634,290.5634,287.86337,287.76337,285.96338,284.86337
304.0634,304.96338,307.26337,306.5634,304.96338,302.86337,302.86337,302.76337,302.6634,302.96338,296.6634,292.46338,291.46338,291.1634,293.76337,294.0634,292.96338,293.5634,291.5634,295.1634,295.6634,302.86337,304.96338,304.36337,306.1634,303.96338,310.6634,315.0634,315.86337,311.5634,313.6634,313.46338,309.46338,311.1634,305.5634,306.76337,305.1634,303.1634,295.1634,291.5634,290.0634
299.1634,303.46338,305.36337,303.96338,301.6634,301.0634,303.46338,302.86337,301.0634,300.5634,291.86337,288.76337,289.26337,288.46338,288.96338,289.76337,290.86337,294.86337,300.6634,303.76337,301.36337,301.96338,303.36337,302.96338,306.76337,308.5634,309.96338,309.96338,310.26337,307.96338,311.26337,309.36337,301.96338,308.76337,310.1634,304.96338,307.5634,304.96338,306.46338,306.6634,300.26337
300.26337,301.5634,297.46338,303.6634,303.1634,302.6634,301.46338,299.0634,299.46338,300.6634,293.6634,290.26337,288.86337,289.5634,291.1634,291.46338,291.6634,298.76337,301.46338,300.5634,304.5634,304.0634,303.5634,304.5634,306.0634,308.76337,307.6634,306.96338,306.26337,306.5634,311.26337,306.36337,299.36337,309.1634,306.96338,304.0634,302.46338,303.26337,304.6634,300.1634,301.36337
297.1634,301.36337,292.96338,301.36337,302.46338,301.36337,301.5634,301.46338,302.46338,301.86337,298.26337,294.36337,294.46338,296.0634,297.26337,298.96338,299.86337,301.36337,303.86337,302.76337,302.6634,303.46338,304.76337,304.36337,304.76337,304.26337,303.86337,303.96338,303.26337,303.96338,302.96338,295.86337,305.46338,302.36337,303.36337,304.5634,303.5634,302.96338,303.46338,304.76337,300.76337
