wind_kz.json
{"header": {"discipline":0,"disciplineName":"Meteorological products","gribEdition":2,"gribLength":1025,"center":7,"centerName":"US National Weather Service - NCEP(WMC)","subcenter":0,"refTime":"2024-02-03T06:00:00.000Z","significanceOfRT":1,"significanceOfRTName":"Start of forecast","productStatus":0,"productStatusName":"Operational products","productType":1,"productTypeName":"Forecast products","productDefinitionTemplate":0,"productDefinitionTemplateName":"Analysis/forecast at horizontal level/layer at a point in time","parameterCategory":2,"parameterCategoryName":"UnknownDiscipline_0_Category_2","parameterNumber":2,"parameterNumberName":"UnknownParameter_D0_C2_2","parameterUnit":"Unknown","genProcessType":2,"genProcessTypeName":"Forecast","forecastTime":60,"surface1Type":103,"surface1TypeName":"Specified height level above ground","surface1Value":10.0,"surface2Type":255,"surface2TypeName":"Missing","surface2Value":0.0,"gridDefinitionTemplate":0,"gridDefinitionTemplateName":"Latitude_Longitude","numberPoints":615,"shape":6,"shapeName":"Earth spherical with radius of 6,371,229.0 m","gridUnits":"degrees","resolution":48,"winds":"true","scanMode":64,"nx":41,"ny":15,"basicAngle":0,"lo1":47.0,"la1":41.0,"lo2":87.0,"la2":55.0,"dx":1.0,"dy":1.0}, "data":
[rows 0 to 14 of 15, columns 0 to 40 of 41]
4.1158376,-1.0741626,3.0858374,-0.0041625975,8.505837,7.4358373,0.7158374,0.0958374,-0.5141626,-0.2041626,0.3158374,-0.8641626,-0.1241626,0.3358374,-0.4841626,-0.8741626,-2.2141626,-2.2641625,-2.8841627,-1.8541626,-4.3741627,-2.9641626,-0.9241626,-2.4641626,-0.2641626,-1.2441626,-2.7841625,-3.0341625,1.2158374,0.1558374,-1.8941627,1.8558373,0.0058374023,0.1258374,1.0558374,1.5658374,0.6858374,-1.2541625,-0.4041626,0.0858374,0.76583743
4.3358374,2.3958373,1.0658374,2.9858375,4.5958376,3.2458375,-0.9641626,-1.0641626,0.0758374,1.1558374,-0.37416258,-1.0241627,-0.1541626,0.37583742,0.5858374,-0.8941626,-2.1541626,-3.8241625,-3.0341625,-2.1841626,-3.1341627,-2.2641625,-0.9041626,-3.6641626,-0.3841626,1.5358374,-1.1241626,0.37583742,-3.2441626,-2.0641625,0.1158374,-0.8041626,2.8058374,-2.4341626,-0.1441626,0.2558374,0.2858374,1.1358374,0.025837403,2.2958374,-0.3641626
1.1758374,2.4858375,2.8458374,-1.1541626,-2.5641625,-5.024163,-2.2041626,-0.7241626,-1.4741626,-2.7241626,-2.2041626,-1.1241626,0.0058374023,0.5658374,0.5558374,-0.7441626,-1.2741627,-1.3741626,-1.9541626,-2.5841627,-3.5541625,-3.5441625,-2.2641625,-1.8841625,-0.3941626,-0.0641626,-1.4541626,-1.6441627,-1.9041626,-0.5541626,-1.8941627,2.9858375,0.1158374,-0.2641626,0.7758374,-1.0741626,-0.8441626,0.5058374,0.2158374,-0.2441626,2.2358375
-2.4841626,0.8758374,1.4058374,5.5758376,-5.5941625,-3.6441627,-1.9741626,-2.0641625,-2.4941626,-2.6341627,-2.0741625,-1.1541626,0.045837402,-0.4741626,-0.2241626,-0.7541626,-1.2941626,-2.0841627,-1.8841625,-2.6841626,-3.1141627,-1.2441626,-1.4941626,-2.8341627,-3.0741625,-2.7641625,-1.9541626,-2.8441627,-1.6741626,-0.0841626,-0.7441626,-3.3341627,-2.9041626,-2.1341627,-2.4541626,-1.7841626,-2.1441627,1.9658374,0.4558374,0.5458374,1.2958374
0.40583742,-0.0941626,2.0558374,4.4558372,3.1558373,-1.7241626,-2.5541625,-2.3841627,-3.0241625,-1.9441626,-1.4641626,-0.2341626,-0.4041626,0.2158374,-0.6941626,-0.5341626,-1.6141626,-2.0141625,-1.7541625,-2.0041625,-3.0441625,-2.9241626,-3.8741627,-3.9341626,-4.3641624,-3.6441627,-5.0941625,-2.7241626,-3.6341627,-3.2341626,-2.5441625,-1.9341626,-2.9241626,0.3858374,2.3358374,-0.5341626,-1.1641626,-0.5941626,0.3258374,0.1158374,-1.0441626
3.7658374,4.225837,1.3458374,2.4758375,1.7158374,0.3358374,5.0658374,-2.4741626,-2.8341627,-1.0941626,-1.4341626,-0.4741626,1.6758374,2.1058373,-0.7141626,-0.9341626,-1.3141626,-1.7441626,-2.0041625,-2.5341625,-2.6941626,-2.1641626,-3.3041625,-4.3041625,-4.754163,-5.714163,-3.3041625,-2.4041626,-3.6141627,-3.7641625,-3.5941627,-2.4741626,-2.7341626,-1.2841626,-0.3041626,-6.214163,-0.024162598,-3.5141625,1.6458374,-1.0941626,-2.8041625
3.4958375,4.3358374,4.515837,5.5558376,3.2458375,4.7958374,2.0058374,0.4558374,-1.5941626,-1.0441626,-1.4141626,-0.98416257,0.1658374,1.1758374,0.5758374,0.055837404,-1.2341626,-2.0741625,-2.6741626,-2.9741626,-1.7141626,-2.0041625,-2.6541626,-3.4741626,-4.6841626,-5.2641625,-1.8041626,-3.0841627,-2.7741625,-3.0141625,-3.1741626,-3.4741626,-0.4941626,-1.7141626,-1.6341625,-1.7741627,-1.0741626,3.1158373,-3.3541627,1.4958375,0.2958374
1.0658374,2.4458375,3.3558373,5.1658373,4.0558376,5.2958374,5.6658373,3.8758373,3.3458374,1.6858374,0.8458374,1.9858375,1.4658374,2.8058374,1.9358374,0.1158374,-0.4341626,-1.9741626,-2.3341627,-2.1741626,-1.2641625,-2.0341625,-1.6541626,-2.3241625,-2.6041627,-1.6941626,-1.3341626,-2.0341625,-1.4841626,-1.5141625,-2.6141627,-0.6541626,-1.8141626,0.6458374,-2.3141625,1.4758373,2.1658373,1.9658374,-3.6241627,-5.9541626,-2.9841626
0.6258374,1.9058374,2.5958374,4.4858375,5.6858373,6.8958373,5.1358376,5.8158374,6.2158375,5.1658373,2.3258374,1.9058374,4.035837,2.9358375,3.1958375,-0.0641626,-0.5841626,-0.9741626,-0.6241626,0.015837403,-1.8541626,-0.2841626,-0.6541626,-1.2141626,-0.3841626,-2.3041625,-1.8141626,-1.3341626,-0.3541626,-1.2441626,-0.2741626,1.1058373,1.9658374,-1.1441627,-2.0541625,-2.8841627,0.5258374,-1.8641626,-1.5141625,0.6058374,-2.4641626
0.6158374,1.7058374,2.1958375,2.8358374,3.5858374,2.8558373,4.6558375,4.4058375,3.8258374,1.6658374,0.2858374,1.5458374,2.7458375,2.1158373,2.3858373,1.0458374,0.9758374,0.9058374,0.3458374,0.7458374,1.3558373,1.1058373,-0.1341626,-0.104162596,-0.5441626,-1.1941626,-0.3141626,-1.1241626,0.1858374,0.3458374,-0.3841626,1.2658374,1.4458374,-1.0441626,-1.5941626,-0.9941626,-2.7741625,-0.1741626,-2.2741625,-0.114162594,-1.9441626
0.9058374,0.6358374,0.6958374,0.9758374,2.0858374,0.4758374,-0.1241626,-1.8441626,-2.1441627,-1.1641626,0.025837403,1.2258373,1.1258374,2.0458374,2.2358375,2.4258375,2.0958374,1.3558373,0.9058374,1.5558374,2.6058373,-0.2841626,-0.2941626,0.5658374,1.4058374,0.7558374,2.2758374,2.0558374,1.0558374,0.8858374,1.3758374,0.5458374,-1.2641625,-0.8241626,-0.1841626,-1.5941626,-1.6341625,0.6158374,-1.5641626,1.3158374,-1.9541626
0.4258374,-0.6341626,0.9958374,0.4758374,-0.3241626,0.1658374,-0.6641626,-0.5241626,-0.6041626,-0.114162594,0.3558374,1.0858374,1.6958374,2.5058374,2.6358373,3.0858374,3.8358374,2.3958373,1.3558373,1.7958374,1.5758374,0.9458374,0.2958374,0.8258374,2.0558374,2.7958374,3.5258374,2.1758375,2.9858375,0.8858374,0.9858374,1.4058374,0.5758374,-1.0541626,0.2458374,1.8258374,-0.3941626,-0.6041626,0.045837402,-0.4241626,-0.6141626
0.1558374,-0.6441626,0.40583742,-0.1441626,-0.4641626,-0.4541626,-0.034162596,0.6158374,0.3458374,0.7958374,1.3458374,0.5658374,1.1958374,3.2558374,4.3858376,4.9658375,4.265837,2.3058374,1.8358374,1.5558374,1.7558374,1.3958374,1.7758374,1.0458374,3.5958374,3.5158374,3.5958374,2.4358375,2.0358374,1.5658374,1.4958375,2.1158373,1.0058374,0.5358374,0.1358374,1.0458374,1.1258374,-0.6441626,-0.9941626,-0.7441626,-1.3641626
-0.7141626,-1.3441626,-1.1341625,-1.2941626,-0.9341626,0.37583742,0.8058374,2.0658374,2.4058373,0.9858374,-0.2141626,-0.8441626,1.3658375,3.0858374,2.8758373,2.8358374,2.3858373,2.1958375,1.2058374,1.6458374,2.0658374,2.8858373,2.5858374,2.2758374,2.6758375,2.3458374,2.2958374,2.6558373,2.4958375,1.4958375,1.4958375,1.5258374,1.0858374,0.9458374,0.3658374,-0.114162594,-0.2741626,-0.5141626,-1.4041626,1.1458374,-0.8241626
-1.8641626,-2.9941626,-2.4041626,-1.5641626,-0.0541626,1.5158374,1.8358374,1.6458374,0.2358374,-0.1241626,0.025837403,-0.4041626,-0.6141626,0.7258374,1.3758374,2.1758375,2.2758374,2.1658373,1.4958375,2.0058374,1.8858374,2.9258375,2.3358374,2.5458374,2.7058375,2.7958374,2.9258375,2.7458375,2.5958374,2.7558374,2.1958375,1.6658374,1.2658374,1.0158374,0.9258374,1.0058374,-0.044162598,1.1358374,0.9358374,-0.3041626,-1.5041625
