wind_kz.json
{"header": {"discipline":0,"disciplineName":"Meteorological products","gribEdition":2,"gribLength":1102,"center":7,"centerName":"US National Weather Service - NCEP(WMC)","subcenter":0,"refTime":"2023-10-05T06:00:00.000Z","significanceOfRT":1,"significanceOfRTName":"Start of forecast","productStatus":0,"productStatusName":"Operational products","productType":1,"productTypeName":"Forecast products","productDefinitionTemplate":0,"productDefinitionTemplateName":"Analysis/forecast at horizontal level/layer at a point in time","parameterCategory":2,"parameterCategoryName":"UnknownDiscipline_0_Category_2","parameterNumber":3,"parameterNumberName":"UnknownParameter_D0_C2_3","parameterUnit":"Unknown","genProcessType":2,"genProcessTypeName":"Forecast","forecastTime":120,"surface1Type":103,"surface1TypeName":"Specified height level above ground","surface1Value":10.0,"surface2Type":255,"surface2TypeName":"Missing","surface2Value":0.0,"gridDefinitionTemplate":0,"gridDefinitionTemplateName":"Latitude_Longitude","numberPoints":615,"shape":6,"shapeName":"Earth spherical with radius of 6,371,229.0 m","gridUnits":"degrees","resolution":48,"winds":"true","scanMode":64,"nx":41,"ny":15,"basicAngle":0,"lo1":47.0,"la1":41.0,"lo2":87.0,"la2":55.0,"dx":1.0,"dy":1.0}, "data":
[rows 0 to 14 of 15, columns 0 to 40 of 41]
1.0154761,2.215476,-1.804524,-12.154524,-12.904524,-14.2645235,-12.034524,-11.2645235,-7.374524,-6.374524,-3.8945239,2.995476,6.065476,6.965476,6.025476,5.735476,5.4554763,2.735476,0.88547605,0.7954761,2.535476,2.3554761,0.70547605,0.36547607,1.605476,-0.48452392,0.21547608,-0.36452392,-0.15452392,0.13547607,0.49547607,1.345476,0.42547607,1.2854761,3.165476,0.42547607,0.0054760743,0.16547607,2.795476,2.6054761,1.2854761
3.785476,-1.304524,-8.864524,-10.484524,-12.684524,-14.064524,-12.114524,-11.994524,-9.554523,-9.824524,-8.544524,1.7654761,5.9354763,6.365476,6.325476,5.865476,3.455476,2.135476,3.655476,2.785476,1.6654761,1.3054761,1.8654761,0.7754761,2.0554762,2.3554761,2.695476,0.35547608,-0.12452392,1.4954761,0.42547607,1.725476,0.9854761,0.6154761,2.505476,-0.5145239,0.42547607,0.82547605,1.0354761,1.235476,0.31547606
-2.204524,-6.7945237,-6.724524,-8.444524,-10.984524,-9.694524,-10.404524,-12.674524,-12.444524,-11.694524,-11.534524,-6.844524,5.915476,7.275476,6.965476,6.2254763,6.145476,5.885476,4.4354763,2.655476,2.415476,1.5554761,1.585476,1.4954761,-0.20452392,-1.654524,-0.23452392,-2.224524,-0.5145239,-1.3145239,-1.014524,0.9654761,-0.7745239,1.6254761,1.4954761,-1.294524,-2.084524,3.025476,-0.31452394,4.775476,3.8554761
-2.594524,-4.354524,-6.0445237,-6.264524,-5.764524,-8.754524,-8.544524,-10.314524,-10.324524,-12.174524,-10.054523,-6.424524,3.1054761,6.585476,7.155476,6.7054763,5.595476,5.645476,4.345476,3.445476,1.205476,1.7754761,3.235476,1.9354761,1.2654761,0.24547607,0.6154761,0.6554761,0.7954761,-1.9645239,-1.8445239,0.63547605,1.1554761,-0.6045239,1.2554761,1.475476,3.975476,2.8254762,-3.034524,-4.084524,-4.3145237
-2.084524,-5.194524,-5.584524,-5.844524,-6.334524,-5.5445237,-7.644524,-7.164524,-8.444524,-7.914524,-8.424524,-6.994524,0.38547608,7.2054763,6.925476,7.335476,7.425476,5.7254763,4.525476,2.5954762,3.975476,3.1254761,2.8454762,2.445476,3.195476,2.8054762,1.7754761,1.235476,0.055476073,-1.9345239,-2.964524,-3.074524,1.2654761,0.37547606,0.70547605,1.095476,2.405476,0.39547607,-0.80452394,-4.164524,-6.894524
-1.544524,-2.604524,-3.554524,-4.8145237,-5.894524,-6.344524,-5.954524,-6.744524,-7.174524,-7.094524,-7.924524,-7.674524,0.31547606,8.225476,8.945477,8.035476,8.365476,6.4754763,4.2254763,5.9954762,5.2254763,4.605476,4.965476,4.845476,4.405476,4.305476,3.8454762,0.07547607,0.39547607,-0.92452395,-1.2445239,-0.7645239,-1.144524,-2.4445238,-1.8745239,0.80547607,3.165476,0.68547606,-2.994524,0.095476076,-4.964524
-1.4345239,-1.524524,-3.064524,-4.154524,-3.864524,-4.604524,-4.904524,-5.854524,-7.284524,-7.854524,-8.414524,-8.474524,1.6454761,7.635476,9.145476,8.325476,9.275476,8.495476,7.175476,6.7054763,5.615476,4.985476,4.635476,5.575476,5.855476,5.045476,4.015476,2.725476,0.4754761,-0.21452393,-0.48452392,1.985476,0.7954761,1.1454761,0.12547608,0.8454761,2.725476,1.345476,1.605476,2.3054762,-3.334524
-0.41452393,-1.0845239,-1.3145239,-3.304524,-4.214524,-4.214524,-4.584524,-4.934524,-6.424524,-7.7745237,-8.194524,-8.154524,-3.464524,5.915476,8.785476,9.095476,8.865476,9.615476,8.7354765,7.875476,6.2254763,5.625476,5.005476,5.445476,6.315476,6.575476,6.275476,3.8554761,1.945476,0.24547607,0.40547606,1.8654761,1.6454761,0.99547607,-1.9745239,-0.7845239,-1.024524,-1.8745239,-0.5145239,-0.75452393,-1.8545239
0.0054760743,-1.5045239,-1.6845239,-1.9345239,-3.6545238,-3.9345238,-3.864524,-4.784524,-4.804524,-5.5645237,-7.034524,-7.354524,-6.5645237,1.1454761,7.555476,9.295476,9.605476,9.595476,9.595476,8.205476,6.7254763,7.015476,6.525476,5.785476,6.165476,5.655476,6.485476,5.9354763,4.585476,3.175476,2.0854762,1.7754761,1.475476,1.9154761,0.4754761,-0.29452392,1.1254761,-0.45452392,0.34547606,1.715476,-0.004523926
0.87547606,-0.25452393,-1.3545239,-2.454524,-2.9445238,-3.014524,-2.4145238,-3.1245239,-4.2545238,-4.654524,-5.384524,-6.114524,-6.7945237,-5.874524,4.655476,8.395476,9.655476,9.745476,9.695477,8.605476,8.055476,7.775476,7.255476,6.415476,6.2254763,6.235476,5.825476,5.055476,4.755476,4.135476,2.5954762,1.585476,2.255476,1.6754761,0.34547606,-0.62452394,0.80547607,2.465476,-1.2545239,-1.3245239,1.0054761
2.535476,0.5354761,-0.80452394,-1.2345239,-1.6945239,-2.1345239,-1.9445239,-2.114524,-1.894524,-3.6545238,-3.224524,-4.184524,-5.734524,-5.354524,-4.284524,5.595476,9.145476,8.955476,9.035476,7.865476,7.895476,6.855476,7.405476,7.675476,6.4554763,6.625476,6.065476,6.005476,5.325476,4.735476,3.265476,2.285476,2.745476,2.175476,0.74547607,-0.55452394,-0.6545239,-0.14452392,0.34547606,0.6754761,0.82547605
3.5554762,1.235476,0.6054761,0.26547608,-0.4945239,-1.7545239,-1.424524,-1.644524,-1.3345239,-1.764524,-2.354524,-2.324524,-4.214524,-4.264524,-4.174524,-4.394524,5.055476,7.515476,8.355476,8.115476,8.335476,7.2054763,7.015476,7.7054763,7.625476,7.025476,6.395476,6.4754763,6.305476,5.145476,3.685476,4.115476,2.435476,2.785476,1.455476,-0.4645239,-1.164524,-1.034524,-1.0945239,-0.6645239,-0.74452394
3.525476,2.885476,1.5154761,0.55547607,0.7754761,0.16547607,-0.50452393,-1.174524,-1.9945239,-0.9745239,-0.38452393,-0.87452394,-2.1545238,-2.854524,-2.324524,-3.324524,-0.6045239,5.7454762,8.105476,7.915476,8.365476,8.675476,7.445476,7.785476,8.135476,7.715476,7.285476,5.9754763,6.2254763,6.055476,5.385476,4.255476,3.3754761,2.655476,2.715476,2.385476,1.6354761,0.56547606,0.7754761,-0.23452392,-0.7145239
4.385476,2.8554761,2.155476,2.395476,1.0654761,0.6554761,0.5354761,-0.29452392,0.08547607,-0.18452393,1.0654761,-0.014523926,-0.20452392,-1.0745239,-1.1045239,-0.9545239,-3.074524,2.025476,7.015476,7.855476,8.105476,8.255476,8.265476,7.395476,7.865476,7.635476,7.115476,6.815476,6.585476,6.395476,6.345476,5.665476,4.735476,4.195476,3.0754762,3.275476,2.535476,1.6354761,1.6654761,1.7554761,0.94547606
2.6154761,2.6254761,2.655476,1.845476,1.445476,1.9954761,0.8354761,0.6154761,0.9254761,1.2654761,1.0054761,2.725476,0.9754761,-0.98452395,-2.754524,-1.164524,-3.6545238,-4.734524,4.275476,7.115476,7.645476,8.355476,8.4854765,8.745476,7.605476,7.215476,7.585476,6.655476,7.005476,6.885476,6.115476,6.235476,5.635476,5.175476,4.545476,3.545476,4.085476,3.5554762,2.135476,2.6254761,1.6854761
