wind.json
{"header": {"discipline":0,"disciplineName":"Meteorological products","gribEdition":2,"gribLength":1039,"center":7,"centerName":"US National Weather Service - NCEP(WMC)","subcenter":0,"refTime":"2023-06-28T06:00:00.000Z","significanceOfRT":1,"significanceOfRTName":"Start of forecast","productStatus":0,"productStatusName":"Operational products","productType":1,"productTypeName":"Forecast products","productDefinitionTemplate":0,"productDefinitionTemplateName":"Analysis/forecast at horizontal level/layer at a point in time","parameterCategory":0,"parameterCategoryName":"UnknownDiscipline_0_Category_0","parameterNumber":0,"parameterNumberName":"UnknownParameter_D0_C0_0","parameterUnit":"Unknown","genProcessType":2,"genProcessTypeName":"Forecast","forecastTime":0,"surface1Type":1,"surface1TypeName":"Ground or water surface","surface1Value":0.0,"surface2Type":255,"surface2TypeName":"Missing","surface2Value":0.0,"gridDefinitionTemplate":0,"gridDefinitionTemplateName":"Latitude_Longitude","numberPoints":688,"shape":6,"shapeName":"Earth spherical with radius of 6,371,229.0 m","gridUnits":"degrees","resolution":48,"winds":"true","scanMode":64,"nx":43,"ny":16,"basicAngle":0,"lo1":45.0,"la1":40.0,"lo2":87.0,"la2":55.0,"dx":1.0,"dy":1.0}, "data":
[rows 0 to 15 of 16, columns 0 to 42 of 43]
293.89337,290.2934,306.39337,314.6934,318.49338,296.7934,296.09338,294.39337,315.89337,324.49338,320.59338,320.89337,322.2934,323.59338,323.09338,321.89337,321.99338,322.6934,323.2934,323.2934,321.7934,321.59338,319.6934,319.89337,316.39337,314.89337,316.39337,297.99338,302.59338,302.99338,311.2934,321.6934,322.1934,325.09338,319.1934,328.49338,328.7934,332.1934,332.49338,333.49338,333.39337,334.09338,335.59338
295.09338,305.39337,307.39337,296.39337,302.6934,295.6934,295.7934,294.2934,309.59338,323.2934,319.7934,321.09338,314.1934,320.49338,320.2934,320.2934,320.49338,322.59338,323.7934,320.39337,326.09338,322.59338,327.1934,318.39337,317.59338,313.99338,318.2934,318.09338,311.99338,295.6934,299.7934,300.1934,299.2934,294.39337,306.7934,319.6934,331.2934,326.99338,332.6934,331.59338,331.89337,329.49338,329.39337
296.2934,292.59338,287.89337,299.6934,295.89337,295.99338,295.7934,293.89337,325.59338,320.2934,314.1934,309.59338,316.6934,316.59338,312.99338,315.6934,321.1934,323.7934,321.7934,322.1934,321.39337,322.09338,323.1934,316.2934,316.89337,305.89337,296.99338,296.09338,301.6934,298.7934,299.09338,289.7934,301.2934,284.59338,308.59338,273.1934,295.39337,318.6934,321.2934,322.1934,328.89337,319.99338,285.99338
288.59338,293.59338,302.99338,295.99338,295.89337,295.89337,295.2934,316.99338,314.2934,306.7934,308.6934,314.2934,312.09338,315.09338,314.09338,315.59338,316.2934,319.7934,319.7934,320.7934,320.99338,320.99338,320.7934,315.1934,313.1934,315.7934,314.1934,315.39337,313.09338,312.59338,310.39337,295.1934,289.39337,292.1934,296.59338,303.49338,302.49338,303.09338,293.2934,298.1934,304.09338,299.49338,294.89337
296.6934,308.2934,307.49338,296.59338,296.6934,295.89337,301.09338,319.1934,307.99338,299.59338,301.49338,299.39337,309.99338,311.49338,294.2934,294.09338,318.99338,320.49338,314.49338,320.39337,319.1934,319.99338,311.99338,314.6934,314.89337,312.59338,314.09338,314.6934,316.59338,312.2934,314.2934,313.6934,310.89337,309.49338,317.59338,320.49338,319.1934,313.2934,297.7934,295.89337,302.2934,316.6934,320.39337
308.49338,309.39337,310.99338,296.89337,296.89337,297.39337,306.6934,316.59338,308.89337,306.2934,309.89337,309.1934,317.39337,316.59338,294.7934,294.2934,291.7934,315.89337,316.49338,311.7934,310.6934,312.2934,314.89337,317.39337,316.89337,315.39337,314.09338,313.1934,313.6934,309.59338,313.6934,316.49338,316.6934,313.2934,286.59338,276.6934,301.49338,314.09338,312.49338,327.59338,326.49338,321.2934,323.6934
304.1934,308.59338,308.1934,308.49338,297.7934,297.09338,296.6934,296.1934,317.39337,316.7934,299.1934,305.09338,316.09338,312.39337,296.09338,293.7934,303.99338,311.1934,315.1934,313.6934,313.39337,313.2934,313.39337,312.7934,313.6934,314.59338,314.2934,313.2934,314.1934,290.7934,314.39337,313.1934,311.6934,312.1934,313.09338,312.1934,301.6934,308.39337,303.2934,305.49338,328.09338,327.39337,322.1934
303.99338,306.59338,307.2934,308.99338,310.49338,313.09338,306.1934,314.7934,311.7934,309.2934,300.7934,297.09338,298.59338,311.1934,313.89337,317.2934,319.59338,316.39337,317.7934,316.99338,313.2934,310.59338,310.6934,310.6934,309.99338,309.89337,307.49338,305.99338,307.6934,307.49338,315.1934,317.2934,314.2934,313.7934,314.39337,312.99338,307.6934,298.39337,290.7934,298.59338,297.2934,302.49338,317.7934
302.1934,301.7934,304.2934,307.59338,309.39337,309.89337,306.59338,300.39337,309.99338,296.1934,296.39337,304.59338,308.6934,308.6934,313.49338,311.1934,317.6934,315.59338,317.49338,312.39337,309.99338,309.1934,307.6934,308.2934,306.89337,303.6934,299.09338,298.09338,290.59338,295.59338,291.99338,303.7934,303.6934,309.49338,307.59338,303.1934,304.99338,310.99338,313.49338,288.1934,295.49338,306.99338,307.7934
291.59338,301.59338,302.39337,307.1934,307.49338,298.59338,296.89337,300.6934,296.59338,307.39337,304.89337,306.1934,303.6934,306.09338,309.59338,312.2934,311.89337,313.39337,311.1934,310.6934,307.99338,306.7934,302.1934,302.7934,300.7934,296.89337,292.99338,292.39337,286.99338,284.59338,286.7934,288.7934,291.39337,291.2934,296.39337,304.1934,304.49338,302.09338,303.89337,305.7934,282.39337,281.2934,282.09338
297.49338,295.49338,302.99338,298.59338,297.2934,295.2934,293.59338,296.1934,300.49338,299.89337,301.39337,305.49338,304.1934,304.09338,304.99338,305.49338,305.49338,306.1934,306.7934,305.99338,305.6934,304.09338,301.59338,301.99338,302.2934,301.49338,289.99338,289.49338,296.2934,286.1934,284.89337,286.2934,287.99338,289.39337,293.49338,297.99338,299.09338,301.89337,299.1934,291.7934,282.6934,285.1934,289.1934
292.59338,290.1934,295.7934,295.6934,289.99338,288.6934,294.59338,297.2934,300.1934,300.1934,303.49338,302.39337,303.7934,301.09338,303.6934,301.99338,302.1934,301.59338,302.09338,302.99338,302.6934,301.1934,297.99338,299.7934,295.6934,297.59338,294.1934,289.2934,290.99338,294.7934,287.89337,292.1934,293.1934,295.49338,293.89337,296.09338,297.1934,298.09338,291.99338,292.09338,293.1934,294.1934,292.1934
288.49338,289.09338,288.7934,288.89337,290.99338,294.2934,295.89337,298.39337,299.59338,303.2934,303.09338,300.99338,297.39337,297.1934,298.89337,298.1934,297.6934,299.49338,300.59338,301.2934,299.59338,297.99338,296.1934,296.49338,296.2934,295.7934,291.59338,291.09338,289.7934,293.09338,298.09338,294.2934,297.39337,294.09338,294.09338,292.2934,290.2934,294.1934,297.2934,301.1934,294.1934,297.7934,287.39337
285.99338,288.1934,291.7934,292.99338,294.09338,295.39337,298.09338,300.89337,299.39337,302.2934,302.2934,298.09338,293.59338,288.09338,296.49338,295.6934,296.89337,296.6934,297.7934,296.89337,297.89337,295.09338,294.39337,293.09338,293.89337,290.89337,287.7934,291.2934,289.1934,287.89337,287.39337,292.39337,295.99338,298.6934,287.2934,293.6934,293.09338,289.49338,298.09338,297.89337,296.2934,296.89337,292.2934
291.2934,293.59338,292.59338,296.39337,292.99338,298.1934,295.89337,296.6934,296.49338,293.89337,294.39337,295.59338,292.2934,292.2934,295.09338,294.6934,296.09338,296.39337,296.2934,295.6934,296.2934,295.99338,295.09338,293.6934,295.09338,294.99338,290.09338,286.89337,288.2934,285.59338,286.6934,289.7934,293.49338,293.99338,288.99338,288.7934,290.09338,290.09338,297.39337,297.89337,299.49338,296.49338,291.6934
290.7934,292.09338,296.6934,297.2934,290.1934,298.49338,298.39337,297.89337,298.1934,297.09338,297.89337,295.2934,295.7934,295.09338,292.89337,294.6934,293.89337,296.1934,295.89337,294.2934,295.99338,293.59338,293.39337,293.49338,293.7934,292.99338,286.99338,287.99338,285.49338,284.89337,286.2934,292.1934,290.09338,287.99338,286.99338,286.39337,290.89337,292.7934,296.89337,295.7934,298.59338,297.7934,291.99338
