wind_kz.json
{"header": {"discipline":0,"disciplineName":"Meteorological products","gribEdition":2,"gribLength":1025,"center":7,"centerName":"US National Weather Service - NCEP(WMC)","subcenter":0,"refTime":"2023-09-23T18:00:00.000Z","significanceOfRT":1,"significanceOfRTName":"Start of forecast","productStatus":0,"productStatusName":"Operational products","productType":1,"productTypeName":"Forecast products","productDefinitionTemplate":0,"productDefinitionTemplateName":"Analysis/forecast at horizontal level/layer at a point in time","parameterCategory":2,"parameterCategoryName":"UnknownDiscipline_0_Category_2","parameterNumber":2,"parameterNumberName":"UnknownParameter_D0_C2_2","parameterUnit":"Unknown","genProcessType":2,"genProcessTypeName":"Forecast","forecastTime":60,"surface1Type":103,"surface1TypeName":"Specified height level above ground","surface1Value":10.0,"surface2Type":255,"surface2TypeName":"Missing","surface2Value":0.0,"gridDefinitionTemplate":0,"gridDefinitionTemplateName":"Latitude_Longitude","numberPoints":615,"shape":6,"shapeName":"Earth spherical with radius of 6,371,229.0 m","gridUnits":"degrees","resolution":48,"winds":"true","scanMode":64,"nx":41,"ny":15,"basicAngle":0,"lo1":47.0,"la1":41.0,"lo2":87.0,"la2":55.0,"dx":1.0,"dy":1.0}, "data":
[rows 0 to 14 of 15, columns 0 to 40 of 41]
-1.8791766,-2.0391767,-0.13917664,-2.3191767,-6.7491765,-6.2991767,-6.3091764,-5.9591765,-6.3991766,-3.0391767,-3.0991766,-2.7091765,-1.8191767,-1.4091766,-1.9591767,-2.4391766,-2.0191767,-3.4591765,-1.6391766,0.92082334,1.1408234,0.83082336,1.6308234,2.0808234,-1.7191767,-0.18917663,1.9208233,2.4808233,0.51082337,1.6708233,-0.32917663,1.6208234,0.60082334,-0.8791766,-1.3491766,-1.0691767,1.1908233,2.8408234,1.6308234,1.2508234,1.0908234
-0.15917663,-1.7091767,2.9108233,-4.969177,-5.8291764,-4.1091766,-6.3291764,-6.3791766,-5.2591767,-3.9891768,-3.7591767,-4.409177,-4.1491766,-3.3591766,-2.9191766,-2.5091767,-3.0391767,-6.369177,-6.969177,-3.3791766,-2.0391767,0.18082337,2.2608232,2.8108234,0.43082336,-0.009176636,1.0608233,0.71082336,3.4108233,1.6908233,0.59082335,0.65082335,-0.54917663,1.3108233,0.35082337,2.6008234,1.4508233,-1.4191766,-0.6991766,1.7608234,3.4108233
-0.059176635,-0.35917664,-5.8391767,-6.3291764,-5.7891765,-7.119177,-5.8491764,-4.5791764,-6.2691765,-5.6091766,-5.2691765,-5.449177,-6.2491765,-6.7991767,-6.2591767,-5.179177,-3.8491766,-1.4191766,-0.029176636,0.49082336,-5.8991766,-8.849176,-4.5291767,-4.2291765,-0.71917665,-1.2791766,0.19082336,1.8308234,3.4008234,0.030823365,1.9308233,-2.1291766,-0.47917664,1.0608233,0.37082335,1.6108234,0.46082336,0.34082335,1.9808234,5.3708234,2.5608234
-5.219177,-5.679177,-5.5391765,-5.889177,-5.369177,-5.3091764,-3.7491767,-5.719177,-4.6891766,-5.1891766,-5.9891768,-6.389177,-5.0891767,-5.5791764,-7.0191765,-7.3491764,-7.6691766,-8.429176,-8.629177,-8.7691765,-4.219177,-4.8491764,-5.4991765,-7.2791767,-6.9391766,-6.4991765,-6.7891765,-8.169177,-4.969177,-0.9291766,-0.8191766,-0.26917663,-2.1291766,-1.0391766,-0.65917665,0.6308234,-0.42917663,2.0208235,-1.0991766,0.12082336,0.21082336
-7.2391768,-7.3191767,-7.2991767,-6.119177,-5.9191766,-5.949177,-4.8091764,-4.2891765,-4.4391766,-4.6491766,-5.1291766,-6.389177,-5.3091764,-4.3391767,-3.3491766,-6.369177,-6.7091765,-7.5191765,-8.449177,-9.299176,-9.489177,-8.0191765,-7.2091765,-6.4791765,-6.2791767,-6.219177,-7.1491766,-4.6891766,-5.909177,-6.1291766,-5.9591765,-2.6691766,2.3208234,1.3308234,-2.6691766,-1.0091766,3.6708233,3.0008233,2.7008233,2.4608233,0.6308234
-6.119177,-5.4791765,-5.9991765,-6.139177,-5.7391768,-4.159177,-3.9291766,-3.6191766,-3.6191766,-3.3591766,-4.159177,-4.0591764,-4.3991766,-4.2291765,-3.9491765,-4.6491766,-4.929177,-5.4591765,-5.9991765,-5.869177,-5.869177,-4.3591766,-4.679177,-4.719177,-4.3991766,-5.0191765,-4.7891765,-3.3691766,-3.4891768,-2.8091767,-2.9991767,-2.6291766,-2.3891766,-2.1091766,-0.09917664,2.0208235,3.4208233,4.6708236,3.8208234,1.8508234,3.3108234
-4.8091764,-4.969177,-4.4391766,-4.7091765,-4.429177,-4.1691766,-4.1291766,-3.7891767,-3.9591765,-3.5191767,-3.2391768,-3.9291766,-3.7191765,-3.7891767,-3.6591766,-3.2691767,-2.9591765,-2.9491765,-4.0191765,-4.9991765,-4.5791764,-4.3091764,-3.7391768,-3.0591767,-3.4191766,-2.7791767,-3.0791767,-1.8591766,-2.2391768,-1.9291767,-1.9291767,-1.6591766,-1.0691767,0.53082335,2.1908233,2.8208234,2.4108233,2.0608234,2.8308234,0.9408234,2.4908233
-4.469177,-4.2591767,-3.8891766,-3.6491766,-3.1691766,-3.1191766,-2.3191767,-1.9291767,-1.8991766,-1.9491767,-1.6391766,-0.46917665,-0.64917666,-1.3891766,-1.7791766,-1.8491766,-2.4291766,-2.6091766,-2.2791767,-2.7891767,-3.5891767,-3.2691767,-3.2591767,-2.8191767,-2.3391767,-1.6291766,-2.0891767,-1.7591766,-1.2291766,-0.79917663,0.08082336,1.2108234,2.1508234,1.3308234,3.2708235,7.7608232,7.5008235,9.290823,7.7208233,-5.3491764,-2.5391767
-3.2591767,-2.9191766,-2.7691767,-2.5491767,-1.4691767,-1.7391766,-0.26917663,0.73082334,-0.42917663,-0.79917663,-0.039176635,1.3508234,1.1508234,0.030823365,-0.51917666,-0.46917665,-0.15917663,-0.49917662,-1.4091766,-1.6891767,-1.3691766,-0.98917663,-0.39917663,0.6908234,0.27082336,0.35082337,0.54082334,1.0908234,1.2208234,2.3308234,2.2808235,3.2008233,3.6808233,3.2208233,5.4708233,4.610823,6.110823,2.7308233,4.5208235,0.37082335,2.6908233
-1.0891767,-1.3691766,-0.5091766,-0.28917664,1.2808233,1.9208233,0.6808234,-0.08917663,-0.31917664,1.2808233,0.91082335,1.4708234,0.8208234,1.7908233,1.9508233,1.4408233,1.0608233,2.0508235,1.7308234,1.1508234,1.2208234,1.6308234,1.4708234,1.4308233,1.8908234,2.3808234,2.7008233,3.1908233,3.5108232,3.9008234,4.1008234,3.7408233,0.71082336,2.3608234,0.59082335,1.3908234,2.6208234,0.6108234,-0.26917663,1.5408233,0.53082335
-2.0991766,-1.5991766,-1.5691767,-1.4591767,-0.9991766,-1.5191766,0.43082336,0.45082337,1.5408233,2.1908233,1.4308233,2.2808235,1.6108234,1.4408233,1.1508234,2.2208233,2.9208233,2.7608232,2.5108232,3.6008234,3.4808233,2.8108234,2.6308234,2.3408234,2.7708235,2.9908233,3.8208234,3.2608232,3.8208234,4.090823,3.5408235,0.7408234,-1.2491766,-3.6991765,-2.6991765,-1.6391766,-1.0591767,-0.54917663,0.73082334,-0.51917666,0.35082337
-1.5791767,-3.3391767,-2.9691765,-2.3191767,-0.91917664,-1.0291766,-0.8191766,-0.9491766,-1.0091766,0.19082336,1.5408233,1.9108233,1.6408234,1.9708234,3.0408235,3.0408235,3.0308235,4.070823,4.0408235,4.5008235,4.0108232,3.9908233,3.5408235,3.3508234,3.6808233,3.6908233,3.3908234,3.7108233,3.5708234,2.8208234,0.47082338,-3.0391767,-4.0091767,-4.1691766,-3.7591767,-5.0491767,-5.2091765,-3.7491767,-1.5591767,-0.72917664,-0.18917663
-1.4591767,-0.9491766,-0.53917664,-0.22917664,0.38082337,0.5008234,0.15082337,0.39082336,0.97082335,0.28082335,1.4308233,2.3408234,2.9408233,3.4908233,2.4508233,2.4708233,2.9808233,3.0608234,2.7508233,4.2508235,4.3708234,4.6008234,4.6208234,4.6908236,4.4808235,4.4908233,3.5208235,3.3708234,2.3208234,0.77082336,-2.4491765,-4.2691765,-4.659177,-3.6891766,-4.1291766,-4.3491764,-2.9591765,-1.7291766,-2.8091767,-2.8591766,-1.5091766
-2.2491767,-1.2091767,-1.2191767,-1.2391766,-1.0591767,-0.84917665,-1.3091767,-0.6891766,0.060823366,0.76082337,1.4408233,2.9308233,3.0408235,1.8208233,2.7508233,2.8908234,3.3508234,2.8608234,3.1708233,4.6708236,4.630823,4.7308235,5.4908233,5.3708234,5.4108233,4.9308233,4.0808234,3.0408235,1.6908233,-0.76917666,-2.4291766,-3.6891766,-2.8791766,-3.3591766,-3.0491767,-2.8291767,-2.0691767,-1.6891767,-1.7591766,-1.8591766,-1.7291766
0.30082336,-0.51917666,-0.5691766,-0.049176637,0.40082335,0.67082334,1.2708234,1.8208233,2.0108232,2.1308234,1.6208234,2.6308234,3.2308233,3.2808235,3.3808234,2.9508233,2.7908235,3.4508233,3.7808235,4.360823,4.5608234,5.4408236,5.6008234,5.2608232,5.0208235,4.840823,4.0408235,2.7208233,0.49082336,-1.2091767,-3.3991766,-3.3491766,-2.4991767,-2.5991766,-2.6391766,-2.4191766,-2.2091765,-2.6091766,-2.3791766,-1.6691766,-0.54917663
