wind_kz.json
{"header": {"discipline":0,"disciplineName":"Meteorological products","gribEdition":2,"gribLength":1025,"center":7,"centerName":"US National Weather Service - NCEP(WMC)","subcenter":0,"refTime":"2023-09-20T06:00:00.000Z","significanceOfRT":1,"significanceOfRTName":"Start of forecast","productStatus":0,"productStatusName":"Operational products","productType":1,"productTypeName":"Forecast products","productDefinitionTemplate":0,"productDefinitionTemplateName":"Analysis/forecast at horizontal level/layer at a point in time","parameterCategory":2,"parameterCategoryName":"UnknownDiscipline_0_Category_2","parameterNumber":3,"parameterNumberName":"UnknownParameter_D0_C2_3","parameterUnit":"Unknown","genProcessType":2,"genProcessTypeName":"Forecast","forecastTime":0,"surface1Type":103,"surface1TypeName":"Specified height level above ground","surface1Value":10.0,"surface2Type":255,"surface2TypeName":"Missing","surface2Value":0.0,"gridDefinitionTemplate":0,"gridDefinitionTemplateName":"Latitude_Longitude","numberPoints":615,"shape":6,"shapeName":"Earth spherical with radius of 6,371,229.0 m","gridUnits":"degrees","resolution":48,"winds":"true","scanMode":64,"nx":41,"ny":15,"basicAngle":0,"lo1":47.0,"la1":41.0,"lo2":87.0,"la2":55.0,"dx":1.0,"dy":1.0}, "data":
[rows 0 to 14 of 15, columns 0 to 40 of 41]
-0.5307587,1.7892413,1.3792413,7.9992414,5.0192413,2.5992413,1.3392414,1.8892413,0.119241334,-2.2007587,-3.0607586,-3.9707587,-3.9707587,-3.6607587,-3.3707588,-2.5707586,-1.7207587,-2.2307587,-0.9707587,-0.33075866,-1.3007587,-0.87075865,-0.21075867,1.8192413,1.8192413,1.2092414,-1.9907587,2.7092414,-2.6407588,-4.090759,2.9292414,3.3192413,-0.7207587,-1.3507587,-0.27075866,-0.29075867,0.5892413,-0.050758667,-0.5307587,0.14924133,0.9092413
1.2392414,-2.2307587,8.409242,7.6092415,5.239241,2.6092412,2.1292412,-0.28075868,-0.8907587,-1.9007586,-3.2207587,-4.5807586,-3.2507586,-3.7407587,-5.010759,-4.1707587,-2.5907586,-0.17075866,0.5392413,0.98924136,-1.2407587,0.50924134,3.5492413,3.5192413,1.7992413,2.7392414,1.7592413,3.6892414,-0.5807587,2.4992414,-2.9507587,-2.0407586,0.95924133,3.5492413,2.3092413,-0.17075866,-2.6907587,1.8292413,1.8192413,1.8292413,0.15924133
3.1892414,5.1092415,5.6892414,4.989241,2.7992413,4.389241,2.1492414,0.28924134,-1.5607587,-3.1407588,-4.7207584,-4.6007586,-4.300759,-4.570759,-5.1207585,-5.630759,-3.7807586,-3.6307588,-1.6207587,0.57924134,0.68924135,0.23924133,2.9592414,3.7692413,0.40924132,-0.86075866,-0.27075866,0.55924135,4.389241,1.8092413,-2.9007587,-2.6907587,-4.6507587,-1.9307587,1.8592414,-2.5507586,-2.1107588,1.9592414,-0.42075866,0.9792413,0.34924135
4.0592413,4.0992413,3.9392414,3.7392414,3.2692413,2.2192414,1.3992413,0.32924134,-1.2507586,-2.9107587,-4.6607585,-5.4107585,-4.340759,-4.7507586,-5.2307587,-4.800759,-4.7207584,-4.8107586,-2.1007586,-0.48075867,2.1692414,4.0692415,-0.020758666,2.5892413,1.5792413,0.70924133,0.87924135,4.469241,1.3392414,5.0992413,4.869241,-3.8207586,0.80924135,2.5892413,-0.40075865,-1.9507587,3.0492413,2.3192413,-3.7007587,-2.1307588,-1.2807586
3.3392413,2.4792414,2.4892414,2.4692414,2.1692414,1.7092414,1.2592413,0.09924133,-0.46075866,-1.9907587,-3.2407587,-4.9807587,-4.3707585,-3.0507586,-3.4707587,-4.3907585,-5.1807585,-5.0807586,-4.360759,-3.6707587,-0.12075867,1.5192413,-0.57075864,-0.47075868,1.7192414,2.8992414,3.8692412,3.7092414,1.4192413,4.5892415,5.8992414,3.9992414,1.4192413,0.7792413,0.51924133,1.1992413,4.0592413,-0.80075866,-2.4207587,-1.8307587,-0.87075865
1.7492414,1.4092413,0.6592413,-0.020758666,-0.43075866,-0.28075868,-0.41075867,1.0192413,0.94924134,0.14924133,-1.8307587,-3.1807587,-4.340759,-2.8507586,-2.4907587,-3.1507587,-4.2907586,-5.030759,-5.380759,-4.2107587,-1.0507587,-1.6507586,-3.5007586,-3.5607586,-1.4907587,1.5192413,4.969241,5.449241,1.3192413,2.4492414,0.7792413,7.739241,5.639241,1.7592413,0.25924134,-2.1607587,-4.110759,3.0892413,0.92924136,-0.42075866,-0.14075866
-0.76075864,-0.73075867,0.009241333,-0.37075865,-2.9507587,-4.7307587,-4.1007586,-1.2807586,2.5292413,0.8392413,-1.6607586,-1.9007586,-2.9707587,-2.8207586,-4.2207584,-3.4907587,-2.6307588,-3.7507586,-4.7207584,-4.0807586,-0.79075867,-1.6707587,-4.530759,-3.3707588,-7.1807585,1.7592413,5.7292414,3.9192414,6.1092415,3.7292414,-0.98075867,4.6892414,5.6692414,3.4192414,2.9892414,1.6992413,1.5092413,2.6992414,2.4092414,2.8392413,1.8292413
-0.94075865,-1.6007587,-2.3207586,-3.3207586,-3.7307587,-4.6807585,-5.630759,-2.7707586,0.06924133,-0.88075864,-7.58667E-4,-2.7407587,-3.8807588,-3.0407586,-3.9007587,-3.9707587,-2.8907588,-2.6607587,-2.8807588,-2.5507586,-2.2107587,-0.050758667,-3.3407586,-4.0007586,-5.760759,-4.6507587,-2.4107587,4.719241,5.2992415,5.6692414,5.0892415,0.82924134,0.80924135,2.4492414,2.5692413,-0.7207587,-0.45075867,-0.060758665,0.20924133,1.3992413,1.7792413
0.38924134,-0.86075866,-2.4907587,-2.2107587,-3.3607588,-5.260759,-5.8907585,-4.9807587,-3.9507587,-2.9507587,-1.1907587,-2.4607587,-3.8307586,-4.9807587,-5.050759,-4.0407586,-3.6607587,-3.3707588,-1.7907586,-1.4207587,0.5992413,0.9192413,-1.2807586,-2.1307588,-2.7707586,-1.1107587,1.3592414,1.4092413,5.8192415,5.5692415,2.6192412,-0.29075867,-0.22075866,-0.79075867,0.119241334,1.0892414,1.1092414,-0.81075865,3.1392412,2.3192413,1.4992414
0.9792413,-0.8507587,-2.5707586,-2.0007586,-2.7407587,-3.4807587,-4.4707584,-4.6707587,-5.070759,-4.9407587,-4.1607585,-3.5607586,-4.6907587,-4.7307587,-4.3507586,-4.6407585,-5.1907587,-4.0407586,-2.3807588,-0.46075866,-0.80075866,-0.13075867,-2.0907586,-1.3807586,-4.550759,-4.9407587,-3.9607587,-1.4007586,-0.8407587,2.8492413,3.1592414,2.3092413,1.6392413,-0.36075866,-1.7807586,-0.29075867,0.68924135,1.7092414,1.6292413,0.34924135,1.6592413
0.8492413,-0.93075866,-1.2807586,-2.4107587,-2.0707586,-2.9007587,-3.6707587,-4.240759,-4.9507585,-5.050759,-2.6807587,-3.7507586,-4.6607585,-4.320759,-5.3507586,-5.340759,-5.4107585,-5.4007587,-1.9007586,0.57924134,-0.9707587,-2.9707587,0.93924135,-2.3107586,-1.0407586,-2.3307586,-2.1307588,-3.8407586,-2.5807586,-2.0907586,-1.0007586,3.4592414,2.1492414,0.42924133,0.29924133,1.0192413,1.5592413,-0.12075867,2.0992413,0.9192413,0.7992413
1.5292413,-0.09075867,-0.35075867,-1.5407586,-1.2107587,-2.5907586,-3.1407588,-3.6807587,-4.610759,-3.1007586,-1.5907587,-2.7407587,-3.9807587,-4.1907587,-6.2107587,-6.0607586,-5.9707584,-6.4107585,-6.3307586,-3.9407587,-3.3007586,-1.6607586,-0.6607587,-0.51075864,-2.3107586,0.98924136,-1.6907587,-2.0307586,-0.47075868,-0.30075866,0.94924134,1.7792413,0.7992413,-0.030758668,-0.040758666,1.2592413,0.45924133,-0.5307587,-1.4007586,-0.99075866,-0.9007587
2.3492413,2.1992414,1.2992413,0.39924133,-0.08075867,-0.61075866,-1.9907587,-3.2807586,-4.380759,-3.4907587,-2.0107586,-1.2607586,-3.7807586,-4.8907585,-5.990759,-6.110759,-5.5607586,-4.7507586,-5.5607586,-3.6107588,-4.0007586,-2.9407587,-2.9607587,-2.4407587,-1.9807587,-1.0707587,0.43924132,0.14924133,-0.21075867,-0.08075867,0.81924134,1.9792414,1.2492414,-0.73075867,-0.50075865,0.86924136,1.8192413,1.3892413,1.8992413,1.4192413,0.44924134
3.1092412,3.2992413,3.3392413,1.9592414,1.5492413,0.49924132,-0.8907587,-2.2607586,-2.3007586,-3.0807586,-1.8607587,-0.8507587,-1.8007587,-3.4907587,-4.740759,-5.4807587,-5.4107585,-5.090759,-5.130759,-4.090759,-4.6507587,-4.880759,-3.6807587,-2.7807586,-2.4407587,-0.21075867,0.39924133,1.4292413,0.22924133,1.9192413,1.8692414,1.3392414,1.5392413,1.5292413,0.41924134,-0.35075867,0.86924136,1.0792413,1.4492413,1.0392413,1.4292413
2.7792413,3.7692413,4.489241,3.6792414,2.6592414,1.9692414,1.6392413,0.55924135,-0.48075867,-1.6307586,-1.1807587,-1.0607587,-1.3007587,-2.8207586,-4.320759,-4.6607585,-4.9007587,-5.0207586,-4.7507586,-4.7307587,-5.070759,-4.8707585,-4.8107586,-4.050759,-2.5507586,-2.4907587,-2.2207587,-0.87075865,1.3592414,1.9092413,2.5992413,1.3092413,1.0492413,0.5292413,0.35924134,-0.62075865,2.3392413,2.4292414,0.6592413,1.4592414,0.8992413
