wind_kz.json
{"header": {"discipline":0,"disciplineName":"Meteorological products","gribEdition":2,"gribLength":948,"center":7,"centerName":"US National Weather Service - NCEP(WMC)","subcenter":0,"refTime":"2023-09-27T12:00:00.000Z","significanceOfRT":1,"significanceOfRTName":"Start of forecast","productStatus":0,"productStatusName":"Operational products","productType":1,"productTypeName":"Forecast products","productDefinitionTemplate":0,"productDefinitionTemplateName":"Analysis/forecast at horizontal level/layer at a point in time","parameterCategory":0,"parameterCategoryName":"UnknownDiscipline_0_Category_0","parameterNumber":0,"parameterNumberName":"UnknownParameter_D0_C0_0","parameterUnit":"Unknown","genProcessType":2,"genProcessTypeName":"Forecast","forecastTime":240,"surface1Type":1,"surface1TypeName":"Ground or water surface","surface1Value":0.0,"surface2Type":255,"surface2TypeName":"Missing","surface2Value":0.0,"gridDefinitionTemplate":0,"gridDefinitionTemplateName":"Latitude_Longitude","numberPoints":615,"shape":6,"shapeName":"Earth spherical with radius of 6,371,229.0 m","gridUnits":"degrees","resolution":48,"winds":"true","scanMode":64,"nx":41,"ny":15,"basicAngle":0,"lo1":47.0,"la1":41.0,"lo2":87.0,"la2":55.0,"dx":1.0,"dy":1.0}, "data":
[rows 0 to 14 of 15, columns 0 to 40 of 41]
298.9284,289.7284,294.1284,293.1284,293.2284,292.7284,300.4284,302.7284,300.7284,301.52838,300.02838,300.6284,299.4284,299.4284,299.9284,299.7284,299.52838,298.6284,299.7284,299.3284,300.4284,297.7284,298.4284,292.9284,296.7284,298.6284,293.7284,282.52838,280.2284,278.2284,278.52838,277.3284,287.6284,294.02838,294.4284,294.2284,295.8284,294.1284,294.1284,293.3284,291.02838
276.52838,294.7284,293.3284,292.9284,292.8284,291.4284,305.2284,302.2284,299.9284,299.6284,300.4284,299.6284,300.4284,299.7284,299.4284,298.52838,298.52838,298.7284,297.6284,297.8284,297.3284,297.9284,295.52838,288.02838,279.3284,278.7284,287.4284,282.4284,282.7284,276.6284,280.8284,270.52838,280.3284,251.8284,275.8284,291.2284,289.3284,291.52838,294.4284,287.3284,284.6284
298.7284,293.3284,293.02838,292.6284,290.7284,300.9284,301.02838,300.3284,298.9284,298.02838,298.1284,299.02838,299.02838,298.8284,298.3284,298.3284,297.1284,297.2284,297.4284,296.8284,298.02838,297.1284,297.52838,290.6284,294.1284,292.4284,294.2284,293.02838,291.52838,282.52838,274.9284,276.9284,281.8284,281.9284,283.02838,282.6284,275.2284,277.9284,279.8284,274.1284,273.9284
300.6284,291.9284,292.7284,291.7284,292.7284,300.1284,299.52838,298.4284,298.8284,298.3284,297.02838,295.7284,289.9284,289.3284,296.7284,296.9284,296.4284,296.8284,297.2284,296.1284,295.52838,291.02838,295.52838,295.52838,295.3284,295.8284,296.3284,294.3284,292.52838,294.02838,294.2284,290.3284,294.8284,294.02838,291.52838,286.8284,276.6284,269.6284,278.7284,286.7284,290.9284
304.52838,291.1284,291.8284,290.6284,294.1284,300.1284,300.3284,300.8284,298.52838,297.4284,296.9284,294.2284,288.6284,287.7284,286.9284,296.3284,296.52838,295.9284,294.52838,294.6284,295.3284,295.9284,294.8284,294.7284,294.9284,294.4284,293.8284,290.7284,294.7284,294.6284,296.8284,293.7284,279.52838,271.3284,282.02838,292.9284,292.6284,294.6284,294.6284,295.02838,294.2284
301.4284,300.02838,289.9284,290.6284,290.4284,290.1284,299.8284,298.8284,296.6284,296.1284,295.9284,294.8284,289.3284,288.52838,291.9284,295.3284,296.52838,295.2284,295.02838,295.1284,294.02838,293.3284,293.02838,292.8284,293.02838,291.8284,293.02838,286.6284,293.2284,294.02838,293.2284,294.3284,292.7284,291.02838,286.9284,289.6284,283.8284,286.1284,293.6284,293.2284,293.2284
298.52838,298.52838,298.2284,299.4284,295.7284,298.2284,298.6284,297.6284,297.3284,297.02838,296.2284,295.3284,294.02838,294.52838,294.7284,295.1284,295.4284,295.7284,295.02838,294.1284,293.3284,293.7284,293.2284,292.3284,290.6284,290.6284,290.4284,292.52838,291.4284,291.8284,290.9284,290.9284,292.02838,293.7284,290.9284,287.9284,282.52838,279.8284,279.6284,279.3284,287.8284
294.4284,295.8284,296.9284,295.52838,298.6284,298.02838,298.52838,297.02838,296.3284,295.8284,295.02838,294.3284,293.8284,293.7284,295.1284,296.1284,295.3284,295.6284,294.02838,291.4284,291.7284,291.7284,291.3284,290.52838,289.3284,286.2284,286.1284,287.4284,286.3284,287.7284,288.7284,288.6284,287.4284,286.1284,286.6284,289.02838,289.2284,285.3284,288.4284,290.1284,287.1284
290.1284,290.4284,292.52838,291.9284,295.3284,296.2284,293.52838,293.2284,295.7284,295.4284,294.6284,293.4284,292.4284,293.9284,292.7284,294.52838,294.4284,294.02838,292.7284,291.7284,289.3284,289.02838,289.52838,289.02838,287.02838,286.2284,284.02838,283.3284,283.4284,281.8284,284.3284,285.3284,287.02838,287.3284,286.7284,287.1284,286.2284,283.8284,275.02838,277.02838,272.8284
287.4284,286.2284,286.7284,293.52838,293.2284,290.8284,295.02838,293.6284,293.02838,293.7284,292.6284,291.8284,292.6284,292.2284,292.7284,292.7284,292.7284,293.1284,292.7284,291.9284,289.6284,288.6284,288.52838,288.8284,287.8284,286.2284,285.4284,284.4284,283.4284,284.3284,284.4284,286.2284,287.52838,288.2284,286.4284,285.7284,284.9284,280.6284,275.02838,276.3284,272.7284
284.6284,284.7284,284.6284,289.6284,293.2284,292.4284,290.2284,291.9284,289.8284,290.4284,290.8284,290.6284,291.7284,289.7284,291.6284,291.8284,291.2284,291.8284,291.3284,289.6284,289.1284,288.02838,287.6284,287.52838,286.6284,286.02838,284.4284,285.1284,286.7284,287.8284,286.8284,288.02838,288.9284,287.52838,288.1284,287.2284,280.3284,277.02838,278.3284,279.3284,276.7284
285.6284,284.4284,283.9284,285.6284,290.3284,291.2284,291.8284,288.9284,290.3284,289.6284,286.3284,286.8284,288.3284,288.4284,288.9284,289.7284,289.52838,289.2284,289.02838,288.4284,287.02838,285.9284,285.3284,285.3284,285.02838,285.7284,285.52838,286.6284,287.2284,286.2284,287.2284,287.6284,287.6284,286.4284,287.1284,286.7284,288.1284,284.7284,285.4284,285.1284,283.6284
283.1284,284.2284,282.8284,284.1284,286.6284,287.7284,290.9284,291.02838,288.2284,287.9284,285.9284,284.52838,286.8284,286.52838,287.2284,288.02838,288.4284,287.6284,288.4284,286.7284,286.1284,284.8284,283.7284,283.52838,284.2284,285.4284,285.6284,284.8284,286.2284,286.52838,286.02838,286.1284,286.8284,287.02838,287.3284,285.52838,286.9284,288.6284,285.8284,283.4284,283.8284
284.2284,283.8284,284.2284,283.52838,283.2284,283.4284,286.8284,287.9284,288.9284,286.8284,284.9284,282.4284,284.52838,285.02838,286.52838,287.4284,287.52838,286.7284,287.2284,287.02838,286.7284,286.1284,286.1284,285.8284,285.1284,285.3284,284.1284,283.9284,284.2284,283.6284,283.2284,282.6284,282.52838,283.8284,284.8284,284.8284,286.4284,286.2284,282.6284,281.9284,282.02838
281.3284,282.9284,284.7284,281.7284,282.2284,282.8284,285.8284,288.1284,287.9284,286.4284,284.2284,284.8284,282.6284,283.9284,284.8284,286.52838,286.52838,286.1284,286.8284,286.6284,286.7284,286.4284,286.1284,285.4284,284.1284,283.52838,282.4284,282.2284,282.4284,282.1284,281.9284,283.02838,282.2284,282.02838,283.02838,283.52838,285.3284,285.8284,283.2284,283.52838,282.02838
