wind_kz.json
{"header": {"discipline":0,"disciplineName":"Meteorological products","gribEdition":2,"gribLength":1102,"center":7,"centerName":"US National Weather Service - NCEP(WMC)","subcenter":0,"refTime":"2024-04-07T18:00:00.000Z","significanceOfRT":1,"significanceOfRTName":"Start of forecast","productStatus":0,"productStatusName":"Operational products","productType":1,"productTypeName":"Forecast products","productDefinitionTemplate":0,"productDefinitionTemplateName":"Analysis/forecast at horizontal level/layer at a point in time","parameterCategory":2,"parameterCategoryName":"UnknownDiscipline_0_Category_2","parameterNumber":2,"parameterNumberName":"UnknownParameter_D0_C2_2","parameterUnit":"Unknown","genProcessType":2,"genProcessTypeName":"Forecast","forecastTime":60,"surface1Type":103,"surface1TypeName":"Specified height level above ground","surface1Value":10.0,"surface2Type":255,"surface2TypeName":"Missing","surface2Value":0.0,"gridDefinitionTemplate":0,"gridDefinitionTemplateName":"Latitude_Longitude","numberPoints":615,"shape":6,"shapeName":"Earth spherical with radius of 6,371,229.0 m","gridUnits":"degrees","resolution":48,"winds":"true","scanMode":64,"nx":41,"ny":15,"basicAngle":0,"lo1":47.0,"la1":41.0,"lo2":87.0,"la2":55.0,"dx":1.0,"dy":1.0}, "data":
[rows 0 to 14 of 15, columns 0 to 40 of 41]
-0.032712404,-0.012712402,-1.1927124,-2.7427125,-3.5327125,-6.0327125,-9.212712,-9.122712,-9.412712,-6.4327126,-6.2827125,-5.8627124,-5.3627124,-4.6927123,-3.7727125,-4.042712,-3.5227125,-5.8027124,-7.0027122,-7.5527124,-5.2627125,-3.1627123,-0.4027124,1.0972877,-3.7127123,-0.1727124,1.9472876,2.3972876,0.9872876,1.3772876,2.2272875,1.4172876,0.3672876,-2.1027124,-1.6127124,-0.0427124,1.7272877,2.4072876,3.1472876,2.4072876,2.0972877
1.0072876,-2.6027124,-4.0127125,-6.582712,-5.792712,-5.4527125,-7.1627126,-8.112713,-6.8027124,-6.7227125,-6.1127124,-4.6227126,-3.1927123,-2.2027123,-3.4127123,-2.7127123,-3.3227124,-3.8827124,-4.7227125,-3.5827124,-2.7227125,-1.7727123,-1.6627125,-0.13271241,0.7172876,0.1172876,0.097287595,0.3872876,1.0472876,1.0572876,0.3872876,1.6772876,0.4472876,1.8772876,-0.5727124,0.097287595,0.8872876,0.1972876,-2.4727125,-0.7727124,0.9872876
-0.7627124,-4.9827123,-6.1527123,-6.6527123,-7.0027122,-7.2027125,-6.7027125,-5.8727126,-5.8927126,-4.6027126,-4.4427123,-3.7627125,-3.4027123,-3.3527124,-2.0127125,-1.4427124,-2.8127124,-2.3327124,-2.3427124,-1.7927125,-1.2627124,-0.9927124,0.22728759,-0.052712403,-0.3927124,-1.1527123,-1.2427124,0.027287597,1.4172876,0.1372876,2.3072877,0.2872876,0.4772876,2.1572876,0.6572876,0.2472876,-0.4627124,-0.7427124,5.4272876,4.3872876,-1.2227124
-6.2127123,-6.562712,-6.4027123,-5.9927125,-5.3927126,-5.332712,-5.0027122,-2.8527124,-2.5227125,-2.2027123,-1.4527124,-1.2027124,-2.3127124,-2.3327124,-1.6227124,-1.0827124,-0.5027124,-0.7327124,-0.5727124,-0.2327124,0.2472876,0.9572876,-0.6027124,0.3572876,1.3172876,1.6772876,2.4372876,3.0172875,3.5272875,2.4072876,0.6772876,2.7672875,6.0872874,7.4472876,3.3272877,0.1972876,1.4472876,2.2472875,-2.0127125,0.7172876,2.0672877
-6.542712,-6.4127126,-6.0727124,-5.8627124,-4.0727124,-3.8327124,-1.4127125,-0.4027124,0.3372876,0.8972876,1.3672876,1.8772876,2.4072876,2.6472876,2.6172876,3.0972877,2.3472877,2.4172876,2.7272875,2.6972876,2.9372876,3.0572877,2.8872876,3.4272876,3.8572876,3.9472876,5.3872876,5.7572875,6.8572874,6.1272874,5.1272874,4.9972878,2.2172875,2.8272877,-3.2427125,-2.1827123,2.9372876,-3.1227124,5.4872875,4.3172874,2.4972875
-6.6527123,-5.812712,-5.0727124,-4.2627125,-3.4327123,-3.1627123,-2.1627123,-1.5027124,-0.4927124,0.6772876,2.1472876,3.4172876,2.8772876,3.1272876,4.167288,6.0672874,6.1072874,6.4472876,7.1372876,6.0572877,6.0572877,6.2472878,5.2772875,6.187288,4.977288,5.5872874,5.9972878,3.0072875,7.1072874,6.8772874,7.3472877,7.7872877,8.457288,9.2372875,6.3172874,1.0972877,6.8972874,8.217288,9.157288,8.847287,2.5772877
-3.0727124,-2.3227124,-1.3227124,-0.6727124,-0.4927124,0.3872876,1.1572876,1.9572875,2.5772877,3.3572876,4.0772877,4.8472877,5.3572874,6.5872874,6.7372875,6.8472877,7.727288,7.5672874,7.4072876,6.4972878,6.3572874,6.4272876,8.097287,7.2372875,8.017287,5.8972874,7.2972875,6.0172877,6.0472875,6.1272874,7.5772877,8.707288,8.357287,8.177288,8.197288,5.7872877,5.2172875,2.6472876,3.3672876,-2.3427124,1.4672875
0.68728757,1.2472876,1.6872876,2.1972876,2.9672875,3.6172876,4.227288,4.7372875,6.1372876,5.7572875,6.1972876,6.3672876,6.8472877,6.727288,6.2372875,4.6372876,4.5672874,4.8372874,3.7972877,4.1172876,5.9972878,8.407288,7.6972876,7.0572877,7.3772874,7.0672874,7.8372874,6.9972878,6.0772877,7.1472874,7.167288,8.127288,8.367288,8.157288,8.9872875,11.097287,8.9872875,0.9472876,5.3272877,8.257288,7.5872874
4.0472875,4.6372876,4.727288,5.3172874,5.6372876,5.9272876,5.937288,5.3772874,5.1272874,5.5872874,5.707288,4.977288,6.4272876,5.3372874,3.7672875,3.2172875,4.707288,4.3972874,5.2772875,5.8572874,7.5772877,7.437288,6.8672876,7.1572876,7.1572876,6.957288,5.207288,4.1772876,5.937288,5.5972877,6.9872875,7.6772876,8.827288,8.617288,6.5172877,6.5872874,7.5972877,3.0072875,1.6472876,0.3972876,1.3972876
3.2972877,3.5472877,4.0072875,4.5472875,4.977288,5.2472878,5.2372875,5.4272876,5.937288,5.2172875,4.7372875,3.9872875,3.8472877,5.3972874,3.1072876,1.8172876,2.2272875,2.8072877,3.5572877,4.3272877,6.1072874,7.1172876,7.0172877,6.8672876,6.1772876,6.0472875,5.7972875,5.5972877,4.8272877,6.9872875,7.5072875,8.097287,8.137287,6.5672874,6.7772875,4.5272875,2.6472876,-0.3527124,2.8272877,2.4372876,0.2172876
3.8972876,4.3072877,4.3272877,4.727288,4.3972874,4.3172874,4.8172874,5.5272875,6.0672874,4.1972876,2.4472876,1.6172876,3.2572875,2.3172877,1.6972876,1.5172876,2.2772875,2.8372877,3.8172877,5.8772874,6.937288,6.8272877,7.207288,7.0172877,6.227288,6.4672875,7.0472875,7.1972876,7.6972876,8.317287,7.6172876,6.6372876,7.4672875,5.8772874,8.057287,3.9572875,0.5672876,0.9972876,3.3272877,4.0172877,2.0072875
3.0072875,3.2972877,3.2072875,2.2072875,1.4672875,-0.2927124,0.4872876,0.5072876,1.4072876,-0.022712402,-0.1027124,1.5372876,1.7172875,1.9372876,2.0772877,2.8872876,4.417288,4.4272876,3.9172876,3.7172875,4.0872874,3.5472877,5.727288,6.7172875,7.6072874,7.3272877,6.3972874,2.1772876,4.3772874,4.8672876,6.0872874,7.3372874,6.6172876,6.0872874,4.5572877,7.227288,5.8172874,5.1272874,4.727288,3.9472876,3.6972876
1.6972876,0.8172876,-1.3127124,0.8172876,0.1972876,1.0172876,1.3372875,1.6172876,2.3872876,0.3872876,0.5872876,2.7672875,2.4472876,2.3372877,0.6472876,0.1372876,1.4972876,2.7172875,3.7972877,3.5272875,5.227288,4.2172875,5.417288,3.2072875,5.4972878,4.667288,4.6572876,2.9772875,4.207288,4.437288,5.7972875,7.3572874,7.6972876,6.417288,6.6072874,5.477288,6.207288,4.1472874,4.7572875,4.5772877,4.2972875
-1.2827125,-1.9127125,1.1472876,0.6272876,1.2472876,1.2372876,1.9572875,2.4772875,1.1272876,1.6872876,1.5072876,2.9272876,1.2772876,0.9072876,-1.4727124,1.0172876,2.5272875,2.4672875,3.6772876,3.6472876,3.5372877,2.9972875,4.167288,2.9872875,2.8072877,1.4572875,1.9772877,1.5872875,2.4672875,1.9572875,2.3372877,0.7972876,0.4572876,1.3472877,1.7172875,2.1572876,2.1472876,3.6672876,3.6672876,3.2972877,4.437288
-1.4327124,-1.4127125,-0.9327124,-0.012712402,-0.1427124,-0.5527124,0.0772876,-1.6227124,-1.7127124,-1.4727124,0.4972876,1.6272876,2.5772877,-0.3027124,0.0772876,1.3572876,2.3072877,2.7272875,2.9172876,2.6772876,2.9672875,2.9372876,1.9972876,1.7472876,0.3472876,0.2872876,0.3172876,-0.4627124,-0.3827124,0.057287596,1.2872876,1.5172876,0.6772876,1.4072876,2.7672875,3.9672875,4.9272876,6.3772874,6.6772876,6.4872875,4.3472877
