wind_kz.json
{"header": {"discipline":0,"disciplineName":"Meteorological products","gribEdition":2,"gribLength":1102,"center":7,"centerName":"US National Weather Service - NCEP(WMC)","subcenter":0,"refTime":"2023-09-19T06:00:00.000Z","significanceOfRT":1,"significanceOfRTName":"Start of forecast","productStatus":0,"productStatusName":"Operational products","productType":1,"productTypeName":"Forecast products","productDefinitionTemplate":0,"productDefinitionTemplateName":"Analysis/forecast at horizontal level/layer at a point in time","parameterCategory":2,"parameterCategoryName":"UnknownDiscipline_0_Category_2","parameterNumber":2,"parameterNumberName":"UnknownParameter_D0_C2_2","parameterUnit":"Unknown","genProcessType":2,"genProcessTypeName":"Forecast","forecastTime":120,"surface1Type":103,"surface1TypeName":"Specified height level above ground","surface1Value":10.0,"surface2Type":255,"surface2TypeName":"Missing","surface2Value":0.0,"gridDefinitionTemplate":0,"gridDefinitionTemplateName":"Latitude_Longitude","numberPoints":615,"shape":6,"shapeName":"Earth spherical with radius of 6,371,229.0 m","gridUnits":"degrees","resolution":48,"winds":"true","scanMode":64,"nx":41,"ny":15,"basicAngle":0,"lo1":47.0,"la1":41.0,"lo2":87.0,"la2":55.0,"dx":1.0,"dy":1.0}, "data":
[rows 0 to 14 of 15, columns 0 to 40 of 41]
-0.50408936,1.0059106,-1.9640894,-5.9440894,-7.9640894,-8.004089,-8.35409,-8.574089,-8.77409,-5.7640896,-5.5240893,-5.7840896,-4.8140893,-4.2840896,-3.6440895,-3.5140893,-4.724089,-6.8340893,-5.7640896,-6.1040893,-2.2940893,-1.4940894,0.69591063,2.3059106,-2.5740893,-0.5340893,2.3359106,2.5759106,0.98591065,1.9359107,2.8359106,1.0559106,0.21591064,-0.41408935,-0.35408935,0.45591065,0.72591066,1.3459107,1.7859106,2.4459107,2.0659106
1.1759106,-3.6040893,-9.254089,-8.784089,-8.614089,-7.4840894,-7.4240894,-9.504089,-6.8640895,-5.9640894,-5.0340896,-5.0940895,-5.2740893,-4.7640896,-4.3440895,-4.4240894,-4.704089,-5.244089,-4.9840894,-3.3340893,-4.434089,-5.1940894,-1.9440894,2.6959107,-0.054089356,0.065910645,1.0659107,1.0959107,2.6059105,2.3559105,1.2059107,2.1359107,1.3259107,1.2359107,-0.32408935,1.3759106,1.7459106,0.66591066,1.0759107,-0.63408935,0.84591067
-7.8640895,-9.60409,-9.714089,-9.824089,-8.704089,-7.974089,-7.3040895,-5.3740892,-7.224089,-6.4240894,-6.244089,-5.184089,-4.5940895,-4.4840894,-4.204089,-4.1540895,-4.4440894,-4.8540893,-5.3040895,-4.5340896,-1.6140894,-7.8740892,-7.1540895,-8.31409,-1.4740894,-2.0440893,-0.8440893,1.1659106,2.8659105,1.0359106,1.8459107,1.0759107,0.8359106,5.605911,1.2859106,1.8359107,1.1159106,-1.0140893,4.7159104,5.0159106,2.7259107
-10.31409,-10.51409,-9.454089,-8.194089,-7.2740893,-8.18409,-6.2740893,-7.3040895,-6.1040893,-6.1140895,-5.7940893,-7.0140896,-6.5140896,-5.5540895,-5.6340895,-6.2140894,-6.1740894,-6.3440895,-6.1740894,-6.0940895,-6.1240892,-6.5740895,-2.4940894,-4.9640894,-5.414089,-5.3240895,-4.8140893,-4.3540893,-1.3040893,1.5859107,3.4059107,4.3859105,8.39591,10.335911,7.4859104,3.8459105,1.7759106,3.2559106,-0.20408936,-0.71408933,-3.2940893
-9.614089,-7.954089,-7.7840896,-7.5940895,-6.8040895,-6.2140894,-5.9040895,-5.164089,-4.724089,-5.974089,-7.5940895,-8.044089,-7.1040893,-5.5640893,-3.9240894,-5.974089,-6.724089,-6.2840896,-6.3440895,-7.1040893,-7.1040893,-6.7640896,-6.1540895,-5.934089,-5.3040895,-4.9840894,-6.5040894,-3.5440893,-2.9140894,-2.0740893,-1.4740894,-2.8240893,1.1459106,2.8259106,-1.4040893,-4.474089,8.1559105,0.24591064,1.7259107,3.0759106,2.1859107
-7.2340894,-6.5240893,-8.734089,-7.6040893,-6.5940895,-5.684089,-5.0840893,-4.6940894,-4.8140893,-5.4240894,-6.3240895,-6.4640894,-6.4440894,-6.6040893,-5.6940894,-6.434089,-6.454089,-6.5540895,-7.0540895,-6.5840893,-7.4440894,-6.934089,-5.9640894,-5.1340895,-4.894089,-5.1140895,-4.4640894,-4.4640894,-2.7740893,-2.0140893,-1.8540894,-1.6240894,-1.1140894,0.5159106,5.4159107,11.27591,6.8959107,7.1159105,14.095911,9.835911,3.9459107
-7.2340894,-8.05409,-7.5640893,-6.644089,-5.6740894,-5.0140896,-4.1240892,-2.8640893,-3.4340894,-5.3240895,-5.454089,-6.2140894,-6.1240892,-6.6740894,-6.3640895,-5.954089,-5.8440895,-5.644089,-5.1140895,-5.8540893,-6.1940894,-5.5640893,-4.934089,-4.224089,-3.9140894,-2.9040895,-2.5440893,-1.8240894,-1.8040893,-1.3740894,-1.3140893,-1.2640893,-0.28408936,1.4559107,3.4759107,2.6559107,-1.3640894,-1.5740894,3.5659106,0.08591065,5.275911
-7.3540893,-6.664089,-5.704089,-4.7140894,-4.1240892,-3.3040893,-2.4940894,-2.6340895,-3.8940895,-4.8040895,-4.6340895,-5.9040895,-5.5140896,-5.9240894,-5.0740895,-4.9640894,-4.6340895,-4.4240894,-3.8640893,-4.3640895,-4.6940894,-4.5040894,-4.394089,-3.4540894,-2.9040895,-1.5540893,-1.2940893,-0.5940893,-0.6740894,-0.7240894,0.20591064,0.53591067,0.25591063,0.25591063,-0.23408936,2.6559107,6.3859105,9.385911,10.22591,10.995911,4.6559105
-5.5140896,-5.3240895,-4.5240893,-3.9440894,-3.0640893,-1.6040894,-3.2740893,-3.6040893,-3.6040893,-4.0340896,-3.7540894,-4.1940894,-4.5740895,-4.164089,-4.0240893,-3.7040894,-3.7740893,-3.5740893,-3.2340894,-3.0640893,-3.0940893,-2.5240893,-1.8440894,-1.5640893,-1.4640894,-1.2040894,-0.42408934,0.095910646,0.095910646,1.3059106,0.87591064,1.1959107,2.3759108,1.8959106,2.1659107,2.7159107,3.0559106,3.2959106,1.7759106,0.8959106,1.8359107
-4.7340894,-4.3040895,-3.5840893,-2.8440893,-3.4840894,-3.6340895,-3.7140894,-3.5340893,-2.8040893,-1.4640894,-2.7240894,-3.2540894,-2.9740894,-2.5440893,-2.3140893,-2.1340895,-2.1940894,-2.0640893,-1.7940893,-1.8340894,-1.6240894,-0.7840893,-0.17408936,-0.18408936,0.105910644,0.26591066,-0.22408935,0.13591065,0.67591065,1.6059107,2.4359107,2.8559105,3.0759106,3.3059106,2.8659105,2.5959105,2.4159107,2.2059107,1.6259106,1.0859107,1.0859107
-3.1340895,-2.7640893,-2.3040893,-2.9840894,-3.1840894,-3.8440893,-3.2740893,-2.6240892,-2.2940893,-2.6940894,-2.3240893,-2.4740894,-1.8540894,-1.8440894,-0.90408933,0.045910645,-0.024089355,-0.45408934,-0.49408937,-0.81408936,-0.20408936,0.17591065,0.49591064,0.78591067,0.92591065,1.0059106,1.2559106,1.0159106,2.4759107,2.2059107,3.9959106,4.1259108,3.9859107,2.6859107,2.0659106,4.1559105,0.11591064,1.1659106,0.79591066,-0.62408936,-0.25408936
-1.2440894,-0.88408935,-1.9440894,-1.9440894,-2.6940894,-2.7840893,-2.9740894,-3.2940893,-3.2740893,-2.8140893,-1.3640894,-1.0240893,-0.5440894,0.78591067,0.66591066,0.66591066,1.1459106,1.7559106,2.3059106,1.9359107,1.6059107,1.3859106,1.6259106,1.8559107,1.5559106,1.8959106,2.6959107,2.5359106,3.8359106,4.065911,3.2359107,2.6759107,2.9159107,3.3259106,1.8659106,1.9059106,2.1659107,3.4159107,2.3259106,1.9959106,1.1959107
-0.43408936,-0.81408936,-1.1240894,-1.5340893,-1.3940893,-1.6140894,-2.2940893,-2.1440895,-2.4340894,-1.6140894,-0.52408934,0.68591064,1.2059107,2.4659107,2.1659107,2.6359107,2.7059107,2.8759108,2.7759106,3.1059105,3.1659107,3.0359106,2.7059107,2.7559106,3.7459106,3.5059106,3.3359106,4.5159106,3.6259108,3.6059105,3.8459105,4.7159104,4.1459107,4.0359106,3.0959105,3.3159106,3.0059106,1.3459107,3.3059106,2.4059107,2.1559107
0.105910644,-0.0040893555,-0.61408937,-0.99408937,-0.87408936,-0.52408934,-0.114089355,0.12591064,0.0059106443,-0.52408934,-0.24408935,0.28591064,0.92591065,2.3359106,2.6159105,2.8859107,3.5359106,3.7759106,3.6959107,4.085911,4.1159105,3.6859107,4.4459105,4.4759107,3.5059106,3.6259108,4.2159104,3.8559105,3.2359107,2.6259108,2.2159107,2.7259107,3.1759107,3.1359107,3.4359107,3.6659107,3.5759106,2.8559105,2.8059106,2.1159105,3.2059107
0.86591065,1.1159106,0.7059106,0.42591065,0.9559106,1.7659106,2.1359107,1.5959107,1.2359107,0.31591064,-0.024089355,0.37591064,1.0559106,1.7159107,2.6359107,3.3459105,4.0559106,4.7259107,4.6159105,5.3659105,5.4559107,5.0559106,4.9059105,3.5659106,3.3159106,2.9959106,3.4159107,4.3759108,3.8659105,3.5659106,3.5259106,4.065911,2.9559107,3.7159107,3.5759106,3.7259107,3.5359106,4.7259107,4.6459107,4.4159107,2.7559106
