wind_kz.json
{"header": {"discipline":0,"disciplineName":"Meteorological products","gribEdition":2,"gribLength":871,"center":7,"centerName":"US National Weather Service - NCEP(WMC)","subcenter":0,"refTime":"2023-09-19T06:00:00.000Z","significanceOfRT":1,"significanceOfRTName":"Start of forecast","productStatus":0,"productStatusName":"Operational products","productType":1,"productTypeName":"Forecast products","productDefinitionTemplate":0,"productDefinitionTemplateName":"Analysis/forecast at horizontal level/layer at a point in time","parameterCategory":0,"parameterCategoryName":"UnknownDiscipline_0_Category_0","parameterNumber":0,"parameterNumberName":"UnknownParameter_D0_C0_0","parameterUnit":"Unknown","genProcessType":2,"genProcessTypeName":"Forecast","forecastTime":0,"surface1Type":1,"surface1TypeName":"Ground or water surface","surface1Value":0.0,"surface2Type":255,"surface2TypeName":"Missing","surface2Value":0.0,"gridDefinitionTemplate":0,"gridDefinitionTemplateName":"Latitude_Longitude","numberPoints":615,"shape":6,"shapeName":"Earth spherical with radius of 6,371,229.0 m","gridUnits":"degrees","resolution":48,"winds":"true","scanMode":64,"nx":41,"ny":15,"basicAngle":0,"lo1":47.0,"la1":41.0,"lo2":87.0,"la2":55.0,"dx":1.0,"dy":1.0}, "data":
[rows 0 to 14 of 15, columns 0 to 40 of 41]
294.0772,283.9772,294.1772,295.1772,294.9772,294.5772,302.1772,305.3772,303.7772,305.7772,304.6772,295.8772,298.3772,297.2772,302.2772,302.6772,312.3772,311.3772,316.7772,312.6772,316.0772,313.6772,311.5772,310.0772,311.6772,310.6772,308.9772,301.4772,301.2772,296.0772,292.8772,285.8772,303.3772,311.3772,316.2772,316.2772,318.3772,318.1772,316.7772,316.5772,317.9772
284.8772,295.4772,294.8772,295.0772,294.4772,293.0772,306.2772,303.1772,302.8772,302.4772,304.0772,306.2772,305.6772,297.2772,299.8772,304.7772,309.7772,314.6772,316.2772,313.6772,315.3772,312.4772,308.8772,300.3772,293.0772,294.6772,305.1772,302.8772,301.9772,290.8772,294.5772,277.2772,294.9772,269.2772,277.0772,307.0772,308.6772,308.5772,315.7772,308.9772,285.3772
298.3772,293.8772,295.1772,294.6772,292.5772,301.9772,301.2772,302.3772,302.2772,301.1772,301.3772,295.8772,300.7772,296.1772,297.3772,298.8772,304.6772,312.5772,312.7772,313.4772,309.0772,312.4772,311.6772,299.2772,305.6772,310.2772,308.2772,307.2772,305.5772,298.3772,289.2772,289.2772,293.6772,295.6772,296.3772,295.5772,295.1772,293.5772,295.5772,290.4772,288.4772
301.2772,293.6772,295.0772,293.7772,294.7772,301.1772,298.6772,300.5772,296.5772,300.0772,300.5772,300.3772,292.6772,292.2772,305.6772,302.9772,302.7772,310.5772,311.1772,313.0772,309.4772,305.1772,304.4772,304.3772,304.3772,301.1772,304.6772,301.4772,304.6772,305.0772,306.7772,302.7772,304.6772,307.0772,308.9772,304.1772,292.8772,275.0772,295.3772,302.6772,304.3772
299.7772,292.5772,293.5772,292.9772,295.8772,300.6772,300.3772,292.8772,296.0772,291.9772,290.7772,297.4772,291.7772,290.7772,289.2772,306.5772,309.8772,303.6772,302.6772,305.3772,305.5772,307.5772,305.3772,303.1772,299.4772,303.9772,300.6772,297.8772,304.1772,305.0772,302.9772,305.6772,297.6772,289.7772,298.8772,305.3772,302.4772,311.2772,311.5772,307.1772,303.8772
299.6772,299.0772,292.1772,291.7772,292.6772,291.9772,300.1772,292.5772,291.1772,293.6772,290.0772,298.7772,291.7772,291.9772,297.6772,301.1772,303.2772,307.9772,304.0772,303.8772,304.6772,304.0772,305.3772,304.4772,304.8772,296.8772,301.6772,290.0772,303.3772,303.6772,304.4772,302.6772,306.3772,307.0772,304.6772,302.5772,295.4772,304.5772,311.7772,308.3772,294.0772
302.3772,303.1772,300.0772,300.6772,298.6772,301.5772,297.5772,297.7772,293.3772,290.7772,293.3772,288.6772,295.2772,288.9772,296.0772,297.1772,298.3772,303.6772,301.8772,304.3772,299.8772,304.8772,302.6772,303.9772,301.0772,300.7772,302.3772,304.3772,305.7772,307.5772,307.8772,306.6772,307.0772,308.7772,306.5772,302.8772,299.4772,297.3772,295.5772,289.1772,298.0772
298.9772,302.1772,301.2772,300.2772,300.6772,300.4772,301.8772,292.8772,293.3772,294.4772,295.2772,289.7772,286.7772,290.7772,296.6772,297.7772,290.4772,296.8772,296.4772,297.5772,295.7772,296.4772,303.6772,303.7772,301.6772,300.0772,299.8772,302.3772,302.2772,304.8772,302.4772,304.0772,303.8772,300.0772,295.3772,303.1772,304.4772,289.2772,303.9772,304.3772,298.6772
300.4772,299.5772,300.3772,300.1772,299.7772,298.9772,299.9772,299.0772,299.7772,298.1772,291.6772,291.0772,291.9772,290.1772,290.8772,287.6772,289.7772,289.0772,289.6772,291.7772,289.1772,297.8772,296.7772,299.2772,300.3772,299.6772,298.4772,300.2772,298.6772,301.0772,300.6772,300.3772,300.0772,299.5772,300.8772,300.4772,298.3772,298.4772,286.3772,286.7772,286.2772
297.9772,297.4772,298.4772,298.2772,291.1772,293.5772,300.0772,298.7772,298.7772,297.9772,296.8772,295.9772,294.6772,288.4772,288.5772,291.3772,287.2772,288.5772,288.9772,291.4772,290.6772,289.2772,294.3772,297.5772,298.1772,297.9772,299.2772,302.0772,300.8772,300.6772,296.1772,295.0772,292.5772,300.8772,300.9772,297.7772,294.3772,290.0772,288.7772,286.9772,285.7772
297.0772,296.8772,296.3772,297.8772,297.6772,298.8772,299.1772,299.3772,293.8772,297.9772,295.1772,294.6772,288.0772,288.6772,292.5772,287.0772,286.6772,289.0772,292.1772,293.1772,292.3772,295.7772,296.7772,298.0772,298.3772,302.1772,298.0772,299.8772,300.9772,302.4772,301.9772,301.9772,301.3772,297.5772,297.1772,293.6772,286.3772,287.8772,293.4772,286.5772,283.6772
294.0772,295.3772,296.2772,296.5772,296.4772,297.0772,296.8772,297.1772,297.1772,290.6772,288.6772,290.3772,286.9772,287.8772,294.7772,285.8772,287.2772,290.0772,292.4772,294.6772,293.6772,295.1772,295.6772,297.9772,296.7772,298.5772,299.2772,298.1772,302.4772,295.2772,293.1772,290.3772,295.1772,295.9772,292.8772,292.2772,295.6772,294.4772,291.1772,295.9772,293.7772
290.3772,292.1772,292.4772,293.5772,291.3772,293.3772,294.9772,296.5772,296.7772,293.7772,287.0772,283.7772,292.1772,286.3772,288.7772,287.7772,290.9772,294.0772,289.4772,293.6772,294.2772,292.4772,293.4772,293.9772,296.9772,293.0772,298.4772,300.6772,293.4772,298.8772,297.7772,300.1772,297.2772,295.8772,295.0772,294.4772,293.3772,289.7772,292.5772,293.6772,293.7772
289.9772,290.2772,289.7772,291.8772,291.6772,288.3772,284.6772,289.8772,291.1772,291.7772,288.8772,286.6772,289.3772,287.0772,292.2772,289.1772,288.1772,288.0772,296.5772,297.0772,292.5772,295.7772,291.6772,296.0772,297.7772,299.1772,298.9772,298.5772,299.2772,298.4772,298.4772,298.0772,298.8772,298.4772,297.7772,296.3772,294.2772,295.2772,296.2772,292.4772,293.7772
286.8772,289.4772,287.8772,288.6772,288.8772,288.9772,288.9772,289.0772,287.8772,288.5772,289.8772,289.5772,287.1772,289.0772,291.2772,292.3772,293.1772,292.4772,295.2772,295.4772,297.3772,297.0772,295.3772,292.7772,297.1772,295.7772,298.0772,298.6772,294.6772,298.9772,297.6772,290.4772,296.6772,296.8772,297.0772,296.2772,297.7772,292.6772,291.8772,296.8772,296.1772
