wind_kz.json
{"header": {"discipline":0,"disciplineName":"Meteorological products","gribEdition":2,"gribLength":871,"center":7,"centerName":"US National Weather Service - NCEP(WMC)","subcenter":0,"refTime":"2023-08-26T06:00:00.000Z","significanceOfRT":1,"significanceOfRTName":"Start of forecast","productStatus":0,"productStatusName":"Operational products","productType":1,"productTypeName":"Forecast products","productDefinitionTemplate":0,"productDefinitionTemplateName":"Analysis/forecast at horizontal level/layer at a point in time","parameterCategory":0,"parameterCategoryName":"UnknownDiscipline_0_Category_0","parameterNumber":0,"parameterNumberName":"UnknownParameter_D0_C0_0","parameterUnit":"Unknown","genProcessType":2,"genProcessTypeName":"Forecast","forecastTime":180,"surface1Type":1,"surface1TypeName":"Ground or water surface","surface1Value":0.0,"surface2Type":255,"surface2TypeName":"Missing","surface2Value":0.0,"gridDefinitionTemplate":0,"gridDefinitionTemplateName":"Latitude_Longitude","numberPoints":615,"shape":6,"shapeName":"Earth spherical with radius of 6,371,229.0 m","gridUnits":"degrees","resolution":48,"winds":"true","scanMode":64,"nx":41,"ny":15,"basicAngle":0,"lo1":47.0,"la1":41.0,"lo2":87.0,"la2":55.0,"dx":1.0,"dy":1.0}, "data":
[rows 0 to 14 of 15, columns 0 to 40 of 41]
298.56555,289.56555,289.86554,298.56555,298.56555,297.76556,298.36554,300.66556,298.96555,298.96555,297.16556,298.26556,297.26556,296.56555,296.06555,293.46555,293.96555,294.76556,293.56555,294.26556,296.86554,291.06555,290.46555,287.86554,289.06555,291.16556,288.56555,277.66556,279.06555,278.46555,278.56555,280.76556,290.66556,296.76556,298.96555,299.16556,298.56555,299.56555,301.06555,299.26556,297.36554
278.56555,289.86554,298.56555,298.76556,298.76556,297.46555,297.66556,297.26556,296.26556,296.16556,297.16556,295.86554,294.06555,292.26556,293.36554,293.26556,294.56555,294.66556,291.66556,292.96555,293.26556,292.86554,291.06555,281.96555,275.46555,275.76556,283.86554,278.36554,278.46555,274.76556,282.06555,273.16556,282.76556,265.96555,280.56555,295.96555,293.66556,296.96555,302.66556,292.76556,284.46555
291.36554,298.16556,298.86554,298.96555,297.56555,296.36554,296.26556,296.16556,295.06555,294.96555,294.06555,294.16556,290.06555,291.56555,292.46555,289.86554,289.86554,289.56555,290.86554,292.56555,295.16556,291.06555,291.56555,286.16556,288.16556,286.96555,289.06555,287.86554,286.36554,279.26556,274.16556,277.56555,281.06555,281.86554,284.36554,284.36554,280.26556,282.76556,283.66556,279.16556,279.86554
289.96555,298.36554,298.66556,298.06555,295.76556,294.06555,294.66556,295.06555,295.76556,294.86554,294.16556,293.26556,294.76556,294.06555,292.36554,291.96555,293.36554,291.46555,291.96555,291.06555,290.16556,287.96555,292.86554,292.96555,293.86554,293.56555,293.36554,290.96555,290.46555,291.56555,292.56555,289.96555,295.46555,292.46555,292.06555,288.16556,278.66556,280.96555,283.26556,291.06555,296.16556
294.46555,297.66556,298.16556,297.96555,296.26556,293.86554,294.86554,295.46555,294.46555,294.36554,293.76556,292.76556,294.56555,293.16556,290.86554,292.36554,292.56555,291.56555,289.56555,292.86554,295.26556,294.76556,291.56555,292.36554,291.96555,291.16556,291.06555,291.46555,290.66556,291.16556,295.56555,289.86554,279.86554,274.36554,284.26556,292.76556,294.56555,297.46555,296.66556,298.76556,298.96555
293.26556,290.56555,295.96555,296.46555,297.66556,296.96555,294.76556,296.66556,294.46555,294.06555,294.36554,293.76556,293.86554,294.16556,293.66556,291.86554,292.06555,293.76556,292.96555,293.56555,291.56555,292.66556,291.16556,289.36554,292.26556,292.06555,291.56555,292.56555,291.96555,293.46555,291.76556,293.56555,291.26556,289.06555,288.16556,291.66556,283.96555,285.86554,294.16556,296.26556,295.96555
294.16556,292.66556,293.96555,295.96555,295.06555,293.36554,294.76556,294.56555,295.06555,294.76556,293.26556,294.36554,293.36554,292.36554,289.76556,290.96555,289.96555,290.26556,289.36554,288.26556,287.26556,288.06555,288.96555,289.96555,286.46555,285.76556,288.46555,292.46555,291.86554,291.96555,290.36554,290.46555,291.36554,292.16556,290.96555,289.16556,285.46555,283.26556,279.66556,280.46555,292.26556
294.96555,293.36554,295.86554,295.06555,295.36554,295.06555,294.16556,293.16556,291.96555,291.56555,290.06555,289.66556,287.76556,289.06555,289.36554,291.06555,289.76556,288.96555,287.76556,285.06555,285.26556,286.86554,286.86554,287.36554,285.56555,282.06555,282.86554,284.96555,284.46555,287.76556,289.06555,290.76556,288.66556,285.46555,285.76556,289.76556,289.86554,289.36554,289.86554,291.86554,286.06555
294.56555,292.96555,293.46555,291.16556,293.66556,292.46555,290.66556,291.36554,290.06555,288.36554,286.86554,285.36554,285.06555,290.76556,289.86554,289.96555,286.66556,285.96555,285.66556,283.86554,284.26556,282.86554,283.56555,283.46555,283.66556,282.36554,283.06555,280.76556,280.16556,279.16556,281.86554,284.56555,287.46555,290.66556,290.06555,286.96555,283.46555,287.56555,278.46555,275.76556,274.16556
292.36554,293.26556,291.66556,291.16556,289.76556,289.86554,289.56555,289.26556,288.46555,286.56555,284.76556,284.26556,285.16556,287.96555,285.46555,285.66556,284.96555,284.46555,283.96555,283.46555,282.36554,281.66556,282.86554,282.46555,283.06555,280.86554,282.16556,283.36554,281.86554,282.26556,282.06555,285.46555,288.56555,290.06555,286.86554,286.96555,288.96555,283.86554,279.26556,279.66556,277.16556
291.86554,289.36554,289.76556,289.46555,288.56555,289.06555,288.86554,287.16556,286.36554,285.16556,283.96555,285.46555,287.36554,283.26556,283.16556,283.26556,283.06555,283.86554,283.56555,283.76556,282.66556,282.26556,281.86554,283.46555,281.06555,281.16556,279.26556,281.46555,285.86554,283.66556,285.56555,287.16556,287.56555,288.56555,287.06555,285.66556,282.96555,279.56555,279.26556,281.16556,279.26556
289.36554,290.56555,289.96555,288.66556,287.26556,287.56555,286.06555,287.06555,289.06555,288.26556,281.96555,285.16556,285.26556,282.06555,282.16556,282.46555,284.46555,282.56555,283.06555,282.76556,282.46555,281.26556,281.26556,283.26556,281.26556,280.96555,283.56555,285.26556,284.16556,287.56555,286.96555,286.06555,285.76556,284.46555,287.36554,287.36554,286.86554,287.36554,289.56555,286.86554,285.26556
289.06555,288.66556,288.86554,286.46555,287.06555,286.66556,285.66556,289.16556,286.76556,282.66556,284.86554,282.46555,284.76556,283.66556,281.46555,280.96555,281.66556,282.06555,283.46555,282.06555,281.86554,280.46555,280.56555,282.16556,283.06555,284.46555,284.36554,283.36554,285.86554,283.46555,285.76556,283.26556,284.16556,283.86554,284.66556,284.76556,286.66556,291.96555,288.66556,287.66556,287.06555
287.66556,288.46555,289.16556,287.56555,285.26556,284.86554,284.76556,288.56555,288.16556,283.66556,281.26556,278.86554,281.16556,283.86554,283.96555,283.76556,282.76556,283.96555,284.26556,281.96555,282.16556,281.86554,282.56555,282.86554,283.56555,284.46555,283.56555,283.56555,283.16556,282.66556,283.36554,283.36554,283.36554,283.46555,285.36554,284.36554,283.66556,286.36554,287.06555,286.46555,285.36554
289.36554,289.36554,290.16556,287.06555,285.96555,284.46555,284.56555,283.56555,288.16556,287.26556,284.56555,283.46555,281.76556,283.46555,283.76556,284.16556,284.26556,283.96555,282.76556,283.96555,283.16556,281.86554,282.06555,282.56555,282.46555,282.56555,282.16556,284.06555,285.06555,283.36554,284.46555,283.66556,284.06555,284.46555,284.96555,284.46555,285.16556,285.16556,284.16556,285.76556,285.56555
