wind_kz.json
{"header": {"discipline":0,"disciplineName":"Meteorological products","gribEdition":2,"gribLength":1025,"center":7,"centerName":"US National Weather Service - NCEP(WMC)","subcenter":0,"refTime":"2023-09-10T00:00:00.000Z","significanceOfRT":1,"significanceOfRTName":"Start of forecast","productStatus":0,"productStatusName":"Operational products","productType":1,"productTypeName":"Forecast products","productDefinitionTemplate":0,"productDefinitionTemplateName":"Analysis/forecast at horizontal level/layer at a point in time","parameterCategory":2,"parameterCategoryName":"UnknownDiscipline_0_Category_2","parameterNumber":2,"parameterNumberName":"UnknownParameter_D0_C2_2","parameterUnit":"Unknown","genProcessType":2,"genProcessTypeName":"Forecast","forecastTime":0,"surface1Type":103,"surface1TypeName":"Specified height level above ground","surface1Value":10.0,"surface2Type":255,"surface2TypeName":"Missing","surface2Value":0.0,"gridDefinitionTemplate":0,"gridDefinitionTemplateName":"Latitude_Longitude","numberPoints":615,"shape":6,"shapeName":"Earth spherical with radius of 6,371,229.0 m","gridUnits":"degrees","resolution":48,"winds":"true","scanMode":64,"nx":41,"ny":15,"basicAngle":0,"lo1":47.0,"la1":41.0,"lo2":87.0,"la2":55.0,"dx":1.0,"dy":1.0}, "data":
[rows 0 to 14 of 15, columns 0 to 40 of 41]
5.112876,0.742876,1.352876,-0.797124,-2.547124,-3.8171241,-6.677124,-5.677124,-7.757124,-3.267124,-6.127124,-7.197124,-7.337124,-6.867124,-5.4371243,-4.847124,-3.657124,-5.497124,-6.587124,-3.777124,-0.577124,0.38287598,-0.41712403,-2.947124,0.632876,-1.297124,-2.887124,-1.537124,0.542876,-0.577124,-0.767124,1.4928759,-0.627124,-1.1171241,-4.087124,-3.607124,-1.7571241,-3.367124,-4.617124,-4.087124,-4.507124
3.522876,0.862876,-3.217124,-5.647124,-6.057124,-3.377124,-3.487124,-4.847124,-5.737124,-4.217124,-5.487124,-5.617124,-4.377124,-3.657124,-5.347124,-3.347124,-3.587124,-4.317124,-3.187124,-2.677124,-2.297124,-1.727124,-1.5071241,-3.5571241,-1.297124,0.022875976,-0.90712404,-0.46712402,-0.797124,-1.307124,0.07287598,-0.45712402,0.52287596,-1.657124,-0.14712402,-0.097124025,-0.53712404,0.28287598,0.742876,0.21287598,-4.827124
3.922876,10.142876,-8.727124,-4.847124,-4.797124,-3.097124,-3.497124,-3.977124,-3.387124,-3.047124,-3.997124,-4.957124,-3.587124,-3.8071241,-5.237124,-5.597124,-3.417124,-2.027124,-1.987124,-1.647124,0.20287597,-3.397124,-6.067124,-3.877124,1.9928759,1.1128759,0.632876,2.282876,1.272876,-0.53712404,-1.947124,2.672876,-1.2471241,-1.0071241,0.64287597,-0.96712404,-0.26712403,-0.11712402,1.292876,2.372876,1.8828759
6.162876,9.592876,-7.817124,-6.457124,-2.837124,-1.897124,-2.097124,-2.707124,-2.327124,-1.077124,-0.71712404,-1.2571241,-6.357124,-5.497124,-2.867124,-4.137124,-1.817124,0.512876,-2.077124,-1.807124,-1.467124,-2.8171241,1.022876,-0.567124,0.36287597,1.722876,2.032876,-1.187124,-0.46712402,1.732876,-2.147124,-8.587124,-3.587124,-4.077124,-3.5671241,-3.0571241,-1.517124,1.282876,1.552876,-0.28712404,-0.11712402
2.022876,-2.5571241,-0.71712404,1.3828759,1.672876,0.35287598,1.572876,-1.037124,-1.8771241,-1.467124,-1.717124,-4.217124,-5.457124,-5.137124,-4.367124,-2.487124,-2.147124,-1.417124,-1.777124,-2.507124,-1.827124,-1.417124,-1.927124,-1.397124,1.7428759,2.402876,1.512876,3.242876,1.552876,1.802876,2.822876,-2.357124,-3.607124,1.432876,1.422876,0.032875977,-2.597124,-4.057124,-2.157124,-3.367124,-3.797124
1.6128759,1.682876,1.282876,-3.577124,-0.507124,-0.037124023,-1.817124,-2.907124,-1.8771241,-2.837124,-2.267124,-2.527124,-1.607124,-0.547124,-0.24712402,0.13287598,0.052875977,-0.10712402,-1.547124,-0.71712404,-1.267124,-1.647124,-0.16712402,-0.097124025,0.552876,5.702876,2.372876,4.752876,3.662876,3.462876,2.642876,2.892876,-3.497124,-2.157124,-0.42712402,-3.467124,0.542876,-0.53712404,-0.41712403,-4.057124,-3.947124
1.972876,1.8828759,1.2528759,-0.27712402,-1.737124,-0.71712404,-0.91712403,-1.237124,0.25287598,-0.12712403,-1.1171241,-0.46712402,0.942876,1.702876,0.52287596,0.612876,-0.27712402,0.59287596,0.012875977,-0.517124,-0.84712404,-0.53712404,0.07287598,1.4928759,2.162876,2.912876,3.572876,4.622876,3.502876,2.732876,2.032876,-2.007124,-2.5571241,-4.547124,-4.177124,-2.967124,-1.417124,1.812876,-1.547124,1.292876,-0.22712402
0.58287597,1.092876,-0.10712402,1.572876,-1.667124,1.8628759,-0.85712403,0.58287597,1.7528759,2.112876,0.41287598,-0.097124025,0.922876,0.922876,1.432876,0.49287596,-1.767124,-2.187124,-0.96712404,-1.037124,0.27287596,0.22287598,1.342876,2.132876,3.022876,3.852876,5.342876,3.772876,3.082876,1.012876,0.702876,1.202876,-4.307124,0.082875974,-2.437124,-2.077124,-3.077124,-5.847124,-4.257124,-1.907124,-1.7571241
1.462876,1.792876,2.462876,1.932876,1.8728759,0.572876,0.512876,2.022876,1.232876,1.472876,1.222876,1.532876,2.662876,2.292876,2.6928759,0.23287597,1.722876,-0.08712402,-0.07712402,-0.997124,-0.507124,1.082876,2.372876,3.512876,4.122876,4.352876,3.1828759,2.292876,1.182876,-0.997124,-0.32712403,-1.197124,1.352876,-2.387124,-5.747124,-2.757124,-0.84712404,-2.147124,-0.84712404,0.012875977,-0.85712403
0.32287598,-0.037124023,-0.017124023,0.13287598,0.16287598,-0.14712402,0.082875974,1.142876,1.932876,2.502876,2.552876,1.772876,2.012876,3.112876,2.402876,2.6828759,1.762876,1.802876,1.3628759,0.502876,2.412876,3.122876,3.372876,4.272876,5.632876,5.092876,4.392876,3.792876,1.472876,-0.53712404,-0.84712404,-1.287124,-4.597124,-5.427124,-2.327124,-2.637124,-2.947124,-0.707124,-1.737124,0.552876,-1.0071241
3.022876,2.592876,1.6128759,1.1128759,0.952876,-0.627124,-0.77712405,0.26287597,1.6128759,0.24287598,1.162876,1.822876,1.472876,3.072876,3.322876,3.262876,1.832876,0.49287596,-0.16712402,1.9928759,2.922876,3.4428759,3.992876,4.972876,5.112876,2.482876,0.44287598,-2.617124,-4.307124,-6.147124,-7.847124,-7.707124,-5.767124,-4.007124,-3.677124,-2.297124,-1.827124,-0.17712402,-1.197124,0.762876,-1.337124
-1.817124,-1.027124,1.3828759,2.212876,2.652876,2.632876,2.242876,2.452876,2.712876,2.392876,1.802876,4.852876,5.582876,6.352876,6.382876,3.662876,2.722876,0.112875976,0.49287596,2.012876,2.982876,4.442876,3.822876,3.832876,2.9428759,-0.10712402,-3.3071241,-2.647124,-5.987124,-6.767124,-5.867124,-7.207124,-3.757124,-3.477124,-3.447124,-3.007124,-2.447124,-1.187124,-0.32712403,-0.997124,-0.83712405
-0.29712403,-1.2571241,-1.1171241,-1.017124,-0.11712402,0.44287598,2.032876,2.702876,3.292876,2.042876,0.632876,2.612876,3.592876,2.412876,1.952876,1.472876,1.712876,3.772876,3.282876,2.592876,2.622876,2.762876,2.9328759,1.822876,-0.347124,-4.287124,-4.087124,-5.647124,-5.797124,-6.087124,-6.277124,-6.007124,-5.017124,-4.167124,-3.477124,-3.637124,-3.167124,-1.937124,-3.367124,-2.027124,-1.3771241
0.85287595,0.012875977,-0.20712402,-0.807124,-0.12712403,-0.817124,-1.657124,-1.7571241,-0.617124,-0.71712404,0.25287598,-0.11712402,-1.3671241,-2.937124,-2.437124,-0.91712403,-0.64712405,-1.037124,-0.39712402,1.3828759,2.532876,1.722876,-2.427124,-4.517124,-5.167124,-5.417124,-4.957124,-5.397124,-5.847124,-5.217124,-4.917124,-4.097124,-3.647124,-3.617124,-2.457124,-2.867124,-2.187124,-1.927124,-1.587124,-0.957124,-1.447124
-0.677124,-0.867124,-2.287124,-1.457124,-1.027124,-1.197124,-0.867124,-2.187124,-2.607124,-3.347124,-3.427124,-3.257124,-1.107124,-3.337124,-4.037124,-2.617124,-2.367124,-1.8871241,-0.887124,-3.097124,-5.697124,-5.507124,-6.107124,-5.477124,-5.447124,-5.477124,-5.287124,-5.057124,-4.817124,-4.107124,-4.057124,-4.017124,-3.457124,-3.217124,-2.617124,-2.347124,-1.827124,-2.037124,-2.197124,-2.347124,-1.097124
