wind_kz.json
{"header": {"discipline":0,"disciplineName":"Meteorological products","gribEdition":2,"gribLength":871,"center":7,"centerName":"US National Weather Service - NCEP(WMC)","subcenter":0,"refTime":"2024-04-09T12:00:00.000Z","significanceOfRT":1,"significanceOfRTName":"Start of forecast","productStatus":0,"productStatusName":"Operational products","productType":1,"productTypeName":"Forecast products","productDefinitionTemplate":0,"productDefinitionTemplateName":"Analysis/forecast at horizontal level/layer at a point in time","parameterCategory":0,"parameterCategoryName":"UnknownDiscipline_0_Category_0","parameterNumber":0,"parameterNumberName":"UnknownParameter_D0_C0_0","parameterUnit":"Unknown","genProcessType":2,"genProcessTypeName":"Forecast","forecastTime":180,"surface1Type":1,"surface1TypeName":"Ground or water surface","surface1Value":0.0,"surface2Type":255,"surface2TypeName":"Missing","surface2Value":0.0,"gridDefinitionTemplate":0,"gridDefinitionTemplateName":"Latitude_Longitude","numberPoints":615,"shape":6,"shapeName":"Earth spherical with radius of 6,371,229.0 m","gridUnits":"degrees","resolution":48,"winds":"true","scanMode":64,"nx":41,"ny":15,"basicAngle":0,"lo1":47.0,"la1":41.0,"lo2":87.0,"la2":55.0,"dx":1.0,"dy":1.0}, "data":
[rows 0 to 14 of 15, columns 0 to 40 of 41]
281.92218,275.5222,282.5222,282.42218,283.42218,284.2222,285.7222,288.8222,287.0222,287.8222,285.5222,286.42218,285.5222,285.42218,284.6222,283.3222,283.92218,283.5222,285.42218,282.5222,283.8222,283.2222,282.8222,280.0222,286.1222,288.2222,283.42218,273.1222,272.5222,271.3222,269.0222,267.92218,279.7222,285.42218,287.42218,287.42218,286.5222,286.6222,286.8222,285.8222,285.8222
265.3222,282.8222,282.8222,282.92218,283.3222,283.6222,287.42218,288.0222,285.8222,285.2222,284.6222,283.6222,283.0222,282.6222,284.2222,284.3222,284.5222,284.2222,283.0222,283.0222,282.8222,281.8222,277.2222,274.1222,268.2222,270.92218,278.42218,271.42218,274.42218,267.42218,272.0222,266.2222,273.5222,250.4222,263.2222,284.3222,281.7222,283.1222,285.5222,280.6222,279.6222
283.2222,282.92218,283.0222,282.92218,283.0222,285.3222,287.5222,286.7222,285.3222,283.8222,282.5222,282.5222,281.8222,281.42218,281.7222,284.0222,282.6222,281.92218,282.0222,282.1222,282.7222,281.3222,280.42218,276.0222,279.8222,282.6222,283.3222,283.3222,281.5222,274.3222,265.0222,271.92218,276.92218,278.42218,279.8222,279.0222,272.7222,276.92218,276.7222,272.6222,267.0222
284.1222,283.7222,282.92218,282.8222,283.5222,286.2222,288.0222,286.1222,286.0222,284.6222,282.7222,281.5222,285.8222,286.42218,280.42218,281.8222,282.1222,282.1222,282.2222,282.3222,280.5222,275.42218,280.6222,281.0222,283.42218,286.2222,286.0222,283.42218,283.2222,285.42218,282.3222,283.0222,286.7222,287.0222,284.3222,280.7222,273.92218,268.2222,273.8222,281.1222,283.2222
284.5222,284.42218,283.5222,283.92218,284.92218,287.6222,288.1222,288.0222,285.5222,284.0222,282.6222,281.1222,285.1222,284.92218,283.1222,279.2222,280.1222,280.42218,279.92218,280.2222,280.6222,283.8222,283.2222,282.1222,284.0222,284.7222,284.1222,282.3222,286.92218,286.3222,285.6222,282.3222,272.6222,265.7222,278.0222,285.2222,283.3222,287.6222,286.2222,287.42218,285.92218
285.42218,285.3222,284.42218,283.1222,281.8222,282.2222,286.7222,286.6222,285.1222,283.3222,282.42218,281.6222,283.7222,284.2222,275.1222,279.42218,280.8222,279.92218,278.8222,279.0222,279.6222,282.0222,281.42218,280.3222,283.3222,280.92218,283.92218,271.7222,284.92218,286.1222,284.5222,284.0222,283.3222,283.0222,281.7222,280.3222,275.3222,276.92218,285.42218,286.3222,283.92218
284.3222,284.7222,285.42218,285.1222,283.5222,285.42218,285.6222,285.1222,284.1222,283.7222,281.7222,280.7222,280.6222,280.1222,279.3222,280.42218,278.8222,279.5222,278.3222,277.92218,277.6222,279.42218,281.5222,282.92218,282.7222,282.3222,282.6222,284.1222,284.8222,283.7222,284.1222,282.0222,281.42218,280.7222,282.7222,281.42218,277.3222,273.92218,270.2222,272.2222,281.1222
284.2222,283.92218,285.1222,285.92218,285.2222,285.0222,284.92218,283.5222,282.5222,282.0222,280.8222,280.1222,279.8222,278.92218,279.42218,281.5222,278.92218,277.92218,276.6222,275.42218,275.42218,276.5222,277.42218,279.5222,279.92218,279.42218,280.3222,283.2222,282.42218,282.5222,280.7222,281.0222,281.5222,278.7222,278.8222,280.6222,280.92218,272.92218,280.6222,280.3222,277.92218
283.8222,283.3222,284.5222,284.1222,284.2222,283.5222,283.0222,282.8222,281.8222,280.8222,280.42218,278.8222,279.0222,279.6222,281.7222,280.42218,280.0222,276.5222,275.3222,274.6222,273.42218,273.6222,274.0222,274.42218,275.3222,277.1222,277.0222,278.42218,279.7222,277.8222,277.42218,278.0222,279.92218,280.5222,280.5222,278.0222,277.42218,277.3222,264.3222,267.8222,263.7222
283.92218,283.92218,283.42218,283.42218,284.2222,283.3222,282.2222,281.7222,282.0222,281.1222,279.8222,278.8222,280.0222,282.42218,282.2222,281.92218,281.0222,277.92218,276.6222,274.5222,273.5222,272.3222,272.3222,273.6222,276.6222,276.1222,276.0222,275.3222,276.42218,276.6222,276.2222,277.5222,280.1222,280.3222,279.92218,279.42218,277.8222,272.42218,269.1222,271.6222,268.8222
284.5222,284.3222,284.1222,283.8222,284.2222,283.3222,283.0222,283.2222,281.7222,280.3222,279.5222,280.3222,281.1222,281.7222,282.0222,281.8222,280.2222,279.0222,278.5222,275.7222,275.1222,273.3222,272.3222,272.1222,272.2222,274.6222,274.0222,275.42218,276.0222,274.8222,275.7222,276.92218,278.42218,280.1222,279.8222,279.1222,273.6222,273.6222,274.3222,273.7222,272.0222
284.2222,285.3222,285.7222,284.8222,284.0222,283.2222,282.1222,281.8222,281.6222,280.5222,279.42218,279.5222,278.8222,280.2222,280.8222,281.3222,280.8222,280.2222,278.3222,277.8222,274.0222,272.5222,272.42218,271.8222,268.1222,267.42218,273.8222,274.6222,275.6222,276.3222,274.8222,275.8222,277.7222,278.7222,278.7222,277.7222,277.2222,276.92218,276.92218,276.0222,274.6222
283.92218,284.42218,285.1222,285.1222,285.5222,285.2222,283.5222,281.42218,280.7222,281.2222,277.92218,279.0222,279.42218,279.2222,279.92218,280.42218,280.1222,279.42218,277.7222,276.5222,276.3222,272.8222,272.42218,272.1222,271.42218,271.2222,269.1222,273.3222,273.2222,274.0222,275.3222,276.5222,278.0222,277.7222,278.1222,277.2222,276.2222,275.7222,275.1222,274.8222,274.42218
283.8222,284.2222,278.6222,284.8222,284.42218,283.8222,283.5222,282.5222,283.5222,281.6222,281.3222,279.92218,279.42218,279.1222,279.42218,279.3222,279.7222,278.92218,277.8222,276.8222,276.0222,274.5222,273.8222,273.42218,272.6222,272.42218,271.7222,270.7222,270.7222,273.0222,273.92218,274.6222,275.0222,274.2222,274.42218,274.0222,274.0222,273.7222,274.0222,273.8222,273.7222
284.7222,284.7222,273.2222,285.0222,284.5222,284.8222,285.1222,284.2222,284.2222,283.0222,282.1222,281.1222,281.0222,281.7222,278.8222,278.5222,279.0222,278.0222,277.8222,276.0222,275.42218,273.8222,273.0222,272.5222,272.6222,272.2222,271.5222,270.8222,270.8222,271.0222,270.92218,271.2222,272.8222,273.7222,273.6222,273.3222,273.8222,273.6222,273.6222,273.7222,273.7222
