wind_kz.json
{"header": {"discipline":0,"disciplineName":"Meteorological products","gribEdition":2,"gribLength":1025,"center":7,"centerName":"US National Weather Service - NCEP(WMC)","subcenter":0,"refTime":"2023-09-24T12:00:00.000Z","significanceOfRT":1,"significanceOfRTName":"Start of forecast","productStatus":0,"productStatusName":"Operational products","productType":1,"productTypeName":"Forecast products","productDefinitionTemplate":0,"productDefinitionTemplateName":"Analysis/forecast at horizontal level/layer at a point in time","parameterCategory":2,"parameterCategoryName":"UnknownDiscipline_0_Category_2","parameterNumber":3,"parameterNumberName":"UnknownParameter_D0_C2_3","parameterUnit":"Unknown","genProcessType":2,"genProcessTypeName":"Forecast","forecastTime":180,"surface1Type":103,"surface1TypeName":"Specified height level above ground","surface1Value":10.0,"surface2Type":255,"surface2TypeName":"Missing","surface2Value":0.0,"gridDefinitionTemplate":0,"gridDefinitionTemplateName":"Latitude_Longitude","numberPoints":615,"shape":6,"shapeName":"Earth spherical with radius of 6,371,229.0 m","gridUnits":"degrees","resolution":48,"winds":"true","scanMode":64,"nx":41,"ny":15,"basicAngle":0,"lo1":47.0,"la1":41.0,"lo2":87.0,"la2":55.0,"dx":1.0,"dy":1.0}, "data":
[rows 0 to 14 of 15, columns 0 to 40 of 41]
-0.26963624,-2.1196363,1.4303638,1.2203637,1.7403637,0.6703638,-0.47963622,-0.42963624,-0.92963624,0.28036377,-0.17963623,0.82036376,0.23036377,-0.09963623,-0.7596362,-2.5496361,-3.1196363,-1.9396362,-2.6396363,-1.5896362,-0.46963623,1.2703638,1.2503638,-1.8596362,-1.4296362,-1.3396362,-1.5796362,-0.35963622,2.4103637,2.190364,-1.2796363,-0.60963625,0.7403638,-0.009636231,-2.0496361,-3.0096362,-4.5896363,-1.1196362,0.31036377,0.51036376,2.9803638
2.8303638,0.6603638,-0.90963626,4.2203636,4.590364,2.5803638,-1.9596362,1.4503638,-0.009636231,0.31036377,-1.0496362,-0.72963625,-0.08963623,0.70036376,-2.1396363,-1.4496362,-0.66963625,-1.7296362,-4.099636,-3.6096363,-1.7996362,-2.0296361,0.6703638,0.9203638,-0.53963625,-3.3596363,-3.7996361,-0.009636231,-0.8396362,0.8603638,1.8403637,3.0003638,-0.61963624,-0.5696362,-3.7496362,-4.5896363,-2.5296361,-3.8596363,-2.1996362,-1.6696362,2.3603637
0.9103638,3.4703639,1.9103638,3.1103637,3.3703637,1.4103638,0.5503638,-0.13963623,0.35036376,-0.08963623,-0.5896362,0.26036376,-0.30963624,-0.18963623,-0.61963624,-1.3996363,-1.3196362,-2.9096363,-2.7496362,-3.4696362,-3.5096362,-3.5996363,-4.369636,-1.3096362,-0.13963623,0.76036376,0.63036376,0.43036377,-0.20963623,1.0003638,3.9903638,1.7103637,1.7203637,-0.24963623,-0.59963626,1.6203637,1.2103637,-0.44963622,0.18036377,-0.6996362,-1.6296363
0.77036375,4.320364,4.690364,4.6403637,1.2203637,2.6703637,2.7703638,2.4203637,1.8703637,1.1203637,0.50036377,0.14036377,0.57036376,0.51036376,-0.46963623,-0.59963626,-1.5696362,-2.7196362,-3.4796362,-3.6896362,-2.0096362,-2.5696363,1.6703638,-0.9496362,-1.7996362,-1.9696362,-2.0996363,-2.4296362,0.8003638,0.22036377,-0.73963624,-1.4696362,-1.4096363,-0.54963624,-0.45963624,-2.1196363,-1.2796363,1.7903638,1.6503638,1.2403637,1.1903638
1.8303638,2.6403637,3.4303637,2.4803638,2.2803638,2.7203639,3.1803637,4.3003635,2.7403638,1.8203638,1.6903638,0.8703638,0.15036377,3.6376953E-4,-0.6996362,-0.7796362,-1.1796362,-1.9196362,-1.8396362,-2.059636,-1.4096363,-0.6296362,-0.8196362,-1.1496363,-1.2996362,-1.5596362,-1.2096362,-1.1196362,-1.5196363,-1.8296362,-2.2296362,0.01036377,1.7603638,3.1103637,-0.25963622,0.31036377,-0.02963623,0.5303638,-2.4496362,-2.4596362,-0.43963623
0.47036377,0.95036376,2.8203638,3.3503637,4.0503635,5.1403637,3.1703637,3.3103638,2.8003638,2.4103637,1.8803638,1.6603638,0.29036376,1.1303638,0.7203638,0.27036378,-0.49963623,-0.8396362,-1.3896363,-0.15963623,-0.98963624,0.45036376,0.63036376,0.38036376,-0.12963623,-0.6996362,-1.3396362,0.9903638,-0.47963622,-1.2896363,-1.1596363,0.13036376,0.70036376,0.33036378,1.6503638,-0.32963622,2.2203639,0.28036377,-0.13963623,-0.74963623,-0.17963623
0.9203638,0.37036377,0.95036376,2.1703637,3.2203639,3.2203639,3.5703638,3.3703637,2.8303638,2.5003638,2.8503637,2.1503637,1.9303638,0.70036376,0.6203638,0.33036378,1.9303638,1.1503638,0.7903638,0.43036377,0.36036378,0.13036376,1.8703637,1.8303638,1.9603637,1.5203638,0.42036378,0.18036377,-0.80963624,-0.90963626,-0.59963626,-0.17963623,-0.01963623,-0.6296362,-1.2796363,-1.1196362,-2.1396363,-0.20963623,-0.5196362,-0.46963623,-0.7696362
1.5703638,1.3703637,1.8103638,2.3903637,2.940364,3.3503637,3.5203638,3.8803637,3.9003637,3.3703637,3.2103639,2.6503637,0.9903638,0.83036375,-0.07963623,-0.02963623,0.52036375,2.1603637,2.6403637,2.2203639,0.26036376,0.16036376,0.8703638,2.5203638,2.4803638,1.8803638,1.1903638,0.24036378,0.5303638,1.1703638,1.2603638,0.58036375,0.6803638,0.46036378,1.3703637,1.0003638,0.57036376,-2.0896363,-1.0296363,0.56036377,-1.5196363
1.9303638,3.1103637,2.6103637,3.2803638,3.0803638,3.5203638,3.8203638,3.7203639,3.3503637,3.0903637,2.6003637,1.8903638,1.0503638,0.41036376,-0.15963623,-0.40963623,0.94036376,1.5903637,2.4003637,3.0403638,2.6103637,0.13036376,1.5103638,1.7003638,2.4603639,2.8303638,2.8603637,2.3303638,1.6903638,1.0903637,1.4203638,2.3003638,2.8803637,2.7303638,3.3503637,2.4603639,-2.0696363,0.6203638,1.1003637,-0.34963623,-2.9396362
0.01036377,2.3703637,1.5103638,3.0603638,3.9203637,3.5203638,3.7803638,3.6103637,3.5903637,3.3803637,2.690364,2.3503637,2.3603637,0.70036376,0.70036376,-0.11963623,0.56036377,1.3103638,1.8203638,1.7603638,2.6103637,2.5003638,1.4603637,2.2203639,2.5503638,2.8203638,3.0603638,2.5103638,2.3003638,2.5203638,2.4003637,4.060364,3.4803638,3.2703638,4.070364,2.2303638,0.9703638,-0.34963623,1.5203638,3.6203637,3.2603638
-2.2196362,0.26036376,2.3603637,3.0303638,2.7303638,3.5503638,4.1603637,4.4303637,3.6103637,3.3903637,3.3203638,3.4803638,2.4103637,2.3303638,0.9303638,1.1103637,0.83036375,1.3603637,2.0403638,1.6203637,1.9903637,1.5503638,1.2003638,1.9703637,2.1303637,2.7203639,2.4203637,3.1203637,3.4303637,2.5203638,3.0403638,2.9003637,3.3203638,3.7803638,5.670364,3.2403638,2.1603637,2.6803637,2.4303637,1.9103638,1.0703638
-2.1396363,-2.6596363,0.03036377,1.8003638,2.0503638,3.1203637,2.4503639,2.9603639,2.9903638,2.8903637,2.8003638,1.9403638,2.3103638,2.4103637,2.2703638,2.0303638,2.0703638,1.8303638,2.4303637,1.8903638,2.2403638,1.2403637,1.3303638,1.8803638,1.9803637,1.8403637,3.7103639,3.1403637,2.8603637,2.4303637,2.6103637,3.3503637,3.4903638,4.320364,4.4503636,6.090364,7.3303638,4.3903637,3.3903637,2.3703637,1.6003637
-1.4096363,-1.9096363,-2.1196363,-1.7896363,0.19036376,1.1903638,2.6703637,3.0503638,3.5303638,2.6503637,2.0503638,1.7003638,2.7103639,2.2503638,2.2103639,2.2603638,2.5603638,2.6403637,2.440364,2.3103638,2.8403637,3.2103639,2.7703638,2.5003638,2.4103637,2.6503637,2.1003637,1.9903637,2.2903638,2.3103638,2.4103637,2.7903638,3.3503637,3.940364,4.0103636,4.790364,5.810364,4.1803637,6.1603637,4.270364,1.5403638
-0.26963624,-0.46963623,-1.3496362,-1.3996363,-1.2796363,-0.37963623,1.9103638,2.7103639,3.4003637,3.2903638,2.7203639,1.5303638,1.2803638,3.0003638,2.8003638,2.7903638,2.7403638,2.9003637,2.440364,2.6403637,2.3203638,2.7403638,2.7503638,2.5403638,2.5003638,2.0803638,1.7603638,2.2403638,2.2203639,2.1603637,2.1003637,2.3803637,2.1603637,2.3103638,2.6303637,3.7903638,3.6503637,5.560364,5.4703636,5.400364,5.090364
-1.4896362,-0.16963623,-0.80963624,0.41036376,-0.19963624,0.6203638,-0.19963624,0.5403638,1.6503638,2.3603637,1.9603637,3.4003637,2.6803637,1.7803638,3.190364,3.1303637,3.2103639,2.8603637,3.1503637,2.5503638,2.440364,2.2203639,2.3703637,2.4203637,2.3903637,2.3503637,2.4803638,2.5703638,2.4103637,2.6403637,2.6203637,2.5603638,2.0403638,2.3203638,2.7003639,2.9303637,3.5503638,4.860364,4.7603636,5.980364,4.340364
