wind_kz.json
{"header": {"discipline":0,"disciplineName":"Meteorological products","gribEdition":2,"gribLength":1102,"center":7,"centerName":"US National Weather Service - NCEP(WMC)","subcenter":0,"refTime":"2023-08-24T00:00:00.000Z","significanceOfRT":1,"significanceOfRTName":"Start of forecast","productStatus":0,"productStatusName":"Operational products","productType":1,"productTypeName":"Forecast products","productDefinitionTemplate":0,"productDefinitionTemplateName":"Analysis/forecast at horizontal level/layer at a point in time","parameterCategory":2,"parameterCategoryName":"UnknownDiscipline_0_Category_2","parameterNumber":3,"parameterNumberName":"UnknownParameter_D0_C2_3","parameterUnit":"Unknown","genProcessType":2,"genProcessTypeName":"Forecast","forecastTime":120,"surface1Type":103,"surface1TypeName":"Specified height level above ground","surface1Value":10.0,"surface2Type":255,"surface2TypeName":"Missing","surface2Value":0.0,"gridDefinitionTemplate":0,"gridDefinitionTemplateName":"Latitude_Longitude","numberPoints":615,"shape":6,"shapeName":"Earth spherical with radius of 6,371,229.0 m","gridUnits":"degrees","resolution":48,"winds":"true","scanMode":64,"nx":41,"ny":15,"basicAngle":0,"lo1":47.0,"la1":41.0,"lo2":87.0,"la2":55.0,"dx":1.0,"dy":1.0}, "data":
[rows 0 to 14 of 15, columns 0 to 40 of 41]
0.2241333,-3.6158667,0.2241333,-4.0758667,-1.2158667,-3.1358666,-3.8258667,-3.8358667,0.8041333,2.9341333,4.1341333,4.2641335,4.3841333,4.4641333,3.9941332,3.5441332,2.3141334,1.0741333,0.4541333,0.6241333,0.3541333,1.5441333,0.3741333,-1.3058667,-0.8258667,-0.9858667,-1.1858667,0.2341333,1.3141333,2.4741333,-2.3258667,-3.1958666,1.5041333,-2.7558668,-2.7958667,-1.9558667,-9.255867,-3.3358667,-1.7158667,-3.0958667,-1.1758667
-0.2458667,1.5941333,-0.6258667,1.3841333,-0.4258667,-2.2058668,-2.0158668,-2.2058668,-1.6558667,-1.0058666,2.6941333,4.1541333,4.2641335,4.294133,4.1541333,4.6941333,3.9641333,1.9541333,2.3241334,3.0441332,2.1741333,-0.1558667,0.124133304,1.7941333,0.1841333,0.0241333,-2.0658667,0.8141333,-0.1258667,1.8641334,3.4641333,4.0941334,-0.5558667,1.2941333,-0.1758667,-2.9758668,-4.4258666,-5.4258666,-4.7858667,-3.5658667,3.1141334
1.9441333,2.3041334,-0.9758667,-0.5858667,-0.7958667,-1.6858667,-2.2558668,-2.2958667,-0.8358667,-1.4958667,-0.4358667,3.2741332,4.814133,5.0541334,5.104133,5.6941333,5.894133,5.6541333,5.6341333,5.1341333,4.004133,2.4541333,1.2041333,0.5841333,1.7341332,0.5541333,1.1041332,1.0741333,-0.3658667,2.6041334,4.8041334,2.3141334,1.8541332,-0.8558667,-0.6458667,-0.0758667,0.7341333,-0.4458667,-0.14586669,-1.8858666,0.3741333
-3.1858666,-6.1758666,-4.5658665,-2.5758667,-3.3458667,-2.8758667,-3.6658666,-3.2658668,-1.8658667,-2.0658667,-1.8658667,-0.015866699,-0.5958667,3.3841333,4.9541335,6.4741335,6.414133,6.5941334,6.6341333,5.624133,4.9441333,4.104133,3.8841333,4.084133,3.0941334,2.1641333,2.2541332,-0.14586669,4.2441335,5.1941333,4.5341334,-0.6758667,-1.9258667,-2.9158666,-1.4558667,-1.1258667,1.0541333,2.6541333,-0.5658667,0.4341333,-2.1858666
-5.4458666,-7.6158667,-7.9258666,-8.295867,-7.7158666,-5.645867,-5.2958665,-4.335867,-5.7858667,-6.8058667,-6.975867,-5.3458667,-6.685867,-6.835867,-7.8058667,-2.6858666,5.1541333,7.4741335,7.644133,8.044133,7.874133,5.8041334,5.0141335,4.7441335,3.5541334,2.6741333,2.9441333,3.3641334,3.7941332,3.9241333,0.5941333,1.0241333,2.0241332,2.0841334,0.6741333,-0.8558667,-2.3458667,2.4241333,1.4441333,1.7741333,3.2541332
-3.2758667,-3.2258668,-7.3458667,-7.455867,-7.5458665,-8.075867,-4.645867,-5.725867,-7.145867,-2.0458667,0.2241333,1.6741333,0.8541333,-0.1358667,-3.7058668,-2.5858667,-3.5658667,-1.5058666,4.7441335,8.984134,10.054133,9.064134,7.9341335,6.894133,5.4241333,4.124133,3.0441332,3.5841334,4.894133,5.5741334,4.0741334,2.3941333,1.3441333,-0.4158667,1.6141334,-2.4358666,0.0341333,-1.4358667,-4.1158667,0.1441333,2.9541333
-3.4158666,-3.8858666,-4.145867,-4.8258667,-3.9158666,-2.7258668,-2.6658666,-2.5358667,-2.4358666,-3.2758667,-3.6658666,-2.9058666,-2.0958667,-2.5158668,-1.4258667,-2.8658667,-0.8358667,-3.8558667,-6.8058667,4.4841332,7.9741335,9.754133,10.214133,9.694134,7.6541333,6.0741334,3.6141334,3.3341334,3.7341332,5.1841335,3.8241334,3.0041332,2.6741333,2.5941334,0.9541333,-0.2458667,-0.015866699,-0.6558667,-1.2858667,2.6641333,-3.2258668
-3.3258667,-3.8858666,-3.4458666,-3.6058667,-4.7758665,-4.4258666,-4.225867,-2.9758668,-0.9158667,-0.9758667,-1.0358667,-2.4058666,-1.2058667,0.5741333,-0.045866698,0.1841333,0.0241333,0.3941333,1.2641333,-4.0558667,9.684134,7.524133,9.094133,11.084133,10.844133,7.2241335,7.7041335,3.8941333,3.7641332,4.6941333,4.8241334,5.374133,2.8941333,2.6741333,2.8641334,1.8341333,3.3841333,3.9441333,1.3941333,1.6841333,-1.2158667
-3.3158667,-3.7258668,-3.2158668,-2.8658667,-3.2958667,-2.7658668,-3.6658666,-3.3558667,-2.4058666,-1.3058667,0.2141333,0.1341333,-0.9058667,0.1941333,-0.0758667,1.1041332,0.8441333,0.6541333,0.8541333,3.6541333,0.4741333,11.604134,9.244133,1.7241333,11.164133,9.684134,7.4941335,7.274133,4.374133,3.3741333,5.7241335,4.8041334,5.8641334,4.2041335,3.6341333,2.2141333,0.7041333,-0.3358667,-2.3358667,-0.0858667,0.6341333
-3.7858667,-4.1958666,-4.2358665,-4.185867,-4.3458667,-4.6358666,-4.5558667,-2.7858667,-2.1158667,-2.5358667,-2.0358667,-0.8658667,0.6341333,0.3141333,0.0541333,0.7441333,1.3641334,2.5141332,0.9041333,1.2041333,6.314133,1.6541333,9.214133,10.854134,6.3641334,6.124133,9.144134,6.0941334,7.644133,5.8241334,5.1341333,4.6941333,5.104133,4.1741333,2.0541334,2.4741333,1.1941333,0.3641333,0.5941333,0.3541333,0.7841333
-2.7158668,-4.5458665,-5.475867,-6.9458666,-5.705867,-4.5458665,-3.4358666,-2.2158668,-0.4058667,-0.3858667,-0.2458667,-0.4358667,-0.7158667,0.2041333,-0.5558667,-0.4558667,0.1741333,3.1141334,3.1541333,2.8841333,3.7741332,6.144133,4.9241333,7.854133,9.704133,3.9641333,6.6541333,4.774133,6.4941335,5.584133,6.774133,5.7141333,4.2841334,3.4741333,3.4341333,1.6641333,1.5541333,1.7341332,1.0641333,-1.2858667,-0.3158667
-1.9858667,-6.2358665,-6.3058667,-7.455867,-6.6758666,-7.1358666,-3.9058666,-2.3758667,1.2441334,0.2941333,0.6641333,-0.3758667,0.0741333,0.3641333,0.28413332,1.2141333,0.6741333,0.1341333,3.7741332,4.8441334,4.334133,3.6041334,5.1941333,3.8241334,8.404133,8.324133,4.874133,5.1541333,5.374133,7.3041334,5.5941334,5.354133,3.5141332,3.6541333,2.7241333,3.3341334,4.624133,2.1441333,2.8241334,1.8741333,0.014133301
-4.685867,-5.7658668,-7.1358666,-6.8258667,-7.625867,-6.5058665,-6.4258666,-6.5158668,-3.0258667,0.5041333,0.3041333,-1.0058666,-2.3558667,0.0641333,1.1641333,1.8941333,2.9541333,2.0541334,1.8241333,4.144133,4.4641333,4.8841333,4.544133,5.624133,9.024134,9.654133,8.384133,6.2241335,7.754133,6.604133,6.0741334,5.104133,3.9441333,3.3341334,3.0041332,3.5741334,4.394133,2.8241334,3.6541333,2.3141334,0.9241333
-4.835867,-6.495867,-8.5258665,-7.605867,-8.605866,-9.065866,-6.995867,-5.2558665,-4.625867,-2.2058668,0.0841333,-0.8158667,-3.6458666,-4.9858665,-3.0258667,2.1841333,2.9741333,3.4941332,2.6141334,1.4941334,2.8541334,3.4641333,4.084133,6.7441335,7.3441334,4.8241334,3.6641333,5.4741335,6.3241334,6.2641335,6.0341334,5.1341333,4.0341334,3.5741334,0.6341333,3.4841332,4.2641335,4.4341335,3.5141332,1.9041333,1.3941333
-3.6258667,-6.225867,-10.265866,-7.145867,-8.345867,-8.245867,-8.185866,-8.455867,-7.5558667,-6.475867,-3.4258666,-6.5658665,-1.6558667,-4.3158665,-5.685867,-6.2658668,-5.935867,-1.0458667,2.9041333,1.9141333,1.3141333,-0.2758667,1.1041332,2.7441332,2.6241333,2.1441333,2.6441333,3.5241332,3.4341333,3.6941333,5.5141335,6.9441333,4.0941334,3.4541333,2.5941334,3.3341334,3.7641332,6.5941334,3.6141334,2.8041334,0.9941333
