wind_kz.json
{"header": {"discipline":0,"disciplineName":"Meteorological products","gribEdition":2,"gribLength":1025,"center":7,"centerName":"US National Weather Service - NCEP(WMC)","subcenter":0,"refTime":"2023-08-20T00:00:00.000Z","significanceOfRT":1,"significanceOfRTName":"Start of forecast","productStatus":0,"productStatusName":"Operational products","productType":1,"productTypeName":"Forecast products","productDefinitionTemplate":0,"productDefinitionTemplateName":"Analysis/forecast at horizontal level/layer at a point in time","parameterCategory":2,"parameterCategoryName":"UnknownDiscipline_0_Category_2","parameterNumber":3,"parameterNumberName":"UnknownParameter_D0_C2_3","parameterUnit":"Unknown","genProcessType":2,"genProcessTypeName":"Forecast","forecastTime":240,"surface1Type":103,"surface1TypeName":"Specified height level above ground","surface1Value":10.0,"surface2Type":255,"surface2TypeName":"Missing","surface2Value":0.0,"gridDefinitionTemplate":0,"gridDefinitionTemplateName":"Latitude_Longitude","numberPoints":615,"shape":6,"shapeName":"Earth spherical with radius of 6,371,229.0 m","gridUnits":"degrees","resolution":48,"winds":"true","scanMode":64,"nx":41,"ny":15,"basicAngle":0,"lo1":47.0,"la1":41.0,"lo2":87.0,"la2":55.0,"dx":1.0,"dy":1.0}, "data":
[rows 0 to 14 of 15, columns 0 to 40 of 41]
-0.18269531,-3.0226953,1.2073047,-3.3226953,-1.9126953,4.1073046,0.9773047,0.8373047,-0.44269532,-0.042695314,-2.2926953,-1.6326953,-2.4126954,-3.1526954,-3.5926952,-3.1126952,-3.5426953,-2.3526952,-4.3326955,-2.7626953,-3.3826952,-2.7926953,1.1773047,-1.3126953,-1.1426953,-1.4926953,-1.0626953,0.7473047,1.3473047,3.4773047,0.6073047,0.22730468,1.0073047,0.19730468,0.2973047,-1.0426953,-0.6626953,1.3673047,1.3073047,0.22730468,2.4573047
3.7773046,1.4473047,-1.6126953,-2.1626954,2.1373048,3.2073047,-0.3026953,1.8973047,0.11730469,-0.47269532,-1.2826953,-3.0026953,-3.3126953,-2.7726953,-4.612695,-3.0526953,-0.4526953,-2.8426952,-5.442695,-4.7626953,-4.842695,-4.362695,1.6473047,1.4873047,0.4273047,-0.2726953,-2.2426953,1.1673046,-0.47269532,0.5673047,2.5873046,4.3573046,0.15730469,-1.0226953,-3.3426952,-1.4726954,-1.4226953,-2.0526953,0.4273047,-1.8326954,1.3873047
1.4273047,1.4073046,-0.98269534,-0.35269532,7.4773045,3.0173047,1.2673047,0.21730469,0.94730467,-0.8926953,-1.8426954,-1.6026953,-2.4026954,-2.2926953,-3.2726953,-3.5526953,-2.6626954,-2.6226952,-4.002695,-2.6126952,-2.0926952,-7.2826953,-6.402695,-1.8126953,-1.1426953,0.8673047,-1.3926953,1.8373047,-0.4026953,0.5873047,2.6873047,0.88730466,1.8073047,-1.0826954,-0.34269533,3.2373047,5.3573046,0.4773047,1.0973047,-1.4226953,-0.34269533
0.46730468,-0.80269533,2.4073048,1.4173046,0.49730468,1.8773047,2.1073046,1.5273046,1.2073047,0.3173047,-1.2026954,-2.7726953,-1.6126953,-1.7426953,-1.9326953,-3.2926953,-3.9226954,-4.942695,-5.922695,-6.0326953,-4.2926955,-4.002695,0.4873047,-2.6126952,-3.2326953,-3.7826953,-3.2826953,-3.6826954,-1.6726953,-2.8326952,-1.6826953,-0.31269532,-0.6226953,-0.15269531,-0.20269531,-3.3226953,-1.8526953,1.6273047,0.8373047,0.8573047,1.3873047
-1.2226954,-0.3326953,3.2173047,2.3573046,2.2773046,2.0073047,1.5073047,2.1373048,1.9573047,0.11730469,-1.1626953,-1.6226953,-1.8126953,-2.3126953,-2.4126954,-2.0426953,-2.7626953,-3.0626953,-3.4426954,-4.382695,-4.212695,-3.2226954,-3.0426953,-3.0926952,-3.6526954,-3.9326954,-4.382695,-3.9726954,-3.6126952,-4.1026955,-4.8226953,-1.0726953,1.6073047,2.3173046,-0.9626953,-1.5126953,1.0073047,-2.1826954,-1.4926953,2.0173047,1.4873047
-1.7426953,-1.0326953,1.2173047,4.4473047,4.7773046,5.267305,2.5573046,1.7673047,0.7073047,0.15730469,-2.0226953,-1.5126953,-3.0826952,-2.6626954,-1.4226953,-1.4126953,-1.9526954,-2.3926954,-3.0226953,-2.8926954,-3.2626953,-2.2826953,-2.4426954,-2.9026954,-2.7326953,-3.3226953,-3.7026954,-4.2626953,-2.9826953,-3.4326954,-4.4326954,-4.9526954,-4.592695,-1.9826953,1.7073047,-0.7226953,2.7773046,3.4673047,0.8173047,-0.7526953,-0.8126953
0.5273047,0.9573047,1.2273047,2.5273046,4.7973046,4.307305,2.9573047,2.1073046,1.0573047,-0.25269532,-1.5326953,-0.2226953,-0.73269534,-1.6626953,-2.3026953,-1.6326953,-1.4626954,-1.7226954,-2.1326952,-2.5626953,-3.2926953,-3.3926954,-2.8326952,-2.6026952,-2.1526954,-2.5526953,-3.4326954,-3.5226953,-4.402695,-3.7126954,-4.2226954,-5.4326954,-7.1026955,-6.152695,-1.5926954,-2.7126954,-3.9526954,-2.8026953,0.2473047,-0.042695314,-0.6326953
2.6473048,2.6773047,2.2273047,2.6273048,3.3573046,4.1073046,3.8573046,3.1873047,2.3573046,0.8573047,0.017304687,0.37730467,-0.3626953,-1.3126953,-1.9026953,-0.9326953,-1.5326953,-1.4226953,-1.8826953,-0.032695312,-2.6826954,-3.4426954,-3.0126953,-2.5726953,-2.3626952,-1.1126953,-1.7826953,-2.0626953,-2.2926953,-3.7126954,-3.3726952,-3.4926953,-4.942695,-4.442695,-1.8226953,-0.99269533,-0.8226953,1.0273046,-0.23269531,0.82730466,-0.9126953
3.1673048,3.9673047,3.7873046,3.2773046,3.6873047,3.9773047,4.0273046,2.9673047,2.5673046,2.7173047,1.5873047,0.21730469,-0.20269531,0.39730468,-0.28269532,-0.47269532,0.21730469,-0.67269534,-0.8226953,-0.80269533,-0.7526953,-2.6726954,-2.4526954,-2.6626954,-1.6426953,-1.9926953,-0.9126953,-1.8226953,-1.1526953,-0.99269533,-2.3626952,-2.8426952,-1.8826953,-2.3726952,-2.1926954,-1.6826953,-4.0226955,-1.3926953,0.5873047,-0.5926953,-1.8726953
2.3573046,2.3073046,3.5173047,3.5973046,3.2573047,3.9473047,3.9773047,3.9773047,3.9173048,3.4273047,3.1773047,2.6773047,2.4273047,1.5373046,1.2373047,1.5073047,0.8373047,-0.15269531,-0.21269532,-0.19269532,-1.2726953,-1.7326953,-2.4126954,-2.2426953,0.2673047,0.057304688,-1.7226954,-1.9526954,-2.3926954,-2.4826953,-0.7726953,-1.8526953,-1.9726954,-2.7326953,-2.5426953,-1.1026953,0.017304687,-2.5626953,-1.7726953,0.03730469,-0.6326953
3.7273047,2.8473046,3.7273047,1.1573046,3.3673048,3.8173046,5.4573045,4.3973045,4.1973047,3.0573046,3.2773046,3.1973047,2.9673047,3.1673048,1.8473047,2.7273047,3.0273046,2.1673048,1.3073047,0.37730467,-0.5226953,-1.2326953,-2.5126953,-1.7826953,0.4473047,0.14730468,-0.12269531,-1.2726953,-1.7826953,-1.9626954,-0.5726953,-2.4726954,-2.7826953,-1.3026953,-1.9026953,-2.0726953,-1.8726953,0.14730468,-0.5026953,-0.9326953,0.12730469
2.9173048,3.2573047,3.7473047,5.9873047,4.1273046,2.2073047,2.0573046,2.9273047,3.0973046,1.4273047,1.3173047,1.5473046,2.7773046,3.2973046,3.4073048,3.0673046,3.4073048,3.4273047,2.4873047,2.6173048,1.9073046,0.57730466,-0.6926953,-1.8226953,-1.0526953,-1.7826953,0.9873047,0.7273047,-1.8826953,-2.4526954,-0.34269533,-0.9326953,-1.5626953,-2.0526953,-2.2326953,-2.5026953,-0.6226953,1.2973046,-0.19269532,0.21730469,0.40730467
1.4673047,1.1073047,1.2473047,2.8173046,1.7273047,0.7073047,1.5873047,3.0073047,3.4473047,1.6373047,0.8973047,2.0773046,3.1273048,2.8773048,2.7773046,2.7073047,3.1373048,3.6573048,3.0773046,3.1373048,2.9473047,2.6673048,1.7873046,1.7173047,-0.13269532,-0.2926953,-1.3526953,-1.5926954,-0.61269534,-1.2626953,-2.0326953,-0.3226953,-0.8826953,-0.7526953,-2.0326953,-1.2626953,-1.8926953,-0.9626953,-0.6226953,-0.6826953,-0.4326953
2.4473047,2.5873046,2.3873048,1.3973047,-0.8226953,2.0373046,1.4873047,3.2773046,2.7273047,3.4973047,2.5673046,0.43730468,1.8473047,3.1073046,3.0473046,3.2473047,3.3573046,3.6573048,3.4873047,2.9573047,2.8673048,3.0473046,3.0073047,2.9073048,2.2973046,0.8673047,-0.3626953,-1.2526953,-1.5226953,-1.1126953,-0.4326953,-0.0126953125,-0.7826953,-1.8726953,-2.0126953,-1.8626953,-2.2426953,-1.3126953,-0.31269532,0.12730469,-0.8326953
1.5873047,1.8973047,0.6573047,2.1673048,2.5673046,1.6173047,2.7573047,2.1473048,2.3573046,2.9073048,1.9073046,4.037305,3.3373046,1.4573047,3.8573046,3.9373047,4.117305,4.037305,4.0473046,3.5073047,3.4273047,3.5673046,3.2373047,3.2973046,3.0673046,2.3373046,1.7373047,0.4473047,0.82730466,-0.4826953,-1.3726953,-1.1026953,-1.8726953,-2.2926953,-2.1126952,-2.2226954,-1.6626953,-0.67269534,1.2773046,0.36730468,0.11730469
