wind_kz.json
{"header": {"discipline":0,"disciplineName":"Meteorological products","gribEdition":2,"gribLength":1025,"center":7,"centerName":"US National Weather Service - NCEP(WMC)","subcenter":0,"refTime":"2023-08-07T06:00:00.000Z","significanceOfRT":1,"significanceOfRTName":"Start of forecast","productStatus":0,"productStatusName":"Operational products","productType":1,"productTypeName":"Forecast products","productDefinitionTemplate":0,"productDefinitionTemplateName":"Analysis/forecast at horizontal level/layer at a point in time","parameterCategory":2,"parameterCategoryName":"UnknownDiscipline_0_Category_2","parameterNumber":3,"parameterNumberName":"UnknownParameter_D0_C2_3","parameterUnit":"Unknown","genProcessType":2,"genProcessTypeName":"Forecast","forecastTime":240,"surface1Type":103,"surface1TypeName":"Specified height level above ground","surface1Value":10.0,"surface2Type":255,"surface2TypeName":"Missing","surface2Value":0.0,"gridDefinitionTemplate":0,"gridDefinitionTemplateName":"Latitude_Longitude","numberPoints":615,"shape":6,"shapeName":"Earth spherical with radius of 6,371,229.0 m","gridUnits":"degrees","resolution":48,"winds":"true","scanMode":64,"nx":41,"ny":15,"basicAngle":0,"lo1":47.0,"la1":41.0,"lo2":87.0,"la2":55.0,"dx":1.0,"dy":1.0}, "data":
[rows 0 to 14 of 15, columns 0 to 40 of 41]
-0.63208497,0.877915,-4.062085,-7.192085,-7.052085,-7.342085,-3.782085,-0.05208496,-0.63208497,-2.6220849,-4.692085,-4.202085,-3.282085,-2.6120849,-2.462085,-3.062085,-4.242085,-4.4820848,-2.002085,-1.372085,-0.09208496,-1.952085,-1.702085,2.087915,2.6279151,2.787915,0.54791504,0.17791504,-1.902085,3.017915,1.8179151,0.20791504,-0.982085,-1.872085,-0.35208496,-1.022085,2.287915,2.407915,1.627915,1.617915,-0.562085
-1.6620849,-1.592085,-2.522085,-4.712085,-5.772085,-5.642085,-3.952085,-3.302085,-2.712085,-3.972085,-4.382085,-3.942085,-3.402085,-3.262085,-2.512085,-2.582085,-2.962085,-1.342085,-1.8120849,-2.032085,-1.5620849,0.89791507,-1.9220849,-1.392085,3.067915,3.157915,3.557915,0.14791504,-0.83208495,1.647915,-1.782085,5.277915,2.017915,3.1379151,3.567915,2.857915,3.347915,2.107915,2.707915,2.337915,0.12791504
1.047915,-0.64208496,-1.7920849,-4.182085,-5.322085,-3.972085,-3.3720849,-3.582085,-3.502085,-4.532085,-4.742085,-4.112085,-4.832085,-4.182085,-2.392085,-1.772085,-0.72208494,-0.612085,-1.1720849,-1.472085,-1.242085,-0.682085,2.657915,0.03791504,-1.122085,-2.8620849,-1.982085,-2.6220849,-0.872085,-3.442085,-2.682085,0.35791504,-2.3520849,1.907915,0.637915,-3.342085,-3.812085,2.527915,-1.382085,0.827915,1.377915
0.887915,-0.982085,-4.282085,-4.322085,-4.422085,-5.512085,-4.792085,-3.942085,-5.922085,-6.652085,-4.602085,-2.952085,-5.222085,-5.142085,-6.602085,-3.342085,-0.33208495,1.537915,2.337915,1.717915,0.90791506,4.127915,5.777915,3.807915,2.407915,1.9279151,1.737915,0.07791504,-1.452085,0.43791503,2.247915,0.877915,1.0579151,1.267915,1.037915,1.3279151,3.317915,3.007915,-3.6120849,-1.9120849,-1.502085
0.16791505,-3.522085,-3.412085,-4.402085,-4.532085,-4.882085,-3.522085,-3.6320848,-4.712085,-5.182085,-4.902085,-5.0020847,-5.832085,-7.282085,-5.622085,-5.182085,-4.222085,-1.012085,2.797915,3.3979151,2.3979151,3.057915,0.747915,0.64791507,3.347915,4.587915,4.927915,1.8379151,1.037915,0.65791506,0.17791504,-1.212085,0.14791504,-1.2920849,1.227915,1.407915,1.417915,0.80791503,-0.18208496,-0.562085,-1.582085
-2.802085,-2.8720849,-2.922085,-5.262085,-3.792085,-5.092085,-6.072085,-3.342085,-2.412085,-4.292085,-4.672085,-6.322085,-7.332085,-6.262085,-8.122085,-7.632085,-4.552085,-3.8620849,-3.532085,0.42791504,5.087915,5.537915,2.307915,0.92791504,3.1179152,3.327915,0.95791507,-0.20208496,-2.1320848,0.90791506,1.727915,1.277915,0.047915038,-1.4120849,-3.332085,-1.3220849,-3.312085,-3.042085,-0.08208496,1.997915,1.8179151
-3.412085,-4.192085,-4.662085,-1.9320849,-3.392085,-5.592085,-5.602085,-4.122085,-3.6220849,-2.592085,-2.892085,-5.662085,-7.402085,-8.642085,-8.112085,-6.922085,-3.532085,-3.092085,-4.352085,-3.912085,-2.282085,-0.60208493,1.4479151,2.907915,1.617915,0.72791505,0.34791505,0.07791504,0.59791505,-0.40208495,2.687915,4.067915,3.1379151,3.597915,2.077915,1.597915,2.967915,0.96791506,-1.1620849,0.52791506,1.667915
-3.392085,-3.662085,-2.212085,-2.252085,-3.182085,-4.452085,-4.422085,-5.272085,-3.832085,-1.7920849,-3.702085,-5.052085,-6.852085,-7.362085,-8.262085,-7.412085,-4.942085,-3.962085,-2.652085,-1.242085,-2.192085,-2.272085,-2.732085,-2.072085,-1.5520849,-0.802085,-0.682085,-0.562085,-0.76208496,-2.902085,-1.002085,0.517915,2.097915,2.537915,1.397915,-0.38208497,-2.3620849,-0.44208497,-1.232085,0.687915,3.267915
-2.262085,-3.082085,-4.842085,-4.442085,-2.1320848,-2.3720849,-3.842085,-4.222085,-3.522085,-3.082085,-3.682085,-3.712085,-5.632085,-6.0020847,-6.472085,-7.132085,-6.412085,-4.512085,-3.702085,-3.292085,-2.232085,-3.272085,-4.212085,-3.172085,-3.342085,-2.8720849,-1.862085,-2.162085,-2.072085,-1.3120849,-1.592085,-3.3520849,-2.082085,-2.222085,-2.772085,-2.432085,2.277915,1.967915,3.167915,0.45791504,2.547915
-1.6720849,-2.202085,-4.262085,-4.962085,-2.6020849,-2.182085,-3.082085,-2.412085,-3.292085,-3.1320848,-3.312085,-3.282085,-3.6220849,-4.182085,-5.052085,-4.602085,-3.912085,-3.432085,-3.3720849,-3.702085,-3.712085,-3.402085,-2.502085,-2.312085,-2.952085,-2.952085,-3.842085,-3.8820848,-3.542085,-2.1320848,-3.322085,-3.332085,-3.782085,-3.3720849,-3.322085,-3.002085,0.827915,1.9379151,3.737915,3.467915,3.6279151
-1.022085,-2.412085,-4.602085,-5.652085,-2.692085,-3.6220849,-2.752085,-3.062085,-2.522085,-2.952085,-2.542085,-1.972085,-3.092085,-2.842085,-3.8820848,-4.532085,-3.1020849,-4.062085,-2.532085,-2.252085,-2.8820848,-2.662085,-1.902085,-1.8120849,-2.032085,-3.482085,-2.552085,-3.222085,-2.932085,-3.152085,-3.452085,-3.452085,-3.932085,-2.972085,-1.852085,-0.77208495,1.247915,1.4579151,4.217915,3.277915,1.097915
-0.72208494,-0.64208496,-2.492085,-3.722085,-3.892085,-3.502085,-3.472085,-4.212085,-4.372085,-2.172085,-1.612085,-1.8020849,-2.442085,-2.822085,-4.192085,-4.322085,-4.052085,-4.402085,-1.982085,-0.19208497,0.08791504,-0.23208496,-0.18208496,-0.38208497,-0.83208495,-2.072085,-2.312085,-1.8120849,-2.462085,-3.272085,-3.6320848,-3.692085,-3.452085,-3.682085,-2.402085,-1.262085,0.11791504,0.25791505,0.07791504,-2.042085,-1.832085
-0.13208497,0.60791504,-0.03208496,-0.872085,-2.1020849,-2.242085,-3.072085,-3.6320848,-3.952085,-2.522085,-0.22208495,-0.03208496,-2.062085,-3.1320848,-3.652085,-4.742085,-5.302085,-5.322085,-4.4820848,-1.5420849,1.4379151,1.247915,-0.64208496,-0.28208497,1.3279151,0.05791504,-0.84208494,-1.3020849,-1.852085,-2.322085,-3.722085,-4.712085,-5.172085,-1.862085,-2.8820848,-2.072085,-1.472085,0.18791504,2.297915,3.057915,2.457915
1.1779151,1.767915,0.97791505,0.827915,-0.03208496,-2.272085,-2.672085,-3.282085,-3.442085,-2.792085,-0.49208495,0.31791505,0.767915,-0.682085,-3.712085,-5.722085,-4.692085,-4.932085,-4.912085,-4.912085,-3.8620849,0.13791505,1.597915,2.197915,1.867915,-0.71208495,-1.1720849,-0.71208495,-0.54208493,-3.282085,-4.192085,-4.792085,-6.122085,-5.452085,-4.602085,-3.572085,-0.992085,0.47791505,2.017915,2.517915,3.237915
1.597915,2.297915,2.907915,2.527915,0.54791504,0.24791504,-0.682085,-1.282085,-2.8820848,-3.062085,-1.4420849,-1.6720849,-0.82208496,-0.982085,-4.152085,-4.852085,-4.932085,-5.352085,-5.072085,-3.462085,-3.3520849,1.6979151,0.10791504,3.927915,1.897915,2.247915,2.287915,1.767915,-0.812085,-2.462085,-3.682085,-3.762085,-4.682085,-3.492085,-4.992085,-5.582085,-4.132085,-3.482085,-1.762085,3.427915,2.597915
