wind_kz.json
{"header": {"discipline":0,"disciplineName":"Meteorological products","gribEdition":2,"gribLength":1102,"center":7,"centerName":"US National Weather Service - NCEP(WMC)","subcenter":0,"refTime":"2024-04-07T06:00:00.000Z","significanceOfRT":1,"significanceOfRTName":"Start of forecast","productStatus":0,"productStatusName":"Operational products","productType":1,"productTypeName":"Forecast products","productDefinitionTemplate":0,"productDefinitionTemplateName":"Analysis/forecast at horizontal level/layer at a point in time","parameterCategory":2,"parameterCategoryName":"UnknownDiscipline_0_Category_2","parameterNumber":3,"parameterNumberName":"UnknownParameter_D0_C2_3","parameterUnit":"Unknown","genProcessType":2,"genProcessTypeName":"Forecast","forecastTime":300,"surface1Type":103,"surface1TypeName":"Specified height level above ground","surface1Value":10.0,"surface2Type":255,"surface2TypeName":"Missing","surface2Value":0.0,"gridDefinitionTemplate":0,"gridDefinitionTemplateName":"Latitude_Longitude","numberPoints":615,"shape":6,"shapeName":"Earth spherical with radius of 6,371,229.0 m","gridUnits":"degrees","resolution":48,"winds":"true","scanMode":64,"nx":41,"ny":15,"basicAngle":0,"lo1":47.0,"la1":41.0,"lo2":87.0,"la2":55.0,"dx":1.0,"dy":1.0}, "data":
[rows 0 to 14 of 15, columns 0 to 40 of 41]
-0.9085791,-1.5685791,5.191421,7.141421,3.1914208,-2.018579,-2.278579,-1.0585791,-5.138579,-4.828579,-6.9485793,-6.818579,-4.798579,-5.068579,-5.668579,-6.558579,-6.2185793,-5.668579,-7.028579,-4.328579,-3.5785792,-4.378579,1.0914209,-1.0285791,-1.7585791,-1.6585791,-1.4985791,1.2314209,-1.5685791,-2.788579,-1.348579,-2.208579,-1.728579,-2.238579,1.6114209,3.241421,3.081421,2.6814208,3.2014208,3.1214209,0.4514209
0.5714209,0.1214209,8.531421,5.721421,2.501421,1.0814209,-0.028579101,-0.4085791,-3.0585792,-5.2585793,-5.7185793,-7.1785793,-4.388579,-4.4285793,-4.9885793,-4.958579,-5.168579,-6.518579,-8.198579,-3.028579,-5.208579,-7.368579,-2.668579,1.6714209,-0.4385791,-1.3785791,-1.468579,-1.2885791,-2.1285791,-1.5485791,-1.9385791,-0.9985791,-2.2985792,-2.978579,-3.6185791,-8.648579,-2.728579,-6.498579,-1.7885791,-1.7385792,1.9714209
2.761421,4.581421,4.311421,5.471421,1.651421,0.3514209,0.5714209,-0.4685791,-1.1085792,-2.8385792,-4.6785793,-4.858579,-5.518579,-4.138579,-4.4885793,-5.768579,-6.128579,-5.768579,-6.788579,-6.208579,-2.708579,-4.568579,-7.438579,-3.6385791,-3.958579,-0.8285791,-2.1185791,-1.6285791,-1.6285791,-1.1485791,0.0614209,-0.5185791,0.9914209,-0.27857912,3.1814208,-0.1485791,-3.448579,-4.418579,-0.9285791,1.4914209,2.6114209
4.871421,4.8014207,5.341421,0.4014209,1.531421,2.041421,2.781421,1.8514209,1.0614209,-1.1885791,-3.458579,-5.288579,-6.598579,-5.958579,-4.938579,-5.288579,-6.088579,-6.268579,-7.438579,-8.168579,-5.098579,-3.8085792,0.0914209,-3.418579,-4.418579,-4.648579,-4.268579,-4.708579,-3.248579,-5.888579,-6.578579,-4.518579,0.2214209,7.171421,-0.1885791,-0.5585791,4.061421,3.541421,-1.6685791,-5.4285793,-4.128579
2.281421,1.5114208,0.9514209,-1.6985791,2.071421,2.551421,2.551421,2.321421,2.281421,0.5614209,-1.4985791,-3.5685792,-6.288579,-7.068579,-6.958579,-4.828579,-4.528579,-4.558579,-6.0085793,-7.618579,-7.958579,-6.358579,0.2214209,-0.7585791,-3.3685791,-5.388579,-6.068579,-5.128579,-5.138579,-5.618579,-6.768579,-7.7385793,-1.8185791,-0.1685791,0.3214209,0.9514209,-10.658579,5.351421,-7.818579,-5.388579,-9.218579
1.4414209,0.3814209,1.9914209,2.461421,3.331421,3.6414208,4.501421,4.7414207,4.091421,3.8914208,1.8614209,-0.8085791,-3.708579,-5.458579,-5.368579,-5.828579,-3.5985792,-2.6485791,-3.718579,-4.668579,-5.898579,-5.908579,-5.208579,-3.688579,-2.8785791,-1.848579,-3.708579,-5.478579,-5.368579,-5.808579,-5.978579,-5.708579,-4.768579,-4.4285793,0.1614209,-3.928579,0.9214209,-7.128579,-6.288579,2.741421,-5.418579
2.231421,2.1614208,2.281421,2.6214209,3.6514208,4.021421,2.6814208,2.021421,0.8714209,0.9114209,0.5614209,-0.0885791,-1.4085791,-2.668579,-4.148579,-5.388579,-5.2185793,-1.1085792,-0.9085791,-1.728579,-3.0685792,-3.998579,-4.7385793,-3.748579,-2.3985791,-1.6185791,-3.528579,-4.318579,-5.648579,-5.778579,-6.788579,-7.4685793,-8.298579,-9.078579,-10.368579,-7.148579,-6.778579,-4.588579,-5.588579,-2.448579,-10.238579
3.041421,3.031421,3.071421,2.771421,3.2014208,5.141421,4.7414207,3.6214209,2.841421,2.041421,1.8314209,1.0614209,-0.0685791,-0.9085791,-2.8585792,-2.688579,-3.3585792,-2.418579,-0.0885791,0.021420898,-1.7085791,-2.3785791,-1.5685791,-2.5485792,-2.418579,-1.8585792,-1.7885791,-2.508579,-3.488579,-5.028579,-5.458579,-6.348579,-7.4885793,-9.238579,-6.4285793,-5.888579,-4.9685793,-3.458579,-0.7885791,4.081421,-1.5285791
3.711421,4.201421,3.561421,3.4314208,2.4414208,4.841421,4.931421,4.641421,3.6614208,4.021421,3.531421,2.841421,2.511421,1.2014209,-0.6085791,-1.2585791,-0.5385791,-1.5585791,-0.4585791,0.9614209,1.2214209,-0.6685791,-1.728579,-0.0985791,-0.5385791,-1.478579,-1.7485791,-2.498579,-3.488579,-4.018579,-5.528579,-5.848579,-6.438579,-6.358579,-6.688579,-7.708579,-8.998579,-5.208579,-2.8985791,-2.6085792,0.9314209
3.4114208,3.261421,3.511421,4.201421,4.081421,4.751421,6.3014207,4.5714207,5.601421,5.221421,4.901421,4.671421,4.471421,3.6314209,2.8714209,0.9914209,1.1214209,1.5914209,1.271421,1.1214209,1.8414209,1.521421,0.3014209,-0.2985791,0.9714209,0.3914209,-0.9285791,-1.228579,-2.3985791,-3.5885792,-3.948579,-3.958579,-4.788579,-6.138579,-5.668579,-6.038579,-3.488579,-1.8185791,-2.708579,-2.3585792,-2.5985792
2.821421,3.1714208,2.6114209,2.3614209,3.021421,3.761421,4.3214207,5.121421,6.151421,6.351421,6.8214207,6.0314207,6.271421,6.591421,5.461421,4.8214207,4.121421,3.6214209,3.311421,4.0114207,3.4014208,2.801421,2.6614208,1.6014209,0.1714209,0.15142089,-0.2385791,-1.348579,-2.028579,-2.408579,-3.258579,-4.958579,-4.058579,-4.7185793,-5.848579,-5.338579,-4.188579,-2.698579,-4.648579,-3.0585792,-2.778579
-0.4085791,1.4714209,1.3614209,1.661421,1.8114209,2.301421,2.811421,4.941421,3.521421,3.9114208,4.931421,5.861421,7.171421,7.771421,7.431421,7.0514207,6.671421,5.891421,5.931421,5.881421,5.4914207,4.2814207,3.021421,2.091421,1.8414209,0.8014209,0.6514209,-0.7785791,-1.348579,-2.5985792,-3.0785792,-4.4885793,-3.288579,-4.068579,-3.8085792,-4.798579,-4.368579,-3.1485791,-2.938579,-2.428579,-2.3185792
0.7014209,0.5214209,0.8714209,1.0914209,1.2014209,0.6714209,1.2614208,3.6814208,3.711421,4.5314207,3.841421,4.561421,6.961421,7.451421,8.451421,8.281421,8.691421,8.391421,6.731421,6.7414207,6.651421,6.201421,5.501421,4.431421,3.571421,2.731421,1.6214209,0.6914209,-0.2285791,-0.5885791,-2.1285791,-3.988579,-3.7985792,-3.468579,-3.738579,-3.758579,-4.438579,-3.158579,-4.608579,-4.248579,-2.918579
0.4414209,0.3014209,0.0614209,0.8114209,0.5314209,1.4814209,2.511421,2.4414208,3.501421,5.621421,4.111421,2.8814209,5.2614207,7.921421,7.941421,8.781421,10.221421,9.221421,7.841421,7.641421,6.151421,6.081421,5.831421,5.221421,4.3014207,3.521421,2.6614208,2.1414208,1.8814209,1.2914209,-0.5485791,-1.4985791,-2.8785791,-3.3285792,-2.208579,-2.718579,-2.728579,-3.168579,-3.778579,-3.528579,-5.1985793
-2.278579,-2.728579,-2.5885792,-0.6585791,-0.4385791,0.0714209,0.9314209,2.021421,2.801421,3.6214209,5.021421,6.231421,4.081421,3.8814209,8.391421,10.191421,10.871421,10.321421,7.791421,6.851421,7.421421,7.141421,6.431421,5.721421,5.211421,4.2414207,3.571421,2.4414208,1.281421,1.151421,0.4514209,-0.5085791,-1.7785791,-2.678579,-2.8785791,-2.028579,-1.838579,-3.168579,-3.6185791,-3.658579,-3.0485792
