wind_kz.json
{"header": {"discipline":0,"disciplineName":"Meteorological products","gribEdition":2,"gribLength":1025,"center":7,"centerName":"US National Weather Service - NCEP(WMC)","subcenter":0,"refTime":"2023-08-27T00:00:00.000Z","significanceOfRT":1,"significanceOfRTName":"Start of forecast","productStatus":0,"productStatusName":"Operational products","productType":1,"productTypeName":"Forecast products","productDefinitionTemplate":0,"productDefinitionTemplateName":"Analysis/forecast at horizontal level/layer at a point in time","parameterCategory":2,"parameterCategoryName":"UnknownDiscipline_0_Category_2","parameterNumber":3,"parameterNumberName":"UnknownParameter_D0_C2_3","parameterUnit":"Unknown","genProcessType":2,"genProcessTypeName":"Forecast","forecastTime":300,"surface1Type":103,"surface1TypeName":"Specified height level above ground","surface1Value":10.0,"surface2Type":255,"surface2TypeName":"Missing","surface2Value":0.0,"gridDefinitionTemplate":0,"gridDefinitionTemplateName":"Latitude_Longitude","numberPoints":615,"shape":6,"shapeName":"Earth spherical with radius of 6,371,229.0 m","gridUnits":"degrees","resolution":48,"winds":"true","scanMode":64,"nx":41,"ny":15,"basicAngle":0,"lo1":47.0,"la1":41.0,"lo2":87.0,"la2":55.0,"dx":1.0,"dy":1.0}, "data":
[rows 0 to 14 of 15, columns 0 to 40 of 41]
0.50949705,1.659497,6.489497,6.729497,4.1394973,-1.330503,3.0294971,1.899497,1.7394971,0.5894971,-0.57050294,-0.95050293,-2.2005029,-3.360503,-5.170503,-5.8605027,-6.910503,-6.790503,-7.700503,-6.960503,-4.520503,-7.0705028,-6.240503,-0.74050295,2.5494971,7.489497,4.049497,4.4294972,-1.9405029,-4.030503,-2.4505029,-3.370503,-2.420503,-0.03050293,0.81949705,-1.5205029,-3.360503,0.81949705,-1.2605029,-1.850503,-0.19050293
0.7694971,0.62949705,4.589497,7.289497,4.669497,4.319497,3.419497,3.319497,2.869497,1.9494971,1.6094971,-0.93050295,-2.4505029,-3.4805028,-5.040503,-6.140503,-5.930503,-7.040503,-7.700503,-8.810503,-8.210503,-6.240503,-8.060503,-2.440503,1.0794971,1.259497,1.0594971,-0.19050293,-0.36050293,-2.140503,-2.4505029,-3.5105028,-3.270503,0.7194971,1.8094971,1.9794971,-0.29050294,2.7694972,2.309497,-0.06050293,0.48949707
2.2694972,6.549497,5.669497,5.959497,2.4994972,4.759497,4.4294972,4.439497,4.399497,2.389497,0.34949708,-1.840503,-3.7505028,-3.120503,-4.640503,-6.240503,-6.650503,-7.050503,-7.680503,-8.680503,-9.050503,1.5494971,-6.750503,-4.530503,-2.0105028,1.1894971,3.599497,2.839497,0.9694971,-0.74050295,-2.160503,-4.240503,-3.060503,-3.120503,-1.4105029,-1.230503,-3.050503,-7.560503,-3.2105029,2.609497,-1.340503
4.489497,5.299497,4.6794972,5.059497,4.589497,5.309497,5.9094973,5.059497,3.959497,3.5194972,1.029497,-1.350503,-3.790503,-6.650503,-6.010503,-6.160503,-5.790503,-6.520503,-6.680503,-7.080503,-7.1105027,-7.470503,-4.730503,-5.1105027,-4.180503,-3.790503,-3.070503,4.4094973,-4.780503,4.339497,-1.750503,-0.13050292,3.0494971,6.279497,2.649497,-0.50050294,3.639497,1.5694971,-5.180503,-7.5705028,-5.890503
3.179497,3.479497,2.379497,0.49949706,1.8294971,5.229497,4.519497,4.189497,4.379497,3.409497,3.0194972,1.2094971,-0.10050293,-3.7205029,-4.6305027,-5.850503,-6.140503,-5.300503,-5.460503,-5.470503,-5.3405027,-6.080503,-6.540503,-5.650503,-4.650503,-4.000503,-3.7305028,-5.060503,-4.800503,-3.9505029,-1.9205029,0.7694971,0.8594971,0.23949707,-1.0405029,-3.870503,-12.230503,-6.540503,-10.660503,-9.640503,-11.070503
4.6194973,3.099497,2.479497,1.6094971,0.79949707,-0.7305029,3.0294971,3.0394971,3.569497,2.569497,1.749497,3.949497,3.829497,-0.01050293,-5.650503,-5.210503,-5.690503,-5.270503,-4.490503,-3.560503,-4.050503,-4.920503,-6.080503,-6.040503,-5.500503,-4.910503,-3.880503,1.159497,-4.5705028,-5.280503,-5.290503,-1.710503,-3.580503,-2.4805028,-0.41050294,-6.940503,-3.410503,-6.0905027,-6.730503,-4.350503,-8.780503
2.9894972,4.469497,4.249497,4.209497,4.199497,3.659497,0.56949705,0.50949705,1.409497,1.6094971,1.889497,2.2494972,1.0594971,-1.4105029,-3.270503,-4.3405027,-5.310503,-5.3405027,-4.800503,-3.560503,-3.7005029,-4.750503,-4.950503,-5.710503,-5.5705028,-5.280503,-5.160503,-5.220503,-3.2205029,-5.000503,-4.560503,-4.480503,-5.620503,-8.410503,-5.830503,-3.090503,1.519497,0.04949707,-1.330503,0.56949705,-10.800503
2.129497,1.9394971,2.5294971,2.7894971,2.599497,2.2394972,1.8194971,1.529497,1.4894971,1.279497,1.3494971,1.669497,1.6994971,0.21949707,-1.9005029,-3.910503,-4.260503,-3.930503,-4.770503,-4.480503,-3.7505028,-3.860503,-4.830503,-4.660503,-4.710503,-5.330503,-5.6305027,-5.520503,-4.660503,-4.370503,-4.830503,-4.700503,-7.0705028,-8.140503,-4.270503,-5.0905027,-4.830503,0.37949708,-0.80050296,1.3594971,-1.3005029
2.619497,2.669497,3.0094972,2.669497,2.169497,1.9494971,1.259497,0.49949706,0.48949707,0.29949707,0.75949705,0.74949706,1.0494971,0.14949708,-2.0105028,-2.940503,-3.830503,-3.160503,-3.0005028,-3.9805028,-3.650503,-3.7605028,-4.900503,-5.850503,-5.6105027,-6.080503,-5.920503,-5.5705028,-5.930503,-6.510503,-4.760503,-4.690503,-5.520503,-5.140503,-7.250503,-6.240503,-5.600503,-3.680503,2.129497,0.7794971,2.409497
3.059497,2.479497,2.419497,2.4894972,2.5494971,1.8494971,1.1894971,0.9094971,0.18949707,-0.62050295,-0.6705029,-5.029297E-4,-1.080503,-1.5405029,-1.0705029,-1.590503,-2.370503,-2.870503,-2.2505028,-2.040503,-2.7205029,-4.280503,-4.210503,-4.260503,-4.000503,-4.120503,-3.800503,-2.880503,-3.020503,-2.610503,-3.2605028,-5.0905027,-6.040503,-6.030503,-7.280503,-4.700503,-4.020503,-0.99050295,0.74949706,0.03949707,1.2194971
2.7894971,2.7694972,2.559497,1.7394971,1.749497,2.179497,1.3094971,0.9194971,0.88949704,0.47949708,-0.14050293,-0.8305029,-0.10050293,-0.9805029,-1.4405029,-1.7905029,-2.070503,-2.7405028,-2.080503,-2.2005029,-2.280503,-3.310503,-3.7105029,-3.580503,-3.2205029,-2.550503,-2.930503,-3.2205029,-3.560503,-4.560503,-4.190503,-3.4605029,-3.290503,-4.0705028,-3.4805028,-3.790503,-1.7705029,-1.490503,-1.220503,-2.2505028,-2.310503
3.439497,2.5394971,2.619497,2.479497,2.5394971,1.659497,1.1194971,1.029497,1.669497,0.28949708,-0.22050293,-0.22050293,0.7794971,-0.02050293,-0.5905029,-2.070503,-3.090503,-2.9505029,-2.130503,-1.4005029,-2.4605029,-1.6505029,-2.080503,-2.830503,-4.010503,-5.1105027,-5.1105027,-4.190503,-3.9805028,-4.020503,-2.7005029,-2.620503,-2.080503,-3.050503,-1.620503,-1.9405029,-1.620503,-0.26050293,1.039497,1.9294971,1.669497
2.7594972,3.469497,2.979497,2.609497,2.0294971,1.669497,1.8194971,1.3494971,1.2294971,0.26949707,-0.15050294,-0.80050296,0.13949707,-0.6505029,-1.4105029,-1.470503,-1.600503,-2.350503,-2.080503,-0.75050294,-1.8105029,-0.9705029,-1.7705029,-2.520503,-3.340503,-3.620503,-3.860503,-4.600503,-3.320503,-3.330503,-2.690503,-2.900503,-3.140503,-2.9805028,-0.9005029,-0.5805029,-0.5805029,0.61949706,-0.8505029,1.3594971,1.4794971
1.2994971,2.369497,2.439497,2.5094972,2.729497,2.4894972,1.779497,1.3694971,0.98949707,0.69949704,-0.16050293,-1.620503,0.19949707,-0.42050293,-0.9705029,-1.860503,-1.840503,-1.840503,-2.350503,-1.1705029,-1.370503,-1.4505029,-1.0705029,-1.8805029,-2.2605028,-2.290503,-2.4805028,-3.9605029,-2.670503,-3.050503,-3.650503,-2.7305028,-2.0005028,-1.240503,-1.2005029,-0.9605029,-1.340503,-0.80050296,0.02949707,0.8494971,0.40949708
1.2094971,1.0694971,3.9994972,1.6994971,2.579497,2.649497,1.759497,1.2194971,0.7294971,1.139497,0.8994971,0.18949707,-0.6605029,-1.5705029,-1.590503,-1.5605029,-1.870503,-1.740503,-1.350503,-0.70050293,-1.080503,-0.9805029,-0.94050294,-2.4605029,-2.270503,-2.020503,-1.740503,-1.980503,-2.2105029,-2.060503,-1.9305029,-2.890503,-1.6405029,-0.6005029,0.16949707,0.08949707,0.38949707,0.44949707,0.73949707,1.2994971,1.6994971
