wind_kz.json
{"header": {"discipline":0,"disciplineName":"Meteorological products","gribEdition":2,"gribLength":1025,"center":7,"centerName":"US National Weather Service - NCEP(WMC)","subcenter":0,"refTime":"2023-08-20T12:00:00.000Z","significanceOfRT":1,"significanceOfRTName":"Start of forecast","productStatus":0,"productStatusName":"Operational products","productType":1,"productTypeName":"Forecast products","productDefinitionTemplate":0,"productDefinitionTemplateName":"Analysis/forecast at horizontal level/layer at a point in time","parameterCategory":2,"parameterCategoryName":"UnknownDiscipline_0_Category_2","parameterNumber":3,"parameterNumberName":"UnknownParameter_D0_C2_3","parameterUnit":"Unknown","genProcessType":2,"genProcessTypeName":"Forecast","forecastTime":240,"surface1Type":103,"surface1TypeName":"Specified height level above ground","surface1Value":10.0,"surface2Type":255,"surface2TypeName":"Missing","surface2Value":0.0,"gridDefinitionTemplate":0,"gridDefinitionTemplateName":"Latitude_Longitude","numberPoints":615,"shape":6,"shapeName":"Earth spherical with radius of 6,371,229.0 m","gridUnits":"degrees","resolution":48,"winds":"true","scanMode":64,"nx":41,"ny":15,"basicAngle":0,"lo1":47.0,"la1":41.0,"lo2":87.0,"la2":55.0,"dx":1.0,"dy":1.0}, "data":
[rows 0 to 14 of 15, columns 0 to 40 of 41]
2.248545,2.458545,-1.781455,2.3185449,0.30854493,-1.271455,4.088545,2.478545,0.8385449,0.47854492,-1.161455,-1.401455,-2.281455,-4.111455,-5.161455,-5.991455,-6.221455,-5.3114552,-6.261455,-4.991455,-4.2514553,-2.4214551,-2.971455,2.408545,4.048545,1.8885449,2.498545,0.31854492,0.35854492,4.1885448,1.608545,0.8785449,1.1185449,-1.5914551,-4.231455,-5.081455,-5.131455,-1.6914551,-2.1914551,-1.1214551,-0.50145507
-0.49145508,0.7785449,3.728545,3.778545,0.9385449,-0.3514551,3.518545,1.708545,2.048545,0.23854493,1.2985449,-2.231455,-3.581455,-3.981455,-5.241455,-5.831455,-5.161455,-5.511455,-3.451455,-4.591455,-7.931455,-7.231455,-5.441455,-1.8614551,1.598545,-1.011455,-0.111455075,-1.921455,0.44854492,1.7485449,6.348545,4.508545,-1.771455,0.36854494,0.5285449,1.8185449,1.9085449,1.598545,-0.0014550781,-0.8014551,-0.39145508
0.7585449,6.028545,3.758545,1.7885449,1.8985449,6.008545,3.6185448,3.938545,3.1185448,1.7685449,-0.31145507,-1.791455,-3.4114552,-2.951455,-4.431455,-5.0414553,-6.031455,-6.441455,-6.711455,-4.631455,-3.1714551,-6.7714553,-5.901455,-3.6714551,-5.5014553,-2.061455,-2.1614552,-4.191455,0.5185449,-3.201455,-2.091455,-1.4414551,-2.081455,-1.2314551,0.49854493,1.458545,-2.201455,-0.40145507,-2.4314551,0.40854493,3.288545
5.268545,6.198545,5.618545,4.588545,3.658545,5.578545,5.648545,2.3085449,2.3585448,2.3285449,-0.5414551,-2.311455,-5.321455,-7.691455,-4.411455,-3.801455,-4.401455,-5.471455,-6.611455,-6.5614552,-5.571455,-3.781455,-1.5914551,-2.831455,-3.451455,-4.191455,-4.511455,-3.9014552,-3.8914552,-5.091455,-6.671455,-5.081455,2.3285449,1.6785449,-0.7414551,1.1585449,0.28854492,0.098544925,-0.9314551,1.1685449,-3.9214551
5.908545,6.018545,5.858545,1.5385449,2.8185449,4.4385448,2.8485448,2.5985448,2.498545,1.988545,1.9085449,0.7785449,-1.801455,-5.261455,-5.651455,-3.3914552,-3.9114552,-4.361455,-4.611455,-4.941455,-3.6914551,-3.201455,-2.841455,-3.101455,-2.471455,-3.4014552,-4.261455,-6.7514553,-4.7514553,-5.151455,-6.451455,-6.401455,-2.3814552,-0.4214551,0.04854492,5.9985447,-7.951455,2.5985448,-5.821455,-5.491455,-4.091455
6.368545,4.828545,1.7485449,1.2685449,0.8785449,-0.43145508,3.768545,3.178545,2.668545,2.6185448,2.748545,2.458545,2.638545,-2.091455,-6.051455,-2.041455,-2.561455,-3.571455,-2.8814552,-2.971455,-3.3714552,-3.9114552,-3.4214551,-3.041455,-2.6914551,-2.1614552,-0.18145508,-2.8914552,-3.971455,-3.961455,-3.9014552,-4.5614552,-4.441455,-4.7514553,-3.041455,0.038544923,-2.341455,-4.841455,-4.881455,-6.641455,-7.3114552
7.718545,7.848545,8.228545,6.528545,5.028545,5.988545,4.6885448,3.918545,3.888545,3.468545,2.648545,2.468545,1.4085449,1.2585449,-0.77145505,-1.661455,-1.9514551,-2.251455,-2.571455,-2.3914552,-2.6614552,-3.541455,-3.821455,-4.031455,-2.961455,-1.791455,-2.301455,-3.051455,-2.6814551,-2.801455,-2.771455,-1.9814551,-3.091455,-3.031455,-2.101455,0.54854494,2.398545,-1.2014551,-1.141455,0.4885449,-8.781455
7.018545,7.2285447,6.7085447,6.788545,6.858545,6.358545,5.2285447,4.638545,3.548545,3.8385448,3.518545,1.9385449,1.948545,0.6485449,0.47854492,0.66854495,-0.40145507,-0.83145505,-1.0614551,-1.8814551,-0.8114551,-0.9614551,-0.8514551,-2.3914552,-2.6914551,-3.241455,-2.4014552,-1.3214551,-1.2514551,-0.8514551,-1.401455,-2.051455,-2.551455,-2.351455,-3.1914551,-3.861455,-2.251455,-2.561455,-2.101455,-0.08145508,-4.261455
6.058545,5.528545,4.608545,4.268545,4.278545,5.368545,5.008545,4.388545,3.258545,3.298545,2.038545,2.0885448,0.9385449,1.988545,1.2685449,1.9085449,2.138545,1.6285449,1.238545,0.74854493,-0.16145508,-0.28145507,0.068544924,-0.5614551,-1.3114551,-1.3414551,-0.111455075,-0.69145507,-0.75145507,-1.301455,-1.4714551,-1.8614551,-1.6014551,-1.801455,-1.901455,-2.4214551,-2.301455,-1.7314551,-2.321455,-0.8414551,1.978545
5.578545,4.218545,3.498545,4.088545,4.918545,5.348545,4.918545,4.398545,3.798545,2.448545,1.708545,0.80854493,0.18854493,0.6585449,1.078545,1.9385449,2.3785448,3.038545,3.208545,2.518545,2.1285448,1.608545,1.078545,1.8685449,2.8585448,1.708545,1.1585449,1.078545,1.338545,1.238545,0.33854493,0.6385449,-0.13145508,0.8385449,0.7185449,0.6885449,-0.9714551,0.068544924,2.3785448,2.428545,1.218545
4.7485447,4.198545,4.518545,4.4785447,4.578545,4.578545,4.388545,3.978545,2.668545,1.8885449,0.9685449,0.41854492,-0.031455077,0.028544921,-0.2614551,0.058544923,0.3985449,2.008545,2.468545,2.668545,2.918545,3.228545,2.978545,3.8285449,3.478545,3.8185449,3.398545,3.008545,2.048545,1.198545,0.8885449,1.228545,1.9285449,1.9085449,1.6685449,1.8085449,3.5785449,2.008545,1.6485449,1.0485449,-0.3514551
6.028545,5.568545,5.368545,5.2085447,4.868545,3.5785449,2.5585449,1.1585449,-1.2514551,-5.0414553,-4.3114552,-2.001455,-2.221455,-2.051455,-1.3114551,-1.021455,-2.041455,-1.511455,-0.6614551,-1.791455,2.278545,1.708545,1.198545,2.658545,4.108545,4.308545,4.198545,3.018545,2.648545,-0.2914551,0.17854492,1.4985449,2.178545,3.268545,3.3285449,3.0785449,1.8885449,0.79854494,1.6785449,0.10854492,0.5985449
4.9785447,4.7085447,2.248545,1.6485449,1.238545,-0.06145508,0.008544922,0.028544921,1.458545,-1.011455,-1.9514551,-1.7114551,-2.4014552,-4.051455,-2.781455,-1.8714551,-2.361455,-3.841455,-4.431455,-2.811455,-1.761455,-0.63145506,0.55854493,-0.19145508,-0.15145507,-0.031455077,1.7785449,1.698545,2.938545,3.678545,0.13854492,-0.23145507,-1.2314551,1.5185449,1.338545,2.888545,2.928545,1.358545,1.6585449,2.288545,0.9385449
4.288545,4.718545,3.028545,3.528545,-1.5814551,0.23854493,1.0585449,-1.401455,-4.071455,-2.3814552,-0.43145508,-0.6114551,-1.761455,-2.721455,-5.471455,-4.161455,-2.8914552,-1.8614551,-0.011455078,-1.5914551,-2.771455,-1.2514551,-0.15145507,0.6385449,0.8785449,1.348545,3.3385448,3.778545,4.9585447,5.008545,4.798545,2.238545,1.7485449,2.0585449,0.73854494,2.388545,3.5885448,3.928545,3.0885448,3.638545,3.8785448
2.8685448,4.628545,-0.07145508,0.7885449,-1.7414551,0.36854494,-0.49145508,0.04854492,-0.36145508,-0.16145508,-0.47145507,-1.6314551,-0.69145507,-2.051455,-2.271455,-2.361455,-4.931455,-4.821455,-5.161455,-4.321455,-3.4014552,-2.311455,-0.34145507,-0.011455078,0.5385449,1.2585449,2.518545,3.3585448,4.2285447,4.848545,5.308545,4.868545,3.028545,3.0685449,4.138545,4.048545,5.138545,5.128545,5.778545,4.848545,3.948545
