wind_kz.json
{"header": {"discipline":0,"disciplineName":"Meteorological products","gribEdition":2,"gribLength":1025,"center":7,"centerName":"US National Weather Service - NCEP(WMC)","subcenter":0,"refTime":"2023-08-18T18:00:00.000Z","significanceOfRT":1,"significanceOfRTName":"Start of forecast","productStatus":0,"productStatusName":"Operational products","productType":1,"productTypeName":"Forecast products","productDefinitionTemplate":0,"productDefinitionTemplateName":"Analysis/forecast at horizontal level/layer at a point in time","parameterCategory":2,"parameterCategoryName":"UnknownDiscipline_0_Category_2","parameterNumber":2,"parameterNumberName":"UnknownParameter_D0_C2_2","parameterUnit":"Unknown","genProcessType":2,"genProcessTypeName":"Forecast","forecastTime":300,"surface1Type":103,"surface1TypeName":"Specified height level above ground","surface1Value":10.0,"surface2Type":255,"surface2TypeName":"Missing","surface2Value":0.0,"gridDefinitionTemplate":0,"gridDefinitionTemplateName":"Latitude_Longitude","numberPoints":615,"shape":6,"shapeName":"Earth spherical with radius of 6,371,229.0 m","gridUnits":"degrees","resolution":48,"winds":"true","scanMode":64,"nx":41,"ny":15,"basicAngle":0,"lo1":47.0,"la1":41.0,"lo2":87.0,"la2":55.0,"dx":1.0,"dy":1.0}, "data":
[rows 0 to 14 of 15, columns 0 to 40 of 41]
0.9595752,1.3495752,-2.480425,-2.5104249,-5.770425,-5.6204247,-7.810425,-9.710424,-9.300425,-8.010425,-7.440425,-7.1604247,-7.460425,-7.210425,-6.8004246,-7.3704247,-7.080425,-8.750424,-7.920425,-4.540425,0.6295752,2.7095752,2.7495751,2.9495752,-2.5204248,0.119575195,3.3795753,0.52957517,-0.5704248,0.71957517,-0.5404248,1.4695752,0.9795752,0.8595752,1.7095752,0.71957517,0.77957517,-0.6304248,1.0795752,0.38957518,-0.15042481
1.2795752,-1.4904248,-1.6604248,-4.7804246,-6.060425,-3.8904247,-7.860425,-9.180425,-7.8004246,-7.690425,-8.530425,-7.000425,-7.630425,-7.420425,-7.2404246,-7.840425,-8.190425,-8.700425,-7.230425,-3.7704248,-5.8904247,-5.2004247,0.2895752,3.1295753,0.1695752,0.059575196,1.3295752,-0.050424803,2.9595752,1.1295753,0.4495752,0.3695752,0.52957517,0.5495752,0.059575196,1.2395751,0.9095752,-0.78042483,-1.7504249,-1.0004249,-0.1104248
-0.9804248,0.3395752,-4.710425,-6.350425,-6.860425,-7.570425,-7.000425,-5.7404246,-7.5304246,-7.920425,-6.850425,-6.170425,-6.5304246,-7.170425,-6.090425,-5.9704247,-5.650425,-5.670425,-6.2204247,-8.3804245,-5.2404246,-10.300425,-9.980425,-10.030425,-2.200425,-3.5604248,-1.1604248,0.8795752,3.2495751,-0.2904248,-0.1704248,-1.0604248,-0.8604248,0.8795752,0.009575196,1.8995752,0.41957518,0.5595752,-0.1704248,3.549575,1.4295752
0.2495752,-3.8804247,-7.1604247,-6.2204247,-4.960425,-6.840425,-5.090425,-6.9904246,-7.400425,-6.6204247,-7.8904247,-7.2604246,-3.190425,-3.5604248,-4.850425,-6.0504246,-5.460425,-5.4504247,-5.830425,-5.570425,-5.2204247,-6.940425,-3.970425,-5.230425,-5.610425,-5.250425,-3.980425,-5.6404247,-4.2204247,-1.8204248,-0.1304248,-0.18042481,-2.4904249,-0.7504248,-0.6404248,1.3095752,1.4495752,1.4395752,-2.4304247,-1.1504248,-2.970425
-3.210425,-5.6804247,-6.830425,-6.020425,-4.860425,-4.5304246,-4.000425,-5.900425,-5.9304247,-5.400425,-5.2204247,-4.130425,-1.4004248,-2.5604248,-2.8604248,-4.980425,-5.070425,-5.7404246,-6.090425,-5.710425,-5.2404246,-5.040425,-4.3004246,-0.050424803,1.0695752,-0.2004248,-1.7804248,-1.3604248,-0.7504248,-2.0404248,-2.4204247,-2.0504248,2.3795753,1.5495752,-2.6204247,-1.9804248,0.2295752,-0.8604248,-1.7004248,-2.3604248,-2.4904249
-5.070425,-5.320425,-5.650425,-6.270425,-5.330425,-5.420425,-5.840425,-4.4904246,-4.1604247,-3.1504247,-4.650425,-4.2804246,-4.580425,-4.1804247,-3.3704247,-4.3704247,-4.840425,-5.250425,-4.340425,-3.1304247,-3.3704247,-2.9004247,-1.6204247,-0.9004248,-1.1304249,-2.7904248,-2.2904248,-4.250425,1.6595752,2.3995752,0.2995752,-0.9104248,-1.3104248,-0.7704248,-0.020424806,2.8295753,2.4295752,2.3595753,0.6395752,1.5095752,2.1895752
-5.190425,-4.460425,-3.8604248,-5.290425,-4.580425,-4.5104246,-4.650425,-3.6504247,-3.3404248,-4.2404246,-3.460425,-4.330425,-3.6504247,-4.560425,-5.1604247,-5.2204247,-5.1204247,-3.7504249,-2.4304247,-3.2704248,-3.7604249,-3.5304248,-3.4004247,-2.2704248,-1.6804248,-1.7204248,-2.3704247,-2.5804248,-5.6804247,-6.1204247,-4.560425,-4.6604247,-3.7604249,0.5395752,2.0095751,2.9795752,2.4395752,-1.8004248,4.639575,-0.6904248,-0.020424806
-3.6104248,-3.5604248,-2.6404247,-3.720425,-3.960425,-3.970425,-4.190425,-3.5104249,-3.9004247,-3.2904248,-2.3504248,-2.950425,-2.9104247,-3.9204247,-4.570425,-4.7604246,-4.960425,-4.380425,-4.020425,-3.4004247,-3.970425,-3.8104248,-4.060425,-3.7604249,-3.5904248,-2.8204248,-2.470425,-2.480425,-3.950425,-4.4304247,-5.560425,-4.400425,-3.690425,-4.380425,-2.440425,-0.36042482,3.5895753,6.689575,4.929575,2.7495751,2.2395751
-5.3004246,-4.7404246,-3.5504248,-2.1504247,-2.2404249,-2.1304247,-2.3304248,-2.0104249,-0.5904248,-1.0704248,-0.7704248,-0.6004248,-2.8504248,-3.6004248,-4.560425,-5.020425,-5.500425,-5.0104246,-4.750425,-3.7504249,-3.0904248,-3.4204247,-3.3704247,-2.950425,-3.4104247,-3.0904248,-3.6604247,-4.420425,-4.0504246,-3.3304248,-3.6304247,-3.3804247,-2.0504248,-0.6204248,0.119575195,1.4395752,-1.2404248,-0.9804248,1.9095752,0.8695752,3.1495752
-3.5404248,-3.210425,-3.0104249,-2.9004247,-2.5204248,-1.4504248,0.0695752,0.6895752,1.5195752,1.4495752,1.0695752,-0.8204248,-2.7704248,-3.8304248,-5.070425,-5.440425,-5.630425,-3.970425,-3.8504248,-4.1404247,-4.380425,-3.7904248,-3.730425,-4.070425,-3.8704247,-2.950425,-2.8304248,-1.9904248,-1.8504248,-1.4104248,0.3495752,0.7295752,1.1995752,1.2395751,2.0095751,1.8095752,1.6695752,-0.18042481,2.1195753,0.009575196,0.3095752
-1.6904248,-1.0004249,-0.8404248,-0.42042482,0.35957518,0.7895752,0.3495752,0.8795752,0.5095752,-1.5004249,-2.7904248,-4.130425,-4.0104246,-4.4304247,-4.750425,-5.6204247,-3.8804247,-2.5404248,-3.6604247,-3.710425,-3.5904248,-3.200425,-2.3304248,-1.8904248,-2.0104249,-1.5004249,-0.1704248,0.4795752,1.4295752,2.4095752,3.3695753,3.8695753,3.8895752,3.3395753,2.559575,1.7095752,2.3195753,2.529575,2.7495751,1.2495751,1.3795753
-2.200425,-1.3904248,-1.6404248,0.35957518,0.009575196,0.5895752,-0.12042481,0.1095752,-1.8304248,-2.8004248,-3.210425,-3.4004247,-3.4904249,-4.460425,-4.130425,-2.5404248,-3.470425,-2.5404248,-2.5804248,-1.8604248,-0.8104248,-1.6704248,-0.33042482,1.0195752,1.2495751,2.1295753,2.4495752,2.539575,3.7595751,4.619575,5.0695753,5.2595754,4.889575,5.329575,4.689575,4.5095754,5.1095753,6.5695753,6.0695753,5.8395753,0.32957518
-0.6104248,-0.8004248,-0.2904248,0.5695752,0.8195752,-0.3704248,-1.0204248,-0.3404248,-2.0904248,-2.1804247,-2.7404249,-2.6104248,-2.3404248,-3.6804247,-2.2404249,-2.7404249,-1.7104248,-1.1804248,0.9895752,1.4595752,1.3395752,1.9795752,1.5495752,2.1495752,1.8295752,1.6295753,2.299575,3.3995752,4.399575,4.979575,5.5695753,6.689575,6.7195754,6.769575,5.519575,5.959575,6.559575,5.159575,6.419575,7.139575,6.0095754
-1.1304249,-1.3204248,-1.3704247,-1.1404248,-2.1704247,-3.3304248,-3.9204247,-4.3004246,-2.7604249,-2.4204247,-0.97042483,-1.8604248,-1.4904248,-2.2904248,-2.0304248,-1.8104248,-0.53042483,0.5495752,1.7095752,1.1595752,1.3095752,1.3295752,1.0695752,1.4195752,1.6295753,2.1795752,2.6395752,2.769575,2.6895752,3.039575,4.169575,4.7195754,6.189575,6.1995754,6.229575,6.189575,6.0295753,7.2595754,7.149575,5.4695754,6.389575
-1.9704248,-3.1804247,-3.970425,-4.9504247,-5.230425,-5.7804246,-5.170425,-4.940425,-3.700425,-2.960425,-2.0804248,-2.3704247,-1.2004248,-0.7904248,-0.9304248,-0.8504248,-0.6304248,-0.3004248,-0.050424803,0.20957519,0.8495752,0.7895752,1.2295752,1.5495752,2.9695752,4.0095754,5.019575,5.7595754,5.939575,5.7795753,5.389575,5.849575,6.3595753,7.429575,6.459575,8.089575,9.249576,8.379575,9.059575,8.229575,4.899575
