wind_kz.json
{"header": {"discipline":0,"disciplineName":"Meteorological products","gribEdition":2,"gribLength":1025,"center":7,"centerName":"US National Weather Service - NCEP(WMC)","subcenter":0,"refTime":"2023-10-02T18:00:00.000Z","significanceOfRT":1,"significanceOfRTName":"Start of forecast","productStatus":0,"productStatusName":"Operational products","productType":1,"productTypeName":"Forecast products","productDefinitionTemplate":0,"productDefinitionTemplateName":"Analysis/forecast at horizontal level/layer at a point in time","parameterCategory":2,"parameterCategoryName":"UnknownDiscipline_0_Category_2","parameterNumber":2,"parameterNumberName":"UnknownParameter_D0_C2_2","parameterUnit":"Unknown","genProcessType":2,"genProcessTypeName":"Forecast","forecastTime":0,"surface1Type":103,"surface1TypeName":"Specified height level above ground","surface1Value":10.0,"surface2Type":255,"surface2TypeName":"Missing","surface2Value":0.0,"gridDefinitionTemplate":0,"gridDefinitionTemplateName":"Latitude_Longitude","numberPoints":615,"shape":6,"shapeName":"Earth spherical with radius of 6,371,229.0 m","gridUnits":"degrees","resolution":48,"winds":"true","scanMode":64,"nx":41,"ny":15,"basicAngle":0,"lo1":47.0,"la1":41.0,"lo2":87.0,"la2":55.0,"dx":1.0,"dy":1.0}, "data":
[rows 0 to 14 of 15, columns 0 to 40 of 41]
-0.23089844,-0.19089843,-0.04089844,-1.3308984,-1.5108985,-4.0208983,-8.380898,-10.100899,-10.420898,-7.0408983,-6.0208983,-4.9308987,-4.5108986,-3.7408984,-3.4008985,-3.1908984,-2.8308985,-1.4308984,-2.5308983,-0.8208984,-1.2008984,-2.2608984,-1.7008984,-1.4508984,0.17910156,-2.7508984,-2.0808985,1.0191016,-0.26089844,1.2891016,-1.8608985,1.4091016,2.2991016,6.0291014,0.07910156,-0.27089843,0.66910154,0.27910155,-1.3008984,-2.1208985,-0.86089844
1.7691016,2.0291016,-5.9308987,-4.6308985,-6.4008985,-7.6808987,-8.270899,-10.020899,-7.1808987,-5.0808983,-6.4808984,-6.5508986,-3.5808985,-2.8608985,-1.7908984,-1.3708985,0.8791016,1.2091016,0.31910157,-1.1108985,-3.4208984,-3.3608985,-2.0808985,-2.3308985,1.9191016,0.76910156,-0.23089844,2.0691016,-0.5708984,-0.59089845,0.04910156,-0.73089844,-1.1208985,-1.7408985,0.50910157,0.24910156,0.53910154,-0.40089843,-3.0708985,-0.09089844,-4.5308986
-0.050898436,-3.2808983,-4.0208983,-5.0908985,-5.3608985,-7.7908983,-8.000898,-6.0208983,-6.0108986,-8.190899,-6.4308987,-5.9208984,-3.7108984,-2.5908985,-1.8408984,-3.0108984,-3.8108985,-2.4108984,-3.6308985,-4.0008984,-3.1708984,-3.7208984,-4.2408986,-3.1208985,0.53910154,-0.61089844,1.3891015,2.4291015,-0.74089843,-0.84089845,-1.1508985,1.5591016,0.53910154,0.15910156,1.3791015,-0.89089847,0.009101562,-0.5608984,0.64910156,-0.78089845,1.9091016
-2.0908985,-3.8308985,-3.2708983,-2.4208984,-3.6808984,-5.4208984,-5.0908985,-5.5908985,-7.3108983,-7.0008984,-6.2708983,-4.5108986,-4.6808987,-2.3308985,-1.0608984,-2.3408985,-3.4108984,-2.8908985,-3.8308985,-4.4608984,-2.0408983,-1.6008984,0.52910155,-1.5508984,-0.7508984,0.10910156,1.3491015,0.97910154,2.3091016,3.6991014,2.2191017,0.10910156,1.2091016,0.5491016,-0.7508984,-1.7708985,-1.3808985,1.8491015,-0.09089844,-1.6308985,-1.3208984
-2.5308983,-4.890898,-5.5808983,-3.3208985,-3.4008985,-3.9208984,-3.0208983,-3.9208984,-6.1308985,-6.0808983,-5.640898,-3.9508984,-3.1108985,-2.2108984,-3.1808984,-1.7008984,-1.9708984,-1.7208984,-1.0108985,-2.7208984,-0.40089843,-0.79089844,-1.0108985,-0.55089843,1.4891015,1.4091016,2.2691016,4.0491014,3.8591015,3.8591015,3.6291015,3.2891016,-0.47089845,-0.21089844,-0.09089844,0.9391016,-0.050898436,-2.7208984,-2.6408985,-3.0308983,-2.6908984
-1.5308985,-3.0008984,-4.5908985,-4.640898,-6.5308986,-5.1508985,-5.0708985,-6.640898,-7.0208983,-4.5708985,-3.6908984,-1.9308984,0.8691016,0.85910153,-1.8708985,-0.8708984,-0.53089845,0.7991016,-0.99089843,-0.30089843,-3.2308984,-3.1508985,-0.86089844,0.70910156,2.4391015,3.1991014,4.1491017,4.3791018,4.1791015,4.0991015,2.6091015,3.5391016,-2.9708984,-2.7008984,-1.6708984,-4.1908984,-1.3708985,-1.8108984,-0.13089843,-3.1108985,-3.1308985
-2.0908985,-1.2708985,-2.0808985,-2.1608984,-2.7208984,-2.9908984,-5.160898,-5.0308986,-4.4808984,-5.7508984,-5.0108986,-3.8608985,-3.0508986,-2.1308985,-1.3608985,-1.3708985,-2.1608984,-2.2008984,-2.4608984,-4.7408986,-2.6308985,-0.7608984,-0.6308984,0.7391016,3.0791016,4.7091017,4.7091017,3.5591016,3.7591016,0.18910156,-2.5508986,-2.8208985,-1.8408984,-3.7108984,-3.8608985,-2.3008986,-1.5108985,2.2191017,-1.7508985,1.8491015,-0.17089844
-0.52089846,0.6891016,-0.28089845,-0.22089843,-0.15089844,-1.1508985,-5.7708983,-5.5408983,-3.9508984,-4.7508984,-3.7008984,-2.3108985,-2.4908984,-2.5508986,-1.1908984,-2.3608985,-2.5108984,-3.7208984,-3.6808984,-3.4408984,-2.3108985,-2.9008985,-0.21089844,-0.31089842,-0.35089844,1.2191015,2.7091017,1.1791016,-1.1008984,-5.0208983,-4.7608986,-3.9708984,-4.0108986,-0.43089843,-2.2608984,-2.0408983,-0.9508984,-2.2108984,-2.3708985,-1.8008984,-2.3608985
-0.89089847,-1.4008985,-2.4108984,-1.1508985,0.15910156,-0.90089846,-4.0808983,-4.0308986,-2.9808984,-3.8208985,-2.3408985,-2.2808983,-2.0408983,-2.4608984,-2.3308985,-2.1208985,-2.2908983,-3.4908984,-3.2408984,-3.1008985,-2.7008984,-1.2708985,-1.9008985,-1.4908985,-2.3608985,-2.7508984,-3.7408984,-6.9808984,-5.4808984,-6.7408986,-7.8008986,-3.6208985,-1.3708985,-2.5408983,-1.7108984,-1.4108984,-0.85089844,-1.8108984,-1.1008984,-0.39089844,-2.5708985
1.3091016,-1.0408984,-1.2808985,-1.5208985,-2.9008985,-4.0408983,-4.0908985,-2.3108985,-3.3108985,-3.0608985,-2.0108984,-1.7208984,-1.3108984,-1.8708985,-2.3208985,-2.3208985,-2.0508986,-2.8208985,-3.3308985,-2.5708985,-3.5308983,-2.3208985,-1.2808985,-3.1008985,-3.7708983,-4.2508984,-5.2508984,-6.2408986,-5.6708984,-6.2108984,-4.3108983,-3.3508985,-2.9608984,-2.4208984,-1.6908984,-1.4108984,-1.9408984,-0.26089844,-2.3808985,-0.48089844,-1.6708984
-0.33089843,-1.7808985,-1.7408985,-2.0808985,-1.6908984,-2.7208984,-2.3708985,-0.80089843,-1.7508985,-2.4508984,-1.7708985,-0.85089844,-2.5108984,-1.3508984,-2.1108985,-2.0608985,-2.0808985,-1.5408984,-3.1608984,-3.3608985,-3.1908984,-3.1508985,-2.9408984,-3.2508984,-2.7208984,-3.6108985,-4.8108983,-4.7108984,-3.5308983,-3.5008984,-3.6908984,-3.1208985,-3.3708985,-2.4308984,-0.98089844,-1.1508985,-1.2708985,-0.30089843,-1.0708984,0.60910153,-1.5708984
-0.60089844,-1.2708985,-0.5008984,-1.8608985,-2.9408984,-3.1108985,-2.4208984,-2.3908985,-2.2408984,-2.3608985,-1.7408985,0.22910157,0.28910157,-0.47089845,0.31910157,-0.98089844,-0.61089844,-1.8408984,-2.2208984,-1.3308984,-2.1608984,-2.2708983,-2.9008985,-2.8808985,-2.9808984,-2.9408984,-2.9908984,-2.8108985,-3.0808985,-3.5008984,-3.0308983,-3.1008985,-2.1708984,-3.0008984,-2.2408984,-2.6108985,-2.9508984,-1.9108984,-0.9408984,-0.64089847,-0.55089843
0.11910156,-0.030898437,0.31910157,-0.66089845,-0.44089845,-1.2708985,-0.9408984,-0.73089844,-1.2408985,-1.1708984,-0.83089846,0.76910156,1.2691016,1.4491016,2.2091017,1.5691016,0.31910157,0.8091016,-0.73089844,-0.33089843,-0.09089844,-0.55089843,-0.080898434,-0.9508984,-0.64089847,-1.5508984,-1.5008985,-2.3708985,-2.4708984,-2.0608985,-1.9908985,-2.1508985,-2.7208984,-2.8108985,-2.4008985,-2.8508985,-2.5508986,-1.7508985,-2.7608984,-1.5208985,-0.98089844
0.32910156,-0.31089842,0.78910154,0.15910156,-0.14089844,-0.070898436,0.21910156,0.39910156,0.44910157,-0.21089844,-0.77089846,0.07910156,1.6991016,2.2591016,2.3391016,1.2591015,1.3491015,0.78910154,0.78910154,1.8191016,1.8991016,0.88910156,1.1191015,0.19910157,0.53910154,0.45910156,0.23910156,0.059101563,-0.10089844,-0.43089843,-0.60089844,-0.7608984,-0.7008984,-0.60089844,-0.8708984,-0.99089843,-1.1408985,-1.3108984,-1.3308984,-0.67089844,-0.48089844
0.76910156,0.20910156,1.9091016,1.5091015,1.7091016,1.2991016,1.9191016,0.60910153,1.1791016,0.72910154,-0.40089843,2.6091015,0.8791016,1.3991016,1.5791016,2.7691016,1.8191016,1.8191016,1.4691015,1.8591015,2.1091015,2.2191017,1.6491016,1.2991016,1.3691015,1.5891016,1.9391016,1.9991015,1.8091016,1.5791016,2.0391016,1.0591016,1.4191016,1.6791016,1.8091016,2.1591015,0.48910156,1.7391015,1.5491016,1.0891016,-0.77089846
