wind_kz.json
{"header": {"discipline":0,"disciplineName":"Meteorological products","gribEdition":2,"gribLength":1025,"center":7,"centerName":"US National Weather Service - NCEP(WMC)","subcenter":0,"refTime":"2023-08-18T06:00:00.000Z","significanceOfRT":1,"significanceOfRTName":"Start of forecast","productStatus":0,"productStatusName":"Operational products","productType":1,"productTypeName":"Forecast products","productDefinitionTemplate":0,"productDefinitionTemplateName":"Analysis/forecast at horizontal level/layer at a point in time","parameterCategory":2,"parameterCategoryName":"UnknownDiscipline_0_Category_2","parameterNumber":3,"parameterNumberName":"UnknownParameter_D0_C2_3","parameterUnit":"Unknown","genProcessType":2,"genProcessTypeName":"Forecast","forecastTime":0,"surface1Type":103,"surface1TypeName":"Specified height level above ground","surface1Value":10.0,"surface2Type":255,"surface2TypeName":"Missing","surface2Value":0.0,"gridDefinitionTemplate":0,"gridDefinitionTemplateName":"Latitude_Longitude","numberPoints":615,"shape":6,"shapeName":"Earth spherical with radius of 6,371,229.0 m","gridUnits":"degrees","resolution":48,"winds":"true","scanMode":64,"nx":41,"ny":15,"basicAngle":0,"lo1":47.0,"la1":41.0,"lo2":87.0,"la2":55.0,"dx":1.0,"dy":1.0}, "data":
[rows 0 to 14 of 15, columns 0 to 40 of 41]
3.0769873,2.5769873,-1.3430127,-3.1530128,-4.513013,-5.4530125,-2.6230128,-1.5430127,-1.4630127,-1.1430126,4.276987,4.5369873,4.2269874,1.9069873,-1.3730127,-3.0930128,-3.1630127,-1.8630127,-0.7330127,-1.6430126,-4.0030127,-4.113013,-0.073012695,1.2869873,2.9669874,2.4069872,1.7169873,0.75698733,-2.3330126,2.1869874,3.2969873,4.0369873,1.8369873,1.8369873,2.2369874,0.8869873,0.39698732,0.1969873,0.7769873,2.5469873,2.1969874
-2.1730127,-1.0030127,1.9769874,-1.7230127,-1.6130127,-3.7230127,-4.8530126,-3.8330126,-1.9130127,-2.1430128,1.1269873,5.696987,4.0969872,2.2669873,-0.5730127,-1.5630127,-4.113013,-1.2530127,0.09698731,-0.8130127,-3.8930128,-4.9130125,-2.8330126,-0.7930127,3.1669874,3.4369874,3.7369874,1.0069873,-0.2630127,-0.35301268,-2.1630127,-0.013012695,1.2569873,2.0869873,3.4969873,2.8169873,1.3569874,4.3769875,3.0169873,2.4969873,-1.1930127
0.5869873,4.9369874,2.7869873,-0.2230127,-2.1730127,-4.2930126,-3.8130126,-3.9930127,-2.9730127,-2.8330126,-0.9230127,6.616987,5.2269874,3.3969872,0.8869873,-2.0130126,-4.073013,-3.4930127,-1.4530127,1.8269873,0.09698731,-2.1530128,-4.053013,-2.9930127,-3.3530128,-2.9830127,-2.6430128,-2.2730126,-2.5530126,-3.1130128,-1.0530127,-0.2530127,-4.0230126,1.5869873,0.3169873,-3.1230128,-3.6330128,2.3469872,-1.5330127,1.7169873,1.1969873
1.8869873,2.8669872,0.2669873,-1.6630127,-0.9130127,-2.9330127,-3.5530126,-3.7330127,-3.6530128,-3.4730127,-1.9630127,3.8369873,2.2569873,1.4369873,2.5269873,-0.4230127,-3.7030127,-3.7530127,3.2069874,1.9769874,0.3269873,-1.9630127,1.1169873,-1.5630127,-3.6230128,-3.8530128,-3.2830126,-2.4730127,-2.8730128,-4.613013,-4.9130125,-0.1330127,1.9369873,1.9369873,0.9169873,1.9769874,3.8769872,2.4969873,-3.3930128,-1.8330127,-1.7130127
-1.6930127,-1.2730126,-0.9030127,-3.1730127,-2.9130127,-1.7530127,-2.3330126,-2.9530127,-3.7430127,-3.4130127,-0.1430127,5.0869875,4.5469875,2.0869873,1.7069873,0.23698731,-1.5230126,-1.5430127,-0.99301267,1.3169873,1.7469873,1.8169873,0.1169873,-1.6830127,-1.6230127,-1.6730127,-2.6030128,-3.6730127,-3.5430126,-4.1630125,-4.6430125,-4.6530128,-0.5730127,-0.6030127,0.8269873,1.0469873,3.0769873,-0.2830127,-1.3030127,-0.2930127,-0.3930127
-3.7430127,-3.4930127,-0.8330127,-2.9030128,-2.7330127,-3.3230126,-2.4330127,-1.7330127,-1.9330127,-0.7730127,2.9969873,5.886987,3.9369874,0.3869873,-1.8230127,0.6469873,0.2069873,-1.3730127,-0.5930127,1.7369874,2.7769873,1.2169873,-0.113012694,0.036987305,-2.1530128,-1.4130127,-1.6830127,-4.1630125,-2.9630127,-3.4930127,-4.8130126,-5.803013,-5.723013,-3.1730127,-3.4030128,-1.4230127,-4.223013,1.9669873,0.5669873,0.94698733,-0.3030127
-4.613013,-4.1930127,-3.7230127,-0.5030127,-1.1230127,-1.8430127,-0.3630127,1.0369873,-0.7530127,2.0769873,4.486987,3.1869874,2.3369873,-1.9330127,0.5569873,-0.6230127,-2.1530128,-2.9730127,0.4469873,3.5069873,2.9169874,1.2469873,-0.2130127,-0.9330127,-1.9730127,-1.9530127,-1.3530127,-1.6930127,-3.0530126,-3.0530126,-3.9930127,-5.243013,-6.0830126,-0.2430127,1.0869873,1.7869873,2.8569872,1.1469873,-1.8130127,3.5069873,-1.6030127
-3.6030128,-3.8230126,-3.4830127,-3.0430126,-1.5830127,-1.0230126,0.8969873,0.69698733,1.2869873,3.4969873,3.3069873,2.2669873,-0.99301267,0.5469873,-1.8330127,-1.9830127,-1.4730127,-1.4730127,-0.5730127,1.5469873,1.2469873,0.3469873,-0.5030127,-0.7930127,-2.5130126,-2.6830127,-2.8530128,-1.6530128,-1.5430127,-1.6630127,-3.3230126,-3.9630127,-3.9130127,-4.1930127,-1.8230127,-0.6630127,-2.3530128,-1.5730127,-0.0930127,-0.5630127,0.5169873
-3.3830128,-2.9530127,-2.0430126,0.026987305,-0.0930127,-0.5030127,0.9569873,2.5069873,4.276987,3.7869873,2.1869874,0.2669873,-0.5330127,0.36698732,-1.5930127,-2.2430127,-1.1730127,-0.6330127,-0.7530127,-0.80301267,0.4069873,0.33698732,-0.5230127,-0.6930127,-1.6130127,-1.5530127,-2.4730127,-2.9930127,-2.5330126,-2.6730127,-3.2030127,-3.1730127,-3.2530127,-2.2030127,-2.3530128,-2.9230127,1.3969873,-3.3130126,-0.8730127,0.9769873,2.1769874
-4.7330127,-3.8730128,-2.4330127,0.09698731,0.8969873,-0.8430127,0.6069873,1.8769873,2.8969872,2.5169873,1.7369874,0.8869873,1.6369873,-0.8930127,-1.2230127,-1.8130127,-2.1130128,-2.4330127,-1.4430127,-1.8730127,-1.3530127,-0.99301267,-1.5930127,-1.8830127,-1.2130127,-0.3030127,-1.9930127,-1.8330127,-2.0330126,-2.5330126,-3.4330127,-4.7030125,-2.8330126,-1.9330127,-0.6630127,0.7169873,-0.2730127,1.2169873,0.8369873,-1.5530127,-1.1930127
-4.553013,-4.0030127,-0.7730127,0.066987306,-1.0830127,-0.2630127,0.4769873,0.8869873,0.7169873,1.4869874,1.0669873,0.046987306,-1.1030127,-0.8830127,-1.7330127,-1.2130127,-2.7530127,-2.1930127,-1.9630127,-2.5830126,-2.8330126,-2.3530128,-2.5830126,-1.8030127,-2.7930126,-2.6030128,-1.3430127,-2.9930127,-2.8830128,-3.4530127,-3.4130127,-2.9830127,-3.2430127,-3.4930127,-2.5030127,2.2469873,1.2869873,0.6169873,0.6469873,0.9769873,-0.2530127
-2.7530127,-2.7830126,-0.4030127,1.6869873,1.4069873,1.6169873,0.33698732,1.0269873,0.6469873,0.94698733,0.5669873,-1.2730126,-0.5230127,-1.3930126,-2.4330127,-1.6630127,-2.7730126,-2.2530127,-2.8330126,-3.1530128,-3.2930126,-2.8430128,-2.9430127,-2.5130126,-1.8330127,-1.9430127,-3.4030128,-4.0030127,-3.7530127,-3.9530127,-3.8930128,-4.013013,-3.3330126,-3.6530128,-2.5230126,-2.1430128,-1.3830127,-2.0530126,-0.9130127,-0.5730127,-0.7030127
-2.2330127,-2.5530126,-1.3830127,0.94698733,1.2269874,1.4969873,1.2669873,0.7069873,1.5869873,0.5269873,-0.103012696,-0.3330127,-1.6130127,-1.1630127,-2.6330128,-2.7730126,-2.4830127,-1.7930127,-2.3630128,-2.2130127,-2.6830127,-3.1230128,-2.9630127,-3.1930127,-2.7830126,-2.9730127,-3.1230128,-2.0030127,-2.8030126,-3.3230126,-3.7830126,-3.2930126,-2.9830127,-2.5030127,-2.5430126,-3.3030126,-2.8430128,-1.1430126,-1.5730127,-1.1430126,1.5869873
-2.7030127,-3.0530126,-1.4130127,0.18698731,1.3869873,1.6369873,0.9969873,-0.1630127,-0.5730127,-0.5430127,-0.23301269,-0.2230127,-0.7130127,-2.2530127,-2.2030127,-1.7430127,-1.1030127,-1.8530127,-1.8830127,-1.9130127,-2.3130126,-2.1430128,-2.2230127,-2.6230128,-2.6930127,-2.3230126,-2.6030128,-2.8230126,-2.5930128,-3.4730127,-3.8430128,-3.1230128,-3.5930128,-2.6930127,-1.9230127,-2.7930126,-2.8030126,-3.3230126,-2.9030128,-1.2530127,-2.3930128
-1.5830127,-1.8330127,-2.7130127,-1.8330127,-1.6730127,0.016987305,0.4369873,0.5269873,-0.3230127,0.6569873,0.3569873,0.4669873,-0.12301269,0.6869873,-0.2830127,0.036987305,-0.7530127,-0.6130127,-0.9030127,-1.3330127,-1.6330127,-1.8530127,-2.0730126,-2.0130126,-1.8830127,-1.5230126,-2.1330128,-2.5930128,-2.1430128,-2.7230127,-2.8530128,0.3769873,-1.3030127,-1.5530127,-1.8930126,-0.74301267,-0.8430127,-1.8930126,-0.9530127,-1.3030127,-1.3130127
