wind_kz.json
{"header": {"discipline":0,"disciplineName":"Meteorological products","gribEdition":2,"gribLength":1025,"center":7,"centerName":"US National Weather Service - NCEP(WMC)","subcenter":0,"refTime":"2023-10-04T06:00:00.000Z","significanceOfRT":1,"significanceOfRTName":"Start of forecast","productStatus":0,"productStatusName":"Operational products","productType":1,"productTypeName":"Forecast products","productDefinitionTemplate":0,"productDefinitionTemplateName":"Analysis/forecast at horizontal level/layer at a point in time","parameterCategory":2,"parameterCategoryName":"UnknownDiscipline_0_Category_2","parameterNumber":3,"parameterNumberName":"UnknownParameter_D0_C2_3","parameterUnit":"Unknown","genProcessType":2,"genProcessTypeName":"Forecast","forecastTime":120,"surface1Type":103,"surface1TypeName":"Specified height level above ground","surface1Value":10.0,"surface2Type":255,"surface2TypeName":"Missing","surface2Value":0.0,"gridDefinitionTemplate":0,"gridDefinitionTemplateName":"Latitude_Longitude","numberPoints":615,"shape":6,"shapeName":"Earth spherical with radius of 6,371,229.0 m","gridUnits":"degrees","resolution":48,"winds":"true","scanMode":64,"nx":41,"ny":15,"basicAngle":0,"lo1":47.0,"la1":41.0,"lo2":87.0,"la2":55.0,"dx":1.0,"dy":1.0}, "data":
[rows 0 to 14 of 15, columns 0 to 40 of 41]
-2.3825781,1.2274219,-1.6025782,-2.0325782,9.527422,8.327422,5.167422,5.987422,5.717422,5.387422,6.0974216,6.0574217,5.777422,5.377422,4.4774218,3.9374218,2.4674218,-0.032578126,-0.75257814,-0.042578124,0.33742186,-2.742578,-1.6225781,0.35742188,1.1074219,-0.27257812,-0.86257815,-1.8125781,-0.9525781,0.6074219,1.8174219,2.4074218,-0.61257815,-0.8425781,-0.29257813,-1.6925781,-1.6225781,0.6074219,1.0074219,1.3074219,1.4474219
5.157422,-1.7125782,-4.072578,-2.6325781,8.017422,7.857422,7.127422,8.607422,8.527422,7.3274217,6.5374217,6.297422,6.277422,5.707422,5.297422,4.237422,2.317422,1.4974219,1.5174218,1.2574219,-0.012578125,-2.6125782,-2.942578,-1.2025781,1.7874218,2.277422,2.8774219,0.92742187,1.1774219,2.1774218,0.22742188,0.62742186,1.5074219,1.7374219,2.087422,2.007422,2.067422,1.2074219,1.5074219,-0.47257814,-0.68257815
-1.6825781,-4.4225783,-4.512578,1.6674218,6.337422,7.9974217,6.737422,7.187422,7.937422,7.647422,7.4774218,7.137422,6.467422,5.9774218,5.0374217,4.607422,3.307422,3.4474218,2.9474218,1.3774219,1.3874218,-0.17257813,-2.002578,0.20742187,-1.8925781,-1.3025781,-1.4525781,-1.9925781,-0.19257812,-2.652578,-0.2825781,-0.5225781,-1.9225781,1.3374219,-0.102578126,-2.692578,-2.712578,0.6474219,-0.81257814,0.7274219,0.7074219
-2.192578,-3.2725782,-4.0225782,-0.47257814,5.917422,7.877422,7.907422,8.147422,8.647422,8.777422,7.7474217,7.5374217,6.357422,5.917422,5.857422,5.177422,4.137422,3.737422,2.9674218,2.3674219,1.5574219,2.2074218,0.31742188,0.26742187,0.34742188,-0.43257812,0.26742187,-0.8925781,0.077421874,-1.6625781,-2.702578,-0.042578124,1.2574219,2.1374218,1.0374218,1.6774219,2.497422,1.1674218,-3.3025782,-2.222578,-2.6225781
-1.0825782,-0.62257814,1.4674219,1.2874218,2.807422,3.827422,5.9774218,6.817422,7.2674217,7.987422,8.997422,8.647422,8.107422,7.367422,6.317422,5.887422,5.547422,4.8074217,4.457422,3.817422,3.3774219,1.5674219,2.097422,1.4674219,0.8474219,1.4474219,2.077422,0.8474219,0.8274219,-0.3125781,0.31742188,-0.5225781,0.27742186,0.45742187,0.8474219,1.6474218,1.6974219,0.077421874,-1.6825781,-1.5425781,-2.002578
3.1574218,2.827422,4.027422,5.677422,6.547422,7.447422,6.567422,6.157422,6.927422,7.157422,7.5774217,7.8474216,7.7274218,8.117422,7.947422,7.457422,7.027422,6.0774217,4.957422,4.007422,3.847422,3.9074218,3.3674219,3.007422,2.9474218,2.837422,2.087422,1.6874219,1.1874219,0.75742185,1.1574218,0.15742187,0.31742188,-0.3725781,-2.3025782,-1.8725781,-2.8425782,-0.75257814,0.8574219,0.25742188,-1.8425782
0.067421876,3.6874218,5.047422,5.277422,6.907422,7.4774218,8.057422,8.067422,8.377422,7.867422,8.167422,8.747422,9.197422,8.737422,8.987422,8.737422,8.367422,7.407422,6.547422,5.467422,4.707422,5.007422,5.377422,5.467422,5.157422,3.737422,3.1874218,2.6074219,2.517422,2.6974218,3.6274219,3.997422,1.6374218,1.7474219,0.5374219,0.7874219,2.1074219,2.8974218,-0.09257813,2.567422,-0.20257813
-2.6425781,-1.0325781,0.39742187,6.317422,6.4974217,6.757422,7.617422,8.537422,9.187422,8.587421,9.457422,9.527422,9.407422,9.167422,9.047421,9.207422,9.067422,7.897422,7.127422,6.957422,5.987422,5.5774217,5.927422,6.737422,7.147422,6.567422,4.837422,4.2874217,4.9974217,4.9974217,4.427422,5.657422,4.357422,4.837422,2.1374218,-0.15257813,-0.17257813,0.047421876,0.50742185,-0.7825781,0.15742187
-5.332578,-4.382578,-4.0225782,-2.752578,7.527422,8.037422,7.487422,7.047422,8.0074215,9.387422,9.787422,10.157422,9.977422,10.137422,9.497422,9.677422,9.637422,8.787422,7.9974217,7.867422,7.167422,6.917422,7.2274218,7.337422,8.057422,8.267422,7.257422,5.587422,6.067422,7.0174217,6.7874217,5.5974216,4.607422,3.587422,4.717422,-0.102578126,2.7174218,0.7374219,2.6874218,1.8874218,0.8974219
-3.8525782,-3.2725782,-4.782578,-3.8125782,-4.262578,-2.002578,9.057422,9.767422,9.557422,9.357422,10.847422,10.247422,9.487422,9.587421,9.787422,9.447422,9.407422,9.217422,8.247422,7.407422,8.437422,7.697422,7.2674217,7.887422,7.197422,7.3074217,7.927422,7.217422,7.687422,7.437422,6.187422,5.677422,5.067422,4.3274217,4.317422,5.5174217,2.9174218,1.0674219,1.7274219,1.3774219,2.3974218
-4.9625783,-1.9225781,-2.402578,-2.2825782,-3.252578,-4.182578,-5.852578,6.967422,10.957422,10.127422,9.987422,11.367422,11.2574215,10.397422,9.827422,9.707422,10.227422,9.707422,8.977422,8.187422,8.047421,7.7474217,6.527422,7.237422,7.237422,7.507422,6.817422,8.397422,8.047421,7.167422,6.647422,5.947422,5.837422,4.467422,5.4774218,6.8074217,4.387422,1.8774219,4.967422,2.4674218,1.1774219
-2.762578,-0.19257812,-0.32257813,-1.3025781,-2.3325782,-2.502578,-2.5925782,-3.662578,-5.162578,-3.1425781,6.217422,8.677422,9.357422,9.467422,10.097422,9.907422,10.407422,9.867422,9.787422,9.107422,8.387422,7.127422,6.2274218,5.967422,7.0174217,7.7474217,7.5974216,7.387422,7.197422,7.407422,7.487422,7.547422,5.467422,5.427422,5.2874217,6.637422,6.647422,6.9974217,3.247422,3.257422,0.69742185
0.057421874,1.5674219,1.6074219,1.0474219,0.44742188,-0.44257814,-0.41257814,-0.5125781,-1.0725781,-1.5725781,-0.6725781,-0.88257813,-1.6825781,-1.4625782,-1.8425782,5.737422,7.737422,8.097422,8.467422,8.567422,8.5074215,8.277422,7.5174217,7.0974216,6.907422,7.217422,6.867422,7.437422,7.617422,7.567422,7.797422,8.347422,7.5774217,7.107422,6.7474217,6.377422,6.2274218,4.367422,5.047422,1.0474219,2.537422
-1.1425781,3.237422,2.1374218,1.2774218,1.7674218,1.2274219,1.4474219,1.0774219,0.74742186,1.9974219,0.99742186,0.67742187,1.6074219,1.0774219,1.6174219,1.0274218,0.5374219,1.3574219,5.127422,7.867422,7.687422,6.5974216,7.337422,8.097422,7.197422,6.257422,6.707422,7.967422,8.057422,8.677422,8.057422,8.087421,8.837421,8.357422,7.3474216,6.627422,5.167422,4.7474217,5.177422,4.067422,4.947422
0.12742187,2.6474218,1.6374218,1.3474219,0.92742187,1.0374218,0.4374219,0.29742187,-0.3125781,0.30742186,1.1574218,1.9474219,1.6074219,1.5074219,2.1974218,2.847422,2.6874218,3.257422,3.3774219,3.797422,3.787422,7.107422,6.947422,6.197422,6.7474217,7.657422,6.657422,7.7874217,8.117422,8.447422,8.687422,9.137422,8.347422,8.627422,7.777422,7.797422,7.397422,7.357422,5.487422,4.2674217,3.6674218
