wind_kz.json
{"header": {"discipline":0,"disciplineName":"Meteorological products","gribEdition":2,"gribLength":1025,"center":7,"centerName":"US National Weather Service - NCEP(WMC)","subcenter":0,"refTime":"2023-08-27T12:00:00.000Z","significanceOfRT":1,"significanceOfRTName":"Start of forecast","productStatus":0,"productStatusName":"Operational products","productType":1,"productTypeName":"Forecast products","productDefinitionTemplate":0,"productDefinitionTemplateName":"Analysis/forecast at horizontal level/layer at a point in time","parameterCategory":2,"parameterCategoryName":"UnknownDiscipline_0_Category_2","parameterNumber":3,"parameterNumberName":"UnknownParameter_D0_C2_3","parameterUnit":"Unknown","genProcessType":2,"genProcessTypeName":"Forecast","forecastTime":60,"surface1Type":103,"surface1TypeName":"Specified height level above ground","surface1Value":10.0,"surface2Type":255,"surface2TypeName":"Missing","surface2Value":0.0,"gridDefinitionTemplate":0,"gridDefinitionTemplateName":"Latitude_Longitude","numberPoints":615,"shape":6,"shapeName":"Earth spherical with radius of 6,371,229.0 m","gridUnits":"degrees","resolution":48,"winds":"true","scanMode":64,"nx":41,"ny":15,"basicAngle":0,"lo1":47.0,"la1":41.0,"lo2":87.0,"la2":55.0,"dx":1.0,"dy":1.0}, "data":
[rows 0 to 14 of 15, columns 0 to 40 of 41]
2.3889794,-0.5310205,-1.7910205,-8.40102,-9.29102,-9.801021,-8.341021,-7.8010206,-7.0910206,-7.5410204,-7.4010205,-5.6810207,-5.6710205,-5.7910204,-6.0010204,-4.4310207,1.3089795,2.3689795,1.9089795,1.6789795,1.5389795,2.2489796,1.4489795,-1.9610205,-1.3110205,-1.5110205,-1.1110206,1.2789795,3.3389795,4.9189796,0.6289795,-2.0110204,1.3689795,-1.0710205,-2.1210206,-2.5610206,-2.7910204,0.7889795,1.2089795,-0.5510205,-0.1910205
2.0089796,-0.4010205,-3.8710206,-6.1910205,-6.3510203,-8.00102,-5.2210207,-4.9010205,-4.9710207,-4.9010205,-6.0610204,-5.6510205,-5.0110207,-4.4610205,-6.0010204,-6.9410205,-3.2110205,-4.7710204,-1.6310205,4.6189795,3.4989796,3.3789794,3.3089795,2.7289796,1.6889795,1.5889795,-1.2310205,2.8789794,0.9089795,2.3489795,6.1289797,6.5389795,0.2489795,0.058979493,-2.2710204,-1.1810205,-1.5610205,-3.0110204,-1.2910205,-1.1510205,0.7389795
1.6989795,-1.1010205,-3.6210206,-6.0810204,-6.5510206,-1.9710205,-1.9210205,-2.7010205,-3.6910205,-5.7910204,-5.5610204,-4.1610203,-2.9810205,-2.0310204,-3.0110204,-3.8510206,-3.6310205,-3.6910205,-4.0410204,-3.0610206,4.7089796,3.0489795,2.7989795,2.2389796,3.1689794,2.9689796,1.9089795,1.4189795,0.3889795,3.6489794,5.8689795,3.2889795,3.5889795,-1.1910205,-0.09102051,3.1489794,5.3189793,0.8289795,0.3189795,-0.9510205,0.7689795
-2.0910206,-4.7910204,-5.8910203,-7.7410207,-4.8210206,-4.3410206,-1.8010205,-1.3310205,-2.7810204,-3.4510205,-3.8810205,-3.6210206,-6.7810206,-4.2310205,-1.5210205,1.9889795,1.7589794,-3.4410205,-4.3110204,-4.9510207,-3.3810205,4.6289797,3.7389796,3.7989795,4.4289794,4.7789793,3.0889795,1.9389795,2.4789796,2.1389794,1.1889795,0.9489795,-1.6010205,-0.4510205,-0.06102051,-3.7710204,-0.7510205,3.0489795,2.4189794,0.7989795,0.8089795
-2.4210205,-4.7210207,-5.9510207,-8.70102,-8.37102,-4.8210206,-5.8310204,-0.8010205,-1.3410205,-3.4310205,-3.5010204,-3.1910205,-5.5310206,-3.2310205,-4.6210203,2.6989794,2.6289794,2.3089795,1.0089794,-4.6810207,-3.6210206,-4.0110207,1.2689795,4.0589795,5.2689795,4.1689796,3.9889796,3.3389795,1.5289795,-0.07102051,-0.9810205,0.4789795,2.4889796,4.0989795,-0.89102054,-1.9610205,1.2489794,-1.2810205,-0.4310205,-0.8710205,-2.3210206
-2.0110204,-1.6310205,-5.7210207,-8.00102,-8.99102,-10.101021,-6.7110205,-3.1110206,-1.8410205,-0.3910205,-0.7510205,-0.7110205,-3.0610206,-3.5110204,-2.0910206,0.2489795,2.9489794,4.2189794,3.4889796,4.6989794,-1.8810205,-3.1410205,-5.9010205,5.5089793,6.5789795,4.9089794,3.8989794,5.8389797,2.7589796,0.7989795,-0.7910205,-0.4510205,0.3289795,-0.2710205,2.1289794,6.6489797,3.3189795,3.6189795,-0.0010205078,-0.5510205,-1.1810205
-1.5510205,-2.4710205,-3.4410205,-3.0210204,-3.3110206,-2.3910205,-2.8110206,-2.8510206,-3.0510206,-2.3210206,-0.41102052,0.39897949,0.6789795,-0.8510205,0.15897949,0.2589795,1.7289795,2.0889795,4.6389794,3.8589795,3.4989796,-1.4010205,-4.0610204,4.0789795,6.4289794,6.5889797,2.9089794,2.9289794,1.8389795,1.4989794,-0.6910205,-2.8610206,-3.1910205,0.008979492,-0.04102051,-1.9610205,-3.2310205,-1.6910205,1.5789795,0.6389795,1.0489795
1.4689795,-1.7210205,-2.0310204,-2.9010205,-4.5810204,-4.9210205,-4.6010203,-5.6010203,-7.8510203,-7.6310205,-5.6910205,-0.6110205,2.9589796,-0.41102052,1.8489795,0.7189795,-1.3610206,0.7889795,5.4189796,5.9589796,3.2989795,3.7889795,-2.2710204,-0.7010205,8.618979,7.1789794,8.188979,4.4289794,1.6389794,2.0489795,0.018979492,-0.7210205,-2.0510206,-3.0010204,0.4389795,-0.3610205,-1.4210205,0.66897947,-1.1310205,0.6189795,-1.1510205
-2.9710205,-1.0110205,-2.9710205,-4.3510203,-5.0610204,-5.8410206,-4.8810205,-5.4210205,-7.8510203,-8.391021,-4.3610206,-3.1010206,4.2689795,0.5589795,1.2489794,1.0589795,2.7189796,0.8689795,0.5989795,2.1589794,2.6289794,6.8289795,1.5389795,-3.8610206,9.42898,8.908979,9.42898,7.9289794,4.1589794,2.1489794,2.1689794,2.0889795,2.2489796,2.8189795,2.7289796,2.1489794,-3.3610206,-0.6810205,0.11897949,-0.09102051,-0.7910205
-3.4910204,-1.6110206,-3.1510205,-3.9510205,-5.6510205,-6.7210207,-6.9010205,-6.2610207,-6.4210205,-8.29102,-7.6710205,0.098979495,2.2089796,0.11897949,-0.4910205,0.97897947,1.4489795,0.17897949,0.9589795,1.3589795,1.2989795,2.0889795,2.7689795,-1.5710205,-3.5810206,8.108979,8.688979,6.0189795,3.5789795,2.6889794,3.8389795,2.9889796,2.6389794,3.4889796,1.3789794,0.6389795,0.3289795,-2.8810205,-1.2510206,1.2489794,2.2289796
-3.2110205,-3.6210206,-3.3610206,-3.8910205,-5.1710205,-5.7710204,-6.9210205,-7.0710206,-3.3610206,-3.1510205,-2.3510206,-2.9910204,-1.8810205,0.2889795,1.4889795,1.9789795,3.1789794,2.7189796,2.4489794,1.8289795,-0.12102051,2.1089795,4.4189796,0.2889795,-2.3510206,4.4689794,5.7989793,6.0289793,5.9989796,4.4389796,3.4689796,3.7489796,3.0089796,2.5289795,1.9189795,0.6789795,0.068979494,2.3189795,1.2389795,1.5189795,0.18897949
-2.3810205,-3.4610205,-3.4510205,-3.5410204,-4.2010207,-6.4010205,-7.6710205,-7.5810204,-7.6210203,-4.8110204,1.5989795,1.2889795,0.97897947,1.3889794,0.12897949,1.5989795,3.9089794,2.8589795,3.9789796,3.1189795,3.0889795,2.5289795,3.4889796,4.1189795,0.4089795,2.0989795,5.4989796,6.4089794,5.0189795,3.4489794,3.0189795,3.2789795,2.5489795,2.1589794,1.4489795,0.2989795,0.5189795,2.4489794,2.1489794,1.7689795,0.3889795
-1.9810205,-1.1410205,-3.0810206,-2.7610204,-3.3910205,-4.2910204,-6.7110205,-8.16102,-10.54102,-8.231021,-3.5410204,-0.18102051,4.8889794,2.5989795,2.9889796,1.3389795,1.8789794,2.9189794,3.0989795,3.0089796,2.6689794,2.0589795,2.3489795,6.0789795,2.8489795,3.7589796,4.9089794,4.9989796,4.7989793,3.4689796,3.1189795,2.4889796,1.7489794,1.3989795,2.2089796,1.8089795,1.1789795,-0.3310205,-0.111020505,-0.18102051,-0.1310205
-2.0210204,-3.0610206,-5.1210203,-4.1310205,-3.9010205,-3.7210205,-5.7510204,-7.8610206,-8.891021,-9.191021,-4.9610205,-3.0210204,-4.8110204,4.4489794,3.2489796,2.5789795,2.1889794,2.7989795,3.2989795,2.5089796,1.7389795,1.1789795,4.6389794,4.0389795,2.4389794,4.9189796,5.5689793,4.1289797,3.9589796,3.0989795,2.4789796,1.7689795,2.2289796,2.2789795,1.2689795,1.2989795,0.3889795,-0.3110205,-0.10102051,-0.1410205,-0.8010205
-1.7310205,-3.5210204,-6.6410203,-3.6010206,-4.8510203,-4.9810205,-5.3910203,-6.6210203,-8.301021,-8.86102,-5.7010207,-9.86102,-5.0010204,-1.4510205,2.2889795,3.5789795,2.4989796,3.5189795,2.8989794,2.5989795,2.7089796,0.4889795,2.3589795,4.0589795,4.9189796,3.5589795,4.5089793,3.8189795,3.7089796,2.7489796,2.9589796,2.3189795,1.7089795,1.9289795,1.6089795,1.8189795,0.97897947,0.9589795,0.66897947,-0.021020507,-0.5610205
