wind_kz.json
{"header": {"discipline":0,"disciplineName":"Meteorological products","gribEdition":2,"gribLength":1025,"center":7,"centerName":"US National Weather Service - NCEP(WMC)","subcenter":0,"refTime":"2023-08-19T06:00:00.000Z","significanceOfRT":1,"significanceOfRTName":"Start of forecast","productStatus":0,"productStatusName":"Operational products","productType":1,"productTypeName":"Forecast products","productDefinitionTemplate":0,"productDefinitionTemplateName":"Analysis/forecast at horizontal level/layer at a point in time","parameterCategory":2,"parameterCategoryName":"UnknownDiscipline_0_Category_2","parameterNumber":3,"parameterNumberName":"UnknownParameter_D0_C2_3","parameterUnit":"Unknown","genProcessType":2,"genProcessTypeName":"Forecast","forecastTime":180,"surface1Type":103,"surface1TypeName":"Specified height level above ground","surface1Value":10.0,"surface2Type":255,"surface2TypeName":"Missing","surface2Value":0.0,"gridDefinitionTemplate":0,"gridDefinitionTemplateName":"Latitude_Longitude","numberPoints":615,"shape":6,"shapeName":"Earth spherical with radius of 6,371,229.0 m","gridUnits":"degrees","resolution":48,"winds":"true","scanMode":64,"nx":41,"ny":15,"basicAngle":0,"lo1":47.0,"la1":41.0,"lo2":87.0,"la2":55.0,"dx":1.0,"dy":1.0}, "data":
[rows 0 to 14 of 15, columns 0 to 40 of 41]
3.3399389,-0.16006103,0.13993897,-5.730061,-7.490061,-7.7800612,-6.300061,-7.240061,-5.790061,-1.870061,-0.42006102,0.27993897,1.759939,-1.3200611,-4.330061,-4.330061,-5.430061,-3.730061,-9.030061,-5.300061,-7.060061,-6.620061,-6.060061,0.539939,-1.810061,-0.16006103,-0.040061034,2.159939,0.989939,3.169939,0.56993896,1.5399389,-1.2000611,-2.270061,-0.040061034,-0.54006106,-2.720061,-1.660061,-1.670061,-3.470061,-1.140061
1.229939,0.50993896,-4.0100613,-6.090061,-7.550061,-7.700061,-5.270061,-3.720061,-2.950061,-3.110061,-3.730061,-3.700061,-3.490061,-3.220061,-5.0300612,-4.140061,-4.240061,-5.400061,-6.300061,-7.400061,-8.760061,-8.730061,-3.290061,-0.30006105,1.269939,2.0899389,-1.0900611,2.269939,-0.69006103,1.819939,4.799939,4.759939,0.43993896,0.069938965,-0.890061,-2.780061,-1.0800611,-3.080061,-1.310061,-1.550061,0.80993897
1.379939,-0.73006105,-4.590061,-5.620061,-7.430061,-6.400061,-6.200061,-8.060061,-6.110061,-4.490061,-3.670061,-3.1400611,-3.6600611,-1.000061,-1.5900611,-3.310061,-3.670061,-3.030061,-3.290061,-4.680061,-5.700061,-6.790061,-4.330061,2.189939,-1.130061,0.08993897,0.94993895,3.469939,0.36993897,2.289939,3.459939,1.1699389,2.1199389,-1.610061,-0.41006103,4.079939,4.709939,-0.31006104,0.77993894,-1.110061,1.459939
1.139939,-2.670061,-4.720061,-3.870061,-3.490061,-3.950061,-5.370061,-6.220061,-6.520061,-5.660061,-4.600061,-2.490061,-5.550061,-4.640061,-1.400061,1.719939,1.5299389,-1.000061,-2.820061,-2.120061,-2.460061,-2.050061,-6.840061,-5.100061,-3.000061,-2.950061,-1.300061,3.319939,3.269939,-0.27006105,-3.210061,-4.520061,-0.19006103,2.259939,-0.60006106,-4.130061,-2.030061,1.369939,4.859939,3.379939,1.9199389
-3.500061,-5.500061,-5.700061,-4.350061,-4.000061,0.44993895,0.28993896,-0.010061035,-0.97006106,-2.370061,-3.4000611,-4.490061,-7.050061,-6.370061,-5.480061,-1.740061,-0.780061,-0.39006102,0.44993895,-0.710061,-2.370061,-2.290061,-2.1300611,-2.860061,-3.950061,-3.590061,-1.410061,3.049939,4.7199388,2.659939,-0.09006104,0.25993896,1.269939,3.729939,-1.270061,-2.250061,-0.81006104,-2.250061,0.15993896,-0.43006104,-1.280061
-3.170061,-2.560061,-4.710061,-5.890061,-5.830061,-5.7800612,-4.350061,-3.290061,-4.640061,-5.230061,-7.270061,-4.210061,-4.660061,-4.450061,-4.420061,-2.120061,-3.6600611,-0.40006104,-0.19006103,-3.230061,0.039938964,-0.26006103,-0.93006104,0.56993896,-2.810061,-3.450061,-1.120061,6.2199388,5.099939,2.389939,1.199939,-1.600061,-0.780061,-3.1400611,1.979939,1.259939,4.9899387,4.099939,2.1099389,-0.38006103,-0.830061
-3.340061,-2.960061,-2.000061,-2.3900611,-3.430061,-1.800061,-0.32006103,-1.280061,-4.450061,-4.640061,-3.1300611,-2.990061,-3.1500611,-2.670061,-1.860061,-1.610061,-1.180061,-0.650061,-0.050061036,-2.000061,-1.810061,1.1799389,3.079939,2.699939,-0.10006104,-1.730061,-2.120061,2.079939,3.499939,5.2399387,2.8699389,1.609939,-1.660061,-1.780061,-0.86006105,-0.41006103,-3.440061,-0.21006103,1.269939,-6.1035156E-5,1.769939
-3.280061,-3.360061,-2.480061,-2.000061,-3.810061,-3.280061,1.339939,2.139939,-0.20006104,-0.81006104,-2.260061,-2.480061,-3.570061,-2.280061,-0.950061,-6.1035156E-5,1.069939,0.599939,0.029938964,-0.91006106,-1.5800611,0.09993897,3.269939,3.249939,3.799939,2.789939,2.8699389,-1.530061,3.799939,6.829939,4.509939,3.6099389,-0.23006104,-0.55006105,1.349939,3.059939,1.469939,3.559939,-0.30006105,-1.3200611,-2.330061
-1.600061,-2.040061,-3.930061,-5.2800612,-5.7800612,-6.250061,-6.240061,0.77993894,-0.74006104,-3.980061,-3.480061,-2.070061,-3.060061,-2.870061,-1.600061,-0.21006103,1.0399389,1.0499389,0.12993896,-2.560061,2.439939,3.6199389,1.959939,2.679939,4.709939,5.179939,3.949939,1.729939,-2.790061,4.279939,6.709939,4.699939,4.129939,2.829939,3.289939,2.319939,-3.1400611,0.81993896,1.239939,0.89993894,-0.700061
-4.810061,-4.560061,-4.490061,-5.110061,-3.000061,-3.870061,-5.170061,-5.080061,-1.520061,-3.4100611,-5.340061,-1.520061,-1.040061,-4.230061,-0.38006103,-0.020061035,-0.26006103,1.5599389,-0.590061,-2.780061,-1.350061,2.149939,1.0499389,1.3099389,4.659939,5.2199388,3.919939,3.509939,-0.26006103,1.869939,6.249939,4.069939,4.119939,4.819939,3.6099389,1.879939,0.739939,-1.4400611,-0.23006104,3.889939,2.969939
-2.790061,-3.670061,-4.810061,-3.290061,-4.050061,-4.460061,-4.270061,-4.610061,-2.960061,-3.370061,-4.840061,-4.200061,-4.2800612,-3.300061,0.069938965,-0.56006104,-0.17006104,0.039938964,2.8699389,-0.32006103,-1.3400611,0.77993894,0.43993896,-2.180061,2.879939,3.8499389,5.099939,4.369939,0.32993898,5.329939,4.939939,2.819939,2.649939,1.1699389,3.979939,1.889939,1.149939,3.199939,1.589939,1.439939,0.42993897
-2.980061,-1.5800611,-1.900061,-3.010061,-3.8900611,-3.230061,-2.980061,-5.640061,-5.200061,-1.5700611,-5.170061,-2.840061,-5.190061,-2.6500611,-0.960061,0.68993896,-0.570061,-1.550061,-1.850061,2.3399389,2.069939,2.689939,-3.070061,-1.380061,5.339939,5.309939,4.589939,0.969939,5.059939,1.749939,0.49993896,1.259939,-1.100061,-3.9000611,-1.420061,3.239939,3.0899389,4.179939,3.559939,2.0899389,1.109939
-4.320061,-3.780061,-3.1400611,-3.330061,-2.970061,-3.670061,-3.1600611,-4.410061,-4.240061,-3.750061,-2.530061,-2.340061,-1.870061,-4.800061,-3.980061,0.599939,0.88993895,0.08993897,0.549939,0.669939,1.7799389,-3.750061,-2.680061,-4.730061,3.319939,0.16993897,-2.550061,-0.010061035,0.039938964,-0.50006104,-0.070061035,-0.73006105,-1.5900611,-2.220061,-4.160061,1.619939,3.659939,2.719939,5.089939,1.7899389,1.699939
-3.110061,-4.650061,-5.490061,-3.500061,-3.550061,-1.5700611,-1.8300611,-2.9000611,-2.8900611,-3.600061,-1.2000611,-0.94006103,-0.960061,-0.88006103,-3.620061,-3.550061,1.479939,1.259939,-0.94006103,-1.260061,0.41993895,1.759939,1.889939,1.879939,4.799939,0.729939,0.76993895,-0.86006105,1.109939,0.69993895,-0.29006103,-0.67006105,-1.0700611,-4.440061,-4.100061,0.63993895,3.489939,4.039939,3.799939,2.319939,1.569939
-2.110061,-3.970061,-7.830061,-5.740061,-4.300061,-3.510061,-3.620061,-3.280061,-2.340061,-3.310061,-1.480061,-1.390061,-0.79006106,-0.62006104,-3.330061,-4.660061,-2.810061,0.70993894,0.46993896,-1.630061,-1.600061,-1.9700611,-3.370061,-3.090061,-2.310061,-1.880061,-1.040061,0.20993896,1.329939,1.6699389,1.7899389,2.049939,-0.16006103,-3.700061,-6.080061,-1.600061,-1.620061,-1.890061,2.329939,2.169939,0.75993896
