wind_kz.json
{"header": {"discipline":0,"disciplineName":"Meteorological products","gribEdition":2,"gribLength":1025,"center":7,"centerName":"US National Weather Service - NCEP(WMC)","subcenter":0,"refTime":"2023-09-30T00:00:00.000Z","significanceOfRT":1,"significanceOfRTName":"Start of forecast","productStatus":0,"productStatusName":"Operational products","productType":1,"productTypeName":"Forecast products","productDefinitionTemplate":0,"productDefinitionTemplateName":"Analysis/forecast at horizontal level/layer at a point in time","parameterCategory":2,"parameterCategoryName":"UnknownDiscipline_0_Category_2","parameterNumber":3,"parameterNumberName":"UnknownParameter_D0_C2_3","parameterUnit":"Unknown","genProcessType":2,"genProcessTypeName":"Forecast","forecastTime":60,"surface1Type":103,"surface1TypeName":"Specified height level above ground","surface1Value":10.0,"surface2Type":255,"surface2TypeName":"Missing","surface2Value":0.0,"gridDefinitionTemplate":0,"gridDefinitionTemplateName":"Latitude_Longitude","numberPoints":615,"shape":6,"shapeName":"Earth spherical with radius of 6,371,229.0 m","gridUnits":"degrees","resolution":48,"winds":"true","scanMode":64,"nx":41,"ny":15,"basicAngle":0,"lo1":47.0,"la1":41.0,"lo2":87.0,"la2":55.0,"dx":1.0,"dy":1.0}, "data":
[rows 0 to 14 of 15, columns 0 to 40 of 41]
1.6673608,0.9973608,-1.9226391,3.6073608,2.297361,-1.8126391,-0.64263916,-0.41263917,0.77736086,0.6973608,0.19736084,-0.33263916,-0.83263916,-1.2526392,-1.4926392,-2.9326391,-1.9126391,-2.1726391,-1.8926392,-1.2026391,-3.442639,-0.78263915,-2.7826393,-0.79263914,4.617361,1.9073608,0.97736084,1.1473608,0.7473608,0.73736084,0.07736084,-0.25263917,1.0273608,-0.16263916,2.1473608,-0.85263914,-2.0526392,0.24736084,0.14736085,-0.022639161,-1.8126391
-0.37263915,-3.6826391,1.8073609,2.7173607,5.117361,2.7173607,1.8873608,1.3573608,2.1673608,1.8173609,0.60736084,-0.70263916,-1.0526391,-3.012639,-2.0826392,-1.0626391,-0.25263917,-2.3826392,-3.6726391,-3.442639,-3.1326392,-2.1226392,-1.5626391,2.1373608,1.8973608,3.1373608,1.3873608,1.6073608,-0.16263916,-0.6126392,0.53736085,3.8173609,1.0373608,-0.9326392,-1.0326391,3.1073608,1.0173608,1.7173609,1.6573608,1.2473608,-0.47263917
-0.07263916,1.1073608,1.3373609,2.8173609,2.537361,3.1273608,2.247361,2.0873609,3.3273609,2.997361,-0.01263916,-2.3526392,-2.002639,0.84736085,-1.5826392,-2.702639,-2.1426392,-2.692639,-4.2326393,-4.872639,-5.0226393,-1.0726391,0.77736086,0.92736083,-1.5626391,-0.33263916,-0.98263913,-2.442639,-0.67263913,-1.4126391,-1.9426391,-1.5126392,-1.4826392,0.65736085,0.02736084,0.45736083,1.5473609,-1.4726392,-0.59263915,1.0873609,0.47736084
0.8773608,1.2473608,1.2573608,2.3273609,3.747361,2.547361,2.8973608,3.3773608,3.757361,2.6773608,0.13736084,-1.1926391,-3.5326393,-5.262639,-3.3826392,-1.5226392,-2.6426392,-4.302639,-4.382639,-6.062639,-5.202639,-5.2926393,-4.012639,-3.8426392,-2.0826392,-1.6326392,-1.1526392,-1.9726392,-3.2926393,-2.0526392,-2.3526392,-1.0826392,2.2073607,1.5373608,0.64736086,-3.2726393,-3.692639,1.3573608,-0.9426392,-1.5626391,-2.4026392
0.57736087,0.33736083,-0.58263916,-2.2926393,-3.6626391,2.037361,-0.30263916,2.1173608,3.517361,1.4073608,0.85736084,-0.37263915,0.37736085,-2.6626391,-4.952639,-4.052639,-3.4126391,-4.532639,-4.602639,-4.9226394,-4.412639,-4.7926393,-5.5026393,-2.8426392,1.4273609,2.1373608,1.4673609,0.7573608,0.32736084,0.21736084,-2.4126391,-4.372639,0.45736083,1.5673609,0.16736084,-0.26263916,0.6873608,-2.452639,-1.5526391,-1.3926392,-1.9726392
2.2173607,2.8773608,0.47736084,-0.09263916,-1.1526392,-1.0526391,2.017361,4.667361,4.337361,1.4673609,0.91736084,2.8173609,3.277361,0.9973608,-2.6626391,-1.2126392,-4.2326393,-5.122639,-4.662639,-3.8026392,-3.1126392,-4.612639,-5.662639,-5.662639,-2.942639,-3.242639,-2.712639,-5.2726393,1.4873608,-1.0626391,-1.7826391,-2.7826393,-2.6726391,-2.4126391,-0.82263917,8.207361,-0.67263913,4.437361,1.1473608,-0.58263916,-3.0526392
-0.04263916,-0.47263917,2.3573608,4.877361,3.4073608,4.737361,3.0773609,1.8073609,2.767361,2.4473608,2.6873608,1.3973608,0.07736084,1.1473608,-1.4926392,-2.5326393,-3.9126391,-5.5226393,-3.8526392,-3.0626392,-4.0026393,-2.012639,-3.8226392,-5.162639,-6.302639,-2.982639,-5.342639,-3.3226392,-4.032639,-3.8126392,-2.9226391,-3.1226392,-3.1426392,-2.1226392,0.09736084,-0.25263917,-0.23263916,-1.1826391,-0.07263916,2.7173607,0.84736085
0.51736087,1.1573608,2.267361,3.0673609,3.6273608,3.777361,2.8273609,2.527361,3.6773608,2.3573608,2.6773608,1.3173609,-0.11263916,-1.5526391,-3.0526392,-3.222639,-2.8226392,-4.7326393,-3.942639,-3.4326391,-2.962639,-3.4026392,-3.5626392,1.2873608,0.14736085,-1.2026391,-2.8326392,-5.6526394,-1.4826392,-2.492639,-3.232639,-3.5226393,-4.952639,-5.2926393,-1.8026391,-0.36263916,-2.252639,-1.7426392,-0.21263915,0.29736084,0.17736083
1.6173608,1.6273608,2.3773608,4.627361,4.197361,4.697361,4.7073607,4.837361,4.9773607,3.537361,2.507361,1.8173609,0.73736084,-0.45263916,-2.1326392,-2.3026392,-1.1426392,-2.462639,-4.312639,-3.1426392,-2.1726391,-3.212639,-3.1826391,-3.8126392,-3.242639,-2.5526392,-1.7626392,-0.70263916,-0.77263916,-2.6026392,-3.492639,-4.7126393,-3.6726391,-3.692639,-3.3526392,-1.7626392,0.37736085,-2.3726392,0.54736084,0.41736084,-2.3826392
3.1173608,2.9173608,3.7273607,3.4373608,2.9273608,4.0573606,4.437361,4.107361,3.6273608,1.9473609,3.047361,0.51736087,0.6373608,0.28736085,-0.48263916,-1.7726392,-1.9926392,-0.60263914,-2.5326393,-1.9126391,-0.63263917,-2.3426392,-2.7926393,-2.502639,-3.9326391,-1.5826392,-2.0926392,-1.5326391,-1.4226391,-3.0426393,-2.3126392,-3.4026392,-3.3426392,-3.6426392,-2.0626392,-1.6826391,-1.0226392,-0.25263917,-0.45263916,2.0673609,1.8973608
3.537361,3.7073607,4.0773606,3.6173608,4.7473607,5.0973606,5.007361,5.2073607,4.9573607,2.1273608,0.73736084,0.92736083,0.33736083,1.0073608,0.5573608,-0.97263914,-1.0226392,-0.8026392,1.4473609,-0.51263916,-1.3926392,-0.90263915,-1.1026392,-0.59263915,-1.5126392,-0.9926392,-1.6426392,-1.8726392,-1.9526391,-2.0426393,-2.742639,-2.452639,-3.1626391,-2.5626392,-4.412639,-4.412639,-2.0426393,1.0873609,-1.4826392,-0.40263915,-0.95263916
3.8973608,4.2673607,4.3473606,5.217361,4.9773607,5.0773606,4.527361,4.417361,3.9773607,3.527361,2.5873609,1.7373608,1.1373608,1.7373608,2.4373608,1.2073609,0.66736084,0.8873608,0.85736084,2.247361,1.2673608,-0.10263916,0.15736084,0.35736084,-0.60263914,-0.82263917,-0.83263916,-0.84263915,-1.4126391,-2.0526392,-2.192639,-2.7826393,-2.1426392,-2.4026392,-2.0526392,-3.4026392,-2.6526392,-2.2826393,-0.8126392,-1.3026391,-1.0426391
3.527361,4.5573606,4.067361,4.627361,4.627361,3.507361,3.8273609,4.257361,3.8373609,2.8873608,1.2273608,1.0573609,2.7173607,1.9573609,2.9573607,2.7173607,2.1973608,2.1173608,1.6773609,1.9673609,2.3873608,1.8473608,1.9273609,0.6373608,0.24736084,-0.9426392,-1.4626392,0.08736084,-1.5126392,-1.2026391,-1.2426392,-1.5326391,-0.8126392,-1.4426391,-1.8126391,-1.8926392,-2.242639,-1.5126392,-1.9426391,-1.5826392,-1.9626392
1.3473608,3.797361,5.217361,4.887361,5.117361,4.917361,4.887361,4.5773606,3.757361,4.0373607,1.9273609,1.1673608,1.1373608,3.027361,2.537361,3.1273608,3.3373609,3.057361,2.797361,2.4073608,2.247361,1.6473608,2.1473608,1.4273609,1.4673609,1.3573608,1.0773609,1.0373608,1.0473609,0.51736087,0.12736084,-0.29263917,-0.82263917,-1.1826391,-1.4726392,-1.9126391,-0.85263914,-0.77263916,-1.3026391,-0.7426392,-1.3826392
-0.11263916,-0.6826392,2.7173607,4.277361,4.387361,4.2473607,4.0173607,3.9173608,4.5373607,4.547361,3.3173609,3.2073607,1.6673608,1.7273608,3.3673608,3.8473608,3.6173608,4.067361,3.9273608,3.1273608,2.9073608,2.3473608,2.4373608,2.8473608,2.497361,2.047361,2.267361,2.1873608,1.8273609,1.8473608,2.8473608,1.1873609,0.22736084,0.7573608,0.32736084,0.19736084,1.7573608,0.42736083,-0.04263916,0.8773608,0.19736084
