wind_kz.json
{"header": {"discipline":0,"disciplineName":"Meteorological products","gribEdition":2,"gribLength":794,"center":7,"centerName":"US National Weather Service - NCEP(WMC)","subcenter":0,"refTime":"2023-09-07T18:00:00.000Z","significanceOfRT":1,"significanceOfRTName":"Start of forecast","productStatus":0,"productStatusName":"Operational products","productType":1,"productTypeName":"Forecast products","productDefinitionTemplate":0,"productDefinitionTemplateName":"Analysis/forecast at horizontal level/layer at a point in time","parameterCategory":2,"parameterCategoryName":"UnknownDiscipline_0_Category_2","parameterNumber":2,"parameterNumberName":"UnknownParameter_D0_C2_2","parameterUnit":"Unknown","genProcessType":2,"genProcessTypeName":"Forecast","forecastTime":0,"surface1Type":103,"surface1TypeName":"Specified height level above ground","surface1Value":10.0,"surface2Type":255,"surface2TypeName":"Missing","surface2Value":0.0,"gridDefinitionTemplate":0,"gridDefinitionTemplateName":"Latitude_Longitude","numberPoints":615,"shape":6,"shapeName":"Earth spherical with radius of 6,371,229.0 m","gridUnits":"degrees","resolution":48,"winds":"true","scanMode":64,"nx":41,"ny":15,"basicAngle":0,"lo1":47.0,"la1":41.0,"lo2":87.0,"la2":55.0,"dx":1.0,"dy":1.0}, "data":
[rows 0 to 14 of 15, columns 0 to 40 of 41]
-5.64541,0.95458984,0.8545898,1.5545899,2.0545897,2.65459,3.7545898,4.35459,1.4545898,2.9545898,4.1545897,4.85459,3.7545898,5.1545897,-3.7454102,-6.64541,-4.3454103,-3.64541,-4.04541,-2.0454102,-3.84541,-1.6454102,-1.3454101,-1.0454102,-0.14541015,-2.0454102,-3.14541,0.65458983,-0.045410156,-0.54541016,-0.94541013,2.2545898,0.95458984,-0.34541017,-2.2454102,-3.14541,-2.0454102,-2.0454102,-2.64541,-2.5454102,-2.2454102
2.2545898,0.8545898,2.0545897,2.5545897,2.2545898,4.45459,5.95459,1.4545898,3.5545897,1.6545899,4.35459,5.35459,4.85459,1.0545899,-5.8454103,-7.64541,-4.64541,-4.14541,-1.4454101,-0.6454102,1.6545899,-3.64541,-1.8454101,-1.0454102,1.8545898,0.65458983,-0.44541016,1.4545898,0.25458986,-1.0454102,0.35458985,-0.24541016,-1.4454101,-1.5454102,0.45458984,-0.34541017,-1.3454101,0.35458985,-0.045410156,0.65458983,-4.04541
0.35458985,1.2545898,2.5545897,3.0545897,3.65459,3.15459,-0.34541017,3.0545897,0.8545898,2.65459,7.6545897,10.15459,3.65459,-5.54541,-7.74541,-7.24541,-7.04541,-3.9454103,-2.5454102,-0.24541016,0.95458984,2.4545898,-0.14541015,1.3545898,1.4545898,-0.54541016,-3.0454102,0.15458985,-2.2454102,-0.34541017,-0.74541014,1.5545899,-0.045410156,-1.5454102,-0.54541016,-0.94541013,-0.54541016,-0.14541015,-0.54541016,0.95458984,1.6545899
0.65458983,3.7545898,4.45459,3.9545898,2.65459,1.4545898,1.8545898,3.15459,1.7545898,3.15459,3.85459,-7.64541,-9.54541,-10.04541,-7.14541,-5.74541,-4.3454103,-3.5454102,-1.3454101,0.8545898,1.3545898,1.2545898,1.4545898,3.0545897,-4.74541,-8.44541,-6.3454103,-8.54541,-5.3454103,-1.7454102,0.45458984,-1.6454102,-0.44541016,-3.0454102,-1.9454101,-2.34541,-1.8454101,1.4545898,0.55458987,-1.2454102,-1.3454101
3.4545898,7.45459,8.15459,4.95459,4.1545897,3.0545897,2.7545898,2.7545898,-0.24541016,0.55458987,-5.3454103,-7.9454103,-8.645411,-7.3454103,-5.64541,-3.4454103,-4.74541,-3.64541,-1.8454101,-0.6454102,1.9545898,1.2545898,-5.04541,-6.74541,-5.4454103,-7.3454103,-8.145411,-5.24541,-4.4454103,-2.2454102,-3.5454102,-0.74541014,-1.3454101,1.2545898,0.95458984,1.5545899,-1.1454102,-2.2454102,-2.5454102,-2.7454102,-3.34541
-1.2454102,2.85459,4.95459,7.0545897,6.1545897,5.85459,2.0545897,1.8545898,-0.44541016,-1.0454102,-4.4454103,-4.64541,-4.4454103,-5.4454103,-3.9454103,-2.7454102,-1.7454102,-1.8454101,-2.5454102,-0.6454102,-1.7454102,-4.9454103,-5.54541,-6.4454103,-5.8454103,-5.9454103,-3.4454103,-4.4454103,-2.7454102,-1.6454102,-0.94541013,-0.94541013,-1.5454102,-3.0454102,-2.34541,0.054589845,-1.3454101,0.95458984,2.15459,-2.9454103,-2.9454103
0.054589845,0.35458985,0.65458983,1.1545899,5.85459,6.45459,2.9545898,2.7545898,0.25458986,-0.54541016,-0.74541014,-1.3454101,-1.1454102,-1.0454102,-1.1454102,-0.6454102,-2.34541,-3.2454102,-2.14541,0.55458987,0.25458986,-3.2454102,-2.64541,-2.5454102,-2.7454102,-1.8454101,-2.4454103,1.3545898,-0.6454102,-1.8454101,-2.2454102,-3.4454103,-0.74541014,-0.44541016,-0.54541016,-2.0454102,-1.3454101,1.8545898,-1.6454102,1.5545899,-0.34541017
0.15458985,0.25458986,1.5545899,0.8545898,0.15458985,7.25459,4.0545897,0.95458984,3.0545897,2.5545897,2.2545898,2.7545898,0.8545898,1.3545898,0.054589845,-0.14541015,-2.14541,-1.9454101,0.95458984,-0.74541014,-2.4454103,-3.2454102,-3.4454103,-4.04541,-1.4454101,-0.6454102,0.15458985,2.35459,-2.0454102,1.0545899,-0.54541016,-1.5454102,-3.0454102,-2.0454102,-3.34541,-1.2454102,-1.3454101,-1.1454102,-1.1454102,-1.5454102,-2.0454102
0.95458984,2.9545898,3.2545898,1.1545899,-0.045410156,0.75458986,-0.045410156,1.9545898,5.1545897,2.4545898,1.5545899,0.65458983,0.054589845,-2.5454102,-1.5454102,-0.74541014,-0.14541015,-0.24541016,-0.045410156,-0.54541016,-0.045410156,1.4545898,1.0545899,0.65458983,-0.14541015,1.4545898,-0.045410156,0.45458984,0.35458985,-0.84541017,-3.14541,-1.0454102,-1.7454102,-2.9454103,-1.8454101,-0.74541014,-0.045410156,-1.8454101,-1.2454102,0.75458986,-0.24541016
1.4545898,3.0545897,2.5545897,1.3545898,1.8545898,-0.54541016,2.35459,6.45459,1.3545898,2.0545897,2.7545898,-1.0454102,0.25458986,-0.54541016,1.6545899,1.8545898,1.0545899,0.35458985,1.4545898,2.7545898,3.9545898,3.85459,4.85459,3.85459,3.85459,3.15459,2.7545898,1.3545898,1.2545898,-2.2454102,-0.74541014,-1.0454102,-0.24541016,-1.3454101,-2.0454102,-1.0454102,-1.8454101,-0.24541016,-1.1454102,0.75458986,0.35458985
1.4545898,1.5545899,0.35458985,0.35458985,0.35458985,0.35458985,1.0545899,3.7545898,2.9545898,-0.14541015,-1.0454102,2.35459,0.15458985,0.55458987,0.25458986,0.8545898,-0.94541013,-0.24541016,0.95458984,3.65459,4.85459,2.5545897,3.15459,3.15459,-0.14541015,-2.14541,-1.6454102,-1.6454102,0.15458985,-0.045410156,1.6545899,1.0545899,-1.0454102,0.35458985,0.25458986,-1.5454102,-0.84541017,0.75458986,-0.54541016,1.0545899,-0.6454102
2.0545897,2.35459,2.2545898,2.0545897,1.7545898,1.5545899,2.9545898,2.7545898,0.65458983,1.8545898,-0.94541013,0.35458985,1.9545898,0.55458987,-0.14541015,-0.14541015,-0.74541014,-2.5454102,-2.7454102,-2.64541,-3.14541,-3.14541,-3.5454102,-3.0454102,-2.4454103,-2.64541,-2.5454102,-2.0454102,-2.34541,-2.34541,-1.9454101,0.15458985,-0.44541016,-0.94541013,0.65458983,1.1545899,1.0545899,0.75458986,-0.24541016,-0.94541013,-0.045410156
2.85459,3.15459,2.35459,3.2545898,3.35459,1.5545899,2.4545898,2.65459,0.65458983,1.7545898,-0.6454102,-0.74541014,1.2545898,0.65458983,0.75458986,-0.34541017,-1.0454102,-2.34541,-2.34541,-2.0454102,-1.8454101,-1.2454102,-0.34541017,-0.84541017,-1.2454102,-1.6454102,-0.94541013,-0.94541013,-0.44541016,0.25458986,-1.9454101,0.25458986,1.9545898,1.1545899,1.1545899,1.2545898,1.4545898,0.054589845,-0.14541015,-0.94541013,-0.6454102
2.5545897,2.5545897,2.85459,3.15459,3.4545898,2.85459,0.8545898,0.25458986,0.8545898,1.5545899,-0.6454102,-0.54541016,1.0545899,0.15458985,-0.54541016,-1.7454102,-1.8454101,-1.5454102,-2.0454102,-0.94541013,-0.94541013,-1.1454102,-1.2454102,-0.74541014,-0.74541014,0.55458987,0.95458984,0.45458984,-1.2454102,0.25458986,1.5545899,2.0545897,2.0545897,1.0545899,1.1545899,0.45458984,0.15458985,0.35458985,-1.1454102,-0.14541015,-0.84541017
1.6545899,3.0545897,3.7545898,2.4545898,2.9545898,2.65459,1.4545898,2.15459,2.2545898,0.8545898,0.95458984,0.15458985,0.45458984,0.55458987,-0.74541014,-0.84541017,-2.0454102,-1.3454101,-0.74541014,-0.44541016,-1.3454101,-0.6454102,-1.8454101,-0.54541016,0.8545898,0.55458987,0.55458987,1.5545899,1.4545898,1.9545898,2.15459,2.9545898,1.0545899,0.35458985,0.75458986,1.9545898,0.054589845,0.95458984,0.95458984,-0.045410156,-1.4454101
