wind_kz.json
{"header": {"discipline":0,"disciplineName":"Meteorological products","gribEdition":2,"gribLength":871,"center":7,"centerName":"US National Weather Service - NCEP(WMC)","subcenter":0,"refTime":"2023-09-29T12:00:00.000Z","significanceOfRT":1,"significanceOfRTName":"Start of forecast","productStatus":0,"productStatusName":"Operational products","productType":1,"productTypeName":"Forecast products","productDefinitionTemplate":0,"productDefinitionTemplateName":"Analysis/forecast at horizontal level/layer at a point in time","parameterCategory":0,"parameterCategoryName":"UnknownDiscipline_0_Category_0","parameterNumber":0,"parameterNumberName":"UnknownParameter_D0_C0_0","parameterUnit":"Unknown","genProcessType":2,"genProcessTypeName":"Forecast","forecastTime":60,"surface1Type":1,"surface1TypeName":"Ground or water surface","surface1Value":0.0,"surface2Type":255,"surface2TypeName":"Missing","surface2Value":0.0,"gridDefinitionTemplate":0,"gridDefinitionTemplateName":"Latitude_Longitude","numberPoints":615,"shape":6,"shapeName":"Earth spherical with radius of 6,371,229.0 m","gridUnits":"degrees","resolution":48,"winds":"true","scanMode":64,"nx":41,"ny":15,"basicAngle":0,"lo1":47.0,"la1":41.0,"lo2":87.0,"la2":55.0,"dx":1.0,"dy":1.0}, "data":
[rows 0 to 14 of 15, columns 0 to 40 of 41]
288.723,281.023,284.423,294.523,293.923,293.023,291.623,291.223,288.323,284.823,287.223,288.323,288.223,287.923,287.323,285.023,284.723,285.423,282.223,285.523,286.523,284.423,283.123,279.023,284.423,285.523,283.123,271.123,268.823,268.723,270.523,270.623,279.623,285.123,286.823,286.023,284.623,285.923,287.423,288.123,286.223
272.523,284.023,294.323,294.423,294.223,292.623,288.923,287.923,286.723,286.823,287.723,287.023,286.823,285.623,284.823,285.023,283.323,281.323,281.623,282.123,281.623,285.023,283.823,277.623,270.523,266.923,278.123,271.023,271.623,268.923,275.123,266.323,272.923,249.923,270.723,283.923,281.923,285.023,287.323,280.423,283.623
286.123,294.023,294.223,293.523,291.623,288.323,287.323,285.723,286.023,286.423,286.123,286.623,286.223,285.223,286.123,285.623,283.323,282.923,283.123,281.923,282.323,283.223,281.523,279.723,283.023,282.323,285.123,285.923,284.523,279.123,270.923,271.523,275.623,274.923,277.623,277.923,271.323,271.923,273.323,267.223,269.823
287.523,293.223,293.823,292.823,290.423,287.223,287.623,286.723,287.423,288.123,290.423,289.023,290.923,290.223,285.823,284.923,286.623,286.723,287.723,284.023,284.123,278.023,285.023,285.523,285.923,286.423,287.623,285.923,285.323,286.023,286.523,284.323,286.123,284.623,282.723,281.923,271.623,264.523,272.823,280.523,283.823
288.823,292.723,293.223,292.223,289.923,286.323,288.123,287.823,287.823,287.523,289.623,289.023,289.823,288.723,287.223,286.123,286.923,285.723,285.023,285.923,286.023,284.423,283.223,283.823,285.023,285.723,285.123,287.323,286.923,286.123,288.123,284.523,275.323,269.123,274.923,284.923,287.823,287.423,287.123,287.223,286.623
287.523,285.023,291.523,292.523,292.323,291.723,286.523,288.423,287.823,290.623,288.223,289.223,288.823,289.723,288.523,287.623,287.623,288.023,285.023,286.223,284.323,283.423,283.123,283.423,283.823,283.423,284.223,288.723,287.723,288.423,287.523,287.523,285.923,284.223,283.023,286.223,278.523,279.323,282.623,285.723,285.323
285.123,283.623,287.023,287.123,288.023,286.123,287.623,287.423,288.023,290.423,286.423,288.623,284.923,284.823,286.023,285.923,284.823,285.223,284.723,286.923,283.223,282.023,282.523,282.423,281.423,282.323,282.823,284.723,287.723,287.223,285.823,286.123,285.023,285.623,285.223,284.223,279.123,275.523,273.023,271.923,281.223
285.423,283.023,285.023,286.723,287.623,287.323,286.823,286.423,289.223,288.823,288.323,287.123,283.523,284.323,284.423,284.823,286.923,284.223,284.523,284.923,281.323,281.123,281.623,282.023,282.723,280.923,279.423,281.223,280.523,283.223,282.223,281.623,280.523,278.323,279.423,278.823,281.523,286.223,280.823,280.423,278.523
285.523,285.423,285.923,284.623,285.823,285.623,284.623,285.023,285.023,285.123,287.123,286.323,281.923,284.323,282.023,283.023,283.923,283.123,281.623,284.023,281.923,282.223,280.323,280.323,281.423,281.523,279.923,279.723,279.423,278.223,277.223,277.423,276.923,278.823,277.723,276.123,277.623,276.823,267.723,268.923,265.223
284.823,285.923,285.223,284.723,284.223,284.123,283.923,283.223,283.123,282.323,281.623,283.623,285.823,285.323,281.423,281.223,281.623,281.923,285.323,284.323,283.323,283.023,281.723,282.323,281.223,281.023,280.723,280.923,279.823,279.023,277.923,278.923,280.023,279.923,278.423,277.123,276.423,273.723,270.623,269.523,268.923
284.123,284.623,284.823,283.823,283.423,282.923,282.923,281.923,281.023,280.423,280.023,284.723,284.923,280.223,279.723,279.523,279.923,281.023,281.023,280.123,280.423,280.223,280.223,280.023,280.523,280.723,279.723,279.923,279.023,279.323,282.723,281.323,279.423,279.223,278.123,276.423,273.823,270.823,271.123,274.423,273.023
282.523,283.723,284.823,284.223,283.123,281.923,280.323,280.223,279.623,279.923,278.423,279.523,279.423,278.723,278.923,278.923,279.123,279.623,283.523,282.323,279.223,278.623,279.023,278.923,278.723,279.223,278.623,279.323,279.623,283.223,280.023,279.023,278.623,276.723,276.623,276.823,276.823,275.423,275.523,275.223,275.723
284.223,283.323,283.923,283.523,283.823,282.923,280.823,280.223,279.323,278.423,277.123,275.223,279.223,278.823,278.323,278.323,282.623,279.623,279.623,279.123,278.623,277.623,276.923,277.723,278.323,278.923,279.823,279.023,278.723,277.823,277.923,277.423,276.723,275.823,275.423,274.923,274.023,275.123,273.823,272.723,273.523
286.023,285.223,285.323,285.623,282.723,282.623,281.323,281.523,280.623,279.323,278.223,275.423,276.423,277.923,278.523,279.123,279.623,279.023,278.423,279.423,279.323,278.823,278.623,278.423,278.623,278.623,278.123,277.423,276.923,276.623,276.023,274.823,274.023,273.223,272.723,272.023,272.323,271.923,271.223,271.023,271.123
287.423,287.023,285.923,285.823,285.623,284.123,283.823,283.723,281.423,281.023,279.523,277.323,277.523,276.923,278.123,279.123,278.923,278.823,278.223,278.523,278.323,277.923,277.823,277.723,277.723,277.123,275.923,275.723,275.523,274.323,273.723,276.923,271.423,270.423,269.923,270.423,270.823,269.823,270.023,270.323,270.823
