wind_kz.json
{"header": {"discipline":0,"disciplineName":"Meteorological products","gribEdition":2,"gribLength":871,"center":7,"centerName":"US National Weather Service - NCEP(WMC)","subcenter":0,"refTime":"2023-10-02T12:00:00.000Z","significanceOfRT":1,"significanceOfRTName":"Start of forecast","productStatus":0,"productStatusName":"Operational products","productType":1,"productTypeName":"Forecast products","productDefinitionTemplate":0,"productDefinitionTemplateName":"Analysis/forecast at horizontal level/layer at a point in time","parameterCategory":0,"parameterCategoryName":"UnknownDiscipline_0_Category_0","parameterNumber":0,"parameterNumberName":"UnknownParameter_D0_C0_0","parameterUnit":"Unknown","genProcessType":2,"genProcessTypeName":"Forecast","forecastTime":60,"surface1Type":1,"surface1TypeName":"Ground or water surface","surface1Value":0.0,"surface2Type":255,"surface2TypeName":"Missing","surface2Value":0.0,"gridDefinitionTemplate":0,"gridDefinitionTemplateName":"Latitude_Longitude","numberPoints":615,"shape":6,"shapeName":"Earth spherical with radius of 6,371,229.0 m","gridUnits":"degrees","resolution":48,"winds":"true","scanMode":64,"nx":41,"ny":15,"basicAngle":0,"lo1":47.0,"la1":41.0,"lo2":87.0,"la2":55.0,"dx":1.0,"dy":1.0}, "data":
[rows 0 to 14 of 15, columns 0 to 40 of 41]
288.4441,280.6441,283.9441,294.0441,293.9441,292.4441,290.8441,293.0441,292.3441,293.8441,293.5441,293.6441,292.74408,293.1441,290.1441,287.74408,287.8441,287.74408,286.5441,287.3441,288.0441,285.5441,284.9441,283.24408,286.74408,288.24408,285.6441,271.9441,270.4441,270.1441,269.9441,267.5441,280.3441,287.6441,289.9441,290.0441,288.6441,287.3441,287.8441,288.0441,287.3441
268.6441,285.1441,293.74408,293.74408,293.8441,291.9441,290.24408,290.0441,290.6441,289.9441,292.5441,292.0441,291.3441,288.74408,286.4441,286.24408,283.3441,285.24408,284.24408,284.3441,284.0441,286.0441,284.6441,280.8441,271.4441,270.9441,278.9441,271.24408,270.8441,267.1441,274.0441,267.8441,272.8441,252.14409,270.5441,284.8441,283.24408,285.74408,288.8441,281.4441,283.5441
283.6441,293.3441,293.4441,293.0441,291.24408,292.4441,292.5441,291.0441,290.24408,290.8441,289.6441,290.5441,287.24408,287.24408,286.74408,284.1441,283.6441,282.74408,282.8441,283.24408,281.5441,281.74408,284.8441,281.1441,282.74408,282.24408,283.5441,283.6441,283.5441,277.0441,270.3441,271.1441,275.74408,275.74408,277.8441,277.6441,271.24408,271.1441,271.74408,269.1441,269.3441
284.3441,292.4441,293.3441,292.5441,291.1441,291.3441,291.0441,289.4441,290.9441,290.5441,289.74408,287.24408,290.4441,289.6441,286.9441,284.9441,285.0441,282.74408,283.4441,283.74408,284.3441,279.24408,283.1441,285.3441,284.74408,286.0441,286.3441,285.6441,283.1441,282.4441,283.5441,283.24408,285.9441,284.24408,283.0441,281.5441,269.8441,262.24408,272.0441,280.3441,284.4441
290.1441,292.5441,292.74408,292.24408,291.1441,290.0441,288.5441,290.9441,288.9441,289.4441,289.24408,288.24408,289.4441,288.1441,286.6441,285.3441,284.9441,284.6441,283.0441,285.24408,285.3441,285.1441,284.4441,284.4441,284.3441,284.6441,283.5441,284.3441,283.3441,283.4441,285.0441,282.5441,273.74408,263.9441,273.3441,282.0441,286.4441,286.74408,286.8441,286.8441,286.24408
288.5441,288.5441,290.74408,291.5441,291.8441,291.24408,287.74408,288.74408,289.1441,288.74408,288.1441,288.4441,288.74408,289.1441,286.8441,284.24408,285.6441,284.3441,284.8441,284.9441,284.5441,283.9441,284.24408,283.6441,282.8441,281.5441,282.0441,287.24408,283.9441,283.9441,282.5441,284.1441,282.8441,281.3441,280.0441,283.74408,275.4441,277.9441,281.6441,285.4441,285.0441
288.24408,288.9441,290.1441,290.5441,288.74408,286.1441,288.5441,287.6441,288.74408,289.24408,288.9441,288.9441,288.3441,285.0441,284.24408,284.9441,284.24408,284.4441,284.1441,283.8441,283.24408,283.5441,284.24408,284.24408,282.74408,282.6441,281.8441,282.9441,282.1441,282.1441,282.6441,282.9441,282.9441,283.3441,282.6441,281.4441,276.9441,273.3441,270.74408,271.3441,280.9441
288.8441,288.4441,288.8441,289.74408,287.8441,287.8441,286.24408,286.5441,285.24408,286.24408,285.24408,285.4441,284.6441,284.6441,284.4441,284.3441,283.5441,283.5441,283.1441,281.8441,281.9441,282.0441,282.0441,282.4441,280.8441,278.9441,279.24408,280.1441,279.24408,281.4441,280.4441,280.8441,280.9441,278.4441,278.74408,278.9441,281.1441,285.74408,281.0441,280.1441,278.24408
288.8441,289.74408,289.9441,287.4441,286.9441,286.3441,289.1441,289.5441,287.1441,283.9441,282.9441,282.3441,281.1441,282.6441,282.0441,282.5441,282.4441,282.0441,281.24408,281.1441,279.5441,279.5441,280.5441,280.9441,279.9441,279.6441,277.6441,277.1441,276.8441,275.8441,276.8441,278.5441,279.5441,279.3441,278.9441,278.3441,278.0441,277.24408,266.6441,264.9441,264.0441
287.0441,286.3441,288.9441,290.5441,289.6441,285.4441,286.8441,288.6441,287.9441,281.24408,285.74408,284.1441,281.74408,282.1441,282.0441,282.24408,281.8441,280.5441,279.4441,279.3441,278.6441,279.24408,280.3441,280.8441,280.74408,280.4441,279.9441,278.74408,278.5441,278.4441,279.4441,281.6441,282.0441,281.0441,279.5441,279.6441,278.1441,274.24408,270.74408,270.6441,269.1441
283.4441,283.8441,284.4441,284.0441,284.4441,284.5441,284.9441,288.8441,285.6441,286.5441,281.9441,284.3441,282.1441,282.8441,282.74408,282.6441,282.1441,282.4441,281.4441,280.4441,279.6441,278.5441,278.6441,278.5441,279.3441,279.5441,278.24408,279.5441,282.24408,283.24408,283.0441,283.0441,281.5441,281.9441,281.3441,280.0441,277.9441,274.4441,272.6441,272.8441,269.74408
281.3441,282.4441,282.9441,282.74408,283.1441,282.8441,281.74408,281.9441,283.0441,285.24408,284.5441,281.74408,284.0441,281.4441,281.8441,282.24408,282.3441,282.5441,281.5441,281.3441,280.0441,279.6441,278.74408,278.74408,278.4441,278.8441,279.1441,280.5441,280.9441,281.0441,282.24408,282.0441,282.24408,279.9441,280.3441,279.6441,279.9441,279.3441,278.5441,277.24408,276.0441
283.1441,282.8441,282.8441,282.3441,282.8441,282.4441,280.9441,280.9441,281.24408,281.5441,280.0441,279.1441,281.3441,280.9441,282.3441,282.74408,282.8441,282.4441,282.74408,284.6441,283.1441,279.5441,279.3441,278.4441,279.6441,279.74408,280.3441,279.5441,279.9441,279.5441,280.24408,281.4441,281.0441,279.8441,279.9441,279.1441,277.9441,278.8441,276.74408,274.6441,275.74408
283.8441,283.9441,284.8441,284.5441,282.0441,282.0441,280.24408,281.3441,280.6441,280.6441,280.1441,277.5441,278.1441,281.3441,282.5441,283.0441,283.3441,282.24408,281.74408,281.8441,281.6441,282.1441,281.24408,281.1441,282.5441,283.3441,279.5441,279.8441,279.1441,278.9441,278.4441,278.8441,279.0441,279.5441,279.6441,278.74408,278.3441,277.5441,276.5441,275.6441,274.4441
285.5441,285.4441,285.24408,284.5441,283.8441,284.1441,283.74408,282.5441,281.8441,281.8441,281.74408,280.0441,281.74408,280.5441,282.3441,284.6441,284.24408,282.24408,281.6441,281.1441,281.0441,280.9441,280.9441,280.6441,280.8441,283.24408,280.5441,280.4441,282.4441,281.6441,278.8441,281.24408,277.4441,278.4441,278.6441,279.24408,278.74408,277.8441,277.5441,276.74408,275.5441
