wind_kz.json
{"header": {"discipline":0,"disciplineName":"Meteorological products","gribEdition":2,"gribLength":1025,"center":7,"centerName":"US National Weather Service - NCEP(WMC)","subcenter":0,"refTime":"2024-04-09T06:00:00.000Z","significanceOfRT":1,"significanceOfRTName":"Start of forecast","productStatus":0,"productStatusName":"Operational products","productType":1,"productTypeName":"Forecast products","productDefinitionTemplate":0,"productDefinitionTemplateName":"Analysis/forecast at horizontal level/layer at a point in time","parameterCategory":2,"parameterCategoryName":"UnknownDiscipline_0_Category_2","parameterNumber":2,"parameterNumberName":"UnknownParameter_D0_C2_2","parameterUnit":"Unknown","genProcessType":2,"genProcessTypeName":"Forecast","forecastTime":60,"surface1Type":103,"surface1TypeName":"Specified height level above ground","surface1Value":10.0,"surface2Type":255,"surface2TypeName":"Missing","surface2Value":0.0,"gridDefinitionTemplate":0,"gridDefinitionTemplateName":"Latitude_Longitude","numberPoints":615,"shape":6,"shapeName":"Earth spherical with radius of 6,371,229.0 m","gridUnits":"degrees","resolution":48,"winds":"true","scanMode":64,"nx":41,"ny":15,"basicAngle":0,"lo1":47.0,"la1":41.0,"lo2":87.0,"la2":55.0,"dx":1.0,"dy":1.0}, "data":
[rows 0 to 14 of 15, columns 0 to 40 of 41]
-3.3321142,-1.6821142,3.8678858,6.3278856,3.1878858,-0.10211426,-4.0621142,-3.4821143,-3.9321144,-2.0521142,-4.3821144,-5.332114,-5.262114,-4.012114,-3.9421144,-4.702114,-4.582114,-4.5421143,-4.4821143,-3.4121141,-3.4621143,-1.0921142,0.11788574,-1.2121142,0.6078857,-1.4621142,-2.9021142,-0.49211425,1.0078857,-0.25211427,-1.7021142,2.6078858,0.65788573,0.06788574,-1.6121143,-2.0721142,-2.3021142,-0.8221142,0.09788574,-0.16211426,-1.3121142
-0.79211426,2.1978858,4.2678857,4.527886,3.6178858,2.3378859,-1.0121143,-2.5621142,-1.9021143,-3.5421143,-5.012114,-5.7121143,-3.7321143,-2.7321143,-2.9621143,-2.5921142,-2.5821142,-3.2721143,-2.2721143,-2.1521142,-2.3721142,-1.6921142,-2.0721142,-2.5621142,-0.37211427,1.8078858,-1.1921142,1.4278858,-1.4621142,-0.24211426,0.17788574,-0.81211424,2.9478858,-1.8121142,0.36788574,0.37788573,0.75788575,1.0078857,0.50788575,2.6478858,-1.3321142
-0.31211427,1.3478857,1.3178858,-0.44211426,-1.2721143,-1.8221142,-0.43211424,-8.232114,-11.292114,-9.292114,-7.9221144,-5.2921143,-3.8721142,-2.1121142,-1.7321143,-2.2621143,-1.3021142,-0.10211426,-1.1821142,-0.79211426,-1.1821142,0.56788576,-3.4021142,-2.9021142,1.8878857,1.8678857,2.8178856,-0.07211426,-1.8121142,-0.14211425,-0.91211426,2.7178857,0.82788575,-1.3921143,-0.9021143,-0.8221142,0.017885743,-0.23211426,0.9278858,1.9478858,2.5578856
-2.2621143,-2.0421143,-1.4621142,-1.6821142,-1.6821142,-1.3721143,-6.912114,-8.252114,-9.592114,-9.102115,-9.022114,-8.412114,-7.2521143,-7.2321143,-6.1521144,-4.702114,-3.6221142,-4.532114,-5.4621143,-4.9621143,-3.9521143,-2.3821142,1.1378857,-1.2521143,1.4578857,0.55788577,-1.8721143,-1.2721143,2.0378857,2.4978857,0.93788576,1.9978857,2.0078857,1.1578858,-2.4421144,-2.3021142,-2.3921142,2.7478857,2.3678858,-0.7121143,-1.8021142
-1.3821143,-2.4421144,-3.0321143,-1.9721142,-1.2621143,-6.3821144,-9.092114,-8.322114,-8.102115,-8.222115,-7.262114,-7.1321144,-6.892114,-6.7921143,-8.142115,-6.852114,-6.6921144,-6.5921144,-6.182114,-6.4221144,-6.1121144,-4.8821144,-4.1521144,-3.7821143,-5.872114,-6.3121142,-5.722114,2.4278858,0.34788573,-1.0021143,-2.7821143,0.50788575,-1.7021142,2.4878857,2.2678857,0.12788574,1.3478857,-0.5221143,-2.0121143,-2.9221144,-2.6421142
-2.1821144,-1.2321143,-1.8621143,-4.3421144,-4.602114,-5.2521143,-7.6321144,-8.102115,-7.7721143,-6.5721145,-5.5721145,-5.952114,-5.872114,-6.142114,-4.6521144,-4.6121144,-4.7321143,-6.352114,-7.4221144,-6.3221145,-7.7321143,-6.0721145,-5.1921144,-5.0621142,-4.4821143,-3.5121143,-2.4621143,0.027885742,0.017885743,-1.6821142,-2.2421143,-1.3421142,2.2078857,0.20788574,0.28788576,0.44788575,0.23788574,-0.0021142578,1.0178857,-5.6721144,-5.352114
-4.2721143,-3.3121142,-3.8421142,-3.9121141,-3.3421142,-3.5421143,-4.242114,-5.262114,-6.3021145,-4.702114,-2.8521142,-5.9221144,-4.3021145,-5.1721144,-4.3421144,-4.102114,-4.0921144,-4.5921144,-2.5221143,-3.9221144,-4.852114,-4.5221143,-4.8621144,-4.0421143,-3.0421143,-1.6321143,-1.2721143,0.90788573,0.7378857,-1.9521142,-3.7721143,0.10788574,1.5078857,1.3678857,-2.3721142,-2.5921142,-0.9621143,1.4578857,2.2178857,1.6778858,-2.2621143
-3.4921143,-3.1921144,-3.6821144,-3.2221143,-3.1921144,-3.5721142,-3.8621142,-3.3721142,-3.2921143,-4.6121144,-4.682114,-3.9021142,-2.1021142,-2.2921143,-2.5521142,-3.0921142,-3.4121141,-3.7221143,-3.7321143,-3.7021143,-4.5721145,-4.1521144,-3.4421144,-3.8821142,-2.9621143,-1.0921142,-1.1921142,-1.0621142,-0.79211426,-2.7121143,-3.4021142,-3.7421143,-3.3521142,-1.5721142,-1.8721143,1.8978858,-1.2821143,-1.6921142,-3.1521142,-2.3121142,-1.2121142
-3.0621142,-2.8121142,-3.2321143,-2.9521143,-2.6421142,-2.9221144,-3.6521142,-3.5121143,-4.0021143,-3.8321142,-3.4121141,-2.6121142,-1.5521142,-2.4921143,-2.8421142,-2.5021143,-2.5221143,-2.2021143,-2.1421142,-2.8521142,-3.8821142,-3.4721143,-2.7221143,-2.6821144,-1.7521143,-0.85211426,-0.8321143,-0.94211423,-0.24211426,0.36788574,-0.7721143,-1.5321143,1.2278857,2.0978858,0.36788574,1.8278857,1.7478857,-1.1121143,-1.3221142,0.48788574,-0.81211424
-1.0221143,-0.28211427,-0.56211424,-1.6221143,-1.3621143,-1.0221143,-1.3721143,-2.3421142,-2.6721144,-2.6021142,-2.1321142,-1.6521143,-0.17211425,-1.4221143,-2.3921142,-2.2321143,-2.8221142,-1.7621143,-2.4421144,-3.8321142,-3.7221143,-1.7121142,-0.63211423,0.32788575,-0.042114258,-0.24211426,-0.47211426,-0.97211426,-0.30211425,0.10788574,1.1378857,2.2278857,3.0178857,2.2478857,3.2878857,2.5778856,1.4678857,0.6678857,-1.4821143,0.7278857,0.51788574
0.40788573,0.56788576,0.5478857,0.71788573,0.41788575,1.1278857,0.52788574,0.23788574,-0.012114258,-0.16211426,0.24788575,0.017885743,-0.38211426,-0.72211426,-0.05211426,-1.3921143,-1.4821143,-1.7721143,-2.1721144,-2.4021142,-0.22211426,1.1578858,1.5678858,1.8978858,1.2878858,1.9078858,1.8478857,1.2178857,1.2978858,2.4378858,2.9878857,3.7378857,2.3378859,1.2078857,2.4578857,2.5978858,1.7678857,1.3478857,1.1078857,0.83788574,-0.6421143
0.65788573,1.7578857,1.7378857,1.1478858,0.9778857,0.90788573,1.0678858,1.5578858,2.0678856,0.83788574,1.2378857,2.4178858,1.8178858,1.9578857,1.6878858,1.2578857,0.7378857,-0.15211426,0.48788574,1.3578857,0.89788574,0.87788576,1.6678858,2.1578858,2.5978858,2.0478857,3.2478857,3.1478858,2.2578857,-0.07211426,1.6278857,0.48788574,0.64788574,0.52788574,1.0678858,2.4078858,4.7278857,6.4378858,2.2578857,-0.28211427,0.56788576
2.0678856,3.7878857,3.7178857,1.8678857,1.7878858,0.90788573,1.0078857,1.6878858,3.1778858,1.5978857,0.9178857,2.8478858,2.3178856,3.1278858,2.1078858,1.5978857,1.6178857,1.5278858,1.0778857,-0.5821143,1.6878858,1.1478858,1.8478857,0.9178857,2.5078857,2.7078857,3.8578858,3.3178856,-2.5621142,-1.4421142,-1.8921143,-1.4121143,0.047885742,0.29788575,1.2978858,1.3378857,1.2578857,1.0278858,1.0378858,0.047885742,0.7978857
3.9478858,3.3978858,4.5178857,5.0378857,3.0878859,3.0278857,3.1178858,3.3578858,3.0078857,1.5378858,0.17788574,1.4478858,3.8778858,2.8178856,2.0878859,0.80788577,0.8578857,-0.18211426,-2.0921142,0.26788574,1.1178857,-0.012114258,0.88788575,1.8578857,0.06788574,-1.5021143,-4.952114,-3.6621141,-1.9521142,-1.8121142,-1.4421142,-1.3421142,-0.63211423,0.03788574,0.7378857,1.1578858,0.40788573,-0.7121143,-0.72211426,-0.9621143,-0.53211427
3.3878858,5.0578856,4.757886,5.0578856,5.257886,5.2678857,5.8478856,3.8878858,4.007886,1.3478857,-0.17211425,1.7778858,0.99788576,1.2878858,0.86788577,0.62788576,-0.80211425,-1.2321143,-0.53211427,1.4478858,0.27788574,-0.19211426,0.43788573,0.47788575,-0.67211425,-0.92211425,-1.3721143,-2.5521142,-2.3821142,-2.0121143,-1.7421143,-0.88211423,-0.7021143,-0.93211424,-0.37211427,-0.35211426,0.29788575,-0.69211423,-1.4321142,-1.7321143,-1.1621143
