wind.json
{"header": {"discipline":0,"disciplineName":"Meteorological products","gribEdition":2,"gribLength":1125,"center":7,"centerName":"US National Weather Service - NCEP(WMC)","subcenter":0,"refTime":"2023-05-30T12:00:00.000Z","significanceOfRT":1,"significanceOfRTName":"Start of forecast","productStatus":0,"productStatusName":"Operational products","productType":1,"productTypeName":"Forecast products","productDefinitionTemplate":0,"productDefinitionTemplateName":"Analysis/forecast at horizontal level/layer at a point in time","parameterCategory":2,"parameterCategoryName":"UnknownDiscipline_0_Category_2","parameterNumber":2,"parameterNumberName":"UnknownParameter_D0_C2_2","parameterUnit":"Unknown","genProcessType":2,"genProcessTypeName":"Forecast","forecastTime":120,"surface1Type":103,"surface1TypeName":"Specified height level above ground","surface1Value":10.0,"surface2Type":255,"surface2TypeName":"Missing","surface2Value":0.0,"gridDefinitionTemplate":0,"gridDefinitionTemplateName":"Latitude_Longitude","numberPoints":688,"shape":6,"shapeName":"Earth spherical with radius of 6,371,229.0 m","gridUnits":"degrees","resolution":48,"winds":"true","scanMode":64,"nx":43,"ny":16,"basicAngle":0,"lo1":45.0,"la1":40.0,"lo2":87.0,"la2":55.0,"dx":1.0,"dy":1.0}, "data":
[rows 0 to 15 of 16, columns 0 to 42 of 43]
0.24169616,1.9116962,-1.6183038,-1.5783038,-3.698304,-0.06830383,1.3116962,3.311696,5.4516964,5.631696,-2.0783038,-3.8983037,-3.5683038,-2.2983038,-1.1683038,0.12169617,-0.7583038,0.6016962,-0.84830385,1.0616962,3.031696,-1.0983038,2.4216962,-1.6483039,-1.2683039,-0.60830384,-0.028303834,2.011696,-0.6483038,1.8516961,1.6116961,1.7516961,0.001696167,0.6816962,-3.968304,-4.598304,-4.5083036,-5.6983037,-4.3883038,-5.308304,-4.6783037,-4.0283036,-8.478304
1.1616962,6.411696,2.8516963,1.7116961,-1.1783038,1.5916961,0.57169616,1.9516962,6.3416963,3.0716963,-5.3883038,-3.6683037,-3.438304,-2.948304,-2.7583039,-1.6583039,-2.5083039,-2.8683038,-2.3583038,-1.2783039,-1.5383039,-0.31830382,1.7316961,-0.73830384,-0.19830383,4.2616963,-1.2283038,1.1116961,-0.74830383,3.2416961,1.3616961,-1.9383038,1.0716962,-0.008303833,-0.118303835,10.881697,0.28169617,-4.0083036,-3.2583039,-3.708304,-3.5483038,-1.2983038,-3.3883038
6.331696,0.7916962,2.9916961,-0.8983038,2.261696,-3.7883039,-2.8983037,2.1216962,7.3216963,2.3316963,-2.5483038,-4.1783037,-2.728304,-2.1383038,-3.7883039,-3.6683037,-2.6283038,-3.1283038,-2.3283038,-2.688304,-1.8083038,-3.7883039,-1.5483038,0.26169616,2.531696,0.6616962,-3.2683039,-1.7583039,-0.23830384,0.45169616,-4.188304,1.6616962,0.8716962,1.3716961,-1.5783038,0.83169615,-0.36830384,4.7816963,1.7016962,-1.1283039,-0.65830386,-1.0283039,-0.5683038
0.6816962,1.3016962,2.5816963,-2.998304,-1.8283038,-2.2583039,0.33169615,4.771696,5.9916964,0.41169617,-4.478304,-3.0983038,-3.1183038,-4.108304,-4.768304,-4.098304,-3.3283038,-2.988304,-3.728304,-3.3483038,-2.8883038,-3.0583038,-5.2583036,-5.958304,-5.2783036,-6.018304,-4.458304,-4.938304,-2.2683039,1.4016962,-2.238304,0.17169617,1.3916962,-1.5583038,-2.188304,-1.1983038,-3.2783039,2.041696,0.78169614,0.15169616,0.65169615,1.3316962,-1.0783038
1.7016962,2.4916961,-0.10830383,-1.0283039,-0.98830384,0.40169618,2.6416962,5.7616963,4.6116962,0.7316962,-2.8483038,-2.708304,-4.478304,-5.9283037,-0.5183038,-0.27830383,1.4216962,-3.938304,-2.8983037,-4.3883038,-3.3983037,-5.518304,-5.018304,-6.308304,-5.5283036,-5.9083037,-6.588304,-5.0083036,-3.9183037,-3.3983037,-1.5783038,2.001696,4.1116962,-3.218304,-3.8283038,1.7116961,10.231696,3.0716963,1.7216961,1.2816962,0.051696166,1.2116961,-4.1783037
-0.36830384,0.30169618,-4.378304,-1.7183038,1.2916962,3.4816961,6.0316963,5.381696,3.6616962,0.8516962,-3.238304,-2.248304,-3.978304,-4.588304,-0.52830386,2.051696,4.4916964,-4.438304,-4.808304,-4.208304,-3.5383039,-3.1583037,-5.0283036,-5.918304,-5.368304,-4.768304,-3.8683038,-5.478304,-3.9283037,1.9316962,-2.1583037,-0.8783038,-1.8183038,-6.6983037,-0.6483038,-1.5383039,-3.188304,1.7016962,1.0516962,-2.688304,-1.9583038,-2.0383039,-3.958304
-0.04830383,-1.0583038,0.59169614,-4.748304,-0.13830383,1.0016961,3.9716961,5.541696,7.501696,-5.4883037,-2.7583039,-1.3283038,-1.9983039,-4.338304,1.3816962,2.8916962,4.881696,-1.6483039,-5.368304,-4.1583037,-4.498304,-3.6783037,-3.1583037,-1.8883039,-2.0883038,-0.65830386,-2.708304,-3.0283039,-5.878304,1.3116962,0.18169616,-5.598304,-5.9683037,-5.828304,-1.9583038,5.3016963,1.2316961,-1.7383038,-2.7683039,-3.8983037,-3.5983038,-1.6083038,-3.0583038
-1.5583038,-1.1283039,0.63169616,-0.38830385,2.011696,2.2316961,0.47169617,3.4616961,2.0716963,-3.2683039,-2.8383038,-1.5183039,-1.6283039,-1.3483038,-3.1483037,-4.038304,-2.948304,-2.8483038,-3.448304,-3.6583037,-2.6483037,-2.3383038,-2.3983037,-2.188304,-0.8783038,0.51169616,-0.39830384,-2.1183038,-3.3083038,-2.7983038,-4.018304,-5.088304,-5.728304,-1.5483038,-4.6983037,-3.988304,-2.3383038,-3.9083037,-3.6583037,-3.948304,-3.5683038,-1.9783038,-2.9283037
-0.91830385,0.17169617,2.011696,2.001696,1.7916962,5.3216963,-2.478304,0.9916962,-3.2783039,-2.718304,-1.9483038,-2.3283038,-1.6883038,-2.3683038,-0.42830384,-0.6983038,-3.3283038,-0.7583038,-3.8383038,-3.8983037,-3.4183037,-2.6683037,-3.0883038,-2.2683039,-1.2683039,-1.6383039,-2.998304,-1.2783039,-0.43830383,-3.6383038,-4.4483037,-6.538304,-6.788304,-7.608304,-6.7983036,-6.078304,-5.5483036,-6.478304,-3.3283038,-1.5683038,-4.7583036,-2.9283037,2.0716963
-2.1683037,0.051696166,0.69169617,0.9316962,2.9916961,1.2516961,-1.1783038,-4.038304,-3.6783037,-3.6283038,-2.938304,-2.0683038,-0.86830384,0.5516962,-0.98830384,-0.98830384,1.0116962,-0.80830383,2.1016963,0.76169616,-3.5983038,-2.9083037,-3.2883039,-3.2583039,-2.748304,-2.8183038,-2.978304,-3.688304,-3.238304,-3.6283038,-3.9083037,-3.5583038,-4.288304,-5.1383038,-5.168304,-4.818304,-5.578304,-2.5483038,-2.2783039,-1.8683038,-0.008303833,0.14169617,1.9516962
-3.0183039,-0.088303834,-0.088303834,2.4116962,-0.85830384,1.1216961,0.6116962,-3.2783039,-3.0683038,-3.9183037,-2.7783039,-1.7483039,-0.46830383,1.9116962,1.9416962,2.9016962,3.6316962,3.6416962,2.1616962,0.8016962,-1.4683038,-2.2983038,-2.3783038,-3.0083039,-2.8483038,-2.6683037,-2.7683039,-3.5683038,-3.948304,-4.0283036,-3.6783037,-3.978304,-3.3883038,-1.8883039,0.33169615,-3.688304,-3.8683038,-1.6883038,1.0116962,0.78169614,2.1016963,0.5416962,0.59169614
-1.7083038,-1.0583038,-0.20830384,-0.25830382,0.72169614,-1.1283039,0.6116962,-1.3283038,-1.3183038,-1.7483039,-1.2483039,-1.0083039,-2.1583037,0.46169618,1.0816962,3.501696,2.9616961,2.9016962,2.011696,1.7416961,2.6316962,0.9116962,-2.8683038,-2.0083039,-1.9583038,-1.7583039,-2.7883039,-4.1783037,-3.8683038,-5.0283036,-5.118304,-4.088304,-2.7683039,-2.8083038,-0.52830386,-3.9283037,-3.5983038,-0.52830386,-0.5683038,1.6916962,0.16169617,0.16169617,-0.72830385
-0.6983038,-1.8683038,-0.8783038,0.29169616,-0.86830384,-0.43830383,-0.7083038,1.3816962,-0.97830385,-0.21830383,1.9316962,2.0816963,1.3216962,3.5916963,4.3416963,4.731696,4.981696,3.9016962,4.171696,2.3916962,3.3316963,1.6216961,-0.49830383,-2.948304,-1.3883039,-0.8883038,-2.1183038,-3.188304,-3.3583038,-4.8883038,-5.748304,-5.1783037,-5.038304,-5.498304,-4.8883038,-5.108304,-3.8383038,-4.188304,-4.1583037,-3.3183038,-1.8083038,1.0616962,0.63169616
1.0516962,-0.29830384,-0.36830384,-0.92830384,0.24169616,-0.71830386,0.88169616,4.3616962,3.9716961,2.2116961,2.9816961,3.011696,3.251696,4.5316963,4.411696,4.961696,5.661696,6.231696,4.001696,4.351696,4.631696,3.061696,1.7316961,-1.6283039,0.33169615,0.15169616,1.6516962,-0.86830384,-3.448304,-1.4583038,-3.5183039,-2.9083037,-4.2383037,-4.128304,-4.1583037,-4.1783037,-3.6283038,-3.238304,-3.2683039,-2.1483037,-0.8883038,-1.0683038,-0.48830384
3.0916963,2.2316961,1.8916962,2.7116961,-0.21830383,1.5216962,2.7316961,5.181696,7.671696,4.541696,4.881696,5.411696,2.801696,4.0516963,4.291696,4.231696,5.581696,6.4716964,4.7416964,4.061696,5.421696,6.2816963,3.4816961,2.1416962,3.1816962,-0.38830385,2.511696,1.4716961,0.84169614,1.1416962,-0.99830383,-1.6583039,0.13169616,-2.238304,-2.208304,-1.3783039,-2.8283038,-2.6383038,-1.2083038,-0.41830385,-1.3183038,-1.8283038,1.3516961
4.311696,4.891696,4.5316963,4.901696,3.1816962,2.791696,4.461696,4.671696,7.3016963,5.9916964,5.891696,1.5616962,3.2016962,3.281696,4.121696,3.1616962,3.8816962,4.3016963,6.021696,4.7416964,6.381696,5.561696,6.461696,2.551696,2.4716961,2.7316961,1.9216962,0.95169616,2.4916961,1.6116961,1.7316961,-0.008303833,-2.0883038,0.46169618,0.10169616,0.26169616,-0.92830384,1.8316962,1.4016962,-0.38830385,1.2516961,-0.32830384,-0.74830383
