wind_kz.json
{"header": {"discipline":0,"disciplineName":"Meteorological products","gribEdition":2,"gribLength":871,"center":7,"centerName":"US National Weather Service - NCEP(WMC)","subcenter":0,"refTime":"2023-08-23T00:00:00.000Z","significanceOfRT":1,"significanceOfRTName":"Start of forecast","productStatus":0,"productStatusName":"Operational products","productType":1,"productTypeName":"Forecast products","productDefinitionTemplate":0,"productDefinitionTemplateName":"Analysis/forecast at horizontal level/layer at a point in time","parameterCategory":0,"parameterCategoryName":"UnknownDiscipline_0_Category_0","parameterNumber":0,"parameterNumberName":"UnknownParameter_D0_C0_0","parameterUnit":"Unknown","genProcessType":2,"genProcessTypeName":"Forecast","forecastTime":180,"surface1Type":1,"surface1TypeName":"Ground or water surface","surface1Value":0.0,"surface2Type":255,"surface2TypeName":"Missing","surface2Value":0.0,"gridDefinitionTemplate":0,"gridDefinitionTemplateName":"Latitude_Longitude","numberPoints":615,"shape":6,"shapeName":"Earth spherical with radius of 6,371,229.0 m","gridUnits":"degrees","resolution":48,"winds":"true","scanMode":64,"nx":41,"ny":15,"basicAngle":0,"lo1":47.0,"la1":41.0,"lo2":87.0,"la2":55.0,"dx":1.0,"dy":1.0}, "data":
[rows 0 to 14 of 15, columns 0 to 40 of 41]
295.77783,285.97784,289.37784,298.77783,298.67783,297.97784,306.67783,314.37784,310.87784,310.37784,308.37784,308.47784,307.57782,307.17783,307.27783,306.47784,305.57782,305.57782,307.47784,307.27783,304.47784,293.47784,290.87784,298.07782,303.37784,301.97784,302.27783,289.97784,288.17783,287.37784,280.47784,282.57782,301.57782,309.47784,311.07782,309.67783,310.07782,309.37784,308.77783,308.97784,308.67783
285.07782,290.47784,298.77783,298.67783,298.67783,297.37784,313.97784,310.17783,307.77783,307.57782,308.07782,306.87784,305.77783,303.77783,304.97784,304.17783,304.87784,306.37784,304.97784,305.67783,306.07782,303.77783,293.77783,285.17783,277.27783,285.27783,296.17783,290.07782,294.87784,279.97784,289.37784,275.07782,291.87784,264.57782,289.07782,306.27783,305.27783,306.87784,310.37784,300.77783,285.47784
299.57782,298.67783,299.27783,299.17783,297.57782,308.67783,308.37784,307.57782,306.97784,305.67783,305.57782,306.47784,302.57782,298.37784,296.87784,297.47784,297.87784,301.37784,302.57782,301.77783,305.27783,302.87784,301.37784,293.27783,292.17783,291.37784,294.67783,296.87784,297.37784,289.97784,283.17783,284.57782,292.27783,295.97784,296.57782,298.97784,289.67783,289.77783,292.77783,286.97784,286.17783
305.57782,299.57782,299.47784,299.27783,299.17783,306.67783,306.77783,306.57782,306.67783,306.17783,305.57782,304.67783,295.07782,294.47784,301.47784,303.07782,302.47784,303.67783,303.57782,303.47784,296.67783,293.27783,301.77783,302.57782,301.67783,300.77783,300.67783,296.27783,297.77783,303.27783,301.47784,299.97784,301.87784,304.07782,304.77783,302.97784,289.17783,287.97784,291.87784,302.37784,305.87784
308.17783,299.17783,299.47784,299.07782,302.17783,305.17783,305.97784,308.67783,306.37784,306.47784,305.37784,304.17783,295.07782,293.77783,291.47784,300.27783,301.07782,299.97784,299.67783,300.97784,300.67783,300.07782,299.27783,299.77783,300.87784,301.27783,299.67783,298.17783,300.07782,301.67783,306.67783,302.37784,290.17783,285.37784,294.57782,304.77783,304.87784,310.87784,310.77783,309.97784,309.37784
309.57782,306.07782,297.37784,298.47784,298.57782,297.87784,306.97784,306.27783,305.77783,303.77783,303.97784,302.07782,294.77783,294.37784,296.07782,295.37784,299.57782,299.97784,299.57782,299.67783,298.47784,297.07782,293.17783,294.17783,296.97784,298.07782,299.77783,292.97784,300.07782,302.67783,302.27783,304.37784,299.87784,300.07782,302.07782,300.97784,299.57782,301.37784,310.17783,309.87784,308.57782
308.97784,308.87784,309.77783,308.77783,304.37784,305.97784,308.07782,306.17783,305.67783,303.67783,302.67783,299.87784,299.17783,298.27783,297.27783,297.87784,296.97784,298.67783,292.17783,290.57782,289.37784,290.97784,291.97784,291.87784,290.57782,291.47784,297.07782,299.77783,299.77783,298.87784,299.67783,301.67783,303.17783,304.07782,304.67783,305.17783,299.57782,298.17783,295.37784,292.77783,304.87784
309.87784,310.47784,308.67783,307.27783,306.67783,306.07782,305.97784,303.57782,302.27783,301.77783,301.07782,299.67783,299.47784,299.97784,300.27783,297.87784,294.47784,290.37784,289.97784,286.57782,289.27783,288.77783,287.77783,289.07782,290.77783,286.17783,288.87784,294.77783,294.87784,297.67783,297.47784,299.67783,298.97784,296.97784,300.67783,304.27783,306.67783,290.77783,306.67783,306.37784,302.77783
309.27783,308.47784,308.07782,305.47784,305.07782,304.27783,303.07782,302.17783,300.77783,299.47784,298.37784,298.87784,298.17783,298.87784,296.97784,293.27783,289.37784,288.07782,287.17783,286.97784,287.87784,283.27783,287.67783,287.77783,286.67783,290.77783,286.77783,287.67783,290.27783,291.37784,293.37784,295.27783,298.87784,299.57782,300.67783,300.47784,301.17783,301.77783,291.17783,289.77783,288.37784
305.57782,305.77783,305.57782,304.17783,303.57782,302.47784,301.37784,299.97784,298.87784,297.67783,296.17783,295.97784,296.57782,295.67783,293.37784,291.17783,286.37784,286.17783,288.37784,290.37784,287.37784,284.67783,286.37784,285.57782,287.27783,289.67783,288.67783,289.17783,288.67783,291.67783,294.47784,297.77783,299.17783,300.47784,301.97784,301.37784,298.47784,294.47784,292.07782,291.07782,288.97784
302.47784,302.47784,294.37784,300.77783,300.97784,300.77783,300.07782,299.27783,297.77783,295.77783,293.87784,295.07782,295.37784,293.17783,292.37784,287.87784,283.87784,284.07782,285.97784,286.77783,285.17783,285.57782,284.07782,285.87784,284.97784,288.27783,285.67783,289.97784,292.77783,295.17783,296.37784,298.87784,299.17783,301.47784,299.67783,300.77783,294.37784,293.17783,293.17783,292.57782,290.87784
294.87784,290.77783,290.37784,291.17783,294.57782,298.37784,296.57782,296.07782,295.67783,294.97784,292.37784,292.27783,292.27783,290.47784,289.67783,288.07782,285.37784,282.67783,283.47784,284.87784,283.77783,283.87784,286.57782,285.77783,286.07782,284.07782,287.97784,291.07782,292.57782,294.77783,293.67783,294.87784,298.87784,297.97784,300.17783,298.97784,299.57782,298.97784,297.17783,296.97784,296.07782
285.87784,287.07782,288.77783,290.37784,293.17783,295.67783,296.77783,295.27783,293.57782,292.97784,289.07782,287.57782,290.27783,289.17783,289.87784,288.57782,282.57782,281.47784,282.17783,283.07782,285.27783,284.87784,283.37784,282.87784,285.27783,285.17783,286.67783,290.47784,292.47784,293.17783,294.47784,294.77783,296.47784,292.77783,293.57782,297.77783,298.07782,298.17783,296.57782,296.07782,295.67783
284.77783,285.77783,288.57782,287.87784,293.77783,294.87784,293.67783,291.17783,288.77783,291.37784,288.17783,286.27783,288.47784,288.67783,289.47784,288.57782,281.97784,281.27783,281.47784,282.37784,285.87784,285.37784,285.17783,288.17783,289.07782,286.87784,288.37784,289.27783,291.17783,292.97784,292.87784,293.77783,293.17783,289.77783,295.17783,295.87784,297.27783,297.37784,296.57782,294.87784,295.17783
284.07782,287.27783,290.47784,289.17783,292.37784,288.47784,292.47784,291.97784,291.77783,291.37784,289.87784,289.07782,286.27783,288.27783,289.07782,287.57782,281.87784,280.97784,281.87784,282.07782,285.67783,287.77783,291.27783,287.67783,288.27783,289.57782,285.97784,289.87784,291.07782,291.97784,291.07782,289.37784,292.57782,288.27783,298.17783,296.67783,297.47784,296.67783,297.17783,296.07782,294.87784
