wind_kz.json
{"header": {"discipline":0,"disciplineName":"Meteorological products","gribEdition":2,"gribLength":1025,"center":7,"centerName":"US National Weather Service - NCEP(WMC)","subcenter":0,"refTime":"2023-10-04T12:00:00.000Z","significanceOfRT":1,"significanceOfRTName":"Start of forecast","productStatus":0,"productStatusName":"Operational products","productType":1,"productTypeName":"Forecast products","productDefinitionTemplate":0,"productDefinitionTemplateName":"Analysis/forecast at horizontal level/layer at a point in time","parameterCategory":2,"parameterCategoryName":"UnknownDiscipline_0_Category_2","parameterNumber":2,"parameterNumberName":"UnknownParameter_D0_C2_2","parameterUnit":"Unknown","genProcessType":2,"genProcessTypeName":"Forecast","forecastTime":0,"surface1Type":103,"surface1TypeName":"Specified height level above ground","surface1Value":10.0,"surface2Type":255,"surface2TypeName":"Missing","surface2Value":0.0,"gridDefinitionTemplate":0,"gridDefinitionTemplateName":"Latitude_Longitude","numberPoints":615,"shape":6,"shapeName":"Earth spherical with radius of 6,371,229.0 m","gridUnits":"degrees","resolution":48,"winds":"true","scanMode":64,"nx":41,"ny":15,"basicAngle":0,"lo1":47.0,"la1":41.0,"lo2":87.0,"la2":55.0,"dx":1.0,"dy":1.0}, "data":
[rows 0 to 14 of 15, columns 0 to 40 of 41]
0.017114257,0.93711424,2.1371143,9.847115,7.747114,6.4671144,6.8171144,6.327114,1.7271142,-1.2528857,-2.3728857,-2.6528857,-3.0428858,-1.7428857,-2.4428856,-2.4428856,-1.2128857,-2.2928858,-1.8928857,-1.9128858,-1.1528858,0.23711425,1.5371143,2.6071143,2.8971143,2.3371143,3.0371141,4.3971143,3.9071143,1.7971143,0.44711426,2.0171142,0.28711426,-0.75288576,0.96711427,1.8071142,3.2771142,2.6471143,2.9471142,3.0571144,2.2571142
-0.9728857,2.5571144,5.2371144,7.5271144,7.0271144,3.4571142,4.887114,1.2271142,-1.5628858,-4.0128856,-4.3528857,-3.3228858,-2.7528858,-3.6228857,-3.3828857,-1.6728858,-0.75288576,-0.33288574,0.24711426,0.66711426,-0.56288576,1.9271142,1.9671142,2.4071143,2.4971142,0.047114257,-0.072885744,2.3771143,-0.002885742,0.75711423,-0.77288574,0.37711427,-1.6828858,-1.6228857,0.24711426,0.86711425,1.9971143,3.5371141,1.7471143,2.7071142,-0.96288574
1.9871143,1.5071143,3.3471143,1.2971143,-0.70288575,-4.192886,-6.272886,-5.252886,-4.3928857,-4.232886,-4.0828857,-2.7128859,-4.1428857,-4.882886,-3.4928858,-2.3628857,-2.3228858,-1.3928857,-0.6628857,0.8371143,0.73711425,1.2671143,1.3271142,2.5271142,-1.6228857,-3.3228858,-2.1128857,1.5371143,2.4171143,-1.2028857,-0.49288574,-1.9028858,0.14711426,0.8971143,-1.7728858,-0.65288574,0.24711426,0.11711426,4.4871144,4.747114,1.1171143
-2.3228858,0.46711427,-0.7928857,-4.712886,-7.8528857,-4.672886,-4.9928856,-5.8928857,-3.8228858,-3.7028856,-2.8828857,-5.882886,-6.5728855,-4.8228855,-4.022886,-4.1428857,-3.4728858,-3.2328858,-3.2628858,-2.7028856,-3.3528857,-2.5728858,-2.6528857,-4.0628858,-4.022886,-3.3328857,-2.2428858,-5.0828857,-4.9128857,-2.4128857,0.90711427,2.8671143,3.0771143,2.9571142,2.5371141,2.1171143,0.9571143,2.6771142,-1.5428858,-1.5928857,0.077114254
-1.3928857,-0.75288576,-1.0928857,-3.1528857,-1.8828857,-2.7028856,-4.2428856,-1.8028858,-1.8428857,-1.1728858,-1.9128858,-5.8128858,-5.1428857,-3.5828857,0.20711426,-3.9928858,-3.7928858,-3.4428856,-3.2428858,-3.6228857,-4.0628858,-3.6328857,-3.3328857,-2.9628859,-3.0528858,-4.6428857,-5.3728857,1.8471142,-4.0128856,-2.5028858,-1.4828857,0.48711425,0.8971143,1.3371142,-3.1228857,-2.5328858,4.137114,-0.9828857,-0.99288577,-1.5528858,0.61711425
-0.16288574,-1.8028858,-2.6628857,-1.0028857,-3.0128858,-2.9728858,-3.7128859,-3.0828857,-1.9928857,-2.4828858,-0.53288573,-4.3728857,-2.1528857,-0.7228857,-2.3728857,-2.2628858,-2.5328858,-3.2928858,-2.7928858,-2.7928858,-3.2428858,-2.7428858,-2.8628857,-3.0828857,-3.5528858,-4.402886,-4.882886,-4.172886,-3.0428858,-2.1228857,-1.8628857,-2.3628857,-0.7228857,0.5171143,0.05711426,1.0771142,-0.06288574,2.1571143,3.2971144,-1.0528858,-2.7728858
-1.0228858,0.20711426,-2.4428856,-0.77288574,-2.1128857,-2.4728858,-4.7028856,-3.7128859,-3.9428856,-4.1228857,-1.9528857,-1.6228857,-1.1628858,-1.1728858,-1.6128857,-1.1228857,-1.9228858,-1.8628857,-1.7528857,-2.1428857,-2.2128859,-2.3128858,-1.9628857,-1.7328857,-2.3028858,-2.4628859,-2.8028858,-2.2428858,-1.7228857,-1.9628857,-2.0028858,-3.4428856,-3.2828858,-2.0728858,1.4171143,1.7771143,2.1771142,0.81711423,2.4671142,0.18711425,2.2571142
1.7671143,2.2971144,-2.1628857,-2.2628858,-2.3428857,-1.9528857,-3.8828857,-5.152886,-2.2928858,-3.4928858,-2.2228858,-1.5628858,-0.7328857,-0.20288575,-1.1528858,-1.7928858,-0.68288577,0.30711424,-0.58288574,-0.32288575,-0.9228857,-1.3728857,-1.6628858,-0.6028857,-1.0228858,-0.32288575,-0.88288575,0.20711426,-1.6028857,-1.1928858,-2.5928857,-1.7728858,-4.3028855,-0.42288575,-1.4728857,-2.9428856,-0.9228857,2.8871143,3.2871141,2.2371142,2.7871141
1.8271142,1.0271143,0.66711426,-0.40288574,0.27711427,-0.32288575,-0.58288574,-0.45288575,-0.82288575,-0.36288574,-1.1728858,-0.74288577,-0.51288575,-0.35288575,0.16711426,-0.63288575,-0.9228857,0.17711426,1.1471143,1.6571143,2.0571144,0.03711426,-0.11288574,-0.21288574,-0.68288577,-0.99288577,-1.4428858,-1.0428858,-1.0328858,-1.2928858,-1.3328857,-1.3128858,-0.78288573,-0.63288575,0.32711425,1.1871142,-1.8028858,-1.9028858,-0.83288574,0.67711425,-0.002885742
0.16711426,1.5871142,1.0571142,0.84711426,0.73711425,1.3171142,2.3271143,2.8471143,2.9671142,4.0071144,2.6371143,3.0271142,1.8971143,1.1471143,1.8171142,1.1371143,0.74711424,0.32711425,0.71711427,0.75711423,1.6971142,0.9471142,0.30711424,0.49711427,0.28711426,-0.12288574,0.16711426,-0.06288574,-1.0128857,-2.4828858,-0.8628857,-1.1428857,0.40711427,1.3471142,1.7771143,-0.23288575,-1.2628857,-0.31288573,0.017114257,0.71711427,0.49711427
2.1071143,0.7671143,2.0771143,2.4371142,2.7671142,2.2771142,3.3371143,3.5271142,3.7371142,3.9671142,3.1671143,4.6971145,4.017114,2.9171143,2.8971143,2.3571143,2.5171142,2.2671142,1.1971142,1.5271143,2.5771143,1.9071143,1.6071143,1.8571143,1.5471143,1.9771142,1.9671142,0.68711424,-0.63288575,-0.75288576,-0.29288575,0.68711424,0.6971142,0.72711426,0.40711427,1.0771142,-0.19288574,1.0571142,0.8271143,0.30711424,-0.002885742
3.4371142,3.1871142,3.4971142,3.1371143,3.7771142,4.0071144,4.227114,3.8071144,2.8971143,3.4071143,2.5171142,2.8671143,3.5071142,3.9171143,3.8171144,3.4671142,3.8071144,2.7871141,2.4171143,2.5771143,1.8571143,1.9871143,2.0971143,2.2371142,2.4771142,2.2571142,2.0971143,0.79711425,0.27711427,0.077114254,0.09711426,-0.7328857,-2.0028858,-0.75288576,-1.6528858,-1.0728858,-1.1328857,-0.65288574,0.107114255,0.09711426,1.1771142
3.7471142,4.0271144,3.5071142,3.5671144,4.037114,3.5771143,4.787114,5.077114,5.6471143,3.1971142,2.3271143,3.5171142,1.5571142,4.017114,4.7571144,4.137114,4.1871142,3.7971144,2.5971143,3.4071143,2.6671143,2.4771142,2.1371143,2.7171142,2.8671143,2.5271142,2.4871142,1.8171142,1.6871142,1.2171142,0.5771143,0.61711425,-1.8128858,1.7371143,-0.5428857,-0.26288575,0.15711425,0.047114257,0.027114257,1.4271142,-0.31288573
4.6771145,4.727114,3.1871142,3.6171143,3.8471143,3.9671142,4.6771145,5.0271144,4.4171143,4.4171143,2.2571142,2.5371141,3.9171143,4.3171144,3.4171143,3.9371142,4.247114,2.6371143,3.4371142,3.6271143,3.6771142,3.9871142,4.2771144,2.9871142,2.6471143,2.4071143,2.1571143,1.5871142,1.7371143,1.8971143,1.5371143,1.1271143,1.7371143,1.7071142,1.6571143,1.2471143,0.8371143,1.2071142,1.6571143,-0.82288575,1.1171143
3.8571143,4.8171144,3.7571142,4.8971143,4.3771143,4.287114,4.6871142,3.9271142,4.347114,3.1171143,2.0071142,3.7971144,2.9371142,2.9371142,3.6771142,3.3671143,2.3771143,4.117114,3.2371142,3.8371143,3.2371142,4.227114,4.5671144,3.9871142,3.6571143,3.0671144,3.0171142,2.3571143,2.4571142,1.9071143,2.1071143,2.6271143,2.2271142,2.2371142,2.6271143,2.8171144,1.2371143,2.3871143,2.1271143,1.2071142,0.17711426
