wind_kz.json
{"header": {"discipline":0,"disciplineName":"Meteorological products","gribEdition":2,"gribLength":1025,"center":7,"centerName":"US National Weather Service - NCEP(WMC)","subcenter":0,"refTime":"2023-08-23T00:00:00.000Z","significanceOfRT":1,"significanceOfRTName":"Start of forecast","productStatus":0,"productStatusName":"Operational products","productType":1,"productTypeName":"Forecast products","productDefinitionTemplate":0,"productDefinitionTemplateName":"Analysis/forecast at horizontal level/layer at a point in time","parameterCategory":2,"parameterCategoryName":"UnknownDiscipline_0_Category_2","parameterNumber":3,"parameterNumberName":"UnknownParameter_D0_C2_3","parameterUnit":"Unknown","genProcessType":2,"genProcessTypeName":"Forecast","forecastTime":120,"surface1Type":103,"surface1TypeName":"Specified height level above ground","surface1Value":10.0,"surface2Type":255,"surface2TypeName":"Missing","surface2Value":0.0,"gridDefinitionTemplate":0,"gridDefinitionTemplateName":"Latitude_Longitude","numberPoints":615,"shape":6,"shapeName":"Earth spherical with radius of 6,371,229.0 m","gridUnits":"degrees","resolution":48,"winds":"true","scanMode":64,"nx":41,"ny":15,"basicAngle":0,"lo1":47.0,"la1":41.0,"lo2":87.0,"la2":55.0,"dx":1.0,"dy":1.0}, "data":
[rows 0 to 14 of 15, columns 0 to 40 of 41]
1.1584741,-2.0315259,2.118474,8.028474,4.058474,1.3884741,-0.5015259,-1.9415259,-2.221526,-2.681526,2.278474,3.068474,2.9284742,1.5684742,-0.3015259,-1.8715259,-2.411526,0.60847414,1.8184742,2.618474,3.038474,3.328474,2.078474,-0.3315259,-1.3315259,-4.791526,1.0184741,2.588474,-1.6215259,0.3184741,0.8784741,-1.0315259,-0.08152588,-1.7915258,-1.5915259,-2.681526,-2.731526,-0.15152588,-0.71152586,-2.0915258,-0.38152587
1.0384741,1.8584741,1.8384742,7.2784743,5.208474,2.058474,-0.14152588,0.5584741,-0.7915259,0.7584741,0.10847412,3.3984742,4.378474,3.778474,2.318474,0.8184741,-0.8215259,-3.191526,-1.4915259,2.6984742,4.348474,3.798474,2.608474,2.9584742,1.9584742,2.568474,3.4784741,0.27847412,-0.10152588,1.6584741,2.6784742,3.2384741,1.6584741,2.6684742,-0.44152588,-1.4815259,-0.7915259,-1.9115258,-2.201526,-2.471526,3.3984742
2.618474,8.678474,7.478474,6.678474,4.138474,1.0784742,0.5784741,-0.8615259,0.24847412,-1.0515258,2.1984742,3.278474,5.5884743,5.078474,4.388474,3.078474,0.6784741,-0.78152585,-1.4415259,-2.651526,4.208474,4.018474,3.518474,1.4384742,0.54847413,2.4084742,1.9084741,-1.1415259,1.2184741,1.0184741,0.39847413,-0.18152589,0.2884741,1.5584741,-0.7915259,0.19847412,0.59847414,-2.6115258,-0.011525879,0.15847412,0.24847412
2.068474,8.388474,7.8584743,6.0484743,3.6684742,2.078474,2.2484741,2.348474,0.23847412,-0.9715259,-3.8115258,2.1584742,8.138474,9.108474,4.8384743,3.9484742,2.6984742,1.8184742,-0.20152588,-0.65152586,2.848474,3.4384742,3.9784741,2.2384741,2.808474,2.9784741,6.598474,4.498474,-1.6115259,4.848474,2.7484741,0.02847412,1.4884741,1.4984741,0.07847412,0.16847412,1.3484741,2.258474,0.7684741,0.65847415,-2.701526
1.0484741,3.9984741,4.618474,3.288474,2.1384742,2.4384742,2.2284741,3.098474,1.2684741,0.27847412,-0.13152587,1.0884742,2.838474,7.058474,6.668474,4.188474,2.828474,2.268474,2.038474,1.2684741,1.5784742,4.078474,3.6584742,2.7184741,-0.08152588,1.5884742,2.9484742,6.898474,5.998474,0.6284741,2.258474,0.4484741,1.6084741,-0.7415259,-0.41152588,-2.951526,-7.9715257,2.338474,-0.021525878,1.4084741,-2.941526
-1.2715259,-1.3015258,-2.671526,-2.0715258,-2.911526,-0.8715259,-0.15152588,0.5884741,1.4384742,1.2484741,-1.8215259,-2.8715258,-1.5915259,5.848474,7.0484743,3.4384742,2.798474,2.3884742,2.9084742,3.048474,4.688474,4.698474,3.588474,1.3184742,0.53847414,-0.10152588,0.60847414,3.088474,3.4684741,3.4084742,2.348474,2.598474,2.1784742,0.39847413,0.5584741,2.268474,-0.37152588,-2.911526,-4.651526,-1.9915259,-2.721526
-3.951526,-4.011526,-3.741526,-4.081526,-4.611526,-4.831526,-1.9815259,-3.0815258,-3.711526,-0.7415259,-3.971526,-1.4415259,-5.771526,6.0484743,6.288474,4.098474,2.068474,1.7284741,1.7884741,4.188474,4.5084743,3.4784741,2.768474,1.6684741,1.2684741,1.1784741,1.4584742,1.1084741,2.848474,4.388474,2.7284741,1.6784741,2.3884742,1.2884741,0.24847412,0.4784741,-0.3315259,0.7784741,-1.3715259,-1.9815259,-7.421526
-2.991526,-3.3715258,-3.5415258,-3.701526,-5.901526,-6.231526,-5.421526,-4.231526,-2.421526,-2.3615258,-1.9215258,-0.65152586,4.908474,-2.5815258,0.73847413,7.188474,5.168474,2.4784741,3.578474,5.158474,3.8884742,2.858474,1.7784741,-0.29152587,1.1784741,2.2184741,4.5284743,3.818474,2.2484741,3.6384742,3.338474,2.9284742,1.9084741,2.4784741,1.1384741,1.0584741,-0.8615259,-1.3615259,0.59847414,1.3184742,-1.9615259
-1.9215258,-1.7115259,-2.941526,-2.5715258,-3.1115258,-4.251526,-3.5515258,-3.451526,-3.0515258,-2.241526,-2.661526,-0.38152587,-0.7215259,1.0184741,1.1884742,5.328474,4.038474,3.008474,4.878474,5.3184743,2.7184741,3.308474,2.4484742,-2.0015259,0.11847412,-2.131526,6.0484743,4.378474,3.7384741,3.1784742,3.9284742,4.138474,4.5884743,3.768474,3.4784741,1.4584742,-2.481526,-0.58152586,1.4084741,-1.3515259,-1.2115259
-3.7615259,-3.3415258,-4.101526,-3.171526,-4.361526,-4.981526,-4.011526,-4.261526,-3.211526,-2.711526,-2.1215258,-1.5515258,-0.5715259,0.2884741,3.038474,5.928474,3.4484742,3.318474,2.368474,3.9884741,4.388474,4.178474,3.4684741,1.3584741,-2.2515259,-1.6815258,-1.7015259,1.1984742,-0.40152588,-0.35152587,1.3284742,0.7084741,-1.1215259,-1.9415259,1.4284741,1.7584741,0.90847415,-0.70152587,0.72847414,2.9984741,3.118474
-3.881526,-4.571526,-5.501526,-5.691526,-4.501526,-4.1415257,-5.021526,-2.671526,-2.7715259,-2.201526,-3.3215258,-2.0615258,-1.7615259,3.4984741,4.188474,1.9884741,4.158474,3.9084742,1.9684741,4.1084743,2.1584742,5.0084743,3.4784741,2.068474,0.5784741,0.7584741,-0.05152588,-0.53152585,-0.6315259,-0.6615259,-0.41152588,-0.7215259,0.29847413,0.9284741,1.4384742,1.9284741,1.3984741,1.8084741,1.5284741,0.6484741,0.34847412
-3.5815258,-5.011526,-5.191526,-5.4715257,-5.321526,-6.101526,-5.021526,-3.3615258,-2.191526,-0.7915259,-1.2515259,-1.6515259,0.008474121,3.1284742,5.488474,3.1384742,2.9584742,1.6184741,3.798474,3.9684741,3.608474,2.798474,2.798474,2.1384742,3.1484742,1.1884742,-0.25152588,-1.1615258,0.5284741,0.13847412,-0.37152588,0.32847413,0.5584741,0.06847412,2.6284742,5.0484743,4.918474,2.9084742,2.3884742,1.5584741,0.8184741
-3.8215258,-4.571526,-4.6815257,-5.421526,-5.151526,-4.501526,-6.131526,-4.541526,-4.781526,-1.6115259,0.27847412,0.01847412,2.088474,-0.6315259,0.6784741,0.36847413,0.96847415,0.35847414,-1.8715259,2.2084742,2.6784742,1.9684741,1.2484741,1.4684741,1.9584742,2.6884742,-0.17152588,-0.4915259,-0.4915259,0.02847412,1.0384741,1.0084741,1.2084742,0.9384741,2.018474,4.618474,5.1084743,2.8984742,3.9184742,2.1384742,0.90847415
-4.2015257,-5.041526,-5.881526,-5.631526,-6.771526,-6.211526,-6.871526,-5.001526,-4.691526,-3.681526,-0.6315259,-0.8015259,-2.3415258,-1.7615259,-0.35152587,1.2784741,-0.7215259,1.3684741,2.6484742,0.97847414,1.1684741,1.6284741,1.3184742,1.2784741,0.17847413,2.1784742,-0.11152588,-2.5715258,-1.8915259,-0.58152586,0.54847413,0.13847412,0.42847413,0.60847414,0.39847413,3.368474,3.098474,3.1284742,3.318474,2.6784742,2.558474
-2.5515258,-4.8915257,-7.611526,-5.421526,-5.851526,-5.091526,-5.351526,-2.901526,-3.8315258,-3.481526,-1.9015259,-2.411526,-0.25152588,-1.3715259,-0.011525879,1.2584741,0.98847413,2.088474,1.6484741,0.65847415,1.6384741,-0.17152588,-0.47152588,0.40847412,-0.041525878,-0.8515259,-1.0915259,-2.161526,-1.7715259,-2.191526,-1.1815258,-2.3015258,-0.011525879,0.66847414,-0.47152588,1.5584741,2.568474,4.538474,3.768474,4.198474,2.1984742
