wind_kz.json
{"header": {"discipline":0,"disciplineName":"Meteorological products","gribEdition":2,"gribLength":871,"center":7,"centerName":"US National Weather Service - NCEP(WMC)","subcenter":0,"refTime":"2023-08-27T12:00:00.000Z","significanceOfRT":1,"significanceOfRTName":"Start of forecast","productStatus":0,"productStatusName":"Operational products","productType":1,"productTypeName":"Forecast products","productDefinitionTemplate":0,"productDefinitionTemplateName":"Analysis/forecast at horizontal level/layer at a point in time","parameterCategory":0,"parameterCategoryName":"UnknownDiscipline_0_Category_0","parameterNumber":0,"parameterNumberName":"UnknownParameter_D0_C0_0","parameterUnit":"Unknown","genProcessType":2,"genProcessTypeName":"Forecast","forecastTime":180,"surface1Type":1,"surface1TypeName":"Ground or water surface","surface1Value":0.0,"surface2Type":255,"surface2TypeName":"Missing","surface2Value":0.0,"gridDefinitionTemplate":0,"gridDefinitionTemplateName":"Latitude_Longitude","numberPoints":615,"shape":6,"shapeName":"Earth spherical with radius of 6,371,229.0 m","gridUnits":"degrees","resolution":48,"winds":"true","scanMode":64,"nx":41,"ny":15,"basicAngle":0,"lo1":47.0,"la1":41.0,"lo2":87.0,"la2":55.0,"dx":1.0,"dy":1.0}, "data":
[rows 0 to 14 of 15, columns 0 to 40 of 41]
293.75015,285.95013,288.75015,298.75015,298.55014,297.25015,296.15015,296.25015,294.95013,295.05014,293.85016,295.15015,294.15015,293.45013,292.95013,289.55014,289.45013,289.35016,288.45013,289.15015,290.95013,288.15015,288.05014,286.65015,289.15015,288.75015,286.75015,273.35016,272.95013,273.05014,271.65015,271.45013,285.15015,295.05014,297.85016,297.75015,296.95013,296.45013,296.05014,296.75015,296.95013
278.65015,288.55014,298.25015,298.55014,298.55014,296.85016,293.55014,292.85016,292.15015,292.05014,292.85016,292.05014,290.95013,289.85016,289.05014,289.25015,287.75015,287.05014,285.85016,286.35016,287.25015,289.25015,288.05014,281.25015,271.35016,274.45013,280.75015,274.55014,278.05014,271.25015,278.05014,267.65015,277.75015,262.95013,276.65015,295.05014,294.35016,295.65015,297.75015,289.85016,283.95013
290.15015,297.85016,298.65015,298.65015,296.85016,292.75015,292.35016,290.95013,290.95013,290.45013,289.75015,290.45013,288.95013,289.45013,288.95013,286.75015,285.85016,285.25015,285.55014,286.15015,286.75015,287.75015,289.05014,283.25015,283.85016,283.65015,286.65015,285.65015,283.75015,277.75015,271.75015,273.85016,278.55014,280.35016,283.55014,284.35016,278.95013,277.65015,280.65015,276.85016,276.45013
294.75015,297.95013,298.35016,297.85016,294.65015,291.15015,291.35016,290.45013,290.65015,290.35016,290.05014,289.85016,294.65015,293.85016,288.95013,286.95013,288.15015,285.35016,286.95013,285.75015,286.35016,283.05014,290.25015,291.85016,288.85016,289.65015,289.25015,288.15015,286.85016,288.05014,289.55014,286.55014,290.45013,288.95013,288.85016,288.35016,278.25015,277.95013,283.15015,290.25015,293.15015
293.45013,297.05014,297.75015,297.35016,294.85016,291.25015,291.65015,290.55014,289.85016,290.15015,289.55014,289.45013,294.35016,292.95013,290.75015,288.15015,287.55014,286.75015,284.85016,287.65015,287.85016,287.75015,289.85016,291.15015,287.85016,291.25015,291.35016,291.85016,288.15015,288.65015,292.75015,288.85016,278.75015,271.25015,282.55014,291.05014,293.05014,297.35016,298.05014,298.45013,297.45013
290.75015,289.15015,295.65015,295.85016,296.55014,296.05014,291.25015,291.55014,290.75015,290.85016,291.25015,289.85016,292.85016,293.95013,290.65015,287.75015,290.15015,287.75015,287.95013,287.75015,287.65015,289.35016,289.45013,287.55014,285.85016,284.35016,285.85016,292.35016,291.85016,290.35016,289.75015,292.25015,290.25015,286.35016,286.85016,288.85016,282.55014,286.15015,294.95013,295.95013,296.75015
290.55014,288.05014,291.55014,291.75015,292.25015,289.75015,289.55014,288.45013,290.55014,291.85016,289.85016,289.55014,288.45013,291.35016,290.75015,288.75015,287.75015,287.85016,286.65015,285.25015,285.25015,287.35016,286.65015,288.25015,286.95013,286.35016,284.85016,286.65015,288.15015,285.55014,286.65015,287.75015,289.95013,289.55014,289.95013,287.05014,284.75015,283.15015,282.05014,283.15015,292.75015
291.15015,290.35016,291.75015,291.05014,291.35016,290.75015,289.65015,288.95013,288.45013,288.85016,287.95013,287.85016,290.35016,289.75015,287.65015,286.85016,286.45013,286.25015,285.45013,282.75015,283.05014,284.15015,284.05014,285.15015,283.15015,280.75015,281.45013,283.65015,285.65015,285.05014,284.95013,283.85016,284.25015,283.65015,282.45013,286.55014,287.65015,289.35016,289.55014,291.05014,289.15015
291.95013,290.55014,290.35016,288.45013,289.65015,288.15015,287.15015,288.15015,287.55014,286.95013,286.35016,285.65015,284.05014,285.05014,285.85016,287.55014,284.35016,284.75015,285.35016,284.35016,280.85016,280.95013,281.05014,281.15015,280.05014,279.65015,277.15015,277.35016,277.65015,281.35016,281.65015,279.45013,280.15015,283.25015,283.45013,281.45013,282.35016,285.15015,276.55014,277.85016,278.05014
290.55014,290.15015,288.85016,287.25015,285.25015,285.85016,285.15015,286.05014,285.95013,284.35016,283.35016,282.85016,283.65015,283.55014,282.85016,283.55014,284.45013,285.95013,283.15015,283.25015,281.45013,281.75015,284.45013,282.85016,284.15015,281.35016,281.45013,281.65015,279.15015,279.75015,279.25015,282.35016,282.75015,282.15015,283.05014,284.45013,281.85016,281.15015,276.75015,278.35016,277.65015
289.75015,288.25015,287.45013,286.05014,284.65015,285.55014,285.05014,283.85016,283.65015,283.55014,282.05014,281.75015,282.95013,281.65015,281.85016,282.15015,282.45013,285.45013,284.95013,282.55014,284.05014,283.95013,282.65015,283.85016,283.05014,281.85016,280.05014,279.15015,279.95013,281.45013,282.65015,282.75015,282.25015,283.15015,281.55014,284.65015,280.85016,276.05014,275.85016,277.95013,277.05014
287.15015,288.35016,287.55014,286.15015,285.15015,284.05014,283.15015,283.05014,282.95013,282.15015,279.65015,280.65015,281.75015,280.95013,280.95013,280.85016,280.95013,281.45013,281.85016,281.25015,282.15015,282.35016,282.95013,283.05014,281.75015,282.55014,282.95013,284.45013,281.25015,281.95013,281.05014,281.95013,282.55014,280.95013,281.65015,280.75015,282.15015,282.25015,282.75015,283.05014,281.55014
288.05014,286.55014,286.55014,284.35016,285.15015,284.45013,283.15015,282.05014,280.25015,280.65015,279.15015,278.05014,280.95013,280.65015,280.85016,280.85016,280.85016,280.65015,280.85016,280.15015,279.55014,281.85016,282.15015,282.15015,282.45013,280.55014,281.65015,283.85016,283.05014,280.55014,280.75015,281.25015,281.65015,281.85016,280.85016,280.45013,281.15015,281.65015,281.65015,283.35016,282.15015
286.55014,286.45013,287.45013,285.25015,283.65015,283.45013,283.15015,282.95013,282.35016,281.55014,280.45013,277.85016,278.55014,280.75015,281.05014,280.85016,280.45013,280.05014,280.15015,279.65015,280.05014,282.85016,281.65015,280.85016,280.85016,280.85016,280.75015,280.55014,280.35016,281.25015,282.45013,282.65015,283.85016,283.35016,283.05014,280.15015,280.95013,280.95013,280.05014,280.15015,282.85016
287.35016,286.95013,289.95013,285.05014,284.15015,282.95013,284.35016,283.15015,283.45013,281.15015,280.75015,278.85016,279.35016,279.45013,281.05014,281.15015,280.85016,281.25015,279.65015,279.75015,280.75015,280.75015,280.85016,281.15015,280.85016,280.75015,282.95013,283.35016,283.65015,284.25015,284.15015,283.95013,283.25015,281.45013,280.75015,280.65015,281.55014,280.45013,280.75015,280.85016,281.55014
