wind_kz.json
{"header": {"discipline":0,"disciplineName":"Meteorological products","gribEdition":2,"gribLength":1025,"center":7,"centerName":"US National Weather Service - NCEP(WMC)","subcenter":0,"refTime":"2024-01-31T00:00:00.000Z","significanceOfRT":1,"significanceOfRTName":"Start of forecast","productStatus":0,"productStatusName":"Operational products","productType":1,"productTypeName":"Forecast products","productDefinitionTemplate":0,"productDefinitionTemplateName":"Analysis/forecast at horizontal level/layer at a point in time","parameterCategory":2,"parameterCategoryName":"UnknownDiscipline_0_Category_2","parameterNumber":3,"parameterNumberName":"UnknownParameter_D0_C2_3","parameterUnit":"Unknown","genProcessType":2,"genProcessTypeName":"Forecast","forecastTime":120,"surface1Type":103,"surface1TypeName":"Specified height level above ground","surface1Value":10.0,"surface2Type":255,"surface2TypeName":"Missing","surface2Value":0.0,"gridDefinitionTemplate":0,"gridDefinitionTemplateName":"Latitude_Longitude","numberPoints":615,"shape":6,"shapeName":"Earth spherical with radius of 6,371,229.0 m","gridUnits":"degrees","resolution":48,"winds":"true","scanMode":64,"nx":41,"ny":15,"basicAngle":0,"lo1":47.0,"la1":41.0,"lo2":87.0,"la2":55.0,"dx":1.0,"dy":1.0}, "data":
[rows 0 to 14 of 15, columns 0 to 40 of 41]
-2.3492062,-3.6092062,1.0207938,-1.8292062,-0.6492062,2.5607939,4.8407936,3.0907938,1.3907938,2.2807937,2.3607938,2.1807938,2.3007936,2.3707938,2.4807937,2.4707937,1.7207937,0.51079375,1.5307938,0.75079376,1.3407937,1.7707938,-0.87920624,-0.9592062,-1.7792063,-1.8192062,-1.4792062,0.93079376,2.2907937,2.1407938,-3.7992063,-4.819206,1.9007938,-1.1392063,0.22079377,0.89079374,1.2407937,0.68079376,0.30079377,0.21079376,0.31079376
3.2807937,1.0907937,-1.5592062,-2.2092063,1.5007938,3.4607937,2.5107937,4.810794,4.370794,4.080794,3.0907938,2.7607937,2.6107938,2.3007936,1.8407937,2.8607938,1.8707938,1.2707938,2.0007937,2.6307938,2.6507938,0.75079376,0.5407938,1.3907938,-2.2492063,-1.1992062,-2.5692062,2.0307937,0.74079376,1.1607938,5.2207932,3.4707937,-1.0292063,-0.8992062,-4.089206,-1.4592062,0.96079373,-0.14920624,0.13079377,0.23079376,0.7307938
3.8307939,5.5607934,1.8407937,-0.26920623,3.0307937,3.0007937,2.3607938,3.7107937,4.0907936,3.8807938,4.4207935,3.7007937,2.8407938,2.7207937,2.5007937,2.7007937,3.0207937,2.6007938,2.8907938,2.5607939,1.5807937,-0.059206236,0.32079375,0.41079375,-0.039206237,1.1107937,0.07079376,0.100793764,0.33079377,1.4207938,3.0207937,1.0307938,1.6107937,-1.6692063,-0.34920624,0.75079376,1.6307938,-1.1592063,0.34079376,-1.7292062,-1.8392062
0.23079376,7.1207933,5.6607933,4.5107937,3.0607939,3.2007937,3.3407938,5.1207933,5.240793,4.640794,4.4207935,3.7207937,5.2307935,5.2607937,2.9407938,2.6407938,2.5007937,2.9307938,3.0607939,2.8207939,2.5907938,1.8707938,1.8607937,-0.38920623,-0.30920625,0.030793762,-1.4792062,0.06079376,0.89079374,1.2107937,1.8907938,-0.059206236,-1.2592063,-0.78920627,-0.9692062,-2.7392063,-0.10920624,0.9807938,1.3607937,1.1607938,0.46079376
0.07079376,1.1307938,-0.31920624,3.8407938,4.0107937,4.2407937,4.620794,4.6707935,5.1807933,4.9207935,5.1607933,5.2907934,7.1007934,5.7107935,6.2507935,3.3007936,2.9907937,3.2407937,2.9907937,3.2507937,1.7407937,1.9607937,1.5507938,1.8907938,0.28079376,1.1507938,0.93079376,0.55079377,0.46079376,1.4407938,3.2907937,2.7407937,2.8907938,2.5207937,-1.3492062,-0.29920623,-0.35920623,-0.45920622,0.6507938,1.1607938,1.3807938
4.930794,4.2807937,5.2007933,5.4307933,4.690794,4.980794,5.3207936,4.890794,4.6307936,4.020794,3.9707937,4.710794,5.7807937,7.0807934,3.5507936,3.1207938,3.4407938,2.8007936,2.3307939,1.8707938,1.8307937,1.8907938,1.2607938,-0.15920624,0.81079376,0.62079376,-0.97920626,0.28079376,1.3007938,2.0207937,2.1607938,3.6307938,3.2807937,2.7807937,2.4507937,3.4207938,0.6607938,-0.08920624,0.47079375,-0.35920623,0.31079376
2.8007936,5.2307935,5.9007936,6.5907936,7.3007936,7.4007936,6.8107934,6.3407936,6.4307933,5.3007936,4.020794,4.3607936,4.540794,3.0707939,3.0207937,4.4007936,4.4707937,3.3007936,3.6307938,3.0307937,1.4607937,0.7207938,1.5707937,2.0807939,0.32079375,-0.7792062,-1.0192063,-2.4392061,-1.2792063,0.31079376,1.0007938,0.35079375,0.8407938,3.0607939,0.9807938,0.28079376,-1.5592062,1.7707938,-1.0792062,-1.3292062,1.8707938
3.5007937,3.8107939,5.740793,6.4807935,7.2907934,8.070793,8.500793,9.510794,9.130794,7.5607934,7.240793,6.5407934,5.000794,4.190794,3.4607937,4.4207935,4.1307936,3.6507938,3.9307938,4.8407936,2.4507937,0.52079374,0.80079377,2.6707938,2.2207937,2.3207939,1.0807937,-2.0292063,-1.0692062,-1.3392062,0.38079375,1.2807938,1.1507938,4.910794,5.4607935,0.63079375,-0.45920622,0.99079376,-1.3392062,1.1607938,-0.32920623
2.5307937,3.8107939,4.680794,6.1307936,6.8607936,7.5707936,8.340794,9.120793,9.900793,10.470794,9.400793,8.610793,6.6207933,5.9807935,5.3507934,4.2607937,4.870794,4.480794,5.1107936,5.8707933,3.4207938,1.5107938,2.4207938,1.5007938,2.4307938,2.5807939,2.0207937,2.3407938,1.7807938,0.5407938,1.5407938,3.4407938,2.6107938,5.2207932,6.3107934,3.7307937,-1.1192062,1.4607937,2.3407938,1.5507938,-1.5892062
3.3507938,4.2007937,4.5307937,5.1207933,6.0207934,7.0307937,7.8107934,8.730793,9.640794,9.550794,9.930794,9.560794,9.030793,7.7607937,7.0307937,5.2607937,4.8207936,4.560794,4.4207935,4.080794,4.3207936,3.9107938,2.7007937,3.0607939,2.9507937,2.5007937,2.6007938,1.6707938,2.0007937,2.4507937,1.4607937,1.9107938,4.5707936,3.6207938,6.0207934,1.1307938,1.7107937,-0.91920626,1.1607938,4.160794,4.4007936
2.7907937,3.4507937,4.2607937,4.9207935,5.4307933,6.6607933,7.6907935,8.070793,8.420794,9.300794,9.790793,9.010794,8.840794,9.040793,7.4307933,6.6407933,6.3807936,5.9207935,4.4907937,5.2007933,4.3807936,4.2007937,3.0207937,3.6507938,3.1207938,3.1407938,2.4407938,3.3907938,2.9407938,1.7607938,1.8107938,1.7007937,1.5107938,3.7507937,7.0807934,5.5107937,2.7307937,2.6807938,2.8207939,1.9807937,0.19079377
2.1907938,3.0907938,3.9207938,4.980794,5.7007933,6.4707932,6.6107936,6.9807935,7.1307936,7.9207935,6.6707935,7.0207934,7.9307933,8.490793,7.9707932,7.4507933,7.6407933,6.6207933,6.7807937,5.9807935,5.5007935,4.2407937,3.0407937,3.4007938,3.8907938,3.7707937,5.3207936,3.6607938,3.0607939,1.9907937,1.7507938,1.9907937,2.1507938,3.2907937,4.620794,7.1607933,7.8507934,4.310794,2.4907937,1.3407937,0.44079375
0.42079377,1.5207938,3.5307937,4.2007937,4.870794,3.9807937,5.000794,6.8907933,8.940793,7.2607937,4.7607937,5.1107936,7.8707933,7.4507933,7.240793,6.8607936,6.6707935,6.2607937,6.7707934,5.5907936,6.6107936,5.6607933,5.0307937,4.290794,3.9407938,4.0907936,3.0907938,3.0507936,3.2207937,2.7107937,2.4507937,2.2907937,2.6507938,4.210794,4.660794,6.2607937,6.5007935,4.1307936,4.870794,3.8707938,2.8307939
0.82079375,0.22079377,0.99079376,2.3007936,2.9207938,4.460794,5.7507935,6.1907935,6.8707933,7.7007933,5.000794,3.0707939,4.620794,7.4607935,6.5007935,6.4307933,6.5507936,6.4307933,5.990793,5.6307936,5.5807934,5.3107934,4.430794,3.9907937,3.4507937,2.9307938,2.5707939,2.6707938,2.7307937,2.5607939,2.5807939,2.8107939,3.7107937,3.9207938,4.5307937,5.9607935,5.3907933,5.6507936,5.1607933,4.910794,5.3107934
1.3707938,1.2207937,-0.28920624,2.2007937,3.0607939,3.4707937,4.1307936,5.490793,6.6407933,7.3107934,4.980794,4.9207935,2.1807938,3.6207938,6.490793,6.4407935,6.3007936,5.8707933,5.7507935,5.1207933,4.8207936,4.560794,4.0907936,3.7707937,3.5307937,3.1707938,3.3307939,3.7007937,3.2907937,3.0007937,2.9307938,3.5907938,3.0407937,4.140794,5.2707934,5.5807934,6.6807933,6.9307933,5.740793,5.8807936,4.4007936
