wind_kz.json
{"header": {"discipline":0,"disciplineName":"Meteorological products","gribEdition":2,"gribLength":948,"center":7,"centerName":"US National Weather Service - NCEP(WMC)","subcenter":0,"refTime":"2023-08-07T18:00:00.000Z","significanceOfRT":1,"significanceOfRTName":"Start of forecast","productStatus":0,"productStatusName":"Operational products","productType":1,"productTypeName":"Forecast products","productDefinitionTemplate":0,"productDefinitionTemplateName":"Analysis/forecast at horizontal level/layer at a point in time","parameterCategory":0,"parameterCategoryName":"UnknownDiscipline_0_Category_0","parameterNumber":0,"parameterNumberName":"UnknownParameter_D0_C0_0","parameterUnit":"Unknown","genProcessType":2,"genProcessTypeName":"Forecast","forecastTime":300,"surface1Type":1,"surface1TypeName":"Ground or water surface","surface1Value":0.0,"surface2Type":255,"surface2TypeName":"Missing","surface2Value":0.0,"gridDefinitionTemplate":0,"gridDefinitionTemplateName":"Latitude_Longitude","numberPoints":615,"shape":6,"shapeName":"Earth spherical with radius of 6,371,229.0 m","gridUnits":"degrees","resolution":48,"winds":"true","scanMode":64,"nx":41,"ny":15,"basicAngle":0,"lo1":47.0,"la1":41.0,"lo2":87.0,"la2":55.0,"dx":1.0,"dy":1.0}, "data":
[rows 0 to 14 of 15, columns 0 to 40 of 41]
319.48004,303.98004,313.38004,298.58002,298.58002,297.48004,311.08002,323.48004,320.08002,319.98004,320.58002,320.78003,320.18002,319.88004,319.88004,323.18002,323.28003,324.28003,327.78003,326.68002,329.08002,322.38004,318.88004,319.68002,320.18002,318.68002,316.68002,305.38004,304.58002,301.38004,300.08002,300.88004,308.18002,324.58002,328.58002,324.88004,331.88004,328.58002,328.68002,329.08002,330.78003
288.18002,309.48004,298.28003,299.08002,299.28003,296.78003,322.88004,322.98004,320.18002,319.88004,321.18002,320.48004,320.08002,318.08002,320.18002,322.08002,322.88004,325.68002,324.48004,326.08002,327.38004,325.18002,322.38004,313.48004,304.08002,301.28003,312.08002,307.78003,304.08002,295.28003,300.88004,296.18002,302.68002,273.68002,296.58002,311.68002,312.18002,320.08002,326.08002,316.68002,286.48004
309.18002,298.08002,298.88004,298.88004,296.48004,316.08002,317.88004,318.98004,316.58002,316.98004,318.88004,320.18002,318.48004,319.18002,319.58002,321.38004,321.28003,323.08002,324.68002,324.38004,327.98004,324.48004,326.38004,319.38004,321.38004,321.68002,321.88004,319.88004,318.38004,304.78003,296.88004,298.38004,310.48004,307.58002,304.98004,307.18002,301.78003,295.78003,306.18002,297.78003,293.38004
304.78003,298.48004,298.78003,298.48004,303.38004,316.28003,318.48004,319.68002,320.18002,319.78003,318.68002,318.98004,297.18002,296.18002,319.78003,321.08002,318.88004,321.78003,321.48004,323.48004,319.78003,320.58002,320.18002,325.28003,330.88004,324.98004,324.98004,323.08002,320.58002,322.38004,324.88004,325.68002,327.38004,328.08002,323.18002,315.78003,301.98004,300.88004,304.68002,317.78003,322.98004
307.38004,299.08002,299.38004,299.08002,306.18002,315.58002,320.78003,324.08002,319.98004,319.78003,321.28003,321.48004,297.98004,296.28003,293.18002,320.08002,319.48004,316.68002,318.48004,317.98004,320.88004,322.58002,324.08002,324.58002,327.28003,326.48004,328.98004,316.08002,328.48004,325.68002,325.78003,321.48004,307.28003,299.48004,307.28003,320.78003,313.68002,328.38004,332.98004,327.98004,329.18002
314.18002,314.98004,298.68002,298.68002,298.88004,298.18002,323.48004,322.88004,321.88004,321.68002,319.98004,319.68002,300.18002,296.68002,306.98004,318.38004,318.78003,316.68002,318.38004,319.08002,319.58002,318.88004,321.28003,321.58002,321.58002,316.68002,322.38004,294.48004,326.28003,324.18002,323.78003,323.08002,324.18002,324.28003,315.38004,312.88004,310.18002,311.58002,324.68002,325.78003,322.88004
315.58002,316.48004,315.08002,317.28003,311.98004,317.68002,322.58002,322.48004,321.28003,321.48004,320.28003,319.78003,318.08002,320.58002,322.28003,316.38004,318.58002,317.18002,315.98004,316.88004,314.98004,315.38004,315.18002,315.48004,314.38004,315.58002,317.08002,320.48004,319.08002,323.88004,322.58002,322.08002,322.08002,323.88004,322.28003,319.08002,311.18002,311.28003,306.38004,302.78003,315.08002
314.08002,316.08002,315.88004,316.28003,317.18002,318.58002,320.08002,317.18002,315.88004,319.18002,319.68002,319.58002,322.58002,319.08002,320.18002,317.08002,319.58002,319.18002,317.48004,316.38004,315.38004,316.08002,313.58002,312.88004,313.58002,312.18002,313.18002,315.18002,311.28003,314.68002,311.08002,312.08002,313.58002,309.68002,313.48004,316.28003,318.48004,289.68002,317.58002,319.98004,314.48004
311.98004,311.98004,312.68002,313.48004,311.78003,314.38004,313.88004,315.08002,316.18002,314.78003,314.88004,300.18002,310.48004,315.38004,313.68002,316.28003,315.28003,315.38004,315.38004,316.38004,317.58002,314.98004,314.88004,312.98004,311.48004,309.08002,307.08002,313.28003,298.48004,297.58002,307.38004,305.28003,307.88004,307.18002,307.58002,303.48004,307.28003,308.28003,294.38004,292.98004,295.68002
307.78003,307.58002,308.98004,310.48004,309.48004,310.48004,305.18002,308.78003,312.88004,308.58002,306.48004,295.88004,298.28003,306.88004,309.48004,309.48004,311.48004,299.48004,313.18002,314.48004,313.58002,313.18002,314.48004,314.98004,313.38004,311.28003,312.48004,303.88004,297.58002,307.68002,311.18002,307.38004,309.08002,311.48004,309.08002,306.28003,298.98004,299.88004,298.68002,296.88004,292.18002
306.48004,305.98004,306.28003,306.28003,305.88004,306.78003,306.58002,306.58002,306.78003,305.68002,292.48004,290.18002,302.28003,305.88004,302.58002,304.88004,304.68002,306.58002,307.88004,305.38004,310.38004,310.78003,310.78003,310.38004,309.68002,310.48004,308.48004,310.98004,312.68002,303.38004,312.38004,307.58002,308.88004,302.58002,309.28003,305.18002,296.48004,295.78003,300.48004,297.48004,295.38004
304.18002,304.48004,306.38004,304.68002,304.68002,304.08002,305.58002,305.78003,306.48004,306.88004,302.28003,297.08002,300.68002,300.98004,300.28003,300.78003,301.38004,302.18002,304.08002,303.68002,303.68002,304.28003,307.18002,305.18002,305.28003,307.48004,308.28003,305.38004,311.78003,311.48004,309.38004,307.68002,304.88004,304.48004,298.78003,306.28003,303.68002,302.38004,298.68002,298.78003,297.78003
298.48004,302.68002,303.88004,303.18002,301.08002,300.48004,304.18002,304.48004,304.08002,302.98004,296.18002,296.68002,299.18002,296.98004,297.48004,297.08002,297.78003,299.48004,300.88004,300.28003,300.48004,300.88004,294.08002,301.98004,305.48004,306.28003,306.28003,308.18002,307.28003,304.98004,308.48004,306.58002,304.58002,302.28003,306.98004,301.98004,303.38004,300.28003,300.98004,301.08002,297.88004
301.68002,303.18002,297.98004,303.58002,302.18002,301.68002,300.08002,299.78003,301.58002,300.38004,294.98004,295.78003,296.08002,295.88004,294.88004,295.88004,296.78003,297.48004,299.38004,299.48004,301.08002,301.28003,300.88004,301.58002,302.98004,304.68002,304.28003,303.38004,304.38004,303.68002,305.08002,305.68002,305.28003,304.78003,302.88004,297.68002,297.78003,300.48004,300.28003,295.08002,293.98004
297.98004,303.28003,292.58002,301.68002,298.48004,298.78003,301.48004,300.98004,300.48004,294.28003,295.98004,295.48004,292.68002,293.88004,296.48004,295.58002,297.58002,292.78003,295.38004,289.58002,290.58002,290.88004,293.68002,295.88004,296.98004,293.68002,294.78003,299.98004,299.08002,300.68002,300.88004,294.58002,302.58002,300.88004,302.28003,298.88004,300.08002,300.88004,302.68002,303.28003,297.28003
