wind.json
{"header": {"discipline":0,"disciplineName":"Meteorological products","gribEdition":2,"gribLength":1125,"center":7,"centerName":"US National Weather Service - NCEP(WMC)","subcenter":0,"refTime":"2023-06-28T06:00:00.000Z","significanceOfRT":1,"significanceOfRTName":"Start of forecast","productStatus":0,"productStatusName":"Operational products","productType":1,"productTypeName":"Forecast products","productDefinitionTemplate":0,"productDefinitionTemplateName":"Analysis/forecast at horizontal level/layer at a point in time","parameterCategory":2,"parameterCategoryName":"UnknownDiscipline_0_Category_2","parameterNumber":3,"parameterNumberName":"UnknownParameter_D0_C2_3","parameterUnit":"Unknown","genProcessType":2,"genProcessTypeName":"Forecast","forecastTime":120,"surface1Type":103,"surface1TypeName":"Specified height level above ground","surface1Value":10.0,"surface2Type":255,"surface2TypeName":"Missing","surface2Value":0.0,"gridDefinitionTemplate":0,"gridDefinitionTemplateName":"Latitude_Longitude","numberPoints":688,"shape":6,"shapeName":"Earth spherical with radius of 6,371,229.0 m","gridUnits":"degrees","resolution":48,"winds":"true","scanMode":64,"nx":43,"ny":16,"basicAngle":0,"lo1":45.0,"la1":40.0,"lo2":87.0,"la2":55.0,"dx":1.0,"dy":1.0}, "data":
[rows 0 to 15 of 16, columns 0 to 42 of 43]
1.3359009,-0.9140991,-0.86409914,1.2259009,2.175901,0.48590088,-3.4540992,-4.424099,0.63590086,-0.75409913,-0.4340991,-1.8040991,-1.9140991,-2.864099,-2.9540992,-3.874099,-2.9840991,-3.1940992,-5.034099,-5.6040993,-8.174099,-4.2940993,-2.314099,-3.114099,-3.384099,-1.4340991,-4.1240993,-4.804099,-2.584099,-1.5140991,-1.4140991,2.0159009,3.5759008,2.935901,0.7159009,3.675901,2.435901,0.82590085,1.6459008,0.23590088,-0.31409913,0.15590088,1.0559009
-1.5640991,-0.26409912,1.4759009,2.215901,-0.36409912,4.365901,-0.34409913,-2.094099,-1.1440991,-0.14409912,-1.1640991,-2.6540992,-3.864099,-4.204099,-4.164099,-4.364099,-4.0440993,-4.2940993,-3.324099,-3.294099,-4.1040993,-3.554099,-3.524099,-2.824099,-0.42409912,2.215901,5.135901,3.8559008,2.925901,1.3959008,-1.6740991,-3.9640992,-0.34409913,3.3559008,-0.12409912,2.3359008,2.385901,4.115901,2.9859009,2.7959008,0.9159009,0.6659009,0.7359009
0.07590088,2.5259008,-1.8540992,-1.1140991,4.555901,3.705901,1.1459008,-1.3640991,-0.99409914,-2.2140992,-2.5140991,-3.084099,-3.6940992,-3.4240992,-3.4440992,-3.7440991,-4.114099,-4.6040993,-3.5140991,-0.68409914,-1.2140992,-1.2440991,-3.9940991,-2.794099,-0.55409914,1.1459008,5.9759007,3.3359008,3.635901,3.365901,-0.05409912,4.135901,-0.22409911,-2.524099,0.9859009,-0.0040991213,3.0159009,3.625901,4.3759007,2.5059009,1.5659009,2.475901,-1.3840991
-2.084099,-2.134099,-1.5240991,3.375901,3.7859008,2.655901,1.7859008,0.6059009,-0.5740991,-0.9440991,-2.114099,-3.024099,-3.7140992,-4.154099,-2.804099,-5.2940993,-5.434099,-5.884099,-3.7040992,-2.574099,-2.5040991,-2.344099,-1.3840991,-1.1440991,1.3159009,2.895901,-1.4040991,-3.064099,1.1759009,-2.114099,3.0859008,-0.5740991,-0.37409914,-1.4840991,-6.114099,-0.8840991,1.3759009,-1.3740991,-3.9640992,0.24590088,-1.3440992,1.2259009,0.32590088
-0.26409912,0.6159009,3.195901,2.905901,2.655901,1.6059009,0.57590085,0.045900878,-1.5140991,-1.8840991,-2.9540992,-4.0640993,-4.574099,-4.454099,-3.364099,-2.0040991,-5.234099,-5.0640993,-4.0240993,-3.354099,-2.4240992,-0.24409913,-0.4640991,1.6359009,-3.7540991,-0.09409912,1.8159009,-0.48409912,-4.204099,-2.0140991,-0.104099125,1.2159009,-6.8140993,-0.9740991,2.8059008,1.7959008,1.2459009,1.7459009,2.725901,2.5459008,-3.874099,-4.184099,-3.624099
1.1659008,1.4059008,2.375901,1.8359009,1.0859009,0.4759009,-1.2340991,-0.6340991,-0.8240991,-1.5540991,-2.7340991,-4.2940993,-4.594099,-6.184099,-1.9640992,-3.624099,-3.594099,-3.2540991,-3.044099,-3.784099,-2.594099,-0.73409915,-0.32409912,-0.4340991,0.6559009,2.705901,1.9759009,2.8059008,2.5759008,2.1059008,6.045901,1.4859009,-4.514099,-1.9040991,0.8959009,-4.304099,0.36590087,0.9759009,1.4659009,1.2759008,-0.75409913,-0.3040991,0.5559009
-1.3740991,1.6659008,1.2059009,1.1059009,4.235901,2.2759008,1.9659009,1.1759009,-1.2540991,-2.1940992,-2.084099,-2.884099,-5.3540993,-5.514099,-5.5840993,-3.024099,-3.4140992,-3.6540992,-3.024099,-2.804099,-1.8840991,1.0059009,0.37590086,0.32590088,0.5559009,1.9059008,5.055901,4.735901,-0.7940991,-2.1540992,5.155901,2.2859008,-1.8940991,-3.574099,-2.4740992,-2.7340991,-3.6640992,-1.2040992,-4.454099,-3.6440992,-0.8840991,1.1059009,0.87590086
0.7059009,-0.7040991,-1.4040991,-2.2440991,0.7059009,-0.5840991,-0.62409914,-0.99409914,-2.5040991,-1.7040992,-0.9540991,-4.074099,-4.864099,-4.7940993,-5.764099,-6.174099,-6.144099,-4.454099,-2.7540991,-2.4640992,-1.6540991,-0.9440991,-0.9440991,-0.26409912,1.1659008,5.735901,4.765901,4.925901,5.815901,5.355901,3.6059008,2.0359008,0.8559009,-0.31409913,-3.1540992,-1.9040991,0.51590085,0.13590088,1.9859009,-2.024099,-3.7240992,0.48590088,-3.594099
-0.23409912,0.19590087,-1.1440991,-0.9640991,-0.47409913,-0.45409912,-2.4240992,-2.124099,-2.054099,0.40590087,-2.114099,-3.574099,-4.944099,-4.1040993,-4.934099,-5.8140993,-6.094099,-5.134099,-3.044099,-2.344099,-1.2540991,-1.0540991,-2.1640992,-1.0440991,2.2359009,3.6059008,2.5659008,8.335901,4.825901,1.6059009,-0.29409912,1.1559008,0.38590088,-1.7440991,-3.324099,-6.3340993,-4.324099,-3.614099,-2.4840991,-1.3940991,0.19590087,-1.9640992,1.2659009
-1.1340991,-0.7240991,0.7159009,1.1459008,1.4059008,0.33590087,-1.0940992,-2.804099,-2.084099,0.11590088,-0.75409913,-2.584099,-4.994099,-5.214099,-5.304099,-6.0440993,-6.364099,-6.0440993,-4.894099,-2.364099,-0.48409912,0.82590085,0.46590087,2.905901,4.6459007,6.605901,5.785901,5.4759007,7.045901,5.675901,4.6459007,2.7559009,-1.4540992,-4.534099,-5.494099,-6.5840993,-4.074099,-3.2040992,-3.024099,-4.844099,-3.364099,-2.864099,-2.584099
-1.5940992,-1.3440992,-0.74409914,0.4159009,0.8359009,1.0859009,-0.16409913,-1.2040992,-1.6340991,0.07590088,-1.3240991,-2.1640992,-3.834099,-4.864099,-5.214099,-6.614099,-7.0240993,-6.764099,-5.3340993,-2.134099,1.1759009,3.1059008,2.0159009,6.905901,12.255901,4.8959007,6.9759007,5.795901,2.975901,1.5059009,1.4959009,0.5459009,-1.7040992,-3.6740992,-5.384099,-6.3740993,-3.7040992,-3.1640992,-1.2140992,2.0259008,-3.7240992,-2.774099,-2.7240992
-1.7840991,-2.1740992,-1.5740991,-0.6640991,0.27590087,1.3859009,0.82590085,-0.15409912,-0.5840991,-0.74409914,0.35590088,-1.1640991,-3.7540991,-4.444099,-5.3340993,-6.224099,-6.6040993,-4.474099,-5.5440993,-5.744099,-1.1540991,1.9159008,4.675901,2.8059008,2.3159008,4.865901,5.315901,4.715901,3.5859008,3.7559009,2.5759008,0.8659009,-0.7840991,-2.084099,-3.834099,-4.694099,-5.824099,-5.894099,-3.7140992,-0.8440991,-2.1740992,-1.5940992,-1.5440991
-1.0240991,-1.9440991,-1.7040992,-1.0640991,-0.47409913,-0.044099122,0.005900879,0.4159009,0.6759009,0.5959009,1.1559008,-0.7140991,-3.1640992,-4.1040993,-5.3340993,-5.684099,-5.634099,-3.7240992,-2.7440991,-6.7940993,-6.0640993,-0.9040991,2.4859009,-0.4040991,0.40590087,1.9459009,3.0859008,4.095901,5.325901,4.9759007,3.0459008,1.8759009,-0.4040991,-2.554099,-2.554099,-3.7640991,-3.2140992,-4.094099,-3.8940992,-3.4340992,-2.0040991,-2.4440992,-0.74409914
0.06590088,-1.0740991,-0.5440991,-0.9540991,-0.5240991,-0.42409912,-0.24409913,0.4459009,1.0359008,2.2859008,2.645901,-0.3340991,-1.4140991,-2.314099,-4.804099,-5.444099,-6.0640993,-5.014099,-1.9740992,-1.4540992,-2.864099,0.045900878,0.06590088,1.8459009,2.3059008,4.6259007,4.835901,5.245901,5.195901,3.965901,2.8459008,1.5859009,0.5459009,0.22590087,-0.8940991,-1.6740991,-2.784099,-2.4840991,-2.594099,-1.2040992,-0.9040991,-0.36409912,-2.084099
0.7259009,0.43590087,-0.0040991213,0.75590086,-1.4940991,-1.8140991,-1.9640992,-0.0040991213,3.3159008,2.375901,2.425901,2.0559008,-0.48409912,-0.18409912,-2.294099,-4.7940993,-5.324099,-4.704099,-3.834099,-0.36409912,-0.7040991,-1.1540991,-0.15409912,0.9159009,3.415901,4.045901,4.445901,4.735901,4.335901,3.7659009,3.115901,2.445901,2.0559008,1.1059009,0.05590088,-1.0440991,-1.3540992,-2.314099,-2.2040992,-1.5940992,-2.4440992,-2.8940992,-1.9040991
1.8159009,1.8259009,1.2159009,-0.09409912,-1.5340991,-2.124099,-1.8340992,-0.24409913,1.3259009,2.0559008,3.165901,2.935901,1.4159008,-0.5140991,-0.8440991,-1.6440991,-4.7940993,-4.574099,-3.374099,-2.4040992,-1.2040992,-0.4940991,1.1459008,2.3259008,3.165901,3.7959008,3.3259008,3.875901,4.095901,4.005901,3.3159008,2.7659009,2.0759008,0.87590086,1.0759009,-0.11409912,-1.0140991,-1.1340991,-2.2040992,-1.6040992,-2.4640992,-2.574099,-1.9140991
