wind_kz.json
{"header": {"discipline":0,"disciplineName":"Meteorological products","gribEdition":2,"gribLength":1025,"center":7,"centerName":"US National Weather Service - NCEP(WMC)","subcenter":0,"refTime":"2023-08-18T12:00:00.000Z","significanceOfRT":1,"significanceOfRTName":"Start of forecast","productStatus":0,"productStatusName":"Operational products","productType":1,"productTypeName":"Forecast products","productDefinitionTemplate":0,"productDefinitionTemplateName":"Analysis/forecast at horizontal level/layer at a point in time","parameterCategory":2,"parameterCategoryName":"UnknownDiscipline_0_Category_2","parameterNumber":3,"parameterNumberName":"UnknownParameter_D0_C2_3","parameterUnit":"Unknown","genProcessType":2,"genProcessTypeName":"Forecast","forecastTime":240,"surface1Type":103,"surface1TypeName":"Specified height level above ground","surface1Value":10.0,"surface2Type":255,"surface2TypeName":"Missing","surface2Value":0.0,"gridDefinitionTemplate":0,"gridDefinitionTemplateName":"Latitude_Longitude","numberPoints":615,"shape":6,"shapeName":"Earth spherical with radius of 6,371,229.0 m","gridUnits":"degrees","resolution":48,"winds":"true","scanMode":64,"nx":41,"ny":15,"basicAngle":0,"lo1":47.0,"la1":41.0,"lo2":87.0,"la2":55.0,"dx":1.0,"dy":1.0}, "data":
[rows 0 to 14 of 15, columns 0 to 40 of 41]
3.1799731,2.3999732,-1.6000268,2.0799732,-0.17002685,4.339973,3.8299732,3.8999732,3.1699731,2.8199732,2.8599732,2.689973,1.6899731,0.21997315,-1.1400268,-3.1800268,-2.240027,-3.4400268,-4.760027,-3.530027,-3.6300268,-2.8700268,-3.1200268,1.2399732,5.9399734,4.2299733,0.9399731,3.5499732,-1.6000268,-4.740027,-3.060027,-3.520027,1.2599732,-10.670027,-8.4500265,-7.180027,-7.7500267,-6.920027,-2.8800268,-3.550027,-5.400027
-2.230027,-2.1000268,2.939973,1.8999732,-1.0900269,-4.860027,4.1699734,3.8099732,3.8099732,3.5899732,2.239973,2.509973,2.1499732,0.42997316,-0.70002687,-1.3800268,-0.97002685,-2.3300269,-3.1200268,-4.2900267,-4.4800267,-5.570027,-3.310027,-1.5700269,0.8199732,2.5699732,-0.30002686,-1.2400268,0.42997316,2.3399732,1.0599731,-1.1900269,-1.3600268,-2.5900269,-2.0700269,-4.3100266,-4.5000267,-5.920027,0.66997313,0.52997315,-3.010027
-2.9400268,5.659973,5.339973,2.3499732,0.54997313,4.2499733,3.939973,4.359973,4.7099733,4.449973,3.209973,1.5299731,1.0099732,-0.60002685,-0.49002686,-1.1300268,-1.9200269,-2.6900268,-3.230027,-4.600027,-4.870027,-2.250027,-5.0800266,-0.71002686,-3.6100268,-1.5400269,-2.6000268,-2.810027,-3.2100267,-0.58002687,-2.310027,-1.6000268,-1.8900268,0.12997314,1.7999731,0.38997313,-3.240027,-5.400027,-2.6700268,2.989973,-0.59002686
5.629973,7.009973,5.739973,4.949973,3.269973,4.619973,4.399973,4.9599733,4.449973,3.989973,3.259973,0.38997313,-2.1600268,-4.010027,-0.65002686,0.60997313,-1.1700269,-1.8600268,-3.6300268,-3.230027,-4.2100267,-4.510027,-1.2800269,-3.4600267,-3.970027,-3.2100267,-2.6200268,-1.3200269,-0.7600269,-0.8700268,3.1799731,-2.6855469E-5,1.0299731,1.7599732,0.33997315,0.40997314,-0.74002683,0.65997314,-1.4400269,-4.010027,-5.3300266
6.469973,6.9599733,7.029973,1.4399731,-2.3800268,4.009973,2.9299731,3.519973,3.3899732,3.5899732,3.5699732,3.989973,2.5499732,0.06997314,-2.800027,-1.0600269,0.8799732,0.8699731,-0.7500269,-1.5200268,-0.5700269,-2.030027,-0.18002686,-1.7900269,-2.3200269,-3.3600268,-1.5200268,-6.200027,-1.9300269,0.90997314,-2.4000268,-4.5600266,-1.9500269,-1.9000268,-0.040026855,1.9799732,1.8699732,-4.0600266,-3.970027,-4.950027,0.29997313
6.679973,6.849973,2.989973,0.37997314,-0.77002686,-1.8300269,0.32997313,2.739973,2.769973,2.499973,2.479973,2.199973,6.4999733,5.129973,1.8899732,0.18997315,0.9399731,0.89997315,0.23997314,0.16997315,1.3299731,0.85997313,-1.2400268,-0.37002686,-0.41002685,-0.86002684,-2.5700269,0.82997316,-3.560027,-2.6100268,-0.7600269,-2.8500268,-5.2500267,-1.3500268,-0.79002684,0.23997314,-1.9900268,-2.1800268,-4.5400267,1.9099731,2.5499732
8.119973,7.599973,7.639973,5.589973,4.1699734,4.049973,2.719973,2.4099731,1.7399732,1.2899731,1.6899731,1.3499732,1.7299732,1.0899731,7.899973,5.659973,1.3799732,1.5999732,1.1599731,1.0699731,0.52997315,1.2999731,2.3499732,2.4199731,2.0499732,-0.67002684,-0.40002686,1.0899731,1.5899731,2.249973,1.9899732,0.70997316,5.129973,-1.0200268,-3.250027,0.23997314,2.1299732,-1.9600269,-2.260027,-0.70002687,-8.410027
1.7899731,4.159973,4.379973,3.6199732,2.1399732,1.3899732,2.4099731,1.8999732,1.4199731,0.90997314,0.49997315,-0.22002685,0.019973144,-0.78002685,0.79997313,1.6699731,1.9999732,-0.77002686,0.65997314,-0.090026855,0.75997317,-0.10002685,2.3599732,2.509973,1.6999731,-0.48002684,1.4099731,1.3499732,1.1699731,-0.85002685,0.53997314,1.6399732,0.41997313,0.6899731,1.2499732,-0.90002686,-1.3300269,0.40997314,0.22997314,3.269973,-1.6900269
3.3199732,3.6799731,3.0599732,2.8599732,2.949973,2.019973,1.7599732,1.9399731,0.059973143,-0.83002687,-1.3300269,-1.6700269,-2.3900268,-2.490027,0.90997314,3.199973,3.9099731,2.3499732,4.699973,2.279973,1.2999731,4.119973,3.3299732,2.8799732,2.3099732,2.5499732,2.5499732,3.199973,1.8999732,1.9399731,-0.33002687,2.5699732,1.9899732,-2.7100267,-0.95002687,-1.6700269,-0.9300268,-1.0400269,-4.610027,-2.720027,-0.59002686
4.3099732,3.5799732,3.019973,2.2899733,1.7899731,1.9599731,0.7399731,-0.27002686,-0.95002687,-1.6400268,-2.4500268,-3.030027,-4.300027,-2.970027,-2.560027,-0.28002685,3.769973,5.6699734,4.9799733,4.9399734,4.409973,5.319973,2.209973,1.5199732,3.259973,2.9099731,2.509973,2.8899732,4.319973,2.4099731,3.0599732,0.84997314,-1.2100269,0.42997316,-3.540027,-1.0200268,-1.7400268,0.95997316,0.33997315,-0.39002687,-1.2900269
2.489973,1.5999732,1.2999731,0.9299731,0.75997317,-0.08002686,-1.8700268,-2.6200268,-3.1300268,-4.510027,-3.550027,-4.490027,-4.150027,-2.1100268,-1.5200268,-4.110027,-2.480027,3.6599731,6.7499733,4.4599733,3.999973,6.319973,6.579973,6.239973,5.2099733,6.139973,5.069973,3.8899732,4.7899733,3.7999732,1.3599732,5.319973,3.3299732,1.1199732,-0.41002685,-3.290027,0.44997314,-0.32002684,-2.530027,-0.61002684,0.039973143
1.6899731,-0.89002687,-3.010027,-2.9600267,-1.6600269,-3.230027,-2.250027,-3.8300269,-4.2100267,-3.750027,-2.770027,-2.4500268,-3.030027,-3.9200268,-4.9600267,-6.490027,-4.880027,-1.7000269,-1.0800269,-0.010026855,3.469973,3.6699731,2.989973,3.5599732,4.639973,5.009973,5.679973,2.199973,4.239973,2.239973,3.489973,3.3999732,1.5799731,1.4499731,1.3999732,0.21997315,-3.8800268,-1.2400268,0.53997314,-0.91002685,-0.31002685
-2.470027,-2.810027,-2.040027,-0.16002685,-0.5700269,-4.400027,-4.9400268,-2.990027,-2.220027,-0.49002686,0.12997314,-3.1900268,-4.840027,-4.490027,-5.180027,-5.720027,-5.490027,-3.060027,-2.040027,-0.47002685,3.1199732,4.829973,6.6699734,6.579973,5.719973,6.179973,6.379973,5.879973,5.279973,3.8999732,5.029973,4.9999733,5.109973,3.6199732,-0.20002685,1.3599732,0.33997315,-0.66002685,1.1299732,2.949973,1.0099732
-3.5800269,-4.6900268,-4.530027,-3.9200268,-2.500027,-1.1300268,-2.6855469E-5,0.09997314,-3.1000268,-3.5700269,-2.050027,-2.530027,-4.900027,-5.160027,-3.8300269,-3.520027,-3.4200268,-3.4500268,-1.4600269,-0.67002684,2.279973,3.229973,2.9199731,2.1699731,5.619973,4.989973,4.9799733,0.58997315,3.3999732,2.8199732,0.29997313,1.6799731,2.3899732,2.0399733,1.6299732,0.40997314,3.1799731,1.2499732,1.0299731,3.3799732,3.8599732
-0.77002686,0.20997314,1.0299731,0.31997314,-0.13002686,-1.0200268,-2.3500268,-4.2900267,-5.0200267,-3.6700268,-2.9400268,-3.800027,-3.040027,-2.8400269,-5.930027,-4.0600266,-2.050027,-3.0700269,-1.4900268,0.8699731,1.6999731,2.8499732,3.0899732,4.389973,4.389973,3.969973,5.129973,5.4399734,4.119973,1.9499731,4.2699733,3.4099731,1.4099731,3.959973,3.6599731,2.479973,3.1699731,3.9099731,2.8899732,3.1099732,3.199973
