wind_kz.json
{"header": {"discipline":0,"disciplineName":"Meteorological products","gribEdition":2,"gribLength":1025,"center":7,"centerName":"US National Weather Service - NCEP(WMC)","subcenter":0,"refTime":"2023-09-24T06:00:00.000Z","significanceOfRT":1,"significanceOfRTName":"Start of forecast","productStatus":0,"productStatusName":"Operational products","productType":1,"productTypeName":"Forecast products","productDefinitionTemplate":0,"productDefinitionTemplateName":"Analysis/forecast at horizontal level/layer at a point in time","parameterCategory":2,"parameterCategoryName":"UnknownDiscipline_0_Category_2","parameterNumber":3,"parameterNumberName":"UnknownParameter_D0_C2_3","parameterUnit":"Unknown","genProcessType":2,"genProcessTypeName":"Forecast","forecastTime":300,"surface1Type":103,"surface1TypeName":"Specified height level above ground","surface1Value":10.0,"surface2Type":255,"surface2TypeName":"Missing","surface2Value":0.0,"gridDefinitionTemplate":0,"gridDefinitionTemplateName":"Latitude_Longitude","numberPoints":615,"shape":6,"shapeName":"Earth spherical with radius of 6,371,229.0 m","gridUnits":"degrees","resolution":48,"winds":"true","scanMode":64,"nx":41,"ny":15,"basicAngle":0,"lo1":47.0,"la1":41.0,"lo2":87.0,"la2":55.0,"dx":1.0,"dy":1.0}, "data":
[rows 0 to 14 of 15, columns 0 to 40 of 41]
-0.7944775,-2.6544776,0.7055225,6.025522,2.7255225,-0.6144775,-1.5944775,-2.5944777,-2.3744776,-1.5544776,2.3355224,3.1755226,3.1455224,2.0555224,0.13552245,-2.5144775,-4.2844777,-6.4644775,-2.1944776,-3.7544775,-5.224478,-5.9044776,-3.3244774,1.1955224,-1.7544775,1.0255225,0.71552247,1.9755225,1.4255224,3.8455224,1.6755224,0.7555225,-0.24447754,0.38552245,1.2455225,1.1255225,0.09552246,-0.26447755,-0.41447753,-0.46447754,0.42552245
4.1855226,1.4455224,3.0555224,2.2755225,0.6355225,-0.35447752,-1.1544776,-0.94447756,-1.3044776,-2.2544775,-2.3144774,-0.7944775,3.1855226,3.2655225,1.5855224,0.8955225,-1.0344776,-2.4544775,-7.7044773,-1.7544775,-5.6044774,-6.7344775,-3.6444776,0.78552246,2.1155224,2.5555224,-0.6144775,2.8855224,-0.50447756,1.1355225,0.99552244,4.1755223,1.0455225,0.005522461,-3.6144776,-0.16447754,-1.1044775,-0.9844775,-0.26447755,-1.8444775,0.85552245
0.05552246,6.3855224,3.2755225,1.6855224,0.85552245,0.15552247,-0.95447755,-0.8044775,-1.6244775,-1.1544776,0.05552246,-1.1144775,-0.7444775,2.1355224,3.9155226,3.8855224,2.7855225,0.53552246,-5.6344776,-6.7044773,1.3655225,-7.1344776,-5.0244775,2.4655225,-0.9244775,-0.20447753,0.14552246,1.2755225,0.38552245,2.4155226,2.5355225,0.90552247,1.8055224,-0.62447757,-0.7944775,3.2255225,4.1855226,0.12552246,-0.014477539,-0.014477539,0.7655225
1.4455224,4.6755223,2.4855225,0.91552246,1.1755224,1.0255225,0.60552245,-0.6044775,-1.4744775,-1.2844776,-1.2944776,1.7055224,-0.31447753,-2.2144775,-1.4644775,2.3155224,4.2255225,4.1755223,1.3255224,-3.7644775,-4.9344773,1.9755225,-5.9144773,-5.8944774,-4.1344776,-4.1244774,-2.3944776,-0.39447755,-0.28447753,-2.5844774,-0.47447753,-1.1244775,-1.3444775,-1.4444776,-0.6644775,-3.1444776,-1.2544775,2.2255225,4.2255225,2.1155224,1.4155225
0.41552246,1.0755224,2.3455224,2.9755225,3.0755224,2.2955225,1.5055225,1.8155224,0.65552247,-0.15447754,0.20552246,0.025522461,2.0655224,1.2355225,0.85552245,0.73552245,2.9155226,3.4655225,1.9755225,1.2355225,-2.9244776,-1.5544776,2.6655226,-0.24447754,-4.1244774,-2.2844775,-1.4144776,-3.5244775,-1.3844775,-3.4244776,0.60552245,1.3955225,2.2555225,2.7355225,-1.0044775,-0.87447757,-0.23447753,0.33552247,0.48552245,2.0855224,2.7655225
-3.8844776,-1.8644775,-3.8744776,-4.8844776,-0.50447756,-0.15447754,1.3855225,1.1155225,1.4955225,0.8955225,0.86552244,0.13552245,-1.3444775,-1.4144776,-1.7344775,1.0555224,3.3655224,4.1055226,4.0355225,2.1055224,-0.124477535,-1.3844775,1.5755224,1.6755224,-0.24447754,-0.65447754,-1.8744775,-3.9244776,-1.2844776,-0.52447754,0.62552243,0.5155225,0.17552246,-2.2544775,1.9155225,0.06552246,3.0955224,1.6355225,-0.08447754,-3.3844776,-2.3144774
-0.83447754,-3.0544775,-3.5044775,-2.4144776,-2.4844775,-3.6944776,-1.2144775,0.45552245,1.0655224,-0.07447754,0.6955225,-0.26447755,-1.4444776,-0.9144775,-0.21447754,0.09552246,1.1555225,1.7555225,3.0755224,1.3755225,0.93552244,-0.53447753,-0.06447754,-0.9144775,-1.2144775,-0.59447753,-0.88447756,1.9255224,2.2755225,2.1055224,1.5955224,-1.3444775,-2.7244775,-0.69447756,-0.81447756,-1.0944775,-2.9944775,0.11552246,-0.9744775,0.35552245,-2.2244775
-0.48447755,-0.41447753,-1.0644776,-0.49447754,-2.0044775,-4.2044773,-4.6644773,0.65552247,0.8255225,-0.014477539,-0.78447753,-1.9344776,-0.93447757,-2.8744776,-4.6944776,-2.1744776,-2.7144775,2.7055225,2.9855225,3.2955225,3.0055225,2.2555225,1.5655224,-0.22447754,0.5155225,0.8255225,0.87552243,-0.43447754,2.5655224,2.8555224,1.3955225,1.0655224,-0.14447755,-1.9944775,0.25552246,-0.09447754,-1.4444776,-1.9244776,-0.06447754,1.7455225,-0.27447754
-0.78447753,-0.11447754,-1.2644775,0.17552246,-0.41447753,-2.2344775,-2.8144774,-3.2144775,0.14552246,0.54552245,-0.15447754,0.13552245,-0.7444775,-0.43447754,-2.2144775,-2.5444775,-5.0144777,-3.4144776,3.9955225,3.8855224,3.5555224,2.4555225,1.9355224,1.9355224,1.6555225,2.9055223,2.5955224,2.7855225,2.9755225,2.3555224,3.9855225,2.9355226,2.9655225,1.4855225,1.4455224,1.1255225,-1.8144776,-0.27447754,1.0455225,0.06552246,-1.8344775
-2.6744776,-1.9344776,-2.4244776,-1.9244776,-1.7344775,-2.4344776,-3.1644776,-2.2744775,-2.3144774,-0.37447754,1.3655225,1.2955225,1.5855224,0.80552244,1.0955224,1.6355225,-1.1244775,-2.7444775,-2.5044775,-0.7444775,1.2555225,2.0455225,0.59552246,1.1655225,3.2855225,1.7855225,4.1755223,3.5455225,3.0155225,2.4655225,4.6755223,2.8155224,2.9955225,2.3855224,1.0455225,1.0655224,0.45552245,-1.7144775,1.3655225,4.3055224,3.1555223
-2.1844776,-2.3944776,-0.05447754,-1.6944776,-1.8444775,-1.0344776,-2.2044775,-2.7344775,-2.9044776,-1.0844775,1.7055224,3.0555224,2.5355225,1.3355224,-1.2744775,0.21552247,2.1455224,-0.28447753,-2.8144774,-1.9644775,1.2455225,5.0955224,3.6455224,3.6955225,2.0855224,1.3255224,-0.22447754,-0.11447754,0.045522463,2.3755224,2.6655226,2.5155225,2.3355224,2.2555225,2.4955225,1.0055225,1.2655225,2.2055225,1.5455225,0.5055225,0.18552247
-1.2044775,-2.2744775,-2.2944775,-2.1244776,-1.5944775,-1.5844775,-2.8644776,-2.5344775,-3.2844775,-1.6544776,0.34552246,-0.63447756,0.5055225,2.4755225,0.79552245,-0.9744775,0.8255225,0.46552247,-0.23447753,-3.8344774,-3.9744775,-2.1844776,-0.47447753,0.37552246,0.68552244,0.87552243,1.8855225,1.8655225,1.5855224,1.6355225,2.1555223,2.9055223,2.0655224,2.4155226,2.2455225,2.5055225,2.2655225,1.8255224,1.2755225,1.4955225,1.2055224
-1.0744776,0.24552245,-1.3944775,-1.5244775,-1.6344775,-1.1244775,-0.90447754,-2.1744776,-2.9444776,-1.6344775,-0.08447754,-0.22447754,0.38552245,0.37552246,0.61552244,0.19552246,1.0255225,0.86552244,2.1755226,-0.31447753,-2.0344775,-2.0644774,0.45552245,0.48552245,1.6155225,1.0955224,0.36552247,1.5755224,2.8755224,3.6155224,3.6255224,3.1055224,2.2955225,1.8655225,2.2655225,2.8655224,2.7655225,1.6855224,2.4355226,2.4955225,2.0055225
-1.8644775,-1.0644776,-1.0344776,-1.8244776,-2.5744774,-1.1844776,-2.0844774,-0.9744775,-0.45447755,-1.2544775,-0.31447753,-0.36447755,-0.84447753,-2.0844774,-1.8444775,0.015522461,0.81552243,2.6155224,2.1355224,2.2655225,1.1955224,1.0755224,1.5255225,1.7655225,2.0755224,1.3855225,1.4655224,1.6955224,2.3955224,2.5655224,2.6055224,2.3755224,1.4455224,0.86552244,1.2455225,2.8855224,2.1355224,2.2455225,2.1455224,2.1355224,2.3755224
-0.7944775,-2.1444776,-0.59447753,-0.08447754,-0.77447754,-1.6444775,-1.4944775,-1.6844776,-3.0944777,0.21552247,0.62552243,1.6855224,0.67552245,-1.2544775,-0.9244775,-2.3944776,-0.7244775,0.30552247,2.1355224,2.2655225,1.3055224,0.84552246,0.7655225,2.0855224,2.4455225,2.5455225,2.2855225,2.4155226,2.8355224,2.4755225,2.1055224,3.0855224,1.7255225,2.4055223,2.9455225,2.6755226,2.7455225,2.7155225,2.5555224,3.1155224,1.9355224
