wind.json
{"header": {"discipline":0,"disciplineName":"Meteorological products","gribEdition":2,"gribLength":1125,"center":7,"centerName":"US National Weather Service - NCEP(WMC)","subcenter":0,"refTime":"2023-06-28T18:00:00.000Z","significanceOfRT":1,"significanceOfRTName":"Start of forecast","productStatus":0,"productStatusName":"Operational products","productType":1,"productTypeName":"Forecast products","productDefinitionTemplate":0,"productDefinitionTemplateName":"Analysis/forecast at horizontal level/layer at a point in time","parameterCategory":2,"parameterCategoryName":"UnknownDiscipline_0_Category_2","parameterNumber":2,"parameterNumberName":"UnknownParameter_D0_C2_2","parameterUnit":"Unknown","genProcessType":2,"genProcessTypeName":"Forecast","forecastTime":240,"surface1Type":103,"surface1TypeName":"Specified height level above ground","surface1Value":10.0,"surface2Type":255,"surface2TypeName":"Missing","surface2Value":0.0,"gridDefinitionTemplate":0,"gridDefinitionTemplateName":"Latitude_Longitude","numberPoints":688,"shape":6,"shapeName":"Earth spherical with radius of 6,371,229.0 m","gridUnits":"degrees","resolution":48,"winds":"true","scanMode":64,"nx":43,"ny":16,"basicAngle":0,"lo1":45.0,"la1":40.0,"lo2":87.0,"la2":55.0,"dx":1.0,"dy":1.0}, "data":
[rows 0 to 15 of 16, columns 0 to 42 of 43]
-5.634809,-1.414809,0.27519104,-6.724809,-2.944809,-3.584809,-5.064809,-3.7948089,-1.084809,-4.754809,-4.924809,-5.054809,-4.674809,-4.004809,-2.3048089,-3.114809,-3.994809,-0.52480894,0.39519104,-0.994809,-2.5448089,-0.65480894,-3.5548089,0.74519104,0.33519104,0.19519104,0.06519104,-0.59480894,0.21519104,1.565191,2.035191,0.98519105,0.47519103,-0.44480896,-1.194809,-1.1148089,-0.554809,-0.27480897,5.195191,3.735191,1.615191,2.475191,1.315191
2.575191,3.275191,-4.474809,-1.154809,2.565191,-5.004809,-4.144809,-3.004809,1.415191,3.365191,-2.984809,-3.344809,-3.694809,-2.744809,-4.604809,-5.534809,-3.894809,-2.744809,-4.344809,-5.194809,-6.054809,-3.874809,-2.994809,-0.544809,0.54519105,-1.444809,1.1551911,-1.714809,-3.984809,0.10519104,3.2051911,0.955191,1.935191,-0.21480896,-0.924809,-1.084809,2.915191,1.095191,2.4351912,5.675191,5.5651913,1.7651911,-0.63480896
-0.11480896,-2.474809,2.7051911,2.6951911,-5.544809,-5.244809,-3.234809,-1.9848089,1.9951911,-0.00480896,2.975191,0.15519103,-2.344809,-4.1648088,-5.194809,-4.604809,-2.614809,-3.944809,-4.264809,-6.604809,-3.664809,-1.524809,0.12519103,-3.344809,-2.734809,-3.3048089,-0.02480896,0.38519105,-1.0048089,-0.53480893,1.355191,0.15519103,1.345191,0.46519104,-0.11480896,-1.944809,-0.17480896,1.345191,0.42519104,0.77519107,5.255191,2.155191,2.2051911
0.19519104,0.81519103,1.2551911,-1.9948089,-4.814809,-3.0348089,-0.554809,1.2751911,1.695191,6.965191,-4.014809,-3.724809,-8.614809,-7.234809,-5.124809,-4.374809,-3.824809,-2.474809,-5.024809,-4.334809,-0.69480896,0.36519104,-2.344809,-4.124809,-2.7948089,-3.934809,-2.504809,-2.0648088,0.91519105,3.2051911,1.5051911,-0.16480896,0.705191,2.385191,0.28519103,-0.56480896,1.485191,1.035191,0.20519105,-0.69480896,4.185191,-1.204809,1.475191
-4.534809,-4.464809,-4.144809,-7.194809,-7.494809,-4.9348087,-6.004809,-3.524809,-0.37480897,-2.0348089,-4.004809,-7.544809,-6.424809,-5.714809,-5.554809,-5.6848087,-2.714809,0.19519104,-3.134809,-3.924809,-2.7948089,-0.19480896,-0.81480896,-2.244809,0.78519106,-1.3648089,-1.644809,1.465191,-0.65480894,-4.734809,-1.584809,-0.59480894,7.365191,4.775191,2.785191,1.425191,-0.984809,-1.834809,0.32519105,1.545191,0.79519105,0.585191,2.325191
-3.384809,-3.854809,-5.904809,-5.644809,-4.034809,-3.224809,-1.954809,-0.89480895,0.84519106,2.005191,-1.774809,-2.424809,-5.704809,-4.574809,-4.774809,-4.544809,-3.3148088,-3.094809,-5.604809,-2.754809,-2.764809,-1.934809,-0.19480896,-2.264809,-4.154809,-5.524809,-3.174809,-3.024809,-4.314809,0.65519106,3.355191,3.635191,3.495191,0.37519103,-2.004809,1.545191,3.255191,2.265191,2.825191,2.305191,1.7451911,2.355191,1.545191
-3.0648088,-2.644809,-3.504809,-3.074809,-0.47480896,1.685191,3.085191,5.855191,3.395191,3.355191,2.285191,-5.204809,-6.574809,-5.154809,-3.5348089,-5.954809,-5.884809,-5.774809,-5.074809,-2.984809,-2.184809,-0.27480897,1.3951911,-7.884809,-5.054809,-3.354809,-3.0548089,-3.604809,0.27519104,-1.154809,1.705191,-0.51480895,-0.794809,3.065191,4.125191,1.2551911,-0.01480896,-1.314809,0.14519104,2.105191,-1.6248089,-7.644809,-5.714809
-3.574809,-2.524809,-3.024809,-1.7548089,-1.1048089,0.955191,1.845191,1.965191,2.4451911,1.585191,-8.694809,-9.494809,-5.734809,-6.774809,-6.794809,-6.544809,-5.424809,-5.4348087,-3.074809,-2.744809,-3.074809,-2.334809,-3.914809,-5.974809,-5.234809,-4.824809,-2.8148088,0.25519103,-0.544809,-0.32480896,-0.13480896,-5.804809,-0.12480896,-2.094809,1.555191,0.00519104,-2.514809,-2.484809,-1.314809,2.635191,-0.69480896,0.92519104,3.9651911
-3.474809,-3.404809,-2.774809,-1.884809,-1.214809,0.52519107,-0.32480896,-4.154809,-6.734809,-7.874809,-7.614809,-7.174809,-8.094809,-7.624809,-6.784809,-5.254809,-3.0448089,-3.904809,-3.744809,-3.184809,-2.504809,-4.384809,-5.504809,-3.604809,-1.7448089,-1.794809,-0.00480896,0.78519106,0.99519104,0.02519104,-1.054809,-6.254809,-5.354809,-1.384809,2.305191,-2.5648088,-3.334809,0.895191,1.695191,0.87519103,2.065191,3.375191,-0.984809
-1.174809,-3.404809,-3.5448089,-2.364809,-1.574809,-1.2348089,-0.30480897,-5.424809,-4.794809,-5.854809,-7.554809,-6.9348087,-6.554809,-6.6848087,-4.634809,-3.954809,-3.084809,-2.604809,-1.914809,-3.424809,-5.004809,-5.284809,-3.5548089,-3.414809,-2.914809,-0.17480896,0.33519104,-0.88480896,0.06519104,-0.65480894,-0.49480897,-2.224809,-4.124809,3.245191,3.105191,-2.194809,-2.274809,-0.21480896,0.55519104,-1.294809,-1.194809,1.085191,-1.3448089
-2.964809,-3.894809,-4.514809,-2.574809,-1.944809,-1.394809,-2.0648088,-3.894809,-4.394809,-5.444809,-6.494809,-7.344809,-6.324809,-5.494809,-4.1848087,-3.184809,-3.114809,-1.3548089,-2.524809,-4.544809,-3.0648088,-3.144809,-2.004809,-1.404809,0.12519103,0.31519103,0.98519105,-0.77480894,-0.87480897,0.04519104,-1.304809,0.84519106,0.31519103,1.035191,1.9051911,-2.904809,-1.044809,1.175191,-1.6048089,0.02519104,-2.384809,0.18519104,-0.09480896
-0.864809,-2.0448089,-3.0648088,-3.234809,-2.984809,-2.224809,-1.534809,-3.424809,-3.494809,-3.894809,-4.364809,-5.724809,-4.314809,-2.694809,-3.5448089,-3.854809,-2.714809,-0.08480896,-3.014809,-2.924809,-2.114809,-2.084809,-0.83480895,-0.46480897,-0.40480897,0.10519104,0.00519104,-0.53480893,0.85519105,0.68519104,0.755191,1.3951911,-1.134809,0.885191,-1.404809,0.10519104,0.23519105,0.12519103,-1.554809,-0.65480894,-0.674809,0.72519106,-1.214809
-1.444809,-0.83480895,-2.604809,-2.364809,-2.5448089,-3.384809,-2.274809,-2.8148088,-3.084809,-2.824809,-1.314809,-2.8148088,-2.714809,-0.38480896,-1.6048089,-1.894809,-1.824809,-2.414809,-1.634809,-1.7448089,-1.434809,-1.184809,-1.7248089,-0.37480897,0.01519104,0.20519105,0.27519104,0.43519104,1.715191,1.835191,2.035191,1.1351911,-0.72480893,0.59519106,0.585191,0.06519104,0.43519104,0.33519104,1.535191,-1.044809,-0.13480896,0.09519104,-0.10480896
1.5251911,1.2451911,-0.924809,-0.65480894,-3.504809,-2.004809,-1.834809,-0.674809,-2.0648088,-0.46480897,-1.534809,-1.164809,-0.72480893,0.87519103,0.61519104,-2.454809,-0.96480894,-0.794809,-0.37480897,-1.434809,-0.24480896,-0.604809,-1.2248089,-0.52480894,1.095191,1.0251911,2.775191,1.315191,2.345191,1.865191,2.315191,1.345191,0.24519104,0.825191,0.46519104,1.8851911,0.31519103,0.09519104,-0.22480896,-1.664809,-1.334809,0.61519104,-0.28480896
1.455191,0.28519103,0.39519104,0.22519104,0.575191,-0.52480894,-0.00480896,2.535191,1.5051911,-0.45480895,-0.13480896,-0.45480895,-0.96480894,-1.034809,0.55519104,0.45519105,1.1451911,0.17519104,1.345191,0.41519105,0.645191,0.91519105,-0.25480896,1.425191,1.5051911,0.22519104,-0.05480896,-0.20480897,0.40519103,1.545191,1.295191,1.845191,1.865191,2.015191,2.165191,0.85519105,0.71519107,-0.17480896,-1.014809,-1.7548089,-1.024809,0.85519105,0.74519104
0.07519104,-0.13480896,-0.39480895,0.01519104,1.2651911,0.28519103,1.095191,2.825191,4.555191,0.92519104,0.645191,-0.674809,-1.404809,-0.57480896,0.06519104,1.065191,1.185191,1.805191,0.34519103,1.0251911,0.41519105,0.04519104,0.86519104,0.91519105,-1.394809,-0.53480893,1.295191,1.465191,1.975191,1.7451911,1.835191,2.075191,0.66519105,0.85519105,-0.06480896,0.29519105,0.72519106,-0.21480896,-1.1048089,0.34519103,0.77519107,1.3751911,0.06519104
