wind_kz.json
{"header": {"discipline":0,"disciplineName":"Meteorological products","gribEdition":2,"gribLength":1102,"center":7,"centerName":"US National Weather Service - NCEP(WMC)","subcenter":0,"refTime":"2024-02-02T18:00:00.000Z","significanceOfRT":1,"significanceOfRTName":"Start of forecast","productStatus":0,"productStatusName":"Operational products","productType":1,"productTypeName":"Forecast products","productDefinitionTemplate":0,"productDefinitionTemplateName":"Analysis/forecast at horizontal level/layer at a point in time","parameterCategory":2,"parameterCategoryName":"UnknownDiscipline_0_Category_2","parameterNumber":2,"parameterNumberName":"UnknownParameter_D0_C2_2","parameterUnit":"Unknown","genProcessType":2,"genProcessTypeName":"Forecast","forecastTime":180,"surface1Type":103,"surface1TypeName":"Specified height level above ground","surface1Value":10.0,"surface2Type":255,"surface2TypeName":"Missing","surface2Value":0.0,"gridDefinitionTemplate":0,"gridDefinitionTemplateName":"Latitude_Longitude","numberPoints":615,"shape":6,"shapeName":"Earth spherical with radius of 6,371,229.0 m","gridUnits":"degrees","resolution":48,"winds":"true","scanMode":64,"nx":41,"ny":15,"basicAngle":0,"lo1":47.0,"la1":41.0,"lo2":87.0,"la2":55.0,"dx":1.0,"dy":1.0}, "data":
[rows 0 to 14 of 15, columns 0 to 40 of 41]
1.1773816,0.3973816,0.3473816,-2.2126184,1.9073815,1.3273816,0.2773816,-0.33261842,-3.2426183,-3.0126183,-3.5626185,-4.102618,-4.8826184,-4.4326186,-4.0026183,-3.9826183,-3.0026183,-3.0226183,-3.2926185,-3.5026183,-5.8026185,-2.4826183,-1.5026184,-2.0226183,-1.5126184,-1.8426185,-2.1526184,-1.0526184,-0.4126184,-0.032618407,1.4673816,1.1673816,0.23738159,-0.4726184,-0.9126184,-0.16261841,0.8373816,1.1273816,1.2973816,1.4673816,0.5873816
1.4973816,-0.62261844,-1.3226184,-3.4726183,-3.9626184,-3.9926183,-3.8426185,-1.7626184,-4.4226184,-4.6326184,-3.9926183,-4.3826184,-3.9126184,-4.082618,-3.2426183,-3.4426184,-3.4326184,-4.832618,-2.9226184,-3.9326184,-2.2626183,-1.1026185,-0.8626184,-2.3326185,-0.8226184,-0.5826184,-0.33261842,0.22738159,0.3773816,-0.48261842,0.3973816,0.7173816,1.2073816,0.16738158,0.117381595,1.1973816,1.0473816,1.6173816,0.9473816,0.5973816,0.027381591
-0.2026184,-3.2426183,-4.7926183,-6.102618,-5.2626185,-6.3826184,-5.5026183,-4.2126184,-5.6726184,-4.6826186,-4.0026183,-4.0526185,-2.9826183,-3.1226184,-2.8826184,-2.8626184,-3.3026185,-2.4726183,-2.0126183,-1.0826184,-1.6326184,-1.8126184,-1.4826185,-1.3326184,-0.10261841,0.22738159,-0.7026184,-1.4526184,-2.9926183,0.5773816,0.6373816,0.38738158,-0.07261841,0.8373816,0.9173816,1.2173816,1.2373816,0.14738159,-0.87261844,3.6873815,1.9873816
-3.7826185,-5.0426183,-5.1326184,-5.122618,-5.1926184,-4.082618,-1.9826185,-5.3026185,-4.5926185,-4.9926186,-5.4026184,-6.582618,-6.3626184,-6.0926185,-4.3026185,-3.4126184,-2.7926185,-2.1326184,-1.8426185,-0.5226184,-0.7326184,-0.07261841,-0.5426184,-0.7426184,1.5973816,2.2673817,1.6473815,-0.8826184,2.3773816,2.4173815,-4.7226186,-4.2626185,-3.8926184,-2.0126183,-0.8026184,-0.8426184,-0.6926184,3.0473816,0.19738159,-0.8426184,0.4773816
-2.2926185,-3.2326183,-3.1526184,-3.5526185,-3.7126184,-3.8126185,-3.0826185,-2.3826184,-3.3326185,-2.8726184,-3.5826185,-4.9826183,-4.8426185,-5.1526184,-5.1326184,-3.1026185,-2.6026185,-1.8626184,-1.4326184,-0.8426184,2.0473816,3.1873815,3.0173817,3.1673815,3.6273816,2.0273817,2.6673815,5.1373816,5.2073817,2.0873816,3.1673815,-0.5426184,0.2873816,3.2173815,-0.75261843,-0.4326184,-1.9026184,-1.8426185,-1.4926184,-0.1426184,-0.19261841
-0.012618409,-0.2726184,-0.2026184,-1.4026184,-1.5126184,-1.7126184,-2.1826184,-1.9326184,-1.4126184,-2.3626184,-2.1026185,-1.7326185,-2.1026185,-2.0926185,-1.5926185,-1.1626184,-0.8226184,0.04738159,0.29738158,-0.18261841,1.2473816,2.6773815,2.4573815,2.9873817,3.6773815,4.647382,6.0373816,4.2873816,5.0373816,3.8673816,4.2873816,6.6773815,1.8773816,1.3373816,0.99738157,-5.0926185,2.3173816,-0.6526184,-1.3226184,-0.4726184,-0.5226184
1.6673816,1.6373816,1.8973815,1.3673816,1.0773816,0.9673816,0.9073816,0.2773816,0.2573816,-0.26261842,-0.3826184,-0.5126184,0.5273816,1.4073815,1.5773816,1.8973815,1.8473816,2.3473816,1.5973816,1.9773816,2.9473815,2.9673815,2.6873815,3.5173817,4.607382,5.3473816,7.0273814,6.0473814,6.4873815,5.0973816,3.9973817,2.9973817,2.8973815,-4.2526183,-4.1626186,0.017381592,-0.7426184,1.9973816,3.6073816,2.7773817,-1.2926184
4.0173817,3.9373815,3.5073817,3.4773817,3.0773816,2.9473815,2.0073817,1.3473816,2.3373816,1.0273815,1.2073816,2.2773817,2.3873816,2.8573816,2.8173816,3.1873815,3.0173817,2.9473815,2.5173817,3.3073816,5.4473815,4.4973817,4.1973815,4.0173817,5.1873817,6.2173815,7.3273816,5.7373815,7.7973814,5.8173814,7.2473817,5.9973817,-0.5926184,2.5173817,5.8873816,-1.1726184,-5.3826184,-11.382618,-11.152618,-11.132618,-3.4926183
4.627382,5.7573814,5.7073817,5.0273814,4.6173816,4.357382,3.8873816,3.4473815,2.8073816,2.9173815,3.1073816,1.7473816,5.8373814,2.8773816,3.8573816,4.2773814,5.0173817,4.5773816,4.9273815,4.9473815,6.9473815,6.4273815,6.0073814,6.8673816,6.607382,6.1773815,7.147382,7.8173814,8.127381,9.107382,9.017382,7.627382,8.4273815,5.3173814,5.7073817,-6.1526184,0.7873816,-0.07261841,-2.2526183,-1.0826184,0.8373816
5.897382,5.5873814,5.897382,5.4973817,5.167382,4.9973817,4.147382,3.9773817,3.6973815,4.0673814,4.7973814,4.5273814,4.1973815,4.627382,5.5673814,5.877382,6.2173815,6.1173816,6.7073817,6.2673817,8.137382,9.127381,8.077381,7.377382,8.487382,8.147382,7.877382,8.327381,8.307382,9.7173815,9.4273815,7.8173814,5.3373814,7.0073814,3.2373817,2.6973815,-3.4426184,-1.1726184,2.0873816,-0.10261841,-2.1026185
5.1373816,6.1773815,5.917382,5.2673817,4.6173816,4.377382,5.0673814,5.8273816,4.2273817,2.5273817,1.9673816,6.0873814,4.3173814,6.4273815,6.627382,7.2473817,7.897382,8.207381,7.1873817,8.437382,9.687382,8.457381,8.347382,7.4573817,7.4073815,8.077381,9.387382,9.377381,9.9673815,11.257381,10.017382,8.407382,5.6873817,5.0673814,5.8173814,1.6873816,1.0073816,0.7373816,1.0973816,-0.8926184,-0.4326184
3.3673816,3.8673816,4.7473817,3.6773815,3.3073816,1.4273816,-0.4026184,-0.9326184,-0.3226184,-0.18261841,2.9673815,5.877382,3.8973815,6.857382,8.237382,8.387382,8.907382,9.817382,7.9373817,9.267382,8.567382,8.9273815,8.147382,7.5173817,8.407382,8.097382,9.227382,10.267382,10.157382,9.207381,7.8273816,8.107382,6.2873816,4.1573815,4.357382,5.857382,8.977382,7.7373815,2.1773815,1.6873816,-1.2726184
2.5873816,-0.8826184,-1.7026184,-1.6226184,-1.4826185,-1.7826184,-2.0826185,-1.0326184,-0.5926184,0.4473816,2.0373816,6.9373817,5.5973816,7.4273815,8.337381,8.097382,7.8673816,9.017382,6.9073815,8.777382,7.6773815,8.547381,8.547381,8.297381,8.057382,7.9373817,8.107382,8.637382,8.6773815,8.077381,7.7473817,6.7273817,6.6873817,6.8273816,6.917382,8.367382,8.667381,6.5973816,7.2773814,3.0473816,1.9173816
-3.1126184,-2.8426185,-3.2626183,-3.0326185,-2.0626185,-1.1426184,0.3973816,1.4173816,2.6573815,2.6773815,3.1873815,5.5673814,9.327381,8.847382,8.847382,7.6573815,7.9573817,8.227382,7.5273814,8.637382,8.047381,8.4673815,8.857382,8.397382,7.7973814,6.9873815,7.167382,7.167382,6.8273816,6.9573817,6.417382,5.9773817,5.8373814,6.377382,5.7073817,5.167382,5.5673814,7.5673814,6.8273816,3.4673815,2.0673816
-2.9326184,-2.6626184,-1.7226185,-0.5726184,0.3073816,1.0573816,2.6173816,2.4173815,3.3473816,3.1573815,3.0273817,7.0173817,6.357382,9.307382,7.2873816,6.3073816,7.1173816,8.067382,7.5073814,8.687382,8.047381,7.5773816,7.3073816,7.0073814,6.8673816,6.4073815,6.4073815,6.5573816,6.6173816,6.397382,6.2873816,6.667382,5.5273814,5.8173814,6.107382,5.9973817,5.2173815,6.8073816,6.667382,4.1373816,0.68738157
