wind_kz.json
{"header": {"discipline":0,"disciplineName":"Meteorological products","gribEdition":2,"gribLength":1025,"center":7,"centerName":"US National Weather Service - NCEP(WMC)","subcenter":0,"refTime":"2023-09-07T06:00:00.000Z","significanceOfRT":1,"significanceOfRTName":"Start of forecast","productStatus":0,"productStatusName":"Operational products","productType":1,"productTypeName":"Forecast products","productDefinitionTemplate":0,"productDefinitionTemplateName":"Analysis/forecast at horizontal level/layer at a point in time","parameterCategory":2,"parameterCategoryName":"UnknownDiscipline_0_Category_2","parameterNumber":3,"parameterNumberName":"UnknownParameter_D0_C2_3","parameterUnit":"Unknown","genProcessType":2,"genProcessTypeName":"Forecast","forecastTime":0,"surface1Type":103,"surface1TypeName":"Specified height level above ground","surface1Value":10.0,"surface2Type":255,"surface2TypeName":"Missing","surface2Value":0.0,"gridDefinitionTemplate":0,"gridDefinitionTemplateName":"Latitude_Longitude","numberPoints":615,"shape":6,"shapeName":"Earth spherical with radius of 6,371,229.0 m","gridUnits":"degrees","resolution":48,"winds":"true","scanMode":64,"nx":41,"ny":15,"basicAngle":0,"lo1":47.0,"la1":41.0,"lo2":87.0,"la2":55.0,"dx":1.0,"dy":1.0}, "data":
[rows 0 to 14 of 15, columns 0 to 40 of 41]
3.8104029,1.0504029,-3.6895971,-8.869597,-9.139597,-8.599597,-7.5495973,-5.379597,-0.6195972,3.1904027,5.7804027,5.020403,4.640403,2.8604028,3.3804028,1.7204028,0.08040283,0.14040284,-1.0795971,-1.0195972,0.49040282,-1.8395972,-0.31959715,0.9904028,2.230403,2.1204028,-1.1795971,1.0104028,-0.79959714,-1.4195971,2.1204028,3.6904027,-0.23959717,-1.2495972,-1.6395972,-1.9795972,-1.9595971,1.2404028,1.8804028,2.1904027,2.5604029
1.1504028,-2.5295973,-6.169597,-8.249598,-8.969597,-8.689597,-6.769597,-5.859597,-4.039597,1.4604028,4.830403,5.130403,3.4004028,2.0704029,2.530403,1.5304028,0.16040283,-0.52959716,-0.5195972,-0.21959716,0.9904028,-0.019597167,0.85040283,2.3504028,3.1404028,3.270403,3.2104027,3.3904028,-0.8795972,3.5804029,0.34040284,1.2804028,1.6804029,2.5704029,2.6504028,2.280403,2.8304029,1.6604028,2.0804029,1.9904028,1.1204028
-1.9595971,-4.9095974,-5.919597,-6.919597,-8.279597,-8.439597,-8.909597,-8.749598,-3.6795971,0.7304028,7.5104027,8.560403,4.850403,5.640403,4.0104027,0.9404028,-1.4995972,-2.009597,-2.6495972,0.9304028,1.7704028,-0.39959717,1.0704029,1.9404029,-0.66959715,-1.1895971,-1.7395972,-2.4195971,-1.1095972,-2.9195971,-0.8295972,1.1804029,-2.8595972,1.8104029,2.8304029,-2.3395972,-1.1695971,2.2204027,-0.26959717,3.010403,2.1404028
-3.3295972,-4.2795973,-5.149597,-5.349597,-4.559597,-8.089597,-9.159597,-10.739597,-8.739597,1.4104028,6.730403,4.870403,5.4904027,4.8204026,4.600403,4.620403,-0.32959718,-3.959597,-2.5895972,-1.0695971,2.3904028,-0.64959717,2.1004028,1.4204029,0.90040284,-0.78959715,-1.2795972,-1.9895972,-1.4995972,-2.2995973,-3.1995971,1.2104028,2.1004028,1.2404028,0.25040284,1.7204028,4.2604027,2.8604028,-4.4895973,-2.6695971,-2.3095973
-3.3795972,-4.0295973,-5.0495973,-5.1795974,-6.7195973,-4.3195972,-5.2395973,-6.5095973,-8.529597,-1.8995972,4.600403,5.120403,3.750403,3.740403,1.4004028,2.6104028,2.7204027,-3.469597,-2.7995973,-1.1595972,1.1404028,1.8404028,1.9304029,2.290403,1.9204029,0.44040284,-1.5395972,-3.0995972,-2.1595972,-3.209597,-3.2895973,-2.5895972,1.3704028,2.770403,1.8904028,1.1404028,-0.34959716,-0.21959716,-0.72959715,-1.0195972,-1.4995972
-0.77959716,-1.7595972,-2.459597,-4.329597,-6.5695972,-4.729597,-3.3895972,-4.249597,-4.109597,-3.009597,-1.5295972,0.36040282,0.5604028,0.76040286,1.4204029,2.7004027,0.8004028,-0.6195972,-2.8595972,-1.0595971,1.2904029,2.730403,3.2104027,2.9004028,1.7904029,0.6204028,-0.60959715,-3.1095972,-3.6995971,-3.499597,-3.2895973,-2.6595972,-1.9595971,-3.3395972,-3.1295972,-1.5695971,-2.1695971,-1.2195972,1.6404028,1.1504028,0.9804028
-0.5795972,-0.42959717,-2.6995971,-2.2795973,-2.229597,-3.259597,-3.3795972,-2.9495971,-1.2495972,-0.06959717,-0.91959715,-1.1795971,-1.3295971,0.49040282,3.250403,3.510403,3.270403,3.6604028,4.160403,1.3304029,1.6504028,4.2604027,4.390403,3.8604028,3.6504028,2.790403,1.3904028,-1.4795972,-2.6095972,-3.1995971,-2.6895971,-0.23959717,-2.019597,-0.8095972,0.25040284,0.52040285,2.0504029,3.4004028,0.24040283,3.0904028,-3.209597
-1.5695971,1.5404029,0.83040285,0.23040283,-0.13959716,-0.92959714,-1.5095972,-1.6695971,-0.90959716,-0.6195972,-0.39959717,-2.0695972,-1.3595972,-0.059597168,3.3804028,1.0904028,-1.2595972,4.420403,5.8404026,6.360403,2.6504028,0.27040282,1.7504028,2.4504027,3.540403,1.3904028,-1.2695972,0.30040282,-1.5595971,-1.2395972,-1.2495972,-1.4495971,-1.3695972,1.6004028,0.08040283,-1.3695972,-1.1995971,-2.0895972,1.2004029,1.1504028,0.15040283
-1.6195972,0.83040285,1.6904029,1.4204029,0.14040284,-0.5595972,0.120402835,-0.35959718,-1.9395971,-3.3095973,-2.5895972,-0.5795972,-1.7295972,-0.12959717,2.010403,3.6504028,1.2404028,2.8704028,2.240403,5.6804028,5.360403,6.000403,4.630403,3.9704027,2.1304028,2.1804028,0.27040282,-1.0195972,-0.66959715,-0.7695972,0.07040283,0.5504028,-1.7195972,0.33040282,-0.019597167,-1.0295972,2.730403,1.0304028,4.710403,3.1804028,4.120403
-2.6395972,-2.1495972,0.29040283,1.9404029,2.3704028,1.2704028,2.4304028,0.72040284,0.60040283,-1.8095971,-0.60959715,1.2604028,0.9304028,1.5804029,2.520403,2.1504028,0.6704028,-0.84959716,1.2004029,2.3404028,4.110403,4.3404026,2.8304029,4.400403,3.290403,1.6504028,0.58040285,0.040402833,0.17040282,0.27040282,0.040402833,-0.25959718,0.41040283,2.260403,1.6204028,0.90040284,0.6704028,2.7104027,3.7004027,2.6204028,2.770403
-7.4495974,-6.0295973,-3.0395973,-0.8295972,0.47040284,3.8704028,4.390403,3.4404027,1.0104028,-0.23959717,-0.6195972,0.6304028,0.36040282,1.9804028,2.250403,2.1904027,2.0804029,0.8804028,0.38040283,-0.06959717,1.1604028,2.3404028,3.0704029,2.0804029,2.020403,0.66040283,0.22040284,-0.14959717,4.0283203E-4,-0.26959717,0.31040284,1.0704029,2.2204027,3.3004029,3.290403,3.780403,2.8904028,1.8004029,2.6904027,2.5604029,1.4704028
-5.619597,-4.6995974,-4.419597,-5.249597,-2.3595972,0.48040283,4.330403,3.770403,2.730403,2.240403,1.5104028,1.4004028,2.1504028,1.9204029,2.1204028,1.8104029,3.270403,1.8804028,1.1804029,2.2004027,2.5704029,2.4004028,2.020403,1.4804028,0.59040284,-0.089597166,-1.1295972,-1.7795972,-1.9395971,-2.219597,4.0283203E-4,1.7704028,3.0804029,3.490403,4.0504026,4.9904027,4.4504027,0.6904028,-0.5195972,-1.6595972,-0.67959714
-5.209597,-6.649597,-5.089597,-3.9395971,-2.9295971,-2.509597,2.8804028,4.3004026,4.520403,3.790403,1.7404028,1.3804028,2.230403,2.730403,2.8604028,2.9104028,2.4604027,2.4504027,1.7404028,2.7204027,2.8504028,1.4304029,-0.10959717,-0.66959715,-1.7095971,-1.3895972,-1.5295972,-0.89959717,-0.8795972,-0.6195972,0.23040283,1.8004029,2.8804028,3.1404028,4.3004026,4.500403,4.7204027,2.0804029,1.5204028,-0.43959716,1.0104028
-4.939597,-5.0095973,-6.4095974,-5.349597,-4.579597,-1.8795972,0.45040283,3.2004027,3.1704028,5.8204026,2.3904028,1.8804028,2.7204027,2.8404028,3.4004028,3.290403,2.8704028,2.5904028,2.230403,2.1304028,0.95040286,0.28040284,-0.26959717,-0.5195972,-0.7095972,-1.0695971,-1.4395971,-1.2195972,-1.7495972,-0.16959716,1.1604028,3.0804029,3.9304028,3.780403,5.6804028,5.150403,3.780403,3.250403,2.490403,0.65040284,1.8104029
-3.229597,-5.309597,-6.169597,-4.9695973,-3.5895972,-1.6695971,0.120402835,0.8104028,3.3904028,3.8204029,3.250403,2.9004028,1.4704028,2.1704028,3.1704028,3.8904028,3.7204027,2.9504027,2.6204028,1.0004028,0.14040284,-0.60959715,-0.9495972,-1.3395972,-1.1395972,-1.5995972,-2.3195972,-1.2495972,-0.6995972,1.2004029,2.6004028,3.2104027,3.6104028,3.2004027,3.0504029,3.4604027,3.1304028,3.270403,3.8804028,0.8004028,0.14040284
