wind_kz.json
{"header": {"discipline":0,"disciplineName":"Meteorological products","gribEdition":2,"gribLength":1102,"center":7,"centerName":"US National Weather Service - NCEP(WMC)","subcenter":0,"refTime":"2023-09-24T00:00:00.000Z","significanceOfRT":1,"significanceOfRTName":"Start of forecast","productStatus":0,"productStatusName":"Operational products","productType":1,"productTypeName":"Forecast products","productDefinitionTemplate":0,"productDefinitionTemplateName":"Analysis/forecast at horizontal level/layer at a point in time","parameterCategory":2,"parameterCategoryName":"UnknownDiscipline_0_Category_2","parameterNumber":2,"parameterNumberName":"UnknownParameter_D0_C2_2","parameterUnit":"Unknown","genProcessType":2,"genProcessTypeName":"Forecast","forecastTime":60,"surface1Type":103,"surface1TypeName":"Specified height level above ground","surface1Value":10.0,"surface2Type":255,"surface2TypeName":"Missing","surface2Value":0.0,"gridDefinitionTemplate":0,"gridDefinitionTemplateName":"Latitude_Longitude","numberPoints":615,"shape":6,"shapeName":"Earth spherical with radius of 6,371,229.0 m","gridUnits":"degrees","resolution":48,"winds":"true","scanMode":64,"nx":41,"ny":15,"basicAngle":0,"lo1":47.0,"la1":41.0,"lo2":87.0,"la2":55.0,"dx":1.0,"dy":1.0}, "data":
[rows 0 to 14 of 15, columns 0 to 40 of 41]
-5.4690094,-1.2590094,-0.2090094,-1.7990094,-2.6690094,-1.8490094,-4.5190096,-4.3390093,-4.4890094,-4.2590094,-2.4890094,-1.8190094,-1.3990093,-1.3890094,-1.2890095,-1.2690094,-0.6090094,-2.5490093,-0.4190094,1.4309906,2.0009906,-0.7490094,2.2609906,3.2009907,1.4009906,2.2509906,2.0809906,2.7409906,0.9009906,0.9109906,1.7309906,0.8209906,-0.6690094,-0.7890094,-0.1690094,0.9809906,1.9609905,2.7609906,2.6009905,2.3109906,2.6909907
-0.1990094,-3.9190094,-4.8490095,-4.439009,-2.4190094,1.2909906,-4.209009,-4.669009,-5.209009,-4.9890094,-5.1390095,-5.7390094,-5.1090093,-4.0090094,-3.3590095,-1.6590095,0.1009906,-0.5390094,-2.6090095,-2.2590094,-0.7290094,1.9709907,2.3209906,1.5809906,1.3809906,-0.3590094,0.3309906,2.8709905,1.4609905,-0.6390094,0.0609906,0.120990604,1.9709907,-1.5690094,-0.0290094,3.7009907,1.9709907,1.7309906,1.4109906,1.0909905,4.5709906
-5.9790096,-5.439009,-6.0290093,-3.0990095,-0.2490094,-4.0990095,-4.8090096,-4.8690095,-5.689009,-6.2390094,-6.4990096,-6.5290093,-4.7690096,-5.9290094,-5.8690095,-5.7690096,-5.9790096,-4.8590093,-2.3590095,-2.3290093,-1.7690094,-6.9090095,-6.8290095,-6.6390095,-2.2590094,-2.9390094,-0.9190094,0.21099061,3.1609907,-0.1990094,0.3709906,-1.8090094,0.3909906,1.2209907,-2.4990094,-0.6690094,0.2509906,-0.6990094,3.9509907,2.7309906,1.1309906
-8.259009,-7.4490094,-4.3690095,0.0209906,-1.6990094,-4.9790096,-4.5290093,-5.3590093,-5.1590095,-5.8590093,-6.8190093,-5.9690094,-2.8890095,-1.0790094,-4.2490096,-5.8190093,-6.169009,-6.8690095,-7.0490093,-7.5490093,-8.26901,-9.219009,-5.8490095,-6.399009,-6.2790093,-6.0190096,-5.939009,-5.939009,-5.0890093,-2.8590095,0.6109906,2.1009905,6.0309906,3.0009906,3.2509906,2.5309906,-0.7990094,2.8809905,-0.4390094,-0.2890094,0.4309906
-8.06901,-6.9990096,-6.2490096,-5.3490095,-4.0290093,-5.189009,-5.0790095,-5.0290093,-4.2790093,-3.9390094,-5.1190095,-5.669009,-3.1490095,-0.5190094,1.8409905,-4.8590093,-5.3790092,-5.1290092,-5.1990094,-6.4090095,-6.959009,-6.2690096,-5.5490093,-4.7790093,-5.149009,-6.0290093,-5.7390094,-0.1490094,-4.169009,-3.3990095,-3.6190095,-2.1890094,-1.2590094,0.7509906,-1.9590094,-1.0290093,12.050991,-0.2290094,2.7209907,4.2309904,4.3609905
-6.7190094,-6.0890093,-5.419009,-4.8890095,-4.0990095,-2.4090095,-4.209009,-3.8690095,-2.8090093,-2.7790093,-2.9590094,-2.6190095,-3.5990095,-1.8090094,-1.3990093,-3.0890093,-3.4190094,-4.2790093,-4.6090093,-4.5590096,-4.959009,-4.6590095,-4.4290094,-4.2890096,-3.9590094,-4.3390093,-5.5990095,-3.1090095,-4.1990094,-4.0090094,-3.7590094,-2.6590095,-1.6490093,-0.7690094,1.8109906,0.4209906,4.8809905,8.43099,9.750991,5.8809905,2.1309905
-6.0090094,-5.5090094,-4.9690094,-4.2390094,-1.9290094,-3.7390094,-3.8390093,-3.0490093,-3.0790093,-3.0290093,-2.5990095,-2.6290095,-2.5190094,-2.6290095,-2.5790093,-2.2790093,-1.7990094,-1.6490093,-2.0290093,-3.2990093,-3.8290093,-3.7490094,-3.1090095,-2.5890093,-2.9990094,-3.2690094,-3.8290093,-1.5390095,-2.1690094,-1.8490094,0.3109906,-1.3290094,-2.9790094,-2.1790094,1.8309906,1.9409906,0.8409906,2.3209906,6.0209904,2.0209906,0.21099061
-6.2690096,-6.0690093,-5.4290094,-4.5790095,-3.8790095,-3.2890093,-2.4190094,-1.6790094,-2.4090095,-1.5790094,-1.2090094,-0.1790094,-1.2090094,-0.5490094,0.9209906,-1.0190094,-0.8790094,-0.6290094,-1.1290094,-0.8990094,-2.7590094,-1.4790094,-2.1090095,-2.1590095,-1.9490094,-1.5090094,-1.1690094,0.5109906,-0.3590094,-0.4190094,-2.5290093,0.0309906,0.5909906,-0.8390094,0.3409906,2.6309905,3.9509907,7.790991,-2.1290095,-4.2990093,-1.6490093
-6.6290092,-1.5190094,-3.3190093,-1.8490094,-2.9090095,0.2909906,-1.5890094,-1.6190094,-2.0590093,-0.5390094,0.2409906,-0.2290094,0.4209906,1.5609906,1.8309906,-0.6490094,-0.4490094,0.6809906,0.1109906,0.1109906,0.9609906,-0.4390094,-1.1390094,0.8609906,0.1709906,0.6309906,0.4509906,0.7209906,0.2709906,0.5409906,-0.9590094,-0.9990094,-0.0690094,-1.7490094,1.8409905,2.1609907,1.7009906,1.2909906,0.9309906,0.8809906,1.4009906
-2.6790094,-4.2890096,-0.7790094,-0.9590094,-0.9190094,0.6009906,-3.0990095,0.4309906,0.6109906,0.8309906,0.9409906,1.2309906,0.7609906,1.2209907,-0.9490094,-0.1490094,0.8609906,1.8909906,1.1409906,1.2409906,2.1009905,1.5809906,1.1309906,1.6009907,1.2009906,1.5009906,1.2809906,2.2209907,0.4809906,0.8109906,-2.1490095,-2.7090094,-2.5390093,-0.4590094,-0.6390094,0.7909906,0.8509906,0.3809906,-2.2290094,0.4309906,1.3809906
-0.6990094,-0.5690094,-0.4090094,-0.8790094,-1.3490094,1.0009906,0.2909906,1.5509906,0.8309906,2.7409906,3.2509906,4.5109906,0.3409906,0.9509906,0.3609906,1.4209906,1.0909905,1.5109906,2.1409905,3.1309905,3.3509905,2.9209907,2.8409905,2.3909905,2.3809905,2.1909907,2.0009906,1.0909905,1.1809906,0.4509906,-3.7290094,-3.2690094,-1.9790094,-2.8690095,-2.9790094,-1.5090094,-1.6090094,-0.3990094,0.9309906,0.3809906,-0.0590094
0.5509906,-0.0690094,-1.2190094,-1.4290094,-0.3690094,0.3509906,0.4509906,1.1909906,0.21099061,0.6209906,1.5409906,1.3309906,-0.9290094,0.6009906,1.4109906,0.8709906,1.3209906,1.7109905,1.3109906,1.8609906,2.7309906,3.3809905,3.4309907,3.5909905,3.7309906,2.3409905,2.6409905,1.8009906,0.4509906,0.2409906,-2.6790094,-2.6490095,-0.5090094,-2.5290093,-2.7290094,-2.6490095,-2.8190093,-3.0590093,-1.6790094,-0.8690094,-0.2390094
-0.9590094,-0.8190094,0.4309906,0.5009906,0.1509906,-1.0990094,-0.2890094,0.120990604,-2.4790094,-0.0190094,1.3509907,1.5709906,0.7309906,-1.2990094,0.4509906,1.7409906,2.2609906,1.8009906,2.1509905,2.8509905,3.0109906,2.9409907,3.0909905,3.1109905,3.6009905,3.5909905,2.8409905,3.2009907,1.3209906,-0.6990094,-3.0990095,-1.9190094,-2.6090095,-2.3490095,-2.0690093,-2.0690093,-1.3690094,-1.9590094,-0.4090094,0.9609906,1.6109906
0.5509906,-1.8790094,2.6909907,-0.2890094,-0.5890094,-0.6290094,-1.1790094,-0.6190094,0.4209906,-0.4090094,0.2709906,1.6509906,1.3109906,1.5509906,2.1709907,1.3209906,1.9709907,1.9609905,2.2809906,2.7609906,3.4009905,3.4809906,3.8809905,3.6309905,3.8209906,3.3509905,3.1809907,2.8709905,1.4009906,-1.8590094,-2.0890093,-1.0590094,-0.5590094,-1.3690094,-1.2990094,0.4109906,-1.3790094,9.906006E-4,1.9609905,-0.5990094,1.5209906
-0.8390094,0.3709906,-0.6290094,0.1309906,-0.0790094,0.1609906,0.2309906,0.9809906,1.0309906,1.0409906,1.2309906,1.1009907,0.4109906,2.3609905,2.2109907,2.5809906,3.6909907,2.8409905,3.2109907,3.5709906,3.3809905,2.5709906,2.9409907,3.2109907,3.7609906,4.0009904,3.8809905,3.3009906,1.7409906,-1.6190094,-1.5690094,-1.6090094,-0.4690094,-1.0290093,-0.3090094,-1.3590094,0.6209906,0.0309906,-0.0790094,2.5809906,-1.3390094
