wind_kz.json
{"header": {"discipline":0,"disciplineName":"Meteorological products","gribEdition":2,"gribLength":1025,"center":7,"centerName":"US National Weather Service - NCEP(WMC)","subcenter":0,"refTime":"2023-10-04T18:00:00.000Z","significanceOfRT":1,"significanceOfRTName":"Start of forecast","productStatus":0,"productStatusName":"Operational products","productType":1,"productTypeName":"Forecast products","productDefinitionTemplate":0,"productDefinitionTemplateName":"Analysis/forecast at horizontal level/layer at a point in time","parameterCategory":2,"parameterCategoryName":"UnknownDiscipline_0_Category_2","parameterNumber":3,"parameterNumberName":"UnknownParameter_D0_C2_3","parameterUnit":"Unknown","genProcessType":2,"genProcessTypeName":"Forecast","forecastTime":60,"surface1Type":103,"surface1TypeName":"Specified height level above ground","surface1Value":10.0,"surface2Type":255,"surface2TypeName":"Missing","surface2Value":0.0,"gridDefinitionTemplate":0,"gridDefinitionTemplateName":"Latitude_Longitude","numberPoints":615,"shape":6,"shapeName":"Earth spherical with radius of 6,371,229.0 m","gridUnits":"degrees","resolution":48,"winds":"true","scanMode":64,"nx":41,"ny":15,"basicAngle":0,"lo1":47.0,"la1":41.0,"lo2":87.0,"la2":55.0,"dx":1.0,"dy":1.0}, "data":
[rows 0 to 14 of 15, columns 0 to 40 of 41]
-2.0927625,1.1572375,-2.7527626,1.4272375,7.4272375,3.7972376,3.1572375,2.2772377,1.8072375,-1.0327624,-1.2827624,0.75723755,-0.08276245,-0.21276245,-0.80276245,1.4072375,3.3472376,1.9672376,3.5772376,0.48723754,1.3372376,1.0472375,0.89723754,1.0172375,1.3372376,0.47723755,1.8872375,1.0272375,-1.1227624,2.6572375,2.1172376,2.3772376,0.58723754,-2.1727624,-3.5527625,-0.11276245,0.9072375,-0.15276246,0.20723754,0.42723754,-0.18276244
1.7972375,-3.1027625,-9.622763,4.1072373,9.367237,5.5472374,3.8272376,2.9572375,1.9472375,0.19723755,-0.34276244,1.1172376,0.35723755,-0.43276244,-2.3227625,0.71723753,1.1472375,1.8672376,2.9972374,3.6872375,1.9972376,1.2972375,-0.04276245,0.09723755,1.5472375,1.6972375,2.5072374,0.96723753,-0.36276245,2.1172376,-0.9627625,0.9872376,1.5672375,3.2672377,2.2572374,0.63723755,0.30723754,1.6672375,0.9772375,0.86723757,-0.31276244
-5.4427624,-10.102762,-4.0027623,4.6072373,6.1272373,5.7572374,3.8172376,4.8872375,3.5772376,1.3572376,-0.08276245,-0.32276246,0.19723755,-0.5927625,-1.8327625,-0.93276244,3.4772375,0.63723755,2.0072374,3.1072376,3.6172376,3.4072375,2.0772376,1.8072375,-0.8327625,-1.1527624,-0.63276243,-1.4927624,-0.86276245,-1.2727624,-0.63276243,0.9772375,-2.7227623,1.1972375,0.39723754,-3.4727623,-1.4627625,2.2072375,-0.6427624,2.9872375,1.9072375
-3.7127624,-7.7327623,-9.112762,1.3872375,5.4872375,5.7972374,5.4872375,5.7172375,5.1572375,3.6772375,1.4772376,0.88723755,-1.4927624,-1.1127625,-2.6327624,-2.7727625,1.7872375,2.2572374,1.6472375,1.1672375,-2.2427626,4.9272375,2.5572376,4.2572374,2.5872376,3.1172376,3.4472375,1.4472375,0.47723755,0.037237547,4.4772377,-0.15276246,2.2872376,-0.39276245,2.7572374,1.7572376,3.1272376,1.9272375,-3.1027625,-2.4527624,-2.5827625
-3.7627625,-4.1727624,-0.11276245,-6.9927626,3.6272376,4.8572373,5.4772377,5.4572377,6.2572374,5.2872376,3.7072375,2.2372375,0.63723755,-0.73276246,-1.8227625,-1.8827624,-1.8127625,-1.1327624,-0.002762451,-0.6527625,-2.3127625,0.75723755,0.39723754,3.0772376,2.9172375,3.5472376,3.9172375,2.6572375,1.2672375,4.1772375,1.9472375,-0.022762451,-1.4927624,-0.36276245,0.83723754,1.5372375,1.7672375,-0.08276245,-2.2927625,-3.3227625,-3.4527624
-3.5727625,-1.0527625,1.3272376,0.14723755,-1.3827624,6.3672376,5.8472376,6.1572375,6.3072376,6.2072377,4.5272374,3.3072376,1.9872376,-0.62276244,-0.45276245,-0.9627625,-1.5427624,-1.5527625,0.26723754,-1.5527625,-4.0327625,-0.5927625,-0.54276246,1.4972376,3.1772375,3.9972374,2.7172375,3.2572374,5.2972374,2.4072375,-0.8927624,-0.31276244,-0.18276244,-0.15276246,-2.3227625,-0.40276244,-2.8827624,-2.7427626,1.7672375,-0.22276245,-2.8527625
-4.1727624,-2.7527626,-0.09276245,1.8572376,1.6972375,3.4672375,7.8872375,6.8372374,6.2172375,5.9672375,5.6772375,4.1772375,3.5972376,1.5472375,-0.28276244,-0.7627624,-0.35276246,-1.7127625,-2.8327625,-1.1927625,-5.0527625,-0.7727625,1.5472375,1.0872376,1.7272376,4.5572376,4.3672376,3.7772377,2.4272375,1.9172375,2.0972376,2.9772375,0.33723754,-0.47276247,1.9872376,1.4572376,-1.7627624,3.0572376,-0.47276247,2.1972375,-1.1727624
-4.7927623,-2.8027625,-0.87276244,-0.41276246,3.6172376,4.4272375,6.4972377,7.0872374,7.2572374,6.0772376,5.7372375,5.6572375,4.6772375,3.8872375,1.4572376,0.05723755,-1.0127624,-0.32276246,-1.2827624,-3.5927625,-5.0727625,-1.7527624,-0.34276244,2.0972376,4.4972377,5.6672378,6.3472376,4.5872374,3.1372375,1.8172375,2.5872376,0.43723756,0.31723756,3.1272376,1.9072375,-0.052762453,-0.022762451,1.4972376,-0.08276245,0.70723754,0.44723755
-3.4927626,-4.7827625,-1.9427625,-0.53276247,2.7272375,6.9172378,8.557238,8.077237,6.8072376,5.5372376,5.0172377,5.1972375,4.0872374,4.3172374,2.7172375,1.4772376,0.5472376,-0.15276246,0.28723755,-0.31276244,-2.4327624,-3.1327624,-0.79276246,0.27723753,3.1672375,5.4872375,5.1072373,5.6872377,4.8772373,3.1672375,3.2172375,2.2672377,0.6672375,-0.15276246,3.3772376,4.3272376,2.1672375,-0.19276245,1.5272375,1.5172375,0.61723757
-3.2427626,-2.9527624,-2.3127625,-0.35276246,1.7072376,6.6272373,6.647238,6.8272376,6.7272377,6.1072373,5.9272375,4.9672375,3.7172375,2.0672376,2.4272375,1.6172376,0.94723755,1.2272376,1.1972375,0.35723755,-1.9027624,-2.3727624,-0.7027624,0.44723755,1.7572376,4.7772374,4.6972375,4.7272377,4.0872374,3.2872376,3.7072375,3.2672377,2.0072374,0.86723757,0.8572376,1.2272376,2.0772376,2.2472374,1.2872375,0.22723755,1.9072375
-3.2727625,-2.3127625,-2.9127624,-2.2527626,2.6872375,4.4872375,6.147238,6.3072376,5.7372375,5.3272376,5.9372377,4.0472374,3.9072375,3.0872376,2.4272375,1.3472376,0.36723754,1.2072376,2.4472375,2.1572375,-0.11276245,-1.3827624,1.6672375,2.5172377,2.6272376,3.6072376,3.5572376,4.1072373,3.7672377,3.6072376,4.3072376,3.5572376,2.6172376,1.8072375,1.9472375,2.0972376,2.0872376,0.23723754,1.3472376,1.4872376,0.9172375
-0.56276244,0.04723755,0.36723754,0.8572376,4.3172374,2.6272376,5.1572375,5.2172375,5.3172374,4.6672378,4.1572375,3.7472374,4.5672374,3.4772375,2.4672375,1.6372375,1.1472375,1.0472375,3.1772375,2.4972374,-0.28276244,-0.28276244,1.7572376,2.8072376,3.4472375,3.3972375,3.3872375,4.3872375,4.6672378,5.7072377,4.6072373,3.8672376,2.3272376,1.7272376,1.2472376,1.1772375,0.23723754,-0.8327625,-1.1227624,-0.20276245,-0.47276247
-0.62276244,-0.16276245,0.05723755,1.2372376,2.0572376,3.9872375,6.0672374,6.1972375,7.3672376,5.1372375,3.1272376,3.0472376,3.2172375,2.5972376,1.6772375,1.1072376,2.3472376,2.9772375,2.5472376,3.8372376,1.6272376,0.45723754,3.0272377,4.5972376,4.4272375,3.7472374,3.5372376,5.1272373,6.0172377,5.3272376,4.5472374,3.8572376,2.4272375,1.8872375,1.1772375,0.9872376,0.7372376,0.17723756,0.5472376,0.89723754,0.38723755
2.4372375,1.7172376,0.57723755,1.0772376,2.8872375,5.6272373,6.4072375,6.2772374,6.1772375,6.8072376,3.6872375,2.3472376,2.3572376,1.7172376,1.4972376,1.1872375,1.5172375,2.4572375,3.2572374,4.8872375,3.0272377,-0.062762454,2.4572375,3.2872376,3.1872375,4.6072373,5.4572377,5.9172378,5.7872376,5.3272376,4.7572374,3.9772375,3.4572375,2.8572376,2.0572376,1.9372375,1.2472376,0.43723756,0.71723753,0.27723753,0.55723757
1.4772376,2.4972374,3.0272377,2.5772376,3.1672375,5.3772373,5.9072375,6.2972374,6.3372374,5.6772375,3.7772377,4.4772377,2.6072376,1.6472375,1.2372376,1.4572376,-1.0727625,2.8372376,4.3372374,3.7672377,1.8072375,0.9072375,3.6872375,4.4972377,4.5672374,4.9172378,5.6972375,5.7772374,5.3272376,4.9272375,4.2572374,4.0772376,3.4972374,3.2472374,2.7472374,2.3372376,2.0372376,0.96723753,0.9072375,0.6572375,0.42723754
