wind_kz.json
{"header": {"discipline":0,"disciplineName":"Meteorological products","gribEdition":2,"gribLength":871,"center":7,"centerName":"US National Weather Service - NCEP(WMC)","subcenter":0,"refTime":"2023-10-02T00:00:00.000Z","significanceOfRT":1,"significanceOfRTName":"Start of forecast","productStatus":0,"productStatusName":"Operational products","productType":1,"productTypeName":"Forecast products","productDefinitionTemplate":0,"productDefinitionTemplateName":"Analysis/forecast at horizontal level/layer at a point in time","parameterCategory":0,"parameterCategoryName":"UnknownDiscipline_0_Category_0","parameterNumber":0,"parameterNumberName":"UnknownParameter_D0_C0_0","parameterUnit":"Unknown","genProcessType":2,"genProcessTypeName":"Forecast","forecastTime":60,"surface1Type":1,"surface1TypeName":"Ground or water surface","surface1Value":0.0,"surface2Type":255,"surface2TypeName":"Missing","surface2Value":0.0,"gridDefinitionTemplate":0,"gridDefinitionTemplateName":"Latitude_Longitude","numberPoints":615,"shape":6,"shapeName":"Earth spherical with radius of 6,371,229.0 m","gridUnits":"degrees","resolution":48,"winds":"true","scanMode":64,"nx":41,"ny":15,"basicAngle":0,"lo1":47.0,"la1":41.0,"lo2":87.0,"la2":55.0,"dx":1.0,"dy":1.0}, "data":
[rows 0 to 14 of 15, columns 0 to 40 of 41]
291.9959,282.5959,287.8959,294.1959,294.2959,292.6959,299.1959,307.1959,305.3959,306.0959,304.6959,304.9959,303.9959,303.5959,303.2959,302.5959,301.5959,300.9959,301.0959,301.2959,303.3959,299.8959,300.9959,295.7959,297.9959,299.7959,294.6959,281.5959,279.4959,277.7959,275.4959,276.5959,288.2959,294.7959,295.2959,294.8959,295.6959,294.7959,294.4959,293.5959,292.9959
273.2959,290.5959,293.7959,293.7959,293.7959,291.8959,301.6959,300.6959,299.9959,297.6959,301.8959,302.0959,303.2959,302.3959,302.1959,301.3959,300.1959,299.7959,298.3959,298.9959,298.8959,298.6959,297.5959,289.5959,278.9959,279.0959,286.7959,280.8959,280.4959,275.9959,280.8959,271.1959,281.3959,256.1959,273.2959,291.8959,289.8959,291.2959,294.7959,287.5959,284.8959
295.7959,293.7959,293.7959,293.2959,291.4959,298.2959,295.4959,295.0959,293.3959,295.7959,297.8959,301.5959,301.0959,300.7959,299.7959,298.9959,297.8959,297.0959,297.2959,298.1959,299.7959,298.2959,298.2959,293.1959,295.5959,293.9959,294.7959,293.7959,292.2959,282.4959,272.8959,276.7959,281.5959,282.4959,283.7959,281.7959,274.5959,276.8959,279.4959,274.8959,273.4959
295.4959,292.9959,293.6959,292.9959,292.7959,295.3959,293.6959,298.7959,299.0959,301.6959,301.1959,297.7959,290.5959,289.8959,298.7959,298.5959,297.2959,297.0959,297.3959,298.2959,297.5959,293.6959,296.7959,296.9959,296.9959,297.0959,297.5959,293.9959,291.8959,292.6959,293.3959,290.0959,294.5959,291.6959,290.3959,285.4959,274.1959,263.5959,279.4959,286.2959,290.5959
299.8959,292.8959,293.1959,292.5959,294.1959,292.3959,291.5959,293.4959,297.9959,296.0959,294.3959,296.0959,289.5959,288.4959,287.8959,298.0959,298.0959,296.7959,296.1959,296.4959,297.0959,297.4959,296.2959,296.0959,296.0959,295.6959,292.9959,290.8959,293.1959,292.1959,294.8959,290.6959,277.5959,267.7959,281.1959,289.9959,291.2959,293.4959,296.4959,295.6959,294.7959
302.6959,297.3959,291.0959,291.7959,291.9959,291.5959,292.6959,291.5959,294.4959,297.2959,295.1959,296.6959,290.2959,289.4959,292.9959,296.3959,297.9959,297.3959,297.0959,297.1959,296.3959,295.3959,295.1959,294.8959,294.5959,292.9959,292.2959,287.5959,293.5959,293.6959,291.9959,293.3959,291.8959,289.6959,286.2959,288.7959,280.2959,283.5959,290.4959,292.8959,292.8959
301.9959,299.4959,302.4959,300.6959,291.8959,293.2959,293.5959,294.9959,295.5959,296.8959,296.5959,296.1959,296.5959,297.1959,295.8959,295.6959,295.9959,297.2959,296.7959,295.9959,295.3959,295.5959,295.0959,294.5959,292.6959,292.6959,292.2959,293.1959,291.6959,291.9959,291.5959,290.9959,291.1959,291.6959,289.7959,287.6959,281.8959,278.8959,277.4959,275.2959,287.4959
302.9959,301.2959,299.8959,296.5959,295.8959,296.8959,293.8959,294.2959,296.9959,296.1959,294.8959,294.6959,295.0959,295.8959,295.7959,294.7959,293.4959,294.8959,294.9959,293.2959,293.2959,293.1959,293.2959,292.8959,291.4959,288.9959,288.2959,289.4959,288.0959,289.7959,288.6959,289.1959,287.6959,284.8959,285.0959,288.8959,287.7959,285.9959,287.0959,287.0959,283.7959
302.9959,299.4959,299.4959,299.6959,295.9959,294.2959,291.3959,293.6959,295.6959,295.7959,294.4959,293.3959,292.2959,294.1959,293.8959,293.9959,292.5959,292.7959,292.8959,292.1959,290.8959,290.4959,291.1959,290.3959,289.2959,288.7959,286.5959,285.9959,285.2959,284.5959,285.1959,285.6959,285.8959,286.2959,285.2959,283.9959,280.1959,280.1959,273.6959,273.6959,272.9959
301.2959,300.9959,301.0959,298.5959,295.8959,296.1959,296.6959,292.7959,293.2959,293.3959,292.9959,293.0959,293.2959,292.4959,292.0959,291.6959,291.0959,290.5959,290.4959,290.6959,289.7959,289.4959,289.9959,289.9959,289.4959,287.6959,287.2959,286.7959,285.7959,284.7959,285.8959,285.6959,287.4959,286.2959,285.9959,286.5959,281.6959,279.7959,277.7959,272.2959,272.3959
297.9959,298.4959,297.8959,297.8959,298.1959,295.1959,296.5959,295.4959,293.8959,292.8959,290.0959,290.8959,290.9959,291.3959,291.7959,291.4959,290.2959,290.2959,289.6959,288.1959,288.1959,288.3959,288.0959,288.3959,287.6959,287.2959,284.8959,285.7959,285.7959,286.8959,286.5959,286.6959,286.1959,287.0959,285.3959,282.5959,282.0959,276.0959,277.3959,276.3959,273.0959
295.2959,296.1959,296.3959,296.3959,295.6959,295.5959,295.0959,292.7959,292.3959,292.0959,290.6959,289.8959,291.4959,290.5959,291.2959,290.3959,291.2959,290.2959,289.5959,288.1959,286.6959,285.5959,285.8959,285.8959,285.5959,286.5959,285.8959,285.5959,285.4959,284.5959,283.8959,283.8959,284.7959,281.2959,282.9959,280.7959,280.7959,280.0959,279.2959,279.9959,280.2959
291.4959,293.4959,294.0959,293.9959,293.7959,293.3959,293.7959,293.6959,292.8959,293.1959,289.1959,287.8959,290.4959,288.1959,291.4959,291.6959,291.2959,290.2959,290.1959,288.3959,287.4959,285.9959,284.9959,283.9959,285.1959,285.9959,286.4959,284.9959,284.6959,283.7959,284.5959,283.8959,283.1959,282.3959,282.0959,281.8959,280.1959,281.9959,278.7959,278.1959,278.7959
292.1959,292.6959,289.0959,292.8959,291.8959,291.5959,290.6959,289.9959,291.5959,291.3959,287.6959,285.8959,287.9959,289.3959,290.4959,291.1959,290.4959,289.3959,289.3959,288.9959,288.3959,287.8959,287.4959,286.4959,286.0959,285.6959,285.1959,284.6959,283.7959,283.2959,283.5959,283.0959,281.7959,280.8959,281.0959,279.7959,279.6959,279.4959,279.4959,277.5959,277.8959
290.5959,292.2959,285.4959,290.9959,291.0959,290.2959,290.4959,289.8959,289.8959,290.3959,289.2959,287.3959,285.7959,287.5959,288.8959,289.4959,289.0959,289.1959,288.8959,287.9959,288.5959,287.8959,288.3959,287.3959,286.4959,285.6959,284.9959,284.4959,283.6959,282.7959,282.6959,282.7959,281.5959,280.6959,280.2959,280.0959,279.7959,279.3959,279.1959,278.3959,278.7959
