wind_kz.json
[{"header":{"discipline":0,"disciplineName":"Meteorological products","gribEdition":2,"gribLength":948,"center":7,"centerName":"US National Weather Service - NCEP(WMC)","subcenter":0,"refTime":"2023-09-09T18:00:00.000Z","significanceOfRT":1,"significanceOfRTName":"Start of forecast","productStatus":0,"productStatusName":"Operational products","productType":1,"productTypeName":"Forecast products","productDefinitionTemplate":0,"productDefinitionTemplateName":"Analysis/forecast at horizontal level/layer at a point in time","parameterCategory":0,"parameterCategoryName":"UnknownDiscipline_0_Category_0","parameterNumber":0,"parameterNumberName":"UnknownParameter_D0_C0_0","parameterUnit":"Unknown","genProcessType":2,"genProcessTypeName":"Forecast","forecastTime":180,"surface1Type":1,"surface1TypeName":"Ground or water surface","surface1Value":0.0,"surface2Type":255,"surface2TypeName":"Missing","surface2Value":0.0,"gridDefinitionTemplate":0,"gridDefinitionTemplateName":"Latitude_Longitude","numberPoints":615,"shape":6,"shapeName":"Earth spherical with radius of 6,371,229.0 m","gridUnits":"degrees","resolution":48,"winds":"true","scanMode":64,"nx":41,"ny":15,"basicAngle":0,"lo1":47.0,"la1":41.0,"lo2":87.0,"la2":55.0,"dx":1.0,"dy":1.0},"data":[301.0,288.5,294.5,297.3,297.3,296.1,302.8,296.7,303.2,305.8,306.4,307.8,307.8,307.5,308.4,309.5,309.1,308.8,312.8,311.7,313.8,309.7,307.5,308.1,310.5,309.0,308.2,299.0,296.4,295.3,293.9,295.0,307.4,310.4,315.8,316.5,316.8,317.0,317.2,322.2,322.8,278.5,289.9,296.8,296.9,296.7,295.0,305.3,297.1,300.0,296.2,305.6,306.1,307.7,306.9,306.3,307.3,309.7,311.7,311.4,313.3,315.0,310.7,307.8,301.6,293.2,294.2,302.4,295.7,296.6,289.9,297.3,289.1,297.3,270.4,280.0,312.3,312.6,317.0,318.3,309.0,285.0,295.0,296.4,297.2,296.7,294.4,302.8,301.0,300.0,298.8,300.3,300.7,303.5,305.2,306.0,303.5,307.8,308.2,309.6,311.1,313.5,315.7,309.6,309.4,300.4,304.9,304.3,305.4,304.2,303.6,296.2,289.6,286.4,291.5,297.9,297.0,295.9,282.6,291.1,292.5,291.2,290.8,296.8,295.7,296.6,295.6,295.8,297.6,297.4,302.1,302.7,302.4,303.0,302.5,293.2,292.5,305.5,306.6,305.5,307.5,308.8,310.4,307.3,302.6,306.7,306.5,306.8,304.3,307.3,304.2,304.4,301.5,299.6,305.5,308.7,306.6,301.4,297.9,281.8,285.3,287.0,288.6,302.9,300.1,293.6,294.8,293.3,295.5,298.3,293.7,292.8,297.7,301.7,302.8,303.5,292.4,291.2,289.6,306.0,306.4,304.8,305.3,304.4,306.1,307.6,308.8,308.3,310.0,311.8,307.3,302.6,307.6,306.1,305.9,304.5,292.1,281.2,293.9,302.7,299.1,294.3,296.2,293.1,295.6,301.2,301.4,292.8,292.2,292.8,291.7,293.7,292.5,295.3,301.1,300.1,292.3,293.7,292.4,298.3,303.3,301.9,304.8,304.2,306.6,306.3,305.8,307.8,307.4,308.4,308.7,309.7,290.6,305.3,305.2,307.9,306.3,307.8,306.6,300.6,299.3,294.0,294.5,306.5,303.0,302.8,301.2,302.4,301.0,301.5,296.7,298.2,300.8,297.4,298.3,301.7,301.6,299.6,298.9,300.4,293.0,297.7,304.2,304.4,305.4,306.8,305.5,295.1,295.9,303.3,298.2,297.5,297.2,298.8,297.3,296.0,307.3,310.7,309.6,305.5,303.8,300.4,296.0,295.7,291.4,289.6,305.1,301.9,303.8,305.4,304.9,299.5,305.2,298.7,303.0,302.1,301.7,297.5,297.4,299.4,293.2,294.1,295.6,293.7,292.9,294.3,303.5,293.0,303.7,297.9,298.4,294.2,298.9,298.9,301.7,301.9,304.2,302.5,303.7,303.5,301.6,300.7,302.5,304.6,289.2,304.8,305.4,302.7,303.0,303.3,304.5,303.4,302.7,299.9,303.4,303.2,300.3,301.7,297.8,292.8,292.3,292.9,297.5,297.5,295.6,293.2,293.0,294.8,292.6,301.2,300.5,299.0,298.3,298.1,295.6,295.2,295.1,294.0,296.3,296.7,297.6,296.9,297.3,293.9,295.3,292.4,277.6,280.1,285.6,302.3,301.6,302.6,302.9,301.0,301.5,299.8,302.9,301.7,291.1,289.6,295.9,295.1,291.7,291.6,290.5,294.5,292.4,294.4,297.0,299.3,298.5,298.4,299.3,299.8,296.3,297.1,296.0,296.0,295.5,294.2,296.4,299.2,292.2,294.2,290.0,285.9,282.2,277.8,285.1,283.7,299.3,300.0,300.4,298.8,301.3,301.5,301.8,299.1,297.0,293.2,297.7,292.1,293.3,292.7,290.2,290.7,299.3,291.2,296.6,300.0,300.3,298.2,297.6,297.4,294.7,296.2,293.8,296.9,297.8,298.4,292.8,293.7,291.3,287.0,290.0,291.4,279.4,282.4,282.6,286.5,285.4,298.7,300.0,300.3,300.4,299.2,296.9,294.8,297.5,294.9,294.5,289.3,288.8,291.1,287.9,287.3,297.0,298.2,296.1,294.1,297.1,290.6,288.7,293.4,294.1,294.1,296.6,295.8,297.4,297.4,298.5,295.5,292.5,285.8,284.5,286.4,291.5,288.5,291.3,288.5,291.1,290.3,294.6,293.9,292.6,295.9,294.6,295.6,297.1,297.8,294.8,294.7,287.6,287.0,288.7,287.8,288.5,288.2,295.8,295.4,291.8,288.3,287.6,286.4,286.2,292.7,294.3,289.0,293.3,287.6,296.9,297.2,297.6,294.0,285.3,285.3,285.0,287.6,286.7,286.9,286.4,287.6,288.3,295.6,296.3,291.5,295.9,295.8,295.0,293.5,292.0,295.9,293.8,291.7,286.4,291.9,293.2,294.0,294.6,294.8,294.1,294.8,295.1,288.6,288.0,287.7,287.2,292.3,289.4,288.8,288.1,292.6,294.8,294.0,294.9,291.6,287.1,287.6,287.4,289.8,289.6,290.5,288.4,288.4,289.4,289.9,288.3,291.0,291.4,291.6,289.0,288.5,293.2,290.6,290.9,292.1,289.4,291.9,291.8,294.3,294.1,294.4,295.6,295.6,296.8,290.7,289.4,289.2,288.1,288.1,288.5,289.1,294.8,289.7,288.2,290.3,293.8,292.2,293.1,293.2,293.1,290.5,290.4,285.9,285.1]},{"header":{"discipline":0,"disciplineName":"Meteorological products","gribEdition":2,"gribLength":1025,"center":7,"centerName":"US National Weather Service - NCEP(WMC)","subcenter":0,"refTime":"2023-09-09T18:00:00.000Z","significanceOfRT":1,"significanceOfRTName":"Start of forecast","productStatus":0,"productStatusName":"Operational products","productType":1,"productTypeName":"Forecast products","productDefinitionTemplate":0,"productDefinitionTemplateName":"Analysis/forecast at horizontal level/layer at a point in time","parameterCategory":2,"parameterCategoryName":"UnknownDiscipline_0_Category_2","parameterNumber":2,"parameterNumberName":"UnknownParameter_D0_C2_2","parameterUnit":"Unknown","genProcessType":2,"genProcessTypeName":"Forecast","forecastTime":180,"surface1Type":103,"surface1TypeName":"Specified height level above ground","surface1Value":10.0,"surface2Type":255,"surface2TypeName":"Missing","surface2Value":0.0,"gridDefinitionTemplate":0,"gridDefinitionTemplateName":"Latitude_Longitude","numberPoints":615,"shape":6,"shapeName":"Earth spherical with radius of 6,371,229.0 m","gridUnits":"degrees","resolution":48,"winds":"true","scanMode":64,"nx":41,"ny":15,"basicAngle":0,"lo1":47.0,"la1":41.0,"lo2":87.0,"la2":55.0,"dx":1.0,"dy":1.0},"data":[-2.6759124,1.1540875,0.26408753,-0.78591245,-6.2659125,-9.235912,-8.415913,-7.9159126,-9.745913,-6.2059126,-5.5159125,-3.7259126,-3.4559126,-3.2359126,-2.8859124,-2.1459124,-1.6659125,0.11408752,-0.7959125,0.034087524,2.3440876,2.3140876,2.7940874,2.9140875,0.26408753,0.6340875,4.1340876,5.5840874,4.4240875,3.2940874,5.8840876,0.71408755,-0.28591248,-5.5059123,-7.2059126,-5.8659124,-6.7859125,-5.3659124,-6.7159123,-2.2259126,0.77408755,0.6140875,-0.44591248,0.91408753,-2.9559126,-5.2059126,-5.2759123,-6.9759126,-9.645912,-7.7459126,-5.8259125,-4.1159124,-3.1359124,-3.4159124,-3.8059125,-3.3759124,-1.9459125,0.0040875245,-0.5559125,-0.46591246,0.07408752,-0.46591246,0.42408752,2.7840874,3.5640876,2.4140875,-0.18591247,1.2740875,3.1540875,4.6640873,6.0740876,4.5040874,7.6840878,3.3640876,2.7740874,0.89408755,0.78408754,1.0840875,0.5740875,-1.5159125,-1.7659125,-1.5359125,-2.8559124,-5.5559125,-5.5859127,-5.2959123,-5.7959123,-6.5959125,-7.0559125,-6.0259123,-7.4359126,-5.8559127,-5.6459126,-5.0559125,-4.3959126,-4.5659122,-3.3559124,-1.6259124,-1.6359124,-1.8259125,-1.4159125,0.4040875,1.2440876,-5.9059124,-5.0159125,-6.0859127,-2.3759124,-3.5159125,-1.7059125,-0.13591248,3.7240875,-0.42591247,2.3140876,-1.3659124,-0.49591246,1.4940876,-2.7859125,0.46408752,0.014087524,-0.9859125,5.2740874,4.9840875,2.2640874,-6.1159124,-6.8659124,-4.0159125,-3.7659125,-3.2559125,-3.7459126,-2.9459124,-4.9159126,-5.5359125,-4.9859123,-4.6659126,-4.8259125,-4.7359123,-3.6559124,-2.4459124,-2.7959125,-2.6359124,-2.7159126,-3.2959125,-5.0059123,-6.5759125,-7.5259123,-2.9259124,-4.5559125,-4.4459124,-4.4659123,-2.7259126,-5.2459126,-4.0459123,-2.0559125,1.1940875,1.9740875,1.3040875,3.1740875,0.9540875,2.5140874,0.49408752,2.5640876,-1.5459125,-0.72591245,-1.7659125,-5.2059126,-5.6459126,-6.1459126,-5.8859124,-4.0059123,-2.9459124,-6.4059124,-2.3059125,-2.4659126,-2.6659124,-2.2659125,-2.1359124,-0.77591246,-1.2659125,-1.6359124,-2.7659125,-3.1459124,-3.2959125,-5.4559126,-6.8259125,-6.5859127,-5.5059123,-5.0959125,-4.7859125,-4.3659124,-2.9759126,-4.5059123,-2.3859124,-3.7159126,-3.1859124,-2.3459125,-0.22591248,3.4140875,3.5740876,-3.7159126,-1.2659125,1.8340875,1.8540875,0.72408754,0.08408752,0.24408752,-3.9459124,-3.2859125,-3.9059124,-5.6259127,-6.7359123,-4.5659122,-5.0959125,-2.8059125,1.0540875,-0.83591247,0.20408753,1.3740876,0.53408754,-1.0559125,-1.1459125,-2.7759125,-2.9459124,-3.0759125,-4.2059126,-3.5059125,-4.7359123,-4.2359123,-3.4659126,-3.8859124,-3.4659126,-2.4359124,-1.5259125,-3.5159125,-1.1659125,0.29408753,1.2840875,0.9840875,1.5340875,0.97408754,2.1840875,2.4840875,1.6040875,2.1740875,0.23408753,2.0340874,3.9840875,-3.9959126,-4.0659122,-4.0859127,-0.26591247,-0.8059125,-0.78591245,-1.3959125,5.0240874,1.5940875,0.39408752,-0.22591248,0.30408752,-0.20591247,-0.3759125,-0.42591247,-0.08591247,-1.9959124,-2.1359124,-2.7659125,-2.3459125,-2.9459124,-3.1859124,-3.3659124,-2.0659125,-2.1759124,-1.4759125,-0.8059125,-0.26591247,-1.1259124,0.6740875,-0.035912476,0.8140875,0.8640875,1.8840876,2.4740875,3.6940875,2.4840875,0.12408753,6.2640877,1.3440875,-1.4259125,-2.6259124,-3.0359125,-2.6859124,-1.6859125,-1.6559125,-0.5159125,-0.33591247,-2.0959125,-0.59591246,0.26408753,-0.055912476,1.4140875,0.42408752,0.85408753,1.1640875,-0.60591245,-0.8059125,0.44408754,-0.27591246,-1.4759125,-1.9359125,-1.8659124,-1.9759125,-1.3859124,-1.2259125,-0.025912475,0.12408753,-0.6159125,-0.58591247,-0.9259125,-0.7459125,0.22408752,1.0940875,0.014087524,2.6740875,3.8240876,2.1440876,4.5140877,4.3240876,2.4640875,3.0340874,-1.5259125,-1.3859124,-0.91591245,-1.6759125,-1.2259125,-1.7859125,-0.29591247,-0.18591247,0.6140875,1.4440875,1.5940875,0.48408753,0.26408753,-0.78591245,0.11408752,-0.22591248,-0.3759125,0.38408753,-0.47591248,-0.53591245,-0.46591246,-0.22591248,-0.33591247,-0.52591246,-0.36591247,-0.48591247,-0.33591247,-0.45591247,-0.15591247,1.1540875,1.2540876,1.5240875,1.7940875,3.0040874,4.8740873,3.6040876,3.2940874,4.2440877,2.4340875,0.96408755,2.0240874,-0.7459125,-1.1459125,-1.1559125,-1.5159125,-1.1259124,-1.2759125,-1.2059125,-0.27591246,0.20408753,0.46408752,0.59408754,1.8940876,1.6140876,0.30408752,1.4740875,1.0840875,1.3940876,1.1640875,1.5140876,1.3240875,0.32408753,0.44408754,0.85408753,0.17408752,-0.055912476,0.42408752,1.0340875,1.2040875,0.6340875,0.5540875,1.4940876,3.5240874,2.7540874,4.6940875,2.5140874,2.9440875,1.4840875,-0.89591247,0.64408755,1.1640875,0.08408752,1.1940875,0.27408752,0.9340875,1.1440876,0.9840875,0.094087526,1.0140876,0.52408755,1.8540875,1.1940875,1.3940876,1.7740875,2.2940874,2.3340876,1.0340875,1.1840875,2.1940875,1.3140875,0.08408752,0.53408754,0.85408753,1.0540875,1.1240876,1.5140876,1.6640875,2.5340874,2.2640874,1.9740875,2.4240875,2.7040875,2.7240875,2.3240876,-0.36591247,0.5140875,2.6340876,1.9940876,-0.60591245,1.7940875,0.65408754,1.1940875,1.2340875,0.9540875,0.7440875,1.8640876,1.9440875,1.8840876,1.9040875,2.4740875,3.2140875,1.9040875,1.2340875,0.96408755,1.4140875,1.8840876,1.4940876,2.4540875,2.4140875,2.0640876,1.8740876,2.5340874,2.5140874,2.1740875,2.1840875,2.3840876,2.3340876,2.6040876,2.2140875,2.6540875,2.6340876,3.0140874,3.8840876,2.4540875,1.0640875,3.1140876,2.5240874,1.6540875,2.1640875,2.0540876,3.7240875,-0.44591248,0.32408753,0.38408753,1.2240875,1.6240876,1.6340876,2.5240874,2.4040875,2.0440874,2.9440875,2.9740875,4.5740876,2.6140876,0.024087524,1.7240875,2.4540875,2.6040876,2.2240875,1.8540875,2.9040875,3.3440876,2.2040875,2.5340874,2.0140874,2.6240876,3.3640876,3.0940876,2.3040876,2.4840875,2.9540875,2.8840876,3.1840875,2.3940876,2.3040876,1.3640876,0.33408752,3.6640875,3.9140875,3.2840874,1.4140875,1.5040876,2.9540875,3.5940876,2.6140876,2.5440874,2.0340874,2.9340875,2.5240874,3.2340875,3.3040876,3.9340875,4.1940875,3.9940875,2.8040876,2.3940876,1.3240875,4.1640873,3.3940876,3.0040874,2.8040876,2.9340875,3.1240876,3.0540876,3.8340876,2.9840875,3.2240875,3.2540874,2.9540875,4.3540874,2.9340875,2.7740874,2.1440876,3.1140876,3.0840876,2.6940875,3.1040876,2.5040874,3.3540876,3.0340874,1.1540875,2.4940875,3.2740874,2.9740875,3.3040876,3.3140876,0.4040875,1.2740875,1.3040875,2.4540875,3.5340874,4.4640875,4.2640877,4.2040877,5.0040874,4.1440873,2.4340875,4.9940877,2.8940876,2.8140876,2.9540875,2.4740875,3.0640876,3.0840876,2.8240876,3.7640874,3.6540875,2.7140875,2.8440876,3.0640876,2.3440876,2.6440876,2.8640876,2.8140876,2.9540875,2.2040875,2.3540876,3.3640876,2.3340876,0.90408754,2.0340874,1.5940875,0.65408754,1.6640875,2.7840874,2.6540875,0.6140875]},{"header":{"discipline":0,"disciplineName":"Meteorological products","gribEdition":2,"gribLength":1025,"center":7,"centerName":"US National Weather Service - NCEP(WMC)","subcenter":0,"refTime":"2023-09-09T18:00:00.000Z","significanceOfRT":1,"significanceOfRTName":"Start of forecast","productStatus":0,"productStatusName":"Operational products","productType":1,"productTypeName":"Forecast products","productDefinitionTemplate":0,"productDefinitionTemplateName":"Analysis/forecast at horizontal level/layer at a point in time","parameterCategory":2,"parameterCategoryName":"UnknownDiscipline_0_Category_2","parameterNumber":3,"parameterNumberName":"UnknownParameter_D0_C2_3","parameterUnit":"Unknown","genProcessType":2,"genProcessTypeName":"Forecast","forecastTime":180,"surface1Type":103,"surface1TypeName":"Specified height level above ground","surface1Value":10.0,"surface2Type":255,"surface2TypeName":"Missing","surface2Value":0.0,"gridDefinitionTemplate":0,"gridDefinitionTemplateName":"Latitude_Longitude","numberPoints":615,"shape":6,"shapeName":"Earth spherical with radius of 6,371,229.0 m","gridUnits":"degrees","resolution":48,"winds":"true","scanMode":64,"nx":41,"ny":15,"basicAngle":0,"lo1":47.0,"la1":41.0,"lo2":87.0,"la2":55.0,"dx":1.0,"dy":1.0},"data":[3.9256744,1.3556744,-2.6843255,-7.3143253,-4.7443256,-0.27432555,2.8756745,1.5556744,0.6956744,0.35567445,-1.9243256,-1.5243256,-1.2443255,-2.1743255,-3.3543255,-4.3743258,-5.1643257,-6.0543256,-5.5943255,-3.7643256,-2.8143256,-3.1243255,0.64567447,1.7356744,2.7856743,4.1156745,0.45567444,2.0156744,-2.9943256,-3.2243257,-1.8143256,1.0456744,-2.7543256,-1.9643255,-0.0043255617,1.5356745,3.0256743,1.6956744,-1.3343256,-1.8543255,-0.60432553,0.37567443,-1.1143255,-2.6043255,-2.4943256,-1.4243256,-0.39432555,0.58567446,1.2156744,0.32567444,-0.9243256,-1.1243255,-1.8943256,-0.71432555,-1.9343256,-3.7543256,-4.9543257,-5.3143253,-4.6243258,-4.8243256,-4.1743255,-3.5943255,-4.0543256,1.6856744,-0.0043255617,3.4556744,4.3056746,3.2456744,3.6156745,0.26567444,3.5956745,-1.4243256,1.4256744,3.5456743,1.0456744,2.2556744,2.4156744,1.0656744,-0.04432556,2.2056744,-1.8043256,0.40567443,0.27567443,-0.66432554,-2.5443256,-2.0543256,-0.054325562,2.2256744,2.1556745,1.7856745,1.6656744,-0.5443256,-2.5943255,-1.7443255,-0.9943256,-1.2543255,-3.6243255,-5.1543255,-5.3443255,-5.0543256,-5.0743256,-3.6443255,-1.5943255,-4.2943254,-2.4843256,-1.2943256,-2.0143256,-2.3643255,-2.1843255,-3.2243257,-1.4443256,-2.8343256,-2.4143255,-1.1043255,-3.5743256,-0.8743256,0.23567444,-3.2743256,-3.5243256,-2.3643255,-2.6643255,0.07567444,2.0056744,-0.53432554,-1.7743256,-2.5543256,-1.6543256,-0.7943256,1.0956744,1.0056745,2.6656744,1.7456745,1.1456745,-0.84432554,-1.7543255,-2.9743257,-3.4443254,-3.6243255,-4.354326,-4.2043257,-4.2043257,-5.2143254,-6.0143256,-2.9843256,-3.4143255,-0.23432556,-1.5043255,-1.9743255,-2.7543256,-3.4143255,-2.7743256,-2.0543256,-3.1943254,-4.0043254,0.8256744,1.7356744,4.3556743,0.40567443,2.7356744,3.6156745,3.8056746,-2.2443256,0.25567445,-3.2743256,0.45567444,-0.90432554,-3.7443256,-0.7943256,-0.9343256,-0.40432557,0.43567443,-0.90432554,2.3956745,1.0856744,-0.31432557,-1.5943255,-2.0343256,-2.8843255,-3.1543255,-3.4343255,-3.6143255,-3.0343256,-2.5043256,-2.3743255,-2.0343256,-2.3143256,-2.0043256,-2.1843255,-1.5443256,-0.91432554,-1.6643256,-2.6343255,-1.8643255,-3.4143255,-3.7043257,-3.5143256,-0.25432557,0.86567444,0.78567445,2.1756744,-0.48432556,0.8856744,-0.28432557,2.5556746,0.66567445,-0.02432556,0.15567444,1.3756745,1.2956744,1.8956745,-4.5343256,-4.4143257,-6.0743256,-0.59432554,0.24567443,-0.47432557,-0.034325562,0.9556744,-3.0343256,-2.6143255,-2.7943256,-2.5743256,-0.75432557,-0.21432556,-0.91432554,-1.8343256,-1.7343255,-2.2443256,-2.6143255,-2.6943254,-2.2143257,-1.8243256,-2.9443254,-2.4443254,-3.6443255,-3.8043256,-3.3043256,-2.7343256,-1.3443255,-2.1043255,-3.4443254,-3.3743255,-3.3243256,-1.2943256,2.7056744,1.0256745,-0.58432555,-2.0043256,-0.50432557,4.3856745,3.6356745,0.40567443,1.4456744,0.48567444,1.2856745,-0.094325565,-0.44432557,-2.2543256,1.6656744,1.0256745,-0.7343256,-1.6043255,-0.9343256,-1.2543255,-1.1243255,-0.19432557,-1.6043255,-1.6143255,-2.2543256,-2.6243255,-2.3643255,-2.5343256,-2.4743257,-3.1643255,-1.9443256,-2.6243255,-3.0443256,-1.5343256,-1.9343256,-0.6843256,-2.1943254,0.09567444,3.4456744,3.7556744,0.39567444,2.1856744,-1.1243255,-3.0843256,-2.1843255,-1.9543256,-1.8943256,-0.7443256,0.60567445,1.2056744,-1.3843255,-0.83432555,-0.94432557,-0.29432556,-1.7543255,-1.0143256,1.3656745,0.9556744,-0.89432555,1.8756745,-0.034325562,-1.5643256,-0.054325562,-0.96432555,-1.3043256,-2.3343256,-2.8543255,-2.1843255,-3.2743256,-3.1943254,-1.8243256,-1.4643255,-1.4843255,-2.5843256,-2.5443256,-1.7543255,-1.4343256,-1.4543256,-0.52432555,-2.2943256,-2.4643257,-0.35432556,-0.18432556,-0.13432556,-2.0043256,-2.6643255,-1.9443256,-2.7543256,-3.3143256,-1.4843255,-0.82432556,-1.0343256,-0.34432557,-1.1843256,-0.44432557,-1.4943255,-0.43432558,1.0656744,0.33567443,0.29567444,-0.04432556,-0.17432556,-0.02432556,-0.82432556,-0.75432557,-1.2543255,-2.3943255,-2.8443255,-2.5143256,-1.2243255,-2.1543255,-2.6743255,-3.0643256,-2.4643257,-3.1143255,-3.6643255,-3.8843255,-4.2943254,-1.8943256,-1.8643255,1.3156744,1.5356745,3.5556746,2.7556744,2.0456743,-2.3043256,-2.3943255,-1.5443256,-2.3243256,-2.5443256,-2.6243255,-1.3843255,-1.3843255,-1.6543256,-1.1843256,-1.7643256,-0.16432557,0.26567444,-0.034325562,1.0156745,1.9356744,0.07567444,1.5056745,1.0056745,0.21567445,0.42567444,-1.4843255,-1.2843256,-1.6343255,-0.71432555,-1.4243256,-1.1643256,-1.3743255,-1.6643256,-2.4443254,-3.8743255,-3.7943256,-2.8743255,-0.6243256,-2.9743257,0.04567444,0.15567444,1.7056744,1.7256744,2.2256744,1.8256744,-2.4443254,-2.3743255,-1.5743256,-1.1943256,-1.8743255,-1.9643255,-0.8743256,-1.2243255,-1.8943256,-1.3143256,-1.9743255,-0.66432554,-0.90432554,-0.7343256,0.085674435,0.23567444,-0.30432555,0.6956744,1.2056744,0.47567445,0.15567444,-1.4143256,-1.2443255,-0.40432557,-1.4143256,-0.8043256,-1.7843256,-1.3343256,-1.1243255,-1.8643255,-3.0543256,-5.2843256,-4.7843256,-4.1743255,-0.44432557,1.7856745,1.5956744,0.92567444,2.7156744,1.3156744,0.32567444,-2.2843256,-2.0543256,-1.3743255,-1.3443255,-1.9643255,-1.6643256,-1.8543255,-1.9643255,-1.2143255,-0.69432557,-0.33432555,-0.9843256,-0.64432555,0.33567443,0.44567445,0.27567443,0.33567443,0.71567446,1.9456744,1.2456745,0.30567443,-0.60432553,-1.1843256,0.41567445,-0.84432554,-0.72432554,-0.94432557,-2.1543255,-1.7343255,-1.7343255,-2.6243255,-1.2143255,0.8756744,-0.08432556,-1.8143256,-0.6843256,4.1156745,1.0056745,-1.4743255,-1.9443256,-1.6743256,-1.8643255,-2.2543256,-1.5043255,-2.0043256,-1.1043255,-1.1043255,-0.7443256,-1.1743256,-2.1343255,0.8156744,1.2956744,0.015674438,0.07567444,0.36567444,0.61567444,1.2956744,1.1556745,1.3856745,1.9056745,1.1556745,1.8856745,1.7656745,1.2556745,-0.43432558,-1.1043255,-0.14432555,-1.2343255,-1.1043255,-1.3943256,-1.2943256,-2.3043256,-2.4743257,3.5956745,-1.2343255,-1.4643255,-0.51432556,1.6856744,1.9656744,1.5556744,1.3156744,0.6856744,-1.5143256,-2.1843255,-3.2643256,-2.8143256,-2.9043255,-1.9843255,-1.0643256,-0.21432556,-0.30432555,1.9056745,1.3356744,1.2456745,-0.36432555,-0.33432555,-0.24432556,0.035674438,0.32567444,0.6856744,1.4056745,0.84567446,1.7856745,1.8956745,1.6856744,1.8256744,0.36567444,0.6356744,0.115674436,-0.17432556,-0.5543256,-1.3243256,-2.6243255,-2.3943255,-1.2043256,-1.4143256,-1.6843256,0.42567444,1.5156745,1.8756745,2.0556746,1.6056744,1.0056745,-1.7043256,-3.5643256,-3.7643256,-3.9343255,-3.9743257,-3.2543256,-3.6243255,-3.1543255,-2.5243256,-2.3543255,1.3956745,2.0256743,1.2956744,0.14567444,0.23567444,0.41567445,0.15567444,0.015674438,0.6256744,0.8156744,0.9356744,1.4256744,1.5856744,1.4556744,2.2456744,1.2256744,0.04567444,0.39567444,-0.11432556,0.12567444,-0.78432554,-0.13432556,-2.3843255,-2.2843256,-0.91432554,0.7556744,2.4756744,1.3256744,1.8456744,0.16567443,2.2056744]}]