wind.json
{"header": {"discipline":0,"disciplineName":"Meteorological products","gribEdition":2,"gribLength":1125,"center":7,"centerName":"US National Weather Service - NCEP(WMC)","subcenter":0,"refTime":"2023-07-01T06:00:00.000Z","significanceOfRT":1,"significanceOfRTName":"Start of forecast","productStatus":0,"productStatusName":"Operational products","productType":1,"productTypeName":"Forecast products","productDefinitionTemplate":0,"productDefinitionTemplateName":"Analysis/forecast at horizontal level/layer at a point in time","parameterCategory":2,"parameterCategoryName":"UnknownDiscipline_0_Category_2","parameterNumber":3,"parameterNumberName":"UnknownParameter_D0_C2_3","parameterUnit":"Unknown","genProcessType":2,"genProcessTypeName":"Forecast","forecastTime":180,"surface1Type":103,"surface1TypeName":"Specified height level above ground","surface1Value":10.0,"surface2Type":255,"surface2TypeName":"Missing","surface2Value":0.0,"gridDefinitionTemplate":0,"gridDefinitionTemplateName":"Latitude_Longitude","numberPoints":688,"shape":6,"shapeName":"Earth spherical with radius of 6,371,229.0 m","gridUnits":"degrees","resolution":48,"winds":"true","scanMode":64,"nx":43,"ny":16,"basicAngle":0,"lo1":45.0,"la1":40.0,"lo2":87.0,"la2":55.0,"dx":1.0,"dy":1.0}, "data":
[rows 0 to 15 of 16, columns 0 to 42 of 43]
-4.429253,1.7407471,7.470703E-4,-0.25925294,-0.52925295,0.07074707,-0.95925295,-2.819253,-5.499253,-0.42925292,-0.96925294,-1.2892529,-2.109253,-0.97925293,-2.989253,-2.7092528,-2.539253,-3.989253,-5.5992527,-4.729253,-4.019253,-4.489253,-1.819253,3.110747,5.000747,2.860747,2.900747,3.220747,1.2207471,0.58074707,-0.08925293,-0.19925293,-0.39925292,1.930747,0.03074707,-1.6692529,-3.849253,-4.759253,-9.669253,-8.539253,-3.879253,-2.6692529,-1.1392529
1.950747,-0.01925293,3.680747,-2.6792529,4.480747,3.370747,-1.319253,-3.989253,1.410747,-0.10925293,-2.119253,-2.039253,-4.119253,-5.5592527,-6.999253,-11.059253,-5.949253,-4.749253,-4.5792527,-4.879253,-5.029253,-7.009253,-7.659253,-6.0792527,3.680747,-0.47925293,-2.869253,-3.279253,-1.3992529,0.52074707,0.060747072,-0.84925294,-1.4192529,-0.6192529,0.71074706,0.78074706,-1.7792529,-4.609253,-4.479253,-7.839253,-5.8292527,-7.739253,0.78074706
-0.9392529,-2.7092528,4.610747,0.39074707,7.240747,2.260747,0.92074704,-4.369253,0.52074707,0.85074705,-0.58925295,-1.459253,-3.739253,-5.0992527,-5.529253,-6.699253,-10.529253,-4.549253,-5.5392528,-5.119253,-5.899253,-5.0592527,-5.0792527,-7.929253,-5.199253,1.700747,-1.7792529,-3.1692529,-4.649253,-0.6192529,0.08074707,-0.47925293,0.6907471,0.020747071,-2.049253,-1.9092529,-4.3092527,-4.759253,-3.619253,-6.749253,-6.469253,-6.159253,-5.319253
3.3207471,3.630747,1.560747,4.1507473,2.430747,3.120747,1.2407471,-2.109253,2.360747,3.0307472,1.9007471,-0.30925292,-0.95925295,-1.819253,-2.7292528,-3.809253,-6.199253,-7.129253,-4.0992527,-5.589253,-4.159253,-4.7892528,-4.239253,-5.009253,-4.839253,-4.529253,2.2907472,0.8007471,-0.23925292,0.05074707,-0.5092529,0.7407471,2.490747,0.6807471,1.9607471,-1.709253,-0.9892529,3.150747,3.2707472,0.28074706,1.040747,-1.809253,-3.159253
1.1207471,2.090747,2.7707472,3.8107471,2.360747,-0.42925292,-2.989253,-2.899253,3.920747,4.220747,5.080747,5.980747,2.730747,-0.8092529,-2.749253,-5.319253,-6.739253,-4.479253,-4.569253,-5.029253,-4.729253,-3.989253,-4.519253,-3.4492528,-1.939253,-2.569253,0.46074706,-1.7892529,-4.179253,-5.799253,-1.2492529,-2.4592528,-2.9792528,-4.719253,-2.4592528,1.4007471,0.14074707,-3.6692529,-3.089253,-0.00925293,1.910747,1.4007471,2.750747
0.11074707,0.72074705,0.44074708,1.3407471,-0.6392529,-3.4392529,-4.019253,-3.029253,-6.139253,2.840747,2.2807472,8.050747,5.120747,2.3007472,-2.569253,-4.529253,-5.669253,-4.899253,-4.089253,-6.889253,-8.679253,-3.289253,-5.239253,-5.799253,-7.529253,-9.079253,2.420747,0.9507471,0.13074706,-1.549253,-2.549253,-3.499253,-1.809253,1.200747,1.0807471,1.8507471,-1.1392529,-2.9392529,-4.419253,0.65074706,-0.10925293,3.480747,2.620747
2.090747,2.430747,1.7407471,0.6207471,0.59074706,2.000747,0.31074706,-4.369253,-4.149253,-7.299253,1.1207471,3.910747,5.800747,4.260747,1.2507471,-1.2492529,-3.529253,-4.409253,-2.7292528,-3.289253,-5.069253,-3.4792528,-2.079253,-2.299253,-3.9492528,-5.5992527,-3.9792528,-0.7392529,2.460747,2.400747,0.5507471,-2.289253,-2.499253,-3.009253,-2.989253,-3.069253,2.120747,1.5007471,2.910747,0.83074707,-1.809253,-3.9492528,-0.9892529
3.5207472,3.930747,3.590747,3.650747,2.230747,-0.38925293,-2.9392529,-2.999253,-3.779253,-4.179253,-4.639253,3.160747,3.620747,6.870747,3.710747,-0.17925292,0.65074706,-3.1692529,-3.9292529,-4.479253,-6.509253,-4.689253,-4.919253,-0.8592529,1.180747,-2.7192528,-3.6892529,-4.499253,-6.129253,-2.4792528,-2.149253,-2.629253,-1.459253,-0.34925294,-1.6492529,-3.509253,-1.7792529,-3.319253,-5.019253,-2.769253,-1.6592529,-2.239253,-1.049253
0.18074708,-0.77925295,-0.40925294,-2.619253,-3.4692528,-3.649253,-5.629253,-7.009253,-8.009253,-5.779253,-6.169253,-2.629253,-0.84925294,0.48074707,2.190747,-0.25925294,-1.719253,-2.409253,-3.039253,-3.6692529,-3.809253,-3.099253,-4.969253,-6.529253,-4.379253,-3.4692528,-2.239253,-2.039253,-2.7192528,-2.779253,-1.439253,-1.9892529,-1.2392529,-1.2692529,-2.139253,-1.7592529,0.14074707,-0.31925294,-2.4692528,-2.4592528,0.65074706,-0.37925294,-1.1292529
-2.6792529,-1.7792529,-1.5092529,-2.059253,-2.6892529,-3.319253,-4.009253,-5.3492527,-5.979253,-5.639253,-5.969253,-4.469253,-1.7792529,-0.8192529,-0.52925295,-1.319253,-1.7592529,-4.2892528,-4.199253,-3.629253,-4.8492527,-5.609253,-4.799253,-5.7892528,-4.339253,-4.839253,-3.9592528,-2.9792528,-2.539253,-2.059253,-1.219253,-1.179253,-1.8892529,-0.17925292,0.6807471,0.060747072,0.36074707,0.6407471,-3.129253,1.030747,-2.099253,-2.069253,-2.329253
-3.899253,0.23074707,-0.05925293,0.13074706,-0.5592529,-0.06925293,-1.0092529,-2.049253,-4.679253,-6.5792527,-6.689253,-3.4292529,-1.1692529,-2.7092528,-2.4492528,-2.7192528,-4.029253,-4.8292527,-4.5392528,-5.139253,-4.5792527,-5.109253,-6.169253,-4.949253,-3.599253,-4.429253,-3.029253,-2.819253,-2.4192529,-2.239253,-1.6692529,-1.339253,-1.7592529,-2.089253,-3.519253,1.2407471,2.370747,1.6507471,0.38074708,-3.1892529,0.7407471,3.620747,2.710747
-1.339253,-3.019253,-0.7492529,-0.7592529,0.6107471,-0.36925292,-1.9192529,-0.97925293,-2.1892529,-3.7192528,-4.749253,-5.779253,-0.49925292,-0.24925293,-1.199253,-0.70925295,-2.519253,-5.0792527,-4.749253,-4.979253,-4.759253,-4.8292527,-4.3292527,-3.629253,-3.879253,-3.659253,-3.4192529,-3.9592528,-1.7392529,-2.4692528,-3.489253,-1.6692529,-1.5992529,0.10074707,-2.329253,-0.13925293,3.100747,1.4807471,1.060747,2.260747,1.2707471,-0.10925293,0.52074707
-0.59925294,-1.6092529,-0.5092529,-1.0992529,-1.1592529,-0.6292529,0.04074707,0.36074707,-0.89925295,-1.589253,-3.589253,-3.569253,-1.2892529,-0.19925293,-1.1492529,0.67074704,0.5507471,-0.65925294,-2.389253,-3.9192529,-3.2092528,-3.569253,-3.379253,-3.9292529,-3.809253,-3.519253,-3.359253,-3.7292528,-3.629253,-3.759253,-3.2192528,-3.079253,-2.809253,-2.149253,0.41074708,-0.48925292,1.3407471,3.220747,2.990747,3.410747,3.0507472,2.850747,3.160747
1.2307471,-1.3692529,0.20074707,1.820747,0.43074706,1.2207471,0.8107471,-0.17925292,-1.2892529,-1.059253,-2.769253,-1.8492529,-1.549253,-2.059253,0.39074707,2.750747,2.900747,2.370747,1.300747,-0.91925293,-2.309253,-3.039253,-1.4092529,-1.679253,-1.1492529,-1.8592529,-3.089253,-3.049253,-2.9292529,-3.519253,-3.6792529,-0.51925296,-2.529253,-2.339253,-1.6392529,-0.8592529,2.920747,2.390747,1.8307471,1.7307471,1.9907471,1.7307471,2.400747
0.6907471,1.040747,1.7107471,2.430747,2.230747,2.750747,1.070747,0.8207471,0.29074708,0.10074707,-0.5692529,-1.8892529,-0.16925293,-0.97925293,-1.5192529,-1.5992529,0.27074707,1.700747,2.400747,0.78074706,-0.47925293,-1.189253,-2.2192528,-2.379253,-2.259253,-2.039253,-2.519253,-3.649253,-3.749253,-2.799253,-2.629253,-3.079253,-1.6592529,-1.6392529,-1.5392529,-1.7392529,0.43074706,2.340747,0.84074706,0.8207471,0.5507471,0.59074706,0.18074708
2.650747,1.5907471,1.1107471,2.370747,-0.77925295,1.3607471,0.22074707,0.6207471,0.10074707,0.58074707,-1.8892529,-1.1392529,-0.84925294,0.09074707,1.3607471,-0.70925295,-3.589253,-1.9992529,-0.53925294,0.7007471,1.6507471,-0.12925293,-0.96925294,-1.5192529,-2.329253,-2.049253,-2.579253,-2.899253,-2.539253,-2.749253,-2.889253,-3.2092528,-3.9592528,-1.689253,-2.299253,-1.1292529,-0.23925292,2.170747,1.410747,0.78074706,0.12074707,1.200747,1.3707471
