wind_kz.json
{"header": {"discipline":0,"disciplineName":"Meteorological products","gribEdition":2,"gribLength":948,"center":7,"centerName":"US National Weather Service - NCEP(WMC)","subcenter":0,"refTime":"2023-09-25T12:00:00.000Z","significanceOfRT":1,"significanceOfRTName":"Start of forecast","productStatus":0,"productStatusName":"Operational products","productType":1,"productTypeName":"Forecast products","productDefinitionTemplate":0,"productDefinitionTemplateName":"Analysis/forecast at horizontal level/layer at a point in time","parameterCategory":2,"parameterCategoryName":"UnknownDiscipline_0_Category_2","parameterNumber":3,"parameterNumberName":"UnknownParameter_D0_C2_3","parameterUnit":"Unknown","genProcessType":2,"genProcessTypeName":"Forecast","forecastTime":60,"surface1Type":103,"surface1TypeName":"Specified height level above ground","surface1Value":10.0,"surface2Type":255,"surface2TypeName":"Missing","surface2Value":0.0,"gridDefinitionTemplate":0,"gridDefinitionTemplateName":"Latitude_Longitude","numberPoints":615,"shape":6,"shapeName":"Earth spherical with radius of 6,371,229.0 m","gridUnits":"degrees","resolution":48,"winds":"true","scanMode":64,"nx":41,"ny":15,"basicAngle":0,"lo1":47.0,"la1":41.0,"lo2":87.0,"la2":55.0,"dx":1.0,"dy":1.0}, "data":
[rows 0 to 14 of 15, columns 0 to 40 of 41]
-0.51557344,-1.8455734,1.6444266,-0.70557344,-2.7155733,0.29442656,0.80442655,1.0744265,-0.5455734,0.41442657,-1.7955735,-2.0355735,-3.0255735,-3.4155734,-3.4755735,-3.9355733,-3.9555733,-1.5555735,-0.9255734,-2.2455735,-1.4555734,-3.0455735,0.07442658,-1.7655734,0.36442658,-0.64557344,0.13442658,1.1444266,0.86442655,3.4444265,1.9444265,0.6944266,0.60442656,-1.5255734,0.004426575,-1.5855734,-1.8555734,-0.6755734,-0.7255734,1.5144266,1.7344266
2.0344267,1.5944266,2.2144265,-0.9355734,-1.2155734,-1.4155735,-1.6155734,0.31442657,0.54442656,1.2744266,-0.8455734,-2.0455735,-2.9455733,-3.4955735,-4.315573,-3.7455735,-2.7255735,-1.6355734,-4.0155735,-4.2855735,-3.2855735,-0.5555734,0.54442656,2.0344267,-0.37557343,0.21442658,-0.6555734,0.24442658,1.7344266,-0.83557343,1.5944266,4.3544264,0.9444266,-0.7355734,-2.4055734,-0.6155734,0.21442658,-1.6855735,-1.2755734,-1.5855734,0.41442657
2.7744265,3.3844266,1.4744266,-0.2655734,-1.6255734,-1.6055734,-1.2855735,-2.1155734,-2.0555735,-2.6355734,-2.1855733,-2.4455733,-2.9455733,-3.5755734,-3.7455735,-3.3155735,-1.9355735,-2.7855735,-3.6255734,-4.5355735,-4.3955736,0.7544266,0.054426573,1.1444266,-0.045573425,0.74442655,0.47442657,0.114426576,-0.6055734,1.4444265,2.4044266,0.8844266,1.5244266,-0.77557343,-0.6655734,2.5644267,4.3844266,0.8844266,0.7044266,-0.46557343,0.15442657
0.31442657,1.6744266,0.47442657,-1.0355735,-2.4955735,-2.2955735,-2.5955734,-3.0555735,-2.6155734,-2.4755735,-2.4255733,-1.4755734,-1.4955734,-2.6155734,-3.7955735,-4.2555733,-3.6655734,-3.1755733,-3.4055734,-4.335573,-4.3655734,-1.7055734,-0.9855734,-0.46557343,-0.23557343,0.18442658,1.4644265,-0.71557343,2.6544266,0.4244266,1.0444266,-1.1655735,-1.8255734,-0.13557343,-0.28557342,-2.8355734,-1.1055734,2.8144267,2.1844265,-0.025573425,0.07442658
0.15442657,0.13442658,-0.81557345,-0.82557344,-1.0855734,-2.2855735,-3.0355735,-1.9755734,-3.3155735,-2.9455733,-2.1655734,-1.7455734,-2.9155734,-2.1555734,-2.4455733,-3.3855734,-3.9655733,-3.8155735,-3.1355734,-3.5255735,-3.2555735,-3.1955733,-4.0955734,0.21442658,0.6444266,0.49442658,1.3944266,0.8944266,0.39442658,-0.9355734,-2.1455734,0.19442658,2.5544267,3.3244267,-0.6055734,-0.7455734,1.3244265,-2.4855735,-1.8355734,0.41442657,-0.18557343
-0.3255734,-0.6855734,-0.7855734,1.7044265,-0.045573425,-3.3955734,-4.1455736,-4.0755734,-3.0755734,-1.9255735,-1.9155735,-0.20557342,-0.41557342,0.6444266,-0.83557343,-2.8355734,-3.4955735,-3.6155734,-3.5255735,-1.2655734,-3.5655735,-2.5055735,-2.5755734,-1.1755735,-0.015573425,1.9044266,2.2344265,2.5144265,1.3544266,0.28442657,-0.9955734,-0.6555734,-0.39557344,-1.3655734,1.1244266,2.9344265,2.3444266,4.0944266,0.40442657,-1.6755735,-0.14557342
0.5244266,-0.6055734,-0.69557345,-0.77557343,-0.9055734,-1.9255735,-3.2355735,-3.4555733,-2.9355733,-2.9255733,-1.7655734,0.54442656,2.6344266,-0.055573426,-1.8255734,-2.9855735,-3.3955734,-3.3755734,-3.1755733,-2.3255734,-2.6655734,-2.7455735,-2.9755735,0.24442658,2.0444267,-0.5455734,0.8144266,2.0344267,1.4844266,1.4144266,0.39442658,-0.75557345,-2.0355735,0.23442657,-1.2255734,-1.4855734,-2.8555734,-0.41557342,-0.56557345,0.37442657,0.27442658
-3.3255734,-3.1155734,-3.8955734,-1.8055735,-1.9355735,-2.7655735,-3.7555735,-3.9955735,-3.4155734,-2.4555733,-1.4755734,1.5344266,0.9444266,0.054426573,-2.2255735,-3.2855735,-3.5055735,-3.5355735,-3.0555735,-2.6755733,-2.5455735,-3.4755735,-3.4655733,1.0544266,2.1044266,2.4244266,1.4544265,2.4444265,1.2144265,2.9044266,2.2144265,1.6944265,-0.065573424,-0.89557344,0.8944266,-0.17557342,0.93442655,1.8944266,-1.4855734,0.40442657,-2.0855734
-0.33557343,-1.7355734,-3.0655735,-3.8055735,-3.9055734,-3.2255735,-3.3255734,-3.4355733,-4.4855733,-4.1855736,-2.9355733,-0.38557342,-0.015573425,-0.7955734,-2.0555735,-2.9955735,-3.3455734,-2.7655735,-2.8055735,-2.7955735,-1.9455734,-2.3455734,-2.0855734,-1.4055734,1.9544265,1.6744266,1.1944265,1.5644265,-0.18557343,0.44442657,1.7944266,2.4244266,1.2044265,3.2544265,2.5644267,2.7144265,-1.1755735,-0.045573425,-0.0055734254,0.24442658,-3.0455735
0.61442655,-0.6055734,-2.5355735,-3.3055735,-3.5755734,-3.3155735,-3.2955735,-3.6555734,-3.1455734,-3.1455734,-3.2155733,-0.9755734,0.41442657,-0.23557343,-1.5055734,-2.3255734,-2.8455734,-3.1455734,-2.3255734,-2.1155734,-2.9855735,-3.2055733,-2.4155734,1.0044266,-1.0655735,1.0244266,1.2544266,1.5244266,2.5244265,1.9244266,1.9744266,1.7444266,2.9144266,3.4044266,2.6844265,1.2044265,0.80442655,-2.4055734,0.044426575,4.2444267,4.0544267
-0.50557345,-0.8755734,-2.6455734,-3.3755734,-3.3355734,-3.3155735,-3.3455734,-3.1155734,-2.8155735,-2.8755734,-2.2955735,-1.1655735,-2.5155735,0.5044266,-0.49557343,-2.0555735,-2.7055733,-2.7655735,-2.1355734,-2.2055733,-1.9655734,-3.7155733,-3.6955733,-3.9155734,-0.3255734,0.5244266,0.53442657,1.1144266,-0.35557342,-0.50557345,-0.8655734,1.8644266,2.3044267,3.4344265,3.5444267,1.6544266,0.73442656,2.5144265,1.9644265,1.5744265,-0.055573426
-2.4255733,-2.8555734,-2.5955734,-3.2855735,-3.0455735,-3.2155733,-2.7655735,-2.3355734,-3.0855734,-2.3055735,-1.7455734,-2.2755735,-3.1655734,-0.75557345,-0.25557342,-1.7055734,-1.9055734,-2.4955735,-2.4755735,-2.1355734,-1.7355734,-1.8155735,-3.0855734,-1.0255734,-2.7155733,-3.8755734,-2.5455735,-0.96557343,-1.4655734,-2.3155735,-2.3555734,1.2844266,2.1944265,3.0244265,2.7144265,3.0644267,2.3644266,2.9544265,2.3144267,2.2144265,1.0544266
-1.6355734,-1.1655735,-2.1855733,-1.4455734,-1.9455734,-1.6855735,-2.2555735,-1.9155735,-2.4955735,-1.6755735,-1.0455735,-1.0855734,-1.9255735,-1.8055735,-0.8755734,-1.2755734,-1.0655735,-1.3155735,-1.7055734,-1.9355735,-1.4155735,-0.40557343,-0.40557343,0.014426575,-1.3455734,1.8244265,2.5944266,-0.10557342,-0.7355734,-1.2955735,-1.9655734,-1.5755734,1.0244266,2.5444267,2.7744265,3.0044265,2.8044267,1.6344266,2.8244267,1.7044265,0.73442656
-1.4855734,-2.1855733,-3.2355735,-2.6655734,-1.7955735,-1.7455734,-1.7455734,-2.5155735,-1.3555734,-1.5755734,0.034426574,-0.51557344,-0.8555734,-1.0655735,-1.5655735,-1.4355735,-1.7155734,-0.96557343,-1.2455734,-0.6055734,-0.6155734,0.034426574,0.084426574,-0.2655734,-1.0955734,1.2844266,1.5244266,1.4044266,0.60442656,0.25442657,-0.11557343,-0.49557343,-1.0055734,-1.6055734,1.3244265,2.4944265,2.2844267,1.8944266,1.9444265,1.8644266,1.8244265
-1.0055734,-1.9755734,-3.2355735,-2.0455735,-2.6755733,-1.9555734,-1.2755734,-1.3255734,-2.3755734,-1.8755734,-0.30557343,0.30442658,0.23442657,-0.69557345,-2.4255733,-2.0055735,-1.7055734,-1.4555734,-1.1555734,-0.065573424,-0.08557343,0.24442658,0.7644266,0.66442657,0.49442658,0.49442658,2.1444266,2.4844265,2.1844265,2.0344267,1.0544266,0.6344266,0.61442655,-0.045573425,0.61442655,0.6244266,1.8744266,2.2044265,2.9444265,3.3044267,1.0744265
