wind_kz.json
{"header": {"discipline":0,"disciplineName":"Meteorological products","gribEdition":2,"gribLength":1025,"center":7,"centerName":"US National Weather Service - NCEP(WMC)","subcenter":0,"refTime":"2023-09-19T00:00:00.000Z","significanceOfRT":1,"significanceOfRTName":"Start of forecast","productStatus":0,"productStatusName":"Operational products","productType":1,"productTypeName":"Forecast products","productDefinitionTemplate":0,"productDefinitionTemplateName":"Analysis/forecast at horizontal level/layer at a point in time","parameterCategory":2,"parameterCategoryName":"UnknownDiscipline_0_Category_2","parameterNumber":2,"parameterNumberName":"UnknownParameter_D0_C2_2","parameterUnit":"Unknown","genProcessType":2,"genProcessTypeName":"Forecast","forecastTime":120,"surface1Type":103,"surface1TypeName":"Specified height level above ground","surface1Value":10.0,"surface2Type":255,"surface2TypeName":"Missing","surface2Value":0.0,"gridDefinitionTemplate":0,"gridDefinitionTemplateName":"Latitude_Longitude","numberPoints":615,"shape":6,"shapeName":"Earth spherical with radius of 6,371,229.0 m","gridUnits":"degrees","resolution":48,"winds":"true","scanMode":64,"nx":41,"ny":15,"basicAngle":0,"lo1":47.0,"la1":41.0,"lo2":87.0,"la2":55.0,"dx":1.0,"dy":1.0}, "data":
[rows 0 to 14 of 15, columns 0 to 40 of 41]
-1.9496118,-1.0096118,0.67038816,-6.709612,-8.389612,-7.959612,-6.2596116,-6.899612,-7.819612,-4.1196117,-2.7296119,-3.9796119,-3.459612,-2.7396119,-2.2696118,-1.9996119,-2.1096117,-1.4996119,-2.959612,-1.2996118,-0.33961183,-0.049611818,-0.9296118,-1.3796118,-0.7796118,-2.5596118,-2.3596117,0.9103882,1.4703882,1.2203882,1.8703882,1.8103882,3.881836E-4,-0.25961182,-0.7196118,-1.3096118,-0.9996118,-0.3896118,0.54038817,0.100388184,-1.1596118
1.8303882,-0.119611815,-3.9796119,-7.9096117,-7.6596117,-8.469612,-5.229612,-7.2596116,-4.709612,-4.1396117,-3.219612,-3.8096118,-2.4896119,-1.7996118,-1.1496118,-2.0296118,-1.0796118,-2.8096118,-1.9996119,-1.6996118,-1.9096118,-1.5996118,-1.5396118,-2.2296119,0.22038819,0.8103882,0.21038818,2.0003881,-1.8396118,-0.12961182,0.25038818,0.5803882,1.3203882,-2.699612,0.28038818,-0.079611816,-0.6896118,0.5203882,-0.18961182,0.8303882,0.28038818
-2.1596117,-5.499612,-8.489612,-8.279612,-7.439612,-6.589612,-4.749612,-2.5796118,-4.819612,-4.079612,-3.3296118,-3.0096118,-2.0296118,-2.1196117,-1.4596118,-1.7596118,-2.3796117,-1.3396118,-0.6096118,-0.9196118,-0.36961183,-1.5896118,-4.8696117,-3.939612,1.8903881,0.9303882,2.2303882,0.85038817,-2.419612,-0.049611818,-0.4496118,3.0203881,0.4203882,0.73038816,0.8903882,-0.8096118,0.12038818,0.34038818,0.25038818,2.780388,2.1203883
-8.419612,-10.349612,-8.999612,-7.959612,-5.809612,-4.329612,-3.0596118,-3.5896118,-3.5096118,-3.219612,-2.8796117,-3.199612,-2.8296118,-3.959612,-2.7696118,-2.699612,-2.4796119,-3.0596118,-3.7796118,-4.059612,-4.149612,-2.929612,0.7503882,-2.3096118,-2.4896119,-3.0396118,-3.0096118,-3.679612,1.1403881,3.2203882,4.5303884,2.8503883,-0.89961183,-1.7796118,-3.939612,-1.8996118,-0.5596118,3.0003881,2.540388,0.15038818,0.7203882
-7.2596116,-7.549612,-7.8696117,-6.479612,-5.289612,-4.229612,-4.0096116,-2.8996117,-2.969612,-2.699612,-2.939612,-4.149612,-6.1196117,-5.9296117,-4.7196116,-2.9096117,-1.9996119,-3.4796119,-5.319612,-6.019612,-5.499612,-5.1596117,-5.589612,-4.229612,-4.7796116,-4.1996117,-4.1996117,-3.8696117,-0.9396118,-0.079611816,1.4403882,-1.2196118,-0.22961181,2.4403882,2.2403882,2.0203881,-1.3396118,-1.4996119,-1.8296118,-0.88961184,-0.64961183
-5.559612,-4.3496118,-6.559612,-5.459612,-5.7796116,-4.6196117,-3.459612,-2.699612,-2.3696117,-3.3696117,-4.2196116,-4.229612,-6.309612,-6.569612,-4.6396117,-2.699612,-2.8696117,-5.799612,-6.019612,-4.8696117,-5.439612,-4.549612,-4.1396117,-4.229612,-4.0996118,-4.039612,-2.8496118,-3.959612,-2.419612,-3.4096117,-2.8696117,-3.9896119,-2.2696118,0.030388184,3.310388,5.2403884,0.54038817,2.570388,3.780388,1.5103881,2.0903883
-4.329612,-4.049612,-3.929612,-4.419612,-3.8396118,-2.5396118,-1.6996118,-1.1196119,-3.3496118,-3.3596117,-3.6296117,-6.039612,-4.689612,-4.189612,-3.0396118,-3.3696117,-3.8796117,-4.049612,-3.459612,-4.539612,-3.7996118,-3.5396118,-3.3996117,-3.719612,-3.4096117,-2.8596117,-2.6396117,-1.7596118,-2.7796118,-2.8696117,-2.969612,-2.7496119,-1.8096118,0.20038818,2.2703881,0.9703882,2.1203883,0.47038817,1.2403882,2.540388,1.7803882
-3.7896118,-3.709612,-3.0996118,-2.709612,-2.0196118,-1.0896118,-1.6096119,-2.209612,-2.9996119,-3.8496118,-3.8296118,-4.919612,-3.5496118,-3.959612,-2.5496118,-2.8096118,-2.969612,-2.949612,-2.6596117,-3.3096118,-2.719612,-1.8596119,-2.0996118,-2.3396118,-1.9396118,-1.1096119,-1.2796118,-0.64961183,0.050388183,-0.4596118,-1.1596118,-0.9696118,-0.28961182,-1.3296118,-1.2796118,2.560388,6.0503883,9.470388,6.330388,6.080388,-1.9596118
-3.429612,-3.2496119,-3.3596117,-3.189612,-3.0796118,-2.7396119,-2.8696117,-2.969612,-2.209612,-2.5396118,-2.2596118,-3.7396119,-3.429612,-3.0296118,-2.9796119,-2.2796118,-2.2696118,-2.5996118,-2.5396118,-2.4796119,-2.449612,-1.5896118,-1.1496118,-1.6296118,-1.5996118,-1.0396118,-0.76961184,0.11038818,0.5303882,0.08038818,0.40038818,0.46038818,1.0303882,1.8103882,2.2203882,2.7303882,0.8403882,0.47038817,1.1003882,-0.8496118,-0.009611816
-2.6396117,-2.5896118,-2.1596117,-2.5696118,-2.8596117,-2.8596117,-3.2996118,-2.9796119,-2.3496118,-2.8396118,-3.6596117,-3.4996119,-2.679612,-2.3296118,-2.709612,-2.0496118,-2.199612,-1.7396119,-1.9496118,-1.8496118,-1.7996118,-0.9296118,-0.75961185,-0.17961182,-0.18961182,1.3503882,0.4203882,-0.22961181,0.67038816,1.1703882,0.5903882,1.8603882,2.550388,2.6003883,1.2003882,3.2703881,1.5703882,1.5603882,-0.019611817,1.2003882,0.7103882
-1.2496119,-1.0696118,-1.7196118,-2.5396118,-2.6096117,-3.3096118,-3.0996118,-2.2596118,-2.669612,-3.3296118,-2.9796119,-1.8896118,-1.8996118,-2.0396118,-1.6096119,-1.4096118,-1.5596118,-0.8396118,-1.2496119,-0.82961184,-0.70961183,-0.34961182,0.22038819,0.14038819,-1.1896118,-0.49961182,0.21038818,0.17038818,1.0303882,2.1503882,2.4703882,2.550388,1.1803882,1.3503882,1.1203882,1.0003881,0.19038819,0.25038818,0.6903882,0.060388185,-0.23961182
-0.9396118,-0.8096118,-1.4996119,-2.8196118,-3.2596118,-2.7296119,-2.0696118,-1.5696118,-1.6296118,-2.699612,-1.8496118,-1.1896118,-1.8196118,-1.4296118,-0.3596118,0.31038818,0.6803882,0.2603882,0.09038819,1.0203881,0.6403882,0.6803882,0.5303882,0.49038818,0.6603882,1.2703881,0.85038817,1.4903882,2.830388,2.530388,2.810388,2.8703883,1.5903882,2.290388,1.3903881,2.2403882,0.8803882,1.6103882,1.3503882,-0.13961181,0.5903882
-0.9396118,-1.0096118,-2.6096117,-2.3296118,-2.2896118,-1.9296118,-1.9696118,-1.5696118,-2.0896118,-0.88961184,-0.9296118,0.020388184,0.07038818,0.6903882,1.4303882,1.4103882,1.2803882,1.7103882,1.3503882,1.6303881,1.2903882,1.1903882,1.8303882,1.8403882,2.550388,2.4303882,3.790388,2.570388,2.9103882,2.8803883,2.6503882,2.550388,2.1403883,1.9403882,2.4603882,1.9403882,2.5203881,1.5803882,2.1203883,3.050388,0.9103882
0.34038818,-0.4196118,-0.7896118,-1.6696118,-1.3296118,-1.4196118,-0.9796118,-1.4096118,-0.19961181,-0.6896118,-1.2396119,-0.8096118,0.8703882,1.3603882,2.040388,2.060388,2.4003882,2.2103882,2.2103882,2.6803882,2.7003882,2.550388,2.9703882,2.6103883,2.1003883,1.8903881,3.2503881,3.4703882,1.5103881,2.570388,2.3503883,3.030388,2.2003882,1.7603881,2.2603881,2.550388,2.4603882,2.9903882,1.2103882,1.5503882,1.9003882
-0.3296118,-0.6196118,-0.2996118,-0.9296118,-0.2696118,-0.8396118,-0.4496118,-0.4296118,-0.19961181,-0.9196118,-1.1996118,-0.51961184,0.13038819,1.3403882,2.6503882,2.6503882,3.040388,2.4603882,2.1603882,2.830388,2.6403883,2.7203882,2.6403883,2.9603882,2.6703882,3.2603881,3.1503882,2.9403882,2.300388,2.1403883,2.540388,1.7803882,2.3903883,2.4103882,2.6703882,3.050388,2.6303883,3.3603883,3.780388,3.3903883,2.300388
