wind_kz.json
{"header": {"discipline":0,"disciplineName":"Meteorological products","gribEdition":2,"gribLength":1025,"center":7,"centerName":"US National Weather Service - NCEP(WMC)","subcenter":0,"refTime":"2023-08-20T00:00:00.000Z","significanceOfRT":1,"significanceOfRTName":"Start of forecast","productStatus":0,"productStatusName":"Operational products","productType":1,"productTypeName":"Forecast products","productDefinitionTemplate":0,"productDefinitionTemplateName":"Analysis/forecast at horizontal level/layer at a point in time","parameterCategory":2,"parameterCategoryName":"UnknownDiscipline_0_Category_2","parameterNumber":3,"parameterNumberName":"UnknownParameter_D0_C2_3","parameterUnit":"Unknown","genProcessType":2,"genProcessTypeName":"Forecast","forecastTime":120,"surface1Type":103,"surface1TypeName":"Specified height level above ground","surface1Value":10.0,"surface2Type":255,"surface2TypeName":"Missing","surface2Value":0.0,"gridDefinitionTemplate":0,"gridDefinitionTemplateName":"Latitude_Longitude","numberPoints":615,"shape":6,"shapeName":"Earth spherical with radius of 6,371,229.0 m","gridUnits":"degrees","resolution":48,"winds":"true","scanMode":64,"nx":41,"ny":15,"basicAngle":0,"lo1":47.0,"la1":41.0,"lo2":87.0,"la2":55.0,"dx":1.0,"dy":1.0}, "data":
[rows 0 to 14 of 15, columns 0 to 40 of 41]
0.2448877,-2.0551124,0.6548877,-4.565112,-5.355112,-6.755112,-5.2051125,-3.7851124,-3.3851123,-3.6651123,-2.9151123,0.1748877,-0.12511231,0.30488768,-1.3051124,-3.4351122,-3.6851122,-2.9651122,-2.1051123,-2.3551123,-1.4851123,-3.6751122,-2.9151123,-1.2551123,-1.2451123,-1.1351123,-0.9751123,1.1348877,1.7748877,0.9548877,-0.9751123,0.014887695,1.4848877,1.1348877,-1.8351123,-1.4451123,-1.6251123,-0.8651123,-1.4551123,-3.3651123,-0.5051123
3.1548877,1.9648877,1.9748877,-2.4151123,-4.9151125,-3.7351122,-3.1751122,-2.6751122,-2.9951124,-4.2251124,-5.3451123,-4.4551125,-1.2951123,0.2148877,-0.8951123,-2.3351123,-2.4451122,-1.1851124,-2.4751122,-3.8351123,-3.4651122,-3.2951124,-1.4551123,1.0648876,-0.1451123,0.36488768,-2.3151124,1.5148877,-0.10511231,1.5348877,2.7948878,2.7048876,-0.4351123,0.4448877,-1.5351123,-2.0851123,-1.4051123,-2.1051123,-0.2951123,-1.5251123,-0.2451123
2.2148876,7.8348875,4.514888,2.1548877,0.3148877,-1.8251123,-2.2951124,-3.1951122,-3.6851122,-3.9351122,-4.3451123,-3.4251122,-4.0151124,-1.8251123,-1.9751123,-2.3551123,-2.6251123,-2.5851123,-2.8251123,-2.6951122,-2.8851123,-3.1851122,-0.5451123,1.0248877,1.5248877,0.4048877,1.7748877,1.3248878,-0.23511231,3.3648877,4.0248876,1.5048877,2.9548876,-1.2051123,-0.5951123,2.4548876,2.7548876,-1.0351123,0.014887695,-0.055112306,0.5048877
2.6948876,6.7148876,5.0748878,3.2548876,2.3748877,1.1848876,0.3148877,-2.4851122,-3.2651124,-3.4151123,-2.8951123,-2.5651124,-3.7151122,-1.6151123,-1.8851123,-2.4251122,-2.4451122,-1.4651123,-1.6251123,-1.9251122,-2.1951122,-0.3551123,-2.5851123,-1.0651124,0.4948877,2.4548876,2.2848878,1.9448876,2.5048876,2.4748876,2.6548877,-0.6051123,-1.6851124,-0.6751123,-0.5151123,-2.7951124,-1.2451123,1.4648877,2.8948877,1.5548877,1.6048877
4.5948877,4.6748877,5.1248875,3.0848877,3.8548877,2.7348876,2.3348877,1.2848877,-1.5651124,-2.5151124,-2.4251122,-1.5951123,-2.5151124,-2.1251123,-2.4651122,-2.5451124,-2.7651124,-2.8551123,-0.8451123,0.1948877,-1.7551123,-0.7551123,-2.8651123,-3.0751123,-3.0451124,-1.1151123,3.3148878,3.4348876,2.2848878,2.7148876,2.7848878,1.9248877,2.6848876,1.9748877,-1.2751123,-1.8951123,0.5348877,0.33488768,2.1148877,2.4548876,4.204888
1.2648877,1.0048877,3.3848877,5.1148877,4.454888,3.0748878,2.5048876,2.2748878,-0.2751123,-1.7751123,-2.4651122,-0.6551123,-0.83511233,-1.6551123,-3.0451124,-3.2651124,-3.6851122,-3.3051124,-5.735112,0.1348877,-0.5151123,-1.1651123,-1.0251123,-3.7651124,-3.9051123,-3.2151122,0.1648877,2.0948877,3.5048876,3.8548877,3.4848876,2.9948876,2.5548878,3.3248878,3.2348876,1.0748878,4.014888,0.97488767,-1.9151123,-2.7451124,1.5648876
0.2248877,-2.0551124,1.1148877,3.0748878,4.5848875,3.7848878,3.2648878,3.0548878,0.9348877,-0.7551123,-2.8451123,-0.10511231,-0.4951123,-0.9051123,-1.6751122,-3.0351124,-3.0051124,-0.3651123,-1.1851124,-1.5051123,-2.6551123,-4.0951123,-4.7851124,-3.9751122,-4.6151123,-5.6651125,-1.4751123,2.3248878,2.5548878,3.4148877,2.0348878,1.9048877,2.9448876,1.2748877,0.1948877,-1.5051123,-3.1551123,-0.06511231,0.9048877,-0.3451123,1.9548877
3.4148877,1.7448877,-1.9051123,-2.9251122,0.1448877,3.4248877,5.0248876,4.5448875,3.8648877,2.9448876,0.5548877,-0.6051123,-1.0851123,-1.3751123,-1.7451123,-2.9551122,-2.1451123,-0.8251123,-0.9351123,-0.06511231,0.15488769,-3.0651124,-2.4851122,-4.0151124,-4.2451124,-3.2751124,-6.005112,-2.9051123,3.3148878,4.514888,2.8148878,1.6048877,0.4948877,2.4548876,3.5348878,0.5548877,1.5048877,2.2848878,-1.2851123,0.4048877,-1.9351124
1.8548877,2.4148877,1.5748878,-0.6151123,0.20488769,3.5048876,3.3848877,4.4248877,3.5448878,3.2548876,1.7748877,0.3748877,-0.6751123,-1.8251123,-1.9351124,-1.5651124,3.0648878,1.1748877,1.2548877,-0.2251123,-1.0151123,-2.2951124,-2.6851122,-2.3151124,-3.0051124,-4.1451125,-2.4051123,-3.0851123,-1.2851123,2.7348876,4.034888,2.7448876,2.5248878,4.8548875,3.7448876,3.5248878,-1.4751123,1.2548877,1.5248877,0.9048877,-0.9351123
3.7148876,2.4648876,1.1448877,0.66488767,1.8848877,0.4948877,1.5448877,3.3248878,3.3748877,2.6948876,2.0548878,0.8648877,0.064887695,-1.1551123,-1.2851123,-1.7951123,1.5448877,2.4048877,1.6848876,0.5048877,-0.005112305,-1.2151123,-3.2151122,-4.005112,-1.2551123,-2.2751124,-2.7851124,-3.2651124,-2.7651124,-4.045112,-3.9451122,-3.6151123,-0.9951123,2.2148876,6.6148877,1.9048877,1.2748877,-2.0651124,-0.045112304,3.9048877,2.9448876
2.4948876,2.3848877,2.0948877,1.7448877,2.0148878,2.2248876,2.5948877,2.3348877,2.5348878,3.0848877,2.4748876,1.7448877,-1.1951123,-0.2651123,0.094887696,1.7748877,4.1148877,2.7248876,2.3948877,2.2048876,2.3348877,0.8248877,-1.5051123,-2.8151124,-2.8451123,-2.1151123,-3.3051124,-4.5951123,-3.7551124,-4.8051124,-5.0351124,-6.355112,-3.3251123,-1.4451123,4.3648877,1.4548877,1.6248877,3.3848877,2.1948876,1.9948877,0.6748877
2.0648878,2.0748878,1.5148877,2.3248878,2.7648878,2.9548876,2.3748877,2.9848876,2.6248877,1.8548877,1.4448876,0.7648877,-0.5151123,1.2448877,0.034887694,-0.005112305,2.3448877,2.9848876,2.3948877,1.8548877,2.1648877,1.1948876,0.1948877,-0.6251123,-1.1851124,-2.2551124,-3.0351124,-3.2351122,-4.1351123,-4.4251122,-3.8551123,-3.8451123,-3.7551124,0.4048877,3.2548876,2.4448876,2.0748878,2.3348877,1.9248877,2.7848878,1.2248877
1.7248877,0.7348877,0.3448877,0.8348877,1.3848877,2.3748877,2.5248878,2.9348876,3.1548877,1.5748878,0.8948877,1.4448876,1.4448876,1.4748877,2.0248878,1.5148877,1.1148877,1.5748878,1.1148877,1.6848876,2.2248876,1.9448876,1.3248878,0.4348877,0.07488769,-0.045112304,-3.0251124,-3.4351122,-2.9651122,-2.7951124,-3.5951123,-2.5651124,-2.5951123,-0.8551123,2.3448877,3.6548877,1.9748877,2.3548877,3.8548877,2.4748876,1.0748878
-1.5751123,-1.8851123,-3.0551124,0.15488769,1.1048877,3.1248877,3.8348877,4.4848876,2.6648877,3.0348878,2.3448877,0.8348877,0.6148877,1.9548877,2.1248877,2.3848877,1.6448877,1.4848877,0.8648877,1.0648876,0.9648877,1.4148877,1.5548877,1.2448877,0.3248877,0.2548877,-1.6951123,-2.3551123,-2.4751122,-2.6051123,-2.4551122,-1.2751123,-0.3551123,-0.8751123,0.4348877,2.7948878,2.4348876,1.8548877,2.7848878,2.4348876,1.4448876
-1.3651123,-2.0051124,-3.1651123,-1.9651123,-1.9051123,-2.4451122,-2.4051123,-1.8951123,-0.8251123,0.1348877,0.8748877,1.5948877,2.2748878,0.36488768,1.5448877,1.8848877,1.8348877,1.0648876,0.4448877,0.4448877,0.0848877,0.4148877,0.3948877,0.4148877,0.3248877,0.4948877,-0.3351123,-1.9751123,-1.7051123,-1.4051123,-1.7951123,-0.6051123,1.2948877,-0.115112305,3.7448876,4.0948877,4.7148876,5.394888,1.4648877,2.1848876,0.9048877
