wind_kz.json
{"header": {"discipline":0,"disciplineName":"Meteorological products","gribEdition":2,"gribLength":1025,"center":7,"centerName":"US National Weather Service - NCEP(WMC)","subcenter":0,"refTime":"2023-08-11T00:00:00.000Z","significanceOfRT":1,"significanceOfRTName":"Start of forecast","productStatus":0,"productStatusName":"Operational products","productType":1,"productTypeName":"Forecast products","productDefinitionTemplate":0,"productDefinitionTemplateName":"Analysis/forecast at horizontal level/layer at a point in time","parameterCategory":2,"parameterCategoryName":"UnknownDiscipline_0_Category_2","parameterNumber":3,"parameterNumberName":"UnknownParameter_D0_C2_3","parameterUnit":"Unknown","genProcessType":2,"genProcessTypeName":"Forecast","forecastTime":0,"surface1Type":103,"surface1TypeName":"Specified height level above ground","surface1Value":10.0,"surface2Type":255,"surface2TypeName":"Missing","surface2Value":0.0,"gridDefinitionTemplate":0,"gridDefinitionTemplateName":"Latitude_Longitude","numberPoints":615,"shape":6,"shapeName":"Earth spherical with radius of 6,371,229.0 m","gridUnits":"degrees","resolution":48,"winds":"true","scanMode":64,"nx":41,"ny":15,"basicAngle":0,"lo1":47.0,"la1":41.0,"lo2":87.0,"la2":55.0,"dx":1.0,"dy":1.0}, "data":
[rows 0 to 14 of 15, columns 0 to 40 of 41]
0.903208,-2.546792,3.133208,3.113208,-2.926792,-2.676792,-2.626792,-1.616792,-2.106792,-2.7067919,-2.306792,-1.556792,-2.116792,-3.176792,-3.946792,-4.266792,-4.266792,-2.9567919,-2.586792,-1.446792,-2.236792,-1.386792,-1.376792,-0.786792,-1.486792,-0.61679196,-3.116792,2.133208,1.173208,-0.766792,-0.916792,1.253208,1.833208,-1.336792,-2.446792,-0.896792,0.753208,1.993208,0.37320802,-1.096792,3.153208
3.813208,0.933208,1.033208,-1.246792,-0.956792,-3.226792,-2.896792,-2.076792,-2.286792,-2.556792,-0.226792,-1.866792,-2.4567919,-2.716792,-3.816792,-3.666792,-3.276792,-1.716792,-3.216792,-3.766792,-2.776792,-3.086792,0.37320802,2.493208,0.213208,1.263208,-0.526792,2.983208,0.963208,2.803208,4.823208,4.473208,0.073208004,-0.34679198,-2.506792,-1.166792,-1.136792,-2.726792,-0.946792,-2.916792,0.103208005
3.0432081,3.443208,1.003208,-0.936792,-1.966792,-1.7667919,-1.526792,-2.436792,-3.016792,-3.806792,-3.236792,-1.956792,-3.126792,-3.476792,-4.036792,-3.866792,-3.126792,-1.476792,-1.956792,-2.966792,-3.886792,-3.436792,0.37320802,2.413208,0.27320802,2.183208,2.263208,1.583208,0.413208,3.023208,3.673208,2.213208,1.783208,-1.626792,-0.08679199,2.693208,3.873208,0.43320802,0.913208,-1.066792,0.183208
1.423208,1.263208,0.14320801,-1.326792,-2.7067919,-1.826792,-2.056792,-3.266792,-3.776792,-4.366792,-4.086792,-3.506792,-4.866792,-5.466792,-4.526792,-4.846792,-3.726792,-0.806792,-2.366792,-2.196792,-2.556792,-2.096792,-1.656792,-3.366792,-3.116792,-0.536792,2.783208,3.683208,5.543208,4.943208,1.393208,-2.506792,-2.696792,0.423208,0.753208,-2.196792,-1.196792,2.033208,4.223208,2.253208,2.803208
1.253208,1.323208,0.013208007,-1.296792,-2.536792,-2.386792,-2.656792,-1.6467919,-3.086792,-1.376792,-0.86679196,-1.686792,-2.486792,-4.456792,-5.636792,-4.726792,-4.966792,-4.346792,-3.566792,-2.996792,-2.676792,-1.626792,-1.456792,-1.476792,-3.826792,-4.046792,-3.406792,-4.366792,-2.846792,0.383208,2.513208,-0.536792,3.883208,3.193208,-1.076792,-1.216792,0.76320803,-2.066792,1.163208,1.7332081,2.513208
-0.126792,-0.37679198,-1.636792,-2.856792,-1.856792,-2.786792,-2.506792,-3.166792,-2.596792,-2.9567919,-3.536792,-3.436792,-3.786792,-4.516792,-4.976792,-4.076792,-4.226792,-4.346792,-5.476792,-4.716792,-3.086792,-1.7667919,-1.056792,-1.466792,-1.566792,-0.546792,0.603208,0.43320802,-2.696792,0.43320802,-1.866792,-1.7667919,1.763208,2.093208,4.443208,1.013208,4.283208,4.643208,-1.0167919,-0.446792,2.313208
-0.126792,-0.666792,-1.376792,-0.896792,-2.086792,-1.826792,-1.996792,-2.766792,-2.816792,-3.376792,-2.376792,-2.196792,-4.176792,-4.816792,-4.896792,-6.006792,-6.256792,-4.526792,-4.436792,-4.406792,-5.006792,-5.756792,-4.916792,-2.366792,-0.03679199,-1.996792,0.723208,2.323208,2.493208,5.503208,0.973208,-0.21679199,2.013208,1.613208,-0.996792,-0.28679198,-1.936792,0.683208,1.833208,0.27320802,3.653208
-1.616792,-1.776792,-2.006792,-2.076792,-2.546792,-2.886792,-2.756792,-2.786792,-2.936792,-3.876792,-2.086792,-1.966792,-3.476792,-4.066792,-4.176792,-5.146792,-6.066792,-6.466792,-6.206792,-4.066792,-3.216792,-6.146792,-6.916792,-7.956792,-2.126792,-0.766792,-1.786792,-2.396792,-0.98679197,0.483208,1.523208,1.553208,-0.426792,0.903208,2.243208,2.453208,2.623208,6.643208,-3.866792,-3.346792,-1.916792
-1.726792,-1.666792,-1.906792,-2.376792,-3.056792,-3.776792,-4.276792,-3.966792,-3.476792,-3.056792,-1.306792,-1.796792,-2.246792,-3.916792,-4.736792,-4.996792,-7.026792,-7.306792,-6.346792,-5.316792,-3.186792,-4.916792,-6.606792,-5.426792,-4.616792,-5.466792,-4.126792,-2.446792,-2.076792,-1.496792,-1.746792,-1.826792,-0.356792,0.14320801,1.113208,2.643208,-0.08679199,2.963208,2.0432081,1.9832081,0.03320801
-1.716792,-1.676792,-1.836792,-2.536792,-3.476792,-4.226792,-3.686792,-4.006792,-4.016792,-2.786792,-3.506792,-2.086792,-1.536792,-3.216792,-5.066792,-6.186792,-5.996792,-6.706792,-6.196792,-5.706792,-6.136792,-5.366792,-5.396792,-5.126792,-4.746792,-5.456792,-4.906792,-5.206792,-4.616792,-4.126792,-3.4567919,-1.626792,-0.966792,1.943208,1.643208,2.453208,1.793208,-1.3967919,1.973208,5.773208,3.803208
-2.536792,-2.656792,-2.546792,-3.666792,-3.606792,-3.486792,-3.296792,-3.256792,-3.966792,-4.186792,-3.316792,-2.336792,-2.606792,-3.606792,-5.096792,-6.026792,-6.916792,-7.276792,-6.226792,-5.996792,-6.366792,-5.336792,-5.686792,-5.996792,-4.226792,-4.956792,-4.386792,-3.7067919,-5.466792,-7.606792,-6.826792,-4.846792,-4.786792,0.653208,3.353208,2.373208,2.773208,3.343208,3.503208,2.253208,2.403208
-0.876792,-2.336792,-1.676792,-2.786792,-2.646792,-3.216792,-2.716792,-2.896792,-3.696792,-2.376792,-1.566792,-3.176792,-3.416792,-3.556792,-4.556792,-5.706792,-5.456792,-6.026792,-6.056792,-6.726792,-6.046792,-5.606792,-5.376792,-4.216792,-4.146792,-4.666792,-4.406792,-5.076792,-6.246792,-6.676792,-6.886792,-5.586792,-3.466792,-2.7067919,-4.036792,4.423208,2.623208,2.933208,2.333208,1.403208,0.63320804
-0.586792,-2.176792,-2.366792,-2.076792,-2.366792,-1.6467919,-2.266792,-3.216792,-3.676792,-1.156792,-0.536792,-1.026792,-2.326792,-3.7067919,-3.346792,-3.776792,-4.116792,-4.456792,-5.456792,-5.696792,-5.036792,-3.986792,-4.056792,-4.076792,-4.806792,-5.086792,-4.886792,-6.146792,-6.276792,-5.066792,-5.946792,-5.236792,-5.336792,-5.196792,-4.336792,-3.326792,0.263208,0.693208,-1.296792,-1.206792,0.11320801
-0.21679199,-1.196792,-2.506792,-2.566792,-2.036792,-2.066792,-3.016792,-2.556792,-2.436792,-2.676792,0.233208,-0.11679199,-2.926792,-2.276792,-2.976792,-3.126792,-3.836792,-4.186792,-4.796792,-4.926792,-4.706792,-4.466792,-5.046792,-4.636792,-4.616792,-4.606792,-4.456792,-4.276792,-4.766792,-4.496792,-4.826792,-5.006792,-4.336792,-4.616792,-4.416792,-5.126792,-3.466792,-0.366792,1.143208,0.34320801,0.293208
-0.646792,-0.15679199,-1.996792,-2.086792,-2.726792,-1.996792,-1.836792,-1.356792,-1.096792,-2.166792,-1.576792,-1.606792,0.16320801,-1.736792,-3.196792,-3.326792,-3.366792,-4.086792,-4.306792,-5.476792,-4.786792,-4.786792,-3.716792,-3.656792,-4.226792,-4.386792,-3.836792,-3.346792,-3.546792,-3.086792,-3.856792,-4.456792,-3.396792,-4.206792,-3.7067919,-3.426792,-3.196792,-3.006792,-3.826792,-2.586792,-0.776792
