wind.json
{"header": {"discipline":0,"disciplineName":"Meteorological products","gribEdition":2,"gribLength":953,"center":7,"centerName":"US National Weather Service - NCEP(WMC)","subcenter":0,"refTime":"2023-06-27T18:00:00.000Z","significanceOfRT":1,"significanceOfRTName":"Start of forecast","productStatus":0,"productStatusName":"Operational products","productType":1,"productTypeName":"Forecast products","productDefinitionTemplate":0,"productDefinitionTemplateName":"Analysis/forecast at horizontal level/layer at a point in time","parameterCategory":0,"parameterCategoryName":"UnknownDiscipline_0_Category_0","parameterNumber":0,"parameterNumberName":"UnknownParameter_D0_C0_0","parameterUnit":"Unknown","genProcessType":2,"genProcessTypeName":"Forecast","forecastTime":0,"surface1Type":1,"surface1TypeName":"Ground or water surface","surface1Value":0.0,"surface2Type":255,"surface2TypeName":"Missing","surface2Value":0.0,"gridDefinitionTemplate":0,"gridDefinitionTemplateName":"Latitude_Longitude","numberPoints":688,"shape":6,"shapeName":"Earth spherical with radius of 6,371,229.0 m","gridUnits":"degrees","resolution":48,"winds":"true","scanMode":64,"nx":43,"ny":16,"basicAngle":0,"lo1":45.0,"la1":40.0,"lo2":87.0,"la2":55.0,"dx":1.0,"dy":1.0}, "data":
[rows 0 to 15 of 16, columns 0 to 42 of 43]
283.10986,279.70987,297.20987,300.20987,299.10986,297.00986,296.10986,294.10986,300.90985,300.00986,306.70987,303.80988,307.20987,306.50986,303.30988,304.50986,304.00986,303.70987,303.70987,303.20987,299.70987,299.00986,295.40985,299.00986,295.80988,291.40985,292.30988,285.30988,279.60986,281.10986,283.00986,294.30988,295.30988,294.70987,297.30988,297.90985,301.00986,300.20987,300.70987,301.20987,296.60986,293.60986,295.00986
286.70987,296.90985,297.50986,287.20987,290.40985,295.70987,295.80988,294.10986,298.80988,305.80988,304.50986,305.40985,304.20987,303.80988,302.90985,302.40985,301.70987,300.40985,301.10986,302.30988,301.60986,302.30988,302.30988,298.60986,296.00986,289.20987,297.60986,300.10986,292.80988,277.60986,279.50986,278.40985,277.10986,279.50986,289.30988,297.00986,299.50986,297.50986,297.50986,297.50986,296.20987,297.10986,298.10986
285.60986,283.40985,275.80988,289.20987,295.30988,295.60986,295.50986,293.60986,304.10986,304.60986,304.00986,303.10986,302.10986,300.00986,299.60986,298.70987,297.30988,296.70987,298.30988,299.00986,298.00986,298.10986,299.70987,300.30988,296.10986,285.20987,273.90985,275.80988,286.70987,276.60986,279.90985,273.20987,280.80988,270.80988,284.30988,259.20987,280.30988,295.20987,294.20987,295.20987,298.00986,291.20987,283.50986
288.10986,289.40985,292.40985,295.70987,295.30988,295.60986,295.00986,301.90985,303.90985,302.70987,301.30988,300.70987,299.90985,298.90985,295.40985,296.20987,297.30988,294.50986,294.60986,294.30988,294.30988,294.70987,297.00986,297.40985,295.80988,288.90985,291.60986,291.00986,294.30988,292.90985,290.40985,283.40985,275.40985,276.60986,282.60986,281.30988,283.10986,284.60986,279.30988,279.10986,281.60986,276.90985,274.00986
296.40985,296.90985,292.40985,296.50986,296.50986,295.60986,296.90985,301.20987,300.20987,299.10986,299.50986,299.40985,298.00986,296.80988,294.00986,293.40985,295.10986,292.70987,295.60986,294.50986,297.00986,294.20987,293.30988,288.60986,295.60986,296.50986,295.10986,296.20987,297.70987,293.50986,294.80988,295.90985,295.90985,289.70987,299.30988,292.90985,292.20987,290.30988,279.80988,276.00986,281.50986,287.30988,292.30988
299.00986,299.00986,296.60986,296.90985,296.80988,297.30988,298.30988,299.30988,300.60986,299.80988,298.80988,298.30988,297.00986,295.40985,294.50986,294.00986,291.10986,295.10986,295.80988,295.10986,293.30988,295.20987,295.60986,295.30988,294.70987,295.00986,295.10986,296.30988,295.10986,294.20987,294.20987,296.30988,299.90985,294.90985,281.90985,273.20987,282.20987,292.20987,294.90985,298.40985,298.00986,297.70987,297.80988
295.10986,298.70987,295.40985,292.80988,297.60986,296.30988,296.40985,295.90985,298.90985,299.50986,297.40985,296.80988,296.20987,295.90985,293.20987,293.40985,293.30988,293.10986,293.70987,293.90985,292.20987,293.90985,292.20987,292.10986,291.60986,292.10986,292.00986,291.90985,294.20987,290.40985,293.80988,297.10986,297.80988,299.60986,296.20987,291.60986,292.20987,295.10986,287.00986,288.20987,294.80988,295.00986,296.40985
293.40985,296.10986,295.90985,294.40985,299.30988,300.50986,297.70987,297.10986,298.30988,297.90985,297.50986,297.30988,295.60986,294.30988,293.50986,292.90985,292.60986,292.40985,291.20987,291.00986,291.00986,289.30988,290.10986,289.30988,289.70987,290.20987,288.90985,289.90985,291.20987,293.50986,292.50986,293.30988,296.20987,298.10986,298.50986,295.10986,293.00986,291.80988,284.60986,283.20987,280.50986,280.30988,292.50986
292.30988,292.30988,296.00986,296.90985,297.60986,299.00986,300.00986,299.40985,297.50986,295.10986,292.90985,293.40985,292.10986,291.60986,290.00986,291.70987,291.50986,290.80988,290.60986,289.70987,288.80988,287.10986,287.30988,288.20987,288.50986,288.40985,286.10986,284.60986,285.50986,287.70987,288.30988,289.40985,287.60986,291.10986,294.30988,289.60986,285.50986,294.50986,294.90985,288.00986,293.40985,292.70987,287.70987
289.60986,293.10986,294.00986,294.90985,295.50986,295.90985,298.10986,294.70987,293.20987,292.70987,291.20987,289.90985,288.80988,288.40985,286.90985,287.90985,289.30988,287.90985,286.40985,286.30988,285.70987,286.10986,284.80988,285.10986,286.30988,286.40985,285.90985,286.40985,282.90985,283.00986,282.80988,283.30988,284.10986,285.10986,289.50986,293.40985,289.60986,289.50986,286.70987,292.70987,276.10986,274.70987,271.00986
288.30988,292.30988,292.60986,294.10986,294.80988,293.00986,291.90985,291.10986,290.70987,289.10986,289.10986,287.60986,287.00986,284.90985,284.50986,285.30988,285.70987,285.60986,285.20987,286.10986,287.50986,286.80988,285.00986,285.20987,285.70987,286.00986,285.80988,285.30988,285.40985,283.90985,284.50986,285.20987,287.10986,288.30988,290.70987,291.40985,291.40985,286.20987,289.40985,286.30988,277.80988,279.10986,277.90985
288.40985,290.00986,291.50986,291.30988,290.10986,290.60986,289.50986,288.80988,288.30988,286.30988,285.80988,285.50986,284.40985,287.60986,283.50986,283.90985,283.60986,283.90985,284.00986,284.30988,285.20987,284.50986,284.70987,285.30988,285.20987,285.30988,285.40985,285.70987,284.20987,287.00986,286.30988,289.10986,290.00986,288.30988,289.60986,289.90985,291.40985,289.00986,289.20987,282.00986,280.20987,281.40985,279.80988
286.40985,288.10986,288.90985,288.40985,288.70987,288.50986,286.40985,287.40985,284.90985,284.40985,284.30988,284.50986,281.60986,286.40985,284.20987,283.60986,283.20987,283.20987,283.30988,283.30988,283.50986,284.50986,284.90985,284.70987,284.50986,284.80988,284.90985,284.60986,286.30988,287.30988,287.60986,289.40985,286.80988,288.00986,287.30988,287.30988,288.20987,288.40985,292.70987,289.80988,286.20987,286.90985,284.50986
286.60986,285.80988,285.90985,285.00986,287.10986,285.00986,286.00986,286.00986,284.00986,282.50986,280.60986,282.10986,281.60986,285.20987,282.80988,285.40985,282.40985,282.50986,282.60986,282.80988,284.50986,283.80988,285.20987,284.10986,284.20987,284.30988,284.40985,283.40985,287.60986,287.40985,288.30988,287.10986,287.00986,286.20987,288.20987,288.00986,288.10986,287.50986,289.40985,292.70987,291.20987,286.90985,292.00986
285.80988,285.70987,286.90985,285.30988,287.40985,289.20987,289.30988,286.20987,283.90985,285.10986,283.00986,283.80988,281.70987,283.60986,281.40985,284.10986,283.10986,282.80988,282.60986,282.90985,283.10986,283.90985,285.50986,284.00986,285.00986,285.70987,285.90985,286.30988,285.00986,286.70987,286.30988,285.50986,287.70987,285.80988,285.90985,287.10986,287.90985,287.50986,287.70987,289.10986,290.60986,291.40985,287.10986
284.70987,287.50986,289.80988,289.40985,289.50986,286.20987,285.50986,283.50986,288.20987,287.10986,285.10986,287.30988,283.20987,280.30988,281.40985,287.20987,282.50986,282.90985,282.90985,285.40985,283.60986,282.80988,285.00986,285.00986,284.00986,284.90985,284.90985,285.50986,284.40985,283.40985,283.60986,283.70987,284.30988,284.10986,284.10986,286.70987,289.00986,287.90985,288.80988,287.10986,289.20987,287.70987,287.80988
