wind_kz.json
{"header": {"discipline":0,"disciplineName":"Meteorological products","gribEdition":2,"gribLength":1025,"center":7,"centerName":"US National Weather Service - NCEP(WMC)","subcenter":0,"refTime":"2025-04-05T06:00:00.000Z","significanceOfRT":1,"significanceOfRTName":"Start of forecast","productStatus":0,"productStatusName":"Operational products","productType":1,"productTypeName":"Forecast products","productDefinitionTemplate":0,"productDefinitionTemplateName":"Analysis/forecast at horizontal level/layer at a point in time","parameterCategory":2,"parameterCategoryName":"UnknownDiscipline_0_Category_2","parameterNumber":2,"parameterNumberName":"UnknownParameter_D0_C2_2","parameterUnit":"Unknown","genProcessType":2,"genProcessTypeName":"Forecast","forecastTime":60,"surface1Type":103,"surface1TypeName":"Specified height level above ground","surface1Value":10.0,"surface2Type":255,"surface2TypeName":"Missing","surface2Value":0.0,"gridDefinitionTemplate":0,"gridDefinitionTemplateName":"Latitude_Longitude","numberPoints":615,"shape":6,"shapeName":"Earth spherical with radius of 6,371,229.0 m","gridUnits":"degrees","resolution":48,"winds":"true","scanMode":64,"nx":41,"ny":15,"basicAngle":0,"lo1":47.0,"la1":41.0,"lo2":87.0,"la2":55.0,"dx":1.0,"dy":1.0}, "data":
[rows 0 to 14 of 15, columns 0 to 40 of 41]
-0.23383728,-0.2838373,2.7461627,1.4861627,0.2761627,-1.4638373,0.9261627,-4.4138374,-6.0138373,-5.0338373,-4.4538374,-3.5538373,-3.4338372,-3.4238372,-3.7738373,-2.9938374,-2.2338374,-0.39383727,-1.0938373,0.086162716,1.5361627,-0.2538373,-0.9238373,-1.0738373,0.16616271,-1.3638372,-3.0338373,-0.6138373,1.4561627,1.2061627,-0.5838373,1.8161627,0.36616272,-0.5738373,-2.8138373,-2.2838373,-0.39383727,0.06616272,1.5561627,2.5161626,2.3461628
3.0161626,0.65616274,-0.15383728,-0.8138373,-2.5038373,-2.8438373,0.9461627,-3.2038374,-5.0538373,-4.813837,-3.1938372,-4.2438374,-2.9938374,-4.753837,-3.8538373,-2.4838374,-0.8038373,-0.77383727,1.4161627,2.6261628,3.0161626,3.5061626,-0.0038372802,-2.8338373,-0.15383728,0.64616275,-0.48383728,1.1161628,-1.2438372,-0.5638373,0.12616272,-0.6838373,3.0161626,-2.8338373,0.086162716,-0.5738373,0.5461627,1.0161628,-0.10383728,1.9461627,-0.6338373
-1.0138373,-3.2738373,-3.6638372,-5.753837,-5.0338373,-2.6038373,-1.9138373,-3.9738374,-5.4738374,-5.0138373,-4.1038375,-3.6238372,-4.1438375,-3.2438374,-0.97383726,1.5661627,2.8661628,4.9261627,5.686163,5.5861626,4.5861626,4.0861626,1.8261627,3.1961627,1.0861627,1.2261627,0.41616273,-3.1038373,-3.5738373,-1.2338372,-0.38383728,0.33616272,0.3461627,0.01616272,-0.5538373,-1.0238373,1.8061627,0.65616274,2.3261628,6.036163,2.7661626
-4.2638373,-5.9738374,-5.5938373,-4.5738373,-1.8438373,-5.713837,-4.023837,-5.313837,-5.693837,-4.483837,-3.0038373,-3.5238373,-3.3038373,0.42616272,0.9461627,2.7261627,4.1661625,6.7161627,7.7961626,7.686163,5.826163,5.706163,2.0661628,3.6461627,4.6661625,3.2361627,1.4261627,0.2761627,-0.33383727,1.0961627,-5.7638373,-4.7838373,-1.6538373,-1.6538373,0.9861627,-1.9938372,-1.3738372,2.5861628,0.5761627,1.1761627,1.0761627
-5.0738373,-6.133837,-6.463837,-7.563837,-6.813837,-4.9938374,-5.7038374,-4.193837,-4.003837,-1.4038373,-1.1838373,-0.03383728,1.3261627,2.4261627,2.8961627,3.8661628,4.8961625,7.2161627,8.336163,9.036162,8.886163,9.056163,7.9461627,5.846163,4.5061626,4.1361628,3.8661628,4.9161625,2.9961627,-1.6838373,0.5161627,-1.6738373,-2.2238374,1.3261627,0.15616272,0.19616272,-0.7338373,1.4261627,4.596163,2.9661627,1.8961627
-4.213837,-4.3038373,-5.9938374,-6.0338373,-5.463837,-4.813837,-2.9838374,-0.7538373,0.59616274,1.5661627,3.0261626,3.1661627,3.4561627,2.9661627,3.0861628,4.5261626,6.996163,9.376163,10.296162,10.016163,8.956162,8.356163,7.0861626,5.2561626,4.516163,3.5361626,1.5161628,1.6861627,-3.2838373,-4.5738373,-3.7138374,-2.9838374,-2.7038374,-3.2638373,-0.8138373,-4.023837,-0.90383726,-0.29383728,4.226163,-1.4538373,-2.1538372
-3.4738374,-3.3438373,-2.2838373,-2.3838372,-0.12383728,0.7661627,2.1561627,3.0461626,2.6461627,2.0461626,2.6161628,2.9761627,3.4061627,4.1061625,5.306163,6.456163,7.706163,9.366162,10.216163,8.896163,8.396163,7.7761626,6.766163,4.8361626,3.8761628,-4.7038374,-3.6638372,-4.4338374,-5.1438375,-5.7438374,-4.923837,-3.4238372,-1.4638373,-3.2538373,-3.5338373,-2.7438374,-1.3938373,1.4661627,-1.6638373,0.9461627,0.24616271
-1.5338373,-0.9438373,0.06616272,-0.10383728,0.18616273,1.5061628,0.9561627,-1.9138373,1.1461627,0.8661627,2.8561628,2.4761627,3.6761627,4.0461626,4.9061627,5.496163,6.786163,7.9061627,7.6661625,5.0061626,3.6961627,4.9161625,3.6761627,2.9561627,-0.13383728,-3.3338373,-5.5838375,-4.1638374,-3.4838374,-1.7238373,-2.2638373,-2.5238373,-3.2438374,-0.8938373,-2.2438374,-1.9838372,-1.9138373,1.6561627,1.9661627,3.0161626,0.25616273
1.5361627,1.9061627,1.4461627,1.5161628,2.1061628,2.3161628,2.4661627,1.4661627,0.9361627,2.9661627,2.6461627,2.3661628,5.686163,4.2561626,3.4861627,4.326163,4.3861628,5.1361628,4.0861626,2.1661627,1.0961627,0.05616272,1.4161627,-1.2238373,-4.543837,-4.983837,-3.5738373,-3.0838373,-1.7838373,-2.6938372,-1.2538372,-1.3938373,0.26616272,-1.5838373,-1.5638373,-1.7938373,-0.08383728,-2.8838372,-1.8438373,0.4361627,-2.1738372
0.78616273,-0.6738373,0.42616272,0.01616272,0.6261627,1.7561628,1.8261627,2.1261628,2.7861626,3.2861626,4.116163,4.476163,4.1961627,4.8561625,3.3761628,4.536163,3.1361628,2.3661628,0.45616272,1.2161627,-2.1038373,-2.6938372,-3.5738373,-4.6438375,-4.693837,-4.293837,-3.9438372,-3.7138374,-3.7438374,-2.0938373,-1.7138373,-0.6938373,-2.6938372,-4.023837,-2.4438372,-2.5938373,-2.2238374,-0.42383727,-1.9238373,-0.41383728,-1.1238372
-0.11383728,1.5161628,2.0361626,1.5461627,1.6261628,1.7261627,2.3261628,2.4961627,2.9861627,3.8361628,3.6961627,4.2161627,3.7761626,4.286163,5.0661626,3.1561627,1.9961628,2.1561627,1.3661628,0.48616272,-3.3938372,-4.633837,-5.3538375,-5.5338373,-4.3338375,-4.713837,-3.0838373,-1.3038373,-1.2438372,-1.0138373,-1.1738373,-2.8538373,-3.4738374,-2.2138374,-0.96383727,-1.9738373,-1.5338373,-0.15383728,-0.59383726,0.8161627,-0.8238373
0.11616272,1.8761628,2.5861628,2.3861628,1.4561627,2.3861628,2.4461627,1.6361628,1.8661628,1.8461627,2.0061626,3.4161627,3.0061626,4.346163,4.6061625,1.8161627,1.5861627,1.7861627,2.7361627,-0.5538373,-0.32383728,-0.78383726,-0.22383729,-0.30383727,-1.1638373,-1.3638372,-1.6738373,-0.8338373,-0.4338373,-3.0038373,-4.253837,-3.1038373,-1.5438373,-1.5438373,-0.49383727,2.1961627,0.5661627,0.3161627,0.6061627,0.3461627,-0.09383728
2.2061627,2.5661628,2.8861628,1.9261627,0.6761627,1.2961627,1.8261627,0.96616274,1.7861627,1.2461628,0.9261627,4.1561627,2.9461627,5.3861628,3.0461626,2.0461626,1.9961628,1.2661628,0.25616273,-0.60383725,-1.7538372,-1.5338373,-1.4838372,-2.2538373,-1.0138373,-1.6138372,-1.9138373,-3.1038373,-3.1638372,-2.6838372,-2.1638372,-1.0838373,-0.6338373,-0.9338373,-1.0738373,0.22616272,1.2161627,1.1861627,2.6561627,2.1961627,2.3061628
3.4961627,2.3161628,2.2561626,-0.09383728,-1.2238373,-1.2038373,-1.0738373,-1.0738373,-0.5838373,0.28616273,1.1061627,2.6761627,3.6661627,3.7561626,3.9361627,2.6961627,2.8561628,1.3361627,0.09616272,0.6761627,0.33616272,-0.0038372802,-0.3738373,-0.6738373,-0.90383726,-1.1838373,-2.0138373,-1.7938373,-2.4338372,-2.7338374,-3.2438374,-3.2638373,-2.9838374,-2.8538373,-2.0138373,-1.9738373,-1.3238373,-0.23383728,-0.33383727,-0.42383727,0.47616273
3.5561628,1.3061627,0.06616272,-2.7638373,-2.9138372,-1.9038373,-1.4238373,-0.4338373,0.25616273,2.0761628,2.2261627,4.186163,3.0261626,1.7261627,2.7261627,3.2061627,1.6461627,3.4761627,1.1961627,1.0861627,0.7561627,1.0461627,0.83616275,0.77616274,0.5161627,-0.11383728,-1.3038373,-2.3338373,-2.9538374,-3.2338374,-3.3038373,-3.2038374,-2.5238373,-2.2738373,-1.7838373,-0.8838373,-0.8038373,-0.24383728,-0.013837281,-0.21383728,-0.07383728
