wind_kz.json
{"header": {"discipline":0,"disciplineName":"Meteorological products","gribEdition":2,"gribLength":1102,"center":7,"centerName":"US National Weather Service - NCEP(WMC)","subcenter":0,"refTime":"2023-09-10T18:00:00.000Z","significanceOfRT":1,"significanceOfRTName":"Start of forecast","productStatus":0,"productStatusName":"Operational products","productType":1,"productTypeName":"Forecast products","productDefinitionTemplate":0,"productDefinitionTemplateName":"Analysis/forecast at horizontal level/layer at a point in time","parameterCategory":2,"parameterCategoryName":"UnknownDiscipline_0_Category_2","parameterNumber":2,"parameterNumberName":"UnknownParameter_D0_C2_2","parameterUnit":"Unknown","genProcessType":2,"genProcessTypeName":"Forecast","forecastTime":300,"surface1Type":103,"surface1TypeName":"Specified height level above ground","surface1Value":10.0,"surface2Type":255,"surface2TypeName":"Missing","surface2Value":0.0,"gridDefinitionTemplate":0,"gridDefinitionTemplateName":"Latitude_Longitude","numberPoints":615,"shape":6,"shapeName":"Earth spherical with radius of 6,371,229.0 m","gridUnits":"degrees","resolution":48,"winds":"true","scanMode":64,"nx":41,"ny":15,"basicAngle":0,"lo1":47.0,"la1":41.0,"lo2":87.0,"la2":55.0,"dx":1.0,"dy":1.0}, "data":
[rows 0 to 14 of 15, columns 0 to 40 of 41]
-1.0249707,0.4450293,-1.4649707,-7.3649707,-9.274971,-11.424971,-10.814971,-11.304971,-12.444971,-8.884971,-8.844971,-8.314971,-8.174971,-7.8649707,-7.8349705,-7.4449706,-7.3449707,-10.154971,-10.644971,-8.684971,-4.9849706,-1.9349707,1.0450293,1.5750293,-5.0449705,-0.5449707,-0.5749707,0.3850293,1.4950293,2.4350293,4.045029,2.7550292,4.875029,7.815029,-3.0649707,-6.724971,-0.2349707,0.6550293,3.0650294,5.255029,-0.3349707
1.1050293,-2.3449707,-11.53497,-9.654971,-10.53497,-9.87497,-9.184971,-11.234971,-9.974971,-8.87497,-8.614971,-8.24497,-7.914971,-7.6949706,-7.2549706,-7.4849706,-7.8649707,-7.6749706,-7.974971,-9.45497,-8.41497,-5.764971,-1.3449707,2.8450294,0.2150293,-1.0849707,0.2850293,0.2850293,3.2950294,3.1050293,0.9150293,3.6450293,1.1550293,1.7250293,1.9650292,0.1550293,0.1050293,0.2550293,0.2050293,-1.5549707,-3.5449708
-4.874971,-10.894971,-11.104971,-10.524971,-10.464971,-9.564971,-9.764971,-8.32497,-9.804971,-8.224971,-7.6749706,-7.704971,-7.3349705,-7.494971,-7.184971,-7.474971,-8.754971,-8.70497,-7.724971,-4.4649706,-2.3049707,-11.104971,-9.304971,-11.70497,-5.644971,-6.6349707,-4.8349705,-2.7449708,-2.1549706,0.045029297,2.4650292,-0.7549707,-1.7449707,1.7850293,-2.5849707,-2.8049707,-0.0949707,-0.5049707,7.0150294,3.6050293,-1.5149707
-10.384971,-11.604971,-11.45497,-9.554971,-8.41497,-8.804971,-7.3049707,-7.4049706,-7.4649706,-7.1149707,-7.1349707,-6.9249706,-7.5949707,-6.9249706,-6.1349707,-6.8649707,-7.2849708,-7.8449707,-7.854971,-8.234971,-8.714971,-5.6749706,-5.8149705,-7.1349707,-6.2849708,-5.3449707,-3.4449706,-1.6349707,0.2450293,1.8350292,4.065029,5.105029,8.775029,12.065029,10.475029,2.9850292,0.055029295,2.5550294,0.3850293,1.5850292,8.565029
-11.254971,-11.12497,-9.5449705,-8.764971,-7.5749707,-6.9449706,-6.1549706,-6.5949707,-5.9049706,-5.724971,-5.8149705,-6.6749706,-5.9449706,-5.8349705,-5.1549706,-5.144971,-5.0049706,-5.0349708,-5.854971,-7.0449705,-7.974971,-6.764971,-5.8249707,-4.7849708,-3.9949708,-2.9349706,-2.0449708,-0.6749707,2.1050293,3.4750292,4.045029,2.8050294,2.3450294,3.0750294,-2.5149708,-1.6249707,12.765029,6.375029,4.755029,10.655029,8.54503
-9.08497,-8.054971,-9.364971,-8.854971,-8.344971,-7.684971,-5.934971,-5.1749706,-4.664971,-4.8249707,-4.5049706,-4.244971,-3.5949707,-3.8949707,-2.7349708,-2.9949708,-2.8749707,-3.0349708,-3.2549708,-2.4649706,-3.0449708,-2.7949708,-2.0649707,-1.0949707,-0.3049707,0.9050293,1.2750293,2.0850294,3.6050293,3.9350293,5.0350294,5.645029,8.035029,10.645029,10.105029,10.615029,7.5950294,9.995029,18.68503,12.385029,5.585029
-7.3049707,-7.3249707,-6.8249707,-6.8249707,-6.624971,-5.374971,-4.6349707,-3.8049707,-3.2549708,-2.9249706,-2.2849708,-1.9749707,-1.0649707,-0.42497072,0.14502929,0.3750293,0.2750293,0.5050293,0.6150293,1.1550293,1.9050293,2.4550292,3.3550293,3.6050293,4.2450294,4.605029,4.775029,4.145029,4.4550295,4.4150295,4.505029,4.895029,3.1650293,5.3650293,7.9150295,0.9450293,5.295029,2.6550293,5.0750294,0.5250293,4.3250294
-6.3049707,-6.014971,-5.5949707,-5.0049706,-4.7549706,-3.8149707,-3.0249708,-1.6549706,-1.2549707,-0.6249707,0.6050293,1.1750293,1.9950293,3.0650294,3.3350294,4.0950294,4.2450294,4.5150294,4.4950294,5.2150292,6.355029,6.1850295,6.4750295,6.4550295,7.025029,7.295029,7.1750293,4.375029,6.4550295,7.0750294,5.6350293,4.7450294,3.3250294,1.3350292,1.4050293,6.7650294,8.66503,11.645029,10.91503,12.105029,7.315029
-5.374971,-4.8249707,-4.104971,-3.3849707,-2.4549706,-1.2849708,-0.5849707,0.3850293,1.1350293,1.9950293,2.8850293,3.6350293,5.2650294,4.585029,5.8050294,6.0550294,6.9650292,7.1650295,7.6750293,7.8250294,9.25503,10.565029,9.535029,8.87503,9.29503,6.625029,6.045029,5.5750294,4.9750295,5.125029,5.4250293,6.4450293,5.5550294,4.005029,3.9150293,4.255029,1.5650293,-0.4149707,1.1750293,0.4250293,1.3250293
-3.5549707,-2.7549708,-2.1449707,-1.3949707,-0.3549707,0.5550293,1.6750293,2.6550293,3.7450292,4.5750294,5.645029,6.4250293,6.755029,7.3850293,7.6950293,8.055029,8.245029,8.565029,8.66503,8.845029,10.115029,11.91503,11.155029,9.555029,9.825029,9.67503,8.16503,6.7850294,5.7450294,5.645029,6.485029,5.9650292,5.9750295,5.8450294,4.4350295,3.8150294,2.2050292,1.5650293,1.6650293,1.0450293,0.8150293
-0.9149707,-0.21497071,0.5850293,1.8050293,2.6750293,3.1450293,4.3850293,5.255029,5.755029,6.335029,6.8450294,8.555029,7.8250294,9.17503,9.895029,9.685029,9.725029,10.115029,8.075029,9.235029,9.815029,10.00503,10.185029,9.325029,8.535029,8.445029,6.9950294,7.2850294,8.00503,6.1750293,6.835029,6.2650294,6.1550293,4.525029,4.9050293,3.3750293,1.1250293,0.6550293,0.7150293,-0.7549707,1.1750293
1.9350293,3.0550294,3.9250293,4.4750295,4.9550295,5.105029,5.5150294,6.3050294,6.985029,6.7650294,6.8050294,9.645029,9.17503,9.315029,10.055029,10.535029,10.695029,10.775029,7.985029,9.055029,8.725029,8.895029,8.385029,8.095029,7.9050293,8.87503,6.1950293,9.605029,8.785029,5.775029,4.985029,4.4050293,4.835029,4.9650292,3.5950294,4.275029,3.0150292,2.1250293,1.5050293,0.4750293,0.7750293
2.0850294,2.0150292,2.0950294,2.9850292,3.4950292,3.5650294,4.735029,5.6850295,7.6850295,6.0750294,4.7050295,6.4950294,7.645029,8.595029,8.645029,9.245029,9.4550295,8.975029,8.515029,7.585029,7.625029,5.275029,8.035029,7.9050293,8.46503,8.095029,7.4150295,6.8650293,6.0950294,5.7650294,4.2250295,3.8850293,4.7450294,5.7650294,4.525029,4.4950294,4.4350295,2.7650292,3.2450292,2.2050292,1.2550293
2.1250293,2.5750294,2.7550292,3.7250292,4.295029,4.9050293,5.355029,6.005029,5.895029,7.235029,2.8250294,3.7750292,8.4550295,7.645029,8.25503,7.6850295,7.7450294,7.505029,7.525029,6.2450294,6.375029,6.525029,7.645029,9.075029,8.08503,6.8450294,6.735029,4.875029,4.0150294,4.6150293,4.485029,3.3350294,3.5650294,4.2650294,4.985029,4.6350293,3.6950293,4.105029,3.8950293,2.7350292,1.6550293
2.8850293,4.3450294,5.0750294,5.1850295,4.2150292,4.755029,5.585029,6.3050294,7.1150293,6.255029,4.585029,7.2450294,5.6550293,5.1550293,8.865029,8.685029,8.71503,7.8450294,8.275029,7.085029,7.5750294,7.9550295,8.225029,7.5950294,7.255029,6.375029,6.0550294,5.505029,5.1350293,3.2250292,4.7450294,5.1350293,3.4750292,4.105029,4.6650295,6.7850294,5.025029,5.315029,4.525029,3.8350294,2.1750293
