wind_kz.json
{"header": {"discipline":0,"disciplineName":"Meteorological products","gribEdition":2,"gribLength":948,"center":7,"centerName":"US National Weather Service - NCEP(WMC)","subcenter":0,"refTime":"2023-09-24T12:00:00.000Z","significanceOfRT":1,"significanceOfRTName":"Start of forecast","productStatus":0,"productStatusName":"Operational products","productType":1,"productTypeName":"Forecast products","productDefinitionTemplate":0,"productDefinitionTemplateName":"Analysis/forecast at horizontal level/layer at a point in time","parameterCategory":0,"parameterCategoryName":"UnknownDiscipline_0_Category_0","parameterNumber":0,"parameterNumberName":"UnknownParameter_D0_C0_0","parameterUnit":"Unknown","genProcessType":2,"genProcessTypeName":"Forecast","forecastTime":240,"surface1Type":1,"surface1TypeName":"Ground or water surface","surface1Value":0.0,"surface2Type":255,"surface2TypeName":"Missing","surface2Value":0.0,"gridDefinitionTemplate":0,"gridDefinitionTemplateName":"Latitude_Longitude","numberPoints":615,"shape":6,"shapeName":"Earth spherical with radius of 6,371,229.0 m","gridUnits":"degrees","resolution":48,"winds":"true","scanMode":64,"nx":41,"ny":15,"basicAngle":0,"lo1":47.0,"la1":41.0,"lo2":87.0,"la2":55.0,"dx":1.0,"dy":1.0}, "data":
[rows 0 to 14 of 15, columns 0 to 40 of 41]
303.94257,289.54257,296.54257,293.14258,293.8426,293.14258,303.44257,307.94257,305.14258,305.64258,303.3426,303.64258,302.64258,302.64258,302.44257,301.64258,301.14258,300.64258,301.24258,300.94257,301.74258,298.54257,298.64258,292.14258,296.24258,297.94257,292.24258,279.94257,276.44257,277.64258,277.54257,277.04257,287.74258,293.24258,293.54257,293.44257,293.94257,292.74258,292.44257,292.04257,290.64258
281.54257,295.3426,292.8426,293.44257,293.3426,293.64258,307.54257,304.64258,303.3426,303.14258,303.8426,302.54257,303.54257,302.14258,301.74258,301.3426,301.14258,300.64258,299.14258,299.24258,299.04257,298.64258,296.24258,287.3426,277.54257,274.54257,287.44257,280.94257,282.8426,275.44257,282.04257,271.3426,280.64258,254.24258,274.14258,290.3426,288.44257,290.04257,293.54257,286.44257,283.8426
295.8426,292.8426,293.04257,292.3426,291.04257,304.44257,303.8426,303.54257,302.54257,301.8426,300.94257,301.74258,301.8426,301.04257,300.64258,300.54257,299.24258,297.24258,297.94257,298.14258,297.64258,297.8426,298.04257,291.74258,294.54257,292.74258,294.14258,294.54257,292.8426,284.64258,269.54257,275.94257,282.3426,282.54257,284.8426,282.74258,272.3426,277.04257,278.64258,272.94257,271.44257
296.94257,291.54257,292.3426,291.74258,294.94257,303.8426,304.54257,303.44257,303.04257,302.24258,301.3426,299.04257,290.64258,290.14258,298.54257,300.3426,299.24258,298.3426,298.04257,297.44257,296.24258,290.94257,295.14258,295.64258,295.04257,295.94257,296.74258,294.3426,292.8426,294.94257,295.3426,291.3426,295.74258,295.54257,292.04257,287.54257,274.14258,264.14258,278.8426,285.3426,289.94257
298.8426,290.74258,291.04257,290.44257,295.3426,302.14258,303.04257,302.74258,301.14258,300.24258,300.54257,298.44257,289.3426,288.24258,287.14258,299.3426,298.54257,297.3426,296.44257,296.04257,296.04257,296.64258,296.04257,295.3426,294.8426,295.14258,294.04257,292.24258,294.44257,295.24258,296.94257,293.04257,280.44257,269.44257,282.44257,289.44257,291.04257,292.04257,292.54257,292.94257,292.54257
301.3426,299.44257,289.64258,290.04257,290.24258,289.94257,302.8426,301.54257,299.94257,299.14258,299.3426,299.14258,290.54257,289.44257,292.3426,295.74258,296.8426,296.04257,295.24258,295.3426,295.14258,294.74258,294.64258,294.3426,293.94257,292.24258,293.14258,286.64258,293.74258,295.44257,293.64258,295.14258,293.64258,293.44257,289.74258,291.04257,283.44257,285.8426,290.44257,291.44257,291.54257
300.94257,300.8426,300.74258,301.24258,297.8426,300.74258,301.14258,299.24258,299.54257,298.74258,297.64258,296.74258,295.74258,295.74258,294.74258,294.8426,294.8426,294.94257,293.54257,292.54257,292.54257,292.8426,292.94257,292.8426,290.94257,291.54257,291.64258,293.14258,292.74258,293.04257,292.24258,292.54257,292.74258,292.74258,292.3426,289.24258,285.3426,281.44257,278.14258,275.04257,286.24258
300.3426,300.3426,300.74258,300.54257,300.74258,300.64258,300.24258,298.54257,297.64258,296.64258,295.64258,293.8426,293.24258,293.64258,294.14258,293.74258,293.04257,293.04257,292.44257,289.74258,289.54257,289.64258,289.54257,288.94257,288.04257,286.44257,286.74258,288.04257,287.3426,289.64258,289.24258,290.04257,289.44257,286.14258,286.54257,287.74258,288.8426,285.94257,290.24258,288.64258,283.8426
299.94257,298.94257,298.8426,298.44257,298.04257,298.04257,297.3426,296.44257,295.24258,294.44257,293.14258,291.74258,291.54257,292.44257,291.44257,292.24258,291.64258,291.44257,290.3426,289.24258,286.94257,286.44257,286.94257,286.74258,285.54257,285.64258,283.64258,284.14258,283.3426,282.8426,284.94257,286.3426,288.24258,289.74258,287.54257,285.3426,282.74258,285.44257,271.14258,269.3426,264.54257
299.14258,297.64258,297.54257,297.3426,296.3426,296.64258,295.3426,294.24258,293.54257,293.3426,292.14258,290.8426,291.3426,290.74258,290.74258,291.04257,291.14258,290.8426,290.24258,289.54257,287.44257,286.8426,286.8426,286.64258,285.8426,283.54257,283.3426,283.04257,282.44257,282.54257,284.24258,285.94257,288.3426,290.14258,287.24258,285.8426,284.54257,277.64258,274.74258,274.74258,269.3426
297.74258,297.44257,296.54257,295.74258,296.24258,295.44257,295.14258,294.64258,293.8426,292.8426,291.44257,290.74258,291.04257,289.54257,289.74258,290.04257,290.04257,290.14258,289.74258,287.8426,287.14258,286.24258,285.64258,285.54257,284.14258,283.24258,281.24258,282.64258,282.94257,284.04257,284.54257,286.8426,288.14258,289.54257,288.8426,285.3426,280.8426,278.64258,279.64258,278.8426,275.04257
297.04257,297.44257,296.74258,296.14258,295.3426,294.8426,294.04257,293.64258,293.94257,293.14258,290.24258,289.44257,290.14258,289.04257,288.54257,289.14258,288.94257,288.04257,287.8426,287.44257,285.74258,284.8426,284.54257,284.14258,283.54257,283.74258,283.04257,283.64258,284.74258,284.44257,283.44257,284.74258,286.54257,285.94257,287.74258,284.74258,284.8426,284.24258,283.74258,283.94257,283.04257
293.74258,295.44257,296.64258,295.94257,294.94257,293.94257,293.74258,293.44257,292.3426,291.64258,288.24258,286.64258,288.74258,287.54257,287.24258,287.44257,288.94257,287.14258,287.04257,285.8426,284.14258,284.04257,282.74258,282.64258,283.3426,284.14258,284.94257,284.04257,284.04257,283.8426,282.54257,282.94257,283.54257,285.14258,286.54257,285.74258,283.54257,284.3426,282.8426,283.8426,283.74258
294.8426,294.94257,289.94257,293.74258,292.24258,292.14258,291.54257,290.74258,290.8426,290.44257,287.64258,284.74258,286.3426,287.24258,287.24258,287.24258,287.8426,286.94257,286.44257,285.54257,284.64258,284.14258,284.64258,284.44257,284.04257,284.44257,284.24258,284.54257,284.54257,284.44257,282.8426,283.14258,282.74258,281.64258,283.24258,283.8426,284.24258,283.04257,283.04257,282.54257,282.54257
293.24258,294.14258,285.44257,292.64258,291.54257,291.14258,290.94257,291.44257,290.14258,289.3426,289.3426,286.64258,283.8426,285.04257,286.14258,286.14258,284.74258,285.24258,285.94257,285.64258,284.54257,283.94257,285.44257,283.44257,282.8426,283.3426,283.24258,281.8426,283.24258,283.3426,281.8426,282.3426,280.74258,281.8426,282.3426,283.44257,284.44257,283.8426,284.44257,283.14258,282.14258
