wind_kz.json
{"header": {"discipline":0,"disciplineName":"Meteorological products","gribEdition":2,"gribLength":1025,"center":7,"centerName":"US National Weather Service - NCEP(WMC)","subcenter":0,"refTime":"2023-09-22T00:00:00.000Z","significanceOfRT":1,"significanceOfRTName":"Start of forecast","productStatus":0,"productStatusName":"Operational products","productType":1,"productTypeName":"Forecast products","productDefinitionTemplate":0,"productDefinitionTemplateName":"Analysis/forecast at horizontal level/layer at a point in time","parameterCategory":2,"parameterCategoryName":"UnknownDiscipline_0_Category_2","parameterNumber":2,"parameterNumberName":"UnknownParameter_D0_C2_2","parameterUnit":"Unknown","genProcessType":2,"genProcessTypeName":"Forecast","forecastTime":240,"surface1Type":103,"surface1TypeName":"Specified height level above ground","surface1Value":10.0,"surface2Type":255,"surface2TypeName":"Missing","surface2Value":0.0,"gridDefinitionTemplate":0,"gridDefinitionTemplateName":"Latitude_Longitude","numberPoints":615,"shape":6,"shapeName":"Earth spherical with radius of 6,371,229.0 m","gridUnits":"degrees","resolution":48,"winds":"true","scanMode":64,"nx":41,"ny":15,"basicAngle":0,"lo1":47.0,"la1":41.0,"lo2":87.0,"la2":55.0,"dx":1.0,"dy":1.0}, "data":
[rows 0 to 14 of 15, columns 0 to 40 of 41]
-0.67307127,-0.5630713,2.3369286,-2.8930712,-5.6930714,-8.163072,-5.5930715,-6.2830715,-7.1730714,-3.6630714,-2.8530712,-4.743071,-3.5930712,-3.1430712,-1.8030713,-0.4930713,-0.7030713,0.6869287,-2.1430712,-1.4230713,-0.3630713,-0.7830713,-1.7730713,-2.0030713,-0.8230713,-1.0530713,-0.8730713,1.3569287,1.1869287,-0.2730713,-1.1430713,2.0169287,2.0369287,0.6569287,-1.2130713,-3.4630713,-3.6230712,-2.6830714,-2.0230713,-1.6630713,1.7169287
2.4869287,0.8769287,-10.263071,-7.183071,-8.363071,-8.113071,-4.2330713,-8.663072,-5.913071,-4.8430715,-3.3630712,-4.263071,-2.1830714,-1.8830713,-0.40307128,-2.0830712,-1.8930713,-3.0230713,-1.9130713,-0.79307127,-2.2030714,-2.0030713,-0.5830713,-2.1630714,0.026928712,0.5369287,0.46692872,1.2569287,-0.1430713,0.1869287,-0.23307128,-0.2930713,-1.2430713,-2.7230713,0.01692871,-0.4930713,-1.0330713,-0.7030713,-0.6530713,0.23692872,-2.1730714
-0.3930713,-8.443071,-10.3230715,-9.3230715,-8.313071,-7.433071,-6.683071,-3.8130713,-5.5330715,-4.263071,-3.7030714,-2.9330714,-1.8330712,-2.6930714,-2.2230713,-1.6630713,-1.7330713,-0.073071286,-1.1930712,-1.7430713,-2.4730713,-1.4430712,-4.0030713,-4.5930715,-0.47307128,-2.7630713,-0.5830713,-0.2930713,-1.0830712,-0.2630713,-1.0230713,-0.5730713,0.7569287,0.03692871,-0.7030713,-1.5330713,0.0069287107,-0.9130713,1.1869287,0.2869287,-0.073071286
-6.9430714,-10.203072,-10.193071,-9.023071,-7.3430715,-6.393071,-4.333071,-5.353071,-4.3230715,-3.8730712,-3.4030714,-3.8430712,-4.013071,-3.9330714,-2.6130712,-1.3230712,-0.6830713,-0.3330713,-2.4530714,-1.3030713,-2.2530713,-2.4830713,0.69692874,-3.3030713,-3.7730713,-3.3830712,-3.5330713,-3.8130713,-2.5430713,-0.15307128,2.0869286,0.2469287,2.1969287,4.2269287,-0.013071289,-0.6830713,-0.6030713,1.3669287,-0.31307128,1.3369287,-1.7130713
-8.443071,-10.103071,-9.313071,-8.653071,-7.333071,-5.743071,-4.5030713,-3.7230713,-4.0630713,-3.5930712,-3.5630713,-3.4930713,-3.6430712,-3.3530712,-2.8530712,-1.6430713,-2.1630714,-3.6630714,-2.9630713,-3.5430713,-4.1130714,-3.0130713,-3.9630713,-3.5930712,-3.5230713,-2.9730713,-3.3130713,-1.7730713,-1.4830713,-1.3530713,-1.6330713,-0.7730713,-3.3930712,0.2669287,-0.8230713,-0.54307127,1.4369287,-0.2930713,-3.7730713,-3.6630714,-4.1930714
-6.763071,-6.3030715,-9.143071,-8.7830715,-8.353071,-7.353071,-4.5230713,-3.1330712,-2.0630713,-2.2230713,-3.4230714,-3.4030714,-2.7130713,-3.0130713,-3.1130712,-1.8530713,-2.5730712,-3.6930714,-4.3830714,-2.8230712,-3.3730712,-2.5330713,-2.2030714,-2.2630713,-2.0930712,-1.2030712,0.4269287,0.6169287,-0.9730713,-1.1930712,-2.5430713,-2.2530713,-1.3930713,2.3069286,1.2969288,-2.5130713,0.6869287,2.2069287,2.8669288,-2.7930713,-4.703071
-6.203071,-5.913071,-5.7930713,-5.2830715,-5.513071,-4.4430714,-3.9230714,-3.3330712,-3.4030714,-3.2130713,-3.2530713,-3.0230713,-2.7630713,-2.2230713,-2.3530712,-2.4630713,-2.7230713,-2.8930712,-3.8930712,-4.223071,-2.9330714,-2.4530714,-2.3930712,-0.7530713,-0.2930713,0.026928712,-1.5430713,-1.3130713,-1.3230712,-1.6430713,-1.8630713,-1.2430713,0.5469287,-0.79307127,-1.6330713,-1.2330713,-0.8430713,0.70692873,1.1569287,0.10692871,3.0269287
-5.2830715,-5.013071,-4.873071,-4.5030713,-3.9730713,-3.4330714,-2.8530712,-2.8130713,-2.7430713,-2.7130713,-2.1630714,-2.4930713,-1.9930713,-1.9130713,-1.6430713,-1.7330713,-2.5630713,-2.8630712,-2.9530714,-3.5430713,-2.1030712,-1.7530713,-1.6530713,-2.5130713,-2.5530713,-0.5930713,-0.023071289,0.1869287,-0.023071289,-1.7330713,-1.2630713,-0.4230713,-0.8830713,-0.7030713,-1.9730713,1.6069287,4.0169287,6.0369287,3.9969287,4.4269285,0.5569287
-3.9130714,-3.7430713,-3.8330712,-3.4930713,-2.9130714,-2.6630714,-2.3930712,-2.6530714,-2.9330714,-2.6230712,-2.1330712,-1.6730713,-0.6030713,-0.8430713,-0.7830713,-0.9730713,-1.4030713,-1.9330713,-1.8330712,-1.7530713,-1.6530713,-0.2930713,-0.4530713,-0.12307129,-0.04307129,0.23692872,0.15692872,0.3869287,0.95692873,0.9369287,1.1069287,1.0569288,1.4469287,1.1669288,1.3969287,0.9769287,1.1669288,-1.9830713,-0.9530713,0.69692874,-0.10307129
-3.0230713,-2.6830714,-2.3830712,-2.0430713,-2.1430712,-2.3930712,-2.5030713,-2.8230712,-2.8630712,-2.2630713,-2.0630713,-1.6230713,-0.2030713,0.08692871,-0.10307129,0.3869287,0.7369287,0.37692872,-0.5830713,-1.2430713,-0.5130713,1.0169287,1.3169287,1.1669288,1.2869287,1.3969287,1.7369287,1.8969287,2.5269287,3.0669286,2.2669287,2.2569287,2.8569288,2.0569286,0.95692873,-0.4930713,-0.7730713,0.04692871,-1.7930713,0.01692871,-0.10307129
-2.0130713,-1.8830713,-2.0830712,-2.0530713,-1.7030712,-1.8630713,-1.6730713,-2.2430713,-2.2730713,-1.0530713,-0.7530713,0.37692872,0.6569287,0.4469287,-0.4330713,-0.67307127,-0.22307129,0.08692871,-0.013071289,0.30692872,1.4369287,2.0269287,2.1269288,2.1969287,2.1269288,1.9069287,2.2669287,3.2569287,3.3669288,3.8469286,4.0169287,3.1469288,2.7069287,1.6769288,1.2969288,-0.9930713,-0.9930713,0.30692872,-0.44307128,0.9369287,-0.7130713
-1.8430713,-1.1730713,-0.9430713,-1.3530713,-1.5630713,-1.3130713,-0.98307127,-1.0930713,-0.6930713,-1.0430713,-1.0430713,1.5369287,0.49692872,-1.5230713,-0.5730713,-0.8130713,0.7969287,1.0369287,0.82692873,1.7569287,1.3369287,2.2369287,2.0469286,2.2269287,2.6769288,3.1969287,3.3869288,4.026929,3.8969288,3.6369288,3.1969287,3.1669288,1.9869287,1.8669287,0.9169287,0.9869287,0.5869287,-0.15307128,-0.06307129,-0.12307129,-0.3330713
-0.7630713,-0.7630713,0.0069287107,-0.41307127,0.01692871,-1.0330713,-0.86307126,-0.3230713,0.2169287,-0.8930713,-0.7430713,0.7469287,0.40692872,0.11692871,-0.073071286,0.6069287,0.8169287,1.7069287,1.5269287,2.3269286,1.5969287,1.8869287,2.4469287,2.0569286,3.3169286,3.2169287,3.5769286,3.1169288,3.2169287,2.9069288,2.8269286,2.8569288,2.6169288,2.3869288,1.6769288,1.0969287,1.4069287,0.27692872,1.3969287,0.49692872,-0.5930713
-0.22307129,-0.4530713,-0.5230713,-0.4930713,-0.8830713,-0.2730713,0.27692872,0.03692871,0.8169287,0.07692871,-0.9730713,-0.2730713,1.1469287,1.1469287,1.3869287,1.6769288,2.1369288,2.2169287,2.0369287,2.5569286,2.4469287,2.6969287,3.0769286,2.7969286,2.4569287,1.6969287,1.0469288,1.4469287,1.4869287,1.6069287,1.7569287,2.1969287,2.2569287,2.1569288,1.6569287,1.1669288,1.0569288,1.1369287,0.16692871,0.57692873,-0.40307128
-0.31307128,0.05692871,0.14692871,0.066928715,0.6469287,0.33692873,1.5969287,0.8969287,1.4169288,-0.06307129,-0.7830713,-0.18307129,0.6469287,1.3269287,2.5769286,2.4469287,2.7469287,2.5269287,1.8869287,2.5669286,2.4069288,2.1769288,1.6869287,1.3969287,1.2169287,0.8469287,0.76692873,0.63692874,0.2869287,0.2869287,0.5569287,0.01692871,0.7369287,1.6769288,2.4569287,2.1169288,1.4169288,1.9269288,2.4169288,1.2769287,-0.9030713
