wind_kz.json
{"header": {"discipline":0,"disciplineName":"Meteorological products","gribEdition":2,"gribLength":871,"center":7,"centerName":"US National Weather Service - NCEP(WMC)","subcenter":0,"refTime":"2023-09-29T12:00:00.000Z","significanceOfRT":1,"significanceOfRTName":"Start of forecast","productStatus":0,"productStatusName":"Operational products","productType":1,"productTypeName":"Forecast products","productDefinitionTemplate":0,"productDefinitionTemplateName":"Analysis/forecast at horizontal level/layer at a point in time","parameterCategory":0,"parameterCategoryName":"UnknownDiscipline_0_Category_0","parameterNumber":0,"parameterNumberName":"UnknownParameter_D0_C0_0","parameterUnit":"Unknown","genProcessType":2,"genProcessTypeName":"Forecast","forecastTime":120,"surface1Type":1,"surface1TypeName":"Ground or water surface","surface1Value":0.0,"surface2Type":255,"surface2TypeName":"Missing","surface2Value":0.0,"gridDefinitionTemplate":0,"gridDefinitionTemplateName":"Latitude_Longitude","numberPoints":615,"shape":6,"shapeName":"Earth spherical with radius of 6,371,229.0 m","gridUnits":"degrees","resolution":48,"winds":"true","scanMode":64,"nx":41,"ny":15,"basicAngle":0,"lo1":47.0,"la1":41.0,"lo2":87.0,"la2":55.0,"dx":1.0,"dy":1.0}, "data":
[rows 0 to 14 of 15, columns 0 to 40 of 41]
290.2833,282.4833,287.5833,294.1833,293.6833,292.8833,298.1833,299.4833,301.8833,303.6833,302.1833,302.5833,301.9833,301.8833,301.0833,301.0833,301.2833,299.8833,300.0833,300.3833,301.8833,298.3833,299.5833,294.9833,298.1833,299.4833,294.1833,281.2833,278.3833,275.5833,276.4833,277.4833,287.8833,294.3833,295.4833,294.5833,294.1833,294.3833,295.4833,295.4833,293.4833
273.4833,290.0833,293.8833,293.8833,293.8833,292.3833,301.6833,295.8833,296.6833,298.0833,300.7833,299.8833,300.1833,299.1833,300.1833,300.3833,299.3833,299.4833,298.2833,297.9833,297.4833,296.8833,295.7833,288.4833,278.7833,278.3833,287.7833,281.3833,281.8833,276.6833,281.2833,270.6833,281.1833,256.2833,276.8833,291.5833,289.6833,292.2833,294.8833,287.3833,285.4833
298.9833,293.8833,294.1833,293.2833,291.6833,300.9833,301.1833,301.5833,299.0833,298.9833,297.7833,298.2833,297.1833,297.6833,298.3833,298.6833,298.2833,297.3833,296.9833,296.1833,295.6833,295.8833,296.5833,291.1833,294.2833,292.7833,294.1833,293.3833,291.8833,282.1833,272.2833,276.5833,281.6833,281.3833,283.1833,281.9833,274.5833,278.3833,279.4833,272.7833,274.3833
301.8833,294.0833,294.0833,293.2833,294.1833,301.3833,298.3833,301.8833,298.9833,295.1833,297.3833,297.3833,290.5833,289.8833,295.6833,297.4833,297.9833,297.2833,296.5833,295.4833,294.0833,289.2833,294.8833,295.3833,294.9833,295.4833,295.7833,294.3833,293.1833,292.3833,292.8833,290.0833,294.7833,291.6833,290.2833,285.8833,275.7833,266.8833,277.9833,286.4833,290.6833
304.0833,293.0833,293.4833,292.4833,295.9833,302.3833,302.7833,302.5833,300.7833,298.3833,296.1833,295.4833,289.6833,288.8833,287.0833,296.7833,297.0833,296.4833,294.7833,294.3833,295.0833,295.1833,294.2833,294.4833,293.9833,294.2833,292.9833,290.5833,292.7833,291.6833,294.7833,290.9833,277.9833,267.0833,281.6833,290.4833,291.5833,293.2833,293.8833,294.4833,294.1833
305.1833,303.3833,291.3833,292.9833,292.2833,291.5833,301.5833,302.8833,301.2833,300.4833,299.4833,298.1833,290.4833,289.1833,291.9833,295.7833,296.8833,295.6833,294.6833,294.5833,294.3833,293.6833,293.1833,292.9833,292.4833,291.2833,292.8833,287.9833,291.8833,293.4833,290.3833,292.9833,291.7833,289.2833,285.7833,288.6833,281.2833,283.9833,290.2833,292.1833,292.1833
303.6833,303.3833,302.3833,302.8833,299.2833,302.6833,301.7833,301.3833,301.4833,300.7833,299.5833,298.1833,297.2833,296.3833,296.4833,296.1833,295.6833,296.4833,295.2833,293.5833,293.7833,293.6833,293.5833,293.0833,291.6833,291.8833,292.1833,293.0833,291.7833,291.4833,290.8833,290.6833,291.1833,291.0833,288.8833,286.7833,280.3833,278.4833,276.4833,275.2833,285.5833
301.8833,300.9833,301.0833,301.0833,301.3833,301.2833,301.3833,300.2833,299.4833,299.0833,298.1833,297.0833,296.5833,295.6833,296.5833,296.9833,295.1833,295.6833,294.1833,291.3833,291.4833,292.2833,292.0833,291.2833,290.1833,288.0833,287.9833,288.6833,287.0833,288.8833,287.6833,288.4833,287.1833,284.9833,284.2833,287.3833,287.2833,285.5833,286.5833,286.6833,283.6833
299.9833,299.3833,299.5833,299.1833,299.1833,299.3833,298.4833,296.8833,296.7833,297.0833,296.7833,296.5833,295.3833,295.1833,294.3833,295.9833,294.5833,294.0833,292.5833,291.0833,288.9833,289.5833,289.6833,289.4833,288.6833,287.6833,285.4833,284.4833,283.6833,282.5833,283.6833,284.6833,286.7833,286.1833,285.3833,282.8833,283.9833,281.6833,270.5833,270.7833,265.9833
297.6833,297.6833,297.7833,297.7833,296.5833,296.5833,296.3833,295.9833,295.3833,295.4833,295.4833,295.1833,295.2833,294.5833,293.1833,293.2833,293.6833,293.4833,292.4833,291.5833,289.5833,288.6833,289.3833,288.5833,288.0833,286.2833,285.3833,284.4833,283.7833,283.6833,284.4833,285.5833,286.1833,285.5833,284.6833,282.5833,282.4833,277.8833,273.8833,272.6833,270.2833
295.3833,295.7833,295.4833,294.8833,295.1833,294.5833,294.3833,294.1833,294.9833,295.0833,294.1833,294.2833,293.5833,292.7833,292.2833,292.1833,292.0833,292.4833,291.9833,289.3833,289.0833,288.6833,287.6833,287.6833,286.1833,285.5833,283.3833,284.7833,285.0833,286.2833,286.1833,286.9833,285.0833,286.2833,285.6833,283.6833,279.6833,277.7833,278.0833,276.6833,273.4833
295.1833,295.5833,295.1833,293.9833,292.6833,292.7833,292.1833,291.9833,292.7833,292.2833,290.6833,290.4833,291.9833,291.1833,290.7833,290.9833,291.0833,290.2833,289.8833,289.6833,287.3833,286.2833,286.1833,286.0833,284.7833,285.1833,284.3833,284.5833,285.0833,285.1833,284.3833,284.3833,285.0833,283.1833,286.4833,285.8833,284.8833,283.6833,281.5833,282.3833,281.7833
292.6833,293.7833,294.1833,293.0833,292.1833,291.3833,291.0833,291.1833,290.2833,289.9833,287.4833,286.4833,289.3833,288.9833,289.9833,290.3833,288.8833,289.6833,289.3833,288.2833,287.7833,286.2833,286.1833,285.1833,285.3833,285.4833,285.5833,283.9833,283.7833,283.2833,283.7833,282.9833,282.5833,281.2833,281.8833,282.0833,281.0833,282.3833,279.9833,280.4833,279.5833
291.2833,291.0833,287.7833,291.5833,290.6833,290.8833,289.3833,287.8833,288.7833,288.5833,285.1833,283.6833,285.7833,287.8833,288.2833,288.7833,288.4833,287.8833,288.2833,288.0833,287.2833,287.3833,288.1833,285.9833,286.6833,286.5833,285.3833,284.1833,282.7833,282.6833,282.4833,281.2833,280.1833,279.2833,279.5833,279.1833,279.4833,278.7833,280.1833,279.3833,278.7833
292.1833,290.3833,285.3833,287.2833,286.8833,287.0833,287.4833,287.7833,288.8833,287.4833,286.2833,284.6833,283.0833,284.7833,286.1833,287.8833,287.6833,287.8833,288.5833,286.3833,287.4833,287.1833,287.1833,286.4833,285.9833,287.0833,285.5833,283.9833,283.7833,282.2833,281.8833,282.1833,279.7833,278.8833,278.9833,279.3833,279.3833,278.7833,278.7833,278.2833,278.5833
