wind_kz.json
{"header": {"discipline":0,"disciplineName":"Meteorological products","gribEdition":2,"gribLength":871,"center":7,"centerName":"US National Weather Service - NCEP(WMC)","subcenter":0,"refTime":"2024-03-19T06:00:00.000Z","significanceOfRT":1,"significanceOfRTName":"Start of forecast","productStatus":0,"productStatusName":"Operational products","productType":1,"productTypeName":"Forecast products","productDefinitionTemplate":0,"productDefinitionTemplateName":"Analysis/forecast at horizontal level/layer at a point in time","parameterCategory":0,"parameterCategoryName":"UnknownDiscipline_0_Category_0","parameterNumber":0,"parameterNumberName":"UnknownParameter_D0_C0_0","parameterUnit":"Unknown","genProcessType":2,"genProcessTypeName":"Forecast","forecastTime":0,"surface1Type":1,"surface1TypeName":"Ground or water surface","surface1Value":0.0,"surface2Type":255,"surface2TypeName":"Missing","surface2Value":0.0,"gridDefinitionTemplate":0,"gridDefinitionTemplateName":"Latitude_Longitude","numberPoints":615,"shape":6,"shapeName":"Earth spherical with radius of 6,371,229.0 m","gridUnits":"degrees","resolution":48,"winds":"true","scanMode":64,"nx":41,"ny":15,"basicAngle":0,"lo1":47.0,"la1":41.0,"lo2":87.0,"la2":55.0,"dx":1.0,"dy":1.0}, "data":
[rows 0 to 14 of 15, columns 0 to 40 of 41]
280.95593,275.65594,275.85593,279.95593,280.85593,281.95593,284.25592,286.25592,285.35593,288.75592,289.35593,290.85593,292.05594,294.05594,294.95593,294.15594,295.35593,291.45593,294.45593,295.85593,293.25592,291.15594,295.15594,294.05594,295.35593,297.65594,289.55594,273.15594,273.15594,271.65594,279.35593,274.95593,294.35593,298.55594,295.95593,295.25592,299.05594,296.95593,296.55594,296.25592,296.25592
268.25592,278.05594,280.25592,280.25592,280.55594,280.95593,283.95593,284.05594,286.65594,287.35593,289.45593,289.95593,290.45593,289.45593,288.45593,291.25592,293.25592,291.75592,293.05594,291.45593,292.65594,292.15594,292.15594,279.65594,273.15594,273.15594,273.15594,273.15594,272.55594,270.55594,274.75592,268.55594,287.45593,262.35593,267.25592,291.45593,293.05594,296.55594,296.85593,295.65594,273.25592
281.55594,278.15594,280.15594,280.35593,280.15594,282.35593,281.75592,285.05594,285.15594,284.45593,285.75592,286.35593,290.55594,289.85593,288.15594,288.95593,290.55594,289.85593,290.85593,290.45593,289.85593,291.75592,291.05594,283.75592,294.35593,289.75592,291.05594,293.75592,294.75592,276.95593,273.75592,274.05594,273.15594,273.35593,272.15594,275.55594,274.35593,269.25592,285.45593,284.05594,277.45593
284.35593,277.65594,278.75592,279.55594,280.55594,283.75592,286.25592,283.55594,285.35593,287.45593,287.35593,284.65594,282.55594,283.25592,288.45593,288.15594,288.55594,289.15594,287.65594,287.25592,288.35593,286.45593,289.15594,290.95593,288.85593,288.35593,288.15594,292.15594,295.85593,294.75592,291.45593,289.45593,289.45593,291.35593,291.65594,276.75592,273.35593,267.55594,278.35593,276.15594,290.15594
283.85593,276.85593,276.85593,277.25592,280.95593,287.25592,285.95593,288.35593,286.85593,286.75592,284.95593,286.95593,280.65594,280.55594,279.85593,288.25592,288.65594,289.85593,289.25592,286.95593,284.45593,286.95593,285.45593,287.15594,287.85593,289.45593,288.35593,286.35593,291.45593,296.15594,295.65594,296.05594,275.75592,271.95593,279.45593,278.25592,285.65594,295.45593,291.05594,290.35593,289.55594
282.15594,283.45593,275.95593,274.45593,271.55594,272.35593,287.15594,285.35593,285.25592,284.85593,283.85593,283.75592,281.05594,280.35593,279.25592,288.95593,287.05594,285.55594,285.65594,288.35593,288.05594,288.65594,289.85593,287.25592,288.95593,286.35593,289.55594,272.95593,290.85593,288.65594,294.85593,292.35593,287.45593,290.55594,286.35593,280.95593,279.25592,273.95593,292.65594,291.05594,289.05594
281.65594,283.95593,283.05594,284.15594,281.75592,286.05594,284.75592,280.35593,283.35593,282.75592,283.45593,281.15594,283.15594,282.85593,284.95593,285.15594,286.95593,287.45593,285.65594,281.15594,275.85593,286.95593,284.05594,280.65594,273.25592,273.25592,273.45593,287.85593,286.65594,289.45593,289.45593,285.65594,284.75592,282.65594,275.55594,274.55594,274.15594,276.65594,273.25592,277.05594,286.45593
279.35593,283.15594,281.45593,280.75592,282.35593,277.85593,280.05594,279.35593,277.45593,278.55594,275.05594,275.75592,277.95593,276.25592,278.95593,279.25592,279.45593,280.15594,273.55594,274.35593,273.35593,273.25592,273.25592,273.75592,274.25592,273.45593,273.15594,273.15594,273.15594,273.15594,273.15594,273.25592,273.15594,273.15594,273.15594,273.15594,271.95593,273.15594,277.35593,285.05594,275.15594
278.35593,278.85593,279.35593,281.85593,280.25592,278.25592,276.85593,273.45593,273.45593,273.15594,273.15594,273.15594,273.25592,273.55594,273.25592,274.05594,275.05594,274.55594,273.15594,273.15594,273.15594,273.15594,273.15594,273.15594,273.15594,273.25592,273.15594,273.15594,273.15594,273.15594,273.15594,273.15594,274.85593,274.35593,273.75592,270.65594,273.15594,273.15594,271.05594,271.65594,272.65594
273.55594,273.15594,273.25592,275.75592,278.85593,273.15594,273.25592,273.15594,273.15594,273.15594,272.65594,273.15594,273.15594,273.15594,273.15594,273.15594,273.15594,273.25592,273.15594,273.15594,273.15594,273.15594,273.15594,273.15594,273.15594,273.15594,273.45593,273.35593,273.15594,273.15594,273.55594,278.35593,276.75592,274.25592,273.15594,273.15594,273.15594,273.15594,273.15594,275.25592,271.55594
271.65594,271.85593,272.05594,271.25592,271.45593,270.95593,270.95593,272.35593,273.15594,273.15594,273.15594,272.35593,273.15594,273.15594,273.15594,273.15594,273.15594,273.15594,273.15594,273.15594,273.15594,273.15594,273.15594,273.15594,273.15594,273.15594,273.05594,278.25592,279.45593,280.25592,275.65594,273.55594,274.85593,277.55594,273.15594,273.15594,273.45593,277.25592,274.55594,279.05594,275.35593
269.75592,267.15594,267.45593,266.55594,267.65594,267.55594,268.55594,269.75592,269.65594,272.05594,273.15594,270.25592,270.45593,270.95593,270.95593,271.75592,272.65594,273.15594,273.15594,273.15594,273.15594,273.15594,273.15594,273.15594,273.15594,273.15594,273.55594,275.95593,273.65594,277.65594,273.15594,273.15594,277.95593,273.15594,275.45593,273.35593,275.05594,276.15594,279.35593,278.55594,283.55594
270.25592,266.95593,266.95593,269.25592,270.75592,272.35593,271.05594,271.25592,272.85593,273.15594,273.25592,272.15594,267.55594,269.25592,268.25592,269.05594,269.95593,271.65594,271.65594,273.15594,273.15594,272.75592,272.75592,272.55594,273.15594,272.75592,273.15594,272.45593,272.75592,273.15594,273.15594,273.15594,273.15594,273.15594,273.15594,273.15594,273.15594,275.05594,273.15594,273.15594,273.35593
270.35593,272.45593,273.15594,273.15594,273.15594,273.15594,273.05594,272.45593,272.25592,273.15594,273.65594,273.75592,270.45593,271.45593,271.85593,268.55594,268.35593,267.75592,268.55594,269.45593,272.05594,272.15594,271.75592,271.75592,269.85593,270.55594,270.45593,271.15594,272.65594,272.85593,273.15594,273.05594,272.95593,272.35593,273.45593,273.15594,273.85593,273.25592,273.15594,274.05594,273.15594
273.45593,273.15594,273.15594,269.95593,270.85593,272.85593,272.85593,273.15594,273.15594,273.25592,273.25592,273.45593,271.95593,271.15594,269.95593,270.55594,271.35593,272.55594,273.15594,273.15594,271.95593,271.45593,270.45593,271.85593,271.05594,271.05594,270.85593,271.45593,272.35593,273.15594,272.65594,273.05594,273.05594,273.15594,273.15594,273.15594,273.25592,273.15594,273.15594,273.15594,273.95593
