wind_kz.json
{"header": {"discipline":0,"disciplineName":"Meteorological products","gribEdition":2,"gribLength":1025,"center":7,"centerName":"US National Weather Service - NCEP(WMC)","subcenter":0,"refTime":"2023-09-10T12:00:00.000Z","significanceOfRT":1,"significanceOfRTName":"Start of forecast","productStatus":0,"productStatusName":"Operational products","productType":1,"productTypeName":"Forecast products","productDefinitionTemplate":0,"productDefinitionTemplateName":"Analysis/forecast at horizontal level/layer at a point in time","parameterCategory":2,"parameterCategoryName":"UnknownDiscipline_0_Category_2","parameterNumber":2,"parameterNumberName":"UnknownParameter_D0_C2_2","parameterUnit":"Unknown","genProcessType":2,"genProcessTypeName":"Forecast","forecastTime":240,"surface1Type":103,"surface1TypeName":"Specified height level above ground","surface1Value":10.0,"surface2Type":255,"surface2TypeName":"Missing","surface2Value":0.0,"gridDefinitionTemplate":0,"gridDefinitionTemplateName":"Latitude_Longitude","numberPoints":615,"shape":6,"shapeName":"Earth spherical with radius of 6,371,229.0 m","gridUnits":"degrees","resolution":48,"winds":"true","scanMode":64,"nx":41,"ny":15,"basicAngle":0,"lo1":47.0,"la1":41.0,"lo2":87.0,"la2":55.0,"dx":1.0,"dy":1.0}, "data":
[rows 0 to 14 of 15, columns 0 to 40 of 41]
3.3124096,1.6824096,-2.2475903,-3.3375902,-2.7275903,-0.7375903,-7.9075904,-9.2675905,-10.0575905,-10.3075905,-10.107591,-9.237591,-10.147591,-6.7175903,-6.0275903,-5.2675905,-5.06759,-6.4675903,-6.1575904,-5.1175904,-2.4775903,-0.64759034,1.2124096,2.2824097,1.1224097,2.8524096,3.3524096,3.4824097,3.1524096,1.7024096,2.4424098,1.1724097,-0.42759034,-3.3275902,-2.8475904,0.31240967,-3.0975904,-2.7675903,-3.8275902,-2.6975904,2.7124097
1.5824096,-2.2875903,-6.31759,-8.2675905,-9.187591,-6.4475904,-11.49759,-10.40759,-10.50759,-9.90759,-9.03759,-8.88759,-7.60759,-5.9275904,-5.2675905,-5.4875903,-5.0575905,-4.8875904,-4.6775904,-4.0775905,-3.4875903,-1.8975903,-0.49759033,1.2924097,1.6524097,-0.21759033,0.36240968,2.0824096,0.97240967,0.12240967,-0.51759034,-0.62759036,-0.18759033,-1.1575904,-1.0575904,-1.2875904,-1.3275903,0.9424097,0.42240965,-0.70759034,-4.1575904
-2.8575904,-9.90759,-8.7675905,-10.727591,-10.237591,-10.487591,-8.03759,-5.3275905,-7.3675904,-7.2975903,-6.2775903,-6.8675904,-6.5075903,-5.9475904,-5.2775903,-5.1375904,-5.7875905,-4.60759,-4.3875904,-2.8875904,-1.3275903,-4.9975905,-5.0375905,-7.0475903,-3.4375904,-5.16759,-2.9375904,-2.4275904,1.1524097,-1.6375903,-0.23759033,-0.007590332,-0.33759034,-0.56759036,-0.82759035,-0.8675903,-0.07759033,-0.52759033,3.3124096,4.0224094,-0.23759033
-8.357591,-9.067591,-9.237591,-9.21759,-8.66759,-8.5575905,-6.37759,-5.8075905,-4.2975903,-6.39759,-7.9475904,-9.11759,-7.0275903,-4.4475904,-6.37759,-5.9275904,-5.7475905,-5.2875905,-5.4075904,-5.8475904,-7.0475903,-7.14759,-5.56759,-5.0175905,-4.64759,-4.7275906,-5.10759,-6.6975904,-5.4275904,-3.1275904,-1.0475904,1.1424097,0.06240967,0.10240967,0.30240968,1.0324097,-0.7475903,2.3024096,-0.89759034,0.8324097,0.7524097
-6.7875905,-9.237591,-6.5075903,-4.91759,-3.6775904,-3.6175904,-2.2875903,-2.8175902,-5.5775905,-7.10759,-8.3075905,-7.64759,-5.89759,-3.0375903,1.9924097,-5.20759,-5.68759,-5.0275903,-5.58759,-5.95759,-6.08759,-5.8675904,-5.8875904,-5.7475905,-6.12759,-6.9875903,-6.9875903,-0.9875903,-5.2975903,-3.6775904,-3.0875902,-2.0475903,-0.25759032,0.7024097,-3.5475903,-2.0575902,2.7424097,1.3624097,2.3924096,0.87240964,1.7124096
-4.0375905,-2.7975903,-6.5175905,-6.14759,-6.12759,-3.8975904,-5.35759,-6.4775906,-6.66759,-6.81759,-7.0975904,-6.4675903,-5.0775905,-1.7375903,-2.8375902,-4.1375904,-4.4475904,-4.39759,-4.6775904,-5.1975904,-4.5475903,-2.9875903,-2.6875904,-4.66759,-3.3175902,-4.5075903,-4.9475904,-2.7775903,-3.0875902,-2.4575903,-3.7975903,-2.7775903,-0.96759033,-2.6075904,-2.1575904,1.8824097,2.0224097,2.4224098,6.58241,-0.13759033,-1.2275903
-4.5075903,-7.5175905,-7.4875903,-6.9475904,-5.1975904,-6.2575903,-6.9075904,-5.87759,-5.9675903,-5.4775906,-4.0375905,-4.70759,-4.4275904,-5.08759,-4.6575904,-3.0975904,-3.4775903,-2.5675902,-2.0175903,-2.3275902,-1.8975903,-1.9275904,-2.2875903,-3.2175903,-0.8075903,-2.5375903,-1.0575904,-0.81759036,-0.62759036,-0.12759033,-1.1675904,-0.7875903,-3.5075903,-0.25759032,3.7424097,1.8324096,-0.07759033,0.44240966,2.6924098,0.012409668,3.4824097
-6.8275905,-6.1375904,-6.3875904,-6.2775903,-5.6175904,-4.6375904,-4.1975904,-3.9275904,-3.4075904,-2.9975903,-3.8775904,-3.0575902,-3.5075903,-4.7175903,-3.1375904,-3.2975903,-1.7575903,-0.6075903,-0.14759034,0.6424097,0.40240967,0.06240967,-0.94759035,-1.5275903,-1.5075903,-0.17759033,0.8324097,0.052409668,1.3724097,1.5124097,1.3824097,-3.3875904,-5.08759,-2.2175903,-2.0875902,0.09240967,1.0524096,2.6024096,5.2124095,6.4424095,4.7724094
-5.5975904,-6.3475904,-4.9775906,-3.8575904,-3.6775904,-1.8675903,-2.9975903,-3.6775904,-2.7275903,-2.1475904,-2.2375903,-1.9875903,-2.4675903,-1.7075903,-2.1475904,-2.2375903,-2.0375903,-1.3575903,-0.18759033,0.5124097,-1.1175903,-1.3375903,-2.6375904,-2.6175904,-3.1775904,-2.3275902,-1.5375904,-1.6175903,-1.9175904,-2.6175904,-4.8075905,-4.1975904,-2.1675904,-2.6675904,-0.93759036,-0.5375903,-0.04759033,-0.69759035,0.07240967,0.5024097,0.99240965
-4.9475904,-4.0575905,-3.7975903,-2.9375904,-0.49759033,-2.0375903,-3.4075904,-1.4675903,-0.18759033,-1.2575903,-0.11759033,0.91240966,-0.82759035,0.7724097,-0.64759034,-1.6975904,-1.8175904,-2.0375903,-1.0675904,-0.26759034,-1.3375903,-1.5475904,-0.9975903,-1.1675904,-1.0275903,-0.46759033,0.12240967,0.16240966,-0.83759034,-0.96759033,-2.0875902,-2.1275904,-0.28759032,2.1024096,1.1324097,0.49240968,0.6924097,0.7724097,0.40240967,1.3124096,1.5624096
-1.4075904,-3.1675904,-1.4575903,-3.5375903,-3.4075904,-2.5075903,-1.6775904,-0.26759034,1.8824097,1.7224097,1.2724097,0.5924097,1.0524096,0.38240966,-0.11759033,-0.43759033,0.13240966,0.20240967,0.62240964,0.49240968,0.012409668,-0.25759032,0.16240966,0.07240967,-0.44759032,-0.26759034,0.33240968,-0.45759034,-0.68759036,0.6524097,0.68240964,0.9024097,1.5424097,-0.23759033,0.14240967,-0.18759033,0.6924097,0.72240967,0.30240968,-0.75759035,0.79240966
-0.62759036,-0.81759036,-2.4775903,-1.7875904,-1.7175903,0.19240966,-1.6375903,-0.6775903,-0.24759033,2.1924098,3.5724096,2.1224096,1.4524096,1.1224097,1.5924096,2.2824097,2.1924098,2.3324096,1.9424096,1.6824096,2.0024097,2.6024096,1.6924096,2.3324096,2.5924096,1.9024097,1.6824096,1.6824096,1.8624097,2.0824096,2.6524096,1.9124097,1.8124096,1.5324097,1.8524097,1.0224097,2.0024097,2.3024096,0.56240964,0.60240966,-0.21759033
1.9024097,2.1424096,2.6224096,0.79240966,2.3324096,0.052409668,3.1024096,3.1124096,0.8924097,-0.08759033,2.1124096,2.9624097,1.7024096,3.4024096,3.1724098,2.9824097,2.9124098,2.7824097,1.6524097,2.7224097,2.9624097,3.3424096,2.5424097,2.1624098,3.8324096,3.6424096,3.5324097,3.4024096,3.6624098,3.2224097,3.6424096,2.8924096,0.66240966,2.2924097,3.6024096,1.5724096,2.0124097,1.6024097,2.4724097,1.4924097,0.37240967
1.5124097,2.5724096,2.1624098,3.6624098,0.7124097,2.4324098,3.4124098,3.8324096,4.14241,1.8624097,2.2124097,2.5024097,3.5524096,2.6624098,3.7424097,3.2724097,3.6124096,3.4924097,3.5424097,3.8024096,4.4924097,4.1524096,4.5724096,4.9624095,4.4424095,5.0724096,4.4024096,3.0624096,3.1124096,2.7724097,2.6124096,3.2924097,2.7624097,3.3224096,3.4724097,2.7324097,2.7224097,2.9724097,2.9424098,2.5124097,3.6024096
3.4924097,5.3824096,2.2224097,5.0524096,3.4724097,2.1624098,3.0924096,3.7924097,3.4124098,3.2824097,2.2724097,4.0124097,2.8924096,2.6624098,2.4624097,4.1524096,4.5724096,4.9524097,5.1924095,5.6324096,5.89241,5.3824096,5.7624097,5.4824095,5.7624097,4.39241,4.41241,4.5724096,5.04241,3.8824096,3.5824096,3.4424098,3.9724097,4.79241,4.93241,4.85241,3.0924096,3.5624096,3.2624097,4.06241,2.1824098
