wind_kz.json
{"header": {"discipline":0,"disciplineName":"Meteorological products","gribEdition":2,"gribLength":1025,"center":7,"centerName":"US National Weather Service - NCEP(WMC)","subcenter":0,"refTime":"2023-09-08T12:00:00.000Z","significanceOfRT":1,"significanceOfRTName":"Start of forecast","productStatus":0,"productStatusName":"Operational products","productType":1,"productTypeName":"Forecast products","productDefinitionTemplate":0,"productDefinitionTemplateName":"Analysis/forecast at horizontal level/layer at a point in time","parameterCategory":2,"parameterCategoryName":"UnknownDiscipline_0_Category_2","parameterNumber":3,"parameterNumberName":"UnknownParameter_D0_C2_3","parameterUnit":"Unknown","genProcessType":2,"genProcessTypeName":"Forecast","forecastTime":180,"surface1Type":103,"surface1TypeName":"Specified height level above ground","surface1Value":10.0,"surface2Type":255,"surface2TypeName":"Missing","surface2Value":0.0,"gridDefinitionTemplate":0,"gridDefinitionTemplateName":"Latitude_Longitude","numberPoints":615,"shape":6,"shapeName":"Earth spherical with radius of 6,371,229.0 m","gridUnits":"degrees","resolution":48,"winds":"true","scanMode":64,"nx":41,"ny":15,"basicAngle":0,"lo1":47.0,"la1":41.0,"lo2":87.0,"la2":55.0,"dx":1.0,"dy":1.0}, "data":
[rows 0 to 14 of 15, columns 0 to 40 of 41]
0.69248044,-1.8975196,0.38248047,-2.5675194,-4.5075197,-5.6475196,-4.3175197,-3.0075195,-2.4175196,-3.4275196,-4.1275196,3.1124804,3.0724804,1.5624804,0.43248045,-1.8375195,-2.8675196,-2.4075196,-4.3375196,-2.8775196,-1.9675195,-2.6975195,1.2424805,0.47248048,-2.2875195,-1.0975195,-0.9175195,1.5124805,2.3224804,-0.087519534,-0.92751956,-1.4475195,0.30248046,-1.9775195,-2.1475196,-0.37751952,0.45248047,1.6824805,1.8524804,-0.6075195,0.5924805
4.3724804,1.7924805,2.6824806,-0.24751954,-3.3275194,-5.0075197,-3.5975196,-3.4775195,-3.1075196,-2.4875195,-1.9075196,3.6324804,3.1524804,2.5224805,-0.09751953,-0.06751953,-0.5975195,-2.6375196,-5.8375196,-4.8675194,-4.4075193,-4.5475197,-2.2375195,1.3924805,0.82248044,0.5224805,-1.7675195,2.5524805,0.93248045,2.6524804,3.8124804,4.7624803,0.73248047,-1.8175195,0.73248047,-1.9375196,-2.4275196,-4.5475197,-0.95751953,-3.2675195,2.4524806
1.3724805,-0.99751955,1.3924805,-0.46751952,-2.3875196,-3.3375196,-3.2875195,-3.0175195,-2.3775196,-2.2175195,-1.0275196,4.0024805,2.9424806,1.8024805,0.88248044,0.08248047,-0.82751954,-2.4175196,-3.9775195,-4.9075193,-3.5275195,-2.6575196,-6.7075195,-1.6675196,-0.74751955,0.05248047,0.20248047,1.1024804,0.43248045,-1.1575196,1.1124805,-0.49751952,0.9024805,0.6024805,0.9524805,0.9524805,1.7224804,2.1324804,0.5124805,0.23248047,2.2324805
-1.0175195,-2.2375195,-3.0275195,-3.9075196,-1.3075196,-1.0075195,-3.1275196,-2.4475195,-2.8775196,0.32248047,3.8324804,2.8724804,3.9424806,2.7224805,1.2924805,-0.41751954,-1.9175196,-2.3875196,-3.3875196,-5.1075196,-4.7275195,-1.9775195,-0.8575195,-2.4075196,-2.2375195,-2.4075196,-2.7475195,-2.9775195,-0.51751953,-1.2675195,-1.5375196,-0.80751956,1.2824805,-2.3475196,-2.8775196,-1.1275195,1.1024804,3.7324805,1.8324804,-0.32751954,-0.61751956
-2.1575196,-3.2275195,-4.0975194,-4.3575196,-0.7975195,0.5824805,-0.9875195,-0.43751952,-0.25751954,-1.0475196,3.6024804,3.0924804,1.5324805,-0.087519534,-0.42751953,-1.3375195,-1.7975196,-2.8375196,-3.2475195,-1.2075195,-0.9175195,-1.3975196,-2.9175196,-2.3175194,-2.1975195,-2.9875195,-2.3575196,-1.7475195,-1.6975195,-1.9475195,-1.8275195,0.27248046,2.5824804,3.3724804,-0.30751953,-1.0875195,-1.7775196,0.74248046,-0.087519534,-3.8875196,-1.1575196
-3.2575195,-2.8175194,-3.7175195,-5.5275197,-3.1475196,-1.2275195,2.1124804,1.6324805,1.3324804,2.0724804,1.0924804,1.4424804,1.4724804,1.4224805,0.5924805,-0.48751953,-1.4275196,-2.6075196,-4.1175194,-0.61751956,-0.61751956,-0.15751953,-0.29751953,-2.1175196,-1.7075195,-2.0975196,-2.8675196,-0.62751955,-1.6075195,-0.62751955,-2.1475196,-2.6275196,-0.39751953,-0.14751953,1.7224804,-2.5875196,1.4824805,-0.25751954,-1.6275195,-1.3775195,-3.9775195
-2.9575195,-2.8075194,-2.8975196,-0.95751953,-3.7075195,-1.1675196,-1.6575196,-0.09751953,0.6624805,-1.6575196,-0.10751953,0.73248047,-0.7275195,-1.3175195,-0.31751955,-0.23751953,-1.6575196,-2.3175194,-2.4975195,-1.1475196,-0.42751953,-1.2475195,-0.03751953,0.40248048,-1.3975196,-1.7975196,-3.3075194,-2.0175195,-2.3175194,-1.9775195,-2.1075196,-3.5875196,-4.0475197,-4.7875195,-0.92751956,-1.0075195,-1.9775195,-0.81751955,0.20248047,-1.6875196,-2.5575194
-2.7775195,-2.7675195,-2.4675195,-2.4775195,-0.62751955,-1.4775195,3.4224806,1.2024804,1.7224804,-1.3575195,-2.1875196,1.2024804,2.1024804,3.2024806,1.3324804,-0.06751953,-0.93751955,-1.2075195,0.17248046,0.50248045,0.39248046,-1.5475196,-2.0775194,-1.0975195,-0.50751954,-0.28751954,-0.9875195,-0.93751955,-1.5375196,-3.3575196,-2.5475194,-2.5475194,-3.3575196,-3.6075196,-1.8475195,-1.9675195,-1.8175195,-0.33751953,-0.80751956,1.1024804,-1.6375195
-3.0075195,-2.4575195,-2.2475195,-2.5475194,1.6724805,0.10248047,-2.3475196,-2.4075196,-1.2375195,2.3924804,2.7124805,0.6624805,2.2624805,0.25248048,-1.6175195,-1.8275195,-1.4375196,-1.7975196,-1.2975196,-0.5875195,0.33248046,-1.4175196,-1.6275195,-0.56751955,-0.95751953,-1.7475195,-0.74751955,-0.93751955,-1.2775196,-1.8375195,-3.0475194,-2.3575196,-1.8575195,-2.4875195,-0.8375195,-1.3175195,-2.6575196,0.30248046,1.7224804,0.54248047,-0.18751954
-1.9075196,-2.9675195,-3.7175195,-2.7875195,-2.7575195,-0.75751954,2.7124805,3.8424804,3.4524806,1.9724804,2.2324805,2.1024804,1.7224804,0.17248046,0.02248047,-2.2675195,-1.8775195,-2.1775196,-1.2875196,0.5124805,0.43248045,0.20248047,-0.25751954,-0.38751954,-0.46751952,-0.10751953,-1.0375196,-0.33751953,-1.6475196,-2.7175195,-1.9575195,-1.4375196,-1.9075196,-1.0875195,-1.1075195,-0.26751953,0.12248047,-0.88751954,0.36248046,2.6224804,2.0924804
-1.8575195,-2.4075196,-2.5275195,-2.8875196,-2.5075195,-1.5775195,-1.8775195,-0.61751956,1.5124805,2.5224805,1.3224804,0.0124804685,0.21248047,-0.27751952,-1.0675195,-1.8975196,-1.4275196,-0.23751953,0.35248047,-0.39751953,-0.5375195,-0.6675195,-0.7375195,-0.5275195,-0.76751953,0.13248047,-0.40751952,-1.7875196,-1.9575195,-1.8375195,-1.4875195,-2.0375195,-2.8675196,-1.7075195,-0.88751954,0.44248047,0.32248047,1.0624804,1.0924804,1.1524805,0.46248046
-1.1675196,-1.9275196,-2.1475196,0.20248047,-0.6075195,-0.70751953,-1.0475196,-1.0575196,0.10248047,0.46248046,0.6524805,-0.37751952,0.0124804685,-0.81751955,-1.5075195,-1.0575196,-1.4175196,-0.8575195,0.55248046,0.8424805,1.0024805,0.02248047,0.02248047,-0.27751952,0.49248046,-0.22751953,-0.19751953,-2.4975195,-3.0975196,-3.1075196,-3.2475195,-2.5775194,-1.5075195,-1.8575195,-2.3275194,-0.027519532,1.8524804,1.7224804,1.6224805,1.8524804,0.46248046
-0.44751954,-1.6675196,-0.8575195,-0.9875195,-1.1375195,-0.36751953,-0.27751952,0.7124805,0.43248045,0.20248047,0.032480467,-0.19751953,0.0124804685,-0.82751954,-1.6975195,0.44248047,-0.50751954,-0.27751952,0.5324805,0.8324805,0.6424805,1.1824805,0.6524805,-0.03751953,-0.21751954,-0.70751953,-1.6175195,-2.5975196,-3.0175195,-2.8575196,-3.2675195,-2.8075194,-1.9975195,-2.0675194,-2.9075196,-2.7175195,-2.8075194,-1.2475195,-1.6775196,-1.2075195,-0.48751953
-0.63751954,-0.06751953,0.18248047,0.24248047,-0.61751956,-0.7375195,-0.34751952,0.25248048,-0.30751953,1.5024805,0.62248045,0.10248047,-0.81751955,0.30248046,-0.28751954,0.19248047,0.092480466,-0.25751954,0.13248047,1.0324805,0.75248045,0.8524805,1.1924804,0.81248045,0.10248047,-0.67751956,-1.7175195,-2.3575196,-2.8275194,-2.7775195,-3.0075195,-3.0075195,-3.1275196,-2.9375196,-2.9675195,-3.7575195,-3.0775194,-2.8175194,-2.2575195,-1.7775196,-0.7175195
-0.087519534,-1.1075195,-0.44751954,-0.5975195,-0.99751955,-0.087519534,0.92248046,0.82248044,0.0124804685,0.11248047,0.10248047,1.0324805,0.74248046,-0.30751953,1.4324805,0.98248047,0.21248047,-0.26751953,0.69248044,0.6424805,0.9624805,1.4324805,1.7724805,0.9124805,0.0124804685,-0.67751956,-1.2775196,-1.9475195,-2.1975195,-2.2675195,-2.6675196,-2.0375195,-2.0675194,-2.6375196,-2.6175196,-2.7575195,-2.6975195,-2.2875195,-2.5675194,-4.2275195,-2.0775194
