wind.json
{"header": {"discipline":0,"disciplineName":"Meteorological products","gribEdition":2,"gribLength":1125,"center":7,"centerName":"US National Weather Service - NCEP(WMC)","subcenter":0,"refTime":"2023-06-29T00:00:00.000Z","significanceOfRT":1,"significanceOfRTName":"Start of forecast","productStatus":0,"productStatusName":"Operational products","productType":1,"productTypeName":"Forecast products","productDefinitionTemplate":0,"productDefinitionTemplateName":"Analysis/forecast at horizontal level/layer at a point in time","parameterCategory":2,"parameterCategoryName":"UnknownDiscipline_0_Category_2","parameterNumber":3,"parameterNumberName":"UnknownParameter_D0_C2_3","parameterUnit":"Unknown","genProcessType":2,"genProcessTypeName":"Forecast","forecastTime":240,"surface1Type":103,"surface1TypeName":"Specified height level above ground","surface1Value":10.0,"surface2Type":255,"surface2TypeName":"Missing","surface2Value":0.0,"gridDefinitionTemplate":0,"gridDefinitionTemplateName":"Latitude_Longitude","numberPoints":688,"shape":6,"shapeName":"Earth spherical with radius of 6,371,229.0 m","gridUnits":"degrees","resolution":48,"winds":"true","scanMode":64,"nx":43,"ny":16,"basicAngle":0,"lo1":45.0,"la1":40.0,"lo2":87.0,"la2":55.0,"dx":1.0,"dy":1.0}, "data":
[rows 0 to 15 of 16, columns 0 to 42 of 43]
-2.2174146,1.6925855,1.3425854,-0.51741457,-0.07741455,-6.7174144,-5.6074147,-2.7474146,-1.2074145,-0.84741455,-1.8674146,-2.3874145,-4.0374146,-2.2474146,2.5825853,2.4125855,2.2625854,1.9025855,0.6725854,-0.61741453,-0.55741453,1.8125855,-1.7874146,1.2325854,1.4125855,2.2925854,3.2525854,2.1525855,2.8725855,-1.5274146,-4.3474145,-2.9374146,-1.9874146,-0.6874145,-0.7474145,-0.86741453,-3.4174147,-5.4974146,-8.837415,-6.3074145,1.8725854,3.6825855,1.1125854
0.51258546,-0.55741453,0.19258545,-2.6874146,1.1225854,-5.6274147,-6.7374144,-5.6274147,-1.5174146,-0.51741457,-0.64741457,-0.49741456,-3.8774145,-1.5174146,-2.5874145,-1.5174146,-1.8674146,-2.0174146,0.09258545,0.43258545,0.49258545,1.1825855,0.02258545,0.59258544,-0.6374146,-0.7574146,-1.4274145,-1.8774146,-1.2674146,2.8025854,-1.0574145,-0.77741456,-3.2674146,-4.3674145,1.5425855,-1.0974145,-3.1474144,-5.1874146,-8.987414,-8.287415,-1.2774146,-1.7074145,0.40258545
-0.86741453,-3.2474146,3.2725854,1.6625855,-2.4974146,-4.1774144,-4.5074143,-4.8574147,-4.5774145,-2.3374145,-2.0674145,-2.3974144,-0.7474145,-2.0574145,-0.36741456,-0.24741454,-2.3074145,-2.7974145,-2.0774145,-0.22741455,2.0425854,3.7625854,3.6325855,1.9325855,1.3425854,1.9525855,0.85258543,0.46258545,-1.7174145,0.8125855,1.2925855,2.6625855,4.1025853,1.5125854,-0.67741454,1.4625854,-3.2674146,-1.6774145,-4.4474144,-6.9274144,-3.9574146,-2.7774146,0.25258544
2.9825854,2.3125854,2.4625854,1.7725854,-1.7874146,-3.0274146,-3.1874146,-3.4474146,-3.6274145,-2.8574145,-2.6674147,-1.3774146,1.5025854,1.2725854,0.17258544,0.10258545,-0.86741453,-2.6274145,-2.4074144,-0.72741455,1.8425854,4.3925853,3.8225853,2.2525854,1.6625855,1.2125854,2.4825854,1.5625855,0.8725855,-0.28741455,0.27258545,2.1125855,2.9325855,0.71258545,1.2325854,-1.0974145,0.02258545,1.6825855,4.1125855,1.5025854,-0.85741454,-1.6474146,-0.9474146
1.2625854,1.3025855,1.2225854,0.9325855,0.19258545,-1.5174146,-3.4574146,-2.3874145,-2.3074145,-3.2174146,-3.0374146,-1.9974146,1.0725855,-0.37741455,-1.4974146,-0.8274146,-1.7674146,-3.1074145,-3.0574145,-4.0674148,0.89258546,0.72258544,1.7125854,2.5425854,3.2925854,2.2725854,0.6225855,2.3925855,2.7925854,3.4225855,4.0525856,2.1225855,2.7125854,-0.6374146,-1.1674145,-1.5974145,-0.5074146,-1.9074146,-0.83741456,0.79258543,0.33258545,2.3625855,-1.2774146
1.2025855,0.94258547,0.35258543,0.6725854,-0.30741456,-0.46741456,-1.7874146,-2.8974144,-3.2374146,-1.7874146,-2.9274147,-3.7574146,-1.9874146,-2.2074146,-2.4974146,-2.0974145,-3.4974146,-1.3774146,-2.4374146,-3.0074146,-3.0074146,-3.7774146,2.2625854,2.6925855,2.8425856,2.8825855,-0.59741455,-2.8174145,3.1125855,3.9825854,1.4425855,0.72258544,2.0925856,2.8625855,2.0925856,0.6825855,-0.71741456,-1.2274146,-0.7574146,-0.80741453,0.24258545,0.52258545,-6.6274147
3.6825855,2.7325854,2.4325855,1.0125854,-0.8874146,-2.8574145,-2.3074145,0.8025854,0.32258546,0.012585449,-0.43741456,-1.1874145,-2.6574144,-3.2674146,-4.7274146,-4.3874145,-4.2074146,-3.8074145,-3.5974145,-2.7574146,-2.6074145,-1.4274145,2.5925856,2.5725853,1.1325854,-0.84741455,-1.2874146,1.0825855,-0.33741456,1.7225854,2.0925856,1.3225855,2.5425854,3.1625855,1.6225854,1.7725854,2.5825853,-1.6874145,2.3225853,0.09258545,-1.4574145,4.9325852,1.1625855
3.5925856,4.0425854,3.9825854,3.5825853,1.4125855,0.96258545,-0.86741453,2.5225854,2.7525854,2.4325855,1.7625854,0.31258544,-1.6974145,-1.3274145,-2.5174146,-1.6274146,-0.64741457,-2.3074145,-3.3574145,-3.7274146,-3.6474144,-2.2074146,4.1825852,2.0025854,0.44258544,-0.21741456,-2.0974145,-0.33741456,-0.8774145,2.0025854,1.1125854,5.1725855,4.0325856,3.1725855,2.0025854,-0.38741454,-0.89741457,-1.2974145,-2.2774146,-1.6274146,-1.5074146,-1.7874146,-2.9374146
-1.5574145,1.9425855,2.8725855,4.0525856,4.4825854,3.2425854,2.0025854,2.2625854,2.8625855,1.9325855,2.9225855,1.0525855,-1.5374146,-1.7874146,-0.96741456,0.8125855,-2.2674146,-3.3974144,-3.7974145,-3.5574145,-3.2674146,-1.5174146,-2.4674146,-2.1874146,-1.2874146,-2.0774145,-1.6074146,2.2625854,2.7325854,-1.1474146,0.66258544,2.4925854,2.0025854,2.1225855,0.76258546,-1.0674145,0.71258545,0.98258543,-0.8774145,-1.7974145,0.45258546,0.23258545,-0.72741455
-3.0674145,-2.5374146,-2.9574146,-2.8374145,-2.8274145,-0.28741455,2.1825855,1.9625854,2.3325853,2.8725855,2.1525855,0.97258544,-2.1074145,-2.5774145,-1.9474145,-2.5374146,-2.7474146,-4.4374146,-3.7774146,-4.9374146,-3.1674147,-2.9474146,-3.5674145,-2.2274146,-2.7174146,-0.61741453,0.042585447,-0.047414552,1.5425855,3.1925855,2.6925855,0.72258544,1.1925855,3.2925854,2.2825854,2.5325854,1.6025854,1.6225854,-1.7774146,-0.35741454,-2.1074145,-2.3474145,-0.8174145
-1.5974145,-2.1674147,-2.2574146,-2.3074145,-2.6074145,-3.1274145,-2.0474145,0.5625855,2.7325854,1.8025855,0.43258545,-1.3674146,-4.6474147,-3.1674147,-0.54741454,-3.1074145,-3.2074146,-3.7474146,-4.0774145,-3.4374146,-2.7774146,-2.5574145,-2.5974145,-1.7174145,-2.2974145,2.2625854,1.1225854,0.85258543,0.83258545,-0.24741454,1.7125854,0.85258543,2.6225855,1.8325855,2.0725853,1.6325854,2.3425856,1.1525855,0.47258544,-1.2474146,0.48258546,1.1425854,1.0825855
-0.55741453,-2.7674146,-2.8874145,-2.9874146,-3.0674145,-3.3574145,-1.5974145,0.10258545,2.7025855,1.3925854,1.2425854,0.17258544,-0.9974145,-0.34741455,-2.2674146,-2.7074146,-3.1474144,-3.6874146,-3.8974144,-3.3074145,-3.3174145,-3.2274146,-3.2074146,-4.1674147,-3.8374145,-0.84741455,0.8125855,2.5425854,1.7525854,1.2725854,1.7125854,2.1425855,1.6625855,1.7825855,1.4825854,1.4025855,2.1725855,1.4525855,1.2925855,1.6825855,1.5525855,1.4725854,0.35258543
-1.9274145,-2.3574145,-1.2274146,-2.0474145,-2.9574146,-2.9674146,-0.027414551,-1.1174146,0.0025854493,0.64258546,1.1725855,-0.11741455,0.51258546,-0.79741454,-2.0474145,-2.6574144,-3.0174146,-3.4674146,-2.1674147,-3.4774146,-2.7174146,-3.3074145,-0.25741455,-3.5574145,-5.8274145,-1.0174146,0.89258546,1.7125854,2.2625854,2.3325853,2.4925854,0.40258545,-0.95741457,-0.6274145,-0.32741454,1.8225855,0.5525854,1.8725854,3.3925855,2.4725854,1.8325855,1.8425854,1.0825855
-1.8874146,-2.2774146,-2.2874146,-1.4174145,-1.8574146,-1.6774145,-0.9474146,-0.017414551,0.49258545,0.19258545,-1.2274146,-1.5774145,-0.95741457,-0.37741455,-0.8774145,-2.7474146,-3.1774147,-2.4774146,-2.8274145,-3.3774145,-3.0874145,-3.1174145,-2.8874145,-2.2774146,-1.7974145,-1.9774146,-2.8374145,-2.0174146,-1.7574146,0.29258546,1.1725855,1.3225855,0.09258545,1.7925855,1.3025855,1.7825855,0.96258545,1.1125854,1.8625854,1.9425855,2.2425854,1.7625854,0.97258544
-2.2074146,-1.4074146,-2.0874145,-2.6174145,-2.9474146,-0.80741453,-0.24741454,0.23258545,0.43258545,0.30258545,0.31258544,-0.47741455,0.64258546,-0.5674145,-0.89741457,-0.54741454,-2.1274145,-2.0674145,-2.5774145,-2.5974145,-2.8374145,-3.0374146,-2.6774147,-2.4174147,-2.4174147,-2.1074145,-2.1874146,-2.8874145,-2.9274147,-1.1974145,-0.14741455,-0.76741457,-1.6774145,0.22258545,-0.77741456,-0.51741457,1.1425854,1.1225854,1.1725855,0.83258545,1.3425854,1.5625855,2.3825855
-2.5874145,-2.3274145,-2.0774145,-3.2674146,-4.4874144,-0.98741454,-0.33741456,-0.6274145,-1.0674145,-0.60741454,-0.07741455,0.19258545,0.23258545,1.1225854,1.6325854,-0.6874145,-1.9174145,-2.2874146,-2.6774147,-2.8674145,-2.8674145,-3.3074145,-3.0774145,-2.8474145,-2.7174146,-2.5074146,-0.6274145,-0.29741454,-0.11741455,0.64258546,-1.1674145,-0.8274146,-0.5674145,0.63258547,-0.26741454,0.90258545,1.0825855,0.8125855,1.2325854,1.1025854,0.83258545,1.3325855,0.79258543
