wind.json
{"header": {"discipline":0,"disciplineName":"Meteorological products","gribEdition":2,"gribLength":1125,"center":7,"centerName":"US National Weather Service - NCEP(WMC)","subcenter":0,"refTime":"2023-06-30T12:00:00.000Z","significanceOfRT":1,"significanceOfRTName":"Start of forecast","productStatus":0,"productStatusName":"Operational products","productType":1,"productTypeName":"Forecast products","productDefinitionTemplate":0,"productDefinitionTemplateName":"Analysis/forecast at horizontal level/layer at a point in time","parameterCategory":2,"parameterCategoryName":"UnknownDiscipline_0_Category_2","parameterNumber":2,"parameterNumberName":"UnknownParameter_D0_C2_2","parameterUnit":"Unknown","genProcessType":2,"genProcessTypeName":"Forecast","forecastTime":300,"surface1Type":103,"surface1TypeName":"Specified height level above ground","surface1Value":10.0,"surface2Type":255,"surface2TypeName":"Missing","surface2Value":0.0,"gridDefinitionTemplate":0,"gridDefinitionTemplateName":"Latitude_Longitude","numberPoints":688,"shape":6,"shapeName":"Earth spherical with radius of 6,371,229.0 m","gridUnits":"degrees","resolution":48,"winds":"true","scanMode":64,"nx":43,"ny":16,"basicAngle":0,"lo1":45.0,"la1":40.0,"lo2":87.0,"la2":55.0,"dx":1.0,"dy":1.0}, "data":
[rows 0 to 15 of 16, columns 0 to 42 of 43]
-3.9072258,0.37277403,3.002774,0.08277405,3.272774,-0.26722595,3.152774,1.232774,-2.477226,-5.917226,-2.6572258,-4.207226,-4.637226,-4.327226,-4.447226,-2.9072258,-3.067226,-2.267226,-0.67722595,-2.807226,-2.357226,-1.2172259,-1.777226,0.90277404,0.28277406,-0.67722595,-0.03722595,-0.12722595,-0.45722595,1.3027741,2.232774,0.74277407,0.65277404,-0.30722594,-0.84722596,-2.737226,-2.257226,-1.407226,-1.5772259,0.64277405,0.29277405,2.682774,3.192774
1.962774,7.112774,-0.92722595,-1.517226,2.902774,9.072774,6.912774,2.942774,-0.09722595,-3.617226,-3.797226,-1.2272259,-2.6672258,-2.707226,-3.357226,-3.237226,-3.187226,-2.687226,-1.547226,-0.75722593,-2.027226,-0.42722595,3.392774,1.592774,-0.36722594,-1.4672259,0.23277405,-2.757226,-3.047226,-0.59722596,1.322774,1.3927741,1.1827741,0.94277406,0.58277404,0.22277404,-1.767226,-1.3172259,-1.5872259,1.382774,0.8027741,0.22277404,2.692774
1.9027741,-2.427226,1.612774,3.292774,6.092774,2.412774,-4.167226,-3.267226,-8.167226,-5.867226,-2.8872259,-1.7072259,-0.29722595,-1.917226,-1.3472259,-1.387226,-1.397226,-2.467226,-0.09722595,-2.477226,-0.72722596,-0.027225953,1.092774,-0.87722594,-0.98722595,-2.757226,1.0427741,0.99277407,-0.84722596,-0.18722595,-1.0972259,-1.527226,0.19277404,0.30277404,1.2827741,-2.097226,0.31277406,0.53277403,1.6527741,1.9327741,2.3427742,2.402774,0.28277406
0.64277405,0.43277404,2.012774,4.9627743,1.992774,-0.13722596,-5.137226,-8.417226,-7.757226,-5.817226,-4.627226,0.042774048,-0.87722594,-1.517226,1.602774,2.412774,1.9327741,-1.117226,-1.6072259,-1.0672259,-1.2072259,0.06277405,0.37277403,-1.1872259,-2.6272259,-1.897226,0.32277405,0.18277405,-0.72722596,-1.757226,-2.9172258,-0.39722595,0.42277405,2.772774,0.45277405,-0.30722594,1.3027741,-0.59722596,0.83277404,-0.18722595,4.032774,2.1227741,0.48277405
-1.497226,-1.887226,-0.36722594,-0.25722596,-6.207226,-4.197226,-8.287226,-6.147226,-2.1272259,-4.527226,-4.137226,3.802774,0.542774,1.212774,3.992774,4.672774,4.182774,3.292774,1.832774,2.472774,1.1627741,-0.96722597,0.78277403,0.5527741,-0.36722594,0.072774045,-1.3572259,-1.6872259,-2.527226,-0.43722594,2.0927742,0.74277407,-1.5772259,-0.99722594,-1.657226,0.25277406,-1.0672259,-1.5872259,-0.8872259,1.5527741,0.48277405,0.43277404,0.31277406
-2.687226,-2.587226,-1.257226,-6.147226,-7.4972258,-9.637226,-5.407226,-5.637226,-3.997226,-2.817226,-0.5772259,-0.09722595,0.64277405,1.232774,1.482774,3.212774,5.312774,3.322774,3.062774,-2.617226,-1.767226,-2.727226,-2.3872259,-5.977226,-4.2872257,-4.917226,-3.837226,-0.527226,-1.7072259,-0.49722594,-2.547226,-2.027226,-0.03722595,-2.207226,-1.527226,1.602774,1.952774,2.192774,5.402774,5.722774,3.162774,5.4827743,3.402774
3.542774,-3.487226,-2.577226,-2.427226,-5.9972258,-6.237226,-6.107226,-5.847226,-3.427226,-2.757226,-2.077226,-1.257226,0.48277405,-1.117226,0.27277404,-3.837226,-2.747226,-1.527226,-5.057226,-3.357226,-3.547226,-2.317226,-2.207226,-1.1972259,-1.7172259,-2.447226,-2.507226,-2.727226,2.0827742,-1.407226,-2.4072258,-2.097226,-0.66722596,-1.387226,-1.657226,-0.057225954,0.982774,-1.927226,1.492774,1.5527741,7.012774,0.56277406,-7.487226
-3.427226,-4.2472258,-4.257226,-4.177226,-5.967226,-5.177226,-4.667226,-3.777226,-3.327226,-2.837226,-2.427226,-1.3372259,-1.047226,-0.56722593,-0.98722595,-1.237226,-1.4372259,-2.557226,-3.997226,-2.6572258,-2.687226,-1.287226,-0.107225955,0.32277405,0.09277405,-1.737226,-0.007225952,-0.33722594,1.1427741,-0.91722596,-2.947226,-1.5772259,-1.557226,-0.35722595,-1.297226,1.4127741,-3.8972259,-1.807226,-0.67722595,1.752774,0.602774,2.3727741,0.22277404
-4.5172257,-3.247226,-4.407226,-4.317226,-4.437226,-4.487226,-3.527226,-2.767226,-1.887226,-1.8372259,-0.50722593,-0.23722595,-0.44722596,1.0627741,-0.60722595,-3.497226,-2.837226,-3.307226,-3.1572258,-1.027226,-1.657226,-2.117226,0.77277404,1.362774,1.3027741,1.3127741,0.38277406,1.0227741,1.1527741,1.6527741,-0.897226,-1.5772259,-0.80722594,1.722774,-1.1872259,-0.6372259,-1.1072259,1.832774,2.242774,4.7527742,3.752774,3.462774,-0.08722595
-2.6372259,-3.007226,-3.3972259,-2.9072258,-2.6572258,-2.867226,-2.777226,-1.517226,-0.67722595,-1.167226,-1.057226,-0.97722596,-0.90722597,-1.027226,0.71277404,-0.92722595,-2.1472259,-2.757226,-3.097226,-2.047226,-2.827226,0.59277403,1.002774,2.312774,-0.14722595,2.8327742,2.702774,3.632774,4.812774,0.40277404,-1.3572259,-0.37722597,0.982774,-0.38722596,0.70277405,0.21277405,1.212774,0.44277406,0.722774,-2.227226,-1.9372259,0.542774,-0.68722594
-3.087226,-3.347226,-3.257226,-1.877226,-1.9472259,-1.887226,-1.1972259,-1.2272259,-1.497226,-1.5672259,-1.927226,-1.507226,-1.267226,-3.447226,-1.747226,-2.367226,-1.907226,-1.427226,-0.80722594,-0.85722595,0.49277404,0.852774,1.2927741,1.2727741,1.5627741,-0.46722594,-0.6972259,2.912774,0.30277404,-1.747226,1.322774,1.1627741,-0.99722594,-1.127226,-1.137226,-1.807226,-1.117226,-0.54722595,-1.137226,-0.007225952,-1.777226,-0.09722595,-0.30722594
-2.6372259,-0.78722596,-2.347226,-2.107226,-0.91722596,-1.4372259,-1.907226,-1.807226,-0.78722596,-0.61722594,-1.047226,-0.56722593,-0.62722594,0.49277404,0.57277405,-1.737226,-1.277226,0.09277405,-0.14722595,0.30277404,1.202774,2.202774,2.032774,1.962774,1.762774,1.5627741,0.46277404,-0.67722595,-1.7172259,-4.967226,1.322774,0.10277405,-1.517226,-2.857226,-2.537226,-1.1872259,0.072774045,-0.74722594,-1.0772259,0.25277406,-0.38722596,0.63277406,-0.20722595
-1.987226,-0.14722595,-0.90722597,-1.117226,-2.1272259,-2.8872259,-1.5872259,-0.53722596,0.12277405,-0.36722594,0.12277405,0.36277404,0.32277405,1.192774,-0.68722594,-1.737226,-0.057225954,0.69277406,1.082774,2.312774,1.5527741,2.072774,2.072774,2.032774,-0.42722595,-0.27722594,-0.68722594,-0.22722596,1.452774,-3.547226,1.132774,-2.997226,-3.1572258,-3.057226,-1.547226,0.29277405,-0.007225952,0.15277405,0.33277404,-0.007225952,0.10277405,0.58277404,0.06277405
-1.6872259,-1.397226,-0.777226,-0.60722595,-0.72722596,-1.3272259,-0.18722595,-0.25722596,0.22277404,0.602774,-1.247226,0.852774,0.63277406,1.452774,-0.017225953,0.38277406,1.1727741,2.322774,2.942774,2.802774,2.692774,3.182774,2.452774,1.962774,-0.057225954,-1.297226,-1.497226,2.302774,-2.6272259,1.6427741,1.462774,-2.6272259,-2.467226,-2.677226,-2.357226,-1.037226,0.22277404,1.602774,1.572774,0.74277407,1.7727741,1.132774,-0.08722595
-1.117226,-0.47722596,-0.027225953,-0.027225953,1.112774,-0.12722595,0.48277405,0.972774,0.17277405,-0.047225952,1.242774,0.33277404,-0.21722595,1.0427741,2.1127741,3.222774,3.552774,3.022774,4.062774,3.302774,2.932774,3.552774,3.052774,2.012774,2.1227741,0.112774044,-3.847226,-1.897226,-2.3972259,4.162774,-1.9472259,-2.567226,-2.587226,-2.787226,-1.2172259,-0.81722593,-0.09722595,-1.2072259,-0.32722595,-0.53722596,-0.12722595,0.852774,-0.87722594
1.1427741,0.83277404,0.41277406,1.382774,1.012774,-0.027225953,0.81277406,1.2727741,1.592774,1.0527741,1.5327741,0.51277405,0.38277406,1.5227741,2.052774,3.972774,4.222774,3.822774,4.112774,4.142774,2.682774,3.002774,2.6227741,1.732774,1.6527741,1.5627741,-0.99722594,-1.057226,2.642774,-0.19722596,-1.5672259,-2.4172258,-3.057226,-3.1572258,-0.647226,-0.6972259,-1.777226,-1.9772259,-0.8272259,-1.057226,-1.9572259,-2.727226,-1.427226
