wind_kz.json
{"header": {"discipline":0,"disciplineName":"Meteorological products","gribEdition":2,"gribLength":1025,"center":7,"centerName":"US National Weather Service - NCEP(WMC)","subcenter":0,"refTime":"2023-09-24T00:00:00.000Z","significanceOfRT":1,"significanceOfRTName":"Start of forecast","productStatus":0,"productStatusName":"Operational products","productType":1,"productTypeName":"Forecast products","productDefinitionTemplate":0,"productDefinitionTemplateName":"Analysis/forecast at horizontal level/layer at a point in time","parameterCategory":2,"parameterCategoryName":"UnknownDiscipline_0_Category_2","parameterNumber":3,"parameterNumberName":"UnknownParameter_D0_C2_3","parameterUnit":"Unknown","genProcessType":2,"genProcessTypeName":"Forecast","forecastTime":120,"surface1Type":103,"surface1TypeName":"Specified height level above ground","surface1Value":10.0,"surface2Type":255,"surface2TypeName":"Missing","surface2Value":0.0,"gridDefinitionTemplate":0,"gridDefinitionTemplateName":"Latitude_Longitude","numberPoints":615,"shape":6,"shapeName":"Earth spherical with radius of 6,371,229.0 m","gridUnits":"degrees","resolution":48,"winds":"true","scanMode":64,"nx":41,"ny":15,"basicAngle":0,"lo1":47.0,"la1":41.0,"lo2":87.0,"la2":55.0,"dx":1.0,"dy":1.0}, "data":
[rows 0 to 14 of 15, columns 0 to 40 of 41]
-0.47532713,-2.0253272,1.2746729,-1.5053271,-1.8253272,-3.655327,-2.0353272,-0.66532713,-0.19532715,-1.3753271,-0.7453272,-2.425327,-3.5853271,-3.425327,-3.945327,-1.8153272,-2.7153273,-0.83532715,0.61467284,-1.6953272,-2.125327,-1.9353272,2.2046728,-1.3753271,-1.3253272,-0.51532716,-0.20532715,1.1946728,0.17467286,3.1846728,1.6146729,1.9046729,0.90467286,0.5746729,0.33467284,0.83467287,0.38467285,0.80467284,0.5646728,0.80467284,0.52467287
2.7746727,0.91467285,1.0346729,-0.43532714,-0.31532714,-1.5153271,-3.5553272,-2.195327,-2.5053272,-2.5353272,-2.8553271,1.1046729,1.2046728,-1.6053271,-2.8453271,-3.9753273,-3.685327,0.34467286,-1.7553271,-2.3253272,-1.8453271,-1.5853271,2.104673,2.2246728,2.044673,0.8146728,-0.14532715,0.80467284,-0.64532715,1.9546728,1.9146729,3.7646728,1.4946729,1.0046729,0.8146728,-0.70532715,0.71467286,-1.2553271,-0.12532715,-2.5253272,0.8246729
3.074673,2.2546728,0.39467284,-0.22532715,-1.7953272,-1.9753271,-3.685327,-3.5253272,-1.7453271,-1.6553272,-2.8253272,-2.875327,-3.205327,-2.165327,-2.435327,-2.5153272,-1.2253271,-1.2153271,-1.0153271,-2.0353272,-1.3753271,-0.82532716,1.0746728,1.6246729,2.2646728,3.374673,2.7346728,1.0646728,-0.19532715,1.9746728,3.294673,1.4046729,0.97467285,-1.1853272,-0.90532714,1.4146729,0.49467286,0.36467284,0.6346729,-0.25532714,0.08467285
0.20467286,-0.14532715,-1.4553272,-2.425327,-3.1053271,-2.0253272,-2.8053272,-3.665327,-2.7253273,-2.405327,-2.5053272,-4.025327,-5.165327,-6.1753273,-3.1153271,-2.7453272,-3.455327,0.86467284,0.7046729,-1.4853271,-2.1053271,0.32467285,-1.1053271,2.1746728,1.8146728,3.2546728,2.2446728,0.44467285,2.9446728,3.1646729,1.5046729,-3.0853271,-0.62532717,0.31467286,-0.27532715,-1.3153272,-0.78532714,1.7846729,-0.20532715,0.52467287,0.48467284
-0.5553272,-1.8353271,-2.415327,-3.3353271,-3.2453272,-3.2553272,-3.375327,-1.1853272,-2.895327,-1.7953272,-2.2853272,-3.7353272,-6.505327,-8.805327,-6.325327,-3.195327,-4.475327,-0.12532715,-0.97532713,-1.1753272,-2.3453271,-1.9853271,-2.7953272,0.5646728,2.2446728,1.1846728,2.324673,1.7846729,1.0346729,-0.13532715,-0.10532715,0.92467284,1.2946728,1.8546729,-0.21532714,-1.5853271,1.0646728,-1.2053272,-3.145327,-1.1753272,-0.97532713
-1.0153271,-1.2753272,-0.32532716,-2.8253272,-3.5053272,-4.4053273,-3.655327,-3.7153273,-1.9153272,-1.1953272,-3.1153271,-3.7853272,-6.755327,-9.115327,-8.365327,-4.295327,-5.005327,-2.7753272,-4.315327,-3.925327,-2.2753272,-1.3853271,-0.75532717,3.9746728,3.4146729,1.6146729,1.3746729,2.554673,1.3246728,1.0146729,0.93467283,1.6246729,1.1646729,0.78467286,1.9546728,3.4046729,1.6046729,4.084673,-0.41532716,-1.9553272,-2.2553272
-0.0053271484,-0.6853272,-1.0153271,-2.205327,-3.2853272,-3.7553272,-3.945327,-3.645327,-2.9753273,-2.3053272,-2.1153271,-2.8353271,-4.025327,-5.335327,-5.665327,-5.245327,-3.3453271,-3.395327,-5.065327,-1.5653272,-2.2953272,-1.8053272,0.36467284,3.874673,2.9346728,2.374673,1.2246728,0.66467285,0.04467285,2.344673,2.0046728,1.7946728,-0.78532714,-1.0753272,-1.2853272,-1.4553272,-2.7253273,-1.8453271,-0.035327148,-0.19532715,-0.40532714
-0.7353271,-1.6553272,-2.0953271,-2.8653271,-2.9853272,-3.5253272,-3.1153271,-3.2853272,-3.135327,-3.5453272,-2.5353272,-3.135327,-3.8653271,-3.675327,-4.285327,-5.6953273,-5.205327,-4.505327,-4.165327,-4.1553273,-5.325327,-4.395327,-6.7353272,2.2146728,1.9046729,4.774673,3.054673,-0.30532715,1.0646728,-0.32532716,0.65467286,1.3246728,-0.46532714,-2.175327,0.68467283,0.30467284,-0.96532714,1.8846729,-0.94532716,0.93467283,-2.3153272
-0.77532715,-1.6753272,-2.2253273,-2.8453271,-2.895327,-3.0953271,-3.3353271,-3.4853272,-3.695327,-2.7953272,-2.7553272,-3.2553272,-3.435327,-5.205327,-4.705327,-4.035327,-4.3853273,-4.065327,-4.625327,-4.145327,-3.0753272,-4.025327,-4.325327,-6.435327,-0.91532713,4.194673,2.624673,2.594673,2.7046728,1.4346728,2.354673,3.114673,2.044673,2.864673,1.9546728,2.4546728,-1.7053272,0.07467285,0.014672851,-0.29532716,-2.8353271
-1.0553272,-1.6653272,-1.6653272,-2.0553272,-2.655327,-2.5153272,-2.8553271,-3.7253273,-3.385327,-1.8853271,-1.6453271,-2.6053271,-3.2253273,-4.825327,-4.4853272,-4.575327,-3.665327,-4.7153273,-3.5753272,-3.445327,-3.5553272,-3.165327,0.38467285,3.5146728,-2.685327,-3.5953271,1.4146729,1.7646729,0.114672855,0.31467286,0.91467285,1.5146729,1.7446729,1.5346729,1.1646729,0.61467284,0.58467287,-2.2853272,0.54467285,3.7046728,3.9346728
-0.50532717,-1.5653272,-1.9253272,-2.0953271,-2.185327,-2.2353272,-2.2653272,-3.0853271,-3.7953272,-3.1053271,-1.9753271,-1.8653271,-3.915327,-4.015327,-4.375327,-5.285327,-3.5853271,-4.435327,-4.055327,-3.435327,-3.0653272,-3.0053272,-2.2453272,-1.9053272,-2.3553271,-0.57532716,-0.95532715,0.10467285,-0.88532716,0.0046728514,0.6446729,0.45467284,0.39467284,-0.035327148,0.36467284,0.60467285,0.45467284,2.094673,0.7546728,1.3446728,-0.025327148
0.08467285,0.53467286,-0.77532715,-1.1153271,-1.6053271,-1.9253272,-1.8653271,-1.7353271,-2.445327,-1.9053272,-1.5453272,-2.435327,-3.3153272,-3.435327,-3.3553271,-3.695327,-4.265327,-3.665327,-3.435327,-3.2953272,-1.9953271,-2.7753272,-2.2953272,-2.415327,-2.2353272,-2.895327,-1.8553271,0.054672852,0.66467285,1.0746728,0.114672855,0.034672853,-0.12532715,-0.025327148,-0.27532715,-1.2353271,-0.45532715,1.9446728,1.8246728,1.8246728,0.84467286
0.31467286,0.71467286,1.1246729,0.52467287,0.26467285,-0.09532715,-0.43532714,-0.9953272,-1.3753271,-0.91532713,-0.69532716,-0.51532716,-1.3453271,-2.905327,-3.135327,-3.3053272,-3.0153272,-3.2753272,-2.6153271,-2.205327,-1.8953271,-1.5253272,-1.3953271,-1.3053272,-1.9353272,-2.455327,-1.1253271,-0.46532714,1.0946728,1.3146728,1.5746728,1.4346728,0.74467283,0.45467284,0.27467287,-0.29532716,-1.1753272,-0.71532714,-0.065327145,-0.18532714,-0.0053271484
1.2146728,1.0846728,0.46467286,1.2646729,0.54467285,0.30467284,-0.14532715,-0.025327148,0.47467285,-1.1853272,0.36467284,-0.055327147,-0.43532714,-0.58532715,-1.9853271,-2.7153273,-2.5853271,-2.7553272,-3.195327,-2.425327,-2.3153272,-1.5053271,-1.6553272,-1.5953271,-1.5353272,-2.0453272,-0.35532716,-0.59532714,0.5646728,1.0246729,0.23467284,0.55467284,0.80467284,1.4246728,0.98467284,0.14467286,-0.65532714,-0.57532716,0.10467285,-0.0053271484,0.43467286
1.3846729,1.3246728,1.0146729,1.4646728,1.0646728,1.2246728,0.87467283,0.77467287,0.67467284,0.28467286,-0.50532717,-0.055327147,1.3746729,-0.12532715,-1.2053272,-2.2453272,-1.9853271,-1.9453272,-2.665327,-2.9653273,-2.955327,-2.2153273,-0.62532717,-1.1553272,-1.7653271,-1.8053272,-1.2353271,0.24467285,0.33467284,0.29467285,-0.10532715,0.24467285,0.45467284,0.65467286,1.2746729,0.37467286,-0.13532715,-0.47532713,-1.1653272,-0.37532714,-0.30532715
