wind.json
{"header": {"discipline":0,"disciplineName":"Meteorological products","gribEdition":2,"gribLength":953,"center":7,"centerName":"US National Weather Service - NCEP(WMC)","subcenter":0,"refTime":"2023-05-30T12:00:00.000Z","significanceOfRT":1,"significanceOfRTName":"Start of forecast","productStatus":0,"productStatusName":"Operational products","productType":1,"productTypeName":"Forecast products","productDefinitionTemplate":0,"productDefinitionTemplateName":"Analysis/forecast at horizontal level/layer at a point in time","parameterCategory":0,"parameterCategoryName":"UnknownDiscipline_0_Category_0","parameterNumber":0,"parameterNumberName":"UnknownParameter_D0_C0_0","parameterUnit":"Unknown","genProcessType":2,"genProcessTypeName":"Forecast","forecastTime":300,"surface1Type":1,"surface1TypeName":"Ground or water surface","surface1Value":0.0,"surface2Type":255,"surface2TypeName":"Missing","surface2Value":0.0,"gridDefinitionTemplate":0,"gridDefinitionTemplateName":"Latitude_Longitude","numberPoints":688,"shape":6,"shapeName":"Earth spherical with radius of 6,371,229.0 m","gridUnits":"degrees","resolution":48,"winds":"true","scanMode":64,"nx":43,"ny":16,"basicAngle":0,"lo1":45.0,"la1":40.0,"lo2":87.0,"la2":55.0,"dx":1.0,"dy":1.0}, "data":
[rows 0 to 15 of 16, columns 0 to 42 of 43]
280.7,281.1,295.3,298.9,298.0,295.0,293.6,293.1,298.6,299.6,302.5,301.7,302.3,301.4,300.1,299.4,298.8,298.1,296.6,296.5,297.1,295.2,292.8,293.2,293.7,289.6,289.2,283.5,277.9,277.4,278.1,294.1,296.1,298.1,301.4,299.4,300.8,299.7,301.4,301.5,301.0,300.7,300.7
286.9,294.9,295.8,288.9,291.5,292.4,292.5,292.2,295.0,299.9,301.5,301.8,299.2,300.8,300.2,299.5,298.6,295.4,296.6,296.0,295.7,294.8,296.5,294.3,292.9,290.4,295.6,296.4,292.2,278.4,277.9,277.8,278.9,276.4,290.4,297.2,300.3,299.0,299.5,299.9,301.1,301.4,301.9
287.6,285.8,278.1,292.7,292.0,292.4,292.0,291.6,298.2,300.4,301.4,300.6,299.2,298.3,298.0,297.4,295.3,294.7,294.4,294.9,295.0,293.9,297.9,296.4,291.3,288.1,274.8,277.3,283.9,276.4,281.0,276.2,282.5,273.8,281.6,269.5,277.9,295.8,296.3,298.4,302.3,293.9,283.2
288.7,291.3,293.7,293.0,291.8,291.8,291.6,297.0,297.0,300.1,298.8,300.3,299.7,297.6,296.3,296.4,296.0,293.9,294.1,292.9,293.3,293.1,297.3,296.9,295.8,289.0,287.4,289.3,287.3,288.4,288.9,282.3,274.8,278.6,284.0,283.7,285.8,286.6,280.7,281.6,283.6,281.2,279.3
295.7,297.5,294.1,294.5,292.8,292.6,293.6,296.7,299.6,298.8,298.6,298.5,298.2,295.6,292.4,292.3,297.2,295.7,295.2,293.9,294.0,294.2,294.9,288.0,291.8,293.6,292.4,292.3,292.7,291.3,289.1,289.8,291.3,292.1,295.8,293.9,294.5,290.7,281.4,278.0,286.0,294.7,298.2
296.7,298.8,296.8,296.1,295.6,296.0,296.5,296.8,299.4,299.0,298.3,299.1,297.0,295.2,293.5,292.9,290.3,295.1,294.8,293.5,292.6,293.7,293.7,293.9,293.1,292.6,292.0,291.6,289.4,290.5,290.3,291.0,292.5,289.9,281.9,274.6,286.6,295.4,295.3,300.7,300.4,299.6,300.0
295.7,298.4,297.5,296.5,296.7,296.2,296.0,296.1,298.6,299.0,297.9,297.9,297.5,296.1,292.5,292.5,293.6,294.7,295.3,293.1,293.0,293.4,291.9,291.4,290.8,290.1,289.7,288.6,289.6,290.4,290.5,291.7,290.5,290.7,289.5,288.2,287.5,289.1,285.6,288.1,297.8,301.0,298.7
295.2,295.8,296.2,297.8,299.6,298.1,295.4,294.7,299.1,297.9,299.1,298.3,297.8,297.2,295.6,294.9,293.8,294.8,293.8,293.3,291.4,289.8,288.9,289.3,288.8,288.3,286.6,286.4,286.4,288.3,288.8,289.2,289.1,289.0,289.3,289.2,289.4,289.2,286.1,283.4,282.2,285.9,293.9
292.1,292.4,295.1,296.1,298.3,298.3,297.4,296.2,300.0,299.8,299.0,299.5,298.4,297.3,295.2,295.0,293.3,294.5,292.5,290.2,289.2,287.5,285.6,286.1,286.2,286.2,284.8,282.9,283.1,283.9,284.1,285.6,284.7,286.8,285.5,283.8,284.6,287.4,290.0,286.8,290.4,290.4,288.8
288.1,290.9,291.3,293.3,294.8,294.1,295.1,295.3,294.4,297.2,298.3,298.4,297.2,292.8,293.9,293.6,291.0,290.7,290.3,288.5,287.6,286.5,284.3,284.1,285.3,284.9,283.7,284.0,281.6,281.5,282.0,281.8,283.9,284.2,285.8,286.7,286.5,284.1,284.7,286.0,280.7,281.9,282.1
286.3,287.5,287.6,289.9,290.5,291.8,292.8,290.9,295.0,295.4,297.7,297.6,296.5,294.5,294.6,292.1,290.8,290.4,289.4,288.6,287.1,287.0,285.6,285.1,285.6,285.2,284.5,282.9,282.9,282.5,282.0,282.6,283.6,286.2,287.7,287.0,286.9,285.7,283.7,282.3,281.4,283.1,283.4
284.5,286.8,287.0,286.8,288.4,289.7,291.0,290.2,294.9,293.4,296.5,297.6,295.6,295.1,292.7,292.0,289.4,288.6,288.4,287.5,287.0,286.1,285.5,285.1,285.4,284.6,283.3,282.9,282.0,283.6,284.2,285.2,286.1,286.7,286.7,287.1,286.4,284.9,281.5,281.0,283.4,282.3,282.5
284.5,284.0,284.7,285.6,285.8,287.3,289.4,290.3,291.0,295.5,295.1,298.4,295.6,291.7,292.9,291.9,289.3,290.0,287.9,287.0,287.0,286.6,285.7,284.9,283.9,283.5,282.5,283.1,283.1,284.4,284.8,286.4,286.7,286.7,286.3,286.1,285.3,286.2,285.2,286.3,285.2,285.2,284.7
284.5,284.5,284.2,283.9,284.7,286.0,288.7,288.8,289.1,293.6,293.2,297.2,296.7,289.1,291.9,291.7,290.4,290.5,287.1,286.2,286.6,285.9,285.1,283.1,282.2,282.8,283.7,283.8,284.7,284.1,283.9,285.3,285.5,285.8,285.5,284.6,285.3,284.9,285.8,285.2,286.4,285.3,284.9
284.1,284.1,284.0,284.2,285.3,286.0,286.5,287.8,287.5,292.0,295.8,293.3,294.4,288.6,288.0,291.5,290.4,288.0,287.2,287.4,285.7,285.7,284.6,283.8,284.0,283.7,283.9,283.7,283.3,284.0,284.5,284.1,284.3,284.5,284.4,284.3,284.8,284.6,285.6,285.3,284.7,284.1,286.0
285.7,284.1,284.0,284.6,286.4,285.9,287.0,287.3,287.5,288.0,288.5,288.9,291.2,289.5,286.0,286.2,287.8,287.2,286.9,285.6,286.2,285.6,284.2,283.4,282.7,282.3,282.7,283.9,284.3,283.5,282.8,282.7,283.1,282.4,284.2,285.5,285.9,285.4,285.8,285.2,285.5,286.0,286.3
