wind_kz.json
{"header": {"discipline":0,"disciplineName":"Meteorological products","gribEdition":2,"gribLength":1025,"center":7,"centerName":"US National Weather Service - NCEP(WMC)","subcenter":0,"refTime":"2023-09-19T18:00:00.000Z","significanceOfRT":1,"significanceOfRTName":"Start of forecast","productStatus":0,"productStatusName":"Operational products","productType":1,"productTypeName":"Forecast products","productDefinitionTemplate":0,"productDefinitionTemplateName":"Analysis/forecast at horizontal level/layer at a point in time","parameterCategory":2,"parameterCategoryName":"UnknownDiscipline_0_Category_2","parameterNumber":3,"parameterNumberName":"UnknownParameter_D0_C2_3","parameterUnit":"Unknown","genProcessType":2,"genProcessTypeName":"Forecast","forecastTime":0,"surface1Type":103,"surface1TypeName":"Specified height level above ground","surface1Value":10.0,"surface2Type":255,"surface2TypeName":"Missing","surface2Value":0.0,"gridDefinitionTemplate":0,"gridDefinitionTemplateName":"Latitude_Longitude","numberPoints":615,"shape":6,"shapeName":"Earth spherical with radius of 6,371,229.0 m","gridUnits":"degrees","resolution":48,"winds":"true","scanMode":64,"nx":41,"ny":15,"basicAngle":0,"lo1":47.0,"la1":41.0,"lo2":87.0,"la2":55.0,"dx":1.0,"dy":1.0}, "data":
[rows 0 to 14 of 15, columns 0 to 40 of 41]
1.019085,-0.44091493,0.8590851,4.149085,-0.4909149,-3.020915,-3.540915,-5.170915,-3.910915,-4.050915,-4.290915,-3.9509149,-1.590915,-1.590915,-2.2409148,-2.610915,-1.7609149,-0.74091494,-4.440915,0.7990851,-4.8209147,-7.560915,-0.47091493,0.48908508,-0.87091494,0.16908509,0.6190851,1.899085,0.3490851,0.8590851,0.9890851,1.269085,1.279085,-2.610915,-3.2609148,-1.4009149,-1.0109149,0.039085083,0.8290851,0.5990851,0.7790851
2.7990851,1.9490851,4.149085,1.6090851,-1.0509149,-2.290915,-2.670915,-2.4609149,-3.2009149,-4.3409147,-5.000915,-4.480915,-3.1809149,-2.060915,-3.370915,-1.8809149,-2.130915,1.2090851,0.5290851,-3.4809148,-2.380915,-8.240915,-6.000915,2.399085,1.5890851,3.609085,1.529085,2.599085,-0.3109149,2.5090852,3.149085,5.499085,1.2990851,-0.2709149,-1.0709149,-0.6309149,-0.9609149,-1.9109149,-1.1209149,-0.4609149,0.20908508
2.639085,5.049085,2.929085,0.8390851,-2.080915,-3.7209148,-2.670915,-2.2109149,-3.4609149,-4.410915,-6.490915,-5.170915,-4.420915,-1.590915,-0.61091495,-2.110915,-2.9409149,0.9590851,1.039085,-0.6409149,-2.360915,-6.300915,-6.330915,1.2190851,1.279085,0.7790851,1.389085,1.509085,0.8490851,1.399085,2.179085,0.56908506,1.409085,-0.7209149,-0.9509149,2.7590852,1.0990851,-0.3709149,0.42908508,1.4990851,2.0590851
1.6890851,2.639085,1.4890851,-1.730915,-2.7209148,-3.170915,-2.2109149,-2.070915,-2.880915,-3.4609149,-3.840915,-4.240915,-8.640915,-5.460915,-0.9709149,-0.29091492,0.63908505,-0.2709149,2.4890852,2.7890851,1.2190851,-1.960915,-3.2209148,-7.170915,2.119085,1.009085,-1.6909149,-1.6809149,0.62908506,0.029085083,-2.630915,-2.370915,-0.8909149,-0.030914918,0.48908508,-2.600915,0.42908508,3.669085,-0.110914916,-0.13091491,0.81908506
2.839085,3.189085,1.789085,1.289085,-0.2809149,-1.110915,-1.6509149,-1.720915,-2.2209148,-3.2009149,-3.1809149,-5.730915,-4.700915,-6.170915,-6.200915,0.94908506,0.32908508,-0.8209149,1.5990851,5.479085,7.6590853,4.039085,1.159085,-0.50091493,1.4890851,-0.61091495,-1.4209149,-1.8109149,-0.13091491,-1.350915,-1.8209149,-1.220915,2.5090852,1.519085,-0.7009149,-0.7709149,0.18908508,-0.74091494,-0.5709149,-2.2309148,-2.060915
3.5190852,3.5290852,3.2690852,2.359085,0.5490851,-0.5209149,1.259085,1.4990851,0.08908508,-1.5209149,-2.1809149,-4.0909147,-5.390915,-7.400915,-7.1309147,-6.080915,-6.5709147,-7.230915,-5.390915,-1.9009149,5.899085,0.6690851,-0.9809149,-2.7409148,3.579085,1.029085,-1.0109149,0.9590851,0.7090851,0.029085083,-1.840915,-2.380915,-2.290915,-1.600915,1.139085,-0.26091492,2.159085,1.8290851,1.4890851,-1.730915,-1.830915
0.6490851,0.059085082,2.229085,1.669085,3.099085,0.18908508,1.5890851,2.5090852,0.009085083,-2.550915,0.4390851,-2.150915,-2.7309148,-3.320915,-2.830915,-3.900915,-3.650915,-7.050915,-3.620915,-1.6509149,-2.560915,-4.640915,5.439085,1.419085,1.8590851,1.169085,0.7990851,0.14908509,-2.2509148,0.50908506,-0.4309149,-3.870915,-4.960915,-3.170915,-1.5709149,-1.5309149,-2.910915,-1.8009149,1.0790851,-1.4109149,1.6990851
-3.150915,-2.7209148,-3.2309148,-2.590915,-2.7009149,-0.5809149,-0.44091493,-3.4709148,0.3790851,-2.020915,-1.830915,-3.150915,-0.6009149,-1.8009149,-2.6909149,-2.6909149,-3.9909148,-4.850915,-4.020915,-3.380915,-4.230915,-5.020915,-7.490915,-2.170915,1.3090851,1.6290851,0.81908506,1.7490851,0.30908507,0.8590851,-0.7309149,-1.4209149,-3.550915,-4.040915,-1.2809149,-0.75091493,-1.0409149,-1.1509149,-0.8909149,0.35908508,-2.410915
-3.280915,-2.660915,-2.2509148,-2.7409148,-2.280915,0.3190851,0.099085085,-1.6709149,-2.590915,-0.9509149,-1.0209149,-2.1809149,-3.320915,-0.45091492,-0.3009149,-0.26091492,0.029085083,-1.3909149,-0.7809149,-1.3109149,-3.9509149,-2.620915,-5.220915,-4.1109147,-2.4609149,-1.9009149,-0.5909149,-0.5209149,1.3590851,1.779085,1.4490851,1.3190851,1.8490851,-0.7709149,-1.3009149,-1.3009149,-3.7609148,-1.0109149,0.8990851,0.74908507,-0.25091493
-2.290915,-2.400915,-3.9609149,-2.820915,-3.400915,-3.340915,-3.530915,-2.2209148,-2.6809149,-2.860915,-3.630915,-2.5009148,-2.670915,-2.5009148,-2.7409148,-2.390915,1.269085,1.639085,1.3590851,0.22908509,3.0090852,0.10908508,0.20908508,-3.410915,-5.410915,0.23908508,0.17908508,0.8690851,0.7890851,0.019085083,2.349085,1.409085,2.2990851,1.2390851,-0.42091492,-0.16091491,0.069085084,-2.570915,0.22908509,2.7590852,2.099085
-1.340915,-1.6709149,-3.4409149,-3.810915,-3.2209148,-2.9909148,-4.210915,-4.8209147,-2.570915,-3.6909149,-1.980915,-0.7909149,-2.660915,-1.3009149,-1.5109149,-1.330915,-1.9509149,0.17908508,2.709085,2.3190851,-0.2809149,2.979085,-0.41091493,-2.400915,-2.870915,3.189085,1.269085,2.3090851,1.5790851,1.1990851,2.149085,2.189085,0.009085083,-0.35091493,0.68908507,0.7690851,0.56908506,1.9390851,1.1090851,0.7190851,0.23908508
-1.470915,-1.9509149,-2.6909149,-3.7109149,-2.840915,-3.410915,-2.590915,-2.9409149,-3.050915,-3.560915,-1.9409149,-2.7009149,-4.390915,-1.6409149,-0.10091492,-1.1209149,-1.220915,0.23908508,1.779085,1.389085,1.649085,1.9790851,-0.4609149,0.3190851,1.0790851,0.8490851,2.2590852,2.179085,1.6090851,2.209085,2.9890852,2.229085,0.7090851,0.38908508,0.74908507,1.779085,2.459085,2.909085,2.129085,2.419085,1.5490851
-0.5909149,-0.4609149,-2.7109149,-2.090915,-2.810915,-2.150915,-1.980915,-2.6809149,-2.9409149,-1.600915,-1.6909149,-1.9409149,-4.960915,-5.620915,-0.4909149,-0.41091493,-0.86091495,-0.10091492,0.07908508,-1.1709149,1.5690851,1.9390851,1.8690851,1.3090851,2.179085,2.649085,2.0290852,1.9390851,1.0690851,2.5290852,1.539085,-0.3709149,2.2990851,0.5590851,-0.7909149,1.6890851,0.9290851,0.5190851,1.149085,0.94908506,0.9190851
0.4490851,0.27908507,-2.5009148,-2.670915,-2.4709148,-2.290915,-2.660915,-2.900915,-2.380915,-3.2309148,-1.0309149,-1.330915,-1.340915,-4.000915,-4.6309147,-4.720915,-2.020915,-0.6309149,-1.590915,2.099085,0.42908508,1.1090851,1.519085,-0.8209149,0.74908507,1.9990851,1.6090851,2.729085,1.9990851,2.169085,2.479085,0.9190851,0.4390851,0.9790851,0.009085083,0.7190851,-0.13091491,0.5790851,-0.21091491,-0.42091492,0.13908508
0.099085085,-0.75091493,-0.45091492,-1.0209149,-2.0009148,-1.6309149,-1.7709149,-1.9409149,-2.2009149,-2.780915,-1.8209149,-1.5609149,-0.50091493,-1.1809149,-4.3209147,-3.670915,-1.9409149,-2.310915,-3.400915,-1.2609149,-1.830915,0.6190851,0.2890851,0.4690851,0.29908508,0.36908507,1.7090851,2.979085,2.119085,2.679085,2.5390851,1.2990851,0.8490851,0.9290851,-1.1409149,1.7090851,1.4790851,1.6190851,0.9690851,-0.9009149,0.23908508
