wind_kz.json
[{"header":{"discipline":0,"disciplineName":"Meteorological products","gribEdition":2,"gribLength":871,"center":7,"centerName":"US National Weather Service - NCEP(WMC)","subcenter":0,"refTime":"2023-08-20T00:00:00.000Z","significanceOfRT":1,"significanceOfRTName":"Start of forecast","productStatus":0,"productStatusName":"Operational products","productType":1,"productTypeName":"Forecast products","productDefinitionTemplate":0,"productDefinitionTemplateName":"Analysis/forecast at horizontal level/layer at a point in time","parameterCategory":0,"parameterCategoryName":"UnknownDiscipline_0_Category_0","parameterNumber":0,"parameterNumberName":"UnknownParameter_D0_C0_0","parameterUnit":"Unknown","genProcessType":2,"genProcessTypeName":"Forecast","forecastTime":180,"surface1Type":1,"surface1TypeName":"Ground or water surface","surface1Value":0.0,"surface2Type":255,"surface2TypeName":"Missing","surface2Value":0.0,"gridDefinitionTemplate":0,"gridDefinitionTemplateName":"Latitude_Longitude","numberPoints":615,"shape":6,"shapeName":"Earth spherical with radius of 6,371,229.0 m","gridUnits":"degrees","resolution":48,"winds":"true","scanMode":64,"nx":41,"ny":15,"basicAngle":0,"lo1":47.0,"la1":41.0,"lo2":87.0,"la2":55.0,"dx":1.0,"dy":1.0},"data":[313.2,301.5,311.0,298.9,298.6,298.0,312.8,318.7,314.9,315.0,313.0,313.5,312.7,312.5,311.6,311.0,309.9,309.0,310.8,310.7,311.8,307.7,307.3,303.1,305.6,309.8,308.0,292.4,287.9,286.0,286.1,289.8,298.6,307.1,309.7,309.9,310.4,310.5,310.2,310.3,309.0,292.2,304.3,298.9,299.0,298.8,298.8,319.0,314.5,312.1,311.6,313.5,311.5,310.8,308.6,309.0,309.1,308.9,308.8,307.8,308.2,308.6,307.0,305.2,292.5,279.9,287.3,301.0,293.2,296.3,287.4,292.8,286.0,292.9,267.9,287.6,302.1,303.0,306.1,310.7,301.4,286.7,306.6,299.1,299.5,299.6,297.7,312.6,311.6,311.9,311.4,310.9,309.9,310.0,306.4,305.0,306.6,306.2,306.6,306.2,306.3,306.6,307.1,305.2,305.1,298.2,301.9,293.9,292.4,304.0,299.6,293.2,285.6,289.4,298.8,299.2,300.7,300.5,288.1,289.4,290.2,285.3,285.3,305.7,299.7,299.2,298.3,300.8,311.6,311.9,312.3,313.0,311.9,310.3,308.3,295.4,294.7,302.9,304.0,304.0,305.2,306.7,306.3,302.8,299.6,304.5,303.3,302.7,298.0,296.2,296.4,303.0,303.4,304.7,305.5,311.0,313.8,312.3,306.2,290.1,287.3,291.4,304.2,307.7,308.6,299.3,299.0,298.5,304.6,311.1,312.1,313.4,311.7,310.0,309.7,307.0,295.6,294.1,291.8,304.1,304.8,302.3,302.0,303.5,304.5,304.9,303.8,303.5,303.0,298.4,293.8,295.9,300.8,302.8,306.2,304.4,293.1,285.6,298.3,308.1,305.8,312.4,312.1,311.3,309.4,308.0,305.8,297.8,298.0,298.3,298.1,314.6,311.8,311.4,309.3,307.7,306.3,296.3,294.8,298.7,301.3,303.9,303.4,302.9,303.4,302.6,302.4,302.7,303.4,303.0,298.8,296.5,293.7,299.3,303.9,304.5,304.9,306.3,308.2,309.4,305.7,301.4,302.4,310.2,311.3,310.7,312.4,310.8,309.8,309.1,305.2,308.0,314.5,312.2,309.3,307.0,305.5,304.0,303.0,303.6,303.3,302.6,303.0,302.7,301.3,299.1,299.3,299.7,301.4,302.2,300.0,300.0,299.1,297.9,300.0,302.2,304.2,305.7,311.4,311.7,312.2,310.5,303.9,299.9,296.0,292.5,305.8,311.2,311.2,310.7,309.9,311.4,312.3,311.6,308.3,305.3,303.3,301.2,299.7,300.3,300.7,302.4,302.3,302.4,296.0,293.3,291.9,292.8,293.3,295.6,297.7,299.3,297.8,296.4,297.8,294.8,299.6,301.2,304.4,305.9,305.9,307.3,307.5,309.3,292.1,309.6,308.1,303.2,308.9,307.9,308.3,307.4,307.5,307.9,305.8,305.4,302.7,301.8,299.8,298.0,297.3,298.7,299.3,299.7,298.7,297.9,293.3,288.4,287.3,289.8,290.9,294.7,294.5,297.4,296.3,296.0,294.9,293.1,295.3,298.5,302.5,304.0,306.8,304.5,304.8,304.9,291.5,291.6,290.5,306.2,302.8,303.0,303.9,302.7,304.4,302.7,301.2,300.9,300.1,296.9,295.0,296.1,296.3,296.2,296.1,296.0,293.9,287.8,287.3,287.8,291.2,291.6,294.9,292.8,295.2,298.2,297.6,294.1,296.1,296.5,300.1,303.2,303.8,301.8,305.1,300.7,295.6,295.9,293.3,291.3,302.9,299.9,299.9,294.9,297.7,295.1,295.7,298.0,297.0,296.7,293.7,293.8,294.3,294.0,293.1,294.0,293.3,291.8,289.1,285.2,286.9,291.3,294.4,292.0,292.4,296.1,295.8,299.0,300.4,299.2,299.1,302.5,303.6,302.6,302.0,301.9,296.5,293.7,297.9,294.5,293.4,294.3,297.5,295.3,296.1,292.4,291.8,292.1,296.2,295.9,295.0,293.4,292.4,293.2,291.9,290.6,291.5,291.1,289.5,285.8,284.9,285.8,290.8,289.9,289.7,293.8,297.7,299.1,301.5,301.1,299.5,299.7,300.7,302.8,301.4,296.4,299.4,298.9,300.7,298.4,297.9,296.9,291.5,290.7,290.1,289.7,289.1,289.0,290.2,295.0,293.7,293.3,290.3,288.9,292.3,290.4,290.6,290.3,290.3,285.1,284.6,283.8,286.5,290.3,293.6,294.2,297.6,299.8,302.7,296.0,300.5,298.1,299.1,299.2,300.2,300.1,296.9,297.4,298.3,298.6,297.4,297.1,296.3,287.2,285.5,288.7,287.0,287.2,288.4,291.8,293.0,293.7,293.3,289.6,286.7,288.1,287.7,289.5,290.4,289.7,287.1,284.3,285.4,287.9,292.4,291.8,294.3,296.4,302.1,298.8,295.5,297.3,301.4,298.7,300.0,298.9,298.5,298.7,298.7,297.0,296.4,296.6,296.1,296.5,282.9,284.1,291.0,284.4,284.6,288.5,291.1,291.4,292.2,293.7,290.0,289.4,284.8,288.1,287.9,291.1,290.3,289.5,285.3,284.1,284.7,289.8,288.6,287.9,300.9,297.4,300.9,300.0,298.8,299.0,292.9,291.2,297.7,293.0,296.8,297.0,297.9,295.7,295.1,295.6,295.7]},{"header":{"discipline":0,"disciplineName":"Meteorological products","gribEdition":2,"gribLength":1102,"center":7,"centerName":"US National Weather Service - NCEP(WMC)","subcenter":0,"refTime":"2023-08-20T00:00:00.000Z","significanceOfRT":1,"significanceOfRTName":"Start of forecast","productStatus":0,"productStatusName":"Operational products","productType":1,"productTypeName":"Forecast products","productDefinitionTemplate":0,"productDefinitionTemplateName":"Analysis/forecast at horizontal level/layer at a point in time","parameterCategory":2,"parameterCategoryName":"UnknownDiscipline_0_Category_2","parameterNumber":2,"parameterNumberName":"UnknownParameter_D0_C2_2","parameterUnit":"Unknown","genProcessType":2,"genProcessTypeName":"Forecast","forecastTime":180,"surface1Type":103,"surface1TypeName":"Specified height level above ground","surface1Value":10.0,"surface2Type":255,"surface2TypeName":"Missing","surface2Value":0.0,"gridDefinitionTemplate":0,"gridDefinitionTemplateName":"Latitude_Longitude","numberPoints":615,"shape":6,"shapeName":"Earth spherical with radius of 6,371,229.0 m","gridUnits":"degrees","resolution":48,"winds":"true","scanMode":64,"nx":41,"ny":15,"basicAngle":0,"lo1":47.0,"la1":41.0,"lo2":87.0,"la2":55.0,"dx":1.0,"dy":1.0},"data":[2.0203345,2.4003344,1.3703345,-7.3996654,-4.7296658,-3.7296655,-6.1896653,-6.4496655,-6.3096657,-5.1696653,-4.6896653,-3.3196654,-1.8996655,-0.119665526,0.3603345,0.79033446,2.4703345,3.0203345,4.4803343,4.2003345,5.8003345,4.4303346,2.7503345,5.8603344,10.720334,10.2403345,5.7703342,7.4803343,-0.029665528,-1.1996655,-0.7996655,-1.1196655,-0.46966553,1.6903344,4.8803344,2.3703344,2.1303344,3.4903345,-0.7896655,-0.36966553,-1.2596655,2.8503344,-5.9996657,-11.309666,-9.369665,-6.3396654,-1.4996655,-5.0296655,-5.7196655,-5.5296655,-4.6196656,-2.4596655,-2.2896655,-0.36966553,-0.09966553,1.4303344,2.8203344,3.7603345,5.1403346,4.5303345,5.0903344,5.7003345,5.9903345,4.4303346,2.9003344,1.3903345,6.0003343,2.2003345,3.9903345,5.9703345,1.1803344,-1.0796655,-0.64966553,-2.1296656,0.11033447,-0.019665528,3.6403344,3.4803345,2.8903344,1.1503345,1.5203345,-1.7296655,-7.7996655,-10.109666,-9.899666,-8.839665,-5.8396654,-5.7696657,-5.7096653,-4.6596656,-4.0596657,-2.8496656,-2.3796656,-0.6796655,-0.8096655,0.5203345,2.3903344,4.3803344,4.3603344,4.9003344,5.1603346,5.6903343,5.7703342,5.8703346,6.9103346,8.970334,2.4303346,2.6103344,6.4603343,3.6503344,2.3403344,1.1803344,-0.16966553,-1.0696656,2.5803344,1.6003345,0.060334474,-0.9996655,1.1103345,0.30033448,-3.0396655,0.3903345,0.56033444,-9.979666,-10.339665,-9.119665,-6.1196656,-0.059665527,-4.9296656,-4.1996655,-4.0996656,-2.7696655,-1.8496655,-1.0396656,-1.7096655,-1.5896655,2.2503345,3.0503345,3.9903345,5.5103345,6.9703345,6.0003343,5.7503343,6.8403344,7.6003346,8.040335,6.1503344,4.4503345,5.5203342,4.4203343,10.330335,3.5303345,2.8203344,4.9803343,0.22033447,8.880335,1.7003344,1.6403345,-1.4396656,-1.7696655,0.6303345,-0.8696655,1.1203345,0.26033446,-9.329665,-9.319666,-7.2396655,-5.9496655,-5.4496655,-5.0796657,-4.1996655,-3.4796655,-2.2396655,-1.3196656,-0.13966553,1.8003345,0.86033446,4.2303343,3.1103344,6.3303347,5.7903347,5.6103344,6.3703346,7.6403346,7.7403345,8.600334,8.700335,9.090335,8.650334,4.5203342,5.1603346,14.680334,14.120335,12.330335,7.6603346,6.6403346,1.7603345,-1.0796655,-3.9696655,-2.5596654,-6.0196657,-5.3996654,-3.4796655,-0.16966553,-2.0496655,-6.8896656,-6.5296655,-6.8796654,-6.1396656,-5.9796658,-3.3396654,-1.4296656,-1.5696656,-0.89966553,-0.6096655,1.2403345,2.6503344,2.9403346,4.6903343,4.0803347,6.0703344,5.6103344,6.3703346,7.0503345,7.2303343,8.290335,9.120335,8.820334,9.070334,9.110334,8.860334,6.1503344,11.210335,12.430334,11.680334,10.180334,12.980334,12.200335,8.970334,0.5003345,-4.3096657,-2.6996655,-4.9896655,-3.9496655,-2.7996655,-1.5196655,-3.3396654,-4.6896653,-2.2496655,-2.9296656,-2.2796655,0.62033445,-0.15966552,-0.16966553,0.9403345,1.0803344,1.8103344,3.5603344,3.8503344,4.0303345,4.1003346,5.0203342,5.4403343,5.9103346,6.0003343,8.110334,8.000335,9.860334,9.670335,9.200335,10.730334,8.7403345,10.010334,6.9503345,7.6403346,8.160335,10.090335,10.080335,7.0303345,6.5903344,2.4003344,2.4903345,-4.1796656,-0.019665528,-2.5696654,-1.0996655,0.5303345,-2.6596656,-1.3796655,-0.9296655,-0.34966552,0.62033445,0.79033446,1.2403345,1.7303345,1.5503345,2.0503345,2.3703344,3.4803345,4.1603346,4.4003344,4.2703342,5.3303347,4.3803344,4.9203343,5.3803344,7.1703343,8.850334,8.620335,7.8603344,10.060334,10.130335,10.800335,9.080335,7.8303347,7.8603344,6.7103343,8.550335,8.010334,6.9403343,4.8203344,2.2303345,-6.6496654,-4.3096657,-1.6196655,-6.7396655,-4.0196657,-0.009665527,-0.27966553,1.0003345,1.0103345,1.1103345,1.8403344,2.1703346,2.7703345,2.6603346,2.9703345,3.3603344,3.5103345,3.3403344,4.2503343,4.0103345,4.8603344,4.8903346,4.8003345,4.5003343,5.3703346,6.8203344,9.170335,9.800335,9.790335,7.8503346,11.010334,11.4903345,8.260334,8.430334,6.2103343,5.5703344,5.2803345,6.3803344,7.0703344,3.4903345,-5.2896657,-1.9796655,-2.9196656,-0.25966552,-1.2396655,-0.47966552,0.87033445,2.5203345,2.4503345,2.9603345,3.8403344,3.7703345,4.3203344,4.3403344,4.8003345,5.2503343,4.8603344,4.8203344,4.9903345,5.1703343,4.9503345,5.1703343,4.9103346,4.8403344,4.8103347,5.1103344,7.4703345,10.030334,12.050335,11.720334,10.550335,9.470334,10.500335,10.140334,8.790335,2.9603345,4.9803343,5.7703342,7.1903343,7.9203343,4.8403344,3.7603345,-0.9096655,-2.3896656,-0.6596655,0.17033447,0.6503345,0.54033446,4.9003344,4.1903343,4.1303344,3.8203344,4.2603345,4.7403345,5.3703346,6.1503344,6.2303343,6.4303346,6.0003343,6.3903346,5.4803343,4.8103347,5.2003345,5.1303344,4.7703342,5.2303343,5.4603343,7.0903344,9.270334,11.260334,7.3303347,6.4903345,3.5603344,9.220334,9.640334,7.8103347,3.1403344,3.4203346,4.0103345,6.7003345,5.2003345,3.4603345,4.4303346,-3.7796655,-0.5296655,-0.5596655,0.9503345,0.9503345,0.42033446,3.4603345,5.6103344,2.4603345,5.7103343,2.9503345,4.8003345,6.3803344,6.9303346,6.1103344,6.3403344,6.2403345,6.5203342,6.1903343,4.5703344,3.9303346,4.4603343,5.1303344,4.4003344,4.9703345,6.9903345,7.4603343,7.2803345,3.0703344,4.6403346,7.0503345,7.2003345,9.530334,6.3903346,2.3003345,1.6803344,4.0903344,2.8703344,2.5203345,3.3903344,1.1803344,-3.9596655,-2.5296655,-4.7696657,-2.1596656,-1.5996655,-0.9696655,4.3003345,3.2603345,1.8203344,1.1703345,3.4103346,3.6603346,6.1103344,7.1203346,7.3203344,5.9503345,4.3603344,4.9003344,4.7203345,4.8703346,2.3203344,3.2203345,4.4103346,3.2403345,3.6403344,5.7003345,5.7003345,3.7703345,4.4003344,6.2603345,4.9603343,6.3903346,3.9303346,-3.0996656,0.81033444,5.4503345,-0.3596655,-0.9196655,0.28033447,2.3403344,-4.2696657,-4.2096653,-2.2496655,-2.1396656,-2.8996656,-2.6396656,-1.7596655,1.7503345,-0.21966553,0.31033447,2.7103345,3.6103344,6.4003344,6.2603345,6.6203346,6.5103345,6.5203342,3.0703344,3.9903345,5.0603347,4.1703343,5.5303345,2.7103345,3.2803345,1.9903345,2.5403345,4.8803344,5.3703346,6.4303346,-0.15966552,7.8303347,8.600334,3.5803344,-4.1596656,-2.5296655,5.6103344,1.8803345,-1.4696655,0.090334475,-2.8896656,-3.2796655,-3.9696655,-2.8296654,-2.8596656,-2.0996656,-2.6096656,-1.3196656,-1.2496655,0.81033444,1.5003345,1.3603345,2.1003344,3.7003345,7.1303344,6.6603346,6.2103343,6.8403344,6.9103346,1.4503344,4.2303343,4.1003346,4.0803347,5.0603347,4.8503346,2.9203346,2.7403345,1.4003345,2.7803345,3.6803346,4.2803345,-3.9996655,10.810334,-7.4796658,-3.5296655,-1.6596656,-4.9596653,-4.2396655,-2.2696655,-3.6896656,-4.3196654,-5.5596657,-3.3696656,-3.6196656,-3.5996656,-2.8196654,-4.8796654,-2.4696655,-0.9696655,0.030334473]},{"header":{"discipline":0,"disciplineName":"Meteorological products","gribEdition":2,"gribLength":1102,"center":7,"centerName":"US National Weather Service - NCEP(WMC)","subcenter":0,"refTime":"2023-08-20T00:00:00.000Z","significanceOfRT":1,"significanceOfRTName":"Start of forecast","productStatus":0,"productStatusName":"Operational products","productType":1,"productTypeName":"Forecast products","productDefinitionTemplate":0,"productDefinitionTemplateName":"Analysis/forecast at horizontal level/layer at a point in time","parameterCategory":2,"parameterCategoryName":"UnknownDiscipline_0_Category_2","parameterNumber":3,"parameterNumberName":"UnknownParameter_D0_C2_3","parameterUnit":"Unknown","genProcessType":2,"genProcessTypeName":"Forecast","forecastTime":180,"surface1Type":103,"surface1TypeName":"Specified height level above ground","surface1Value":10.0,"surface2Type":255,"surface2TypeName":"Missing","surface2Value":0.0,"gridDefinitionTemplate":0,"gridDefinitionTemplateName":"Latitude_Longitude","numberPoints":615,"shape":6,"shapeName":"Earth spherical with radius of 6,371,229.0 m","gridUnits":"degrees","resolution":48,"winds":"true","scanMode":64,"nx":41,"ny":15,"basicAngle":0,"lo1":47.0,"la1":41.0,"lo2":87.0,"la2":55.0,"dx":1.0,"dy":1.0},"data":[2.2428026,1.9828027,0.54280275,7.4728026,2.2528028,-1.7071973,0.42280275,-0.057197265,0.5728027,-0.58719724,-2.3271973,-2.9871972,-3.5871973,-3.9771972,-5.077197,-5.3371973,-6.117197,-6.6971974,-5.9271975,-5.977197,-6.457197,-6.5071974,-5.097197,-1.3371973,-0.32719725,3.0028028,2.6028028,2.8128028,1.7528027,-3.0271974,4.982803,3.0428028,3.5828028,6.9328027,1.5828028,-1.3671973,-0.057197265,-1.5071973,-1.4371972,0.082802735,0.84280276,2.1428027,1.5128027,4.292803,5.9928026,2.2728028,-1.8771973,2.1328027,1.3528028,0.92280275,-0.5371973,-2.8571973,-2.9971972,-4.1271973,-4.6971974,-5.4071975,-5.4471974,-5.167197,-4.307197,-5.417197,-5.807197,-5.1071973,-5.0871973,-3.7671974,-0.6071973,-2.4071972,3.0728028,5.1428027,1.9928027,-0.7371973,-3.3371973,-0.82719725,-2.2971973,1.4028027,1.0328027,1.2328027,1.6928028,-1.1171973,-2.7571974,1.7328027,1.6628027,-0.45719728,2.5628028,8.182803,6.462803,5.442803,2.3228028,4.1428027,2.8528028,2.2328026,1.2528027,-0.44719726,-2.3671973,-3.5371974,-5.6771975,-6.0671973,-6.2171974,-5.9071975,-5.727197,-5.4871974,-5.1971974,-5.3971972,-4.6971974,-3.8271973,-1.6071973,0.15280274,0.61280274,1.2328027,-1.2271973,-7.6371975,-2.4771972,-4.3571973,-4.4071975,-2.9671972,-7.2571974,-4.5471973,-6.537197,3.9028027,2.2628028,3.0228028,0.5828027,-1.9971973,0.0028027343,5.252803,6.8428025,5.982803,6.1228027,4.8528028,4.132803,2.8028028,0.87280273,0.042802736,-0.8471973,-2.1571972,-2.2771974,-2.5371974,-4.5471973,-6.417197,-6.807197,-5.6571975,-4.0871973,-4.3371973,-4.2971973,-2.9971972,-1.3571973,-4.2171974,-4.4071975,-3.3071973,3.9628026,1.1228027,-6.267197,-10.237197,-11.787197,-13.667197,-11.797197,2.8128028,0.7728027,0.80280274,-1.5071973,-0.93719727,1.6128027,1.4328027,-2.5371974,3.2228026,4.8628025,5.4128027,4.3028026,1.2928027,1.8228028,1.7728027,0.40280274,0.39280275,-0.23719727,-1.4071972,-3.2571974,-4.5871973,-1.4571973,-3.7171972,-2.9371972,-4.477197,-5.477197,-5.017197,-5.0471973,-4.4871974,-2.5271974,-1.9571973,-0.87719727,-0.28719726,0.39280275,3.0928028,5.172803,1.5028027,-2.9471972,-5.3771973,-9.377197,-9.337197,-3.8871973,-2.1771972,0.09280273,0.33280274,1.6628027,-0.7271973,-2.3571973,1.1728027,-3.1371973,5.8528028,4.752803,3.9128027,3.1928027,1.1028028,-0.8071973,0.56280273,-0.49719727,-1.3671973,-2.7771974,-4.4471974,-5.4471974,-5.727197,-3.6971972,-4.3371973,-4.2771974,-5.5671973,-5.557197,-5.1571975,-5.2371974,-3.4471972,-2.0771973,-1.0371972,-0.90719724,1.1228027,3.0728028,5.812803,5.152803,2.0328028,-1.2071973,-3.8871973,-6.6771975,-5.0071974,-3.7871974,-1.9471973,9.382803,5.312803,4.3028026,0.81280273,-3.1071973,-2.0471973,5.0528026,5.5328026,6.4728026,5.212803,4.272803,4.8928027,1.0528027,0.022802735,-1.1471972,-2.9571972,-4.3171973,-5.0671973,-6.077197,-6.617197,-6.4271975,-6.287197,-5.8971972,-6.7171974,-8.117197,-6.327197,-3.6171973,-3.6371973,-1.2071973,0.122802734,-0.76719725,3.3728027,3.1628027,4.562803,2.9428027,3.1928027,-0.82719725,-6.0871973,-3.3671973,2.9128027,3.7128026,2.5028028,3.8828027,4.8928027,4.8428025,3.0328028,-0.7871973,3.3328028,4.042803,3.6828027,3.6828027,2.7928028,1.7228028,1.1128027,0.47280273,-1.1171973,-3.1171973,-4.0871973,-4.8971972,-5.8171973,-6.2971973,-6.6971974,-6.497197,-6.6971974,-6.227197,-5.2571974,-4.617197,-3.7471972,-2.9371972,-1.4971973,-2.0071974,1.9928027,1.8628027,4.252803,5.382803,3.8528028,4.8928027,2.2928028,-2.2171972,-2.7371972,2.0228028,0.31280273,0.35280272,-0.37719727,-0.8571973,0.7628027,1.9728028,2.1128027,4.4728026,3.9428027,4.0128026,4.022803,3.8228028,2.6228027,0.67280275,1.2028028,-0.56719726,-2.5671973,-3.6971972,-5.0271974,-6.3371973,-6.477197,-6.6471972,-6.9271975,-6.9071975,-7.557197,-5.4071975,-4.6271973,-2.9971972,-2.0971973,-1.0071973,3.1628027,2.5428028,3.9328027,5.982803,5.0128026,6.792803,6.6228027,5.772803,1.0228027,0.07280274,-6.517197,3.8228028,2.5928028,0.67280275,1.1828027,1.4228027,0.81280273,1.2028028,4.772803,4.482803,4.1128025,3.2928028,3.4028027,2.2528028,1.0328027,0.37280273,0.36280274,-1.2071973,-2.9071972,-4.807197,-5.2371974,-6.187197,-6.5071974,-7.097197,-7.0471973,-7.367197,-5.9871974,-4.8371973,-3.3971972,-1.4471973,1.2628027,1.1828027,4.232803,3.4028027,4.062803,4.832803,7.4128027,5.8428025,6.2828026,1.2828027,-2.8071973,-1.4071972,-5.0471973,0.27280274,0.44280273,-1.5171973,-0.8071973,0.8328027,-0.027197266,5.152803,5.5528026,5.0528026,3.3628027,2.9228027,1.2528027,1.3128028,1.1128027,0.55280274,-0.45719728,-0.83719724,-2.5071974,-3.9571972,-5.3171973,-6.307197,-6.957197,-7.707197,-9.357197,-8.577197,-6.1471972,-4.3771973,-3.1871972,-0.95719725,5.482803,4.672803,4.5728025,4.292803,6.272803,7.5328026,3.3228028,5.3028026,4.462803,-0.87719727,1.1128027,-2.2271972,1.5028027,0.122802734,1.4228027,2.2028027,-0.27719727,-0.76719725,3.8928027,3.6428027,3.3228028,3.0028028,2.1628027,0.9528027,0.78280276,1.3128028,1.4528028,1.1328027,-0.22719726,-1.5271972,-2.7871974,-3.3071973,-5.057197,-6.307197,-6.767197,-9.117197,-7.6471972,-7.0671973,-6.037197,-1.7171973,2.3428028,1.3128028,2.7928028,6.2428026,3.7028027,6.332803,8.262803,5.7428026,5.942803,5.1128025,3.0328028,0.11280274,0.48280275,-1.7271973,-1.9371972,-1.3071972,-0.8071973,-1.1771972,-1.0271972,3.9228027,5.1128025,3.0728028,1.6628027,1.4628028,0.98280275,0.93280274,0.9628027,0.8828027,0.10280273,-0.68719727,-1.3871973,-3.4571972,-5.1571975,-3.9871972,-5.3371973,-6.1271973,-5.1471972,-7.4871974,-6.8971972,-6.917197,-4.477197,5.942803,5.882803,4.002803,6.152803,7.1828027,3.8128028,0.42280275,0.38280272,6.172803,3.1728027,1.1528027,-1.4471973,1.4728028,2.7428026,0.13280274,0.07280274,-0.62719727,-0.25719726,-0.5371973,4.3228025,4.8628025,5.8228025,4.2828026,2.4328027,0.80280274,1.3628027,1.7328027,1.7528027,2.1128027,0.81280273,-0.33719727,-2.2671974,-1.7271973,-4.1371975,-3.9571972,-4.437197,-3.2771974,-6.1571975,-7.2771974,-7.247197,-8.687198,-1.0771973,0.5128027,5.252803,6.4728026,6.882803,-0.0071972655,-1.1671972,3.9628026,4.9328027,2.3628027,3.3328028,0.42280275,1.3028027,2.5528028,1.2228028,0.20280273,0.47280273,0.38280272,-1.2471973,3.1328027,5.7428026,8.372803,5.152803,3.2728028,2.9428027,2.6328027,1.2828027,0.20280273,1.3228028,1.2828027,2.2228026,-0.24719727,-2.2771974,-2.2671974,-4.117197,-3.5771973,-4.517197,-3.9971972,-7.4071975,-7.4271975,-8.547197,-1.6671972,-1.5071973,6.732803,13.302803,7.832803,2.9728026,2.8628027,3.3028028,2.1828027,1.3728027,1.4428028,1.0928028,1.3028027,2.0428028,1.8928027,0.042802736,-0.21719727,-0.46719727,-0.43719727]}]