wind_kz.json
{"header": {"discipline":0,"disciplineName":"Meteorological products","gribEdition":2,"gribLength":871,"center":7,"centerName":"US National Weather Service - NCEP(WMC)","subcenter":0,"refTime":"2023-09-11T00:00:00.000Z","significanceOfRT":1,"significanceOfRTName":"Start of forecast","productStatus":0,"productStatusName":"Operational products","productType":1,"productTypeName":"Forecast products","productDefinitionTemplate":0,"productDefinitionTemplateName":"Analysis/forecast at horizontal level/layer at a point in time","parameterCategory":0,"parameterCategoryName":"UnknownDiscipline_0_Category_0","parameterNumber":0,"parameterNumberName":"UnknownParameter_D0_C0_0","parameterUnit":"Unknown","genProcessType":2,"genProcessTypeName":"Forecast","forecastTime":120,"surface1Type":1,"surface1TypeName":"Ground or water surface","surface1Value":0.0,"surface2Type":255,"surface2TypeName":"Missing","surface2Value":0.0,"gridDefinitionTemplate":0,"gridDefinitionTemplateName":"Latitude_Longitude","numberPoints":615,"shape":6,"shapeName":"Earth spherical with radius of 6,371,229.0 m","gridUnits":"degrees","resolution":48,"winds":"true","scanMode":64,"nx":41,"ny":15,"basicAngle":0,"lo1":47.0,"la1":41.0,"lo2":87.0,"la2":55.0,"dx":1.0,"dy":1.0}, "data":
[rows 0 to 14 of 15, columns 0 to 40 of 41]
291.6153,281.71527,284.31528,297.41528,297.21527,296.0153,293.1153,292.41528,291.6153,290.21527,291.81528,291.6153,291.5153,291.21527,291.0153,289.31528,288.91528,289.31528,287.91528,288.41528,290.6153,286.31528,284.5153,284.41528,286.1153,288.5153,286.6153,275.31528,274.31528,273.5153,273.81528,276.6153,285.1153,289.81528,291.0153,290.5153,290.81528,290.31528,290.31528,289.5153,289.81528
268.71527,285.21527,296.71527,296.91528,296.71527,295.0153,290.6153,289.71527,288.71527,288.41528,288.81528,289.21527,287.0153,286.41528,288.1153,287.91528,287.6153,285.81528,286.6153,285.71527,289.5153,287.81528,287.6153,281.5153,273.21527,272.6153,281.31528,274.31528,274.0153,271.1153,277.21527,271.1153,278.1153,255.61528,276.6153,290.71527,290.6153,291.1153,294.0153,285.5153,284.0153
286.31528,296.1153,296.81528,296.6153,294.6153,290.41528,290.1153,290.1153,291.0153,287.91528,288.71527,286.71527,283.81528,285.41528,287.41528,284.6153,283.81528,283.5153,284.5153,285.0153,288.21527,288.21527,288.71527,282.71527,283.6153,283.71527,283.5153,283.71527,282.41528,276.6153,272.5153,273.5153,279.71527,277.41528,280.91528,279.1153,274.0153,271.81528,273.21527,270.71527,270.5153
286.31528,295.21527,296.0153,295.41528,292.41528,288.21527,289.81528,288.5153,290.1153,287.91528,287.81528,285.91528,293.1153,292.5153,286.31528,286.31528,286.41528,284.1153,285.6153,285.31528,286.1153,281.71527,286.1153,286.6153,286.5153,286.41528,286.81528,286.0153,284.1153,284.41528,286.21527,283.81528,288.0153,285.21527,284.31528,281.6153,272.6153,270.0153,275.21527,284.0153,285.1153
289.21527,293.1153,294.31528,293.1153,291.5153,289.21527,289.21527,288.6153,288.91528,288.31528,289.41528,286.5153,292.21527,291.0153,289.41528,286.71527,286.1153,285.71527,283.6153,286.6153,286.31528,286.41528,285.5153,285.41528,285.31528,285.91528,283.81528,286.5153,284.1153,284.41528,286.5153,282.81528,273.41528,260.31528,274.0153,283.81528,287.81528,287.5153,286.81528,285.6153,285.81528
287.6153,285.5153,292.71527,292.1153,292.41528,291.5153,287.81528,289.5153,287.41528,287.71527,289.71527,287.81528,291.21527,292.21527,288.6153,285.5153,287.1153,285.91528,286.81528,286.71527,286.0153,285.31528,284.81528,284.6153,284.0153,283.1153,284.0153,290.5153,286.0153,286.6153,284.71527,286.31528,284.0153,281.91528,280.41528,285.1153,275.31528,276.21527,283.5153,286.0153,285.31528
285.1153,284.81528,287.31528,287.91528,288.31528,286.6153,287.6153,287.6153,288.81528,290.5153,289.81528,289.41528,287.31528,286.6153,285.81528,286.6153,286.1153,286.81528,286.1153,285.71527,285.21527,284.91528,287.6153,286.31528,287.5153,283.71527,287.41528,288.1153,288.6153,287.91528,285.1153,288.0153,287.91528,285.1153,284.31528,281.1153,276.31528,272.81528,270.0153,270.81528,281.6153
285.0153,285.1153,288.6153,286.6153,287.71527,287.91528,288.0153,286.41528,286.0153,287.31528,288.71527,288.31528,286.21527,288.91528,286.91528,286.91528,289.0153,288.81528,288.81528,284.91528,286.71527,285.21527,283.91528,287.71527,286.21527,282.91528,279.81528,285.31528,284.5153,282.31528,281.5153,282.81528,284.0153,279.21527,277.71527,281.31528,285.71527,289.1153,281.81528,281.31528,276.81528
283.6153,284.71527,287.71527,286.91528,287.21527,286.21527,286.71527,287.5153,286.91528,286.71527,286.71527,288.0153,286.5153,289.5153,287.1153,289.0153,286.31528,286.91528,285.1153,284.5153,282.71527,284.91528,285.6153,285.6153,281.31528,281.0153,282.1153,282.1153,282.31528,281.81528,282.1153,281.1153,284.0153,284.6153,284.81528,278.91528,278.6153,278.0153,272.0153,270.91528,269.1153
283.21527,285.31528,286.1153,286.21527,287.21527,287.41528,287.31528,286.71527,286.0153,286.21527,285.21527,286.6153,287.41528,282.31528,285.31528,286.31528,286.1153,286.71527,287.41528,285.81528,282.91528,285.31528,283.91528,284.71527,281.81528,280.5153,282.91528,283.6153,283.21527,282.6153,279.31528,283.21527,286.1153,286.21527,285.5153,283.1153,279.31528,276.31528,273.21527,274.1153,272.71527
286.71527,283.91528,283.31528,286.31528,286.81528,286.5153,287.1153,286.71527,286.1153,286.6153,285.81528,286.21527,287.31528,285.41528,283.41528,283.6153,284.31528,287.6153,287.21527,286.5153,286.6153,284.41528,284.71527,285.41528,284.81528,283.91528,279.81528,280.31528,282.6153,283.31528,283.41528,283.6153,286.0153,286.6153,285.6153,284.21527,276.81528,277.6153,278.1153,277.1153,274.1153
283.31528,287.0153,286.41528,286.81528,282.71527,282.31528,281.41528,281.71527,282.21527,283.41528,282.5153,283.71527,281.6153,281.6153,282.21527,283.71527,285.81528,286.5153,286.41528,284.91528,285.41528,285.0153,285.1153,285.41528,284.41528,283.0153,279.91528,282.21527,283.0153,283.5153,282.5153,285.1153,283.21527,282.91528,283.5153,283.21527,282.5153,279.91528,281.5153,280.91528,281.41528
281.6153,281.31528,283.41528,285.1153,283.81528,283.21527,282.41528,283.31528,284.0153,283.91528,279.71527,278.5153,281.71527,281.5153,284.1153,285.21527,285.0153,285.41528,285.71527,284.31528,283.71527,279.71527,283.31528,283.0153,281.21527,281.91528,282.81528,282.71527,283.1153,285.0153,282.91528,282.81528,283.71527,283.1153,282.6153,282.1153,281.81528,284.21527,282.91528,283.0153,282.5153
281.1153,283.6153,287.0153,283.21527,283.41528,283.6153,283.71527,285.0153,285.31528,283.6153,280.81528,282.0153,282.5153,284.31528,285.0153,283.81528,284.0153,284.71527,282.21527,282.21527,282.41528,281.31528,282.6153,284.91528,282.31528,285.1153,282.0153,282.5153,285.41528,286.31528,286.0153,283.0153,281.1153,281.31528,282.0153,281.81528,282.5153,282.21527,281.41528,280.6153,283.6153
285.91528,282.71527,288.5153,282.91528,283.31528,285.41528,284.21527,285.21527,285.1153,284.91528,284.41528,283.1153,282.6153,282.21527,282.41528,283.0153,284.1153,283.21527,281.31528,281.71527,283.41528,282.71527,286.31528,285.1153,284.41528,281.6153,285.41528,285.81528,282.6153,281.41528,281.41528,281.81528,279.81528,280.41528,280.41528,281.5153,281.71527,281.6153,284.21527,284.91528,284.1153
