wind_kz.json
{"header": {"discipline":0,"disciplineName":"Meteorological products","gribEdition":2,"gribLength":871,"center":7,"centerName":"US National Weather Service - NCEP(WMC)","subcenter":0,"refTime":"2023-09-24T06:00:00.000Z","significanceOfRT":1,"significanceOfRTName":"Start of forecast","productStatus":0,"productStatusName":"Operational products","productType":1,"productTypeName":"Forecast products","productDefinitionTemplate":0,"productDefinitionTemplateName":"Analysis/forecast at horizontal level/layer at a point in time","parameterCategory":0,"parameterCategoryName":"UnknownDiscipline_0_Category_0","parameterNumber":0,"parameterNumberName":"UnknownParameter_D0_C0_0","parameterUnit":"Unknown","genProcessType":2,"genProcessTypeName":"Forecast","forecastTime":0,"surface1Type":1,"surface1TypeName":"Ground or water surface","surface1Value":0.0,"surface2Type":255,"surface2TypeName":"Missing","surface2Value":0.0,"gridDefinitionTemplate":0,"gridDefinitionTemplateName":"Latitude_Longitude","numberPoints":615,"shape":6,"shapeName":"Earth spherical with radius of 6,371,229.0 m","gridUnits":"degrees","resolution":48,"winds":"true","scanMode":64,"nx":41,"ny":15,"basicAngle":0,"lo1":47.0,"la1":41.0,"lo2":87.0,"la2":55.0,"dx":1.0,"dy":1.0}, "data":
[rows 0 to 14 of 15, columns 0 to 40 of 41]
300.16763,292.26764,298.06763,294.3676,294.46762,293.56763,302.26764,306.3676,304.06763,305.66763,304.76764,306.26764,306.3676,306.56763,306.3676,307.56763,307.76764,306.76764,310.56763,307.76764,311.56763,308.8676,306.8676,306.66763,307.26764,311.06763,300.66763,288.46762,291.8676,291.16763,286.06763,283.96762,298.96762,302.06763,301.96762,300.66763,303.46762,305.46762,306.06763,307.76764,308.46762
283.16763,297.56763,293.8676,294.3676,294.26764,292.8676,306.76764,303.26764,302.3676,303.16763,304.8676,303.8676,305.26764,304.76764,307.3676,307.96762,310.46762,310.16763,309.16763,311.06763,310.06763,307.46762,310.96762,298.96762,293.56763,297.16763,297.06763,289.66763,300.66763,276.46762,286.96762,273.76764,292.56763,265.56763,292.26764,296.96762,299.46762,298.46762,304.06763,297.96762,284.06763
295.96762,293.96762,294.26764,293.76764,292.06763,301.3676,300.96762,300.8676,300.66763,301.46762,302.3676,303.8676,305.3676,305.66763,304.46762,308.56763,309.26764,309.16763,309.26764,310.16763,315.76764,307.56763,306.66763,298.56763,303.56763,301.76764,301.06763,301.3676,301.76764,292.8676,281.76764,288.26764,292.56763,292.66763,291.16763,289.8676,284.16763,287.16763,285.3676,278.8676,272.66763
299.8676,293.16763,293.96762,292.96762,294.06763,300.66763,299.66763,301.06763,301.66763,302.66763,303.3676,302.3676,292.06763,291.46762,304.06763,307.46762,305.3676,309.96762,308.16763,309.26764,305.56763,303.66763,306.66763,304.8676,304.66763,302.46762,304.06763,301.26764,300.76764,301.46762,300.46762,299.26764,302.66763,301.46762,300.3676,288.56763,273.16763,273.46762,282.66763,281.56763,282.76764
298.8676,292.96762,293.26764,292.46762,295.26764,300.3676,301.8676,301.96762,300.46762,301.16763,302.16763,302.66763,291.26764,290.06763,288.46762,305.3676,305.8676,303.8676,304.56763,302.66763,303.8676,304.8676,305.06763,304.66763,304.96762,304.06763,301.06763,298.96762,303.56763,302.96762,300.3676,297.76764,282.96762,272.46762,291.8676,291.66763,294.3676,296.3676,289.26764,289.3676,287.3676
299.66763,299.06763,291.96762,292.66763,292.76764,292.46762,302.76764,302.06763,300.56763,300.8676,300.16763,300.76764,292.56763,291.06763,297.66763,302.76764,302.46762,304.3676,302.16763,302.76764,301.76764,301.06763,301.76764,301.46762,301.16763,301.26764,302.46762,289.16763,299.46762,299.8676,301.56763,299.16763,296.26764,294.76764,290.16763,291.56763,280.06763,284.76764,299.26764,297.26764,288.3676
300.46762,301.06763,299.3676,300.46762,299.56763,303.96762,304.46762,294.96762,294.46762,296.26764,301.16763,299.46762,293.16763,299.16763,300.76764,300.16763,302.06763,302.26764,302.8676,300.3676,299.56763,300.8676,299.3676,297.3676,296.3676,296.96762,299.56763,301.16763,300.3676,298.96762,298.8676,297.56763,296.26764,295.06763,291.46762,291.76764,287.56763,275.3676,272.76764,274.66763,280.46762
299.96762,300.96762,300.96762,300.96762,301.46762,302.06763,304.06763,297.16763,296.3676,297.56763,298.66763,299.26764,299.16763,297.26764,298.8676,299.06763,298.96762,300.06763,299.96762,298.56763,296.26764,297.8676,297.66763,296.66763,295.96762,293.8676,292.76764,293.96762,291.96762,293.3676,291.16763,292.76764,292.46762,284.3676,283.8676,284.76764,286.8676,287.66763,291.46762,290.66763,288.76764
300.56763,300.26764,300.46762,301.16763,300.66763,301.56763,304.06763,296.56763,295.8676,301.76764,298.8676,300.56763,299.06763,299.3676,297.76764,298.16763,297.46762,298.26764,296.8676,296.3676,295.06763,295.06763,295.46762,295.8676,294.3676,293.3676,289.8676,282.46762,287.16763,286.06763,287.96762,287.66763,288.46762,285.96762,284.3676,284.46762,284.8676,280.96762,275.3676,275.26764,276.06763
299.46762,298.26764,299.66763,300.46762,300.96762,302.56763,303.66763,302.96762,302.8676,300.3676,300.76764,299.3676,299.76764,298.56763,298.06763,297.16763,296.96762,297.46762,297.16763,297.3676,295.8676,295.26764,295.06763,294.16763,288.26764,290.8676,281.66763,281.8676,282.76764,288.56763,286.3676,284.56763,288.26764,287.56763,285.26764,283.26764,279.96762,282.46762,282.16763,276.26764,275.66763
298.76764,298.8676,299.66763,300.96762,300.66763,302.26764,302.3676,302.56763,302.26764,297.66763,299.8676,292.46762,299.06763,297.8676,297.56763,296.76764,295.56763,295.3676,296.3676,296.16763,296.3676,295.3676,293.96762,293.66763,285.26764,284.56763,281.76764,283.06763,282.06763,290.46762,291.76764,291.16763,290.66763,285.96762,287.56763,283.46762,277.06763,276.06763,279.8676,274.8676,276.46762
297.3676,299.46762,300.96762,301.96762,301.96762,301.16763,300.56763,301.16763,293.56763,293.96762,293.8676,292.26764,292.26764,295.56763,296.06763,296.46762,294.46762,294.66763,295.06763,294.56763,292.56763,290.8676,288.26764,291.76764,290.96762,288.3676,284.16763,282.96762,282.96762,285.26764,286.66763,290.96762,284.06763,288.26764,286.56763,286.26764,285.06763,284.8676,281.46762,279.56763,279.3676
294.66763,297.26764,299.3676,299.96762,299.46762,298.76764,300.56763,294.76764,294.8676,292.16763,294.06763,293.3676,296.56763,294.26764,295.06763,293.16763,294.66763,293.3676,294.8676,292.06763,292.46762,290.8676,289.46762,286.46762,285.16763,284.96762,283.76764,282.46762,282.96762,283.76764,285.8676,287.8676,289.8676,288.96762,288.3676,284.96762,286.26764,282.56763,281.16763,281.26764,279.26764
295.96762,296.3676,292.3676,297.8676,297.56763,298.8676,298.3676,297.26764,296.66763,291.56763,293.3676,288.8676,293.3676,294.16763,290.06763,294.06763,293.76764,292.46762,293.76764,291.06763,287.46762,290.46762,292.16763,287.96762,286.26764,284.3676,282.66763,281.3676,281.66763,283.46762,285.8676,285.66763,284.16763,282.56763,283.66763,281.96762,282.96762,283.46762,283.16763,277.96762,278.56763
292.76764,296.3676,287.26764,296.76764,296.76764,297.46762,297.06763,297.46762,299.06763,295.96762,291.46762,289.46762,288.3676,289.56763,289.06763,290.46762,291.8676,291.3676,291.06763,289.26764,289.46762,288.3676,286.96762,289.8676,286.06763,283.8676,280.26764,280.26764,281.06763,283.46762,283.3676,283.06763,282.3676,280.96762,279.8676,282.3676,283.06763,281.56763,283.06763,282.8676,279.8676
