wind_kz.json
{"header": {"discipline":0,"disciplineName":"Meteorological products","gribEdition":2,"gribLength":1025,"center":7,"centerName":"US National Weather Service - NCEP(WMC)","subcenter":0,"refTime":"2023-10-04T12:00:00.000Z","significanceOfRT":1,"significanceOfRTName":"Start of forecast","productStatus":0,"productStatusName":"Operational products","productType":1,"productTypeName":"Forecast products","productDefinitionTemplate":0,"productDefinitionTemplateName":"Analysis/forecast at horizontal level/layer at a point in time","parameterCategory":2,"parameterCategoryName":"UnknownDiscipline_0_Category_2","parameterNumber":2,"parameterNumberName":"UnknownParameter_D0_C2_2","parameterUnit":"Unknown","genProcessType":2,"genProcessTypeName":"Forecast","forecastTime":60,"surface1Type":103,"surface1TypeName":"Specified height level above ground","surface1Value":10.0,"surface2Type":255,"surface2TypeName":"Missing","surface2Value":0.0,"gridDefinitionTemplate":0,"gridDefinitionTemplateName":"Latitude_Longitude","numberPoints":615,"shape":6,"shapeName":"Earth spherical with radius of 6,371,229.0 m","gridUnits":"degrees","resolution":48,"winds":"true","scanMode":64,"nx":41,"ny":15,"basicAngle":0,"lo1":47.0,"la1":41.0,"lo2":87.0,"la2":55.0,"dx":1.0,"dy":1.0}, "data":
[rows 0 to 14 of 15, columns 0 to 40 of 41]
0.3088196,-0.2511804,2.3388195,0.90881956,0.38881958,-2.3311803,-0.39118043,-2.8311803,-3.0311804,-2.9511805,-1.0511804,1.0888196,1.3988196,1.5688195,0.9188196,-0.33118042,-0.43118042,1.0588195,-0.22118042,1.5888196,0.8288196,-1.4211804,-1.0111804,-1.8411804,-0.6811804,3.9688196,0.31881958,1.4388195,-0.18118042,0.16881958,-0.7311804,1.4888196,1.5088196,-0.23118041,-4.1411805,-3.0911803,-3.1811805,-3.1111803,-4.2411804,-3.0611804,-2.5511804
2.2688196,2.4488196,2.4688196,-3.2411804,-0.8311804,-2.0811803,-1.5911804,-1.5311804,-2.2011805,-2.3911805,-1.5111804,-1.1211804,-0.40118042,-0.10118042,-1.4911804,0.58881956,2.2088196,1.4188195,0.3688196,2.9988196,4.6188197,2.1588197,0.6788196,-0.78118044,0.11881958,-0.5611804,-0.031180419,0.39881957,1.5188196,0.48881957,0.03881958,-0.7311804,-1.1411804,-1.4211804,-0.3411804,-0.05118042,-0.4711804,-0.42118043,0.48881957,-0.42118043,-2.8911805
1.6488196,0.58881956,-3.3011804,-1.8711804,-0.8711804,-0.5611804,-0.5711804,1.2388196,-1.2411804,-1.0111804,-1.4611804,-0.65118045,0.09881958,-0.0011804199,0.31881958,0.3388196,1.2688196,1.4088196,2.9188197,3.7288196,4.2988195,1.9888196,0.9488196,3.7488196,1.0488195,2.9988196,1.3188195,2.3988197,0.09881958,0.96881956,0.32881957,0.14881958,-0.49118042,0.6188196,-0.11118042,-0.65118045,0.10881958,-0.24118042,0.70881957,1.0688195,0.7588196
0.9288196,0.96881956,-0.3811804,-0.16118042,-1.4311805,-0.24118042,2.7288196,2.8588195,-0.05118042,0.06881958,-0.08118042,-0.08118042,0.12881958,-1.4411805,-0.16118042,-0.45118043,-1.7311804,-1.6011804,-0.14118043,3.7488196,2.4388196,-0.35118043,1.9388195,4.4088197,4.1788197,3.1788197,2.6988196,1.7588196,3.0088196,1.0288196,1.8488196,-0.26118043,2.9388196,1.6888195,-0.0011804199,0.48881957,-0.9311804,1.7688196,-0.16118042,-0.0011804199,1.2188196
3.9188197,3.6288195,2.8588195,2.0988195,0.9188196,2.1088195,2.3388195,0.70881957,0.41881958,0.65881956,-0.6311804,0.6988196,-0.23118041,0.4088196,1.2088196,0.84881955,1.9588196,-0.23118041,-0.7411804,2.9788196,3.8988197,3.9988196,3.8888197,3.6888196,2.3688195,3.2588196,1.9488196,-0.9411804,-1.3611804,-0.8311804,-0.6811804,-1.2711804,-1.8411804,0.08881958,-1.3811804,-1.7511804,-0.96118045,-3.0611804,-1.9311805,-2.5111804,-1.8511804
7.4388194,4.1288195,5.01882,3.3088195,3.4088197,3.0288196,2.1488197,1.3688196,0.09881958,0.3688196,-0.14118043,0.6388196,0.8688196,1.3388196,1.0188196,2.0688195,1.9188195,2.8888197,2.8188195,3.9588196,4.3888197,3.3288195,3.2988195,2.2088196,2.1388197,2.3088195,-0.04118042,-4.3511806,-1.5111804,-0.9511804,0.8188196,1.5488195,1.7688196,2.0288196,1.3788196,0.3688196,1.4288195,0.07881958,-0.031180419,-3.1411805,-3.5411804
5.4188194,5.8188195,4.6288195,3.8988197,4.80882,2.1288195,1.8988196,1.9088196,1.4188195,1.1988196,0.6988196,0.58881956,2.0188196,2.8888197,2.3788195,2.4688196,2.3988197,2.2888196,3.0088196,4.9788194,4.1388197,3.0888195,2.9188197,0.7388196,-2.2411804,-1.4911804,-0.54118043,0.7388196,1.9488196,2.0288196,0.41881958,-0.97118044,0.90881956,0.6888196,-1.8411804,-1.5211804,-0.6311804,1.6388196,-0.3411804,0.6988196,0.9488196
5.2188196,6.2588196,5.7988195,1.7088196,1.5088196,1.3188195,1.2088196,1.1788195,1.8588196,0.8888196,1.0188196,2.5788195,2.9088197,3.3388195,2.8988197,3.8988197,2.9088197,0.6688196,1.6388196,2.8388195,3.2288196,2.0488195,2.2688196,-0.46118042,-1.4511805,-1.0911804,-0.6711804,-2.4211805,-2.6511805,-2.5011804,-2.7411804,-1.8211805,-2.6711805,-0.20118041,-2.1311805,-1.3111805,0.71881956,-1.9711804,-2.3711805,-1.9211804,-2.0311804
4.5288196,7.9888196,4.1688194,1.5188196,0.3088196,-0.04118042,0.21881957,0.5188196,0.08881958,0.20881958,0.8888196,1.2288196,4.9888196,2.7388196,3.2788196,3.2188196,3.5888195,2.2488196,1.9388195,2.1788197,2.1088195,1.2888196,0.04881958,-0.6711804,-1.7811804,-1.5611805,-1.4311805,-1.3011804,-0.79118043,-0.8311804,-0.9911804,-1.0611805,-0.8111804,-1.4011804,-1.0511804,-1.2111804,-0.6211804,-1.6411804,0.06881958,0.38881958,-2.5711803
5.28882,4.4988194,7.3788195,4.30882,2.3988197,0.12881958,0.5788196,0.5788196,1.6688195,0.8288196,0.9888196,1.5788196,2.4788196,3.1288195,3.3088195,4.0088196,3.5388196,2.8488195,2.3288195,2.9888196,3.4488196,2.4788196,0.47881958,-0.9311804,-1.6111804,-1.5911804,-0.5811804,-1.2511804,-0.48118043,-0.59118044,-0.6111804,-0.26118043,-0.43118042,-1.2111804,-1.2711804,-0.8811804,-1.7211804,-0.3111804,-2.0211804,-0.15118042,-1.1111804
2.9888196,3.3288195,4.26882,4.4488196,1.2588196,-0.36118042,0.5788196,0.9788196,0.23881958,1.1388196,1.1388196,1.5988196,1.5488195,3.0588195,4.0788198,4.01882,3.5388196,4.5788198,1.9088196,2.8388195,3.1888196,2.0288196,0.35881957,-0.16118042,-0.07118042,-0.59118044,-0.3111804,-0.4711804,-0.8811804,-1.6811805,-1.8511804,-2.4311805,-2.5411804,-2.0511804,-0.2511804,-1.1511804,-1.3911804,0.04881958,-1.0111804,0.9188196,-1.0711805
1.6988196,2.9588196,4.6388197,1.5388196,1.2488196,0.4088196,-0.4111804,-0.19118042,0.8288196,-0.35118043,-0.15118042,1.6588196,2.3088195,3.3488195,4.4888196,2.9788196,2.7888196,4.3288198,1.3988196,2.4088197,1.8888196,2.2888196,-0.6211804,-1.0411804,-0.0011804199,0.31881958,0.07881958,-0.8011804,-1.8211805,-2.8811805,-2.4411805,-2.3111804,-1.9111804,-2.5911803,-2.1111803,-2.6011803,-2.0711803,-0.53118044,-0.13118042,-0.65118045,-0.59118044
1.8788196,2.8788195,3.5288196,2.4788196,0.84881955,-0.90118045,-1.2411804,-0.7611804,-0.79118043,-0.9211804,-0.5511804,1.2288196,2.0688195,2.4488196,2.9288197,3.6488197,2.8488195,3.6488197,2.5688195,3.1788197,3.3988197,0.2788196,0.16881958,-0.60118043,1.4188195,0.7288196,-1.2011805,-2.5611804,-2.3511803,-2.0011804,-1.6711804,-1.8711804,-1.9211804,-2.3011804,-1.9611804,-2.5011804,-2.2811804,-1.8111805,-2.5611804,-1.5511804,-1.1111804
2.7188196,3.5288196,3.9888196,1.6588196,-0.07118042,-1.3011804,-1.0511804,-0.9411804,-0.5511804,-0.7611804,-0.9211804,0.29881957,0.83881956,1.4088196,1.9588196,2.0588195,1.6688195,-0.6911804,-0.5211804,1.3788196,1.9788196,0.59881955,0.15881959,0.07881958,-0.12118042,-1.0911804,-1.7711804,-1.5511804,-1.5611805,-1.2611804,-1.3611804,-1.2111804,-1.1311804,-1.0911804,-1.3311805,-1.5811805,-1.6311804,-1.4411805,-1.3811804,-0.8911804,-0.7611804
2.3888197,3.2988195,2.2288196,-0.08118042,-0.17118043,-0.49118042,-0.91118044,-0.8711804,-0.4711804,-1.0511804,-0.5711804,-0.21118042,0.35881957,1.2288196,2.1888196,1.4288195,1.5688195,0.8888196,0.31881958,1.7288196,0.6188196,0.70881957,0.32881957,-0.10118042,-0.2511804,-0.5111804,-1.0411804,-1.0411804,-0.91118044,-0.78118044,-0.5211804,-1.2511804,-0.72118044,-0.5211804,-0.2511804,-0.07118042,-0.6111804,-0.46118042,-0.84118044,-1.1511804,-0.6311804
