wind_kz.json
{"header": {"discipline":0,"disciplineName":"Meteorological products","gribEdition":2,"gribLength":871,"center":7,"centerName":"US National Weather Service - NCEP(WMC)","subcenter":0,"refTime":"2023-09-20T06:00:00.000Z","significanceOfRT":1,"significanceOfRTName":"Start of forecast","productStatus":0,"productStatusName":"Operational products","productType":1,"productTypeName":"Forecast products","productDefinitionTemplate":0,"productDefinitionTemplateName":"Analysis/forecast at horizontal level/layer at a point in time","parameterCategory":0,"parameterCategoryName":"UnknownDiscipline_0_Category_0","parameterNumber":0,"parameterNumberName":"UnknownParameter_D0_C0_0","parameterUnit":"Unknown","genProcessType":2,"genProcessTypeName":"Forecast","forecastTime":180,"surface1Type":1,"surface1TypeName":"Ground or water surface","surface1Value":0.0,"surface2Type":255,"surface2TypeName":"Missing","surface2Value":0.0,"gridDefinitionTemplate":0,"gridDefinitionTemplateName":"Latitude_Longitude","numberPoints":615,"shape":6,"shapeName":"Earth spherical with radius of 6,371,229.0 m","gridUnits":"degrees","resolution":48,"winds":"true","scanMode":64,"nx":41,"ny":15,"basicAngle":0,"lo1":47.0,"la1":41.0,"lo2":87.0,"la2":55.0,"dx":1.0,"dy":1.0}, "data":
[rows 0 to 14 of 15, columns 0 to 40 of 41]
291.11124,281.51123,286.31122,293.91122,294.11124,293.71124,294.21124,295.41122,292.91122,292.51123,290.91122,292.41122,291.51123,290.81122,291.31122,288.71124,289.11124,291.31122,289.01123,290.61124,291.31122,287.41122,288.31122,282.91122,290.01123,290.11124,287.31122,278.91122,278.61124,275.51123,274.31122,275.91122,284.31122,289.01123,290.01123,289.01123,289.31122,288.81122,289.01123,288.81122,288.21124
273.01123,286.21124,293.61124,293.81122,293.61124,292.21124,294.01123,292.91122,292.11124,291.51123,292.11124,290.61124,289.51123,288.41122,288.01123,288.21124,287.61124,287.41122,287.91122,288.11124,288.81122,290.01123,288.31122,283.51123,275.61124,278.01123,282.91122,279.61124,278.71124,271.81122,279.11124,269.61124,278.11124,255.81123,272.01123,286.41122,284.71124,286.11124,288.21124,281.41122,283.61124
288.51123,292.61124,294.01123,293.51123,291.31122,293.31122,292.81122,292.81122,291.71124,290.71124,289.31122,289.21124,287.51123,288.61124,290.51123,288.71124,287.41122,284.41122,288.51123,290.11124,289.61124,288.61124,287.21124,288.01123,289.91122,288.91122,289.41122,290.41122,288.71124,281.91122,272.81122,274.01123,279.41122,279.51123,281.31122,282.11124,273.01123,273.41122,275.51123,271.01123,265.61124
290.91122,292.51123,294.01123,292.61124,292.31122,292.31122,293.41122,291.81122,292.41122,291.61124,290.41122,290.31122,291.51123,290.91122,290.81122,290.31122,290.81122,287.51123,289.71124,288.51123,288.61124,288.51123,293.31122,293.31122,291.91122,292.41122,291.51123,290.21124,287.51123,288.21124,289.61124,287.21124,291.21124,290.01123,286.31122,285.61124,273.41122,266.51123,276.51123,281.31122,284.51123
291.71124,291.61124,292.61124,291.71124,292.01123,292.81122,293.41122,292.51123,292.21124,293.21124,292.21124,290.61124,290.31122,289.31122,287.81122,290.41122,290.31122,289.81122,288.21124,290.01123,290.91122,291.31122,288.71124,290.21124,291.31122,290.11124,287.91122,288.31122,287.51123,287.51123,291.11124,287.71124,279.01123,269.51123,276.31122,283.71124,287.61124,287.21124,287.41122,287.21124,287.21124
291.21124,289.31122,290.61124,290.51123,291.31122,290.61124,292.91122,294.01123,292.01123,292.21124,292.31122,292.41122,290.41122,290.21124,290.71124,291.71124,292.01123,290.11124,290.91122,290.51123,290.01123,289.31122,289.61124,290.51123,289.01123,287.11124,286.61124,287.71124,288.71124,289.31122,286.71124,288.51123,287.21124,285.01123,285.41122,288.91122,280.61124,278.61124,283.91122,286.31122,286.31122
291.11124,289.71124,293.81122,293.41122,292.11124,292.41122,293.81122,293.01123,293.11124,293.11124,291.31122,291.11124,290.61124,290.71124,291.21124,292.31122,292.21124,292.71124,291.01123,289.71124,288.81122,289.21124,289.51123,289.41122,287.81122,288.61124,286.71124,287.51123,288.41122,288.11124,287.21124,286.91122,286.71124,286.91122,286.01123,284.51123,280.21124,277.91122,272.61124,273.01123,281.81122
292.11124,291.61124,293.41122,294.11124,294.21124,294.31122,293.71124,292.61124,291.71124,293.31122,293.11124,291.71124,290.01123,290.51123,291.21124,291.41122,291.01123,291.61124,291.41122,288.51123,288.11124,288.01123,287.71124,287.51123,286.51123,283.11124,283.71124,284.51123,283.11124,285.01123,283.81122,284.41122,284.01123,280.91122,280.91122,281.41122,283.81122,287.21124,285.61124,283.71124,280.61124
290.61124,290.81122,291.71124,290.91122,293.11124,292.31122,291.61124,291.71124,290.91122,289.91122,289.51123,289.51123,288.41122,289.31122,288.91122,289.71124,289.41122,289.41122,289.31122,288.31122,286.41122,286.21124,286.81122,286.61124,284.51123,284.71124,282.11124,282.01123,280.41122,279.11124,279.91122,280.51123,280.61124,281.71124,281.01123,280.31122,280.51123,280.41122,268.21124,269.61124,265.51123
289.61124,290.51123,290.71124,290.41122,290.51123,290.21124,289.51123,289.11124,289.11124,288.41122,287.61124,287.01123,287.01123,286.41122,285.81122,285.91122,286.41122,286.81122,287.51123,290.41122,288.01123,286.91122,287.01123,287.01123,286.31122,283.51123,283.21124,282.21124,282.01123,280.71124,280.11124,282.41122,284.11124,284.01123,283.01123,281.21124,280.51123,277.41122,271.11124,272.81122,270.01123
288.11124,288.01123,288.21124,288.21124,287.71124,286.71124,286.61124,285.91122,285.11124,285.41122,285.81122,285.21124,285.41122,284.31122,283.81122,283.71124,284.11124,285.01123,285.11124,285.01123,285.61124,286.11124,288.51123,289.31122,286.31122,285.21124,283.01123,284.41122,283.91122,284.41122,284.21124,283.71124,283.61124,284.81122,283.71124,280.31122,278.51123,275.51123,274.91122,275.31122,272.71124
284.91122,285.91122,285.71124,285.31122,284.51123,284.61124,283.51123,283.31122,283.41122,283.21124,281.71124,283.11124,284.31122,283.21124,283.01123,282.81122,282.81122,283.21124,283.81122,283.91122,283.31122,283.21124,283.11124,284.51123,287.11124,288.01123,288.71124,288.61124,286.31122,285.91122,284.41122,284.11124,284.71124,282.31122,283.21124,281.61124,281.61124,281.01123,280.71124,280.01123,279.01123
283.01123,282.41122,284.01123,283.71124,284.61124,284.41122,282.81122,282.41122,281.51123,280.71124,279.81122,278.51123,282.81122,281.61124,282.31122,282.51123,282.71124,282.31122,283.21124,282.71124,282.51123,280.71124,280.91122,281.41122,283.31122,287.81122,288.81122,289.31122,288.71124,285.61124,285.41122,285.01123,284.51123,283.31122,283.31122,283.01123,281.81122,282.61124,280.61124,279.51123,279.51123
281.91122,283.81122,285.21124,283.71124,283.21124,282.61124,282.71124,282.41122,281.81122,281.41122,279.91122,277.71124,279.21124,281.21124,282.31122,282.71124,282.81122,282.41122,282.31122,282.51123,282.61124,282.41122,283.21124,283.01123,283.71124,284.51123,287.01123,288.01123,288.01123,285.51123,285.31122,284.61124,284.21124,283.21124,282.71124,281.21124,280.91122,280.01123,279.51123,279.41122,279.01123
283.01123,284.61124,286.41122,283.61124,283.71124,282.41122,283.41122,281.81122,282.51123,281.41122,281.41122,279.11124,279.61124,283.01123,281.51123,282.61124,282.41122,282.51123,282.51123,282.11124,281.91122,282.11124,281.81122,281.21124,284.51123,285.51123,282.51123,285.21124,285.11124,287.61124,287.21124,284.61124,284.71124,283.61124,283.11124,283.21124,282.31122,280.91122,280.51123,280.01123,278.91122
