wind_kz.json
{"header": {"discipline":0,"disciplineName":"Meteorological products","gribEdition":2,"gribLength":1025,"center":7,"centerName":"US National Weather Service - NCEP(WMC)","subcenter":0,"refTime":"2023-10-03T12:00:00.000Z","significanceOfRT":1,"significanceOfRTName":"Start of forecast","productStatus":0,"productStatusName":"Operational products","productType":1,"productTypeName":"Forecast products","productDefinitionTemplate":0,"productDefinitionTemplateName":"Analysis/forecast at horizontal level/layer at a point in time","parameterCategory":2,"parameterCategoryName":"UnknownDiscipline_0_Category_2","parameterNumber":3,"parameterNumberName":"UnknownParameter_D0_C2_3","parameterUnit":"Unknown","genProcessType":2,"genProcessTypeName":"Forecast","forecastTime":0,"surface1Type":103,"surface1TypeName":"Specified height level above ground","surface1Value":10.0,"surface2Type":255,"surface2TypeName":"Missing","surface2Value":0.0,"gridDefinitionTemplate":0,"gridDefinitionTemplateName":"Latitude_Longitude","numberPoints":615,"shape":6,"shapeName":"Earth spherical with radius of 6,371,229.0 m","gridUnits":"degrees","resolution":48,"winds":"true","scanMode":64,"nx":41,"ny":15,"basicAngle":0,"lo1":47.0,"la1":41.0,"lo2":87.0,"la2":55.0,"dx":1.0,"dy":1.0}, "data":
[rows 0 to 14 of 15, columns 0 to 40 of 41]
-6.2935205,1.5064795,-3.1935205,-3.4235206,-1.2735205,1.5764794,2.2564795,1.2764795,1.0964795,-0.34352052,-1.3035206,-1.6135205,-1.7635205,-1.6035205,-2.0635204,-2.3935206,-1.6335205,-1.6735206,-1.2435205,-1.8235205,-1.6735206,-3.0735204,-2.7435205,0.6564795,3.8064795,0.5064795,0.40647948,1.5364795,-3.9135206,-2.1535206,0.5764795,-0.7435205,-0.47352052,2.8664794,1.9564795,3.1564796,3.1564796,3.5864794,-0.9735205,3.4464796,-2.0735204
1.2564795,-4.4935207,-12.283521,4.3264794,3.7564795,1.8764795,3.4064796,1.5264795,0.9064795,0.30647948,0.3464795,-0.7835205,-0.8135205,-1.4035205,-1.8135206,-1.0735205,-1.7035205,-0.7835205,-1.7635205,-3.6435206,-3.6035204,-4.5235205,-4.7335205,0.06647949,2.2564795,2.8764794,1.6364795,1.1664795,1.3464795,1.1364795,1.1464795,1.3564795,1.6464795,-0.6935205,-1.3335205,4.5164795,2.4564795,3.3464794,2.1764796,-0.09352051,0.1364795
-4.5735207,-9.073521,-5.4935207,1.4264795,2.0564795,2.2164795,2.6564796,2.6964796,1.6564795,0.1964795,-1.0835205,-1.2235205,-0.9135205,-0.47352052,-1.4935205,-0.9335205,-0.5235205,-0.8635205,-2.9235206,-4.8535204,-3.0835204,-3.1935205,-0.89352053,-1.9735205,-2.7535205,-2.4135206,-3.1835206,-4.2335205,-1.4735205,-1.2735205,-1.2135205,-1.9035205,-2.7535205,-1.3035206,-2.7335205,-1.8735205,-0.9935205,0.8964795,-1.4635205,3.3164794,3.0964794
-4.5635204,-3.8035204,2.7764795,3.1264794,3.6364794,3.4664795,3.5164795,1.5664794,0.9764795,0.2664795,-0.07352051,-2.0635204,-3.2935205,-5.0335207,0.79647946,-1.5035205,-3.2635205,-4.0235205,-3.9735205,-5.1435204,-6.7835207,-4.3035207,-1.2435205,-3.5935204,-3.7035205,-3.7135205,-3.7835205,-2.7435205,-2.5635204,-3.6935205,-3.0235205,-2.0035205,2.6864796,1.2864795,1.1164795,1.4364794,2.7764795,2.2364795,-1.4935205,-1.6835206,-2.9435205
-5.2035203,-9.113521,2.7364795,2.0064795,3.8564794,4.3264794,2.6664796,0.79647946,0.27647948,-0.11352051,0.5064795,0.03647949,-1.6835206,-4.3335204,-6.0735207,-1.6935205,-3.0435205,-3.1135206,-2.8235204,-2.9235206,-3.6735206,-3.6935205,-3.7335205,-3.6735206,-3.9235206,-3.8435204,-3.6235206,-3.3835206,-3.3735206,-2.4935205,0.23647949,0.22647949,1.6364795,1.7364795,-0.013520508,-1.6735206,-2.8935206,0.8264795,-0.7335205,-3.4535205,-3.1435206
-1.3635205,-3.3635206,0.7864795,0.8964795,2.4664795,0.46647948,4.6264796,2.8864794,0.5164795,0.60647947,1.0964795,2.2764795,2.2864795,-0.4935205,-5.1835203,-2.2035205,-0.9235205,-1.0235205,-1.8335205,-1.9935205,-2.1035204,-3.3335204,-4.0635204,-4.4235206,-4.6735206,-4.9235206,-4.3735204,-1.6135205,-0.4335205,-1.4635205,-1.5035205,0.8464795,-1.1035205,-0.15352051,0.3664795,3.2664795,1.8864795,-1.1635205,-5.3835206,-1.3935205,-3.7635205
0.3564795,1.6864794,-3.5635204,-2.4835205,1.7864795,3.2664795,4.5664797,3.7364795,2.2664795,0.7864795,0.7164795,1.0764794,0.8064795,1.5964795,-0.09352051,-1.5135205,-2.0535204,-1.5935205,-0.2735205,-0.8635205,-2.4435205,-3.4235206,-4.5735207,-5.3535204,-5.5135207,-5.5735207,-6.0535207,-3.0235205,-2.2835205,2.2864795,2.1164794,1.6864794,1.0064795,1.5264795,1.5564795,-0.3335205,1.6264795,2.5564795,0.3964795,-1.6335205,1.3364795
1.9364794,3.8264794,3.2364795,-1.1135205,-2.8035204,-3.8935206,4.1464796,5.4864793,3.8164794,1.8564795,1.4464794,2.1364794,1.3564795,1.0964795,0.60647947,-0.4035205,-1.5435205,-1.9235206,-3.1335206,-2.7035205,-2.9335206,-3.6335206,-4.3635206,-5.2135205,-5.0635204,-4.0435205,-4.8335204,-4.8935204,-2.2535205,0.08647949,0.2464795,0.09647949,2.5664794,4.4464793,2.2964795,-0.34352052,-1.5135205,-3.4835205,2.0264795,0.5364795,1.4764795
-1.2935205,1.1464795,1.2264795,7.6764793,2.2864795,-1.0335205,6.6464796,5.0464797,4.8564796,3.4264796,2.7164795,2.8664794,2.2964795,2.0964794,1.4064795,1.2364795,-0.5435205,-1.8335205,-2.3735206,-2.8335204,-2.3835206,-2.9535205,-4.1735206,-4.3935204,-4.0435205,-5.3835206,-4.3135204,-4.7835207,-4.9535203,-4.3435206,-4.5235205,-4.0135207,0.7864795,-1.9935205,3.3464794,1.2664795,0.49647948,-1.5035205,1.2064795,-0.0035205078,-1.2035205
0.8064795,0.6364795,1.5264795,0.08647949,3.0964794,4.6264796,5.9364796,6.7864795,6.3564796,4.6264796,3.5564795,3.4564795,3.3464794,2.9764795,2.8164794,1.7164795,0.49647948,-0.28352052,-0.7635205,-1.2835205,-1.7535205,-2.1135206,-2.5335205,-3.2835205,-3.1235206,-2.4735205,-3.1635206,-3.9435205,-4.1335206,-3.8835206,-3.6635206,-3.3635206,-1.4435205,-3.4235206,-2.2635205,2.3864794,-0.03352051,-0.5435205,-0.3235205,2.4264796,2.1364794
-0.5635205,0.5164795,1.3964795,0.8964795,2.8264794,3.8064795,4.9864793,7.0864797,6.6064796,5.2564793,3.8264794,3.8864794,3.4064796,3.3964796,3.0764794,3.6464796,2.6564796,1.3964795,0.5964795,-0.3235205,-1.0435205,-1.7835205,-2.1035204,-2.5435205,-2.5435205,-2.6935205,-2.0235205,-3.1835206,-3.2835205,-3.6435206,-3.8235204,-3.4235206,-2.1635206,-2.7735205,-3.7035205,-2.9835205,-1.6635205,-0.8235205,-1.2635205,0.06647949,-0.6635205
-1.3035206,-0.8235205,-0.3835205,1.3764795,0.1364795,3.2764795,4.9364796,5.2964797,5.7864795,4.8364797,4.3264794,3.8664794,3.7564795,3.0364795,2.7164795,2.8264794,2.8864794,2.4464796,2.2064795,1.6464795,0.7564795,0.106479496,0.08647949,-0.7235205,-1.3335205,-1.6535205,-1.6735206,-2.4635205,-2.5935204,-2.6935205,-2.8835206,-3.6035204,-2.7135205,-3.1435206,-2.1335206,-3.2135205,-2.0735204,-1.3635205,-0.4235205,-0.83352053,-0.3735205
-3.6435206,-3.5435205,-2.6635206,-0.64352053,0.20647949,1.3764795,3.4864795,7.2064795,6.3364797,6.1464796,3.3164794,3.1764796,4.3964796,3.2864795,1.4364794,2.4664795,2.9064796,2.7464795,2.7464795,0.6964795,1.9764795,1.3764795,0.14647949,0.046479493,0.9964795,-0.28352052,-1.0235205,-0.7535205,-2.1235206,-2.2235205,-2.4335206,-2.4835205,-1.8935205,-2.0135205,-1.5635206,-1.8635205,-2.4735205,-1.3435205,-1.7335205,-1.6135205,-1.8235205
-2.5735204,-3.1035204,-2.9235206,-3.5735204,-0.8435205,1.5264795,1.0264795,5.1864796,5.6364794,4.0964794,2.5564795,2.5464795,3.1464796,3.1564796,3.4064796,4.6164794,4.0264797,3.9664795,3.3564794,2.9664795,2.5464795,1.9864795,1.5464795,1.9064795,1.8764795,2.0164795,1.9064795,1.3464795,0.7364795,0.08647949,-0.5035205,-0.9035205,-1.5135205,-1.5535206,-2.1635206,-1.3435205,-1.0335205,-1.6735206,-1.1935205,-1.0135205,-1.8635205
-1.9235206,-2.7235205,1.8364795,-2.2135205,-2.7135205,-0.2635205,3.1464796,2.6964796,5.5664797,5.2364793,3.3964796,3.8864794,1.1564795,0.9564795,3.0864794,3.5964794,4.0264797,4.0364795,4.2464795,3.6664796,3.0164795,2.7864795,2.2464795,2.2964795,2.6564796,2.0264795,2.1764796,2.5164795,1.9664795,1.8364795,2.5164795,1.2864795,-0.3235205,0.40647948,0.11647949,-0.18352051,1.4264795,-0.4835205,0.3864795,0.6164795,-0.8035205
