wind_kz.json
{"header": {"discipline":0,"disciplineName":"Meteorological products","gribEdition":2,"gribLength":871,"center":7,"centerName":"US National Weather Service - NCEP(WMC)","subcenter":0,"refTime":"2025-04-05T00:00:00.000Z","significanceOfRT":1,"significanceOfRTName":"Start of forecast","productStatus":0,"productStatusName":"Operational products","productType":1,"productTypeName":"Forecast products","productDefinitionTemplate":0,"productDefinitionTemplateName":"Analysis/forecast at horizontal level/layer at a point in time","parameterCategory":0,"parameterCategoryName":"UnknownDiscipline_0_Category_0","parameterNumber":0,"parameterNumberName":"UnknownParameter_D0_C0_0","parameterUnit":"Unknown","genProcessType":2,"genProcessTypeName":"Forecast","forecastTime":240,"surface1Type":1,"surface1TypeName":"Ground or water surface","surface1Value":0.0,"surface2Type":255,"surface2TypeName":"Missing","surface2Value":0.0,"gridDefinitionTemplate":0,"gridDefinitionTemplateName":"Latitude_Longitude","numberPoints":615,"shape":6,"shapeName":"Earth spherical with radius of 6,371,229.0 m","gridUnits":"degrees","resolution":48,"winds":"true","scanMode":64,"nx":41,"ny":15,"basicAngle":0,"lo1":47.0,"la1":41.0,"lo2":87.0,"la2":55.0,"dx":1.0,"dy":1.0}, "data":
[rows 0 to 14 of 15, columns 0 to 40 of 41]
281.73935,277.43936,279.33936,282.83936,283.43936,283.93936,285.63934,290.83936,293.93936,295.93936,294.03937,295.23935,295.03937,296.93936,297.43936,296.73935,296.53937,296.03937,297.73935,294.43936,296.23935,296.13934,293.93936,290.33936,291.13934,293.13934,288.93936,276.33936,273.53937,269.73935,271.23935,266.93936,280.43936,285.23935,286.33936,287.33936,287.93936,288.43936,288.23935,288.53937,286.83936
264.73935,278.63934,282.33936,282.43936,282.83936,283.23935,288.13934,290.43936,292.23935,294.33936,293.23935,293.53937,293.93936,294.33936,295.33936,296.13934,296.43936,297.13934,296.23935,295.53937,295.73935,294.33936,294.73935,286.43936,270.83936,274.13934,283.63934,276.23935,278.83936,272.13934,276.83936,264.63934,273.53937,256.33936,262.83936,283.03937,282.43936,284.43936,286.33936,283.13934,280.93936
281.83936,281.23935,282.03937,282.43936,282.33936,283.83936,286.13934,289.03937,289.83936,290.43936,292.63934,292.53937,293.13934,292.83936,293.53937,293.93936,293.93936,293.83936,293.43936,293.93936,295.13934,293.43936,292.63934,287.13934,286.83936,288.83936,288.03937,289.03937,289.23935,282.73935,273.23935,276.33936,283.53937,281.03937,282.13934,283.53937,272.93936,272.33936,272.83936,271.53937,269.93936
280.93936,281.93936,280.93936,281.93936,282.73935,286.33936,288.13934,288.63934,289.83936,289.63934,288.33936,288.03937,285.93936,286.63934,292.13934,291.93936,291.43936,291.83936,292.83936,292.83936,292.13934,287.33936,289.23935,289.23935,289.53937,288.83936,289.33936,287.43936,285.03937,285.43936,285.53937,288.93936,290.73935,291.73935,289.73935,284.53937,276.33936,267.73935,278.83936,285.93936,288.13934
281.33936,282.63934,282.13934,282.83936,283.43936,287.53937,288.03937,286.43936,286.83936,286.23935,285.93936,285.93936,284.83936,284.43936,281.83936,290.23935,289.73935,288.73935,289.23935,288.83936,289.93936,288.93936,287.73935,287.53937,286.63934,285.83936,283.93936,281.43936,286.03937,284.53937,285.13934,284.03937,280.13934,269.23935,281.43936,289.53937,287.13934,291.73935,290.33936,289.23935,289.33936
286.43936,286.43936,283.13934,282.43936,281.43936,281.23935,285.23935,286.03937,284.93936,284.83936,286.03937,286.23935,283.03937,283.33936,281.53937,289.13934,289.23935,288.43936,287.73935,287.33936,286.43936,285.83936,285.03937,283.73935,283.13934,281.33936,280.63934,273.13934,282.73935,283.23935,281.73935,282.13934,281.53937,282.03937,284.63934,284.43936,281.53937,282.53937,288.63934,289.93936,287.93936
285.33936,286.93936,287.33936,287.13934,284.63934,285.43936,284.83936,284.43936,284.93936,285.73935,285.83936,286.13934,287.13934,286.33936,286.43936,288.13934,287.93936,287.23935,286.63934,285.53937,284.33936,284.23935,283.53937,282.73935,280.73935,280.03937,278.63934,279.63934,279.23935,279.03937,278.23935,278.63934,279.23935,279.93936,284.93936,284.23935,281.73935,280.03937,278.03937,277.03937,284.23935
284.73935,284.93936,285.43936,285.33936,285.33936,285.23935,284.13934,283.93936,284.13934,284.73935,285.33936,285.73935,286.23935,286.53937,287.13934,286.93936,287.03937,286.43936,285.03937,283.03937,281.03937,281.23935,281.23935,280.53937,279.13934,277.33936,276.13934,275.73935,273.63934,274.63934,274.13934,274.63934,274.63934,272.93936,273.73935,276.13934,278.33936,272.93936,282.33936,283.93936,283.73935
284.03937,284.23935,285.43936,287.03937,286.63934,284.83936,283.73935,285.13934,286.03937,285.43936,285.63934,285.43936,284.83936,285.93936,286.23935,284.93936,284.33936,283.93936,283.23935,282.33936,279.73935,278.23935,278.43936,278.23935,276.43936,275.13934,273.23935,273.33936,271.83936,271.03937,271.03937,271.73935,273.13934,273.83936,274.23935,273.13934,276.83936,277.83936,268.63934,276.13934,269.33936
285.13934,285.83936,286.23935,286.63934,286.43936,285.83936,286.23935,286.33936,285.43936,286.33936,284.83936,284.03937,283.83936,283.63934,283.63934,282.53937,282.83936,283.03937,281.73935,280.73935,278.53937,277.53937,277.23935,276.33936,275.93936,275.03937,274.53937,273.93936,273.03937,272.63934,272.33936,273.73935,275.43936,275.53937,275.43936,274.83936,274.83936,277.93936,273.53937,275.83936,274.43936
285.23935,283.73935,284.53937,284.73935,284.73935,283.93936,283.43936,284.03937,284.43936,283.63934,282.93936,282.33936,283.03937,280.93936,280.93936,281.03937,280.63934,280.33936,280.73935,278.73935,278.33936,277.03937,276.23935,276.03937,275.53937,275.13934,273.63934,274.43936,274.33936,274.63934,274.93936,275.53937,275.23935,276.13934,276.63934,276.13934,272.33936,272.13934,276.23935,272.63934,272.33936
282.33936,282.53937,282.73935,283.13934,283.03937,282.63934,282.23935,281.93936,281.83936,282.03937,280.43936,279.03937,280.53937,279.43936,279.73935,279.83936,279.23935,278.83936,278.93936,277.43936,276.43936,275.63934,275.53937,275.33936,274.53937,275.03937,274.83936,275.33936,275.33936,275.83936,275.43936,274.93936,275.23935,274.93936,275.83936,276.33936,276.53937,275.93936,274.53937,275.13934,273.93936
279.53937,280.03937,281.23935,281.83936,281.73935,282.43936,281.23935,280.23935,279.53937,279.83936,277.43936,276.53937,278.33936,277.53937,277.93936,278.03937,277.93936,277.93936,278.03937,276.93936,276.83936,275.63934,274.53937,274.73935,274.73935,275.13934,275.23935,275.23935,275.23935,275.13934,275.03937,274.73935,274.83936,275.33936,275.03937,275.03937,275.03937,276.63934,275.23935,274.93936,275.33936
278.93936,279.03937,276.63934,280.53937,279.73935,279.23935,278.73935,278.43936,278.23935,278.53937,276.73935,274.93936,275.83936,276.93936,277.83936,278.23935,278.03937,277.93936,277.63934,276.73935,276.43936,276.53937,276.13934,275.93936,275.83936,275.93936,275.03937,274.63934,274.33936,274.23935,274.23935,274.13934,274.23935,273.63934,273.73935,273.33936,273.63934,273.63934,273.93936,272.73935,274.73935
278.83936,279.23935,273.13934,279.43936,279.13934,278.63934,277.93936,277.63934,277.53937,277.33936,276.43936,274.43936,274.23935,275.03937,276.13934,277.13934,277.33936,276.73935,276.93936,276.33936,276.23935,275.93936,276.13934,275.63934,275.63934,275.13934,275.23935,275.03937,274.53937,273.73935,273.43936,272.23935,273.83936,273.63934,273.53937,273.33936,273.73935,273.03937,273.43936,273.53937,273.33936
