wind_kz.json
{"header": {"discipline":0,"disciplineName":"Meteorological products","gribEdition":2,"gribLength":871,"center":7,"centerName":"US National Weather Service - NCEP(WMC)","subcenter":0,"refTime":"2023-08-22T06:00:00.000Z","significanceOfRT":1,"significanceOfRTName":"Start of forecast","productStatus":0,"productStatusName":"Operational products","productType":1,"productTypeName":"Forecast products","productDefinitionTemplate":0,"productDefinitionTemplateName":"Analysis/forecast at horizontal level/layer at a point in time","parameterCategory":0,"parameterCategoryName":"UnknownDiscipline_0_Category_0","parameterNumber":0,"parameterNumberName":"UnknownParameter_D0_C0_0","parameterUnit":"Unknown","genProcessType":2,"genProcessTypeName":"Forecast","forecastTime":180,"surface1Type":1,"surface1TypeName":"Ground or water surface","surface1Value":0.0,"surface2Type":255,"surface2TypeName":"Missing","surface2Value":0.0,"gridDefinitionTemplate":0,"gridDefinitionTemplateName":"Latitude_Longitude","numberPoints":615,"shape":6,"shapeName":"Earth spherical with radius of 6,371,229.0 m","gridUnits":"degrees","resolution":48,"winds":"true","scanMode":64,"nx":41,"ny":15,"basicAngle":0,"lo1":47.0,"la1":41.0,"lo2":87.0,"la2":55.0,"dx":1.0,"dy":1.0}, "data":
[rows 0 to 14 of 15, columns 0 to 40 of 41]
298.27524,288.47525,294.47525,299.17523,298.77524,298.17523,300.57526,305.07526,303.17523,303.17523,301.47525,303.27524,302.97525,302.87524,302.87524,299.57526,299.37524,299.47525,297.97525,298.87524,298.87524,295.37524,294.77524,290.47525,295.07526,294.67523,291.57526,278.37524,278.47525,278.87524,279.77524,277.87524,290.87524,298.17523,299.57526,298.77524,299.57526,298.17523,298.67523,300.07526,299.27524
277.67523,291.67523,298.87524,298.87524,299.07526,297.87524,301.37524,301.37524,301.27524,300.87524,301.67523,300.27524,298.87524,297.87524,295.97525,296.17523,296.37524,296.37524,295.57526,295.27524,294.67523,295.87524,294.37524,286.47525,277.57526,276.77524,286.27524,278.27524,278.87524,274.47525,280.97525,274.07526,283.07526,258.57526,279.97525,296.07526,294.87524,297.67523,301.27524,292.37524,284.07526
292.97525,298.67523,299.07526,298.97525,297.77524,299.57526,299.67523,300.87524,299.17523,299.27524,299.77524,299.97525,294.77524,296.67523,296.47525,293.97525,293.67523,292.07526,292.07526,292.57526,295.47525,292.67523,293.27524,288.87524,291.97525,290.47525,292.67523,292.57526,290.37524,283.17523,275.27524,278.07526,283.27524,282.37524,284.17523,285.37524,279.07526,280.67523,283.97525,278.47525,277.97525
292.97525,299.77524,299.17523,298.07526,295.77524,295.77524,297.97525,297.27524,297.77524,297.47525,296.87524,295.27524,295.47525,294.77524,294.17523,292.37524,295.27524,292.17523,291.27524,290.97525,291.17523,287.17523,295.07526,294.27524,289.77524,295.67523,296.67523,292.97525,293.87524,294.97525,295.37524,292.27524,296.77524,293.37524,291.17523,290.47525,278.07526,279.07526,283.17523,291.37524,295.57526
295.77524,299.27524,299.37524,298.77524,297.07526,294.27524,295.47525,295.07526,295.07526,295.37524,294.37524,295.87524,295.47525,294.17523,291.67523,295.97525,296.47525,295.47525,292.97525,294.87524,295.57526,295.07526,291.97525,292.97525,291.57526,292.77524,290.97525,293.87524,294.27524,294.97525,299.27524,291.97525,282.77524,273.97525,283.97525,293.87524,296.27524,300.27524,300.07526,299.97525,299.87524
292.17523,289.07526,297.37524,298.17523,298.47525,297.97525,292.97525,293.87524,292.37524,292.57526,292.57526,292.77524,294.27524,294.77524,292.37524,289.77524,292.47525,292.57526,290.87524,293.67523,293.27524,293.87524,293.57526,293.17523,291.27524,290.77524,292.57526,293.07526,294.87524,296.37524,295.97525,296.77524,294.47525,292.37524,291.17523,293.77524,287.07526,290.17523,296.57526,298.37524,296.07526
290.97525,289.37524,292.37524,293.27524,293.27524,290.87524,292.07526,291.47525,292.07526,292.37524,291.17523,290.87524,290.67523,291.17523,290.77524,291.67523,290.87524,292.07526,289.97525,288.67523,286.07526,290.77524,290.87524,292.67523,291.17523,292.17523,290.67523,293.07526,291.67523,292.37524,292.87524,293.27524,293.37524,294.17523,293.87524,292.67523,288.47525,285.97525,282.07526,281.87524,293.97525
289.57526,288.87524,290.37524,289.97525,292.37524,291.37524,290.67523,289.57526,288.97525,289.47525,288.47525,288.57526,287.67523,289.37524,289.77524,290.07526,288.77524,289.17523,288.87524,285.87524,285.57526,285.97525,286.67523,286.37524,286.97525,286.67523,287.87524,288.67523,286.57526,291.27524,290.87524,290.57526,291.87524,287.47525,287.77524,290.47525,292.97525,289.37524,291.27524,293.07526,288.27524
287.87524,286.97525,287.87524,286.97525,289.77524,289.27524,287.97525,288.37524,287.37524,286.87524,286.27524,286.17523,285.47525,286.57526,286.37524,287.37524,287.17523,287.07526,285.87524,283.47525,280.97525,281.07526,281.37524,282.47525,283.27524,284.37524,283.07526,284.37524,284.57526,282.87524,287.37524,289.07526,290.67523,291.67523,288.37524,288.67523,286.77524,288.97525,277.47525,276.67523,274.77524
286.57526,288.37524,288.47525,287.57526,287.37524,287.77524,287.07526,286.57526,286.17523,285.47525,284.77524,283.47525,284.97525,284.57526,284.27524,284.97525,285.07526,284.77524,284.27524,283.87524,281.87524,281.67523,281.97525,281.77524,282.07526,281.57526,282.27524,283.57526,284.07526,284.87524,284.47525,290.87524,293.07526,293.07526,289.27524,288.07526,289.17523,281.27524,278.47525,280.67523,278.47525
285.77524,286.47525,285.97525,285.47525,285.47525,285.27524,285.87524,286.27524,282.47525,284.47525,283.77524,283.67523,285.17523,284.37524,285.07526,285.67523,285.67523,285.87524,284.97525,282.07526,281.77524,281.27524,280.47525,281.17523,281.17523,281.17523,279.87524,282.17523,285.17523,287.47525,288.37524,292.67523,293.17523,292.07526,289.97525,286.97525,282.67523,279.57526,280.87524,282.37524,280.77524
283.37524,284.87524,283.97525,283.87524,283.67523,284.47525,282.17523,280.67523,284.97525,283.17523,280.57526,280.37524,281.57526,281.57526,282.47525,281.77524,282.77524,283.37524,283.07526,281.87524,279.97525,280.97525,279.47525,279.77524,280.27524,281.87524,282.67523,284.87524,286.37524,287.97525,286.87524,289.87524,290.87524,288.37524,288.07526,287.67523,287.27524,286.27524,285.67523,283.97525,284.17523
282.77524,280.97525,282.87524,282.67523,282.17523,282.07526,285.47525,283.57526,282.27524,281.87524,279.07526,278.07526,280.47525,280.17523,281.27524,281.67523,282.07526,282.27524,282.87524,281.87524,281.17523,279.67523,279.47525,280.67523,281.27524,283.57526,285.37524,284.07526,285.87524,285.67523,288.77524,288.57526,287.67523,288.17523,287.37524,285.77524,285.17523,286.17523,285.77524,284.97525,284.57526
282.67523,282.17523,286.37524,281.67523,281.97525,283.77524,282.37524,281.17523,282.07526,281.07526,279.27524,277.97525,280.67523,281.17523,281.57526,281.87524,281.97525,281.87524,282.07526,282.37524,280.87524,281.27524,283.17523,282.77524,282.77524,283.67523,283.57526,284.57526,284.77524,285.57526,287.27524,287.17523,286.37524,283.77524,282.57526,282.17523,282.77524,282.87524,283.87524,283.87524,284.27524
281.77524,282.07526,290.47525,284.57526,283.47525,281.77524,281.07526,280.87524,281.67523,282.67523,283.07526,280.57526,280.47525,281.67523,282.07526,282.57526,282.47525,281.87524,282.17523,280.57526,282.87524,282.77524,282.97525,282.77524,283.27524,283.97525,283.47525,283.97525,285.47525,287.17523,285.77524,284.67523,283.87524,282.07526,281.67523,281.87524,281.67523,281.07526,282.47525,283.87524,284.57526
