wind.json
{"header": {"discipline":0,"disciplineName":"Meteorological products","gribEdition":2,"gribLength":1211,"center":7,"centerName":"US National Weather Service - NCEP(WMC)","subcenter":0,"refTime":"2023-07-01T12:00:00.000Z","significanceOfRT":1,"significanceOfRTName":"Start of forecast","productStatus":0,"productStatusName":"Operational products","productType":1,"productTypeName":"Forecast products","productDefinitionTemplate":0,"productDefinitionTemplateName":"Analysis/forecast at horizontal level/layer at a point in time","parameterCategory":2,"parameterCategoryName":"UnknownDiscipline_0_Category_2","parameterNumber":2,"parameterNumberName":"UnknownParameter_D0_C2_2","parameterUnit":"Unknown","genProcessType":2,"genProcessTypeName":"Forecast","forecastTime":240,"surface1Type":103,"surface1TypeName":"Specified height level above ground","surface1Value":10.0,"surface2Type":255,"surface2TypeName":"Missing","surface2Value":0.0,"gridDefinitionTemplate":0,"gridDefinitionTemplateName":"Latitude_Longitude","numberPoints":688,"shape":6,"shapeName":"Earth spherical with radius of 6,371,229.0 m","gridUnits":"degrees","resolution":48,"winds":"true","scanMode":64,"nx":43,"ny":16,"basicAngle":0,"lo1":45.0,"la1":40.0,"lo2":87.0,"la2":55.0,"dx":1.0,"dy":1.0}, "data":
[rows 0 to 15 of 16, columns 0 to 42 of 43]
1.5689392,-3.8010607,-5.021061,-6.811061,-10.33106,-2.6110609,1.3689392,2.6989393,4.2789392,4.798939,5.9889393,3.9489393,-1.1210608,-1.5410608,-1.1210608,-0.3610608,-0.02106079,0.60893923,0.91893923,-0.4010608,1.4589392,-0.7310608,-0.5410608,1.1189392,4.1789393,4.748939,2.8189392,-0.9410608,2.8989391,8.078939,3.3889391,4.9089394,0.07893921,1.4089392,-0.47106078,0.8189392,1.9189392,0.2989392,-2.1710608,3.6489391,-0.03106079,0.66893923,-1.6110607
-1.5210608,-1.4110608,-0.9210608,3.6489391,-1.3910608,2.8089392,3.1189392,4.648939,8.598939,5.6989393,7.128939,-1.2510608,0.2889392,-1.1610608,-0.7010608,-0.1910608,0.7689392,0.36893922,0.6589392,0.5689392,0.49893922,1.3289392,3.3989391,3.7889392,5.628939,6.0789394,5.4089394,5.4889393,6.4089394,7.248939,6.058939,5.838939,8.83894,2.8789392,-2.831061,-0.09106079,-1.6710608,0.06893921,4.0789394,1.1589392,1.3289392,0.3889392,1.7989392
-2.5110607,-0.20106079,1.0789392,0.5889392,-0.64106077,1.5089393,3.938939,6.708939,7.958939,3.688939,5.858939,0.9589392,0.8289392,1.2989392,1.8589392,-0.06106079,-0.20106079,0.4589392,0.8789392,0.038939208,0.08893921,-0.15106079,-2.0110607,1.7389392,3.6589391,4.7789392,3.7889392,-0.5310608,1.3689392,2.9589393,3.8089392,1.1389393,-0.14106078,0.118939206,1.4689392,-0.8210608,0.5889392,1.0489392,3.2189393,-2.2710607,-0.89106077,6.1989393,4.9289393
-0.04106079,-0.001060791,0.66893923,-3.6210608,-1.4210608,1.9989392,5.5089393,8.098939,3.5589392,2.3689392,5.048939,0.9589392,3.2589393,2.3489392,0.7089392,-0.20106079,0.4589392,0.5189392,0.4789392,-1.1710608,-1.7010608,0.20893921,0.9489392,-4.791061,-5.271061,-8.41106,-3.4410608,-4.3410606,-2.4610608,-2.5910609,1.5389392,-1.5510608,0.7589392,-2.1710608,0.4389392,0.60893923,-4.6110606,-0.3310608,1.4689392,-1.1510608,5.418939,7.588939,7.668939
2.5489392,0.91893923,1.0389392,-1.9610608,1.4089392,2.7789392,2.4689393,3.8189392,5.418939,7.9689393,6.7389393,6.378939,5.5989394,3.2789392,-5.9010606,-3.3610609,4.5089393,0.30893922,-0.1610608,-1.6710608,-3.6310608,-6.3010607,-7.1310606,-8.171061,-5.811061,-6.981061,-6.271061,-6.441061,-6.521061,-7.081061,-6.211061,-3.4510608,0.2589392,2.0389392,6.6389394,4.978939,5.4889393,4.0289392,0.7989392,1.1189392,-1.4010608,-1.0510608,1.0189393
1.2789392,2.8689392,4.398939,1.1189392,5.628939,4.518939,3.8889391,5.168939,6.298939,9.148939,10.138939,10.478939,2.3989391,6.108939,-3.6510608,-1.0510608,3.8789392,3.3689392,-0.8610608,-1.5710608,-2.581061,-4.291061,-5.911061,-6.451061,-6.1310606,-6.481061,-7.2210608,-7.641061,-7.391061,-2.6810608,-6.201061,-5.251061,-4.541061,-2.8610609,-1.7110608,1.3989393,-2.3810608,-1.1610608,1.2989392,0.5889392,0.9489392,0.008939209,3.2889392
1.5489392,2.7589393,3.0689392,3.3789392,0.9889392,3.7989392,4.338939,7.018939,9.818939,10.568939,10.368939,10.488939,12.12894,5.458939,-0.6510608,-1.9310608,6.168939,0.21893921,-0.2610608,-1.4510608,-1.9910607,-1.6210608,-3.811061,-4.291061,-4.891061,-4.541061,-5.1110606,-6.6310606,-6.141061,-2.8810608,-5.891061,-5.9710608,-5.731061,-4.9910607,-3.9210608,-1.6910608,-1.5510608,2.438939,0.8989392,3.7989392,3.928939,-3.9510608,-1.5510608
2.7189393,2.4589393,2.0689392,3.5789392,2.9089391,2.5289392,4.748939,5.798939,6.048939,9.228939,10.148939,12.148939,13.528939,7.538939,-0.32106078,1.0389392,4.048939,1.7489392,-0.17106079,-1.1710608,-1.6210608,-1.0010608,-1.8010608,-2.2410607,-3.4810607,-3.4210608,-3.8410609,-3.9310608,-4.2810607,-3.7210608,-3.831061,-4.681061,-4.951061,-3.9410608,-6.6310606,-2.9010608,-0.2210608,-0.38106078,-0.7010608,-0.001060791,3.3189392,0.7789392,5.4089394
3.2689393,3.7589393,3.4689393,3.7889392,4.6989393,3.4989393,1.8289392,3.0489392,5.318939,6.728939,10.66894,11.348939,13.868939,13.718939,6.478939,1.7189392,3.7189393,1.6389393,1.9289392,-0.9110608,-0.001060791,1.0789392,-0.4910608,-0.6210608,-3.7010608,-0.18106079,-2.1110609,-2.3810608,-1.8110608,-4.041061,-3.1310608,-3.0510607,-4.8810606,-4.5910606,-3.7810607,-3.3910608,-2.2810607,0.3289392,-1.0910608,5.2389393,6.1789393,8.238939,6.7189393
1.2089392,3.8989391,4.538939,5.438939,1.9589392,1.7689393,3.2789392,1.0789392,3.7889392,5.8489394,7.228939,9.62894,14.578939,8.518939,3.938939,1.6389393,0.7989392,1.6289392,3.7289393,-2.1810608,2.8289392,2.5589392,2.6389391,1.1889392,-0.6610608,-0.7310608,-2.7110608,-1.7710608,-0.051060792,-3.5310607,-3.0010607,-0.9810608,-4.6310606,-3.2410607,-1.8610607,-4.311061,-0.41106078,-0.4910608,-0.83106077,0.12893921,-0.17106079,0.6789392,0.97893924
2.0889392,2.418939,5.108939,1.0089393,4.7589393,5.1789393,5.058939,2.7589393,2.3389392,5.1589394,5.518939,6.108939,1.9289392,10.948939,4.3889394,0.2989392,0.36893922,5.228939,1.6289392,3.3489392,2.1089392,4.958939,2.418939,1.5789392,-0.9010608,-1.3710608,-0.5610608,-0.6810608,2.0589392,-1.2610608,-3.7510607,-1.5810608,-0.9310608,0.09893921,0.24893922,-3.4810607,-0.41106078,-1.2510608,0.9989392,0.5589392,0.3789392,-0.8510608,0.2289392
2.0489392,2.7189393,3.5889392,1.3189392,2.4889393,1.1289392,1.4989392,1.9289392,0.6889392,3.6189392,4.7389393,3.6589391,9.138939,10.738939,-0.3010608,-2.321061,-1.9310608,-1.7910608,6.1589394,3.2889392,1.6789392,7.1789393,0.9889392,0.09893921,-0.4610608,0.1389392,1.0389392,-1.9410608,0.6889392,1.3389392,-0.6710608,-2.0010607,1.4289392,0.10893921,1.0189393,-0.2710608,-3.1210608,-2.3510609,-0.4310608,-0.08106079,-0.011060791,-0.3610608,0.2289392
1.6689392,2.0089393,2.8789392,1.5489392,3.9989393,1.8389392,7.1789393,1.9489392,-0.9010608,1.7289392,2.8989391,2.8389392,4.8689394,-1.4510608,-2.6710608,-4.461061,-3.0410607,-2.2210608,-1.7410607,4.0989394,3.9089391,2.178939,-0.1310608,-0.2410608,0.6289392,0.46893921,0.6889392,1.5589392,2.2389393,-0.06106079,-0.5510608,0.8389392,0.36893922,-2.6310608,-2.5410607,0.5489392,-1.2810608,-2.2210608,-2.8010607,0.9889392,0.9989392,0.4589392,0.5089392
1.4589392,2.5889392,1.3589392,1.6689392,1.3989393,2.688939,0.7789392,2.6189392,-0.32106078,0.33893922,-0.04106079,-0.3010608,0.5189392,-2.1810608,-3.0910609,-6.561061,-5.251061,-4.4710608,-1.4710608,2.7089393,0.4489392,0.1989392,0.04893921,0.53893924,0.8389392,1.5189393,2.8989391,1.8489392,0.6289392,0.6789392,0.85893923,-1.3010608,2.0389392,-2.8810608,-1.4010608,1.8089392,-1.4710608,-1.7610608,-1.5110608,1.2389392,-0.58106077,1.4089392,1.7389392
1.0089393,1.2689393,3.2689393,2.1189392,3.5889392,1.9589392,0.3789392,-0.8110608,-0.71106076,0.33893922,-0.03106079,-0.8710608,-0.6810608,0.008939209,-1.1110607,-3.0110607,-1.7110608,0.3189392,1.9989392,0.85893923,-1.2810608,-0.5010608,1.3089392,1.1289392,2.9689393,1.8989393,2.8389392,2.2489393,0.9089392,1.0689392,1.9689392,1.6389393,2.3889391,1.7689393,-1.3610607,-1.5510608,-1.1010607,-2.321061,1.6189392,0.9089392,-0.4510608,-0.4510608,-0.1310608
2.7789392,2.668939,1.0489392,2.0489392,1.8789392,2.8589392,2.7089393,1.1489393,0.018939208,0.30893922,0.21893921,0.7089392,0.6889392,-0.051060792,-0.3710608,0.8489392,0.60893923,0.2589392,2.7089393,-0.6210608,3.3189392,1.0089393,0.9889392,2.0289392,4.298939,3.6489391,2.6089392,2.938939,2.4689393,2.1989393,2.6389391,3.1589391,-2.5510607,2.0089393,2.4089391,-0.44106078,-1.3010608,-0.38106078,-1.9710608,2.0689392,0.2989392,1.5389392,-1.4510608
