wind_kz.json
{"header": {"discipline":0,"disciplineName":"Meteorological products","gribEdition":2,"gribLength":1025,"center":7,"centerName":"US National Weather Service - NCEP(WMC)","subcenter":0,"refTime":"2023-09-09T06:00:00.000Z","significanceOfRT":1,"significanceOfRTName":"Start of forecast","productStatus":0,"productStatusName":"Operational products","productType":1,"productTypeName":"Forecast products","productDefinitionTemplate":0,"productDefinitionTemplateName":"Analysis/forecast at horizontal level/layer at a point in time","parameterCategory":2,"parameterCategoryName":"UnknownDiscipline_0_Category_2","parameterNumber":3,"parameterNumberName":"UnknownParameter_D0_C2_3","parameterUnit":"Unknown","genProcessType":2,"genProcessTypeName":"Forecast","forecastTime":240,"surface1Type":103,"surface1TypeName":"Specified height level above ground","surface1Value":10.0,"surface2Type":255,"surface2TypeName":"Missing","surface2Value":0.0,"gridDefinitionTemplate":0,"gridDefinitionTemplateName":"Latitude_Longitude","numberPoints":615,"shape":6,"shapeName":"Earth spherical with radius of 6,371,229.0 m","gridUnits":"degrees","resolution":48,"winds":"true","scanMode":64,"nx":41,"ny":15,"basicAngle":0,"lo1":47.0,"la1":41.0,"lo2":87.0,"la2":55.0,"dx":1.0,"dy":1.0}, "data":
[rows 0 to 14 of 15, columns 0 to 40 of 41]
1.7315259,2.0315259,-2.7084742,-7.518474,0.78152585,0.9315259,2.5015259,2.241526,0.9315259,0.22152588,-0.8984741,-0.35847414,-0.8384741,-1.7084742,-2.548474,-3.8784742,-4.578474,-4.5884743,-5.248474,-3.308474,-2.4284742,-3.4384742,-1.0584741,2.0615258,2.971526,1.8815259,3.171526,1.8115258,-4.538474,-5.5084743,-5.098474,0.25152588,-0.90847415,2.6115258,-1.7384741,-3.358474,-2.518474,-0.34847412,-0.4484741,-4.678474,-1.0584741
2.6215258,-2.528474,-6.988474,-4.1084743,4.341526,3.7715259,1.9815259,2.5415258,1.2615259,0.28152588,0.21152587,-1.5184741,-1.4784741,-1.3784741,-2.558474,-3.268474,-2.068474,-3.6684742,-4.458474,-3.9984741,-4.648474,-4.6084743,-3.7284741,0.29152587,2.3715258,3.0815258,3.2515259,-0.04847412,-0.6884741,-0.73847413,-2.578474,-3.4984741,-2.9784741,-3.9184742,-0.65847415,2.0315259,-3.268474,-7.288474,-2.2184741,-2.6884742,0.15152588
-2.108474,-5.948474,-3.818474,5.531526,4.861526,4.691526,3.901526,2.881526,2.7515259,0.9715259,-0.53847414,-0.5584741,-1.4084741,-1.2484741,-2.2184741,-2.848474,-2.9184742,-4.038474,-4.978474,-5.718474,0.22152588,-3.058474,-6.268474,-2.4584742,-2.1484742,-2.4684741,-2.088474,-2.4384742,-1.4384742,-3.258474,-3.2384741,-1.2484741,-1.5784742,0.58152586,2.931526,1.1015259,-0.49847412,-1.4984741,-2.9884741,0.47152588,-1.5884742
-2.578474,-3.3884742,7.801526,6.651526,4.151526,3.7615259,3.161526,2.2715259,2.2515259,1.2915258,0.5515259,-0.66847414,-1.7384741,-2.3784742,-1.2784741,-1.4384742,-2.608474,-4.3384743,-5.168474,-5.708474,-2.358474,-3.1584742,-0.79847413,-2.2084742,-2.578474,-1.8384742,-2.1584742,-2.1684742,-1.8684741,-3.4684741,-4.978474,-4.018474,0.041525878,-0.79847413,2.2615259,1.9615259,3.0315259,2.731526,-3.9384742,-3.6684742,-2.548474
-4.138474,-1.0484741,2.961526,2.1115258,3.0015259,2.161526,2.5115259,2.961526,2.711526,1.7815259,1.0515258,-0.3184741,-1.7284741,-2.8984742,-1.9284741,-1.2784741,-2.4284742,-3.3784742,-4.368474,-4.138474,-1.8484741,-0.37847412,-0.45847413,-0.7084741,-0.16847412,-0.43847412,-2.548474,-2.808474,-2.858474,-3.768474,-4.158474,-4.308474,-1.3084741,-1.6984742,0.31152588,4.2015257,-1.3184742,0.42152587,-6.228474,-5.8184743,-4.7984743
-3.558474,-2.4484742,1.2915258,4.051526,4.011526,3.471526,3.3415258,2.8715258,2.211526,1.7815259,0.8015259,0.21152587,-1.3884741,-2.7084742,-2.7284741,-0.9984741,-1.7284741,-2.9984741,-2.858474,-2.258474,-3.1284742,-2.788474,-1.5984741,1.2815259,0.9115259,0.34152588,0.15152588,-3.868474,-2.3884742,-3.348474,-3.4284742,-4.328474,-4.808474,-4.5084743,-1.6184741,-1.0684742,-2.548474,-5.388474,-3.2384741,2.6015258,2.421526
-2.618474,-1.5084741,0.6615259,2.8315258,3.981526,4.511526,3.641526,2.971526,2.201526,1.6215259,1.1315259,0.5615259,-0.46847412,-2.098474,-3.058474,-2.278474,-1.3084741,-1.6084741,-2.518474,-1.9084741,-2.7484741,-3.008474,-3.108474,-1.2384741,0.9715259,1.8615259,1.2215259,-0.16847412,-1.0384741,-2.8884742,-3.6384742,-4.238474,-5.448474,-6.0884743,-0.11847412,0.41152588,1.1715258,-1.0684742,-4.728474,2.3115258,-7.1084743
-0.79847413,-0.66847414,1.5815259,3.5015259,3.7715259,4.2415257,2.881526,2.8515258,2.201526,2.0915258,1.8515259,0.6615259,0.6015259,-0.6384741,-2.088474,-1.6484741,-1.6184741,-1.5084741,-1.6284741,-0.49847412,-1.2984741,-2.108474,-3.098474,-2.858474,-1.8084741,-0.36847413,0.011525879,0.20152588,-0.04847412,-2.018474,-2.6384742,-3.7384741,-5.138474,-6.3584743,-4.668474,-4.658474,-4.148474,-1.8384742,-0.5684741,-0.53847414,-0.45847413
-1.2484741,-0.33847412,0.03152588,-0.4184741,2.5615258,1.9815259,2.6015258,2.641526,2.6015258,2.2815259,1.7415259,1.3415259,0.21152587,-0.42847413,-0.98847413,-1.8384742,-1.2284741,-1.5684742,-0.9484741,-0.96847415,-0.5584741,-1.3984741,-2.068474,-1.6484741,-2.028474,-2.1984742,-0.7084741,-0.6484741,-2.068474,-2.4084742,-3.608474,-4.138474,-4.828474,-4.628474,-5.288474,-5.5884743,-4.498474,-4.648474,-3.548474,-2.618474,-1.0284741
-4.748474,-2.7284741,-1.1884742,0.4615259,0.90152586,1.3315259,1.7215259,1.6615258,2.5615258,2.5415258,1.6515259,1.3315259,0.39152586,0.08152588,-0.5284741,-0.85847414,-1.7184741,-0.48847413,-0.12847412,-0.13847412,-0.35847414,-0.9484741,-1.3384742,-1.6384741,-1.5984741,-1.5084741,-1.3284742,-1.2384741,-1.9084741,-2.268474,-2.7384741,-3.6584742,-4.368474,-3.778474,-3.8884742,-3.578474,-2.118474,1.0015259,1.4815259,-0.4784741,-0.9484741
-2.9084742,-2.348474,0.58152586,0.41152588,1.2515259,1.6615258,1.3715259,1.4515259,2.0915258,2.151526,1.9315258,0.6615259,0.7415259,0.011525879,-0.33847412,-1.8584741,-2.1484742,-0.3184741,0.8215259,0.15152588,-0.088474125,0.13152587,-0.54847413,-1.1184741,-1.1584741,-0.8084741,-1.5984741,-1.2684741,-1.8784741,-2.9084742,-3.288474,-2.318474,-1.8384742,-1.8484741,-1.4584742,-1.2984741,0.021525878,1.1515259,-1.3284742,0.9415259,0.7915259
1.9215258,0.03152588,0.58152586,0.96152586,1.2815259,-0.07847412,0.48152587,0.71152586,0.7515259,0.8615259,0.18152589,-0.29847413,1.9115258,2.0115259,0.44152588,-0.27847412,-1.4384742,-1.9384742,-0.8784741,0.5615259,0.9915259,0.5615259,0.25152588,0.03152588,0.17152588,0.23152588,0.28152588,-0.8984741,-1.9884741,-2.2384741,-1.7884741,-2.838474,-2.9484742,-3.6484742,-2.2184741,-2.528474,0.021525878,2.461526,3.431526,2.201526,0.5415259
-1.1884742,-0.72847414,0.5415259,0.76152587,1.4015259,-0.02847412,-0.06847412,1.2915258,0.8515259,-0.04847412,-0.66847414,-1.8384742,-0.8184741,0.90152586,1.1515259,0.39152586,-0.37847412,-1.0384741,-0.66847414,-0.6884741,1.1715258,1.6015259,1.2615259,0.08152588,-0.7784741,-1.8984741,-3.008474,-1.7584741,-0.34847412,-0.5284741,-1.5284741,-2.268474,-1.6284741,-0.34847412,-1.5384741,-1.4184741,-1.6384741,-0.22847413,1.0215259,2.2515259,2.731526
-0.6384741,0.041525878,2.151526,0.9915259,1.2815259,0.64152586,-0.30847412,1.3815259,0.6915259,1.6215259,0.48152587,-0.07847412,-0.54847413,-1.0084741,-0.49847412,-0.37847412,0.011525879,-1.0084741,-0.26847413,-0.10847412,-0.39847413,0.65152586,0.78152585,0.4915259,-0.2884741,-0.65847415,-1.4484742,-2.4584742,-1.8784741,-1.1984742,-2.7284741,-2.4584742,-2.528474,-1.6384741,-1.2984741,-1.4884741,-2.2384741,-0.9484741,-0.16847412,1.6015259,1.0115259
-1.0884742,-1.7584741,-1.6484741,0.51152587,-0.5184741,-1.3084741,-0.8984741,-0.23847412,-1.0884742,0.08152588,1.5115259,1.1715258,0.9715259,-1.3084741,-1.1084741,-1.9384742,-1.9584742,-1.2384741,-0.23847412,0.25152588,0.9915259,1.0915259,1.0015259,0.7315259,0.03152588,-1.0984741,-1.9684741,-2.4984741,-2.288474,-1.5384741,-1.3784741,-2.1284742,-2.068474,-2.6784742,-2.848474,-3.338474,-3.528474,-3.618474,-3.768474,-3.768474,-0.20847411
