wind_kz.json
{"header": {"discipline":0,"disciplineName":"Meteorological products","gribEdition":2,"gribLength":1025,"center":7,"centerName":"US National Weather Service - NCEP(WMC)","subcenter":0,"refTime":"2023-09-24T18:00:00.000Z","significanceOfRT":1,"significanceOfRTName":"Start of forecast","productStatus":0,"productStatusName":"Operational products","productType":1,"productTypeName":"Forecast products","productDefinitionTemplate":0,"productDefinitionTemplateName":"Analysis/forecast at horizontal level/layer at a point in time","parameterCategory":2,"parameterCategoryName":"UnknownDiscipline_0_Category_2","parameterNumber":2,"parameterNumberName":"UnknownParameter_D0_C2_2","parameterUnit":"Unknown","genProcessType":2,"genProcessTypeName":"Forecast","forecastTime":60,"surface1Type":103,"surface1TypeName":"Specified height level above ground","surface1Value":10.0,"surface2Type":255,"surface2TypeName":"Missing","surface2Value":0.0,"gridDefinitionTemplate":0,"gridDefinitionTemplateName":"Latitude_Longitude","numberPoints":615,"shape":6,"shapeName":"Earth spherical with radius of 6,371,229.0 m","gridUnits":"degrees","resolution":48,"winds":"true","scanMode":64,"nx":41,"ny":15,"basicAngle":0,"lo1":47.0,"la1":41.0,"lo2":87.0,"la2":55.0,"dx":1.0,"dy":1.0}, "data":
[rows 0 to 14 of 15, columns 0 to 40 of 41]
0.11661987,1.6766199,-2.19338,1.3066199,-4.80338,-6.13338,-5.58338,-4.85338,-6.0433803,-2.3533802,-2.8433802,-2.21338,-2.6533802,-2.1033802,-1.7833802,-1.9833801,-1.8033801,-1.0033802,-1.3333801,2.1866198,2.6066198,1.0366199,1.9166199,2.1366198,-1.6633801,-0.25338012,1.6666199,2.6266198,0.29661986,0.6066199,2.51662,-0.16338013,-0.8933801,-0.7433801,0.33661988,1.1566199,2.6666198,2.8966198,2.97662,2.8766198,1.3166199
0.046619873,-3.0933802,-0.5633801,-4.13338,-5.7933803,-4.5433803,-5.89338,-6.0033803,-4.32338,-3.23338,-2.21338,-3.52338,-2.1333802,-2.1233802,-1.9833801,-2.6133802,-2.6033802,-3.1233802,-0.61338013,-0.07338013,-0.023380127,2.20662,3.76662,3.3666198,0.6066199,0.07661987,0.9866199,1.2766199,3.3466198,2.1166198,0.7366199,0.89661986,0.28661987,0.34661987,0.18661988,0.89661986,0.7566199,-1.3933802,-1.4633801,-1.7233801,-1.2733802
-4.07338,-3.71338,-3.96338,-4.80338,-5.11338,-6.2533803,-5.64338,-4.26338,-4.57338,-3.5633802,-3.0933802,-2.76338,-2.4333801,-2.3333802,-2.44338,-2.3233802,-3.1133802,-2.3233802,-1.0833801,1.5366199,2.8366199,-0.79338014,-0.7033801,3.51662,0.26661986,-0.47338012,-1.0233802,-1.2533802,2.95662,0.33661988,2.02662,-2.24338,-0.98338014,0.63661987,-0.65338016,1.0466199,1.1766199,-0.44338012,4.58662,4.50662,1.6166198
-6.24338,-6.16338,-6.30338,-6.05338,-4.58338,-3.5733802,-1.6033801,-3.1433802,-1.9733801,-1.8733802,-2.70338,-3.45338,-1.8733802,-2.03338,-2.20338,-2.4033802,-2.80338,-2.5833802,-2.4133801,-3.6633801,-3.3933802,-1.7333801,-2.55338,-3.78338,-4.70338,-4.45338,-3.8533802,-6.55338,-5.86338,-3.71338,-1.7033801,-2.26338,-4.11338,-2.00338,-1.5033802,0.48661986,0.03661987,0.8666199,-1.2533802,-1.0533801,-2.6733801
-7.99338,-7.35338,-6.2133803,-5.2933803,-4.58338,-3.47338,-2.9033802,-2.1133802,-1.6533802,-1.0333802,-0.6433801,-0.38338012,-0.5033801,-0.86338013,-0.053380128,-1.5333802,-2.6533802,-3.25338,-3.55338,-2.8733802,-3.49338,-3.1133802,-4.3133802,-4.90338,-5.9833803,-6.76338,-7.59338,-5.5033803,-5.76338,-5.85338,-5.43338,-3.20338,3.01662,1.5166199,-2.8233802,-2.3933802,-3.3533802,-4.84338,-3.70338,-3.45338,-4.5633802
-6.0033803,-5.2933803,-4.93338,-4.3133802,-3.52338,-2.1733801,-1.7033801,-1.2333801,-0.47338012,0.6266199,-0.8833801,-0.44338012,-0.42338014,-0.5833801,-0.55338013,-1.7833802,-1.2833802,-2.8433802,-2.05338,-0.9633801,-2.1033802,-2.80338,-3.3233802,-4.2133803,-4.7333803,-5.58338,-6.65338,-4.70338,-5.30338,-5.13338,-4.90338,-4.0433803,-2.1733801,-0.5733801,0.23661987,1.5366199,2.02662,1.6566199,-2.47338,-1.4533801,-0.40338013
-4.22338,-3.27338,-2.3933802,-1.7233801,-1.4733801,-1.4633801,-1.1633801,-0.14338012,-0.86338013,-0.19338013,-0.18338013,0.18661988,-0.54338014,1.9366199,0.76661986,1.0266199,0.44661987,-0.49338013,-0.39338014,-0.38338012,-1.4933801,-1.5933801,-1.6533802,-1.6533802,-1.4633801,-1.2533802,-3.3733802,-3.46338,-2.6433802,-1.7233801,-2.04338,-2.9033802,-2.8933802,-3.02338,-3.79338,-1.4633801,-0.15338013,-1.1333802,1.2966199,0.35661986,-0.15338013
-2.3633802,-2.00338,-2.4333801,-1.9333801,-1.3133801,-1.0033802,-1.0533801,0.47661987,1.4866198,1.2066199,0.33661988,-0.10338013,-2.04338,-3.1433802,-2.98338,-1.1133801,-2.29338,1.0866199,1.3066199,1.2166198,1.4766198,0.14661987,-1.3033801,0.47661987,-1.4233801,0.20661987,0.20661987,0.7266199,0.8066199,0.71661985,0.29661986,-0.7733801,-0.45338014,-2.45338,-2.1233802,-1.3433801,0.32661986,2.98662,3.1266198,2.25662,0.08661988
-3.24338,-3.03338,-1.5833801,-1.7933801,-2.1133802,-1.7233801,-0.7433801,-0.013380127,-0.92338014,-1.9133801,-2.30338,-2.96338,-3.6133802,-3.1533802,-3.3233802,-2.54338,-2.23338,-1.8333801,-0.18338013,0.40661988,2.6066198,3.5966198,1.6466199,1.5266199,0.36661988,-0.25338012,0.77661985,-0.03338013,0.5466199,1.3766198,1.2266198,0.9766199,-0.16338013,-0.043380126,-0.7533801,0.31661987,0.016619872,-1.2433801,-0.013380127,-0.09338012,-0.67338014
-2.01338,-1.8333801,-1.6233802,-1.1833801,-1.0433801,-0.72338015,-1.1433802,-2.00338,-2.1733801,-1.7233801,-1.7233801,-2.79338,-2.1033802,-2.8133802,-3.49338,-2.9133801,-2.3433802,-1.4333801,0.40661988,1.0066199,-1.9633801,-2.1033802,6.5366197,2.69662,3.55662,2.3666198,0.27661988,2.01662,1.8966199,1.1766199,1.6266198,0.18661988,-1.0633801,-0.6233801,-0.48338014,-1.4333801,-0.8833801,-0.26338014,-0.7133801,-0.07338013,-0.60338014
-2.0833802,-1.4133801,-0.55338013,0.006619873,-1.1933801,-1.2833802,-1.0133802,-1.2833802,-1.1733801,-1.2733802,-2.9033802,-2.8833802,-1.5633801,-1.8733802,-1.9533801,-1.2233801,-1.5233802,-1.6333802,-1.8233801,-1.9633801,-0.41338012,-2.9333801,-0.23338012,-1.1133801,-2.3333802,1.5166199,2.28662,0.9166199,2.1566198,0.70661986,-1.0633801,-2.1133802,-1.8533801,-0.28338012,-0.20338012,0.35661986,-0.6433801,0.5466199,-0.3533801,-0.20338012,0.6266199
0.026619874,-1.2933801,-0.9933801,-0.7033801,0.20661987,-0.13338013,-0.07338013,0.046619873,-0.7533801,-0.16338013,0.9366199,0.34661987,-0.31338012,-1.2933801,-1.0933801,-0.66338015,0.34661987,0.026619874,-2.1733801,-1.9333801,-2.1533802,-3.46338,-1.6833801,-2.8433802,-3.28338,-3.54338,-1.2533802,-0.49338013,-0.61338013,-0.16338013,-0.45338014,-1.0533801,-0.8833801,-0.5633801,-0.48338014,-0.20338012,0.44661987,-0.7033801,-0.92338014,-0.33338013,-0.54338014
-0.023380127,-0.98338014,-0.78338015,-0.3533801,0.4266199,0.6266199,0.94661987,1.0066199,1.0666199,0.43661988,1.2166198,2.3866198,2.04662,1.0666199,0.8066199,1.0166199,0.7866199,0.24661988,0.07661987,-0.42338014,-2.8933802,-3.02338,-3.44338,-1.4333801,-3.46338,-2.9333801,-2.50338,-1.8933802,-1.9633801,0.03661987,1.1766199,0.21661988,-0.14338012,0.15661988,-0.17338012,-0.72338015,-1.3733802,-1.2833802,-2.02338,-2.50338,-1.1133801
1.2366198,1.7266198,0.94661987,1.2966199,1.1766199,1.4566199,1.4166199,1.6866199,1.1566199,1.1566199,1.0466199,2.04662,1.0566199,2.1566198,1.3666198,1.8266199,1.7366198,1.3966199,1.5166199,1.7866199,0.9366199,-0.11338013,-1.0233802,-1.4833801,-2.0833802,-1.8633801,-1.5833801,-1.1633801,-0.80338013,-0.8133801,-0.72338015,2.27662,1.9366199,1.0566199,0.94661987,1.0466199,0.7566199,0.64661986,0.32661986,0.7266199,-0.43338013
1.3966199,2.0666199,2.50662,2.76662,2.3766198,2.5666199,3.00662,2.94662,2.8466198,2.0766199,0.8566199,1.8866199,1.3466198,1.5166199,2.26662,2.52662,2.9166198,2.76662,2.24662,1.0966198,1.0966198,2.04662,2.29662,3.03662,1.0366199,0.8666199,0.24661988,0.63661987,0.7266199,0.31661987,0.18661988,0.44661987,2.0766199,2.4266198,2.3466198,2.48662,2.3266199,2.8266199,1.9766198,1.2466198,0.70661986
