wind_kz.json
{"header": {"discipline":0,"disciplineName":"Meteorological products","gribEdition":2,"gribLength":1102,"center":7,"centerName":"US National Weather Service - NCEP(WMC)","subcenter":0,"refTime":"2023-10-03T00:00:00.000Z","significanceOfRT":1,"significanceOfRTName":"Start of forecast","productStatus":0,"productStatusName":"Operational products","productType":1,"productTypeName":"Forecast products","productDefinitionTemplate":0,"productDefinitionTemplateName":"Analysis/forecast at horizontal level/layer at a point in time","parameterCategory":2,"parameterCategoryName":"UnknownDiscipline_0_Category_2","parameterNumber":3,"parameterNumberName":"UnknownParameter_D0_C2_3","parameterUnit":"Unknown","genProcessType":2,"genProcessTypeName":"Forecast","forecastTime":180,"surface1Type":103,"surface1TypeName":"Specified height level above ground","surface1Value":10.0,"surface2Type":255,"surface2TypeName":"Missing","surface2Value":0.0,"gridDefinitionTemplate":0,"gridDefinitionTemplateName":"Latitude_Longitude","numberPoints":615,"shape":6,"shapeName":"Earth spherical with radius of 6,371,229.0 m","gridUnits":"degrees","resolution":48,"winds":"true","scanMode":64,"nx":41,"ny":15,"basicAngle":0,"lo1":47.0,"la1":41.0,"lo2":87.0,"la2":55.0,"dx":1.0,"dy":1.0}, "data":
[rows 0 to 14 of 15, columns 0 to 40 of 41]
0.57870483,2.5787048,-4.371295,-12.921295,-7.151295,-0.35129517,1.9887048,2.8187048,3.0587049,2.4387047,1.7187048,0.62870485,0.39870483,0.018704833,0.028704833,-0.15129517,0.7287048,-1.0712951,-1.1412952,-1.3612952,-1.0812951,-3.511295,-1.3512951,1.2987049,0.74870485,2.1887047,2.1487048,2.718705,-2.1412952,0.9187048,2.0487049,1.8887048,-0.5912952,1.2187048,1.5187049,0.23870483,1.2587048,-1.4212952,-0.55129516,-0.001295166,-0.5812952
4.4487047,-4.7412953,-13.251295,-14.851295,-3.5812953,4.148705,6.7787046,6.9687047,5.808705,4.4087048,2.758705,1.4187049,0.40870485,0.7887048,0.6487048,-0.14129516,-1.1712952,0.16870484,-0.81129515,-1.2012951,-2.3812952,-4.0112953,-4.191295,-0.45129517,1.0987048,1.7987049,0.20870483,2.0587049,2.0987048,-1.7512952,-1.1412952,-0.001295166,-2.1112952,-2.1012952,-0.22129516,0.67870486,1.4987048,1.5687048,0.09870484,0.32870483,-0.37129515
-1.8812952,-9.441296,-13.031295,-17.691296,-4.131295,7.358705,7.838705,7.978705,7.0687046,5.9687047,4.338705,2.988705,1.9387048,1.7587048,-0.011295166,1.3387048,1.4987048,1.2287048,0.5987048,0.08870483,-0.94129515,-1.7512952,-2.221295,-1.0712951,-2.1112952,1.3187048,6.0687046,-0.35129517,-0.67129517,0.34870484,-2.3612952,-1.3812952,-0.82129514,-1.4612951,0.51870483,0.7287048,-1.5312952,-1.6712952,-0.11129516,1.2387048,-0.55129516
-5.7412953,-10.621295,-12.741295,-15.791295,-9.8112955,1.3287048,5.188705,6.868705,7.2587047,6.358705,4.768705,4.0287046,-0.021295166,-1.1612952,-3.4312952,3.228705,2.8887048,0.76870483,0.45870483,1.0787048,0.6487048,-0.5912952,-3.8612952,-2.0612953,-1.7912952,-3.0612953,-1.1812952,1.1087048,-6.901295,-3.7112951,-2.231295,-0.9712952,0.7887048,0.99870485,-1.2712952,-2.221295,-3.8412952,0.42870483,-0.39129516,-0.82129514,-1.4712951
-4.3212953,-10.741295,-11.581295,-12.491295,-14.681295,-10.301295,2.728705,5.358705,5.978705,5.838705,5.2787046,5.398705,3.518705,-0.031295165,-3.0712953,2.708705,2.1887047,1.5287049,1.8987049,-0.25129518,0.49870482,0.34870484,0.99870485,-1.6812952,-0.8312952,-4.5512953,0.45870483,-3.0512953,-4.521295,-3.8612952,-4.7012954,-3.271295,-1.7912952,-1.7712952,0.24870484,0.27870482,-0.18129517,0.61870486,-0.7812952,-1.8012952,-3.231295
-5.621295,-4.751295,-8.231296,-10.641295,-12.151295,-14.321295,-4.5712953,0.7287048,3.7987049,5.7387047,4.328705,5.9287047,4.5487046,2.2887049,-1.3512951,2.6087048,0.7887048,1.8887048,0.6487048,-0.13129516,-1.2012951,0.5387048,5.0687046,1.9187049,1.0387049,-2.5912952,-3.721295,-1.5112952,-1.2112951,-3.1412952,-3.011295,-2.481295,-2.771295,-0.99129516,-0.09129517,6.458705,-1.2212951,4.4287047,2.1287048,0.6487048,-1.3012952
-5.161295,-4.891295,-4.671295,-6.651295,-8.121295,-9.141295,-11.301295,1.9087049,3.8887048,6.2787046,5.3187046,5.0287046,6.888705,5.9287047,3.1987047,1.7987049,1.3287048,1.5987048,-0.13129516,-0.50129515,-0.9012952,1.9387048,2.5387049,2.8387048,0.86870486,1.6087048,0.50870484,-1.5512952,-2.251295,-3.5712953,-2.9112952,-2.4312952,-2.8512952,-0.48129517,2.0787048,0.69870484,-1.0012952,-1.7112951,0.50870484,1.4487048,2.508705
-3.781295,-3.241295,-4.2012954,-4.581295,-3.541295,-5.5712953,-7.601295,-8.631295,0.7087048,5.388705,6.2387047,5.098705,4.308705,4.5687046,3.748705,3.7887049,2.498705,2.008705,-0.33129516,-0.28129518,-0.101295166,0.82870483,1.5887048,1.7487048,1.6087048,-0.9012952,0.038704835,-0.16129516,-0.08129516,-2.231295,-2.1112952,-3.791295,-4.8412952,-4.441295,-1.0812951,-0.29129517,-1.3912952,-2.6512952,-1.1812952,-0.041295167,1.0487049
-2.781295,-2.271295,-2.221295,-2.4612951,-1.3012952,0.49870482,-2.9212952,-5.021295,-6.901295,-4.171295,1.5887048,5.498705,5.7587047,4.998705,2.8487048,3.6487048,3.4287047,2.468705,2.0587049,0.37870485,0.44870484,0.24870484,0.11870483,1.8587048,1.3787048,0.44870484,-0.041295167,0.75870484,0.9587048,-0.14129516,-1.2912952,-2.5812953,-2.3612952,-3.021295,-2.271295,-0.30129516,0.24870484,-1.5212952,-0.29129517,-0.041295167,0.6487048
-3.8412952,-3.521295,-0.94129515,-0.49129516,-0.43129516,-0.7712952,1.3987049,1.9187049,-2.991295,-4.3012953,-5.111295,3.498705,4.4287047,4.088705,4.088705,2.5587049,3.0587049,3.238705,2.478705,2.1987047,1.0487049,0.9087048,-0.5912952,-0.5212952,0.17870483,1.6187048,0.18870483,-0.70129514,0.17870483,0.09870484,1.0387049,-0.7112952,-2.281295,-2.751295,-1.8012952,-1.4212952,-0.19129516,-0.8912952,-0.86129516,1.1987048,1.2987049
-4.151295,-1.9712951,-2.5712953,-0.18129517,0.7787048,0.74870485,0.63870484,1.8287048,4.958705,2.508705,0.6487048,-1.3812952,-2.481295,4.6787047,3.3087049,3.3187048,0.25870484,3.278705,2.6387048,2.6287048,2.458705,2.248705,2.268705,1.0787048,0.35870484,-0.5312952,0.29870483,0.49870482,-0.43129516,0.62870485,0.34870484,-1.4212952,-2.3012953,-2.011295,-2.6712952,-1.3912952,-1.0712951,-0.24129516,-1.0412952,-0.031295165,0.20870483
-3.541295,-0.5812952,-1.5812951,-0.12129517,-1.7312951,1.7887049,1.2487048,1.0787048,1.7387048,1.4587048,3.3087049,1.1487049,0.14870483,-0.37129515,3.0587049,6.098705,4.998705,3.6287048,0.45870483,3.1087048,3.028705,2.8087049,2.978705,2.8587048,1.6687049,1.2987049,0.15870483,1.8487048,1.9687048,1.8387048,1.0887048,-0.70129514,-1.3512951,-1.8412951,-1.9512951,-2.491295,-1.5512952,-1.1912951,-0.011295166,-0.40129516,-0.37129515
-2.6512952,-3.1212952,-1.9512951,-0.5412952,1.1187048,-0.031295165,-1.1712952,2.248705,2.1087048,1.6987048,1.9287049,1.8587048,2.6787047,2.028705,1.5087048,-1.7312951,6.108705,5.888705,7.288705,2.208705,4.518705,4.208705,3.998705,3.1887047,3.1387048,2.1887047,3.268705,2.4387047,2.8587048,2.6087048,2.218705,1.3387048,0.018704833,-1.0312952,-1.5012952,-1.7012951,-1.8912952,-1.1912951,-1.4812951,-2.1012952,-1.5812951
-2.1512952,-2.991295,-3.261295,-2.001295,-1.1912951,-0.11129516,2.3887048,2.1987047,0.068704836,2.5587049,1.4887048,1.3787048,2.228705,2.8687048,2.4187047,2.3687048,-0.08129516,4.188705,5.938705,6.688705,5.538705,5.098705,4.498705,4.8187046,3.518705,3.488705,3.488705,3.5787048,3.5587049,3.728705,3.3887048,2.8287048,1.6687049,1.1687049,0.12870483,-0.61129516,-1.0612952,-2.021295,-1.9912952,-1.7312951,-2.531295
-1.8112952,-2.4612951,-3.3612952,-1.6212952,-0.5312952,-0.20129517,-0.16129516,0.6687048,2.228705,3.1287048,0.47870484,2.6287048,1.6187048,0.50870484,0.08870483,3.968705,4.188705,3.8187048,6.088705,6.2187047,4.7387047,5.7587047,5.108705,4.538705,4.388705,3.708705,3.708705,4.308705,3.968705,3.8687048,4.2187047,3.778705,2.978705,2.5987048,1.8887048,1.5687048,-0.001295166,0.18870483,-0.33129516,-1.9912952,-1.5812951
