wind_kz.json
{"header": {"discipline":0,"disciplineName":"Meteorological products","gribEdition":2,"gribLength":871,"center":7,"centerName":"US National Weather Service - NCEP(WMC)","subcenter":0,"refTime":"2023-09-19T06:00:00.000Z","significanceOfRT":1,"significanceOfRTName":"Start of forecast","productStatus":0,"productStatusName":"Operational products","productType":1,"productTypeName":"Forecast products","productDefinitionTemplate":0,"productDefinitionTemplateName":"Analysis/forecast at horizontal level/layer at a point in time","parameterCategory":0,"parameterCategoryName":"UnknownDiscipline_0_Category_0","parameterNumber":0,"parameterNumberName":"UnknownParameter_D0_C0_0","parameterUnit":"Unknown","genProcessType":2,"genProcessTypeName":"Forecast","forecastTime":120,"surface1Type":1,"surface1TypeName":"Ground or water surface","surface1Value":0.0,"surface2Type":255,"surface2TypeName":"Missing","surface2Value":0.0,"gridDefinitionTemplate":0,"gridDefinitionTemplateName":"Latitude_Longitude","numberPoints":615,"shape":6,"shapeName":"Earth spherical with radius of 6,371,229.0 m","gridUnits":"degrees","resolution":48,"winds":"true","scanMode":64,"nx":41,"ny":15,"basicAngle":0,"lo1":47.0,"la1":41.0,"lo2":87.0,"la2":55.0,"dx":1.0,"dy":1.0}, "data":
[rows 0 to 14 of 15, columns 0 to 40 of 41]
302.9892,292.1892,298.1892,294.6892,294.38922,294.0892,302.6892,306.88922,304.0892,307.1892,305.38922,307.0892,307.0892,307.1892,307.1892,308.5892,308.2892,306.88922,311.0892,308.6892,312.5892,308.38922,309.4892,307.38922,307.88922,309.5892,304.7892,290.6892,288.7892,288.88922,287.5892,282.4892,297.6892,305.0892,308.5892,304.9892,306.7892,305.5892,310.1892,308.6892,312.2892
284.9892,296.2892,294.2892,294.4892,293.88922,292.4892,307.5892,302.9892,303.4892,303.5892,305.7892,304.88922,305.9892,305.2892,307.2892,308.5892,309.5892,309.6892,309.0892,311.1892,310.1892,307.0892,306.9892,298.6892,277.7892,292.0892,296.9892,291.6892,288.9892,276.4892,290.1892,274.88922,290.7892,263.7892,271.38922,298.88922,300.88922,302.0892,304.0892,296.5892,284.7892
298.7892,293.2892,294.5892,294.0892,291.9892,302.1892,301.5892,302.2892,302.4892,302.0892,302.4892,304.1892,305.7892,306.2892,304.0892,308.2892,308.5892,308.38922,307.88922,307.6892,308.7892,306.9892,304.0892,298.1892,303.88922,302.6892,302.0892,301.0892,300.0892,292.1892,276.2892,277.1892,291.2892,291.9892,291.4892,290.1892,273.1892,285.6892,284.5892,273.1892,271.9892
300.38922,292.88922,294.38922,293.0892,294.4892,301.4892,299.6892,300.88922,302.2892,302.7892,303.38922,302.2892,291.9892,291.38922,304.1892,305.5892,304.38922,307.0892,307.2892,306.88922,303.2892,301.4892,305.38922,303.7892,302.5892,301.0892,301.5892,300.5892,299.38922,299.2892,297.88922,297.88922,301.5892,299.9892,299.88922,292.9892,273.1892,270.2892,278.88922,301.6892,303.9892
300.1892,291.6892,292.7892,291.9892,295.6892,301.1892,301.2892,303.1892,300.7892,300.5892,301.6892,301.6892,290.9892,289.7892,288.2892,303.6892,303.6892,301.6892,301.9892,300.6892,301.7892,303.0892,303.0892,302.9892,303.5892,303.4892,298.5892,296.88922,299.2892,300.38922,299.1892,290.0892,273.5892,271.88922,289.9892,295.7892,293.5892,297.88922,301.0892,301.7892,304.9892
300.1892,299.9892,291.1892,290.7892,291.5892,290.88922,302.88922,301.7892,299.38922,300.4892,299.88922,299.7892,292.0892,290.6892,295.9892,300.2892,300.1892,301.2892,299.38922,300.7892,300.2892,299.38922,299.5892,298.0892,299.88922,297.2892,297.9892,288.4892,296.9892,297.7892,298.5892,296.88922,294.6892,290.6892,283.7892,288.0892,280.6892,279.0892,285.5892,290.88922,292.7892
300.4892,301.88922,300.2892,301.2892,299.1892,303.38922,303.88922,302.1892,301.6892,300.5892,294.1892,294.7892,296.9892,297.38922,297.7892,297.6892,299.38922,298.88922,300.1892,299.88922,298.0892,296.4892,296.1892,294.2892,293.4892,293.9892,296.5892,298.0892,299.7892,298.2892,296.2892,296.5892,296.5892,294.38922,291.9892,291.38922,281.5892,273.88922,274.4892,275.7892,279.88922
301.0892,301.9892,301.5892,301.1892,302.0892,302.7892,304.1892,304.4892,302.38922,299.4892,293.2892,293.88922,297.4892,295.9892,297.0892,297.38922,296.5892,297.2892,297.88922,297.2892,295.1892,295.88922,295.38922,292.6892,290.9892,290.4892,290.1892,291.7892,289.88922,292.38922,289.9892,290.7892,288.2892,286.4892,280.1892,281.9892,284.9892,287.6892,289.9892,288.7892,279.1892
300.88922,300.38922,301.2892,302.0892,301.7892,302.5892,303.38922,302.88922,302.0892,300.6892,292.4892,291.6892,297.38922,297.88922,296.2892,296.88922,296.1892,296.9892,294.9892,294.6892,292.9892,293.88922,293.0892,292.9892,291.88922,290.6892,289.0892,287.6892,279.5892,278.4892,279.9892,280.38922,280.6892,283.9892,280.9892,277.5892,286.5892,281.2892,272.4892,272.7892,273.1892
300.1892,300.6892,301.5892,301.38922,301.5892,302.0892,302.5892,302.38922,301.6892,299.5892,299.0892,298.2892,296.4892,296.4892,296.2892,295.5892,295.7892,296.4892,296.38922,295.5892,293.9892,292.38922,292.0892,293.4892,293.0892,291.1892,290.4892,288.2892,280.4892,279.5892,280.9892,281.6892,284.5892,283.6892,282.38922,280.1892,275.5892,280.5892,274.1892,273.7892,271.6892
300.1892,300.9892,300.7892,300.5892,300.4892,301.4892,300.9892,300.7892,300.5892,299.9892,297.4892,295.5892,296.88922,295.4892,296.2892,296.6892,295.6892,295.7892,295.5892,293.88922,294.38922,292.7892,292.2892,291.9892,290.6892,290.9892,288.1892,289.9892,287.1892,283.4892,285.2892,284.2892,283.9892,282.9892,280.38922,280.1892,276.5892,274.5892,276.2892,274.0892,272.7892
298.9892,301.2892,301.0892,300.6892,299.0892,299.2892,298.6892,298.4892,297.9892,297.2892,294.88922,294.0892,294.88922,293.38922,294.0892,295.4892,294.5892,294.38922,294.0892,293.0892,291.4892,290.38922,289.5892,290.5892,289.2892,290.7892,290.5892,291.2892,291.0892,289.9892,288.0892,286.1892,284.1892,284.5892,280.2892,283.2892,281.6892,282.2892,279.6892,280.1892,277.9892
296.4892,299.0892,298.9892,298.6892,297.2892,296.1892,297.6892,298.6892,298.1892,295.0892,292.2892,292.0892,292.9892,291.88922,292.88922,292.4892,292.5892,291.38922,292.6892,290.7892,291.0892,286.4892,280.6892,279.9892,288.5892,288.38922,290.6892,290.1892,289.2892,287.0892,285.7892,283.5892,285.2892,285.6892,282.9892,282.2892,283.6892,280.38922,280.2892,281.9892,278.7892
298.2892,297.88922,292.0892,297.9892,296.5892,296.0892,295.7892,294.9892,295.38922,295.1892,291.9892,290.6892,292.2892,291.4892,291.0892,291.38922,291.1892,290.4892,291.38922,291.38922,287.7892,284.38922,283.0892,282.38922,280.88922,283.4892,287.6892,287.6892,287.4892,286.2892,283.5892,282.9892,283.1892,280.7892,282.88922,282.0892,280.1892,280.0892,282.7892,278.38922,280.1892
294.6892,297.7892,287.4892,297.2892,296.7892,296.2892,296.2892,291.9892,290.0892,289.4892,286.9892,287.2892,286.38922,290.0892,290.5892,291.0892,289.6892,290.38922,291.9892,291.4892,291.88922,291.2892,286.7892,281.5892,280.88922,280.2892,280.9892,286.7892,285.6892,285.2892,284.4892,282.88922,281.9892,282.38922,282.5892,282.5892,280.5892,279.4892,279.9892,280.6892,276.7892
