wind_kz.json
{"header": {"discipline":0,"disciplineName":"Meteorological products","gribEdition":2,"gribLength":1025,"center":7,"centerName":"US National Weather Service - NCEP(WMC)","subcenter":0,"refTime":"2023-10-04T18:00:00.000Z","significanceOfRT":1,"significanceOfRTName":"Start of forecast","productStatus":0,"productStatusName":"Operational products","productType":1,"productTypeName":"Forecast products","productDefinitionTemplate":0,"productDefinitionTemplateName":"Analysis/forecast at horizontal level/layer at a point in time","parameterCategory":2,"parameterCategoryName":"UnknownDiscipline_0_Category_2","parameterNumber":2,"parameterNumberName":"UnknownParameter_D0_C2_2","parameterUnit":"Unknown","genProcessType":2,"genProcessTypeName":"Forecast","forecastTime":0,"surface1Type":103,"surface1TypeName":"Specified height level above ground","surface1Value":10.0,"surface2Type":255,"surface2TypeName":"Missing","surface2Value":0.0,"gridDefinitionTemplate":0,"gridDefinitionTemplateName":"Latitude_Longitude","numberPoints":615,"shape":6,"shapeName":"Earth spherical with radius of 6,371,229.0 m","gridUnits":"degrees","resolution":48,"winds":"true","scanMode":64,"nx":41,"ny":15,"basicAngle":0,"lo1":47.0,"la1":41.0,"lo2":87.0,"la2":55.0,"dx":1.0,"dy":1.0}, "data":
[rows 0 to 14 of 15, columns 0 to 40 of 41]
1.0243738,-1.8356262,3.4243739,6.794374,7.5743737,6.1743736,4.084374,4.7143736,3.0643737,1.4443737,-2.4656262,-4.105626,-4.0556264,-4.4656262,-3.595626,-3.5256262,-3.2056262,-2.6256263,-3.2656262,-3.0256262,-2.5256262,-1.5956262,-0.7556262,-2.2556262,0.42437378,-2.2056262,-2.7656262,0.02437378,1.8643738,1.3243737,0.15437378,1.9243737,0.3743738,-0.14562622,-0.38562623,0.8743738,0.6943738,1.4043738,2.4243739,3.2443738,3.8743737
-0.23562622,1.0943738,3.7243738,4.724374,4.9643736,5.474374,2.8543737,2.4143739,2.4343739,-4.915626,-3.4256263,-4.935626,-4.545626,-4.815626,-3.2056262,-3.3656263,-2.8656263,-2.9556262,-2.3356261,-2.4956262,-2.7856262,-1.6656262,-0.0056262207,-2.4256263,1.0843738,0.7043738,-0.23562622,1.4743738,-1.2956262,-0.65562624,0.05437378,0.23437378,0.23437378,-2.7456262,0.48437378,0.17437378,0.7443738,0.36437377,-1.0056262,1.4143738,0.10437378
1.1743737,2.3743737,2.7043738,0.27437377,-2.5256262,-4.525626,0.6743738,3.0643737,-5.2856264,-5.005626,-3.5356262,-5.1756263,-5.0156264,-5.145626,-4.775626,-3.8856263,-4.4956264,-3.8056262,-2.7756262,-1.5356262,0.39437377,-1.8156263,-2.7456262,-2.4656262,0.3743738,-2.3756263,-1.4256263,0.5843738,-2.9256263,-0.15562622,-1.6056262,1.6843737,-0.0056262207,-0.4056262,0.52437377,-0.6256262,0.18437378,-0.06562622,3.1643739,2.9943738,2.0943737
1.3243737,1.6043738,0.8843738,-0.19562621,-3.0256262,-5.875626,-0.25562623,-6.875626,-5.8656263,-7.185626,-6.4256263,-6.6556263,-9.055626,-6.9056263,-4.3656263,-4.1956263,-3.8256261,-3.3156261,-2.6556263,-2.0056262,-3.6756263,-2.1856263,-1.3656262,-3.355626,-5.185626,-5.1956263,-3.3656263,-7.2456264,-2.9056263,-1.9956262,-0.5556262,-1.4456263,-1.0756263,-2.6256263,-2.4056263,-2.1956263,-1.8256263,2.7543738,0.5143738,-1.0856262,0.0043737795
1.4443737,1.4343737,0.9543738,-1.3456262,-1.9656262,-2.2056262,-1.9556262,-2.845626,0.7643738,-4.9656262,-4.545626,-7.0756264,-6.755626,-5.275626,-5.1956263,-3.7856262,-3.4356263,-2.355626,-2.345626,-3.2456262,-3.3956263,-3.8056262,-3.9856262,-4.9956264,-5.065626,-4.6956263,-5.185626,-3.8156261,-4.165626,-3.6156263,-3.2256262,-1.8556262,-1.7056262,0.4743738,0.84437376,1.2243738,0.5043738,-1.1756263,-0.36562622,-2.095626,-0.64562625
-2.2456262,0.36437377,1.6743737,-0.3056262,-1.6356262,-0.6756262,-0.25562623,-1.2756262,-1.4656262,-3.345626,-4.025626,-5.3256264,-4.1556263,-5.1956263,-3.7256262,-3.8156261,-3.6456263,-2.5656261,-2.1256263,-2.4956262,-2.845626,-2.8656263,-3.2656262,-3.9956262,-4.355626,-4.4456263,-3.3756263,-4.8856263,-3.2556262,-2.7356262,-3.1356263,-2.8356261,-2.7456262,-2.9056263,-2.3056262,-1.3456262,-0.52562624,0.8043738,4.2143736,-5.0156264,-2.8856263
0.85437375,-2.1956263,-2.4456263,-2.5256262,-0.7356262,-2.355626,-1.4656262,-1.3656262,-2.2556262,-2.595626,-2.7456262,-2.1456263,-1.3656262,-3.0356262,-3.3256261,-2.8256261,-3.2456262,-3.0256262,-2.3356261,-3.1256263,-2.6856263,-2.855626,-2.7356262,-3.3856263,-3.1956263,-3.2356262,-2.2956262,-2.4956262,-2.2456262,-1.7056262,-1.3856262,-4.025626,-2.2856262,-1.8456262,-2.345626,-2.0456262,-1.2056262,1.3543738,0.7543738,-0.15562622,2.5843737
1.4443737,0.07437378,-0.8156262,-1.9656262,-2.7156262,-3.8756263,-3.845626,-3.6456263,-2.6856263,-4.475626,-3.7856262,-3.9056263,-3.7156262,-1.4856262,-3.1256263,-2.5756261,-2.4956262,-2.2556262,-2.4756262,-2.4856262,-1.9556262,-2.4156263,-2.4256263,-3.0456262,-2.1656263,-1.2656262,-1.1156262,-1.8556262,-2.2156262,-3.0056262,-3.5556262,-3.2356262,-3.5756261,-1.0456262,-2.4956262,0.06437378,0.5743738,3.5143738,2.8143737,3.4243739,0.85437375
2.6843739,2.1143737,0.3143738,-0.02562622,-1.3556262,-1.8256263,-2.595626,-2.8356261,-2.7556262,-2.8656263,-2.0656261,-2.7456262,-2.1956263,-2.1556263,-2.4456263,-2.8156261,-2.6856263,-2.6356263,-2.1556263,-1.4756262,-1.2756262,-1.9256263,-2.3756263,-1.3556262,-0.9456262,-2.0856261,-1.3756262,-0.6156262,-1.1856263,-0.58562624,-0.9456262,-1.0356262,-1.6956263,-0.8156262,-0.5556262,-0.5156262,-0.19562621,-2.4556262,-1.4156262,0.5043738,-1.5456262
1.3443738,-0.26562622,2.4443738,0.3443738,0.3743738,0.07437378,0.2843738,1.1843737,1.0243738,1.0643737,1.1543738,0.35437378,1.1943737,1.1243738,-0.14562622,-0.10562622,-0.47562623,-0.7956262,-1.3256263,-1.6056262,-1.7656262,-0.6956262,-1.2256262,-0.64562625,-1.9156262,-1.6156262,-1.3256263,-1.2856262,-1.0756263,-0.7656262,-0.09562622,0.7043738,0.46437377,0.9343738,1.3943738,0.29437378,-1.6656262,0.04437378,-1.1456262,-0.17562622,-0.6656262
2.8143737,2.7643738,2.5743737,0.38437378,1.1843737,0.4443738,1.3543738,2.0843737,2.3043737,2.8043737,2.7943738,1.9643738,2.8443737,1.1543738,2.3643737,1.6343738,1.6743737,1.4643738,0.48437378,0.7543738,1.1643738,0.96437377,-0.075626224,0.27437377,-0.12562622,-0.02562622,0.52437377,1.0243738,-0.2756262,-0.26562622,0.6743738,1.4443737,1.9343737,1.5743737,0.39437377,-0.44562623,-0.28562623,-0.25562623,-0.38562623,0.7643738,-0.29562622
2.2043738,2.8543737,2.6743739,1.5743737,1.5343738,0.9243738,2.0643737,1.9243737,2.9843738,1.5843738,-0.29562622,2.0843737,1.6543738,2.2143738,2.894374,2.4143739,2.3643737,2.4843738,1.2143738,2.144374,1.8543738,2.2343738,1.8743738,1.9043738,1.5043738,2.1043737,1.7043738,1.5343738,1.0443738,0.6143738,0.60437375,-0.26562622,-0.3756262,-1.4756262,-0.95562625,-0.9856262,-0.6056262,-0.3056262,0.07437378,-0.22562622,0.0043737795
3.0943737,2.2643738,2.1643739,2.0743737,1.8743738,1.3043737,0.8743738,0.90437376,1.5643737,0.66437376,-0.26562622,0.9943738,1.8743738,3.1943738,2.654374,2.6643739,2.3743737,2.4243739,1.9443737,2.5643737,1.5743737,1.6043738,1.9843738,1.9543738,3.5743737,3.2343738,3.2843738,2.9543738,1.7143738,1.5243738,1.1443738,0.7643738,0.79437375,-0.11562622,-0.24562623,-0.17562622,0.5643738,-0.29562622,0.3143738,0.3143738,-0.44562623
4.1743736,3.1343737,2.144374,2.7243738,1.3543738,1.4743738,1.6543738,1.8043737,1.3043737,1.6443738,-0.01562622,0.84437376,1.7643738,1.8743738,3.0443738,2.7043738,2.654374,2.3343737,2.2543738,2.8743737,3.3043737,3.5143738,4.204374,3.0143738,3.0243738,2.8143737,2.7743738,2.654374,1.8843738,1.9243737,1.9243737,1.6043738,1.1943737,1.3243737,1.3143737,1.3243737,1.0543737,1.1743737,-0.11562622,0.5143738,0.19437379
3.7443738,4.224374,5.014374,2.7043738,2.4143739,2.7143738,2.9443738,1.2643738,1.8743738,1.5643737,0.0043737795,0.23437378,0.45437378,1.4743738,2.7643738,2.0643737,2.2443738,3.0143738,2.5443738,4.4043736,1.8543738,2.7643738,3.0743737,3.4643738,3.0843737,2.4543738,2.7643738,2.5143738,2.2343738,1.9343737,2.4943738,2.3343737,1.7843738,1.7943738,2.1343737,2.6243737,1.5043738,2.1643739,1.6243738,1.4543738,-1.0056262
