wind_kz.json
{"header": {"discipline":0,"disciplineName":"Meteorological products","gribEdition":2,"gribLength":1025,"center":7,"centerName":"US National Weather Service - NCEP(WMC)","subcenter":0,"refTime":"2023-09-20T06:00:00.000Z","significanceOfRT":1,"significanceOfRTName":"Start of forecast","productStatus":0,"productStatusName":"Operational products","productType":1,"productTypeName":"Forecast products","productDefinitionTemplate":0,"productDefinitionTemplateName":"Analysis/forecast at horizontal level/layer at a point in time","parameterCategory":2,"parameterCategoryName":"UnknownDiscipline_0_Category_2","parameterNumber":3,"parameterNumberName":"UnknownParameter_D0_C2_3","parameterUnit":"Unknown","genProcessType":2,"genProcessTypeName":"Forecast","forecastTime":120,"surface1Type":103,"surface1TypeName":"Specified height level above ground","surface1Value":10.0,"surface2Type":255,"surface2TypeName":"Missing","surface2Value":0.0,"gridDefinitionTemplate":0,"gridDefinitionTemplateName":"Latitude_Longitude","numberPoints":615,"shape":6,"shapeName":"Earth spherical with radius of 6,371,229.0 m","gridUnits":"degrees","resolution":48,"winds":"true","scanMode":64,"nx":41,"ny":15,"basicAngle":0,"lo1":47.0,"la1":41.0,"lo2":87.0,"la2":55.0,"dx":1.0,"dy":1.0}, "data":
[rows 0 to 14 of 15, columns 0 to 40 of 41]
-0.8065576,1.8634424,-0.20655762,0.7034424,-2.1265576,-2.0965576,0.7234424,1.0434424,-0.15655762,0.20344238,-1.4965576,-1.8765576,-3.3965576,-4.646558,-3.4865577,-4.0765576,-4.0465574,-3.4065576,-5.1565576,-2.8865576,-1.7165576,-1.8365576,1.3134423,1.2734424,1.3034424,1.0334424,-0.046557616,-1.3565576,-2.2865577,-2.5565577,-0.88655764,1.2034423,-1.7365576,0.15344238,1.4234424,-0.8665576,0.03344238,-0.4465576,-0.75655764,-0.2965576,0.4634424
-1.5665576,-0.11655762,3.4934423,1.8234423,3.0234423,1.0434424,-0.45655763,0.103442386,-0.81655765,-0.82655764,-0.4165576,-2.0065577,-3.0365577,-4.396558,-4.7765574,-3.6465576,-1.0365577,-3.5065577,-6.0265574,-4.9265575,-3.9465575,-0.026557617,0.9534424,-1.7965577,1.7234424,2.5634425,3.2534423,-0.7465576,-1.0365577,-0.95655763,-2.5765576,-2.4565575,-1.6965576,-3.0365577,-0.23655762,2.1434424,1.6534424,2.5934424,3.3434424,-2.0265577,-0.9865576
1.9734424,2.3034425,3.1134424,1.9534423,0.6434424,0.5834424,0.08344238,-1.2165576,-0.3265576,-1.7665576,-2.3665576,-1.2565576,-2.9965577,-3.7365577,-3.7665577,-4.5265574,-4.6365576,-4.856558,-3.2365577,0.28344238,-4.1565576,-5.356558,-4.9465575,-2.5565577,-3.0165577,-1.7465576,-1.2865577,-1.7665576,-0.45655763,-3.0265577,-0.5965576,-0.24655762,-3.3265576,1.1634424,-0.016557617,-2.7565577,-2.0965576,-3.2165575,-2.9665575,-1.3365576,-1.2065576
4.643442,3.4834423,3.4834423,1.8334423,1.4834424,1.1534424,1.0134424,-1.0765576,-1.3865576,-0.8765576,0.41344237,-1.3865576,-3.0165577,-4.0965576,-2.5665576,-3.7665577,-4.436558,-5.186558,-4.7065578,-3.9665575,-1.7165576,-4.6965575,0.9134424,-1.4065576,-2.7265577,-3.7565577,-3.7065575,-3.6465576,-3.2065575,-4.4665575,-5.626558,-0.6165576,1.5034424,0.28344238,1.8234423,1.0134424,1.9034424,1.7634424,-3.0265577,-2.7565577,-1.9965576
2.0334425,1.3934424,1.7034423,1.5534424,1.0134424,1.1534424,0.79344237,-0.22655761,-1.6065576,-1.1065576,-0.106557615,-0.49655762,-2.1765575,-3.4165576,-2.2865577,-2.9765577,-3.2865577,-3.3365576,-2.8465576,-1.5465577,-0.6565576,0.4934424,-0.39655763,-0.9265576,-1.4665576,-2.1865575,-3.4465575,-3.6565576,-4.1365576,-4.856558,-5.2965574,-6.0265574,-2.3365576,-2.4265575,0.8534424,3.7134423,1.2934424,1.6234424,-1.3565576,-3.1865575,1.8934424
1.5634423,1.7634424,-0.50655764,0.6434424,0.8434424,0.09344238,0.14344238,0.5234424,-0.82655764,-0.6665576,-0.19655761,-0.056557618,-1.7365576,-2.1765575,-2.0565577,-1.1165576,-0.7865576,-1.1165576,-1.0465577,-0.5365576,-0.70655763,-0.8065576,-0.31655762,-0.5465576,-1.2965577,-1.4465576,-1.6165576,-3.5465577,-3.9565575,-3.9565575,-4.5765576,-5.3465576,-4.8065577,-2.9265575,-2.8265576,-3.4065576,-2.5965576,-3.1965575,-2.5765576,-0.56655765,3.5834424
1.3734424,1.4634423,0.92344236,1.6734424,1.4934424,1.1834424,0.5334424,0.06344238,-0.8665576,-0.6265576,-0.106557615,-1.1265576,-0.6665576,-2.1165576,-1.8265576,-1.1265576,-0.6065576,0.13344239,0.41344237,-0.066557616,-0.4165576,-1.2665576,-1.2165576,-1.1965576,-1.0665576,-1.6865577,-1.9065576,-1.8565576,-3.3265576,-3.8065577,-3.8465576,-4.8865576,-6.4865575,-2.4665575,-0.30655763,2.5534425,1.5134424,-2.1865575,-2.2065575,0.19344239,-4.9665575
0.6334424,0.7634424,1.3234423,0.18344238,0.2634424,1.4534423,1.1234424,0.5634424,0.17344238,0.003442383,-0.31655762,0.023442382,-0.9065576,-0.8465576,-1.5665576,-1.0665576,-1.2265576,-0.23655762,-0.31655762,0.54344237,-0.5265576,-0.9065576,-1.8165576,-2.2565577,-2.9665575,-3.5065577,-2.9965577,-2.7465577,-3.3165576,-4.0765576,-3.8265576,-3.3465576,-3.2965577,-4.356558,-2.9465575,-1.9665576,-1.3465576,-2.2065575,-0.106557615,-1.5465577,-0.3265576
-0.51655763,-0.12655762,0.8534424,1.6634424,1.1534424,1.4034424,1.5134424,1.2734424,1.0834423,0.5834424,0.44344237,0.4534424,-0.20655762,-0.57655764,-0.9665576,-1.2365576,-0.69655764,-0.7865576,-0.9765576,-1.0365577,0.073442385,-0.9665576,-2.1265576,-2.5865576,-2.7965577,-2.9565575,-2.3765576,-3.2165575,-3.2965577,-3.4465575,-3.8065577,-2.3365576,-1.7765576,-2.2065575,-3.1365576,-4.4965577,-0.40655762,-4.2665577,-4.416558,-3.2965577,-1.8465576
-0.4165576,-0.6165576,-0.22655761,1.8834424,1.9634423,1.8334423,2.1734424,1.6134424,1.3734424,1.1034424,0.98344237,0.6434424,0.24344239,-0.18655762,-0.4865576,-0.7265576,-0.82655764,-0.9065576,-0.8365576,-0.6865576,-0.8565576,-1.3565576,-1.6265576,-1.8365576,-2.2065575,-2.4165576,-2.1665576,-1.0565577,-0.9165576,-1.5965576,-1.1765577,0.61344236,0.5734424,-0.76655763,-2.0665576,-2.6765575,-1.6465576,1.2534424,-1.6665577,-2.1065576,-1.7965577
-0.6665576,0.08344238,0.7534424,1.4534423,1.1634424,1.6534424,2.5534425,2.1034424,1.9534423,1.8634424,0.8934424,0.18344238,0.44344237,0.013442383,-0.34655762,-0.6865576,-0.9665576,-1.1065576,-0.63655764,-1.1465576,-1.0065576,-1.2865577,-1.3765576,-1.3165576,-2.4165576,-1.7965577,-1.6765577,-0.3865576,1.0834423,0.28344238,1.4334424,1.9034424,1.9534423,1.2934424,-0.6565576,-1.7665576,-1.6365576,-1.0065576,0.11344238,0.9134424,0.18344238
-0.17655762,-0.8065576,0.15344238,2.1734424,2.0234423,1.7334424,2.0034423,2.8234425,2.4934423,1.9134424,0.5734424,1.2834424,1.5734423,0.40344238,-0.5465576,-0.5265576,-0.50655764,-0.8565576,-0.36655763,-0.7265576,-0.6765576,-1.3965576,-0.9065576,-0.24655762,-0.69655764,-1.1265576,-0.106557615,0.073442385,2.6334424,2.8934424,2.6234424,3.0334425,1.8934424,1.8634424,0.73344237,0.8334424,1.4634423,-0.34655762,-0.20655762,-0.6465576,-0.15655762
1.7134423,1.0034424,0.103442386,0.8834424,1.8234423,1.5234424,2.0234423,2.1434424,2.9434423,1.8134423,0.5134424,0.043442383,1.2534424,0.8834424,0.12344238,-0.5465576,-0.7265576,-0.9865576,-0.4765576,-0.37655762,0.4934424,0.8134424,-0.4765576,-0.8365576,-0.8365576,0.25344238,-0.046557616,1.9334424,3.2534423,3.0834424,2.8934424,2.7934425,2.9934423,2.5734425,1.7034423,0.80344236,1.5934424,1.2634424,1.7434424,1.9034424,1.0434424
2.9534423,2.2634423,1.3134423,1.3734424,2.2434423,2.5334425,2.4434423,2.5334425,2.1334424,2.8134425,1.1134424,0.68344235,0.23344238,0.40344238,0.4634424,-0.5365576,-0.6865576,-0.6765576,-0.7465576,-0.69655764,-0.81655765,-0.4865576,-0.51655763,-0.42655763,-0.6465576,0.4534424,1.6434424,2.6834424,3.4234424,3.1534424,2.9734423,2.7534423,2.5434425,3.2134423,2.1034424,2.5534425,1.8734424,2.0434425,1.8234423,2.2834425,1.8334423
2.7234423,2.6234424,2.3734424,2.5734425,3.0034423,2.5334425,2.0934424,2.7234423,2.8134425,3.1234424,1.9434423,1.2534424,0.7234424,-0.4165576,-0.27655762,-0.50655764,-0.88655764,-1.1465576,-0.88655764,-0.9665576,-1.1365576,-1.1165576,-1.3465576,-1.0465577,-0.4865576,-0.43655762,0.17344238,1.3034424,1.8334423,2.7234423,2.8434424,3.5534425,2.6134424,2.6034424,3.5234423,4.083442,3.8734424,3.6034424,3.2834425,1.8734424,2.4034424
