wind_kz.json
{"header": {"discipline":0,"disciplineName":"Meteorological products","gribEdition":2,"gribLength":718,"center":7,"centerName":"US National Weather Service - NCEP(WMC)","subcenter":0,"refTime":"2023-10-02T12:00:00.000Z","significanceOfRT":1,"significanceOfRTName":"Start of forecast","productStatus":0,"productStatusName":"Operational products","productType":1,"productTypeName":"Forecast products","productDefinitionTemplate":0,"productDefinitionTemplateName":"Analysis/forecast at horizontal level/layer at a point in time","parameterCategory":2,"parameterCategoryName":"UnknownDiscipline_0_Category_2","parameterNumber":3,"parameterNumberName":"UnknownParameter_D0_C2_3","parameterUnit":"Unknown","genProcessType":2,"genProcessTypeName":"Forecast","forecastTime":300,"surface1Type":103,"surface1TypeName":"Specified height level above ground","surface1Value":10.0,"surface2Type":255,"surface2TypeName":"Missing","surface2Value":0.0,"gridDefinitionTemplate":0,"gridDefinitionTemplateName":"Latitude_Longitude","numberPoints":615,"shape":6,"shapeName":"Earth spherical with radius of 6,371,229.0 m","gridUnits":"degrees","resolution":48,"winds":"true","scanMode":64,"nx":41,"ny":15,"basicAngle":0,"lo1":47.0,"la1":41.0,"lo2":87.0,"la2":55.0,"dx":1.0,"dy":1.0}, "data":
[rows 0 to 14 of 15, columns 0 to 40 of 41]
-0.7665863,-1.7665863,1.3334137,5.3334136,2.4334137,1.6334137,1.7334137,1.0334136,-0.3665863,-0.2665863,-1.6665863,-0.8665863,-1.5665863,-2.5665863,-2.8665862,-3.4665864,-3.5665863,-2.3665862,-4.1665864,-1.7665863,-1.3665863,-1.4665864,-1.3665863,-1.6665863,-2.0665863,-1.9665864,-1.1665863,1.7334137,0.2334137,-0.4665863,-0.8665863,-2.9665864,1.1334137,-1.1665863,-0.4665863,-0.8665863,0.6334137,-0.7665863,0.1334137,0.5334137,2.3334136
2.4334137,0.7334137,-0.7665863,5.133414,3.3334136,4.8334136,0.2334137,1.8334137,0.9334137,0.1334137,-0.9665863,-1.8665863,-1.6665863,-1.9665864,-3.3665862,-2.9665864,-1.8665863,-3.0665863,-4.5665865,-3.5665863,-2.3665862,-2.4665864,-0.2665863,0.9334137,-0.6665863,2.1334138,-1.2665863,2.7334137,0.2334137,1.6334137,0.5334137,3.2334137,0.8334137,-1.1665863,-2.9665864,-0.7665863,-1.2665863,-3.4665864,-2.6665864,-2.6665864,0.9334137
-0.3665863,-3.1665864,3.7334137,4.533414,2.0334136,3.0334136,2.1334138,1.8334137,1.8334137,0.6334137,0.5334137,-0.2665863,-1.3665863,-1.4665864,-2.3665862,-2.6665864,-2.3665862,-2.9665864,-3.2665863,-1.8665863,-2.8665862,-1.8665863,-1.0665863,-0.7665863,1.6334137,-1.2665863,-0.6665863,-0.0665863,0.7334137,1.3334137,2.5334136,1.3334137,1.2334137,0.6334137,-0.2665863,1.0334136,3.0334136,0.9334137,-0.4665863,-1.6665863,-2.3665862
-2.8665862,1.0334136,3.5334136,2.1334138,0.7334137,2.0334136,2.4334137,4.033414,3.4334137,2.5334136,1.3334137,1.0334136,-0.6665863,-0.5665863,-1.5665863,-2.0665863,-2.7665863,-3.3665862,-3.9665864,-3.0665863,-1.5665863,-1.5665863,1.7334137,1.5334136,0.033413697,-0.7665863,-2.2665863,-1.9665864,0.1334137,-1.7665863,-0.9665863,-0.7665863,-1.7665863,-0.0665863,-0.5665863,-2.7665863,-1.3665863,0.43341368,2.3334136,-0.2665863,1.6334137
-1.0665863,-0.8665863,1.0334136,0.3334137,-0.2665863,0.2334137,4.533414,5.3334136,4.633414,3.4334137,3.1334138,2.0334136,0.7334137,-1.0665863,-1.0665863,-1.5665863,-2.3665862,-2.5665863,-2.4665864,-2.3665862,-1.8665863,-0.9665863,-0.8665863,-0.8665863,-1.3665863,-1.9665864,-2.0665863,-1.9665864,-1.5665863,-2.4665864,-3.2665863,-0.2665863,1.3334137,1.9334137,-0.3665863,-0.7665863,0.5334137,-1.0665863,-3.2665863,-0.2665863,-1.0665863
0.43341368,-0.6665863,-1.0665863,-0.16658631,-0.3665863,-0.8665863,3.5334136,4.633414,4.4334135,3.3334136,2.7334137,2.2334137,1.7334137,-0.3665863,-0.9665863,-1.8665863,-1.3665863,-1.6665863,-1.8665863,-1.1665863,-1.3665863,0.1334137,0.6334137,-0.0665863,-0.16658631,-1.0665863,-1.9665864,-0.7665863,-1.2665863,-1.2665863,-2.0665863,-1.6665863,-1.3665863,-2.2665863,0.9334137,-1.1665863,2.7334137,1.3334137,-0.9665863,-1.3665863,-0.3665863
1.9334137,1.3334137,0.3334137,-0.5665863,-1.7665863,-1.0665863,2.0334136,4.4334135,4.633414,4.033414,3.4334137,2.5334136,2.0334136,0.2334137,-0.3665863,-0.8665863,-0.7665863,-0.6665863,-0.3665863,0.033413697,-0.3665863,-0.3665863,-0.3665863,-0.0665863,-0.16658631,0.2334137,-0.8665863,-1.4665864,-0.7665863,-0.8665863,-0.9665863,-1.4665864,-1.8665863,-0.2665863,-0.5665863,0.033413697,-1.5665863,-1.1665863,-1.3665863,-0.7665863,0.7334137
1.2334137,1.5334136,0.033413697,-0.2665863,-0.3665863,-0.8665863,0.7334137,3.7334137,4.4334135,3.7334137,3.9334137,3.5334136,1.6334137,1.5334136,0.1334137,0.6334137,0.8334137,1.7334137,2.1334138,1.5334136,0.1334137,0.7334137,0.033413697,0.3334137,0.3334137,0.43341368,0.033413697,-1.3665863,-0.8665863,0.8334137,0.43341368,0.2334137,-0.0665863,-0.3665863,-0.0665863,0.8334137,-0.2665863,-0.2665863,-1.0665863,-0.3665863,-0.7665863
0.3334137,1.0334136,0.8334137,0.7334137,0.2334137,-0.0665863,-1.0665863,2.3334136,2.6334138,2.8334136,2.4334137,2.0334136,1.5334136,1.0334136,0.6334137,0.43341368,1.3334137,2.6334138,3.4334137,3.1334138,2.1334138,0.9334137,1.3334137,1.8334137,2.2334137,2.2334137,1.5334136,1.1334137,0.8334137,-0.6665863,-0.6665863,0.43341368,1.1334137,2.0334136,2.4334137,2.4334137,-0.8665863,-1.2665863,-1.7665863,-2.0665863,-2.7665863
0.1334137,0.43341368,0.9334137,1.2334137,1.4334137,1.3334137,1.7334137,1.5334136,1.6334137,1.8334137,1.8334137,1.9334137,1.7334137,0.8334137,0.7334137,0.1334137,0.2334137,1.2334137,2.6334138,3.1334138,3.5334136,2.8334136,2.3334136,2.7334137,2.8334136,2.6334138,3.0334136,2.5334136,1.8334137,2.1334138,2.0334136,3.2334137,2.4334137,2.2334137,3.0334136,1.6334137,1.0334136,0.1334137,0.9334137,2.1334138,0.5334137
-1.3665863,-0.5665863,-0.7665863,0.6334137,1.2334137,1.8334137,2.3334136,2.5334136,2.2334137,1.9334137,2.4334137,2.5334136,1.5334136,1.8334137,1.1334137,1.3334137,1.0334136,1.3334137,2.0334136,2.8334136,3.5334136,3.5334136,3.1334138,3.3334136,3.1334138,3.3334136,2.6334138,3.7334137,3.5334136,3.0334136,3.2334137,2.5334136,2.9334137,3.7334137,5.4334135,3.6334138,1.9334137,2.3334136,2.1334138,1.6334137,0.9334137
-0.0665863,0.43341368,0.033413697,0.1334137,0.2334137,1.4334137,1.5334136,1.1334137,1.2334137,1.1334137,1.2334137,0.7334137,1.8334137,2.2334137,1.7334137,2.0334136,2.0334136,2.0334136,2.8334136,2.9334137,3.2334137,2.8334136,3.2334137,3.3334136,3.4334137,2.9334137,3.8334136,3.3334136,3.5334136,3.0334136,2.7334137,3.1334138,2.6334138,3.6334138,4.2334137,6.533414,5.8334136,2.6334138,2.4334137,1.0334136,-0.8665863
0.2334137,0.43341368,-0.16658631,0.6334137,1.0334136,0.8334137,0.8334137,1.6334137,1.6334137,2.3334136,1.2334137,0.3334137,0.43341368,1.7334137,1.9334137,2.9334137,2.7334137,1.8334137,1.8334137,2.7334137,3.1334138,3.5334136,3.5334136,3.6334138,3.6334138,4.2334137,3.5334136,2.9334137,3.4334137,3.2334137,3.3334136,3.2334137,3.3334136,3.3334136,3.4334137,4.8334136,5.133414,3.6334138,4.2334137,4.533414,2.8334136
1.3334137,1.1334137,0.5334137,1.1334137,0.7334137,1.2334137,1.7334137,2.2334137,2.7334137,2.8334136,1.9334137,1.1334137,1.9334137,2.6334138,1.8334137,2.0334136,2.1334138,2.4334137,2.0334136,2.1334138,2.1334138,2.6334138,2.3334136,1.9334137,2.3334136,3.1334138,3.8334136,4.033414,3.0334136,3.2334137,3.1334138,2.9334137,3.2334137,3.3334136,2.7334137,3.9334137,3.5334136,3.9334137,3.7334137,3.8334136,5.2334137
1.4334137,1.4334137,0.43341368,1.7334137,1.8334137,2.1334138,2.0334136,2.3334136,2.6334138,2.9334137,2.9334137,2.8334136,1.7334137,-0.0665863,2.9334137,2.8334136,2.6334138,2.3334136,2.9334137,3.0334136,3.1334138,3.2334137,3.1334138,3.2334137,3.3334136,3.3334136,3.7334137,3.5334136,3.6334138,3.5334136,3.7334137,5.133414,3.1334138,3.3334136,3.3334136,3.2334137,3.0334136,3.2334137,3.2334137,3.9334137,3.8334136
