wind_kz.json
{"header": {"discipline":0,"disciplineName":"Meteorological products","gribEdition":2,"gribLength":1025,"center":7,"centerName":"US National Weather Service - NCEP(WMC)","subcenter":0,"refTime":"2023-08-26T00:00:00.000Z","significanceOfRT":1,"significanceOfRTName":"Start of forecast","productStatus":0,"productStatusName":"Operational products","productType":1,"productTypeName":"Forecast products","productDefinitionTemplate":0,"productDefinitionTemplateName":"Analysis/forecast at horizontal level/layer at a point in time","parameterCategory":2,"parameterCategoryName":"UnknownDiscipline_0_Category_2","parameterNumber":3,"parameterNumberName":"UnknownParameter_D0_C2_3","parameterUnit":"Unknown","genProcessType":2,"genProcessTypeName":"Forecast","forecastTime":180,"surface1Type":103,"surface1TypeName":"Specified height level above ground","surface1Value":10.0,"surface2Type":255,"surface2TypeName":"Missing","surface2Value":0.0,"gridDefinitionTemplate":0,"gridDefinitionTemplateName":"Latitude_Longitude","numberPoints":615,"shape":6,"shapeName":"Earth spherical with radius of 6,371,229.0 m","gridUnits":"degrees","resolution":48,"winds":"true","scanMode":64,"nx":41,"ny":15,"basicAngle":0,"lo1":47.0,"la1":41.0,"lo2":87.0,"la2":55.0,"dx":1.0,"dy":1.0}, "data":
[rows 0 to 14 of 15, columns 0 to 40 of 41]
2.3019555,2.3219557,-1.0980444,1.5619556,-1.2980444,-3.9180443,-4.028044,-2.5780444,-1.8380444,-2.9880445,-1.9380444,-2.7880445,-3.5280445,-3.5580444,-2.4980445,-4.4580445,-5.298044,-5.0080442,-2.4180443,-3.7280445,-5.1480446,-3.9980445,-3.2680445,0.63195556,6.4819555,2.6919556,1.5219556,1.8219556,-1.4380444,-0.21804443,4.1419554,0.82195556,-0.86804444,-4.2480445,-4.3480444,0.30195558,-0.8980444,-3.8580444,-3.8380444,-3.2280445,2.4119556
-2.5480444,1.3019556,2.6019557,1.0619556,-0.96804446,-4.4180446,-3.6380444,-4.3380446,-3.8180444,-4.0580444,-3.3380444,-0.9380444,-1.4680444,-0.8880444,-2.7180445,-2.0980444,-3.6480443,-3.5880444,-2.7580445,-1.3380444,-2.6480443,-2.6380444,-3.1680443,-0.18804443,2.5919557,4.3419557,2.9019556,0.9319556,0.25195557,3.4219556,0.65195554,2.9919555,1.7219555,1.6819556,-2.4880445,2.6519556,2.1619556,3.3619556,1.5219556,-0.048044432,-0.32804444
0.49195558,5.3119555,3.7519555,1.2019556,0.50195557,1.0419556,-3.2180445,-4.0580444,-3.5980444,-4.2380443,-5.0780444,-4.1780443,-2.9380445,-5.9680443,-4.6280446,-2.1880445,-2.2880445,-2.2680445,-4.0880446,-4.3280444,-3.5580444,-1.2480445,-0.47804442,1.0519556,-0.7080444,-1.8680444,-2.2180445,-4.4980445,-2.4280443,-1.6480445,-0.86804444,-1.9380444,-0.018044434,0.8519556,-0.14804444,3.2019556,-2.5680444,-3.1880445,5.5219555,1.9419556,0.6819556
3.7819555,4.3519554,3.1819556,1.4919555,0.48195556,-3.2680445,-4.0180445,-3.6680443,-4.6280446,-4.0780444,-3.4780445,-3.0980444,0.45195556,-1.8380444,-4.0580444,-4.548044,-1.1080444,-0.55804443,-1.2180444,-3.1580443,-2.2780445,-2.0280445,-3.2180445,-0.028044434,0.6119556,0.53195554,-0.14804444,-0.6880444,-2.1580443,-3.5980444,-6.2680445,-2.0080445,2.9219556,1.9519556,0.53195554,1.8919556,-0.7580444,1.2219555,-0.7680444,-2.3380444,-4.3880444
4.5019555,4.0219555,3.1019557,1.1319556,-2.6680443,-4.7280445,-6.2580442,-5.9280443,-6.1480446,-5.5680447,-3.6880445,-2.5880444,5.7719555,2.3619556,0.30195558,-0.66804445,-0.22804444,-1.6880444,0.71195555,-1.0280445,-1.9280444,-1.9580444,-1.4080445,-1.3880445,-1.5880444,-0.49804443,1.6019555,1.9319556,1.1319556,-0.78804445,-4.1680446,-5.8780446,-3.4680445,0.35195556,0.9919556,3.4319556,1.2319555,-2.2580445,-3.3280444,-3.2680445,-4.3680444
0.25195557,1.3919556,9.261955,2.0519555,-0.44804442,-1.7280444,-2.2880445,-5.4980445,-6.1380444,-5.4180446,-4.7480445,-4.6580443,-1.5780444,4.2619557,0.51195556,-3.8080444,-3.8180444,-3.2180445,-0.77804446,-2.2880445,0.57195556,1.0519556,-2.0080445,-2.2080445,-2.4080443,1.8519555,1.4319556,4.201956,2.0519555,1.5319556,0.0019555665,-3.6180444,-3.7980444,-3.1580443,-0.19804443,-0.23804444,-1.2380444,-2.2080445,2.7819555,-0.26804444,-1.9880444
-4.028044,-4.3780446,-4.1280446,-5.3280444,-4.2380443,-6.5080442,-7.2380443,-7.028044,-6.2380443,-6.4680443,-6.278044,-6.2080445,-6.0080442,-5.9280443,-4.1180444,-5.1980443,-3.1680443,-2.4580445,-5.1580443,-4.2480445,-1.1580445,0.39195555,-2.1280444,-0.8980444,-1.1980444,-1.9880444,1.2219555,3.8519557,6.0919557,4.9019556,1.6019555,-0.38804445,2.4419556,0.42195556,-1.6380445,-0.72804445,2.0419555,1.4119556,-0.84804446,1.4719555,-0.9480444
-2.7680445,-3.5180445,-4.3780446,-5.3180447,-5.7380443,-4.8680444,-5.3980446,-5.6080446,-2.5680444,-4.6780443,-3.8180444,-4.5880446,-3.0280445,-2.6580443,-2.0880444,-3.1280444,-2.5480444,-2.9480445,-1.2980444,-3.7380445,-2.2280445,0.26195556,-2.6080444,-0.91804445,-3.1980445,-0.10804443,0.48195556,1.2919556,3.2619555,4.6319556,4.4219556,2.4819555,1.9019556,0.97195554,1.4419556,0.65195554,-1.0280445,0.0019555665,1.1919556,1.3419555,0.8619556
-2.3480444,-3.7780445,-4.548044,-4.0780444,-3.7080445,-4.3680444,-5.5880446,-6.1480446,-6.0580444,-7.1780443,-4.6180444,-5.0880446,-3.3780444,-1.7480445,-1.3280444,-2.4680445,-0.53804445,-1.2380444,-0.55804443,-1.9180444,-0.66804445,-0.13804443,0.75195557,2.0419555,2.2519555,0.8119556,0.9919556,0.22195557,-0.23804444,3.5519555,3.4119556,3.1819556,3.1119556,2.7619555,2.6119556,1.5019555,-1.3580444,0.0019555665,1.0219556,1.8419555,0.9119556
-3.7680445,-4.6780443,-3.9580445,-3.7280445,-3.2580445,-4.3480444,-5.4880443,-5.8580446,-5.1480446,-5.4680443,-5.3080444,-4.5380445,-4.9580445,-5.028044,-6.3780446,-4.8080444,-1.9680444,-1.3080444,-0.7580444,-1.6880444,-0.86804444,-1.4180444,-0.42804444,-1.0080445,-2.0880444,-0.5080444,-0.96804446,2.9519556,0.6619556,-1.3380444,-6.3980446,1.8019556,1.2119555,0.41195557,0.76195556,-2.1680443,-0.91804445,-0.35804445,-0.8380444,0.57195556,0.49195558
-3.1580443,-5.028044,-3.5380445,-2.4480445,-3.4080443,-4.4880443,-4.9880443,-4.0980444,-4.9580445,-4.4580445,-2.9380445,-4.9080443,-4.5880446,-4.9080443,-5.8480444,-5.3480444,-5.1180444,-3.5380445,-1.6380445,0.15195556,2.0219555,0.18195556,1.3219556,3.2419555,3.0519555,2.4319556,0.75195557,1.5119556,-0.19804443,0.27195558,-0.30804443,-4.4580445,-3.9080443,2.8919556,-0.23804444,-0.5680444,-0.42804444,0.49195558,0.51195556,-0.86804444,-0.34804443
-3.6680443,-4.0780444,-3.1080444,-2.7680445,-3.3780444,-3.8180444,-4.5080442,-4.9980445,-5.528044,-5.5880446,-2.2380445,-0.77804446,-1.8080444,-2.7680445,-5.1780443,-6.8680444,-6.6280446,-5.4080443,-4.0380445,-2.7280445,0.29195556,-0.5080444,0.58195555,0.7419556,1.6819556,3.3019555,2.2919555,0.42195556,2.2119555,5.7619557,2.4019556,3.1219556,-2.0980444,-2.4080443,-0.9480444,-1.9180444,-2.5580444,-1.7980444,-1.6980444,-0.99804443,-1.1580445
-2.4180443,-3.9880445,-3.9080443,-2.4480445,-3.0180445,-1.9980445,-3.8680444,-5.2580442,-6.3080444,-5.1980443,-3.5680444,-2.4480445,-1.7180444,-4.3780446,-2.7280445,-0.5180444,-3.9080443,-3.8180444,-3.6880445,-2.6280444,-2.0480444,-0.8880444,1.8319556,0.8719556,1.4519556,0.5619556,3.1919556,4.8319554,3.1919556,0.64195555,-0.44804442,4.201956,3.2019556,-2.0880444,1.4019556,-0.85804445,-1.9380444,-1.5080445,-1.2780445,-0.86804444,-1.3980445
-2.1280444,-3.0780444,-3.6480443,-3.0880444,-1.7080444,-3.4080443,-3.7980444,-4.298044,-5.798044,-3.3180444,-2.8580444,-3.4780445,-4.1780443,-5.1980443,-6.0180445,-5.4380445,-4.2880445,-2.2580445,0.121955566,-0.54804444,-1.1980444,-1.2580445,-1.4880444,-1.7580445,0.6219556,1.4519556,2.2119555,3.0519555,4.1419554,5.4419556,1.8419555,1.6719556,3.1519556,3.7019556,1.6519556,0.7919556,2.0419555,1.5119556,0.59195554,1.9119556,1.2719556
-1.0880444,-3.4980445,-1.8080444,-3.2780445,-2.0280445,-2.1380444,-3.3780444,-3.5480444,-4.3180447,-5.528044,-3.1680443,-4.2880445,-0.39804444,-3.5680444,-5.6380444,-6.0880446,-5.7280445,-2.7980444,-2.4880445,-2.7480445,-0.92804444,-1.4580444,-0.8180444,1.8119556,4.1719556,4.3219557,3.8319557,3.4819555,4.1319556,4.3319554,2.1419556,1.4719555,1.7619556,3.3719556,2.2419555,2.6419556,2.2219555,4.1519556,2.5319555,1.2019556,1.2519555
