wind_kz.json
{"header": {"discipline":0,"disciplineName":"Meteorological products","gribEdition":2,"gribLength":1025,"center":7,"centerName":"US National Weather Service - NCEP(WMC)","subcenter":0,"refTime":"2023-09-28T06:00:00.000Z","significanceOfRT":1,"significanceOfRTName":"Start of forecast","productStatus":0,"productStatusName":"Operational products","productType":1,"productTypeName":"Forecast products","productDefinitionTemplate":0,"productDefinitionTemplateName":"Analysis/forecast at horizontal level/layer at a point in time","parameterCategory":2,"parameterCategoryName":"UnknownDiscipline_0_Category_2","parameterNumber":2,"parameterNumberName":"UnknownParameter_D0_C2_2","parameterUnit":"Unknown","genProcessType":2,"genProcessTypeName":"Forecast","forecastTime":240,"surface1Type":103,"surface1TypeName":"Specified height level above ground","surface1Value":10.0,"surface2Type":255,"surface2TypeName":"Missing","surface2Value":0.0,"gridDefinitionTemplate":0,"gridDefinitionTemplateName":"Latitude_Longitude","numberPoints":615,"shape":6,"shapeName":"Earth spherical with radius of 6,371,229.0 m","gridUnits":"degrees","resolution":48,"winds":"true","scanMode":64,"nx":41,"ny":15,"basicAngle":0,"lo1":47.0,"la1":41.0,"lo2":87.0,"la2":55.0,"dx":1.0,"dy":1.0}, "data":
[rows 0 to 14 of 15, columns 0 to 40 of 41]
2.5364673,0.5564673,-1.6735327,-1.7335327,-5.0935326,-5.603533,-7.0135326,-7.083533,-6.9235325,-3.5635328,-3.4635327,-2.7235327,-2.0835328,-1.6335328,-2.7435327,-1.5235327,-0.6335327,-0.7435327,-0.5035327,0.35646728,1.1364673,2.2364674,1.9364673,2.8864672,-0.9335327,-0.21353272,-0.5735327,2.8164673,0.47646728,1.3564672,-1.4535327,2.3264673,-0.08353271,-3.4435327,-6.1535325,-5.3435326,-6.043533,-4.833533,-4.9335327,-3.1035328,0.3164673
-0.4135327,-0.24353272,1.4064673,-2.6835327,-5.3835325,-5.1335325,-5.4235325,-6.5135326,-4.8235326,-2.9135327,-2.5035326,-2.9735327,-2.3435328,-2.9335327,-1.5435327,-1.6535327,-0.5635327,-0.8035327,-0.3235327,1.1664673,1.7864673,0.5664673,2.1064672,3.2264674,1.1364673,0.41646728,0.65646726,1.6264672,2.5364673,1.5164673,0.5564673,0.22646728,-2.7735326,0.5064673,0.4964673,-4.043533,-2.2835326,-3.1335328,0.4064673,-0.3235327,-1.1835327
1.9964672,8.466467,-1.7835327,-6.0335326,-6.0135326,-5.5135326,-5.353533,-4.0935326,-5.9235325,-5.483533,-5.3435326,-4.833533,-3.2335327,-2.3735328,-1.4235327,-1.1035327,0.056467284,1.5964673,2.6964674,2.9664674,1.8964673,1.8864673,0.7264673,3.1664672,2.0464673,-4.4135327,-0.9935327,3.0264673,0.006467285,1.8164673,-0.15353271,-2.2935326,0.16646728,0.4064673,-1.7235327,1.0564673,0.59646726,-0.13353272,0.3164673,1.3564672,0.6664673
4.6564674,7.6964674,-4.193533,-5.8935328,-4.6135325,-4.7835326,-3.2035327,-4.7435327,-4.2035327,-4.8835325,-5.043533,-5.123533,-2.8335328,-2.3035326,-1.2035327,-0.97353274,0.7364673,1.3164673,-0.6335327,-0.46353272,-0.65353274,1.2364672,0.6064673,2.9564674,1.6964673,-1.1635327,2.5564673,6.9064674,6.436467,4.896467,4.5764675,4.0864673,3.9464674,2.4464674,2.9264672,2.6164672,1.6864673,0.7064673,-1.4735327,-0.8035327,-1.9335327
-3.0535326,-4.2635326,-6.063533,-5.3635325,-4.8835325,-4.353533,-3.4935327,-2.9835327,-3.7835326,-3.9135327,-4.253533,-4.603533,-3.2235327,-2.9835327,-1.8535327,-2.2935326,-3.2835326,-4.313533,-4.733533,-5.1635327,-4.583533,-3.6035328,-3.4435327,-2.0835328,-0.84353274,0.23646729,0.11646728,0.5464673,2.0264673,3.7564673,2.0664673,2.8364673,2.9564674,0.64646727,-1.8535327,-2.3035326,-1.9835327,-2.5535326,-1.9135327,-2.3835328,-2.4535327
-7.4335327,-6.8935328,-6.3635325,-5.9135327,-5.443533,-4.8035326,-4.2835326,-4.2435327,-3.9535327,-3.7135327,-4.043533,-4.293533,-3.8435328,-3.5935328,-3.5135326,-3.3735328,-3.2235327,-3.8935328,-4.2635326,-4.2035327,-4.7835326,-3.6335328,-2.0335326,-1.2635328,-0.9435327,-0.24353272,0.08646729,-0.5735327,0.35646728,0.8664673,-0.3135327,0.14646728,3.2764673,5.3564672,1.6564673,1.7064673,0.52646726,-0.3735327,-1.4835327,-0.12353271,0.106467284
-6.373533,-6.1635327,-5.693533,-4.8235326,-4.7835326,-4.483533,-4.2835326,-4.443533,-4.6735325,-4.0735326,-3.8435328,-4.0535326,-3.3135328,-3.2635326,-3.7335327,-3.9535327,-2.9535327,-2.9835327,-2.6435328,-3.5835328,-3.5035326,-2.9635327,-1.8235327,-0.59353274,-0.66353273,-0.023532715,-0.8935327,-0.7735327,-1.5535327,-0.7135327,-0.23353271,0.16646728,-1.7935327,-2.7635326,-5.4035325,-1.4735327,0.24646729,-1.0935327,0.5164673,0.9764673,2.3964672
-5.023533,-5.2635326,-5.2435327,-4.853533,-4.083533,-4.083533,-3.5835328,-3.5135326,-3.4235327,-2.6235328,-2.0835328,-1.1735327,-1.5635327,-1.0435327,-1.3135327,-1.8035327,-2.5435326,-2.8735328,-2.8035326,-2.7235327,-3.2635326,-3.2335327,-3.1935327,-2.3835328,-1.6735327,-0.023532715,0.3064673,0.17646728,0.12646729,-1.4735327,-0.97353274,-0.10353272,0.9964673,-0.3535327,-0.6835327,-1.9335327,-1.6635327,-1.6135327,-4.1535325,-4.1435328,-0.8835327
-5.9935327,-5.873533,-5.9535327,-5.6435328,-4.733533,-4.1735325,-3.9635327,-4.0735326,-3.5135326,-3.1935327,-3.1135328,-2.9535327,-0.8135327,-0.8235327,1.3764672,1.1064672,0.52646726,-0.39353272,-1.2035327,-1.6835327,-1.8835328,-1.4835327,-1.3735328,-1.1935327,-1.3035327,-0.84353274,-1.0035328,-0.65353274,0.16646728,0.9164673,0.14646728,-0.8335327,-1.1235328,-0.3135327,-0.42353272,-1.2935327,-1.5535327,1.6864673,0.4364673,-0.3135327,0.5764673
-5.4735327,-4.9335327,-3.6735327,-3.4835327,-2.4035327,-1.9235327,-2.4635327,-3.3935328,-2.6235328,-2.5735328,-1.8135327,-0.8335327,0.45646727,1.4864672,1.8164673,2.2164674,2.9764674,2.8864672,2.2064674,1.7564673,2.3164673,2.5364673,2.1664672,2.1464672,1.7064673,1.1164672,0.7364673,0.6764673,0.21646729,0.3664673,0.9764673,1.1364673,0.6764673,-0.2835327,0.3464673,-0.8735327,0.17646728,-0.20353271,1.7264673,0.8064673,-0.59353274
-2.0535326,-1.8535327,-1.6835327,-1.1035327,-1.1435328,-1.7735327,-1.6135327,-1.3435327,-1.2035327,-0.60353273,0.26646727,1.4064673,1.9364673,2.2464674,2.3664672,0.7964673,0.5464673,1.9664673,3.3964672,4.2164674,4.0964675,3.6364672,3.7164674,3.4264672,3.0364673,3.0164673,3.4564674,1.9164673,2.3664672,2.9964674,2.6964674,1.9264673,2.1164672,1.9564673,1.5764673,-0.4435327,0.6964673,1.2264673,0.65646726,-0.16353272,0.8264673
-0.3235327,-1.1335328,0.3364673,0.6864673,0.3164673,-0.113532715,0.08646729,0.5364673,0.5064673,1.2364672,2.0064673,2.9564674,2.1364672,2.2664673,0.6364673,-0.8035327,-0.8135327,-1.2035327,-0.8635327,-0.20353271,1.1464673,1.6464673,3.8864672,4.3464675,4.0864673,3.4664674,3.3664672,2.9964674,2.7564673,2.8264673,3.1464672,3.5664673,3.1664672,2.8364673,2.4264672,2.4164672,2.4664674,2.1564672,1.2264673,0.8564673,0.32646728
0.20646729,-0.043532714,-0.113532715,0.24646729,0.6664673,0.9864673,1.4064673,2.0164673,2.6764672,1.5164673,2.2564673,3.7864673,3.4964674,3.5864673,2.7464674,1.8664672,1.3664672,2.3564672,2.1964674,2.9964674,3.0664673,3.6064672,3.7464674,3.5864673,3.0764673,2.5464673,3.1164672,3.3064673,4.476467,3.7364674,3.9964674,4.2364674,4.1064672,3.7664673,4.0964675,3.7864673,3.4364672,1.9964672,2.4664674,1.4964672,1.2264673
0.3364673,0.19646728,1.4564673,1.4964672,1.5964673,1.9064673,2.4264672,2.8964672,2.3864672,2.7664673,2.2164674,4.2564673,4.186467,4.3664675,3.5864673,4.416467,5.016467,5.2164674,4.9864674,5.536467,5.5064673,5.5064673,6.206467,5.686467,5.0764675,4.8564672,3.8564672,3.7764673,3.6064672,4.0264673,4.0664673,3.7864673,3.7064674,4.206467,4.166467,4.6164675,3.7664673,3.3064673,3.0364673,2.6064672,2.0964673
1.4164673,2.2564673,2.8764672,2.5764673,3.2564673,3.8864672,4.746467,4.726467,4.626467,3.7164674,2.6364672,5.146467,4.9864674,4.496467,6.536467,6.536467,6.6364675,6.7564673,6.0664673,6.3164673,6.3664675,6.4264674,6.396467,6.766467,6.706467,6.4664674,6.3364673,4.4464674,6.5064673,5.9464674,5.2764673,5.516467,5.416467,4.6064672,3.2064674,3.7364674,4.396467,4.936467,4.1064672,2.6464672,0.20646729
