wind.json
{"header": {"discipline":0,"disciplineName":"Meteorological products","gribEdition":2,"gribLength":1039,"center":7,"centerName":"US National Weather Service - NCEP(WMC)","subcenter":0,"refTime":"2023-06-29T18:00:00.000Z","significanceOfRT":1,"significanceOfRTName":"Start of forecast","productStatus":0,"productStatusName":"Operational products","productType":1,"productTypeName":"Forecast products","productDefinitionTemplate":0,"productDefinitionTemplateName":"Analysis/forecast at horizontal level/layer at a point in time","parameterCategory":0,"parameterCategoryName":"UnknownDiscipline_0_Category_0","parameterNumber":0,"parameterNumberName":"UnknownParameter_D0_C0_0","parameterUnit":"Unknown","genProcessType":2,"genProcessTypeName":"Forecast","forecastTime":180,"surface1Type":1,"surface1TypeName":"Ground or water surface","surface1Value":0.0,"surface2Type":255,"surface2TypeName":"Missing","surface2Value":0.0,"gridDefinitionTemplate":0,"gridDefinitionTemplateName":"Latitude_Longitude","numberPoints":688,"shape":6,"shapeName":"Earth spherical with radius of 6,371,229.0 m","gridUnits":"degrees","resolution":48,"winds":"true","scanMode":64,"nx":43,"ny":16,"basicAngle":0,"lo1":45.0,"la1":40.0,"lo2":87.0,"la2":55.0,"dx":1.0,"dy":1.0}, "data":
[rows 0 to 15 of 16, columns 0 to 42 of 43]
298.74155,290.14154,310.04156,319.74155,324.24155,298.14154,297.14154,295.94156,324.94156,325.54156,326.14154,326.24155,329.04156,328.74155,325.54156,322.44156,321.94156,323.64154,324.04156,327.44156,325.44156,321.64154,320.24155,323.64154,319.14154,316.14154,314.44156,303.44156,299.64154,304.84155,304.64154,311.44156,308.24155,299.14154,314.74155,315.74155,322.64154,324.24155,328.04156,328.94156,323.54156,324.94156,330.24155
297.04156,311.44156,313.24155,300.64154,311.14154,296.74155,296.84155,295.64154,316.84155,331.44156,327.94156,328.74155,324.84155,323.04156,321.74155,320.74155,322.84155,326.74155,325.74155,323.34155,330.44156,327.64154,330.44156,324.84155,321.14154,318.44156,319.64154,322.44156,314.24155,296.44156,300.04156,300.24155,295.84155,289.54156,300.04156,313.24155,322.34155,320.34155,323.04156,329.94156,327.74155,328.84155,331.64154
300.64154,294.74155,293.14154,308.24155,296.94156,297.24155,296.84155,294.34155,328.94156,329.04156,326.54156,326.44156,325.44156,323.74155,321.74155,320.54156,323.34155,325.84155,324.34155,327.84155,326.04156,329.64154,332.14154,330.34155,322.04156,298.84155,296.74155,294.84155,301.74155,300.44156,298.24155,291.94156,297.14154,292.44156,305.24155,273.24155,296.64154,317.94156,318.54156,327.04156,329.24155,318.74155,285.84155
298.24155,301.74155,310.34155,298.04156,297.64154,297.54156,296.34155,323.84155,325.84155,324.84155,318.84155,319.74155,322.24155,322.04156,320.44156,320.74155,320.94156,323.84155,323.24155,325.14154,328.44156,334.64154,326.04156,318.74155,328.04156,321.04156,324.74155,318.94156,318.84155,314.94156,312.74155,296.64154,293.14154,293.14154,302.44156,302.14154,303.44156,301.54156,297.84155,302.14154,302.84155,299.14154,292.24155
308.44156,313.34155,314.44156,298.24155,298.24155,297.64154,303.44156,323.14154,322.44156,325.94156,325.24155,326.84155,323.14154,317.84155,295.64154,294.84155,319.94156,323.84155,321.64154,324.94156,323.64154,322.64154,319.24155,319.54156,322.74155,323.84155,320.94156,310.14154,319.54156,315.14154,302.94156,320.74155,325.94156,324.44156,327.14154,332.54156,320.94156,312.74155,296.54156,286.14154,295.34155,316.74155,322.44156
312.54156,314.34155,316.44156,299.04156,298.74155,299.44156,307.24155,321.84155,326.04156,330.04156,323.74155,323.14154,323.74155,320.94156,295.94156,295.14154,292.34155,321.44156,322.74155,319.24155,317.34155,320.94156,324.04156,320.94156,322.34155,321.14154,321.44156,319.54156,315.34155,310.84155,323.64154,322.94156,322.34155,317.44156,303.24155,297.24155,304.64154,318.84155,314.24155,329.84155,328.54156,324.04156,324.14154
313.64154,317.34155,317.74155,317.34155,299.44156,298.64154,298.34155,297.74155,325.84155,323.24155,323.24155,323.14154,323.74155,322.74155,298.54156,294.34155,307.04156,318.74155,322.04156,321.74155,317.24155,318.94156,318.24155,318.14154,316.34155,318.04156,313.04156,317.54156,317.04156,290.84155,317.94156,320.64154,320.14154,319.84155,319.64154,319.04156,313.84155,312.74155,308.84155,311.34155,335.34155,330.64154,323.34155
317.44156,317.14154,315.94156,315.44156,316.34155,318.64154,314.34155,320.54156,322.14154,320.74155,321.24155,318.84155,322.04156,319.94156,320.44156,321.04156,321.84155,321.44156,321.94156,323.14154,321.64154,316.94156,314.24155,312.64154,315.04156,315.44156,313.14154,316.34155,319.84155,320.74155,325.24155,326.04156,325.44156,324.44156,322.64154,320.84155,326.94156,318.74155,310.74155,309.44156,303.94156,300.84155,320.84155
313.04156,312.04156,315.24155,316.14154,316.34155,316.74155,317.84155,316.44156,320.84155,320.04156,319.14154,317.94156,311.84155,318.24155,319.94156,318.54156,319.84155,320.34155,322.34155,320.64154,318.34155,318.24155,316.74155,317.24155,315.24155,315.44156,317.04156,315.54156,316.44156,318.44156,315.94156,319.24155,317.14154,317.94156,315.44156,311.54156,316.04156,322.24155,323.24155,288.74155,317.84155,318.14154,312.44156
295.44156,312.54156,313.64154,315.44156,315.84155,315.74155,316.34155,317.84155,318.44156,317.54156,317.04156,316.14154,315.34155,315.94156,315.54156,317.74155,315.54156,317.84155,318.14154,319.34155,315.84155,315.24155,313.34155,313.44156,315.24155,314.84155,315.54156,316.64154,313.24155,311.34155,310.64154,308.64154,308.74155,310.04156,311.64154,312.14154,315.04156,311.84155,316.34155,310.84155,295.94156,292.74155,296.04156
306.54156,310.24155,311.44156,312.04156,312.94156,313.14154,312.94156,315.54156,313.14154,315.14154,315.64154,310.14154,311.84155,311.24155,312.74155,312.64154,312.64154,314.44156,315.64154,316.54156,317.34155,315.94156,311.54156,313.94156,316.34155,315.24155,312.94156,311.64154,311.84155,312.84155,309.34155,310.74155,308.44156,313.94156,312.84155,314.24155,313.24155,310.74155,305.54156,298.64154,299.54156,296.74155,293.34155
303.64154,298.14154,306.84155,307.34155,308.94156,309.04156,309.94156,311.24155,310.74155,309.34155,309.54156,307.94156,305.94156,304.74155,310.54156,309.14154,309.04156,310.64154,310.04156,313.54156,314.74155,311.74155,312.24155,312.24155,310.84155,310.64154,308.84155,308.84155,306.44156,313.14154,313.14154,316.34155,315.74155,315.74155,310.84155,309.24155,307.04156,307.74155,300.24155,299.54156,297.84155,296.54156,298.14154
301.84155,303.24155,304.34155,304.44156,306.44156,307.04156,307.44156,307.94156,306.04156,305.94156,305.74155,306.44156,303.64154,297.44156,293.74155,305.14154,306.54156,308.24155,307.24155,309.14154,307.84155,308.04156,307.94156,307.24155,307.04156,308.64154,307.74155,308.94156,310.04156,309.94156,313.84155,313.84155,309.44156,312.64154,309.84155,306.64154,305.14154,308.04156,303.94156,305.74155,297.84155,299.04156,300.24155
301.84155,303.64154,303.84155,304.44156,307.04156,305.24155,304.74155,299.14154,302.54156,307.34155,306.44156,303.04156,301.64154,298.44156,300.94156,301.64154,303.84155,303.64154,302.64154,303.74155,301.84155,301.24155,303.14154,295.74155,303.84155,305.64154,310.04156,310.44156,298.24155,310.34155,312.14154,311.94156,312.34155,310.74155,308.14154,309.44156,307.54156,305.34155,306.34155,304.54156,301.64154,303.34155,302.64154
300.54156,301.44156,303.14154,305.34155,298.44156,307.04156,305.34155,304.64154,304.64154,303.34155,298.34155,303.14154,302.54156,301.54156,302.24155,302.74155,301.34155,302.44156,303.34155,302.24155,303.64154,302.84155,303.24155,302.94156,306.14154,305.04156,307.44156,310.14154,308.14154,307.34155,307.64154,309.54156,310.44156,310.94156,310.24155,308.64154,306.24155,305.34155,305.04156,304.74155,305.74155,301.64154,302.54156
299.84155,300.44156,300.94156,303.14154,291.94156,304.84155,305.64154,306.64154,305.74155,303.64154,298.44156,300.94156,302.14154,296.44156,296.74155,301.94156,304.24155,304.24155,304.74155,304.74155,305.34155,301.74155,302.04156,301.94156,302.84155,303.44156,304.54156,306.14154,305.24155,306.74155,305.34155,306.34155,305.14154,296.34155,306.94156,306.84155,307.04156,305.14154,300.44156,301.64154,303.94156,303.64154,304.44156
