wind.json
{"header": {"discipline":0,"disciplineName":"Meteorological products","gribEdition":2,"gribLength":1211,"center":7,"centerName":"US National Weather Service - NCEP(WMC)","subcenter":0,"refTime":"2023-06-29T00:00:00.000Z","significanceOfRT":1,"significanceOfRTName":"Start of forecast","productStatus":0,"productStatusName":"Operational products","productType":1,"productTypeName":"Forecast products","productDefinitionTemplate":0,"productDefinitionTemplateName":"Analysis/forecast at horizontal level/layer at a point in time","parameterCategory":2,"parameterCategoryName":"UnknownDiscipline_0_Category_2","parameterNumber":3,"parameterNumberName":"UnknownParameter_D0_C2_3","parameterUnit":"Unknown","genProcessType":2,"genProcessTypeName":"Forecast","forecastTime":300,"surface1Type":103,"surface1TypeName":"Specified height level above ground","surface1Value":10.0,"surface2Type":255,"surface2TypeName":"Missing","surface2Value":0.0,"gridDefinitionTemplate":0,"gridDefinitionTemplateName":"Latitude_Longitude","numberPoints":688,"shape":6,"shapeName":"Earth spherical with radius of 6,371,229.0 m","gridUnits":"degrees","resolution":48,"winds":"true","scanMode":64,"nx":43,"ny":16,"basicAngle":0,"lo1":45.0,"la1":40.0,"lo2":87.0,"la2":55.0,"dx":1.0,"dy":1.0}, "data":
[rows 0 to 15 of 16, columns 0 to 42 of 43]
1.2124512,-0.40754882,-0.6275488,1.8124511,-5.007549,-6.717549,-6.3175488,-4.3375487,2.1524513,-0.45754883,0.012451172,-0.22754882,-0.89754885,-1.8975488,-2.7175488,-4.557549,-5.4575486,-6.947549,-7.367549,-8.647549,-9.947549,-4.657549,-6.577549,-4.287549,-2.917549,-1.7075489,-1.1975489,-3.3575487,-3.7075489,-3.3175488,-3.5275488,-7.4575486,-0.31754884,1.9424511,1.5024512,-2.137549,-2.1875489,-1.4975488,-2.5875487,-2.8375487,-3.9875488,-0.39754882,0.38245118
-1.3875488,-0.017548827,2.0124512,3.092451,-5.0875487,-7.287549,-6.9375486,-5.257549,0.84245116,-0.9975488,0.36245117,0.20245117,0.03245117,-0.107548825,-1.4775488,-3.137549,-5.1675487,-6.8375487,-6.9575486,-6.197549,-6.8375487,-6.8375487,-6.3375487,-5.027549,-2.4375489,0.78245115,6.4124513,1.8324512,1.8624512,1.2724512,-2.877549,-4.4375486,-4.3975487,-2.137549,-0.84754884,-0.89754885,1.8624512,-1.1575488,-5.517549,1.0824512,0.97245115,4.032451,4.402451
0.32245117,2.4624512,-0.8075488,0.8224512,-4.547549,-5.787549,-4.827549,-6.797549,0.5024512,2.7324512,0.46245116,1.7824512,1.3124511,1.0324512,-1.6175488,-4.037549,-5.387549,-5.7275486,-6.497549,-7.367549,-6.257549,-6.447549,-7.387549,-9.3075485,-6.527549,-2.1875489,1.2824512,0.0024511719,1.9624512,0.042451173,-0.027548827,-2.667549,-1.9875488,-3.8175488,-3.5475488,-4.287549,-4.117549,-10.187549,-10.857549,-12.607549,-11.147549,-5.517549,-0.24754883
0.15245117,0.49245116,-0.6175488,3.5524511,-3.0175488,-4.2075486,-0.21754883,-1.1275488,-6.247549,-2.167549,2.6624513,1.7724512,1.1524512,-1.4575489,-5.367549,-5.8375487,-3.5975487,-5.767549,-5.947549,-7.347549,-7.6075487,-5.9375486,-5.9575486,-4.097549,-7.737549,-5.7075486,-6.6475487,-6.597549,-6.3975487,-5.407549,-2.1875489,-2.9475489,-2.917549,-2.2675488,-4.077549,-5.747549,-3.397549,-3.3075488,-4.037549,2.852451,2.3924513,4.152451,-2.3275487
-3.5175488,-3.397549,-0.20754883,4.6224513,1.5224512,-0.54754883,1.2624512,0.15245117,-2.7475488,-7.577549,2.0624511,3.6524513,2.362451,-0.97754884,-1.4075488,-3.897549,-7.7075486,-5.787549,-4.257549,-5.927549,-5.657549,-6.4175487,-4.3975487,-6.6675487,-6.217549,-7.467549,-7.177549,-4.967549,-4.777549,-2.9475489,-6.247549,-6.3775487,-5.347549,-5.007549,-5.057549,0.79245114,3.1524513,0.78245115,0.59245116,-0.32754883,-1.7575488,4.8924513,3.592451
-5.507549,-4.4575486,-2.2875488,4.1824512,5.6224513,3.632451,1.2824512,5.282451,4.3324513,-1.3975488,3.632451,0.64245117,2.9324512,3.072451,1.9024512,-0.5675488,-3.917549,-3.407549,-3.3475487,-3.867549,-3.9875488,-5.7075486,-5.807549,-6.2275486,-6.9575486,-8.147549,-7.577549,-5.297549,-2.9375489,-3.397549,-5.3175488,-4.717549,-4.4175487,-3.5175488,0.012451172,-4.097549,-2.4975488,1.5824512,-4.007549,-0.7675488,-5.177549,-6.297549,-4.037549
-5.927549,-6.827549,-3.2775488,0.8124512,5.512451,3.362451,2.122451,1.7324512,-5.6475487,-8.357549,-4.847549,0.6924512,1.9624512,0.9924512,3.4124513,1.0924512,-0.77754885,-2.4675488,-5.497549,-4.9175487,-5.347549,-2.877549,-3.167549,-5.407549,-7.657549,-7.577549,-6.6475487,-5.247549,-3.7475488,4.6224513,-1.9675488,-2.907549,-3.117549,-4.137549,-5.4575486,-5.347549,-5.197549,0.9324512,1.2324512,-3.1875489,-6.117549,1.5324512,-3.0075488
-5.867549,-3.177549,-0.03754883,4.822451,2.6724513,4.402451,7.0624514,3.4124513,-2.887549,-1.8975488,-1.2975488,-0.047548827,-1.0975488,-1.9075488,1.9724512,0.78245115,-2.5475488,-3.4875488,-3.7775488,-3.3175488,-4.497549,-4.7275486,-4.137549,-6.657549,-6.4575486,-9.767549,-9.187549,-10.367549,-6.6875486,-6.7075486,-8.167549,-6.017549,-5.787549,-5.057549,-4.037549,1.0624511,-4.287549,-3.877549,-3.6875489,-2.637549,-3.677549,-0.36754882,-9.367549
-2.617549,-11.737549,3.5324512,7.8524513,8.582451,7.5824513,6.702451,3.082451,3.6624513,-2.387549,-2.397549,-1.2975488,-1.3375489,0.14245117,0.9324512,-0.6775488,-2.397549,-3.7275488,-4.597549,-4.427549,-4.8975487,-4.637549,-4.6075487,-7.717549,-5.9575486,-6.057549,-5.527549,-5.9175487,-6.4575486,-5.097549,-4.7075486,-4.7075486,-3.5975487,-3.5875487,-1.3375489,-1.5875489,-1.1075488,0.022451172,6.982451,3.9624512,1.6824511,0.35245118,-1.3375489
-0.52754885,14.062451,3.5024512,1.3924512,-0.8675488,-1.4675488,-2.407549,-2.397549,-1.5375488,-1.5175488,-0.8075488,-0.20754883,0.5524512,1.7124512,-0.19754882,-2.4875488,-2.897549,-3.0175488,-4.197549,-3.9875488,-3.5075488,-3.617549,-4.997549,-5.6875486,-7.487549,-7.757549,-5.1075487,-4.497549,-3.5875487,-2.5675488,-4.3375487,-3.367549,-2.167549,-4.7275486,-4.8575487,-0.66754884,-4.057549,-2.2475488,0.38245118,2.842451,2.082451,1.8224511,2.0024512
-3.867549,-3.5375488,-3.7775488,-3.3175488,-2.407549,-3.5575488,-4.617549,-4.267549,-5.097549,-5.1875486,-2.4475489,-0.13754883,-0.017548827,-0.7375488,-0.22754882,-2.397549,-3.0875487,-3.3375487,-2.7975488,-3.0675488,-2.7675488,-4.427549,-3.617549,-4.7075486,-3.9975488,-6.3375487,-5.4375486,-5.4775486,-3.8575487,-1.8175489,-2.7075489,-1.7675488,-0.79754883,-1.2575488,-3.9975488,0.19245118,0.83245116,0.062451173,-0.36754882,-0.85754883,2.862451,-0.17754883,-1.7575488
-2.7775488,-5.2275486,-1.7475488,-2.377549,-2.5475488,-4.1475487,-4.157549,-3.5775487,-4.797549,-5.077549,-4.077549,-2.5775487,-1.4575489,0.59245116,-0.41754884,-0.5175488,-0.85754883,-2.387549,-3.397549,-2.627549,-1.4875488,-3.6875489,-1.5475488,-4.657549,-4.467549,-4.777549,-3.4475489,-5.1475487,-5.007549,-6.037549,-3.897549,-1.3775488,-1.0075488,-2.7875488,-2.177549,-1.7775488,2.4124513,2.1924512,1.3824512,0.3724512,-0.6975488,-1.6675488,-1.1075488
0.8224512,-1.0375488,-2.5175488,-6.617549,-3.5175488,-3.2075489,-4.3575487,-4.197549,-4.197549,-4.3375487,-3.7175488,-3.9775488,-3.387549,-1.4675488,1.9824512,0.47245118,0.13245118,-0.8675488,-2.127549,-1.1675488,-1.1375488,0.13245118,-1.7175488,-1.6675488,-4.827549,-4.577549,-5.777549,-7.177549,-3.7175488,-5.757549,-5.527549,-6.367549,-1.9575489,-3.677549,-2.0875487,-2.9675488,2.112451,2.1924512,3.4124513,1.6624511,1.7424512,-2.0075488,1.9024512
-2.3375487,-1.6275488,-1.5375488,-3.0075488,-5.747549,-4.4375486,-5.2275486,-3.9975488,-4.967549,-4.537549,-4.517549,-4.057549,-1.4075488,-1.8175489,-2.0675488,1.4324511,0.16245118,0.22245117,0.062451173,-0.52754885,0.042451173,0.15245117,-0.36754882,-0.58754885,-4.9575486,-5.247549,-6.257549,-6.1875486,-6.277549,-5.027549,-6.237549,-3.0375488,-1.6675488,-6.0675488,2.4824512,-0.58754885,1.7824512,-1.1075488,4.442451,2.0424511,1.5924512,-1.5875489,-0.8275488
-3.917549,-4.1675487,-3.9475489,-3.3175488,-6.047549,-6.267549,-5.197549,-3.677549,-4.247549,-4.0875487,-3.6075487,-4.717549,-2.907549,-2.0675488,-2.177549,0.39245117,3.0324512,1.9824512,0.8124512,1.1724511,1.1324512,-0.5775488,-0.6275488,-1.3175489,-3.177549,-5.2075486,-5.117549,-5.307549,-4.697549,-4.047549,-5.157549,-5.287549,-3.7575488,-3.367549,-4.327549,4.0824513,-0.6275488,-0.91754884,-1.3375489,-0.36754882,0.08245117,-1.1675488,-0.8875488
-3.9675488,-4.597549,-3.387549,-5.2275486,-5.197549,-6.497549,-6.677549,-6.747549,-6.1275487,-5.137549,-4.277549,-2.3375487,-1.9575489,-1.7075489,0.17245117,-2.5875487,-6.497549,2.4624512,1.2724512,2.9024513,2.0624511,1.7224512,1.1424512,-1.3575488,-3.627549,-3.4975488,-3.387549,-5.527549,-6.267549,-5.0875487,-6.2275486,-5.157549,-4.4775486,-2.417549,0.08245117,-2.137549,-0.7475488,-3.0175488,1.6424512,-2.147549,-0.59754884,-0.84754884,-1.6675488
