wind_kz.json
{"header": {"discipline":0,"disciplineName":"Meteorological products","gribEdition":2,"gribLength":1025,"center":7,"centerName":"US National Weather Service - NCEP(WMC)","subcenter":0,"refTime":"2023-08-17T18:00:00.000Z","significanceOfRT":1,"significanceOfRTName":"Start of forecast","productStatus":0,"productStatusName":"Operational products","productType":1,"productTypeName":"Forecast products","productDefinitionTemplate":0,"productDefinitionTemplateName":"Analysis/forecast at horizontal level/layer at a point in time","parameterCategory":2,"parameterCategoryName":"UnknownDiscipline_0_Category_2","parameterNumber":3,"parameterNumberName":"UnknownParameter_D0_C2_3","parameterUnit":"Unknown","genProcessType":2,"genProcessTypeName":"Forecast","forecastTime":180,"surface1Type":103,"surface1TypeName":"Specified height level above ground","surface1Value":10.0,"surface2Type":255,"surface2TypeName":"Missing","surface2Value":0.0,"gridDefinitionTemplate":0,"gridDefinitionTemplateName":"Latitude_Longitude","numberPoints":615,"shape":6,"shapeName":"Earth spherical with radius of 6,371,229.0 m","gridUnits":"degrees","resolution":48,"winds":"true","scanMode":64,"nx":41,"ny":15,"basicAngle":0,"lo1":47.0,"la1":41.0,"lo2":87.0,"la2":55.0,"dx":1.0,"dy":1.0}, "data":
[rows 0 to 14 of 15, columns 0 to 40 of 41]
2.5843604,2.2043602,-2.4156396,-0.13563965,-3.1256397,-5.43564,-6.0656395,-3.4056396,-0.13563965,0.86436033,0.45436037,-2.3356397,-2.6356397,0.30436036,-0.37563965,-2.6456397,-4.6256394,-4.9256396,-3.6556396,-2.8056397,-2.6156397,-3.2456396,-0.31563964,1.8843603,3.4843605,2.6843603,1.1243603,-0.18563965,-0.8056396,-0.14563964,1.6943604,2.6843603,-1.0256397,-0.065639645,1.5843604,-0.16563965,-0.0056396485,0.79436034,0.76436037,1.0543604,-0.73563963
-1.3656397,-2.0356398,-0.40563965,-0.015639648,-2.0556397,-3.9556396,-5.0056396,-3.5156395,1.4943603,1.2643603,0.54436034,-1.0956397,-1.1156397,-0.21563965,-0.24563965,-2.2056396,-3.5256395,-2.7956398,-3.2556396,-3.6956396,-2.8456397,-1.8656397,-1.9956397,1.0443604,3.5043604,3.7643604,3.9843605,2.0043604,-0.6256397,2.2843604,-0.91563964,1.5443604,1.0243603,1.3943603,3.1343603,2.2743604,2.2543604,1.8743603,1.5543604,2.4143603,-1.3256396
-2.6356397,-4.6756396,-3.0556397,-1.3856397,-2.1756396,-2.8156397,-1.4156396,-1.4256396,0.23436035,0.71436036,-0.36563966,-1.2156396,-0.53563964,-0.25563964,0.14436035,-1.3856397,-2.6456397,-3.7256396,-3.6356397,-3.5456398,-3.4856396,-2.0056396,0.33436036,2.3443604,-3.0156395,-4.2556396,-3.7756395,-4.4256396,-0.35563964,0.21436036,-0.72563964,2.8543603,1.7243603,2.4543602,0.17436035,-2.9356396,-2.0556397,2.7043602,-1.8456397,0.6243603,0.44436035
-2.7356396,-3.1356397,-3.4456396,-4.5756397,-3.3756397,-4.6956396,-4.91564,-1.5956397,-0.38563964,1.0343604,1.4343604,0.73436034,0.19436035,0.96436036,-0.89563966,-0.73563963,-1.5456396,-1.8356396,-3.6056397,-4.3156395,-4.0756397,-1.6356397,-4.99564,-1.0356396,0.12436035,-0.04563965,-0.91563964,1.6343603,-0.18563965,1.7543603,5.6543603,1.4243604,0.46436036,-0.58563966,0.84436035,2.7043602,3.9643602,2.4043603,-3.5756397,-4.1756396,-2.1756396
-4.49564,-6.6356397,-6.6556396,-5.6556396,-5.74564,-6.2556396,-6.3756394,-3.0056396,-2.3056397,-1.0556396,0.38436034,1.4243604,3.3843603,3.1743603,1.5443604,0.6243603,-0.54563963,-1.0156397,-3.7556396,-3.0856397,-3.3156397,-2.8856397,-2.6456397,-2.1756396,-1.1356397,0.9443604,2.3843603,2.6943603,0.97436035,3.4643602,5.1143603,0.42436036,2.1043603,-0.78563964,1.4943603,2.2943604,1.6643604,0.19436035,-2.5356398,-0.8756397,-0.5656397
-5.3256397,-5.5556397,-5.3956394,-7.0056396,-7.47564,-6.9456396,-6.03564,-4.7756395,-0.46563965,-3.1056397,-4.4056396,-0.21563965,1.9743603,5.23436,3.9143603,1.9143604,0.7443603,1.2243603,-1.2256397,-2.3756397,-3.6356397,-3.2156396,-3.2956398,-2.9556396,-1.3656397,-0.40563965,0.76436037,4.6643605,-1.5556396,3.4143603,4.6743603,4.31436,1.9043603,0.64436036,0.07436035,5.9143605,-4.1756396,-1.9156396,0.0143603515,-0.45563966,-0.18563965
-5.8056397,-6.03564,-6.2556396,-6.4256396,-6.0556397,-4.8256397,-4.9456396,-5.3856397,-3.1056397,-1.1756396,-1.8656397,-2.6256397,-0.84563965,1.5043603,-0.30563965,0.64436036,1.6343603,3.4143603,2.6943603,-0.94563967,-3.7656395,-2.5056396,-3.1956396,-2.5456398,-2.7056396,-1.5156397,0.38436034,1.0143603,1.0043603,1.2943604,5.4243603,4.04436,2.3943603,4.0343604,4.4543605,3.3443604,3.3643603,3.2743604,-0.79563963,3.8743603,3.1243603
-5.6356397,-6.6056395,-6.7356396,-6.01564,-5.5256395,-5.2356396,-3.6956396,-4.45564,-4.9856396,-3.6556396,-2.4756396,-2.8456397,-2.9356396,-1.4956397,2.1943603,2.2243605,-5.3056397,4.2443604,4.50436,1.6343603,-2.2756395,-2.7056396,-1.8756397,-3.5156395,-2.8056397,-3.3456397,-3.0056396,-0.54563963,1.3043604,1.9643604,3.9143603,7.4343605,5.4543605,6.83436,6.0943604,-0.97563964,0.5043604,1.7143604,-0.57563967,1.0643604,2.1543603
-5.3956394,-6.16564,-6.5756397,-6.6356397,-6.0056396,-5.20564,-4.1156397,-3.4656396,-3.2256396,-3.6756396,-3.8456397,-3.1856396,-2.3256397,-1.0956397,1.3943603,3.2843604,2.1443603,0.90436035,5.4343605,3.2643604,0.84436035,-0.52563965,-1.1656396,-2.5956397,-3.4756396,-3.4056396,-3.5856397,-3.2556396,-2.9956396,0.61436033,4.0743604,8.79436,8.71436,8.1843605,1.2343603,7.27436,2.9743605,0.9943603,2.0743604,1.9043603,2.0443604
-5.3356395,-5.5956397,-5.91564,-5.45564,-5.3856397,-5.1256394,-3.8656397,-3.3356397,-3.8756397,-3.7056396,-3.7456396,-3.8656397,-3.7256396,-1.7956396,1.1143603,3.8843603,4.8243604,-1.4956397,-0.58563966,4.1643605,2.7243605,0.8243604,-0.24563965,-1.9056396,-3.0556397,-2.7056396,-2.1156397,-2.9056396,-3.6556396,-3.1956396,-1.8256396,0.6943604,2.6643603,0.6243603,3.5743604,2.9243603,3.4743605,1.7143604,1.5543604,-1.2256397,1.1743604
-5.2956395,-4.9656396,-4.8256397,-5.20564,-4.7356396,-4.5656395,-4.4456396,-2.6856396,-2.4956396,-4.2956395,-3.7256396,-2.8056397,-4.5456395,-4.5956397,-1.1356397,2.3643603,5.0743604,6.2043605,2.8543603,1.9543604,1.8643603,1.5343604,0.5643604,-1.3056396,-1.4756397,-1.9556396,-1.9056396,-1.4556396,-2.2356396,-3.6456397,-4.3756394,-0.60563964,5.6943603,2.8043604,-2.5656397,2.1343603,3.0843604,2.5343604,5.3543606,2.8643603,1.0543604
-4.7756395,-5.3356395,-4.1456394,-4.5556397,-5.18564,-5.3556395,-4.7556396,-3.1356397,-2.5556397,-2.7356396,-2.6656396,-3.8656397,-5.0456395,-5.5756397,-5.3356395,-4.6956396,-0.7556397,3.2843604,3.2543604,1.7743603,2.2743604,0.8743603,-0.45563966,-1.2556397,-1.3956397,-1.1656396,-1.0856396,-1.1656396,-0.90563965,-1.9156396,-2.2856398,-0.16563965,2.4443603,5.31436,6.54436,7.31436,4.8943605,1.4243604,0.43436036,2.8143604,-0.63563967
-2.8856397,-4.0656395,-2.8656397,-2.2356396,-3.8756397,-2.9356396,-4.1456394,-4.4656396,-2.4856396,-1.6756396,-1.0956397,-2.5456398,-2.7556396,-2.0556397,-1.9956397,-2.7456396,-4.0956397,-3.6356397,-2.4456396,-1.4456396,-0.34563965,-0.0056396485,-1.3856397,-2.3256397,-2.7756395,-2.0756397,-0.27563965,-0.30563965,0.98436034,0.44436035,-0.53563964,0.86436033,1.8243604,1.8443604,4.0943604,6.08436,5.8943605,2.7843604,4.1643605,3.3343604,1.4043603
-0.14563964,-2.4756396,-3.8556397,-2.1456397,-2.3156397,-2.5456398,-3.9756396,-3.4756396,-4.5756397,-2.2556396,-0.58563966,-0.84563965,-0.95563966,-1.3656397,-2.2356396,-2.1456397,0.80436033,0.61436033,-0.21563965,0.5043604,-0.32563964,-1.6356397,-2.6556396,-2.3356397,-1.6956396,-0.78563964,0.5743604,0.71436036,1.5243603,1.7543603,1.0443604,1.8743603,2.9543602,4.7043605,4.4243603,5.1343603,4.9143605,4.6043606,4.2443604,3.0343604,2.8043604
-0.70563966,-1.5856396,-3.3656397,-0.9356396,-1.0356396,-1.1556396,-1.7756397,-2.6556396,-3.2556396,-3.5656397,-0.82563967,-1.1856396,-1.0856396,-1.2656397,-2.4456396,-3.5556397,-3.1956396,-2.8656397,-1.8456397,-1.6056397,-2.4956396,-3.0756397,-2.0256395,-1.5556396,-0.015639648,0.9443604,2.4743605,2.8943603,2.9543602,1.9443604,3.0143604,2.7543604,3.8143604,4.56436,4.3543606,3.5243604,3.5443604,3.2043602,2.8243604,3.8743603,2.5043604
