wind_kz.json
{"header": {"discipline":0,"disciplineName":"Meteorological products","gribEdition":2,"gribLength":1025,"center":7,"centerName":"US National Weather Service - NCEP(WMC)","subcenter":0,"refTime":"2023-09-25T00:00:00.000Z","significanceOfRT":1,"significanceOfRTName":"Start of forecast","productStatus":0,"productStatusName":"Operational products","productType":1,"productTypeName":"Forecast products","productDefinitionTemplate":0,"productDefinitionTemplateName":"Analysis/forecast at horizontal level/layer at a point in time","parameterCategory":2,"parameterCategoryName":"UnknownDiscipline_0_Category_2","parameterNumber":2,"parameterNumberName":"UnknownParameter_D0_C2_2","parameterUnit":"Unknown","genProcessType":2,"genProcessTypeName":"Forecast","forecastTime":0,"surface1Type":103,"surface1TypeName":"Specified height level above ground","surface1Value":10.0,"surface2Type":255,"surface2TypeName":"Missing","surface2Value":0.0,"gridDefinitionTemplate":0,"gridDefinitionTemplateName":"Latitude_Longitude","numberPoints":615,"shape":6,"shapeName":"Earth spherical with radius of 6,371,229.0 m","gridUnits":"degrees","resolution":48,"winds":"true","scanMode":64,"nx":41,"ny":15,"basicAngle":0,"lo1":47.0,"la1":41.0,"lo2":87.0,"la2":55.0,"dx":1.0,"dy":1.0}, "data":
[rows 0 to 14 of 15, columns 0 to 40 of 41]
-0.8824115,-0.8124115,1.0275885,-5.6924114,-8.592411,-8.142411,-4.8524113,-5.3124113,-6.2824116,-3.4324114,-2.5124116,-3.5024116,-3.4224114,-3.3524115,-2.3324115,-1.9024115,-1.5524116,-2.4324114,-3.3224115,-2.7824116,-0.7124115,0.5175885,-0.3124115,-0.9624115,-1.4624115,-1.9724115,-2.2624116,-1.9224114,-0.3324115,-0.3924115,0.0475885,1.3175884,-0.2824115,0.1575885,-0.9624115,0.4175885,0.9875885,-0.3224115,-0.6124115,-1.6124115,-3.6424115
1.6575885,1.1375885,-5.4324117,-8.432411,-8.012411,-8.102411,-4.8024116,-6.8924117,-5.0524116,-3.4524114,-2.0724115,-3.3024116,-2.9824114,-2.5724115,-1.7424115,-2.5124116,-1.4224114,-3.7424116,-3.2124114,-2.4324114,-3.8024116,-1.5424114,-1.4624115,-2.3724115,-0.2624115,0.9575885,-1.0224115,1.2575885,-3.9824114,-1.5524116,0.1475885,-0.6424115,1.3475885,-2.7124114,0.4575885,-0.5924115,0.0975885,-1.5424114,-0.9524115,0.7775885,-7.9624114
-1.4524115,-5.4024115,-7.9624114,-7.9324117,-6.8624115,-5.6424117,-4.8424115,-3.3524115,-4.8624115,-3.6024115,-2.7224114,-3.5324116,-3.6724114,-3.3024116,-3.0224116,-3.2524116,-3.9824114,-3.1824114,-2.3324115,0.3075885,-3.5624115,-7.7624116,-7.7724113,-6.3824115,-0.4624115,-3.2924116,-2.6524115,-2.3724115,-1.3324115,-0.7024115,-1.5824115,1.4575886,0.3475885,-0.0424115,-1.7824115,-1.2424115,1.1375885,-0.2424115,4.8375883,5.5375886,2.6475885
-6.9924116,-8.242412,-7.8124113,-7.1424117,-5.7324114,-4.2224116,-3.2224114,-4.5024114,-3.6324115,-3.2924116,-3.3424115,-4.2224116,-5.4924116,-5.4024115,-3.7224114,-3.5924115,-3.8524115,-3.4824114,-3.9924116,-6.3624115,-6.6424117,-4.2424116,-2.2824116,-6.9424114,-7.4824114,-7.5324116,-7.6624117,-10.202412,-5.1624117,-2.0224116,1.4375885,-1.1524115,1.1075885,-1.3724115,-3.3824115,-1.7724115,-2.0324116,2.2575884,0.8275885,-0.2324115,-0.2624115
-7.2724113,-8.712412,-8.282412,-7.5224113,-5.7624116,-4.3624115,-4.4924116,-3.4324114,-4.0824113,-3.8724115,-4.5424113,-4.5424113,-5.3024116,-5.3224115,-4.6424117,-3.9924116,-3.9724114,-3.8124115,-4.2824116,-6.6924114,-8.132412,-7.4324117,-7.1124115,-6.4324117,-7.1624117,-6.9424114,-7.9824114,-5.8124113,-3.5824115,-2.8724115,-2.6024115,-1.5524116,-4.2324114,0.9475885,-1.3024116,-1.6824116,5.3375883,-4.7824116,-1.7624115,4.5975885,5.8575883
-6.2924113,-4.1524115,-6.7324114,-6.5124116,-6.5524116,-6.7424116,-4.3524113,-3.3724115,-2.9624114,-3.8024116,-4.0424113,-4.2824116,-4.2724113,-5.4524117,-4.5424113,-3.3924115,-3.6924114,-4.0524116,-4.7224116,-4.2624116,-4.9224114,-4.3024116,-4.3724117,-4.8424115,-4.8824115,-4.8024116,-3.2224114,-4.9224114,-1.8824115,-0.3624115,-0.3024115,-1.0124115,-2.2224114,-1.4524115,0.2975885,0.2175885,2.2975886,3.1975884,3.2975886,-5.0424113,-10.002412
-4.0124116,-4.2024117,-4.4124117,-4.1924114,-4.1224117,-4.0824113,-4.1624117,-4.2024117,-3.9024115,-3.7224114,-3.8524115,-3.9424114,-3.5524116,-2.8724115,-2.5224116,-2.9324114,-3.4024115,-3.6024115,-4.0624113,-4.3824115,-3.8324115,-3.7324114,-3.5224116,-3.3724115,-2.8724115,-2.3724115,-1.5024115,-0.8324115,0.0775885,-1.0024115,-1.0524116,-0.18241149,-0.3824115,-0.6924115,2.0575886,-1.7024115,-0.4124115,0.2475885,2.0475886,0.007588501,1.4775885
-3.3524115,-2.6424115,-0.7124115,-1.6824116,-3.7924116,-3.8924115,-3.2624116,-2.6324115,-2.6724114,-3.2124114,-3.3024116,-3.3724115,-3.0224116,-2.9524114,-2.4024115,-2.6724114,-3.1424115,-3.2824116,-3.1424115,-3.5224116,-2.5324116,-2.2324114,-1.7024115,-1.6824116,-0.9324115,-0.002411499,1.1475885,1.4975885,1.3275886,2.2875886,2.6875885,3.6975884,3.5375886,2.3575885,0.8375885,2.3875885,2.6675885,5.2775884,3.5275886,5.8975887,1.2175885
-3.1824114,-3.0324116,-3.0124116,-2.5324116,-2.6224115,-2.0224116,-2.1724114,-2.6524115,-2.1524115,-1.7224115,-1.8324115,-1.8224115,-1.5124115,-1.8224115,-1.7124115,-1.9824115,-2.1224115,-2.5024116,-2.5124116,-2.0124116,-1.0724115,0.6475885,1.1675885,1.4675885,1.8275886,2.2975886,1.6975884,2.1875885,2.9875884,2.7975886,4.0575886,3.5275886,4.3475885,2.4375885,2.6475885,0.9575885,1.2275885,0.2775885,0.6975885,0.8575885,0.7875885
-3.6224115,-3.2524116,-3.2024114,-1.4924115,-1.4724115,-0.1024115,0.1475885,-1.0324115,-1.3924115,0.1975885,0.2775885,0.7475885,0.6175885,1.3075885,1.5375885,1.3675885,1.2775885,1.5475885,1.2175885,1.0275885,2.2175884,2.9175885,3.3575885,3.3975885,3.1575885,3.2675886,3.5375886,4.3075886,4.4875884,5.2975883,5.3075886,4.9975886,3.9675884,3.2875886,2.2975886,0.6375885,-1.3324115,-0.8524115,1.5375885,1.1875885,1.0075885
-2.6524115,-2.9924116,-2.4524114,-1.8824115,-0.9524115,0.3975885,-0.4424115,-0.5124115,-1.0024115,-0.7924115,0.1875885,0.8175885,1.3275886,2.0475886,2.3275886,2.2275884,2.6275885,2.2875886,2.2575884,3.1975884,3.5375886,3.4675884,3.5975885,3.4875884,3.3975885,3.3275886,3.8875885,3.7475884,4.9975886,5.7075887,4.5175886,2.7475884,2.5375886,2.4475884,2.9475884,-1.6324115,-0.7124115,0.6275885,-0.5224115,0.7475885,0.0475885
-0.3324115,-0.2824115,-0.25241148,-0.9724115,0.4875885,-0.8424115,-0.6224115,-0.3324115,0.1375885,-0.4424115,-0.3024115,1.7575885,1.2175885,1.8075885,1.2675885,-0.012411499,1.7675885,2.5075884,2.0275886,2.9275885,2.4675884,2.5875885,2.5975885,2.7275884,3.4575884,3.8075886,3.7975886,4.8875885,4.5475883,3.2275884,1.7175885,3.0075884,2.5375886,2.4875884,2.5675886,2.0575886,3.6775885,2.8275886,1.7375885,-0.0524115,-0.0724115
1.1775885,1.1075885,1.5475885,1.7875885,1.3775885,-0.0324115,0.0975885,0.7975885,1.9275885,-0.1724115,-0.2124115,1.0075885,1.0175885,1.4675885,1.3075885,1.7475885,1.8875885,2.7275884,2.2275884,2.8875885,2.3175886,2.4975884,2.7875886,2.3475885,4.0575886,3.4975884,3.6875885,3.6675885,3.3575885,1.9475884,2.5175886,2.4675884,2.7575884,2.5275886,1.8775885,2.9075885,3.2875886,1.4875885,4.0675883,3.1375885,1.8875885
2.1475885,1.7375885,1.2375885,2.2475884,0.6275885,0.49758852,0.7575885,1.0875885,1.2475885,0.3075885,-0.4324115,0.007588501,1.4775885,1.3975885,2.3275886,2.9275885,3.0275886,3.0275886,2.8375885,3.2175884,3.2475884,3.0775886,3.4575884,3.5075884,4.1875887,3.0075884,2.5475886,3.0275886,2.0375886,1.9275885,1.8375885,2.4275885,2.7175884,2.8175886,2.1075885,1.5575885,2.6775885,1.6575885,1.0675884,0.7175885,0.7275885
0.9075885,2.4775884,3.1575885,2.5975885,2.5575886,1.1975884,1.9575886,1.5675884,2.2375884,0.4275885,-0.4924115,0.6175885,1.1675885,1.5575885,3.4375885,3.2175884,3.2775886,3.2075884,2.7275884,3.4775884,3.3075886,3.4675884,3.3875885,3.8075886,3.4975884,3.2575884,3.0575886,2.7775886,1.8475885,2.2475884,2.7675886,3.0275886,1.3275886,1.3775885,1.7375885,2.4675884,2.7175884,2.0775886,1.6275885,0.6375885,-0.012411499
