wind_kz.json
{"header": {"discipline":0,"disciplineName":"Meteorological products","gribEdition":2,"gribLength":1025,"center":7,"centerName":"US National Weather Service - NCEP(WMC)","subcenter":0,"refTime":"2024-02-03T06:00:00.000Z","significanceOfRT":1,"significanceOfRTName":"Start of forecast","productStatus":0,"productStatusName":"Operational products","productType":1,"productTypeName":"Forecast products","productDefinitionTemplate":0,"productDefinitionTemplateName":"Analysis/forecast at horizontal level/layer at a point in time","parameterCategory":2,"parameterCategoryName":"UnknownDiscipline_0_Category_2","parameterNumber":3,"parameterNumberName":"UnknownParameter_D0_C2_3","parameterUnit":"Unknown","genProcessType":2,"genProcessTypeName":"Forecast","forecastTime":60,"surface1Type":103,"surface1TypeName":"Specified height level above ground","surface1Value":10.0,"surface2Type":255,"surface2TypeName":"Missing","surface2Value":0.0,"gridDefinitionTemplate":0,"gridDefinitionTemplateName":"Latitude_Longitude","numberPoints":615,"shape":6,"shapeName":"Earth spherical with radius of 6,371,229.0 m","gridUnits":"degrees","resolution":48,"winds":"true","scanMode":64,"nx":41,"ny":15,"basicAngle":0,"lo1":47.0,"la1":41.0,"lo2":87.0,"la2":55.0,"dx":1.0,"dy":1.0}, "data":
[rows 0 to 14 of 15, columns 0 to 40 of 41]
-4.894558,-3.6345582,2.8754418,2.3854418,6.9454417,13.235442,10.925442,6.395442,2.935442,3.215442,4.7154417,4.2354417,3.655442,3.3554418,4.345442,3.435442,3.735442,1.9154419,1.965442,2.0754418,2.225442,3.775442,0.9254419,-1.534558,-0.8345581,-1.6045581,-1.5745581,0.6154419,3.005442,3.485442,-0.21455811,-2.4045582,1.6154419,-0.9845581,0.8354419,0.3054419,-1.1745582,-0.13455811,-1.4345582,0.3554419,-0.8645581
6.585442,0.025441894,1.2954419,1.1954418,4.1554418,11.485442,7.145442,7.165442,4.745442,4.335442,4.835442,4.875442,3.895442,3.195442,3.915442,4.9254417,3.3354418,1.2254419,2.275442,3.5554419,3.705442,2.3854418,1.7554419,1.8854419,-2.2145581,-1.784558,-3.2045581,1.4454418,0.8354419,1.2354419,5.775442,5.9254417,0.1654419,-1.3245581,-4.444558,-2.8645582,-0.6345581,-2.1245582,-1.3345581,-0.2045581,1.205442
-0.7345581,1.3754419,-1.6245581,2.975442,5.615442,9.585442,7.4054418,5.2354417,4.605442,4.085442,4.4454417,4.4054418,4.135442,3.8454418,4.025442,5.095442,5.105442,4.875442,4.555442,3.8454418,3.205442,1.3854419,-0.1945581,0.6854419,1.5254419,2.405442,0.6754419,0.2554419,-0.1445581,2.945442,4.2354417,2.265442,3.195442,-2.4445581,-0.3645581,2.8854418,6.385442,0.3054419,1.0554419,-0.1945581,-0.014558106
-0.3045581,-1.784558,-3.054558,-0.5745581,6.835442,8.185442,5.625442,8.425442,6.7554417,5.315442,4.295442,3.955442,5.265442,5.775442,4.135442,4.475442,4.9454417,4.245442,4.325442,4.2554417,3.6354418,2.505442,1.3854419,1.8154418,1.8454419,1.4354419,2.465442,-0.89455813,3.8754418,2.765442,0.3654419,-1.2245581,-1.0745581,0.06544189,-0.7345581,-3.794558,-2.494558,2.5754418,3.1154418,1.5254419,1.3854419
3.8454418,3.1154418,1.1254419,-0.4145581,-3.564558,7.4054418,9.435442,8.405442,6.395442,5.495442,5.055442,5.1554418,5.7154417,5.355442,7.4054418,4.415442,4.6754417,4.625442,4.135442,4.285442,2.1054418,1.4854419,1.1254419,1.2354419,0.5954419,-0.0045581055,0.025441894,0.6354419,0.9654419,-0.3345581,-1.4845581,1.0554419,2.425442,3.3354418,-1.7145581,-1.6245581,0.2354419,-0.7145581,1.1554419,0.7054419,-0.7945581
7.305442,5.835442,6.795442,5.125442,3.945442,-0.4945581,0.7354419,10.195442,8.955441,5.545442,4.9454417,4.265442,3.955442,5.9854417,5.045442,5.605442,5.895442,4.9854417,4.915442,3.705442,3.395442,4.015442,3.7854419,1.9754419,1.5954419,0.5654419,-0.9645581,-1.6845582,0.3854419,0.0054418948,-1.2145581,-1.7245581,-0.2245581,-0.9245581,2.1354418,7.365442,4.9254417,4.875442,0.2654419,-0.9745581,-1.3145581
10.125442,6.955442,5.395442,4.995442,6.415442,4.455442,6.015442,2.925442,6.225442,6.345442,4.765442,3.645442,3.5454419,3.265442,5.805442,6.085442,7.6954417,5.125442,6.125442,5.565442,4.205442,3.685442,4.455442,4.145442,2.3854418,1.8254418,-1.9545581,-1.5745581,-2.4645581,-0.5645581,-0.9145581,-2.504558,-3.4445581,-1.6845582,-2.274558,-2.064558,-3.994558,-0.8845581,0.8254419,-0.9245581,1.8254418
7.085442,6.0054417,5.585442,5.515442,5.085442,6.2354417,8.595442,8.385442,7.595442,7.775442,7.6554418,7.045442,4.565442,5.885442,6.355442,7.355442,7.265442,7.6754417,7.625442,7.645442,4.705442,3.8454418,3.675442,6.365442,6.275442,3.465442,5.245442,-0.21455811,-0.28455812,-2.474558,-1.3745581,-0.7745581,-1.4645581,-1.3145581,0.5354419,0.46544188,0.14544189,-0.8745581,-0.3845581,0.8254419,-1.0945581
6.9454417,5.725442,4.865442,4.745442,4.515442,6.375442,6.595442,8.285442,9.705441,8.925442,9.405442,7.885442,6.2554417,6.875442,7.575442,8.175442,8.615442,8.715442,9.155442,8.405442,6.795442,6.2354417,6.795442,6.1754417,7.065442,4.1754417,2.7854419,3.0354419,3.015442,1.8254418,2.6054418,3.6354418,2.425442,4.105442,3.395442,4.045442,-2.774558,1.5154419,0.8854419,0.9154419,-3.004558
6.2554417,6.275442,5.815442,4.385442,3.725442,3.3054419,5.805442,8.1654415,9.395442,10.285442,9.475442,8.255442,7.5054417,7.285442,8.255442,8.575442,8.845442,9.535442,9.355442,9.315442,8.325442,8.815442,7.855442,6.915442,6.105442,5.105442,3.475442,2.675442,2.905442,2.3654418,3.3754418,2.955442,4.2554417,4.095442,3.515442,1.6954418,0.9854419,-3.024558,-0.024558105,4.335442,4.325442
6.865442,6.975442,5.6554418,4.855442,3.775442,4.025442,3.8154418,4.2354417,4.835442,5.585442,6.885442,5.455442,7.065442,7.105442,7.795442,7.915442,9.085442,9.595442,9.285442,10.025442,9.945442,8.355442,8.645442,8.935442,7.115442,6.585442,5.135442,5.115442,3.745442,3.665442,4.265442,2.705442,3.435442,4.185442,5.4654417,1.4254419,0.9654419,3.1054418,1.205442,1.5654418,-0.4345581
6.9854417,6.4054418,5.775442,5.845442,5.365442,4.055442,3.685442,4.2154417,4.385442,4.685442,4.045442,4.015442,6.305442,6.275442,6.6954417,6.575442,8.4154415,9.565442,9.895442,9.695442,9.525442,9.035442,7.995442,7.835442,7.7554417,7.515442,7.435442,6.2154417,6.205442,4.495442,4.045442,4.105442,3.195442,3.665442,3.935442,3.5454419,2.1354418,3.0354419,2.6354418,2.175442,1.0154419
6.565442,5.855442,5.605442,5.575442,5.285442,4.095442,5.245442,4.9854417,3.945442,4.165442,3.235442,3.0354419,6.1954417,5.475442,5.6754417,6.9254417,7.835442,8.6654415,9.855442,9.225442,9.805442,9.775442,9.465442,9.025442,8.735442,7.855442,7.245442,6.4454417,6.575442,5.775442,5.365442,5.035442,4.305442,4.825442,4.455442,4.515442,3.8354418,1.5954419,2.225442,1.5154419,0.7454419
6.525442,7.365442,7.765442,5.435442,4.6754417,4.315442,6.165442,5.9454417,5.345442,5.2354417,2.8454418,0.7154419,2.0754418,5.525442,5.705442,6.415442,6.605442,7.9054418,9.295442,8.765442,9.4154415,8.875442,8.555442,8.455441,8.035442,7.9854417,7.4054418,8.145442,7.185442,6.545442,6.2354417,5.865442,5.5054417,5.815442,4.075442,4.0054417,3.0754418,2.225442,1.3854419,2.8054419,1.6454419
4.305442,5.555442,6.065442,5.615442,4.795442,4.395442,4.7554417,4.765442,4.265442,4.6754417,3.1054418,2.645442,1.955442,1.9454418,4.825442,5.585442,6.2554417,6.795442,7.535442,8.505442,8.525442,8.655442,7.995442,8.185442,7.7154417,7.805442,7.785442,7.625442,7.135442,6.515442,6.895442,7.375442,6.115442,5.785442,5.855442,5.555442,5.415442,5.015442,3.455442,3.6354418,1.1454419
