wind_kz.json
{"header": {"discipline":0,"disciplineName":"Meteorological products","gribEdition":2,"gribLength":871,"center":7,"centerName":"US National Weather Service - NCEP(WMC)","subcenter":0,"refTime":"2023-10-05T18:00:00.000Z","significanceOfRT":1,"significanceOfRTName":"Start of forecast","productStatus":0,"productStatusName":"Operational products","productType":1,"productTypeName":"Forecast products","productDefinitionTemplate":0,"productDefinitionTemplateName":"Analysis/forecast at horizontal level/layer at a point in time","parameterCategory":0,"parameterCategoryName":"UnknownDiscipline_0_Category_0","parameterNumber":0,"parameterNumberName":"UnknownParameter_D0_C0_0","parameterUnit":"Unknown","genProcessType":2,"genProcessTypeName":"Forecast","forecastTime":180,"surface1Type":1,"surface1TypeName":"Ground or water surface","surface1Value":0.0,"surface2Type":255,"surface2TypeName":"Missing","surface2Value":0.0,"gridDefinitionTemplate":0,"gridDefinitionTemplateName":"Latitude_Longitude","numberPoints":615,"shape":6,"shapeName":"Earth spherical with radius of 6,371,229.0 m","gridUnits":"degrees","resolution":48,"winds":"true","scanMode":64,"nx":41,"ny":15,"basicAngle":0,"lo1":47.0,"la1":41.0,"lo2":87.0,"la2":55.0,"dx":1.0,"dy":1.0}, "data":
[rows 0 to 14 of 15, columns 0 to 40 of 41]
291.48566,282.08566,287.78568,293.08566,292.98566,291.58566,294.98566,297.98566,293.18567,294.38568,294.78568,293.78568,294.18567,293.98566,294.48566,295.28568,295.58566,294.68567,298.18567,296.38568,299.58566,298.58566,294.58566,291.28568,302.38568,301.48566,300.18567,291.18567,289.08566,287.88568,284.78568,279.68567,292.78568,302.58566,303.68567,302.98566,305.28568,304.78568,307.18567,307.58566,309.48566
270.28568,290.48566,292.98566,292.78568,292.78568,290.58566,295.98566,293.38568,291.98566,292.58566,293.48566,293.48566,295.28568,294.98566,296.58566,295.08566,295.58566,294.38568,294.18567,295.88568,297.98566,294.18567,295.08566,282.68567,280.68567,278.98566,297.78568,291.68567,293.58566,286.78568,291.38568,282.78568,290.78568,269.08566,281.78568,299.88568,300.08566,299.98566,302.48566,294.68567,284.08566
291.98566,292.58566,292.48566,292.28568,290.48566,289.38568,290.48566,290.98566,290.38568,290.28568,291.98566,292.28568,294.08566,294.98566,292.58566,294.98566,293.48566,294.58566,295.08566,294.08566,295.08566,296.28568,289.78568,278.18567,281.08566,280.28568,282.48566,282.48566,281.38568,278.08566,276.38568,277.68567,282.38568,290.28568,285.18567,288.98566,274.78568,282.28568,282.18567,279.28568,282.38568
294.98566,291.38568,292.18567,291.48566,289.78568,290.18567,288.38568,291.38568,292.08566,292.58566,292.98566,291.78568,288.88568,288.28568,294.08566,295.48566,293.18567,293.18567,292.68567,293.88568,292.68567,290.08566,292.08566,289.48566,290.68567,286.18567,287.28568,286.38568,283.28568,283.08566,283.38568,283.08566,296.18567,295.78568,292.58566,283.58566,276.88568,273.18567,288.78568,294.68567,297.18567
292.48566,290.28568,291.08566,290.68567,290.88568,290.48566,289.28568,292.08566,291.58566,291.58566,293.28568,294.08566,287.78568,286.58566,285.28568,295.38568,296.28568,294.98566,295.38568,292.38568,292.18567,292.48566,294.08566,289.28568,289.68567,291.58566,293.98566,291.68567,298.48566,296.78568,296.88568,293.08566,279.08566,273.88568,290.88568,297.48566,294.98566,301.88568,302.98566,297.08566,298.58566
292.98566,292.48566,288.58566,289.38568,289.88568,288.68567,291.58566,290.58566,290.88568,291.58566,290.48566,291.58566,288.18567,287.28568,290.68567,292.48566,291.98566,294.88568,293.68567,295.58566,294.68567,292.08566,291.18567,291.28568,288.68567,287.08566,290.98566,286.18567,292.48566,293.48566,294.48566,294.38568,293.98566,293.48566,288.38568,287.88568,279.18567,280.18567,291.48566,297.38568,299.88568
293.08566,293.18567,292.28568,293.08566,291.78568,293.38568,291.88568,290.28568,289.78568,289.48566,290.78568,289.88568,290.48566,291.68567,290.78568,289.88568,291.28568,291.08566,292.38568,291.58566,292.28568,290.28568,289.68567,289.08566,285.38568,285.48566,286.48566,287.58566,291.08566,293.28568,293.88568,293.38568,293.28568,291.78568,290.38568,288.68567,288.88568,283.58566,280.08566,284.68567,292.28568
292.38568,292.78568,292.08566,292.08566,292.08566,292.38568,292.38568,291.08566,289.88568,288.88568,289.08566,287.48566,289.18567,287.38568,291.08566,290.28568,290.58566,291.18567,290.08566,287.58566,289.18567,289.28568,290.38568,289.78568,287.18567,281.18567,281.18567,284.58566,284.78568,287.58566,287.78568,289.38568,288.68567,277.18567,277.28568,279.48566,284.98566,284.48566,286.98566,290.98566,289.28568
290.48566,290.48566,291.48566,292.18567,291.08566,292.18567,292.18567,291.98566,291.08566,289.98566,288.78568,288.78568,288.08566,287.68567,287.38568,286.88568,290.18567,289.38568,288.98566,289.38568,286.18567,287.18567,287.48566,287.98566,286.78568,286.48566,282.98566,277.58566,274.08566,274.48566,275.08566,277.68567,278.58566,279.68567,278.48566,276.48566,284.38568,287.38568,274.58566,276.28568,273.88568
289.78568,288.98566,289.88568,289.48566,290.28568,291.28568,291.18567,290.78568,290.08566,287.68567,286.28568,286.88568,288.38568,287.58566,289.38568,289.78568,290.28568,291.08566,286.98566,288.98566,287.08566,286.88568,286.78568,286.38568,287.38568,286.28568,285.98566,284.68567,282.18567,276.38568,273.98566,275.68567,284.88568,284.48566,280.48566,281.58566,276.18567,279.68567,277.28568,276.98566,278.18567
289.48566,289.48566,288.88568,288.38568,288.28568,287.98566,288.88568,288.98566,288.78568,288.48566,286.88568,287.38568,287.98566,285.78568,287.68567,288.58566,287.08566,289.08566,288.98566,286.08566,283.68567,284.48566,285.48566,285.18567,284.78568,285.58566,283.78568,286.28568,286.48566,288.48566,285.88568,287.18567,286.38568,285.08566,285.08566,277.48566,275.18567,274.08566,273.58566,273.18567,277.58566
289.48566,290.38568,289.98566,289.08566,288.48566,287.38568,284.08566,284.98566,285.28568,284.38568,281.18567,283.98566,284.98566,284.18567,283.18567,282.58566,284.98566,286.58566,286.68567,284.28568,280.38568,279.78568,283.48566,284.28568,283.98566,285.98566,285.58566,287.08566,286.88568,287.78568,287.18567,288.28568,285.68567,285.48566,283.68567,285.28568,282.48566,274.78568,275.08566,275.88568,276.18567
287.38568,289.18567,289.68567,289.58566,288.18567,287.78568,286.88568,283.58566,282.98566,280.38568,279.38568,279.38568,282.08566,279.68567,280.28568,282.18567,285.18567,285.28568,285.88568,283.78568,282.58566,277.98566,282.08566,282.98566,284.68567,285.48566,286.98566,286.18567,286.28568,286.28568,287.08566,286.98566,286.78568,286.18567,285.18567,284.08566,283.88568,282.58566,280.78568,278.68567,276.98566
287.58566,287.88568,286.48566,287.68567,287.28568,286.78568,286.38568,284.78568,284.18567,283.48566,279.28568,277.08566,280.98566,279.78568,280.28568,279.88568,284.08566,282.48566,283.38568,282.98566,282.68567,279.28568,282.78568,284.18567,285.08566,285.68567,284.98566,284.78568,284.78568,285.18567,284.88568,283.88568,284.88568,284.28568,282.68567,282.68567,282.48566,281.48566,281.38568,278.98566,280.98566
286.18567,287.38568,283.88568,286.88568,286.48566,286.18567,286.08566,285.88568,286.48566,285.78568,280.98566,280.08566,279.28568,278.68567,279.18567,278.58566,280.78568,281.78568,281.98566,281.58566,279.98566,281.58566,282.48566,282.28568,282.98566,283.18567,283.48566,283.08566,283.18567,283.28568,283.58566,283.48566,283.58566,283.58566,283.78568,282.68567,283.88568,281.78568,281.28568,281.18567,279.88568
