wind.json
{"header": {"discipline":0,"disciplineName":"Meteorological products","gribEdition":2,"gribLength":953,"center":7,"centerName":"US National Weather Service - NCEP(WMC)","subcenter":0,"refTime":"2023-06-29T00:00:00.000Z","significanceOfRT":1,"significanceOfRTName":"Start of forecast","productStatus":0,"productStatusName":"Operational products","productType":1,"productTypeName":"Forecast products","productDefinitionTemplate":0,"productDefinitionTemplateName":"Analysis/forecast at horizontal level/layer at a point in time","parameterCategory":0,"parameterCategoryName":"UnknownDiscipline_0_Category_0","parameterNumber":0,"parameterNumberName":"UnknownParameter_D0_C0_0","parameterUnit":"Unknown","genProcessType":2,"genProcessTypeName":"Forecast","forecastTime":240,"surface1Type":1,"surface1TypeName":"Ground or water surface","surface1Value":0.0,"surface2Type":255,"surface2TypeName":"Missing","surface2Value":0.0,"gridDefinitionTemplate":0,"gridDefinitionTemplateName":"Latitude_Longitude","numberPoints":688,"shape":6,"shapeName":"Earth spherical with radius of 6,371,229.0 m","gridUnits":"degrees","resolution":48,"winds":"true","scanMode":64,"nx":43,"ny":16,"basicAngle":0,"lo1":45.0,"la1":40.0,"lo2":87.0,"la2":55.0,"dx":1.0,"dy":1.0}, "data":
[rows 0 to 15 of 16, columns 0 to 42 of 43]
285.5735,281.97348,295.47348,295.7735,295.37347,297.6735,297.2735,295.5735,297.5735,297.2735,301.5735,299.0735,301.87347,299.87347,299.6735,302.2735,300.5735,299.6735,297.5735,296.1735,294.6735,292.97348,290.47348,291.7735,287.87347,286.87347,286.87347,279.87347,274.6735,276.5735,277.0735,290.2735,292.37347,293.2735,298.47348,299.7735,300.47348,300.97348,301.6735,301.2735,301.37347,301.2735,301.97348
288.1735,296.5735,294.87347,287.0735,289.97348,297.0735,297.0735,295.47348,297.5735,300.5735,300.97348,299.2735,300.1735,302.1735,301.47348,301.0735,299.7735,296.1735,295.0735,294.7735,294.6735,293.6735,293.2735,289.37347,287.6735,286.6735,289.97348,290.87347,288.6735,278.0735,275.1735,273.5735,273.47348,276.2735,288.5735,296.6735,300.7735,301.6735,301.5735,302.5735,302.2735,302.5735,303.97348
287.47348,284.5735,276.1735,290.1735,296.87347,296.97348,296.6735,294.6735,299.1735,299.6735,298.6735,299.0735,299.47348,298.7735,298.37347,297.37347,295.1735,294.37347,293.87347,293.47348,292.2735,293.37347,293.1735,291.97348,291.2735,283.1735,273.0735,272.87347,281.5735,275.0735,276.47348,273.37347,279.5735,273.1735,280.1735,267.47348,277.6735,295.0735,294.5735,297.97348,303.47348,294.6735,283.5735
288.97348,290.87347,290.5735,297.2735,297.1735,296.97348,296.0735,297.2735,296.87347,296.2735,296.6735,296.37347,296.87347,296.6735,293.1735,294.47348,294.47348,291.87347,291.87347,293.1735,294.0735,293.2735,292.37347,291.7735,290.7735,285.87347,289.5735,289.37347,291.0735,289.2735,288.97348,281.0735,274.37347,276.1735,282.37347,282.47348,283.37347,283.2735,278.87347,281.7735,282.7735,280.7735,279.97348
290.97348,293.0735,290.37347,297.47348,297.6735,297.1735,296.1735,294.87347,293.5735,295.0735,295.1735,295.47348,296.37347,294.47348,294.97348,294.47348,293.0735,292.6735,295.6735,296.5735,295.47348,294.97348,290.5735,286.87347,294.1735,294.47348,294.0735,294.0735,295.5735,293.0735,294.0735,293.97348,295.6735,289.2735,294.0735,294.0735,292.87347,289.87347,280.0735,279.37347,284.7735,293.0735,297.47348
291.87347,295.7735,294.97348,298.0735,298.0735,298.5735,297.47348,295.6735,296.5735,296.2735,295.5735,296.6735,295.7735,293.6735,295.47348,294.87347,291.87347,292.87347,293.97348,294.1735,292.37347,294.7735,295.47348,295.47348,293.7735,293.5735,292.7735,293.87347,294.0735,295.2735,295.97348,295.2735,298.1735,295.7735,281.97348,274.0735,285.1735,295.1735,295.97348,301.37347,301.97348,300.37347,301.0735
295.47348,297.6735,295.7735,292.7735,298.87347,297.87347,297.7735,297.2735,295.97348,295.5735,295.87347,295.2735,295.2735,295.1735,293.7735,294.1735,293.0735,293.0735,295.7735,295.87347,294.47348,294.87347,296.1735,295.97348,293.1735,293.2735,292.87347,291.1735,294.5735,290.6735,295.1735,298.7735,296.6735,296.47348,293.87347,291.87347,292.5735,293.1735,288.47348,290.6735,298.97348,300.87347,300.47348
297.47348,298.97348,297.5735,294.87347,298.2735,297.97348,296.97348,296.1735,296.97348,294.1735,294.87347,295.6735,294.0735,293.37347,292.97348,292.87347,291.47348,293.37347,294.6735,294.97348,294.2735,291.97348,291.2735,293.87347,292.5735,292.97348,289.2735,291.2735,292.0735,295.1735,294.2735,296.97348,297.1735,295.2735,295.37347,295.37347,293.87347,293.37347,289.6735,286.87347,285.0735,284.47348,295.87347
300.1735,297.0735,299.87347,298.37347,299.5735,299.1735,298.6735,298.2735,297.1735,295.6735,294.1735,293.0735,292.6735,292.87347,291.97348,294.5735,293.97348,294.37347,292.7735,292.87347,292.0735,289.0735,290.0735,289.0735,290.1735,289.97348,289.37347,287.87347,288.87347,290.5735,291.37347,294.0735,293.37347,293.37347,291.5735,289.7735,289.6735,293.6735,296.0735,288.2735,294.6735,295.1735,292.97348
291.6735,298.47348,298.1735,298.0735,298.1735,297.0735,298.1735,296.6735,294.97348,294.5735,293.37347,293.97348,293.47348,293.7735,292.37347,292.1735,291.2735,292.1735,290.0735,292.2735,289.47348,290.2735,286.6735,287.6735,287.7735,287.87347,286.97348,288.97348,287.7735,286.2735,288.97348,288.2735,290.37347,288.7735,290.1735,291.87347,292.47348,291.37347,292.37347,291.87347,281.47348,282.2735,283.0735
293.6735,293.5735,293.7735,295.0735,295.1735,294.7735,294.2735,294.0735,293.37347,292.87347,293.7735,292.47348,289.87347,290.47348,289.7735,288.37347,287.47348,287.97348,288.1735,287.7735,287.1735,289.6735,287.0735,288.37347,289.6735,289.0735,288.47348,287.2735,287.97348,288.1735,288.97348,288.7735,289.2735,291.87347,293.7735,294.0735,293.47348,291.47348,289.2735,286.47348,285.6735,283.47348,282.5735
289.97348,290.6735,291.2735,291.1735,291.97348,292.47348,291.7735,292.87347,293.87347,292.1735,290.2735,289.87347,289.0735,287.2735,286.6735,285.2735,285.1735,285.1735,285.5735,286.87347,287.1735,288.87347,287.97348,288.87347,288.7735,289.47348,288.0735,288.97348,287.37347,290.2735,291.2735,293.37347,293.6735,293.87347,293.97348,293.1735,291.5735,289.37347,285.7735,284.37347,284.0735,283.87347,282.0735
290.47348,289.6735,290.6735,289.37347,289.2735,289.1735,287.97348,289.37347,289.47348,289.37347,289.1735,288.37347,284.47348,284.6735,284.7735,283.6735,283.97348,284.7735,285.37347,286.47348,287.6735,288.37347,287.7735,287.7735,288.6735,289.0735,288.7735,289.97348,291.37347,291.47348,292.97348,295.2735,293.7735,294.2735,292.7735,291.47348,290.5735,290.5735,290.97348,288.7735,288.37347,288.37347,286.6735
288.6735,287.2735,287.5735,287.47348,288.2735,287.87347,289.5735,289.37347,288.87347,288.37347,287.2735,286.37347,282.5735,280.1735,282.1735,282.47348,283.47348,284.0735,286.2735,287.37347,287.37347,287.1735,287.7735,286.47348,288.2735,288.87347,289.87347,291.5735,294.0735,293.2735,293.5735,293.47348,294.2735,293.37347,293.2735,292.1735,292.87347,291.87347,291.6735,289.5735,289.0735,288.6735,288.7735
288.2735,287.5735,287.7735,288.6735,290.0735,288.2735,288.87347,288.37347,287.5735,287.47348,285.0735,284.6735,282.47348,280.7735,279.6735,281.6735,284.0735,284.37347,285.7735,287.0735,289.47348,289.37347,287.87347,287.7735,288.7735,289.47348,290.0735,290.97348,292.6735,291.97348,293.37347,291.5735,292.6735,292.1735,292.1735,291.0735,291.1735,291.87347,291.47348,290.37347,289.97348,288.7735,289.87347
286.5735,287.2735,286.5735,288.47348,291.5735,288.2735,287.97348,286.47348,286.1735,285.47348,287.6735,282.7735,284.2735,280.1735,282.0735,282.5735,284.47348,286.1735,286.2735,286.2735,287.87347,289.2735,287.47348,287.97348,288.5735,289.0735,289.5735,289.87347,290.5735,289.5735,290.47348,290.7735,291.6735,287.0735,290.5735,291.37347,291.37347,291.7735,292.0735,291.37347,291.97348,291.37347,290.5735
