wind_kz.json
{"header": {"discipline":0,"disciplineName":"Meteorological products","gribEdition":2,"gribLength":1025,"center":7,"centerName":"US National Weather Service - NCEP(WMC)","subcenter":0,"refTime":"2023-08-20T18:00:00.000Z","significanceOfRT":1,"significanceOfRTName":"Start of forecast","productStatus":0,"productStatusName":"Operational products","productType":1,"productTypeName":"Forecast products","productDefinitionTemplate":0,"productDefinitionTemplateName":"Analysis/forecast at horizontal level/layer at a point in time","parameterCategory":2,"parameterCategoryName":"UnknownDiscipline_0_Category_2","parameterNumber":3,"parameterNumberName":"UnknownParameter_D0_C2_3","parameterUnit":"Unknown","genProcessType":2,"genProcessTypeName":"Forecast","forecastTime":0,"surface1Type":103,"surface1TypeName":"Specified height level above ground","surface1Value":10.0,"surface2Type":255,"surface2TypeName":"Missing","surface2Value":0.0,"gridDefinitionTemplate":0,"gridDefinitionTemplateName":"Latitude_Longitude","numberPoints":615,"shape":6,"shapeName":"Earth spherical with radius of 6,371,229.0 m","gridUnits":"degrees","resolution":48,"winds":"true","scanMode":64,"nx":41,"ny":15,"basicAngle":0,"lo1":47.0,"la1":41.0,"lo2":87.0,"la2":55.0,"dx":1.0,"dy":1.0}, "data":
[rows 0 to 14 of 15, columns 0 to 40 of 41]
3.3944628,-2.195537,0.8044629,-3.445537,-3.1555371,-3.975537,2.024463,0.14446288,-0.9355371,-0.5755371,-0.9355371,0.7944629,-2.685537,-3.0955372,-5.115537,-5.255537,-6.085537,-4.695537,-2.1155372,0.8844629,-0.12553711,-3.525537,-3.675537,-0.18553711,-2.4055371,-1.0455371,-1.5255371,1.2444628,1.5644629,2.994463,0.8844629,1.2444628,-0.6255371,-1.0655371,0.094462894,0.7744629,0.7944629,0.3444629,-0.8155371,-0.085537106,-1.8455371
2.454463,1.9044629,-2.025537,-4.7655373,-5.545537,-2.0955372,-1.9655371,3.3844628,6.804463,2.3444629,0.60446286,1.5644629,1.2444628,-2.3955371,-2.5555372,-4.385537,-1.735537,-2.705537,-2.785537,-0.96553713,-1.8855371,-3.5555372,-1.985537,1.5044628,1.3144629,-1.105537,-4.125537,-0.71553713,-0.6855371,-0.21553712,1.2744629,1.6644629,-0.03553711,1.014463,-3.965537,-4.7855372,-0.7655371,-2.495537,-1.7955371,-2.205537,1.514463
2.004463,0.9844629,-3.045537,-4.7455373,-5.385537,-3.485537,2.054463,1.3044629,3.034463,3.264463,2.9044628,2.8544629,2.814463,1.4944628,-0.9255371,-0.3755371,-5.7055373,1.0044628,-1.1755371,-3.015537,-4.065537,-0.9555371,-3.495537,-2.1355371,0.7044629,-0.6955371,-0.8155371,0.53446287,-0.17553711,1.7044629,3.9044628,0.53446287,1.8344629,-1.0055372,-0.23553711,3.3944628,1.4344629,0.04446289,-0.3155371,0.18446289,0.6944629
1.0644629,-0.38553712,-2.495537,-4.405537,-4.375537,-6.795537,-4.305537,2.244463,-3.275537,2.984463,-0.2255371,-1.2455372,0.8144629,3.004463,-0.09553711,1.264463,-1.0555371,-0.3355371,-1.5055372,-3.455537,-3.285537,-1.4755371,-0.4655371,-2.195537,-1.8855371,-1.4355371,-4.1855373,-3.6155372,-0.17553711,-0.9955371,-4.2255373,-3.265537,-2.0955372,-0.5955371,0.7444629,-2.8755372,-0.12553711,3.304463,0.42446288,0.6344629,1.014463
2.284463,0.24446289,-1.3655372,-3.6355371,-3.485537,-3.3655372,-4.165537,0.39446288,-3.535537,0.5144629,1.3844628,-0.25553712,-1.4355371,-3.165537,-2.755537,-4.9355373,-4.125537,-1.1755371,0.5444629,-1.485537,-2.505537,-1.355537,-1.1355371,-1.4055371,-0.7055371,-1.8255371,-1.5955371,-3.0755372,-2.8855371,-2.1255372,-2.6255372,-1.3055371,2.1744628,3.454463,-0.9155371,-1.5855371,-3.8255372,-0.015537109,-2.1355371,-1.9755371,-2.3855371
3.544463,0.9544629,-0.1955371,-4.025537,-3.8555372,-3.1555371,2.314463,2.0944629,-0.38553712,2.794463,1.6044629,1.4444629,0.6144629,1.2544628,0.30446288,-1.2455372,-3.8755372,-3.3455372,-2.245537,-0.9055371,0.18446289,0.3544629,0.004462891,-0.5555371,-1.2455372,1.764463,1.3644629,-0.10553711,-1.6355371,-2.285537,-1.3955371,-1.6455371,0.5044629,2.044463,2.6244628,2.024463,2.294463,-0.7555371,-1.7155371,0.4044629,-0.32553712
-2.245537,-2.515537,-3.265537,-1.6455371,-1.3055371,-5.405537,-2.8555372,3.524463,2.504463,0.4344629,2.234463,3.1544628,1.8544629,2.524463,2.084463,3.534463,4.904463,2.8944628,1.9344629,1.014463,-0.4855371,0.6344629,0.5844629,-0.6855371,-0.28553712,0.12446289,2.334463,2.1644628,-0.5355371,0.4744629,0.9444629,-0.15553711,-0.025537109,-2.1255372,-3.415537,-1.3755372,-3.3555372,-1.4355371,-0.9855371,-0.9755371,-0.5355371
-1.2555372,-2.9055371,-3.945537,-3.9055371,-4.375537,-5.425537,-4.805537,-6.075537,-6.215537,-5.4755373,-4.755537,-1.0155371,1.3744628,1.1144629,-1.6855371,-1.8755372,-2.1555371,3.1544628,-0.8655371,-1.8255371,1.7144629,-1.6655371,-2.915537,0.6244629,-1.0755371,-0.96553713,0.7744629,-2.245537,-0.8855371,-1.0455371,-0.6655371,-3.0755372,1.394463,-0.3355371,0.5444629,-0.6755371,-0.9255371,0.8044629,1.2044629,0.42446288,-1.0855371
-2.1155372,-2.045537,-1.1255372,-2.695537,-1.8955371,-3.915537,-3.3555372,-4.425537,-6.615537,-3.455537,-4.0155373,-4.895537,-3.3555372,-0.28553712,-2.995537,-2.5555372,-3.1555371,-3.1555371,-1.4155371,-1.5255371,-0.6855371,-3.3155372,-4.7455373,-3.8755372,-4.075537,-1.7755371,2.244463,1.9844629,1.2244629,-0.32553712,-0.0055371094,-0.12553711,0.7344629,0.7644629,2.1244628,0.3744629,-2.685537,0.5544629,-1.4355371,-1.235537,0.02446289
-3.3355372,-3.485537,-1.5155371,-1.4555371,-2.205537,-2.955537,-3.755537,-4.885537,-6.135537,-3.545537,-5.2255373,-5.865537,0.04446289,-0.8755371,0.24446289,-0.9255371,-2.685537,-2.495537,-2.675537,-1.5255371,-0.8655371,-0.4055371,-1.5355371,-0.6355371,-3.6255372,-1.5055372,-4.175537,-2.185537,-0.7655371,-1.6855371,0.12446289,-1.4055371,-1.7055371,-3.535537,1.3844628,1.8044629,0.4344629,-3.205537,0.02446289,1.7844629,0.9944629
-1.9255371,-2.8555372,-3.505537,-1.5055372,-2.485537,-2.975537,-3.245537,-3.195537,-3.8155372,-3.495537,-3.0955372,-1.6855371,0.21446289,-0.25553712,-0.8755371,-0.7455371,-1.6955371,-1.3255371,-1.5755371,0.004462891,-0.015537109,-0.8055371,-2.3855371,-1.9755371,-2.0855372,0.9644629,-0.20553711,-3.725537,-2.8355372,-2.0955372,-2.745537,-1.605537,-0.5655371,-4.415537,-1.5255371,0.6944629,0.9044629,2.1744628,1.6044629,1.1344628,0.2544629
-1.4955372,0.094462894,-0.2655371,-2.3355372,-1.9055371,-1.9955372,-1.4155371,-1.8355371,-2.6355371,-2.6355371,-2.3355372,-1.9255371,-1.235537,0.03446289,0.46446288,-0.4555371,-0.3155371,-1.1455371,-0.6755371,-1.2255371,0.7044629,0.4544629,-0.58553714,-0.9455371,-1.2755371,-1.8855371,-1.0055372,-1.8955371,-2.8155372,-2.0955372,-3.6555371,-4.925537,-3.0755372,-3.0755372,-1.6755371,-2.8155372,-1.4255371,1.8544629,2.254463,1.8344629,1.7444628
-1.2155371,1.0544629,1.1944629,-0.9755371,-1.8955371,-1.9555371,-0.38553712,-2.0555372,-1.2855371,-2.005537,-1.2655371,0.1944629,-0.07553711,0.21446289,-0.085537106,0.3144629,0.2244629,0.8044629,0.1344629,-0.4055371,0.02446289,0.5244629,0.33446288,-0.20553711,-2.275537,-3.235537,-3.775537,-3.8655372,-4.365537,-2.465537,-1.7755371,-2.8055372,-3.3655372,-2.8855371,-2.545537,-2.5855372,-2.535537,-1.5255371,1.0044628,1.2544628,1.0244629
-1.3355371,0.9044629,0.5144629,-1.0855371,-2.3955371,-1.1755371,-2.205537,-2.235537,-2.525537,-2.665537,-0.9555371,0.18446289,0.7344629,1.3744628,0.9944629,0.9444629,1.0744629,1.6144629,1.2444628,0.1644629,-1.3355371,-0.9055371,-1.0755371,-0.8255371,-1.3655372,-2.4055371,-2.8455372,-2.3955371,-2.915537,-2.765537,-2.205537,-2.0855372,-2.185537,-2.435537,-2.3255372,-2.505537,-1.605537,-1.0355371,-1.105537,0.49446288,1.0644629
-0.6655371,2.774463,1.4544629,0.8244629,0.49446288,0.9944629,0.14446288,-1.6755371,-2.1355371,-2.525537,-0.89553714,1.3144629,1.7944629,1.4744629,2.954463,1.7844629,0.8844629,1.5744629,0.5944629,0.9844629,-0.9955371,-1.1655371,-0.9255371,-1.4455371,-2.045537,-2.205537,-2.045537,-2.495537,-2.725537,-3.3155372,-4.085537,-4.0355372,-3.475537,-3.0555372,-3.795537,-2.8755372,-2.1255372,-0.6755371,-0.14553711,2.0944629,0.7544629
