wind_kz.json
{"header": {"discipline":0,"disciplineName":"Meteorological products","gribEdition":2,"gribLength":871,"center":7,"centerName":"US National Weather Service - NCEP(WMC)","subcenter":0,"refTime":"2023-09-08T12:00:00.000Z","significanceOfRT":1,"significanceOfRTName":"Start of forecast","productStatus":0,"productStatusName":"Operational products","productType":1,"productTypeName":"Forecast products","productDefinitionTemplate":0,"productDefinitionTemplateName":"Analysis/forecast at horizontal level/layer at a point in time","parameterCategory":0,"parameterCategoryName":"UnknownDiscipline_0_Category_0","parameterNumber":0,"parameterNumberName":"UnknownParameter_D0_C0_0","parameterUnit":"Unknown","genProcessType":2,"genProcessTypeName":"Forecast","forecastTime":0,"surface1Type":1,"surface1TypeName":"Ground or water surface","surface1Value":0.0,"surface2Type":255,"surface2TypeName":"Missing","surface2Value":0.0,"gridDefinitionTemplate":0,"gridDefinitionTemplateName":"Latitude_Longitude","numberPoints":615,"shape":6,"shapeName":"Earth spherical with radius of 6,371,229.0 m","gridUnits":"degrees","resolution":48,"winds":"true","scanMode":64,"nx":41,"ny":15,"basicAngle":0,"lo1":47.0,"la1":41.0,"lo2":87.0,"la2":55.0,"dx":1.0,"dy":1.0}, "data":
[rows 0 to 14 of 15, columns 0 to 40 of 41]
295.13876,286.83878,292.23877,298.43878,298.33878,297.33878,304.43878,313.03876,310.93878,310.73877,308.93878,309.13876,308.13876,307.33878,306.93878,307.73877,308.83878,308.83878,311.63876,311.13876,314.83878,309.23877,309.43878,302.73877,303.83878,305.63876,300.73877,286.63876,286.53876,285.13876,283.83878,281.73877,296.53876,304.13876,305.53876,305.03876,305.33878,305.03876,304.23877,304.43878,303.23877
281.63876,298.53876,298.03876,298.33878,298.13876,296.63876,311.13876,309.43878,306.03876,308.03876,308.03876,306.63876,305.73877,305.13876,306.63876,307.63876,307.83878,308.73877,308.53876,310.33878,311.53876,309.23877,305.33878,293.43878,278.33878,282.93878,286.83878,284.23877,288.73877,281.43878,289.63876,275.33878,285.03876,269.23877,282.43878,300.23877,299.33878,301.43878,304.83878,296.53876,285.83878
291.73877,297.63876,298.63876,298.23877,296.33878,306.83878,307.13876,308.03876,307.43878,306.43878,306.53876,306.43878,305.63876,304.53876,306.63876,307.33878,306.83878,306.33878,306.63876,309.13876,311.63876,309.83878,308.93878,299.83878,304.83878,297.63876,302.83878,302.23877,300.43878,288.43878,280.43878,283.63876,289.23877,289.83878,290.13876,287.83878,279.23877,282.23877,282.03876,281.23877,280.63876
303.53876,297.13876,297.93878,297.13876,297.93878,306.03876,303.63876,301.23877,300.13876,301.33878,302.43878,305.23877,294.23877,293.73877,304.43878,308.83878,306.13876,307.73877,308.83878,310.83878,307.73877,303.93878,307.93878,307.63876,307.13876,305.43878,305.43878,302.23877,301.23877,302.03876,303.53876,298.73877,303.33878,301.93878,300.53876,293.33878,281.53876,280.13876,285.63876,294.83878,298.63876
306.43878,295.13876,296.23877,294.93878,298.73877,302.93878,303.93878,304.93878,303.93878,304.03876,300.63876,302.83878,293.93878,293.33878,291.13876,308.03876,308.03876,305.33878,306.03876,306.03876,308.23877,308.63876,307.03876,306.13876,305.43878,305.13876,303.13876,297.63876,303.43878,301.63876,303.23877,300.13876,282.83878,278.03876,288.53876,295.93878,297.33878,300.83878,301.03876,300.93878,301.73877
303.13876,301.13876,294.43878,293.63876,294.13876,293.83878,303.43878,303.03876,302.33878,302.33878,299.93878,297.53876,295.23877,293.73877,300.43878,305.03876,306.53876,305.83878,305.93878,306.33878,306.93878,305.93878,305.73877,305.03876,303.83878,300.03876,298.63876,292.13876,300.43878,301.43878,299.83878,299.43878,298.23877,295.83878,294.13876,294.53876,287.03876,288.53876,296.03876,299.73877,296.83878
302.13876,302.13876,302.33878,302.73877,299.83878,301.03876,303.13876,300.63876,301.43878,300.33878,296.23877,294.63876,294.63876,296.03876,300.03876,303.93878,305.33878,305.93878,305.03876,303.43878,304.03876,304.43878,303.53876,302.33878,299.03876,299.43878,301.23877,302.33878,300.13876,300.63876,300.33878,298.43878,298.03876,296.23877,294.23877,291.63876,285.83878,284.33878,281.33878,282.43878,291.33878
301.13876,301.53876,301.33878,300.93878,301.73877,301.63876,301.63876,299.33878,298.13876,297.03876,294.13876,295.83878,291.03876,296.73877,299.03876,300.03876,301.53876,300.93878,300.83878,298.43878,295.33878,295.33878,298.53876,298.03876,293.93878,293.03876,290.73877,293.03876,294.53876,297.03876,297.33878,297.63876,295.83878,292.63876,290.63876,290.03876,289.23877,289.43878,287.93878,287.63876,286.83878
299.03876,298.43878,298.13876,298.93878,298.93878,298.83878,296.83878,297.73877,296.33878,294.63876,293.43878,291.43878,288.93878,295.43878,298.13876,300.43878,299.83878,299.83878,298.53876,296.73877,294.93878,292.13876,294.33878,295.63876,293.43878,294.13876,291.23877,291.63876,289.93878,288.33878,290.23877,289.53876,292.63876,293.93878,292.53876,288.93878,286.23877,285.03876,275.43878,276.53876,275.33878
295.43878,295.33878,293.33878,295.53876,291.73877,289.83878,289.73877,290.23877,295.13876,295.13876,291.93878,289.23877,288.13876,287.03876,297.03876,295.83878,296.33878,293.73877,296.83878,297.03876,293.63876,291.83878,294.23877,293.23877,294.73877,292.33878,291.03876,291.33878,290.73877,290.33878,291.13876,294.53876,295.93878,294.63876,292.43878,289.53876,286.83878,282.83878,279.13876,277.53876,276.53876
293.53876,292.53876,292.63876,292.63876,289.23877,288.93878,288.03876,288.53876,290.93878,289.73877,290.03876,286.33878,286.13876,286.53876,292.43878,295.03876,294.13876,295.63876,296.23877,294.63876,294.93878,294.83878,295.13876,293.73877,291.13876,289.73877,290.33878,290.63876,294.63876,292.63876,292.03876,294.93878,294.33878,291.93878,292.93878,289.13876,283.63876,281.43878,282.93878,281.53876,279.73877
291.03876,292.53876,292.83878,289.83878,290.23877,291.63876,287.63876,288.63876,287.73877,288.93878,285.23877,287.63876,286.73877,286.53876,289.33878,294.63876,294.43878,294.43878,294.83878,293.93878,291.93878,292.13876,291.63876,292.73877,292.43878,292.43878,291.93878,295.33878,295.73877,294.43878,293.23877,293.63876,291.73877,289.33878,290.13876,290.33878,289.43878,288.63876,286.03876,285.63876,285.33878
285.93878,290.63876,289.23877,288.43878,288.23877,289.43878,287.23877,291.03876,287.83878,284.73877,284.33878,287.03876,285.83878,287.23877,286.73877,290.93878,292.23877,291.43878,294.53876,293.53876,293.63876,292.63876,291.63876,291.63876,292.23877,293.23877,294.53876,293.73877,293.33878,292.63876,292.53876,291.53876,291.13876,289.93878,290.03876,287.13876,287.63876,288.73877,286.43878,286.33878,285.23877
290.93878,285.23877,288.23877,288.93878,289.23877,288.03876,286.73877,286.43878,282.83878,283.93878,283.13876,282.43878,284.43878,285.83878,287.53876,288.73877,291.13876,288.33878,291.23877,294.03876,294.13876,293.13876,293.03876,292.53876,292.73877,293.53876,292.23877,292.13876,291.63876,291.33878,290.73877,290.23877,289.53876,287.83878,288.53876,287.93878,286.23877,286.73877,285.83878,283.33878,283.53876
284.53876,287.73877,289.23877,285.63876,286.93878,288.73877,285.83878,288.83878,287.23877,285.43878,284.43878,284.83878,284.53876,285.63876,288.73877,291.23877,290.83878,292.13876,294.13876,293.43878,293.83878,293.53876,293.03876,292.33878,291.83878,292.13876,290.93878,290.53876,289.03876,289.43878,288.73877,285.83878,288.03876,287.33878,286.43878,286.83878,287.53876,285.03876,285.33878,284.73877,283.63876
