wind_kz.json
{"header": {"discipline":0,"disciplineName":"Meteorological products","gribEdition":2,"gribLength":871,"center":7,"centerName":"US National Weather Service - NCEP(WMC)","subcenter":0,"refTime":"2024-02-02T18:00:00.000Z","significanceOfRT":1,"significanceOfRTName":"Start of forecast","productStatus":0,"productStatusName":"Operational products","productType":1,"productTypeName":"Forecast products","productDefinitionTemplate":0,"productDefinitionTemplateName":"Analysis/forecast at horizontal level/layer at a point in time","parameterCategory":0,"parameterCategoryName":"UnknownDiscipline_0_Category_0","parameterNumber":0,"parameterNumberName":"UnknownParameter_D0_C0_0","parameterUnit":"Unknown","genProcessType":2,"genProcessTypeName":"Forecast","forecastTime":300,"surface1Type":1,"surface1TypeName":"Ground or water surface","surface1Value":0.0,"surface2Type":255,"surface2TypeName":"Missing","surface2Value":0.0,"gridDefinitionTemplate":0,"gridDefinitionTemplateName":"Latitude_Longitude","numberPoints":615,"shape":6,"shapeName":"Earth spherical with radius of 6,371,229.0 m","gridUnits":"degrees","resolution":48,"winds":"true","scanMode":64,"nx":41,"ny":15,"basicAngle":0,"lo1":47.0,"la1":41.0,"lo2":87.0,"la2":55.0,"dx":1.0,"dy":1.0}, "data":
[rows 0 to 14 of 15, columns 0 to 40 of 41]
283.09973,277.69974,277.59973,280.29974,280.59973,281.89972,283.09973,284.49973,283.09973,284.79974,284.59973,286.69974,287.89972,286.19974,287.59973,287.09973,285.49973,286.09973,288.89972,291.19974,289.59973,289.79974,291.39972,289.19974,290.89972,290.39972,280.09973,269.19974,269.39972,266.99973,273.19974,263.79974,273.19974,283.89972,285.09973,283.79974,286.09973,284.59973,283.49973,283.99973,284.29974
265.29974,275.99973,279.89972,279.79974,280.39972,280.99973,282.39972,283.29974,282.79974,282.69974,282.19974,284.09973,284.99973,284.79974,285.29974,286.29974,286.59973,286.69974,286.19974,287.49973,288.09973,289.69974,289.29974,276.29974,268.29974,270.79974,271.59973,267.99973,268.09973,264.99973,274.99973,262.59973,276.99973,256.59973,263.29974,273.99973,275.19974,283.59973,285.19974,282.09973,273.19974
276.39972,278.49973,279.79974,280.19974,280.19974,280.19974,280.29974,282.69974,282.89972,279.79974,279.69974,279.99973,281.89972,281.49973,280.99973,281.79974,283.69974,279.99973,282.19974,282.99973,284.09973,288.19974,288.49973,273.19974,291.19974,286.99973,281.69974,286.39972,287.29974,275.89972,271.39972,273.19974,269.89972,270.49973,267.39972,274.69974,271.69974,263.79974,265.79974,271.59973,269.99973
276.19974,275.59973,277.39972,278.59973,278.79974,274.39972,273.69974,274.59973,274.69974,274.59973,276.59973,276.99973,281.29974,281.89972,278.29974,277.39972,278.79974,277.39972,277.19974,277.79974,283.89972,274.39972,282.79974,283.69974,283.29974,284.99973,285.09973,283.89972,285.19974,283.39972,282.99973,282.69974,283.89972,285.09973,273.29974,272.99973,270.69974,265.89972,280.29974,273.19974,273.29974
275.79974,273.09973,271.49973,272.09973,274.69974,276.89972,274.59973,274.29974,273.79974,273.59973,273.49973,274.09973,279.09973,279.09973,278.19974,276.09973,275.99973,275.69974,277.09973,276.69974,277.59973,279.99973,280.49973,281.59973,281.99973,283.09973,279.89972,281.09973,285.49973,287.69974,286.09973,285.29974,273.19974,267.29974,276.19974,271.49973,272.79974,273.99973,273.79974,273.39972,272.69974
273.59973,274.69974,272.99973,271.89972,271.79974,272.49973,275.49973,275.19974,273.89972,274.19974,273.79974,273.99973,278.19974,278.99973,273.09973,274.39972,274.29974,274.49973,274.19974,274.89972,273.09973,277.49973,277.59973,275.49973,279.09973,276.19974,280.79974,272.89972,277.59973,276.39972,279.39972,279.99973,273.39972,273.19974,277.99973,276.59973,273.19974,273.19974,272.39972,272.49973,272.39972
271.69974,272.39972,275.49973,275.49973,274.39972,275.59973,275.79974,274.99973,274.09973,273.79974,273.19974,272.59973,272.79974,271.99973,272.49973,272.99973,272.39972,270.69974,269.59973,268.99973,268.89972,269.59973,269.59973,270.49973,269.19974,269.79974,269.09973,273.59973,272.79974,272.99973,272.59973,273.19974,273.29974,273.19974,273.19974,273.19974,273.19974,273.09973,272.79974,272.99973,272.79974
271.29974,270.79974,272.49973,273.79974,274.49973,274.59973,275.19974,274.49973,273.39972,272.99973,269.99973,270.09973,269.19974,268.29974,271.29974,270.39972,269.99973,268.69974,268.59973,267.29974,266.59973,266.39972,266.39972,267.99973,268.99973,268.39972,269.09973,267.09973,268.59973,267.79974,269.59973,269.59973,272.49973,271.79974,273.19974,272.79974,272.09973,271.69974,270.69974,270.99973,272.79974
269.09973,269.39972,270.79974,271.49973,272.79974,273.69974,273.89972,273.99973,272.09973,269.49973,268.79974,267.99973,266.59973,267.09973,266.69974,267.59973,267.79974,268.29974,267.19974,267.29974,265.69974,265.69974,265.79974,265.49973,264.99973,265.79974,265.89972,265.39972,265.69974,265.69974,265.79974,266.69974,273.39972,270.59973,272.29974,271.79974,270.99973,272.99973,267.69974,268.19974,268.69974
263.19974,264.19974,266.99973,269.59973,272.09973,272.49973,271.99973,269.69974,269.09973,269.19974,267.69974,266.59973,266.69974,265.89972,265.69974,265.99973,266.69974,267.29974,267.19974,266.79974,265.69974,265.89972,266.79974,266.39972,266.19974,264.99973,266.49973,265.29974,264.09973,263.59973,268.19974,274.09973,276.59973,271.29974,270.19974,270.39972,273.09973,271.39972,270.59973,272.79974,269.09973
261.09973,261.49973,262.69974,260.29974,268.09973,269.49973,269.39972,269.89972,268.79974,268.09973,267.29974,266.99973,267.09973,265.79974,265.39972,265.79974,265.29974,265.89972,265.89972,263.59973,264.89972,264.69974,263.89972,263.89972,263.69974,263.29974,261.69974,266.09973,268.29974,270.69974,271.19974,272.69974,272.19974,271.19974,269.09973,268.49973,268.39972,270.49973,271.49973,274.49973,272.39972
259.39972,260.79974,262.69974,258.69974,267.49973,268.99973,268.09973,267.99973,268.09973,267.49973,266.59973,265.79974,266.29974,265.49973,264.69974,264.49973,263.79974,263.39972,264.09973,263.09973,262.29974,261.19974,260.09973,260.39972,261.79974,262.59973,263.89972,267.69974,268.49973,266.99973,267.39972,265.99973,270.09973,265.69974,268.99973,267.19974,268.69974,269.79974,270.89972,271.39972,271.39972
257.29974,258.29974,263.69974,268.29974,270.29974,269.69974,268.69974,267.59973,266.29974,265.89972,264.19974,261.69974,260.49973,259.99973,258.99973,257.59973,257.19974,256.89972,256.39972,256.29974,256.59973,256.99973,258.79974,259.19974,259.79974,260.19974,262.29974,260.59973,261.19974,262.29974,262.19974,262.69974,263.09973,263.59973,264.09973,265.29974,266.39972,268.39972,267.49973,267.19974,269.89972
255.29973,256.29974,259.79974,262.19974,264.39972,264.69974,263.89972,262.59973,263.59973,264.09973,263.09973,261.29974,257.19974,253.19974,252.69974,253.59973,253.69974,253.69974,252.69974,253.39973,254.69974,255.49973,255.79973,256.29974,256.09973,256.69974,256.69974,257.19974,257.69974,257.69974,258.49973,258.69974,259.09973,258.89972,260.39972,260.49973,262.89972,264.19974,266.09973,266.49973,267.49973
252.29973,253.79973,255.79973,256.39972,257.09973,258.69974,259.09973,259.09973,258.49973,259.39972,258.49973,257.29974,258.99973,255.89973,253.29973,252.09973,251.59973,252.59973,252.39973,252.09973,251.99973,252.89973,253.49973,254.19974,254.19974,254.29973,254.89973,254.99973,255.59973,256.39972,256.29974,256.59973,256.79974,257.79974,258.39972,258.79974,260.09973,260.39972,261.89972,265.69974,267.19974
