wind_kz.json
{"header": {"discipline":0,"disciplineName":"Meteorological products","gribEdition":2,"gribLength":794,"center":7,"centerName":"US National Weather Service - NCEP(WMC)","subcenter":0,"refTime":"2023-09-26T12:00:00.000Z","significanceOfRT":1,"significanceOfRTName":"Start of forecast","productStatus":0,"productStatusName":"Operational products","productType":1,"productTypeName":"Forecast products","productDefinitionTemplate":0,"productDefinitionTemplateName":"Analysis/forecast at horizontal level/layer at a point in time","parameterCategory":2,"parameterCategoryName":"UnknownDiscipline_0_Category_2","parameterNumber":3,"parameterNumberName":"UnknownParameter_D0_C2_3","parameterUnit":"Unknown","genProcessType":2,"genProcessTypeName":"Forecast","forecastTime":300,"surface1Type":103,"surface1TypeName":"Specified height level above ground","surface1Value":10.0,"surface2Type":255,"surface2TypeName":"Missing","surface2Value":0.0,"gridDefinitionTemplate":0,"gridDefinitionTemplateName":"Latitude_Longitude","numberPoints":615,"shape":6,"shapeName":"Earth spherical with radius of 6,371,229.0 m","gridUnits":"degrees","resolution":48,"winds":"true","scanMode":64,"nx":41,"ny":15,"basicAngle":0,"lo1":47.0,"la1":41.0,"lo2":87.0,"la2":55.0,"dx":1.0,"dy":1.0}, "data":
[rows 0 to 14 of 15, columns 0 to 40 of 41]
-0.6595001,-1.2595001,1.2404999,1.6404998,0.44049987,1.4404999,-0.05950012,0.44049987,0.040499877,-0.15950012,-1.7595001,-1.3595002,-1.2595001,-1.6595001,-2.0595002,-3.2595,-2.9595,-2.8595002,-4.1595,-1.8595002,0.44049987,0.24049988,0.9404999,-1.7595001,-2.2595,-0.25950012,-1.4595001,-0.05950012,1.0404999,1.8404999,0.34049988,-1.7595001,0.8404999,-0.75950015,0.24049988,0.44049987,-0.95950013,-0.15950012,-0.75950015,-1.2595001,1.8404999
5.4405,1.4404999,-1.6595001,1.9404999,5.9405,4.0404997,-0.75950015,2.0405,0.24049988,-0.45950013,-1.7595001,-2.4595,-2.2595,-0.75950015,-3.2595,-2.5595002,-1.4595001,-2.9595,-3.3595002,-2.8595002,-2.8595002,-3.3595002,-0.3595001,1.7404999,-1.9595001,-1.7595001,-2.4595,1.2404999,0.34049988,2.1404998,2.5405,3.9404998,0.040499877,0.14049987,-1.7595001,-1.3595002,-0.6595001,-1.8595002,-0.6595001,-2.3595002,1.2404999
0.54049987,-0.75950015,3.5405,5.0404997,6.0404997,2.6404998,1.9404999,1.6404998,0.9404999,-0.25950012,-1.0595001,-0.95950013,-1.8595002,-1.6595001,-2.1595001,-2.5595002,-2.1595001,-2.7595,-2.4595,-3.4595,-2.6595001,-3.4595,-5.3595,-1.1595001,-1.2595001,0.24049988,-0.15950012,-0.3595001,-0.8595001,-0.25950012,2.9404998,0.34049988,-1.4595001,-0.75950015,-1.0595001,-0.15950012,-1.5595001,-3.5595002,-0.6595001,0.24049988,-0.25950012
-1.0595001,0.040499877,3.0405,7.3405,4.3405,4.2405,3.4404998,2.4404998,2.1404998,1.4404999,0.74049985,0.24049988,0.24049988,-0.45950013,-2.0595002,-2.2595,-2.6595001,-2.9595,-2.8595002,-3.8595002,-2.8595002,-2.0595002,1.7404999,-1.4595001,-1.4595001,-1.7595001,-2.3595002,-2.7595,-1.0595001,-0.6595001,-1.3595002,-2.1595001,0.74049985,2.8404999,0.040499877,0.54049987,2.1404998,2.4404998,-0.05950012,-0.05950012,0.14049987
-0.6595001,-0.75950015,2.1404998,3.0405,2.6404998,2.5405,2.5405,4.3405,3.2405,1.9404999,1.6404998,1.2404999,0.54049987,0.14049987,-0.95950013,-1.8595002,-2.2595,-2.6595001,-2.7595,-3.1595001,-2.4595,-1.9595001,-2.0595002,-1.8595002,-1.6595001,-1.7595001,-3.0595002,-3.0595002,-1.3595002,-1.5595001,-2.2595,-1.2595001,0.9404999,-0.15950012,0.34049988,-0.05950012,-10.8595,3.5405,-1.0595001,-5.5595,-4.8595
-1.8595002,-1.2595001,2.0405,3.8404999,4.1405,4.1405,4.2405,3.4404998,2.5405,1.8404999,1.6404998,1.5404999,1.3404999,0.44049987,-1.0595001,-1.9595001,-1.9595001,-1.7595001,-1.9595001,-1.8595002,-2.5595002,-1.8595002,-1.8595002,-1.6595001,-1.5595001,-2.2595,-3.6595001,-4.8595,-3.7595,-3.3595002,-2.8595002,-2.4595,-3.0595002,-3.3595002,1.7404999,-1.0595001,-1.6595001,-2.5595002,-4.5595,1.8404999,-6.2595
-2.7595,-3.3595002,-3.5595002,-0.75950015,1.0404999,1.3404999,3.4404998,3.6404998,3.2405,2.8404999,1.5404999,0.6404999,-0.15950012,-0.6595001,-1.2595001,-1.8595002,-2.2595,-1.4595001,-1.0595001,-1.4595001,-1.3595002,-1.7595001,-1.7595001,-1.4595001,-1.1595001,-1.0595001,-3.6595001,-3.8595002,-4.6595,-4.4595003,-3.7595,-5.3595,-6.4595003,-7.5595,-0.3595001,0.14049987,2.6404998,1.3404999,-0.45950013,-1.9595001,-9.0595
-2.7595,-2.7595,-3.1595001,-3.0595002,-1.7595001,-1.3595002,0.24049988,3.5405,3.5405,3.4404998,3.3404999,2.4404998,1.2404999,0.6404999,-0.15950012,-0.5595001,-1.0595001,-1.2595001,-1.0595001,0.34049988,-0.75950015,-1.3595002,-1.8595002,-1.5595001,-1.1595001,-0.05950012,-0.6595001,-2.0595002,-2.0595002,-4.0595,-3.6595001,-3.0595002,-4.4595003,-5.8595,-4.9595003,-4.5595,-2.8595002,-0.05950012,0.6404999,1.3404999,-0.6595001
-2.3595002,-2.6595001,-2.8595002,-2.7595,-1.7595001,-1.2595001,-0.45950013,0.44049987,1.5404999,2.5405,2.3404999,2.2405,2.6404998,2.2405,1.4404999,0.9404999,0.9404999,0.74049985,0.44049987,0.74049985,1.2404999,0.6404999,0.54049987,0.44049987,-0.05950012,-0.3595001,-0.05950012,-0.25950012,-0.3595001,-0.15950012,-1.3595002,-2.3595002,-1.9595001,-2.0595002,-2.2595,-4.5595,-2.8595002,-2.7595,1.2404999,1.0404999,1.6404998
-1.6595001,-1.9595001,-2.3595002,-2.7595,-2.7595,-2.5595002,-1.5595001,-1.3595002,-0.05950012,0.8404999,2.3404999,2.5405,2.9404998,2.5405,2.4404998,1.7404999,1.8404999,1.6404998,1.4404999,1.7404999,1.9404999,2.1404998,1.6404998,1.7404999,1.6404998,1.9404999,1.6404998,0.9404999,1.1404998,1.4404999,1.0404999,0.040499877,-1.4595001,-1.5595001,-1.9595001,-1.2595001,-1.0595001,-1.2595001,0.8404999,1.2404999,2.1404998
-1.6595001,-1.7595001,-1.5595001,-2.1595001,-2.0595002,-2.6595001,-2.3595002,-1.4595001,-1.1595001,-1.2595001,-0.3595001,0.54049987,0.6404999,0.74049985,0.44049987,1.1404998,1.3404999,1.1404998,1.7404999,1.8404999,1.8404999,1.8404999,1.8404999,2.4404998,2.3404999,2.5405,2.1404998,2.4404998,2.0405,2.0405,1.8404999,1.5404999,0.24049988,0.040499877,-0.25950012,-0.3595001,-1.2595001,-0.75950015,-2.1595001,-1.7595001,-1.5595001
-1.6595001,-1.8595002,-1.3595002,-0.8595001,-0.75950015,-1.0595001,-1.4595001,-1.1595001,-0.95950013,-0.45950013,-0.15950012,-0.3595001,-0.45950013,-0.15950012,0.14049987,0.040499877,0.24049988,-0.25950012,0.8404999,1.5404999,2.2405,2.0405,2.3404999,2.6404998,2.8404999,3.0405,3.7405,3.3404999,3.1404998,2.4404998,1.9404999,2.4404998,2.1404998,2.2405,1.8404999,0.74049985,1.8404999,2.4404998,2.0405,0.8404999,1.3404999
-0.8595001,-1.5595001,-1.7595001,-1.3595002,-1.8595002,-1.1595001,-1.3595002,-1.0595001,-0.95950013,-0.3595001,0.34049988,0.34049988,0.44049987,0.54049987,0.74049985,1.1404998,1.1404998,1.2404999,0.9404999,1.7404999,2.3404999,2.7405,2.8404999,2.8404999,3.2405,3.8404999,4.2405,4.1405,4.0404997,3.8404999,3.4404998,2.7405,2.9404998,3.2405,3.1404998,3.3404999,2.2405,1.4404999,2.6404998,2.4404998,1.7404999
-0.5595001,-0.95950013,-1.4595001,-1.1595001,-0.75950015,-0.95950013,-0.5595001,-0.25950012,0.34049988,-0.05950012,1.0404999,0.24049988,1.4404999,1.8404999,1.3404999,1.4404999,1.7404999,1.8404999,1.8404999,2.2405,2.4404998,2.7405,2.9404998,3.0405,3.4404998,3.4404998,3.4404998,3.9404998,4.3405,4.5404997,4.4405,4.5404997,4.0404997,3.8404999,3.4404998,3.2405,3.0405,3.6404998,2.9404998,2.4404998,3.0405
-0.45950013,-1.1595001,-2.1595001,-0.6595001,-0.75950015,0.44049987,0.040499877,0.44049987,-0.05950012,0.34049988,1.2404999,1.2404999,0.44049987,-0.8595001,1.1404998,1.3404999,1.3404999,1.6404998,1.8404999,2.1404998,2.2405,2.4404998,2.5405,2.7405,2.9404998,3.2405,3.4404998,3.8404999,3.9404998,4.1405,4.1405,3.9404998,4.9405,4.8405,4.6405,4.3405,4.1405,4.3405,4.3405,4.4405,3.2405
