wind_kz.json
{"header": {"discipline":0,"disciplineName":"Meteorological products","gribEdition":2,"gribLength":1025,"center":7,"centerName":"US National Weather Service - NCEP(WMC)","subcenter":0,"refTime":"2023-08-28T12:00:00.000Z","significanceOfRT":1,"significanceOfRTName":"Start of forecast","productStatus":0,"productStatusName":"Operational products","productType":1,"productTypeName":"Forecast products","productDefinitionTemplate":0,"productDefinitionTemplateName":"Analysis/forecast at horizontal level/layer at a point in time","parameterCategory":2,"parameterCategoryName":"UnknownDiscipline_0_Category_2","parameterNumber":3,"parameterNumberName":"UnknownParameter_D0_C2_3","parameterUnit":"Unknown","genProcessType":2,"genProcessTypeName":"Forecast","forecastTime":180,"surface1Type":103,"surface1TypeName":"Specified height level above ground","surface1Value":10.0,"surface2Type":255,"surface2TypeName":"Missing","surface2Value":0.0,"gridDefinitionTemplate":0,"gridDefinitionTemplateName":"Latitude_Longitude","numberPoints":615,"shape":6,"shapeName":"Earth spherical with radius of 6,371,229.0 m","gridUnits":"degrees","resolution":48,"winds":"true","scanMode":64,"nx":41,"ny":15,"basicAngle":0,"lo1":47.0,"la1":41.0,"lo2":87.0,"la2":55.0,"dx":1.0,"dy":1.0}, "data":
[rows 0 to 14 of 15, columns 0 to 40 of 41]
-0.57416016,-2.07416,-0.69416016,-8.29416,1.3158399,1.8358399,1.2558398,0.37583983,-0.45416015,-0.50416017,-2.34416,-1.5741601,-1.6541601,-1.8041601,-1.2341602,-1.8441602,-2.36416,-2.8941603,-3.6441603,-1.4041601,-2.7641602,-2.5441601,0.8158398,-0.30416015,-0.82416016,0.79583985,-2.57416,2.2058399,0.90583986,-2.2241602,-3.33416,-4.98416,1.1158398,-9.6541605,-4.47416,-6.45416,-3.6941602,-2.0241601,-1.6641601,-3.9841602,-2.2441602
2.7858398,0.74583983,-2.7541602,-3.4941602,2.5658398,2.2758398,-0.33416015,2.2358398,1.3858398,0.74583983,-0.7941601,-1.8941602,-1.4641602,-1.3741602,-2.9041603,-2.9441602,-2.0041602,-2.6941602,-1.8141601,-3.2541602,-3.7541602,-4.69416,-0.24416016,1.2958398,0.23583984,0.74583983,-1.9041601,2.9858398,-0.63416016,2.44584,1.7358398,2.3558397,-2.5441601,-4.45416,-4.01416,-10.6541605,-3.85416,-8.9041605,-5.45416,-3.85416,1.6658398
2.37584,2.18584,-0.8741602,-0.39416015,3.7858398,1.8958398,2.69584,3.0358398,2.13584,1.1758399,0.015839843,0.045839842,-0.75416017,-1.1441602,-0.75416017,-0.89416015,-0.72416013,-2.5441601,-0.91416013,-2.6441603,-3.4641602,0.025839843,-4.0241604,-0.88416016,0.41583985,0.36583984,0.14583984,0.12583984,-0.20416015,1.6258398,-2.1641603,-2.1741602,-0.66416013,-0.21416016,-1.4941602,-1.0541601,-0.38416016,-0.84416014,-0.6741602,-1.3741602,-2.6541603
-0.16416016,-0.77416015,-1.3741602,2.7858398,2.2958398,2.7058399,3.7058399,4.1858397,3.2658398,2.3358397,1.1558398,0.6958398,0.23583984,-0.7441602,-1.4841602,-1.5641601,-2.7341602,-2.7041602,-0.8741602,-2.85416,-2.6741602,-1.8141601,-0.49416015,-0.84416014,-1.0041602,-0.6141602,0.55583984,2.0958397,3.44584,5.71584,3.2458398,0.10583984,1.5558399,-0.024160156,0.6258398,1.6158398,3.61584,2.69584,-1.2941601,2.7758398,-0.38416016
-1.5641601,-2.2341602,-2.4041603,-2.11416,0.91583985,1.4958398,1.2858398,1.8758398,4.56584,3.8258398,3.2058399,1.7858398,0.21583985,-1.0341601,-2.4341602,-2.55416,-3.0341601,-2.6641603,-1.5341601,-1.5741601,-2.5141602,-0.53416014,-0.25416017,-1.9941602,-0.11416016,1.0558399,0.45583984,1.4958398,1.2458398,4.3558397,4.8358397,2.5958397,2.7258399,1.7758398,0.37583983,-4.18416,-10.074161,-2.7041602,1.4358399,3.6058397,-1.6841601
-0.8641602,-1.3841602,-3.2241602,-2.9541602,-1.0941602,2.11584,1.5658399,0.92583984,2.37584,3.7258399,1.9558399,0.97583985,-0.77416015,1.4858398,0.58583987,-0.26416016,-0.33416015,-0.75416017,-1.8941602,-2.1941602,-1.8241601,-1.7841601,-1.0541601,-1.6441602,1.2258399,0.25583985,-0.44416016,-0.94416016,0.83583987,3.11584,4.55584,4.4558396,3.0158398,2.5158398,1.9158398,-0.35416016,-0.85416013,-5.90416,-4.00416,5.1458397,2.4958398
0.55583984,-1.2441602,-2.2141602,-2.1741602,-0.28416017,-0.18416016,-0.6141602,-2.32416,1.5658399,1.4458399,1.5758399,-0.6741602,-1.6741601,-0.6841602,0.92583984,0.14583984,-0.20416015,-1.4341601,0.42583984,0.07583985,-0.42416015,-1.2041602,-2.0141602,-1.3041601,2.4958398,0.72583985,0.5058398,0.44583985,-1.0241601,-1.0541601,0.36583984,1.2058399,2.3358397,2.7058399,0.12583984,-0.78416014,-1.1041602,-0.9341602,-2.6741602,-1.1541601,-3.30416
2.43584,2.0258398,1.4258399,-0.97416013,-2.7741601,-2.2641602,1.6658398,1.2058399,0.64583987,-0.77416015,-0.8741602,-1.6841601,-0.97416013,2.66584,1.4558399,0.6358398,-0.28416017,0.005839844,-0.014160156,1.4458399,-0.41416016,0.13583985,-1.2741601,-1.4541602,0.10583984,2.19584,1.8958398,0.78583986,-0.5441601,-0.43416014,0.23583984,-0.8641602,-1.8441602,2.0558398,3.19584,1.7958398,0.68583983,0.54583985,-0.81416017,1.5558399,0.5158398
1.5858399,1.1958399,1.5658399,-0.78416014,-2.2341602,-2.63416,0.80583984,1.3658398,-0.27416015,-0.47416016,-1.5841602,-1.9241601,-1.4241601,0.52583987,1.9458399,0.72583985,-0.37416017,-0.034160156,-0.28416017,0.73583984,1.3758398,0.39583984,0.33583984,-0.60416013,0.17583984,0.6258398,0.97583985,2.3158398,2.63584,-0.47416016,-0.9341602,0.37583983,1.5058398,0.34583986,1.7858398,1.4758399,-1.3441602,2.13584,1.5958399,-1.7141602,0.45583984
-0.6241602,-0.81416017,0.26583984,-0.26416016,0.54583985,-0.72416013,-0.77416015,-1.2441602,-0.7441602,-0.23416016,-1.4841602,-1.9741602,-1.3041601,-3.0341601,-0.71416014,-0.5541602,-0.0041601565,0.40583983,0.11583985,0.5758398,0.67583984,1.4558399,0.80583984,0.6958398,1.1058398,1.2658398,1.6158398,1.6958399,1.1558398,3.65584,2.7458398,3.44584,1.3558398,0.99583983,1.8558398,1.8858398,0.25583985,-2.5041602,1.7458398,3.9758399,2.5758398
-1.6841601,1.3458399,0.60583985,1.4658399,-0.0041601565,-1.1941601,-1.3341602,-2.32416,-0.50416017,-0.83416015,-0.37416017,-0.07416016,0.32583985,-0.014160156,-1.5041602,-1.4141601,0.28583986,0.5058398,1.7758398,1.5658399,0.97583985,0.14583984,0.85583985,0.98583984,1.4158398,1.1858399,2.16584,1.9258399,1.7558398,1.3858398,1.9858398,1.4658399,2.42584,2.4558399,2.66584,1.8258399,1.7958398,2.0858397,1.8258399,-0.11416016,-0.30416015
-1.6741601,-2.2841601,-1.5841602,-0.6141602,-1.0141602,-0.91416013,-1.4841602,-0.82416016,-0.58416015,-0.06416015,0.5158398,-0.7341602,-1.3341602,-0.83416015,-1.0241601,-1.4541602,-2.37416,-2.7141602,1.0558399,2.2058399,0.55583984,-1.1741601,-0.72416013,-0.20416015,0.25583985,0.74583983,2.64584,2.14584,2.0058398,1.7458398,1.3758398,1.8558398,2.43584,2.90584,2.17584,2.8558397,2.66584,3.2958398,2.88584,2.5758398,1.1458398
-1.3541602,-1.1341602,-0.71416014,-1.1341602,-0.90416014,-0.63416016,-1.0641601,-0.89416015,-1.1341602,-0.11416016,-0.37416017,-2.5141602,-1.3941602,-2.61416,-2.08416,-2.35416,-1.9141601,-2.10416,-1.6041602,-2.2041602,-1.5041602,-0.37416017,-0.054160155,-1.4641602,-1.9641602,-0.124160156,0.30583984,0.9458398,1.4858398,1.3058399,1.3358399,1.8858398,2.3158398,3.0958397,3.7058399,3.7658398,3.3458397,2.0558398,2.8058398,3.0458398,2.15584
-0.97416013,-1.7341602,-2.4441602,-1.4641602,-0.89416015,-1.6641601,-0.70416015,-1.4041601,-2.30416,-0.7441602,0.07583985,-0.17416015,-1.1341602,-1.6741601,-3.4941602,-2.2541602,-1.5841602,-1.3441602,-1.4241601,0.035839844,-0.95416015,0.12583984,-0.59416014,-1.1241602,-1.8941602,-1.9441601,-1.8341602,-0.23416016,-0.32416016,-0.094160154,0.83583987,1.2358398,1.9758399,2.37584,2.7458398,3.4558399,3.5258398,3.94584,3.9858398,3.36584,3.86584
-0.57416016,-2.0441601,-1.9941602,-1.7041602,-2.09416,-0.60416013,-2.13416,-0.7441602,-0.88416016,-0.77416015,-0.48416016,-0.59416014,-0.9841602,-1.1641601,-4.26416,-4.7741604,-3.4441602,-2.7141602,-2.1641603,-2.4241602,-2.0241601,-2.5141602,-1.8141601,-2.7141602,-2.2141602,-2.2541602,-2.0141602,-1.1241602,-0.6141602,-0.49416015,-0.95416015,-1.0541601,0.41583985,1.1558398,1.8858398,2.38584,3.5758398,5.1058397,5.54584,5.3558397,4.04584
