wind_kz.json
{"header": {"discipline":0,"disciplineName":"Meteorological products","gribEdition":2,"gribLength":1102,"center":7,"centerName":"US National Weather Service - NCEP(WMC)","subcenter":0,"refTime":"2023-08-07T12:00:00.000Z","significanceOfRT":1,"significanceOfRTName":"Start of forecast","productStatus":0,"productStatusName":"Operational products","productType":1,"productTypeName":"Forecast products","productDefinitionTemplate":0,"productDefinitionTemplateName":"Analysis/forecast at horizontal level/layer at a point in time","parameterCategory":2,"parameterCategoryName":"UnknownDiscipline_0_Category_2","parameterNumber":3,"parameterNumberName":"UnknownParameter_D0_C2_3","parameterUnit":"Unknown","genProcessType":2,"genProcessTypeName":"Forecast","forecastTime":0,"surface1Type":103,"surface1TypeName":"Specified height level above ground","surface1Value":10.0,"surface2Type":255,"surface2TypeName":"Missing","surface2Value":0.0,"gridDefinitionTemplate":0,"gridDefinitionTemplateName":"Latitude_Longitude","numberPoints":615,"shape":6,"shapeName":"Earth spherical with radius of 6,371,229.0 m","gridUnits":"degrees","resolution":48,"winds":"true","scanMode":64,"nx":41,"ny":15,"basicAngle":0,"lo1":47.0,"la1":41.0,"lo2":87.0,"la2":55.0,"dx":1.0,"dy":1.0}, "data":
[rows 0 to 14 of 15, columns 0 to 40 of 41]
-0.89954346,-0.97954345,-2.3595436,2.9304566,2.3204565,-0.34954345,-2.2095435,-1.4195435,-4.0495434,-4.7795434,-3.1995435,-3.9895434,-4.3495436,-4.1995435,-5.8995433,-5.1995435,-4.4795437,-1.3995434,-0.7595435,1.8404565,0.20045654,0.050456543,-3.8495436,-2.8395433,4.2204566,-0.31954345,2.1804566,1.8604566,-3.6995435,-3.1995435,-2.8695436,-0.19954346,1.9204565,5.9004564,4.1904564,-1.9295435,-3.2795434,-6.7295437,-5.8495436,-4.3795433,-0.9495435
-4.2795434,-1.1795435,0.60045654,0.96045655,-0.9395435,-2.0295434,-3.8595436,-4.8695436,-3.7595434,-2.6895435,-1.9195435,-0.53954345,-4.5895433,-2.3595436,-1.6795435,-2.7295434,-3.8995435,-2.9095435,-4.7195435,-6.2895436,-3.6095436,-1.7595434,-0.31954345,2.7804565,0.7404565,-0.47954345,2.7104566,2.2104566,0.51045656,0.25045654,-0.77954346,-4.8995433,-2.3795435,-0.27954346,0.37045655,-3.2895434,-2.2895434,-0.96954346,-1.6895435,-2.8695436,-0.09954346
-3.2295434,2.6404564,0.5004566,0.41045654,1.8404565,1.8504566,-2.2995434,-2.9195435,-3.4295435,-2.8995435,-4.4195433,-5.4295435,-5.0595436,-9.609544,-6.8395433,-3.3995435,-2.5395434,-6.6295433,-12.079543,-5.7195435,-6.9395432,-0.24954346,-3.1895435,4.7504563,2.4604566,2.4004564,2.7304566,-3.2995434,3.4204566,2.5204566,-0.64954346,-1.3295435,-3.0495434,1.5404565,-1.5795435,4.0504565,-0.23954345,-5.2895436,-1.9495435,2.6004565,0.5504565
4.7104564,-0.5095435,-1.9295435,-3.3095434,-0.9495435,-3.4795434,-3.8595436,-6.5595436,-6.9695435,-8.549543,-8.839543,-9.079543,-3.3595436,-5.6795435,-7.0095434,-5.2795434,0.64045656,-0.38954344,2.9904566,-0.77954346,-3.3095434,2.2604566,1.8904566,-0.86954343,6.0604568,7.4504566,2.3404565,6.5604568,-1.1495434,1.2504566,1.9304565,1.2804565,-1.3195435,6.2004566,1.4804566,2.0004566,2.4504566,1.0904565,-1.4395435,-2.7095435,-3.0595434
1.5804565,0.090456545,-1.5095434,-3.3395433,-5.3695436,-7.1095433,-7.6595435,-7.8495436,-7.2895436,-8.009543,-8.149544,-7.7795434,0.08045654,-4.2995434,-5.6295433,-2.5895433,-1.2095435,-2.5195434,-0.44954345,-6.4795437,-1.7895435,-2.6595435,7.5004563,9.700457,1.8404565,1.3104565,3.8004565,-0.46954346,-1.7295434,5.1504564,0.42045653,-1.2995435,-0.46954346,-1.1395434,0.030456543,-5.1195436,-8.839543,-0.32954347,-8.829543,-9.199543,-12.639544
5.7004566,5.5604568,2.0104566,0.39045656,-1.0595435,-2.5295434,-6.9695435,-7.3895435,-6.7695436,-6.8595433,-7.4995437,-7.6395435,3.5004566,1.5804565,-4.3695436,-4.6095433,-3.7695434,-2.9495435,-1.0195434,11.510456,1.3204565,0.090456545,2.0604565,0.090456545,3.2004566,-1.9395435,-1.4795434,5.6204567,-0.28954345,0.8104565,3.5604565,4.2404566,3.8804564,2.5004566,2.0404565,4.1404567,0.18045655,-3.2995434,-4.1095433,-4.1095433,-9.769544
-3.4195435,-3.3595436,-3.6295435,-4.6795435,-3.4495435,-5.8595433,-6.9195433,-7.3695436,-7.1695433,-7.0395436,-7.3595433,-6.1995435,-5.4995437,-6.6595435,-6.5595436,-5.8095436,-2.6095436,-5.1695433,-2.1295435,0.58045655,-1.9795434,-3.0595434,-0.60954344,6.4704566,-2.2195435,-3.9895434,-6.4795437,-7.1295433,2.7104566,4.6904564,5.5504565,-2.5795434,4.4604564,-0.89954346,7.8004565,-0.15954345,1.8304565,2.0504565,-1.0595435,-0.31954345,-6.3795433
-2.7395434,-3.0095434,-3.2295434,-3.9195435,-5.209543,-5.9095435,-6.1995435,-7.3395433,-7.3595433,-6.9995437,-8.559544,-9.959543,-5.4395432,-5.6295433,-5.3395433,-2.1395435,-1.9395435,-3.4395435,-0.6395435,0.6804565,-1.5995435,-2.1795435,-5.1595435,-5.5595436,-5.3095436,1.4604565,0.9904565,-7.3195434,-4.5795436,0.96045655,-0.72954345,5.2704563,1.3804566,-1.7195435,-3.2795434,-6.1595435,-3.5095434,2.1004565,0.78045654,1.3504566,-1.8895434
-1.9995434,-3.1395435,-3.4395435,-4.3595433,-5.0395436,-6.1395435,-6.6295433,-7.0995436,-7.3395433,-6.3795433,-7.0395436,-6.2595434,-7.7995434,-4.4195433,-2.1195436,-1.7895435,-4.4295435,-6.1095433,-7.2195435,-3.6295435,-2.7695434,-0.98954344,-6.3795433,0.030456543,-3.3695436,-4.8695436,4.6204567,3.2404566,3.4704566,-0.059543457,-3.0295434,0.39045656,0.37045655,-0.6295435,0.5004566,-1.1895435,-2.9695435,-2.9495435,2.7904565,2.3204565,1.8004565
-1.7695434,-3.4595435,-4.1195436,-4.5895433,-5.1895432,-6.0595436,-6.5195436,-7.2595434,-6.6295433,-5.2595434,-4.3895435,-6.1095433,-5.9195433,-6.3695436,-5.3395433,-6.2395434,-5.8795433,-4.2195435,-5.5695434,-2.3795435,-5.6595435,-6.1095433,0.9904565,0.48045653,-2.3695436,-4.5995436,-4.8095436,-3.6495435,-3.2295434,-3.9295435,-4.0595436,-1.4795434,-1.3195435,-1.9495435,5.3104568,1.8404565,1.9504565,1.6804565,0.20045654,-0.14954346,0.63045657
-2.3095434,-2.5895433,-3.6195436,-4.1695433,-4.5895433,-5.7895436,-6.4195433,-6.2395434,-5.5995436,-5.0695434,-4.1095433,-4.1995435,-6.0395436,-4.7295437,-5.2695436,-3.8895435,-4.5195436,-4.2295437,-5.4295435,-0.84954345,-1.0695435,0.25045654,-2.7695434,-4.4195433,-5.1695433,-5.0495434,-3.5295434,-4.4395432,-4.3395433,-5.1595435,-3.7495434,-1.9995434,-3.3595436,-3.6895435,-4.2995434,-0.51954347,-0.9395435,-1.3795434,-1.1595435,0.59045655,2.2904565
-1.0995435,-5.3395433,-3.4295435,-3.2895434,-4.6295433,-5.6295433,-6.1195436,-7.2295437,-5.8895435,-5.0095434,-3.1395435,-3.8995435,-5.0395436,-4.5195436,-5.209543,-4.5595436,-2.5195434,-5.3795433,-3.8995435,1.3204565,1.5604565,1.1104566,-0.12954345,-4.1995435,-3.2895434,-4.209543,-3.9595435,-3.8195434,-4.1895432,-3.2895434,-4.2895436,-5.2795434,-4.7495437,-5.2495437,-4.209543,-3.2995434,-3.3195434,-0.6295435,0.33045655,-0.24954346,0.43045655
-2.8795435,-3.9195435,-5.3095436,-4.4295435,-4.1595435,-3.6095436,-5.1795435,-7.2895436,-8.619543,-5.3795433,-1.3695434,-3.0095434,-3.7995434,-3.4695435,-3.7495434,-3.5795434,-3.0895433,-4.0695434,-3.3195434,-3.2695434,-2.0895433,-3.0395434,-2.8395433,-4.9495435,-2.6795435,-2.9995434,-3.0195434,-3.7195435,-2.9895434,-3.0895433,-3.2695434,-4.1795435,-3.5995436,-0.95954347,-1.6195434,-2.1595435,-2.6695435,-0.9495435,-2.0495434,-3.0995436,-1.7695434
-3.1595435,-4.5395436,-3.5095434,-5.1095433,-4.4495435,-5.0995436,-6.2695436,-4.7695436,-5.8695436,-6.459543,-3.3295434,-1.2395434,-3.9795434,-4.1795435,-4.2695436,-2.1095436,-1.9695435,-3.2895434,-3.4595435,-3.8695436,-3.5695434,-1.5595435,-2.5095434,-1.8695434,-1.0495435,-1.6595435,-1.6195434,-1.6995435,-3.2895434,-3.5895433,-4.0195436,-4.3795433,-2.8695436,-2.1695435,-2.6295435,-0.24954346,-2.0995436,-3.0195434,-4.0295434,-0.7595435,-0.6895435
-2.9795434,-4.0995436,-1.2295434,-4.6395435,-5.1795435,-4.3595433,-6.1795435,-5.2795434,-5.4395432,-4.3095436,-3.0595434,-3.0795434,-1.7795434,-2.5895433,-3.3495436,-4.3695436,-3.5095434,-4.2495437,-2.2495434,-3.4995434,-3.8095434,-3.0595434,-2.9795434,-3.0595434,-2.5295434,-3.4095435,-4.3795433,-3.0795434,-4.5595436,-4.0695434,-2.5795434,-4.0695434,-3.9895434,-3.3995435,-1.4095435,-3.6295435,-1.8495435,-2.5795434,1.9004565,-2.7595434,-1.1295434
