wind_kz.json
{"header": {"discipline":0,"disciplineName":"Meteorological products","gribEdition":2,"gribLength":1025,"center":7,"centerName":"US National Weather Service - NCEP(WMC)","subcenter":0,"refTime":"2023-09-11T00:00:00.000Z","significanceOfRT":1,"significanceOfRTName":"Start of forecast","productStatus":0,"productStatusName":"Operational products","productType":1,"productTypeName":"Forecast products","productDefinitionTemplate":0,"productDefinitionTemplateName":"Analysis/forecast at horizontal level/layer at a point in time","parameterCategory":2,"parameterCategoryName":"UnknownDiscipline_0_Category_2","parameterNumber":2,"parameterNumberName":"UnknownParameter_D0_C2_2","parameterUnit":"Unknown","genProcessType":2,"genProcessTypeName":"Forecast","forecastTime":180,"surface1Type":103,"surface1TypeName":"Specified height level above ground","surface1Value":10.0,"surface2Type":255,"surface2TypeName":"Missing","surface2Value":0.0,"gridDefinitionTemplate":0,"gridDefinitionTemplateName":"Latitude_Longitude","numberPoints":615,"shape":6,"shapeName":"Earth spherical with radius of 6,371,229.0 m","gridUnits":"degrees","resolution":48,"winds":"true","scanMode":64,"nx":41,"ny":15,"basicAngle":0,"lo1":47.0,"la1":41.0,"lo2":87.0,"la2":55.0,"dx":1.0,"dy":1.0}, "data":
[rows 0 to 14 of 15, columns 0 to 40 of 41]
-0.69749755,2.0525024,-2.9474976,-1.3574976,-2.3674974,-0.04749756,6.6825023,3.6025023,1.9825025,2.3725023,4.0025024,0.24250244,-2.2274976,-1.3074975,2.7825024,4.742502,2.9925025,3.2825024,0.35250244,-1.0174975,-0.9774976,1.0525024,1.8125024,3.9925025,4.1425023,2.8225024,3.5825024,3.8125024,3.1925025,2.2525024,2.5025024,1.0425024,1.5225024,-0.07749756,-3.8774977,-1.9674976,-1.9574976,-2.7174976,-1.0074975,-0.87749755,0.20250244
1.6825024,-3.2074976,-3.2074976,-2.2874975,-0.70749754,1.6725024,-0.0074975584,-1.1474975,1.8825024,4.0125027,-0.95749754,-1.5174975,0.91250247,1.0225024,0.88250244,4.742502,2.4725025,5.9625025,0.98250246,0.68250245,1.5325024,2.0725024,2.0225024,1.2625024,2.4525025,0.23250245,1.2025025,3.6425025,4.8825026,2.2125025,-0.23749755,1.7425025,-4.3674974,2.0825024,0.50250244,0.19250244,0.76250243,0.57250243,1.7925024,-1.3474976,-0.86749756
-6.007498,-4.1974974,-2.9474976,-1.9874976,1.4125024,2.9125025,0.48250243,1.1225024,-0.037497558,-3.0374975,-3.5774975,-1.9074975,-1.0574975,1.1525024,1.3825024,2.9625025,3.0925024,1.3425025,1.9325024,2.1425025,1.7925024,3.8225024,3.3225024,3.4825025,3.0225024,0.7025024,1.7925024,0.47250244,4.8525023,-1.1874976,0.20250244,-1.3874975,-0.16749756,-0.82749754,-1.1174976,0.86250246,0.08250244,1.4125024,4.7725024,4.0925026,-1.1274976
-6.5474977,-5.1774974,-3.0774975,0.32250243,5.0625024,0.18250245,0.29250243,0.51250243,0.94250244,0.62250245,-0.7974976,-0.5474976,0.062502444,2.6025023,2.7625024,-0.7174976,-1.1874976,2.4425025,1.6825024,2.5625024,0.052502442,-0.56749755,3.4925025,3.9525025,4.3025026,4.6025023,4.6225023,4.6925025,4.722502,3.3125024,-1.5174975,1.4525025,0.51250243,1.8025024,-2.9874976,-0.34749755,-0.14749756,1.9725025,-0.98749757,-1.6174976,-1.6974976
-4.9274974,-2.8774977,-2.4474976,-1.1574975,0.37250245,-0.47749755,0.7825024,0.86250246,0.67250246,-0.19749756,1.7825024,0.28250244,2.6825025,1.3225025,3.8525023,5.242502,1.5225024,0.80250245,-0.08749756,2.0725024,2.6025023,2.5925024,1.8525025,2.4925025,2.2625024,2.9625025,4.0125027,-1.9874976,2.5125024,6.3225026,6.3025026,5.1425023,3.4525025,1.1825024,-2.4674976,-3.4474976,-0.70749754,-1.8974975,-1.1074976,-0.24749756,0.72250247
-1.1774975,1.1625024,0.22250244,1.2425025,0.79250246,1.8625025,3.5125024,1.1425024,0.35250244,1.3125024,1.6425024,0.85250247,2.1225023,1.8425025,4.5725026,2.3025024,1.7725024,2.5225024,1.4225024,4.7025023,2.1125023,2.3325024,2.8425024,3.8425024,5.0725026,6.0025024,4.7625027,2.6525025,5.992502,7.2525024,6.722502,4.4025025,5.7025023,4.8025026,0.82250243,0.61250246,0.7825024,2.7025025,5.8625026,1.7325025,2.2825024
2.3125024,3.2725024,2.4325025,3.0925024,1.9525025,3.2725024,2.4225025,4.0325027,3.9625025,4.742502,3.0625024,3.9525025,2.2325025,3.7225025,3.7125025,3.5425024,4.2725024,3.0925024,1.4825025,3.9225025,1.3425025,3.4525025,2.7425025,2.6325026,2.2825024,4.5125027,6.7525024,5.7525024,5.6825023,6.7825027,5.8325024,6.8225026,6.7125025,5.742502,4.4425025,-0.9174976,1.9025024,1.5925025,4.6425023,0.14250244,4.242502
3.7325025,4.0925026,4.1625023,4.2825027,3.6125023,3.8425024,4.4425025,4.8125024,4.992502,5.3425026,5.6625023,6.3625026,5.4225025,4.8925023,6.472502,5.2125025,4.3925023,3.7925024,4.6325026,2.4125025,3.1525025,2.6625025,2.2825024,3.7725024,4.3825026,5.4825025,4.0725026,4.1125026,6.1325026,7.7325025,5.7525024,3.8425024,0.35250244,1.2225025,1.0425024,2.6925025,-1.1274976,0.14250244,2.4625025,3.9025025,2.3225024
6.2325025,7.3525023,6.8525023,3.7525024,7.7825027,4.6725025,3.1325026,4.1725025,7.6025023,6.2925024,3.5725024,4.9125023,6.0625024,5.6425023,5.722502,4.7025023,5.5525026,3.0525024,3.0525024,3.9825025,4.1825023,5.7125025,3.4025025,3.0425024,4.4325023,1.3125024,2.2825024,3.9525025,5.5625024,4.8425026,5.4625025,2.3825026,-0.07749756,9.2125025,-2.2674975,1.8325025,-0.8574976,-0.7174976,1.0625024,0.17250244,0.7725024
3.9325025,5.4825025,7.1425023,7.2925024,5.0225024,8.102503,4.5725026,7.742502,6.2725024,4.0525026,6.3525023,6.9625025,6.7125025,3.8525023,4.5825024,3.1725025,3.5725024,1.9925025,1.7425025,3.4225025,3.0125024,1.2825024,4.0125027,3.6025023,5.0925026,3.2025025,2.6925025,3.7525024,3.5225024,2.3125024,1.8225025,1.8525025,-1.8574976,2.1925025,-1.6274976,-2.5174975,-1.3874975,-0.46749756,0.50250244,0.8325024,1.5725025
4.992502,3.5825024,4.6725025,5.3525023,4.1025023,5.1425023,7.0425024,7.492502,7.8325024,6.6125026,4.7925024,5.7525024,5.1125026,3.9025025,2.9925025,3.1425025,3.2225025,2.9325025,3.0425024,3.4825025,2.8825026,1.6025025,2.9625025,0.86250246,0.87250245,1.4625025,0.7825024,0.35250244,1.0525024,0.46250245,0.17250244,-1.2374976,-4.8674974,-1.4974976,-0.28749755,-0.31749755,-0.75749755,0.94250244,0.93250245,0.57250243,0.22250244
3.3125024,4.5525026,4.7625027,4.6825023,5.5025024,7.3625026,7.5425024,7.4525023,5.2125025,3.8725023,5.1425023,5.992502,4.4525023,5.4025025,3.6025023,3.4425025,3.3725023,5.2025023,2.5825024,2.7825024,2.9925025,1.3725024,1.6825024,0.57250243,-0.017497558,0.79250246,0.062502444,0.87250245,-1.5574975,-0.36749756,-1.7474976,0.012502441,1.2725024,-0.20749755,-0.28749755,0.08250244,1.7725024,2.5525024,1.1425024,1.1325024,0.012502441
2.9425025,2.4825025,4.8025026,4.0125027,3.9825025,2.4825025,5.1025023,8.012503,7.9625025,4.6425023,5.2325025,4.1525025,5.0525026,4.2525024,4.5525026,3.6025023,3.6425025,4.2625027,3.0025024,2.4025025,1.4925025,2.0125024,1.6825024,1.5225024,-0.6574976,1.3325025,1.9425025,0.46250245,-0.36749756,1.2825024,2.2025025,0.7125024,2.1525025,1.5025024,2.1725025,2.1725025,0.25250244,0.9025024,1.4025024,0.93250245,0.8425024
3.2125025,2.8625023,2.3925025,4.9125023,4.1925025,4.0325027,4.3225026,5.8925023,4.5525026,1.7225025,1.0825025,1.4225024,4.3925023,5.7525024,5.0025024,4.1925025,3.1225023,2.3525023,2.8425024,2.9325025,2.1425025,0.9025024,2.7425025,2.2025025,1.4425025,2.3125024,3.5025024,0.27250245,1.0325024,2.0425024,2.3025024,2.5725024,1.6025025,1.2525024,1.3525025,1.0425024,0.93250245,2.0525024,-0.5374976,1.2425025,2.0325024
1.3825024,2.2525024,3.8025024,4.7325025,5.9025025,4.0425024,3.6525025,3.9925025,5.0525026,4.242502,1.9225024,2.7125025,2.8125024,2.4325025,0.55250245,3.3625023,1.8225025,2.0425024,1.1225024,4.3225026,3.4025025,4.3625026,4.0125027,2.7325025,2.6025023,3.0825024,1.1225024,-0.99749756,0.20250244,3.5125024,-0.36749756,1.8825024,1.9225024,-1.5174975,1.0825025,-0.41749755,0.68250245,0.8925024,0.62250245,0.30250245,-0.15749756
