wind_kz.json
{"header": {"discipline":0,"disciplineName":"Meteorological products","gribEdition":2,"gribLength":871,"center":7,"centerName":"US National Weather Service - NCEP(WMC)","subcenter":0,"refTime":"2024-04-07T06:00:00.000Z","significanceOfRT":1,"significanceOfRTName":"Start of forecast","productStatus":0,"productStatusName":"Operational products","productType":1,"productTypeName":"Forecast products","productDefinitionTemplate":0,"productDefinitionTemplateName":"Analysis/forecast at horizontal level/layer at a point in time","parameterCategory":0,"parameterCategoryName":"UnknownDiscipline_0_Category_0","parameterNumber":0,"parameterNumberName":"UnknownParameter_D0_C0_0","parameterUnit":"Unknown","genProcessType":2,"genProcessTypeName":"Forecast","forecastTime":0,"surface1Type":1,"surface1TypeName":"Ground or water surface","surface1Value":0.0,"surface2Type":255,"surface2TypeName":"Missing","surface2Value":0.0,"gridDefinitionTemplate":0,"gridDefinitionTemplateName":"Latitude_Longitude","numberPoints":615,"shape":6,"shapeName":"Earth spherical with radius of 6,371,229.0 m","gridUnits":"degrees","resolution":48,"winds":"true","scanMode":64,"nx":41,"ny":15,"basicAngle":0,"lo1":47.0,"la1":41.0,"lo2":87.0,"la2":55.0,"dx":1.0,"dy":1.0}, "data":
[rows 0 to 14 of 15, columns 0 to 40 of 41]
287.32098,278.72098,282.82098,281.42096,282.42096,283.62097,287.92096,289.82098,289.92096,295.52097,299.52097,302.52097,304.52097,303.72098,303.42096,303.92096,303.82098,303.22098,303.32098,302.52097,303.42096,300.02097,297.62097,297.82098,303.22098,305.62097,297.72098,274.42096,279.62097,281.72098,275.22098,278.12097,279.72098,300.32098,302.82098,302.92096,305.82098,300.22098,301.32098,304.42096,307.52097
273.02097,289.92096,281.82098,282.12097,282.32098,282.62097,294.22098,289.32098,293.22098,290.72098,301.52097,302.02097,305.92096,306.32098,303.82098,302.42096,302.72098,301.72098,301.22098,301.42096,300.22098,299.22098,293.22098,280.72098,273.22098,273.22098,282.52097,274.22098,273.72098,273.32098,274.12097,273.12097,295.82098,266.02097,270.42096,293.42096,297.72098,301.32098,306.72098,299.22098,279.82098
294.32098,281.02097,281.42096,281.82098,282.12097,295.72098,298.12097,298.82098,297.72098,295.02097,293.42096,297.42096,302.62097,304.82098,301.42096,302.62097,302.12097,300.72098,300.82098,301.02097,299.42096,301.02097,299.92096,293.82098,302.32098,297.72098,297.52097,297.22098,295.82098,281.92096,271.42096,272.52097,277.72098,281.02097,287.42096,288.32098,274.72098,289.62097,283.92096,276.12097,277.62097
295.62097,282.02097,281.12097,281.22098,285.52097,298.02097,297.12097,301.02097,300.22098,300.92096,299.72098,294.22098,285.12097,285.62097,296.12097,301.62097,302.32098,302.32098,301.72098,300.62097,297.22098,299.12097,302.42096,301.62097,300.92096,299.92096,301.52097,288.72098,294.82098,292.82098,299.32098,283.72098,293.52097,294.92096,290.92096,289.02097,274.72098,271.92096,292.92096,298.42096,300.82098
295.22098,282.42096,281.12097,281.72098,288.12097,297.82098,298.02097,298.82098,298.82098,299.02097,299.02097,299.82098,284.22098,284.02097,282.42096,300.22098,303.22098,302.32098,300.62097,298.02097,297.72098,302.12097,301.32098,304.02097,302.82098,301.92096,300.52097,294.52097,300.42096,301.02097,302.22098,290.92096,283.62097,273.02097,290.22098,301.92096,295.22098,306.02097,305.22098,304.32098,302.82098
293.82098,294.42096,281.92096,280.72098,279.52097,280.22098,295.92096,295.82098,297.72098,296.72098,297.12097,299.62097,283.92096,283.42096,287.62097,300.12097,299.42096,300.72098,298.02097,295.82098,299.32098,298.12097,303.72098,302.42096,302.62097,300.92096,301.92096,272.02097,298.42096,300.92096,302.22098,301.12097,299.42096,297.92096,293.12097,294.12097,286.62097,286.42096,304.42096,300.12097,299.42096
292.22098,292.62097,292.92096,293.72098,288.72098,293.02097,294.62097,295.02097,294.22098,294.92096,296.62097,296.12097,295.72098,295.02097,298.22098,296.32098,297.32098,297.72098,293.52097,295.52097,295.72098,298.32098,299.42096,299.22098,298.42096,297.92096,299.92096,299.32098,301.52097,302.32098,302.12097,303.72098,301.62097,297.32098,295.82098,295.62097,292.92096,291.92096,279.32098,285.92096,299.02097
290.02097,291.12097,286.72098,290.22098,290.92096,289.92096,292.32098,292.22098,292.72098,293.12097,293.82098,294.32098,288.62097,290.92096,295.82098,295.62097,294.32098,294.52097,291.42096,292.82098,292.82098,294.82098,293.92096,296.22098,297.22098,294.92096,294.42096,296.62097,294.02097,298.32098,298.82098,300.52097,299.32098,296.62097,294.22098,295.52097,298.32098,273.12097,297.12097,298.32098,298.02097
287.62097,287.22098,287.22098,281.62097,281.72098,284.42096,289.72098,289.92096,290.32098,291.42096,292.82098,293.62097,284.72098,293.92096,290.22098,292.72098,291.12097,290.62097,292.62097,292.92096,288.82098,291.02097,293.12097,294.22098,294.82098,293.72098,289.82098,288.02097,292.52097,289.72098,289.52097,294.62097,297.72098,295.22098,295.62097,286.72098,278.32098,282.52097,273.22098,276.52097,273.82098
286.32098,284.12097,280.72098,281.52097,281.02097,283.62097,281.82098,287.82098,289.42096,291.12097,290.72098,290.32098,284.72098,290.12097,292.02097,287.22098,287.42096,289.32098,290.82098,290.92096,288.32098,290.12097,288.92096,292.22098,291.32098,288.32098,290.52097,285.62097,285.42096,292.72098,289.82098,296.22098,293.62097,293.12097,293.92096,291.12097,288.82098,282.02097,279.52097,282.32098,280.42096
286.02097,283.22098,282.42096,283.82098,287.22098,287.42096,280.52097,285.52097,289.02097,287.92096,287.82098,282.42096,282.92096,288.72098,286.02097,285.62097,285.92096,288.22098,287.82098,284.52097,285.02097,282.62097,281.92096,282.62097,283.52097,283.72098,280.72098,283.82098,282.12097,282.92096,285.22098,288.52097,290.92096,293.22098,292.72098,290.02097,283.62097,286.92096,291.92096,290.82098,284.92096
283.72098,285.72098,280.22098,284.12097,281.52097,281.82098,282.72098,278.82098,284.42096,284.32098,279.12097,279.52097,283.82098,280.52097,281.02097,282.12097,282.72098,283.52097,285.12097,281.52097,276.42096,274.32098,275.62097,275.12097,280.42096,280.52097,279.52097,281.02097,280.02097,279.42096,279.22098,283.22098,289.52097,292.92096,293.82098,291.82098,293.52097,295.42096,292.42096,293.82098,293.32098
278.42096,281.82098,278.22098,278.02097,282.82098,285.62097,284.62097,276.62097,275.02097,281.82098,275.32098,273.62097,276.22098,274.92096,275.92096,277.02097,278.72098,280.22098,279.52097,278.22098,279.02097,274.92096,278.32098,278.52097,281.42096,285.12097,284.52097,280.72098,279.92096,280.22098,276.52097,279.02097,282.92096,283.32098,288.92096,289.82098,294.12097,294.12097,289.22098,287.52097,281.52097
276.42096,274.92096,274.52097,275.62097,276.72098,277.72098,276.02097,278.02097,278.32098,279.02097,275.82098,272.72098,271.82098,273.12097,273.52097,275.52097,277.72098,276.52097,276.42096,275.12097,274.32098,274.62097,276.82098,280.42096,282.42096,282.02097,281.72098,280.42096,279.72098,280.52097,278.92096,280.62097,275.02097,274.62097,275.92096,276.42096,276.52097,281.02097,283.62097,287.52097,290.02097
279.32098,276.42096,273.22098,275.22098,273.82098,274.02097,275.32098,277.12097,277.22098,278.52097,276.02097,276.02097,275.42096,272.32098,272.62097,278.62097,276.72098,276.52097,278.82098,273.72098,273.52097,273.42096,273.72098,275.82098,275.22098,277.42096,278.22098,277.52097,277.62097,277.82098,278.02097,275.82098,275.82098,276.02097,273.22098,271.72098,272.62097,272.92096,274.42096,277.42096,282.22098
