wind_kz.json
{"header": {"discipline":0,"disciplineName":"Meteorological products","gribEdition":2,"gribLength":871,"center":7,"centerName":"US National Weather Service - NCEP(WMC)","subcenter":0,"refTime":"2023-09-30T06:00:00.000Z","significanceOfRT":1,"significanceOfRTName":"Start of forecast","productStatus":0,"productStatusName":"Operational products","productType":1,"productTypeName":"Forecast products","productDefinitionTemplate":0,"productDefinitionTemplateName":"Analysis/forecast at horizontal level/layer at a point in time","parameterCategory":0,"parameterCategoryName":"UnknownDiscipline_0_Category_0","parameterNumber":0,"parameterNumberName":"UnknownParameter_D0_C0_0","parameterUnit":"Unknown","genProcessType":2,"genProcessTypeName":"Forecast","forecastTime":0,"surface1Type":1,"surface1TypeName":"Ground or water surface","surface1Value":0.0,"surface2Type":255,"surface2TypeName":"Missing","surface2Value":0.0,"gridDefinitionTemplate":0,"gridDefinitionTemplateName":"Latitude_Longitude","numberPoints":615,"shape":6,"shapeName":"Earth spherical with radius of 6,371,229.0 m","gridUnits":"degrees","resolution":48,"winds":"true","scanMode":64,"nx":41,"ny":15,"basicAngle":0,"lo1":47.0,"la1":41.0,"lo2":87.0,"la2":55.0,"dx":1.0,"dy":1.0}, "data":
[rows 0 to 14 of 15, columns 0 to 40 of 41]
301.3902,291.1902,297.3902,294.6902,294.2902,293.09018,301.1902,306.6902,305.6902,307.49017,305.49017,306.6902,305.99017,305.2902,304.8902,306.8902,307.99017,306.8902,312.09018,308.1902,311.2902,309.49017,307.8902,305.6902,306.99017,306.59018,302.8902,293.2902,283.2902,275.7902,276.2902,280.8902,292.8902,304.49017,306.8902,306.3902,311.2902,312.6902,307.2902,302.6902,305.8902
286.59018,296.6902,294.3902,294.2902,294.2902,292.6902,307.6902,304.8902,303.59018,301.59018,303.6902,304.1902,304.8902,303.3902,303.99017,303.6902,307.3902,311.09018,311.59018,312.59018,311.49017,310.2902,307.3902,295.2902,287.6902,283.59018,297.1902,289.09018,293.1902,283.8902,285.49017,274.7902,277.49017,269.8902,275.99017,297.7902,299.7902,301.6902,300.09018,297.8902,284.59018
297.6902,293.99017,294.1902,293.49017,291.7902,302.99017,302.09018,302.8902,303.09018,301.6902,301.09018,301.6902,303.59018,303.59018,302.3902,305.59018,306.99017,309.6902,311.99017,312.3902,310.7902,310.09018,311.09018,304.59018,308.3902,304.3902,305.59018,304.1902,304.2902,282.49017,274.1902,275.6902,279.6902,281.6902,291.99017,292.99017,282.99017,291.6902,290.99017,287.3902,283.59018
300.8902,293.2902,293.8902,292.8902,294.49017,302.09018,299.49017,301.99017,302.1902,301.59018,300.99017,299.7902,291.09018,290.59018,303.1902,307.59018,306.1902,307.59018,311.49017,312.49017,296.7902,300.7902,305.8902,305.2902,306.2902,305.1902,305.6902,303.49017,302.1902,304.99017,303.49017,298.59018,291.7902,296.1902,292.09018,294.3902,283.6902,274.49017,291.99017,297.7902,301.09018
300.6902,292.99017,293.49017,292.6902,296.1902,299.59018,299.3902,301.6902,299.6902,298.99017,300.1902,300.59018,290.1902,289.09018,287.7902,305.49017,305.7902,303.7902,295.49017,298.8902,298.59018,297.7902,304.2902,303.99017,304.6902,302.8902,301.7902,299.1902,305.59018,305.49017,305.09018,302.99017,281.09018,277.09018,289.3902,299.2902,299.09018,302.49017,308.6902,306.2902,304.2902
300.7902,300.6902,291.6902,292.59018,292.49017,292.2902,301.09018,299.09018,298.49017,299.09018,298.59018,298.7902,291.3902,289.99017,296.3902,303.59018,302.3902,303.59018,303.09018,303.7902,304.09018,302.09018,295.49017,296.09018,300.7902,300.6902,301.3902,289.09018,301.3902,301.2902,300.59018,300.8902,299.1902,298.1902,297.1902,292.99017,293.09018,296.3902,303.1902,306.2902,305.3902
301.59018,303.09018,300.2902,301.1902,296.59018,297.49017,296.99017,292.3902,293.59018,293.99017,295.7902,297.3902,298.2902,299.09018,300.2902,298.59018,301.8902,300.2902,302.59018,299.99017,300.09018,301.1902,299.7902,299.2902,300.2902,297.8902,297.6902,292.7902,299.2902,299.1902,300.09018,298.09018,300.2902,298.09018,299.3902,298.49017,293.8902,292.8902,288.6902,287.6902,298.2902
300.3902,300.99017,300.2902,299.1902,299.2902,298.8902,299.09018,290.6902,292.7902,296.99017,294.09018,290.1902,296.6902,296.49017,300.1902,295.7902,288.2902,295.7902,294.3902,297.59018,298.1902,300.7902,297.59018,298.1902,295.99017,293.1902,292.6902,293.7902,293.8902,295.3902,296.6902,297.59018,297.1902,294.49017,296.2902,298.1902,298.6902,286.6902,299.2902,299.8902,299.2902
298.59018,297.2902,297.1902,298.49017,298.09018,298.7902,299.2902,299.09018,291.09018,293.99017,293.6902,285.6902,293.99017,295.09018,297.49017,296.8902,294.7902,291.59018,295.49017,297.09018,295.59018,296.2902,297.7902,297.2902,295.99017,291.49017,287.1902,289.6902,280.6902,284.3902,293.6902,295.99017,295.6902,295.2902,294.49017,292.3902,293.2902,295.59018,281.09018,278.7902,276.7902
296.6902,296.2902,296.7902,296.99017,296.59018,297.09018,297.09018,290.3902,289.1902,291.09018,296.49017,294.7902,289.99017,286.6902,295.6902,293.09018,295.49017,288.49017,288.49017,291.6902,294.8902,291.3902,291.99017,292.3902,291.7902,292.49017,291.8902,291.59018,288.3902,287.99017,281.99017,282.99017,295.09018,295.49017,293.99017,293.09018,289.1902,287.49017,280.99017,279.09018,279.09018
293.1902,293.7902,293.59018,293.7902,294.99017,294.7902,294.8902,295.59018,287.99017,287.2902,288.6902,289.2902,289.59018,293.3902,288.99017,290.2902,288.3902,294.7902,285.8902,292.49017,288.49017,284.1902,285.2902,283.6902,288.7902,291.6902,292.3902,294.1902,289.6902,295.7902,295.09018,284.7902,284.99017,291.8902,294.49017,291.7902,286.49017,284.7902,286.1902,284.2902,283.2902
293.3902,293.59018,292.6902,292.99017,289.7902,287.7902,287.6902,287.6902,287.99017,292.99017,286.7902,282.99017,286.8902,289.8902,285.6902,284.7902,287.3902,287.7902,289.99017,289.8902,285.8902,282.99017,283.6902,283.49017,288.2902,289.6902,292.49017,295.1902,295.59018,289.3902,288.3902,288.7902,293.7902,284.99017,283.6902,285.1902,285.09018,284.6902,286.09018,287.59018,286.1902
290.09018,291.3902,291.09018,291.3902,290.59018,290.59018,291.2902,291.8902,291.09018,286.49017,284.99017,283.09018,285.59018,288.1902,286.99017,284.6902,284.99017,284.7902,290.1902,288.49017,283.99017,283.7902,284.99017,288.3902,290.8902,292.99017,294.3902,293.2902,292.7902,294.3902,292.1902,288.99017,288.7902,294.2902,289.99017,287.6902,288.1902,287.8902,287.8902,284.59018,281.7902
291.99017,290.2902,288.09018,289.49017,289.3902,289.59018,287.99017,285.1902,287.99017,287.1902,285.1902,285.1902,283.3902,282.8902,286.7902,287.09018,286.6902,283.49017,284.3902,284.3902,285.3902,289.59018,289.99017,288.6902,291.09018,291.7902,291.6902,287.59018,285.8902,287.3902,287.7902,285.99017,291.6902,284.6902,285.49017,286.49017,288.6902,288.99017,289.6902,285.3902,287.6902
288.6902,290.3902,285.8902,289.09018,288.7902,288.2902,287.2902,285.2902,288.59018,285.7902,287.3902,286.8902,284.3902,282.59018,283.6902,283.8902,286.09018,284.6902,285.3902,283.8902,284.8902,284.09018,284.49017,286.6902,289.1902,290.1902,291.3902,289.99017,286.99017,285.8902,284.49017,287.99017,290.59018,289.8902,289.8902,289.59018,290.99017,289.3902,289.09018,288.7902,285.3902
