wind_kz.json
{"header": {"discipline":0,"disciplineName":"Meteorological products","gribEdition":2,"gribLength":1102,"center":7,"centerName":"US National Weather Service - NCEP(WMC)","subcenter":0,"refTime":"2023-08-20T12:00:00.000Z","significanceOfRT":1,"significanceOfRTName":"Start of forecast","productStatus":0,"productStatusName":"Operational products","productType":1,"productTypeName":"Forecast products","productDefinitionTemplate":0,"productDefinitionTemplateName":"Analysis/forecast at horizontal level/layer at a point in time","parameterCategory":2,"parameterCategoryName":"UnknownDiscipline_0_Category_2","parameterNumber":2,"parameterNumberName":"UnknownParameter_D0_C2_2","parameterUnit":"Unknown","genProcessType":2,"genProcessTypeName":"Forecast","forecastTime":240,"surface1Type":103,"surface1TypeName":"Specified height level above ground","surface1Value":10.0,"surface2Type":255,"surface2TypeName":"Missing","surface2Value":0.0,"gridDefinitionTemplate":0,"gridDefinitionTemplateName":"Latitude_Longitude","numberPoints":615,"shape":6,"shapeName":"Earth spherical with radius of 6,371,229.0 m","gridUnits":"degrees","resolution":48,"winds":"true","scanMode":64,"nx":41,"ny":15,"basicAngle":0,"lo1":47.0,"la1":41.0,"lo2":87.0,"la2":55.0,"dx":1.0,"dy":1.0}, "data":
[rows 0 to 14 of 15, columns 0 to 40 of 41]
2.385664,2.395664,-3.594336,-6.6443357,-2.944336,3.605664,-6.274336,-8.1343355,-10.984336,-7.9143357,-9.124336,-6.854336,-6.474336,-5.924336,-4.804336,-4.694336,-4.364336,-5.024336,-5.694336,-5.194336,-2.144336,-0.6543359,2.035664,3.055664,3.175664,4.895664,3.915664,1.975664,0.75566405,-3.634336,-1.2243359,2.045664,2.255664,-0.0043359376,-0.79433596,-0.61433595,-1.774336,-0.9743359,-2.0543358,-3.404336,-0.024335938
0.94566405,-5.124336,-5.6843357,-6.194336,-3.2643359,0.89566404,-8.064336,-7.444336,-8.114336,-8.124336,-6.264336,-6.804336,-6.794336,-5.554336,-5.044336,-4.4143357,-3.624336,-4.114336,-3.8143358,-5.404336,-5.4143357,-2.3143358,-1.4543359,1.9056641,1.1756641,-1.774336,1.435664,1.345664,-5.254336,-3.834336,-1.534336,-0.5343359,0.39566407,-1.5843359,-0.60433596,1.7556641,0.28566405,2.165664,3.055664,0.68566406,-4.424336
-5.584336,-7.6643357,-7.824336,-5.604336,-4.724336,-6.104336,-8.154336,-7.1643357,-6.744336,-5.8943357,-6.074336,-6.744336,-6.624336,-5.6443357,-4.924336,-4.6643357,-5.404336,-4.704336,-4.4343357,-2.074336,-2.0643358,-7.424336,-8.094336,-9.3843355,-5.044336,-5.754336,-2.2543359,-1.3543359,2.795664,-2.0043359,-0.37433594,-3.144336,0.035664063,-0.8443359,-6.534336,-1.5743359,-0.22433594,-3.874336,2.7156641,1.935664,-0.5943359
-7.454336,-8.144336,-7.1443357,-2.394336,-0.27433595,-5.944336,-5.884336,-6.274336,-5.724336,-5.8943357,-7.954336,-7.924336,-5.954336,-3.444336,-4.254336,-5.264336,-5.224336,-5.874336,-6.274336,-6.954336,-8.154336,-9.224336,-5.704336,-6.474336,-6.724336,-6.4343357,-6.734336,-7.714336,-6.964336,-3.894336,-2.194336,-0.81433594,3.2156641,2.325664,2.7056642,3.145664,1.1356641,0.13566406,-1.884336,0.49566406,-0.034335937
-7.584336,-6.864336,-4.244336,0.64566404,-5.614336,-4.784336,-5.944336,-6.074336,-6.194336,-6.564336,-7.044336,-6.9343357,-5.4343357,-1.3743359,3.545664,-4.4143357,-5.554336,-5.334336,-5.424336,-6.044336,-6.804336,-6.404336,-6.014336,-5.4143357,-6.344336,-6.674336,-6.694336,-0.8343359,-4.604336,-3.894336,-3.944336,-3.2643359,-0.85433596,0.83566403,-4.514336,-1.394336,7.945664,-3.224336,-0.5843359,2.015664,2.055664
-7.274336,-6.264336,-4.574336,-6.464336,-6.014336,-4.094336,-5.924336,-5.044336,-4.624336,-5.1443357,-5.054336,-4.804336,-0.07433594,0.7956641,-1.6043359,-3.414336,-3.824336,-4.074336,-4.804336,-4.6643357,-5.324336,-4.4343357,-4.334336,-4.284336,-4.194336,-4.514336,-5.834336,-4.3943357,-3.134336,-2.724336,-3.644336,-3.624336,-1.6943359,-3.364336,-1.9443359,2.4956641,0.48566407,4.8156643,8.765664,4.655664,-7.864336
-4.254336,-4.8943357,-3.244336,-3.5243359,-3.3043358,-1.3543359,-2.124336,-2.8043358,-2.464336,-1.794336,-1.3443359,-1.384336,-0.6443359,-1.554336,-2.5343359,-2.2943358,-2.5243359,-2.454336,-2.3143358,-2.824336,-3.474336,-2.944336,-2.624336,-1.764336,-1.3543359,-0.62433594,-1.554336,-1.144336,-1.404336,-1.2543359,-1.384336,-1.7043359,-2.0543358,0.10566406,3.335664,3.095664,2.335664,-1.2243359,3.005664,0.74566406,3.285664
-1.5943359,-3.2943358,-2.844336,-1.634336,-0.12433594,0.15566406,-0.12433594,-0.30433595,0.35566407,-0.14433594,0.25566405,0.83566403,0.21566406,1.2756641,0.5456641,0.80566406,0.48566407,0.8456641,0.51566404,0.5956641,0.025664063,0.30566406,0.19566406,0.6056641,0.7956641,0.7956641,0.10566406,1.4256641,1.075664,0.93566406,-0.034335937,-0.034335937,0.38566408,-1.664336,0.42566407,0.7156641,-4.094336,1.7556641,5.645664,7.025664,6.595664
-2.154336,-1.4843359,-1.154336,-0.48433593,-0.104335934,-0.17433594,-0.15433593,1.0356641,0.08566406,0.5456641,0.34566405,1.0556641,2.175664,1.815664,2.9356642,3.075664,4.075664,4.345664,4.445664,4.1056643,4.325664,3.9556642,3.1956642,3.145664,3.9356642,4.135664,4.195664,4.5656643,4.255664,3.795664,3.6956642,2.045664,1.485664,1.605664,1.865664,1.2656641,1.865664,0.64566404,0.33566406,0.50566405,0.82566404
0.055664062,0.86566406,1.8856641,1.855664,1.435664,1.4956641,1.5056641,1.205664,1.3956641,2.635664,3.505664,4.555664,5.325664,5.525664,5.895664,6.125664,6.5656643,6.8556643,6.905664,6.615664,7.685664,7.555664,6.695664,5.895664,5.635664,6.145664,6.625664,7.165664,7.125664,7.045664,6.445664,4.275664,3.165664,3.035664,3.295664,1.605664,-0.21433593,0.9656641,1.7856641,1.6256641,1.9256641
1.5156641,1.115664,0.38566408,0.40566406,2.035664,2.2056642,2.7456641,3.595664,4.905664,5.865664,6.905664,7.945664,8.505664,8.8656645,9.285664,9.275664,9.065664,8.445664,8.985664,8.985664,8.795664,8.735664,8.355664,7.655664,6.665664,7.135664,7.545664,8.485664,8.375664,8.505664,7.615664,5.955664,4.575664,4.035664,4.035664,2.875664,0.45566407,1.2556641,1.8956641,3.105664,3.405664
2.155664,2.065664,2.315664,2.775664,3.1856642,4.3156643,5.475664,5.8156643,5.875664,3.9956641,5.5856643,8.215664,8.545664,8.055664,8.045664,7.885664,7.625664,7.215664,6.685664,6.525664,7.895664,8.285664,7.995664,8.655664,7.965664,8.745664,8.305664,8.005664,6.145664,6.045664,6.1056643,7.195664,5.0656643,4.365664,3.305664,3.9656641,4.615664,5.805664,5.185664,1.325664,-0.7243359
1.9956641,3.385664,2.345664,3.045664,1.2756641,1.215664,2.635664,4.145664,5.695664,4.035664,3.675664,5.735664,7.695664,5.275664,2.9456642,-0.46433595,-1.184336,1.325664,3.865664,5.6056643,6.265664,6.755664,6.625664,8.6156645,8.065664,9.435664,6.015664,7.205664,6.675664,5.765664,5.745664,6.245664,5.025664,4.665664,5.045664,4.235664,4.465664,4.3156643,4.935664,2.665664,1.315664
3.2056642,2.405664,-2.5643358,0.25566405,0.76566404,3.595664,4.1056643,3.375664,-3.0343359,-1.914336,0.7256641,2.115664,3.4356642,-2.2543359,-0.8343359,1.855664,2.085664,3.415664,4.135664,4.515664,6.465664,6.795664,7.1056643,7.0856643,7.595664,7.405664,6.735664,6.8356643,6.755664,4.955664,7.795664,5.805664,6.055664,4.115664,6.345664,6.715664,4.715664,4.6056643,4.135664,3.4556642,3.865664
1.3856641,0.6556641,-2.234336,-1.664336,-3.484336,-3.394336,-3.354336,-4.134336,-2.244336,-2.0043359,-0.31433594,-0.7843359,0.70566404,2.645664,1.9156641,2.4756641,2.645664,4.165664,4.8156643,5.685664,3.285664,5.275664,6.245664,6.785664,6.145664,5.975664,5.575664,6.135664,6.055664,6.035664,6.735664,9.8256645,5.295664,5.375664,7.665664,6.515664,4.765664,4.685664,3.7156641,4.635664,3.375664
