wind_kz.json
{"header": {"discipline":0,"disciplineName":"Meteorological products","gribEdition":2,"gribLength":1102,"center":7,"centerName":"US National Weather Service - NCEP(WMC)","subcenter":0,"refTime":"2024-02-02T12:00:00.000Z","significanceOfRT":1,"significanceOfRTName":"Start of forecast","productStatus":0,"productStatusName":"Operational products","productType":1,"productTypeName":"Forecast products","productDefinitionTemplate":0,"productDefinitionTemplateName":"Analysis/forecast at horizontal level/layer at a point in time","parameterCategory":2,"parameterCategoryName":"UnknownDiscipline_0_Category_2","parameterNumber":3,"parameterNumberName":"UnknownParameter_D0_C2_3","parameterUnit":"Unknown","genProcessType":2,"genProcessTypeName":"Forecast","forecastTime":120,"surface1Type":103,"surface1TypeName":"Specified height level above ground","surface1Value":10.0,"surface2Type":255,"surface2TypeName":"Missing","surface2Value":0.0,"gridDefinitionTemplate":0,"gridDefinitionTemplateName":"Latitude_Longitude","numberPoints":615,"shape":6,"shapeName":"Earth spherical with radius of 6,371,229.0 m","gridUnits":"degrees","resolution":48,"winds":"true","scanMode":64,"nx":41,"ny":15,"basicAngle":0,"lo1":47.0,"la1":41.0,"lo2":87.0,"la2":55.0,"dx":1.0,"dy":1.0}, "data":
[rows 0 to 14 of 15, columns 0 to 40 of 41]
-7.285599,0.57440066,-1.1255994,4.154401,5.654401,3.5244007,3.3344007,2.9644005,1.9844006,0.21440063,0.45440063,0.8644006,0.35440063,0.28440064,1.4644006,-1.1155994,0.96440065,3.4644005,5.0444007,5.0944004,2.8344007,0.6844006,-0.8055994,1.8744006,0.034400634,-0.6955994,-1.9655994,1.7744006,2.8444006,4.114401,0.59440064,-3.0555995,1.5044006,0.70440066,0.52440065,0.40440065,2.2244005,2.8144007,1.6144006,1.0144006,-0.5055994
4.2644005,2.5244007,8.5144005,6.7844005,6.424401,5.0244007,3.5244007,3.7444007,1.7844006,0.13440064,-0.90559936,-0.43559936,3.8044007,1.7044007,1.7244006,-0.89559937,-4.385599,4.2744007,5.384401,6.8344007,4.5144005,4.5344005,3.8744006,3.4444005,3.1044006,3.7144005,-1.7455994,3.3444006,0.43440065,2.0644007,5.634401,5.3444004,-0.73559934,-1.9355993,-5.4455996,-2.1055994,-1.9855994,-1.7355994,-0.7555994,-0.035599366,0.41440064
2.2644007,9.5544,8.144401,8.9644,7.0744004,5.4344006,3.7244005,2.6344006,1.7144006,2.5844007,2.4744005,1.0844007,1.4144006,0.85440063,4.1644006,4.9844007,4.0244007,1.3744006,3.0744007,2.2744007,3.5344007,3.5144007,5.0544004,1.4844006,0.104400635,-1.5855994,-5.0155993,-1.9655994,-1.3755994,1.7844006,5.2744007,3.3644006,3.6244006,-2.5955994,-0.42559937,2.3044007,5.3044004,-0.58559936,0.8844006,-0.98559934,-1.1855993
2.8744006,5.6244006,5.9544005,7.9344006,5.4944005,3.0444007,2.2244005,1.9044006,0.98440063,0.17440063,0.24440064,0.90440065,1.0044006,1.2644006,2.4144006,4.0244007,3.6344006,5.4744005,4.364401,4.8744006,7.0844007,4.8544006,5.674401,4.2044005,3.2144005,2.0844007,0.66440064,-0.8655994,-0.72559935,-0.6355994,2.0044007,-0.8855994,0.5044006,-1.3455994,-1.8355994,-4.2355995,-2.6155994,2.3944006,2.9744005,1.0644007,1.1944007
4.5144005,6.2744007,4.444401,3.2644007,2.6244006,2.1244006,1.4544007,0.82440066,0.44440064,0.98440063,1.3844006,1.1944007,1.8344007,2.1844006,2.6344006,1.8744006,5.944401,5.174401,3.6144006,5.4544005,5.964401,6.3744006,5.3944006,3.7244005,2.4244006,1.1044006,2.2344007,0.47440064,0.79440063,1.5144006,1.5444007,2.0644007,2.9644005,3.2744007,-1.5755993,-1.5455993,-0.9955994,-1.6955993,-1.2555994,-0.77559936,-0.015599365
6.6844006,4.5944004,4.214401,4.694401,3.3644006,2.7344007,2.5544007,1.6244006,1.3344007,0.91440064,1.2944007,1.4444007,1.4544007,2.3844006,2.7344007,3.9644005,4.0544004,5.7644005,5.2844005,6.2544007,6.8344007,7.464401,5.2944007,5.9844007,2.9444005,2.2144005,-0.115599364,-1.4955994,2.3544006,1.6544006,0.024400635,-0.025599366,0.16440064,-1.1755993,2.4244006,14.644401,4.4844007,5.6044006,0.064400636,-1.4555993,-0.06559937
5.0344005,4.404401,3.3044007,1.7944007,1.7644006,2.3144007,2.0044007,1.8344007,2.0844007,1.8944006,2.2944007,2.3244007,2.4944007,3.3544006,4.8144007,5.8144007,5.9544005,6.3744006,6.3144007,7.2744007,8.284401,9.654401,8.184401,7.5144005,6.1444006,3.7644007,2.1444006,3.4344006,1.5644007,1.8044007,0.17440063,-1.4155993,-1.9955994,-0.16559936,0.17440063,-1.9455993,-3.8555994,-0.98559934,1.1644006,-1.0555993,3.4244006
4.944401,4.5444007,3.0044007,1.9944006,0.96440065,0.9244006,1.1544006,1.5544007,1.8844006,2.0144007,2.8944006,3.7244005,3.2244005,4.1044006,5.3544006,5.8944006,7.3344007,7.7744007,8.3344,8.3444,6.4344006,10.154401,9.624401,8.4744005,7.6444006,7.5744004,7.0744004,3.5044007,1.4144006,1.2344006,0.22440064,0.22440064,-0.43559936,-0.46559936,0.31440064,-0.035599366,-0.6355994,0.42440063,-1.8855994,0.51440066,-0.5655994
4.8444004,3.4844007,2.4444005,1.5144006,0.8644006,1.0944006,1.1444006,1.3144007,1.7044007,2.0744007,2.2544007,3.0444007,3.2644007,4.0544004,4.364401,6.7344007,7.5944004,7.2744007,7.7044005,9.734401,9.274401,11.734401,11.5544,10.534401,9.744401,8.0144005,6.8744006,7.8944006,5.7744007,3.4444005,4.174401,6.0644007,6.3044004,3.4344006,7.3244004,6.714401,-3.3255994,1.7844006,1.6644006,1.2644006,-3.0155993
4.1044006,3.0144007,2.3044007,1.8844006,1.3844006,1.4744006,1.5344006,1.7844006,1.7844006,1.8244007,1.7344006,2.2544007,3.1644006,3.1044006,4.5544004,5.654401,8.234401,7.194401,7.2944007,8.3444,9.064401,10.394401,10.774401,9.874401,8.5944,7.4344006,7.694401,7.964401,8.024401,7.3444004,7.7944007,7.2744007,3.3744006,5.3344007,4.1044006,1.5744007,1.4144006,-2.7855995,-0.21559936,4.4344006,3.8444006
3.6744006,3.2044005,2.6244006,2.2544007,1.8944006,1.7044007,1.5244006,0.96440065,0.70440066,0.77440065,1.9044006,3.6344006,3.7544007,4.9144006,5.0944004,6.674401,6.7244005,6.4544005,7.8344007,9.114401,9.114401,8.684401,8.824401,9.374401,8.604401,8.0544,8.324401,9.1344,8.494401,6.9544005,4.194401,6.7244005,5.614401,6.964401,6.4544005,1.7444006,0.5644006,2.8444006,1.2744006,1.2944007,-0.22559936
2.9744005,3.0944006,2.6744006,2.2644007,1.2544006,0.49440062,-0.6355994,-1.0055994,-0.30559936,-0.18559937,-0.47559938,2.4044006,4.1844006,4.864401,5.1044006,5.7544007,5.8944006,6.694401,7.3544006,8.6744,8.854401,9.024401,8.614401,8.864401,9.854401,8.864401,9.814401,10.0044,8.5044,4.5644007,3.8044007,6.9144006,5.3944006,6.3144007,4.3944006,0.014400635,0.95440066,1.6544006,2.0444007,1.6944007,0.23440063
2.4044006,2.6444006,2.7544007,1.0844007,0.78440064,-1.0155994,-1.4455993,-1.0355994,-1.3255993,0.044400636,0.53440064,-0.005599365,3.8544006,4.2544007,4.8144007,5.3444004,6.3444004,6.4944005,9.5044,8.684401,9.1744,9.244401,8.7244005,8.904401,9.364401,9.4244,8.3344,7.3444004,6.1844006,6.7844005,6.1644006,5.4944005,4.7344007,3.3944006,2.8344007,2.4044006,1.1544006,0.39440063,-0.075599365,-0.5755994,-0.39559937
2.3144007,1.2044007,-0.95559937,0.6244006,-0.6355994,-1.6755993,-1.8855994,-1.4755994,-0.6855994,1.1144006,-0.8055994,0.34440064,1.0644007,3.5744007,2.7844007,2.8444006,4.694401,8.614401,8.104401,7.8344007,7.7444005,6.7744007,6.5644007,6.444401,6.444401,6.8544006,6.904401,6.7544007,5.6644006,5.3544006,4.9544005,5.0344005,4.884401,4.924401,2.5544007,2.2444007,0.78440064,0.14440064,-0.30559936,-0.09559937,-0.71559936
0.95440066,-0.025599366,0.28440064,-0.14559937,-0.91559935,-0.47559938,-1.3655994,-1.3055993,-1.2355994,0.72440064,0.064400636,0.51440066,0.29440063,0.21440063,1.1144006,1.7944007,2.5944006,2.8244007,3.6244006,3.0544007,3.3344007,4.0344005,4.464401,4.3344007,4.5744004,5.8944006,5.6644006,5.174401,4.7044005,3.5544007,4.0944004,4.1244006,3.2544007,3.0544007,1.9844006,2.1144006,0.6744006,0.57440066,0.85440063,0.28440064,-0.13559936
