wind_kz.json
{"header": {"discipline":0,"disciplineName":"Meteorological products","gribEdition":2,"gribLength":1025,"center":7,"centerName":"US National Weather Service - NCEP(WMC)","subcenter":0,"refTime":"2023-09-28T06:00:00.000Z","significanceOfRT":1,"significanceOfRTName":"Start of forecast","productStatus":0,"productStatusName":"Operational products","productType":1,"productTypeName":"Forecast products","productDefinitionTemplate":0,"productDefinitionTemplateName":"Analysis/forecast at horizontal level/layer at a point in time","parameterCategory":2,"parameterCategoryName":"UnknownDiscipline_0_Category_2","parameterNumber":3,"parameterNumberName":"UnknownParameter_D0_C2_3","parameterUnit":"Unknown","genProcessType":2,"genProcessTypeName":"Forecast","forecastTime":240,"surface1Type":103,"surface1TypeName":"Specified height level above ground","surface1Value":10.0,"surface2Type":255,"surface2TypeName":"Missing","surface2Value":0.0,"gridDefinitionTemplate":0,"gridDefinitionTemplateName":"Latitude_Longitude","numberPoints":615,"shape":6,"shapeName":"Earth spherical with radius of 6,371,229.0 m","gridUnits":"degrees","resolution":48,"winds":"true","scanMode":64,"nx":41,"ny":15,"basicAngle":0,"lo1":47.0,"la1":41.0,"lo2":87.0,"la2":55.0,"dx":1.0,"dy":1.0}, "data":
[rows 0 to 14 of 15, columns 0 to 40 of 41]
-0.46543944,1.7345605,-0.9254395,2.9345605,2.7645605,0.90456057,1.0545605,0.92456055,0.014560547,0.28456056,-1.0154395,-0.045439452,-0.44543946,-0.52543944,1.0145606,0.034560546,-1.5354395,-0.6654394,-0.8554394,-0.99543947,-0.93543947,-1.4754394,1.5545605,1.0845605,2.2245605,-1.5754395,2.1745605,1.1245606,-1.3254395,-0.5554395,1.5445606,1.9845605,0.86456054,-0.94543946,-1.8254395,-2.1554394,-1.6954395,1.5145606,2.8145607,1.6745605,-0.7254394
1.3945606,-3.1654394,4.9445605,4.2245607,3.8045607,1.8045605,1.0045606,0.10456055,-0.69543946,-1.5854394,-0.7954395,0.054560546,-0.055439454,1.4845605,-0.9254395,-2.5254395,-0.70543945,-0.65543944,-1.3954395,-1.2354394,-1.5054394,-1.1154394,1.9445605,2.9145606,1.8545605,1.8045605,2.9345605,2.2045605,0.08456054,2.1845605,1.4745605,0.39456055,1.9445605,2.6545606,2.7245605,2.0945606,2.2145605,0.24456054,0.75456053,2.2245605,-0.24543945
-0.89543945,-8.0354395,-0.19543946,4.2245607,2.8745606,2.3845606,1.5445606,-0.35543945,-0.52543944,-0.37543947,-1.2154394,-0.70543945,-1.2854395,-1.9254395,-2.2954395,-2.2154396,-2.4654396,-2.0654395,-2.0454395,-0.45543945,0.36456054,-0.065439455,1.0345606,1.6745605,-0.89543945,-0.28543946,-2.9154394,-1.6254394,0.35456055,0.91456056,-0.87543947,-1.1454395,-3.2854395,1.0545605,-0.055439454,-2.6054394,-2.5754395,1.3745606,-0.63543946,-0.045439452,-1.0954394
2.4745605,1.6245606,4.3645606,3.5945606,2.9945605,2.8745606,2.2745605,0.65456057,0.47456056,-0.08543945,-0.9154394,-2.7054396,-3.3354394,-3.2454395,-2.0354395,-2.5054395,-3.2254395,-0.84543943,-1.9354395,-1.2854395,1.0045606,2.8645606,-1.6354394,-0.14543945,0.50456053,4.5145607,5.6045604,0.16456054,1.3245605,-2.7654395,-2.1154394,-0.84543943,1.3545605,0.60456055,1.3545605,1.8945606,2.7845604,1.4545605,-2.9554396,-2.3454394,-1.3354394
5.2045608,4.1145606,2.6345606,2.2145605,1.6445606,1.7545606,1.2145605,2.0945606,1.6545606,0.48456055,-0.53543943,-2.0554395,-3.7054396,-3.9254394,-3.1054394,-3.2054396,-2.3454394,-1.2954395,-1.4354395,-1.6454395,-0.77543944,-1.0054394,-1.5154395,-0.89543945,-0.52543944,2.5045605,0.85456055,-0.6754395,0.93456054,-0.07543945,-0.7254394,-0.51543945,0.31456053,-1.7554394,0.75456053,0.74456054,2.8345606,-0.015439454,-0.59543943,0.19456054,-0.24543945
1.5545605,1.7645606,0.53456056,0.98456055,1.1545606,0.8845605,1.1645606,1.3245605,1.5145606,1.0545605,-0.39543945,-2.2654395,-2.8554394,-4.4554396,-4.9454393,-3.1954393,-1.7154394,-1.3754394,-0.9154394,-0.43543947,-1.2654395,-2.0254395,-2.5954394,-1.9054395,-1.0654395,-0.37543947,-1.6754395,-2.1754394,-1.3654394,-1.1654395,-2.2054396,-2.1754394,-2.6454394,1.7545606,-0.8654395,4.6745605,-2.5054395,3.1945605,1.7345605,0.75456053,1.0645605
0.18456055,0.85456055,1.1545606,0.78456056,1.2645606,1.0745605,1.2045605,1.1945605,0.60456055,0.14456055,-0.56543946,-1.6654395,-3.0954394,-4.1454396,-4.565439,-4.3854394,-3.2154396,-1.9254395,-0.96543944,-0.41543946,-1.4854394,-2.3154395,-3.3354394,-1.4254395,-1.1354394,0.024560547,-1.2154394,-0.71543944,-2.2354395,-2.7254395,-1.5554395,-0.89543945,-3.5554395,0.84456056,3.3545606,3.2145605,2.6545606,2.3545606,1.7645606,2.3645606,4.3545604
0.37456053,0.66456056,0.28456056,0.054560546,0.31456053,0.67456055,1.3045605,1.3345605,0.92456055,0.55456054,-1.2154394,-1.2854395,-2.2654395,-2.5754395,-2.8454394,-3.4954395,-3.3554394,-2.6454394,-2.2154396,-0.9754394,-1.3754394,-2.5654395,-3.0454395,-3.3354394,-3.0454395,-2.3154395,-1.7954395,-0.16543946,-0.68543947,-2.3854394,-2.1454394,-2.2854395,1.0445606,-2.6554394,-0.25543946,-0.17543945,-0.35543945,1.0245606,-0.16543946,0.8845605,1.3645606
0.74456054,-0.015439454,-0.82543945,-1.2154394,-1.5354395,-0.68543947,-0.09543946,0.15456055,-0.83543944,-1.1754395,-1.5654395,-2.6754394,-3.9254394,-4.565439,-3.1054394,-1.2954395,-1.2054394,-1.2354394,-1.1054394,-1.0454395,-1.1054394,-2.2654395,-2.8754394,-3.3454394,-3.5454395,-3.4154394,-2.4354393,-1.6754395,-1.8054395,-1.4354395,-1.2154394,-1.7554394,-1.3554394,-1.7054394,-0.50543946,2.4745605,1.7845606,-0.29543945,1.9545605,1.8845606,0.38456056
0.30456054,-0.50543946,-1.3954395,-1.7854395,-1.9654394,-2.0254395,-0.015439454,-0.105439454,-0.81543946,-1.2454394,-1.6554395,-3.2354395,-4.2654395,-4.5754395,-4.3054395,-3.5954394,-0.8554394,0.78456056,0.80456054,0.44456056,-0.7254394,-1.2854395,-1.9654394,-1.6354394,-1.4054395,-1.9754394,-1.4454395,-1.4654394,-1.2854395,-1.4554394,-1.1454395,0.024560547,-0.18543945,-1.2854395,-1.2454394,0.13456054,0.68456054,1.9045606,1.2145605,0.5145605,2.1845605
-0.7254394,-1.1154394,-0.77543944,-2.0154395,-1.8254395,-1.7354394,-1.0654395,0.14456055,-0.055439454,-1.5754395,-1.9854394,-2.0654395,-3.9454393,-4.2154393,-4.0354395,-3.8154395,-3.7254395,-2.0954394,0.66456056,0.7645605,-0.025439452,-0.42543945,-1.3654394,-0.74543947,-0.71543944,-0.34543946,-1.1354394,-0.9154394,-0.68543947,-0.87543947,-0.63543946,0.60456055,1.3245605,0.74456054,0.60456055,0.13456054,1.2945606,-0.39543945,0.49456054,1.2545606,0.81456053
-0.46543944,-1.9954394,-2.2954395,-1.3854394,-1.7654395,-2.4054394,-2.1154394,-1.8154395,-1.7354394,-1.8354394,-1.8054395,-2.8854394,-2.9554396,-2.4954395,-2.3954394,-2.8554394,-3.7554395,-4.1154394,-3.7554395,-3.4654396,-2.3554394,-0.46543944,-0.69543946,-0.055439454,0.68456054,0.74456054,0.97456056,0.004560547,-0.76543945,-1.8654394,-1.0454395,0.87456053,1.5545605,1.5945605,1.2745606,1.6845605,1.6145606,-0.30543944,-1.0954394,-0.6054394,-0.57543945
-2.1154394,-2.2354395,-2.6554394,-1.6854395,-2.1754394,-1.6354394,-1.9754394,-1.7954395,-2.0854394,-1.7754395,-1.2354394,-2.3554394,-2.2454395,-3.2654395,-0.27543944,-1.8154395,-3.7854395,-3.4354393,-3.4554396,-2.9154394,-2.3254395,-1.9954394,-1.6954395,-1.8254395,-0.9854395,0.53456056,-0.18543945,-0.07543945,-0.27543944,-0.51543945,-0.96543944,-0.055439454,0.41456056,0.8845605,1.7845606,2.4045606,2.5945606,2.1045606,2.8545606,2.2245605,1.0745605
-2.6954393,-2.9254394,-3.6954393,-2.8354394,-2.7654395,-2.0954394,-1.4154395,-1.2854395,-1.1254394,-0.9854395,-0.42543945,-1.4554394,-0.83543944,-0.43543947,-0.29543945,-1.0354395,-2.4654396,-1.7654395,-1.5854394,-1.5554395,-1.2554394,-1.2454394,-1.1854395,-1.0254395,-0.8554394,0.41456056,1.8645606,1.7945606,0.074560545,-0.7254394,-0.53543943,0.08456054,0.5145605,0.7045605,0.66456056,1.8345605,2.4545605,3.1245606,3.5345604,3.3745606,4.1345606
-1.6154394,-3.0354395,-3.4454393,-2.8354394,-2.8254395,-2.1354394,-2.2654395,-1.6154394,-1.3454394,-0.34543946,0.36456054,0.73456055,-0.11543945,-1.3154395,-1.5654395,-2.0154395,-1.8654394,-1.4454395,-0.9854395,-0.16543946,-0.33543944,-0.36543944,-0.31543946,-0.045439452,0.19456054,0.024560547,0.56456053,1.4545605,2.1145606,1.4145606,1.1345606,1.1845605,0.47456056,1.3345605,1.9145606,0.8945606,1.3445605,2.8745606,2.3445606,2.7645605,3.3145607
