wind_kz.json
{"header": {"discipline":0,"disciplineName":"Meteorological products","gribEdition":2,"gribLength":1025,"center":7,"centerName":"US National Weather Service - NCEP(WMC)","subcenter":0,"refTime":"2023-09-30T12:00:00.000Z","significanceOfRT":1,"significanceOfRTName":"Start of forecast","productStatus":0,"productStatusName":"Operational products","productType":1,"productTypeName":"Forecast products","productDefinitionTemplate":0,"productDefinitionTemplateName":"Analysis/forecast at horizontal level/layer at a point in time","parameterCategory":2,"parameterCategoryName":"UnknownDiscipline_0_Category_2","parameterNumber":3,"parameterNumberName":"UnknownParameter_D0_C2_3","parameterUnit":"Unknown","genProcessType":2,"genProcessTypeName":"Forecast","forecastTime":300,"surface1Type":103,"surface1TypeName":"Specified height level above ground","surface1Value":10.0,"surface2Type":255,"surface2TypeName":"Missing","surface2Value":0.0,"gridDefinitionTemplate":0,"gridDefinitionTemplateName":"Latitude_Longitude","numberPoints":615,"shape":6,"shapeName":"Earth spherical with radius of 6,371,229.0 m","gridUnits":"degrees","resolution":48,"winds":"true","scanMode":64,"nx":41,"ny":15,"basicAngle":0,"lo1":47.0,"la1":41.0,"lo2":87.0,"la2":55.0,"dx":1.0,"dy":1.0}, "data":
[rows 0 to 14 of 15, columns 0 to 40 of 41]
-0.96254885,-2.792549,1.8074511,5.627451,2.957451,0.33745116,0.32745117,0.97745115,0.28745118,-0.96254885,-1.3425488,-0.83254886,2.757451,3.447451,3.1774511,2.0774512,-0.16254883,-0.6925488,-0.45254883,-1.2525488,-0.9325488,-1.4125488,0.8174512,-0.5625488,-1.3325489,-0.78254884,-1.6125488,1.5474511,0.7974512,-0.19254883,-1.2025489,-1.3325489,1.6074512,-0.38254884,-0.8125488,0.27745116,0.8174512,1.5174512,1.5174512,1.7474512,1.5274512
5.217451,1.7674512,4.237451,4.2874513,2.9074512,0.007451172,-1.3825488,-1.0025488,-1.7425488,-1.4925488,-1.7925488,-0.8625488,1.3874512,3.457451,3.0774512,3.197451,1.8374512,1.1074512,0.03745117,-1.3825488,-2.4225488,-1.9725488,-0.9525488,1.8174511,0.34745118,0.6874512,-2.252549,1.8274512,0.52745116,1.5074512,2.2774513,2.8974512,0.11745117,-2.8825488,-3.5625489,0.35745117,-0.38254884,-0.122548826,-0.122548826,-1.0625489,0.6774512
1.7674512,4.527451,3.9274511,3.1374512,1.3574512,-0.39254883,-0.24254882,-2.022549,-2.002549,-3.1525488,-3.4325488,-1.8925488,1.6674511,3.0674512,3.1874511,3.457451,3.197451,3.2774513,2.197451,-0.042548828,-1.5525489,-1.2725488,1.7474512,1.0874512,0.9874512,0.23745117,0.22745118,0.71745116,-0.14254883,2.1674511,0.77745116,-0.46254882,1.3374512,-1.2625488,-0.47254884,2.1574512,3.2874513,0.5474512,0.6874512,-1.1125488,-0.60254884
2.3574512,4.4574513,3.967451,3.0774512,0.7574512,0.6274512,-0.24254882,-1.3225489,-1.6125488,-2.2025487,-2.8925488,-3.2125487,-0.83254886,2.7974513,3.217451,3.9374511,3.3774512,3.3674512,2.477451,1.2474512,-0.67254883,1.7274512,-0.35254884,0.5674512,0.9274512,1.2474512,1.0374511,2.3874512,3.1574512,1.4574512,2.6174512,0.027451172,-1.1125488,0.09745117,-0.03254883,-2.3825488,-1.4125488,2.967451,1.7574512,-0.32254884,-0.21254882
3.9274511,5.097451,4.377451,3.7674513,1.9274511,1.0774512,0.53745115,0.90745115,-0.37254882,-1.2125489,-1.7525488,-1.9225488,-1.7525488,-0.8625488,2.6874511,3.5974512,3.717451,3.3774512,3.0974512,2.6774511,1.6174512,-0.47254884,-0.79254884,-0.2525488,0.087451175,-0.5625488,0.5574512,-0.46254882,1.9474511,2.3974512,1.3374512,1.2374512,3.0674512,3.4374511,-0.83254886,-2.542549,0.58745116,-0.5125488,-1.0325488,1.1374512,0.33745116
1.4374511,1.3474512,3.3074512,3.227451,2.2774513,1.7974511,1.0374511,0.6374512,0.38745117,-0.5525488,-1.2625488,-1.7225488,-2.6325488,-0.85254884,1.7874511,2.6274512,3.6174512,3.757451,3.2974513,3.2874513,2.247451,1.7674512,0.96745116,2.0274513,1.9974512,1.3774512,0.5574512,1.4374511,0.9274512,0.09745117,-0.0125488285,-0.07254883,1.1874511,1.6674511,2.447451,9.577451,3.0174513,3.8674512,0.19745117,-1.9325489,1.2174512
-6.8525486,-3.1325488,-2.012549,-0.8025488,0.35745117,0.9874512,2.1074512,1.7874511,0.8774512,0.15745117,-0.6825488,-0.5525488,-0.28254882,0.15745117,-0.18254882,1.0274512,3.0274513,3.8774512,4.827451,4.2474513,3.6174512,3.0774512,3.3374512,3.6574512,3.2874513,2.4174511,1.4974512,1.1874511,0.34745118,1.6974511,0.8774512,-1.0925488,-1.5225488,0.07745117,-0.8125488,-0.59254885,-2.3225489,0.09745117,1.3074511,-0.27254882,2.947451
0.20745116,-2.3125489,-4.7525487,-5.642549,-2.8325489,1.5774512,2.6774511,2.717451,2.217451,0.96745116,0.64745116,0.06745117,0.057451174,0.7574512,0.24745117,-0.5725488,0.71745116,3.2674513,4.507451,5.8074512,4.137451,4.197451,3.8174512,4.717451,5.087451,3.9074512,4.1674514,2.447451,1.9874512,2.4074512,1.9374511,2.8574512,1.9274511,1.9674512,0.8174512,-0.13254882,0.72745115,2.1374512,-2.032549,0.06745117,-0.84254885
0.9874512,1.7774512,0.20745116,0.65745115,0.8874512,-0.83254886,0.9274512,2.0674512,2.197451,1.8674512,0.9874512,0.8174512,0.27745116,1.3674512,1.6074512,0.95745116,1.1874511,2.3574512,4.367451,5.527451,5.797451,5.157451,6.377451,6.107451,6.0174513,5.927451,5.4774513,3.7874513,5.0174513,2.8274512,4.407451,5.377451,5.407451,4.297451,3.717451,3.507451,-0.8625488,0.83745116,1.5874512,1.1174512,-2.3925488
2.227451,2.8874512,2.467451,3.477451,3.2674513,2.6874511,3.8874512,3.697451,3.3574512,3.8274512,2.8874512,1.9574512,0.77745116,1.8174511,1.6374512,2.0774512,1.5074512,1.7174512,2.217451,3.447451,4.817451,5.5174513,5.6874514,7.297451,7.337451,7.4974513,6.407451,5.9974513,5.737451,4.8974514,5.2474513,5.297451,5.907451,4.617451,5.3074512,1.8074511,1.3574512,-1.9225488,0.5474512,3.5174513,3.2774513
0.10745117,0.6774512,0.9974512,1.1174512,1.5474511,2.6274512,2.757451,3.697451,3.9374511,2.8474512,3.447451,2.3874512,1.7674512,2.3774512,2.497451,3.4074512,3.257451,2.5774512,2.6874511,2.447451,2.967451,4.0174513,4.877451,6.577451,6.9774513,7.317451,6.577451,7.317451,7.447451,5.447451,5.7674513,5.097451,5.4974513,5.857451,7.837451,4.887451,2.2974513,2.8674512,2.3474512,1.7874511,0.7974512
-0.48254883,1.1374512,1.1574512,1.7874511,2.0274513,1.0374511,2.3174512,3.1174512,2.8574512,2.197451,1.7474512,1.7374512,1.7774512,3.497451,3.3774512,3.9374511,4.117451,4.2074513,4.087451,3.1774511,3.1774511,2.8774512,3.5974512,5.197451,7.107451,7.467451,7.947451,7.577451,7.677451,6.297451,5.6674514,6.697451,5.8074512,5.947451,6.367451,7.7074513,6.627451,2.507451,2.2774513,1.5774512,0.6074512
-1.0125488,-1.4925488,0.8674512,0.96745116,1.1074512,0.97745115,3.4374511,3.257451,3.207451,2.697451,1.8674512,0.96745116,2.247451,1.6374512,1.7374512,3.0874512,3.7974513,3.4374511,3.257451,3.477451,4.077451,4.317451,4.137451,4.4574513,5.2874513,6.317451,7.5574512,6.777451,6.9774513,7.3074512,5.877451,6.2274513,6.9374514,7.2274513,7.2274513,6.4974513,5.7874513,3.5774512,4.7874513,4.327451,2.4274511
0.34745118,0.20745116,0.53745115,-0.21254882,-1.3025489,1.1874511,2.5674512,2.997451,2.9174511,2.997451,1.6874511,0.39745116,1.1174512,2.697451,3.0974512,2.7674513,2.6774511,4.317451,4.3974514,4.467451,4.357451,4.5574512,4.377451,4.407451,4.137451,3.5974512,6.177451,7.127451,6.4974513,7.7874513,7.2874513,6.9974513,6.857451,7.447451,6.6474514,6.697451,5.967451,5.9574513,4.8974514,4.657451,5.547451
-0.0125488285,-1.4425489,-2.4425488,0.06745117,0.76745117,1.4174511,1.5574511,1.9874512,1.9874512,1.8674512,1.8274512,3.1774511,0.9474512,1.2274512,2.707451,3.497451,3.477451,4.797451,5.3974514,4.7874513,5.1474514,5.087451,5.127451,5.107451,5.0374513,5.2674513,4.777451,6.0374513,7.107451,7.507451,8.107451,9.037451,6.9174514,7.2074513,7.297451,7.347451,7.507451,7.4574513,6.857451,5.737451,4.2874513
