wind_kz.json
{"header": {"discipline":0,"disciplineName":"Meteorological products","gribEdition":2,"gribLength":1025,"center":7,"centerName":"US National Weather Service - NCEP(WMC)","subcenter":0,"refTime":"2024-01-31T18:00:00.000Z","significanceOfRT":1,"significanceOfRTName":"Start of forecast","productStatus":0,"productStatusName":"Operational products","productType":1,"productTypeName":"Forecast products","productDefinitionTemplate":0,"productDefinitionTemplateName":"Analysis/forecast at horizontal level/layer at a point in time","parameterCategory":2,"parameterCategoryName":"UnknownDiscipline_0_Category_2","parameterNumber":3,"parameterNumberName":"UnknownParameter_D0_C2_3","parameterUnit":"Unknown","genProcessType":2,"genProcessTypeName":"Forecast","forecastTime":240,"surface1Type":103,"surface1TypeName":"Specified height level above ground","surface1Value":10.0,"surface2Type":255,"surface2TypeName":"Missing","surface2Value":0.0,"gridDefinitionTemplate":0,"gridDefinitionTemplateName":"Latitude_Longitude","numberPoints":615,"shape":6,"shapeName":"Earth spherical with radius of 6,371,229.0 m","gridUnits":"degrees","resolution":48,"winds":"true","scanMode":64,"nx":41,"ny":15,"basicAngle":0,"lo1":47.0,"la1":41.0,"lo2":87.0,"la2":55.0,"dx":1.0,"dy":1.0}, "data":
[rows 0 to 14 of 15, columns 0 to 40 of 41]
-1.515517,-2.255517,1.094483,2.514483,6.154483,3.654483,2.064483,1.604483,1.254483,1.0244831,0.024483033,0.29448304,-0.05551697,-0.835517,-0.92551696,-1.065517,-1.235517,-1.645517,-3.205517,-1.675517,-1.395517,-3.025517,0.13448304,-2.265517,-1.305517,-2.445517,-1.5955169,1.114483,2.494483,1.574483,-3.785517,-5.735517,2.044483,-1.195517,0.22448303,1.224483,1.4044831,0.92448306,0.784483,0.584483,-1.045517
5.184483,-0.38551697,-3.195517,7.624483,7.174483,4.584483,1.694483,3.314483,2.6044831,2.044483,0.61448306,-0.61551696,-0.715517,-0.30551696,-1.445517,-0.30551696,-0.585517,-2.325517,-2.325517,-2.795517,-2.835517,-2.865517,-0.80551696,1.994483,-3.025517,-2.705517,-4.165517,1.7944831,1.084483,1.234483,5.624483,3.914483,-0.94551694,-3.345517,-6.0355167,-2.825517,-2.495517,-2.635517,0.714483,-0.905517,-0.68551695
-1.275517,-2.845517,-0.33551696,5.174483,3.8444831,3.214483,2.734483,2.644483,4.544483,2.454483,1.254483,1.4244831,0.25448304,-0.25551698,-0.82551694,-0.955517,-0.29551697,-0.23551697,-1.7055169,-3.1655169,-3.055517,-0.525517,-3.365517,-0.35551697,-0.15551697,0.63448304,-0.67551696,-1.135517,0.22448303,2.384483,2.8344831,1.964483,2.8544831,-2.515517,-0.54551697,2.054483,4.594483,-0.515517,0.93448305,-0.845517,-0.45551696
-0.525517,-0.895517,0.64448303,1.234483,1.944483,4.074483,4.804483,4.474483,3.544483,3.294483,1.974483,1.734483,3.5944831,3.234483,1.0444831,0.41448304,0.35448304,-0.11551697,-1.985517,-3.855517,-3.245517,-1.195517,2.1044831,-0.55551696,-0.665517,-0.665517,-0.47551697,-0.905517,0.86448306,-1.055517,-2.015517,-2.275517,0.44448304,0.084483035,-0.88551694,-3.255517,-0.15551697,4.364483,3.494483,2.374483,2.454483
1.4244831,1.364483,0.67448306,0.654483,1.5344831,2.734483,2.904483,4.124483,4.554483,3.514483,3.634483,3.664483,4.074483,4.524483,3.724483,1.984483,1.704483,0.89448303,-0.28551698,-1.4655169,-0.535517,0.34448302,-0.0155169675,-0.24551697,-0.35551697,-0.915517,-0.62551695,-0.535517,-1.0755169,-1.435517,-1.2055169,-1.385517,3.884483,3.474483,-0.82551694,-2.135517,0.22448303,0.50448304,2.3444831,1.7744831,1.484483
3.054483,2.704483,1.804483,2.704483,3.3544831,3.174483,3.6044831,3.914483,3.514483,3.484483,3.644483,4.164483,5.154483,5.2144833,2.544483,2.554483,2.454483,2.044483,1.2744831,1.004483,-0.05551697,0.844483,1.5344831,0.844483,0.724483,0.45448303,0.44448304,-0.645517,-1.135517,0.37448302,-1.445517,-1.8555169,-0.82551694,0.09448303,1.5344831,-2.195517,-0.535517,-5.055517,-8.465517,0.44448304,1.4044831
4.304483,4.404483,4.404483,4.134483,4.034483,4.154483,3.994483,3.894483,3.654483,3.684483,3.744483,3.554483,3.944483,3.504483,3.714483,3.474483,3.504483,2.874483,2.654483,2.974483,2.404483,2.194483,2.134483,2.0844831,1.614483,1.124483,-0.05551697,0.15448304,-0.48551697,-0.67551696,-1.135517,-2.795517,-0.765517,-1.795517,-2.295517,-0.895517,0.18448304,1.434483,-3.115517,-2.9155169,-7.5355167
4.974483,4.864483,4.364483,4.874483,5.164483,4.824483,4.534483,4.804483,5.574483,3.824483,4.284483,3.824483,1.884483,2.304483,2.734483,2.994483,3.054483,2.534483,3.364483,3.8544831,1.7844831,1.734483,2.014483,3.3344831,3.464483,3.544483,3.184483,0.16448303,1.234483,1.064483,0.95448303,1.984483,-2.3955169,-0.525517,3.934483,1.7844831,-1.525517,0.834483,-0.45551696,0.844483,2.174483
4.924483,5.354483,4.974483,5.084483,5.584483,5.524483,5.624483,5.414483,4.684483,5.674483,5.784483,3.754483,2.664483,2.824483,2.254483,2.3544831,2.634483,2.774483,3.444483,3.904483,3.424483,2.654483,3.434483,3.064483,4.2344832,4.524483,3.804483,3.764483,3.734483,2.044483,3.454483,4.654483,5.124483,2.864483,3.884483,2.434483,-3.115517,2.904483,3.194483,2.694483,3.994483
4.644483,5.094483,5.294483,4.9644833,4.894483,5.004483,5.054483,5.584483,6.114483,5.2144833,4.824483,4.454483,2.944483,2.464483,2.1044831,1.1544831,2.124483,2.454483,2.514483,2.444483,2.814483,2.764483,2.614483,4.514483,3.634483,3.994483,4.474483,3.874483,3.534483,4.134483,3.5944831,4.724483,3.454483,4.104483,3.8344831,3.514483,1.354483,-1.775517,4.104483,6.154483,3.134483
2.8544831,3.004483,3.414483,3.144483,4.094483,4.844483,4.854483,4.284483,3.634483,2.574483,1.0444831,1.364483,2.004483,1.944483,0.88448304,1.014483,1.254483,1.884483,2.374483,2.454483,2.144483,1.6644831,1.874483,3.124483,3.574483,3.804483,3.644483,3.884483,3.904483,3.5844831,3.214483,3.394483,3.794483,4.084483,5.014483,4.504483,2.924483,3.324483,5.544483,3.384483,0.75448304
-0.36551696,-0.46551695,0.62448305,1.304483,1.484483,1.0244831,0.76448303,1.114483,0.29448304,0.48448303,0.67448306,0.62448305,1.1444831,1.2744831,0.80448306,1.514483,1.3944831,0.984483,2.324483,1.704483,2.0844831,1.724483,2.394483,2.8344831,3.054483,3.0944831,4.294483,3.424483,2.814483,2.314483,2.394483,3.224483,3.234483,4.024483,3.774483,5.384483,7.174483,6.7344832,4.664483,2.434483,1.314483
0.63448304,-0.18551697,-0.35551697,-0.16551697,0.40448302,0.544483,0.35448304,0.15448304,0.57448304,0.43448302,0.10448303,0.64448303,1.714483,1.384483,1.014483,0.68448305,0.92448306,1.104483,2.544483,2.204483,2.694483,1.884483,1.7844831,1.614483,1.634483,2.794483,2.754483,2.504483,2.724483,2.434483,2.924483,3.394483,3.664483,4.304483,4.494483,4.704483,5.094483,4.004483,5.254483,5.074483,4.024483
1.3944831,0.20448303,-0.24551697,1.074483,0.43448302,0.42448303,-0.08551697,1.084483,0.86448306,1.574483,1.504483,-0.525517,0.054483034,1.814483,0.50448304,0.18448304,0.22448303,0.534483,1.264483,1.444483,1.814483,1.934483,1.6744831,1.244483,1.2744831,1.074483,1.1644831,1.5444831,1.834483,2.224483,2.624483,3.284483,4.054483,4.314483,3.934483,5.134483,4.7144833,4.9844832,4.9644833,5.014483,6.074483
0.33448303,0.524483,-0.68551695,1.474483,1.454483,1.554483,2.0844831,1.9244831,1.874483,0.99448305,0.914483,2.024483,1.324483,-0.98551697,-0.81551695,0.834483,0.37448302,-0.82551694,0.024483033,-0.025516968,0.36448303,0.29448304,0.534483,0.654483,0.794483,1.204483,1.374483,1.6544831,2.244483,2.554483,2.914483,3.924483,3.8444831,4.254483,4.7344832,5.164483,5.7144833,6.094483,5.354483,5.324483,4.084483
