wind_kz.json
{"header": {"discipline":0,"disciplineName":"Meteorological products","gribEdition":2,"gribLength":1025,"center":7,"centerName":"US National Weather Service - NCEP(WMC)","subcenter":0,"refTime":"2023-10-04T12:00:00.000Z","significanceOfRT":1,"significanceOfRTName":"Start of forecast","productStatus":0,"productStatusName":"Operational products","productType":1,"productTypeName":"Forecast products","productDefinitionTemplate":0,"productDefinitionTemplateName":"Analysis/forecast at horizontal level/layer at a point in time","parameterCategory":2,"parameterCategoryName":"UnknownDiscipline_0_Category_2","parameterNumber":3,"parameterNumberName":"UnknownParameter_D0_C2_3","parameterUnit":"Unknown","genProcessType":2,"genProcessTypeName":"Forecast","forecastTime":60,"surface1Type":103,"surface1TypeName":"Specified height level above ground","surface1Value":10.0,"surface2Type":255,"surface2TypeName":"Missing","surface2Value":0.0,"gridDefinitionTemplate":0,"gridDefinitionTemplateName":"Latitude_Longitude","numberPoints":615,"shape":6,"shapeName":"Earth spherical with radius of 6,371,229.0 m","gridUnits":"degrees","resolution":48,"winds":"true","scanMode":64,"nx":41,"ny":15,"basicAngle":0,"lo1":47.0,"la1":41.0,"lo2":87.0,"la2":55.0,"dx":1.0,"dy":1.0}, "data":
[rows 0 to 14 of 15, columns 0 to 40 of 41]
-1.8977563,-1.8377564,2.0722437,7.6922436,5.682244,1.8922436,-0.70775634,1.8822436,-0.34775636,0.30224365,-2.4177563,-3.0577564,-0.9877564,-1.7877563,-0.55775636,-0.007756348,1.0722437,1.8322437,1.8522437,0.5222437,-1.1477563,1.1022437,1.6422436,-0.33775634,-0.80775636,-0.7277563,-0.7377564,1.1522436,-0.33775634,1.8522437,2.0822437,1.1122437,0.13224365,-1.6077564,-1.7777563,-0.57775635,-0.27775633,0.0022436522,-0.46775636,-0.15775634,-0.22775635
4.3022437,-0.18775634,-3.1677563,10.262243,7.0022435,3.6722436,0.26224366,1.6522436,1.1722436,1.8122437,-1.8377564,-3.4877563,-2.4577563,-2.6077564,-2.9977562,1.1722436,1.4022436,1.9322437,1.2122437,2.8322437,1.9622437,2.8622437,3.0522437,1.0922437,1.8022437,1.6422436,1.5222436,0.06224365,-0.31775635,1.0022436,-0.37775636,0.44224367,0.93224365,0.07224365,-1.6577563,-1.2177564,-1.3577564,0.13224365,-0.70775634,-1.9977564,1.3522437
-0.45775634,1.0722437,4.0022435,6.162244,5.0322437,3.1222436,1.4422437,0.7622436,1.8222437,1.7722436,-0.34775636,-1.9077563,-3.1077564,-2.3977563,-2.3577564,-1.7677563,0.06224365,-0.36775634,-0.61775637,1.0222436,-0.32775635,4.2722435,3.7722437,2.9822435,2.9222436,1.1822437,1.7822436,1.1522436,0.74224365,2.4322436,-2.0377564,-1.5977564,0.022243652,-1.2477564,-0.13775635,1.3722436,0.07224365,-1.2877563,-0.44775635,-0.77775633,-0.96775633
2.4422436,3.1722436,4.142244,5.1122437,4.0122437,2.0722437,1.8022437,3.3622437,4.0522437,3.1922436,1.7622436,-1.0677563,-2.8777564,-3.7877564,-3.6477563,-3.5277565,-0.99775636,-3.1077564,-3.1677563,0.80224365,0.67224365,2.7222435,4.0322437,5.6722436,4.222244,4.0022435,1.8022437,0.15224366,1.9722437,1.4722437,-0.61775637,-2.6677563,-0.51775634,-0.077756345,-0.44775635,-0.50775635,-0.76775634,1.5122436,1.3322437,0.9522436,0.50224364
3.3522437,5.5422435,5.6122437,5.8022437,4.3522434,3.0522437,2.6722436,2.7622437,4.7722435,3.6922436,2.3722436,-0.36775634,-1.2277564,-3.3677564,-3.5877564,-2.4177563,-2.4177563,-1.1277564,-4.527756,-4.8277564,0.6522437,1.3122437,0.39224365,2.9722435,2.9322436,3.3122437,3.2022436,1.6622436,0.80224365,-0.077756345,-1.2577564,-0.37775636,-0.63775635,0.7722437,0.14224365,-0.61775637,0.33224365,-0.5377563,-2.3177564,-1.1777563,-2.0477564
-2.5377564,2.2022436,6.3522434,6.6722436,5.3422437,4.7322435,3.3822436,2.7622437,3.7222435,3.5922437,2.8322437,2.0122437,-1.0477563,-2.7077563,-2.9077563,-2.3277564,-1.9277563,-2.5677564,-2.4077563,-4.8677564,-2.2977564,1.0022436,-0.70775634,2.6122437,3.2322435,3.3022437,3.7622437,3.9522436,-0.82775635,-1.9177563,-2.8477564,0.42224365,1.2522436,2.2922437,2.4822435,0.5122436,1.5122436,1.6622436,1.4922436,-1.4877564,-4.1877565
-3.4377563,-2.4977562,6.0222435,5.2122436,4.872244,5.1022434,4.2322435,3.6122437,3.3822436,4.0322437,3.8322437,2.2422438,1.2422436,-0.7277563,-1.8177563,-2.3177564,-1.8877563,-2.5977564,0.29224366,-4.2277565,-1.7177564,-0.75775635,-0.35775635,3.3122437,2.5722437,2.3722436,1.7322437,1.6822437,0.61224365,-0.46775636,3.1922436,-0.05775635,-2.5577564,0.60224366,0.11224365,-0.58775634,-2.4277563,-1.5477563,-0.077756345,-0.92775637,-1.6477563
0.8922436,0.0022436522,3.8922436,4.742244,4.0722437,4.0922437,4.3422437,3.9622436,4.6122437,4.3122435,4.8322434,4.2922435,1.5722437,0.97224367,0.09224365,-1.6977563,-1.9577564,-2.3377564,-3.8677564,-3.0377564,-2.1877563,-1.5777564,-1.0777564,4.3622437,3.8822436,2.5522437,2.4222436,0.8922436,0.6422436,-1.0077564,-0.95775634,-1.1077564,-1.7377564,-2.8377564,1.3622437,1.3322437,-0.56775635,0.15224366,-0.74775636,0.63224363,-2.1077564
-1.0677563,3.7522438,3.1322436,4.1022434,4.3822436,4.0922437,3.7722437,3.4622436,3.0922437,3.7822437,3.6822436,3.1722436,1.9722437,1.4522437,0.42224365,-0.14775635,-0.7377564,-0.39775634,-2.6977563,-4.2877564,-0.96775633,-0.49775636,-1.0877564,2.7022436,3.4222436,3.5022438,1.4822437,2.6922436,1.9722437,1.6522436,1.6822437,0.48224366,0.5222437,-0.83775634,0.17224365,1.0422436,-2.0777564,0.86224365,0.72224367,-0.69775635,-2.4377563
1.1322436,2.0622437,4.4822435,3.3822436,5.182244,5.0922437,3.6422436,3.5022438,2.9622436,4.492244,3.9522436,3.0322437,2.3022437,0.5222437,0.7022436,0.87224364,0.68224365,-0.15775634,-0.34775636,-3.2377563,-1.1477563,2.1922436,1.8222437,1.5322436,3.1122437,3.2922437,2.6022437,2.0522437,2.3422437,2.6022437,2.9722435,1.8122437,0.7622436,0.102243654,0.12224365,0.55224365,0.31224364,-1.7677563,-0.7277563,0.7722437,2.2222435
2.5422437,0.052243654,2.3222437,4.5022435,6.1322436,3.9422436,5.202244,3.8622437,2.2822437,2.9422436,2.4922438,3.0522437,1.5722437,1.8922436,0.49224365,1.5022436,2.4222436,0.40224364,1.3922436,-1.8077563,-2.4977562,2.3922436,3.0022438,3.4322436,2.7022436,3.0122437,1.6222436,2.7222435,2.6322436,2.9822435,2.6922436,2.0622437,1.0822437,-0.51775634,-0.63775635,0.7022436,0.46224365,1.7222437,1.4222436,1.5122436,0.5222437
2.3022437,1.0822437,-0.017756348,4.0622435,4.872244,5.8122435,4.3422437,3.3322437,2.5922437,2.3522437,2.1122437,0.5922437,1.1222436,1.1322436,0.9022437,1.9722437,2.3422437,1.9122436,2.3722436,-1.1877563,-2.0777564,2.1222436,2.4222436,2.5422437,2.8622437,2.8122437,2.8522437,3.9022436,3.6622436,2.8622437,2.4122436,2.4722435,1.1822437,0.57224363,-0.42775634,-1.4277563,-0.32775635,1.5422436,1.7622436,1.7422436,0.63224363
1.8522437,2.9922438,2.6022437,3.8822436,5.372244,3.6122437,3.4122436,3.3122437,3.2722437,2.2122436,1.3122437,0.68224365,0.91224366,0.41224366,0.5922437,1.1222436,1.9522437,2.9522436,4.1922436,-1.1277564,1.6922437,3.5522437,3.0622437,2.9722435,3.0022438,3.2722437,3.2822437,3.0122437,3.3222437,3.1022437,2.9322436,2.4322436,1.5922437,0.8422437,0.5222437,0.08224365,-0.47775635,-0.22775635,-0.9177563,-0.08775635,0.22224365
2.1222436,2.2722437,2.1722436,5.5622435,5.3422437,4.202244,2.4922438,3.3222437,2.7622437,2.7822437,1.7722436,0.9622437,0.06224365,-0.37775636,-0.25775635,-0.30775633,0.81224364,2.5022438,1.5222436,-0.48775634,1.8822436,2.9522436,3.2622437,3.2622437,2.8022437,2.7922437,2.8322437,3.3522437,3.2822437,3.4022436,3.1422436,2.8422437,2.3422437,2.1922436,1.1622436,0.88224363,0.16224365,-0.6677563,-0.55775636,-0.48775634,-0.26775634
1.7322437,3.5222437,4.5422435,4.0022435,5.432244,3.8422437,3.1922436,2.8922436,2.6922436,2.7222435,2.3322437,2.0422437,2.1922436,0.78224367,-0.68775636,-1.5277563,0.08224365,1.9022436,2.5222437,0.8922436,-1.7377564,2.6022437,2.7322435,3.2322435,3.1422436,3.2222435,3.3222437,3.4822435,3.2722437,3.2822437,3.4022436,3.3822436,2.6322436,2.3022437,2.1822436,1.7822436,1.2822436,1.0922437,0.5922437,0.40224364,-0.08775635
