wind_kz.json
{"header": {"discipline":0,"disciplineName":"Meteorological products","gribEdition":2,"gribLength":1102,"center":7,"centerName":"US National Weather Service - NCEP(WMC)","subcenter":0,"refTime":"2024-03-19T06:00:00.000Z","significanceOfRT":1,"significanceOfRTName":"Start of forecast","productStatus":0,"productStatusName":"Operational products","productType":1,"productTypeName":"Forecast products","productDefinitionTemplate":0,"productDefinitionTemplateName":"Analysis/forecast at horizontal level/layer at a point in time","parameterCategory":2,"parameterCategoryName":"UnknownDiscipline_0_Category_2","parameterNumber":2,"parameterNumberName":"UnknownParameter_D0_C2_2","parameterUnit":"Unknown","genProcessType":2,"genProcessTypeName":"Forecast","forecastTime":180,"surface1Type":103,"surface1TypeName":"Specified height level above ground","surface1Value":10.0,"surface2Type":255,"surface2TypeName":"Missing","surface2Value":0.0,"gridDefinitionTemplate":0,"gridDefinitionTemplateName":"Latitude_Longitude","numberPoints":615,"shape":6,"shapeName":"Earth spherical with radius of 6,371,229.0 m","gridUnits":"degrees","resolution":48,"winds":"true","scanMode":64,"nx":41,"ny":15,"basicAngle":0,"lo1":47.0,"la1":41.0,"lo2":87.0,"la2":55.0,"dx":1.0,"dy":1.0}, "data":
[rows 0 to 14 of 15, columns 0 to 40 of 41]
1.1030493,-1.8069507,5.1730494,6.6530495,-3.3969507,0.9630493,-6.546951,-11.826951,-12.646951,-9.16695,-7.6369505,-9.026951,-8.746951,-8.1369505,-7.5769506,-7.2069507,-6.196951,-6.9369507,-7.816951,-6.006951,-5.0569506,-0.8769507,-0.6269507,-3.4069507,0.7030493,-1.9869506,-4.3669505,-4.3869505,1.3430493,0.91304934,-0.5469507,2.6330492,3.0430493,2.8830492,2.5830493,2.9730494,3.2330494,3.9730494,6.743049,7.7730494,7.223049
-1.5369507,2.6730492,4.4230494,2.0030494,-7.9769506,-8.266951,-10.476951,-11.6369505,-10.526951,-8.366951,-7.986951,-8.536951,-7.5569506,-6.6369505,-5.8069506,-6.4169507,-7.6569505,-8.536951,-7.9969506,-7.336951,-6.9269505,-4.5169506,-2.0069506,-4.716951,-0.76695067,1.1630493,-1.9269507,-0.34695068,-3.5769508,-2.2469506,-0.20695068,-0.64695066,2.8930492,-1.8969507,1.5030494,0.23304932,1.3730493,1.0530493,-0.5069507,4.263049,4.9830494
0.7530493,2.9830494,-0.57695067,-2.5869508,-6.1469507,-7.8969507,-9.536951,-8.016951,-10.806951,-8.83695,-8.486951,-8.71695,-8.036951,-8.456951,-8.026951,-7.8069506,-7.336951,-6.5569506,-5.066951,-7.546951,-9.71695,-12.12695,-7.8569508,-9.186951,-1.4069507,-5.1869507,-3.6369507,-3.3769507,-2.2469506,-1.3569506,-2.2969506,1.6730493,0.54304934,0.8930493,1.4430493,-0.57695067,2.5530493,1.1530493,8.803049,7.6130495,2.2230494
-0.21695068,-1.0469507,-2.3869507,-1.2469506,-5.1369505,-7.796951,-8.156951,-8.986951,-9.096951,-9.29695,-9.196951,-9.746951,-9.436951,-9.196951,-9.016951,-9.41695,-8.50695,-9.406951,-9.196951,-8.016951,-10.186951,-4.9969506,-6.586951,-9.406951,-10.556951,-10.056951,-9.106951,-13.17695,-8.106951,-4.7869506,0.67304933,-0.77695066,5.743049,9.143049,3.2530494,-1.4569507,-1.5869507,3.5430493,0.8430493,2.4030492,9.503049
-0.95695066,-0.9769507,-2.7469506,-2.4969506,-6.5569506,-8.75695,-8.436951,-8.326951,-9.236951,-7.566951,-8.476951,-7.8769507,-8.8869505,-9.306951,-8.846951,-8.766951,-8.186951,-8.746951,-9.816951,-11.246951,-13.316951,-10.936951,-10.646951,-10.42695,-10.91695,-10.6369505,-12.21695,-8.936951,-8.806951,-8.016951,-6.8069506,-5.3269506,-3.7669506,1.3830494,-3.1169508,-5.9569507,7.913049,-5.9769506,4.8630495,5.5830493,-0.11695068
-0.6169507,0.5130493,-3.3569508,-4.586951,-8.846951,-9.54695,-8.62695,-7.4769506,-6.5769506,-7.066951,-8.08695,-8.946951,-8.816951,-8.016951,-6.8969507,-7.796951,-8.566951,-8.806951,-10.036951,-9.596951,-10.576951,-9.346951,-9.446951,-9.79695,-10.526951,-11.656951,-9.17695,-8.076951,-8.58695,-8.25695,-8.016951,-7.8269506,-6.1069508,-3.3469508,-0.106950685,2.1730492,2.1430492,4.1430492,5.5930495,-8.486951,-3.6569507
-0.38695067,-0.19695069,-3.9069507,-4.086951,-6.0169506,-7.2069507,-6.3669505,-5.0769506,-7.6469507,-7.3069506,-5.8069506,-7.0169506,-6.8569508,-6.6369505,-6.2269506,-6.3269506,-7.1069508,-8.79695,-8.646951,-9.326951,-8.486951,-7.8269506,-7.8869505,-7.5569506,-8.786951,-7.816951,-6.216951,-7.4569507,-7.1469507,-6.7269506,-7.4069505,-6.6069508,-5.336951,-4.0769506,-1.7969507,-2.0569506,-0.89695066,1.9230493,0.8330493,2.6730492,9.633049
0.49304932,-1.5069507,-2.7169507,-3.9869506,-6.026951,-5.8569508,-6.336951,-5.756951,-5.256951,-7.0569506,-5.8569508,-6.3869505,-5.6369505,-5.6869507,-4.4369507,-4.6469507,-5.1869507,-6.466951,-6.316951,-8.8869505,-7.026951,-6.6169505,-5.3069506,-5.336951,-4.8069506,-4.0569506,-4.3069506,-3.2969506,-4.1169505,-3.1369507,-4.216951,-2.9869506,-3.6969507,-4.216951,-2.4169507,2.5930493,6.4030495,9.153049,9.753049,12.57305,7.533049
0.20304932,-2.1769507,-1.3869507,-4.1869507,-4.776951,-4.9169507,-5.196951,-5.316951,-5.5369506,-5.9069505,-6.2269506,-4.6369505,-4.986951,-3.6269507,-4.2269506,-3.6869507,-4.4569507,-4.9069505,-4.4769506,-4.9769506,-7.8469505,-5.3469505,-5.006951,-4.4069505,-4.4269505,-4.4569507,-2.5269506,-2.8569508,-1.2269506,-1.8369507,-2.1469507,-1.5969507,-1.7969507,-0.83695066,-1.8869507,1.0530493,0.7530493,-3.0969508,-2.2569506,1.2230493,-1.8469507
0.4530493,-2.0469506,-1.4169507,-3.9169507,-4.5569506,-4.1669507,-5.986951,-6.0969505,-5.466951,-4.9269505,-6.336951,-6.0769506,-3.7169507,-3.7069507,-4.086951,-2.8269508,-3.6669507,-3.5769508,-4.1669507,-4.0369506,-4.966951,-4.2869506,-3.4469507,-3.7069507,-3.4669507,-2.6469507,-2.9969506,-2.4669507,-1.6769507,-1.0869507,-1.1869507,-2.2669506,-0.6969507,-0.52695066,0.053049315,1.2730494,-1.5069507,0.28304932,-2.9569507,-0.17695068,-0.37695068
1.0230494,-1.8169507,-2.7969506,-4.1769505,-4.8569508,-5.2669506,-4.7669506,-5.486951,-4.716951,-5.3269506,-3.8069506,-4.1669507,-3.0569506,-3.4369507,-2.9269507,-2.2669506,-3.0469506,-1.7969507,-3.7969506,-4.086951,-3.4969506,-3.1969507,-3.0669508,-3.0269506,-2.1669507,-2.1469507,-1.7369506,-2.3469508,-2.5069506,-2.2769506,-2.0169506,-1.7769507,-1.0969507,-0.8669507,-0.24695069,-0.37695068,-1.6669507,0.14304931,-0.17695068,0.67304933,-1.7169507
0.043049317,-3.4269507,-3.8369508,-5.3769507,-5.276951,-5.5969505,-5.046951,-5.216951,-4.0369506,-5.1269507,-4.3569508,-2.2969506,-1.6869507,-1.6669507,-1.3069507,-1.0969507,-1.2269506,-1.1869507,-2.3669508,-1.6369507,-2.3869507,-1.4669507,-1.8969507,-1.3469507,-0.6569507,0.33304933,-0.44695067,-1.3869507,-1.3769507,-1.4169507,-1.0569507,-0.70695066,-0.18695068,-0.5669507,0.9430493,1.1330494,1.0830493,1.4830493,1.6630493,1.0730493,0.8730493
-0.7469507,-2.5469506,-3.2669506,-3.7169507,-3.8969507,-3.7469506,-4.2469506,-3.2869506,-2.8169508,-1.4969506,-1.3169507,-0.7969507,0.66304934,1.0530493,0.14304931,-0.0069506834,-0.3969507,0.11304931,-0.22695069,0.28304932,-0.12695068,0.28304932,0.9030493,-0.32695067,1.5030494,0.85304934,0.16304931,-0.21695068,0.3530493,0.7630493,0.6930493,0.7530493,1.3130493,0.6330493,1.7530494,1.8730493,2.0930493,0.5230493,1.7230493,1.5630493,-0.2669507
-2.0569506,-2.6569507,-1.7569507,-4.8069506,-4.3069506,-3.9069507,-2.5369506,-2.7069507,-0.70695066,-0.4869507,-1.2869507,-1.3369507,0.30304933,1.8630493,1.1430494,0.31304932,1.0930493,0.2530493,1.6730493,2.7530494,1.7430493,2.1630492,1.7330493,1.5030494,0.73304933,-0.9269507,-0.21695068,1.1230493,0.4530493,1.0830493,1.4530493,1.5030494,1.5930493,1.5530493,1.8030493,1.5730493,1.1830493,0.78304935,-0.6769507,0.36304933,1.7330493
-0.38695067,-4.0569506,-2.1969507,-3.1669507,-2.1869507,-2.5669508,-1.9469507,-1.7569507,-1.0769507,-1.6369507,-1.0169507,-0.6169507,-0.82695067,0.2930493,1.6330494,0.9930493,1.0430493,0.78304935,2.3430493,4.2530494,3.6330492,4.8330493,1.7730494,1.3030493,0.6130493,0.6430493,1.0830493,1.8730493,1.8730493,1.4930493,1.5730493,1.9230493,2.0530493,2.1930494,2.0430493,2.5330493,0.5030493,0.67304933,1.2630494,1.0830493,-0.82695067
