wind_kz.json
{"header": {"discipline":0,"disciplineName":"Meteorological products","gribEdition":2,"gribLength":1025,"center":7,"centerName":"US National Weather Service - NCEP(WMC)","subcenter":0,"refTime":"2023-09-11T06:00:00.000Z","significanceOfRT":1,"significanceOfRTName":"Start of forecast","productStatus":0,"productStatusName":"Operational products","productType":1,"productTypeName":"Forecast products","productDefinitionTemplate":0,"productDefinitionTemplateName":"Analysis/forecast at horizontal level/layer at a point in time","parameterCategory":2,"parameterCategoryName":"UnknownDiscipline_0_Category_2","parameterNumber":3,"parameterNumberName":"UnknownParameter_D0_C2_3","parameterUnit":"Unknown","genProcessType":2,"genProcessTypeName":"Forecast","forecastTime":60,"surface1Type":103,"surface1TypeName":"Specified height level above ground","surface1Value":10.0,"surface2Type":255,"surface2TypeName":"Missing","surface2Value":0.0,"gridDefinitionTemplate":0,"gridDefinitionTemplateName":"Latitude_Longitude","numberPoints":615,"shape":6,"shapeName":"Earth spherical with radius of 6,371,229.0 m","gridUnits":"degrees","resolution":48,"winds":"true","scanMode":64,"nx":41,"ny":15,"basicAngle":0,"lo1":47.0,"la1":41.0,"lo2":87.0,"la2":55.0,"dx":1.0,"dy":1.0}, "data":
[rows 0 to 14 of 15, columns 0 to 40 of 41]
2.707566,-1.2824341,-0.8424341,-7.132434,-7.452434,-6.402434,-4.772434,-1.7524341,-4.402434,-4.6924343,-5.272434,-3.992434,-3.8524342,-5.222434,-5.532434,-5.902434,-5.6924343,-5.362434,-5.142434,-3.212434,-4.682434,-5.022434,-4.282434,0.46756592,0.06756592,0.20756592,-0.102434084,2.287566,1.7175659,-1.5224341,-2.1224341,-3.1324341,-0.022434082,-0.23243408,-2.0724342,-3.1424341,-3.182434,-1.6924341,0.017565917,1.767566,0.54756594
0.16756591,-0.4524341,1.2175659,-4.7124343,-4.702434,-4.7524343,-4.4824343,-3.152434,-2.752434,-2.902434,-4.292434,-5.562434,-4.9824343,-5.682434,-8.002434,-4.542434,-4.412434,-6.1924343,-5.7524343,-4.292434,-4.122434,-4.152434,-2.8324342,1.2275659,0.73756593,1.667566,-1.1324341,3.047566,1.5875659,2.6875658,2.6275659,3.457566,1.0575659,0.7075659,-1.1224341,-3.6424341,-3.1424341,-6.182434,0.54756594,-2.3524342,5.5575657
2.047566,1.6775659,-0.032434084,0.06756592,-2.682434,-2.722434,-3.992434,-2.242434,-2.0624342,-0.9924341,-3.242434,-2.0724342,-3.152434,-4.6924343,-6.262434,-6.372434,-4.052434,-3.8824341,-4.702434,-4.102434,-5.302434,-5.302434,-4.7524343,-1.3224341,-0.47243407,-0.6924341,-1.492434,0.077565916,0.31756592,0.36756593,1.4575659,0.18756592,0.5975659,-0.3624341,-1.0124341,0.86756593,1.0675659,-0.6024341,-0.41243407,-0.07243408,0.5275659
2.777566,3.3575659,1.4775659,0.4775659,-0.06243408,-0.7324341,-0.04243408,0.057565916,-0.022434082,0.72756594,1.5675659,-0.002434082,0.27756593,-3.292434,-5.282434,-5.242434,-4.262434,-3.8924341,-3.922434,-4.4624343,-4.262434,-2.3824341,-3.932434,-5.4624343,-3.902434,-2.702434,-2.8624341,-2.272434,-2.152434,-1.7024341,-3.1024342,-3.162434,-1.602434,0.8775659,0.67756593,-0.9924341,0.5875659,3.807566,0.7475659,0.61756593,1.5975659
2.597566,2.737566,1.167566,-1.7724341,1.417566,2.547566,2.1275659,2.077566,1.517566,1.2275659,2.997566,2.587566,0.85756594,-2.8824341,-5.312434,-4.2524343,-4.542434,-3.052434,-3.012434,-3.702434,-2.922434,-2.902434,-3.3224342,-3.0624342,-2.6024342,-3.3424342,-4.142434,-6.012434,-4.9424343,-3.942434,-1.4424341,-0.5024341,2.787566,3.977566,0.27756593,-0.31243408,0.6475659,1.3075659,-0.8724341,1.3275659,-2.3324342
0.7675659,-2.422434,-1.842434,-2.222434,0.60756594,0.8975659,-0.7924341,3.017566,1.3575659,1.1975659,0.6475659,2.6575658,-0.19243409,0.27756593,-2.6324341,-3.162434,-4.622434,-4.032434,-5.112434,-3.8824341,-5.102434,-1.6624341,-2.042434,-2.782434,-3.8824341,-4.162434,-3.3424342,-6.0024343,-3.3924341,-3.3224342,-3.902434,-2.552434,3.337566,-0.8424341,1.9275659,4.407566,-0.14243408,1.757566,2.797566,0.13756591,-0.5024341
3.947566,3.6475658,3.047566,1.647566,-2.252434,-0.7424341,-1.102434,2.067566,1.4875659,1.897566,1.3375659,0.8775659,0.54756594,-2.302434,-3.8424342,-2.052434,-2.742434,-3.172434,-3.442434,-3.5624342,-1.832434,-2.8324342,-2.912434,-0.31243408,-2.442434,-2.512434,-3.412434,-1.982434,-3.0924342,-0.9224341,-2.3424342,-0.7824341,1.1275659,3.3575659,-0.32243407,-0.6924341,0.5975659,0.7475659,-0.5924341,0.9975659,-1.6424341
-2.042434,3.6775658,3.3875659,2.977566,2.1675658,-0.21243408,-0.6224341,3.017566,2.567566,0.3575659,1.657566,0.85756594,-1.5024341,-3.262434,-3.512434,-2.192434,-3.922434,-3.792434,-2.182434,-3.052434,-3.432434,-3.972434,-1.6224341,-2.5624342,-2.282434,-2.1424341,-3.772434,-4.182434,-3.682434,-3.052434,-1.482434,-0.9024341,0.9975659,1.787566,4.047566,3.3575659,2.1575658,-0.28243408,0.3875659,0.7175659,-0.64243406
-0.032434084,-1.1624341,-2.1124341,0.61756593,3.967566,0.22756591,0.39756593,1.9975659,0.79756594,1.9875659,1.1275659,-0.15243408,-2.012434,-0.5624341,-2.732434,-2.3524342,-3.452434,-3.0824342,-2.6024342,-2.802434,-1.7924341,-2.3124342,-2.282434,-1.5324341,-1.1624341,-1.712434,-1.4424341,-2.3824341,-2.732434,-1.842434,-2.0824342,0.8175659,-0.49243408,0.5275659,4.077566,3.797566,1.4875659,3.1775658,1.7075659,2.347566,1.897566
0.8275659,-0.9824341,-2.172434,1.9675659,-1.242434,0.9075659,-0.47243407,0.5175659,0.15756592,0.7175659,-0.2624341,-0.95243406,-2.242434,-1.1524341,-2.742434,-3.1424341,-2.502434,-2.792434,-3.0624342,-3.022434,-3.0724342,-2.8224342,-2.752434,-2.912434,-2.782434,-2.3324342,-2.762434,-2.5624342,-2.752434,-2.192434,-1.5024341,-0.25243407,-1.0724341,5.2875657,3.537566,1.417566,1.267566,0.5175659,1.277566,4.367566,2.977566
-0.88243407,-1.0124341,-0.71243405,-0.16243409,-0.11243408,0.19756591,0.37756592,0.10756592,1.3475659,-0.31243408,-0.06243408,0.09756592,-1.862434,-1.962434,-2.8824341,-3.022434,-2.942434,-2.1424341,-2.912434,-3.172434,-3.192434,-3.212434,-3.152434,-2.972434,-2.922434,-3.172434,-3.462434,-3.692434,-4.292434,-3.272434,-3.232434,-0.6224341,3.8775659,3.8575659,3.307566,0.8375659,0.4775659,2.6475658,1.3775659,1.137566,0.09756592
-1.6224341,-1.0424341,-0.96243405,0.06756592,1.407566,1.1275659,0.8475659,0.23756592,-0.35243407,0.49756593,-0.052434083,-0.8124341,-1.9524341,-2.3924341,-2.3924341,-2.512434,-2.542434,-3.002434,-2.792434,-2.802434,-2.8124342,-2.952434,-2.6424341,-2.8824341,-3.752434,-3.5624342,-4.342434,-4.452434,-5.112434,-3.662434,-3.502434,-4.202434,0.9475659,3.6675658,2.487566,0.36756593,0.5775659,0.39756593,1.417566,1.0475659,1.257566
-1.1724341,-2.0724342,-0.102434084,-0.13243409,0.33756593,0.3275659,-0.6824341,0.7775659,0.85756594,0.22756591,0.077565916,-0.7324341,-1.712434,-1.8824341,-1.742434,-2.3824341,-2.262434,-2.752434,-3.052434,-2.472434,-2.012434,-1.9124341,-1.592434,-1.9124341,-3.8124342,-3.702434,-4.362434,-4.952434,-6.062434,-4.892434,-4.792434,-4.642434,-2.482434,1.4375659,2.027566,1.4375659,2.3575659,2.017566,2.1875658,-0.49243408,0.19756591
0.60756594,-0.08243408,0.3575659,1.2975659,0.4875659,0.2975659,0.037565917,1.2175659,1.3275659,-0.07243408,0.33756593,-0.43243408,-1.722434,-1.4124341,-2.5724342,-2.542434,-2.0724342,-2.3824341,-2.8524342,-2.492434,-2.462434,-2.6024342,-3.402434,-1.8724341,-4.4424343,-2.702434,-3.3424342,-4.022434,-4.322434,-4.762434,-4.612434,-4.642434,-2.432434,-1.102434,0.39756593,0.8075659,0.3875659,0.117565915,-0.20243408,-0.6524341,-0.6024341
0.67756593,1.157566,1.897566,1.5575659,1.767566,1.7275659,1.0975659,0.8175659,1.2475659,-0.6124341,-0.04243408,0.16756591,1.0875659,-0.49243408,-2.1024342,-2.242434,-1.8724341,-1.4524341,-2.262434,-2.8624341,-3.0724342,-3.012434,-0.6824341,0.2975659,-2.282434,-3.3524342,-3.1224341,-3.1324341,-3.152434,-3.902434,-4.452434,-3.8924341,-3.1424341,-3.202434,-2.8124342,-1.8124341,0.077565916,0.9575659,-0.8124341,-1.1224341,0.31756592
