wind_kz.json
{"header": {"discipline":0,"disciplineName":"Meteorological products","gribEdition":2,"gribLength":1025,"center":7,"centerName":"US National Weather Service - NCEP(WMC)","subcenter":0,"refTime":"2023-10-01T18:00:00.000Z","significanceOfRT":1,"significanceOfRTName":"Start of forecast","productStatus":0,"productStatusName":"Operational products","productType":1,"productTypeName":"Forecast products","productDefinitionTemplate":0,"productDefinitionTemplateName":"Analysis/forecast at horizontal level/layer at a point in time","parameterCategory":2,"parameterCategoryName":"UnknownDiscipline_0_Category_2","parameterNumber":3,"parameterNumberName":"UnknownParameter_D0_C2_3","parameterUnit":"Unknown","genProcessType":2,"genProcessTypeName":"Forecast","forecastTime":60,"surface1Type":103,"surface1TypeName":"Specified height level above ground","surface1Value":10.0,"surface2Type":255,"surface2TypeName":"Missing","surface2Value":0.0,"gridDefinitionTemplate":0,"gridDefinitionTemplateName":"Latitude_Longitude","numberPoints":615,"shape":6,"shapeName":"Earth spherical with radius of 6,371,229.0 m","gridUnits":"degrees","resolution":48,"winds":"true","scanMode":64,"nx":41,"ny":15,"basicAngle":0,"lo1":47.0,"la1":41.0,"lo2":87.0,"la2":55.0,"dx":1.0,"dy":1.0}, "data":
[rows 0 to 14 of 15, columns 0 to 40 of 41]
0.47138184,0.95138186,-4.268618,-9.728619,-8.418618,-6.078618,-1.4886181,2.0513818,3.1613817,1.0613818,0.71138185,0.45138183,0.061381835,-0.37861815,-0.5086182,-0.23861817,-0.9386182,-1.4586182,-3.828618,-2.9586182,-1.8986182,-2.9186182,-0.12861817,1.3213818,2.0013819,0.36138183,0.27138183,1.0713818,2.1513817,0.59138185,-0.18861817,2.5213819,-0.8086182,-0.72861814,0.79138184,0.47138184,0.48138183,0.0013818359,0.14138183,0.20138183,-0.25861818
-1.4086182,-1.6286181,-7.698618,-9.518619,-10.318618,-4.348618,3.481382,3.3913817,1.1513819,0.0013818359,0.39138183,-0.008618164,-0.048618164,-0.24861817,-0.49861816,1.4313818,0.58138186,-1.4686182,-3.8486183,-4.208618,-2.9286182,-2.8786182,-1.8886181,1.6113819,2.951382,3.0913818,2.701382,2.0713818,0.77138186,3.1113818,-0.5686182,0.6913818,1.1913818,0.15138184,1.7713819,2.9113817,1.4413818,2.6313818,1.7113818,1.1113819,0.15138184
-0.51861817,-3.4886181,-7.498618,-8.838618,-6.7186184,-1.6786182,-1.2786182,-0.33861816,-0.27861816,0.24138184,-1.4886181,-0.6986182,-0.8186182,0.16138184,1.2113818,0.09138183,-0.48861817,-2.1486182,-4.498618,-4.3586183,0.0013818359,-2.278618,-0.6986182,0.79138184,-1.5586182,-1.9286182,-1.1386181,-1.6086181,-0.90861815,-2.8386183,-0.7486182,0.53138185,-1.7886182,1.6013818,1.0013819,-2.038618,-3.1386182,1.5713818,-1.3986182,0.021381836,0.73138183
-0.43861815,-2.9686182,-6.3386183,-7.198618,-1.6186181,-0.24861817,0.24138184,-1.9286182,-1.4586182,-1.2786182,-1.1586182,-0.54861814,0.59138185,0.22138184,0.41138184,-0.11861816,-0.8686182,-2.528618,-4.428618,-5.5286183,-0.78861815,-1.0786182,1.3513818,0.27138183,-0.97861814,-2.278618,-1.8586181,-1.3386182,0.32138184,-1.6886182,-1.8386182,0.83138186,1.1513819,1.0413818,0.6313818,1.2513819,3.231382,2.5113819,-3.4986181,-2.8386183,-3.3886182
-1.4786181,-1.4286182,-3.1586182,-2.7486181,-0.29861817,-0.24861817,0.9313818,0.6213818,-0.37861815,-0.78861815,-0.64861816,-0.52861816,-0.008618164,0.41138184,0.30138183,0.33138183,-1.4786181,-1.9086182,-3.028618,-2.828618,-1.2586181,-0.5586182,-0.76861817,-0.7586182,-0.38861817,-0.13861817,0.18138184,-0.45861816,-0.038618162,-1.6286181,-2.3386183,-2.318618,1.9913819,1.2713819,0.35138184,0.89138186,1.4413818,1.4113818,-0.57861817,-1.9086182,-3.6986182
-2.6686182,-0.73861814,-0.9286182,1.3313818,1.1613818,1.0413818,-0.10861816,0.95138186,0.29138184,0.41138184,-0.038618162,-0.44861817,1.2113818,1.4113818,0.39138183,-0.8786182,-1.0586182,-0.6386182,-0.98861814,-0.8086182,-0.7486182,-0.7486182,-0.51861817,0.6313818,0.6913818,1.2013818,0.6813818,0.021381836,-0.11861816,-0.60861814,-1.1486182,-1.3986182,-1.3486181,-0.21861817,-1.3086182,-1.7486181,-3.2386181,-3.4486182,-2.3486183,0.07138184,-1.1686182
-2.7286181,-1.0886182,1.6013818,1.6813818,4.5113816,3.3413818,-4.098618,2.0213819,-0.25861818,0.45138183,1.4413818,1.8713819,2.7513819,1.1313819,-0.16861816,-0.9486182,-2.028618,-0.83861816,0.78138185,-0.14861816,-0.32861817,-0.51861817,-0.16861816,0.23138183,1.8413818,1.8113818,0.47138184,1.5413818,-0.40861815,-0.89861816,-2.308618,-3.538618,-1.8386182,1.0613818,1.4013819,0.20138183,2.1313818,2.461382,-0.13861817,3.1613817,-1.8686181
-1.9386182,-1.6786182,1.8013818,4.001382,3.2713819,4.561382,3.0413818,-1.0886182,0.34138185,-0.27861816,1.4613818,2.3313818,1.8813819,1.0513818,0.32138184,-0.27861816,-2.1486182,-2.4286182,0.5713818,0.92138183,0.041381836,-0.40861815,-1.0386182,-0.21861817,0.85138184,1.7613819,2.1013818,2.1013818,0.7413818,-1.6386181,-1.5986181,-1.3386182,0.021381836,-2.078618,-1.5786182,-1.4086182,-1.3986182,-0.6886182,-2.068618,-0.7586182,-0.8786182
-3.9686182,-4.2186184,0.13138184,1.5213819,3.3713818,3.0813818,4.9113817,3.231382,0.15138184,-1.9886181,-2.058618,0.83138186,1.4213818,1.8613819,1.6213819,0.6113818,-1.2186182,-2.048618,-1.0186181,0.83138186,1.5613818,0.48138183,-0.53861815,0.17138183,0.19138184,0.95138186,1.3413818,2.3813818,2.1513817,1.3713819,-0.038618162,-2.5986183,-2.058618,-2.1386182,-1.7086182,-0.65861815,-0.70861816,0.19138184,1.1813818,1.2613819,2.5713818
-3.0886183,-3.278618,-3.258618,1.5313818,3.2813818,2.5813818,3.6213818,3.681382,3.971382,1.8413818,-0.07861816,-0.64861816,-1.3586181,0.51138186,2.711382,2.431382,1.7613819,0.10138184,-0.66861814,1.2813818,1.3013818,1.0113819,0.78138185,0.84138185,1.1313819,1.1213819,1.6213819,2.1513817,2.1313818,1.5613818,0.59138185,-1.4586182,-1.9886181,-1.3686181,0.83138186,0.8713818,-0.16861816,-0.018618165,0.76138186,-0.84861815,1.6413819
-2.4086182,-2.2486181,-2.8786182,-1.3586181,2.7913818,3.5113819,3.701382,3.461382,2.3713818,3.9113817,3.241382,1.3813819,-0.19861816,-0.29861817,1.0313818,2.741382,4.051382,3.0213819,1.5913818,1.2113818,1.5313818,1.3613819,1.6913818,1.9313818,2.2913818,2.6013818,2.231382,1.6613818,1.3513818,0.6313818,-0.058618166,-0.64861816,-1.2386181,-2.038618,-1.6786182,0.29138184,0.65138185,-1.2686181,-0.018618165,0.59138185,0.17138183
0.19138184,-0.42861816,-1.0386182,-1.3686181,-0.42861816,2.3513818,2.981382,3.191382,3.0013819,2.9013817,2.5813818,1.0613818,0.6813818,1.5013819,1.5513818,3.3013818,4.7213817,5.071382,4.611382,3.2613819,2.5613818,2.221382,2.181382,2.1413817,2.1513817,2.6413817,2.4113817,2.181382,1.7113818,1.0913818,0.72138184,0.041381836,-0.39861816,-1.0086181,-1.1086181,-1.9686182,-1.7086182,-2.1586182,-1.9386182,-1.5286182,-0.9986182
2.3513818,2.1513817,1.2813818,0.44138184,0.54138184,0.71138185,1.2413819,0.71138185,1.5313818,2.8913817,1.8813819,1.1913818,0.59138185,1.1813818,2.0113819,3.1413817,4.381382,5.4113817,6.301382,5.001382,4.961382,4.101382,2.8913817,3.3213818,3.0313818,2.8213818,3.181382,3.3713818,2.701382,2.3513818,2.0513818,1.5113819,0.6313818,-0.14861816,-0.20861816,-1.1686182,-1.5786182,-1.1886182,-1.7186182,-1.6086181,-1.1786182
4.561382,4.151382,3.711382,3.3413818,2.8613818,2.5513818,1.7713819,1.2113818,0.7413818,1.8413818,0.5613818,0.66138184,0.96138185,0.15138184,0.18138184,1.4613818,3.2713819,4.981382,5.9113817,5.481382,5.151382,5.211382,4.4313817,3.8013818,3.441382,3.671382,4.2013817,4.1613817,3.3613818,3.0513818,2.941382,2.6013818,2.0013819,1.6013818,0.89138186,0.061381835,-0.6386182,-1.0286182,-1.2086182,-1.6286181,-1.8686181
4.1213818,5.5313816,6.081382,5.2413816,4.2213817,4.2013817,3.5113819,2.7913818,2.171382,1.8313818,1.7913818,1.2613819,0.5613818,-0.32861817,-0.64861816,-0.35861817,2.0213819,4.421382,4.361382,4.0313816,5.041382,5.5313816,5.541382,5.571382,5.061382,4.861382,4.7613816,4.821382,4.2613816,3.921382,3.8013818,3.2913818,2.6213818,2.1313818,1.7013818,1.1613818,0.92138183,0.10138184,-0.07861816,-1.0186181,-1.1086181
