wind_kz.json
[{"header":{"discipline":0,"disciplineName":"Meteorological products","gribEdition":2,"gribLength":871,"center":7,"centerName":"US National Weather Service - NCEP(WMC)","subcenter":0,"refTime":"2023-09-25T18:00:00.000Z","significanceOfRT":1,"significanceOfRTName":"Start of forecast","productStatus":0,"productStatusName":"Operational products","productType":1,"productTypeName":"Forecast products","productDefinitionTemplate":0,"productDefinitionTemplateName":"Analysis/forecast at horizontal level/layer at a point in time","parameterCategory":0,"parameterCategoryName":"UnknownDiscipline_0_Category_0","parameterNumber":0,"parameterNumberName":"UnknownParameter_D0_C0_0","parameterUnit":"Unknown","genProcessType":2,"genProcessTypeName":"Forecast","forecastTime":240,"surface1Type":1,"surface1TypeName":"Ground or water surface","surface1Value":0.0,"surface2Type":255,"surface2TypeName":"Missing","surface2Value":0.0,"gridDefinitionTemplate":0,"gridDefinitionTemplateName":"Latitude_Longitude","numberPoints":615,"shape":6,"shapeName":"Earth spherical with radius of 6,371,229.0 m","gridUnits":"degrees","resolution":48,"winds":"true","scanMode":64,"nx":41,"ny":15,"basicAngle":0,"lo1":47.0,"la1":41.0,"lo2":87.0,"la2":55.0,"dx":1.0,"dy":1.0},"data":[285.8,275.7,282.2,292.8,292.7,291.9,290.5,289.7,287.7,287.8,288.0,289.0,289.2,290.1,291.3,292.9,293.2,295.4,299.3,296.6,296.5,293.4,293.3,288.6,290.8,292.7,290.4,277.2,275.2,275.4,274.8,275.7,283.2,288.1,289.3,289.0,288.0,288.9,289.8,289.8,288.2,262.1,283.2,292.1,292.4,292.4,291.3,288.4,286.9,286.8,287.4,287.2,287.2,288.2,289.2,289.0,292.1,294.0,295.0,293.8,296.4,293.8,294.7,292.4,285.6,274.8,273.8,284.1,276.1,278.0,272.6,278.7,269.3,279.5,255.0,272.8,286.7,284.1,286.6,289.9,282.9,283.6,285.5,291.8,292.5,291.9,290.5,287.3,286.1,286.0,287.0,285.5,288.5,287.0,288.1,290.4,292.2,294.5,294.5,295.7,294.9,294.3,292.0,292.5,293.0,288.4,288.5,290.1,290.9,289.5,290.0,281.9,272.0,276.2,280.4,279.2,281.2,281.7,271.5,274.5,275.1,270.0,262.6,289.2,291.1,291.9,291.3,289.9,285.9,286.9,284.7,287.7,286.9,287.7,288.6,290.2,289.7,292.1,292.6,295.2,295.4,293.5,292.0,291.3,286.7,292.0,292.5,292.8,293.2,293.0,291.9,289.7,290.9,289.5,288.3,290.5,288.0,286.2,285.3,273.0,266.2,276.1,282.4,286.7,288.6,290.3,291.0,290.5,289.8,286.7,286.2,286.4,288.4,287.8,288.1,289.2,289.0,288.0,286.6,294.2,295.0,295.0,292.8,291.6,292.0,291.9,290.7,290.6,290.0,290.6,288.9,288.0,289.9,289.9,292.1,289.4,278.8,268.5,278.5,284.9,288.7,289.6,290.5,291.7,289.9,287.4,286.1,289.5,290.7,290.6,290.3,288.8,289.0,288.6,287.8,289.6,290.1,289.1,288.9,291.4,293.3,293.0,292.2,291.8,291.5,290.6,289.5,289.4,289.2,288.6,286.7,286.7,286.6,289.3,289.6,287.8,289.1,288.3,284.5,285.7,288.9,281.8,282.2,288.7,288.8,288.7,284.6,284.6,290.2,286.4,287.8,286.2,288.2,289.1,289.1,290.1,290.0,290.3,292.0,292.6,293.1,292.1,292.2,291.5,290.2,289.4,288.0,288.4,289.1,289.4,287.6,287.3,286.4,287.3,287.8,288.0,287.0,287.3,287.1,286.8,287.1,285.1,281.9,279.2,275.9,274.3,285.0,288.5,284.3,287.0,287.1,287.3,288.2,290.2,287.0,286.9,289.2,288.8,290.6,290.7,291.3,292.1,291.0,290.1,290.4,289.9,287.1,286.6,286.7,286.9,287.6,286.7,283.2,283.9,284.8,283.3,284.8,283.7,284.0,284.2,281.5,281.1,281.6,284.1,285.6,288.2,288.2,283.4,284.4,288.1,283.3,286.0,287.1,287.8,287.0,289.2,288.7,288.4,289.4,288.4,288.3,288.8,288.5,288.9,288.2,288.3,288.3,287.4,285.0,284.4,285.6,285.9,284.7,285.0,282.4,282.0,280.1,278.7,279.9,280.3,281.1,282.4,281.4,281.4,283.4,282.5,269.8,271.8,269.7,287.7,288.1,283.4,285.9,286.7,286.3,289.0,288.9,287.2,288.9,287.9,287.8,286.7,286.2,286.2,286.6,286.8,286.6,286.7,286.3,284.3,284.2,284.9,285.6,285.3,284.0,283.5,282.5,280.9,280.1,279.3,281.6,283.2,282.9,282.2,281.8,281.5,279.0,274.4,272.8,270.7,284.7,284.0,284.3,285.5,286.0,285.9,287.3,290.4,289.1,290.1,287.6,287.0,286.3,286.3,285.2,284.9,284.8,284.9,285.4,284.1,284.0,284.3,284.2,284.2,283.5,283.1,280.7,281.4,281.3,281.8,281.7,281.9,281.2,281.9,281.3,279.4,277.9,275.6,274.8,275.4,273.0,281.6,284.3,283.2,284.9,285.1,286.0,286.8,288.4,288.1,289.4,287.5,286.3,286.1,285.1,284.7,284.9,284.6,284.2,284.3,283.4,283.2,282.5,282.6,282.6,281.8,281.7,281.4,281.7,281.7,281.8,280.9,280.8,281.0,279.4,280.3,279.7,279.4,277.7,277.7,278.6,278.3,280.3,281.5,285.1,284.9,285.1,286.1,287.0,287.7,287.8,287.5,284.5,282.3,284.5,283.9,284.3,284.5,284.4,284.2,284.4,283.3,283.2,281.8,280.8,280.9,281.3,282.4,283.1,282.6,282.5,281.6,281.5,281.4,281.1,280.8,280.6,279.9,279.9,281.0,279.8,279.9,279.8,279.8,281.5,284.7,284.8,284.6,284.8,286.5,286.6,286.4,286.7,283.8,282.2,280.6,282.9,284.0,284.4,284.1,283.9,284.6,283.8,283.4,283.3,283.4,283.2,283.1,283.0,282.1,281.5,280.5,279.9,279.8,278.9,278.1,280.7,279.5,276.0,275.9,275.3,274.8,274.3,275.4,278.8,281.2,285.1,283.6,284.0,284.0,284.8,285.4,287.3,286.2,286.2,281.9,281.2,281.5,283.2,284.0,283.8,283.5,283.7,283.5,283.1,282.7,282.4,281.1,280.9,280.0,279.4,279.1,278.9,278.3,277.9,279.6,276.6,275.4,274.7,275.0,274.3,273.8,274.1,274.4,274.5]},{"header":{"discipline":0,"disciplineName":"Meteorological products","gribEdition":2,"gribLength":1025,"center":7,"centerName":"US National Weather Service - NCEP(WMC)","subcenter":0,"refTime":"2023-09-25T18:00:00.000Z","significanceOfRT":1,"significanceOfRTName":"Start of forecast","productStatus":0,"productStatusName":"Operational products","productType":1,"productTypeName":"Forecast products","productDefinitionTemplate":0,"productDefinitionTemplateName":"Analysis/forecast at horizontal level/layer at a point in time","parameterCategory":2,"parameterCategoryName":"UnknownDiscipline_0_Category_2","parameterNumber":2,"parameterNumberName":"UnknownParameter_D0_C2_2","parameterUnit":"Unknown","genProcessType":2,"genProcessTypeName":"Forecast","forecastTime":240,"surface1Type":103,"surface1TypeName":"Specified height level above ground","surface1Value":10.0,"surface2Type":255,"surface2TypeName":"Missing","surface2Value":0.0,"gridDefinitionTemplate":0,"gridDefinitionTemplateName":"Latitude_Longitude","numberPoints":615,"shape":6,"shapeName":"Earth spherical with radius of 6,371,229.0 m","gridUnits":"degrees","resolution":48,"winds":"true","scanMode":64,"nx":41,"ny":15,"basicAngle":0,"lo1":47.0,"la1":41.0,"lo2":87.0,"la2":55.0,"dx":1.0,"dy":1.0},"data":[-1.5876995,-1.4476995,2.0823004,-0.3976996,2.0223005,3.1523004,4.0223002,5.4323006,6.3223004,7.2223005,5.7423005,3.6423004,6.3023005,8.602301,9.312301,11.632299,9.022301,10.4923,11.4923,-3.7276995,-2.8676996,-3.9676995,-3.6576996,-2.5576997,1.3623004,-2.3076997,-2.9876995,-0.5276996,0.57230043,0.7423004,-0.7576996,1.1523004,0.2923004,0.122300416,-3.0176995,-2.8376997,-2.9276996,-3.5376997,-3.5976996,-2.3776996,-1.9676995,2.2123003,1.9823004,1.2623004,2.5323005,4.3523006,5.7823005,3.6523004,5.3623004,7.4723005,7.7523003,5.0823,5.8723006,8.1623,7.6823006,8.5523,7.7923,12.3623,9.6223,5.3323,-4.2976995,-3.7976997,-3.4676995,-2.6076996,-3.4176996,0.21230042,1.0723004,-0.7776996,0.7923004,-2.6476996,-2.5076995,-0.017699584,0.23230042,-0.057699583,-2.4576995,0.2823004,0.7723004,-0.14769958,0.18230042,-0.21769959,0.07230041,-0.68769956,1.2223004,3.4323003,5.2223005,5.9023004,6.4323006,3.8423004,4.6523004,7.7223005,8.6323,4.2023005,6.9323006,7.4123006,7.6623006,9.5123005,9.652301,7.7823005,10.8523,9.312301,-3.8176997,-2.8076997,-3.0776997,-4.2376995,-4.0376997,-3.0976996,0.2923004,-1.7876996,-1.9676995,-0.17769958,-3.0576997,-0.40769958,-1.5176996,2.1223004,0.10230041,-0.8976996,0.76230043,-1.7576996,0.4823004,0.9023004,-0.6676996,1.4923004,2.1423004,2.3623004,4.3523006,4.7723002,7.0423,8.0023,5.0423,5.6123004,7.0723004,6.8223004,7.0723004,7.4123006,8.562301,7.9223003,6.9223003,8.0123005,7.0023003,9.392301,-5.1576996,-3.9076996,-3.7376995,-3.1376996,-2.3476996,-2.4776995,-3.7476995,-3.8076997,-3.9676995,-3.1876996,-3.8976996,-0.4576996,-1.3276995,-2.3676996,-3.4676995,-2.1276996,-2.4276996,-2.0376997,-2.2876997,-1.4976996,2.1723003,0.2923004,-0.5676996,-0.057699583,4.3723006,5.3923006,6.1423006,9.272301,6.6523004,6.2923,6.4923005,6.8823004,7.0723004,7.9423003,8.2023,9.5723,7.0223002,8.3023,7.2323003,4.1123004,-3.6076996,-4.7077,-3.5876997,-3.9576995,-5.6476994,-4.6976995,-4.2976995,-4.8876996,-4.6176996,-4.7176995,-5.2576995,-2.4376996,-4.6276994,-3.9776995,-3.6976995,-2.8176997,-2.1676996,1.5823004,2.2723005,0.42230043,0.092300415,-1.4876996,-2.2476995,-2.3876996,-2.3376997,4.1423006,3.8123004,7.4223003,7.4323006,10.0023,6.8523006,9.062301,8.5923,7.5823,7.0623,7.5823,6.8123,3.0923004,10.5123,-2.1876996,-2.4476995,-3.9676995,-3.3876996,-4.3476996,-3.8476996,-4.9976997,-3.4776995,-3.4276996,-5.0176997,-5.4177,-5.4577,-3.8076997,-4.5076995,-4.2276998,-3.9976995,-3.7076995,-2.3376997,-1.5676996,-1.2576996,-0.07769959,-3.4876995,0.5423004,-2.3376997,0.7023004,-0.7976996,-0.13769959,3.0223005,4.1823006,5.8923006,3.7623005,6.6723003,7.1923003,7.9023004,5.2423005,5.3923006,5.4923005,3.6223004,5.6823006,1.6123004,1.4123005,-3.8876996,-3.7476995,-2.3576996,-3.4176996,-4.7276998,-5.1176996,-3.8876996,-3.8276997,-3.9776995,-3.9576995,-4.9177,-4.8276997,-4.1877,-4.5276995,-5.6976995,-6.1276994,-5.1877,-4.5476995,-1.8876996,-2.5976996,-3.5276995,-1.6976995,-0.6976996,2.0523005,-2.4876995,1.9223005,0.6023004,2.2723005,4.2523003,3.5223005,5.2223005,5.7623005,7.0123005,4.7923,1.6623005,2.1223004,2.5823004,4.7523003,-2.4276996,-3.0376997,-6.3476996,-3.2676995,-2.8076997,-2.9276996,-3.8076997,-4.2776995,-4.9976997,-4.0276995,-4.1576996,-3.5776997,-4.3276997,-4.1176996,-2.6976995,-3.6276996,-6.2276998,-5.7176995,-4.6677,-5.0776997,-2.3876996,-5.0276995,-0.8276996,-2.2776995,0.8523004,1.9423004,-0.68769956,-5.7276998,-6.3076997,-2.7976997,2.4423003,4.1223006,4.1323004,3.9323003,4.8323,3.0523005,-3.5076995,-2.2676995,-2.3276997,0.10230041,-3.3276997,-3.8776996,-3.3076997,-3.8776996,-3.8876996,-3.5776997,-4.0376997,-4.9577,-5.1677,-5.6877,-5.7776995,-3.7276995,-4.0576997,-4.3176994,-4.0276995,-4.3976994,-3.2876997,-4.2176995,-2.6676996,-2.9276996,-3.9376996,-1.8276995,0.7323004,-0.99769956,0.50230044,-0.20769958,-0.99769956,-2.7576995,-1.5176996,-0.28769958,-2.1076996,3.3923004,2.0223005,2.9923005,1.9623004,2.8323004,0.10230041,-1.9276996,-6.2576995,-4.7776995,-5.1976995,1.2023004,-4.2376995,-4.2176995,-3.9676995,-4.7776995,-4.6276994,-5.3176994,-4.9976997,-5.6677,-5.7376995,-4.5776997,-4.4676995,-4.7676997,-6.5276995,-7.0776997,-7.6677,-6.0076995,-5.4876995,-3.8576996,-3.4076996,-1.6976995,-1.4976996,-0.80769956,-0.32769957,0.13230042,0.23230042,-1.4376996,0.022300415,-2.0676997,0.052300416,-0.92769957,1.8223004,-0.25769958,0.4723004,0.6423004,0.14230041,-0.4576996,-1.1676996,-5.0576997,-5.2476997,-4.4776998,-3.4776995,-3.3176997,-4.4276996,-4.1677,-4.7077,-4.6276994,-4.8776994,-4.1276994,-5.8776994,-5.7176995,-4.6976995,-5.9776998,-6.1476994,-6.7176995,-5.0776997,-5.2176995,-5.1677,-4.0276995,-3.6276996,-3.0876997,-3.1376996,-2.7376995,-2.4176996,-2.2676995,-1.5676996,-0.5176996,-1.3076996,-0.19769959,-0.73769957,0.6823004,-0.9776996,1.3623004,0.69230044,1.3623004,0.5523004,0.7023004,-1.0776995,-1.5376996,-5.3176994,-5.8176994,-2.2076995,-4.4876995,-2.8876996,-4.0876994,-3.7576995,-4.1276994,-3.9176996,-3.8776996,-4.7276998,-4.7077,-4.0576997,-5.6376996,-5.5176997,-6.4377,-5.7276998,-5.2976995,-4.5576997,-4.4177,-3.9676995,-3.8176997,-3.8576996,-3.4376996,-3.4376996,-2.6876996,-3.4476995,-2.7776995,-3.3976996,-4.0676994,-2.1076996,-0.8276996,0.07230041,-0.7976996,0.9823004,0.9323004,1.4123005,1.0223004,0.7923004,0.7823004,-1.1576996,-2.9376996,-5.5776997,-3.3976996,-1.3076996,-2.5876997,-2.8876996,-3.2076995,-3.2676995,-3.5376997,-3.4776995,-3.7676995,-3.6276996,-3.5676997,-4.2276998,-4.4577,-3.2576995,-3.5876997,-3.8176997,-4.7176995,-4.4476995,-4.9577,-4.4377,-3.8076997,-3.9376996,-3.9476995,-3.6676996,-3.6476996,-3.4076996,-3.6376996,-2.7876997,-1.5376996,-3.1376996,-2.1376996,-1.5276996,1.4823004,1.2423004,1.0423005,0.07230041,-0.29769957,-0.23769958,0.052300416,-3.2776995,-0.6276996,-2.3076997,-1.4476995,-1.8576996,-0.92769957,-1.7176995,-2.5276995,-3.0276995,-3.4376996,-4.0476995,-4.9276996,-3.9376996,-4.0376997,-4.1877,-4.5776997,-4.4177,-4.3376994,-4.7676997,-4.7077,-4.2976995,-4.0876994,-3.7576995,-3.7376995,-3.7676995,-2.8376997,-4.0076995,-3.3676996,-3.2476995,-2.2276995,-2.0776997,-2.0176995,-1.0676996,-0.06769958,0.8023004,0.9223004,1.3723004,1.0823004,1.9723004,0.6123004,-0.18769959,-0.07769959,-1.2576996,-1.6476996,-2.0476997,-1.4476995,-1.0076996,-0.7176996,-2.4276996,-2.8576996,-3.2776995,-3.2876997,-3.3476996,-3.8776996,-4.0676994,-4.2476997,-3.7676995,-3.5576997,-3.8176997,-3.6676996,-3.4276996,-3.2476995,-3.2776995,-3.2676995,-3.6876996,-4.4776998,-3.6276996,-3.4476995,-3.1076996,-3.2476995,-1.8676996,-2.8276997,-1.9876996,-2.5476997,-1.2376996]},{"header":{"discipline":0,"disciplineName":"Meteorological products","gribEdition":2,"gribLength":1025,"center":7,"centerName":"US National Weather Service - NCEP(WMC)","subcenter":0,"refTime":"2023-09-25T18:00:00.000Z","significanceOfRT":1,"significanceOfRTName":"Start of forecast","productStatus":0,"productStatusName":"Operational products","productType":1,"productTypeName":"Forecast products","productDefinitionTemplate":0,"productDefinitionTemplateName":"Analysis/forecast at horizontal level/layer at a point in time","parameterCategory":2,"parameterCategoryName":"UnknownDiscipline_0_Category_2","parameterNumber":3,"parameterNumberName":"UnknownParameter_D0_C2_3","parameterUnit":"Unknown","genProcessType":2,"genProcessTypeName":"Forecast","forecastTime":240,"surface1Type":103,"surface1TypeName":"Specified height level above ground","surface1Value":10.0,"surface2Type":255,"surface2TypeName":"Missing","surface2Value":0.0,"gridDefinitionTemplate":0,"gridDefinitionTemplateName":"Latitude_Longitude","numberPoints":615,"shape":6,"shapeName":"Earth spherical with radius of 6,371,229.0 m","gridUnits":"degrees","resolution":48,"winds":"true","scanMode":64,"nx":41,"ny":15,"basicAngle":0,"lo1":47.0,"la1":41.0,"lo2":87.0,"la2":55.0,"dx":1.0,"dy":1.0},"data":[-1.1308764,-2.9908764,0.89912355,8.289124,4.8891234,1.4791236,1.2691236,-0.38087645,-1.2108765,-0.8208765,-1.7208765,-1.7008765,-2.8708766,-3.4808764,-4.2808766,-8.680877,-7.9108763,-8.380877,-5.9108763,-1.2208765,1.8991235,-0.47087646,-0.90087646,-2.2808764,-2.4608765,-0.8208765,-1.5508765,1.4991236,2.3691235,3.2691236,1.5491235,1.2291236,1.0891235,-0.050876465,-0.98087645,0.24912353,-1.3108765,-1.0708765,-1.1908765,-0.83087647,0.53912354,3.9391236,0.8191235,2.1791236,2.7491236,1.7191235,0.42912352,0.52912354,-0.040876463,-0.060876466,-0.6908765,0.41912353,-1.6008765,-1.7508764,-1.1808765,-1.4908764,-4.5208764,-5.6608763,-4.8808765,3.1291234,0.96912354,-0.12087646,-1.6808765,0.16912353,1.7391236,0.91912353,0.38912353,-2.5808764,1.2491236,-0.66087645,0.8791235,2.0591235,2.7691236,0.82912356,-2.0908766,-2.4608765,0.08912353,-0.7608765,-1.2708764,-1.6308764,-0.7608765,-0.24087647,0.95912355,0.63912356,-0.22087647,0.7991235,0.09912354,-0.6208765,-0.49087647,-1.4808764,-1.0508765,0.34912354,-1.5108764,-2.5208764,-2.2308764,-0.6808765,-0.37087646,-3.8808765,-4.9208765,2.3791234,1.2091235,1.5391235,0.42912352,-0.80087644,-2.1008766,-0.5708765,0.059123535,1.4691235,0.8691235,0.89912355,0.25912353,2.5691235,3.3991234,1.5791235,2.2591236,-0.79087645,-0.74087644,3.7391236,3.8291235,-0.010876465,0.76912355,-0.30087647,-0.28087646,-1.2308764,-0.040876463,-1.2908765,0.69912356,-0.21087646,1.0491235,0.57912356,-0.43087646,-0.38087645,-1.2508764,-2.5408764,-2.4708765,-4.7808766,-1.6608765,-0.97087646,-0.6208765,1.7591236,-0.5108765,-1.0008764,-0.30087647,-0.5108765,-0.22087647,2.4591236,0.009123535,-1.2508764,-0.8808765,-1.4808764,-1.6508765,1.9391235,3.3891234,1.3391235,-1.1708765,-2.0308764,-0.17087646,-0.31087646,-2.7708764,-0.58087647,3.0891235,2.5791235,0.97912353,1.0091236,-0.36087647,-1.2608764,-2.6208766,-5.450876,0.39912355,-0.37087646,1.2391236,1.6191236,0.72912353,-0.92087644,-2.3508766,-2.8208764,-3.6908765,-6.9608765,-3.8208764,2.5191236,-0.08087646,-1.9008765,-1.4808764,-1.7408764,-0.47087646,-0.5108765,-0.78087646,0.009123535,-0.35087645,-1.3208765,-1.4608765,-3.0508764,-2.6908765,-1.6808765,-1.7708764,0.21912354,2.5491235,2.1291234,-0.55087644,-1.2908765,-0.13087647,-0.030876465,1.3691236,0.44912353,-1.6008765,-1.1408764,-0.6408765,-2.4008765,1.1691235,-2.8508766,-2.7308764,-2.6708765,-0.28087646,2.0291235,1.1091236,-1.0108764,-1.7308764,-2.5108764,1.7891235,-2.2408764,-2.3808765,-0.29087648,0.27912354,0.029123535,0.43912354,-0.92087644,-0.46087646,-0.22087647,1.1391236,0.7391235,-0.66087645,-1.6708765,-2.6508765,-1.8708764,-1.9608765,-2.5408764,-2.6108766,-2.6108766,1.0191236,2.0391235,8.169124,2.0791235,3.8891234,1.2991235,0.6291235,-0.070876464,-2.2608764,-2.6308765,-4.0708766,-0.9308765,-0.7608765,-1.1108764,1.1591235,2.0491235,3.2991235,1.0191236,-0.16087647,1.3491235,3.9091234,2.8191235,-1.2708764,-1.1908765,-0.48087648,-0.72087646,0.6891235,0.12912354,-0.65087646,-1.1308764,-0.54087645,2.2691236,1.0991235,0.009123535,-2.3208764,-2.9308765,-4.2208767,-3.6108766,-4.2608767,-5.7908764,-5.1508765,-1.8108765,-1.2108765,-1.4008765,-3.2408764,-1.3108765,1.2491236,0.20912354,2.8291235,-2.2308764,-3.1908765,-4.7608767,-3.8508766,-4.3708763,-4.3608766,-1.3308765,6.0591235,3.4991236,3.3391235,-0.8708765,1.6791235,0.6291235,0.90912354,-2.5908766,-2.2808764,-1.7608764,0.28912354,1.1891235,1.0191236,-0.9408765,-1.3208765,-1.0208764,0.9291235,1.9591235,1.2391236,1.3991235,-1.5208764,-2.4008765,-4.0808764,-4.8208766,-4.2208767,-5.1708765,-4.7308764,-1.0208764,-1.0008764,-0.39087647,0.5691235,-1.0808765,-0.54087645,-2.0708764,-3.1608765,-5.2308764,-3.0808764,-4.7308764,-5.4608765,-7.0508766,3.4991236,4.2491236,3.8191235,1.5691235,-4.4108763,-0.59087646,0.42912352,-0.12087646,0.08912353,-1.5108764,-1.9808764,-1.2008765,0.15912354,0.64912355,-0.8208765,-1.8208765,-1.3208765,-0.72087646,0.21912354,0.9891235,0.44912353,0.76912355,-0.15087646,-0.9308765,-2.8008764,-3.6908765,-2.5908766,-3.2008765,-2.1508765,-0.80087644,-2.7108765,-0.44087645,0.5591235,0.95912355,-1.9608765,-5.2408767,-4.9708767,-3.7408764,-5.2308764,-6.0908766,-6.1108766,2.8291235,3.5191236,3.2291236,2.3191235,1.7291236,-0.58087647,0.09912354,-0.19087647,-0.86087644,-1.6208764,-2.2108765,-2.0308764,-1.2608764,-0.7608765,-0.9408765,-1.2608764,-0.8208765,-0.49087647,0.09912354,0.75912356,0.109123535,0.9891235,-0.21087646,-1.1808765,-1.0108764,-1.6208764,-3.1608765,-3.4408765,-2.1508765,-0.6908765,-0.09087647,-2.5208764,-1.1008765,1.5391235,2.6991236,-5.1908765,-2.7708764,-4.7108765,-6.3808765,-4.8308764,-6.4008765,-3.7308764,2.6491234,-0.44087645,6.0091233,3.3091235,0.97912353,0.12912354,0.53912354,-0.050876465,-0.74087644,-0.79087645,-0.8108765,-1.2508764,-1.5808765,-1.4808764,-0.91087645,-0.79087645,-0.24087647,-1.0408765,-0.08087646,0.09912354,-0.7608765,-1.2308764,-0.79087645,-1.9208765,-2.4208765,-3.5208764,-3.9308765,-3.9208765,-1.8108765,-0.5708765,1.9091235,0.91912353,0.94912356,0.32912353,-3.0508764,-3.8508766,-3.1908765,-4.2508764,-4.7408767,-3.5408764,-3.4508765,0.71912354,3.7891235,1.8091235,1.0191236,-0.050876465,0.40912354,0.71912354,0.18912354,0.13912353,0.079123534,-0.79087645,-0.9508765,-0.59087646,0.22912353,-0.36087647,-0.71087646,-0.6408765,-0.11087646,-0.5008765,0.37912354,0.45912352,-0.18087646,-1.1908765,-1.9408765,-2.7408764,-2.8108764,-3.3508766,-3.3508766,-4.3608766,-3.2708764,-1.1008765,0.36912355,0.96912354,-0.27087647,-2.7308764,-2.9008765,-5.3308764,-2.7008765,-2.7708764,-2.7708764,1.1491235,-1.7008765,1.2291236,1.4391235,-0.45087647,-0.08087646,0.78912354,0.84912354,0.66912353,0.47912353,0.17912354,0.6191235,0.65912354,0.34912354,0.82912356,1.1991235,0.82912356,0.9991235,0.079123534,-0.010876465,0.08912353,-0.86087644,-1.5508765,-1.7808765,-2.2808764,-2.3508766,-2.8008764,-3.1108766,-3.0808764,-3.4408765,-3.7508764,-2.6808765,-3.6908765,-2.7108765,-0.33087647,-2.2608764,-3.2108765,-5.1708765,-5.3408766,-2.2108765,-2.2708764,1.3591236,4.0891237,1.0691235,1.5591235,0.28912354,-0.53087646,-1.1908765,1.1591235,1.8891236,1.3791236,1.2191235,1.0191236,0.9391235,0.9991235,0.78912354,0.41912353,0.6191235,0.42912352,-0.15087646,-0.22087647,-0.74087644,-0.84087646,-1.1408764,-1.4208765,-1.5108764,-1.7508764,-2.3908765,-2.2108765,-2.3508766,-3.0508764,-3.0308764,-3.2208765,-2.8308764,-2.2508764,-2.2408764,-1.8808764,-2.8708766,-4.8208766,-3.6908765,-2.6108766,-1.4508765,-1.8408765,1.2591236,1.1191236,1.6191236,-0.010876465,1.3391235,1.3691236,0.12912354,2.6191235,2.1491234,1.9191235,1.7191235,1.6091236,1.6991235,1.3991235,1.0691235,0.57912356,0.69912356,0.5591235,0.41912353,0.33912355,-0.14087647,-0.43087646,-0.9408765,-1.1808765,-1.5308765,-1.4408765,-1.7608764,-1.9208765,-2.2708764,-2.3108764,-2.7908764,-2.7608764,-4.200876,-1.0908765]}]