wind_kz.json
{"header": {"discipline":0,"disciplineName":"Meteorological products","gribEdition":2,"gribLength":1025,"center":7,"centerName":"US National Weather Service - NCEP(WMC)","subcenter":0,"refTime":"2024-04-07T00:00:00.000Z","significanceOfRT":1,"significanceOfRTName":"Start of forecast","productStatus":0,"productStatusName":"Operational products","productType":1,"productTypeName":"Forecast products","productDefinitionTemplate":0,"productDefinitionTemplateName":"Analysis/forecast at horizontal level/layer at a point in time","parameterCategory":2,"parameterCategoryName":"UnknownDiscipline_0_Category_2","parameterNumber":2,"parameterNumberName":"UnknownParameter_D0_C2_2","parameterUnit":"Unknown","genProcessType":2,"genProcessTypeName":"Forecast","forecastTime":120,"surface1Type":103,"surface1TypeName":"Specified height level above ground","surface1Value":10.0,"surface2Type":255,"surface2TypeName":"Missing","surface2Value":0.0,"gridDefinitionTemplate":0,"gridDefinitionTemplateName":"Latitude_Longitude","numberPoints":615,"shape":6,"shapeName":"Earth spherical with radius of 6,371,229.0 m","gridUnits":"degrees","resolution":48,"winds":"true","scanMode":64,"nx":41,"ny":15,"basicAngle":0,"lo1":47.0,"la1":41.0,"lo2":87.0,"la2":55.0,"dx":1.0,"dy":1.0}, "data":
[rows 0 to 14 of 15, columns 0 to 40 of 41]
0.16638,-1.89362,2.99638,6.04638,4.29638,-1.61362,2.78638,3.94638,3.10638,-1.4736199,1.22638,-0.11362,-1.24362,-1.84362,-1.89362,-3.06362,-3.5336199,-3.40362,-4.57362,-3.70362,-2.94362,-1.12362,-0.88362,-2.49362,0.34638,-1.73362,-3.14362,-1.44362,1.45638,0.76638,-1.42362,2.81638,1.65638,1.48638,-1.15362,1.62638,0.036380004,1.89638,1.56638,1.58638,1.68638
0.51638,2.62638,3.36638,4.23638,3.02638,-1.52362,-3.32362,-4.72362,-3.82362,-1.86362,-1.35362,-3.17362,-1.24362,-2.65362,-2.24362,-3.65362,-3.30362,-5.27362,-3.21362,-3.45362,-2.85362,-2.44362,-1.44362,-4.26362,-0.33361998,1.51638,-1.19362,0.91638,-2.81362,-1.13362,0.47638,-0.55362,2.66638,-2.09362,0.06638,-0.13362,-0.60362,0.82638,-0.42362,1.73638,-1.90362
1.94638,2.68638,2.47638,2.55638,0.84638,-2.43362,-4.55362,-3.84362,-5.57362,-4.49362,-3.96362,-3.81362,-2.09362,-2.85362,-3.71362,-3.47362,-4.78362,-4.11362,-3.24362,-2.16362,-4.95362,-6.26362,-3.98362,-5.06362,-0.30361998,-3.31362,-1.01362,-1.69362,-1.76362,-0.84362,-0.44362,1.76638,1.12638,0.82638,0.90638,0.056380004,0.53638,-0.043619994,-0.48362,2.49638,3.09638
1.22638,0.88638,0.73638,-0.67362,-3.48362,-1.69362,-1.19362,-5.16362,-4.73362,-3.89362,-4.20362,-5.21362,-4.45362,-6.30362,-4.03362,-5.39362,-5.02362,-5.38362,-5.16362,-5.60362,-5.88362,-2.92362,-2.79362,-7.53362,-7.34362,-7.55362,-6.05362,-9.42362,-4.99362,-2.20362,-0.20362,-0.73362,3.90638,2.75638,-1.31362,-0.71362,-1.34362,2.65638,0.55638003,0.76638,1.33638
-0.90362,-2.86362,-3.70362,-3.60362,-2.95362,-4.21362,-5.75362,-5.10362,-4.04362,-4.52362,-4.65362,-5.25362,-5.83362,-6.12362,-5.87362,-5.62362,-6.08362,-6.12362,-6.28362,-6.86362,-6.97362,-7.69362,-8.74362,-8.91362,-9.14362,-8.80362,-9.14362,-6.68362,-6.69362,-6.44362,-5.92362,-5.35362,-0.98362,2.50638,-1.02362,-4.49362,2.66638,-3.62362,-3.74362,-3.02362,-2.25362
0.006380005,-2.79362,-3.01362,-3.87362,-4.74362,-5.34362,-4.98362,-4.94362,-3.66362,-3.59362,-4.42362,-4.92362,-4.32362,-6.67362,-3.60362,-4.90362,-6.08362,-6.72362,-7.82362,-5.38362,-7.67362,-6.76362,-6.65362,-7.96362,-8.42362,-9.20362,-7.34362,-5.47362,-8.49362,-8.51362,-8.46362,-6.96362,-5.53362,-0.96362,2.24638,6.16638,2.86638,5.91638,10.09638,-6.75362,-5.74362
-2.26362,-3.20362,-2.24362,-2.01362,-3.43362,-3.70362,-3.91362,-3.81362,-3.5336199,-3.85362,-2.80362,-4.23362,-3.83362,-4.76362,-4.34362,-5.01362,-5.26362,-5.34362,-6.09362,-8.94362,-6.39362,-5.49362,-5.31362,-4.87362,-6.61362,-7.51362,-6.69362,-7.32362,-7.31362,-6.55362,-6.60362,-6.18362,-3.31362,-1.79362,-1.68362,-1.79362,-1.44362,0.66638,4.52638,1.28638,2.44638
-1.59362,-2.13362,-1.59362,-1.58362,-2.0336199,-2.93362,-3.32362,-3.39362,-3.35362,-3.44362,-3.29362,-3.33362,-3.14362,-3.94362,-3.26362,-3.90362,-4.30362,-5.12362,-4.26362,-7.25362,-5.80362,-5.50362,-4.85362,-5.14362,-4.36362,-2.76362,-4.81362,-5.44362,-5.72362,-4.42362,-5.35362,-3.56362,-3.5336199,-4.44362,-4.01362,1.92638,6.43638,7.90638,9.38638,9.92638,6.53638
-0.34362,-0.15361999,-1.27362,-0.21361999,0.07638001,-0.32362,-1.29362,-2.15362,-2.40362,-2.51362,-2.82362,-2.91362,-2.81362,-2.81362,-2.93362,-2.87362,-3.5336199,-3.71362,-3.93362,-4.12362,-6.87362,-4.73362,-4.14362,-4.67362,-4.17362,-3.69362,-2.65362,-3.55362,-1.63362,-2.06362,-2.84362,-3.0336199,-2.43362,-1.13362,0.57638,2.33638,1.39638,-0.18361999,-0.27362,1.35638,1.32638
1.45638,0.61638,0.82638,1.06638,0.76638,1.55638,0.68638,-0.28362,-0.25362,-0.64362,-0.70362,-1.46362,-1.51362,-1.9736199,-2.83362,-2.64362,-3.20362,-3.33362,-3.61362,-3.7836199,-4.46362,-3.74362,-3.37362,-3.71362,-3.97362,-4.44362,-3.39362,-3.34362,-2.73362,-2.99362,-1.60362,-0.50361997,-0.25362,0.36638,1.22638,2.87638,1.87638,1.13638,-1.25362,1.20638,1.32638
3.74638,3.64638,1.53638,1.18638,1.29638,1.34638,1.98638,1.81638,0.68638,0.10638001,0.89638,1.21638,1.0263801,1.16638,0.45638,-0.033619996,-0.87362,-0.83362,-2.01362,-2.27362,-2.19362,-2.08362,-1.98362,-2.01362,-1.96362,-1.82362,-1.52362,-0.86362,-0.70362,-0.19362,-0.25362,-1.51362,-0.65362,-0.16362,-0.70362,-0.50361997,-0.98362,1.01638,0.90638,0.006380005,0.086380005
2.68638,3.39638,4.21638,3.70638,3.17638,1.87638,0.74638003,1.22638,1.29638,-0.053619996,0.38638002,2.56638,1.55638,2.32638,2.44638,2.07638,1.78638,1.5263801,0.41638002,0.57638,0.33638,0.49638,0.09638,0.29638,0.86638,1.32638,1.12638,1.67638,2.06638,2.14638,-0.84362,-1.2236199,-0.32362,-1.24362,-0.36361998,-0.87362,-1.76362,0.006380005,0.82638,0.97638,1.29638
2.95638,2.28638,3.47638,4.86638,4.18638,4.42638,3.2163801,2.22638,1.32638,0.57638,2.13638,4.42638,2.13638,4.48638,3.86638,3.00638,2.74638,2.43638,1.69638,1.86638,1.63638,1.79638,1.78638,1.40638,3.09638,2.36638,2.67638,2.26638,1.56638,0.61638,0.10638001,0.47638,0.10638001,-0.64362,-0.52362,-0.19362,0.25638,0.52638,1.15638,1.30638,0.78638
3.54638,3.39638,4.21638,5.48638,2.20638,5.78638,6.42638,5.44638,5.19638,2.10638,2.26638,3.16638,4.15638,5.16638,4.78638,4.27638,3.93638,3.74638,2.61638,3.67638,3.27638,3.41638,3.10638,2.92638,2.53638,1.87638,1.65638,2.06638,1.40638,1.56638,1.21638,0.78638,0.89638,0.81638,0.70638,0.66638,0.91638,0.64638,0.80638003,1.01638,1.67638
3.86638,5.30638,4.34638,4.28638,4.48638,6.17638,5.13638,8.67638,9.10638,4.41638,1.7763801,5.37638,3.53638,1.14638,4.35638,4.27638,4.04638,4.34638,3.57638,4.54638,4.40638,4.45638,3.81638,3.76638,3.90638,3.19638,3.07638,2.68638,2.42638,2.13638,2.07638,1.65638,1.30638,0.95638,0.78638,1.03638,0.64638,1.82638,2.02638,1.15638,0.83638
