wind_kz.json
{"header": {"discipline":0,"disciplineName":"Meteorological products","gribEdition":2,"gribLength":871,"center":7,"centerName":"US National Weather Service - NCEP(WMC)","subcenter":0,"refTime":"2024-04-06T12:00:00.000Z","significanceOfRT":1,"significanceOfRTName":"Start of forecast","productStatus":0,"productStatusName":"Operational products","productType":1,"productTypeName":"Forecast products","productDefinitionTemplate":0,"productDefinitionTemplateName":"Analysis/forecast at horizontal level/layer at a point in time","parameterCategory":0,"parameterCategoryName":"UnknownDiscipline_0_Category_0","parameterNumber":0,"parameterNumberName":"UnknownParameter_D0_C0_0","parameterUnit":"Unknown","genProcessType":2,"genProcessTypeName":"Forecast","forecastTime":240,"surface1Type":1,"surface1TypeName":"Ground or water surface","surface1Value":0.0,"surface2Type":255,"surface2TypeName":"Missing","surface2Value":0.0,"gridDefinitionTemplate":0,"gridDefinitionTemplateName":"Latitude_Longitude","numberPoints":615,"shape":6,"shapeName":"Earth spherical with radius of 6,371,229.0 m","gridUnits":"degrees","resolution":48,"winds":"true","scanMode":64,"nx":41,"ny":15,"basicAngle":0,"lo1":47.0,"la1":41.0,"lo2":87.0,"la2":55.0,"dx":1.0,"dy":1.0}, "data":
[rows 0 to 14 of 15, columns 0 to 40 of 41]
286.36578,281.46576,284.26578,282.86578,283.56577,284.66577,295.86578,303.96576,303.66577,306.06577,302.06577,304.46576,305.46576,305.36578,305.46576,306.86578,307.56577,306.86578,307.96576,303.06577,304.76578,299.06577,297.36578,290.26578,292.66577,291.66577,284.36578,276.06577,278.96576,279.86578,277.06577,276.76578,288.96576,297.06577,297.76578,297.66577,299.86578,299.76578,299.96576,299.96576,300.76578
273.56577,286.46576,282.76578,282.76578,283.16577,283.66577,300.96576,300.16577,300.86578,304.46576,305.26578,302.96576,304.36578,305.16577,306.06577,304.56577,305.86578,307.46576,305.96576,305.86578,304.76578,301.86578,293.26578,282.06577,273.16577,273.46576,281.16577,276.26578,279.76578,274.46576,283.56577,271.36578,283.96576,266.26578,268.86578,294.16577,292.96576,296.56577,299.26578,291.66577,281.76578
290.66577,282.66577,282.16577,282.66577,282.96576,296.36578,300.66577,300.56577,300.16577,300.06577,300.96576,302.26578,303.36578,303.86578,302.56577,304.76578,304.06577,304.46576,304.86578,305.56577,306.16577,303.96576,299.06577,290.26578,289.56577,288.06577,285.36578,284.96576,282.76578,277.96576,273.06577,275.56577,284.06577,283.76578,285.16577,286.16577,275.86578,281.06577,283.06577,280.16577,273.86578
293.86578,283.26578,281.96576,282.06577,285.86578,293.76578,296.56577,300.36578,301.46576,301.66577,299.56577,298.46576,286.46576,287.26578,302.66577,303.56577,302.66577,303.76578,303.86578,304.16577,297.16577,289.26578,293.66577,298.86578,296.66577,295.96576,291.96576,285.46576,284.46576,285.86578,287.76578,287.36578,297.16577,295.86578,294.16577,290.26578,278.36578,269.86578,284.36578,292.16577,295.46576
292.36578,284.36578,282.96576,283.56577,287.56577,295.26578,302.06577,301.96576,302.06577,301.36578,297.36578,297.56577,285.86578,285.86578,284.76578,302.66577,302.86578,300.76578,300.96576,295.56577,294.76578,299.56577,293.96576,294.56577,296.86578,297.16577,294.26578,289.36578,294.96576,292.36578,292.16577,291.76578,278.26578,272.26578,287.66577,297.26578,289.66577,300.26578,299.76578,298.86578,298.36578
295.46576,297.16577,284.16577,282.86578,281.46576,282.26578,300.06577,301.56577,300.66577,298.76578,298.86578,300.06577,286.76578,284.66577,287.06577,300.06577,300.66577,301.66577,300.56577,299.06577,297.56577,294.86578,295.26578,291.16577,295.26578,292.76578,292.16577,271.96576,295.46576,294.96576,295.86578,295.56577,292.36578,292.06577,289.76578,287.26578,284.46576,286.36578,295.46576,298.96576,297.46576
297.26578,299.16577,295.76578,295.86578,292.26578,299.26578,301.26578,301.86578,301.46576,300.76578,299.06577,293.46576,297.06577,296.06577,295.26578,295.56577,295.46576,297.36578,298.76578,296.36578,293.96576,293.66577,292.96576,292.66577,292.06577,292.56577,291.56577,291.66577,292.56577,289.26578,290.06577,292.56577,291.16577,292.16577,292.86578,291.06577,286.96576,284.16577,282.56577,283.76578,291.76578
296.36578,297.06577,298.06577,303.66577,302.36578,300.46576,302.56577,298.46576,297.46576,297.26578,295.86578,294.46576,293.86578,292.36578,292.16577,292.96576,292.76578,292.76578,291.66577,291.46576,290.16577,289.66577,288.86578,288.96576,288.06577,286.56577,286.46576,288.66577,286.26578,287.96576,284.16577,281.96576,282.26578,279.96576,282.06577,284.56577,287.86578,273.06577,293.36578,293.66577,290.36578
297.66577,299.66577,300.16577,299.76578,298.76578,300.06577,298.66577,297.36578,295.36578,293.26578,292.26578,291.06577,290.66577,292.16577,291.06577,290.76578,289.36578,288.66577,287.66577,287.56577,286.96576,287.06577,285.56577,285.46576,284.46576,283.76578,283.46576,282.86578,281.96576,280.66577,280.86578,280.76578,279.96576,278.46576,278.76578,277.46576,282.96576,282.06577,273.16577,273.36578,272.46576
296.16577,297.06577,294.46576,297.96576,294.66577,296.26578,294.26578,295.46576,295.16577,292.86578,291.46576,291.26578,291.06577,290.26578,289.56577,289.56577,288.66577,288.26578,287.46576,286.36578,286.06577,285.66577,285.66577,285.36578,285.86578,284.06577,283.96576,282.96576,281.66577,280.76578,280.76578,282.26578,282.46576,282.56577,281.76578,280.26578,276.46576,278.56577,273.16577,278.06577,274.06577
295.76578,297.16577,290.66577,293.36578,291.36578,294.56577,294.06577,293.96576,292.46576,291.96576,290.86578,290.86578,290.96576,289.96576,290.46576,289.56577,287.76578,287.86578,286.76578,286.66577,286.96576,285.66577,285.56577,284.66577,283.76578,283.16577,281.06577,282.86578,282.76578,282.96576,282.66577,282.16577,281.96576,282.26578,282.76578,280.26578,274.16577,271.56577,275.36578,280.76578,276.46576
292.16577,293.36578,292.66577,291.86578,292.16577,293.26578,293.06577,291.76578,292.96576,290.96576,288.16577,289.66577,290.36578,288.36578,288.76578,288.76578,288.16577,286.86578,286.36578,285.26578,282.96576,282.96576,282.36578,282.66577,281.66577,281.96576,280.96576,282.06577,282.56577,281.76578,280.66577,280.86578,280.76578,279.06577,279.56577,279.16577,278.56577,277.36578,275.56577,275.76578,275.46576
288.36578,290.56577,292.66577,294.16577,294.06577,293.06577,293.16577,294.16577,294.56577,292.66577,289.06577,286.86578,290.26578,287.66577,288.76578,287.86578,287.36578,286.66577,286.46576,283.66577,283.76578,281.56577,280.86578,279.86578,280.76578,280.86578,281.66577,280.46576,279.76578,279.36578,279.16577,278.86578,278.06577,277.86578,278.36578,278.36578,276.66577,277.56577,276.36578,276.36578,275.76578
289.96576,290.36578,281.46576,292.26578,292.16577,291.46576,291.56577,290.86578,291.66577,292.06577,290.16577,287.46576,287.16577,289.36578,289.26578,288.66577,287.66577,285.96576,285.16577,283.56577,282.46576,281.16577,281.16577,280.56577,280.36578,280.26578,279.86578,279.06577,277.56577,276.66577,275.96576,275.76578,275.56577,274.86578,274.86578,274.66577,274.96576,274.96576,274.86578,273.56577,275.36578
290.06577,291.06577,273.36578,290.16577,290.06577,288.76578,290.06577,289.36578,290.46576,289.76578,288.96576,288.06577,285.66577,286.76578,287.16577,287.66577,286.26578,284.26578,284.16577,282.96576,281.76578,280.16577,279.76578,278.66577,278.36578,277.66577,277.46576,276.26578,275.26578,274.06577,274.46576,273.56577,274.46576,274.66577,274.56577,274.46576,275.46576,274.06577,274.76578,274.66577,274.56577
