wind.json
{"header": {"discipline":0,"disciplineName":"Meteorological products","gribEdition":2,"gribLength":1211,"center":7,"centerName":"US National Weather Service - NCEP(WMC)","subcenter":0,"refTime":"2023-06-29T18:00:00.000Z","significanceOfRT":1,"significanceOfRTName":"Start of forecast","productStatus":0,"productStatusName":"Operational products","productType":1,"productTypeName":"Forecast products","productDefinitionTemplate":0,"productDefinitionTemplateName":"Analysis/forecast at horizontal level/layer at a point in time","parameterCategory":2,"parameterCategoryName":"UnknownDiscipline_0_Category_2","parameterNumber":2,"parameterNumberName":"UnknownParameter_D0_C2_2","parameterUnit":"Unknown","genProcessType":2,"genProcessTypeName":"Forecast","forecastTime":60,"surface1Type":103,"surface1TypeName":"Specified height level above ground","surface1Value":10.0,"surface2Type":255,"surface2TypeName":"Missing","surface2Value":0.0,"gridDefinitionTemplate":0,"gridDefinitionTemplateName":"Latitude_Longitude","numberPoints":688,"shape":6,"shapeName":"Earth spherical with radius of 6,371,229.0 m","gridUnits":"degrees","resolution":48,"winds":"true","scanMode":64,"nx":43,"ny":16,"basicAngle":0,"lo1":45.0,"la1":40.0,"lo2":87.0,"la2":55.0,"dx":1.0,"dy":1.0}, "data":
[rows 0 to 15 of 16, columns 0 to 42 of 43]
1.179298,-2.8007019,-2.470702,-1.9907019,0.9292981,1.7692981,-0.030701904,-0.4807019,-0.010701904,-0.9007019,2.239298,2.089298,4.469298,5.3192983,4.3192983,5.219298,2.9692981,1.7592981,4.0892982,6.889298,5.609298,3.779298,3.4492981,-0.5207019,1.5792981,2.259298,0.7292981,0.7492981,-0.070701905,-0.9007019,-1.2307019,-0.1207019,0.3292981,0.2292981,-1.2407019,-1.9307019,-2.5907018,-1.4107019,-0.4207019,-0.8007019,-0.9007019,0.6292981,1.4992981
-1.8407019,1.6092981,-0.010701904,1.8992981,-2.450702,2.1992981,0.52929807,-0.3707019,1.4492981,1.9992981,1.9592981,2.819298,2.739298,4.329298,5.669298,6.249298,4.939298,5.489298,4.579298,9.8492985,6.309298,5.389298,5.349298,2.579298,3.1592982,5.0692983,-0.9307019,1.0892981,4.179298,2.1892982,0.7492981,2.6292982,0.9392981,0.5992981,0.3992981,0.3292981,1.169298,2.109298,3.4092982,3.019298,2.9492981,2.2192981,4.489298
-2.2807019,0.8692981,0.7492981,-3.970702,0.3492981,0.9992981,4.0892982,2.989298,3.9592981,2.1792982,3.1892982,2.989298,4.849298,4.609298,5.0892982,5.199298,5.619298,5.489298,9.649298,7.119298,5.269298,3.739298,3.6492982,2.579298,3.259298,4.699298,1.5092981,-0.9507019,0.4992981,-0.2207019,2.079298,1.799298,0.7192981,0.6092981,0.1492981,0.5692981,-0.2507019,2.9692981,3.8792982,0.2792981,0.47929808,-2.020702,0.4692981
-1.1807019,-0.15070191,-0.1707019,1.8392981,4.369298,5.429298,5.379298,6.829298,6.879298,5.889298,5.789298,5.139298,4.519298,5.949298,4.5692983,5.109298,7.599298,6.679298,9.679298,7.3192983,3.3992982,0.5792981,-3.160702,1.3892981,3.3892982,6.439298,-1.9707019,-3.760702,-4.2407017,-3.190702,2.6492982,-0.1907019,2.089298,-1.3907019,0.3192981,0.4692981,0.6892981,1.539298,1.9792981,-0.8507019,6.269298,4.999298,2.369298
2.3992982,4.079298,4.599298,5.519298,6.539298,5.989298,5.399298,6.859298,6.219298,7.739298,7.119298,6.209298,6.479298,6.939298,4.599298,6.439298,6.959298,9.189298,6.699298,6.109298,3.999298,1.049298,0.1992981,-1.3607019,-5.710702,-6.800702,-7.650702,-8.980701,-8.420702,-9.550702,-6.150702,-2.480702,-3.2907019,-2.770702,-4.420702,-0.5607019,0.5992981,0.4392981,1.3392981,1.429298,-0.6907019,0.5492981,1.8892981
4.5492983,5.0292983,5.919298,7.249298,7.949298,7.5892982,7.349298,8.269299,7.729298,8.739298,8.179298,7.389298,7.579298,8.409298,5.659298,7.159298,7.379298,6.769298,5.959298,2.1992981,0.9192981,-1.1307019,-7.670702,-7.280702,-9.300702,-10.120702,-10.380702,-10.610702,-12.1907015,-9.640702,-10.1907015,-9.530702,-8.170702,-4.580702,1.2292981,1.299298,-1.8407019,-2.230702,2.089298,-0.36070192,1.799298,2.6792982,-0.1907019
5.159298,5.0492983,5.689298,6.7992983,7.2792983,7.869298,7.869298,6.659298,7.859298,7.669298,7.789298,7.659298,7.579298,7.629298,6.649298,5.329298,5.419298,-1.7307019,1.8392981,-2.930702,-6.110702,-6.820702,-7.360702,-8.020702,-7.9307017,-9.760702,-9.590702,-11.390702,-10.390702,-5.620702,-9.830702,-9.210702,-8.500702,-6.980702,-5.4907017,-3.690702,-2.710702,3.1292982,2.4292982,4.0892982,3.9292982,2.599298,2.739298
4.399298,5.179298,6.149298,6.959298,7.829298,7.2992983,7.039298,7.5292983,6.809298,6.5692983,7.099298,7.5492983,6.419298,7.3192983,6.429298,4.789298,2.839298,3.849298,0.15929809,-4.850702,-4.650702,-5.210702,-6.170702,-5.850702,-6.400702,-7.270702,-7.760702,-7.9307017,-7.6607018,-6.4907017,-6.000702,-6.130702,-6.340702,-7.000702,-5.6807017,-3.3707018,-1.7807019,0.4392981,0.4892981,-1.070702,4.629298,-0.2807019,4.949298
5.0092983,5.159298,5.3192983,5.749298,6.5092983,6.309298,6.389298,7.359298,8.359298,6.449298,6.5292983,5.5692983,5.329298,6.179298,5.5892982,4.309298,3.6892982,1.3392981,1.289298,-1.6007019,-2.920702,-3.7807019,-3.380702,-3.130702,-3.270702,-3.5807018,-3.7907019,-4.070702,-3.930702,-3.3507018,-4.210702,-4.560702,-5.130702,-4.750702,-4.650702,-4.460702,-3.220702,-0.6807019,2.319298,4.659298,6.959298,6.949298,5.649298
5.379298,5.739298,5.5692983,5.039298,5.789298,5.889298,6.019298,5.519298,6.359298,6.2792983,5.5892982,5.039298,4.389298,5.329298,4.559298,2.8792982,0.6192981,0.3192981,4.699298,-0.2507019,0.3192981,0.0992981,-1.710702,-0.1407019,-0.4607019,0.5092981,0.5992981,-1.820702,-1.6407019,-0.5707019,-1.5607018,-2.0907018,-3.0807018,-4.1607018,-4.110702,-2.990702,-1.2407019,0.7992981,-0.2207019,-0.8907019,-0.6407019,0.41929808,-0.7907019
5.969298,5.8192983,6.059298,5.0092983,5.0892982,5.159298,5.0092983,4.269298,5.649298,5.0292983,4.379298,3.6692982,3.819298,4.669298,0.4092981,2.729298,1.1392981,2.4192982,-1.710702,-2.020702,3.299298,1.1592981,0.7092981,-0.7107019,-2.5907018,-2.8407018,-1.690702,-1.7407019,-1.8807019,-2.8407018,-3.140702,-3.0307019,-3.3207018,-4.010702,-2.5507019,-1.570702,-1.710702,-0.1607019,1.3392981,0.47929808,-0.5807019,-1.0007019,-0.09070191
6.389298,5.729298,5.809298,5.329298,4.619298,4.789298,4.949298,4.059298,4.2792983,2.6592982,1.559298,1.4092981,3.279298,3.739298,1.9092981,1.0792981,-4.130702,7.609298,-5.050702,2.009298,3.4392982,1.7292981,-1.0907019,-2.740702,-2.500702,-3.460702,-2.8107018,-2.3107018,-3.0307019,-3.220702,-3.400702,-4.340702,-3.660702,-3.3207018,-1.8507019,-1.6507019,-2.150702,-1.6707019,-0.3207019,0.20929809,1.3392981,-0.1207019,1.0892981
6.119298,5.179298,5.139298,4.099298,4.019298,4.309298,4.539298,3.739298,3.309298,2.369298,2.2192981,1.3392981,2.599298,2.8792982,2.789298,4.0292983,4.149298,3.989298,4.079298,1.2492981,1.8592981,2.1292982,-1.6507019,-2.960702,-3.3007019,-3.230702,-3.3307018,-3.0707018,-3.3107018,-3.470702,-3.930702,-3.3107018,-2.3307018,-0.9807019,-1.4307019,-0.2407019,-1.3907019,-0.6707019,-0.1407019,-0.8307019,0.019298095,2.3792982,0.41929808
5.599298,5.309298,4.389298,4.169298,4.3192983,3.859298,4.0092983,3.4092982,4.409298,3.1492982,3.109298,1.5692981,2.579298,4.0492983,4.409298,4.699298,4.5892982,1.9592981,10.249298,3.2192981,3.1792982,2.329298,-2.130702,-2.920702,-2.450702,-2.220702,-1.7707019,-2.230702,-3.0607018,-2.8007019,-1.9207019,-0.8207019,-0.5007019,-0.5307019,-0.2407019,2.2092981,2.079298,2.359298,2.1592982,1.1992981,-0.2807019,1.1592981,1.1592981
5.389298,4.399298,4.379298,4.469298,3.079298,4.189298,4.699298,3.849298,4.019298,3.279298,3.4292982,2.029298,1.8492981,4.499298,6.359298,3.9292982,4.419298,1.4092981,0.3292981,1.6292981,-0.1707019,-1.960702,-2.7907019,-3.140702,-2.720702,-2.400702,-2.5507019,-2.410702,-1.4207019,-0.72070193,-0.72070193,0.3192981,-0.4207019,0.2892981,-0.6507019,0.7092981,1.6292981,-0.040701903,-0.2107019,0.9392981,2.069298,0.47929808,1.309298
5.249298,4.5492983,3.549298,4.389298,3.839298,4.369298,4.379298,4.699298,4.599298,3.479298,2.029298,0.069298096,0.7492981,4.859298,5.2992983,2.579298,-1.1607019,0.2692981,0.4992981,-0.7507019,-2.3307018,-3.170702,-3.010702,-2.6107018,-2.0807018,-1.2707019,-0.7807019,-0.4607019,-0.100701906,0.079298094,0.6792981,0.6792981,-0.7407019,0.4992981,0.9692981,-1.0507019,3.2192981,0.5592981,0.109298095,0.7892981,0.7892981,1.2192981,-0.23070191
