wind_kz.json
{"header": {"discipline":0,"disciplineName":"Meteorological products","gribEdition":2,"gribLength":871,"center":7,"centerName":"US National Weather Service - NCEP(WMC)","subcenter":0,"refTime":"2023-08-24T18:00:00.000Z","significanceOfRT":1,"significanceOfRTName":"Start of forecast","productStatus":0,"productStatusName":"Operational products","productType":1,"productTypeName":"Forecast products","productDefinitionTemplate":0,"productDefinitionTemplateName":"Analysis/forecast at horizontal level/layer at a point in time","parameterCategory":0,"parameterCategoryName":"UnknownDiscipline_0_Category_0","parameterNumber":0,"parameterNumberName":"UnknownParameter_D0_C0_0","parameterUnit":"Unknown","genProcessType":2,"genProcessTypeName":"Forecast","forecastTime":120,"surface1Type":1,"surface1TypeName":"Ground or water surface","surface1Value":0.0,"surface2Type":255,"surface2TypeName":"Missing","surface2Value":0.0,"gridDefinitionTemplate":0,"gridDefinitionTemplateName":"Latitude_Longitude","numberPoints":615,"shape":6,"shapeName":"Earth spherical with radius of 6,371,229.0 m","gridUnits":"degrees","resolution":48,"winds":"true","scanMode":64,"nx":41,"ny":15,"basicAngle":0,"lo1":47.0,"la1":41.0,"lo2":87.0,"la2":55.0,"dx":1.0,"dy":1.0}, "data":
[rows 0 to 14 of 15, columns 0 to 40 of 41]
295.32358,286.72357,289.72357,299.32358,299.32358,298.5236,298.6236,300.92358,299.32358,299.72357,298.0236,299.82358,297.92358,299.6236,300.82358,299.1236,296.5236,297.42358,293.6236,297.42358,296.72357,292.32358,291.6236,292.22357,293.5236,293.1236,290.22357,277.92358,277.6236,273.72357,274.42358,274.92358,289.72357,297.32358,299.42358,298.32358,298.1236,299.22357,299.0236,298.92358,297.6236
278.42358,288.92358,298.92358,299.22357,299.42358,298.22357,297.22357,296.5236,297.22357,298.1236,298.5236,295.92358,294.72357,292.92358,295.5236,295.6236,295.92358,293.32358,293.32358,293.5236,291.82358,293.42358,293.5236,286.32358,276.1236,272.42358,283.92358,276.72357,279.32358,271.92358,280.1236,271.1236,282.42358,258.92358,279.6236,296.22357,294.5236,297.32358,299.82358,291.32358,284.0236
291.92358,298.6236,299.22357,299.22357,298.0236,292.42358,292.22357,292.1236,291.72357,292.0236,291.72357,293.1236,291.6236,292.0236,292.1236,291.6236,291.0236,291.5236,291.72357,292.1236,294.1236,293.5236,290.22357,289.72357,290.72357,291.6236,291.92358,289.1236,289.82358,282.22357,270.72357,273.32358,281.1236,280.82358,283.0236,284.6236,279.0236,279.92358,282.22357,277.5236,277.1236
288.1236,299.32358,299.32358,298.5236,295.1236,289.92358,290.42358,289.1236,289.42358,289.22357,290.0236,290.32358,295.22357,294.5236,290.5236,291.32358,290.6236,292.72357,291.22357,290.32358,291.42358,289.42358,296.1236,295.72357,294.82358,296.42358,297.22357,293.32358,292.6236,291.92358,291.82358,290.92358,294.32358,288.92358,289.22357,288.6236,279.32358,279.0236,281.5236,288.92358,293.22357
292.22357,298.92358,299.32358,299.1236,296.0236,291.22357,290.72357,290.92358,290.0236,290.32358,289.6236,289.42358,295.0236,293.72357,291.32358,288.22357,291.32358,292.0236,289.82358,293.72357,292.82358,293.0236,291.82358,293.42358,293.0236,293.82358,294.6236,292.82358,295.0236,293.82358,296.6236,290.42358,280.6236,267.32358,281.32358,291.72357,293.6236,296.82358,296.32358,297.0236,296.0236
288.22357,286.42358,297.0236,298.22357,299.0236,298.6236,291.0236,291.92358,291.0236,290.22357,289.6236,288.92358,293.42358,294.42358,291.5236,287.92358,290.22357,288.0236,288.92358,291.42358,291.0236,292.92358,290.1236,291.0236,289.82358,291.72357,293.92358,293.22357,296.5236,296.32358,294.42358,294.72357,292.1236,289.6236,288.1236,291.92358,284.6236,288.1236,293.92358,295.22357,294.1236
287.42358,285.92358,289.82358,289.22357,292.42358,289.22357,290.72357,293.1236,291.6236,290.72357,288.92358,288.82358,287.0236,287.1236,288.1236,289.0236,289.1236,289.92358,289.32358,287.22357,286.82358,289.1236,292.0236,291.6236,289.6236,291.1236,291.92358,294.1236,293.92358,294.92358,293.82358,292.82358,292.82358,292.92358,291.92358,290.32358,285.6236,282.5236,280.32358,277.72357,289.5236
287.92358,287.72357,290.5236,289.82358,291.22357,290.42358,290.42358,290.6236,287.32358,286.5236,286.22357,285.92358,285.82358,286.92358,287.6236,288.42358,289.32358,287.6236,287.92358,285.22357,286.6236,285.82358,287.22357,290.0236,288.22357,284.92358,286.22357,290.72357,290.32358,292.5236,290.72357,291.22357,289.32358,285.92358,285.92358,289.6236,289.92358,289.22357,289.42358,288.82358,285.22357
287.32358,287.6236,287.82358,287.1236,289.42358,290.82358,288.22357,288.32358,286.92358,285.32358,284.22357,282.42358,283.6236,283.22357,285.22357,286.82358,287.22357,287.72357,287.5236,284.5236,282.72357,283.0236,284.32358,285.32358,286.22357,287.6236,284.82358,283.42358,289.22357,287.92358,288.92358,287.5236,289.0236,289.5236,289.0236,286.72357,285.72357,285.92358,274.32358,274.0236,272.82358
286.22357,287.22357,287.0236,287.32358,287.0236,286.5236,286.32358,286.92358,284.82358,282.1236,282.82358,280.5236,280.6236,282.0236,281.0236,282.92358,285.22357,286.1236,286.32358,284.1236,282.92358,283.5236,283.82358,284.32358,285.82358,285.82358,285.82358,285.6236,283.92358,289.0236,290.6236,290.92358,292.32358,292.0236,289.92358,287.0236,285.92358,281.72357,275.92358,278.1236,276.72357
285.6236,285.22357,285.42358,288.72357,285.72357,285.5236,284.92358,286.92358,284.32358,281.5236,282.22357,280.22357,281.22357,280.32358,281.82358,280.1236,283.1236,284.1236,285.32358,284.6236,283.42358,282.82358,281.82358,281.82358,282.32358,285.32358,284.5236,287.22357,287.42358,288.92358,294.0236,293.0236,291.72357,292.92358,291.72357,288.22357,283.72357,279.92358,278.82358,280.0236,278.1236
283.22357,284.82358,284.72357,286.0236,287.32358,284.42358,286.6236,285.42358,284.42358,283.22357,281.32358,279.92358,281.32358,279.42358,279.0236,280.6236,281.5236,283.32358,283.32358,283.5236,282.5236,280.42358,280.42358,280.82358,281.32358,284.5236,285.92358,289.42358,290.72357,289.82358,291.82358,291.42358,291.22357,288.92358,290.0236,288.92358,288.82358,286.72357,285.82358,284.22357,283.0236
281.82358,281.72357,284.22357,287.32358,284.72357,287.5236,286.42358,282.72357,282.6236,282.22357,280.82358,279.42358,281.6236,281.1236,279.32358,278.0236,280.1236,279.72357,283.42358,280.6236,280.1236,279.72357,279.0236,279.0236,281.22357,283.0236,286.82358,287.42358,289.0236,289.82358,292.5236,291.1236,289.5236,289.5236,289.42358,289.1236,287.82358,288.72357,286.32358,284.42358,284.0236
281.1236,284.22357,287.22357,285.32358,284.6236,286.82358,286.0236,282.6236,283.22357,282.6236,280.92358,279.5236,280.5236,280.92358,282.5236,281.92358,281.32358,280.1236,282.72357,282.22357,281.32358,279.42358,280.22357,280.92358,282.1236,284.22357,285.92358,287.22357,287.82358,291.5236,292.0236,290.6236,289.22357,287.82358,288.0236,287.32358,286.0236,285.72357,285.32358,283.72357,284.32358
281.32358,283.92358,290.5236,284.72357,286.6236,286.0236,285.6236,283.0236,284.42358,282.72357,282.6236,281.32358,280.6236,281.82358,282.72357,283.5236,282.6236,280.1236,280.92358,282.92358,282.42358,282.0236,282.0236,281.22357,282.42358,283.5236,285.72357,287.0236,289.22357,291.72357,288.6236,287.32358,287.92358,287.0236,286.6236,287.32358,287.6236,286.42358,286.32358,285.1236,284.42358
