wind_kz.json
{"header": {"discipline":0,"disciplineName":"Meteorological products","gribEdition":2,"gribLength":1025,"center":7,"centerName":"US National Weather Service - NCEP(WMC)","subcenter":0,"refTime":"2024-02-03T12:00:00.000Z","significanceOfRT":1,"significanceOfRTName":"Start of forecast","productStatus":0,"productStatusName":"Operational products","productType":1,"productTypeName":"Forecast products","productDefinitionTemplate":0,"productDefinitionTemplateName":"Analysis/forecast at horizontal level/layer at a point in time","parameterCategory":2,"parameterCategoryName":"UnknownDiscipline_0_Category_2","parameterNumber":3,"parameterNumberName":"UnknownParameter_D0_C2_3","parameterUnit":"Unknown","genProcessType":2,"genProcessTypeName":"Forecast","forecastTime":240,"surface1Type":103,"surface1TypeName":"Specified height level above ground","surface1Value":10.0,"surface2Type":255,"surface2TypeName":"Missing","surface2Value":0.0,"gridDefinitionTemplate":0,"gridDefinitionTemplateName":"Latitude_Longitude","numberPoints":615,"shape":6,"shapeName":"Earth spherical with radius of 6,371,229.0 m","gridUnits":"degrees","resolution":48,"winds":"true","scanMode":64,"nx":41,"ny":15,"basicAngle":0,"lo1":47.0,"la1":41.0,"lo2":87.0,"la2":55.0,"dx":1.0,"dy":1.0}, "data":
[rows 0 to 14 of 15, columns 0 to 40 of 41]
0.40809083,0.8680908,1.6380908,8.338091,4.3080907,2.338091,4.0980906,2.6880908,1.6780908,0.58809084,-1.2719092,-1.3119092,-2.6019092,-4.121909,-5.811909,-5.851909,-6.031909,-3.2219093,-6.141909,-5.411909,-5.271909,-5.161909,-2.8119092,1.2580909,2.7280908,-0.3219092,-0.36190918,4.738091,1.5680908,-3.5419092,-4.6319094,-3.911909,0.9180908,1.1980908,1.0580908,1.1080909,2.2580907,2.2080908,2.4280908,2.048091,2.2880907
5.008091,1.9180908,0.5580908,4.228091,4.5380907,4.1380906,4.698091,3.098091,2.2480907,0.83809084,-0.15190917,-2.0519092,-3.8819091,-4.081909,-5.9019094,-6.2319093,-4.3619094,-5.821909,-6.851909,-7.641909,-7.2119093,-5.9619093,-4.511909,2.598091,0.7980908,2.1280909,-0.2919092,1.5580908,-0.02190918,1.3380908,-1.1719092,-2.911909,-2.0919092,-2.2319093,-2.8919091,-2.1019092,0.8180908,0.07809082,-0.18190917,0.6180908,-0.5619092
-1.3419092,1.8380908,5.478091,4.738091,3.1480908,4.3880906,3.7080908,3.6180909,3.048091,0.7880908,-1.1619092,-2.5919092,-3.681909,-4.071909,-4.6319094,-5.011909,-5.5019093,-5.621909,-6.851909,-8.2619095,-8.401909,-3.8519092,-5.351909,-0.59190917,-3.8219092,-3.9819093,-2.9919093,-2.201909,-2.0319092,2.2880907,-3.191909,-1.4119092,-3.1119092,-1.3019092,0.25809082,1.1880908,-3.5419092,0.04809082,-0.02190918,-0.8319092,2.4080908
-0.54190916,-0.8319092,2.2480907,3.9280908,5.1180906,5.068091,5.198091,3.4080908,3.4480908,2.6180909,-0.23190919,-2.7419093,-3.951909,-4.7519093,-4.7519093,-5.571909,-6.271909,-6.541909,-7.101909,-8.131909,-8.321909,-3.161909,-6.6119094,-6.3619094,-6.491909,-6.6919093,-5.5919094,-1.6119092,-5.761909,-6.8419094,-6.851909,-5.431909,-1.7819092,3.4080908,0.8480908,2.2080908,4.478091,4.458091,1.3680909,0.83809084,-2.911909
-1.4219092,-2.451909,-2.8719091,-2.451909,1.8580909,2.6580908,2.838091,4.258091,4.428091,1.7380909,0.4580908,-1.4519092,-3.7719092,-4.741909,-5.411909,-5.431909,-6.0019093,-5.851909,-5.951909,-6.531909,-6.871909,-6.6919093,-7.201909,-6.351909,-6.3419094,-6.311909,-5.301909,-8.10191,-6.4019094,-5.581909,-5.1119094,-2.7319093,3.6080909,1.3380908,-0.31190917,0.9480908,1.0280908,-0.0019091797,-1.9719092,-3.191909,-3.5919092
0.4880908,0.3980908,-1.1419091,-1.5919092,-1.2919092,-0.5119092,2.808091,3.8680909,2.838091,2.5180907,1.2980908,-0.5119092,-3.411909,-5.4819093,-5.321909,-5.561909,-6.1119094,-5.551909,-5.061909,-5.2119093,-5.6519094,-6.531909,-6.7119093,-6.721909,-6.7119093,-6.101909,-8.131909,-7.931909,-6.851909,-7.431909,-7.051909,-6.9019094,-4.8419094,-3.2619092,0.02809082,-3.931909,-1.7419091,-3.2319093,1.2980908,-1.7019092,-0.5719092
0.9780908,1.7880908,2.5380907,2.4880908,2.1180909,2.8980908,2.5380907,2.318091,1.8480908,1.2880908,-0.07190918,-0.6219092,-2.6019092,-4.241909,-5.3619094,-5.491909,-5.301909,-5.031909,-3.4919093,-3.3319092,-4.601909,-5.4619093,-6.021909,-5.761909,-6.451909,-5.351909,-6.9219093,-7.581909,-5.051909,-7.491909,-5.991909,-6.791909,-6.561909,-7.4019094,-1.5819092,0.8680908,1.9880909,0.9780908,-0.8719092,0.37809083,-0.78190917
0.6780908,2.298091,2.6380908,3.348091,1.8980908,2.7880907,2.5080907,2.318091,1.9680908,1.8180908,0.49809083,0.04809082,-2.2819092,-2.7119093,-4.471909,-4.291909,-5.011909,-4.7519093,-4.431909,-1.9819092,-3.5119092,-4.1719093,-5.0919094,-5.1319094,-4.391909,-3.8519092,-6.161909,-4.911909,-5.4819093,-4.4419093,-4.301909,-5.6519094,-5.8819094,-8.951909,-6.081909,-5.791909,-4.741909,-2.0719092,-1.9519092,-0.23190919,-0.6219092
1.7880908,1.9180908,1.2780908,1.3780909,1.3580909,1.3180908,1.3980908,1.8880908,2.1080909,1.5680908,0.90809083,0.02809082,-0.2619092,-1.7919092,-2.4619093,-3.691909,-3.451909,-4.0919094,-4.041909,-3.6019092,-1.7219092,-3.3519092,-4.201909,-4.0919094,-4.061909,-3.681909,-2.8419092,-3.7919092,-6.2519093,-6.741909,-7.5019093,-7.641909,-7.741909,-6.4819093,-5.5019093,-6.031909,-4.511909,-4.0919094,0.24809082,2.2480907,2.2180908
0.7980908,1.0080909,0.8680908,1.0380908,1.3380908,1.2380909,1.7480909,1.8880908,1.9580908,1.8280908,1.5580908,1.0380908,0.63809085,-0.46190917,-1.2919092,-2.0519092,-2.421909,-2.8819091,-2.5819092,-2.5219092,-1.8819091,-2.7419093,-2.7119093,-3.0719092,-3.0219092,-2.201909,-2.1219091,-2.681909,-3.2219093,-4.031909,-5.791909,-6.351909,-5.701909,-3.5219092,-1.6519092,-3.3719091,-1.0619092,-1.1919092,0.82809085,0.9180908,2.0280907
1.4180908,1.7280908,1.9780908,1.2780908,1.0280908,1.9280908,2.3880908,2.6080909,1.8680909,1.9780908,1.4380908,1.0480908,0.37809083,0.40809083,-0.72190917,-1.2819092,-1.6719092,-2.431909,-2.201909,-2.7619092,-2.5819092,-2.3019092,-2.9719093,-2.671909,-1.9519092,-1.6619092,-3.5219092,-4.391909,-4.351909,-4.761909,-5.121909,-4.871909,-3.5119092,-1.6719092,-0.54190916,0.08809082,-0.61190915,-1.4319092,-2.1219091,-3.151909,-2.3819091
1.7080908,1.9080908,2.298091,2.8680909,3.2180908,3.098091,3.1680908,3.558091,2.598091,2.9280908,1.0780908,-0.33190918,0.15809081,0.23809081,0.17809083,-0.4419092,-1.1919092,-1.0019091,-1.8019092,-2.0919092,-2.3319092,-2.931909,-2.2819092,-1.9219092,-2.7319093,-4.451909,-3.7719092,-4.331909,-4.7319093,-3.9919093,-3.5619092,-3.421909,-2.7819092,-1.9219092,-0.5819092,0.38809082,2.3580909,0.63809085,-0.37190917,-0.5119092,-1.3719091
2.8980908,3.6680908,2.9980907,3.4180908,3.2080908,2.7780907,3.088091,4.278091,4.6580906,2.078091,1.6680908,1.6980908,1.6680908,1.8880908,1.3380908,0.57809085,-0.54190916,-1.0919092,-1.3819091,-1.4019092,-1.2419091,-1.7319092,-1.7819092,-3.0219092,-4.9419093,-4.431909,-4.8619094,-4.311909,-3.8319092,-3.8119092,-3.8319092,-3.8419092,-2.941909,-1.1119092,0.6080908,0.90809083,1.4880909,1.6880908,0.95809084,0.4280908,0.7480908
3.5380907,4.228091,4.878091,4.708091,3.6080909,3.4080908,3.0080907,4.0180907,2.9480908,3.328091,1.4880909,0.7880908,2.7080908,2.4280908,2.6480908,1.7680908,0.8680908,0.18809082,-0.49190918,-0.98190916,-1.4119092,-1.4519092,-2.0019093,-2.401909,-2.691909,-3.3019092,-4.301909,-4.4219093,-4.621909,-4.9419093,-4.871909,-4.801909,-4.5019093,-4.041909,-3.1019092,1.6380908,2.2180908,1.4880909,2.1180909,1.4380908,1.0980908
3.1180909,4.5780907,4.7680907,5.108091,5.128091,4.918091,3.7280908,4.108091,2.338091,2.818091,1.4780908,-1.1519092,-0.06190918,2.058091,3.7480907,2.808091,2.058091,0.6980908,0.34809083,-0.21190917,-0.92190915,-1.5319092,-2.431909,-3.2419093,-3.8419092,-4.281909,-4.831909,-4.991909,-5.021909,-5.051909,-5.741909,-5.6719093,-5.471909,-5.331909,-4.3419094,-4.061909,1.6580908,1.4380908,0.8580908,1.6280909,0.01809082
