wind_kz.json
{"header": {"discipline":0,"disciplineName":"Meteorological products","gribEdition":2,"gribLength":1025,"center":7,"centerName":"US National Weather Service - NCEP(WMC)","subcenter":0,"refTime":"2024-02-01T00:00:00.000Z","significanceOfRT":1,"significanceOfRTName":"Start of forecast","productStatus":0,"productStatusName":"Operational products","productType":1,"productTypeName":"Forecast products","productDefinitionTemplate":0,"productDefinitionTemplateName":"Analysis/forecast at horizontal level/layer at a point in time","parameterCategory":2,"parameterCategoryName":"UnknownDiscipline_0_Category_2","parameterNumber":2,"parameterNumberName":"UnknownParameter_D0_C2_2","parameterUnit":"Unknown","genProcessType":2,"genProcessTypeName":"Forecast","forecastTime":0,"surface1Type":103,"surface1TypeName":"Specified height level above ground","surface1Value":10.0,"surface2Type":255,"surface2TypeName":"Missing","surface2Value":0.0,"gridDefinitionTemplate":0,"gridDefinitionTemplateName":"Latitude_Longitude","numberPoints":615,"shape":6,"shapeName":"Earth spherical with radius of 6,371,229.0 m","gridUnits":"degrees","resolution":48,"winds":"true","scanMode":64,"nx":41,"ny":15,"basicAngle":0,"lo1":47.0,"la1":41.0,"lo2":87.0,"la2":55.0,"dx":1.0,"dy":1.0}, "data":
[rows 0 to 14 of 15, columns 0 to 40 of 41]
0.09233063,-0.5676694,-0.38766938,-1.8876693,1.2823306,4.2623305,2.0923307,2.9023306,2.7123306,3.0823307,3.5023305,3.9923306,4.482331,5.2323303,5.2823305,4.7423306,4.3223305,5.95233,4.8423305,6.5523305,4.002331,2.2123306,0.64233065,0.052330628,-0.19766937,-1.9576694,-2.6576693,-2.5176694,1.4223306,0.52233064,-1.2476693,0.6823306,0.26233062,0.35233063,2.1723306,1.5623306,0.08233063,-0.67766935,0.45233062,-0.25766936,0.22233063
0.70233065,-0.78766936,-0.9576694,1.7223306,2.8623307,2.6423306,-0.17766938,-1.0976694,2.1523306,3.1823306,4.212331,3.5223305,3.3623307,3.7323306,4.9523306,6.08233,5.87233,6.18233,5.9423304,7.1123304,6.72233,5.0823307,1.9623306,-1.9876693,0.042330626,0.042330626,-0.48766938,0.46233064,-2.9576693,-2.2076693,-0.14766937,-1.1276693,2.0623307,-0.33766937,-0.32766938,-0.6976694,-0.32766938,-0.13766937,0.95233065,0.38233063,-1.2376693
-1.3076694,-1.0076693,1.4323306,1.6623306,1.4023306,-0.7676694,0.9123306,2.4523306,3.2123306,4.2923307,4.1423306,5.7523303,5.66233,6.7123303,7.37233,6.83233,7.1523304,7.2323303,6.7323303,6.5423303,6.70233,5.8023305,4.5523305,6.5323305,-1.0376694,-0.37766936,0.63233066,2.3223307,-0.49766937,-0.6876694,-2.2576694,2.4823306,-0.43766937,-0.49766937,0.7423306,-0.66766936,-1.0376694,-0.0076693725,-0.077669375,1.0123307,0.08233063
-0.30766937,0.5423306,1.1623306,1.1623306,0.77233064,1.1323307,2.4023306,4.232331,4.7423306,5.7823305,6.1123304,7.6323304,10.502331,10.84233,8.31233,6.5723305,7.58233,7.47233,7.2723303,6.2323303,4.3923306,7.0423303,-0.54766935,7.2823305,6.4623303,2.7523305,-1.9576694,-3.3276694,-2.6676693,0.38233063,-0.7076694,-3.3976693,-3.4776695,-2.9576693,-2.4276693,-1.7476693,-1.9576694,-0.30766937,-0.22766937,0.19233063,0.27233064
0.14233063,0.26233062,0.8523306,1.9823307,3.0123305,3.8823307,4.3423305,5.1023307,5.7923303,6.14233,7.2123303,9.21233,10.85233,11.23233,11.292331,7.18233,6.6523304,7.6723304,5.9923306,6.08233,5.87233,5.6723304,5.72233,4.6523304,6.62233,0.7923306,0.18233062,-1.1876694,-1.7176694,-1.0576694,-0.8076694,-1.7676693,-2.8476694,-0.05766937,2.0823307,-0.39766937,-2.1976693,-1.8276694,-1.2876694,-1.0676694,-1.9976693
0.5023306,0.52233064,1.8523307,3.1223307,3.2623305,3.4723306,3.9523306,4.4323306,3.4723306,5.6323304,6.87233,7.0023303,10.27233,12.082331,9.242331,9.35233,8.76233,9.30233,8.10233,5.9023304,4.2723308,4.942331,4.5323305,4.3323307,4.0923305,3.6623306,3.6223307,-0.27766937,0.15233062,0.23233062,-0.26766938,-0.31766936,-1.3276694,-1.4776694,-1.6476693,-2.8176694,-0.4176694,0.6123306,0.97233063,-0.9976694,-1.8376694
1.1523306,2.5723307,2.9623306,3.6123307,3.5823307,3.7723305,4.1823306,3.6123307,4.1823306,5.35233,6.45233,6.97233,7.5923305,4.8723307,5.45233,6.64233,7.89233,7.64233,7.18233,4.6823306,3.3723307,2.8223307,2.7123306,2.9623306,3.8123307,2.8823307,0.76233065,-1.6576694,-1.9776694,-1.8176694,-1.7776694,-1.8276694,-0.79766935,-2.4876695,-3.3076694,-1.6176693,-1.0576694,1.7623307,-1.0176693,1.2023306,0.49233064
2.6123307,3.4023306,3.3523307,3.7323306,3.9423306,3.4123306,4.4523306,2.5423307,3.8123307,3.9023306,3.6123307,5.14233,4.3323307,3.4123306,5.5023303,6.1723304,6.5323305,5.5223303,5.1023307,2.5823307,2.0023305,0.43233064,1.1023307,1.8223306,2.5223305,1.8223306,-1.2476693,-2.3776693,-1.2676693,-0.78766936,-0.72766936,0.58233064,-1.3376694,0.5523306,1.3323306,-1.4076694,1.1623306,-1.5576694,-4.1676693,-4.8576694,-2.6476693
2.2523305,3.2123306,3.4223306,3.6923306,3.7223306,3.4123306,3.8423307,2.9323306,3.0023305,2.8723307,3.9023306,2.8123307,2.8223307,2.8623307,3.6823306,2.9523306,2.8623307,1.0923306,0.6823306,-0.84766936,-2.3576694,-0.67766935,0.23233062,1.3223306,1.3623307,0.8123306,-0.4176694,-0.27766937,0.46233064,-0.45766938,2.1523306,2.3623307,5.41233,1.0423306,0.062330626,-2.1276693,-0.66766936,0.35233063,-1.1376693,0.052330628,-1.9176694
2.5323305,3.0823307,3.3023307,3.3023307,3.6323307,2.9823306,3.1723306,1.8623307,2.2023306,1.8723307,3.3123307,2.2423306,1.2023306,2.2423306,1.8123306,1.2723306,0.63233066,-1.0176693,-2.4776695,-3.7276695,-3.5976694,-1.4576694,-0.71766937,0.49233064,0.22233063,0.11233063,0.47233063,1.4423306,0.9823306,1.7523307,1.3523307,3.0023305,2.4223306,0.8123306,-1.7576693,-0.5676694,-1.7976694,-0.9976694,-0.05766937,0.5523306,-1.6776694
1.6523306,2.6923306,2.8223307,2.2823305,2.9123306,1.8623307,1.9423306,2.0123305,2.1223307,1.2423307,2.2223306,1.7923306,0.38233063,0.31233063,1.0123307,0.53233063,-0.66766936,-0.8276694,-4.2176695,-3.2776694,-2.8376694,-2.7976694,-1.8976693,-1.5076693,-1.1776694,-0.5876694,0.37233064,0.63233066,0.6123306,0.072330624,0.072330624,-0.14766937,0.18233062,0.5523306,0.96233064,0.11233063,0.012330627,-0.45766938,-1.2076694,0.70233065,-1.4376694
1.2623307,2.2323306,2.4923306,2.5723307,1.9823307,1.2423307,0.6623306,0.83233064,1.6923306,0.95233065,-0.35766938,2.6823306,0.45233062,-0.4476694,0.77233064,-0.39766937,-0.26766938,-1.5876694,-3.4376693,-2.7476695,-3.8476694,-3.3176694,-3.4276693,-2.4576693,-1.5276694,-0.71766937,-0.7676694,0.12233063,1.3623307,0.53233063,1.1323307,1.8123306,1.6023307,1.1623306,1.5423306,3.1923306,2.5623307,-0.5076694,0.83233064,-0.45766938,-1.2376693
1.9523306,1.3023306,1.1623306,1.3923306,1.0723306,0.6723306,1.0023307,0.63233066,1.0223306,0.71233064,-0.40766937,1.0123307,0.82233065,0.64233065,-0.05766937,0.70233065,-0.85766935,-1.2376693,-0.22766937,-1.8076694,-1.6576694,-1.3876693,-0.46766937,-0.7676694,1.2523307,0.9923306,1.1123307,1.3423306,1.5323306,0.9223306,0.97233063,1.5823306,2.0423307,1.9223306,0.8023306,1.2223306,-0.39766937,-1.0576694,0.102330625,-1.4976693,-1.3376694
1.2923306,0.8023306,0.71233064,1.1523306,-0.017669372,0.52233064,0.8523306,-0.22766937,1.2123306,0.63233066,-0.4176694,0.3023306,1.8623307,1.3623307,1.0323306,0.22233063,0.72233063,-0.13766937,-1.0776694,-0.7476694,-0.9376694,-1.4376694,-0.7076694,0.3323306,0.022330627,-0.5876694,-0.40766937,0.71233064,0.08233063,-0.29766938,-0.017669372,-0.39766937,-0.40766937,-1.0676694,-1.7976694,-1.9476694,-1.8076694,-1.2676693,-1.2576693,-0.84766936,-0.49766937
0.71233064,0.09233063,1.5623306,1.2623307,1.2923306,0.6923306,1.5723306,0.5523306,1.1323307,-0.14766937,-0.8276694,0.13233063,0.6723306,1.5423306,0.70233065,0.76233065,0.8023306,0.83233064,0.6023306,-0.61766934,-0.30766937,0.09233063,0.03233063,-1.0476694,-1.2676693,-1.0376694,-1.0976694,-1.1476693,-1.5176693,-2.1576693,-2.0676694,-1.8476694,-1.9676694,-1.7376693,-1.6976694,-1.7076694,-1.6976694,-0.77766937,-2.1376693,-1.8176694,-1.0476694
