wind_kz.json
{"header": {"discipline":0,"disciplineName":"Meteorological products","gribEdition":2,"gribLength":1025,"center":7,"centerName":"US National Weather Service - NCEP(WMC)","subcenter":0,"refTime":"2023-09-09T00:00:00.000Z","significanceOfRT":1,"significanceOfRTName":"Start of forecast","productStatus":0,"productStatusName":"Operational products","productType":1,"productTypeName":"Forecast products","productDefinitionTemplate":0,"productDefinitionTemplateName":"Analysis/forecast at horizontal level/layer at a point in time","parameterCategory":2,"parameterCategoryName":"UnknownDiscipline_0_Category_2","parameterNumber":3,"parameterNumberName":"UnknownParameter_D0_C2_3","parameterUnit":"Unknown","genProcessType":2,"genProcessTypeName":"Forecast","forecastTime":120,"surface1Type":103,"surface1TypeName":"Specified height level above ground","surface1Value":10.0,"surface2Type":255,"surface2TypeName":"Missing","surface2Value":0.0,"gridDefinitionTemplate":0,"gridDefinitionTemplateName":"Latitude_Longitude","numberPoints":615,"shape":6,"shapeName":"Earth spherical with radius of 6,371,229.0 m","gridUnits":"degrees","resolution":48,"winds":"true","scanMode":64,"nx":41,"ny":15,"basicAngle":0,"lo1":47.0,"la1":41.0,"lo2":87.0,"la2":55.0,"dx":1.0,"dy":1.0}, "data":
[rows 0 to 14 of 15, columns 0 to 40 of 41]
-0.1366986,-1.0766987,1.3033013,-1.3266987,-4.0866985,-6.6966987,-5.4766984,-2.4666986,-2.9466987,-3.2466986,-4.3566985,-0.15669861,-1.1366986,-1.8566986,-2.7466986,-3.5466986,-4.6766987,-2.1066985,-5.0066986,-2.4466987,-3.2066987,-3.1766987,-0.27669862,-1.1566986,-1.4466987,-1.0066986,-1.2166986,1.3533014,0.31330138,-0.8366986,-2.1066985,-0.9066986,-1.1766986,-2.5166986,-3.8966987,-3.9366987,-2.7166986,-1.5566986,-0.8266986,0.4233014,-0.3266986
4.3633013,1.6333014,2.2133014,-0.23669861,-2.2866986,-3.2866986,-4.4166985,-4.4466987,-3.7766986,-4.036699,-3.1966987,-3.7466986,-3.3866987,-2.4066987,-3.4266987,-3.8666985,-1.4866986,-4.1566987,-8.176699,-5.9266987,-4.8466988,-3.6966987,-0.9466986,1.1233014,-0.23669861,-0.17669861,-2.4366987,1.7933013,0.20330139,2.1933014,3.0333014,3.6033013,0.8633014,-1.0666986,0.05330139,-1.2966986,-0.2966986,-2.2966986,-2.3166986,-2.1966987,1.0533013
-0.1366986,3.6233015,2.5733013,0.3033014,0.5633014,-0.5366986,-1.5166986,-2.5866985,-2.5266986,-3.4266987,-3.9666986,-3.5566986,-3.8466985,-4.286699,-3.8666985,-2.1666987,-2.4866986,-3.8866987,-4.4866986,-5.306699,-4.2166986,-3.1766987,-4.4266987,-0.7866986,-0.1966986,-0.5966986,-0.09669861,0.89330137,-0.12669861,1.9833014,2.0133014,0.3733014,1.6633013,-0.5866986,-0.4466986,1.5033014,1.1133014,-0.2966986,-0.4566986,-0.4866986,0.5633014
-2.6466987,4.1633015,3.3733015,3.2233014,1.8633014,0.9833014,1.1433014,0.1433014,-0.85669863,-1.2766986,-2.1766987,-3.0666986,-4.016699,-4.6366987,-3.9666986,-4.0866985,-3.2366986,-3.6966987,-4.7366986,-5.1066985,-6.1666985,-1.6466986,-1.2466986,-2.0066986,-0.7366986,-0.6366986,-1.4466987,-1.4566987,1.6033014,-0.4266986,-1.4566987,-1.2266986,0.20330139,0.1433014,-0.4166986,-2.0966985,0.4033014,3.7633014,-0.2566986,-0.72669864,1.5133014
-1.4766986,0.8833014,3.9833014,2.6333015,2.9433014,3.0633013,2.5733013,2.3133013,1.7633014,0.3533014,-0.5566986,-1.0366986,-3.3666985,-2.7366986,-4.6566987,-3.6966987,-5.076699,-4.7066984,-4.266699,-4.6466985,-3.1766987,-3.3666985,-3.4066987,-2.6866987,-0.8166986,-1.5266986,-2.1666987,-2.0766985,-2.0966985,-2.3466985,-2.7366986,-0.3266986,2.5733013,3.1933014,-0.8366986,-0.8366986,0.7633014,-1.2466986,-3.4166987,-0.7166986,-1.0566986
-0.03669861,-0.4266986,6.1533012,4.673301,4.193301,3.2233014,2.0933013,2.1033013,1.1533014,1.1333014,-0.06669861,-2.1866987,-4.2066984,-5.2466984,-3.7866986,-2.1866987,-3.1366987,-4.3866987,-6.516699,-4.4666986,-0.5166986,-2.2266986,-3.5066986,-2.6666987,-1.3466986,-1.3366987,-2.6566987,-2.2066987,-2.6566987,-1.6366986,-1.7466986,-1.7866986,-0.5066986,1.5733014,1.6833014,-0.91669863,2.1733015,1.0833014,-0.05669861,-1.6166986,-2.1766987
1.8133014,4.3133016,4.463301,4.923301,4.5333014,2.6033013,1.9733014,2.8133013,1.9633014,0.6833014,-1.0766987,-1.7366986,-2.7766986,-2.5266986,-0.66669863,-0.09669861,-0.49669862,-1.9466987,-4.1166987,-2.6566987,-2.2666986,-0.2566986,-0.2966986,-1.8266987,-1.5966986,-1.6166986,-2.3066986,-2.6166985,-3.5066986,-3.2766986,-3.0266986,-3.5666986,-4.1466985,0.06330139,-0.9466986,-1.1766986,-2.5366986,-0.66669863,0.3333014,-0.06669861,-1.4166986
1.4933014,-0.3566986,5.1033015,4.7633014,4.2933016,3.1233015,3.2133014,2.7233014,2.1833014,1.6133014,-0.6466986,-1.9266986,-2.3666985,-0.9066986,-0.6566986,-0.9966986,0.043301392,-2.5166986,-2.1066985,-1.4666986,-2.3366985,-1.6466986,-2.1866987,-0.5166986,-0.3766986,-0.30669862,0.21330139,-1.0466986,-0.9466986,-2.3366985,-2.0766985,-2.4866986,-2.7066987,-3.2666986,-0.30669862,-0.7866986,-0.6566986,0.9933014,-0.46669862,-0.43669862,-1.9766986
4.3333015,2.1133013,5.6133013,0.09330139,4.5333014,4.7633014,5.0533013,3.9233015,2.8433013,0.6233014,-1.2966986,-2.1466987,1.4933014,-2.5466986,-3.0166986,-2.4566987,-0.3966986,-1.6266986,-1.2666986,-1.2066987,-0.43669862,-1.0666986,-1.2566986,-0.8666986,-1.5366986,-0.4766986,1.1133014,0.5733014,0.05330139,-0.2866986,0.4333014,-1.3166986,-1.6066986,-1.2566986,-0.8466986,-0.9466986,-2.6666987,0.15330139,-0.08669861,-1.2966986,-2.2866986
3.8733015,3.2133014,6.173301,3.0833013,3.6433015,2.2233014,3.9033015,3.8733015,3.4833014,2.4833014,0.7333014,-0.60669863,-1.4266986,-1.4266986,-2.2266986,-2.9666986,-2.7966986,-1.3466986,0.7233014,-1.2066987,-0.72669864,0.4533014,1.1433014,0.3633014,0.6533014,0.3433014,-0.3866986,-0.3566986,1.0733014,1.5833014,1.7933013,1.9233013,2.0133014,0.11330139,-0.05669861,0.1633014,0.15330139,-1.1466986,0.8233014,2.6733015,2.1133013
1.1533014,5.7833014,4.2733016,3.6133013,2.9233015,2.6533015,2.3833015,2.5033014,3.4533014,2.3033013,1.7433014,0.4833014,1.0933014,-0.2166986,-1.7466986,-2.2466986,-2.8766985,-2.6866987,-2.8066986,-3.0266986,-2.4766986,0.5733014,1.7133014,0.03330139,0.5333014,0.8533014,0.77330136,1.7133014,1.2633014,0.9833014,1.3033013,1.9433014,2.4333014,2.1233015,1.4333014,0.83330137,0.8733014,1.7733014,0.8033014,1.5533013,0.2233014
-2.8566985,-2.5766985,-2.2666986,-2.0566986,1.0633014,0.7533014,1.8033013,2.1333015,1.8433014,1.2733014,1.0733014,1.4033014,0.7933014,1.1333014,-1.1166986,-1.9166986,-2.4066987,-2.7866986,-2.2966986,-2.1166985,-2.0966985,-2.0966985,-1.5866987,-0.4866986,-0.17669861,-0.5866986,0.3233014,0.41330138,0.6633014,0.9333014,1.1933014,2.1333015,2.2433014,2.8533013,1.6133014,1.5333014,1.6433014,2.7933013,2.3833015,1.4133013,0.6933014
-2.4066987,-2.1866987,-2.6366987,-2.6066985,-2.7566986,-1.6966987,-2.5366986,-1.0166986,0.8633014,1.0333014,-0.0066986084,0.44330138,-0.2966986,-1.6666986,-1.5766987,-1.3566986,-1.3266987,-2.1666987,-2.1366987,-2.0766985,-1.2266986,-1.6066986,-0.8066986,-0.2566986,-0.11669861,0.4633014,1.1233014,2.1533015,2.4633014,3.2533014,3.7733014,4.0533013,3.6333015,2.4833014,1.8333014,3.0733013,2.3433013,1.4433014,1.8233014,0.1733014,-0.3866986
-1.7966986,-1.0866987,-1.9266986,-1.0166986,0.09330139,0.44330138,0.25330138,0.7133014,-0.33669862,-1.0166986,0.5933014,0.013301391,-0.66669863,-0.54669863,-0.9266986,-1.5666986,-1.9366986,-1.6766986,-2.2966986,-1.7566986,-1.8766986,-1.1166986,-2.0566986,-1.4366986,-1.2066987,-0.9966986,-0.6166986,0.15330139,1.5333014,2.9633014,3.6833014,3.9933014,4.0633016,3.9333014,3.0033014,2.1133013,1.4533014,1.1733013,1.4033014,0.8533014,-0.09669861
-0.12669861,0.95330137,-2.6666987,-1.9866986,-1.0866987,-0.9866986,-1.1866986,2.0633013,1.9433014,0.3533014,-0.5966986,1.1733013,1.5533013,-0.5666986,-0.8966986,-1.3666986,-1.5866987,-1.7366986,-0.79669863,-1.7966986,-2.2066987,-2.5166986,-1.8866986,-2.6066985,-3.2066987,-2.6466987,-2.4466987,-2.0366986,0.23330139,2.0733013,3.4333014,4.2733016,3.5333014,3.8333013,3.7333014,4.3733015,1.8133014,1.4033014,1.0533013,1.5133014,0.3933014
