wind_kz.json
{"header": {"discipline":0,"disciplineName":"Meteorological products","gribEdition":2,"gribLength":1025,"center":7,"centerName":"US National Weather Service - NCEP(WMC)","subcenter":0,"refTime":"2023-09-30T06:00:00.000Z","significanceOfRT":1,"significanceOfRTName":"Start of forecast","productStatus":0,"productStatusName":"Operational products","productType":1,"productTypeName":"Forecast products","productDefinitionTemplate":0,"productDefinitionTemplateName":"Analysis/forecast at horizontal level/layer at a point in time","parameterCategory":2,"parameterCategoryName":"UnknownDiscipline_0_Category_2","parameterNumber":3,"parameterNumberName":"UnknownParameter_D0_C2_3","parameterUnit":"Unknown","genProcessType":2,"genProcessTypeName":"Forecast","forecastTime":60,"surface1Type":103,"surface1TypeName":"Specified height level above ground","surface1Value":10.0,"surface2Type":255,"surface2TypeName":"Missing","surface2Value":0.0,"gridDefinitionTemplate":0,"gridDefinitionTemplateName":"Latitude_Longitude","numberPoints":615,"shape":6,"shapeName":"Earth spherical with radius of 6,371,229.0 m","gridUnits":"degrees","resolution":48,"winds":"true","scanMode":64,"nx":41,"ny":15,"basicAngle":0,"lo1":47.0,"la1":41.0,"lo2":87.0,"la2":55.0,"dx":1.0,"dy":1.0}, "data":
[rows 0 to 14 of 15, columns 0 to 40 of 41]
0.44785646,-0.52214354,1.3278564,2.5578566,-2.8321435,-1.1821436,-0.9921436,-0.9221436,-1.7721436,-0.9221436,-1.8821435,-2.0521436,-2.4521437,-1.4721435,-1.4021436,-2.7321436,-2.0621436,-2.2621436,-2.1321435,-1.5121436,-2.6221435,-3.5721436,-2.4821436,-0.5521436,-1.1921436,0.80785644,-0.27214354,1.6178565,1.5778564,4.8078566,0.8878564,-1.0921435,1.4578564,0.23785645,-2.1621435,-1.7221435,-0.49214354,2.0878565,0.97785646,-1.1121435,0.6978564
1.5178565,-0.46214354,2.1378565,3.6978564,-0.68214357,-3.3521435,-1.0521436,0.20785645,-0.08214355,-0.97214353,-2.0721436,-2.3621435,-2.4521437,-1.2521435,-0.28214356,-1.9921435,-2.5921435,-2.8321435,-2.2621436,-4.0321436,-4.5221434,-3.4221435,-0.112143554,1.8378564,1.8078564,0.56785643,0.027856445,2.3478565,-0.63214356,2.6878564,3.0978565,4.4978566,1.4878564,0.5878565,-2.1621435,-0.16214356,-0.96214354,0.057856444,-1.0421436,-2.1421435,1.0178565
0.48785645,1.5078565,2.3878565,2.6878564,0.23785645,1.0778564,1.5678564,1.4378564,0.20785645,-0.9921436,-1.8721435,-2.9521437,-2.6221435,-4.3921437,-2.2521436,-1.9521435,-1.6521436,-1.2821436,-1.1721436,-3.9221435,-4.4821434,-1.2321435,-2.1921434,-0.81214356,-0.102143556,0.6378564,1.1378565,1.3778565,0.16785644,-0.12214355,1.6978564,1.1478565,1.5478565,-1.5121436,-0.8521435,1.5178565,3.9778564,-1.6021435,0.5178564,1.5478565,1.6078564
0.44785646,-0.032143556,0.037856445,-0.31214356,-3.3021436,1.4278564,2.7678564,2.3378565,1.1178565,1.3378564,-1.0121436,-2.2321436,-3.8221436,-4.6121435,-3.4321434,-2.6521435,-1.9021436,-2.4521437,-2.9321434,-3.5121436,-4.0521436,-2.6721435,-1.4621435,-3.3621435,-2.0921435,-2.3521435,-2.8821435,-0.26214355,-0.26214355,-0.8021436,-3.2821436,-2.1421435,-0.7421436,1.6478565,0.14785644,-2.7221437,0.44785646,1.6778564,-0.08214355,0.43785644,-0.062143553
-0.24214356,-0.58214355,-1.0821435,-1.3321435,-1.3921436,-0.7421436,1.3078564,2.4378564,4.397856,1.8678565,0.78785646,-0.77214354,-2.9221435,-4.4121437,-4.1321435,-2.9521437,-2.5221436,-1.6221435,-2.8121436,-3.9021435,-3.6021435,-2.8821435,-3.6021435,-3.4521437,-5.2321434,-1.8521435,-2.4021435,-2.9121435,-0.76214355,-0.32214355,-1.8321435,0.66785645,1.3778565,2.2478564,-0.41214356,-1.3821435,-0.51214355,-1.6321435,-1.7421435,-2.0621436,-1.6921436
1.6478565,-0.022143554,0.26785645,-0.56214356,-1.8121436,2.4778564,2.0178564,1.5678564,3.2878563,3.7978563,2.3678565,1.2078564,-1.3021436,-3.4621437,-3.7921436,-3.4221435,-1.4621435,-1.9921435,-2.4421434,-2.9021435,-3.9521437,-4.1921434,-2.4721437,-2.7621436,-2.5421436,-4.3021436,-4.6821437,-7.9821434,-5.2521434,-2.4521437,-2.6221435,-2.3721435,-2.1721435,-2.3321435,1.5178565,5.9978566,1.3178564,2.9878564,-0.34214357,-2.2721436,-2.1421435
-0.48214355,2.9278564,1.7778565,0.55785644,-0.072143555,1.7978565,2.2678564,1.8878565,0.84785646,0.45785645,0.12785645,-0.46214354,-0.15214355,-3.0721436,-3.0921435,-3.7621436,-1.8421435,-3.2021437,0.41785645,-1.8421435,-2.4421434,-4.3121433,-4.332144,-1.3921436,-2.4721437,-2.8921435,-4.5421433,-3.9121435,-3.4321434,-5.7221437,-6.5121436,-7.8921437,-6.1921434,-1.2121435,-3.0221436,-0.39214355,-1.3021436,-0.022143554,1.9078565,0.26785645,1.1378565
1.4178565,0.48785645,3.9278564,2.8078566,0.9578564,2.8278565,3.7478564,2.9578564,2.2078564,1.1378565,0.91785645,1.3578564,0.15785645,-1.3321435,-2.9121435,-3.8121436,-2.4321434,-2.5021436,-2.7021437,-1.2021435,-3.0921435,-3.4121435,-4.7321434,-4.4621434,-2.7321436,-2.2921436,-2.1921434,-3.5021436,-3.5821435,-5.1121435,-5.7721434,-5.2321434,-7.0621433,-7.332144,-0.56214356,0.22785644,-1.4921435,1.1078564,-1.1021435,-0.44214356,-2.3121436
0.72785646,1.2978565,-0.21214356,2.1378565,3.0978565,2.4578564,4.5878563,2.8078566,3.2578564,2.7878563,2.0478563,1.8978565,0.65785646,0.65785646,0.30785644,-2.9121435,-3.0321436,-1.3021436,-0.48214355,-0.45214355,-1.2421435,-2.6921434,-3.1621435,-2.7021437,-3.1521435,-3.1521435,-1.7521435,-2.3921435,-2.1621435,-2.1621435,-3.6621435,-5.3921437,-3.8121436,-3.3821435,-2.2921436,-1.4821435,-3.2521436,-0.7421436,0.90785646,0.44785646,-2.4121435
1.9878564,-0.24214356,2.2178564,2.6778564,2.5778565,2.2378564,2.4078565,1.9578564,3.5978565,3.2778563,3.3878565,2.6578565,2.4378564,0.96785647,0.86785644,-1.2321435,-2.5321436,-1.3021436,0.22785644,-0.17214355,-0.35214356,-0.26214355,-0.81214356,-0.68214357,-0.93214357,-1.7621436,-2.1721435,-1.8621435,-2.1821434,-2.7421436,-2.4321434,-2.3921435,-3.3621435,-3.8521435,-2.2421436,-0.81214356,-0.052143555,-2.5421436,-0.81214356,1.8978565,2.5978565
2.8678565,1.7578565,1.1278565,2.0478563,2.8478565,3.0878565,3.4078565,2.7078564,2.2678564,1.7978565,2.6378565,3.1878564,3.2878563,3.0878565,2.1978564,0.6978564,-0.14214355,-1.0221436,0.8978565,1.5378565,1.3978565,0.65785646,-0.51214355,-0.5521436,-0.012143555,0.017856445,-0.8021436,-1.4021436,-1.4421436,-1.1721436,-2.7021437,-2.9821436,-2.7221437,-2.8021436,-3.1121435,-0.7921436,-0.35214356,1.7478565,0.67785645,0.61785644,-0.41214356
2.1278565,3.0678566,3.0978565,2.6878564,2.5178564,3.2078564,2.4478564,2.6978564,2.0478563,1.9878564,1.7478565,2.5378563,3.0678566,3.3178566,3.2178564,2.7978563,2.3778565,0.54785645,1.5078565,2.3078566,2.5878565,1.7278564,1.3678565,0.5178564,1.2678565,1.2578565,0.59785646,0.5878565,0.14785644,-1.2221435,-1.5221436,-2.1121435,-1.9721435,-2.2721436,-2.2921436,-3.0521436,-2.0421436,-0.042143553,1.0678564,1.2378564,0.6478565
2.4078565,2.9278564,3.3778565,3.0378563,2.8078566,1.5078565,1.6378565,3.1178565,3.0178564,2.0278563,1.0178565,1.8878565,2.9278564,3.3578565,3.4478564,3.3378565,2.5478563,2.4278564,1.5578564,2.1778564,2.6678565,2.9178565,1.8078564,1.6378565,1.9478564,2.9678564,2.6278565,1.5678564,1.0478565,0.21785645,-0.44214356,-1.0321436,-1.4021436,-1.7821436,-1.9321436,-1.7821436,-2.3621435,-1.5421436,-2.2021437,-1.5421436,-0.84214354
-1.0721436,-3.5521436,2.7978563,3.8678565,2.5778565,3.0378563,2.8978565,3.0578566,2.5578566,2.8878565,2.1678565,1.1478565,1.0078565,2.9678564,3.3278565,3.7378564,3.6178565,3.2878563,2.9978564,2.4678564,2.1578565,2.6178565,2.3778565,3.0478563,2.9378564,2.6478565,2.1578565,1.8078564,2.0278563,1.7578565,1.4078565,0.98785645,0.61785644,0.21785645,-0.56214356,-0.76214355,-1.0221436,-1.4321436,-1.4021436,-0.40214357,-0.6621435
0.15785645,-0.9821436,-3.6821434,-0.64214355,2.9178565,2.7678564,3.4178565,3.0278563,3.2478564,3.0178564,1.8978565,2.7678564,2.4078565,0.38785645,2.9378564,3.7378564,3.8878565,3.8378565,3.6678565,3.3478565,2.8378565,2.5878565,2.4278564,2.8378565,2.8878565,3.0278563,2.8878565,2.8678565,2.4978564,2.3978565,2.0778565,3.1878564,1.5678564,1.2078564,1.1878564,0.8378565,0.93785644,1.4778564,0.79785645,0.85785645,0.41785645
