wind_kz.json
{"header": {"discipline":0,"disciplineName":"Meteorological products","gribEdition":2,"gribLength":1025,"center":7,"centerName":"US National Weather Service - NCEP(WMC)","subcenter":0,"refTime":"2023-08-19T06:00:00.000Z","significanceOfRT":1,"significanceOfRTName":"Start of forecast","productStatus":0,"productStatusName":"Operational products","productType":1,"productTypeName":"Forecast products","productDefinitionTemplate":0,"productDefinitionTemplateName":"Analysis/forecast at horizontal level/layer at a point in time","parameterCategory":2,"parameterCategoryName":"UnknownDiscipline_0_Category_2","parameterNumber":2,"parameterNumberName":"UnknownParameter_D0_C2_2","parameterUnit":"Unknown","genProcessType":2,"genProcessTypeName":"Forecast","forecastTime":0,"surface1Type":103,"surface1TypeName":"Specified height level above ground","surface1Value":10.0,"surface2Type":255,"surface2TypeName":"Missing","surface2Value":0.0,"gridDefinitionTemplate":0,"gridDefinitionTemplateName":"Latitude_Longitude","numberPoints":615,"shape":6,"shapeName":"Earth spherical with radius of 6,371,229.0 m","gridUnits":"degrees","resolution":48,"winds":"true","scanMode":64,"nx":41,"ny":15,"basicAngle":0,"lo1":47.0,"la1":41.0,"lo2":87.0,"la2":55.0,"dx":1.0,"dy":1.0}, "data":
[rows 0 to 14 of 15, columns 0 to 40 of 41]
-1.0814917,1.3885083,-1.8214917,-0.7014917,-0.9214917,-0.9414917,-1.3614917,1.9885083,2.0485084,1.4685082,-0.5114917,1.8985083,1.9485083,1.6585083,-1.6914917,-1.7514917,-2.0814917,-0.16149169,-0.7514917,-3.3114917,-2.7114916,-1.1414917,2.1785083,2.9385083,-2.5914917,1.5285083,3.6085083,1.3685083,-0.5714917,1.3485084,0.4185083,0.6685083,0.6185083,-1.2814918,-1.7314917,-1.1914917,-0.9314917,0.6185083,1.0085083,1.2685083,1.1285083
-0.7014917,0.9585083,-0.3114917,-0.2714917,-0.5014917,-0.8214917,-0.1114917,-0.3814917,0.1485083,0.1585083,0.5085083,0.8685083,1.3785083,-1.3314917,-2.1714916,-2.3914917,-0.5014917,0.8885083,0.2885083,-1.5814917,-3.1214917,-4.1914916,-1.6014917,3.5485084,0.4185083,0.0485083,1.1185083,-0.1414917,2.9785082,1.7085083,0.7885083,1.2585083,0.5685083,1.3385082,0.4585083,1.3485084,2.6485083,1.0085083,-1.6014917,-2.0014918,-0.6814917
-0.7114917,1.6785083,0.6985083,1.6685083,1.8685083,2.4585083,2.9185083,1.6285083,1.6885083,0.5785083,0.108508304,1.3085083,1.1985083,-2.4014916,-3.6314917,-2.8414917,-0.9514917,0.1585083,-3.9414916,-4.6714916,-5.0814915,-6.0614915,-5.241492,-7.0914917,-0.7714917,-1.4214917,-0.48149168,0.3985083,3.9785082,-1.1914917,1.6585083,-1.7214917,-1.0214916,0.5485083,-0.8514917,1.5685083,1.2385083,0.108508304,5.108508,7.0985084,4.4585085
3.1585083,2.8685083,2.7685082,3.3685083,3.9485083,3.0885084,2.0485084,2.6385083,3.3185084,3.5285082,3.6385083,0.0185083,-2.5214918,-2.0114918,-3.0914917,-3.5314918,-4.8814917,-5.241492,-5.5914917,-3.4714918,-3.6914916,-7.3214917,-3.8914917,-4.6714916,-5.0214915,-4.601492,-4.761492,-6.411492,-5.101492,-2.6414917,-1.0714917,0.2485083,-2.0914917,0.2785083,0.7885083,1.2985083,2.2385082,2.6485083,-1.8814917,-0.3214917,0.0485083
0.0785083,-1.4614917,1.2385083,2.0085082,3.8985083,2.2885084,3.0885084,5.148508,5.8685083,3.6485083,2.1085083,-0.6914917,-7.2914915,-5.8314915,-3.4914918,-3.4114916,-3.3214917,-1.3214917,-4.0914917,-5.471492,-5.7714915,-4.741492,-5.0414915,-5.391492,-5.371492,-5.471492,-6.4014916,-3.9414916,-4.2814918,-4.721492,-4.261492,-1.6314917,4.1585083,3.6285083,-3.3514917,-1.1914917,4.4185085,0.4885083,0.3585083,3.5985084,2.9585083
-5.6514916,-3.5414917,-1.9114918,-1.2514917,-0.7914917,1.1685083,1.3285083,-3.1714916,-6.8614917,-8.351492,-8.421492,-11.481492,-7.661492,-4.7914915,-3.1614916,-2.3414917,-2.4114916,-3.1514916,-4.851492,-3.9514916,-2.2414918,-2.1414917,-2.9714918,-3.5314918,-4.4214916,-4.6114917,-4.491492,-3.1114917,-4.221492,-4.911492,-5.101492,-4.6314917,-2.9914918,-1.6114917,3.6485083,2.0185082,4.318508,3.2285082,1.1985083,-2.9414916,-4.011492
-5.2114916,-7.3014917,-8.351492,-7.0614915,-6.0714917,-5.601492,-5.8314915,-7.5914917,-8.781491,-8.801492,-8.901492,-8.461492,-6.181492,-4.221492,-3.8014917,-2.7114916,-3.5014918,-4.6114917,-3.5114918,-4.351492,-4.4014916,-4.761492,-3.8314917,-1.1714917,0.0585083,-1.0014917,-2.7514918,-1.7414917,-2.0914917,0.2985083,-0.3914917,-0.5014917,-0.6614917,0.9485083,1.6285083,0.1585083,1.2485083,-1.7814918,4.6685085,0.3985083,0.4585083
-5.351492,-5.7714915,-5.0514917,-5.5814915,-6.0214915,-6.4014916,-4.7314916,-4.7814918,-5.5414915,-6.4414916,-5.891492,-6.0014915,-6.1914916,-5.7314916,-4.5714917,-4.2114916,-4.1314917,-2.9614916,-2.5914917,-2.5714917,-2.1314917,-2.6314917,-1.6014917,-2.1514916,-1.3014917,-1.4414917,-0.4914917,-0.011491699,0.2485083,1.1185083,2.4085083,2.1385083,2.3185084,-0.7814917,0.8285083,-0.2114917,2.3885083,3.3185084,6.4585085,8.168509,6.9285083
-3.7614918,-3.9314916,-5.121492,-5.141492,-4.9414916,-5.891492,-5.8814917,-6.121492,-5.371492,-4.8114915,-4.7514915,-4.6914916,-4.0414915,-2.9514916,-2.4414916,-1.7914917,-2.6814916,-1.9814917,-1.4414917,0.4385083,2.4185083,1.4585083,-0.5614917,1.7285084,2.1485083,3.3285084,3.6485083,3.1785083,3.2585082,3.0785084,2.9785082,2.2785082,0.7485083,1.5885082,1.2885083,1.9985083,2.4085083,1.7085083,3.4385083,0.6385083,2.3685083
-4.181492,-3.4714918,-4.5514917,-4.891492,-5.6314917,-5.1314917,-5.431492,-4.3814917,-4.6514916,-4.121492,-4.0214915,-3.7914917,-2.4814918,-1.9914917,-2.3814917,-2.2114916,-2.0114918,-1.6714917,-1.0714917,-0.5314917,-0.5514917,0.7485083,1.7985083,3.1585083,2.4785082,0.8085083,1.6185083,1.4585083,2.0785084,2.3285084,2.4285083,1.2485083,1.0285083,1.5785083,1.7485083,1.5285083,2.5885084,0.2285083,2.9685082,1.5785083,2.1285083
-3.6914916,-3.7614918,-3.0214918,-3.1614916,-2.9814918,-2.8114917,-2.3014917,-2.1814916,-1.3314917,-0.5314917,-0.9814917,-0.9214917,-0.1814917,-1.3914917,-1.4914917,-1.1114917,-1.3714917,-1.4914917,-1.5114917,-0.2314917,0.4685083,0.4285083,0.7685083,0.0985083,-0.7814917,1.4685082,1.9385083,1.9185083,2.1585083,2.1185083,2.4985082,1.9085083,2.3485084,2.3785083,1.6585083,0.7785083,1.3685083,1.1785083,0.8785083,-0.0314917,2.8485084
-1.5814917,-2.1414917,-0.011491699,0.0285083,-0.4614917,-0.7614917,-0.7314917,0.0285083,0.1385083,0.6685083,1.0785083,0.3085083,1.7885083,2.0485084,2.1885083,1.1885083,0.4685083,1.0785083,1.9285083,1.0985084,0.7585083,1.5085083,2.1685083,2.8885083,3.7385082,3.1585083,3.3285084,2.8885083,3.1985083,2.0285082,4.9085083,5.148508,4.1885085,4.4985085,3.4285083,3.8285084,3.0185082,3.2885084,1.9785084,1.6685083,-0.2914917
-1.8714917,-2.2814918,-1.7614917,-1.4014916,-0.6214917,0.5685083,1.1885083,1.0785083,-0.8314917,0.5285083,1.0385083,1.4685082,1.2885083,1.9985083,1.9885083,3.1885083,2.9885082,3.4685082,3.3585083,3.6885083,3.8485084,4.238508,3.2385082,3.6885083,3.3285084,3.8385084,4.2285085,5.378508,5.7085085,7.3085084,6.6385083,7.258508,7.128508,3.7285082,5.7085085,3.4585083,1.3885083,2.4185083,3.0185082,1.3285083,2.6485083
-0.9214917,-2.4614916,-0.8214917,-1.1014917,-0.9614917,-0.7414917,-0.9614917,-0.5014917,1.0385083,0.2785083,0.8985083,2.0385084,1.9385083,1.2485083,1.4785084,2.4685082,3.1185083,4.258508,5.148508,4.8485084,4.7185082,5.1185083,5.238508,5.6385083,5.338508,5.4085083,5.8085084,6.2285085,4.9385085,5.778508,5.318508,5.8685083,5.358508,4.548508,3.8485084,2.6085083,1.9285083,2.6185083,4.378508,1.9985083,2.4785082
-2.2614918,-2.6314917,-3.6314917,-2.0114918,-1.6614918,-0.7014917,-0.4914917,0.108508304,1.1785083,0.4485083,1.2585083,1.6985083,2.1185083,2.7485082,2.4585083,1.8785083,3.9685082,4.628508,3.8085084,4.608508,4.1985083,4.9585085,4.8485084,4.9785085,5.778508,5.8285084,5.4285083,5.7685084,5.088508,3.6985083,3.4985082,2.8985083,3.6785083,2.9285083,4.3885083,2.9885082,3.2685082,4.0985084,3.1185083,2.8085084,0.0385083
