wind_kz.json
{"header": {"discipline":0,"disciplineName":"Meteorological products","gribEdition":2,"gribLength":871,"center":7,"centerName":"US National Weather Service - NCEP(WMC)","subcenter":0,"refTime":"2023-09-24T12:00:00.000Z","significanceOfRT":1,"significanceOfRTName":"Start of forecast","productStatus":0,"productStatusName":"Operational products","productType":1,"productTypeName":"Forecast products","productDefinitionTemplate":0,"productDefinitionTemplateName":"Analysis/forecast at horizontal level/layer at a point in time","parameterCategory":0,"parameterCategoryName":"UnknownDiscipline_0_Category_0","parameterNumber":0,"parameterNumberName":"UnknownParameter_D0_C0_0","parameterUnit":"Unknown","genProcessType":2,"genProcessTypeName":"Forecast","forecastTime":180,"surface1Type":1,"surface1TypeName":"Ground or water surface","surface1Value":0.0,"surface2Type":255,"surface2TypeName":"Missing","surface2Value":0.0,"gridDefinitionTemplate":0,"gridDefinitionTemplateName":"Latitude_Longitude","numberPoints":615,"shape":6,"shapeName":"Earth spherical with radius of 6,371,229.0 m","gridUnits":"degrees","resolution":48,"winds":"true","scanMode":64,"nx":41,"ny":15,"basicAngle":0,"lo1":47.0,"la1":41.0,"lo2":87.0,"la2":55.0,"dx":1.0,"dy":1.0}, "data":
[rows 0 to 14 of 15, columns 0 to 40 of 41]
288.431,281.631,286.73102,293.331,293.531,292.73102,291.23102,290.831,289.031,288.131,287.431,288.931,288.031,287.73102,287.631,285.531,285.531,285.031,284.331,284.73102,285.331,282.131,281.931,281.831,283.131,284.931,282.831,268.531,264.631,267.031,269.831,271.931,280.131,286.431,287.531,287.631,288.531,288.23102,287.431,286.331,285.73102
272.331,287.331,292.73102,293.431,293.23102,291.931,288.931,288.531,286.431,286.531,287.431,286.831,286.631,286.131,283.931,284.831,281.931,283.531,283.73102,283.331,283.031,284.23102,283.831,277.931,270.331,262.831,276.73102,268.23102,270.031,268.73102,270.931,264.73102,271.73102,249.031,268.331,283.431,283.131,285.431,289.031,282.831,283.631
288.431,292.831,293.131,292.631,291.131,289.331,287.431,286.331,285.531,285.531,285.031,285.631,285.031,285.631,285.631,283.73102,282.931,282.831,283.23102,283.831,285.031,287.631,287.031,280.031,281.131,281.931,282.23102,281.431,280.831,273.331,259.831,263.931,273.031,276.73102,277.031,278.331,266.931,272.831,271.031,269.331,269.631
288.23102,291.931,292.831,291.831,290.331,288.831,287.131,285.73102,285.831,285.931,284.931,285.131,290.73102,290.131,286.23102,284.73102,285.131,283.831,284.631,283.931,285.931,279.531,284.131,284.631,284.431,285.131,285.23102,284.131,281.931,281.831,282.931,280.73102,284.23102,282.431,281.431,278.73102,267.931,257.73102,271.931,279.931,285.831
289.531,291.331,291.73102,290.931,289.931,287.631,288.131,287.431,286.431,286.431,285.831,285.131,289.631,288.531,287.031,285.73102,285.531,285.23102,283.831,285.431,285.331,285.531,284.531,284.031,283.631,283.831,282.531,283.931,282.931,283.031,284.73102,282.131,270.931,258.531,273.531,286.23102,286.331,285.431,287.931,288.331,285.831
287.73102,287.131,290.23102,290.73102,291.031,290.631,287.431,288.131,286.631,287.031,287.131,286.831,288.931,289.331,287.331,285.331,287.431,286.031,286.031,285.331,284.931,284.431,284.031,283.431,282.631,281.23102,281.73102,287.23102,283.431,283.531,281.031,283.23102,281.931,280.131,278.931,282.831,273.73102,274.931,279.431,283.531,283.131
287.631,289.431,289.631,288.831,288.631,287.331,287.931,287.131,287.431,288.331,287.23102,287.131,286.73102,286.531,286.031,286.631,286.331,286.131,284.531,284.931,283.931,283.431,284.131,284.631,282.73102,282.031,280.431,281.931,281.73102,281.631,280.73102,280.431,280.73102,281.73102,280.631,278.831,274.631,272.131,270.23102,266.23102,282.531
288.031,287.131,288.431,288.631,288.931,288.531,287.831,286.831,286.431,286.931,286.831,286.73102,286.131,286.931,287.131,287.331,286.831,286.73102,285.831,283.431,283.531,283.131,284.031,283.431,281.931,278.831,279.531,280.631,279.631,283.831,279.73102,280.331,277.831,276.031,275.331,277.23102,279.531,286.23102,280.031,279.131,275.73102
288.031,288.73102,289.131,288.73102,288.73102,287.931,286.73102,286.831,285.73102,285.531,285.531,285.131,285.73102,285.931,285.831,286.031,286.031,285.631,285.331,284.131,282.031,281.531,282.531,282.531,281.431,282.031,280.131,278.73102,277.831,276.631,277.331,278.531,279.931,278.931,278.131,276.131,275.73102,275.23102,262.931,262.23102,260.631
288.431,288.73102,289.531,288.031,288.531,287.531,286.931,285.73102,285.631,285.23102,284.631,284.131,284.73102,285.031,284.931,285.631,285.431,285.031,284.531,283.831,282.831,282.631,283.031,282.23102,281.331,280.531,280.331,279.831,279.331,278.931,278.931,280.73102,281.431,280.73102,279.331,277.73102,276.631,272.031,274.331,268.631,264.631
285.031,286.031,288.531,288.73102,286.931,286.331,287.331,286.73102,285.831,285.131,284.631,284.431,285.331,284.331,284.331,284.73102,284.531,284.831,284.031,283.131,283.031,282.931,282.23102,281.831,281.131,280.331,279.131,280.631,281.23102,282.331,282.131,282.631,282.631,284.431,283.131,279.931,275.831,272.031,271.131,272.331,269.23102
286.031,286.131,285.73102,285.031,287.831,287.631,285.23102,284.73102,285.131,284.73102,283.331,283.531,284.131,283.331,283.531,283.931,284.131,284.23102,282.931,282.931,281.931,282.031,281.531,281.23102,280.931,281.331,281.23102,282.23102,282.331,282.631,282.631,282.73102,285.431,284.631,283.431,283.131,283.531,281.431,279.631,279.431,278.131
281.23102,282.131,285.531,286.431,285.73102,284.431,284.531,284.631,283.331,283.531,280.831,282.531,282.73102,282.031,283.331,283.631,283.73102,283.431,283.831,282.73102,282.531,281.831,281.431,281.23102,282.031,282.331,283.23102,282.531,282.431,282.031,282.531,282.931,284.73102,283.431,283.73102,281.931,281.031,281.931,280.031,279.531,278.531
279.23102,281.331,285.331,283.531,286.131,283.531,284.931,282.831,283.131,282.631,280.931,277.73102,280.631,283.031,283.831,283.73102,283.831,283.23102,283.031,282.831,283.031,282.931,283.131,282.831,282.73102,282.23102,281.73102,282.031,281.73102,281.631,281.631,282.431,280.831,280.431,281.331,281.531,281.631,280.631,280.331,278.531,279.831
283.631,281.931,285.73102,281.331,282.131,281.631,283.531,285.73102,286.331,284.431,282.23102,280.431,281.331,283.131,283.031,282.831,283.131,283.23102,283.031,282.831,283.331,283.131,283.131,282.831,282.531,281.831,281.831,281.631,281.331,281.331,282.431,283.23102,280.131,281.631,282.331,282.131,282.431,281.23102,280.931,280.23102,280.031
