wind_kz.json
{"header": {"discipline":0,"disciplineName":"Meteorological products","gribEdition":2,"gribLength":1102,"center":7,"centerName":"US National Weather Service - NCEP(WMC)","subcenter":0,"refTime":"2023-08-26T00:00:00.000Z","significanceOfRT":1,"significanceOfRTName":"Start of forecast","productStatus":0,"productStatusName":"Operational products","productType":1,"productTypeName":"Forecast products","productDefinitionTemplate":0,"productDefinitionTemplateName":"Analysis/forecast at horizontal level/layer at a point in time","parameterCategory":2,"parameterCategoryName":"UnknownDiscipline_0_Category_2","parameterNumber":2,"parameterNumberName":"UnknownParameter_D0_C2_2","parameterUnit":"Unknown","genProcessType":2,"genProcessTypeName":"Forecast","forecastTime":60,"surface1Type":103,"surface1TypeName":"Specified height level above ground","surface1Value":10.0,"surface2Type":255,"surface2TypeName":"Missing","surface2Value":0.0,"gridDefinitionTemplate":0,"gridDefinitionTemplateName":"Latitude_Longitude","numberPoints":615,"shape":6,"shapeName":"Earth spherical with radius of 6,371,229.0 m","gridUnits":"degrees","resolution":48,"winds":"true","scanMode":64,"nx":41,"ny":15,"basicAngle":0,"lo1":47.0,"la1":41.0,"lo2":87.0,"la2":55.0,"dx":1.0,"dy":1.0}, "data":
[rows 0 to 14 of 15, columns 0 to 40 of 41]
0.5337549,1.9737549,-0.05624512,-3.586245,-1.5862451,0.68375486,5.043755,0.9537549,1.3737549,0.9437549,0.62375486,-0.06624512,-0.24624512,-0.5562451,-0.38624513,0.32375488,0.80375487,2.0337548,2.8237548,2.0637548,0.47375488,-2.356245,1.6537548,2.723755,-3.106245,-5.376245,-1.5462451,2.0137548,0.3137549,0.21375488,1.9137549,0.45375487,1.9337549,5.933755,4.293755,-1.0162451,3.633755,-3.046245,-1.7362452,-8.746245,-8.226245
0.17375489,-3.096245,-4.626245,-5.3262453,-1.6962451,0.61375487,6.413755,4.293755,4.1537547,5.433755,3.0337548,2.8137548,2.2937548,2.663755,1.4837549,1.5337548,0.9737549,2.403755,1.3937548,2.4837549,3.5637548,2.5337548,3.153755,3.893755,2.3037548,-0.7262451,0.86375487,0.09375488,1.5237548,1.9737549,0.15375489,0.9437549,0.16375488,-0.19624512,-1.5462451,1.3737549,0.05375488,-1.1362451,-1.6462451,-5.0362453,-9.026245
-4.746245,-1.8962451,-3.4162452,-2.396245,0.5337549,3.2637548,5.3837547,3.8037548,4.523755,4.473755,4.233755,5.353755,4.813755,4.583755,3.5537548,4.033755,3.443755,3.0337548,3.473755,2.9837549,2.8037548,4.823755,5.013755,5.733755,4.953755,-0.6562451,-2.2262452,-3.146245,-3.046245,-0.42624512,-1.0862451,-1.1962451,1.0437549,-0.06624512,0.12375488,1.7237549,1.6937549,-0.8562451,5.343755,-2.6562452,-1.3762451
-7.986245,-3.826245,-1.2362452,0.48375487,2.973755,6.493755,4.493755,4.163755,4.343755,4.6537547,5.873755,6.773755,-2.6662452,-4.026245,1.1637549,4.8637547,4.283755,3.2737548,4.743755,5.603755,3.223755,4.1337547,5.513755,5.953755,5.9437547,2.203755,2.2937548,-0.5762451,3.923755,-0.3162451,2.873755,3.2937548,6.263755,-3.1862452,-0.08624512,1.5437549,-0.12624511,0.50375485,0.7137549,6.203755,8.413754
-2.2562451,0.5437549,2.5537548,4.253755,7.663755,7.643755,7.233755,6.663755,7.593755,6.4037547,7.003755,6.8837547,-2.806245,-1.7362452,0.8837549,6.053755,6.993755,4.333755,5.313755,5.773755,4.9637547,1.0737549,2.953755,1.8537549,3.973755,1.8637549,4.523755,4.813755,-0.3162451,0.08375488,6.143755,8.393755,3.5637548,0.74375486,-0.6762451,-0.23624511,10.983755,2.643755,6.253755,8.553755,6.393755
5.043755,5.003755,5.983755,7.6137547,9.303755,10.543755,10.103755,9.383755,6.343755,4.343755,3.7737548,10.913754,4.253755,3.0537548,5.313755,7.143755,7.003755,4.163755,4.843755,5.143755,4.773755,4.553755,4.6737547,4.6537547,4.683755,5.493755,5.333755,2.8037548,7.533755,5.1737547,5.783755,10.403755,11.083755,2.653755,2.473755,0.4937549,3.5337548,8.223755,14.113755,7.8637547,-7.0562453
5.393755,7.1337547,7.003755,7.323755,7.703755,8.353755,12.523755,10.733755,11.553755,8.263755,8.193755,7.303755,11.413754,10.703754,7.093755,7.833755,8.193755,5.893755,5.1537547,5.033755,6.1337547,4.703755,4.373755,5.313755,6.183755,5.9237547,6.6137547,5.823755,7.733755,8.233755,8.233755,11.513755,9.113755,3.8337548,1.8437549,3.713755,3.0637548,-2.336245,3.2537549,0.80375487,9.483755
4.973755,6.163755,6.143755,7.553755,10.033755,10.383755,10.3737545,8.693755,6.683755,8.673755,10.953754,10.683755,9.203754,10.803755,8.113755,6.843755,6.593755,5.953755,5.573755,5.6137547,5.263755,6.1937547,5.783755,4.9237547,7.533755,7.253755,6.753755,5.593755,9.223755,8.1237545,8.763755,7.9637547,7.3637547,1.9937549,3.9937549,6.033755,1.0137548,5.9437547,9.3737545,11.493755,10.083755
3.133755,4.773755,5.053755,4.083755,5.643755,3.5837548,3.8437548,4.9437547,6.023755,5.663755,7.763755,5.703755,5.563755,2.703755,10.1237545,5.7137547,7.4037547,5.023755,5.823755,6.833755,5.1337547,6.643755,7.273755,7.1537547,6.183755,6.513755,4.223755,7.703755,6.7137547,8.333755,6.183755,6.4237547,6.073755,3.893755,2.8037548,2.5337548,1.2637548,2.5437548,1.4137549,0.56375486,0.56375486
4.043755,0.7637549,2.8337548,3.7537549,4.1137547,3.443755,3.7637548,3.0837548,2.703755,4.4237547,6.203755,3.643755,2.7637548,0.6737549,1.0237548,7.1937547,2.0937548,3.2437549,5.6137547,6.773755,4.893755,5.003755,7.473755,8.943755,5.203755,6.723755,6.6537547,7.2137547,5.703755,7.303755,8.493755,6.6537547,3.5637548,6.723755,-1.0962452,-5.1362453,-1.7962451,2.623755,2.2737548,1.5237548,-0.7762451
4.583755,1.2637548,4.723755,1.3437549,0.7037549,1.3137549,5.253755,5.513755,5.143755,6.493755,5.933755,5.593755,6.033755,4.593755,5.973755,4.553755,3.913755,5.953755,5.783755,5.603755,3.403755,5.493755,7.793755,6.853755,6.063755,5.203755,6.233755,5.9637547,6.593755,8.273755,10.213755,9.473755,5.7137547,-2.2162452,-4.0762453,-3.9362452,-1.8362451,1.9937549,1.8337549,0.14375488,-0.87624514
2.3437548,1.3537549,-0.3462451,0.5937549,4.003755,4.323755,5.023755,5.793755,5.333755,5.4037547,6.623755,6.473755,4.013755,3.973755,2.643755,0.6637549,-0.5162451,-1.1662451,0.043754883,0.6937549,4.823755,4.4637547,5.413755,4.8837547,5.103755,6.033755,5.9437547,8.533755,8.223755,9.703754,9.273755,3.383755,4.2137547,4.1737547,-1.6662451,0.24375488,1.3137549,-0.62624514,1.6037549,2.7937548,2.433755
0.5737549,1.2937549,-0.06624512,2.853755,3.0237548,3.3337548,4.773755,4.953755,3.5337548,1.1337548,2.0837548,3.143755,3.223755,-0.05624512,-0.6762451,0.4337549,0.4037549,1.0937549,4.253755,3.433755,3.173755,4.1337547,3.653755,3.5337548,5.293755,5.9637547,5.853755,7.1937547,7.593755,8.493755,8.773755,2.353755,6.583755,-1.5462451,-1.2762451,0.93375486,0.8337549,0.9637549,3.653755,5.783755,2.943755
-0.106245115,1.8737549,2.7937548,2.7837548,3.943755,4.093755,5.233755,3.7837548,3.3337548,1.8237549,1.9537549,1.3137549,0.09375488,-2.106245,0.24375488,-1.0762451,-0.29624513,-0.06624512,-0.19624512,0.5437549,2.923755,1.7637548,1.8037549,3.213755,2.8237548,5.273755,6.033755,9.423755,9.363755,7.893755,8.103755,2.853755,2.3137548,0.3337549,-0.24624512,-0.27624512,0.99375486,2.623755,5.023755,3.153755,4.373755
1.4237549,0.4637549,2.0437548,2.133755,3.103755,3.5237548,3.923755,4.573755,3.2337549,2.8337548,1.0837549,1.1937549,0.023754884,-2.126245,-0.12624511,-2.556245,-1.7462451,-1.2462451,1.7237549,-0.17624512,4.353755,2.433755,0.56375486,4.1937547,5.413755,7.003755,6.3837547,6.3637547,6.643755,4.9637547,2.7337549,1.1737549,0.6937549,0.05375488,0.39375487,1.2437549,-0.63624513,5.183755,6.043755,4.523755,1.3637549
