wind_kz.json
{"header": {"discipline":0,"disciplineName":"Meteorological products","gribEdition":2,"gribLength":1025,"center":7,"centerName":"US National Weather Service - NCEP(WMC)","subcenter":0,"refTime":"2023-09-21T00:00:00.000Z","significanceOfRT":1,"significanceOfRTName":"Start of forecast","productStatus":0,"productStatusName":"Operational products","productType":1,"productTypeName":"Forecast products","productDefinitionTemplate":0,"productDefinitionTemplateName":"Analysis/forecast at horizontal level/layer at a point in time","parameterCategory":2,"parameterCategoryName":"UnknownDiscipline_0_Category_2","parameterNumber":2,"parameterNumberName":"UnknownParameter_D0_C2_2","parameterUnit":"Unknown","genProcessType":2,"genProcessTypeName":"Forecast","forecastTime":60,"surface1Type":103,"surface1TypeName":"Specified height level above ground","surface1Value":10.0,"surface2Type":255,"surface2TypeName":"Missing","surface2Value":0.0,"gridDefinitionTemplate":0,"gridDefinitionTemplateName":"Latitude_Longitude","numberPoints":615,"shape":6,"shapeName":"Earth spherical with radius of 6,371,229.0 m","gridUnits":"degrees","resolution":48,"winds":"true","scanMode":64,"nx":41,"ny":15,"basicAngle":0,"lo1":47.0,"la1":41.0,"lo2":87.0,"la2":55.0,"dx":1.0,"dy":1.0}, "data":
[rows 0 to 14 of 15, columns 0 to 40 of 41]
-1.6977735,1.2122265,-3.2677734,-6.0677733,-5.0677733,-3.3477736,-6.7577734,-7.4877734,-7.2277737,-5.8777733,-5.0877733,-4.2277737,-3.3977735,-3.9877734,-4.1577735,-4.8077736,-4.687773,-5.7477736,-5.0177736,-4.7577734,-3.6977735,-0.23777343,1.3722266,4.2522264,0.7722266,1.3022265,2.3422265,-0.21777344,-0.06777344,0.65222657,2.4522266,1.2022265,-1.8777734,-3.6177735,-4.0177736,-1.2777734,-3.2277734,-2.6477735,-1.8377734,0.84222656,2.4022264
-0.21777344,-4.4777737,-8.897774,-7.4277735,-4.707773,-0.06777344,-6.3177733,-6.0677733,-5.5477734,-4.2277737,-4.457773,-2.8277733,-4.2277737,-4.3377733,-3.9677734,-3.8377733,-3.9977734,-4.8877735,-4.6177735,-5.187773,-4.2177734,-3.0777733,-1.5877734,1.6722265,0.56222653,-1.6777735,0.46222657,0.71222657,-0.017773438,-0.5477734,0.8322266,0.8222266,0.14222656,-1.0877734,0.8222266,3.1122265,1.8422265,1.7522266,-1.0677735,1.5522265,1.3422265
-6.7577734,-9.027774,-9.417773,-7.1077733,-4.2377734,-5.5477734,-5.9777737,-4.6477733,-3.8077734,-3.5477734,-4.2477736,-5.6177735,-4.8177733,-3.9077735,-3.4677734,-4.0377736,-3.4877734,-4.0077734,-4.3877735,-4.4177732,-2.6377735,-6.5677733,-5.9777737,-6.9877734,-4.0277734,-4.0277734,-2.7977734,-0.06777344,2.9322267,-0.087773435,1.0722265,1.1522266,0.49222657,1.9022266,-0.68777347,-1.0177734,1.4122266,-0.90777344,6.2722263,4.4022264,-0.7477734
-9.867773,-9.967773,-7.7277737,-2.7877734,-3.6277735,-5.7577734,-4.8077736,-5.3877735,-5.0277734,-4.9277735,-6.1677732,-5.6477733,-3.7577734,-1.9477735,0.37222657,-2.0977736,-1.9477735,-1.4377735,-2.8477736,-3.1677735,-3.8177733,-5.7477736,-2.6377735,-2.7977734,-2.8077734,-2.3777735,-1.9677734,-0.087773435,-0.20777343,0.84222656,1.8222265,4.8822265,7.3422265,4.2822266,2.0522265,-1.8477734,-0.84777343,2.0422266,0.5822266,2.5022266,1.2222266
-9.477774,-8.227774,-5.9477735,-4.0077734,-4.957773,-5.3777733,-6.3077736,-5.5077734,-4.687773,-4.1277733,-3.2977734,-4.2477736,-1.5377735,0.08222656,3.7122266,-2.4077735,-2.0977736,-2.0477734,-1.5477735,-1.7877735,-1.5377735,-1.9977734,-2.0677733,-0.68777347,0.40222657,1.3122265,2.7322266,-0.047773436,4.1822267,5.1722264,3.8422265,2.3522265,3.1422265,2.2222266,-2.1377735,-3.7377734,5.9422264,4.2022266,-1.2677734,4.3722267,7.6422267
-7.687773,-6.207773,-6.1677732,-6.8377733,-6.8977733,-4.7977734,-4.3877735,-4.6677732,-3.7177734,-2.3877735,-2.6277735,-1.6977735,0.74222654,2.4322267,0.062226564,-1.0677735,-0.95777345,-1.5377735,-0.9277734,-0.64777344,-2.2777734,-1.7277734,-0.65777344,-0.30777344,0.98222655,2.2122266,3.7322266,1.8522266,5.8322268,5.7822266,6.1322265,7.8922267,5.4222264,6.3222265,7.6322265,3.6622267,4.6322265,9.472226,8.1122265,6.2222266,0.25222656
-6.2677736,-6.2477736,-6.457773,-6.437773,-4.7977734,-3.3777735,-4.8877735,-3.4677734,-3.2177734,-2.3977735,-1.9777734,-1.1677735,-0.69777346,-0.32777345,-0.117773436,0.7522266,0.7022266,-0.027773438,-0.017773438,0.5122266,-0.56777346,-0.16777344,0.81222653,0.78222656,2.7122266,3.3322265,3.4222267,2.7122266,1.7322266,0.71222657,1.9022266,3.5922265,4.562227,1.2922266,1.9222265,5.5222263,3.5522265,1.0422266,3.2622266,-1.6977735,3.2722266
-5.5077734,-5.8977733,-5.4977736,-4.9177732,-4.6277733,-3.6977735,-2.6077735,-2.6177735,-2.2577734,-1.2577734,-1.2477734,-0.69777346,-1.8677734,-1.5677735,-0.89777344,-0.62777346,-0.48777345,0.08222656,-0.65777344,-0.16777344,0.8922266,-0.06777344,-2.4077735,-1.2777734,-0.57777345,1.6722265,1.6322266,2.1122265,2.2122266,-0.65777344,-2.8377733,-1.9877734,0.6922266,-0.087773435,1.8722266,3.3522265,4.9222264,9.282227,8.162227,3.5422266,5.2022266
-5.5877733,-5.3077736,-4.4677734,-3.5377734,-3.1277735,-2.2277734,-2.0777733,-1.0077734,-0.047773436,-0.14777344,0.20222656,0.052226562,-1.7477734,-1.2877735,-0.71777344,-1.1177734,-0.75777346,-1.0277734,-0.6077734,-0.06777344,-2.8677735,-1.7077734,-0.24777344,1.0322266,0.60222656,1.0322266,0.65222657,0.55222654,1.0722265,1.2022265,1.3422265,1.0222266,1.8822266,2.8322265,3.7722266,5.4422264,3.6222265,2.1522264,1.5622265,-0.22777344,-0.037773438
-4.207773,-3.4877734,-3.5277734,-2.6177735,-2.2577734,-1.3177735,0.31222656,-0.5577734,-0.17777343,-0.13777344,-0.56777346,-2.5677733,-0.23777343,-1.1077734,-1.6077734,-2.6977735,-1.6777735,-2.2177734,-2.2977734,-1.4877734,-1.0777735,0.5222266,-1.4677734,-0.63777345,-0.22777344,0.23222657,0.59222656,0.92222655,1.7422266,1.8522266,3.7822266,2.7422266,3.2222266,3.3122265,3.9222267,2.9222267,1.5922265,1.8622266,0.5822266,1.6022266,-0.46777344
-2.1477735,-2.0077734,-2.0977736,-1.3377734,-0.40777344,0.092226565,0.56222653,0.032226562,-0.28777343,-0.29777345,-0.94777346,-1.6477734,-1.5777735,-1.7477734,-0.78777343,-1.4777734,-0.26777345,-0.69777346,-1.3577734,-0.35777342,-0.84777343,-0.5577734,0.68222654,1.1122266,1.7622266,1.1222266,2.2922266,3.4322267,3.7522266,4.1622267,3.6522264,4.1722264,2.1822267,2.8922265,1.6222266,1.2922266,-0.39777344,1.0322266,1.5722265,1.2822266,1.0322266
-1.8377734,-0.71777344,-0.53777343,0.90222657,0.28222656,0.122226566,-0.25777343,-1.7377734,-0.9777734,0.73222655,0.85222656,-1.3777734,-1.1177734,-1.8177735,-0.16777344,-0.117773436,-0.37777343,-0.81777346,-0.5577734,-0.25777343,0.8922266,0.7722266,1.2922266,1.4622265,2.0622265,2.3322265,2.7222266,3.2822266,3.1922266,4.8322268,2.6122265,1.6422266,2.7522266,3.4122267,3.1722267,3.8422265,2.8722265,2.4922266,1.8922266,2.7822266,2.6922266
0.37222657,0.7022266,2.1522264,2.0622265,1.8122265,0.90222657,1.0922265,-2.6177735,-0.017773438,0.91222656,0.25222656,1.3522266,0.092226565,-0.6077734,-0.26777345,0.5122266,0.45222655,0.99222654,0.68222654,0.85222656,1.3522266,1.5122266,2.2222266,2.7622266,3.1922266,3.5622265,3.6122265,3.4622266,2.9722266,3.5522265,2.0122266,2.0722265,3.1022265,3.8222265,4.2522264,4.4122267,4.1022267,3.4222267,2.4122267,1.9022266,1.2522266
1.6122266,0.7022266,-1.1177734,2.3322265,1.7022265,1.9822266,2.0022266,0.44222656,-0.30777344,0.012226563,0.91222656,1.8522266,0.99222654,0.24222656,0.052226562,1.3122265,2.1222265,2.0622265,2.3122265,2.3222265,2.4622266,2.7322266,3.5422266,4.042227,3.6222265,3.7622266,3.4422266,2.9122267,2.7722266,2.5922265,2.3822265,3.1922266,3.6822267,4.1122265,3.7422266,3.9922266,3.8122265,3.9122267,3.9222267,1.9822266,1.9622265
1.4122266,2.1822267,0.6922266,2.7822266,2.3122265,2.6122265,2.2722266,1.1722265,1.1422266,0.68222654,0.6922266,1.9722266,2.3622265,2.4422266,1.1522266,2.2722266,2.7322266,3.2022266,3.3822265,3.6022265,3.5922265,3.4922266,3.8422265,4.1922264,3.6422265,3.7422266,2.8822265,2.9922266,2.5922265,2.6422265,3.4222267,3.6922266,4.2722263,4.1322265,4.4122267,3.9522266,3.1922266,4.2122264,5.042227,3.5322266,1.1022266
