wind_kz.json
{"header": {"discipline":0,"disciplineName":"Meteorological products","gribEdition":2,"gribLength":1102,"center":7,"centerName":"US National Weather Service - NCEP(WMC)","subcenter":0,"refTime":"2023-08-21T12:00:00.000Z","significanceOfRT":1,"significanceOfRTName":"Start of forecast","productStatus":0,"productStatusName":"Operational products","productType":1,"productTypeName":"Forecast products","productDefinitionTemplate":0,"productDefinitionTemplateName":"Analysis/forecast at horizontal level/layer at a point in time","parameterCategory":2,"parameterCategoryName":"UnknownDiscipline_0_Category_2","parameterNumber":3,"parameterNumberName":"UnknownParameter_D0_C2_3","parameterUnit":"Unknown","genProcessType":2,"genProcessTypeName":"Forecast","forecastTime":120,"surface1Type":103,"surface1TypeName":"Specified height level above ground","surface1Value":10.0,"surface2Type":255,"surface2TypeName":"Missing","surface2Value":0.0,"gridDefinitionTemplate":0,"gridDefinitionTemplateName":"Latitude_Longitude","numberPoints":615,"shape":6,"shapeName":"Earth spherical with radius of 6,371,229.0 m","gridUnits":"degrees","resolution":48,"winds":"true","scanMode":64,"nx":41,"ny":15,"basicAngle":0,"lo1":47.0,"la1":41.0,"lo2":87.0,"la2":55.0,"dx":1.0,"dy":1.0}, "data":
[rows 0 to 14 of 15, columns 0 to 40 of 41]
1.8498999,0.2098999,-2.3701,-8.5701,-9.060101,-4.2601,-5.1001,-6.3701,-3.5101001,-0.5401001,-2.1201,-2.7901,-5.3501,-6.6601,-3.8301,-1.5001001,-0.1501001,-4.1701,-1.7901001,-4.3301,-5.0701003,-5.4301,-3.7501001,-1.0001001,3.3899,2.6799,1.3798999,1.8198999,-3.5701,1.7298999,1.4298999,-2.0101001,0.8798999,-8.5001,-7.0001,1.2398999,-0.0801001,3.0398998,2.6799,-0.2101001,3.5598998
-2.6801002,3.1399,-1.7901001,-5.3701,-6.1501,-7.1701,-5.1001,-6.0101,-15.9601,-7.6901,-7.2001,5.2099,0.21989991,3.2998998,1.1798999,-2.5301,-1.3601002,-1.3801001,-1.6901001,-3.5601,-3.3301,-2.2301002,-2.5301,-2.0701,2.4699,0.21989991,3.2099,0.0998999,-3.2601001,-2.4101,-1.5301001,1.9298999,1.9698999,1.9398999,0.5598999,0.3498999,-0.1501001,3.8298998,1.2998999,2.9799,0.1798999
-4.2301,-9.1001005,-6.4901,-8.0901,-5.1101003,-5.0201,-5.7301,-4.2001,-0.060100097,-1.7001001,-3.4101,-5.4401,2.6699,1.1298999,-0.5001001,-2.3101,-2.2701,-1.9501001,-2.7901,-3.2201002,-2.6401,-1.4701,0.7598999,1.7899,-3.0501,-2.8001,-3.1301,-3.9301002,-1.8701001,-2.6901002,-3.2701,-1.8101001,-1.7101,2.3899,-2.9201002,0.6898999,1.2598999,2.3999,0.8098999,3.1899,-1.5901
-7.4301,-9.8901005,-9.3201,-9.5901,-3.8501,-8.1001005,-7.8801003,-7.5601,-3.6001,-12.060101,1.3798999,-1.0001001,-8.0401,-7.0601,-2.1401,-3.3401,-3.5001001,-3.1001,-3.3301,-3.3201,-0.030100098,2.9099,-0.6501001,2.4099,0.5798999,-1.1601001,0.6298999,-1.3201001,-2.3201,-2.9401002,-5.2301,-1.5401001,3.2598999,2.6099,0.7598999,-0.2001001,-0.1001001,0.3698999,-3.3601,-2.1201,-4.3801003
-7.5601,-8.8701,-7.3401003,-10.2001,-9.5201,-8.1101,-8.7901,-5.1001,2.6299,7.3299,-3.0901,-0.030100098,-3.1401,-6.8701,0.1598999,0.4698999,1.0998999,-0.1001001,-1.6901001,-2.6801002,-0.6901001,1.1798999,-0.2701001,1.1298999,-0.82010007,0.5598999,2.3198998,1.4998999,1.5898999,-1.0701001,-4.3501,-6.0001,-2.2001002,1.5498999,0.5898999,2.4699,1.9898999,-1.3301,-6.9601,-3.2301002,-1.7301002
-6.7601,-7.3201003,-9.8701,-9.8301,-9.6201,-8.7401,-6.8601003,-4.5901003,-4.3201003,2.4199,3.2099,0.9398999,-2.2801,5.8099,4.1299,0.1098999,0.2298999,2.0098999,0.4798999,-0.6601001,-4.5301,-3.7801,-1.3701001,5.5899,4.0899,2.3699,1.7398999,-1.0301001,3.1799,1.4698999,-0.9901001,-3.0001001,-5.2601,-5.7201,0.8398999,0.049899902,1.6398998,-0.6801001,-4.4701,-2.8701,-5.2301
-7.1301003,-7.6601,-8.3601,-10.5401,-12.4101,-11.7401,-9.8601,-6.3601003,-1.6001,2.3699,4.7799,4.7299,3.0899,-1.6101002,7.1299,2.6099,0.7298999,2.4799,0.2698999,-1.8901001,-2.6401,-3.2601001,-5.6301003,-5.2901,5.0199,6.1699,5.9098997,4.4699,4.0299,3.9099,1.6398998,0.059899904,-3.4201002,-2.6401,-1.6801001,-1.4601,2.8098998,3.0598998,2.1599,1.6599,-1.1701001
-6.8901,-7.9901,-9.1701,-8.4201,-11.6901,-11.0001,-8.0501,-5.0201,-1.9001001,1.4498999,0.2998999,1.0198998,-0.3301001,-1.4701,1.3498999,0.1698999,4.1198997,0.8298999,0.1498999,1.4298999,1.3498999,0.7398999,-1.1501001,-3.6501,-4.9101,-3.0101001,3.3599,0.019899903,0.5298999,0.4898999,0.13989991,-1.0001001,0.1798999,-0.9401001,-2.5001001,-3.9801002,0.8798999,-1.1201001,0.31989992,-0.1001001,-0.5901001
-7.4601,-7.7001,-8.4401,-9.3301,-7.7701,-9.8901005,-10.6601,-7.6001,-1.5301001,1.8798999,1.4698999,0.4998999,3.4799,4.2999,2.3399,-4.8501,4.3799,2.2398999,-1.5001001,-0.2601001,0.1698999,1.6699,-1.2901001,-1.2601001,3.0398998,0.2098999,3.0298998,2.9099,1.2098999,0.28989992,1.1298999,-0.120100096,-1.5201001,-2.6701002,-3.7001002,-4.2801,-1.7401001,2.8899,-1.9801002,-2.3401,2.0198998
-7.0001,-7.7901,-8.310101,-8.7101,-7.7601,-9.4501,-12.8501005,-6.6801,-2.4201002,-0.6301001,-1.0701001,1.2198999,1.1599,3.2099,0.6998999,2.2498999,4.8499,-0.6101001,2.7798998,0.0698999,0.1898999,0.92989993,0.7198999,-0.2501001,-0.7301001,-0.0501001,1.1298999,-0.43010008,0.8798999,1.2899,0.7198999,-0.7801001,-3.0101001,-3.0401,-2.5901,-2.9401002,-1.4001001,0.3498999,2.2299,4.5499,3.7898998
-6.6701,-8.060101,-7.5801,-8.8801,-7.7001,-3.5901,-7.3501,-9.7401,-8.3001,-7.3201003,-3.7501001,2.7898998,2.1499,0.9498999,3.7698998,0.1098999,1.9199,0.1498999,0.8498999,1.1198999,3.4099,0.3798999,1.7899,2.4399,0.67989993,1.1998999,-0.0801001,-0.1901001,-1.5801,0.1598999,0.9198999,-0.1501001,-1.1601001,-1.5201001,-3.9101,-3.9901001,-1.7201,-1.2001001,-2.6401,-3.1701002,0.1098999
-5.6601,-4.7701,-5.6301003,-6.3601003,-8.4001,-9.810101,-0.6101001,-4.3001003,-6.7901,-7.0901003,-3.8901,-5.2901,3.2898998,3.3198998,-1.5101001,-1.3601002,-2.7501001,-0.090100095,-0.8101001,-1.4701,-2.2401001,1.5598999,0.4798999,1.6699,2.7398999,1.6599,3.0798998,2.3098998,2.7698998,2.4499,0.9698999,-0.0801001,-1.0301001,-2.3701,-1.4701,-2.4701002,-1.6501001,0.6298999,0.9098999,-0.2901001,-1.2201
-4.4701,-5.1501,-4.8001003,-5.4701,-4.7501,-4.7301,-7.7301,-8.2701,1.2598999,2.6999,-1.8401,-2.2701,-1.4401001,-0.5901001,-1.3701001,-1.8801001,-2.6301,-3.3701,-3.4501002,-3.0301,-2.1701002,1.5798999,4.2299,3.1799,3.8499,2.3799,2.9699,0.28989992,1.5498999,3.5098999,3.6199,2.0598998,0.6098999,0.2698999,-1.0401001,-1.9401001,-2.9001,-2.3001,0.6198999,-0.1701001,-1.0201001
-4.1301003,-5.4101,-6.6401,-6.3201003,-5.7801,-5.0601,-5.5901003,-6.3701,-5.3401003,-6.6501,-4.4301,1.3098999,2.4799,0.6598999,1.0998999,1.8698999,0.7698999,-1.4701,-0.6701001,-1.4001001,-0.1001001,-0.5401001,3.4499,-1.3801001,0.1898999,3.1799,3.0999,1.0399,1.7098999,0.9798999,4.1398997,4.2899,1.7098999,0.0698999,-0.7601001,-2.0101001,-1.9201001,-2.7401001,-2.5201,-2.1401,-1.7001001
-3.3501,-4.6001,-3.9901001,-5.4601,-5.7101,-3.8101,-3.8001,-2.9001,-3.6501,-3.8101,-0.6401001,-2.2501001,-2.7101002,-0.3201001,1.0798999,-0.1101001,-0.2201001,2.4399,-1.4601,-3.2801,0.4698999,-0.3801001,3.0999,4.3999,5.7599,5.1998997,3.7898998,3.1399,2.6699,0.1998999,-0.6801001,2.6899,3.6599,2.3499,1.5998999,0.3898999,-1.0901,-1.1801001,-2.5901,-3.0101001,-1.6501001
