wind.json
{"header": {"discipline":0,"disciplineName":"Meteorological products","gribEdition":2,"gribLength":1125,"center":7,"centerName":"US National Weather Service - NCEP(WMC)","subcenter":0,"refTime":"2023-07-01T12:00:00.000Z","significanceOfRT":1,"significanceOfRTName":"Start of forecast","productStatus":0,"productStatusName":"Operational products","productType":1,"productTypeName":"Forecast products","productDefinitionTemplate":0,"productDefinitionTemplateName":"Analysis/forecast at horizontal level/layer at a point in time","parameterCategory":2,"parameterCategoryName":"UnknownDiscipline_0_Category_2","parameterNumber":3,"parameterNumberName":"UnknownParameter_D0_C2_3","parameterUnit":"Unknown","genProcessType":2,"genProcessTypeName":"Forecast","forecastTime":180,"surface1Type":103,"surface1TypeName":"Specified height level above ground","surface1Value":10.0,"surface2Type":255,"surface2TypeName":"Missing","surface2Value":0.0,"gridDefinitionTemplate":0,"gridDefinitionTemplateName":"Latitude_Longitude","numberPoints":688,"shape":6,"shapeName":"Earth spherical with radius of 6,371,229.0 m","gridUnits":"degrees","resolution":48,"winds":"true","scanMode":64,"nx":43,"ny":16,"basicAngle":0,"lo1":45.0,"la1":40.0,"lo2":87.0,"la2":55.0,"dx":1.0,"dy":1.0}, "data":
[rows 0 to 15 of 16, columns 0 to 42 of 43]
-4.1968117,1.8831885,0.21318847,0.053188477,-1.0968115,-4.3468113,-3.0568116,-3.0768116,-0.5568115,-1.2868115,-2.2668116,-4.0168114,-3.6668115,-2.7768116,-3.4168115,-2.9268115,-1.6168115,-2.3168116,-3.3368115,-4.5868115,-1.2268115,1.8631885,-1.8368115,0.083188474,1.1031885,2.5831885,3.9931884,-0.57681155,-1.5068115,-1.6568115,-3.7168114,-2.3768115,-2.5168116,1.2531885,-0.036811523,5.7531886,1.0131885,-4.0568113,-8.466811,-8.526812,-1.9568115,4.4231887,0.90318847
2.4831884,-0.6268115,-0.70681155,-3.0968115,3.0731885,-2.1168115,-2.4268115,-0.16681153,0.53318846,-0.31681153,-2.5168116,-2.9068115,-5.5568113,-3.9668114,-3.9668114,-4.1368117,-1.5868115,-2.0668116,-1.8368115,-2.1468115,-3.1268115,-1.2168115,-0.7968115,-0.8568115,-0.7968115,-1.1868116,-2.3368115,1.8731885,-2.5268116,1.1831884,0.5531885,-1.7968116,-2.2868116,-3.2668116,-0.9368115,-1.7068115,1.6731884,1.2331885,-7.3268113,-11.626812,-3.1268115,-2.2168114,1.8331885
-0.7368115,-4.6468115,4.6931887,1.3231884,-1.9768115,-2.3068116,2.9531884,3.0131884,0.113188475,1.2731885,0.54318845,-2.0568116,-2.9068115,-4.3668118,-3.8468115,-3.0968115,-4.0668116,-1.2368115,-0.036811523,-2.4668114,-2.4868116,-2.0668116,-0.64681154,-1.2568115,-1.3268116,1.7331885,-0.34681153,-0.026811523,-0.82681155,2.7631884,0.72318846,2.1131885,3.3131886,1.9531884,-2.0968115,-2.1868114,-1.7468115,-1.0068115,-4.8268113,-6.1368117,-4.3168116,-3.6668115,3.6831884
2.4231884,2.6431885,1.5631884,2.4631884,1.6631885,1.5231885,3.8931885,2.1331885,1.7331885,1.6731884,1.4431884,-0.08681152,-1.9368116,-2.0668116,-3.5068116,-3.1168115,-3.1068115,-2.8468115,-1.2668115,-2.6168115,-1.2168115,-2.2968116,1.0031885,-1.6668115,0.033188477,-0.40681154,-0.066811524,0.5831885,1.8631885,2.0231886,-0.026811523,4.6831884,0.48318848,1.2931885,3.1431885,-1.1468115,-0.25681153,2.2231884,3.0731885,2.8131886,0.023188477,-1.5068115,-0.5468115
1.3831885,1.2731885,0.84318846,3.9531884,2.2331884,0.30318847,-0.5068115,1.1231885,3.5131884,4.1031885,2.8631885,1.2531885,0.053188477,-2.0968115,-3.7668116,-4.3868117,-3.6968114,-3.7768116,-3.4268115,-3.9368114,-0.8668115,-1.6768116,-2.1568115,-0.9468115,-1.4268116,-0.83681154,-0.026811523,2.2131884,3.7031884,2.7231884,3.5831885,0.5131885,0.113188475,0.8731885,-2.0168116,-2.1568115,-1.5468116,-1.3968115,0.033188477,-0.18681152,3.8931885,5.0131884,4.1331882
-1.4468116,0.84318846,1.8531885,0.033188477,-0.6368115,-0.89681154,-0.7368115,-0.096811526,0.42318848,3.6331885,3.2431884,2.2531884,0.8131885,-0.5468115,-3.2368116,-3.5568116,-3.7468116,-4.2168117,-4.5468116,-4.2268114,-2.8368115,-3.1668115,-3.7568116,-1.9268116,-2.8368115,-2.4968116,-2.8168116,-3.2368116,1.8731885,-1.6868116,-0.24681152,3.7331884,4.1031885,2.1131885,2.2831886,1.8731885,-0.5568115,-1.7168115,-1.2068115,-0.90681154,0.33318847,3.7631884,2.2831886
-0.6168115,-1.0068115,-0.0068115233,-0.14681153,0.13318847,-0.5668115,-1.3568115,-0.18681152,-0.15681152,-0.45681152,2.0531886,2.4931884,1.9631885,-2.4368114,-1.0668116,-2.5368116,-2.7368116,-3.2668116,-3.9968116,-4.2168117,-3.5668116,-2.4268115,-3.3668115,-3.1968114,-2.9668114,-4.2768116,-5.3768115,-5.5868115,-2.8968115,-3.1268115,-2.9668114,3.0131884,3.7231884,3.2531884,1.5831885,2.3731885,2.0431886,-0.9768115,2.5831885,0.8631885,-1.4668115,-0.12681152,0.4131885
2.9531884,2.4731884,0.23318848,0.14318848,-0.7268115,0.26318848,-0.8168115,-1.1368115,-1.1968116,-0.15681152,-0.46681154,0.113188475,-1.2268115,-1.4068115,-0.77681154,-1.0168115,-0.95681155,-2.8768115,-3.3068116,-3.5768116,-3.7868116,-2.2168114,-2.5968115,-3.3168116,-3.0468116,-3.2268114,-5.3368115,-4.6368117,-4.9268117,-5.0568113,-3.0268116,-1.9368116,1.8831885,2.2731886,2.0631886,1.4631885,-0.7368115,-1.0368115,-2.7768116,-0.9768115,0.6131885,0.113188475,-1.3368115
0.98318845,-1.5568116,-1.5268115,0.73318845,1.2031884,1.5631884,1.2831885,1.3931885,0.49318847,-0.016811524,-0.19681153,-0.8868115,-1.8868115,-1.4468116,-3.3168116,-0.21681152,-2.8168116,-3.6068115,-4.1068115,-3.4368114,-2.0768116,-0.76681155,-1.5768116,-3.0068116,-2.7968116,-2.1468115,-2.8968115,-1.9768115,-3.6168115,-5.3268113,-2.0568116,-2.4068115,1.0631884,3.4131885,2.1731884,1.4131885,1.7831885,0.96318847,-0.16681153,-0.71681154,0.6831885,0.84318846,-1.2968116
-1.6268115,0.6431885,-0.40681154,-1.2768115,3.0031884,2.9231884,1.8431885,1.9231884,1.5631884,0.29318848,0.013188477,-0.42681152,-1.6268115,-2.1268115,-0.096811526,-2.2368116,-2.7268114,-3.3468115,-3.9868116,-3.7868116,-4.1668115,-4.1368117,-2.3868115,-2.5868115,-3.2268114,-2.8668115,-1.6668115,-2.4468114,-0.48681152,-1.2168115,-0.28681153,0.43318847,0.90318847,2.8131886,2.2931886,3.9231884,2.3031886,2.4931884,-1.6168115,0.19318847,-0.3668115,-1.2168115,-1.3368115
-2.3268116,-3.7068114,0.98318845,3.5331886,2.5731885,2.0431886,0.8231885,0.0031884767,-0.6668115,-1.2168115,-1.4768115,-1.1168115,-1.7468115,-1.9268116,-2.0768116,-3.1468115,-3.8368115,-3.1668115,-4.3868117,-5.4968114,-6.0268116,-4.0368114,-2.9368114,-2.9568114,-3.6468115,-3.4368114,-2.2868116,-1.8368115,-0.8868115,-0.6768115,-0.026811523,-0.7568115,-1.1168115,-3.0168116,-2.2468116,3.9631884,2.4131885,1.5131885,0.78318846,-1.4768115,0.85318846,2.7831886,2.1031885
0.26318848,-3.8568115,-1.6968116,-1.3568115,1.2031884,0.65318847,-0.24681152,0.16318847,0.10318848,-0.31681153,-1.2468115,-1.8868115,-0.96681154,-1.1368115,-1.9068115,-1.0268115,-2.2668116,-3.0268116,-3.9868116,-4.0968113,-5.8068113,-4.9568114,-5.0468116,-3.1968114,-2.4168115,-2.3668115,-2.2868116,-2.4568114,-1.1968116,0.59318846,0.5631885,-2.1468115,-3.9568114,-2.4468114,2.1631885,4.7231884,4.2831883,1.6631885,1.6431885,2.5231886,1.5931885,1.6131885,0.5631885
1.9631885,0.2531885,0.033188477,0.40318847,1.4731885,2.2931886,2.3531885,1.6831884,0.85318846,0.17318848,-0.76681155,-0.70681155,-0.82681155,-1.6568115,-0.16681153,-2.1268115,-2.5168116,-2.7068114,-3.1668115,-3.0268116,-3.5968115,-3.8468115,-3.8168116,-4.1068115,-4.8268113,-2.5268116,-2.9568114,-3.6968114,-2.6568115,-1.4468116,-2.0468116,-4.3968115,-3.9568114,-4.8768115,0.12318847,1.6531885,2.5531886,2.4331884,1.9331884,2.5831885,2.3631885,2.1931884,0.84318846
1.7431885,2.0531886,2.3831885,2.1031885,2.1631885,2.2531884,2.4731884,1.9231884,1.0731884,1.0631884,0.033188477,0.53318846,-0.13681152,-0.71681154,0.10318848,-2.1968114,-2.7468116,-2.2468116,-1.8268116,-1.2868115,-2.6968114,-2.8568115,-2.6868114,-2.5868115,-1.5768116,-2.6368115,-3.4968116,-3.3968115,-2.8768115,-3.0568116,-0.6668115,-2.8168116,0.4431885,0.6131885,-1.1068115,0.7531885,2.2831886,3.1131885,2.2031884,1.4531884,3.0031884,1.7331885,0.4731885
0.90318847,2.0131884,2.0831885,3.0031884,4.0931883,3.7331884,2.4331884,2.3531885,1.9931885,1.9131885,1.1331885,0.8231885,0.8931885,-0.20681152,-0.70681155,-0.59681153,-2.1068115,-2.4368114,-2.6368115,-3.5868115,-3.2568116,-2.9068115,-2.4368114,-2.0968115,-1.1368115,-0.08681152,-0.6968115,-2.0468116,-2.0668116,-0.8768115,-0.59681153,0.8131885,-0.13681152,-1.4368116,-1.2468115,-0.9468115,0.7431885,1.2631885,0.5831885,0.9531885,1.3131884,1.8631885,2.0831885
-0.5668115,-0.7568115,-0.12681152,0.73318845,2.3131886,3.7931886,3.9731884,3.3031886,3.2631884,2.4131885,1.8231884,0.2531885,0.37318847,0.79318845,0.85318846,-0.6868115,-2.4168115,-2.4368114,-2.8468115,-4.3468113,-4.3268113,-4.6368117,-4.5768113,-3.7368116,-3.7368116,-2.6468115,-1.0168115,-0.48681152,-1.1168115,-0.4968115,-1.7968116,-1.2568115,-1.7468115,-1.9768115,-1.3768115,0.36318848,1.3631885,1.4331884,2.5331886,2.9331884,2.5031884,3.6231885,1.7131885
