wind_kz.json
{"header": {"discipline":0,"disciplineName":"Meteorological products","gribEdition":2,"gribLength":871,"center":7,"centerName":"US National Weather Service - NCEP(WMC)","subcenter":0,"refTime":"2023-09-29T12:00:00.000Z","significanceOfRT":1,"significanceOfRTName":"Start of forecast","productStatus":0,"productStatusName":"Operational products","productType":1,"productTypeName":"Forecast products","productDefinitionTemplate":0,"productDefinitionTemplateName":"Analysis/forecast at horizontal level/layer at a point in time","parameterCategory":0,"parameterCategoryName":"UnknownDiscipline_0_Category_0","parameterNumber":0,"parameterNumberName":"UnknownParameter_D0_C0_0","parameterUnit":"Unknown","genProcessType":2,"genProcessTypeName":"Forecast","forecastTime":0,"surface1Type":1,"surface1TypeName":"Ground or water surface","surface1Value":0.0,"surface2Type":255,"surface2TypeName":"Missing","surface2Value":0.0,"gridDefinitionTemplate":0,"gridDefinitionTemplateName":"Latitude_Longitude","numberPoints":615,"shape":6,"shapeName":"Earth spherical with radius of 6,371,229.0 m","gridUnits":"degrees","resolution":48,"winds":"true","scanMode":64,"nx":41,"ny":15,"basicAngle":0,"lo1":47.0,"la1":41.0,"lo2":87.0,"la2":55.0,"dx":1.0,"dy":1.0}, "data":
[rows 0 to 14 of 15, columns 0 to 40 of 41]
303.93735,291.83734,298.23737,295.13736,294.73737,293.93735,302.63736,307.83734,305.43735,304.33734,302.33734,302.43735,301.53735,301.73737,301.83734,301.43735,299.93735,302.13736,302.33734,302.03735,303.83734,299.43735,300.43735,294.33734,297.03735,298.63736,292.53735,279.43735,275.53735,275.83734,277.33734,276.93735,286.93735,294.03735,295.93735,295.53735,295.03735,294.63736,295.63736,295.33734,293.63736
283.43735,297.73737,294.83734,294.73737,294.53735,293.13736,308.33734,304.13736,302.73737,301.73737,301.93735,301.03735,301.03735,300.63736,301.23737,302.03735,297.43735,300.83734,300.23737,300.53735,300.23737,298.73737,296.93735,287.53735,278.53735,275.13736,286.63736,279.33734,281.43735,275.23737,280.33734,271.83734,280.23737,258.73737,274.93735,290.13736,290.73737,293.03735,295.23737,286.13736,284.93735
299.43735,294.33734,294.53735,293.83734,292.83734,304.53735,303.23737,302.13736,301.33734,299.83734,299.53735,300.33734,300.03735,300.53735,301.23737,301.03735,295.93735,298.03735,300.23737,299.73737,298.23737,298.03735,297.63736,291.33734,296.13736,293.93735,294.23737,294.63736,292.83734,280.43735,273.33734,276.53735,282.63736,283.53735,285.53735,283.73737,276.83734,279.43735,280.43735,272.13736,270.03735
299.83734,293.53735,294.13736,293.63736,295.13736,302.23737,301.03735,301.33734,300.83734,300.23737,300.13736,298.93735,291.33734,290.83734,299.03735,300.53735,299.73737,299.03735,298.43735,298.13736,296.43735,292.53735,295.53735,295.73737,295.73737,296.53735,297.13736,294.63736,293.13736,293.63736,293.13736,290.23737,295.03735,292.33734,291.93735,287.13736,275.03735,267.83734,279.13736,286.73737,289.53735
302.13736,293.23737,293.73737,292.83734,295.83734,300.03735,300.83734,301.13736,299.03735,299.73737,300.53735,298.93735,290.23737,289.83734,288.53735,298.23737,299.23737,298.03735,296.73737,296.23737,296.53735,296.33734,295.43735,295.73737,295.23737,294.63736,293.43735,293.33734,296.03735,296.33734,296.73737,292.93735,280.33734,272.23737,281.83734,288.73737,291.53735,292.33734,292.53735,294.03735,293.33734
305.13736,304.13736,292.23737,293.73737,293.03735,292.33734,298.83734,300.63736,298.03735,297.93735,299.63736,299.73737,291.53735,290.33734,294.13736,296.93735,297.53735,297.33734,296.03735,296.13736,295.63736,295.13736,294.83734,293.63736,293.93735,292.63736,293.53735,289.33734,295.93735,296.93735,296.03735,296.63736,294.63736,293.53735,290.13736,290.53735,285.23737,286.33734,290.93735,291.33734,291.23737
305.43735,304.93735,304.73737,304.13736,299.33734,300.83734,299.53735,298.43735,298.73737,298.43735,297.73737,297.33734,296.93735,298.33734,297.23737,297.63736,296.73737,296.83734,295.53735,294.23737,295.03735,294.53735,294.23737,292.83734,291.93735,293.13736,292.23737,294.23737,295.03735,295.43735,295.23737,294.13736,294.13736,293.43735,291.83734,289.23737,283.93735,281.03735,277.63736,275.33734,285.93735
303.43735,302.23737,303.83734,302.33734,301.23737,300.13736,299.73737,297.53735,297.13736,296.33734,295.33734,292.93735,293.53735,293.23737,294.43735,295.03735,294.33734,294.63736,294.03735,291.63736,292.73737,292.63736,292.03735,290.63736,290.03735,288.53735,289.23737,290.93735,290.43735,291.83734,291.93735,291.53735,291.33734,288.13736,288.03735,286.23737,287.73737,286.73737,285.73737,285.43735,281.53735
302.63736,301.43735,300.63736,299.73737,298.83734,298.43735,297.63736,296.73737,295.63736,293.73737,292.43735,292.93735,292.63736,293.93735,292.93735,294.13736,293.43735,292.93735,292.03735,290.73737,288.73737,286.93735,289.43735,289.43735,288.13736,287.53735,286.33734,286.93735,286.23737,285.13736,286.03735,286.03735,286.23737,286.93735,286.93735,283.23737,281.73737,282.23737,270.93735,271.53735,267.13736
300.43735,299.83734,299.63736,298.93735,298.23737,297.83734,296.53735,295.23737,294.23737,293.43735,292.33734,291.73737,292.63736,291.53735,291.33734,290.73737,291.63736,291.83734,291.53735,291.23737,289.93735,287.43735,287.83734,289.03735,288.33734,287.33734,287.13736,286.83734,286.13736,285.73737,284.83734,285.53735,285.13736,285.33734,285.13736,283.73737,281.53735,278.73737,273.83734,273.43735,269.53735
298.73737,298.53735,297.93735,295.93735,294.63736,292.83734,295.43735,293.03735,291.93735,292.53735,291.23737,291.03735,291.33734,290.13736,289.63736,288.93735,289.63736,289.83734,290.23737,288.23737,288.03735,287.73737,287.73737,287.43735,286.63736,286.23737,285.53735,287.43735,288.13736,288.03735,288.73737,288.43735,286.13736,286.03735,285.23737,283.53735,279.13736,276.23737,278.03735,276.43735,273.43735
295.23737,294.03735,293.63736,291.33734,290.43735,290.13736,290.73737,287.43735,290.53735,290.33734,289.03735,287.93735,290.43735,288.93735,288.83734,288.73737,288.43735,288.33734,288.23737,288.03735,285.93735,285.53735,284.83734,286.73737,286.63736,287.13736,287.83734,288.13736,288.33734,288.43735,286.53735,287.73737,288.23737,286.23737,284.83734,284.23737,283.63736,282.63736,281.53735,281.83734,279.73737
294.53735,296.03735,296.33734,295.03735,293.73737,292.53735,291.93735,288.93735,286.23737,287.43735,284.63736,281.73737,285.43735,287.13736,288.43735,288.53735,285.93735,286.53735,287.13736,286.63736,285.73737,284.93735,284.83734,284.13736,286.13736,287.23737,288.13736,287.93735,287.43735,287.13736,286.33734,286.53735,284.53735,283.33734,285.43735,283.23737,282.73737,283.13736,281.03735,280.03735,279.33734
293.73737,295.03735,290.13736,291.13736,293.03735,292.93735,290.93735,288.73737,289.33734,285.63736,282.43735,279.83734,281.63736,284.53735,285.73737,287.43735,284.43735,284.23737,286.93735,287.63736,287.23737,286.93735,286.93735,286.83734,286.23737,286.63736,286.83734,286.33734,284.73737,285.73737,286.43735,285.33734,284.33734,282.73737,282.93735,280.53735,280.73737,279.43735,278.73737,278.43735,280.93735
291.33734,294.23737,286.53735,291.23737,289.53735,289.63736,289.63736,289.23737,288.13736,287.63736,283.73737,282.13736,281.23737,282.23737,283.13736,283.93735,284.93735,283.73737,287.43735,286.43735,287.23737,287.13736,287.53735,286.43735,286.33734,285.53735,285.33734,284.03735,283.93735,283.63736,284.33734,283.63736,282.23737,283.03735,281.13736,280.23737,280.13736,281.13736,281.93735,281.43735,280.93735
