wind_kz.json
{"header": {"discipline":0,"disciplineName":"Meteorological products","gribEdition":2,"gribLength":871,"center":7,"centerName":"US National Weather Service - NCEP(WMC)","subcenter":0,"refTime":"2023-10-04T00:00:00.000Z","significanceOfRT":1,"significanceOfRTName":"Start of forecast","productStatus":0,"productStatusName":"Operational products","productType":1,"productTypeName":"Forecast products","productDefinitionTemplate":0,"productDefinitionTemplateName":"Analysis/forecast at horizontal level/layer at a point in time","parameterCategory":0,"parameterCategoryName":"UnknownDiscipline_0_Category_0","parameterNumber":0,"parameterNumberName":"UnknownParameter_D0_C0_0","parameterUnit":"Unknown","genProcessType":2,"genProcessTypeName":"Forecast","forecastTime":60,"surface1Type":1,"surface1TypeName":"Ground or water surface","surface1Value":0.0,"surface2Type":255,"surface2TypeName":"Missing","surface2Value":0.0,"gridDefinitionTemplate":0,"gridDefinitionTemplateName":"Latitude_Longitude","numberPoints":615,"shape":6,"shapeName":"Earth spherical with radius of 6,371,229.0 m","gridUnits":"degrees","resolution":48,"winds":"true","scanMode":64,"nx":41,"ny":15,"basicAngle":0,"lo1":47.0,"la1":41.0,"lo2":87.0,"la2":55.0,"dx":1.0,"dy":1.0}, "data":
[rows 0 to 14 of 15, columns 0 to 40 of 41]
300.13715,287.73715,294.93716,293.93716,293.93716,292.53717,298.33716,304.13715,301.73715,301.03717,298.73715,297.73715,296.33716,294.63715,294.73715,292.73715,293.33716,295.23715,296.03717,297.63715,296.03717,296.53717,297.93716,292.23715,296.63715,298.03717,292.23715,281.63715,280.33716,278.53717,276.63715,272.43716,287.63715,293.63715,294.53717,294.43716,293.53717,294.43716,294.63715,294.63715,292.43716
273.33716,295.83716,294.03717,293.83716,293.83716,292.13715,303.73715,302.73715,300.13715,298.83716,298.43716,294.73715,293.63715,288.73715,294.13715,292.53717,292.73715,298.53717,298.73715,299.33716,299.53717,299.63715,297.03717,286.13715,276.33716,279.13715,286.53717,280.63715,281.83716,275.93716,282.23715,272.03717,279.93716,254.33716,274.23715,291.73715,289.23715,291.03717,293.63715,286.93716,284.13715
298.73715,293.63715,293.63715,293.03717,291.53717,300.63715,300.73715,300.93716,298.83716,298.73715,294.33716,293.33716,291.03717,289.83716,293.33716,293.23715,295.53717,296.73715,297.13715,297.33716,298.33716,298.53717,298.43716,292.63715,296.33716,292.93716,294.23715,293.03717,290.63715,282.93716,274.93716,277.33716,282.23715,282.73715,283.93716,283.33716,275.23715,277.73715,279.33716,273.73715,271.73715
299.73715,292.53717,293.23715,292.43716,293.83716,300.63715,300.73715,299.83716,300.83716,300.03717,295.73715,291.23715,290.23715,289.53717,291.33716,291.73715,295.33716,295.83716,296.73715,296.63715,296.73715,292.63715,299.03717,297.83716,294.63715,293.13715,295.23715,292.93716,291.63715,292.73715,293.43716,291.23715,294.53717,293.53717,292.83716,288.43716,275.43716,264.73715,278.43716,286.93716,290.43716
300.33716,292.33716,292.53717,291.83716,295.23715,301.43716,300.83716,301.23715,299.73715,298.93716,297.13715,293.63715,289.23715,287.93716,286.63715,292.33716,291.73715,294.53717,295.43716,296.33716,297.43716,297.53717,296.93716,297.43716,294.53717,291.23715,290.33716,290.73715,292.43716,292.53717,294.93716,292.63715,281.33716,270.83716,281.43716,288.73715,291.33716,293.23715,293.33716,293.63715,293.03717
299.63715,299.63715,290.13715,290.93716,291.33716,290.93716,299.93716,300.43716,298.33716,298.43716,298.03717,294.73715,289.63715,288.83716,290.63715,291.33716,292.13715,294.53717,295.83716,296.83716,296.73715,296.13715,296.43716,295.73715,293.73715,289.73715,290.13715,288.23715,292.73715,293.43716,291.53717,292.83716,291.83716,291.83716,288.73715,290.43716,283.43716,284.63715,290.23715,291.13715,291.83716
299.83716,298.93716,300.03717,300.43716,296.03717,298.73715,298.63715,298.73715,298.63715,298.03717,297.63715,296.33716,293.13715,293.43716,290.33716,291.53717,291.83716,294.53717,295.03717,295.13715,294.73715,294.83716,295.13715,295.13715,293.03717,292.33716,292.33716,293.13715,292.23715,292.13715,292.03717,290.33716,290.93716,292.43716,290.53717,288.93716,283.73715,280.23715,279.03717,276.43716,286.73715
300.53717,300.73715,300.73715,300.43716,299.73715,299.53717,299.73715,298.33716,295.33716,293.43716,295.03717,293.83716,291.93716,293.03717,291.33716,290.03717,290.73715,293.43716,294.33716,292.83716,293.23715,292.93716,292.63715,292.03717,291.03717,288.23715,287.63715,288.13715,286.53717,288.33716,287.73715,288.83716,287.83716,285.63715,285.33716,285.83716,286.73715,285.73715,287.93716,287.53717,283.63715
298.73715,298.23715,297.63715,297.63715,298.13715,298.13715,297.23715,296.83716,296.33716,295.33716,292.53717,292.33716,291.43716,289.63715,287.93716,288.93716,289.83716,292.23715,292.13715,291.93716,291.03717,290.53717,291.03717,290.43716,288.53717,288.53717,286.33716,285.73715,284.83716,283.63715,283.73715,284.23715,284.93716,285.33716,285.13715,283.83716,283.03717,283.13715,270.53717,270.33716,267.83716
295.73715,296.13715,296.83716,297.63715,296.83716,296.83716,295.93716,295.43716,294.73715,294.13715,293.23715,289.53717,292.23715,290.23715,287.23715,287.03717,288.83716,290.63715,291.23715,291.83716,291.03717,290.43716,290.93716,290.93716,290.23715,288.43716,287.83716,286.73715,285.73715,285.13715,284.53717,285.23715,286.63715,286.03717,285.73715,284.43716,282.33716,277.03717,273.63715,273.23715,269.73715
292.73715,293.33716,293.93716,293.73715,294.83716,294.23715,294.13715,294.23715,293.33716,292.33716,290.83716,289.53717,290.13715,289.33716,287.33716,285.93716,286.83716,288.03717,290.13715,289.93716,290.33716,289.93716,289.63715,289.83716,288.83716,288.63715,286.23715,287.53717,287.23715,287.83716,287.23715,287.03717,286.23715,286.73715,286.33716,283.93716,279.83716,276.73715,277.33716,276.83716,275.53717
292.13715,293.13715,293.33716,292.83716,292.63715,292.43716,291.73715,290.93716,291.43716,291.33716,287.63715,288.33716,289.53717,288.43716,288.03717,287.73715,285.73715,286.73715,288.53717,288.43716,287.83716,287.33716,287.33716,287.83716,286.83716,287.73715,287.93716,288.13715,287.83716,287.73715,286.43716,285.93716,286.43716,283.93716,284.43716,283.53717,283.33716,282.43716,281.23715,281.03717,280.63715
289.33716,290.43716,291.33716,291.23715,291.63715,290.73715,290.63715,290.93716,289.53717,289.93716,286.13715,284.83716,287.83716,286.53717,287.13715,287.83716,286.43716,285.43716,287.63715,287.93716,287.93716,286.83716,285.93716,286.03717,287.23715,287.93716,288.53717,287.03717,287.13715,286.33716,286.33716,285.63715,284.73715,283.83716,284.03717,283.93716,282.43716,283.93716,281.13715,280.33716,280.43716
288.83716,289.23715,287.13715,289.83716,289.13715,289.13715,288.73715,288.03717,289.13715,288.83716,285.53717,282.43716,284.63715,286.53717,286.63715,285.93716,284.83716,283.93716,285.03717,288.13715,288.43716,287.63715,287.53717,287.43716,288.03717,287.83716,286.93716,287.13715,285.93716,286.03717,285.43716,284.53717,283.73715,282.33716,282.63715,280.73715,281.33716,281.13715,280.13715,279.53717,279.13715
286.93716,288.23715,284.93716,288.43716,288.43716,287.83716,287.53717,287.13715,287.93716,287.03717,285.73715,284.43716,282.83716,283.53717,284.43716,283.83716,283.83716,283.83716,284.53717,285.63715,288.53717,287.33716,287.13715,287.33716,287.03717,287.43716,287.23715,286.43716,286.33716,285.53717,284.63715,283.73715,283.53717,282.83716,282.73715,282.93716,282.03717,281.33716,281.73715,280.53717,281.83716
