wind_kz.json
{"header": {"discipline":0,"disciplineName":"Meteorological products","gribEdition":2,"gribLength":1025,"center":7,"centerName":"US National Weather Service - NCEP(WMC)","subcenter":0,"refTime":"2023-10-03T12:00:00.000Z","significanceOfRT":1,"significanceOfRTName":"Start of forecast","productStatus":0,"productStatusName":"Operational products","productType":1,"productTypeName":"Forecast products","productDefinitionTemplate":0,"productDefinitionTemplateName":"Analysis/forecast at horizontal level/layer at a point in time","parameterCategory":2,"parameterCategoryName":"UnknownDiscipline_0_Category_2","parameterNumber":2,"parameterNumberName":"UnknownParameter_D0_C2_2","parameterUnit":"Unknown","genProcessType":2,"genProcessTypeName":"Forecast","forecastTime":180,"surface1Type":103,"surface1TypeName":"Specified height level above ground","surface1Value":10.0,"surface2Type":255,"surface2TypeName":"Missing","surface2Value":0.0,"gridDefinitionTemplate":0,"gridDefinitionTemplateName":"Latitude_Longitude","numberPoints":615,"shape":6,"shapeName":"Earth spherical with radius of 6,371,229.0 m","gridUnits":"degrees","resolution":48,"winds":"true","scanMode":64,"nx":41,"ny":15,"basicAngle":0,"lo1":47.0,"la1":41.0,"lo2":87.0,"la2":55.0,"dx":1.0,"dy":1.0}, "data":
[rows 0 to 14 of 15, columns 0 to 40 of 41]
2.451587,0.31158692,2.131587,0.73158693,0.97158694,-8.358413,-7.248413,-8.458413,-9.378413,-4.0084133,-5.218413,-4.958413,-4.038413,-2.3784132,-1.928413,-0.6584131,0.2915869,-2.838413,-3.968413,-2.6284132,0.2615869,-0.9284131,-1.7484131,-2.338413,0.8015869,-1.6084131,-2.848413,-3.078413,0.9315869,-0.15841308,-0.25841308,1.6715869,0.4215869,1.5315869,-0.5084131,0.6415869,3.491587,2.5815868,1.8915869,1.1015869,1.071587
3.7915869,2.381587,-4.158413,-7.5684133,-8.278413,-10.518414,-5.828413,-9.628413,-7.0484133,-6.018413,-4.8384132,-5.188413,-3.6584132,-1.9784131,-0.9484131,-0.078413084,1.9115869,-1.158413,-2.1384132,-2.6584132,-3.1984131,-1.9784131,-1.7284131,-3.008413,-0.6184131,0.021586914,-0.8084131,-0.9984131,-2.058413,-1.9584131,-0.038413085,-0.24841309,1.6815869,-3.088413,-0.068413086,0.40158692,0.17158692,-0.08841309,-0.8484131,2.031587,2.171587
0.17158692,-4.418413,-6.098413,-9.598413,-10.818413,-8.828413,-8.128413,-5.888413,-7.438413,-5.748413,-5.678413,-4.918413,-2.998413,-2.768413,-2.288413,-2.8784132,-4.268413,-3.058413,-3.068413,-0.20841308,-2.798413,-2.868413,-2.3884132,-1.548413,-0.5984131,-0.16841309,0.101586916,-1.928413,-2.278413,-0.8884131,-0.24841309,1.6615869,-0.41841307,-0.3984131,0.17158692,-0.28841308,0.5915869,-0.16841309,1.971587,1.461587,1.341587
-4.328413,-5.498413,-7.658413,-8.758413,-8.218413,-8.438413,-5.168413,-6.638413,-5.708413,-5.378413,-4.748413,-5.448413,-7.368413,-6.728413,-3.258413,-4.0284133,-3.868413,-3.3884132,-3.258413,-1.678413,-0.7184131,-1.558413,1.581587,-1.8684131,-0.11841308,0.98158693,0.3515869,-0.08841309,-0.4884131,-1.5684131,-2.808413,-4.658413,-3.248413,-2.608413,-2.518413,-2.4484131,-1.6184131,1.4015869,0.6415869,1.8115869,1.191587
-2.738413,-4.908413,-6.998413,-7.5284133,-8.358413,-6.748413,-5.598413,-5.728413,-5.5684133,-4.978413,-4.8384132,-5.3184133,-6.888413,-7.658413,-6.808413,-4.118413,-4.218413,-3.288413,-2.548413,-1.5784131,-0.51841307,-0.28841308,0.16158691,1.6115869,-2.028413,-2.808413,-2.738413,-2.1484132,-2.9084132,-1.8184131,1.471587,-2.098413,-2.3884132,1.5615869,1.9015869,0.9415869,2.3615868,2.961587,3.471587,3.211587,3.001587
-2.6284132,-3.1684132,-6.388413,-8.478413,-8.458413,-8.358413,-5.848413,-5.2984133,-4.688413,-4.0884132,-4.248413,-4.348413,-4.608413,-6.708413,-5.878413,-3.4284132,-3.9284132,-3.6384132,-2.748413,-0.13841309,-2.848413,-1.928413,-0.13841309,1.1815869,1.221587,-1.298413,-0.8084131,-0.8084131,-0.058413085,0.0015869141,-0.82841307,-2.078413,-3.558413,-3.248413,-0.64841306,-0.5684131,0.14158691,0.8615869,5.9715867,3.021587,-1.4484131
-4.878413,-4.288413,-4.358413,-4.368413,-5.198413,-4.488413,-4.168413,-4.188413,-4.138413,-3.718413,-3.9384131,-3.9084132,-3.518413,-3.288413,-2.9484131,-2.998413,-3.088413,-3.088413,-2.9384131,-2.358413,-3.308413,-2.1784132,-2.998413,-1.5984131,2.181587,0.60158694,0.37158692,-0.37841308,-1.0784131,-1.558413,-2.068413,-2.4084132,-2.1784132,-2.108413,-3.328413,-2.058413,-1.048413,1.701587,1.8915869,0.4415869,2.181587
-3.248413,-5.5084133,-5.898413,-5.0284133,-3.9284132,-3.588413,-4.208413,-3.6684132,-3.1284132,-3.4284132,-2.9084132,-3.088413,-2.828413,-2.828413,-2.048413,-2.368413,-2.738413,-2.368413,-2.498413,-3.1884131,-2.978413,-2.828413,-3.048413,-2.9284132,-2.248413,0.6515869,2.031587,-0.3984131,1.211587,0.72158694,0.43158692,2.1115868,-0.77841306,1.951587,-0.018413085,2.2915869,2.401587,3.3515868,2.381587,2.5415869,0.041586913
-5.208413,-4.5684133,-4.038413,-5.2784133,-3.848413,-4.348413,-3.508413,-3.1984131,-3.098413,-2.358413,-2.078413,-1.8284131,-1.6884131,-1.9884131,-1.298413,-1.2284131,-2.118413,-2.508413,-2.008413,-1.8784131,-2.3784132,-1.8884131,-1.7384131,-0.5084131,-1.298413,-0.8884131,-0.21841308,1.8115869,2.501587,-0.038413085,1.7315869,2.271587,4.601587,0.4215869,2.251587,1.221587,0.6315869,-0.8884131,-0.47841308,0.6515869,-0.4884131
-4.938413,-2.4384131,-3.1784132,-3.098413,-2.998413,-2.618413,-2.6684132,-2.1584132,-1.778413,-1.1084131,-0.7284131,-0.18841308,-0.19841309,0.5115869,0.5015869,0.5115869,0.11158691,0.101586916,0.2915869,-0.38841307,-0.44841307,0.09158692,0.73158693,0.6815869,0.7015869,0.8315869,0.7715869,1.6315869,0.6515869,4.091587,2.5915868,3.231587,3.8715868,1.5415869,0.6315869,1.081587,-1.528413,-0.2684131,-0.19841309,0.85158694,-0.6684131
-4.578413,-4.408413,-4.0884132,-2.868413,-2.1484132,-1.668413,-1.4684131,-1.038413,-0.83841306,-0.1784131,0.4715869,1.0615869,1.7415869,1.8015869,2.141587,2.231587,2.0715868,1.8615869,1.091587,2.2915869,2.631587,2.8515868,2.2915869,2.0715868,2.0815868,2.011587,3.0815868,3.631587,3.971587,1.5515869,4.441587,6.4715867,3.0415869,1.6015869,1.081587,-0.95841306,-1.1484131,0.37158692,-0.9384131,1.1815869,-1.418413
-2.578413,-3.008413,-2.858413,-2.078413,-1.5784131,-1.2284131,-1.3584131,-0.70841306,0.3915869,0.051586915,0.2515869,2.001587,1.5115869,1.9015869,2.781587,2.751587,2.951587,3.141587,2.5915868,3.251587,3.1115868,3.1015868,3.001587,3.441587,3.021587,3.6115868,4.051587,4.981587,5.7415867,5.561587,5.851587,5.9115868,5.891587,2.501587,1.071587,1.9815869,2.3715868,0.011586914,-0.5484131,-0.7184131,-0.23841308
-2.348413,-1.9584131,-1.3984131,-0.70841306,-0.47841308,-0.58841306,-0.37841308,0.071586914,1.211587,0.8315869,0.2915869,2.1215868,2.401587,2.5415869,3.211587,3.501587,3.3115869,3.431587,3.281587,3.3015869,2.981587,3.421587,3.8215868,3.951587,4.731587,4.961587,5.531587,6.091587,6.551587,6.441587,6.261587,7.131587,5.691587,4.9915867,3.651587,1.441587,1.9915869,1.0015869,-0.5484131,-0.7584131,-0.9984131
-1.1484131,-0.6884131,0.97158694,0.4715869,0.6415869,1.081587,1.341587,1.6315869,1.5415869,1.9915869,0.6515869,2.651587,2.3415868,3.651587,3.911587,4.081587,4.371587,4.1815867,3.911587,4.111587,3.8415868,4.021587,4.4115868,5.071587,5.4315867,5.6615868,5.561587,5.871587,6.251587,6.291587,6.331587,7.051587,5.691587,6.481587,4.531587,1.071587,-0.1784131,0.08158691,-0.9084131,0.27158692,-0.3584131
-0.11841308,1.5515869,5.251587,1.8015869,2.651587,2.8115869,3.8515868,3.211587,3.411587,3.0915868,2.1215868,4.441587,3.8315868,3.3215868,3.5815868,4.391587,4.541587,4.821587,4.311587,4.9915867,5.4315867,5.311587,4.551587,5.171587,5.621587,6.141587,5.831587,5.9915867,5.9315867,6.521587,6.801587,8.631587,7.2015867,6.271587,5.351587,3.5915868,0.23158692,0.7615869,0.79158694,-0.25841308,-1.658413
