wind_kz.json
{"header": {"discipline":0,"disciplineName":"Meteorological products","gribEdition":2,"gribLength":871,"center":7,"centerName":"US National Weather Service - NCEP(WMC)","subcenter":0,"refTime":"2023-10-03T00:00:00.000Z","significanceOfRT":1,"significanceOfRTName":"Start of forecast","productStatus":0,"productStatusName":"Operational products","productType":1,"productTypeName":"Forecast products","productDefinitionTemplate":0,"productDefinitionTemplateName":"Analysis/forecast at horizontal level/layer at a point in time","parameterCategory":0,"parameterCategoryName":"UnknownDiscipline_0_Category_0","parameterNumber":0,"parameterNumberName":"UnknownParameter_D0_C0_0","parameterUnit":"Unknown","genProcessType":2,"genProcessTypeName":"Forecast","forecastTime":240,"surface1Type":1,"surface1TypeName":"Ground or water surface","surface1Value":0.0,"surface2Type":255,"surface2TypeName":"Missing","surface2Value":0.0,"gridDefinitionTemplate":0,"gridDefinitionTemplateName":"Latitude_Longitude","numberPoints":615,"shape":6,"shapeName":"Earth spherical with radius of 6,371,229.0 m","gridUnits":"degrees","resolution":48,"winds":"true","scanMode":64,"nx":41,"ny":15,"basicAngle":0,"lo1":47.0,"la1":41.0,"lo2":87.0,"la2":55.0,"dx":1.0,"dy":1.0}, "data":
[rows 0 to 14 of 15, columns 0 to 40 of 41]
281.83823,275.53824,278.03824,292.73822,292.33823,290.83823,285.73822,284.23822,281.63824,281.93823,281.83823,284.53824,283.63824,283.83823,283.83823,281.53824,284.23822,284.33823,284.53824,284.03824,285.33823,287.53824,288.13824,283.23822,285.93823,287.83823,285.23822,273.63824,271.03824,271.13824,270.13824,266.13824,279.33823,285.23822,286.83823,287.43823,287.33823,286.03824,285.93823,285.53824,286.23822
261.73822,277.13824,292.33823,292.23822,292.23822,290.53824,281.33823,280.33823,279.03824,279.63824,280.53824,281.33823,281.13824,280.13824,278.03824,278.03824,280.73822,284.53824,284.53824,284.13824,284.93823,286.13824,285.43823,282.33823,273.33823,272.23822,280.93823,275.23822,274.63824,267.63824,275.03824,262.43823,271.63824,250.03824,270.63824,283.43823,281.83823,284.43823,287.23822,280.23822,283.33823
278.53824,292.03824,292.03824,291.43823,289.83823,279.53824,278.63824,277.73822,276.93823,276.63824,277.63824,277.73822,277.33823,277.83823,277.83823,275.33823,275.83823,276.13824,278.43823,282.83823,283.13824,284.63824,285.63824,283.43823,284.43823,284.43823,286.93823,287.83823,284.53824,279.33823,270.53824,272.53824,277.03824,275.43823,277.73822,278.23822,271.63824,270.83823,271.33823,268.53824,269.03824
282.23822,290.93823,291.63824,290.83823,287.03824,278.03824,278.53824,277.03824,276.93823,275.63824,275.43823,275.93823,288.73822,288.03824,277.83823,274.93823,277.03824,275.43823,276.23822,276.93823,281.03824,280.63824,283.03824,283.33823,284.63824,287.43823,288.63824,287.73822,286.33823,287.23822,286.13824,285.93823,286.63824,286.43823,284.83823,282.83823,270.03824,264.63824,274.03824,280.73822,284.53824
284.53824,290.53824,290.73822,289.93823,285.93823,279.33823,279.73822,278.83823,277.63824,276.73822,275.63824,273.73822,287.43823,286.23822,285.03824,276.03824,276.43823,276.93823,275.33823,278.83823,279.63824,281.33823,284.53824,284.33823,283.73822,285.93823,287.33823,287.13824,287.73822,288.63824,289.33823,285.63824,276.03824,268.23822,275.83823,283.43823,285.73822,286.73822,286.83823,287.63824,287.43823
283.13824,282.63824,288.63824,289.13824,289.33823,288.73822,279.23822,279.53824,277.63824,276.83823,277.43823,276.53824,285.23822,287.03824,280.83823,274.73822,277.73822,275.73822,276.53824,277.93823,278.63824,279.73822,281.93823,283.43823,284.23822,283.43823,287.83823,285.73822,288.23822,288.63824,287.93823,289.13824,286.93823,285.03824,284.83823,287.33823,279.43823,280.03824,282.13824,285.73822,285.53824
282.93823,281.93823,282.63824,282.43823,283.43823,280.43823,279.83823,278.43823,278.13824,278.23822,275.93823,275.63824,274.93823,274.93823,274.33823,276.13824,275.23822,276.23822,275.13824,275.83823,276.73822,277.73822,279.83823,282.43823,283.13824,284.23822,285.03824,288.13824,287.23822,287.53824,286.33823,286.93823,285.83823,286.03824,286.53824,285.33823,280.13824,277.03824,273.13824,272.03824,281.33823
283.23822,282.33823,282.33823,281.93823,281.73822,280.83823,279.63824,278.23822,277.03824,276.63824,275.53824,274.83823,274.13824,275.23822,275.73822,275.83823,276.13824,275.73822,275.13824,273.33823,274.63824,275.93823,276.83823,279.43823,280.43823,279.73822,280.83823,283.83823,284.33823,285.33823,283.33823,284.23822,283.13824,280.83823,281.03824,279.63824,282.73822,284.43823,283.53824,282.53824,278.23822
283.23822,282.43823,281.93823,281.23822,281.03824,279.83823,279.23822,277.93823,276.73822,275.73822,274.63824,273.83823,273.23822,274.23822,273.93823,274.93823,274.73822,274.43823,273.83823,273.33823,272.13824,273.13824,274.83823,276.93823,277.13824,278.93823,278.63824,279.73822,281.23822,281.13824,282.43823,282.13824,284.03824,283.53824,283.33823,281.23822,279.93823,279.83823,271.33823,271.43823,269.73822
281.83823,282.63824,282.23822,281.43823,280.83823,280.23822,278.83823,277.43823,276.13824,275.43823,274.03824,273.23822,273.73822,273.43823,273.43823,273.93823,274.23822,273.73822,272.93823,272.33823,271.83823,272.83823,274.43823,274.93823,277.33823,278.03824,278.43823,279.63824,278.73822,279.53824,280.33823,281.13824,282.93823,284.43823,287.33823,282.53824,281.63824,276.43823,271.63824,272.93823,271.33823
279.83823,281.43823,280.93823,281.03824,280.93823,280.03824,279.53824,279.03824,278.03824,276.43823,274.83823,274.73822,275.43823,273.83823,273.53824,273.93823,273.33823,273.63824,272.93823,272.63824,273.03824,272.53824,273.23822,273.93823,274.63824,276.83823,275.83823,278.23822,280.23822,278.73822,280.13824,282.03824,282.33823,284.13824,288.73822,287.33823,281.73822,276.13824,274.53824,275.23822,273.13824
278.53824,278.53824,277.73822,278.73822,279.23822,278.83823,278.63824,277.93823,278.33823,278.03824,275.13824,274.13824,275.33823,274.13824,274.03824,273.93823,273.43823,273.13824,272.83823,272.83823,272.03824,271.93823,271.83823,272.23822,272.63824,274.93823,276.73822,277.83823,277.93823,279.83823,278.33823,279.63824,280.43823,281.33823,282.83823,288.23822,286.73822,285.63824,282.33823,280.43823,278.63824
276.23822,276.73822,277.13824,276.53824,276.53824,276.53824,278.53824,277.33823,277.23822,277.53824,274.53824,273.13824,274.73822,274.13824,274.43823,274.23822,273.53824,273.03824,273.33823,272.63824,272.13824,271.23822,270.53824,270.93823,272.23822,273.83823,276.43823,275.93823,277.33823,277.03824,278.63824,279.73822,280.03824,279.93823,281.43823,282.13824,284.43823,285.63824,284.43823,280.63824,280.33823
277.63824,277.33823,280.73822,277.03824,276.33823,275.83823,275.63824,274.83823,277.73822,277.13824,273.43823,272.13824,273.33823,274.33823,274.93823,274.73822,272.93823,272.53824,272.53824,272.43823,272.53824,272.33823,272.63824,272.73822,273.33823,273.23822,273.03824,274.73822,274.93823,275.63824,277.33823,277.53824,279.03824,278.63824,280.43823,280.43823,282.33823,282.43823,283.03824,280.43823,279.23822
277.33823,278.13824,283.63824,277.43823,276.73822,275.63824,275.73822,275.43823,275.63824,276.43823,275.03824,273.83823,273.13824,274.03824,274.13824,274.73822,273.53824,271.53824,272.03824,271.73822,272.03824,272.13824,272.23822,272.23822,272.53824,272.93823,273.03824,272.83823,274.03824,274.33823,275.43823,279.03824,276.13824,277.53824,279.13824,280.73822,281.73822,281.13824,283.53824,282.83823,280.23822
