wind_kz.json
{"header": {"discipline":0,"disciplineName":"Meteorological products","gribEdition":2,"gribLength":871,"center":7,"centerName":"US National Weather Service - NCEP(WMC)","subcenter":0,"refTime":"2024-04-08T12:00:00.000Z","significanceOfRT":1,"significanceOfRTName":"Start of forecast","productStatus":0,"productStatusName":"Operational products","productType":1,"productTypeName":"Forecast products","productDefinitionTemplate":0,"productDefinitionTemplateName":"Analysis/forecast at horizontal level/layer at a point in time","parameterCategory":0,"parameterCategoryName":"UnknownDiscipline_0_Category_0","parameterNumber":0,"parameterNumberName":"UnknownParameter_D0_C0_0","parameterUnit":"Unknown","genProcessType":2,"genProcessTypeName":"Forecast","forecastTime":300,"surface1Type":1,"surface1TypeName":"Ground or water surface","surface1Value":0.0,"surface2Type":255,"surface2TypeName":"Missing","surface2Value":0.0,"gridDefinitionTemplate":0,"gridDefinitionTemplateName":"Latitude_Longitude","numberPoints":615,"shape":6,"shapeName":"Earth spherical with radius of 6,371,229.0 m","gridUnits":"degrees","resolution":48,"winds":"true","scanMode":64,"nx":41,"ny":15,"basicAngle":0,"lo1":47.0,"la1":41.0,"lo2":87.0,"la2":55.0,"dx":1.0,"dy":1.0}, "data":
[rows 0 to 14 of 15, columns 0 to 40 of 41]
286.4121,283.4121,284.61212,282.9121,283.8121,284.9121,288.11212,293.11212,294.11212,295.01212,293.01212,293.61212,292.4121,292.51212,292.3121,290.7121,290.4121,288.7121,290.9121,288.01212,289.7121,287.01212,286.01212,282.2121,285.9121,288.01212,283.8121,273.01212,273.3121,272.4121,269.2121,266.4121,280.61212,285.51212,288.2121,288.4121,287.51212,287.3121,288.51212,289.01212,288.8121
272.3121,284.4121,283.11212,283.11212,283.4121,284.01212,292.3121,292.51212,295.11212,295.2121,292.51212,292.2121,291.61212,291.11212,292.01212,291.3121,291.4121,290.8121,289.51212,289.51212,288.7121,286.61212,282.9121,277.8121,269.9121,269.51212,278.51212,275.3121,277.8121,268.2121,276.11212,262.3121,273.11212,251.1121,263.8121,284.4121,283.9121,285.4121,288.3121,282.51212,279.7121
284.51212,283.2121,283.01212,283.3121,283.3121,289.11212,291.11212,293.61212,295.11212,293.9121,292.01212,292.01212,291.7121,291.11212,291.01212,291.3121,290.8121,289.51212,289.3121,289.4121,289.01212,288.2121,286.4121,281.2121,281.8121,280.11212,282.11212,287.01212,285.3121,279.7121,270.51212,274.2121,278.01212,279.01212,280.01212,279.8121,272.2121,277.01212,277.3121,272.4121,268.61212
287.01212,284.4121,283.4121,283.3121,284.7121,288.61212,290.11212,290.51212,295.4121,293.2121,291.3121,290.8121,286.51212,287.11212,290.4121,290.4121,289.11212,289.8121,289.51212,289.01212,286.9121,282.2121,286.3121,286.61212,287.2121,286.11212,285.4121,286.4121,282.8121,286.2121,287.01212,285.51212,287.8121,289.3121,285.9121,281.2121,273.4121,266.01212,276.2121,283.7121,286.8121
287.9121,285.3121,284.3121,284.7121,285.8121,288.61212,290.11212,290.51212,293.01212,294.11212,291.3121,288.8121,286.11212,285.9121,284.11212,288.61212,288.01212,287.4121,287.9121,288.01212,287.8121,288.3121,287.61212,287.61212,286.9121,286.51212,284.3121,282.11212,286.4121,286.9121,290.2121,288.8121,278.7121,270.61212,281.61212,288.2121,285.4121,290.2121,290.2121,290.2121,288.11212
286.51212,286.8121,285.4121,284.2121,282.8121,283.3121,289.11212,290.7121,290.7121,291.9121,290.8121,290.3121,285.3121,285.2121,281.4121,288.11212,288.61212,287.8121,288.61212,287.7121,287.9121,286.9121,287.11212,286.61212,285.9121,285.9121,285.61212,271.8121,285.7121,286.9121,288.01212,288.01212,287.9121,285.8121,285.11212,283.01212,280.2121,282.11212,289.11212,289.61212,288.01212
284.61212,285.3121,286.7121,287.7121,285.8121,288.01212,289.3121,290.4121,291.51212,292.9121,291.01212,289.3121,287.51212,287.11212,287.11212,288.4121,288.3121,288.3121,287.7121,287.2121,286.4121,286.9121,286.8121,286.2121,285.11212,285.01212,284.3121,285.2121,285.2121,285.4121,285.11212,287.01212,286.9121,287.4121,285.51212,284.8121,282.01212,279.3121,277.9121,277.01212,285.3121
283.61212,284.11212,285.7121,286.51212,287.8121,288.4121,289.01212,288.61212,288.8121,291.61212,290.3121,288.9121,286.61212,285.61212,286.4121,287.51212,287.01212,287.01212,286.01212,285.4121,284.4121,285.11212,285.3121,285.01212,283.51212,281.2121,281.61212,283.01212,281.4121,282.61212,281.8121,282.11212,282.7121,280.9121,280.01212,282.01212,284.51212,273.11212,285.7121,285.11212,283.11212
282.51212,282.51212,284.3121,284.51212,285.9121,286.8121,286.8121,287.4121,290.4121,290.61212,288.4121,286.9121,285.2121,285.61212,285.61212,285.2121,285.51212,284.9121,285.3121,284.51212,283.4121,282.11212,283.4121,283.61212,282.61212,282.51212,280.61212,280.4121,279.51212,278.61212,279.7121,280.2121,281.51212,281.2121,281.2121,280.4121,281.61212,281.7121,270.11212,272.3121,267.8121
283.01212,282.8121,284.51212,283.51212,285.01212,285.8121,285.2121,286.8121,289.3121,289.8121,287.9121,286.4121,286.01212,284.7121,285.01212,284.7121,285.3121,284.9121,285.01212,284.51212,284.61212,283.8121,283.2121,283.61212,284.01212,283.2121,282.9121,281.9121,281.4121,280.9121,281.01212,282.01212,283.51212,282.9121,282.4121,282.3121,280.4121,278.01212,273.2121,274.8121,272.7121
282.11212,282.61212,285.01212,285.3121,285.61212,285.3121,285.7121,287.11212,288.8121,289.2121,287.4121,286.9121,285.11212,285.2121,284.51212,284.4121,284.7121,284.51212,284.8121,284.51212,284.8121,284.3121,284.01212,284.2121,284.11212,283.4121,282.2121,282.51212,282.61212,283.11212,284.01212,284.3121,284.4121,284.11212,284.01212,282.51212,279.4121,276.4121,277.11212,277.7121,275.11212
281.9121,285.2121,284.8121,284.61212,284.7121,284.7121,285.01212,287.2121,288.61212,288.51212,286.2121,284.2121,284.2121,284.11212,284.7121,284.51212,284.61212,284.61212,284.61212,284.2121,283.01212,282.8121,282.9121,282.51212,282.51212,282.8121,282.3121,284.3121,284.01212,284.61212,283.9121,283.3121,283.4121,282.61212,282.61212,282.51212,282.11212,281.9121,280.9121,282.3121,282.2121
282.51212,284.3121,284.61212,284.61212,284.8121,285.01212,286.3121,288.11212,287.8121,289.01212,285.51212,283.3121,284.3121,284.61212,284.7121,284.2121,284.2121,284.4121,283.61212,283.4121,283.2121,282.51212,282.51212,282.8121,282.4121,284.01212,284.4121,283.61212,283.4121,283.4121,283.01212,282.9121,282.01212,281.3121,280.9121,280.11212,279.7121,279.9121,278.9121,278.4121,278.3121
283.11212,284.11212,277.8121,283.51212,283.3121,284.61212,287.3121,288.01212,289.4121,288.61212,286.9121,283.01212,281.8121,284.11212,285.11212,284.61212,284.51212,284.61212,284.01212,283.4121,283.3121,283.7121,283.7121,284.11212,284.01212,283.7121,283.11212,282.4121,281.51212,280.8121,280.8121,279.9121,279.3121,278.11212,277.11212,275.8121,275.8121,275.3121,275.11212,273.61212,275.51212
282.9121,283.8121,273.2121,283.2121,283.01212,284.01212,286.7121,288.01212,288.61212,288.11212,287.2121,284.51212,283.51212,282.4121,283.8121,284.7121,284.51212,283.9121,284.11212,283.61212,283.2121,283.3121,283.2121,282.61212,282.01212,281.51212,280.8121,279.9121,279.01212,278.4121,277.8121,275.11212,276.2121,275.7121,275.2121,274.7121,274.61212,273.8121,273.9121,273.7121,273.8121
