wind_kz.json
{"header": {"discipline":0,"disciplineName":"Meteorological products","gribEdition":2,"gribLength":1025,"center":7,"centerName":"US National Weather Service - NCEP(WMC)","subcenter":0,"refTime":"2023-09-25T00:00:00.000Z","significanceOfRT":1,"significanceOfRTName":"Start of forecast","productStatus":0,"productStatusName":"Operational products","productType":1,"productTypeName":"Forecast products","productDefinitionTemplate":0,"productDefinitionTemplateName":"Analysis/forecast at horizontal level/layer at a point in time","parameterCategory":2,"parameterCategoryName":"UnknownDiscipline_0_Category_2","parameterNumber":3,"parameterNumberName":"UnknownParameter_D0_C2_3","parameterUnit":"Unknown","genProcessType":2,"genProcessTypeName":"Forecast","forecastTime":0,"surface1Type":103,"surface1TypeName":"Specified height level above ground","surface1Value":10.0,"surface2Type":255,"surface2TypeName":"Missing","surface2Value":0.0,"gridDefinitionTemplate":0,"gridDefinitionTemplateName":"Latitude_Longitude","numberPoints":615,"shape":6,"shapeName":"Earth spherical with radius of 6,371,229.0 m","gridUnits":"degrees","resolution":48,"winds":"true","scanMode":64,"nx":41,"ny":15,"basicAngle":0,"lo1":47.0,"la1":41.0,"lo2":87.0,"la2":55.0,"dx":1.0,"dy":1.0}, "data":
[rows 0 to 14 of 15, columns 0 to 40 of 41]
-0.10888184,-1.8888818,2.7511182,2.841118,1.9311181,0.28111815,-0.58888185,-1.1488818,-2.0288818,-1.5688819,-3.648882,-2.868882,-2.908882,-3.2788818,-4.028882,-4.3888817,-4.688882,-2.0988817,-3.8388817,-2.0388818,-2.5788817,-3.128882,1.4511181,-0.59888184,-1.6288818,-0.8688818,-0.90888184,-0.42888182,0.021118164,0.121118166,-3.158882,-4.038882,0.35111818,-1.7888818,1.4211181,1.9411181,1.6811181,1.6411182,0.16111816,-0.34888184,4.241118
3.371118,0.6911182,3.861118,3.6811182,2.4411182,0.58111817,-1.9988818,-0.11888184,-1.4288819,-1.7388818,-2.868882,-3.5088818,-2.8488817,-2.9488819,-4.458882,-4.3688817,-3.0888817,-2.888882,-3.878882,-3.5888817,-4.8888817,-6.0988817,1.3911182,1.2311182,-0.72888184,-1.6788819,-3.398882,-0.018881835,-0.26888183,-1.2488818,2.2711182,1.8711182,-1.2588818,-3.6988819,-4.398882,-0.40888184,-0.8188818,-0.96888185,0.77111816,-3.0488818,1.0111182
1.8411182,3.9111183,4.3411183,3.0311182,1.5711181,0.42111817,-0.088881835,-1.5988818,-0.89888185,-2.3388817,-3.1888819,-2.2888818,-2.2488818,-3.0988817,-3.4688818,-3.628882,-3.428882,-3.5988817,-3.5188818,-3.5788817,-2.378882,-6.418882,-6.958882,-2.138882,-1.7088819,-0.42888182,-1.0888819,-0.72888184,-0.95888186,-0.33888185,1.2111182,0.18111816,1.2211182,-1.1288818,-1.0188818,0.71111816,-0.6888818,-2.0388818,-0.23888184,-0.048881836,-0.69888186
1.2811182,1.6411182,1.9411181,1.2511182,-0.07888184,0.051118165,0.91111815,-0.23888184,-0.5688818,-1.6088818,-2.7388818,-2.3288817,-3.2788818,-3.5188818,-3.1888819,-3.7288818,-3.628882,-4.288882,-5.5788817,-6.668882,-4.4488816,-3.388882,0.45111817,-2.5188818,-2.9988818,-2.9588819,-2.7888818,-2.0188818,0.26111817,-1.0188818,-2.888882,-3.8188818,0.08111817,-1.4488819,0.43111816,-2.388882,-0.84888184,3.6611183,0.77111816,0.77111816,3.081118
0.7011182,0.091118164,0.6911182,-0.14888184,-0.5488818,0.6211182,0.92111814,0.40111816,-0.31888184,-1.8688818,-2.108882,-2.5188818,-3.5688818,-4.488882,-4.278882,-3.0388818,-3.2688818,-3.388882,-3.5888817,-3.5788817,-2.668882,-1.5988818,-2.138882,-2.378882,-2.408882,-2.7288818,-2.9488819,-1.9988818,-1.2688818,-1.6988819,-2.5488818,-1.0888819,-1.4788818,0.46111816,-0.30888185,-0.37888184,-4.838882,-0.7488818,4.7811184,4.561118,5.221118
-0.51888186,-0.89888185,-1.6788819,-0.25888184,0.6311182,2.081118,1.0211182,1.0611181,0.031118164,-0.6788818,-1.8188819,-2.4388819,-4.148882,-4.898882,-3.3088818,-2.628882,-2.5288818,-2.6988819,-2.9388819,-2.1888819,-2.2488818,-1.0988818,-0.97888184,-1.3088819,-1.6688819,-2.2988818,-2.4488819,-2.0788817,-1.8288819,-2.428882,-2.2588818,0.30111817,0.6811182,1.2011181,1.4811182,-0.7588818,1.0411181,-1.4888818,-3.928882,-5.708882,2.621118
-1.2488818,-1.2088819,-1.3488818,-0.9988818,0.061118163,0.53111815,1.0111182,0.72111815,-0.19888183,-0.5488818,-1.3688818,-1.5088818,-2.3288817,-3.3488817,-3.2088819,-3.158882,-1.5288818,-1.4188819,-1.9988818,-1.5788819,-1.9788818,-1.6388818,-1.4088818,-1.1888819,-1.0888819,-0.6788818,-1.7788818,-2.5388818,-1.6288818,-2.5188818,-2.5588818,-1.1588818,1.4111181,1.3711182,-0.9988818,-0.15888184,-0.52888185,-0.088881835,-1.5188818,2.3011181,0.5611182
-0.71888185,-0.5688818,-1.0288818,-2.5688818,1.0111182,-0.23888184,1.2911181,2.2511182,0.8711182,0.091118164,-0.46888185,-0.48888183,-1.6488818,-1.8888818,-2.648882,-2.3388817,-2.408882,-1.2688818,-0.66888183,-0.088881835,-1.7388818,-1.6488818,-1.7988819,-0.85888183,-1.1788819,-1.2888818,-1.9988818,-1.4788818,-1.1988819,0.67111814,-1.2088819,0.21111816,-0.018881835,2.601118,2.5011182,1.5111182,0.5011182,-0.7588818,-0.5488818,0.44111815,-0.18888183
-1.0588819,-0.6188818,0.71111816,1.9511181,1.6211182,1.7411182,-0.37888184,1.2511182,2.1811182,1.3911182,0.90111816,0.42111817,-0.11888184,-0.49888185,-0.83888185,-1.4188819,-1.1888819,-1.1088818,-0.8788818,-0.37888184,0.08111817,-1.1288818,-2.0588818,-1.8888818,-1.2388818,-1.1488818,-0.31888184,-0.5488818,-0.7488818,-1.0288818,-2.7788818,-1.0288818,0.33111817,2.5411181,3.2911181,1.9711182,0.80111814,1.2011181,-0.8688818,-1.6088818,0.21111816
-1.2788818,-1.3688818,-1.7388818,1.4211181,2.4311182,2.4811182,1.0711181,-0.16888183,1.8511182,1.7211182,1.5611181,0.7611182,0.8811182,1.0211182,0.35111818,-0.06888184,-0.5088818,-0.39888182,-0.66888183,-0.78888184,-0.9388818,-0.48888183,-0.84888184,-0.63888186,-0.46888185,-0.8688818,0.28111815,-0.008881836,-0.53888184,-0.8788818,-0.20888184,0.001118164,0.31111816,2.9211183,2.4311182,2.9511182,1.1111182,0.78111815,1.6911181,1.2611182,0.6311182
-0.25888184,-1.5288818,-2.4788818,-1.9088818,-1.2588818,1.5611181,1.4211181,-0.49888185,-0.47888184,-1.3688818,-0.9388818,0.031118164,1.4011182,1.4711182,0.11111817,0.34111816,-0.5588818,-0.8688818,-0.45888183,-0.91888183,-0.33888185,-0.038881835,-0.72888184,-0.30888185,-0.57888186,-0.12888184,-0.91888183,-0.58888185,-0.72888184,-0.96888185,-1.0088818,-0.7388818,0.29111817,2.7111182,1.9011182,3.891118,2.0011182,1.9011182,2.2011182,1.6611181,0.8811182
-0.77888185,-0.8688818,-1.0388818,-1.2488818,-1.5088818,0.07111816,1.1311182,0.7011182,-0.60888183,-0.11888184,-1.3088819,-1.1988819,0.9411182,0.53111815,-1.5988818,0.8111182,-0.70888186,-1.6288818,-0.82888186,-1.3388819,-1.8988818,-2.2088819,-1.9988818,-1.2088819,0.001118164,-0.41888183,0.45111817,-0.71888185,-1.0088818,-0.6288818,-0.058881834,-0.35888183,0.91111815,2.131118,1.6311182,4.181118,4.771118,3.8011181,2.2211182,2.0311182,1.1011182
1.2111182,0.58111817,-0.11888184,0.091118164,0.48111817,0.7511182,0.7511182,1.5111182,0.8111182,0.5011182,0.26111817,-0.65888184,-0.95888186,-0.88888186,-0.25888184,-0.8688818,-0.95888186,-1.4288819,-1.4188819,-1.0988818,-0.18888183,-0.13888183,-0.058881834,-0.72888184,-2.0688818,-1.0088818,-1.0288818,-1.2788818,-0.58888185,-0.8688818,0.001118164,0.091118164,0.17111817,0.121118166,1.8411182,1.1611181,2.0611181,1.9511181,1.9411181,3.0411181,2.351118
2.081118,1.7811182,0.37111816,1.0211182,1.1311182,1.1611181,0.73111814,0.8211182,1.2011181,2.2511182,1.6611181,-0.008881836,-0.53888184,0.22111817,-0.028881837,-0.71888185,-0.91888183,-0.8788818,-0.85888183,-0.65888184,-0.77888185,-0.09888183,-0.038881835,0.121118166,-0.18888183,-1.3988818,-1.9088818,-1.0788819,-0.82888186,-0.77888185,-0.30888185,0.98111814,0.83111817,0.79111814,1.2811182,1.0711181,1.0111182,0.6811182,1.6011182,1.4411181,2.4811182
2.2911181,2.391118,1.3111181,2.2111182,2.7511182,2.1711183,1.4311181,1.4611182,0.7611182,1.0811181,1.5011182,2.121118,2.2611182,0.061118163,0.19111817,-0.65888184,-0.90888184,-1.0788819,-0.7388818,-0.82888186,-0.64888185,-0.65888184,-0.47888184,-0.19888183,-0.24888183,-0.24888183,-0.37888184,-0.48888183,-0.57888186,-0.07888184,-0.17888184,-0.70888186,-0.9888818,-1.1488818,-0.88888186,-0.96888185,0.78111815,2.2911181,1.5811181,1.7411182,1.5911182
