wind_kz.json
{"header": {"discipline":0,"disciplineName":"Meteorological products","gribEdition":2,"gribLength":871,"center":7,"centerName":"US National Weather Service - NCEP(WMC)","subcenter":0,"refTime":"2024-02-02T00:00:00.000Z","significanceOfRT":1,"significanceOfRTName":"Start of forecast","productStatus":0,"productStatusName":"Operational products","productType":1,"productTypeName":"Forecast products","productDefinitionTemplate":0,"productDefinitionTemplateName":"Analysis/forecast at horizontal level/layer at a point in time","parameterCategory":0,"parameterCategoryName":"UnknownDiscipline_0_Category_0","parameterNumber":0,"parameterNumberName":"UnknownParameter_D0_C0_0","parameterUnit":"Unknown","genProcessType":2,"genProcessTypeName":"Forecast","forecastTime":240,"surface1Type":1,"surface1TypeName":"Ground or water surface","surface1Value":0.0,"surface2Type":255,"surface2TypeName":"Missing","surface2Value":0.0,"gridDefinitionTemplate":0,"gridDefinitionTemplateName":"Latitude_Longitude","numberPoints":615,"shape":6,"shapeName":"Earth spherical with radius of 6,371,229.0 m","gridUnits":"degrees","resolution":48,"winds":"true","scanMode":64,"nx":41,"ny":15,"basicAngle":0,"lo1":47.0,"la1":41.0,"lo2":87.0,"la2":55.0,"dx":1.0,"dy":1.0}, "data":
[rows 0 to 14 of 15, columns 0 to 40 of 41]
277.10657,272.70657,277.60657,280.40656,280.60657,281.80658,278.80658,279.80658,278.30658,278.00656,277.80658,278.20657,278.20657,278.20657,278.30658,277.70657,278.00656,276.30658,278.80658,277.20657,277.70657,276.40656,276.90656,274.10657,272.40656,275.20657,269.60657,253.90657,253.10657,251.00656,254.40657,253.60657,259.40656,268.50656,269.90656,270.60657,270.40656,270.40656,270.70657,270.60657,270.60657
258.90656,277.50656,280.00656,280.00656,280.60657,280.90656,277.90656,278.80658,277.70657,277.40656,277.80658,277.30658,277.40656,277.00656,277.60657,277.30658,277.40656,277.80658,276.30658,276.90656,276.40656,275.80658,274.70657,268.70657,251.10657,255.90657,259.90656,247.20657,255.00656,252.90657,259.80658,241.70657,258.90656,241.10657,251.50656,261.50656,259.50656,267.20657,269.40656,264.00656,267.60657
276.50656,278.70657,280.00656,280.40656,280.40656,278.30658,277.80658,277.00656,276.70657,276.10657,275.80658,275.80658,276.30658,276.10657,275.00656,273.90656,274.40656,272.60657,272.70657,273.20657,273.80658,275.60657,275.40656,269.50656,271.30658,271.50656,271.70657,271.30658,271.70657,264.50656,253.20657,256.20657,257.90656,257.20657,254.20657,261.80658,254.30656,250.90657,250.50656,254.90657,251.40657
276.10657,275.60657,277.50656,278.80658,278.70657,277.10657,276.70657,276.60657,276.40656,275.50656,275.20657,275.50656,281.20657,281.70657,275.20657,272.70657,273.10657,272.40656,272.40656,272.60657,274.00656,266.70657,272.10657,272.10657,272.40656,272.70657,272.50656,271.60657,270.80658,269.70657,267.50656,268.40656,271.00656,266.50656,260.90656,264.90656,255.50656,252.20657,263.70657,260.50656,259.50656
273.60657,272.50656,271.50656,271.60657,274.20657,277.20657,275.30658,276.10657,275.40656,274.00656,273.50656,274.70657,279.00656,279.00656,278.20657,272.60657,272.60657,272.60657,272.60657,272.40656,273.10657,272.40656,271.80658,271.30658,270.70657,269.80658,267.50656,268.70657,270.60657,270.40656,271.00656,270.10657,261.50656,248.40657,264.30658,258.90656,259.20657,255.00656,255.10657,255.50656,258.00656
273.80658,272.90656,271.00656,271.00656,271.00656,271.30658,276.60657,276.00656,273.90656,273.40656,273.10657,273.10657,278.00656,279.00656,271.80658,272.40656,271.40656,272.40656,272.30658,271.70657,270.40656,271.10657,269.20657,267.50656,267.20657,269.80658,270.60657,266.50656,266.10657,266.20657,265.70657,267.90656,263.10657,260.40656,265.30658,263.40656,264.10657,262.40656,256.90656,254.00656,255.90657
274.00656,273.60657,275.70657,275.60657,272.80658,274.80658,276.20657,274.10657,273.00656,272.40656,272.50656,271.80658,272.00656,272.00656,271.70657,271.60657,270.60657,269.70657,269.40656,268.50656,266.90656,267.60657,267.50656,267.10657,265.40656,263.40656,263.00656,265.60657,270.20657,270.00656,270.10657,268.00656,269.70657,267.00656,258.40656,261.40656,263.60657,263.10657,258.40656,259.00656,257.80658
274.70657,274.40656,273.40656,273.30658,273.50656,274.00656,273.80658,273.50656,272.60657,271.80658,270.60657,271.50656,268.80658,268.40656,270.70657,270.10657,268.70657,267.80658,265.90656,268.50656,262.60657,262.90656,262.20657,262.70657,263.20657,261.60657,261.00656,260.40656,261.10657,269.10657,269.60657,267.20657,269.80658,262.00656,258.30658,257.10657,254.10657,255.60657,254.50656,256.10657,254.80656
275.10657,274.50656,274.00656,273.90656,272.80658,274.00656,273.20657,272.30658,271.50656,269.70657,268.80658,265.20657,266.20657,265.90656,266.90656,266.20657,267.10657,267.10657,266.70657,266.70657,266.00656,266.30658,265.60657,261.50656,262.10657,262.20657,262.00656,259.90656,263.70657,262.70657,263.50656,263.50656,269.20657,267.70657,265.40656,260.10657,260.00656,263.10657,265.60657,261.10657,259.70657
275.40656,274.70657,274.10657,274.00656,272.80658,272.50656,271.90656,270.20657,270.10657,269.60657,268.20657,267.10657,267.10657,267.50656,266.60657,265.30658,266.30658,267.30658,266.40656,264.80658,266.80658,268.50656,267.30658,266.80658,266.50656,265.10657,264.40656,264.60657,264.90656,267.40656,268.10657,271.50656,272.20657,270.40656,267.20657,266.60657,269.30658,266.70657,264.80658,265.30658,263.00656
276.30658,275.00656,273.80658,271.60657,272.20657,271.30658,271.30658,270.40656,269.50656,268.30658,268.80658,270.50656,268.90656,269.30658,268.00656,268.10657,268.00656,269.80658,268.00656,268.30658,268.70657,267.20657,267.70657,268.40656,268.30658,268.90656,269.30658,270.50656,271.10657,272.70657,272.30658,272.20657,271.00656,270.80658,270.50656,270.50656,269.70657,268.30658,263.80658,267.80658,265.70657
273.10657,274.70657,276.20657,273.30658,273.10657,271.20657,269.70657,271.00656,269.60657,268.10657,267.50656,270.30658,268.20657,270.00656,271.20657,270.50656,270.90656,271.20657,270.20657,271.10657,270.80658,271.30658,270.10657,270.80658,270.20657,270.50656,270.20657,271.40656,271.20657,270.30658,269.40656,269.50656,272.50656,272.60657,272.60657,272.80658,272.60657,273.20657,273.00656,273.20657,272.30658
274.50656,273.40656,273.50656,273.20657,274.80658,273.70657,272.60657,272.20657,269.40656,271.00656,269.80658,272.50656,272.40656,271.80658,272.70657,273.00656,272.50656,272.70657,271.50656,271.70657,272.00656,272.10657,272.50656,272.50656,272.40656,271.80658,271.30658,269.90656,271.50656,272.60657,272.90656,272.00656,271.70657,273.20657,273.20657,273.00656,273.10657,273.10657,272.90656,272.90656,272.90656
273.60657,273.20657,273.20657,273.20657,273.20657,273.20657,273.20657,273.10657,273.20657,272.80658,273.10657,266.40656,270.10657,273.00656,273.20657,273.10657,273.00656,273.20657,273.20657,272.90656,272.60657,273.00656,273.20657,273.20657,273.10657,270.00656,267.90656,269.90656,273.10657,273.20657,272.90656,273.20657,273.20657,273.20657,273.20657,273.20657,273.20657,273.20657,273.10657,272.30658,273.20657
273.80658,273.30658,273.20657,273.20657,273.20657,273.20657,273.20657,273.20657,273.20657,273.20657,273.20657,273.10657,273.90656,274.00656,273.40656,273.20657,273.10657,273.00656,273.20657,273.20657,273.20657,273.20657,273.20657,273.10657,272.50656,272.60657,273.10657,272.00656,273.20657,273.20657,273.20657,273.10657,273.20657,273.20657,273.20657,273.20657,273.20657,272.70657,273.20657,273.20657,273.20657
