wind_kz.json
{"header": {"discipline":0,"disciplineName":"Meteorological products","gribEdition":2,"gribLength":1102,"center":7,"centerName":"US National Weather Service - NCEP(WMC)","subcenter":0,"refTime":"2023-08-18T12:00:00.000Z","significanceOfRT":1,"significanceOfRTName":"Start of forecast","productStatus":0,"productStatusName":"Operational products","productType":1,"productTypeName":"Forecast products","productDefinitionTemplate":0,"productDefinitionTemplateName":"Analysis/forecast at horizontal level/layer at a point in time","parameterCategory":2,"parameterCategoryName":"UnknownDiscipline_0_Category_2","parameterNumber":2,"parameterNumberName":"UnknownParameter_D0_C2_2","parameterUnit":"Unknown","genProcessType":2,"genProcessTypeName":"Forecast","forecastTime":180,"surface1Type":103,"surface1TypeName":"Specified height level above ground","surface1Value":10.0,"surface2Type":255,"surface2TypeName":"Missing","surface2Value":0.0,"gridDefinitionTemplate":0,"gridDefinitionTemplateName":"Latitude_Longitude","numberPoints":615,"shape":6,"shapeName":"Earth spherical with radius of 6,371,229.0 m","gridUnits":"degrees","resolution":48,"winds":"true","scanMode":64,"nx":41,"ny":15,"basicAngle":0,"lo1":47.0,"la1":41.0,"lo2":87.0,"la2":55.0,"dx":1.0,"dy":1.0}, "data":
[rows 0 to 14 of 15, columns 0 to 40 of 41]
-4.0260715,0.023928223,0.46392822,-1.3260717,-1.9060718,-1.4660717,-0.4960718,-1.5060718,-1.5360718,0.24392822,0.70392823,2.1139283,2.2139282,0.89392823,1.9839282,2.2139282,2.5539281,1.5839282,-1.2860718,0.033928223,1.8339282,3.0339282,2.2939281,-0.7560718,0.053928223,-0.4960718,-1.6160718,1.1839283,-0.036071777,0.8039282,-1.1560718,1.7639282,0.50392824,1.1239282,2.2439282,1.2339282,2.6539283,2.323928,2.9639282,3.3939283,-1.4660717
1.4039283,0.24392822,-0.31607178,-0.37607178,-0.3060718,-0.46607178,0.87392825,0.15392822,1.8139282,2.6439283,3.6739283,2.9839282,0.9839282,2.7039282,4.1739283,4.3039284,4.4739285,4.0339284,2.9839282,2.1439283,2.7539282,2.4739282,2.7239282,-0.73607177,1.1339282,0.5439282,-0.31607178,0.82392824,-0.3960718,-1.9860718,0.093928225,-0.34607178,0.21392822,-1.7760718,0.30392823,-0.036071777,-0.80607176,1.0039282,0.19392823,0.9839282,-1.7960718
-0.09607178,-1.4360718,0.6139282,2.7939281,2.9339283,2.8539283,2.8839283,4.353928,3.7439282,4.6539283,4.603928,3.2839282,3.9039283,5.913928,6.0339284,8.343928,7.7239285,5.753928,5.523928,4.703928,4.6939282,4.5339284,5.9239283,3.1039283,1.2039282,3.6139283,4.983928,3.1039283,-0.9160718,-0.06607178,-1.3460717,2.4439282,-0.54607177,-0.5060718,0.6739282,-1.0660717,-1.0860717,0.20392822,-0.87607175,0.093928225,1.2039282
-0.34607178,1.9939282,0.04392822,0.36392823,0.76392823,1.9839282,4.0739284,3.9239283,4.063928,3.4439282,4.3239284,5.0739284,7.8239284,11.123928,9.693928,8.633928,9.313929,8.783928,7.0739284,5.213928,3.6439283,2.1339283,0.4739282,3.6639283,0.21392822,1.9339283,1.9139283,-2.2860718,2.6539283,5.1139283,-0.8860718,-6.9860716,-4.566072,-3.6360717,-3.0360718,-2.6060717,-1.7060717,0.6139282,1.5839282,0.33392823,0.42392823
-1.8960718,-1.4060718,-0.07607178,0.27392823,1.2639282,1.7839283,0.7739282,0.23392822,2.8039281,4.393928,5.503928,5.603928,7.1339283,7.503928,9.893929,7.1939282,8.793928,7.1139283,7.3639283,6.953928,6.1339283,7.0139284,6.4739285,5.6739283,6.273928,4.7239285,3.7139282,1.7139282,1.3839282,3.0039282,1.6039282,-1.7960718,-3.4360719,0.4139282,3.1539283,1.5439283,-0.9160718,-3.8360717,-2.2260718,-3.4660718,-3.7860718
-1.2160717,-0.116071776,0.9039282,0.69392824,1.0239282,2.4539282,0.8439282,2.4439282,3.833928,5.9939284,5.893928,5.4739285,7.6139283,8.443928,7.333928,6.393928,7.163928,7.373928,7.3039284,6.9739285,5.4239283,5.893928,5.7439284,6.2639284,4.9439282,5.9439282,13.083928,1.8739282,2.4739282,-0.5160718,0.30392823,1.0339283,-4.626072,-2.9960718,-0.7660718,-3.8360717,0.0139282225,-2.5660717,-0.22607177,-3.2460718,-3.6460717
-1.3160717,-1.8160717,-1.4960718,-0.6360718,1.4639282,2.4239283,3.0239282,3.3639283,3.9739282,4.7439284,5.2839284,5.563928,5.433928,6.2639284,6.2639284,6.1939282,6.983928,7.453928,7.3439283,6.733928,4.9039283,5.893928,7.043928,6.0739284,5.4939284,5.203928,3.8439283,11.883928,3.9039283,-2.0160718,-3.4560719,-3.9960718,-3.5460718,-4.5260715,-4.2160716,-3.3260717,-1.5060718,2.8939283,-2.2460718,1.1439282,0.45392823
-1.3160717,0.15392822,0.8039282,1.0239282,2.2439282,2.6039283,3.1439283,3.0639281,3.823928,4.023928,4.563928,4.8039284,5.1939282,4.873928,5.3239284,5.7839284,8.563929,9.253928,7.523928,6.233928,5.4939284,5.3239284,6.623928,6.2639284,5.123928,3.4039283,2.5239282,4.1139283,10.753928,-0.24607177,-0.7260718,0.62392825,0.37392822,0.11392822,-2.3860717,-1.2860718,-3.3260717,-4.6360717,-3.8960717,-3.3860717,-2.5960717
-0.85607177,0.51392823,1.3739282,2.7239282,2.9139283,2.6639283,2.8639283,3.7139282,3.073928,3.6539283,4.213928,4.043928,4.393928,2.9339283,4.5939283,5.5739284,6.6939282,5.373928,2.7939281,3.2739282,3.9139283,4.7439284,5.3439283,5.0139284,3.9339283,-0.3360718,-0.93607175,0.45392823,2.5939283,6.4239283,5.773928,1.3239282,2.8139281,0.063928224,-2.3060718,-2.1260717,-0.8860718,-2.4560719,-1.2860718,0.0039282227,-1.7460718
1.4839282,1.5739282,1.7839283,2.4339283,1.9439282,2.4939282,2.1939282,2.1039283,2.2439282,3.3039281,3.4139283,2.2139282,0.5339282,3.9239283,2.6039283,2.7039282,0.28392822,-2.7360718,2.4339283,4.2439284,4.2239285,5.1339283,6.103928,4.5939283,-1.9260718,-1.8960718,-0.44607177,0.7939282,1.8539282,3.6139283,4.8039284,3.4239283,2.6839283,4.1739283,-1.3360717,-2.1360717,-3.1260717,-0.5960718,-2.3860717,-0.10607178,-1.1660718
1.8439282,2.2739282,2.0339282,1.6739283,2.0439281,2.3039281,2.7539282,2.1339283,1.6339282,2.3939283,2.7439282,1.6739283,-0.43607178,1.2939283,0.6539282,0.5939282,-2.2760718,-2.1360717,-0.7560718,-3.0460718,-2.2960718,-4.246072,-5.896072,-5.3860717,-3.5760717,-3.1360717,-0.37607178,1.9039283,3.7339282,4.5939283,3.1039283,4.333928,4.7439284,2.4639282,1.9339283,-3.166072,-2.1060717,-0.2760718,-1.4560717,0.9039282,-1.3160717
1.7539282,2.2639282,2.5239282,2.0239282,2.0039282,1.8039283,1.7639282,1.8739282,2.1439283,1.4839282,0.94392824,2.2839282,1.1839283,0.12392822,2.1339283,0.16392823,-0.9660718,-0.22607177,-2.3360717,-5.816072,-6.5260715,-6.8060718,-8.866072,-3.416072,-2.3660717,-1.9960718,-0.2760718,3.1039283,4.3039284,2.8139281,2.0439281,5.583928,5.6139283,3.6339283,2.2739282,1.3739282,-1.9760718,-1.4460717,-0.5960718,-0.7560718,-1.1460718
2.323928,2.2339282,2.6339283,2.5939283,1.6339282,1.4139283,1.7339282,1.6039282,1.8639282,1.2739282,1.0039282,1.5639282,1.0239282,1.1539283,0.88392824,1.0039282,-2.1560717,-3.1560717,-2.6960719,-4.9260716,-5.766072,-5.046072,-4.2560716,-1.2460718,-0.5360718,-1.0060718,-1.0460718,-0.8860718,1.2439282,1.7639282,2.4439282,2.9639282,3.7539282,2.0039282,2.3139281,-1.8060718,-2.6960719,-2.3560717,-2.4860718,-1.8660718,-1.6860718
2.7739282,2.8939283,3.2939281,2.0939283,1.1339282,1.7139282,1.5039282,1.1339282,1.7439282,2.3739283,0.8339282,1.1439282,1.7239282,1.9239283,0.7239282,0.11392822,-1.3360717,-1.6060718,-2.176072,-1.4860718,-2.2660718,-3.2760718,-3.1860719,-1.8560718,-0.54607177,0.22392823,-0.7860718,-0.22607177,0.7739282,0.39392823,-2.7660718,-0.98607177,-0.98607177,-0.13607177,0.22392823,-3.6560717,-3.5460718,-3.0460718,-2.7760718,-1.5960717,-1.6960717
1.6439282,2.573928,3.8439283,2.2039282,2.2239282,1.7139282,2.573928,1.5339283,2.4539282,1.4039283,0.0039282227,0.7939282,1.3839282,1.7139282,1.7039282,1.1339282,-0.0060717775,-0.3960718,-0.7660718,-0.5760718,-0.8260718,-1.5260718,-0.98607177,-0.44607177,-0.056071777,-0.07607178,0.49392822,-0.19607177,-0.07607178,0.4439282,-0.45607176,-3.3560717,-2.3360717,-2.416072,-2.5760717,-3.0460718,-1.8760718,-1.4960718,-3.4060717,-2.9760718,-1.7560718
