wind_kz.json
{"header": {"discipline":0,"disciplineName":"Meteorological products","gribEdition":2,"gribLength":871,"center":7,"centerName":"US National Weather Service - NCEP(WMC)","subcenter":0,"refTime":"2023-09-22T06:00:00.000Z","significanceOfRT":1,"significanceOfRTName":"Start of forecast","productStatus":0,"productStatusName":"Operational products","productType":1,"productTypeName":"Forecast products","productDefinitionTemplate":0,"productDefinitionTemplateName":"Analysis/forecast at horizontal level/layer at a point in time","parameterCategory":0,"parameterCategoryName":"UnknownDiscipline_0_Category_0","parameterNumber":0,"parameterNumberName":"UnknownParameter_D0_C0_0","parameterUnit":"Unknown","genProcessType":2,"genProcessTypeName":"Forecast","forecastTime":240,"surface1Type":1,"surface1TypeName":"Ground or water surface","surface1Value":0.0,"surface2Type":255,"surface2TypeName":"Missing","surface2Value":0.0,"gridDefinitionTemplate":0,"gridDefinitionTemplateName":"Latitude_Longitude","numberPoints":615,"shape":6,"shapeName":"Earth spherical with radius of 6,371,229.0 m","gridUnits":"degrees","resolution":48,"winds":"true","scanMode":64,"nx":41,"ny":15,"basicAngle":0,"lo1":47.0,"la1":41.0,"lo2":87.0,"la2":55.0,"dx":1.0,"dy":1.0}, "data":
[rows 0 to 14 of 15, columns 0 to 40 of 41]
301.52664,292.42664,297.22662,293.32663,293.52664,293.12665,301.92664,306.42664,303.82663,305.72662,304.52664,305.62665,304.22662,305.92664,305.92664,310.22662,311.02664,309.22662,316.32663,311.72662,309.42664,306.12665,307.42664,295.32663,299.62665,290.82663,285.32663,277.12665,287.42664,282.72662,286.02664,278.12665,293.02664,306.02664,309.62665,308.52664,310.42664,310.72662,314.12665,315.02664,315.92664
283.52664,297.02664,292.82663,293.02664,292.82663,291.72662,307.22662,303.92664,303.42664,303.52664,305.22662,305.02664,306.82663,308.12665,303.72662,308.82663,311.62665,313.62665,313.42664,308.52664,307.72662,306.62665,307.62665,289.72662,274.52664,276.82663,280.02664,273.32663,280.62665,284.42664,284.42664,274.02664,282.92664,269.52664,286.42664,301.62665,306.32663,303.62665,310.22662,300.72662,284.72662
297.52664,292.12665,292.92664,292.62665,291.02664,301.12665,301.12665,301.92664,302.22662,302.42664,303.02664,304.62665,307.22662,306.42664,305.32663,310.12665,310.32663,309.72662,307.12665,307.82663,305.82663,306.02664,306.82663,294.82663,296.32663,295.02664,294.92664,291.32663,289.72662,284.72662,273.42664,280.92664,289.82663,291.42664,292.82663,293.62665,287.92664,293.82663,295.42664,290.42664,285.82663
300.82663,291.52664,293.02664,292.02664,293.92664,301.02664,299.52664,301.22662,302.22662,302.52664,302.92664,301.02664,290.72662,290.12665,305.72662,307.92664,306.82663,307.92664,309.02664,311.62665,307.42664,294.22662,298.32663,302.42664,302.12665,300.32663,300.52664,297.62665,298.92664,299.22662,298.22662,300.82663,301.92664,302.72662,303.02664,300.42664,288.72662,274.12665,291.62665,301.02664,302.72662
299.22662,290.92664,291.72662,290.82663,295.52664,300.32663,300.82663,302.52664,300.02664,300.22662,301.82663,301.12665,289.42664,288.42664,287.12665,306.22662,307.72662,306.12665,307.52664,302.42664,305.62665,305.42664,304.42664,303.92664,303.72662,302.62665,301.52664,297.72662,302.82663,301.82663,300.72662,299.22662,292.42664,285.32663,296.32663,304.52664,301.22662,307.92664,307.42664,307.02664,305.32663
299.22662,298.82663,290.32663,290.52664,290.62665,290.32663,301.72662,299.02664,299.32663,299.92664,299.02664,299.52664,291.02664,289.22662,296.12665,303.72662,304.12665,306.72662,304.62665,305.92664,306.32663,305.32663,306.22662,305.32663,305.22662,303.22662,303.62665,286.82663,299.12665,299.32663,300.72662,299.42664,300.22662,300.52664,299.82663,296.32663,293.82663,298.72662,308.72662,308.32663,303.32663
298.32663,299.72662,298.22662,299.82663,297.72662,299.42664,299.02664,297.82663,297.72662,297.22662,298.22662,297.12665,298.02664,298.52664,298.32663,299.32663,304.32663,303.62665,303.12665,304.22662,305.12665,305.52664,305.52664,303.32663,302.12665,301.12665,302.82663,301.02664,300.42664,300.02664,298.92664,299.12665,299.92664,300.42664,300.22662,299.02664,292.62665,294.52664,293.32663,290.42664,300.92664
298.02664,299.82663,299.52664,298.42664,297.42664,296.82663,298.62665,298.92664,297.62665,296.22662,296.02664,295.22662,295.92664,295.62665,297.72662,297.62665,299.82663,301.92664,303.32663,303.02664,300.72662,302.12665,301.82663,301.52664,300.72662,298.82663,298.32663,298.82663,296.62665,296.02664,294.62665,295.32663,295.32663,292.02664,295.52664,298.02664,298.62665,286.52664,301.82663,302.92664,301.92664
298.52664,298.52664,299.32663,297.52664,296.32663,296.92664,296.52664,297.22662,296.62665,296.22662,295.42664,295.52664,294.42664,295.42664,295.32663,297.12665,297.82663,300.12665,299.02664,300.72662,297.72662,297.72662,298.32663,298.32663,296.92664,297.32663,294.62665,294.22662,292.42664,291.42664,291.22662,291.32663,292.42664,292.62665,293.92664,289.12665,290.22662,290.72662,281.92664,289.62665,278.22662
297.82663,297.92664,298.02664,296.52664,295.12665,295.52664,296.82663,296.32663,296.12665,296.02664,295.12665,294.22662,295.02664,294.62665,294.42664,294.32663,295.52664,297.42664,297.12665,297.02664,295.22662,295.62665,296.42664,296.62665,296.52664,295.72662,295.42664,295.52664,293.62665,293.82663,293.32663,293.22662,293.92664,294.22662,294.52664,294.72662,291.02664,292.12665,294.32663,289.72662,281.72662
294.92664,295.02664,294.92664,294.12665,293.92664,294.62665,296.22662,296.72662,296.42664,296.02664,294.42664,294.52664,295.02664,293.62665,293.92664,294.72662,295.42664,296.02664,296.42664,294.92664,295.82663,296.22662,295.62665,295.92664,294.92664,296.92664,294.82663,297.42664,297.92664,297.62665,296.82663,297.22662,295.82663,292.72662,292.82663,292.32663,288.52664,289.02664,293.22662,286.02664,279.82663
293.42664,295.62665,294.72662,294.32663,292.12665,292.22662,292.92664,294.42664,294.92664,295.42664,294.32663,293.72662,293.02664,292.42664,293.72662,295.42664,296.52664,296.32663,296.32663,295.42664,295.42664,294.72662,294.02664,294.82663,293.82663,295.22662,295.12665,296.12665,296.42664,295.92664,295.22662,295.92664,293.32663,293.32663,291.32663,292.42664,291.52664,291.32663,289.62665,291.22662,291.02664
292.22662,293.12665,293.42664,292.92664,292.12665,291.22662,291.52664,293.22662,293.42664,292.42664,289.92664,289.52664,292.52664,291.22662,292.42664,293.82663,294.62665,294.92664,295.32663,294.22662,294.22662,293.22662,292.72662,292.82663,294.52664,294.62665,295.72662,294.72662,294.42664,294.52664,295.32663,294.72662,294.62665,293.12665,293.02664,291.22662,291.92664,291.42664,292.32663,292.92664,290.52664
293.32663,293.12665,289.12665,291.82663,291.42664,291.42664,290.42664,290.32663,291.02664,290.82663,289.42664,287.22662,291.02664,292.12665,292.52664,293.02664,293.52664,293.12665,293.72662,293.92664,294.12665,293.12665,292.92664,293.52664,294.02664,294.82663,294.42664,294.12665,293.62665,293.52664,292.92664,292.22662,291.52664,290.82663,291.22662,290.52664,289.72662,289.62665,290.52664,288.32663,290.92664
290.22662,292.22662,285.82663,292.62665,290.82663,290.72662,290.62665,290.12665,291.72662,291.22662,288.02664,288.92664,287.22662,288.12665,290.82663,293.02664,293.02664,293.32663,294.32663,293.32663,293.52664,291.92664,291.92664,291.42664,292.82663,293.42664,294.82663,294.12665,294.12665,293.72662,293.12665,287.52664,291.12665,290.42664,289.92664,289.92664,291.62665,289.92664,291.42664,290.72662,288.22662
