wind_kz.json
[{"header":{"discipline":0,"disciplineName":"Meteorological products","gribEdition":2,"gribLength":871,"center":7,"centerName":"US National Weather Service - NCEP(WMC)","subcenter":0,"refTime":"2023-10-04T06:00:00.000Z","significanceOfRT":1,"significanceOfRTName":"Start of forecast","productStatus":0,"productStatusName":"Operational products","productType":1,"productTypeName":"Forecast products","productDefinitionTemplate":0,"productDefinitionTemplateName":"Analysis/forecast at horizontal level/layer at a point in time","parameterCategory":0,"parameterCategoryName":"UnknownDiscipline_0_Category_0","parameterNumber":0,"parameterNumberName":"UnknownParameter_D0_C0_0","parameterUnit":"Unknown","genProcessType":2,"genProcessTypeName":"Forecast","forecastTime":300,"surface1Type":1,"surface1TypeName":"Ground or water surface","surface1Value":0.0,"surface2Type":255,"surface2TypeName":"Missing","surface2Value":0.0,"gridDefinitionTemplate":0,"gridDefinitionTemplateName":"Latitude_Longitude","numberPoints":615,"shape":6,"shapeName":"Earth spherical with radius of 6,371,229.0 m","gridUnits":"degrees","resolution":48,"winds":"true","scanMode":64,"nx":41,"ny":15,"basicAngle":0,"lo1":47.0,"la1":41.0,"lo2":87.0,"la2":55.0,"dx":1.0,"dy":1.0},"data":[289.4,281.5,287.1,292.4,292.4,291.1,291.2,293.4,291.6,292.6,290.0,290.7,289.4,289.2,289.0,286.9,287.1,288.5,288.0,287.5,287.5,286.4,284.3,280.0,283.5,285.8,282.5,270.1,268.4,269.5,269.9,266.0,280.5,286.7,287.7,288.2,287.7,287.4,287.9,288.4,287.1,273.4,286.2,292.3,292.2,292.3,290.5,292.1,291.1,290.5,290.3,290.8,289.4,288.8,288.1,287.1,287.2,286.0,285.7,284.4,284.0,285.4,286.0,282.8,278.9,271.7,270.5,277.6,270.0,271.3,268.0,274.7,268.4,272.3,250.8,269.8,283.7,283.2,284.2,287.3,280.6,283.5,287.8,291.8,291.8,291.4,289.9,290.0,290.6,290.4,289.3,288.7,288.4,288.6,287.2,287.2,286.9,284.4,283.2,281.6,280.9,280.3,282.7,284.8,284.2,278.0,279.9,279.3,280.4,279.2,278.6,273.0,265.9,268.7,276.7,274.2,277.6,277.6,268.3,270.1,271.5,266.9,266.7,290.3,290.4,291.3,290.6,289.8,289.8,290.5,289.9,289.8,288.1,287.4,285.5,288.6,288.0,285.1,284.4,284.0,280.3,279.0,279.2,282.4,276.8,281.6,281.7,281.2,281.0,281.2,278.7,276.5,277.0,277.4,275.7,279.5,280.7,278.1,273.2,264.5,256.1,266.7,275.6,278.7,289.7,289.8,290.1,289.3,289.5,290.3,290.9,290.6,289.9,288.3,286.4,286.6,287.4,286.1,284.8,283.0,281.7,281.1,279.1,281.0,281.0,280.4,278.8,279.4,279.8,279.6,277.8,280.0,277.3,278.1,280.3,277.2,257.8,248.9,270.4,280.5,283.9,283.3,283.2,282.6,282.0,289.6,288.1,287.8,288.2,288.5,288.0,289.9,289.9,288.1,288.5,287.2,286.3,286.4,286.8,284.5,281.2,282.2,280.2,280.7,280.8,279.4,279.1,278.3,278.0,277.1,276.0,276.6,284.9,279.6,279.6,278.4,279.7,277.9,276.3,274.4,280.5,269.1,268.7,276.0,278.8,278.9,288.9,288.4,289.3,288.8,288.1,289.0,289.2,288.1,287.4,286.4,284.1,283.1,282.4,282.0,280.3,281.0,280.1,280.3,279.1,278.3,277.4,278.7,278.3,278.1,276.4,276.0,275.5,277.2,276.8,276.9,276.3,276.2,277.0,277.6,276.7,274.8,267.8,262.2,264.0,262.8,274.4,289.1,288.3,289.1,288.9,288.5,288.2,287.5,286.5,285.1,284.1,282.6,281.7,280.4,280.3,280.2,280.4,279.8,280.1,278.8,276.4,276.1,275.5,275.0,274.9,274.4,272.2,272.7,273.0,271.8,273.9,272.9,274.0,272.7,272.1,271.4,273.4,276.2,283.6,275.0,275.3,272.7,288.3,286.7,286.7,285.5,286.1,285.5,284.6,284.0,282.6,281.3,280.1,279.2,277.8,278.7,278.3,279.0,278.7,277.8,277.4,276.2,274.1,273.1,274.1,273.9,272.9,273.3,271.5,271.1,270.2,269.2,270.8,271.2,272.9,273.6,273.1,271.7,271.9,271.8,259.9,255.3,250.9,286.9,286.3,285.4,284.5,284.1,283.2,282.4,281.6,280.8,279.9,278.5,277.7,278.3,277.9,277.4,277.6,277.6,277.4,276.9,276.3,274.9,274.5,274.9,274.6,274.1,272.9,272.5,271.5,271.4,271.7,271.9,273.9,275.9,274.9,274.9,273.3,272.4,262.8,266.4,264.5,263.4,286.4,285.4,284.5,283.6,282.7,281.7,281.2,280.5,279.6,278.7,277.7,277.5,277.9,277.0,277.0,277.1,276.7,277.3,276.4,277.7,278.0,277.5,276.7,274.1,273.6,272.7,271.4,273.4,273.5,275.2,274.9,275.7,275.8,275.1,274.4,273.8,269.8,266.2,263.6,264.3,266.0,285.5,285.7,284.7,283.6,282.4,281.2,279.9,279.4,279.1,278.2,276.0,276.4,276.7,275.8,276.7,277.2,279.2,278.7,279.1,278.7,276.7,276.0,275.4,275.3,273.1,273.6,273.7,274.7,274.5,274.8,274.8,274.8,275.4,274.3,273.8,274.2,274.5,274.2,273.4,273.9,273.1,286.3,285.9,285.7,284.4,284.2,282.3,280.2,279.1,277.6,277.3,274.1,274.8,275.9,275.6,276.7,277.0,277.8,278.8,279.4,277.7,277.3,275.9,275.0,273.8,274.4,275.0,275.6,274.6,274.8,274.9,275.2,275.2,274.0,274.1,273.0,273.0,273.2,275.2,274.6,274.5,274.7,286.1,285.8,284.0,285.3,283.0,282.7,281.0,280.0,280.1,277.8,275.8,270.8,276.8,275.8,276.8,277.1,277.0,277.2,278.7,278.2,277.6,276.4,276.1,275.5,275.7,275.2,274.5,274.2,274.0,273.8,273.7,273.1,272.4,272.5,273.4,272.4,272.3,272.4,274.0,273.1,274.7,285.5,285.4,283.2,284.0,283.2,283.3,282.8,281.4,280.3,278.7,277.6,276.4,275.2,278.5,275.1,275.3,275.6,277.5,278.4,276.9,276.0,275.2,275.1,273.8,274.1,273.1,272.5,272.9,273.2,273.1,272.8,277.2,271.4,271.0,271.2,271.3,273.4,273.5,272.9,274.4,274.4]},{"header":{"discipline":0,"disciplineName":"Meteorological products","gribEdition":2,"gribLength":1102,"center":7,"centerName":"US National Weather Service - NCEP(WMC)","subcenter":0,"refTime":"2023-10-04T06:00:00.000Z","significanceOfRT":1,"significanceOfRTName":"Start of forecast","productStatus":0,"productStatusName":"Operational products","productType":1,"productTypeName":"Forecast products","productDefinitionTemplate":0,"productDefinitionTemplateName":"Analysis/forecast at horizontal level/layer at a point in time","parameterCategory":2,"parameterCategoryName":"UnknownDiscipline_0_Category_2","parameterNumber":2,"parameterNumberName":"UnknownParameter_D0_C2_2","parameterUnit":"Unknown","genProcessType":2,"genProcessTypeName":"Forecast","forecastTime":300,"surface1Type":103,"surface1TypeName":"Specified height level above ground","surface1Value":10.0,"surface2Type":255,"surface2TypeName":"Missing","surface2Value":0.0,"gridDefinitionTemplate":0,"gridDefinitionTemplateName":"Latitude_Longitude","numberPoints":615,"shape":6,"shapeName":"Earth spherical with radius of 6,371,229.0 m","gridUnits":"degrees","resolution":48,"winds":"true","scanMode":64,"nx":41,"ny":15,"basicAngle":0,"lo1":47.0,"la1":41.0,"lo2":87.0,"la2":55.0,"dx":1.0,"dy":1.0},"data":[-1.5432471,0.33675292,2.6667528,-2.533247,-1.493247,-2.663247,-3.6332471,-5.723247,-6.4632473,-4.423247,-4.683247,-4.623247,-4.293247,-4.343247,-3.8932471,-4.2332473,-3.3432472,-6.283247,-5.883247,-4.683247,-3.1432471,-1.343247,-0.33324707,-1.7132471,-0.32324708,-1.9532471,-2.6432471,-0.58324707,0.38675293,0.22675294,1.256753,3.266753,3.3567529,0.7467529,-0.32324708,-1.6532471,-0.34324706,0.7567529,2.566753,3.6267529,4.426753,2.6167529,1.1667529,-11.113247,-6.873247,-4.2132473,-3.413247,-4.593247,-5.573247,-5.943247,-4.553247,-5.103247,-6.823247,-5.873247,-5.403247,-4.353247,-4.7332473,-5.373247,-6.173247,-4.883247,-3.3932471,-2.6032472,-2.8732471,-1.2832471,-2.013247,-0.5032471,0.35675293,-0.37324706,0.95675296,-0.5732471,0.26675293,0.01675293,1.246753,1.276753,-2.553247,1.116753,0.17675292,2.3667529,-0.28324708,-0.23324707,3.286753,7.2267528,-2.683247,-10.093247,-10.563247,-7.683247,-5.493247,-4.2732472,-5.903247,-4.663247,-4.823247,-4.173247,-6.383247,-6.293247,-4.893247,-4.853247,-6.5232472,-5.873247,-6.153247,-4.813247,-3.303247,-1.5532471,-0.79324704,-8.243247,-5.823247,-5.373247,-0.97324705,-3.463247,-2.923247,-0.13324708,-2.1032472,-0.13324708,-0.8132471,0.036752928,-0.6332471,1.1067529,0.17675292,-0.19324706,2.506753,-0.27324706,6.426753,15.716753,16.416754,-9.443247,-11.773247,-9.433247,-6.333247,-4.4632473,-5.123247,-3.043247,-3.733247,-5.093247,-6.933247,-6.613247,-6.563247,-6.873247,-7.0032473,-5.4632473,-6.0232472,-5.923247,-4.623247,-3.553247,-3.263247,-5.573247,-3.153247,-3.1032472,-4.693247,-4.763247,-5.5232472,-4.103247,-7.4632473,-2.513247,-1.9432471,-0.98324704,-0.71324706,3.6467528,8.526752,2.246753,-0.03324707,-1.4232471,3.4067528,-0.03324707,-2.1132472,6.7467527,-9.853247,-10.043247,-7.393247,-5.183247,-6.263247,-4.293247,-4.5232472,-4.453247,-5.643247,-6.103247,-6.323247,-6.583247,-6.693247,-7.353247,-7.353247,-5.313247,-4.7732472,-4.053247,-3.973247,-5.403247,-6.583247,-5.573247,-4.953247,-4.343247,-4.593247,-4.473247,-5.343247,-4.323247,-3.013247,-2.493247,-2.043247,-1.243247,-3.413247,2.756753,-0.9532471,-1.6432471,6.326753,-4.123247,2.586753,9.646753,6.5167527,-7.663247,-5.743247,-7.4632473,-7.543247,-6.853247,-6.4832473,-4.943247,-6.343247,-7.043247,-6.953247,-6.323247,-6.013247,-6.2532473,-7.533247,-5.683247,-4.143247,-4.413247,-3.743247,-4.013247,-4.053247,-4.2332473,-4.063247,-4.043247,-3.963247,-3.913247,-3.6432471,-2.8432472,-3.1332471,-2.323247,0.34675294,1.526753,2.1067529,2.726753,1.8367529,2.296753,8.526752,7.216753,10.726753,6.426753,0.40675294,-7.533247,-5.7332473,-5.053247,-5.163247,-4.423247,-4.413247,-4.053247,-5.013247,-5.7532473,-6.163247,-5.4632473,-4.473247,-4.583247,-3.653247,-3.963247,-3.6432471,-3.693247,-3.713247,-3.503247,-3.6032472,-3.563247,-3.443247,-3.1332471,-2.943247,-2.693247,-2.763247,-2.3432472,-1.3232471,-1.2832471,-0.44324708,-1.093247,-0.41324708,0.27675292,1.516753,0.8267529,1.9267529,0.6967529,-0.30324706,3.016753,3.306753,1.9367529,8.926753,-4.313247,-4.143247,-4.093247,-4.673247,-4.203247,-4.743247,-4.243247,-4.703247,-4.053247,-3.553247,-2.543247,-2.573247,-2.763247,-2.8532472,-2.0832472,-2.693247,-2.563247,-2.6132472,-2.6032472,-2.573247,-2.063247,-1.883247,-0.71324706,-0.52324706,-0.54324704,0.24675293,1.746753,1.376753,1.6867529,1.5367529,1.3167529,1.876753,1.3567529,2.206753,2.506753,3.526753,3.726753,7.156753,6.906753,11.106753,7.466753,-4.5232472,-4.013247,-3.953247,-4.013247,-3.6032472,-3.723247,-3.483247,-3.423247,-3.243247,-2.273247,-1.7732471,-1.4632471,-0.10324707,-0.6232471,-0.39324707,-0.01324707,-0.14324707,-0.23324707,0.32675293,0.5067529,0.58675295,1.406753,1.5567529,1.626753,1.746753,2.076753,2.1667528,2.176753,2.526753,2.026753,3.6567528,3.236753,4.196753,3.3567529,2.8667529,3.426753,2.966753,0.66675293,1.8267529,1.6867529,-0.7632471,-3.513247,-2.823247,-2.533247,-2.6332471,-2.413247,-2.523247,-2.753247,-2.473247,-1.7132471,-1.353247,-0.17324707,0.6967529,0.8267529,1.4267529,1.6667529,1.9467529,1.986753,2.1467528,2.186753,2.1667528,2.776753,3.016753,3.066753,3.236753,2.996753,3.326753,3.1367528,3.516753,3.016753,3.986753,3.8567529,4.4967527,3.966753,4.236753,3.226753,3.1667528,2.206753,1.4367529,1.6067529,0.9467529,1.3067529,-2.053247,-1.613247,-1.6932471,-1.3932471,-1.0732471,-1.0532471,-0.8132471,-0.44324708,-0.26324707,0.05675293,0.96675295,1.986753,1.9367529,2.816753,3.006753,2.8867528,3.246753,4.096753,2.256753,3.786753,4.486753,3.686753,3.966753,3.6167529,3.346753,3.096753,4.066753,3.676753,2.966753,4.436753,4.376753,4.876753,5.466753,4.2467527,3.786753,3.506753,1.6867529,1.006753,-0.65324706,1.406753,0.65675294,-1.133247,-0.29324707,-0.17324707,-0.35324708,-0.17324707,0.14675292,0.31675294,0.44675294,1.136753,0.08675293,0.70675296,3.696753,2.526753,3.966753,4.986753,4.5167527,5.606753,5.856753,4.846753,5.676753,5.096753,4.2467527,4.006753,3.936753,4.056753,4.436753,4.456753,4.646753,3.596753,4.7267528,4.946753,5.546753,4.936753,4.906753,3.3667529,4.716753,5.336753,5.716753,3.986753,2.816753,2.3567529,1.3167529,1.1867529,1.3067529,1.0967529,1.266753,0.32675293,0.34675294,1.126753,1.6667529,-0.26324707,0.5467529,4.866753,2.206753,5.616753,5.696753,5.736753,6.086753,6.826753,5.316753,5.546753,4.686753,4.026753,3.706753,4.7267528,4.836753,4.376753,4.466753,4.206753,4.626753,4.946753,5.436753,5.456753,2.776753,4.336753,4.816753,5.2867527,5.636753,4.296753,5.896753,5.556753,3.696753,1.986753,1.2167529,0.44675294,1.9167529,0.7967529,2.096753,2.076753,2.956753,3.6167529,1.0867529,0.8267529,0.8767529,6.816753,4.956753,4.686753,5.316753,5.316753,5.806753,4.816753,5.666753,4.196753,2.806753,0.8767529,5.176753,4.466753,3.036753,3.1067529,3.796753,3.826753,3.1067529,3.806753,3.436753,3.6567528,4.526753,4.876753,4.416753,4.186753,4.606753,5.066753,4.556753,5.156753,0.9967529,0.70675296,1.6867529,1.396753,2.296753,3.566753,4.176753,3.466753,2.506753,1.026753,0.8767529,4.2267528,2.3567529,5.406753,3.196753,2.9167528,3.816753,4.926753,4.076753,4.206753,2.446753,0.45675293,2.1167529,2.996753,4.076753,2.586753,2.6467528,3.3667529,3.486753,3.426753,4.676753,5.406753,4.216753,4.176753,4.556753,5.156753,4.916753,5.526753,4.846753,5.686753,3.3867528]},{"header":{"discipline":0,"disciplineName":"Meteorological products","gribEdition":2,"gribLength":1102,"center":7,"centerName":"US National Weather Service - NCEP(WMC)","subcenter":0,"refTime":"2023-10-04T06:00:00.000Z","significanceOfRT":1,"significanceOfRTName":"Start of forecast","productStatus":0,"productStatusName":"Operational products","productType":1,"productTypeName":"Forecast products","productDefinitionTemplate":0,"productDefinitionTemplateName":"Analysis/forecast at horizontal level/layer at a point in time","parameterCategory":2,"parameterCategoryName":"UnknownDiscipline_0_Category_2","parameterNumber":3,"parameterNumberName":"UnknownParameter_D0_C2_3","parameterUnit":"Unknown","genProcessType":2,"genProcessTypeName":"Forecast","forecastTime":300,"surface1Type":103,"surface1TypeName":"Specified height level above ground","surface1Value":10.0,"surface2Type":255,"surface2TypeName":"Missing","surface2Value":0.0,"gridDefinitionTemplate":0,"gridDefinitionTemplateName":"Latitude_Longitude","numberPoints":615,"shape":6,"shapeName":"Earth spherical with radius of 6,371,229.0 m","gridUnits":"degrees","resolution":48,"winds":"true","scanMode":64,"nx":41,"ny":15,"basicAngle":0,"lo1":47.0,"la1":41.0,"lo2":87.0,"la2":55.0,"dx":1.0,"dy":1.0},"data":[-1.1237249,-0.84372497,3.976275,10.706274,5.576275,2.336275,1.706275,1.266275,1.456275,0.21627502,0.366275,-0.943725,-0.86372495,-1.063725,-1.703725,-1.963725,-2.663725,-4.993725,-5.883725,-4.253725,-4.473725,-4.103725,-2.753725,-1.523725,-1.773725,-0.17372498,-1.553725,0.916275,0.59627503,-1.023725,-3.643725,-6.023725,1.3662751,-2.793725,-1.733725,-1.533725,-3.913725,-4.263725,-3.743725,-1.733725,-2.243725,5.436275,0.336275,11.916274,10.126275,6.4262753,1.6062751,2.406275,2.426275,1.696275,1.446275,0.29627502,-1.063725,-1.813725,-2.743725,-3.553725,-2.2037249,-1.723725,-3.873725,-6.553725,-5.273725,-4.093725,-4.993725,-2.373725,0.95627505,-0.26372498,-0.503725,-2.113725,-0.573725,0.536275,1.936275,3.826275,1.386275,-1.053725,-4.713725,-5.603725,-3.173725,-9.123725,-7.163725,-5.8237247,-5.163725,-1.1437249,3.086275,9.756275,8.286275,6.716275,4.056275,2.456275,2.326275,3.156275,2.186275,1.316275,0.43627504,0.15627502,-1.103725,-1.8837249,-2.4337249,-2.1937249,-1.673725,-2.7037249,-4.133725,-5.193725,-1.333725,-3.213725,-6.663725,-1.833725,-1.303725,-0.24372497,-0.683725,-0.683725,0.59627503,1.476275,0.44627503,1.1162751,0.47627503,-1.093725,-0.563725,-1.523725,-3.503725,-2.523725,-2.673725,-2.223725,2.116275,5.756275,7.286275,6.6762753,6.056275,2.3162751,3.026275,2.946275,4.366275,3.536275,2.516275,1.196275,-0.61372495,-0.993725,-1.023725,-1.553725,-1.803725,-1.703725,-2.1837249,-3.653725,-5.913725,-3.893725,-2.2037249,0.856275,-2.173725,-2.173725,-1.6237249,-1.233725,-3.353725,-0.30372497,-1.363725,-2.223725,-3.303725,-2.413725,1.786275,0.306275,-3.293725,1.9962751,3.216275,0.15627502,0.666275,2.006275,4.006275,5.416275,4.616275,2.696275,2.376275,1.3662751,1.506275,2.896275,4.686275,4.156275,2.856275,2.0562751,0.086275026,0.20627503,-0.43372497,-0.713725,-1.153725,-1.7637249,-1.963725,-3.253725,-3.2037249,-2.273725,-2.553725,-2.143725,-2.653725,-1.523725,-0.713725,-0.31372496,-1.803725,-2.663725,-2.353725,-1.343725,3.256275,2.756275,0.35627502,0.47627503,-5.903725,4.336275,-0.893725,-4.973725,1.696275,3.386275,1.8562751,1.786275,1.696275,1.976275,2.5662751,1.326275,1.816275,3.516275,4.086275,3.016275,2.266275,-0.513725,0.926275,-0.07372498,-0.09372497,-0.633725,-1.283725,-0.98372495,-0.523725,-0.963725,-0.753725,-1.423725,-1.703725,-1.203725,-1.7637249,-2.093725,-2.093725,-0.933725,-1.5037249,-0.643725,0.29627502,-0.803725,2.506275,2.976275,-5.453725,-1.663725,-4.853725,-5.183725,-2.643725,6.386275,3.086275,2.636275,2.326275,2.166275,2.766275,2.606275,2.756275,3.476275,3.026275,3.2962751,2.416275,2.996275,2.366275,1.186275,0.43627504,0.25627503,0.25627503,-0.563725,-1.2637249,0.856275,0.23627502,0.096275024,0.426275,0.12627502,-0.15372497,-1.0137249,-1.403725,-2.043725,-2.013725,-2.4337249,-2.053725,-2.1837249,-2.023725,-2.043725,-1.953725,-1.653725,-2.973725,-1.593725,-3.323725,-1.773725,-3.493725,3.786275,3.246275,2.2962751,2.116275,2.086275,2.646275,2.486275,3.7962751,4.366275,3.866275,3.666275,2.856275,2.846275,2.166275,2.246275,1.816275,1.076275,0.84627503,0.35627502,1.266275,0.306275,-0.323725,0.43627504,1.586275,1.6162751,1.076275,0.696275,-0.59372497,-0.28372496,-0.40372497,-0.563725,-0.773725,-1.233725,-0.803725,0.17627503,-0.353725,-1.2537249,-5.443725,-1.5037249,0.976275,-1.063725,3.466275,2.886275,2.636275,2.276275,2.0662751,2.006275,2.446275,2.756275,2.966275,3.786275,3.466275,3.416275,2.966275,3.436275,3.366275,2.926275,2.716275,2.476275,2.286275,1.836275,1.3562751,0.17627503,0.21627502,0.086275026,1.066275,1.056275,1.136275,1.176275,1.136275,1.086275,0.336275,0.616275,0.34627503,-0.10372498,-0.083724976,-1.6437249,-1.683725,0.336275,-2.393725,-2.173725,-3.573725,3.646275,3.216275,3.186275,3.256275,3.036275,2.846275,3.0562751,3.156275,3.636275,3.516275,3.826275,3.8062751,3.5662751,3.646275,3.486275,3.266275,3.266275,3.0562751,2.626275,1.916275,1.976275,1.976275,1.566275,1.296275,1.426275,1.306275,1.816275,1.566275,1.936275,1.656275,1.466275,0.396275,0.026275024,0.16627502,0.28627503,-0.07372498,-0.583725,-2.083725,3.006275,1.216275,-0.17372498,4.496275,4.386275,4.216275,3.5662751,3.426275,3.776275,3.7962751,3.596275,3.876275,3.456275,3.356275,3.376275,3.336275,3.606275,3.476275,3.586275,3.836275,4.016275,3.836275,3.766275,3.286275,2.766275,2.006275,1.886275,1.796275,1.9862751,1.396275,1.706275,2.756275,1.166275,0.546275,-0.24372497,-0.443725,0.46627504,1.6162751,1.436275,0.986275,1.396275,1.836275,1.216275,0.45627502,3.736275,4.286275,4.246275,4.516275,4.246275,3.576275,3.286275,3.516275,2.976275,2.976275,2.536275,1.7462751,2.906275,2.956275,2.936275,3.756275,4.036275,4.136275,5.186275,4.786275,4.526275,3.436275,2.976275,2.536275,2.216275,1.526275,1.686275,2.086275,1.916275,1.1062751,1.1162751,0.71627504,0.45627502,0.606275,0.876275,1.546275,2.186275,1.636275,0.25627503,0.63627505,1.006275,5.016275,5.206275,4.916275,4.386275,4.566275,2.996275,3.0462751,3.966275,4.356275,2.756275,1.776275,0.866275,2.986275,2.716275,3.006275,2.946275,3.756275,3.636275,4.706275,4.916275,5.616275,4.756275,3.496275,1.846275,1.566275,2.106275,1.656275,1.796275,1.056275,1.466275,0.816275,0.49627504,0.856275,-0.803725,0.29627502,0.45627502,1.416275,1.476275,1.896275,1.976275,1.516275,5.226275,4.786275,5.016275,5.1762753,3.496275,4.826275,4.996275,4.746275,4.986275,5.166275,3.186275,0.32627502,0.20627503,2.896275,2.676275,2.976275,2.8162751,3.0462751,3.086275,4.056275,4.656275,4.606275,2.466275,1.006275,1.686275,2.396275,1.426275,0.84627503,0.21627502,0.926275,0.19627503,1.136275,0.796275,0.11627503,-0.28372496,0.17627503,0.49627504,0.816275,0.89627504,0.946275,1.796275,3.496275,3.706275,4.586275,4.616275,4.736275,4.656275,4.696275,4.776275,4.226275,4.896275,3.996275,4.136275,3.186275,-0.753725,1.716275,2.376275,2.276275,1.976275,2.856275,3.846275,4.656275,4.736275,3.286275,1.806275,0.976275,1.7462751,1.386275,0.84627503,0.89627504,0.976275,-0.09372497,-2.2037249,-1.213725,0.096275024,0.58627504,0.35627502,0.336275,0.29627502,1.676275,1.8662751,1.4862751]}]