wind_kz.json
{"header": {"discipline":0,"disciplineName":"Meteorological products","gribEdition":2,"gribLength":1025,"center":7,"centerName":"US National Weather Service - NCEP(WMC)","subcenter":0,"refTime":"2023-09-23T12:00:00.000Z","significanceOfRT":1,"significanceOfRTName":"Start of forecast","productStatus":0,"productStatusName":"Operational products","productType":1,"productTypeName":"Forecast products","productDefinitionTemplate":0,"productDefinitionTemplateName":"Analysis/forecast at horizontal level/layer at a point in time","parameterCategory":2,"parameterCategoryName":"UnknownDiscipline_0_Category_2","parameterNumber":3,"parameterNumberName":"UnknownParameter_D0_C2_3","parameterUnit":"Unknown","genProcessType":2,"genProcessTypeName":"Forecast","forecastTime":60,"surface1Type":103,"surface1TypeName":"Specified height level above ground","surface1Value":10.0,"surface2Type":255,"surface2TypeName":"Missing","surface2Value":0.0,"gridDefinitionTemplate":0,"gridDefinitionTemplateName":"Latitude_Longitude","numberPoints":615,"shape":6,"shapeName":"Earth spherical with radius of 6,371,229.0 m","gridUnits":"degrees","resolution":48,"winds":"true","scanMode":64,"nx":41,"ny":15,"basicAngle":0,"lo1":47.0,"la1":41.0,"lo2":87.0,"la2":55.0,"dx":1.0,"dy":1.0}, "data":
[rows 0 to 14 of 15, columns 0 to 40 of 41]
-0.17703614,-2.3170362,-0.047036134,-7.287036,-0.09703613,-0.99703616,-0.88703614,-1.0270362,-2.7370362,-2.407036,-4.057036,-3.5270362,-3.907036,-4.237036,-3.9870362,-2.3170362,-3.0870361,-1.2570361,-3.2570362,-2.367036,0.41296387,2.0129638,0.34296387,-1.3070362,-1.2970362,-0.9270361,-0.87703615,0.87296385,1.1129639,2.862964,1.1329639,0.5929639,0.35296386,-1.0370362,-0.7870361,-1.2770362,-1.0570362,2.372964,2.2629638,1.9829639,2.1629639
0.86296386,1.0229639,-2.457036,-1.3970361,0.022963867,0.62296385,-2.5770361,-0.26703614,-1.6770362,-2.7470362,-3.437036,-4.267036,-3.9970362,-4.1370363,-5.1570363,-3.5570362,-0.34703612,-2.7670362,-4.107036,-3.437036,-2.957036,-2.8170362,1.8829639,1.2229638,-0.43703613,-0.34703612,-1.6570362,0.8229639,-0.74703616,0.54296386,1.9329638,3.842964,0.92296386,-2.127036,-2.617036,-0.23703614,0.35296386,-0.18703613,0.91296387,1.0929638,-1.6370361
1.8829639,2.312964,-5.227036,-3.877036,1.8829639,0.17296387,-1.1270361,-1.9970361,-1.5670362,-3.2370362,-3.8470361,-3.107036,-4.107036,-4.517036,-4.757036,-4.327036,-2.3370361,-3.167036,-3.7970362,-2.5570362,-2.0870361,-4.507036,-5.167036,-1.3870361,-1.0170361,0.24296387,-1.5070361,0.45296386,-0.5470361,0.7129639,2.9229639,1.0029639,1.2529639,-0.6670361,-0.46703613,1.4429638,3.5229638,0.49296388,0.61296386,-0.75703615,-0.42703614
0.5929639,0.8829639,0.49296388,-1.9370362,-0.58703613,0.55296385,0.5929639,-0.89703614,-0.9870361,-2.3370361,-3.0170362,-4.1570363,-5.237036,-5.517036,-4.517036,-4.4270363,-3.9670362,-4.0970364,-5.047036,-5.647036,-2.367036,-3.0270362,1.3429638,-1.7070361,-2.2670362,-2.667036,-2.7470362,-1.7170361,0.17296387,-2.0870361,-0.52703613,0.29296386,-1.0970361,-0.42703614,0.0029638673,-2.2470362,-1.4670361,2.9729638,1.1029639,0.6529639,0.40296388
-1.3470361,-2.0970361,-1.9070362,-1.9970361,-1.3470361,0.5729639,0.34296387,0.18296386,-0.19703613,-2.0570362,-2.907036,-3.377036,-4.787036,-5.4070363,-5.187036,-3.887036,-3.917036,-3.917036,-3.957036,-3.8070362,-3.157036,-1.8470361,-2.137036,-2.117036,-2.0870361,-2.2770362,-2.147036,-1.3670361,-1.4070362,-2.437036,-2.927036,-0.49703613,1.3129638,2.1729639,-0.5470361,-0.047036134,-0.46703613,-0.30703613,1.1229639,2.112964,2.082964
-1.6970361,-1.7770362,-2.667036,-1.8670361,-0.51703614,-0.14703614,0.27296388,0.24296387,-0.68703616,-1.3770361,-2.117036,-2.9870362,-4.507036,-5.3670363,-4.087036,-3.5670362,-3.207036,-3.0370362,-3.127036,-2.687036,-2.897036,-1.4870361,-0.7370361,-0.39703614,-1.3170362,-2.4870362,-2.9970362,-2.947036,-1.7270361,-1.7970362,-1.2770362,-0.09703613,-0.5470361,-0.75703615,1.2929639,-0.21703613,1.1729639,-0.89703614,-0.38703614,0.43296388,2.122964
-0.93703616,-1.0270362,-1.0070361,-0.83703613,-0.9670361,-0.55703616,-0.41703615,-0.39703614,-0.64703614,-0.77703613,-1.4970361,-1.8570361,-2.7370362,-3.2670362,-3.157036,-3.417036,-2.917036,-2.0370362,-2.157036,-1.9770361,-2.697036,-2.667036,-2.117036,-1.4870361,-1.4070362,-2.457036,-2.7170362,-3.177036,-2.2270362,-2.957036,-2.197036,-2.607036,-3.0370362,0.022963867,-1.8870361,-0.88703614,-0.9170361,0.03296387,-1.7770362,-2.657036,1.4629638
-0.94703615,-0.06703613,-0.15703613,-0.09703613,-0.06703613,-0.20703614,-0.20703614,-0.077036135,0.09296387,-0.64703614,-0.83703613,-0.83703613,-2.387036,-2.387036,-2.877036,-2.957036,-2.617036,-2.4870362,-1.7370361,0.14296387,-2.137036,-2.207036,-2.4970362,-1.8670361,-1.6070361,-1.4970361,-2.137036,-1.9970361,-1.9370362,-2.447036,-0.9670361,-1.6370361,-1.8670361,0.25296387,1.7729639,1.4229639,0.102963865,-0.05703613,-1.0470362,1.0329639,-0.46703613
0.34296387,0.21296386,0.41296387,-0.46703613,0.98296386,0.5129639,0.6429639,0.48296386,-0.27703613,-0.5970361,0.9529639,0.42296386,0.25296387,-0.80703616,-2.657036,-2.647036,-1.4470361,-1.3870361,-1.1070361,-0.57703614,-0.80703616,-2.0370362,-2.5270362,-2.167036,-1.6270361,-1.6970361,-1.5570362,-1.1270361,-0.28703612,-0.8670361,-2.187036,-1.8070362,-0.43703613,0.6329639,0.5829639,-0.5970361,0.32296386,3.2329638,2.092964,3.4129639,1.7329639
-0.047036134,-0.34703612,-0.36703613,-0.6070361,0.062963866,0.25296387,1.2029638,1.1929638,0.19296387,-0.44703615,-0.24703613,-1.2670361,0.33296385,0.15296386,-1.0170361,-3.157036,-0.95703614,-0.25703612,-0.44703615,-1.2170361,-1.1870362,-1.5570362,-1.7470361,-1.9970361,-1.3770361,-0.7270361,-0.17703614,-0.19703613,-0.017036133,0.40296388,-0.34703612,-0.5370361,-1.9870361,-1.7170361,-1.1270361,-1.6570362,-0.9170361,-0.7370361,1.0729638,1.1429639,2.072964
-1.2070361,-2.627036,-3.367036,-2.2770362,-2.647036,-1.3970361,1.1229639,0.41296387,0.86296386,-0.09703613,-0.34703612,0.30296385,-1.3570361,0.08296387,0.7729639,-0.5370361,-1.4570361,-0.40703613,-0.14703614,-1.0870361,-1.2370361,-1.4270362,-2.137036,-2.0770361,-1.5570362,-0.70703614,-0.117036134,-0.6770361,-0.15703613,0.69296384,-0.7970361,-1.5270362,-2.407036,-1.9470361,-2.2370362,-2.8370361,-1.5170361,-1.5870361,-1.3470361,-0.95703614,0.43296388
-1.0170361,-2.3170362,-3.147036,-1.4870361,-2.2970362,-3.3070362,-2.677036,-2.0970361,0.5129639,0.5129639,0.46296388,-0.89703614,-1.1970361,-1.5470362,-1.7670361,0.81296384,1.1329639,-0.16703613,0.68296385,0.20296387,-0.06703613,-1.6370361,-1.8970361,-1.5670362,-1.2270361,-1.5070361,0.34296387,-0.32703614,-0.48703614,-1.2570361,-1.7770362,-0.41703615,-1.0270362,-0.6770361,-0.5370361,-2.397036,-1.7170361,-1.7070361,-1.5170361,-1.0970361,-0.047036134
-1.5870361,-0.5470361,-1.3170362,-1.8570361,-2.7870362,-1.8670361,-2.177036,-2.957036,-2.8070362,-0.94703615,-0.69703615,-0.28703612,0.20296387,-0.7370361,-1.1070361,-0.76703614,-0.15703613,1.0829638,1.0029639,0.74296385,1.2429639,0.45296386,0.47296387,-0.43703613,-1.5770361,-1.2370361,-1.4770361,-2.107036,-1.8270361,-0.9870361,1.0229639,0.98296386,0.24296387,-0.18703613,-1.0470362,-0.047036134,-0.30703613,-0.6070361,-2.4870362,-1.8070362,-1.1870362
-1.8670361,-2.407036,-2.437036,-1.9070362,-0.89703614,-0.57703614,-0.58703613,-1.7070361,-0.19703613,-0.81703615,0.31296387,0.30296385,-0.077036135,-0.33703613,-0.19703613,-0.037036132,0.25296387,0.93296385,0.9029639,0.6429639,0.30296385,0.54296386,0.22296387,-0.26703614,-0.7170361,-1.4070362,-1.8870361,-1.5770361,0.31296387,2.052964,1.9729638,1.5729638,1.4329638,1.3029639,-0.24703613,0.68296385,-0.9870361,-1.9870361,-2.437036,-1.9370362,-1.8670361
-1.0870361,-1.8870361,-2.2970362,-1.8670361,-1.9570361,-1.3270361,-1.5470362,-1.6270361,-1.7170361,-0.99703616,0.5729639,0.38296387,1.2229638,-0.047036134,-0.25703612,-0.7170361,0.74296385,0.5229639,1.2029638,0.8829639,0.48296386,0.0029638673,-0.18703613,-0.24703613,-0.5970361,-0.7270361,-0.99703616,-0.69703615,1.6529639,2.112964,3.792964,3.042964,1.9429638,1.1029639,0.9529639,-0.27703613,-0.9270361,-1.1970361,-1.9370362,-3.407036,-1.3370361
