wind_kz.json
{"header": {"discipline":0,"disciplineName":"Meteorological products","gribEdition":2,"gribLength":1025,"center":7,"centerName":"US National Weather Service - NCEP(WMC)","subcenter":0,"refTime":"2024-03-19T12:00:00.000Z","significanceOfRT":1,"significanceOfRTName":"Start of forecast","productStatus":0,"productStatusName":"Operational products","productType":1,"productTypeName":"Forecast products","productDefinitionTemplate":0,"productDefinitionTemplateName":"Analysis/forecast at horizontal level/layer at a point in time","parameterCategory":2,"parameterCategoryName":"UnknownDiscipline_0_Category_2","parameterNumber":2,"parameterNumberName":"UnknownParameter_D0_C2_2","parameterUnit":"Unknown","genProcessType":2,"genProcessTypeName":"Forecast","forecastTime":0,"surface1Type":103,"surface1TypeName":"Specified height level above ground","surface1Value":10.0,"surface2Type":255,"surface2TypeName":"Missing","surface2Value":0.0,"gridDefinitionTemplate":0,"gridDefinitionTemplateName":"Latitude_Longitude","numberPoints":615,"shape":6,"shapeName":"Earth spherical with radius of 6,371,229.0 m","gridUnits":"degrees","resolution":48,"winds":"true","scanMode":64,"nx":41,"ny":15,"basicAngle":0,"lo1":47.0,"la1":41.0,"lo2":87.0,"la2":55.0,"dx":1.0,"dy":1.0}, "data":
[rows 0 to 14 of 15, columns 0 to 40 of 41]
-0.56492186,0.10507812,2.495078,3.9250782,-2.5549219,-2.014922,-4.674922,-5.464922,-8.044922,-6.754922,-7.424922,-7.6649218,-7.334922,-6.564922,-5.824922,-4.344922,-3.774922,-4.4949217,-4.084922,-3.984922,-4.214922,-3.184922,-0.6749219,-1.5149219,-1.4249219,-0.8949219,-3.434922,-0.5949219,0.45507812,-0.61492187,-0.29492188,0.6550781,-0.47492188,0.38507813,1.5650781,0.92507815,2.5950782,2.6750782,2.465078,2.965078,3.005078
-1.6249219,-0.3749219,0.80507815,-3.3649218,-5.274922,-3.8749218,-5.944922,-6.544922,-7.774922,-8.404922,-7.104922,-9.504922,-8.504922,-6.9949217,-5.894922,-6.504922,-6.7449217,-6.334922,-4.564922,-4.1649218,-4.104922,-1.2949219,-1.7349219,-3.3649218,-0.14492187,-0.044921875,-1.4449219,0.13507813,0.7350781,-0.32492188,0.49507812,-0.69492185,0.15507813,-1.5449219,0.4050781,1.9350781,2.6850781,3.2050781,0.07507812,0.86507815,3.1550782
-3.3549218,-2.5749218,-4.2449217,-3.994922,-5.754922,-6.574922,-6.1849217,-5.234922,-10.084922,-9.374922,-7.0349216,-8.864922,-7.844922,-6.834922,-5.9749217,-5.4349217,-5.2249217,-4.734922,-4.2849216,-4.404922,-2.1149218,-2.5549219,-1.8649219,-0.80492187,-2.8849218,-2.744922,-2.3449218,-0.16492188,0.81507814,-0.39492187,0.35507813,0.6650781,0.10507812,0.27507812,0.23507813,-0.7249219,-0.5249219,0.45507812,0.005078125,1.4850781,1.7650781
-5.964922,-3.484922,-3.784922,-3.3949218,-5.9149218,-6.1649218,-4.2449217,-5.9749217,-5.9749217,-5.334922,-6.4949217,-6.4549217,-5.4549217,-4.1649218,-5.404922,-5.174922,-5.074922,-5.614922,-4.4749217,-3.1249218,-0.10492188,-1.1049218,-3.024922,-2.1649218,-1.7849219,-0.86492187,-2.1249218,-0.7249219,0.19507812,-2.3449218,-1.2149218,-0.42492187,-4.114922,-3.3849218,-2.0549219,-1.7449219,-1.7849219,2.515078,0.8950781,-0.63492185,-2.534922
-6.074922,-4.944922,-4.7449217,-4.254922,-3.8049219,-4.274922,-4.004922,-4.144922,-3.944922,-4.504922,-4.2249217,-5.444922,-4.904922,-3.944922,-0.5949219,-2.1549218,-2.8249218,-3.0649219,-3.0549219,-3.224922,-3.3649218,-2.8449218,-2.734922,-2.1549218,-1.5949218,-2.004922,-1.0049219,-1.7949219,-0.084921874,1.4050782,3.295078,2.495078,0.39507812,2.475078,0.3750781,0.7750781,0.69507813,-2.3749218,-1.7749219,-0.3149219,-0.86492187
-3.504922,-2.3549218,-3.6549218,-2.424922,-1.9749218,-2.6649218,-1.2349219,-1.2349219,-0.8549219,-0.7149219,0.19507812,0.39507812,0.095078126,-0.61492187,-0.9049219,1.5850781,1.8650781,1.5450782,0.6550781,-0.9049219,-0.94492185,-0.7949219,-0.17492187,0.11507812,1.1950781,1.4250782,1.0350782,-1.1249219,0.8450781,1.3950782,-1.5149219,-0.29492188,0.9750781,2.8550782,0.23507813,-3.704922,-0.81492186,-2.024922,-1.3749219,-0.74492186,1.6850781
-3.0849218,-3.204922,-2.7949219,-1.6849219,-1.2749219,-0.28492188,0.25507814,0.45507812,1.0750781,1.6850781,1.9350781,1.9750781,2.075078,2.8550782,3.1950781,3.9450781,4.5050783,4.455078,2.9050782,1.4150782,-1.0049219,1.6150781,-0.06492188,-3.004922,-0.9649219,0.39507812,1.3950782,0.99507815,-0.054921877,-0.3449219,2.5950782,2.225078,0.44507813,-2.4149218,-3.454922,-2.994922,-0.46492186,0.9550781,-0.26492187,1.7750782,-1.2749219
-2.464922,-1.9849219,-0.6649219,-0.084921874,-0.39492187,-0.7849219,-0.074921876,0.7050781,0.50507814,0.61507815,1.3550781,0.5750781,2.775078,2.545078,1.1250781,2.8350782,2.6850781,1.0450782,0.20507812,0.32507813,1.7650781,2.755078,0.26507813,0.27507812,1.6450782,1.8150781,3.735078,2.2050781,2.075078,0.80507815,1.5750781,1.3750781,-1.5249219,2.3550782,0.21507813,0.07507812,-0.16492188,-2.234922,-3.3849218,-5.614922,-1.1249219
-1.7349219,-1.6349219,-1.2049218,-1.1749219,-1.8749219,-0.74492186,0.29507813,0.045078125,0.6450781,1.1150781,1.4450781,1.6850781,2.1050782,1.6350781,2.015078,2.5850782,2.3950782,2.275078,3.055078,3.775078,4.035078,2.3650782,2.225078,3.8550782,4.445078,5.325078,5.2150784,5.905078,4.4650784,3.995078,3.0950782,3.325078,6.395078,0.17507812,-1.2349219,-2.3349218,0.045078125,-2.454922,-1.9049219,0.07507812,0.005078125
-1.6049218,-1.0749218,-0.8549219,-1.1649219,-1.9349219,-0.36492187,-0.044921875,-0.004921875,0.61507815,-0.5449219,-0.21492188,0.7850781,0.7850781,1.8950782,2.3550782,2.3550782,2.6550782,3.6150782,3.005078,3.005078,4.2950783,5.725078,2.9250782,2.9450781,4.625078,5.115078,6.385078,6.265078,7.445078,8.285078,5.765078,4.2150784,3.3950782,1.7650781,-0.9649219,-1.7549219,-3.174922,-1.7849219,1.1850781,1.0450782,0.7250781
-1.4249219,-1.2049218,-1.0349219,-0.86492187,-0.42492187,-0.3449219,-0.27492186,-1.2649219,-1.1549219,-1.6549219,-3.274922,-2.254922,-0.3449219,-0.46492186,-0.50492185,0.38507813,1.2450781,0.9650781,2.505078,4.175078,4.5450783,4.195078,4.9850783,4.905078,5.2150784,5.665078,6.805078,7.145078,8.075078,7.645078,7.925078,3.025078,1.4350781,0.3750781,0.095078126,-1.0049219,-0.7849219,0.75507814,0.32507813,1.0250782,0.6450781
-1.8649219,-2.1349218,-1.8249218,-2.204922,-2.8849218,-1.9149219,-1.1649219,-1.2649219,-1.3349218,-1.1049218,-3.5949218,-2.8649218,-1.1649219,-1.8749219,-0.4049219,0.035078123,0.22507812,-0.13492188,1.0650781,1.2150781,2.1950781,2.725078,3.265078,3.6850781,4.745078,5.2750783,6.0650783,7.0050783,7.145078,6.445078,3.6550782,2.985078,2.5950782,2.6550782,2.485078,4.0050783,6.0650783,3.7050781,0.14507812,-0.054921877,1.9450781
-2.244922,-2.4049218,-1.1849219,-2.1649218,-2.3049219,-2.444922,-2.6049218,-1.1149219,-2.8249218,0.27507812,-2.1449218,-4.254922,-3.014922,-3.284922,-2.694922,-1.1949219,-0.9649219,-0.6449219,0.6050781,-0.15492187,0.30507812,1.5050781,1.7750782,2.825078,3.9050782,4.035078,3.8350782,4.745078,5.7350783,5.015078,5.605078,5.635078,4.0450783,3.8350782,3.8550782,4.4650784,4.8150783,3.765078,1.2050781,-0.13492188,-0.32492188
-1.7649219,-2.174922,-0.50492185,-2.6349218,-2.454922,-2.3849218,-3.6349218,-3.0749218,-1.0549219,-0.5849219,-0.35492188,-2.004922,-2.734922,-1.5349219,-1.3449218,-0.9849219,-0.81492186,-1.0749218,-0.88492185,-1.4949219,-0.8949219,-0.18492188,1.7850782,2.1050782,1.8650781,2.3850782,2.525078,2.565078,3.215078,3.475078,3.8350782,3.755078,3.325078,2.975078,2.6250782,3.065078,2.8350782,3.0850782,2.6150782,3.535078,-0.13492188
-2.4049218,-1.9449219,-3.0449219,-2.674922,-1.8849219,-2.484922,-2.0449219,-2.474922,-1.6149219,-1.7649219,-1.5949218,-2.3349218,-2.014922,-1.6849219,-0.63492185,-0.15492187,-0.19492188,0.50507814,-1.1049218,-1.0749218,-1.0049219,-0.8349219,-0.6049219,-0.20492187,-0.68492186,-0.9249219,-0.42492187,-0.14492187,0.47507814,0.6550781,1.1050781,1.1250781,1.1950781,1.6650782,1.3950782,1.9550781,2.7050781,3.1750782,2.3950782,1.4950781,-0.43492186
