wind_kz.json
{"header": {"discipline":0,"disciplineName":"Meteorological products","gribEdition":2,"gribLength":948,"center":7,"centerName":"US National Weather Service - NCEP(WMC)","subcenter":0,"refTime":"2023-09-28T00:00:00.000Z","significanceOfRT":1,"significanceOfRTName":"Start of forecast","productStatus":0,"productStatusName":"Operational products","productType":1,"productTypeName":"Forecast products","productDefinitionTemplate":0,"productDefinitionTemplateName":"Analysis/forecast at horizontal level/layer at a point in time","parameterCategory":0,"parameterCategoryName":"UnknownDiscipline_0_Category_0","parameterNumber":0,"parameterNumberName":"UnknownParameter_D0_C0_0","parameterUnit":"Unknown","genProcessType":2,"genProcessTypeName":"Forecast","forecastTime":60,"surface1Type":1,"surface1TypeName":"Ground or water surface","surface1Value":0.0,"surface2Type":255,"surface2TypeName":"Missing","surface2Value":0.0,"gridDefinitionTemplate":0,"gridDefinitionTemplateName":"Latitude_Longitude","numberPoints":615,"shape":6,"shapeName":"Earth spherical with radius of 6,371,229.0 m","gridUnits":"degrees","resolution":48,"winds":"true","scanMode":64,"nx":41,"ny":15,"basicAngle":0,"lo1":47.0,"la1":41.0,"lo2":87.0,"la2":55.0,"dx":1.0,"dy":1.0}, "data":
[rows 0 to 14 of 15, columns 0 to 40 of 41]
304.50748,292.20746,297.70746,295.10748,294.70746,293.90747,303.60748,307.30746,304.60748,304.80746,303.70746,304.00748,303.20746,302.80746,302.00748,301.10748,300.70746,300.60748,301.40747,301.60748,303.10748,300.20746,300.60748,294.50748,297.70746,299.60748,293.90747,279.90747,269.60748,274.30746,275.10748,276.60748,287.60748,294.40747,295.80746,295.50748,296.30746,295.40747,294.70746,294.20746,293.40747
282.80746,296.00748,294.50748,294.60748,294.20746,293.10748,307.30746,304.90747,303.90747,303.20746,303.10748,302.20746,302.40747,301.70746,301.00748,301.00748,301.00748,299.70746,299.40747,300.40747,300.80746,300.60748,298.00748,287.50748,277.90747,271.70746,287.00748,279.80746,281.30746,273.20746,279.50748,269.00748,279.70746,254.80746,276.00748,291.40747,290.30746,291.50748,294.70746,286.80746,284.70746
299.50748,294.00748,294.30746,293.90747,292.60748,304.50748,304.10748,303.80746,302.60748,301.30746,300.00748,300.70746,300.80746,300.60748,300.70746,300.30746,300.00748,299.30746,299.30746,299.90747,301.50748,299.60748,298.70746,291.80746,295.40747,293.40747,294.10748,293.70746,291.20746,279.30746,271.10748,273.70746,279.60748,279.60748,280.50748,282.20746,275.60748,277.00748,281.00748,273.70746,272.60748
300.60748,293.30746,293.90747,293.30746,295.10748,303.50748,302.20746,302.90747,302.80746,301.40747,300.40747,299.30746,291.40747,290.70746,298.00748,300.00748,300.00748,299.40747,299.80746,299.60748,298.70746,293.70746,298.00748,297.90747,297.40747,297.00748,296.90747,293.30746,291.20746,292.50748,290.70746,286.80746,289.70746,289.30746,288.70746,283.70746,276.50748,269.40747,279.10748,287.80746,291.10748
302.40747,292.90747,293.50748,292.80746,296.70746,302.80746,303.30746,303.10748,300.60748,299.20746,299.80746,299.50748,290.80746,289.20746,288.60748,298.80746,300.60748,298.80746,297.70746,298.00748,297.30746,297.30746,296.70746,295.50748,295.00748,295.10748,293.50748,292.90747,294.40747,293.70746,295.00748,291.10748,278.40747,269.90747,280.80746,286.70746,291.40747,293.70746,294.30746,294.60748,294.30746
305.70746,303.30746,291.50748,292.70746,292.50748,292.20746,300.70746,301.80746,300.00748,299.50748,299.70746,299.10748,291.60748,290.70746,293.70746,295.00748,299.10748,298.10748,298.10748,297.20746,296.70746,296.10748,295.80746,294.60748,293.60748,292.20746,293.30746,288.80746,294.70746,294.40747,292.20746,293.90747,291.00748,290.40747,287.80746,290.20746,281.90747,283.90747,289.70746,293.80746,293.40747
304.70746,304.90747,304.70746,304.70746,300.20746,302.90747,302.90747,299.70746,298.90747,298.60748,297.30746,297.50748,296.10748,298.00748,297.00748,297.80746,297.10748,296.70746,296.10748,295.30746,294.60748,295.20746,294.90747,294.10748,291.70746,291.40747,291.20746,292.50748,292.50748,291.70746,290.60748,290.30746,291.10748,291.20746,291.30746,289.10748,284.60748,281.00748,279.60748,278.50748,288.90747
303.50748,303.20746,302.90747,302.20746,302.60748,301.70746,300.80746,300.00748,299.20746,294.70746,293.50748,294.60748,291.80746,295.30746,295.60748,296.50748,294.90747,295.50748,295.10748,291.70746,290.80746,292.00748,292.50748,292.10748,290.30746,287.70746,286.80746,288.10748,286.50748,288.00748,287.30746,288.70746,287.90747,287.30746,286.70746,288.60748,291.30746,286.80746,288.20746,287.60748,284.30746
301.00748,299.00748,300.30746,299.50748,298.20746,297.50748,298.20746,298.20746,296.00748,297.10748,292.40747,291.20746,291.80746,293.30746,292.20746,293.00748,291.80746,291.70746,291.50748,291.00748,288.70746,289.40747,289.30746,288.50748,286.90747,286.30746,285.00748,283.90747,283.10748,281.10748,282.70746,284.10748,285.80746,286.10748,288.20746,287.60748,287.50748,285.40747,272.60748,271.40747,268.30746
299.10748,298.20746,298.20746,297.30746,297.50748,297.10748,296.40747,295.90747,290.90747,291.20746,289.20746,289.10748,290.40747,290.90747,290.40747,289.40747,290.20746,291.50748,291.00748,290.20746,288.20746,288.20746,287.40747,286.50748,286.00748,285.60748,285.20746,285.90747,283.40747,283.10748,281.60748,283.20746,285.30746,287.20746,287.20746,286.60748,286.00748,279.10748,275.90747,274.40747,271.50748
298.70746,296.90747,295.70746,295.90747,295.90747,295.10748,294.10748,290.90747,289.00748,288.70746,289.40747,289.30746,290.70746,288.60748,289.90747,288.60748,289.60748,289.00748,290.40747,287.90747,287.10748,286.30746,285.40747,284.40747,284.00748,284.80746,285.20746,286.80746,286.60748,287.60748,286.60748,286.30746,285.30746,285.70746,286.20746,283.50748,280.60748,277.10748,278.90747,278.00748,275.40747
297.50748,296.60748,295.60748,294.80746,294.70746,293.90747,292.40747,291.30746,290.70746,290.50748,287.80746,287.80746,289.30746,288.10748,287.80746,287.20746,286.50748,286.30746,286.20746,284.50748,284.00748,284.30746,284.10748,283.40747,283.20746,284.70746,285.80746,287.90747,287.70746,288.20746,286.20746,287.10748,287.10748,285.20746,282.40747,283.90747,283.60748,283.00748,280.30746,280.70746,281.10748
293.90747,294.60748,294.70746,293.70746,293.50748,291.80746,292.30746,292.00748,290.80746,290.10748,284.70746,284.40747,286.40747,285.80746,287.10748,285.50748,287.00748,286.90747,287.10748,285.70746,285.40747,284.40747,282.80746,283.80746,285.50748,286.00748,287.20746,286.20746,287.20746,286.00748,286.00748,285.50748,285.10748,286.00748,286.40747,284.40747,282.10748,282.90747,283.10748,282.50748,282.00748
294.40747,295.10748,289.90747,292.90747,292.40747,291.30746,289.00748,289.20746,290.60748,288.20746,286.70746,282.90747,283.80746,285.10748,285.30746,286.20746,286.70746,286.60748,287.50748,286.40747,286.10748,285.90747,284.20746,283.40747,284.60748,285.10748,284.30746,285.50748,285.40747,285.50748,285.60748,284.30746,283.50748,281.90747,283.40747,282.30746,282.10748,281.40747,281.80746,280.30746,282.10748
292.30746,293.90747,286.30746,291.50748,291.20746,291.10748,290.70746,288.00748,287.20746,289.70746,288.40747,286.50748,282.90747,282.50748,284.70746,284.50748,284.60748,284.10748,286.10748,285.10748,284.90747,283.60748,282.50748,282.20746,281.10748,283.00748,281.50748,281.30746,280.50748,279.90747,279.70746,281.40747,278.90747,278.40747,278.50748,279.10748,281.80746,282.10748,282.30746,281.30746,279.50748
