wind_kz.json
{"header": {"discipline":0,"disciplineName":"Meteorological products","gribEdition":2,"gribLength":871,"center":7,"centerName":"US National Weather Service - NCEP(WMC)","subcenter":0,"refTime":"2023-08-22T00:00:00.000Z","significanceOfRT":1,"significanceOfRTName":"Start of forecast","productStatus":0,"productStatusName":"Operational products","productType":1,"productTypeName":"Forecast products","productDefinitionTemplate":0,"productDefinitionTemplateName":"Analysis/forecast at horizontal level/layer at a point in time","parameterCategory":0,"parameterCategoryName":"UnknownDiscipline_0_Category_0","parameterNumber":0,"parameterNumberName":"UnknownParameter_D0_C0_0","parameterUnit":"Unknown","genProcessType":2,"genProcessTypeName":"Forecast","forecastTime":0,"surface1Type":1,"surface1TypeName":"Ground or water surface","surface1Value":0.0,"surface2Type":255,"surface2TypeName":"Missing","surface2Value":0.0,"gridDefinitionTemplate":0,"gridDefinitionTemplateName":"Latitude_Longitude","numberPoints":615,"shape":6,"shapeName":"Earth spherical with radius of 6,371,229.0 m","gridUnits":"degrees","resolution":48,"winds":"true","scanMode":64,"nx":41,"ny":15,"basicAngle":0,"lo1":47.0,"la1":41.0,"lo2":87.0,"la2":55.0,"dx":1.0,"dy":1.0}, "data":
[rows 0 to 14 of 15, columns 0 to 40 of 41]
296.49072,286.99072,292.89072,300.09073,299.7907,298.7907,298.19073,299.99072,298.2907,299.99072,298.39072,299.49072,299.19073,299.19073,298.7907,297.2907,296.09073,296.19073,295.19073,297.59073,297.49072,293.49072,291.59073,289.39072,290.89072,292.99072,290.7907,277.7907,278.99072,280.89072,280.7907,283.09073,290.99072,296.19073,296.59073,297.19073,296.59073,298.09073,298.59073,297.89072,297.99072
276.2907,292.59073,299.69073,299.69073,299.89072,298.59073,298.39072,297.59073,298.19073,298.2907,299.09073,298.49072,297.2907,295.49072,293.59073,295.09073,294.49072,298.19073,293.7907,295.39072,298.7907,297.89072,292.89072,288.49072,280.99072,281.69073,285.2907,281.49072,276.89072,274.2907,279.49072,275.49072,281.89072,262.89072,279.09073,293.7907,292.49072,294.59073,297.89072,289.7907,283.89072
295.09073,299.59073,299.89072,299.69073,298.49072,297.49072,297.39072,297.89072,297.7907,297.7907,297.89072,296.59073,295.19073,295.99072,296.49072,293.2907,294.09073,294.19073,293.59073,294.99072,298.2907,300.59073,292.89072,291.2907,290.69073,294.2907,294.7907,295.2907,293.39072,283.19073,274.59073,276.7907,281.39072,281.49072,282.89072,284.69073,276.89072,277.39072,278.99072,275.7907,276.09073
294.99072,301.09073,300.2907,299.2907,297.09073,297.59073,297.89072,300.99072,298.39072,296.7907,297.89072,294.99072,296.19073,295.49072,294.89072,294.19073,294.7907,291.7907,293.7907,294.69073,294.99072,293.09073,296.39072,295.2907,292.89072,294.69073,295.19073,294.49072,290.99072,289.69073,290.59073,288.7907,293.39072,290.59073,289.99072,288.69073,275.99072,275.59073,281.19073,289.09073,292.99072
297.09073,300.7907,300.89072,300.49072,299.19073,297.7907,296.89072,298.39072,298.19073,298.09073,297.7907,296.89072,296.69073,295.09073,292.2907,294.59073,293.99072,293.7907,292.7907,295.39072,296.99072,297.49072,295.2907,296.2907,295.09073,297.49072,293.89072,292.99072,292.39072,292.99072,294.49072,289.2907,280.99072,270.89072,281.69073,290.59073,293.39072,295.09073,295.49072,295.89072,295.89072
298.49072,296.09073,298.99072,300.09073,300.49072,299.89072,302.09073,298.19073,298.39072,298.7907,298.59073,297.09073,295.59073,295.39072,294.09073,291.69073,294.49072,297.7907,297.09073,297.19073,296.7907,298.39072,297.09073,296.09073,296.49072,295.2907,294.7907,293.99072,295.7907,295.2907,293.99072,294.7907,292.99072,289.19073,289.39072,289.7907,284.7907,285.69073,293.19073,294.59073,293.2907
297.89072,294.49072,297.49072,299.09073,300.39072,300.49072,300.09073,299.7907,298.59073,298.69073,297.39072,296.7907,296.69073,296.19073,294.59073,295.99072,294.89072,298.39072,297.39072,298.19073,297.09073,297.59073,299.39072,299.19073,296.89072,296.7907,295.2907,296.19073,295.09073,292.89072,294.39072,294.59073,293.39072,293.59073,291.89072,290.2907,286.69073,283.09073,278.99072,278.89072,291.19073
298.39072,296.69073,296.99072,296.19073,299.09073,299.39072,298.99072,298.89072,298.49072,297.49072,294.99072,293.89072,293.69073,296.39072,296.39072,296.89072,298.2907,296.39072,297.39072,296.2907,297.59073,297.49072,298.69073,297.7907,297.09073,294.69073,294.59073,293.09073,291.7907,293.19073,292.69073,292.7907,291.19073,287.69073,288.09073,289.7907,291.19073,289.2907,289.09073,289.69073,286.7907
294.59073,295.69073,296.59073,296.49072,297.19073,298.2907,294.69073,295.89072,295.89072,295.99072,294.09073,292.89072,291.89072,292.99072,293.59073,295.69073,295.19073,295.2907,295.7907,295.39072,291.39072,296.99072,293.99072,296.09073,293.49072,292.99072,290.59073,289.7907,288.49072,285.89072,287.2907,288.59073,288.59073,290.69073,288.7907,288.2907,287.89072,287.39072,277.69073,278.49072,277.39072
293.39072,296.2907,294.7907,294.89072,294.89072,295.69073,294.39072,293.99072,294.19073,293.89072,292.99072,292.09073,294.2907,293.09073,292.49072,292.69073,292.59073,293.49072,292.99072,293.59073,293.09073,294.69073,296.39072,294.39072,292.19073,290.59073,290.89072,289.19073,289.19073,288.99072,287.49072,289.49072,291.19073,291.09073,289.69073,287.59073,286.7907,282.99072,278.39072,277.99072,277.69073
292.19073,292.99072,291.49072,291.59073,291.39072,294.2907,292.7907,292.2907,291.7907,291.59073,291.69073,291.49072,291.49072,291.2907,291.19073,291.09073,291.39072,291.49072,292.09073,291.59073,291.59073,291.59073,291.19073,292.09073,291.59073,289.89072,288.2907,289.69073,288.99072,290.19073,290.39072,290.2907,289.09073,288.89072,287.7907,286.09073,283.89072,281.89072,279.89072,280.69073,279.2907
288.69073,289.89072,290.69073,288.89072,289.09073,289.39072,287.89072,289.39072,287.69073,288.69073,286.2907,287.19073,289.69073,289.09073,290.59073,290.2907,290.39072,289.89072,289.69073,289.49072,288.19073,288.89072,288.89072,289.49072,288.89072,289.2907,289.59073,289.99072,290.2907,289.7907,287.59073,287.59073,287.09073,285.2907,285.7907,285.39072,285.99072,285.7907,286.49072,285.09073,284.7907
287.89072,286.49072,287.19073,286.7907,286.7907,286.19073,285.69073,284.69073,283.69073,281.89072,284.69073,283.39072,287.89072,285.2907,286.09073,284.99072,285.7907,285.89072,286.99072,286.39072,286.99072,286.89072,286.7907,288.19073,289.69073,290.89072,290.59073,289.2907,288.7907,287.2907,286.69073,285.7907,284.7907,284.7907,283.89072,284.09073,284.7907,286.59073,285.2907,284.39072,284.39072
283.49072,285.2907,289.69073,287.69073,283.19073,281.7907,281.59073,281.2907,281.19073,281.69073,281.59073,284.39072,284.89072,284.7907,285.89072,283.59073,284.19073,283.89072,284.39072,284.99072,286.39072,286.7907,287.49072,286.69073,288.2907,288.19073,288.7907,287.99072,286.09073,285.2907,284.69073,284.09073,283.69073,283.2907,282.7907,282.39072,283.69073,283.89072,283.89072,283.69073,284.39072
282.09073,282.2907,291.49072,282.39072,282.39072,280.59073,280.7907,279.89072,280.19073,279.49072,280.59073,278.2907,279.69073,280.09073,280.7907,282.7907,282.99072,282.99072,283.39072,284.7907,284.49072,284.99072,288.99072,287.89072,284.2907,285.2907,286.39072,287.59073,286.39072,285.2907,283.59073,283.19073,282.59073,282.49072,282.2907,282.49072,282.69073,282.59073,283.69073,283.89072,284.69073
