wind_kz.json
{"header": {"discipline":0,"disciplineName":"Meteorological products","gribEdition":2,"gribLength":1025,"center":7,"centerName":"US National Weather Service - NCEP(WMC)","subcenter":0,"refTime":"2023-08-22T12:00:00.000Z","significanceOfRT":1,"significanceOfRTName":"Start of forecast","productStatus":0,"productStatusName":"Operational products","productType":1,"productTypeName":"Forecast products","productDefinitionTemplate":0,"productDefinitionTemplateName":"Analysis/forecast at horizontal level/layer at a point in time","parameterCategory":2,"parameterCategoryName":"UnknownDiscipline_0_Category_2","parameterNumber":3,"parameterNumberName":"UnknownParameter_D0_C2_3","parameterUnit":"Unknown","genProcessType":2,"genProcessTypeName":"Forecast","forecastTime":240,"surface1Type":103,"surface1TypeName":"Specified height level above ground","surface1Value":10.0,"surface2Type":255,"surface2TypeName":"Missing","surface2Value":0.0,"gridDefinitionTemplate":0,"gridDefinitionTemplateName":"Latitude_Longitude","numberPoints":615,"shape":6,"shapeName":"Earth spherical with radius of 6,371,229.0 m","gridUnits":"degrees","resolution":48,"winds":"true","scanMode":64,"nx":41,"ny":15,"basicAngle":0,"lo1":47.0,"la1":41.0,"lo2":87.0,"la2":55.0,"dx":1.0,"dy":1.0}, "data":
[rows 0 to 14 of 15, columns 0 to 40 of 41]
1.0571729,1.3871728,-0.76282716,-1.1728271,-4.312827,-6.352827,-7.3828273,-6.5528274,-4.622827,-4.932827,-5.892827,-3.2328272,0.67717284,-0.64282715,-1.3728272,-2.322827,-2.312827,-1.5028272,-3.7628272,-2.8028271,-3.102827,-4.142827,-5.232827,0.8871729,5.417173,2.7871728,1.2471728,1.2971729,-0.75282717,5.477173,4.037173,3.2571728,3.5171728,5.4671726,2.427173,2.2171729,0.45717284,1.5671729,-0.36282715,2.2471728,1.7471728
-1.1428272,-3.2028272,-0.44282714,-2.102827,-3.2028272,-3.6928272,-3.862827,-4.982827,-3.612827,-5.102827,-4.702827,-3.1728272,3.0171728,0.25717285,-3.312827,-1.9428271,-2.6628273,-1.9928272,-0.75282717,-2.872827,-4.492827,-4.982827,-5.122827,-2.4028273,2.917173,2.867173,2.607173,0.77717286,-1.3628272,2.0971727,2.2871728,-1.4728272,-2.7028272,-0.0028271484,2.0871727,4.917173,1.9771729,2.0371728,1.4071728,1.9171729,-1.4228271
1.2671728,3.0971727,-0.24282715,1.0271728,-1.0428271,-0.78282714,-3.1528273,-4.1128273,-2.7528272,-3.2828271,-3.1628273,-4.912827,-4.452827,-3.062827,-4.332827,-3.4028273,-1.5428271,0.14717285,-1.7228272,-3.092827,-5.212827,-4.312827,-2.572827,-1.0928272,-2.9628272,-2.5428271,-1.7028271,-2.0528271,1.2971729,-1.9128271,-0.6128271,0.54717284,2.5771728,0.5071728,0.43717286,5.017173,1.7371728,-4.352827,0.7071729,-3.072827,-0.5528271
-3.592827,-2.6828272,-0.5528271,0.19717285,1.4771729,-1.7328272,-1.4928272,-2.072827,-2.1828272,-2.392827,-2.1628273,-1.9628272,-0.06282715,-5.742827,-5.0328274,1.2971729,1.2771728,-1.6928271,-2.322827,-5.1328273,-5.1728272,-6.352827,-2.4928272,-1.9628272,-1.9428271,-2.6528273,-4.212827,-3.562827,-3.2328272,-3.6828272,-5.622827,-6.1728272,3.3371727,4.187173,1.0571729,1.1071728,-2.6928272,-0.012827149,-0.57282716,-0.30282715,-3.882827
-4.2828274,2.367173,-0.6728271,-2.9328272,-2.9828272,-1.9028271,-1.3628272,-1.7928271,-2.862827,-1.7728271,-2.1528273,-2.842827,3.7871728,1.2371728,-0.78282714,-0.90282714,2.2371728,2.7771728,1.3471729,1.0971729,-1.2428272,-2.6528273,-1.2028271,-1.8128271,-1.4528271,-0.96282715,0.46717286,-4.232827,-0.14282715,-3.4728272,-5.8628273,-6.062827,-3.9728272,0.41717285,1.6671729,0.21717285,-10.142827,2.4671729,-1.0128272,-0.23282714,-3.0128272
-4.002827,-3.632827,-3.4228272,2.9771729,-0.31282714,-1.5228271,-2.112827,-1.7428272,-1.0828271,-1.4528271,-1.2528272,-0.43282714,5.237173,6.727173,2.5771728,0.15717286,3.0471728,3.2071729,1.3571728,-0.37282714,-0.88282716,-0.43282714,-1.4528271,0.92717284,-0.6728271,-0.40282714,0.60717285,1.5971729,-2.0128272,-3.0228271,-3.7428272,-3.582827,-5.312827,-3.062827,-0.11282715,4.287173,2.5171728,-4.212827,-3.4728272,-0.05282715,-4.732827
-4.462827,-3.382827,-4.3028274,-3.7228272,-3.4228272,-2.4428272,-2.312827,1.6971729,0.9471729,1.2071729,1.0471729,1.0871729,1.1271728,-2.0128272,0.9571729,7.1371727,0.93717283,4.7171726,4.557173,3.0771728,0.61717284,-0.10282715,2.7171729,3.167173,2.177173,0.59717286,1.3871728,0.01717285,-0.6828272,2.0471728,1.2171729,0.26717284,3.3271728,-1.3128271,-2.4628272,3.437173,2.4471729,-0.12282715,1.0871729,-1.6128272,-7.4228272
-4.6728272,-4.9028273,-5.1128273,-4.712827,-3.4128273,-3.0128272,-4.122827,-3.612827,-4.8428273,-1.3628272,-2.352827,-5.4028273,-7.742827,0.45717284,-0.50282717,-0.35282716,4.547173,-1.7428272,5.547173,4.0771728,1.7971729,2.3471727,1.5271728,3.367173,2.7771728,2.8271728,2.887173,1.5971729,0.12717286,0.74717283,0.97717285,2.1971729,1.4671729,1.9671729,-0.05282715,-2.062827,-5.3628273,0.31717286,0.36717284,-0.09282715,-3.852827
-4.5528274,-5.4228272,-6.3028274,-6.992827,-4.8428273,-4.272827,-4.6728272,-3.7828271,-1.8028271,-0.41282713,-0.65282714,-0.6728271,0.8871729,2.5471728,-3.622827,-2.9028273,-2.4028273,1.9071728,5.1371727,0.92717284,3.187173,-0.34282714,4.207173,5.317173,3.8371727,2.2471728,1.4271729,1.3871728,0.58717287,0.8171728,1.1871729,-2.332827,-3.142827,-2.9528272,-3.2128272,-2.372827,-1.5128272,-2.2228272,-2.5228271,-2.2628272,1.4671729
-3.0528271,-5.292827,-4.5728273,-5.0528274,-3.8028271,-3.0428271,-4.0728273,-2.4928272,-1.0528271,-1.5828271,-1.5828271,-0.10282715,0.36717284,-0.69282717,1.3771728,1.1671729,-1.4328271,1.7671728,0.6371729,3.0271728,3.127173,2.187173,0.79717284,3.0871727,4.127173,2.677173,-0.30282715,0.93717283,0.54717284,-1.7128272,2.5371728,-1.3828272,-3.9528272,-3.5228271,-2.122827,-2.342827,0.25717285,-0.97282714,0.18717285,1.2671728,0.96717286
-3.4628272,-4.122827,-5.792827,-4.762827,-4.852827,-5.3028274,-3.9028273,-3.7728271,-0.78282714,-0.6728271,0.68717283,-0.57282716,0.027172852,0.067172855,1.2971729,0.45717284,2.437173,5.587173,3.117173,3.9571729,0.35717285,5.4671726,1.9371729,1.6471728,2.0171728,1.9371729,2.377173,1.7571728,-0.96282715,-0.6828272,1.0871729,-0.5428271,-2.6928272,-3.132827,-2.8028271,-3.102827,-2.4428272,-1.4228271,-3.122827,-0.45282716,1.8971728
-4.812827,-4.0928273,-3.7728271,-4.642827,-3.0228271,-3.7228272,-1.9428271,-0.46282715,-0.13282715,-0.45282716,0.15717286,0.067172855,0.68717283,2.0671728,2.367173,2.617173,4.777173,1.0371728,4.5971727,1.8771728,2.9871728,2.8071728,1.9371729,3.2871728,-0.8728272,1.2271729,1.2371728,2.127173,0.8271729,1.9171729,0.53717285,0.15717286,-2.3028271,-2.4228272,-3.352827,-3.6528273,-2.1928272,-1.8928272,0.60717285,0.96717286,-0.28282714
-4.062827,-4.942827,-4.1728272,-4.0928273,-5.392827,-2.5328271,-1.8828272,-1.1628271,0.067172855,2.5471728,1.6271728,1.7771728,1.7271729,-1.3528272,1.4371729,2.667173,3.7271729,0.26717284,3.7971728,4.287173,1.8871728,4.057173,7.747173,4.747173,1.9171729,0.31717286,1.8171729,0.45717284,1.2471728,-1.0428271,3.367173,1.8271729,-0.13282715,-0.85282713,-1.6728271,-2.352827,-2.5328271,-2.2128272,-3.4328272,-3.4528272,1.7071729
-4.7828274,-5.8228273,-7.102827,-6.262827,-5.702827,-5.1128273,-5.142827,-4.5728273,-2.1728272,3.2871728,1.2871728,-0.05282715,1.4271729,1.4371729,2.5871727,3.377173,3.7171729,2.9471729,2.0271728,2.7871728,2.2671728,0.64717287,3.6971729,3.437173,2.2371728,1.1271728,-0.66282713,2.627173,0.43717286,-0.13282715,0.43717286,0.77717286,0.027172852,-0.10282715,-1.8128271,-2.2328272,-2.642827,-2.892827,-2.592827,-1.7928271,-3.342827
-2.852827,-4.962827,-6.9028273,-5.742827,-4.6328273,-5.412827,-4.972827,-4.1128273,-1.7428272,-0.7328271,0.22717285,0.8771728,1.0971729,2.2371728,1.8471729,-0.47282714,3.2671728,3.437173,2.9571729,2.5571728,1.4371729,2.0371728,1.6671729,1.3471729,3.2371728,4.007173,1.8171729,-0.8628271,0.97717285,0.73717284,0.8871729,1.7071729,-1.6328272,-1.6728271,-0.83282715,-1.7428272,-1.4228271,-1.1428272,-1.5128272,-2.0228271,-2.4928272
