wind_kz.json
{"header": {"discipline":0,"disciplineName":"Meteorological products","gribEdition":2,"gribLength":1025,"center":7,"centerName":"US National Weather Service - NCEP(WMC)","subcenter":0,"refTime":"2023-09-11T06:00:00.000Z","significanceOfRT":1,"significanceOfRTName":"Start of forecast","productStatus":0,"productStatusName":"Operational products","productType":1,"productTypeName":"Forecast products","productDefinitionTemplate":0,"productDefinitionTemplateName":"Analysis/forecast at horizontal level/layer at a point in time","parameterCategory":2,"parameterCategoryName":"UnknownDiscipline_0_Category_2","parameterNumber":2,"parameterNumberName":"UnknownParameter_D0_C2_2","parameterUnit":"Unknown","genProcessType":2,"genProcessTypeName":"Forecast","forecastTime":60,"surface1Type":103,"surface1TypeName":"Specified height level above ground","surface1Value":10.0,"surface2Type":255,"surface2TypeName":"Missing","surface2Value":0.0,"gridDefinitionTemplate":0,"gridDefinitionTemplateName":"Latitude_Longitude","numberPoints":615,"shape":6,"shapeName":"Earth spherical with radius of 6,371,229.0 m","gridUnits":"degrees","resolution":48,"winds":"true","scanMode":64,"nx":41,"ny":15,"basicAngle":0,"lo1":47.0,"la1":41.0,"lo2":87.0,"la2":55.0,"dx":1.0,"dy":1.0}, "data":
[rows 0 to 14 of 15, columns 0 to 40 of 41]
-2.2195764,-1.1395764,1.0404236,0.44042358,-3.1195765,-8.629577,-10.659576,-11.819576,-13.179577,-10.0795765,-7.6195765,-8.629577,-7.2295766,-5.4695764,-3.8495765,-2.5895765,-3.8695765,-4.129576,-4.8695765,-4.5495763,-3.4195764,-1.0495764,-0.12957641,0.050423585,0.7504236,-3.5095763,-1.7695764,0.98042357,1.7804236,0.7104236,1.4204236,1.7204236,1.0804236,-0.14957641,-2.9095764,-4.3695765,-6.1195765,-8.249577,-8.189576,-4.4295764,-3.7395763
-0.49957642,0.9104236,-2.1495764,-1.5095764,-5.2595763,-5.9395766,-7.2995763,-10.199576,-9.529576,-9.429577,-7.6895766,-7.2595763,-5.5195765,-4.1795764,-2.0695765,-2.5495765,-2.6995764,-3.3795764,-2.8295765,-2.5995765,-1.1495764,-0.7295764,0.25042358,-1.1695764,1.5904236,1.1004236,-0.39957643,2.3704236,0.31042358,-0.17957641,0.13042359,-0.2595764,2.3204236,-1.3095764,0.4604236,0.07042358,-1.1195765,0.67042357,-1.3295764,-1.4295764,-3.3895764
-0.16957642,-2.0195763,-1.0995765,-0.51957643,-3.0895765,-3.7695763,-4.9495764,-4.2995763,-6.2695765,-6.129576,-4.6595764,-4.8295765,-3.6595764,-2.8795764,-1.9295764,-1.0995765,-1.3095764,-2.1595764,-1.0395764,-1.8895764,-1.3095764,0.5604236,-4.1195765,-3.1995764,0.6904236,0.9704236,0.4304236,1.7304236,-0.9695764,-0.3495764,0.090423584,1.0904236,1.1704236,0.34042358,-1.4395764,-1.5595764,-0.4495764,0.20042358,2.2104235,2.7904236,2.9104235
-1.4295764,-3.9995763,-3.3895764,-1.4195764,-1.5295764,-3.1895764,-3.1595764,-4.5195765,-2.9895763,-2.8595765,-1.6295764,-0.7095764,-3.9095764,-3.9895763,-0.6695764,0.6404236,-2.0595765,-2.5495765,-1.7395765,-1.6295764,-1.7595764,-1.8295764,-0.5395764,-1.8295764,1.4404236,1.2304236,1.1604236,-0.5495764,1.4004235,2.4704237,0.5904236,-0.19957642,2.0504236,1.1004236,0.3704236,-1.3495765,-1.6795764,2.7104235,0.4204236,-0.7795764,0.07042358
-1.2095764,-2.2695763,-3.6295764,-3.2795763,-3.1795764,-2.4895763,-0.9295764,0.5904236,1.0104235,3.8604236,4.1904235,-1.3295764,-2.1295764,-1.8295764,-1.7795764,-1.7195764,-2.1395764,-1.3295764,-0.51957643,-0.089576416,-0.3795764,-1.4695764,-1.2895764,-0.4495764,-0.9995764,-1.7395765,-1.8095764,0.040423583,-0.5395764,1.8004236,0.86042356,0.8204236,-0.2595764,2.5904236,-0.06957641,-0.81957644,0.2704236,-0.9795764,-1.3995764,-2.0595765,0.10042358
-2.8895764,0.55042356,-3.0095763,-1.8495765,-1.0895764,-1.1495764,1.1504235,2.9004235,1.5304236,-2.2695763,-3.1095765,-0.7995764,-1.3195764,-1.4995764,-0.6495764,-0.7795764,-0.7795764,-0.19957642,-0.09957641,-0.019576415,-1.5895764,-2.8195765,-1.8195764,-1.8295764,-0.63957644,0.3904236,1.6904236,3.4304235,2.4304235,3.4204235,3.7104235,2.4704237,-1.2195764,0.18042359,0.61042356,0.55042356,1.4804236,0.35042357,4.6704235,3.9504235,3.5604236
-0.6095764,0.5404236,2.1004236,0.8504236,1.7604235,3.3204236,3.2204237,-0.6795764,0.48042357,2.0704236,-2.8795764,-4.5295763,-3.2795763,-1.7395765,-0.36957642,-1.6695764,0.19042358,1.1604236,0.87042356,-0.36957642,-0.9995764,0.31042358,1.3304236,0.5304236,0.25042358,1.6204236,2.9704237,3.5104237,3.7004235,3.4404235,4.7304235,5.7704234,3.8804235,0.7004236,1.1404235,-1.2995764,-1.2395765,1.4504236,-1.1095765,0.3904236,3.8204236
1.3504236,0.050423585,3.5704236,1.6304235,2.8304236,4.640424,6.2804236,1.4204236,-0.029576415,-5.7895765,-4.9095764,-4.109576,-2.6395764,-0.059576415,-1.4195764,-0.9195764,0.29042357,-0.6895764,-0.36957642,0.34042358,1.2904236,0.8904236,-2.0895765,-1.2595764,-0.14957641,0.7704236,2.3604236,3.7104235,4.3404236,4.4004235,4.9204235,6.5904236,6.5104237,2.0104237,4.100424,2.8204236,1.7904236,2.5604236,1.2604235,2.7604237,0.7604236
1.0704236,0.8304236,3.0304236,1.4504236,6.3604236,-1.2895764,-3.2495763,-5.5595765,-4.4795766,-3.4395764,-3.3595765,-2.7395763,0.80042356,-1.8295764,-0.6895764,-0.2895764,-0.14957641,-0.059576415,-0.4195764,0.98042357,0.7704236,0.4604236,1.5004236,1.8504236,2.3604236,3.1004236,3.0604236,4.2704234,4.8304234,3.8804235,5.2404237,5.5504236,6.1304235,3.2204237,5.7504234,2.3504236,1.4204236,-1.9195764,-1.5595764,0.7704236,-0.5495764
-2.7395763,-1.9595764,1.2204236,2.4204235,-1.4095764,-5.3395762,-7.1595764,-5.9495764,-4.129576,-3.7995765,-3.1495764,-3.3195765,-2.4795763,-2.2795763,-0.6495764,-0.039576415,-0.07957642,-0.2995764,-0.089576416,-1.0295764,-0.9095764,-0.27957642,0.2704236,0.8204236,1.4004235,2.2204237,3.2204237,3.7404237,4.3004236,5.1304235,4.6704235,4.640424,3.1804235,1.9404236,-1.4995764,-0.9695764,-1.9795765,-1.5995765,-1.8695765,-0.16957642,-0.9395764
-0.7895764,1.6604236,-2.0495765,-5.1395764,-5.2695765,-6.0495763,-4.4495764,-4.149576,-3.2895765,-3.1895764,-2.2895765,-1.9295764,-1.8595765,-1.5195764,-0.46957642,-0.21957642,4.23584E-4,-0.81957644,-0.3795764,-0.6495764,-0.39957643,0.22042358,-0.3495764,0.050423585,1.1204236,1.7304236,3.4804237,4.0104237,4.7704234,4.1304235,4.5104237,4.0804234,3.2304237,1.5004236,-0.48957643,-1.0795764,-1.4195764,-1.1595764,-1.2495764,0.10042358,-1.2695764
-1.8595765,-2.2495763,-3.1895764,-2.1495764,-3.4495764,-3.8295765,-2.3795764,-2.3795764,-1.8195764,-2.2495763,-1.4895765,-0.18957642,-0.8995764,0.040423583,-0.50957644,-1.0495764,-0.2895764,-0.049576417,-0.3195764,0.5904236,-0.3595764,-0.029576415,0.21042359,0.74042356,0.92042357,1.4004235,1.6604236,2.0004237,3.1604235,2.9404235,2.2204237,0.86042356,-0.09957641,-2.5495765,-1.6595764,-3.0995765,-1.8795764,-2.1495764,-0.56957644,-0.9795764,0.3704236
-1.9995764,-2.8695765,-3.8095765,-3.5595765,-2.3795764,-1.8695765,-2.5395765,-2.8095765,-2.8395765,-0.8095764,-0.36957642,0.020423584,-0.4795764,-2.1295764,-0.6095764,4.23584E-4,0.7204236,1.0304236,0.3904236,0.5904236,0.8904236,0.61042356,1.6004236,0.6304236,1.9004235,0.6404236,1.7204236,0.8804236,-0.23957641,-0.69957644,-0.7095764,-1.1895764,-4.8295765,-4.109576,-3.4895763,-3.0995765,-1.4495764,-1.0595764,-2.0695765,-2.2795763,-0.21957642
-1.2495764,-0.8395764,-0.3295764,-1.1995764,-1.3795764,-1.5395764,-0.9195764,-0.50957644,4.23584E-4,0.080423586,-0.56957644,-1.2395765,-0.24957642,0.21042359,0.7204236,0.24042359,0.98042357,0.47042358,0.030423583,1.5304236,1.0104235,0.060423583,-0.9795764,-1.4895765,1.3704236,0.34042358,-0.6795764,0.120423585,-1.3395764,-2.0395765,-1.3295764,-3.1295764,-3.3295765,-2.6495764,-2.3195765,-1.7295765,-1.9095764,-1.1095765,-1.9495764,0.6504236,0.5304236
-0.26957643,-0.88957644,-1.4295764,-1.3395764,-0.19957642,0.16042358,1.1204236,-0.039576415,0.4904236,-0.5295764,-1.4895765,-0.5995764,-0.6495764,1.1104236,1.5804236,1.5304236,0.8504236,-0.029576415,0.050423585,-0.11957642,-0.3195764,-0.2995764,-0.4795764,1.3804235,0.030423583,-1.6595764,-0.7895764,-0.56957644,-1.2095764,-1.4595764,-2.2795763,-3.3895764,-2.4595764,-3.3195765,-3.7895765,-4.2495766,-2.0095763,-1.0795764,-1.8095764,-0.82957643,-0.24957642
