wind_kz.json
{"header": {"discipline":0,"disciplineName":"Meteorological products","gribEdition":2,"gribLength":1102,"center":7,"centerName":"US National Weather Service - NCEP(WMC)","subcenter":0,"refTime":"2023-09-28T12:00:00.000Z","significanceOfRT":1,"significanceOfRTName":"Start of forecast","productStatus":0,"productStatusName":"Operational products","productType":1,"productTypeName":"Forecast products","productDefinitionTemplate":0,"productDefinitionTemplateName":"Analysis/forecast at horizontal level/layer at a point in time","parameterCategory":2,"parameterCategoryName":"UnknownDiscipline_0_Category_2","parameterNumber":2,"parameterNumberName":"UnknownParameter_D0_C2_2","parameterUnit":"Unknown","genProcessType":2,"genProcessTypeName":"Forecast","forecastTime":300,"surface1Type":103,"surface1TypeName":"Specified height level above ground","surface1Value":10.0,"surface2Type":255,"surface2TypeName":"Missing","surface2Value":0.0,"gridDefinitionTemplate":0,"gridDefinitionTemplateName":"Latitude_Longitude","numberPoints":615,"shape":6,"shapeName":"Earth spherical with radius of 6,371,229.0 m","gridUnits":"degrees","resolution":48,"winds":"true","scanMode":64,"nx":41,"ny":15,"basicAngle":0,"lo1":47.0,"la1":41.0,"lo2":87.0,"la2":55.0,"dx":1.0,"dy":1.0}, "data":
[rows 0 to 14 of 15, columns 0 to 40 of 41]
0.47680908,-1.553191,3.0468092,3.936809,6.7168093,6.706809,3.956809,2.756809,2.156809,3.026809,3.6068091,3.896809,3.956809,3.676809,3.8368092,4.1768093,3.3668091,3.3568091,3.496809,3.8368092,5.056809,4.086809,3.166809,2.896809,1.716809,7.576809,3.146809,3.446809,0.18680908,0.93680906,-1.9531909,2.386809,-0.19319092,-0.24319091,-2.003191,-2.1531909,-2.1531909,-1.8131909,-1.7331909,0.3168091,-1.033191
2.896809,1.9168091,-4.043191,-3.603191,2.526809,4.976809,0.9568091,1.1368091,3.216809,3.456809,4.566809,5.4268093,4.596809,4.276809,3.396809,3.886809,4.4268093,2.6268091,3.196809,5.036809,4.586809,3.646809,3.5968091,2.196809,2.6068091,-0.45319092,1.6768091,-0.063190915,0.93680906,0.5268091,-0.75319093,-0.14319092,1.1868091,-2.813191,-0.45319092,0.09680908,-0.75319093,0.7768091,0.17680909,1.316809,-0.6631909
1.1168091,-4.983191,-3.763191,-3.053191,-1.3431909,-0.8231909,1.336809,4.026809,5.436809,5.556809,6.266809,7.326809,6.9268093,5.4468093,4.896809,6.866809,6.7368093,6.316809,4.826809,3.8268092,3.6268091,4.796809,4.026809,7.516809,4.796809,4.846809,5.576809,5.266809,5.046809,0.36680907,-0.69319093,0.4368091,-1.673191,2.136809,-1.293191,-1.9831909,0.87680906,-0.5131909,2.766809,0.2768091,1.7468091
-3.233191,-2.353191,-0.3431909,0.5968091,1.6068091,1.336809,4.846809,6.6968093,7.306809,7.936809,7.7368093,8.056809,11.2268095,11.076809,5.506809,7.506809,7.386809,6.956809,5.916809,5.556809,3.8368092,4.976809,1.8968091,5.576809,5.856809,7.046809,4.886809,4.9868093,7.556809,7.806809,4.056809,1.9168091,10.126809,11.116809,4.9868093,2.0968091,-1.2331909,1.466809,0.6568091,2.886809,6.026809
-0.5231909,1.5068091,3.8168092,6.266809,6.566809,4.786809,6.816809,8.306809,8.276809,9.086809,9.196809,9.906809,12.506809,11.716809,10.056809,8.036809,6.356809,7.516809,6.376809,6.686809,7.1768093,7.336809,7.566809,7.1968093,8.096809,7.456809,8.076809,8.526809,8.676809,7.406809,6.186809,4.416809,2.946809,1.4068091,0.2568091,-1.7431909,11.046809,-0.063190915,3.446809,3.986809,1.706809
2.756809,3.1168091,6.996809,9.836809,10.576809,11.736809,10.366809,8.506809,8.326809,9.716809,9.806809,8.586809,12.156809,11.926809,11.18681,6.2368093,5.756809,6.476809,7.9268093,7.9668093,7.386809,7.626809,7.996809,7.496809,7.906809,7.816809,8.7268095,11.126809,9.266809,8.836809,7.556809,7.916809,6.006809,6.626809,6.126809,4.416809,4.086809,5.726809,15.946809,4.006809,-1.3731909
4.366809,4.476809,5.686809,6.476809,8.016809,7.866809,7.636809,7.616809,7.266809,8.026809,7.186809,7.906809,7.146809,7.816809,7.336809,7.896809,6.336809,6.6968093,6.826809,7.026809,7.516809,7.096809,7.776809,7.566809,8.576809,8.326809,8.536809,8.336809,7.9868093,7.746809,9.016809,9.046809,8.606809,6.7168093,6.846809,6.476809,0.93680906,-0.33319092,2.3268092,-1.1931909,1.8868091
5.076809,5.556809,6.306809,6.846809,7.016809,6.806809,6.376809,5.496809,6.456809,5.266809,5.646809,5.346809,4.936809,5.806809,4.496809,6.126809,6.086809,6.616809,6.4468093,7.356809,9.156809,8.266809,7.546809,6.976809,8.126809,8.096809,8.666809,8.276809,8.616809,8.196809,8.736809,9.546809,8.446809,8.096809,7.4668093,9.106809,8.376809,7.116809,9.966809,6.296809,-1.1331909
5.936809,6.266809,6.606809,6.616809,6.4268093,6.4468093,5.7368093,5.226809,4.116809,5.296809,5.546809,3.636809,6.826809,3.646809,4.9468093,5.336809,6.576809,6.566809,7.666809,7.7168093,8.926809,9.586809,8.876809,8.506809,8.526809,6.756809,8.68681,9.466809,8.496809,9.366809,9.116809,8.636809,9.426809,7.406809,7.146809,5.476809,5.506809,3.656809,2.016809,0.94680905,1.5168091
6.416809,7.296809,7.356809,6.806809,6.7168093,6.306809,5.9668093,4.126809,4.156809,5.156809,5.336809,6.056809,4.286809,5.436809,5.1768093,6.656809,5.2168093,6.456809,7.406809,8.556809,9.176809,10.496809,9.106809,7.776809,8.056809,8.946809,8.916809,8.68681,10.4768095,10.516809,9.166809,9.406809,9.076809,8.456809,6.1968093,5.226809,-1.163191,1.8568091,1.4168091,0.5268091,-1.4431909
7.776809,7.936809,7.916809,7.4468093,6.896809,5.9268093,6.366809,5.766809,4.4668093,4.086809,4.586809,5.806809,5.316809,6.186809,6.816809,6.526809,5.076809,7.076809,6.166809,8.356809,8.856809,8.866809,7.526809,7.616809,7.436809,7.086809,9.306809,9.316809,10.4768095,11.516809,9.836809,9.466809,8.4768095,8.136809,8.106809,3.916809,1.3568091,0.036809083,1.6168091,2.686809,0.42680907
8.396809,8.206809,8.876809,8.116809,7.9668093,6.226809,5.846809,5.6968093,5.266809,3.156809,0.8568091,5.636809,5.126809,6.306809,6.606809,5.886809,5.806809,6.7368093,5.616809,6.2368093,7.2368093,7.516809,6.606809,5.626809,7.076809,7.226809,8.366809,9.716809,10.946809,11.026809,9.066809,8.966809,6.846809,7.026809,6.766809,5.4668093,5.266809,5.7168093,6.1768093,1.326809,1.0168091
8.596809,9.376809,8.736809,7.776809,7.766809,5.7368093,6.636809,6.2168093,6.516809,1.716809,1.4968091,4.7168093,4.506809,4.956809,4.1768093,4.4668093,4.376809,5.326809,4.406809,5.406809,5.406809,6.166809,6.186809,6.2368093,5.306809,7.086809,7.7168093,7.376809,8.896809,8.356809,7.666809,8.046809,8.426809,8.876809,9.036809,6.756809,6.206809,4.7168093,6.016809,5.036809,2.766809
10.116809,9.776809,11.156809,9.106809,8.616809,7.996809,7.356809,7.376809,7.056809,3.196809,2.276809,2.746809,1.826809,4.136809,3.6168091,4.1968093,3.5568092,3.986809,4.026809,5.276809,5.076809,5.346809,6.606809,5.806809,4.756809,6.056809,6.596809,6.546809,6.246809,7.566809,7.336809,7.056809,6.7168093,7.726809,6.366809,3.8768091,4.886809,8.146809,4.836809,1.196809,2.896809
7.4468093,9.426809,11.456809,9.876809,9.156809,8.786809,9.306809,8.026809,6.806809,1.596809,0.6768091,2.916809,3.246809,1.466809,2.926809,3.456809,3.766809,4.9668093,4.096809,5.156809,4.796809,4.376809,4.246809,3.756809,4.1768093,5.136809,5.266809,5.516809,5.506809,6.1768093,7.706809,9.126809,6.656809,4.326809,4.2168093,6.4268093,8.926809,4.726809,1.1868091,1.2868091,-0.87319094
