wind_kz.json
{"header": {"discipline":0,"disciplineName":"Meteorological products","gribEdition":2,"gribLength":1102,"center":7,"centerName":"US National Weather Service - NCEP(WMC)","subcenter":0,"refTime":"2023-08-10T18:00:00.000Z","significanceOfRT":1,"significanceOfRTName":"Start of forecast","productStatus":0,"productStatusName":"Operational products","productType":1,"productTypeName":"Forecast products","productDefinitionTemplate":0,"productDefinitionTemplateName":"Analysis/forecast at horizontal level/layer at a point in time","parameterCategory":2,"parameterCategoryName":"UnknownDiscipline_0_Category_2","parameterNumber":2,"parameterNumberName":"UnknownParameter_D0_C2_2","parameterUnit":"Unknown","genProcessType":2,"genProcessTypeName":"Forecast","forecastTime":300,"surface1Type":103,"surface1TypeName":"Specified height level above ground","surface1Value":10.0,"surface2Type":255,"surface2TypeName":"Missing","surface2Value":0.0,"gridDefinitionTemplate":0,"gridDefinitionTemplateName":"Latitude_Longitude","numberPoints":615,"shape":6,"shapeName":"Earth spherical with radius of 6,371,229.0 m","gridUnits":"degrees","resolution":48,"winds":"true","scanMode":64,"nx":41,"ny":15,"basicAngle":0,"lo1":47.0,"la1":41.0,"lo2":87.0,"la2":55.0,"dx":1.0,"dy":1.0}, "data":
[rows 0 to 14 of 15, columns 0 to 40 of 41]
-0.06426514,1.6857349,-2.9442651,-1.1542652,-0.11426514,-0.60426515,0.9957349,-0.32426512,-0.31426513,-0.26426515,-2.3542652,-1.2942652,-0.87426513,-0.33426514,-1.0542651,-2.4342651,-2.3142653,-4.244265,-4.124265,-4.5442653,-1.8642651,-0.53426516,1.0057349,2.515735,-3.4442651,-0.53426516,2.8557348,-0.84426516,0.65573484,1.7257348,1.6657349,-1.8042651,-1.7642652,-2.8142653,-3.964265,-4.9442654,-5.2342653,0.8057349,-1.3242651,0.20573486,5.135735
1.7357348,-3.494265,-2.954265,-2.254265,-2.6142652,-2.264265,-2.1342652,2.005735,1.6057348,1.1057348,0.87573487,-0.7742651,-0.11426514,-0.72426516,-0.44426513,-2.0842652,-4.354265,-3.6342652,-5.624265,-7.9842653,-7.834265,-6.514265,1.4457349,3.445735,-0.28426513,-1.2942652,1.5857348,0.015734863,2.8757348,1.2157348,0.48573485,0.48573485,-1.5942651,0.45573485,-0.20426513,-0.80426514,-0.85426515,1.7757349,1.8457348,-0.72426516,-3.3642652
-1.8442651,-4.014265,-3.3142653,-3.234265,-3.6042652,-3.5742652,-2.8942652,-2.954265,-0.21426514,2.6557348,2.245735,1.5757349,-0.98426515,0.7357349,2.505735,-0.6942651,-1.8642651,-3.1442652,-6.624265,-7.5042653,-7.344265,-10.604265,-11.184265,-12.544265,-7.9842653,-7.604265,-4.7542653,-2.3242652,1.9857348,-0.98426515,1.5657349,-1.7442651,0.06573486,1.4757348,0.68573487,2.705735,0.025734864,0.7357349,4.2857347,0.27573487,-0.74426514
-5.574265,-4.514265,-4.224265,-3.8342652,-3.1242652,-1.9942651,-1.4542651,-1.9042652,0.9257349,2.6357348,3.6357348,3.0757349,0.39573488,0.19573486,3.045735,-0.46426514,-1.2742652,-2.8842652,-3.1442652,-5.344265,-7.144265,-8.314265,-8.834265,-8.904265,-9.114265,-8.174265,-8.354265,-8.174265,-5.994265,-2.764265,1.0357349,2.4057348,3.505735,2.1357348,5.4557347,6.085735,2.695735,-0.42426515,-1.0742651,2.465735,4.7857347
-6.614265,-5.404265,-5.684265,-4.7742653,-2.1142652,-1.2042651,-0.67426515,1.3357348,4.2657347,4.4557347,4.665735,4.905735,2.6657348,-0.014265137,0.45573485,-1.5542651,-1.3142651,-0.8342651,-2.0842652,-3.8242652,-3.6342652,-4.344265,-5.2742653,-5.634265,-6.724265,-7.5442653,-7.624265,-4.894265,-5.1942654,-3.794265,-2.704265,-1.0542651,2.0657349,-0.15426514,-2.1842651,-0.5142651,5.825735,-0.7542651,-0.8942651,3.6657348,-0.26426515
-2.474265,-2.294265,-3.034265,-2.6042652,-1.2442651,-0.6942651,1.9357349,1.8157349,2.6657348,5.295735,6.215735,2.8157349,1.1157348,0.7857349,2.3757348,-1.0442652,-0.5242651,1.2057348,-0.84426516,-2.1242652,-1.8842652,-1.0142652,-1.3742652,-2.964265,-4.974265,-6.874265,-6.994265,-5.364265,-5.084265,-3.6642652,-2.714265,-2.6542652,-0.03426514,2.8357348,6.415735,1.5357349,3.5757349,3.235735,7.275735,-0.8842651,-2.784265
-0.78426516,-0.32426512,0.41573486,1.8657348,2.6457348,3.445735,3.795735,3.6157348,5.6857347,5.355735,5.1857347,2.735735,0.75573486,1.2257348,2.1557348,-0.17426513,-0.8942651,-0.7742651,-0.14426513,-0.7542651,-2.264265,-3.264265,-0.5242651,-1.1642652,-3.224265,-4.224265,-4.384265,-4.434265,-4.634265,-4.104265,-4.034265,-3.3942652,-1.3242651,-0.36426514,2.3157349,1.9557348,-0.024265137,-2.8342652,5.4357347,-0.22426514,2.775735
1.6057348,1.7957349,1.9757348,2.245735,2.6657348,2.955735,3.735735,4.385735,5.005735,5.485735,4.095735,4.6857347,2.695735,4.4357347,5.7057347,3.215735,1.4257349,0.95573485,0.90573484,0.58573484,-2.1142652,-3.024265,-3.1242652,-1.0742651,0.29573485,-0.32426512,-2.054265,-2.454265,-4.244265,-4.324265,-4.924265,-3.8342652,-3.484265,-3.034265,-0.44426513,2.535735,5.1857347,5.525735,8.035735,8.695735,5.965735
3.3957348,4.155735,3.455735,2.775735,3.1157348,4.1857347,4.855735,4.545735,4.9957347,4.7857347,4.275735,4.635735,6.395735,4.895735,5.1857347,4.145735,2.8857348,1.1657349,3.6357348,3.015735,-0.6342651,-2.024265,-2.6442652,-2.6042652,-2.714265,-2.3942652,-2.274265,-2.8742652,-3.6242652,-4.4842653,-4.244265,-3.744265,-1.8842652,-0.46426514,1.2057348,2.8757348,1.0457349,-0.24426514,0.035734862,0.45573485,1.8957349
4.795735,4.255735,3.6557348,3.8157349,3.505735,3.765735,4.565735,5.855735,5.905735,4.945735,5.605735,4.2857347,6.275735,6.275735,6.025735,5.485735,2.225735,2.525735,1.4957348,-0.22426514,-0.98426515,-3.0842652,-3.774265,-3.994265,-4.174265,-4.494265,-4.904265,-4.654265,-4.974265,-5.2742653,-4.224265,-3.254265,-2.3342652,-1.9742651,-1.1742651,0.38573486,1.9457349,0.56573486,-1.8642651,-1.6342652,0.70573485
4.715735,4.175735,5.0357347,5.295735,5.385735,5.165735,4.665735,5.795735,6.605735,6.195735,5.845735,6.175735,3.465735,5.155735,4.875735,3.465735,0.57573485,0.025734864,-1.4942651,-2.284265,-3.6142652,-4.084265,-3.994265,-3.974265,-3.484265,-3.714265,-4.724265,-4.1942654,-3.734265,-3.954265,-3.804265,-3.6042652,-3.6342652,-3.774265,-4.084265,-3.9242651,-0.8942651,-1.1342652,-0.7642651,-1.5442652,0.15573487
5.2857347,5.605735,5.4957347,5.8057346,6.315735,5.7657347,5.885735,4.905735,5.075735,5.385735,5.815735,6.595735,4.815735,3.9157348,4.655735,2.705735,1.4057349,-0.36426514,-1.0842651,-2.8942652,-3.774265,-3.4442651,-3.024265,-2.754265,-2.964265,-3.214265,-3.724265,-3.3842652,-3.224265,-2.034265,-2.214265,-2.6142652,-3.1242652,-4.704265,-4.334265,-5.324265,-5.0642653,-4.094265,-1.9842651,-0.80426514,-1.2542652
4.425735,5.195735,5.2457347,5.315735,5.4357347,4.355735,5.445735,6.075735,5.355735,3.755735,3.8457348,5.4357347,4.655735,5.125735,3.9357347,3.795735,0.26573485,0.005734863,-0.54426515,-1.7542652,-1.7742652,-1.3942652,-1.1242652,-1.0542651,-1.9242651,-2.524265,-2.6842651,-2.484265,-2.1742651,-2.5642653,-3.054265,-2.794265,-3.454265,-3.754265,-4.364265,-4.394265,-3.9442651,-2.274265,-2.8742652,-1.8042651,-0.81426513
4.095735,5.195735,5.395735,6.005735,5.385735,5.365735,5.005735,4.895735,4.235735,2.8657348,3.9057348,4.5557346,5.165735,4.385735,2.285735,3.695735,0.93573487,-1.5242652,-0.87426513,-0.81426513,-0.5042651,-0.78426516,-1.8742652,-1.9542651,-1.7542652,-1.8242651,-1.0642651,-1.6742651,-2.504265,-2.9242651,-3.284265,-3.524265,-3.474265,-3.504265,-3.534265,-3.734265,-2.9042652,-2.734265,-3.1542652,-1.5842651,-0.61426514
3.1357348,5.075735,6.7257347,6.5557346,6.045735,5.355735,6.075735,5.9357347,5.395735,4.425735,2.1157348,6.325735,3.955735,1.8357348,2.1657348,1.5757349,0.94573486,0.50573486,-0.73426515,-2.554265,0.06573486,-1.6642652,-1.1642652,-1.2042651,-0.55426514,-0.42426515,-1.3342651,-1.3042651,-1.7942652,-2.254265,-2.804265,-2.4342651,-3.5742652,-3.504265,-3.8442652,-3.794265,-2.984265,-3.494265,-3.034265,-3.1242652,-1.9542651
