wind_kz.json
{"header": {"discipline":0,"disciplineName":"Meteorological products","gribEdition":2,"gribLength":948,"center":7,"centerName":"US National Weather Service - NCEP(WMC)","subcenter":0,"refTime":"2023-08-19T06:00:00.000Z","significanceOfRT":1,"significanceOfRTName":"Start of forecast","productStatus":0,"productStatusName":"Operational products","productType":1,"productTypeName":"Forecast products","productDefinitionTemplate":0,"productDefinitionTemplateName":"Analysis/forecast at horizontal level/layer at a point in time","parameterCategory":0,"parameterCategoryName":"UnknownDiscipline_0_Category_0","parameterNumber":0,"parameterNumberName":"UnknownParameter_D0_C0_0","parameterUnit":"Unknown","genProcessType":2,"genProcessTypeName":"Forecast","forecastTime":240,"surface1Type":1,"surface1TypeName":"Ground or water surface","surface1Value":0.0,"surface2Type":255,"surface2TypeName":"Missing","surface2Value":0.0,"gridDefinitionTemplate":0,"gridDefinitionTemplateName":"Latitude_Longitude","numberPoints":615,"shape":6,"shapeName":"Earth spherical with radius of 6,371,229.0 m","gridUnits":"degrees","resolution":48,"winds":"true","scanMode":64,"nx":41,"ny":15,"basicAngle":0,"lo1":47.0,"la1":41.0,"lo2":87.0,"la2":55.0,"dx":1.0,"dy":1.0}, "data":
[rows 0 to 14 of 15, columns 0 to 40 of 41]
292.8299,287.42987,296.42987,298.62988,298.2299,296.92987,308.2299,313.92987,309.2299,311.62988,311.52988,312.52988,311.12988,311.42987,313.2299,315.7299,318.7299,315.8299,319.3299,319.8299,324.7299,315.52988,316.42987,315.8299,315.92987,321.3299,314.2299,304.7299,290.52988,287.3299,290.2299,289.02988,305.52988,320.7299,325.42987,326.2299,326.7299,325.2299,326.12988,326.7299,325.42987
280.02988,294.7299,298.52988,298.62988,298.42987,296.92987,309.62988,308.02988,306.62988,302.8299,300.2299,308.42987,310.42987,309.52988,311.02988,314.7299,316.52988,316.92987,317.62988,318.12988,319.02988,317.52988,313.02988,304.42987,298.2299,298.2299,309.8299,304.62988,304.52988,292.3299,299.8299,273.62988,299.3299,273.12988,296.42987,315.8299,314.92987,319.42987,324.92987,314.12988,285.2299
289.62988,298.52988,299.02988,298.62988,296.62988,303.52988,303.8299,301.12988,304.12988,307.3299,307.7299,309.3299,308.2299,308.62988,311.3299,313.92987,314.8299,316.02988,316.7299,317.52988,317.7299,317.3299,318.12988,307.3299,313.8299,312.2299,314.7299,312.7299,311.8299,302.3299,290.92987,294.42987,305.92987,306.02988,309.92987,306.62988,302.7299,300.92987,307.12988,298.42987,297.3299
293.92987,298.92987,298.62988,297.8299,295.42987,295.3299,303.7299,303.7299,306.62988,306.3299,308.42987,309.3299,295.7299,294.52988,313.02988,317.62988,311.92987,311.3299,314.8299,315.12988,311.7299,315.3299,314.7299,312.12988,318.02988,310.62988,316.42987,313.92987,312.8299,315.52988,307.42987,310.7299,314.02988,318.92987,321.2299,316.3299,303.62988,300.7299,304.2299,315.3299,317.2299
303.8299,298.52988,298.42987,298.02988,301.12988,302.62988,303.7299,308.02988,305.2299,304.92987,308.02988,307.62988,295.12988,294.02988,291.7299,309.12988,310.52988,308.12988,308.8299,309.8299,311.92987,312.7299,313.8299,314.92987,316.12988,318.12988,316.42987,312.92987,315.8299,313.42987,312.52988,311.3299,304.42987,298.92987,304.3299,318.12988,311.12988,325.52988,327.02988,321.42987,316.92987
303.2299,301.62988,297.02988,297.2299,297.8299,297.7299,311.12988,311.02988,306.92987,306.62988,305.52988,305.02988,296.02988,294.42987,299.7299,304.52988,306.62988,306.8299,307.62988,308.52988,308.3299,309.2299,311.2299,312.02988,314.02988,314.02988,315.42987,293.42987,314.8299,312.8299,315.42987,309.42987,310.12988,310.3299,308.02988,308.52988,309.2299,311.92987,321.52988,322.7299,316.52988
303.2299,304.42987,304.3299,306.3299,303.7299,306.52988,311.02988,309.8299,306.02988,302.8299,305.02988,303.42987,303.12988,304.12988,305.52988,303.12988,303.3299,302.8299,304.62988,304.42987,305.8299,306.42987,308.12988,309.02988,308.52988,309.7299,311.52988,310.7299,311.92987,313.42987,313.02988,312.42987,311.12988,311.62988,313.8299,313.3299,309.3299,307.7299,307.12988,301.7299,307.7299
303.02988,303.42987,300.12988,297.62988,298.12988,299.52988,301.2299,300.02988,299.12988,300.7299,301.7299,300.7299,302.12988,300.62988,302.62988,301.52988,303.12988,302.12988,300.42987,299.92987,300.42987,303.92987,305.3299,304.2299,305.8299,305.02988,306.02988,307.12988,305.12988,308.62988,309.52988,310.7299,308.42987,305.12988,308.3299,312.62988,314.8299,290.02988,315.8299,318.12988,303.02988
296.7299,292.7299,300.02988,302.2299,302.2299,302.92987,303.02988,302.2299,295.3299,292.2299,295.2299,290.02988,290.92987,296.12988,292.3299,294.8299,293.2299,296.7299,291.3299,290.62988,292.7299,298.02988,301.42987,302.3299,301.2299,302.8299,302.92987,298.92987,301.92987,300.62988,303.2299,304.2299,307.7299,306.12988,307.12988,305.2299,304.92987,306.62988,297.92987,294.3299,286.62988
300.92987,298.8299,299.62988,300.62988,300.52988,301.62988,296.92987,291.12988,290.92987,296.42987,290.42987,288.8299,288.92987,291.42987,289.02988,288.42987,288.3299,287.92987,292.02988,285.12988,284.42987,289.2299,297.12988,299.02988,301.52988,298.8299,300.8299,301.52988,300.92987,303.92987,305.12988,305.8299,308.92987,308.2299,306.8299,304.12988,297.42987,296.92987,297.92987,292.42987,291.12988
297.62988,297.2299,296.8299,296.12988,296.8299,297.12988,297.62988,293.42987,295.52988,288.12988,285.8299,283.02988,284.92987,286.8299,286.12988,286.42987,286.2299,289.42987,287.2299,283.7299,283.7299,285.62988,290.2299,290.62988,296.2299,298.52988,296.7299,301.42987,299.3299,306.2299,308.42987,307.2299,305.8299,303.92987,304.62988,300.92987,292.92987,297.8299,297.42987,291.62988,287.3299
294.8299,295.7299,296.2299,295.7299,294.7299,294.52988,293.12988,293.42987,285.12988,283.42987,281.3299,281.3299,282.2299,281.92987,282.12988,284.92987,284.8299,284.8299,285.3299,284.2299,283.02988,285.8299,288.52988,290.7299,293.62988,297.7299,299.42987,300.42987,300.3299,307.52988,306.12988,304.8299,303.52988,300.92987,299.92987,299.92987,299.62988,304.8299,297.52988,289.42987,296.62988
289.2299,292.02988,293.2299,293.42987,291.92987,290.02988,291.92987,285.3299,283.7299,284.2299,280.42987,279.62988,281.3299,280.92987,282.2299,286.92987,290.62988,288.8299,295.8299,291.8299,290.02988,288.3299,290.2299,290.12988,294.12988,297.02988,297.3299,292.42987,297.52988,304.8299,304.92987,304.12988,301.3299,302.7299,299.2299,293.7299,292.42987,293.92987,296.42987,292.3299,294.7299
290.02988,291.52988,291.3299,291.52988,290.62988,290.8299,285.02988,287.3299,286.52988,284.02988,281.02988,280.12988,282.8299,286.8299,288.52988,289.02988,290.3299,290.8299,288.92987,289.02988,287.52988,285.02988,288.02988,291.52988,290.3299,294.12988,288.52988,288.3299,292.8299,302.8299,301.7299,300.62988,300.02988,298.92987,298.92987,299.62988,293.2299,294.7299,288.62988,288.42987,291.92987
287.52988,290.42987,290.62988,290.52988,289.42987,285.3299,283.92987,288.52988,286.8299,285.62988,286.3299,284.12988,281.7299,285.02988,285.92987,287.12988,283.7299,283.52988,283.7299,283.7299,283.42987,283.12988,284.52988,285.42987,285.12988,289.8299,287.2299,296.7299,298.3299,299.92987,296.3299,292.62988,298.92987,298.3299,298.92987,298.52988,293.3299,293.7299,292.02988,288.62988,289.12988
