wind_kz.json
{"header": {"discipline":0,"disciplineName":"Meteorological products","gribEdition":2,"gribLength":1025,"center":7,"centerName":"US National Weather Service - NCEP(WMC)","subcenter":0,"refTime":"2023-09-27T12:00:00.000Z","significanceOfRT":1,"significanceOfRTName":"Start of forecast","productStatus":0,"productStatusName":"Operational products","productType":1,"productTypeName":"Forecast products","productDefinitionTemplate":0,"productDefinitionTemplateName":"Analysis/forecast at horizontal level/layer at a point in time","parameterCategory":2,"parameterCategoryName":"UnknownDiscipline_0_Category_2","parameterNumber":3,"parameterNumberName":"UnknownParameter_D0_C2_3","parameterUnit":"Unknown","genProcessType":2,"genProcessTypeName":"Forecast","forecastTime":120,"surface1Type":103,"surface1TypeName":"Specified height level above ground","surface1Value":10.0,"surface2Type":255,"surface2TypeName":"Missing","surface2Value":0.0,"gridDefinitionTemplate":0,"gridDefinitionTemplateName":"Latitude_Longitude","numberPoints":615,"shape":6,"shapeName":"Earth spherical with radius of 6,371,229.0 m","gridUnits":"degrees","resolution":48,"winds":"true","scanMode":64,"nx":41,"ny":15,"basicAngle":0,"lo1":47.0,"la1":41.0,"lo2":87.0,"la2":55.0,"dx":1.0,"dy":1.0}, "data":
[rows 0 to 14 of 15, columns 0 to 40 of 41]
0.44918212,1.3091822,-1.8408179,4.6291823,1.6691822,-3.1408179,1.3391821,0.45918214,0.8791821,-0.09081787,-0.93081784,-0.99081784,-0.8708179,-0.74081784,-1.2708179,-2.530818,-1.3408179,-2.7408178,-0.48081788,-0.6408179,-2.810818,-1.5108179,-2.780818,0.11918213,3.439182,1.4991821,0.6691821,0.90918213,1.3091822,3.5191822,-0.9008179,2.369182,0.96918213,-0.18081787,1.3791821,2.2691822,0.47918212,-2.2208178,-1.6308179,0.21918213,-0.5208179
0.16918212,-4.460818,4.599182,5.4391823,3.429182,0.82918215,2.4791822,2.119182,1.5991821,0.5591821,1.0791821,-0.13081788,0.03918213,-1.3708179,-3.370818,-3.790818,-4.180818,-2.630818,-1.3808179,0.08918213,-0.7708179,-1.1608179,-2.2208178,0.38918212,1.9191822,2.2291822,1.8591821,1.9691821,-0.31081787,0.9991821,-0.66081786,-0.04081787,-0.12081787,0.10918213,1.6391821,2.5991821,2.199182,1.4391822,1.3091822,1.2091821,-0.6208179
-3.1408179,1.1491821,3.3291821,4.6091824,2.2991822,3.5191822,3.659182,3.0091822,2.3191822,0.7991821,-1.0108179,-2.0208178,-3.810818,-0.91081786,-2.4808178,-3.2408178,-5.230818,-4.5808177,-2.9908178,-1.2308179,-0.09081787,0.45918214,-0.05081787,0.16918212,-2.9508178,-2.7008178,-2.4208179,1.3391821,-0.13081788,-1.5808178,-0.9408179,-0.73081785,-1.1008179,1.8091822,0.31918213,0.6691821,1.1291821,-1.0208179,1.0091821,1.2491821,0.8091821
3.689182,3.649182,4.1291823,4.969182,3.5591822,4.549182,4.309182,3.5091822,2.5391822,1.1391821,0.14918213,-2.6408179,-4.3108177,-5.960818,-7.090818,-2.9208179,-5.750818,-5.0608177,-2.9908178,-1.1708179,1.3491821,2.0591822,-2.6908178,-2.4508178,-2.5008178,-0.19081788,-0.7108179,-2.290818,-1.6608179,-3.7708178,-4.2908177,-2.380818,1.8291821,-0.39081788,-1.3808179,-4.5208178,-3.7408178,1.2391821,-0.8108179,-0.20081787,-0.78081787
2.2891822,3.3391821,4.679182,0.63918215,-1.1808178,4.039182,4.039182,3.929182,3.129182,1.4191822,0.9791821,-0.43081787,-2.4608178,-4.7908177,-5.530818,-3.4408178,-4.510818,-3.4308178,-1.8408179,-1.1608179,-0.98081785,-0.46081787,0.41918212,0.26918212,-0.5808179,-2.340818,-4.130818,-2.4208179,-2.7308178,-4.030818,-5.400818,-4.050818,-1.4908179,-0.010817871,-0.05081787,-0.55081785,-0.98081785,-2.1808178,-1.8008178,-1.0408179,-1.9308178
3.939182,3.0991821,2.0991821,2.0991821,0.81918216,0.35918212,2.669182,5.1891823,4.589182,2.929182,1.0391822,0.5391821,2.0791821,-1.3608179,-6.970818,-2.2308178,-2.110818,-2.810818,-4.220818,-2.880818,-3.630818,-3.4408178,-2.100818,-1.7908179,0.8791821,0.9991821,-1.3808179,-5.1408176,-4.760818,-3.8908179,-3.9908178,-3.9608178,-4.190818,-3.3908179,-0.86081785,9.619183,-0.8908179,5.8791823,0.57918215,-8.1787107E-4,-1.7308179
1.3391821,2.219182,5.089182,4.9191823,3.5391822,4.509182,4.749182,5.1291823,4.949182,4.719182,2.369182,0.09918213,-1.7508179,-1.3708179,-1.2308179,-3.280818,-4.180818,-3.4608178,-3.1808178,-2.2108178,-1.5608178,-1.3108178,-1.1708179,-0.6308179,0.56918216,1.0291821,-1.1108179,-2.370818,-3.1808178,-4.090818,-4.590818,-4.510818,-5.230818,-3.850818,0.14918213,-0.7608179,1.3591821,-1.1308179,1.1291821,2.0091822,0.17918213
1.5691822,2.639182,2.8391821,3.139182,3.169182,3.7591822,4.789182,4.9391823,5.4391823,5.039182,4.059182,2.0191822,-0.68081784,0.029182129,-0.46081787,-2.1708179,-3.1408179,-2.2008178,-2.860818,-1.2408179,-1.0808178,0.47918212,-3.4008179,-2.540818,-2.360818,-1.4008179,-0.73081785,-1.2308179,-1.2208179,-4.0808177,-4.590818,-4.200818,-5.3908176,-6.8108177,-2.5008178,-0.99081784,-1.3908179,-1.7508179,-0.06081787,-0.53081787,-0.30081788
1.8991821,1.9891821,3.159182,3.459182,3.5591822,3.6091821,4.7091823,4.759182,6.599182,4.589182,4.1891823,2.649182,0.9991821,1.1991822,-0.18081787,0.11918213,-0.8108179,-1.5508178,-2.120818,-1.9408178,-0.11081787,0.8791821,-0.9608179,-1.7608179,-1.4008179,-0.98081785,-1.6608179,-1.8608179,-2.7108178,-1.9808179,-3.340818,-4.430818,-4.6008177,-3.880818,-3.050818,-1.8708179,-0.36081788,-2.0008178,0.11918213,1.1591821,-1.3808179
3.0891821,3.169182,3.159182,2.5591822,3.7891822,4.089182,4.8991823,5.6091824,4.679182,5.6891823,3.5791821,2.5691822,1.8791821,1.7791821,2.4991822,0.14918213,-0.72081786,-0.6308179,-0.9508179,-1.1408179,-0.42081788,0.34918213,0.15918213,0.25918213,-0.32081786,-1.0508178,-0.92081785,-1.9008179,-1.8908179,-1.2508179,-2.620818,-3.100818,-3.0208178,-2.6408179,-0.61081785,-1.2108178,-0.8808179,-0.09081787,-0.36081788,1.6391821,2.0591822
4.2091823,4.349182,3.5091822,3.679182,3.2491822,3.879182,4.429182,4.569182,5.619182,4.099182,3.5891821,2.8391821,2.7591822,2.8191822,2.7291822,2.2291822,1.3391821,0.9391821,-0.06081787,0.6891821,0.94918215,1.1091821,1.5391822,1.2591821,-0.12081787,-0.23081787,-0.29081786,-0.99081784,-1.0108179,-1.8408179,-2.320818,-2.630818,-2.9908178,-2.4608178,-3.6408179,-3.2508178,-1.9408178,1.8691821,-1.1808178,-0.8208179,-0.7708179
4.4391823,4.549182,4.579182,4.559182,4.839182,3.889182,4.4591823,4.779182,4.199182,4.239182,3.689182,3.619182,3.3191822,3.199182,2.929182,2.8391821,2.679182,2.2291822,2.3591821,2.0291822,1.6291821,0.70918214,1.0291821,0.7291821,0.15918213,0.24918213,0.29918212,-0.35081786,-1.1508179,-1.3208178,-1.8408179,-2.4408178,-1.9808179,-2.6708179,-1.6008179,-3.1808178,-2.4908178,-1.8508179,-0.61081785,-1.3108178,-0.8708179
3.4991822,4.829182,3.9891822,4.249182,4.349182,3.8091822,4.869182,4.789182,5.3791823,3.439182,1.9091821,1.5891821,3.959182,2.969182,3.0391822,2.8391821,2.899182,3.3291821,2.169182,2.669182,2.379182,2.5691822,2.0091822,1.4491822,1.8591821,1.5491822,1.1691822,0.64918214,-0.31081787,-0.29081786,-0.47081786,-0.99081784,0.09918213,-1.7408179,-2.1908178,-1.9108179,-2.290818,-1.4308178,-1.8408179,-1.9308178,-1.8908179
-1.7408179,-1.7108178,4.869182,5.059182,4.769182,4.839182,4.659182,4.929182,4.569182,4.779182,2.5491822,1.7691821,2.2291822,3.7891822,3.5191822,3.459182,3.469182,3.439182,3.7891822,3.2591822,3.2591822,2.5691822,2.659182,2.5091822,2.139182,2.689182,2.899182,2.419182,2.0591822,1.7391821,0.81918216,0.5391821,-0.5008179,-0.43081787,-1.0908179,-1.1008179,-1.2608179,-1.5708178,-1.7308179,-1.2408179,-2.1908178
-0.7108179,-0.7608179,-1.1108179,-1.3708179,3.1091821,4.579182,4.6691823,5.139182,4.769182,5.1291823,3.5891821,3.2791822,1.7291821,1.9691821,4.029182,4.679182,4.569182,4.4191823,4.179182,3.8391821,3.379182,3.7991822,3.469182,3.0991821,2.899182,2.629182,2.659182,2.7591822,2.959182,2.8091822,2.3591821,0.9991821,0.8591821,0.64918214,1.0091821,-0.09081787,1.0091821,-0.17081787,-0.30081788,-0.16081788,-0.91081786
