wind_kz.json
{"header": {"discipline":0,"disciplineName":"Meteorological products","gribEdition":2,"gribLength":871,"center":7,"centerName":"US National Weather Service - NCEP(WMC)","subcenter":0,"refTime":"2024-01-31T00:00:00.000Z","significanceOfRT":1,"significanceOfRTName":"Start of forecast","productStatus":0,"productStatusName":"Operational products","productType":1,"productTypeName":"Forecast products","productDefinitionTemplate":0,"productDefinitionTemplateName":"Analysis/forecast at horizontal level/layer at a point in time","parameterCategory":0,"parameterCategoryName":"UnknownDiscipline_0_Category_0","parameterNumber":0,"parameterNumberName":"UnknownParameter_D0_C0_0","parameterUnit":"Unknown","genProcessType":2,"genProcessTypeName":"Forecast","forecastTime":240,"surface1Type":1,"surface1TypeName":"Ground or water surface","surface1Value":0.0,"surface2Type":255,"surface2TypeName":"Missing","surface2Value":0.0,"gridDefinitionTemplate":0,"gridDefinitionTemplateName":"Latitude_Longitude","numberPoints":615,"shape":6,"shapeName":"Earth spherical with radius of 6,371,229.0 m","gridUnits":"degrees","resolution":48,"winds":"true","scanMode":64,"nx":41,"ny":15,"basicAngle":0,"lo1":47.0,"la1":41.0,"lo2":87.0,"la2":55.0,"dx":1.0,"dy":1.0}, "data":
[rows 0 to 14 of 15, columns 0 to 40 of 41]
278.18335,271.38336,272.38336,280.18335,280.38336,281.78336,277.18335,275.18335,273.68335,275.28336,274.68335,275.38336,274.88336,275.18335,275.68335,275.78336,276.58334,276.28336,278.38336,278.88336,279.58334,279.58334,281.28336,278.38336,276.78336,278.58334,272.38336,259.08334,255.98335,253.18335,250.98335,251.88335,257.48334,265.88336,269.38336,270.28336,269.68335,269.78336,270.08334,269.98334,270.28336
258.88336,269.88336,279.88336,279.58334,280.08334,280.68335,272.58334,272.78336,271.38336,271.68335,271.78336,272.48334,273.08334,273.48334,275.18335,274.98334,276.08334,276.58334,275.58334,276.08334,276.68335,277.78336,279.98334,272.28336,263.28336,252.48335,267.68335,262.28336,254.78336,252.58334,261.48334,250.18335,256.18335,242.28336,248.38335,260.58334,265.18335,265.08334,268.88336,262.68335,267.38336
271.48334,278.08334,279.88336,280.08334,280.08334,269.78336,269.58334,269.38336,270.08334,269.78336,269.78336,270.48334,270.88336,272.08334,272.38336,273.98334,273.68335,273.48334,273.48334,275.18335,274.18335,276.48334,278.58334,273.08334,280.08334,274.88336,272.48334,272.68335,273.68335,267.38336,258.88336,261.38336,262.08334,258.08334,252.98335,262.18335,256.38336,249.78336,250.38335,251.98335,251.08334
267.08334,275.58334,277.78336,278.78336,276.58334,268.28336,270.88336,269.68335,268.88336,270.48334,270.38336,269.98334,281.08334,281.88336,274.08334,272.68335,271.48334,272.58334,272.68335,273.68335,275.68335,272.08334,272.98334,273.28336,277.38336,277.88336,274.78336,273.48334,272.78336,272.08334,271.38336,271.28336,271.28336,265.48334,260.08334,266.38336,255.98335,255.08334,263.98334,257.98334,258.08334
270.68335,270.28336,267.48334,267.18335,267.78336,268.58334,269.28336,267.68335,269.08334,269.48334,269.58334,268.68335,278.98334,278.88336,278.18335,271.18335,270.68335,269.68335,269.08334,270.08334,273.48334,274.38336,273.28336,273.78336,273.48334,273.78336,273.48334,274.28336,276.38336,274.88336,273.08334,273.38336,265.28336,256.08334,262.78336,255.48335,256.58334,254.98335,255.58334,255.08334,257.18335
268.98334,268.78336,264.88336,265.98334,265.78336,265.88336,266.68335,270.68335,268.68335,269.08334,268.98334,270.18335,277.38336,278.98334,267.18335,268.08334,267.58334,266.38336,265.58334,269.48334,270.08334,272.28336,272.78336,272.98334,272.98334,273.18335,273.88336,272.88336,273.98334,273.58334,272.68335,271.68335,268.68335,267.98334,269.08334,265.68335,265.78336,262.38336,258.08334,255.38335,258.78336
267.38336,267.58334,268.68335,268.48334,266.28336,265.98334,264.68335,265.28336,264.78336,265.08334,263.08334,263.48334,262.08334,262.58334,262.78336,264.48334,262.28336,261.88336,257.98334,260.18335,265.18335,269.98334,271.88336,272.18335,272.18335,272.98334,272.98334,271.88336,271.78336,272.88336,270.68335,266.88336,265.38336,268.18335,269.98334,268.68335,263.88336,264.88336,262.48334,258.38336,262.28336
268.98334,268.18335,268.38336,268.58334,268.88336,268.28336,267.28336,264.58334,262.38336,260.98334,260.68335,261.48334,257.98334,257.58334,259.78336,259.78336,260.28336,259.08334,262.48334,261.98334,260.48334,264.98334,270.08334,271.08334,270.68335,268.68335,268.68335,270.38336,271.08334,271.38336,270.48334,267.68335,268.48334,265.88336,263.98334,262.78336,261.68335,262.38336,266.98334,266.58334,265.48334
267.88336,267.28336,267.38336,266.58334,266.38336,265.98334,265.68335,261.88336,260.18335,260.48334,260.18335,259.18335,256.88336,256.18335,256.58334,258.88336,257.98334,254.38335,263.28336,262.58334,262.78336,257.98334,267.28336,268.88336,268.08334,267.48334,266.68335,266.58334,264.68335,266.38336,268.18335,269.48334,270.28336,270.08334,266.68335,266.88336,266.38336,262.18335,262.18335,259.58334,258.38336
264.38336,264.38336,264.08334,264.38336,263.48334,262.88336,262.38336,260.98334,261.18335,258.98334,258.28336,257.18335,253.88335,253.68335,253.58334,254.98335,255.28336,256.28336,259.28336,256.78336,259.68335,258.88336,264.28336,268.48334,267.98334,267.18335,267.18335,266.48334,265.98334,265.38336,266.38336,268.88336,270.38336,269.68335,268.18335,268.48334,269.58334,268.78336,266.48334,262.38336,257.38336
261.08334,260.48334,260.38336,259.78336,259.98334,258.18335,257.88336,258.78336,258.18335,257.78336,256.38336,257.48334,254.88335,253.78336,253.38335,252.88335,253.08334,255.28336,258.28336,258.38336,253.68335,254.28336,262.08334,264.38336,264.08334,265.38336,264.78336,266.08334,266.08334,266.98334,267.48334,267.88336,267.78336,267.28336,267.98334,268.98334,267.38336,264.88336,262.98334,265.48334,264.08334
256.68335,259.68335,261.38336,261.28336,258.18335,256.88336,256.28336,256.68335,251.88335,256.18335,254.18335,255.38335,249.98335,252.38335,253.68335,253.28336,253.58334,253.68335,255.48335,254.78336,258.38336,255.58334,253.58334,252.88335,250.48335,254.18335,259.78336,263.28336,264.28336,260.98334,261.18335,260.88336,263.48334,262.18335,263.98334,263.88336,266.28336,267.88336,267.88336,267.78336,267.28336
260.18335,258.08334,261.18335,261.18335,261.48334,260.88336,260.08334,258.78336,257.08334,257.98334,251.28336,254.68335,257.88336,252.88335,254.28336,254.28336,253.78336,253.68335,256.18335,252.18335,257.58334,258.48334,254.38335,250.38335,253.18335,251.28336,253.38335,251.88335,253.58334,254.88335,255.58334,257.88336,257.38336,257.88336,259.28336,259.28336,259.78336,264.38336,265.28336,266.78336,267.48334
260.88336,259.48334,261.58334,262.08334,261.18335,260.48334,259.18335,258.58334,259.78336,259.98334,256.58334,254.58334,257.68335,253.98335,254.68335,256.08334,257.28336,255.08334,256.88336,253.18335,254.68335,255.18335,259.28336,253.58334,251.28336,247.78336,247.78336,250.38335,250.58334,251.48335,253.98335,255.08334,255.78336,256.38336,255.78336,254.48335,255.18335,254.18335,253.98335,259.18335,259.78336
260.28336,258.68335,257.08334,260.48334,260.08334,259.58334,260.28336,258.78336,260.18335,259.78336,262.28336,259.68335,257.68335,255.88335,260.48334,257.88336,256.68335,253.98335,252.28336,251.78336,252.68335,252.28336,251.48335,251.08334,251.18335,249.78336,249.78336,250.38335,252.18335,253.08334,253.38335,254.68335,255.48335,256.08334,257.48334,257.48334,256.58334,259.78336,257.28336,258.28336,259.68335
