wind.json
{"header": {"discipline":0,"disciplineName":"Meteorological products","gribEdition":2,"gribLength":1039,"center":7,"centerName":"US National Weather Service - NCEP(WMC)","subcenter":0,"refTime":"2023-06-29T12:00:00.000Z","significanceOfRT":1,"significanceOfRTName":"Start of forecast","productStatus":0,"productStatusName":"Operational products","productType":1,"productTypeName":"Forecast products","productDefinitionTemplate":0,"productDefinitionTemplateName":"Analysis/forecast at horizontal level/layer at a point in time","parameterCategory":0,"parameterCategoryName":"UnknownDiscipline_0_Category_0","parameterNumber":0,"parameterNumberName":"UnknownParameter_D0_C0_0","parameterUnit":"Unknown","genProcessType":2,"genProcessTypeName":"Forecast","forecastTime":120,"surface1Type":1,"surface1TypeName":"Ground or water surface","surface1Value":0.0,"surface2Type":255,"surface2TypeName":"Missing","surface2Value":0.0,"gridDefinitionTemplate":0,"gridDefinitionTemplateName":"Latitude_Longitude","numberPoints":688,"shape":6,"shapeName":"Earth spherical with radius of 6,371,229.0 m","gridUnits":"degrees","resolution":48,"winds":"true","scanMode":64,"nx":43,"ny":16,"basicAngle":0,"lo1":45.0,"la1":40.0,"lo2":87.0,"la2":55.0,"dx":1.0,"dy":1.0}, "data":
[rows 0 to 15 of 16, columns 0 to 42 of 43]
302.8896,291.3896,312.6896,321.4896,319.8896,297.6896,296.7896,297.1896,320.4896,326.6896,327.8896,324.4896,325.7896,324.3896,322.1896,320.4896,319.9896,318.8896,318.4896,317.4896,315.6896,314.4896,314.9896,314.8896,311.4896,306.4896,303.5896,291.8896,285.3896,294.1896,296.1896,309.1896,313.4896,314.8896,317.3896,315.5896,315.0896,312.3896,312.7896,310.9896,311.0896,314.7896,314.4896
297.3896,313.2896,315.7896,300.5896,307.0896,297.0896,296.8896,296.5896,313.0896,325.6896,325.4896,324.5896,321.7896,322.9896,322.1896,320.5896,320.6896,320.5896,319.0896,317.5896,320.2896,318.6896,320.0896,314.2896,312.9896,307.4896,312.0896,315.4896,309.3896,289.8896,291.0896,289.3896,289.9896,295.6896,304.6896,313.2896,311.8896,312.6896,311.6896,308.5896,309.8896,309.3896,312.4896
299.4896,295.1896,291.4896,304.6896,297.4896,297.0896,297.7896,296.1896,323.7896,322.3896,321.6896,320.2896,321.2896,320.1896,318.8896,316.6896,317.2896,318.7896,319.3896,319.8896,318.4896,319.4896,319.2896,316.9896,312.4896,301.6896,291.7896,291.2896,288.7896,290.8896,282.9896,285.0896,286.4896,281.3896,291.5896,269.7896,289.4896,308.8896,306.4896,306.3896,309.0896,298.8896,287.7896
297.6896,303.1896,308.5896,298.4896,298.0896,297.6896,298.4896,321.1896,322.4896,320.7896,320.3896,316.2896,316.8896,319.2896,316.3896,315.6896,315.8896,316.9896,318.3896,317.4896,317.1896,317.8896,318.3896,315.7896,313.5896,307.0896,311.4896,310.0896,311.2896,310.2896,307.1896,283.8896,280.3896,287.0896,295.7896,293.5896,298.4896,297.2896,288.3896,288.0896,287.3896,282.5896,280.6896
312.1896,316.2896,313.2896,299.0896,299.5896,298.3896,302.5896,323.1896,322.8896,323.7896,320.0896,321.1896,319.0896,318.2896,296.4896,295.9896,316.0896,316.2896,316.0896,318.0896,317.9896,317.7896,313.1896,310.3896,314.6896,313.6896,313.6896,313.4896,313.7896,310.5896,310.6896,311.0896,314.2896,309.1896,313.5896,313.4896,312.2896,306.5896,290.4896,286.5896,289.6896,301.6896,304.7896
316.1896,318.5896,318.4896,300.4896,300.4896,300.3896,307.6896,319.3896,320.3896,321.2896,316.5896,317.4896,316.7896,317.7896,298.3896,296.6896,293.5896,315.2896,317.9896,314.4896,312.3896,315.2896,315.5896,316.4896,315.0896,313.9896,314.1896,314.1896,311.2896,307.5896,312.6896,312.4896,315.4896,312.2896,294.8896,284.5896,292.0896,293.6896,304.6896,315.2896,313.8896,310.2896,309.3896
313.7896,321.0896,320.4896,311.3896,298.8896,298.6896,298.2896,297.5896,318.9896,319.1896,310.4896,317.5896,312.0896,315.0896,297.1896,294.8896,300.2896,313.4896,317.3896,316.4896,310.8896,314.7896,314.6896,312.7896,313.1896,309.3896,312.8896,308.9896,306.4896,291.3896,313.6896,314.0896,312.5896,314.6896,311.6896,311.2896,302.0896,295.9896,298.5896,300.5896,312.2896,313.0896,311.5896
318.1896,319.1896,316.7896,307.8896,319.5896,308.0896,302.7896,305.8896,313.5896,319.2896,308.2896,306.7896,316.9896,315.7896,306.9896,307.4896,311.9896,309.1896,314.3896,306.3896,306.2896,312.0896,298.7896,307.3896,303.4896,307.0896,306.2896,307.2896,301.5896,307.0896,313.0896,313.2896,312.4896,314.1896,312.8896,311.0896,311.0896,308.5896,302.4896,297.2896,292.9896,292.4896,305.8896
311.0896,309.4896,313.8896,314.6896,312.5896,320.0896,319.2896,314.1896,314.6896,310.8896,308.3896,310.4896,310.2896,312.9896,310.6896,308.7896,313.4896,313.1896,310.6896,307.5896,305.8896,299.2896,307.5896,304.8896,303.8896,301.6896,295.2896,289.2896,295.4896,302.8896,300.0896,309.3896,309.2896,311.0896,307.4896,305.1896,308.2896,307.5896,309.5896,289.2896,306.9896,305.4896,301.0896
298.7896,312.0896,312.9896,313.6896,306.2896,302.9896,309.3896,312.5896,309.3896,308.9896,306.2896,305.8896,307.3896,308.0896,308.7896,313.2896,307.9896,309.0896,305.4896,299.2896,306.2896,295.4896,298.3896,303.4896,305.0896,298.0896,301.3896,300.5896,298.4896,298.2896,304.7896,301.2896,300.3896,302.0896,304.0896,303.6896,303.5896,301.2896,301.3896,302.4896,288.8896,287.8896,287.2896
305.4896,307.7896,301.2896,301.9896,311.7896,310.0896,311.0896,313.4896,312.2896,310.9896,306.2896,301.5896,305.7896,304.4896,305.7896,307.5896,294.8896,308.2896,307.7896,307.8896,295.6896,300.1896,301.4896,306.3896,308.3896,300.0896,295.1896,294.9896,294.2896,300.8896,300.4896,300.5896,300.8896,303.2896,303.0896,303.4896,303.6896,303.1896,299.3896,294.2896,292.7896,288.4896,288.5896
302.4896,298.8896,306.9896,308.0896,302.8896,308.8896,308.0896,309.2896,308.2896,307.5896,301.0896,299.6896,294.2896,301.4896,305.5896,301.4896,304.4896,301.9896,296.1896,306.6896,308.5896,303.4896,307.4896,307.8896,305.0896,304.4896,302.7896,301.4896,299.3896,302.7896,303.5896,305.6896,304.8896,305.0896,304.5896,302.8896,300.0896,300.4896,294.1896,291.9896,291.3896,291.6896,290.1896
299.3896,301.1896,303.5896,305.6896,307.5896,305.8896,303.3896,304.8896,299.0896,298.8896,301.1896,302.2896,299.9896,298.3896,298.8896,302.4896,301.9896,301.7896,302.3896,305.3896,305.4896,304.3896,302.6896,303.3896,303.2896,303.5896,301.5896,302.2896,303.1896,303.8896,304.3896,303.6896,302.0896,303.5896,302.7896,300.6896,300.5896,300.5896,298.8896,298.6896,295.6896,296.4896,295.3896
298.5896,298.9896,300.7896,302.9896,305.7896,304.2896,302.3896,302.7896,301.9896,297.8896,301.2896,300.3896,298.0896,294.3896,299.9896,299.4896,301.5896,302.3896,304.1896,303.5896,304.3896,302.7896,302.2896,301.4896,301.9896,301.1896,303.0896,303.1896,304.9896,302.6896,302.6896,303.4896,303.7896,302.3896,300.5896,301.1896,300.0896,298.2896,298.6896,298.7896,294.8896,295.2896,294.8896
298.0896,298.7896,298.8896,301.0896,296.9896,302.4896,300.8896,299.7896,299.0896,297.9896,299.7896,299.6896,298.0896,294.9896,298.8896,300.1896,301.8896,302.1896,302.6896,303.8896,305.1896,302.7896,302.2896,302.2896,302.7896,302.7896,302.6896,303.1896,301.5896,301.0896,300.8896,301.5896,302.5896,302.5896,301.3896,299.2896,297.8896,298.2896,298.1896,295.4896,295.6896,294.6896,293.5896
297.5896,297.5896,298.1896,299.7896,291.5896,300.3896,299.6896,300.3896,300.1896,299.5896,300.2896,300.3896,296.4896,296.7896,293.3896,299.3896,302.3896,302.3896,302.2896,302.6896,304.9896,302.0896,300.8896,300.4896,301.4896,301.5896,301.6896,301.8896,301.6896,301.4896,300.7896,300.7896,299.4896,293.3896,300.0896,299.1896,298.1896,297.0896,296.5896,294.8896,295.9896,295.4896,296.6896
