wind_kz.json
{"header": {"discipline":0,"disciplineName":"Meteorological products","gribEdition":2,"gribLength":1102,"center":7,"centerName":"US National Weather Service - NCEP(WMC)","subcenter":0,"refTime":"2024-02-03T00:00:00.000Z","significanceOfRT":1,"significanceOfRTName":"Start of forecast","productStatus":0,"productStatusName":"Operational products","productType":1,"productTypeName":"Forecast products","productDefinitionTemplate":0,"productDefinitionTemplateName":"Analysis/forecast at horizontal level/layer at a point in time","parameterCategory":2,"parameterCategoryName":"UnknownDiscipline_0_Category_2","parameterNumber":2,"parameterNumberName":"UnknownParameter_D0_C2_2","parameterUnit":"Unknown","genProcessType":2,"genProcessTypeName":"Forecast","forecastTime":180,"surface1Type":103,"surface1TypeName":"Specified height level above ground","surface1Value":10.0,"surface2Type":255,"surface2TypeName":"Missing","surface2Value":0.0,"gridDefinitionTemplate":0,"gridDefinitionTemplateName":"Latitude_Longitude","numberPoints":615,"shape":6,"shapeName":"Earth spherical with radius of 6,371,229.0 m","gridUnits":"degrees","resolution":48,"winds":"true","scanMode":64,"nx":41,"ny":15,"basicAngle":0,"lo1":47.0,"la1":41.0,"lo2":87.0,"la2":55.0,"dx":1.0,"dy":1.0}, "data":
[rows 0 to 14 of 15, columns 0 to 40 of 41]
3.8257935,1.4057934,-1.0242065,-0.86420655,-0.43420655,0.14579345,3.2857935,2.3157935,0.76579344,1.6457934,0.52579343,-1.1242065,-2.3842065,-2.9142065,-2.9242065,-3.3642066,-2.8042066,-3.2842066,-4.1042066,-5.7342067,-5.4542065,-1.9142065,0.12579346,-1.7042066,-0.50420654,-0.80420655,-3.0642066,-2.9142065,0.16579346,0.49579346,-0.014206543,2.1857934,-0.16420655,-0.37420654,0.21579346,0.61579347,1.8357935,1.0157934,0.22579345,0.19579345,1.7557935
0.87579346,-1.5742066,-2.8942065,-4.1442065,-3.8342066,-0.5242065,-2.3542066,-0.024206543,0.77579343,0.39579347,-1.3342066,-1.6842065,-1.8042065,-2.2242064,-3.3042066,-3.0142066,-3.5342066,-5.2742066,-4.134207,-4.2442064,-3.7442064,-2.2942066,-0.66420656,-3.2142065,-0.29420653,0.28579345,-1.3842065,-0.014206543,-2.4742064,-1.4942065,0.04579346,-0.5242065,2.1857934,-2.8442066,0.13579346,0.45579347,0.88579345,1.1557934,-0.85420656,0.07579346,-1.0642066
-1.1742065,-3.8942065,-4.8242064,-4.9842067,-3.7242064,-3.2342064,-3.9242065,-3.4142065,-3.4042065,-3.5042067,-2.0142066,-1.8142066,-1.4342065,-2.6442065,-2.9242065,-2.8942065,-2.7442064,-2.8442066,-2.6442065,-2.6242065,-2.5242066,-2.1942065,-2.3442066,-1.9942065,-0.44420654,-0.91420656,-1.1442065,-0.47420654,-1.6042066,-0.63420653,-1.7142066,1.0557934,0.89579344,-0.004206543,0.07579346,-1.4142065,0.12579346,0.68579346,0.7257935,2.6957934,1.8157935
-3.8642066,-4.0742064,-4.1742067,-3.2542067,-2.8742065,-3.3642066,-2.0842066,-3.6942065,-3.9342065,-4.0042067,-4.6942067,-4.5942063,-4.7342067,-3.3942065,-2.8442066,-2.5142066,-2.3342066,-2.2042065,-2.1142066,-1.3942065,-0.41420653,-0.57420653,-1.7942065,-1.9742066,-1.9542066,-0.49420655,-0.18420655,-1.5342065,1.0657935,0.9157935,-3.6942065,-3.9642065,-3.6742065,-1.4542066,-1.1242065,-2.2242064,-2.5742066,3.2257934,0.77579343,-0.024206543,0.5457935
-2.4542065,-2.3542066,-2.8442066,-2.6742065,-2.9442065,-3.2542067,-2.5542066,-2.9242065,-2.9942064,-2.6542065,-3.2542067,-5.2742066,-4.7842064,-5.1042066,-5.3142066,-3.3042066,-2.9042065,-2.1942065,-0.09420654,-1.1842065,1.3657935,1.3457935,-0.26420653,1.1657934,0.6657935,-1.4242065,1.7857934,2.7957935,3.1757934,1.0457934,2.6757934,-1.0042065,-1.4042065,2.7457933,2.1757934,0.015793458,-0.16420655,-1.4042065,-1.4342065,-1.0342065,-0.23420654
-0.17420654,0.04579346,-1.4942065,-1.8042065,-2.0942066,-2.0442066,-2.6242065,-2.6642065,-1.7342066,-2.4242065,-2.8442066,-3.1542065,-3.3242066,-3.8542066,-2.5642066,-2.5942066,-2.0042067,-2.1242065,-1.2042066,-1.1342065,0.15579346,1.3557935,0.94579345,1.0157934,1.9357934,2.7757936,4.0757933,2.4157934,3.2957935,2.7757936,3.1857934,4.4657936,1.2657934,-0.57420653,1.1957935,-4.7442064,1.4457935,0.41579345,-0.54420656,0.015793458,-0.27420655
2.4657934,1.7457935,1.1457934,0.50579345,-0.57420653,0.15579346,0.46579346,-0.63420653,-1.2142066,-0.87420654,-1.6942066,-1.4142065,-1.0142065,-0.47420654,-0.9542065,-1.7642065,-1.6842065,-1.3542066,-1.1242065,-0.38420653,1.0557934,0.88579345,1.6057935,1.9057934,3.5057936,4.3557935,6.5257936,3.5357935,3.0457935,1.7857934,4.1057935,2.2357934,2.1757934,-3.3642066,-3.6942065,-2.1742065,-0.72420657,2.1357934,1.5157934,2.8957934,-0.20420654
3.5557935,3.2057934,2.8857934,1.8757935,1.4957935,1.8057934,0.82579345,0.38579345,0.6657935,-0.40420654,0.22579345,0.57579345,0.83579344,0.89579344,1.0157934,0.22579345,0.015793458,-0.26420653,-0.25420654,0.36579347,1.6257935,2.0457935,2.4357934,1.8357935,2.0657935,2.1657934,4.2057934,2.2557936,4.7457933,5.4057937,8.095794,6.8257933,0.93579346,1.5657935,5.3757935,2.6157935,-4.5842066,-11.224207,-10.074206,-10.324206,-2.7042065
4.3157935,4.1857934,3.4757934,3.2457933,2.9057934,3.0757935,2.7657936,1.3057934,0.83579344,1.9957935,1.4757935,1.3657935,3.2557936,1.1257935,1.8157935,1.6257935,1.5657935,1.5857935,2.0157936,1.8357935,2.8257935,4.2357936,3.2257934,2.6757934,2.6757934,3.4057934,4.1657934,5.2257934,6.5257936,6.9957933,6.8757935,6.7857933,8.715794,5.4557934,5.3457932,-2.7542067,0.25579345,-0.45420656,-2.2042065,-0.81420654,0.89579344
4.5857935,4.7057934,5.0257936,4.8757935,4.3757935,3.9657934,3.3957934,3.2357934,3.4957933,3.3757935,4.4857936,4.4657936,3.6057935,1.6357934,2.7857935,2.8257935,3.1257935,3.5957935,4.0057936,3.3957934,5.7357936,6.8857937,6.2357936,6.6257935,6.0057936,6.0657935,6.3357935,7.0057936,7.6057935,8.855793,8.795794,6.5657935,3.0857935,6.0557933,3.7857935,1.5757935,-2.2842066,-0.78420657,2.4057934,0.095793456,-0.5942066
4.4057937,5.3557935,5.2157936,5.1757936,4.7257934,4.5457935,5.7057934,6.5257936,5.2557936,5.0557933,4.8057933,5.8857937,3.0357935,4.4857936,4.0257936,3.7657936,5.7557936,5.8557935,4.865793,5.5557933,7.1357937,6.7257934,6.7957935,7.1857934,7.0357933,6.8957934,9.425794,8.635794,8.675794,9.115793,8.325793,5.7357936,3.3357935,4.4557934,6.365793,0.7857935,0.93579346,0.44579345,1.2457935,1.4757935,-0.084206544
4.9357934,5.5157933,6.5957932,6.0157933,6.2457933,5.8957934,5.9657936,6.1857934,5.9657936,4.4057937,4.0857935,7.1657934,5.2357936,5.0657935,4.615793,3.8457935,6.2257934,6.7957935,5.9657936,6.2057934,6.365793,6.5757933,6.6257935,6.6457934,7.8157935,8.405793,9.055794,9.865793,8.855793,7.2557936,5.2657933,5.7557936,5.6457934,6.5457935,5.9557934,7.7257934,7.6657934,6.9757934,6.4657936,0.75579345,-0.78420657
5.5357933,5.9857936,5.4957933,6.1257935,5.6657934,4.8757935,6.615793,6.1657934,7.2957935,3.2057934,2.9857934,6.4757934,3.9257934,4.3257933,2.9657934,4.6357937,5.7357936,5.9757934,5.0057936,5.4757934,5.7557936,6.3957934,6.6857934,6.9557934,8.0857935,7.8957934,8.375793,8.175794,7.6557937,6.9157934,6.7057934,6.3957934,6.7657933,6.865793,7.115793,6.6457934,7.9157934,6.2357936,8.445793,6.5857935,1.1157935
5.8857937,5.2657933,3.9357934,5.0257936,3.8157935,3.3657935,3.2857935,3.1157935,1.2357935,-0.92420655,0.49579346,2.1557934,2.0957935,1.9057934,2.8457935,4.9157934,4.5957932,4.6857934,4.1457934,5.5557933,6.1457934,7.1257935,7.9957933,8.165793,8.355793,7.5457935,7.365793,7.7457933,7.1957936,7.4257936,7.3957934,6.9657936,6.9557934,7.1757936,6.7657933,7.5257936,6.9357934,8.755794,6.7057934,5.0257936,3.9057934
3.1257935,0.61579347,-1.5642066,-2.2642066,-2.6342065,-2.0242066,-2.2042065,-1.5742066,-1.8442066,-2.0642066,-1.1642065,-0.19420654,0.27579346,-0.024206543,2.7257934,2.9957933,4.2357936,5.0357933,5.5157933,7.115793,7.0557933,7.6357937,7.9757934,8.195793,8.285793,8.115793,7.7657933,7.9357934,7.6357937,7.4957933,8.095794,9.235793,7.5957932,7.1357937,7.4057937,8.125793,7.5457935,7.0557933,7.1357937,4.8257933,2.6357934
