wind_kz.json
{"header": {"discipline":0,"disciplineName":"Meteorological products","gribEdition":2,"gribLength":1025,"center":7,"centerName":"US National Weather Service - NCEP(WMC)","subcenter":0,"refTime":"2023-09-26T12:00:00.000Z","significanceOfRT":1,"significanceOfRTName":"Start of forecast","productStatus":0,"productStatusName":"Operational products","productType":1,"productTypeName":"Forecast products","productDefinitionTemplate":0,"productDefinitionTemplateName":"Analysis/forecast at horizontal level/layer at a point in time","parameterCategory":2,"parameterCategoryName":"UnknownDiscipline_0_Category_2","parameterNumber":2,"parameterNumberName":"UnknownParameter_D0_C2_2","parameterUnit":"Unknown","genProcessType":2,"genProcessTypeName":"Forecast","forecastTime":0,"surface1Type":103,"surface1TypeName":"Specified height level above ground","surface1Value":10.0,"surface2Type":255,"surface2TypeName":"Missing","surface2Value":0.0,"gridDefinitionTemplate":0,"gridDefinitionTemplateName":"Latitude_Longitude","numberPoints":615,"shape":6,"shapeName":"Earth spherical with radius of 6,371,229.0 m","gridUnits":"degrees","resolution":48,"winds":"true","scanMode":64,"nx":41,"ny":15,"basicAngle":0,"lo1":47.0,"la1":41.0,"lo2":87.0,"la2":55.0,"dx":1.0,"dy":1.0}, "data":
[rows 0 to 14 of 15, columns 0 to 40 of 41]
-2.5875268,-0.88752687,0.41247314,-2.197527,-1.7975268,1.2624731,-1.2975268,-1.9775269,-3.907527,-2.927527,-2.1075268,-1.3175268,-0.70752686,-0.17752686,0.64247316,0.41247314,0.5524731,-1.0875268,2.2224731,1.0524732,-0.15752685,-1.3175268,1.7624731,2.9624732,1.2124732,2.1124732,1.4924731,2.6124732,0.67247313,1.5124731,3.4424732,1.2424731,-0.70752686,0.47247314,2.262473,1.4524732,3.1924732,2.4024732,2.9624732,2.4224732,2.7224731
-1.6675268,-4.547527,-2.7975268,-3.2975268,-1.7075268,1.7524731,-4.2475266,-4.307527,-4.827527,-4.327527,-3.8775268,-4.237527,-4.7075267,-2.3575268,-2.1175268,-0.11752686,-0.07752685,-3.217527,-2.217527,0.23247315,0.082473144,1.2924732,2.1124732,1.2224731,1.1924732,-0.65752685,0.39247313,2.772473,2.4424732,-0.33752686,-0.14752686,0.13247314,2.262473,-1.4475268,0.31247315,3.1624732,3.272473,4.1224732,1.6624732,1.6224731,5.442473
-5.547527,-6.5175266,-5.447527,-2.697527,1.1624732,-3.3275268,-4.217527,-4.117527,-5.057527,-5.357527,-6.007527,-5.697527,-4.237527,-6.1475267,-4.407527,-2.8775268,-2.0375268,-0.90752685,-3.1275268,-4.387527,-5.907527,-7.197527,-6.2075267,-6.367527,-2.1275268,-2.8775268,-1.3375268,-0.17752686,3.6824732,-0.18752685,0.44247314,-1.7975268,0.042473145,1.5324731,-2.667527,-0.82752687,0.57247317,-0.8075268,5.052473,2.6424732,1.4724731
-7.097527,-5.807527,-3.5975268,0.6224731,-2.2975268,-4.6475267,-3.8975267,-4.587527,-4.387527,-4.7075267,-6.1275268,-5.547527,-2.5675268,-0.96752685,-4.7475266,-6.357527,-6.3975267,-6.837527,-7.087527,-6.607527,-6.1475267,-8.237527,-5.4975266,-5.657527,-5.617527,-5.6275268,-5.257527,-5.827527,-4.367527,-2.3375268,-0.047526855,1.6924732,6.1024733,2.4424732,3.012473,2.552473,0.26247314,2.8824732,-0.8075268,1.6924732,1.5024731
-7.447527,-6.427527,-5.9175267,-5.027527,-3.7675269,-4.7075267,-4.337527,-4.097527,-3.6475267,-3.2575269,-3.5575268,-5.1675267,-2.997527,-0.40752685,2.332473,-4.527527,-5.337527,-5.257527,-5.637527,-6.4575267,-6.817527,-6.047527,-5.367527,-4.677527,-4.9975266,-5.7275267,-4.047527,0.7524731,-3.487527,-2.7875268,-2.417527,-1.7975268,-0.82752687,1.4524732,-2.1275268,-1.0575268,9.992474,-2.657527,0.70247316,4.192473,6.5824733
-5.857527,-6.1675267,-5.717527,-4.8975267,-3.477527,-2.3175268,-4.787527,-4.307527,-3.5975268,-3.3575268,-3.247527,-3.0375268,-2.977527,-1.3975269,-1.0975269,-2.717527,-3.697527,-3.8575268,-4.327527,-4.657527,-4.7675266,-4.057527,-3.987527,-4.157527,-3.727527,-4.567527,-4.787527,-1.6975268,-1.2275269,-1.6375269,-0.90752685,-1.2575269,-0.12752685,1.9324732,3.1724732,1.8424731,7.1224732,11.352473,10.532474,6.3724732,-3.5175269
-6.1475267,-6.067527,-5.4175267,-3.5475268,-0.6275269,-4.617527,-4.5175266,-3.717527,-3.3175268,-2.407527,-2.0475268,-2.967527,-2.8675268,-2.927527,-2.157527,-1.4475268,-1.2375269,-1.3275268,-2.427527,-2.967527,-3.697527,-3.687527,-3.3075268,-2.417527,-3.937527,-1.7875268,-1.6775268,-0.57752687,0.45247313,-0.9975269,-0.6875269,0.83247316,-4.297527,-3.3275268,3.2124732,4.322473,1.9724731,3.3924732,5.802473,0.76247317,-1.0875268
-5.2275267,-5.1475267,-4.697527,-4.447527,-4.5175266,-4.507527,-1.8775269,-1.0775268,-1.7275269,-0.5675269,-0.78752685,0.022473145,0.76247317,-0.53752685,-0.7575269,-0.35752687,-0.72752684,0.29247314,-0.24752685,-0.14752686,-2.0275269,-1.6275269,-2.487527,-0.5675269,0.0024731446,1.0324731,0.84247315,-1.5075269,1.6124731,-2.187527,-1.4075269,-2.2775269,-0.97752684,-1.2175269,-0.40752685,3.7424731,3.7324731,3.7224731,5.612473,-1.4375268,-0.96752685
-4.597527,-3.677527,-3.1475267,-2.247527,-1.0475268,0.31247315,-1.1875268,1.2824731,-0.18752685,-0.96752685,1.0424732,2.2024732,-0.52752686,-2.977527,1.0824732,0.7524731,0.67247313,1.1324731,0.53247315,-0.20752686,0.5524731,-0.91752684,0.012473145,-0.067526855,0.15247315,0.5024731,-0.13752685,-1.1575269,0.84247315,0.35247314,-1.4675269,-2.427527,-2.2575269,-0.19752686,1.0624732,3.062473,0.86247313,-1.5775268,0.15247315,2.1724732,0.032473143
-1.9575268,-1.1075269,-2.3175268,-1.5075269,1.7324731,0.9324731,0.47247314,0.47247314,0.26247314,0.43247315,1.5824732,1.3724731,-0.067526855,2.3924732,-0.84752685,0.44247314,0.92247313,2.1624732,2.542473,2.6424732,2.9724731,2.7324731,1.2224731,2.4624732,1.9324732,1.5124731,0.21247314,0.37247315,0.17247315,-1.8875269,-1.9075269,-3.7675269,-1.8175268,-1.9575268,-0.82752687,1.3624731,0.6324732,0.60247314,-2.2775269,-0.41752684,1.4424732
0.09247314,-1.0575268,-1.1975268,-0.63752687,0.022473145,0.17247315,1.0424732,2.782473,1.9424732,1.5124731,1.0224731,1.6124731,0.96247315,1.3824731,2.302473,2.082473,1.2724731,2.292473,3.4224732,4.692473,4.132473,3.9624732,2.8824732,2.842473,2.032473,1.7824731,0.78247315,2.292473,-0.34752685,-3.3775268,-4.2275267,-2.2675269,-3.3175268,-3.0475268,-3.3175268,-3.0075269,-0.5575268,-0.82752687,-0.35752687,0.25247315,-0.6875269
-0.65752685,-0.7575269,0.9324731,0.0024731446,0.42247313,0.26247314,1.0824732,2.082473,0.92247313,1.1624732,2.322473,2.332473,1.2224731,1.5624732,1.2224731,1.4124732,2.512473,2.1424732,1.9224732,2.9124732,2.2024732,3.292473,2.4724731,3.2124732,2.9424732,3.1724732,0.65247315,-1.1275269,-1.9975269,-2.7675269,-2.677527,-3.0075269,-2.497527,-2.697527,-2.747527,-3.2975268,-3.497527,-1.3675269,-1.7475269,-0.76752687,1.3124732
-0.8775269,-2.0175269,-0.42752686,-0.59752685,-0.14752686,0.43247315,-1.2675269,-2.667527,-1.6575269,-0.41752684,0.61247313,1.6424731,-1.1875268,0.10247315,-0.21752685,1.3124732,2.1624732,2.342473,2.6724732,2.8624732,3.262473,2.772473,2.562473,2.4824731,2.6024733,2.7024732,1.2824731,-0.47752684,-1.8475269,-2.8475268,-0.98752683,-2.8675268,-2.5875268,-2.0275269,-1.7375269,-2.477527,-2.1175268,-1.5575268,-2.0675268,1.7024732,-0.13752685
-1.4975269,-2.2775269,0.9324731,-0.6975269,-0.6175268,-0.8775269,-1.3475269,-0.8175269,-0.85752684,-0.43752685,0.7424731,1.6324731,2.052473,1.7724731,0.95247316,1.3624731,1.1824732,0.98247313,2.542473,2.6024733,3.582473,3.282473,3.1824732,2.6924732,3.012473,2.792473,2.9624732,1.1024731,-1.0775268,-1.8475269,-1.5375268,-1.4575268,-0.49752685,-1.1175269,0.23247315,-2.0175269,-1.4975269,-0.65752685,1.2224731,-1.1075269,1.3824731
-0.07752685,-0.08752686,-1.7975268,-0.8675268,-1.0475268,-0.42752686,-0.18752685,0.31247315,0.42247313,0.59247315,0.6324732,1.6824732,1.6824732,2.7424731,0.60247314,-0.21752685,1.8024732,1.7124732,1.7524731,1.0624732,2.1024733,3.302473,2.792473,2.772473,2.9224732,2.812473,3.262473,1.3424731,-0.35752687,-1.6675268,-1.2475269,-0.14752686,-0.27752686,-0.32752687,0.062473144,-0.36752686,0.86247313,1.4324732,-0.5075269,0.60247314,1.2924732
