wind.json
{"header": {"discipline":0,"disciplineName":"Meteorological products","gribEdition":2,"gribLength":1125,"center":7,"centerName":"US National Weather Service - NCEP(WMC)","subcenter":0,"refTime":"2023-07-01T00:00:00.000Z","significanceOfRT":1,"significanceOfRTName":"Start of forecast","productStatus":0,"productStatusName":"Operational products","productType":1,"productTypeName":"Forecast products","productDefinitionTemplate":0,"productDefinitionTemplateName":"Analysis/forecast at horizontal level/layer at a point in time","parameterCategory":2,"parameterCategoryName":"UnknownDiscipline_0_Category_2","parameterNumber":3,"parameterNumberName":"UnknownParameter_D0_C2_3","parameterUnit":"Unknown","genProcessType":2,"genProcessTypeName":"Forecast","forecastTime":60,"surface1Type":103,"surface1TypeName":"Specified height level above ground","surface1Value":10.0,"surface2Type":255,"surface2TypeName":"Missing","surface2Value":0.0,"gridDefinitionTemplate":0,"gridDefinitionTemplateName":"Latitude_Longitude","numberPoints":688,"shape":6,"shapeName":"Earth spherical with radius of 6,371,229.0 m","gridUnits":"degrees","resolution":48,"winds":"true","scanMode":64,"nx":43,"ny":16,"basicAngle":0,"lo1":45.0,"la1":40.0,"lo2":87.0,"la2":55.0,"dx":1.0,"dy":1.0}, "data":
[rows 0 to 15 of 16, columns 0 to 42 of 43]
1.6561817,-0.91381836,-0.8938184,1.8661816,2.3761816,-1.4238183,-3.9238183,-3.7138183,-3.5238183,-0.49381837,-0.47381836,-2.3938184,-2.9738183,-3.7338183,-4.4638186,-5.8138185,-5.863818,-5.6238184,-5.9238186,-7.0638185,-7.7838182,-8.233818,-6.2538185,-4.9638186,-4.3538184,-0.7638184,3.8861816,5.846182,-0.21381836,-4.403818,-1.5338184,-6.7538185,1.6161816,1.3861816,-2.2438183,-2.1438184,-3.6138184,-3.7238183,-2.2038183,0.26618165,-2.7938185,-1.0638183,-3.9038184
-1.2838184,0.22618164,1.9561816,1.9961816,3.6861815,-0.24381836,-4.6638184,-6.863818,-5.153818,-4.303818,-1.5338184,-4.1838183,-4.6438184,-4.633818,-4.9238186,-5.093818,-6.2338185,-6.5038185,-4.8738184,-6.3338184,-5.613818,-5.863818,-5.613818,-5.5238185,-5.5338182,-2.4538183,7.6061816,2.3661816,1.0161816,1.4061817,-4.1638184,-1.9938184,-1.9638183,-0.79381835,-1.8538184,-6.4338183,-2.3838184,-3.3638184,-3.1938183,-3.2438183,-1.7438184,-1.5138184,-1.2838184
0.9861816,2.5261817,-1.4738183,-0.68381834,0.88618165,-0.12381836,-3.4938183,-5.4738183,-4.5038185,-4.343818,-3.2538183,-4.2938185,-3.9238183,-4.593818,-4.593818,-5.093818,-6.0038185,-7.0038185,-6.0038185,-4.403818,-5.1638184,-5.2738185,-5.3138185,-5.593818,-4.6038184,-2.7438183,3.2761817,-2.9538183,-1.9538183,1.0161816,-1.8338183,-2.9238183,-2.2638183,-2.4838183,-1.9838184,1.4061817,-0.5238184,-2.2938185,-1.4938184,1.8761816,0.62618166,-1.3038183,-0.6438184
-2.1438184,-2.5938184,0.18618163,3.8761816,1.8061817,0.13618164,-2.1638184,0.57618165,-1.4738183,-2.0038183,-2.0038183,-2.0438185,-2.5738184,-4.2138186,-5.9638186,-7.8938184,-8.583818,-6.5138183,-7.153818,-5.9438186,-5.8338184,-4.653818,-4.0338182,-4.4238186,-2.4638183,-0.5238184,-2.9838183,-3.4038184,-0.55381835,6.9561815,2.0561817,0.43618163,-2.9138184,0.32618165,0.62618166,3.5161817,-2.9838183,5.366182,-3.6838183,-3.5938184,-2.3638184,1.2461816,-0.73381835
-0.47381836,1.8161817,3.9561815,2.9961817,2.1261816,0.75618166,0.18618163,0.30618164,-1.7738184,-2.4138184,-1.2838184,-0.8838184,-3.0438185,-3.2438183,1.7361816,0.22618164,-4.8338184,-5.6938186,-6.0338182,-4.093818,-4.7538185,-4.4438186,-3.5638185,-1.9838184,-6.3138185,-4.863818,-5.4738183,-4.6238184,-4.383818,-2.5038183,-2.6938183,1.1461816,3.6761816,0.36618164,2.2361817,3.3561816,-0.21381836,-0.49381837,-3.2038183,-0.8838184,-2.3738184,-3.3938184,-4.7338185
1.1761817,3.2461817,4.4961815,4.196182,3.2661817,0.7961816,-4.2138186,-5.6738186,-2.9138184,-1.0938183,0.15618163,-2.0038183,-3.2238183,-5.1638184,5.7661815,4.5661817,1.1961817,-2.2938185,-6.1938186,-5.1038184,-3.0438185,-4.4738183,-3.0238183,-1.4438183,-3.3138185,-0.98381835,1.7861817,0.89618164,-1.4038184,-0.35381836,-0.12381836,-1.7338184,-1.4638183,-1.5138184,-2.5438185,-2.7138183,1.9061817,0.62618166,0.6061816,-0.37381837,1.0061816,-0.6438184,-0.37381837
1.2161816,1.4861816,2.3161817,7.7961817,7.846182,5.9661818,2.8961816,1.2261816,-0.23381835,-2.9338183,-2.3438184,-2.7738183,1.4661816,-2.1638184,4.5861816,5.846182,5.5861816,-2.6138184,-2.8938184,-2.5938184,-2.5738184,-2.0938184,-1.8638184,-1.7038183,-1.9638183,-2.0938184,-1.9738183,1.1561817,2.2661817,0.83618164,-1.6638184,-4.7138186,-1.0738183,-4.9838185,-3.7138183,-3.6838183,-2.7738183,-0.53381836,-1.5738183,-4.1838183,7.0161815,2.6761816,-0.25381836
0.23618165,1.3761816,-0.90381837,0.43618163,-1.1538184,-1.1338184,7.0161815,3.3661816,1.0961816,-3.4838183,-4.323818,-4.5638185,-5.1438184,-2.0938184,-5.2838182,-5.7038183,-6.0138183,-4.8938184,-7.4338183,-3.1938183,-3.9638183,-3.0138183,-3.1538184,-1.6638184,-1.4938184,-1.0538183,-0.5738184,2.3961816,1.5761817,3.4261816,2.6561816,2.4461815,1.8361816,4.2261815,-2.5538185,-3.8138185,-1.6038184,1.2961817,0.48618165,-1.1438184,-2.2638183,1.1761817,-2.7638183
-0.24381836,-0.6338184,-2.6338184,-2.2038183,-0.5738184,-1.9938184,-1.7838184,-3.1638184,-3.6138184,-4.7738185,-6.1838183,-4.653818,-3.0838184,-4.7438183,-6.0138183,-7.9938183,-6.8138185,-4.8538184,-6.1238184,-3.9038184,-1.6938183,-1.5438184,-2.9338183,-2.2138183,0.11618164,-2.1138184,1.1461816,2.2061815,1.5561817,6.4561815,1.8161817,1.2361816,2.5661817,-2.1738183,-0.39381835,-3.6938183,-3.5538185,-2.5838184,-1.2138183,-0.10381836,0.32618165,-1.0638183,-0.60381836
-0.30381835,2.3861816,0.52618164,-3.4338183,-0.65381837,1.0161816,-2.7238183,-4.053818,-3.8038185,-3.4338183,-3.8438184,-2.8738184,-3.6038184,-3.5538185,-4.7338185,-5.2538185,-5.3938184,-6.863818,-2.9438183,-6.1038184,-0.53381836,-1.7638184,1.8761816,-1.5638183,-1.7038183,-8.153818,-6.633818,4.116182,2.9161816,7.406182,4.116182,3.2161818,2.8061817,-3.0538185,-2.9238183,-3.6638184,-3.8538184,-2.0738184,-1.1538184,-4.0238185,-2.8738184,-1.1738183,2.1461816
0.23618165,-1.0238184,-0.31381837,-0.13381836,0.31618163,-1.1738183,-2.1438184,-2.6138184,-4.9938183,-3.8338184,-4.9738183,-6.4238186,-3.8538184,-2.5938184,-2.8338184,-3.9038184,-2.7738183,-5.883818,1.2861817,-1.4838184,-2.1338184,0.84618163,0.82618165,-0.0038183595,-2.7938185,1.2161816,1.8561816,-0.50381833,-5.5238185,-0.39381835,-1.0138184,-0.49381837,1.0061816,-0.35381836,-0.79381835,-1.4938184,-3.5738184,-2.4038184,0.40618163,1.6261816,-0.30381835,-2.2138183,-2.6538184
0.6161816,-0.08381836,0.20618165,0.65618163,-1.1538184,-2.2938185,-2.8738184,-2.5938184,-3.2738183,-4.3938184,-3.0238183,-2.4638183,-1.2238183,-4.0138183,-4.133818,-2.6138184,-1.6738183,-0.68381834,-3.0038183,-5.4738183,4.7961817,7.7161818,-2.5338182,-2.5738184,6.5561814,11.366181,2.2961817,3.1361816,-0.5838184,1.8861816,1.9761816,2.7861817,2.1361816,-0.12381836,-1.5638183,-3.4238183,-3.6538184,-4.383818,-2.9538183,-2.2738183,-3.1038184,-2.7538183,-2.8338184
2.4561815,1.2661816,0.46618164,0.0061816406,0.63618165,2.5061817,0.7861816,-2.1338184,-2.9338183,-3.3738184,-3.3638184,-1.3838184,-0.99381834,-2.1338184,-3.1838183,-2.4238183,-3.1438184,2.6761816,-1.6138184,-7.9238186,-3.6638184,-3.4438183,-3.3138185,3.8661816,3.5861816,1.6661817,2.6361816,4.136182,3.0161817,3.4761817,3.4861817,4.2761817,2.6861815,0.06618164,-1.5338184,-1.8638184,-1.5238184,-3.2638183,-3.0838184,-1.6138184,-1.4338183,-2.6738183,-0.59381837
2.8761816,1.1961817,0.9861816,1.0661817,1.0561817,0.90618163,0.19618164,-2.1238184,-1.9738183,-2.7338183,-3.2538183,-2.4638183,-0.85381836,-1.6638184,-1.4338183,-2.9838183,-3.0638185,-2.7038183,-4.0438185,-3.5738184,-2.2638183,-5.8938184,-5.0638185,0.90618163,2.8861816,3.7661817,2.7561817,5.5561814,3.0561817,3.8661816,4.4361815,3.5861816,3.2761817,1.9461817,0.48618165,0.43618163,-0.04381836,-1.4638183,-1.9138184,-1.6438184,-2.3138185,-0.92381835,-1.2838184
2.4861817,1.6961817,1.8761816,1.9661816,1.9561816,0.9861816,0.35618165,0.37618163,-1.0838183,-1.3938184,-0.7738184,0.12618165,-1.3038183,-1.6938183,-2.0038183,-2.5338182,-1.8438183,-2.9538183,-3.0138183,-4.0438185,-4.9138184,-3.0438185,-0.5838184,-3.6738183,-0.6438184,4.2261815,1.8661816,2.5361817,1.8961816,2.9661818,4.1461816,3.7161818,3.1761816,2.1861815,1.6861817,-2.0138183,-1.4938184,1.4361817,0.05618164,-0.98381835,-0.8238184,-1.3138183,-2.5638185
3.5061817,3.3361816,2.7261817,3.1061816,-0.41381836,0.96618164,1.4561816,0.8661816,-0.60381836,-0.8938184,-0.29381835,1.3361816,-0.41381836,1.9961816,0.22618164,-1.0438184,-1.0838183,-3.2638183,-3.6238184,-4.2938185,-4.7738185,-2.6138184,1.3861816,1.4961816,1.8361816,1.5861816,2.2661817,2.9761817,3.6761816,3.3061817,1.9861816,1.5561817,-0.23381835,-2.7438183,-3.7538183,-3.1038184,-0.41381836,0.03618164,-0.31381837,-1.0538183,-0.53381836,-0.7138184,-1.0938183
