wind_kz.json
{"header": {"discipline":0,"disciplineName":"Meteorological products","gribEdition":2,"gribLength":1025,"center":7,"centerName":"US National Weather Service - NCEP(WMC)","subcenter":0,"refTime":"2023-09-23T18:00:00.000Z","significanceOfRT":1,"significanceOfRTName":"Start of forecast","productStatus":0,"productStatusName":"Operational products","productType":1,"productTypeName":"Forecast products","productDefinitionTemplate":0,"productDefinitionTemplateName":"Analysis/forecast at horizontal level/layer at a point in time","parameterCategory":2,"parameterCategoryName":"UnknownDiscipline_0_Category_2","parameterNumber":3,"parameterNumberName":"UnknownParameter_D0_C2_3","parameterUnit":"Unknown","genProcessType":2,"genProcessTypeName":"Forecast","forecastTime":180,"surface1Type":103,"surface1TypeName":"Specified height level above ground","surface1Value":10.0,"surface2Type":255,"surface2TypeName":"Missing","surface2Value":0.0,"gridDefinitionTemplate":0,"gridDefinitionTemplateName":"Latitude_Longitude","numberPoints":615,"shape":6,"shapeName":"Earth spherical with radius of 6,371,229.0 m","gridUnits":"degrees","resolution":48,"winds":"true","scanMode":64,"nx":41,"ny":15,"basicAngle":0,"lo1":47.0,"la1":41.0,"lo2":87.0,"la2":55.0,"dx":1.0,"dy":1.0}, "data":
[rows 0 to 14 of 15, columns 0 to 40 of 41]
-0.99324465,1.8367554,2.2467554,6.3667555,3.8067553,0.68675536,2.2167554,2.5067554,0.7367554,1.7267554,0.80675536,1.4267554,1.5867554,0.9167554,0.37675536,-0.04324463,0.116755374,-1.2232447,-3.0932446,-2.1232445,-0.46324462,-3.4132447,-1.1432446,0.17675537,0.17675537,-0.45324463,-1.7432446,1.6667553,-1.6832446,-2.7932446,-1.5732446,3.7467554,0.9067554,1.5367553,1.8067554,2.3667555,-1.1332446,-0.92324466,2.9967554,3.8467553,-3.5432446
-0.87324464,-1.3332447,8.136755,7.5367556,5.3567553,4.0367556,3.0467553,3.5267553,2.5867553,1.8367554,1.8767554,1.4267554,1.6567553,1.1167554,-0.20324463,0.39675537,0.25675538,-0.17324463,-1.6032447,-2.5332446,-0.8532446,-3.0832446,-2.8232446,-0.47324464,2.1467555,1.3267554,2.7367554,-0.31324464,-0.08324463,0.5967554,-1.7932446,-0.45324463,0.9567554,2.4667554,3.5267553,2.2867553,-2.5932446,-4.3632445,1.2367554,1.8567554,1.2167554
-3.1332445,5.7767553,7.3167553,6.646755,5.2667556,5.1567554,4.416755,3.6267555,4.5667553,3.6967554,2.4067554,2.4467554,1.7867553,1.2667553,0.30675536,0.7167554,0.29675537,-0.93324465,-1.6632446,-0.46324462,-1.0932447,-2.6132445,-3.0332446,-1.0332446,-2.0232446,-1.8132446,-1.1232446,-0.7632446,1.8567554,-0.7232446,-2.3032446,-2.3832445,-2.6932447,-2.1432447,0.08675537,-1.8032446,-2.6632447,-4.3032446,-1.2532446,4.646755,3.9367554
5.9967556,6.456755,6.3067555,6.166755,5.976755,6.706755,6.0067554,5.146755,4.8267555,4.416755,3.8867555,2.7567554,2.1667554,1.7967553,1.8567554,1.1767554,-0.053244628,-0.32324463,-1.4732447,-2.1432447,-1.2532446,-1.8932446,-0.16324463,-0.6032446,-1.3332447,0.62675536,2.8667555,0.33675537,-1.2032447,-0.34324464,-3.2132447,-1.3032446,3.0567553,0.56675535,1.6867554,0.6467554,1.5967554,-0.9732446,-2.5432446,-2.5232446,-3.9332447
6.7967553,6.7467556,6.2667556,4.186755,5.186755,6.0867553,5.0867553,5.476755,5.5667553,5.0367556,4.8667555,3.9667554,3.4367554,2.6467555,1.8067554,1.4067553,1.1067554,0.20675537,-1.0132446,-1.3632447,-0.62324464,0.29675537,-0.11324463,0.69675535,0.26675537,0.44675538,2.0267553,-0.003244629,0.41675538,-1.9732447,-2.5432446,-1.8232446,-1.2032447,-1.9432446,1.1067554,0.81675535,4.0167556,2.4667554,1.3667554,-1.2132447,-1.0732446
5.5967555,5.4267554,5.1967554,5.2667556,6.2167554,5.9967556,5.6067553,5.4667554,5.3567553,4.5767555,5.0167556,4.6067553,3.8667555,3.2867553,2.4167554,1.7467554,1.2167554,0.62675536,-0.23324463,-1.0732446,-0.6432446,-0.38324463,0.25675538,1.2767553,1.5767554,1.7967553,1.6667553,3.2867553,-0.69324464,-2.8532445,-0.86324465,-1.3532447,-0.69324464,0.92675537,1.6567553,-5.123245,-2.5432446,-5.4832444,-4.4432445,0.46675536,1.0167553
3.0567553,4.2467556,5.2867556,5.646755,6.7667556,6.8367553,6.7467556,6.2367554,5.4267554,5.0867553,4.8067555,4.3667555,3.6267555,3.0867553,2.4367554,2.1067553,1.8267554,1.1067554,1.2467554,0.28675538,-0.28324464,-0.03324463,-0.19324464,-0.39324462,1.9067553,1.0567554,0.29675537,1.2967553,2.4067554,-0.9632446,-1.8232446,-2.5132446,-3.1232445,0.67675537,1.7867553,0.23675537,2.9167554,3.4967554,-0.29324463,0.35675538,-4.3032446
2.0167553,3.1867554,4.2167554,4.9867554,5.9667554,6.396755,6.186755,6.4667554,5.7467556,5.0767555,4.396755,3.6867554,2.8967555,2.3167553,1.7167554,1.3667554,1.4667554,1.8867553,2.7267554,2.4067554,0.7767554,1.2767553,2.0267553,1.9567554,1.9267554,1.2167554,-0.30324462,-0.20324463,0.6667554,0.076755375,-0.45324463,-0.8532446,-2.0732446,-2.6932447,2.4867554,-0.6432446,-1.2732446,-1.4132446,-0.7832446,0.62675536,-1.1532446
3.4567554,3.6667554,3.4167554,4.2967553,5.3167553,5.6367555,5.7967553,5.7367554,4.6367555,4.2167554,3.2867553,3.3267553,1.9967554,2.0467553,0.94675535,0.62675536,1.0867554,1.2767553,2.2967553,2.9167554,2.8767555,1.1967554,2.1967554,3.4167554,4.4667554,2.8667555,1.8867553,1.6867554,2.1367555,0.20675537,1.2567554,1.2867553,0.32675537,2.4167554,-0.12324463,-2.5932446,1.1167554,0.21675538,0.38675538,-0.82324463,1.4067553
3.8167553,4.2767553,4.4667554,4.6167555,4.8867555,5.126755,5.0867553,4.7667556,4.7667556,4.4467554,3.4367554,2.8667555,2.4267554,1.1167554,0.7267554,0.25675538,0.6067554,0.94675535,1.6367553,2.0167553,3.0867553,1.8867553,1.1567553,2.2767553,3.6267555,3.9967554,4.9067554,4.0567555,2.4467554,3.3767555,3.0667553,1.6367553,1.7167554,3.5867553,3.4167554,1.3867553,-0.30324462,0.7867554,2.3567553,1.8667554,1.6767554
4.396755,4.8367553,4.7967553,4.6367555,4.896755,5.0267553,5.206755,5.3267555,4.5067554,3.9367554,3.9267554,3.1967554,1.5367553,2.2667553,0.5867554,0.7367554,0.5267554,0.43675536,1.1367553,2.0567553,2.2067554,1.6967554,1.5167553,2.3367553,3.2367554,3.4667554,3.5167553,3.6767554,4.2467556,4.0367556,4.2767553,3.5867553,3.4467554,4.0767555,4.0767555,3.9167554,1.9167553,1.6967554,0.116755374,1.1267554,0.40675536
3.5867553,3.8967555,4.5267553,4.6067553,4.5167556,4.8167553,4.8667555,4.7167554,4.3667555,3.7667553,3.6667554,2.7067554,2.1467555,2.2067554,1.9967554,1.3767554,1.0667554,0.7767554,1.9967554,1.7467554,2.0167553,1.3767554,1.8467554,2.7167554,3.4367554,4.1167555,4.7767553,2.8867555,3.1467555,4.6967554,4.5667553,4.8267555,4.0867553,5.436755,3.9167554,3.1767554,4.3567553,2.8167553,2.2767553,0.30675536,-1.1232446
1.7967553,3.5567553,4.0267553,3.8267553,3.9167554,3.2167554,4.2167554,4.9267554,5.626755,5.1067553,2.2467554,1.9067553,2.8567553,2.5367553,2.1467555,1.7967553,2.0467553,2.1067553,2.2067554,2.3967555,2.9667554,2.8767555,2.4767554,2.1767554,1.9967554,3.7667553,3.2367554,3.6367555,4.0267553,4.5167556,5.3267555,5.5367556,5.1767554,4.8067555,4.9867554,4.4067554,3.4667554,1.7467554,2.1567554,1.5867554,2.0067554
3.3967555,2.2567554,1.8067554,3.1567554,3.7567554,4.8167553,5.2367554,4.8567553,5.0367556,5.1067553,3.3767555,1.8967553,1.8867553,3.4567554,2.3867555,2.3967555,2.3967555,2.5367553,2.4867554,3.1267555,2.8667555,3.2967553,2.9567554,2.6467555,3.7167554,2.4167554,3.0167553,4.4967556,4.7167554,5.376755,5.3867555,5.6367555,5.146755,5.2967553,4.2467556,3.9967554,2.3667555,1.9767554,1.9167553,2.0267553,2.8367553
0.18675537,2.4567554,4.7767553,2.8167553,3.0467553,3.3867555,3.3167553,3.7567554,3.5067554,3.3767555,3.8767555,4.3067555,2.5467553,1.4067553,3.0967553,3.0967553,2.9367554,2.9067554,2.8067553,2.9367554,3.0667553,3.7167554,4.0467553,4.126755,2.9767554,2.8167553,3.4867554,4.4067554,5.0567555,5.5967555,6.126755,6.5867553,5.5367556,5.2567554,4.4267554,3.4767554,2.6067553,2.3967555,0.61675537,1.5667554,2.3267553
