wind_kz.json
{"header": {"discipline":0,"disciplineName":"Meteorological products","gribEdition":2,"gribLength":871,"center":7,"centerName":"US National Weather Service - NCEP(WMC)","subcenter":0,"refTime":"2023-09-07T12:00:00.000Z","significanceOfRT":1,"significanceOfRTName":"Start of forecast","productStatus":0,"productStatusName":"Operational products","productType":1,"productTypeName":"Forecast products","productDefinitionTemplate":0,"productDefinitionTemplateName":"Analysis/forecast at horizontal level/layer at a point in time","parameterCategory":0,"parameterCategoryName":"UnknownDiscipline_0_Category_0","parameterNumber":0,"parameterNumberName":"UnknownParameter_D0_C0_0","parameterUnit":"Unknown","genProcessType":2,"genProcessTypeName":"Forecast","forecastTime":180,"surface1Type":1,"surface1TypeName":"Ground or water surface","surface1Value":0.0,"surface2Type":255,"surface2TypeName":"Missing","surface2Value":0.0,"gridDefinitionTemplate":0,"gridDefinitionTemplateName":"Latitude_Longitude","numberPoints":615,"shape":6,"shapeName":"Earth spherical with radius of 6,371,229.0 m","gridUnits":"degrees","resolution":48,"winds":"true","scanMode":64,"nx":41,"ny":15,"basicAngle":0,"lo1":47.0,"la1":41.0,"lo2":87.0,"la2":55.0,"dx":1.0,"dy":1.0}, "data":
[rows 0 to 14 of 15, columns 0 to 40 of 41]
289.8668,280.76678,283.0668,297.5668,297.8668,296.3668,295.76678,295.3668,293.9668,296.76678,295.26678,296.1668,294.8668,294.4668,291.76678,289.9668,290.3668,290.3668,289.9668,290.3668,292.3668,288.5668,287.6668,285.9668,288.9668,290.1668,288.26678,275.26678,272.4668,273.76678,274.26678,276.8668,285.5668,290.1668,290.9668,290.9668,290.3668,290.9668,290.3668,289.76678,289.8668
269.3668,284.26678,296.8668,297.26678,297.26678,295.5668,293.8668,293.8668,292.76678,292.0668,294.4668,293.8668,292.6668,292.3668,289.1668,288.5668,288.26678,288.5668,287.9668,288.4668,289.9668,289.8668,288.9668,285.0668,275.1668,274.26678,282.76678,274.4668,274.26678,271.0668,277.1668,271.5668,279.26678,258.6668,275.1668,288.9668,287.26678,290.9668,292.26678,283.9668,283.9668
285.76678,296.5668,297.4668,297.26678,294.76678,290.26678,292.4668,292.76678,291.8668,291.76678,290.1668,292.9668,290.26678,289.8668,290.1668,287.3668,286.9668,285.8668,285.76678,286.8668,290.76678,290.4668,290.4668,283.5668,284.6668,284.5668,285.26678,283.9668,283.8668,279.4668,272.6668,274.76678,278.8668,277.9668,280.4668,279.8668,272.6668,273.4668,275.1668,271.3668,271.5668
287.6668,296.1668,297.1668,296.1668,292.6668,288.5668,289.76678,290.6668,291.9668,292.1668,291.26678,291.3668,293.4668,292.76678,289.6668,289.8668,288.5668,286.8668,286.8668,287.0668,290.0668,282.9668,286.76678,287.26678,287.4668,287.5668,287.76678,286.3668,282.8668,282.8668,283.8668,282.4668,286.76678,282.4668,284.5668,282.3668,271.6668,271.76678,275.0668,282.5668,285.8668
290.3668,294.76678,295.76678,294.3668,290.9668,287.3668,289.1668,291.26678,290.8668,291.3668,291.3668,290.76678,292.8668,291.5668,289.76678,288.6668,288.6668,287.6668,286.3668,288.3668,287.9668,287.4668,286.4668,286.1668,286.0668,286.4668,284.76678,287.5668,283.5668,283.76678,285.4668,280.0668,275.76678,269.6668,276.3668,283.9668,288.76678,287.9668,287.3668,287.9668,287.4668
286.6668,287.26678,293.4668,293.1668,293.3668,292.76678,287.8668,289.26678,289.4668,290.26678,290.4668,291.5668,292.0668,292.8668,290.26678,288.1668,289.0668,287.76678,288.3668,288.0668,286.76678,285.8668,285.5668,284.9668,284.1668,282.76678,284.0668,291.4668,285.6668,285.6668,284.5668,285.5668,282.5668,279.5668,278.8668,283.8668,275.6668,279.0668,284.1668,286.4668,285.4668
285.76678,288.6668,288.26678,288.76678,289.4668,285.5668,288.4668,288.9668,289.3668,290.8668,290.0668,290.9668,289.4668,288.6668,288.3668,288.76678,288.0668,288.4668,287.76678,286.9668,285.26678,285.1668,285.1668,285.26678,283.8668,283.76678,282.5668,283.26678,282.9668,282.9668,282.9668,282.76678,283.0668,283.3668,283.26678,281.8668,277.6668,273.26678,269.76678,270.4668,280.3668
285.9668,285.9668,289.6668,289.4668,288.9668,287.6668,286.76678,289.0668,288.4668,288.76678,288.76678,288.76678,288.76678,288.3668,287.5668,286.9668,286.76678,287.1668,286.9668,284.8668,283.8668,283.9668,283.6668,283.76678,282.76678,280.0668,280.4668,280.8668,279.5668,284.76678,280.5668,280.26678,279.76678,277.4668,276.76678,278.26678,280.9668,289.26678,281.8668,281.76678,277.26678
286.4668,286.9668,285.76678,287.4668,288.9668,286.9668,285.76678,287.1668,288.76678,287.26678,287.1668,287.8668,287.6668,287.4668,286.5668,285.8668,285.9668,285.9668,285.1668,283.9668,281.9668,281.6668,282.3668,282.26678,280.76678,281.26678,278.5668,278.4668,276.9668,278.5668,281.1668,282.1668,278.5668,279.26678,277.3668,276.3668,277.8668,276.9668,266.4668,269.26678,268.6668
284.0668,287.9668,287.3668,286.76678,285.9668,287.26678,286.0668,287.1668,287.6668,287.1668,287.26678,286.9668,286.76678,285.4668,286.0668,286.26678,286.9668,285.26678,284.0668,283.5668,282.4668,282.1668,282.9668,282.5668,285.4668,284.6668,284.1668,283.76678,280.5668,279.6668,278.5668,284.1668,281.26678,280.5668,278.4668,277.1668,276.5668,273.5668,270.8668,268.1668,268.6668
283.6668,280.8668,284.4668,284.3668,283.4668,286.1668,286.8668,286.9668,287.6668,287.4668,285.9668,285.0668,282.9668,284.4668,285.3668,285.8668,284.3668,286.4668,283.6668,282.5668,286.0668,286.26678,284.76678,282.8668,283.3668,284.6668,282.8668,284.26678,284.9668,282.4668,282.1668,284.8668,281.76678,281.1668,279.8668,276.6668,274.3668,271.4668,270.6668,273.3668,271.3668
283.3668,283.0668,283.0668,283.0668,283.26678,284.8668,283.6668,284.9668,283.8668,286.4668,284.4668,282.9668,284.6668,284.9668,283.5668,285.4668,284.4668,285.76678,283.26678,282.0668,284.4668,284.4668,283.4668,282.8668,283.26678,284.6668,285.1668,286.5668,286.4668,283.3668,282.0668,281.9668,281.9668,280.9668,280.76678,280.0668,279.76678,277.9668,277.76678,277.4668,277.3668
281.3668,281.9668,281.8668,282.1668,282.1668,282.9668,284.3668,284.9668,284.4668,281.1668,279.3668,278.6668,283.5668,281.26678,283.3668,282.1668,281.9668,283.8668,284.6668,284.0668,285.1668,282.5668,282.6668,283.6668,284.1668,285.5668,287.0668,286.8668,286.5668,281.5668,281.6668,281.4668,281.4668,281.1668,281.0668,280.76678,280.3668,280.8668,279.76678,278.6668,278.3668
279.4668,282.8668,286.1668,282.76678,282.0668,283.8668,282.8668,283.0668,284.8668,281.26678,278.5668,277.5668,278.5668,280.0668,280.6668,282.4668,281.76678,281.26678,284.6668,285.8668,285.76678,283.5668,284.9668,281.6668,286.4668,286.8668,287.1668,287.26678,287.1668,286.9668,285.76678,282.0668,281.0668,284.76678,280.8668,280.26678,280.26678,279.9668,279.3668,278.8668,277.9668
280.5668,281.6668,288.3668,282.1668,283.9668,284.26678,284.76678,282.5668,285.4668,280.5668,281.26678,278.0668,278.3668,278.4668,279.4668,280.9668,280.9668,280.76678,284.76678,284.26678,284.26678,284.1668,281.26678,280.76678,285.26678,281.8668,281.4668,281.3668,281.4668,281.4668,281.9668,285.3668,285.8668,286.26678,284.5668,285.26678,285.3668,279.4668,283.4668,278.9668,278.9668
