wind_kz.json
{"header": {"discipline":0,"disciplineName":"Meteorological products","gribEdition":2,"gribLength":1025,"center":7,"centerName":"US National Weather Service - NCEP(WMC)","subcenter":0,"refTime":"2023-09-21T00:00:00.000Z","significanceOfRT":1,"significanceOfRTName":"Start of forecast","productStatus":0,"productStatusName":"Operational products","productType":1,"productTypeName":"Forecast products","productDefinitionTemplate":0,"productDefinitionTemplateName":"Analysis/forecast at horizontal level/layer at a point in time","parameterCategory":2,"parameterCategoryName":"UnknownDiscipline_0_Category_2","parameterNumber":3,"parameterNumberName":"UnknownParameter_D0_C2_3","parameterUnit":"Unknown","genProcessType":2,"genProcessTypeName":"Forecast","forecastTime":300,"surface1Type":103,"surface1TypeName":"Specified height level above ground","surface1Value":10.0,"surface2Type":255,"surface2TypeName":"Missing","surface2Value":0.0,"gridDefinitionTemplate":0,"gridDefinitionTemplateName":"Latitude_Longitude","numberPoints":615,"shape":6,"shapeName":"Earth spherical with radius of 6,371,229.0 m","gridUnits":"degrees","resolution":48,"winds":"true","scanMode":64,"nx":41,"ny":15,"basicAngle":0,"lo1":47.0,"la1":41.0,"lo2":87.0,"la2":55.0,"dx":1.0,"dy":1.0}, "data":
[rows 0 to 14 of 15, columns 0 to 40 of 41]
1.0943854,1.0343853,-2.3656147,0.034385376,0.3443854,-2.5856147,-0.41561463,0.63438535,-0.25561464,-1.7456146,-3.4956145,-3.5956147,-4.1656146,-4.5056148,-5.2256145,-5.4156146,-6.0056148,-2.9156146,-6.4356146,-5.8356147,-5.4956145,-5.155615,-4.7856145,-1.3556147,1.9443854,6.1743855,2.3743854,2.5343854,-3.4956145,-1.2656146,-1.5356146,0.38438538,-0.9856146,-0.075614624,-0.3456146,0.41438538,0.22438538,2.4943855,0.3743854,-0.23561463,0.20438537
0.21438538,0.87438536,1.4043853,1.8443854,-2.1656146,-0.43561462,-0.6756146,0.26438537,-0.4056146,-1.3456147,-1.5756146,-3.2656145,-4.2256145,-4.155615,-5.3256145,-5.8356147,-4.7856145,-5.695615,-6.8556147,-7.3856144,-6.5156145,-4.3456144,-2.9356146,-0.9556146,2.3943853,2.2443855,1.1743854,4.2243853,3.4043853,1.8443854,0.74438536,-0.68561465,2.2443855,-0.8356146,-2.5156145,0.4343854,0.36438537,2.3043854,1.7743853,0.7143854,-1.5456146
1.9343854,4.1143856,3.2343855,2.3043854,1.9143853,1.6643853,1.2243854,1.1243854,1.0643854,-0.27561462,-2.1856146,-3.2056146,-4.5256147,-4.5356145,-4.8156147,-5.445615,-5.5656147,-6.1456146,-7.1856146,-8.435615,-8.295614,-1.4856147,-6.405615,-2.5556147,-4.5656147,-3.9056146,-4.0756145,-4.8656144,-3.6956146,-0.9056146,-2.0056145,-1.5056146,-1.8156146,-4.3356147,-2.7656145,-2.1656146,-3.2556145,-4.9756145,-3.0156145,0.56438535,0.38438538
1.9143853,3.4243853,2.7843854,2.5543854,2.0343854,2.0443854,2.2343855,1.4443854,0.62438536,0.67438537,-0.24561462,-2.9856145,-4.2656145,-5.8956146,-4.3956146,-4.425615,-4.8956146,-5.6856146,-6.6456146,-7.6356144,-7.655615,-3.1856146,-4.6856146,-4.9556146,-4.4756145,-4.2656145,-4.4156146,-2.0956147,-3.4756145,-2.9756145,-4.0056148,-4.0156145,1.8243854,7.1543856,3.4743853,1.0043854,2.7443855,2.4443853,-2.2756147,-1.8056146,-3.9556146
1.5243853,1.0943854,1.0143853,0.74438536,0.8943854,1.1543853,1.4543854,1.0343853,1.4443854,1.0943854,0.5443854,-0.8456146,-2.9956145,-4.215615,-4.5156145,-4.7556148,-5.1456146,-5.0556145,-5.0256147,-5.8056145,-5.8256145,-5.235615,-5.2056146,-5.1156144,-4.465615,-4.485615,-4.2656145,-6.425615,-5.9356146,-5.425615,-3.4456146,1.1043854,2.2043853,0.32438537,-0.69561464,-3.2956147,-6.1856146,-7.7056146,-9.445615,-8.945615,-5.8456144
2.5343854,2.1643853,1.6743854,1.7043854,1.5943854,1.1443853,1.3943853,0.88438535,0.30438536,0.8243854,0.5243854,0.68438536,-1.4456146,-3.1456146,-5.3756146,-4.3956146,-4.8156147,-4.6256146,-4.8456144,-4.735615,-4.965615,-5.3756146,-5.6356144,-5.5656147,-5.0056148,-4.3956146,-4.5856147,-1.6456146,-5.1656146,-5.0556145,-4.405615,-3.5556147,-5.3056145,-1.0756146,2.5543854,-3.3456147,0.08438537,-1.7956146,-1.5856147,-3.7356145,-1.9056146
2.5243855,2.3043854,3.0343854,2.8743854,4.2543855,1.7543854,1.0543854,1.1843854,1.0843854,0.92438537,0.18438537,-0.45561463,-1.8356147,-2.8456147,-3.3656147,-3.8356147,-4.1656146,-4.675615,-4.735615,-3.7856147,-4.5356145,-4.7556148,-5.2856145,-5.425615,-5.6456146,-5.4556146,-5.3456144,-5.925615,-5.0056148,-5.7956147,-4.3956146,-4.945615,-8.035615,-7.985615,-5.7656145,0.7343854,1.3543854,0.38438538,-1.2356147,-0.20561463,-7.9956145
1.9443854,1.9943854,1.8543854,1.6543853,1.3543854,1.5143853,1.3943853,1.4543854,1.2743853,0.69438535,0.20438537,0.034385376,-1.1156147,-1.8256146,-2.4256146,-3.0356147,-3.3456147,-3.8256147,-4.2856145,-4.735615,-3.9356146,-4.4356146,-4.8856144,-5.0656147,-4.9756145,-5.0056148,-5.6356144,-5.7956147,-6.0256147,-5.405615,-5.3156147,-5.4956145,-5.0256147,-6.4356146,-6.5556145,-6.3956146,-5.1256146,-3.3056147,0.17438537,1.2943854,-1.3656147
1.7543854,1.4943854,1.5443854,1.2843853,1.0843854,1.1043854,1.2543854,0.5243854,0.86438537,0.28438538,0.114385374,-0.21561462,-0.29561463,-1.3056146,-2.3556147,-2.6956146,-2.9056146,-3.0456147,-3.1756146,-3.4256146,-3.4456146,-4.195615,-4.3956146,-4.7256145,-4.7456145,-4.7956147,-5.0456147,-4.8456144,-5.3456144,-5.2856145,-5.465615,-5.425615,-5.4356146,-4.5256147,-4.155615,-5.4756145,-5.8756146,-5.1456146,3.2443855,1.4243854,4.3843856
1.7543854,1.4543854,1.2143854,1.3243854,1.3843853,1.1443853,1.0243853,0.4343854,0.15438537,-0.6056146,-0.9056146,-1.0356146,-0.035614625,0.22438538,-0.2856146,-1.7556146,-2.1956146,-2.2256145,-2.5656147,-2.8656147,-3.0556147,-3.6056147,-3.5956147,-4.155615,-4.2556148,-4.6456146,-4.695615,-5.0256147,-5.0156145,-5.0156145,-4.945615,-4.965615,-4.6856146,-4.3956146,-3.9956145,-2.8556147,-2.4356146,-0.29561463,1.2943854,1.9243854,2.1543853
2.0543854,1.8543854,1.7643853,1.4643854,0.81438535,1.3743854,0.62438536,0.5443854,0.22438538,-0.44561464,-1.6556146,-1.4356146,-1.5556146,-0.7056146,0.36438537,0.054385375,-1.9756147,-1.7856146,-1.4956146,-1.9056146,-2.9756145,-3.8256147,-3.6956146,-3.0556147,-2.8956146,-3.5956147,-3.5556147,-4.2856145,-4.7256145,-4.3656144,-3.7856147,-4.1656146,-3.7456145,-2.9956145,-3.5156145,-2.1556146,-0.5256146,-1.8456147,-3.0556147,-2.7756147,-2.4256146
2.0343854,1.7143854,1.6043854,1.7043854,1.2543854,0.8443854,0.47438538,0.24438538,0.38438538,-0.09561463,-1.4656147,-1.6856146,-0.9056146,-1.1056147,-0.17561463,-0.025614625,-1.8056146,-1.5256146,-0.3756146,-1.4556146,-1.5356146,-1.3656147,-1.2656146,-1.4756147,-1.6656146,0.004385376,-0.7156146,-1.6756146,-2.6256146,-3.0856147,-2.4156146,-3.0156145,-2.6256146,-2.9856145,-1.8456147,-1.8756146,-0.94561464,-1.6556146,-0.74561465,-0.9556146,-0.6056146
1.4243854,2.1143854,2.1343853,1.2843853,1.1043854,0.45438537,0.7143854,0.18438537,-0.3156146,0.004385376,-0.3456146,-1.1156147,-0.33561462,-0.86561465,-0.5256146,-0.3456146,-1.4256146,-0.6056146,-0.08561462,0.13438538,-0.99561465,-1.5856147,-1.8256146,-2.7156146,-2.3056147,-3.2556145,-3.5256147,-2.5056145,-2.4256146,-0.55561465,-0.7156146,-1.2756146,-2.2656145,-3.1656146,-2.6256146,-2.2756147,-2.0756147,-0.81561464,-0.17561463,-0.29561463,0.6543854
0.6543854,1.1743854,1.7043854,1.2843853,1.5243853,1.4143853,1.4043853,0.7243854,0.31438538,0.50438535,0.36438537,-1.3556147,-1.0656146,1.6243854,0.044385377,0.19438538,-0.21561462,-1.1156147,-0.21561462,-0.19561462,-0.4056146,-1.6056147,-1.9756147,-2.1856146,-2.7556145,-3.6456146,-3.4056146,-3.2456145,-2.9856145,-2.8656147,-1.2256147,1.0243853,0.81438535,0.18438537,0.5843854,-0.4056146,-1.1156147,-1.3956146,-0.86561465,-0.20561463,-0.45561463
1.1043854,1.3943853,2.2143853,1.7443854,1.7143854,1.5843854,0.9743854,0.67438537,0.86438537,0.7743854,0.94438535,1.2243854,-0.39561462,-0.7156146,-1.5256146,-1.0756146,-0.8956146,-1.1256146,-0.8556146,0.36438537,-1.3956146,-1.8056146,-2.6356146,-2.2056146,-2.6456146,-3.6356146,-3.1756146,-3.4556146,-3.5756147,-3.5156145,-3.6856146,-4.5956144,-0.16561462,1.1443853,0.7343854,0.33438537,1.3143854,0.68438536,-0.09561463,-0.5256146,-0.38561463
