wind_kz.json
{"header": {"discipline":0,"disciplineName":"Meteorological products","gribEdition":2,"gribLength":1025,"center":7,"centerName":"US National Weather Service - NCEP(WMC)","subcenter":0,"refTime":"2023-08-27T12:00:00.000Z","significanceOfRT":1,"significanceOfRTName":"Start of forecast","productStatus":0,"productStatusName":"Operational products","productType":1,"productTypeName":"Forecast products","productDefinitionTemplate":0,"productDefinitionTemplateName":"Analysis/forecast at horizontal level/layer at a point in time","parameterCategory":2,"parameterCategoryName":"UnknownDiscipline_0_Category_2","parameterNumber":2,"parameterNumberName":"UnknownParameter_D0_C2_2","parameterUnit":"Unknown","genProcessType":2,"genProcessTypeName":"Forecast","forecastTime":0,"surface1Type":103,"surface1TypeName":"Specified height level above ground","surface1Value":10.0,"surface2Type":255,"surface2TypeName":"Missing","surface2Value":0.0,"gridDefinitionTemplate":0,"gridDefinitionTemplateName":"Latitude_Longitude","numberPoints":615,"shape":6,"shapeName":"Earth spherical with radius of 6,371,229.0 m","gridUnits":"degrees","resolution":48,"winds":"true","scanMode":64,"nx":41,"ny":15,"basicAngle":0,"lo1":47.0,"la1":41.0,"lo2":87.0,"la2":55.0,"dx":1.0,"dy":1.0}, "data":
[rows 0 to 14 of 15, columns 0 to 40 of 41]
0.2418042,1.8718042,-0.8981958,-6.628196,-3.2681959,-0.7081958,5.6018043,2.011804,2.9318042,2.6218042,3.4618042,4.7918043,5.201804,6.531804,7.221804,6.531804,7.2318044,8.561804,10.781804,11.051805,11.961804,0.071804196,-3.6881957,-1.1381958,4.9618044,6.6918044,7.591804,4.071804,1.1618042,-2.0081959,-0.4381958,-1.4081959,1.3618042,5.321804,-0.108195804,-2.1681957,0.1718042,0.3718042,-3.0181959,-1.2181958,-3.1281958
0.6518042,-3.0781958,-4.9981956,-3.4581957,-2.468196,1.3918042,3.8618042,2.2418041,4.7518044,4.2918043,5.071804,5.861804,5.681804,6.201804,7.281804,7.1018043,8.871804,8.541804,10.621804,12.181805,9.111804,8.801805,-1.2681957,1.7618042,1.7418042,2.3018043,2.7118042,2.9118042,3.9718041,1.9018042,-0.0381958,-0.8281958,-0.9781958,0.8218042,1.1018043,-0.4181958,0.2818042,-1.9981958,-1.0881958,-3.5981958,-0.7581958
-6.608196,-3.9181957,-1.0581958,0.9418042,0.8818042,6.661804,6.0418043,6.9618044,5.9818044,4.241804,4.741804,6.2318044,6.2318044,5.361804,6.661804,8.151804,8.611804,7.531804,8.621804,9.001804,10.771804,6.121804,-0.7381958,6.5418043,9.561804,-0.4781958,2.9018042,4.7918043,5.761804,1.1018043,1.2818042,-1.5881958,-1.1981958,-0.6381958,5.6018043,-0.5881958,0.4718042,2.1618042,0.1018042,-1.7681957,-2.1381958
-6.468196,-3.6681957,-3.2981958,-1.7881958,6.511804,4.0618043,4.0218043,6.201804,3.8518043,6.8118043,5.841804,6.8118043,5.651804,6.381804,8.471805,8.561804,9.171804,10.701804,11.661804,7.7118044,9.571804,11.571804,6.401804,0.5018042,4.681804,8.831804,3.1518042,2.9318042,8.041804,10.121804,5.131804,0.8618042,3.6118042,1.2618042,0.6618042,2.6418042,-0.4881958,-1.9181958,0.0818042,3.3818042,-7.0381956
-4.2081957,-2.218196,-0.9981958,-0.2281958,2.0418043,3.0518043,4.5018044,6.5418043,4.391804,4.901804,5.9218044,6.8318043,6.2118044,6.761804,9.5918045,10.921804,11.501804,9.621804,7.951804,9.681805,11.141804,9.031804,9.001804,-0.6381958,6.071804,4.641804,6.2118044,4.531804,11.641804,9.991804,7.7718043,4.9618044,-0.6381958,-0.9381958,-1.0681958,2.5418043,5.471804,0.6718042,-3.3581958,-4.378196,0.2618042
2.0718043,4.4218044,1.6418042,3.4518042,3.8118043,4.7318044,6.451804,6.051804,3.0418043,6.471804,5.701804,7.5218043,7.4818044,7.031804,9.651804,9.171804,6.0818043,8.451804,8.081804,7.4818044,9.281804,8.931805,4.5818043,3.4618042,5.9618044,4.971804,7.841804,6.141804,9.261805,9.661804,8.201804,6.281804,5.8118043,0.8518042,1.0118042,0.7518042,1.0418042,0.2118042,-3.738196,-1.9181958,0.4118042
4.641804,3.8418043,4.011804,4.741804,4.741804,6.031804,3.4818041,4.4418044,4.511804,3.531804,3.8018043,9.951804,4.891804,3.5718043,6.261804,0.9318042,6.701804,6.5818043,7.721804,7.141804,8.991804,7.431804,9.241804,8.381804,2.6618042,6.0418043,6.9618044,8.191804,5.261804,8.271804,9.051805,8.241804,9.371804,6.621804,1.8318042,-3.3381958,-0.6981958,0.1918042,-1.8581958,-1.3981957,-0.7681958
3.0918043,4.201804,4.4818044,4.681804,4.2918043,4.091804,4.881804,4.5618043,5.491804,2.6118042,5.3318043,7.051804,4.861804,3.8218043,4.2518044,1.3318042,3.2018042,-0.4981958,2.6318042,4.7318044,6.411804,8.061804,8.241804,4.6018043,3.6418042,5.321804,4.871804,6.8518043,3.1718042,5.5618043,6.491804,9.381804,8.421804,6.0418043,4.571804,3.021804,7.9418044,-0.4881958,4.551804,-4.6881957,-0.4081958
2.2318041,5.1918044,8.031804,6.761804,6.201804,4.6718044,6.431804,4.681804,3.3318043,4.971804,4.611804,5.341804,5.401804,4.0218043,1.9618042,3.9118042,3.1418042,-1.4181958,-1.1181958,1.5218042,5.6918044,9.621804,9.531804,5.1018043,0.9018042,1.7018042,3.9818041,3.6318042,4.5018044,3.8318043,4.9818044,5.9418044,7.641804,4.451804,-7.588196,1.9618042,-2.3481958,-2.2881958,-1.8781958,-0.5881958,-0.2781958
6.2718043,6.161804,8.141804,6.0618043,8.241804,4.6018043,2.0518043,4.681804,7.221804,5.5218043,5.7118044,6.281804,5.371804,2.8218043,3.2118042,4.8118043,2.3118043,0.4618042,-0.6581958,-0.6181958,1.5818042,7.0418043,7.1718044,3.2918043,1.2118042,-1.6181958,0.7018042,2.5518043,5.551804,6.2318044,-5.098196,-3.968196,-2.478196,-2.0381958,-3.9381957,-1.0481958,-1.9581958,-0.7081958,0.1618042,0.3118042,-0.4781958
5.9618044,7.2518044,7.621804,8.151804,4.571804,2.521804,2.1318042,6.6718044,7.2118044,4.091804,5.431804,6.161804,5.361804,4.321804,5.201804,1.9918042,2.3918042,1.3318042,-0.2481958,-3.5981958,1.6218042,-0.7481958,-5.698196,7.881804,-0.9081958,-0.9181958,1.0218042,8.621804,8.201804,0.6118042,-4.468196,-3.988196,-3.5381958,-3.3981957,-2.6581957,0.4518042,-0.2281958,-0.0781958,0.0918042,0.4018042,0.6118042
5.1918044,6.361804,7.491804,7.8118043,4.3118043,7.011804,5.5818043,5.721804,6.721804,4.891804,4.721804,7.051804,4.3518043,3.9318042,1.9918042,1.9718041,2.1918042,0.4518042,2.3218043,0.7918042,-1.8581958,-2.0081959,-0.3481958,-3.4181957,-2.0381958,-5.128196,7.411804,-1.1681958,0.5618042,-6.0781956,-4.098196,-4.568196,-2.3981957,-0.9481958,-2.5381958,-2.9081957,-4.698196,-3.6981957,-2.2781959,-1.6081958,-0.6681958
5.451804,6.381804,4.2118044,3.251804,6.491804,4.7918043,4.381804,5.841804,5.7718043,5.111804,3.2918043,3.0718043,5.071804,2.4618042,2.8618042,-0.0581958,-0.3981958,1.6618042,-0.0281958,-1.6981958,-1.9581958,-3.6481957,-2.0781958,-0.2181958,-2.0281959,-1.7081958,-2.8781958,-3.3181958,1.0318042,1.4718041,-5.0181956,-3.7081957,-3.6381958,-3.3281958,-1.4681958,-1.1581959,-1.5181957,-0.4681958,-2.2581959,-3.1181958,-1.2981958
4.611804,5.891804,5.301804,3.7418041,4.0418043,3.7218041,5.781804,5.8518043,4.861804,3.7318041,3.1418042,3.4918041,3.251804,2.771804,1.9318042,1.4218042,1.0118042,-0.8981958,-0.7681958,1.7018042,0.2718042,-2.3381958,-3.0181959,-3.238196,-1.1881958,-1.1681958,-1.6581959,-1.6981958,-4.9381957,-4.608196,-4.838196,-3.8381958,-3.6481957,-1.2681957,-2.8881958,-1.3981957,-0.9481958,-0.3281958,0.021804199,-0.8381958,0.8718042
3.3018043,5.181804,6.871804,5.071804,4.531804,3.2118042,3.8218043,6.321804,2.501804,3.6918042,1.1618042,3.001804,2.9318042,1.7518042,2.761804,0.4418042,1.6118042,-0.3681958,2.281804,0.9218042,-0.9581958,-3.8881958,-3.0181959,-2.3681958,-2.6381958,-2.3481958,-1.1081958,-0.9181958,-1.7381958,-4.7281957,-4.7281957,-4.298196,-3.1381958,-2.5181959,-3.3181958,-1.9981958,-0.4881958,-1.9081959,-1.7881958,-0.0481958,0.021804199
