wind_kz.json
{"header": {"discipline":0,"disciplineName":"Meteorological products","gribEdition":2,"gribLength":1025,"center":7,"centerName":"US National Weather Service - NCEP(WMC)","subcenter":0,"refTime":"2023-08-26T06:00:00.000Z","significanceOfRT":1,"significanceOfRTName":"Start of forecast","productStatus":0,"productStatusName":"Operational products","productType":1,"productTypeName":"Forecast products","productDefinitionTemplate":0,"productDefinitionTemplateName":"Analysis/forecast at horizontal level/layer at a point in time","parameterCategory":2,"parameterCategoryName":"UnknownDiscipline_0_Category_2","parameterNumber":2,"parameterNumberName":"UnknownParameter_D0_C2_2","parameterUnit":"Unknown","genProcessType":2,"genProcessTypeName":"Forecast","forecastTime":240,"surface1Type":103,"surface1TypeName":"Specified height level above ground","surface1Value":10.0,"surface2Type":255,"surface2TypeName":"Missing","surface2Value":0.0,"gridDefinitionTemplate":0,"gridDefinitionTemplateName":"Latitude_Longitude","numberPoints":615,"shape":6,"shapeName":"Earth spherical with radius of 6,371,229.0 m","gridUnits":"degrees","resolution":48,"winds":"true","scanMode":64,"nx":41,"ny":15,"basicAngle":0,"lo1":47.0,"la1":41.0,"lo2":87.0,"la2":55.0,"dx":1.0,"dy":1.0}, "data":
[rows 0 to 14 of 15, columns 0 to 40 of 41]
0.06699829,1.0569983,-2.0030017,-7.2230015,-9.583002,-10.293002,-11.513001,-11.923001,-11.533002,-9.503002,-8.853002,-8.023002,-7.7530017,-7.2330017,-6.7530017,-7.153002,-6.743002,-8.293002,-8.373002,-6.863002,-2.3430016,0.1869983,1.5169983,2.0169983,0.2869983,0.6769983,3.6869984,3.9469984,0.9369983,1.3769983,2.3669982,1.2469983,0.1969983,2.0769982,3.8369982,0.02699829,-1.6330017,-3.2030017,-2.1030016,-2.3330016,-7.9530015
1.2569983,-3.5330017,-10.463001,-10.103002,-10.253002,-8.463001,-10.323002,-10.403002,-10.043002,-8.733002,-8.103002,-7.033002,-6.7130017,-6.923002,-6.4730015,-6.8730016,-6.7130017,-7.4430017,-6.5230017,-4.303002,-5.0630016,-3.4530017,1.1769983,2.6869984,0.5869983,0.05699829,1.5269983,3.9669983,3.8769982,2.7269983,0.6869983,1.5069983,-0.89300174,2.0269983,-0.6930017,-5.553002,1.9369982,4.3969984,-0.58300173,-0.7230017,4.0369983
-5.3730016,-9.203002,-10.733002,-10.243002,-10.383001,-9.533002,-8.963001,-8.023002,-8.483002,-7.9630017,-7.653002,-7.2330017,-6.2530017,-6.0630016,-5.653002,-6.5830016,-7.3730016,-7.053002,-6.493002,-6.053002,-1.7130017,-8.533002,-8.423001,-8.833002,-3.3430016,-3.3230016,-0.7530017,0.5869983,3.8569982,-0.4330017,1.6769983,-1.8230017,-0.11300171,0.9969983,-1.1030017,0.4169983,-0.7930017,0.6369983,3.2569983,-0.08300171,-1.1030017
-9.643002,-10.963001,-10.333002,-9.4730015,-7.633002,-7.4630017,-6.7130017,-7.323002,-7.033002,-6.9430017,-7.363002,-7.6030016,-6.653002,-5.7330017,-6.653002,-6.0430017,-6.0630016,-6.5230017,-6.2230015,-6.2530017,-6.8930016,-7.4430017,-4.3730016,-5.9130015,-4.803002,-3.8930018,-2.4430017,-3.8830018,-3.3930018,-1.5230017,0.6169983,2.6669984,1.0169983,1.1969982,0.5369983,2.2269983,1.5569983,-0.09300171,0.1369983,0.3469983,0.1869983
-10.053001,-9.943002,-8.533002,-8.633001,-6.7130017,-6.4830017,-5.423002,-6.4530015,-6.7130017,-7.093002,-6.743002,-7.553002,-6.263002,-5.6430016,-4.153002,-6.0430017,-5.8730016,-5.5630016,-5.823002,-5.5430017,-5.8930016,-4.9630017,-4.093002,-3.0330017,-2.2730017,-2.6730018,-3.8730018,-1.0730017,-0.3930017,-1.4630017,-1.1030017,1.0669982,2.9969983,1.5769982,-2.3430016,-0.9230017,4.2769985,-2.7130017,1.7769983,2.2469983,0.1669983
-8.393002,-7.1830015,-7.6830015,-8.523002,-8.753002,-7.8730016,-6.9530015,-7.0030017,-6.533002,-5.9630017,-5.9730015,-5.6430016,-5.093002,-4.7130017,-3.8130016,-5.653002,-5.7130017,-5.073002,-4.533002,-4.633002,-4.6030016,-4.6930017,-2.8530016,-1.9630017,-2.1830018,-1.2730017,-1.4330018,-2.5830016,0.4169983,1.0369983,1.9569983,1.1769983,1.3969983,3.5669982,2.0569983,3.1669984,2.0969982,4.1669984,4.5269985,-0.16300172,0.91699827
-6.9830017,-5.8530016,-6.153002,-6.7130017,-7.5230017,-6.613002,-6.4130015,-5.513002,-5.363002,-4.2530017,-3.4030018,-3.4930017,-3.3130016,-3.1730018,-2.8130016,-2.5630016,-2.4730017,-2.1430018,-1.8430017,-1.9230018,-2.2130017,-2.5530016,-2.0730016,-1.2030017,-0.7830017,-0.38300171,-0.6330017,0.11699829,0.1869983,0.046998292,1.4469982,1.3369983,-0.6630017,1.2469983,2.9869983,3.9569983,2.1369982,-1.5630018,3.5369983,-1.1830018,3.2669983
-6.1430016,-6.513002,-5.7930017,-5.303002,-5.903002,-4.9630017,-4.243002,-3.2430017,-3.7130017,-3.5830016,-3.6330018,-3.4030018,-2.2230017,-1.1330017,-0.12300171,0.4469983,0.97699827,1.1269983,1.2969983,1.0269983,1.3369983,-0.08300171,-1.4830017,-1.5830017,-1.2530017,0.27699828,1.1069983,1.2469983,0.5569983,-0.13300171,0.23699829,1.3169982,2.2369983,-0.23300171,1.5669982,0.9969983,1.6369983,5.256998,6.5569983,7.5369983,4.966998
-4.823002,-5.3730016,-5.343002,-5.0030017,-4.0030017,-2.8730018,-2.4630017,-2.3330016,-1.9530017,-1.1630017,-0.7330017,-0.15300171,0.23699829,1.5869983,2.5169983,2.7969983,3.4469984,3.6569984,1.5369983,0.6369983,1.1069983,0.3469983,1.5069983,-0.4330017,-0.18300171,1.2569983,1.9269983,1.9969983,1.1369983,2.6369982,1.5969983,0.20699829,0.2569983,0.9269983,0.7569983,2.4869983,2.4569983,-0.64300174,-0.9030017,0.4269983,2.6069982
-5.6230016,-4.9430017,-4.8330016,-3.4630017,-2.4230018,-1.0330017,-1.5130017,-0.44300172,0.6969983,1.0269983,1.1669983,2.2269983,2.0769982,2.6469984,3.3669982,3.2269983,3.0669982,2.5969982,2.1469984,0.9669983,-0.9730017,0.7069983,1.3669983,2.1869984,1.4769983,1.4069983,0.8269983,1.6569983,2.4469984,3.2769983,2.6969984,2.2669983,1.6369983,2.6269982,4.0169983,3.1169982,1.9469982,0.8969983,1.0669982,0.7469983,1.1169983
-3.6730018,-3.3030016,-2.8430016,-1.9030017,-1.3030018,-0.3630017,0.3869983,0.5969983,0.8969983,1.2269983,1.8769983,2.6869984,2.0469983,3.0069983,2.2469983,2.1069982,2.7169983,1.2969983,1.1969982,0.1969983,1.8169982,0.7769983,2.9769983,0.1869983,0.97699827,1.0269983,1.8069983,1.0269983,1.4269983,2.1769984,2.6269982,4.1269984,4.256998,3.3269982,3.5269983,2.6269982,1.4969983,0.85699826,-1.5830017,0.09699829,0.6269983
-2.4730017,-1.2330017,-1.0730017,-0.6330017,-0.23300171,0.6969983,0.7469983,1.6569983,1.3669983,1.3469983,2.7169983,2.9069984,2.8669982,3.1869984,3.5369983,2.7969983,1.9369982,1.3069983,0.7569983,0.6469983,0.5269983,1.8569983,-0.23300171,0.85699826,0.49699828,0.6769983,0.8069983,1.2969983,1.5369983,1.8469983,0.8769983,1.5669982,1.8569983,3.2269983,3.5769982,2.2669983,3.3969984,-0.013001709,0.3869983,-0.4930017,0.3569983
-0.2730017,0.2569983,1.3969983,1.8069983,2.2069983,1.5969983,2.4669983,2.9869983,3.3369982,1.9569983,1.5569983,3.0869982,2.9969983,3.4669983,3.2169983,3.4969983,2.7969983,2.6369982,1.5469983,1.5869983,1.2769983,1.4969983,0.5769983,0.33699828,0.02699829,0.7469983,0.9969983,0.66699827,0.6369983,1.1869982,0.91699827,2.2569983,1.4469982,2.2569983,2.7669983,0.1969983,0.3769983,-0.52300173,0.91699827,-0.3530017,2.4869983
0.9369983,1.2869983,0.3969983,3.0269983,3.8069983,4.346998,4.466998,4.826998,4.716998,2.7869983,1.6069983,2.3069983,3.7169983,2.4069984,2.6869984,3.1969984,3.1769984,3.1769984,1.8969983,2.2469983,2.2769983,1.4169983,-0.4630017,-0.6730017,-0.44300172,0.5269983,0.14699829,0.30699828,0.09699829,-0.64300174,1.8069983,-0.05300171,0.03699829,-1.0030017,-0.8130017,-0.34300172,-2.3230016,-0.11300171,-0.3230017,1.3669983,1.2269983
-1.1830018,-1.0230017,-0.44300172,1.9569983,3.2169983,4.2769985,5.176998,4.756998,5.4169984,3.5569983,1.2469983,3.8369982,2.2869983,1.3569983,1.6969982,2.5769982,3.5269983,3.4569983,1.6269983,1.2869983,1.8669983,1.4069983,0.046998292,0.2869983,0.4769983,1.1569983,1.3569983,0.54699826,1.6469983,0.11699829,0.08699829,1.0769982,0.14699829,-0.8030017,-0.07300171,1.0669982,1.1169983,1.0969983,1.5869983,1.7769983,0.8269983
