wind.json
{"header": {"discipline":0,"disciplineName":"Meteorological products","gribEdition":2,"gribLength":1125,"center":7,"centerName":"US National Weather Service - NCEP(WMC)","subcenter":0,"refTime":"2023-05-30T00:00:00.000Z","significanceOfRT":1,"significanceOfRTName":"Start of forecast","productStatus":0,"productStatusName":"Operational products","productType":1,"productTypeName":"Forecast products","productDefinitionTemplate":0,"productDefinitionTemplateName":"Analysis/forecast at horizontal level/layer at a point in time","parameterCategory":2,"parameterCategoryName":"UnknownDiscipline_0_Category_2","parameterNumber":3,"parameterNumberName":"UnknownParameter_D0_C2_3","parameterUnit":"Unknown","genProcessType":2,"genProcessTypeName":"Forecast","forecastTime":120,"surface1Type":103,"surface1TypeName":"Specified height level above ground","surface1Value":10.0,"surface2Type":255,"surface2TypeName":"Missing","surface2Value":0.0,"gridDefinitionTemplate":0,"gridDefinitionTemplateName":"Latitude_Longitude","numberPoints":688,"shape":6,"shapeName":"Earth spherical with radius of 6,371,229.0 m","gridUnits":"degrees","resolution":48,"winds":"true","scanMode":64,"nx":43,"ny":16,"basicAngle":0,"lo1":45.0,"la1":40.0,"lo2":87.0,"la2":55.0,"dx":1.0,"dy":1.0}, "data":
[rows 0 to 15 of 16, columns 0 to 42 of 43]
-2.4125562,2.6374438,-0.56255615,0.32744384,1.0074439,4.0374436,2.0574439,-0.67255616,-2.6025562,-3.042556,-2.512556,-2.1625562,-1.4825561,-2.6225562,-3.472556,-3.9425561,-3.8925562,-3.502556,-3.1425562,-3.6825562,-3.522556,0.26744384,-0.86255616,1.9774438,0.7274439,1.7674439,0.87744385,4.347444,2.5874438,-0.54255617,0.68744385,-2.9425561,-1.2425561,-2.522556,-3.002556,0.9074438,1.2574439,3.4074438,2.3874438,1.9974438,3.3074439,1.2874439,0.21744385
1.8774438,-1.0925561,-0.51255614,-2.5625563,2.027444,6.637444,3.0574439,-0.50255615,-1.7825562,-0.56255615,-0.60255617,-0.43255615,-2.6125562,-1.8325561,-3.222556,-4.122556,-4.182556,-3.6225562,-2.9525561,-2.242556,-3.542556,-2.302556,-2.8825562,3.3374438,0.54744387,-1.1025561,-0.86255616,-1.5325562,-1.9625561,1.1974438,1.3774438,2.9374437,-1.3225561,-0.88255614,1.0674438,0.8374438,-1.6825562,1.9074439,-1.8525561,-0.31255615,1.7474438,-0.04255615,1.4174439
-0.55255616,-3.6225562,5.697444,1.3374438,0.5974438,3.8174438,2.007444,-1.5325562,-1.6325562,-2.3525562,-0.07255615,1.6274438,-0.7725561,-3.1125562,-3.6025562,-3.8725562,-4.9425564,-4.972556,-1.0425562,-1.1625562,-3.3925562,-3.3625562,-3.752556,-0.55255616,1.8774438,1.8874439,-0.64255613,-1.1425562,-2.4425561,1.8674438,0.9774439,2.257444,3.4174438,4.297444,0.99744385,2.0374439,-0.48255616,-2.772556,-1.7425561,0.17744385,-0.49255615,-0.062556155,0.29744384
3.4074438,2.9374437,1.1074438,2.8274438,2.3574438,2.3974438,1.7074438,-0.15255615,0.23744385,0.027443849,3.267444,1.6874439,0.27744386,-1.6225562,-3.3825562,-4.142556,-4.642556,-4.492556,-3.232556,-0.0025561524,-0.51255614,-1.7925562,-2.782556,-2.4025562,-2.512556,-1.0925561,0.22744384,0.7774438,1.1874439,1.0374439,-0.28255615,2.8774438,4.117444,2.1374438,2.5774438,-0.44255614,-0.7825562,2.507444,5.257444,1.3974439,0.12744385,-1.2925562,-1.0625561
0.54744387,0.48744383,-0.12255615,0.077443846,0.45744383,1.6574439,-0.49255615,-1.3925562,-2.8625562,4.947444,4.367444,2.5874438,1.6074438,-2.1825562,-3.752556,-3.9025562,-3.9625561,-3.8425562,-2.502556,-1.4525561,-0.93255615,-2.222556,-3.3625562,-2.6625562,-1.3225561,0.28744385,-0.36255616,-0.80255616,-0.43255615,-2.1425562,1.2774439,2.487444,3.9374437,0.20744385,-1.6525562,-0.68255615,-0.5925562,-4.4425564,-3.242556,0.85744387,1.5874438,2.2874439,1.5574439
-0.49255615,-0.23255615,-0.38255614,-0.9125562,-1.7625562,-2.472556,-1.7325561,-3.992556,-5.2325563,2.6674438,3.3874438,3.6074438,1.8374438,-0.54255617,-3.6025562,-3.8625562,-5.102556,-2.8125563,-2.3825562,-0.9625561,-1.1125561,-1.3025562,-0.57255614,-1.9725561,-2.6725562,-1.8025562,-2.052556,-1.4925561,-2.502556,-2.032556,-2.4625561,-1.4625561,-1.5825561,0.63744384,1.7874439,2.4374437,-1.5925561,-2.472556,0.79744387,-1.6925561,-0.9625561,-1.1325562,-0.29255617
0.49744385,0.37744385,0.117443845,-0.33255616,-0.75255615,-1.7325561,-1.7025561,-4.552556,-5.622556,-5.512556,-2.3125563,-2.9425561,-3.3925562,-3.6125562,-5.142556,0.08744385,-3.9225562,-2.792556,-0.6625562,-1.3925562,-1.4925561,-0.38255614,-1.8025562,-0.70255613,-1.0225562,-1.8225561,-1.5725561,-2.3125563,-2.6325562,-3.3225563,-2.282556,-2.3825562,-3.5825562,-2.3525562,-0.88255614,-0.19255616,2.8874438,1.0174439,4.467444,2.207444,-1.0925561,-1.7525562,-1.7625562
-6.012556,-0.51255614,-0.28255615,-0.13255616,-1.2425561,-0.94255614,0.017443847,0.18744385,-1.9625561,-4.172556,-4.432556,-4.532556,-4.7325563,-2.1825562,-3.972556,-3.242556,-0.5225561,-1.8325561,-1.1725562,1.1374439,-0.57255614,-1.5825561,-2.1125562,-1.6825562,-1.6725562,-1.8225561,-2.0925562,-2.032556,-4.132556,-2.742556,-4.822556,-3.6225562,-4.5025563,-6.0825562,-4.992556,-2.8825562,-2.022556,-2.8325562,-3.3825562,-0.85255617,0.13744384,-0.0025561524,0.35744384
-7.5025563,-5.452556,1.5874438,-0.08255615,-1.4725561,0.24744385,1.4374439,-0.062556155,0.17744385,-1.5025562,-2.0725563,-4.452556,-4.172556,-3.3225563,-4.512556,-5.152556,-0.55255616,0.47744384,-0.07255615,2.2974439,0.89744383,0.39744386,-2.4425561,-2.0625563,-2.972556,-0.87255615,0.7874439,1.3774438,1.4874438,-2.512556,-1.8525561,-4.162556,-3.762556,-2.542556,-3.002556,-3.972556,-0.39255616,0.60744387,-1.7325561,0.67744386,0.45744383,0.39744386,-1.3425561
-7.102556,-6.652556,-3.6025562,1.8574438,-1.0525562,3.1074438,3.747444,2.777444,1.0074439,-0.14255615,-2.042556,-2.8225563,-3.972556,-3.6325562,-3.6525562,-4.602556,-3.742556,2.977444,1.4874438,-0.57255614,3.5474439,2.2874439,1.0674438,-1.3925562,-2.1925561,-0.19255616,0.38744384,2.0574439,1.0874438,1.2874439,0.19744384,-0.64255613,-1.5625561,-2.532556,-1.2725562,-1.4225562,-0.37255615,-0.04255615,-2.8925562,-0.23255615,0.93744385,-0.60255617,-1.8325561
-5.412556,-7.3325562,-7.762556,-1.7425561,1.6674439,2.4374437,3.8574438,3.247444,2.697444,0.24744385,-1.3325561,-1.6125561,-3.1225562,-3.0825562,-2.972556,-4.642556,-4.932556,-4.7925563,1.4374439,-0.8425562,3.2974439,2.5874438,2.447444,2.457444,1.4374439,1.0274439,0.7774438,1.3074439,1.0074439,1.2574439,0.0074438476,-1.0425562,-0.57255614,-1.0325562,-1.9625561,-1.8425561,0.16744384,0.54744387,0.21744385,-1.4125562,-1.1425562,0.42744386,1.0974438
-7.012556,-9.182556,-7.1925564,-7.282556,-3.272556,1.5274439,2.8974438,3.717444,3.467444,2.2874439,-0.35255614,-1.8325561,-1.2825562,-0.11255615,-1.4725561,-0.9625561,-4.072556,-4.472556,-3.0825562,2.4174438,2.967444,3.3774438,3.3774438,3.3074439,2.197444,2.727444,1.0274439,1.7574439,0.50744385,1.6074438,0.24744385,1.4874438,0.76744384,-0.36255616,-2.222556,-2.792556,-1.1525562,0.57744384,0.28744385,1.5474439,0.76744384,1.0974438,0.18744385
-4.242556,-5.4425564,-5.4625564,-4.782556,-6.242556,-2.0625563,2.1674438,2.6674438,1.9474438,1.8574438,-0.21255615,0.33744386,-0.85255617,-1.9125562,-1.4125562,-1.0625561,-0.92255616,-2.272556,-3.5725563,-4.132556,1.4874438,3.4174438,3.6074438,2.5474439,2.257444,1.9574438,2.2874439,2.3374438,1.6574439,1.0274439,0.9174439,1.3674438,1.1174438,0.29744384,-0.69255614,-1.4425561,-1.7725562,-2.2025561,-1.4425561,1.0274439,1.4174439,1.4174439,0.42744386
-1.8025562,-1.4125562,-2.5625563,-4.2325563,-4.202556,-3.4225562,0.38744384,1.9574438,1.2374438,2.0774438,2.5474439,1.2674439,0.42744386,0.027443849,-0.75255615,-2.552556,0.7274439,-1.7825562,-1.7625562,-3.052556,-2.982556,2.5374439,2.947444,3.8574438,3.3174438,2.957444,3.277444,3.237444,2.727444,1.1674439,1.0474439,0.9174439,1.2974439,1.3174438,0.7874439,1.1874439,0.31744385,-0.19255616,-0.33255616,0.09744385,-0.24255615,-0.23255615,0.14744385
0.14744385,-0.33255616,-0.99255615,-1.2825562,-3.0825562,-2.232556,-3.032556,2.247444,2.9174438,2.9274437,2.1574438,2.237444,1.7174438,0.16744384,-0.32255614,0.16744384,0.13744384,-0.9625561,-1.9725561,-1.6525562,-2.542556,-1.2525562,2.1274438,3.6274438,3.8774438,3.517444,3.3474438,3.197444,1.7274438,2.3874438,1.7174438,-0.17255615,0.21744385,1.2174438,0.99744385,1.0674438,0.44744384,0.9674438,1.0174439,0.38744384,-0.18255615,-0.43255615,0.31744385
-0.43255615,0.6574438,1.0474439,0.5374439,-1.9325562,0.37744385,-0.61255616,1.4474438,3.4174438,2.6574438,2.947444,2.3074439,1.1074438,1.7174438,1.8774438,-0.11255615,-0.6625562,-1.8125561,-1.7325561,-2.0725563,-1.8625561,-1.7725562,0.09744385,2.3274438,3.8174438,3.8674438,3.6774437,3.3374438,3.6874437,2.977444,2.0474439,1.3074439,2.4374437,1.7674439,0.5874438,1.5474439,0.19744384,-1.0725561,0.43744385,1.3074439,1.0674438,0.047443848,0.047443848
