wind_kz.json
{"header": {"discipline":0,"disciplineName":"Meteorological products","gribEdition":2,"gribLength":1025,"center":7,"centerName":"US National Weather Service - NCEP(WMC)","subcenter":0,"refTime":"2023-08-06T12:00:00.000Z","significanceOfRT":1,"significanceOfRTName":"Start of forecast","productStatus":0,"productStatusName":"Operational products","productType":1,"productTypeName":"Forecast products","productDefinitionTemplate":0,"productDefinitionTemplateName":"Analysis/forecast at horizontal level/layer at a point in time","parameterCategory":2,"parameterCategoryName":"UnknownDiscipline_0_Category_2","parameterNumber":2,"parameterNumberName":"UnknownParameter_D0_C2_2","parameterUnit":"Unknown","genProcessType":2,"genProcessTypeName":"Forecast","forecastTime":300,"surface1Type":103,"surface1TypeName":"Specified height level above ground","surface1Value":10.0,"surface2Type":255,"surface2TypeName":"Missing","surface2Value":0.0,"gridDefinitionTemplate":0,"gridDefinitionTemplateName":"Latitude_Longitude","numberPoints":615,"shape":6,"shapeName":"Earth spherical with radius of 6,371,229.0 m","gridUnits":"degrees","resolution":48,"winds":"true","scanMode":64,"nx":41,"ny":15,"basicAngle":0,"lo1":47.0,"la1":41.0,"lo2":87.0,"la2":55.0,"dx":1.0,"dy":1.0}, "data":
[rows 0 to 14 of 15, columns 0 to 40 of 41]
-1.8742138,-1.6442139,3.125786,1.2057861,2.895786,2.9957862,2.895786,3.355786,3.7257862,3.145786,-2.144214,-4.8942137,-5.794214,-5.224214,-4.224214,-3.924214,-2.324214,-1.6342139,-3.344214,-1.1142138,0.27578613,2.2657862,-0.72421384,-1.7242138,-0.36421385,-2.2642138,-3.084214,-1.4442139,-0.0042138672,0.14578614,-0.76421386,0.5857861,-0.50421387,1.9257861,-0.024213867,-1.7942139,-1.6142138,-1.3042139,2.585786,-1.0442139,-3.0442138
1.8257861,2.2157862,3.885786,2.4857862,4.345786,4.175786,3.375786,1.8957862,2.155786,-2.144214,-5.304214,-5.844214,-4.454214,-3.0642138,-3.074214,-3.5342138,-0.23421387,-1.5942138,-0.28421387,-0.37421387,-0.0142138675,-1.0242139,-1.1242138,-2.404214,-0.46421388,0.7057861,-0.44421387,0.30578613,-2.0342138,-3.0342138,-0.094213866,-0.39421386,0.7557861,-2.0142138,0.14578614,-0.12421387,0.18578613,-0.42421386,-0.8642139,1.3057861,0.24578613
3.335786,9.035786,3.855786,0.5157861,4.255786,0.10578613,0.24578613,-1.9542139,-5.244214,-3.824214,-3.674214,-4.034214,-3.374214,-3.7542138,-3.5442138,-3.2342138,-2.144214,0.8257861,2.2757862,2.405786,1.7757862,1.4857861,-1.1642139,-1.4942138,0.35578614,1.8357861,2.5557861,2.405786,-2.1942139,-0.7342139,-1.5242139,2.345786,-0.84421384,-1.0642139,0.6257861,-0.5442139,-0.13421386,0.66578615,-0.29421386,1.8757862,0.41578615
0.49578613,-0.8042139,-1.9442139,0.61578614,0.32578614,1.0257862,1.9657861,-0.39421386,-1.6542139,-2.154214,-1.9342139,-1.9642138,-0.9342139,-2.7842138,-2.824214,-2.874214,-1.3642138,-1.2242138,-0.21421386,0.37578613,0.6857861,0.78578615,1.8957862,2.9957862,3.3057861,2.365786,2.7857862,-0.8042139,0.6957861,0.77578616,-1.5842139,-3.334214,-3.2842138,-2.664214,-2.894214,-3.134214,-1.7942139,2.095786,2.085786,0.43578613,0.5157861
0.97578615,1.2257861,0.9557861,-0.63421386,-0.5642139,2.665786,3.7057862,3.7257862,0.28578612,-0.6042139,-0.7442139,0.13578613,0.7657861,-0.88421386,-2.2542138,-1.4842138,-0.72421384,-0.9142139,-0.12421387,1.0357862,1.8857862,3.0657861,3.2357862,2.7857862,3.5057862,1.1257862,1.2857862,2.7957861,3.4457862,2.3057861,2.2457862,-1.8642138,-2.644214,1.4757861,4.015786,2.125786,-0.77421385,-1.2142138,-2.074214,-1.3742138,-3.2842138
1.0257862,1.2457862,2.135786,1.9557861,-1.0042138,-1.2142138,2.5357862,3.575786,3.635786,1.9657861,0.41578615,-0.5642139,0.8357861,1.6457862,1.7257861,1.1357862,-0.30421388,-1.7542138,-0.9942139,2.425786,0.33578613,0.45578614,3.8157861,2.905786,3.2457862,3.075786,4.275786,4.505786,1.8557861,2.4457862,-0.19421387,0.54578614,-2.2842138,-1.0442139,-0.37421387,-0.89421386,0.075786136,0.8757861,2.395786,-1.2542138,-2.0142138
2.095786,2.0057862,2.2157862,2.395786,1.1157861,0.7057861,-2.864214,-0.9342139,4.555786,6.275786,3.4557862,0.055786133,-0.48421386,-0.34421387,0.5657861,-0.094213866,-1.1442139,-2.6842139,-2.0542138,-0.51421386,-0.024213867,-0.20421387,-1.1642139,1.2157861,2.925786,2.7857862,3.915786,3.9757862,2.2757862,1.2857862,-0.9242139,-0.36421385,2.0257862,0.85578614,-2.4842138,-2.414214,-1.3142139,3.2857862,-0.89421386,0.77578616,3.095786
2.6857862,3.155786,2.895786,2.4357862,3.0357862,2.825786,0.7657861,-2.924214,0.30578613,-0.9142139,-1.7442138,-1.4642138,-0.9842139,-0.8142139,0.91578615,-0.9142139,-1.8842139,-3.164214,-2.7942138,-2.4642138,-0.70421386,-0.96421385,-0.22421387,-1.2042139,-0.97421384,1.3357861,3.3057861,2.355786,1.7757862,0.6857861,0.16578613,1.7957861,-1.4542139,0.6457861,-0.8542139,2.155786,2.8157861,-2.844214,-3.2242138,-2.884214,-2.5542138
2.325786,1.8257861,1.0757861,1.9057862,3.1857862,2.7757862,2.5657861,2.595786,3.355786,5.1857862,8.485786,5.4157863,2.2657862,-0.49421388,1.2857862,0.28578612,-0.59421384,-2.2742138,-2.664214,-2.9842138,-2.664214,-1.3442138,-1.6342139,-0.51421386,-1.1142138,-0.77421385,-1.8842139,-1.8542138,-0.39421386,-0.8742139,1.6257862,1.6957861,1.8057861,-0.82421386,0.47578612,-1.1542139,0.10578613,-1.3342139,-1.0242139,-0.25421387,-1.6842139
1.0357862,1.6557862,2.075786,2.575786,3.2157862,3.4757862,3.2457862,3.4457862,5.745786,6.885786,5.215786,8.005786,8.185786,6.055786,7.305786,8.725786,3.575786,-0.6042139,-1.3542138,-1.0342139,-1.1042138,-0.6742139,-0.45421386,-0.15421386,0.22578613,1.5957861,0.25578612,-1.1142138,-0.38421386,0.33578613,0.06578613,-1.4642138,-2.7942138,-4.204214,-1.9042139,-0.8742139,-2.5542138,-0.39421386,-1.6642139,-0.6242139,-1.4242139
1.8357861,2.0057862,2.405786,2.885786,3.5557861,3.7357862,3.865786,2.915786,3.2957861,3.085786,4.595786,4.005786,4.5657864,5.215786,6.9357862,7.3957863,-1.8742138,-2.1842139,-2.9542139,-1.8942139,-1.1242138,-0.71421385,0.52578616,-0.40421388,0.9357861,0.73578614,1.4757861,1.1957861,2.855786,4.845786,-1.3642138,0.5157861,0.085786134,-1.5542139,0.005786133,-0.8742139,-0.9842139,1.2957861,-2.084214,0.17578614,-1.5842139
1.3957862,2.1857862,2.675786,3.135786,3.7957861,3.575786,2.605786,3.155786,2.4657862,2.5057862,1.2357861,1.2057861,-0.6042139,-0.11421387,-1.8242139,-1.7742139,-2.2042139,-2.344214,-1.9442139,-1.4342139,-0.58421385,0.41578615,1.1357862,2.5057862,2.9557862,3.105786,2.645786,2.4457862,2.1857862,2.3057861,1.4557861,2.2457862,1.8857862,0.40578613,0.9557861,2.135786,0.71578616,2.085786,1.6257862,1.0257862,0.04578613
2.075786,2.0557861,2.855786,2.145786,2.4657862,2.5557861,2.1857862,1.7957861,1.7157861,1.5657861,0.9357861,0.86578614,-0.47421387,0.60578614,1.4557861,-1.4742138,-3.374214,-3.0642138,-2.5142138,-2.664214,-1.4842138,-1.2342138,-0.07421387,0.61578614,0.32578614,0.16578613,0.9557861,0.91578615,1.9057862,2.7857862,2.9857862,3.2257862,2.9857862,2.7657862,1.9257861,1.6857861,1.5357862,1.0257862,2.645786,0.90578616,-0.96421385
2.2457862,2.335786,2.645786,2.0257862,2.085786,1.6357862,1.4957862,1.3857862,1.7857862,2.4857862,1.1157861,-0.30421388,0.06578613,0.36578614,-1.9842138,-2.914214,-2.854214,-3.4442139,-3.844214,-2.8142138,-2.574214,-2.4342139,-0.94421387,0.32578614,1.1257862,1.4557861,1.3457861,2.395786,2.075786,2.9957862,2.9757862,2.9357862,3.2757862,2.3157861,2.355786,2.165786,2.175786,0.66578615,-0.69421387,0.6357861,-0.71421385
1.2057861,2.0057862,2.165786,0.66578615,1.7857862,2.0057862,2.1957862,2.365786,2.825786,2.415786,0.06578613,-0.15421386,-0.58421385,-1.2142138,-2.394214,-2.7242138,-2.9942138,-3.1942139,-2.664214,-2.624214,-2.7342138,-2.414214,-1.7742139,-1.0642139,0.055786133,1.1557862,1.6857861,2.9757862,4.075786,5.1857862,4.8157864,3.635786,2.5657861,2.6857862,2.7257862,2.5457861,1.4457861,2.2857862,1.1857861,1.0257862,-0.8042139
