wind_kz.json
{"header": {"discipline":0,"disciplineName":"Meteorological products","gribEdition":2,"gribLength":871,"center":7,"centerName":"US National Weather Service - NCEP(WMC)","subcenter":0,"refTime":"2023-08-24T18:00:00.000Z","significanceOfRT":1,"significanceOfRTName":"Start of forecast","productStatus":0,"productStatusName":"Operational products","productType":1,"productTypeName":"Forecast products","productDefinitionTemplate":0,"productDefinitionTemplateName":"Analysis/forecast at horizontal level/layer at a point in time","parameterCategory":0,"parameterCategoryName":"UnknownDiscipline_0_Category_0","parameterNumber":0,"parameterNumberName":"UnknownParameter_D0_C0_0","parameterUnit":"Unknown","genProcessType":2,"genProcessTypeName":"Forecast","forecastTime":240,"surface1Type":1,"surface1TypeName":"Ground or water surface","surface1Value":0.0,"surface2Type":255,"surface2TypeName":"Missing","surface2Value":0.0,"gridDefinitionTemplate":0,"gridDefinitionTemplateName":"Latitude_Longitude","numberPoints":615,"shape":6,"shapeName":"Earth spherical with radius of 6,371,229.0 m","gridUnits":"degrees","resolution":48,"winds":"true","scanMode":64,"nx":41,"ny":15,"basicAngle":0,"lo1":47.0,"la1":41.0,"lo2":87.0,"la2":55.0,"dx":1.0,"dy":1.0}, "data":
[rows 0 to 14 of 15, columns 0 to 40 of 41]
298.99615,288.59613,293.59613,298.79614,298.69614,297.99615,298.99615,301.89615,299.89615,299.59613,298.99615,300.59613,299.59613,299.49615,299.19614,295.79614,295.99615,297.19614,295.99615,296.79614,296.29614,291.49615,291.39615,289.49615,292.99615,291.89615,289.99615,276.99615,277.09613,275.19614,273.29614,275.49615,287.79614,295.99615,298.79614,299.49615,298.59613,299.39615,298.69614,299.69614,300.09613
278.19614,294.09613,298.39615,298.59613,298.89615,297.69614,302.09613,300.09613,298.49615,298.49615,299.59613,298.59613,297.09613,296.69614,298.29614,297.39615,295.59613,295.89615,294.69614,293.29614,296.49615,296.09613,294.29614,285.59613,275.19614,274.89615,284.89615,276.39615,278.69614,272.79614,278.09613,267.99615,281.69614,268.49615,276.39615,294.39615,295.89615,296.89615,299.69614,290.69614,284.09613
296.49615,298.09613,298.69614,298.69614,297.59613,300.69614,300.69614,299.29614,299.79614,297.99615,296.59613,297.39615,295.39615,295.89615,298.09613,296.19614,294.19614,292.69614,292.79614,292.79614,294.99615,294.39615,296.59613,290.19614,290.69614,290.89615,290.79614,289.39615,289.09613,279.99615,269.29614,274.09613,282.69614,283.89615,285.19614,285.39615,278.09613,281.49615,282.39615,279.59613,279.09613
295.29614,298.89615,298.89615,297.99615,297.19614,299.99615,300.09613,297.69614,298.19614,297.09613,296.79614,296.59613,294.89615,294.29614,297.59613,295.89615,296.79614,294.59613,294.09613,293.19614,293.69614,290.59613,295.19614,295.59613,295.69614,294.89615,294.79614,293.29614,290.89615,291.49615,291.99615,288.99615,293.89615,294.09613,291.99615,286.79614,279.09613,278.89615,280.79614,287.29614,292.19614
298.99615,298.49615,298.89615,298.49615,298.69614,300.39615,300.49615,300.39615,299.79614,298.69614,296.99615,295.79614,294.39615,293.09613,290.99615,298.19614,297.39615,295.89615,294.39615,296.49615,296.19614,295.59613,294.39615,293.89615,295.19614,293.89615,292.59613,291.99615,292.59613,293.19614,294.99615,289.69614,278.99615,270.69614,282.39615,289.29614,293.09613,293.49615,294.39615,294.99615,291.29614
298.09613,294.69614,296.39615,297.59613,298.29614,297.79614,300.29614,300.49615,299.79614,299.79614,299.19614,298.49615,294.39615,294.09613,294.79614,296.29614,299.39615,297.49615,297.49615,297.09613,295.69614,295.19614,294.59613,295.69614,292.39615,292.69614,291.99615,292.49615,294.69614,295.39615,293.09613,294.49615,291.59613,288.39615,287.69614,290.39615,282.59613,286.09613,293.19614,293.59613,292.99615
296.29614,295.89615,298.09613,296.39615,297.29614,296.89615,299.49615,299.39615,301.09613,301.09613,299.79614,299.19614,297.99615,298.69614,296.59613,298.79614,298.99615,298.89615,297.19614,296.09613,295.69614,295.39615,295.09613,294.89615,293.79614,293.59613,292.89615,294.79614,292.89615,293.99615,293.39615,293.09613,292.99615,293.59613,291.09613,289.49615,283.99615,280.39615,277.99615,276.99615,289.89615
298.79614,299.19614,299.09613,297.89615,298.69614,299.49615,299.69614,298.99615,298.79614,298.49615,298.09613,297.79614,296.39615,298.49615,298.59613,298.69614,297.89615,297.79614,297.69614,297.39615,293.89615,294.39615,294.69614,293.29614,291.39615,292.89615,290.49615,292.49615,291.29614,292.19614,290.69614,290.79614,289.39615,286.79614,286.09613,288.09613,289.39615,289.19614,286.59613,286.49615,279.39615
297.59613,297.39615,299.19614,296.69614,299.09613,298.59613,297.29614,298.29614,295.89615,296.99615,296.69614,298.69614,294.09613,296.39615,296.49615,297.39615,296.19614,295.59613,294.99615,293.19614,289.59613,289.59613,291.69614,291.29614,291.69614,289.99615,287.29614,287.69614,287.69614,285.19614,290.29614,287.59613,287.59613,288.49615,286.49615,284.69614,284.99615,283.29614,270.99615,274.19614,271.29614
295.59613,297.89615,297.59613,299.29614,299.49615,298.99615,298.79614,297.09613,295.99615,298.59613,296.59613,293.79614,293.89615,293.99615,293.79614,293.69614,293.99615,293.89615,294.59613,294.19614,292.29614,291.49615,293.79614,291.49615,290.79614,288.89615,290.19614,290.59613,287.09613,285.99615,285.79614,291.19614,291.39615,293.09613,286.89615,285.29614,283.39615,280.19614,271.79614,272.69614,274.19614
295.19614,294.79614,296.19614,295.79614,295.69614,296.29614,296.39615,295.49615,294.99615,294.39615,292.29614,291.49615,291.99615,290.99615,290.79614,292.09613,293.09613,293.69614,293.69614,292.29614,291.49615,290.89615,290.39615,290.09613,291.39615,291.39615,290.09613,290.19614,288.69614,288.69614,289.89615,290.79614,290.79614,291.29614,286.89615,284.29614,280.89615,276.89615,275.79614,278.09613,276.49615
292.69614,293.99615,294.99615,294.79614,293.79614,292.29614,291.09613,292.39615,291.69614,292.19614,288.39615,289.29614,291.09613,290.79614,291.49615,291.39615,292.09613,291.59613,291.09613,289.89615,288.29614,287.29614,287.59613,287.89615,290.09613,288.49615,291.19614,292.09613,292.89615,292.59613,287.79614,288.59613,289.19614,289.09613,286.59613,285.29614,285.39615,284.99615,283.69614,283.09613,281.59613
291.49615,292.49615,291.59613,293.09613,293.89615,292.89615,291.79614,289.89615,287.89615,289.09613,287.29614,285.49615,290.09613,289.39615,290.99615,290.49615,290.39615,289.79614,289.29614,287.39615,286.29614,284.19614,284.29614,284.79614,289.29614,289.19614,291.79614,290.59613,290.09613,288.19614,287.79614,289.29614,289.29614,287.79614,287.99615,289.19614,287.59613,286.19614,285.69614,284.19614,282.89615
289.89615,291.69614,290.59613,294.89615,292.49615,292.89615,291.49615,291.39615,290.49615,290.09613,288.79614,285.29614,286.59613,288.39615,289.49615,288.39615,287.89615,286.79614,287.29614,285.99615,286.19614,287.59613,286.29614,286.19614,288.69614,289.39615,287.89615,287.79614,286.19614,288.59613,286.09613,286.29614,287.89615,284.79614,284.49615,284.59613,286.19614,287.49615,285.39615,282.49615,282.39615
291.29614,291.99615,290.39615,295.19614,294.99615,292.39615,291.49615,290.89615,294.49615,293.39615,292.09613,287.99615,286.49615,285.99615,287.19614,286.59613,286.49615,286.19614,285.99615,283.49615,284.89615,284.19614,284.09613,285.39615,286.79614,286.09613,283.79614,285.69614,283.99615,282.89615,284.19614,284.79614,283.89615,282.99615,282.19614,284.79614,284.99615,286.49615,287.39615,288.19614,283.29614
