wind_kz.json
{"header": {"discipline":0,"disciplineName":"Meteorological products","gribEdition":2,"gribLength":871,"center":7,"centerName":"US National Weather Service - NCEP(WMC)","subcenter":0,"refTime":"2023-09-23T18:00:00.000Z","significanceOfRT":1,"significanceOfRTName":"Start of forecast","productStatus":0,"productStatusName":"Operational products","productType":1,"productTypeName":"Forecast products","productDefinitionTemplate":0,"productDefinitionTemplateName":"Analysis/forecast at horizontal level/layer at a point in time","parameterCategory":0,"parameterCategoryName":"UnknownDiscipline_0_Category_0","parameterNumber":0,"parameterNumberName":"UnknownParameter_D0_C0_0","parameterUnit":"Unknown","genProcessType":2,"genProcessTypeName":"Forecast","forecastTime":180,"surface1Type":1,"surface1TypeName":"Ground or water surface","surface1Value":0.0,"surface2Type":255,"surface2TypeName":"Missing","surface2Value":0.0,"gridDefinitionTemplate":0,"gridDefinitionTemplateName":"Latitude_Longitude","numberPoints":615,"shape":6,"shapeName":"Earth spherical with radius of 6,371,229.0 m","gridUnits":"degrees","resolution":48,"winds":"true","scanMode":64,"nx":41,"ny":15,"basicAngle":0,"lo1":47.0,"la1":41.0,"lo2":87.0,"la2":55.0,"dx":1.0,"dy":1.0}, "data":
[rows 0 to 14 of 15, columns 0 to 40 of 41]
302.82193,292.5219,300.12192,293.72192,293.62192,293.0219,301.42194,304.22192,302.22192,304.5219,303.22192,304.12192,303.62192,304.0219,304.5219,306.72192,306.32193,304.22192,308.12192,306.12192,309.72192,306.82193,311.72192,307.12192,304.5219,308.82193,303.32193,285.22192,275.42194,275.62192,275.82193,283.92194,298.82193,306.42194,308.12192,306.62192,310.42194,309.92194,309.22192,308.42194,312.0219
288.0219,298.92194,293.22192,293.62192,293.32193,292.12192,305.82193,301.72192,301.12192,301.22192,302.32193,301.62192,303.0219,302.62192,305.12192,305.72192,305.82193,307.0219,306.72192,308.32193,310.12192,306.32193,304.72192,296.32193,288.32193,273.22192,293.42194,287.82193,287.92194,272.5219,286.82193,272.62192,279.5219,266.32193,273.22192,301.12192,301.22192,297.92194,306.62192,299.92194,284.32193
299.82193,292.92194,293.5219,293.0219,291.42194,300.32193,299.5219,298.92194,299.72192,299.62192,299.92194,301.0219,302.22192,302.62192,301.42194,305.0219,305.12192,305.72192,305.92194,308.12192,305.32193,306.72192,305.42194,298.12192,302.42194,300.42194,299.62192,297.82193,294.82193,286.82193,272.92194,273.22192,282.0219,279.92194,279.22192,278.12192,273.32193,277.12192,285.82193,280.72192,283.32193
301.62192,292.32193,293.32193,292.32193,293.5219,299.62192,297.62192,298.22192,299.82193,299.72192,300.0219,299.72192,290.82193,290.32193,302.0219,303.92194,302.92194,306.62192,307.5219,308.22192,306.72192,303.12192,304.5219,304.62192,303.72192,303.62192,303.42194,305.32193,300.32193,301.32193,292.12192,290.62192,292.92194,297.82193,288.92194,281.42194,273.5219,272.92194,276.22192,287.32193,293.42194
300.0219,292.0219,292.42194,291.42194,295.12192,298.92194,298.12192,300.5219,298.0219,297.92194,299.42194,300.32193,289.72192,288.72192,287.22192,303.22192,304.0219,302.5219,304.62192,302.42194,303.82193,305.72192,305.5219,304.92194,305.72192,305.92194,305.5219,300.42194,309.32193,300.42194,302.42194,299.32193,279.22192,273.42194,282.92194,287.62192,291.0219,294.22192,290.22192,290.62192,298.92194
299.82193,300.0219,290.72192,291.42194,291.62192,291.0219,298.92194,297.72192,297.32193,298.12192,297.5219,298.12192,291.12192,289.5219,296.12192,302.0219,301.0219,303.62192,301.5219,303.42194,304.72192,303.92194,301.42194,303.5219,303.92194,303.82193,303.62192,287.62192,294.62192,296.0219,295.32193,299.12192,299.22192,298.82193,293.72192,292.72192,283.92194,285.0219,295.42194,295.92194,293.32193
300.22192,301.82193,299.42194,299.62192,296.42194,299.42194,299.0219,297.5219,297.42194,297.22192,298.32193,297.92194,298.22192,299.72192,300.5219,299.62192,301.72192,301.32193,303.12192,302.12192,302.32193,300.92194,299.0219,291.42194,297.5219,298.72192,300.32193,297.5219,301.82193,302.72192,300.32193,292.72192,293.72192,298.22192,296.0219,294.32193,290.0219,287.82193,283.22192,278.92194,285.92194
299.5219,300.82193,300.12192,298.92194,298.42194,298.32193,298.32193,297.82193,298.12192,297.32193,297.82193,297.5219,298.82193,297.92194,300.12192,300.22192,299.42194,299.5219,298.5219,298.42194,298.0219,299.12192,297.42194,294.32193,293.22192,284.72192,293.32193,290.82193,293.5219,293.92194,296.5219,296.92194,290.0219,286.32193,292.42194,292.72192,298.82193,286.72192,295.5219,295.92194,291.12192
298.32193,298.0219,297.5219,299.0219,297.92194,297.62192,297.72192,297.12192,297.5219,296.5219,296.92194,297.82193,297.32193,299.12192,298.72192,300.12192,298.82193,299.42194,296.12192,297.0219,295.12192,295.62192,296.72192,294.42194,288.22192,292.72192,290.82193,290.0219,281.5219,284.72192,288.72192,293.82193,295.82193,288.72192,285.42194,291.92194,294.22192,294.42194,275.12192,278.82193,275.5219
297.32193,297.32193,297.5219,295.82193,296.0219,297.22192,297.62192,296.12192,295.32193,295.62192,295.92194,295.72192,297.22192,296.82193,297.22192,297.32193,298.0219,298.82193,298.32193,297.72192,295.42194,295.12192,296.0219,295.82193,294.0219,288.72192,284.72192,282.62192,288.92194,281.82193,283.12192,293.0219,292.92194,295.22192,291.0219,294.42194,287.22192,288.0219,283.62192,282.42194,274.32193
296.12192,296.12192,295.72192,295.62192,295.32193,295.42194,294.72192,295.5219,295.72192,294.72192,293.0219,294.22192,295.62192,294.62192,295.82193,296.42194,296.32193,296.92194,297.62192,295.12192,296.22192,296.12192,294.32193,293.82193,293.82193,285.62192,288.82193,286.92194,288.0219,288.42194,285.72192,290.72192,295.22192,290.5219,290.12192,288.72192,279.5219,277.12192,278.72192,281.92194,279.62192
293.92194,294.92194,296.22192,295.92194,296.0219,295.32193,294.72192,293.92194,294.0219,293.72192,290.82193,291.32193,293.82193,292.12192,293.42194,294.82193,295.0219,295.12192,295.82193,294.42194,293.62192,292.5219,291.72192,291.82193,292.12192,289.22192,284.22192,290.0219,288.0219,291.12192,284.22192,290.22192,292.62192,290.42194,284.82193,290.0219,288.32193,285.0219,282.22192,285.0219,283.42194
290.0219,292.32193,293.5219,294.0219,293.82193,294.32193,294.82193,294.72192,293.62192,292.42194,288.62192,288.62192,292.22192,291.5219,293.0219,294.12192,294.32193,293.82193,295.0219,293.0219,293.82193,292.0219,290.82193,289.92194,291.12192,284.82193,285.12192,284.5219,285.5219,290.92194,284.32193,286.12192,292.42194,293.12192,292.22192,289.72192,289.42194,288.82193,287.92194,287.22192,284.62192
290.82193,292.0219,289.12192,291.42194,293.12192,292.12192,292.32193,291.42194,292.0219,293.12192,289.32193,287.82193,289.12192,291.32193,292.82193,293.62192,294.0219,293.62192,294.32193,294.22192,294.62192,293.5219,292.12192,291.12192,285.62192,285.32193,285.0219,285.82193,284.32193,286.0219,284.42194,287.92194,284.72192,289.32193,289.12192,288.72192,286.42194,284.32193,283.5219,281.82193,282.72192
287.5219,290.32193,286.12192,288.62192,290.72192,287.92194,291.32193,292.12192,293.5219,293.72192,290.62192,290.42194,288.92194,291.42194,291.72192,293.5219,293.62192,293.72192,295.32193,294.22192,294.82193,292.5219,286.0219,285.12192,285.0219,284.42194,285.22192,287.92194,284.82193,285.42194,283.12192,283.42194,284.92194,287.42194,287.42194,283.5219,283.92194,287.0219,281.92194,282.12192,282.42194
