wind.json
{"header": {"discipline":0,"disciplineName":"Meteorological products","gribEdition":2,"gribLength":1039,"center":7,"centerName":"US National Weather Service - NCEP(WMC)","subcenter":0,"refTime":"2023-07-01T12:00:00.000Z","significanceOfRT":1,"significanceOfRTName":"Start of forecast","productStatus":0,"productStatusName":"Operational products","productType":1,"productTypeName":"Forecast products","productDefinitionTemplate":0,"productDefinitionTemplateName":"Analysis/forecast at horizontal level/layer at a point in time","parameterCategory":0,"parameterCategoryName":"UnknownDiscipline_0_Category_0","parameterNumber":0,"parameterNumberName":"UnknownParameter_D0_C0_0","parameterUnit":"Unknown","genProcessType":2,"genProcessTypeName":"Forecast","forecastTime":120,"surface1Type":1,"surface1TypeName":"Ground or water surface","surface1Value":0.0,"surface2Type":255,"surface2TypeName":"Missing","surface2Value":0.0,"gridDefinitionTemplate":0,"gridDefinitionTemplateName":"Latitude_Longitude","numberPoints":688,"shape":6,"shapeName":"Earth spherical with radius of 6,371,229.0 m","gridUnits":"degrees","resolution":48,"winds":"true","scanMode":64,"nx":43,"ny":16,"basicAngle":0,"lo1":45.0,"la1":40.0,"lo2":87.0,"la2":55.0,"dx":1.0,"dy":1.0}, "data":
[rows 0 to 15 of 16, columns 0 to 42 of 43]
295.91806,288.91806,314.51807,322.31805,322.41806,298.61807,297.71808,296.81805,323.51807,311.11807,327.71808,324.21808,325.01807,323.41806,322.11807,321.51807,321.11807,320.61807,319.81805,319.71808,317.51807,316.31805,313.31805,314.21808,310.71808,307.41806,304.91806,285.31805,283.81805,292.11807,296.91806,304.71808,306.21808,311.21808,313.71808,313.21808,313.01807,312.21808,312.91806,312.91806,312.11807,313.51807,312.41806
297.51807,315.91806,316.91806,296.61807,309.51807,297.31805,297.31805,295.91806,311.31805,310.91806,327.21808,325.91806,323.61807,315.51807,322.51807,322.11807,321.31805,321.81805,320.41806,320.01807,321.91806,320.21808,322.41806,315.01807,313.91806,308.21808,311.71808,314.31805,308.41806,287.91806,288.81805,286.81805,287.91806,290.01807,301.11807,303.01807,312.11807,312.11807,312.81805,309.51807,310.11807,311.11807,311.61807
301.71808,295.81805,283.91806,306.81805,298.31805,297.71808,298.11807,294.81805,313.31805,326.41806,324.41806,324.61807,321.41806,322.21808,321.31805,319.51807,322.41806,321.51807,322.91806,322.11807,320.01807,319.51807,320.01807,315.71808,313.41806,301.71808,289.01807,284.61807,297.51807,288.11807,290.31805,281.41806,287.81805,281.71808,295.71808,269.91806,284.71808,306.01807,304.81805,307.81805,311.91806,304.01807,286.21808
301.41806,305.71808,309.51807,298.41806,298.71808,298.21808,298.01807,319.51807,325.31805,325.51807,325.01807,323.31805,322.21808,320.81805,315.41806,316.81805,318.41806,321.71808,320.41806,320.61807,319.41806,318.51807,318.41806,314.91806,315.81805,307.71808,309.81805,306.41806,309.31805,303.01807,295.61807,287.21808,276.21808,281.11807,287.11807,289.21808,295.61807,292.91806,283.51807,289.21808,291.81805,286.91806,284.91806
314.21808,316.91806,314.41806,298.71808,299.21808,298.41806,303.91806,324.91806,326.81805,325.81805,325.21808,324.31805,310.91806,318.01807,296.31805,296.11807,316.81805,319.31805,320.41806,321.61807,319.91806,318.31805,313.41806,310.91806,316.01807,315.01807,313.41806,313.51807,313.61807,307.51807,299.41806,303.31805,295.11807,294.61807,301.61807,303.11807,304.91806,300.31805,288.51807,286.71808,290.41806,302.31805,305.61807
317.51807,319.41806,320.11807,300.41806,300.51807,300.11807,308.81805,321.61807,322.51807,323.91806,325.31805,325.81805,323.11807,320.61807,297.41806,296.21808,292.91806,320.21808,321.41806,317.41806,314.21808,316.11807,316.61807,317.01807,315.91806,315.41806,315.71808,316.91806,312.91806,299.41806,308.61807,308.11807,305.31805,305.01807,288.01807,283.01807,290.61807,302.01807,300.21808,314.51807,312.11807,312.21808,311.91806
317.51807,322.91806,309.31805,307.31805,300.31805,300.41806,299.91806,299.31805,322.41806,324.41806,325.51807,324.21808,320.01807,309.11807,297.71808,296.61807,307.11807,317.41806,320.41806,319.51807,318.31805,317.41806,315.21808,311.91806,312.41806,313.61807,313.21808,312.91806,310.51807,292.31805,311.71808,311.41806,300.71808,302.51807,305.91806,296.01807,295.11807,292.61807,286.71808,293.11807,308.01807,313.61807,311.11807
319.01807,321.11807,319.91806,320.11807,323.71808,313.61807,313.51807,323.01807,324.61807,322.11807,323.41806,325.11807,321.91806,319.51807,314.01807,317.21808,319.71808,311.91806,318.01807,319.51807,318.61807,315.71808,313.71808,313.11807,312.91806,312.91806,307.71808,305.61807,307.11807,309.31805,310.41806,307.61807,306.31805,298.31805,302.21808,300.71808,293.71808,291.81805,293.11807,293.41806,287.61807,292.61807,301.21808
318.61807,316.41806,321.41806,321.51807,321.31805,318.61807,321.91806,321.01807,322.61807,320.41806,317.51807,317.91806,315.91806,318.31805,310.11807,315.51807,317.61807,314.31805,317.81805,313.61807,315.91806,313.61807,310.31805,311.81805,310.01807,309.81805,306.11807,300.61807,292.11807,292.91806,297.81805,299.21808,297.21808,300.81805,298.31805,295.01807,290.21808,296.01807,297.91806,289.91806,306.61807,304.01807,299.71808
297.31805,316.91806,317.71808,319.61807,320.11807,319.81805,320.11807,320.91806,316.61807,315.01807,314.81805,312.71808,310.11807,312.51807,313.31805,312.31805,310.31805,312.61807,314.61807,312.11807,308.71808,310.11807,301.51807,304.31805,309.01807,307.61807,302.11807,303.01807,294.91806,293.21808,292.21808,294.11807,297.01807,295.71808,295.11807,302.01807,296.61807,300.51807,292.11807,295.41806,288.41806,289.31805,288.51807
311.31805,312.71808,314.51807,315.81805,315.11807,312.71808,314.91806,311.41806,311.91806,310.11807,310.31805,309.01807,309.21808,302.41806,305.31805,303.71808,310.81805,304.31805,307.11807,306.81805,309.81805,303.01807,299.41806,306.91806,302.21808,308.21808,303.61807,295.31805,294.91806,292.31805,291.31805,297.01807,299.21808,297.41806,304.21808,305.31805,303.41806,303.11807,293.21808,287.11807,290.51807,287.41806,287.71808
305.51807,300.51807,309.11807,308.81805,309.71808,308.91806,308.91806,314.11807,310.61807,308.01807,305.91806,305.81805,306.21808,306.11807,305.71808,301.31805,305.81805,301.51807,304.01807,305.31805,302.21808,301.81805,300.81805,304.01807,305.81805,305.91806,303.91806,296.71808,295.61807,300.51807,303.11807,296.91806,302.71808,303.51807,304.91806,302.11807,300.31805,302.41806,290.61807,290.91806,291.31805,285.81805,282.91806
304.01807,304.21808,305.51807,305.91806,306.41806,306.81805,306.51807,304.31805,303.51807,304.61807,304.71808,303.61807,302.01807,294.51807,302.11807,294.71808,298.21808,298.31805,302.81805,296.91806,303.51807,301.41806,298.01807,297.51807,299.81805,303.71808,303.01807,296.11807,301.71808,298.91806,306.81805,306.21808,304.91806,296.91806,298.81805,294.61807,289.61807,299.71808,293.51807,288.41806,289.81805,289.91806,297.81805
300.61807,301.01807,296.21808,301.51807,306.11807,305.01807,304.71808,304.91806,304.11807,301.91806,304.21808,302.41806,300.41806,298.11807,298.51807,293.71808,303.51807,298.61807,299.51807,296.11807,297.31805,298.71808,301.81805,297.61807,296.41806,302.21808,304.81805,305.01807,303.11807,298.81805,295.21808,299.51807,294.41806,303.81805,301.01807,297.61807,293.11807,297.21808,302.11807,302.41806,299.61807,301.11807,299.31805
298.01807,299.21808,301.11807,299.81805,299.31805,299.41806,300.01807,302.01807,302.01807,300.11807,301.71808,301.21808,299.11807,296.81805,292.61807,301.31805,299.11807,301.31805,299.81805,302.11807,302.91806,301.61807,301.71808,300.81805,301.21808,300.71808,304.11807,305.31805,304.21808,295.91806,301.41806,303.21808,300.41806,304.41806,302.11807,295.91806,303.11807,302.11807,301.31805,300.81805,299.71808,298.01807,297.41806
300.91806,299.11807,300.31805,299.31805,294.21808,304.11807,303.51807,303.41806,301.61807,299.61807,300.11807,301.61807,301.71808,298.81805,297.51807,298.91806,298.91806,295.41806,302.11807,297.61807,298.61807,301.01807,300.21808,300.61807,301.01807,294.51807,302.21808,302.41806,302.21808,302.01807,301.71808,292.91806,302.31805,295.31805,297.71808,303.41806,300.71808,302.01807,299.81805,297.41806,300.01807,297.91806,299.41806
