wind_kz.json
{"header": {"discipline":0,"disciplineName":"Meteorological products","gribEdition":2,"gribLength":1025,"center":7,"centerName":"US National Weather Service - NCEP(WMC)","subcenter":0,"refTime":"2023-09-28T18:00:00.000Z","significanceOfRT":1,"significanceOfRTName":"Start of forecast","productStatus":0,"productStatusName":"Operational products","productType":1,"productTypeName":"Forecast products","productDefinitionTemplate":0,"productDefinitionTemplateName":"Analysis/forecast at horizontal level/layer at a point in time","parameterCategory":2,"parameterCategoryName":"UnknownDiscipline_0_Category_2","parameterNumber":2,"parameterNumberName":"UnknownParameter_D0_C2_2","parameterUnit":"Unknown","genProcessType":2,"genProcessTypeName":"Forecast","forecastTime":300,"surface1Type":103,"surface1TypeName":"Specified height level above ground","surface1Value":10.0,"surface2Type":255,"surface2TypeName":"Missing","surface2Value":0.0,"gridDefinitionTemplate":0,"gridDefinitionTemplateName":"Latitude_Longitude","numberPoints":615,"shape":6,"shapeName":"Earth spherical with radius of 6,371,229.0 m","gridUnits":"degrees","resolution":48,"winds":"true","scanMode":64,"nx":41,"ny":15,"basicAngle":0,"lo1":47.0,"la1":41.0,"lo2":87.0,"la2":55.0,"dx":1.0,"dy":1.0}, "data":
[rows 0 to 14 of 15, columns 0 to 40 of 41]
0.13676758,1.2667676,-0.7532324,-2.3732324,-4.4232326,-5.8532324,-4.8632326,-5.2032323,-6.033232,-3.7232325,-3.5532324,-3.4732325,-3.7432325,-3.6332324,-3.2732325,-3.5632324,-3.6632323,-5.0832324,-5.2732325,-4.0932326,-0.5032324,0.6567676,2.0367675,2.1167676,-0.8232324,0.8167676,3.3267677,5.8367677,2.4367676,1.6067675,2.6567676,1.0567676,0.32676756,-1.6732324,-5.2132325,-3.3132324,-2.0932324,0.22676758,1.2367675,1.3167676,0.94676757
1.2467675,-2.3432324,-5.6632323,-5.263232,-5.3732324,-5.7032323,-3.3732324,-1.9732324,-3.6532323,-3.1632323,-2.3932323,-2.5632324,-2.2032325,-1.4432324,-1.9632324,-2.0832324,-1.5632324,-2.8832324,-2.6432323,-2.0032325,-0.5132324,-0.8232324,0.9967676,3.4767675,1.5367676,0.18676758,1.1767676,2.5567675,3.3567677,1.7267675,1.0867676,0.9067676,1.2267675,0.8467676,-0.16323242,-1.7832325,-1.0232325,-1.2832325,-1.3532324,0.006767578,-0.47323242
-1.6532325,-5.4232326,-6.2232323,-6.3132324,-5.7332325,-4.1032324,-3.8332324,-3.1032324,-2.3732324,-1.1732324,0.11676758,0.18676758,0.35676757,0.5967676,1.0667676,1.2567676,1.2667676,1.0667676,0.83676755,0.88676757,0.51676756,1.6967676,1.9767675,3.5867677,0.7267676,1.1367676,-1.1132324,-0.10323242,3.1567676,0.35676757,1.6667676,-1.4732324,-1.3432324,0.2667676,-2.5632324,0.08676758,-0.37323242,-0.5032324,3.2467675,5.3267674,8.346767
-5.6032324,-5.6232324,-5.0632324,-5.0232325,-3.8232324,-2.9132323,-2.1232324,-0.013232422,0.5367676,1.3767676,2.1067677,3.5267675,4.2967677,5.1267676,4.6567674,4.3667674,4.3967676,4.5967674,4.5167675,4.1767673,2.6867676,1.8067676,0.51676756,2.1667676,2.1867676,1.9967675,1.9067676,2.9267676,4.7467675,2.5167675,1.2067676,0.6867676,0.016767578,-0.2632324,1.3367676,-0.09323242,0.27676758,2.4967675,-0.7632324,-1.8732324,-1.6632324
-4.4332323,-4.1032324,-4.0032325,-2.2332325,-1.2732325,-0.9932324,0.6667676,1.5267676,2.4467676,3.6767676,4.8467674,6.4267673,6.0667677,6.2867675,6.4967675,8.086767,7.7467675,6.8467674,5.1767673,5.3367677,6.0767674,4.446768,3.3967676,3.8667676,3.5267675,3.7667675,3.9267676,1.7867676,0.9867676,1.0367676,1.7767676,3.3167677,1.7167675,4.1767673,-2.9932325,-0.8732324,-3.1032324,-4.6432323,-3.7432325,-1.2632325,1.2367675
-2.4732325,-1.7532325,-1.7532325,-0.18323243,0.9967676,1.9567676,3.0767677,3.4867675,3.7667675,5.3467674,6.3767676,7.3967676,8.176767,8.066768,9.466767,9.376767,9.676767,9.236768,8.346767,8.7667675,6.7867675,6.0867677,5.0867677,3.5867677,5.2567677,5.0767674,4.4767675,3.5667677,3.1367676,2.3767676,2.3267677,2.6167676,2.7867675,1.9967675,2.1467676,0.46676758,1.5367676,2.7567675,8.496768,1.3267676,1.9167676
0.6567676,1.2967676,2.0767677,2.9867675,3.9867675,4.7667675,5.3967676,6.2667675,6.7467675,7.6767673,8.556767,8.796767,9.506767,9.756767,9.616768,9.606768,10.316768,10.276768,9.526768,8.926767,7.3167677,5.4767675,4.6367674,3.6667676,5.6667676,6.0567675,4.9167676,3.8867676,3.2367675,3.6867676,4.0967674,3.5667677,3.3167677,3.3767676,2.0767677,1.7467675,2.1467676,2.2467675,4.3367677,0.9967676,1.3167676
3.2767675,3.9967675,4.6767673,5.2967677,5.966768,6.5267677,6.9067674,6.9067674,7.6167674,7.8067675,8.2667675,8.446768,8.536768,8.566768,8.556767,8.626767,8.856768,8.656768,8.576768,8.256767,6.0567675,4.8667674,3.9967675,2.7867675,4.446768,5.7467675,5.6467676,4.3567677,5.1567674,4.3467674,5.3667674,5.1567674,3.8967676,4.4267673,5.5567675,6.5067677,1.1467676,1.0167676,2.7767675,4.0367675,4.3667674
4.1667676,4.9367676,5.0567675,5.3767676,5.4567676,5.466768,5.5867677,5.466768,5.7967677,6.0367675,6.236768,5.8167677,5.7667675,4.8167677,5.446768,3.6067677,1.9167676,0.5067676,2.2567675,3.2867675,4.3967676,4.6367674,2.7667675,3.0367675,6.2867675,5.9567676,5.7767677,4.8367677,6.696768,6.6167674,6.2567677,6.1367674,6.3467674,5.3867674,5.6267676,3.8167677,2.3567677,3.3767676,1.8067676,1.0367676,1.1867676
3.8867676,3.8667676,3.9667675,3.8267677,3.8567677,3.4567676,3.1667676,3.5167675,3.2367675,1.1067675,1.7667676,3.0367675,2.3467677,1.5167676,1.1067675,2.5167675,3.5967677,3.3067675,3.0767677,4.446768,6.0867677,4.696768,5.0367675,4.6067677,4.9967675,4.8567677,5.3867674,6.4367676,7.4367676,8.086767,7.5567675,6.716768,5.236768,5.196768,4.236768,2.5767677,-1.0232325,-0.33323243,2.6367676,1.9867675,1.6967676
3.7167675,3.4267676,2.8367677,2.0767677,1.5667676,0.8067676,0.52676755,0.6667676,0.4267676,0.41676757,1.7167675,2.7467675,0.6167676,2.4667675,2.6567676,0.12676758,-2.6932325,-2.1932325,-0.6432324,-2.3732324,-1.9132324,0.32676756,0.096767575,1.2167675,2.6667676,0.44676757,3.4067676,5.4367676,6.236768,7.1667676,6.8667674,6.5167675,5.1567674,4.3567677,4.0467677,1.9067676,0.40676758,1.1067675,2.6267676,1.3367676,1.9667675
2.2167675,2.1367676,0.8467676,-0.25323242,-0.5932324,-0.013232422,-0.15323243,0.31676757,-1.0132325,0.32676756,1.6067675,1.9867675,2.1867676,2.4067676,-1.3032324,-1.5832324,-1.3632324,-0.97323245,-0.9432324,-1.3832325,-1.4132324,-1.6632324,-1.7932324,-2.1032324,-1.4232324,-1.0432324,1.3967676,2.7767675,3.8867676,4.9767675,5.8867674,5.736768,4.4967675,4.9067674,3.8567677,5.3167677,5.1867676,6.0367675,2.5267675,0.57676756,-0.33323243
2.4467676,0.35676757,-0.8132324,-1.0532324,-0.55323243,-0.05323242,0.07676758,0.52676755,-0.5832324,-0.44323242,1.0467676,2.0067675,1.4867675,0.31676757,-0.8732324,-1.3132324,-0.5032324,0.31676757,-0.37323242,-1.2932324,-1.4032325,-1.5732324,-1.5632324,-1.5632324,-0.7132324,0.30676758,1.0067676,1.6367676,2.0667677,3.4567676,4.236768,4.5067677,4.7567677,6.2667675,5.4167676,5.0767674,6.0867677,3.8767676,6.4067674,5.5367675,3.3467677
0.8467676,0.43676758,-0.8232324,-0.49323243,-0.23323242,0.38676757,0.2967676,0.8467676,0.58676755,1.2667676,1.6867676,2.9967675,2.7767675,1.4667675,1.0867676,0.8567676,1.0067676,-0.03323242,-0.55323243,-1.5032325,-1.6032324,-1.6532325,-1.7132324,-1.1732324,-1.2332324,-1.2232324,-0.8732324,-0.14323242,0.69676757,1.1467676,2.8967676,4.2767677,3.0767677,3.3767676,4.2067676,3.4567676,3.3567677,4.6567674,4.4567676,3.4367676,4.8167677
-0.31323242,-0.6332324,0.05676758,0.19676758,-0.6332324,0.41676757,1.5167676,1.9567676,2.4667675,2.1067677,2.0867677,3.8167677,3.1967676,1.8467675,2.7167675,2.7567675,2.3967676,1.5267676,1.0167676,0.40676758,0.28676757,0.16676758,-0.083232425,0.4267676,0.8667676,0.71676755,1.3267676,1.5867676,2.1367676,2.1867676,2.4467676,2.3867676,0.9167676,3.3367677,3.1667676,2.7667675,4.2467675,3.8367677,4.5267677,3.8767676,2.8567677
