wind_kz.json
{"header": {"discipline":0,"disciplineName":"Meteorological products","gribEdition":2,"gribLength":1025,"center":7,"centerName":"US National Weather Service - NCEP(WMC)","subcenter":0,"refTime":"2023-09-24T06:00:00.000Z","significanceOfRT":1,"significanceOfRTName":"Start of forecast","productStatus":0,"productStatusName":"Operational products","productType":1,"productTypeName":"Forecast products","productDefinitionTemplate":0,"productDefinitionTemplateName":"Analysis/forecast at horizontal level/layer at a point in time","parameterCategory":2,"parameterCategoryName":"UnknownDiscipline_0_Category_2","parameterNumber":2,"parameterNumberName":"UnknownParameter_D0_C2_2","parameterUnit":"Unknown","genProcessType":2,"genProcessTypeName":"Forecast","forecastTime":180,"surface1Type":103,"surface1TypeName":"Specified height level above ground","surface1Value":10.0,"surface2Type":255,"surface2TypeName":"Missing","surface2Value":0.0,"gridDefinitionTemplate":0,"gridDefinitionTemplateName":"Latitude_Longitude","numberPoints":615,"shape":6,"shapeName":"Earth spherical with radius of 6,371,229.0 m","gridUnits":"degrees","resolution":48,"winds":"true","scanMode":64,"nx":41,"ny":15,"basicAngle":0,"lo1":47.0,"la1":41.0,"lo2":87.0,"la2":55.0,"dx":1.0,"dy":1.0}, "data":
[rows 0 to 14 of 15, columns 0 to 40 of 41]
-1.8193604,-0.70936036,1.7406397,-2.7393603,-1.9493604,-4.0593605,-7.7193604,-8.54936,-8.88936,-6.43936,-5.8093605,-5.0693603,-5.2593603,-5.3193603,-4.1793604,-4.0793605,-2.8393602,-4.1793604,-4.7193604,-3.4293604,-2.6293604,-1.4193604,-1.5993603,-2.5893602,0.95063967,-1.4193604,-2.6493604,-1.4993603,0.52063966,-0.10936035,1.0806396,0.54063964,0.050639648,1.1906396,-3.1893604,-3.6893604,-3.5493603,-2.7593603,-2.3593605,-3.1893604,-5.43936
1.9906397,1.5106397,-5.6793604,-4.0093603,-2.9993603,-4.89936,-7.3493605,-8.45936,-6.70936,-5.37936,-4.85936,-5.6193604,-4.8093605,-4.12936,-3.3493605,-4.8093605,-4.1193604,-4.7893605,-3.8693604,-3.7493603,-5.2693605,-3.8593605,-2.2993603,-2.9793603,-1.0593604,0.20063965,-1.0193603,-0.22936036,-3.6093605,-0.7593604,-0.03936035,-0.06936035,0.84063965,-2.8593605,0.8006396,0.36063966,-0.5593603,0.85063964,0.020639649,0.050639648,-6.7893605
0.8706396,-2.7593603,-5.2693605,-5.14936,-8.5593605,-8.59936,-7.8893604,-5.6393604,-6.2893605,-5.5793605,-6.0293603,-5.7993603,-4.58936,-4.9093604,-4.68936,-5.0793605,-5.2293606,-5.12936,-4.8893604,-4.5093603,-5.12936,-7.2493606,-5.89936,-7.89936,-1.3293604,-3.8393602,-2.2693603,1.2306397,-1.9093604,-0.13936035,-2.0493603,2.3506396,0.28063965,-0.51936036,-0.97936034,-1.6493603,-0.25936034,0.48063964,2.5906396,3.4106398,1.9006397
-2.4093604,-4.5693603,-5.3693604,-6.3493605,-8.11936,-7.5793605,-5.2493606,-5.0293603,-7.3293605,-7.3893604,-7.12936,-5.64936,-6.8093605,-5.1793604,-4.62936,-4.8293605,-4.89936,-4.9093604,-4.91936,-4.58936,-3.4193604,-5.0693603,-2.5593603,-4.7393603,-4.2193604,-4.9493604,-4.6593604,-6.3693604,-3.3193603,-2.3493605,-1.2793603,-1.2693603,0.97063965,-3.1193604,-3.4793603,-2.4993603,-1.8693603,2.0506396,1.9406396,-0.34936035,1.3206396
-3.8493605,-5.0493603,-5.58936,-4.64936,-6.7593603,-4.5993605,-4.58936,-4.7593603,-6.5193605,-5.8693604,-5.7293606,-4.58936,-5.5593605,-5.0593605,-4.1793604,-4.66936,-4.4293604,-3.8093603,-3.7293603,-4.0093603,-4.7393603,-4.33936,-4.5493603,-3.9393604,-3.8793604,-3.5393603,-3.1293604,-2.7993603,-2.9793603,-2.7693603,-2.0793602,-1.8093604,-1.2993604,1.5106397,1.3206396,0.38063964,0.95063967,-0.37936035,1.2906396,3.1006396,4.16064
-4.9493604,-4.4093604,-4.16936,-5.45936,-6.1993604,-7.1193604,-5.5993605,-5.0493603,-5.45936,-5.10936,-4.37936,-3.7393603,-3.0793602,-2.8393602,-2.9893603,-2.7393603,-2.2093604,-2.1093605,-2.4493604,0.050639648,-0.42936036,-0.5093604,-1.4693604,-2.1293604,-2.4093604,-2.6593604,-1.1493603,0.7506397,0.60063964,1.2806396,1.1506397,-0.7493603,-0.05936035,0.36063966,0.38063964,1.5606396,0.86063963,2.2306397,6.35064,2.9806397,5.7806396
-5.12936,-4.0693603,-4.33936,-5.0793605,-5.5693603,-4.4693604,-3.8593605,-3.7293603,-3.9193604,-2.8193603,-2.0693603,-1.4793603,-0.5093604,0.33063966,0.83063966,1.3306396,0.89063966,0.8806397,-1.3793603,-0.92936033,0.24063964,1.0806396,1.2506397,1.9806397,2.1506395,1.6206397,1.6306397,1.8106396,0.98063964,1.7406397,2.6906397,2.7706397,4.58064,2.9106398,0.5506396,-1.1693604,-1.3493603,1.5506396,0.97063965,0.84063965,0.49063966
-3.6293604,-2.8693604,-2.8693604,-2.9693604,-2.8993604,-2.9293604,-2.7093604,-2.8193603,-2.0493603,-1.4793603,-1.3893603,0.21063966,0.79063964,1.1106397,1.6306397,2.0906396,2.1406395,1.5806396,1.8606397,0.14063965,1.0606396,0.78063965,1.0406396,1.0406396,1.6206397,1.0306396,3.6506395,1.8406396,2.9006395,2.6406395,3.2706397,3.6806397,4.37064,1.5006397,2.8806396,3.3206396,3.8606396,4.2506394,2.4006395,4.04064,0.28063965
-1.5893604,-1.7793603,-1.4093604,-1.1493603,0.09063965,-1.0193603,-1.2393603,-1.0393604,-1.1493603,0.030639648,0.8806397,1.3206396,2.0806396,2.4506397,2.8906395,2.6106396,2.2906396,2.2506397,2.3606396,1.8606397,1.7606397,2.2206397,2.6806397,1.7406397,1.4406396,1.9106396,1.5406396,1.2606397,2.3206396,1.6206397,2.8206396,3.6206396,4.85064,3.9106398,4.6506395,3.7806396,1.0606396,-0.59936035,0.54063964,0.34063965,0.17063965
-3.2793603,-1.8793603,-0.85936034,-0.15936035,0.7506397,0.40063965,-0.37936035,-0.029360352,0.10063965,0.78063965,1.6306397,1.8906397,2.3206396,3.0406396,2.7806396,2.8006396,2.6006396,3.0306396,3.0106397,2.9506397,3.2806396,3.2606397,3.1206396,2.5306396,0.39063966,1.0006397,0.64063966,2.0106397,2.5106397,3.5806396,2.9706397,4.1906395,4.7006397,4.8606396,3.1606398,3.3306396,-1.3293604,-1.1793604,1.4806397,1.3906397,-0.30936036
5.0106397,0.6206396,-1.1993604,-0.7493603,-0.36936036,0.020639649,0.67063963,0.85063964,0.82063967,0.83063966,0.90063965,1.6206397,2.8106396,3.2006397,3.0706396,2.8806396,3.0006397,3.4806397,3.0606396,3.3406396,3.3006396,2.9406397,2.4306397,0.33063966,0.67063963,0.45063964,1.0906396,-0.90936035,2.2806396,3.1706398,3.2006397,2.7506397,2.9806397,2.8606396,3.9606397,1.9806397,-1.1493603,0.59063965,0.66063964,0.29063964,0.36063966
0.67063963,1.6606396,0.9406397,1.3906397,1.4706397,1.1706396,0.45063964,0.24063964,0.65063965,0.39063966,-0.18936035,2.3206396,2.5906396,3.0006397,3.3706396,3.4106398,3.8106396,4.2806396,2.6306396,3.5706396,2.9506397,2.6606398,0.64063966,0.6306397,0.18063965,0.78063965,1.3606397,1.7706397,2.7406397,2.6706398,3.1706398,2.9906397,2.6806397,2.8506396,2.6506395,3.7606397,4.79064,5.7506394,4.3406396,0.5006397,0.19063964
1.7906396,2.5306396,1.4506396,1.4606396,1.8006396,0.9906396,0.46063966,0.79063964,1.8306396,0.36063966,0.24063964,1.8406396,2.2706397,3.0206397,3.3206396,3.6806397,3.5306396,3.3906395,3.1906397,3.0906396,1.7806396,1.5606396,0.95063967,0.46063966,2.5206397,2.2606397,1.5906396,-2.0293603,-0.65936035,0.98063964,2.0806396,1.6806396,3.3806396,3.4106398,3.9806397,4.60064,5.08064,2.9406397,4.8206396,4.9706397,2.2906396
1.4106396,1.6006397,2.1906397,3.1206396,1.6906396,2.3406396,1.9506396,2.5506396,2.5006397,0.73063964,-0.13936035,0.37063965,1.8206396,3.1706398,3.4806397,3.6006396,3.6206396,2.9306397,2.4806397,2.5706396,2.0206397,1.5606396,1.2706397,1.3206396,1.9006397,-0.66936034,-1.5393604,0.010639649,1.1106397,2.4206398,2.3806396,3.3506396,3.9706397,4.2706394,4.6306396,4.5206394,3.7906396,3.1506395,3.5206397,2.8306396,4.06064
0.9906396,2.6006396,1.4506396,1.1606396,3.0306396,4.2106395,4.2506394,2.2806396,3.1506395,2.8606396,0.72063965,1.2406397,1.1306397,1.6806396,3.1706398,3.2706397,3.2906396,3.4006395,2.2106397,2.2206397,1.8206396,1.2406397,0.8806397,0.9306396,-0.14936036,-0.60936034,0.35063964,1.2006396,1.5706396,1.7406397,2.6006396,3.4906397,3.9406397,4.7406397,4.7706394,4.8606396,3.6106396,2.1906397,2.9806397,3.1406395,1.8506397
