wind_kz.json
{"header": {"discipline":0,"disciplineName":"Meteorological products","gribEdition":2,"gribLength":1025,"center":7,"centerName":"US National Weather Service - NCEP(WMC)","subcenter":0,"refTime":"2023-08-07T00:00:00.000Z","significanceOfRT":1,"significanceOfRTName":"Start of forecast","productStatus":0,"productStatusName":"Operational products","productType":1,"productTypeName":"Forecast products","productDefinitionTemplate":0,"productDefinitionTemplateName":"Analysis/forecast at horizontal level/layer at a point in time","parameterCategory":2,"parameterCategoryName":"UnknownDiscipline_0_Category_2","parameterNumber":3,"parameterNumberName":"UnknownParameter_D0_C2_3","parameterUnit":"Unknown","genProcessType":2,"genProcessTypeName":"Forecast","forecastTime":120,"surface1Type":103,"surface1TypeName":"Specified height level above ground","surface1Value":10.0,"surface2Type":255,"surface2TypeName":"Missing","surface2Value":0.0,"gridDefinitionTemplate":0,"gridDefinitionTemplateName":"Latitude_Longitude","numberPoints":615,"shape":6,"shapeName":"Earth spherical with radius of 6,371,229.0 m","gridUnits":"degrees","resolution":48,"winds":"true","scanMode":64,"nx":41,"ny":15,"basicAngle":0,"lo1":47.0,"la1":41.0,"lo2":87.0,"la2":55.0,"dx":1.0,"dy":1.0}, "data":
[rows 0 to 14 of 15, columns 0 to 40 of 41]
0.41268617,-2.9873137,4.292686,4.1426864,3.0926862,2.902686,0.35268617,1.2526861,-0.007313843,-0.30731383,-2.9773138,-2.7073138,-3.8973138,-4.367314,-4.307314,-4.347314,-5.1273136,-4.557314,-6.0473137,-2.6873138,-2.3773139,0.40268615,0.68268615,-0.17731385,-2.027314,0.29268616,-1.2673138,2.152686,1.2726861,-1.5273138,-2.1073139,-3.347314,1.9226861,2.402686,-1.8373139,-1.5373138,-2.7473137,-2.847314,0.25268614,-1.4673139,2.7626863
3.912686,1.5026861,4.022686,3.2926862,3.3026862,3.3726861,-0.15731384,2.3126862,1.1326861,0.03268616,-1.1773138,-3.277314,-4.2373137,-3.527314,-4.477314,-3.9973137,-3.567314,-6.137314,-7.167314,-6.097314,-5.097314,-4.2573137,-0.38731384,1.2726861,0.26268616,0.44268617,-2.057314,0.49268615,0.32268617,1.0026861,1.1026862,1.0826862,-2.057314,-3.8773139,-3.6473138,-3.7273138,-3.4773138,-6.637314,-4.5873137,-1.5473138,0.5326862
1.9726862,4.582686,3.7526863,3.1226861,3.5126863,2.1026862,2.942686,3.1126862,1.5626862,-1.4173138,-2.2273138,-2.337314,-4.057314,-3.3973138,-3.4473138,-3.8973138,-3.7273138,-4.097314,-4.437314,-5.207314,-5.017314,-2.4073138,-6.7373137,-1.7273139,-1.1673138,-0.67731386,0.11268616,1.1426861,0.17268616,3.6426861,-0.007313843,-0.31731385,2.202686,-0.07731384,-1.4273138,2.7926862,0.54268616,-4.437314,-0.9073138,-0.37731385,-1.4973139
1.8526862,3.2626863,1.5026861,0.60268617,-0.14731385,0.022686157,1.4726862,2.7726862,2.5226862,0.51268613,-1.1073139,-2.1173139,-3.4373138,-4.407314,-2.767314,-3.4473138,-3.9273138,-3.6773138,-3.9773138,-4.647314,-4.497314,-3.087314,-1.6873138,-4.3573136,-4.2573137,-4.247314,-3.8673139,-0.6673138,-1.9273138,-1.3573139,0.8326862,-0.30731383,-1.3173138,0.5926862,1.6726861,-0.89731383,2.3626862,4.1826863,2.5026863,1.3526862,1.1926862
1.0226861,2.8126862,2.7426863,1.4626862,0.8926861,0.5826862,0.47268617,1.3826861,2.7726862,2.4926863,0.18268615,-1.6073139,-3.2273138,-3.6073139,-4.917314,-2.3673139,-2.2473137,-3.527314,-3.6473138,-3.1673138,-2.9773138,-3.307314,-4.3173137,-3.9073138,-4.967314,-4.157314,-2.787314,-4.687314,-4.4873137,-3.4773138,-4.0673137,0.36268616,3.3826861,2.8826861,0.022686157,-0.6573138,1.6826862,-0.30731383,1.2326862,2.0026863,-3.9673138
0.88268614,1.4926862,2.2826862,2.0226862,1.0226861,0.5326862,0.22268616,-0.68731385,-0.42731383,0.26268616,0.79268616,-0.14731385,-3.567314,-4.3173137,-2.1473138,-3.047314,-3.1173139,-3.4873137,-3.6073139,-3.6273139,-3.6573138,-3.767314,-4.207314,-4.1273136,-3.7373137,-3.527314,-3.4373138,-5.687314,-4.887314,-5.0873137,-4.177314,-2.4573138,-2.347314,-0.31731385,2.932686,-3.077314,1.9726862,-2.277314,-0.68731385,2.152686,0.34268615
0.42268616,0.50268614,1.1526861,0.55268615,-1.6073139,1.0726862,0.03268616,-1.2473139,-0.34731385,-2.6273139,-2.077314,-0.5373138,-2.077314,-3.9573138,-4.577314,-5.0673137,-3.587314,-3.557314,-2.9473138,-2.8773139,-4.367314,-4.687314,-3.827314,-4.2973137,-4.0873137,-3.287314,-3.1573138,-2.4173138,-4.197314,-4.967314,-4.5073137,-5.2573137,-5.227314,-5.6073136,-1.1273139,-1.4673139,-1.8873138,-0.24731384,-1.2473139,0.7726862,-3.9373138
0.6426861,0.56268615,0.21268615,-1.5773139,-0.9673138,-0.19731385,-0.017313844,-0.76731384,-0.70731384,-0.057313845,1.8226862,1.0026861,-1.3673139,-2.4273138,-4.697314,-5.3373137,-5.0273137,-3.6573138,-3.3873138,-3.2573137,-3.2373137,-4.217314,-4.437314,-4.037314,-3.4273138,-0.8473138,-2.4373138,-2.7373137,-2.9573138,-3.7173138,-4.447314,-5.577314,-5.557314,-7.397314,-3.1873138,-3.347314,-3.8573139,-1.5573138,0.0026861571,1.8526862,-1.0473138
0.18268615,0.29268616,0.76268613,-0.20731384,-1.0173138,-1.8973138,-0.9773138,-1.5573138,-0.14731385,2.0526862,0.55268615,1.2426862,-0.20731384,-2.4573138,-3.797314,-4.327314,-4.0273137,-4.0873137,-3.2373137,-3.547314,-2.6373138,-4.227314,-5.417314,-4.657314,-3.777314,-2.1173139,-0.82731384,-1.1873138,0.13268615,-1.3773139,-3.287314,-3.307314,-3.4973137,-4.727314,-1.9773139,-2.337314,-1.2573138,-1.4673139,1.3426862,1.9426862,2.3126862
0.06268616,-0.07731384,-0.20731384,-0.017313844,-0.99731386,-1.8673139,-2.1473138,-2.6873138,-0.58731383,1.5626862,2.0226862,0.33268616,0.11268616,-1.0473138,-3.4373138,-4.3173137,-5.217314,-4.1273136,-3.047314,-2.7373137,-1.6673138,-1.3073138,-2.0073137,-3.4573138,-4.077314,-3.0073137,-2.587314,-0.45731384,-0.45731384,-0.80731386,-0.98731387,-1.5073138,-3.2473137,-3.1273139,-3.097314,-3.1673138,-0.55731386,-0.45731384,1.2926861,4.4326863,-0.6073139
1.0926862,0.21268615,0.66268617,-0.79731387,-1.4773139,-1.3173138,-1.6373138,-1.5673138,-1.6273139,0.29268616,0.63268614,1.1126862,0.17268616,-1.0173138,-3.1673138,-3.577314,-4.3573136,-4.187314,-2.7073138,-3.267314,-1.9673139,-2.3573139,-2.7373137,-2.577314,-2.047314,-2.6273139,-1.9073138,-2.317314,-1.6873138,-1.9473138,-0.45731384,-2.6773138,-2.567314,-1.6873138,-2.1473138,-2.4673138,-0.37731385,-1.1373138,-1.7473139,-0.80731386,0.18268615
-0.32731384,-0.20731384,-0.74731386,0.9026862,0.40268615,-1.6073139,-1.9473138,-1.7273139,-1.4273138,-0.50731385,-0.26731384,-0.7273138,-0.44731385,-1.1173139,-3.317314,-3.827314,-3.597314,-4.217314,-3.097314,-3.587314,-3.547314,-3.347314,-3.1573138,-2.3873138,-1.8873138,-2.597314,-3.4173138,-4.2973137,-3.6873138,-4.0873137,-2.4473138,-0.55731386,-2.2373137,-1.0173138,-0.9073138,-1.5273138,-0.40731385,0.03268616,-0.15731384,1.0826862,-0.38731384
-0.09731384,-0.20731384,-0.39731383,-0.61731386,-0.93731385,-1.2373139,-1.5573138,-0.87731385,-1.6573138,0.31268615,-0.13731384,-0.80731386,-2.2473137,-1.4373138,-3.6073139,-4.017314,-3.337314,-2.9873137,-3.317314,-3.017314,-3.1073139,-2.1673138,-1.6973138,-2.9473138,-2.7073138,-2.067314,-3.577314,-2.847314,-2.6973138,-3.2373137,-3.6873138,-2.8673139,0.32268617,-0.89731383,-0.99731386,-0.06731384,-0.9673138,-0.92731386,-2.1473138,-0.74731386,0.11268616
0.41268617,-0.6073139,-0.83731383,0.5226862,-0.5973138,-0.62731385,-1.7673138,-2.297314,-2.3673139,-2.057314,0.24268615,-0.18731384,-2.4673138,-2.6373138,-3.4673138,-4.077314,-3.577314,-3.9273138,-4.167314,-3.6473138,-3.6973138,-3.6373138,-4.227314,-3.3573139,-3.1673138,-3.4473138,-3.6273139,-4.137314,-4.1273136,-3.537314,-3.297314,-2.827314,-2.4273138,-2.6473138,-0.82731384,-0.61731386,0.07268616,0.03268616,-1.0273138,-0.5373138,-0.82731384
-0.057313845,0.45268616,-0.89731383,0.7726862,-0.21731384,0.15268616,-0.45731384,-0.9073138,-1.5273138,-1.3173138,-1.0273138,-1.4673139,0.10268616,-1.9073138,-3.6173139,-3.7073138,-3.6573138,-3.6973138,-3.4873137,-3.7073138,-3.537314,-5.0073137,-4.157314,-4.697314,-4.5273137,-3.807314,-3.6373138,-3.6773138,-3.4473138,-3.4273138,-3.317314,-3.537314,-1.7773138,-1.1673138,-0.83731383,-0.45731384,-0.017313844,0.94268614,0.79268616,0.7826862,0.60268617
