wind_kz.json
{"header": {"discipline":0,"disciplineName":"Meteorological products","gribEdition":2,"gribLength":871,"center":7,"centerName":"US National Weather Service - NCEP(WMC)","subcenter":0,"refTime":"2024-04-08T12:00:00.000Z","significanceOfRT":1,"significanceOfRTName":"Start of forecast","productStatus":0,"productStatusName":"Operational products","productType":1,"productTypeName":"Forecast products","productDefinitionTemplate":0,"productDefinitionTemplateName":"Analysis/forecast at horizontal level/layer at a point in time","parameterCategory":0,"parameterCategoryName":"UnknownDiscipline_0_Category_0","parameterNumber":0,"parameterNumberName":"UnknownParameter_D0_C0_0","parameterUnit":"Unknown","genProcessType":2,"genProcessTypeName":"Forecast","forecastTime":240,"surface1Type":1,"surface1TypeName":"Ground or water surface","surface1Value":0.0,"surface2Type":255,"surface2TypeName":"Missing","surface2Value":0.0,"gridDefinitionTemplate":0,"gridDefinitionTemplateName":"Latitude_Longitude","numberPoints":615,"shape":6,"shapeName":"Earth spherical with radius of 6,371,229.0 m","gridUnits":"degrees","resolution":48,"winds":"true","scanMode":64,"nx":41,"ny":15,"basicAngle":0,"lo1":47.0,"la1":41.0,"lo2":87.0,"la2":55.0,"dx":1.0,"dy":1.0}, "data":
[rows 0 to 14 of 15, columns 0 to 40 of 41]
306.33344,296.33344,300.83344,282.53342,283.73343,284.9334,304.83344,311.33344,308.83344,310.63342,309.73343,309.13342,306.83344,306.63342,305.83344,304.53342,304.33344,301.9334,301.23343,296.9334,301.13342,297.4334,295.73343,292.53342,302.53342,303.13342,292.9334,282.23343,279.73343,280.83344,277.53342,277.4334,292.73343,299.73343,299.9334,300.53342,300.83344,299.9334,299.53342,300.13342,299.63342
283.33344,302.13342,284.33344,283.03342,283.13342,283.73343,313.13342,307.13342,306.4334,308.53342,309.4334,307.63342,308.63342,306.9334,306.03342,304.83344,304.33344,303.23343,300.73343,299.9334,299.33344,296.63342,290.13342,285.9334,273.13342,273.33344,288.63342,284.03342,284.23343,275.53342,278.23343,270.83344,286.83344,263.73343,266.9334,295.9334,295.03342,297.4334,300.33344,292.03342,280.4334
305.13342,284.73343,283.23343,283.13342,283.13342,308.13342,309.23343,306.4334,305.9334,306.53342,306.23343,306.53342,306.9334,306.73343,304.23343,304.23343,302.83344,301.53342,300.63342,301.33344,301.53342,297.9334,294.13342,286.33344,290.33344,288.53342,287.63342,287.13342,284.13342,275.73343,272.53342,272.83344,278.83344,283.33344,285.73343,284.4334,277.83344,282.83344,285.4334,282.13342,275.63342
301.03342,285.53342,283.23343,283.03342,289.03342,309.13342,307.03342,304.53342,303.9334,306.73343,305.73343,302.23343,286.63342,287.83344,303.73343,303.9334,302.63342,302.63342,302.33344,301.9334,296.9334,290.9334,297.13342,297.13342,295.83344,292.9334,291.33344,287.23343,282.83344,285.4334,287.23343,287.03342,291.63342,293.73343,291.63342,286.03342,277.23343,271.03342,278.83344,288.23343,293.83344
306.23343,285.63342,283.9334,284.33344,294.4334,308.53342,305.13342,308.33344,307.63342,306.63342,304.53342,300.9334,286.03342,286.03342,284.53342,304.23343,303.83344,302.73343,301.13342,300.4334,300.4334,300.73343,298.9334,298.83344,296.33344,295.9334,293.73343,288.73343,289.9334,293.9334,294.33344,292.33344,279.53342,272.33344,283.4334,292.63342,288.53342,295.83344,295.73343,298.03342,294.9334
308.53342,303.03342,285.03342,283.73343,282.4334,282.9334,305.03342,305.63342,306.73343,305.73343,303.03342,301.73343,287.4334,285.23343,289.53342,303.33344,302.33344,301.9334,300.63342,299.83344,299.13342,299.13342,299.4334,298.23343,297.73343,296.03342,297.83344,271.83344,297.73343,299.23343,298.23343,298.03342,295.83344,293.23343,289.33344,286.4334,284.4334,286.83344,295.03342,295.73343,292.53342
308.33344,304.33344,301.83344,303.63342,294.4334,304.9334,306.73343,304.9334,302.9334,302.83344,301.63342,298.33344,298.23343,299.03342,299.73343,300.9334,300.63342,300.33344,299.9334,298.53342,297.13342,298.4334,298.4334,297.53342,295.23343,295.33344,295.63342,297.4334,297.53342,295.63342,294.23343,298.23343,296.73343,295.63342,294.53342,291.9334,286.63342,282.4334,280.4334,279.13342,288.9334
305.4334,301.83344,301.03342,302.9334,302.73343,301.83344,302.83344,300.13342,298.73343,299.13342,298.23343,297.63342,297.4334,297.53342,298.4334,298.9334,298.53342,298.4334,296.83344,295.63342,295.83344,296.23343,296.13342,294.63342,293.53342,291.9334,291.53342,294.03342,292.4334,293.13342,292.03342,292.53342,290.63342,287.33344,287.83344,289.73343,290.4334,273.13342,292.03342,292.9334,289.83344
301.9334,300.23343,301.33344,301.33344,300.73343,298.4334,300.13342,298.63342,296.9334,295.83344,296.4334,295.4334,295.73343,296.53342,296.33344,296.33344,296.13342,295.83344,294.73343,294.83344,293.13342,293.73343,294.03342,293.13342,292.4334,291.33344,290.13342,289.9334,290.33344,288.83344,289.9334,288.23343,289.4334,287.73343,288.13342,285.9334,286.13342,286.23343,273.13342,273.13342,270.23343
300.83344,300.23343,299.73343,300.13342,298.4334,298.33344,296.9334,296.73343,296.4334,294.83344,293.83344,294.03342,294.83344,295.63342,294.73343,294.83344,294.9334,295.4334,294.23343,294.63342,294.63342,294.13342,294.73343,293.4334,294.33344,292.23343,292.53342,291.4334,290.4334,290.13342,290.73343,290.13342,289.03342,287.4334,287.13342,286.9334,284.23343,278.33344,273.23343,279.9334,275.83344
298.33344,299.63342,298.83344,298.23343,298.4334,295.73343,294.33344,295.53342,294.83344,294.73343,292.13342,292.83344,293.73343,293.73343,294.53342,294.03342,293.4334,294.03342,293.13342,293.23343,294.33344,294.03342,293.83344,292.9334,292.03342,291.4334,289.23343,291.4334,290.73343,291.23343,290.13342,289.53342,287.63342,286.83344,287.63342,285.33344,280.73343,279.9334,282.53342,280.13342,277.73343
289.63342,296.03342,297.03342,295.83344,294.83344,293.73343,292.9334,292.9334,293.53342,293.53342,290.33344,290.63342,289.73343,290.73343,293.03342,293.83344,293.83344,293.13342,292.23343,291.4334,289.03342,290.33344,289.53342,290.13342,290.03342,290.63342,289.83344,290.23343,290.23343,289.23343,287.9334,286.9334,286.23343,284.33344,284.53342,284.73343,284.63342,284.13342,282.63342,282.53342,280.63342
281.9334,283.13342,287.73343,286.13342,287.23343,287.63342,292.53342,291.33344,292.73343,292.03342,288.53342,287.33344,289.13342,289.13342,290.83344,290.63342,291.33344,292.03342,292.13342,290.03342,289.13342,289.13342,289.33344,288.9334,289.13342,289.23343,290.13342,285.73343,285.13342,285.73343,287.33344,286.23343,285.23343,283.83344,283.03342,283.23343,281.83344,282.53342,281.13342,280.63342,279.73343
281.73343,281.9334,277.23343,284.4334,283.13342,282.83344,283.13342,283.63342,290.23343,289.9334,287.4334,285.4334,288.83344,288.4334,289.4334,291.23343,291.33344,291.63342,291.53342,290.23343,289.33344,288.9334,289.13342,289.33344,289.23343,287.83344,284.73343,283.33344,282.33344,282.9334,284.73343,283.63342,282.53342,280.9334,280.63342,279.03342,279.03342,278.73343,278.9334,277.03342,279.4334
284.53342,284.03342,273.23343,281.63342,280.9334,282.03342,282.03342,282.03342,283.4334,283.4334,284.63342,288.33344,283.83344,283.33344,286.63342,290.63342,291.03342,288.9334,291.03342,288.73343,288.4334,286.83344,287.13342,285.53342,282.73343,279.53342,279.9334,279.53342,279.73343,281.83344,280.4334,277.4334,279.63342,278.23343,277.63342,277.23343,278.03342,276.73343,277.23343,276.83344,276.73343
