wind_kz.json
{"header": {"discipline":0,"disciplineName":"Meteorological products","gribEdition":2,"gribLength":871,"center":7,"centerName":"US National Weather Service - NCEP(WMC)","subcenter":0,"refTime":"2023-08-24T06:00:00.000Z","significanceOfRT":1,"significanceOfRTName":"Start of forecast","productStatus":0,"productStatusName":"Operational products","productType":1,"productTypeName":"Forecast products","productDefinitionTemplate":0,"productDefinitionTemplateName":"Analysis/forecast at horizontal level/layer at a point in time","parameterCategory":2,"parameterCategoryName":"UnknownDiscipline_0_Category_2","parameterNumber":2,"parameterNumberName":"UnknownParameter_D0_C2_2","parameterUnit":"Unknown","genProcessType":2,"genProcessTypeName":"Forecast","forecastTime":180,"surface1Type":103,"surface1TypeName":"Specified height level above ground","surface1Value":10.0,"surface2Type":255,"surface2TypeName":"Missing","surface2Value":0.0,"gridDefinitionTemplate":0,"gridDefinitionTemplateName":"Latitude_Longitude","numberPoints":615,"shape":6,"shapeName":"Earth spherical with radius of 6,371,229.0 m","gridUnits":"degrees","resolution":48,"winds":"true","scanMode":64,"nx":41,"ny":15,"basicAngle":0,"lo1":47.0,"la1":41.0,"lo2":87.0,"la2":55.0,"dx":1.0,"dy":1.0}, "data":
[rows 0 to 14 of 15, columns 0 to 40 of 41]
-1.9411598,-0.24115983,2.75884,-1.8411598,-2.1411598,-2.4411597,-0.14115982,-6.84116,-5.84116,-5.4411597,-4.74116,-4.24116,-2.6411598,-3.4411597,-3.6411598,-3.3411598,-1.7411598,-1.8411598,-3.4411597,-3.9411597,-3.0411599,-1.9411598,-1.5411599,-2.3411598,-1.8411598,-2.5411599,-2.3411598,1.1588402,1.1588402,2.75884,1.9588401,-0.5411598,-0.7411598,-2.24116,-2.6411598,-4.64116,-4.84116,-4.64116,-4.4411597,-2.9411597,-4.14116
1.6588402,1.2588402,-7.84116,-6.74116,-3.3411598,-1.3411598,-4.0411596,-6.34116,-3.8411598,-4.34116,-3.74116,-2.3411598,-1.1411598,-3.0411599,-2.0411599,-1.9411598,-0.24115983,-2.4411597,-2.4411597,-3.0411599,-2.5411599,-1.7411598,-0.14115982,-2.0411599,-0.94115984,0.55884016,-0.5411598,1.9588401,2.9588401,0.85884017,-0.04115982,0.7588402,-1.7411598,-2.4411597,-0.34115982,-1.7411598,-2.0411599,-0.24115983,-0.64115983,0.25884017,-5.4411597
-1.2411598,-9.54116,-9.34116,-6.84116,-6.0411596,-3.5411599,-5.24116,-4.34116,-4.4411597,-2.6411598,-2.24116,-4.84116,-4.0411596,-3.1411598,-2.24116,-1.1411598,0.35884017,-2.0411599,-2.1411598,-2.74116,-2.3411598,-0.24115983,-1.0411599,-0.04115982,0.15884018,-1.0411599,-2.74116,-2.0411599,-1.5411599,0.15884018,-1.0411599,1.1588402,-0.5411598,3.4588401,-0.04115982,-2.8411598,0.7588402,-0.7411598,4.85884,-0.64115983,-1.1411598
-6.64116,-9.44116,-8.741159,-6.64116,-3.5411599,-3.3411598,-3.3411598,-2.4411597,-1.2411598,-2.24116,-1.5411599,-1.8411598,-2.9411597,-1.4411598,-0.34115982,0.25884017,0.4588402,1.0588402,2.75884,2.4588401,-1.7411598,-1.3411598,1.7588402,-0.14115982,0.6588402,1.6588402,0.15884018,-1.1411598,1.5588402,4.25884,4.4588404,4.15884,9.85884,10.15884,8.55884,2.4588401,-1.4411598,1.2588402,0.35884017,2.5588403,7.65884
-6.24116,-7.84116,-6.84116,-5.34116,0.7588402,-2.1411598,-3.24116,-1.0411599,-1.6411598,-2.5411599,-1.4411598,-0.8411598,2.4588401,2.25884,2.5588403,2.1588402,3.3588402,2.25884,1.4588401,2.5588403,1.6588402,1.2588402,1.6588402,2.5588403,-0.5411598,-0.24115983,0.35884017,4.35884,5.0588403,3.4588401,3.4588401,3.1588402,2.25884,0.9588402,2.0588403,-2.6411598,14.758841,0.25884017,4.65884,7.15884,7.9588404
-4.24116,-3.24116,-4.0411596,-5.64116,-5.9411597,-6.4411597,-3.6411598,-1.7411598,-1.4411598,0.4588402,2.4588401,3.5588403,3.4588401,4.9588404,4.65884,3.1588402,3.9588401,3.0588403,3.3588402,3.75884,3.0588403,1.5588402,2.25884,3.25884,1.1588402,2.3588402,3.3588402,5.25884,3.0588403,3.25884,4.4588404,4.15884,2.3588402,2.5588403,1.9588401,4.35884,6.15884,9.65884,17.85884,10.85884,-0.14115982
-1.7411598,-2.1411598,-1.4411598,-1.2411598,-1.2411598,-0.7411598,1.2588402,3.1588402,3.6588402,3.9588401,3.6588402,3.0588403,2.5588403,2.9588401,2.1588402,4.0588403,4.25884,3.9588401,3.4588401,3.75884,3.3588402,3.0588403,2.9588401,2.9588401,2.8588402,2.0588403,2.4588401,2.5588403,1.6588402,3.75884,2.5588403,2.0588403,4.5588403,5.85884,6.0588403,4.5588403,3.8588402,-2.1411598,2.5588403,1.0588402,12.958841
-0.04115982,-0.34115982,1.1588402,1.9588401,2.9588401,3.25884,4.75884,5.75884,6.85884,4.4588404,3.25884,3.3588402,2.3588402,3.6588402,5.5588403,4.75884,4.9588404,4.0588403,2.4588401,3.0588403,3.9588401,2.75884,3.25884,3.0588403,3.3588402,1.6588402,2.6588402,2.3588402,2.3588402,1.5588402,0.9588402,6.0588403,2.9588401,3.5588403,1.2588402,8.85884,2.1588402,8.758841,11.35884,12.05884,8.95884
0.55884016,-0.34115982,1.4588401,2.3588402,3.1588402,3.5588403,3.8588402,2.6588402,2.0588403,2.8588402,4.5588403,4.0588403,8.15884,7.0588403,5.85884,4.9588404,6.65884,5.15884,3.75884,3.8588402,3.8588402,3.9588401,3.3588402,3.75884,2.9588401,1.1588402,1.5588402,1.4588401,1.7588402,2.75884,1.3588402,3.0588403,6.5588403,-0.24115983,0.9588402,2.5588403,-0.04115982,2.4588401,1.4588401,0.7588402,1.2588402
1.9588401,2.4588401,3.0588403,3.5588403,3.6588402,1.3588402,-0.8411598,0.85884017,2.6588402,6.75884,6.5588403,5.9588404,7.65884,7.5588403,8.05884,6.25884,7.25884,4.0588403,3.75884,2.8588402,3.5588403,4.75884,2.5588403,4.4588404,2.0588403,1.3588402,0.6588402,2.0588403,2.1588402,3.5588403,1.7588402,3.25884,3.9588401,-0.04115982,-0.34115982,-0.7411598,-0.4411598,0.7588402,1.7588402,0.55884016,1.7588402
2.75884,3.6588402,3.0588403,-0.7411598,-1.3411598,0.058840178,2.4588401,4.65884,5.25884,4.9588404,5.4588404,4.9588404,4.15884,4.4588404,4.5588403,5.5588403,3.5588403,3.1588402,2.0588403,2.8588402,4.5588403,4.0588403,3.4588401,4.35884,5.85884,3.5588403,2.4588401,2.0588403,3.4588401,2.75884,2.5588403,2.8588402,3.1588402,-0.5411598,1.3588402,-0.24115983,-0.7411598,1.8588402,-0.4411598,-0.64115983,-0.34115982
-1.4411598,-1.4411598,0.35884017,2.25884,2.0588403,3.3588402,3.25884,3.4588401,3.8588402,1.6588402,-0.04115982,1.3588402,1.3588402,3.3588402,3.3588402,2.1588402,3.6588402,2.0588403,0.55884016,1.7588402,2.1588402,2.4588401,3.1588402,5.0588403,6.75884,6.65884,2.75884,3.5588403,2.6588402,2.8588402,1.4588401,1.8588402,0.55884016,2.0588403,0.55884016,1.5588402,0.058840178,-0.34115982,-0.34115982,-0.24115983,1.4588401
1.5588402,3.0588403,2.75884,3.0588403,3.0588403,2.9588401,2.8588402,3.9588401,2.75884,1.5588402,1.4588401,5.75884,4.9588404,4.35884,5.15884,4.15884,4.5588403,3.4588401,3.4588401,2.5588403,1.8588402,3.5588403,4.4588404,5.85884,7.5588403,6.5588403,5.5588403,3.0588403,2.5588403,2.1588402,1.5588402,2.1588402,1.1588402,1.3588402,2.1588402,1.0588402,1.0588402,-0.24115983,0.6588402,1.3588402,-0.8411598
1.7588402,1.3588402,1.4588401,2.6588402,1.1588402,0.7588402,-0.4411598,0.15884018,1.7588402,2.25884,2.0588403,3.8588402,2.9588401,4.9588404,5.85884,5.75884,5.9588404,2.3588402,1.2588402,1.9588401,2.5588403,3.0588403,4.35884,6.15884,3.5588403,4.75884,2.8588402,1.9588401,0.7588402,1.6588402,0.25884017,0.25884017,1.0588402,0.85884017,1.6588402,1.3588402,0.6588402,-0.14115982,-0.8411598,2.25884,1.6588402
0.25884017,0.9588402,0.6588402,-1.3411598,0.7588402,1.1588402,1.5588402,2.0588403,2.75884,2.1588402,1.6588402,3.9588401,3.8588402,4.0588403,5.15884,5.35884,4.4588404,3.1588402,2.4588401,2.5588403,3.25884,2.9588401,4.15884,3.5588403,2.5588403,3.25884,0.25884017,0.15884018,1.5588402,1.6588402,0.6588402,0.15884018,0.85884017,0.7588402,1.8588402,2.6588402,1.0588402,0.4588402,1.9588401,0.058840178,0.35884017
