wind.json
{"header": {"discipline":0,"disciplineName":"Meteorological products","gribEdition":2,"gribLength":953,"center":7,"centerName":"US National Weather Service - NCEP(WMC)","subcenter":0,"refTime":"2023-06-28T00:00:00.000Z","significanceOfRT":1,"significanceOfRTName":"Start of forecast","productStatus":0,"productStatusName":"Operational products","productType":1,"productTypeName":"Forecast products","productDefinitionTemplate":0,"productDefinitionTemplateName":"Analysis/forecast at horizontal level/layer at a point in time","parameterCategory":0,"parameterCategoryName":"UnknownDiscipline_0_Category_0","parameterNumber":0,"parameterNumberName":"UnknownParameter_D0_C0_0","parameterUnit":"Unknown","genProcessType":2,"genProcessTypeName":"Forecast","forecastTime":0,"surface1Type":1,"surface1TypeName":"Ground or water surface","surface1Value":0.0,"surface2Type":255,"surface2TypeName":"Missing","surface2Value":0.0,"gridDefinitionTemplate":0,"gridDefinitionTemplateName":"Latitude_Longitude","numberPoints":688,"shape":6,"shapeName":"Earth spherical with radius of 6,371,229.0 m","gridUnits":"degrees","resolution":48,"winds":"true","scanMode":64,"nx":43,"ny":16,"basicAngle":0,"lo1":45.0,"la1":40.0,"lo2":87.0,"la2":55.0,"dx":1.0,"dy":1.0}, "data":
[rows 0 to 15 of 16, columns 0 to 42 of 43]
281.17554,278.17554,293.37555,296.57553,295.87555,296.97552,296.17554,294.27554,296.77554,297.07553,300.97552,300.27554,301.17554,300.07553,298.67554,298.67554,298.57553,298.27554,298.47552,298.47552,296.97552,295.67554,292.77554,294.57553,292.37555,288.27554,288.97552,282.47552,277.37555,277.47552,281.27554,291.27554,292.47552,292.37555,295.47552,296.27554,298.07553,296.17554,299.67554,298.67554,296.57553,296.37555,296.37555
285.77554,293.87555,292.67554,285.27554,288.57553,295.67554,295.87555,294.17554,295.67554,300.57553,299.57553,299.37555,298.47552,300.07553,298.77554,298.07553,297.27554,295.27554,295.87555,296.37555,295.17554,295.77554,296.07553,295.17554,292.87555,287.27554,292.97552,294.27554,290.17554,277.07553,277.67554,276.97552,276.27554,277.07553,288.27554,295.17554,296.47552,296.97552,297.17554,298.57553,297.07553,297.97552,297.27554
285.97552,282.87555,273.47552,289.17554,295.47552,295.67554,295.57553,293.67554,300.87555,299.67554,298.07553,299.37555,297.67554,296.87555,295.77554,294.77554,292.37555,291.67554,292.67554,293.37555,292.17554,292.07553,294.17554,294.57553,291.77554,285.07553,271.97552,274.77554,284.27554,276.87555,278.67554,274.77554,281.57553,269.27554,282.37555,256.77554,275.57553,292.97552,292.87555,294.97552,298.27554,290.27554,283.27554
287.17554,288.07553,291.67554,295.77554,295.47552,295.67554,294.97552,298.87555,300.57553,298.57553,298.77554,295.97552,295.27554,294.77554,292.07553,292.77554,293.47552,291.57553,291.77554,290.17554,289.87555,290.17554,291.67554,291.57553,293.57553,286.77554,288.57553,285.97552,290.87555,291.07553,289.87555,281.87555,275.67554,278.17554,281.57553,282.17554,283.17554,284.37555,278.97552,280.67554,282.67554,279.17554,275.67554
292.57553,294.77554,291.27554,296.57553,296.57553,295.57553,295.57553,298.77554,298.67554,297.37555,295.97552,294.67554,293.87555,292.17554,293.97552,293.47552,291.07553,289.37555,291.47552,289.37555,291.77554,290.37555,290.27554,285.27554,290.17554,291.37555,292.07553,292.07553,293.17554,290.97552,291.87555,293.37555,294.37555,291.17554,295.77554,293.97552,293.97552,290.67554,279.97552,275.67554,283.37555,291.47552,294.67554
294.37555,295.57553,294.17554,296.87555,296.67554,297.17554,297.47552,297.07553,297.47552,297.77554,295.87555,293.67554,292.07553,290.67554,294.47552,294.07553,291.27554,291.07553,291.27554,290.57553,288.67554,291.17554,291.27554,290.57553,289.47552,289.37555,289.87555,291.07553,290.97552,293.67554,291.67554,293.57553,297.67554,293.67554,284.77554,273.87555,284.77554,293.07553,293.77554,297.87555,297.67554,296.97552,297.27554
290.57553,294.37555,292.57553,291.17554,297.67554,296.27554,296.37555,295.97552,296.57553,296.47552,295.17554,293.27554,292.37555,291.47552,292.57553,293.47552,291.57553,289.57553,289.47552,289.57553,288.37555,290.27554,288.47552,288.07553,287.47552,287.47552,287.27554,286.87555,289.37555,290.27554,290.57553,294.37555,294.17554,296.37555,295.17554,292.57553,293.47552,292.67554,290.07553,289.77554,296.57553,298.07553,297.07553
290.37555,292.77554,292.07553,291.97552,294.37555,294.67554,294.67554,293.77554,296.77554,295.87555,294.57553,294.17554,291.57553,290.47552,289.57553,288.77554,288.07553,288.27554,287.47552,287.27554,287.67554,286.17554,285.57553,286.97552,286.57553,286.87555,285.77554,286.07553,286.47552,288.67554,288.57553,289.67554,291.17554,293.27554,294.57553,295.07553,294.57553,293.47552,289.57553,286.87555,284.07553,284.67554,293.87555
289.07553,289.27554,290.57553,292.27554,293.57553,294.57553,294.97552,294.37555,295.57553,293.97552,290.07553,290.77554,289.27554,288.37555,285.87555,287.97552,287.97552,287.77554,286.97552,286.57553,285.47552,283.37555,283.97552,284.77554,285.57553,287.87555,286.97552,284.97552,285.47552,286.57553,284.07553,286.67554,286.57553,288.67554,289.57553,288.97552,291.17554,292.77554,295.77554,287.97552,294.77554,293.97552,290.97552
289.17554,288.67554,289.17554,293.87555,293.77554,293.47552,294.87555,293.87555,291.17554,289.87555,288.77554,287.57553,285.57553,284.67554,282.97552,284.17554,284.17554,285.47552,284.37555,284.27554,283.97552,283.57553,281.97552,282.77554,285.87555,286.17554,285.07553,285.67554,283.77554,283.37555,283.57553,283.27554,282.97552,285.17554,287.77554,289.27554,290.87555,287.27554,288.77554,291.77554,281.87555,280.87555,281.17554
285.67554,286.07553,290.57553,291.37555,293.07553,292.07553,292.07553,290.27554,288.57553,286.07553,285.07553,283.07553,282.67554,282.37555,283.07553,283.67554,283.67554,283.87555,283.57553,283.27554,283.07553,283.17554,282.27554,283.97552,285.17554,285.97552,285.57553,284.77554,284.47552,283.87555,284.37555,284.97552,285.47552,287.17554,288.57553,290.07553,290.57553,290.67554,286.47552,283.87555,285.07553,280.47552,281.17554
285.67554,288.27554,287.07553,288.87555,290.17554,288.97552,287.87555,286.57553,285.87555,283.97552,283.67554,282.77554,281.97552,282.17554,283.67554,282.07553,282.57553,282.47552,281.87555,282.57553,282.37555,281.97552,282.67554,283.17554,284.47552,284.97552,284.77554,284.77554,283.57553,285.77554,286.47552,288.07553,289.37555,289.87555,288.77554,289.27554,289.67554,287.47552,283.87555,281.57553,283.07553,283.67554,283.97552
285.27554,285.67554,288.27554,288.27554,288.17554,286.47552,285.07553,283.97552,282.57553,281.97552,282.07553,281.07553,279.37555,281.47552,282.17554,281.37555,284.17554,283.37555,281.47552,281.77554,281.37555,282.17554,283.67554,284.07553,284.47552,284.47552,283.87555,284.87555,285.07553,286.27554,286.97552,287.77554,288.57553,288.97552,287.77554,286.87555,287.57553,288.47552,288.37555,289.57553,286.77554,288.67554,288.07553
285.67554,285.87555,285.77554,283.37555,283.37555,283.47552,283.57553,287.67554,281.67554,281.67554,279.67554,280.17554,279.37555,278.97552,284.57553,281.37555,284.47552,284.47552,281.37555,280.87555,284.27554,281.57553,283.87555,283.37555,283.57553,283.37555,284.17554,284.97552,286.87555,286.57553,286.97552,286.37555,287.47552,288.87555,287.87555,287.47552,287.77554,287.77554,288.37555,289.27554,288.07553,290.47552,289.07553
284.87555,283.27554,282.17554,282.97552,286.37555,287.67554,288.27554,282.37555,282.07553,281.77554,282.27554,281.37555,284.77554,278.67554,283.57553,281.97552,285.27554,282.77554,281.47552,283.57553,281.47552,282.37555,283.77554,282.27554,284.07553,284.47552,284.97552,285.67554,286.07553,284.97552,286.17554,286.17554,286.67554,286.27554,285.67554,286.47552,287.27554,287.17554,287.77554,287.77554,288.17554,290.17554,289.37555
287.07553,287.97552,288.07553,286.17554,289.17554,284.17554,283.87555,282.27554,283.07553,282.37555,282.47552,282.37555,285.67554,283.77554,283.17554,281.17554,282.17554,281.57553,281.47552,283.77554,284.27554,280.97552,281.07553,282.17554,284.07553,283.47552,283.87555,284.07553,284.17554,285.07553,284.37555,285.37555,284.77554,284.47552,285.67554,287.57553,286.17554,287.97552,287.97552,286.17554,289.77554,288.67554,287.87555
