wind_kz.json
{"header": {"discipline":0,"disciplineName":"Meteorological products","gribEdition":2,"gribLength":948,"center":7,"centerName":"US National Weather Service - NCEP(WMC)","subcenter":0,"refTime":"2023-08-24T06:00:00.000Z","significanceOfRT":1,"significanceOfRTName":"Start of forecast","productStatus":0,"productStatusName":"Operational products","productType":1,"productTypeName":"Forecast products","productDefinitionTemplate":0,"productDefinitionTemplateName":"Analysis/forecast at horizontal level/layer at a point in time","parameterCategory":0,"parameterCategoryName":"UnknownDiscipline_0_Category_0","parameterNumber":0,"parameterNumberName":"UnknownParameter_D0_C0_0","parameterUnit":"Unknown","genProcessType":2,"genProcessTypeName":"Forecast","forecastTime":0,"surface1Type":1,"surface1TypeName":"Ground or water surface","surface1Value":0.0,"surface2Type":255,"surface2TypeName":"Missing","surface2Value":0.0,"gridDefinitionTemplate":0,"gridDefinitionTemplateName":"Latitude_Longitude","numberPoints":615,"shape":6,"shapeName":"Earth spherical with radius of 6,371,229.0 m","gridUnits":"degrees","resolution":48,"winds":"true","scanMode":64,"nx":41,"ny":15,"basicAngle":0,"lo1":47.0,"la1":41.0,"lo2":87.0,"la2":55.0,"dx":1.0,"dy":1.0}, "data":
[rows 0 to 14 of 15, columns 0 to 40 of 41]
313.8978,298.8978,307.9978,300.3978,300.3978,299.3978,313.2978,321.2978,318.8978,320.9978,318.1978,319.5978,318.2978,318.6978,321.4978,323.7978,324.3978,321.4978,329.8978,324.8978,327.3978,321.8978,318.5978,317.0978,318.0978,321.2978,313.9978,303.4978,301.6978,303.1978,301.5978,294.0978,309.9978,316.6978,324.9978,324.9978,327.0978,327.0978,325.3978,325.4978,323.3978
290.9978,308.4978,300.2978,300.5978,300.5978,299.0978,316.7978,317.8978,317.2978,317.6978,317.6978,317.4978,317.1978,315.2978,318.5978,320.8978,322.6978,324.9978,323.7978,326.5978,328.5978,323.1978,320.6978,310.2978,304.4978,298.8978,309.3978,296.1978,303.4978,292.3978,299.1978,293.8978,303.4978,273.4978,297.0978,313.4978,316.5978,314.5978,320.8978,311.3978,285.6978
308.8978,299.5978,300.6978,300.6978,299.2978,314.2978,313.7978,314.6978,314.7978,314.0978,315.7978,317.9978,316.5978,315.5978,316.3978,319.8978,320.8978,321.6978,324.0978,325.8978,326.4978,323.1978,322.7978,316.0978,320.2978,318.7978,318.6978,317.5978,316.6978,295.8978,295.4978,292.7978,305.2978,305.0978,304.7978,304.6978,292.8978,293.9978,298.6978,295.2978,294.3978
311.9978,300.6978,300.2978,299.6978,301.4978,302.0978,312.5978,312.2978,312.7978,313.7978,314.6978,315.1978,296.5978,295.4978,313.7978,317.7978,315.7978,319.0978,321.5978,324.0978,321.7978,317.8978,319.9978,321.0978,325.3978,324.5978,325.7978,321.1978,322.2978,324.5978,324.9978,317.5978,320.1978,324.8978,324.2978,314.2978,295.4978,289.8978,296.8978,315.0978,318.4978
308.9978,300.1978,300.3978,300.4978,305.8978,311.2978,311.1978,313.0978,313.2978,312.0978,313.5978,300.9978,296.5978,294.9978,292.1978,313.0978,313.7978,311.6978,315.2978,315.6978,318.4978,320.2978,321.9978,321.2978,322.8978,324.1978,323.8978,316.2978,323.5978,323.8978,324.5978,321.3978,296.7978,294.5978,307.9978,320.1978,313.5978,329.3978,329.0978,323.7978,322.5978
309.2978,308.2978,298.5978,299.6978,300.2978,299.8978,309.1978,316.7978,314.4978,311.3978,309.6978,304.6978,298.3978,295.1978,302.2978,308.2978,311.6978,312.5978,314.7978,315.4978,317.2978,317.5978,319.9978,316.7978,321.2978,320.6978,318.5978,294.6978,323.7978,323.3978,323.1978,322.0978,327.6978,321.7978,313.9978,312.4978,306.9978,310.2978,325.5978,326.3978,323.2978
307.7978,305.7978,298.6978,299.4978,307.9978,312.1978,317.5978,308.5978,309.1978,306.3978,301.2978,301.6978,299.0978,303.6978,311.4978,308.7978,309.4978,310.4978,312.5978,313.9978,312.4978,317.7978,318.4978,318.3978,315.3978,318.5978,320.1978,319.1978,319.8978,319.0978,320.4978,321.4978,323.1978,320.8978,323.0978,316.8978,308.5978,307.0978,303.2978,289.3978,316.6978
306.6978,308.4978,300.2978,308.7978,300.4978,310.4978,311.1978,304.7978,297.9978,311.1978,303.1978,301.2978,308.8978,308.5978,310.5978,310.0978,311.9978,311.3978,311.9978,312.9978,310.1978,317.4978,316.5978,319.4978,314.5978,314.2978,312.4978,312.2978,311.6978,311.7978,312.5978,316.6978,316.1978,313.5978,314.6978,321.9978,321.9978,291.7978,318.3978,317.9978,313.1978
304.5978,305.9978,307.0978,307.3978,306.9978,311.9978,306.6978,309.8978,302.7978,306.7978,306.7978,306.9978,307.8978,309.4978,307.8978,309.2978,308.6978,310.1978,309.7978,310.2978,309.9978,306.3978,313.0978,304.1978,311.7978,315.2978,311.7978,305.3978,306.1978,304.1978,308.2978,309.7978,312.8978,314.1978,315.5978,315.6978,308.8978,309.1978,302.1978,296.3978,297.2978
301.0978,303.3978,302.1978,301.8978,306.6978,300.0978,300.5978,306.0978,292.6978,303.5978,302.8978,303.3978,304.8978,306.5978,304.9978,305.1978,304.1978,302.5978,302.1978,307.4978,308.3978,308.8978,311.0978,306.2978,301.9978,303.9978,303.1978,304.6978,305.7978,304.8978,311.2978,313.1978,316.2978,316.0978,314.3978,309.6978,303.6978,298.7978,301.2978,297.3978,300.6978
301.0978,296.3978,292.4978,302.0978,300.2978,302.3978,293.6978,303.2978,301.6978,301.8978,299.9978,293.7978,303.3978,302.5978,304.1978,303.4978,300.1978,299.6978,303.8978,301.0978,303.7978,306.7978,306.7978,307.5978,301.2978,298.9978,298.5978,305.0978,306.0978,306.9978,314.7978,316.7978,312.6978,311.2978,310.1978,306.1978,300.3978,299.1978,302.0978,299.0978,297.2978
289.8978,297.6978,301.0978,301.0978,301.2978,299.5978,297.3978,294.4978,297.2978,296.0978,294.7978,293.4978,296.5978,297.2978,298.9978,298.8978,299.3978,299.3978,298.5978,298.4978,293.0978,291.8978,293.2978,298.1978,299.7978,303.6978,302.5978,299.5978,303.6978,305.8978,306.1978,312.0978,309.8978,307.9978,307.0978,307.3978,306.8978,308.7978,305.4978,304.5978,302.6978
287.3978,290.3978,292.1978,293.4978,289.0978,292.3978,292.0978,291.9978,295.6978,289.8978,289.8978,291.0978,294.7978,293.1978,298.2978,296.3978,295.8978,295.7978,296.3978,294.7978,295.5978,295.6978,293.9978,288.3978,289.2978,294.1978,308.0978,298.1978,298.0978,301.7978,307.8978,309.6978,308.6978,309.4978,307.2978,304.4978,304.9978,304.6978,303.3978,301.9978,300.8978
284.4978,284.5978,288.1978,284.8978,284.9978,284.6978,290.4978,294.5978,297.1978,296.7978,289.1978,287.2978,292.1978,293.9978,294.1978,293.1978,294.0978,295.0978,295.7978,295.5978,296.4978,296.4978,296.1978,297.2978,292.9978,292.2978,297.0978,299.7978,300.6978,301.1978,304.8978,307.8978,302.8978,304.0978,305.4978,306.1978,303.9978,302.8978,303.2978,301.2978,301.0978
283.0978,286.6978,291.2978,289.1978,290.9978,291.1978,290.2978,290.6978,294.9978,296.0978,291.5978,291.8978,287.2978,288.9978,291.5978,291.8978,292.0978,292.9978,294.2978,294.1978,295.3978,296.4978,297.4978,296.4978,297.3978,291.5978,290.3978,295.1978,296.8978,299.0978,299.4978,291.0978,302.9978,305.3978,304.7978,304.1978,303.9978,301.9978,304.3978,302.5978,301.8978
