wind_kz.json
{"header": {"discipline":0,"disciplineName":"Meteorological products","gribEdition":2,"gribLength":1025,"center":7,"centerName":"US National Weather Service - NCEP(WMC)","subcenter":0,"refTime":"2024-02-02T12:00:00.000Z","significanceOfRT":1,"significanceOfRTName":"Start of forecast","productStatus":0,"productStatusName":"Operational products","productType":1,"productTypeName":"Forecast products","productDefinitionTemplate":0,"productDefinitionTemplateName":"Analysis/forecast at horizontal level/layer at a point in time","parameterCategory":2,"parameterCategoryName":"UnknownDiscipline_0_Category_2","parameterNumber":3,"parameterNumberName":"UnknownParameter_D0_C2_3","parameterUnit":"Unknown","genProcessType":2,"genProcessTypeName":"Forecast","forecastTime":300,"surface1Type":103,"surface1TypeName":"Specified height level above ground","surface1Value":10.0,"surface2Type":255,"surface2TypeName":"Missing","surface2Value":0.0,"gridDefinitionTemplate":0,"gridDefinitionTemplateName":"Latitude_Longitude","numberPoints":615,"shape":6,"shapeName":"Earth spherical with radius of 6,371,229.0 m","gridUnits":"degrees","resolution":48,"winds":"true","scanMode":64,"nx":41,"ny":15,"basicAngle":0,"lo1":47.0,"la1":41.0,"lo2":87.0,"la2":55.0,"dx":1.0,"dy":1.0}, "data":
[rows 0 to 14 of 15, columns 0 to 40 of 41]
3.0827172,-0.23728271,-0.45728272,1.4027172,-0.8472827,-0.62728274,-2.5672827,-1.4572827,-1.0972828,-2.1672828,-2.7172828,-2.9572828,-2.8972826,-3.2772827,-2.9872828,-3.3572826,-3.9772828,-2.8572826,-1.8072827,-2.2472827,-4.1472826,-3.0972826,-1.1972827,-0.8872827,0.16271728,-1.4772828,-1.0272827,2.0127172,2.5227172,1.6727173,-3.2672827,-4.6672826,1.6027173,-0.19728272,0.5827173,0.48271728,0.8627173,-0.067282714,0.35271728,0.39271727,0.3327173
5.9827175,1.9927173,2.8827174,0.6627173,-0.5972827,-0.12728271,-2.6272826,-0.93728274,-1.0372827,-2.0472827,-2.7172828,-3.1672828,-3.1272826,-2.8672826,-3.1372826,-3.0872827,-2.7672827,-1.6372827,-2.9972827,-3.7972827,-2.7572827,-1.4572827,-1.1372827,3.5227172,3.8427172,2.3727174,-2.3472826,3.4027174,1.2027173,3.2327173,7.2227173,6.5027175,-0.4672827,-2.0572827,-5.407283,-2.4272828,-2.1672828,-1.0772827,-0.10728271,0.12271728,0.26271728
2.7427173,3.7027173,2.1727173,0.50271726,0.44271728,-0.8372827,-1.8172827,-2.3172827,-1.7472827,-2.4972827,-3.0972826,-2.9172828,-2.5672827,-2.4272828,-2.1872828,-1.9172827,-2.6472826,-3.3972826,-2.3772826,-0.6772827,-1.6172827,-1.4472827,0.4027173,3.1927173,-3.1272826,-1.4072827,-0.3172827,-1.7472827,-1.2672827,1.6827173,3.9927173,3.8027172,3.5027173,-2.2272828,-0.6572827,1.6227173,5.2727175,0.22271729,0.62271726,-1.7672827,-0.067282714
-0.13728271,1.1027173,0.62271726,0.42271727,-1.2472827,-1.8372827,-2.6872828,-2.7372828,-3.0372827,-3.2672827,-3.5272827,-2.6272826,-5.0072827,-4.717283,-2.3472826,-2.3872826,-2.2672827,-2.9572828,-2.8572826,-1.4672828,0.6627173,1.9327173,-4.217283,-2.8372827,-3.2072828,-2.4272828,-3.5272827,-2.5472827,2.4227173,1.6027173,1.7127173,-0.62728274,-1.5772827,-0.74728274,-1.0372827,-3.7172828,-1.4272827,2.3527174,3.6527174,1.9427173,1.2427173
-0.69728273,-1.2272828,-1.3372827,-1.8672827,-2.0172827,-3.0472827,-3.4772828,-2.9372828,-3.5172827,-3.8272827,-4.097283,-3.8172827,-5.217283,-4.8972826,-4.8172827,-3.7372828,-3.1072826,-2.5472827,-2.0372827,-3.1372826,-1.7672827,-0.047282714,-0.07728271,-0.5772827,-1.5872827,-1.9372827,-0.35728273,-0.16728272,-1.0772827,-0.5572827,3.6827173,2.4827173,3.0727172,3.0527172,-1.7472827,-1.0072827,-0.2572827,-1.4172827,-0.4472827,0.56271726,1.1927173
-0.7272827,-0.6772827,-1.0672827,-1.5872827,-2.7872827,-3.1072826,-4.2072825,-4.6072826,-4.677283,-4.717283,-5.117283,-5.2272825,-5.9172826,-6.4172826,-4.157283,-2.7572827,-2.2572827,-2.3572826,-2.4972827,-2.2372828,-3.8172827,-2.6072826,-0.42728272,0.09271728,-0.8972827,-0.9572827,-2.5372827,-1.3672827,-0.7372827,0.44271728,2.3327172,2.7127173,2.6327174,2.8127172,4.1027174,9.042717,4.572717,2.6627173,0.082717285,-1.1372827,-0.037282716
-1.4572827,-1.1372827,-2.5872827,-2.1772828,-3.1972828,-3.9372828,-4.4572825,-5.077283,-4.887283,-5.2072825,-5.2672825,-4.7972827,-4.427283,-5.217283,-4.947283,-3.9472828,-2.9672828,-2.0272827,-0.9672827,-0.5272827,-0.32728273,-0.35728273,0.5727173,0.75271726,0.81271726,0.29271728,-0.14728272,-0.8372827,-0.7972827,1.4127173,2.0427172,2.9427173,2.5427172,2.9727173,1.3227173,0.042717285,-2.6972828,0.80271727,-1.5972828,-0.7872827,2.7327173
-1.6972827,-1.7872827,-2.4472828,-3.4072828,-3.3472826,-4.197283,-4.5072827,-4.8572826,-5.077283,-4.8572826,-3.8572826,-4.7272825,-4.5172825,-3.1972828,-4.447283,-3.9272828,-3.4772828,-1.9672828,-0.18728271,0.8427173,-0.4672827,0.7827173,1.3027173,2.1227174,2.1427174,1.9727173,0.8827173,-0.2872827,-0.7972827,0.29271728,4.1827173,4.7527175,5.2727175,6.5427175,9.762717,2.0127172,2.6027174,3.7227173,-3.8372827,1.8127173,-0.4672827
-1.1572827,-1.4072827,-2.0972826,-2.7672827,-3.6672828,-3.9272828,-4.157283,-4.0072827,-3.0472827,-2.8072827,-3.2372828,-2.8772826,-3.5072827,-3.2372828,-3.1172826,-2.7072828,-1.4172827,-0.5172827,0.6527173,1.5427173,1.7327173,0.3027173,1.5327172,1.0727173,2.5527172,2.8727174,2.6127174,2.8927174,1.9827173,1.3027173,2.0127172,3.8127172,5.5027175,8.132717,8.052717,4.822717,0.052717283,3.7027173,3.3927174,3.2327173,0.7127173
-1.0172827,-0.9172827,-1.2872827,-2.6672828,-3.2372828,-2.3872826,-2.0672827,-1.9172827,-1.9972827,-2.6272826,-2.0172827,-3.3572826,-2.8872826,-3.6672828,-3.3372827,-3.4372828,-2.4672828,-1.7472827,0.38271728,0.9827173,1.8327173,1.5327172,-0.07728271,0.7127173,1.0527173,1.4127173,2.4827173,2.3727174,2.5327172,1.7627172,0.5727173,-2.8772826,-3.9272828,6.0427175,7.052717,7.4927173,1.7627172,1.5627173,5.9727173,7.4127173,5.5227175
-0.7672827,-1.1872827,-1.2372828,-1.9472827,-2.1072826,-1.8172827,-2.0072827,-1.7072827,-1.1372827,-1.2872827,-0.68728274,-1.9972827,-3.8972826,-1.9172827,-2.6472826,-3.5372827,-4.177283,-5.4772825,-5.5272827,-2.5972826,-1.7272828,-0.4972827,-0.14728272,0.5427173,1.4927173,1.8827173,1.6127173,1.6727173,2.2227173,1.7527173,0.5327173,-0.9172827,-1.2272828,-2.6272826,3.7627172,8.182717,8.152718,7.342717,10.102717,4.532717,4.6227174
-0.93728274,-1.1272827,-1.1772827,-1.3172827,-1.5272827,-1.7772827,-1.3872827,-1.2972827,-1.2072827,-1.2872827,-1.0772827,-2.9172828,-2.4872828,-1.8572828,-1.8672827,-2.2072828,-2.8772826,-3.5572827,-2.3972826,-2.4272828,-3.5872827,-3.3472826,-1.8172827,-0.62728274,0.5827173,0.8427173,2.3627174,1.4027172,0.50271726,0.0027172852,0.5127173,0.5227173,-0.21728271,-0.13728271,-1.0972828,-2.8672826,5.572717,8.622717,1.6327173,1.5927173,2.4127173
-0.15728271,0.16271728,-0.6372827,-0.5272827,-0.6672827,-0.7672827,-0.87728274,-0.4372827,-1.7272828,-0.4672827,-0.56728274,-3.3672826,-1.1772827,-1.6472827,-3.2472827,-3.4572828,-3.1772828,-3.3472826,-2.9072828,-2.7672827,-3.3272827,-3.0072827,-2.0672827,-3.1172826,-4.057283,-4.0272827,-0.42728272,0.29271728,0.14271729,-0.4072827,0.022717286,0.29271728,-0.007282715,-0.3772827,-0.35728273,-0.017282715,-1.4872828,-2.4272828,0.50271726,4.282717,2.3827174
1.0327172,0.9027173,-0.30728272,-0.017282715,-0.4772827,-0.14728272,-0.15728271,-0.8672827,0.112717286,-1.5772827,0.41271728,-0.4672827,-0.3172827,-0.68728274,-3.9572828,-2.9872828,-3.0072827,-2.8872826,-3.0872827,-2.4772828,-2.3872826,-2.7672827,-2.5572827,-2.9372828,-3.0472827,-3.5572827,-3.6772828,-1.8372827,-0.2772827,0.3327173,0.50271726,0.75271726,0.87271726,1.2527173,0.3327173,-0.62728274,-0.7272827,-1.1472827,0.9027173,-0.75728273,-2.4972827
1.0027173,0.36271727,-0.48728272,-0.12728271,-0.62728274,0.5427173,0.15271729,-0.10728271,-0.94728273,-0.62728274,0.16271728,0.7027173,0.4927173,-3.9072828,-3.3272827,-3.5572827,-3.2672827,-2.8872826,-3.1972828,-3.1872828,-2.3672826,-1.3572828,-1.4872828,-1.5872827,-2.2072828,-2.4572828,-2.6872828,-2.5972826,-2.1772828,-1.6472827,-0.4672827,-0.067282714,0.4727173,0.3027173,0.80271727,0.26271728,1.0627173,1.9127173,1.0927173,0.07271729,-0.22728272
