wind_kz.json
{"header": {"discipline":0,"disciplineName":"Meteorological products","gribEdition":2,"gribLength":871,"center":7,"centerName":"US National Weather Service - NCEP(WMC)","subcenter":0,"refTime":"2023-09-10T00:00:00.000Z","significanceOfRT":1,"significanceOfRTName":"Start of forecast","productStatus":0,"productStatusName":"Operational products","productType":1,"productTypeName":"Forecast products","productDefinitionTemplate":0,"productDefinitionTemplateName":"Analysis/forecast at horizontal level/layer at a point in time","parameterCategory":0,"parameterCategoryName":"UnknownDiscipline_0_Category_0","parameterNumber":0,"parameterNumberName":"UnknownParameter_D0_C0_0","parameterUnit":"Unknown","genProcessType":2,"genProcessTypeName":"Forecast","forecastTime":120,"surface1Type":1,"surface1TypeName":"Ground or water surface","surface1Value":0.0,"surface2Type":255,"surface2TypeName":"Missing","surface2Value":0.0,"gridDefinitionTemplate":0,"gridDefinitionTemplateName":"Latitude_Longitude","numberPoints":615,"shape":6,"shapeName":"Earth spherical with radius of 6,371,229.0 m","gridUnits":"degrees","resolution":48,"winds":"true","scanMode":64,"nx":41,"ny":15,"basicAngle":0,"lo1":47.0,"la1":41.0,"lo2":87.0,"la2":55.0,"dx":1.0,"dy":1.0}, "data":
[rows 0 to 14 of 15, columns 0 to 40 of 41]
285.63422,278.43423,286.43423,297.83423,297.63422,296.53424,295.63422,295.23422,295.53424,295.83423,296.53424,296.63422,294.93423,294.03424,292.53424,290.03424,289.73422,288.63422,287.33423,287.43423,289.03424,285.73422,285.43423,283.63422,286.13422,290.13422,286.93423,275.03424,273.53424,274.03424,274.83423,277.33423,286.73422,291.03424,292.23422,293.23422,292.63422,293.13422,292.73422,292.93423,292.63422
265.63422,284.33423,297.03424,297.43423,297.23422,295.33423,295.03424,293.63422,292.93423,293.63422,294.43423,294.53424,293.73422,290.63422,289.93423,289.63422,287.13422,286.33423,285.23422,284.63422,284.63422,287.03424,286.73422,281.93423,273.63422,273.53424,282.23422,276.03424,275.43423,272.03424,278.33423,271.33423,278.73422,257.43423,275.93423,290.03424,289.33423,291.93423,295.13422,287.03424,284.03424
283.73422,296.53424,297.43423,297.03424,294.83423,291.93423,290.13422,292.23422,292.13422,291.93423,290.53424,289.73422,288.73422,289.73422,290.33423,287.53424,285.93423,284.33423,283.83423,284.33423,285.23422,284.73422,289.03424,283.03424,285.03424,283.43423,285.03424,284.23422,282.93423,277.53424,272.03424,273.73422,277.83423,279.93423,283.73422,280.13422,273.83423,277.83423,278.93423,274.13422,273.53424
286.23422,295.83423,296.83423,295.83423,293.03424,290.93423,291.03424,288.93423,290.03424,292.13422,291.83423,291.13422,293.43423,292.73422,288.53424,287.53424,287.43423,286.73422,286.13422,284.23422,286.93423,281.13422,285.33423,286.33423,286.93423,287.63422,287.63422,285.33423,285.63422,283.93423,284.73422,284.93423,289.43423,289.63422,290.83423,286.83423,277.03424,274.13422,278.43423,285.93423,288.93423
292.13422,293.83423,295.03424,293.53424,291.23422,288.83423,289.13422,289.13422,290.03424,289.33423,290.13422,287.53424,292.43423,291.23422,289.63422,287.73422,287.03424,285.73422,284.13422,286.03424,286.03424,285.73422,284.33423,284.63422,284.33423,284.63422,284.33423,286.73422,283.53424,283.43423,287.13422,283.43423,275.73422,271.03424,280.63422,288.53424,290.53424,291.83423,291.33423,292.03424,291.53424
286.03424,284.43423,292.93423,292.43423,293.13422,292.13422,288.83423,288.63422,288.23422,288.83423,288.63422,288.33423,291.43423,292.53424,289.53424,286.83423,288.13422,286.03424,286.63422,285.93423,284.73422,283.73422,283.03424,283.13422,281.83423,281.53424,283.33423,290.73422,286.03424,286.73422,283.13422,285.73422,281.93423,282.63422,282.03424,286.83423,278.03424,280.63422,288.23422,291.83423,290.53424
289.13422,283.63422,286.13422,289.73422,291.03424,290.03424,290.53424,288.03424,288.33423,288.53424,289.03424,287.13422,288.83423,286.83423,287.83423,288.43423,290.53424,286.43423,285.03424,283.23422,284.23422,284.03424,283.83423,284.23422,282.43423,281.63422,281.23422,282.53424,282.63422,282.93423,282.83423,281.83423,283.03424,283.43423,283.83423,283.63422,278.43423,276.03424,272.93423,274.03424,285.13422
286.53424,284.93423,285.03424,287.53424,288.73422,289.83423,289.93423,285.73422,286.13422,287.53424,287.53424,286.83423,288.93423,289.03424,290.23422,290.73422,287.53424,290.23422,287.13422,281.93423,283.43423,285.73422,286.03424,286.03424,284.63422,277.93423,278.63422,279.23422,277.03424,279.73422,279.43423,280.73422,283.43423,278.03424,279.73422,285.53424,285.23422,289.33423,283.73422,284.43423,278.13422
284.63422,284.53424,286.73422,286.83423,288.03424,288.63422,288.43423,285.43423,284.33423,285.93423,285.03424,286.53424,287.13422,288.53424,287.83423,287.83423,286.33423,288.13422,285.73422,284.53424,279.43423,282.53424,281.13422,281.13422,282.43423,281.03424,280.53424,275.13422,275.63422,274.23422,275.93423,278.33423,278.63422,279.83423,282.23422,278.23422,281.93423,283.13422,272.83423,270.43423,268.43423
284.23422,283.93423,283.13422,283.13422,284.53424,285.83423,283.63422,286.23422,284.13422,283.73422,284.83423,285.63422,286.13422,286.23422,286.93423,284.73422,283.73422,286.53424,285.03424,282.43423,283.63422,280.93423,280.93423,283.53424,282.93423,279.13422,280.13422,281.03424,281.03424,280.73422,281.23422,283.03424,284.03424,281.43423,281.53424,281.13422,278.23422,278.33423,276.13422,271.53424,269.83423
284.03424,283.23422,282.93423,282.43423,284.03424,283.23422,285.33423,283.23422,282.93423,282.73422,283.23422,285.23422,286.23422,285.53424,285.03424,281.03424,281.63422,285.13422,285.83423,284.73422,280.53424,278.83423,283.13422,283.03424,280.33423,279.63422,281.13422,279.33423,281.83423,283.23422,284.23422,283.53424,283.73422,284.03424,284.33423,281.53424,278.33423,274.23422,271.43423,274.43423,273.73422
284.23422,286.63422,285.63422,284.23422,281.63422,282.93423,283.53424,282.93423,284.63422,282.63422,283.23422,282.23422,283.63422,282.83423,281.63422,282.03424,283.63422,285.63422,283.43423,285.33423,282.53424,280.93423,280.23422,282.33423,280.03424,279.03424,281.33423,282.93423,283.73422,283.93423,281.83423,283.83423,281.93423,281.33423,283.23422,282.13422,281.13422,279.93423,282.03424,279.53424,281.23422
285.53424,285.03424,282.53424,285.73422,285.73422,283.63422,282.93423,285.43423,284.23422,282.93423,278.53424,277.53424,282.93423,282.43423,283.83423,284.43423,284.93423,285.33423,285.73422,284.63422,284.23422,282.23422,281.83423,279.23422,278.73422,282.33423,283.63422,281.63422,280.73422,279.63422,282.93423,283.33423,284.43423,284.03424,283.93423,282.83423,280.73422,284.03424,283.03424,282.23422,281.23422
285.03424,286.63422,287.33423,286.73422,286.63422,285.93423,281.73422,281.33423,280.23422,281.13422,279.53424,278.93423,281.83423,283.73422,281.83423,284.63422,285.03424,284.53424,284.93423,284.83423,284.93423,281.43423,281.33423,279.73422,279.83423,280.03424,280.83423,283.33423,283.03424,282.93423,282.73422,280.43423,280.93423,280.83423,279.53424,279.93423,280.63422,280.23422,279.43423,280.13422,281.23422
286.23422,287.03424,288.63422,286.93423,285.83423,284.03424,284.03424,283.23422,283.43423,283.13422,283.33423,283.53424,282.23422,281.13422,283.83423,284.43423,284.73422,284.13422,281.53424,283.03424,284.53424,280.93423,279.83423,279.03424,279.43423,279.63422,280.03424,281.83423,282.33423,283.13422,283.73422,284.03424,282.03424,283.43423,280.43423,280.13422,280.23422,279.73422,281.73422,281.93423,280.83423
