wind_kz.json
{"header": {"discipline":0,"disciplineName":"Meteorological products","gribEdition":2,"gribLength":1025,"center":7,"centerName":"US National Weather Service - NCEP(WMC)","subcenter":0,"refTime":"2023-09-28T06:00:00.000Z","significanceOfRT":1,"significanceOfRTName":"Start of forecast","productStatus":0,"productStatusName":"Operational products","productType":1,"productTypeName":"Forecast products","productDefinitionTemplate":0,"productDefinitionTemplateName":"Analysis/forecast at horizontal level/layer at a point in time","parameterCategory":2,"parameterCategoryName":"UnknownDiscipline_0_Category_2","parameterNumber":2,"parameterNumberName":"UnknownParameter_D0_C2_2","parameterUnit":"Unknown","genProcessType":2,"genProcessTypeName":"Forecast","forecastTime":180,"surface1Type":103,"surface1TypeName":"Specified height level above ground","surface1Value":10.0,"surface2Type":255,"surface2TypeName":"Missing","surface2Value":0.0,"gridDefinitionTemplate":0,"gridDefinitionTemplateName":"Latitude_Longitude","numberPoints":615,"shape":6,"shapeName":"Earth spherical with radius of 6,371,229.0 m","gridUnits":"degrees","resolution":48,"winds":"true","scanMode":64,"nx":41,"ny":15,"basicAngle":0,"lo1":47.0,"la1":41.0,"lo2":87.0,"la2":55.0,"dx":1.0,"dy":1.0}, "data":
[rows 0 to 14 of 15, columns 0 to 40 of 41]
-1.4580786,-0.4080786,0.81192136,2.0119214,0.8919214,-5.3480787,-5.308079,-9.038078,-6.6980786,-1.6680787,-3.8280785,-4.3980784,-3.6880786,-3.3580787,-2.5180786,-0.4380786,-1.9780786,-0.9680786,-2.7980785,-1.8980786,-1.8880786,-1.7280786,-2.1280787,-2.7080786,1.7519214,-1.3080786,-1.6080786,0.9619214,0.86192137,1.4119214,1.0619214,1.0119214,-0.07807861,1.6219214,0.14192139,-0.69807863,-0.7980786,-1.4380786,-3.2380786,-3.2680786,-3.4880786
1.8919214,-0.7880786,-2.4880786,-5.2580786,-7.038079,-6.4680786,-5.0780787,-7.2580786,-5.3880787,-4.8580785,-3.2880785,-2.0280786,-1.8180786,-0.7380786,-3.1880786,5.7619214,-1.9580786,-1.3280786,-0.8280786,-0.21807861,-1.6880786,-1.8880786,-1.0880786,-2.2180786,1.0519214,0.5019214,-0.16807862,2.3119214,-1.9980786,-1.5980786,0.42192137,0.24192138,-0.8980786,-0.8580786,0.2519214,0.45192137,-0.4080786,-0.098078616,-0.098078616,0.9219214,-4.8680787
-1.8380786,-4.8180785,-4.1480784,-5.038079,-5.038079,-3.7580786,-3.2480786,-2.3880787,-2.9280787,-2.0780785,-0.8680786,0.38192138,0.55192137,-0.48807862,1.6819214,1.6619214,-1.8280786,-0.038078614,2.7819214,2.7119215,0.86192137,-1.7680786,-2.2780786,-1.3880786,1.1719214,-0.50807863,-1.3880786,-2.4680786,-2.4480786,-0.16807862,-0.8480786,1.6019214,0.15192139,-0.7080786,-0.018078614,-0.108078614,-0.30807862,0.3119214,3.4719214,0.61192137,1.5419214
-3.3180785,-4.4280787,-3.5780785,-1.0680786,0.6619214,0.7019214,0.5219214,1.9019214,0.81192136,-0.068078615,0.87192136,3.7519214,0.20192139,0.86192137,0.3419214,-1.6880786,-1.7780786,-3.4280787,-2.6780787,-5.0880785,-4.998079,-2.6080787,-0.2580786,-4.1680784,-5.2180786,-4.4380784,-3.3180785,-7.3280787,-3.2580786,-0.7180786,-0.04807861,-1.1780787,0.051921386,-0.7980786,-2.1080787,-1.3680786,-1.2680786,2.3019214,0.6919214,-0.6680786,-2.0680785
-2.1580787,-2.1480787,-1.7680786,-2.7280786,-3.7780786,-1.8280786,-1.7980787,1.9719214,-0.9580786,-2.7180786,0.031921387,-3.1980786,0.61192137,1.7219214,4.9319215,-4.2080784,-3.7080786,-3.7680786,-3.7680786,-4.9680786,-4.8280787,-4.0880785,-4.1580787,-4.4080787,-4.3380785,-4.228079,-5.4680786,-2.7080786,-2.8880787,-2.7480786,-3.4480786,-1.6580787,-1.5280786,2.0719213,0.081921384,1.0919213,-2.2680786,-3.2380786,-3.4180787,-3.7880785,-4.0080786
-2.3380785,-2.3780787,-4.1780787,-3.4480786,-2.8080785,-1.6880786,-0.50807863,-2.4280787,-1.0380787,1.1619214,-4.0080786,-0.7380786,-0.75807863,-6.3280787,-5.4080787,-3.5480785,-4.1080785,-3.8480787,-4.8280787,-4.7980785,-4.4580784,-3.5480785,-3.6180787,-4.2980785,-3.8480787,-4.0480785,-2.5980787,-3.1980786,-2.2980785,-0.9780786,-1.3680786,-1.6380786,-1.9180787,-2.7180786,-0.2580786,0.6619214,0.81192136,-1.6280786,-1.3680786,-3.4480786,-3.6080787
-1.2880787,-1.6080786,-1.6380786,0.011921387,1.6219214,1.4619213,-1.4480786,-3.4480786,-2.7580786,-0.23807861,-2.4380786,0.45192137,-2.2080786,-3.1580787,-2.4180787,-2.4580786,-2.8780787,-3.1080787,-4.6580787,-4.3880787,-3.9780786,-3.9280787,-3.9380786,-4.0980787,-4.1280785,-3.5880785,-2.4380786,-1.7780786,-0.8280786,-2.0280786,-2.0380785,-1.8280786,-1.2680786,-1.6680787,-1.4480786,-1.8680786,-1.1880786,2.1119213,-1.8080786,1.9419214,0.4019214
-1.5980786,-0.5980786,-0.5480786,1.8219213,2.3519213,1.5019214,-0.62807864,0.0019213867,-2.7280786,-1.6680787,-2.5980787,-2.0080786,-0.9180786,-2.6580787,-1.8380786,-0.68807864,-1.9280787,-3.0680785,-3.3680787,-4.1580787,-3.7280786,-3.8580787,-3.2480786,-3.7680786,-3.2980785,-2.3780787,-2.7080786,-2.2880785,-0.9680786,-2.9680786,-3.3980787,-2.9180787,-3.9380786,-0.4080786,-1.8280786,-1.0980786,-0.5180786,0.1819214,-1.4880786,-2.1780787,-1.3980786
1.1719214,0.8519214,0.7819214,0.8819214,1.9219214,2.8519213,2.8019214,1.5119214,-2.7380786,-2.2480786,-1.2480786,1.5619214,1.8819214,-1.8080786,-1.7180786,-2.1880786,-3.0880785,-3.6580787,-3.7380786,-3.9280787,-3.8480787,-3.3180785,-3.1580787,-2.8880787,-2.5280786,-2.4880786,-1.4780786,-1.5680786,-1.0380787,-0.9180786,-1.4480786,-1.2680786,-0.4180786,-1.1480786,-0.69807863,0.68192136,0.16192138,-1.5080786,-0.9880786,0.44192138,-1.8980786
0.111921385,0.3419214,2.4519215,2.2919214,2.4519215,2.6319213,3.4319215,0.93192136,-0.19807862,-0.63807863,1.2819214,0.81192136,0.19192138,-0.5280786,-0.018078614,-0.2580786,-1.7480786,-2.3780787,-2.5580785,-2.8080785,-2.3180785,-0.8580786,0.071921386,-0.8080786,-0.7980786,-1.1280786,-1.6980786,-0.7280786,-0.4980786,0.23192139,0.7619214,0.6919214,0.3619214,-0.9180786,-0.4080786,0.4919214,-0.8080786,-0.36807862,-1.0480787,0.45192137,-1.1580787
1.0519214,0.47192138,0.8219214,0.5919214,0.99192137,1.5319214,2.3219213,0.74192137,-0.5480786,-0.5580786,0.99192137,1.0619214,1.2219214,1.7319214,1.7319214,1.6219214,1.8219213,1.9119214,0.7119214,1.7519214,2.2319214,2.4819214,2.4419215,1.8419213,0.9519214,0.8519214,0.7519214,1.3319213,1.4719214,1.5119214,1.7819214,1.9119214,0.5219214,-0.50807863,-0.4680786,-0.20807861,-0.24807861,0.5419214,0.41192138,0.48192137,-1.0880786
-0.15807861,0.62192136,1.2019213,1.2119213,1.3019214,1.1319214,0.9819214,0.5019214,1.0719213,-0.26807863,-0.9280786,1.5619214,2.1119213,2.2219214,2.6119213,2.7419214,3.1619215,3.4319215,2.4419215,3.2119215,3.0719213,3.4619215,3.0619214,2.7819214,3.0019214,3.2419214,2.9919214,3.7019215,2.8519213,1.4719214,1.6119214,2.1719215,1.2419214,0.6719214,0.74192137,0.5819214,0.7819214,0.62192136,0.29192138,0.09192139,-0.56807864
0.9119214,1.1119214,1.7119213,0.9519214,0.7719214,0.6719214,0.6019214,0.9219214,1.0519214,-0.038078614,0.0019213867,1.0619214,1.7919214,2.6519213,3.1219213,3.2919214,3.0419214,3.1119213,3.0019214,2.9319215,2.5819213,2.5619214,2.4219215,2.5119214,3.6719215,3.5719213,3.9719214,2.4019213,2.1019213,2.3619213,1.8319213,2.3019214,1.8919214,0.9519214,1.5319214,1.2519214,1.4619213,0.5819214,1.4419214,1.1119214,-0.29807863
-0.5480786,-0.07807861,1.0419214,0.4919214,1.3619214,1.1019214,1.0119214,1.3719214,1.4019214,1.1719214,-0.12807861,0.3119214,1.9319214,2.9819214,3.2219214,3.1619215,3.1919215,3.0019214,2.6319213,3.2019215,3.1519213,3.0319214,3.4719214,3.7319214,3.3519213,3.0219214,2.2019215,2.3319213,2.1719215,2.5019214,2.8919213,2.7619214,2.2719214,1.6819214,1.8419213,1.5419214,1.1319214,0.7019214,0.35192138,0.74192137,-0.098078616
0.9619214,0.7819214,-0.07807861,0.20192139,0.5119214,0.7219214,1.4219214,1.9119214,1.9619213,1.6819214,0.021921387,1.2719214,1.7319214,1.3619214,2.9519215,3.0719213,3.1619215,3.3319213,2.6519213,3.4419215,3.4719214,3.7919214,3.1319213,3.4219215,3.5119214,2.7619214,2.6719215,2.4219215,2.3419213,2.4119215,3.0219214,3.4719214,2.3819213,2.3619213,1.8019214,2.0819213,0.6519214,1.5619214,1.4419214,1.3519214,-0.62807864
