wind_kz.json
{"header": {"discipline":0,"disciplineName":"Meteorological products","gribEdition":2,"gribLength":871,"center":7,"centerName":"US National Weather Service - NCEP(WMC)","subcenter":0,"refTime":"2023-09-25T18:00:00.000Z","significanceOfRT":1,"significanceOfRTName":"Start of forecast","productStatus":0,"productStatusName":"Operational products","productType":1,"productTypeName":"Forecast products","productDefinitionTemplate":0,"productDefinitionTemplateName":"Analysis/forecast at horizontal level/layer at a point in time","parameterCategory":0,"parameterCategoryName":"UnknownDiscipline_0_Category_0","parameterNumber":0,"parameterNumberName":"UnknownParameter_D0_C0_0","parameterUnit":"Unknown","genProcessType":2,"genProcessTypeName":"Forecast","forecastTime":60,"surface1Type":1,"surface1TypeName":"Ground or water surface","surface1Value":0.0,"surface2Type":255,"surface2TypeName":"Missing","surface2Value":0.0,"gridDefinitionTemplate":0,"gridDefinitionTemplateName":"Latitude_Longitude","numberPoints":615,"shape":6,"shapeName":"Earth spherical with radius of 6,371,229.0 m","gridUnits":"degrees","resolution":48,"winds":"true","scanMode":64,"nx":41,"ny":15,"basicAngle":0,"lo1":47.0,"la1":41.0,"lo2":87.0,"la2":55.0,"dx":1.0,"dy":1.0}, "data":
[rows 0 to 14 of 15, columns 0 to 40 of 41]
302.40747,291.50748,298.80746,294.30746,294.10748,293.00748,304.10748,309.80746,307.50748,310.80746,306.80746,307.50748,306.00748,306.20746,307.50748,309.80746,310.10748,309.10748,313.20746,310.90747,312.60748,310.10748,307.30746,306.50748,308.70746,307.80746,298.10748,290.50748,290.70746,289.80746,287.50748,277.90747,297.70746,304.60748,309.60748,312.20746,318.40747,314.30746,310.40747,309.50748,311.90747
282.70746,298.40747,293.60748,293.80746,293.50748,292.50748,309.80746,307.20746,306.90747,306.70746,307.80746,306.50748,306.40747,305.80746,308.60748,309.70746,312.70746,313.70746,311.30746,312.50748,313.10748,309.40747,308.80746,297.80746,284.10748,285.10748,297.50748,285.70746,289.10748,287.10748,293.30746,278.50748,291.30746,268.90747,288.70746,300.90747,304.80746,306.90747,308.00748,300.60748,284.70746
299.80746,293.30746,293.80746,293.10748,291.50748,304.40747,304.60748,304.70746,306.40747,305.20746,305.30746,306.60748,307.80746,307.80746,305.30746,308.70746,311.80746,311.40747,309.90747,311.70746,313.10748,312.10748,314.20746,303.70746,306.70746,304.80746,305.00748,304.50748,304.80746,288.30746,283.80746,285.10748,293.30746,294.80746,299.50748,295.10748,294.60748,291.20746,294.70746,286.40747,280.00748
301.70746,292.60748,293.30746,292.50748,295.00748,303.50748,301.50748,304.10748,304.20746,299.90747,305.80746,305.90747,291.80746,291.10748,306.00748,301.30746,306.60748,309.60748,311.00748,311.90747,308.70746,308.80746,306.50748,308.50748,308.00748,306.70746,308.00748,305.90747,303.20746,304.00748,300.40747,299.10748,302.80746,306.60748,309.70746,302.20746,289.90747,274.60748,293.30746,300.60748,300.30746
300.80746,292.10748,292.80746,292.30746,297.30746,303.00748,302.50748,303.90747,301.10748,302.80746,304.50748,304.70746,290.70746,289.60748,288.10748,307.50748,306.70746,304.50748,300.70746,306.00748,308.10748,309.30746,310.30746,310.20746,310.60748,310.70746,309.40747,302.50748,309.70746,308.50748,303.60748,300.30746,291.80746,279.80746,293.40747,301.00748,298.60748,304.20746,303.80746,302.80746,300.70746
301.40747,303.10748,291.50748,292.70746,292.70746,292.40747,303.10748,299.70746,298.90747,300.00748,300.50748,301.50748,292.30746,290.60748,294.00748,293.40747,302.20746,303.90747,303.20746,305.60748,308.30746,305.90747,306.00748,304.90747,306.80746,304.50748,308.70746,289.10748,304.10748,303.90747,305.90747,302.60748,300.50748,300.70746,299.60748,295.80746,297.40747,295.00748,305.90747,303.60748,299.30746
302.10748,299.80746,302.90747,304.70746,298.50748,299.00748,301.90747,299.30746,298.50748,297.10748,298.60748,297.90747,299.80746,298.30746,299.30746,293.10748,299.70746,299.70746,300.60748,301.50748,302.10748,301.80746,299.90747,299.50748,298.80746,296.00748,297.60748,297.90747,304.30746,305.80746,306.20746,304.30746,300.80746,299.70746,297.70746,298.40747,295.60748,293.60748,277.10748,288.70746,294.20746
301.40747,301.70746,302.50748,301.40747,301.60748,301.70746,301.60748,300.10748,298.40747,296.50748,297.80746,297.00748,298.60748,295.70746,297.80746,293.50748,297.60748,298.50748,298.00748,298.80746,298.40747,298.80746,299.60748,298.10748,298.70746,298.00748,296.90747,292.00748,296.10748,296.50748,299.10748,291.70746,300.90747,298.70746,297.60748,295.80746,294.30746,287.10748,292.90747,292.50748,290.00748
301.20746,299.80746,299.30746,299.50748,298.30746,299.40747,299.90747,299.30746,298.40747,296.90747,297.30746,298.20746,297.70746,296.20746,294.20746,295.50748,296.20746,297.50748,296.50748,296.90747,296.30746,294.80746,295.40747,295.40747,297.70746,298.70746,295.70746,294.20746,291.50748,293.10748,295.40747,297.70746,299.60748,296.00748,295.10748,291.10748,292.30746,291.90747,273.20746,273.20746,273.20746
299.40747,298.10748,297.80746,297.50748,297.30746,298.00748,297.90747,297.60748,296.90747,297.40747,296.70746,297.40747,297.30746,293.50748,293.90747,294.80746,295.80746,296.40747,295.30746,296.50748,294.10748,293.30746,293.40747,292.40747,297.30746,297.10748,294.60748,292.00748,292.30746,297.30746,298.10748,297.80746,299.50748,287.80746,294.50748,293.50748,288.50748,282.00748,280.20746,276.70746,276.20746
295.70746,295.70746,294.40747,294.50748,295.60748,295.50748,296.00748,296.80746,296.20746,295.80746,294.60748,294.60748,294.70746,294.30746,296.70746,297.30746,294.80746,293.60748,295.60748,294.20746,294.00748,293.70746,295.00748,288.80746,287.20746,291.40747,295.70746,293.10748,298.90747,299.80746,301.00748,300.20746,297.10748,294.90747,293.70746,290.70746,281.10748,279.60748,286.50748,281.70746,282.40747
294.30746,293.10748,293.50748,293.90747,293.90747,293.50748,292.70746,293.60748,294.60748,294.00748,291.40747,291.30746,292.40747,291.70746,292.80746,294.80746,293.10748,293.20746,292.90747,292.90747,292.10748,291.20746,291.60748,291.70746,291.50748,284.20746,283.80746,285.90747,293.10748,290.70746,287.00748,290.60748,291.70746,292.70746,290.80746,283.90747,290.70746,295.30746,293.20746,292.00748,290.40747
289.30746,290.60748,291.30746,293.10748,291.60748,291.20746,292.20746,293.20746,293.30746,290.80746,288.00748,287.90747,290.80746,289.90747,289.00748,292.30746,293.10748,288.40747,292.50748,290.90747,291.10748,290.30746,289.60748,288.60748,290.70746,289.90747,293.00748,293.00748,296.00748,292.80746,288.70746,294.60748,286.60748,292.10748,290.50748,281.50748,288.40747,286.80746,289.20746,285.80746,286.10748
290.80746,290.70746,288.60748,290.90747,290.70746,291.00748,290.40747,289.30746,289.80746,290.20746,286.90747,285.60748,288.80746,288.80746,290.00748,291.00748,291.40747,291.40747,288.00748,292.60748,285.10748,284.60748,284.60748,290.00748,289.30746,290.80746,289.20746,289.60748,290.30746,293.00748,293.70746,293.10748,292.40747,290.50748,292.60748,287.20746,284.10748,287.60748,288.40747,283.80746,287.60748
289.00748,290.20746,286.40747,290.90747,290.70746,289.60748,289.30746,289.60748,290.60748,291.00748,289.10748,288.50748,282.70746,285.90747,289.00748,290.30746,290.30746,290.60748,291.80746,291.20746,285.90747,284.80746,283.80746,283.20746,283.60748,284.80746,284.50748,289.80746,288.80746,288.40747,287.80746,286.90747,289.50748,287.30746,287.60748,287.70746,288.20746,282.40747,284.90747,282.40747,285.00748
