wind_kz.json
{"header": {"discipline":0,"disciplineName":"Meteorological products","gribEdition":2,"gribLength":948,"center":7,"centerName":"US National Weather Service - NCEP(WMC)","subcenter":0,"refTime":"2023-08-19T06:00:00.000Z","significanceOfRT":1,"significanceOfRTName":"Start of forecast","productStatus":0,"productStatusName":"Operational products","productType":1,"productTypeName":"Forecast products","productDefinitionTemplate":0,"productDefinitionTemplateName":"Analysis/forecast at horizontal level/layer at a point in time","parameterCategory":0,"parameterCategoryName":"UnknownDiscipline_0_Category_0","parameterNumber":0,"parameterNumberName":"UnknownParameter_D0_C0_0","parameterUnit":"Unknown","genProcessType":2,"genProcessTypeName":"Forecast","forecastTime":0,"surface1Type":1,"surface1TypeName":"Ground or water surface","surface1Value":0.0,"surface2Type":255,"surface2TypeName":"Missing","surface2Value":0.0,"gridDefinitionTemplate":0,"gridDefinitionTemplateName":"Latitude_Longitude","numberPoints":615,"shape":6,"shapeName":"Earth spherical with radius of 6,371,229.0 m","gridUnits":"degrees","resolution":48,"winds":"true","scanMode":64,"nx":41,"ny":15,"basicAngle":0,"lo1":47.0,"la1":41.0,"lo2":87.0,"la2":55.0,"dx":1.0,"dy":1.0}, "data":
[rows 0 to 14 of 15, columns 0 to 40 of 41]
309.69196,296.39194,303.79193,300.29193,299.59195,298.09195,311.19196,320.69196,319.29193,319.19196,321.29193,322.79193,321.59195,322.39194,323.39194,325.39194,323.99194,321.29193,329.49194,324.29193,326.09195,318.59195,319.89194,317.79193,317.49194,317.29193,314.89194,306.39194,305.79193,301.99194,301.29193,297.89194,311.49194,321.69196,328.39194,326.49194,330.49194,327.79193,330.29193,329.99194,328.49194
288.79193,303.09195,299.79193,300.29193,299.99194,298.19196,317.29193,316.69196,317.79193,318.59195,318.89194,321.19196,319.39194,318.99194,324.99194,327.19196,326.09195,327.49194,330.49194,330.19196,326.79193,319.99194,319.09195,310.89194,301.79193,299.89194,308.89194,308.49194,306.59195,295.09195,298.29193,295.59195,304.49194,272.89194,298.39194,313.09195,315.09195,314.69196,320.89194,312.19196,286.49194
310.19196,300.29193,300.49194,300.39194,298.59195,314.49194,313.99194,315.69196,315.69196,316.29193,317.09195,318.59195,319.39194,317.89194,320.99194,326.09195,324.99194,325.29193,325.39194,325.99194,325.39194,319.99194,319.29193,311.39194,316.19196,316.39194,316.29193,316.99194,314.69196,303.19196,296.29193,296.99194,303.39194,307.59195,307.29193,304.49194,298.79193,295.29193,299.19196,294.59195,296.09195
314.79193,300.79193,300.39194,299.79193,301.99194,314.39194,314.09195,316.19196,315.99194,316.19196,316.99194,316.59195,296.99194,295.99194,320.39194,325.39194,318.99194,322.29193,322.19196,327.49194,320.39194,315.39194,317.39194,317.09195,320.39194,318.59195,319.59195,316.99194,317.99194,317.69196,320.59195,317.79193,318.99194,325.59195,319.29193,313.19196,298.59195,297.49194,301.29193,311.99194,317.89194
316.09195,301.09195,300.89194,300.49194,306.49194,314.19196,315.49194,317.09195,314.79193,316.29193,319.19196,319.99194,297.19196,295.79193,292.99194,319.19196,320.19196,318.39194,319.49194,316.59195,317.69196,319.09195,319.89194,318.29193,319.89194,319.99194,318.09195,312.59195,320.89194,318.29193,316.99194,314.59195,301.89194,295.69196,303.99194,315.49194,308.99194,322.29193,321.69196,318.39194,321.09195
313.39194,313.79193,299.59195,299.59195,300.29193,300.29193,319.69196,320.59195,314.79193,313.09195,308.39194,311.49194,298.79193,295.99194,307.09195,317.19196,320.29193,319.09195,319.59195,317.59195,319.59195,318.29193,319.59195,318.39194,317.99194,316.39194,317.69196,294.69196,317.49194,315.79193,316.49194,313.49194,314.39194,312.69196,307.89194,306.39194,303.59195,305.79193,321.69196,320.99194,317.19196
314.29193,313.89194,312.69196,313.49194,309.39194,313.69196,319.19196,317.99194,314.99194,312.29193,309.19196,313.19196,313.79193,317.09195,320.49194,316.69196,318.29193,315.99194,311.09195,316.39194,316.49194,315.09195,316.39194,318.79193,315.59195,316.09195,316.29193,318.09195,319.49194,321.79193,318.89194,318.39194,316.89194,312.99194,314.79193,311.49194,304.39194,303.39194,300.79193,300.79193,310.39194
314.09195,314.99194,314.89194,314.99194,315.09195,315.99194,317.79193,316.09195,314.69196,313.99194,315.99194,313.89194,316.49194,315.69196,315.69196,318.09195,318.49194,318.29193,316.99194,315.89194,315.79193,317.29193,317.39194,314.79193,314.59195,312.29193,312.99194,314.19196,312.29193,313.79193,312.39194,312.69196,310.39194,306.19196,307.09195,312.09195,311.89194,289.89194,309.09195,309.09195,305.49194
314.39194,314.19196,313.89194,313.89194,314.69196,314.59195,315.49194,313.99194,314.09195,314.29193,314.19196,315.69196,316.19196,318.49194,317.69196,319.69196,318.39194,319.79193,317.29193,320.29193,314.79193,315.09195,317.89194,313.99194,311.69196,309.89194,308.39194,307.29193,305.49194,304.19196,305.89194,306.79193,307.69196,305.49194,305.99194,301.19196,302.49194,302.29193,294.89194,289.49194,287.99194
312.19196,309.79193,311.99194,312.39194,313.19196,314.69196,314.59195,312.29193,312.29193,312.89194,310.59195,312.09195,314.69196,314.79193,315.79193,316.39194,316.49194,317.89194,318.39194,318.49194,314.49194,314.29193,313.39194,310.99194,313.49194,311.29193,309.59195,308.69196,305.29193,305.69196,306.39194,307.39194,309.89194,307.89194,305.59195,301.59195,294.19196,292.19196,295.09195,290.19196,290.09195
310.79193,308.79193,310.39194,310.49194,309.59195,310.89194,312.29193,312.49194,313.19196,314.19196,310.49194,311.29193,312.59195,312.29193,312.29193,312.59195,312.49194,313.39194,315.19196,313.09195,313.49194,312.89194,310.39194,311.19196,313.49194,309.99194,307.69196,307.89194,307.89194,309.39194,309.69196,308.69196,306.29193,302.59195,302.29193,301.29193,293.89194,292.39194,296.49194,287.59195,289.49194
309.69196,301.29193,311.29193,310.89194,311.19196,309.89194,308.79193,311.29193,311.89194,311.59195,312.09195,310.89194,310.09195,307.99194,308.59195,309.69196,311.49194,311.19196,311.29193,310.39194,308.09195,306.39194,307.89194,309.19196,307.79193,307.99194,307.99194,309.09195,299.49194,295.59195,301.29193,305.19196,301.99194,298.19196,293.09195,294.09195,294.59195,293.59195,295.59195,294.89194,292.89194
303.39194,307.59195,306.99194,308.09195,306.09195,305.49194,307.99194,311.29193,312.19196,309.99194,301.99194,302.99194,308.29193,305.29193,306.49194,305.69196,305.19196,306.39194,308.59195,307.29193,306.09195,306.29193,305.89194,305.39194,308.79193,309.19196,308.89194,307.19196,304.59195,302.79193,300.39194,297.09195,297.09195,289.39194,289.99194,287.49194,285.19196,285.79193,285.69196,288.39194,291.49194
305.29193,305.89194,299.59195,306.99194,306.59195,305.79193,305.49194,304.89194,306.99194,307.89194,300.39194,298.89194,304.89194,303.59195,303.49194,303.89194,304.39194,305.09195,307.69196,307.29193,307.49194,306.99194,306.89194,306.39194,307.29193,308.79193,307.29193,304.89194,302.09195,301.19196,298.89194,299.19196,294.39194,289.49194,288.99194,287.29193,286.89194,288.89194,288.09195,287.89194,290.09195
296.69196,300.19196,292.49194,301.69196,302.29193,302.49194,302.09195,302.19196,304.49194,303.99194,299.39194,301.59195,297.79193,299.29193,302.19196,303.29193,304.89194,307.39194,309.39194,307.19196,307.09195,307.69196,308.09195,307.79193,307.19196,306.09195,303.69196,304.39194,302.39194,301.19196,298.19196,289.09195,293.59195,289.89194,290.59195,294.69196,293.49194,292.99194,291.79193,292.89194,289.39194
