wind_kz.json
{"header": {"discipline":0,"disciplineName":"Meteorological products","gribEdition":2,"gribLength":1025,"center":7,"centerName":"US National Weather Service - NCEP(WMC)","subcenter":0,"refTime":"2023-08-20T18:00:00.000Z","significanceOfRT":1,"significanceOfRTName":"Start of forecast","productStatus":0,"productStatusName":"Operational products","productType":1,"productTypeName":"Forecast products","productDefinitionTemplate":0,"productDefinitionTemplateName":"Analysis/forecast at horizontal level/layer at a point in time","parameterCategory":2,"parameterCategoryName":"UnknownDiscipline_0_Category_2","parameterNumber":3,"parameterNumberName":"UnknownParameter_D0_C2_3","parameterUnit":"Unknown","genProcessType":2,"genProcessTypeName":"Forecast","forecastTime":180,"surface1Type":103,"surface1TypeName":"Specified height level above ground","surface1Value":10.0,"surface2Type":255,"surface2TypeName":"Missing","surface2Value":0.0,"gridDefinitionTemplate":0,"gridDefinitionTemplateName":"Latitude_Longitude","numberPoints":615,"shape":6,"shapeName":"Earth spherical with radius of 6,371,229.0 m","gridUnits":"degrees","resolution":48,"winds":"true","scanMode":64,"nx":41,"ny":15,"basicAngle":0,"lo1":47.0,"la1":41.0,"lo2":87.0,"la2":55.0,"dx":1.0,"dy":1.0}, "data":
[rows 0 to 14 of 15, columns 0 to 40 of 41]
0.2725006,1.7325006,1.2225006,8.002501,5.8725004,3.5325005,3.3625007,3.0325005,2.5625007,2.3125007,1.2825006,1.7625006,1.9225006,1.4625006,0.7325006,-0.4374994,0.07250061,0.9725006,-0.03749939,-0.03749939,0.8525006,-1.9674994,2.7325006,-0.5074994,2.7425005,-0.14749938,-1.6674994,1.9925007,-1.3474994,-2.3674994,4.0025005,0.4625006,-0.85749936,-4.2674994,-2.3574994,2.8525007,3.0625007,-0.04749939,1.3025006,1.1125007,2.0825007
0.83250064,-2.5774994,9.352501,7.3325005,7.0525007,5.6925006,4.1425004,4.1125007,3.3225007,2.3725007,1.5925006,1.6925006,1.6225007,1.0625006,-0.4074994,-0.91749936,-1.7974994,-0.36749938,0.02250061,-0.4174994,0.01250061,0.6825006,1.4425006,3.6425006,3.6425006,2.8025007,3.4225006,2.9325006,0.1925006,1.8925006,-0.3174994,4.512501,2.8825006,3.2025006,0.1625006,1.5325006,4.3725004,4.3425007,3.6725006,-0.45749938,-0.03749939
-4.007499,6.3425007,7.5425005,7.1025004,5.6025004,5.4625006,5.2125006,5.1625004,4.9125004,3.9825006,2.5225005,1.3725007,0.17250061,-0.03749939,-0.5274994,0.1925006,0.29250062,-0.4374994,-0.8374994,0.4625006,1.0625006,2.2625005,2.7725005,4.1925006,0.03250061,-0.9974994,-2.7974994,1.1225007,3.1625006,-0.66749936,-4.257499,-3.2074995,-3.7474995,-0.5874994,2.1525006,-4.5774994,4.0225005,2.8325007,-0.08749939,4.1625004,2.0325005
2.9725006,5.742501,6.1025004,7.1625004,5.7325006,5.7125006,6.222501,5.5025005,5.0425005,4.3125005,2.7425005,0.5925006,0.2625006,-0.36749938,-0.6274994,-1.2674994,-1.5074993,-1.4974993,-1.5574994,-0.6374994,0.9425006,5.242501,4.3325005,-0.2574994,-0.8874994,-2.0374994,-1.9674994,1.3625007,1.7225006,-1.8274994,-7.2874994,-6.1074996,0.05250061,2.2525005,0.7625006,2.2525005,4.4625006,2.4425006,-3.9574995,-4.1174994,-3.6374993
3.9025006,4.3925004,5.6025004,4.6725006,3.8625007,5.5725007,5.182501,5.722501,5.3025007,4.9125004,3.5725007,1.4625006,0.58250064,0.8525006,0.07250061,-0.10749939,-3.0574994,-3.8574994,-1.8274994,-2.4974995,0.6625006,2.0225005,0.89250064,0.3125006,-0.8874994,-1.1174994,0.44250062,1.2225006,3.9525006,3.7425005,-0.8774994,-2.3274994,-0.72749937,-0.60749936,-0.07749939,-1.6874994,-8.247499,1.2725006,-0.6574994,-3.9474993,2.3225007
3.0325005,3.3125007,4.3225007,4.7325006,5.9825006,5.4025006,4.1725006,4.0525007,4.3525004,4.222501,4.3625007,2.3225007,2.5625007,-0.1674994,-2.4474993,0.5325006,-3.0674994,-2.9774995,-3.3374994,-1.6674994,-0.3474994,0.38250062,-0.6874994,-0.46749938,-0.5474994,-0.18749939,1.2325006,2.8825006,0.9825006,3.4825006,6.0625005,-0.7974994,-1.9374994,-2.1174994,1.9725006,-6.7274995,-2.8074994,-7.8774996,-5.6974993,1.7125006,2.7525005
3.8725007,3.5325005,4.2725005,4.932501,4.9125004,5.972501,3.9525006,3.1025007,3.1525006,3.5325005,4.6125007,2.9125006,1.3625007,-0.8174994,-1.4074994,-0.33749938,-2.1074994,-2.9674995,-2.2774994,-1.7474993,-1.9074994,-1.3574994,-0.12749939,0.38250062,0.28250062,0.38250062,1.7525007,1.4025006,2.9425006,5.2525005,4.1225004,4.4625006,0.04250061,-0.4374994,-2.4474993,-0.07749939,3.5925007,1.4425006,2.3525007,-1.0374994,-0.7574994
4.6425004,5.1125007,4.4125004,3.9825006,3.1825006,3.4525006,3.8125007,3.4025006,1.7725006,3.2225006,3.1425006,3.1925006,2.1425006,0.96250063,-0.4874994,-0.7074994,-1.9774994,-1.7774994,-3.0674994,-3.8974993,-2.9174993,-2.3074994,-1.5574994,-0.7374994,2.7225006,1.5325006,3.8125007,1.6525006,3.0225005,5.4625006,5.6525006,7.182501,3.3225007,2.0425005,0.14250061,-0.8374994,-6.7874994,-2.3674994,0.8025006,0.18250062,5.9425006
3.7425005,4.5425005,4.7725005,4.2925005,3.4825006,3.6725006,3.4125006,3.0625007,2.6225007,2.8025007,2.1525006,1.8725007,1.5725006,0.2225006,0.9325006,0.15250061,-1.1474994,-2.8474994,-2.0074995,-4.0974994,-3.1074994,-2.6774993,-1.1774994,-1.4774994,2.1025007,1.8525006,5.5825005,4.242501,3.9425006,5.8525004,7.2325006,6.4225006,3.4725006,0.9125006,-1.1074994,-4.1374993,-4.3274994,0.9725006,3.8825006,3.7625005,8.7925005
2.1625006,2.4525006,4.0925007,4.6925006,5.0725007,4.9825006,4.4025006,2.9225006,2.7725005,2.8325007,1.7825006,1.3225006,-0.08749939,0.11250061,-0.23749939,0.0025006104,-0.06749939,-2.2874994,-1.5874994,-3.9874995,-3.2074995,-3.6874993,-2.2474995,0.6125006,-1.2874994,-1.3074994,1.2825006,5.6625004,6.472501,3.6525006,5.202501,3.5025005,0.9525006,-0.3774994,-0.7974994,-1.8074994,-0.01749939,4.1325006,2.4125006,3.5525007,2.8725007
0.71250063,0.7325006,2.6825006,2.9025006,3.7625005,2.9025006,3.1025007,2.0125005,0.8125006,2.2025006,3.4925005,-0.7574994,-1.3474994,-0.5074994,-2.0974994,-2.3874993,-0.3174994,-0.09749939,-1.4874994,-1.9674994,-0.7374994,-1.0674994,-4.5574994,-2.5974994,-2.4974995,-4.0374994,0.21250062,4.3425007,5.512501,5.6425004,4.4125004,1.8925006,2.1325006,0.9125006,1.4425006,0.7825006,-0.12749939,-1.2974994,2.4825006,1.3025006,2.0125005
1.6925006,1.4925007,0.21250062,0.7225006,2.2725005,1.6325006,2.2025006,3.1825006,1.9225006,-1.7374994,0.8125006,0.7325006,-1.4374994,-1.0574994,-2.4774995,-0.2574994,0.41250062,1.1825006,-0.12749939,-0.53749937,2.4225006,-2.4374993,-2.4674995,-2.3074994,-0.85749936,-4.5774994,-4.0374994,0.4525006,5.7825007,5.1325006,4.9425006,4.4425006,1.8125006,3.2025006,2.3025007,0.4325006,0.4025006,0.41250062,-2.6374993,-2.6074994,-0.10749939
1.5325006,2.9625006,0.7025006,0.9325006,1.9025006,1.5525006,0.1325006,1.0825006,1.1825006,0.8825006,-0.2874994,-1.8574994,-2.4974995,-1.6874994,-2.0074995,-2.3374994,2.0825007,1.4625006,1.8325006,0.5125006,2.6625006,-0.42749938,-2.9574995,-2.2974994,-3.5174994,-4.1574993,-5.1374993,-1.1874994,5.4425006,5.242501,4.972501,4.5925007,4.3625007,4.6925006,3.0825007,-0.53749937,-3.8174994,-0.3274994,1.6925006,1.6725006,1.3725007
2.3725007,3.8125007,5.5025005,4.5025005,3.1825006,2.3625007,2.7325006,2.2625005,1.7425007,0.4825006,-0.60749936,-1.6574994,-2.1574993,-3.1374993,0.8625006,1.9425006,1.0725006,1.8525006,2.0625007,1.2025006,0.6325006,-0.6874994,-1.0374994,-1.7474993,-2.2874994,-3.9874995,-4.277499,-2.7874994,1.8825006,0.3725006,2.7325006,3.1725006,3.9325006,3.8325007,-0.36749938,-2.8774993,-1.3374994,-0.03749939,-0.8974994,0.09250061,0.6525006
-0.21749939,0.11250061,2.0825007,2.3125007,2.2125006,2.1825006,2.1925006,0.1325006,0.02250061,-0.6374994,0.83250064,-0.2274994,-0.6974994,-1.3674994,-0.49749938,-0.9374994,0.4925006,1.9425006,1.5725006,2.8625007,0.52250063,0.38250062,0.7825006,0.10250061,-2.3974993,-4.2474995,-4.3674994,-1.5874994,3.5025005,1.3825006,0.8125006,0.9225006,1.9125006,1.6225007,-0.4074994,-2.1274993,-4.6874995,-2.3574994,-1.1274993,-2.2774994,-0.8074994
