wind_kz.json
{"header": {"discipline":0,"disciplineName":"Meteorological products","gribEdition":2,"gribLength":871,"center":7,"centerName":"US National Weather Service - NCEP(WMC)","subcenter":0,"refTime":"2023-10-04T00:00:00.000Z","significanceOfRT":1,"significanceOfRTName":"Start of forecast","productStatus":0,"productStatusName":"Operational products","productType":1,"productTypeName":"Forecast products","productDefinitionTemplate":0,"productDefinitionTemplateName":"Analysis/forecast at horizontal level/layer at a point in time","parameterCategory":0,"parameterCategoryName":"UnknownDiscipline_0_Category_0","parameterNumber":0,"parameterNumberName":"UnknownParameter_D0_C0_0","parameterUnit":"Unknown","genProcessType":2,"genProcessTypeName":"Forecast","forecastTime":240,"surface1Type":1,"surface1TypeName":"Ground or water surface","surface1Value":0.0,"surface2Type":255,"surface2TypeName":"Missing","surface2Value":0.0,"gridDefinitionTemplate":0,"gridDefinitionTemplateName":"Latitude_Longitude","numberPoints":615,"shape":6,"shapeName":"Earth spherical with radius of 6,371,229.0 m","gridUnits":"degrees","resolution":48,"winds":"true","scanMode":64,"nx":41,"ny":15,"basicAngle":0,"lo1":47.0,"la1":41.0,"lo2":87.0,"la2":55.0,"dx":1.0,"dy":1.0}, "data":
[rows 0 to 14 of 15, columns 0 to 40 of 41]
286.49997,273.89996,279.99997,292.69998,292.59998,291.19998,285.99997,284.8,282.49997,282.89996,281.39996,282.19998,281.69998,281.89996,281.8,279.3,279.19998,280.3,281.89996,281.59998,281.8,278.8,280.99997,277.69998,285.09998,286.99997,284.19998,274.8,271.99997,272.19998,271.3,269.3,280.69998,285.99997,287.3,286.69998,286.8,286.8,287.09998,287.69998,287.8
263.09998,279.39996,292.59998,292.39996,292.49997,290.59998,282.39996,281.99997,280.69998,280.49997,281.39996,280.19998,279.8,279.3,280.8,280.09998,278.69998,279.19998,278.3,279.69998,284.49997,284.19998,282.99997,276.3,269.99997,272.99997,279.89996,274.69998,272.59998,272.69998,276.3,271.19998,272.8,254.69998,265.89996,284.09998,283.49997,286.49997,288.39996,281.39996,283.49997
281.3,292.09998,292.09998,291.69998,290.09998,282.49997,281.09998,280.49997,279.59998,279.89996,279.59998,280.09998,278.39996,278.99997,280.19998,280.09998,279.19998,279.09998,277.3,277.09998,279.3,285.09998,283.49997,280.3,282.99997,282.59998,284.39996,283.8,282.39996,277.49997,269.49997,273.49997,278.49997,278.39996,280.39996,279.8,272.89996,275.59998,274.59998,272.39996,268.8
288.99997,290.8,291.59998,290.89996,287.69998,281.3,281.09998,279.89996,279.99997,280.3,279.99997,278.89996,288.59998,287.99997,278.49997,276.19998,278.89996,278.59998,279.8,278.49997,278.99997,276.69998,278.59998,280.09998,280.59998,280.3,281.09998,281.69998,283.09998,283.49997,283.59998,281.19998,282.49997,282.39996,285.49997,282.3,273.59998,268.8,276.59998,283.8,285.3
288.8,290.19998,290.49997,289.69998,286.19998,281.69998,281.99997,281.39996,280.99997,280.8,280.19998,279.19998,287.49997,286.3,284.89996,278.19998,278.69998,279.09998,276.69998,279.19998,278.69998,278.09998,277.89996,278.49997,278.39996,279.3,278.39996,280.49997,277.49997,276.3,278.89996,277.3,269.59998,265.09998,274.19998,281.39996,284.99997,286.49997,287.49997,286.99997,287.69998
283.39996,282.59998,288.19998,288.59998,288.89996,288.39996,281.3,282.19998,280.89996,280.8,280.8,280.49997,286.09998,287.19998,284.19998,279.39996,280.69998,279.49997,279.8,280.3,279.3,278.89996,278.49997,278.49997,278.59998,278.39996,279.8,285.59998,280.19998,280.49997,278.59998,280.69998,278.99997,278.19998,278.99997,281.69998,273.39996,274.09998,279.8,283.19998,283.09998
281.8,281.39996,282.69998,282.69998,283.8,280.99997,280.99997,280.69998,280.89996,281.39996,280.19998,280.09998,280.19998,280.49997,280.69998,281.3,280.69998,280.59998,280.49997,279.39996,279.3,279.59998,279.99997,280.3,279.69998,279.49997,279.59998,280.69998,280.09998,280.49997,279.99997,279.59998,279.8,280.19998,278.09998,276.69998,272.99997,273.99997,268.19998,271.8,279.09998
281.69998,280.89996,282.3,282.19998,282.89996,282.3,281.49997,280.19998,279.99997,279.8,279.99997,280.39996,280.69998,281.49997,282.3,282.59998,282.09998,281.89996,281.19998,279.59998,281.09998,280.59998,280.49997,279.99997,279.8,277.8,277.69998,277.39996,277.19998,278.8,277.89996,278.39996,276.99997,275.09998,274.8,276.09998,276.3,283.8,276.39996,276.69998,276.39996
282.19998,281.99997,282.49997,281.99997,282.89996,282.69998,281.99997,281.8,280.99997,280.89996,280.69998,280.3,280.69998,282.19998,281.99997,282.8,282.39996,282.49997,281.99997,281.3,279.99997,281.69998,282.3,281.19998,278.69998,280.39996,279.3,278.09998,277.19998,276.99997,276.3,277.59998,277.69998,277.69998,277.09998,274.69998,274.69998,275.49997,262.69998,262.49997,258.09998
282.49997,283.3,283.3,283.3,283.59998,283.49997,283.39996,282.69998,282.09998,281.99997,281.39996,280.69998,282.19998,282.39996,282.3,282.99997,282.99997,283.69998,283.89996,284.19998,282.89996,282.8,283.49997,283.59998,282.99997,281.69998,280.59998,279.59998,278.99997,277.89996,279.59998,281.19998,281.39996,279.59998,277.89996,275.89996,273.89996,271.59998,269.09998,264.3,265.89996
283.59998,283.59998,283.59998,283.39996,283.89996,283.69998,283.89996,283.89996,283.59998,282.99997,282.09998,282.19998,283.3,282.49997,282.69998,283.19998,283.09998,284.99997,285.49997,282.99997,283.59998,283.19998,283.49997,283.59998,283.49997,282.99997,281.09998,282.19998,282.19998,281.8,281.69998,281.99997,280.89996,279.99997,278.49997,276.09998,271.49997,269.69998,271.3,268.39996,267.69998
284.09998,284.99997,284.99997,284.3,284.09998,283.8,283.09998,282.89996,283.49997,283.39996,281.3,281.49997,282.09998,282.09998,283.3,284.09998,284.09998,284.39996,284.09998,283.89996,283.19998,282.89996,283.89996,284.19998,283.3,283.8,282.69998,283.19998,283.89996,283.19998,282.39996,281.49997,280.59998,279.3,277.99997,276.8,275.8,272.59998,270.99997,270.8,269.69998
285.09998,284.89996,285.3,285.19998,285.39996,284.89996,283.8,282.8,282.19998,283.19998,281.39996,280.19998,282.3,282.09998,283.3,284.09998,284.3,284.3,285.39996,284.19998,284.39996,284.3,284.19998,284.09998,284.69998,284.89996,285.39996,284.39996,284.19998,283.09998,282.09998,282.3,281.19998,280.39996,279.39996,275.89996,275.09998,276.49997,272.8,272.3,272.39996
284.8,284.99997,284.39996,285.19998,284.39996,283.69998,282.69998,282.59998,283.8,283.69998,281.3,279.69998,281.8,282.89996,283.49997,283.49997,283.89996,284.59998,285.19998,285.3,285.49997,285.3,285.49997,285.3,285.19998,284.89996,284.19998,283.8,283.3,282.69998,282.3,281.49997,280.39996,278.99997,277.89996,275.19998,275.3,275.39996,273.49997,271.8,273.69998
284.99997,285.19998,283.59998,284.89996,284.99997,284.59998,284.3,284.89996,284.99997,285.3,284.3,283.19998,282.09998,284.39996,284.69998,285.19998,284.19998,284.49997,285.3,284.8,285.19998,284.3,285.09998,284.59998,284.09998,283.89996,283.99997,283.39996,282.69998,282.19998,281.99997,281.89996,279.69998,278.8,277.49997,275.8,276.49997,274.49997,274.69998,272.89996,272.89996
