wind_kz.json
{"header": {"discipline":0,"disciplineName":"Meteorological products","gribEdition":2,"gribLength":1025,"center":7,"centerName":"US National Weather Service - NCEP(WMC)","subcenter":0,"refTime":"2023-08-28T06:00:00.000Z","significanceOfRT":1,"significanceOfRTName":"Start of forecast","productStatus":0,"productStatusName":"Operational products","productType":1,"productTypeName":"Forecast products","productDefinitionTemplate":0,"productDefinitionTemplateName":"Analysis/forecast at horizontal level/layer at a point in time","parameterCategory":2,"parameterCategoryName":"UnknownDiscipline_0_Category_2","parameterNumber":2,"parameterNumberName":"UnknownParameter_D0_C2_2","parameterUnit":"Unknown","genProcessType":2,"genProcessTypeName":"Forecast","forecastTime":120,"surface1Type":103,"surface1TypeName":"Specified height level above ground","surface1Value":10.0,"surface2Type":255,"surface2TypeName":"Missing","surface2Value":0.0,"gridDefinitionTemplate":0,"gridDefinitionTemplateName":"Latitude_Longitude","numberPoints":615,"shape":6,"shapeName":"Earth spherical with radius of 6,371,229.0 m","gridUnits":"degrees","resolution":48,"winds":"true","scanMode":64,"nx":41,"ny":15,"basicAngle":0,"lo1":47.0,"la1":41.0,"lo2":87.0,"la2":55.0,"dx":1.0,"dy":1.0}, "data":
[rows 0 to 14 of 15, columns 0 to 40 of 41]
-0.9432422,1.8367578,-2.2732422,-0.6232422,-1.4932421,-2.8232422,-2.943242,-2.2632422,-2.183242,-0.9932422,-2.163242,-2.5432422,-2.7032423,-2.5632422,-2.0432422,-1.4532422,0.9967578,1.0567578,0.5167578,-0.083242185,0.3667578,0.4867578,1.6967578,2.8667579,-0.06324219,0.2467578,3.3767579,3.4767578,0.58675784,2.0167577,-1.3632421,0.5367578,-0.8132422,-2.943242,-3.153242,-3.2332423,-1.5332422,-2.7032423,-2.913242,-3.683242,-6.173242
-0.6532422,-2.6332421,-1.4532422,-2.913242,-4.563242,-3.6132421,-3.4932423,-2.1132421,-0.3432422,0.3467578,0.9567578,0.14675781,0.44675782,0.5067578,-0.7732422,0.6667578,2.3567579,2.4367578,1.9467578,1.3667579,1.7167578,1.9267578,1.4367578,3.816758,1.6367579,0.3167578,1.2067578,0.8067578,3.9967577,2.586758,1.3667579,-0.16324219,-0.7732422,0.6667578,0.07675781,-0.053242188,-0.9532422,-0.9432422,0.6267578,-2.9532423,-0.3232422
-3.933242,-5.363242,-5.153242,-4.323242,-3.3032422,-2.8632421,-2.7332423,-0.9232422,1.4867578,2.056758,1.5867578,2.586758,2.7667577,1.6367579,1.6467578,1.4267578,1.3967578,1.8467578,2.346758,3.1767578,3.7267578,4.176758,3.8867579,5.906758,2.6567578,1.5967578,0.9367578,0.08675781,4.2567577,-0.42324218,2.0367577,-1.9632422,-0.5232422,-1.7932422,-3.5032423,-0.18324219,1.1167579,-0.13324219,-0.03324219,0.6667578,1.3567578
-6.303242,-5.6432424,-5.6232424,-4.283242,-2.3132422,-1.1432422,0.4567578,1.2967578,2.1967578,3.346758,2.9967577,3.2867577,3.4567578,5.1267576,5.446758,4.726758,4.536758,3.316758,2.2567577,0.6067578,1.7167578,3.806758,2.3767579,3.4467578,4.576758,4.4167576,4.956758,3.0467577,3.346758,1.1167579,1.3167578,-0.06324219,-0.7432422,-1.3032422,1.6867578,1.3267578,0.83675784,1.2867578,-0.72324216,0.9567578,3.9067578
-4.9532423,-3.5232422,-1.6032422,-0.15324219,0.9867578,0.28675783,0.7467578,1.3967578,1.9167578,2.6267579,4.096758,5.366758,5.226758,4.266758,4.386758,6.5867577,6.636758,6.3167577,6.116758,5.246758,5.216758,5.656758,5.5467577,6.096758,6.266758,5.5067577,5.426758,4.0667577,5.616758,4.7967577,3.5067577,2.9067578,2.2667577,3.0467577,-3.3432422,-1.3232422,5.446758,0.8267578,-0.9332422,0.18675782,-1.1932422
-1.5232422,-1.1232421,-0.8332422,0.2467578,-0.043242186,-0.17324218,0.29675782,0.89675784,1.2867578,1.8667579,2.5467577,3.2267578,3.5167577,3.3567579,2.4667578,-0.91324216,-1.5832422,-0.053242188,1.6967578,-0.4032422,4.286758,5.246758,5.706758,5.9167576,6.246758,5.3167577,5.8767576,1.3667579,5.406758,4.8767576,5.246758,3.4367578,4.596758,3.1667578,-0.7932422,3.576758,-1.2532421,4.206758,6.1467576,6.016758,0.8467578
-2.2532423,-1.3332422,-0.4732422,0.1367578,0.6967578,0.6967578,0.12675782,0.9267578,1.0967578,1.2067578,0.12675782,0.7667578,0.8667578,1.1267579,0.8567578,0.8267578,2.566758,2.2467577,3.1367579,1.8167578,3.3567579,3.6567578,3.4567578,4.096758,5.476758,4.5467577,5.8967576,5.1067576,6.5467577,6.786758,6.1667576,6.2567577,4.286758,4.446758,2.5067577,2.6067579,2.8567579,-1.2832422,2.076758,1.0467578,7.676758
-1.2632422,-0.7932422,-0.9432422,-0.5132422,-0.6932422,-0.84324217,-0.3132422,0.4267578,0.046757814,-0.72324216,0.5967578,1.0067579,1.1467578,1.9567578,1.3367578,0.38675782,-0.06324219,0.6967578,2.056758,3.6367579,4.4867578,5.096758,5.386758,3.9767578,4.246758,4.466758,5.0067577,5.1267576,6.2767577,6.946758,7.936758,7.056758,5.966758,5.1067576,5.476758,7.0667577,-1.8232422,-5.483242,-1.7632422,-0.9032422,2.8767579
-0.19324219,-1.9532422,-2.0632422,-1.5432422,-0.8832422,-0.49324217,0.07675781,-0.8232422,-0.59324217,-0.2632422,0.9967578,1.0067579,0.8067578,-0.083242185,-0.7732422,-0.09324219,-0.60324216,1.6167579,2.4567578,4.956758,5.4167576,6.956758,5.976758,6.516758,7.136758,6.886758,6.8167577,6.246758,6.036758,7.076758,7.266758,7.936758,6.976758,4.5867577,4.4167576,1.9967579,-0.6132422,-1.5432422,-0.85324216,-2.3532422,-2.0632422
-0.8932422,-2.1332421,-1.8832421,-1.6432422,-1.0732422,-0.6532422,-0.5132422,0.4867578,0.8067578,0.6367578,0.28675783,-0.5632422,0.19675781,0.38675782,0.3167578,1.0967578,2.316758,1.8967578,3.1467578,4.3567576,6.076758,7.246758,8.046758,8.226758,8.426758,8.006758,7.636758,7.726758,8.486758,7.8567576,6.726758,3.596758,5.936758,6.456758,4.266758,3.2467577,3.8767579,-0.9632422,1.1467578,0.8767578,-0.5132422
-0.9532422,-1.2332422,-0.8032422,-0.8232422,-1.0832422,-0.60324216,0.58675784,0.77675784,-0.5032422,0.26675782,-0.24324219,-0.39324218,-0.27324218,-0.11324219,0.3767578,0.9367578,2.3867579,2.316758,2.7167578,3.1067579,2.9067578,5.656758,7.0467577,8.476758,7.826758,7.076758,6.8367577,7.116758,8.296758,7.0067577,5.686758,4.5467577,2.816758,5.696758,3.316758,2.4167578,2.9667578,2.5367577,2.9267578,0.016757812,1.3867579
-0.7032422,-1.3832421,-0.85324216,-0.5532422,-0.4132422,-0.48324218,-0.5132422,-0.18324219,-1.6632422,-0.9032422,0.7967578,-0.60324216,0.0067578126,0.3067578,2.1067579,0.41675782,0.8667578,1.5967578,2.4267578,3.326758,5.2967577,5.5867577,3.826758,5.176758,6.476758,6.076758,5.716758,5.686758,6.3167577,5.3767576,4.706758,4.3167577,3.1167579,0.6067578,2.2067578,2.7567577,4.766758,3.6967578,0.21675782,-1.0832422,-1.2432421
-0.3832422,-0.5132422,-0.3832422,-0.4432422,-0.2832422,0.036757812,-0.06324219,-0.9432422,-0.8332422,-0.8032422,0.026757812,1.5367578,-0.2532422,-1.6532422,0.6267578,0.6767578,1.0467578,1.1467578,1.5767578,3.336758,2.8967578,2.346758,0.9467578,0.0067578126,1.1667578,2.2867577,4.4167576,0.05675781,3.4667578,2.596758,2.4967577,4.216758,-1.6432422,0.9267578,1.5867578,-2.5532422,-2.3932421,-1.1932422,-1.6432422,-2.1332421,-0.9532422
0.1667578,-0.5632422,-0.48324218,-0.2932422,0.19675781,0.17675781,0.14675781,0.17675781,-0.9032422,-0.48324218,0.9567578,1.6267579,-0.16324219,-1.9432422,-0.19324219,0.14675781,0.47675782,0.8667578,1.1567578,0.9367578,0.38675782,0.3367578,0.046757814,1.0767578,-0.3132422,-2.2732422,-2.193242,-1.1332421,-1.0232422,-1.6932422,-1.6332421,-2.7532423,-0.8632422,0.3967578,-3.683242,-3.5032423,-2.423242,-1.3232422,-1.4732422,-0.16324219,-1.2732422
0.6367578,-0.15324219,-1.7432421,-0.36324218,0.036757812,-0.0032421874,1.1867578,1.5367578,-0.17324218,0.5367578,0.8767578,0.8267578,0.35675782,0.046757814,-0.24324219,1.2367578,0.6667578,0.7567578,-0.03324219,-0.7632422,-1.4032422,-1.1332421,-3.5832422,-2.0232422,-2.8432422,-2.0832422,-4.093242,-4.543242,-5.1632423,-4.2032423,-1.7432421,-4.6232424,-2.3432422,-3.913242,-3.8032422,-3.933242,-1.9532422,-2.9732423,-2.433242,-3.0232422,-1.3632421
