wind.json
{"header": {"discipline":0,"disciplineName":"Meteorological products","gribEdition":2,"gribLength":1211,"center":7,"centerName":"US National Weather Service - NCEP(WMC)","subcenter":0,"refTime":"2023-07-02T00:00:00.000Z","significanceOfRT":1,"significanceOfRTName":"Start of forecast","productStatus":0,"productStatusName":"Operational products","productType":1,"productTypeName":"Forecast products","productDefinitionTemplate":0,"productDefinitionTemplateName":"Analysis/forecast at horizontal level/layer at a point in time","parameterCategory":2,"parameterCategoryName":"UnknownDiscipline_0_Category_2","parameterNumber":2,"parameterNumberName":"UnknownParameter_D0_C2_2","parameterUnit":"Unknown","genProcessType":2,"genProcessTypeName":"Forecast","forecastTime":60,"surface1Type":103,"surface1TypeName":"Specified height level above ground","surface1Value":10.0,"surface2Type":255,"surface2TypeName":"Missing","surface2Value":0.0,"gridDefinitionTemplate":0,"gridDefinitionTemplateName":"Latitude_Longitude","numberPoints":688,"shape":6,"shapeName":"Earth spherical with radius of 6,371,229.0 m","gridUnits":"degrees","resolution":48,"winds":"true","scanMode":64,"nx":43,"ny":16,"basicAngle":0,"lo1":45.0,"la1":40.0,"lo2":87.0,"la2":55.0,"dx":1.0,"dy":1.0}, "data":
[rows 0 to 15 of 16, columns 0 to 42 of 43]
-0.5883887,-3.0783887,-2.3983886,-3.4283886,-6.8483887,-6.0883884,-3.2383888,-0.33838868,3.9616113,-2.1083887,-2.0283887,-2.4883888,-2.1483886,-2.2483888,-2.0083888,-0.72838867,-0.91838866,-0.7583887,-0.7583887,0.031611327,1.3616114,-0.29838866,-1.8883886,-2.0083888,3.1816113,0.25161132,6.0716114,1.5616113,0.2916113,0.34161133,1.4116113,-2.5983887,0.8516113,-0.26838866,-2.4383886,-4.648389,-4.0483885,-1.5183886,1.1916113,1.1616113,-0.37838867,-2.1283886,-4.5183887
-1.9183887,-3.7283888,0.26161134,1.4916114,-3.0983887,-4.228389,-2.2183886,3.0716114,7.351611,2.6616113,-2.4183886,-1.6283886,-0.46838868,0.9116113,1.9816114,3.3216114,1.2316114,0.40161133,-0.19838867,-0.22838867,0.41161132,0.9816113,2.2816114,-1.2383887,4.771611,8.581612,9.421612,5.1316113,6.9416113,6.7016115,4.6516113,2.4916112,5.6616116,-2.9983888,-3.6783886,5.391611,-7.2183886,-3.0483887,0.39161134,-2.4583886,-1.2283887,3.0016112,-0.8883887
-1.2283887,1.3616114,0.24161133,-2.3483887,-2.0383887,-3.5583887,-1.8983886,1.3216113,7.271611,-2.1083887,0.31161132,0.7916113,2.2516112,3.2516112,3.0316114,-0.36838868,2.6416113,2.7016113,1.3316113,3.3416114,2.9016113,1.9916114,2.7416112,1.8716114,3.9916112,3.9016113,3.1116114,1.8116113,1.0916114,2.7416112,-6.898389,-0.79838866,0.6816113,0.9116113,-2.5783887,-0.78838867,-0.80838865,1.0316113,4.581611,1.2916113,1.4516113,2.3916113,4.5516114
-1.2683886,-1.9083886,-5.898389,-3.9883888,-4.2883887,-2.8783886,1.1716113,4.7316113,1.4616113,-1.1083887,2.3016114,1.7616113,1.5516113,2.1016114,4.4916115,-0.22838867,3.4516113,5.4216113,6.5916114,5.9516115,3.5116112,3.5616114,6.8616114,4.771611,7.8016114,6.0516114,1.3116113,3.2116113,1.1916113,-0.17838867,-0.97838867,-1.2183887,0.37161133,0.83161134,4.3816113,3.8116114,1.6316113,-0.008388672,1.7616113,0.9816113,4.1616116,-0.118388675,-1.2883887
-5.378389,-7.108389,-7.168389,-4.6783886,-2.9283886,-0.008388672,5.1916113,0.64161134,-0.5083887,2.5616114,2.4316113,3.4816113,3.4816113,1.7116113,-3.6383886,-0.99838865,4.2416115,8.651611,7.9016113,7.1316113,3.2916114,6.9116116,2.8416114,8.581612,7.9616113,7.9216113,5.831611,7.3016114,6.291611,5.0316114,8.271611,1.1816113,3.7216113,3.9916112,8.791612,8.7416115,7.6716113,1.7016113,-4.148389,-0.62838864,-1.1283886,1.8816113,0.62161136
-6.688389,-5.9083886,-4.5283885,-1.6183887,-0.008388672,0.7916113,1.7216114,-0.028388672,1.8616114,3.5716114,1.7516114,4.2616115,4.791611,1.7216114,0.71161133,1.7916113,4.0116115,7.891611,6.1516113,6.0516114,5.871611,6.351611,8.911612,6.0716114,7.371611,6.771611,8.341611,8.381611,7.751611,9.171612,6.6616116,4.5116115,6.4516115,5.001611,4.0116115,2.2416112,2.8216114,8.9916115,12.7016115,8.151611,-0.40838867,6.7016115,6.8416114
-3.1983886,-1.5683887,0.13161133,-0.6983887,2.5216112,3.6416113,5.3416114,5.9516115,6.6516113,4.251611,3.6416113,4.2316113,1.8816113,2.1916113,4.7216115,2.8616114,6.141611,5.9316115,7.021611,5.2016115,2.0316114,5.4416113,4.0716114,2.7716112,6.2016115,9.901611,7.621611,8.7016115,8.961612,0.28161132,6.041611,7.9416113,9.231611,8.891611,5.9016113,3.5616114,2.9016113,-0.41838866,6.8216114,10.091611,9.361611,0.87161136,-4.0583887
0.31161132,1.6616113,-1.4283887,4.3616114,3.3816113,2.9116113,6.4916115,6.561611,7.8016114,2.6916113,3.2616112,2.1316113,0.5416113,3.2416112,3.4716113,3.9016113,5.771611,4.081611,3.0516114,1.6016114,2.1716113,7.1116114,7.4016113,3.2916114,2.4216113,6.501611,7.7116113,7.4516115,7.9316115,7.061611,6.1616116,9.161612,9.881611,7.371611,8.561611,6.9516115,7.4616113,8.661612,5.4016113,-0.48838866,-0.41838866,4.391611,6.4516115
0.16161133,0.58161134,0.89161134,0.56161135,0.28161132,0.89161134,0.07161133,0.88161135,2.4216113,2.7016113,0.6516113,2.4216113,4.3416114,3.8716114,3.9616113,5.891611,4.6516113,4.641611,3.9216113,2.4516113,2.8416114,4.4616113,2.1016114,6.4816113,-0.30838868,5.4916115,7.6116114,7.1516113,3.7016113,4.001611,4.0516114,6.1716113,4.7216115,1.2516114,-3.7383888,-3.4283886,0.7216113,2.2316113,2.7916114,3.3716114,8.211612,8.411612,5.791611
0.6616113,2.7016113,0.76161134,1.1916113,-1.4483887,0.96161133,1.1016114,3.1416113,2.5416114,1.2316114,1.0316113,0.23161133,3.4916112,-1.9383887,7.4316115,3.1916113,3.5716114,3.9816113,0.8016113,0.37161133,1.1316113,0.8416113,3.2216113,-2.1583886,-0.15838867,3.9816113,5.8616114,3.3716114,2.6116114,6.9116116,1.1816113,-1.7083887,-7.188389,-5.4883885,-2.8783886,-1.5683887,0.6516113,4.101611,4.351611,5.3416114,2.5616114,0.011611328,1.0516113
1.4716114,0.5316113,1.5016114,1.2016113,4.291611,2.3016114,3.0716114,1.9316113,0.15161133,1.4716114,1.6616113,2.4116113,4.0516114,2.8116114,2.3616114,1.5516113,0.26161134,-1.3783886,0.6716113,-0.5983887,1.4416113,1.0516113,-4.228389,-4.2183886,-2.4383886,-1.4483887,-3.4383886,-3.5183887,2.1516113,4.0916114,-6.918389,-6.5583887,-3.8883886,-3.0883887,-2.9383886,-2.5583887,-1.7783886,2.8816113,3.8316114,2.0716114,0.6116113,1.5816113,-1.1883887
3.6716113,1.3816113,2.8516114,0.9216113,2.8716114,3.4116113,2.3416114,1.6316113,1.9416113,1.1416113,-0.72838867,1.6916113,1.1716113,-0.07838867,-0.018388672,-0.32838866,-0.98838866,-2.7383888,-1.9183887,-2.9883888,-3.6483886,-4.8283887,4.6516113,4.311611,-11.248388,6.391611,0.7816113,-1.6383886,-1.9683887,-3.3283887,-7.2683887,-5.8883886,-4.628389,-5.858389,-2.9083886,-5.1183887,-3.2883887,-1.0483887,-1.6983887,0.14161132,-0.22838867,0.11161133,-0.8883887
1.1316113,2.4716113,1.5516113,3.2516112,2.2316113,2.2716112,2.5916114,1.8316113,0.8616113,-1.2583886,1.4216113,1.9916114,1.3816113,-1.5883887,-0.16838866,-1.1583886,-3.0683887,-2.5983887,-2.8683887,-2.3283887,-1.5883887,-0.028388672,-0.79838866,-1.3983886,-6.6983886,-2.9283886,-5.7383885,-5.0483885,-7.0983887,-5.8083887,-7.2983885,-7.478389,-6.378389,-5.5983887,-4.5883884,-4.6183887,-3.5583887,-2.7583888,-3.2283888,-3.7483888,-3.4683886,-0.61838865,-1.3983886
2.4716113,2.5016112,2.8916113,3.3116114,1.6616113,3.5216112,2.2316113,0.51161134,0.16161133,2.1216114,-0.5283887,0.10161133,0.51161134,1.8216113,-1.6483886,-1.3483887,-1.6283886,-2.7183886,-1.9983886,-1.1583886,-2.0583887,-3.7983887,-11.088388,2.8116114,-3.1683886,0.27161133,-8.228389,-4.3883886,-7.7683887,-7.0683885,-6.5783887,-4.9883885,-7.0683885,-6.608389,-5.2683887,-5.0383887,-3.2483888,-3.5283887,-4.7983885,-3.5383887,-2.4483886,-4.3483887,-2.1783886
2.7216113,2.5616114,1.3616114,3.9716113,2.5916114,3.3716114,0.77161133,0.7216113,1.1216114,0.46161133,-0.38838866,0.64161134,0.49161133,0.75161135,2.6516113,-0.8383887,-1.2683886,-0.79838866,-2.4283886,-2.1283886,-1.9683887,-4.498389,-2.7283888,-4.0583887,-5.0883884,-6.2383885,-6.5383887,-6.7883887,-6.6783886,-5.5383887,-5.3883886,-5.998389,-4.5283885,-5.8383884,-5.6783886,-6.5683885,-5.5483885,-4.938389,-5.1983886,-3.9083886,-5.1183887,-3.4083886,-0.8283887
0.96161133,2.8516114,3.6916113,-0.23838867,-0.49838868,3.1816113,3.3916113,2.9816113,1.0016114,1.1316113,0.76161134,1.4316113,1.0816113,2.5816114,1.4716114,0.031611327,-0.7183887,-0.98838866,-1.0283886,-0.79838866,-2.2283888,-2.4883888,-2.6883886,-2.6483886,-4.4883885,-4.2583885,-3.7783887,-4.188389,-3.9983888,-4.1383886,-3.4983888,-4.248389,-2.4083886,-5.7683887,-5.0283885,-6.7883887,-6.9483886,-4.6983886,-3.7783887,-6.0183887,-4.2883887,-4.358389,-3.4283886
