wind_kz.json
{"header": {"discipline":0,"disciplineName":"Meteorological products","gribEdition":2,"gribLength":948,"center":7,"centerName":"US National Weather Service - NCEP(WMC)","subcenter":0,"refTime":"2024-02-01T12:00:00.000Z","significanceOfRT":1,"significanceOfRTName":"Start of forecast","productStatus":0,"productStatusName":"Operational products","productType":1,"productTypeName":"Forecast products","productDefinitionTemplate":0,"productDefinitionTemplateName":"Analysis/forecast at horizontal level/layer at a point in time","parameterCategory":0,"parameterCategoryName":"UnknownDiscipline_0_Category_0","parameterNumber":0,"parameterNumberName":"UnknownParameter_D0_C0_0","parameterUnit":"Unknown","genProcessType":2,"genProcessTypeName":"Forecast","forecastTime":240,"surface1Type":1,"surface1TypeName":"Ground or water surface","surface1Value":0.0,"surface2Type":255,"surface2TypeName":"Missing","surface2Value":0.0,"gridDefinitionTemplate":0,"gridDefinitionTemplateName":"Latitude_Longitude","numberPoints":615,"shape":6,"shapeName":"Earth spherical with radius of 6,371,229.0 m","gridUnits":"degrees","resolution":48,"winds":"true","scanMode":64,"nx":41,"ny":15,"basicAngle":0,"lo1":47.0,"la1":41.0,"lo2":87.0,"la2":55.0,"dx":1.0,"dy":1.0}, "data":
[rows 0 to 14 of 15, columns 0 to 40 of 41]
293.16995,281.66995,288.46994,280.56995,280.56995,281.86993,286.06995,290.66995,286.96994,287.86993,286.36993,288.66995,288.76996,288.46994,288.36993,286.86993,287.96994,287.06995,290.66995,288.16995,288.86993,287.66995,287.36993,283.96994,283.46994,284.76996,275.76996,258.86993,257.66995,254.76994,258.06995,256.06995,261.76996,272.36993,273.96994,271.56995,272.86993,271.86993,271.16995,271.06995,271.36993
269.86993,290.16995,280.66995,280.16995,280.66995,280.96994,289.96994,288.56995,287.36993,288.06995,289.36993,288.06995,289.26996,288.46994,288.86993,287.06995,288.26996,289.06995,287.66995,288.36993,287.76996,285.76996,283.46994,271.06995,256.26996,260.06995,264.76996,255.46994,257.96994,253.26994,264.36993,246.96994,265.66995,241.96994,252.76994,263.36993,260.66995,269.16995,269.86993,267.86993,269.36993
289.36993,278.86993,280.26996,280.36993,280.36993,288.46994,289.16995,288.16995,286.76996,286.76996,287.36993,288.06995,288.16995,287.06995,284.26996,282.56995,284.26996,283.46994,283.06995,282.96994,283.46994,284.96994,283.96994,270.36993,281.96994,277.06995,274.66995,274.06995,276.56995,267.36993,255.96994,259.16995,261.76996,260.06995,258.86993,264.36993,256.46994,253.26994,253.96994,257.26996,253.76994
289.46994,276.26996,278.06995,278.96994,281.66995,286.76996,285.86993,286.26996,286.76996,284.26996,285.16995,285.16995,281.36993,281.96994,283.66995,281.76996,282.06995,282.76996,282.16995,282.36993,283.96994,270.76996,277.86993,277.46994,278.86993,278.66995,278.06995,273.46994,271.96994,271.46994,270.06995,271.06995,274.26996,269.06995,263.16995,265.96994,255.66995,254.26994,266.16995,260.36993,259.16995
288.26996,273.16995,272.16995,273.26996,277.46994,284.96994,284.76996,285.26996,283.06995,282.56995,282.16995,281.56995,279.06995,278.96994,278.26996,279.56995,279.76996,280.46994,281.36993,275.06995,280.16995,280.06995,274.56995,274.76996,273.56995,272.86993,270.86993,272.16995,277.36993,273.26996,272.46994,271.96994,263.56995,250.86995,265.16995,259.86993,258.56995,257.76996,258.56995,258.86993,260.26996
289.66995,289.36993,273.06995,272.86993,272.46994,272.76996,287.56995,285.56995,282.26996,281.36993,280.76996,280.56995,279.16995,279.06995,276.36993,277.46994,274.16995,275.96994,273.46994,273.96994,272.46994,273.36993,271.36993,270.96994,271.46994,271.16995,272.56995,272.86993,272.46994,270.06995,269.56995,270.16995,266.26996,264.06995,268.26996,267.16995,263.96994,262.66995,258.16995,255.76994,258.06995
288.46994,289.06995,290.76996,290.06995,281.26996,285.86993,287.46994,283.36993,281.66995,277.76996,279.56995,274.26996,275.06995,276.06995,274.76996,273.86993,273.26996,273.76996,273.36993,273.16995,273.16995,273.16995,273.16995,273.16995,273.16995,269.16995,272.26996,272.76996,271.26996,272.06995,273.06995,271.36993,264.16995,264.36993,261.26996,262.96994,262.96994,264.96994,258.06995,258.36993,259.86993
287.46994,287.86993,286.76996,286.16995,284.86993,282.66995,282.86993,281.66995,277.46994,273.76996,272.86993,272.86993,270.86993,270.96994,273.36993,272.56995,273.26996,273.16995,273.06995,273.16995,273.16995,273.16995,273.16995,273.16995,272.66995,272.46994,270.46994,272.56995,268.06995,271.96994,271.96994,271.16995,272.56995,271.36993,270.36993,268.56995,260.76996,262.76996,261.16995,261.46994,259.16995
285.06995,285.06995,284.86993,284.26996,279.36993,282.66995,279.86993,274.36993,273.66995,273.16995,272.66995,271.76996,270.86993,270.26996,270.36993,271.56995,273.16995,273.16995,273.16995,271.76996,273.16995,272.96994,273.06995,273.16995,273.16995,273.16995,273.06995,273.16995,272.86993,271.86993,270.46994,272.66995,273.76996,272.96994,268.56995,268.16995,264.06995,267.66995,259.46994,258.66995,254.06995
282.66995,282.06995,280.86993,281.46994,275.86993,273.46994,272.06995,271.56995,271.46994,273.16995,271.16995,271.76996,271.76996,271.16995,271.06995,271.26996,273.16995,273.16995,273.16995,273.16995,271.96994,273.16995,273.16995,273.16995,273.16995,273.16995,273.16995,273.16995,273.16995,273.16995,273.16995,272.56995,274.46994,273.26996,273.16995,272.76996,270.66995,263.76996,264.86993,264.36993,262.36993
274.16995,274.36993,273.96994,273.36993,273.36993,273.16995,273.16995,273.16995,272.96994,270.46994,271.66995,272.56995,270.96994,271.86993,271.26996,272.26996,272.66995,273.06995,273.16995,273.16995,273.16995,273.16995,273.16995,273.16995,273.16995,273.16995,273.16995,273.56995,274.16995,274.86993,274.46994,272.96994,273.66995,273.66995,273.16995,273.16995,270.56995,263.76996,261.66995,266.06995,266.76996
273.16995,273.16995,273.26996,273.16995,273.16995,273.16995,273.16995,273.16995,273.16995,273.16995,273.16995,273.16995,271.66995,271.66995,272.36993,273.16995,273.16995,273.16995,272.66995,273.06995,273.16995,273.16995,273.16995,273.16995,273.16995,273.16995,273.26996,274.06995,274.16995,273.36993,273.26996,273.16995,273.76996,273.16995,273.36993,273.16995,273.26996,273.26996,273.26996,271.86993,271.36993
273.46994,273.16995,273.16995,273.16995,273.36993,273.56995,273.16995,273.16995,273.16995,273.16995,273.16995,273.06995,273.16995,273.16995,273.16995,272.86993,272.66995,273.16995,273.16995,273.16995,273.16995,273.16995,273.16995,273.16995,273.16995,273.16995,273.26996,273.16995,273.16995,273.16995,273.16995,273.16995,273.16995,273.16995,273.16995,273.06995,273.16995,273.26996,273.06995,273.16995,272.96994
273.16995,273.16995,273.16995,273.16995,273.16995,273.16995,273.16995,273.16995,273.16995,273.16995,273.16995,272.76996,273.16995,273.16995,273.16995,273.16995,273.16995,273.16995,273.16995,273.16995,273.16995,273.16995,273.16995,273.16995,273.16995,273.16995,273.16995,273.16995,273.16995,273.16995,273.16995,273.16995,273.16995,273.16995,273.16995,272.96994,273.16995,272.26996,271.96994,271.06995,271.96994
273.16995,273.16995,273.16995,273.16995,273.16995,273.16995,273.06995,273.06995,273.16995,273.16995,273.16995,272.96994,272.56995,273.16995,273.16995,273.16995,273.16995,273.06995,273.16995,273.16995,273.16995,273.16995,273.16995,273.16995,273.06995,273.16995,273.16995,273.16995,273.16995,273.16995,273.16995,273.16995,273.16995,273.16995,271.56995,270.26996,269.46994,268.56995,267.86993,268.46994,267.26996
