wind_kz.json
{"header": {"discipline":0,"disciplineName":"Meteorological products","gribEdition":2,"gribLength":1025,"center":7,"centerName":"US National Weather Service - NCEP(WMC)","subcenter":0,"refTime":"2023-09-23T06:00:00.000Z","significanceOfRT":1,"significanceOfRTName":"Start of forecast","productStatus":0,"productStatusName":"Operational products","productType":1,"productTypeName":"Forecast products","productDefinitionTemplate":0,"productDefinitionTemplateName":"Analysis/forecast at horizontal level/layer at a point in time","parameterCategory":2,"parameterCategoryName":"UnknownDiscipline_0_Category_2","parameterNumber":3,"parameterNumberName":"UnknownParameter_D0_C2_3","parameterUnit":"Unknown","genProcessType":2,"genProcessTypeName":"Forecast","forecastTime":120,"surface1Type":103,"surface1TypeName":"Specified height level above ground","surface1Value":10.0,"surface2Type":255,"surface2TypeName":"Missing","surface2Value":0.0,"gridDefinitionTemplate":0,"gridDefinitionTemplateName":"Latitude_Longitude","numberPoints":615,"shape":6,"shapeName":"Earth spherical with radius of 6,371,229.0 m","gridUnits":"degrees","resolution":48,"winds":"true","scanMode":64,"nx":41,"ny":15,"basicAngle":0,"lo1":47.0,"la1":41.0,"lo2":87.0,"la2":55.0,"dx":1.0,"dy":1.0}, "data":
[rows 0 to 14 of 15, columns 0 to 40 of 41]
-0.09233642,1.7176635,0.7076636,3.5076635,2.2876635,2.6776636,2.2376635,2.1976635,0.9676636,-0.80233645,-1.8923364,-3.3423364,-4.4823365,-4.4023366,-3.5423365,-3.6723363,-4.6923366,-3.7323365,-2.7123365,-1.9823364,-2.4923365,-1.7023364,-0.33233643,1.6176636,2.2476635,-3.5123365,3.1376636,1.3976636,0.2776636,6.7376637,2.6476636,1.5176636,-1.0423365,0.22766358,0.13766357,-0.70233643,-1.2223364,-0.87233645,-0.44233644,1.6876636,1.9076636
-0.0023364257,0.5376636,1.6076636,2.8376637,3.0576637,2.3976636,1.2976636,0.9676636,-0.63233644,-2.8123364,-0.42233643,-1.7023364,-2.9123363,-4.5123363,-5.8123364,-3.8023365,-4.8623366,-2.5923364,-3.3423364,-3.8223364,-3.3723364,0.11766358,3.7676635,3.1376636,1.9576635,2.1976635,2.1876636,-0.07233643,1.5776635,4.0376635,-0.052336425,3.1576636,2.7376635,2.3976636,2.4076636,2.1376636,1.4076636,1.9676635,2.0376635,1.9276636,0.45766357
2.0676637,3.2576635,2.1176636,1.5276636,1.2676636,1.8376635,0.6576636,-1.0523365,-1.9523364,-3.0423365,-3.9723365,-2.2123365,-1.9423364,-2.3923364,-4.0623364,-4.1723366,-5.072336,-5.1323366,-5.2323365,-5.1623363,-5.4223366,0.41766357,4.3376637,3.5376635,-0.37233642,-2.0123365,3.3276637,4.0576634,-1.2423364,-1.5223365,-0.5823364,-0.40233642,-2.4623365,2.2676635,0.057663575,-2.3223364,0.07766357,2.6476636,-0.81233644,0.5776636,1.0276636
2.6276636,1.3476635,-0.20233643,0.29766357,0.4976636,-0.13233642,-0.95233643,-2.4223363,-2.4623365,-1.8723364,-3.1723363,-3.3623364,-3.3023365,0.68766356,-2.2723365,-4.1623363,-5.1023364,-5.8623366,-5.8923364,-4.6123366,-5.4723363,-0.6423364,-2.1023364,0.61766356,0.39766356,0.13766357,2.9776635,1.0976635,-0.29233643,-1.3823364,1.1776636,0.61766356,0.7776636,-0.5323364,0.29766357,1.8876636,0.9676636,2.4576635,-2.5323365,-2.2523365,-1.4623364
0.15766357,-0.34233642,0.50766355,0.5976636,-0.33233643,-1.2923365,-2.3123364,-2.5723364,-4.5023365,-4.4723363,-3.9223363,-2.2123365,-2.0523365,-1.8423364,-1.4123365,-3.3923364,-5.6023364,-5.3923364,-4.9523363,-2.9223363,-3.5623364,-1.8523364,0.21766357,0.047663573,0.94766355,0.24766357,0.25766358,-1.3723364,-0.44233644,-0.7823364,-1.5923364,-0.35233644,-0.9723364,-1.2423364,0.4976636,0.69766355,3.1676636,-0.27233642,-1.4323364,-1.7523364,-1.4623364
-0.32233644,-0.88233644,-1.5023364,-1.6723365,-1.9223365,-2.8023365,-4.4423366,-5.1623363,-5.2423363,-4.6723366,-3.8323364,0.21766357,0.73766357,-0.9723364,-3.4623365,-5.552336,-5.9023366,-4.8923364,-4.5223365,-2.9923365,-3.0123365,-1.5623364,1.1976635,1.5776635,0.9076636,0.8876636,0.037663575,-2.0023365,0.39766356,-0.32233644,-2.4623365,-2.7423365,-0.07233643,-1.7723365,-2.3123364,10.327663,-2.8923364,5.3776636,0.28766358,-0.5923364,-0.75233644
-2.5223365,-3.4423363,-2.0923364,-2.4823365,-2.5923364,-3.4823365,-4.0123363,-5.2723365,-6.1323366,-4.6823363,-1.9823364,1.0976635,0.6076636,-1.4823364,-3.0023365,-4.7223363,-6.5423365,-5.6023364,-4.6423364,-1.8823364,-1.8723364,-2.1823363,1.7276635,2.4976635,3.3076637,1.4576635,1.4476635,1.3876636,1.7076635,0.93766356,-0.26233643,-2.2023363,-2.0823364,1.0676636,1.5076636,2.6776636,2.6476636,1.2476636,1.7976636,2.7176635,2.7076635
-1.4723364,-3.2723365,-2.8823364,-3.6123364,-2.5923364,-3.0823364,-3.5423365,-4.2323365,-5.1923366,-4.7023363,-3.1423364,-1.3823364,-1.8423364,-2.8623364,-3.6323364,-4.5223365,-5.8423367,-5.7723365,-4.5623364,-1.8323364,-0.7223364,-1.5623364,-1.4823364,0.12766357,2.0076635,2.2376635,2.8276637,2.1576636,1.7376636,0.29766357,-1.2823365,-1.2923365,0.7676636,-1.2423364,0.31766358,0.18766357,-0.70233643,1.4276636,-0.70233643,1.4876636,2.3576636
-0.062336426,-2.0023365,-2.7823365,-4.3823366,-4.6723366,-4.7123365,-4.4323363,-4.2923365,-4.6023364,-3.8723364,-3.4723365,-3.1623363,-3.3923364,-2.2223365,-3.2023363,-3.9323363,-4.2923365,-5.0923367,-4.9423366,-3.3023365,-2.2023363,-2.3223364,-3.2923365,-0.55233645,1.2776636,0.7776636,1.6976635,1.2276635,2.6276636,1.9876636,1.6676636,0.027663574,0.56766355,0.28766358,3.1376636,4.1276636,1.6176636,-1.1023364,1.5676636,1.6576636,0.41766357
-0.20233643,-1.4923364,-2.8523364,-3.7223365,-4.1723366,-4.822336,-4.7223363,-5.2323365,-5.3723364,-4.7023363,-4.8323364,-4.572336,-4.6623363,-3.5523365,-1.3723364,-1.9823364,-2.8923364,-4.0123363,-4.4723363,-2.2723365,-0.9223364,-3.7823365,-3.6123364,-1.9323364,0.81766355,3.0076635,1.8676636,2.0776637,0.87766355,2.4476635,2.6976635,1.8076636,1.9876636,3.3376637,2.3076637,0.69766355,1.7176635,1.7276635,0.5176636,0.25766358,2.3876636
-0.8323364,-2.0423365,-3.8323364,-4.1123366,-4.2123365,-4.6423364,-5.1123366,-5.0423365,-5.2123365,-5.6623363,-4.9723363,-4.1723366,-4.9123363,-5.3723364,-2.9223363,0.56766355,-0.07233643,-2.7423365,-4.6023364,-3.8523364,-1.3223364,-2.3723364,-3.4523363,-3.4923365,-0.81233644,-1.0723364,0.8976636,-0.43233642,-0.022336425,0.48766357,1.9276636,2.4676635,2.4876635,2.3576636,2.1376636,2.2676635,1.2176635,0.47766358,0.5376636,1.6976635,0.6576636
-1.1723365,-3.0123365,-2.7423365,-3.5823364,-4.6223364,-4.8723364,-4.7923365,-5.3423367,-5.3323364,-5.4123363,-4.7623363,-5.4923363,-5.2623363,-5.9723363,-6.3723364,-1.9523364,-0.8523364,-2.4323363,-2.7023363,-4.1623363,-2.4823365,-2.3223364,-1.9323364,-1.4923364,-2.5923364,-0.87233645,-0.62233645,-0.29233643,-1.0023364,-0.34233642,0.69766355,-0.56233644,-0.14233643,2.0276635,1.8576636,1.8176636,0.29766357,-0.16233642,-0.6623364,1.8976636,0.007663574
-1.7823365,-2.6023364,-3.5323365,-3.1323364,-3.5323365,-2.8423364,-4.0023365,-4.6523366,-6.1723366,-5.3523364,-3.5223365,-4.2423363,-5.6923366,-6.4523363,-6.1823363,-4.3123364,-0.40233642,1.9976636,1.4876636,0.37766358,-1.0523365,-1.3223364,-1.0523365,-0.6023364,0.24766357,0.68766356,-0.13233642,0.087663576,0.12766357,-0.39233643,-3.1823363,-2.0923364,-1.1023364,-0.16233642,0.017663574,2.3076637,2.0276635,1.5776635,2.1476636,1.5176636,0.7876636
-1.8823364,-2.5123365,-3.0623364,-2.9723365,-3.5523365,-3.6023364,-4.1123366,-4.6823363,-4.9123363,-4.7323365,-2.4923365,-3.0623364,-4.9523363,-5.9623365,-5.2623363,-4.9823365,-4.282336,-3.7223365,-2.4523363,-1.8423364,0.16766357,-2.0523365,-1.2223364,1.0876635,0.54766357,1.1576636,1.3276635,0.99766356,0.7876636,1.0176636,0.35766357,0.21766357,-1.0723364,-1.4023365,-0.8423364,-1.5523365,-0.042336427,1.7776636,2.5276635,1.5176636,1.9876636
-0.9823364,-2.2423365,-2.0623364,-2.8223364,-3.1323364,-3.0823364,-3.5323365,-4.032336,-4.3723364,-3.8623364,-1.5223365,-0.10233643,-0.88233644,-2.3423364,-5.4723363,-5.0023365,-4.3823366,-3.5823364,-1.0423365,0.4676636,-1.1023364,0.33766356,0.38766357,1.4276636,1.3476635,2.5776637,2.5776637,2.0176635,0.9576636,0.8376636,1.5576636,0.41766357,-0.42233643,-1.1323364,-1.6323364,-1.7323364,-1.9723364,-1.5623364,-0.55233645,2.8076637,2.4176636
