wind.json
{"header": {"discipline":0,"disciplineName":"Meteorological products","gribEdition":2,"gribLength":1211,"center":7,"centerName":"US National Weather Service - NCEP(WMC)","subcenter":0,"refTime":"2023-06-29T00:00:00.000Z","significanceOfRT":1,"significanceOfRTName":"Start of forecast","productStatus":0,"productStatusName":"Operational products","productType":1,"productTypeName":"Forecast products","productDefinitionTemplate":0,"productDefinitionTemplateName":"Analysis/forecast at horizontal level/layer at a point in time","parameterCategory":2,"parameterCategoryName":"UnknownDiscipline_0_Category_2","parameterNumber":2,"parameterNumberName":"UnknownParameter_D0_C2_2","parameterUnit":"Unknown","genProcessType":2,"genProcessTypeName":"Forecast","forecastTime":300,"surface1Type":103,"surface1TypeName":"Specified height level above ground","surface1Value":10.0,"surface2Type":255,"surface2TypeName":"Missing","surface2Value":0.0,"gridDefinitionTemplate":0,"gridDefinitionTemplateName":"Latitude_Longitude","numberPoints":688,"shape":6,"shapeName":"Earth spherical with radius of 6,371,229.0 m","gridUnits":"degrees","resolution":48,"winds":"true","scanMode":64,"nx":43,"ny":16,"basicAngle":0,"lo1":45.0,"la1":40.0,"lo2":87.0,"la2":55.0,"dx":1.0,"dy":1.0}, "data":
[rows 0 to 15 of 16, columns 0 to 42 of 43]
2.6146924,-1.4753076,-1.6053076,-2.0753076,-8.665308,-0.9353076,0.14469238,-0.85530764,0.8446924,-7.2453074,-6.9553075,-7.2453074,-7.6753078,-6.9353075,-6.4353075,-5.9753075,-4.9453077,-3.7553077,-4.0153074,-5.0153074,-5.2453074,-2.7153077,-3.9153075,-0.79530764,2.2546923,3.1846924,1.5346924,0.8646924,0.6946924,2.8146925,2.6646924,6.094692,2.8646924,4.154692,4.0646925,1.6946924,3.6446924,5.0046926,3.5846925,4.3046923,3.4446924,-2.1553075,-1.2553077
-1.8653076,2.2146924,3.8846924,1.8946924,-1.5853076,3.5146923,1.3446923,5.0046926,-10.585308,-6.8753076,-7.615308,-6.6053076,-6.905308,-6.2753077,-6.0653076,-5.9453077,-6.1753078,-5.9453077,-4.7353077,-5.7153077,-5.4553075,-4.7653074,-2.4853077,-0.17530762,1.1446924,4.3746924,3.5446923,4.3746924,5.384692,6.0446925,4.5146923,5.0046926,5.9946923,1.9846923,4.924692,-2.2453077,4.0246925,5.3246922,8.204693,8.704693,7.1246924,4.3946924,0.034692384
5.6846924,1.3446923,1.3246924,-1.4953076,-0.4753076,2.1346924,1.7746924,-4.9253078,-6.655308,-5.9653077,-7.135308,-5.825308,-6.6653075,-3.9853077,-5.7453074,-5.5253077,-4.8053074,-5.6953077,-5.325308,-4.595308,-4.5553074,-4.345308,-3.9653077,-2.6653075,-0.91530764,3.4246924,2.7946923,-1.4953076,0.014692383,2.6846924,1.5346924,0.31469238,0.34469238,-0.2953076,0.09469238,-1.1753076,1.2846924,0.5046924,-2.4953077,2.4746923,-1.1953076,2.6646924,-3.9753077
-0.15530762,1.2146924,3.0846925,-3.1353076,-1.7453076,1.9746923,-1.2553077,-5.655308,-5.6753078,-3.7853076,-5.2153077,-4.885308,-4.1653075,-5.345308,-5.7353077,-4.405308,-3.4253075,-3.5353076,-4.655308,-3.8153076,-3.0753076,-4.825308,-1.8453076,-6.7853074,-5.5553074,-5.8753076,-2.2553077,-1.7253076,-0.85530764,0.34469238,4.2646923,-1.2153076,0.47469237,-1.0053077,0.07469238,1.1846924,-1.3853077,-1.1053076,1.9846923,-2.3253076,1.9646924,4.154692,0.22469239
3.2246923,4.404692,5.5746922,-5.1953077,-2.7753077,-1.0153077,-3.6853075,-8.025308,-7.0153074,3.7546923,-3.1253076,-3.6353076,-3.2953076,-6.7453074,-4.075308,-3.0853076,1.2646924,-0.6453076,-2.0053077,-3.3453076,-3.7053077,-4.4653077,-4.8353076,-5.8053074,-3.5053077,-2.4353075,0.7946924,1.0946923,1.3146924,3.9146924,-1.2553077,0.12469238,2.2346923,5.0646925,7.3946924,9.574693,8.734693,8.854692,2.3046923,4.9146924,-2.0653076,-2.0253077,6.0546923
2.2646923,3.9946923,-6.2753077,-2.5953076,-2.8853076,-3.7253077,-1.5253077,-6.9453077,3.7646923,14.124692,1.1546924,-0.46530762,-0.9453076,-5.7253075,-2.5153077,-1.1853076,3.2346923,5.4946923,-2.9253075,-2.5153077,-1.6853076,-1.2453076,-2.4853077,-2.3653076,-1.8553076,-0.045307618,2.1946924,3.2146924,2.2946923,-2.6853075,2.9846923,3.5046923,1.0146924,4.0846925,4.134692,1.1846924,1.5746924,-3.3053076,5.384692,11.894692,1.7546924,3.0246923,5.7446923
2.2746923,-1.5853076,-4.7253075,-4.4153075,-1.7653077,-1.4553076,-4.4253078,2.5046923,4.2946925,6.0146923,8.484693,-1.4453076,1.9146924,4.404692,-1.6053076,-0.4553076,4.2546926,-2.6253076,-2.3353076,-1.8353076,-0.4553076,1.4646924,-1.2853076,-0.2553076,-1.3753076,1.6546924,3.5346923,2.2746923,3.3246925,1.0446924,2.8846924,2.6746924,4.0046926,3.9946923,4.7546926,6.1246924,6.5746922,1.1146923,6.9346924,12.774693,11.284693,8.274693,-7.2853074
0.2646924,-0.7053076,-9.415308,-8.575308,-8.855308,0.7246924,3.7046924,6.404692,9.194693,6.9346924,5.0446925,0.8146924,4.094692,-0.115307614,-2.1353076,-1.2953076,-3.3253076,-2.0653076,1.3446923,1.2846924,0.7246924,0.2646924,0.3346924,-1.8653076,0.7546924,0.9846924,1.7746924,0.23469238,-1.2753077,2.4246924,0.71469235,1.8146924,3.3446925,5.2946925,2.4146924,4.3946924,3.5846925,4.8946924,1.6646924,1.3746924,2.9546924,2.9346924,2.3446925
-0.025307618,0.89469236,-7.1453075,-6.115308,-1.7053076,-0.46530762,5.614692,9.394692,6.2946925,3.4346924,2.5646925,3.9046924,0.47469237,-5.0153074,-0.8653076,-1.3353076,-0.075307615,0.9446924,0.5046924,0.13469239,-0.67530763,-1.8653076,-0.33530763,-2.1653075,-1.1153076,1.6446924,1.4246924,1.6046923,1.1446924,2.2346923,3.5746925,3.1346924,4.404692,2.5546923,5.5346923,1.6546924,0.15469238,3.8346925,0.89469236,1.3246924,3.3846924,6.7046924,5.1246924
-1.4953076,0.9346924,-4.0253077,-7.2353077,-6.1053076,-4.9253078,-3.7953076,-2.1553075,-1.2153076,0.96469235,2.7746923,1.9346924,-4.845308,-1.0753076,-1.4453076,-0.075307615,0.37469238,-0.4853076,0.16469239,-0.10530762,-0.13530761,-1.1453077,-1.7753077,-0.12530762,1.4346924,1.5246924,2.4746923,2.2646923,2.4446924,3.7546923,3.4946923,3.9246924,1.3546923,1.4046924,0.83469236,-0.6553076,1.4046924,1.1346924,-0.5253076,-0.39530763,0.71469235,1.0146924,1.8146924
-9.895308,0.4546924,-4.2953076,-5.655308,-5.135308,-5.6653075,-4.635308,-3.5053077,-3.0653076,-2.6253076,-2.9753077,-2.2853076,-1.1553077,0.34469238,0.07469238,-0.8953076,-0.42530763,-0.045307618,-0.075307615,0.014692383,0.19469239,-2.3953075,-1.7153076,-0.5853076,-0.67530763,1.3046924,-0.42530763,1.0846924,1.9646924,2.6246924,3.7946923,2.8646924,2.4346924,3.4646924,0.13469239,-1.7253076,-0.54530764,1.3146924,-1.7853076,-0.6853076,2.5546923,1.2546924,1.3746924
-5.7353077,-2.1553075,-3.3753076,-2.8353076,-3.5453076,-3.0853076,-3.6853075,-3.4253075,-3.0353076,-1.2653077,0.2746924,1.1046923,3.0046923,2.2946923,2.3846924,1.2046924,1.6446924,1.6846924,0.8146924,2.7146924,1.3146924,-1.3453076,-1.0353076,0.11469238,1.3246924,1.9146924,-1.8353076,1.2346923,1.4746923,1.8346924,2.8146925,1.4946923,3.5346923,4.5546923,1.9346924,0.51469237,0.7446924,-1.3253076,0.6546924,1.0446924,-0.34530762,-0.15530762,0.8146924
-3.1553075,-3.0653076,-2.7853076,-0.8353076,-0.8453076,-0.7653076,-0.43530762,0.044692382,-0.14530762,0.3946924,1.4946923,2.0946925,4.1446924,3.8846924,2.8746924,4.3346925,3.7646923,2.5946925,3.5146923,3.7646923,1.8946924,-2.6453075,1.7746924,3.2946923,1.7446923,1.8946924,-0.20530762,1.2846924,0.4946924,3.9246924,3.2946923,-2.2853076,4.6446924,2.4146924,-3.3453076,0.9346924,-2.1853075,-0.4853076,0.5446924,3.1246924,1.6146923,1.4846923,0.9146924
-3.7253077,-2.1853075,-1.7253076,-1.5253077,-1.6953076,-1.6353077,0.64469236,1.9846923,2.6346924,3.5946925,5.7046924,4.5846925,3.5946925,4.594692,4.0546923,3.1646924,4.0746922,4.1046925,3.3546925,4.2246923,3.5546923,1.1646924,3.1646924,1.2946924,2.8346925,2.3346925,1.5046924,1.5946923,2.9746923,0.064692385,2.5946925,0.23469238,5.4946923,2.4246924,-3.8653076,1.2346923,0.3946924,-1.1053076,1.7146924,1.6546924,2.3446925,0.35469237,1.2646924
-4.095308,-2.1653075,-2.0353076,-3.2153077,1.1846924,-0.22530761,0.8646924,1.0946923,2.8746924,1.4446924,3.4246924,4.6646924,2.8446925,4.0046926,4.4746923,4.6946926,3.3346925,4.9746923,4.134692,5.8246922,3.5346923,2.5446923,3.4846923,1.2846924,3.0346923,3.0046923,3.9646924,3.7846923,1.5246924,1.9546924,0.5346924,2.2546923,2.4346924,3.2046924,2.0046923,0.4946924,1.2246923,1.2946924,-0.045307618,0.9746924,1.1446924,0.8846924,1.0446924
-2.8653076,-1.2553077,-1.3153076,-0.6953076,-1.2053076,1.0446924,2.4846923,3.5646925,5.2146926,6.2046924,0.6146924,1.7546924,2.0946925,5.1246924,1.1946924,3.2846923,4.5546923,3.6146924,4.114692,5.5246925,5.134692,2.1446924,2.6646924,0.8846924,1.3746924,3.3746924,3.9846923,0.76469237,2.1146924,1.0146924,3.2646923,1.7246923,2.9446924,2.6146924,-0.8453076,5.094692,2.0146923,-1.3853077,1.2146924,0.08469238,-1.2953076,0.6346924,-1.9353076
