wind.json
{"header": {"discipline":0,"disciplineName":"Meteorological products","gribEdition":2,"gribLength":1125,"center":7,"centerName":"US National Weather Service - NCEP(WMC)","subcenter":0,"refTime":"2023-06-29T06:00:00.000Z","significanceOfRT":1,"significanceOfRTName":"Start of forecast","productStatus":0,"productStatusName":"Operational products","productType":1,"productTypeName":"Forecast products","productDefinitionTemplate":0,"productDefinitionTemplateName":"Analysis/forecast at horizontal level/layer at a point in time","parameterCategory":2,"parameterCategoryName":"UnknownDiscipline_0_Category_2","parameterNumber":3,"parameterNumberName":"UnknownParameter_D0_C2_3","parameterUnit":"Unknown","genProcessType":2,"genProcessTypeName":"Forecast","forecastTime":60,"surface1Type":103,"surface1TypeName":"Specified height level above ground","surface1Value":10.0,"surface2Type":255,"surface2TypeName":"Missing","surface2Value":0.0,"gridDefinitionTemplate":0,"gridDefinitionTemplateName":"Latitude_Longitude","numberPoints":688,"shape":6,"shapeName":"Earth spherical with radius of 6,371,229.0 m","gridUnits":"degrees","resolution":48,"winds":"true","scanMode":64,"nx":43,"ny":16,"basicAngle":0,"lo1":45.0,"la1":40.0,"lo2":87.0,"la2":55.0,"dx":1.0,"dy":1.0}, "data":
[rows 0 to 15 of 16, columns 0 to 42 of 43]
-3.51542,-0.35541993,0.8145801,4.88458,2.8645802,-0.96541995,-4.56542,-5.80542,-7.38542,-5.43542,-3.6654198,-4.99542,-9.04542,-1.52542,-0.79541993,1.1845801,-0.66541994,-0.5754199,-2.97542,-3.08542,-2.95542,-1.3154199,0.83458006,1.72458,1.61458,1.99458,2.19458,4.7445803,3.26458,0.6045801,0.9445801,-1.4454199,-1.53542,-3.05542,-8.035419,1.1545801,1.9345801,2.0745802,0.9145801,-0.13541992,-1.3154199,0.6245801,2.54458
1.85458,0.38458008,3.01458,0.26458007,1.74458,-1.02542,-4.61542,-5.65542,-6.63542,-6.83542,-6.5054197,-7.71542,-9.25542,-10.66542,-1.88542,1.3345801,0.64458007,-1.50542,-3.1454198,-3.83542,-4.33542,-2.9154198,-2.8654199,-0.015419922,-1.8454199,-2.51542,-3.1354198,-1.5854199,-1.3254199,1.0345801,1.6445801,1.85458,-0.15541992,1.75458,1.3345801,1.0245801,-1.89542,2.29458,2.20458,2.20458,0.4645801,-3.21542,0.9945801
1.23458,-3.00542,2.18458,2.0945802,3.80458,1.0145801,-2.44542,-4.42542,-7.38542,-7.2754197,-6.11542,-6.76542,-8.39542,-9.11542,-0.19541992,2.68458,1.5645801,0.6745801,-2.31542,-3.58542,-5.31542,-4.16542,-2.1754198,-1.03542,0.9945801,2.19458,0.6845801,-0.79541993,-3.32542,0.4345801,-0.26541993,0.6145801,2.41458,2.65458,-1.25542,-2.59542,-1.4654199,0.4645801,-0.08541992,-0.65541995,1.6745801,-2.49542,0.12458008
2.78458,2.6145802,1.11458,5.07458,4.68458,2.91458,0.04458008,-2.47542,-3.8554199,-6.07542,-4.57542,-7.58542,-8.23542,-7.7354198,-2.45542,2.79458,1.21458,-0.59541994,-1.5754199,-4.85542,-3.58542,-3.3954198,-2.25542,-3.23542,-2.6254199,-1.7254199,-1.4654199,0.53458005,-0.18541992,0.12458008,-0.71541995,1.47458,4.62458,2.51458,2.53458,-1.9654199,-0.79541993,3.8845801,1.84458,-0.20541993,0.9345801,-1.87542,-1.12542
1.10458,0.83458006,-0.8154199,5.90458,4.84458,3.95458,0.4045801,-2.1454198,-2.21542,-5.15542,-6.66542,-8.16542,-7.22542,-7.26542,2.5845802,2.54458,0.6145801,-0.66541994,-3.31542,-4.67542,-1.0454199,-1.24542,-2.34542,-2.3954198,0.9445801,-2.20542,-3.51542,-2.8954198,-2.26542,-2.70542,-0.8254199,-1.0754199,-4.5254197,-4.91542,-2.79542,1.5645801,-0.3154199,-4.33542,-2.6154199,1.3845801,2.81458,3.49458,3.69458
0.6645801,-2.98542,-4.7554197,-0.16541992,-0.24541992,1.9345801,1.71458,0.2745801,-2.09542,-2.56542,-4.69542,-5.03542,-6.34542,-3.82542,4.2245803,2.6245801,3.93458,2.18458,-0.7054199,-2.06542,-1.1854199,-0.40541992,0.4645801,0.52458006,0.8245801,0.17458008,-2.51542,-2.50542,-2.53542,-2.49542,-1.13542,-0.035419922,-0.8854199,-0.35541993,1.0345801,2.30458,-1.74542,-3.09542,-5.64542,-5.57542,-6.30542,-7.11542,-3.99542
0.59458005,-3.26542,2.79458,-0.6954199,-4.70542,2.44458,4.23458,3.3445802,2.22458,-0.9954199,-3.43542,-4.72542,-5.45542,-3.3554199,2.0945802,0.58458006,-0.22541992,2.74458,2.5945802,0.39458007,0.90458006,1.5145801,0.9245801,2.74458,2.27458,2.3945801,2.48458,0.6645801,0.77458006,1.1445801,-0.72541994,-1.9654199,-2.08542,-4.36542,-3.9154198,-2.23542,1.6345801,-1.14542,1.3045801,0.53458005,-7.4854198,0.7945801,-7.13542
0.14458008,0.8245801,4.21458,1.7045801,-2.1554198,1.6945801,1.09458,3.17458,3.8845801,0.32458007,-3.18542,-4.93542,-4.93542,-4.66542,3.95458,1.7845801,1.5845801,1.4145801,4.03458,1.6345801,1.4045801,1.6445801,-0.23541993,-0.6454199,-0.97541994,3.47458,3.18458,3.3545802,2.01458,1.46458,-2.84542,-1.65542,-1.3554199,-2.75542,-4.20542,-5.17542,-5.2754197,-5.01542,-5.72542,-4.85542,-3.93542,-3.48542,-7.26542
0.6045801,0.19458008,-0.36541992,-0.48541993,-1.3154199,3.3245802,1.9445801,4.2045803,4.7645802,1.0545801,-1.9554199,-2.8954198,-1.9254199,-4.16542,2.6245801,3.5945802,3.25458,4.28458,4.77458,4.00458,3.42458,3.19458,1.2745801,0.6645801,-0.59541994,-1.02542,-0.8154199,-0.04541992,0.8545801,-1.8454199,-1.5854199,-1.39542,-2.3554199,-2.07542,-4.07542,-3.80542,-1.53542,-2.50542,-2.8854198,-1.9754199,0.034580078,2.3645802,-2.22542
0.4645801,0.014580078,-0.9854199,0.6945801,0.064580075,-0.33541992,2.55458,4.91458,2.5845802,1.3145801,-1.5454199,-1.8654199,-0.8054199,-3.31542,4.57458,4.62458,3.54458,4.52458,4.06458,2.24458,0.07458008,4.21458,2.72458,0.6345801,0.6245801,-0.6454199,-0.23541993,-0.3754199,0.5545801,0.24458008,0.15458007,-0.48541993,-1.4454199,-1.8254199,-2.21542,-2.74542,-1.1154199,-0.8054199,-4.17542,-1.28542,-4.39542,-3.25542,-3.3954198
-0.18541992,0.29458007,-0.2554199,-0.5154199,1.5145801,2.55458,3.3645802,2.71458,4.90458,2.49458,-0.38541993,-0.8054199,2.42458,-1.3554199,-3.70542,3.8545802,4.81458,2.8445802,3.66458,3.5945802,0.70458007,0.034580078,1.98458,3.26458,2.3745801,1.2645801,0.9945801,0.8045801,0.5045801,0.8145801,0.47458008,-0.055419922,0.28458008,0.77458006,-1.3154199,-2.3654199,-2.1754198,-1.4454199,-1.0854199,-4.12542,-2.55542,-1.8554199,-1.4654199
0.95458007,0.4645801,-0.18541992,0.054580078,-0.29541993,1.7745801,3.52458,5.15458,4.42458,1.8045801,0.17458008,3.48458,1.86458,-0.54541993,-1.5754199,-4.92542,5.10458,3.93458,2.17458,1.86458,0.7645801,0.2745801,0.8845801,2.6045802,1.6645801,1.4345801,0.9945801,2.03458,1.48458,2.18458,1.6845801,1.1745801,1.1445801,0.26458007,-0.96541995,-1.8054199,-2.4254198,-1.3154199,-1.6954199,0.8745801,-0.65541995,-0.8154199,-1.8554199
0.20458008,-0.025419923,0.7445801,1.2945801,1.4445801,1.7945801,4.4545803,5.32458,3.15458,1.96458,2.27458,4.90458,-0.10541992,2.3245802,-4.86542,1.61458,6.93458,6.38458,5.50458,3.18458,2.8445802,2.03458,2.17458,2.0745802,1.99458,2.3645802,2.44458,1.4545801,2.16458,-0.42541993,2.20458,1.84458,0.45458007,2.6245801,1.0845801,0.064580075,-1.3054199,-1.28542,0.83458006,2.3745801,2.23458,2.21458,1.3945801
0.8645801,0.5745801,0.8245801,0.96458006,1.7045801,2.55458,5.15458,4.13458,3.6345801,3.41458,2.3545802,6.41458,2.76458,5.16458,-0.8354199,3.67458,7.0145802,6.33458,5.90458,5.73458,5.39458,4.06458,3.5945802,3.04458,3.21458,2.40458,3.41458,3.04458,2.73458,1.5245801,0.89458007,-0.85541993,-1.03542,-0.18541992,-1.8254199,-2.26542,-1.4554199,-1.0654199,-1.89542,-0.8954199,-0.43541992,-0.26541993,0.8145801
-0.17541993,1.49458,1.37458,1.0545801,-0.33541992,3.16458,2.5945802,5.73458,3.55458,2.30458,0.8245801,1.9145801,3.96458,1.12458,3.1345801,4.7645802,2.95458,4.2445803,5.7445803,6.85458,5.94458,5.33458,4.34458,3.8645802,3.5745802,3.03458,3.20458,3.1445801,2.80458,2.0945802,1.9245801,1.47458,2.3245802,0.08458008,-1.2354199,-1.9554199,-2.1154199,-1.5854199,-1.3354199,-0.7654199,-0.71541995,-0.3154199,-0.21541992
0.58458006,0.90458006,0.77458006,1.4545801,0.9945801,3.49458,4.46458,5.62458,5.29458,3.3945801,3.01458,2.28458,5.55458,2.26458,2.5745802,0.4945801,5.2645802,4.4545803,4.61458,5.30458,6.14458,6.21458,5.46458,4.36458,3.93458,3.68458,3.68458,3.67458,3.50458,2.92458,2.54458,1.4245801,3.18458,2.17458,-0.54541993,-1.4454199,-1.3054199,-0.23541993,-1.64542,1.5345801,1.47458,0.5045801,0.4045801
