wind_kz.json
{"header": {"discipline":0,"disciplineName":"Meteorological products","gribEdition":2,"gribLength":1102,"center":7,"centerName":"US National Weather Service - NCEP(WMC)","subcenter":0,"refTime":"2024-03-19T12:00:00.000Z","significanceOfRT":1,"significanceOfRTName":"Start of forecast","productStatus":0,"productStatusName":"Operational products","productType":1,"productTypeName":"Forecast products","productDefinitionTemplate":0,"productDefinitionTemplateName":"Analysis/forecast at horizontal level/layer at a point in time","parameterCategory":2,"parameterCategoryName":"UnknownDiscipline_0_Category_2","parameterNumber":2,"parameterNumberName":"UnknownParameter_D0_C2_2","parameterUnit":"Unknown","genProcessType":2,"genProcessTypeName":"Forecast","forecastTime":60,"surface1Type":103,"surface1TypeName":"Specified height level above ground","surface1Value":10.0,"surface2Type":255,"surface2TypeName":"Missing","surface2Value":0.0,"gridDefinitionTemplate":0,"gridDefinitionTemplateName":"Latitude_Longitude","numberPoints":615,"shape":6,"shapeName":"Earth spherical with radius of 6,371,229.0 m","gridUnits":"degrees","resolution":48,"winds":"true","scanMode":64,"nx":41,"ny":15,"basicAngle":0,"lo1":47.0,"la1":41.0,"lo2":87.0,"la2":55.0,"dx":1.0,"dy":1.0}, "data":
[rows 0 to 14 of 15, columns 0 to 40 of 41]
-1.8581445,-0.45814455,0.97185546,-3.9781446,-2.3281446,-1.9781445,-0.26814452,0.031855468,0.8218555,3.1118555,2.9918554,3.0518556,2.7618554,2.4918554,2.7718554,3.0518556,3.6118555,4.8118553,4.5218554,5.5518556,6.8718553,0.29185545,-2.1381445,-0.6681445,-0.018144531,-0.51814455,0.86185545,1.3818555,1.2518555,1.3518555,0.9418555,1.4618554,-0.8581445,0.8818555,-1.5181445,0.9418555,-1.5381446,2.1418555,-2.8481445,0.46185547,0.26185548
2.7418554,-0.47814453,-3.5781446,-3.2681446,-1.4881445,-0.36814454,1.2818555,1.5718554,2.2918556,1.4018555,1.0218555,-0.25814453,1.2818555,1.9918555,2.6518555,2.4718554,3.0618556,3.4018555,4.7318554,4.9718556,4.8818555,2.1418555,0.97185546,0.8718555,0.31185547,0.31185547,-0.04814453,0.8118555,-1.7081445,-0.21814454,-0.028144531,-0.48814452,2.2818556,-0.84814453,0.20185547,1.3518555,-1.1481445,0.26185548,0.8918555,0.021855468,-3.0681446
-1.6281445,-4.6181445,-2.8581445,-1.3381445,0.051855467,1.6518555,2.2618554,1.3918555,-0.38814452,0.28185546,0.8918555,0.09185547,2.0918555,3.2418554,3.6118555,3.0818555,3.3918555,5.0518556,5.2418556,4.8118553,4.9618554,4.0618553,4.7218556,7.4018555,14.291856,1.8018554,-2.2581446,1.3418555,2.2618554,0.25185546,-1.8181446,2.1318555,-0.018144531,0.29185545,-1.3181446,-0.81814456,0.97185546,0.5718555,4.8218555,2.4118555,0.5018555
-3.0281446,-4.0681443,-3.0081446,-1.3581445,0.22185546,0.25185546,0.09185547,-0.13814454,0.15185547,-0.34814453,-1.1281445,-0.51814455,-1.4481446,-0.8681445,-0.6181445,-0.12814453,0.66185546,2.8218555,3.8718555,5.1518555,4.4318557,4.1718554,1.2818555,9.421856,9.551855,11.6118555,7.8618555,1.7818555,4.5818553,2.2418554,-1.8281446,-2.5781446,-1.8381445,-2.4681444,-2.0581446,-1.0181445,-0.7381445,2.5918555,0.67185545,-0.10814453,-1.5581446
-2.5981445,-2.6181445,-1.8981445,-0.18814453,0.07185547,0.8318555,1.0918555,1.0018555,0.30185547,-1.1081445,-3.0681446,-2.5081446,-3.2081444,-3.0381446,-2.8281446,-0.10814453,0.10185547,0.6418555,1.5918555,2.1718554,4.6318555,7.0918555,9.011855,9.161856,6.9218554,4.0718555,10.351855,8.481855,8.151855,4.8518553,3.4018555,3.1518555,-0.6281445,0.7518555,2.6318555,-1.0281445,0.49185547,1.3818555,0.60185546,-0.59814453,-1.8681445
-1.2981446,0.011855469,0.9518555,-0.45814455,-0.39814454,0.72185546,0.48185548,-2.6881444,-3.2281446,-3.4481444,-3.7881446,-3.2981446,-2.1781445,-4.7181444,-1.8281446,-1.4981445,0.25185546,-0.44814453,-1.1781446,-1.7381445,-4.5181446,-1.0581446,-0.12814453,1.2618555,3.4118555,4.3418555,2.5218554,4.8118553,4.7718554,-0.71814454,-2.3781445,-1.2481445,-2.0181446,-1.9281446,-0.44814453,-2.0781446,0.39185548,0.25185546,-0.52814454,-2.4181445,-3.7781446
-1.4281446,-1.0881445,-1.4581445,-1.8581445,-0.90814453,-2.6281445,-3.9781446,-4.2981443,-4.5781446,-4.1481447,-3.6781445,-3.7781446,-2.6681445,-3.7581446,-1.8981445,-1.0181445,-0.9381445,-1.6181445,-1.6681446,-4.3981447,-4.7381444,-3.9681444,-4.5481443,-4.7481446,-6.7581444,-4.8081446,-3.5781446,-4.8981447,-6.0281444,-6.5681443,-5.6281447,-4.6481447,-1.8281446,-1.5781446,-2.7281446,-0.94814456,-0.6181445,1.2418555,-1.0681446,2.4318554,-0.7381445
-2.4381444,-3.3281446,-3.6081445,-3.5981445,-3.7181444,-3.7981446,-3.7281446,-3.8981445,-4.0081444,-3.8981445,-3.6481445,-3.8881445,-2.8781445,-2.4781446,-1.2281445,-1.9681445,-2.8481445,-3.0581446,-2.3981445,-5.2681446,-4.6181445,-4.5581446,-3.6681445,-4.2281446,-4.0281444,-1.9581445,-4.0681443,-6.1581445,-6.6781445,-4.3581448,-5.9381447,-2.9281445,-2.9481444,-0.9981445,-1.7681445,1.6218555,2.1318555,3.5318556,3.0418556,2.8318555,1.6818554
-2.9081445,-2.8881445,-3.3981445,-3.5281446,-3.8881445,-3.7481446,-3.7181444,-4.1581445,-4.1981444,-3.5681446,-3.3181446,-2.4281445,-1.0781446,-0.8581445,-2.5381446,-2.4781446,-3.1081445,-3.1681445,-2.7681446,-3.0781446,-5.9381447,-3.9281445,-3.0681446,-2.5381446,-3.0081446,-2.3281446,-2.6581445,-2.9681444,-1.4081445,-2.5581446,-2.9381444,-1.0581446,-1.3981445,-0.7981445,0.59185547,0.16185547,0.18185547,-3.1881444,-0.7281445,1.4118555,-1.6581445
-2.9481444,-2.7781446,-3.3181446,-3.4181445,-3.5581446,-3.1081445,-3.4181445,-3.8081446,-3.5981445,-2.1481445,-2.3181446,-4.1281447,-0.9781445,-1.9281446,-1.6681446,-1.3081446,-1.8881445,-2.0081446,-2.6081445,-2.4281445,-4.3581448,-2.2781446,-0.9981445,-2.3181446,-3.5381446,-3.8481445,-3.4281445,-1.9981445,-2.6981444,-1.6781446,-0.7981445,-1.1381445,-0.6081445,-0.6181445,-0.94814456,-0.30814454,-0.7981445,0.12185547,-1.7981446,0.38185546,-1.3881445
-2.2981446,-2.6781445,-2.5881445,-2.5481446,-2.5781446,-2.9881446,-1.8181446,-2.1281445,-2.4081445,-1.4881445,-1.7681445,-0.23814453,-1.0181445,-1.2981446,-1.4981445,-1.2881446,-1.7381445,-0.6281445,-1.9681445,-3.0281446,-1.5881445,-1.9481446,-1.6681446,-1.6581445,-1.3681445,-1.6181445,-0.75814456,-0.9981445,-1.0481446,-0.15814453,0.08185547,-0.06814453,0.61185545,-0.17814453,0.25185546,-1.1981446,-1.4281446,1.0018555,-0.7481445,0.9418555,-0.7881445
-1.6381445,-2.0381446,-1.6681446,-1.7381445,-1.3981445,-1.2781445,-1.2681445,-0.88814455,-0.45814455,-0.9381445,-0.64814454,1.4818555,0.7718555,0.67185545,1.1818554,0.31185547,0.17185546,0.49185547,-0.48814452,-0.50814456,-0.028144531,1.4818555,0.45185548,0.43185547,1.5318555,1.8818555,1.8918555,2.4218554,1.6518555,1.7718555,1.6418555,2.1618555,2.1218555,1.4318554,1.4118555,2.3418555,2.3918555,1.4818555,0.8818555,0.37185547,0.16185547
-0.5381445,-0.7481445,-0.18814453,-0.83814454,-0.7281445,-0.35814452,-0.90814453,-1.0181445,-0.57814455,0.45185548,-0.27814454,0.6418555,0.5018555,2.6518555,2.3518555,1.9218554,2.0418556,2.2518554,1.5118555,2.1318555,1.7218555,1.7418555,1.7818555,1.3718555,2.8918555,3.1818554,3.6318555,3.8418555,3.6218555,3.1418555,3.1918554,3.5418556,3.1718554,2.1018555,2.4018555,3.0118554,3.0318556,1.4918555,2.5518556,1.8318554,0.5218555
0.37185547,0.48185548,0.16185547,0.8818555,0.66185546,0.61185545,0.86185545,1.0618554,0.11185547,0.91185546,-0.5481445,0.6218555,1.3618555,0.8318555,1.0418555,1.4918555,2.0318556,1.9818555,1.1618555,3.2718554,3.1118555,3.0318556,3.6318555,3.5618556,3.5918555,2.5718555,2.1918554,3.4018555,3.0918555,3.3918555,3.6018555,3.9818554,3.7918556,4.3918552,4.5318556,4.0418553,3.7918556,2.7918556,0.5018555,1.6618555,1.3018554
0.86185545,1.1018555,1.3818555,0.32185546,1.0818554,2.6118555,2.3618555,2.3318555,1.8018554,1.0418555,-0.29814452,2.4718554,1.0618554,1.0818554,0.92185545,1.4518554,2.7118554,2.8618555,1.9918555,2.8018556,2.6318555,2.7718554,2.4518554,2.6318555,2.4818554,2.5218554,2.5418556,2.2018554,2.9918554,3.6718554,4.2718554,4.8818555,4.8918552,5.3518553,5.9118557,6.5318556,3.6918554,5.5018554,4.1018553,2.4218554,-0.22814453
