wind_kz.json
{"header": {"discipline":0,"disciplineName":"Meteorological products","gribEdition":2,"gribLength":1102,"center":7,"centerName":"US National Weather Service - NCEP(WMC)","subcenter":0,"refTime":"2024-03-19T18:00:00.000Z","significanceOfRT":1,"significanceOfRTName":"Start of forecast","productStatus":0,"productStatusName":"Operational products","productType":1,"productTypeName":"Forecast products","productDefinitionTemplate":0,"productDefinitionTemplateName":"Analysis/forecast at horizontal level/layer at a point in time","parameterCategory":2,"parameterCategoryName":"UnknownDiscipline_0_Category_2","parameterNumber":2,"parameterNumberName":"UnknownParameter_D0_C2_2","parameterUnit":"Unknown","genProcessType":2,"genProcessTypeName":"Forecast","forecastTime":300,"surface1Type":103,"surface1TypeName":"Specified height level above ground","surface1Value":10.0,"surface2Type":255,"surface2TypeName":"Missing","surface2Value":0.0,"gridDefinitionTemplate":0,"gridDefinitionTemplateName":"Latitude_Longitude","numberPoints":615,"shape":6,"shapeName":"Earth spherical with radius of 6,371,229.0 m","gridUnits":"degrees","resolution":48,"winds":"true","scanMode":64,"nx":41,"ny":15,"basicAngle":0,"lo1":47.0,"la1":41.0,"lo2":87.0,"la2":55.0,"dx":1.0,"dy":1.0}, "data":
[rows 0 to 14 of 15, columns 0 to 40 of 41]
-1.0033178,0.58668214,-0.9533179,0.29668212,-2.5133178,-6.363318,-7.9133177,-7.8733177,-7.733318,-6.1233177,-6.403318,-6.513318,-6.6033177,-5.723318,-5.793318,-4.493318,-4.313318,-6.153318,-6.013318,-4.963318,-1.9533179,-0.60331786,1.0166821,0.82668215,6.776682,3.826682,2.126682,4.846682,4.456682,6.946682,3.616682,2.5266821,0.34668213,-0.9633179,-0.18331787,1.1966821,0.8766821,2.2966821,3.876682,4.7966824,4.026682
-1.4333179,-1.3433179,-0.9333179,-0.05331787,-3.5333178,-3.943318,-7.3333178,-8.213318,-7.053318,-6.733318,-6.9533176,-7.503318,-6.0833178,-5.193318,-5.403318,-4.533318,-3.7433178,-5.073318,-4.093318,-2.3333178,-0.35331786,0.90668213,0.8766821,3.116682,3.336682,2.366682,1.3166821,3.0066822,5.056682,2.6666822,2.7466822,5.946682,2.1766822,3.5466821,0.58668214,-1.3433179,0.45668212,2.4966822,2.4166822,1.9366821,4.516682
-3.353318,-4.1633177,-1.8533179,-5.6633177,-6.943318,-7.693318,-6.3933177,-5.1433177,-7.563318,-7.173318,-7.473318,-6.593318,-5.633318,-5.273318,-4.723318,-4.4333177,-4.343318,-3.2033179,-2.2133179,-1.2933179,1.0066822,3.326682,3.096682,5.256682,4.966682,5.426682,5.6466823,2.7766821,-1.0033178,0.76668215,1.3866822,0.46668214,-1.4833179,1.6166822,-1.4933178,-1.8533179,-0.34331787,-0.8333179,3.4866822,4.016682,3.4166822
-5.763318,-5.273318,-6.1433177,-6.423318,-6.343318,-6.323318,-5.153318,-6.293318,-6.543318,-6.723318,-6.3333178,-6.9333177,-5.903318,-5.4533176,-3.4633179,-3.123318,-2.693318,-2.2533178,-1.5733179,-0.8133179,0.6666821,-1.0733179,5.986682,7.186682,9.546682,10.526682,10.656682,9.466682,11.806683,9.006682,8.626682,9.216682,10.066682,10.786682,10.536682,4.426682,1.4066821,2.136682,-2.183318,-5.1833177,-0.8833179
-7.793318,-7.3733177,-6.1833177,-5.8733177,-5.993318,-5.783318,-5.613318,-5.243318,-4.8533177,-4.763318,-4.813318,-5.4133177,-4.4533176,-4.363318,-3.843318,-3.2433178,-2.593318,-1.8133179,-0.99331784,0.18668213,0.48668212,2.406682,4.406682,6.8766823,9.396682,9.756682,10.826682,10.766682,10.326682,11.3866825,12.096683,7.366682,1.7366822,3.9766822,-2.183318,-0.80331784,6.076682,3.366682,0.10668213,4.236682,7.276682
-6.5833178,-6.033318,-6.0833178,-5.073318,-4.543318,-4.973318,-5.003318,-4.053318,-3.9733179,-4.0833178,-3.3333178,-2.7933178,-2.663318,-3.2733178,-1.1233178,-2.5733178,-2.373318,-2.2333179,-0.8733179,0.51668215,0.43668213,1.0266821,2.156682,3.556682,6.496682,5.986682,5.036682,3.1866822,8.086682,9.296682,10.726682,11.236682,10.286682,12.436682,5.176682,0.33668214,3.4666822,5.446682,11.246682,6.076682,0.8166821
-4.973318,-4.023318,-4.073318,-2.7533178,-2.2133179,-2.2333179,-2.423318,-2.193318,-2.403318,-2.163318,-1.9633179,-1.7433178,-1.4833179,-1.5833179,-1.5533179,-1.4533179,-1.2233179,-0.78331786,-0.44331786,-0.8133179,-1.3233179,-1.1933179,-1.5833179,-0.7033179,-1.1333178,-2.093318,-4.173318,-2.9833179,-5.1433177,-5.193318,-4.8333178,-4.6633177,-4.173318,-1.5333179,4.706682,2.7066822,0.57668215,1.0666821,4.156682,0.05668213,2.5066822
-3.4633179,-3.2333179,-2.153318,-1.9133179,-1.5333179,-1.2233179,-0.90331787,-0.45331788,0.02668213,0.30668214,0.49668214,0.43668213,0.76668215,0.8766821,0.31668213,0.40668213,0.22668213,-0.10331787,-0.91331786,-0.03331787,-1.1733179,-2.373318,-2.5333178,-2.0233178,-2.8333178,-2.5033178,-3.613318,-3.8033178,-7.633318,-5.9533176,-6.783318,-4.493318,-4.903318,-2.2033179,0.04668213,4.8166823,7.9166822,8.956682,8.6366825,7.696682,4.2966824
-1.6433178,-1.8033179,-1.7433178,-1.3733178,-0.7033179,-0.37331787,-0.47331786,-0.03331787,0.7966821,2.106682,2.5366821,3.0066822,3.386682,2.6866822,2.886682,2.156682,2.0366821,1.1666821,0.28668213,0.96668214,0.90668213,-1.8733178,-1.8033179,-2.653318,-3.663318,-4.4133177,-2.413318,-3.4533179,-3.2533178,-2.7133179,-3.2533178,-2.7433178,0.37668213,1.8266821,3.5366821,4.776682,0.9866821,0.83668214,1.4866822,0.57668215,2.066682
0.27668214,0.34668213,0.5466821,0.28668213,-0.61331785,-0.13331787,0.7866821,1.2766821,1.6866821,2.356682,3.596682,4.696682,4.596682,4.206682,4.3966823,4.286682,4.0866823,3.336682,2.9566822,1.0766821,1.5566821,1.7366822,-0.8933179,-0.8833179,-1.3933178,-2.913318,-4.133318,-3.0433178,-2.7333179,-3.183318,-0.8933179,-0.08331787,0.9866821,0.8666821,0.65668213,2.7166822,2.556682,0.6766821,-0.7033179,-0.6833179,0.6766821
1.9366821,2.6666822,2.2166822,2.056682,2.056682,2.4866822,2.5366821,3.116682,3.0066822,3.106682,2.7966821,5.2966824,5.036682,5.8766823,4.5866823,5.776682,4.906682,5.476682,2.856682,3.5166821,3.0266821,1.8766822,2.336682,1.0266821,0.34668213,0.12668213,-1.4633179,-1.5233178,-2.0733178,-0.9633179,-0.99331784,-0.47331786,-0.53331786,-2.3233178,-3.3033178,-2.093318,-0.25331786,-0.91331786,-0.18331787,-1.3333179,0.28668213
1.8866822,2.7266822,3.1966822,3.376682,3.616682,3.1666822,2.9166822,4.1066823,3.7166822,3.656682,3.876682,6.456682,4.366682,5.6666822,6.186682,5.206682,5.466682,5.8766823,5.676682,4.506682,4.026682,3.806682,2.9366822,2.4766822,3.1966822,2.6766822,1.6766821,0.28668213,-0.35331786,-1.1633179,-2.663318,-1.4433179,-3.4833179,-2.433318,-4.013318,-5.223318,-6.823318,-6.1433177,-3.593318,-1.3533179,-1.2833179
2.856682,2.4366822,2.056682,2.406682,2.4266822,1.8066821,2.086682,3.9566822,5.6266823,4.1466823,3.866682,5.9166822,4.456682,6.306682,5.436682,5.486682,5.136682,5.196682,4.506682,4.9166822,4.016682,4.036682,5.3766823,3.5066822,3.9466822,2.9566822,1.6466821,0.82668215,0.16668212,0.26668212,-1.5533179,-1.8933178,-1.9333179,-2.3133178,-3.5133178,-4.263318,-5.1633177,-3.673318,-4.3533177,-3.133318,-2.3033178
2.866682,1.9266821,1.8166821,3.6866822,3.2966821,4.056682,2.9566822,2.596682,4.486682,4.786682,1.8766822,3.7966821,5.0866823,5.036682,5.5666823,5.516682,5.1266823,4.6666822,3.9966822,5.426682,5.426682,6.006682,5.616682,4.236682,2.876682,0.6766821,1.0766821,1.6266822,1.2866821,1.0966821,1.1166822,1.3166821,0.6066821,-0.72331786,-1.6633179,-2.9633179,-2.5033178,-2.423318,-1.7433178,-1.7533178,-0.38331786
2.306682,4.156682,3.9866822,4.5466824,4.096682,4.0666823,4.536682,4.446682,4.3166823,3.836682,2.586682,4.746682,5.656682,5.286682,6.8566823,6.0866823,6.216682,7.386682,6.786682,6.3966823,5.596682,5.716682,4.946682,4.8166823,2.846682,1.3966821,1.1866821,1.9666821,1.8666822,2.1666822,2.626682,2.7966821,2.336682,1.7766821,0.76668215,-0.26331788,1.1666821,0.77668214,0.49668214,0.8166821,1.8266821
