wind.json
{"header": {"discipline":0,"disciplineName":"Meteorological products","gribEdition":2,"gribLength":1125,"center":7,"centerName":"US National Weather Service - NCEP(WMC)","subcenter":0,"refTime":"2023-06-27T12:00:00.000Z","significanceOfRT":1,"significanceOfRTName":"Start of forecast","productStatus":0,"productStatusName":"Operational products","productType":1,"productTypeName":"Forecast products","productDefinitionTemplate":0,"productDefinitionTemplateName":"Analysis/forecast at horizontal level/layer at a point in time","parameterCategory":2,"parameterCategoryName":"UnknownDiscipline_0_Category_2","parameterNumber":3,"parameterNumberName":"UnknownParameter_D0_C2_3","parameterUnit":"Unknown","genProcessType":2,"genProcessTypeName":"Forecast","forecastTime":180,"surface1Type":103,"surface1TypeName":"Specified height level above ground","surface1Value":10.0,"surface2Type":255,"surface2TypeName":"Missing","surface2Value":0.0,"gridDefinitionTemplate":0,"gridDefinitionTemplateName":"Latitude_Longitude","numberPoints":688,"shape":6,"shapeName":"Earth spherical with radius of 6,371,229.0 m","gridUnits":"degrees","resolution":48,"winds":"true","scanMode":64,"nx":43,"ny":16,"basicAngle":0,"lo1":45.0,"la1":40.0,"lo2":87.0,"la2":55.0,"dx":1.0,"dy":1.0}, "data":
[rows 0 to 15 of 16, columns 0 to 42 of 43]
-4.084331,2.215669,0.14566894,-0.69433105,-0.16433105,-3.864331,-0.92433107,-3.2143312,-1.494331,-1.1743311,0.50566894,-1.484331,-1.3043311,-1.0443311,-2.594331,-3.084331,-3.684331,-4.954331,-5.1143312,-4.194331,-5.244331,-2.844331,-2.664331,0.39566895,1.815669,2.435669,2.0056689,2.735669,1.305669,-1.3843311,-3.524331,-4.1143312,0.655669,1.685669,6.915669,-2.844331,-3.794331,-4.764331,-3.4743311,-4.064331,-1.594331,-2.024331,-2.4943311
2.375669,-0.39433107,0.24566895,-3.4743311,1.0956689,-3.644331,-3.4443312,-4.734331,-1.584331,-1.204331,-2.154331,0.29566896,0.22566895,0.17566894,-1.114331,-2.4943311,-3.374331,-3.884331,-4.184331,-3.074331,-1.964331,0.55566895,-1.074331,-2.864331,-1.1743311,-1.994331,-2.094331,-1.454331,-1.494331,2.565669,1.0856689,-0.32433105,-2.804331,-3.264331,2.3056688,5.685669,1.565669,-0.36433107,-2.264331,-0.18433106,-1.6443311,-3.9643312,0.655669
-0.23433106,-2.884331,5.085669,1.3656689,-2.9643312,-2.024331,-3.2443311,-1.344331,-1.584331,0.33566895,-0.56433105,-0.16433105,-0.37433106,-0.62433106,-0.56433105,-1.464331,-3.164331,-3.9643312,-3.304331,-1.8843311,-3.594331,-2.594331,-3.354331,-2.154331,-0.64433104,1.6056689,-0.7843311,-0.9843311,-1.214331,1.885669,0.61566895,2.405669,3.115669,-0.07433105,-1.724331,-0.62433106,-1.8943311,-2.4943311,-2.2243311,-0.82433105,-2.034331,-3.644331,2.565669
2.7556689,0.7056689,1.665669,1.9656689,-0.46433106,-0.68433106,-0.24433106,-1.814331,0.005668945,-1.244331,0.035668947,0.5856689,-0.45433104,-1.8943311,-3.114331,-3.004331,-3.4543312,-3.684331,-3.654331,-3.574331,-3.544331,-3.764331,-2.594331,-2.4443312,2.375669,1.4756689,1.9556689,1.6056689,2.155669,2.865669,0.8356689,3.395669,3.385669,2.095669,2.475669,-1.724331,0.63566893,1.5956689,-0.094331056,-1.314331,-0.094331056,-1.374331,-1.7643311
1.015669,0.43566895,0.12566894,-0.51433104,-0.55433106,-1.114331,-2.304331,-1.5043311,-0.9743311,0.5256689,0.81566894,0.17566894,-1.564331,-3.294331,-5.164331,-4.934331,-3.2243311,-2.774331,-2.564331,-1.584331,-2.004331,-2.584331,-2.124331,-1.314331,-0.99433106,-0.40433106,0.27566895,3.215669,0.18566895,0.39566895,1.8656689,-2.4643312,-0.49433106,-0.23433106,-1.1543311,0.13566895,-1.334331,-1.5243311,0.30566895,2.575669,-0.18433106,1.375669,0.015668945
1.4656689,1.065669,0.69566894,-0.80433106,-2.164331,-1.324331,-0.83433104,-1.1743311,0.75566894,1.035669,0.9656689,0.17566894,-1.354331,-3.2043312,-4.794331,-5.444331,-4.8243313,-3.554331,-2.554331,-2.514331,-2.094331,-2.294331,-1.5243311,-1.7943311,-1.454331,0.47566894,-0.38433105,1.8456689,2.2756689,1.755669,3.0256689,0.32566893,-0.9843311,0.80566895,1.435669,-0.054331053,-1.434331,-1.744331,-3.6943312,-0.96433103,-1.0543311,-1.954331,-0.7943311
0.09566894,2.245669,1.815669,0.79566896,0.025668945,-1.574331,-2.574331,-3.094331,-1.0243311,1.4956689,1.665669,1.275669,-1.624331,-3.064331,-4.054331,-5.434331,-5.314331,-3.124331,-3.324331,-3.904331,-4.684331,-4.084331,-0.83433104,-0.81433105,-2.414331,-0.83433104,0.31566894,-1.334331,-0.044331055,1.805669,2.235669,3.735669,2.185669,1.8256689,2.115669,2.395669,3.745669,-0.18433106,0.38566893,-0.47433105,-3.404331,-3.084331,-1.2943311
-3.304331,1.815669,0.42566895,0.09566894,0.7156689,-0.054331053,-0.24433106,-0.32433105,-0.95433104,-1.2843311,0.91566896,0.905669,-2.2343311,-2.414331,-3.7043312,-4.014331,-3.1943312,-2.4543312,-2.114331,-2.434331,-3.2243311,-3.4443312,-1.564331,-1.574331,-2.2343311,-2.424331,1.2456689,0.73566896,-0.42433107,-3.584331,-0.5443311,-0.034331053,-1.224331,-1.824331,-1.474331,-1.734331,-0.94433105,-1.084331,-1.574331,0.80566895,-1.584331,-2.384331,-1.324331
-4.6143312,-4.024331,-3.4543312,-1.9043311,2.465669,-1.474331,-1.354331,0.33566895,2.2656689,1.635669,2.3056688,0.37566894,-1.6343311,-2.7443311,-3.524331,-3.844331,-3.9643312,-2.4743311,-0.62433106,0.19566895,-0.80433106,-1.8043311,-2.2343311,-0.18433106,-1.8843311,-1.944331,-2.604331,-0.37433106,-0.87433106,-1.444331,-1.744331,-2.9643312,-0.77433103,-0.77433103,-2.124331,-2.564331,0.98566896,1.305669,0.005668945,2.3056688,1.065669,0.015668945,-1.7943311
-3.2443311,-3.054331,-3.314331,-3.7043312,-4.274331,-2.544331,0.75566894,1.4956689,-1.6443311,-0.6043311,2.675669,0.41566893,-2.374331,-3.404331,-3.834331,-5.534331,-5.224331,-4.684331,-2.7143312,-1.5143311,0.22566895,0.17566894,-0.054331053,0.22566895,-1.6543311,-1.604331,-1.0543311,-1.3943311,-0.27433106,-0.17433105,-0.62433106,0.47566894,-2.174331,-1.374331,-0.12433106,-1.464331,-1.224331,-1.9143311,-3.004331,-1.454331,0.32566893,-0.80433106,-1.074331
-3.574331,-3.934331,-3.264331,-3.114331,-2.624331,-3.534331,-1.744331,-0.27433106,-1.194331,0.74566895,2.475669,0.025668945,-2.504331,-3.7043312,-3.2343311,-5.054331,-5.514331,-5.3643312,-4.534331,-2.564331,-0.95433104,-0.81433105,-0.45433104,-0.67433107,-1.4143311,-2.1943312,-1.854331,-0.63433105,-0.51433104,0.93566895,0.81566894,1.785669,-1.314331,0.7056689,-0.35433105,-2.084331,-0.9843311,0.19566895,0.7656689,-1.484331,0.055668946,2.0556688,2.115669
-2.564331,-3.504331,-3.504331,-3.7143312,-2.294331,-1.324331,-1.094331,-2.124331,0.005668945,-1.0043311,-0.28433105,-1.314331,-1.864331,-0.7943311,-3.1943312,-3.914331,-4.804331,-5.634331,-6.314331,-5.744331,-1.824331,-1.0543311,-0.25433105,-2.644331,-3.074331,-2.814331,-2.254331,-1.694331,-1.9043311,-2.934331,2.335669,-0.89433104,1.765669,0.055668946,-1.1743311,-1.6743311,-3.264331,-0.69433105,-0.054331053,1.2456689,1.275669,1.4656689,0.46566895
-2.9443312,-3.074331,-2.814331,-3.314331,-3.254331,-2.2043312,-2.4743311,-2.7443311,-2.124331,-1.5543311,-0.21433106,-0.50433105,-1.2643311,-2.4443312,-4.0943313,-3.404331,-3.764331,-3.9643312,-4.384331,-4.834331,-1.9143311,-0.9843311,-1.324331,-3.424331,-3.354331,-3.164331,-2.264331,-1.934331,-2.084331,-2.594331,-2.834331,-2.674331,-1.934331,-2.124331,-1.354331,-0.5443311,-1.834331,-2.894331,-2.024331,0.82566893,1.035669,1.435669,0.69566894
-2.014331,-1.8943311,-2.024331,-1.814331,-3.2243311,-1.874331,-1.6443311,-1.2743311,-1.564331,-2.314331,-2.044331,-1.224331,-1.094331,-1.354331,-2.764331,-3.844331,-3.794331,-3.334331,-3.144331,-3.2043312,-3.254331,-2.014331,-2.4543312,-2.084331,-2.4543312,-1.8943311,-2.864331,-2.504331,-2.384331,-2.2243311,-2.904331,-2.754331,-2.4843311,-2.044331,-2.2443311,-1.734331,-2.4743311,-2.594331,-2.364331,-1.734331,-2.554331,-1.464331,-0.58433104
-1.604331,-0.24433106,-1.7743311,-2.004331,-3.414331,-2.814331,-1.6343311,-1.334331,-0.49433106,-1.074331,-1.4143311,-1.564331,-0.16433105,-0.844331,-1.1343311,-2.184331,-3.094331,-3.154331,-2.7243311,-2.6943312,-1.9043311,-1.6643311,-1.8943311,-1.9143311,-1.7943311,-1.964331,-2.754331,-3.084331,-3.554331,-2.7243311,-2.564331,-2.054331,-3.294331,-2.344331,-2.124331,-2.624331,-2.304331,-2.564331,-1.824331,-2.254331,-2.7243311,-2.094331,-1.5443311
-3.334331,-2.824331,-0.844331,-2.354331,-2.544331,-1.8843311,-1.7843311,-0.32433105,0.075668946,0.75566894,2.135669,-2.084331,-0.7843311,0.5156689,0.86566895,-0.87433106,-2.9743311,-2.354331,-2.804331,-2.014331,-1.084331,-0.46433106,-0.87433106,-1.5443311,-2.004331,-2.134331,-2.2243311,-2.254331,-2.594331,-2.284331,-2.844331,-2.904331,-3.7343311,-2.9543312,-1.7843311,-1.734331,-1.934331,-3.154331,-2.334331,-1.344331,-1.464331,-2.9443312,-0.77433103
