wind.json
{"header": {"discipline":0,"disciplineName":"Meteorological products","gribEdition":2,"gribLength":1125,"center":7,"centerName":"US National Weather Service - NCEP(WMC)","subcenter":0,"refTime":"2023-05-30T18:00:00.000Z","significanceOfRT":1,"significanceOfRTName":"Start of forecast","productStatus":0,"productStatusName":"Operational products","productType":1,"productTypeName":"Forecast products","productDefinitionTemplate":0,"productDefinitionTemplateName":"Analysis/forecast at horizontal level/layer at a point in time","parameterCategory":2,"parameterCategoryName":"UnknownDiscipline_0_Category_2","parameterNumber":2,"parameterNumberName":"UnknownParameter_D0_C2_2","parameterUnit":"Unknown","genProcessType":2,"genProcessTypeName":"Forecast","forecastTime":0,"surface1Type":103,"surface1TypeName":"Specified height level above ground","surface1Value":10.0,"surface2Type":255,"surface2TypeName":"Missing","surface2Value":0.0,"gridDefinitionTemplate":0,"gridDefinitionTemplateName":"Latitude_Longitude","numberPoints":688,"shape":6,"shapeName":"Earth spherical with radius of 6,371,229.0 m","gridUnits":"degrees","resolution":48,"winds":"true","scanMode":64,"nx":43,"ny":16,"basicAngle":0,"lo1":45.0,"la1":40.0,"lo2":87.0,"la2":55.0,"dx":1.0,"dy":1.0}, "data":
[rows 0 to 15 of 16, columns 0 to 42 of 43]
-2.8054566,1.1345434,3.4945436,0.9445435,-0.94545656,4.3045435,-0.57545656,-0.76545656,3.8045435,-6.1254563,-7.5854564,-7.4754567,-7.4254565,-6.165457,-4.4954567,-3.2754564,-2.0954566,-2.2954566,-2.0854566,-3.5354567,-3.0254564,-2.1354566,-3.2254565,1.1345434,-0.38545653,-0.25545654,-0.39545655,-0.41545653,0.25454345,-1.9354565,-0.8654565,-0.14545654,0.054543458,0.40454346,-0.08545654,-1.9954566,-3.7354565,-3.5054564,-2.3354566,-2.1354566,-1.2354566,-0.96545655,-0.105456546
2.9945436,3.3845434,0.40454346,-1.2854565,0.93454343,-1.5754565,-0.9954565,3.0845435,0.18454346,-6.8354564,-8.175457,-6.8854566,-5.5354567,-5.5554566,-3.7854567,-1.6054566,-3.6154566,-2.5754566,-4.0154567,-5.9854565,-7.9454565,-4.8654566,-6.1354566,-1.2154565,-0.9954565,-1.6054566,0.90454346,-4.4954567,-2.9254565,-1.6054566,0.5145435,-0.16545655,0.26454344,2.0945435,0.39454347,-0.76545656,-0.7354565,-0.5454565,1.1445434,2.8045435,2.4145434,3.3245435,2.2245436
0.064543456,-2.2954566,1.6945435,2.6545434,1.2245435,0.6345435,-1.1454566,-2.6954565,-6.3654566,-10.325457,-7.2554564,-6.2754564,-5.915457,-4.665457,-3.4954565,-6.0954566,-6.7354565,-6.0754566,-5.665457,-6.3554564,-3.9754565,-5.4654565,-7.3554564,-3.9454565,-2.3454566,-4.3354564,-1.4354565,0.45454347,-1.7054565,0.45454347,-4.9354568,-1.7854565,0.074543454,-0.65545654,2.0545435,-3.3854566,0.5145435,1.5145434,0.074543454,0.18454346,2.0545435,3.0545435,1.9645435
0.5645435,0.21454346,2.4745436,-0.26545656,1.7045435,-1.5354565,-0.77545655,-2.9554565,-9.355456,-6.7554564,-7.3554564,-5.8854566,-5.0854564,-5.6354566,-4.5754566,-6.0554566,-7.1954565,-5.0554566,-6.2054567,-5.0854564,-5.5654564,-4.8354564,-8.625457,-8.175457,-7.5854564,-10.185456,-5.0654564,-4.0554566,-1.6854565,0.66454345,-3.3154566,-0.6254566,-0.9854565,2.1245434,1.1345434,-0.23545654,-0.13545655,-1.2954565,1.0645435,-0.08545654,4.0245433,2.7745435,2.0545435
4.0745435,4.6745434,0.29454345,-0.14545654,-1.2654566,-0.27545655,-1.5754565,-7.7554564,-6.5754566,-10.545457,-8.845456,-8.215457,-6.5554566,-4.9254565,-4.8854566,-3.9854565,-4.6554565,-4.5354567,-4.7754564,-4.9654565,-4.5954566,-4.1154566,-3.7754564,-10.735456,-4.9654565,-6.665457,-6.2154565,-5.6154566,-3.8854566,-4.8254566,-4.2954564,-0.90545654,-0.6854565,-0.32545653,1.5945435,-2.9754565,-2.8054566,-2.0354567,-1.3354565,3.4245434,0.33454347,-0.105456546,1.9545435
5.5945435,5.6945434,1.8545434,-0.91545653,1.1945435,3.7545435,0.48454344,-5.4954567,-7.8054566,-9.255457,-7.8954563,-7.2654567,-5.6854568,-4.3254566,-3.5754566,-1.9354565,-3.7754564,-3.5554566,-4.2254567,-4.0054564,-4.0754566,-4.2854567,-4.4054565,-4.3054566,-4.3554564,-3.5554566,-4.0154567,-4.3554564,-4.3754563,-3.1454566,-2.4454565,-4.0954566,-3.3854566,-2.2354565,-3.7054565,1.4345435,-0.025456542,-0.9354565,4.5345435,-0.9254565,1.8345435,5.2045436,7.3045435
7.8745437,4.6045437,3.5645435,-1.0954566,0.67454344,-3.0954566,-1.8254565,-6.7854567,-10.095456,-8.575457,-7.0654564,-5.6354566,-4.3454566,-4.4054565,-2.4454565,-2.0854566,-2.9154565,-2.8754566,-2.0254564,-3.3054566,-3.3054566,-2.8054566,-3.4354565,-3.2954566,-2.7554564,-1.9854566,-0.18545654,-4.3054566,-3.2154565,-4.2154565,-5.9654565,-4.4454565,-2.9654565,-1.0954566,-3.3154566,-2.8554566,0.6345435,-0.46545655,2.7945435,4.5345435,6.5245433,1.3845434,-3.9054565
7.3045435,0.19454345,3.8745434,-0.34545654,-0.9954565,-2.7654564,-3.0254564,-9.405457,-8.925457,-8.415457,-5.3854566,-4.6554565,-3.1154566,-2.2854567,-1.3254565,-2.2154565,-2.8754566,-4.665457,-5.5554566,-5.3954563,-3.6754565,-3.9354565,-0.8754566,-1.7654566,-2.2954566,-4.9554567,-3.5354567,-4.7254567,-4.1354566,-5.1854568,-4.2854567,-2.9454565,-2.4654565,-5.7354565,-2.7254565,-2.7354565,-0.75545657,-2.0054564,-0.52545655,5.2745433,3.5345435,0.77454346,1.4245435
4.0745435,2.6045434,3.2145433,-0.51545656,-2.5254564,-1.7154565,-3.8454566,-7.7954564,-7.9954567,-6.4254565,-4.6254563,-2.2454565,-0.77545655,0.19454345,-0.97545654,-1.6554565,-2.5054564,-3.4754565,-4.3454566,-4.7854567,-3.8854566,-3.8254566,-1.4754566,-2.0954566,-1.8154565,-2.2854567,-3.4654565,-2.6454566,-1.4954566,-3.0654566,-2.2954566,-3.1454566,-3.1454566,-2.8854566,-2.0954566,-0.8754566,-1.6654565,2.1845434,0.84454346,6.2245436,3.1245434,1.4945434,-0.95545655
1.4745435,2.2445436,2.3945434,-3.3754566,-4.2654567,-4.0154567,-8.975456,-8.475456,-5.1454563,-5.7254567,-3.6054566,-0.51545656,0.24454346,-1.1454566,0.96454346,0.30454347,0.20454346,-2.8054566,-1.8854566,-3.3654566,-3.5854566,-2.2854567,-1.3354565,-1.7254566,-1.1354566,0.11454346,-2.7754564,-2.1654565,-2.2554564,-1.8854566,-0.37545654,-1.4454565,-0.64545655,-4.2054567,-2.6454566,-0.15545654,0.67454344,1.3445435,0.7545435,-2.6054566,-2.0354567,0.5145435,-0.45545655
0.11454346,-1.6954565,-3.9354565,-2.5154564,-5.3354564,-8.225456,-9.305456,-5.8554564,-7.1254563,-3.8554566,-2.8954566,-1.4054565,-0.8754566,0.16454345,1.7345434,1.5345435,-0.37545654,2.3345435,1.7245435,-3.4254565,-2.2054565,0.59454346,-0.19545655,0.99454343,-1.1754565,-0.90545654,-2.9754565,-3.0454566,-1.5554565,-1.7454566,-1.2454566,-0.25545654,-1.1854565,-2.5954566,-2.0754566,-2.5854566,0.77454346,1.0845435,-1.8454566,-0.09545654,-2.0954566,0.46454346,1.5245434
-1.7154565,-0.075456545,-2.9954565,-7.5254564,-6.1554565,-7.4954567,-5.8354564,-3.4254565,-4.8854566,-1.2954565,-2.3754566,-1.3654566,-0.6754565,-0.12545654,2.1545434,1.4745435,0.7545435,1.5945435,-2.8654566,-1.1554565,-0.50545657,-4.2354565,-3.9254565,-2.2954566,-2.0554566,-0.17545654,1.5645435,-3.8754566,1.0845435,-0.69545656,-0.48545656,1.1745435,-0.19545655,-2.9454565,-1.8454566,-0.8054565,-1.2054565,-0.63545656,-1.3254565,0.20454346,0.5745435,1.5045434,1.5245434
-1.6254566,-0.75545657,-0.77545655,-3.9054565,-3.3454566,-4.4854565,-4.9954567,-3.9554565,-5.1854568,-3.2454565,-1.8854566,-2.3554566,-1.7554566,-0.37545654,1.0245434,-0.22545654,3.5545435,2.1945434,-1.3954566,0.46454346,-3.8954566,-1.5054566,-0.41545653,-0.37545654,0.93454343,2.2145433,2.0045435,-2.4654565,-1.9054565,-1.3454566,-0.12545654,0.14454345,-1.7054565,-2.5054564,-0.76545656,-1.1454566,1.9245435,1.7445434,1.6745435,0.6345435,0.6345435,1.3045435,0.90454346
-0.70545655,0.8845435,-0.5554565,-2.7454565,1.6345434,0.36454347,1.6045434,-1.0154566,-0.21545655,-2.3954566,0.28454345,-1.7354566,-1.2654566,-0.30545655,1.4045434,-0.84545654,-4.8854566,-1.3654566,-1.0354565,-2.8154566,-3.1954565,0.90454346,-0.72545654,1.0145434,1.9945434,2.0645435,2.1245434,-2.3154566,-2.3554566,1.0645435,-1.9654565,-2.3354566,-1.8454566,-1.0754565,-1.9354565,-2.0354567,-0.53545654,2.6245434,2.0245435,0.38454345,2.7445436,2.5445435,1.4445435
-0.9254565,-1.5254565,-0.6754565,-0.025456542,-1.6054566,-0.85545653,-1.4754566,-1.4354565,-0.83545655,0.26454344,1.1345434,-1.2454566,-1.4154565,-0.77545655,0.59454346,-0.06545654,-0.035456542,-3.3854566,0.08454346,-0.41545653,-1.9654565,-0.23545654,-1.0154566,0.19454345,0.58454347,1.6345434,-1.7554566,-1.7854565,-1.0654565,-0.32545653,-1.2154565,-1.7454566,-3.4154565,-3.1054566,-1.9154565,-0.6754565,1.1145434,1.9845434,1.0845435,-0.16545655,-1.3854566,1.2445434,2.2845435
0.19454345,-0.88545656,-0.30545655,-2.0254564,-1.6954565,-1.3854566,-1.3454566,-1.7454566,-0.22545654,-1.2554566,-0.63545656,-1.9854566,-1.7754565,-0.7954565,-0.66545653,-1.0754565,1.3945434,2.1945434,0.61454344,0.19454345,-2.1754565,-0.82545656,0.25454345,1.1645435,1.9145435,2.2045434,-0.23545654,0.52454346,0.79454345,-1.2254566,-1.6454566,-0.69545656,-1.7654566,-0.44545653,0.90454346,1.1045434,1.6345434,1.8845434,0.91454345,0.31454346,1.4445435,0.28454345,1.3245435
