wind_kz.json
{"header": {"discipline":0,"disciplineName":"Meteorological products","gribEdition":2,"gribLength":1102,"center":7,"centerName":"US National Weather Service - NCEP(WMC)","subcenter":0,"refTime":"2023-08-24T06:00:00.000Z","significanceOfRT":1,"significanceOfRTName":"Start of forecast","productStatus":0,"productStatusName":"Operational products","productType":1,"productTypeName":"Forecast products","productDefinitionTemplate":0,"productDefinitionTemplateName":"Analysis/forecast at horizontal level/layer at a point in time","parameterCategory":2,"parameterCategoryName":"UnknownDiscipline_0_Category_2","parameterNumber":3,"parameterNumberName":"UnknownParameter_D0_C2_3","parameterUnit":"Unknown","genProcessType":2,"genProcessTypeName":"Forecast","forecastTime":60,"surface1Type":103,"surface1TypeName":"Specified height level above ground","surface1Value":10.0,"surface2Type":255,"surface2TypeName":"Missing","surface2Value":0.0,"gridDefinitionTemplate":0,"gridDefinitionTemplateName":"Latitude_Longitude","numberPoints":615,"shape":6,"shapeName":"Earth spherical with radius of 6,371,229.0 m","gridUnits":"degrees","resolution":48,"winds":"true","scanMode":64,"nx":41,"ny":15,"basicAngle":0,"lo1":47.0,"la1":41.0,"lo2":87.0,"la2":55.0,"dx":1.0,"dy":1.0}, "data":
[rows 0 to 14 of 15, columns 0 to 40 of 41]
0.29169923,-1.4483008,-0.5783008,-6.5483007,-7.768301,-8.798301,-6.908301,-6.278301,-5.848301,-4.788301,-5.768301,-7.3783007,1.8216993,-0.7483008,-0.90830076,0.6716992,-1.7483008,-4.0683007,-2.9783008,-1.2883008,-2.5183008,-4.2083006,2.6716993,-0.11830078,0.71169925,1.8916992,-1.5083008,2.6516993,-1.5083008,2.4616992,1.7216992,1.0416992,1.1216992,-5.428301,-4.618301,2.1316993,1.6516992,0.85169923,-1.2583008,-1.5183008,2.9416993
1.1316992,0.7716992,-3.388301,-6.018301,-6.718301,-8.7883005,-6.9383006,-8.248301,-7.308301,-5.7283006,-4.9583006,-6.118301,-3.0283008,-3.5183008,-4.518301,0.16169922,1.7116992,1.4716992,1.0616993,-3.8083007,-3.0483007,-3.3283007,-2.5183008,1.8116993,1.6316992,1.0116992,-0.70830077,1.4016992,-1.2383008,1.4816992,3.5916991,3.611699,0.84169924,1.4116992,0.8316992,-0.53830075,1.0716993,-1.7083008,-1.2283008,-1.9583008,-0.7383008
2.8716993,1.0416992,-2.2983007,-6.948301,-8.518301,-5.9783006,-5.828301,-7.598301,-7.3783007,-6.9783006,-5.988301,-1.9583008,-2.0483007,-0.7383008,-2.0983007,-3.2983007,-2.0883007,0.23169921,1.2016993,0.7316992,-1.2983007,-1.5483007,-0.7583008,2.601699,0.29169923,1.2416992,0.6316992,3.0716991,1.4516993,3.3816993,4.1616993,2.3216991,2.9416993,-0.35830078,-1.1083008,1.6516992,-0.25830078,-3.2983007,0.111699216,0.8616992,0.7016992
3.3816993,-4.328301,-7.658301,-6.988301,-5.598301,-5.848301,-7.2983007,-7.198301,-6.928301,-5.308301,-3.9483008,-3.2883008,-1.3383008,2.1416993,1.5816993,-1.7083008,-3.2783008,-2.138301,2.3116992,0.7316992,-1.6483008,-0.38830078,-2.3183007,-2.388301,-2.3183007,5.551699,1.5216992,-0.7683008,0.72169924,-2.0483007,-3.138301,-2.7683008,-0.84830076,-0.12830079,0.5716992,-1.2983007,-3.4983008,1.7316992,3.2416992,2.3816993,0.2516992
-3.0183008,-6.5683007,-7.218301,-7.7983007,-7.6683006,-4.3783007,-5.4183006,-5.158301,-7.9983006,-7.7283006,-4.3583007,-5.9583006,-1.6583008,0.45169923,0.4716992,-0.18830079,-1.5983008,-2.9683008,1.2416992,-1.6883007,-1.6983008,-1.5083008,-2.5183008,-5.218301,-0.098300785,5.721699,2.0216992,1.7016993,-2.5783007,-4.3983006,-2.9883008,-1.9083008,1.7116992,3.3816993,-0.7683008,-1.1383008,-2.0083008,-0.7583008,1.4316993,-2.8083007,-5.268301
-2.6183007,-3.5183008,-7.3583007,-6.988301,-8.9483,-7.428301,-6.158301,-2.7483008,-5.268301,-6.578301,-7.1483006,-3.5183008,-2.6683009,-4.0883007,0.7416992,0.60169923,-3.4583008,-2.4683008,3.4516993,4.491699,-2.0483007,0.8316992,2.1616993,-2.638301,-7.258301,0.91169924,0.7316992,-1.9183007,-2.1883008,-2.7783008,-3.2983007,-2.0683007,-3.1183007,-0.5583008,2.1916993,1.1916993,3.2316992,-0.13830078,0.90169924,-2.5683007,-3.6083007
-2.5483007,-2.8383007,-3.5683007,-5.1083007,-3.9483008,-6.718301,-7.7083006,-0.96830076,-3.5183008,-5.578301,-7.038301,-3.8283007,-4.5883007,-3.4583008,-4.468301,-2.6783009,-3.0483007,-4.258301,4.1216993,-1.0983008,-7.028301,-5.5683007,-1.1783007,11.601699,11.661699,5.301699,2.7816992,1.8116993,0.2516992,-0.35830078,-0.17830078,-2.2883008,-2.9483008,-1.0183008,0.43169922,-1.1983008,-3.2383008,0.011699218,1.6316992,0.4716992,-1.0583007
-1.8083007,-2.0983007,-2.398301,-2.8583007,-3.5583007,-4.9983006,-6.1083007,-7.7983007,-6.428301,0.24169922,-2.4083009,-6.658301,-5.678301,-3.138301,-4.328301,-1.0483007,6.2716994,-0.11830078,2.6916993,-0.5483008,-0.8183008,-5.368301,-6.598301,-4.808301,3.9016993,1.9516993,1.5616993,0.111699216,-1.5683007,-1.1783007,-3.5783007,-0.098300785,-2.9683008,-4.018301,-1.2883008,-1.2183008,-0.9883008,0.051699217,-1.0783008,-0.6883008,-2.5983007
-2.9683008,-3.9083009,-3.3083007,-2.7683008,-2.3083007,-5.138301,-9.0383005,-7.778301,-5.6283007,-3.7883008,-6.868301,-1.5983008,-2.4283009,-4.6483006,-4.6083007,-5.468301,-5.3383007,-4.808301,0.3416992,4.071699,1.4416993,-2.148301,-3.9883008,-6.178301,2.6716993,3.9416993,2.2916992,1.9216992,-0.53830075,0.6316992,0.21169922,-0.5683008,0.17169923,-2.5283008,-1.9683008,-1.6083008,-3.2083008,-0.3383008,1.1716992,0.9416992,-0.53830075
-2.7783008,-3.0883007,-2.9083009,-3.5783007,-2.638301,-3.9583008,-4.258301,-5.348301,-7.328301,-7.828301,-4.528301,-4.4983006,-0.90830076,-1.7883008,-1.6483008,-2.1583009,-4.9383006,-5.508301,-4.988301,-4.6483006,2.0916991,1.9616992,-0.6883008,-3.7783008,-3.9583008,3.2216992,4.231699,2.8916993,1.6816993,1.5816993,1.6416992,0.32169923,-1.1783007,-1.2683008,-1.5783008,-1.2483008,-0.15830079,-2.5383008,0.65169924,4.321699,3.5516992
-2.6783009,-2.0583007,-2.4383008,-2.8683007,-0.8083008,-2.2883008,-3.9183009,-2.8483007,-3.0183008,-3.9883008,-4.4583006,-4.2283006,-4.528301,-0.2783008,-1.0883008,-2.1183007,-2.4683008,-3.0583007,-2.4783008,-3.5883007,-3.0083008,-3.7883008,0.3716992,-1.1683007,-1.5383008,-4.5883007,1.1016992,3.7916992,3.0016992,3.9716992,2.4216993,1.0416992,0.4716992,-0.2783008,-1.3283008,-0.2783008,0.20169921,1.9216992,1.5516992,1.2016993,0.43169922
-1.4083008,-1.8683008,-1.7583008,-1.6383008,-2.0583007,-2.2883008,-2.0283008,-2.3283007,-2.3683007,-2.1983008,-1.9483008,-3.0783007,-3.2383008,-1.9383007,-1.8383008,-2.0883007,-1.4583008,-3.7783008,-2.2883008,-2.6683009,-2.4983008,-2.9083009,-3.1783009,-1.1583008,0.9816992,1.5216992,-3.138301,-3.2783008,6.9316993,4.5416994,2.9316993,2.0616992,1.2016993,0.39169922,-1.1183008,-1.7783008,-1.4283007,0.5616992,1.3216993,0.4716992,0.011699218
0.42169923,-0.59830076,-1.0683007,-1.4383007,-1.2483008,-1.3083007,-1.9483008,-1.4683008,-2.4283009,-0.84830076,-0.6183008,-0.89830077,-1.2683008,0.07169922,-0.53830075,-1.5483007,-1.4783008,-1.3083007,-2.5683007,-2.3583007,-2.0983007,-0.59830076,-0.8283008,-1.3783008,-1.8083007,-1.7083008,-0.8183008,-4.718301,4.441699,5.231699,3.8916993,2.9916992,2.0816991,1.8816992,0.91169924,-0.2783008,-0.9283008,-0.39830077,-1.0783008,-1.5383008,-1.2383008
1.2616992,-0.28830078,-2.138301,-1.6583008,-0.26830077,-0.38830078,0.15169922,-0.21830077,0.16169922,-1.0683007,1.2216992,-0.18830079,-1.3483008,0.84169924,-0.5783008,-1.7583008,-1.6483008,-0.6883008,-1.0183008,-1.2283008,-2.2583008,-2.3083007,-0.58830076,1.5616993,0.3416992,-1.8183007,-1.7983007,-1.3083007,-1.7583008,6.711699,5.381699,3.361699,2.5916991,1.9116992,0.8316992,0.111699216,-1.2083008,-0.84830076,-1.7483008,-1.5883008,-1.6183008
0.5616992,0.9216992,-2.138301,-1.5283008,-1.2683008,-1.7283008,-1.9383007,-1.3683008,-0.9983008,-0.7283008,0.13169922,1.4416993,2.1616993,-0.04830078,0.29169923,-0.78830075,-0.4083008,-0.23830079,1.3116993,0.06169922,-0.95830077,-2.1183007,-2.7983007,-1.7183008,1.8516992,1.5916992,0.2516992,-0.89830077,-3.9283009,2.7316992,6.5216994,5.721699,3.2416992,4.2716994,2.8016992,0.65169924,-0.47830078,-0.24830078,-0.8083008,-2.8783007,-0.9183008
