wind.json
{"header": {"discipline":0,"disciplineName":"Meteorological products","gribEdition":2,"gribLength":1211,"center":7,"centerName":"US National Weather Service - NCEP(WMC)","subcenter":0,"refTime":"2023-07-02T00:00:00.000Z","significanceOfRT":1,"significanceOfRTName":"Start of forecast","productStatus":0,"productStatusName":"Operational products","productType":1,"productTypeName":"Forecast products","productDefinitionTemplate":0,"productDefinitionTemplateName":"Analysis/forecast at horizontal level/layer at a point in time","parameterCategory":2,"parameterCategoryName":"UnknownDiscipline_0_Category_2","parameterNumber":3,"parameterNumberName":"UnknownParameter_D0_C2_3","parameterUnit":"Unknown","genProcessType":2,"genProcessTypeName":"Forecast","forecastTime":240,"surface1Type":103,"surface1TypeName":"Specified height level above ground","surface1Value":10.0,"surface2Type":255,"surface2TypeName":"Missing","surface2Value":0.0,"gridDefinitionTemplate":0,"gridDefinitionTemplateName":"Latitude_Longitude","numberPoints":688,"shape":6,"shapeName":"Earth spherical with radius of 6,371,229.0 m","gridUnits":"degrees","resolution":48,"winds":"true","scanMode":64,"nx":43,"ny":16,"basicAngle":0,"lo1":45.0,"la1":40.0,"lo2":87.0,"la2":55.0,"dx":1.0,"dy":1.0}, "data":
[rows 0 to 15 of 16, columns 0 to 42 of 43]
-4.384143,2.195857,1.7258569,6.7658567,-4.314143,-15.454144,-14.124143,-11.814143,-7.814143,-1.104143,-1.584143,3.575857,3.045857,2.8758569,3.845857,2.095857,0.40585694,-1.244143,-2.8441432,-4.074143,-5.7341433,0.0058569335,-2.0741432,0.62585694,1.8558569,2.105857,2.545857,1.775857,0.28585693,-1.6841431,-2.5641432,-3.414143,0.49585694,-0.8441431,-0.57414305,-0.51414305,4.0358567,0.8958569,-0.76414305,0.055856932,1.3258569,1.9558569,2.835857
-0.51414305,-0.39414307,2.1858568,-1.864143,-2.444143,-11.514143,-10.914143,-9.654143,-7.924143,-7.294143,-8.004143,-6.704143,-0.0141430665,5.885857,4.895857,4.255857,3.455857,1.1858569,-0.5341431,-1.7841431,-1.464143,-0.0141430665,-0.23414306,-2.5841432,0.9658569,-0.51414305,-2.404143,-1.5441431,-1.3141431,1.3658569,2.1258569,0.045856934,-1.614143,-2.534143,0.61585695,0.87585694,-1.104143,-1.0041431,-1.3141431,-0.33414307,-1.1441431,3.365857,1.765857
-0.93414307,-4.124143,1.4358569,-0.63414305,-6.524143,-8.864143,-9.664143,-8.154143,-8.664143,-7.904143,-7.114143,-6.4641433,-6.634143,-3.754143,-1.3841431,3.845857,3.005857,3.075857,0.7058569,0.36585695,-3.184143,-3.474143,-3.754143,-2.1041431,0.42585695,1.7058569,0.12585694,-0.75414306,-2.3641431,-0.23414306,0.11585693,0.9058569,3.055857,1.665857,-1.3041431,-2.474143,-3.984143,-2.224143,-2.464143,-4.014143,-1.464143,-2.3241432,1.3458569
0.15585694,0.5758569,-0.46414307,-3.8741431,-6.004143,-7.9841433,-8.944143,-7.544143,-9.034143,-7.314143,-8.264143,-8.044143,-7.044143,-4.754143,-5.154143,0.8858569,3.995857,3.6858568,2.6458569,1.9558569,-1.2941431,-3.264143,-4.184143,-3.754143,2.9358568,0.9658569,2.9358568,1.7358569,0.7658569,1.285857,-0.34414306,3.115857,3.295857,1.925857,3.695857,-1.484143,-0.17414306,3.085857,3.595857,0.31585693,0.47585693,-0.39414307,0.32585692
-0.93414307,-1.2641431,-1.3941431,-3.664143,-6.324143,-6.604143,-5.934143,-7.654143,-7.114143,-7.754143,-7.184143,-7.404143,-7.754143,-6.264143,-8.144143,-5.284143,-0.76414305,3.285857,2.9158568,2.1858568,-0.5441431,-2.5641432,-3.454143,-2.894143,-1.454143,1.505857,0.79585695,0.5258569,-0.024143066,-1.4341431,0.9458569,-1.5241431,-1.1341431,-0.5941431,-0.8441431,0.5758569,-0.054143067,-2.724143,-0.57414305,3.115857,3.4258568,1.025857,1.5958569
-4.304143,-3.524143,-2.654143,-5.204143,-5.224143,-6.394143,-7.344143,-6.064143,-6.4441433,-6.534143,-7.1941433,-7.304143,-7.114143,-6.504143,-7.904143,-8.544143,-5.4441433,-0.5541431,2.195857,2.205857,-0.09414306,-1.834143,-3.0841432,-0.64414304,-0.77414304,1.025857,0.17585693,-0.62414306,-0.47414306,-0.20414306,-0.48414308,-1.714143,-2.8541431,-0.29414308,2.9158568,3.3858569,-0.6141431,-1.6741431,1.9758569,-4.804143,-6.054143,-1.5641431,-2.754143
-2.754143,-3.3641431,-3.434143,-2.734143,-5.784143,-6.554143,-7.854143,-7.704143,-5.704143,-6.894143,-7.034143,-7.354143,-7.544143,-7.1941433,-8.434143,-6.9641433,-8.404143,-2.704143,0.8358569,0.7158569,1.805857,-0.0141430665,-3.054143,3.615857,2.585857,2.085857,1.8658569,0.87585694,0.25585693,0.34585693,-0.42414308,-1.1641431,-2.0641432,-2.484143,-2.254143,2.1558568,1.6958569,1.2058569,3.215857,2.585857,-1.354143,-3.224143,-3.0941432
-4.034143,-4.524143,-4.404143,-3.6241431,-3.524143,-4.534143,-5.004143,-4.544143,-5.244143,-6.044143,-6.524143,-7.114143,-7.274143,-6.764143,-7.314143,-8.154143,-8.284143,-7.124143,2.815857,2.615857,0.5258569,1.795857,-3.1141431,5.0558567,5.665857,5.8058567,4.085857,1.885857,1.645857,2.585857,0.50585693,-0.6741431,-2.634143,-4.794143,-6.114143,-1.4341431,-0.8041431,-1.3841431,-2.684143,-2.694143,0.8458569,-1.204143,-1.714143
-3.744143,-4.034143,-4.344143,-3.554143,-3.0841432,-3.404143,-3.454143,-3.284143,-3.724143,-3.794143,-5.2141433,-6.364143,-6.454143,-6.574143,-6.504143,-7.864143,-8.294143,-7.664143,-6.824143,1.0958569,3.3958569,3.295857,-1.724143,2.725857,2.975857,6.025857,7.685857,3.495857,3.805857,1.4658569,0.93585694,-1.1241431,-1.5241431,-1.974143,-4.024143,-3.944143,-1.334143,-0.95414305,-1.464143,0.06585693,0.035856932,0.75585693,-1.574143
-3.024143,-3.414143,-3.934143,-3.6141431,-3.894143,-3.684143,-3.244143,-3.174143,-2.964143,-3.1041431,-4.304143,-5.354143,-5.974143,-6.364143,-6.864143,-8.034143,-7.784143,-7.014143,-6.124143,-4.1941433,4.125857,4.435857,3.005857,0.48585692,5.505857,3.475857,4.085857,3.545857,2.285857,4.325857,2.605857,1.295857,0.33585694,-0.06414307,0.7058569,-1.074143,-0.7941431,-0.63414305,-2.6041431,-0.68414307,1.755857,0.25585693,-2.484143
-1.694143,-1.994143,-2.924143,-2.914143,-3.004143,-3.024143,-2.734143,-1.954143,-2.634143,-2.3441432,-3.174143,-2.924143,-4.644143,-5.2341433,-5.754143,-6.764143,-7.394143,-7.474143,-6.724143,-7.074143,-1.994143,4.025857,4.085857,4.935857,2.335857,4.355857,3.6458569,3.9158568,4.215857,2.785857,2.795857,3.085857,2.825857,2.235857,2.1758568,0.015856933,-1.344143,0.78585696,0.33585694,-2.144143,-1.5441431,0.9058569,2.485857
-0.44414306,-0.6741431,-1.354143,-1.724143,-2.024143,-2.6241431,-2.8341432,-1.8941431,-1.5141431,0.48585692,-1.3741431,-2.3341432,-1.7841431,-1.214143,-4.744143,-5.594143,-6.014143,-6.854143,-6.154143,-5.974143,-5.024143,-0.48414308,2.815857,4.2658567,2.8758569,3.105857,4.375857,5.905857,3.4058568,3.6458569,4.695857,3.265857,3.365857,2.985857,2.215857,-0.39414307,-1.5441431,0.5258569,0.50585693,1.905857,1.2358569,1.7058569,0.7158569
-1.1541431,-1.0141431,-0.41414306,-1.5041431,-1.1741431,-1.454143,-1.8041431,-1.734143,-1.1541431,1.3458569,0.045856934,-0.5341431,-0.5541431,-1.1741431,-2.784143,-3.914143,-4.9641433,-5.324143,-5.554143,-4.154143,-4.814143,-2.6241431,0.22585693,1.295857,0.41585693,2.345857,3.9358568,3.6558568,4.345857,6.735857,6.095857,4.205857,3.985857,3.705857,2.6758568,1.385857,-0.32414305,-1.9141431,-0.5441431,1.6058569,1.505857,1.305857,0.5758569
-0.5541431,-0.6141431,-0.5541431,-0.48414308,-1.614143,-1.7841431,-2.044143,-0.44414306,-0.8041431,0.8958569,-0.21414307,0.33585694,0.45585692,-1.5341431,-1.104143,-2.514143,-2.5641432,-3.464143,-4.4641433,-3.694143,-4.504143,-3.514143,-0.6741431,1.135857,1.8458569,1.895857,1.2158569,0.6358569,3.205857,3.475857,3.805857,4.5358567,4.7658567,4.295857,2.555857,2.045857,1.9858569,0.80585694,-0.22414307,-0.6141431,-0.75414306,-0.5341431,-0.0041430662
-1.8141431,0.07585693,-0.76414305,-1.5241431,-2.664143,-1.2541431,-2.444143,-1.854143,-1.6741431,-0.63414305,0.17585693,-0.89414304,0.5258569,0.38585693,0.14585693,-0.34414306,-1.3141431,-1.9041431,-2.634143,-3.244143,-3.3541431,-2.6141431,-0.58414304,0.25585693,1.4958569,1.3758569,-0.35414305,-2.714143,0.45585692,-0.36414307,0.30585694,5.945857,5.025857,5.395857,5.3058567,3.8858569,2.285857,2.1258569,1.165857,0.22585693,-0.09414306,0.20585693,-0.41414306
-1.834143,-1.5641431,-0.82414305,-1.6741431,-5.254143,-1.714143,-2.034143,-1.5541431,-2.744143,-2.794143,-2.404143,-1.494143,1.3658569,1.385857,0.6358569,-1.194143,-0.83414304,-2.144143,-2.3341432,-1.9341431,-2.494143,-2.664143,-1.224143,2.195857,2.555857,1.8758569,2.8958569,2.695857,-0.88414305,-1.5641431,-0.28414306,1.765857,4.955857,5.0358567,3.9258568,3.835857,3.465857,2.535857,2.1858568,1.785857,1.1858569,1.2058569,0.27585694
