wind_kz.json
[{"header":{"discipline":0,"disciplineName":"Meteorological products","gribEdition":2,"gribLength":948,"center":7,"centerName":"US National Weather Service - NCEP(WMC)","subcenter":0,"refTime":"2023-10-01T00:00:00.000Z","significanceOfRT":1,"significanceOfRTName":"Start of forecast","productStatus":0,"productStatusName":"Operational products","productType":1,"productTypeName":"Forecast products","productDefinitionTemplate":0,"productDefinitionTemplateName":"Analysis/forecast at horizontal level/layer at a point in time","parameterCategory":0,"parameterCategoryName":"UnknownDiscipline_0_Category_0","parameterNumber":0,"parameterNumberName":"UnknownParameter_D0_C0_0","parameterUnit":"Unknown","genProcessType":2,"genProcessTypeName":"Forecast","forecastTime":60,"surface1Type":1,"surface1TypeName":"Ground or water surface","surface1Value":0.0,"surface2Type":255,"surface2TypeName":"Missing","surface2Value":0.0,"gridDefinitionTemplate":0,"gridDefinitionTemplateName":"Latitude_Longitude","numberPoints":615,"shape":6,"shapeName":"Earth spherical with radius of 6,371,229.0 m","gridUnits":"degrees","resolution":48,"winds":"true","scanMode":64,"nx":41,"ny":15,"basicAngle":0,"lo1":47.0,"la1":41.0,"lo2":87.0,"la2":55.0,"dx":1.0,"dy":1.0},"data":[302.7,290.6,289.7,294.4,294.2,293.2,302.2,308.4,305.5,305.7,304.0,304.0,303.2,302.8,302.3,301.2,300.1,298.7,299.7,298.9,299.8,297.1,298.4,294.0,296.2,298.5,293.7,281.1,280.4,277.6,275.3,276.0,288.2,294.6,295.8,295.3,294.1,294.0,295.0,295.0,294.2,276.7,288.5,294.0,294.3,294.6,293.0,305.2,306.1,302.9,302.9,303.2,302.3,302.7,301.4,301.0,300.7,300.0,299.5,298.0,297.9,298.3,297.0,295.4,287.4,278.2,279.1,287.3,280.8,282.3,275.9,282.3,271.8,279.2,253.8,274.0,290.9,289.6,292.0,294.8,287.0,284.4,296.7,293.8,294.1,294.0,292.3,305.8,303.9,303.1,302.1,300.9,300.3,301.1,300.6,300.4,299.6,299.3,298.4,297.2,296.1,296.5,296.7,296.4,296.7,291.0,294.1,292.6,293.9,293.0,291.6,282.2,272.3,276.2,280.8,281.0,284.5,282.7,276.0,278.6,279.7,274.2,274.8,296.0,292.9,293.6,292.7,293.9,303.5,298.4,302.4,302.4,301.3,300.4,297.4,290.7,290.1,299.3,298.2,296.8,296.3,295.9,295.2,294.3,291.5,295.4,295.5,295.7,296.0,296.3,293.0,292.6,293.2,293.2,290.4,294.0,290.8,290.9,285.6,277.7,270.2,278.5,286.8,292.0,303.0,292.5,293.0,292.5,295.3,298.3,301.1,302.6,300.5,299.7,300.7,296.9,289.7,288.6,287.6,297.8,297.3,295.3,294.4,294.3,295.2,295.7,294.5,294.2,293.9,293.7,292.3,291.9,293.6,293.4,296.0,291.2,278.3,269.9,280.4,287.7,290.5,294.9,294.7,294.8,294.4,302.2,298.3,291.2,292.2,292.5,291.9,299.2,300.1,299.4,298.9,298.8,297.4,290.7,289.6,294.1,296.3,297.4,295.6,295.3,295.7,294.8,294.1,293.6,293.4,292.8,291.5,292.7,288.1,293.2,293.2,292.5,294.0,291.2,289.3,287.6,289.6,283.0,283.8,289.8,293.7,293.2,297.3,301.6,298.1,293.7,292.4,293.7,297.4,296.5,299.5,298.9,298.0,297.5,296.8,296.9,296.3,297.1,296.4,295.8,295.4,294.9,293.7,293.5,293.1,293.2,292.1,292.5,291.9,292.8,290.6,291.0,289.8,290.5,291.1,291.7,291.2,288.0,284.6,281.5,278.9,278.0,289.2,302.1,295.2,299.1,293.5,292.8,293.8,295.7,297.3,296.7,295.9,296.5,296.1,295.6,296.0,296.4,295.8,294.5,295.1,294.3,292.6,292.1,291.5,291.4,290.9,290.2,287.5,287.6,286.9,285.3,290.3,288.3,288.8,287.8,285.5,285.4,288.1,288.6,286.4,289.5,289.1,286.0,295.5,293.3,297.1,298.3,293.6,295.3,295.8,295.2,295.1,295.2,295.5,294.5,294.0,295.1,294.6,295.7,294.3,293.6,291.3,290.8,289.3,289.1,289.2,288.7,286.9,286.4,285.2,284.8,284.3,283.1,282.9,284.5,284.6,286.0,287.2,285.0,284.6,284.1,270.3,271.8,269.5,295.6,294.5,290.4,295.6,295.9,297.1,296.0,294.9,293.3,294.2,293.4,293.2,293.8,293.2,293.0,293.2,293.2,292.6,290.9,290.1,288.8,288.4,289.2,289.0,288.3,286.0,285.5,285.1,284.1,282.8,283.3,284.3,287.2,288.0,287.6,285.7,283.1,277.9,273.7,272.1,269.5,295.2,291.1,288.2,292.9,295.7,294.4,295.2,294.9,294.0,292.6,292.7,290.9,292.5,291.5,292.0,291.9,291.2,291.0,291.3,289.9,289.0,287.9,287.1,287.1,286.2,285.9,283.3,284.7,284.6,285.3,285.4,286.3,286.9,287.1,286.7,284.1,280.0,275.6,277.0,275.8,273.6,292.8,294.2,291.8,292.8,293.4,293.9,294.0,291.6,292.3,292.8,290.4,289.8,290.7,289.7,290.2,290.7,289.9,289.3,290.0,289.4,288.0,286.6,285.6,286.0,284.6,285.3,284.6,285.0,284.9,284.8,283.3,283.9,284.5,282.6,283.3,282.4,282.1,281.0,279.9,280.1,279.5,289.2,288.4,287.6,291.0,294.3,292.6,293.4,292.2,288.1,291.6,288.6,287.7,289.0,287.7,289.5,289.6,289.3,288.3,289.0,288.2,287.6,286.4,286.2,285.0,285.6,286.0,286.3,284.9,284.4,282.9,283.1,282.5,281.8,281.5,281.0,281.2,280.0,281.4,279.0,278.6,279.1,288.5,287.7,287.6,291.1,289.7,293.0,292.1,288.8,290.1,287.4,286.2,282.6,286.1,287.5,288.2,289.0,288.5,287.7,287.6,287.4,287.9,287.5,287.6,287.0,287.0,286.5,284.9,284.3,282.9,282.7,281.9,280.6,280.5,279.8,281.0,279.4,279.3,279.0,279.3,276.9,277.1,288.9,288.6,285.9,288.5,285.6,288.1,291.1,290.8,291.3,290.2,286.0,286.8,285.6,286.5,287.7,288.7,288.4,287.9,288.1,287.2,287.2,286.7,286.9,286.0,286.0,286.0,285.7,284.3,283.5,281.8,280.9,280.9,279.5,279.4,279.2,279.4,279.1,278.2,278.7,277.7,278.1]},{"header":{"discipline":0,"disciplineName":"Meteorological products","gribEdition":2,"gribLength":1025,"center":7,"centerName":"US National Weather Service - NCEP(WMC)","subcenter":0,"refTime":"2023-10-01T00:00:00.000Z","significanceOfRT":1,"significanceOfRTName":"Start of forecast","productStatus":0,"productStatusName":"Operational products","productType":1,"productTypeName":"Forecast products","productDefinitionTemplate":0,"productDefinitionTemplateName":"Analysis/forecast at horizontal level/layer at a point in time","parameterCategory":2,"parameterCategoryName":"UnknownDiscipline_0_Category_2","parameterNumber":2,"parameterNumberName":"UnknownParameter_D0_C2_2","parameterUnit":"Unknown","genProcessType":2,"genProcessTypeName":"Forecast","forecastTime":60,"surface1Type":103,"surface1TypeName":"Specified height level above ground","surface1Value":10.0,"surface2Type":255,"surface2TypeName":"Missing","surface2Value":0.0,"gridDefinitionTemplate":0,"gridDefinitionTemplateName":"Latitude_Longitude","numberPoints":615,"shape":6,"shapeName":"Earth spherical with radius of 6,371,229.0 m","gridUnits":"degrees","resolution":48,"winds":"true","scanMode":64,"nx":41,"ny":15,"basicAngle":0,"lo1":47.0,"la1":41.0,"lo2":87.0,"la2":55.0,"dx":1.0,"dy":1.0},"data":[6.416655,1.3466552,0.65665525,5.356655,3.9066553,3.6866553,4.2666554,-4.953345,-6.7533445,-5.913345,-4.5533447,-3.8633447,-3.3633447,-2.8033447,-2.6933448,-4.243345,-3.7933447,-4.223345,-4.3033447,-3.8533447,-2.3233447,0.19665527,2.3166552,2.7566552,1.7366552,2.7466552,2.7866552,3.1766553,0.7566553,0.23665528,-2.0033448,2.3766553,-0.5633447,2.4566553,-1.3233447,-1.1133447,2.3266554,0.71665525,-0.22334473,-0.53334475,0.41665527,0.31665528,0.5666553,4.646655,2.4466553,0.37665528,0.33665526,-4.0733447,-4.723345,-5.4233446,-4.453345,-3.8833447,-3.0233448,-3.4033446,-3.2933447,-3.9933448,-3.7233448,-3.2333448,-2.3633447,-2.4233446,-1.1633447,-1.5533447,1.5966552,2.2666552,1.8766552,2.0366552,0.26665527,0.6066553,2.6866553,2.5066552,2.0566552,2.0766554,0.46665528,1.7966553,-1.8533447,0.45665526,2.9766552,0.57665527,-0.8233447,-0.6433447,-0.27334473,-0.21334472,2.5966554,2.7066553,5.2866554,0.7966553,1.3566552,-0.8633447,-3.9033446,-3.5833447,-3.6233447,-4.0533447,-4.083345,-4.603345,-5.223345,-4.4833446,-3.8733447,-2.7433448,-1.9733447,-1.3233447,-1.2733448,-0.73334473,0.38665527,2.6266553,0.4966553,1.9566553,-0.77334476,-0.96334475,-1.0033448,-0.13334472,2.7466552,-0.65334475,-0.22334473,-2.6233447,0.23665528,0.38665527,-3.6233447,-0.5633447,0.7366553,0.6366553,2.5866554,-0.92334473,-1.1933447,-0.30334473,1.7266552,-0.98334473,-0.08334473,3.2366552,-1.8933448,-1.7833447,-3.1833448,-3.1633446,-3.2933447,-3.6733446,-5.643345,-5.243345,-3.8133447,-1.5433447,-3.8333447,-3.3533447,-2.0133448,-0.6933447,-0.22334473,2.4966552,-3.1733446,0.36665526,0.0066552735,0.18665527,0.8666553,2.3466554,2.5266552,3.8766553,-1.7433448,1.1266552,0.21665527,5.0766554,1.7066553,2.5566552,1.9366553,0.06665527,2.5466552,-0.7433447,1.3066553,1.4866552,0.5666553,-0.33334473,-2.5233448,-1.6733447,1.7566552,-1.5633447,-3.3433447,-4.4033446,-3.2933447,-1.8233447,-1.3933448,-4.953345,-4.5333447,-3.3133447,-1.3233447,-3.6033447,-2.9733448,-1.9733447,-1.3133447,-1.3133447,-1.8133447,-0.46334472,-0.033344727,1.2366552,2.3866553,3.5966554,5.0566554,5.046655,4.606655,4.126655,1.2966553,-0.8233447,1.4766552,2.3166552,-1.6533448,-1.0433447,1.4766552,-0.7433447,-1.9433447,-0.0133447265,-0.18334472,2.7766552,2.4866552,-2.6933448,-5.183345,-2.1533446,1.3566552,-3.4533448,-3.4833448,-3.0733447,-2.7033448,-3.7333448,-4.063345,-1.5533447,-0.033344727,-1.6733447,-2.7533448,-1.4933448,-1.6533448,-0.91334474,-1.3933448,-2.6933448,-1.7033447,0.5066553,1.5166553,2.4866552,2.3366554,2.4066553,2.5166552,3.8666553,5.756655,3.4566553,2.6066554,0.016655274,-1.1333448,0.76665527,4.586655,0.3066553,-0.093344726,6.376655,-2.7033448,-2.5733447,2.5466552,0.78665525,2.4666553,-1.6033447,-1.6633447,1.0066552,6.396655,-1.0533447,-2.7133448,-2.8833447,-2.6233447,-2.2733448,-1.9333447,-2.9333448,-2.1933448,-0.5833447,-1.8233447,-1.6633447,-1.3333447,-1.9133447,-2.5133448,-2.2133448,-1.2133447,-0.2533447,-0.10334472,1.2266552,0.016655274,0.19665527,2.1666553,3.5266552,4.316655,3.7866552,2.5266552,2.5866554,6.736655,-3.6533446,-2.8833447,2.5666552,-3.5933447,4.3866553,-1.3133447,1.8166553,0.45665526,1.3666552,-0.6133447,-0.29334474,7.9966555,6.5166554,1.9266553,0.086655274,-1.0433447,-0.38334474,-1.0433447,-1.2033447,-1.3033447,-1.4633447,-2.2333448,-1.6033447,-1.9433447,-1.5533447,-0.6933447,-3.4733448,-3.6033447,-3.8333447,-2.6533446,-2.4733448,-1.6733447,-1.7133447,-1.3233447,1.2266552,2.5666552,1.5666553,2.1866553,-4.123345,-1.0933447,-4.683345,-1.8133447,-1.8333447,-1.8333447,-3.2633448,-3.1933448,0.026655274,0.65665525,0.36665526,4.026655,3.8966553,5.4666553,3.8666553,4.316655,5.7266555,0.016655274,1.4666553,-0.5033447,0.96665525,0.2766553,-0.6933447,0.12665528,-0.42334473,-1.9333447,-1.8633447,-2.3033447,-0.9533447,-2.4133446,-2.9433448,-3.0533447,-3.1033447,-3.6733446,-3.4633448,-3.5533447,-3.8133447,-4.0733447,-3.4433448,-7.563345,-4.5033445,-1.9633447,-3.0133448,1.2766553,-0.39334473,-1.5633447,-2.5733447,-1.2833447,-0.5533447,-1.7433448,2.0766554,-0.41334474,2.6066554,6.526655,3.3466554,3.7466552,3.7166553,3.4666553,-0.71334475,2.1566553,0.35665527,0.95665526,0.82665527,0.6866553,1.2666553,-0.0133447265,-1.2133447,-1.8533447,-2.0633447,-2.0733447,-2.3333447,-2.0633447,-2.1833448,-2.9533448,-3.4833448,-3.7833447,-3.9633448,-4.103345,-4.433345,-3.9733448,-2.7633448,-1.3933448,0.6166553,2.3066552,0.14665528,0.20665528,-0.26334473,0.40665528,-0.6833447,-0.52334476,-1.1333448,2.5266552,0.036655273,2.1066554,9.236655,4.736655,2.8866553,3.3566554,3.3866553,0.39665526,1.9866552,2.4766552,0.28665528,1.3366553,0.9266553,1.8566552,1.2066553,1.0666553,0.84665525,-1.1633447,-2.0033448,-2.6033447,-2.6033447,-2.6733446,-2.8033447,-2.8433447,-3.3933446,-3.6633446,-3.6833448,-3.6133447,-2.7833447,-1.6733447,-1.4633447,-1.9733447,-2.1633446,-1.4933448,-0.18334472,-0.91334474,0.41665527,-0.24334472,0.64665526,-0.71334475,0.78665525,1.7266552,3.6566553,5.006655,2.2366552,4.4966555,1.0666553,3.2966552,-0.4433447,2.5066552,2.9366553,1.5066552,2.7066553,3.2666552,2.7666552,2.4566553,1.9966552,2.3466554,1.6166552,-0.11334473,-0.8033447,-1.3533447,-1.4233447,-1.8233447,-2.0033448,-2.5133448,-2.9133446,-2.3133447,-2.1333447,-2.4633448,-2.0833447,-2.3733447,-1.6233448,-2.3333447,-2.1733446,-2.0533447,-2.8233447,-2.3533447,-1.5033448,-0.73334473,-0.33334473,0.5666553,1.0566553,1.0566553,5.8066554,3.8966553,1.2866553,4.2466555,0.7466553,3.4966552,1.9866552,0.7966553,1.5066552,0.24665527,2.9266553,2.4266553,2.0066552,2.2966552,1.6366553,0.34665528,1.6666553,1.1866553,1.3766552,-0.33334473,0.9166553,-0.9533447,-0.66334474,-0.9433447,-1.5533447,-1.3433447,-1.7233447,-2.1233447,-1.7033447,-2.1333447,-2.6033447,-2.3933446,-2.5633447,-2.3933446,-1.6933447,-2.2633448,-2.0933447,-0.6933447,2.6566553,0.9966553,2.6666553,2.5166552,3.4866552,2.1466553,2.3666553,2.8566554,0.6866553,1.4466553,2.0966554,0.95665526,3.7766552,2.4266553,2.4966552,2.2966552,2.1566553,1.4466553,1.3766552,1.8266553,2.7766552,2.0466552,1.4366553,1.0266553,0.6966553,-0.07334473,0.0066552735,0.47665527,0.7366553,-0.093344726,-0.5833447,-0.6833447,-0.53334475,-1.0433447,-1.3033447,-1.8633447,-1.5033448,-0.39334473,-2.7233448,-1.2233447,-0.36334473,3.0766554,3.7366552,0.41665527,1.9966552,2.1966553,3.6866553,3.2966552,2.1966553,2.7066553,0.5666553,-0.48334473,2.0366552,1.4366553,2.7666552,2.4966552,2.2166553,2.7866552,2.3066552,1.9366553,2.0566552,2.5866554,1.9266553,1.9966552,1.8266553,1.9866552,2.1766553,1.5466553,1.2366552,1.3266553,1.1066552,-0.53334475,1.4766552,1.1466553,1.2766553,1.1366553,0.82665527,0.89665526,0.38665527,-0.4433447,0.026655274,0.14665528]},{"header":{"discipline":0,"disciplineName":"Meteorological products","gribEdition":2,"gribLength":1025,"center":7,"centerName":"US National Weather Service - NCEP(WMC)","subcenter":0,"refTime":"2023-10-01T00:00:00.000Z","significanceOfRT":1,"significanceOfRTName":"Start of forecast","productStatus":0,"productStatusName":"Operational products","productType":1,"productTypeName":"Forecast products","productDefinitionTemplate":0,"productDefinitionTemplateName":"Analysis/forecast at horizontal level/layer at a point in time","parameterCategory":2,"parameterCategoryName":"UnknownDiscipline_0_Category_2","parameterNumber":3,"parameterNumberName":"UnknownParameter_D0_C2_3","parameterUnit":"Unknown","genProcessType":2,"genProcessTypeName":"Forecast","forecastTime":60,"surface1Type":103,"surface1TypeName":"Specified height level above ground","surface1Value":10.0,"surface2Type":255,"surface2TypeName":"Missing","surface2Value":0.0,"gridDefinitionTemplate":0,"gridDefinitionTemplateName":"Latitude_Longitude","numberPoints":615,"shape":6,"shapeName":"Earth spherical with radius of 6,371,229.0 m","gridUnits":"degrees","resolution":48,"winds":"true","scanMode":64,"nx":41,"ny":15,"basicAngle":0,"lo1":47.0,"la1":41.0,"lo2":87.0,"la2":55.0,"dx":1.0,"dy":1.0},"data":[-1.0360718,1.4939282,-3.7060719,-9.706072,-5.7360716,0.30392823,2.9439282,3.8539283,1.1339282,-0.3060718,-1.0460718,-1.5860717,-1.6160718,-1.5460718,-1.3660718,-1.2260718,-1.6660718,-3.3060718,-3.8460717,-3.5160718,-4.4060717,-4.7760715,-3.7360718,1.1839283,4.4939284,1.2439282,0.6739282,1.3339282,-2.5060718,-1.9860718,-0.34607178,0.5539282,2.0239282,4.913928,4.293928,1.8839282,0.053928223,3.3039281,2.6539283,-0.06607178,-2.3860717,-0.6660718,-0.4960718,-8.336072,-7.336072,-5.2760715,-5.7160716,3.2439282,1.0539283,0.75392824,0.24392822,0.62392825,-0.42607176,-0.116071776,-1.2760718,-1.1960717,-1.5360718,-1.4860718,-3.1260717,-3.6060717,-4.416072,-3.7660718,-4.546072,-3.1460717,-1.0960717,2.7339282,2.9139283,1.5039282,1.0839282,0.50392824,1.0939282,-0.15607178,-0.20607178,-0.98607177,-0.17607178,0.13392822,3.1439283,1.6839283,1.3239282,2.4639282,1.2339282,-0.9460718,-3.7760718,-5.916072,-5.796072,-1.8460717,-1.2260718,0.46392822,1.8239282,1.5639282,2.3939283,1.8839282,0.63392824,-0.10607178,-0.4960718,-1.1460718,-3.3360717,-3.6360717,-3.4560719,-3.9060717,-4.456072,-5.036072,-5.0060716,-2.5560718,-3.3360717,0.053928223,-2.9360719,-2.4460719,-2.7960718,-4.106072,-2.7060719,-1.4460717,-1.8160717,-2.2660718,-2.5060718,1.4339283,-1.5360718,1.1839283,-0.45607176,-2.8060718,-3.1860719,2.0639281,1.9739282,-2.3060718,-3.926072,-7.456072,2.2439282,0.08392822,1.7039282,2.1939282,1.6339282,2.2139282,2.3839283,1.7339282,-1.8360717,-2.8860717,-4.496072,-3.3660717,-1.7660718,-2.7260718,-4.206072,-4.9060717,-5.396072,-4.566072,-2.416072,-2.6260717,-3.416072,-3.3460717,-3.166072,-3.3060718,-2.8060718,-2.2260718,-3.0760717,-2.8760717,-3.926072,0.93392825,1.8939282,-0.086071774,0.95392823,2.2939281,2.5539281,-1.1660718,-1.0360718,-1.5660717,-0.37607178,0.8639282,-2.1160717,-4.086072,-3.6360717,3.2639282,2.1939282,1.2039282,0.6739282,0.40392822,1.0039282,0.5339282,0.9139282,-1.2360718,-2.0060718,-1.3560718,-2.8360717,-4.7360716,-4.3260717,-4.186072,-3.4760718,-2.1460717,-2.5960717,-3.0260718,-2.9660718,-2.8160717,-1.9160718,-1.1760718,-2.8660717,-0.5760718,-0.8860718,-1.0560718,0.89392823,0.62392825,0.6739282,-0.18607178,0.39392823,-1.5560718,-3.1260717,-3.8260717,-1.7560718,-0.026071778,1.6039282,0.4439282,-4.0960717,-1.4760718,-3.5260718,3.2339282,2.833928,0.9039282,1.3639282,2.3039281,2.8939283,2.7039282,0.5839282,-4.226072,-1.7660718,-2.5060718,-5.046072,-4.7760715,-3.0360718,-2.676072,-3.3060718,-3.3460717,-3.3960717,-2.4460719,-2.5960717,-2.5660717,2.0539281,1.0839282,-1.3760718,-0.10607178,-1.5960717,2.323928,1.7539282,1.2539282,-3.3960717,2.7539282,-1.1660718,-5.8460717,-1.0160718,-3.3360717,2.0139282,3.7339282,2.6139283,2.0239282,-3.8760717,-4.816072,-0.38607177,3.9439282,2.7839282,2.9839282,2.2339282,1.0439283,1.6939282,0.12392822,-0.5260718,-0.87607175,-2.3260717,-4.5960717,-4.206072,-3.0160718,-3.3460717,-4.1360717,-5.066072,-4.516072,-4.1560717,-2.7860718,-4.1560717,-4.766072,6.7239285,4.1739283,3.1539283,3.6139283,2.0639281,0.50392824,0.5239282,-5.8660717,3.6639283,0.9639282,2.2539282,0.6539282,0.8439282,-0.81607175,5.143928,5.3039284,5.433928,4.543928,1.3539282,4.4239283,6.3639283,4.853928,3.7539282,3.5539281,2.2539282,1.8239282,0.70392823,-0.7260718,-0.9160718,-2.0760717,-3.426072,-4.0760717,-3.6960719,-2.9760718,-4.4460716,-4.786072,-4.876072,-4.0060716,-3.5360718,-3.8660717,-1.9060718,-1.4760718,-0.38607177,4.413928,4.9039283,1.3639282,-3.426072,-1.8260717,-1.7160717,-1.2560718,-0.54607177,-0.98607177,0.4139282,1.7339282,-0.47607177,-1.2560718,-2.6860719,4.4439282,6.0139284,5.353928,4.7639284,4.353928,6.5339284,4.563928,2.3439283,3.6739283,3.2139282,1.3539282,0.07392822,0.34392822,-0.9760718,-2.176072,-3.4360719,-3.2760718,-2.3960717,-3.4860718,-4.356072,-4.0060716,-3.666072,-3.2360718,-3.8360717,-3.6960719,-4.3060718,-3.9660718,-5.956072,-4.726072,-0.09607178,-4.706072,-3.0360718,0.7739282,-1.1760718,-2.2060719,-1.2060717,-0.7760718,-0.3060718,0.81392825,1.2639282,-2.5260718,-4.4260716,2.3639283,3.2539282,4.2239285,6.713928,7.623928,5.703928,4.713928,3.1539283,2.9139283,2.3939283,2.2639282,1.2139282,0.43392822,-0.6460718,-1.6060718,-2.166072,-2.1260717,-2.5860717,-2.9060717,-2.666072,-2.9560719,-2.8560717,-3.4560719,-3.3760717,-2.8760717,-3.5360718,-3.4860718,-2.7660718,-2.8560717,0.6039282,-2.3760717,-2.6260717,-0.6660718,-1.0460718,-0.7560718,1.7039282,2.083928,-2.0160718,-0.17607178,-0.8260718,1.9139283,1.9339283,2.1739283,3.7839282,5.6139283,7.293928,6.2439284,5.1739283,4.0939283,2.6839283,3.5239282,2.583928,2.5239282,1.7439282,1.2639282,0.28392822,-0.6460718,-1.0260718,-1.3460717,-1.4260718,-2.1460717,-2.3360717,-2.3560717,-1.8660718,-2.6260717,-2.2460718,-2.7860718,-3.4760718,-3.0260718,-2.7660718,-2.2560718,-3.7260718,-3.2560718,-1.8460717,-0.8860718,-1.7160717,-0.37607178,-1.2560718,-3.3460717,0.28392822,-1.2360718,-2.1860719,3.4339283,1.7239282,4.9039283,3.3539283,5.3439283,5.183928,3.0939283,4.2439284,3.8439283,2.8639283,2.7339282,2.7039282,2.9039283,2.6139283,1.6639283,1.7239282,1.1139282,0.28392822,-0.116071776,-0.6660718,-0.7060718,-1.1960717,-1.1860718,-1.8260717,-2.2860718,-2.2460718,-2.6060717,-3.166072,-2.5860717,-2.8360717,-2.1560717,-3.1160717,-1.9560717,-1.4160718,-0.46607178,-1.1160718,-0.5760718,-4.316072,-2.5660717,-2.5260718,-2.7760718,-0.5260718,2.7239282,1.8839282,6.7639284,0.20392822,4.6739283,3.4439282,3.0539281,4.7439284,2.9139283,3.083928,3.6139283,3.2939281,3.1839283,3.6139283,1.1839283,1.8639282,1.7139282,0.62392825,-0.18607178,0.9739282,0.28392822,-0.37607178,0.2539282,-1.4560717,-1.6260718,-1.8460717,-2.3460717,-0.7260718,-1.8060718,-2.0260718,-2.2060719,-2.3660717,-1.4660717,-2.0560718,-1.9360718,-1.9360718,-3.0860717,-1.0460718,-3.6460717,-3.676072,-1.3560718,3.1439283,3.2739282,1.1939282,5.483928,6.143928,4.4939284,1.4939282,2.9039283,4.2439284,3.6139283,4.1539283,3.6339283,3.4839282,3.2139282,2.8039281,2.6239283,2.1539283,1.8839282,1.4439282,1.4339283,1.8839282,1.5339283,1.0039282,0.4139282,-0.086071774,-0.41607177,-0.56607175,-1.1260718,-0.8960718,-1.5660717,-1.1360718,-0.85607177,-1.6160718,-1.4560717,-1.0460718,-1.6760718,-1.1960717,-3.0160718,-1.4860718,-2.2060719,-1.4860718,-1.8860718,1.1039282,3.0639281,3.8939283,5.873928,2.4139283,5.2239285,2.8739283,2.8939283,4.253928,4.523928,4.753928,4.663928,4.773928,4.273928,3.083928,2.5339282,2.2639282,2.1039283,1.9739282,1.4639282,2.3839283,2.2839282,1.6539283,1.4539282,2.1739283,0.26392823,0.0139282225,0.26392823,0.33392823,-0.37607178,0.34392822,-0.86607176,0.42392823,0.3539282,-0.93607175]}]