wind_kz.json
{"header": {"discipline":0,"disciplineName":"Meteorological products","gribEdition":2,"gribLength":1025,"center":7,"centerName":"US National Weather Service - NCEP(WMC)","subcenter":0,"refTime":"2023-08-21T00:00:00.000Z","significanceOfRT":1,"significanceOfRTName":"Start of forecast","productStatus":0,"productStatusName":"Operational products","productType":1,"productTypeName":"Forecast products","productDefinitionTemplate":0,"productDefinitionTemplateName":"Analysis/forecast at horizontal level/layer at a point in time","parameterCategory":2,"parameterCategoryName":"UnknownDiscipline_0_Category_2","parameterNumber":2,"parameterNumberName":"UnknownParameter_D0_C2_2","parameterUnit":"Unknown","genProcessType":2,"genProcessTypeName":"Forecast","forecastTime":120,"surface1Type":103,"surface1TypeName":"Specified height level above ground","surface1Value":10.0,"surface2Type":255,"surface2TypeName":"Missing","surface2Value":0.0,"gridDefinitionTemplate":0,"gridDefinitionTemplateName":"Latitude_Longitude","numberPoints":615,"shape":6,"shapeName":"Earth spherical with radius of 6,371,229.0 m","gridUnits":"degrees","resolution":48,"winds":"true","scanMode":64,"nx":41,"ny":15,"basicAngle":0,"lo1":47.0,"la1":41.0,"lo2":87.0,"la2":55.0,"dx":1.0,"dy":1.0}, "data":
[rows 0 to 14 of 15, columns 0 to 40 of 41]
-3.201106,-1.0911059,2.3188941,5.388894,1.9088941,-2.611106,1.1188941,-1.021106,-0.031105958,-4.351106,-2.561106,-6.461106,-3.121106,-5.551106,-5.331106,-4.131106,-3.061106,-4.091106,-4.261106,-3.4311059,-1.171106,1.5188941,0.10889404,1.218894,1.068894,-2.501106,-2.711106,-1.071106,-0.061105955,-0.45110595,-0.32110596,0.73889405,0.33889404,2.238894,-0.791106,-0.021105956,2.218894,-1.3611059,-2.091106,-2.6711059,-4.201106
-0.111105956,2.278894,6.128894,7.918894,5.978894,-0.14110595,2.118894,3.368894,2.8088942,-1.411106,-3.371106,-3.241106,-0.41110596,-1.661106,-2.1711059,-2.641106,-1.421106,-2.541106,-1.171106,-1.3411059,-0.44110596,-1.081106,0.048894044,-1.7311059,0.73889405,0.52889407,-0.53110594,-0.47110596,-1.4811059,-2.4411058,-0.021105956,0.058894042,-0.041105956,-1.1211059,-0.69110596,3.208894,0.96889406,0.48889405,-2.4011059,0.36889404,-0.37110597
2.108894,4.7088943,3.0788941,9.468894,9.308894,7.178894,2.548894,3.3288941,10.658894,2.798894,9.208894,3.488894,2.358894,-0.36110595,-2.551106,-2.821106,-2.571106,-0.84110594,1.038894,0.568894,0.62889403,1.3688941,1.608894,-0.46110594,1.2788941,1.078894,1.108894,2.498894,-2.251106,-0.07110596,-0.921106,2.108894,0.21889405,0.828894,0.54889405,-0.33110595,-0.671106,0.17889404,-0.89110595,-0.17110595,1.228894
-0.65110594,-0.75110596,1.798894,3.948894,4.4388943,3.5888941,4.628894,5.658894,9.328894,6.398894,7.138894,3.018894,4.398894,1.198894,-1.7511059,-2.491106,-1.331106,0.58889407,1.4088941,0.568894,0.47889405,-1.171106,1.808894,0.87889403,0.77889407,2.908894,3.628894,1.1488941,2.0788941,4.918894,2.0788941,1.328894,-1.051106,-1.961106,-3.361106,-1.911106,-1.511106,0.11889404,1.448894,-0.41110596,-0.22110596
0.07889404,1.808894,4.618894,4.768894,5.658894,4.998894,5.318894,4.768894,5.638894,4.698894,1.8688941,1.4088941,0.86889404,1.838894,-1.3711059,-0.95110595,-0.24110596,0.31889403,-1.0911059,-0.31110597,1.228894,1.568894,2.788894,3.288894,3.518894,3.538894,3.668894,3.548894,3.458894,2.468894,-0.991106,-2.501106,-1.791106,-0.96110594,1.6488941,0.948894,0.018894043,-4.221106,-3.211106,-3.751106,-4.521106
2.448894,2.698894,3.918894,4.548894,6.328894,8.268894,6.098894,5.848894,2.3388941,4.248894,5.198894,-1.571106,2.628894,3.548894,3.868894,0.74889404,0.79889405,-0.94110596,-1.021106,1.308894,2.8088942,2.278894,2.128894,3.528894,4.668894,3.908894,4.538894,4.658894,4.728894,4.258894,3.788894,-2.241106,-3.511106,-1.4711059,-0.14110595,1.8988941,-0.14110595,-3.061106,0.31889403,-3.141106,-3.971106
3.618894,3.738894,3.438894,3.978894,4.948894,5.608894,6.878894,6.028894,5.838894,4.648894,4.968894,4.268894,4.948894,7.918894,4.988894,-0.38110596,0.96889406,-0.18110596,-1.291106,0.62889403,0.87889403,1.7688941,2.168894,3.788894,5.9588943,2.998894,3.5888941,3.958894,4.178894,2.478894,2.118894,0.66889405,-2.361106,-2.761106,-1.8511059,-1.7311059,-1.5011059,2.978894,-2.721106,1.428894,1.7688941
4.298894,4.828894,5.398894,5.618894,6.118894,6.1888943,6.918894,6.278894,6.018894,4.358894,3.728894,4.058894,4.028894,3.648894,0.87889403,0.77889407,-0.021105956,-0.15110596,-1.461106,-1.811106,1.098894,0.98889405,0.828894,1.698894,1.238894,1.568894,3.0588942,2.938894,3.178894,0.93889403,-1.211106,-0.671106,-3.231106,-1.511106,-1.6111059,0.25889406,3.378894,-3.9111059,-4.011106,-4.0411057,-2.801106
4.478894,5.138894,5.568894,6.448894,8.188894,7.998894,7.168894,6.418894,6.528894,6.358894,4.588894,1.338894,1.1388941,0.07889404,0.578894,-0.10110596,-0.10110596,-1.8511059,-1.081106,-1.7311059,-0.741106,0.058894042,0.828894,0.758894,-0.801106,-0.24110596,1.038894,0.38889405,-0.26110595,-1.401106,-2.761106,-2.771106,-3.4311059,-3.811106,-0.72110593,0.96889406,-0.27110595,-1.7411059,-1.581106,-0.36110595,-2.271106
4.878894,5.388894,6.698894,7.798894,8.468894,8.658894,6.868894,6.4388943,6.108894,5.928894,3.918894,1.6388941,-1.141106,-0.87110597,1.1588941,-0.83110595,-0.34110597,-0.671106,-1.6211059,-1.581106,-0.82110596,-0.14110595,-0.22110596,-1.4711059,-2.971106,-1.8511059,-5.101106,-4.711106,-4.461106,-5.921106,-4.681106,-3.301106,-3.701106,-2.9211059,-2.531106,0.698894,-1.8511059,-0.731106,-2.071106,-0.931106,-1.551106
4.388894,5.578894,6.178894,7.138894,6.218894,5.198894,4.828894,5.108894,5.318894,4.798894,2.548894,1.7788941,1.108894,1.1488941,-1.171106,-1.161106,-1.321106,-1.5011059,-2.221106,-0.63110596,0.77889407,-1.3611059,-2.201106,-2.711106,-2.301106,-2.9211059,-4.591106,-4.611106,-4.961106,-5.411106,-3.9311059,-4.461106,-4.051106,-2.031106,-2.311106,-1.3511059,-1.1111059,0.768894,-1.0011059,0.20889404,-1.901106
3.608894,4.278894,4.4588943,4.358894,3.5788941,3.3188941,2.868894,2.628894,2.668894,0.74889404,-1.151106,-0.58110595,-1.701106,-0.77110595,0.07889404,-0.25110596,-1.411106,-1.0011059,-2.1911058,-0.88110596,-1.3811059,-1.511106,-2.101106,-2.351106,-2.471106,-2.511106,-2.991106,-3.631106,-3.291106,-3.881106,-3.391106,-3.081106,-0.551106,-1.051106,-1.8411059,-2.051106,-2.811106,-0.13110596,-1.1111059,0.48889405,-1.0011059
2.998894,3.748894,3.248894,2.538894,2.158894,0.60889405,-1.211106,1.208894,0.14889404,-1.041106,-0.82110596,-1.2311059,-1.811106,-1.891106,-1.681106,-1.421106,-2.051106,-3.981106,-2.9411058,-1.051106,-0.82110596,-0.0011059571,-0.52110595,-0.8511059,-0.52110595,-2.261106,-2.511106,-3.201106,-3.4011059,-3.031106,-2.461106,-1.951106,-0.38110596,-1.1011059,-1.3811059,-0.59110594,0.28889406,-0.10110596,1.178894,1.488894,-2.601106
3.208894,3.198894,3.048894,1.358894,1.238894,-1.031106,-2.1711059,-1.701106,-2.521106,-2.311106,-1.191106,-1.8511059,-0.801106,-0.56110597,-1.8411059,-2.4311059,-2.271106,-2.021106,-2.621106,-0.70110595,-1.671106,-1.651106,-2.001106,-1.561106,-1.571106,-1.801106,-2.451106,-2.101106,-2.6511059,-2.881106,-2.201106,-1.211106,-0.611106,-0.64110595,-0.0011059571,0.27889404,1.1488941,1.418894,1.8788941,0.22889404,0.80889404
1.668894,2.638894,3.038894,1.088894,1.1288941,-0.121105954,-0.46110594,-2.011106,-1.1311059,-2.991106,-1.3711059,-1.011106,-1.511106,-0.64110595,-2.131106,-1.9811059,-2.021106,-1.6211059,-1.431106,-1.571106,-1.051106,-0.49110594,-1.2411059,-0.96110594,-1.271106,-1.6111059,-1.4711059,-2.011106,-1.681106,-2.4011059,-2.501106,-2.101106,-1.181106,-0.89110595,-0.47110596,0.49889404,0.44889405,1.208894,2.398894,2.688894,0.28889406
