wind_kz.json
{"header": {"discipline":0,"disciplineName":"Meteorological products","gribEdition":2,"gribLength":871,"center":7,"centerName":"US National Weather Service - NCEP(WMC)","subcenter":0,"refTime":"2023-08-19T00:00:00.000Z","significanceOfRT":1,"significanceOfRTName":"Start of forecast","productStatus":0,"productStatusName":"Operational products","productType":1,"productTypeName":"Forecast products","productDefinitionTemplate":0,"productDefinitionTemplateName":"Analysis/forecast at horizontal level/layer at a point in time","parameterCategory":0,"parameterCategoryName":"UnknownDiscipline_0_Category_0","parameterNumber":0,"parameterNumberName":"UnknownParameter_D0_C0_0","parameterUnit":"Unknown","genProcessType":2,"genProcessTypeName":"Forecast","forecastTime":120,"surface1Type":1,"surface1TypeName":"Ground or water surface","surface1Value":0.0,"surface2Type":255,"surface2TypeName":"Missing","surface2Value":0.0,"gridDefinitionTemplate":0,"gridDefinitionTemplateName":"Latitude_Longitude","numberPoints":615,"shape":6,"shapeName":"Earth spherical with radius of 6,371,229.0 m","gridUnits":"degrees","resolution":48,"winds":"true","scanMode":64,"nx":41,"ny":15,"basicAngle":0,"lo1":47.0,"la1":41.0,"lo2":87.0,"la2":55.0,"dx":1.0,"dy":1.0}, "data":
[rows 0 to 14 of 15, columns 0 to 40 of 41]
295.02228,288.02228,293.62225,299.32227,298.92227,297.72226,298.22226,301.42227,300.12225,301.22226,300.02228,301.82227,301.62225,301.42227,300.12225,296.22226,295.22226,297.12225,295.42227,295.62225,295.72226,292.02228,291.02228,286.72226,294.92227,295.02228,290.92227,276.02228,274.42227,277.82227,278.42227,280.22226,288.72226,294.12225,295.62225,295.22226,294.42227,295.32227,295.22226,295.02228,294.32227
276.92227,296.12225,299.42227,299.42227,299.22226,297.72226,299.32227,298.82227,298.62225,299.32227,300.82227,299.42227,299.92227,298.42227,295.22226,296.92227,295.52228,294.62225,294.52228,294.92227,295.22226,296.42227,292.72226,286.42227,275.52228,276.32227,285.22226,275.32227,275.92227,272.42227,278.62225,271.82227,280.42227,261.82227,277.42227,292.62225,291.72226,293.32227,295.32227,288.22226,283.92227
296.82227,299.32227,300.02228,299.82227,297.72226,297.82227,298.62225,298.72226,298.22226,298.12225,297.92227,298.72226,296.72226,300.32227,300.02228,297.02228,296.42227,294.12225,292.42227,295.62225,297.62225,296.32227,292.42227,291.02228,291.92227,290.52228,292.92227,289.42227,290.92227,283.32227,273.32227,277.22226,283.62225,282.92227,283.62225,285.22226,276.32227,276.82227,278.12225,273.92227,273.52228
298.62225,300.02228,299.72226,299.12225,297.62225,298.72226,299.42227,298.02228,298.22226,298.62225,298.22226,297.22226,296.02228,295.22226,297.92227,296.82227,298.02228,296.32227,293.62225,294.82227,294.72226,291.22226,297.12225,296.82227,292.02228,295.92227,296.62225,292.22226,292.62225,294.72226,293.32227,290.92227,295.32227,292.12225,290.92227,289.12225,277.12225,275.42227,280.62225,290.32227,293.22226
296.02228,299.82227,299.62225,299.42227,298.82227,300.52228,300.62225,301.12225,298.62225,298.52228,298.42227,298.12225,296.32227,294.92227,292.12225,296.82227,297.82227,297.12225,295.42227,297.32227,298.22226,297.72226,296.82227,296.62225,295.02228,294.62225,292.82227,293.62225,292.42227,292.32227,296.42227,293.92227,283.02228,271.52228,284.42227,292.82227,294.02228,296.02228,296.12225,296.12225,295.52228
294.72226,293.52228,298.12225,298.42227,299.22226,299.12225,296.92227,297.52228,299.72226,298.72226,298.92227,298.22226,295.62225,295.52228,295.12225,296.02228,297.02228,299.82227,296.62225,298.32227,297.82227,296.52228,295.12225,295.72226,295.22226,294.32227,294.42227,293.92227,296.22226,297.42227,296.12225,296.22226,294.02228,291.32227,290.52228,291.42227,286.22226,286.82227,293.02228,295.22226,294.32227
294.72226,293.12225,295.02228,296.62225,296.32227,294.82227,295.82227,294.72226,297.22226,300.12225,298.62225,297.42227,297.12225,296.32227,296.72226,297.62225,297.32227,298.02228,296.82227,296.42227,296.22226,297.52228,296.42227,296.52228,294.82227,295.32227,295.02228,295.42227,293.62225,295.02228,295.22226,295.22226,294.62225,294.72226,292.42227,290.72226,286.82227,282.72226,279.32227,279.82227,291.62225
294.12225,293.32227,296.32227,294.32227,295.22226,294.62225,293.72226,293.72226,294.22226,295.32227,296.22226,297.42227,296.12225,295.92227,296.92227,299.22226,296.82227,296.62225,297.12225,295.42227,294.62225,295.02228,295.72226,294.62225,294.12225,293.12225,291.72226,295.72226,292.32227,295.42227,291.82227,292.72226,290.52228,287.42227,287.02228,290.22226,291.42227,289.32227,291.62225,290.62225,289.82227
292.12225,291.22226,291.52228,291.12225,292.92227,293.22226,291.72226,292.02228,291.22226,291.62225,291.62225,291.22226,292.52228,296.82227,296.12225,295.32227,299.12225,297.82227,298.32227,298.62225,293.92227,292.92227,293.12225,293.52228,291.52228,291.52228,289.32227,289.02228,288.22226,287.62225,288.52228,289.12225,290.32227,290.92227,289.92227,288.12225,287.42227,286.52228,278.52228,278.92227,279.82227
289.82227,290.22226,293.02228,291.42227,291.72226,291.82227,291.22226,290.62225,290.32227,289.92227,289.32227,289.32227,290.42227,291.62225,292.02228,292.22226,293.82227,294.22226,296.52228,296.62225,294.82227,296.02228,294.62225,293.72226,291.62225,291.22226,290.22226,290.22226,289.52228,289.52228,289.92227,292.02228,293.12225,293.02228,291.42227,288.42227,286.52228,282.72226,279.82227,279.42227,278.22226
287.82227,288.32227,288.02228,289.12225,288.32227,288.92227,288.92227,288.72226,288.82227,288.12225,287.62225,287.72226,292.22226,289.02228,289.42227,290.52228,294.02228,293.72226,294.32227,294.32227,295.42227,294.02228,293.92227,292.82227,289.92227,291.02228,289.42227,291.52228,291.92227,294.42227,294.02228,293.52228,292.82227,292.92227,291.02228,287.72226,283.72226,281.32227,280.52228,281.52228,280.12225
286.62225,285.42227,285.12225,284.62225,284.82227,285.12225,285.22226,285.42227,288.32227,286.72226,283.92227,284.82227,286.32227,286.62225,288.12225,287.72226,289.52228,288.82227,289.72226,290.62225,291.42227,291.92227,291.52228,291.42227,288.92227,290.62225,291.92227,292.02228,292.52228,293.02228,292.12225,292.82227,292.52228,289.52228,289.82227,289.52228,289.42227,287.72226,286.42227,286.92227,286.42227
284.02228,285.32227,284.32227,285.92227,285.52228,286.02228,286.22226,286.82227,286.82227,285.72226,282.92227,283.42227,283.12225,283.62225,284.82227,284.12225,284.62225,285.42227,286.92227,287.12225,289.12225,288.62225,289.62225,290.32227,291.72226,290.32227,294.22226,292.32227,291.92227,290.62225,291.42227,291.22226,290.22226,289.92227,289.42227,289.02228,288.82227,288.92227,287.62225,287.02228,286.42227
283.92227,284.72226,288.22226,284.62225,285.42227,285.42227,284.82227,284.82227,284.72226,284.72226,283.72226,283.22226,284.42227,284.92227,285.12225,285.32227,285.22226,284.92227,285.32227,287.92227,287.92227,288.92227,289.22226,289.72226,290.02228,289.82227,290.42227,290.02228,289.42227,289.82227,289.12225,290.32227,289.42227,287.52228,286.22226,286.72226,287.32227,287.52228,287.52228,287.12225,286.72226
282.12225,283.42227,291.32227,283.32227,283.72226,282.62225,282.22226,281.92227,282.02228,284.92227,283.72226,283.22226,281.92227,283.22226,283.72226,284.22226,283.92227,283.62225,284.22226,284.22226,286.42227,286.92227,287.02228,288.42227,288.42227,288.12225,287.92227,288.12225,289.62225,288.12225,286.42227,287.02228,287.32227,286.02228,285.72226,285.72226,286.22226,286.42227,287.12225,287.82227,287.42227
