wind.json
{"header": {"discipline":0,"disciplineName":"Meteorological products","gribEdition":2,"gribLength":1039,"center":7,"centerName":"US National Weather Service - NCEP(WMC)","subcenter":0,"refTime":"2023-06-29T12:00:00.000Z","significanceOfRT":1,"significanceOfRTName":"Start of forecast","productStatus":0,"productStatusName":"Operational products","productType":1,"productTypeName":"Forecast products","productDefinitionTemplate":0,"productDefinitionTemplateName":"Analysis/forecast at horizontal level/layer at a point in time","parameterCategory":0,"parameterCategoryName":"UnknownDiscipline_0_Category_0","parameterNumber":0,"parameterNumberName":"UnknownParameter_D0_C0_0","parameterUnit":"Unknown","genProcessType":2,"genProcessTypeName":"Forecast","forecastTime":240,"surface1Type":1,"surface1TypeName":"Ground or water surface","surface1Value":0.0,"surface2Type":255,"surface2TypeName":"Missing","surface2Value":0.0,"gridDefinitionTemplate":0,"gridDefinitionTemplateName":"Latitude_Longitude","numberPoints":688,"shape":6,"shapeName":"Earth spherical with radius of 6,371,229.0 m","gridUnits":"degrees","resolution":48,"winds":"true","scanMode":64,"nx":43,"ny":16,"basicAngle":0,"lo1":45.0,"la1":40.0,"lo2":87.0,"la2":55.0,"dx":1.0,"dy":1.0}, "data":
[rows 0 to 15 of 16, columns 0 to 42 of 43]
298.14688,292.94687,318.04688,330.04688,324.04688,302.44687,299.34686,297.64688,327.84686,328.54688,322.14688,324.7469,326.44687,325.2469,322.94687,323.04688,321.84686,322.7469,322.44687,322.34686,320.54688,316.94687,315.2469,314.64688,302.84686,307.94687,308.64688,297.14688,287.14688,285.64688,293.7469,304.84686,309.34686,312.54688,316.04688,314.54688,314.44687,312.7469,314.04688,315.04688,314.34686,314.84686,314.64688
300.04688,317.34686,317.04688,303.2469,313.7469,298.54688,299.54688,297.34686,315.64688,326.84686,324.94687,326.14688,323.04688,324.64688,324.44687,323.14688,323.54688,323.34686,322.34686,321.84686,322.34686,320.54688,310.2469,314.2469,315.34686,311.44687,313.14688,314.84686,310.84686,291.64688,286.14688,286.54688,289.94687,289.94687,301.54688,309.84686,314.64688,311.64688,310.04688,314.14688,315.2469,314.84686,315.54688
304.04688,296.04688,289.64688,302.84686,297.84686,298.14688,299.04688,296.7469,331.14688,324.64688,325.34686,323.54688,324.54688,325.64688,322.84686,321.04688,322.54688,323.04688,322.84686,323.34686,307.64688,320.34686,317.44687,308.84686,311.94687,298.64688,278.94687,286.2469,295.44687,291.7469,292.64688,286.44687,291.54688,282.7469,293.84686,273.2469,286.94687,304.94687,302.64688,311.14688,316.34686,306.54688,288.04688
296.7469,303.84686,312.7469,298.54688,298.14688,297.54688,297.14688,315.44687,325.04688,326.04688,325.04688,323.7469,322.14688,320.2469,318.54688,318.34686,323.94687,324.44687,323.04688,323.04688,322.54688,321.34686,307.34686,305.2469,315.14688,307.84686,306.2469,305.64688,295.14688,312.04688,297.04688,287.7469,286.14688,287.64688,294.7469,290.14688,292.7469,290.44687,280.94687,285.44687,289.34686,284.84686,282.04688
313.14688,315.94687,314.84686,298.14688,298.44687,298.54688,303.14688,325.34686,326.04688,324.84686,319.7469,325.94687,322.64688,320.04688,296.2469,295.44687,317.14688,324.64688,323.04688,322.7469,315.04688,319.94687,316.7469,307.44687,299.14688,307.34686,310.2469,316.7469,320.44687,314.54688,300.7469,313.54688,313.84686,309.54688,310.84686,313.2469,304.44687,298.34686,283.64688,281.64688,288.84686,300.84686,309.44687
303.7469,307.2469,309.54688,298.84686,298.84686,299.54688,309.64688,323.94687,324.14688,328.14688,326.94687,326.14688,324.7469,320.14688,297.04688,296.7469,293.84686,321.84686,323.2469,308.44687,303.84686,317.04688,318.64688,319.14688,318.2469,315.94687,321.2469,320.2469,315.34686,307.54688,315.04688,314.7469,308.94687,311.7469,288.54688,280.94687,291.84686,306.04688,304.34686,310.2469,309.94687,314.54688,315.14688
316.04688,315.64688,316.44687,311.64688,299.34686,298.64688,298.7469,300.34686,329.2469,327.54688,325.44687,321.34686,319.84686,322.34686,298.84686,295.84686,306.14688,313.64688,320.04688,318.7469,315.7469,320.34686,317.14688,316.7469,312.14688,311.54688,307.84686,314.44687,316.04688,291.04688,315.54688,314.54688,313.64688,313.64688,308.04688,310.64688,308.2469,304.64688,300.2469,298.14688,314.44687,315.2469,314.34686
317.44687,314.64688,314.2469,313.34686,320.84686,323.14688,316.14688,310.84686,325.84686,322.94687,323.54688,322.04688,321.04688,320.94687,321.2469,322.54688,309.2469,309.84686,308.14688,318.64688,313.54688,313.54688,316.2469,314.94687,316.2469,316.44687,314.34686,314.2469,313.54688,314.64688,314.84686,308.44687,314.34686,313.34686,308.94687,309.44687,309.2469,307.64688,303.94687,299.84686,295.94687,294.64688,308.54688
319.44687,316.94687,318.84686,320.7469,320.84686,323.7469,324.64688,322.44687,325.44687,321.04688,318.34686,317.64688,320.44687,318.44687,319.34686,318.04688,311.44687,322.14688,320.54688,317.14688,316.84686,310.7469,314.44687,314.44687,314.54688,312.94687,311.64688,307.64688,306.64688,309.14688,304.84686,308.14688,305.7469,307.64688,303.44687,303.44687,303.2469,306.94687,309.44687,289.44687,310.54688,309.84686,305.84686
297.94687,320.34686,312.2469,316.94687,316.14688,320.2469,318.34686,321.64688,320.54688,308.54688,317.84686,316.84686,317.14688,305.7469,307.7469,315.64688,313.54688,310.54688,318.2469,317.04688,315.54688,313.44687,310.04688,309.84686,311.14688,311.2469,310.44687,307.84686,305.04688,305.44687,302.44687,300.44687,299.94687,299.94687,302.2469,304.94687,306.84686,307.94687,308.2469,307.7469,291.54688,292.7469,293.04688
312.84686,319.2469,319.04688,309.04688,305.44687,319.64688,309.14688,318.84686,315.7469,316.2469,313.7469,312.94687,311.54688,310.94687,312.04688,313.54688,313.64688,315.44687,315.44687,315.14688,315.44687,314.44687,310.2469,311.94687,312.2469,310.94687,309.14688,308.14688,307.54688,307.04688,304.84686,305.54688,305.64688,307.44687,308.84686,309.14688,308.94687,309.94687,303.84686,298.94687,297.44687,293.14688,291.04688
307.64688,302.7469,313.14688,309.7469,314.2469,305.64688,304.34686,314.84686,314.64688,312.84686,308.84686,310.34686,309.34686,307.64688,310.7469,308.84686,309.14688,310.54688,310.94687,312.64688,313.44687,309.14688,309.84686,310.54688,308.44687,307.84686,307.94687,306.7469,305.34686,308.94687,309.34686,310.94687,310.44687,309.94687,308.44687,307.44687,306.04688,307.2469,299.2469,297.44687,296.44687,296.34686,295.44687
306.04688,308.2469,310.2469,313.34686,315.04688,307.04688,308.94687,301.2469,310.54688,305.84686,303.44687,300.94687,304.94687,304.34686,306.54688,306.34686,306.34686,308.64688,309.2469,309.2469,308.2469,306.84686,304.64688,305.14688,304.94687,308.14688,305.94687,307.2469,308.2469,309.64688,311.2469,310.94687,308.54688,308.84686,307.44687,306.54688,305.54688,307.54688,305.34686,305.54688,300.44687,299.94687,300.2469
304.94687,302.64688,307.34686,309.84686,313.54688,312.44687,302.14688,302.44687,309.04688,308.44687,298.94687,309.04688,304.14688,301.04688,304.14688,303.14688,304.94687,305.2469,307.04688,306.34686,306.7469,304.2469,304.14688,303.2469,304.14688,304.04688,306.7469,307.54688,310.54688,307.7469,307.94687,308.64688,308.64688,308.14688,307.04688,308.64688,307.94687,306.34686,305.84686,304.64688,302.34686,302.7469,299.7469
304.94687,306.64688,305.54688,309.2469,302.14688,310.94687,309.04688,306.2469,305.7469,304.44687,306.64688,308.14688,305.04688,297.94687,303.54688,304.54688,305.94687,306.64688,305.54688,306.44687,306.64688,305.2469,304.94687,304.14688,304.44687,305.44687,304.64688,306.14688,306.7469,306.54688,306.94687,308.04688,307.94687,307.84686,308.54688,306.84686,307.34686,306.84686,304.84686,303.7469,303.14688,297.34686,299.94687
304.04688,304.14688,302.64688,303.14688,293.54688,310.54688,310.2469,308.44687,309.14688,307.84686,307.64688,307.34686,303.7469,303.14688,303.44687,305.54688,307.54688,307.14688,308.04688,307.2469,310.44687,305.44687,305.04688,304.2469,305.04688,305.64688,305.64688,306.04688,302.04688,306.14688,304.84686,302.94687,300.04688,295.54688,303.2469,303.64688,305.84686,298.34686,300.2469,301.14688,302.34686,294.7469,297.84686
