wind_kz.json
{"header": {"discipline":0,"disciplineName":"Meteorological products","gribEdition":2,"gribLength":794,"center":7,"centerName":"US National Weather Service - NCEP(WMC)","subcenter":0,"refTime":"2023-09-27T00:00:00.000Z","significanceOfRT":1,"significanceOfRTName":"Start of forecast","productStatus":0,"productStatusName":"Operational products","productType":1,"productTypeName":"Forecast products","productDefinitionTemplate":0,"productDefinitionTemplateName":"Analysis/forecast at horizontal level/layer at a point in time","parameterCategory":2,"parameterCategoryName":"UnknownDiscipline_0_Category_2","parameterNumber":3,"parameterNumberName":"UnknownParameter_D0_C2_3","parameterUnit":"Unknown","genProcessType":2,"genProcessTypeName":"Forecast","forecastTime":240,"surface1Type":103,"surface1TypeName":"Specified height level above ground","surface1Value":10.0,"surface2Type":255,"surface2TypeName":"Missing","surface2Value":0.0,"gridDefinitionTemplate":0,"gridDefinitionTemplateName":"Latitude_Longitude","numberPoints":615,"shape":6,"shapeName":"Earth spherical with radius of 6,371,229.0 m","gridUnits":"degrees","resolution":48,"winds":"true","scanMode":64,"nx":41,"ny":15,"basicAngle":0,"lo1":47.0,"la1":41.0,"lo2":87.0,"la2":55.0,"dx":1.0,"dy":1.0}, "data":
[rows 0 to 14 of 15, columns 0 to 40 of 41]
-1.7719055,-2.0719056,-3.6719055,-5.3719053,-4.1719055,0.6280945,-1.3719056,1.0280945,0.22809449,0.72809446,0.72809446,1.1280944,0.12809448,-0.77190554,-1.1719055,-0.17190552,0.12809448,-0.3719055,0.22809449,-0.8719055,1.7280945,0.028094482,-0.8719055,0.028094482,-1.2719055,0.42809448,1.2280945,2.4280944,0.12809448,3.2280946,1.1280944,-0.8719055,0.9280945,-0.6719055,0.9280945,1.7280945,1.7280945,1.5280945,0.12809448,-0.3719055,2.0280945
4.2280946,-3.2719054,-13.971906,-5.8719053,-5.2719054,2.7280946,0.22809449,2.6280944,2.0280945,0.5280945,-0.9719055,0.6280945,0.8280945,1.6280944,0.32809448,0.12809448,-0.6719055,0.22809449,-0.9719055,-1.1719055,-0.071905516,2.4280944,2.4280944,2.3280945,0.8280945,3.4280944,1.3280945,3.2280946,0.8280945,2.4280944,3.7280946,4.9280944,0.9280945,0.22809449,-1.3719056,-0.47190553,0.22809449,-1.6719055,-0.5719055,-1.9719055,1.0280945
-4.5719056,-10.771906,-13.871905,-6.3719053,-4.3719053,-2.5719056,0.6280945,0.42809448,2.0280945,-0.17190552,0.028094482,1.1280944,1.9280945,1.3280945,-0.17190552,0.6280945,0.72809446,0.32809448,1.1280944,1.1280944,0.8280945,1.0280945,1.8280945,2.6280944,0.9280945,1.6280944,0.6280945,1.0280945,-3.4719055,0.9280945,-0.77190554,-0.071905516,1.7280945,-0.47190553,-0.47190553,3.1280944,4.7280946,0.72809446,0.5280945,1.2280945,1.2280945
1.5280945,-4.3719053,-10.571905,-12.871905,-3.1719055,-1.3719056,-2.5719056,1.1280944,1.8280945,0.22809449,0.028094482,0.5280945,-1.0719055,1.8280945,0.8280945,0.6280945,0.6280945,-0.47190553,0.5280945,2.3280945,2.7280946,3.0280945,0.6280945,4.7280946,3.1280944,2.7280946,5.2280946,0.42809448,1.0280945,-7.1719055,-6.2719054,-0.8719055,-1.0719055,-0.6719055,-0.47190553,-3.4719055,-0.8719055,1.7280945,1.7280945,0.72809446,0.12809448
2.4280944,0.9280945,-1.6719055,-8.971906,-10.571905,-2.8719056,-0.77190554,1.1280944,-0.6719055,0.42809448,0.22809449,1.2280945,-0.2719055,-0.8719055,1.5280945,0.6280945,0.028094482,-0.77190554,-1.1719055,0.72809446,3.3280945,0.9280945,1.6280944,2.3280945,2.7280946,4.2280946,5.8280945,6.1280947,3.3280945,-2.1719055,-3.4719055,0.5280945,1.5280945,2.0280945,-1.1719055,-1.2719055,0.6280945,-1.6719055,-1.4719055,0.5280945,-0.2719055
-1.5719055,-3.4719055,4.4280944,0.22809449,-2.1719055,-5.8719053,-3.3719056,-0.071905516,1.4280945,1.0280945,0.32809448,-0.5719055,-0.47190553,-0.3719055,-0.47190553,-0.2719055,1.8280945,0.5280945,-0.2719055,1.8280945,1.8280945,0.8280945,-0.2719055,1.0280945,2.3280945,4.7280946,7.5280943,6.2280946,3.4280944,-0.9719055,-0.17190552,-1.3719056,-2.4719055,-1.1719055,1.7280945,3.6280944,2.6280944,4.2280946,-0.17190552,-1.9719055,-1.0719055
-1.3719056,-1.9719055,-2.3719056,-2.8719056,-1.6719055,-1.5719055,0.12809448,-1.8719056,0.028094482,0.8280945,1.4280945,0.8280945,0.42809448,0.42809448,-0.5719055,-0.9719055,0.028094482,0.72809446,0.6280945,0.9280945,0.12809448,1.7280945,-0.3719055,1.0280945,2.1280944,1.2280945,5.9280944,2.7280946,1.3280945,0.8280945,1.1280944,-2.3719056,-0.071905516,1.3280945,-0.17190552,-0.5719055,-2.7719054,-0.8719055,1.2280945,-0.071905516,0.9280945
-0.5719055,-0.3719055,-1.5719055,-2.3719056,-2.5719056,-1.4719055,0.12809448,-0.17190552,0.5280945,-0.2719055,1.5280945,2.1280944,0.72809446,1.3280945,0.22809449,-0.2719055,-0.9719055,0.32809448,1.4280945,-0.2719055,-2.1719055,2.1280944,1.6280944,0.5280945,2.4280944,2.8280945,2.6280944,4.2280946,3.4280944,2.3280945,1.6280944,0.42809448,1.6280944,0.9280945,1.2280945,1.2280945,-1.5719055,2.8280945,-1.9719055,0.028094482,-2.2719054
-1.2719055,-0.47190553,-0.3719055,-0.3719055,-0.3719055,-0.6719055,0.72809446,0.42809448,0.22809449,1.1280944,0.6280945,1.4280945,2.0280945,2.3280945,1.2280945,0.6280945,0.72809446,1.9280945,1.7280945,1.4280945,-0.6719055,-1.1719055,-1.0719055,-0.071905516,0.8280945,2.0280945,2.5280945,2.3280945,3.0280945,2.2280946,2.3280945,1.1280944,1.6280944,4.1280947,6.5280943,2.7280946,-1.1719055,0.12809448,1.7280945,1.0280945,-2.2719054
-1.6719055,-1.9719055,-0.9719055,-0.2719055,0.5280945,-0.17190552,-0.3719055,1.2280945,1.0280945,1.5280945,0.12809448,1.6280944,3.1280944,2.3280945,2.5280945,1.2280945,1.2280945,2.6280944,2.0280945,1.6280944,1.1280944,0.22809449,0.12809448,-2.1719055,-1.5719055,0.32809448,2.5280945,2.3280945,1.4280945,2.6280944,1.9280945,0.32809448,0.6280945,3.0280945,1.2280945,1.4280945,1.2280945,-2.0719056,-0.3719055,3.0280945,3.1280944
-3.4719055,-4.0719056,-1.5719055,-0.2719055,0.028094482,1.4280945,1.1280944,1.2280945,0.6280945,1.3280945,0.028094482,0.6280945,2.4280944,3.9280944,2.9280944,1.8280945,2.5280945,2.4280944,2.5280945,3.3280945,2.2280946,1.7280945,1.0280945,-0.9719055,-0.47190553,0.6280945,-0.2719055,0.9280945,2.3280945,2.6280944,1.4280945,0.5280945,0.8280945,1.8280945,2.2280946,1.1280944,1.1280944,2.6280944,1.6280944,1.9280945,0.72809446
-2.9719055,-3.1719055,-4.4719057,0.72809446,0.12809448,0.9280945,1.7280945,2.0280945,2.5280945,1.2280945,0.72809446,0.12809448,0.9280945,3.4280944,3.1280944,2.8280945,4.0280943,2.9280944,3.0280945,2.4280944,3.0280945,2.6280944,1.6280944,0.028094482,1.4280945,1.7280945,2.3280945,2.1280944,1.4280945,0.9280945,0.72809446,1.1280944,0.6280945,1.3280945,1.2280945,0.12809448,0.9280945,2.8280945,2.6280944,2.5280945,1.0280945
-4.4719057,-5.4719057,-4.8719053,-3.9719055,-0.8719055,0.12809448,-0.5719055,1.7280945,1.3280945,1.1280944,0.72809446,1.3280945,1.4280945,1.6280944,3.0280945,3.1280944,3.4280944,3.4280944,3.5280945,3.1280944,3.4280944,3.5280945,2.2280946,1.9280945,2.8280945,2.8280945,2.3280945,1.5280945,1.1280944,1.0280945,0.8280945,0.72809446,0.32809448,0.22809449,0.9280945,0.72809446,0.12809448,0.12809448,1.3280945,0.8280945,0.42809448
-5.5719056,-5.0719056,-6.9719057,-4.4719057,-4.0719056,-0.77190554,1.3280945,1.3280945,2.1280944,0.9280945,1.3280945,0.5280945,0.5280945,2.2280946,2.8280945,3.6280944,3.6280944,4.3280945,3.8280945,3.5280945,3.5280945,3.3280945,2.9280944,2.5280945,2.8280945,2.3280945,2.1280944,2.2280946,2.0280945,1.6280944,1.3280945,1.1280944,1.1280944,1.3280945,0.42809448,0.5280945,0.32809448,-0.2719055,-0.47190553,0.12809448,0.028094482
-3.4719055,-5.7719054,-7.3719053,-5.2719054,-4.7719054,-4.1719055,-0.47190553,1.5280945,1.6280944,2.3280945,1.7280945,0.32809448,0.72809446,-0.071905516,3.0280945,3.7280946,4.0280943,3.8280945,4.3280945,4.0280943,3.7280946,3.7280946,3.4280944,3.4280944,3.3280945,3.2280946,3.2280946,3.0280945,2.6280944,2.3280945,2.1280944,1.9280945,1.5280945,1.4280945,1.4280945,1.3280945,0.72809446,0.72809446,1.0280945,0.22809449,-0.071905516
