wind_kz.json
{"header": {"discipline":0,"disciplineName":"Meteorological products","gribEdition":2,"gribLength":1025,"center":7,"centerName":"US National Weather Service - NCEP(WMC)","subcenter":0,"refTime":"2023-09-23T12:00:00.000Z","significanceOfRT":1,"significanceOfRTName":"Start of forecast","productStatus":0,"productStatusName":"Operational products","productType":1,"productTypeName":"Forecast products","productDefinitionTemplate":0,"productDefinitionTemplateName":"Analysis/forecast at horizontal level/layer at a point in time","parameterCategory":2,"parameterCategoryName":"UnknownDiscipline_0_Category_2","parameterNumber":2,"parameterNumberName":"UnknownParameter_D0_C2_2","parameterUnit":"Unknown","genProcessType":2,"genProcessTypeName":"Forecast","forecastTime":180,"surface1Type":103,"surface1TypeName":"Specified height level above ground","surface1Value":10.0,"surface2Type":255,"surface2TypeName":"Missing","surface2Value":0.0,"gridDefinitionTemplate":0,"gridDefinitionTemplateName":"Latitude_Longitude","numberPoints":615,"shape":6,"shapeName":"Earth spherical with radius of 6,371,229.0 m","gridUnits":"degrees","resolution":48,"winds":"true","scanMode":64,"nx":41,"ny":15,"basicAngle":0,"lo1":47.0,"la1":41.0,"lo2":87.0,"la2":55.0,"dx":1.0,"dy":1.0}, "data":
[rows 0 to 14 of 15, columns 0 to 40 of 41]
-1.4559643,-0.81596434,0.20403564,-6.3859644,-9.685965,-9.915964,-7.7359643,-8.195965,-8.295964,-5.5759645,-4.0359645,-4.2459645,-3.2859643,-2.7959642,-2.0959644,-2.1559644,-1.7859644,-0.87596434,-2.6059644,0.25403565,-0.025964355,1.1140356,0.014035645,-2.3359644,0.55403566,-2.0559645,-2.6959643,-0.9659644,-0.63596433,-0.6459644,-1.1559644,1.4240357,1.4640356,0.67403567,-1.4959644,-2.6859643,-2.1759644,-1.8759644,-3.1759644,-1.0059644,0.47403565
1.9940356,0.34403566,-3.3559644,-8.105965,-8.895965,-8.5159645,-5.915964,-8.485965,-5.9859643,-4.4359646,-3.4759643,-3.5559645,-2.2459643,-1.4959644,-1.4859643,-2.2759643,-1.5559644,-2.0059643,-1.2359643,-0.66596437,-0.5259644,-1.4259644,-0.105964355,-3.4059644,0.82403564,0.6540356,-0.94596434,0.21403565,0.69403565,-1.3359643,-0.19596435,-0.9659644,0.36403564,-1.6659644,-0.26596436,-0.065964356,-0.40596434,-0.45596436,0.33403563,0.26403564,-1.5159644
-2.2359643,-6.4959645,-9.235965,-9.825964,-8.365964,-6.8259645,-6.4059644,-4.415964,-5.9559646,-4.065964,-3.4559643,-3.1559644,-2.7859643,-2.8359644,-2.3059645,-1.6259644,-2.5859644,-1.5459644,-1.4759643,-0.5959644,0.94403565,1.6940356,0.57403564,-0.44596437,0.06403565,1.3540356,-2.1559644,-1.3659644,-3.5159643,-1.4659643,-1.4259644,-1.1359644,-0.21596436,1.5940356,-4.2559643,-1.6659644,0.27403563,-1.0959643,2.7640357,-0.24596435,1.6240356
-6.9859643,-10.955964,-10.855965,-9.965964,-6.915964,-5.6359644,-4.2359643,-4.9259644,-4.165964,-3.7059643,-3.2659643,-3.2559643,-4.375964,-3.8759644,-1.9259644,-1.5359644,-0.45596436,0.7840356,1.8240356,1.4540356,1.8840356,1.4440356,2.5740356,1.1740357,-0.11596435,-0.9059644,-0.40596434,0.82403564,-1.1959643,-2.5459642,-0.09596436,1.2040356,2.1040356,3.4140356,1.4640356,-0.62596434,0.39403564,1.7740357,0.28403565,1.2640357,2.5140357
-8.665964,-10.695965,-10.225965,-9.495964,-7.2059646,-4.835964,-4.9059644,-3.3459644,-2.6059644,-2.9659643,-2.0759645,-1.6059643,-2.8459644,-4.4559646,-1.8359643,0.70403564,1.7440356,1.6340356,2.5340357,3.5040357,3.7040358,3.6940355,3.2740357,2.9640357,0.51403564,0.74403566,-0.75596434,3.5440357,-2.3659644,-1.6459644,0.48403564,-1.2059643,-0.46596435,0.93403566,1.6140356,7.9740357,-0.9559643,-1.7359643,-1.5359644,-0.9559643,-2.8559644
-5.815964,-4.665964,-8.425964,-7.7459645,-8.105965,-6.7259645,-3.9659643,-3.9859643,-3.5859644,-3.0359643,-3.0159643,-2.7959642,-1.6859643,-2.2959642,-2.0959644,0.7240356,0.17403564,1.0940356,1.7340356,2.4040356,3.9740357,3.8040357,1.0840356,2.3740356,0.71403563,-0.45596436,2.2740357,1.2640357,-0.26596436,0.22403565,0.57403564,1.0440357,1.6740357,3.4140356,1.8440356,6.7640357,1.5140357,0.95403564,2.7540357,-1.9759643,-3.4659643
-4.7859645,-4.6159644,-4.9559646,-4.2359643,-4.915964,-3.9359643,-3.6559644,-3.1059644,-3.3559644,-2.4459643,-2.9359643,-2.3759644,-1.1059643,-0.25596437,0.13403565,0.13403565,-0.15596436,0.9040356,0.19403565,1.1440357,0.15403564,-0.47596437,-0.035964355,0.92403567,1.4040357,1.8040357,1.3140357,1.8740356,1.3840356,-0.15596436,1.3440356,3.0940356,3.7940357,3.7740357,1.0340357,-0.92596436,1.0940356,1.6240356,-2.2259643,1.5640357,0.5440357
-3.5559645,-3.3059645,-3.6359644,-3.6559644,-3.3359644,-3.3559644,-3.1159644,-3.4759643,-2.7359643,-2.7959642,-2.1459644,-1.4859643,-0.6559644,-0.21596436,0.21403565,0.31403565,0.33403563,0.37403566,0.31403565,-0.23596436,1.0640357,0.9040356,-2.2359643,-1.0359644,0.044035643,-1.3759644,-0.92596436,0.034035645,0.044035643,0.08403564,3.0440357,3.4640357,2.9640357,2.5140357,0.38403565,-0.025964355,-1.0459644,-2.7559643,-3.1559644,-2.3159645,-2.7759643
-2.5459642,-2.4559643,-2.6059644,-2.7059643,-2.6359644,-2.4259644,-1.9759643,-2.0759645,-1.3459643,-0.0059643555,-0.50596434,-0.54596436,0.83403563,0.034035645,0.5940356,0.46403563,0.70403564,0.17403564,0.47403565,-0.7659643,-1.3659644,-2.1759644,-2.3059645,-1.7159643,-1.3259643,-0.9059644,-0.9059644,-0.86596435,1.3840356,0.81403565,0.32403564,1.6940356,2.1440356,2.0440357,2.4140356,-0.5159643,0.34403566,-2.2359643,-1.5959643,1.0040356,-2.1459644
-1.0259644,-0.5859644,-0.29596436,-0.17596436,0.054035645,-0.025964355,-0.42596436,0.0040356447,0.74403566,1.1340356,1.9640356,2.0840356,1.5540357,1.4240357,0.80403566,0.67403567,0.23403564,0.12403564,-0.23596436,-0.85596436,-3.1659644,-1.9759643,-4.0959644,-5.0559645,-3.3159645,-2.5959644,-1.6959643,-0.47596437,-1.4559643,-2.2059643,-1.0959643,-2.2259643,-1.9859643,-0.98596436,1.0140357,-2.5559645,-1.7359643,0.12403564,-2.2459643,-0.82596433,-1.4959644
1.0240357,1.3140357,1.4940356,1.8540356,2.1140356,1.5740356,1.7740357,2.4340355,2.1240356,2.3040357,2.1440356,2.3940356,2.2440357,2.8140357,2.2540357,1.0540357,0.71403563,0.11403564,-1.1459644,-2.3259645,-1.6059643,-2.7559643,-3.5759645,-3.5759645,-3.4559643,-3.9859643,-4.6759644,-3.6359644,-3.2159643,-1.9759643,-2.9859643,-3.1659644,-2.6159644,-2.1259644,-1.4459643,-0.29596436,-1.3559643,0.24403565,-0.57596433,1.1240356,-1.5859643
0.9740356,1.9340357,2.5040357,1.9740356,2.5340357,2.0140357,1.6240356,2.0740356,2.2940357,1.1940356,0.9040356,3.2540357,3.1840355,2.4140356,2.8340356,2.4240355,2.0440357,1.1740357,-0.5959644,-0.91596437,-1.8759644,-1.2759644,-2.1259644,-2.3159645,-2.4759643,-2.7559643,-2.4459643,-1.6759644,-2.3959644,-2.1159644,-2.4659643,-3.0359643,-1.8759644,-2.6859643,-1.7659644,-1.7759644,-2.0659645,-0.7159644,0.024035644,-0.45596436,-0.56596434
1.8440356,2.2940357,2.1040356,2.2740357,2.1640356,1.5440357,1.5140357,1.5740356,1.8940357,0.14403564,0.38403565,1.6640357,2.7540357,3.0040357,2.4940357,2.1740355,1.8740356,1.9040357,1.3840356,0.9740356,-0.42596436,-0.5259644,-0.40596434,-0.27596435,-0.26596436,-1.3359643,-1.3759644,-2.2759643,-2.2359643,-1.5959643,-2.4159644,-2.3159645,-1.9559643,-2.3059645,-1.5659643,-1.7459644,-0.39596435,-0.62596434,-2.2659643,-1.7359643,-0.57596433
3.0040357,2.4340355,2.8140357,3.3740356,1.7840357,1.8640356,1.9340357,2.0440357,1.6740357,0.64403564,0.08403564,0.87403566,1.9340357,2.2840357,2.7140357,2.4040356,2.1440356,1.9340357,1.4040357,2.3540356,2.0940356,1.8440356,1.6440357,1.7140356,1.4940356,0.9840357,0.25403565,-0.38596436,-0.81596434,-0.97596437,-1.2659644,-1.5759643,-1.4259644,-1.9159644,-1.5759643,-1.1159644,-0.86596435,-1.4859643,-1.7559644,-0.66596437,-0.29596436
1.4840356,4.1340356,3.5540357,2.9840357,2.6840355,2.7340357,4.1940355,2.2840357,2.7240357,0.64403564,-0.47596437,0.7340357,1.5840356,1.4040357,3.0440357,2.7140357,2.7540357,2.7640357,1.5840356,2.4740357,2.2240357,2.4940357,2.2640357,2.4040356,2.2440357,2.3140357,2.1140356,1.8240356,1.7140356,0.92403567,0.22403565,-1.3959644,-1.1459644,-0.7159644,-0.79596436,-0.94596434,-1.1959643,-0.98596436,0.12403564,-0.22596435,-0.37596434
