wind_kz.json
{"header": {"discipline":0,"disciplineName":"Meteorological products","gribEdition":2,"gribLength":1025,"center":7,"centerName":"US National Weather Service - NCEP(WMC)","subcenter":0,"refTime":"2023-09-08T00:00:00.000Z","significanceOfRT":1,"significanceOfRTName":"Start of forecast","productStatus":0,"productStatusName":"Operational products","productType":1,"productTypeName":"Forecast products","productDefinitionTemplate":0,"productDefinitionTemplateName":"Analysis/forecast at horizontal level/layer at a point in time","parameterCategory":2,"parameterCategoryName":"UnknownDiscipline_0_Category_2","parameterNumber":3,"parameterNumberName":"UnknownParameter_D0_C2_3","parameterUnit":"Unknown","genProcessType":2,"genProcessTypeName":"Forecast","forecastTime":240,"surface1Type":103,"surface1TypeName":"Specified height level above ground","surface1Value":10.0,"surface2Type":255,"surface2TypeName":"Missing","surface2Value":0.0,"gridDefinitionTemplate":0,"gridDefinitionTemplateName":"Latitude_Longitude","numberPoints":615,"shape":6,"shapeName":"Earth spherical with radius of 6,371,229.0 m","gridUnits":"degrees","resolution":48,"winds":"true","scanMode":64,"nx":41,"ny":15,"basicAngle":0,"lo1":47.0,"la1":41.0,"lo2":87.0,"la2":55.0,"dx":1.0,"dy":1.0}, "data":
[rows 0 to 14 of 15, columns 0 to 40 of 41]
0.2990454,-2.8009546,3.5090454,1.4090455,3.1190455,3.4490454,1.4790454,1.2690454,0.23904541,0.25904542,-1.8909546,-2.1909547,-2.9909546,-3.5809546,-4.1309547,-4.0009546,-4.0409546,-3.3609545,-3.4409547,-1.7609546,-2.3109546,-1.1809546,-1.4609545,-2.4309547,0.09904541,0.92904544,-0.9809546,0.5490454,1.4490454,5.5990453,1.8290454,1.7190454,-0.5109546,0.1990454,-0.5409546,0.4290454,1.2490454,1.8790454,1.3990455,1.7690454,0.5890454
5.5190454,2.3890455,4.5590453,2.3090453,4.6490455,3.3390455,-0.3109546,1.8390454,1.6090454,0.28904542,-1.8509545,-2.5009546,-3.1709547,-3.4909546,-4.8809547,-4.1309547,-2.7909546,-3.1209545,-4.7109547,-4.050955,-3.7109547,-2.5109546,2.0590453,3.3790455,0.6590454,1.1490455,-1.4709545,2.3790455,1.6090454,2.4490454,3.7890453,4.7790456,1.0890454,-0.7109546,0.06904541,-0.8709546,-0.2909546,-0.8109546,0.06904541,-0.8309546,0.6890454
2.1990454,6.7990456,4.5590453,3.5290453,2.7890453,1.0690454,0.3390454,-0.30095458,0.5490454,0.44904542,-1.0809546,-2.6609545,-2.8509545,-3.4409547,-3.9409547,-4.090955,-3.9009545,-4.300955,-4.050955,-3.2409546,-3.8109546,-2.8809545,-1.0009546,0.3390454,-0.08095459,0.4990454,-1.7109545,-0.2909546,0.1690454,-0.3809546,-0.08095459,-1.0909545,1.5390455,-1.2609546,0.13904542,4.3690453,6.1090455,1.3190454,0.9790454,0.9190454,0.5990454
1.5390455,3.8490455,4.1490455,3.0990455,0.6290454,0.3990454,1.2290454,0.92904544,0.9590454,0.55904543,-0.5609546,-2.6109545,-3.2309546,-4.570955,-3.7009547,-4.0109544,-4.050955,-4.2809544,-4.2909546,-4.6809545,-3.4309547,-2.6409545,-1.4409546,-0.9009546,0.3690454,0.00904541,-0.30095458,0.3490454,0.3990454,-0.17095459,-2.3509545,-0.03095459,0.08904541,-0.01095459,-0.5309546,-2.0209546,-1.8709546,1.7290454,2.1790454,2.1990454,4.2490454
0.7990454,1.6290454,1.5790454,0.9690454,0.8890454,0.5490454,-1.1009545,-1.5909545,-3.3809545,-2.1709547,-2.7809546,-1.9509546,-2.9509547,-2.7609546,-2.7009547,-3.0509546,-3.7209547,-3.7209547,-3.7909546,-4.4709544,-3.6109545,-2.9409547,-3.8809545,-2.9509547,-2.3409545,-2.1309545,-1.5109546,-0.6709546,-0.7909546,1.2190454,1.9390454,1.3490454,2.2390454,1.6990454,-0.11095459,-2.1109545,1.2090454,-1.4009546,-2.9609547,-2.7309546,-1.8409545
-0.57095456,-1.5909545,-0.49095458,-1.5909545,-2.0609546,-2.6309545,-2.8009546,-2.2309546,-2.2109547,-1.7909546,-1.5209546,-0.88095456,-2.6909547,-2.3409545,-2.4709547,-1.0109546,-1.7009546,-3.0309546,-4.1909547,-3.9409547,-4.2209544,-2.0009546,-3.0709546,-3.8009546,-2.9409547,-2.6409545,-1.8709546,-1.8409545,-2.3109546,-1.8209546,-1.2509546,-1.0609546,0.17904541,2.7890453,3.0190454,8.099046,2.6990454,3.8690455,-1.4009546,-2.5909545,-0.6509546
0.28904542,-0.2509546,-0.5809546,-1.0709546,-2.1609545,-0.7709546,-2.3809545,-2.4009545,-1.9709545,-2.9309547,-3.4209547,-2.0709546,-2.9409547,-2.7409546,-2.1309545,-1.2509546,-0.9809546,-1.5309546,-2.5309546,-3.6009545,-4.0409546,-4.6109548,-3.4309547,-3.1209545,-3.4009545,-3.4909546,-3.1509545,-1.7509546,-0.8709546,-0.15095459,0.00904541,-0.06095459,-0.39095458,3.8690455,0.13904542,0.80904543,-2.7909546,1.9390454,2.1290455,1.7790455,2.0890455
0.4590454,-0.8709546,-1.2309546,-0.9509546,-1.0609546,-1.7409546,-2.0209546,-2.1509545,-1.7009546,-2.6609545,-3.1809547,-3.2009547,-3.1209545,-2.7009547,-3.4609547,-3.7309546,0.25904542,0.6690454,-2.6509545,-2.3309546,-3.0409546,-4.2009544,-4.4909544,-3.5809546,-2.8509545,-2.1509545,-2.8109546,-3.2609546,-1.4309546,-2.8309546,-0.6409546,1.2390454,0.3490454,0.3990454,0.86904544,-0.9309546,0.25904542,3.4690454,-0.7709546,-0.5509546,-1.9509546
-0.7409546,-0.82095456,-1.3009546,-0.9709546,-1.4009546,-1.6409546,-1.6509546,-1.0309546,-2.0809546,-2.4009545,-3.6009545,-3.4309547,-2.7709546,-3.6209545,-4.3309546,-5.550955,-5.7209544,-3.3109546,-2.7209547,-1.5709546,-2.1209545,-3.6609545,-3.7009547,-3.4609547,-2.6609545,-2.9609547,-2.1209545,-1.9109546,-1.1409546,-0.9009546,-0.6009546,0.15904541,1.1390454,1.1490455,2.1190455,3.1890454,-1.2809546,1.3490454,2.7790453,2.2790453,-0.2209546
0.5290454,0.06904541,-0.43095458,-1.3009546,-1.9809546,-2.3409545,-1.5809546,-1.4609545,-1.7609546,-2.3109546,-3.5109546,-2.6209545,-3.0809546,-3.3309546,-3.7509546,-4.0309544,-4.5309544,-5.4809546,-4.6409545,-3.9109545,-3.2109547,-3.8309546,-3.0209546,-4.3509545,-3.0409546,-3.2009547,-2.4509547,-2.1509545,-1.7809546,-0.7209546,1.1590455,0.80904543,0.24904542,1.0690454,1.4890454,0.8390454,0.5890454,-1.8609546,-0.5409546,4.0190454,3.3890455
1.2490454,0.4690454,-0.2509546,-1.0009546,-2.0409546,-1.8509545,-1.6709546,-1.0009546,-1.3309546,-2.8509545,-1.9009546,-1.9209546,-3.0409546,-2.6609545,-2.8209546,-3.3909545,-4.0109544,-4.6609545,-4.6409545,-5.2609544,-4.4609547,-3.7509546,-4.4909544,-4.300955,-3.7209547,-2.7309546,-2.2809546,-1.9809546,-0.11095459,1.2490454,1.2790455,0.8490454,-0.17095459,0.3690454,2.1990454,1.3490454,0.8290454,2.3490455,1.6190454,1.6490455,0.44904542
0.8590454,1.2090454,0.9890454,0.8990454,0.28904542,-0.9509546,-1.1509546,-0.9609546,-1.5809546,-1.3609546,-1.2809546,-2.2509546,-2.3509545,-2.0109546,-2.3509545,-2.7609546,-2.8909545,-3.0409546,-2.6809547,-3.2909546,-3.3709545,-3.8009546,-3.9509547,-3.5209546,-3.4709547,-5.2109547,-4.820955,-3.4309547,2.4690454,2.5790453,2.0890455,1.6090454,0.61904544,0.5790454,0.2290454,0.09904541,1.2390454,2.8990455,2.6090455,2.3790455,0.74904543
1.7190454,1.9290454,1.9990454,1.0690454,0.9090454,0.1690454,0.07904541,0.4090454,-0.4709546,0.08904541,-0.4809546,-0.6509546,-0.46095458,-1.8109546,-2.0809546,-2.2209547,-2.1409545,-2.2209547,-2.2209547,-2.0609546,-1.8509545,-1.4309546,-0.8409546,-1.5409546,-3.3109546,-3.9009545,-4.6409545,-4.6009545,2.3690455,2.7590454,3.1190455,2.9090455,1.6090454,0.8390454,0.47904542,1.5790454,1.1590455,0.9790454,2.3290453,1.1890454,0.6490454
2.2790453,2.2390454,2.2590454,2.7990453,1.6690454,1.3390454,0.6990454,1.0890454,0.8890454,1.0190454,1.2890455,-0.04095459,-0.04095459,0.44904542,-1.6809546,-1.3509545,-1.5809546,-1.2109545,-1.2309546,-0.9509546,-1.1709546,-1.0109546,-1.5409546,-1.5409546,-1.7409546,-2.5609546,-3.1209545,-2.9709547,0.9890454,2.1090455,3.2990453,2.9690454,2.4790454,2.0990455,0.8590454,0.7290454,1.0390455,0.3390454,0.80904543,1.5090454,1.2290454
2.1590455,2.1790454,2.6190455,3.1690454,3.1790454,2.5190454,1.9590454,2.1490455,0.9890454,0.9790454,1.5290455,1.2390454,1.5590454,0.21904542,-0.82095456,-0.82095456,-1.5609546,-1.6809546,-1.1009545,-0.69095457,-0.50095457,-0.7209546,-1.3809546,-1.4709545,-0.82095456,-1.5509546,-1.4009546,-1.9809546,1.1590455,2.9690454,4.6690454,4.0290456,2.6190455,2.2390454,2.0390453,1.6790454,1.6090454,1.6190454,1.3790454,1.7590454,0.47904542
