wind_kz.json
{"header": {"discipline":0,"disciplineName":"Meteorological products","gribEdition":2,"gribLength":1025,"center":7,"centerName":"US National Weather Service - NCEP(WMC)","subcenter":0,"refTime":"2023-10-02T18:00:00.000Z","significanceOfRT":1,"significanceOfRTName":"Start of forecast","productStatus":0,"productStatusName":"Operational products","productType":1,"productTypeName":"Forecast products","productDefinitionTemplate":0,"productDefinitionTemplateName":"Analysis/forecast at horizontal level/layer at a point in time","parameterCategory":2,"parameterCategoryName":"UnknownDiscipline_0_Category_2","parameterNumber":3,"parameterNumberName":"UnknownParameter_D0_C2_3","parameterUnit":"Unknown","genProcessType":2,"genProcessTypeName":"Forecast","forecastTime":0,"surface1Type":103,"surface1TypeName":"Specified height level above ground","surface1Value":10.0,"surface2Type":255,"surface2TypeName":"Missing","surface2Value":0.0,"gridDefinitionTemplate":0,"gridDefinitionTemplateName":"Latitude_Longitude","numberPoints":615,"shape":6,"shapeName":"Earth spherical with radius of 6,371,229.0 m","gridUnits":"degrees","resolution":48,"winds":"true","scanMode":64,"nx":41,"ny":15,"basicAngle":0,"lo1":47.0,"la1":41.0,"lo2":87.0,"la2":55.0,"dx":1.0,"dy":1.0}, "data":
[rows 0 to 14 of 15, columns 0 to 40 of 41]
-0.36408937,-0.51408935,1.6259106,4.9059105,0.21591064,0.38591063,0.94591063,0.25591063,-0.9140894,-1.1340894,-1.6140894,-1.2640893,-1.4440894,-1.2540894,-1.9440894,-2.6240892,-2.4140894,-2.2040894,-2.2140894,-2.3840895,-2.1140893,-1.6140894,-1.9940894,-0.64408934,-0.63408935,0.5759106,-1.0040894,1.6759106,1.1759106,3.7159107,0.98591065,0.43591064,0.065910645,-5.6340895,0.53591067,1.6059107,-0.6740894,-1.1540893,1.1959107,-0.9240894,0.0059106443
3.4659107,-1.2940893,4.775911,3.5159106,-0.12408935,2.6259108,0.6559107,1.2959106,0.92591065,0.0059106443,-2.5240893,-4.204089,-4.2940893,-3.0940893,-4.5140896,-1.3540894,-2.1040893,-3.1240892,-2.8440893,-1.8540894,-0.5940893,-1.9640894,-1.2740893,1.8359107,1.2959106,1.9659107,-0.81408936,2.9059107,-0.30408937,2.4059107,2.3159106,4.1959105,0.79591066,-0.5940893,-0.7340894,-0.7840893,-0.87408936,-1.0140893,-0.51408935,-1.9340893,0.61591065
1.0359106,2.0859106,2.8459105,1.0759107,-0.51408935,2.9259107,3.2559106,2.8259106,0.75591063,-0.34408936,-1.1940894,-2.6940894,-3.7540894,-4.664089,-5.2640896,-2.9740894,-2.9940894,-4.3140893,-1.4740894,-2.6540895,-2.8440893,-1.6140894,-4.0040894,-1.1740893,-0.63408935,-1.0040894,-1.0840894,-0.83408934,0.14591065,-1.4440894,0.86591065,-0.63408935,1.2059107,-1.1340894,0.5159106,1.6759106,2.6859107,-1.1540893,0.25591063,0.78591067,0.85591066
0.56591064,1.5059106,2.9359107,3.5459106,0.5259106,2.6859107,4.7859106,4.0359106,3.9359107,2.2459106,-0.27408937,-2.0140893,-4.2740893,-5.5840893,-3.4340894,-4.1240892,-3.0940893,-4.664089,-2.6240892,-1.7240894,-3.5640893,-1.1140894,0.79591066,-2.9340894,-3.2440894,-3.5840893,-3.9540894,-2.3840895,-2.6540895,-2.8440893,-4.7740893,-3.4340894,-1.1340894,0.50591063,0.86591065,-3.2140894,-0.23408936,2.4759107,-0.20408936,0.41591063,1.1559106
-1.2840893,0.6559107,0.41591063,-0.43408936,1.9659107,3.6359107,3.0359106,5.4559107,5.7459106,2.8759108,1.9959106,-0.40408936,-2.6940894,-4.684089,-4.5740895,-3.4140894,-3.2540894,-3.4240894,-3.8240893,-2.2140894,-2.8640893,-2.4840894,-0.95408934,-2.8640893,-3.0640893,-2.7740893,-2.3840895,-2.3940895,-2.0240893,0.0059106443,-1.4240893,-3.7340894,2.0359106,3.3059106,-0.93408936,-1.2040894,0.62591064,-1.7640893,-2.0940893,-1.4740894,-2.1540895
1.9059106,-0.26408935,-0.23408936,-0.8540894,2.0959105,-0.42408934,3.8259106,3.4559107,5.0759106,4.815911,3.5459106,2.0859106,-0.13408935,-1.8440894,-2.9040895,-3.6640894,-1.3940893,-1.2240894,-2.5540893,-2.9540894,-3.1740894,-3.4540894,-3.3340893,-3.0940893,-2.7640893,-1.8540894,-0.35408935,-1.3540894,-3.3440893,1.0959107,0.61591065,-0.70408934,1.9359107,0.72591066,1.9259106,4.4059105,2.4059107,3.0759106,0.27591065,-1.9640894,-1.9740894
-1.3140893,2.6359107,2.2459106,1.2659106,1.3159107,1.9159106,4.4059105,5.1859107,2.8559105,2.8559105,1.3759106,0.22591065,-0.054089356,-1.7240894,-2.3740892,-3.5540893,-3.6340895,-2.5540893,-3.1040893,-1.1540893,-2.5240893,-2.5740893,-3.2440894,-4.454089,-3.3740892,-2.9140894,-0.81408936,-0.41408935,-0.96408933,2.7759106,1.1559106,1.2559106,-0.38408935,0.9659107,-0.46408936,-1.1940894,-2.8740892,-0.35408935,1.0859107,-0.6040894,0.86591065
0.36591065,0.47591063,2.1059105,3.5759106,2.9859107,2.3259106,4.5359106,3.9259107,2.9359107,3.5559106,2.3159106,1.9459107,-0.32408935,-0.87408936,-3.1440895,-2.6640894,-2.8640893,-2.7040894,-1.9940894,-0.82408935,-3.2540894,-4.2340894,-4.1940894,-5.0740895,-3.7040894,-2.1740894,-2.2340894,0.50591063,-0.12408935,1.6059107,-0.76408935,-1.0240893,-1.8240894,-3.3940895,0.055910643,0.08591065,-0.71408933,1.2059107,-0.62408936,0.055910643,-2.2540894
-1.4340893,2.1459107,1.5359106,1.6759106,1.5559106,3.1659107,6.7259107,5.9859104,3.1159105,4.6959105,2.9059107,2.1159105,1.2559106,0.24591064,-1.7240894,-1.6540893,-2.8040893,-0.7940894,-0.114089355,-1.3040893,-1.6340894,-3.2940893,-4.5140896,-5.1540895,-5.9840894,-4.644089,-4.6540895,-1.8940893,0.60591066,0.54591066,-0.47408935,-1.3440894,-0.90408933,-1.4240893,0.7159107,0.61591065,-2.5240893,0.21591064,1.2059107,0.23591064,-2.8240893
1.3259107,1.3759106,2.9259107,1.3959106,0.91591066,4.315911,4.6159105,4.1259108,4.1459107,3.5059106,3.4359107,3.1259108,2.3559105,1.5559106,0.75591063,-1.1740893,-1.8040893,-0.64408934,-0.39408934,-1.4740894,-3.1040893,-0.09408936,-3.1440895,-4.0240893,-4.5740895,-4.3840895,-3.8340893,-3.1740894,-3.0540893,-2.6140893,-2.0040894,-1.9340893,-2.1240892,-2.1040893,-1.0940894,-0.09408936,0.11591064,-2.6140893,-0.83408934,2.9859107,2.8859107
1.4659107,1.0559106,0.11591064,1.4859107,2.1159105,3.3159106,3.1659107,3.4959106,2.9859107,3.4159107,2.9359107,3.3359106,1.7159107,2.7859106,1.1359106,1.3459107,-1.1140894,0.66591066,1.0059106,-0.074089356,-1.0640893,-1.2740893,-2.2540894,-2.1940894,-2.7540894,-2.9740894,-2.9340894,-2.9840894,-2.3740892,-1.6440893,-2.0740893,-2.0940893,-2.7140894,-2.5440893,-2.7940893,-0.52408934,-0.17408936,1.9359107,0.87591064,1.0859107,-0.39408934
0.9059107,1.2359107,1.5359106,2.0259106,1.3759106,1.5659107,1.9659107,2.1059105,2.7359107,2.0959105,1.1259106,2.2359107,3.0459106,3.0359106,1.2359107,2.7159107,2.2459106,-0.69408935,1.0359106,2.3459105,1.4959106,0.38591063,-0.44408935,-0.74408937,-0.41408935,-1.2540894,-1.0540893,-1.7440894,-1.5540893,-1.4240893,-1.4240893,-2.0140893,-1.5540893,-1.8640894,-1.9240893,-2.9840894,-1.9840894,-0.18408936,0.84591067,1.0359106,0.46591064
1.9959106,2.3659105,1.8359107,2.0959105,2.5159106,1.6959107,1.3359107,2.0759106,2.9459107,1.7559106,1.3459107,1.5859107,3.5059106,3.0159106,2.2159107,3.0559106,3.0359106,2.5159106,0.91591066,1.5759107,1.7959106,2.4359107,2.1959107,1.6359106,1.6059107,1.4259106,1.1859107,0.41591063,0.025910644,-0.35408935,0.095910646,-0.39408934,-0.7840893,-1.0840894,-0.88408935,-1.0740894,-1.5540893,-1.0840894,-1.7240894,-1.1740893,-0.5340893
2.5559106,2.6459107,2.2859106,2.7259107,1.9059106,2.8959107,2.9959106,3.0459106,2.4759107,2.8459105,2.1059105,0.97591066,1.2959106,3.2959106,2.9759107,3.3959107,3.5559106,3.7359107,2.9359107,2.4759107,2.0159106,2.7159107,3.0259106,3.3459105,3.1659107,2.5959105,1.9659107,1.7459106,1.3559107,0.9559106,0.72591066,0.73591065,0.9659107,1.1259106,0.31591064,0.25591063,-0.32408935,-1.1540893,-1.2940893,-0.26408935,-0.63408935
-1.3340894,-2.6340895,3.0559106,3.6159105,3.2959106,2.8259106,3.4359107,3.2859106,3.2559106,2.6859107,2.0059106,4.065911,2.3159106,0.7659106,3.6659107,4.2159104,4.2459106,4.2659106,3.7259107,3.3859107,2.7959106,2.6759107,2.8859107,3.3959107,3.3659105,3.0959105,2.7959106,2.6459107,2.5359106,2.6659107,2.3159106,3.0659106,1.8359107,1.5759107,1.5459106,1.1759106,1.2959106,2.0059106,1.2959106,1.3559107,0.69591063
