wind_kz.json
{"header": {"discipline":0,"disciplineName":"Meteorological products","gribEdition":2,"gribLength":1025,"center":7,"centerName":"US National Weather Service - NCEP(WMC)","subcenter":0,"refTime":"2023-08-24T06:00:00.000Z","significanceOfRT":1,"significanceOfRTName":"Start of forecast","productStatus":0,"productStatusName":"Operational products","productType":1,"productTypeName":"Forecast products","productDefinitionTemplate":0,"productDefinitionTemplateName":"Analysis/forecast at horizontal level/layer at a point in time","parameterCategory":2,"parameterCategoryName":"UnknownDiscipline_0_Category_2","parameterNumber":3,"parameterNumberName":"UnknownParameter_D0_C2_3","parameterUnit":"Unknown","genProcessType":2,"genProcessTypeName":"Forecast","forecastTime":0,"surface1Type":103,"surface1TypeName":"Specified height level above ground","surface1Value":10.0,"surface2Type":255,"surface2TypeName":"Missing","surface2Value":0.0,"gridDefinitionTemplate":0,"gridDefinitionTemplateName":"Latitude_Longitude","numberPoints":615,"shape":6,"shapeName":"Earth spherical with radius of 6,371,229.0 m","gridUnits":"degrees","resolution":48,"winds":"true","scanMode":64,"nx":41,"ny":15,"basicAngle":0,"lo1":47.0,"la1":41.0,"lo2":87.0,"la2":55.0,"dx":1.0,"dy":1.0}, "data":
[rows 0 to 14 of 15, columns 0 to 40 of 41]
0.85355043,2.2835505,-1.0664496,1.1035504,0.9035504,-2.5664496,-2.2164495,-2.5664496,-1.3764496,-2.2164495,-3.4964495,-4.38645,-5.7564497,-5.7464495,-3.5464497,-2.6264496,-2.7364495,-0.9464496,-0.13644959,-1.6764495,-1.8564496,-2.4364495,-2.4964495,1.6735504,3.1135504,0.79355043,-0.096449584,0.6735504,-3.6464496,-2.8464496,-0.47644958,1.7935504,-2.5964496,3.5835505,1.0735505,-1.3464496,-2.0164497,-0.12644958,0.8035504,-0.4564496,0.6535504
-0.5064496,-3.1564496,-1.2464496,-0.06644958,-1.4564496,-3.3264496,-3.3564496,-3.2164495,-1.8664496,-1.8164496,-2.7764497,-2.6364496,-3.2464495,-5.2764497,-6.5064497,-6.3064494,-5.2164497,-0.6864496,-0.16644959,1.0735505,-0.6664496,-2.1964495,-1.0964496,0.42355043,2.6635504,3.7335503,4.0135503,-0.17644958,0.07355042,-1.9364495,-2.5064497,-3.7964497,0.3835504,-2.4964495,2.7035503,3.8435504,2.2635505,3.7735505,2.3735504,2.6035504,-0.07644959
-2.5864496,-3.7664497,-2.0164497,-2.3464496,-3.1164496,-3.6464496,-3.4364495,-3.2764497,-0.4964496,1.8335505,1.4935504,-0.4364496,-2.6364496,-4.63645,-5.3364496,-5.8264494,-5.1464496,-4.6664495,-1.9364495,-1.9064496,1.8735504,0.48355043,0.46355042,0.14355041,-3.9764495,-3.8164496,-3.3364496,-2.9964495,-1.2364496,-2.4764495,-2.0964496,-0.5164496,-2.3364496,-1.1564496,2.7735505,-1.3264496,-1.6964496,-1.0664496,-3.0264497,0.84355044,-0.52644956
-0.7864496,-1.9564496,-3.8964496,-5.4464498,-4.5564494,-3.4364495,-5.3764496,-4.3164496,-2.2264495,0.24355042,2.5735505,1.3835504,-1.5264496,-3.4164495,-6.2164497,-6.0964494,-5.4464498,-4.92645,-3.3764496,-0.7864496,1.1735504,3.9535503,-0.65644956,1.2835504,0.6835504,0.19355041,-1.1864495,2.1635504,-0.7564496,-2.0164497,2.0535505,3.1035504,1.6835504,0.7035504,1.2835504,2.3735504,0.21355042,1.2535504,-4.0264497,-3.7264495,-2.7164495
-1.0864496,-1.0564495,-1.3264496,-2.3464496,-3.4964495,-5.1164494,-7.1964498,-4.65645,-1.4864496,1.9035504,4.0435505,1.4435505,-0.7864496,-2.5364497,-4.0664496,-5.2864494,-5.2664495,-4.4564495,-3.3464496,-2.1464496,1.8235505,2.4435503,2.5735505,2.2735505,0.43355042,1.3635504,2.8235505,1.7235504,2.2835505,0.13355042,1.5635505,0.07355042,-0.5464496,-1.7264496,1.5835505,1.3335505,1.3935504,0.3535504,-0.5764496,-1.1064496,-2.7464495
-3.4464495,-0.7264496,3.2835505,0.5835504,-1.2464496,-4.9564495,-8.16645,-1.0464495,2.2535505,2.1735504,1.2735504,-0.7464496,0.48355043,-0.7264496,-3.6264496,-4.9164495,-4.6664495,-3.4364495,-2.3564496,-2.6764495,1.3935504,4.3135505,3.9835503,4.4235506,2.2635505,1.1935505,2.0735505,3.1035504,1.3735504,0.06355041,5.0835505,1.9635504,0.5535504,-1.6064496,-3.1564496,-2.5464497,-4.6864495,-3.8664496,1.9635504,0.60355043,-0.6364496
-5.0664496,-4.0264497,0.003550415,-1.2364496,-0.25644958,-2.1064496,-1.9364495,-0.4864496,-0.5964496,-0.8064496,-1.7564496,-1.9764496,-3.4264495,-4.63645,-5.3664494,-4.9364495,-4.0964494,-2.6964495,-2.1964495,-2.5164497,1.7835504,3.4235504,3.4135504,6.32355,4.3735504,1.3835504,2.0635505,3.6135504,3.9435503,4.5635505,5.8535504,5.0435505,4.0235505,2.6435504,1.2635504,1.9335504,3.5235505,2.2235503,-0.26644957,1.5235504,1.1335504
-3.4064496,-2.3764496,-1.8664496,-3.1564496,-2.5364497,-0.006449585,2.4635503,1.1035504,1.9835504,0.13355042,-1.4064496,-3.1264496,-4.4964495,-3.9764495,-4.5364494,-5.4164495,-5.5364494,-2.9264495,-1.8964496,0.6435504,0.7735504,3.6935503,1.7235504,0.18355042,3.0935504,4.11355,5.5435505,6.7735505,5.6335506,5.7135506,5.5235505,4.6635504,3.8635504,3.4035504,-0.12644958,-0.8164496,-1.0464495,-0.6964496,-0.65644956,-0.5464496,1.1635504
-2.6664495,-3.0264497,-2.5764496,-3.4064496,-0.036449585,0.78355044,1.3335505,-0.17644958,0.06355041,-1.2964495,-2.9664495,-3.5564497,-3.8864496,-4.1664495,-5.1264496,-5.88645,-5.7464495,-5.67645,-4.67645,-2.9664495,-0.38644958,1.5335504,3.1035504,1.9735504,-3.6764495,-0.086449586,0.8935504,6.7135506,7.7235503,6.2435503,6.6235504,6.3935504,4.5435505,3.2435503,1.9235504,-0.7364496,3.1135504,-0.28644958,2.7435503,2.6635504,1.6035504
-2.0164497,-0.8464496,-1.1464496,1.5935504,1.4735504,1.3735504,0.5635504,1.6235504,1.9535505,-0.18644959,-3.0364497,-2.5764496,-2.4364495,-3.0964496,-4.4564495,-5.9464498,-5.9164495,-6.1064496,-5.4364495,-4.8764496,-2.8364496,-1.1864495,0.18355042,4.0135503,7.7735505,0.7735504,-3.3964496,-0.8064496,1.8735504,2.0735505,3.8435504,5.9835505,4.1835504,4.8335505,4.9035506,1.5835505,1.7535504,2.1235504,1.0835505,-0.9864496,-0.9764496
-2.4264495,0.8735504,-1.3164496,-0.37644958,0.9935504,1.3335505,1.2335504,2.3435504,1.7835504,-0.77644956,-1.7564496,-2.5764496,-2.9764495,-3.0364497,-3.3264496,-4.7064495,-5.88645,-7.0764494,-7.0264497,-6.1864495,-5.1464496,-4.3064494,-0.11644959,-0.5564496,1.6935505,3.4735503,6.1235504,0.2835504,0.6535504,-1.4264495,3.5635505,4.7335505,5.2335505,4.8935504,5.7835503,4.2535505,1.8735504,0.6435504,0.9035504,1.2135504,-0.24644959
-1.5164496,-1.3864496,-1.0464495,-1.0364496,-1.4364495,-0.83644956,-0.006449585,0.2935504,0.4435504,0.033550415,-1.3464496,-2.0264497,-1.9364495,-2.3264496,-2.5964496,-3.5764496,-3.4064496,-3.8764496,-5.4664497,-6.67645,-5.7564497,-4.9864497,-4.90645,-3.0564497,1.0835505,0.8035504,1.6635504,-0.6164496,-3.7964497,-0.7864496,-1.2964495,3.0035505,4.5235505,5.9135504,5.9635506,4.7335505,2.1235504,-0.6864496,-1.7464496,-0.4064496,-0.4264496
-0.18644959,-1.6764495,-2.0764496,-2.5264497,-1.9564496,-1.4464496,-1.9764496,-1.4664496,-0.29644957,0.6435504,-0.12644958,-2.4564495,-2.2064495,-2.1964495,-1.3164496,-3.0264497,-4.1264496,-3.3864496,-3.3264496,-4.2064495,-4.9564495,-5.3364496,-4.3664494,-4.2864494,-4.3464494,-4.7864494,1.3135505,2.3035505,2.1235504,0.06355041,0.3435504,1.0535504,4.2835503,5.59355,7.4635506,6.3135505,4.3535504,2.4035504,2.6735504,1.5535504,1.0435504
-1.9564496,-1.9164495,-1.6164496,-1.5964496,-0.41644958,-0.8864496,-1.7864496,-1.5264496,-1.0764496,-0.6764496,-1.4864496,-2.0964496,-2.0064497,0.20355041,-1.1664495,-2.1964495,-3.1664495,-3.2664497,-3.7964497,-4.2964497,-3.1464496,-3.3464496,-4.1964498,-4.92645,-4.3964496,-4.65645,-2.7764497,2.6835504,1.7435504,1.8335505,1.5735505,0.9435504,2.8235505,6.2835503,5.59355,6.4435506,5.3935504,5.0035505,4.09355,2.5035505,2.1735504
-0.9364496,-0.9964496,-1.7964495,-2.1864495,-2.3564496,-1.8564496,-2.0764496,-2.1664495,-2.6964495,-2.1464496,-0.9864496,-1.7864496,-1.8664496,-2.5464497,-3.3164496,-2.6964495,-2.3664496,-2.5664496,-2.8264496,-2.6664495,-3.8864496,-3.9664495,-3.0564497,-3.7464495,-4.6964498,-4.5564494,-4.2964497,-2.0964496,-1.8164496,0.30355042,0.17355041,2.1835504,0.11355042,4.2735505,6.1035504,6.6935506,7.3135505,6.8735504,4.86355,4.1535506,2.3835504
