wind_kz.json
{"header": {"discipline":0,"disciplineName":"Meteorological products","gribEdition":2,"gribLength":871,"center":7,"centerName":"US National Weather Service - NCEP(WMC)","subcenter":0,"refTime":"2023-08-27T00:00:00.000Z","significanceOfRT":1,"significanceOfRTName":"Start of forecast","productStatus":0,"productStatusName":"Operational products","productType":1,"productTypeName":"Forecast products","productDefinitionTemplate":0,"productDefinitionTemplateName":"Analysis/forecast at horizontal level/layer at a point in time","parameterCategory":0,"parameterCategoryName":"UnknownDiscipline_0_Category_0","parameterNumber":0,"parameterNumberName":"UnknownParameter_D0_C0_0","parameterUnit":"Unknown","genProcessType":2,"genProcessTypeName":"Forecast","forecastTime":300,"surface1Type":1,"surface1TypeName":"Ground or water surface","surface1Value":0.0,"surface2Type":255,"surface2TypeName":"Missing","surface2Value":0.0,"gridDefinitionTemplate":0,"gridDefinitionTemplateName":"Latitude_Longitude","numberPoints":615,"shape":6,"shapeName":"Earth spherical with radius of 6,371,229.0 m","gridUnits":"degrees","resolution":48,"winds":"true","scanMode":64,"nx":41,"ny":15,"basicAngle":0,"lo1":47.0,"la1":41.0,"lo2":87.0,"la2":55.0,"dx":1.0,"dy":1.0}, "data":
[rows 0 to 14 of 15, columns 0 to 40 of 41]
307.85114,296.05115,303.15115,298.05115,297.95114,297.05115,307.15115,310.45114,305.85114,306.05115,304.15115,304.65115,303.85114,303.35114,302.95114,302.75116,302.85114,302.35114,302.95114,302.75116,305.65115,300.05115,300.05115,296.75116,301.55115,301.75116,297.85114,282.95114,286.35114,283.75116,282.95114,280.35114,292.25116,305.45114,306.85114,305.45114,305.05115,304.35114,303.45114,303.75116,302.05115
290.15115,299.65115,298.05115,298.25116,297.95114,296.65115,310.85114,306.55115,303.95114,303.35114,304.55115,303.55115,302.85114,301.25116,301.25116,302.05115,302.75116,302.45114,300.75116,300.95114,301.65115,300.45114,297.65115,291.15115,283.25116,283.45114,286.05115,281.65115,286.85114,279.25116,284.45114,278.15115,286.45114,268.45114,279.95114,301.75116,300.35114,302.85114,305.65115,296.65115,285.65115
302.05115,297.45114,298.35114,298.35114,296.55115,306.95114,305.35114,304.45114,302.95114,301.65115,302.35114,302.75116,300.85114,301.35114,301.25116,300.75116,300.35114,299.75116,299.75116,299.35114,299.95114,301.25116,296.95114,290.85114,295.35114,291.45114,286.35114,284.95114,284.25116,276.75116,271.25116,275.05115,278.75116,282.95114,288.35114,286.25116,277.75116,281.15115,283.25116,282.45114,282.05115
301.85114,297.45114,297.95114,297.25116,298.05115,305.15115,304.65115,303.85114,303.35114,303.25116,301.55115,298.55115,294.05115,293.25116,300.55115,300.55115,299.75116,299.55115,299.85114,299.05115,297.15115,293.35114,298.25116,297.35114,297.85114,298.15115,298.45114,295.55115,292.95114,290.85114,288.95114,285.55115,290.45114,288.25116,292.15115,288.25116,279.35114,283.05115,284.75116,294.55115,299.75116
303.95114,296.55115,297.15115,296.65115,300.95114,305.15115,305.85114,306.45114,305.15115,305.05115,303.55115,300.05115,293.45114,292.15115,290.35114,299.55115,299.55115,297.65115,296.95114,297.85114,298.25116,298.05115,296.75116,297.15115,297.05115,297.55115,295.95114,293.75116,295.65115,295.05115,295.25116,291.75116,278.95114,273.15115,285.05115,294.75116,293.45114,300.35114,298.75116,300.55115,303.25116
298.15115,297.95114,294.65115,295.05115,296.05115,295.35114,307.55115,306.55115,305.65115,304.65115,303.25116,301.45114,294.35114,293.25116,295.25116,295.85114,298.15115,297.95114,298.05115,298.65115,297.25116,295.65115,294.45114,294.45114,294.85114,293.95114,295.65115,291.65115,295.25116,296.25116,295.45114,294.35114,289.55115,288.95114,283.95114,289.15115,282.45114,285.15115,292.05115,299.45114,297.85114
299.75116,301.55115,302.25116,302.45114,299.45114,304.35114,304.65115,301.95114,301.75116,301.75116,302.35114,302.55115,301.65115,301.45114,298.95114,297.25116,296.45114,296.95114,296.95114,297.05115,295.85114,294.35114,293.05115,292.45114,291.35114,292.65115,293.15115,294.25116,295.35114,294.35114,294.15115,294.05115,292.75116,289.35114,290.35114,288.15115,284.35114,281.95114,281.25116,285.55115,289.85114
302.15115,302.35114,301.55115,301.65115,302.35114,301.35114,301.25116,299.85114,299.65115,301.05115,302.35114,301.35114,300.75116,300.25116,299.15115,297.85114,296.15115,295.55115,295.05115,293.45114,294.05115,293.35114,292.45114,291.35114,289.75116,287.25116,287.35114,289.15115,288.65115,290.85114,289.85114,290.15115,287.25116,284.55115,284.15115,284.65115,286.55115,289.35114,285.35114,287.05115,286.45114
301.75116,301.15115,300.25116,300.25116,299.25116,299.15115,299.85114,299.05115,299.25116,300.35114,301.15115,300.75116,300.35114,300.75116,297.55115,296.65115,295.05115,295.75116,293.55115,292.05115,289.85114,289.15115,288.95114,288.15115,286.35114,285.85114,283.75116,283.85114,282.95114,282.15115,284.45114,285.25116,285.25116,286.05115,284.95114,283.35114,282.65115,281.55115,276.95114,279.55115,278.65115
301.25116,300.55115,299.45114,298.85114,298.85114,299.05115,298.15115,298.65115,299.75116,299.05115,298.65115,298.15115,297.65115,296.65115,295.65115,294.65115,293.95114,293.65115,293.15115,292.15115,289.75116,288.95114,286.35114,285.85114,285.35114,283.65115,282.75116,282.75116,281.65115,281.95114,282.15115,285.05115,286.15115,286.65115,286.55115,285.45114,282.05115,277.65115,278.05115,277.05115,278.35114
299.45114,298.35114,297.45114,297.75116,296.85114,296.95114,296.45114,298.45114,297.35114,296.45114,295.15115,295.25116,295.35114,294.35114,293.95114,293.65115,292.65115,292.55115,292.35114,290.15115,288.45114,285.15115,284.85114,283.95114,283.55115,282.45114,280.75116,282.85114,283.15115,284.65115,284.35114,285.05115,284.15115,283.55115,284.55115,283.95114,277.75116,274.75116,275.85114,273.95114,274.35114
297.95114,296.75116,295.65115,297.55115,296.15115,295.85114,294.85114,295.25116,296.25116,294.25116,292.05115,292.55115,294.05115,292.15115,291.75116,291.65115,290.55115,289.95114,290.35114,287.45114,283.65115,283.55115,282.65115,283.15115,282.95114,283.65115,283.15115,284.15115,284.15115,284.15115,283.75116,283.45114,283.45114,281.25116,282.25116,283.25116,283.25116,282.65115,280.45114,279.95114,277.65115
293.45114,295.75116,296.35114,297.55115,295.65115,294.05115,295.35114,296.15115,294.95114,292.85114,288.55115,288.85114,291.85114,288.85114,290.25116,289.25116,288.75116,288.05115,289.15115,287.15115,284.55115,282.35114,281.25116,280.45114,281.65115,281.85114,283.85114,283.65115,283.25116,282.35114,283.15115,282.65115,282.05115,281.65115,281.85114,281.95114,283.25116,284.35114,282.55115,281.65115,280.15115
298.15115,298.55115,293.55115,297.15115,295.95114,294.85114,293.95114,292.45114,293.85114,292.45114,287.65115,284.95114,288.15115,288.55115,288.45114,288.35114,287.95114,287.45114,288.05115,287.45114,285.15115,285.15115,283.35114,282.15115,282.25116,282.25116,281.85114,282.45114,280.35114,281.85114,281.15115,279.75116,279.85114,279.55115,280.35114,281.05115,280.85114,280.75116,281.05115,279.75116,280.75116
294.65115,297.25116,289.55115,294.75116,294.45114,293.15115,292.75116,292.25116,292.85114,291.75116,288.35114,286.25116,284.45114,285.55115,286.75116,287.65115,287.55115,287.55115,288.35114,287.45114,286.95114,283.75116,282.95114,283.05115,282.45114,281.75116,281.05115,280.45114,279.85114,280.25116,279.95114,280.95114,278.45114,278.95114,279.45114,279.05115,279.95114,279.35114,280.35114,280.65115,280.05115
