wind_kz.json
{"header": {"discipline":0,"disciplineName":"Meteorological products","gribEdition":2,"gribLength":1025,"center":7,"centerName":"US National Weather Service - NCEP(WMC)","subcenter":0,"refTime":"2023-09-22T00:00:00.000Z","significanceOfRT":1,"significanceOfRTName":"Start of forecast","productStatus":0,"productStatusName":"Operational products","productType":1,"productTypeName":"Forecast products","productDefinitionTemplate":0,"productDefinitionTemplateName":"Analysis/forecast at horizontal level/layer at a point in time","parameterCategory":2,"parameterCategoryName":"UnknownDiscipline_0_Category_2","parameterNumber":2,"parameterNumberName":"UnknownParameter_D0_C2_2","parameterUnit":"Unknown","genProcessType":2,"genProcessTypeName":"Forecast","forecastTime":0,"surface1Type":103,"surface1TypeName":"Specified height level above ground","surface1Value":10.0,"surface2Type":255,"surface2TypeName":"Missing","surface2Value":0.0,"gridDefinitionTemplate":0,"gridDefinitionTemplateName":"Latitude_Longitude","numberPoints":615,"shape":6,"shapeName":"Earth spherical with radius of 6,371,229.0 m","gridUnits":"degrees","resolution":48,"winds":"true","scanMode":64,"nx":41,"ny":15,"basicAngle":0,"lo1":47.0,"la1":41.0,"lo2":87.0,"la2":55.0,"dx":1.0,"dy":1.0}, "data":
[rows 0 to 14 of 15, columns 0 to 40 of 41]
-0.71391296,0.50608706,0.09608704,-2.613913,-7.303913,-7.733913,-4.863913,-4.7039127,-4.733913,-3.653913,-3.0639129,-2.943913,-2.343913,-2.3139129,-2.673913,-2.113913,-2.633913,-1.283913,-2.373913,-1.6439129,-0.23391296,0.69608706,-1.0239129,0.736087,-0.73391294,-3.943913,-2.003913,2.806087,-1.793913,1.3860871,0.026087036,0.686087,0.34608704,-0.21391296,-4.083913,-3.173913,-0.47391295,-1.2539129,-1.7639129,1.336087,-2.213913
1.346087,0.936087,-6.673913,-4.283913,-6.143913,-6.283913,-3.133913,-4.213913,-3.343913,-2.703913,-1.803913,-3.5739129,-1.7639129,-1.453913,-1.543913,-2.113913,-2.223913,-1.843913,-0.38391295,0.076087035,1.4960871,-0.45391297,0.016087037,-0.043912962,1.9960871,1.456087,-0.38391295,2.396087,1.406087,-0.41391295,0.09608704,0.34608704,-1.0239129,-1.6239129,-0.09391297,1.946087,0.77608705,-0.08391296,-2.223913,0.49608704,-0.97391295
-1.973913,-6.9539127,-6.473913,-7.173913,-6.243913,-3.853913,-3.093913,-1.223913,-3.143913,-3.473913,-2.763913,-3.153913,-2.463913,-2.373913,-2.0539129,-2.233913,-1.723913,0.06608704,1.8860871,1.7360871,1.4860871,1.436087,-1.8639129,-0.43391296,0.53608704,0.566087,3.656087,4.226087,2.146087,1.536087,-0.643913,0.26608703,0.32608703,-0.33391297,0.546087,-0.873913,-0.48391297,-0.17391296,0.39608705,2.956087,1.436087
-6.723913,-8.463913,-8.093913,-7.393913,-5.303913,-3.193913,-2.5839128,-3.853913,-2.393913,-2.143913,-3.643913,-3.5739129,-3.923913,-3.3039129,-2.383913,-1.683913,-0.74391294,0.676087,1.326087,0.89608705,0.32608703,-0.44391295,3.386087,1.586087,1.6060871,2.376087,1.346087,4.356087,0.70608705,2.246087,2.576087,-1.7539129,-0.953913,-3.0539129,-3.143913,-2.483913,-2.173913,2.156087,0.32608703,2.456087,1.016087
-6.383913,-7.673913,-7.563913,-6.143913,-3.953913,-2.143913,-2.293913,-0.79391295,-1.1239129,-3.173913,-3.343913,-2.893913,-2.903913,-3.213913,-2.953913,-1.043913,-0.54391295,1.796087,0.22608703,-0.24391297,0.46608704,-0.633913,2.516087,1.2560871,2.556087,3.046087,0.06608704,-0.883913,-1.603913,-1.5139129,-0.503913,-1.6139129,-0.97391295,1.6360871,0.22608703,-0.013912964,-1.073913,2.636087,1.8660871,3.006087,0.70608705
-4.113913,-3.743913,-4.753913,-3.603913,-3.033913,-3.193913,-2.733913,-2.8339128,-1.8739129,-3.653913,-2.423913,-2.193913,-1.8939129,-2.3039129,-2.0639129,-0.033912964,-0.15391296,1.936087,0.14608704,-0.65391296,-2.463913,-1.6139129,0.046087038,-0.74391294,-1.733913,-2.643913,-2.213913,-2.253913,-2.3339128,-1.6339129,-2.0639129,-2.213913,-1.4939129,-1.333913,1.056087,1.8860871,1.4760871,1.766087,2.636087,4.216087,-2.533913
-3.213913,-2.3139129,-2.8239129,-3.153913,-2.403913,-2.893913,-2.403913,-3.3039129,-3.503913,-3.183913,-2.343913,-2.3139129,-1.6239129,-1.093913,0.036087036,1.166087,0.29608703,-0.23391296,-1.0239129,-1.2739129,-1.813913,-1.213913,-1.223913,-1.0239129,-2.483913,-2.723913,-1.563913,-1.223913,-0.873913,-1.7639129,-1.543913,-0.693913,-0.48391297,0.08608703,0.566087,-1.843913,-0.47391295,0.57608706,0.71608704,0.77608705,2.986087
-3.183913,-3.343913,-3.363913,-3.243913,-3.163913,-3.243913,-3.533913,-3.5539129,-3.023913,-2.793913,-1.5139129,-1.413913,-1.153913,-0.48391297,0.08608703,0.616087,-0.90391296,-1.2639129,-0.813913,-0.92391294,-0.65391296,-1.223913,-1.583913,-2.003913,-2.163913,-0.65391296,0.14608704,0.77608705,-0.25391296,-1.303913,-0.763913,0.64608705,0.06608704,1.086087,1.206087,2.146087,1.686087,2.366087,1.516087,3.026087,1.396087
-2.953913,-2.8339128,-2.863913,-2.793913,-2.953913,-2.673913,-2.373913,-2.243913,-1.953913,-0.99391294,-0.813913,0.52608705,1.096087,0.65608704,0.72608703,0.42608702,-0.22391297,-0.33391297,0.13608703,-0.72391295,-0.563913,-0.32391298,-1.0039129,-0.42391297,0.31608704,0.90608704,0.39608705,0.026087036,0.21608704,0.28608704,1.266087,0.40608704,3.296087,0.37608704,0.14608704,1.2260871,-0.933913,-0.39391297,-0.063912965,0.38608703,-0.763913
-1.533913,-1.1239129,-0.67391294,-1.033913,-1.343913,-1.653913,-1.943913,-0.80391294,0.32608703,0.34608704,2.406087,2.9160872,3.016087,3.136087,2.996087,2.816087,1.9760871,1.076087,0.046087038,-0.33391297,-0.573913,-0.013912964,0.936087,0.856087,1.336087,1.566087,0.63608706,-0.15391296,0.41608703,0.746087,0.876087,1.666087,1.816087,0.58608705,0.39608705,0.676087,-0.873913,-1.0039129,0.43608704,0.52608705,0.10608704
0.75608706,1.306087,1.536087,1.556087,1.7560871,1.576087,1.836087,1.776087,1.6160871,1.4860871,1.676087,2.026087,2.4260871,3.366087,3.776087,3.856087,3.736087,3.816087,2.836087,2.786087,2.4460871,1.656087,1.796087,1.696087,1.7460871,1.276087,1.916087,0.84608704,0.97608703,2.1860871,2.006087,2.086087,1.7460871,-0.013912964,-0.103912964,0.57608706,-0.20391296,-0.59391296,0.056087036,1.2560871,0.57608706
1.3760871,2.376087,3.146087,2.966087,3.276087,2.6960871,1.9960871,1.706087,1.516087,0.996087,0.76608706,3.386087,3.376087,3.726087,4.3160872,3.796087,4.026087,4.206087,2.596087,3.546087,3.346087,3.6760871,3.296087,3.256087,3.336087,3.216087,2.716087,2.406087,2.886087,2.6960871,2.296087,2.266087,1.306087,-0.003912964,0.88608706,0.25608703,1.436087,0.94608706,0.45608702,0.33608705,0.57608706
1.6360871,1.6260871,2.306087,2.856087,2.4160872,1.816087,1.7560871,1.436087,2.396087,0.83608705,0.58608705,1.8760871,2.6860871,3.816087,3.486087,3.4360871,3.146087,3.466087,2.646087,3.456087,2.726087,3.006087,3.856087,2.986087,4.386087,3.9260871,4.226087,4.076087,3.826087,3.406087,3.216087,3.066087,2.646087,2.4160872,0.736087,2.706087,2.996087,-0.13391297,1.076087,0.97608703,0.20608704
2.4460871,2.4360871,2.336087,3.1960871,1.656087,1.906087,2.096087,2.836087,2.816087,1.656087,0.556087,1.0060871,3.376087,4.496087,4.376087,3.806087,3.586087,3.296087,2.376087,4.0460873,4.366087,4.736087,5.666087,5.276087,5.006087,4.336087,4.056087,4.836087,3.566087,3.586087,3.276087,3.296087,2.956087,2.4360871,2.1960871,1.4760871,1.2460871,1.266087,-0.24391297,0.626087,-0.33391297
1.536087,2.656087,3.876087,2.826087,3.106087,3.126087,4.0460873,3.1660872,4.026087,3.506087,-0.29391298,3.9360871,2.986087,3.016087,5.176087,4.366087,4.576087,4.686087,3.016087,5.016087,5.036087,5.326087,5.246087,4.996087,4.976087,4.476087,4.486087,4.356087,4.006087,3.766087,4.126087,4.766087,2.856087,2.816087,2.636087,2.816087,1.446087,2.256087,2.096087,1.036087,-1.223913
