wind_kz.json
{"header": {"discipline":0,"disciplineName":"Meteorological products","gribEdition":2,"gribLength":1025,"center":7,"centerName":"US National Weather Service - NCEP(WMC)","subcenter":0,"refTime":"2023-09-20T18:00:00.000Z","significanceOfRT":1,"significanceOfRTName":"Start of forecast","productStatus":0,"productStatusName":"Operational products","productType":1,"productTypeName":"Forecast products","productDefinitionTemplate":0,"productDefinitionTemplateName":"Analysis/forecast at horizontal level/layer at a point in time","parameterCategory":2,"parameterCategoryName":"UnknownDiscipline_0_Category_2","parameterNumber":3,"parameterNumberName":"UnknownParameter_D0_C2_3","parameterUnit":"Unknown","genProcessType":2,"genProcessTypeName":"Forecast","forecastTime":120,"surface1Type":103,"surface1TypeName":"Specified height level above ground","surface1Value":10.0,"surface2Type":255,"surface2TypeName":"Missing","surface2Value":0.0,"gridDefinitionTemplate":0,"gridDefinitionTemplateName":"Latitude_Longitude","numberPoints":615,"shape":6,"shapeName":"Earth spherical with radius of 6,371,229.0 m","gridUnits":"degrees","resolution":48,"winds":"true","scanMode":64,"nx":41,"ny":15,"basicAngle":0,"lo1":47.0,"la1":41.0,"lo2":87.0,"la2":55.0,"dx":1.0,"dy":1.0}, "data":
[rows 0 to 14 of 15, columns 0 to 40 of 41]
0.03359619,-1.6264038,-0.04640381,-4.216404,-5.9964037,-5.1864038,-1.0464038,-1.4864038,-2.516404,-3.516404,-3.536404,-3.6264038,-3.9564037,-4.0564036,-4.0364037,-3.516404,-3.1764038,-4.3064036,-5.3264036,-1.7764038,-0.45640382,-1.5664039,-0.72640383,-1.9164038,-2.286404,0.12359619,-1.0664039,0.6835962,0.3735962,0.17359619,-1.6664038,-2.4564037,-0.66640383,-0.3764038,-1.7664038,0.8235962,0.7535962,0.2735962,-0.6264038,1.6435962,6.2135963
-0.1964038,0.71359617,-0.0064038085,-2.286404,-3.5964038,-1.9564039,-1.4364038,-1.5264038,-2.5864038,-4.166404,-4.816404,-5.776404,-4.486404,-3.786404,-4.3664036,-3.2464037,-0.8564038,-3.286404,-6.6864038,-5.236404,-3.9464037,-4.376404,-1.9664038,1.6435962,0.4235962,0.4035962,-2.256404,0.6235962,-0.7464038,-0.42640382,1.2635962,0.3335962,-1.6364038,-1.7464038,-4.316404,-2.036404,-2.5964038,-3.8464038,-2.6164038,-2.7164037,0.9435962
1.9735962,2.6235962,0.1835962,-3.1764038,-5.216404,-1.2064039,-1.4164038,-0.7064038,-1.4764038,-3.796404,-4.2264037,-4.2864037,-4.6864038,-4.5364037,-5.816404,-3.9264038,-2.516404,-0.5864038,-2.3064039,-3.1564038,-3.0664039,-5.136404,-4.8264036,-2.8164039,-1.7064039,-0.1764038,-1.1864038,-0.2564038,-1.1364038,0.4735962,3.3235962,1.0535961,1.3935962,-0.11640381,-1.3964038,1.3935962,1.1535962,-1.8264039,0.1835962,0.1635962,-0.8864038
-0.9864038,-1.6964039,-3.0864038,-3.6564038,-2.1964037,-2.1464038,-2.0864038,-1.0564038,0.08359619,-1.5364038,-3.6064038,-5.0764036,-6.656404,-5.856404,-5.1164036,-4.756404,-4.376404,-3.7364037,-3.8364038,-4.106404,-2.4364038,-5.1164036,-0.91640383,-3.6064038,-3.5564039,-3.786404,-3.4764037,-3.6164038,-1.3764038,-2.4764037,-4.1164036,-0.16640382,0.043596193,1.2235962,0.71359617,-1.4064038,-1.6264038,0.9535962,0.013596191,-0.5064038,-0.6364038
-1.6364038,-2.1564038,-2.6964037,-2.8764038,-2.5764039,-1.6564038,-1.5164038,-0.8964038,0.5735962,-0.4964038,-2.4564037,-4.2064037,-4.816404,-4.876404,-5.406404,-3.8064039,-3.6864038,-3.6764038,-3.7364037,-3.7064037,-1.8964038,-0.8364038,-0.4164038,-1.6564038,-1.8664038,-2.0864038,-2.8064039,-1.8064038,-1.3564038,-2.7364037,-4.8064036,-3.3364038,1.6235962,1.1935962,0.32359618,-0.5864038,-0.3164038,-0.4464038,1.9035962,1.5735962,0.17359619
-0.2564038,-1.1164038,-2.1164038,-1.6064038,-1.8564038,-0.91640383,-1.2564038,-0.7464038,0.6435962,1.1935962,-0.9664038,-3.046404,-4.5964036,-5.3264036,-4.506404,-3.4864037,-2.9164038,-2.9464037,-3.3064039,-3.7464037,-3.8764038,-1.7764038,1.5835962,0.90359616,0.043596193,-1.5164038,-2.2064037,-3.0864038,-2.4564037,-3.036404,-4.5564036,-5.086404,-5.656404,-2.8964038,1.2335962,-0.03640381,2.1335962,0.023596192,-0.07640381,-0.11640381,1.3835962
1.6635962,2.0535963,1.1235962,0.6435962,0.1335962,0.8235962,0.3035962,-0.3764038,-0.18640381,-0.7664038,-1.6864038,-1.6864038,-2.7064037,-3.4164038,-3.9464037,-4.6164036,-3.4264038,-1.9264038,-2.0864038,-1.9764038,-3.006404,-4.2264037,-4.296404,-2.0864038,-0.7464038,0.8535962,-0.4064038,-1.9164038,-3.3764038,-2.526404,-3.516404,-6.046404,-8.206404,-6.2864037,-1.6964039,-1.9164038,-3.4664037,-3.2064037,-1.6464038,-2.286404,0.013596191
2.1335962,0.013596191,-0.15640381,-0.5664038,0.5335962,0.7335962,0.3635962,0.3435962,0.65359616,0.2135962,0.23359619,-0.30640382,-1.3264039,-1.8464038,-3.026404,-3.1264038,-3.5864038,-3.5964038,-1.8264039,-0.5564038,-1.8864038,-2.7464037,-3.8064039,-2.5964038,-1.6664038,-0.5264038,-0.7664038,-0.11640381,-0.66640383,-2.6664038,-2.9864037,-3.0564039,-3.8364038,-5.396404,-2.4264038,-1.2264038,-1.0164038,-3.0964038,0.7435962,0.3035962,-1.7764038
1.8035961,0.5935962,-0.39640382,0.023596192,0.5435962,0.7835962,0.7535962,0.58359617,1.0635962,1.2435962,0.8735962,0.41359618,-0.13640381,-1.0964038,-1.5064038,-2.0664039,-2.046404,-2.4964037,-2.3164039,0.12359619,0.6935962,-1.1964039,-2.2164037,-2.8264039,-1.9164038,-0.07640381,-0.33640382,-0.5064038,-0.3864038,-0.09640381,-0.97640383,-2.1964037,-1.8364038,-2.4264038,-2.6064038,-2.4464037,-3.1064038,-1.2064039,-1.1964039,-1.2464038,-3.7264037
1.7535962,0.5935962,-1.8364038,1.9535962,2.1335962,1.9035962,1.3535962,1.0135962,1.4635962,1.5835962,1.7135962,0.96359617,1.4535962,1.2335962,0.4335962,-1.0264038,-0.72640383,-1.9864038,-2.1164038,-1.1064038,-0.106403805,0.09359619,-0.3764038,-0.8764038,-1.7964038,1.3035961,0.29359618,0.09359619,0.3935962,0.3035962,0.9935962,-0.15640381,-0.4064038,-2.1664038,-2.4664037,-0.7964038,0.3035962,-2.526404,-1.6664038,2.4435961,2.3435962
-1.0164038,1.6135962,-1.4964038,2.1335962,1.1535962,2.5635962,2.9435961,2.3235962,1.8735962,0.7035962,0.8535962,0.10359619,0.26359618,-1.1164038,0.38359618,0.2835962,-0.5564038,-2.286404,-2.4964037,0.6035962,1.4535962,-0.30640382,-0.9364038,0.1635962,-0.42640382,1.4135962,0.8135962,1.6235962,0.9335962,2.1635962,1.9635962,0.96359617,0.09359619,-1.1064038,-2.8264039,-2.4664037,-0.9064038,1.9935962,1.0935962,0.9435962,-0.15640381
0.8035962,2.2635963,1.5635962,0.12359619,2.0235963,1.0335962,0.8635962,1.4035962,1.4935962,0.9335962,0.5535962,1.4035962,1.6635962,1.7935961,0.5435962,1.2835962,1.6035962,0.2735962,-0.2964038,-0.9664038,-1.5964038,1.2235962,0.1335962,0.5435962,1.2135962,1.8235962,2.2835963,2.6535962,2.4435961,2.6335962,2.483596,2.473596,0.77359617,0.90359616,-0.4764038,-1.7064039,-1.4164038,0.7035962,1.7535962,1.5235962,1.1435962
1.6335962,1.0835962,1.6635962,1.5235962,2.6335962,1.2135962,0.96359617,0.9135962,1.3335962,0.5635962,-0.13640381,0.3635962,2.3535962,1.0235962,1.5935962,0.6935962,-0.4064038,0.35359618,1.2935961,1.0735962,1.6135962,1.1335962,0.2535962,1.3835962,0.7235962,2.993596,3.3735962,3.2735963,2.983596,3.0235963,3.1235962,3.0935962,2.6135962,1.4435962,2.2535963,1.5435961,0.7035962,0.8535962,1.2535962,0.7335962,0.4635962
1.7435962,0.90359616,1.1535962,2.3935962,1.1235962,2.213596,1.7035962,2.213596,1.8135962,1.7535962,0.9935962,-0.2064038,-0.36640382,1.0535961,0.83359617,1.3035961,0.8835962,0.58359617,0.14359619,-0.24640381,-0.09640381,0.8835962,1.1335962,1.9235961,1.1935962,2.7735963,3.3135962,3.5835962,3.4035962,3.453596,3.3935962,3.223596,3.2935963,2.9435961,1.9335961,1.9935962,1.6635962,1.9435962,1.5935962,1.5735962,2.2735963
2.4035962,2.4135962,2.213596,2.9435961,2.233596,2.1235962,3.0535963,2.5035963,2.713596,2.3835962,1.1335962,2.0435963,1.9135962,-0.2064038,0.7035962,0.5535962,0.9735962,0.8935962,0.5735962,0.4635962,0.23359619,0.3335962,0.2735962,1.6535962,2.1335962,2.993596,3.7535963,3.6435962,3.8435962,3.7735963,3.9435961,4.643596,3.0735962,3.0835962,2.703596,2.6135962,2.1835961,3.0335963,2.5635962,2.5435963,1.5135962
