wind_kz.json
{"header": {"discipline":0,"disciplineName":"Meteorological products","gribEdition":2,"gribLength":948,"center":7,"centerName":"US National Weather Service - NCEP(WMC)","subcenter":0,"refTime":"2023-08-10T18:00:00.000Z","significanceOfRT":1,"significanceOfRTName":"Start of forecast","productStatus":0,"productStatusName":"Operational products","productType":1,"productTypeName":"Forecast products","productDefinitionTemplate":0,"productDefinitionTemplateName":"Analysis/forecast at horizontal level/layer at a point in time","parameterCategory":0,"parameterCategoryName":"UnknownDiscipline_0_Category_0","parameterNumber":0,"parameterNumberName":"UnknownParameter_D0_C0_0","parameterUnit":"Unknown","genProcessType":2,"genProcessTypeName":"Forecast","forecastTime":180,"surface1Type":1,"surface1TypeName":"Ground or water surface","surface1Value":0.0,"surface2Type":255,"surface2TypeName":"Missing","surface2Value":0.0,"gridDefinitionTemplate":0,"gridDefinitionTemplateName":"Latitude_Longitude","numberPoints":615,"shape":6,"shapeName":"Earth spherical with radius of 6,371,229.0 m","gridUnits":"degrees","resolution":48,"winds":"true","scanMode":64,"nx":41,"ny":15,"basicAngle":0,"lo1":47.0,"la1":41.0,"lo2":87.0,"la2":55.0,"dx":1.0,"dy":1.0}, "data":
[rows 0 to 14 of 15, columns 0 to 40 of 41]
316.00748,302.40747,311.40747,299.40747,299.70746,298.80746,315.30746,325.20746,321.70746,321.60748,321.70746,320.90747,320.60748,320.50748,319.90747,321.30746,320.60748,321.30746,327.90747,323.90747,325.80746,320.60748,319.30746,318.50748,319.60748,317.80746,316.60748,306.80746,306.00748,300.70746,302.70746,300.70746,313.00748,325.00748,330.20746,329.60748,330.50748,330.20746,330.80746,329.70746,330.10748
292.70746,307.00748,299.30746,300.20746,299.90747,298.00748,325.40747,321.60748,319.30746,318.80746,321.80746,320.80746,322.10748,321.10748,322.60748,322.30746,323.10748,325.30746,324.50748,325.90747,326.10748,321.90747,319.60748,311.20746,301.10748,300.80746,311.20746,307.50748,307.00748,294.90747,298.80746,291.80746,304.60748,278.20746,300.70746,317.50748,317.90747,319.50748,322.30746,313.20746,287.70746
313.60748,299.40747,300.10748,300.00748,297.20746,318.60748,318.00748,319.30746,317.50748,316.90747,317.90747,319.30746,320.50748,323.90747,322.70746,324.00748,323.00748,321.60748,322.40747,323.90747,322.50748,322.60748,324.50748,319.40747,319.60748,318.80746,318.80746,316.70746,315.90747,304.30746,298.60748,298.40747,305.90747,306.20746,310.50748,305.10748,300.40747,298.50748,303.10748,297.60748,298.00748
315.50748,299.90747,300.40747,299.60748,303.80746,319.50748,318.20746,320.00748,319.80746,319.00748,318.80746,317.60748,297.40747,296.70746,323.80746,325.40747,320.90747,323.80746,321.90747,323.90747,318.80746,315.60748,318.40747,318.80746,320.30746,318.30746,319.60748,317.10748,316.90747,318.80746,328.60748,319.60748,321.50748,330.30746,325.90747,314.70746,300.60748,300.60748,301.20746,310.80746,312.80746
315.40747,300.10748,300.60748,300.40747,307.90747,317.30746,320.00748,321.40747,318.80746,320.50748,319.60748,318.70746,297.30746,296.00748,293.50748,321.50748,322.20746,317.90747,318.00748,317.70746,318.60748,320.70746,320.20746,318.90747,319.90747,320.40747,318.30746,312.40747,320.70746,318.60748,320.20746,316.60748,307.20746,299.40747,303.60748,313.60748,309.40747,320.50748,319.80746,316.40747,315.30746
314.60748,313.20746,299.30746,299.80746,300.30746,299.40747,322.80746,318.90747,317.00748,319.00748,320.30746,316.50748,299.20746,296.30746,308.80746,319.40747,318.90747,319.60748,318.10748,319.80746,319.50748,317.40747,319.80746,319.30746,319.80746,318.80746,318.60748,294.60748,318.10748,316.50748,317.60748,315.70746,317.20746,316.50748,311.70746,312.10748,307.60748,308.90747,321.90747,322.20746,316.30746
314.20746,314.80746,315.60748,316.70746,312.20746,317.10748,320.40747,318.60748,317.90747,317.00748,317.30746,315.20746,313.50748,314.70746,321.10748,315.50748,315.20746,314.20746,317.00748,320.10748,319.50748,317.70746,318.90747,319.40747,316.90747,315.90747,317.30746,318.10748,318.80746,319.60748,317.70746,315.90747,316.70746,317.70746,320.70746,318.20746,310.10748,307.70746,303.40747,302.20746,314.20746
314.50748,315.10748,314.90747,315.00748,317.40747,317.20746,318.30746,315.20746,312.00748,312.20746,317.20746,313.80746,316.30746,311.80746,320.50748,317.10748,315.70746,314.90747,311.80746,313.20746,318.60748,318.70746,317.90747,316.20746,316.60748,313.50748,311.10748,313.30746,310.00748,311.80746,311.60748,311.50748,311.50748,308.30746,309.70746,314.80746,315.90747,290.00748,313.20746,315.60748,311.70746
314.90747,314.80746,315.00748,314.30746,314.30746,316.10748,315.50748,314.20746,311.40747,314.60748,315.40747,314.10748,313.40747,316.30746,314.30746,317.80746,314.70746,314.60748,315.90747,306.80746,311.40747,314.10748,316.80746,315.10748,312.60748,312.80746,311.00748,310.40747,307.20746,305.40747,306.50748,305.40747,307.10748,307.50748,308.70746,305.50748,308.50748,302.00748,298.70746,293.80746,297.30746
312.40747,313.40747,313.60748,312.90747,311.70746,313.70746,312.60748,311.70746,310.90747,311.50748,312.10748,311.80746,313.30746,308.10748,313.70746,314.10748,311.50748,314.40747,313.00748,314.10748,299.80746,313.10748,314.30746,312.70746,311.80746,308.30746,308.00748,306.30746,303.80746,304.00748,304.50748,305.80746,307.20746,307.40747,308.50748,306.10748,297.60748,296.20746,298.60748,295.30746,292.70746
308.20746,308.90747,309.20746,310.80746,309.60748,309.60748,310.00748,308.50748,306.90747,305.00748,311.20746,311.30746,309.20746,310.00748,310.70746,311.40747,308.80746,307.00748,301.50748,309.60748,314.00748,312.70746,310.70746,308.90747,308.30746,307.40747,304.40747,306.40747,306.10748,309.00748,309.00748,309.20746,307.50748,303.80746,303.00748,300.70746,295.60748,294.40747,297.70746,290.80746,292.30746
300.80746,307.60748,307.90747,302.90747,302.90747,307.50748,308.70746,307.90747,308.90747,306.70746,307.50748,303.60748,306.80746,306.10748,307.20746,302.20746,300.60748,306.30746,302.40747,308.40747,307.60748,308.20746,309.60748,309.60748,306.50748,306.90747,308.00748,309.20746,309.80746,307.60748,305.80746,307.40747,303.70746,302.90747,299.00748,299.70746,298.00748,297.40747,295.30746,295.80746,290.90747
297.10748,302.30746,307.00748,307.80746,305.00748,304.90747,308.30746,309.40747,307.50748,304.50748,300.40747,301.30746,303.10748,304.10748,303.90747,305.10748,305.90747,302.90747,308.00748,308.80746,302.80746,308.50748,308.00748,306.40747,308.00748,309.50748,309.10748,307.10748,306.90747,303.80746,305.50748,303.30746,303.10748,304.50748,300.90747,296.70746,297.20746,297.50748,296.60748,295.80746,291.90747
297.40747,299.70746,295.90747,301.30746,304.40747,307.10748,306.40747,304.20746,303.80746,304.20746,300.50748,298.80746,302.40747,301.50748,302.00748,303.30746,304.80746,306.90747,311.70746,310.50748,310.70746,310.30746,306.40747,306.50748,306.80746,308.20746,306.60748,304.40747,302.00748,303.30746,303.60748,302.10748,301.40747,300.30746,297.90747,296.70746,295.50748,295.00748,295.90747,292.80746,292.50748
298.00748,298.90747,292.80746,300.60748,297.80746,302.60748,305.60748,307.20746,305.80746,310.10748,302.70746,301.30746,300.50748,301.30746,302.20746,305.30746,308.20746,313.20746,313.10748,309.60748,308.00748,307.40747,306.50748,305.20746,305.70746,305.10748,304.20746,303.60748,300.10748,301.60748,298.10748,294.90747,299.80746,298.00748,297.50748,296.80746,296.10748,294.00748,293.40747,294.80746,293.90747
