wind_kz.json
{"header": {"discipline":0,"disciplineName":"Meteorological products","gribEdition":2,"gribLength":1102,"center":7,"centerName":"US National Weather Service - NCEP(WMC)","subcenter":0,"refTime":"2024-03-19T18:00:00.000Z","significanceOfRT":1,"significanceOfRTName":"Start of forecast","productStatus":0,"productStatusName":"Operational products","productType":1,"productTypeName":"Forecast products","productDefinitionTemplate":0,"productDefinitionTemplateName":"Analysis/forecast at horizontal level/layer at a point in time","parameterCategory":2,"parameterCategoryName":"UnknownDiscipline_0_Category_2","parameterNumber":2,"parameterNumberName":"UnknownParameter_D0_C2_2","parameterUnit":"Unknown","genProcessType":2,"genProcessTypeName":"Forecast","forecastTime":180,"surface1Type":103,"surface1TypeName":"Specified height level above ground","surface1Value":10.0,"surface2Type":255,"surface2TypeName":"Missing","surface2Value":0.0,"gridDefinitionTemplate":0,"gridDefinitionTemplateName":"Latitude_Longitude","numberPoints":615,"shape":6,"shapeName":"Earth spherical with radius of 6,371,229.0 m","gridUnits":"degrees","resolution":48,"winds":"true","scanMode":64,"nx":41,"ny":15,"basicAngle":0,"lo1":47.0,"la1":41.0,"lo2":87.0,"la2":55.0,"dx":1.0,"dy":1.0}, "data":
[rows 0 to 14 of 15, columns 0 to 40 of 41]
-0.47560912,1.2543908,1.5043908,6.934391,8.794391,10.204391,9.964391,9.144391,8.354391,8.124391,8.834391,8.594391,9.134391,10.28439,8.864391,6.034391,3.6443908,0.55439085,3.6943908,7.0443907,5.244391,1.7343909,2.7043908,-1.3656092,-1.0356091,-2.025609,-3.1156092,-3.715609,-1.2056091,0.53439087,0.7043909,0.67439085,0.39439088,-0.7356091,-1.8556092,-2.255609,-1.7556092,-1.4856092,-1.9656091,-3.7956092,-6.845609
1.5843909,-1.5556091,4.244391,7.914391,8.924391,8.604391,6.414391,2.1943908,0.55439085,2.7143908,0.25439087,-0.9256091,-0.58560914,-0.30560914,0.39439088,-2.8556092,-4.775609,-4.095609,-2.8156092,-4.145609,-2.6256092,-2.485609,1.8343909,-0.30560914,-0.81560916,0.5143909,-0.8056091,-1.1556091,-0.21560913,-0.8456091,-0.005609131,-0.38560912,0.9543909,0.62439084,-0.63560915,0.03439087,-1.0056092,-3.975609,-2.0356092,-2.925609,-1.3956091
3.774391,6.534391,8.32439,7.5843906,8.084391,5.0243907,-1.3456092,-1.7856091,-5.055609,-6.215609,-6.675609,-7.9356093,-7.675609,-8.135609,-8.615609,-6.885609,-6.585609,-6.645609,-6.425609,-6.805609,-8.065609,-11.035609,-7.025609,-6.055609,-1.8356091,-4.7456093,-4.0356092,-2.435609,1.9543909,-0.7356091,-0.03560913,-0.82560915,-0.69560915,0.62439084,0.0043908693,1.3143909,1.1943909,0.014390869,2.764391,4.0843906,1.9643909
5.7943907,8.874391,8.174391,6.5043907,4.654391,1.7543908,-0.105609134,-5.585609,-7.0356092,-9.155609,-10.475609,-11.405609,-10.855609,-11.185609,-11.155609,-9.825609,-9.21561,-8.475609,-7.2056093,-6.9956093,-6.485609,-4.835609,-7.275609,-10.115609,-10.515609,-9.875609,-10.205609,-12.625609,-6.525609,-1.9356091,-1.8456092,-3.5456092,-5.2256093,-4.2056093,-3.015609,-0.8056091,-0.18560913,1.4943908,-1.1756091,0.6943909,-1.5656091
6.244391,7.0243907,5.324391,2.514391,2.6643908,-1.3556092,-5.715609,-6.9556093,-7.1856093,-9.655609,-10.865609,-12.495609,-11.915609,-12.365609,-11.905609,-11.735609,-11.895609,-12.775609,-13.585609,-14.455609,-16.08561,-12.295609,-12.245609,-12.105609,-12.415609,-11.985609,-14.535609,-8.185609,-8.275609,-7.645609,-7.485609,-2.975609,-0.6156091,1.3743908,-3.015609,-1.5356091,-2.2856092,-5.4556093,-4.095609,-4.625609,-4.155609
5.864391,3.6343908,0.12439087,-1.8056091,-4.5356092,-5.195609,-8.195609,-7.4756093,-7.6856093,-9.705609,-11.405609,-12.645609,-11.815609,-10.585609,-11.555609,-12.885609,-14.365609,-14.035609,-14.815609,-12.635609,-14.155609,-11.805609,-11.395609,-12.315609,-12.695609,-14.405609,-10.935609,-6.2656093,-9.365609,-9.015609,-8.92561,-6.735609,-6.405609,-5.645609,-3.3756092,-0.46560913,0.11439087,0.014390869,-0.9356091,0.25439087,-0.5356091
4.284391,3.294391,-0.90560913,-4.065609,-5.135609,-6.025609,-7.365609,-7.325609,-9.445609,-10.485609,-10.245609,-11.415609,-11.015609,-11.71561,-11.625609,-11.46561,-11.725609,-11.895609,-11.915609,-12.7556095,-11.545609,-9.985609,-9.775609,-9.895609,-9.555609,-8.415609,-6.2256093,-8.395609,-8.655609,-7.865609,-8.745609,-8.395609,-6.6656094,-1.9656091,-2.8056092,-1.4256091,0.17439087,-0.8656091,3.1143909,0.59439087,0.7543909
3.8943908,0.85439086,-3.195609,-4.485609,-5.5356092,-6.525609,-6.805609,-7.085609,-7.815609,-8.655609,-9.065609,-11.585609,-10.045609,-10.725609,-9.025609,-9.845609,-9.17561,-9.795609,-9.185609,-12.615609,-9.955609,-8.605609,-7.135609,-6.635609,-6.615609,-4.655609,-5.6856093,-6.055609,-6.105609,-4.2656093,-6.2256093,-3.275609,-4.375609,-4.065609,-3.8556092,-0.03560913,1.5743909,6.154391,6.0843906,5.554391,2.484391
0.68439084,-2.7856092,-4.7456093,-5.095609,-5.595609,-5.965609,-6.075609,-7.115609,-6.895609,-7.625609,-8.17561,-7.215609,-8.17561,-7.755609,-8.405609,-7.305609,-7.7656093,-7.905609,-6.485609,-6.575609,-9.355609,-7.095609,-6.2856092,-5.2056093,-5.595609,-3.8156092,-2.255609,-3.1156092,-1.7956091,-1.8756092,-3.225609,-2.965609,-2.8756092,-2.505609,-1.9656091,0.86439085,-0.31560913,-2.505609,-0.39560914,1.0243908,1.3343909
-2.4056091,-4.735609,-4.595609,-4.9956093,-5.105609,-5.525609,-6.545609,-6.505609,-5.255609,-6.865609,-7.1856093,-8.585609,-6.075609,-5.485609,-6.025609,-4.805609,-5.7056093,-6.925609,-5.755609,-5.565609,-7.465609,-5.9356093,-4.755609,-4.875609,-5.0156093,-5.255609,-5.775609,-4.985609,-3.755609,-2.5656092,-1.4356091,-1.1956091,-0.7256091,-0.21560913,-0.35560912,-0.7856091,1.5343909,0.47439086,1.4543909,1.0343909,1.1743909
-3.8156092,-4.0356092,-4.545609,-5.335609,-4.6656094,-5.7456093,-4.625609,-6.4556093,-5.5156093,-6.4556093,-6.075609,-5.2456093,-4.055609,-5.965609,-4.945609,-4.585609,-5.4356093,-4.395609,-5.4756093,-6.385609,-5.635609,-4.5156093,-4.4556093,-4.355609,-3.435609,-2.955609,-2.745609,-2.965609,-2.2956092,-1.4756092,-0.29560912,0.18439087,1.6743909,1.5243908,1.1543908,0.6543909,1.1243908,1.2143909,0.74439085,0.14439087,1.7443908
-3.255609,-3.515609,-4.315609,-4.755609,-5.465609,-4.965609,-4.715609,-6.395609,-4.825609,-4.135609,-6.155609,-3.775609,-3.195609,-3.735609,-2.9056091,-3.445609,-3.445609,-3.5456092,-4.9156094,-3.5556092,-4.175609,-3.6156092,-3.1656091,-1.6156092,-1.3756092,-0.25560912,0.13439088,-0.17560913,0.61439085,1.4643909,1.6743909,1.9743909,2.9243908,2.294391,2.294391,2.804391,4.164391,4.444391,2.034391,1.6143909,1.4643909
-1.7156091,-1.8256091,-3.0356092,-3.465609,-3.8556092,-3.265609,-3.8856091,-4.2056093,-4.4956093,-4.025609,-2.755609,-3.445609,-0.9156091,-1.8456092,-1.3856091,-1.9256091,-1.8856091,-2.5756092,-2.0756092,-1.9956092,-1.6556091,-1.0256091,-0.51560915,-0.23560913,0.48439085,1.5243908,1.6743909,2.6643908,2.974391,3.034391,3.3643909,3.474391,3.3443909,3.2143908,3.4643908,3.794391,3.574391,2.774391,3.754391,3.6843908,3.4543908
-1.4756092,-1.6556091,-1.3756092,-2.8556092,-3.6056092,-3.0356092,-2.5956092,-2.6156092,-1.5356091,-1.4756092,-1.9956092,-1.9056091,-0.17560913,0.7143909,0.5743909,-0.005609131,-0.52560914,-0.57560915,-0.76560915,-0.37560913,0.37439087,0.7143909,0.48439085,1.4643909,2.044391,2.3343909,3.064391,3.6643908,3.764391,3.8743908,3.974391,3.9243908,4.164391,4.554391,3.6743908,3.9443908,3.544391,3.6043909,3.474391,3.234391,2.994391
-0.64560914,-2.435609,-0.95560914,-1.9356091,-1.9656091,-0.04560913,-0.94560915,-1.1556091,-1.3256091,-0.8556091,-0.87560916,-0.94560915,-0.36560914,0.84439087,1.8243909,1.0243908,0.8243909,1.2343909,0.8343909,1.0543909,1.2143909,1.7243909,1.9543909,2.4643908,2.8543909,3.1143909,2.974391,3.2043908,2.984391,3.544391,3.1743908,3.514391,4.204391,4.014391,4.184391,4.144391,3.0943909,4.2143908,2.9543908,2.4443908,2.254391
