wind_kz.json
{"header": {"discipline":0,"disciplineName":"Meteorological products","gribEdition":2,"gribLength":1025,"center":7,"centerName":"US National Weather Service - NCEP(WMC)","subcenter":0,"refTime":"2023-08-06T06:00:00.000Z","significanceOfRT":1,"significanceOfRTName":"Start of forecast","productStatus":0,"productStatusName":"Operational products","productType":1,"productTypeName":"Forecast products","productDefinitionTemplate":0,"productDefinitionTemplateName":"Analysis/forecast at horizontal level/layer at a point in time","parameterCategory":2,"parameterCategoryName":"UnknownDiscipline_0_Category_2","parameterNumber":3,"parameterNumberName":"UnknownParameter_D0_C2_3","parameterUnit":"Unknown","genProcessType":2,"genProcessTypeName":"Forecast","forecastTime":180,"surface1Type":103,"surface1TypeName":"Specified height level above ground","surface1Value":10.0,"surface2Type":255,"surface2TypeName":"Missing","surface2Value":0.0,"gridDefinitionTemplate":0,"gridDefinitionTemplateName":"Latitude_Longitude","numberPoints":615,"shape":6,"shapeName":"Earth spherical with radius of 6,371,229.0 m","gridUnits":"degrees","resolution":48,"winds":"true","scanMode":64,"nx":41,"ny":15,"basicAngle":0,"lo1":47.0,"la1":41.0,"lo2":87.0,"la2":55.0,"dx":1.0,"dy":1.0}, "data":
[rows 0 to 14 of 15, columns 0 to 40 of 41]
4.47124,-2.1687598,-0.30875978,-5.27876,-4.9087596,-4.5187597,-3.4387598,2.1012402,0.40124023,0.95124024,0.7312402,0.121240236,-1.5987598,-2.9887598,-3.4787598,-3.7687597,-5.60876,-5.7487597,-7.7887597,-6.4087596,-5.1987596,-6.66876,-4.5187597,0.50124025,-1.3587598,0.39124024,-0.10875977,1.9112402,-0.18875976,-0.6987598,-0.29875976,-1.1787598,0.7912402,0.0012402344,-3.1087599,-2.2487597,0.6712402,0.23124023,0.9812402,-3.6287599,3.6412401
4.72124,0.69124025,-2.6987598,-2.8287597,-4.50876,-3.1687598,-2.7187598,3.6012402,3.0912402,2.6212401,1.9912403,1.1512402,-0.048759766,-1.6787598,-2.3287597,-2.9187598,-2.4487598,-3.5787597,-5.9987597,-5.73876,-4.70876,-7.3687596,-6.39876,1.3312402,1.2512403,1.0712402,-2.0587597,-0.058759764,-0.9587598,0.89124024,0.5412402,2.1612403,-0.98875976,-0.07875977,0.81124026,-3.0487597,-2.4587598,-5.41876,-3.6987598,-2.3687599,-0.028759766
1.9012402,1.0112402,-2.7887597,-3.7387598,-3.5387597,-3.2987597,-1.6587597,4.06124,4.45124,3.0312402,1.4712403,3.0012403,1.3212402,-0.55875975,-1.1987598,0.6112402,-1.1887598,-0.93875974,-2.4187598,-4.62876,-5.18876,-4.5387597,-5.58876,-2.6387599,-0.54875976,0.8512402,0.8612402,1.2412403,-0.13875976,1.7712402,2.3712401,1.1012403,1.5212402,-1.4687598,-0.038759764,0.9712402,0.091240235,-2.0687597,-0.058759764,0.041240234,0.82124025
3.2612402,0.63124025,-1.0487598,-2.2987597,-3.2887597,-2.0987597,-2.0087597,1.0312402,5.5012403,4.79124,4.56124,3.2012403,4.85124,4.0712404,1.9612403,-0.49875978,1.6212403,1.3012402,0.11124024,-2.5087597,-2.8587599,-5.1387596,-2.9787598,-4.41876,-3.8487597,-2.9387598,-1.6787598,-2.2187598,1.3012402,-0.028759766,-2.4587598,-3.5987597,-1.7687597,3.5212402,-0.7787598,-1.6187598,0.48124024,4.22124,0.62124026,-1.1087598,-0.21875976
1.3912402,0.33124024,-2.1387599,-2.4487598,-1.0987598,-1.0487598,-1.6787598,0.031240234,3.2512403,5.4612403,3.5312402,3.6912403,5.9412403,4.54124,4.6512403,1.1112403,-0.9687598,2.6512403,1.8912402,0.93124026,-1.5587598,-1.5787598,-1.8787597,-2.8387597,-3.5987597,-4.93876,-4.6987596,1.9012402,2.0312402,0.19124024,0.021240234,1.3112402,1.9612403,4.1312404,0.16124023,0.16124023,-2.1787598,-2.7487597,-8.27876,-6.37876,-5.2887597
-2.8187597,-2.3787599,-5.2487597,-3.0587597,-2.9787598,-2.9387598,1.2112403,0.58124024,3.9512403,3.7612402,1.0012403,1.8712403,-0.8887598,2.7812402,1.8212402,4.1312404,1.6612402,2.2112403,1.5412402,0.77124023,-1.5487598,-2.3087597,-0.60875976,-0.6987598,-2.1287599,-3.5887597,-4.9987597,-1.8887597,2.0212402,3.2112403,2.5112402,1.4112402,1.2612402,3.1312401,2.7512403,1.1212403,0.57124025,-3.1687598,-3.8987598,-2.7687597,-4.58876
-4.60876,-1.8387598,-1.3287598,-4.0587597,-6.02876,-4.8287597,-2.0487597,2.3612401,2.7012403,2.7312403,1.2712402,-0.6987598,-1.5287597,-3.4887598,1.0512402,2.0412402,-1.2187598,-0.49875978,-1.0787598,-1.6287597,-3.0587597,-3.2387598,-1.9987597,2.9912403,2.5812402,1.2312403,-2.2587597,-2.2187598,-4.56876,-3.5187597,-1.9287598,-3.0187597,-3.2587597,-2.8887599,-1.7487597,-2.2387598,-2.5187597,0.08124024,-0.79875976,-1.2987598,-5.58876
-5.29876,-5.5587597,-3.3387597,-2.2587597,-2.4387598,-5.4987597,-5.00876,-7.35876,3.0412402,1.5512402,2.4912403,3.3412402,1.6312402,2.3012402,-1.2987598,0.76124024,-1.2387598,-2.0187597,-1.6587597,-2.3787599,-2.4087598,-3.3787599,-3.3387597,-2.4687598,-1.6387597,-1.2587597,-2.2387598,-2.3487597,0.07124023,0.6112402,-0.56875974,-2.3487597,-1.4387598,-2.1387599,-1.0087597,-2.9087598,-3.0087597,-1.2487597,-0.81875974,0.37124023,0.18124023
-3.5187597,-2.6387599,-4.5387597,-3.0787597,-1.8887597,-3.3687599,-6.31876,-4.41876,-2.5887597,4.6912403,4.9012403,3.7512403,3.2912402,3.9612403,1.4612403,-0.23875977,-1.8387598,-2.0587597,-2.6087599,-2.6287599,-1.4887598,-3.0487597,-3.0287597,-2.5987597,-2.1787598,-1.9887598,-1.4087597,-0.46875978,1.4112402,2.3712401,1.8212402,2.3312402,2.2612402,0.5912402,0.5412402,-1.0787598,-2.4287598,2.0112402,3.1412401,1.9012402,2.5412402
-4.9987597,-5.9687595,-4.48876,-3.6187599,-1.2387598,-1.7887597,-3.2187598,-3.6187599,-4.35876,0.9212402,3.1312401,3.7212403,5.10124,3.2712402,1.4612403,-0.19875976,-0.8987598,-1.6787598,-2.3487597,-1.9687598,-2.4287598,-2.5287597,-2.5887597,-2.3387597,-3.0087597,-2.2687597,-2.1987598,-2.1987598,0.25124022,1.2612402,1.5112402,2.8612401,3.6612403,1.8912402,0.031240234,0.96124023,0.9112402,-2.1487598,2.1512403,4.31124,2.5812402
-2.5487597,-3.9987597,-2.3787599,-5.08876,-4.91876,-1.5487598,-2.8187597,-0.66875976,2.3712401,1.8912402,0.70124024,2.4412403,2.2012403,1.4912403,0.46124023,-0.49875978,-0.56875974,-1.9887598,-1.6487597,-2.5887597,-2.3487597,-2.1287599,-2.7387598,-2.8387597,-1.0887598,-1.5487598,-1.0287597,-1.1787598,-1.7187598,-1.0087597,0.39124024,0.9712402,-0.14875977,-0.19875976,1.8412403,1.8212402,1.8312402,2.0712402,1.5612402,0.27124023,0.5912402
-2.4287598,-1.2487597,-2.0787597,-2.8987598,-4.23876,-3.2087598,-0.66875976,0.6612402,1.4212402,1.1112403,1.1512402,1.8412403,1.8812402,0.8012402,0.16124023,-0.058759764,0.10124023,-2.3387597,-1.2987598,-1.9287598,-1.1587597,-1.4187598,-1.4087597,-1.5387597,-1.7287598,-2.5787597,-2.5387597,-0.85875976,2.0512402,1.2212403,2.4412403,1.1012403,0.8412402,-0.7687598,0.5912402,1.9012402,2.5412402,3.2212403,2.2712402,1.7212403,0.45124024
-0.7187598,-0.47875977,-0.36875975,-0.61875975,-1.0787598,1.4812403,0.121240236,-3.4587598,1.1312402,-0.24875976,1.0912403,1.9412402,2.9512403,1.9812403,1.0712402,0.42124024,1.0412402,-1.0687598,-0.68875974,-1.5187597,0.07124023,-1.4087597,2.6412401,1.9112402,0.7312402,-0.85875976,-1.8287598,-3.5287597,-3.0987597,3.0612402,2.4612403,2.2812402,0.9712402,-0.39875975,0.30124024,0.96124023,-0.41875976,1.8612403,2.3012402,2.6912403,1.2712402
-5.1187596,0.011240235,-0.19875976,-0.54875976,1.3412403,1.1612402,-0.31875977,2.7112403,2.4212403,3.0812402,1.3412403,-0.09875976,0.6512402,1.5912403,1.9212402,1.1712402,-0.23875977,-1.5487598,-2.0787597,-0.7787598,1.9312402,1.5112402,0.7212402,-1.4387598,-1.8687598,-1.7587597,-2.7287598,-0.24875976,0.07124023,-2.4387598,-1.2687597,2.5912402,2.6312401,0.94124025,0.5512402,-0.5187598,-0.66875976,-0.60875976,-0.35875976,2.2112403,1.5612402
-1.7087598,-4.73876,-3.6687598,-1.1887598,-0.6987598,1.0712402,-0.14875977,1.5112402,-0.7187598,-1.4687598,-0.79875976,-0.87875974,1.1712402,0.32124025,0.52124023,0.48124024,-1.6187598,-1.8287598,-1.7787597,-1.2887597,-0.27875978,1.9012402,2.3512402,2.0112402,1.1212403,-0.14875977,-1.5887598,-2.3087597,-2.3087597,-2.6087599,-3.4587598,-1.9387598,0.93124026,2.0712402,0.9712402,-0.9087598,-0.92875975,0.89124024,0.9112402,2.3712401,0.5412402
