wind_kz.json
{"header": {"discipline":0,"disciplineName":"Meteorological products","gribEdition":2,"gribLength":1025,"center":7,"centerName":"US National Weather Service - NCEP(WMC)","subcenter":0,"refTime":"2024-04-07T18:00:00.000Z","significanceOfRT":1,"significanceOfRTName":"Start of forecast","productStatus":0,"productStatusName":"Operational products","productType":1,"productTypeName":"Forecast products","productDefinitionTemplate":0,"productDefinitionTemplateName":"Analysis/forecast at horizontal level/layer at a point in time","parameterCategory":2,"parameterCategoryName":"UnknownDiscipline_0_Category_2","parameterNumber":2,"parameterNumberName":"UnknownParameter_D0_C2_2","parameterUnit":"Unknown","genProcessType":2,"genProcessTypeName":"Forecast","forecastTime":0,"surface1Type":103,"surface1TypeName":"Specified height level above ground","surface1Value":10.0,"surface2Type":255,"surface2TypeName":"Missing","surface2Value":0.0,"gridDefinitionTemplate":0,"gridDefinitionTemplateName":"Latitude_Longitude","numberPoints":615,"shape":6,"shapeName":"Earth spherical with radius of 6,371,229.0 m","gridUnits":"degrees","resolution":48,"winds":"true","scanMode":64,"nx":41,"ny":15,"basicAngle":0,"lo1":47.0,"la1":41.0,"lo2":87.0,"la2":55.0,"dx":1.0,"dy":1.0}, "data":
[rows 0 to 14 of 15, columns 0 to 40 of 41]
-1.8144653,-0.62446535,0.69553465,0.30553466,-1.3844653,-0.33446532,-1.2844653,-2.5044653,-5.384465,-1.6144654,-2.2144654,-2.8644652,-1.9244653,-2.6444654,-2.9544654,-2.6044652,-1.4644654,-2.4544654,-5.634465,-4.3544655,-3.9644654,-2.5344653,-1.1444653,-2.9744654,0.23553467,-1.4744654,-3.2944653,-1.1744653,1.0855347,-0.104465336,-0.25446534,2.1355348,-0.6544653,0.32553467,-2.6644654,-3.2044654,-1.5944654,-1.1544653,-1.3244653,-3.1944654,-1.5544653
-1.2144654,-0.44446534,-0.30446532,0.55553466,0.20553467,1.7955346,-1.0144653,-3.3344653,-1.1544653,0.50553465,0.92553467,-1.8144653,-1.8844653,-1.0944654,-2.1044652,-2.0944653,-2.1544654,-2.5244653,-3.8444653,-3.3744652,-2.9244654,-2.6244652,-1.2344654,-4.9744654,-0.63446534,1.9055346,-1.5844654,0.40553465,-2.9744654,-1.3644654,0.005534668,-0.7744653,2.6455348,-1.4844654,0.51553464,-1.1144654,0.07553467,0.44553468,0.86553466,-0.33446532,-0.9744653
-1.3444654,-2.3144653,-1.9044653,-0.30446532,0.7855347,-0.14446533,-1.8344654,0.69553465,2.3755348,2.1655347,1.8055347,1.0255346,0.21553467,-1.9344653,-0.88446534,-1.9944654,0.13553467,-0.93446535,-2.4544654,-3.5844653,-1.9044653,-1.6044654,-3.3544652,-2.7344654,0.73553467,-1.0444653,-2.1544654,-2.3844652,-2.0944653,-0.67446536,-1.8744653,2.4655347,0.45553467,0.05553467,1.2455347,0.20553467,0.75553465,-0.9044653,1.2155347,-0.28446534,0.48553467
-2.9144654,-2.8744652,-1.5044653,-0.6044653,-1.0844654,-0.69446534,-0.06446533,-0.18446533,0.03553467,0.30553466,0.82553464,1.8755347,3.1355348,2.6455348,2.0055346,1.3655347,0.9055347,-0.56446534,0.32553467,-2.3244653,-0.67446536,1.1655346,0.065534666,-1.6844653,-2.0544653,-3.8544652,-3.3744652,-3.4744654,-1.3744653,-0.36446533,-2.8944654,-2.6644654,-2.2344654,-4.5344653,-3.3144653,1.2255347,0.14553466,1.9755347,0.025534667,2.8255346,3.3155346
0.045534667,1.2255347,3.1755347,3.6455348,3.5755346,3.0655346,2.7955346,2.3355346,3.4655347,3.9155347,3.5655346,3.5955346,3.7555346,4.325535,3.9755347,3.0855346,3.2455347,-0.39446533,2.4855347,3.4355347,0.36553466,-0.20446533,-1.8644654,-2.7844653,-3.0244653,-2.9544654,-0.93446535,-0.49446532,-2.4244654,-1.1544653,0.5255347,-1.4344653,-1.9144653,0.92553467,1.5355346,1.0155346,5.2755346,3.5655346,1.3955346,3.1755347,3.2355347
-1.4944654,2.0455346,4.805535,6.2255344,5.8955345,5.5855346,3.6455348,4.555535,4.2555346,4.765535,4.865535,4.995535,4.5455346,5.285535,3.3755348,4.1055346,4.095535,1.3755347,-0.8444653,3.6755347,1.0155346,-1.0444653,0.5455347,-1.2044654,-0.76446533,0.13553467,-0.09446533,2.1555347,-0.35446534,0.62553465,-2.3844652,-0.49446532,1.5855347,-1.4844654,0.40553465,-1.7544653,2.1855347,3.3755348,9.8955345,5.1655345,-1.4444653
-1.8744653,-0.35446534,-0.21446534,0.025534667,0.19553466,1.3155347,4.1655345,6.495535,4.8155346,5.1055346,2.2855346,4.095535,4.9855347,5.6655345,4.0455346,4.115535,4.1855345,3.3355346,2.2155347,6.1655345,2.0655346,1.8555347,-2.1644654,-0.57446533,-0.42446533,-2.2944653,-3.3944654,-2.8544652,-0.8944653,-0.18446533,2.3755348,2.4855347,3.5955346,0.38553467,0.74553466,-1.8444654,-0.32446533,2.4555347,1.1755347,0.7955347,6.015535
1.4155346,-0.32446533,0.07553467,1.9455347,0.92553467,3.2055347,3.1655347,1.9655347,3.6555347,6.075535,4.995535,4.285535,4.8355346,6.1455345,4.745535,3.4655347,0.8955347,1.5655347,1.0355346,1.9055346,-0.23446533,0.5855347,0.62553465,1.3255347,-1.4044653,-1.5744653,-1.3744653,-0.68446535,1.0055346,1.5755347,-3.4244654,-4.194465,-4.864465,-2.0244653,-1.7744653,1.2355347,2.6955347,4.135535,4.6555347,5.6855345,0.94553465
-0.25446534,0.42553467,2.2855346,3.0155346,3.1655347,3.9055347,3.6255348,3.0455346,3.8655348,4.635535,3.9755347,5.8555346,5.4655347,5.075535,4.4855347,-1.0544653,-1.2144654,0.6655347,0.80553466,3.8355346,-1.0744653,-3.7644653,-1.0544653,1.7355347,-2.1244652,-2.3144653,-1.1544653,-0.61446536,-0.98446536,-2.1144652,-4.4744654,-2.4844654,-0.80446535,-1.1244653,-0.06446533,1.3655347,1.1755347,-1.4944654,-1.0644653,0.9655347,-1.0344653
1.2555346,2.4655347,2.7455347,1.7555346,2.3655348,2.8455346,3.7255347,3.3255346,4.575535,4.8155346,4.825535,3.5855346,5.0255346,5.365535,0.47553468,-0.5844653,-2.5944653,-3.4344654,-2.1844654,-2.0644653,-2.7844653,-0.0044653323,1.1155347,-3.7644653,-2.1944654,-4.444465,-3.4844654,-3.0944653,-3.0844653,-3.4144654,-1.8944653,-1.0144653,0.62553465,1.1455346,2.0755346,2.5055346,-1.1944653,0.7155347,-0.57446533,0.74553466,0.23553467
1.5655347,2.1855347,1.4855347,1.6155347,1.8855346,2.9655347,4.2155347,4.385535,4.305535,4.1855345,4.305535,5.015535,4.1555347,3.1755347,-0.5444653,-0.43446532,-1.9944654,-1.6644653,-0.7744653,-1.1744653,-1.7344654,-2.2744653,-3.9944654,-4.2944655,-3.6244652,-4.3944654,-4.0544653,-3.1844654,-3.4044654,-2.6044652,-1.9044653,-0.9644653,2.0355346,0.7255347,2.9455347,1.8955346,-1.2844653,0.7855347,-1.0344653,1.2355347,-0.82446533
1.2855346,2.3355346,1.4755347,1.5855347,2.7655346,2.5255346,3.1555347,3.4155347,3.0155346,2.1055346,1.9655347,1.9955347,2.0955346,2.0655346,-0.13446534,-1.7344654,-1.4844654,-0.7044653,-3.3244653,-2.7744653,-6.004465,-3.8244653,-5.734465,-4.384465,-5.404465,-4.8544655,-4.2044654,-3.6844654,-3.3444653,-3.1244652,-2.4444654,-1.9444653,-1.4844654,-1.0644653,-1.6344653,-1.6544653,-2.4044654,-1.1744653,0.5255347,1.3255347,-0.19446534
2.2855346,2.3555346,2.8555346,2.2955346,2.1355348,2.8155346,3.4855347,3.2755346,1.6455346,0.24553467,-0.61446536,0.08553467,0.81553465,0.51553464,-2.4644654,-2.4744654,-3.1744654,-3.6044652,-3.0144653,-3.3444653,-3.9844654,-3.3944654,-2.9544654,-4.0144653,-4.194465,-3.9644654,-3.2244654,-4.734465,-3.8444653,-3.1744654,-3.3044653,-3.0344653,-3.2644653,-3.3644652,-3.2544653,-3.3944654,-2.9244654,-1.6144654,-2.5244653,-1.8744653,-0.27446532
2.9555347,2.9955347,2.7555346,2.8855348,2.4155347,2.6955347,3.3655348,3.0355346,3.3655348,1.4255347,-0.7244653,-0.18446533,0.75553465,0.62553465,-0.94446534,-3.0744653,-3.1144652,-3.2544653,-3.0844653,-2.8244653,-2.7744653,-2.9944654,-3.9944654,-4.7444654,-4.6044655,-4.6444654,-4.8544655,-4.114465,-3.7744653,-3.5344653,-3.3544652,-3.2644653,-2.8044653,-3.9344654,-3.2344654,-3.7744653,-2.7544653,-3.2744653,-3.2344654,-1.6044654,1.3855346
0.29553467,2.5055346,3.1055346,3.5855346,2.9055347,2.3455346,5.3355346,4.2255344,3.7255347,3.4755347,-0.024465332,-0.87446535,0.39553466,0.27553466,0.5955347,-1.6044654,-3.0344653,-2.8544652,-2.6444654,-3.0444653,-3.5244653,-4.0744653,-4.1044655,-4.1244655,-4.0644655,-3.7544653,-3.7644653,-3.9044654,-3.6544654,-3.7244654,-4.0844655,-4.0844655,-4.424465,-4.3744655,-4.424465,-4.404465,-3.8144653,-4.194465,-3.3744652,-2.9944654,-1.6344653
