wind_kz.json
{"header": {"discipline":0,"disciplineName":"Meteorological products","gribEdition":2,"gribLength":948,"center":7,"centerName":"US National Weather Service - NCEP(WMC)","subcenter":0,"refTime":"2023-08-06T06:00:00.000Z","significanceOfRT":1,"significanceOfRTName":"Start of forecast","productStatus":0,"productStatusName":"Operational products","productType":1,"productTypeName":"Forecast products","productDefinitionTemplate":0,"productDefinitionTemplateName":"Analysis/forecast at horizontal level/layer at a point in time","parameterCategory":0,"parameterCategoryName":"UnknownDiscipline_0_Category_0","parameterNumber":0,"parameterNumberName":"UnknownParameter_D0_C0_0","parameterUnit":"Unknown","genProcessType":2,"genProcessTypeName":"Forecast","forecastTime":240,"surface1Type":1,"surface1TypeName":"Ground or water surface","surface1Value":0.0,"surface2Type":255,"surface2TypeName":"Missing","surface2Value":0.0,"gridDefinitionTemplate":0,"gridDefinitionTemplateName":"Latitude_Longitude","numberPoints":615,"shape":6,"shapeName":"Earth spherical with radius of 6,371,229.0 m","gridUnits":"degrees","resolution":48,"winds":"true","scanMode":64,"nx":41,"ny":15,"basicAngle":0,"lo1":47.0,"la1":41.0,"lo2":87.0,"la2":55.0,"dx":1.0,"dy":1.0}, "data":
[rows 0 to 14 of 15, columns 0 to 40 of 41]
303.3852,298.1852,306.3852,297.9852,297.4852,296.78522,311.78522,320.6852,318.78522,322.4852,322.0852,319.28522,317.6852,317.3852,317.8852,319.8852,320.9852,321.6852,325.6852,323.9852,329.0852,319.9852,322.5852,319.3852,319.6852,319.4852,316.0852,305.4852,306.5852,301.6852,302.9852,301.4852,313.3852,324.1852,326.3852,327.9852,331.1852,330.6852,331.8852,331.78522,331.3852
290.9852,300.0852,298.1852,298.1852,298.1852,296.3852,321.5852,302.0852,313.3852,316.3852,319.78522,317.5852,317.5852,315.6852,317.3852,319.1852,322.28522,323.6852,323.3852,323.78522,324.4852,319.3852,318.6852,310.78522,302.78522,300.4852,311.1852,303.0852,305.1852,294.6852,301.78522,297.1852,307.28522,273.28522,300.1852,319.6852,320.9852,324.5852,331.0852,320.5852,285.78522
307.1852,298.4852,298.5852,298.3852,296.4852,315.0852,316.4852,315.0852,309.1852,311.0852,313.4852,315.28522,315.3852,316.6852,316.6852,318.28522,318.3852,318.6852,319.4852,320.0852,321.3852,318.6852,319.5852,314.3852,315.0852,316.9852,318.4852,315.3852,314.8852,304.8852,297.28522,298.28522,307.78522,314.28522,307.4852,304.9852,298.78522,301.4852,305.6852,298.9852,300.3852
311.28522,298.5852,298.8852,298.0852,301.6852,312.9852,314.3852,318.8852,320.28522,318.6852,315.1852,314.5852,296.9852,296.1852,317.3852,317.0852,313.9852,316.5852,317.8852,318.0852,313.8852,317.8852,316.4852,317.78522,320.28522,318.1852,318.78522,317.0852,317.8852,319.3852,320.5852,320.1852,324.78522,324.6852,321.6852,315.78522,300.9852,301.28522,302.9852,318.4852,321.8852
314.28522,299.0852,299.4852,299.3852,305.1852,313.3852,315.4852,319.8852,317.8852,319.0852,317.8852,315.5852,297.5852,296.3852,293.28522,315.78522,315.1852,310.0852,309.8852,311.1852,313.9852,315.78522,318.9852,316.5852,316.4852,315.9852,316.78522,311.5852,317.8852,317.5852,319.8852,316.8852,302.3852,295.1852,307.1852,317.5852,312.0852,327.78522,327.4852,322.0852,324.5852
314.9852,311.4852,299.3852,299.4852,299.5852,298.9852,320.5852,317.28522,318.1852,317.5852,318.9852,316.3852,299.1852,296.4852,306.6852,315.9852,316.3852,312.6852,311.78522,309.9852,309.3852,310.1852,312.8852,312.9852,313.9852,312.9852,314.6852,294.4852,311.4852,312.78522,313.9852,314.4852,315.28522,315.78522,312.8852,312.3852,306.28522,313.0852,321.3852,317.0852,318.3852
312.5852,313.28522,314.78522,314.78522,310.78522,315.6852,322.5852,320.5852,318.5852,318.0852,313.3852,314.5852,313.28522,315.0852,317.0852,312.28522,314.28522,315.6852,313.0852,310.1852,308.5852,308.6852,309.4852,310.5852,309.5852,309.4852,311.4852,312.1852,312.5852,314.9852,314.4852,313.6852,314.5852,314.5852,314.0852,312.9852,308.6852,306.8852,303.1852,301.3852,314.8852
312.6852,312.9852,312.4852,312.9852,313.6852,308.6852,314.9852,314.4852,314.1852,312.78522,311.78522,311.4852,311.28522,312.78522,315.3852,313.1852,314.0852,311.6852,310.6852,308.4852,307.0852,310.0852,309.3852,307.9852,307.0852,304.5852,304.0852,306.4852,305.1852,309.3852,308.0852,310.3852,308.9852,308.1852,308.6852,312.3852,315.9852,289.6852,318.8852,317.6852,313.78522
308.6852,310.1852,309.8852,310.9852,311.28522,314.5852,309.0852,304.28522,311.28522,309.5852,309.1852,310.0852,310.8852,312.4852,309.1852,313.9852,311.0852,310.0852,307.8852,306.8852,305.0852,307.9852,306.6852,305.8852,303.5852,303.78522,301.8852,301.5852,300.28522,293.3852,296.28522,299.28522,296.78522,305.78522,306.8852,306.4852,306.6852,307.1852,297.5852,294.5852,297.0852
307.4852,307.78522,307.78522,307.8852,307.1852,302.5852,306.8852,310.1852,308.5852,306.9852,305.6852,305.8852,304.1852,307.5852,304.6852,306.28522,308.6852,309.1852,308.0852,300.28522,306.1852,303.9852,303.6852,302.0852,301.4852,295.8852,300.9852,296.8852,292.6852,291.0852,292.8852,292.28522,297.6852,303.8852,304.5852,304.9852,291.0852,286.4852,291.1852,283.8852,293.5852
304.4852,304.4852,304.78522,304.9852,303.1852,301.5852,305.6852,307.9852,303.8852,304.78522,304.0852,304.8852,307.28522,305.6852,306.8852,305.6852,299.9852,305.1852,302.3852,288.1852,289.5852,298.3852,299.8852,298.9852,293.9852,294.4852,294.3852,298.4852,299.5852,297.78522,298.8852,293.4852,294.3852,297.28522,303.0852,301.0852,294.1852,294.0852,293.0852,288.3852,292.0852
302.4852,303.28522,304.8852,299.28522,302.78522,295.4852,300.8852,297.9852,302.4852,298.3852,299.5852,302.28522,302.8852,301.8852,301.1852,294.5852,293.6852,291.3852,298.6852,286.28522,291.0852,292.9852,296.4852,296.6852,292.28522,290.4852,295.28522,297.6852,290.78522,292.4852,289.5852,293.28522,292.28522,288.0852,291.6852,300.0852,300.9852,296.9852,301.78522,301.0852,300.4852
296.28522,301.3852,303.1852,300.8852,297.0852,296.28522,296.1852,294.6852,295.0852,291.1852,293.28522,294.4852,290.28522,295.6852,296.3852,292.4852,294.3852,287.3852,289.0852,287.0852,294.3852,293.5852,290.5852,289.4852,292.5852,292.4852,294.28522,294.0852,288.4852,290.4852,288.5852,288.28522,286.9852,288.78522,296.8852,296.0852,301.4852,298.6852,298.0852,296.8852,297.4852
297.3852,299.9852,296.28522,295.3852,291.8852,293.4852,294.0852,293.78522,289.6852,294.3852,293.8852,287.4852,294.3852,291.6852,293.4852,290.0852,290.28522,292.5852,296.4852,295.4852,290.28522,292.78522,288.6852,290.9852,291.0852,290.0852,294.5852,286.8852,286.1852,284.6852,285.3852,285.78522,293.3852,298.3852,298.6852,299.0852,294.3852,297.4852,298.0852,299.1852,299.0852
294.4852,298.5852,292.78522,294.1852,289.5852,291.5852,289.0852,289.78522,290.6852,289.6852,289.28522,289.8852,283.3852,283.8852,287.28522,288.5852,295.5852,294.4852,295.4852,294.0852,292.9852,285.0852,287.6852,288.78522,289.3852,290.0852,285.9852,284.28522,283.0852,283.78522,284.0852,284.6852,288.6852,295.0852,301.1852,302.28522,296.6852,298.3852,295.5852,300.9852,299.1852
