wind_kz.json
{"header": {"discipline":0,"disciplineName":"Meteorological products","gribEdition":2,"gribLength":1025,"center":7,"centerName":"US National Weather Service - NCEP(WMC)","subcenter":0,"refTime":"2023-09-22T06:00:00.000Z","significanceOfRT":1,"significanceOfRTName":"Start of forecast","productStatus":0,"productStatusName":"Operational products","productType":1,"productTypeName":"Forecast products","productDefinitionTemplate":0,"productDefinitionTemplateName":"Analysis/forecast at horizontal level/layer at a point in time","parameterCategory":2,"parameterCategoryName":"UnknownDiscipline_0_Category_2","parameterNumber":3,"parameterNumberName":"UnknownParameter_D0_C2_3","parameterUnit":"Unknown","genProcessType":2,"genProcessTypeName":"Forecast","forecastTime":60,"surface1Type":103,"surface1TypeName":"Specified height level above ground","surface1Value":10.0,"surface2Type":255,"surface2TypeName":"Missing","surface2Value":0.0,"gridDefinitionTemplate":0,"gridDefinitionTemplateName":"Latitude_Longitude","numberPoints":615,"shape":6,"shapeName":"Earth spherical with radius of 6,371,229.0 m","gridUnits":"degrees","resolution":48,"winds":"true","scanMode":64,"nx":41,"ny":15,"basicAngle":0,"lo1":47.0,"la1":41.0,"lo2":87.0,"la2":55.0,"dx":1.0,"dy":1.0}, "data":
[rows 0 to 14 of 15, columns 0 to 40 of 41]
0.78038573,-1.5996143,2.8703856,-0.22961426,-0.72961426,-0.13961425,-1.0096142,-1.5396142,-2.1596143,-1.7896142,-2.4796143,-2.5496142,-3.2696142,-4.6296144,-5.389614,-4.579614,-5.579614,-7.2496142,-6.8796144,-3.9896142,-5.0696144,-4.619614,-1.6496142,-0.90961426,-2.4796143,0.7903857,-0.42961425,0.7903857,-0.16961426,-0.73961425,-2.7896142,-2.7096143,-0.67961425,-0.65961426,0.9803857,0.17038575,0.94038576,0.43038574,0.16038574,-0.17961426,-0.90961426
3.4203858,0.56038576,1.5903858,-0.10961426,-2.4996142,-0.39961424,-1.0096142,-0.31961426,-1.8996142,-3.6896143,-3.8296142,-5.3796144,-5.6896143,-4.889614,-5.099614,-4.789614,-4.9896145,-7.2796144,-7.7996144,-4.4996142,-4.829614,-7.5096145,-4.659614,1.8303857,0.40038574,-0.12961426,-2.1696143,-0.65961426,-0.8896143,-1.4896142,1.0803857,2.2603858,-1.6396142,-3.3596144,-3.9996142,-1.1696143,-1.4996142,-3.4596143,-2.8996143,-2.0596142,1.1003858
1.4203857,4.6803856,2.2303858,-0.20961426,-0.06961426,0.010385742,-0.22961426,-0.6396143,-1.2796142,-3.2696142,-4.099614,-4.3596144,-5.1096144,-5.559614,-4.2296143,-4.099614,-4.199614,-4.7596145,-5.389614,-5.619614,-2.3596144,-5.099614,-7.3196144,-3.4896142,-3.1196144,-0.46961427,-1.3696142,-1.4796143,-0.8896143,-0.17961426,2.9003859,0.25038573,1.1203858,0.20038575,-1.2996143,1.4203857,0.68038577,0.27038574,0.020385742,-0.28961426,0.20038575
1.8003857,1.9103857,-0.20961426,-2.1796143,-0.66961426,-0.8296143,3.857422E-4,0.030385742,0.97038573,-0.79961425,-2.6996143,-4.309614,-6.929614,-6.4396143,-3.4096143,-3.4196143,-4.2296143,-4.5896144,-4.7096143,-5.1896143,-4.6896143,-3.6796143,-0.84961426,-4.389614,-4.6496143,-4.519614,-3.8496141,-3.8696144,-2.0096142,-3.1096144,-4.409614,-3.2596142,-1.4396143,1.5503857,0.28038573,-1.2096143,1.4703858,3.8803856,1.5703857,0.84038574,-0.56961423
-0.21961425,-0.38961425,-0.5796143,-0.7596142,-0.65961426,-0.56961423,-0.90961426,-0.7696143,2.7603858,2.0403857,-0.52961427,-2.4496143,-5.7796144,-4.909614,-4.7396145,-3.4296143,-3.5496142,-3.6396143,-3.8396142,-4.579614,-4.1696143,-1.6396142,-1.7696142,-2.2996142,-2.9896142,-3.4796143,-4.099614,-3.1496143,-2.3696144,-2.9396143,-4.1296144,-4.579614,-0.21961425,1.0203857,-1.0696143,-1.5096142,-6.6696143,1.5003858,-3.6496143,-1.9396143,-2.1296144
-0.46961427,-1.0996143,-0.67961425,-1.2196143,-1.3596143,0.10038574,0.62038577,-0.5896143,0.23038574,-1.7996143,-0.56961423,-2.0396142,-4.5096145,-5.699614,-4.539614,-3.8496141,-3.3696144,-2.9996142,-3.5896142,-4.199614,-4.429614,-3.6496143,-2.2596142,-0.38961425,-0.45961425,-1.3696142,-1.6996143,-1.5696143,-2.3296142,-1.8496143,-2.2896142,-2.0096142,-1.6096143,-1.6196142,1.3003857,-1.8296143,1.1903857,-3.5196142,-5.0896144,-7.7996144,2.5603857
1.5203857,0.58038574,0.41038573,0.45038575,-0.61961424,0.62038577,0.39038575,0.65038574,0.56038576,3.857422E-4,-1.0796143,-1.4796143,-2.3196142,-2.9796143,-3.7596142,-4.8396144,-4.4196143,-2.1796143,-2.2596142,-2.1496143,-3.1196144,-3.6096144,-3.5296142,-3.2196143,-2.2996142,-2.0796142,-3.0696142,-1.3496143,-1.1996143,-1.1996143,-1.9896142,-2.2296143,-2.4896142,-1.5796143,-2.7496142,-2.4696143,-3.3096142,-2.0396142,-2.7596142,1.0803857,-2.5296142
2.5103858,2.7003858,2.4903858,1.8603858,1.5003858,2.5103858,2.0303857,1.5503857,1.1403857,0.6103857,0.5403857,-0.14961426,-1.4396143,-2.0596142,-2.6696143,-3.0496142,-3.7996142,-3.8596144,-1.9996142,-1.1596142,-1.8996142,-1.9596143,-2.3996143,-2.0696142,-1.9596143,-1.5796143,-1.8696142,-2.3296142,-2.2696142,-2.6996143,-1.2996143,-2.8596144,-2.2596142,-0.14961426,1.0803857,1.7603858,1.2403858,-1.9096142,-0.45961425,1.5503857,-0.7096143
1.1203858,1.6403857,1.4903858,0.75038576,0.44038573,-0.08961426,0.81038576,2.0403857,0.9803857,1.6003858,1.1003858,0.27038574,0.17038575,-0.29961425,-1.0696143,-0.8996143,-1.4096142,-2.1096144,-2.0896142,-1.5296142,-0.61961424,-1.4096142,-1.5096142,-1.4996142,-0.33961427,-0.23961426,-1.0496143,-1.0196142,-0.84961426,-1.2096143,-3.5896142,-1.4596143,-1.2996143,-1.1496142,1.7503858,0.7403858,-0.54961425,0.42038575,-2.8496141,-2.4196143,-2.7496142
1.3303857,0.95038575,0.50038576,0.52038574,0.15038574,0.51038575,1.1403857,0.94038576,1.5903858,1.8203857,1.9403857,1.3303857,0.48038575,0.52038574,0.43038574,0.44038573,1.0103858,1.1403857,-0.38961425,-1.8796142,-1.8596143,-0.98961425,-0.56961423,-0.48961425,-0.47961426,0.12038574,0.7903857,0.76038575,0.46038574,0.72038573,0.65038574,-0.48961425,-0.90961426,-0.45961425,-1.3196143,1.8703858,0.76038575,-2.0196142,1.5003858,3.2603858,0.89038575
-0.53961426,-0.27961427,-1.1196142,0.14038575,0.06038574,0.46038574,2.6103857,1.7303858,1.2903857,0.95038575,-0.44961426,-0.37961426,0.32038575,-0.5196143,-1.7996143,-2.0196142,-1.9696143,-0.07961426,1.2403858,-0.25961426,-0.56961423,-1.0296142,-1.0896143,-0.7096143,-0.26961425,0.36038575,0.32038575,0.14038575,0.5503857,1.3503858,1.4403857,-0.18961425,-0.34961426,1.1103858,1.1203858,2.2503858,1.5603857,1.9503857,1.0103858,0.71038574,-0.24961425
-0.029614259,-0.47961426,0.95038575,-0.6996143,0.93038577,0.39038575,-0.34961426,1.1203858,2.1003857,1.6003858,0.050385743,-2.0496142,-1.9296143,0.93038577,-1.0696143,-2.1896143,-1.8396143,-2.1996143,-1.6496142,-0.8296143,-0.53961426,-1.3596143,-0.90961426,-1.3096143,-0.7696143,-1.5096142,-0.32961425,-0.099614255,-0.049614258,1.4103857,1.0003858,0.41038573,0.70038575,0.8003857,0.15038574,2.0203857,4.2903857,3.0203857,2.7903857,3.0003858,1.8603858
1.3503858,1.2603858,-1.2596142,0.12038574,0.34038574,0.82038575,0.14038575,0.59038574,-1.2796142,0.42038575,-0.38961425,-0.009614258,-0.5096142,-1.5496143,-1.4996142,-1.3296143,-1.2396142,-0.56961423,-0.29961425,-0.7096143,0.9903858,0.40038574,0.17038575,-0.10961426,-1.5096142,-1.1896143,-2.1796143,-2.0896142,0.38038576,1.6003858,1.0303857,0.35038576,1.2403858,-0.099614255,0.030385742,0.88038576,2.9603858,1.7303858,2.1903858,1.4403857,2.0403857
2.3303857,2.4603858,1.8403858,1.3603858,-0.6996143,0.9803857,0.07038574,1.4903858,1.5703857,1.5503857,0.77038574,-0.55961424,-0.81961423,0.30038574,-1.0096142,-1.0696143,-0.9596143,-1.2196143,-1.2596142,-0.33961427,0.020385742,1.0403857,0.81038576,0.20038575,-0.18961425,-1.2896142,-1.6796143,-0.17961426,0.04038574,-0.049614258,0.36038575,0.75038576,1.0203857,0.16038574,0.25038573,1.1003858,2.1903858,2.0903857,-0.18961425,1.4203857,1.9403857
1.5403857,2.2803857,3.1403856,2.7403858,1.0803857,0.8503857,0.76038575,0.81038576,1.6003858,1.6303858,0.90038574,1.7403858,2.1103857,-0.31961426,-0.73961425,-1.1396142,-1.4396143,-1.6296142,-1.7396142,-1.7296143,-1.0596143,-1.5396142,-1.6996143,-1.8896142,-1.8296143,-1.2496142,0.33038574,-0.32961425,-0.31961426,-0.31961426,-0.52961427,-0.009614258,-0.40961426,-0.059614256,0.13038574,2.0903857,2.9603858,2.6603858,1.7603858,1.9903858,1.4503857
