wind_kz.json
{"header": {"discipline":0,"disciplineName":"Meteorological products","gribEdition":2,"gribLength":1025,"center":7,"centerName":"US National Weather Service - NCEP(WMC)","subcenter":0,"refTime":"2023-09-30T00:00:00.000Z","significanceOfRT":1,"significanceOfRTName":"Start of forecast","productStatus":0,"productStatusName":"Operational products","productType":1,"productTypeName":"Forecast products","productDefinitionTemplate":0,"productDefinitionTemplateName":"Analysis/forecast at horizontal level/layer at a point in time","parameterCategory":2,"parameterCategoryName":"UnknownDiscipline_0_Category_2","parameterNumber":2,"parameterNumberName":"UnknownParameter_D0_C2_2","parameterUnit":"Unknown","genProcessType":2,"genProcessTypeName":"Forecast","forecastTime":60,"surface1Type":103,"surface1TypeName":"Specified height level above ground","surface1Value":10.0,"surface2Type":255,"surface2TypeName":"Missing","surface2Value":0.0,"gridDefinitionTemplate":0,"gridDefinitionTemplateName":"Latitude_Longitude","numberPoints":615,"shape":6,"shapeName":"Earth spherical with radius of 6,371,229.0 m","gridUnits":"degrees","resolution":48,"winds":"true","scanMode":64,"nx":41,"ny":15,"basicAngle":0,"lo1":47.0,"la1":41.0,"lo2":87.0,"la2":55.0,"dx":1.0,"dy":1.0}, "data":
[rows 0 to 14 of 15, columns 0 to 40 of 41]
1.425813,1.9558129,-2.134187,-3.414187,-1.754187,-2.794187,-4.3641872,-5.344187,-6.044187,-6.044187,-6.384187,-6.224187,-5.464187,-3.594187,-1.774187,-1.134187,-0.31418702,-0.294187,1.155813,2.605813,3.305813,1.015813,4.365813,5.305813,1.215813,2.965813,2.095813,3.145813,-0.604187,1.065813,-1.614187,1.995813,-0.264187,-1.184187,-0.304187,1.725813,0.045812987,-0.82418704,0.875813,-0.18418701,0.92581296
-0.13418701,-1.134187,-5.554187,-4.354187,-3.184187,0.635813,-3.634187,-4.934187,-5.764187,-5.904187,-6.154187,-4.084187,-2.224187,-2.024187,-1.344187,-0.06418701,-1.324187,-1.304187,-1.084187,0.67581296,2.935813,4.175813,4.125813,4.165813,2.965813,0.445813,0.23581299,1.985813,2.355813,2.495813,0.24581298,-0.08418701,-1.634187,-1.684187,-0.37418702,3.415813,1.255813,-1.0441871,-0.14418702,-1.394187,0.13581298
-4.3641872,-4.684187,-5.724187,-5.854187,-3.774187,-2.464187,-4.034187,-4.234187,-4.384187,-3.934187,-5.094187,-3.264187,-2.534187,-4.324187,-4.174187,-2.064187,-0.614187,-0.264187,0.085812986,-0.0041870116,1.185813,3.595813,4.695813,6.345813,5.485813,-0.89418703,-0.19418702,0.19581299,3.895813,-0.28418702,-0.304187,-2.104187,1.115813,0.265813,-0.124187015,-0.624187,0.965813,0.875813,-0.334187,-0.364187,-1.844187
-6.394187,-6.354187,-6.264187,-4.164187,2.255813,-1.384187,-3.494187,-1.2941871,-3.164187,-3.914187,-4.224187,-5.1141872,-2.894187,-2.994187,-1.534187,-4.204187,-2.394187,-1.784187,-1.374187,-0.82418704,0.885813,-1.694187,3.325813,4.835813,5.455813,4.8858128,4.325813,4.955813,2.155813,-1.394187,1.485813,2.575813,2.395813,3.045813,3.305813,-0.754187,-0.394187,1.145813,-2.034187,-2.564187,-2.414187
-6.064187,-6.194187,-5.224187,-5.024187,-1.374187,-2.144187,-2.054187,-1.874187,-3.774187,-4.104187,-1.654187,-5.094187,-4.774187,-3.204187,0.725813,-2.184187,-1.984187,-1.204187,-0.334187,-0.06418701,0.17581299,-0.334187,1.405813,4.015813,5.445813,4.595813,5.475813,4.845813,1.975813,-1.214187,-4.214187,-1.534187,-0.46418703,0.395813,-0.784187,-1.934187,-3.094187,-2.4841871,-3.244187,-2.704187,-2.714187
-4.104187,-4.124187,-4.134187,-4.704187,-4.964187,-3.664187,-3.854187,-4.3641872,-2.454187,-4.084187,-3.354187,-3.704187,-0.544187,-0.24418701,0.91581297,-1.604187,-3.394187,-1.454187,0.005812988,0.73581296,-1.604187,-2.824187,-1.4241871,-1.1741871,-1.654187,-3.664187,-4.734187,-4.994187,-5.904187,-6.624187,-5.944187,-5.134187,-4.314187,-1.534187,-1.1741871,-3.614187,-0.424187,-2.964187,-2.744187,-2.804187,-2.684187
-3.224187,-3.744187,-1.454187,-2.914187,-3.374187,-2.454187,-5.354187,-4.254187,-2.094187,-5.734187,-3.864187,-2.474187,-3.784187,-5.104187,-5.434187,-4.3641872,-3.324187,-2.214187,-2.304187,-2.284187,-2.844187,-4.244187,-2.634187,-4.644187,-4.3641872,-5.384187,-5.174187,-5.534187,-4.914187,-4.734187,-5.1141872,-5.654187,-2.394187,0.31581298,-2.424187,-0.744187,-1.1741871,-1.414187,1.245813,0.555813,-1.934187
-2.2341871,-1.784187,-1.7941871,-1.824187,-1.254187,-2.644187,-4.394187,-2.774187,-4.014187,-4.934187,-1.474187,-3.064187,-4.074187,-4.584187,-3.664187,-3.194187,-2.784187,-1.454187,-3.114187,-2.644187,-4.974187,-5.1141872,-5.344187,-6.144187,-5.334187,-5.144187,-2.974187,-3.704187,-4.204187,-4.404187,-6.424187,-5.634187,-4.884187,-2.7341871,-4.714187,-4.374187,-1.614187,1.465813,-2.374187,-0.494187,1.465813
-1.274187,-1.574187,-1.554187,-2.334187,-2.944187,-2.904187,-3.454187,-1.744187,-2.274187,0.565813,-1.284187,-2.714187,-2.454187,-2.644187,-2.074187,-1.4241871,-2.804187,-2.384187,-1.404187,-3.114187,-3.334187,-3.834187,-4.034187,-4.844187,-4.644187,-4.604187,-5.244187,-5.494187,-5.374187,-5.714187,-5.474187,-4.654187,-3.684187,-2.284187,-0.624187,0.415813,-1.104187,-1.664187,-0.844187,-0.534187,-2.024187
-0.19418702,-0.58418703,-0.614187,-2.144187,-1.124187,-0.874187,-3.094187,-1.974187,-2.094187,-1.264187,-1.894187,-2.304187,-2.114187,-1.354187,-1.984187,-1.634187,-1.724187,-2.244187,-2.004187,-3.994187,-5.104187,-5.124187,-4.594187,-5.534187,-4.904187,-6.444187,-5.434187,-3.804187,-5.004187,-5.424187,-3.194187,-2.314187,-1.734187,-1.184187,-0.874187,0.355813,0.23581299,0.085812986,0.06581299,-0.554187,-1.414187
0.85581297,0.365813,0.355813,-0.08418701,0.385813,0.37581298,-0.604187,-1.164187,-1.454187,-0.51418704,1.875813,1.7058129,0.34581298,-0.14418702,-0.794187,-1.1741871,-1.104187,-0.304187,-2.274187,-2.9841871,-3.744187,-4.104187,-4.554187,-4.424187,-4.644187,-4.6141872,-4.684187,-4.314187,-4.574187,-3.664187,-3.004187,-2.494187,-1.714187,-3.344187,-2.364187,-1.814187,-0.82418704,-0.664187,-1.114187,0.765813,-1.244187
1.295813,1.195813,1.245813,1.235813,0.54581296,1.175813,1.215813,1.135813,1.275813,0.11581299,1.7058129,0.535813,1.905813,1.905813,0.815813,0.27581298,-0.384187,-0.234187,0.575813,-0.914187,-2.284187,-2.334187,-2.504187,-2.544187,-2.104187,-3.614187,-3.814187,-3.604187,-2.874187,-3.224187,-2.4841871,-2.174187,-1.974187,-2.254187,-2.114187,-1.824187,-2.264187,-1.754187,-1.754187,-0.904187,-0.28418702
1.695813,1.895813,2.415813,1.815813,1.545813,1.0758129,1.605813,1.905813,1.735813,0.66581297,0.895813,1.685813,0.67581296,2.635813,1.725813,1.515813,0.895813,0.085812986,0.775813,0.505813,0.19581299,0.10581299,-0.89418703,-0.14418702,-1.224187,-1.884187,-1.334187,-1.394187,-1.454187,-1.954187,-2.194187,-2.054187,-1.6741871,-2.374187,-2.134187,-2.284187,-1.864187,-1.554187,-2.104187,-0.994187,-0.64418703
3.2658129,2.025813,1.315813,2.585813,2.085813,1.855813,2.065813,2.285813,1.755813,1.5758129,1.375813,1.275813,2.885813,2.335813,2.675813,2.575813,2.105813,1.735813,1.475813,1.915813,1.725813,1.925813,0.535813,0.975813,0.045812987,0.045812987,-0.28418702,-0.814187,-0.364187,-0.734187,-0.724187,-1.184187,-1.114187,-1.014187,-0.364187,-0.554187,-0.874187,-0.37418702,0.49581298,-1.334187,-0.274187
2.125813,2.185813,2.245813,2.155813,2.735813,2.365813,2.615813,2.655813,2.645813,2.045813,0.845813,3.075813,1.835813,0.31581298,2.355813,2.735813,3.685813,3.065813,2.685813,3.325813,2.695813,2.685813,2.245813,1.385813,1.565813,1.745813,1.375813,1.315813,1.2058129,1.2058129,-0.07418701,1.355813,1.5758129,1.435813,1.725813,1.725813,0.595813,2.045813,1.405813,0.73581296,-0.10418701
