wind_kz.json
{"header": {"discipline":0,"disciplineName":"Meteorological products","gribEdition":2,"gribLength":1025,"center":7,"centerName":"US National Weather Service - NCEP(WMC)","subcenter":0,"refTime":"2023-10-05T18:00:00.000Z","significanceOfRT":1,"significanceOfRTName":"Start of forecast","productStatus":0,"productStatusName":"Operational products","productType":1,"productTypeName":"Forecast products","productDefinitionTemplate":0,"productDefinitionTemplateName":"Analysis/forecast at horizontal level/layer at a point in time","parameterCategory":2,"parameterCategoryName":"UnknownDiscipline_0_Category_2","parameterNumber":3,"parameterNumberName":"UnknownParameter_D0_C2_3","parameterUnit":"Unknown","genProcessType":2,"genProcessTypeName":"Forecast","forecastTime":0,"surface1Type":103,"surface1TypeName":"Specified height level above ground","surface1Value":10.0,"surface2Type":255,"surface2TypeName":"Missing","surface2Value":0.0,"gridDefinitionTemplate":0,"gridDefinitionTemplateName":"Latitude_Longitude","numberPoints":615,"shape":6,"shapeName":"Earth spherical with radius of 6,371,229.0 m","gridUnits":"degrees","resolution":48,"winds":"true","scanMode":64,"nx":41,"ny":15,"basicAngle":0,"lo1":47.0,"la1":41.0,"lo2":87.0,"la2":55.0,"dx":1.0,"dy":1.0}, "data":
[rows 0 to 14 of 15, columns 0 to 40 of 41]
0.46345702,-1.076543,2.253457,1.323457,-2.656543,-3.926543,-1.586543,-4.456543,-3.136543,-3.216543,0.71345705,3.003457,1.9934571,1.8634571,-2.8065429,-3.016543,-3.356543,-0.746543,-3.696543,-0.64654297,-2.596543,-4.346543,-3.0765429,-0.70654297,-1.826543,-0.66654295,-1.1265429,0.60345703,1.573457,3.033457,-0.556543,-1.436543,0.17345703,-2.766543,-1.8865429,-1.426543,-1.726543,-1.1165429,-0.91654295,-1.356543,-0.686543
1.903457,1.923457,2.9434571,0.0034570312,-3.0765429,-5.116543,-2.736543,-3.426543,-5.396543,-2.276543,-4.916543,4.623457,-1.686543,1.653457,-3.096543,-3.726543,-0.58654296,-3.266543,-0.806543,-1.786543,1.173457,-2.416543,-1.3765429,1.703457,1.163457,1.773457,-2.0765429,1.9834571,-0.026542969,1.803457,4.0734572,3.6834571,0.733457,-0.90654296,-3.186543,-1.436543,-1.426543,-2.616543,-0.73654294,-1.926543,-0.036542967
1.083457,3.613457,1.393457,-1.276543,-4.056543,-1.456543,-3.406543,-7.396543,-1.666543,-1.946543,-2.666543,-1.4965429,-2.456543,-2.926543,-0.89654297,-2.836543,-2.866543,-3.336543,-3.526543,-0.59654295,2.883457,1.4834571,-1.3865429,-0.04654297,-0.98654294,0.11345703,0.39345703,0.28345704,0.013457031,1.963457,3.563457,0.943457,2.113457,-1.036543,-0.756543,3.163457,3.563457,-0.13654298,-0.48654297,0.48345703,0.96345705
-1.2365429,-0.73654294,0.36345702,-1.596543,-2.276543,0.503457,-1.356543,-6.306543,-2.276543,-2.126543,1.143457,-2.726543,-3.956543,-3.686543,-2.926543,-3.366543,-3.416543,-2.966543,-3.696543,-3.5765429,0.45345703,1.923457,2.663457,-0.506543,-3.366543,-4.866543,-3.606543,-4.256543,-0.37654296,-1.816543,-1.816543,-0.946543,-2.086543,-0.66654295,-0.026542969,-2.886543,-0.65654296,2.6834571,3.353457,0.51345706,0.65345705
-0.70654297,-1.406543,-0.18654297,-0.17654297,-1.596543,3.203457,1.083457,-2.0665429,-7.576543,2.473457,0.27345702,-0.766543,-3.126543,-3.876543,-3.476543,-2.866543,-3.0565429,-2.676543,-3.156543,-3.3265429,-2.966543,-3.096543,-1.196543,-0.996543,-4.046543,-2.376543,-3.686543,-3.3265429,-3.156543,-3.746543,-3.876543,-1.216543,2.6734571,3.473457,-0.946543,-0.91654295,0.013457031,-2.456543,-0.686543,-0.506543,-2.046543
0.743457,-0.21654297,-1.2665429,-0.686543,2.203457,4.033457,2.983457,0.993457,-3.096543,-4.9465427,0.11345703,-0.95654297,-1.546543,-3.8165429,-2.916543,-3.506543,-3.236543,-2.456543,-1.656543,-2.336543,-2.986543,-1.816543,1.143457,-0.23654297,-0.516543,-1.216543,-2.136543,-3.436543,-2.906543,-3.086543,-3.286543,-2.936543,-2.916543,-2.926543,1.043457,2.133457,3.003457,3.873457,0.08345703,-1.0065429,-0.45654297
1.923457,0.863457,0.19345704,0.33345702,3.453457,6.083457,4.743457,3.9234571,1.273457,-1.606543,-2.636543,0.10345703,0.45345703,-0.65654296,-2.266543,-3.0665429,-3.696543,-3.706543,-0.21654297,-0.58654296,-1.686543,-2.166543,-0.78654295,1.823457,0.633457,-0.18654297,-1.326543,-2.346543,-2.846543,-2.796543,-3.746543,-3.786543,-4.216543,-3.996543,-1.656543,-1.7365429,-3.136543,-1.076543,1.323457,0.053457033,2.263457
-3.116543,2.1834571,1.333457,0.08345703,5.003457,3.6934571,6.643457,5.083457,3.613457,0.28345704,-0.766543,1.2634571,2.233457,0.49345702,0.52345705,-1.2465429,-2.426543,-2.866543,-2.8065429,0.573457,-0.876543,-1.2565429,-1.446543,-0.26654297,2.093457,0.85345703,1.223457,-0.38654298,-1.606543,-2.436543,-3.226543,-3.356543,-4.826543,-3.956543,-0.59654295,0.17345703,-0.83654296,-1.7465429,-0.84654295,0.11345703,-1.156543
-2.166543,0.19345704,1.163457,0.91345704,3.4234571,3.273457,3.4234571,5.783457,3.573457,1.943457,0.673457,-1.306543,2.813457,1.683457,0.873457,0.023457032,-0.96654296,-1.786543,-1.936543,-1.566543,0.823457,-0.946543,-1.776543,0.943457,1.053457,1.343457,-0.18654297,0.77345705,0.71345705,-0.45654297,-1.3865429,-2.0665429,-1.086543,-1.586543,-1.096543,-0.38654298,-2.706543,-0.32654297,1.163457,0.38345703,-2.216543
1.083457,-1.686543,-1.4965429,0.31345704,2.663457,3.413457,3.243457,3.993457,3.873457,3.1934571,2.843457,2.223457,2.403457,3.713457,3.053457,2.563457,1.713457,0.54345703,-1.1365429,-2.156543,1.923457,2.163457,-0.79654294,-1.226543,1.4934571,1.413457,0.933457,1.3734571,1.0034571,0.753457,0.803457,0.70345706,-0.17654297,-0.98654294,-1.156543,-0.936543,0.053457033,-1.7665429,-0.59654295,1.533457,2.373457
2.163457,0.71345705,-2.166543,0.97345704,0.573457,3.573457,3.9234571,3.553457,3.723457,2.543457,1.7634571,1.653457,-1.7465429,-0.44654298,3.573457,3.343457,2.703457,2.9434571,2.003457,0.39345703,0.20345703,-0.42654297,0.36345702,-0.506543,-0.17654297,1.333457,1.073457,2.413457,1.543457,2.1834571,1.423457,2.273457,1.433457,0.31345704,0.03345703,-0.516543,-0.60654294,0.72345704,0.04345703,0.18345703,0.063457035
2.243457,2.083457,0.40345705,-0.34654295,-0.026542969,0.71345705,3.033457,2.653457,4.013457,2.853457,1.9834571,1.2334571,1.153457,2.623457,3.073457,1.913457,2.073457,2.863457,2.903457,2.753457,2.463457,1.2434571,1.043457,0.83345705,0.71345705,0.803457,2.523457,3.063457,2.793457,2.623457,0.823457,0.45345703,1.173457,1.683457,1.023457,0.38345703,0.78345704,0.95345706,1.463457,1.353457,1.1234571
-0.85654294,3.023457,3.623457,2.753457,0.053457033,0.04345703,0.70345706,3.823457,3.333457,2.233457,1.713457,1.083457,2.503457,2.383457,1.933457,2.023457,1.9934571,2.453457,3.013457,3.033457,3.353457,3.223457,2.743457,2.463457,2.103457,2.123457,2.333457,2.9234571,2.843457,1.953457,1.6134571,1.1334571,1.203457,1.973457,2.223457,1.813457,1.4934571,1.223457,1.8834571,1.293457,1.1134571
0.83345705,-0.826543,2.383457,2.9334571,2.453457,0.673457,0.08345703,1.523457,2.533457,2.813457,2.883457,1.673457,1.953457,2.403457,2.033457,2.413457,3.033457,2.6734571,2.953457,3.463457,3.343457,3.333457,3.473457,3.223457,2.9234571,2.453457,2.053457,2.843457,2.803457,2.483457,2.263457,2.1734571,2.213457,2.333457,1.5134571,1.833457,1.573457,1.333457,1.4834571,1.783457,2.1734571
1.293457,1.183457,1.603457,3.1734571,3.003457,2.963457,2.523457,1.183457,0.863457,-0.54654294,1.403457,2.663457,2.483457,0.79345703,1.103457,1.093457,1.953457,2.533457,3.333457,3.063457,3.303457,3.513457,3.4234571,3.203457,3.293457,3.033457,2.993457,2.873457,2.763457,2.783457,2.733457,3.543457,2.723457,2.713457,2.733457,2.483457,2.633457,3.133457,2.283457,2.793457,1.3834571
