wind_kz.json
{"header": {"discipline":0,"disciplineName":"Meteorological products","gribEdition":2,"gribLength":1102,"center":7,"centerName":"US National Weather Service - NCEP(WMC)","subcenter":0,"refTime":"2023-08-22T12:00:00.000Z","significanceOfRT":1,"significanceOfRTName":"Start of forecast","productStatus":0,"productStatusName":"Operational products","productType":1,"productTypeName":"Forecast products","productDefinitionTemplate":0,"productDefinitionTemplateName":"Analysis/forecast at horizontal level/layer at a point in time","parameterCategory":2,"parameterCategoryName":"UnknownDiscipline_0_Category_2","parameterNumber":3,"parameterNumberName":"UnknownParameter_D0_C2_3","parameterUnit":"Unknown","genProcessType":2,"genProcessTypeName":"Forecast","forecastTime":0,"surface1Type":103,"surface1TypeName":"Specified height level above ground","surface1Value":10.0,"surface2Type":255,"surface2TypeName":"Missing","surface2Value":0.0,"gridDefinitionTemplate":0,"gridDefinitionTemplateName":"Latitude_Longitude","numberPoints":615,"shape":6,"shapeName":"Earth spherical with radius of 6,371,229.0 m","gridUnits":"degrees","resolution":48,"winds":"true","scanMode":64,"nx":41,"ny":15,"basicAngle":0,"lo1":47.0,"la1":41.0,"lo2":87.0,"la2":55.0,"dx":1.0,"dy":1.0}, "data":
[rows 0 to 14 of 15, columns 0 to 40 of 41]
1.9285767,2.4385767,-3.2414234,8.188577,3.8585768,-0.99142337,-3.2414234,-4.011423,-1.3714234,0.55857664,-2.8814232,-4.5414233,-4.5914235,-3.5414233,-3.4914234,-2.0814233,-1.8314233,-3.0114233,-4.6314235,-2.5814233,-3.5514233,0.36857665,-2.0314233,-1.0114233,5.818577,1.8785766,1.4585767,1.7085767,-2.2414234,-0.46142334,-3.1114233,1.0885767,3.6485767,4.3285766,2.1585767,3.2485766,-4.9214234,0.28857666,-0.33142334,1.5585767,-0.48142335
-1.6514233,-3.2014234,0.7685767,6.6885767,4.338577,0.8285767,-3.0214233,1.4885767,1.8085767,1.2785766,-2.0814233,-1.4714234,-2.3414233,-4.7314234,-5.511423,-2.9914234,-3.1414232,-2.2814233,-2.2614233,-1.3614234,-1.2614233,-1.7914233,-3.0514233,-2.8914232,0.84857666,-0.09142334,-6.2914233,-2.4514234,-1.1114234,-3.0514233,-3.4214234,-1.7314234,-2.1014233,-2.3414233,-2.8814232,-9.421423,-9.571424,-9.781424,0.41857666,2.9085767,-0.31142333
1.2685766,2.6385767,4.6985765,5.1985765,3.5185766,2.7385767,3.4885767,3.6585767,0.6985767,1.2485766,-0.22142334,0.13857666,-0.8514233,-5.891423,-3.0714233,-5.5414233,-6.0614233,-5.6114235,-3.5614233,-1.6814233,-1.4914234,-0.5414233,-0.38142335,-0.9214233,-2.9614234,2.0885766,6.238577,3.8285766,0.7685767,2.2085767,-1.5314233,-2.7314234,-1.0814233,-1.6714233,1.2585766,1.4285767,-4.2114234,-2.8814232,-0.12142334,1.8685766,-2.1714234
-6.4614234,5.0985765,4.3985767,3.6685767,3.0285766,4.068577,3.0585766,-0.45142335,-2.6314232,-2.6614234,-3.4514234,0.50857663,0.6485767,-0.8014233,-4.5314236,-3.7014234,-3.6314232,-4.8614235,-3.7514234,-3.0114233,1.5785767,2.2185767,1.1685767,-6.261423,-4.5814233,-0.7914233,-4.8014235,-5.1114235,-6.2714233,-4.0314236,-4.8214235,-1.9914234,-2.2614233,7.778577,1.7585766,-0.07142334,-2.4114234,-0.6014233,-1.6714233,-2.3514233,-3.8714232
2.7385767,4.1685767,4.1885767,3.0385766,-1.3914233,-4.741423,-7.491423,1.3685766,-1.0414233,-1.4214233,0.12857667,-0.84142333,2.0485766,2.6485767,0.13857666,-1.1914233,-2.8314233,-4.9014235,-6.1114235,-0.84142333,0.72857666,-1.5214233,0.31857666,3.9085767,2.2185767,0.60857666,-4.0614233,-4.5414233,-1.0614233,-3.6014233,-5.9014235,-4.391423,-1.2014233,-1.7114234,-0.7314233,3.1885767,1.0885767,-0.12142334,-1.4814234,-2.2814233,-1.6214234
0.71857667,6.5385766,7.0785766,4.0785766,3.6185768,1.6785767,-0.93142337,2.0185766,1.6085767,1.2385767,-1.0714233,-3.0914233,4.8085766,4.6285768,3.1185768,-0.21142334,-1.6414233,-1.3014233,-4.451423,-4.4614234,-3.7614233,-3.7214234,-3.2714233,3.0885766,-1.0714233,-0.90142334,-0.7314233,-1.3114233,-2.4514234,-0.8614233,-2.5014234,-5.4014235,-2.0514233,-4.6214232,-1.5714233,-0.17142335,-3.4814234,-3.0314233,2.9985766,-2.1114233,-2.9814234
-1.8414234,0.15857667,-1.7814233,8.758576,6.3985767,5.988577,5.318577,4.9985766,9.468576,3.2385767,-7.4814234,0.03857666,-0.29142335,-2.3014233,-2.7214234,3.5685766,0.67857665,-0.90142334,-2.2014234,-3.3814232,-1.0414233,-5.0714235,-2.8714232,-3.9714234,-0.8014233,0.90857667,2.5985765,3.4985766,3.4385767,0.5885767,-4.8214235,-0.9114233,0.92857665,-0.83142334,-6.391423,-4.5014234,-5.2714233,-6.741423,-4.181423,-2.6014233,-6.6214232
-1.0714233,-1.6514233,-1.1914233,-1.4014233,-7.1714234,-1.8614234,4.798577,4.8985767,2.8685768,0.40857667,12.8885765,-0.19142334,-1.5214233,1.2185767,2.6585767,-0.95142335,0.23857667,-0.45142335,-0.88142335,-1.9414233,-2.7414234,-2.9614234,0.28857666,-5.4614234,-2.8714232,-0.76142335,1.2485766,0.25857666,0.22857666,-1.1614233,-4.2114234,-13.091423,0.73857665,2.7585766,-0.39142334,-1.1414233,1.4685767,0.68857664,-2.3014233,1.6185766,-0.18142334
-2.0214233,-0.5414233,0.6485767,-0.78142333,4.6385765,5.068577,-1.6314234,2.5885766,-7.681423,5.0385766,9.178576,6.2485766,7.4085765,3.8585768,1.2685766,-3.0014234,2.9185767,-1.1314234,-1.1314234,-1.9814234,-2.6214232,-3.6514235,-0.96142334,2.8385766,4.3285766,0.6485767,-0.6014233,0.71857667,1.1885767,-1.1914233,-2.8514233,-3.8914232,-3.2314234,-3.0714233,-3.5914233,-3.1614234,-3.6114233,-3.0414233,-4.3014235,-3.4014235,-1.3614234
-4.681423,-3.2014234,-3.4214234,-2.7614233,-2.6914234,3.0685766,9.328577,-7.5714235,8.978577,-0.22142334,-7.4614234,-1.5014234,-3.6114233,-2.1014233,-3.2514234,3.3885767,-2.4414234,-0.21142334,0.00857666,0.36857665,-1.3414234,-3.0914233,-4.951423,-4.4214234,-3.3614233,-0.34142333,3.9885767,-0.29142335,-3.8614233,5.1585765,2.7985766,-3.3614233,11.458576,0.30857667,-0.81142336,-2.5814233,-0.59142333,0.35857666,-0.25142333,-1.1914233,-1.0914234
-3.9514234,-5.261423,-3.5114233,-1.8514234,2.4285767,-1.2714233,0.60857666,-0.77142334,2.6285768,0.10857666,-1.1014234,-1.8314233,-0.87142336,1.8685766,-0.49142334,-0.41142333,-3.1114233,1.4385767,-0.02142334,-1.0614233,0.93857664,-1.4914234,-2.6014233,-3.0314233,-2.3914232,-2.2814233,-0.38142335,-1.2814233,-8.381423,-0.19142334,3.2385767,0.55857664,-1.9714234,-2.4614234,-2.2514234,-1.6214234,-0.37142333,-1.2914233,-2.4414234,-2.0514233,0.18857665
-4.3314233,-4.491423,-6.3114233,-5.911423,-0.11142334,-0.5414233,-2.8514233,-3.3914232,0.22857666,1.2485766,0.13857666,-0.35142335,-2.6814234,1.7485766,-1.7914233,0.8985767,-0.52142334,-0.17142335,-1.8414234,-1.4014233,-0.25142333,-1.2214234,-1.9114233,-2.2514234,-2.0614233,-3.7914233,-4.5414233,-5.5014234,-4.0414233,4.4385767,0.61857665,1.4885767,1.8785766,1.2585766,1.8885766,-0.33142334,-1.1314234,-1.6614233,-0.9814233,-1.4414233,-1.0714233
-0.77142334,-1.2714233,0.08857666,-1.7314234,-4.8514233,-2.9414234,-3.4814234,-0.9114233,-0.27142334,-0.84142333,0.11857666,-1.1514233,-1.2814233,-2.2814233,-4.3614235,1.0185766,2.1185768,0.16857666,1.8085767,0.55857664,0.01857666,0.7785767,0.28857666,-2.7314234,-2.9314234,-2.6414232,-3.2014234,-3.3614233,-2.6714234,-2.3014233,-0.28142333,5.0385766,3.8785768,4.2085767,2.3485765,1.7385767,1.5485767,0.42857665,0.68857664,1.6185766,0.14857666
-2.0014234,-3.1114233,-2.9714234,-3.7114234,-0.17142335,2.9385767,-2.6214232,0.43857667,-1.2814233,-2.7814233,-2.8514233,-1.1214234,2.0085766,0.6385767,-0.31142333,-1.4414233,-1.1614233,0.05857666,-0.9214233,-0.51142335,0.23857667,-0.23142333,-1.2114234,-1.2814233,-1.4214233,-1.4714234,-1.5314233,-1.6414233,-2.4414234,-2.5314233,0.12857667,5.1685767,5.0985765,3.8085766,2.9385767,2.4485767,1.7885766,0.61857665,1.2285767,0.98857665,-1.5114233
-2.6814234,-3.2514234,1.1385766,-2.9014235,-3.0514233,-1.9514233,-2.3114233,-1.4414233,-2.0814233,-1.5414233,-0.35142335,-0.8014233,-1.4514233,0.93857664,1.9085766,-0.09142334,-0.25142333,-0.31142333,-1.0714233,-1.7114234,-1.1914233,0.21857665,1.0485767,-0.52142334,-1.4714234,-2.6714234,-2.8814232,-2.8414233,-3.8714232,-2.2714233,0.16857666,5.3285766,6.0585766,4.2085767,3.4685767,2.5785766,1.6285766,2.8285766,1.2985767,1.2885766,-0.34142333
