wind_kz.json
{"header": {"discipline":0,"disciplineName":"Meteorological products","gribEdition":2,"gribLength":1025,"center":7,"centerName":"US National Weather Service - NCEP(WMC)","subcenter":0,"refTime":"2023-10-02T18:00:00.000Z","significanceOfRT":1,"significanceOfRTName":"Start of forecast","productStatus":0,"productStatusName":"Operational products","productType":1,"productTypeName":"Forecast products","productDefinitionTemplate":0,"productDefinitionTemplateName":"Analysis/forecast at horizontal level/layer at a point in time","parameterCategory":2,"parameterCategoryName":"UnknownDiscipline_0_Category_2","parameterNumber":2,"parameterNumberName":"UnknownParameter_D0_C2_2","parameterUnit":"Unknown","genProcessType":2,"genProcessTypeName":"Forecast","forecastTime":120,"surface1Type":103,"surface1TypeName":"Specified height level above ground","surface1Value":10.0,"surface2Type":255,"surface2TypeName":"Missing","surface2Value":0.0,"gridDefinitionTemplate":0,"gridDefinitionTemplateName":"Latitude_Longitude","numberPoints":615,"shape":6,"shapeName":"Earth spherical with radius of 6,371,229.0 m","gridUnits":"degrees","resolution":48,"winds":"true","scanMode":64,"nx":41,"ny":15,"basicAngle":0,"lo1":47.0,"la1":41.0,"lo2":87.0,"la2":55.0,"dx":1.0,"dy":1.0}, "data":
[rows 0 to 14 of 15, columns 0 to 40 of 41]
-0.613772,0.15622802,2.376228,6.686228,5.716228,2.416228,3.116228,3.256228,-3.503772,-2.953772,-2.233772,0.41622803,-1.313772,-2.523772,-2.953772,-3.263772,-2.083772,0.28622803,-0.89377195,-1.253772,-3.053772,-2.493772,-2.213772,-2.273772,0.85622805,-1.823772,-2.973772,-0.543772,0.016228028,-1.303772,-0.75377196,2.016228,-0.19377197,0.016228028,-0.853772,-0.27377197,-0.053771973,-0.12377197,0.44622803,0.16622803,-0.62377197
2.066228,0.896228,2.936228,1.8862281,1.236228,0.92622805,2.216228,1.596228,-2.943772,-2.843772,-1.7237719,-2.883772,-3.503772,-2.393772,-2.543772,-2.303772,-2.213772,-1.393772,-1.883772,-3.723772,-3.733772,-3.313772,-1.513772,-2.4137719,-0.18377197,1.206228,-0.50377196,0.61622804,-2.733772,-0.743772,-0.023771973,-0.44377196,-1.063772,-2.223772,0.336228,0.16622803,-0.63377196,-0.533772,-0.46377197,0.956228,-4.333772
1.2662281,0.18622802,1.226228,1.376228,0.31622803,2.026228,2.296228,1.746228,0.24622802,-0.31377196,0.106228024,-3.373772,-3.243772,-3.183772,-1.743772,-2.353772,-3.363772,-2.6737719,-2.133772,-2.4037719,-2.593772,-1.4737719,-0.82377195,-2.143772,-0.21377197,-2.583772,-2.683772,-1.2137719,-2.763772,-0.18377197,-0.523772,1.726228,-0.12377197,0.576228,-0.713772,-1.943772,0.04622803,-0.13377197,3.3462281,-0.523772,0.62622803
3.246228,3.146228,3.976228,3.436228,3.636228,2.356228,1.456228,1.816228,3.136228,2.186228,-2.513772,-3.983772,-4.383772,-3.523772,-2.343772,-2.233772,-2.353772,-2.593772,-2.533772,-2.6537719,-1.303772,-0.88377196,-1.313772,-2.683772,-2.983772,-1.943772,-1.903772,-2.513772,-0.033771973,-1.513772,-1.493772,-0.903772,1.1462281,4.286228,-0.24377197,0.24622802,-1.403772,2.0762281,-0.20377198,0.596228,-1.1037719
3.466228,3.456228,4.816228,5.826228,5.306228,3.966228,3.106228,1.846228,3.0762281,3.756228,-2.293772,-2.613772,-2.483772,-0.613772,-1.773772,0.596228,-1.423772,-0.923772,-1.4837719,-1.063772,0.22622803,0.61622804,-2.833772,-2.433772,-1.253772,0.24622802,1.126228,2.016228,-1.313772,-2.233772,-2.553772,-2.9137719,-1.1037719,1.076228,0.47622803,1.2862281,0.536228,0.41622803,-0.603772,-1.8437719,-2.523772
4.176228,3.236228,4.006228,3.066228,4.266228,5.446228,4.386228,3.8362281,2.0862281,2.256228,-1.493772,-1.783772,-0.013771973,1.1362281,0.39622802,0.68622804,-0.57377195,-2.343772,-0.70377195,1.256228,0.39622802,-2.233772,-1.443772,0.336228,2.316228,3.0962281,2.526228,-3.4237719,-1.9737719,-3.763772,-2.853772,-2.123772,-1.923772,-1.683772,0.0062280274,-1.673772,-0.33377197,2.216228,2.136228,-1.993772,-2.063772
3.516228,3.296228,3.216228,2.126228,2.616228,3.006228,1.056228,4.616228,3.686228,3.706228,1.7862281,1.326228,-0.15377197,0.786228,2.0762281,1.576228,0.45622802,-1.0937719,-0.903772,-0.09377197,-0.32377198,-2.633772,-1.513772,0.43622804,2.8362281,-2.523772,-1.633772,-1.703772,-1.813772,-1.273772,-0.87377197,0.27622804,1.466228,1.0362281,-0.14377198,-0.17377198,-1.283772,2.976228,0.17622803,-0.21377197,1.756228
3.746228,3.926228,4.696228,3.866228,1.6362281,1.956228,3.486228,3.216228,1.376228,2.666228,1.946228,1.196228,1.326228,1.1562281,1.806228,1.616228,1.206228,-0.15377197,1.2762281,0.13622802,-0.083771974,-2.853772,-1.943772,-1.253772,-1.073772,-1.313772,-1.193772,-1.423772,-0.32377198,1.316228,-0.013771973,3.156228,-1.663772,1.6562281,1.316228,1.716228,1.666228,0.87622803,-1.573772,-2.043772,-1.563772
3.796228,3.376228,2.806228,3.366228,2.476228,0.81622803,1.976228,3.0762281,4.736228,2.416228,2.856228,1.866228,1.836228,2.496228,1.196228,0.47622803,0.776228,0.18622802,1.626228,-0.113771975,-0.593772,-2.193772,-3.083772,-1.773772,-1.873772,-2.473772,-1.6137719,-2.003772,-1.693772,-1.6137719,-2.853772,-1.653772,-0.983772,-1.543772,-0.663772,-0.50377196,0.20622803,-1.503772,-0.28377196,1.116228,-0.95377195
4.316228,6.016228,2.3462281,3.196228,2.5762281,1.5162281,0.99622804,2.486228,4.2062283,6.026228,4.266228,4.446228,2.636228,1.5362281,2.116228,0.38622802,0.46622804,-0.25377196,0.026228027,-0.33377197,-2.713772,-2.6537719,-2.793772,-2.6637719,-3.203772,-3.383772,-3.633772,-3.713772,-3.263772,-3.273772,-1.403772,-0.69377196,0.27622804,0.35622802,0.48622802,0.98622805,-1.633772,-0.34377196,-1.043772,0.886228,-0.93377197
4.246228,4.946228,3.3362281,3.606228,3.036228,2.856228,1.7862281,0.366228,2.526228,3.776228,5.286228,4.216228,5.156228,1.976228,2.256228,0.91622806,-0.37377197,-0.033771973,-0.33377197,-0.56377196,-1.693772,-2.033772,-2.553772,-2.743772,-2.233772,-2.583772,-2.193772,-2.043772,-1.9837719,-1.053772,0.18622802,1.236228,-0.26377198,0.28622803,0.976228,-0.62377197,-1.123772,0.26622802,-0.62377197,1.2662281,-1.153772
2.8362281,3.366228,4.226228,6.056228,6.086228,2.366228,-1.073772,-0.51377195,1.336228,1.706228,4.296228,6.236228,6.616228,5.286228,1.5262281,0.956228,0.67622805,0.27622804,-0.45377198,0.38622802,-0.28377196,-1.373772,-0.57377195,-0.733772,-0.15377197,0.45622802,-0.89377195,-0.843772,-1.073772,-0.04377197,0.85622805,1.046228,-0.25377196,-0.76377195,0.036228027,-0.46377197,0.27622804,-0.12377197,0.29622802,-0.14377198,-0.053771973
3.306228,2.8262281,3.546228,2.946228,2.246228,1.346228,-0.62377197,0.056228027,1.696228,2.156228,3.046228,4.316228,5.386228,5.986228,5.246228,0.526228,0.516228,0.516228,-0.15377197,-0.053771973,-0.76377195,-0.533772,0.366228,0.036228027,2.156228,1.816228,2.266228,0.066228025,0.19622803,0.846228,1.306228,1.106228,0.22622803,-0.18377197,0.54622805,0.516228,0.696228,0.28622803,0.656228,0.12622803,-0.413772
3.066228,4.116228,4.9562283,5.156228,1.956228,1.856228,1.586228,1.426228,1.2762281,2.8262281,3.226228,3.446228,5.516228,5.946228,5.966228,1.996228,0.596228,0.26622802,-0.073771976,0.79622805,0.946228,0.506228,1.346228,1.096228,0.25622803,-0.723772,-0.17377198,0.966228,1.326228,2.0862281,2.106228,1.376228,1.416228,1.176228,1.306228,1.0262281,0.55622804,-0.47377196,-0.46377197,0.24622802,-0.35377198
1.556228,3.3262281,5.996228,4.146228,3.776228,1.706228,2.006228,2.186228,1.586228,2.5762281,2.686228,5.246228,2.766228,3.456228,4.546228,3.526228,1.416228,0.786228,0.44622803,0.80622804,0.91622806,-0.053771973,-0.553772,-0.773772,-0.603772,-0.15377197,0.906228,1.466228,2.116228,2.216228,2.246228,1.626228,1.806228,1.916228,1.616228,1.966228,0.39622802,1.3862281,1.116228,0.12622803,-1.063772
