wind_kz.json
{"header": {"discipline":0,"disciplineName":"Meteorological products","gribEdition":2,"gribLength":1025,"center":7,"centerName":"US National Weather Service - NCEP(WMC)","subcenter":0,"refTime":"2023-08-27T12:00:00.000Z","significanceOfRT":1,"significanceOfRTName":"Start of forecast","productStatus":0,"productStatusName":"Operational products","productType":1,"productTypeName":"Forecast products","productDefinitionTemplate":0,"productDefinitionTemplateName":"Analysis/forecast at horizontal level/layer at a point in time","parameterCategory":2,"parameterCategoryName":"UnknownDiscipline_0_Category_2","parameterNumber":3,"parameterNumberName":"UnknownParameter_D0_C2_3","parameterUnit":"Unknown","genProcessType":2,"genProcessTypeName":"Forecast","forecastTime":240,"surface1Type":103,"surface1TypeName":"Specified height level above ground","surface1Value":10.0,"surface2Type":255,"surface2TypeName":"Missing","surface2Value":0.0,"gridDefinitionTemplate":0,"gridDefinitionTemplateName":"Latitude_Longitude","numberPoints":615,"shape":6,"shapeName":"Earth spherical with radius of 6,371,229.0 m","gridUnits":"degrees","resolution":48,"winds":"true","scanMode":64,"nx":41,"ny":15,"basicAngle":0,"lo1":47.0,"la1":41.0,"lo2":87.0,"la2":55.0,"dx":1.0,"dy":1.0}, "data":
[rows 0 to 14 of 15, columns 0 to 40 of 41]
1.7291602,0.38916016,-4.0408397,-7.3308396,-3.3808398,-3.9408398,-1.8908398,0.46916017,-0.71083987,-1.4408399,-2.6808398,-3.1108398,-2.5808399,-3.27084,-3.6808398,-4.59084,-4.2708397,-2.30084,-3.6408398,-3.6208398,-2.1008399,-3.4408398,-3.3908398,0.78916013,3.3191602,1.7191602,1.5491601,1.7091602,-3.3508399,-3.06084,-3.29084,-1.8708398,-0.8808398,3.4091601,1.6891601,-1.5908399,-1.9808398,-0.87083983,-5.42084,-0.72083986,2.1391602
-1.6608398,-2.3708398,-7.36084,-4.24084,3.49916,-1.8908398,-0.49083984,-2.4808397,-1.9208398,-2.30084,-5.5608397,-4.78084,-3.79084,-4.41084,-3.2308397,-4.36084,-2.53084,-2.2108397,-1.5508399,-4.15084,-3.6008399,-2.3708398,-1.3108399,-0.43083984,2.70916,2.8991601,2.21916,1.5191602,-0.35083985,-2.31084,-1.3808398,-2.4308398,-0.97083986,-1.5008398,1.8791602,3.0591602,3.0691602,-1.6708398,1.2891601,-0.80083984,-0.77083987
-4.44084,-7.07084,-6.97084,1.1491601,1.3791602,0.059160158,0.46916017,-1.3908398,-3.4608397,-2.6908398,-4.0408397,-4.01084,-5.9808397,-5.32084,-3.1008399,-3.9008398,-3.3508399,-3.4308398,-3.4508398,-3.7308397,-1.7508398,-2.9808397,-0.040839843,0.40916017,-2.8808398,-1.0808399,-3.1308398,-3.7108397,-3.28084,-1.7208399,-1.6208398,-0.37083983,-2.4508398,2.69916,0.019160157,-1.1308398,-0.92083985,2.3291602,0.87916017,0.29916015,0.8091602
-3.01084,-4.8108397,-4.5408397,-0.32083985,-0.42083985,-3.01084,-0.80083984,-5.74084,-1.9508399,-2.05084,-2.1708398,-2.3608398,-2.6408398,-3.25084,-4.91084,-3.01084,-2.30084,-4.8308396,-4.7908397,-6.13084,-4.5008397,-1.0708399,0.37916017,-1.1908399,-0.91083986,-1.3308399,-2.1908398,-1.1008399,0.9991602,1.9091601,2.0391603,0.83916014,0.39916015,-1.0808399,0.35916016,1.0391601,-0.8308399,1.4991602,-0.100839846,-1.4808398,-3.32084
4.94916,2.5491602,0.52916014,-0.5008398,-5.14084,-0.19083984,-1.5008398,-1.9708399,-5.2508397,-1.1008399,-2.6408398,-0.65083987,1.5691601,-0.28083983,-1.8808398,-2.49084,-2.78084,-2.25084,-4.45084,-3.05084,-2.6408398,-0.73083985,0.24916016,-0.66083986,-0.61083984,0.39916015,-0.44083986,-5.38084,1.9791602,-2.5908399,-2.6708398,-1.3808398,-2.00084,-1.0008398,0.19916016,1.8991601,0.48916015,1.3891602,1.3891602,-1.9408399,-1.6408398
-5.0208397,-4.4608397,5.85916,4.10916,1.6091602,3.42916,-1.5308398,-4.76084,-6.7508397,-1.7708398,-0.38083985,0.15916015,4.63916,4.56916,2.43916,-1.4008398,-2.05084,-1.8308399,-1.6708398,-0.46083984,-0.84083986,-0.73083985,-1.2508398,-0.16083984,0.20916015,0.13916016,2.97916,-1.5108398,0.25916016,0.09916016,-0.73083985,-3.1508398,-3.29084,-3.2208397,-1.4108398,1.4591602,-1.4908398,0.50916016,3.21916,-1.0808399,-0.33083984
-2.6908398,-5.20084,-5.44084,-7.88084,-1.2108399,3.99916,7.21916,6.11916,2.5791602,-1.1508398,-0.8208398,-0.71083987,-1.2108399,-1.3708398,-0.5108398,0.82916015,0.95916015,-0.060839843,0.029160157,-0.5708398,-0.16083984,0.84916013,0.28916016,0.82916015,0.14916016,-0.30083984,0.31916016,3.0691602,5.69916,4.3991604,2.44916,3.92916,3.1591601,1.6291602,3.8891602,1.0791602,2.6491601,2.5391603,-0.72083986,1.2691602,2.3191602
-2.24084,-4.5208397,-6.0808396,-6.74084,-6.93084,-5.76084,-5.66084,-4.30084,-2.80084,-2.03084,-1.1408398,-1.9708399,-2.1208398,-2.01084,-2.3808398,-0.85083985,-1.8108399,-2.3308399,-0.32083985,0.5591602,0.41916016,0.5491602,0.53916013,2.1091602,2.0291603,1.5291601,0.75916016,0.39916015,2.5191603,2.22916,2.8391602,2.0791602,3.2891603,4.61916,2.44916,-0.32083985,2.5391603,0.93916017,-0.48083985,1.4791602,1.3591602
-2.26084,-5.90084,-6.61084,-7.4808397,-6.59084,-5.57084,-6.11084,-5.8308396,-6.13084,-6.39084,-5.5808396,-4.67084,-4.97084,-4.4808397,-5.03084,-4.6008396,-3.9608397,-3.8908398,-4.11084,-2.77084,-0.72083986,0.40916017,-2.6708398,-2.54084,-2.6808398,1.5691601,3.49916,1.9091601,1.5591601,0.9291602,1.3991601,3.98916,4.10916,3.1091602,3.0591602,3.6291602,0.97916013,2.00916,-0.020839844,0.13916016,0.069160156
-5.80084,-5.64084,-6.80084,-6.53084,-6.51084,-7.01084,-6.5208397,-6.55084,-6.7908397,-6.63084,-5.95084,-3.77084,-4.8508396,-4.93084,-4.2108397,-3.49084,-3.80084,-4.2108397,-3.99084,-2.74084,-1.8608398,-0.81083983,-2.00084,-1.8908398,-2.82084,-3.1508398,-1.0008398,0.17916016,-0.74083984,0.42916015,-3.01084,-3.51084,-2.8708398,-4.22084,-1.8108399,1.3691602,1.2291602,-1.2008399,1.5491601,2.6091602,1.3291602
-4.84084,-6.72084,-6.39084,-6.2708397,-5.7508397,-5.4608397,-5.2308397,-5.0208397,-5.7308397,-6.12084,-4.61084,-2.8308399,-3.31084,-3.1508398,-2.9208398,-3.25084,-3.8608398,-3.56084,-3.6108398,-2.49084,-2.9808397,-2.52084,-2.82084,-2.7108397,-1.3108399,0.23916015,-1.4208398,-2.32084,-2.6208398,-3.27084,-2.8508399,-4.20084,-0.35083985,-1.4508399,2.46916,1.0591601,1.4191601,3.47916,4.67916,2.18916,0.97916013
-5.0608397,-4.88084,-5.44084,-5.38084,-5.68084,-5.38084,-5.2908397,-5.51084,-5.6008396,-6.13084,-5.4808397,-4.65084,-1.2908398,-1.7808398,-2.24084,-3.51084,-3.9708397,-3.6708398,-3.3908398,-2.75084,-2.2108397,-2.26084,-1.9208398,-1.1808399,-1.0508399,-0.9508398,-0.97083986,1.2091602,1.0391601,-0.12083984,-0.78083986,-1.1508398,-1.7208399,-1.3308399,-1.7208399,-0.110839844,1.8591602,-2.9508398,2.97916,1.1691601,0.94916016
-4.5008397,-5.24084,-5.62084,-4.9608397,-5.3508396,-4.24084,-5.4608397,-5.9608397,-6.53084,-5.62084,-4.0608397,-4.42084,-5.28084,-3.3708398,-2.77084,-2.5908399,-3.03084,-2.8708398,-2.4108398,-1.5808399,-0.45083985,-0.6308398,-1.0308398,-1.2308398,-2.54084,-2.25084,-1.3608398,-1.7108399,0.16916016,-0.66083986,-1.2808398,0.13916016,3.3291602,2.98916,1.7591602,0.40916017,-1.8608398,-1.2008399,1.4491601,-1.0508399,2.24916
-4.5008397,-4.94084,-5.13084,-5.86084,-5.69084,-5.62084,-5.39084,-5.74084,-5.51084,-5.15084,-3.3308399,-3.4208398,-5.44084,-2.7308397,-3.7208397,-2.8808398,-1.9508399,-2.4108398,-2.32084,-1.8608398,-0.7508398,-0.31083983,0.21916015,0.70916015,0.53916013,0.079160154,-0.24083984,0.14916016,-0.15083985,-0.7608398,-0.74083984,-0.5808399,-0.060839843,-0.17083985,-0.33083984,1.8191601,2.18916,0.21916015,-1.2108399,2.96916,3.3791602
-3.1408398,-4.8508396,-4.26084,-4.9608397,-5.07084,-5.05084,-5.28084,-5.63084,-5.61084,-4.68084,-2.50084,-2.9008398,-2.6908398,-3.02084,-3.54084,-2.7108397,-2.6808398,-2.6808398,-2.7108397,-2.4008398,-1.1908399,-0.40083984,0.22916016,1.0191602,0.58916014,0.8691602,1.2991601,1.1291602,0.95916015,1.1191602,1.9391601,2.5291603,0.68916017,0.48916015,0.18916015,0.109160155,-0.25083983,0.93916017,2.47916,0.43916017,2.7891603
