wind_kz.json
{"header": {"discipline":0,"disciplineName":"Meteorological products","gribEdition":2,"gribLength":1102,"center":7,"centerName":"US National Weather Service - NCEP(WMC)","subcenter":0,"refTime":"2023-09-08T00:00:00.000Z","significanceOfRT":1,"significanceOfRTName":"Start of forecast","productStatus":0,"productStatusName":"Operational products","productType":1,"productTypeName":"Forecast products","productDefinitionTemplate":0,"productDefinitionTemplateName":"Analysis/forecast at horizontal level/layer at a point in time","parameterCategory":2,"parameterCategoryName":"UnknownDiscipline_0_Category_2","parameterNumber":2,"parameterNumberName":"UnknownParameter_D0_C2_2","parameterUnit":"Unknown","genProcessType":2,"genProcessTypeName":"Forecast","forecastTime":60,"surface1Type":103,"surface1TypeName":"Specified height level above ground","surface1Value":10.0,"surface2Type":255,"surface2TypeName":"Missing","surface2Value":0.0,"gridDefinitionTemplate":0,"gridDefinitionTemplateName":"Latitude_Longitude","numberPoints":615,"shape":6,"shapeName":"Earth spherical with radius of 6,371,229.0 m","gridUnits":"degrees","resolution":48,"winds":"true","scanMode":64,"nx":41,"ny":15,"basicAngle":0,"lo1":47.0,"la1":41.0,"lo2":87.0,"la2":55.0,"dx":1.0,"dy":1.0}, "data":
[rows 0 to 14 of 15, columns 0 to 40 of 41]
9.198626,5.0086255,1.1886255,7.0986257,6.4586253,7.2586255,8.688625,9.098625,11.428625,11.058625,6.7886257,8.428625,6.3586254,4.2386255,0.4886255,-2.3413744,-3.6813745,-4.9613743,-4.7413745,-5.0813746,-3.3313744,-0.5513745,-1.8413745,3.5686255,2.0386255,2.4186256,3.5386255,4.8286257,2.6086254,1.0786254,-2.1613746,0.98862547,-1.4713745,-4.8213744,-4.2713747,-1.8513745,-2.4613745,-3.3913746,-4.2113743,-3.1713746,-2.3213744
1.4186255,0.79862547,9.238626,8.288626,8.318625,6.9786253,8.088626,9.2786255,8.258625,8.128626,4.9486256,5.1086254,2.2286255,2.3686254,-2.1213746,-3.8013744,-5.2013745,-5.4313745,-5.6113744,-4.9713745,-3.9913745,-1.0213745,-2.9113746,1.6186255,4.4186254,0.4686255,1.1986254,3.4486256,0.3986255,2.3286254,0.8986255,-1.4813745,-2.6413746,0.22862549,-0.06137451,-4.6213746,-4.3513746,-2.6413746,-0.69137454,-1.4413745,-2.3113744
10.988626,13.818625,16.228626,13.988626,11.2786255,7.8586254,3.3186255,7.1586256,6.5086255,-0.101374514,0.4586255,-6.4213743,-4.6613746,-6.9413743,-5.9913745,-5.6613746,-5.6213746,-5.1613746,-4.1713743,-2.3013744,-1.2813745,-0.7413745,-0.8713745,0.6686255,-1.0013745,-2.3113744,-1.2113745,1.9486254,4.1486254,-0.8613745,0.37862548,-1.9013745,1.3086255,-0.5213745,-2.0113745,-1.0413746,-0.9213745,0.7786255,0.43862548,3.7586255,1.1586255
5.9786253,13.088626,15.168626,12.298626,7.9586253,4.1986256,2.0886254,-1.6813745,-0.8413745,-0.6413745,-1.8313745,-5.6413746,-6.8213744,-7.9413743,-6.4813747,-5.1113744,-2.8613746,-3.9513745,-4.0413747,-1.8713745,-0.3513745,-2.3113744,-3.4013746,-3.6813745,-3.3013744,-3.3813746,-1.3813745,-7.2113743,-3.2613745,-2.7913744,-0.3613745,-1.6513745,-1.6413745,-1.6613746,1.1086255,-0.4413745,0.5986255,0.16862549,-2.5413744,-4.7513747,-4.6213746
6.7986255,7.6686254,2.4086256,-0.15137452,1.1986254,-0.9313745,-0.94137454,-2.4713745,-1.3413745,-1.5713745,-4.9513745,-5.2613745,-5.9813747,-5.3913746,-6.5513744,-3.4713745,-4.1813745,0.6986255,-4.1913743,-4.4613743,-4.0013747,-3.6913745,-3.2013745,-3.0313745,-2.1013746,-1.4413745,-6.7313747,0.31862548,-4.3513746,-2.9413745,-3.3913746,-2.9613745,-0.4213745,0.3986255,-1.6113745,-2.1613746,-3.3813746,-4.3413744,-4.7113743,-3.8413744,-2.8813746
6.7286253,5.6386256,4.3486257,1.5886254,1.5086255,0.6586255,0.25862548,-0.8713745,-0.34137452,-1.3813745,-4.2013745,-5.1313744,-6.1813745,-5.8213744,-2.7413745,-1.7513745,-2.8413744,-2.8713746,-3.6413746,-3.2413745,-4.3313746,-3.9813745,-2.5813744,-2.1513746,-1.1413745,-1.6813745,-4.8913746,-4.3813744,-2.4413745,-1.0413746,-3.6613746,-1.7413745,1.0486255,-2.7013745,-2.5313745,-3.4513745,-1.5013745,0.18862548,-2.3813746,-1.2813745,-1.7013745
6.8786254,5.0186253,3.8986254,2.5686255,1.5886254,-2.1113746,0.6086255,-0.8013745,3.0186255,-2.8213744,-4.0613747,-3.5413744,-2.7313745,-4.0713744,-3.7213745,-2.0713744,-2.4913745,-2.2313745,-0.76137453,-2.1713746,-3.9913745,-3.8113744,-3.5713744,-2.4213746,-1.6313745,-0.20137452,-1.2913746,-0.6713745,1.5086255,1.1686255,-1.0113745,-1.0313745,-1.2113745,0.98862547,-0.6213745,-1.5113745,-0.5613745,1.0586255,2.5686255,0.25862548,-1.1813745
6.6886253,1.8386254,3.0786254,1.8986255,-2.3413744,-0.7313745,-2.2413745,1.8086255,1.2986255,0.3386255,-2.2513745,-2.1513746,-1.9413745,-0.9813745,-1.6513745,-2.8613746,-3.2513745,-2.5813744,-0.03137451,-0.7913745,-3.0513744,-3.1113746,-3.7213745,-3.2013745,-2.8613746,-1.2213745,-0.0013745117,0.5686255,0.5686255,1.9086255,1.7786255,1.9486254,-2.2113745,1.3886255,6.8186255,-2.3113744,-5.5813746,-6.5513744,-4.4713745,-2.3913746,-0.03137451
2.4186256,4.5986257,0.7886255,-0.13137451,3.0186255,-0.5613745,-0.82137454,-0.12137451,2.4386256,-0.33137453,-0.4413745,-0.27137452,-1.2713745,-2.2713745,-1.9913745,-2.4013746,-1.9313745,-2.3613746,-1.9513745,-1.6413745,-2.5713744,-1.8713745,-2.2113745,-1.7213745,-2.5813744,-1.1713746,-0.6113745,0.9386255,0.05862549,0.5086255,1.2986255,1.1786255,2.9786255,3.5986254,3.5586255,-2.2813745,-1.1013745,-1.4813745,0.18862548,-0.63137454,0.6486255
-0.03137451,2.8786254,0.6086255,-1.4813745,-1.9413745,-0.9213745,-1.7713745,-1.8413745,2.2986255,1.9786255,2.0486255,3.4686255,2.4286256,1.8786255,-0.6413745,-0.76137453,0.3986255,-0.7413745,-0.7413745,-0.9113745,-0.021374512,-0.4713745,-1.3713745,0.5386255,0.7786255,1.8786255,2.4586256,2.6186254,3.0286255,3.6286254,3.5286255,3.5786254,1.5886254,2.3486254,4.0486255,-2.0413744,-2.6513746,-0.5513745,-0.3913745,0.67862546,0.31862548
-2.4813745,-1.1713746,0.8386255,2.0686255,1.5386255,0.048625488,-0.76137453,-1.8513745,-1.1613746,1.5086255,3.7286255,4.0986257,4.1686254,4.9886255,4.3386254,3.9186256,2.1386254,1.8786255,1.6786255,2.0886254,1.9886255,2.2586255,2.9186256,2.8986254,2.9386256,4.2386255,4.3286257,5.3286257,5.2086253,5.7386255,6.1886253,5.6186256,4.6486254,4.1686254,4.7186255,-3.4413745,-0.4513745,0.7286255,-1.1913745,-0.6213745,0.2786255
-5.5513744,-3.9213746,-2.7613745,-2.2113745,-0.6013745,-1.2613745,-0.5813745,-0.2513745,1.1786255,2.4886255,3.6686256,4.8986254,3.3686254,3.4486256,5.3386254,3.9686255,3.8686254,4.6386256,3.2986255,3.2586255,2.4686255,2.4386256,3.6086254,4.6986256,5.3986254,6.2786255,6.2186255,6.7886257,7.1386256,8.098625,6.2386255,5.2886257,4.3886256,4.8586254,-3.1813745,-5.4513745,-4.5713744,-3.4313745,-2.1913745,-1.3213745,-0.9313745
-2.6013746,-2.8113744,-2.5413744,-2.0313745,-2.0913744,-1.9213746,-1.8213745,-0.4413745,0.6086255,0.47862548,0.3586255,1.2786255,3.1686256,3.7186255,6.3986254,2.8686254,1.6286255,2.6786256,1.6186255,2.7186255,3.1386254,1.2786255,3.4086256,5.1386256,5.2986255,4.8886256,7.4986253,8.898625,8.448626,4.1786256,-0.4813745,-2.1513746,-7.7713747,-6.8913746,-6.1613746,-4.3813744,-3.0813744,-2.0113745,-2.9113746,-2.0813744,-1.6613746
-2.0213745,-4.0013747,-4.0513744,-3.3513746,-3.3313744,-2.7613745,-2.4513745,-2.6813745,-3.9013746,-2.7113745,-0.6613745,0.09862549,-2.0113745,-4.4813747,-3.8413744,-2.8413744,1.8586255,3.5086255,3.1486254,5.0186253,4.5986257,4.3886256,5.8086257,5.2086253,3.7486255,5.8786254,5.3386254,-0.8113745,-6.2513747,-6.0213747,-6.7313747,-6.0513744,-5.6713743,-4.3613744,-3.4313745,-3.6313746,-2.5313745,-2.8413744,-2.8713746,-1.9613745,-1.1813745
-1.0913745,-2.0813744,-2.3313744,-5.0513744,-4.1413746,-3.7313745,-4.3413744,-4.6213746,-4.4413743,-4.7113743,-3.4113746,-2.7913744,-1.2813745,-2.7213745,-4.1113744,-4.7513747,-1.3013746,0.86862546,2.5286255,2.9686255,2.5986254,4.6286254,0.11862549,0.2986255,-0.6013745,2.1586256,-3.6713746,-3.8413744,-4.8713746,-5.0713744,-7.1113744,-6.2113743,-5.7213745,-5.7413745,-4.0913744,-2.4713745,-1.5213745,-4.2813745,-2.4913745,-2.9213746,-0.51137453
