wind_kz.json
{"header": {"discipline":0,"disciplineName":"Meteorological products","gribEdition":2,"gribLength":1025,"center":7,"centerName":"US National Weather Service - NCEP(WMC)","subcenter":0,"refTime":"2023-10-05T00:00:00.000Z","significanceOfRT":1,"significanceOfRTName":"Start of forecast","productStatus":0,"productStatusName":"Operational products","productType":1,"productTypeName":"Forecast products","productDefinitionTemplate":0,"productDefinitionTemplateName":"Analysis/forecast at horizontal level/layer at a point in time","parameterCategory":2,"parameterCategoryName":"UnknownDiscipline_0_Category_2","parameterNumber":2,"parameterNumberName":"UnknownParameter_D0_C2_2","parameterUnit":"Unknown","genProcessType":2,"genProcessTypeName":"Forecast","forecastTime":180,"surface1Type":103,"surface1TypeName":"Specified height level above ground","surface1Value":10.0,"surface2Type":255,"surface2TypeName":"Missing","surface2Value":0.0,"gridDefinitionTemplate":0,"gridDefinitionTemplateName":"Latitude_Longitude","numberPoints":615,"shape":6,"shapeName":"Earth spherical with radius of 6,371,229.0 m","gridUnits":"degrees","resolution":48,"winds":"true","scanMode":64,"nx":41,"ny":15,"basicAngle":0,"lo1":47.0,"la1":41.0,"lo2":87.0,"la2":55.0,"dx":1.0,"dy":1.0}, "data":
[rows 0 to 14 of 15, columns 0 to 40 of 41]
-1.8254663,0.16453369,-0.8454663,-2.9154663,-3.8354664,-2.0454664,-2.2654662,-1.3454663,-2.6654663,-1.3054663,-1.7854663,-1.2854663,-1.5854663,-0.82546633,-1.2454664,-1.0454663,-1.1354663,-1.7754663,-2.6654663,-2.5754664,-0.4754663,0.5845337,2.8045337,1.5745337,1.7645336,2.0145338,2.4945338,2.7945337,-0.015466308,-0.105466306,-0.9854663,0.2945337,-1.3154663,-1.8254663,-2.5954664,-1.4754663,-1.4054663,-3.4354663,-2.0454664,-1.7454664,-2.8154664
0.9445337,-2.5254662,-2.9054663,-3.1154664,-2.3154664,-0.5854663,-0.6854663,-0.9854663,-0.46546632,0.05453369,0.7145337,-0.1554663,0.3045337,-0.1354663,-0.3254663,0.28453368,0.7045337,-0.5554663,-1.2754663,-0.3054663,0.67453367,1.4645337,2.2145338,1.4345337,1.8545337,0.15453368,0.2345337,1.3845336,0.08453369,0.4945337,-0.2554663,-0.5354663,0.7645337,-1.8754663,0.6045337,-0.20546632,0.044533692,-0.2654663,-0.9954663,-1.5854663,-0.8154663
-2.4454663,-2.7554662,-1.8154663,-0.5054663,0.6945337,2.9845338,1.9245337,0.2745337,2.3245337,1.6745337,0.7245337,0.9645337,-0.4754663,-0.6854663,-0.8054663,-0.6554663,-0.8154663,-0.37546632,0.3545337,0.8545337,2.2445338,4.1245337,4.214534,3.3645337,-1.2054663,-1.3054663,-1.8654664,0.7545337,2.7945337,-0.9054663,-0.9954663,-2.0354662,-0.43546632,0.8245337,-2.9154663,-1.2854663,-0.08546631,-0.2554663,0.6545337,1.3645337,-1.3754663
-3.1154664,-1.4454663,-0.7354663,0.40453368,3.6645336,1.5945337,1.1745337,4.0745335,2.4245336,2.4145336,2.2145338,2.6245337,-1.8354663,-0.7354663,1.8645337,0.21453369,-0.2354663,0.3645337,0.7145337,1.0345337,3.1345336,-0.37546632,0.73453367,0.4445337,0.5845337,1.2645336,1.3845336,1.8245337,-1.8954663,-0.8654663,0.8345337,-0.3554663,-2.3454664,-0.3154663,2.0645337,0.8745337,-0.7854663,1.5845337,-0.9154663,-0.9754663,2.3445337
0.73453367,1.0345337,3.5145338,3.8545337,4.0745335,3.9745338,2.8645337,4.5645337,4.3045335,4.3045335,4.844534,4.674534,0.40453368,0.8745337,1.4945337,2.2845337,1.2545336,1.5045336,0.9145337,1.2645336,1.9045337,2.3845336,2.0245337,2.1645336,2.3245337,2.5445337,3.2045336,-1.4554663,1.7045337,2.7345338,1.0845337,1.4145337,0.5545337,0.7245337,-0.4454663,-0.3954663,0.8145337,2.1745336,0.34453368,-0.105466306,0.8545337
3.1745336,3.0945337,-1.2954663,1.9745337,4.4945335,5.4745336,6.5845337,5.9545336,5.694534,6.114534,5.754534,5.2045336,1.7445337,3.5245337,3.5145338,2.0745337,2.3845336,2.5045338,2.1645336,1.9445337,1.8445337,1.4845337,2.6545336,2.8645337,2.8945336,3.0545337,3.4445336,-0.5654663,1.6945337,3.5845337,4.2845335,4.614534,2.7845337,3.1845336,0.03453369,-3.3054664,0.8545337,0.79453367,0.03453369,2.0145338,2.6745336
1.5345337,0.9445337,1.7045337,2.4245336,2.6445336,3.4845338,3.8045337,3.4145336,6.3745337,5.5445337,6.8545337,7.0145335,5.9945335,6.0445337,4.5445337,3.2745337,3.4045336,3.3045337,2.5645337,2.8445337,1.3445337,0.6945337,0.9645337,1.7045337,3.1745336,2.8845336,4.2245336,2.2145338,3.3045337,3.4645338,4.0245337,4.344534,5.3745337,3.1845336,-3.0454664,-3.4754663,-0.27546632,0.9445337,0.2945337,0.6345337,1.2845337
1.6145337,2.0345337,2.8845336,3.4445336,3.8545337,4.5745335,4.8245335,4.654534,5.924534,5.694534,6.0145335,8.684534,7.384534,6.944534,5.6445336,4.734534,3.7545338,3.4445336,2.1845336,3.2745337,1.4745337,1.0345337,-0.1254663,0.5745337,2.0545337,1.2545336,0.4545337,2.5345337,1.9845337,-0.22546631,1.1545337,2.2145338,2.8445337,1.7645336,2.4145336,3.1645336,2.2445338,-1.1754663,-1.2454664,-5.345466,-2.4854662
2.4945338,2.5045338,2.5145338,3.1445336,3.7945337,4.0745335,4.5145335,5.3045335,6.4745336,6.384534,6.1045337,6.6645336,7.4345336,8.494534,6.3245335,4.3245335,3.5345337,2.9745338,2.4945338,2.5345337,2.8845336,1.5145336,-0.09546631,0.4345337,0.4445337,0.8245337,0.2645337,1.7345337,0.11453369,0.4645337,0.5145337,-1.1054664,0.6945337,0.5945337,1.4045337,1.3045337,0.1445337,-0.3154663,-0.70546633,0.7745337,-0.3254663
3.7045336,3.7345338,3.9445336,4.2845335,4.0545335,4.4145336,4.6845336,5.0745335,5.9745336,6.7845335,7.214534,5.3545337,6.2445335,6.5845337,8.5345335,6.4145336,3.6745336,2.5645337,2.5145338,2.1345336,2.6445336,1.7445337,1.0145336,1.0345337,0.9645337,1.0845337,0.9945337,0.4645337,1.1945337,1.2545336,0.8845337,2.8045337,2.9745338,2.6745336,3.3445337,3.9745338,-0.9854663,-0.2554663,-0.22546631,0.05453369,0.18453369
4.0445337,4.2745337,4.3745337,4.234534,4.214534,4.344534,4.8245335,5.504534,5.754534,6.714534,7.844534,7.424534,4.2745337,5.234534,5.5345335,4.404534,3.6945336,3.2045336,1.9845337,2.3045337,2.7445338,1.9545337,2.3645337,2.0245337,1.6845337,1.2845337,1.1145337,0.2645337,1.2445337,1.9545337,2.3945336,1.8745337,3.7845337,3.8145337,4.2245336,3.8545337,0.7845337,-0.06546631,2.0945337,2.0145338,0.28453368
4.2045336,4.344534,4.654534,4.6645336,4.234534,4.2845335,5.0245337,5.694534,5.4345336,6.0145335,6.7045336,6.5245337,6.384534,4.3145337,4.4145336,6.3245335,5.2745337,4.3345337,2.1045337,1.9345337,1.8745337,2.1145337,2.1245337,2.7645338,2.5545337,2.1845336,1.8845336,2.1445336,2.7545338,2.9745338,2.6245337,2.7445338,3.0945337,4.0445337,3.5745337,5.2045336,6.214534,6.5145335,0.7445337,-1.1554663,1.2845337
3.4845338,4.194534,4.3345337,4.4545336,3.7845337,3.8745337,5.964534,4.9745336,6.1045337,5.5445337,4.444534,5.5645337,6.884534,3.7345338,2.6745336,3.1445336,6.9145336,4.1045337,1.3345337,1.4045337,1.1745337,2.0545337,1.3345337,2.1745336,2.2645338,1.8345337,2.1945336,2.9645338,2.8645337,2.8345337,2.8945336,2.8145337,4.6445336,4.3245335,4.7645335,5.754534,6.0345335,4.0645337,3.9945338,5.5545335,3.8045337
3.3945336,4.0545335,3.9445336,4.634534,3.9145336,5.134534,4.0345335,3.5845337,3.4645338,3.6745336,2.9045336,4.7645335,5.6245337,4.1245337,0.4845337,2.1745336,1.5745337,5.0545335,-0.6654663,1.0145336,0.98453367,1.2845337,1.6545337,1.6745337,2.0845337,2.1645336,1.9945337,2.5945337,2.5545337,2.5045338,2.6145337,1.0745337,3.3345337,3.9445336,4.094534,4.2945337,3.5245337,4.754534,3.6445336,2.7445338,4.504534
2.1945336,3.8445337,4.8745337,4.154534,4.154534,3.5645337,3.1245337,3.1745336,3.5245337,0.92453367,0.79453367,1.7545336,0.24453369,-0.5454663,0.8745337,0.24453369,0.7645337,-0.3854663,-1.0854663,0.28453368,0.2045337,0.8945337,0.9445337,1.2045337,1.5845337,1.7845337,2.0245337,1.9545337,2.0745337,2.3245337,2.3145337,-0.9954663,1.9745337,3.3145337,3.0345337,3.4845338,3.7145338,4.5745335,5.694534,4.7045336,1.7245337
