wind_kz.json
{"header": {"discipline":0,"disciplineName":"Meteorological products","gribEdition":2,"gribLength":1025,"center":7,"centerName":"US National Weather Service - NCEP(WMC)","subcenter":0,"refTime":"2023-09-20T00:00:00.000Z","significanceOfRT":1,"significanceOfRTName":"Start of forecast","productStatus":0,"productStatusName":"Operational products","productType":1,"productTypeName":"Forecast products","productDefinitionTemplate":0,"productDefinitionTemplateName":"Analysis/forecast at horizontal level/layer at a point in time","parameterCategory":2,"parameterCategoryName":"UnknownDiscipline_0_Category_2","parameterNumber":2,"parameterNumberName":"UnknownParameter_D0_C2_2","parameterUnit":"Unknown","genProcessType":2,"genProcessTypeName":"Forecast","forecastTime":180,"surface1Type":103,"surface1TypeName":"Specified height level above ground","surface1Value":10.0,"surface2Type":255,"surface2TypeName":"Missing","surface2Value":0.0,"gridDefinitionTemplate":0,"gridDefinitionTemplateName":"Latitude_Longitude","numberPoints":615,"shape":6,"shapeName":"Earth spherical with radius of 6,371,229.0 m","gridUnits":"degrees","resolution":48,"winds":"true","scanMode":64,"nx":41,"ny":15,"basicAngle":0,"lo1":47.0,"la1":41.0,"lo2":87.0,"la2":55.0,"dx":1.0,"dy":1.0}, "data":
[rows 0 to 14 of 15, columns 0 to 40 of 41]
-0.5771997,0.8228003,-2.1571996,-1.5271997,-0.8971997,1.8928003,6.4128003,2.3128004,0.1328003,0.9328003,0.71280026,2.1428003,3.7828002,4.4728003,5.3628,5.1128,4.8528004,3.9228003,3.7228003,5.0528,4.3728004,4.8528004,3.7128003,4.7028003,2.3628004,2.4328003,2.6428003,2.6328003,0.07280029,0.8428003,-2.1071997,1.0828003,-2.1371996,-0.6571997,0.2628003,0.08280029,0.7228003,0.3728003,1.1628003,0.6528003,-1.2971997
-0.6371997,-3.8171997,-2.0971997,-1.3771996,-1.4471997,1.1728003,-2.3771996,-1.3571997,-1.4871997,-1.0971997,0.11280029,-0.33719972,-0.6071997,-0.12719971,0.6428003,1.5628003,2.8528004,4.5528,3.2028003,3.1928003,3.9428003,5.5628004,3.4428003,2.4628003,0.96280026,-0.2571997,0.52280027,1.4328003,1.6028003,1.5128003,-0.39719972,-1.1271996,-2.3071997,-2.1371996,-0.1671997,1.7328002,1.6128002,0.7428003,0.8428003,-0.6071997,-1.5671997
-6.1372,-4.5371995,-4.0571995,-2.5271997,2.2828002,0.5728003,-2.2371998,-2.4971998,-2.8871996,-2.5571997,-3.4871998,-2.8371997,-2.8471997,1.2228003,-1.4171997,-0.5771997,2.6428003,2.7628002,0.2928003,0.6928003,-0.53719974,2.8228004,3.3528004,3.7828002,-0.36719972,-0.4371997,-0.2671997,1.3528003,2.7028003,-0.047199707,-0.3171997,-1.3671997,0.9828003,-1.0171998,-1.4171997,-0.9671997,0.71280026,-0.8671997,-0.2671997,-0.09719971,1.6628003
-6.5972,-5.3472,-3.6171997,1.3428003,1.0628003,-2.7671998,-0.3271997,-2.1471996,-2.1471996,-2.3571997,-3.8171997,-3.8671997,0.102800295,1.3428003,1.6228004,-2.8971996,-1.2171997,0.8028003,2.9528003,3.6028004,3.4628003,2.4328003,-2.4171996,-0.78719974,-1.2271997,-1.0371997,-0.6871997,-2.3271997,-3.1071997,1.0028003,1.3628002,3.2328002,1.5728003,1.3528003,2.0328002,0.9228003,-0.3471997,1.8728004,-0.7171997,-2.4071996,-2.3771996
-5.8571997,-4.4072,-3.0671997,-2.4071996,-0.8671997,-1.3071997,-2.0071998,-1.8871998,-1.1171997,-1.0971997,-0.8971997,-4.5871997,-1.4771997,0.4828003,3.5828004,-2.5971997,-4.1372,-3.2171998,-3.4371996,-2.2571998,-1.7671998,-1.5571997,-1.3771996,-1.5871997,-1.8371997,-3.0571997,-3.9571998,1.6728003,-2.2171998,-0.5771997,0.4028003,1.2728003,0.9128003,0.5928003,-0.2271997,-1.4271997,-0.7671997,-3.2571998,-2.1971998,-1.9471997,-0.91719973
-3.9171996,-4.7471995,-2.8271997,-2.1371996,-1.0471997,0.3128003,0.042800292,-1.0371997,-0.4071997,-0.7571997,-0.8071997,-1.1871997,-0.9971997,-0.7471997,-0.6771997,-2.5871997,-3.0571997,-3.2871997,-3.7871997,-3.4671998,-3.6171997,-3.1571996,-2.6471996,-2.5271997,-2.9571998,-2.9271996,-3.4271996,-2.2071998,-1.7571998,-3.1271996,-3.4671998,-1.3471997,1.8428003,2.3428004,0.2628003,-5.0871997,-0.6271997,-2.8271997,-1.7871997,-0.7371997,-0.4871997
-4.7871995,-4.1972,-2.7071998,-2.5571997,-0.4671997,-1.2971997,-0.42719972,-0.33719972,0.2728003,0.012800293,-0.23719971,-0.027199708,-0.6871997,-1.4971997,-1.8171997,-2.1271996,-2.3071997,-1.6671997,-2.4071996,-2.7971997,-3.3571997,-3.4071996,-3.4571998,-2.8071997,-2.5671997,-2.3471997,-2.6171997,-2.4071996,-0.20719971,-0.3471997,-3.0571997,-3.3671997,-2.7771997,-4.9472,-2.3071997,-3.4671998,0.4328003,0.5728003,-2.7071998,1.7828003,-1.1871997
-3.4071996,-3.4071996,-2.8971996,-2.5371997,-1.8771996,-1.3071997,-0.5671997,0.5528003,0.77280027,1.8228003,1.0828003,1.6228004,0.4928003,0.8828003,0.5628003,-0.4471997,-0.6971997,-0.72719973,-0.8671997,-1.6371998,-2.0271997,-1.9271997,-1.5271997,-0.7171997,-1.0871997,-1.9471997,-1.3371997,-1.5771997,-2.4771998,-1.8271997,-1.1771997,0.012800293,-0.6371997,-0.007199707,-4.0171995,-2.0271997,-1.8671997,-4.8672,-6.8071995,-6.9971995,-3.0971997
-1.5471997,-1.5571997,-1.4671997,-1.2871997,-0.7771997,-0.1471997,1.5628003,1.6828003,1.7428002,1.6528003,1.7628003,1.7928003,2.0728004,1.4028003,1.9528003,1.9628003,1.8528003,1.4728003,0.6328003,0.3428003,0.20280029,-0.7671997,-0.72719973,-0.1671997,-1.3371997,-0.047199707,-0.23719971,-0.24719971,-0.7971997,-1.0071998,-2.3771996,-2.2271998,-1.8371997,-2.5371997,-2.0571997,-1.1271996,-1.6471997,-0.7371997,-1.4271997,-0.4571997,-1.8271997
-2.7271998,-2.1171997,-1.1571997,0.14280029,0.5328003,1.5628003,1.8128003,1.9228003,2.8228004,3.7628002,3.6428003,4.4028,3.9128003,2.7228003,4.0528,3.5928004,3.4528003,3.6128004,2.9028003,3.2328002,3.4528003,2.7028003,1.6628003,2.0028002,1.3728004,0.9328003,0.8628003,0.58280027,-0.017199706,0.11280029,-0.017199706,-2.1371996,-1.7571998,-1.8071997,-0.39719972,-2.0371997,-0.6771997,-0.007199707,0.11280029,0.2128003,-0.1671997
-0.06719971,0.1328003,0.7028003,0.6628003,1.4528003,1.5528003,1.4128003,1.9628003,1.9628003,2.3128004,3.5128002,4.2628,2.5228002,3.3228004,3.4428003,3.7428002,3.2728002,3.2728002,3.9528003,4.5128,4.8728004,4.5428004,3.9728003,3.6928003,2.9528003,2.8528004,2.3228004,1.7228003,1.6228004,1.1228004,-0.06719971,0.102800295,-0.017199706,0.022800293,0.8128003,0.08280029,0.47280028,1.2228003,-0.5971997,0.4928003,-0.8971997
0.9328003,0.07280029,1.7028003,1.8528003,2.2828002,2.1428003,2.0428002,2.8328004,2.7728002,3.1228004,3.9128003,4.1228004,0.9128003,2.3828003,2.7428002,2.9628003,4.4228,3.9628003,1.6928003,2.4828002,2.6228004,5.2728004,3.8428004,3.6728003,3.4828002,3.8228004,3.3428004,2.7828002,2.5728004,1.9928002,1.8528003,2.0028002,1.2728003,1.3128003,0.44280028,0.5928003,1.5628003,0.5728003,-1.1371998,-0.66719973,-0.8271997
1.1228004,1.1428003,1.5628003,3.0428002,2.7828002,2.2528002,3.2928002,3.5628004,3.5428002,1.7128003,2.8928003,3.2328002,3.4728003,3.7428002,1.5828003,3.7628002,4.3628,1.6228004,3.2528002,4.0828004,4.0728,3.1628003,2.9428003,3.2428002,3.9728003,3.7028003,2.2328002,2.0128002,2.0828004,2.6628003,2.5828004,2.6528003,2.1628003,2.1728003,1.0528003,0.77280027,0.4528003,0.5128003,-0.12719971,0.1328003,0.09280029
2.1028004,1.9528003,2.4628003,1.8328003,2.3228004,2.2028003,2.2528002,2.2328002,2.5828004,2.8728004,2.4728003,2.9928002,4.1028004,2.1528003,2.4028003,4.1928005,5.0128,4.9428005,4.9928,5.4728003,5.1428003,4.8628,4.8228,4.1928005,3.7428002,3.1928003,2.9828002,3.4728003,3.1828003,2.8328004,2.7828002,2.5728004,2.4428003,2.4328003,1.6428003,0.9428003,1.0428003,0.2728003,0.4928003,-0.1371997,0.2228003
1.2728003,1.6228004,0.4028003,1.0028003,1.0228003,1.3028003,1.0128003,1.4428003,2.1628003,1.7728003,1.1328003,2.6228004,1.2228003,3.8528004,4.5628004,4.8228,4.9828005,5.8228,5.7828,6.6328,6.1028004,5.1328,4.4928,4.4728003,4.3928003,3.8428004,3.5728004,3.5028002,3.1628003,3.4428003,4.0928,3.4828002,3.0028002,2.5328002,2.8128004,1.5928003,0.8828003,1.6528003,1.4928002,0.8428003,-1.5971997
