wind_kz.json
{"header": {"discipline":0,"disciplineName":"Meteorological products","gribEdition":2,"gribLength":871,"center":7,"centerName":"US National Weather Service - NCEP(WMC)","subcenter":0,"refTime":"2023-10-01T18:00:00.000Z","significanceOfRT":1,"significanceOfRTName":"Start of forecast","productStatus":0,"productStatusName":"Operational products","productType":1,"productTypeName":"Forecast products","productDefinitionTemplate":0,"productDefinitionTemplateName":"Analysis/forecast at horizontal level/layer at a point in time","parameterCategory":0,"parameterCategoryName":"UnknownDiscipline_0_Category_0","parameterNumber":0,"parameterNumberName":"UnknownParameter_D0_C0_0","parameterUnit":"Unknown","genProcessType":2,"genProcessTypeName":"Forecast","forecastTime":180,"surface1Type":1,"surface1TypeName":"Ground or water surface","surface1Value":0.0,"surface2Type":255,"surface2TypeName":"Missing","surface2Value":0.0,"gridDefinitionTemplate":0,"gridDefinitionTemplateName":"Latitude_Longitude","numberPoints":615,"shape":6,"shapeName":"Earth spherical with radius of 6,371,229.0 m","gridUnits":"degrees","resolution":48,"winds":"true","scanMode":64,"nx":41,"ny":15,"basicAngle":0,"lo1":47.0,"la1":41.0,"lo2":87.0,"la2":55.0,"dx":1.0,"dy":1.0}, "data":
[rows 0 to 14 of 15, columns 0 to 40 of 41]
296.8731,288.0731,295.0731,293.47308,293.1731,291.8731,300.2731,305.2731,303.5731,304.7731,303.6731,304.0731,305.3731,305.6731,305.1731,307.0731,306.5731,307.1731,311.47308,307.7731,311.0731,310.5731,308.2731,304.5731,306.3731,305.8731,303.47308,291.3731,291.0731,288.3731,285.1731,279.97308,292.2731,296.0731,303.3731,302.0731,308.3731,309.97308,311.47308,313.0731,314.8731
280.5731,293.7731,292.97308,293.0731,293.2731,291.2731,304.97308,303.97308,302.8731,302.3731,301.47308,301.0731,302.97308,304.8731,307.3731,306.1731,307.8731,309.47308,307.47308,308.3731,310.1731,307.3731,308.3731,294.8731,275.7731,281.8731,296.97308,291.0731,291.6731,282.7731,289.7731,278.7731,285.1731,269.1731,284.97308,302.0731,303.0731,303.6731,307.7731,300.5731,284.8731
297.3731,293.0731,293.0731,292.6731,290.97308,299.0731,298.97308,298.8731,300.1731,300.0731,300.6731,300.6731,301.97308,303.3731,302.7731,307.0731,305.7731,308.0731,306.7731,305.7731,301.6731,303.97308,305.8731,297.97308,303.2731,301.6731,304.47308,301.97308,297.8731,291.47308,280.47308,288.5731,290.0731,295.47308,297.5731,295.1731,293.3731,292.0731,294.47308,287.8731,287.0731
298.1731,292.0731,292.97308,291.97308,292.3731,297.1731,296.3731,297.1731,298.0731,297.6731,298.8731,298.47308,289.7731,289.0731,300.5731,303.3731,301.8731,305.8731,306.1731,306.8731,302.2731,298.3731,304.6731,303.8731,302.8731,300.47308,304.1731,302.5731,298.0731,299.2731,306.6731,300.2731,304.47308,307.7731,305.2731,301.8731,291.3731,274.47308,294.2731,301.97308,303.47308
294.6731,291.7731,292.1731,291.5731,292.3731,295.8731,296.2731,296.8731,296.2731,295.8731,295.6731,297.2731,288.5731,287.47308,286.1731,299.1731,301.47308,299.47308,303.0731,300.6731,301.1731,301.3731,302.3731,303.2731,304.5731,304.1731,301.97308,298.2731,302.3731,301.6731,300.5731,304.0731,290.6731,282.47308,295.0731,303.6731,300.97308,308.2731,305.7731,305.1731,302.6731
290.5731,291.1731,289.97308,290.8731,291.1731,290.6731,293.8731,292.6731,293.47308,294.5731,294.2731,292.8731,289.1731,288.2731,292.7731,296.5731,296.6731,300.1731,299.2731,300.97308,300.6731,300.1731,299.5731,301.8731,302.97308,303.0731,303.97308,286.5731,298.97308,299.1731,300.8731,300.5731,301.1731,302.8731,299.5731,300.8731,299.0731,298.1731,307.3731,304.0731,302.1731
288.6731,290.0731,288.7731,291.5731,288.7731,289.5731,288.97308,290.7731,290.1731,290.5731,290.2731,290.2731,290.47308,293.3731,294.5731,294.6731,295.8731,295.5731,297.6731,294.5731,299.1731,299.2731,296.97308,297.7731,296.8731,298.0731,298.47308,297.8731,300.0731,300.7731,300.97308,300.2731,301.97308,299.97308,301.0731,301.8731,298.2731,295.6731,294.5731,290.47308,299.3731
288.5731,287.7731,287.3731,286.97308,286.8731,286.5731,286.7731,286.7731,289.2731,287.8731,287.6731,288.3731,289.6731,290.47308,292.0731,291.6731,292.47308,293.47308,293.3731,289.1731,292.0731,297.1731,297.7731,296.0731,296.47308,294.3731,294.3731,295.0731,293.97308,295.47308,294.3731,296.3731,296.0731,294.8731,297.0731,301.7731,301.1731,285.5731,301.0731,300.7731,299.5731
287.8731,286.6731,286.3731,285.7731,284.3731,283.97308,284.1731,282.8731,284.8731,285.3731,286.6731,287.1731,287.8731,289.6731,289.7731,291.2731,290.47308,292.3731,291.97308,291.47308,283.2731,285.97308,293.2731,293.5731,293.6731,293.5731,292.6731,292.0731,291.47308,289.8731,292.6731,293.3731,295.47308,295.47308,297.6731,294.1731,295.8731,295.6731,286.6731,285.8731,286.47308
290.7731,286.1731,285.6731,284.8731,283.2731,281.8731,281.0731,280.5731,282.0731,283.47308,284.6731,285.5731,287.1731,287.6731,288.6731,288.5731,289.3731,289.2731,290.8731,291.7731,286.8731,284.5731,289.97308,292.8731,295.6731,295.1731,294.3731,294.2731,292.47308,294.1731,293.3731,294.8731,294.97308,296.7731,295.8731,295.5731,292.3731,290.5731,290.8731,289.6731,282.2731
288.47308,287.7731,284.2731,282.3731,280.7731,279.6731,279.5731,280.0731,281.47308,281.3731,280.97308,279.97308,286.6731,285.7731,281.97308,284.5731,286.5731,287.3731,287.97308,285.47308,283.3731,284.1731,289.7731,288.0731,294.3731,294.6731,293.47308,295.3731,294.6731,295.8731,295.6731,293.97308,291.97308,290.7731,294.8731,288.2731,286.8731,290.3731,290.2731,288.5731,287.8731
285.3731,287.1731,285.3731,281.6731,279.0731,278.3731,277.6731,277.5731,280.2731,280.3731,278.5731,278.6731,280.3731,281.2731,285.47308,285.1731,283.2731,287.97308,288.7731,288.2731,283.7731,283.0731,286.2731,292.0731,292.3731,294.47308,295.0731,296.5731,296.8731,295.0731,294.97308,295.97308,291.47308,292.3731,291.0731,291.8731,296.0731,297.1731,294.8731,294.97308,292.6731
282.0731,280.0731,280.8731,278.8731,278.5731,277.5731,276.8731,279.47308,279.8731,279.6731,277.8731,278.1731,280.5731,282.7731,285.8731,286.7731,288.0731,286.6731,284.97308,287.97308,282.7731,283.2731,284.3731,290.47308,292.0731,294.8731,295.97308,295.7731,295.47308,295.1731,294.5731,294.47308,293.5731,294.6731,292.1731,288.7731,291.7731,292.2731,287.1731,292.2731,291.0731
279.3731,279.0731,281.8731,277.6731,276.2731,276.2731,277.2731,278.97308,280.7731,280.0731,279.3731,276.97308,281.47308,284.2731,284.47308,282.0731,282.3731,282.6731,282.5731,283.0731,283.6731,284.1731,287.0731,290.3731,292.47308,294.5731,294.2731,292.7731,294.2731,294.47308,294.3731,294.1731,293.6731,292.1731,291.6731,290.1731,291.0731,286.2731,286.2731,290.47308,291.8731
277.2731,277.1731,284.2731,276.0731,276.5731,277.47308,278.97308,279.97308,280.3731,282.0731,281.2731,280.1731,278.8731,278.97308,279.6731,280.97308,281.7731,283.5731,287.47308,282.47308,284.3731,284.3731,285.8731,284.97308,289.3731,290.0731,291.0731,291.3731,290.6731,291.7731,292.3731,289.3731,293.2731,293.2731,293.2731,291.8731,290.97308,287.97308,287.47308,286.0731,290.1731
