wind_kz.json
{"header": {"discipline":0,"disciplineName":"Meteorological products","gribEdition":2,"gribLength":1025,"center":7,"centerName":"US National Weather Service - NCEP(WMC)","subcenter":0,"refTime":"2023-09-20T12:00:00.000Z","significanceOfRT":1,"significanceOfRTName":"Start of forecast","productStatus":0,"productStatusName":"Operational products","productType":1,"productTypeName":"Forecast products","productDefinitionTemplate":0,"productDefinitionTemplateName":"Analysis/forecast at horizontal level/layer at a point in time","parameterCategory":2,"parameterCategoryName":"UnknownDiscipline_0_Category_2","parameterNumber":3,"parameterNumberName":"UnknownParameter_D0_C2_3","parameterUnit":"Unknown","genProcessType":2,"genProcessTypeName":"Forecast","forecastTime":60,"surface1Type":103,"surface1TypeName":"Specified height level above ground","surface1Value":10.0,"surface2Type":255,"surface2TypeName":"Missing","surface2Value":0.0,"gridDefinitionTemplate":0,"gridDefinitionTemplateName":"Latitude_Longitude","numberPoints":615,"shape":6,"shapeName":"Earth spherical with radius of 6,371,229.0 m","gridUnits":"degrees","resolution":48,"winds":"true","scanMode":64,"nx":41,"ny":15,"basicAngle":0,"lo1":47.0,"la1":41.0,"lo2":87.0,"la2":55.0,"dx":1.0,"dy":1.0}, "data":
[rows 0 to 14 of 15, columns 0 to 40 of 41]
-0.045499876,-1.8254999,1.9645001,-0.7654999,3.2945,1.2745001,-0.2654999,-0.7554999,-1.8754998,-0.85549986,-3.2954998,-2.1355,-2.6655,-3.4555,-4.2655,-4.5255,-4.3255,-4.3855,-3.7954998,-1.7354999,-2.2154999,-2.5154998,1.8645002,-1.6754999,-2.8354998,-1.7054999,-1.5754999,0.8545001,-0.46549988,-2.1155,-3.0354998,-4.2255,-1.2154999,-0.045499876,0.6745001,3.0245001,0.6145001,-6.3855,-6.9055,-5.2155,1.2145001
2.6645002,1.4545001,2.9545002,3.2345002,3.8545,1.8745002,-1.1454998,0.83450013,-0.5254999,-0.8854999,-2.1655,-3.3655,-3.4055,-3.2854998,-4.6654997,-4.1254997,-1.3154999,-3.6255,-4.6155,-3.4555,-3.1655,-3.4155,-2.1155,1.4945002,-0.2654999,-0.7554999,-1.2254999,0.37450013,0.4245001,-0.7154999,1.0445001,-1.6954999,-2.6655,-4.5855,-3.6255,0.4545001,1.1545001,0.75450015,-3.5654998,-3.1855,-0.13549988
2.6145,2.8945,3.4845002,4.5345,2.5045002,0.9645001,0.9745001,0.4845001,0.7145001,-1.1754999,-2.4155,-2.0054998,-3.2254999,-3.2954998,-4.0055,-3.9255,-2.1955,-2.5154998,-3.5354998,-2.6455,-3.0454998,-2.5554998,-4.3954997,-1.4054999,-0.33549988,0.47450012,0.7145001,0.75450015,0.23450013,2.5245001,2.9945002,1.0745001,1.9745002,-0.8454999,1.3045001,-0.5254999,-1.6954999,-2.3354998,-1.4754999,-0.60549986,-2.0054998
0.88450015,1.1045002,3.0145001,1.7545002,1.2045001,0.77450013,2.4445002,2.4045,1.6245002,0.44450012,-1.2454998,-2.3655,-4.3455,-4.5555,-3.5854998,-4.0555,-3.6055,-3.7854998,-3.4555,-3.5854998,-3.0154998,-2.2055,0.08450012,1.0045002,0.05450012,0.33450013,1.0045002,-0.33549988,1.6045002,2.7045002,2.2345002,-2.0754998,-1.1854999,-0.5154999,1.6145002,0.31450012,1.5145001,0.27450013,-1.2754998,-0.20549987,-1.4054999
0.25450012,0.27450013,0.7845001,-0.055499878,-0.14549989,0.95450014,0.58450013,1.8845001,3.1245,1.3945001,-0.30549988,-1.6654999,-3.4355,-4.3055,-3.7654998,-3.5454998,-3.4954998,-3.8054998,-3.9954998,-4.1755,-2.4754999,-1.4254999,-1.5854999,-1.4954998,1.8045001,1.2345002,1.9545001,1.7645001,1.1745001,0.8645001,3.2645001,2.2445002,1.0445001,0.24450012,-1.3354999,-0.85549986,1.2445002,1.4445001,4.4345,3.9145002,0.88450015
-0.8754999,-0.7654999,-0.36549988,0.17450012,0.76450014,1.2845001,1.0445001,1.0545001,0.6645001,0.83450013,0.27450013,-2.2055,-2.8655,-3.2754998,-2.8555,-3.2154999,-3.3555,-3.3955,-4.0055,-3.5254998,-3.8054998,-2.4555,-0.5254999,-0.055499878,0.024500122,-1.6554999,0.46450013,1.2645001,2.6545,1.4845002,1.9045001,3.2345002,4.0845003,1.9245001,3.0845,1.2545002,0.23450013,-4.2555,-3.2854998,0.0045001223,-0.9054999
-0.2654999,0.10450012,0.11450012,-0.11549988,-0.5054999,0.34450012,0.6245001,1.5045002,0.22450012,0.0045001223,-1.1354998,-2.1455,-2.3555,-2.6055,-2.6555,-2.4555,-2.1755,-2.7854998,-3.3054998,-3.0754998,-3.2554998,-3.5354998,-3.6755,-2.3254998,-1.5754999,-1.8054999,-1.3854998,-3.0254998,1.1945001,2.3145,1.3645002,1.1545001,3.1045,1.2145001,-0.5854999,-1.0254998,-1.6754999,-0.18549988,-3.0654998,-1.6054999,-1.7254999
0.28450012,0.05450012,-0.36549988,-0.5154999,-0.79549986,0.58450013,0.9845001,0.38450012,0.10450012,-0.43549988,-2.0354998,-2.3955,-2.6655,-2.9155,-2.9255,-2.7154999,-2.3054998,-1.3654999,-1.5154998,-1.8454999,-2.2654998,-2.4455,-2.6355,-2.3655,-1.5954999,-0.41549987,-0.9654999,-1.2354999,0.30450013,0.64450014,0.7945001,2.3545,2.9445002,2.7145002,4.0145,2.3845,0.9245001,0.11450012,0.57450014,0.7945001,0.2945001
0.3245001,0.58450013,-0.005499878,-0.22549988,0.024500122,-0.005499878,0.77450013,0.8545001,-0.7754999,-1.3054999,-2.6255,-2.5354998,-2.2454998,-3.1155,-2.9555,-2.7254999,-2.1255,-1.9154999,-1.4054999,-0.49549988,0.77450013,-0.8454999,-0.44549987,-0.73549986,0.37450013,-0.17549987,-0.03549988,0.27450013,0.33450013,0.37450013,0.52450013,2.0945,3.5445,3.6745002,4.3145003,2.7745001,-0.43549988,2.5145001,-0.4854999,-0.07549988,0.8745001
1.1545001,1.0345001,1.0145001,0.57450014,0.6845001,-0.15549988,-0.03549988,-0.66549987,-1.2854999,-1.2554998,-1.9854999,-2.2154999,-2.2754998,-2.5254998,-2.7654998,-2.7954998,-2.8054998,-2.4854999,-2.1655,-2.3154998,-1.5954999,-0.49549988,-1.0754999,-0.8754999,0.5445001,0.76450014,1.3545002,1.6045002,1.1945001,1.1745001,1.2845001,2.5145001,3.2245002,2.7345002,4.1845,4.1045003,1.4145001,-0.47549987,2.7745001,1.8645002,1.8945001
1.2145001,0.6645001,-0.17549987,-0.41549987,-1.0254998,-1.2354999,-1.3154999,-1.7254999,-0.7654999,-0.9454999,-0.38549986,-0.39549989,-2.1355,-2.6855,-2.9255,-2.8555,-2.8455,-2.4455,-2.4055,-2.5454998,-1.6154999,-1.9454999,-2.5654998,-2.3555,-2.9455,-2.7854998,-1.9554999,-1.8754998,-1.4354999,-0.49549988,-0.5654999,-1.6754999,-1.2854999,1.7045001,4.2145,5.2445,3.1745002,2.8545,3.4545002,1.7445002,0.77450013
0.06450012,0.6745001,0.52450013,0.11450012,-0.19549988,-0.55549985,-0.5954999,-0.8754999,-0.6454999,-0.47549987,-0.4254999,-1.1154999,-2.0254998,-1.8154999,-2.0454998,-1.9954998,-1.7954999,-2.3755,-1.1554999,-2.9654999,-3.3054998,-4.1054997,-3.6655,-5.4955,-5.3554997,-5.3554997,-5.7855,-6.4055,-7.0355,-8.0555,-4.8954997,-5.8255,-5.5355,1.5345001,0.9745001,4.1145,8.1845,7.7545,3.2345002,3.4445002,2.2345002
-0.10549988,-0.055499878,0.52450013,1.1045002,0.70450014,0.10450012,-0.16549988,-0.4854999,-1.2254999,-0.21549988,0.024500122,-0.8154999,-1.0754999,-2.6355,-3.1455,-3.0454998,-2.8455,-3.4355,-3.5955,-3.9155,-2.8955,-3.0654998,-2.4155,-2.4055,-3.2554998,-3.5754998,-4.7755,-4.1555,-4.7755,-4.9455,-6.1054997,-5.4055,-6.0655,-4.7155,-8.4255,4.1445003,4.4045,4.5645003,6.5845003,5.8645,4.2445
0.9745001,0.49450013,-1.2354999,0.63450015,0.27450013,0.10450012,0.044500124,-0.60549986,-0.44549987,-1.4254999,0.024500122,-0.07549988,-1.2154999,-2.6255,-3.1555,-4.1254997,-3.9854999,-3.6055,-3.4055,-2.7954998,-2.8254998,-2.5054998,-2.0254998,-1.7054999,-1.8754998,-2.3655,-2.3054998,-2.4055,-2.2154999,-2.8855,-3.7354999,-4.1955,-5.2655,-5.9154997,-5.8855,-4.4154997,2.2145002,0.10450012,5.1945,4.0945,6.2745
0.9245001,0.2645001,-0.22549988,0.40450013,0.51450014,1.2445002,0.35450011,0.17450012,-1.2454998,-2.0554998,-1.2454998,-0.8854999,-0.39549989,-0.5954999,-2.7354999,-2.6755,-2.9055,-2.8755,-3.0154998,-2.9155,-2.7154999,-2.9654999,-2.6855,-2.1255,-2.3154998,-2.0854998,-2.7354999,-1.9854999,-2.2454998,-1.2554998,-1.8354999,-4.0355,-3.0955,-4.1054997,-5.0855,-5.5255,-5.3455,-5.3355,-1.9454999,4.9345,4.6745
