wind_kz.json
[{"header":{"discipline":0,"disciplineName":"Meteorological products","gribEdition":2,"gribLength":871,"center":7,"centerName":"US National Weather Service - NCEP(WMC)","subcenter":0,"refTime":"2023-09-09T18:00:00.000Z","significanceOfRT":1,"significanceOfRTName":"Start of forecast","productStatus":0,"productStatusName":"Operational products","productType":1,"productTypeName":"Forecast products","productDefinitionTemplate":0,"productDefinitionTemplateName":"Analysis/forecast at horizontal level/layer at a point in time","parameterCategory":0,"parameterCategoryName":"UnknownDiscipline_0_Category_0","parameterNumber":0,"parameterNumberName":"UnknownParameter_D0_C0_0","parameterUnit":"Unknown","genProcessType":2,"genProcessTypeName":"Forecast","forecastTime":120,"surface1Type":1,"surface1TypeName":"Ground or water surface","surface1Value":0.0,"surface2Type":255,"surface2TypeName":"Missing","surface2Value":0.0,"gridDefinitionTemplate":0,"gridDefinitionTemplateName":"Latitude_Longitude","numberPoints":615,"shape":6,"shapeName":"Earth spherical with radius of 6,371,229.0 m","gridUnits":"degrees","resolution":48,"winds":"true","scanMode":64,"nx":41,"ny":15,"basicAngle":0,"lo1":47.0,"la1":41.0,"lo2":87.0,"la2":55.0,"dx":1.0,"dy":1.0},"data":[291.7,283.3,287.1,297.6,297.6,296.4,295.6,297.4,294.9,295.5,294.8,296.0,294.6,294.3,293.9,292.3,292.3,292.5,290.8,291.5,293.0,289.9,289.0,285.7,289.7,291.6,288.0,276.8,277.0,278.1,278.9,281.9,290.7,295.4,296.4,296.7,296.9,297.2,296.9,296.9,297.3,273.2,286.2,297.0,297.2,297.0,295.3,294.1,292.4,292.6,293.2,294.1,293.4,292.3,290.6,291.6,291.7,290.1,289.5,287.9,287.4,287.6,289.4,288.6,282.2,276.7,276.5,284.6,278.7,277.2,274.6,280.2,272.8,282.6,258.6,279.2,293.7,292.5,295.4,298.3,290.0,284.2,289.2,296.7,297.4,297.0,294.7,293.5,292.6,292.5,291.6,291.3,291.6,292.1,289.3,290.3,291.9,288.3,287.8,286.3,285.6,285.5,286.9,288.0,288.2,285.2,288.0,286.6,288.2,286.4,284.5,278.7,274.6,274.9,278.9,280.3,283.0,283.2,276.0,278.8,281.2,278.5,276.7,290.2,296.1,296.9,295.9,293.4,291.6,292.6,290.9,289.4,290.7,291.5,290.7,293.4,292.7,289.4,289.7,290.2,289.6,288.8,284.5,285.1,282.3,288.6,289.3,289.8,291.1,291.2,291.4,290.2,290.9,290.2,287.1,293.0,293.5,290.5,285.4,275.6,275.9,278.7,289.8,292.9,292.5,293.9,295.1,293.6,292.1,290.4,290.5,290.1,290.7,290.5,289.8,291.1,292.6,291.4,289.6,289.3,290.2,288.1,284.7,288.8,288.7,288.8,286.6,286.9,286.8,287.2,287.2,289.3,285.9,287.4,290.3,289.0,281.0,273.4,283.7,291.4,292.7,295.4,293.2,292.2,292.8,292.3,287.6,293.2,292.5,293.1,292.0,290.3,291.2,289.3,292.0,291.1,291.2,292.0,292.7,291.3,290.1,290.6,288.6,288.8,288.6,287.4,287.1,286.1,284.7,284.9,284.2,286.5,290.8,288.3,288.8,285.3,287.9,284.5,283.9,286.3,289.5,282.2,282.9,289.5,291.4,290.6,291.7,290.9,293.9,293.4,292.1,291.7,293.3,292.5,292.4,292.7,289.2,288.0,286.6,288.4,289.9,292.6,291.7,288.3,286.8,287.8,285.5,285.9,285.7,286.0,284.6,283.5,283.4,284.8,284.9,286.0,285.9,285.5,285.9,285.9,284.1,283.0,277.8,275.9,276.8,278.5,288.1,290.0,290.1,288.1,291.7,293.9,293.0,293.2,291.6,291.3,290.8,288.8,285.9,285.9,289.0,289.5,289.3,288.0,288.5,287.4,287.1,286.6,286.5,286.9,287.0,285.9,283.2,280.8,281.8,280.5,283.0,282.4,283.6,282.6,285.5,283.8,285.6,286.0,289.3,287.0,289.5,284.9,290.1,288.5,287.0,289.8,291.2,290.0,290.1,290.1,289.3,288.5,287.6,284.9,285.5,286.4,285.6,286.9,287.0,286.8,285.0,284.6,283.6,283.8,283.5,283.7,279.8,282.0,278.7,281.3,278.4,275.9,277.9,278.9,283.6,283.8,285.9,285.1,281.4,285.9,275.0,273.6,269.2,289.8,290.5,286.1,290.0,289.5,289.2,288.8,289.5,288.8,287.1,283.1,283.0,283.7,283.9,283.5,283.4,285.2,284.4,284.6,282.9,281.2,283.0,282.2,283.9,281.7,280.4,279.2,281.6,279.1,281.4,278.8,282.0,283.8,283.1,282.6,281.6,283.2,277.1,278.4,273.4,271.5,289.4,289.4,289.5,289.5,289.4,289.6,290.1,288.9,284.2,282.6,283.8,283.8,284.0,282.0,283.1,282.4,283.0,283.7,285.3,282.2,281.9,281.1,282.3,281.3,282.8,282.7,281.9,283.2,283.4,284.8,284.8,286.3,283.2,284.3,283.2,285.0,277.7,277.4,275.3,276.0,275.5,285.0,284.4,287.3,289.1,288.3,285.2,285.1,284.3,283.7,285.4,282.1,281.8,283.7,281.1,282.9,284.9,283.5,282.9,282.5,281.2,282.4,282.1,280.5,282.4,281.0,283.0,283.0,283.6,284.5,285.0,284.7,285.7,285.2,281.0,281.6,282.0,282.8,281.7,280.3,283.2,280.6,282.9,283.1,284.6,284.1,284.8,284.7,287.6,287.9,282.4,285.8,283.6,282.6,283.0,282.7,281.6,281.7,282.9,284.5,284.4,281.0,280.3,279.2,279.4,279.0,280.9,283.4,284.4,284.3,284.5,284.2,283.0,284.2,284.3,286.1,282.4,282.0,283.4,285.4,283.1,282.3,282.6,281.8,285.3,286.7,286.6,285.3,284.1,288.2,287.6,287.4,287.1,283.0,281.6,283.0,281.0,282.1,283.1,284.9,284.1,283.2,281.4,282.8,280.9,281.4,281.5,281.9,282.6,283.3,282.8,282.3,282.3,284.6,284.6,285.0,284.3,283.0,280.6,282.4,281.5,281.8,281.0,281.0,284.5,286.4,288.5,285.6,285.3,284.0,285.2,284.0,286.7,288.0,286.7,284.4,283.4,283.7,283.6,284.7,284.8,284.4,284.5,283.8,281.8,281.6,281.5,281.5,281.5,282.0,282.1,283.4,282.8,282.8,284.1,284.4,284.2,284.1,283.9,281.4,281.6,279.5,280.6,281.0,281.7]},{"header":{"discipline":0,"disciplineName":"Meteorological products","gribEdition":2,"gribLength":1025,"center":7,"centerName":"US National Weather Service - NCEP(WMC)","subcenter":0,"refTime":"2023-09-09T18:00:00.000Z","significanceOfRT":1,"significanceOfRTName":"Start of forecast","productStatus":0,"productStatusName":"Operational products","productType":1,"productTypeName":"Forecast products","productDefinitionTemplate":0,"productDefinitionTemplateName":"Analysis/forecast at horizontal level/layer at a point in time","parameterCategory":2,"parameterCategoryName":"UnknownDiscipline_0_Category_2","parameterNumber":2,"parameterNumberName":"UnknownParameter_D0_C2_2","parameterUnit":"Unknown","genProcessType":2,"genProcessTypeName":"Forecast","forecastTime":120,"surface1Type":103,"surface1TypeName":"Specified height level above ground","surface1Value":10.0,"surface2Type":255,"surface2TypeName":"Missing","surface2Value":0.0,"gridDefinitionTemplate":0,"gridDefinitionTemplateName":"Latitude_Longitude","numberPoints":615,"shape":6,"shapeName":"Earth spherical with radius of 6,371,229.0 m","gridUnits":"degrees","resolution":48,"winds":"true","scanMode":64,"nx":41,"ny":15,"basicAngle":0,"lo1":47.0,"la1":41.0,"lo2":87.0,"la2":55.0,"dx":1.0,"dy":1.0},"data":[-2.585918,0.42408204,-0.0059179687,-4.235918,-6.395918,-6.705918,-5.095918,-5.145918,-5.655918,-4.065918,-5.445918,-5.775918,-5.475918,-4.615918,-3.235918,-2.655918,-1.305918,-4.015918,-4.705918,-3.315918,-2.315918,-0.90591794,-0.82591796,-0.18591797,-0.47591797,-3.745918,-2.105918,1.914082,-0.115917966,1.6240821,1.454082,-0.24591798,-0.30591798,1.294082,-3.865918,-4.505918,-5.215918,-5.0359178,-4.435918,-4.325918,-4.115918,1.5140821,-0.49591798,-4.235918,-4.405918,-4.215918,-1.165918,-2.375918,-4.095918,-3.005918,-2.335918,-2.375918,-4.635918,-5.015918,-4.095918,-3.315918,-2.875918,-2.525918,-3.715918,-3.105918,-2.565918,-1.185918,0.11408203,0.38408202,-0.605918,1.834082,1.0140821,-1.045918,2.224082,-0.16591796,-0.84591794,0.28408203,0.15408203,0.80408204,-1.6259179,0.37408203,-0.10591797,-0.96591794,0.13408203,-0.75591797,-0.45591795,-7.115918,-1.255918,-5.635918,-4.645918,-3.4259179,-1.6159179,0.32408202,-3.245918,-1.035918,-1.7459179,-2.605918,-2.1859179,-3.9159179,-3.725918,-4.375918,-3.495918,-1.435918,-3.015918,-1.8759179,-1.425918,-1.835918,-0.57591796,3.614082,-2.515918,-2.405918,1.864082,1.8840821,-0.605918,2.374082,0.04408203,0.22408204,-0.65591794,1.244082,0.584082,1.1540821,0.054082032,-1.445918,0.27408203,-0.685918,3.374082,0.99408203,2.374082,-2.715918,-3.025918,-3.305918,-2.755918,-2.745918,-2.495918,-2.565918,-2.485918,-1.525918,-1.7259179,-2.825918,-2.795918,0.30408204,-3.735918,-2.095918,-0.42591798,0.11408203,-2.1759179,-1.155918,-0.855918,-0.89591795,-1.2459179,2.774082,0.66408205,-0.055917967,0.86408204,2.5840821,1.104082,0.954082,0.024082031,-0.24591798,-0.82591796,4.874082,8.804082,0.85408205,0.78408206,-1.915918,2.0740821,-2.075918,-2.065918,-0.52591795,-1.185918,-2.515918,-4.025918,-4.045918,-2.555918,-1.1159179,0.034082033,1.064082,1.844082,-2.475918,0.17408203,1.614082,1.204082,-0.16591796,2.144082,2.614082,1.604082,-2.235918,0.624082,0.74408203,-0.12591797,2.014082,2.804082,1.084082,1.034082,0.79408205,-0.46591797,2.154082,1.494082,-2.1759179,-1.775918,-0.49591798,-0.15591797,2.254082,-1.555918,2.424082,-3.325918,1.5140821,-2.345918,1.7640821,4.124082,-2.065918,-1.0959179,-0.685918,0.27408203,1.614082,1.944082,3.164082,3.0740821,2.054082,1.744082,2.484082,1.074082,2.8240821,3.374082,4.7140822,3.734082,3.0840821,-1.905918,-0.07591797,1.194082,2.234082,3.404082,3.344082,1.964082,-0.75591797,0.624082,1.994082,1.0040821,-0.44591796,-1.665918,-0.96591794,-0.015917968,0.99408203,1.554082,0.74408203,-0.02591797,1.694082,1.7540821,8.064082,3.614082,4.604082,-2.145918,-1.765918,-2.725918,0.65408206,3.234082,3.094082,0.43408203,-0.875918,0.93408203,3.114082,-1.645918,-1.8559179,0.024082031,2.0840821,3.0740821,2.864082,3.914082,-1.805918,0.49408203,2.0640821,2.3340821,-0.94591796,-1.2359179,-0.96591794,0.18408203,0.20408203,0.944082,0.72408205,-0.685918,2.894082,0.86408204,1.574082,3.184082,0.98408204,-0.935918,-0.12591797,-0.30591798,1.0040821,0.964082,-0.39591798,2.174082,-1.155918,-2.155918,-2.035918,-1.3459179,-1.015918,-1.635918,-2.6859179,-1.715918,-1.705918,-1.765918,-0.29591796,-0.875918,-2.565918,-2.705918,-2.365918,-0.49591798,-1.3459179,0.714082,-0.35591796,-0.545918,2.874082,1.6540821,1.704082,0.08408203,1.564082,1.6540821,2.174082,2.974082,1.324082,1.5240821,0.18408203,1.0240821,0.78408206,3.284082,3.284082,4.754082,3.0840821,4.364082,1.694082,5.334082,1.864082,-0.15591797,-2.735918,-2.1659179,-1.035918,-1.8659179,-0.995918,-1.075918,-1.7459179,-2.585918,-3.015918,-2.815918,-0.785918,0.41408202,0.74408203,1.584082,1.954082,1.224082,0.26408204,1.974082,1.3940821,2.5640821,3.394082,1.1240821,2.104082,2.704082,2.724082,2.464082,2.624082,1.964082,1.174082,0.44408202,0.624082,1.244082,-1.3659179,-1.445918,0.504082,1.164082,-0.10591797,1.414082,0.29408205,-0.30591798,-2.1759179,-0.875918,0.714082,-0.27591798,-0.16591796,0.524082,-0.25591797,-0.805918,-2.055918,-2.305918,-0.735918,0.54408205,1.604082,3.524082,2.3140821,1.704082,1.534082,1.664082,2.444082,2.554082,3.044082,4.094082,3.524082,4.814082,3.494082,3.254082,3.044082,3.374082,2.704082,3.604082,1.794082,2.044082,2.344082,2.0640821,-0.96591794,0.13408203,-0.81591797,-1.565918,-0.38591796,1.344082,0.25408202,-1.545918,-1.545918,-1.895918,-0.32591796,0.714082,-2.525918,-2.575918,-2.565918,-2.1659179,0.644082,2.174082,2.014082,1.1240821,0.37408203,-0.555918,0.17408203,1.184082,1.044082,0.60408205,0.23408203,-0.13591796,0.834082,1.424082,1.674082,2.404082,2.8340821,3.104082,2.494082,2.8140821,2.124082,2.014082,2.944082,3.254082,-0.47591797,1.1540821,-0.935918,-0.95591795,0.884082,-1.2359179,1.1440821,-1.405918,-0.735918,-0.22591797,0.894082,-0.30591798,-2.095918,-1.7459179,-0.46591797,-0.115917966,1.2640821,0.79408205,-1.545918,0.60408205,-0.47591797,-1.385918,0.26408204,-0.33591798,-0.675918,-0.725918,-1.6259179,-0.65591794,-0.615918,0.28408203,-0.45591795,-0.96591794,-0.56591797,-0.47591797,0.60408205,1.5040821,1.804082,1.0040821,0.85408205,1.2740821,1.684082,1.224082,1.084082,1.6540821,0.964082,1.034082,0.27408203,0.624082,0.33408204,-0.46591797,-0.055917967,-0.04591797,0.08408203,-0.48591796,-0.31591797,0.22408204,-0.75591797,-0.48591796,0.34408203,0.49408203,0.024082031,-0.38591796,-0.25591797,0.35408202,0.55408204,-0.02591797,-0.07591797,-0.64591795,-0.75591797,-0.89591795,-0.48591796,-0.015917968,0.514082,0.79408205,1.324082,1.614082,2.504082,1.564082,2.114082,1.9040821,-0.16591796,0.59408206,1.5240821,0.814082,1.284082,2.144082,0.714082,0.66408205,0.514082,0.30408204,-0.27591798,-0.975918,-0.10591797,-1.675918,-1.465918,-0.805918,-0.25591797,-0.685918,1.5240821,1.184082,-0.31591797,-0.08591797,0.47408202,0.15408203,0.43408203,-0.31591797,0.584082,-1.075918,-1.335918,-1.145918,-1.425918,-0.82591796,0.514082,-0.40591797,0.22408204,0.85408205,-0.535918,-1.7459179,-2.195918,-0.89591795,-2.115918,-2.725918,-2.575918,-1.6159179,-1.695918,-2.315918,-1.6159179,-1.545918,-1.925918,-0.82591796,0.28408203,0.39408204,1.204082,0.42408204,-0.09591797,0.66408205,1.104082,1.724082,1.304082,1.7740821,0.504082,-0.76591796,0.78408206,0.53408206,0.874082,0.564082,0.04408203,-1.295918,0.68408203,-1.2359179,-0.29591796,-0.25591797,-0.865918,-1.005918,-1.655918,-0.84591794,-0.76591796,-1.2359179,-0.69591796,-1.805918,-2.715918,-6.925918,-1.685918,-1.515918,1.674082,-0.84591794,-0.805918,-1.315918,-0.75591797,-0.41591796,-0.20591797,-0.65591794]},{"header":{"discipline":0,"disciplineName":"Meteorological products","gribEdition":2,"gribLength":1025,"center":7,"centerName":"US National Weather Service - NCEP(WMC)","subcenter":0,"refTime":"2023-09-09T18:00:00.000Z","significanceOfRT":1,"significanceOfRTName":"Start of forecast","productStatus":0,"productStatusName":"Operational products","productType":1,"productTypeName":"Forecast products","productDefinitionTemplate":0,"productDefinitionTemplateName":"Analysis/forecast at horizontal level/layer at a point in time","parameterCategory":2,"parameterCategoryName":"UnknownDiscipline_0_Category_2","parameterNumber":3,"parameterNumberName":"UnknownParameter_D0_C2_3","parameterUnit":"Unknown","genProcessType":2,"genProcessTypeName":"Forecast","forecastTime":120,"surface1Type":103,"surface1TypeName":"Specified height level above ground","surface1Value":10.0,"surface2Type":255,"surface2TypeName":"Missing","surface2Value":0.0,"gridDefinitionTemplate":0,"gridDefinitionTemplateName":"Latitude_Longitude","numberPoints":615,"shape":6,"shapeName":"Earth spherical with radius of 6,371,229.0 m","gridUnits":"degrees","resolution":48,"winds":"true","scanMode":64,"nx":41,"ny":15,"basicAngle":0,"lo1":47.0,"la1":41.0,"lo2":87.0,"la2":55.0,"dx":1.0,"dy":1.0},"data":[1.6584302,0.4084302,1.4984301,-3.6315699,-7.0015697,-6.38157,-6.3315697,-4.70157,-4.5215697,-3.7715697,-2.6615698,-1.6115699,-1.3815699,-1.5615698,-3.2415698,-4.1215696,-4.17157,-3.1415699,-4.21157,-2.9315698,-4.07157,-5.17157,-3.9215698,0.8084302,-0.60156983,1.4884301,0.16843018,2.2384303,0.10843018,-2.1515698,-2.1415699,-0.90156984,-0.66156983,-1.9215698,-2.9415698,-2.56157,-1.0915698,-0.6215698,-1.4215698,0.7384302,2.7584302,2.5584302,2.6284301,2.41843,-2.60157,-6.61157,-7.3715696,-2.4715698,-2.2315698,-3.4715698,-3.7815697,-3.57157,-4.1215696,0.048430175,-1.0515698,-3.0115697,-3.59157,-3.1415699,-4.1615696,-4.5015697,-4.26157,-4.73157,-4.3715696,-2.3815699,0.6984302,1.2284302,1.8784301,-0.97156984,3.43843,0.65843016,2.8084302,2.90843,4.01843,0.77843016,-0.7515698,0.13843018,-2.59157,-1.8915699,-3.5015697,-2.1215699,-2.4615698,1.0384302,1.5684302,6.65843,2.4984303,-1.8815699,-5.3915696,-4.47157,-3.4915698,-3.6715698,-2.2015698,-0.66156983,-2.3915699,-2.4915698,-1.0215698,-1.7715698,-2.5215697,-1.8015698,-0.5015698,-2.7815697,-2.9915698,-2.7915697,-4.46157,-4.70157,-2.6215699,-1.4015698,-0.77156985,-1.4815698,2.3084302,1.8484302,-0.33156982,1.9184302,1.9684302,-0.9815698,1.0384302,-1.5815698,-0.26156983,0.5684302,-2.07157,-3.56157,-0.49156982,-0.7515698,1.3984302,-1.9515698,2.42843,1.0284302,-2.5315697,-3.6315699,-3.55157,-4.15157,-3.2015698,-2.8815699,-2.6615698,-1.4715698,-1.3915699,1.3084302,1.8884301,-0.8115698,-3.1215699,-4.05157,-2.09157,-3.2015698,-2.2415698,-3.0415697,-2.1915698,-1.7415699,-4.84157,-3.7115698,-5.0215697,-2.7615697,-0.96156985,0.22843018,1.2584301,-3.11157,-3.84157,-2.1915698,4.9584303,-1.7115698,-2.05157,0.71843016,4.3384304,-2.2615697,-4.11157,-1.1115699,1.2484301,1.7484301,1.3184302,-0.78156984,-2.5115697,-2.7815697,-3.4915698,-2.80157,-2.3815699,-1.0215698,-2.5315697,-1.9515698,3.5184302,3.2584302,1.1184301,-1.6815698,-4.4115696,-0.52156985,-2.80157,-3.4715698,-2.9315698,-2.7915697,-2.4615698,-2.9915698,-3.85157,-3.4815698,-4.23157,-3.9115698,1.1384301,1.3184302,1.5584302,0.6284302,2.5684302,2.8484302,0.06843018,0.89843017,4.3384304,3.0984302,-6.0215697,-8.38157,-7.32157,2.90843,1.9084302,3.3384302,2.4784303,0.49843016,-2.3715699,-1.6415699,-2.35157,-2.6415699,-0.6115698,-1.8415698,-1.2815698,2.43843,2.2984302,-0.7915698,-0.13156982,-1.1215699,0.19843018,-1.6315699,-2.6615698,-2.83157,-1.2215698,-1.9915699,0.06843018,-3.6815698,-3.86157,-3.4115698,-4.0415697,-1.1915698,1.6684302,2.2684302,3.1084301,2.63843,1.8984302,0.13843018,0.12843017,-1.1215699,-1.9115698,-2.83157,0.5684302,2.5084302,-1.4115698,-2.6515698,-1.7815698,1.7684302,0.9284302,-0.14156982,-2.08157,-1.5215698,-2.57157,-1.1215699,-0.9215698,-1.5215698,-0.30156982,-0.9815698,-0.27156982,-2.1915698,0.18843018,1.0984302,-0.9515698,-0.8215698,-1.6415699,-1.6115699,-1.5415698,-1.0415698,-1.7615699,-1.6415699,-2.31157,-3.4715698,-4.15157,-1.7215698,-0.07156982,-1.4115698,1.8484302,2.9984303,0.8284302,-1.1515698,-2.0015697,0.5084302,-1.5815698,0.96843016,-4.22157,-0.6315698,-0.9415698,-0.39156982,-2.33157,-2.6415699,-3.8815699,-0.4015698,-1.9515698,-2.5415697,-1.6015698,-0.59156984,-0.051569823,-3.11157,-4.70157,-4.23157,-2.6215699,-2.05157,-2.11157,-1.2015698,-1.0115699,-1.1915698,-1.6115699,-1.3915699,0.59843016,0.24843018,-0.7515698,-0.52156985,-1.5915698,-1.3615699,-2.32157,0.9484302,-1.5515698,-2.9715698,1.1684302,5.8784304,2.5184302,1.6284301,2.14843,-0.3115698,0.9484302,-0.3715698,-2.33157,0.14843017,-1.0915698,-1.1915698,-1.5815698,-2.56157,-2.1715698,-1.2115698,-0.23156983,-0.6115698,-1.0615698,-1.1315699,-4.2515697,-3.9515698,-3.7015698,-2.9115698,-1.0015699,-1.7615699,-1.1515698,-0.9515698,-1.6915698,-1.3315698,-0.45156983,-0.9815698,0.30843017,0.038430177,1.4184302,1.0084301,1.0984302,0.38843018,-0.6215698,-1.1415699,-0.41156983,-0.59156984,-0.8615698,-1.6815698,-2.81157,3.19843,1.5584302,-0.65156984,-1.0415698,-0.5715698,1.1384301,0.028430175,0.16843018,-0.59156984,-1.5315698,-1.3215698,-2.7515697,-1.7915698,-1.2315698,-2.4115698,-2.30157,-2.1515698,-2.7015698,-1.7015698,-2.0115697,-0.8615698,-0.6115698,-0.011569824,0.12843017,0.6884302,0.5584302,0.09843018,0.19843018,0.44843018,0.64843017,1.0084301,2.0784302,1.7984302,1.8584301,1.9284302,1.3584301,-0.3715698,-0.29156983,1.3384302,-0.5715698,-1.0815698,-0.83156985,1.7584301,3.0384302,1.8084302,-1.0315698,-1.4915699,-0.89156985,-1.6615698,-2.1615698,-0.72156984,-0.23156983,0.22843018,-0.041569825,-0.36156982,-0.91156983,-0.8715698,-2.57157,-3.2015698,-2.2615697,-0.9915698,-1.5415698,-2.0015697,-2.6615698,-3.07157,-2.11157,-1.9115698,-2.1215699,-2.4615698,-1.7515699,-1.1315699,0.7684302,1.0884302,2.5284302,1.0084301,1.8984302,1.4484302,0.8784302,1.8184302,1.1984302,0.25843018,1.3184302,-0.12156983,1.4284302,1.3084302,0.5584302,0.118430175,-0.16156982,-1.7515699,-2.4515698,-0.8615698,-0.9415698,-1.4215698,-0.20156983,-0.83156985,-2.0115697,-1.1415699,-2.7715697,-2.1915698,-1.4215698,-2.8715699,-3.0015697,-2.1915698,-2.4015698,-1.9615698,-2.7515697,-2.81157,-2.86157,-2.9515698,-2.4515698,-2.5415697,-2.7615697,-1.8415698,-1.2315698,1.1284301,1.7384301,1.3284302,1.9384302,1.0384302,1.4984301,0.71843016,1.0984302,2.7884302,2.8284302,1.8384302,2.2284303,1.3684301,-0.41156983,-0.08156982,-0.011569824,-0.58156985,0.27843016,-0.4315698,-0.97156984,-0.33156982,-1.6215699,-1.0715698,-0.9915698,-1.4115698,-2.30157,-3.0315697,-2.2215698,-2.06157,-2.6915698,-2.36157,-1.3215698,-1.6015698,-2.06157,-2.2515697,-1.7615699,-1.6215699,-2.7915697,-2.6615698,-2.1215699,-0.90156984,0.8784302,-0.14156982,-0.6315698,0.14843017,1.5984302,-0.5515698,1.3084302,2.8184302,1.9384302,1.5284302,1.4884301,-0.7315698,0.8284302,-0.0015698242,-1.3815699,-2.1415699,-0.07156982,-0.5415698,-1.1415699,-2.30157,-1.7615699,-0.60156983,-1.3715699,0.13843018,-1.0615698,-0.9915698,-1.4315698,-2.61157,-2.5015697,-2.0015697,-1.9415698,-1.6215699,-2.1215699,-1.7415699,-1.3015698,-2.7015698,-3.33157,-3.2815697,-3.6815698,-4.46157,-2.9615698,-1.3415698,0.078430176,-1.7115698,-1.2915698,0.42843017,0.048430175,-0.5615698,-0.091569826,-0.7015698,-0.77156985,0.048430175,0.28843018,-0.49156982,0.90843016,0.17843017,-0.26156983,-0.78156984,-0.48156983,0.45843017,-0.17156982,-0.8815698,-2.2015698,-1.4215698,-0.6115698,0.5784302,0.85843015,-0.42156982,-0.3415698,-1.8315698,-1.2115698,-1.2115698,-1.3215698,-0.9315698,-1.9515698,-2.61157,-2.06157,-1.8415698,-2.9015698,-3.1715698,-3.4115698,-2.5315697,-2.82157,-1.3815699,0.28843018,1.4484302,1.6084301,-0.90156984,0.7084302,0.41843018,0.9984302,0.4084302,-0.45156983,-1.0515698,-0.25156984]}]