wind_kz.json
{"header": {"discipline":0,"disciplineName":"Meteorological products","gribEdition":2,"gribLength":1025,"center":7,"centerName":"US National Weather Service - NCEP(WMC)","subcenter":0,"refTime":"2023-08-07T00:00:00.000Z","significanceOfRT":1,"significanceOfRTName":"Start of forecast","productStatus":0,"productStatusName":"Operational products","productType":1,"productTypeName":"Forecast products","productDefinitionTemplate":0,"productDefinitionTemplateName":"Analysis/forecast at horizontal level/layer at a point in time","parameterCategory":2,"parameterCategoryName":"UnknownDiscipline_0_Category_2","parameterNumber":3,"parameterNumberName":"UnknownParameter_D0_C2_3","parameterUnit":"Unknown","genProcessType":2,"genProcessTypeName":"Forecast","forecastTime":60,"surface1Type":103,"surface1TypeName":"Specified height level above ground","surface1Value":10.0,"surface2Type":255,"surface2TypeName":"Missing","surface2Value":0.0,"gridDefinitionTemplate":0,"gridDefinitionTemplateName":"Latitude_Longitude","numberPoints":615,"shape":6,"shapeName":"Earth spherical with radius of 6,371,229.0 m","gridUnits":"degrees","resolution":48,"winds":"true","scanMode":64,"nx":41,"ny":15,"basicAngle":0,"lo1":47.0,"la1":41.0,"lo2":87.0,"la2":55.0,"dx":1.0,"dy":1.0}, "data":
[rows 0 to 14 of 15, columns 0 to 40 of 41]
1.451731,2.861731,-0.34826905,-0.35826904,-2.038269,-3.6882691,-4.558269,-2.278269,-1.438269,-2.4482691,-5.398269,-6.138269,-3.878269,-4.128269,-6.218269,-6.498269,-5.108269,-3.408269,-2.6782691,-1.1082691,-3.078269,-1.968269,-4.838269,-1.428269,4.711731,0.96173096,1.161731,1.431731,-2.568269,-3.2082691,-4.618269,2.0717309,3.431731,0.081730954,1.031731,-1.438269,-0.85826904,4.631731,1.2517309,-0.94826907,0.53173095
-1.2682691,1.9917309,2.621731,1.311731,-0.58826905,-2.588269,-4.2982693,-4.698269,-4.138269,-4.218269,-5.198269,-3.818269,-3.748269,-3.648269,-3.158269,-5.528269,-3.9182692,-1.1082691,-1.178269,-1.408269,-2.128269,-3.518269,-2.748269,-1.2682691,2.211731,2.521731,2.281731,-0.008269043,-1.208269,-2.328269,-2.7082691,-4.418269,-2.628269,-2.378269,1.451731,-8.078269,-7.338269,4.9517307,4.401731,2.841731,-0.30826905
3.721731,5.581731,3.521731,1.4817309,-1.398269,-0.60826904,-3.838269,-2.898269,-4.248269,-5.918269,-6.368269,-5.918269,-5.638269,-9.778269,-5.5482693,-2.058269,-2.388269,-2.748269,-1.818269,-2.388269,-4.408269,-0.59826905,-1.1282691,-0.59826905,-3.728269,-4.128269,-3.318269,-5.508269,-4.608269,-3.4482691,-1.918269,-2.368269,0.111730956,1.8617309,-0.33826905,2.251731,-1.148269,-2.118269,-1.568269,1.8617309,-0.038269043
5.841731,4.731731,4.031731,2.091731,-0.57826906,-4.618269,-3.768269,-4.208269,-4.978269,-6.198269,-6.908269,-7.2982693,-1.968269,-3.628269,-4.138269,-3.4582691,0.90173095,-1.058269,-4.678269,-4.618269,-1.1182691,0.20173095,-2.138269,-0.57826906,0.13173096,-0.32826903,-0.998269,0.20173095,-1.958269,-6.388269,-5.168269,-4.928269,1.5117309,6.001731,-0.18826905,2.201731,3.701731,1.061731,-2.6682692,-2.038269,-4.128269
6.891731,5.1817307,4.461731,1.441731,-3.888269,-6.958269,-7.368269,-2.748269,-4.648269,-5.7982693,-6.778269,-6.928269,-1.5182691,-2.368269,-1.318269,1.171731,-0.69826907,1.461731,-2.628269,-5.658269,1.9817309,-1.4982691,-0.878269,4.291731,0.90173095,2.091731,0.98173094,-4.728269,-3.138269,-3.128269,-3.778269,-3.318269,-0.28826904,0.78173095,-1.0082691,-6.088269,-7.978269,2.341731,1.0017309,-2.498269,-2.528269
3.021731,8.181731,7.511731,3.851731,0.98173094,0.90173095,-2.038269,-3.108269,-4.808269,-4.528269,-7.358269,-6.538269,-5.268269,-2.848269,-4.778269,-0.33826905,2.451731,-7.128269,0.23173095,-2.528269,-2.758269,-2.228269,1.8617309,-4.238269,3.251731,0.19173096,2.5517309,3.371731,-0.79826903,-2.6682692,1.1117309,-2.878269,-3.078269,-1.918269,3.001731,6.691731,2.8317308,-3.718269,-2.358269,1.161731,3.0617309
-1.6182691,-2.598269,0.36173096,5.501731,5.7017307,-0.77826905,-4.678269,-5.738269,-6.208269,-6.658269,-6.748269,-5.398269,-4.8182693,-4.598269,-3.6882691,-5.428269,-6.668269,-2.718269,-1.598269,-6.888269,-3.008269,-0.058269043,-1.798269,-3.6882691,-2.618269,2.521731,2.391731,1.601731,5.761731,4.321731,2.701731,-0.39826906,3.861731,-1.678269,-0.558269,5.661731,-0.30826905,0.43173096,-2.068269,-1.938269,-5.428269
-5.898269,0.45173097,0.24173096,-0.37826905,-5.738269,-6.128269,-6.848269,-6.928269,-7.108269,-7.118269,-6.478269,-6.278269,-5.558269,-5.118269,-0.39826906,-0.54826903,-2.848269,-1.968269,-3.268269,-2.348269,-4.528269,-4.918269,2.0617309,-6.158269,-5.388269,-1.458269,-0.65826905,1.971731,-0.878269,-2.148269,0.34173095,-3.6882691,-4.268269,-1.598269,-3.268269,-3.288269,1.451731,-3.598269,-1.208269,0.73173094,-1.148269
-2.4382691,0.33173096,-1.8582691,-4.858269,-5.5682693,-7.278269,-7.908269,-8.458269,-8.298269,-6.958269,-6.108269,-4.848269,-4.5482693,-5.148269,-4.018269,-3.008269,-3.828269,-2.098269,-0.938269,2.601731,-0.5082691,-9.498269,-3.4282691,6.291731,-2.788269,-2.978269,-2.558269,-3.978269,-2.638269,4.481731,0.561731,-3.138269,-5.218269,-5.908269,-5.168269,0.39173096,-0.678269,1.281731,-0.91826904,-1.158269,0.011730957
-1.3682691,-1.7482691,-2.248269,-5.158269,-6.258269,-7.058269,-7.5682693,-7.758269,-8.418269,-8.368269,-8.978269,-6.328269,-7.688269,-6.768269,-5.578269,-3.6682692,-6.7982693,-1.278269,1.6417309,2.001731,-0.868269,-1.668269,-0.998269,-3.878269,-2.4482691,-3.9582691,-3.888269,-0.568269,-2.888269,-2.028269,-3.338269,-1.6182691,-1.908269,-2.218269,-4.138269,-1.3882691,0.25173095,1.2417309,1.841731,1.591731,1.691731
-0.77826905,-1.278269,-3.378269,-4.408269,-4.658269,-5.5482693,-6.658269,-7.898269,-6.238269,-6.478269,-6.738269,-5.658269,-6.608269,-6.228269,-6.808269,-6.578269,-5.2982693,4.021731,-1.408269,-4.3182693,4.101731,2.091731,0.80173093,-1.2282691,-2.328269,-2.9382691,-2.1682692,-4.008269,-2.6782691,-2.848269,0.40173095,-1.538269,-3.9482691,-4.938269,1.1217309,0.021730958,-1.3782691,-1.2382691,-0.558269,0.07173096,-0.018269043
-1.398269,-3.4182692,-1.9982691,-2.468269,-3.778269,-6.0682693,-3.268269,-5.838269,-4.518269,-4.918269,-4.308269,-4.758269,-5.3182693,-6.018269,-7.258269,-6.418269,-3.218269,-3.6882691,-1.278269,0.081730954,-4.0682693,-4.5482693,0.16173096,-1.7482691,-0.22826904,-1.218269,-1.038269,-2.6682692,0.041730955,-1.168269,-2.278269,-0.58826905,-3.488269,-5.928269,-3.4282691,-0.95826906,2.231731,2.221731,1.351731,1.441731,1.2717309
0.24173096,-1.7582691,-0.808269,-1.778269,-2.828269,-3.908269,-3.878269,-3.1982691,-4.648269,-1.2682691,-1.828269,-2.398269,-5.528269,-6.228269,-6.3182693,-5.698269,-2.738269,-2.068269,0.42173097,2.0717309,1.711731,-0.98826903,-0.90826905,-3.608269,-2.468269,-2.038269,-3.318269,-4.778269,-5.628269,-3.4582691,-5.3182693,-5.998269,-4.3182693,-5.578269,-4.368269,-4.768269,-2.1982691,-0.72826904,-1.928269,5.7017307,2.261731
-0.27826905,1.081731,-0.82826906,-1.0182691,-1.798269,-3.548269,-2.4482691,-2.298269,-1.788269,-3.058269,-0.32826903,-1.338269,-4.768269,-3.098269,-3.738269,-4.848269,-3.6882691,-0.048269045,-1.2382691,-0.21826905,0.031730957,0.19173096,-1.548269,-4.308269,-3.1682692,-2.238269,-3.528269,-4.328269,-5.978269,-6.268269,-6.058269,-3.4282691,-4.968269,-4.308269,-4.538269,-3.978269,-3.988269,-2.508269,-4.958269,-0.88826907,0.011730957
1.561731,0.501731,-5.378269,-2.578269,-0.98826903,-1.658269,-2.718269,-1.788269,-1.328269,0.58173096,0.54173094,-2.4182692,-1.5082691,-2.618269,-3.278269,-5.428269,-4.708269,-5.258269,-3.908269,-4.698269,-4.888269,-5.7982693,-4.118269,-4.458269,-5.188269,-4.248269,-4.388269,-5.418269,-4.718269,-5.248269,-5.218269,-4.378269,-3.748269,-4.778269,-6.228269,-5.738269,-0.85826904,-2.068269,-5.028269,-3.408269,-2.158269
