wind_kz.json
[{"header":{"discipline":0,"disciplineName":"Meteorological products","gribEdition":2,"gribLength":871,"center":7,"centerName":"US National Weather Service - NCEP(WMC)","subcenter":0,"refTime":"2023-10-01T06:00:00.000Z","significanceOfRT":1,"significanceOfRTName":"Start of forecast","productStatus":0,"productStatusName":"Operational products","productType":1,"productTypeName":"Forecast products","productDefinitionTemplate":0,"productDefinitionTemplateName":"Analysis/forecast at horizontal level/layer at a point in time","parameterCategory":0,"parameterCategoryName":"UnknownDiscipline_0_Category_0","parameterNumber":0,"parameterNumberName":"UnknownParameter_D0_C0_0","parameterUnit":"Unknown","genProcessType":2,"genProcessTypeName":"Forecast","forecastTime":240,"surface1Type":1,"surface1TypeName":"Ground or water surface","surface1Value":0.0,"surface2Type":255,"surface2TypeName":"Missing","surface2Value":0.0,"gridDefinitionTemplate":0,"gridDefinitionTemplateName":"Latitude_Longitude","numberPoints":615,"shape":6,"shapeName":"Earth spherical with radius of 6,371,229.0 m","gridUnits":"degrees","resolution":48,"winds":"true","scanMode":64,"nx":41,"ny":15,"basicAngle":0,"lo1":47.0,"la1":41.0,"lo2":87.0,"la2":55.0,"dx":1.0,"dy":1.0},"data":[294.3,281.8,288.2,292.8,292.7,291.8,290.7,292.9,298.0,299.1,298.2,298.9,296.8,295.9,297.1,300.1,298.1,295.7,298.8,294.9,297.5,296.2,297.1,297.0,301.3,300.1,297.4,296.7,292.5,290.7,288.4,282.9,299.8,306.8,307.0,306.4,311.4,311.4,312.2,314.0,315.4,271.9,289.7,292.4,292.5,292.7,291.0,291.9,288.9,287.1,289.0,297.9,297.5,298.8,297.7,298.6,296.8,300.4,299.2,298.5,297.6,296.3,292.9,291.9,283.7,273.4,279.0,295.8,295.4,296.2,289.5,293.4,281.4,292.1,266.9,286.8,303.5,304.0,302.9,307.4,300.8,284.4,284.2,292.3,292.4,292.1,290.6,287.7,285.2,285.4,286.0,285.3,289.2,288.9,290.7,296.3,294.4,295.5,294.7,297.7,294.2,295.0,295.6,294.2,288.9,288.8,291.8,286.5,292.2,289.2,294.2,282.7,286.9,290.4,290.8,294.2,293.1,292.4,293.2,291.4,292.5,287.4,285.7,289.8,291.3,292.0,291.3,289.1,291.0,289.4,289.3,292.8,292.0,291.0,291.2,289.0,288.6,291.8,293.1,291.7,292.6,295.0,291.4,289.7,287.4,292.3,292.5,293.8,294.2,287.3,288.3,287.8,286.4,295.8,298.5,299.2,299.2,301.8,299.1,288.9,274.5,293.3,300.9,301.6,284.4,290.4,291.0,290.3,287.4,286.8,288.4,289.8,288.1,289.1,289.5,289.6,287.8,286.8,285.6,288.1,289.0,290.3,291.1,290.0,291.6,291.4,291.5,290.1,292.9,292.8,295.2,290.1,286.7,289.4,288.4,288.3,284.1,284.8,294.1,300.6,294.8,303.1,300.6,303.9,300.5,283.0,283.3,288.8,289.7,290.0,289.3,289.1,289.1,288.8,287.5,288.0,287.0,287.5,287.6,289.0,290.4,290.0,291.0,289.8,290.5,290.5,289.0,289.4,288.6,287.9,287.5,291.5,285.5,294.2,290.2,289.8,295.2,290.3,286.0,282.6,286.0,282.1,282.2,296.0,304.6,302.4,287.0,287.6,287.0,287.3,288.0,288.7,288.9,286.9,286.2,285.7,285.7,284.5,284.9,285.9,286.5,287.0,288.6,289.3,288.5,288.3,288.4,289.2,287.7,287.1,285.1,285.9,287.7,288.7,293.4,295.0,295.3,292.7,294.3,290.4,285.3,284.7,283.5,286.0,283.1,286.4,294.1,284.9,286.0,284.9,285.4,285.3,284.5,286.2,285.5,284.7,283.6,282.6,282.3,283.1,283.3,285.5,285.8,286.0,286.9,286.7,284.6,282.6,286.1,286.7,286.9,286.2,283.3,283.9,287.0,286.3,290.4,290.5,291.8,290.1,288.0,287.1,286.3,285.0,284.6,291.1,293.7,292.7,284.9,284.3,284.3,283.7,283.0,283.6,283.6,283.6,282.8,281.0,280.4,280.6,280.0,282.8,283.5,285.2,284.8,285.6,284.4,283.9,282.4,282.9,280.4,283.5,284.2,284.9,283.3,283.3,284.2,284.1,286.7,288.6,292.0,289.6,282.8,280.2,282.9,284.3,280.1,281.6,283.4,283.4,282.8,283.1,283.1,282.1,282.1,281.6,281.2,281.2,279.7,278.3,277.5,278.8,279.2,280.9,281.2,282.4,284.2,283.9,283.4,282.2,282.6,280.7,281.9,285.3,284.7,285.1,284.8,284.7,284.7,286.0,289.1,291.9,292.2,288.9,281.3,280.4,284.4,284.1,282.0,280.6,281.8,282.0,281.0,281.3,281.4,280.6,280.3,279.6,277.6,277.0,274.3,273.8,277.5,276.2,278.3,279.5,280.0,281.0,282.0,281.6,281.6,281.1,281.7,282.6,282.4,282.9,282.6,285.6,287.1,289.1,287.9,290.7,290.8,289.3,288.6,280.3,278.5,282.5,283.1,283.2,281.5,279.9,280.8,280.6,279.9,279.5,279.1,278.3,277.3,277.1,275.4,271.9,271.2,274.2,273.3,275.2,277.2,277.9,278.3,278.8,279.4,278.8,279.2,279.6,280.6,280.5,283.4,284.5,286.1,287.3,287.6,287.2,288.1,285.9,287.2,285.5,281.4,280.1,283.5,285.5,286.8,287.4,277.1,278.4,279.0,278.3,278.8,278.4,277.8,275.2,273.8,272.1,271.1,270.2,271.7,272.4,275.4,275.6,275.7,275.5,277.7,277.6,278.5,278.5,278.7,280.2,282.0,283.6,285.9,285.7,286.3,287.0,287.9,287.0,286.7,286.5,286.2,280.9,280.7,284.8,285.5,286.2,286.9,277.7,277.4,281.3,277.5,276.5,275.6,274.2,272.9,273.2,272.3,270.9,269.6,270.6,272.2,275.6,275.5,275.1,276.1,277.0,277.3,278.5,280.1,281.0,281.5,283.0,283.9,284.3,285.1,285.0,285.8,285.7,284.4,284.2,283.8,282.3,279.8,284.7,284.9,286.2,285.8,288.9,276.4,277.0,283.7,276.5,275.6,273.1,273.6,272.0,272.1,272.6,272.9,272.9,271.6,273.4,273.7,273.8,274.4,276.2,277.1,277.6,278.4,279.9,281.0,281.4,281.6,282.6,283.6,283.9,284.0,284.2,283.8,283.3,283.3,282.0,278.7,283.2,284.4,285.2,288.0,288.9,288.0]},{"header":{"discipline":0,"disciplineName":"Meteorological products","gribEdition":2,"gribLength":794,"center":7,"centerName":"US National Weather Service - NCEP(WMC)","subcenter":0,"refTime":"2023-10-01T06:00:00.000Z","significanceOfRT":1,"significanceOfRTName":"Start of forecast","productStatus":0,"productStatusName":"Operational products","productType":1,"productTypeName":"Forecast products","productDefinitionTemplate":0,"productDefinitionTemplateName":"Analysis/forecast at horizontal level/layer at a point in time","parameterCategory":2,"parameterCategoryName":"UnknownDiscipline_0_Category_2","parameterNumber":2,"parameterNumberName":"UnknownParameter_D0_C2_2","parameterUnit":"Unknown","genProcessType":2,"genProcessTypeName":"Forecast","forecastTime":240,"surface1Type":103,"surface1TypeName":"Specified height level above ground","surface1Value":10.0,"surface2Type":255,"surface2TypeName":"Missing","surface2Value":0.0,"gridDefinitionTemplate":0,"gridDefinitionTemplateName":"Latitude_Longitude","numberPoints":615,"shape":6,"shapeName":"Earth spherical with radius of 6,371,229.0 m","gridUnits":"degrees","resolution":48,"winds":"true","scanMode":64,"nx":41,"ny":15,"basicAngle":0,"lo1":47.0,"la1":41.0,"lo2":87.0,"la2":55.0,"dx":1.0,"dy":1.0},"data":[4.1179442,0.11794434,0.41794434,5.6179442,2.9179444,0.9179443,-0.5820557,-1.9820557,-2.7820556,-2.7820556,-1.7820556,-1.2820556,-1.2820556,-1.7820556,-1.9820557,-2.2820556,-3.2820556,-4.9820557,-6.0820556,-6.6820555,-4.0820556,-1.2820556,0.9179443,2.3179443,-1.4820557,2.4179444,3.0179443,2.5179443,0.11794434,1.1179444,-2.1820557,1.4179443,-0.082055666,-1.4820557,-2.0820556,0.21794434,0.9179443,0.51794434,0.017944336,0.81794435,0.81794435,-0.88205564,-1.0820557,3.4179444,3.7179444,-0.48205566,-2.9820557,-2.7820556,-1.4820557,-5.0820556,-3.4820557,-1.7820556,-2.0820556,2.4179444,2.5179443,1.9179443,0.11794434,-2.1820557,-3.6820557,-2.7820556,-3.2820556,-2.9820557,-2.4820557,-1.3820556,1.6179444,1.1179444,0.51794434,1.2179444,0.11794434,3.2179444,1.4179443,0.31794435,-0.28205568,-1.6820557,0.31794435,0.51794434,0.11794434,-1.0820557,-3.0820556,-1.1820557,-1.0820557,-0.18205567,1.3179443,8.517944,9.617945,5.4179444,-5.282056,-3.4820557,-3.8820558,-1.0820557,-0.48205566,0.11794434,4.5179443,4.717944,3.4179444,-0.28205568,1.1179444,2.1179442,2.8179443,1.3179443,0.017944336,-0.18205567,-0.48205566,0.11794434,0.21794434,-0.48205566,-2.5820556,-2.7820556,-3.0820556,1.0179443,3.0179443,-1.2820556,0.81794435,-2.3820558,-0.88205564,-1.4820557,-3.6820557,-0.18205567,-0.28205568,-0.68205565,-1.1820557,0.81794435,1.1179444,6.1179442,6.5179443,-0.68205565,-8.782056,-2.5820556,-1.5820557,-2.0820556,0.7179443,2.2179444,3.6179442,3.7179444,3.1179442,5.0179443,6.8179445,5.4179444,6.1179442,4.4179444,3.7179444,2.9179444,1.8179443,1.1179444,1.3179443,-1.6820557,-0.98205566,-0.5820557,-2.0820556,-1.7820556,-1.0820557,-2.6820557,-1.4820557,1.4179443,-1.9820557,2.0179443,-1.6820557,2.4179444,1.0179443,0.21794434,0.51794434,-2.4820557,-0.68205565,1.5179443,-1.2820556,-1.6820557,-0.7820557,-2.5820556,-1.4820557,1.6179444,3.6179442,3.9179444,3.9179444,3.9179444,4.5179443,4.8179445,5.5179443,5.4179444,5.5179443,5.1179442,5.8179445,6.717944,6.217944,5.8179445,5.217944,4.1179442,3.4179444,1.7179444,2.0179443,2.9179444,2.5179443,-0.5820557,-0.68205565,-1.1820557,-1.3820556,-1.8820556,0.9179443,1.5179443,-3.7820556,-1.2820556,8.117945,2.8179443,6.717944,4.0179443,5.3179445,-0.38205567,0.61794436,1.7179444,2.6179442,1.7179444,3.5179443,5.217944,3.8179443,5.1179442,5.6179442,6.0179443,6.6179442,7.5179443,8.317945,8.117945,7.3179445,6.9179444,7.9179444,7.3179445,6.9179444,6.8179445,6.5179443,4.9179444,4.6179442,3.9179444,4.717944,4.0179443,2.7179444,2.2179444,1.5179443,1.0179443,-0.18205567,1.4179443,2.3179443,2.8179443,4.217944,1.8179443,4.3179445,12.417944,-3.3820558,-1.6820557,1.6179444,1.5179443,1.8179443,2.6179442,3.8179443,4.4179444,5.0179443,4.8179445,5.9179444,6.6179442,7.4179444,8.317945,8.517944,9.517944,9.117945,9.217944,8.917944,7.717944,7.8179445,8.217944,8.717944,7.5179443,5.8179445,5.5179443,6.0179443,6.1179442,6.5179443,5.5179443,4.9179444,4.6179442,3.8179443,3.9179444,3.2179444,3.5179443,3.3179443,4.3179445,0.9179443,0.11794434,2.3179443,1.6179444,2.6179442,1.9179443,2.6179442,3.3179443,4.0179443,4.9179444,5.8179445,6.6179442,7.1179442,8.117945,8.517944,9.117945,9.917944,10.617945,10.717944,10.417944,9.817945,9.817945,9.517944,8.517944,8.517944,8.417944,8.617945,8.217944,6.717944,6.6179442,6.1179442,5.8179445,5.717944,6.6179442,5.8179445,5.8179445,5.217944,4.217944,2.3179443,6.6179442,9.517944,2.1179442,5.6179442,7.3179445,8.417944,3.7179444,3.4179444,4.217944,4.6179442,5.217944,6.0179443,6.9179444,7.4179444,8.317945,8.917944,10.017944,10.617945,11.017944,12.417944,11.517944,11.317945,10.517944,10.417944,9.517944,8.917944,8.517944,9.117945,9.417944,8.317945,6.1179442,6.9179444,6.0179443,6.5179443,6.0179443,6.5179443,5.1179442,5.5179443,5.4179444,4.5179443,1.9179443,0.11794434,1.1179444,0.11794434,-0.38205567,0.21794434,1.1179444,1.2179444,4.5179443,5.0179443,5.8179445,6.5179443,7.217944,7.717944,8.317945,8.817945,10.017944,10.917944,11.517944,11.717944,11.517944,11.317945,12.217944,11.417944,10.917944,10.217944,9.817945,9.217944,9.917944,9.917944,7.1179442,7.3179445,7.6179442,7.3179445,6.8179445,7.8179445,7.217944,6.4179444,6.5179443,6.0179443,4.8179445,3.8179443,1.3179443,2.1179442,1.5179443,-0.48205566,2.6179442,1.7179444,0.21794434,4.717944,5.3179445,6.1179442,7.0179443,7.217944,7.9179444,9.017944,10.217944,10.017944,10.617945,10.217944,10.817945,11.017944,11.417944,11.617945,11.117945,11.017944,9.817945,9.517944,9.717944,9.417944,8.817945,8.817945,8.617945,8.417944,8.617945,7.8179445,7.6179442,6.9179444,7.0179443,6.6179442,5.9179444,5.6179442,4.3179445,3.6179442,2.1179442,0.21794434,1.4179443,0.017944336,0.7179443,1.2179444,5.0179443,5.1179442,6.1179442,7.217944,8.117945,8.517944,9.217944,9.917944,9.617945,8.917944,9.317945,10.417944,10.817945,11.517944,10.817945,10.317945,9.617945,9.517944,7.8179445,7.3179445,6.6179442,6.5179443,6.9179444,7.1179442,7.3179445,8.017944,8.117945,7.9179444,6.8179445,7.0179443,7.217944,6.9179444,5.8179445,5.0179443,3.9179444,4.9179444,6.1179442,7.717944,5.9179444,2.7179444,2.2179444,4.717944,5.8179445,6.0179443,7.0179443,7.4179444,7.0179443,9.317945,9.517944,11.517944,8.517944,7.3179445,9.217944,9.617945,10.717944,10.417944,9.717944,8.817945,7.6179442,6.3179445,5.5179443,5.6179442,5.0179443,4.9179444,6.0179443,6.8179445,6.717944,6.5179443,6.6179442,6.9179444,6.0179443,5.5179443,5.4179444,5.5179443,5.3179445,5.717944,5.4179444,6.717944,5.8179445,8.117945,4.9179444,2.3179443,5.1179442,6.0179443,7.4179444,7.717944,8.217944,8.217944,8.217944,8.917944,8.517944,9.117945,7.1179442,8.117945,9.017944,9.817945,9.617945,8.117945,6.4179444,5.9179444,4.4179444,3.9179444,4.1179442,3.7179444,3.7179444,4.6179442,5.3179445,5.4179444,5.6179442,5.6179442,5.9179444,6.5179443,6.717944,6.0179443,6.9179444,6.3179445,5.217944,6.3179445,6.0179443,4.6179442,3.1179442,1.5179443,0.9179443,3.6179442,5.8179445,8.317945,7.4179444,7.3179445,7.1179442,9.017944,8.417944,8.717944,9.017944,6.3179445,8.017944,6.5179443,4.9179444,6.217944,4.8179445,3.6179442,2.9179444,1.5179443,1.9179443,2.6179442,1.9179443,1.6179444,2.7179444,3.5179443,4.1179442,4.6179442,4.8179445,5.3179445,5.5179443,6.217944,7.3179445,5.217944,5.4179444,5.5179443,7.8179445,5.217944,3.9179444,0.7179443,-0.68205565,-1.0820557]},{"header":{"discipline":0,"disciplineName":"Meteorological products","gribEdition":2,"gribLength":794,"center":7,"centerName":"US National Weather Service - NCEP(WMC)","subcenter":0,"refTime":"2023-10-01T06:00:00.000Z","significanceOfRT":1,"significanceOfRTName":"Start of forecast","productStatus":0,"productStatusName":"Operational products","productType":1,"productTypeName":"Forecast products","productDefinitionTemplate":0,"productDefinitionTemplateName":"Analysis/forecast at horizontal level/layer at a point in time","parameterCategory":2,"parameterCategoryName":"UnknownDiscipline_0_Category_2","parameterNumber":3,"parameterNumberName":"UnknownParameter_D0_C2_3","parameterUnit":"Unknown","genProcessType":2,"genProcessTypeName":"Forecast","forecastTime":240,"surface1Type":103,"surface1TypeName":"Specified height level above ground","surface1Value":10.0,"surface2Type":255,"surface2TypeName":"Missing","surface2Value":0.0,"gridDefinitionTemplate":0,"gridDefinitionTemplateName":"Latitude_Longitude","numberPoints":615,"shape":6,"shapeName":"Earth spherical with radius of 6,371,229.0 m","gridUnits":"degrees","resolution":48,"winds":"true","scanMode":64,"nx":41,"ny":15,"basicAngle":0,"lo1":47.0,"la1":41.0,"lo2":87.0,"la2":55.0,"dx":1.0,"dy":1.0},"data":[-2.080771,1.0192292,-1.5807709,-2.6807709,6.419229,5.419229,2.3192291,3.3192291,3.0192292,2.419229,1.7192291,2.3192291,3.0192292,2.919229,1.5192292,-0.58077085,-1.3807709,-2.6807709,-3.6807709,-1.9807708,-0.9807709,-3.580771,-2.7807708,1.4192291,1.8192291,1.8192291,0.7192291,-0.38077086,0.8192291,8.219229,3.2192292,3.3192291,0.21922913,-0.7807709,0.11922912,1.0192292,0.21922913,1.2192291,0.91922915,0.21922913,0.61922914,-0.38077086,-1.6807709,-1.9807708,2.3192291,5.819229,6.919229,3.7192292,4.019229,1.9192291,0.8192291,-0.28077087,-0.4807709,0.41922912,1.9192291,2.7192292,2.8192291,1.4192291,0.7192291,-0.18077087,-1.7807709,-2.880771,-3.7807708,-4.480771,-0.18077087,2.119229,3.3192291,2.5192292,2.419229,-0.28077087,3.3192291,-0.28077087,5.6192293,2.8192291,2.619229,2.7192292,2.5192292,2.5192292,0.5192291,2.0192292,0.31922913,-0.08077087,-0.9807709,-3.380771,-2.880771,2.3192291,5.919229,4.719229,2.8192291,3.5192292,3.419229,3.0192292,2.419229,0.019229125,-0.18077087,-1.7807709,0.5192291,2.5192292,2.619229,2.2192292,2.619229,0.91922915,-0.88077086,-2.9807708,-2.080771,-0.6807709,-0.4807709,-1.8807709,-0.9807709,-2.380771,-0.58077085,-1.9807708,1.9192291,1.1192291,-3.1807709,2.3192291,-0.08077087,-3.1807709,1.6192291,2.919229,-1.0807709,2.2192292,1.7192291,-0.9807709,-1.3807709,-3.7807708,0.61922914,2.5192292,5.819229,3.619229,3.0192292,1.8192291,0.61922914,0.91922915,2.0192292,0.61922914,2.5192292,3.7192292,-0.88077086,-0.28077087,1.2192291,1.9192291,2.0192292,2.5192292,-0.18077087,1.1192291,-1.0807709,-0.88077086,-0.4807709,-1.5807709,-1.4807708,-0.4807709,-1.4807708,-4.680771,-1.5807709,0.8192291,4.219229,-1.6807709,2.0192292,3.419229,3.2192292,-2.4807708,-2.1807709,-3.580771,-0.9807709,-1.5807709,-1.7807709,-0.4807709,4.819229,4.319229,4.919229,3.8192291,2.619229,2.619229,1.7192291,1.3192291,-0.08077087,-0.28077087,1.0192292,2.919229,2.0192292,2.0192292,2.2192292,2.0192292,2.619229,3.119229,2.119229,1.2192291,-0.58077085,0.019229125,0.61922914,1.0192292,0.61922914,-0.88077086,-1.9807708,-1.5807709,-1.4807708,3.0192292,1.0192292,6.719229,-7.3807707,4.6192293,-3.080771,-2.2807708,-1.8807709,-0.08077087,-1.2807709,-2.7807708,-1.1807709,1.1192291,2.2192292,1.0192292,2.919229,2.3192291,2.919229,2.7192292,2.8192291,2.5192292,1.7192291,1.3192291,1.5192292,1.0192292,1.6192291,3.3192291,2.419229,2.8192291,4.519229,4.1192293,2.8192291,2.0192292,2.0192292,1.4192291,2.419229,2.0192292,0.61922914,-0.38077086,-0.4807709,-1.6807709,0.91922915,1.1192291,-6.580771,-1.8807709,-3.580771,-6.180771,0.31922913,0.7192291,0.5192291,-0.18077087,0.019229125,-0.7807709,-1.0807709,-1.1807709,-1.0807709,0.5192291,1.2192291,1.6192291,1.8192291,1.9192291,2.2192292,2.3192291,2.619229,2.3192291,2.119229,2.3192291,3.919229,3.7192292,4.219229,5.019229,6.819229,5.1192293,3.3192291,3.0192292,2.919229,3.5192292,3.3192291,2.919229,1.9192291,1.5192292,0.21922913,-0.88077086,0.7192291,-0.9807709,2.619229,2.8192291,-1.0807709,0.31922913,-10.180771,0.41922912,0.019229125,-0.28077087,-0.28077087,-0.4807709,-0.18077087,0.11922912,0.7192291,1.1192291,1.0192292,1.9192291,2.3192291,2.3192291,3.0192292,3.2192292,3.919229,4.219229,4.819229,5.519229,6.1192293,5.019229,4.919229,6.919229,7.219229,5.719229,5.019229,4.519229,4.519229,4.719229,4.1192293,3.5192292,2.919229,0.31922913,1.0192292,4.019229,1.9192291,-3.380771,-2.7807708,0.21922913,-0.88077086,-0.7807709,0.91922915,0.11922912,-0.58077085,-0.88077086,-1.1807709,-1.1807709,-0.7807709,0.019229125,0.31922913,1.1192291,1.6192291,2.5192292,2.7192292,3.2192292,3.7192292,4.519229,5.419229,6.519229,7.019229,7.019229,6.719229,6.519229,5.319229,8.4192295,8.219229,6.319229,5.519229,5.419229,5.019229,4.1192293,5.519229,5.1192293,2.619229,-0.6807709,-1.5807709,-3.4807708,0.31922913,0.41922912,2.119229,0.7192291,1.5192292,0.91922915,0.31922913,-0.6807709,-1.2807709,-1.4807708,-1.2807709,-0.7807709,0.019229125,0.41922912,1.0192292,2.0192292,2.619229,3.619229,3.8192291,4.519229,5.519229,6.519229,7.519229,8.019229,8.4192295,8.219229,7.519229,8.019229,7.819229,8.319229,7.219229,6.1192293,5.719229,5.1192293,4.6192293,3.919229,2.7192292,1.8192291,0.21922913,0.019229125,-0.58077085,0.31922913,2.3192291,3.5192292,1.7192291,2.919229,0.7192291,-0.08077087,-1.3807709,-2.080771,-2.1807709,-1.5807709,-1.2807709,-0.88077086,-0.08077087,1.0192292,2.119229,2.8192291,2.7192292,3.8192291,5.019229,6.6192293,7.519229,8.9192295,9.619229,9.819229,9.9192295,9.119229,8.719229,8.619229,7.419229,7.419229,7.019229,7.319229,6.519229,5.219229,4.219229,2.3192291,2.419229,1.6192291,1.0192292,0.7192291,2.2192292,0.91922915,2.5192292,1.2192291,0.61922914,0.11922912,-0.18077087,-0.9807709,-1.9807708,-2.880771,-2.4807708,-1.9807708,-2.080771,-0.7807709,0.21922913,0.91922915,2.419229,3.419229,4.6192293,5.6192293,6.719229,7.719229,9.019229,10.019229,10.319229,10.019229,9.519229,9.319229,9.119229,8.519229,8.619229,7.319229,7.319229,7.019229,5.019229,4.419229,4.1192293,2.3192291,2.7192292,1.3192291,1.2192291,2.3192291,1.0192292,-0.28077087,-1.1807709,-1.4807708,-0.38077086,-2.1807709,-2.4807708,-2.1807709,-2.880771,-2.580771,-3.6807709,-2.1807709,-1.9807708,-0.28077087,0.7192291,0.5192291,3.3192291,4.519229,5.6192293,7.319229,8.119229,9.219229,11.519229,10.4192295,10.319229,10.519229,9.9192295,10.619229,10.019229,8.9192295,7.819229,7.519229,6.919229,5.719229,5.419229,3.7192292,2.7192292,2.0192292,0.91922915,0.21922913,2.0192292,1.9192291,3.5192292,4.019229,2.419229,-0.88077086,-2.1807709,-4.3807707,-4.280771,-4.180771,-4.180771,-3.2807708,-2.9807708,-1.6807709,-0.9807709,0.019229125,-0.38077086,1.1192291,4.1192293,4.919229,6.819229,8.4192295,9.4192295,10.819229,11.019229,11.119229,10.619229,10.519229,10.219229,9.519229,8.819229,8.319229,7.519229,6.519229,6.1192293,4.919229,3.419229,2.5192292,1.5192292,0.019229125,-0.6807709,-0.4807709,1.4192291,3.8192291,3.419229,4.819229,-0.4807709,-2.6807709,-5.280771,-4.980771,-5.3807707,-3.4807708,-4.080771,-3.6807709,-3.380771,-2.6807709,-0.6807709,0.61922914,0.21922913,1.4192291,5.219229,7.1192293,9.019229,9.619229,10.619229,10.019229,11.9192295,11.219229,10.319229,10.319229,9.719229,8.619229,8.019229,7.319229,6.519229,5.019229,4.319229,4.319229,3.2192292,1.6192291,-0.4807709,-1.1807709,0.61922914,3.619229,2.5192292,5.1192293,2.419229]}]