wind_kz.json
[{"header":{"discipline":0,"disciplineName":"Meteorological products","gribEdition":2,"gribLength":871,"center":7,"centerName":"US National Weather Service - NCEP(WMC)","subcenter":0,"refTime":"2023-08-25T18:00:00.000Z","significanceOfRT":1,"significanceOfRTName":"Start of forecast","productStatus":0,"productStatusName":"Operational products","productType":1,"productTypeName":"Forecast products","productDefinitionTemplate":0,"productDefinitionTemplateName":"Analysis/forecast at horizontal level/layer at a point in time","parameterCategory":0,"parameterCategoryName":"UnknownDiscipline_0_Category_0","parameterNumber":0,"parameterNumberName":"UnknownParameter_D0_C0_0","parameterUnit":"Unknown","genProcessType":2,"genProcessTypeName":"Forecast","forecastTime":180,"surface1Type":1,"surface1TypeName":"Ground or water surface","surface1Value":0.0,"surface2Type":255,"surface2TypeName":"Missing","surface2Value":0.0,"gridDefinitionTemplate":0,"gridDefinitionTemplateName":"Latitude_Longitude","numberPoints":615,"shape":6,"shapeName":"Earth spherical with radius of 6,371,229.0 m","gridUnits":"degrees","resolution":48,"winds":"true","scanMode":64,"nx":41,"ny":15,"basicAngle":0,"lo1":47.0,"la1":41.0,"lo2":87.0,"la2":55.0,"dx":1.0,"dy":1.0},"data":[308.7,297.0,305.4,298.9,298.9,298.5,310.9,317.1,312.7,312.8,312.6,314.5,316.4,316.2,315.6,316.6,315.3,315.3,318.5,315.4,317.3,311.1,309.7,309.8,315.4,312.6,310.1,302.4,301.9,294.0,295.9,287.6,309.4,322.4,323.0,319.3,320.7,317.4,314.8,320.0,324.0,292.2,305.2,299.0,299.1,299.0,297.8,316.9,314.6,313.6,314.2,316.4,314.7,314.2,313.0,313.3,313.1,315.3,318.7,318.8,319.4,316.3,310.6,307.7,299.3,294.5,293.6,305.7,304.3,303.8,294.0,299.2,290.0,300.4,273.2,299.2,316.0,315.0,319.9,320.0,313.3,285.6,307.9,298.5,299.2,299.1,297.7,312.5,312.3,313.2,313.6,312.8,313.6,315.1,314.9,314.4,314.1,315.6,315.8,315.4,316.9,317.7,315.6,313.0,310.3,307.7,309.5,308.5,308.3,309.5,309.0,300.2,295.5,297.5,299.7,303.6,307.7,303.3,301.1,300.5,303.9,300.1,298.9,308.7,298.9,299.2,298.4,300.4,311.2,311.0,312.8,314.3,314.1,313.3,312.4,295.5,294.6,315.0,313.8,313.4,316.9,316.3,316.3,310.8,310.5,311.4,313.3,313.7,310.5,312.4,312.7,317.3,313.4,313.5,314.8,314.1,314.3,312.8,310.3,301.9,299.5,300.6,312.5,316.1,309.5,298.3,298.7,298.5,303.8,309.0,310.8,315.0,312.7,310.4,312.3,312.3,295.0,293.8,291.4,312.1,312.0,309.8,310.6,310.7,311.6,311.4,313.1,313.6,315.1,314.7,310.1,309.5,313.5,316.3,316.1,309.5,299.3,296.2,301.7,313.7,309.3,321.7,322.6,318.6,317.6,310.1,309.2,296.6,297.3,298.2,297.4,312.4,309.6,309.0,309.9,309.8,308.3,296.8,294.4,302.9,309.8,311.4,309.8,308.8,310.2,309.0,308.1,310.4,311.5,312.5,311.7,313.6,293.0,310.8,311.7,314.3,314.1,303.5,311.1,307.2,310.1,306.1,306.2,319.4,321.0,322.2,311.1,312.3,313.2,314.3,308.4,313.6,313.7,310.7,309.1,306.5,309.1,308.8,309.3,308.6,305.2,303.5,304.6,306.1,306.4,306.4,305.9,306.3,306.0,307.9,305.7,306.1,308.3,311.2,311.5,310.7,310.2,311.5,314.6,313.6,310.9,310.6,306.8,304.1,303.4,301.2,312.5,310.7,312.6,310.0,310.8,311.6,309.9,311.0,308.7,307.1,306.5,308.9,308.4,307.7,303.1,304.4,303.8,303.7,303.5,302.6,302.2,302.1,304.6,305.9,305.1,304.4,301.9,303.4,304.0,306.0,308.8,304.8,306.9,306.1,305.8,304.9,312.9,312.0,290.0,319.1,315.4,310.8,309.8,309.9,309.8,311.5,308.7,309.2,309.9,306.1,306.1,305.5,304.8,303.2,302.4,304.3,303.7,303.9,302.6,299.1,301.9,302.4,299.3,298.5,295.3,298.6,295.0,296.4,296.5,297.8,296.8,292.0,293.1,299.4,305.8,303.9,306.0,302.8,303.6,305.7,299.7,295.4,298.8,307.3,307.9,309.0,308.0,307.6,307.6,295.8,291.6,293.6,293.6,295.9,298.0,300.1,300.2,299.3,300.1,301.0,301.1,299.6,298.4,296.8,294.5,290.5,294.7,296.8,295.8,292.4,294.2,296.6,298.0,293.7,303.5,306.1,307.0,303.7,302.1,297.5,295.2,296.4,296.1,295.3,302.4,303.4,304.5,304.5,305.9,303.9,290.5,290.4,288.8,293.4,296.2,296.3,295.3,295.6,297.1,297.3,297.5,298.1,297.8,295.9,292.9,286.0,286.1,286.9,290.3,285.2,283.4,288.8,296.3,300.6,302.8,301.8,302.8,300.6,304.5,298.7,293.5,292.0,296.3,294.6,293.4,302.9,304.4,302.0,295.4,291.3,291.7,286.6,286.9,294.4,293.8,288.3,294.5,295.6,293.3,290.4,287.2,293.3,288.8,287.8,284.5,282.9,282.7,283.1,286.6,285.1,291.8,293.1,291.4,295.8,292.8,297.8,300.3,296.8,297.4,296.0,299.0,298.8,301.2,298.7,299.3,299.3,299.3,298.5,292.2,287.5,285.7,286.0,288.8,291.4,291.2,289.7,289.2,289.4,293.5,291.6,290.2,288.9,288.4,290.0,287.6,283.3,283.0,286.6,286.4,282.2,284.2,289.9,295.1,292.6,293.5,292.3,298.8,297.3,297.4,296.2,297.0,295.7,297.5,297.3,299.6,298.2,298.8,291.7,289.2,289.2,286.0,285.7,287.1,292.0,289.4,288.6,296.5,289.3,287.3,290.8,290.4,288.6,289.5,287.3,283.4,283.3,283.8,288.9,284.9,284.0,283.7,284.6,284.3,284.4,290.9,292.4,289.0,296.5,296.6,295.2,294.7,293.8,294.2,295.5,297.7,300.3,296.0,297.3,291.4,286.8,290.2,286.5,288.7,293.0,289.6,289.4,290.5,294.3,291.2,289.3,284.0,286.4,289.3,286.0,282.9,282.9,289.4,290.4,291.5,284.1,283.2,283.1,283.6,287.3,290.0,292.3,285.4,290.5,294.0,290.0,294.2,294.1,293.4,294.6,296.3,297.7,300.1,300.0,297.4]},{"header":{"discipline":0,"disciplineName":"Meteorological products","gribEdition":2,"gribLength":1025,"center":7,"centerName":"US National Weather Service - NCEP(WMC)","subcenter":0,"refTime":"2023-08-25T18:00:00.000Z","significanceOfRT":1,"significanceOfRTName":"Start of forecast","productStatus":0,"productStatusName":"Operational products","productType":1,"productTypeName":"Forecast products","productDefinitionTemplate":0,"productDefinitionTemplateName":"Analysis/forecast at horizontal level/layer at a point in time","parameterCategory":2,"parameterCategoryName":"UnknownDiscipline_0_Category_2","parameterNumber":2,"parameterNumberName":"UnknownParameter_D0_C2_2","parameterUnit":"Unknown","genProcessType":2,"genProcessTypeName":"Forecast","forecastTime":180,"surface1Type":103,"surface1TypeName":"Specified height level above ground","surface1Value":10.0,"surface2Type":255,"surface2TypeName":"Missing","surface2Value":0.0,"gridDefinitionTemplate":0,"gridDefinitionTemplateName":"Latitude_Longitude","numberPoints":615,"shape":6,"shapeName":"Earth spherical with radius of 6,371,229.0 m","gridUnits":"degrees","resolution":48,"winds":"true","scanMode":64,"nx":41,"ny":15,"basicAngle":0,"lo1":47.0,"la1":41.0,"lo2":87.0,"la2":55.0,"dx":1.0,"dy":1.0},"data":[-0.57579285,1.5942072,-2.2757928,2.1642072,3.044207,-0.055792846,-2.0057929,-4.6357927,-4.535793,-2.3757927,-2.715793,-1.0057929,0.31420717,-0.9257929,-2.155793,-2.0657928,-1.6157929,-1.1757928,-3.2757928,-4.145793,-2.0457928,0.0042071533,2.304207,3.1942072,-0.83579284,1.6142071,3.6142073,3.2442071,0.7642071,1.1142071,-1.2857928,-0.07579285,-1.1657928,-2.2657928,-4.8857927,-4.6357927,-4.6957927,-4.645793,-5.1157928,-3.9957929,-3.6257927,-0.70579284,-2.3157928,1.1542071,-1.7257929,-5.955793,-4.035793,-4.395793,-2.8757927,-2.8657928,-2.3657928,-0.8557928,-1.4457928,-2.475793,-2.145793,-2.405793,-1.3557929,0.69420713,0.85420716,-0.32579285,-0.37579286,-0.095792845,-1.3657929,-0.94579285,2.9842072,1.2042072,0.41420716,1.2642071,1.3342072,3.1742072,1.6642071,1.6842072,0.46420714,-1.9757929,0.44420716,0.45420715,-3.935793,-4.665793,-2.7957928,1.3342072,-2.1057928,-0.39579284,-3.0257928,-2.0257928,-3.8757927,-6.825793,-5.9257927,-4.765793,-3.2757928,-2.6257927,-1.8857929,-1.7357929,-1.0857929,0.32420716,0.084207155,-1.6557928,-2.205793,-1.1757928,-1.7257929,-2.0457928,-1.5457928,-0.08579285,1.6742072,2.9842072,1.9242072,0.0042071533,-0.14579284,-1.4757929,-1.2157929,0.47420716,3.1142073,-0.07579285,1.9842072,-2.0457928,-0.31579286,1.6242071,-0.025792846,1.2842071,1.8242072,-0.28579286,-1.1757928,1.2242072,1.1542071,-6.8857927,-8.015793,-7.895793,-6.555793,-4.825793,-3.395793,-1.5757928,-2.455793,-2.0057929,-0.89579284,0.16420716,0.31420717,-0.70579284,-0.36579284,-0.45579284,-1.5057929,-1.6457928,-1.9557929,-2.3257928,-1.7157929,0.33420715,-0.23579285,3.544207,3.1442072,1.3042072,1.3142072,0.87420714,1.3942071,-1.3157928,-0.52579284,1.3142072,2.1342072,3.6542072,3.2642071,3.9242072,3.3742073,1.0242071,0.5842072,-3.7457929,-5.605793,-4.1957927,-6.705793,-6.855793,-7.205793,-6.325793,-4.295793,-2.8057928,-2.8757927,-1.5157928,-0.5357928,0.60420716,1.3542072,1.1442071,1.7842071,1.7842071,2.1742072,3.034207,2.6742072,2.9842072,2.9142072,1.7242072,2.564207,3.9242072,4.084207,3.6442072,3.6942072,4.904207,3.9842072,1.0742072,3.5042071,2.354207,0.7042072,0.5842072,2.4442072,1.9142071,-3.0557928,-3.0457928,-1.7257929,-3.445793,-1.8257928,-3.435793,-3.965793,-3.955793,-3.5357928,-3.165793,-2.685793,-3.0357928,-3.3857927,-1.4957929,-0.21579285,0.45420715,1.4842072,2.3742073,2.844207,0.14420715,-2.6057928,-1.5057929,-0.39579284,2.5042071,4.104207,5.4942074,3.284207,3.9942071,4.8442073,4.754207,4.354207,4.2842073,4.704207,4.694207,-0.18579285,4.5742073,2.7242072,2.2542071,1.2942071,0.19420715,0.40420714,-1.6457928,2.304207,0.0042071533,-2.8457928,-3.2657928,-1.7657928,-0.89579284,-1.1757928,-1.8757929,-1.7057929,-1.1057929,-0.37579286,-0.33579284,-0.49579284,0.07420716,0.9642072,1.0042071,2.024207,2.074207,0.92420715,1.4042071,2.284207,3.0142071,3.8642073,4.084207,5.654207,5.944207,5.0542073,4.5742073,4.124207,4.3042073,4.3042073,5.424207,6.8442073,6.5942073,5.194207,6.164207,4.9942074,2.1442072,1.6642071,0.39420715,0.5742071,-0.015792847,0.124207154,-0.43579283,-0.5357928,-0.47579286,0.99420714,-1.5157928,-1.3457929,-1.8457929,-1.8557929,-1.6157929,-1.1857928,-0.5357928,0.18420716,1.3242072,1.5842072,0.31420717,0.67420715,2.5042071,3.0042071,4.414207,4.684207,5.914207,7.024207,3.9542072,4.024207,5.504207,4.9942074,4.7842073,4.754207,4.964207,4.774207,4.314207,4.754207,4.674207,3.304207,5.564207,4.504207,2.6242073,3.4142072,5.3042073,0.43420714,-4.325793,-2.175793,0.13420716,3.6542072,4.934207,0.48420715,0.31420717,0.054207154,0.39420715,0.25420716,1.4242072,1.4642072,1.4242072,1.1842072,0.35420716,1.4242072,3.024207,4.464207,3.094207,2.584207,1.5142071,3.344207,3.3642073,4.334207,3.794207,4.924207,5.3842072,5.524207,6.104207,5.0542073,5.924207,5.7642074,4.774207,5.524207,6.2842073,5.714207,3.9642072,3.6442072,5.274207,3.9542072,1.1142071,-1.4157928,1.8942071,1.6342071,-0.15579285,0.75420713,1.9942071,2.2442071,2.8742073,3.2042072,2.9842072,2.2442071,0.75420713,-0.18579285,-0.29579285,0.24420716,2.4142072,2.324207,1.5742072,3.2242072,3.2242072,3.4242072,3.6142073,4.794207,5.8242073,6.834207,8.274207,8.654207,7.9942074,9.194207,9.154207,7.774207,7.8042073,8.484207,7.964207,6.434207,6.7642074,6.0142074,2.8642073,2.294207,4.2642074,2.574207,-0.9757928,-1.1457928,2.4642072,1.7442071,0.19420715,2.4942071,4.3242073,3.6442072,3.084207,0.84420717,-2.185793,-3.3157928,-0.7857928,1.3542072,1.9342072,2.1942072,3.7042072,2.7442071,4.184207,3.5042071,4.144207,5.164207,6.004207,6.9942074,8.184207,9.684207,7.2842073,7.944207,7.974207,6.9942074,7.1142073,6.0142074,8.514207,9.234207,8.844207,5.684207,5.484207,4.5742073,3.3742073,1.4142071,2.8942072,2.3942072,1.8742071,2.3742073,-0.005792847,1.7742071,2.3942072,0.10420715,-1.8057928,-3.5857928,-3.3057928,-2.0757928,-0.83579284,1.2042072,2.9842072,2.0142071,2.2342072,2.6442072,1.7242072,2.054207,2.5042071,4.3642073,5.2842073,6.654207,6.154207,7.6342072,8.154207,6.664207,5.544207,5.9942074,6.0942073,7.374207,7.124207,6.8042073,7.9942074,7.8242073,6.2642074,5.434207,2.834207,3.6442072,3.2542071,1.9942071,4.0942073,3.2242072,2.594207,2.4742072,1.0842072,1.0642072,-1.5657928,-4.055793,-1.4657929,-1.5657928,-0.38579285,2.294207,4.0142074,4.914207,1.0142071,2.5042071,2.6142073,0.93420714,2.2042072,3.5142071,4.814207,6.204207,6.874207,7.314207,6.484207,2.6942072,3.2642071,5.3242073,5.854207,5.854207,7.924207,6.964207,7.144207,6.334207,5.274207,2.534207,3.524207,3.534207,3.804207,1.9742072,3.9742072,3.584207,3.064207,4.894207,2.9742072,0.68420714,-2.0557928,-2.7457929,-2.5557928,-2.7857928,-0.28579286,1.6042072,3.4042072,3.1842072,-0.12579285,1.0242071,1.8342072,2.6442072,2.2642071,2.0042071,4.3842072,5.004207,3.3842072,4.6142073,4.0942073,-0.005792847,1.8942071,2.6842072,3.524207,5.064207,5.374207,5.4942074,2.1542072,5.474207,3.9642072,4.104207,2.7142072,2.1942072,3.1442072,2.774207,2.9942071,3.6742072,3.1942072,3.314207,3.334207,2.074207,0.22420715,-2.5957928,-3.0657928,-1.4857929,-0.65579283,2.6842072,2.3842072,0.79420716,1.2342072,0.054207154,0.55420715,0.99420714,1.3242072,1.8742071,3.6342072,4.084207,2.834207,3.1542072,2.804207,2.594207,-0.41579285,0.7042072,-0.045792848,0.34420717,0.0042071533,-1.4657929,-2.185793,-1.0357928,0.034207154,-0.26579285,0.53420717,1.0242071,1.2542071,2.354207,2.4842072,3.1142073,3.064207,1.8442072,3.604207,1.7542071,-2.0357928,-0.5457928]},{"header":{"discipline":0,"disciplineName":"Meteorological products","gribEdition":2,"gribLength":1025,"center":7,"centerName":"US National Weather Service - NCEP(WMC)","subcenter":0,"refTime":"2023-08-25T18:00:00.000Z","significanceOfRT":1,"significanceOfRTName":"Start of forecast","productStatus":0,"productStatusName":"Operational products","productType":1,"productTypeName":"Forecast products","productDefinitionTemplate":0,"productDefinitionTemplateName":"Analysis/forecast at horizontal level/layer at a point in time","parameterCategory":2,"parameterCategoryName":"UnknownDiscipline_0_Category_2","parameterNumber":3,"parameterNumberName":"UnknownParameter_D0_C2_3","parameterUnit":"Unknown","genProcessType":2,"genProcessTypeName":"Forecast","forecastTime":180,"surface1Type":103,"surface1TypeName":"Specified height level above ground","surface1Value":10.0,"surface2Type":255,"surface2TypeName":"Missing","surface2Value":0.0,"gridDefinitionTemplate":0,"gridDefinitionTemplateName":"Latitude_Longitude","numberPoints":615,"shape":6,"shapeName":"Earth spherical with radius of 6,371,229.0 m","gridUnits":"degrees","resolution":48,"winds":"true","scanMode":64,"nx":41,"ny":15,"basicAngle":0,"lo1":47.0,"la1":41.0,"lo2":87.0,"la2":55.0,"dx":1.0,"dy":1.0},"data":[1.8667358,1.9867358,-1.6832641,-2.9232643,-0.62326413,0.45673585,3.2867358,2.146736,1.7267358,1.1267358,1.3667358,0.50673586,-0.09326416,0.09673584,-0.6932642,-3.133264,-5.013264,-4.453264,-4.283264,-3.2332642,-3.3032641,-4.6432643,-2.7832642,2.126736,2.7167358,3.376736,0.34673584,0.28673583,-1.3732642,3.1867359,4.886736,2.596736,-1.4832642,-0.28326416,-0.98326415,-0.84326416,3.2267358,2.2667358,2.5567358,2.7967358,-0.0032641601,-1.6632642,0.07673584,-0.84326416,-1.1232642,1.0267358,2.5567358,2.146736,1.4467359,1.5367359,0.81673586,0.44673583,-0.85326415,0.9967358,1.3367358,-1.4332641,-3.4432642,-4.473264,-2.7432642,-2.7832642,-3.393264,-3.5032642,-4.6232643,-4.743264,-0.97326416,2.9367359,3.5667357,3.4467359,2.0867357,-0.6932642,3.2767358,-0.34326416,5.196736,3.136736,2.8067358,3.5267358,2.156736,4.3767357,3.2367358,2.906736,0.57673585,0.49673584,0.23673584,1.8167359,0.57673585,-1.1932641,-0.7632642,1.0367359,0.68673587,-0.07326416,0.76673585,0.20673583,-1.2832642,-0.14326416,1.4967358,1.5367359,-1.4332641,-3.333264,-2.863264,-3.6732643,-3.333264,-4.113264,-3.4232643,-3.2832642,-2.893264,-1.4932642,-2.1732643,-1.9732642,-2.3032641,-3.1632643,-0.32326415,-2.653264,0.12673584,0.90673584,-3.593264,0.5467358,0.9167358,-2.9432642,0.26673585,2.5367358,-0.6432642,2.616736,0.97673583,0.7967358,0.63673586,0.13673584,-0.55326414,-0.96326417,-1.6732641,-2.593264,-0.41326416,-0.6932642,-1.4732642,-2.0432642,-1.3532642,-0.05326416,1.7367358,0.49673584,-1.2232642,-1.3132641,-2.0232642,-3.9232643,-4.843264,-5.703264,-2.653264,-4.3932643,-0.8332642,-0.15326416,-1.6232642,-1.7232642,-2.343264,-1.1232642,-2.9332643,-3.9932642,-0.9432642,1.7067358,1.0467359,-0.32326415,3.116736,3.2467358,2.376736,-2.8132641,-2.853264,-2.0632641,1.0967358,0.83673584,1.6567359,0.9867358,-0.79326415,-0.56326413,-1.5532641,-0.37326416,-1.6332642,-2.1732643,-1.8132641,-1.0932641,0.7967358,1.5267358,2.9667358,0.87673587,0.40673584,-0.37326416,-2.103264,-2.6932642,-3.7532642,-3.7232642,-3.0032642,-1.9532641,-1.1532642,0.9967358,1.3767358,-0.5832642,-0.07326416,-1.0732641,-2.133264,-3.0732641,-1.8532642,1.0467359,0.68673587,1.7067358,4.426736,-0.44326416,-3.133264,-1.2332642,-1.1332642,2.3167357,1.5767359,0.88673586,0.12673584,-0.55326414,-0.68326414,-1.5632641,-1.7532642,-2.1632643,-2.2232642,-1.5632641,-1.6932641,0.02673584,-0.43326417,-2.103264,-1.7932642,-2.7832642,-1.8432641,-0.85326415,-1.4232641,-3.5432642,-2.6732643,-1.8432641,-1.4232641,-1.4832642,-1.3932642,-0.13326415,4.6467357,-0.17326416,1.3667358,0.59673584,-0.06326416,-1.6732641,-2.1732643,-2.843264,-0.60326415,-3.1832643,3.5567358,-0.17326416,-0.28326416,-1.5932641,1.7067358,1.0267358,0.65673584,-0.24326415,0.046735838,-0.34326416,-1.6532642,-1.9432641,-2.613264,-3.123264,-3.0332642,-1.3832642,-0.34326416,-2.0032642,-3.133264,-2.893264,-3.2732642,-3.883264,-1.4632641,-1.1432642,-1.3832642,-2.7732642,-0.25326416,-1.4532641,-1.6532642,-1.6432642,-0.49326417,0.84673584,3.9967358,5.096736,3.4867358,2.646736,0.58673584,1.3067359,1.4167359,0.49673584,3.156736,3.9667358,3.0167358,2.906736,-4.423264,1.4067359,0.71673584,0.70673585,-0.04326416,-0.86326414,-0.9532642,-2.2232642,-2.6932642,-3.2832642,-3.2432642,-1.9832642,-0.85326415,-1.3832642,-3.853264,-4.453264,-3.4332643,-3.7932642,-1.8332641,0.11673584,-1.1632642,-1.2232642,-0.78326416,0.08673584,0.12673584,-0.44326416,-0.8332642,-0.84326416,0.17673583,2.846736,3.106736,4.5667357,4.676736,3.636736,2.9667358,3.136736,-1.5832641,-0.15326416,0.49673584,-1.3632642,-2.2232642,0.76673585,1.5267358,1.7067358,1.7667358,1.1167358,0.7967358,-0.14326416,-1.4432641,-2.0232642,-1.5532641,-1.6532642,-2.343264,-3.583264,-4.483264,-4.273264,-4.0632644,-4.733264,-3.4632642,-1.6032642,-1.5032642,0.08673584,0.18673584,-0.08326416,0.58673584,1.2267358,1.7767358,0.57673585,0.64673585,0.82673585,2.116736,2.396736,2.7367358,6.1267357,2.7667358,2.4367359,3.376736,4.556736,3.7767358,-0.8232642,-0.23326416,-2.1632643,1.2767358,1.8567358,1.6167358,1.5267358,1.0267358,0.52673584,-0.8232642,-2.363264,-1.9232641,-1.7432642,-2.613264,-3.2832642,-3.1832643,-2.7932642,-2.603264,-3.893264,-4.5432644,-4.573264,-3.583264,-2.3032641,-1.9532641,-0.93326414,-0.26326415,-1.0732641,-1.7232642,0.48673585,1.9367359,4.496736,3.0567358,2.096736,3.0067358,2.906736,2.0767357,2.616736,1.6367358,0.02673584,4.076736,2.7267358,2.916736,1.9667358,2.126736,2.3367357,2.2167358,0.9167358,-0.40326416,-0.96326417,-0.92326415,-0.53326416,-0.5032642,-0.49326417,-1.3932642,-1.4332641,-2.843264,-3.3132641,-3.9132643,-2.903264,-4.473264,-4.923264,-4.993264,-4.3532643,-3.893264,-2.4232643,-0.72326416,-0.08326416,1.4167359,2.596736,3.406736,3.2167358,2.9367359,4.006736,4.266736,3.4267359,4.866736,3.9867358,3.2667358,3.9267359,1.2567358,4.556736,4.716736,3.166736,4.516736,1.3967358,1.0567359,0.90673584,-1.4732642,-0.77326417,0.90673584,-0.66326416,-0.21326417,-0.37326416,-1.5032642,-3.1932642,-2.603264,-1.8632642,-4.113264,-4.073264,-4.7932644,-4.463264,-3.9432642,-5.3332644,-4.6232643,-2.623264,-1.3532642,0.05673584,0.22673585,2.0167358,1.8067359,2.656736,2.0367358,4.1467357,4.256736,4.1867356,3.906736,5.736736,5.656736,5.216736,3.916736,3.2167358,2.116736,0.9867358,3.8167357,1.7467358,1.6767359,-0.73326415,1.1367358,2.386736,1.6367358,1.7267358,1.3067359,-0.07326416,0.24673584,-1.9632641,-2.0032642,-2.2132642,-1.3932642,-2.863264,-4.483264,-5.1832643,-6.233264,-4.653264,-5.1432643,-5.0632644,-4.533264,-2.653264,-1.9132642,1.2367358,0.34673584,1.4467359,2.2367358,3.8267357,5.026736,3.2667358,6.016736,5.616736,7.496736,7.236736,6.8167357,4.406736,3.7167358,4.426736,1.6967359,2.106736,3.7367358,1.5367359,1.5567359,1.3167359,2.4567358,1.9067359,0.8667358,-0.02326416,-1.1832641,-1.8232641,-1.4832642,-1.6832641,-0.9432642,-1.6132642,-2.4332643,-5.273264,-5.193264,-5.863264,-5.903264,-6.7932644,-5.423264,-2.863264,-0.17326416,-2.2332642,-1.4432641,-1.7232642,-0.74326414,1.1267358,2.876736,5.616736,7.056736,6.296736,6.266736,7.4367356,7.386736,5.806736,5.6067357,4.306736,5.3167357,3.376736,2.156736,4.6867356,4.096736,3.146736,2.366736,2.7367358,4.046736,1.5967358,-0.60326415,-0.47326416,-1.0932641,-1.3732642,-1.8132641,-1.8132641,-0.8232642,-2.133264,-1.2032641,-3.873264,-7.013264,-6.523264,-5.223264,-4.363264,-5.073264,-3.3232641,-3.1932642,-3.0132642,-3.2432642,-2.0432642,-2.0532641,2.606736,4.546736,3.9767358,4.406736,6.346736,5.4367356,5.1267357,6.466736,3.856736,4.976736,5.1467357,4.6467357,5.076736,6.116736,4.966736,2.6867359]}]