wind_kz.json
{"header": {"discipline":0,"disciplineName":"Meteorological products","gribEdition":2,"gribLength":1025,"center":7,"centerName":"US National Weather Service - NCEP(WMC)","subcenter":0,"refTime":"2023-08-21T18:00:00.000Z","significanceOfRT":1,"significanceOfRTName":"Start of forecast","productStatus":0,"productStatusName":"Operational products","productType":1,"productTypeName":"Forecast products","productDefinitionTemplate":0,"productDefinitionTemplateName":"Analysis/forecast at horizontal level/layer at a point in time","parameterCategory":2,"parameterCategoryName":"UnknownDiscipline_0_Category_2","parameterNumber":3,"parameterNumberName":"UnknownParameter_D0_C2_3","parameterUnit":"Unknown","genProcessType":2,"genProcessTypeName":"Forecast","forecastTime":240,"surface1Type":103,"surface1TypeName":"Specified height level above ground","surface1Value":10.0,"surface2Type":255,"surface2TypeName":"Missing","surface2Value":0.0,"gridDefinitionTemplate":0,"gridDefinitionTemplateName":"Latitude_Longitude","numberPoints":615,"shape":6,"shapeName":"Earth spherical with radius of 6,371,229.0 m","gridUnits":"degrees","resolution":48,"winds":"true","scanMode":64,"nx":41,"ny":15,"basicAngle":0,"lo1":47.0,"la1":41.0,"lo2":87.0,"la2":55.0,"dx":1.0,"dy":1.0}, "data":
[rows 0 to 14 of 15, columns 0 to 40 of 41]
5.1702247,-2.0597754,0.5302246,-6.4397755,-5.5797753,-4.9797754,-1.8397754,-2.4797754,-3.0397754,-2.4597754,-2.1397753,-3.2397754,-4.0597754,-4.449775,-4.699775,-5.0697756,-4.429775,-4.3797755,-5.6397753,-1.7497754,-5.3697753,-4.4597754,-1.7997754,-1.1397754,-2.0497754,0.1402246,-1.9597754,0.7902246,0.9702246,-0.3797754,-1.5297754,-0.3497754,0.10022461,-0.9497754,1.1902246,0.6702246,0.10022461,0.040224608,-1.3897754,-4.0497756,1.4202247
1.3302246,1.8002247,0.9602246,-3.2597754,-3.7397754,-3.0597754,-2.1797755,-1.2697754,-1.5397754,-3.8097754,-4.0697756,-4.969775,-5.5997753,-5.9597754,-5.0997753,-5.0397754,-5.1197753,-5.8297753,-7.489775,-5.0597754,-4.1397753,-4.3497753,0.6302246,1.5602247,1.0102246,1.1002246,-2.3597753,1.1902246,-1.0797753,0.52022463,0.9002246,0.6602246,-1.9397753,-0.6397754,-3.3597753,-3.0497754,-2.6797755,-4.9997754,-3.6697755,-3.0797753,1.8802246
2.3202245,4.2002244,0.09022461,-3.0197754,-6.219775,-1.2797754,-1.6297754,-1.0597754,-1.2297754,-0.60977536,-0.9997754,-1.9897754,-3.2897754,-4.449775,-5.3397756,-4.1197753,-4.719775,-4.5397754,-4.2897754,-5.2997756,-4.679775,-2.7597754,-6.7797756,-1.4997754,-0.6497754,0.060224608,1.1402246,1.8902246,0.5902246,2.0902245,3.8502245,1.7002246,1.7502246,-1.5097754,-1.0097754,2.5702245,2.0002246,-1.6097754,0.6502246,-1.1297754,-3.1497755
0.70022464,1.5502247,-2.6697755,-1.7497754,-2.2297754,1.1602246,1.5202246,0.3202246,-1.1397754,-0.01977539,1.7202246,0.5002246,-0.8297754,-3.4197755,-3.9597754,-4.7097754,-3.8297753,-4.2797756,-3.8997755,-4.0497756,-4.6397753,-2.9297755,-0.4897754,-3.0997753,-3.5397754,-3.7697754,-3.1697755,-3.5297754,-0.85977536,-1.3297753,-2.5497754,-2.9297755,-1.7497754,1.2302246,0.8102246,-2.9197755,-0.5397754,2.6102247,0.47022462,0.70022464,1.9902246
0.9902246,-0.2697754,-2.4097755,-2.9397755,-3.4497755,-4.5497756,-2.2197754,0.2602246,-0.22977538,-2.3397753,-0.12977539,2.5602245,1.5702246,-0.9597754,-3.5797753,-3.7197754,-2.4697754,-2.8397753,-3.7797754,-3.5297754,-1.9697754,-2.9197755,-3.8397753,-4.4197755,-3.6597755,-1.0397754,-0.7797754,-2.5197754,-2.2697754,-1.6797754,-2.4597754,-0.4597754,2.4802246,3.7602246,-0.43977538,-1.4697754,-0.17977539,-0.6597754,2.7802246,2.6602247,2.9502246
2.7502246,0.47022462,-0.85977536,-2.8197753,-2.9597754,-3.7597754,-3.8097754,-2.9897754,-2.6497755,-1.6597754,-2.9997754,-3.3097754,3.1502247,1.8102247,0.58022463,-1.9997754,0.1402246,-0.09977539,-1.0197754,-3.2497754,-3.5497754,1.7002246,0.9902246,-1.9497753,-3.3997755,-3.3097754,1.2502246,1.6502246,0.7102246,-1.0897754,-0.43977538,-1.5397754,-1.5197754,-2.5097754,2.0202246,-0.7497754,2.3802247,0.8402246,1.8202246,1.6502246,0.4002246
4.050225,4.1102247,3.3002245,2.1902246,-0.3897754,-0.54977536,-1.0897754,-3.1997755,-3.4697754,-3.3797753,-3.4397755,-2.3397753,-2.8797753,-1.8697754,2.1002245,0.7502246,-0.8997754,-2.3397753,-0.60977536,-1.1597754,-2.1497755,-2.4097755,-0.17977539,2.2002246,1.6902246,-1.2697754,-2.2597754,1.2202246,2.5302246,2.2302246,0.9002246,-0.6197754,0.1702246,0.3302246,-2.0697753,-1.6097754,-2.6797755,0.3002246,0.15022461,1.8702246,-0.5097754
-1.3397754,-0.8797754,-1.2197754,-1.4597754,-1.0897754,-3.0497754,-2.4397755,-2.3697753,-1.8597754,-2.7997754,-2.4497755,-2.7697754,-3.5797753,-4.929775,-5.6597753,-5.6097755,-5.219775,-3.9797754,-0.6397754,0.5502246,-0.30977538,-1.0897754,-1.8597754,-2.2897754,1.0702246,2.5302246,2.7002246,0.4202246,-0.1697754,-1.7697754,0.7802246,2.0302246,1.6902246,1.8902246,2.5902245,1.6302246,1.1502246,2.3902247,0.8702246,-0.4797754,-1.9597754
-0.9397754,-0.2597754,-2.4497755,-2.2297754,-2.3597753,-2.3797753,-2.6397753,-3.0897753,-4.3097754,-2.9297755,-3.2897754,-3.1597755,-2.6397753,-3.5897753,-4.1897755,-4.449775,-5.179775,-5.4997754,-4.969775,-2.8797753,0.060224608,-0.9097754,-1.7397754,-2.6997755,-1.2797754,-0.4797754,0.9102246,-1.0497754,0.07022461,1.9202247,0.44022462,-0.6797754,1.2602246,-2.1397753,0.2202246,2.9602246,-0.4597754,2.2202246,1.7902246,0.9902246,1.3802246
-1.9397753,-0.5297754,-1.8697754,-3.1097753,-5.1697755,-2.8597753,-2.6697755,-3.2197754,-2.5097754,-3.3497753,-4.1297755,-4.2797756,-2.9497755,-2.4797754,-1.9797754,-3.3397753,-4.429775,-4.679775,-4.259775,-4.429775,-5.509775,-4.969775,-2.0097754,-0.6197754,-0.5997754,-0.40977538,-0.14977539,0.4002246,0.4802246,1.2502246,1.3902246,2.0302246,-2.9597754,-0.91977537,-1.2597754,-1.7497754,1.6702247,-0.18977539,3.0102246,4.3902245,3.5402246
-0.91977537,-1.4697754,-2.0897753,-2.8497753,-2.7397754,-2.4897754,-2.8597753,-2.3197753,-1.7297754,-2.2097754,-2.3197753,-1.8697754,-4.969775,-5.429775,-0.9597754,-1.3797754,-2.6297753,-3.4597754,-3.7597754,-3.3397753,-3.1297753,-3.5897753,-4.3197756,-2.5897753,-1.6197754,0.12022461,-0.30977538,-0.6797754,1.3502246,0.8402246,0.89022464,1.9102246,4.1402245,2.1702247,4.0402246,1.3702246,0.34022462,3.0802245,4.240225,2.4602246,1.0702246
-0.79977536,-1.4697754,-1.2697754,-1.6597754,-2.0297754,-0.23977539,-1.0597754,-1.5897754,-3.9297755,-1.9497753,-1.1697754,-2.4997754,-2.7497754,-3.2097754,-2.9197755,-2.7397754,-2.9597754,-3.1197753,-2.9297755,-3.6797755,-4.0797753,-4.7097754,-3.9297755,-4.1197753,-4.2997756,-4.1697755,-3.2497754,-2.2097754,-2.3197753,-0.7797754,0.5902246,2.6302247,3.0602245,4.1802244,3.7402246,5.1902246,6.5002246,4.2202244,2.0602245,-0.18977539,1.1702247
0.040224608,-0.85977536,-1.2097754,-1.5597754,-1.5197754,-1.3697754,-0.9597754,-1.4297754,-3.6497755,-1.9397753,-1.4697754,-1.2897754,-2.6997755,-2.8697753,-4.6697755,-2.6497755,-2.8697753,-2.7997754,-3.3897753,-2.1397753,-2.1997755,-2.6597755,-3.5197754,-4.3597755,-4.7097754,-4.6697755,-5.6297755,-5.9397755,-3.5897753,-1.3297753,-1.0997754,0.7402246,2.0102246,4.1102247,4.820225,4.7502246,4.9302244,4.010225,6.0602245,5.7002244,1.4102246
0.2902246,0.1902246,-2.6697755,-2.1397753,-2.5797753,-1.3897754,-2.8497753,-2.2997754,-1.9697754,-1.6697754,-0.4497754,-0.8797754,-1.2197754,-2.0897753,-3.0297754,-2.3597753,-2.8197753,-2.2897754,-2.2997754,-2.6097753,-1.7997754,-1.9097754,-1.9697754,-1.4697754,-1.2097754,-2.3697753,-4.6397753,-4.489775,-4.509775,-5.1597753,-0.17977539,-0.40977538,0.9002246,2.1602247,3.8302245,4.5802245,4.2502246,4.7302246,5.8402247,5.0902247,5.570225
-0.9997754,-1.1997753,-2.8997755,-1.8597754,-0.2897754,-0.7497754,-1.4697754,-1.9297754,-2.3097754,-2.9297755,-0.9697754,-0.5597754,0.4202246,-0.7497754,-2.7997754,-1.8297753,-2.5697753,-2.2297754,-0.9297754,-1.2197754,-2.5297754,-2.1597755,-2.7797754,-2.5697753,-2.5197754,-1.9397753,-2.3097754,-3.3897753,-4.009775,-4.1197753,-5.679775,-2.9497755,0.5402246,2.1902246,2.4202247,3.6502247,5.2202244,5.6802244,6.240225,6.4002247,5.010225
