wind_kz.json
{"header": {"discipline":0,"disciplineName":"Meteorological products","gribEdition":2,"gribLength":1025,"center":7,"centerName":"US National Weather Service - NCEP(WMC)","subcenter":0,"refTime":"2023-09-07T00:00:00.000Z","significanceOfRT":1,"significanceOfRTName":"Start of forecast","productStatus":0,"productStatusName":"Operational products","productType":1,"productTypeName":"Forecast products","productDefinitionTemplate":0,"productDefinitionTemplateName":"Analysis/forecast at horizontal level/layer at a point in time","parameterCategory":2,"parameterCategoryName":"UnknownDiscipline_0_Category_2","parameterNumber":2,"parameterNumberName":"UnknownParameter_D0_C2_2","parameterUnit":"Unknown","genProcessType":2,"genProcessTypeName":"Forecast","forecastTime":300,"surface1Type":103,"surface1TypeName":"Specified height level above ground","surface1Value":10.0,"surface2Type":255,"surface2TypeName":"Missing","surface2Value":0.0,"gridDefinitionTemplate":0,"gridDefinitionTemplateName":"Latitude_Longitude","numberPoints":615,"shape":6,"shapeName":"Earth spherical with radius of 6,371,229.0 m","gridUnits":"degrees","resolution":48,"winds":"true","scanMode":64,"nx":41,"ny":15,"basicAngle":0,"lo1":47.0,"la1":41.0,"lo2":87.0,"la2":55.0,"dx":1.0,"dy":1.0}, "data":
[rows 0 to 14 of 15, columns 0 to 40 of 41]
-4.4046264,-0.81462646,-0.89462644,-0.62462646,-3.1446264,-2.0246265,-5.0846267,-5.7246265,-5.9846263,-4.0146265,-3.8146265,-3.0146265,-1.5346265,-1.1446265,-0.7146265,1.2053735,1.4353735,1.7853736,1.7553735,4.0453734,2.5853736,1.8553735,4.8353734,4.8553734,3.7553735,4.0553737,4.1053734,4.2653737,3.6653736,2.3753736,4.3753734,1.4253736,-1.1546265,-6.7646265,-4.2746263,-2.2346265,0.23537354,-2.5046265,-0.41462648,-0.15462646,2.4053736
-1.0946264,-2.7946265,3.3053734,-3.9646266,-3.0046265,-1.0846264,-4.794626,-3.7146266,-3.0646265,-1.4346265,-0.25462645,-1.7946265,-0.24462646,-1.3046265,0.54537356,1.6953735,2.5253735,2.7553735,1.8053735,0.99537355,1.1753736,2.6753736,2.3653736,3.3853736,2.6853735,1.6253735,1.4053736,4.3953733,5.3653736,3.3353736,-0.10462646,2.0453734,-2.8946264,1.9653735,-0.014626465,0.82537353,2.6053736,-0.74462646,1.7353735,-1.9946265,0.28537354
-7.3746266,-7.9046264,-7.0346265,-4.8646264,-1.2946265,-0.6546265,-2.7046266,-2.3746264,-2.2046266,-0.9046265,-0.9746265,-1.1746265,-2.0346265,0.46537355,1.1653736,2.2353735,2.6353736,3.6253736,4.6653733,4.2353735,2.0953736,4.4753737,5.1453733,5.4653735,6.7253737,6.2253737,2.4553735,3.5053735,3.6253736,0.10537353,-0.43462646,0.81537354,-1.0646265,0.5353735,0.38537353,-0.6546265,1.7453735,-0.94462645,5.7253737,4.5853734,-0.67462647
-8.884626,-8.0146265,-6.2346263,-2.9446266,-0.40462646,-1.9846264,0.56537354,-0.9646265,-0.25462645,-0.07462647,0.32537353,0.085373536,1.7953736,4.5253735,5.0253735,4.2153735,6.0453734,4.4953737,5.3053737,5.4953737,6.3453736,5.7353735,4.5153737,5.8653736,6.1353736,6.4753737,6.0053735,6.4853735,6.3253736,5.1253734,2.2353735,1.8053735,6.0653734,4.5953736,-2.1546264,0.21537353,0.09537353,2.3853736,-1.0646265,-3.1546264,-0.64462644
-6.8546267,-4.4246264,-2.9746265,-1.5146265,1.2453735,-0.7746265,0.74537355,1.7453735,2.5853736,3.1253736,3.6253736,4.7153735,4.9653735,5.5153737,5.9953737,8.085374,8.275373,5.4653735,5.1153736,5.205374,7.1453733,6.6453733,7.955374,8.165374,7.1453733,7.6753736,8.505374,7.9153733,5.5453734,3.1253736,5.2253737,2.7953734,2.7253735,2.6153736,-3.8746264,-1.8146265,-2.1746264,-0.30462646,-0.5246265,0.7253735,1.4453735
-4.5146265,-3.2946265,0.55537355,1.1053735,2.7253735,4.5353737,4.7853737,4.5053735,4.1753736,5.2853737,5.6653733,5.3753734,4.8653736,1.0953735,1.7053735,4.3853736,5.2553735,8.605373,7.2653737,4.6653733,6.6753736,6.9053736,6.2153735,7.2653737,7.5253735,7.8353734,6.6453733,-3.6846266,2.8353736,2.2453735,3.0753736,4.3753734,1.9953735,1.5953735,1.7953736,-0.9146265,4.7753735,7.0153737,7.6753736,5.1153736,1.0953735
-3.6246264,-4.1146264,-3.0546265,-2.9446266,-2.0046265,-1.2746265,-0.5446265,0.20537354,0.74537355,1.3653735,1.8253735,1.3553735,0.055373535,1.1253735,2.1453736,2.6753736,4.7853737,6.6353736,5.8453736,8.135373,5.0153737,5.8653736,5.205374,4.4353733,4.0653734,0.8953735,-1.0846264,0.035373535,0.23537354,2.2353735,3.1453736,2.5853736,1.8653735,3.3653736,3.0553734,4.5353737,3.7653735,0.23537354,1.5553735,-0.28462645,4.8753734
-4.0246263,-4.0746264,-3.4746265,-3.1046264,-2.4546266,-1.5046265,-1.6546265,-1.4146265,-0.44462645,0.17537354,-0.32462648,-0.15462646,-1.2446265,-0.20462647,1.3253735,-0.9846265,1.5253736,0.82537353,-0.18462646,0.93537354,2.2153735,5.9453735,5.2853737,4.9653735,3.5553734,1.7153735,3.5453734,2.7753735,2.4953735,1.1653736,1.7553735,0.20537354,3.1253736,0.07537354,1.3853736,1.0053735,1.6053735,1.3453735,4.8453736,5.8853736,4.2653737
-4.0246263,-3.6946266,-2.8946264,-2.7746265,-2.2546265,-2.1046264,-2.1246264,-1.5246265,-1.5046265,-1.0146265,-0.25462645,-2.2746265,-0.38462648,-0.25462645,0.8953735,-0.16462646,-1.6646265,-0.40462646,0.67537355,1.7453735,1.2753736,1.3253735,7.0653734,2.8553736,4.1653733,3.6353736,4.4753737,3.7153735,2.4953735,1.0853735,0.81537354,2.0653734,0.18537353,-1.2346264,1.7153735,0.82537353,1.4553735,-0.82462645,-0.32462648,0.015373535,0.41537353
-3.4346266,-3.6046264,-2.6046264,-2.6046264,-3.3046265,-2.0446265,-2.2646265,-2.0846264,-1.7546265,-2.0146265,-2.8746264,-1.9346265,-0.94462645,-0.83462644,-0.70462644,-1.2446265,-0.49462646,0.56537354,-0.36462647,-1.0746264,-3.1546264,-0.44462645,-0.034626465,3.4653735,7.0953736,3.8053734,2.7353735,3.7553735,3.7053735,2.4953735,1.3553735,-0.26462647,-0.044626463,1.2053735,1.4153736,-0.054626465,1.5453736,0.5253735,0.7153735,0.73537356,-0.32462648
-1.5446265,-2.1346264,-1.7146264,-1.9846264,-2.1946266,-2.0946264,-1.8046265,-1.9446265,-1.4346265,-0.33462647,0.47537354,-1.9046265,-0.99462646,-1.0846264,-0.27462646,-0.21462646,0.50537354,0.62537354,1.4853735,-0.18462646,0.5853735,1.0153736,0.16537353,1.3753735,4.3153734,4.6853733,1.4053736,2.7053735,2.9753735,0.37537354,-1.0946264,-0.83462644,1.6153735,-0.99462646,2.8753736,0.45537353,1.1853735,0.8353735,0.21537353,-0.19462647,0.11537354
-1.1946265,-0.18462646,-0.6046265,-1.3046265,-1.5446265,-1.5046265,-1.2446265,-0.80462646,-1.2046264,0.09537353,0.33537352,-1.2146264,-1.3246264,-0.7246265,0.25537354,0.50537354,1.1653736,1.3653735,1.0453736,1.1353736,1.0053735,2.4153736,1.1253735,1.7353735,2.5153735,5.5653734,4.0953736,0.8353735,-1.5846264,-0.49462646,-2.7546265,-0.40462646,-0.6546265,-0.58462644,-1.4646264,1.5553735,0.34537354,0.82537353,-0.63462645,0.24537353,0.55537355
-0.69462645,-0.7946265,0.47537354,-0.45462647,-0.5946265,-0.33462647,-0.24462646,-0.28462645,-1.3246264,-1.0146265,0.55537355,1.3553735,-0.57462645,0.005373535,0.15537353,1.1053735,1.2153735,1.8153735,2.1153736,1.9153736,1.4953735,1.6353736,2.0753736,5.4653735,7.4453735,6.9053736,-0.094626464,-0.80462646,-2.4546266,-3.3946264,-0.76462644,-0.41462648,-3.1546264,4.8253736,-0.20462647,0.085373536,0.11537354,0.09537353,1.2453735,-0.26462647,0.7753735
1.4553735,0.98537356,0.10537353,1.1753736,0.8453735,0.60537356,0.21537353,0.31537354,-0.35462648,-0.31462646,1.0653735,2.2653735,1.7853736,0.28537354,0.39537352,0.69537354,1.0953735,0.8953735,1.1453736,0.9053735,1.6153735,2.1753736,1.9253736,5.1753736,2.4653735,-2.2946265,0.085373536,-2.4346266,-2.8646264,-0.47462645,-1.0246265,0.31537354,-0.19462647,1.6853735,0.005373535,0.68537354,0.60537356,1.5553735,-0.10462646,1.0853735,0.80537355
1.3053735,1.6653736,-0.44462645,2.3253736,1.6753736,1.0753735,0.61537355,0.9553735,1.2353735,0.61537355,0.9553735,2.1753736,2.0453734,1.6053735,-0.49462646,-0.30462646,-0.28462645,0.42537352,0.13537353,2.1953735,2.3753736,0.47537354,1.2053735,1.6353736,1.5453736,-0.32462648,2.7853734,2.1453736,-1.5946264,-2.0646265,-2.8146265,-0.06462646,0.21537353,-0.094626464,0.25537354,-0.10462646,1.2453735,0.94537354,2.9953735,-0.18462646,-1.0846264
