wind.json
{"header": {"discipline":0,"disciplineName":"Meteorological products","gribEdition":2,"gribLength":1211,"center":7,"centerName":"US National Weather Service - NCEP(WMC)","subcenter":0,"refTime":"2023-06-30T12:00:00.000Z","significanceOfRT":1,"significanceOfRTName":"Start of forecast","productStatus":0,"productStatusName":"Operational products","productType":1,"productTypeName":"Forecast products","productDefinitionTemplate":0,"productDefinitionTemplateName":"Analysis/forecast at horizontal level/layer at a point in time","parameterCategory":2,"parameterCategoryName":"UnknownDiscipline_0_Category_2","parameterNumber":2,"parameterNumberName":"UnknownParameter_D0_C2_2","parameterUnit":"Unknown","genProcessType":2,"genProcessTypeName":"Forecast","forecastTime":120,"surface1Type":103,"surface1TypeName":"Specified height level above ground","surface1Value":10.0,"surface2Type":255,"surface2TypeName":"Missing","surface2Value":0.0,"gridDefinitionTemplate":0,"gridDefinitionTemplateName":"Latitude_Longitude","numberPoints":688,"shape":6,"shapeName":"Earth spherical with radius of 6,371,229.0 m","gridUnits":"degrees","resolution":48,"winds":"true","scanMode":64,"nx":43,"ny":16,"basicAngle":0,"lo1":45.0,"la1":40.0,"lo2":87.0,"la2":55.0,"dx":1.0,"dy":1.0}, "data":
[rows 0 to 15 of 16, columns 0 to 42 of 43]
-2.813642,-3.393642,-3.023642,-8.663642,-7.983642,-0.14364196,2.706358,2.746358,6.466358,-0.33364198,-1.0336419,-0.743642,1.896358,-1.4036419,0.99635804,2.166358,3.846358,2.496358,2.646358,1.4463581,1.806358,2.036358,1.156358,-0.45364198,-0.50364196,-0.62364197,-0.37364197,-1.103642,-1.623642,1.766358,2.466358,-3.873642,-0.613642,8.016358,-0.62364197,1.0863581,-1.473642,0.14635803,3.086358,-1.3036419,0.636358,-2.123642,-3.803642
-0.07364197,-5.133642,-1.9036419,0.62635803,-0.89364195,3.976358,1.026358,0.696358,4.326358,3.196358,-0.04364197,-1.113642,0.33635804,3.896358,1.7063581,1.176358,0.43635803,3.086358,5.986358,3.366358,5.796358,3.346358,4.356358,4.516358,6.096358,6.606358,7.376358,5.786358,7.816358,8.046358,7.526358,7.936358,5.276358,-0.743642,-2.933642,13.056357,6.426358,6.566358,1.876358,5.996358,3.406358,-0.533642,-3.963642
-1.6736419,0.43635803,0.26635802,-1.5536419,2.7663581,1.166358,-0.83364195,2.986358,6.026358,0.27635804,0.39635804,0.766358,2.656358,0.86635804,-1.083642,-1.583642,4.326358,5.426358,2.336358,2.846358,4.116358,4.556358,5.056358,5.016358,5.086358,7.266358,3.986358,-0.103641964,0.86635804,4.066358,3.206358,-0.70364195,-1.843642,1.3463581,-2.7436419,0.60635805,1.886358,2.706358,-0.81364197,-0.21364197,-0.24364197,0.22635803,0.35635802
-1.6736419,-1.8036419,-2.713642,1.266358,0.656358,0.826358,2.876358,7.206358,0.92635804,0.32635802,2.286358,1.416358,1.2163581,-2.613642,-1.863642,1.396358,2.666358,5.8863583,3.536358,2.5263581,5.706358,5.256358,4.466358,4.976358,7.106358,7.496358,-0.93364197,3.066358,-2.433642,2.5163581,-4.623642,1.8463581,0.36635804,1.4563581,3.0163581,3.846358,-5.463642,-2.933642,0.53635806,-0.923642,4.076358,1.046358,-0.13364197
-4.483642,-3.313642,-5.953642,-2.623642,-1.2936419,0.61635804,4.4063582,0.39635804,2.606358,0.56635803,-0.58364195,-0.56364197,-0.18364197,-6.393642,-1.493642,1.856358,4.6563582,4.826358,3.496358,3.046358,4.306358,4.816358,2.196358,2.906358,5.116358,6.506358,2.616358,6.3863583,8.516358,-2.713642,4.6563582,9.606358,0.46635804,1.3263581,6.706358,4.516358,4.126358,4.176358,0.36635804,-0.21364197,-0.533642,-0.543642,1.106358
-5.943642,-4.563642,-4.183642,-0.27364197,-1.333642,-1.073642,-0.13364197,-2.003642,0.97635806,-1.603642,-1.473642,-0.70364195,-0.07364197,-2.443642,0.906358,3.466358,6.786358,-0.12364197,0.10635803,0.68635803,2.656358,5.246358,-1.023642,7.556358,5.176358,3.326358,5.226358,4.926358,9.076358,-3.713642,-1.313642,15.166357,4.106358,7.646358,3.446358,0.756358,2.976358,1.4663581,7.626358,1.256358,1.646358,1.5963581,4.586358
-5.973642,-3.103642,-0.593642,-1.843642,-2.063642,-1.593642,1.786358,3.786358,3.896358,-0.52364194,-1.1836419,-0.863642,1.276358,-1.763642,-1.083642,5.196358,1.226358,-2.023642,-2.7436419,-3.4936419,-0.63364196,-2.2436419,-1.643642,-3.673642,-0.603642,0.85635805,1.5863581,5.256358,9.816358,-4.563642,1.796358,-1.383642,0.056358032,-1.953642,-0.51364195,4.506358,-0.13364197,-1.983642,2.566358,8.736358,9.856358,9.096358,2.436358
-1.613642,-2.903642,-2.033642,-1.273642,0.526358,0.62635803,3.576358,7.9063582,-0.77364194,1.136358,-1.5436419,-0.75364196,2.286358,-4.253642,-3.553642,-5.023642,-3.913642,-4.563642,-5.483642,-2.963642,-5.413642,-5.063642,-3.513642,-3.873642,-2.603642,-2.2236419,-3.133642,-2.363642,-7.143642,-2.703642,3.2763581,2.536358,1.416358,1.416358,3.196358,4.826358,6.496358,7.586358,2.466358,1.8463581,3.096358,0.80635804,-1.763642
0.15635803,-0.96364194,-0.49364197,-0.90364194,0.29635802,0.80635804,-5.543642,-0.16364197,-1.963642,-1.213642,-0.51364195,0.81635803,0.656358,-3.783642,0.826358,-4.5936418,-3.843642,-4.353642,-3.863642,-4.333642,-3.903642,-5.063642,-6.5936418,-8.573642,-2.643642,-2.423642,-4.963642,-6.883642,1.5763581,-7.693642,-0.34364197,6.866358,-2.763642,-1.453642,-2.033642,-1.233642,1.916358,3.416358,6.576358,7.396358,8.406358,9.156358,7.956358
0.84635806,-0.913642,1.986358,0.48635805,-0.26364195,-1.633642,0.696358,1.056358,-0.733642,-1.593642,0.27635804,1.3163581,-2.653642,-4.543642,-3.353642,-1.203642,-3.4736419,-3.583642,-2.043642,-4.503642,-4.833642,-3.253642,-4.783642,-3.953642,-3.903642,-6.433642,-6.243642,-2.7336419,-3.193642,-1.3036419,0.97635806,-4.623642,-4.143642,-3.163642,-0.34364197,0.45635805,2.5263581,3.536358,4.176358,4.316358,0.17635803,-0.24364197,1.646358
1.226358,1.256358,1.006358,1.036358,2.126358,-1.813642,1.536358,-0.803642,-3.263642,-1.953642,-0.77364194,0.19635803,-4.313642,1.0763581,-2.7336419,0.55635804,-2.143642,-2.963642,-2.713642,-5.003642,-3.783642,-6.5936418,-7.653642,-4.153642,-3.523642,-3.373642,-5.723642,-5.763642,-6.253642,-6.333642,-5.293642,-5.033642,-4.123642,-2.833642,-1.2836419,-1.7836419,-1.343642,2.636358,3.436358,1.436358,0.946358,1.136358,0.29635802
-0.83364195,1.5763581,0.26635802,1.306358,0.37635803,-4.793642,-0.41364196,-1.973642,-2.693642,-1.253642,-0.75364196,1.526358,-2.423642,0.73635805,0.21635804,-2.133642,0.26635802,-2.293642,-0.46364197,-0.82364196,-4.133642,-5.773642,-3.553642,-3.863642,-5.5936418,-5.493642,-4.483642,-4.663642,-4.413642,-4.923642,-5.243642,-4.823642,-3.253642,-2.773642,-4.313642,-3.2436419,-1.493642,-0.77364194,-1.8036419,0.966358,1.3163581,-0.87364197,0.99635804
-0.95364195,-0.11364197,-1.323642,-1.003642,-2.143642,-1.993642,-1.113642,-0.23364197,-2.203642,1.186358,-1.093642,-0.19364196,-1.953642,-1.723642,-0.04364197,-2.873642,-2.2436419,1.236358,-9.503642,-3.903642,-5.453642,-4.213642,-4.6136417,-5.073642,-4.8436418,-5.133642,-5.3636417,-4.973642,-3.7436419,-3.603642,-4.013642,-4.373642,-2.503642,-4.763642,-2.893642,-4.323642,-2.4936419,-2.093642,-1.563642,-2.573642,-0.853642,0.92635804,2.096358
3.0163581,1.0963581,-0.36364198,-1.003642,-2.303642,4.006358,1.3263581,2.286358,1.536358,2.856358,-2.273642,0.10635803,0.85635805,-0.603642,0.26635802,-1.873642,-1.943642,-1.6636419,-1.4236419,1.526358,-2.823642,-3.933642,-3.9936419,-2.873642,-3.833642,-3.543642,-4.533642,-4.8436418,-4.823642,-4.103642,-3.873642,-3.303642,-2.163642,-5.153642,-2.903642,-3.503642,-4.013642,-2.4936419,-1.213642,-0.70364195,1.236358,-2.9736419,-1.5336419
1.766358,1.106358,0.116358034,-0.18364197,3.446358,1.026358,-1.843642,-1.973642,-1.0336419,1.5763581,-1.873642,-1.233642,2.616358,-0.90364194,-1.863642,-0.19364196,-1.7836419,-0.973642,-1.473642,-0.68364197,-1.0436419,-3.813642,-4.183642,-3.213642,-3.9736419,-3.423642,-3.013642,-3.453642,-3.763642,-2.753642,-3.623642,-2.953642,-1.073642,-2.443642,-3.263642,-5.403642,-7.403642,-2.213642,-2.883642,-1.703642,-2.4736419,-0.50364196,-1.253642
0.506358,0.706358,3.146358,1.136358,-1.9036419,1.146358,1.4463581,-2.523642,-1.333642,-0.18364197,0.46635804,0.896358,2.556358,-1.9136419,-0.0036419677,0.14635803,-1.203642,-1.6736419,-0.96364194,1.156358,-2.373642,0.42635804,-2.893642,-1.373642,-1.2936419,-2.453642,-3.613642,-3.353642,-3.763642,-2.843642,-2.263642,-2.9936419,-2.2436419,-1.5436419,-4.243642,-3.313642,-7.1136417,-4.213642,-1.243642,-3.343642,-2.7436419,-2.533642,-3.903642
