wind_kz.json
{"header": {"discipline":0,"disciplineName":"Meteorological products","gribEdition":2,"gribLength":1102,"center":7,"centerName":"US National Weather Service - NCEP(WMC)","subcenter":0,"refTime":"2024-01-31T12:00:00.000Z","significanceOfRT":1,"significanceOfRTName":"Start of forecast","productStatus":0,"productStatusName":"Operational products","productType":1,"productTypeName":"Forecast products","productDefinitionTemplate":0,"productDefinitionTemplateName":"Analysis/forecast at horizontal level/layer at a point in time","parameterCategory":2,"parameterCategoryName":"UnknownDiscipline_0_Category_2","parameterNumber":3,"parameterNumberName":"UnknownParameter_D0_C2_3","parameterUnit":"Unknown","genProcessType":2,"genProcessTypeName":"Forecast","forecastTime":180,"surface1Type":103,"surface1TypeName":"Specified height level above ground","surface1Value":10.0,"surface2Type":255,"surface2TypeName":"Missing","surface2Value":0.0,"gridDefinitionTemplate":0,"gridDefinitionTemplateName":"Latitude_Longitude","numberPoints":615,"shape":6,"shapeName":"Earth spherical with radius of 6,371,229.0 m","gridUnits":"degrees","resolution":48,"winds":"true","scanMode":64,"nx":41,"ny":15,"basicAngle":0,"lo1":47.0,"la1":41.0,"lo2":87.0,"la2":55.0,"dx":1.0,"dy":1.0}, "data":
[rows 0 to 14 of 15, columns 0 to 40 of 41]
-3.2443578,-3.7443578,-3.074358,-7.0643578,-3.2343578,6.745642,11.565642,7.575642,3.165642,2.145642,4.4356422,5.255642,5.635642,5.535642,5.735642,5.845642,4.485642,4.1256423,2.815642,1.275642,1.515642,4.275642,1.4756421,-2.2243578,-2.284358,-2.314358,-2.4443579,2.215642,3.0156422,0.47564209,-3.064358,-4.594358,2.0556421,-0.24435791,-1.2943579,0.5456421,0.5056421,1.0556421,1.025642,0.6556421,-0.4643579
7.385642,1.2856421,-3.114358,-7.544358,-6.774358,-5.884358,-0.8643579,10.565642,6.095642,6.3556423,3.9956422,4.365642,4.1256423,4.155642,4.815642,5.305642,4.655642,2.135642,2.955642,4.985642,5.345642,5.6256423,4.675642,3.105642,0.09564209,1.5456421,-2.344358,3.0556421,1.1856421,2.875642,6.725642,5.565642,-0.62435794,-1.744358,-6.1043577,-2.564358,-2.6943579,-2.624358,-0.4343579,-0.2943579,0.32564208
1.635642,-1.7143579,-4.694358,-5.994358,-2.9943578,0.5456421,2.445642,3.655642,3.375642,4.175642,6.225642,6.195642,6.045642,6.945642,5.3556423,7.265642,8.435642,7.235642,6.905642,6.265642,6.515642,5.615642,4.135642,4.6056423,2.435642,2.5556421,1.7056421,0.1856421,0.08564209,0.6556421,3.2456422,1.9356421,2.0456421,-2.674358,-0.7343579,2.2656422,5.135642,-0.18435791,0.8956421,-2.664358,-2.5043578
-0.2043579,-4.304358,-4.5643578,-4.384358,-1.9543579,1.145642,-0.02435791,3.065642,4.155642,3.705642,5.985642,6.015642,7.215642,9.965642,8.425642,8.535642,8.435642,8.315642,8.425642,8.035642,7.8556423,10.585642,2.595642,3.905642,4.835642,5.315642,5.635642,2.7356422,3.685642,2.4956422,2.955642,-2.314358,-1.5543579,0.3156421,-1.1443579,-3.364358,-2.7143579,0.80564207,5.455642,1.8756421,1.1656421
-2.7043579,0.3956421,1.025642,1.8756421,1.8156421,0.5256421,-2.114358,-1.734358,-4.034358,-2.924358,0.41564208,2.865642,5.845642,7.115642,9.185642,8.545642,10.475642,8.795642,8.805642,8.865643,9.945642,9.075642,5.005642,4.585642,5.6256423,4.9156423,5.9156423,3.7356422,3.2456422,2.155642,2.955642,2.345642,3.0356421,2.705642,-1.9343579,-0.9043579,-0.94435793,-0.94435793,0.02564209,1.4456421,1.2856421
-0.33435792,0.00564209,-0.5843579,0.11564209,2.425642,3.5156422,4.065642,3.465642,2.865642,1.895642,2.7456422,1.8356421,0.14564209,6.195642,7.835642,9.145642,9.835642,10.965642,10.585642,10.875642,9.805642,10.475642,9.095642,7.595642,7.465642,6.6856422,4.3956423,3.605642,2.7556422,3.445642,2.695642,3.445642,4.615642,3.9856422,3.715642,4.925642,2.385642,2.575642,0.4956421,-1.3043579,-0.09435791
1.0356421,1.135642,1.135642,0.44564208,0.38564208,1.145642,2.355642,1.9656421,2.645642,2.2556422,2.0456421,2.085642,3.165642,5.455642,3.405642,5.765642,8.685642,11.395642,11.695642,11.555642,12.015642,11.535642,11.415642,10.915642,9.525642,7.215642,4.235642,4.595642,1.8556421,2.665642,2.445642,1.7956421,2.4956422,1.3156421,-0.50435793,-1.594358,-2.134358,0.06564209,-1.3743579,-2.624358,1.9156421
0.20564209,0.3356421,0.5156421,0.7156421,0.99564207,1.0456421,1.5456421,2.5556421,3.2556422,2.4756422,3.0356421,2.7656422,3.075642,4.315642,4.1256423,4.445642,7.965642,10.805642,12.305642,13.595642,12.385642,12.925642,11.695642,12.205642,11.445642,10.285642,9.435642,4.295642,4.255642,4.115642,4.365642,4.775642,3.2456422,3.7256422,2.165642,-0.50435793,0.12564209,2.135642,-1.6843579,0.8856421,-1.1243579
-0.5243579,-0.8043579,-0.6143579,-0.2843579,0.02564209,0.8256421,1.7356421,2.2956421,3.0156422,3.835642,3.615642,3.815642,3.385642,2.385642,1.5956421,3.3056421,4.635642,7.985642,12.615643,13.705642,13.595642,13.9056425,14.035642,13.115643,13.015642,11.595642,10.425642,8.355642,7.405642,3.7756422,6.515642,7.835642,10.645642,8.775642,6.525642,5.175642,-1.1743579,0.6556421,2.0256422,1.0956421,-2.434358
-0.5743579,-0.08435791,0.3656421,0.3656421,0.68564206,1.3256421,1.8156421,2.315642,3.2456422,3.8056421,4.575642,5.065642,5.3756423,4.535642,4.695642,4.795642,6.035642,7.215642,10.425642,12.925642,14.455642,13.955642,14.895642,14.295642,13.095642,11.895642,10.975642,8.755642,7.1056423,7.205642,7.345642,6.725642,6.965642,7.9156423,8.535642,2.595642,1.5856421,-1.2943579,1.4256421,4.835642,4.585642
-0.4143579,0.02564209,0.35564208,0.7356421,1.0956421,1.8056421,2.685642,3.375642,3.7956421,4.345642,4.655642,5.465642,5.3556423,6.095642,5.545642,4.4356422,3.605642,2.595642,8.935642,11.705642,13.505642,13.005642,12.945642,13.845642,12.755642,11.995642,10.955642,10.235642,8.665642,5.055642,5.525642,5.1656423,6.195642,7.8556423,9.255642,5.425642,2.5056422,3.2256422,2.4756422,2.095642,0.10564209
-0.39435792,0.47564209,0.8656421,0.7756421,0.44564208,1.7856421,2.415642,3.165642,3.895642,4.195642,4.4356422,4.955642,6.545642,7.075642,6.575642,6.405642,6.065642,5.745642,7.515642,11.535642,12.495642,12.255642,12.335642,12.755642,12.295642,11.275642,10.795642,9.255642,8.565642,6.365642,5.235642,7.195642,7.035642,7.635642,7.235642,7.8956423,2.385642,2.905642,3.0156422,2.5556421,0.7356421
-0.5143579,-1.2043579,-0.42435792,-0.02435791,0.4356421,0.7156421,1.9856421,3.4956422,4.8956423,4.815642,4.335642,4.1056423,6.3556423,6.795642,7.115642,6.805642,5.485642,5.055642,4.115642,11.775642,12.415642,12.665642,12.845642,13.165642,12.715642,11.275642,9.345642,7.725642,6.775642,5.405642,6.285642,7.3756423,7.005642,7.485642,7.4156423,7.535642,5.325642,1.3356421,2.945642,1.2056421,0.55564207
-0.9143579,-0.9043579,-1.724358,-0.6443579,-1.8243579,-1.6543579,-0.69435793,2.2756422,4.195642,5.695642,5.045642,3.865642,5.325642,6.505642,7.085642,7.1456423,6.4356422,6.075642,6.945642,8.775642,11.705642,12.145642,12.175642,10.625642,9.685642,8.515642,7.955642,7.705642,6.535642,7.095642,6.405642,6.3556423,7.095642,7.1656423,5.545642,6.115642,4.075642,0.7056421,1.265642,1.4556421,1.1656421
-0.6643579,-1.744358,-3.864358,-2.2143579,-1.844358,-2.154358,-2.154358,-0.27435791,2.635642,4.485642,4.465642,5.995642,3.0256422,2.895642,6.6256423,6.965642,6.845642,6.615642,8.285642,9.465642,10.665642,10.335642,9.495642,9.325642,8.345642,8.125642,7.745642,7.4156423,6.545642,6.095642,6.295642,6.585642,6.1456423,6.115642,6.3756423,5.8956423,6.215642,4.465642,1.2056421,1.2856421,0.4956421
