wind_kz.json
{"header": {"discipline":0,"disciplineName":"Meteorological products","gribEdition":2,"gribLength":1102,"center":7,"centerName":"US National Weather Service - NCEP(WMC)","subcenter":0,"refTime":"2024-04-07T06:00:00.000Z","significanceOfRT":1,"significanceOfRTName":"Start of forecast","productStatus":0,"productStatusName":"Operational products","productType":1,"productTypeName":"Forecast products","productDefinitionTemplate":0,"productDefinitionTemplateName":"Analysis/forecast at horizontal level/layer at a point in time","parameterCategory":2,"parameterCategoryName":"UnknownDiscipline_0_Category_2","parameterNumber":2,"parameterNumberName":"UnknownParameter_D0_C2_2","parameterUnit":"Unknown","genProcessType":2,"genProcessTypeName":"Forecast","forecastTime":300,"surface1Type":103,"surface1TypeName":"Specified height level above ground","surface1Value":10.0,"surface2Type":255,"surface2TypeName":"Missing","surface2Value":0.0,"gridDefinitionTemplate":0,"gridDefinitionTemplateName":"Latitude_Longitude","numberPoints":615,"shape":6,"shapeName":"Earth spherical with radius of 6,371,229.0 m","gridUnits":"degrees","resolution":48,"winds":"true","scanMode":64,"nx":41,"ny":15,"basicAngle":0,"lo1":47.0,"la1":41.0,"lo2":87.0,"la2":55.0,"dx":1.0,"dy":1.0}, "data":
[rows 0 to 14 of 15, columns 0 to 40 of 41]
-2.5169446,-0.4469446,2.2130554,1.1130555,0.3630554,0.4830554,2.7730553,-6.5369444,-9.476945,-7.3769445,-5.3569446,-4.0569444,-4.2069445,-6.5369444,-6.096945,-4.616945,-3.3069446,-1.2869446,-2.2369447,-1.9469446,-3.8769445,-0.54694456,-1.2069446,-0.9969446,-1.6069446,-0.6969446,-2.2269447,1.7430555,-0.06694458,0.43305543,1.3230554,1.1730554,-1.4169446,6.8930554,3.3130555,2.1430554,1.4230554,2.5230553,2.3230555,1.7730554,2.5530555
0.9130554,1.2830554,-9.636945,-4.7469444,-2.8169446,2.4930553,-9.846945,-11.246944,-8.886945,-6.5369444,-5.2169447,-4.636945,-5.1569448,-5.4769444,-4.4169445,-3.2969446,-1.6969446,-3.2169447,-4.7969446,-6.3769445,-6.9569445,-5.8969445,-2.7369447,-0.97694457,-1.0369446,0.5330554,-0.8269446,0.25305542,-1.9869446,-0.34694457,1.5230554,1.0730554,1.5430554,-2.3069446,0.14305542,0.5430554,-0.16694458,0.52305543,1.2230554,0.29305542,0.08305542
-1.8469446,-6.1769447,-8.276944,-3.2369447,-3.0969446,-7.3569446,-10.236944,-9.066944,-9.086945,-6.5269446,-4.7769446,-4.866945,-4.866945,-4.9569445,-4.2869444,-4.6769447,-4.1069446,-5.3169446,-5.4569445,-4.8169446,-7.636945,-10.586945,-7.9869447,-8.716945,-3.8169446,-6.0469446,-1.4969445,-3.7769446,-2.8269446,-1.1269445,-0.5069446,0.5530554,-0.42694458,2.1630554,3.1630554,1.0830554,0.5530554,-0.40694457,6.2430553,3.4030554,1.7730554
-7.7369447,-8.656944,-5.2369447,-4.6869445,-6.346945,-8.356945,-8.766945,-8.926945,-7.2269444,-6.1769447,-5.9269447,-5.7169447,-5.5069447,-5.1569448,-5.1269445,-5.4469447,-5.8569446,-6.4069448,-7.0269446,-6.3769445,-5.1769447,-10.786944,-6.386945,-8.276944,-9.106945,-8.616944,-7.6869445,-10.866944,-7.636945,-7.0469446,-3.4069445,-0.43694457,7.0330553,13.383056,6.9430556,4.8130555,0.09305542,2.3530555,-1.7669445,1.3930554,1.4430554
-7.386945,-7.4169445,-4.9969444,-2.4469445,-8.226945,-9.756945,-9.206944,-8.306945,-6.846945,-5.9369445,-6.2469444,-7.0769444,-7.6869445,-5.7169447,-4.5469446,-4.886945,-5.5269446,-6.6569448,-7.5869446,-8.746944,-8.696944,-8.306945,-6.6869445,-7.4469447,-9.646945,-10.486944,-11.226945,-11.026944,-10.576944,-9.856945,-9.236944,-7.4069448,-3.5069447,2.1530554,-2.9069445,-3.6469445,13.323055,-3.3169446,-4.1069446,-2.0569446,-5.4969444
-5.8069444,-3.8869445,-6.0469446,-9.536944,-9.486944,-8.426945,-6.9969444,-5.7669444,-4.4569445,-4.5269446,-5.3269444,-6.3169446,-6.096945,-4.7569447,-3.4469445,-3.7769446,-5.3069444,-7.9369445,-9.076944,-8.396945,-8.6669445,-8.246944,-8.746944,-10.026944,-10.746944,-11.226945,-10.936945,-8.186945,-9.606945,-8.896945,-8.536944,-7.366945,-5.0569444,-1.9469446,4.7730556,10.553056,7.0730553,11.693055,8.673056,3.8530555,-5.7169447
-5.5269446,-5.2769446,-6.5769444,-6.1469445,-6.0769444,-5.366945,-6.9869447,-5.4469447,-4.7769446,-5.6969447,-5.6469445,-5.6769447,-5.0469446,-4.6469445,-3.8569446,-4.3569446,-4.0869446,-6.6469445,-7.9269447,-8.206944,-7.8169446,-8.076944,-8.106945,-7.5269446,-8.466945,-8.936945,-8.176945,-7.5669446,-7.6669445,-7.4769444,-6.5869446,-5.4969444,-3.2669446,-1.3369446,1.4030554,-0.7569446,-0.5969446,0.9930554,4.5030556,-0.2669446,11.133056
-2.7669446,-4.1669445,-3.0769446,-2.5769446,-1.1769446,-4.4969444,-5.0869446,-4.7869444,-3.1569445,-3.6869445,-3.6669445,-4.0769444,-3.9469445,-4.4469447,-2.7169447,-3.3469446,-4.1969447,-5.2369447,-6.2769446,-7.2869444,-6.5569444,-6.5369444,-6.7369447,-6.8069444,-6.3069444,-6.4969444,-6.4069448,-6.1969447,-6.5469446,-4.9969444,-4.8369446,-3.7869446,-2.2269447,-2.1969445,-0.97694457,3.1130555,6.863055,9.353055,10.643055,13.8330555,9.533055
-1.6069446,-0.73694456,-1.4369446,-1.2269446,-0.8269446,-3.8869445,-3.0469446,-2.5969446,-2.6669445,-2.1769445,-2.1469445,-2.5069447,-2.5469446,-3.2469447,-3.3869445,-3.1869445,-3.6169446,-3.9169445,-4.2169447,-5.1269445,-6.346945,-5.6869445,-5.3169446,-5.8169446,-5.8569446,-5.116945,-5.846945,-5.5569444,-3.9069445,-3.3469446,-3.4269445,-2.4669447,-0.09694458,0.49305543,1.0630554,3.6430554,4.8730555,3.8830554,-0.02694458,0.96305543,0.7430554
-1.8369446,-2.0669446,-1.6669446,-0.8969446,-0.21694458,-0.36694458,-1.6369445,-0.78694457,-0.9569446,-0.6269446,-0.7169446,-0.8769446,-1.3669446,-1.8769445,-2.6469445,-1.9569446,-3.2569447,-3.3969445,-4.1769447,-4.9269447,-4.8369446,-4.4569445,-4.3069444,-5.0669446,-5.4869447,-5.4469447,-4.386945,-3.7269447,-3.3369446,-3.0069447,-2.0769446,-0.67694455,-0.5569446,-0.22694458,1.3730555,2.5130553,2.9130554,2.4030554,0.8530554,1.3330554,1.6330554
-0.91694456,0.03305542,0.70305544,0.5330554,1.2730554,0.27305543,1.3130554,2.0030553,1.2630554,0.9730554,1.3630555,1.1230555,0.10305542,-0.3569446,-0.5569446,-0.20694458,-0.97694457,-1.1669446,-2.9269445,-3.5369446,-3.6469445,-3.5269446,-4.0869446,-4.596945,-4.1269445,-3.6369445,-3.7069445,-2.8169446,-2.3269446,-2.0169446,-2.3069446,-0.72694457,-0.30694458,-0.09694458,-0.04694458,-0.6869446,-0.8469446,0.82305545,1.4630554,0.5330554,-0.30694458
-0.6869446,1.2030554,1.9730554,2.4130554,2.9330554,2.7430553,2.1130555,2.6830554,1.7830554,0.01305542,1.1230555,3.3430555,1.3430554,1.5530554,1.0530554,0.63305545,0.17305543,0.03305542,-1.4369446,-1.9169446,-2.9969447,-3.0969446,-3.6669445,-3.2869446,-3.1469445,-3.2469447,-3.0969446,-2.8169446,-2.8669446,-2.9269445,-1.8169446,-0.8769446,-0.19694458,-0.85694456,-0.42694458,-1.1169446,-1.6669446,0.4830554,0.31305543,0.18305542,0.64305544
1.8030554,2.6030555,3.3930554,3.2430553,3.2930555,2.2030554,2.3830554,2.8030555,1.5030555,2.1630554,2.7930555,3.9530554,2.7830553,3.3830554,3.0330553,1.1230555,1.0030555,0.37305543,-1.0469446,-0.9569446,-0.8469446,-1.0369446,-1.8869445,-2.3969445,-2.6469445,-2.8569446,-3.1069446,-3.4269445,-3.0769446,-2.1269445,-0.8069446,-0.3569446,-0.06694458,-0.61694455,-0.2669446,-1.4169446,-0.3869446,-0.15694457,-0.66694456,0.25305542,1.1030555
3.0030553,3.3430555,3.6930554,3.8030555,4.5330553,5.9330554,6.153055,5.9530554,4.3730555,2.5830555,3.1130555,4.3030553,4.9230556,5.7630553,4.8230553,2.8730555,0.38305542,0.44305542,-0.37694457,-0.3569446,-0.9469446,-2.4169445,-3.0069447,-2.9269445,-2.6669445,-3.2069445,-2.9169445,-1.6769446,-0.6569446,-0.46694458,-0.01694458,0.15305541,-0.01694458,0.37305543,-0.07694458,-0.5669446,-0.4469446,-0.53694457,-0.45694458,0.22305542,1.0830554
1.0230554,2.9030554,4.4730554,3.8030555,5.0030556,6.1230555,7.2530556,7.2030554,7.0330553,4.863055,3.4030554,6.0530553,5.2130556,2.6830554,4.6730556,1.8330554,1.5030555,0.3030554,0.6130554,-0.5769446,-2.2269447,-2.2869446,-2.2169447,-1.7969446,-1.9769446,-2.0069447,-1.2869446,-0.25694457,-0.05694458,-0.07694458,-0.3869446,-0.5269446,0.02305542,0.2630554,0.40305543,0.6530554,0.32305542,-0.13694458,0.02305542,-0.54694456,-0.47694457
