wind.json
{"header": {"discipline":0,"disciplineName":"Meteorological products","gribEdition":2,"gribLength":1125,"center":7,"centerName":"US National Weather Service - NCEP(WMC)","subcenter":0,"refTime":"2023-07-01T12:00:00.000Z","significanceOfRT":1,"significanceOfRTName":"Start of forecast","productStatus":0,"productStatusName":"Operational products","productType":1,"productTypeName":"Forecast products","productDefinitionTemplate":0,"productDefinitionTemplateName":"Analysis/forecast at horizontal level/layer at a point in time","parameterCategory":2,"parameterCategoryName":"UnknownDiscipline_0_Category_2","parameterNumber":3,"parameterNumberName":"UnknownParameter_D0_C2_3","parameterUnit":"Unknown","genProcessType":2,"genProcessTypeName":"Forecast","forecastTime":60,"surface1Type":103,"surface1TypeName":"Specified height level above ground","surface1Value":10.0,"surface2Type":255,"surface2TypeName":"Missing","surface2Value":0.0,"gridDefinitionTemplate":0,"gridDefinitionTemplateName":"Latitude_Longitude","numberPoints":688,"shape":6,"shapeName":"Earth spherical with radius of 6,371,229.0 m","gridUnits":"degrees","resolution":48,"winds":"true","scanMode":64,"nx":43,"ny":16,"basicAngle":0,"lo1":45.0,"la1":40.0,"lo2":87.0,"la2":55.0,"dx":1.0,"dy":1.0}, "data":
[rows 0 to 15 of 16, columns 0 to 42 of 43]
-3.808156,2.3618438,-0.10815613,1.3918439,0.30184388,-3.4081562,-5.658156,-6.398156,-1.0381562,-1.3181561,-0.74815613,-4.2781563,-3.228156,-2.518156,-3.288156,-4.138156,-4.2181563,-4.878156,-4.6981564,-6.078156,-7.7181563,-2.6481562,-2.478156,0.8118439,2.1018438,2.8818438,1.2918439,2.951844,2.3318439,-1.0381562,-2.008156,-2.548156,-2.008156,-0.28815612,0.081843875,-3.9281561,-3.3781562,-2.728156,3.5718439,4.571844,3.021844,2.6518438,0.95184386
1.7818439,-1.1181561,0.041843873,-3.0881562,1.4018439,-2.508156,-4.138156,-6.098156,-2.5681562,-0.47815612,-1.5281562,-0.8381561,-1.0881561,-0.43815613,-0.84815615,-2.018156,-3.1681561,-3.538156,-3.8681562,-3.4381561,-7.4681563,-1.8081561,-2.208156,-1.9881561,-3.3381562,0.14184387,-1.5981561,0.03184387,-1.4781561,1.3118439,0.23184387,-0.8981561,-1.0481561,0.6218439,2.3118439,-1.6681561,-3.3881562,-2.0781562,-1.4481561,0.18184388,0.9218439,1.2118438,1.1318439
-0.5181561,-3.768156,2.5718439,1.3018439,1.5218439,-1.8981562,-3.308156,-3.758156,-2.3781562,0.6118439,0.89184386,1.6318439,1.7818439,-0.17815612,0.4218439,-1.7981561,-3.6181562,-4.088156,-3.3481562,-3.1181562,-6.538156,-4.888156,-4.338156,-3.1081562,-1.5781561,0.8118439,0.16184387,-0.22815613,-2.298156,0.77184385,-0.3281561,1.0118439,2.3418438,1.3218439,-0.90815616,-1.7481561,-3.978156,-3.3581562,-2.708156,-3.8381562,-1.5981561,-2.238156,0.90184385
3.1118438,2.191844,0.7418439,2.9318438,-0.21815613,-2.6481562,-3.8581562,-2.208156,-3.5881562,-3.708156,-3.488156,-3.498156,-0.85815614,-0.44815612,1.6318439,-0.018156128,-1.9581561,-3.5781562,-3.738156,-4.328156,-3.958156,-3.8481562,-3.9281561,-4.058156,-0.60815614,-1.0481561,-0.05815613,0.84184384,1.6818439,1.9118439,-0.23815612,2.991844,1.5518439,0.09184387,2.4318438,-1.0681561,-0.028156128,1.2418438,0.82184386,-1.7181561,0.18184388,-1.4881561,-2.3181562
-0.048156127,0.6618439,1.5918438,2.0718439,-0.5181561,-2.9081562,-3.1881561,-2.738156,-2.488156,-3.738156,-3.548156,-4.0681562,-4.158156,-1.7981561,1.8918439,0.6218439,-1.3581561,-1.6681561,-2.5781562,-3.248156,-3.018156,-4.438156,-3.288156,-1.3581561,-0.44815612,-0.97815615,-0.7781561,0.19184387,-0.33815613,2.5618439,1.9218439,1.8418438,1.7418438,-0.8381561,-1.8281561,0.07184387,-0.73815614,-2.6481562,0.5418439,0.95184386,2.711844,3.0918438,1.5918438
2.501844,2.011844,1.3918439,0.9118439,-1.2681562,-2.268156,-1.2681562,-2.0781562,-2.9181561,-1.8781562,-2.748156,-3.258156,-2.738156,-2.788156,-0.27815613,-1.1581562,-1.7481561,-1.1881561,-0.5681561,-2.3781562,-1.8881562,-2.3881562,-3.4181561,-3.208156,-2.1181562,-2.5981562,-1.4181561,-1.4281561,-3.0881562,-0.7681561,-1.4881561,-2.0881562,-2.478156,3.0818439,2.3118439,1.4218439,-1.2481561,-1.9881561,-1.2281561,0.8018439,1.1118438,0.94184387,3.441844
1.9518439,1.6218438,0.35184386,-0.5881561,-2.3881562,-2.778156,-3.8681562,-4.058156,-3.1481562,-3.038156,-2.3681562,-1.4181561,-3.1881561,-2.448156,-2.718156,-3.028156,-1.3781562,-1.4781561,-1.1481562,-1.3881562,-2.488156,-2.1781561,-1.3481561,-1.0881561,-1.5681561,-2.258156,-2.298156,-1.7181561,-0.80815613,-1.9581561,0.7418439,-0.10815613,0.65184385,-0.40815613,1.7818439,2.521844,2.951844,-1.0081562,2.6818438,0.7818439,-3.728156,-2.9381561,0.84184384
-1.0381562,-0.39815614,-1.5081562,2.261844,1.0418439,-0.10815613,0.69184387,-0.86815614,-1.3481561,-2.468156,-2.798156,-3.1081562,-2.4281561,-1.3481561,-2.6581562,-2.048156,-1.4581561,-1.5081562,-0.7681561,-1.0781561,-1.5181562,-0.36815614,-1.4681561,-2.3781562,-2.1181562,0.23184387,-2.448156,-2.3181562,-1.5781561,-3.028156,-3.278156,0.7818439,4.331844,2.4318438,1.2318438,0.121843874,-0.08815613,-0.8181561,-2.9281561,-1.1081561,-1.4481561,-1.8181561,-0.15815613
-0.6981561,-1.2081561,-2.1181562,-1.2381561,-1.5481561,-1.3781562,-0.33815613,-1.5381562,0.021843873,-0.5881561,-1.3681561,-2.6581562,-2.738156,-2.008156,-1.8981562,-2.1081562,-2.4181561,-1.8481561,-0.67815614,0.5518439,0.29184386,0.081843875,-0.26815614,-1.7081561,-2.0981562,-2.298156,-0.9681561,-0.28815612,-1.1181561,-3.0881562,-1.5481561,-1.1881561,0.081843875,1.4218439,0.38184386,-2.4381561,-0.22815613,0.07184387,-0.23815612,1.2918439,0.95184386,0.5518439,-1.1581562
-1.1881561,-2.3781562,-3.1181562,-2.288156,-2.958156,-2.198156,1.3818439,0.58184385,0.44184387,-1.6581562,0.5318439,-1.7581562,-2.4381561,-2.248156,-2.9081562,-2.768156,-3.4281561,-3.1481562,-2.978156,-2.248156,-0.5781561,0.38184386,1.3118439,-0.31815612,-0.7581561,-1.3581561,-1.5081562,0.14184387,0.5518439,-1.0981561,-1.0081562,0.6718439,1.1318439,0.9318439,1.5318439,-2.018156,0.29184386,-0.6981561,-1.8781562,-0.36815614,-0.5781561,-1.6181561,-0.7081561
-0.9381561,-1.6181561,-2.238156,-0.42815614,-1.5281562,-3.0681562,-1.9581561,-0.7181561,-0.048156127,0.16184387,-1.4081562,-2.1581562,-2.228156,-3.198156,-2.458156,-3.278156,-3.9381561,-4.2781563,-2.258156,-1.6181561,-0.92815614,0.7218439,1.2418438,1.0318439,-1.2781562,0.22184387,0.16184387,0.8718439,0.43184388,2.291844,1.8718438,-0.46815613,1.3118439,1.1018438,-0.48815614,-2.718156,-1.9181561,0.11184387,0.46184388,-1.4081562,-0.34815612,1.1118438,0.9918439
0.21184388,-0.67815614,-1.5581561,-2.3981562,-1.8381561,-2.6181562,-2.268156,-1.0981561,0.9218439,-0.39815614,-0.97815615,-1.7281561,-1.0881561,-1.1281562,-2.478156,-3.298156,-3.9281561,-3.228156,-3.218156,-3.008156,-2.8981562,-2.4181561,-1.3881562,-0.9681561,-2.0781562,-0.92815614,0.77184385,1.7918439,1.4718438,1.1118438,0.25184387,3.1718438,2.771844,0.50184387,-0.25815612,-2.558156,-3.498156,-2.518156,-1.2181561,0.9218439,0.41184387,0.59184384,0.18184388
0.10184387,-0.7581561,0.041843873,-0.48815614,-0.39815614,-0.3581561,-0.22815613,0.35184386,-0.28815612,0.11184387,-1.0981561,-1.4781561,-1.7781562,-2.008156,-2.9281561,-3.6381562,-3.4281561,-3.1581562,-2.5981562,-2.6381562,-1.0981561,-2.518156,-2.198156,-3.738156,0.64184386,-2.5881562,-0.31815612,-2.288156,0.89184386,2.4318438,1.8218439,1.7918439,1.1418439,1.3118439,-0.21815613,-0.8881561,-1.8681561,-3.1681561,-1.9381561,0.15184388,0.69184387,1.1518439,0.33184388
-1.0981561,-0.85815614,-0.92815614,-0.7081561,-0.6481561,0.29184386,0.34184387,0.38184386,0.19184387,0.25184387,-0.91815615,-0.72815615,-0.6281561,-1.0981561,-1.6381562,-3.518156,-3.258156,-3.508156,-2.6781561,-2.3681562,-0.47815612,-1.3081561,-2.238156,-3.0881562,-1.7681562,1.0818439,-1.9381561,0.76184386,0.45184386,0.84184384,0.6818439,1.0218439,0.9918439,0.5418439,0.5518439,-0.5281561,-0.59815615,-0.44815612,-1.4481561,-1.3081561,-2.018156,-1.6081561,-0.49815613
-0.6481561,0.34184387,0.061843872,-0.21815613,-1.4081562,-0.44815612,0.29184386,1.3618438,0.90184385,0.8618439,1.1818439,-0.08815613,0.46184388,-0.37815613,-1.0681561,-1.7981561,-2.8781562,-2.5781562,-2.6081562,-1.0981561,0.001843872,-2.038156,-1.9981561,-3.1581562,-3.0681562,1.6318439,1.6818439,1.4818438,0.96184385,0.44184387,0.35184386,-0.31815612,-0.47815612,-1.3981562,-0.48815614,0.44184387,-0.5781561,-0.40815613,-1.1781561,-1.9881561,-2.248156,-2.048156,-1.0581561
-0.36815614,0.47184387,0.6118439,-0.80815613,-1.0081562,-0.5681561,0.76184386,1.2118438,1.6118438,0.88184386,1.0518439,-0.008156128,0.43184388,1.5918438,1.6018438,-0.8281561,-2.9381561,-3.6381562,-3.6281562,-3.768156,-3.8781562,-3.238156,-3.038156,-3.288156,-1.3781562,1.9418439,0.5618439,1.1518439,1.1418439,0.9218439,0.32184386,0.041843873,-0.59815615,-0.9681561,-0.28815612,-0.73815614,-0.3581561,-0.47815612,-0.6481561,-1.0881561,-1.4381561,-3.3381562,-0.9381561
