wind_kz.json
{"header": {"discipline":0,"disciplineName":"Meteorological products","gribEdition":2,"gribLength":1025,"center":7,"centerName":"US National Weather Service - NCEP(WMC)","subcenter":0,"refTime":"2024-01-31T12:00:00.000Z","significanceOfRT":1,"significanceOfRTName":"Start of forecast","productStatus":0,"productStatusName":"Operational products","productType":1,"productTypeName":"Forecast products","productDefinitionTemplate":0,"productDefinitionTemplateName":"Analysis/forecast at horizontal level/layer at a point in time","parameterCategory":2,"parameterCategoryName":"UnknownDiscipline_0_Category_2","parameterNumber":2,"parameterNumberName":"UnknownParameter_D0_C2_2","parameterUnit":"Unknown","genProcessType":2,"genProcessTypeName":"Forecast","forecastTime":300,"surface1Type":103,"surface1TypeName":"Specified height level above ground","surface1Value":10.0,"surface2Type":255,"surface2TypeName":"Missing","surface2Value":0.0,"gridDefinitionTemplate":0,"gridDefinitionTemplateName":"Latitude_Longitude","numberPoints":615,"shape":6,"shapeName":"Earth spherical with radius of 6,371,229.0 m","gridUnits":"degrees","resolution":48,"winds":"true","scanMode":64,"nx":41,"ny":15,"basicAngle":0,"lo1":47.0,"la1":41.0,"lo2":87.0,"la2":55.0,"dx":1.0,"dy":1.0}, "data":
[rows 0 to 14 of 15, columns 0 to 40 of 41]
0.0696753,-0.38032472,0.24967529,-1.1703247,0.42967528,0.0696753,-0.8103247,-1.2103248,-3.0503247,-1.5003247,-1.3703247,-2.0903246,-2.6103246,-3.0903246,-2.1503248,-0.5603247,0.36967528,1.3896753,0.6996753,3.4596753,2.0896752,-0.9803247,-0.6403247,-2.1303246,-0.32032472,-2.0103247,-2.6103246,0.6996753,2.5896752,1.8196753,1.4596753,3.1196754,0.75967526,0.2896753,0.7696753,1.3996753,1.7296753,1.6096753,1.0496753,0.6596753,1.4496753
2.0896752,-0.5903247,-1.1503247,-2.1103246,-2.7403247,-3.5303247,-4.360325,-6.5803246,-5.3303246,-3.9103248,-3.6803248,-5.0203247,-3.9003248,-2.8903246,-1.8303246,-1.7503247,0.2396753,-2.2203248,-0.2303247,2.5596752,3.6896753,1.5796753,-0.7103247,-4.2203245,0.9296753,2.8296752,-1.0803246,1.7096753,-1.4103247,-0.2703247,0.42967528,0.11967529,1.1996753,0.03967529,0.3796753,0.1496753,0.05967529,1.3196753,1.5396752,0.6996753,-1.4303247
-1.4203247,-1.8103247,-3.4903247,-5.030325,-5.400325,-5.880325,-5.7003245,-4.0603247,-7.460325,-6.960325,-6.2503247,-5.570325,-5.0803246,-5.190325,-4.7903247,-4.6603246,-5.2903247,-2.6503248,-0.8003247,0.3296753,0.4996753,-0.14032471,-0.9803247,1.6696754,1.1796753,0.3896753,0.4796753,0.6596753,-3.0203247,-0.38032472,0.3796753,2.6896753,0.9596753,0.2796753,0.6396753,-0.4003247,0.5296753,0.5896753,0.079675294,2.8196752,3.4996753
-3.8103247,-6.7903247,-6.3503246,-5.8903246,-5.2403245,-4.3903246,-2.5503247,-6.6603246,-7.2403245,-7.9803247,-8.270325,-8.460324,-9.110325,-8.940325,-6.570325,-6.090325,-5.420325,-4.150325,-4.5103245,-2.1603248,-0.9703247,-2.2803247,1.9896753,-1.1403247,-1.6003247,-0.68032473,-0.14032471,0.3396753,0.2896753,1.3996753,-1.8303246,1.4096752,-0.4103247,-2.4503248,-1.5603247,-2.1203246,-1.9603248,3.1596754,1.7396753,0.45967528,0.5196753
-5.7403245,-5.5203247,-5.1803246,-4.7603245,-4.2303247,-5.110325,-5.530325,-5.9803247,-7.7903247,-7.030325,-7.420325,-8.590324,-8.770325,-8.710324,-8.240325,-4.0103245,-2.9203248,-3.6003246,-3.9003248,-3.7303247,-4.380325,-3.5303247,-2.2803247,-1.9203247,-1.6703247,-2.0703247,-3.6103246,-0.1303247,-2.2603247,-0.4103247,0.9696753,0.6696753,-0.4503247,2.7096753,3.1196754,0.4396753,0.2296753,1.4896753,1.8096753,0.019675292,0.5596753
-6.1403246,-5.690325,-5.5103245,-5.070325,-4.460325,-4.570325,-5.7603245,-6.380325,-6.7203245,-6.440325,-5.9503245,-6.5803246,-7.670325,-8.310325,-4.860325,-4.4503245,-3.1203246,-3.6703248,-4.710325,-4.340325,-5.380325,-4.1003246,-2.0703247,-1.9403247,-1.5703247,-2.8803246,-2.6703248,-1.1003247,-1.2703247,-0.4403247,0.079675294,1.4096752,2.9996753,2.3396752,2.6696754,-0.2803247,2.6096754,2.4596753,0.9596753,0.8496753,2.6496754
-5.9103246,-4.8903246,-6.630325,-6.420325,-4.9103246,-5.1203246,-5.380325,-5.780325,-6.860325,-7.1203246,-7.2503247,-8.140325,-6.820325,-6.880325,-5.380325,-5.380325,-4.3903246,-3.8403246,-4.5103245,-5.5803246,-4.3703246,-3.7503247,-3.5303247,-2.8003247,-2.1903248,-2.4903247,-1.3803247,-3.3003247,-4.4903245,-4.2303247,-4.9103246,-4.1203246,-2.7203248,-2.0803246,1.0096753,-0.5103247,-1.0803246,0.9796753,3.3596754,0.3796753,2.2196753
-5.360325,-5.2703247,-4.800325,-4.570325,-4.570325,-4.4803247,-5.320325,-5.7003245,-6.7603245,-7.130325,-7.0803246,-8.550324,-6.3503246,-5.9303246,-5.150325,-4.1203246,-3.6803248,-3.6203246,-2.9703248,-4.9803247,-3.3803246,-3.0803246,-2.9803247,-2.8403246,-2.5603247,-1.2603247,0.4996753,-0.9103247,-0.22032471,-3.2603247,-4.300325,-1.4903247,-3.5003247,-2.1103246,-2.0003247,3.5896752,8.359675,9.629675,6.2996755,-3.6003246,-0.4203247
-5.800325,-5.1003246,-4.530325,-4.2303247,-4.7203245,-4.6003246,-5.150325,-6.2303247,-6.610325,-6.780325,-6.4503245,-5.9903245,-4.670325,-3.2003248,-3.6503248,-2.9503248,-3.1703248,-2.9803247,-2.9303248,-3.5903246,-4.0803246,-2.5903246,-2.3403246,-1.6903247,-3.0103247,-1.6603247,-2.3403246,-2.7203248,-0.5303247,-1.5003247,-1.1103247,-1.1803247,0.39967528,0.7096753,-0.2403247,2.4896753,1.4296753,-1.6703247,1.0996753,1.1196753,1.4496753
-5.360325,-5.050325,-4.800325,-4.7703247,-4.6803246,-4.9903245,-5.7003245,-6.3503246,-6.8503246,-6.6003246,-5.9303246,-7.130325,-2.9403248,-2.4703248,-2.7803247,-1.7403247,-1.9203247,-2.0303247,-2.5803246,-2.7103248,-4.460325,-1.8103247,-0.4003247,-2.0503247,-3.0503247,-2.2303247,-2.7803247,-1.1703247,-0.8803247,-0.1803247,0.8296753,2.1796753,2.7796752,2.6296754,1.1296753,2.9096754,1.3896753,1.9296753,1.7096753,1.5896753,0.8896753
-4.190325,-4.690325,-4.1203246,-4.2303247,-4.3903246,-5.280325,-4.670325,-5.670325,-5.7903247,-6.300325,-6.6603246,-2.8703246,-0.8503247,-3.5303247,-2.4603248,-1.7303247,-2.1403246,-1.1703247,-2.2803247,-3.4203248,-2.6903248,-2.5903246,-2.1503248,-1.9203247,-1.3903247,-1.5503247,-0.100324705,0.7396753,1.7396753,3.4096754,3.1096754,3.3296752,3.0296752,1.7796752,1.1696754,0.8496753,-0.9703247,1.4896753,1.0796753,0.2796753,-0.2703247
-3.5403247,-3.5903246,-4.0003247,-3.7603247,-3.7203248,-3.2903247,-4.0203247,-5.380325,-1.8703247,-3.3103247,-6.7303247,-3.5103247,-2.0703247,-2.6903248,-1.0903248,-1.3003247,-0.87032473,-0.9003247,-1.8503247,-1.2403247,-1.9903247,-0.87032473,-1.2903247,-0.8803247,-0.35032472,0.5796753,1.1996753,2.4496753,2.8796754,2.6396754,2.3096752,2.2296753,1.8896753,1.9796753,1.4696753,1.6596752,2.4596753,2.3496752,2.3696754,1.3596753,1.6496753
-2.9803247,-1.7003247,-1.8203247,-2.9703248,-1.8703247,-2.0303247,-2.1703248,-2.3503246,-2.4703248,-0.9003247,-1.6103247,-2.9403248,-0.8803247,-1.5103247,-0.4303247,-0.4503247,-0.7303247,-0.6403247,-0.5203247,-0.6703247,-1.0603247,-0.35032472,0.8496753,0.8996753,2.2496753,1.6996753,2.2896752,1.9196754,1.6296753,1.8396753,1.7496753,1.8596753,1.8396753,1.4696753,1.8196753,2.2096753,2.4396753,1.6896753,2.8796754,2.5296752,1.6496753
-2.1203246,-1.6203247,-1.9703248,-2.5003247,-1.8403248,-2.0303247,-1.9103247,-2.2903247,0.11967529,-0.3403247,-1.8303246,-2.2203248,0.7896753,0.13967529,-0.26032472,-0.2303247,-0.16032471,-0.4303247,-0.8803247,-0.1503247,-0.100324705,0.3096753,1.0596753,1.0396752,1.2496753,1.0196753,0.6096753,1.4296753,1.2696753,1.3296753,1.4096752,1.1896753,1.2596753,1.4596753,1.7796752,1.5296752,1.4696753,1.4096752,1.3196753,1.3096753,3.6696754
-3.0303247,-2.5503247,-2.4203248,-3.8003247,-2.7303247,-2.3403246,-0.7803247,-1.8403248,-0.100324705,-1.5303247,-2.7703247,-0.7303247,-1.3603247,0.6496753,0.03967529,-0.060324706,-0.2103247,0.0696753,-0.14032471,-0.26032472,-0.020324707,0.1596753,0.2596753,0.5496753,0.6896753,0.7496753,0.87967527,0.87967527,0.7196753,0.6896753,0.6196753,0.4796753,0.5296753,0.6196753,0.9396753,1.4996753,0.6896753,2.0896752,2.8196752,2.1096754,1.3496753
