wind_kz.json
{"header": {"discipline":0,"disciplineName":"Meteorological products","gribEdition":2,"gribLength":871,"center":7,"centerName":"US National Weather Service - NCEP(WMC)","subcenter":0,"refTime":"2024-02-03T18:00:00.000Z","significanceOfRT":1,"significanceOfRTName":"Start of forecast","productStatus":0,"productStatusName":"Operational products","productType":1,"productTypeName":"Forecast products","productDefinitionTemplate":0,"productDefinitionTemplateName":"Analysis/forecast at horizontal level/layer at a point in time","parameterCategory":0,"parameterCategoryName":"UnknownDiscipline_0_Category_0","parameterNumber":0,"parameterNumberName":"UnknownParameter_D0_C0_0","parameterUnit":"Unknown","genProcessType":2,"genProcessTypeName":"Forecast","forecastTime":60,"surface1Type":1,"surface1TypeName":"Ground or water surface","surface1Value":0.0,"surface2Type":255,"surface2TypeName":"Missing","surface2Value":0.0,"gridDefinitionTemplate":0,"gridDefinitionTemplateName":"Latitude_Longitude","numberPoints":615,"shape":6,"shapeName":"Earth spherical with radius of 6,371,229.0 m","gridUnits":"degrees","resolution":48,"winds":"true","scanMode":64,"nx":41,"ny":15,"basicAngle":0,"lo1":47.0,"la1":41.0,"lo2":87.0,"la2":55.0,"dx":1.0,"dy":1.0}, "data":
[rows 0 to 14 of 15, columns 0 to 40 of 41]
282.07086,274.87085,279.47086,280.57086,280.77084,282.27084,284.37085,287.57086,285.07086,283.17084,283.17084,282.97086,283.27084,283.07086,282.27084,281.87085,280.97086,281.67084,285.57086,287.07086,282.67084,284.07086,284.37085,279.87085,283.77084,284.37085,275.07086,265.77084,264.67084,262.47086,265.37085,259.07086,268.47086,280.07086,280.37085,278.87085,282.57086,281.27084,280.17084,277.97086,281.17084
261.47086,277.17084,280.37085,280.07086,280.77084,281.27084,286.17084,284.07086,284.17084,282.67084,284.67084,281.97086,282.17084,283.37085,278.97086,276.37085,281.17084,281.37085,282.27084,283.67084,282.77084,283.37085,279.87085,271.87085,262.97086,266.57086,267.47086,264.57086,264.77084,261.37085,269.97086,259.17084,275.87085,251.37085,257.17084,269.57086,278.27084,276.77084,277.07086,271.97086,270.37085
276.17084,278.97086,280.07086,280.37085,280.57086,280.37085,280.47086,281.47086,282.37085,281.47086,281.87085,279.87085,280.87085,282.27084,275.07086,273.37085,275.27084,274.17084,275.77084,276.77084,276.97086,280.97086,279.97086,273.17084,278.77084,275.07086,273.47086,273.67084,277.47086,271.67084,268.27084,270.97086,266.77084,266.97086,263.27084,268.87085,268.77084,260.37085,261.87085,266.37085,264.47086
276.07086,276.07086,277.87085,279.07086,279.37085,278.57086,276.77084,277.97086,282.37085,280.37085,279.17084,279.67084,281.37085,281.97086,276.37085,273.27084,275.07086,273.47086,273.17084,274.47086,277.47086,273.27084,276.27084,274.17084,273.47086,273.57086,273.67084,273.37085,273.27084,273.07086,272.17084,272.67084,275.17084,272.77084,270.47086,271.37085,266.87085,261.47086,271.67084,266.57086,265.87085
275.87085,272.87085,271.87085,273.37085,274.87085,276.77084,276.37085,279.77084,278.47086,277.57086,276.47086,277.57086,279.17084,279.17084,278.27084,273.67084,273.67084,274.27084,275.97086,273.17084,273.17084,274.17084,273.17084,272.77084,271.67084,271.07086,271.87085,271.87085,276.07086,277.17084,273.57086,273.87085,271.87085,263.17084,267.27084,265.37085,266.67084,267.87085,269.67084,267.67084,266.57086
274.77084,274.87085,273.07086,272.97086,272.47086,272.87085,276.37085,276.27084,275.97086,277.27084,274.77084,275.67084,278.87085,279.27084,274.87085,274.97086,273.17084,273.37085,273.17084,273.27084,273.17084,272.97086,271.27084,269.47086,269.27084,268.27084,270.27084,267.47086,269.37085,268.97086,269.27084,269.97086,267.37085,267.07086,272.27084,267.87085,271.87085,266.57086,267.27084,263.57086,264.87085
272.77084,273.77084,274.87085,276.47086,274.37085,275.47086,276.17084,275.07086,273.97086,273.47086,273.37085,273.27084,273.37085,273.67084,273.17084,272.97086,272.07086,272.27084,271.87085,271.37085,270.27084,270.97086,269.97086,268.87085,265.57086,264.47086,263.37085,265.77084,265.57086,267.77084,266.57086,266.67084,266.67084,267.67084,266.17084,267.67084,268.17084,270.57086,265.17084,265.67084,267.97086
272.07086,272.67084,272.97086,273.97086,273.17084,273.17084,274.27084,273.37085,273.37085,273.17084,273.17084,273.17084,273.17084,272.67084,272.67084,272.27084,271.77084,271.97086,271.77084,270.57086,267.77084,268.17084,268.07086,268.17084,267.77084,266.37085,265.47086,262.77084,264.17084,263.37085,264.37085,264.37085,265.97086,267.67084,265.77084,261.27084,260.47086,260.57086,266.17084,266.57086,267.77084
269.47086,270.87085,272.27084,273.17084,273.17084,273.17084,273.17084,273.17084,273.17084,273.07086,273.17084,273.07086,272.17084,272.77084,269.87085,270.37085,270.87085,271.87085,271.67084,271.27084,268.47086,266.87085,267.07086,266.17084,265.97086,265.97086,265.07086,265.67084,265.97086,266.67084,264.17084,264.77084,273.77084,269.97086,265.07086,263.27084,264.97086,264.17084,263.47086,264.57086,265.37085
268.27084,269.37085,271.27084,273.17084,273.17084,273.17084,273.17084,273.17084,273.17084,273.17084,272.87085,272.67084,272.37085,272.17084,272.07086,269.87085,269.87085,270.97086,271.37085,270.97086,270.37085,269.47086,268.77084,268.27084,266.77084,265.87085,268.07086,268.57086,266.17084,266.17084,269.87085,271.27084,272.17084,269.37085,266.87085,264.07086,269.17084,270.77084,271.97086,271.17084,263.37085
267.87085,267.87085,270.57086,272.47086,272.97086,270.87085,273.17084,273.17084,273.17084,273.17084,273.07086,273.07086,272.97086,272.37085,272.67084,271.97086,269.67084,269.77084,270.37085,269.57086,270.07086,269.07086,267.87085,266.97086,266.77084,266.27084,265.87085,268.27084,269.47086,271.87085,270.87085,271.07086,270.67084,269.77084,267.27084,266.47086,271.67084,272.27084,267.07086,268.27084,270.17084
268.37085,267.27084,267.87085,270.07086,271.67084,272.17084,272.87085,272.87085,273.17084,273.17084,272.97086,272.97086,273.07086,272.57086,272.87085,273.07086,272.27084,271.27084,270.67084,270.87085,269.67084,269.07086,268.07086,267.97086,267.67084,267.27084,268.37085,270.07086,270.07086,269.07086,269.07086,267.97086,270.67084,266.67084,268.67084,266.17084,268.87085,269.17084,273.27084,272.17084,272.67084
267.57086,266.37085,266.77084,268.17084,271.47086,272.37085,272.47086,272.17084,272.77084,273.17084,272.37085,271.87085,273.17084,273.07086,273.17084,273.17084,273.17084,273.07086,273.17084,272.47086,270.87085,271.17084,270.37085,268.87085,269.37085,269.67084,270.07086,268.47086,268.37085,268.17084,268.27084,268.47086,267.47086,267.07086,266.57086,267.17084,267.77084,272.27084,269.97086,267.27084,273.07086
271.07086,266.07086,269.27084,267.37085,269.97086,271.07086,271.67084,271.47086,272.67084,273.17084,272.57086,270.87085,271.57086,273.17084,273.17084,273.17084,273.17084,273.17084,273.17084,273.17084,272.67084,272.97086,272.67084,271.37085,271.27084,270.97086,270.77084,268.17084,268.77084,267.67084,268.37085,268.37085,267.37085,266.97086,266.57086,267.07086,268.77084,268.77084,267.77084,271.97086,268.77084
270.37085,270.57086,271.37085,271.27084,271.47086,270.67084,268.57086,269.57086,270.37085,272.77084,271.27084,268.47086,269.37085,271.67084,271.77084,273.17084,273.17084,273.17084,273.17084,273.17084,273.17084,273.17084,273.17084,272.07086,271.07086,270.77084,270.57086,269.37085,269.57086,268.77084,267.97086,268.37085,268.47086,268.47086,268.77084,268.67084,268.07086,267.97086,268.67084,269.27084,269.87085
