wind_kz.json
{"header": {"discipline":0,"disciplineName":"Meteorological products","gribEdition":2,"gribLength":1025,"center":7,"centerName":"US National Weather Service - NCEP(WMC)","subcenter":0,"refTime":"2024-01-31T18:00:00.000Z","significanceOfRT":1,"significanceOfRTName":"Start of forecast","productStatus":0,"productStatusName":"Operational products","productType":1,"productTypeName":"Forecast products","productDefinitionTemplate":0,"productDefinitionTemplateName":"Analysis/forecast at horizontal level/layer at a point in time","parameterCategory":2,"parameterCategoryName":"UnknownDiscipline_0_Category_2","parameterNumber":2,"parameterNumberName":"UnknownParameter_D0_C2_2","parameterUnit":"Unknown","genProcessType":2,"genProcessTypeName":"Forecast","forecastTime":120,"surface1Type":103,"surface1TypeName":"Specified height level above ground","surface1Value":10.0,"surface2Type":255,"surface2TypeName":"Missing","surface2Value":0.0,"gridDefinitionTemplate":0,"gridDefinitionTemplateName":"Latitude_Longitude","numberPoints":615,"shape":6,"shapeName":"Earth spherical with radius of 6,371,229.0 m","gridUnits":"degrees","resolution":48,"winds":"true","scanMode":64,"nx":41,"ny":15,"basicAngle":0,"lo1":47.0,"la1":41.0,"lo2":87.0,"la2":55.0,"dx":1.0,"dy":1.0}, "data":
[rows 0 to 14 of 15, columns 0 to 40 of 41]
3.0752954,-1.2947046,3.7152953,8.005296,1.2752954,0.2552954,-0.5647046,-0.8747046,-1.1247046,-0.3147046,0.5452954,-0.39470458,-0.21470459,-0.4747046,-1.4047046,-2.5947046,-3.4647045,-3.3247046,-3.2347045,-1.8747046,-4.4747047,-2.5947046,-1.1947045,-2.0447047,-0.6047046,-1.6247046,-3.2947047,-3.2747047,1.0552955,-0.00470459,-1.7447046,1.9152954,0.1652954,1.1252954,-0.03470459,1.4152954,0.48529541,0.6052954,-1.0347046,-0.6247046,-0.6547046
4.6552954,2.2752955,2.6452954,1.2752954,-2.5947046,-4.0847044,-1.2647046,-0.27470458,-0.5047046,0.8252954,1.1252954,0.32529542,0.3152954,-0.15470459,-0.97470456,-1.8847046,-2.5547047,-2.7747047,-2.4747045,-2.7347045,-3.8147047,-2.5147047,-0.9247046,-3.6147046,-0.5647046,1.6652954,-1.3247046,0.6452954,-3.2147045,-2.3447046,0.07529541,-0.8947046,2.4552953,-2.9547045,-0.12470459,0.3352954,-0.39470458,1.1752954,0.14529541,1.1952955,0.58529544
2.7452955,-4.9747047,-7.4847045,-10.244704,-7.5447044,-5.3047047,-3.6547046,-2.3247046,-2.5447047,-1.0347046,1.1652954,0.38529542,0.4252954,0.07529541,-1.8347046,-2.0947046,-2.1047046,-1.6747046,-1.9047046,-2.8347046,-3.0847046,-3.1947045,-2.0847046,-1.9247046,-0.4747046,-0.36470458,-1.7747046,-1.7047046,-1.6247046,-0.72470456,-2.2547045,2.8652954,-0.09470459,-0.24470459,0.90529543,-0.8747046,-0.7347046,0.4552954,0.4052954,-0.13470459,1.7152954
-2.0547047,-3.7147045,-8.004704,-6.7147045,-8.064705,-5.5047045,-3.3547046,-2.4947045,-0.8047046,-0.2947046,0.035295412,-0.7747046,0.4552954,-0.9947046,-2.6047046,-2.7547045,-2.4147046,-2.3647046,-2.0247047,-2.5047045,-2.8047047,-1.2647046,-1.7647046,-3.4947045,-3.3147047,-2.7447045,-2.4547045,-2.9947045,-3.2847047,0.02529541,-0.42470458,-3.9447045,-2.5647047,-2.2147045,-2.0147047,-1.9147046,-2.1047046,1.7052954,0.5152954,0.3452954,1.2252954
2.5852954,1.5852954,-6.0147047,-4.4547048,-4.7747045,-5.5047045,-3.6247046,-1.3347046,-0.8747046,-0.8847046,-0.72470456,0.3652954,-0.13470459,-2.7947047,-2.9447045,-2.4747045,-2.1247046,-2.1747046,-2.0247047,-2.5647047,-3.5847046,-3.6147046,-4.1347046,-4.6247044,-4.4547048,-4.184705,-5.6947045,-1.9747046,-3.5547047,-3.1747046,-2.4547045,-1.8247046,-3.0047045,0.035295412,2.4152954,-0.5747046,-1.6647046,-0.8047046,-0.9647046,-0.9847046,-1.6947045
3.6052954,4.2852955,-0.9547046,-4.1147046,-4.8447046,-3.2947047,-2.0647047,-1.4147046,-1.6847045,-1.4247046,-1.2247046,-0.5247046,-1.6547046,-2.5747046,-2.7547045,-1.8847046,-2.0547047,-2.2047045,-2.6847045,-3.0147047,-3.3647046,-3.0247047,-3.7547045,-4.434705,-5.1047044,-5.894705,-3.4847045,-2.9147046,-3.3047047,-3.1147046,-2.9747045,-2.3647046,-2.6947045,-1.7047046,-0.1447046,-5.7847047,0.1852954,-3.1947045,1.9152954,-0.7447046,-2.6047046
5.5252953,2.8952954,2.5352955,-1.3347046,-3.4147046,-1.1947045,-0.4147046,-0.9647046,-1.2147046,-0.8147046,-0.8847046,0.04529541,-0.9347046,-1.3147045,-1.5247046,-1.7647046,-1.6247046,-2.5547047,-3.6047046,-3.3447046,-2.2447045,-2.3947046,-2.9347045,-3.4147046,-4.3847046,-4.5747046,-1.5847046,-2.2147045,-2.3147047,-2.7047045,-2.8047047,-2.5947046,-0.12470459,-2.0547047,-1.2947046,-1.6447046,-1.0447046,3.3752954,-3.1447046,1.7552954,0.6152954
8.705296,5.3652954,3.5552955,2.0352955,-0.10470459,-1.0747046,-0.19470459,-0.4347046,0.06529541,0.3952954,0.2152954,0.5352954,0.1352954,0.8252954,0.1852954,-0.9547046,-1.5247046,-2.6647046,-2.5147047,-3.0047045,-1.4047046,-2.3147047,-1.6047046,-2.0947046,-2.3947046,-1.3147045,-0.7347046,-1.5047046,-0.7647046,-1.3447046,-2.1047046,-0.4947046,-2.1547046,0.8752954,-2.2947047,1.2352954,2.1452954,1.6952955,-2.5347047,-3.7247045,-2.8647046
7.9452953,4.9852953,3.5252955,1.8652954,0.38529542,0.08529541,-0.23470458,-1.2747046,-0.6447046,2.0852954,0.77529544,0.6152954,0.6852954,1.6452954,-0.10470459,-0.7647046,-0.9247046,-1.6347046,-0.9047046,-1.5247046,-2.4547045,0.23529541,-0.05470459,-0.8547046,-0.66470456,-1.1647046,-1.9147046,-1.2347046,0.10529541,-0.6447046,0.4952954,1.2752954,2.4152954,-0.8047046,-1.7147046,-2.0947046,0.3652954,-1.8247046,-1.5947046,0.8252954,-2.2547045
6.5452952,3.6252954,3.5652955,2.3052955,0.3652954,0.035295412,-1.0547045,-1.0647045,0.3352954,2.7652955,1.7252954,1.6852955,2.4152954,1.2452954,1.3752954,0.2752954,-0.2947046,0.2552954,-0.18470459,-0.3547046,0.48529541,1.0252954,0.6752954,2.7352953,-1.0447046,-0.4747046,0.08529541,-0.5647046,0.71529543,1.7952954,0.41529542,2.5952954,1.9952954,-0.6947046,-1.6847045,-0.7947046,-2.7947047,-0.15470459,-2.1447046,0.10529541,-1.8147045
2.9452953,1.9952954,2.1652954,1.0752954,-0.5747046,-1.4347045,-1.7247046,-1.2847046,0.7352954,1.5052954,2.6452954,3.6052954,2.5652955,2.7152953,2.6352954,1.7852954,1.2352954,1.2852954,0.9852954,1.8352954,2.7752955,1.7052954,0.3652954,0.5952954,0.7852954,1.1452954,3.2052953,3.3552954,2.5652955,1.0252954,2.2352953,0.8052954,-1.0847046,-0.5447046,-0.2947046,-1.7347046,-1.6747046,0.6952954,-1.4447045,1.2752954,-1.8347046
-1.1547046,-1.8347046,-2.5647047,-2.7547045,-3.7747047,-3.3347046,-2.9647045,-0.7547046,-0.33470458,0.15529542,1.5852954,1.9352955,1.7752954,3.1252954,2.4652953,2.7152953,3.1552954,2.8852954,2.5552955,3.1752954,2.8552954,3.0852954,2.6452954,1.8952954,3.3652954,3.4752953,4.6752954,4.6152954,4.0252953,1.2652954,1.5852954,1.5752954,0.41529542,-1.2647046,0.2852954,0.4952954,-0.5247046,-0.7947046,-0.08470459,-0.6547046,-0.5847046
-3.9647045,-5.184705,-5.3047047,-4.8847046,-4.2347045,-2.9447045,-1.8947046,-0.5747046,-0.11470459,0.5752954,1.1852955,0.9452954,1.8752954,3.8152955,3.7552955,2.8852954,3.4852953,3.9152954,3.1352954,3.7952955,3.5052955,3.8052955,4.3652954,3.1152954,5.9152956,5.1152954,5.4252954,3.8752954,2.6952953,2.3552954,1.9552954,2.5452955,1.1052954,0.3952954,0.07529541,0.6152954,0.6152954,-0.84470457,-1.3347046,-1.0747046,-1.4547046
-5.4547048,-5.3347044,-5.8047047,-4.3647046,-3.3847046,-1.8147045,-0.5847046,0.22529541,0.6052954,0.6952954,0.71529543,-0.7947046,1.5452954,2.9552953,2.4352953,2.3552954,3.2152953,3.6952953,3.1652954,4.1152954,3.8652954,4.6352954,5.1552954,5.065295,4.815295,3.5452955,2.8052955,3.6552954,3.2852955,3.2852955,2.8852954,2.2452955,2.2952955,1.9052954,1.4252954,0.17529541,-0.2547046,-0.91470456,-1.3147045,0.83529544,-0.6947046
-3.5747046,-4.2947044,-4.0547047,-3.1147046,-2.2947047,-1.9647046,-1.7347046,-0.7147046,0.02529541,-0.1747046,-0.9347046,-0.6547046,-0.6347046,0.2452954,0.5552954,0.8652954,1.5552955,1.8852954,2.1552954,2.7752955,3.3652954,3.6452954,3.6852953,3.9752953,4.4152956,4.1752954,3.9952955,3.4852953,3.3652954,3.6152954,4.1552954,3.9752953,2.6752954,2.9752953,2.8652954,2.6952953,0.5652954,1.5052954,1.4952954,-0.30470458,-1.8347046
