wind_kz.json
{"header": {"discipline":0,"disciplineName":"Meteorological products","gribEdition":2,"gribLength":794,"center":7,"centerName":"US National Weather Service - NCEP(WMC)","subcenter":0,"refTime":"2023-09-26T12:00:00.000Z","significanceOfRT":1,"significanceOfRTName":"Start of forecast","productStatus":0,"productStatusName":"Operational products","productType":1,"productTypeName":"Forecast products","productDefinitionTemplate":0,"productDefinitionTemplateName":"Analysis/forecast at horizontal level/layer at a point in time","parameterCategory":2,"parameterCategoryName":"UnknownDiscipline_0_Category_2","parameterNumber":2,"parameterNumberName":"UnknownParameter_D0_C2_2","parameterUnit":"Unknown","genProcessType":2,"genProcessTypeName":"Forecast","forecastTime":300,"surface1Type":103,"surface1TypeName":"Specified height level above ground","surface1Value":10.0,"surface2Type":255,"surface2TypeName":"Missing","surface2Value":0.0,"gridDefinitionTemplate":0,"gridDefinitionTemplateName":"Latitude_Longitude","numberPoints":615,"shape":6,"shapeName":"Earth spherical with radius of 6,371,229.0 m","gridUnits":"degrees","resolution":48,"winds":"true","scanMode":64,"nx":41,"ny":15,"basicAngle":0,"lo1":47.0,"la1":41.0,"lo2":87.0,"la2":55.0,"dx":1.0,"dy":1.0}, "data":
[rows 0 to 14 of 15, columns 0 to 40 of 41]
0.20241089,-0.29758912,0.7024109,-0.59758914,-3.3975892,-7.2975893,-6.7975893,-7.497589,-8.697589,-4.597589,-4.497589,-4.897589,-4.897589,-4.7975893,-4.597589,-4.097589,-2.597589,-3.1975892,-5.197589,-4.997589,-3.797589,-1.4975891,-0.6975891,-3.1975892,-0.09758911,0.20241089,-2.3975892,-2.597589,0.0024108887,-0.7975891,0.4024109,1.9024109,0.20241089,1.2024109,-0.19758911,-2.3975892,-2.1975892,-1.8975891,-2.997589,-0.7975891,-1.7975891
2.702411,0.10241089,-0.19758911,-2.497589,-5.197589,-7.597589,-4.697589,-8.497589,-5.897589,-5.2975893,-4.997589,-5.597589,-4.997589,-4.7975893,-3.497589,-4.397589,-2.797589,-4.497589,-3.497589,-3.997589,-3.6975892,-1.8975891,-1.1975892,-4.197589,-1.1975892,0.4024109,-0.8975891,-0.59758914,0.7024109,0.10241089,-0.29758912,-0.09758911,2.6024108,-1.1975892,0.4024109,-1.0975891,-1.1975892,-0.59758914,0.5024109,0.4024109,-1.5975891
-0.4975891,1.7024109,0.3024109,-3.1975892,-7.497589,-6.997589,-6.7975893,-5.897589,-7.597589,-5.897589,-5.197589,-5.997589,-5.097589,-5.497589,-5.197589,-4.897589,-5.197589,-3.597589,-3.097589,-2.3975892,-2.297589,-5.2975893,-6.097589,-6.997589,0.5024109,-3.8975892,-3.497589,-2.797589,-0.8975891,-1.3975891,-1.1975892,-0.29758912,-0.4975891,1.4024109,-3.497589,-1.7975891,-0.09758911,-0.29758912,2.502411,0.0024108887,0.3024109
-2.1975892,-6.397589,-6.497589,-7.397589,-6.2975893,-7.197589,-5.897589,-6.7975893,-6.697589,-6.397589,-5.397589,-5.497589,-9.197589,-8.997589,-5.097589,-4.697589,-3.797589,-3.6975892,-3.797589,-2.8975892,-4.097589,-3.097589,-1.8975891,-4.197589,-4.197589,-4.997589,-3.3975892,-5.2975893,-2.997589,-2.497589,-0.09758911,0.90241086,3.6024108,6.002411,3.902411,-0.09758911,-0.39758912,1.6024109,-0.4975891,1.4024109,2.3024108
-3.997589,-5.097589,-6.197589,-8.197589,-7.497589,-6.697589,-6.2975893,-6.197589,-6.097589,-5.697589,-6.197589,-6.097589,-8.0975895,-8.397589,-8.197589,-4.497589,-4.2975893,-3.597589,-3.597589,-5.497589,-6.197589,-5.497589,-5.197589,-4.2975893,-5.597589,-5.397589,-5.597589,-3.8975892,-3.497589,-2.6975892,-1.6975892,0.10241089,1.5024109,1.0024109,0.10241089,-2.797589,7.002411,2.002411,0.0024108887,-0.29758912,-2.3975892
-4.597589,-3.997589,-8.897589,-10.0975895,-10.197589,-9.0975895,-5.097589,-6.197589,-5.397589,-5.197589,-5.597589,-5.597589,-6.497589,-7.397589,-5.7975893,-3.797589,-4.2975893,-4.197589,-5.497589,-4.397589,-6.197589,-4.697589,-4.997589,-6.097589,-5.597589,-6.397589,-3.6975892,-7.097589,-2.997589,-2.1975892,-1.7975891,-3.8975892,-1.9975891,1.2024109,2.702411,0.20241089,0.90241086,3.702411,10.502411,-0.8975891,-7.197589
-6.7975893,-6.997589,-5.7975893,-5.697589,-5.597589,-4.897589,-5.197589,-5.897589,-5.197589,-5.597589,-5.2975893,-5.597589,-4.897589,-4.2975893,-3.797589,-3.797589,-3.597589,-3.8975892,-5.097589,-5.197589,-5.097589,-4.997589,-4.897589,-4.397589,-4.2975893,-3.6975892,-3.597589,-2.597589,-3.997589,-3.297589,-5.097589,-4.7975893,-2.997589,-2.497589,0.6024109,2.002411,0.0024108887,-1.0975891,0.0024108887,0.6024109,8.202411
-4.997589,-5.897589,-5.697589,-5.2975893,-5.697589,-4.897589,-4.397589,-4.197589,-4.097589,-4.097589,-3.997589,-3.797589,-3.297589,-3.3975892,-2.8975892,-3.1975892,-3.297589,-3.797589,-3.3975892,-4.197589,-3.8975892,-3.797589,-3.3975892,-3.797589,-3.497589,-2.1975892,-2.8975892,-2.297589,-2.997589,-2.597589,-4.397589,-2.8975892,-4.697589,-3.3975892,-3.997589,0.90241086,5.902411,9.4024105,6.802411,8.302411,4.802411
-5.697589,-5.097589,-5.097589,-4.497589,-4.697589,-3.997589,-4.197589,-4.197589,-3.8975892,-3.097589,-2.8975892,-2.497589,-1.7975891,-1.9975891,-1.7975891,-2.097589,-2.1975892,-2.497589,-2.597589,-2.497589,-2.997589,-2.1975892,-2.297589,-2.1975892,-1.7975891,-1.7975891,-1.2975891,-1.5975891,-1.0975891,-1.2975891,-1.8975891,-1.5975891,-1.0975891,-1.1975892,-0.59758914,1.5024109,0.7024109,-1.9975891,-0.59758914,-0.19758911,-0.09758911
-4.097589,-4.097589,-4.497589,-4.197589,-3.997589,-3.6975892,-4.2975893,-3.8975892,-3.597589,-3.097589,-2.1975892,-0.6975891,0.0024108887,0.3024109,0.8024109,0.8024109,0.4024109,0.5024109,0.4024109,0.3024109,0.90241086,1.5024109,2.1024108,1.9024109,1.7024109,1.3024108,1.6024109,1.3024108,1.4024109,1.4024109,0.7024109,1.5024109,0.8024109,-0.39758912,0.4024109,0.8024109,0.6024109,0.6024109,1.2024109,0.90241086,0.90241086
-3.597589,-4.097589,-4.2975893,-3.597589,-3.997589,-3.8975892,-3.097589,-2.8975892,-2.997589,-2.3975892,-1.5975891,-0.7975891,-1.1975892,0.10241089,0.20241089,0.8024109,1.6024109,2.402411,2.002411,2.402411,2.6024108,2.6024108,2.902411,2.8024108,2.6024108,2.502411,2.202411,2.6024108,3.202411,2.202411,2.902411,2.902411,2.8024108,1.9024109,1.9024109,0.20241089,-0.39758912,0.5024109,0.3024109,-0.4975891,-0.4975891
-3.3975892,-3.297589,-2.997589,-2.8975892,-2.597589,-2.6975892,-2.097589,-2.097589,-1.5975891,-1.0975891,-0.9975891,0.4024109,0.8024109,1.7024109,2.402411,2.402411,2.6024108,3.202411,2.402411,3.3024108,3.002411,3.3024108,3.002411,2.902411,3.202411,3.902411,3.3024108,4.002411,3.6024108,3.502411,3.202411,2.8024108,2.1024108,2.1024108,1.3024108,2.402411,1.7024109,1.2024109,0.20241089,-0.09758911,0.10241089
-1.8975891,-1.6975892,-1.6975892,-1.9975891,-1.3975891,-1.1975892,-0.8975891,-0.59758914,0.0024108887,-0.09758911,0.3024109,1.6024109,2.6024108,3.002411,3.3024108,3.3024108,3.202411,3.3024108,3.502411,3.202411,2.902411,3.6024108,4.2024107,3.902411,5.102411,5.002411,5.2024107,4.602411,3.902411,3.402411,3.502411,4.002411,2.8024108,3.1024108,3.002411,1.8024108,3.1024108,2.3024108,1.8024108,2.1024108,1.5024109
-0.19758911,0.10241089,0.0024108887,0.10241089,0.3024109,0.4024109,0.7024109,1.0024109,1.3024108,2.1024108,1.0024109,1.7024109,2.202411,3.8024108,4.002411,4.2024107,4.402411,4.102411,4.102411,4.602411,4.602411,4.7024107,5.2024107,5.402411,5.302411,5.002411,5.002411,5.002411,4.502411,4.7024107,4.902411,4.502411,4.7024107,4.602411,3.702411,3.3024108,2.3024108,2.402411,2.702411,3.3024108,2.702411
0.4024109,1.3024108,2.202411,0.8024109,2.002411,1.5024109,2.502411,2.202411,3.202411,2.002411,0.90241086,2.502411,2.702411,3.502411,3.902411,5.102411,5.402411,5.402411,5.402411,5.802411,6.002411,6.2024107,5.902411,6.002411,5.802411,5.7024107,5.602411,5.602411,5.402411,5.402411,7.002411,10.202411,6.002411,5.102411,5.2024107,5.602411,4.502411,4.2024107,4.502411,4.002411,2.702411
