wind_kz.json
{"header": {"discipline":0,"disciplineName":"Meteorological products","gribEdition":2,"gribLength":1025,"center":7,"centerName":"US National Weather Service - NCEP(WMC)","subcenter":0,"refTime":"2023-10-05T12:00:00.000Z","significanceOfRT":1,"significanceOfRTName":"Start of forecast","productStatus":0,"productStatusName":"Operational products","productType":1,"productTypeName":"Forecast products","productDefinitionTemplate":0,"productDefinitionTemplateName":"Analysis/forecast at horizontal level/layer at a point in time","parameterCategory":2,"parameterCategoryName":"UnknownDiscipline_0_Category_2","parameterNumber":3,"parameterNumberName":"UnknownParameter_D0_C2_3","parameterUnit":"Unknown","genProcessType":2,"genProcessTypeName":"Forecast","forecastTime":300,"surface1Type":103,"surface1TypeName":"Specified height level above ground","surface1Value":10.0,"surface2Type":255,"surface2TypeName":"Missing","surface2Value":0.0,"gridDefinitionTemplate":0,"gridDefinitionTemplateName":"Latitude_Longitude","numberPoints":615,"shape":6,"shapeName":"Earth spherical with radius of 6,371,229.0 m","gridUnits":"degrees","resolution":48,"winds":"true","scanMode":64,"nx":41,"ny":15,"basicAngle":0,"lo1":47.0,"la1":41.0,"lo2":87.0,"la2":55.0,"dx":1.0,"dy":1.0}, "data":
[rows 0 to 14 of 15, columns 0 to 40 of 41]
-0.54395264,-2.3539526,0.83604735,2.2860475,-0.023952637,1.7760473,1.5560473,0.78604734,0.26604736,0.7360474,0.35604736,-0.17395264,-0.13395263,-0.19395263,-1.2039527,-2.3039527,-3.0539527,-2.6939526,-0.14395264,-1.1339526,-0.84395266,-2.1939526,-1.6439526,0.6260474,-0.07395264,0.70604736,0.29604736,2.4460473,-0.6239526,2.0760474,1.1760473,-1.9039526,1.2360474,-0.34395263,0.14604737,-1.7439526,-1.3839526,-2.2539527,0.18604736,1.7660474,-0.74395263
4.566047,2.1260474,2.3860474,1.7360474,1.1860473,3.2060473,-0.43395263,1.4660474,1.2960473,0.95604736,0.5460474,-0.55395263,-0.013952637,-0.16395263,-2.4939528,-3.0139527,-3.2839527,-1.1939527,-2.9139526,-1.7239527,-0.07395264,0.046047363,0.16604736,2.7560472,1.3560474,1.4860474,1.2760473,3.6860473,1.2760473,1.3660474,1.3260474,5.6960473,1.3360474,-0.19395263,0.32604736,-1.2139527,-2.3139527,-2.8839526,-0.52395266,-0.46395263,-0.09395263
2.3060474,3.3860474,2.4460473,0.97604734,-0.9539526,-0.29395264,-0.52395266,-1.1639526,0.9860474,0.5560474,0.51604736,0.07604736,-1.1439526,-1.6339526,-1.7839526,-1.9539527,-2.1139526,-2.1239526,-3.4439526,-1.9639527,-0.43395263,1.2660474,0.8160474,1.7360474,-0.083952636,-0.43395263,-0.123952635,0.9860474,0.16604736,1.0160474,0.89604735,0.7460474,1.5460473,-0.9439526,-0.48395264,2.3860474,4.8060474,0.83604735,0.5660474,0.9260474,1.3560474
-0.34395263,0.38604736,1.3460474,0.20604736,-2.2039526,-1.3639526,-1.5539527,-0.8739526,-0.96395266,-1.1939527,-0.20395264,-0.5039526,-2.0239527,-3.5139527,-2.6439526,-2.7739527,-3.0439527,-4.3139524,-3.4739525,-2.2439528,-2.2439528,0.32604736,-1.7539526,-3.5439527,-0.43395263,0.45604736,-0.16395263,-0.78395265,-0.44395265,-0.61395264,-2.1839526,-1.9239526,-1.1039526,0.016047364,0.31604737,-2.5039527,-0.46395263,2.9860473,0.95604736,0.77604735,0.63604736
-0.6439526,-0.20395264,-0.16395263,-0.67395264,-1.6639526,-2.0839527,-2.4439526,-1.5339526,-1.5039526,-1.8739526,-2.5139527,0.11604736,-0.45395264,-0.73395264,-1.5539527,-1.9139526,-3.1839526,-3.5939527,-3.6839526,-4.1739526,-3.9339526,-2.6039526,0.25604737,-2.3839526,-2.5439527,-1.5139526,0.7960474,0.83604735,0.7460474,1.2260474,4.1960473,2.9060473,-0.18395263,1.4160473,-0.99395263,-0.45395264,0.056047365,-1.4539527,-1.3739526,-1.6539526,-0.61395264
-1.1939527,-1.8939526,-0.39395264,-0.84395266,-1.1639526,-1.6239526,-2.4439526,-2.7939527,-2.9339526,-3.1439526,-3.7039526,-3.8539526,-2.1739526,-3.5739527,-1.4039526,-2.4539526,-2.4639525,-3.0939527,-3.6439526,-3.5539527,-3.5639527,-2.7639527,-2.5839527,0.32604736,1.0360473,-1.3039527,-0.96395266,-0.66395265,0.35604736,-0.16395263,1.6860473,2.4960473,0.33604735,-0.55395263,1.7960473,3.0460474,1.5860474,3.8160474,-0.40395263,-1.6839527,-2.1139526
-0.42395264,-0.85395265,-0.9539526,-1.4139526,-1.8239527,-1.9339527,-2.1239526,-2.0939527,-2.7939527,-3.2339525,-3.8839526,-2.7739527,-4.0339527,-3.6939526,-3.5739527,-3.7739527,-2.9139526,-2.6839526,-1.7439526,-3.4639525,-3.3039527,-2.6139526,-2.8339527,-2.9939528,-1.9639527,1.4860474,3.4260473,4.1860476,-2.2039526,1.8560474,2.7660475,1.6560473,1.4360473,0.8560474,0.70604736,-0.55395263,-2.2339525,0.94604737,1.8260474,0.7960474,1.4960474
0.50604737,0.07604736,-0.053952638,-0.44395265,-1.1539526,-1.2839526,-1.6239526,-1.8339527,-1.7739526,-2.8939526,-3.4439526,-3.2839527,-3.2539527,-3.3639526,-3.6339526,-3.4839525,-3.0439527,-2.6439526,-0.58395267,-2.6439526,-3.3939526,-3.9339526,-3.9639525,-3.7139525,-3.3439527,-2.5639527,-3.0739527,4.0960474,4.796047,0.06604736,2.4060473,3.4960473,1.9260473,1.0260473,1.4860474,-0.13395263,-0.66395265,2.8160474,-1.4239526,0.0060473634,-1.0639527
0.69604737,0.19604737,0.71604735,0.07604736,-0.5039526,-0.7639526,-1.6039526,-1.5039526,-2.3239527,-2.6039526,-3.3439527,-3.4239526,-2.7139525,-3.5339527,-4.183953,-3.9839525,-2.6939526,-2.5839527,-0.60395265,-1.7339526,-1.5539527,-3.0839527,-3.6139526,-3.4739525,-3.5039527,-3.2539527,-3.2039526,-2.0939527,0.45604736,2.8160474,4.5060472,5.0060472,2.7260473,3.0660474,2.6260474,2.4660473,-0.30395263,1.7460474,4.316047,2.1860473,-0.23395264
1.9660474,1.3060473,1.2360474,0.89604735,0.18604736,-0.83395267,-1.6739526,-2.1439526,-2.6639526,-2.8039527,-3.2539527,-3.3239527,-3.3939526,-2.8939526,-3.7039526,-3.7839527,-3.4039526,-3.5739527,-2.4739525,-2.8239527,-2.0439527,-2.4539526,-2.2039526,-2.9339526,-3.2939527,-3.0639527,-2.2539527,-3.1539526,-2.9339526,-2.8439527,-2.4539526,2.1760473,2.9060473,1.6960473,2.1860473,2.3860474,1.2560474,-0.6439526,1.8960474,4.106047,3.1260474
2.7760475,2.3960474,1.6860473,0.6760474,0.25604737,-0.083952636,-0.86395264,-1.8939526,-2.0739527,-3.1439526,-2.4439526,-1.3139527,-3.2239525,-3.1839526,-3.3239527,-2.9039526,-3.2239525,-3.3039527,-3.2439528,-2.2539527,-2.4139526,-2.3439527,-2.5639527,-2.1239526,-1.8939526,-2.5239527,-2.3139527,-2.8339527,-0.5739526,-2.1839526,-4.7339525,-6.1139526,-1.4339527,-1.2139527,-1.1639526,0.26604736,2.6260474,2.2060473,3.3160474,1.4160473,0.52604735
1.4460473,1.3160473,1.1760473,1.9060473,1.2460474,-0.41395265,-1.2839526,-1.2139527,-1.9739527,-1.4139526,-1.3339527,-2.0839527,-2.7139525,-2.9139526,-3.0039527,-2.9939528,-2.8239527,-2.6639526,-2.3539526,-2.3739526,-2.1539526,-2.1939526,-2.5739527,-2.2339525,-1.4139526,-1.7839526,-1.6239526,-2.7539527,-2.8339527,-3.1139526,-0.35395265,-3.6439526,-3.9539526,-3.1539526,-0.78395265,-1.1639526,-1.6539526,-0.90395266,-0.25395262,-0.7539526,-1.0839527
2.2160473,1.1360474,1.8760474,1.2660474,0.36604735,-0.32395265,-1.0439526,-1.7739526,-2.2539527,-1.4939526,-0.5639526,-1.4339527,-1.6839527,-2.6839526,-2.4439526,-2.5239527,-2.2039526,-2.7539527,-2.6339526,-2.4339526,-1.8039527,-1.2339526,-0.46395263,-0.74395263,-1.8539526,-1.5039526,-0.71395266,-1.3039527,-2.1339526,-2.5739527,-2.5839527,-1.5639527,0.58604735,1.1060474,-2.1839526,-2.4339526,-1.6839527,-2.2139525,-2.7139525,-1.3239527,-0.123952635
3.0160475,2.4460473,2.7260473,1.9460473,0.47604737,-0.37395263,-1.0139526,-1.6139526,-0.9439526,-1.7239527,-0.27395263,-0.79395264,-1.2439526,-1.3239527,-2.3039527,-2.3539526,-2.1939526,-1.6439526,-1.4339527,-1.5639527,-1.4039526,-1.8639526,-1.5139526,-1.0539527,-1.1839527,-1.2539526,-1.0739527,-0.42395264,-0.21395263,-0.58395267,-0.8939526,-1.0339526,-0.6939526,-0.09395263,-0.7039526,-1.6739526,-2.0139527,-1.6039526,-2.1839526,-0.6239526,-1.1839527
2.3260474,2.4160473,3.3260474,1.5760474,1.0060474,0.16604736,-0.28395262,-0.9539526,-1.7039527,-1.1739526,-0.6939526,-0.96395266,-0.25395262,-2.1639526,-2.6039526,-2.7239525,-2.1039526,-2.0439527,-1.4539527,-1.4239526,-1.1939527,-1.4439527,-1.4639527,-1.5939527,-1.7439526,-1.0039526,-0.80395263,-0.26395264,0.19604737,0.36604735,-0.47395265,-0.59395266,1.6660473,0.046047363,0.76604736,0.12604736,-0.40395263,-1.2839526,-0.83395267,-1.4039526,-0.26395264
