wind_kz.json
{"header": {"discipline":0,"disciplineName":"Meteorological products","gribEdition":2,"gribLength":948,"center":7,"centerName":"US National Weather Service - NCEP(WMC)","subcenter":0,"refTime":"2023-10-01T00:00:00.000Z","significanceOfRT":1,"significanceOfRTName":"Start of forecast","productStatus":0,"productStatusName":"Operational products","productType":1,"productTypeName":"Forecast products","productDefinitionTemplate":0,"productDefinitionTemplateName":"Analysis/forecast at horizontal level/layer at a point in time","parameterCategory":2,"parameterCategoryName":"UnknownDiscipline_0_Category_2","parameterNumber":3,"parameterNumberName":"UnknownParameter_D0_C2_3","parameterUnit":"Unknown","genProcessType":2,"genProcessTypeName":"Forecast","forecastTime":0,"surface1Type":103,"surface1TypeName":"Specified height level above ground","surface1Value":10.0,"surface2Type":255,"surface2TypeName":"Missing","surface2Value":0.0,"gridDefinitionTemplate":0,"gridDefinitionTemplateName":"Latitude_Longitude","numberPoints":615,"shape":6,"shapeName":"Earth spherical with radius of 6,371,229.0 m","gridUnits":"degrees","resolution":48,"winds":"true","scanMode":64,"nx":41,"ny":15,"basicAngle":0,"lo1":47.0,"la1":41.0,"lo2":87.0,"la2":55.0,"dx":1.0,"dy":1.0}, "data":
[rows 0 to 14 of 15, columns 0 to 40 of 41]
0.84378934,-1.4062107,0.7237894,0.9737894,-1.8462106,-3.3262107,-1.2162106,-0.31621063,-0.47621062,0.22378936,-0.23621063,-1.7362106,-1.7262106,-2.1662107,-2.6862106,-0.61621064,-1.6062106,-1.5962106,-0.22621064,-1.8962107,-1.3562106,0.69378936,1.4537894,-1.7062106,-1.5162107,-1.4462106,-1.2562107,0.94378936,0.7337894,1.2137893,-1.6762106,-1.1562107,0.12378937,0.37378937,-1.8362106,-1.5762106,-3.2262106,-2.7262106,-1.5762106,-1.3462106,2.0037894
2.5937893,1.6437894,2.0637894,0.64378935,-1.1662107,-2.5462105,-2.7362106,-0.036210634,-0.7062106,0.18378937,0.023789369,0.06378937,0.16378936,-1.8962107,-2.9562106,-2.5462105,-2.2462106,-0.35621062,-2.2362106,-1.4262106,-0.09621063,0.9237894,2.2537894,1.8337893,0.82378936,1.4737893,-2.5362105,1.8037894,0.14378937,2.1137893,1.8337893,3.9437895,0.19378936,-0.8162106,-3.5062106,-3.2362106,-2.3662107,-3.9862106,-2.2662106,-2.4162107,1.0637894
2.3137894,2.8937893,1.8637893,-0.08621063,-1.2062106,-1.7662107,-0.60621065,-1.8562106,-0.33621064,0.48378935,0.41378936,-0.7162106,0.39378938,-1.1662107,-2.1662107,-2.3962107,-1.4562106,-0.8162106,-1.8562106,0.9337894,1.7137893,0.83378935,2.3837893,1.9137894,2.9237893,2.3337893,2.2937894,1.4537894,0.31378937,1.5837893,4.0437894,1.4937893,1.7637894,-0.6462106,-0.87621063,1.8937894,2.8237894,0.38378936,-0.15621063,-0.13621064,0.12378937
0.76378936,2.0137894,0.7837894,-0.35621062,-2.0762107,-1.1362107,-1.8862107,-2.2862105,-1.4062107,2.0137894,1.4237894,-1.1262107,0.49378937,-1.0562106,-1.5462106,-1.3962107,-1.1862106,-0.16621064,-0.20621063,-0.036210634,2.0937893,3.4037893,4.3437896,2.3537893,2.0037894,2.7337894,3.7737894,0.84378934,2.4537895,4.6337895,4.1937895,-0.67621064,-1.2362106,-1.6762106,-1.1462107,-1.7662107,1.3837894,3.2237895,1.3537893,-0.04621063,1.2237893
-0.036210634,-1.0662106,-1.6562107,-1.7462106,-1.7762107,-1.4662106,-1.3462106,-0.37621063,-2.6162107,0.47378936,1.2437893,0.113789365,-2.0562105,-3.0462105,-2.9062107,-1.8062106,-2.5962107,-2.7162106,-0.65621066,-1.2662107,-0.6362106,-1.0662106,1.5537894,0.12378937,-0.5862106,-2.5762107,-2.5062106,-1.4562106,-2.6562107,-2.7162106,0.14378937,0.9737894,1.8837894,2.3337893,-0.5662106,-0.8862106,-0.5062106,0.38378936,1.4237894,2.6237893,4.0937896
-1.4162107,-2.2362106,-2.5762107,-2.0562105,-3.5462105,-3.1262107,-2.6462107,0.70378935,-0.19621064,0.113789365,1.1837894,-0.15621063,-1.5762106,-3.4762106,-3.6062107,-2.3962107,-2.3762107,-1.0762106,-0.7062106,-1.4062107,-1.0662106,-1.7262106,-1.5062107,-0.036210634,-0.8162106,-0.73621064,-0.066210635,-2.3862107,-0.99621063,-0.22621064,-0.026210632,0.96378934,1.3337893,1.3337893,1.8637893,-0.6462106,1.7537894,0.44378936,-1.6662107,-1.6162106,3.5337894
-2.5162106,-2.5662107,-2.6162107,-2.0962107,-3.3462107,-3.5262105,-3.6262107,-3.6862106,-2.7462106,-0.98621064,1.3737893,0.6137894,-0.53621066,-1.3262106,-3.0162106,-4.0362105,-1.1462107,-2.4562106,-4.5862107,-2.6662107,-2.9662106,-1.5362107,1.7637894,0.7437894,2.5237894,0.50378937,0.033789366,-0.53621066,-1.5062107,-1.1762106,-1.3962107,-2.2262106,-2.7362106,-0.5762106,-0.17621063,-0.026210632,-1.6062106,0.69378936,-0.19621064,-0.006210632,-1.1962106
-2.2662106,-2.4562106,-2.3762107,-2.8862107,-3.6262107,-3.4462106,-3.5362105,-3.3462107,-2.9262106,-2.0962107,1.1937894,1.5137894,-0.20621063,-0.65621066,-2.1162107,-1.6662107,-2.7362106,-1.4562106,-1.0662106,-1.8562106,-1.5562106,-3.8462107,-4.3962107,-1.2262106,2.8237894,2.3637893,1.9937893,-0.42621064,-0.5862106,-2.4062107,-1.9562106,-2.4362106,-3.1062107,-2.9362106,0.5537894,-1.4962106,-2.2762105,-0.6362106,0.83378935,0.13378936,-0.54621065
-1.6162106,-2.3062105,-2.5062106,-3.2862105,-3.2662106,-3.4462106,-3.7562106,-3.6062107,-3.5262105,-2.6962106,-0.68621063,-0.41621062,0.18378937,-0.29621065,0.6637894,-0.61621064,-1.6462107,-1.0062107,-0.026210632,-0.44621062,-2.8062105,2.2937894,1.5937893,-0.85621065,0.9337894,1.0337894,0.75378937,1.0637894,0.52378935,-0.32621062,-1.4962106,-1.9062107,-1.6362107,-2.3162107,-2.2362106,-1.8662106,-2.6462107,0.7437894,2.8137894,1.3237894,1.3137894
-1.1162106,-1.7262106,-2.5562105,-2.3062105,-2.4962106,-2.9562106,-2.9262106,-3.6862106,-3.5262105,-2.5462105,-1.5062107,-1.6562107,-1.5562106,-2.4462106,-2.4962106,-2.4662106,-2.3762107,-1.2862107,-0.87621063,-0.006210632,-1.7662107,-1.4562106,-1.7862107,-0.8962106,0.28378937,1.3237894,0.58378935,0.65378934,1.4137894,0.6637894,-0.09621063,0.08378937,-1.0362107,0.8637894,-0.9462106,-1.0162107,0.33378938,0.56378937,2.4737895,2.8537893,2.6437893
0.24378937,-1.1462107,-1.9262106,-2.4862106,-2.3062105,-1.8962107,-2.2462106,-1.3062106,-1.9762106,-2.4662106,-2.4762106,-1.9962106,-2.1662107,-1.0662106,-2.2762105,-1.6062106,-1.8562106,-1.9162107,-0.11621063,-0.36621064,-1.3662106,-1.9062107,-1.0362107,-0.6362106,-0.32621062,1.4937893,-0.20621063,-0.6362106,1.1037893,-0.8162106,-0.29621065,-1.2262106,-2.1962106,-0.27621064,-0.26621065,-0.5162106,-1.5462106,-1.7062106,-1.1762106,1.4637893,1.1137893
1.3437893,0.58378935,-0.08621063,-0.8362106,-1.0662106,-0.9662106,-1.6262107,-1.1462107,-1.4862106,-1.0662106,-0.91621065,-2.5262105,-2.3262107,-1.6762106,-1.6862106,-1.5262107,-1.5062107,-1.7362106,0.22378936,0.21378937,-0.7562106,-1.5062107,-1.1962106,-1.1462107,-0.42621064,-0.8362106,-0.056210633,0.69378936,-0.16621064,-0.36621064,-1.9362106,-2.8062105,-2.1462107,-2.6962106,-1.3362106,-0.9662106,0.17378937,0.44378936,1.3237894,1.3637893,-0.006210632
2.5137894,2.5437894,1.5537894,0.87378937,0.28378937,-0.35621062,-0.80621064,-0.43621063,-0.20621063,0.06378937,-0.5762106,-0.68621063,-2.5562105,-2.4862106,-2.2662106,-2.0362105,-1.9362106,-1.8362106,-0.04621063,0.83378935,0.40378937,-0.68621063,-1.1662107,-0.5062106,-0.61621064,-0.23621063,-0.5162106,-1.5962106,-1.8362106,-1.8062106,-2.2362106,-2.9762106,-3.4862106,-3.0062106,-3.6362107,-3.3362107,-3.1562107,-2.0962107,-1.6962106,-2.2362106,-2.3062105
3.3737893,3.2937894,3.5237894,3.0437894,1.6037893,0.96378934,0.21378937,0.58378935,0.21378937,2.0437894,0.9737894,0.56378937,-1.3562106,-1.8962107,-2.3362107,-1.9562106,-1.1362107,-0.79621065,-0.22621064,0.34378937,0.073789366,-1.3662106,-0.20621063,-0.44621062,0.62378937,-0.39621064,-0.43621063,-0.8162106,-1.2862107,-2.0262105,-2.1562107,-2.4762106,-2.4262106,-2.3962107,-2.4762106,-3.0462105,-3.1062107,-3.3862107,-3.1662107,-2.9662106,-3.8062105
2.8937893,4.0237894,4.7937894,3.4237893,3.1737893,2.6237893,1.4037894,1.5437894,1.9237894,0.21378937,0.29378936,1.2737894,1.3437893,0.29378936,-1.1362107,-1.7762107,-1.8662106,-1.0262107,-0.98621064,-0.026210632,-0.34621063,-0.5662106,-0.5862106,-0.5862106,-0.09621063,0.10378937,0.31378937,-0.016210632,-0.40621063,-0.79621065,-1.7862107,-1.6162106,-1.3362106,-1.7762107,-1.8562106,-2.1262107,-2.1962106,-2.1462107,-2.1262107,-2.8562107,-2.4362106
