wind.json
{"header": {"discipline":0,"disciplineName":"Meteorological products","gribEdition":2,"gribLength":1125,"center":7,"centerName":"US National Weather Service - NCEP(WMC)","subcenter":0,"refTime":"2023-07-01T12:00:00.000Z","significanceOfRT":1,"significanceOfRTName":"Start of forecast","productStatus":0,"productStatusName":"Operational products","productType":1,"productTypeName":"Forecast products","productDefinitionTemplate":0,"productDefinitionTemplateName":"Analysis/forecast at horizontal level/layer at a point in time","parameterCategory":2,"parameterCategoryName":"UnknownDiscipline_0_Category_2","parameterNumber":2,"parameterNumberName":"UnknownParameter_D0_C2_2","parameterUnit":"Unknown","genProcessType":2,"genProcessTypeName":"Forecast","forecastTime":60,"surface1Type":103,"surface1TypeName":"Specified height level above ground","surface1Value":10.0,"surface2Type":255,"surface2TypeName":"Missing","surface2Value":0.0,"gridDefinitionTemplate":0,"gridDefinitionTemplateName":"Latitude_Longitude","numberPoints":688,"shape":6,"shapeName":"Earth spherical with radius of 6,371,229.0 m","gridUnits":"degrees","resolution":48,"winds":"true","scanMode":64,"nx":43,"ny":16,"basicAngle":0,"lo1":45.0,"la1":40.0,"lo2":87.0,"la2":55.0,"dx":1.0,"dy":1.0}, "data":
[rows 0 to 15 of 16, columns 0 to 42 of 43]
-3.962407,-0.17240722,1.1575928,-2.0024073,-0.94240725,-1.1824073,0.24759278,-2.6724072,-4.882407,-6.2024074,-2.6324072,-4.862407,-3.8524072,-6.022407,-6.1424074,-4.1424074,-3.2924073,-2.5324073,-2.0024073,-4.8524075,-3.0424073,-2.6724072,-3.1924071,-0.08240723,2.2475927,0.5875928,0.19759278,-0.102407224,-0.51240724,0.19759278,1.4175928,0.32759276,-0.58240724,0.8775928,-1.7424072,0.5875928,-2.7224073,-3.3724072,-0.46240723,-1.3124073,-1.3424072,-0.77240723,-2.1724072
1.6275928,0.18759277,-1.0024072,-1.5624073,0.79759276,-1.8924072,-3.1924071,-2.712407,-4.272407,-4.1824074,-5.2024074,-3.6724072,-3.5724072,-3.3024073,-3.2524073,-2.8024073,-2.0124073,-2.3724072,-1.4424073,-0.2624072,-3.1124072,-0.15240723,0.38759276,0.9575928,-0.32240722,-0.052407227,-0.15240723,-2.0824072,-2.8124073,-0.22240722,0.7175928,0.86759275,1.2175927,1.2475928,1.9875928,2.2175927,1.8875928,-4.5124073,-1.0424073,-1.3024073,-1.2624072,-2.6524072,-3.3124073
-0.30240723,-1.8424072,1.3275927,0.66759276,-2.2424073,-3.1024072,-2.5524073,-2.1124072,-2.9524071,-5.0124073,-3.4124072,-2.1724072,-1.0824072,-2.4324071,-1.5724072,-2.2724073,-0.9724072,-0.41240722,0.27759278,-1.4224073,-0.45240724,-0.18240723,0.27759278,-0.76240724,-0.63240725,-2.1324072,0.41759276,0.5075928,-0.8724072,-0.5424072,-0.9024072,-0.44240722,0.08759277,-0.2924072,0.31759277,-2.1824071,0.68759274,-0.37240723,-0.89240724,0.8975928,-0.17240722,0.93759274,-0.83240724
-0.11240723,-0.07240722,0.027592773,-3.5224073,-3.9724073,-3.2724073,-3.0724072,-5.2424073,-3.6924071,-2.0424073,-0.45240724,2.1175928,3.5775928,3.9075928,1.9575927,1.9075928,1.0375928,0.33759278,-0.11240723,0.73759276,1.6675928,2.6975927,1.7675928,2.0675929,-2.7824073,-2.0224073,1.1975927,1.0275928,2.9875927,1.4175928,-2.7724073,0.20759277,-0.37240723,2.0575929,-0.6224072,-0.23240723,0.4575928,0.22759277,0.4875928,0.09759277,0.80759275,2.2675927,0.22759277
-2.3024073,-2.7524073,-2.8324072,-2.9724073,-2.8924072,-2.5724072,-3.3624072,-2.5424073,-0.7824072,-1.4124073,0.10759278,1.0675927,0.34759277,1.7775928,3.4475927,3.8975928,2.8775928,2.8275928,2.4375927,2.6675928,2.6575928,2.9975927,2.6475928,0.9675928,3.6975927,3.1575928,2.9775927,2.3475928,2.9775927,0.057592772,4.347593,1.8575928,1.4575927,-0.8424072,1.1075928,-2.7824073,-3.462407,-1.8724072,-1.2124072,0.9475928,1.4975928,0.9675928,2.2375927
-1.0224072,-1.0024072,-0.32240722,0.14759277,1.2775928,1.0475928,-0.96240723,-1.0024072,0.09759277,1.5475928,2.7175927,2.7675927,2.7375927,3.2075927,3.4975927,3.3075929,3.8975928,3.9375927,3.4675927,3.3275928,3.4475927,4.287593,2.9675927,1.5375928,2.8175929,2.5875928,2.9375927,2.2375927,2.4675927,3.4875927,3.9475927,3.3375928,3.2775927,0.24759278,-2.0724072,1.0975928,4.3575926,2.1475928,3.037593,-1.3424072,0.67759275,2.6475928,1.4275928
0.27759278,0.97759277,1.4875928,2.287593,3.6275928,3.3875928,2.8575928,2.5075927,3.8175929,3.2475927,2.1275928,3.6175928,2.0475929,1.3475928,0.31759277,1.3975928,2.8375928,2.3675928,2.8875928,3.287593,3.0075927,4.327593,3.6375928,3.5475929,3.0475929,0.92759275,2.4575927,2.8875928,4.6275926,5.267593,4.2375927,3.7775927,4.2175927,2.4575927,0.8275928,0.35759276,0.21759278,-1.8324072,1.7475928,2.0175927,6.827593,-1.4724072,-2.9824073
-3.3624072,-2.0224073,-1.9024072,2.4175928,3.3175929,4.497593,4.5475926,5.097593,4.557593,2.8975928,2.3675928,1.7575928,1.6975927,2.7175927,2.4375927,2.9175928,3.6975927,3.5875928,3.8275928,3.5175927,3.6175928,3.1175928,2.9675927,2.4375927,3.4775927,0.16759278,0.09759277,1.6675928,1.9675927,2.9175928,2.0275927,2.6075928,2.1875927,-0.81240726,-0.40240723,1.9875928,-1.1624073,-1.1324072,-0.7424072,2.7575927,0.6275928,0.13759278,0.33759278
-0.81240726,-1.2324072,-0.69240725,-0.9924072,-0.22240722,0.0075927735,2.9875927,-0.83240724,-1.7424072,-1.6124072,1.0775927,-0.56240726,1.0975928,3.6475928,3.8275928,2.9975927,3.9675927,4.267593,4.557593,4.0675926,3.2775927,2.5675929,3.0675929,2.4575927,3.1875927,0.9475928,1.0475928,1.3975928,1.8975928,3.3775928,-0.6824072,-0.32240722,-1.8224072,-3.5924072,-0.81240726,-0.9024072,-1.0924072,1.7775928,2.3675928,4.637593,2.2375927,1.5675927,-0.5324072
0.24759278,0.74759275,0.97759277,1.3875928,0.30759278,0.60759276,0.97759277,0.017592773,-0.33240724,0.9075928,-0.6024072,1.6575928,3.1675928,3.1375928,3.0475929,3.8675928,4.037593,4.707593,2.6575928,1.4775928,3.2175927,4.3975925,2.5075927,3.0975928,2.9275928,2.6575928,1.9975928,1.2175927,1.9675927,-0.34240723,2.2975929,-2.0224073,-2.9824073,-2.2824073,-1.7924073,-0.81240726,2.7575927,1.5775927,0.5875928,-1.6624073,0.31759277,0.8975928,-0.7424072
1.6275928,1.3775928,0.98759276,2.0075927,1.5975928,0.7575928,1.4475927,2.0775928,2.8975928,-0.7824072,1.4075928,2.7075927,3.0775928,2.1075928,2.5175927,3.6075928,3.6275928,3.4375927,2.4375927,3.0775928,2.3575928,2.7175927,2.9775927,3.7175927,3.5175927,3.8175929,3.8675928,3.8575928,3.0075927,2.9175928,1.3475928,-5.092407,-3.9024072,-3.5724072,-3.0324073,-0.8424072,0.98759276,0.6975928,-0.70240724,-0.46240723,-1.0024072,0.5775928,0.34759277
0.9675928,1.9075928,0.9575928,1.2275928,1.6575928,1.0275928,1.3175927,1.5275928,0.8175928,1.4775928,1.9675927,1.6075928,1.8675928,2.1675928,3.2475927,2.5275927,2.0475929,1.3775928,2.1875927,2.6075928,0.78759277,-2.2724073,0.86759275,2.7475927,4.307593,2.8675928,3.1975927,-0.49240723,-3.0424073,-4.592407,-5.8924074,-6.2024074,-4.862407,-4.172407,-2.9924073,-3.212407,-1.7424072,-1.1124072,-1.0624073,-1.1324072,-0.7224072,0.047592774,-0.36240724
1.7575928,1.4475927,1.3475928,1.9475927,2.6975927,1.7875928,1.8875928,1.7175927,1.6175928,1.2575928,1.7875928,1.3475928,0.22759277,2.4975927,1.7675928,1.4275928,2.3875928,1.9375927,1.9675927,1.9975928,1.5175928,-0.2924072,1.2375928,2.9175928,2.5175927,-1.4824072,-4.132407,-4.212407,-6.2024074,-6.272407,-5.8224072,-5.382407,-3.4924073,-3.1324072,-2.3624072,-3.3924072,-2.7224073,-2.9124072,-3.1024072,-1.1324072,-0.82240725,-0.5424072,-0.63240725
1.2175927,1.9275928,1.7675928,1.6175928,2.4375927,2.6775928,2.4475927,1.1675928,1.4675927,1.0775927,1.5275928,0.15759277,0.047592774,1.5875927,1.4875928,0.8775928,1.6175928,1.3175927,-0.24240723,1.6975927,0.8975928,-0.42240724,-0.34240723,-0.09240723,-1.0524073,-1.6124072,-4.382407,-5.3224072,-3.8524072,-4.192407,-3.9524071,-3.4524071,-2.462407,-2.3024073,-2.3024073,-2.7724073,-2.1724072,-2.2824073,-2.2024071,-1.2924073,-2.3224072,-1.4324073,-1.0824072
2.7375927,1.4475927,2.7175927,2.287593,2.7475927,2.7275927,1.7875928,0.73759276,1.0675927,1.9275928,1.2275928,0.55759275,0.61759275,0.5075928,1.8575928,1.7175927,1.5575927,0.5775928,0.6475928,1.7875928,0.79759276,-1.7624072,-1.6424072,0.0075927735,-0.7924072,-2.462407,-2.5624073,-4.252407,-3.5024073,-3.7824073,-3.4324071,-2.9224072,-2.1324072,-2.4224072,-2.9724073,-3.1124072,-2.1724072,-2.8724072,-2.2024071,-1.9624072,-1.9924072,-0.9924072,-0.8624072
3.5175927,2.5275927,1.6675928,2.7575927,2.9175928,2.8175929,2.3675928,1.1275928,0.92759275,0.7675928,1.8875928,0.68759274,0.30759278,-0.18240723,1.0975928,1.6375928,1.3975928,0.86759275,0.20759277,-0.9324072,0.0075927735,-0.6824072,-0.33240724,0.2675928,-0.36240724,-1.6924073,-4.152407,-3.8824072,-3.8424072,-2.8624072,-3.0824072,-3.1624072,-3.5524073,-3.6824071,-3.5024073,-3.4124072,-2.6024072,-2.712407,-2.3624072,-2.5324073,-1.3324072,-1.9324073,-1.2724072
