wind_kz.json
{"header": {"discipline":0,"disciplineName":"Meteorological products","gribEdition":2,"gribLength":871,"center":7,"centerName":"US National Weather Service - NCEP(WMC)","subcenter":0,"refTime":"2024-01-31T00:00:00.000Z","significanceOfRT":1,"significanceOfRTName":"Start of forecast","productStatus":0,"productStatusName":"Operational products","productType":1,"productTypeName":"Forecast products","productDefinitionTemplate":0,"productDefinitionTemplateName":"Analysis/forecast at horizontal level/layer at a point in time","parameterCategory":0,"parameterCategoryName":"UnknownDiscipline_0_Category_0","parameterNumber":0,"parameterNumberName":"UnknownParameter_D0_C0_0","parameterUnit":"Unknown","genProcessType":2,"genProcessTypeName":"Forecast","forecastTime":300,"surface1Type":1,"surface1TypeName":"Ground or water surface","surface1Value":0.0,"surface2Type":255,"surface2TypeName":"Missing","surface2Value":0.0,"gridDefinitionTemplate":0,"gridDefinitionTemplateName":"Latitude_Longitude","numberPoints":615,"shape":6,"shapeName":"Earth spherical with radius of 6,371,229.0 m","gridUnits":"degrees","resolution":48,"winds":"true","scanMode":64,"nx":41,"ny":15,"basicAngle":0,"lo1":47.0,"la1":41.0,"lo2":87.0,"la2":55.0,"dx":1.0,"dy":1.0}, "data":
[rows 0 to 14 of 15, columns 0 to 40 of 41]
287.80185,277.40186,281.10187,280.10187,280.30185,281.90186,285.10187,286.20184,282.60187,282.80185,281.20184,281.50186,280.50186,279.60187,278.60187,277.50186,276.90186,275.80185,277.50186,275.50186,276.30185,276.20184,276.30185,273.90186,278.70184,281.20184,276.30185,266.50186,259.60187,262.20184,257.40186,256.80185,264.20184,273.40186,272.90186,271.70184,274.90186,274.40186,273.70184,272.60187,272.80185
267.10187,281.60187,279.90186,279.70184,280.20184,280.70184,284.80185,282.10187,279.90186,279.60187,280.60187,278.80185,278.00186,277.30185,277.30185,276.60187,277.20184,275.80185,274.30185,274.20184,276.40186,274.50186,273.40186,269.00186,264.90186,263.20184,270.40186,266.20184,264.30185,261.70184,263.70184,253.20186,265.30185,250.20186,249.30185,264.30185,268.90186,270.80185,270.60187,266.70184,269.50186
283.70184,278.20184,280.00186,280.20184,280.10187,282.20184,281.40186,279.90186,278.90186,278.90186,278.50186,277.70184,277.00186,276.60187,273.30185,272.90186,272.60187,272.20184,272.20184,272.40186,273.80185,275.60187,271.70184,265.30185,269.30185,267.00186,268.30185,269.20184,268.70184,262.10187,258.20184,258.10187,262.50186,259.00186,262.20184,262.40186,255.20186,253.50186,256.30185,253.20186,252.60185
282.30185,275.70184,277.80185,278.90186,279.80185,280.40186,279.60187,278.50186,279.60187,277.40186,276.90186,276.10187,281.00186,281.60187,272.60187,272.60187,272.10187,272.00186,271.60187,272.00186,270.80185,261.10187,270.70184,269.20184,270.40186,271.40186,271.20184,266.20184,266.00186,267.40186,267.00186,265.70184,270.60187,269.70184,264.90186,263.80185,252.10185,252.30185,257.30185,258.00186,258.70184
277.90186,272.90186,272.30185,272.50186,276.00186,279.20184,278.00186,278.50186,275.30185,274.50186,273.70184,272.60187,278.80185,278.70184,277.90186,269.20184,269.50186,269.50186,268.50186,265.60187,268.30185,269.50186,267.30185,268.50186,267.80185,266.90186,264.30185,267.60187,268.30185,267.70184,269.80185,267.90186,256.00186,250.60185,258.80185,261.80185,262.80185,264.40186,264.40186,262.50186,262.50186
276.20184,276.00186,271.50186,271.00186,270.90186,271.20184,277.00186,275.80185,275.40186,273.20184,271.80185,271.50186,277.60187,278.70184,265.00186,266.00186,263.50186,264.10187,262.70184,264.70184,260.30185,260.80185,261.20184,258.30185,260.00186,256.80185,264.60187,264.60187,265.50186,264.40186,262.00186,266.40186,260.00186,258.90186,260.00186,261.70184,252.20186,250.50186,257.20184,256.30185,256.30185
274.70184,275.30185,275.90186,275.00186,270.80185,272.90186,272.40186,268.90186,266.20184,265.60187,262.30185,260.80185,261.60187,261.70184,261.00186,263.00186,259.60187,259.00186,257.50186,255.90186,254.80185,255.90186,255.40186,255.30185,253.80185,252.70186,250.10185,255.00186,256.00186,256.20184,252.90186,251.90186,253.20186,250.80185,250.70186,251.50186,249.50186,251.50186,243.60185,249.70186,249.50186
275.40186,275.20184,273.80185,273.80185,273.50186,272.70184,271.50186,266.50186,264.20184,262.20184,261.00186,260.10187,257.10187,256.90186,258.00186,258.60187,256.70184,256.70184,255.60185,254.80185,252.50186,252.60185,251.30185,251.80185,251.50186,248.00186,249.40186,248.00186,246.70186,246.50186,245.30185,250.30185,245.70186,246.30185,246.90186,247.10185,247.30185,250.90186,249.30185,250.40186,248.60185
274.50186,273.90186,273.50186,272.20184,270.30185,269.50186,268.80185,264.70184,263.30185,259.80185,258.60187,256.90186,255.80185,256.20184,254.90186,256.00186,255.90186,256.90186,254.40186,252.60185,250.80185,250.50186,250.20186,249.10185,246.90186,249.30185,246.90186,246.20186,244.10185,245.50186,245.50186,247.40186,256.00186,260.50186,255.70186,247.90186,247.90186,249.00186,237.50186,243.50186,237.10185
270.00186,269.40186,268.90186,268.70184,267.10187,264.10187,263.00186,260.60187,259.50186,258.90186,255.40186,255.40186,255.80185,253.60185,252.60185,254.20186,254.30185,254.70186,252.60185,250.50186,248.30185,248.80185,248.40186,247.70186,247.00186,247.10185,248.10185,249.90186,250.50186,251.30185,253.10185,257.90186,261.40186,261.80185,260.90186,252.80185,253.20186,248.00186,247.60185,246.10185,242.00186
267.30185,266.60187,265.70184,264.30185,264.40186,263.10187,262.10187,261.40186,259.20184,255.40186,255.00186,256.20184,255.60185,254.00186,251.80185,252.50186,251.90186,252.50186,250.30185,248.40186,249.20186,247.80185,247.20186,246.50186,246.20186,246.30185,247.60185,249.40186,252.00186,255.50186,255.60185,257.60187,257.60187,259.00186,258.70184,260.90186,256.60187,249.60185,249.20186,255.80185,251.30185
267.10187,266.40186,265.40186,264.20184,262.70184,262.70184,261.10187,260.00186,257.20184,255.70186,261.00186,256.90186,254.60185,254.20186,254.90186,253.10185,251.70186,251.90186,249.60185,250.30185,248.40186,247.60185,246.90186,246.20186,247.70186,247.10185,247.30185,250.10185,252.10185,252.50186,253.90186,256.30185,258.00186,257.70184,258.10187,259.40186,259.70184,260.90186,261.30185,259.50186,260.20184
267.10187,266.10187,266.30185,265.20184,264.50186,264.00186,263.00186,260.40186,257.60187,257.90186,265.00186,262.00186,254.90186,256.20184,256.80185,254.60185,253.90186,252.50186,251.90186,250.10185,250.20186,248.30185,249.90186,247.20186,247.90186,247.30185,248.80185,246.40186,247.30185,249.30185,251.50186,255.10185,257.60187,258.60187,257.70184,258.00186,258.60187,260.10187,259.50186,259.80185,260.30185
269.00186,268.10187,266.90186,266.30185,264.50186,264.10187,262.70184,261.20184,261.80185,259.20184,264.10187,263.20184,259.40186,256.10187,256.00186,256.20184,255.40186,253.90186,251.20186,252.10185,250.50186,249.60185,247.80185,246.80185,245.40186,244.40186,243.80185,245.10185,245.90186,246.60185,247.40186,248.10185,252.50186,255.70186,258.20184,257.90186,258.60187,259.10187,259.30185,258.60187,260.00186
269.90186,269.10187,267.40186,266.70184,265.50186,265.00186,264.60187,263.80185,263.20184,261.30185,261.70184,261.80185,262.00186,262.10187,259.50186,257.70184,257.00186,256.20184,255.00186,252.90186,250.60185,248.50186,247.20186,246.80185,246.40186,245.30185,244.30185,245.00186,245.50186,245.50186,245.70186,246.10185,246.10185,250.50186,253.40186,255.60185,259.10187,258.40186,259.70184,260.20184,260.60187
