wind_kz.json
{"header": {"discipline":0,"disciplineName":"Meteorological products","gribEdition":2,"gribLength":871,"center":7,"centerName":"US National Weather Service - NCEP(WMC)","subcenter":0,"refTime":"2023-09-07T00:00:00.000Z","significanceOfRT":1,"significanceOfRTName":"Start of forecast","productStatus":0,"productStatusName":"Operational products","productType":1,"productTypeName":"Forecast products","productDefinitionTemplate":0,"productDefinitionTemplateName":"Analysis/forecast at horizontal level/layer at a point in time","parameterCategory":0,"parameterCategoryName":"UnknownDiscipline_0_Category_0","parameterNumber":0,"parameterNumberName":"UnknownParameter_D0_C0_0","parameterUnit":"Unknown","genProcessType":2,"genProcessTypeName":"Forecast","forecastTime":240,"surface1Type":1,"surface1TypeName":"Ground or water surface","surface1Value":0.0,"surface2Type":255,"surface2TypeName":"Missing","surface2Value":0.0,"gridDefinitionTemplate":0,"gridDefinitionTemplateName":"Latitude_Longitude","numberPoints":615,"shape":6,"shapeName":"Earth spherical with radius of 6,371,229.0 m","gridUnits":"degrees","resolution":48,"winds":"true","scanMode":64,"nx":41,"ny":15,"basicAngle":0,"lo1":47.0,"la1":41.0,"lo2":87.0,"la2":55.0,"dx":1.0,"dy":1.0}, "data":
[rows 0 to 14 of 15, columns 0 to 40 of 41]
289.06744,280.56744,283.86743,297.16742,297.46744,296.06744,293.16742,292.56744,290.66742,290.26743,289.16742,290.86743,290.56744,290.76743,290.56744,289.56744,289.56744,290.26743,289.26743,289.26743,290.96744,289.36743,287.06744,285.66742,288.86743,289.56744,288.56744,276.06744,274.66742,273.16742,273.46744,275.96744,284.86743,288.66742,289.86743,289.76743,289.06744,289.26743,289.46744,288.36743,288.36743
270.76743,287.76743,296.36743,296.66742,296.66742,295.06744,290.56744,289.26743,288.16742,288.06744,289.36743,288.36743,287.36743,287.06744,288.86743,289.16742,288.66742,287.16742,287.06744,287.46744,290.06744,288.66742,288.26743,284.86743,274.26743,274.26743,282.36743,275.06744,273.96744,269.66742,278.06744,270.96744,278.16742,257.46744,273.86743,287.76743,286.16742,289.66742,292.66742,284.46744,283.96744
284.96744,295.96744,296.66742,296.56744,294.16742,291.06744,291.66742,288.16742,286.96744,286.76743,286.16742,288.26743,287.06744,287.26743,287.76743,286.16742,285.56744,284.96744,284.96744,285.86743,289.36743,288.66742,289.26743,282.36743,283.26743,283.76743,284.06744,282.56744,282.26743,276.66742,272.36743,271.96744,275.96744,275.86743,277.56744,277.86743,272.46744,272.86743,273.16742,270.06744,269.66742
286.36743,295.46744,296.66742,295.86743,292.16742,287.56744,288.06744,287.16742,288.76743,287.36743,286.16742,286.36743,293.06744,292.46744,291.16742,288.96744,287.96744,286.06744,287.06744,287.36743,291.06744,282.36743,285.86743,286.36743,286.56744,286.26743,286.86743,286.26743,282.56744,282.46744,282.96744,279.46744,284.36743,280.96744,282.26743,279.96744,268.66742,270.26743,274.76743,285.66742,287.56744
288.76743,294.06744,294.96744,293.76743,291.06744,287.46744,288.46744,289.56744,288.16742,288.46744,289.66742,289.16742,292.36743,291.06744,289.46744,291.86743,288.66742,288.26743,285.86743,288.26743,288.26743,289.36743,287.36743,286.06744,286.06744,286.66742,284.96744,287.26743,284.66742,285.06744,286.06744,282.06744,273.46744,264.06744,276.76743,284.26743,288.66742,287.16742,289.96744,291.06744,289.76743
287.66742,286.46744,292.86743,292.46744,292.76743,292.26743,288.06744,290.36743,288.46744,288.66742,289.66742,290.46744,291.66742,292.46744,290.06744,288.86743,291.76743,291.26743,290.26743,288.76743,288.46744,286.26743,285.46744,285.76743,285.16742,283.76743,285.36743,290.86743,285.96744,286.26743,285.46744,285.66742,283.76743,281.36743,279.36743,284.56744,274.46744,277.06744,282.26743,285.76743,285.76743
285.36743,285.36743,287.26743,287.96744,290.56744,289.26743,290.16742,288.86743,289.76743,289.56744,288.96744,289.76743,290.46744,289.36743,288.36743,289.36743,289.36743,289.06744,289.36743,287.76743,286.96744,287.26743,287.26743,286.66742,284.46744,283.76743,282.56744,283.56744,283.56744,283.36743,283.26743,283.36743,283.76743,284.36743,282.36743,280.66742,275.96744,272.56744,272.86743,270.66742,281.26743
287.16742,285.86743,286.76743,288.96744,289.76743,289.66742,289.96744,289.36743,287.96744,288.06744,288.16742,288.46744,289.66742,289.36743,290.16742,290.06744,289.46744,289.06744,288.76743,285.96744,285.36743,285.46744,284.66742,283.56744,282.56744,279.86743,279.76743,280.06744,278.76743,280.36743,279.76743,280.46744,280.06744,278.86743,277.96744,278.86743,280.56744,288.96744,281.76743,282.36743,279.56744
286.86743,284.16742,285.56744,285.96744,290.36743,289.86743,290.16742,290.56744,289.16742,287.96744,288.36743,288.16742,288.16742,288.66742,288.56744,289.86743,288.66742,288.26743,286.86743,285.26743,282.86743,281.86743,282.36743,282.06744,280.06744,280.66742,278.36743,277.46744,276.26743,275.76743,280.36743,280.36743,279.96744,279.96744,278.16742,277.06744,276.96744,277.06744,271.96744,271.76743,267.56744
286.46744,287.26743,287.26743,286.46744,286.56744,287.56744,289.06744,285.96744,287.66742,288.56744,287.16742,286.16742,287.76743,287.46744,288.16742,288.06744,288.36743,286.36743,287.06744,285.06744,282.06744,280.96744,281.76743,281.36743,285.26743,280.26743,279.36743,278.46744,281.66742,282.16742,279.56744,280.76743,281.76743,281.06744,279.46744,278.26743,278.76743,274.06744,271.66742,274.16742,271.56744
286.56744,287.96744,289.66742,284.26743,287.06744,285.46744,285.46744,284.76743,288.26743,286.06744,284.56744,286.16742,286.76743,286.66742,286.76743,284.86743,287.36743,287.66742,287.66742,286.56744,284.76743,282.46744,281.16742,281.06744,285.26743,283.96744,279.36743,283.56744,279.36743,279.96744,281.96744,282.26743,281.86743,281.96744,280.66742,279.16742,277.26743,274.76743,277.96744,276.96744,275.06744
285.86743,285.46744,284.36743,283.96744,286.06744,285.16742,283.76743,282.66742,286.96744,287.66742,285.46744,284.26743,286.56744,285.06744,285.06744,283.96744,284.06744,282.86743,287.36743,284.56744,284.46744,283.66742,283.36743,283.26743,279.66742,285.26743,285.26743,286.16742,281.56744,282.16742,282.06744,282.46744,282.46744,281.06744,281.56744,281.46744,281.96744,281.96744,279.96744,281.26743,281.26743
291.16742,286.86743,285.56744,284.16742,287.76743,286.46744,282.36743,285.96744,281.66742,280.76743,283.46744,282.96744,281.66742,282.46744,283.36743,286.46744,287.46744,287.66742,286.26743,283.66742,281.46744,280.66742,280.06744,280.06744,279.26743,280.96744,286.56744,281.26743,281.06744,281.26743,281.96744,281.86743,281.76743,281.26743,281.66742,282.26743,283.36743,283.66742,282.76743,281.86743,282.36743
288.16742,289.26743,287.06744,285.86743,284.76743,287.46744,282.66742,282.96744,281.86743,282.66742,284.16742,283.26743,283.66742,285.86743,282.96744,283.36743,284.76743,286.16742,283.26743,282.66742,282.66742,284.66742,281.76743,281.06744,280.86743,284.46744,284.16742,281.06744,280.56744,281.06744,281.56744,281.26743,280.56744,279.96744,280.96744,281.66742,281.86743,280.76743,281.06744,281.86743,280.76743
287.16742,289.56744,288.16742,285.26743,284.86743,284.86743,287.66742,286.66742,283.76743,282.36743,282.96744,281.86743,283.86743,284.76743,282.36743,283.56744,283.06744,282.66742,283.36743,284.86743,286.26743,285.66742,281.86743,281.16742,283.96744,280.36743,280.96744,280.06744,279.86743,280.06744,281.16742,282.06744,279.86743,279.86743,279.16742,283.36743,280.76743,279.56744,279.86743,281.26743,281.06744
