wind_kz.json
{"header": {"discipline":0,"disciplineName":"Meteorological products","gribEdition":2,"gribLength":1025,"center":7,"centerName":"US National Weather Service - NCEP(WMC)","subcenter":0,"refTime":"2024-04-08T00:00:00.000Z","significanceOfRT":1,"significanceOfRTName":"Start of forecast","productStatus":0,"productStatusName":"Operational products","productType":1,"productTypeName":"Forecast products","productDefinitionTemplate":0,"productDefinitionTemplateName":"Analysis/forecast at horizontal level/layer at a point in time","parameterCategory":2,"parameterCategoryName":"UnknownDiscipline_0_Category_2","parameterNumber":2,"parameterNumberName":"UnknownParameter_D0_C2_2","parameterUnit":"Unknown","genProcessType":2,"genProcessTypeName":"Forecast","forecastTime":0,"surface1Type":103,"surface1TypeName":"Specified height level above ground","surface1Value":10.0,"surface2Type":255,"surface2TypeName":"Missing","surface2Value":0.0,"gridDefinitionTemplate":0,"gridDefinitionTemplateName":"Latitude_Longitude","numberPoints":615,"shape":6,"shapeName":"Earth spherical with radius of 6,371,229.0 m","gridUnits":"degrees","resolution":48,"winds":"true","scanMode":64,"nx":41,"ny":15,"basicAngle":0,"lo1":47.0,"la1":41.0,"lo2":87.0,"la2":55.0,"dx":1.0,"dy":1.0}, "data":
[rows 0 to 14 of 15, columns 0 to 40 of 41]
-1.2953049,-0.37530488,0.38469514,0.20469514,1.5646951,-1.5553049,-2.175305,-3.2253048,-4.525305,-1.5253049,-2.595305,-2.425305,-1.4053049,-0.5553049,-2.0453048,-1.5453049,-2.635305,-1.5553049,-4.135305,-3.9953048,-3.7153049,-2.2353048,-2.9853048,-2.885305,0.9546951,-2.0653048,-3.0353048,-2.4453049,1.8146951,0.13469513,-0.8053049,1.7046951,0.43469512,1.3046951,-1.8753048,-0.12530488,0.39469513,-2.075305,-2.9853048,-2.395305,-1.8953049
-0.15530486,-0.045304872,-2.7653048,-0.96530485,-1.3853049,-3.885305,-2.2953048,-2.7653048,-1.7753049,0.0046951296,-0.76530486,-2.0553048,-0.48530486,-1.3253049,-0.9353049,-1.7053049,-0.6653049,-1.9453049,-1.7653049,-2.9353049,-3.155305,-2.2853048,-1.0353049,-5.115305,-0.35530487,1.2846951,-1.6053048,0.43469512,-2.875305,-1.7353048,0.22469513,-0.8053049,2.7346952,-3.155305,0.46469513,-0.38530487,-0.6753049,0.43469512,-1.3053049,0.86469513,-2.0253048
-1.2353048,-2.865305,-2.7353048,-1.8153049,-1.4053049,-2.5553048,-3.345305,-1.3053049,-2.9853048,-2.105305,-0.09530487,-0.6753049,0.66469514,3.124695,1.3846952,1.4346951,0.41469514,1.4646951,1.2146951,-0.015304871,-1.5953048,-3.115305,-2.5653048,-1.4153049,-0.6153049,0.34469512,-0.8153049,-1.5653049,-1.4653049,-0.40530488,-2.0453048,3.2046952,0.09469513,-1.2053049,-0.70530486,-1.3053049,0.29469514,-0.13530487,-1.2753049,0.5546951,1.1146951
-2.425305,-1.6153048,-0.53530484,-0.29530486,-1.3653048,-1.6053048,0.18469512,-1.4253049,-0.13530487,1.0846951,1.1146951,1.1846951,0.6246951,0.8246951,2.074695,1.4346951,4.284695,2.8046951,2.9946952,1.6946951,-0.13530487,-0.15530486,-0.46530488,-0.6153049,-0.15530486,0.30469513,-0.9353049,-2.105305,-0.38530487,-1.1653049,-2.4653049,-4.1653047,-3.125305,-3.345305,-4.4353046,-2.415305,0.33469513,2.124695,1.0946951,1.1246952,1.3246951
-0.9853049,0.25469512,0.5146951,0.8346951,1.4146951,2.2646952,1.8946952,2.0646951,2.674695,2.2946951,2.354695,4.254695,3.8046951,3.324695,2.7346952,2.5046952,2.7446952,3.2146952,2.824695,0.14469513,-0.65530485,1.3846952,0.42469513,-0.44530487,-1.7853049,-2.0253048,-1.5653049,-1.0553049,-2.3153048,-0.70530486,-0.39530486,-2.845305,-1.8853049,0.91469514,1.7446952,2.9646952,2.104695,3.574695,3.124695,3.644695,2.7446952
-2.605305,-1.3953049,-1.0753049,-1.5653049,-1.1753049,-0.9453049,0.14469513,1.8246951,2.7846951,3.664695,3.6846952,3.634695,4.3746953,3.9746952,2.5446951,3.164695,3.624695,3.4446952,4.174695,3.2446952,-1.2653049,-0.5453049,1.8146951,0.6246951,0.36469513,0.07469513,1.7246951,-2.5253048,-3.105305,-2.415305,-3.2053049,1.2046951,-0.46530488,-0.6753049,-0.53530484,-1.0753049,0.8246951,2.5646951,7.5346947,2.2846951,-4.075305
-0.70530486,0.9446951,1.1446952,1.7246951,1.5446951,2.2346952,2.7346952,3.084695,3.0246952,1.8946952,3.4746952,5.3446946,5.634695,4.704695,3.5546951,4.204695,4.114695,4.174695,3.634695,2.614695,0.26469514,0.61469513,0.61469513,0.8046951,1.7346951,-0.59530485,-1.4453049,-0.6053049,-1.3853049,-0.51530486,0.59469515,1.6746951,1.3046951,-0.6753049,-1.7253048,-1.1853049,-1.1653049,1.2946951,-0.07530487,0.86469513,2.094695
1.0346951,1.5846951,2.1946952,2.7946951,2.7046952,3.2846951,3.7346952,2.914695,3.7646952,3.624695,4.234695,5.684695,6.134695,5.9746947,4.8546953,4.714695,5.094695,4.554695,2.9846952,0.61469513,0.85469514,2.2646952,1.4846951,2.594695,0.61469513,-0.6953049,0.17469513,-1.6253048,0.52469516,0.7646951,1.8446951,0.27469513,-3.3153048,-1.0853049,-1.4153049,-0.16530487,1.2046951,3.0546951,3.9946952,3.574695,-1.1753049
1.4746951,1.7246951,2.424695,2.414695,2.624695,2.654695,3.2846951,4.154695,3.5646951,4.034695,5.2246947,4.8146954,6.184695,6.254695,4.954695,4.754695,5.154695,3.2946951,0.66469514,0.15469512,-0.82530487,2.9746952,0.08469513,3.7746952,-0.0053048707,0.8346951,-1.3353049,-1.0653049,0.44469512,0.13469513,-0.65530485,-1.2053049,-1.9753048,-1.8053049,-1.4253049,-0.96530485,0.48469514,-2.635305,-1.7853049,1.0646951,-1.6653049
1.3446951,1.7746952,2.0046952,1.6846951,1.8246951,2.344695,2.9446952,2.9846952,3.2546952,5.024695,5.294695,5.524695,5.924695,5.7246947,4.844695,3.9646952,2.5546951,2.2446952,1.1246952,1.9146951,2.0146952,1.4346951,1.6046951,0.6346951,0.47469512,3.7646952,1.1046951,-2.0353048,-0.45530486,-0.44530487,-1.2953049,-1.5253049,-1.7453048,-1.3953049,-0.83530486,-0.03530487,-1.7153049,0.15469512,-1.7953049,0.32469514,-0.16530487
1.8746952,1.7546952,1.8446951,1.6246952,1.9546951,1.8146951,2.5246952,3.144695,3.644695,3.7546952,4.174695,4.704695,4.1246953,3.7546952,3.9846952,2.7246952,1.0446951,0.98469514,-1.1153048,-0.02530487,1.0746951,1.8646951,-1.3253049,-2.1953049,-2.2953048,1.3946952,-1.4053049,-1.7753049,-1.9753048,-3.0553048,-3.2953048,-2.0553048,-1.1953049,0.65469515,0.53469515,0.5546951,-1.4353049,0.72469515,-0.9953049,0.52469516,-0.8553049
1.3046951,2.614695,2.8046951,2.7446952,2.664695,1.9646951,1.9246951,1.9446951,3.2446952,3.154695,1.9646951,3.7546952,2.924695,2.7446952,3.9546952,2.2846951,1.0046952,-0.14530487,-1.0053048,0.46469513,-0.09530487,0.06469513,-2.425305,-1.0453049,-1.8153049,-2.135305,-3.4453049,-4.1053047,-4.1253047,-3.6953049,-2.2453048,-1.9953048,-0.82530487,-1.5753049,-1.4553049,-0.9953049,-0.27530488,-0.72530484,-0.83530486,-0.22530487,0.66469514
2.4946952,2.864695,2.644695,2.924695,2.824695,2.0646951,2.094695,1.3446951,3.6946952,2.374695,0.7046951,1.7846951,1.3446951,2.0146952,1.5546951,-0.03530487,-1.9953048,-1.7853049,-0.36530486,0.25469512,-0.63530487,-0.51530486,-1.1553049,-2.4453049,-2.7053049,-4.175305,-4.675305,-4.6853046,-3.625305,-2.9653049,-2.4953048,-2.375305,-2.4353049,-2.7253048,-1.9953048,-1.6553049,-2.415305,-1.2353048,-2.2353048,-1.1653049,-0.7453049
2.834695,1.1846951,1.2646952,1.7346951,1.7446952,1.8646951,1.8746952,3.154695,1.8546951,3.084695,1.0946951,1.5946951,1.4646951,1.0646951,2.0646951,0.8346951,-1.6353049,-1.9953048,-1.5153049,-1.3653048,-2.075305,-2.925305,-3.605305,-4.015305,-4.635305,-4.365305,-4.555305,-4.015305,-3.155305,-2.7153049,-2.615305,-2.855305,-2.9853048,-2.835305,-2.4353049,-2.585305,-2.365305,-2.4953048,-2.105305,-0.6953049,0.35469514
0.11469513,1.2746952,0.7546951,0.16469513,1.4946952,1.7346951,2.354695,2.354695,2.614695,2.6946952,2.2446952,3.354695,1.6546952,0.6846951,1.0346951,-0.51530486,-1.2653049,-1.9053049,-0.8053049,-1.7653049,-1.9253049,-3.0053048,-3.655305,-3.8053048,-3.625305,-3.675305,-3.5553048,-3.365305,-2.825305,-2.9353049,-3.0653048,-3.375305,-3.125305,-3.075305,-3.075305,-3.855305,-2.915305,-3.625305,-3.0553048,-1.6453049,-0.76530486
