wind_kz.json
{"header": {"discipline":0,"disciplineName":"Meteorological products","gribEdition":2,"gribLength":1025,"center":7,"centerName":"US National Weather Service - NCEP(WMC)","subcenter":0,"refTime":"2023-09-26T12:00:00.000Z","significanceOfRT":1,"significanceOfRTName":"Start of forecast","productStatus":0,"productStatusName":"Operational products","productType":1,"productTypeName":"Forecast products","productDefinitionTemplate":0,"productDefinitionTemplateName":"Analysis/forecast at horizontal level/layer at a point in time","parameterCategory":2,"parameterCategoryName":"UnknownDiscipline_0_Category_2","parameterNumber":3,"parameterNumberName":"UnknownParameter_D0_C2_3","parameterUnit":"Unknown","genProcessType":2,"genProcessTypeName":"Forecast","forecastTime":120,"surface1Type":103,"surface1TypeName":"Specified height level above ground","surface1Value":10.0,"surface2Type":255,"surface2TypeName":"Missing","surface2Value":0.0,"gridDefinitionTemplate":0,"gridDefinitionTemplateName":"Latitude_Longitude","numberPoints":615,"shape":6,"shapeName":"Earth spherical with radius of 6,371,229.0 m","gridUnits":"degrees","resolution":48,"winds":"true","scanMode":64,"nx":41,"ny":15,"basicAngle":0,"lo1":47.0,"la1":41.0,"lo2":87.0,"la2":55.0,"dx":1.0,"dy":1.0}, "data":
[rows 0 to 14 of 15, columns 0 to 40 of 41]
1.9719555,2.2119555,3.7319555,4.9219556,2.4919555,-1.9280444,-2.2380445,-0.25804442,-0.10804443,-0.7080444,-1.3980445,-1.7280444,-2.1580443,-2.8880444,-4.0680447,-4.0380445,-3.1180444,-2.8680444,-3.1180444,-2.7380445,-3.0880444,-1.3980445,-2.7180445,0.44195557,3.3319557,0.8619556,0.45195556,0.6619556,0.48195556,-0.77804446,0.36195555,1.7719556,1.5819556,2.8719556,3.1019557,1.3319556,3.0719557,3.2419555,2.9019556,-0.5680444,0.90195554
-0.65804446,1.4719555,2.6119556,3.6919556,2.1119556,-3.2180445,-0.96804446,-0.33804443,-0.23804444,-1.3880445,0.6819556,-2.2180445,-2.5980444,-4.3580446,-3.9880445,-4.5180445,-2.2680445,-2.1480443,-3.6480443,-3.4680445,-1.1680444,-2.7880445,-1.7480445,0.031955566,2.6919556,1.7219555,0.51195556,2.1619556,-1.1680444,-0.65804446,-1.2880445,-0.6280444,-1.0580444,0.021955566,1.6219555,-0.41804445,-0.47804442,2.7219555,-0.44804442,-0.61804444,0.26195556
1.8719555,3.9619555,2.6319556,2.1019557,2.2419555,2.7819555,1.1919556,-1.2680445,0.33195555,-0.67804444,-1.6080444,-2.6680443,-2.9780445,-5.4180446,-4.0180445,-4.0780444,-4.4380445,-4.5580444,-4.778044,-5.0680447,-4.0680447,-0.77804446,0.07195557,0.69195557,-2.5080445,-1.4180444,-2.9080443,-3.3980443,-4.8880444,-1.9280444,0.07195557,-1.7880445,-2.2280445,1.2519555,-0.7580444,1.8019556,-0.8180444,-4.0980444,-0.96804446,1.7019556,2.4019556
3.1119556,2.1219556,2.1619556,2.2019556,2.1319556,1.4319556,1.3319556,-0.18804443,-0.97804445,-1.3080444,-1.4580444,-1.0680444,-2.5980444,-3.1080444,-5.0980444,-4.2080445,-3.4280443,-4.778044,-4.778044,-4.8080444,-5.0880446,-4.028044,-4.4580445,-2.6680443,0.26195556,0.59195554,-2.2080445,-1.6880444,-3.1180444,-3.2980444,-4.0080442,-1.4280444,2.3319557,0.32195556,-0.018044434,0.47195557,1.5819556,1.6019555,-0.5780444,-0.25804442,-0.40804443
2.6119556,1.2419555,0.8019556,-1.0880444,-0.5080444,1.1919556,-0.9380444,-0.47804442,-1.3580444,-1.7980444,-2.7680445,-2.4380445,0.28195557,-2.0880444,-2.0680444,-0.23804444,-1.7880445,-3.8480444,-4.5680447,-4.298044,-4.8280444,-3.0980444,-1.6080444,-0.5880444,1.6419556,-0.028044434,-0.41804445,-3.7080445,-3.0480444,-4.0980444,-4.1080446,-3.5380445,-0.19804443,1.1919556,0.11195557,1.3519555,-3.3680444,-6.5780444,0.30195558,-1.5580444,0.36195555
4.8119555,3.6219556,1.7319555,1.5119556,0.7419556,-1.2280444,-2.4280443,-1.3280444,-1.5080445,-1.9980445,-2.7880445,-1.9780444,3.1319556,1.8519555,-4.048044,-2.8580444,-3.9880445,-4.5080442,-5.3080444,-5.0080442,-1.3280444,-2.9080443,-5.0780444,-2.3580444,0.46195558,0.50195557,1.6319556,1.4419556,-2.5180445,-3.1680443,-3.3280444,-4.3780446,-4.3280444,1.1619556,-0.058044434,-1.5480444,-1.4480444,-4.1880445,-4.548044,-1.9080445,-3.3280444
4.1319556,4.4319553,4.6519556,4.5319557,3.7419555,2.1819556,-0.36804444,-0.55804443,-1.7580445,-2.2680445,-2.4080443,-2.1980445,-3.0180445,-4.9580445,-2.9880445,-3.1680443,-4.3680444,-4.6980443,-4.4680443,-3.7180445,-0.90804446,-2.4980445,-3.7680445,-3.8080444,-0.98804444,-0.43804443,-0.79804444,-2.3180444,-1.3880445,-3.9480445,-3.6980445,-4.048044,-2.7680445,-3.2980444,2.6119556,0.011955567,-0.97804445,1.6819556,0.40195557,1.4619555,-0.7580444
3.8119555,3.9519556,2.8519557,1.6519556,1.1519556,0.32195556,-1.1380445,-2.2080445,-2.3480444,-2.5680444,-2.3580444,-2.2280445,-2.9180443,-2.3780444,-1.6880444,-2.8780444,-2.7280445,-4.0180445,-4.778044,-1.8380444,-0.18804443,-0.06804443,1.0919555,-0.59804446,-2.9280443,-0.31804442,-1.4880444,-1.3580444,-0.22804444,-4.9980445,-5.9480443,-6.7480445,-5.9580445,-5.7480445,-3.9480445,-2.6280444,1.4019556,0.021955566,-0.55804443,0.16195557,0.45195556
3.8819556,3.0819557,2.4519556,2.2419555,1.2119555,0.18195556,-0.92804444,-2.2180445,-2.2580445,-2.3980443,-2.2380445,-1.5780444,-0.28804442,-1.3180444,-1.2480445,-2.8580444,-2.3580444,-2.0580444,-2.6280444,1.7719556,1.6519556,0.011955567,-0.8880444,-1.4080445,-1.7380444,-1.3280444,-1.4780444,-0.73804444,-1.8780445,-1.3580444,-2.6880445,-3.9780445,-4.0780444,-5.1980443,-4.9580445,-4.6180444,-1.1280445,0.70195556,-0.07804444,-0.47804442,1.3119556
3.7819555,3.1819556,2.5019555,2.0419555,2.0819557,1.4719555,0.36195555,-0.6880444,-1.4880444,-1.8580444,-0.20804444,0.7419556,0.07195557,-0.54804444,-0.66804445,-1.0880444,-1.9580444,-2.0380445,-0.19804443,-2.3680444,-1.7980444,-1.7580445,-1.4680444,-1.2580445,-1.5780444,-1.3080444,-0.45804444,-0.5180444,-1.9980445,-2.1280444,-1.3680444,-0.20804444,-1.3280444,-3.2580445,-3.7380445,0.0019555665,-0.27804443,-0.9580444,1.7319555,3.1119556,1.3819556
3.6619556,2.5119555,2.5919557,2.2419555,1.7819556,2.7519555,1.8919556,1.2919556,-0.37804443,1.3719555,0.8719556,0.051955566,0.08195557,-0.27804443,0.22195557,-0.8980444,-1.9880444,-1.0980444,-0.09804443,-1.0180445,-0.80804443,-0.97804445,-0.6880444,-1.0980444,-0.18804443,-0.008044434,0.76195556,0.19195557,-1.1180444,-0.17804444,-2.0180445,-2.2180445,-1.9080445,-0.23804444,-5.6780443,1.8519555,1.3519555,1.5419556,2.3119555,1.4219556,0.8619556
3.0319555,2.4919555,1.7119555,2.7119555,2.4019556,2.8019555,3.4419556,3.0319555,2.2619555,2.5019555,1.8219556,1.6419556,1.3719555,1.0319556,-0.41804445,-0.55804443,-0.79804444,1.5619556,1.1119555,-0.84804446,-0.06804443,0.11195557,-0.49804443,-0.048044432,0.77195555,-0.41804445,-2.0280445,-2.5080445,-1.4580444,-1.0780444,-1.3380444,-2.1980445,-2.9380445,-3.3680444,-2.8180444,-2.9480445,-2.8580444,-1.0380445,-0.24804443,-0.86804444,-1.0780444
2.6119556,2.5219555,3.0819557,1.3219556,1.7519555,1.8919556,4.2619557,4.1319556,4.0719557,3.0319555,1.5619556,1.7719556,2.8919556,2.3019555,1.7119555,-0.008044434,0.061955567,1.3119556,1.8219556,1.6519556,0.83195555,0.70195556,0.16195557,-0.53804445,-0.39804444,-0.40804443,-1.1480445,-0.85804445,-3.1380444,-1.3180444,-2.0080445,-3.2080445,-3.4080443,-2.7080445,-2.6880445,-2.6680443,-1.8580444,-1.3680444,-2.9680445,-3.3880444,-2.2580445
2.6419556,3.0419555,2.7519555,2.2419555,1.9919555,2.9119556,3.8219557,4.2719555,4.0719557,4.4619555,1.7619556,1.4519556,3.1819556,2.8019555,3.2019556,2.7719555,2.3719556,0.6819556,1.2819556,1.3319556,0.49195558,1.1019555,-0.16804443,0.041955568,-0.30804443,-0.5080444,-0.65804446,0.24195556,-1.2080444,-1.9280444,-2.1780443,-2.0280445,-2.3280444,-2.4080443,-2.1280444,-2.8480444,-2.5380445,-2.7780445,-2.2880445,-1.8980445,-2.8180444
2.6019557,3.2019556,4.5219555,2.6619556,3.2419555,3.4219556,3.0819557,3.7919555,3.9719555,4.5719557,2.6319556,2.2419555,0.95195556,1.9519556,3.4319556,3.6219556,3.3019555,3.7819555,3.4619555,2.2919555,2.3019555,1.8819556,-0.118044436,0.69195557,1.4619555,0.65195554,0.25195557,-0.17804444,-0.6280444,-0.47804442,1.9519556,-0.23804444,-1.1280445,-2.3680444,-1.6380445,-1.3780445,-1.8280444,-1.6880444,-2.8980443,-2.5180445,-2.0280445
