wind_kz.json
{"header": {"discipline":0,"disciplineName":"Meteorological products","gribEdition":2,"gribLength":1025,"center":7,"centerName":"US National Weather Service - NCEP(WMC)","subcenter":0,"refTime":"2023-08-26T00:00:00.000Z","significanceOfRT":1,"significanceOfRTName":"Start of forecast","productStatus":0,"productStatusName":"Operational products","productType":1,"productTypeName":"Forecast products","productDefinitionTemplate":0,"productDefinitionTemplateName":"Analysis/forecast at horizontal level/layer at a point in time","parameterCategory":2,"parameterCategoryName":"UnknownDiscipline_0_Category_2","parameterNumber":3,"parameterNumberName":"UnknownParameter_D0_C2_3","parameterUnit":"Unknown","genProcessType":2,"genProcessTypeName":"Forecast","forecastTime":120,"surface1Type":103,"surface1TypeName":"Specified height level above ground","surface1Value":10.0,"surface2Type":255,"surface2TypeName":"Missing","surface2Value":0.0,"gridDefinitionTemplate":0,"gridDefinitionTemplateName":"Latitude_Longitude","numberPoints":615,"shape":6,"shapeName":"Earth spherical with radius of 6,371,229.0 m","gridUnits":"degrees","resolution":48,"winds":"true","scanMode":64,"nx":41,"ny":15,"basicAngle":0,"lo1":47.0,"la1":41.0,"lo2":87.0,"la2":55.0,"dx":1.0,"dy":1.0}, "data":
[rows 0 to 14 of 15, columns 0 to 40 of 41]
1.4307086,-1.1392914,0.82070863,2.7007086,-0.8992914,-2.1792915,-3.2092915,0.14070863,-0.6392914,-0.62929136,0.27070862,1.4307086,1.1407086,-0.32929137,-1.0492914,-2.3392913,-3.4592915,-3.9592915,-5.5192914,-3.9092913,-4.0892916,-3.7692914,-1.8092914,-2.9492915,-3.9292915,2.8907087,-1.1292914,1.3007087,2.0407085,3.5407085,1.0507087,-1.7292914,1.5607086,0.63070863,0.32070863,-1.0392914,-0.55929136,1.0007086,2.7807086,0.2507086,1.9407086
3.3307085,2.2307086,4.800709,1.7007086,-1.0092914,-1.7692914,-3.4492915,0.76070863,-1.3392913,-2.6292913,-1.9492913,2.0407085,2.8307085,2.5407085,0.8607086,-1.1892914,-1.6292914,-1.6192914,-4.5792913,-4.489291,-4.0992913,-2.7092915,-3.5892913,2.7007086,3.5807085,2.3707087,0.080708615,2.9007087,0.49070862,2.8107085,4.9807086,5.5907087,0.81070864,-0.05929138,-1.1492914,-1.5692914,-1.5392914,-2.6692915,0.4407086,-0.93929136,1.0107086
1.5807086,6.6707087,3.7407086,0.56070864,-0.5392914,-1.5692914,-1.4192914,-1.4592913,-1.5692914,-2.3592913,-2.4992914,-2.1892915,0.17070861,1.4307086,1.6807086,2.4107087,0.45070863,-1.3092914,-1.8292913,-2.6192913,-2.6492913,-2.6892915,1.2407086,0.8907086,3.1607087,3.0807085,-2.2092915,-0.81929135,0.2807086,4.2107086,4.6007085,2.8807087,2.8207085,-1.1792914,-0.11929138,3.7307086,5.7907085,0.88070863,0.7907086,-0.7092914,-0.009291382
1.0107086,2.6207087,1.8007087,0.50070864,-0.4692914,-0.03929138,0.080708615,-0.28929138,-0.4392914,-1.1092914,-1.5892913,-0.6992914,-2.6092913,-2.4392915,1.3107086,2.6307087,1.4007087,-0.24929138,-1.4192914,-2.7692914,-2.2292914,-1.8592914,-2.4992914,-1.9192914,1.1707087,2.2607086,-0.42929137,-2.5992913,-6.0192914,-4.6592913,1.3507086,-0.8492914,-1.7692914,-0.4992914,-0.8892914,-3.6592913,-1.3292913,2.4407086,4.2007084,1.5507087,2.1307087
-0.5192914,0.46070862,0.39070863,-0.21929139,0.8307086,2.0607085,0.7307086,2.3507087,1.3607086,1.4007087,0.5207086,1.8907086,-1.4692913,-2.6592913,-1.2392914,2.5207086,3.2507086,2.2307086,0.8407086,0.5907086,-1.2592914,-2.0992913,-2.7492914,1.3907086,-0.049291383,-0.05929138,1.6007086,-6.449291,-7.6592913,-5.8692913,0.51070863,1.3207086,2.6207087,4.6207085,-1.0292914,-2.3792913,1.0507087,0.06070862,1.6407086,2.0007086,-0.22929138
0.29070863,-0.6592914,-1.2292914,-2.1292913,-3.0792913,-1.1792914,-0.67929137,1.1307086,2.4707086,2.3107085,1.2907087,2.0707085,0.33070862,-0.21929139,-1.5492914,0.9707086,2.5607085,2.1907086,2.1207087,2.5807085,1.2807087,0.42070863,-1.9892914,-3.7892914,4.0907087,4.7307086,1.7007086,-5.2092915,-6.469291,-3.5792913,2.5907087,1.5307087,1.1307086,0.13070862,1.9607086,1.8307086,4.4607086,3.6107087,-0.3992914,-0.19929138,-2.0692914
-2.4792914,-2.2292914,-1.7692914,-1.2692914,-1.8292913,-1.8592914,-1.5792913,-1.0792913,-0.8592914,-0.55929136,0.15070862,2.3407087,0.32070863,1.7007086,1.4007087,1.7407086,1.8207086,1.9307086,0.40070862,2.3207085,3.0907087,2.3607087,-0.31929138,-3.2292914,-2.7792914,2.8507087,5.6907086,-0.19929138,-5.6092916,-1.2692914,2.8107085,1.3907086,-1.6492914,1.4907086,-1.2892914,-2.2692914,-3.3492913,-0.68929136,0.5507086,-0.5392914,-0.18929139
-2.6992915,-2.4392915,-2.4892914,-2.3492913,-2.3292913,-2.0692914,-2.4792914,-1.6992913,-1.1992913,-0.62929136,0.24070862,0.68070865,-0.3792914,1.3707086,2.1107087,2.0507085,2.8607087,2.3807087,1.9507086,2.6507087,3.1007087,3.7907085,2.2207086,-1.4292914,-1.6792914,4.9407086,3.0907087,2.4107087,-4.2992916,-2.1892915,2.2107086,2.3807087,1.4907086,0.18070862,1.7007086,0.50070864,-0.87929136,2.3907087,-1.0092914,0.3107086,-1.9692913
-3.3392913,-3.3092914,-3.4092913,-3.3292913,-3.0292914,-2.3492913,-1.9192914,-0.7992914,-1.2792914,-1.2192913,-1.5592914,-0.7892914,-1.0592914,-1.1992913,0.20070861,2.2707086,4.220709,3.3507087,3.5907087,3.7307086,3.0207086,3.8507087,3.6607087,1.2307086,-1.9692913,0.93070865,4.3907084,1.8007087,-1.0292914,-2.4692914,-3.7292914,-1.3692914,1.2807087,3.4307086,2.9907086,3.0407085,-2.1392913,0.5907086,1.0407087,0.6007086,-1.2292914
-3.4792914,-3.4192915,-3.1592913,-3.0992913,-2.4792914,-2.1692915,-2.1492913,-3.4092913,-1.7692914,-3.1192913,-2.2492914,-2.0292914,-2.4192915,-1.7892914,-0.3392914,1.0407087,3.9407086,5.1107087,4.0907087,4.6807084,4.0007086,4.3407087,4.0007086,3.6807086,-0.16929138,-2.2792914,3.8707087,3.3407087,0.8507086,-0.34929138,-1.7592914,-1.4792914,-2.6292913,2.9907086,2.8507087,1.2807087,0.76070863,-2.4492915,-0.5492914,3.6107087,2.9607086
-3.2392914,-3.4892914,-2.8992913,-3.7592914,-3.4392915,-2.6992915,-2.8992913,-2.4592915,-3.2192914,-3.9292915,-3.2892914,-2.0692914,-2.5892913,-3.7892914,-4.6192913,-2.0192914,2.7307086,5.2007084,5.2507086,5.5407085,4.9807086,3.5507085,4.0007086,4.1407084,2.7607086,-0.7092914,1.4007087,6.3807087,2.4307086,0.33070862,-0.10929138,-4.199291,0.81070864,3.6607087,4.1807084,2.2307086,1.0107086,2.9907086,1.5507087,1.9007087,0.33070862
-2.0692914,-3.1592913,-2.9192915,-3.4992914,-2.9792914,-3.7792914,-4.0392914,-2.3592913,-2.1092913,-1.9092914,-0.7692914,-1.3892914,-0.7992914,-0.7992914,-1.6292914,-1.3892914,-2.3692913,0.22070862,6.1507087,4.8907084,4.4407086,4.0007086,3.3107085,3.4807086,3.0407085,0.46070862,-2.1392913,2.5707085,3.4507086,-0.35929137,-4.3692913,-3.9592915,1.2207086,2.8107085,2.4907086,1.2107086,1.7907087,3.6407087,3.1707087,2.4807086,0.7307086
-1.8092914,-1.1392914,-2.2092915,-2.7092915,-4.2492914,-2.4792914,-4.4092913,-3.7292914,-1.7392914,-0.73929137,-0.4392914,-0.7092914,-1.2892914,-2.1092913,-1.6492914,0.21070862,1.4007087,1.9607086,0.9107086,2.2907085,3.1907086,3.1507087,2.5907087,3.5207086,3.6307087,2.1407087,-1.6992913,0.68070865,1.7407086,-2.0292914,-7.0492916,-2.6092913,0.48070863,0.3107086,1.3007087,1.3607086,1.1707087,0.14070863,1.0107086,0.3507086,0.17070861
-2.1392913,-2.6992915,-4.8692913,-3.0792913,-3.8692913,-3.5092914,-3.2692914,-3.3892913,-0.8292914,-0.6992914,0.050708618,-0.4992914,-2.1692915,-3.0192914,-2.5492914,0.56070864,2.7707086,3.5207086,3.7407086,4.1707087,3.5107086,3.3407087,2.8807087,2.4207087,2.3807087,1.9007087,-2.1692915,-0.6092914,-0.98929137,-3.4992914,-6.6692915,-0.9792914,0.94070864,2.9107087,0.7907086,1.3607086,0.3707086,-0.5992914,-0.55929136,0.22070862,0.07070862
-1.6992913,-3.7392914,-7.5892916,-5.5992913,-5.199291,-5.0992913,-4.1692915,-3.8492913,-1.3392913,-0.6992914,-0.28929138,0.7807086,-0.21929139,-2.4192915,-3.1892915,-2.3092914,1.6007086,6.6307087,5.490709,5.3207088,4.5907087,4.1907086,3.3207085,2.9407086,3.0007086,2.6607087,0.8007086,0.6507086,-0.7592914,-2.9792914,-8.749291,-1.1992913,1.0307087,1.4407086,0.82070863,0.5907086,0.46070862,0.040708616,0.6607086,0.27070862,-0.20929138
