wind_kz.json
{"header": {"discipline":0,"disciplineName":"Meteorological products","gribEdition":2,"gribLength":1025,"center":7,"centerName":"US National Weather Service - NCEP(WMC)","subcenter":0,"refTime":"2023-09-10T06:00:00.000Z","significanceOfRT":1,"significanceOfRTName":"Start of forecast","productStatus":0,"productStatusName":"Operational products","productType":1,"productTypeName":"Forecast products","productDefinitionTemplate":0,"productDefinitionTemplateName":"Analysis/forecast at horizontal level/layer at a point in time","parameterCategory":2,"parameterCategoryName":"UnknownDiscipline_0_Category_2","parameterNumber":3,"parameterNumberName":"UnknownParameter_D0_C2_3","parameterUnit":"Unknown","genProcessType":2,"genProcessTypeName":"Forecast","forecastTime":180,"surface1Type":103,"surface1TypeName":"Specified height level above ground","surface1Value":10.0,"surface2Type":255,"surface2TypeName":"Missing","surface2Value":0.0,"gridDefinitionTemplate":0,"gridDefinitionTemplateName":"Latitude_Longitude","numberPoints":615,"shape":6,"shapeName":"Earth spherical with radius of 6,371,229.0 m","gridUnits":"degrees","resolution":48,"winds":"true","scanMode":64,"nx":41,"ny":15,"basicAngle":0,"lo1":47.0,"la1":41.0,"lo2":87.0,"la2":55.0,"dx":1.0,"dy":1.0}, "data":
[rows 0 to 14 of 15, columns 0 to 40 of 41]
0.05738281,-0.6926172,1.7473828,-1.4426172,-5.8326173,-4.2526174,-3.302617,-1.0926172,-2.1726172,-2.6526172,-2.3226173,-2.0626173,-3.1226172,-1.1126171,-2.3326173,-3.6826172,-4.092617,-4.422617,-4.8526173,-3.7226171,-4.4426174,-4.922617,-4.412617,0.6473828,-0.96261716,1.6373829,0.18738282,2.3373828,-1.3226172,-2.6526172,-1.6326172,1.0373828,-1.7026172,-1.3326172,-1.7926172,-0.3926172,0.09738281,-0.32261717,-0.25261718,1.0273829,2.1773827
3.1573827,2.1473827,2.217383,-0.25261718,-3.552617,-4.3726172,-4.0026174,-3.5926173,-1.2626172,-1.8926172,-2.3826172,-3.0926173,-3.7126172,-3.2026172,-4.492617,-5.0026174,-4.472617,-3.7326171,-4.952617,-4.722617,-4.092617,-3.8226173,-2.2126172,-0.4026172,0.8273828,2.727383,0.9373828,0.5873828,-0.7326172,1.8173828,-0.3726172,3.1773827,0.3273828,-1.1126171,1.2973828,-2.0026171,-1.9326172,-3.9926171,-0.34261718,-3.2126172,0.8373828
2.1073828,5.0573826,2.3373828,-1.5926172,-0.5326172,-2.042617,-1.7626172,-2.8626173,-2.6226172,-2.8726172,-2.7026172,-0.2726172,-1.8026172,-3.4226172,-4.052617,-4.6226172,-3.3126173,-2.7526171,-3.3526173,-4.052617,-3.9226172,-3.8926172,-2.282617,-0.8026172,-0.7426172,1.2373828,1.1973828,1.3373828,-0.5326172,3.0573828,0.2873828,-0.5426172,-1.3326172,0.2873828,-0.07261719,0.6273828,-1.2826172,-1.6926172,-1.1126171,-0.06261719,1.2973828
0.6873828,0.9473828,-0.44261718,-1.1126171,-0.082617186,-0.21261719,-0.082617186,-1.2326171,-2.0826173,-2.9026172,-3.2126172,-0.44261718,-2.3626173,-3.4526172,-2.9826171,-3.3126173,-3.1826172,-2.5926173,-3.1126173,-3.3926172,-4.032617,-2.262617,-3.3826172,-4.7926173,-3.2426171,-2.3126173,-2.5826173,0.5173828,1.1173828,3.2673829,4.907383,-2.3626173,-5.152617,0.9573828,2.987383,0.5773828,1.8773828,3.8673828,-0.8626172,-1.6326172,0.5673828
-0.28261718,-0.14261718,-1.2626172,-1.5926172,-2.512617,-2.9526172,-3.792617,0.3173828,-1.1626172,-1.9626172,-1.9326172,1.9773828,0.39738283,-2.4126172,-5.0026174,-5.532617,-4.452617,-3.9526172,-2.8726172,-1.7226171,-2.542617,-3.5826173,-2.0026171,-2.032617,-1.8626171,-2.9526172,-2.7426171,-4.512617,-0.9926172,2.6073828,2.8373828,5.1273828,3.947383,0.03738281,2.1373827,0.17738281,-0.5526172,-0.122617185,-0.6826172,0.5273828,-0.96261716
0.5673828,0.20738281,0.21738282,-0.8126172,-2.9926171,-3.7326171,-3.3626173,-3.6726172,-0.14261718,-0.5426172,-1.5926172,-1.8026172,-0.5626172,0.49738282,-1.8426172,-3.012617,-4.092617,-3.5026171,-3.4426172,-1.7026172,-3.3426173,-3.512617,-3.9726171,-3.6326172,-2.4826171,-0.6026172,-0.64261717,-5.532617,-3.8226173,-2.7526171,-0.34261718,0.5573828,-0.38261718,0.5073828,2.9973829,2.207383,1.6773828,0.4773828,-2.2326171,-0.042617187,1.7573829
3.2773829,2.5873828,0.8073828,-0.58261716,-0.32261717,-0.17261718,-1.8726172,-1.1626172,-1.8226172,-2.9926171,-1.7526172,-2.1626172,-2.3326173,-2.0026171,-3.772617,-4.2126174,-5.4826174,-5.7126174,-2.7326171,-2.2126172,-3.4026172,-3.9626172,-4.952617,-4.912617,-3.9826171,-3.9626172,-3.4226172,-5.932617,-1.6126171,-5.782617,-2.3326173,-1.1726172,-1.5126172,0.027382813,0.8173828,-0.4026172,-1.7726172,-0.0026171876,-0.6826172,0.53738284,-1.1126171
-1.3126172,-3.042617,-1.1926172,-3.522617,-2.9626172,-0.5026172,-1.1226172,-1.5726172,-0.64261717,-1.6126171,-1.1326172,-0.5126172,-1.0426172,-2.5626173,-2.2226171,-3.522617,-4.302617,-4.8526173,-4.472617,-3.012617,-2.1226172,-2.552617,-3.3626173,-3.3526173,-4.1026173,-2.3226173,-3.522617,-5.302617,-6.912617,-3.6426172,-3.7426171,-2.7426171,-3.4426172,-3.1626172,-1.1626172,-0.6926172,-2.6526172,-1.3926172,1.1873828,0.78738284,-0.28261718
-2.032617,-3.1526172,-0.58261716,-1.6726172,-3.4726171,-2.6326172,-2.9426172,-1.7526172,-1.4026172,-0.9026172,-2.1426172,-0.5526172,-1.4626172,-2.302617,-1.2326171,-2.5026171,-2.7226171,-2.8426173,-3.3926172,-2.3726172,-2.2226171,-2.6526172,-3.3226173,-2.8926172,-3.0926173,-2.3626173,-1.9226172,-0.34261718,-1.7426171,-2.1026173,-3.1926172,-2.8126173,-0.7826172,-2.6526172,-2.8426173,-1.5326172,-2.9726171,-1.4726171,-0.6126172,-1.0526172,1.3773828
-0.4326172,-2.3126173,-2.262617,-1.8826172,-2.2026172,-2.5726173,-2.762617,-3.282617,-2.2526171,0.4473828,-0.8526172,-1.3126172,-2.3526173,-3.2426171,-2.7226171,-4.1226172,-2.6526172,-0.34261718,-2.1726172,-2.762617,-2.7426171,-0.7626172,-1.6726172,-2.4026172,-2.6026173,-2.292617,-2.3826172,-1.8526171,-1.1726172,-1.6026171,-0.6226172,-1.2026172,-0.7526172,0.54738283,0.027382813,-0.4026172,0.3273828,-3.4126172,1.0573828,1.9073828,1.9473828
-1.6826172,-2.3326173,-2.542617,-2.7326171,-3.1726172,-2.522617,-2.762617,-2.5826173,-3.4026172,-4.702617,-1.2926172,-0.9226172,-2.9726171,-2.6026173,-2.3126173,-3.7226171,-4.422617,-3.3626173,-3.542617,-3.1426172,-2.8526173,-2.6726172,-3.6526172,-3.3326173,-2.4926171,-2.3226173,-2.022617,-2.5826173,-1.6126171,-0.9426172,1.0873828,-0.47261718,-1.9426172,-1.1826172,0.46738282,0.91738284,0.7773828,1.8873829,1.0373828,0.9273828,0.60738283
-0.11261719,-2.0026171,-1.5826172,-2.2126172,-2.1526172,-2.6726172,-2.9126172,-2.282617,-3.3826172,-3.262617,-2.262617,-0.6626172,-2.532617,-3.9226172,-4.532617,-4.902617,-5.6926174,-5.7526174,-4.822617,-3.8926172,-3.4326172,-3.052617,-2.8926172,-2.6626172,-2.4826171,-3.0626173,-2.3126173,-2.6326172,-2.9526172,-3.1726172,-2.8426173,-1.0726172,0.78738284,-0.3726172,0.19738281,-0.05261719,1.7773829,2.457383,2.1573827,2.6873827,1.8373828
1.3973829,-0.34261718,-2.6526172,-1.0526172,-1.9226172,-1.7026172,-2.4726171,-2.3926172,-3.7226171,-2.8126173,-1.3226172,-0.28261718,-2.3726172,-3.1826172,-4.662617,-4.412617,-5.1926174,-5.5626173,-5.952617,-5.512617,-4.512617,-3.2026172,-3.8426173,-2.772617,-1.8126172,-1.2326171,-2.1126173,-2.4126172,-1.8226172,-1.3626171,-2.4126172,-2.7326171,-1.9726171,-0.89261717,-0.28261718,0.53738284,0.72738284,1.2273828,3.3873827,2.5273829,1.6873828
1.3273828,-0.3626172,-2.9626172,-0.6526172,-0.9226172,-1.3426172,-2.292617,-2.7326171,-2.292617,-2.3326173,-1.4326172,-0.44261718,-0.9426172,-2.2426171,-2.8726172,-3.3726172,-3.9826171,-3.052617,-3.8426173,-5.432617,-6.072617,-6.2526174,-5.8526173,-5.842617,-5.6026173,-4.882617,-3.0926173,-2.032617,-2.1426172,-1.0626172,-1.6326172,-1.3126172,-0.2626172,-0.042617187,-0.44261718,-0.092617184,1.2373828,0.5273828,1.2273828,1.6873828,2.697383
-1.0826172,-0.5926172,0.43738282,0.3173828,0.33738282,-0.4326172,-1.7726172,-1.3426172,-0.8126172,-2.022617,-1.4626172,-1.1726172,-0.4026172,-1.4326172,-3.1926172,-3.2326171,-3.3826172,-2.5726173,-3.4626172,-4.3326173,-5.182617,-5.912617,-6.092617,-6.392617,-5.932617,-4.642617,-5.472617,-4.902617,-5.202617,-2.5026171,-1.5326172,-1.8726172,-0.6826172,-0.7526172,0.047382813,0.3573828,1.1173828,1.7173828,1.3873829,1.1273828,1.5373828
