wind.json
{"header": {"discipline":0,"disciplineName":"Meteorological products","gribEdition":2,"gribLength":106064,"center":7,"centerName":"US National Weather Service - NCEP(WMC)","subcenter":0,"refTime":"2023-02-24T12:00:00.000Z","significanceOfRT":1,"significanceOfRTName":"Start of forecast","productStatus":0,"productStatusName":"Operational products","productType":1,"productTypeName":"Forecast products","productDefinitionTemplate":0,"productDefinitionTemplateName":"Analysis/forecast at horizontal level/layer at a point in time","parameterCategory":2,"parameterCategoryName":"Momentum","parameterNumber":3,"parameterNumberName":"V-component_of_wind","parameterUnit":"m.s-1","genProcessType":2,"genProcessTypeName":"Forecast","forecastTime":0,"surface1Type":103,"surface1TypeName":"Specified height level above ground","surface1Value":10.0,"surface2Type":255,"surface2TypeName":"Missing","surface2Value":0.0,"gridDefinitionTemplate":0,"gridDefinitionTemplateName":"Latitude_Longitude","numberPoints":65160,"shape":6,"shapeName":"Earth spherical with radius of 6,371,229.0 m","gridUnits":"degrees","resolution":48,"winds":"true","scanMode":64,"nx":360,"ny":181,"basicAngle":0,"lo1":0.0,"la1":-90.0,"lo2":359.0,"la2":90.0,"dx":1.0,"dy":1.0}, "data":
[rows 75 to 99 of 181, columns 0 to 56 of 360]
4.6936865,4.9136868,5.1936865,5.3836865,5.2936864,5.3136864,5.7836866,6.4136868,6.8936863,6.4236865,5.9836864,4.9436865,-0.17631347,1.9136865,-0.9563135,0.17368652,-3.0463135,-1.5663135,-1.5463135,-0.7163135,-2.5263135,-2.3063135,-1.1963135,-0.6963135,-0.5763135,-1.7063135,-1.5063134,-1.0263134,-0.92631346,1.1036866,0.6836865,0.40368652,1.0036865,1.4536865,1.0836865,-0.62631345,0.27368653,-0.12631348,-1.3263135,-1.4663135,-1.0763135,-2.2663136,-3.4763136,-3.1563134,-3.4363134,-0.93631345,-0.13631348,-2.4463134,-0.7063135,2.6936865,-0.20631348,6.8636866,6.9236865,5.9136868,4.3236866,4.4736867,3.0736866
4.3236866,4.8836865,5.3236866,5.3436866,5.4236865,5.5936866,5.4336867,5.2936864,6.0436864,5.6936865,5.4336867,3.2736864,0.06368652,-1.3663135,-0.8163135,-0.73631346,-1.5263134,-2.7063134,-1.6263134,-2.1263134,-2.1063135,-1.4363135,-1.3663135,-2.8563135,-2.7863135,-1.2763134,-0.8463135,0.19368653,1.3936865,-0.4563135,1.8936865,0.23368652,-0.38631347,2.1036866,-2.5363135,-0.31631348,-0.5363135,-0.7163135,-1.1363134,-1.4663135,-0.5263135,-1.8363135,-1.5063134,-2.6163135,-2.2063134,-2.3463135,-0.73631346,1.0936866,-0.20631348,-1.7163135,1.9036865,6.9936867,5.3136864,4.3236866,4.1836867,4.3636866,3.6836865
4.5036864,4.6436863,5.2536864,5.5636864,4.9736867,4.6936865,4.9336867,5.0936866,5.6636868,5.6536865,5.2136865,3.5136864,-0.8363135,-1.6663135,-1.7963135,-1.1563134,-3.0263135,-0.8263135,-1.2463135,-1.0963135,-2.2063134,-2.5063136,-1.1463134,1.0136865,0.81368655,0.053686522,-1.0063134,0.053686522,-1.3163135,-0.9463135,-1.1663135,0.3536865,0.64368653,0.033686522,-0.19631347,-0.29631346,-0.35631347,-1.5763135,-1.3063135,-2.5463135,-2.0563135,-2.2363136,-0.7163135,-1.0163134,-0.93631345,-2.4963136,-3.3963134,-0.066313475,0.14368652,-2.1463134,6.2536864,7.6636868,4.3236866,3.1336865,2.3736866,2.7436864,3.3736866
4.6036863,4.7936864,5.4336867,5.4836864,5.1136866,4.8636866,5.6136866,5.3736863,5.5336866,5.4436865,3.8236866,2.5136864,-0.8963135,-2.6863134,0.10368653,-1.9063134,-0.49631348,-1.9763135,-2.2463136,-1.6863135,-1.4363135,1.5136865,0.37368652,0.44368652,-0.93631345,-1.3363135,-1.3463135,-2.3063135,-1.1163135,-0.07631347,1.0236865,0.40368652,1.7036865,-0.24631348,1.1436865,-1.4763135,-0.5863135,-1.3263135,-0.7063135,-0.8263135,-1.0063134,-1.7463135,-0.9563135,0.5436865,-0.20631348,-1.3763134,-2.6263134,-1.2263135,-1.7363135,1.1036866,5.5036864,5.8436866,4.5136867,3.3136866,3.9236865,3.9636865,4.4936867
5.1636868,5.0236864,4.8736863,4.5936866,4.5136867,5.0036864,5.5836864,5.4236865,4.8436866,4.2036867,3.0236864,0.08368652,-1.1563134,0.09368652,-1.0063134,-0.8463135,-1.5463135,0.0036865235,-0.85631347,-1.4463135,-1.1663135,-0.55631346,-0.9063135,-0.49631348,-0.8863135,-0.22631347,-0.85631347,-1.6463134,-0.9663135,-1.0863135,-1.0863135,-0.74631345,-0.016313476,0.8036865,-0.34631348,-0.8863135,-0.41631347,-0.93631345,-0.26631346,-0.66631347,-1.1363134,-3.0063136,-1.3763134,-0.6463135,-0.23631348,-1.4863135,-1.2663134,-0.016313476,0.36368653,2.0436866,3.0436866,3.4136865,3.6336865,4.2936864,2.8936865,3.5136864,1.5036865
6.1136866,5.8936863,4.9936867,4.4536867,4.4936867,5.1636868,4.9736867,4.6236863,5.1736865,4.0936866,3.1736865,1.7136865,2.2036865,1.7636865,-0.67631346,-0.3663135,-1.3163135,0.10368653,-1.0863135,-1.3663135,-0.016313476,-1.8863134,-0.6563135,-0.8163135,0.19368653,-1.3463135,0.3536865,0.17368652,0.043686524,0.113686524,-0.056313477,-0.60631347,-0.9663135,-0.92631346,0.073686525,1.4736866,-1.8663135,-2.4663134,-0.85631347,-1.1763135,-3.0863135,-2.9863136,-1.4863135,0.4136865,0.3236865,-0.19631347,-0.26631346,0.25368652,1.7536865,2.0836866,1.4336865,1.0436865,1.2436866,1.4536865,1.6836865,1.0536865,-0.14631347
5.3836865,4.8736863,4.9836864,5.3336864,6.1236863,5.2536864,4.5336866,4.2336864,3.5236864,2.4536865,2.5036864,3.7736864,2.4736865,1.4636865,-1.0163134,0.75368655,-1.0763135,-1.4863135,0.6636865,-1.1263134,-0.85631347,-1.3063135,-0.8363135,-0.016313476,-0.8163135,0.3236865,1.6936865,0.95368654,0.7436865,-0.9063135,-0.62631345,-0.5363135,-1.1963135,-1.2263135,-2.2963135,-0.93631345,-0.9663135,-0.30631348,-0.60631347,0.50368655,-3.0063136,-2.0563135,-1.3063135,-0.55631346,0.7236865,0.9036865,0.6836865,0.8036865,0.23368652,-0.29631346,0.013686524,0.6136865,1.1136866,0.6136865,-0.16631347,-1.0863135,-0.5763135
3.7936866,4.3236866,3.6836865,4.0936866,4.2636867,5.1136866,4.8736863,4.2236867,3.6436865,3.7836866,3.7136865,3.2836866,3.5936866,3.6436865,0.36368653,-0.68631345,-1.8663135,0.9936865,0.76368654,-0.34631348,-0.7863135,-1.2463135,0.69368654,1.1736865,1.0536865,-1.4863135,0.87368655,1.1536865,-1.6563134,0.49368653,0.76368654,0.94368654,-3.2563136,-1.3263135,-1.2763134,-0.46631348,-0.24631348,-0.9663135,-0.26631346,0.50368655,-2.7663136,-1.9363135,-1.0763135,-0.86631346,-0.47631347,-0.35631347,-1.5963135,-1.6863135,-2.1463134,-2.1563134,-1.0963135,-0.3963135,-1.9763135,-0.9663135,0.5936865,0.44368652,0.09368652
4.1736865,4.3636866,3.8236866,4.3336864,5.2236867,5.1136866,4.9836864,4.9936867,4.3436866,1.1936865,-0.3963135,2.1836865,2.1336865,-0.30631348,-1.5763135,-0.32631347,-1.1463134,1.4936866,-1.6163135,-1.1463134,-0.21631348,-0.5263135,1.9636865,1.7336866,1.1636865,0.19368653,0.5336865,1.0936866,-0.3663135,1.3436866,-1.7763134,-0.5163135,-0.5363135,-0.80631346,-1.5063134,1.2236866,-1.2463135,-1.2463135,0.3236865,-2.0363135,-1.7763134,-1.3563135,-1.7763134,-1.4763135,-0.5263135,-1.5363135,-1.8263135,-2.6463134,-3.0563135,-2.2063134,-0.9463135,-1.5563135,-1.6463134,-0.8163135,0.56368655,0.31368652,-0.0063134767
5.5236864,4.5036864,0.9936865,-3.2863135,-4.9563136,2.4536865,4.3536863,5.5336866,6.7036867,7.1236863,5.9936867,1.5236865,2.4736865,-0.54631346,-0.5663135,-0.20631348,-1.0463135,0.3836865,-0.86631346,-0.32631347,1.2536865,-0.6463135,0.50368655,0.81368655,0.7236865,0.5936865,-0.48631346,1.8836865,1.3036865,1.4936866,-1.0863135,-0.46631348,1.1336865,0.20368652,-1.0063134,-0.80631346,1.3736866,1.1536865,0.58368653,-3.0663135,-0.7863135,-0.98631346,-1.1963135,-1.2063135,-1.6963135,-3.3463135,-4.5463133,-4.1463137,-3.9063134,-3.8963134,-2.5563135,-2.5263135,-2.1963134,-1.9163135,-0.036313478,-0.54631346,-0.32631347
7.4536867,7.3836865,4.8036866,6.5136867,7.1636868,4.1536865,5.0536866,5.5136867,4.4836864,4.2236867,2.9336865,4.2536864,2.6436865,1.4736866,0.43368652,-0.016313476,-0.21631348,0.23368652,-0.4263135,0.64368653,-0.3363135,-0.9663135,0.18368652,1.1436865,1.2036865,1.7836865,2.0136864,2.2536864,1.4536865,-0.09631348,1.8436866,1.8036865,-1.9763135,-0.5863135,-3.6463134,-3.4563134,-1.1663135,1.0136865,2.5036864,1.4636865,-0.18631348,-0.5663135,-2.0863135,-2.4163134,-2.7863135,-3.4263134,-3.8863134,-4.0363135,-4.1363134,-4.1363134,-3.6763134,-3.9263134,-3.1563134,-2.2763135,-1.6663135,-0.4563135,-0.106313474
5.1636868,5.2836866,9.523686,11.623687,10.663687,6.1636868,5.6636868,6.2336864,5.9536867,2.6036866,1.0136865,2.3436866,3.0636866,0.013686524,0.70368654,0.8536865,-0.32631347,1.4836866,0.8036865,0.28368652,-0.7663135,1.0836865,0.7136865,0.76368654,0.28368652,1.2336866,1.5936866,2.0336866,2.1136866,1.3736866,0.9836865,0.31368652,0.033686522,-0.68631345,0.18368652,2.8036866,-1.7763134,-1.5363135,-0.74631345,-1.3963134,-0.26631346,-0.4263135,-0.8363135,-1.9763135,-2.7263136,-2.4563134,-2.4363134,-3.2663136,-3.8463135,-4.1463137,-4.0863132,-4.4463134,-3.9863136,-2.8663135,-1.9263135,-1.8663135,-2.4363134
6.3236866,6.0436864,9.4436865,8.473686,7.7236867,7.0836864,5.9336867,5.3336864,4.3136864,4.7136865,6.5436864,1.4036865,1.8236865,0.21368653,1.2236866,-0.21631348,-0.07631347,-1.3663135,0.69368654,1.0436865,1.6436865,1.3136865,0.25368652,0.5436865,1.0736865,1.3036865,1.2036865,1.9436865,1.5736865,0.42368653,-2.1063135,1.5336865,1.9336865,0.76368654,1.0536865,-3.3463135,1.9036865,-7.6363134,-1.5263134,-1.5863135,1.9336865,0.56368655,-0.08631348,-0.91631347,-1.1763135,-1.3663135,-1.8163135,-2.6163135,-2.8163135,-3.9463134,-4.4163136,-4.4563136,-3.2063134,-3.4163134,-2.2363136,-1.0063134,-1.6863135
5.6536865,5.7436867,5.7136865,6.3036866,7.0436864,6.4936867,5.2836866,4.9936867,3.9836864,3.9936864,0.33368653,-1.3363135,0.8536865,1.3636866,0.95368654,1.9836866,2.2836866,2.0036864,0.43368652,1.8936865,1.8636866,2.1136866,1.1036866,1.3536866,1.1036866,0.8036865,0.7336865,1.1236866,1.5136865,-0.8963135,2.1236866,0.36368653,1.9836866,0.95368654,0.37368652,0.46368653,0.06368652,0.3236865,-1.4563135,0.28368652,-1.6963135,4.1136866,0.40368652,-0.8163135,-1.6063135,-2.1563134,-2.4563134,-2.9863136,-2.7663136,-3.5663135,-3.4163134,-2.9663134,-3.2363136,-3.4363134,-3.3763134,-2.1863134,-1.5963135
6.1236863,5.3436866,5.5236864,5.8836865,5.6636868,5.3136864,4.5036864,4.2336864,3.5236864,1.7836865,0.5336865,0.31368652,-0.41631347,-1.2963135,1.3436866,2.5336866,0.5236865,1.8636866,0.22368652,1.0836865,2.0736866,1.6736865,0.9136865,-0.23631348,1.3036865,2.3636866,0.95368654,-0.21631348,0.6036865,-1.1963135,-3.1763134,-2.7363136,6.5536866,3.9936864,1.8736866,1.4336865,5.1036863,-0.7263135,-0.7863135,-0.106313474,0.58368653,-0.8863135,0.63368654,-0.41631347,-2.0163136,-2.9563134,-3.0463135,-3.2663136,-2.8063135,-2.5663135,-2.0063136,-4.0063133,-4.0363135,-4.6563134,-3.7163134,-1.9663135,-2.0763135
6.4236865,4.9936867,6.6836867,5.8036866,5.0036864,5.1236863,3.6636865,3.6436865,2.5336866,2.3336866,0.40368652,0.62368655,-0.12631348,0.08368652,0.21368653,-0.7863135,1.1736865,1.0236865,1.8436866,2.4336865,0.8036865,0.6836865,2.2636864,1.9136865,1.2936865,-0.30631348,2.2936866,-0.9063135,-1.5763135,-1.1963135,0.7836865,-2.0063136,5.2936864,6.0936866,5.0336866,4.2436867,-4.9163136,-6.6463137,0.58368653,0.7736865,0.8036865,0.25368652,2.9536865,-0.55631346,-1.0563135,-1.2663134,-2.1763134,-2.7663136,-3.0863135,-3.1363134,-3.0963135,-3.6863134,-3.7563136,-3.7463136,-2.5563135,-1.2063135,-0.98631346
5.4336867,4.8136864,5.5936866,5.2836866,4.1236863,4.4736867,3.9436865,1.6436865,3.7836866,2.7836866,0.2936865,0.8036865,0.3536865,0.46368653,-0.4563135,0.88368654,0.9136865,-0.32631347,0.47368652,2.2336864,0.82368654,1.4236865,0.76368654,2.7336864,1.0136865,2.9036865,1.4536865,-0.43631348,-1.1563134,-2.9963136,-1.6063135,-1.4063134,-1.6463134,4.2836866,3.1736865,-3.2763135,-3.8263135,0.09368652,0.6736865,1.2336866,1.3036865,1.1936865,-1.3663135,2.8836865,0.31368652,-0.7063135,-1.3963134,-2.4163134,-2.5363135,-2.8763134,-4.0863132,-4.2563133,-4.1763134,-3.9463134,-2.8963134,-3.1063135,-2.1463134
5.1436863,4.4136868,4.6736865,3.4436865,3.4936864,3.4836864,3.5936866,3.4936864,2.7436864,2.2736864,-0.22631347,0.21368653,-0.5163135,0.36368653,0.8036865,-0.30631348,0.06368652,0.3236865,0.30368653,0.37368652,-0.11631348,0.5236865,-0.85631347,0.25368652,1.8836865,-0.16631347,-0.16631347,0.28368652,-0.34631348,-1.2663134,-1.4563135,1.4836866,-1.6963135,1.3736866,-1.6063135,-3.3263135,-0.4563135,-1.1163135,2.4836864,2.8236866,1.8436866,1.9236865,1.8036865,0.7736865,3.4236865,3.3436866,-1.1263134,-1.6563134,-2.5763135,-2.5763135,-3.5463135,-3.7663136,-4.4463134,-5.2663136,-4.7163134,-5.3263135,-4.8763137
4.5236864,3.7436864,3.2736864,2.0036864,2.0236864,2.4636865,3.7636864,3.0736866,2.5236864,2.0636866,-0.4563135,-0.92631346,-0.66631347,0.3236865,0.14368652,-1.1563134,0.5336865,0.043686524,-0.19631347,-0.28631347,-0.7663135,-0.41631347,0.30368653,-0.46631348,-0.6963135,-0.4563135,-0.5063135,-1.0363135,-1.4963135,0.6536865,-2.2063134,-1.6663135,2.3836865,0.18368652,-0.60631347,0.47368652,-0.7763135,4.0136867,3.6036866,4.5836864,0.94368654,2.3936865,0.39368653,1.9936866,3.5936866,1.2036865,3.8536866,-0.8263135,-1.5863135,-1.9763135,-3.1063135,-4.0463133,-4.3463135,-5.7363133,-5.2963133,-4.0663133,-4.1263137
3.1036866,2.6536865,3.2736864,2.4336865,2.5836866,2.1636865,1.6536865,2.5136864,1.7136865,-0.27631348,2.0536866,-0.15631348,-1.1963135,-0.29631346,-0.61631346,-2.0363135,-0.9663135,-1.1263134,0.20368652,1.0636865,0.13368653,0.26368654,0.9036865,0.42368653,-0.5663135,-1.1163135,-1.9463135,-1.6863135,1.1336865,-2.5763135,0.5336865,0.20368652,1.2536865,0.5336865,-1.8263135,2.9536865,2.6036866,4.7936864,8.143686,1.7936865,2.9736865,0.43368652,-0.0063134767,-0.60631347,-0.7763135,0.36368653,-0.066313475,2.3036866,-1.8263135,-1.7963135,-2.1163135,-2.3863134,-2.9863136,-3.9163134,-4.2863135,-3.6363134,-3.7063134
2.6236866,2.8936865,2.4336865,2.6836865,1.3236865,0.3536865,-0.16631347,1.4936866,0.45368654,-0.056313477,2.7236865,1.4936866,-0.8263135,-1.3163135,0.95368654,1.2036865,1.1036866,0.5936865,0.87368655,1.9136865,1.5736865,1.8336865,1.3136865,-0.38631347,-0.30631348,-1.4463135,-0.7663135,0.56368655,-1.0663135,-1.2263135,-1.5463135,-2.1363134,-0.7863135,-1.8463135,3.0336866,4.1936865,7.9936867,4.9836864,2.5236864,2.0336866,2.6536865,1.0236865,0.28368652,-0.80631346,-2.3063135,1.2436866,0.09368652,-1.2663134,0.9236865,-1.8863134,-2.1363134,-2.3263135,-2.6163135,-2.9063134,-3.3863134,-3.2063134,-3.7963135
1.8636866,6.4836864,2.4236865,2.5436866,1.8336865,2.6636865,-0.07631347,-1.2163135,-0.62631345,-0.4563135,-3.4163134,-0.29631346,-0.9763135,-1.1763135,0.37368652,2.0236864,-2.4563134,-2.2163134,-0.11631348,1.9436865,2.0036864,1.8736866,0.7736865,-0.8263135,-0.46631348,-0.7163135,-1.5263134,-1.3363135,-0.12631348,0.08368652,1.4736866,-2.8563135,0.8536865,2.6436865,4.0336866,3.2536864,-0.6463135,0.6536865,-2.3963134,-0.47631347,0.70368654,3.1636865,0.3836865,0.7936865,-0.036313478,0.34368652,0.70368654,0.81368655,0.7936865,-0.7663135,-1.8063135,-1.9563135,-1.7363135,-1.9163135,-1.9263135,-3.3063135,-3.4763136
1.7936865,1.4336865,1.8636866,0.9036865,-0.18631348,0.94368654,-0.27631348,0.2936865,0.62368655,-0.7263135,-1.9863135,-1.3063135,1.4636865,-3.0163136,-2.5063136,-3.7863135,-3.9863136,-2.9163134,-0.066313475,1.7336866,2.2736864,1.4736866,1.6436865,0.6736865,0.013686524,-1.3763134,-1.4363135,-0.046313476,-0.85631347,-0.93631345,1.3636866,-1.6063135,0.4136865,-0.5863135,-0.056313477,3.0136864,1.2236866,-1.0163134,0.19368653,3.8236866,-1.1263134,3.3036866,3.4936864,1.8836865,2.0336866,0.3836865,1.0836865,2.4136865,2.2836866,1.5536865,-1.4863135,-1.9563135,-1.9963135,-1.5063134,-1.3163135,-2.0563135,-2.8763134
1.5636865,-0.87631345,1.0736865,0.9836865,0.9936865,-0.5763135,-0.046313476,0.21368653,1.4236865,-1.2363135,-2.2863135,-1.4463135,-1.2763134,-1.8563135,-3.1463134,-3.5463135,-3.5363135,-2.9963136,0.6836865,2.2636864,1.6636865,0.7736865,0.6536865,0.63368654,-0.15631348,-1.9963135,-2.4663134,-2.4963136,-2.4263134,-0.5263135,-1.6163135,-1.4563135,-2.7163134,-0.5963135,1.5136865,-0.74631345,1.0036865,0.40368652,3.4136865,0.6036865,-2.1163135,-0.11631348,2.8336866,2.8536866,2.2136865,0.81368655,1.1636865,3.1736865,1.5636865,0.9236865,-1.0963135,-1.4163135,-1.1863135,-1.8663135,-0.93631345,-1.1563134,-1.4863135
0.25368652,-0.74631345,0.3536865,0.47368652,-0.13631348,1.2036865,1.1936865,1.4336865,2.1736865,3.4136865,-1.2963135,-1.8563135,-2.5263135,-2.0463135,-1.3763134,-3.1463134,-3.7863135,-2.8463135,0.22368652,2.0836866,1.1436865,-1.6763135,-1.5263134,-0.09631348,-2.6863134,-1.3863134,-2.4363134,-2.6463134,-2.0363135,-3.1263134,-2.6563134,-3.0763135,-3.0663135,-2.6863134,1.5536865,0.13368653,-1.4163135,1.1236866,3.8436866,3.4736865,-3.2063134,-1.0263134,3.4636865,1.6036866,1.5336865,-0.5163135,-0.38631347,0.23368652,3.3636866,0.81368655,2.9536865,-1.2663134,0.053686522,-0.5363135,-0.37631348,-0.24631348,-0.13631348
