wind.json
{"header": {"discipline":0,"disciplineName":"Meteorological products","gribEdition":2,"gribLength":1211,"center":7,"centerName":"US National Weather Service - NCEP(WMC)","subcenter":0,"refTime":"2023-06-29T00:00:00.000Z","significanceOfRT":1,"significanceOfRTName":"Start of forecast","productStatus":0,"productStatusName":"Operational products","productType":1,"productTypeName":"Forecast products","productDefinitionTemplate":0,"productDefinitionTemplateName":"Analysis/forecast at horizontal level/layer at a point in time","parameterCategory":2,"parameterCategoryName":"UnknownDiscipline_0_Category_2","parameterNumber":3,"parameterNumberName":"UnknownParameter_D0_C2_3","parameterUnit":"Unknown","genProcessType":2,"genProcessTypeName":"Forecast","forecastTime":60,"surface1Type":103,"surface1TypeName":"Specified height level above ground","surface1Value":10.0,"surface2Type":255,"surface2TypeName":"Missing","surface2Value":0.0,"gridDefinitionTemplate":0,"gridDefinitionTemplateName":"Latitude_Longitude","numberPoints":688,"shape":6,"shapeName":"Earth spherical with radius of 6,371,229.0 m","gridUnits":"degrees","resolution":48,"winds":"true","scanMode":64,"nx":43,"ny":16,"basicAngle":0,"lo1":45.0,"la1":40.0,"lo2":87.0,"la2":55.0,"dx":1.0,"dy":1.0}, "data":
[rows 0 to 15 of 16, columns 0 to 42 of 43]
-0.8760693,-2.3860693,-3.1760693,-4.6960692,5.0639305,-6.1660695,-9.806069,-7.796069,-9.376069,-6.6360693,-3.3360693,-2.0760694,1.8439307,0.41393065,1.8439307,0.21393067,-2.8260694,-4.526069,-5.756069,-5.8760695,-4.216069,-3.8660693,-2.0660694,-3.2560694,-3.3360693,-2.3060694,-2.1160693,6.7939305,4.7139306,-6.1060696,-1.9960693,7.703931,5.7339306,5.0839305,-1.7560693,-2.2560694,-6.066069,-4.816069,-0.7960693,-3.3860693,-5.1360693,-5.4360695,-11.926069
-2.1660693,-3.7060692,0.80393064,2.3539307,-1.9560694,-6.256069,-8.586069,-8.516069,-8.416069,-6.4960694,-1.8260694,1.8939307,-0.75606936,4.4439306,3.6239307,0.8339307,-0.6760693,-3.2160692,-3.7560694,-3.3260694,-4.4060693,-3.0160694,-2.7560694,-1.5560694,-1.3060694,-0.26606932,2.1839306,1.6139307,2.2739305,-0.8660693,-4.1160693,-3.6760693,-3.8060694,-0.9160693,-0.8760693,0.85393065,1.5139307,-1.1960694,-2.5060694,-2.6060693,-3.7160692,-2.8560693,-7.4460692
0.86393064,2.1039307,-1.2960694,0.23393066,0.37393066,-4.236069,-5.776069,-7.776069,-8.086069,-8.4360695,-8.39607,-3.9360693,2.6739306,6.3739305,6.6239305,4.723931,0.59393066,-0.76606935,-1.8560693,-2.8860693,-4.256069,-3.3260694,-1.8160694,-1.5160693,1.4139307,-2.3060694,2.3239307,0.97393066,1.8239306,-1.3960693,-2.5160694,-2.8060694,-1.8760693,-3.2960694,-3.5560694,-4.4260693,0.073930666,5.433931,3.7039306,3.8039308,1.4639306,-1.4160694,0.78393066
-2.9160693,-2.2460694,-2.8360693,5.1339307,-0.88606936,-4.3860693,-5.1560693,-6.9960694,-5.986069,-6.7660694,-7.4960694,-2.0160694,5.8539305,7.6039305,0.48393068,2.4239306,1.4739307,0.5639307,-1.5560694,-2.6460693,-1.6660694,-3.6260693,-3.6360693,-2.0860693,-4.6460695,-3.7060692,-5.7460694,-3.5560694,-4.6260695,-4.716069,-4.5560694,-2.8460693,-2.8560693,-1.6560693,-3.8760693,-2.8560693,0.98393065,3.1639307,-1.3760693,-4.2460694,-2.8460693,0.52393067,-1.4760693
-1.9360694,-1.7360693,-2.2360694,-4.0160694,-2.8060694,-4.1360693,-2.1360693,-6.3860693,-6.836069,-6.336069,-6.836069,-7.4560695,6.3639307,9.05393,-1.2360693,-4.1160693,3.7539306,1.4739307,-2.1460693,-3.4160693,-3.9560692,-0.72606933,-1.6360693,-1.3060694,0.12393066,-1.7260693,-2.3260694,-2.3460693,-2.2860694,-3.0460694,-3.8160694,-4.296069,-5.3560696,-6.7260695,-5.466069,3.1139307,1.7139306,1.4139307,-2.0960693,-1.3160694,1.8339306,1.8739307,3.5739307
-3.8760693,-1.7360693,0.033930663,4.1739306,2.9639306,0.16393067,-1.0360694,-4.466069,-5.816069,-5.6960692,-6.4260693,-6.2060695,8.613931,4.1339307,1.8339306,-0.26606932,-2.4560692,2.8839307,1.4039307,1.1339307,0.30393067,0.44393066,1.4639306,2.3739307,2.0239305,1.5039307,0.46393067,-3.1660693,-3.5460694,-8.166069,-3.3060694,-4.6760693,-6.5960693,-7.8560696,-4.3860693,-3.8360693,-4.6060696,-2.4660692,-9.176069,-6.0560694,-0.9360693,0.99393064,-0.17606933
-2.3060694,-3.7960694,-4.6560693,-1.9460694,0.06393066,5.9239306,4.8339305,-1.2960694,-3.7360694,-4.6860695,-6.8860693,-6.3860693,7.1539307,5.3639307,3.9139307,2.2239306,-0.39606935,3.4939306,3.8839307,4.2539306,1.8739307,0.8739307,0.13393067,0.6239307,0.25393066,0.39393067,0.61393064,2.3039308,0.21393067,-2.7360694,-4.1060696,-5.046069,-4.3860693,-4.7460694,-5.0760694,-5.1360693,-6.0760694,-4.0160694,-3.4360693,-3.9060693,-3.0560694,-3.5360694,2.0839307
0.023930663,0.80393064,-1.2060694,0.35393065,1.6339307,2.2439306,7.6539307,1.8539307,-3.9860694,-4.526069,-3.9160693,-5.6060696,13.10393,12.363931,10.043931,8.073931,7.5239305,5.6739306,3.5739307,3.4539306,2.5239305,2.4739306,2.6539307,-0.19606933,-1.6660694,-2.0760694,-0.50606936,0.21393067,-0.31606933,-1.5560694,1.8039306,-5.3060694,-6.0760694,-5.986069,-9.60607,-8.006069,-9.15607,-8.23607,-8.39607,-5.7660694,-3.3660693,-1.6060693,-9.916069
-0.15606934,0.25393066,0.44393066,2.4739306,1.2239307,0.8739307,2.3039308,4.1939306,-1.9760693,-4.3660693,-5.2460694,-3.3360693,12.273931,10.693931,10.80393,8.113931,7.1539307,6.2539306,5.1739306,2.1739306,2.4639306,3.1339307,2.2239306,0.93393064,-1.3560693,-3.4460692,-2.6160693,-3.6660693,-3.4660692,-4.6360693,-4.9260693,-5.0560694,-5.836069,-7.0560694,-6.586069,-6.4360695,-6.3460693,-5.7860694,-8.9360695,1.6339307,0.92393064,4.7939305,0.54393065
-0.42606935,-1.2160693,-1.6660694,0.73393065,3.0739307,2.7039306,3.4639306,6.0739307,-0.08606934,-1.7560693,-3.6060693,-4.7260695,11.943931,10.963931,9.253931,8.983931,6.4439306,5.703931,3.8239307,4.5239305,3.4139307,2.4239306,1.6839306,2.1039307,-1.8760693,-0.58606935,-2.4460692,-3.6660693,-3.5760694,-2.9260693,-3.8160694,-4.9760695,-5.6360693,-5.966069,-6.506069,-7.1960692,-7.4560695,-6.1760693,-6.9160695,-7.1460695,-3.8860693,-3.5160694,-0.42606935
-0.53606933,-0.07606933,-0.24606934,0.7039307,-0.9160693,2.7039306,3.6139307,6.0739307,2.3339307,-0.8760693,-2.5660694,-0.88606936,2.3739307,10.05393,6.9239306,5.6539307,1.6639307,4.703931,4.163931,0.37393066,-0.28606933,0.113930665,1.8239306,0.59393066,0.5039307,-0.21606934,-1.0560694,-1.3260694,-3.4360693,-2.5360694,-3.2860694,-4.0360694,-4.5960693,-5.5360694,-5.6360693,-5.716069,-7.6660695,-5.6860695,-4.1460695,-2.9160693,-1.8260694,-2.3760693,0.80393064
-1.6860694,0.5039307,0.35393065,-0.8760693,0.8739307,1.5039307,4.913931,5.5539308,3.3439307,0.54393065,-2.3160694,-1.5160693,5.5839305,7.533931,5.3839307,7.7739305,8.623931,5.683931,2.8939307,1.9539306,1.0639306,0.85393065,0.5839307,0.72393066,1.5439306,-0.036069337,-0.7360693,0.33393067,1.0039307,-1.7860694,-1.9760693,-3.5860693,-3.6460693,-3.7360694,-5.4960694,-4.526069,-6.1460695,-2.0960693,-3.2160692,-2.6860693,-3.1860693,-0.9960693,-2.5360694
0.083930664,-1.3060694,1.7039306,2.8439307,2.4939306,1.5439306,7.6139307,6.763931,2.9839306,-1.8560693,0.20393066,7.3739305,7.2539306,5.1539307,6.243931,4.0039306,7.6139307,5.8339305,5.8139305,3.8739307,2.8339307,2.6939306,2.5239305,2.3339307,2.4239306,2.3839307,1.9039307,1.3739307,-0.50606936,-1.2860694,-2.3660693,-3.1060693,-2.6060693,-2.0060694,-4.1460695,-4.236069,-5.026069,-3.9960694,-3.2160692,-1.6560693,-0.48606932,-1.3060694,-0.25606933
-1.0360694,0.16393067,0.91393065,1.8639307,2.3539307,3.1639307,6.2139306,3.9239306,1.7139306,-0.88606936,-3.5660694,8.583931,4.1739306,4.933931,8.93393,9.5639305,7.3239307,6.3439307,5.8739305,3.5139306,4.6339307,3.9139307,3.1139307,2.9539306,3.0439308,2.7139306,2.3539307,1.6639307,0.19393067,-1.1660694,-1.6160693,-3.0160694,-3.5860693,-2.4260693,-2.9460692,-2.6260693,-2.3260694,-3.0360694,-1.1760694,-1.5960693,-2.3860693,-3.1560693,-1.3660693
-0.14606933,1.3039306,2.8039308,2.0939307,3.1639307,4.1939306,5.1039305,6.1739306,1.8139306,0.48393068,-2.3760693,4.3139305,7.1739306,6.4039307,5.7139306,6.2739305,5.6439304,6.163931,6.1539307,5.7539306,5.6239305,4.7339306,3.8139307,2.8239307,2.4039307,2.3339307,2.2439306,1.7739307,-0.33606935,-1.3760693,-1.2960694,-2.6360693,-3.4660692,-5.0960693,-3.7660694,-2.2760694,-1.6860694,-3.3360693,-2.9360693,-2.5560694,-3.5560694,-2.6760693,-3.4260693
-1.5360694,0.78393066,1.7739307,2.0039306,3.8839307,4.3739305,4.8839307,5.8039308,3.1639307,1.2939306,0.043930665,5.453931,4.763931,5.203931,4.6039305,5.033931,6.5839305,7.223931,7.0239305,6.4039307,5.8839307,4.913931,4.203931,4.1939306,3.5439308,3.6839306,2.6539307,1.7639307,0.26393068,-1.3760693,-2.5360694,-2.7560694,-4.0160694,-3.2260695,-2.7360694,-0.6160693,-0.11606934,-0.40606934,-2.5160694,-1.2960694,-3.4460692,-2.4560692,-0.20606934
