wind_kz.json
{"header": {"discipline":0,"disciplineName":"Meteorological products","gribEdition":2,"gribLength":1025,"center":7,"centerName":"US National Weather Service - NCEP(WMC)","subcenter":0,"refTime":"2025-04-05T06:00:00.000Z","significanceOfRT":1,"significanceOfRTName":"Start of forecast","productStatus":0,"productStatusName":"Operational products","productType":1,"productTypeName":"Forecast products","productDefinitionTemplate":0,"productDefinitionTemplateName":"Analysis/forecast at horizontal level/layer at a point in time","parameterCategory":2,"parameterCategoryName":"UnknownDiscipline_0_Category_2","parameterNumber":2,"parameterNumberName":"UnknownParameter_D0_C2_2","parameterUnit":"Unknown","genProcessType":2,"genProcessTypeName":"Forecast","forecastTime":0,"surface1Type":103,"surface1TypeName":"Specified height level above ground","surface1Value":10.0,"surface2Type":255,"surface2TypeName":"Missing","surface2Value":0.0,"gridDefinitionTemplate":0,"gridDefinitionTemplateName":"Latitude_Longitude","numberPoints":615,"shape":6,"shapeName":"Earth spherical with radius of 6,371,229.0 m","gridUnits":"degrees","resolution":48,"winds":"true","scanMode":64,"nx":41,"ny":15,"basicAngle":0,"lo1":47.0,"la1":41.0,"lo2":87.0,"la2":55.0,"dx":1.0,"dy":1.0}, "data":
[rows 0 to 14 of 15, columns 0 to 40 of 41]
-0.415542,1.144458,0.414458,-3.215542,-1.975542,-3.485542,-4.545542,-6.005542,-5.095542,-2.855542,-3.655542,-4.505542,-4.565542,-3.795542,-3.105542,-3.805542,-2.935542,-4.245542,-4.275542,-3.965542,-2.275542,-1.855542,1.004458,-0.89554197,1.614458,-1.325542,-2.365542,0.104458004,1.784458,0.934458,0.944458,1.154458,0.654458,-0.035541993,1.454458,3.294458,3.0744581,4.614458,5.774458,6.084458,4.094458
2.174458,-1.105542,-7.115542,-6.875542,-3.855542,-3.545542,-4.965542,-4.165542,-3.985542,-3.395542,-2.885542,-2.875542,-1.545542,-0.725542,-1.785542,-2.105542,-2.705542,-2.765542,-1.4855419,-0.09554199,0.844458,0.60445803,0.814458,-0.075541995,1.494458,1.194458,-1.315542,0.624458,4.834458,1.034458,0.66445804,0.034458008,1.1344581,1.374458,0.554458,2.584458,3.234458,6.664458,1.324458,1.434458,6.824458
-3.1755419,-5.645542,-6.835542,-5.465542,-4.585542,-4.545542,-3.845542,-3.4255419,-2.1755419,-0.995542,-2.145542,-1.325542,-1.305542,-1.855542,-1.885542,-1.575542,-1.6155419,-1.515542,-0.325542,1.664458,1.844458,2.384458,2.714458,4.334458,3.064458,3.584458,1.024458,2.504458,4.624458,0.034458008,1.3844581,1.734458,0.594458,3.334458,2.204458,-0.44554198,-0.10554199,-0.355542,-1.275542,1.744458,-0.915542
-6.475542,-5.605542,-4.775542,-4.005542,-2.975542,-2.105542,-1.945542,-0.24554199,-0.545542,-0.575542,0.384458,0.574458,-2.275542,-1.835542,-0.545542,0.764458,1.624458,2.164458,2.5744581,2.954458,3.974458,4.274458,0.574458,1.044458,0.614458,1.314458,1.484458,0.07445801,5.794458,0.844458,-0.335542,-1.105542,4.144458,-0.18554199,-2.705542,0.04445801,0.924458,1.794458,-1.765542,-0.545542,1.464458
-3.225542,-2.575542,-2.335542,-0.015541992,0.594458,0.974458,1.454458,1.364458,1.554458,1.494458,0.874458,-0.555542,-1.185542,-0.44554198,-0.735542,1.494458,2.794458,2.814458,2.354458,-2.305542,-3.255542,-2.315542,-1.9855419,-1.535542,0.514458,0.674458,1.154458,0.904458,1.5144581,0.414458,1.164458,2.354458,0.23445801,0.424458,2.3244581,-1.885542,4.824458,-0.635542,-0.145542,-0.16554199,0.284458
0.49445802,1.714458,1.794458,1.314458,0.884458,1.444458,2.054458,1.804458,1.994458,1.284458,1.084458,0.694458,0.314458,0.60445803,1.024458,0.134458,-1.045542,-2.785542,-2.115542,-2.055542,-1.455542,-1.285542,-0.655542,-1.245542,-0.625542,-0.16554199,-0.035541993,-1.635542,0.484458,0.884458,0.154458,2.424458,4.804458,5.774458,4.114458,-0.16554199,4.164458,4.064458,8.774458,0.66445804,0.824458
4.044458,4.644458,4.134458,3.254458,2.994458,3.274458,3.044458,2.264458,2.544458,2.604458,1.904458,1.3844581,1.324458,3.004458,3.334458,2.554458,1.684458,1.614458,0.054458007,0.134458,-0.83554196,-1.085542,-0.15554199,-0.15554199,-0.15554199,0.254458,-0.225542,-0.115541995,-0.565542,-0.505542,-0.595542,-0.89554197,-0.425542,2.244458,5.454458,4.464458,0.514458,-0.58554196,3.194458,-0.145542,0.774458
4.524458,4.554458,4.654458,5.074458,4.904458,4.084458,3.604458,3.174458,3.924458,3.244458,3.354458,4.244458,3.544458,3.534458,4.444458,4.154458,3.484458,3.644458,3.644458,2.104458,1.554458,1.594458,1.3844581,1.844458,1.974458,1.694458,1.114458,1.194458,0.444458,-0.745542,-0.64554197,-0.435542,-1.315542,-3.375542,-3.625542,-2.435542,2.504458,4.804458,8.414458,2.424458,-1.705542
5.714458,5.834458,5.624458,5.764458,5.434458,5.554458,5.064458,3.834458,3.934458,5.964458,6.354458,5.864458,6.504458,4.154458,4.624458,4.114458,4.834458,5.234458,5.264458,5.384458,4.514458,3.864458,3.544458,2.964458,3.794458,3.384458,3.234458,3.254458,3.384458,2.754458,2.3244581,1.624458,2.494458,1.034458,0.594458,-0.09554199,1.034458,-0.965542,1.1344581,0.424458,1.494458
5.824458,6.004458,5.734458,5.654458,5.804458,6.024458,5.894458,5.844458,5.644458,5.184458,6.384458,7.624458,6.924458,5.944458,5.654458,5.964458,5.844458,5.594458,5.854458,6.604458,7.114458,6.654458,5.294458,4.044458,3.514458,4.494458,5.314458,5.674458,5.334458,5.524458,5.864458,5.004458,4.764458,4.624458,3.554458,3.014458,0.184458,0.784458,2.544458,2.654458,2.804458
5.574458,5.934458,5.684458,5.664458,5.724458,5.114458,5.464458,5.714458,5.604458,5.754458,5.444458,5.884458,6.214458,6.554458,6.924458,6.894458,6.744458,6.594458,5.754458,6.224458,7.264458,7.534458,4.874458,4.264458,4.224458,5.014458,6.354458,6.594458,7.034458,7.544458,6.884458,6.534458,6.754458,6.234458,6.684458,4.664458,1.714458,2.054458,3.934458,6.054458,6.664458
5.214458,5.544458,4.804458,4.174458,5.694458,5.184458,4.784458,4.954458,5.354458,5.234458,4.684458,6.174458,5.894458,7.264458,7.284458,7.374458,7.394458,7.554458,6.584458,7.094458,7.144458,5.354458,5.404458,5.274458,5.554458,6.954458,7.724458,8.064458,7.964458,7.594458,6.824458,7.484458,6.644458,7.384458,6.414458,7.834458,9.084458,10.524458,9.414458,8.614458,6.824458
3.134458,3.734458,3.334458,4.314458,3.454458,3.034458,3.8244581,4.014458,6.084458,3.784458,3.454458,6.354458,7.344458,7.994458,8.004458,7.504458,7.764458,7.544458,6.524458,6.824458,6.964458,5.784458,7.044458,7.124458,8.934458,8.424458,8.184458,7.814458,7.764458,7.094458,7.714458,8.094458,8.134458,7.664458,8.424458,8.954458,9.714458,6.954458,9.884458,9.654458,6.864458
1.724458,-0.625542,-0.035541993,0.294458,-0.205542,1.2644581,3.494458,3.8244581,4.014458,3.744458,3.234458,4.834458,6.694458,6.914458,7.254458,7.154458,7.614458,6.864458,6.754458,6.824458,6.234458,6.784458,8.184458,8.354458,8.934458,7.644458,6.154458,6.644458,6.374458,6.854458,7.464458,7.784458,7.814458,8.184458,7.164458,8.464458,7.504458,7.434458,7.724458,6.914458,10.534458
1.424458,2.914458,2.874458,4.224458,3.724458,3.734458,3.704458,3.814458,4.884458,2.834458,3.024458,6.004458,4.274458,5.184458,6.814458,6.894458,7.184458,7.064458,5.974458,5.934458,5.424458,5.464458,5.934458,6.074458,6.014458,5.824458,6.004458,5.544458,5.574458,6.414458,7.514458,7.104458,8.104458,7.824458,8.094458,9.034458,8.484458,8.974458,9.664458,9.904458,7.354458
