wind_kz.json
{"header": {"discipline":0,"disciplineName":"Meteorological products","gribEdition":2,"gribLength":1102,"center":7,"centerName":"US National Weather Service - NCEP(WMC)","subcenter":0,"refTime":"2023-09-29T18:00:00.000Z","significanceOfRT":1,"significanceOfRTName":"Start of forecast","productStatus":0,"productStatusName":"Operational products","productType":1,"productTypeName":"Forecast products","productDefinitionTemplate":0,"productDefinitionTemplateName":"Analysis/forecast at horizontal level/layer at a point in time","parameterCategory":2,"parameterCategoryName":"UnknownDiscipline_0_Category_2","parameterNumber":3,"parameterNumberName":"UnknownParameter_D0_C2_3","parameterUnit":"Unknown","genProcessType":2,"genProcessTypeName":"Forecast","forecastTime":240,"surface1Type":103,"surface1TypeName":"Specified height level above ground","surface1Value":10.0,"surface2Type":255,"surface2TypeName":"Missing","surface2Value":0.0,"gridDefinitionTemplate":0,"gridDefinitionTemplateName":"Latitude_Longitude","numberPoints":615,"shape":6,"shapeName":"Earth spherical with radius of 6,371,229.0 m","gridUnits":"degrees","resolution":48,"winds":"true","scanMode":64,"nx":41,"ny":15,"basicAngle":0,"lo1":47.0,"la1":41.0,"lo2":87.0,"la2":55.0,"dx":1.0,"dy":1.0}, "data":
[rows 0 to 14 of 15, columns 0 to 40 of 41]
-1.0259644,-1.9659643,3.8940356,10.274035,7.4240355,3.4840357,-1.6459644,0.77403563,0.39403564,-1.2059643,-2.0759645,-3.2859643,-3.6559644,-4.0059643,-3.1259644,-3.8159645,-4.335964,-4.7759643,-5.3459644,-3.1859643,-2.4859643,-4.2359643,-3.3759644,0.52403563,-2.2959642,-0.32596436,-1.7659644,1.2640357,-0.39596435,0.29403564,-0.82596433,-0.54596436,0.94403565,1.9940356,-0.48596436,0.9140356,1.2640357,1.0640357,0.7340357,-0.47596437,0.23403564
5.584036,1.6940356,11.924036,10.344036,7.934036,3.9340355,-1.7759644,1.9840356,0.94403565,1.2140356,-0.25596437,-2.5459642,-2.8059645,-3.4159644,-4.3259645,-3.9959643,-4.2559643,-4.4859643,-5.085964,-4.4359646,-4.065964,-3.3859644,-0.49596435,0.47403565,0.52403563,1.6240356,-1.6659644,1.7640357,-0.33596435,1.8440356,1.9040357,2.1740355,-1.0959643,0.48403564,-2.6559644,-0.38596436,-0.7059643,-1.6859643,0.22403565,-1.6259644,-0.065964356
2.2740357,7.5940356,8.264035,7.0240355,4.4840355,2.0440357,-0.16596435,-0.6459644,0.30403563,-1.9859643,-1.8859644,-0.15596436,-1.9659643,-0.08596435,-2.3159645,-3.1459644,-3.2159643,-3.5859644,-3.7159643,-3.6559644,-3.5459642,-2.8859644,-0.7059643,2.0440357,1.9040357,1.1140356,0.33403563,1.3540356,1.2740357,3.1740355,2.8140357,0.25403565,0.35403565,-0.08596435,-0.23596436,-0.055964354,-0.26596436,-2.9659643,-0.8459644,1.2340356,1.7940357
3.8840356,6.664036,6.4640355,5.604036,3.2240357,2.4240355,1.7740357,-0.81596434,-1.5859643,-1.3459643,-2.5459642,-3.1259644,-3.1459644,-1.1359644,-0.075964354,0.08403564,-0.5159643,-0.9659644,-1.7859644,-2.0159643,-1.8259643,-0.99596435,-0.91596437,-1.6759644,0.96403563,1.1240356,0.44403565,-0.35596436,2.9440355,2.9140356,2.2140357,0.7240356,-1.0859643,-0.27596435,-0.45596436,-0.72596437,1.9740356,3.3540356,-0.41596437,1.1740357,1.5840356
3.2940357,4.584036,4.7340355,2.2340357,0.7840356,-0.43596435,-0.9659644,-0.8959644,-1.8559643,-1.2759644,-0.6459644,-0.53596437,-1.2659644,-0.92596436,1.4840356,1.3440356,1.1240356,0.63403565,0.9840357,0.64403564,0.13403565,-1.2359643,-1.0759643,-0.46596435,0.20403564,0.99403566,2.7840357,1.7540356,2.2940357,1.2140356,4.144036,4.2140355,3.4640357,3.4340355,-0.22596435,-0.54596436,-1.1459644,-2.5959644,-2.0959644,-1.2559644,-3.8359644
2.5440357,2.3940356,4.5440354,3.6240356,2.6640356,1.2640357,0.15403564,-0.66596437,-1.2559644,-1.6959643,-1.4559643,-2.7659643,-3.7259643,-5.105964,-4.9859643,-4.7259645,-4.855964,-3.5659645,-4.1359644,-4.335964,-5.4559646,-8.005964,-8.965964,-2.2459643,-0.045964357,1.1740357,1.9740356,3.2440357,4.184036,2.8340356,3.3640356,6.2540355,3.7140357,3.8540356,3.0340357,1.5740356,3.1840355,0.41403565,-0.34596434,-2.1459644,0.49403563
4.164036,4.2140355,3.9540358,3.4040356,2.8540356,1.9040357,-0.32596436,0.55403566,-0.67596436,-2.3659644,-2.8859644,-1.7159643,-3.3659644,-4.4959645,-5.2459645,-5.855964,-6.0359645,-5.8659644,-6.6759644,-7.2459645,-6.4459643,-6.375964,-7.2159643,-4.8459644,-10.665964,-5.9459643,2.9140356,4.0740356,4.3040357,5.1740355,4.834036,6.3040357,4.934036,4.7940354,2.5940356,0.5940356,-0.14596435,2.3940356,0.16403565,-0.8359644,1.4840356
3.1840355,3.2540357,2.8940356,2.3940356,2.0940356,0.104035646,-0.45596436,-1.1659644,-0.7759644,-1.7159643,-2.5359643,-2.0559645,-2.5059643,-2.9959643,-3.7359643,-3.7459643,-4.2359643,-4.815964,-4.9559646,-5.8659644,-6.4959645,-6.145964,-4.8459644,-5.2959642,-4.2359643,-4.2859645,-7.9759645,2.1240356,5.5340357,6.644036,6.4040356,6.9540358,9.094036,7.2640357,7.7640357,5.144036,3.0240357,0.87403566,-0.93596435,-1.3559643,-1.0159644
3.3040357,3.4640357,2.9540358,1.7440356,0.76403564,0.33403563,-0.22596435,-0.34596434,-0.7759644,-1.1859643,-1.6259644,-2.4659643,-2.2059643,-2.6559644,-2.8059645,-2.1159644,-2.3359644,-2.6159644,-3.2259643,-2.5659645,-3.7359643,-4.565964,-5.085964,-4.6559644,-4.5059643,-3.3059645,-2.8559644,-5.2859645,4.7140355,6.604036,8.184035,8.364036,9.224035,10.224035,6.9240355,5.4740357,0.9140356,4.3140354,5.4940357,2.5040357,1.5340357
3.2940357,3.1240356,2.2540357,1.5340357,1.2540356,0.67403567,0.40403566,0.034035645,-0.08596435,-0.39596435,-1.3259643,-2.4459643,-2.1459644,-2.2059643,-2.2059643,-2.2159643,-2.0759645,-1.8559643,-1.2459644,-1.2859644,-1.2059643,-1.7359643,-2.5059643,-3.8359644,-4.3259645,-3.9759643,-1.3359643,-1.1459644,-4.165964,7.5040355,5.8640356,0.9740356,8.314035,9.594036,9.414036,5.3640356,2.0340357,0.82403564,5.7140355,5.2840357,3.6540356
3.4740357,3.1440356,3.1540356,2.0140357,1.6740357,1.4340357,2.0040357,1.9040357,0.68403566,-0.7659643,-0.56596434,-0.39596435,-1.9459643,-3.0659645,-4.1759644,-4.375964,-4.7959642,-4.8059645,-4.105964,-3.7659643,-3.7259643,-1.4359643,-0.9659644,-2.3859644,-2.8559644,-2.5859644,-3.8759644,-2.0159643,-4.125964,-10.285964,6.4740357,5.5240355,2.2540357,1.8940357,-0.12596436,1.9940356,5.8140354,3.4240355,5.3040357,2.2840357,1.5240357
1.6440357,2.6040356,3.1040356,3.2040358,2.8840356,2.8440356,1.7740357,1.5940356,0.014035645,-0.56596434,-0.67596436,-1.1859643,-1.8559643,-1.8859644,-3.3759644,-3.9159644,-4.605964,-5.395964,-4.8659644,-3.6659644,-3.1059644,-2.7759643,-0.93596435,-0.41596437,-1.3559643,-3.1259644,-3.4659643,-3.7159643,-2.8159645,-2.3759644,-6.4559646,1.7140356,7.3240356,4.874036,1.5240357,0.57403564,2.1740355,4.874036,3.2140357,2.8540356,0.99403566
4.7940354,3.0240357,3.2440357,3.0840356,2.8940356,2.1040356,1.9940356,1.9740356,1.5240357,0.57403564,-0.18596436,-2.1159644,-0.38596436,-1.6759644,-2.8959644,-5.4659643,-6.1759644,-5.8059645,-5.605964,-4.5359645,-2.3059645,0.8540356,0.024035644,0.55403566,-0.09596436,-0.37596434,-1.6459644,-1.2659644,-3.7759643,-1.9659643,0.57403564,-2.3759644,-3.8459644,5.4440355,5.4040356,2.2240357,2.4840357,-0.92596436,7.144036,3.7040358,1.6340356
4.6340356,5.6140356,6.354036,4.7940354,2.8040357,3.0440357,2.7140357,2.8940356,1.8040357,1.1940356,1.4840356,-0.34596434,0.46403563,-0.30596435,-3.3259645,-4.4659643,-5.5559645,-6.1159644,-6.5459642,-6.4959645,-6.165964,-2.1459644,1.2740357,1.0440357,1.8240356,1.0240357,-0.055964354,0.88403565,-0.8959644,-2.0559645,-0.20596436,0.35403565,0.27403563,-1.2059643,-0.34596434,3.2140357,2.9740357,0.76403564,0.96403563,4.3240356,3.9040356
3.9240355,5.914036,7.6140356,4.5340357,4.3840356,3.0240357,2.8240356,2.6240356,2.3040357,1.4240357,1.4440356,1.8740356,0.76403564,-3.9359643,-5.4259644,-5.335964,-5.4659643,-7.8459644,-7.1759644,-6.9259644,-7.1359644,-5.0059643,1.3340356,1.2240356,2.4040356,2.2940357,2.3840356,1.6940356,1.8340356,1.3740356,0.52403563,-0.54596436,0.75403565,0.93403566,0.44403565,-0.025964355,0.71403563,4.434036,2.8140357,2.1740355,5.084036
