wind_kz.json
{"header": {"discipline":0,"disciplineName":"Meteorological products","gribEdition":2,"gribLength":871,"center":7,"centerName":"US National Weather Service - NCEP(WMC)","subcenter":0,"refTime":"2024-03-19T18:00:00.000Z","significanceOfRT":1,"significanceOfRTName":"Start of forecast","productStatus":0,"productStatusName":"Operational products","productType":1,"productTypeName":"Forecast products","productDefinitionTemplate":0,"productDefinitionTemplateName":"Analysis/forecast at horizontal level/layer at a point in time","parameterCategory":0,"parameterCategoryName":"UnknownDiscipline_0_Category_0","parameterNumber":0,"parameterNumberName":"UnknownParameter_D0_C0_0","parameterUnit":"Unknown","genProcessType":2,"genProcessTypeName":"Forecast","forecastTime":300,"surface1Type":1,"surface1TypeName":"Ground or water surface","surface1Value":0.0,"surface2Type":255,"surface2TypeName":"Missing","surface2Value":0.0,"gridDefinitionTemplate":0,"gridDefinitionTemplateName":"Latitude_Longitude","numberPoints":615,"shape":6,"shapeName":"Earth spherical with radius of 6,371,229.0 m","gridUnits":"degrees","resolution":48,"winds":"true","scanMode":64,"nx":41,"ny":15,"basicAngle":0,"lo1":47.0,"la1":41.0,"lo2":87.0,"la2":55.0,"dx":1.0,"dy":1.0}, "data":
[rows 0 to 14 of 15, columns 0 to 40 of 41]
280.57672,274.97675,277.67673,280.87674,281.67673,282.87674,283.37674,283.57672,281.57672,283.27673,282.07672,283.37674,287.07672,288.57672,292.97675,294.27673,292.47675,293.27673,293.97675,293.07672,297.57672,296.17673,296.07672,283.87674,293.97675,293.47675,288.17673,273.17673,279.97675,276.47675,280.97675,280.57672,300.87674,306.87674,305.77673,305.87674,308.97675,306.57672,306.87674,306.17673,306.27673
272.37674,277.87674,281.07672,281.07672,281.47675,281.97675,285.27673,285.47675,286.47675,287.17673,287.57672,288.77673,291.27673,291.17673,290.87674,290.67673,293.07672,292.67673,292.67673,293.97675,294.27673,295.47675,289.97675,287.07672,273.17673,273.17673,278.57672,275.47675,280.17673,272.77673,286.57672,270.87674,286.87674,267.07672,271.97675,299.17673,302.87674,305.07672,305.87674,301.97675,273.27673
285.97675,279.67673,281.07672,281.27673,281.07672,285.87674,286.27673,287.17673,285.87674,286.57672,286.17673,289.87674,291.07672,291.47675,289.17673,290.17673,289.57672,289.67673,289.87674,290.57672,291.47675,293.67673,292.07672,285.57672,294.17673,282.17673,280.67673,278.87674,275.97675,273.67673,268.37674,271.07672,275.27673,280.27673,280.17673,278.97675,273.87674,281.17673,287.87674,287.87674,279.27673
286.27673,279.77673,280.07672,280.67673,282.47675,287.17673,287.67673,286.87674,287.07672,287.97675,287.47675,285.57672,283.87674,284.47675,288.67673,288.47675,287.77673,288.17673,289.17673,290.67673,290.37674,292.67673,289.87674,290.67673,289.97675,289.87674,290.67673,282.17673,281.67673,282.57672,283.97675,279.27673,284.77673,287.07672,285.97675,282.37674,271.27673,274.17673,289.47675,293.07672,297.87674
285.77673,279.67673,279.37674,279.67673,283.47675,290.27673,290.27673,291.97675,289.57672,288.77673,286.97675,287.37674,282.47675,282.17673,280.87674,288.97675,289.17673,289.87674,289.17673,287.87674,288.17673,289.67673,288.97675,288.97675,287.47675,287.77673,285.07672,283.87674,285.47675,288.77673,287.77673,283.67673,272.97675,269.87674,285.97675,288.77673,284.37674,295.27673,299.77673,295.97675,294.17673
287.87674,288.27673,279.37674,277.07672,271.47675,273.07672,293.77673,290.67673,289.47675,288.17673,287.27673,286.97675,282.37674,281.67673,280.87674,288.47675,286.87674,288.67673,286.67673,288.37674,287.97675,287.07672,287.77673,286.87674,279.07672,279.57672,286.47675,273.07672,279.67673,280.47675,281.07672,285.77673,281.57672,285.07672,281.27673,285.97675,274.87674,275.57672,285.27673,294.47675,294.17673
288.77673,290.07672,290.47675,292.17673,287.27673,293.47675,293.87674,291.57672,289.47675,288.27673,287.37674,285.37674,284.87674,285.17673,285.97675,283.87674,285.57672,285.47675,285.97675,286.77673,284.77673,283.27673,283.27673,282.87674,281.17673,284.37674,276.37674,280.37674,278.47675,275.17673,274.27673,274.67673,275.27673,277.07672,286.27673,278.67673,274.87674,277.97675,272.67673,274.27673,278.27673
287.97675,290.27673,289.37674,289.77673,292.67673,292.87674,292.17673,291.77673,287.27673,285.87674,285.07672,284.37674,287.77673,284.57672,285.87674,283.97675,285.07672,282.27673,280.87674,280.27673,279.47675,280.27673,280.37674,282.17673,282.87674,283.07672,276.87674,270.57672,268.77673,268.97675,267.57672,269.67673,273.77673,266.97675,273.87674,271.77673,270.47675,273.17673,278.87674,276.97675,276.27673
287.77673,288.47675,289.87674,288.67673,291.47675,292.57672,290.27673,289.17673,287.17673,286.07672,286.57672,285.67673,284.47675,285.47675,285.17673,284.87674,283.47675,283.47675,273.87674,273.27673,271.57672,268.67673,268.47675,271.27673,272.07672,271.57672,269.17673,268.77673,267.37674,267.87674,265.37674,264.77673,268.57672,267.67673,268.07672,267.47675,273.17673,273.17673,272.87674,273.17673,273.17673
285.37674,284.27673,286.57672,288.47675,287.47675,287.27673,288.37674,287.37674,286.97675,285.47675,284.87674,284.57672,285.67673,283.07672,280.67673,281.47675,282.57672,282.37674,281.47675,279.17673,270.47675,273.07672,272.27673,269.97675,269.57672,269.07672,269.57672,267.67673,265.77673,265.37674,268.17673,269.47675,271.57672,273.07672,273.67673,269.57672,270.37674,273.17673,273.17673,276.67673,273.07672
283.87674,286.47675,287.27673,286.77673,285.37674,285.97675,284.07672,285.17673,283.27673,280.67673,273.77673,281.97675,281.67673,277.77673,272.37674,275.17673,273.37674,278.17673,271.97675,269.37674,271.07672,268.87674,269.07672,269.87674,271.57672,271.97675,270.47675,277.47675,277.37674,280.47675,280.47675,280.37674,281.07672,278.57672,277.17673,271.27673,270.97675,278.97675,282.27673,276.07672,275.37674
285.37674,286.37674,284.27673,285.27673,285.07672,280.07672,277.37674,280.87674,278.87674,280.17673,277.47675,273.77673,273.27673,271.97675,271.97675,271.87674,271.57672,272.07672,274.27673,271.17673,269.57672,268.17673,267.47675,266.87674,267.37674,271.27673,279.07672,280.87674,282.77673,282.17673,279.77673,269.07672,277.37674,269.27673,274.67673,276.37674,275.67673,271.47675,271.67673,273.97675,273.87674
282.67673,285.17673,285.47675,285.07672,284.27673,278.07672,276.27673,276.07672,282.27673,280.17673,279.17673,276.87674,273.17673,273.67673,273.17673,272.67673,271.97675,270.87674,271.57672,270.17673,269.77673,268.97675,272.67673,268.67673,268.07672,267.07672,267.07672,266.17673,265.87674,271.27673,267.17673,265.87674,266.47675,266.17673,267.77673,267.67673,272.37674,271.17673,268.17673,267.37674,271.47675
283.97675,282.27673,278.37674,283.27673,280.97675,280.27673,277.37674,274.67673,279.47675,280.47675,274.47675,273.17673,276.17673,273.17673,273.17673,273.17673,272.87674,272.67673,272.17673,271.17673,270.47675,270.37674,270.07672,268.97675,268.77673,266.77673,265.77673,265.27673,265.67673,265.47675,265.57672,265.97675,266.97675,267.77673,270.27673,267.47675,269.17673,268.77673,269.07672,269.47675,269.07672
283.17673,283.47675,273.27673,282.37674,280.17673,280.07672,281.87674,279.77673,279.07672,280.27673,276.67673,275.37674,274.47675,276.27673,275.97675,276.07672,275.47675,278.97675,278.37674,272.77673,271.87674,271.87674,270.77673,271.17673,269.47675,267.37674,266.47675,265.37674,265.37674,265.97675,265.57672,265.87674,266.77673,268.47675,269.27673,268.97675,269.37674,270.27673,267.57672,267.77673,269.37674
