wind_kz.json
{"header": {"discipline":0,"disciplineName":"Meteorological products","gribEdition":2,"gribLength":1102,"center":7,"centerName":"US National Weather Service - NCEP(WMC)","subcenter":0,"refTime":"2023-10-05T00:00:00.000Z","significanceOfRT":1,"significanceOfRTName":"Start of forecast","productStatus":0,"productStatusName":"Operational products","productType":1,"productTypeName":"Forecast products","productDefinitionTemplate":0,"productDefinitionTemplateName":"Analysis/forecast at horizontal level/layer at a point in time","parameterCategory":2,"parameterCategoryName":"UnknownDiscipline_0_Category_2","parameterNumber":2,"parameterNumberName":"UnknownParameter_D0_C2_2","parameterUnit":"Unknown","genProcessType":2,"genProcessTypeName":"Forecast","forecastTime":300,"surface1Type":103,"surface1TypeName":"Specified height level above ground","surface1Value":10.0,"surface2Type":255,"surface2TypeName":"Missing","surface2Value":0.0,"gridDefinitionTemplate":0,"gridDefinitionTemplateName":"Latitude_Longitude","numberPoints":615,"shape":6,"shapeName":"Earth spherical with radius of 6,371,229.0 m","gridUnits":"degrees","resolution":48,"winds":"true","scanMode":64,"nx":41,"ny":15,"basicAngle":0,"lo1":47.0,"la1":41.0,"lo2":87.0,"la2":55.0,"dx":1.0,"dy":1.0}, "data":
[rows 0 to 14 of 15, columns 0 to 40 of 41]
1.3101783,1.2901782,-0.90982175,-7.5198216,-4.029822,-5.9398217,-10.089822,-10.339822,-10.119822,-7.889822,-7.3998218,-6.339822,-6.0598216,-5.069822,-4.609822,-3.7798219,-3.509822,-4.3698215,-2.9598217,-2.009822,0.020178223,-0.9798218,2.1301782,2.0001783,0.3201782,1.8601782,2.3801782,2.4001782,0.48017824,0.8801782,1.4301782,1.3701782,-1.2898217,-0.38982177,-1.8198218,0.60017824,2.3401783,1.1901783,1.0001782,1.3301783,0.86017823
1.5501782,-1.7398218,-10.859821,-9.029821,-8.619822,-4.4598217,-9.269822,-9.449821,-9.229822,-7.6698217,-6.7698216,-6.759822,-6.3698215,-6.2898216,-6.1498218,-5.6698217,-4.489822,-4.009822,-2.8598218,-5.359822,-3.3498218,-1.7498218,0.3201782,1.0801783,0.2601782,-0.7498218,-0.23982178,1.7001783,0.7501782,-0.20982178,0.27017823,0.6201782,1.5401782,-1.4698218,0.55017823,0.53017825,1.8201783,0.040178224,-1.1398218,-1.0398217,-1.3098217
-3.5598218,-8.599822,-10.039822,-8.509822,-9.6598215,-9.929822,-8.9098215,-8.359821,-8.989821,-7.759822,-7.7098217,-6.8998218,-6.339822,-6.319822,-5.5798216,-5.359822,-5.6498218,-5.4998217,-4.4998217,-1.2198218,-2.0698218,-8.769822,-7.7098217,-7.5998216,-2.1598217,-3.2998219,-2.4498217,-1.3098217,2.1201782,-0.44982177,-0.8698218,-0.47982177,0.5101782,0.13017823,-1.8098217,0.020178223,0.73017824,-1.2198218,5.660178,2.490178,1.2401782
-7.699822,-9.6598215,-9.779821,-4.8998218,-8.299822,-8.489821,-6.739822,-8.1598215,-7.799822,-7.879822,-8.1598215,-7.529822,-5.549822,-3.3998218,-6.1198215,-6.0598216,-5.279822,-5.799822,-6.339822,-6.949822,-6.4998217,-8.309822,-5.0798216,-5.859822,-5.699822,-6.299822,-6.3998218,-6.2298217,-4.799822,-2.3198218,-0.3998218,1.3301783,1.1601782,1.5801783,1.5401782,1.1801782,-0.7598218,2.0601783,0.37017822,1.2701782,-0.12982178
-8.989821,-9.899822,-7.7698216,-8.789822,-7.7298217,-7.609822,-6.759822,-7.3698215,-7.199822,-7.659822,-7.8498216,-6.719822,-4.199822,-1.3698218,-2.4398217,-5.509822,-5.989822,-5.2498217,-4.989822,-4.889822,-5.609822,-4.989822,-4.8998218,-4.4798217,-4.9598217,-5.639822,-5.7698216,-4.2498217,-3.5298219,-2.9598217,-3.2798219,-1.6798217,-0.30982178,0.7101782,-0.059821777,-1.0998218,8.430179,2.1801782,1.2901782,1.9401783,0.8101782
-8.459822,-7.8498216,-9.249822,-8.869822,-8.239821,-6.509822,-7.2698216,-6.839822,-6.549822,-6.4398217,-6.139822,-5.319822,-3.5998218,-2.2098217,-2.3898218,-4.2898216,-4.6698217,-4.549822,-4.9598217,-5.199822,-5.379822,-4.549822,-3.6098218,-3.4298217,-3.6598217,-4.7898216,-3.3298218,-2.9998217,-2.6198218,-3.2398217,-3.4698217,-3.2798219,-2.6598217,-1.0798218,2.2701783,0.72017825,2.1201782,4.2501783,7.840178,-1.5498217,-0.26982176
-8.149822,-8.029821,-7.819822,-7.5598216,-6.799822,-5.719822,-6.199822,-5.4598217,-5.259822,-4.629822,-4.3698215,-3.8098218,-2.9298217,-3.4098217,-3.0698218,-3.269822,-3.1298218,-3.1598217,-2.7498217,-4.2098217,-5.1898217,-4.069822,-3.3898218,-3.009822,-3.7198217,-1.9298217,-2.9798217,-0.30982178,-2.2798219,-1.9298217,-1.7298218,-1.7698218,-0.7998218,-1.2898217,2.3701782,2.2001781,0.7101782,0.40017822,1.5501782,0.48017824,1.5901783
-7.429822,-7.2698216,-6.7698216,-5.359822,-5.429822,-5.239822,-4.339822,-3.8998218,-3.519822,-3.2098217,-2.5798218,-2.1298218,-2.7798219,-2.1698217,-1.6498218,-0.95982176,-2.1098218,-1.5898218,-1.8498218,-1.5998218,-3.7098217,-3.4098217,-2.0298219,-3.1298218,-2.9398217,-0.31982177,-1.0998218,-0.9198218,-2.1098218,-2.0898218,-1.3098217,-1.1098218,-2.269822,-0.76982176,0.09017822,0.9301782,3.1101782,6.3801785,6.620178,10.520178,7.4801784
-6.089822,-5.879822,-5.509822,-4.929822,-4.2898216,-3.9398217,-3.4898217,-3.2498217,-2.4498217,-2.4198217,-2.1898217,-0.9198218,-0.7598218,-0.8498218,-0.46982178,0.10017822,-0.5998218,-0.6698218,-0.82982177,-1.1398218,-0.04982178,-0.3398218,-2.7398217,-1.2698218,-1.4298217,-0.44982177,-0.28982177,-0.21982178,-0.019821778,-0.64982176,-0.76982176,-1.1098218,-0.3698218,0.25017822,0.39017823,2.3701782,1.6801782,1.4701782,1.1301782,1.4501783,0.6801782
-4.9798217,-4.2498217,-3.9298217,-3.8298218,-3.3298218,-2.9398217,-2.9098217,-2.4198217,-1.6498218,-1.2198218,-0.46982178,0.79017824,0.27017823,0.72017825,-0.3698218,0.85017824,-0.069821775,-0.69982177,-1.1498218,-0.13982178,0.49017823,0.60017824,-0.19982177,-0.3698218,0.5001782,1.1301782,0.43017823,0.78017825,0.13017823,-1.4198217,-0.88982177,-1.7698218,0.18017823,-0.04982178,-0.3998218,1.9301782,1.3601782,1.1301782,0.31017822,1.6501782,1.0401782
-3.2898219,-3.0698218,-2.9098217,-2.6198218,-2.5898218,-1.8098217,-1.5798218,-1.0098218,-0.37982178,0.6901782,1.3601782,2.3801782,1.7201782,2.230178,2.0401783,1.2601782,0.36017823,0.08017822,0.45017824,1.1401782,2.4001782,0.49017823,1.9601783,0.010178222,0.9501782,0.8701782,0.48017824,1.0001782,0.2601782,-2.8498218,-2.4098217,-1.3898218,-1.8298218,-0.9998218,-1.6398218,-0.109821774,-0.7398218,1.3301783,0.4101782,0.10017822,-0.16982178
-2.1198218,-1.7698218,-1.9398217,-1.5098218,-1.3898218,-1.0198218,-0.5998218,0.050178222,0.37017822,0.86017823,1.8001782,2.6801782,2.3501782,2.1701782,1.6701782,1.1001782,0.85017824,0.97017825,1.1101782,0.85017824,1.2501782,-0.5998218,-0.51982176,-0.21982178,1.0601783,0.31017822,-0.40982178,-0.3398218,-2.1998217,-2.4498217,-1.9698218,-2.2398217,-2.0798218,-1.2598218,-1.0498217,-2.1298218,-1.6898217,0.15017822,-0.9298218,-0.6198218,0.20017822
-0.9198218,-0.76982176,-0.63982177,-0.29982176,-0.15982178,-0.5398218,0.34017822,1.1401782,1.7701782,1.1901783,0.9001782,1.9201782,2.3601782,1.6001782,0.9001782,0.55017823,0.97017825,1.1101782,-0.83982176,1.8501782,1.3601782,1.2601782,1.0801783,0.60017824,-0.5698218,-1.1798217,-1.9798218,-1.3198218,-2.7398217,-2.6098218,-2.0898218,-2.2998219,-1.7998217,-1.2398218,-1.9598218,-1.5098218,-0.94982177,-0.94982177,-0.82982177,-0.099821776,-0.5598218
-0.37982178,-0.15982178,-0.5498218,-0.099821776,0.23017822,0.53017825,1.1201782,1.4601783,1.8301783,0.7601782,0.40017822,1.3201783,1.6101782,1.6501782,1.4001782,1.2201782,1.2901782,2.230178,2.0501783,2.0901783,1.8501782,0.40017822,1.2301782,-0.38982177,-0.04982178,-1.2998217,-1.1598217,-1.6898217,-2.1398218,-1.6998218,-1.8298218,-1.5098218,-1.6098218,-1.5798218,-1.2598218,-2.1598217,-0.8798218,-0.41982177,-1.8498218,-0.8598218,-0.64982176
-0.3698218,-0.41982177,0.110178225,0.5201782,1.0201782,1.3701782,2.0801783,1.8301783,2.2501783,0.12017822,0.09017822,2.2101781,1.6201782,1.1201782,2.5501783,2.2601783,2.4701781,2.980178,2.740178,2.0801783,1.1201782,0.49017823,0.55017823,-0.11982178,-0.9398218,0.44017822,-0.9798218,-0.31982177,-0.83982176,-0.76982176,-1.3498218,-0.6898218,-0.89982176,-1.1598217,-1.8198218,-1.5898218,-0.94982177,-1.8998218,-0.7298218,-0.16982178,0.36017823
