wind_kz.json
{"header": {"discipline":0,"disciplineName":"Meteorological products","gribEdition":2,"gribLength":1025,"center":7,"centerName":"US National Weather Service - NCEP(WMC)","subcenter":0,"refTime":"2023-08-18T00:00:00.000Z","significanceOfRT":1,"significanceOfRTName":"Start of forecast","productStatus":0,"productStatusName":"Operational products","productType":1,"productTypeName":"Forecast products","productDefinitionTemplate":0,"productDefinitionTemplateName":"Analysis/forecast at horizontal level/layer at a point in time","parameterCategory":2,"parameterCategoryName":"UnknownDiscipline_0_Category_2","parameterNumber":3,"parameterNumberName":"UnknownParameter_D0_C2_3","parameterUnit":"Unknown","genProcessType":2,"genProcessTypeName":"Forecast","forecastTime":0,"surface1Type":103,"surface1TypeName":"Specified height level above ground","surface1Value":10.0,"surface2Type":255,"surface2TypeName":"Missing","surface2Value":0.0,"gridDefinitionTemplate":0,"gridDefinitionTemplateName":"Latitude_Longitude","numberPoints":615,"shape":6,"shapeName":"Earth spherical with radius of 6,371,229.0 m","gridUnits":"degrees","resolution":48,"winds":"true","scanMode":64,"nx":41,"ny":15,"basicAngle":0,"lo1":47.0,"la1":41.0,"lo2":87.0,"la2":55.0,"dx":1.0,"dy":1.0}, "data":
[rows 0 to 14 of 15, columns 0 to 40 of 41]
1.4729956,-2.3570044,-0.027004395,-3.2870045,-4.0170045,-5.357004,-3.2270043,-3.1470044,-2.5770044,0.54299563,4.5329957,4.162996,2.9329956,0.5329956,-1.3970044,-2.7170043,-2.4970045,-1.8470044,-1.4870044,-0.0070043947,-0.2270044,-1.8870044,1.7929956,-1.2270044,-0.2970044,-1.6270044,-1.1770043,1.2229956,1.0929956,3.2729957,1.4629956,0.4729956,2.0029955,-0.7970044,-2.8870044,-2.5970044,-2.1470044,-3.1770043,0.5329956,-0.9170044,3.1429956
3.4729955,1.2929956,1.0129956,-1.9470044,-4.6470046,-5.3470044,-6.2370043,-2.1570044,-2.5270045,-2.7370043,3.2429955,3.9729955,2.7829957,2.0429957,-1.3970044,-2.2670045,-1.9870044,-1.3570044,-0.13700439,-0.7470044,-1.4270043,-2.3770044,1.6829956,1.7029957,0.6329956,0.37299562,-1.5370044,0.6329956,-0.6670044,1.2129956,3.3929956,4.4729958,0.7729956,-0.4570044,-1.2470044,0.2329956,-1.3370044,-1.3170044,-1.0070044,0.6129956,0.4529956
2.0429957,3.8929956,2.0229957,-2.6570044,-4.5770044,-3.9370043,-3.8170044,-4.297004,-3.6570044,-3.2870045,3.2229955,5.2129955,3.6529956,3.1829956,1.4829956,-0.6270044,0.4229956,-1.3670044,2.7929957,1.5829957,-0.9970044,-1.8170044,-3.1570044,-1.1870044,-1.0570045,0.102995604,-0.6070044,1.6129956,0.2029956,0.8429956,3.1029956,-0.0070043947,1.4029956,-1.5670044,-0.6270044,2.4929955,2.9529955,0.3929956,1.3029956,0.5229956,0.8029956
2.2129955,3.5629957,-0.7770044,-2.4570043,-3.1370044,-2.2770045,-2.9670043,-3.5070045,-3.3770044,-3.1970043,3.2129955,4.5629954,4.952996,2.7729957,0.2529956,-2.5770044,-3.1270044,-2.8570044,0.012995605,0.6529956,-0.2970044,-2.0670044,1.7929956,-0.6670044,-1.4870044,-2.0270045,-2.2270043,-2.4670043,0.17299561,-1.9270043,-1.8270044,-2.0270045,-0.037004396,-0.28700438,-0.2770044,-2.9070044,-1.1170044,2.8429956,0.3929956,0.6729956,0.9829956
1.2129956,-0.1970044,-2.3470044,-1.8170044,-1.4770044,-1.7670044,-2.1570044,-1.2470044,-2.2570045,-2.6770043,4.0929956,3.3029957,2.6329956,2.8829956,0.4829956,-0.9370044,-1.9070044,-1.8470044,-0.5370044,-1.7470044,-1.3170044,0.2829956,-0.047004394,-1.1470044,-1.9570044,-2.4570043,-2.8770044,-2.3070045,-1.9970044,-2.8270044,-3.0270045,-0.3970044,2.2829957,3.2029955,-0.8870044,-2.3670044,1.5129956,-1.6370044,-3.6470044,2.1629956,1.3029956
-2.6470044,-1.6070044,-1.5470043,-2.6270044,-0.7370044,-0.8070044,-0.9970044,-1.0070044,0.022995606,-0.6770044,0.8929956,1.2129956,-0.057004396,-1.5770044,-2.0870044,-1.3670044,1.3929956,-1.2670044,-1.5670044,0.08299561,-0.8770044,0.8429956,0.9229956,-0.7870044,-1.0970044,-1.7470044,-2.1470044,-2.4770043,-2.2370043,-2.7970045,-2.8170044,-3.0670044,-2.2870045,-1.1470044,1.8329957,-0.16700439,2.9329956,2.6629956,-1.8270044,-3.0470045,-1.8870044
-2.9970045,-2.5370045,-1.5970044,-0.9070044,-3.1070044,-1.6870044,1.9829956,-1.4670044,-2.6170044,2.0729957,-1.0070044,0.6929956,0.3629956,-2.8670044,-1.9870044,0.102995604,-1.0670044,-0.7570044,-1.5570045,-0.3670044,-0.5570044,-1.0970044,-0.2070044,0.3329956,0.19299561,-1.4270043,-2.9670043,-2.2770045,-2.9470043,-2.0770044,-2.7970045,-4.3770046,-4.5370045,-4.2870045,-0.8470044,-1.7870044,-2.6670043,-2.4970045,1.2329956,-0.0670044,-0.9770044
-3.3070045,-3.7170043,-3.1570044,-2.7670045,-0.8570044,-0.64700437,-0.4970044,0.8429956,-1.5270044,1.1629956,-1.4070044,-0.1270044,-0.1470044,-1.5070044,-2.9270043,-1.6470044,-1.4970044,-0.4570044,0.2629956,1.6929955,-0.8570044,-0.6270044,-1.2570044,-0.6770044,0.1829956,0.3029956,-1.2970043,-2.0070045,-1.7470044,-1.2970043,-1.6070044,-1.5170044,-2.9870043,-3.3670044,-0.89700437,0.7429956,-1.0970044,0.052995607,1.4929956,0.79299563,-1.6170044
-3.3070045,-3.1570044,-3.4770043,-2.2970045,0.5229956,2.8629956,1.8129956,0.012995605,-1.0970044,1.6529956,2.9329956,1.4429955,-1.2870044,-2.2070043,-1.6870044,-1.6770043,-1.8570044,-2.5970044,-1.5070044,0.60299563,1.0629956,-0.5870044,0.5529956,0.1829956,-0.3270044,-1.0970044,-0.7170044,-0.9770044,-0.9470044,-0.9270044,-1.0370044,1.0029956,0.43299562,0.102995604,0.5129956,0.0729956,-2.5670044,-1.0970044,0.37299562,0.8029956,-0.6270044
-3.0870044,-2.2970045,-2.2470045,-2.8570044,-3.7370043,-1.3470044,2.8429956,-0.25700438,0.1329956,1.0229956,0.102995604,-0.09700439,0.85299563,-0.2270044,0.3829956,-1.0470043,-0.9670044,-1.1470044,-0.9370044,0.37299562,1.2729956,1.3229957,1.1629956,-0.7370044,-0.7370044,0.102995604,-0.09700439,-0.4270044,-0.4970044,-0.3870044,-0.057004396,1.1529956,-0.1570044,0.9729956,1.5329956,0.79299563,0.6929956,-1.1570044,-0.047004394,2.1129956,2.1529956
-2.9370043,-4.0370045,-3.2970045,-4.3070045,-3.8670044,-1.3170044,1.5129956,1.2329956,-1.4270043,-2.7370043,-0.1070044,-0.3270044,1.4929956,2.0529957,1.1329956,0.37299562,-0.9670044,-1.3070045,-2.2970045,-2.5270045,-3.1370044,-1.7070044,-1.3870044,-1.6070044,-0.18700439,-0.8170044,-0.7170044,-1.3470044,1.3329957,-0.24700439,-1.8770044,-1.9170043,-2.5370045,0.1329956,2.2429955,2.3629956,1.2029957,2.2329955,2.1529956,1.6029956,-0.4170044
-2.1670043,-3.1470044,-2.6970043,-2.4370043,-0.8470044,0.2029956,-0.8370044,-0.5070044,-1.5870044,-0.6270044,-0.6970044,-2.5970044,-2.7870045,0.3929956,0.3029956,-0.6570044,-0.9870044,-2.1170044,0.102995604,-1.6570044,-1.8170044,-2.9770043,-3.0270045,-2.2770045,-2.4670043,-2.3670044,-1.8870044,-2.4670043,-2.4670043,-3.3670044,-3.2570045,-3.0570045,-2.3070045,-2.8570044,-1.7370044,0.1129956,1.8529956,1.7529956,1.9529957,2.4929955,1.4929956
-1.9070044,-2.0870044,-1.6870044,-0.9470044,-0.7270044,-0.09700439,0.042995606,0.8129956,-0.5770044,-0.3870044,-0.6770044,-0.8270044,-3.1870043,-2.1570044,-1.3770044,-1.3770044,-1.0370044,-1.9370044,-1.0970044,-1.8470044,-1.3070045,-1.3170044,-1.9070044,-1.0570045,-2.1570044,-1.6270044,-2.2870045,-2.3170044,-1.9270043,-2.3170044,-2.6770043,-2.7770045,-2.7070043,-2.4970045,-2.5470045,-2.4770043,-2.2870045,-0.95700437,0.2429956,2.0729957,2.2829957
-2.0870044,-2.0670044,-1.9670044,-1.9470044,-0.3970044,-0.2670044,-0.8170044,0.7829956,0.22299561,0.2129956,0.7129956,0.042995606,-1.3170044,-1.4070044,-1.2970043,-0.6870044,-1.2570044,-0.1270044,-0.6770044,-0.8770044,-1.3870044,-0.9470044,-1.2670044,-2.0670044,-2.1570044,-2.3570044,-2.1470044,-1.2170044,-1.4470044,-1.7370044,-1.8770044,-0.7870044,-0.8570044,-2.1070044,-2.1270044,-2.6170044,-2.0070045,-1.8970044,-1.4870044,-0.8370044,-0.0670044
-1.6870044,-2.1970043,-3.5970044,-1.0270044,-1.2470044,0.4729956,0.85299563,0.3329956,0.3429956,0.2629956,-0.0670044,1.2629956,0.8029956,-0.6670044,-1.3570044,0.012995605,0.1329956,0.3129956,-0.0670044,-0.077004395,-0.8370044,-0.70700437,-0.7970044,-1.1270044,-1.4170043,-1.7970043,-1.8170044,-1.6470044,-1.4470044,-1.7070044,-2.0670044,-2.6370044,-1.2370044,-1.1670043,-1.5070044,-1.1070044,-0.89700437,-0.8670044,-1.2570044,-1.4970044,0.5629956
