wind_kz.json
{"header": {"discipline":0,"disciplineName":"Meteorological products","gribEdition":2,"gribLength":1025,"center":7,"centerName":"US National Weather Service - NCEP(WMC)","subcenter":0,"refTime":"2023-09-22T18:00:00.000Z","significanceOfRT":1,"significanceOfRTName":"Start of forecast","productStatus":0,"productStatusName":"Operational products","productType":1,"productTypeName":"Forecast products","productDefinitionTemplate":0,"productDefinitionTemplateName":"Analysis/forecast at horizontal level/layer at a point in time","parameterCategory":2,"parameterCategoryName":"UnknownDiscipline_0_Category_2","parameterNumber":2,"parameterNumberName":"UnknownParameter_D0_C2_2","parameterUnit":"Unknown","genProcessType":2,"genProcessTypeName":"Forecast","forecastTime":300,"surface1Type":103,"surface1TypeName":"Specified height level above ground","surface1Value":10.0,"surface2Type":255,"surface2TypeName":"Missing","surface2Value":0.0,"gridDefinitionTemplate":0,"gridDefinitionTemplateName":"Latitude_Longitude","numberPoints":615,"shape":6,"shapeName":"Earth spherical with radius of 6,371,229.0 m","gridUnits":"degrees","resolution":48,"winds":"true","scanMode":64,"nx":41,"ny":15,"basicAngle":0,"lo1":47.0,"la1":41.0,"lo2":87.0,"la2":55.0,"dx":1.0,"dy":1.0}, "data":
[rows 0 to 14 of 15, columns 0 to 40 of 41]
-0.7668158,1.0631843,0.8631842,6.0631843,6.513184,5.533184,2.8131843,-4.1868157,-4.526816,-3.3068159,-3.7268157,-7.886816,-0.5568158,-1.6168158,-3.0968158,-2.026816,-2.2068157,-3.3168159,-3.256816,-4.0168157,-3.1368158,-1.5368158,-0.6668158,0.3231842,-0.8068158,-0.6668158,1.6031842,-1.4068158,-0.1668158,0.5131842,-1.0968158,1.6431842,0.21318421,1.2331842,3.9131842,3.5131843,2.6431842,2.6031842,4.843184,0.4731842,-0.6468158
0.8531842,-2.3868158,5.1931844,6.9831843,6.573184,5.9031844,3.0531843,-0.9468158,-2.8668158,-3.6168158,-4.086816,-8.906816,-2.4568157,-0.4868158,-2.6768157,-2.1168158,-2.536816,-3.4168158,-2.4468157,-2.8468158,-2.7268157,-1.6968158,0.8331842,2.1631842,-0.5868158,-0.2068158,0.7431842,-0.6768158,2.0031843,-0.2068158,0.6331842,-0.1668158,-2.006816,0.4431842,0.7231842,1.0631843,0.8831842,-1.1968158,-1.2168158,1.6931843,-0.96681577
3.7731843,9.023184,8.893185,8.293184,6.3131843,4.573184,1.4931842,-0.32681578,-3.4168158,-4.5768156,-2.6268158,-8.796816,-2.0568159,-1.5068158,-2.5468159,-2.8368158,-4.986816,-5.1168156,-5.2868156,-3.5868158,-2.786816,-4.796816,-2.5668159,-2.6468158,-0.2868158,-2.006816,-1.5168158,-2.0568159,1.6131842,0.2931842,0.053184204,1.9531842,0.1731842,-0.5468158,0.4431842,1.6631842,-0.2368158,0.2031842,-0.90681577,0.6731842,1.6631842
6.7731843,10.043184,10.203184,7.5631843,5.553184,0.9331842,-1.4968158,1.2131842,-2.7968159,-5.3268156,-5.446816,-6.466816,-4.646816,-4.2468157,-4.626816,-4.506816,-4.8468156,-4.7068157,-4.586816,-3.3268158,-0.4468158,-2.8768158,-3.4168158,-5.236816,-5.1168156,-4.1868157,-3.4968157,-5.2668157,-5.0368156,-3.1868157,-2.5868158,-6.2468157,-5.0968156,-3.9668157,-4.2268157,-2.4268157,-0.5868158,0.78318423,-2.256816,-2.8968158,-3.5768158
7.9031844,10.5931835,10.483184,7.0431843,6.5831842,3.493184,-0.3368158,-1.5268158,-4.7668157,-5.906816,-6.086816,-5.356816,-6.2868156,-5.9768157,-5.0768156,-7.4568157,-8.316815,-7.9368157,-8.286816,-9.106815,-9.256816,-7.2668157,-6.646816,-5.906816,-5.7268157,-5.736816,-6.946816,-3.1968157,-3.4468157,-2.9968157,-2.0768158,-0.22681579,2.5231843,1.0231842,-2.9068158,-2.6068158,-4.0568156,-5.7468157,-5.2668157,-4.926816,-3.8468158
7.7131844,7.9231844,6.843184,7.0031843,6.283184,1.9731842,0.3831842,-4.146816,-3.8868158,-5.8268156,-6.0168157,-6.0368156,-5.2268157,-5.946816,-4.676816,-6.986816,-5.946816,-6.0968156,-6.526816,-6.3268156,-7.086816,-6.466816,-5.9368157,-5.816816,-5.4768157,-5.7868156,-5.006816,-3.3868158,-3.776816,-3.3168159,-3.3068159,-2.4968157,-1.6668158,-1.4168158,-0.5868158,-0.5668158,-0.026815796,-3.536816,-3.286816,-2.0768158,-2.2168157
8.313184,7.603184,8.003184,6.643184,4.413184,1.3131843,-0.9368158,-4.0768156,-4.0768156,-4.7268157,-4.486816,-4.5368156,-4.046816,-3.0468159,-3.516816,-2.6768157,-2.526816,-3.526816,-4.396816,-5.3068156,-4.756816,-3.5968158,-2.8668158,-2.2268157,-2.286816,-1.8568158,-2.5768158,-2.3768158,-2.0568159,-1.5168158,-2.2368157,-2.9768157,-2.0768158,-1.6268158,-4.3068156,-5.276816,-3.3468158,0.3631842,-1.1068158,2.233184,-0.9868158
6.393184,6.4431844,5.853184,5.4231844,3.5031843,0.8731842,-1.3068157,-2.3268158,-3.7168157,-3.1368158,-2.9668157,-4.066816,-3.1668158,-3.4668157,-2.4968157,-1.9968158,-3.0968158,-2.766816,-1.2768158,-2.3968158,-2.9768157,-2.7468157,-2.4468157,-1.8468158,-0.8768158,0.2031842,0.2631842,1.0531842,0.4131842,0.1931842,-0.3768158,-0.19681579,-0.036815796,-0.7268158,-0.7668158,-3.4968157,-3.3468158,-2.276816,-6.006816,-5.646816,-1.4768158
3.5831842,2.8331842,3.4131842,3.483184,1.7531842,-0.10681579,-1.3568158,-2.0568159,-3.3168159,-3.516816,-2.8368158,-2.6468158,-2.6668158,-2.4368157,-2.5568159,-3.286816,-4.566816,-4.386816,-3.8068159,-2.5568159,-3.2068157,-2.3268158,-2.0568159,-0.3168158,0.3431842,1.0131842,2.3131843,3.3431842,2.9031842,2.9431841,2.0231843,1.9931842,0.3431842,-0.5068158,-1.4168158,-2.4968157,-2.256816,0.4031842,0.013184204,-0.6768158,0.84318423
0.1931842,-0.3168158,-1.1368158,-1.9168158,-2.536816,-2.8668158,-3.3568158,-3.6668158,-5.026816,-3.8768158,-3.2368157,-2.6368158,-2.3268158,-1.1068158,-1.7668158,-2.6568158,-3.3968158,-3.0868158,-2.8468158,-2.2368157,-2.3068159,-1.4968158,-0.9868158,-0.4768158,0.9131842,2.0631843,3.1431842,3.3531842,4.053184,3.8131843,2.6731842,1.5031842,0.5731842,-0.096815795,-0.4168158,-1.2468158,-0.8268158,-1.2668158,2.3531842,0.6331842,-0.4068158
-1.3368158,-3.276816,-4.7468157,-5.736816,-5.636816,-5.406816,-5.1668158,-4.8468156,-3.8468158,-4.2668157,-2.8668158,-1.0768158,-1.3768158,-1.3068157,-0.2468158,-0.6068158,-0.6368158,-0.6968158,-1.1468158,-1.6868157,-1.2168158,-0.2168158,-0.3068158,0.2331842,0.9631842,1.7531842,3.1531842,1.9031842,1.5931842,2.0631843,3.1131842,-0.016815796,-1.3568158,-0.4868158,-0.8068158,-0.4968158,0.123184204,0.6631842,0.2931842,-0.4868158,0.6731842
-3.4168158,-3.8768158,-4.146816,-5.466816,-5.196816,-5.7068157,-6.0568156,-6.406816,-3.4768157,-4.466816,-1.3468158,-0.8968158,-0.1368158,0.5131842,0.6831842,1.4931842,1.7331842,0.16318421,-0.036815796,-0.4668158,-0.046815798,-0.8768158,-0.14681579,0.1531842,1.0131842,1.1831841,0.7031842,-0.7868158,2.483184,0.5231842,-1.9668158,-2.4068158,-2.0668159,-1.5568157,-1.0768158,-0.6468158,-0.5868158,-0.96681577,-0.65681577,-0.7568158,-1.0468158
-2.9068158,-4.6168156,-4.0368156,-4.106816,-3.7168157,-2.7068157,-4.196816,-4.136816,-3.266816,-2.5968158,-1.1968158,-0.6968158,-0.6968158,0.3831842,-0.2468158,-0.0768158,1.3131843,-0.3968158,-0.8468158,-0.7368158,-0.5168158,-0.7768158,-0.016815796,1.0631843,2.0231843,2.3931842,1.9731842,1.0131842,1.3131843,-0.5168158,-2.1668158,-1.8568158,-2.9368157,-2.2368157,-1.7468158,-1.4568158,-1.8568158,-0.9568158,-1.8168159,-1.8768158,-1.5068158
-1.1168158,-0.4668158,-2.0668159,-2.256816,-3.6668158,-3.5968158,-2.026816,-1.3968158,-0.9368158,-1.5968158,-1.1368158,-0.6068158,1.7431842,3.7531843,1.8831842,0.6731842,0.6131842,0.033184204,-0.6668158,-0.8368158,-0.7468158,0.2731842,1.0631843,1.4931842,1.5431842,1.4631842,1.6131842,0.21318421,0.9131842,-1.1668158,-1.5568157,-1.0668159,-1.9868158,-2.3268158,-1.9168158,-1.3368158,-1.7368158,-1.7568158,-1.4668158,-1.0368158,-1.6468158
-0.3468158,0.3631842,1.8131843,1.0831842,-0.90681577,-1.4968158,-0.29681578,-0.6868158,-0.036815796,-1.3368158,-1.6468158,0.013184204,0.4631842,0.9031842,0.7631842,0.4331842,0.7131842,-0.1368158,-0.19681579,-0.2368158,-0.32681578,0.2331842,0.9631842,0.7731842,0.5631842,-0.3468158,-1.2668158,-2.9268157,-1.8368158,-2.0868158,-2.2268157,-2.1268158,-2.8968158,-2.4168158,-1.9668158,-2.0568159,-0.6768158,-2.1568158,-2.516816,-1.3068157,-0.14681579
