wind_kz.json
[{"header":{"discipline":0,"disciplineName":"Meteorological products","gribEdition":2,"gribLength":871,"center":7,"centerName":"US National Weather Service - NCEP(WMC)","subcenter":0,"refTime":"2023-09-08T06:00:00.000Z","significanceOfRT":1,"significanceOfRTName":"Start of forecast","productStatus":0,"productStatusName":"Operational products","productType":1,"productTypeName":"Forecast products","productDefinitionTemplate":0,"productDefinitionTemplateName":"Analysis/forecast at horizontal level/layer at a point in time","parameterCategory":0,"parameterCategoryName":"UnknownDiscipline_0_Category_0","parameterNumber":0,"parameterNumberName":"UnknownParameter_D0_C0_0","parameterUnit":"Unknown","genProcessType":2,"genProcessTypeName":"Forecast","forecastTime":300,"surface1Type":1,"surface1TypeName":"Ground or water surface","surface1Value":0.0,"surface2Type":255,"surface2TypeName":"Missing","surface2Value":0.0,"gridDefinitionTemplate":0,"gridDefinitionTemplateName":"Latitude_Longitude","numberPoints":615,"shape":6,"shapeName":"Earth spherical with radius of 6,371,229.0 m","gridUnits":"degrees","resolution":48,"winds":"true","scanMode":64,"nx":41,"ny":15,"basicAngle":0,"lo1":47.0,"la1":41.0,"lo2":87.0,"la2":55.0,"dx":1.0,"dy":1.0},"data":[293.3,283.7,289.2,297.0,296.8,295.8,295.3,295.8,293.8,294.6,291.9,293.0,292.4,292.8,292.8,289.8,290.5,290.4,289.1,289.9,291.5,287.8,286.6,282.5,287.2,287.2,284.1,271.5,269.5,262.7,269.3,274.0,284.0,291.1,294.0,293.9,293.4,291.2,291.0,292.0,291.7,277.3,289.3,296.6,296.7,296.4,294.8,295.5,293.7,292.3,292.2,292.7,292.0,290.9,290.1,288.8,289.2,289.9,289.8,288.6,288.3,287.2,288.7,286.7,278.2,271.5,270.1,278.8,270.3,272.1,271.2,273.5,256.0,273.8,259.3,267.0,288.5,287.9,290.8,293.6,284.9,284.0,290.5,296.2,297.1,296.6,294.3,294.7,293.4,291.8,290.9,291.2,290.9,291.3,288.3,289.4,291.6,289.0,288.4,287.4,286.6,287.5,287.6,287.8,287.9,283.1,284.4,283.4,286.7,284.4,283.5,274.1,271.1,274.3,277.3,275.8,278.5,279.2,272.7,276.4,277.5,274.7,275.3,293.9,295.5,296.4,295.5,293.3,291.4,293.1,291.6,292.0,291.4,290.7,289.9,292.6,292.0,291.0,291.4,290.2,290.1,289.2,287.7,287.6,285.6,289.3,288.9,287.0,289.1,289.3,285.1,285.9,285.9,285.4,281.0,286.0,286.4,287.2,283.1,274.7,271.6,278.7,285.1,290.0,293.7,293.4,294.3,293.2,292.5,292.1,293.2,292.6,292.3,292.0,291.5,289.7,291.6,290.4,288.8,290.9,291.1,288.8,287.2,290.3,290.4,290.7,288.3,288.5,287.4,287.3,286.7,288.7,286.9,286.2,289.5,285.8,273.8,267.6,281.1,287.5,290.1,291.3,292.2,292.8,292.4,292.2,289.4,292.3,291.8,292.2,291.7,294.3,294.0,292.6,291.7,292.0,291.8,291.2,291.6,290.1,289.2,291.9,290.9,291.1,290.8,288.8,287.9,287.2,289.0,287.1,286.7,287.7,290.0,291.9,289.8,288.6,290.7,288.8,286.3,286.8,289.1,282.3,282.4,289.0,292.6,293.1,290.9,289.4,292.2,292.4,292.3,292.1,293.6,292.7,293.3,293.3,291.0,291.7,291.0,290.7,290.1,291.1,290.4,291.0,289.9,289.0,288.5,288.8,289.4,289.8,287.3,286.8,287.2,290.9,287.7,288.4,287.9,287.9,289.7,290.4,290.4,289.1,284.9,279.5,278.2,277.7,289.6,291.0,290.3,292.5,293.6,293.9,293.4,292.8,291.9,290.8,291.1,290.2,289.9,289.4,290.1,291.2,290.9,290.2,291.0,290.1,287.2,287.5,287.9,288.2,287.7,288.0,283.9,284.0,284.4,284.5,285.3,285.1,285.5,285.4,284.7,285.9,289.4,289.8,288.6,289.1,290.6,285.6,292.0,291.7,291.8,291.4,292.2,291.6,291.0,290.6,289.7,289.0,288.3,288.0,288.0,289.8,289.2,290.2,289.5,289.3,288.8,288.0,286.2,286.2,288.1,287.3,285.4,286.7,282.5,280.5,284.7,280.1,281.9,282.6,283.7,286.2,285.3,284.6,287.7,287.7,275.7,276.2,274.3,290.6,291.2,291.0,290.3,290.8,290.3,289.9,288.7,289.0,287.8,287.1,286.7,287.7,288.3,287.8,288.2,288.4,288.4,288.2,288.0,286.7,286.9,287.8,287.8,287.5,285.8,285.6,284.4,282.2,281.9,283.2,285.5,287.5,287.6,286.3,284.9,283.9,280.8,276.6,276.1,275.3,289.1,288.9,288.7,288.6,288.8,288.5,288.7,288.5,287.8,287.2,286.8,286.5,288.0,286.8,287.1,287.1,287.0,287.8,288.2,287.3,287.0,286.6,286.9,287.5,286.8,287.1,285.0,287.0,286.2,285.9,285.8,286.0,284.5,286.0,284.9,283.1,280.7,278.8,277.5,280.8,277.0,286.7,287.6,288.7,288.5,288.0,287.6,286.3,286.2,287.3,286.6,284.0,285.1,285.8,285.0,285.6,286.5,287.0,287.3,286.5,287.1,285.3,285.4,284.6,285.2,285.3,287.0,287.9,288.6,288.9,288.0,285.7,285.2,285.3,283.3,284.0,283.7,283.6,283.0,282.8,283.5,283.6,288.4,287.0,287.7,287.7,289.1,289.8,286.6,286.4,285.4,285.8,283.2,285.0,284.8,284.5,285.7,286.4,286.0,286.6,287.5,286.3,285.0,285.6,285.0,284.5,285.1,286.1,288.1,288.7,289.1,288.7,288.6,286.4,285.1,283.7,283.7,283.1,283.1,283.4,282.2,282.0,282.4,286.0,287.5,287.6,290.8,288.0,289.2,286.3,286.2,285.8,285.7,285.6,284.4,286.9,285.5,286.6,286.3,286.7,286.7,286.7,287.1,287.5,287.1,287.6,287.0,286.7,286.6,286.9,287.7,288.2,288.2,288.6,288.5,287.8,285.5,285.5,281.7,282.6,281.2,280.7,279.8,280.8,286.3,288.0,287.6,288.4,287.9,286.7,288.7,286.4,289.0,288.9,287.2,287.9,286.6,288.9,287.8,287.1,287.2,286.7,287.1,286.4,286.7,287.5,287.8,287.5,287.1,286.5,286.9,286.8,286.7,287.4,288.1,286.4,289.1,288.9,288.1,287.5,285.3,284.3,285.0,282.7,281.2]},{"header":{"discipline":0,"disciplineName":"Meteorological products","gribEdition":2,"gribLength":1025,"center":7,"centerName":"US National Weather Service - NCEP(WMC)","subcenter":0,"refTime":"2023-09-08T06:00:00.000Z","significanceOfRT":1,"significanceOfRTName":"Start of forecast","productStatus":0,"productStatusName":"Operational products","productType":1,"productTypeName":"Forecast products","productDefinitionTemplate":0,"productDefinitionTemplateName":"Analysis/forecast at horizontal level/layer at a point in time","parameterCategory":2,"parameterCategoryName":"UnknownDiscipline_0_Category_2","parameterNumber":2,"parameterNumberName":"UnknownParameter_D0_C2_2","parameterUnit":"Unknown","genProcessType":2,"genProcessTypeName":"Forecast","forecastTime":300,"surface1Type":103,"surface1TypeName":"Specified height level above ground","surface1Value":10.0,"surface2Type":255,"surface2TypeName":"Missing","surface2Value":0.0,"gridDefinitionTemplate":0,"gridDefinitionTemplateName":"Latitude_Longitude","numberPoints":615,"shape":6,"shapeName":"Earth spherical with radius of 6,371,229.0 m","gridUnits":"degrees","resolution":48,"winds":"true","scanMode":64,"nx":41,"ny":15,"basicAngle":0,"lo1":47.0,"la1":41.0,"lo2":87.0,"la2":55.0,"dx":1.0,"dy":1.0},"data":[-1.0206275,-0.29062745,2.0693727,-2.6706274,-5.2806273,-8.220628,-7.6006274,-8.670628,-9.380628,-7.2006273,-5.1406274,-4.4206276,-3.6706274,-4.320627,-3.9806275,-2.8906274,-2.2606275,-2.5006275,-3.6706274,-3.4306273,-3.2606275,-1.2306274,-1.2806275,-1.1606275,-1.3906274,-0.7306274,-2.4506273,1.6593726,-0.13062744,1.5893725,0.7093726,0.22937256,1.6393726,3.3893726,-2.9206274,-1.6206274,0.17937256,-0.50062746,-3.4406273,-0.48062745,-2.5606275,2.2293725,2.2693725,-9.590628,-6.4706273,-6.550627,-9.140628,-7.3806276,-7.4206276,-6.8806276,-4.820627,-4.6706276,-5.9306273,-4.320627,-3.8706274,-3.3206275,-3.3706274,-3.0406275,-2.6006274,-2.6506274,-3.4406273,-2.0806274,-2.9806275,-1.6306274,-1.6006274,0.05937256,0.98937255,-0.7206274,1.1293726,-3.3806274,-0.18062744,0.55937254,-1.3006275,0.8393726,-1.3106275,0.45937255,-0.35062745,-0.06062744,0.38937256,1.1393726,1.2493726,-3.5406275,-1.3606274,-7.9806275,-8.550628,-7.0406275,-8.340628,-8.610627,-7.4906273,-5.3106275,-5.1606274,-6.7106276,-7.2706275,-5.8906274,-4.1006274,-3.5706275,-2.0806274,-3.4506273,-3.2606275,-1.3306274,-1.9106275,-3.0106275,-1.8406274,-1.9106275,-2.8106275,-3.0906274,0.67937255,-0.89062744,-0.33062744,0.59937257,-3.0406275,-0.11062744,-0.16062744,0.049372558,-0.09062744,0.59937257,-0.8506274,0.73937255,0.17937256,-1.2906275,4.2493725,2.3393726,-1.1606275,-6.3706274,-9.300628,-9.260628,-10.400627,-8.800628,-6.9906273,-4.5006275,-5.0106273,-4.6406274,-6.1306276,-5.6306276,-4.5306273,-4.7406273,-4.5806274,-2.3206275,-1.8206275,-2.6606274,-2.3906274,-1.8906274,-2.1706274,-0.7806274,-0.94062746,-1.1806275,-1.4506274,0.30937254,0.6393726,0.8393726,-1.2606274,0.6393726,1.6493726,-1.8506274,-0.95062745,-0.9106274,-1.6506275,-1.7906275,0.53937256,0.30937254,0.86937255,1.1893725,2.5893726,3.4293725,-7.3606277,-8.840628,-7.6906276,-8.510628,-6.0206275,-4.4306273,-5.3506274,-3.5406275,-2.8306274,-4.2506275,-4.1506276,-2.5706275,-2.7706275,-2.8806274,-1.1606275,-0.14062744,-0.21062744,-0.68062747,-0.56062746,0.08937256,-0.9706274,-1.2806275,-1.0806274,0.40937257,1.1093726,1.0593725,3.3593726,3.8993726,2.9893725,1.4893726,1.4093726,-0.7906274,-0.59062743,0.81937253,1.9693725,2.8493726,2.8893726,6.5993724,7.8093724,7.8393726,7.4993725,-6.1806273,-4.6006274,-7.0906277,-7.5606275,-7.1606274,-6.9106274,-4.9806275,-3.8106275,-3.9506273,-3.9406273,-1.6406274,-0.5406274,1.4893726,2.4493725,1.8693726,1.4193726,-0.24062744,-0.12062744,-0.09062744,0.40937257,-1.0306275,-0.57062745,-0.38062745,1.1593726,1.0693725,1.4393725,4.0093727,4.8493724,0.6493726,3.8093727,3.2593725,3.1793725,2.3193727,1.6093726,1.1393726,-0.5406274,1.8493725,3.7593725,8.109372,4.429373,-1.3006275,-5.1906276,-4.4706273,-5.1706276,-4.7206273,-4.0006275,-3.3306274,-1.5006274,-2.0206275,-1.4306275,-2.5006275,-1.1206274,-0.05062744,-0.6106274,0.31937256,2.3893726,1.6593726,1.4093726,-0.040627442,1.1893725,0.72937256,1.1493726,1.6193726,1.7393726,1.1393726,0.8293726,0.59937257,0.03937256,2.2193725,2.0693727,3.0993726,0.75937253,0.74937254,3.0793726,4.4793725,0.81937253,1.4493725,-0.12062744,1.9993726,0.84937257,0.79937255,4.179373,-3.2406275,-3.3406274,-3.0606275,-1.9106275,-0.76062745,0.54937255,-1.8506274,-1.7606274,-0.95062745,-1.3606274,-0.35062745,2.1993725,3.0393724,1.8593726,3.2593725,2.9993725,3.0893726,3.0393724,2.8593726,2.6593726,3.0093725,2.5993726,2.4093726,2.2793725,1.3693726,0.31937256,1.0593725,1.2993726,0.7193726,0.20937257,-1.4606274,1.2093725,1.1193726,1.8993726,1.3693726,6.1293726,2.2493725,5.2593727,2.4293725,6.8493724,0.03937256,-1.6406274,-1.2506274,-0.35062745,0.049372558,1.3893726,-1.4206275,-1.0506275,-0.7206274,-0.41062745,1.0293726,2.7093725,2.5593727,3.4093726,3.2193725,3.2493725,3.2093725,3.8893726,3.5493727,3.6593726,3.3993726,3.2393725,3.2893724,3.2993727,2.8793726,2.0793726,2.3993726,0.81937253,0.66937256,0.79937255,0.29937255,0.55937254,0.28937256,0.42937255,-0.9106274,2.0293725,0.22937256,0.73937255,1.1493726,0.9593726,1.2793726,-0.46062744,-1.0706275,-0.52062744,-0.50062746,-0.12062744,-0.40062743,0.8393726,0.25937256,0.86937255,1.5493726,2.7193725,3.3493726,3.2293725,3.5493727,3.7293725,3.6093726,4.0393724,3.7993727,3.6593726,3.6793725,3.7093725,4.2693725,4.179373,4.179373,3.6893725,3.2193725,3.0293725,2.6293726,2.5193725,1.8193725,0.5793726,1.2693726,0.84937257,-1.7806275,-1.3506274,-1.1706275,-0.48062745,-0.9806274,0.7093726,-0.7306274,0.62937254,0.44937256,-0.43062744,-0.26062745,0.14937256,0.67937255,0.08937256,1.0393726,1.5693725,2.1393726,2.4893725,3.0193725,3.4893725,3.7293725,4.2293725,4.3493724,4.3893723,4.2793727,4.3793726,4.8693724,3.9793725,4.3893723,4.6593723,4.3293724,4.4893727,3.7993727,3.1893725,2.9193726,2.9193726,3.1193726,3.2593725,3.3393726,2.5093725,1.9993726,0.53937256,-0.21062744,0.5193726,-0.43062744,-0.9106274,0.69937253,-0.25062743,-0.09062744,-0.45062745,0.47937256,0.8993726,1.4493725,1.3193725,1.7993726,2.0993726,2.0393724,2.3593726,3.3593726,2.7493725,2.1593726,4.0493727,3.8093727,4.2493725,5.2393727,4.9593725,5.8793726,6.449373,3.8693726,5.7293725,4.4693727,4.9193726,4.2093725,3.7393725,3.5993726,3.7293725,4.1093726,3.9093726,3.3793726,2.7393725,2.9893725,2.4493725,1.7693726,1.9693725,1.7293725,2.4893725,0.8393726,-0.02062744,0.22937256,0.14937256,0.11937256,1.7793726,1.9793725,1.9993726,2.0193725,2.4593725,2.7093725,2.4593725,2.4793725,3.8493726,2.6193726,1.1893725,4.8893723,3.3093727,4.929373,5.4893727,5.7993727,5.4893727,5.7793727,4.929373,5.6493726,4.0093727,4.9593725,5.1593723,3.6793725,5.1093726,4.3493724,4.5793724,4.2593727,4.1193724,3.3393726,2.8393726,3.4593725,3.1793725,1.8493725,2.4293725,2.0193725,2.4293725,0.9593726,1.7093725,1.6993725,0.23937255,2.0193725,1.5893725,2.7093725,4.3293724,2.5293725,4.1693726,2.4193726,2.6793725,2.4393725,3.2393725,1.9993726,3.5993726,6.5293727,4.8493724,5.9593725,5.6893725,5.8093724,5.3593726,4.8793726,5.8193727,5.7593727,5.2893724,6.4193726,5.3993726,5.0793724,4.3893723,4.0793724,4.5293727,3.8693726,4.2693725,3.7493725,3.0093725,4.0693727,4.0793724,3.9993725,2.6093726,2.6393726,2.0293725,1.4093726,0.8293726,1.5593725,0.73937255,2.2393725,3.7493725,3.0193725,2.8393726,2.2793725,4.3893723,3.2293725,5.3093724,4.6893725,2.2393725,6.2593727,4.8793726,6.2593727,7.1693726,5.3893723,5.9993725,5.9993725,4.5793724,5.2293725,5.0393724,5.8493724,5.679373,5.6893725,5.4093723,4.3893723,4.7293725,4.7893724,4.3293724,4.6193724,5.2093725,5.6193724,5.4593725,5.1493726,4.8493724,5.2393727,3.6093726,4.6893725,4.5993724,2.4393725,-0.040627442]},{"header":{"discipline":0,"disciplineName":"Meteorological products","gribEdition":2,"gribLength":1025,"center":7,"centerName":"US National Weather Service - NCEP(WMC)","subcenter":0,"refTime":"2023-09-08T06:00:00.000Z","significanceOfRT":1,"significanceOfRTName":"Start of forecast","productStatus":0,"productStatusName":"Operational products","productType":1,"productTypeName":"Forecast products","productDefinitionTemplate":0,"productDefinitionTemplateName":"Analysis/forecast at horizontal level/layer at a point in time","parameterCategory":2,"parameterCategoryName":"UnknownDiscipline_0_Category_2","parameterNumber":3,"parameterNumberName":"UnknownParameter_D0_C2_3","parameterUnit":"Unknown","genProcessType":2,"genProcessTypeName":"Forecast","forecastTime":300,"surface1Type":103,"surface1TypeName":"Specified height level above ground","surface1Value":10.0,"surface2Type":255,"surface2TypeName":"Missing","surface2Value":0.0,"gridDefinitionTemplate":0,"gridDefinitionTemplateName":"Latitude_Longitude","numberPoints":615,"shape":6,"shapeName":"Earth spherical with radius of 6,371,229.0 m","gridUnits":"degrees","resolution":48,"winds":"true","scanMode":64,"nx":41,"ny":15,"basicAngle":0,"lo1":47.0,"la1":41.0,"lo2":87.0,"la2":55.0,"dx":1.0,"dy":1.0},"data":[-1.4309229,-1.8109229,3.8190773,8.239078,1.4490771,4.2290773,2.019077,1.9890771,1.7290771,1.4090772,1.2090771,1.0090772,0.5290772,0.43907714,-1.2109228,-3.010923,-2.8409228,-3.260923,-2.6609228,-1.4009229,-2.510923,-3.8709228,-3.1709228,-1.1809229,-1.9409229,-0.99092287,-1.0509229,1.0290772,-1.2309228,0.09907715,-3.1409228,-1.4409229,0.56907713,-2.9409227,-5.8109226,-6.7509227,-8.860923,-3.9409227,-1.2409228,-4.0409226,-2.3509228,4.6890774,-0.82092285,11.089077,7.849077,3.779077,4.909077,2.3090773,2.5690773,1.7790772,2.1390772,0.43907714,0.30907714,-1.1409229,-1.8309228,-2.5909228,-3.250923,-3.3709228,-5.050923,-4.680923,-3.8609228,-2.230923,-1.8309228,-1.7009228,1.5590771,0.97907716,0.39907715,-1.7209228,-0.31092286,-1.3309228,-0.16092286,2.3390772,2.489077,-1.0809228,-3.520923,-3.9209228,-4.5609226,-3.6309228,-4.880923,0.96907717,-3.1609228,1.6190772,2.4290771,7.239077,5.369077,6.569077,4.819077,3.499077,2.489077,2.529077,2.1790771,-0.11092285,-0.6609228,-0.56092286,-1.7509228,-2.3309228,-3.5609229,-2.000923,-3.010923,-4.400923,-2.8009229,-3.0909228,-3.220923,-2.770923,-2.9209228,-0.69092286,0.47907716,1.0390772,-0.8509228,1.1590772,0.55907714,1.6590772,0.8990772,-0.6009228,1.5390772,-0.20092285,0.44907716,0.40907714,-9.2285156E-4,-2.5409229,-2.0809228,-0.8009229,1.3790772,4.779077,7.129077,5.2890773,4.909077,3.269077,3.8390772,4.379077,3.1090772,2.6990771,2.1590772,0.42907715,-0.57092285,-1.6009228,-2.220923,-3.1409228,-3.4209228,-3.1909227,-3.3909228,-3.5909228,-3.3209229,-3.5709229,-2.3809228,-2.3009229,-3.1909227,-0.13092285,-0.6709229,-0.6009228,-0.6009228,-0.37092286,3.6990771,2.5790772,-1.5309229,-0.70092285,1.6690772,0.90907717,2.0590773,2.219077,1.8690772,0.42907715,0.029077148,-0.83092284,4.399077,3.0690773,0.27907714,2.799077,2.6390772,2.2090771,2.5590773,2.299077,3.3690772,4.669077,3.6290772,2.049077,0.20907715,-1.8409228,-3.740923,-2.240923,-3.010923,-1.8209229,-3.1109228,-3.200923,-2.5809228,-2.1609228,-2.6909227,-3.6609228,-3.8909228,-2.280923,1.4490771,1.3790772,-0.02092285,0.6490772,6.259077,2.979077,1.7890772,2.9490771,0.68907714,-0.6109229,-0.28092286,0.33907714,2.2090771,3.0990772,0.029077148,1.6990771,-0.04092285,2.6090772,1.7390771,1.9390771,2.6090772,1.8590771,1.2590772,1.0090772,1.6990771,4.3290772,2.969077,2.739077,1.1490772,-0.5509229,-2.4009228,-2.6709228,-2.960923,-3.0909228,-3.3909228,-1.5009228,-2.4009228,-1.5909228,-3.1509228,-3.6309228,-3.6609228,-2.3409228,2.3690772,3.049077,0.54907715,0.61907715,5.839077,3.019077,3.529077,2.6290772,-0.26092285,-0.65092283,-1.8609228,-2.8709228,-1.1609229,0.68907714,2.469077,1.9390771,2.0590773,2.1390772,1.7090771,2.5790772,3.519077,3.279077,3.1490772,2.3690772,1.3790772,-0.5509229,-0.75092286,-0.57092285,1.8790772,1.4090772,-0.8009229,-1.3509228,-2.6509228,-2.750923,-3.3209229,-1.6309228,-0.95092285,-1.8809228,-2.730923,-3.3509228,-3.970923,-2.950923,0.55907714,1.6690772,5.179077,2.719077,0.8990772,2.1390772,-0.24092285,-0.46092284,-0.88092285,0.61907715,-0.7209228,-0.34092286,-3.9009228,3.799077,3.009077,3.0690773,3.1190772,2.8090773,2.3690772,3.2090771,3.0790772,2.9490771,2.259077,1.1290772,1.5090772,-0.59092283,0.6490772,0.56907713,0.80907714,0.90907717,0.93907714,-0.37092286,-0.81092286,-1.5209229,-2.1609228,-2.450923,-0.49092284,-1.0609229,-1.4209229,-2.720923,-3.9109228,-2.1709228,-2.8809228,-0.64092284,2.3690772,3.1490772,1.8190771,2.729077,3.279077,-1.1609229,2.249077,0.96907717,0.27907714,-2.6509228,5.2490773,4.489077,4.0790772,4.2090774,2.749077,3.249077,3.549077,2.8390772,2.519077,2.6590772,0.8390772,0.54907715,-0.050922852,-0.69092286,-0.70092285,-0.70092285,0.23907715,0.26907715,1.2090771,0.71907717,0.60907716,-0.28092286,-0.63092285,-0.78092283,0.6990771,-0.6109229,-0.16092286,-1.0809228,-1.9409229,-1.9209229,-1.0309229,0.46907714,2.4290771,1.4290771,-0.12092285,-0.04092285,-1.7209228,0.53907716,-0.49092284,-1.8209229,-0.47092286,3.999077,4.0590773,4.049077,4.0590773,3.769077,3.489077,3.789077,2.8890772,3.049077,2.009077,0.5290772,0.16907714,-0.18092285,-0.45092285,-0.46092284,-0.44092286,-0.8509228,-0.6709229,-0.16092286,-0.010922852,1.0990771,1.5490772,1.5990771,1.2690772,1.7590772,1.8890772,1.2990772,0.60907716,-0.88092285,-1.2609229,0.18907715,1.0790771,-0.57092285,-0.07092285,-0.44092286,-0.07092285,0.16907714,-2.1009228,0.71907717,1.4390771,1.2190771,3.4590771,3.989077,3.8090773,2.6390772,3.4490771,3.009077,3.1790771,3.3990772,2.549077,1.9090772,1.6390772,1.8390771,0.8290771,0.8990772,0.09907715,0.37907714,0.44907716,0.24907714,0.43907714,0.20907715,0.6390771,0.8990772,0.79907715,2.1790771,2.3590772,3.0890772,2.489077,2.509077,2.5790772,2.239077,2.489077,1.3690772,1.4890771,0.7690771,-0.38092285,0.35907716,0.31907713,1.8090771,0.43907714,0.24907714,0.14907715,2.6290772,3.0890772,3.769077,3.8390772,3.499077,2.8790772,1.9390771,1.9390771,1.3490771,1.1590772,1.3590771,0.62907714,0.9590771,1.1690772,0.79907715,0.6490772,0.38907716,0.059077147,1.5490772,1.0690771,1.7690772,0.6490772,0.8890771,1.8090771,2.279077,2.8290772,3.9490771,3.969077,3.539077,3.4490771,3.3190773,3.6690772,2.539077,2.4290771,1.5790771,1.9790771,2.6190772,3.229077,2.3990772,2.049077,1.1590772,3.8090773,3.4090772,3.8290772,3.729077,3.479077,2.6990771,2.519077,3.049077,3.0690773,2.239077,1.2390771,0.45907715,1.9690771,1.3590771,1.3890772,1.0790771,1.0790771,0.48907715,0.32907715,0.79907715,2.529077,1.7090771,1.8690772,2.489077,2.1490772,2.509077,2.9290771,3.539077,4.0190773,3.9090772,4.429077,4.779077,3.5690773,3.9490771,3.0790772,3.259077,2.6790771,2.0790772,2.4490771,2.3790772,2.009077,2.9290771,3.249077,3.4090772,4.589077,3.229077,4.029077,3.1090772,3.1090772,2.8290772,3.0590773,1.9290771,0.38907716,-0.36092284,2.269077,0.91907716,1.7590772,1.5390772,1.5590771,0.9590771,1.0990771,1.2790772,2.259077,2.019077,1.8890772,2.6390772,3.1090772,2.8290772,3.0690773,3.5590773,4.299077,4.8090773,5.119077,5.5190773,4.8090773,3.519077,3.1990771,2.6390772,2.5990772,2.8290772,2.6190772,3.219077,2.3890772,2.6690772,1.9190772,2.6290772,2.9090772,2.9390771,3.3090773,3.3990772,3.269077,3.0990772,3.1390772,2.9390771,2.1690772,-0.30092284,0.23907715,2.049077,1.8390771,2.1190772,2.2090771,1.6190772,1.1390772,0.7690771,1.2090771,2.249077,2.549077,3.1090772,3.789077,3.8290772,3.8190773,3.789077,4.649077,6.429077,5.049077,5.239077,5.379077,5.3090773,4.759077,5.2890773,4.759077,4.589077,2.6090772]}]