wind_kz.json
{"header": {"discipline":0,"disciplineName":"Meteorological products","gribEdition":2,"gribLength":1025,"center":7,"centerName":"US National Weather Service - NCEP(WMC)","subcenter":0,"refTime":"2023-09-26T18:00:00.000Z","significanceOfRT":1,"significanceOfRTName":"Start of forecast","productStatus":0,"productStatusName":"Operational products","productType":1,"productTypeName":"Forecast products","productDefinitionTemplate":0,"productDefinitionTemplateName":"Analysis/forecast at horizontal level/layer at a point in time","parameterCategory":2,"parameterCategoryName":"UnknownDiscipline_0_Category_2","parameterNumber":2,"parameterNumberName":"UnknownParameter_D0_C2_2","parameterUnit":"Unknown","genProcessType":2,"genProcessTypeName":"Forecast","forecastTime":180,"surface1Type":103,"surface1TypeName":"Specified height level above ground","surface1Value":10.0,"surface2Type":255,"surface2TypeName":"Missing","surface2Value":0.0,"gridDefinitionTemplate":0,"gridDefinitionTemplateName":"Latitude_Longitude","numberPoints":615,"shape":6,"shapeName":"Earth spherical with radius of 6,371,229.0 m","gridUnits":"degrees","resolution":48,"winds":"true","scanMode":64,"nx":41,"ny":15,"basicAngle":0,"lo1":47.0,"la1":41.0,"lo2":87.0,"la2":55.0,"dx":1.0,"dy":1.0}, "data":
[rows 0 to 14 of 15, columns 0 to 40 of 41]
-1.2831982,0.046801757,-1.7831982,-0.32319823,0.27680176,1.0868018,1.6268017,0.30680177,-3.2331982,-2.3031983,-1.1531982,1.3968017,1.9468018,-0.06319824,-1.1231983,-1.1631982,0.06680176,-3.0631983,-4.0731983,-3.8531983,-1.5331982,-0.29319823,-0.24319825,2.2368019,-1.2831982,1.6568017,2.4868019,3.2068017,1.0768018,0.71680176,2.0968018,0.7068018,0.25680175,-0.35319823,2.0568018,2.3168018,2.6468017,2.4268017,3.0968018,2.5368018,0.97680175
1.6868018,-2.1131983,1.2068018,1.6368017,1.8968017,-0.89319825,-0.03319824,-0.0131982425,-1.7731982,-3.9731982,-4.253198,0.19680175,1.1568017,0.5668018,0.13680176,1.6868018,1.6268017,0.5168018,-1.7931982,-1.0031983,0.09680176,2.4168017,2.5468018,3.4668016,0.89680177,0.66680175,1.1568017,1.5368018,3.0668018,2.3868017,0.84680176,1.0268017,0.91680175,1.1268017,0.5768018,0.24680176,1.4768018,0.44680175,-0.6731982,-1.1431983,-0.88319826
-2.0031981,1.9868017,1.8668017,2.0968018,3.0068018,2.9768019,1.0368018,1.7068018,2.5268018,0.39680177,-0.7931982,0.20680176,4.376802,3.5968018,3.4568017,1.8568017,3.8968017,0.5668018,-0.71319824,-0.31319824,0.7668018,1.2368017,1.3768017,3.9168017,0.046801757,-2.5831983,-3.5731983,-2.2231982,2.9468017,-0.38319823,0.8268018,-0.91319823,-1.3431983,0.73680174,-1.7131982,0.79680175,0.96680176,0.42680177,0.11680176,3.0368018,1.1268017
-1.0731982,-1.7131982,-1.1831982,0.22680175,1.6068017,3.1468017,2.6068017,3.6668017,5.2568016,4.2568016,2.2068017,2.0568018,3.7768018,3.8868017,4.976802,5.3168015,2.9468017,0.83680177,-0.5431982,0.6968018,1.3868017,1.2868018,-3.0031981,-3.4931982,-3.4831982,-3.0531983,-1.8931983,-0.35319823,-1.1231983,-1.6031983,-0.0131982425,0.7668018,-0.95319825,-1.3331982,0.52680176,2.0168018,2.0268018,2.2868018,-1.3731983,1.6668018,3.8968017
0.66680175,2.4468017,2.3168018,2.0968018,1.0968018,0.89680177,2.7568018,4.7968016,4.3368015,3.5968018,1.1968018,3.2768018,2.9868019,2.7668018,2.3068018,1.8668017,-1.2231983,-1.6831982,-0.30319825,-0.35319823,-0.15319824,-0.71319824,-0.88319826,-0.84319824,-1.9731983,-1.7731982,-1.3231982,-1.6731982,0.67680174,2.4868019,3.0968018,3.0468018,2.8668017,3.7368019,-2.9931982,-1.0331982,1.2368017,3.3568017,1.6568017,2.1968017,6.286802
3.0568018,2.1768017,1.6768018,1.8068018,2.5268018,3.2168016,3.4868019,3.2368019,5.0968018,5.5868015,1.1268017,4.516802,2.0168018,2.9068017,2.2868018,0.67680174,-0.8731983,-0.5531982,0.52680176,1.2968018,1.6568017,0.54680175,0.68680173,-0.35319823,-0.0131982425,-0.14319824,0.14680175,-0.19319825,1.4268018,2.7868018,2.2868018,3.6668017,5.556802,5.2168016,4.266802,0.89680177,3.3268018,5.496802,2.1868017,2.5568018,2.8868017
2.8268018,3.7868018,4.0868015,3.9368017,4.226802,3.7568018,4.3868017,4.206802,5.376802,5.0468016,2.3368018,2.7968018,1.1068017,2.7268019,2.7268019,2.4668016,1.2968018,0.5768018,1.0568018,2.1268017,2.3968017,1.2968018,0.99680173,0.47680175,-0.043198243,-0.25319824,-1.9631982,-1.7731982,-1.7831982,-0.08319824,-0.75319827,-0.8631982,0.13680176,1.8368018,1.4768018,2.7868018,0.22680175,0.6968018,1.6768018,2.9268017,-0.41319823
3.8368018,4.8668017,5.2768016,4.416802,4.2568016,3.7868018,3.5768018,4.1768017,4.9668016,4.7768016,6.4868016,3.3468018,1.9268018,2.2968018,4.826802,1.8768017,0.46680176,0.8268018,1.7368017,3.0868018,0.16680175,-0.88319826,-1.0831982,0.09680176,-0.41319823,-0.58319825,-2.2831984,-2.3231983,-3.2631981,-2.5231981,-2.7931983,-0.6831982,-0.96319824,-2.2431982,0.8768017,0.8168018,-0.89319825,-4.103198,-6.063198,3.6268017,0.59680176
3.9768019,4.376802,3.3568017,3.7068017,3.9468017,4.1368017,3.3868017,3.7168016,3.3368018,4.326802,5.036802,4.746802,2.3568017,3.2968018,4.726802,2.4868019,1.9568018,1.5868018,2.0468018,1.3968017,0.5668018,-0.20319824,0.19680175,0.17680176,-0.43319824,-1.3431983,-0.11319824,0.30680177,0.30680177,0.68680173,-1.4131982,-0.78319824,-0.9331982,-0.043198243,0.67680174,-0.81319827,-0.75319827,1.8568017,-1.1431983,-0.84319824,-1.1031983
3.9268017,3.7968018,2.8668017,3.1768017,3.6668017,3.5368018,3.4968019,2.5668018,2.1668017,2.4868019,4.5468016,4.9868016,2.2168016,2.6968017,3.3968017,3.2568018,2.0568018,1.5268017,1.0268017,0.93680173,0.72680175,0.006801758,0.60680175,1.2868018,0.44680175,-0.84319824,-1.4031982,-1.5731982,-1.2631983,-1.6931982,-0.95319825,-0.11319824,1.8568017,0.40680176,1.3768017,1.1568017,1.0568018,-0.47319824,0.49680176,-0.32319823,-0.9231982
3.1268017,3.3568017,3.1668017,3.1568017,3.6368017,3.4968019,3.1568017,2.1668017,2.0168018,2.7768018,2.6568017,3.4868019,3.8768017,3.2568018,2.9868019,3.4468017,2.0368018,1.5268017,0.17680176,-0.103198245,-0.94319826,-0.34319824,0.40680176,0.16680175,-0.9831982,-1.2731982,-1.6031983,-0.8631982,-0.78319824,-1.9931983,-1.0431982,-0.26319826,0.67680174,0.78680176,0.65680176,0.38680175,1.1568017,-0.46319824,-0.22319824,-0.7431982,-0.58319825
2.1068017,2.9268017,3.1568017,3.1168017,3.2268019,2.6568017,2.0568018,1.2468017,2.3168018,2.9768019,2.6168017,3.7868018,1.8068018,0.6368018,2.1168017,2.5668018,2.7568018,1.3568017,1.2168018,0.73680174,0.31680176,-0.9931982,-1.2131982,-0.8731983,-1.3331982,-1.8131982,-1.8031982,-1.5531982,-1.6231983,-1.0431982,-0.6231983,-0.6731982,-0.33319825,0.12680176,-0.84319824,-1.3031982,-1.3731983,-1.0131983,-0.37319824,-0.47319824,-1.1431983
1.8268018,2.2668018,2.4668016,2.7768018,2.6668017,1.6268017,0.97680175,1.9668018,2.0168018,1.4668018,0.8868018,1.2668017,1.0668018,-0.47319824,0.7068018,0.25680175,2.8268018,1.8368018,1.0568018,0.06680176,0.016801758,0.03680176,-0.39319825,-1.0031983,-0.7931982,-1.1831982,-2.0931983,-1.9731983,-1.0531982,-0.7931982,-0.9231982,-1.1031983,-2.1831982,-1.2931982,-0.69319826,-1.1631982,-1.8631983,-0.85319823,-2.0231981,-2.2531981,-1.5431982
1.4268018,1.9668018,1.7068018,1.6668018,1.9968017,1.3768017,1.1468017,1.7468017,0.72680175,0.9468018,0.14680175,0.73680174,0.5668018,1.3968017,1.1468017,-0.35319823,2.4368017,1.8868017,0.77680176,0.6968018,0.53680176,1.2268018,0.35680175,-0.27319825,-0.50319827,-0.6131982,-0.5431982,-0.50319827,-0.25319824,-0.16319825,-0.40319824,-0.32319823,-0.76319826,-1.2531983,-1.1231983,-1.2631983,-1.1531982,-1.6031983,-1.4931983,-1.8431983,-1.6131983
0.06680176,0.78680176,1.0368018,0.14680175,0.7568018,0.20680176,0.53680176,1.7268018,1.1868018,1.8368018,0.60680175,-0.44319823,-0.14319824,0.076801755,-0.5431982,0.016801758,1.1668018,-0.103198245,0.58680177,1.3768017,0.6268017,0.35680175,0.93680173,0.7568018,0.32680175,0.55680174,0.48680174,0.5768018,0.33680177,0.61680174,0.31680176,0.79680175,0.18680176,0.06680176,-0.84319824,-1.2131982,-0.64319825,-2.5331984,-2.2531981,-1.6931982,-0.09319824
