wind_kz.json
{"header": {"discipline":0,"disciplineName":"Meteorological products","gribEdition":2,"gribLength":1025,"center":7,"centerName":"US National Weather Service - NCEP(WMC)","subcenter":0,"refTime":"2023-10-05T18:00:00.000Z","significanceOfRT":1,"significanceOfRTName":"Start of forecast","productStatus":0,"productStatusName":"Operational products","productType":1,"productTypeName":"Forecast products","productDefinitionTemplate":0,"productDefinitionTemplateName":"Analysis/forecast at horizontal level/layer at a point in time","parameterCategory":2,"parameterCategoryName":"UnknownDiscipline_0_Category_2","parameterNumber":3,"parameterNumberName":"UnknownParameter_D0_C2_3","parameterUnit":"Unknown","genProcessType":2,"genProcessTypeName":"Forecast","forecastTime":180,"surface1Type":103,"surface1TypeName":"Specified height level above ground","surface1Value":10.0,"surface2Type":255,"surface2TypeName":"Missing","surface2Value":0.0,"gridDefinitionTemplate":0,"gridDefinitionTemplateName":"Latitude_Longitude","numberPoints":615,"shape":6,"shapeName":"Earth spherical with radius of 6,371,229.0 m","gridUnits":"degrees","resolution":48,"winds":"true","scanMode":64,"nx":41,"ny":15,"basicAngle":0,"lo1":47.0,"la1":41.0,"lo2":87.0,"la2":55.0,"dx":1.0,"dy":1.0}, "data":
[rows 0 to 14 of 15, columns 0 to 40 of 41]
-2.7837005,-0.053700563,5.4162993,8.9463,6.6262994,4.036299,3.1962996,3.5362995,2.8962994,2.2662995,1.3862995,1.1862994,0.21629944,-0.93370056,-2.0737007,-3.6037006,-4.9737005,-5.0237007,-6.1137004,-3.7537005,-3.3337007,-3.3237007,-1.4937005,2.2262995,2.2662995,2.5362995,0.46629944,0.78629947,-1.6037005,-2.8537006,-2.0137005,-0.57370055,-0.70370054,0.97629946,0.63629943,-1.2837006,-1.7637006,-0.5337006,0.15629944,-0.49370056,-0.75370055
5.036299,0.85629946,11.246299,10.2362995,7.9162993,6.1362996,3.9862995,4.786299,4.1762996,2.9262993,1.8662994,1.1062994,0.88629943,-0.32370055,-2.0537004,-2.5237005,-3.3137007,-4.7437005,-6.1237006,-4.8337007,-4.7337008,-7.1237006,-2.8137007,-0.0037005616,3.2462995,3.2862995,2.4862995,3.4562995,-0.013700562,2.5162995,-0.95370054,-0.11370056,0.46629944,-0.6037006,1.0762994,1.7962995,0.8362994,0.21629944,1.8562994,-1.7437005,-0.19370057
3.0562994,9.606299,9.796299,8.9963,7.3362994,5.0462995,4.806299,5.286299,5.2162995,3.9462996,2.2462995,2.1062994,0.78629947,0.69629943,-0.39370057,-1.8237005,-3.3537006,-4.9937005,-6.213701,-6.9737005,-4.1337004,-0.16370057,-7.2737007,-2.3237007,-2.7137005,-2.6737006,-2.5437005,-3.1337006,-1.1137005,-1.9137006,0.08629944,-0.6637006,-2.8837006,0.10629944,-1.9037006,-3.3137007,-2.0837007,-4.693701,-2.7037005,0.08629944,-0.45370057
5.9262996,8.256299,8.596299,7.7162995,5.786299,6.556299,5.6762996,6.4862995,5.7962995,4.0862994,3.2262995,2.9662995,2.9162993,1.8262994,0.50629944,-0.7237006,-2.0437005,-3.3537006,-4.7637005,-6.3737006,-6.1537004,-2.6237006,-0.41370055,-2.7337005,-3.2837005,-3.4537005,-2.7737005,-0.82370055,-1.9837005,-2.3837006,-2.8037004,-3.4537005,2.8362994,4.1162996,0.9562994,0.94629943,2.9462996,1.7762995,-2.1537006,-2.7237005,-4.1037006
5.5762997,7.5662994,7.3862996,6.9462996,5.1762996,4.8362994,4.8862996,5.2562995,5.5662994,5.036299,4.4362993,3.4662995,2.9862995,2.1362994,1.5562994,0.20629944,-1.3937006,-2.6037006,-3.0037005,-2.8237007,-3.0937006,-2.2837005,-0.28370056,-1.7737006,-3.8737006,-4.213701,-3.4737005,-4.713701,-2.5937006,-2.5537004,-1.1037005,2.5862994,2.4362993,-0.14370055,0.60629946,0.53629947,-8.3437,1.5562994,-4.7637005,-9.223701,-4.5537004
6.3362994,5.556299,7.5062995,7.4562993,6.6262994,6.4862995,5.1962996,5.3462996,5.0462995,4.2662992,3.6562994,3.1462994,2.4662995,1.4162995,1.1362995,0.32629943,-0.52370054,-1.1737006,-0.45370057,-0.76370054,-1.1537006,-1.3737006,-2.3337007,-2.3937006,-3.2337005,-4.4537005,-3.9737005,-4.1137004,-4.4537005,-3.5737007,-2.5437005,-1.9737005,-0.77370054,-0.30370057,3.6862993,-7.2737007,-1.6737006,-7.6537004,-6.7937007,-7.3537006,-6.8037004
6.5762997,6.2462993,6.1362996,6.1162996,6.1262994,6.9562993,5.8562994,4.7262993,4.5262995,4.1462994,3.6062994,2.5562994,2.2362995,1.4862994,1.1162994,0.87629944,1.0562994,0.94629943,1.5162995,0.31629944,-0.013700562,0.60629946,0.036299437,-0.74370056,-2.2937005,-3.1437006,-3.6437006,-4.7837005,-3.4237006,-3.7637005,-3.5637007,-3.9337006,-4.8037004,-8.153701,1.0962994,0.54629946,2.8262994,2.9562995,-0.07370056,2.4062994,-9.203701
6.0862994,6.5462995,6.7262993,6.6562996,6.2362995,6.056299,5.7462993,5.4262996,4.9162993,4.0962996,4.0062995,3.4562995,2.2162995,2.0662994,1.1662995,0.9062994,0.7662994,1.6462995,1.9862994,2.8862994,1.1162994,1.6862994,2.0362995,1.9862994,0.07629944,-1.2737006,-3.3037004,-3.4737005,-3.6037006,-3.2037005,-4.0837007,-4.9937005,-5.5137005,-7.3237004,-4.7437005,-5.7837005,-4.7437005,-3.1137006,-2.6037006,-0.61370057,-5.3937006
5.7962995,6.2262993,6.0162992,6.3262997,6.4262996,6.0662994,5.5762997,5.1862993,4.5962996,4.2662992,3.8862994,3.3462994,2.1162994,1.2462994,0.73629946,0.5962994,1.2162994,1.1262994,1.5662994,3.0262995,2.5562994,0.9562994,2.4462996,2.2862995,2.9562995,1.3862995,-0.47370055,-0.77370054,-1.1337006,-0.49370056,-2.0537004,-3.8637006,-4.7237005,-5.4237003,-4.8837004,-5.2237005,-2.8837006,4.6262994,5.1862993,3.6562994,2.7062995
6.2462993,6.056299,6.0862994,6.1162996,6.1462994,5.9462996,5.6662993,5.6362996,5.0162992,4.536299,3.8762994,3.2362995,2.3262994,1.1962994,0.81629944,0.62629944,0.7762994,1.7962995,2.2362995,2.2962995,2.2162995,1.6562995,1.0462995,1.1762995,3.7962995,2.7462995,0.72629946,0.28629944,0.116299435,1.0362995,0.6562994,-0.81370056,-3.4637005,-4.4537005,-3.7837005,-5.1837006,-0.40370056,0.80629945,1.4162995,4.9562993,3.1462994
6.4162993,6.6262994,6.2562995,6.2162995,5.5762997,5.6962996,6.3462996,5.9462996,4.7462993,4.5262995,4.5862994,3.6162994,1.9362994,2.2262995,1.3162994,1.6962994,1.3662994,0.85629946,1.5962994,2.5762994,2.7662995,3.4562995,1.1762995,2.6762993,4.6762996,3.8262994,1.4062995,0.78629947,0.7162994,-0.19370057,-2.3737006,-2.8337007,-2.9137006,-2.5737007,-3.3437006,-1.4637005,-2.3037004,-2.0237005,-2.3537006,-3.4137006,0.48629943
6.4662995,6.2362995,6.4562993,6.9162993,6.4562993,6.5162992,5.5962996,5.3962994,4.7762995,4.2762995,4.1662993,2.6362994,3.5962994,3.6962996,2.8862994,3.1262994,3.0962994,2.4362993,2.4962995,3.1762993,3.0562994,3.4362993,2.3862994,3.8262994,4.6862993,4.2662992,2.6362994,1.4862994,1.3062994,-0.42370057,-1.0537006,-1.6337006,-2.3437006,-2.9837005,-2.9437006,-2.7837005,1.4562994,1.6362995,0.056299437,0.25629944,0.17629944
5.6662993,6.8562994,7.0162992,6.5962996,6.0662994,4.6562996,6.286299,6.5762997,6.7162995,5.8862996,2.9162993,2.3562994,3.9862995,4.7062993,4.7462993,3.7662995,3.6362994,3.7162995,3.4162993,3.2662995,3.8262994,4.8762994,3.1262994,3.8262994,5.536299,4.4362993,3.2962995,2.8962994,2.0262995,0.63629943,-0.21370056,-1.0637006,-2.0837007,-1.7737006,-2.7337005,-2.3337007,-2.5837007,-1.6837006,-0.88370055,1.3062994,0.39629945
6.8762994,6.6062994,7.1462994,7.0862994,6.6662993,6.9662995,6.7962995,6.6362996,6.4362993,6.556299,3.8562994,1.6062994,2.9862995,5.4462996,5.5962996,4.9062996,4.8462996,4.5462995,3.6962996,3.4362993,4.4662995,4.8162994,4.0662994,3.3662994,4.5062995,4.6562996,4.4362993,3.7762995,2.6462994,1.6862994,0.75629944,0.016299438,-0.6037006,-1.4437006,-1.8037006,-2.8637006,-2.2737005,-1.8037006,-2.6937006,-2.5437005,-3.9537005
5.2562995,6.3662996,7.9662995,7.3162994,7.056299,6.7662992,6.9362993,6.8962994,6.4362993,6.3362994,4.8462996,4.9262996,3.3462994,2.1862993,6.1062994,6.2362995,6.2362995,5.7462993,5.0862994,4.7762995,5.0462995,4.6762996,4.3862996,4.9162993,5.5462995,5.036299,4.7362995,3.8762994,3.0662994,2.2862995,1.3762994,0.39629945,-0.23370056,-0.6037006,-0.86370057,-1.6037005,-1.6137005,-2.2237005,-2.1537006,-2.8637006,-1.7537006
