wind.json
{"header": {"discipline":0,"disciplineName":"Meteorological products","gribEdition":2,"gribLength":1125,"center":7,"centerName":"US National Weather Service - NCEP(WMC)","subcenter":0,"refTime":"2023-06-29T06:00:00.000Z","significanceOfRT":1,"significanceOfRTName":"Start of forecast","productStatus":0,"productStatusName":"Operational products","productType":1,"productTypeName":"Forecast products","productDefinitionTemplate":0,"productDefinitionTemplateName":"Analysis/forecast at horizontal level/layer at a point in time","parameterCategory":2,"parameterCategoryName":"UnknownDiscipline_0_Category_2","parameterNumber":2,"parameterNumberName":"UnknownParameter_D0_C2_2","parameterUnit":"Unknown","genProcessType":2,"genProcessTypeName":"Forecast","forecastTime":300,"surface1Type":103,"surface1TypeName":"Specified height level above ground","surface1Value":10.0,"surface2Type":255,"surface2TypeName":"Missing","surface2Value":0.0,"gridDefinitionTemplate":0,"gridDefinitionTemplateName":"Latitude_Longitude","numberPoints":688,"shape":6,"shapeName":"Earth spherical with radius of 6,371,229.0 m","gridUnits":"degrees","resolution":48,"winds":"true","scanMode":64,"nx":43,"ny":16,"basicAngle":0,"lo1":45.0,"la1":40.0,"lo2":87.0,"la2":55.0,"dx":1.0,"dy":1.0}, "data":
[rows 0 to 15 of 16, columns 0 to 42 of 43]
-4.451791,-0.58179075,-2.0617907,-3.3217907,-6.331791,0.17820923,2.4882092,3.5882092,3.6582093,1.9682093,-4.8617907,-6.7117906,-5.0917907,-4.0717907,-4.021791,-3.6317909,-4.221791,-4.241791,-3.8617907,-2.9217908,-1.9517908,-3.0517907,-3.9817908,0.33820924,-1.5317907,-2.6817908,-1.7817907,-0.25179076,-0.41179076,1.3882092,2.5282092,2.1682093,0.11820923,0.79820925,-2.8617907,-7.5317907,-7.431791,-5.6117907,-6.331791,-3.1417909,-7.641791,-8.781791,-8.981791
1.1382092,4.4282093,-0.6117908,-1.6517907,3.628209,6.758209,5.9882092,6.2882094,6.5182095,-5.3817906,-6.081791,-4.771791,-3.121791,-3.1617908,-4.4417906,-3.8117907,-3.8417907,-3.7217908,-1.9817908,-0.58179075,-3.8417907,-3.1817908,-1.3117908,-0.5317908,-2.5317907,-2.8917909,-1.2717907,-4.701791,-3.1717908,-1.2917907,-0.39179078,-0.89179075,1.0382092,1.6182092,2.4782093,3.9182093,-2.5417907,-4.5917907,-3.2617908,-6.8817906,-6.241791,-1.8417908,-2.621791
1.7882092,-3.2917907,0.38820922,2.4282093,4.6782093,4.748209,5.818209,6.4682093,-0.49179077,-5.7817907,-4.8017907,-2.8817909,-2.1817908,-4.7817907,-3.8017907,-3.7217908,-4.041791,-2.371791,-1.6517907,-3.9017909,-2.1817908,-2.2817907,-1.8417908,-0.5317908,1.5682092,-2.1917908,-1.2617908,0.6582092,0.09820923,0.48820922,0.17820923,-0.9217908,0.35820922,0.26820922,-0.03179077,0.43820924,1.5782093,-0.48179078,-0.39179078,0.66820925,1.1982093,-1.1117908,-4.431791
-0.23179077,0.15820923,0.7182092,2.0182092,1.1782092,-0.0017907715,1.8082092,-1.4517908,-5.451791,-1.0517907,-4.1717906,-1.1417907,-4.5717907,-5.181791,-4.021791,-5.271791,-4.371791,-2.8417907,-2.1317909,0.05820923,-3.0617907,-1.4717908,1.0682092,-4.021791,-3.8217907,-4.621791,-1.0317907,-2.4817908,-0.44179076,2.4282093,-2.2917907,-0.30179077,-1.0417907,1.3382093,0.80820924,0.048209228,0.56820923,-0.45179078,0.31820923,-0.06179077,5.208209,1.6682092,1.0982093
-2.9517908,-3.0317907,0.5282092,1.1282092,2.3282092,1.9882092,-1.8217908,-0.9617908,1.4082092,-1.7917907,-2.6017907,1.3682092,-3.6117907,-3.871791,-4.541791,-4.741791,-2.9517908,-0.02179077,-3.0317907,-2.3817909,-3.2917907,-1.7217908,-2.3217907,-2.0817907,-2.2817907,-3.3817909,-2.8517907,-1.5917908,-0.24179077,-3.7717907,-2.6117907,-0.11179077,2.7582092,1.5082092,0.44820923,0.18820924,-1.1617907,-1.6417907,-0.87179077,0.8482092,1.1582092,0.9582092,2.3282092
0.85820925,2.7982092,3.1582093,3.4382093,3.4182093,4.3082094,2.2882092,2.8682091,-2.5417907,3.2882092,3.3182092,4.5182095,1.1182092,-0.58179075,-1.7717907,-2.1617908,-1.2617908,0.79820925,0.49820924,2.3182092,0.33820924,0.97820926,1.5382092,0.81820923,-0.52179074,1.2282093,1.2282093,-0.11179077,2.1182091,1.5182092,-0.6017908,-0.47179076,-1.1717907,-0.76179075,-1.7117908,0.8282092,2.4582093,0.23820923,4.1582093,2.6982093,2.8882093,4.188209,4.478209
-0.42179078,-1.9017907,-0.0017907715,0.92820925,3.878209,5.758209,6.418209,6.0182095,2.8082092,2.8882093,4.4882092,4.708209,2.5282092,0.03820923,2.7882092,-0.41179076,1.0282092,2.6482093,3.3282092,2.9482093,3.4082093,3.2482092,2.6682093,0.7782092,2.3882093,3.1182091,2.3182092,0.028209228,-1.7017908,0.8482092,2.5082092,3.0582092,1.4382092,-0.7217908,-0.7217908,0.7182092,0.47820923,0.29820922,1.8882092,4.028209,8.538209,2.6582093,-3.2717907
0.06820923,0.19820923,0.54820925,0.29820922,-1.6217908,0.20820923,2.0382092,-0.62179077,0.8882092,8.238209,3.6782093,-1.8017907,-2.9617908,1.9882092,1.4682093,2.7882092,2.9982092,4.068209,5.338209,5.568209,5.898209,1.5782093,-2.621791,-4.791791,-4.2617908,-2.6317909,-3.2817907,-2.9317908,-0.8617908,1.0582092,-0.29179078,0.06820923,3.3082092,3.4582093,2.1482093,-2.6717908,-0.10179077,-1.3817908,-0.94179076,1.6882092,0.7882092,0.22820923,3.9882092
-1.2017908,-1.5117908,0.09820923,-0.49179077,0.87820923,1.6882092,1.3082092,-1.5117908,-1.6117908,-2.3417907,-3.3017907,-0.9017908,-3.0817907,-1.7017908,-2.9017909,-5.4017906,0.7782092,6.8282094,7.2882094,5.9482093,-3.7717907,-5.5317907,-4.331791,-1.5217907,-0.6617908,1.1582092,1.1982093,0.8882092,0.5382092,1.0382092,0.87820923,-1.6917908,-4.0317907,-2.2617908,-3.0817907,-0.6617908,-1.9817908,0.86820924,2.128209,2.9982092,-0.23179077,3.3482091,-1.0017908
-0.3517908,-1.1717907,2.378209,-0.5917908,-2.121791,1.2082093,-0.56179076,0.79820925,1.8982092,0.24820922,0.54820925,2.3382092,2.0282092,0.28820923,0.8982092,-2.3017907,-3.7517908,-4.751791,-5.831791,-3.9817908,-3.8817909,-2.7717907,-0.62179077,1.3282093,1.9882092,-2.121791,-1.5417907,-1.5817908,-1.6717907,-1.3117908,-0.57179075,-0.06179077,0.7182092,1.2882092,2.5582092,2.0582092,1.4682093,2.128209,1.5082092,-2.2517908,-0.7317908,0.56820923,-0.9717908
-0.38179076,0.15820923,1.4282092,-0.34179077,0.27820924,-0.21179077,-0.81179076,-0.81179076,-1.1617907,1.8182092,3.3582091,3.0882092,0.7882092,1.4282092,2.0082092,0.9682092,-0.69179076,-0.32179078,-1.6817908,1.3082092,0.7682092,2.2782092,2.5482092,1.9082092,-1.2017908,-1.5017908,-2.0917907,-0.011790771,1.0482092,0.18820924,-0.56179076,0.5282092,0.60820925,1.9482093,2.6582093,2.0982091,1.5782093,1.3382093,-2.4117908,-0.7317908,-1.7717907,0.6382092,-0.36179078
0.66820925,1.4082092,0.33820924,-0.16179077,-0.83179075,-1.1817908,-1.1717907,1.2082093,0.6382092,1.5382092,0.25820923,0.29820922,1.9282092,2.0882092,3.3282092,-2.5717907,-1.7417908,-2.7517908,-3.2017908,-2.7517908,-1.7817907,-1.7317908,-2.121791,-3.8217907,-2.2317908,-1.4017907,-2.6017907,-1.2917907,0.74820924,2.2382092,2.5482092,2.4782093,1.9982092,2.8082092,3.5782092,3.1182091,3.6882093,1.7182093,-0.83179075,1.1582092,-0.8417908,0.8382092,-0.50179076
1.0782093,1.7082093,1.8182092,1.5482092,1.0882093,0.31820923,1.1582092,0.73820925,0.62820923,0.43820924,1.1082093,0.7182092,0.45820922,1.7382092,2.4782093,1.2982092,1.4882092,-1.1817908,-2.8217907,-1.3717908,-1.0117908,0.5782092,0.16820922,0.13820922,1.5182092,-1.1917908,-2.2017908,-0.94179076,-0.11179077,-1.5517907,-0.34179077,1.9882092,2.4082093,3.7182093,2.9882092,3.5682092,3.4482093,4.188209,1.7682092,0.5982092,0.67820925,-0.47179076,-0.49179077
0.97820926,1.0482092,1.5482092,1.0182092,1.9982092,2.3682091,1.7382092,1.5282092,0.9582092,1.6582092,1.2982092,1.0982093,0.29820922,1.4882092,0.87820923,-0.5417908,-0.7317908,-0.42179078,0.6582092,1.1182092,1.8882092,2.2982092,0.8382092,-1.0417907,-1.3117908,-0.57179075,0.7582092,-1.1317908,-0.17179078,1.4182092,1.5082092,2.9082093,3.7882092,4.6182094,5.028209,4.3882093,4.778209,5.0982094,3.9082093,1.9882092,0.79820925,0.13820922,-0.5517908
0.9582092,1.1382092,2.0782092,1.7582092,2.4582093,1.5382092,0.14820923,-0.03179077,1.1182092,2.0182092,1.7682092,1.6782092,-0.47179076,0.79820925,1.3482093,-0.45179078,0.45820922,2.1882093,1.1282092,-2.2517908,-3.6717908,-2.9017909,-3.4817908,-2.6417909,-1.3317908,-0.20179076,-0.9017908,0.17820923,1.5382092,2.1882093,2.9882092,3.0782092,4.858209,5.1182094,5.668209,7.208209,6.548209,5.128209,3.4082093,2.0082092,1.5382092,-0.02179077,1.1682092
1.0082092,1.3282093,1.0582092,1.2782092,1.1482092,-0.88179076,0.47820923,1.4982092,1.1682092,2.0982091,2.128209,1.3882092,0.42820922,0.86820924,0.62820923,0.47820923,-1.1117908,-0.011790771,-2.9317908,-3.7617908,-3.2717907,-1.7817907,-2.2917907,-2.0817907,-0.9817908,-1.0517907,-0.07179077,2.0782092,1.8982092,2.4182093,2.0682092,2.4182093,4.4082093,5.398209,5.728209,5.818209,5.1982093,5.878209,3.3982093,4.648209,2.9482093,1.1982093,-0.21179077
