wind_kz.json
{"header": {"discipline":0,"disciplineName":"Meteorological products","gribEdition":2,"gribLength":1025,"center":7,"centerName":"US National Weather Service - NCEP(WMC)","subcenter":0,"refTime":"2023-09-24T12:00:00.000Z","significanceOfRT":1,"significanceOfRTName":"Start of forecast","productStatus":0,"productStatusName":"Operational products","productType":1,"productTypeName":"Forecast products","productDefinitionTemplate":0,"productDefinitionTemplateName":"Analysis/forecast at horizontal level/layer at a point in time","parameterCategory":2,"parameterCategoryName":"UnknownDiscipline_0_Category_2","parameterNumber":2,"parameterNumberName":"UnknownParameter_D0_C2_2","parameterUnit":"Unknown","genProcessType":2,"genProcessTypeName":"Forecast","forecastTime":120,"surface1Type":103,"surface1TypeName":"Specified height level above ground","surface1Value":10.0,"surface2Type":255,"surface2TypeName":"Missing","surface2Value":0.0,"gridDefinitionTemplate":0,"gridDefinitionTemplateName":"Latitude_Longitude","numberPoints":615,"shape":6,"shapeName":"Earth spherical with radius of 6,371,229.0 m","gridUnits":"degrees","resolution":48,"winds":"true","scanMode":64,"nx":41,"ny":15,"basicAngle":0,"lo1":47.0,"la1":41.0,"lo2":87.0,"la2":55.0,"dx":1.0,"dy":1.0}, "data":
[rows 0 to 14 of 15, columns 0 to 40 of 41]
-2.5974903,1.6325097,-1.6074902,-4.8274903,-1.8174902,0.30250975,5.3825097,2.1825097,1.5825098,0.47250977,0.82250977,0.27250975,1.0525098,1.9725097,3.8725097,3.9925098,4.20251,4.9225097,6.4425097,8.52251,3.1025097,1.9825097,3.4225097,4.68251,6.39251,2.4725099,1.0825098,3.2925098,0.40250978,1.6625098,-1.1874902,1.1125097,-2.3474903,-1.8074902,-1.0474902,-0.61749023,-0.96749026,-0.78749025,-0.27749023,-0.07749023,1.2125098
-0.89749026,-4.4074903,-5.39749,-5.04749,-4.04749,-1.0774902,-1.7674903,-0.43749022,0.47250977,0.97250974,2.0925097,1.4925097,2.9525099,1.6425098,1.1825098,4.6125097,6.49251,6.14251,6.20251,7.64251,6.78251,4.1525097,2.9825099,1.9325098,2.1225097,0.88250977,0.072509766,1.4625098,0.5625098,2.5425098,0.6725098,-0.067490235,-1.1274903,-1.1874902,0.47250977,1.2525097,1.0025097,0.37250978,-0.36749023,-1.7374902,1.2225097
-7.25749,-7.7074904,-7.4974904,-5.21749,-0.9374902,-0.31749022,-1.2974902,-0.58749026,-0.6874902,-0.73749024,-0.8174902,-1.7474903,-0.5774902,1.3725097,3.4425097,2.3925097,1.1325097,1.4025098,2.4825099,6.3425097,5.6925097,2.9025097,4.87251,4.97251,3.8825097,1.1025097,0.60250974,7.49251,3.2725098,1.9925097,-0.5774902,-2.3674903,-0.20749024,-0.7574902,-0.8174902,0.06250977,-0.23749024,0.052509766,0.45250976,-1.2574903,-1.5274903
-9.70749,-9.027491,-6.2274904,-3.4674902,-4.4774904,-3.5974903,-1.2074902,-1.9774902,-1.4274902,-0.61749023,-1.1574903,-4.9774904,-1.0774902,0.26250976,1.5525098,-0.107490234,-1.2074902,1.9025098,0.49250975,-0.017490234,0.91250974,5.35251,3.9725099,4.7125096,4.82251,4.87251,6.05251,3.9325097,4.6525097,5.5425096,3.4125097,2.2825098,3.3725097,1.0725098,2.4525099,1.6025097,-0.047490235,1.3225098,-0.23749024,-1.7774903,0.15250976
-9.28749,-8.53749,-7.7074904,-6.0174904,-4.98749,-2.7474902,-2.5174901,-1.6574903,-0.53749025,-1.1874902,-0.65749025,-1.8074902,-0.79749024,0.77250975,4.30251,2.0725098,2.0025098,1.1625098,0.27250975,0.41250977,2.0725098,3.6625097,6.28251,6.5025096,6.70251,6.37251,7.89251,7.4425097,7.1725097,5.0225096,5.0425096,4.22251,0.5525098,0.65250975,-1.9974903,-1.3974903,-2.9874902,-2.7174902,-1.1374903,-0.71749026,-0.26749024
-6.94749,-6.23749,-5.87749,-5.17749,-3.6074903,-1.7774903,-0.08749023,-0.6874902,-0.15749024,-0.83749026,-0.59749025,-0.7574902,-0.037490234,-0.72749025,1.2925098,1.3625097,1.0325098,-0.16749023,1.4625098,1.7125098,1.3025098,2.6125097,3.0925097,2.4425097,1.4225098,3.2825098,4.37251,-1.1874902,2.8725097,6.39251,6.2725096,6.51251,3.1825097,0.29250976,-1.0374902,-3.3974903,-0.72749025,-1.8974903,-0.9474902,-2.1474903,-1.0574902
-5.4374905,-5.12749,-4.31749,-3.5874903,-2.0574903,-2.5374901,-1.4174902,-0.5674902,0.41250977,0.042509764,-0.9474902,-0.31749022,-0.72749025,-1.0874902,-0.29749024,-3.4074903,-0.24749023,0.32250977,1.4625098,1.5225098,2.1725097,0.91250974,1.3125098,1.6025097,3.0925097,4.9825096,5.9825096,3.8925097,4.7725096,3.6025097,2.0825098,-1.5274903,-0.6874902,-3.0674903,-1.6274903,0.15250976,0.53250974,1.3925098,-1.7774903,1.3825097,-1.2274902
-4.3074903,-4.08749,-3.5474901,-2.5474901,-1.6274903,-0.9974902,-0.7474902,-0.25749025,0.40250978,1.1525098,0.18250977,0.83250976,-0.35749024,-0.16749023,0.23250976,-0.25749025,-0.17749023,0.39250976,0.22250977,0.7425098,2.8825097,1.2825098,-0.5674902,0.24250977,2.7825098,1.6825098,0.9225098,2.5925097,4.0425096,3.7225099,4.1725097,1.9125098,-0.64749026,0.5625098,-1.6774902,-4.2274904,-3.9074903,-6.98749,-4.87749,-4.7074904,-2.9674902
-3.1174903,-2.6774902,-1.5874902,-1.1774902,-0.7674902,-0.5674902,-0.27749023,-0.0074902344,0.40250978,0.57250977,0.89250976,0.25250977,0.63250977,0.35250977,-0.32749024,0.0025097656,-0.6374902,0.28250977,1.1225097,1.1625098,1.7625098,-0.25749025,0.0025097656,2.5525098,1.3925098,1.5825098,1.0525098,0.9325098,1.6625098,1.3025098,4.66251,0.29250976,3.0525098,-0.037490234,-5.77749,-2.2074902,-1.5274903,-1.2874902,-1.9274902,0.7925098,-1.9474902
-1.5974902,-0.90749025,0.13250977,0.5025098,0.7925098,1.3925098,0.70250976,0.38250977,0.57250977,1.7125098,1.4125098,1.9525098,1.1925098,0.63250977,0.9925098,0.48250976,0.7925098,0.97250974,1.0925097,1.2625098,1.2725098,0.96250975,0.32250977,1.0525098,2.3425097,2.8725097,2.7625098,1.4125098,0.27250975,2.5125098,1.5225098,-1.7374902,-2.8874903,-2.5274901,-0.067490235,-1.5774902,-2.6574903,-0.83749026,-0.98749024,0.34250978,-1.3174902
0.48250976,0.9825098,1.2125098,1.3425097,1.8325098,1.8425097,1.9325098,1.8825097,1.2625098,1.9425098,2.2925098,3.3525097,0.95250976,1.5925097,1.0125098,1.1125097,1.9925097,1.8225098,2.5525098,-0.65749025,1.2625098,-0.0074902344,-2.1274903,-0.47749025,0.29250976,-0.26749024,-1.0574902,-1.4174902,-2.1274903,-3.3974903,-2.0874903,-0.36749023,0.5525098,-3.9974902,-2.2374902,-0.9574902,-1.3674903,0.31250978,-0.23749024,0.35250977,-1.0674902
2.4425097,2.5225098,3.0825098,2.9025097,2.6325097,2.4325097,2.5925097,2.6525097,2.5525098,1.7025098,2.3225098,0.53250974,1.8125098,4.1325097,2.9525099,1.3725097,0.9925098,-0.23749024,0.42250976,-0.72749025,0.052509766,-0.027490234,-1.4874902,-1.5074903,-1.2674903,-0.037490234,-0.72749025,-0.6274902,0.22250977,-1.3374902,-1.5674902,-1.8774903,-1.6274903,-2.1874902,-2.4874902,-1.9674902,-2.4074903,-1.3074902,-0.43749022,-1.3274902,-0.46749023
2.5825098,3.0625098,2.9825099,3.2625098,3.4325097,2.8225098,3.8625097,4.03251,4.24251,0.96250975,2.5625098,2.0825098,2.2625098,4.16251,1.0325098,2.5525098,1.7325097,1.7325097,0.64250976,1.5825098,0.19250977,1.2925098,0.57250977,-0.6274902,-0.7074902,-0.8774902,-0.66749024,-0.0074902344,1.5925097,1.4825097,0.89250976,-2.6574903,-2.9574902,-3.1974902,-2.2474902,-2.1074903,-1.6674902,-0.25749025,0.95250976,0.8625098,-0.6874902
3.5125098,3.7925098,2.9725099,4.66251,4.7125096,4.7125096,4.78251,4.51251,4.26251,2.9025097,3.1925097,1.0925097,3.5125098,2.3025098,1.8025098,3.1525097,2.3725097,1.5525098,0.18250977,0.89250976,2.0425098,1.2525097,1.8525097,0.0025097656,-1.4674902,0.6925098,-0.45749024,0.41250977,-0.11749023,-2.3974903,-3.0274901,-3.2874901,-2.2974901,-1.9574902,-1.5474902,-1.7074902,-1.6074902,0.10250977,1.2825098,0.83250976,-0.64749026
3.6025097,4.9225097,4.91251,5.20251,5.20251,5.1725097,5.26251,4.68251,4.6725097,2.9325097,1.7525097,3.2925098,2.1425097,1.0625098,2.2925098,1.6525098,3.7925098,1.4925097,0.5525098,1.2425097,1.8125098,-0.37749022,1.4825097,-1.2074902,-0.9474902,-1.2374902,-1.4874902,-2.1574903,-2.2974901,-3.3174903,-2.4174902,-3.8474903,-2.1274903,-1.9674902,-2.1274903,-2.1474903,-1.2174902,-0.58749026,-0.097490236,-0.7474902,-1.0874902
