wind_kz.json
{"header": {"discipline":0,"disciplineName":"Meteorological products","gribEdition":2,"gribLength":1025,"center":7,"centerName":"US National Weather Service - NCEP(WMC)","subcenter":0,"refTime":"2023-08-18T12:00:00.000Z","significanceOfRT":1,"significanceOfRTName":"Start of forecast","productStatus":0,"productStatusName":"Operational products","productType":1,"productTypeName":"Forecast products","productDefinitionTemplate":0,"productDefinitionTemplateName":"Analysis/forecast at horizontal level/layer at a point in time","parameterCategory":2,"parameterCategoryName":"UnknownDiscipline_0_Category_2","parameterNumber":3,"parameterNumberName":"UnknownParameter_D0_C2_3","parameterUnit":"Unknown","genProcessType":2,"genProcessTypeName":"Forecast","forecastTime":120,"surface1Type":103,"surface1TypeName":"Specified height level above ground","surface1Value":10.0,"surface2Type":255,"surface2TypeName":"Missing","surface2Value":0.0,"gridDefinitionTemplate":0,"gridDefinitionTemplateName":"Latitude_Longitude","numberPoints":615,"shape":6,"shapeName":"Earth spherical with radius of 6,371,229.0 m","gridUnits":"degrees","resolution":48,"winds":"true","scanMode":64,"nx":41,"ny":15,"basicAngle":0,"lo1":47.0,"la1":41.0,"lo2":87.0,"la2":55.0,"dx":1.0,"dy":1.0}, "data":
[rows 0 to 14 of 15, columns 0 to 40 of 41]
3.4402344,3.0602343,-4.7297654,-4.0697656,-4.2797656,-4.5697656,-4.579766,-2.1897657,-1.8497657,-1.1697656,-1.1597656,-1.4997656,-0.93976563,-3.1197655,-3.8997657,-5.7297654,-5.1297655,-4.6097655,-6.1697655,-4.6497655,-4.4497657,-3.2797656,-2.7997656,-2.8297656,1.8102344,2.0902343,1.3302344,1.4402344,-3.7697656,-2.8397655,-2.1497657,2.2902343,2.4102345,0.9202344,1.4702344,-1.7997656,-0.99976563,-1.6797656,-1.3797656,-6.0297656,-3.6097655
-1.5297656,-0.9497656,-1.4997656,-4.4697657,-5.2297654,-4.539766,-5.769766,-3.8397655,0.39023438,-0.8897656,-1.1897656,0.5902344,0.6702344,-2.0297656,-2.9097657,-5.579766,-5.5097656,-5.1497655,-3.9397657,-2.2397656,-4.1397657,-2.4897656,0.7902344,1.3302344,0.46023437,-1.4697657,2.2102344,-1.5097656,-4.4397655,-2.1697657,-2.0697656,-3.2297657,0.060234375,-3.5397656,0.57023436,1.2902343,3.2702343,1.7102344,3.5202343,-2.0497656,1.2802343
-5.349766,-0.13976562,-2.3897657,-2.9197657,-3.3097656,-2.4197657,-2.1797657,-3.6197655,-2.8697655,-0.49976563,-0.8997656,0.58023435,1.4202343,2.6902344,-2.6097655,-5.1197658,-4.1297655,-5.4697657,-5.7197657,-6.2497654,-2.0197656,-1.9797657,-2.7297657,0.9602344,-3.4797657,-4.849766,-4.579766,-6.7097654,-3.5997655,-4.349766,-3.1197655,0.25023437,-4.3397655,-7.0097656,-0.9597656,-1.8497657,-2.4597657,-3.7497656,-2.6897657,-1.8697656,-2.4097657
-3.8597655,-4.1597657,-3.5897655,-2.2497656,-1.0097656,0.25023437,-0.47976562,-0.5197656,-0.55976564,-1.5097656,-1.7397656,1.1402344,0.63023436,-1.2597656,-2.9497657,-6.8597655,-0.31976563,-4.6997657,-5.039766,-7.4797654,-7.349766,-6.2797656,-4.9397655,-5.9897656,-5.8897657,-5.559766,-5.6597657,-6.099766,-5.3997655,-4.3897657,-6.1597657,-5.599766,-4.559766,4.0102344,0.6602344,0.43023437,-3.0897655,-0.67976564,4.940234,-0.7197656,2.5902343
-4.4297657,2.8402343,2.7002344,1.7302344,0.050234374,-1.6797656,-2.6697657,1.3302344,-0.5097656,-1.2897656,-0.8797656,-1.6497656,7.1602345,5.1802344,1.7202344,-0.66976565,-3.1197655,6.4502344,-4.099766,-3.1997657,-2.7897656,-2.9297657,-5.289766,-5.3697658,-5.1897655,-3.2297657,-2.8697655,-5.519766,-3.6697657,-5.2097654,-5.289766,-6.8797655,-3.6497657,-2.0797656,-1.1097656,1.0102344,1.0802344,0.09023438,-0.009765625,2.4002345,2.7302344
-4.4897656,-4.3597655,3.2602344,5.6802344,3.1902344,2.3202343,-0.36976564,0.28023437,-0.92976564,1.4002343,1.9102343,1.2102344,6.3402343,7.6602345,4.190234,-0.14976563,0.76023436,-3.1897657,-0.80976564,-4.5497656,-1.7697656,-2.7097657,-4.1497655,-4.3697658,-3.4197657,0.9202344,-2.2397656,-3.9097657,-1.5197656,-2.4597657,-2.7197657,-4.0097656,-5.3797655,-4.6797657,-4.1697655,-0.21976562,-1.8097656,-4.8797655,-3.4897656,-5.2797656,4.0402346
-4.7297654,-4.9997654,-4.4997654,-4.5897655,-0.6997656,3.1502345,2.5102344,3.1902344,3.7502344,1.2902343,3.9102345,2.1002343,1.6502343,0.8502344,8.560234,6.6102343,1.8302344,-0.18976563,2.8502343,-0.7697656,0.21023437,0.64023435,-0.16976562,0.100234374,-2.5497656,-1.9497657,0.39023438,4.3302345,3.4102345,-0.34976563,-2.7697656,-3.3797655,-4.1597657,-3.7097657,-3.7497656,0.08023438,-4.1797657,-2.7197657,-1.3997656,-3.4297657,-3.2397656
-6.5897655,-5.6597657,-6.1597657,-5.2497654,-3.5597656,-4.8897657,-4.6797657,-2.5097656,0.38023436,-3.5397656,1.5302343,2.6802344,2.7402344,2.5302343,2.6302345,2.6202345,4.0502343,3.4002345,0.100234374,2.7102344,0.12023438,-0.7097656,-5.3397655,-0.44976562,-1.1297656,1.3302344,2.7702343,1.0802344,-1.4997656,1.7002344,0.40023437,-3.9497657,-2.9997656,-4.9797654,-6.1697655,-3.6197655,-2.3697655,6.8702345,6.4302344,3.3902345,1.7502344
-5.269766,-4.769766,-4.7597656,-4.2097654,-3.8397655,-1.3697656,-1.8397657,1.7102344,-2.7997656,-0.079765625,-2.7697656,1.2402344,4.8202343,3.5202343,4.440234,5.5302343,4.0402346,1.0502343,0.41023436,1.5702344,0.6102344,-0.22976562,5.3002343,3.3102343,4.460234,1.8202344,-1.4697657,-3.2097657,-4.1897655,-1.0697656,0.9102344,-0.36976564,-0.7697656,-2.6297655,-4.4397655,-3.5597656,-3.8897657,-3.9997656,-3.0597656,-2.5397656,1.7002344
-5.3897657,-5.289766,-3.8597655,-3.0897655,-3.5397656,-2.3397655,-1.2797656,-4.7597656,0.30023438,1.3502344,-1.2297657,-3.2697656,6.7802343,4.0102344,1.9302344,4.690234,4.190234,4.690234,-1.0097656,2.4902344,1.8602344,0.6502344,-1.0197656,0.5402344,0.9202344,0.3502344,5.4502344,3.6902344,2.1302345,-0.32976562,-2.4397657,-0.92976564,1.9002343,-1.1097656,-3.0997655,-3.6997657,-3.1597657,-4.2397656,0.100234374,0.47023436,1.4602344
-6.059766,-7.7097654,-8.069766,-5.8597655,-2.0097656,-2.6597657,-0.20976563,-0.16976562,-2.4997656,-2.4597657,2.7802343,-2.8997657,-3.2597656,0.23023437,7.3902345,4.0202346,2.5602343,6.5502343,3.1802344,1.6902344,1.0802344,-3.8697655,2.34375E-4,0.24023438,0.8702344,1.0602344,3.4702344,2.7802343,1.3402344,-1.3497657,0.8002344,0.20023437,-0.5397656,-2.3697655,-2.8797655,-1.9897656,-1.4497657,0.9602344,-2.1797657,-1.3297657,0.2602344
-5.289766,-6.7097654,-4.539766,-3.2797656,-5.059766,-5.1197658,-4.559766,-2.9597657,0.21023437,0.22023438,-1.7497656,2.0902343,-0.029765625,-1.0397656,3.3202343,5.7002344,8.220234,5.8602343,3.5702343,4.4102345,0.3202344,1.2702343,1.3702344,-2.3497655,1.6502343,1.9702344,1.0902344,4.8802342,4.3602343,3.3502343,2.2802343,0.7402344,-0.92976564,-1.7697656,-2.0997655,-2.6197655,-1.4397656,-1.3397657,0.6702344,-2.1897657,-1.1897656
-4.519766,-5.8997655,-5.9597654,-2.1797657,-2.5997655,0.13023438,0.9602344,0.88023436,-1.4997656,-1.4297656,3.2402344,0.89023435,0.6802344,0.6102344,1.0402343,7.2002344,6.1402345,4.0802345,4.3502345,2.7102344,1.1702343,1.5802344,2.8702345,3.0802343,3.3702345,6.7402344,4.0302343,6.2002344,6.230234,5.6302342,4.6802344,3.2202344,0.34023437,0.37023437,-2.0697656,-2.7797656,-0.97976565,2.0502343,0.56023437,-0.74976563,0.21023437
-5.2997656,-6.3597655,-7.559766,-5.4297657,-5.3897657,-4.6297655,-4.9397655,-3.0797656,-3.0297656,2.2402344,0.43023437,2.2102344,2.1302345,1.7302344,1.8202344,1.5802344,3.1502345,3.1202345,3.2702343,-0.6397656,0.3502344,-0.60976565,2.4902344,1.0002344,4.0802345,5.5002346,6.1602345,7.2002344,6.5702343,6.2502346,4.8802342,3.3602343,0.95023435,-0.60976565,-0.97976565,-1.7697656,-2.2997656,1.7902343,1.1102344,1.7602344,0.7802344
-3.2797656,-5.8697658,-8.589766,-5.059766,-5.5497656,-5.6397657,-5.9097657,-6.6797657,-8.059766,-4.7097654,-0.8997656,2.3602343,-0.039765626,-3.3697655,-4.2997656,-0.5697656,3.2702343,3.1802344,3.6602345,2.6802344,0.5302344,-1.5797657,-3.4597657,-5.2497654,0.38023436,1.5502343,7.1802344,9.230234,8.020234,6.8602343,4.4302344,4.3702345,2.5302343,1.2202344,-0.32976562,-1.6797656,-3.2597656,0.9802344,1.6702343,1.0002344,0.8602344
