wind_kz.json
{"header": {"discipline":0,"disciplineName":"Meteorological products","gribEdition":2,"gribLength":1025,"center":7,"centerName":"US National Weather Service - NCEP(WMC)","subcenter":0,"refTime":"2023-09-21T18:00:00.000Z","significanceOfRT":1,"significanceOfRTName":"Start of forecast","productStatus":0,"productStatusName":"Operational products","productType":1,"productTypeName":"Forecast products","productDefinitionTemplate":0,"productDefinitionTemplateName":"Analysis/forecast at horizontal level/layer at a point in time","parameterCategory":2,"parameterCategoryName":"UnknownDiscipline_0_Category_2","parameterNumber":2,"parameterNumberName":"UnknownParameter_D0_C2_2","parameterUnit":"Unknown","genProcessType":2,"genProcessTypeName":"Forecast","forecastTime":0,"surface1Type":103,"surface1TypeName":"Specified height level above ground","surface1Value":10.0,"surface2Type":255,"surface2TypeName":"Missing","surface2Value":0.0,"gridDefinitionTemplate":0,"gridDefinitionTemplateName":"Latitude_Longitude","numberPoints":615,"shape":6,"shapeName":"Earth spherical with radius of 6,371,229.0 m","gridUnits":"degrees","resolution":48,"winds":"true","scanMode":64,"nx":41,"ny":15,"basicAngle":0,"lo1":47.0,"la1":41.0,"lo2":87.0,"la2":55.0,"dx":1.0,"dy":1.0}, "data":
[rows 0 to 14 of 15, columns 0 to 40 of 41]
-1.6491052,8.947754E-4,-0.029105224,-2.8891053,-3.0691051,-4.149105,-6.229105,-5.799105,-5.729105,-4.169105,-3.4891052,-2.0291052,-3.4291053,-2.4591053,-1.2791052,-4.6991053,-4.479105,-1.8191053,-3.4591053,-2.9291053,-2.7791052,-2.1491053,-0.099105224,-0.45910522,0.18089478,-0.39910522,0.6708948,2.3308947,-0.71910524,0.050894774,0.6908948,-0.48910522,0.20089477,0.60089475,-4.3491054,-3.6891053,-3.0591052,-1.7091053,1.2708948,1.2108948,2.6208947
0.79089475,-0.32910523,-6.709105,-6.149105,-3.3091052,-1.0091052,-5.0791054,-4.7691054,-3.8691053,-2.359105,-1.3691052,-1.7591052,-4.399105,-0.71910524,-2.4291053,-2.9591053,-0.9291052,-1.2991052,-0.20910522,-0.19910522,-1.3291053,-0.95910525,-0.59910524,-0.64910525,1.5608947,0.6808948,-0.12910523,1.0908948,-0.32910523,-0.7491052,0.20089477,0.38089478,-0.96910524,-0.6891052,0.3108948,0.5708948,0.8708948,0.14089477,1.5008948,1.6108948,0.14089477
-2.4391053,-6.9091053,-6.5191054,-4.089105,-2.7691052,-4.089105,-3.7091053,-1.4891052,-2.5091052,-0.9391052,-1.9291053,-3.2891052,-2.3491051,-2.3091052,-2.2191052,-1.8291053,-0.8091052,0.65089476,0.8208948,0.41089478,1.3708948,1.5808948,-0.07910523,-0.5691052,1.8608948,3.3008947,0.36089477,1.9308947,-1.1491052,-0.83910525,-0.49910522,0.09089477,-0.059105225,-0.029105224,0.7308948,-0.65910524,-0.30910522,-0.039105225,3.2508948,2.2008948,1.4208947
-6.209105,-7.6991053,-7.169105,-2.4091053,-0.8291052,-3.4691052,-1.2291052,-2.1591053,-3.5191052,-2.8091052,-2.1991053,-3.4091053,-3.3391051,-3.2391052,-0.9291052,-0.8891052,-0.6291052,1.1808947,0.16089478,2.0908947,0.6408948,0.060894776,3.2508948,-1.5691053,3.7508948,-1.1491052,-0.71910524,-2.0491052,-0.52910525,1.0108948,-0.45910522,-0.44910523,1.3308948,-2.3991053,-1.9191052,-1.9191052,-1.6791053,2.0208948,0.43089476,-0.45910522,1.1008948
-6.359105,-7.259105,-6.4991055,-5.0991054,-4.4091053,-2.2191052,-1.2691052,-2.2891052,-1.8891052,0.030894775,-4.1991053,-4.8091054,-4.0391054,-3.7291052,-2.9191053,-1.6791053,-0.039105225,1.9908948,0.8008948,1.3308948,0.040894777,2.0008948,-0.6791052,0.39089477,-0.8591052,-0.49910522,-3.2591052,-2.6691053,-2.9791052,-1.8691052,-1.9591053,-0.58910525,-1.0391052,1.7508948,-0.78910524,0.14089477,2.5808947,-1.4591053,-1.6091052,-1.0791053,-0.7991052
-3.8391051,-3.1291053,-3.5391052,-2.4191053,-1.7491052,-1.0291052,-1.0391052,-2.6291053,0.40089476,1.2208948,-2.8291051,-2.9691052,-2.3491051,-3.8891053,-1.3391052,-0.32910523,1.0308948,2.1108947,1.2608948,0.79089475,-0.34910524,-1.1891053,-0.059105225,-4.729105,-1.2791052,-1.5491052,-1.6491052,-2.6291053,-2.3891053,-0.8091052,-0.7991052,-0.4691052,-1.8491052,-0.6191052,-0.039105225,-2.2091053,0.13089478,2.0608947,7.0708947,1.8708948,-2.9491053
-2.0891051,-2.2991052,-1.4391053,-0.6191052,-1.3291053,0.44089478,2.1908948,2.5008948,-2.7291052,-4.509105,-3.7491052,-3.8991053,-2.359105,-1.4291053,-0.36910522,1.0808948,1.1908947,1.2508948,-0.5091052,-2.1891053,-2.859105,-2.859105,-3.2691052,-1.5291052,1.1008948,-3.0791051,-2.0591052,-1.1991053,-3.1391053,-1.7691052,-1.3491052,-1.5891052,-0.48910522,0.32089478,-3.2891052,-1.7091053,-1.3791052,1.3208947,1.0708947,0.45089477,0.84089476
-4.169105,-4.1591053,-3.4091053,-2.7891052,-2.0691051,-2.9491053,-3.0091052,-3.6991053,-3.4091053,-3.5691051,-3.0291052,-3.0391052,-2.3091052,-1.0391052,0.35089478,1.2808948,0.85089475,0.24089478,-0.34910524,-1.9291053,-2.9891052,-2.7391052,-2.6891053,-2.0691051,-3.0491052,-2.0791051,-1.6591052,-0.06910522,0.26089478,-0.44910523,0.14089477,2.3308947,1.3508948,0.72089475,0.09089477,2.2108948,1.2208948,1.8308948,3.6208947,4.5508947,-0.14910522
-3.5191052,-3.0291052,-3.2991052,-2.8491051,-1.9891052,-2.1291053,-2.3491051,-3.0791051,-2.9491053,-2.3491051,-2.609105,-2.0091052,-1.1891053,-0.91910523,-0.24910523,0.020894775,-0.8791052,-2.0391052,-1.1091052,-1.6491052,-2.0991051,-1.5391052,-1.6491052,-2.1591053,-1.6991053,-0.089105226,0.20089477,1.9308947,-0.36910522,-0.17910522,0.17089477,1.3108947,2.7508948,2.7008948,3.4708948,0.6108948,0.5708948,-0.7991052,0.11089478,-0.42910522,-0.31910524
-2.5491052,-1.8491052,-2.1791053,-1.6791053,-2.2791052,-1.3691052,-1.1691052,-1.9291053,-1.6491052,-0.25910524,0.59089476,-0.25910524,-0.9391052,0.17089477,0.48089477,-0.059105225,-0.6091052,-0.8091052,-0.5691052,-0.53910524,-1.5991052,-0.35910523,-0.6191052,1.6608948,0.5008948,0.13089478,-1.7791052,-1.2791052,-0.53910524,0.6708948,1.4708948,0.72089475,-0.59910524,-0.6391052,-0.52910525,1.2908947,-0.5091052,-0.7991052,-0.019105224,0.33089477,-0.07910523
-0.029105224,0.9308948,1.1508948,0.84089476,1.1508948,1.4108948,2.1308947,1.4708948,1.1808947,0.020894775,0.96089476,1.5808948,2.7908947,2.3808947,1.8408948,2.0308948,2.3308947,1.5208948,-0.15910523,-0.24910523,-0.47910523,-0.6991052,-0.7691052,-1.0591053,-0.33910522,0.5108948,-0.11910523,-0.7591052,0.11089478,1.8608948,1.5608947,0.060894776,-0.31910524,1.5208948,0.2808948,-0.38910523,-0.35910523,0.030894775,0.120894775,0.66089475,-0.18910523
1.6508948,2.2908947,2.5708947,2.2108948,2.5108948,1.6708947,1.2308948,1.0208948,1.6808947,0.96089476,0.7608948,2.5908947,2.6008947,3.3608947,3.6108947,3.0608947,3.2808948,3.2608948,2.3508947,2.140895,1.7808948,2.2008948,1.7008948,1.3008947,0.90089476,0.5508948,-0.30910522,0.8908948,1.7208948,1.7708948,1.3808948,1.4108948,1.3908948,1.9708948,2.1308947,1.9308947,1.8208947,1.2208948,0.59089476,0.20089477,0.8108948
1.5608947,1.5708947,2.390895,1.9308947,1.8308948,0.84089476,1.1508948,1.7108948,2.4708948,1.2608948,0.53089476,2.1708949,2.9108949,3.6808949,3.6108947,3.3108947,2.890895,3.1208947,3.140895,2.9908948,2.8708947,2.9208949,2.6508949,2.7108948,3.4208949,3.2308948,3.3808947,3.1808949,2.9408948,2.8508947,2.4308949,2.0508947,1.7808948,1.2708948,2.2908947,1.4108948,0.7008948,0.30089477,0.33089477,0.6708948,0.43089476
2.0908947,2.390895,2.4408948,2.9208949,2.1808949,2.1308947,2.0608947,2.4808948,2.4508948,2.3608947,0.45089477,0.8808948,2.8308947,3.3408947,3.4908948,3.1708949,3.2608948,3.1108947,2.7408948,3.5208948,3.4708948,3.4208949,4.2308946,4.370895,4.270895,3.8608947,3.5208948,3.5308948,3.1208947,3.2808948,3.0908947,2.2208948,2.3708947,2.2308948,2.3608947,1.6508948,0.58089477,-0.27910522,-0.7691052,0.5708948,0.45089477
1.3808948,2.6208947,3.5808947,3.2108948,2.9708948,3.8208947,5.2808948,2.6508949,4.560895,2.4808948,-0.6391052,2.6208947,2.6308947,2.0808947,4.010895,3.6808949,4.040895,4.5008945,2.8708947,4.7308946,4.5508947,4.770895,4.410895,4.430895,4.3208947,4.0708947,4.220895,3.7408948,3.140895,3.2508948,3.4508948,3.0208948,2.7708948,2.5308948,2.6608949,2.6108947,1.3408948,1.7908947,1.5908948,0.8808948,-0.65910524
