wind_kz.json
{"header": {"discipline":0,"disciplineName":"Meteorological products","gribEdition":2,"gribLength":1102,"center":7,"centerName":"US National Weather Service - NCEP(WMC)","subcenter":0,"refTime":"2023-08-25T18:00:00.000Z","significanceOfRT":1,"significanceOfRTName":"Start of forecast","productStatus":0,"productStatusName":"Operational products","productType":1,"productTypeName":"Forecast products","productDefinitionTemplate":0,"productDefinitionTemplateName":"Analysis/forecast at horizontal level/layer at a point in time","parameterCategory":2,"parameterCategoryName":"UnknownDiscipline_0_Category_2","parameterNumber":2,"parameterNumberName":"UnknownParameter_D0_C2_2","parameterUnit":"Unknown","genProcessType":2,"genProcessTypeName":"Forecast","forecastTime":60,"surface1Type":103,"surface1TypeName":"Specified height level above ground","surface1Value":10.0,"surface2Type":255,"surface2TypeName":"Missing","surface2Value":0.0,"gridDefinitionTemplate":0,"gridDefinitionTemplateName":"Latitude_Longitude","numberPoints":615,"shape":6,"shapeName":"Earth spherical with radius of 6,371,229.0 m","gridUnits":"degrees","resolution":48,"winds":"true","scanMode":64,"nx":41,"ny":15,"basicAngle":0,"lo1":47.0,"la1":41.0,"lo2":87.0,"la2":55.0,"dx":1.0,"dy":1.0}, "data":
[rows 0 to 14 of 15, columns 0 to 40 of 41]
-1.0944403,1.2555597,-1.3844403,-2.4544404,-2.6944404,-3.2244403,-0.6844403,0.3155597,0.1755597,-1.4744403,-0.4744403,-0.7744403,-0.8444403,-0.9344403,-1.0644403,-0.2844403,-0.4444403,1.0855597,2.2355597,2.5855596,2.6455598,1.9555597,2.2455597,1.8455597,0.9755597,-2.7644403,-2.8744402,3.8655596,0.03555969,0.47555968,-0.5744403,1.2055597,-0.4044403,1.7455597,-1.7744403,0.24555969,-4.0344405,-5.5544405,-5.0244403,-5.9444404,-5.9844403
0.15555969,-1.8744403,-1.4644403,-4.7944403,-2.3444402,-1.7844403,0.8755597,1.2755597,1.8555597,2.5855596,2.5255597,2.2855597,1.0355597,1.2955596,1.9155596,1.0655597,0.1355597,2.3155596,1.8455597,4.5155597,5.1755595,4.14556,2.0355597,-1.1344403,1.6455597,-0.7844403,-0.024440307,2.8655596,2.3155596,0.83555967,0.12555969,-2.5244403,-1.2444403,-1.1744403,0.21555969,-1.2644403,-3.7444403,-2.5144403,-2.0144403,-5.5644403,-8.46444
-3.1044402,-5.8144403,-6.20444,-3.3444402,-1.6644403,-1.2644403,-0.6744403,-0.5644403,2.0655596,1.7555597,2.3455596,2.3755598,3.7055597,3.2255597,3.3855598,3.0155597,4.12556,4.62556,4.8855596,4.6955595,5.2355595,5.5155597,4.56556,5.41556,6.2155595,4.33556,5.3455596,7.0155597,8.4455595,-0.33444032,1.4155596,-1.4744403,-1.1944404,0.41555968,-3.5144403,-0.27444032,-0.91444033,-1.5044403,-4.7544403,-0.46444032,-2.2444403
-4.18444,-2.8744402,-1.3244404,0.1755597,0.9155597,1.6555597,1.2155597,2.2255597,2.6755598,2.8755598,3.2655597,3.9555597,2.3055596,3.7055597,5.6555595,5.37556,5.06556,5.1555595,5.2455597,5.6155596,5.33556,6.7255597,5.91556,7.35556,3.6455598,3.2755597,8.37556,3.7355597,10.595559,1.2655597,-0.7944403,-0.03444031,1.5455596,0.9155597,6.0355597,5.2655597,1.3455597,-0.14444031,-0.4844403,5.0355597,6.4555597
-0.4344403,1.6455597,3.0555596,4.6155596,5.6555595,4.2855597,3.8755598,4.1755595,3.6355598,4.1555595,4.5555596,5.0755596,5.50556,6.4755597,4.6955595,6.3255596,5.6555595,5.60556,5.6155596,4.54556,4.9555597,3.8755598,3.5355597,1.5155597,3.2855597,5.3055596,9.12556,14.595559,6.33556,3.5755596,0.4355597,1.1655596,1.9255596,0.4555597,4.8055596,-3.9344404,12.9455595,-0.9244403,-0.33444032,2.7255597,4.0555596
5.2055597,6.2055597,6.9955597,8.725559,10.025559,9.95556,7.9855595,8.76556,8.03556,7.79556,7.4255595,7.8455596,7.2055597,8.01556,6.1955595,5.9855595,5.1755595,5.25556,6.5355597,6.06556,5.31556,5.12556,5.5355597,5.31556,6.7055597,7.4955597,8.57556,5.4555597,7.85556,4.62556,3.1855597,2.1755598,1.3255597,-0.8944403,0.1355597,3.6055596,3.9555597,7.6955595,12.355559,-6.64444,-6.3844404
8.00556,8.96556,9.20556,9.91556,10.565559,9.53556,10.07556,7.4955597,9.26556,9.58556,10.08556,9.88556,8.92556,7.00556,6.9555597,7.1855597,6.1355596,6.10556,6.0155597,5.9055595,5.81556,5.4355597,3.6155596,3.3855598,6.2155595,7.4355597,8.41556,8.01556,6.1555595,5.0955596,3.5055597,2.7955596,2.3855598,1.7155597,1.9755597,2.8655596,1.4955597,-0.85444033,3.7755597,-1.4444404,4.0155597
4.04556,4.79556,5.7155595,6.6155596,7.9455595,8.51556,9.08556,10.20556,7.27556,9.87556,9.645559,9.395559,9.87556,8.735559,6.8855596,7.87556,6.8455596,6.02556,6.2855597,5.85556,5.66556,5.8055596,4.9355597,4.1155596,5.0955596,6.1555595,7.1955595,6.7055597,6.8855596,5.9755597,5.0955596,4.2655597,3.8155596,3.0155597,2.2755597,6.6155596,6.5155597,8.235559,10.07556,10.375559,4.41556
2.5455596,2.3555596,2.6155596,3.0255597,3.3555596,5.08556,6.9055595,7.6555595,7.5555596,8.29556,6.0955596,7.7255597,5.16556,5.5355597,9.24556,4.4655595,3.0955596,4.9655595,8.26556,7.0755596,7.35556,7.33556,6.0355597,4.89556,4.9655595,4.81556,6.89556,6.7355595,5.81556,5.4555597,4.58556,2.9255598,5.4855595,3.4955597,2.2955596,5.0555596,1.9655597,1.1655596,0.9255597,-1.2944403,-1.3044403
1.8355597,2.0655596,2.2755597,3.0855596,4.04556,3.7355597,3.7955596,4.4355597,6.0955596,7.8655596,6.9955597,6.8055596,6.2655597,6.64556,1.6955597,1.6655596,6.2055597,6.5955596,6.0955596,6.29556,7.08556,7.7355595,6.7855597,5.4855595,6.3255596,5.9955597,6.12556,7.58556,6.7255597,5.4555597,3.5255597,2.9355597,2.4055598,0.28555968,2.0955596,4.6755595,3.9855597,1.3955597,1.0055597,0.6555597,0.52555966
3.1055596,2.9555597,4.16556,3.7655597,3.9955597,4.1355596,3.8855598,3.1155596,3.3455596,4.14556,4.2255597,6.7055597,6.89556,3.9555597,2.8955598,5.4755597,4.5755596,5.8855596,5.0955596,6.27556,5.83556,6.6155596,5.6955595,6.3455596,6.85556,7.31556,7.60556,7.9255595,6.85556,6.5155597,5.25556,4.2255597,1.9555597,2.8655596,1.9655597,4.0555596,1.0455596,-0.5044403,0.3355597,0.2655597,1.0055597
2.9355597,3.5255597,4.41556,5.2055597,4.9955597,5.6955595,3.0855596,4.04556,5.4055595,5.0555596,5.2055597,5.54556,3.5755596,4.2655597,5.3455596,3.1555598,4.6855597,4.4355597,3.8755598,5.2055597,4.37556,4.9055595,5.6955595,6.3455596,6.9455595,10.595559,9.45556,8.80556,7.87556,7.64556,5.35556,4.9755597,3.9055598,4.2155595,0.005559692,4.3655596,6.75556,3.4755597,-0.23444031,0.6755597,-0.8744403
3.2855597,4.16556,4.1355596,4.60556,3.7255597,3.4555597,4.5355597,5.58556,7.33556,5.89556,3.1955597,3.6055596,4.5755596,2.9255598,3.2555597,1.4655597,3.9355597,2.7755597,1.3255597,3.6855597,2.5355597,4.2455597,2.4555597,6.16556,7.7455597,8.985559,11.475559,8.07556,6.89556,6.1355596,5.3055596,5.5955596,1.9955597,2.9255598,3.8655596,1.6955597,4.85556,1.4255596,2.5755596,-1.4744403,-1.5244403
2.4255598,3.0255597,3.5655596,3.4855597,3.7055597,3.4955597,5.3055596,4.4055595,4.4655595,4.64556,2.8555596,1.8755597,4.12556,4.4255595,3.9155598,0.41555968,3.1155596,2.2655597,0.6755597,2.2755597,-0.2844403,-0.72444034,5.56556,7.4855595,5.1955595,-0.9644403,-0.27444032,1.5855597,2.2455597,2.9755597,2.9755597,1.5555596,1.1955597,3.9455597,4.8255596,5.7455597,3.7655597,1.1955597,-0.4044403,-0.9944403,-3.2744403
1.5555596,2.8455596,3.6355598,3.4355597,2.7155597,4.4955597,2.8755598,4.1855597,4.64556,4.9455595,2.8355596,3.7155597,2.4355597,2.5655596,1.1855597,0.03555969,2.6555598,0.6155597,-0.4444403,-0.05444031,1.5255597,2.9155598,1.7955596,-0.044440307,-0.18444031,-0.09444031,0.4055597,0.5155597,0.7955597,0.8555597,-2.7544403,-2.0744402,-1.2244403,2.0855596,3.6055596,4.1155596,2.6955597,-0.2444403,-3.4844403,-3.7944403,-1.5544403
