wind_kz.json
{"header": {"discipline":0,"disciplineName":"Meteorological products","gribEdition":2,"gribLength":1025,"center":7,"centerName":"US National Weather Service - NCEP(WMC)","subcenter":0,"refTime":"2023-10-05T00:00:00.000Z","significanceOfRT":1,"significanceOfRTName":"Start of forecast","productStatus":0,"productStatusName":"Operational products","productType":1,"productTypeName":"Forecast products","productDefinitionTemplate":0,"productDefinitionTemplateName":"Analysis/forecast at horizontal level/layer at a point in time","parameterCategory":2,"parameterCategoryName":"UnknownDiscipline_0_Category_2","parameterNumber":3,"parameterNumberName":"UnknownParameter_D0_C2_3","parameterUnit":"Unknown","genProcessType":2,"genProcessTypeName":"Forecast","forecastTime":60,"surface1Type":103,"surface1TypeName":"Specified height level above ground","surface1Value":10.0,"surface2Type":255,"surface2TypeName":"Missing","surface2Value":0.0,"gridDefinitionTemplate":0,"gridDefinitionTemplateName":"Latitude_Longitude","numberPoints":615,"shape":6,"shapeName":"Earth spherical with radius of 6,371,229.0 m","gridUnits":"degrees","resolution":48,"winds":"true","scanMode":64,"nx":41,"ny":15,"basicAngle":0,"lo1":47.0,"la1":41.0,"lo2":87.0,"la2":55.0,"dx":1.0,"dy":1.0}, "data":
[rows 0 to 14 of 15, columns 0 to 40 of 41]
0.21114501,2.521145,-6.338855,-9.608855,-4.218855,3.801145,0.83114505,-0.18885498,0.07114502,-0.638855,-0.938855,-1.548855,-2.378855,-2.108855,1.371145,1.271145,1.131145,2.451145,1.451145,-0.828855,-2.718855,-2.198855,-1.9388549,0.941145,0.551145,-0.018854981,0.13114502,1.121145,-0.988855,-0.71885496,0.83114505,0.91114503,1.291145,-2.708855,-2.4988549,-3.328855,-0.42885497,-0.318855,-0.808855,-1.848855,-2.278855
0.27114502,-1.098855,-8.588855,-11.418855,-7.518855,6.391145,3.0011451,2.911145,0.71114504,0.14114502,-0.47885498,-0.688855,-0.988855,-2.438855,0.06114502,0.77114505,-0.688855,-0.888855,0.90114504,2.891145,-0.518855,-0.858855,-2.438855,-1.288855,2.351145,0.36114502,1.071145,1.1911451,0.871145,-0.09885498,-0.768855,-1.3088549,-0.568855,0.601145,1.471145,-1.8088549,-2.338855,1.9311451,0.941145,1.481145,0.02114502
-3.818855,-1.798855,-7.358855,-9.088855,-4.1288548,2.551145,1.741145,0.921145,1.821145,2.441145,1.291145,-0.608855,-0.27885497,-0.41885498,-1.398855,-1.9488549,-0.708855,3.371145,-2.858855,-1.168855,-1.668855,-4.538855,0.24114501,0.611145,2.331145,1.461145,0.33114502,3.301145,2.271145,-0.65885496,-1.8188549,-0.938855,-2.038855,-2.698855,0.12114502,-1.498855,-0.808855,-4.678855,-1.528855,2.141145,0.851145
-3.438855,-4.108855,-5.338855,-5.658855,-3.088855,-1.918855,-4.978855,2.061145,3.231145,2.801145,2.941145,2.131145,-0.06885498,-1.848855,-2.968855,0.461145,-0.20885497,-0.58885497,1.671145,-2.338855,1.411145,0.77114505,-3.978855,-0.578855,2.051145,5.081145,2.821145,-0.15885498,-1.398855,-1.598855,-2.628855,-1.6888549,0.921145,2.081145,2.071145,0.24114501,1.531145,1.281145,-1.1888549,-0.888855,-2.378855
-4.408855,-4.6288548,-1.908855,-2.388855,-1.8188549,-2.318855,-0.648855,-0.988855,-8.168855,1.721145,3.801145,4.101145,6.071145,3.311145,0.18114501,0.04114502,0.53114504,0.22114502,2.171145,-1.6988549,-0.618855,-0.83885497,-0.32885498,-1.588855,-2.088855,0.02114502,2.461145,1.471145,-0.378855,-1.418855,-0.58885497,-0.26885498,-0.33885497,0.981145,-0.30885497,2.281145,0.761145,0.801145,0.29114503,-0.638855,-2.7488549
-3.488855,-3.608855,-3.2488549,-1.128855,1.571145,0.341145,-1.408855,0.35114503,4.211145,-3.488855,5.341145,5.691145,7.741145,6.461145,3.421145,2.361145,0.951145,0.401145,0.65114504,-0.09885498,0.491145,-0.548855,-1.3188549,0.58114505,-0.42885497,-1.478855,-0.58885497,4.601145,0.881145,0.551145,2.221145,1.271145,1.031145,1.651145,1.461145,0.05114502,-0.35885498,-2.4988549,-1.0588549,1.581145,-0.84885496
-3.348855,-3.168855,-2.518855,-2.088855,-1.6888549,-1.678855,-3.648855,-0.738855,3.351145,2.471145,2.481145,5.701145,6.631145,7.3711452,6.021145,3.721145,2.711145,1.371145,1.231145,-0.66885495,-0.84885496,-1.278855,-0.378855,1.511145,-0.468855,-1.178855,-1.178855,0.731145,4.051145,3.301145,5.201145,3.7511451,2.631145,3.301145,1.861145,0.561145,0.03114502,2.011145,-0.628855,1.141145,-0.90885496
-3.098855,-3.638855,-3.398855,-2.548855,-2.078855,-2.0088549,0.39114502,-2.068855,2.981145,2.691145,3.131145,6.351145,7.271145,6.391145,4.991145,5.521145,4.401145,3.041145,1.751145,-0.59885496,-1.8188549,-2.188855,-0.378855,0.941145,0.501145,-0.12885498,-1.958855,0.77114505,1.911145,3.651145,2.801145,2.681145,1.481145,2.141145,2.151145,0.671145,-1.648855,-0.028854981,-0.518855,0.501145,-0.17885499
-2.018855,-2.488855,-3.9988549,-1.408855,-1.878855,-1.298855,-0.608855,-0.988855,2.841145,4.801145,3.061145,7.3711452,6.571145,6.491145,5.951145,4.171145,4.411145,3.341145,1.961145,1.771145,0.551145,-1.778855,-0.738855,-1.628855,0.65114504,-2.268855,-0.688855,0.631145,3.201145,3.031145,2.761145,1.451145,1.8011451,0.941145,0.35114503,2.721145,0.90114504,0.601145,0.341145,0.10114502,-2.298855
-1.588855,-1.248855,-1.5588549,-2.288855,-3.288855,-1.378855,-0.38885498,0.13114502,2.731145,6.191145,3.611145,7.181145,6.8711452,5.861145,5.6211452,4.911145,4.201145,2.981145,2.221145,2.111145,2.231145,1.0611451,-1.048855,-0.45885497,-1.328855,-0.59885496,-0.41885498,0.29114503,1.161145,1.991145,0.431145,1.501145,1.821145,2.421145,-0.27885497,1.281145,1.021145,-0.828855,0.511145,2.661145,2.721145
-1.238855,-0.628855,-0.78885496,-0.828855,-1.638855,-0.678855,-0.06885498,-0.898855,1.611145,3.0011451,6.231145,6.631145,6.111145,5.951145,6.201145,5.081145,3.931145,4.241145,3.761145,3.151145,3.191145,2.221145,0.861145,-0.32885498,-0.48885497,0.15114503,-0.578855,0.33114502,0.38114503,-0.72885495,1.9311451,2.451145,3.451145,2.651145,2.861145,1.751145,0.981145,1.5511451,1.371145,1.211145,0.14114502
0.17114502,0.45114502,0.27114502,0.01114502,0.38114503,0.14114502,1.701145,1.641145,1.421145,5.281145,5.6211452,5.421145,5.821145,5.6211452,6.361145,5.531145,4.311145,4.411145,3.041145,1.971145,1.511145,2.101145,2.261145,0.27114502,0.511145,-0.27885497,1.3011451,-0.24885498,-0.438855,2.091145,2.7411451,3.111145,2.341145,1.891145,1.611145,0.97114503,-0.13885498,-0.07885498,0.05114502,0.01114502,0.17114502
0.941145,0.861145,0.11114502,0.16114502,0.77114505,0.691145,0.14114502,4.421145,2.381145,1.141145,3.4911451,4.741145,6.801145,6.671145,5.311145,5.551145,4.041145,3.131145,2.291145,2.361145,2.051145,2.571145,2.211145,2.511145,0.21114501,0.65114504,1.091145,1.781145,1.411145,2.271145,3.301145,3.041145,2.111145,2.071145,1.701145,2.131145,1.641145,0.981145,1.641145,0.71114504,-0.348855
2.201145,1.0611451,0.90114504,0.621145,1.351145,1.761145,3.191145,4.471145,3.351145,6.911145,5.471145,4.1211452,5.531145,5.881145,5.571145,3.971145,3.601145,3.121145,2.9911451,1.531145,1.9411451,1.8011451,2.401145,3.0011451,1.541145,0.851145,0.22114502,2.831145,2.981145,3.381145,3.301145,3.131145,3.041145,2.661145,1.9411451,1.841145,1.331145,0.881145,0.851145,0.96114504,0.13114502
2.521145,2.371145,1.741145,1.291145,0.281145,3.211145,2.681145,5.761145,4.741145,5.3711452,4.741145,6.101145,3.391145,4.051145,5.481145,4.761145,3.881145,4.061145,2.891145,2.311145,0.05114502,2.0011451,2.471145,3.551145,3.281145,1.881145,1.321145,3.2511451,3.381145,3.481145,3.971145,3.611145,3.071145,2.881145,2.661145,2.521145,1.131145,1.671145,1.421145,0.44114503,0.281145
