wind.json
{"header": {"discipline":0,"disciplineName":"Meteorological products","gribEdition":2,"gribLength":1211,"center":7,"centerName":"US National Weather Service - NCEP(WMC)","subcenter":0,"refTime":"2023-07-01T00:00:00.000Z","significanceOfRT":1,"significanceOfRTName":"Start of forecast","productStatus":0,"productStatusName":"Operational products","productType":1,"productTypeName":"Forecast products","productDefinitionTemplate":0,"productDefinitionTemplateName":"Analysis/forecast at horizontal level/layer at a point in time","parameterCategory":2,"parameterCategoryName":"UnknownDiscipline_0_Category_2","parameterNumber":3,"parameterNumberName":"UnknownParameter_D0_C2_3","parameterUnit":"Unknown","genProcessType":2,"genProcessTypeName":"Forecast","forecastTime":0,"surface1Type":103,"surface1TypeName":"Specified height level above ground","surface1Value":10.0,"surface2Type":255,"surface2TypeName":"Missing","surface2Value":0.0,"gridDefinitionTemplate":0,"gridDefinitionTemplateName":"Latitude_Longitude","numberPoints":688,"shape":6,"shapeName":"Earth spherical with radius of 6,371,229.0 m","gridUnits":"degrees","resolution":48,"winds":"true","scanMode":64,"nx":43,"ny":16,"basicAngle":0,"lo1":45.0,"la1":40.0,"lo2":87.0,"la2":55.0,"dx":1.0,"dy":1.0}, "data":
[rows 0 to 15 of 16, columns 0 to 42 of 43]
-2.5806434,-0.16064331,-0.5006433,-3.8606434,-3.6606433,-15.670643,-12.750644,-7.9406433,-6.640643,-2.3906434,-1.4806433,1.8093567,3.9993567,3.7493567,2.1493566,0.44935668,-0.5006433,-0.5906433,-1.3406433,-2.3806434,-3.2706432,0.6893567,-1.7006433,1.3093567,2.0293567,1.2593567,2.2393568,2.9693568,2.5093567,-1.3206433,-2.7906432,-2.4606433,-1.2906433,1.2093567,-1.2306433,-2.5006433,-3.8706434,-5.680643,1.0593567,1.6093566,1.9693567,0.5693567,-1.4206433
0.6293567,-1.3906434,-2.0406432,0.18935668,-2.3606434,-12.310643,-12.470643,-8.4906435,-5.870643,-3.0206432,-2.2206433,-4.4706435,2.8593566,4.1193566,2.7393568,1.7693567,0.8093567,-0.05064331,-0.3206433,-1.5706433,-2.6606433,-1.7806433,-1.7906433,-2.2206433,2.7793567,-1.7906433,-1.4406433,-2.6906433,-2.0806434,1.4493567,1.1793567,-1.0606433,-2.3606434,-1.9906433,-0.9406433,1.2193567,-6.7806435,-3.7206433,-4.4606433,-3.3006432,-1.1906433,-1.8806434,1.2593567
0.7593567,0.12935668,2.2293568,0.10935669,-10.690643,-11.720643,-11.560643,-7.3206434,-6.0706434,-3.2106433,-3.1006434,-1.1306434,1.4093567,0.7993567,0.9793567,1.8393567,-0.2606433,0.40935668,1.5393567,-1.1406434,-2.7106433,-3.3306434,-4.2106433,-4.270643,0.2793567,1.4793566,-0.7606433,-2.1006434,-2.1906433,-0.8606433,0.1493567,0.3293567,0.049356688,2.1893568,-1.7106433,-4.810643,-3.1606433,-6.790643,-5.430643,-1.4006433,-1.4906433,-1.9806433,-1.5906433
2.0593567,2.7193568,-0.40064332,-6.2606435,-8.330644,-11.440643,-10.890643,-6.3806434,-4.540643,-4.1306434,-1.4306433,1.5593567,3.2793567,2.8293567,0.7293567,0.5593567,0.2693567,1.0493567,1.2793567,0.7493567,-1.1806433,-2.6906433,-4.1706433,-4.2606435,-5.0106435,-1.4106433,0.6393567,1.6093566,0.58935666,1.2693567,0.10935669,1.7893567,1.5593567,0.6793567,2.2593567,-1.5206434,-0.8606433,0.25935668,-2.1106434,-2.9206433,-2.0506432,-0.60064334,-0.23064332
2.1193566,1.5993567,0.3993567,-2.9406433,-6.1106434,-9.000644,-7.600643,-4.890643,-5.5306435,-3.9006433,-1.0506433,-0.4506433,1.0293567,-0.2506433,2.1493566,0.7893567,1.4993567,1.5893567,1.3793567,0.2793567,-1.4206433,-2.4506433,-4.0706434,-1.5106434,1.4093567,-0.6306433,-0.4706433,-0.03064331,0.5093567,-1.6806433,0.7893567,1.7393566,1.4593567,-2.7606432,-1.3706433,-1.7206433,0.64935666,-1.1906433,0.05935669,-0.17064331,0.58935666,0.1793567,0.18935668
1.1093566,1.8293567,2.8493567,-1.6806433,-5.140643,-10.960644,-9.090643,-3.7906432,-1.0206434,-1.2306433,1.8893567,1.9393567,1.2093567,-1.5306433,0.12935668,1.9093567,3.0593567,1.6593567,1.4993567,0.3093567,1.0493567,0.3293567,0.43935668,1.0893567,-0.34064332,-0.46064332,-2.8006432,-2.8306434,-2.7006433,-1.7906433,-2.1206434,-1.6406434,-0.6106433,0.19935669,0.83935666,0.8293567,-1.4806433,-2.0906434,-0.010643311,1.3493567,2.4193566,1.9293567,-0.7206433
1.1893567,0.9493567,2.7093568,1.5593567,-2.2406433,-8.730643,-8.220643,-7.4606433,-0.8206433,-1.7106433,8.119357,3.6793566,2.4293566,-0.010643311,1.5693567,2.4193566,1.9893566,1.1693567,0.58935666,-0.6306433,2.0093567,0.5093567,-1.8806434,-0.6206433,1.9393567,-1.2206433,-0.8906433,-3.6706433,-1.6406434,-4.830643,-0.7506433,-2.2706432,-2.1906433,-1.1306434,1.7993567,3.8393567,3.5093567,2.6193566,2.4393568,0.5693567,-4.8206434,0.9193567,1.4993567
1.7993567,1.4893566,0.9493567,3.6993568,-0.3206433,-2.1506433,-4.2006435,-5.2206435,0.1793567,3.7493567,7.2793565,1.7093567,-0.8706433,2.7393568,2.7393568,2.3293567,2.0793567,0.6993567,0.25935668,0.3093567,0.44935668,0.3293567,1.0393567,0.9193567,0.8593567,1.2293566,0.5993567,-0.2106433,-1.9406433,-2.1106434,-2.6306434,-3.4206433,-4.3406434,-3.4106433,-4.1306434,-2.7506433,-1.3206433,-1.1906433,-1.8606433,-0.8906433,0.16935669,-0.4506433,1.6693567
2.4893568,2.3493567,1.9493567,4.839357,6.4293566,-0.5306433,-3.4206433,-5.3006434,-5.140643,3.9193566,3.3693566,5.459357,5.9093566,4.0093565,2.6293566,2.8593566,4.0193567,3.0093567,2.0793567,2.0593567,2.5493567,2.5093567,-0.2606433,-6.4331054E-4,-0.5506433,-0.07064331,1.0493567,0.7793567,-0.1506433,-1.4806433,-1.7106433,-2.2206433,-2.1806433,-2.7806432,-2.7106433,-2.8706434,-0.9206433,-0.5806433,-3.6606433,2.8193567,0.11935669,0.6893567,-1.3906434
2.7093568,2.6993568,2.9193566,3.0793567,3.8893566,-1.3406433,-1.2506433,-3.2806432,-3.1606433,3.4793568,6.6393566,6.169357,5.209357,3.9593568,3.6393566,4.1793566,4.109357,3.1893568,3.0993567,3.1593566,3.5493567,3.4593568,3.0393567,1.9393567,2.3093567,1.3893567,0.76935667,0.47935668,0.44935668,0.12935668,-0.4706433,-1.2306433,-2.6106434,-1.5406433,-0.8706433,-1.4106433,-0.6806433,-1.3906434,-2.3006432,-0.8106433,0.00935669,-0.06064331,-0.19064331
2.6293566,2.9493568,3.4493568,3.4293566,3.1393566,0.00935669,1.0893567,-0.7406433,-3.1606433,-1.8206433,5.5493565,4.5993567,5.3093567,4.209357,4.6193566,4.5193567,4.4993567,3.0893567,2.9593568,4.069357,2.9293566,3.2093568,3.2993567,3.1193566,1.8393567,-0.08064331,-6.4331054E-4,0.8793567,-1.3306433,-1.4406433,-1.2306433,0.47935668,0.12935668,-0.7606433,-1.1106433,0.5293567,1.3293567,0.1493567,0.12935668,-0.85064334,1.6993567,2.4093566,2.8193567
2.1093566,2.1893568,2.4693568,2.6593566,3.2793567,1.3993567,2.5193567,0.21935669,-2.3506434,-1.4206433,4.839357,5.339357,3.9993567,4.7393565,4.5193567,5.0293565,3.3493567,4.5193567,3.5193567,2.2993567,2.4893568,1.0393567,-0.010643311,0.3393567,0.13935669,0.2093567,-0.9506433,-0.8106433,-0.6206433,-1.5206434,-1.3706433,-1.7406433,-1.9606433,-1.7706434,-2.4906433,-1.8306433,1.2593567,1.7993567,1.4093567,1.0493567,0.9693567,0.5693567,0.6293567
2.8193567,1.9493567,2.6793566,2.8393567,2.5793567,3.3693566,1.9693567,0.76935667,-0.8406433,-1.8306433,3.0993567,2.5293567,5.4693565,3.5893567,4.589357,4.7693567,5.4093566,4.129357,5.4893565,3.9693568,3.0893567,2.4893568,2.6793566,1.4793566,0.7193567,0.13935669,-0.2106433,-1.6006433,-1.5506433,-1.6806433,-1.7906433,-2.0806434,-2.1706433,-2.2606432,-1.7506433,-2.4306433,-1.1706433,1.7993567,2.5793567,2.0993567,1.9893566,1.7393566,1.4293567
2.5193567,3.0593567,2.3793566,2.7393568,2.7293568,2.2993567,1.8393567,0.7893567,0.06935669,-1.3606433,3.2693567,1.5793567,0.09935669,1.5793567,4.0293565,4.9093566,5.7193565,4.2893567,4.899357,3.6093566,3.0893567,3.1793566,3.2593567,3.0593567,2.4693568,1.9893566,0.64935666,-0.1806433,-1.9406433,-2.1706433,-2.4006433,-2.2106433,-1.9506433,-1.9206433,-1.8606433,-1.5806433,-0.8406433,-0.5906433,0.02935669,1.3493567,2.3493567,2.3993566,2.3093567
2.7493567,1.9393567,2.6693566,2.7693567,2.7493567,2.4393568,1.5793567,1.8393567,0.6093567,-0.8606433,1.8193567,2.8393567,1.3993567,0.6293567,-0.2506433,3.1493566,4.8693566,4.4893565,5.5393567,4.7493567,3.8393567,3.6493566,3.2193568,3.2493567,2.6093566,1.9793566,0.43935668,-1.7006433,-1.0806433,-1.2806433,-1.5006433,-2.0406432,-2.2506433,-2.0306432,-1.9006433,-1.8406433,-1.4106433,-1.3606433,-0.7506433,-0.16064331,0.2693567,2.2393568,2.5593567
2.6293566,1.9493567,1.9293567,3.0293567,2.4993567,2.2193568,2.0593567,2.0693567,0.83935666,2.6593566,2.4993567,2.1293566,0.9093567,2.1493566,2.4293566,1.4493567,5.9693565,5.0193567,5.2393565,5.189357,4.5393567,4.0193567,3.1493566,3.2993567,2.3793566,1.3693566,0.19935669,-0.46064332,-1.4106433,-1.2406433,-1.1306434,-1.5806433,-1.9006433,-1.9306433,-1.5706433,-2.0206432,-2.2106433,-1.9106433,-0.73064333,-0.5706433,0.00935669,1.3693566,1.6893567
