wind.json
{"header": {"discipline":0,"disciplineName":"Meteorological products","gribEdition":2,"gribLength":1125,"center":7,"centerName":"US National Weather Service - NCEP(WMC)","subcenter":0,"refTime":"2023-07-01T18:00:00.000Z","significanceOfRT":1,"significanceOfRTName":"Start of forecast","productStatus":0,"productStatusName":"Operational products","productType":1,"productTypeName":"Forecast products","productDefinitionTemplate":0,"productDefinitionTemplateName":"Analysis/forecast at horizontal level/layer at a point in time","parameterCategory":2,"parameterCategoryName":"UnknownDiscipline_0_Category_2","parameterNumber":3,"parameterNumberName":"UnknownParameter_D0_C2_3","parameterUnit":"Unknown","genProcessType":2,"genProcessTypeName":"Forecast","forecastTime":180,"surface1Type":103,"surface1TypeName":"Specified height level above ground","surface1Value":10.0,"surface2Type":255,"surface2TypeName":"Missing","surface2Value":0.0,"gridDefinitionTemplate":0,"gridDefinitionTemplateName":"Latitude_Longitude","numberPoints":688,"shape":6,"shapeName":"Earth spherical with radius of 6,371,229.0 m","gridUnits":"degrees","resolution":48,"winds":"true","scanMode":64,"nx":43,"ny":16,"basicAngle":0,"lo1":45.0,"la1":40.0,"lo2":87.0,"la2":55.0,"dx":1.0,"dy":1.0}, "data":
[rows 0 to 15 of 16, columns 0 to 42 of 43]
1.334405,-0.3755951,-2.115595,0.16440491,-0.2155951,-0.20559509,1.1644049,1.1644049,2.544405,1.6244049,3.394405,3.4644048,4.084405,3.544405,2.574405,0.1744049,-1.4055951,-3.0455952,-4.455595,-5.295595,-5.185595,-1.305595,-2.155595,-3.2955952,-3.2655952,-1.0755951,-2.8055952,-3.0855951,-3.0555952,-1.9655951,-3.3255951,-3.965595,-0.2155951,2.354405,2.7344048,5.394405,-5.395595,-8.365595,-6.245595,-1.055595,-0.90559506,2.394405,0.2644049
-1.3755951,-1.8255951,0.4144049,2.874405,5.894405,3.6644049,3.514405,2.7044048,3.6844049,3.864405,3.7044048,4.3644047,4.8244047,4.214405,1.8744049,-0.6655951,-1.7555951,-3.745595,-4.025595,-2.355595,-4.4655952,-3.7655952,-3.165595,-3.395595,-0.3755951,1.5944049,3.074405,1.3544049,1.704405,0.7744049,-4.705595,-3.8355951,-2.0755951,0.08440491,-0.3955951,-0.9255951,0.5544049,-6.4055953,-9.165595,-3.0555952,1.7544049,1.3644049,1.4844049
-0.3155951,2.4844048,1.9844049,1.2544049,0.08440491,4.654405,5.144405,4.134405,6.684405,4.454405,4.724405,4.8444047,3.824405,3.094405,2.1944048,0.7444049,-1.915595,-2.955595,-2.235595,-2.455595,-3.355595,-2.445595,-3.0055952,-3.925595,-3.5655951,-0.9855951,1.5944049,2.284405,3.1544049,0.6644049,-0.38559508,-1.305595,-2.725595,-3.935595,-1.8755951,-3.0855951,-4.165595,-7.555595,-7.125595,-9.255595,1.0544049,3.144405,-0.3655951
-1.545595,-1.6555951,-3.0355952,-2.145595,2.9244049,2.834405,3.9844048,7.264405,6.794405,7.0944047,6.234405,6.8444047,6.104405,3.294405,1.3744049,0.9044049,-1.4955951,-2.3155951,-3.8355951,-1.545595,-4.285595,-4.015595,-1.3255951,-1.5955951,-3.5655951,-1.2655951,-2.365595,-3.205595,-0.4555951,-0.7955951,-1.0155951,-2.2855952,-3.615595,-1.2155951,-1.3355951,-0.4355951,2.4344049,-1.165595,-2.185595,2.774405,-0.035595093,-0.8155951,2.374405
-1.7655951,-0.3055951,1.7644049,2.554405,3.624405,2.6944048,4.254405,6.464405,3.6644049,6.904405,5.814405,6.124405,4.974405,2.324405,-0.7455951,-2.0655951,-0.4955951,-3.435595,-2.735595,-1.2455951,-2.8055952,-5.075595,-4.7155952,-2.995595,-2.5355952,-2.0055952,-0.6755951,-1.7155951,-0.3055951,-0.025595093,-0.6055951,0.8144049,1.4144049,2.1844049,1.7744049,1.3444049,1.7344049,1.4944049,1.3844049,0.014404907,1.084405,3.644405,3.014405
-1.285595,-0.6855951,-2.625595,0.034404907,0.9844049,0.8944049,2.844405,4.404405,3.784405,5.2844048,7.214405,5.664405,5.064405,3.7344048,2.374405,-0.96559507,-0.7555951,-2.385595,0.054404907,-0.3155951,-2.145595,-3.865595,-5.4255953,-2.635595,-3.115595,-3.695595,-3.245595,-1.6355951,1.4044049,-2.895595,-2.225595,2.1644049,3.7444048,-0.8555951,-2.5655951,-2.395595,0.36440492,0.7544049,-0.14559509,3.1544049,4.434405,7.294405,3.7244048
-0.5155951,-0.17559509,-0.5455951,-0.2555951,-3.5355952,-2.485595,-2.145595,-0.19559509,3.1944048,4.154405,5.7844048,6.224405,5.994405,4.584405,2.754405,0.6544049,-3.2755952,-0.29559508,-0.5055951,-1.685595,-3.0955951,-3.7855952,-3.3355951,-3.445595,-3.7755952,-3.415595,-3.0255952,-2.5555952,-1.0055951,0.2744049,-2.5955951,-1.665595,1.964405,0.33440492,-1.675595,-2.705595,-3.7955952,-2.135595,-4.845595,-4.6755953,0.2044049,2.274405,6.314405
-1.6455951,-1.9655951,-1.2255951,-0.8955951,-0.8055951,-1.5755951,0.2044049,2.9744048,4.224405,5.8644047,6.474405,6.3044047,5.764405,4.8044047,2.594405,1.8744049,-0.10559509,-1.3855951,-2.155595,-2.0355952,-2.225595,-2.175595,-3.125595,-3.425595,-3.965595,-4.2155952,-3.865595,-4.165595,-3.715595,-3.2855952,-1.2655951,0.3044049,0.7144049,1.694405,2.774405,0.08440491,1.694405,0.5644049,0.39440492,0.04440491,-2.485595,0.2944049,-1.8955951
-0.055595092,-0.7255951,-1.1155951,-1.425595,-1.675595,-1.5055951,-1.9755951,1.9744049,4.214405,6.464405,7.084405,6.934405,6.6144047,5.3444047,4.044405,2.6844049,1.7844049,0.59440494,-0.4955951,-2.445595,-2.3455951,-2.485595,-0.9255951,-2.185595,-3.635595,-4.475595,-4.245595,-4.585595,-4.795595,-4.105595,-4.205595,-2.3155951,-0.045595095,0.3444049,1.464405,1.2644049,-2.675595,-2.8055952,-2.115595,-2.215595,0.4344049,0.4444049,-0.8355951
-3.355595,2.284405,1.3744049,0.2844049,-1.555595,-1.8655951,-2.435595,-2.5755951,2.394405,5.214405,5.404405,5.714405,4.814405,4.204405,3.4544048,2.7444048,1.074405,0.6144049,0.9044049,-1.1255951,-3.3255951,-1.2255951,-2.5055952,-2.885595,-2.185595,-3.355595,-3.5155952,-4.745595,-4.575595,-4.205595,-4.045595,-3.965595,-3.5855951,-4.065595,-3.865595,-3.7555952,-3.375595,-2.865595,-3.5055952,-3.225595,-2.145595,-1.435595,2.9044049
-0.29559508,-2.0955951,0.2644049,1.834405,0.5444049,-0.2755951,-1.9455951,-3.235595,-2.705595,0.014404907,2.6544049,3.044405,3.064405,2.764405,2.2444048,1.0444049,-0.2555951,-0.90559506,1.944405,1.1444049,-0.7655951,-0.6755951,-1.2355951,-2.0155952,-2.215595,-2.8455951,-3.5155952,-3.605595,-3.405595,-3.625595,-4.075595,-3.365595,-3.705595,-2.135595,-2.975595,0.33440492,-2.935595,-3.465595,-2.235595,-0.32559508,2.4444048,0.4744049,-0.17559509
-1.5255951,-2.0855951,-1.9755951,0.8044049,1.9244049,2.134405,-1.1155951,-0.14559509,-1.6055951,-0.9355951,-1.175595,-0.8155951,-0.8055951,-0.2755951,-1.805595,-0.2555951,-1.035595,-1.5155951,0.4344049,-0.6955951,-1.6455951,-1.0055951,-0.5355951,-2.875595,-2.5455952,-3.425595,-3.5955951,-2.355595,-2.675595,-2.625595,-3.5255952,-3.105595,-2.685595,-3.2655952,-4.245595,0.8644049,3.394405,0.4144049,0.2744049,-1.2355951,-2.0255952,0.9244049,0.4144049
-4.285595,-3.745595,-3.405595,-3.925595,-1.5855951,2.094405,2.284405,2.4344049,1.7744049,1.064405,1.0044049,0.15440491,-0.8755951,-2.0655951,-1.8155951,-0.7955951,-0.075595096,-0.5755951,-3.195595,-2.645595,0.7344049,-0.8155951,-1.5255951,-3.0755951,-3.8255951,-2.915595,-2.705595,-2.745595,-3.495595,-3.8055952,-3.245595,-2.355595,-1.305595,-1.5755951,-1.285595,-0.9155951,-1.9955951,1.194405,0.42440492,0.3044049,-0.6055951,-1.3755951,-0.2555951
-3.995595,-3.5355952,-3.435595,-3.355595,-3.175595,-2.3055952,-2.0655951,-1.3955951,-1.0055951,0.5844049,1.0244049,1.194405,0.8344049,2.014405,3.124405,1.6444049,0.6844049,-0.14559509,0.33440492,0.2544049,-0.9255951,0.53440493,-0.19559509,-2.725595,-3.2555952,-3.0455952,-3.955595,-3.455595,-3.695595,-3.185595,-2.685595,-2.215595,-1.6455951,-0.8455951,0.2544049,0.8244049,0.39440492,1.3844049,0.2544049,2.024405,1.7444049,-1.7355951,1.2844049
-4.095595,-3.225595,-3.945595,-3.3055952,-3.645595,-2.625595,-2.3455951,-1.6455951,-0.8055951,0.33440492,0.7644049,2.044405,0.6444049,0.6244049,-0.10559509,-0.7655951,-0.045595095,0.2744049,1.824405,1.084405,1.9944049,-0.22559509,-2.145595,-1.8955951,-2.5055952,-2.5855951,-2.215595,-2.475595,-2.745595,-2.2955952,-2.205595,-2.0055952,-1.6055951,-0.90559506,0.11440491,1.8444049,0.3544049,4.264405,1.6644049,1.1444049,0.7644049,1.5344049,-0.8055951
-4.1555953,-4.055595,-2.3355951,-3.935595,-3.385595,-2.0455952,-1.0955951,0.53440493,0.6344049,1.3744049,0.53440493,0.8644049,0.7344049,0.5844049,1.084405,0.1944049,-1.2755951,-0.6155951,-0.015595092,-0.20559509,-1.3555951,-1.9555951,-1.8355951,-2.3055952,-2.115595,-1.7755951,-1.415595,-1.2655951,-2.0455952,-2.365595,-2.225595,-0.90559506,-2.195595,3.614405,1.5544049,1.3744049,3.4744048,2.9144049,3.384405,2.324405,0.8744049,3.4744048,0.7444049
