wind_kz.json
{"header": {"discipline":0,"disciplineName":"Meteorological products","gribEdition":2,"gribLength":1102,"center":7,"centerName":"US National Weather Service - NCEP(WMC)","subcenter":0,"refTime":"2023-08-20T06:00:00.000Z","significanceOfRT":1,"significanceOfRTName":"Start of forecast","productStatus":0,"productStatusName":"Operational products","productType":1,"productTypeName":"Forecast products","productDefinitionTemplate":0,"productDefinitionTemplateName":"Analysis/forecast at horizontal level/layer at a point in time","parameterCategory":2,"parameterCategoryName":"UnknownDiscipline_0_Category_2","parameterNumber":2,"parameterNumberName":"UnknownParameter_D0_C2_2","parameterUnit":"Unknown","genProcessType":2,"genProcessTypeName":"Forecast","forecastTime":120,"surface1Type":103,"surface1TypeName":"Specified height level above ground","surface1Value":10.0,"surface2Type":255,"surface2TypeName":"Missing","surface2Value":0.0,"gridDefinitionTemplate":0,"gridDefinitionTemplateName":"Latitude_Longitude","numberPoints":615,"shape":6,"shapeName":"Earth spherical with radius of 6,371,229.0 m","gridUnits":"degrees","resolution":48,"winds":"true","scanMode":64,"nx":41,"ny":15,"basicAngle":0,"lo1":47.0,"la1":41.0,"lo2":87.0,"la2":55.0,"dx":1.0,"dy":1.0}, "data":
[rows 0 to 14 of 15, columns 0 to 40 of 41]
-1.1615771,1.5284228,-1.5215771,-1.1215771,-2.861577,-4.111577,-5.411577,-4.5215774,-4.711577,-2.2715771,-2.9315772,-1.7115772,-1.8715771,-0.8415772,-1.2415771,-1.1215771,-1.1615771,-2.1515772,-2.611577,-0.61157715,2.638423,1.5984229,2.9984229,4.428423,1.1084229,1.5984229,4.1684227,3.7884228,0.33842286,0.23842286,-0.13157715,0.27842286,-0.27157715,-1.4015771,-1.4715772,-0.011577148,-1.6215771,-3.3715773,-2.3815773,-1.6615771,0.55842286
0.15842286,-1.6115772,-1.2815771,-1.3115772,-1.1415771,-0.92157716,-3.081577,-4.381577,-2.4315772,-0.8915771,-0.61157715,0.08842285,0.31842285,0.20842285,-0.48157716,-0.16157715,0.9084228,1.3384229,1.7584229,2.418423,3.388423,3.3284228,3.688423,4.548423,0.62842286,0.15842286,1.2784228,1.4784229,3.718423,1.7684228,0.58842283,0.58842283,-0.87157714,0.86842287,0.49842286,-3.1615772,1.2184229,0.6084229,0.71842283,1.5684228,0.21842285
-1.3115772,1.5384228,2.5584228,1.8184228,-0.28157714,0.11842285,0.23842286,0.07842285,1.4684229,0.6084229,0.018422851,0.63842285,0.28842285,-0.04157715,-0.15157714,1.6884228,3.218423,4.018423,4.158423,4.908423,5.298423,5.508423,7.198423,6.2284226,1.2484229,7.318423,5.948423,5.338423,5.738423,-0.28157714,1.4084228,-1.1815772,-1.7015772,0.098422855,-0.5815771,2.1284227,-1.2815771,-1.7915771,-0.86157715,-1.9815772,0.82842284
2.408423,3.218423,2.928423,2.5684228,3.2684228,4.2084227,5.3784227,5.818423,6.4584227,5.7484226,5.038423,4.818423,2.448423,3.8784227,3.5384228,3.0184228,3.7784228,6.088423,6.7284226,7.038423,5.808423,6.548423,5.558423,6.1684227,6.4984226,5.968423,5.258423,5.318423,2.658423,-1.7615771,-4.031577,-2.7415771,-3.4915771,-0.69157714,0.16842285,1.6884228,2.0084229,0.15842286,-3.1315773,-5.1015773,-4.911577
1.1484228,1.2484229,0.99842286,1.6584228,4.548423,5.6284227,5.6484227,6.698423,8.568423,8.608423,8.918423,8.728423,4.568423,4.318423,2.8184228,5.408423,5.238423,5.968423,6.888423,7.6684227,8.128423,8.108423,8.148423,7.8584228,7.928423,7.528423,6.548423,5.598423,4.278423,1.2184229,1.6884228,0.34842286,3.2984228,1.3684229,-2.341577,-2.4515772,-1.8515772,-4.5615773,-2.4815772,-2.6915772,-2.1915772
3.9984229,4.328423,0.71842283,-0.62157714,-1.1715771,-0.34157714,2.3384228,4.2284226,6.348423,6.8784227,8.158422,7.448423,5.298423,1.6484228,4.3584228,6.1484227,7.368423,7.698423,7.838423,7.838423,9.158422,8.828423,8.548423,6.4384227,6.7284226,7.558423,8.178423,2.718423,8.228423,4.2484226,4.6484227,3.2884228,1.3984228,1.2084229,-0.55157715,2.898423,0.71842283,-3.351577,-3.4415772,-1.9215771,-1.2915771
4.268423,3.7284229,2.2284229,1.5084229,0.6584228,0.80842286,1.3684229,2.718423,3.918423,3.408423,2.158423,2.5984228,2.918423,4.828423,5.678423,6.4784226,7.678423,8.788423,8.648423,8.678423,8.988422,8.388423,7.8984227,7.968423,7.888423,7.4184227,8.448422,7.538423,5.718423,5.318423,3.6184227,0.83842283,0.07842285,-2.051577,-1.2515771,-2.061577,-0.111577146,0.6584228,2.0784228,0.34842286,-1.0415771
3.708423,2.3684227,1.4284228,-0.25157714,-2.0215771,-1.1115772,0.50842285,2.2284229,3.968423,5.2484226,6.1484227,6.198423,5.598423,6.288423,6.008423,6.9584227,7.7084227,8.648423,9.638423,9.688423,9.558423,7.518423,8.778423,8.748423,8.938423,8.548423,8.248423,8.278423,7.288423,5.638423,4.548423,3.7384229,0.6684229,2.1084228,4.2084227,-4.461577,-4.011577,-1.9615772,-3.541577,-1.7715771,1.8184228
3.7984228,2.5684228,-0.36157715,-1.5515771,-1.9915771,-2.1615772,-0.6515772,1.6984229,3.5584228,4.988423,7.298423,7.808423,6.9984226,5.868423,6.198423,7.018423,7.9584227,8.718423,9.448422,9.558423,9.038423,9.388423,9.018423,9.748423,10.258423,10.058423,9.438423,8.848423,8.708423,5.8584228,6.158423,4.218423,2.918423,3.0984228,2.898423,-2.541577,-2.2715771,1.8284229,1.1184229,-0.9015772,1.2484229
3.188423,2.178423,1.8784229,-2.281577,-1.5915772,-0.87157714,-1.0015771,0.08842285,1.3884228,3.948423,4.6284227,6.948423,6.3584228,6.1084228,6.4184227,5.818423,6.698423,6.1684227,3.7984228,3.4984229,6.598423,9.488422,12.338423,11.638423,11.748423,11.138423,10.438423,9.758423,8.988422,9.998423,5.4984226,4.298423,5.618423,3.0784228,1.1984229,1.5284228,-3.2515771,-1.4215771,2.3684227,0.50842285,0.058422852
1.2284229,-2.311577,-2.4515772,-1.8715771,0.68842286,2.3184228,1.5184228,1.9884229,1.6184229,3.0184228,5.038423,6.088423,5.008423,5.048423,3.658423,0.92842287,2.698423,4.488423,3.908423,1.0084229,6.758423,12.518423,15.998423,12.278423,9.928423,10.018423,9.728423,10.298423,8.3684225,9.838423,10.318423,4.598423,2.418423,2.0284228,1.1284229,-1.0715772,-0.34157714,0.96842283,-0.54157716,-0.7715771,1.0384228
-2.7415771,-1.0515771,0.07842285,2.438423,3.5384228,3.0584228,2.2284229,1.5484228,1.8584229,3.428423,2.4784229,4.4384227,2.3784227,3.398423,3.468423,1.3984228,1.1484228,2.1084228,2.5084229,-0.78157717,2.648423,4.088423,1.5784229,2.1084228,5.408423,8.738422,8.728423,5.988423,2.3784227,-0.37157714,2.3484228,2.1184227,-0.04157715,-0.62157714,-0.99157715,1.1384228,0.57842284,-2.1915772,-1.5715772,-1.0715772,-1.6415771
-0.62157714,-0.20157714,1.4884229,1.7484229,1.9684229,1.6884228,1.7584229,0.9084228,1.5184228,1.7184229,0.7284229,3.158423,-1.0915772,-0.35157716,0.30842286,1.1184229,1.8284229,1.3784229,1.5884229,-1.8715771,-3.2715771,0.14842285,-1.4015771,-4.091577,-5.461577,-5.8515773,-6.091577,-6.1415772,-5.761577,-4.901577,-4.221577,-3.821577,-1.7615771,-2.4515772,-1.7815771,-3.3815773,-4.1415772,-2.7515771,-3.291577,-2.861577,-1.1215771
0.56842285,-0.0015771484,1.0784229,1.9084228,2.718423,2.928423,2.0284228,3.388423,2.5384228,2.388423,1.3684229,1.5084229,1.1684228,-0.5215771,-0.68157715,2.408423,-0.41157714,-0.051577147,-1.9415772,-2.081577,-1.3815771,-4.181577,0.70842284,-2.9715772,-3.6615772,-4.7715774,-5.361577,-5.3115773,-4.901577,-4.051577,-4.7515774,-4.7515774,-2.331577,-3.2615771,-3.8915772,-4.071577,-3.1315773,-1.2715771,-1.6115772,-0.25157714,-1.2415771
1.0684228,1.4084228,1.5484228,2.0984228,2.7584229,2.9784229,2.6184227,2.7284229,3.3784227,3.8084228,0.68842286,2.188423,0.76842284,1.6384228,-0.15157714,1.1084229,2.678423,0.67842287,-0.25157714,-1.2615771,-2.031577,-2.2515771,-3.3715773,-2.571577,-4.841577,-3.2615771,-4.511577,-5.161577,-3.841577,-3.561577,-3.8815773,-1.8715771,-3.061577,-1.1415771,-3.6415772,-4.631577,-1.2215772,-3.0015771,-1.5615772,-1.9915771,-1.1915772
