wind_kz.json
{"header": {"discipline":0,"disciplineName":"Meteorological products","gribEdition":2,"gribLength":1025,"center":7,"centerName":"US National Weather Service - NCEP(WMC)","subcenter":0,"refTime":"2023-09-25T06:00:00.000Z","significanceOfRT":1,"significanceOfRTName":"Start of forecast","productStatus":0,"productStatusName":"Operational products","productType":1,"productTypeName":"Forecast products","productDefinitionTemplate":0,"productDefinitionTemplateName":"Analysis/forecast at horizontal level/layer at a point in time","parameterCategory":2,"parameterCategoryName":"UnknownDiscipline_0_Category_2","parameterNumber":2,"parameterNumberName":"UnknownParameter_D0_C2_2","parameterUnit":"Unknown","genProcessType":2,"genProcessTypeName":"Forecast","forecastTime":180,"surface1Type":103,"surface1TypeName":"Specified height level above ground","surface1Value":10.0,"surface2Type":255,"surface2TypeName":"Missing","surface2Value":0.0,"gridDefinitionTemplate":0,"gridDefinitionTemplateName":"Latitude_Longitude","numberPoints":615,"shape":6,"shapeName":"Earth spherical with radius of 6,371,229.0 m","gridUnits":"degrees","resolution":48,"winds":"true","scanMode":64,"nx":41,"ny":15,"basicAngle":0,"lo1":47.0,"la1":41.0,"lo2":87.0,"la2":55.0,"dx":1.0,"dy":1.0}, "data":
[rows 0 to 14 of 15, columns 0 to 40 of 41]
0.3070929,-0.2529071,2.467093,3.787093,0.7970929,0.7270929,-0.4729071,-7.312907,-7.802907,-5.292907,-4.822907,-4.922907,-4.572907,-3.8229072,-3.3929071,-3.712907,-3.0929072,-2.1629071,-3.692907,-2.232907,-2.672907,-1.1329072,-1.982907,-2.3129072,0.4970929,-1.8429071,-2.792907,-0.4429071,0.29709288,0.1770929,-1.0729071,0.29709288,0.11709289,-0.9429071,-3.8929071,-4.102907,-2.952907,-2.962907,-2.762907,-2.012907,-2.8729072
0.9470929,1.3370929,3.1270928,1.7770929,2.0970929,-5.092907,-4.952907,-7.912907,-5.432907,-4.722907,-4.812907,-5.722907,-4.282907,-2.982907,-2.432907,-4.042907,-3.482907,-3.042907,-1.5229071,-2.5829072,-0.5229071,0.5670929,-0.6829071,-3.0729072,-0.3829071,1.2270929,-0.5229071,-0.1229071,-2.8929071,-0.9529071,0.3070929,0.027092896,-0.9729071,-1.8229071,-0.1529071,0.5670929,-0.1429071,0.13709289,-0.5629071,0.1870929,-4.452907
1.9370929,4.9770927,3.9370928,0.7370929,-2.702907,-6.342907,-5.7529073,-3.8729072,-4.702907,-4.9629073,-5.2729073,-6.2129073,-3.8829072,-3.262907,-4.302907,-4.312907,-4.602907,-2.982907,-1.6029071,-2.702907,-3.172907,-4.352907,-3.422907,-3.802907,-0.6129071,-2.052907,-2.6329072,-0.8029071,-1.8329071,-0.8329071,-2.012907,2.6570928,-0.48290712,-0.7829071,-0.6629071,-0.8129071,0.6370929,0.067092896,2.3370929,2.987093,2.577093
3.247093,2.9070928,2.267093,-0.2429071,-2.992907,-3.8529072,-2.8229072,-4.092907,-6.2729073,-6.322907,-5.242907,-5.4629073,-5.242907,-5.4829073,-4.0029073,-4.512907,-3.712907,-2.992907,-2.992907,-3.8629072,-4.2329073,-2.6129072,-1.9529071,-6.932907,-6.162907,-5.812907,-5.4429073,-8.682907,-4.422907,-2.1429071,-2.3529072,-3.462907,-2.782907,-2.8129072,-2.422907,-2.212907,-1.9229071,2.317093,-0.3629071,-0.2329071,-1.6929071
0.2470929,0.65709287,-0.6729071,1.1870929,-1.9529071,-2.9129071,-2.972907,-3.182907,-5.852907,-5.1929073,-4.172907,-3.982907,-4.112907,-4.372907,-3.6129072,-4.152907,-3.5929072,-2.9129071,-2.702907,-4.4429073,-4.902907,-6.122907,-7.2529073,-6.382907,-6.032907,-6.072907,-6.362907,-5.302907,-5.7729073,-5.352907,-5.042907,-2.4129071,-2.6229072,1.3670928,-0.0829071,-0.4729071,-3.3529072,-2.8529072,-3.042907,-2.3129072,-1.5629071
-2.522907,-1.612907,-3.682907,-3.242907,-4.832907,-4.302907,-4.262907,-3.6629071,-4.242907,-4.392907,-3.3829072,-2.5729072,-1.862907,-3.1329072,-2.1529071,-2.8929071,-3.722907,-3.3529072,-2.682907,-4.072907,-4.152907,-4.082907,-4.592907,-5.032907,-4.822907,-6.0229073,-4.7129073,-6.372907,-4.602907,-4.952907,-4.062907,-3.462907,-3.3429072,-3.212907,-2.022907,-3.472907,-0.4929071,-1.7729071,-2.532907,-2.3829072,0.2470929
-2.482907,-2.732907,-4.702907,-0.4929071,-1.862907,-2.8629072,-2.502907,-2.532907,-2.772907,-2.452907,-1.4029071,-0.6629071,0.5870929,1.0370929,0.5170929,-0.6229071,-2.742907,-3.192907,-2.752907,-3.9029071,-3.8229072,-3.702907,-3.4029071,-3.6529071,-2.8929071,-3.5629072,-2.962907,-3.8829072,-3.712907,-4.0029073,-4.332907,-4.722907,-2.952907,-2.492907,-3.252907,-2.1329072,-1.1829071,1.1970929,-1.1229072,-0.072907105,0.9670929
-4.122907,-4.742907,-2.782907,0.5670929,1.387093,0.7570929,0.29709288,-1.3729072,-0.7329071,-1.1729071,-0.1529071,0.8870929,0.7670929,0.9170929,1.2970929,0.7870929,-1.482907,-2.272907,-2.712907,-3.302907,-2.742907,-3.422907,-3.182907,-2.6329072,-2.6229072,-1.2529072,-1.9129071,-2.1629071,-2.1329072,-2.962907,-3.0929072,-3.8629072,-3.8629072,-1.7029071,-3.282907,-1.2029071,-0.6329071,3.6370928,0.7970929,2.477093,-2.212907
-3.212907,-2.782907,-0.7829071,-1.4529071,0.07709289,6.817093,0.6370929,-0.032907106,0.7270929,1.4570929,1.5470929,1.7770929,1.9570929,1.5370929,-0.3629071,-1.1829071,-0.2329071,-1.1729071,-0.5629071,-1.612907,-1.362907,-1.5829071,-1.492907,-2.232907,-1.6329072,-2.252907,-1.0629071,-0.9629071,0.1570929,-0.5529071,-1.992907,-2.202907,-0.7029071,-2.262907,-1.362907,-0.9529071,-0.3329071,-2.472907,-1.0929071,1.0670929,-2.3729072
0.48709288,-0.6029071,1.9870929,0.6070929,3.977093,1.3970929,-1.3729072,0.5470929,0.9970929,1.007093,1.637093,1.5370929,2.1070929,0.3970929,-0.8629071,-1.2029071,-0.9629071,-1.362907,-0.5729071,-1.4529071,-0.6629071,0.1270929,0.4370929,-0.6329071,-1.1929071,-1.3529071,-0.8129071,-0.9329071,1.1670929,-0.032907106,-1.3029071,-1.2929071,-1.5429071,-1.5529071,-1.0829071,-0.8329071,-1.6629071,-0.16290711,-2.432907,-0.6429071,-1.2529072
1.6070929,0.13709289,-1.0029072,2.557093,5.337093,6.887093,2.8370929,1.4670929,0.84709287,0.5270929,0.9570929,1.0370929,1.0570929,0.4070929,0.8170929,0.1870929,0.11709289,0.9370929,-0.7529071,0.3870929,0.9470929,0.5870929,0.8570929,1.0970929,0.45709288,0.0870929,0.5870929,1.4070929,0.8970929,-0.022907104,-0.9529071,-0.59290713,-0.8529071,-0.5429071,-0.4029071,-1.1229072,-1.3529071,0.1570929,-1.3229071,1.3470929,-1.6929071
-0.48290712,-0.3729071,2.3870928,0.5470929,1.4670929,7.0370927,3.5970929,1.4470929,0.7470929,0.11709289,-0.8229071,0.9870929,0.3570929,0.6470929,0.65709287,0.7870929,1.7770929,2.0870929,0.9470929,1.6570929,1.1870929,1.7070929,1.3970929,1.0470929,1.4470929,1.8570929,1.3370929,2.527093,2.277093,0.8970929,0.037092894,0.2370929,0.3870929,-0.4329071,0.22709289,0.2470929,-0.3729071,-0.16290711,0.1770929,-0.45290712,-0.5729071
0.8070929,0.07709289,-0.1429071,-2.262907,-0.5029071,3.077093,1.3170929,1.1270928,0.4670929,-0.6029071,-0.4729071,0.6170929,1.2270929,1.8670928,2.4070928,2.207093,1.8370929,2.1870928,1.6970929,1.887093,1.2770929,1.3170929,1.757093,1.4670929,3.1670928,2.497093,2.747093,2.747093,2.317093,1.8570929,1.1670929,1.4470929,0.8170929,0.3770929,0.1470929,0.4470929,0.9770929,-0.0929071,-0.3529071,-0.7629071,-0.90290713
1.7870929,1.4570929,1.1870929,0.6470929,1.8270929,-0.6429071,-1.1329072,0.3570929,1.0270929,0.3770929,-0.7729071,-0.3829071,1.4970928,2.3770928,3.0870929,2.797093,2.477093,2.1270928,1.1670929,2.507093,2.1170928,2.277093,3.1070929,2.8670928,2.9170928,2.217093,1.8570929,2.547093,2.1070929,2.1770928,2.1870928,1.7370929,1.9270929,1.3770928,1.8970929,0.9270929,0.8270929,1.0770929,-0.2129071,0.2870929,0.037092894
0.8670929,1.2970929,1.9170929,2.1870928,0.5470929,0.7870929,0.6470929,0.3470929,-0.4329071,-0.90290713,-1.1729071,-0.45290712,0.057092894,0.8570929,1.3070929,2.3670928,2.1770928,2.6370928,1.7270929,2.307093,2.287093,2.6270928,2.4070928,2.6570928,2.707093,2.557093,2.987093,2.997093,2.727093,2.507093,3.237093,3.3970928,2.257093,2.007093,2.3470929,2.567093,2.027093,1.7170929,2.3370929,2.1470928,-0.22290711
