wind_kz.json
{"header": {"discipline":0,"disciplineName":"Meteorological products","gribEdition":2,"gribLength":871,"center":7,"centerName":"US National Weather Service - NCEP(WMC)","subcenter":0,"refTime":"2023-08-22T00:00:00.000Z","significanceOfRT":1,"significanceOfRTName":"Start of forecast","productStatus":0,"productStatusName":"Operational products","productType":1,"productTypeName":"Forecast products","productDefinitionTemplate":0,"productDefinitionTemplateName":"Analysis/forecast at horizontal level/layer at a point in time","parameterCategory":0,"parameterCategoryName":"UnknownDiscipline_0_Category_0","parameterNumber":0,"parameterNumberName":"UnknownParameter_D0_C0_0","parameterUnit":"Unknown","genProcessType":2,"genProcessTypeName":"Forecast","forecastTime":120,"surface1Type":1,"surface1TypeName":"Ground or water surface","surface1Value":0.0,"surface2Type":255,"surface2TypeName":"Missing","surface2Value":0.0,"gridDefinitionTemplate":0,"gridDefinitionTemplateName":"Latitude_Longitude","numberPoints":615,"shape":6,"shapeName":"Earth spherical with radius of 6,371,229.0 m","gridUnits":"degrees","resolution":48,"winds":"true","scanMode":64,"nx":41,"ny":15,"basicAngle":0,"lo1":47.0,"la1":41.0,"lo2":87.0,"la2":55.0,"dx":1.0,"dy":1.0}, "data":
[rows 0 to 14 of 15, columns 0 to 40 of 41]
293.7923,285.6923,288.1923,299.39227,299.1923,298.39227,296.49228,296.6923,294.49228,295.5923,294.7923,296.5923,296.6923,296.99228,297.0923,295.7923,293.5923,294.39227,292.0923,295.2923,298.49228,294.6923,291.39227,289.39227,293.89227,294.99228,290.39227,276.2923,275.2923,275.99228,275.2923,277.1923,285.99228,294.39227,296.99228,298.0923,299.0923,296.1923,297.2923,298.49228,296.6923
276.7923,290.39227,298.99228,298.89227,299.1923,297.99228,293.89227,292.49228,292.39227,292.5923,293.0923,293.2923,293.5923,292.2923,293.39227,292.1923,293.39227,292.7923,290.99228,292.1923,291.89227,296.89227,295.2923,286.7923,279.6923,280.2923,284.1923,276.0923,278.2923,274.99228,280.49228,271.7923,279.89227,261.49228,278.5923,294.89227,294.7923,295.5923,298.5923,290.1923,283.99228
289.2923,298.7923,298.99228,298.89227,297.7923,291.6923,291.1923,290.99228,290.2923,289.7923,289.89227,291.0923,289.7923,291.99228,292.99228,291.0923,291.0923,291.1923,289.99228,290.2923,290.5923,292.2923,292.1923,291.6923,290.99228,292.5923,292.49228,292.99228,290.49228,282.49228,274.49228,276.99228,282.1923,279.7923,284.7923,286.2923,279.89227,279.7923,280.99228,277.2923,277.39227
289.5923,299.99228,299.39227,298.2923,294.89227,290.6923,291.49228,292.2923,290.1923,289.7923,289.7923,289.6923,295.5923,294.89227,292.0923,290.89227,292.7923,291.6923,290.49228,288.99228,287.89227,287.5923,295.5923,294.0923,293.49228,293.89227,294.6923,293.6923,293.2923,295.49228,293.39227,291.7923,294.99228,293.0923,292.49228,289.89227,281.89227,279.6923,283.0923,295.39227,295.89227
289.6923,299.49228,299.6923,299.1923,296.6923,292.5923,293.2923,293.49228,290.2923,289.99228,289.39227,289.1923,295.7923,294.39227,291.89227,291.89227,292.39227,292.99228,293.7923,293.6923,292.89227,293.5923,292.49228,292.6923,293.6923,292.7923,293.6923,294.2923,294.2923,295.7923,297.49228,292.49228,283.0923,272.2923,283.89227,293.2923,295.7923,300.39227,299.7923,300.1923,298.99228
287.89227,286.89227,297.6923,298.6923,299.1923,298.5923,292.2923,292.49228,290.39227,290.39227,290.1923,289.7923,294.1923,294.7923,292.0923,289.1923,291.99228,292.1923,291.2923,296.1923,295.0923,292.6923,292.0923,293.0923,291.6923,290.89227,291.2923,293.49228,296.39227,296.2923,296.2923,296.99228,293.7923,292.5923,291.2923,292.7923,290.1923,292.1923,299.5923,300.39227,299.49228
287.2923,286.39227,289.0923,289.89227,292.7923,290.0923,291.1923,289.6923,289.89227,290.0923,289.2923,289.1923,290.99228,289.89227,288.7923,291.2923,291.6923,291.6923,294.2923,294.6923,294.39227,293.2923,292.0923,293.2923,293.7923,292.99228,291.6923,292.5923,294.89227,295.0923,294.6923,294.39227,293.2923,294.5923,294.2923,292.5923,290.6923,288.1923,286.7923,285.89227,297.6923
286.5923,286.0923,287.89227,288.89227,290.89227,290.39227,289.1923,288.39227,287.39227,287.89227,287.39227,288.89227,287.49228,290.39227,290.39227,292.89227,293.2923,293.5923,294.0923,291.7923,291.6923,289.7923,289.39227,289.39227,291.6923,290.89227,290.89227,290.99228,291.39227,293.49228,291.89227,291.39227,290.99228,287.2923,287.2923,289.1923,292.1923,289.49228,293.89227,296.2923,293.39227
283.99228,284.6923,285.49228,286.0923,287.49228,286.7923,286.39227,286.6923,286.49228,285.89227,285.49228,287.39227,288.0923,289.2923,289.49228,290.89227,292.49228,292.7923,292.6923,291.0923,289.1923,290.6923,289.99228,288.1923,287.39227,289.99228,288.1923,288.7923,289.0923,287.39227,286.99228,288.1923,286.99228,287.5923,286.1923,285.39227,288.49228,288.1923,280.7923,281.6923,282.7923
283.39227,284.6923,284.99228,285.39227,285.7923,285.7923,285.0923,284.0923,283.99228,283.7923,284.39227,286.6923,288.0923,288.6923,289.99228,289.39227,292.0923,292.1923,293.2923,292.99228,288.1923,289.7923,290.1923,288.39227,287.89227,285.89227,287.39227,288.1923,286.49228,285.1923,285.6923,288.2923,289.0923,286.99228,286.39227,285.7923,285.5923,284.2923,280.6923,284.0923,280.39227
285.5923,283.5923,283.2923,284.1923,283.99228,283.49228,282.7923,282.0923,281.7923,281.6923,283.6923,286.0923,287.39227,287.2923,287.6923,288.99228,288.5923,290.39227,289.49228,290.39227,288.1923,287.49228,287.0923,286.5923,286.1923,287.1923,285.99228,287.49228,287.89227,287.5923,289.49228,289.89227,287.99228,286.2923,285.6923,284.5923,283.2923,281.7923,281.5923,282.89227,281.7923
282.89227,286.1923,286.7923,285.99228,285.6923,285.7923,281.7923,280.7923,281.99228,280.49228,279.1923,283.49228,285.1923,285.49228,285.99228,286.6923,287.39227,288.99228,287.89227,287.6923,289.1923,284.89227,285.6923,285.89227,285.7923,286.49228,287.2923,288.39227,288.39227,288.99228,288.0923,287.6923,285.89227,284.2923,285.1923,285.0923,286.5923,287.0923,287.7923,287.49228,288.2923
279.49228,283.99228,284.99228,285.1923,285.2923,283.7923,281.2923,279.6923,278.99228,278.39227,276.89227,277.39227,282.89227,283.49228,284.49228,285.99228,284.1923,284.6923,286.2923,285.89227,288.7923,285.89227,283.39227,284.89227,284.99228,286.5923,287.1923,286.5923,286.99228,286.6923,286.6923,286.0923,285.39227,283.7923,283.5923,283.49228,286.5923,288.0923,287.5923,284.99228,285.89227
278.6923,281.2923,286.1923,279.99228,278.89227,277.99228,277.99228,278.7923,283.39227,283.89227,277.5923,275.7923,280.1923,282.0923,284.0923,284.49228,284.1923,283.2923,284.2923,285.1923,285.2923,285.39227,285.39227,285.99228,286.49228,286.49228,285.49228,283.99228,284.2923,284.6923,283.7923,283.6923,283.0923,282.39227,281.7923,281.99228,282.99228,282.99228,283.7923,283.99228,285.6923
278.5923,279.0923,290.7923,279.89227,279.49228,280.6923,278.99228,282.2923,280.49228,282.2923,278.7923,275.99228,277.39227,279.5923,281.1923,283.6923,283.6923,284.49228,283.0923,284.6923,284.39227,284.0923,285.49228,285.7923,286.0923,285.6923,284.1923,283.0923,283.0923,282.49228,282.7923,282.6923,282.1923,281.7923,281.49228,282.39227,282.6923,282.5923,282.6923,282.5923,286.49228
