wind_kz.json
{"header": {"discipline":0,"disciplineName":"Meteorological products","gribEdition":2,"gribLength":1025,"center":7,"centerName":"US National Weather Service - NCEP(WMC)","subcenter":0,"refTime":"2023-08-19T12:00:00.000Z","significanceOfRT":1,"significanceOfRTName":"Start of forecast","productStatus":0,"productStatusName":"Operational products","productType":1,"productTypeName":"Forecast products","productDefinitionTemplate":0,"productDefinitionTemplateName":"Analysis/forecast at horizontal level/layer at a point in time","parameterCategory":2,"parameterCategoryName":"UnknownDiscipline_0_Category_2","parameterNumber":2,"parameterNumberName":"UnknownParameter_D0_C2_2","parameterUnit":"Unknown","genProcessType":2,"genProcessTypeName":"Forecast","forecastTime":60,"surface1Type":103,"surface1TypeName":"Specified height level above ground","surface1Value":10.0,"surface2Type":255,"surface2TypeName":"Missing","surface2Value":0.0,"gridDefinitionTemplate":0,"gridDefinitionTemplateName":"Latitude_Longitude","numberPoints":615,"shape":6,"shapeName":"Earth spherical with radius of 6,371,229.0 m","gridUnits":"degrees","resolution":48,"winds":"true","scanMode":64,"nx":41,"ny":15,"basicAngle":0,"lo1":47.0,"la1":41.0,"lo2":87.0,"la2":55.0,"dx":1.0,"dy":1.0}, "data":
[rows 0 to 14 of 15, columns 0 to 40 of 41]
-1.4630982,-1.0530982,2.1469018,0.58690184,0.51690185,1.7469019,2.3969018,1.9969019,1.8869019,0.39690185,-1.6630981,-1.3730981,-1.1730981,0.19690186,1.0869019,1.7969018,1.6669018,2.4669018,-0.09309814,3.2069018,2.6969018,2.3869019,-1.4630982,0.18690185,1.1869018,-2.7930982,-3.1230981,0.48690185,0.52690184,-0.80309814,-1.0830982,2.846902,0.7369019,1.7569019,-1.2730981,-1.6530981,-2.1230981,-2.0130982,-2.173098,-1.3230982,-2.903098
1.5569018,2.356902,-4.333098,-3.0430982,-0.35309815,3.3969018,-0.29309815,-1.4930981,2.356902,1.7569019,0.70690185,0.74690187,-0.93309814,2.056902,3.7169018,4.5669017,3.076902,1.4469018,1.3769019,2.8969018,2.026902,2.1169019,1.4569019,-2.233098,0.046901856,1.0469018,-0.36309814,0.7369019,-0.8330982,-1.5230981,0.30690184,-0.32309815,1.3269019,-1.2730981,0.51690185,-0.13309814,-0.28309813,-0.26309815,0.41690186,0.07690185,0.96690184
1.6969018,-3.5430982,-3.713098,-1.7730981,3.356902,-1.4730982,0.34690186,3.2169018,2.526902,3.606902,2.796902,1.8169018,-1.1430981,2.9469018,3.026902,2.596902,1.3869019,2.316902,2.806902,2.6269019,0.43690187,2.1669018,-0.8330982,1.6169019,-0.34309813,0.036901854,1.6069019,-0.043098144,-1.6430981,-0.56309813,-0.80309814,2.096902,-0.32309815,-0.46309814,0.5469019,-0.14309815,0.066901855,0.11690185,1.3169018,2.4369018,1.8469019
-1.5430981,-3.2430983,-2.0130982,-0.17309815,-2.923098,-1.2530981,0.74690187,0.28690186,1.1769018,1.9469018,1.6469018,1.2069019,-1.4730982,3.356902,-0.0030981444,0.31690186,1.5369018,3.316902,1.5969019,2.4069018,0.6169019,-0.21309814,2.266902,1.2369019,-3.0730982,-2.8630981,-3.973098,-6.003098,-2.9930983,0.38690186,1.4369018,-1.3930981,-1.8730981,-3.963098,-3.223098,-2.433098,-1.5030981,2.4869018,0.47690186,0.64690185,-0.15309815
0.52690184,0.50690186,1.2969018,2.0069017,1.8269019,1.2369019,1.5669018,0.99690187,-0.18309814,-0.9430981,1.4269018,3.2069018,0.81690186,2.9269018,1.3269019,0.7269018,-0.21309814,0.43690187,0.78690183,1.0469018,-1.3430982,-2.8330982,-0.12309814,2.9269018,-3.143098,-3.6330981,-5.0130982,-2.723098,-3.483098,-3.953098,-3.5130982,-2.2430983,-2.463098,1.2969018,0.62690187,-1.0230981,-3.7530982,-1.8130982,-2.213098,-4.073098,-3.713098
2.7369018,0.51690185,3.4269018,5.7369018,5.7969017,3.7269018,2.5069017,2.356902,0.93690187,0.22690186,1.8969018,2.7069018,2.346902,3.606902,3.1869018,2.286902,0.39690185,-3.1330981,-1.7330981,-2.3030982,-0.7730982,-1.3830981,-2.7530982,-1.4130981,-2.8730981,-3.913098,-1.3830981,-3.3130982,-3.393098,-3.933098,-4.2630982,-2.393098,-3.7630982,-2.2430983,-1.7630981,-1.2330981,-0.28309813,1.6769018,2.1169019,-1.5530982,-3.0530982
2.836902,2.9469018,4.496902,3.9569018,3.4769018,0.74690187,1.7969018,0.7969019,1.4369018,2.1269019,2.036902,3.286902,2.7269018,3.836902,3.6269019,3.536902,2.7269018,-0.46309814,-1.7130982,-1.3030982,-1.0230981,-0.86309814,-3.393098,0.46690187,3.0069017,-1.2430981,-0.85309815,-0.73309815,-0.93309814,-2.5330982,0.29690185,-2.433098,-2.3830981,-2.8430982,-1.8730981,-1.8030982,-1.1630981,2.4769018,-0.5130981,1.4769019,4.896902
-1.3530982,-1.7730981,-0.67309815,-0.45309815,-1.5330981,0.34690186,-0.55309814,0.20690185,2.576902,2.3969018,2.526902,3.4769018,3.1869018,3.2569017,4.476902,3.056902,4.0069017,2.4569018,1.6969018,-1.6430981,1.4169018,2.6369019,-0.6430981,2.9569018,4.7369018,-0.45309815,1.3569019,-0.9430981,-1.0930982,-2.3030982,-2.483098,-2.9930983,-2.893098,-1.5030981,-1.4530982,0.76690185,-0.8930981,3.856902,2.606902,2.786902,-0.65309817
-0.33309814,0.26690185,-0.74309814,-0.85309815,-0.6930981,0.7269018,0.88690186,2.066902,1.4369018,2.7269018,3.4769018,2.836902,4.726902,3.8869019,2.9769018,2.6669018,3.2269018,3.856902,3.1369019,2.4969018,1.4669019,2.4369018,1.3069018,2.4369018,-0.38309816,-1.1530981,-1.5030981,-1.4930981,-0.6430981,-1.1530981,-0.09309814,0.88690186,1.4769019,0.14690186,0.0069018556,-0.79309815,0.32690185,-2.483098,-1.8430982,0.90690184,-1.3130982
0.74690187,0.5469019,-0.54309815,-1.5230981,-1.4730982,-0.71309817,0.78690183,-1.1130981,0.0069018556,1.3269019,1.6669018,3.1569018,3.4469018,2.856902,1.7369019,3.2269018,2.786902,3.9969018,2.806902,1.7769018,3.1469018,4.696902,0.9269019,-1.7430981,1.0169019,-3.1230981,-2.893098,-1.2530981,0.46690187,1.2169019,0.99690187,-0.15309815,-2.693098,-2.2430983,-1.3130982,-1.4030981,-1.5830982,-0.08309814,-1.7830981,0.17690186,-0.25309813
-2.713098,-2.6130981,-1.6330981,-1.4230981,-1.4630982,-2.443098,-0.22309814,0.70690185,0.35690185,1.0869019,1.0069019,0.76690185,1.7169019,0.42690185,0.30690184,1.1569018,1.2569019,-1.0430981,-2.173098,-0.06309815,2.9569018,0.13690186,-2.0830982,-0.39309815,0.24690185,-1.4630982,-1.1630981,-0.24309814,1.5669018,0.48690185,-3.5130982,-3.413098,-3.163098,-2.653098,-1.7030982,-1.1930982,-1.4730982,0.5469019,-0.80309814,0.81690186,-0.92309815
-1.7430981,-2.393098,-2.0330982,-2.3330982,-1.8630981,-1.2430981,-1.0030981,-0.85309815,-0.013098145,0.6669018,0.026901856,1.0569018,0.53690183,-2.683098,-3.5230982,-1.8930981,-1.0230981,-1.2530981,-0.24309814,-1.3930981,-0.66309816,-1.2830981,-0.56309813,-0.12309814,3.6169019,0.7969019,0.43690187,1.5469018,-0.68309814,-2.963098,-3.183098,-3.443098,-2.893098,-2.933098,-2.2530982,-2.5430982,-2.183098,-0.49309814,0.016901856,-0.38309816,-0.45309815
-0.99309814,-0.06309815,-0.56309813,-0.91309816,-0.45309815,-0.54309815,-0.72309816,-0.87309813,-0.8330982,0.76690185,0.36690184,0.64690185,-0.30309814,-0.54309815,-0.74309814,-2.3230982,-1.2730981,-3.2430983,-2.483098,-2.1030982,0.21690185,-0.56309813,0.39690185,0.8069019,2.036902,2.106902,3.4169018,1.0269018,-1.9330982,-2.483098,-2.933098,-3.1230981,-3.2830982,-2.3730981,-2.143098,-2.413098,-1.4430982,-0.6930981,-1.5330981,-1.0530982,-0.60309815
-0.18309814,0.046901856,0.29690185,-0.10309815,0.64690185,0.94690186,0.37690187,-0.22309814,0.15690185,0.066901855,-0.50309813,0.48690185,0.12690185,-0.18309814,0.9769018,1.4669019,2.266902,1.8169018,1.6969018,0.21690185,0.6769019,1.0469018,1.9969019,2.8669019,3.9769018,2.586902,0.8069019,0.09690186,-1.6430981,-2.1230981,-2.7530982,-2.943098,-1.6230981,-1.7630981,-1.6630981,-1.9230981,-1.4530982,-1.7030982,-1.5830982,-0.9430981,-0.30309814
-0.45309815,-0.17309815,-1.6630981,-1.3030982,-0.5230982,0.38690186,1.5669018,1.2369019,1.8669019,-0.013098145,-0.67309815,-0.033098146,0.63690186,1.3669019,2.3869019,2.4169018,2.276902,1.8069018,0.94690186,2.106902,1.8469019,2.4869018,2.4869018,2.326902,2.9269018,1.8669019,0.26690185,-0.61309814,-1.5330981,-1.5330981,-1.6130981,-3.2630982,-2.2530982,-1.6930982,-1.8630981,-1.5830982,-1.5430981,-1.6230981,-0.81309813,-0.90309817,-0.68309814
