wind_kz.json
{"header": {"discipline":0,"disciplineName":"Meteorological products","gribEdition":2,"gribLength":1025,"center":7,"centerName":"US National Weather Service - NCEP(WMC)","subcenter":0,"refTime":"2023-09-24T00:00:00.000Z","significanceOfRT":1,"significanceOfRTName":"Start of forecast","productStatus":0,"productStatusName":"Operational products","productType":1,"productTypeName":"Forecast products","productDefinitionTemplate":0,"productDefinitionTemplateName":"Analysis/forecast at horizontal level/layer at a point in time","parameterCategory":2,"parameterCategoryName":"UnknownDiscipline_0_Category_2","parameterNumber":3,"parameterNumberName":"UnknownParameter_D0_C2_3","parameterUnit":"Unknown","genProcessType":2,"genProcessTypeName":"Forecast","forecastTime":300,"surface1Type":103,"surface1TypeName":"Specified height level above ground","surface1Value":10.0,"surface2Type":255,"surface2TypeName":"Missing","surface2Value":0.0,"gridDefinitionTemplate":0,"gridDefinitionTemplateName":"Latitude_Longitude","numberPoints":615,"shape":6,"shapeName":"Earth spherical with radius of 6,371,229.0 m","gridUnits":"degrees","resolution":48,"winds":"true","scanMode":64,"nx":41,"ny":15,"basicAngle":0,"lo1":47.0,"la1":41.0,"lo2":87.0,"la2":55.0,"dx":1.0,"dy":1.0}, "data":
[rows 0 to 14 of 15, columns 0 to 40 of 41]
-1.2848706,-0.2648706,-3.3948705,-8.20487,-9.264871,-10.74487,-2.9548707,-1.6348706,0.5551294,-0.6248706,-2.7248707,-3.0948706,-3.2748706,-3.7748706,-4.9448705,-5.1548705,-5.854871,-4.9748707,-5.9548707,-5.4048705,-5.3448706,-4.4948707,-3.6448705,2.4551294,4.7451296,2.6951294,2.0151293,1.0751294,-0.4048706,-2.6748705,-1.7848706,0.9951294,-1.1348706,-0.3748706,0.6251294,1.0151294,0.015129395,-0.20487061,-1.6348706,-1.6648706,-0.2848706
-1.1948706,-3.5548706,-1.2748706,-3.1148705,-6.3648705,-9.184871,-9.58487,-8.634871,-6.5148706,-4.1848707,-2.8648705,-3.7848706,-4.8248706,-4.7248707,-4.6648707,-4.8248706,-4.874871,-5.4548707,-5.8048706,-6.4448705,-6.1948705,-5.5348706,-3.2948706,-1.3448706,2.9151294,3.2151294,1.7751294,3.2751293,-1.0148706,1.6951294,-0.20487061,1.0051293,0.9651294,-0.9348706,0.2551294,2.4951293,1.4251294,1.8251294,0.4951294,0.6751294,-0.0048706057
-2.0748706,-2.1348705,2.6751294,0.7051294,1.0551294,-0.11487061,-1.3448706,-2.5548706,-1.9348706,-3.0248706,-4.064871,-5.1848707,-6.0348706,-5.4648705,-3.9748707,-4.4448705,-5.4248705,-5.5948706,-5.8648705,-6.854871,-7.1548705,-5.1148705,-0.7648706,-1.6048706,-3.1048706,-1.9548706,-0.5648706,-1.2548707,-2.3348706,0.015129395,-0.1648706,2.8851295,2.7451293,-0.8948706,-5.354871,-1.0248706,-2.2348707,0.21512939,0.7151294,2.1851294,1.5951294
-1.6148705,-1.0048707,-0.7848706,1.2651294,3.9251294,1.4951293,3.1851294,0.24512939,0.1251294,-1.1848706,-1.0148706,-2.5448706,-4.064871,-5.9548707,-7.124871,-4.6748705,-4.8648705,-5.7648706,-6.1448708,-6.5248704,-5.854871,-3.2848706,-3.7248707,-3.3948705,-2.7648706,-3.5848706,-3.2048707,-0.9548706,-0.9748706,-3.3548706,-3.2248707,-4.7348704,-0.5948706,1.1251293,3.5451293,1.0151294,1.6851294,2.4651294,-0.9748706,-0.5948706,-1.2948706
0.5151294,0.1651294,-0.3348706,-1.5848706,-4.8248706,1.7551293,2.6051295,0.42512938,-0.4648706,-1.3048706,-2.0548706,0.09512939,-0.9948706,-3.0248706,-5.5148706,-4.564871,-6.0148706,-5.874871,-5.8448706,-6.2048707,-5.7848706,-1.8848706,-2.6048706,-3.3748705,-3.3948705,-2.5648706,-1.3048706,-3.5648706,-4.624871,-1.0048707,-0.5148706,1.8851295,3.0451293,0.8451294,0.3051294,0.3251294,-0.1848706,-1.5748706,-3.0348706,-0.4648706,-0.96487063
-2.3148706,2.3951294,-0.17487061,0.6251294,0.4151294,-0.9948706,-0.8448706,-0.8148706,-1.6848706,-1.0548706,-0.8748706,-0.6848706,1.9651294,0.045129396,-3.7348707,-4.814871,-5.0748706,-5.814871,-6.0548706,-6.104871,-5.2448707,-3.4148705,-1.5348706,-3.1348705,-2.8848705,-2.3748705,-2.6448705,2.0251293,-2.5648706,-4.0048704,-1.3048706,-1.5048707,-1.6748706,0.8551294,0.97512937,-2.1848707,-1.7548707,2.7351294,0.8751294,-1.8348706,-2.6148705
-2.4948707,-3.0648706,-2.4548707,-2.1348705,0.025129395,-1.6448706,-2.4048705,-2.4548707,-1.2448707,-0.2848706,-0.4648706,-1.2148706,-0.96487063,-2.1548705,-2.9348707,-3.1848707,-3.2548707,-4.3848705,-5.2348704,-4.9548707,-3.9348707,-2.3948705,-1.7248706,-3.0248706,-3.4548707,-2.3148706,-1.3348706,-1.7348706,-2.6148705,-0.8648706,3.2851293,4.3051295,3.5151293,1.1451294,-0.5148706,-2.2348707,-2.7748706,-0.7048706,1.6651294,3.4051294,2.7151294
-2.9348707,-2.8248706,-3.1648705,-3.0748706,-3.4048705,-4.6348705,-4.7748704,-4.8448706,-4.7548704,-5.4248705,-4.814871,-3.9548707,-3.6448705,-4.2648706,-4.1748705,-3.7548707,-2.6248705,-2.6748705,-3.3648705,-3.5948706,-3.9248705,-2.3548706,-1.3748707,-2.1648705,-2.6048706,-3.0948706,-3.3348706,-2.8748705,-1.6148705,-0.96487063,1.8851295,-2.0748706,-3.9148705,-4.9148707,2.2151294,-2.2248707,-1.7748706,-4.1948705,-2.9948707,-1.3648705,-0.3348706
-1.5248706,-2.2448707,-2.7748706,-2.9648707,-3.6148705,-3.8548706,-3.9348707,-3.7948706,-3.5848706,-3.1848707,-2.0148706,-1.8048706,-2.6348705,-3.2748706,-3.3548706,-2.7148707,-2.0248706,-2.6248705,-2.9048705,-3.2648706,-3.1248705,-2.1448705,-0.5448706,-2.2348707,-2.6048706,-3.0348706,-2.5248706,-1.8748707,-2.0348706,1.3151294,-1.3148706,-2.8048706,-1.7648706,-3.1448705,-3.7948706,-1.9948707,-0.3148706,-0.9848706,2.6151295,1.1951294,0.36512938
-0.6748706,-0.96487063,-1.6748706,-1.9548706,-2.6148705,-2.9248705,-3.7448707,-4.0548706,-4.4048705,-4.854871,-3.5648706,-3.5848706,-3.2548707,-3.3748705,-3.2448707,-2.9848707,-2.3748705,-1.3548706,-1.7948706,-2.5148706,-2.4248705,-3.2448707,-3.1748705,-3.0748706,-2.8348706,-2.7948706,-2.6248705,-3.0748706,-3.5448706,-1.7348706,-0.9548706,-2.0248706,-3.5448706,-3.6648705,-3.2648706,-1.9148706,0.7351294,-1.9848706,-0.4548706,2.9351294,2.4651294
-0.3648706,-1.0348706,-1.2148706,-2.0548706,-2.4148705,-2.2948706,-2.9648707,-3.5048707,-4.1348705,-4.5448704,-3.9548707,-3.1648705,-3.0648706,-2.2448707,-2.4748707,-3.1748705,-2.1748705,-0.77487063,-0.23487061,-0.9848706,-1.2248706,-1.8648705,-1.5048707,-2.4248705,-2.5748706,-2.4948707,-0.8648706,-2.5248706,-1.9348706,-1.6848706,-2.0248706,-3.2148707,-3.3848705,-3.2048707,-3.0048707,-4.4348707,-1.9748706,-0.8948706,-2.5048707,-1.8648705,0.4351294
0.9551294,-0.08487061,0.2851294,-0.5348706,-1.3548706,-1.7748706,-3.0848706,-4.064871,-4.854871,-5.1348705,-3.9148705,-2.8348706,-3.1448705,-3.8148706,-4.2048707,-4.1148705,-3.7548707,-0.96487063,0.2951294,0.0751294,-0.1048706,-0.1848706,-0.8748706,-1.0948706,-0.8148706,-0.9348706,-1.2948706,-1.9248706,-1.9048706,-2.3048706,-2.4548707,-3.0048707,-2.2448707,-3.1048706,-2.4948707,-2.7248707,-2.0448706,-1.3548706,-0.9948706,-1.6548706,-1.2648706
2.0151293,1.5851294,2.0251293,0.6951294,0.085129395,-0.9048706,-2.5248706,-4.084871,-3.4548707,-3.7748706,-2.6948707,-2.4948707,-1.2048706,-2.1148705,-2.6448705,-2.4248705,-3.1548705,-3.3648705,-3.4348707,-3.3848705,-3.9648707,-0.5548706,-0.1648706,-0.5048706,-0.8248706,0.5951294,-0.4948706,-0.9148706,-1.3448706,-2.1048706,-2.5148706,-2.2048707,-2.1548705,-0.5648706,-2.0348706,-2.0748706,-2.1148705,-1.3048706,-1.7848706,-1.2148706,-0.96487063
3.4851294,3.8251295,3.9951293,2.3651295,1.4551294,0.36512938,-1.3748707,-1.4848706,-1.8948706,-2.3848705,-0.4548706,-1.7448707,-2.0948706,-1.9748706,-2.5248706,-2.1448705,-2.6048706,-2.9348707,-2.3548706,-1.1948706,-1.1648706,-1.0148706,-0.9348706,-1.4448706,-1.4248706,-0.5048706,-0.32487062,-0.5748706,-0.7948706,-0.4948706,-0.9248706,-1.2148706,-1.2848706,-1.3748707,-1.0548706,-0.6348706,-1.1148705,-1.2748706,-0.4848706,0.1451294,-0.0048706057
4.0651293,5.2851295,6.2951293,3.0251293,2.2551293,1.9951293,0.8551294,0.6551294,-0.17487061,0.035129394,0.45512938,0.2751294,-0.6148706,-1.8548706,-2.3648705,-3.2948706,-3.9748707,-2.5148706,-1.2048706,-0.7448706,-0.6748706,-0.7348706,-0.4048706,-0.38487062,0.2651294,0.4451294,0.21512939,-0.4848706,-0.5748706,-0.2848706,-0.1348706,-0.2748706,0.8951294,0.2851294,0.0051293946,0.09512939,0.7051294,1.2851294,1.2851294,0.8851294,0.1251294
