wind_kz.json
{"header": {"discipline":0,"disciplineName":"Meteorological products","gribEdition":2,"gribLength":871,"center":7,"centerName":"US National Weather Service - NCEP(WMC)","subcenter":0,"refTime":"2023-08-25T00:00:00.000Z","significanceOfRT":1,"significanceOfRTName":"Start of forecast","productStatus":0,"productStatusName":"Operational products","productType":1,"productTypeName":"Forecast products","productDefinitionTemplate":0,"productDefinitionTemplateName":"Analysis/forecast at horizontal level/layer at a point in time","parameterCategory":0,"parameterCategoryName":"UnknownDiscipline_0_Category_0","parameterNumber":0,"parameterNumberName":"UnknownParameter_D0_C0_0","parameterUnit":"Unknown","genProcessType":2,"genProcessTypeName":"Forecast","forecastTime":60,"surface1Type":1,"surface1TypeName":"Ground or water surface","surface1Value":0.0,"surface2Type":255,"surface2TypeName":"Missing","surface2Value":0.0,"gridDefinitionTemplate":0,"gridDefinitionTemplateName":"Latitude_Longitude","numberPoints":615,"shape":6,"shapeName":"Earth spherical with radius of 6,371,229.0 m","gridUnits":"degrees","resolution":48,"winds":"true","scanMode":64,"nx":41,"ny":15,"basicAngle":0,"lo1":47.0,"la1":41.0,"lo2":87.0,"la2":55.0,"dx":1.0,"dy":1.0}, "data":
[rows 0 to 14 of 15, columns 0 to 40 of 41]
311.38507,294.78506,300.08505,299.68506,300.28506,299.98505,307.98505,315.68506,311.48505,311.28506,309.08505,308.98505,307.38507,306.78506,306.38507,305.88507,305.58505,306.18506,308.08505,308.28506,310.08505,307.18506,304.88507,299.08505,297.48505,306.18506,304.68506,289.48505,286.38507,285.08505,277.88507,281.58505,297.08505,303.78506,308.58505,308.58505,307.98505,307.18506,306.88507,306.78506,307.38507
283.58505,301.68506,299.58505,300.58505,300.68506,300.58505,313.68506,311.18506,308.58505,308.88507,309.08505,308.08505,305.58505,302.68506,305.58505,305.48505,305.18506,304.98505,303.48505,305.08505,304.78506,305.08505,300.78506,286.08505,278.18506,280.68506,298.38507,291.48505,291.28506,282.98505,289.18506,273.48505,286.98505,266.28506,285.68506,304.08505,302.78506,305.38507,308.98505,299.38507,286.68506
307.88507,299.28506,300.98505,300.38507,298.78506,309.78506,309.48505,308.98505,306.78506,305.88507,305.48505,306.18506,304.38507,304.58505,303.58505,302.78506,298.18506,301.18506,302.38507,303.78506,306.58505,304.18506,294.38507,295.58505,293.58505,290.38507,294.98505,298.98505,299.68506,287.78506,278.88507,285.48505,293.68506,292.58505,290.88507,286.48505,287.48505,287.78506,290.88507,284.98505,285.48505
308.48505,299.88507,299.88507,298.98505,300.38507,307.68506,308.58505,307.78506,307.08505,305.48505,304.88507,304.48505,295.48505,294.58505,302.48505,297.68506,298.48505,295.28506,302.68506,304.18506,303.38507,299.68506,304.78506,300.78506,302.88507,298.08505,297.18506,294.88507,300.08505,298.18506,302.38507,299.38507,306.98505,308.18506,305.28506,300.88507,288.18506,284.88507,290.48505,302.78506,307.38507
311.28506,299.68506,300.48505,299.88507,303.08505,306.58505,307.38507,308.48505,306.18506,304.78506,304.98505,303.18506,295.48505,294.08505,291.58505,298.08505,297.08505,298.88507,297.78506,303.18506,303.08505,303.88507,303.08505,298.78506,297.98505,304.78506,301.28506,299.78506,297.68506,297.48505,302.68506,302.68506,287.68506,282.58505,293.58505,304.18506,304.18506,310.68506,309.78506,309.58505,308.58505
313.28506,309.08505,297.58505,298.58505,299.28506,298.88507,308.08505,307.28506,306.98505,304.98505,304.18506,303.28506,295.88507,294.68506,296.98505,292.38507,294.98505,295.78506,296.48505,297.78506,301.58505,296.98505,300.88507,297.08505,302.38507,301.28506,299.48505,293.48505,300.18506,300.08505,299.38507,303.98505,302.18506,297.78506,294.68506,297.78506,293.78506,299.38507,309.38507,310.08505,307.68506
310.48505,309.08505,311.48505,311.18506,306.08505,306.38507,309.48505,306.98505,306.18506,304.38507,303.18506,301.98505,302.08505,300.38507,297.68506,297.78506,293.88507,293.68506,291.98505,298.48505,298.08505,299.98505,298.58505,298.18506,299.88507,298.08505,300.88507,298.78506,301.28506,300.28506,299.28506,301.28506,306.48505,307.08505,307.58505,305.78506,300.08505,296.18506,293.68506,291.08505,302.78506
307.28506,309.58505,309.38507,308.68506,309.48505,307.78506,307.18506,304.28506,301.78506,302.08505,301.78506,300.98505,300.98505,298.18506,296.48505,296.18506,299.88507,298.98505,295.68506,291.28506,290.88507,296.98505,299.78506,299.18506,294.08505,293.48505,297.68506,297.28506,296.28506,296.78506,297.48505,299.78506,300.78506,303.38507,304.08505,304.28506,305.58505,289.88507,305.68506,304.68506,301.78506
307.18506,305.58505,307.38507,306.18506,305.18506,304.98505,303.88507,302.38507,300.78506,299.98505,299.68506,294.38507,294.18506,297.88507,294.98505,299.68506,297.18506,296.28506,294.18506,297.68506,290.08505,296.58505,294.68506,294.78506,292.28506,292.28506,295.68506,293.98505,291.98505,290.88507,294.08505,296.58505,299.08505,302.58505,301.68506,301.28506,300.98505,301.58505,289.08505,288.88507,286.78506
305.98505,304.38507,304.28506,304.78506,298.58505,300.88507,301.48505,296.18506,296.38507,296.78506,295.88507,290.48505,295.38507,292.28506,296.18506,296.28506,296.38507,297.98505,295.68506,295.08505,290.98505,291.58505,290.18506,291.28506,293.78506,296.18506,291.98505,292.48505,293.58505,295.08505,295.88507,298.78506,301.58505,300.08505,304.98505,301.58505,298.98505,294.38507,291.58505,287.28506,286.58505
297.88507,297.68506,293.98505,298.98505,291.58505,290.38507,290.58505,289.68506,294.28506,291.48505,290.18506,289.08505,294.38507,291.48505,292.48505,291.28506,295.48505,295.78506,295.48505,290.58505,293.98505,295.98505,295.18506,296.28506,293.28506,293.78506,292.48505,296.08505,296.28506,297.28506,298.08505,299.78506,299.38507,294.58505,301.88507,299.58505,294.18506,291.88507,293.58505,291.58505,285.08505
295.58505,296.68506,293.58505,294.98505,286.78506,286.88507,285.38507,285.88507,292.58505,292.98505,287.98505,290.18506,289.48505,289.48505,291.18506,292.98505,289.68506,291.18506,293.78506,291.48505,291.48505,289.08505,286.48505,287.28506,288.78506,286.98505,291.88507,290.18506,295.78506,299.38507,298.78506,296.38507,297.28506,294.88507,297.78506,298.18506,298.18506,297.58505,296.08505,295.18506,294.58505
294.38507,294.58505,292.98505,291.08505,290.88507,288.98505,285.98505,288.28506,291.68506,291.38507,287.58505,287.68506,291.18506,288.98505,292.18506,293.18506,289.28506,288.88507,291.38507,291.48505,287.28506,287.28506,285.68506,285.68506,286.18506,287.58505,287.78506,288.28506,290.38507,294.58505,296.18506,294.78506,295.08505,295.58505,295.58505,294.78506,296.58505,296.88507,296.48505,295.48505,295.18506
291.08505,292.18506,291.68506,288.68506,284.98505,284.28506,284.28506,289.08505,289.58505,288.08505,287.48505,283.08505,288.98505,288.28506,289.28506,290.68506,290.08505,289.88507,292.98505,292.48505,293.18506,291.18506,292.48505,291.98505,286.28506,286.68506,285.68506,286.48505,289.88507,289.78506,291.28506,292.58505,292.48505,293.48505,294.08505,294.78506,293.98505,294.38507,294.68506,292.38507,294.08505
289.38507,288.98505,290.98505,284.38507,283.48505,282.88507,283.08505,282.98505,284.78506,288.98505,284.78506,285.88507,282.88507,288.88507,289.88507,291.38507,288.38507,289.88507,291.28506,291.38507,291.68506,288.18506,292.18506,290.38507,290.08505,285.98505,285.38507,285.98505,287.08505,290.18506,289.38507,288.48505,292.68506,292.38507,292.08505,292.28506,293.58505,292.68506,293.78506,294.08505,294.28506
