wind_kz.json
{"header": {"discipline":0,"disciplineName":"Meteorological products","gribEdition":2,"gribLength":1025,"center":7,"centerName":"US National Weather Service - NCEP(WMC)","subcenter":0,"refTime":"2024-02-02T06:00:00.000Z","significanceOfRT":1,"significanceOfRTName":"Start of forecast","productStatus":0,"productStatusName":"Operational products","productType":1,"productTypeName":"Forecast products","productDefinitionTemplate":0,"productDefinitionTemplateName":"Analysis/forecast at horizontal level/layer at a point in time","parameterCategory":2,"parameterCategoryName":"UnknownDiscipline_0_Category_2","parameterNumber":3,"parameterNumberName":"UnknownParameter_D0_C2_3","parameterUnit":"Unknown","genProcessType":2,"genProcessTypeName":"Forecast","forecastTime":0,"surface1Type":103,"surface1TypeName":"Specified height level above ground","surface1Value":10.0,"surface2Type":255,"surface2TypeName":"Missing","surface2Value":0.0,"gridDefinitionTemplate":0,"gridDefinitionTemplateName":"Latitude_Longitude","numberPoints":615,"shape":6,"shapeName":"Earth spherical with radius of 6,371,229.0 m","gridUnits":"degrees","resolution":48,"winds":"true","scanMode":64,"nx":41,"ny":15,"basicAngle":0,"lo1":47.0,"la1":41.0,"lo2":87.0,"la2":55.0,"dx":1.0,"dy":1.0}, "data":
[rows 0 to 14 of 15, columns 0 to 40 of 41]
-1.9848095,-0.29480958,0.22519043,-1.8748096,4.1951904,4.4551907,2.4351904,1.5551904,1.1851904,1.5651904,2.1751904,2.8951905,3.0351903,2.5651903,3.5951905,3.2051904,1.7351904,0.02519043,-0.76480955,0.6451904,2.4451904,1.3851905,-0.63480955,-1.1748096,-0.9248096,-0.03480957,-0.74480957,2.3551905,1.2451904,-0.33480957,-1.2648096,-2.4048095,0.37519044,1.6251904,0.54519045,0.33519042,-0.75480956,-0.18480957,-0.8548096,-0.44480956,1.4251904
1.3451904,0.41519043,-2.3048096,-3.6048095,5.8151903,9.165191,2.0751905,3.3451905,4.5951905,4.3251905,3.4751904,2.8951905,4.3451905,3.8151903,2.8751905,2.4551904,1.4251904,0.33519042,1.7451904,2.0551903,2.0851905,-0.08480957,-1.1748096,1.4851904,1.7451904,2.6651905,0.5151904,1.8551904,0.28519043,3.4651904,3.7051904,2.1951904,1.7751905,0.27519044,2.3851905,1.9351904,2.0851905,0.87519044,1.2051904,1.3151904,-0.30480957
-0.13480957,-2.3148096,-2.1448095,-3.1548095,5.6351905,7.4951906,4.0251904,4.4051905,4.8151903,5.16519,6.0551906,6.0451903,5.7051907,4.8451905,3.8851905,3.5551903,2.4251904,3.9951904,4.2351904,3.5551903,2.4651904,0.7151904,-0.41480958,1.4151905,-0.27480957,-0.40480956,-0.15480956,-2.1648095,0.31519043,0.07519043,1.5051904,2.9351904,-1.8348095,-0.20480958,0.46519044,-1.4448096,-2.2448096,1.0951904,-0.45480958,2.0951905,2.2051904
0.13519043,-0.06480957,0.9751904,0.37519044,1.0751904,7.2351904,5.7351904,7.2051907,6.3051906,6.8451905,5.6451902,5.2451906,7.9651904,8.40519,5.3651905,4.8851905,4.5651903,4.3451905,4.43519,4.6751904,4.93519,2.8551905,0.9451904,1.2451904,0.8351904,1.2851905,2.0551903,1.9951904,3.0951905,0.23519044,-1.1948096,-2.8548095,0.8451904,1.1551905,0.74519044,0.27519044,2.3551905,2.5151904,-2.3248096,-0.43480957,-0.44480956
0.9551904,1.4451904,1.9651904,2.9451904,3.3751905,4.7051907,7.2551904,7.4551907,7.4551907,6.7751904,7.3751903,6.8751903,9.495191,9.42519,9.15519,5.7351904,5.6751904,5.2451906,5.1751904,5.0851903,4.7751904,2.7651904,1.8551904,1.4251904,1.2551904,1.7851905,3.2751904,2.8651905,1.6651905,1.4251904,0.67519045,2.6051905,3.7551904,0.19519043,0.80519044,-0.50480956,1.3451904,1.1551905,0.16519043,1.5151905,1.4751904
1.9051905,1.7351904,2.2251904,3.8951905,4.3051906,5.0651903,6.4551907,7.2951903,7.5351906,7.2251906,6.8651905,7.0351906,8.245191,9.44519,6.8351903,5.9751906,6.1951904,6.0651903,5.7251906,4.2651906,4.0151906,3.1951904,2.6051905,2.0151904,1.8351904,1.8051904,1.2051904,2.4651904,2.5051904,2.2051904,2.6851904,2.6551905,3.6351905,2.9651904,2.5251904,-1.9048096,-1.3248096,-2.3148096,0.38519043,0.9651904,0.68519044
2.1051905,2.4451904,2.8251905,3.1951904,4.3751903,4.9451904,6.1751904,7.2051907,7.7351904,7.6751904,7.5851903,6.8151903,7.1751904,6.68519,4.9451904,5.8551903,6.2651906,5.8351903,5.68519,5.2051907,4.1251903,3.4551904,3.3951905,3.1151905,1.9951904,2.0051904,1.3951905,2.1151905,2.2951903,2.4751904,2.5451903,2.9251904,4.4851904,4.2851906,1.6251904,1.6651905,0.6451904,1.2851905,-0.5948096,1.9651904,-1.4148096
2.8351905,3.0151904,3.4751904,3.6651905,4.3551903,5.7951903,6.3751903,7.5751905,7.7751904,7.0751905,8.34519,8.81519,7.9651904,6.7951903,6.2751904,6.43519,5.9451904,6.2351904,6.2951903,5.8751903,3.5351903,2.8351905,2.9751904,3.9451904,3.8951905,3.5051904,3.1051905,2.4051905,2.7651904,3.3851905,4.2951903,4.3751903,6.1251903,8.755191,7.6451902,0.08519043,-0.6548096,1.1751904,-0.47480956,0.5851904,-0.03480957
2.2551904,2.5751905,2.6351905,3.2751904,4.4751906,5.6351905,6.5751905,7.1351905,7.3351903,7.1051903,6.91519,7.3551903,7.6351905,7.7051907,7.0251904,5.9451904,6.2551904,6.5551906,7.2951903,6.3551903,4.2051907,2.4851904,3.2051904,2.8951905,4.2351904,4.7351904,4.3651905,4.4051905,5.5951905,3.9751904,6.6751904,7.4851904,8.22519,9.255191,9.27519,5.1751904,1.1851904,1.4151905,2.6151905,2.6751904,2.1751904
2.9151905,2.4151905,2.1251905,2.3551905,3.7851903,4.6751904,5.8451905,6.9251904,7.2651906,7.1351905,7.0751905,7.1351905,6.5251904,6.6551905,6.2851906,4.8951902,5.1751904,5.9251904,5.7951903,5.1951904,5.0451903,3.7351904,1.9451904,2.2851903,2.6051905,3.8751905,5.0351906,4.4251904,4.8151903,5.9251904,6.3251905,6.7951903,7.68519,8.18519,8.785191,2.7351904,1.8251904,0.9751904,1.5851904,1.8151904,3.1651905
2.6351905,1.7451904,1.1651905,2.2251904,2.9151905,4.5051904,5.5051904,5.5851903,6.1351905,6.41519,6.2851906,4.8651905,5.5351906,5.43519,4.6551905,4.3651905,5.5951905,5.7851906,4.8451905,5.1351905,4.1551905,3.4351904,2.1751904,2.0051904,1.9051905,2.6651905,2.8551905,4.0451903,4.8551903,4.1351905,5.2151904,5.0251904,2.6751904,7.2551904,7.8651905,5.9551907,2.9651904,2.4251904,3.0451903,1.8651904,1.1251904
2.9051905,1.9251904,1.6251904,2.4851904,3.7251904,4.6451902,4.6151905,4.7051907,4.7351904,4.0251904,1.4751904,2.7851903,2.6351905,3.7951903,4.1351905,4.5451903,5.43519,5.2051907,4.3351903,3.9551904,3.7251904,2.5951905,1.9151905,1.6051904,1.3351904,1.0051904,2.1151905,1.0351905,1.0151905,4.5551906,4.6551905,4.8751903,5.8951902,8.10519,6.2551904,6.0351906,3.6851904,0.5351904,-0.50480956,0.42519042,0.25519043
2.4951904,2.3851905,2.4351904,2.7251904,3.6851904,3.6651905,5.2451906,5.5351906,6.5051904,2.2051904,0.38519043,2.3151903,2.6851904,2.9151905,3.2651904,3.6051905,3.9351904,4.1251903,3.8451905,3.1151905,3.6951904,3.0251904,1.5651904,0.66519046,-0.7748096,-0.42480958,-0.8648096,-0.09480957,0.68519044,1.2851905,2.7351904,3.8451905,5.1451902,5.9651904,6.1151905,6.1251903,4.9051905,1.6851904,1.9851904,1.6851904,1.1551905
3.3651905,2.8451905,2.7651904,3.7151904,3.8551905,4.7151904,4.66519,5.1551905,4.3551903,2.9951904,0.9651904,0.68519044,1.2851905,1.9551904,3.4051905,4.16519,4.0051904,3.1651905,3.0851905,2.5251904,2.4851904,1.8651904,1.4251904,0.62519044,-0.15480956,-0.26480958,-0.36480957,-0.44480956,0.20519044,0.17519043,1.1251904,2.3451905,3.9851904,5.0951905,4.9451904,5.66519,3.3951905,2.3751905,1.5851904,0.6351904,-0.07480957
2.6951904,2.8651905,3.8551905,4.3151903,4.8951902,4.5551906,4.5451903,4.4551907,4.4751906,2.6351905,0.5751904,1.5051904,0.5851904,1.2451904,4.2251906,3.7451904,3.4151905,3.3451905,2.8151903,2.4251904,1.7351904,2.1551905,1.5651904,1.2251904,0.28519043,0.5151904,0.23519044,-0.10480957,-0.19480957,0.31519043,1.0751904,1.4351904,1.8951905,3.0551903,3.8751905,3.6551905,3.0151904,2.4751904,1.5851904,-0.26480958,-0.49480957
