wind_kz.json
{"header": {"discipline":0,"disciplineName":"Meteorological products","gribEdition":2,"gribLength":948,"center":7,"centerName":"US National Weather Service - NCEP(WMC)","subcenter":0,"refTime":"2023-09-27T06:00:00.000Z","significanceOfRT":1,"significanceOfRTName":"Start of forecast","productStatus":0,"productStatusName":"Operational products","productType":1,"productTypeName":"Forecast products","productDefinitionTemplate":0,"productDefinitionTemplateName":"Analysis/forecast at horizontal level/layer at a point in time","parameterCategory":0,"parameterCategoryName":"UnknownDiscipline_0_Category_0","parameterNumber":0,"parameterNumberName":"UnknownParameter_D0_C0_0","parameterUnit":"Unknown","genProcessType":2,"genProcessTypeName":"Forecast","forecastTime":0,"surface1Type":1,"surface1TypeName":"Ground or water surface","surface1Value":0.0,"surface2Type":255,"surface2TypeName":"Missing","surface2Value":0.0,"gridDefinitionTemplate":0,"gridDefinitionTemplateName":"Latitude_Longitude","numberPoints":615,"shape":6,"shapeName":"Earth spherical with radius of 6,371,229.0 m","gridUnits":"degrees","resolution":48,"winds":"true","scanMode":64,"nx":41,"ny":15,"basicAngle":0,"lo1":47.0,"la1":41.0,"lo2":87.0,"la2":55.0,"dx":1.0,"dy":1.0}, "data":
[rows 0 to 14 of 15, columns 0 to 40 of 41]
301.9853,290.2853,297.5853,294.4853,294.3853,293.2853,303.1853,307.7853,305.4853,306.8853,304.3853,306.3853,306.5853,306.8853,307.0853,309.7853,311.2853,310.3853,318.5853,313.3853,315.8853,314.4853,312.5853,308.2853,308.9853,308.0853,304.6853,296.1853,297.6853,293.4853,291.8853,284.2853,299.7853,305.8853,306.5853,305.3853,308.3853,309.5853,309.8853,312.0853,314.3853
284.9853,296.8853,294.2853,294.5853,294.1853,292.6853,307.1853,304.3853,303.6853,303.3853,304.9853,304.1853,305.8853,305.5853,307.6853,308.2853,313.5853,312.0853,312.9853,316.0853,317.2853,310.4853,309.0853,298.9853,291.3853,294.6853,299.3853,293.9853,297.4853,292.0853,293.5853,277.7853,294.2853,265.0853,289.2853,302.4853,303.4853,301.3853,306.2853,299.4853,284.9853
298.8853,293.9853,294.3853,293.9853,291.8853,303.7853,303.1853,303.3853,302.9853,302.6853,302.4853,304.4853,305.5853,306.2853,304.3853,308.4853,308.7853,309.8853,310.6853,315.2853,309.5853,310.5853,314.4853,308.5853,305.9853,305.7853,306.4853,304.9853,303.7853,296.8853,285.5853,291.8853,294.9853,295.9853,296.2853,293.7853,289.1853,291.8853,289.8853,282.4853,277.4853
301.5853,293.4853,294.1853,293.1853,294.6853,303.0853,301.2853,302.7853,303.9853,304.5853,303.7853,302.8853,291.6853,290.9853,305.2853,307.8853,305.3853,309.8853,310.2853,310.7853,310.5853,309.1853,305.7853,306.5853,306.0853,304.7853,307.4853,305.2853,300.7853,303.4853,306.0853,301.8853,303.7853,305.9853,305.2853,302.0853,286.9853,273.2853,291.9853,299.5853,300.1853
300.2853,292.7853,293.5853,292.5853,296.6853,303.2853,303.3853,305.7853,302.8853,302.4853,303.6853,304.9853,290.9853,289.5853,287.9853,305.6853,307.0853,305.1853,307.4853,304.8853,305.9853,307.1853,307.8853,307.5853,308.1853,307.5853,305.7853,301.1853,308.1853,307.1853,304.6853,301.7853,292.9853,279.7853,294.8853,302.4853,299.0853,303.1853,305.5853,301.8853,298.1853
300.1853,301.1853,291.9853,293.0853,292.9853,292.7853,306.7853,302.0853,300.4853,303.1853,302.6853,302.6853,292.5853,290.8853,298.0853,303.9853,303.4853,307.5853,305.8853,306.7853,307.5853,306.2853,307.4853,307.4853,307.4853,307.0853,296.4853,289.5853,305.2853,304.0853,296.8853,301.6853,302.3853,301.3853,297.7853,296.7853,294.1853,293.7853,302.6853,300.6853,297.7853
302.4853,304.4853,301.9853,302.4853,299.5853,299.7853,304.1853,301.7853,302.2853,302.5853,302.7853,302.1853,301.9853,302.4853,303.6853,302.5853,304.3853,304.1853,305.9853,295.9853,296.3853,306.1853,305.8853,295.2853,292.4853,292.9853,296.1853,295.0853,299.4853,305.4853,304.6853,303.3853,301.1853,298.1853,297.2853,295.8853,292.7853,289.8853,288.0853,285.8853,293.8853
303.2853,304.8853,303.3853,302.2853,302.3853,302.3853,302.8853,302.6853,302.0853,301.3853,301.2853,300.7853,300.4853,299.3853,300.6853,301.0853,301.9853,302.5853,302.9853,301.4853,293.4853,292.8853,291.7853,295.4853,292.0853,290.7853,290.0853,291.1853,302.0853,297.0853,300.5853,301.2853,299.6853,296.6853,294.3853,298.3853,295.1853,287.0853,292.9853,291.8853,289.6853
302.8853,301.6853,302.4853,302.5853,301.0853,300.8853,300.9853,300.6853,300.7853,301.4853,300.5853,299.8853,298.7853,299.2853,298.3853,299.4853,299.6853,296.8853,292.1853,296.7853,290.6853,291.0853,297.0853,300.8853,292.1853,291.0853,290.0853,290.0853,289.5853,288.0853,292.4853,297.9853,298.2853,293.4853,295.8853,294.0853,291.0853,287.7853,274.1853,273.4853,273.2853
300.2853,297.4853,297.8853,299.3853,299.2853,299.7853,299.3853,298.8853,298.6853,300.5853,298.8853,297.7853,298.2853,296.8853,296.6853,296.3853,297.2853,298.3853,298.5853,298.7853,298.2853,289.0853,295.4853,300.7853,298.4853,292.2853,290.3853,290.1853,290.7853,290.2853,297.1853,297.5853,295.2853,293.6853,293.2853,291.7853,286.8853,283.1853,277.0853,275.6853,275.6853
291.2853,297.5853,296.8853,296.9853,297.2853,296.6853,297.1853,297.0853,297.1853,298.4853,296.4853,295.8853,296.7853,295.2853,295.2853,295.4853,295.5853,296.1853,296.7853,295.6853,290.6853,296.7853,294.5853,290.7853,297.5853,297.2853,293.1853,296.4853,293.5853,294.0853,299.6853,296.8853,294.9853,292.5853,291.7853,289.3853,286.8853,284.0853,285.0853,280.9853,281.0853
294.6853,295.4853,296.0853,295.8853,296.1853,295.7853,295.1853,295.1853,295.4853,295.2853,294.5853,293.0853,293.8853,292.3853,292.0853,293.8853,293.9853,294.5853,295.2853,294.5853,293.5853,288.3853,291.4853,286.4853,290.0853,293.7853,297.9853,296.3853,300.9853,289.3853,289.5853,294.9853,292.0853,291.4853,289.3853,290.6853,289.9853,288.3853,287.9853,288.4853,287.4853
291.2853,292.6853,293.8853,294.2853,293.0853,292.7853,293.1853,293.9853,295.0853,292.2853,290.3853,288.8853,291.3853,290.0853,290.4853,290.4853,291.4853,292.1853,293.5853,292.4853,292.1853,291.0853,290.6853,284.5853,285.0853,291.4853,296.1853,296.8853,298.8853,295.3853,289.1853,292.8853,291.5853,291.1853,290.1853,288.3853,288.2853,287.0853,287.1853,286.7853,286.6853
291.9853,291.6853,288.7853,291.3853,291.0853,290.8853,290.6853,290.0853,290.9853,290.5853,287.9853,285.3853,287.8853,288.6853,289.2853,289.3853,289.8853,290.2853,291.2853,292.7853,292.4853,292.4853,293.4853,293.4853,289.9853,292.2853,285.9853,293.1853,293.3853,295.5853,291.7853,286.4853,288.8853,288.0853,288.1853,287.0853,286.9853,286.5853,286.9853,286.4853,287.8853
288.0853,289.6853,286.5853,290.2853,290.4853,289.8853,289.8853,289.9853,290.4853,290.1853,287.8853,287.4853,285.4853,285.7853,287.4853,288.5853,287.6853,288.5853,289.7853,290.6853,292.7853,292.8853,292.6853,291.6853,290.9853,291.4853,291.6853,288.2853,285.3853,289.7853,291.8853,286.3853,284.7853,285.2853,286.8853,287.5853,288.0853,287.0853,287.1853,288.2853,286.6853
