wind.json
{"header": {"discipline":0,"disciplineName":"Meteorological products","gribEdition":2,"gribLength":1125,"center":7,"centerName":"US National Weather Service - NCEP(WMC)","subcenter":0,"refTime":"2023-07-01T18:00:00.000Z","significanceOfRT":1,"significanceOfRTName":"Start of forecast","productStatus":0,"productStatusName":"Operational products","productType":1,"productTypeName":"Forecast products","productDefinitionTemplate":0,"productDefinitionTemplateName":"Analysis/forecast at horizontal level/layer at a point in time","parameterCategory":2,"parameterCategoryName":"UnknownDiscipline_0_Category_2","parameterNumber":2,"parameterNumberName":"UnknownParameter_D0_C2_2","parameterUnit":"Unknown","genProcessType":2,"genProcessTypeName":"Forecast","forecastTime":180,"surface1Type":103,"surface1TypeName":"Specified height level above ground","surface1Value":10.0,"surface2Type":255,"surface2TypeName":"Missing","surface2Value":0.0,"gridDefinitionTemplate":0,"gridDefinitionTemplateName":"Latitude_Longitude","numberPoints":688,"shape":6,"shapeName":"Earth spherical with radius of 6,371,229.0 m","gridUnits":"degrees","resolution":48,"winds":"true","scanMode":64,"nx":43,"ny":16,"basicAngle":0,"lo1":45.0,"la1":40.0,"lo2":87.0,"la2":55.0,"dx":1.0,"dy":1.0}, "data":
[rows 0 to 15 of 16, columns 0 to 42 of 43]
2.5755372,-1.0044628,-1.4044629,-2.0944629,1.0255371,-0.4444629,-1.0444629,-4.424463,-7.334463,-10.964463,-9.354463,-9.114463,-8.574463,-8.684463,-7.974463,-6.404463,-3.1444628,-1.4344629,-1.7944629,-1.2944629,1.9955372,0.07553711,-2.204463,-1.0044628,0.20553711,0.96553713,1.985537,0.5655371,-0.004462891,0.9255371,2.1455371,-0.3444629,0.2255371,-0.4744629,-0.30446288,3.3255372,3.5855372,-2.034463,-2.1444628,-3.734463,-4.4844627,-7.674463,-9.234463
-0.60446286,2.8355372,0.18553711,-0.21446289,-0.9544629,-0.6744629,-2.584463,-3.714463,-7.864463,-7.694463,-7.9844627,-6.434463,-6.5444627,-5.7944627,-4.9644628,-5.2144628,-3.6544628,-2.6544628,-2.6744628,-3.6744628,-3.8744628,-2.464463,-1.8244629,-0.7944629,2.0855372,4.835537,-0.42446288,1.9555371,4.065537,3.005537,2.8655372,1.6955371,2.705537,0.05553711,-0.1944629,-0.5144629,3.795537,2.0655372,4.315537,0.6355371,0.89553714,1.9555371,-1.9044629
-0.49446288,0.4255371,0.6955371,-3.464463,-0.05446289,-2.1344628,-3.714463,-0.8344629,-5.0044627,-4.5444627,-3.3744628,-2.8444629,-3.4044628,-3.584463,-3.6644628,-4.124463,-3.514463,-2.8644629,-2.314463,-1.8144629,-1.7844629,0.20553711,0.3055371,0.15553711,0.5455371,3.6455371,1.355537,0.5455371,1.105537,1.4355371,3.775537,2.205537,0.4055371,0.7355371,1.3455371,0.4255371,1.3255371,-0.7344629,2.4055371,1.7055371,-1.5444629,2.205537,-1.3844628
1.485537,1.5255371,0.8655371,2.535537,-2.6444628,-2.5944629,-3.504463,-2.494463,-1.0844629,-0.6444629,-1.6344628,-1.3344629,-1.0544629,-2.724463,-3.6144629,-3.994463,-3.464463,-2.014463,-1.1244628,-2.494463,-3.044463,-2.6544628,-2.1944628,0.5955371,-0.1944629,-0.15446289,0.14553711,0.3155371,-2.084463,-1.144463,2.785537,-0.9444629,1.6855371,-1.6344628,-0.7944629,1.3855371,-0.6944629,0.8455371,0.7355371,1.9255371,4.835537,4.445537,1.1455371
3.675537,0.28553712,-3.6144629,-4.584463,-2.974463,-0.5844629,0.58553714,0.085537106,0.3755371,2.965537,3.8855371,-0.72446287,-4.144463,-4.744463,-5.304463,-3.6944628,-3.064463,-1.0044628,-1.9644629,-3.564463,-5.604463,-5.2944627,-3.244463,-3.524463,1.3755372,0.6855371,2.6455371,3.545537,3.295537,2.505537,0.2655371,-1.8544629,-1.1544629,0.3655371,-0.8844629,1.1455371,-0.1644629,2.0755372,1.9555371,0.8155371,1.9655371,1.1555371,6.575537
-3.074463,-3.214463,-4.204463,-4.284463,-3.834463,-3.234463,-1.6544629,-4.324463,-4.2544627,-4.2344627,-4.5444627,-5.014463,-5.9644628,-7.0444627,-5.0644627,-4.2144628,-1.7444628,-0.85446286,-3.3544629,-4.434463,-4.584463,-4.424463,-1.4244629,-1.0344629,-1.0244629,-0.9444629,-0.2644629,-0.9044629,1.0455371,-0.1944629,3.795537,2.725537,2.935537,3.1455371,2.445537,1.1955371,-2.504463,-2.584463,-2.474463,0.5955371,1.9355371,1.9055371,5.735537
-6.2744627,-6.574463,-6.014463,-5.724463,-4.634463,-4.614463,-4.014463,-3.824463,-5.344463,-6.0444627,-5.5044627,-6.384463,-6.354463,-6.104463,-4.0244627,-3.214463,-1.3144629,-4.4844627,-4.384463,-3.214463,-2.8544629,-2.8944628,-3.484463,-2.964463,-1.6544629,-1.1344628,-0.03446289,0.7655371,0.3155371,-1.3244629,4.275537,1.6655371,2.8955371,2.8555372,2.465537,2.745537,1.4155371,2.255537,3.8955371,4.565537,2.1455371,4.9755373,8.265537
-6.0644627,-6.104463,-5.7144628,-5.934463,-5.614463,-4.5444627,-4.104463,-2.454463,-3.054463,-4.414463,-3.9344628,-4.204463,-4.014463,-3.474463,-2.784463,-3.1044629,-3.1544628,-3.6344628,-3.6444628,-3.1644628,-1.9044629,-2.724463,-3.314463,-2.994463,-2.1844628,-2.484463,-2.1844628,-1.1344628,-1.3644629,0.96553713,1.7955371,2.8355372,3.8855371,4.075537,3.6155372,3.175537,3.205537,3.035537,3.545537,1.2955371,4.0355372,0.17553711,0.9055371
-4.834463,-4.9644628,-5.594463,-5.134463,-4.334463,-3.9344628,-3.4044628,-2.1444628,-2.1844628,-1.9644629,-1.1344628,-1.1044629,-0.33446288,0.085537106,0.3155371,0.9955371,1.6855371,1.4955372,1.2455372,0.2255371,1.0055372,0.7355371,-1.1844629,-1.0244629,-1.5444629,-1.5444629,-2.1944628,-1.5044628,-1.394463,-0.8144629,-0.36446288,1.0655371,3.1455371,3.535537,5.5155373,5.405537,4.7855372,-0.8644629,1.985537,2.765537,7.235537,9.425537,5.755537
-0.5044629,-2.3644629,-3.1744628,-3.514463,-2.9044628,-2.004463,-2.204463,-2.0944629,1.1155372,1.5855371,2.295537,3.045537,3.3355372,3.455537,4.445537,4.615537,5.065537,4.105537,3.8455372,1.7155371,0.35553712,2.485537,1.9755371,0.2755371,-0.6844629,0.6155371,0.8555371,1.4755371,0.5055371,1.105537,0.8555371,0.77553713,0.11553711,0.025537109,1.3755372,0.3655371,0.9755371,2.8955371,3.285537,1.2455372,1.9755371,0.8155371,3.015537
-1.4344629,-2.214463,0.04553711,-1.2044629,-1.5344629,-1.5444629,-1.514463,-1.7544628,-2.014463,-0.5044629,1.2455372,2.4055371,3.8155372,4.985537,5.7455373,6.405537,5.645537,3.505537,2.1455371,1.9055371,1.7455372,2.715537,3.195537,1.8255371,2.485537,3.5655372,2.8855371,3.6355371,3.735537,3.235537,3.3455372,4.4355373,1.3255371,1.1555371,3.1455371,2.195537,1.9955372,1.2655371,0.17553711,2.0955372,3.285537,1.5855371,1.9755371
1.2655371,-0.6544629,0.6755371,2.025537,1.605537,-0.6344629,1.8755372,0.10553711,-0.7944629,-0.8644629,-0.6144629,0.3355371,2.3255372,3.6255372,3.1055372,3.295537,-0.2544629,0.83553714,2.505537,2.3855371,3.015537,4.595537,4.805537,5.335537,4.635537,4.575537,4.325537,4.7255373,4.195537,4.7455373,4.965537,5.375537,5.545537,4.895537,4.355537,4.385537,3.8855371,3.425537,1.5055372,1.5355371,1.0655371,2.6055372,2.1055372
-0.7444629,0.1955371,-0.4144629,-1.3844628,0.7955371,3.0555372,3.3855371,3.3555372,2.8055372,2.8755372,1.7455372,0.8855371,2.3155372,-0.03446289,0.28553712,-1.6944629,-2.0944629,-2.6944628,0.5055371,2.3355372,1.4255371,-1.3244629,1.4955372,1.4155371,1.6955371,2.935537,5.2655373,4.875537,5.025537,5.985537,6.4755373,6.925537,6.415537,6.555537,6.425537,5.4955373,4.4755373,4.415537,4.345537,2.9055371,3.965537,4.365537,2.8855371
-0.12446289,-0.21446289,0.14553711,0.6955371,0.5955371,1.1255372,1.0055372,0.83553714,2.285537,3.225537,4.5155373,1.0155371,2.1455371,2.8455372,1.0355371,2.0755372,4.895537,4.335537,3.755537,0.4855371,-1.6244628,-1.3744628,1.5655371,2.245537,2.925537,3.685537,4.425537,5.2255373,5.335537,5.635537,6.655537,6.445537,6.545537,8.035537,8.875537,6.815537,6.9355373,6.965537,5.755537,3.985537,4.135537,4.715537,3.6355371
0.6555371,1.0855371,1.4055371,1.3155371,2.045537,2.035537,2.4055371,2.5655372,2.1555371,2.3355372,1.9055371,1.9455371,1.8155371,2.0955372,2.8355372,3.185537,1.9055371,0.7055371,1.5255371,1.4055371,0.8855371,1.8255371,1.9155371,3.1455371,4.065537,4.7855372,5.105537,5.175537,5.525537,6.465537,6.525537,6.025537,6.7655373,7.175537,7.735537,7.675537,6.7855372,6.375537,5.885537,4.385537,5.9555373,3.535537,5.395537
1.1555371,1.5055372,2.1555371,2.915537,3.0955372,3.265537,2.6255372,1.8155371,-0.04446289,-0.4444629,-1.1644629,-0.78446287,0.14553711,1.5855371,0.4355371,-1.0644629,-0.5544629,-2.214463,-2.024463,-0.4044629,1.9955372,2.9055371,3.1455371,3.6255372,4.505537,5.4555373,5.605537,6.405537,6.135537,7.155537,5.555537,7.395537,6.635537,6.5155373,7.055537,7.335537,8.095537,6.545537,5.5355372,5.735537,5.855537,0.7555371,2.785537
