wind_kz.json
{"header": {"discipline":0,"disciplineName":"Meteorological products","gribEdition":2,"gribLength":1025,"center":7,"centerName":"US National Weather Service - NCEP(WMC)","subcenter":0,"refTime":"2023-09-20T18:00:00.000Z","significanceOfRT":1,"significanceOfRTName":"Start of forecast","productStatus":0,"productStatusName":"Operational products","productType":1,"productTypeName":"Forecast products","productDefinitionTemplate":0,"productDefinitionTemplateName":"Analysis/forecast at horizontal level/layer at a point in time","parameterCategory":2,"parameterCategoryName":"UnknownDiscipline_0_Category_2","parameterNumber":2,"parameterNumberName":"UnknownParameter_D0_C2_2","parameterUnit":"Unknown","genProcessType":2,"genProcessTypeName":"Forecast","forecastTime":0,"surface1Type":103,"surface1TypeName":"Specified height level above ground","surface1Value":10.0,"surface2Type":255,"surface2TypeName":"Missing","surface2Value":0.0,"gridDefinitionTemplate":0,"gridDefinitionTemplateName":"Latitude_Longitude","numberPoints":615,"shape":6,"shapeName":"Earth spherical with radius of 6,371,229.0 m","gridUnits":"degrees","resolution":48,"winds":"true","scanMode":64,"nx":41,"ny":15,"basicAngle":0,"lo1":47.0,"la1":41.0,"lo2":87.0,"la2":55.0,"dx":1.0,"dy":1.0}, "data":
[rows 0 to 14 of 15, columns 0 to 40 of 41]
-2.5937426,-0.103742674,1.8462573,-2.5937426,-3.2137427,-1.8437427,-3.9937427,-4.7737427,-4.2937427,-2.8737426,-1.0137427,-1.1237427,1.1562573,-2.0037427,-1.1137427,-0.6437427,0.7462573,2.5062573,2.0062573,1.3062574,1.2362573,1.5262573,0.32625732,-0.7137427,-0.6537427,-3.2337427,-1.9937427,0.94625735,0.8062573,0.4562573,1.7562573,2.3562574,0.27625734,-0.7737427,-2.2137427,-1.6337427,-2.4037428,-0.80374265,-1.2337427,0.40625733,-2.3137426
1.0762573,2.2762573,-9.303742,-5.883743,-4.9937425,-4.4937425,-5.3737426,-4.9537425,-2.6137426,-0.9337427,-1.6537427,-4.153743,-2.6037426,-1.2637427,-0.8237427,0.12625733,2.9262574,1.2562573,-1.6237427,0.8762573,1.1362573,1.9062573,-2.6737428,-1.6937426,0.6662573,0.31625733,-0.66374266,2.1262574,-0.22374268,0.22625732,-0.9337427,1.4362574,-0.55374265,-1.5537426,-0.45374268,1.0262573,0.95625734,0.52625734,2.6662574,0.7362573,-4.7537427
-1.7037426,-8.453743,-8.133742,-6.1837425,-3.1237426,-1.6537427,-4.303743,-1.0537426,-2.8037426,-2.3937426,-1.8637427,-3.3437426,-2.4837427,-1.1837426,0.52625734,1.3762573,1.0062573,1.2662573,-0.22374268,-0.48374268,-1.0837426,-3.0837426,-1.8437427,-1.5937427,-0.2937427,0.4862573,2.3562574,2.1762574,-5.1437426,0.71625733,-0.7537427,1.3262573,-0.48374268,1.0962573,2.5162573,0.09625732,-0.34374267,-0.14374268,6.886257,2.5162573,-1.1937426
-6.283743,-8.003742,-7.0137424,-3.5037427,0.27625734,-0.85374266,-1.0537426,-3.2937427,-1.5537426,-0.6437427,1.3162574,1.2962574,1.4162574,0.8562573,1.6862574,2.5862572,4.0362573,3.5962572,2.2162573,-0.21374267,-0.48374268,-0.20374268,1.5062573,2.0362573,1.1562573,1.6162573,1.1362573,0.076257326,2.9862573,5.7462573,4.7962575,0.17625733,1.3062574,-3.2437427,-2.7237427,-0.18374267,0.41625732,2.0162573,0.22625732,3.2162573,8.886257
-5.573743,-7.1637425,-5.2337427,-4.403743,-4.803743,-2.6137426,-0.8337427,0.6062573,1.9762573,3.4762573,3.5462573,1.6162573,0.30625734,5.4962573,3.9762573,3.2162573,3.3462572,0.27625734,1.3662573,3.3562574,2.6962574,4.6862574,3.8762574,1.1462573,-0.6537427,-1.5837426,0.7562573,2.5862572,3.3662574,4.0462575,5.8962574,3.4962573,-0.61374265,1.4362574,0.30625734,1.6362573,3.1562574,5.826257,6.466257,8.996258,9.426257
-2.3537426,-1.6937426,-1.9837427,-0.8737427,1.2362573,1.8262573,2.0462573,2.9362574,2.6062574,3.8362572,2.4562573,2.3162572,3.3062572,-2.3837426,-0.27374268,1.1462573,1.2162573,2.7362573,2.8662574,1.7362573,2.0762572,-2.3337426,-2.7637427,-1.4337426,-0.023742676,2.0862572,4.096257,7.2462573,8.966257,9.196258,6.6662574,7.5462575,6.826257,-1.5537426,0.33625734,-1.5737426,1.9962573,3.9062574,10.146257,2.8962574,9.976257
0.22625732,1.4662573,1.6462573,-0.6537427,-2.7537427,-2.0037427,-0.97374266,-0.14374268,1.7462573,4.1662574,2.4462574,2.2862573,-1.3937427,1.1762574,2.7362573,3.0862572,1.4262574,0.6862573,1.1362573,3.2662573,2.0562572,2.5362573,-0.3837427,2.0462573,2.7762573,2.7462573,3.3462572,4.656257,7.1462574,5.346257,6.3762574,5.9362574,2.9362574,-2.2037427,-2.8337426,-0.66374266,-0.3237427,0.88625735,2.0362573,1.9062573,7.8962574
-4.593743,-4.363743,-3.4837427,-3.4137428,-2.6837428,-1.0737426,-0.85374266,-0.92374265,-1.2337427,-1.6337427,-1.3537427,-1.8537427,-1.7537427,-2.0337427,-0.48374268,0.76625735,-1.9837427,-0.9437427,0.5562573,0.4262573,2.3262572,-0.12374268,-0.98374265,0.18625732,0.14625733,1.3462573,1.2662573,2.3662574,-0.9537427,-2.6537428,-0.9937427,-2.2837427,-1.7237427,1.1162573,3.5062573,4.906257,-1.6237427,0.076257326,3.6762574,8.086257,4.3762574
-4.173743,-3.6137426,-2.5837426,-3.1637428,-2.9737427,-2.0237427,-1.9137427,-1.5437427,-1.0237427,-0.34374267,-4.0237427,-4.6637425,-3.2137427,-2.5137427,-1.3237426,-1.6437427,-1.3537427,-0.7437427,0.9362573,0.9962573,0.22625732,-0.13374268,-2.3037426,0.41625732,-1.2737427,0.15625733,-0.0037426758,1.9062573,1.4362574,-1.4137427,-4.633743,-2.7037427,-1.1237427,2.4162574,2.5962572,-0.8737427,0.056257322,-0.37374267,0.6162573,0.10625733,1.2662573
-3.1237426,-2.7537427,-2.7937427,-2.6537428,-2.3437426,-1.5237427,-1.9137427,-1.8037426,-0.5737427,-2.8137426,-3.2837427,-3.6737428,-1.9637427,-1.8937427,-1.8137426,-1.3137426,-1.1437427,-1.0237427,-0.49374267,-1.5937427,-1.5337427,-1.0837426,-0.6537427,-2.6037426,-2.2937427,-1.5637426,2.4462574,0.7462573,0.58625734,-0.46374267,-0.043742675,3.3462572,-0.33374268,-1.7837427,-1.6837426,1.5362573,-1.6837426,-1.7737427,0.63625735,1.2362573,-0.5737427
-1.5337427,-1.9537426,-0.22374268,-1.8337426,-1.5137427,-2.4437428,-2.2937427,-1.8037426,-1.6237427,-1.6437427,-2.4437428,-2.2137427,-2.7137427,-2.1037426,-0.97374266,-0.43374267,-1.5437427,-1.3037426,-1.5637426,-2.1437426,-0.98374265,-0.39374268,-1.6737427,-2.1437426,-1.5737426,-1.0337427,0.016257323,0.95625734,0.19625732,1.7462573,2.4562573,-0.46374267,-3.7337427,-2.0737426,-2.4537427,-0.9637427,-0.9437427,0.036257323,-0.033742677,0.046257325,-1.2737427
-1.1737427,-0.8937427,-0.13374268,-0.17374268,-0.44374266,-1.2637427,-0.54374266,-0.8737427,-0.6837427,-0.59374267,-1.6537427,-1.0837426,-2.5337427,-1.9437426,-0.5637427,-0.9437427,-1.6837426,-1.2437427,-1.2137427,-0.5037427,-0.53374267,-0.44374266,-2.6037426,-0.55374265,-0.103742674,0.7362573,3.0562572,1.6362573,1.2862573,-1.3737427,-2.3137426,-2.5937426,-1.9137427,-2.7237427,-1.1137427,-1.2537427,-1.7937427,-0.7537427,-0.5737427,-0.47374266,-0.5237427
0.7462573,0.9362573,0.9162573,0.10625733,-0.18374267,-0.5737427,-0.20374268,-0.40374267,-1.1137427,-0.46374267,-0.6937427,0.17625733,-0.07374267,-0.86374265,-0.5137427,-0.8837427,-0.6237427,-0.5237427,0.17625733,-0.18374267,-0.11374268,-0.5637427,-0.78374267,-1.2337427,-0.16374268,0.076257326,-1.0037427,-1.5337427,0.18625732,-1.3537427,-1.3837427,-1.2337427,-0.49374267,-1.7737427,-0.5237427,-1.2437427,-1.3137426,-1.1837426,-1.1137427,-0.80374265,-0.7537427
1.5262573,1.2562573,0.70625734,0.64625734,0.71625733,0.7362573,0.94625735,0.69625735,0.77625734,0.15625733,-0.6237427,-0.033742677,0.8062573,1.1162573,0.8562573,0.28625733,0.5662573,0.016257323,-0.18374267,-0.043742675,0.26625732,-0.063742675,-0.31374267,-0.033742677,0.25625733,-0.44374266,-0.5837427,0.89625734,0.94625735,0.6062573,-0.60374266,-0.7637427,-1.0037427,-0.67374265,-1.2737427,-1.3537427,-1.0437427,-1.0637426,-0.9437427,-0.47374266,-0.27374268
0.65625733,1.3762573,1.3462573,0.9362573,1.9162574,1.3662573,1.9562573,0.96625733,1.6462573,0.5662573,-0.47374266,0.4862573,1.0862573,1.3762573,1.9662573,2.2362573,1.9362574,2.4562573,1.6962574,1.6262573,1.2662573,-0.103742674,0.9262573,0.9162573,0.06625733,0.33625734,0.41625732,0.9162573,0.116257325,0.6862573,1.9962573,0.9862573,0.6262573,0.6062573,-0.8337427,-0.42374268,-0.6837427,0.58625734,2.0162573,-0.31374267,-1.0137427
