wind.json
{"header": {"discipline":0,"disciplineName":"Meteorological products","gribEdition":2,"gribLength":1125,"center":7,"centerName":"US National Weather Service - NCEP(WMC)","subcenter":0,"refTime":"2023-06-27T12:00:00.000Z","significanceOfRT":1,"significanceOfRTName":"Start of forecast","productStatus":0,"productStatusName":"Operational products","productType":1,"productTypeName":"Forecast products","productDefinitionTemplate":0,"productDefinitionTemplateName":"Analysis/forecast at horizontal level/layer at a point in time","parameterCategory":2,"parameterCategoryName":"UnknownDiscipline_0_Category_2","parameterNumber":2,"parameterNumberName":"UnknownParameter_D0_C2_2","parameterUnit":"Unknown","genProcessType":2,"genProcessTypeName":"Forecast","forecastTime":60,"surface1Type":103,"surface1TypeName":"Specified height level above ground","surface1Value":10.0,"surface2Type":255,"surface2TypeName":"Missing","surface2Value":0.0,"gridDefinitionTemplate":0,"gridDefinitionTemplateName":"Latitude_Longitude","numberPoints":688,"shape":6,"shapeName":"Earth spherical with radius of 6,371,229.0 m","gridUnits":"degrees","resolution":48,"winds":"true","scanMode":64,"nx":43,"ny":16,"basicAngle":0,"lo1":45.0,"la1":40.0,"lo2":87.0,"la2":55.0,"dx":1.0,"dy":1.0}, "data":
[rows 0 to 15 of 16, columns 0 to 42 of 43]
-2.8470404,-0.1370404,1.9129596,1.7729596,2.4829595,3.3729596,3.4829595,3.5529597,2.0329597,-0.9370404,-0.7870404,-7.4270406,-8.287041,-8.31704,-7.5070405,-5.9570403,-4.9170403,-3.7170403,-2.9370403,-3.2670405,-2.6470404,-2.1470404,-2.9570403,1.4829596,1.4429595,-0.8070404,-0.1370404,-0.2170404,-0.43704042,1.0029596,1.7429596,0.8929596,-1.4370404,-1.2970405,-2.4170403,-4.5170403,-5.6470404,-3.6870403,-5.3170404,-1.8270404,-3.9070404,0.3529596,-0.22704041
1.9929596,7.5929594,2.8129597,-0.1170404,1.6029596,6.42296,5.6329594,5.4129596,2.6929595,2.3629596,-1.3670404,-3.3870404,-6.8370404,-7.1670403,-7.5670404,-6.7970405,-5.05704,-4.1970406,-3.2470405,-1.2270404,-3.0970404,-2.6670403,-0.43704042,1.1029596,0.4429596,-1.8070405,-0.047040407,-2.8970404,-3.0570405,-0.7970404,1.0229596,-0.027040405,1.2829596,1.0929596,-0.1570404,0.5229596,-1.8870404,-1.1670403,-3.6970403,-3.4770403,-1.0670404,0.8129596,3.6829596
1.8729596,-1.6470404,0.9529596,1.7129596,4.3029594,5.3629594,7.67296,3.7029595,1.7729596,1.1529596,-4.5070405,-3.4970405,-5.3670406,-6.6270404,-6.4770403,-6.0270405,-4.09704,-4.4070406,-3.5770404,-4.0270405,-3.7970405,-2.9170403,-1.8670404,-1.3870404,0.042959593,-3.4370403,-0.51704043,1.1529596,-0.6270404,0.13295959,-0.5270404,-1.0570405,0.0629596,0.032959595,0.7029596,-2.5170405,0.9929596,0.16295959,0.0029595948,0.34295958,2.3029597,1.7829596,8.70296
1.3629596,1.4829596,2.1429596,2.1429596,2.8529596,4.0229597,4.71296,0.5229596,0.5929596,-1.7670404,-7.1670403,-5.59704,-5.0670404,-6.4970403,-3.5170405,-5.6970406,-4.6970406,-4.8670406,-4.8370404,-3.6770403,-2.8870404,-2.9670403,-2.3770404,-5.3970404,-4.9770403,-5.3170404,0.7829596,-2.6870403,-0.3470404,0.1429596,-1.2070404,-0.76704043,-0.4470404,1.2129596,-0.2770404,-1.0270404,-0.16704041,-0.5470404,-0.2570404,-0.1570404,5.9329596,3.5929596,1.8729596
3.3129597,4.7529597,2.9229596,3.1229596,1.2029595,2.7329595,0.012959595,-1.1170404,-2.6070404,-5.9470406,-4.8170404,-3.9770403,-3.8370404,-4.3370404,-1.3370404,-4.9270406,-5.3570404,-4.3970404,-4.9970403,-4.2970405,-3.6370404,-3.5570405,-3.1870403,-4.1970406,-1.5070404,-4.1470404,-4.3170404,-4.1370406,-3.8570404,-7.3370404,-4.1470404,-1.6570404,-0.5970404,-1.3270404,-0.5370404,-2.8570404,-2.6870403,-1.8370404,-1.6170404,1.4929596,0.1729596,-0.3070404,0.2929596
4.2829595,5.0929594,2.5929596,2.8529596,1.2129596,0.7929596,0.9629596,-2.4070404,-3.5570405,-3.3770404,-4.05704,-3.6470404,-3.9170403,-3.5370405,-4.1070404,-5.9470406,-5.1870403,-4.9370403,-4.3570404,-3.7670405,-3.0770404,-4.09704,-4.0170403,-4.1770406,-4.1270404,-3.8370404,-3.7870405,-4.32704,-4.9570403,-4.2370405,-3.7670405,-3.4670403,-4.1170406,-2.7470405,-3.3970404,1.1929595,1.0029596,1.8329597,-1.2170404,-0.76704043,1.9229596,1.6129596,0.4429596
8.23296,7.6129594,3.5429597,1.7729596,2.5129595,0.8929596,-2.5370405,-4.9070406,-4.28704,-2.9870405,-2.0370405,-4.6570406,-5.3970404,-5.6070404,-5.4370403,-6.07704,-5.0670404,-3.0670404,-5.9570403,-1.9370404,-5.1570406,-3.2170403,-3.3670404,-3.8770404,-3.7870405,-2.2370405,-2.7670405,-4.1170406,-2.1070404,-1.6970404,-2.8270404,-4.1670403,-4.3370404,-2.8870404,-3.6370404,-2.3570404,-0.22704041,-0.16704041,1.9229596,2.6129596,5.67296,4.6829596,2.2029595
2.7929597,4.8429594,2.6329596,-0.5570404,-2.2870405,-2.3770404,-2.3270404,-1.8370404,-3.4870405,-2.9170403,-3.7470405,-4.6470404,-4.3370404,-5.2970405,-3.6470404,-4.1370406,-3.4470403,-3.1370404,-3.1670403,-3.4470403,-5.1870403,-2.7370405,-0.8470404,-1.1870404,-2.8870404,-3.2270403,-3.0570405,-3.7370405,-2.7170403,-2.3770404,-3.5170405,-4.1270404,-3.6970403,-2.7770405,-1.4370404,-0.2470404,-1.5170404,-1.6770405,-0.7370404,0.19295959,0.7529596,-1.8270404,2.0829597
2.7329595,2.5329597,0.8229596,-1.5870404,-2.3470404,-2.8770404,-3.3270404,-3.3670404,-3.1870403,-3.1470404,-2.0470405,-3.1370404,-3.8970404,-5.1970406,-4.4170403,-4.6570406,-3.4970405,-3.7870405,-2.8270404,-3.3370404,-4.2970405,-1.3270404,0.102959596,-1.1870404,-1.3770404,1.1629596,1.0429596,-0.9370404,-0.3170404,0.012959595,-1.4370404,-0.6770404,-0.8370404,-0.3070404,-0.4470404,-0.3070404,-1.3870404,0.7229596,1.4729596,6.0429597,6.2929597,6.4529595,1.7529596
1.9929596,1.0929596,5.9729595,-0.9970404,-2.1470404,-3.2670405,-2.3070405,-2.8770404,-1.4870404,-0.6870404,-2.9970405,-3.7470405,-4.9470406,-4.59704,-3.5570405,-3.1170404,-2.4770403,-2.1170404,-0.51704043,0.0029595948,-1.1570404,0.98295957,1.8529596,-0.6770404,-0.4170404,-0.5370404,0.3229596,-0.14704041,0.7829596,0.6229596,1.4629596,0.8029596,1.3729596,2.2329595,2.3729596,0.5829596,0.6529596,0.5329596,0.2729596,-1.7670404,-1.4170403,0.072959594,-0.40704042
3.1029596,1.9129596,4.6129594,-2.1370404,-2.7370405,-2.3470404,-2.8170404,-2.0670404,-1.7170404,-1.5970404,-2.3870404,-3.9770403,-4.9470406,-5.1270404,-3.8070405,-3.0370405,-2.5570405,0.1429596,0.8729596,0.8029596,0.7829596,1.8629596,1.0429596,1.4829596,-0.3970404,-0.5470404,-0.1270404,0.8929596,1.8329597,1.4229596,2.4329596,3.4029596,1.7629596,2.4229596,2.4629595,2.0729597,-0.6470404,-0.9170404,-0.8570404,-0.22704041,-0.8870404,-0.1170404,0.16295959
1.8529596,1.9229596,1.6629596,-1.3470404,-2.6670403,-3.2770405,-2.6870403,-2.5070405,-2.7370405,-3.0670404,-4.7270403,-5.03704,-3.8170404,-3.0770404,-2.8770404,-1.1770405,-1.0970404,-1.7470404,-2.1570404,-0.2970404,-1.7270404,-1.5170404,0.5829596,0.6029596,2.1329596,1.2029595,2.9629595,1.7229596,2.3129597,2.9329596,3.3229597,4.0629597,4.0329595,4.21296,2.3529596,0.9429596,0.5029596,-1.6970404,-1.1970404,0.3929596,-0.2070404,0.3529596,0.1529596
0.7129596,0.7729596,-0.6470404,-1.3370404,-1.8570404,-2.1670403,-2.6770403,-2.8370404,-3.2670405,-4.4770403,-3.2770405,-4.1870403,-3.0470405,-1.3570404,-0.37704042,0.1829596,0.9029596,1.3029596,-0.09704041,-0.7970404,-0.4470404,1.4629596,1.1529596,2.3229597,1.8429596,2.5129595,2.9529595,3.4629595,3.4029596,3.6929595,3.9329596,3.3429596,3.1729596,3.5929596,3.6829596,0.3529596,0.7629596,1.7429596,1.2129596,-0.5370404,0.24295959,-0.4770404,-0.2470404
-0.43704042,-1.1770405,-1.2770404,-0.8870404,-0.8570404,-1.4870404,-1.6170404,-2.1270404,-2.4970405,-2.1370404,-2.1670403,-1.8970404,-1.1970404,-0.4170404,-0.2470404,1.1829596,1.5729595,0.6429596,0.16295959,2.0029595,1.9429595,2.5329597,1.8929596,1.8929596,2.0629597,1.6029596,2.6529596,3.0129595,3.2629595,4.0229597,3.8329597,4.19296,4.2029595,5.0229597,3.4129596,1.9329596,2.0429597,2.4229596,2.8929596,1.4829596,2.1429596,1.6429596,0.4029596
-0.09704041,-0.0870404,-0.6270404,-0.6570404,-0.1770404,-1.7970405,-1.9670404,-2.1070404,-1.5170404,-2.4970405,-0.9570404,-1.0170404,-1.2270404,-1.0470405,-0.067040406,0.3229596,1.1529596,1.1929595,1.6229596,0.6529596,-0.2570404,-0.14704041,0.67295957,1.4429595,2.3529596,2.3429596,2.6529596,2.4229596,2.6629596,3.5429597,3.9429595,4.3829594,4.3929596,4.3329597,3.9329596,3.2329595,2.4829595,2.8829596,1.7129596,2.4929595,-0.3870404,1.7229596,1.9829596
-0.2670404,-0.017040405,0.5429596,0.6129596,-0.4570404,-2.0070405,-2.2870405,-1.9470404,-1.6770405,-1.5870404,-0.9370404,-1.2970405,-1.6870404,-0.7870404,-0.22704041,1.0429596,1.4129596,2.0729597,1.1129596,-0.6270404,-0.09704041,-0.3670404,-0.2970404,0.042959593,0.4729596,1.2929596,1.4529595,2.0229597,2.4429595,2.8229597,3.0229597,3.0129595,3.6229596,3.6429596,3.5329597,3.2729597,2.6029596,2.4729595,1.2729596,3.4029596,3.3029597,1.7929596,0.3629596
