wind_kz.json
{"header": {"discipline":0,"disciplineName":"Meteorological products","gribEdition":2,"gribLength":1025,"center":7,"centerName":"US National Weather Service - NCEP(WMC)","subcenter":0,"refTime":"2023-09-08T18:00:00.000Z","significanceOfRT":1,"significanceOfRTName":"Start of forecast","productStatus":0,"productStatusName":"Operational products","productType":1,"productTypeName":"Forecast products","productDefinitionTemplate":0,"productDefinitionTemplateName":"Analysis/forecast at horizontal level/layer at a point in time","parameterCategory":2,"parameterCategoryName":"UnknownDiscipline_0_Category_2","parameterNumber":3,"parameterNumberName":"UnknownParameter_D0_C2_3","parameterUnit":"Unknown","genProcessType":2,"genProcessTypeName":"Forecast","forecastTime":240,"surface1Type":103,"surface1TypeName":"Specified height level above ground","surface1Value":10.0,"surface2Type":255,"surface2TypeName":"Missing","surface2Value":0.0,"gridDefinitionTemplate":0,"gridDefinitionTemplateName":"Latitude_Longitude","numberPoints":615,"shape":6,"shapeName":"Earth spherical with radius of 6,371,229.0 m","gridUnits":"degrees","resolution":48,"winds":"true","scanMode":64,"nx":41,"ny":15,"basicAngle":0,"lo1":47.0,"la1":41.0,"lo2":87.0,"la2":55.0,"dx":1.0,"dy":1.0}, "data":
[rows 0 to 14 of 15, columns 0 to 40 of 41]
-2.3468652,-2.0368652,-1.0968652,-9.776865,-9.186865,-6.076865,-0.89686525,-0.65686524,-5.006865,-1.5468652,-1.0968652,0.97313476,0.6231348,-1.2868652,0.16313477,-0.9868652,-1.6468652,-2.3368652,-3.0668652,-0.8768652,-2.9768653,-4.656865,-3.9368653,0.60313475,-1.5768652,1.0631348,-0.47686523,2.9031348,0.91313475,-1.0768652,-1.0968652,-2.2168653,-1.3368652,-1.4468652,-3.1468651,-2.7668653,-1.2768652,-4.616865,-2.4968653,-3.7768652,-0.88686526
5.0431347,-0.42686522,-6.1668653,-7.256865,-8.016865,-5.036865,-3.8568652,-2.5868652,-5.006865,-5.096865,-5.036865,-5.236865,-2.4068651,-1.5668652,-4.1868653,-3.3768651,-2.0468652,-4.056865,-5.8368654,-5.0868654,-4.276865,-4.196865,-2.4968653,-0.14686523,-0.9368652,-0.48686522,-3.4168653,-0.49686524,-0.8168652,0.31313476,0.34313476,0.97313476,-0.9168652,0.43313476,-0.09686524,-1.8968652,-2.3168652,-5.696865,-4.306865,-6.216865,-2.3068652
-0.6268652,-4.6868653,-5.6668653,-6.006865,-1.6968652,-2.3568652,-4.446865,-4.1068654,-3.9268653,-4.346865,-5.846865,-4.5868654,-3.7768652,-3.6168652,-4.4368653,-4.256865,-3.5668652,-3.3568652,-3.8168652,-5.576865,-6.386865,-0.41686523,-5.4368653,-1.6368653,-1.3468652,-0.83686525,-0.47686523,0.22313477,-0.40686524,1.4331348,0.16313477,-0.8668652,1.8331348,-1.5468652,0.22313477,0.73313475,-2.7268653,-3.5468652,-0.38686523,1.2931348,1.6231347
-0.21686524,-3.4368653,-2.9968653,-3.0268652,-3.6968653,-1.0768652,0.42313477,-1.7268653,-2.8668652,-3.2768652,-4.286865,-5.716865,-6.2468653,-5.776865,-4.006865,-3.7968652,-4.286865,-4.556865,-4.1668653,-5.806865,-4.576865,-2.3068652,-1.1668652,-3.9568653,-4.386865,-5.116865,-4.736865,-2.9768653,-1.1068653,-0.16686523,-0.17686523,-3.0768652,-9.546865,1.6231347,0.79313475,-1.1468652,2.1031349,4.713135,-0.45686522,-0.83686525,-1.6168653
-1.7668653,-3.4668653,-2.8768651,-2.3868651,-2.2268653,-1.6168653,-1.5768652,0.113134764,0.053134765,-1.2768652,-2.3368652,-3.1468651,-4.9968653,-5.056865,-5.076865,-3.5668652,-3.0468652,-3.3768651,-3.3868651,-4.076865,-3.3268652,-3.5168653,-4.406865,-4.5468655,-4.616865,-4.8368654,-3.5368652,-3.2768652,-2.6168652,-1.1068653,1.1931348,0.73313475,3.2231348,3.9031348,-0.17686523,1.7031348,-0.066865236,-1.7568653,-6.136865,-9.186865,-7.926865
-3.0668652,-3.2868652,-4.2068653,-2.6968653,-2.4368653,-2.1468651,-1.3768653,-1.5368652,-1.5068653,0.31313476,0.45313478,-0.75686526,-2.6868653,-3.7368653,-3.0168653,-3.7568653,-3.2268653,-3.2768652,-3.9168653,-3.6368651,-2.2568653,-2.5168653,-3.2568653,-3.5468652,-4.1868653,-3.7768652,-3.1868653,-6.536865,-3.5068653,-4.5168653,-1.6868652,1.1731348,3.0831347,2.7731347,3.2931347,-1.0968652,-0.20686524,-2.5468652,0.42313477,4.283135,5.343135
-0.78686523,-3.1268651,-7.8568654,-1.8968652,-2.4068651,-2.4568653,-2.1068652,-1.6868652,-0.38686523,0.113134764,-0.30686525,-1.1568652,-0.49686524,-1.5168653,-2.1868653,-1.6668652,-2.9768653,-3.5168653,-3.2568653,-3.3368652,-3.1768653,-3.2568653,-3.3568652,-2.3268652,-3.2468653,-3.1068652,-4.056865,-3.7668653,-2.1268651,-2.2768652,-2.5068653,-2.1068652,2.6931348,3.6631348,0.5631348,1.1731348,-1.0868652,0.043134764,-0.6068652,-0.78686523,-0.26686522
-3.7868652,-3.0068653,-2.3368652,-1.6768652,-2.1768653,-2.8168652,-2.5568652,-2.4468653,-1.9868653,-2.0768652,-1.5568652,0.15313476,-1.1168653,-1.3668653,-2.0168653,-2.4668653,-2.6468651,-2.8868651,-2.2768652,-2.2168653,-2.2668653,-2.7468653,-3.2568653,-1.7568653,-2.6868653,-0.95686525,-2.4968653,-3.1068652,-2.9468653,-1.5668652,-0.94686526,0.60313475,-1.2568653,1.8831347,3.6731348,2.1431348,3.3931348,4.033135,-2.8468652,2.2231348,-0.8768652
-1.5368652,-1.8968652,-1.7768652,-1.8368652,-1.2268653,-1.6668652,-2.1968653,-2.7568653,-2.7068653,-2.4268653,-2.5668652,-1.6768652,-2.1768653,-3.1668653,-3.2768652,-2.8768651,-2.1868653,-1.3868653,-2.1668653,-2.5668652,-2.6068652,-3.2868652,-2.3968651,-2.7268653,-2.7768652,-2.5968652,-0.59686524,-1.2468653,-0.6268652,-1.7968652,-1.4768653,-0.30686525,0.073134765,-0.8168652,-1.1968652,1.8131348,1.0331348,3.0931349,2.9431348,1.8531348,2.1431348
-0.11686523,-1.1668652,-1.4368652,-3.1568651,-3.1768653,-1.0368652,-1.7168652,-1.8468652,-2.2668653,-2.7868652,-2.9768653,-2.7868652,0.85313475,-2.0168653,-3.3168652,-3.4768653,-5.2268653,-2.7568653,-0.57686526,-0.9168652,-0.84686524,-2.0668652,-2.6268651,-2.0568652,-1.6568652,-2.2668653,-2.1568651,-1.9768653,-0.7368652,-0.08686523,-0.49686524,-1.2968652,-4.1268654,-2.4368653,0.113134764,0.09313477,1.6231347,-0.72686523,1.4631348,3.0031347,2.3331347
-1.9568652,-2.1168652,-0.50686526,-1.0568652,-2.5168653,-1.9268652,-2.8568652,-2.6568651,-2.9068651,-3.2868652,-3.0468652,-1.5568652,-3.2068653,-2.6468651,-1.9668652,-3.6268651,-5.4968653,-5.256865,-5.3368654,-3.4868653,-0.50686526,-1.2368653,-1.9968653,-1.9168652,-1.1468652,-1.6768652,-1.6568652,-1.3568653,-1.2568653,-0.31686524,0.23313476,0.59313476,0.21313477,1.1631348,2.1731348,0.29313478,1.5331348,2.2731347,1.9131348,2.0631347,-0.33686525
-2.7868652,-3.9168653,-2.8368652,-3.0468652,-3.9268653,-3.5568652,-2.3668652,-3.0668652,-4.466865,-4.486865,-2.1768653,-3.1868653,-4.2668653,-5.2268653,-5.7468653,-7.596865,-6.7668653,-7.386865,-7.1268654,-6.906865,-5.946865,-1.3868653,-1.2568653,-1.0268652,-1.1068653,-1.6268653,-1.6368653,-2.0968652,-1.0268652,0.52313477,-0.47686523,-0.16686523,-2.6268651,-2.8868651,-0.77686524,-0.9368652,0.38313475,1.3231348,2.3231347,1.5031347,1.2931348
-2.2268653,-3.0368652,-3.5068653,-2.9168653,-2.0068653,-2.0368652,-2.3568652,-2.6668653,-5.5168653,-3.0168653,-1.6768652,-1.4968653,-4.886865,-4.8168654,-5.5668654,-6.5168653,-7.1268654,-6.7668653,-7.446865,-6.4768653,-7.1668653,-5.006865,-1.0168653,0.41313475,-0.52686524,-1.0268652,-1.5068653,-2.1068652,-1.7968652,-1.5368652,-0.16686523,-1.9768653,-1.9668652,-2.6568651,-0.13686523,0.60313475,0.26313478,-0.8168652,-0.7468652,0.77313477,0.23313476
-0.69686526,-2.1768653,-3.7368653,-2.4568653,-2.8768651,-2.9168653,-3.8468652,-3.3168652,-3.2068653,-3.4168653,-1.0868652,-1.5368652,-3.0368652,-4.0668654,-4.276865,-4.7968655,-5.306865,-6.906865,-7.1268654,-6.986865,-7.136865,-6.4168653,-5.806865,-2.6468651,-2.0968652,-1.5868652,-2.0468652,-1.7068652,-1.6868652,-2.0768652,-1.6468652,-1.6668652,-0.88686526,-0.21686524,0.0031347657,-0.0068652346,-0.30686525,1.3331348,0.6331348,1.4031348,0.7531348
-1.2668653,-1.9268652,-3.4468653,-1.3968652,-2.1568651,-2.1068652,-2.2468653,-2.5568652,-2.9068651,-3.4968653,-1.8368652,-3.2368653,-2.1068652,-1.8268652,-5.556865,-6.5468655,-5.986865,-7.736865,-6.776865,-6.5868654,-7.0468655,-7.176865,-6.3568654,-4.236865,-1.6668652,-1.8468652,-0.6668652,0.073134765,-1.2968652,-1.6268653,-1.8868653,-2.4468653,-2.2668653,-2.2668653,-0.066865236,1.5331348,1.7831348,1.9831347,1.3231348,0.92313474,0.17313476
