wind_kz.json
{"header": {"discipline":0,"disciplineName":"Meteorological products","gribEdition":2,"gribLength":1025,"center":7,"centerName":"US National Weather Service - NCEP(WMC)","subcenter":0,"refTime":"2023-09-08T18:00:00.000Z","significanceOfRT":1,"significanceOfRTName":"Start of forecast","productStatus":0,"productStatusName":"Operational products","productType":1,"productTypeName":"Forecast products","productDefinitionTemplate":0,"productDefinitionTemplateName":"Analysis/forecast at horizontal level/layer at a point in time","parameterCategory":2,"parameterCategoryName":"UnknownDiscipline_0_Category_2","parameterNumber":3,"parameterNumberName":"UnknownParameter_D0_C2_3","parameterUnit":"Unknown","genProcessType":2,"genProcessTypeName":"Forecast","forecastTime":120,"surface1Type":103,"surface1TypeName":"Specified height level above ground","surface1Value":10.0,"surface2Type":255,"surface2TypeName":"Missing","surface2Value":0.0,"gridDefinitionTemplate":0,"gridDefinitionTemplateName":"Latitude_Longitude","numberPoints":615,"shape":6,"shapeName":"Earth spherical with radius of 6,371,229.0 m","gridUnits":"degrees","resolution":48,"winds":"true","scanMode":64,"nx":41,"ny":15,"basicAngle":0,"lo1":47.0,"la1":41.0,"lo2":87.0,"la2":55.0,"dx":1.0,"dy":1.0}, "data":
[rows 0 to 14 of 15, columns 0 to 40 of 41]
0.12693115,0.90693116,-0.81306887,-6.983069,-8.373069,-9.203069,-8.253069,-5.2430687,-6.623069,-5.413069,-7.503069,-2.5730689,-3.9030688,-5.1830688,-7.383069,-6.853069,-5.463069,-5.2030687,-7.153069,-3.713069,-4.403069,-4.883069,-2.8930688,-0.77306885,-2.473069,0.73693115,-1.5030688,1.7969311,1.0369312,-0.66306883,-1.6330688,-0.36306885,-1.3930688,-2.8630688,-3.483069,-3.783069,-2.1430688,-0.66306883,1.0769311,-0.59306884,-0.71306884
3.996931,0.68693113,-3.1130688,-4.603069,-5.133069,-7.623069,-6.273069,-4.643069,-4.443069,-4.883069,-4.903069,-6.583069,-6.2230687,-5.583069,-6.5330687,-6.813069,-4.893069,-6.193069,-8.083069,-7.043069,-5.193069,-4.733069,-0.5430688,1.3369311,-0.37306884,1.1269312,-1.3430688,2.766931,-0.14306885,2.1369312,1.9069312,3.1569312,-1.0330689,0.28693116,-0.50306886,-3.3530688,-2.763069,-4.403069,0.10693115,-3.3830688,1.3069311
0.32693115,-0.22306885,-2.5730689,-3.1430688,-2.6830688,-2.8230689,-4.7830687,-4.253069,-4.363069,-4.963069,-5.333069,-4.063069,-5.773069,-6.173069,-5.9930687,-4.793069,-4.413069,-4.3230686,-5.413069,-6.9530687,-7.5730686,-0.78306884,-6.833069,-1.9830688,-1.1230688,0.036931153,0.58693117,1.6369312,0.7069312,2.6969311,2.6469312,0.25693116,1.5269312,-1.0530689,-1.4330689,1.9569311,1.7369312,-1.0930688,-0.5430688,0.29693115,1.5569311
1.8269311,0.21693115,-1.9630688,-1.1630689,-0.5530689,-2.5830688,-2.0830688,-3.8730688,-2.4430687,-1.9830688,-2.0630689,-2.8430688,-4.483069,-4.5530686,-4.753069,-5.673069,-4.2030687,-4.253069,-4.083069,-5.7230687,-6.853069,-3.043069,-0.42306885,-3.3530688,-3.233069,-3.3130689,-3.223069,-4.163069,-1.8530688,0.006931152,-2.3030689,-2.6530688,-1.8530688,1.6469312,0.97693115,-2.5530689,0.49693117,4.1769314,-0.033068847,1.0269312,1.4269311
3.3469312,3.1569312,0.43693116,-0.72306883,-0.9930689,0.026931152,0.29693115,0.5069311,-0.17306885,-1.3630688,-1.7330688,-1.8030689,-1.6030688,-2.8230689,-4.023069,-4.7230687,-5.2030687,-3.243069,-3.233069,-5.2230687,-3.983069,-3.9530687,-5.0130687,-5.153069,-3.0630689,-3.6530688,0.13693115,-1.9030689,-3.763069,-2.043069,-1.6430688,-0.093068846,2.4269311,4.076931,-1.1430688,-0.58306885,-0.47306883,0.09693115,0.9569312,1.5269312,-0.20306885
4.166931,2.8869312,4.766931,2.3469312,0.98693115,-1.2330688,0.6969311,1.6469312,1.5769311,0.38693115,-0.90306884,-1.1430688,-0.84306884,-0.9330689,-3.273069,-3.273069,-3.1130688,-4.523069,-5.623069,-6.4530687,-4.753069,-4.413069,-3.3730688,-3.8230689,-3.713069,-3.253069,-2.4430687,-0.15306884,-1.5230689,-1.8430688,-2.0930688,-1.3130689,-1.4530689,-1.9230689,2.0669312,0.20693116,1.9769311,0.9569312,-2.243069,-2.9330688,-4.5130687
2.2969313,5.106931,3.736931,3.3169312,2.4069312,1.8569312,-0.8030689,-0.47306883,3.5769312,4.496931,1.5369312,-0.89306885,-1.9130689,-0.35306886,-0.18306884,-1.3230689,-2.1030688,-3.6230688,-4.2030687,-3.783069,-4.4530687,-4.313069,-4.483069,-2.543069,-4.0530686,-4.693069,-3.6430688,-5.2230687,-4.043069,-2.8330688,-2.023069,-2.6730688,-2.6930687,-0.96306884,0.41693115,-1.8930688,-2.3130689,-0.20306885,0.21693115,-0.13306884,-2.3530688
2.5869312,1.5169312,3.456931,-1.6730689,4.116931,1.9569311,1.7569312,1.2569312,-0.41306886,-2.6330688,-0.5530689,-2.3730688,-2.713069,-2.4330688,-3.763069,0.39693114,-0.43306884,-1.7230688,-2.483069,-2.003069,-3.8330688,-4.853069,-1.4830688,-2.263069,-1.8230689,-0.7930688,-2.473069,-2.8430688,-2.3630688,-2.5630689,-3.9030688,-2.523069,-2.0930688,-3.963069,-0.64306885,-2.783069,1.6969311,2.4469311,-0.31306884,-0.48306885,-1.6430688
3.216931,1.5869311,1.0669311,-2.1430688,-0.78306884,-0.013068847,0.116931155,-1.1230688,0.77693117,-0.5430688,-0.5530689,-1.4630688,-2.3930688,-2.3230689,-2.0830688,-1.1230688,-1.7530688,-1.2030689,-1.6330688,-1.1630689,-1.9030689,-1.6430688,-1.3930688,-1.7930689,-1.7330688,-1.7830689,0.27693117,-0.25306883,0.17693116,-0.37306884,-1.5330689,-0.57306886,-0.62306887,-0.38306886,-1.0130688,-1.1030688,-3.3130689,1.2269311,-0.35306886,-2.0530689,-2.973069
4.4269314,3.5769312,1.9969312,1.4169312,0.84693116,0.42693114,-1.7930689,-0.30306885,1.9669311,1.2169311,-0.9930689,-1.0630689,-1.0330689,-1.0330689,-2.1730688,-0.78306884,-0.35306886,-1.2430688,-2.1730688,-2.5630689,-1.4330689,-1.0530689,-0.65306884,-0.87306887,-0.093068846,-2.263069,-0.10306885,0.71693116,0.61693114,-0.45306885,1.3969312,1.3869312,2.6169312,1.2569312,-0.19306885,-1.1530689,-0.053068846,-2.6930687,0.49693117,3.5469313,1.6169312
2.8769312,-0.38306886,0.59693116,-0.6830689,-1.4330689,-1.1530689,-1.6130688,-1.8230689,-2.6130688,-1.5230689,-0.9230688,-1.2630688,-2.003069,-0.94306886,-0.9830688,-0.89306885,-2.743069,-2.4530687,-2.1730688,-1.7430688,-2.1930687,-2.1830688,-0.37306884,-0.64306885,0.22693115,-0.07306885,0.006931152,0.77693117,1.6469312,1.6369312,0.12693115,1.2169311,2.8669312,2.6269312,2.236931,0.79693115,0.72693115,2.466931,1.7869312,1.3969312,0.41693115
-1.6530689,-2.3530688,-1.7530688,-1.6730689,-1.0130688,-1.4630688,-1.3530688,-1.4030689,-1.8030689,-1.6630689,-1.0030688,-1.6330688,-2.0630689,-1.9730688,-1.7330688,-2.523069,-2.3530688,-2.8330688,-2.6130688,-2.503069,-1.8230689,-2.033069,-1.2130688,0.7569311,1.6669312,0.85693115,1.3469311,0.37693116,1.2669312,1.6669312,1.2469312,1.8369311,1.5169312,2.766931,2.786931,2.4169312,1.8669312,1.3569312,1.4469311,1.2569312,0.5069311
-1.0230689,-1.0830688,-0.91306883,-1.3730688,-1.2830689,-0.88306886,-1.5030688,-1.7330688,-1.4730688,-1.2630688,-0.26306885,-0.57306886,-1.4030689,-2.023069,-2.3330688,-1.7530688,-1.2930689,-1.7530688,-1.6630689,-1.7030689,-1.1330688,-1.5930688,-1.5430689,-1.1130688,0.06693115,1.1869311,1.5369312,1.9369311,2.1969311,2.1869311,2.956931,2.526931,2.8269312,2.8569312,3.226931,3.3569312,2.6569312,1.2469312,1.4269311,0.97693115,0.72693115
-0.013068847,-0.7930688,-1.5030688,-1.6130688,-1.2430688,-1.6830689,-1.6230688,-1.8830688,-1.6630689,-1.2530688,0.28693116,0.33693114,-1.8030689,-1.4930688,-1.6930689,-1.8930688,-1.7730689,-1.3830688,-1.4030689,-1.0930688,-0.90306884,-0.57306886,-0.70306885,-2.6730688,-3.3730688,-1.8230689,0.59693116,2.266931,2.9369311,3.476931,4.156931,4.416931,3.8369312,3.736931,2.766931,2.5969312,2.276931,2.1869311,2.0469313,1.8769312,1.0469311
-0.56306887,-0.91306883,0.13693115,-0.053068846,0.43693116,-0.18306884,-1.2130688,-1.7630688,-1.3130689,-0.72306883,-0.44306886,0.15693115,0.74693114,-0.70306885,-2.0830688,-2.0630689,-2.4130688,-2.8430688,-2.783069,-2.8730688,-2.713069,-3.013069,-2.6330688,-2.033069,-1.5330689,-1.4930688,-2.3530688,-1.5430689,-0.6030688,1.2869312,2.8569312,4.5469313,4.266931,4.806931,4.496931,3.956931,3.8669312,2.746931,1.7169311,1.7169311,0.68693113
