wind_kz.json
{"header": {"discipline":0,"disciplineName":"Meteorological products","gribEdition":2,"gribLength":871,"center":7,"centerName":"US National Weather Service - NCEP(WMC)","subcenter":0,"refTime":"2023-09-24T18:00:00.000Z","significanceOfRT":1,"significanceOfRTName":"Start of forecast","productStatus":0,"productStatusName":"Operational products","productType":1,"productTypeName":"Forecast products","productDefinitionTemplate":0,"productDefinitionTemplateName":"Analysis/forecast at horizontal level/layer at a point in time","parameterCategory":0,"parameterCategoryName":"UnknownDiscipline_0_Category_0","parameterNumber":0,"parameterNumberName":"UnknownParameter_D0_C0_0","parameterUnit":"Unknown","genProcessType":2,"genProcessTypeName":"Forecast","forecastTime":0,"surface1Type":1,"surface1TypeName":"Ground or water surface","surface1Value":0.0,"surface2Type":255,"surface2TypeName":"Missing","surface2Value":0.0,"gridDefinitionTemplate":0,"gridDefinitionTemplateName":"Latitude_Longitude","numberPoints":615,"shape":6,"shapeName":"Earth spherical with radius of 6,371,229.0 m","gridUnits":"degrees","resolution":48,"winds":"true","scanMode":64,"nx":41,"ny":15,"basicAngle":0,"lo1":47.0,"la1":41.0,"lo2":87.0,"la2":55.0,"dx":1.0,"dy":1.0}, "data":
[rows 0 to 14 of 15, columns 0 to 40 of 41]
291.48257,282.38257,287.28256,294.28256,294.38257,293.48257,294.58258,295.28256,292.98257,293.48257,292.08258,292.38257,291.78256,291.78256,292.18256,290.88257,292.28256,292.28256,289.78256,291.58258,291.68256,288.18256,285.78256,282.68256,285.78256,286.38257,284.88257,270.88257,268.68256,269.68256,271.18256,273.78256,282.48257,287.88257,288.38257,288.08258,287.98257,287.38257,287.38257,287.38257,286.68256
274.48257,285.98257,293.88257,294.28256,294.28256,292.88257,294.08258,292.38257,291.58258,291.98257,292.28256,290.58258,290.48257,290.38257,290.28256,290.78256,291.88257,291.98257,290.18256,288.08258,289.68256,290.88257,287.48257,281.08258,273.38257,272.78256,280.08258,270.58258,274.18256,265.98257,273.38257,258.68256,274.98257,253.48257,272.48257,284.28256,283.28256,285.38257,288.08258,281.98257,283.88257
289.18256,293.68256,294.18256,293.48257,291.78256,292.68256,292.28256,291.98257,290.88257,289.88257,289.18256,289.98257,289.08258,290.88257,292.48257,289.78256,288.28256,287.38257,288.28256,288.48257,290.48257,290.38257,289.68256,283.38257,286.38257,284.58258,285.38257,283.68256,283.18256,275.78256,268.28256,270.18256,275.38257,274.98257,276.58258,276.08258,273.38257,274.68256,271.98257,267.98257,266.68256
292.38257,293.08258,293.88257,292.78256,291.98257,292.18256,293.28256,291.88257,291.38257,291.08258,289.98257,289.68256,291.98257,291.38257,292.68256,290.88257,290.08258,287.38257,289.18256,288.08258,289.98257,283.58258,287.78256,287.48257,286.88257,287.28256,287.18256,284.48257,282.38257,283.18256,283.18256,280.58258,285.48257,285.98257,284.38257,277.08258,269.68256,266.38257,271.78256,278.78256,281.68256
292.18256,292.78256,293.18256,292.48257,292.38257,293.48257,294.38257,293.18256,292.18256,291.88257,291.08258,289.78256,290.88257,289.78256,288.28256,290.18256,289.58258,288.68256,287.28256,289.38257,289.48257,289.48257,287.98257,287.08258,286.18256,285.88257,283.88257,285.78256,283.48257,283.58258,285.58258,281.68256,271.28256,257.68256,275.08258,283.08258,287.18256,287.38257,285.58258,284.78256,284.58258
291.48257,288.98257,291.78256,292.58258,292.58258,292.48257,293.58258,294.68256,294.28256,293.48257,291.98257,290.48257,290.48257,290.78256,289.88257,288.78256,290.48257,288.88257,289.58258,289.28256,288.28256,287.38257,286.88257,286.58258,285.48257,282.88257,283.88257,289.18256,285.18256,285.18256,282.68256,284.48257,281.58258,279.88257,277.98257,284.08258,272.28256,273.78256,280.78256,283.28256,282.88257
289.88257,289.08258,293.28256,293.28256,292.18256,292.48257,293.58258,294.28256,292.98257,292.58258,290.08258,289.68256,288.58258,288.38257,288.48257,289.68256,289.58258,290.08258,288.78256,287.78256,287.08258,286.88257,287.18256,286.78256,285.18256,284.98257,283.78256,285.08258,286.78256,285.78256,285.38257,282.28256,282.58258,282.28256,279.98257,278.28256,272.78256,267.78256,265.78256,264.68256,280.18256
290.38257,290.48257,292.88257,295.68256,295.08258,295.28256,295.68256,295.08258,293.98257,291.48257,289.98257,288.98257,287.68256,287.68256,288.18256,288.58258,288.58258,289.28256,288.48257,285.88257,285.48257,285.28256,284.88257,284.58258,283.28256,280.48257,280.48257,280.98257,281.68256,283.38257,281.88257,282.08258,280.98257,274.98257,274.28256,276.28256,277.88257,287.58258,277.98257,278.38257,275.38257
290.28256,291.68256,292.78256,293.18256,296.48257,293.58258,295.38257,295.08258,294.08258,293.88257,289.18256,288.58258,287.18256,287.58258,287.08258,287.78256,287.48257,286.68256,286.28256,285.28256,283.38257,282.98257,283.28256,283.28256,280.88257,281.48257,280.78256,280.28256,279.68256,278.28256,278.98257,279.28256,280.18256,278.38257,276.78256,274.78256,273.18256,272.68256,266.48257,263.68256,261.38257
290.48257,291.68256,292.28256,292.18256,293.08258,295.78256,294.98257,294.38257,290.38257,293.18256,291.98257,289.18256,288.18256,287.08258,286.68256,286.78256,286.28256,284.88257,285.28256,285.38257,284.18256,283.68256,284.28256,284.08258,282.88257,284.88257,283.78256,282.58258,281.18256,280.18256,279.98257,280.98257,281.88257,281.18256,278.58258,276.28256,271.68256,271.18256,267.88257,264.68256,266.88257
289.38257,288.08258,290.68256,291.28256,291.08258,291.68256,294.48257,291.48257,292.88257,291.88257,290.48257,289.68256,287.98257,287.48257,286.58258,285.98257,285.88257,286.58258,285.78256,285.18256,285.08258,284.38257,286.38257,286.78256,285.98257,285.48257,283.48257,283.68256,283.08258,283.18256,282.58258,283.28256,282.68256,282.38257,281.58258,276.98257,270.38257,267.38257,268.98257,268.98257,263.78256
285.88257,287.28256,288.98257,289.58258,289.48257,290.08258,288.88257,288.48257,288.28256,286.88257,284.88257,289.18256,286.78256,286.88257,289.88257,289.68256,286.68256,286.38257,286.08258,286.38257,286.58258,286.38257,285.98257,285.98257,284.38257,285.48257,284.78256,282.68256,283.78256,282.98257,281.88257,282.38257,282.58258,281.18256,280.68256,279.98257,277.68256,276.08258,275.88257,275.78256,274.58258
286.08258,286.28256,287.58258,288.58258,289.28256,289.38257,287.78256,288.18256,286.68256,285.88257,284.68256,286.98257,289.88257,288.48257,289.18256,285.88257,285.98257,285.78256,286.68256,286.48257,285.18256,283.18256,282.18256,282.98257,284.98257,284.48257,285.28256,283.48257,282.78256,281.58258,281.98257,281.78256,282.08258,281.28256,280.68256,279.08258,278.28256,277.28256,276.58258,276.68256,274.48257
285.68256,287.48257,287.38257,288.38257,287.08258,286.88257,287.48257,287.98257,290.88257,286.08258,284.08258,281.58258,282.78256,284.28256,284.98257,285.78256,285.98257,285.38257,285.48257,285.48257,284.98257,286.68256,287.18256,286.58258,286.48257,286.28256,284.38257,281.98257,281.58258,281.38257,281.28256,278.88257,279.48257,278.48257,279.08258,277.18256,277.58258,277.28256,276.68256,273.28256,274.48257
286.08258,288.08258,286.88257,287.78256,287.38257,286.48257,288.38257,287.18256,287.98257,286.18256,285.28256,282.98257,283.28256,283.68256,284.88257,285.48257,285.28256,285.18256,285.08258,285.68256,285.68256,285.48257,284.78256,284.08258,286.58258,285.68256,282.48257,281.08258,280.98257,280.58258,280.28256,280.98257,278.08258,278.48257,277.68256,277.68256,277.98257,276.38257,276.68256,274.58258,276.18256
