wind.json
{"header": {"discipline":0,"disciplineName":"Meteorological products","gribEdition":2,"gribLength":1125,"center":7,"centerName":"US National Weather Service - NCEP(WMC)","subcenter":0,"refTime":"2023-06-29T06:00:00.000Z","significanceOfRT":1,"significanceOfRTName":"Start of forecast","productStatus":0,"productStatusName":"Operational products","productType":1,"productTypeName":"Forecast products","productDefinitionTemplate":0,"productDefinitionTemplateName":"Analysis/forecast at horizontal level/layer at a point in time","parameterCategory":2,"parameterCategoryName":"UnknownDiscipline_0_Category_2","parameterNumber":3,"parameterNumberName":"UnknownParameter_D0_C2_3","parameterUnit":"Unknown","genProcessType":2,"genProcessTypeName":"Forecast","forecastTime":120,"surface1Type":103,"surface1TypeName":"Specified height level above ground","surface1Value":10.0,"surface2Type":255,"surface2TypeName":"Missing","surface2Value":0.0,"gridDefinitionTemplate":0,"gridDefinitionTemplateName":"Latitude_Longitude","numberPoints":688,"shape":6,"shapeName":"Earth spherical with radius of 6,371,229.0 m","gridUnits":"degrees","resolution":48,"winds":"true","scanMode":64,"nx":43,"ny":16,"basicAngle":0,"lo1":45.0,"la1":40.0,"lo2":87.0,"la2":55.0,"dx":1.0,"dy":1.0}, "data":
[rows 0 to 15 of 16, columns 0 to 42 of 43]
0.29189453,-0.35810548,-0.13810547,0.94189453,-0.19810547,-5.6081057,-6.8681054,-2.5481055,4.1018944,1.3718945,1.5718945,0.56189454,-0.08810547,-1.3381054,-2.4981055,-3.5081055,-4.7881055,-6.3281054,-8.068106,-6.6081057,-7.1281056,-3.1281054,-3.4681056,-4.1181054,-2.8681054,-2.1881056,-4.1081057,-4.5281053,-4.1581054,0.25189453,1.3518945,1.8418945,1.2718946,1.6418946,3.1918945,-0.6681055,-6.7581053,-8.798105,-3.4481056,-0.9781055,1.1118945,-0.08810547,-0.63810545
-1.1581055,-0.35810548,2.2618945,2.4718945,-1.7381054,-3.7781055,-4.9981055,-3.7581055,1.4518945,0.13189453,0.60189456,-0.95810544,-0.6181055,-2.1381054,-3.0081055,-4.3681054,-4.6781054,-5.5581055,-5.8381057,-6.8281054,-5.2981052,-3.7681055,-4.3481054,-5.1781054,-0.70810544,-0.03810547,3.4518945,3.3018944,1.4218946,0.66189456,-2.6481054,-3.6581054,-1.7281054,0.79189456,-1.1881055,0.7818945,3.5218945,-0.45810547,-8.388105,-2.4981055,-0.39810547,-0.40810546,1.1918945
0.34189454,2.6218946,-1.0481055,-1.3481054,-0.56810546,-3.2481055,-2.9281054,-1.6981055,0.92189455,0.43189454,-1.7681055,-3.2481055,-3.8581054,-1.3981055,-2.0281055,-2.6381054,-5.7581053,-7.0481052,-5.5381055,-4.9881053,-3.4381056,-3.9881055,-3.8381054,-3.4881055,-3.4681056,-1.1481055,2.7518945,4.0118947,3.6718946,2.1818945,-0.82810545,1.6718946,-2.4481056,-2.2681055,0.021894531,-2.2681055,0.93189454,-2.3481054,-7.5681057,1.2318945,-0.13810547,1.6518946,-0.28810546
-2.2981055,-2.2181056,-1.6081054,2.4418945,-0.6081055,-3.1281054,-2.9881055,1.0818945,0.30189455,-1.6481055,-2.8781054,-4.4381056,-3.9481056,-4.2881055,-4.7581053,-4.9481053,-5.3981056,-5.7081056,-5.3681054,-5.0181055,-5.4681053,-3.3581054,-1.4381055,-3.3781054,-0.6781055,1.0818945,-4.6481056,-3.9981055,-3.1881056,-2.9681056,-1.2381054,-1.0681055,-3.1081054,-0.63810545,-1.0681055,-3.6381054,2.6718946,-0.6181055,-2.9181054,2.7518945,-2.5481055,-3.0081055,0.48189452
0.08189453,0.6318945,2.0618944,1.7618946,-1.0881054,-2.2681055,-1.5781054,-2.5181055,-3.3181055,-2.6181054,-3.0181055,-2.9281054,-2.5481055,-4.2081056,-4.3081055,-4.6381054,-7.0481052,-5.9581056,-4.8381057,-6.0081053,-5.7281055,-2.4381056,-1.3681054,-0.32810548,-3.1581054,0.45189452,1.2018945,0.7618945,0.14189453,-0.40810546,-1.8981055,-2.6281054,-0.16810547,2.2518945,1.2418945,-0.02810547,0.8318945,1.7218945,2.4918945,1.2318945,-2.9081054,-1.9881054,-6.0681057
2.1018946,1.1718946,1.3418945,0.74189454,-0.76810545,-1.2081054,-1.7781055,-0.94810545,-1.3781055,-1.4581054,-2.3081055,-3.0181055,-2.5881054,-5.1581054,-3.1381054,-3.9081054,-4.1181054,-4.4681053,-6.3481054,-5.4481053,-4.4381056,-3.0381055,-0.7881055,-1.6481055,-2.4281054,0.30189455,1.7018945,2.3918946,2.3518946,-0.6581055,1.5518945,0.56189454,1.3818946,-1.5181055,-1.6281055,-2.1881056,0.29189453,-2.2081056,-9.808105,-5.2881055,-2.0681055,-1.3681054,-4.7381053
-1.0381055,-1.7981055,1.0018945,-0.6081055,1.6318946,1.1818945,0.10189453,1.8418945,0.44189453,-1.0081055,-1.3181055,-3.1681054,-1.9681054,-6.1281056,-6.0281053,-2.4681056,-4.4281054,-6.0181055,-6.7581053,-5.6081057,-4.1981053,-2.8581054,-0.7381055,-0.09810547,-1.3381054,-0.49810547,2.1218946,2.8518946,3.1118946,4.4318943,-1.3981055,2.1918945,1.7118945,1.1718946,0.39189452,-0.18810546,1.8818946,-0.15810546,-1.9781054,-6.3381057,-4.2781053,0.20189454,0.7018945
-3.2981055,-2.2681055,-3.0181055,-2.8481054,-2.5881054,-2.2881055,-3.9581056,-1.6781055,-1.3681054,-2.2681055,-1.2481055,-0.23810548,-3.8581054,-5.7681055,-6.4481053,-6.8481054,-7.2481055,-7.1881056,-7.4081054,-7.3681054,-5.0381055,-2.2681055,-2.0081055,-0.6581055,-0.88810545,-1.8981055,1.2218945,3.8718946,2.5918946,2.6318946,6.0818944,5.4318943,3.0918946,4.5418944,5.9818945,1.3718945,-0.108105466,0.79189456,2.5918946,-3.4181054,-5.4281054,0.81189454,-4.3681054
-3.4481056,-2.4781055,-1.9381055,-2.0781054,-3.1181054,-3.7581055,-3.0281055,-4.2681055,-4.6981053,-3.3181055,-2.1681054,-2.4581056,-4.2281055,-6.2081056,-6.4581056,-6.1681056,-6.6681056,-7.2381053,-8.298105,-7.6081057,-4.5981054,-2.2381055,-3.1281054,-2.6581054,-0.55810547,3.6618946,1.8218945,5.3518944,3.9918945,4.5418944,4.8118944,5.7418947,2.6118946,1.1818945,1.7218945,2.0718946,-1.7881055,-3.9781055,-5.2681055,-1.2681055,0.56189454,2.1218946,-0.62810546
-3.2281055,-2.7581055,-2.8981054,-3.1181054,-3.0981054,-2.7181056,-3.0381055,-2.4981055,-3.0381055,-2.5181055,-3.2881055,-2.7681055,-3.6481054,-5.5181055,-6.2881055,-6.7481055,-6.7381053,-7.9181056,-8.468105,-9.088105,-7.5381055,-4.7481055,-3.2581055,-3.1481054,-3.0781054,0.15189452,5.1118946,6.0918946,3.7918944,5.2718945,5.9618945,4.4018946,4.5118947,-2.4381056,-2.9181054,-3.8981054,-3.8881054,-4.2181053,-4.5481052,-2.8881054,-2.8981054,-1.7281054,3.0918946
-3.7181056,-4.3581057,-4.2381053,-3.8681054,-3.6081054,-2.9781055,-3.4781055,-3.0581055,-2.1581054,-2.5981054,-3.0781054,-3.1181054,-3.4081054,-4.7081056,-4.9381056,-5.5281053,-5.3181057,-5.9581056,-8.418105,-9.688106,-9.328106,-6.9881053,-2.5981054,-1.5281055,-0.25810546,1.3118945,1.4718945,1.2018945,1.5118946,1.1318946,1.7418945,0.08189453,0.49189454,-2.8781054,-3.9581056,-5.4081054,-3.7581055,-1.1581055,0.14189453,2.3818946,-0.01810547,-2.5981054,-2.9281054
-2.5881054,-3.6181054,-4.4181056,-5.2481055,-5.0181055,-3.2881055,-2.2681055,-2.4781055,-2.7781055,-3.6481054,-1.5881054,-2.2681055,-3.1481054,-3.1581054,-4.8781056,-2.8381054,-5.3281054,-7.0181055,-7.5981054,-8.068106,-8.698106,-6.3681054,-4.4281054,-3.0281055,-1.5881054,-1.6581055,1.1918945,2.6118946,2.4318945,0.92189455,0.20189454,-0.44810545,-1.3981055,-2.6681054,-3.4181054,-4.7481055,-5.9181056,-3.4981055,-1.7181054,-1.4281055,-1.1381055,-1.5181055,-2.1681054
-1.1881055,-1.9081055,-3.9981055,-4.9781055,-5.1281056,-4.5881057,-3.1381054,-2.2481055,-2.0281055,-1.7381054,-0.64810544,-1.1181054,-2.5181055,-2.9881055,-2.9681056,-3.7381055,-4.2581053,-6.3381057,-7.2181053,-5.5281053,-4.4981055,-4.8281054,-2.8281054,-1.9981055,-0.45810547,0.021894531,0.0018945313,0.20189454,0.49189454,0.37189454,-0.5381055,-1.3781055,-2.0381055,-2.7381055,-2.5981054,-4.3381057,-4.2781053,-5.1281056,-5.5181055,-3.6081054,-2.2681055,-3.2181056,-2.2181056
-1.7981055,-1.6881055,-2.3081055,-3.9881055,-4.4381056,-3.7781055,-3.5681055,-2.0681055,-1.5681055,-1.1981055,-0.48810548,0.67189455,-0.36810547,-1.3881055,-1.4881054,-2.9581056,-4.2281055,-5.9281054,-6.1981053,-3.7881055,-2.8681054,-1.2981055,-1.1881055,0.33189452,1.1718946,0.99189454,1.8118945,0.94189453,0.91189456,-0.55810547,-1.2981055,-1.4581054,-2.2281055,-1.6881055,-1.4881054,-1.5981054,-2.9181054,-3.1781054,-2.7981055,-2.2681055,-2.7781055,-1.7481055,-1.4581054
-0.7381055,-0.06810547,-1.7581055,-2.3181055,-3.3281054,-2.9781055,-3.9881055,-3.3281054,-2.0081055,-1.0581055,0.8918945,2.9818945,1.3118945,0.40189454,1.1518946,-1.5781054,-3.3781054,-4.7581053,-5.4481053,-4.7281055,-1.5981054,0.5118945,1.7318945,1.4318945,1.2418945,1.5618945,2.6218946,1.7518945,0.8918945,-0.46810547,-1.4381055,-2.4381056,-2.4581056,-2.3281054,-2.7381055,-2.7681055,-3.0381055,-3.2481055,-1.9181055,-2.1281054,-3.5281055,-2.8181055,-1.7681055
0.05189453,-0.17810547,0.37189454,-1.1581055,-2.1181054,-2.6181054,-3.2581055,-2.5181055,-1.9881054,0.47189453,2.2318945,2.1518946,2.2318945,1.4718945,-0.09810547,0.061894532,-2.1381054,-3.8481054,-4.1081057,-3.6781054,-3.0181055,1.9318945,3.4218946,3.5318944,2.8418946,3.5418944,3.0418944,2.1018946,1.5518945,0.27189454,-0.01810547,-0.15810546,-0.25810546,-1.4981055,-1.8581054,-2.2581055,-2.5581055,-3.1881056,-2.4881055,-1.2381054,-1.1081054,-1.8181055,-1.9981055
