wind_kz.json
{"header": {"discipline":0,"disciplineName":"Meteorological products","gribEdition":2,"gribLength":1025,"center":7,"centerName":"US National Weather Service - NCEP(WMC)","subcenter":0,"refTime":"2023-09-22T00:00:00.000Z","significanceOfRT":1,"significanceOfRTName":"Start of forecast","productStatus":0,"productStatusName":"Operational products","productType":1,"productTypeName":"Forecast products","productDefinitionTemplate":0,"productDefinitionTemplateName":"Analysis/forecast at horizontal level/layer at a point in time","parameterCategory":2,"parameterCategoryName":"UnknownDiscipline_0_Category_2","parameterNumber":3,"parameterNumberName":"UnknownParameter_D0_C2_3","parameterUnit":"Unknown","genProcessType":2,"genProcessTypeName":"Forecast","forecastTime":120,"surface1Type":103,"surface1TypeName":"Specified height level above ground","surface1Value":10.0,"surface2Type":255,"surface2TypeName":"Missing","surface2Value":0.0,"gridDefinitionTemplate":0,"gridDefinitionTemplateName":"Latitude_Longitude","numberPoints":615,"shape":6,"shapeName":"Earth spherical with radius of 6,371,229.0 m","gridUnits":"degrees","resolution":48,"winds":"true","scanMode":64,"nx":41,"ny":15,"basicAngle":0,"lo1":47.0,"la1":41.0,"lo2":87.0,"la2":55.0,"dx":1.0,"dy":1.0}, "data":
[rows 0 to 14 of 15, columns 0 to 40 of 41]
-0.36172852,-2.3917284,1.5382714,-3.0417285,-4.1917286,-3.0617285,-1.2317286,-0.19172852,-2.3717284,-2.9617286,-3.9617286,-3.5617285,-3.2917285,-3.1817286,-3.4517286,-2.2317286,-1.1617285,-0.4317285,-1.3917285,-0.8017285,-0.88172853,-0.041728515,-0.6117285,-0.4017285,-1.0717285,-0.93172854,-0.7617285,0.9482715,2.9182715,4.0582714,1.0882715,1.0182714,0.12827149,-0.14172852,-0.6517285,-1.0217285,0.3482715,2.5282714,2.5782714,2.0882714,1.8282715
1.9782715,1.5382714,0.7082715,-2.8417284,-2.5817285,-1.0917286,-2.0417285,-0.6517285,-2.4517286,-3.3917284,-3.7417285,-3.2917285,-3.4217286,-3.2217286,-2.4617286,-2.4817286,0.7182715,-1.1517285,-2.1917286,-2.9217286,-1.3017285,-2.1317284,0.86827147,0.7282715,-0.3117285,-0.7117285,-1.8617285,0.75827146,0.078271486,2.0182714,4.0582714,4.8982716,0.9682715,-1.0717285,0.6482715,-0.22172852,0.6682715,-0.5117285,1.3882715,0.7882715,0.38827148
2.4782715,2.4882715,-0.15172851,-1.3317285,-1.7017285,-0.29172853,-0.48172852,-1.9417285,-3.3317285,-4.7817287,-4.1617284,-3.7917285,-4.2217283,-4.2517285,-4.1617284,-3.1617286,-2.3817284,-2.6117284,-0.8617285,1.5882715,-1.2317286,-1.7617285,-2.3517284,-0.17172852,0.028271485,0.038271483,0.80827147,0.7182715,-0.23172851,1.3982714,3.8282714,1.9482715,2.0282714,-0.87172854,-0.4617285,3.4482715,5.2282715,1.2482715,0.81827146,0.38827148,0.018271483
-0.17172852,-0.38172853,-0.6617285,-0.8217285,-2.1217284,-1.5917286,-0.4417285,-1.3317285,-2.2717285,-3.4217286,-4.3217287,-5.5117283,-5.8717284,-5.8417287,-4.3717284,-4.0617285,-3.5717285,-3.5817285,-3.4317286,-3.1617286,0.028271485,-1.5917286,1.6582714,-0.5317285,-1.2717285,-1.7217286,-0.8017285,-1.1117285,0.8982715,-1.1517285,-0.87172854,-0.021728516,-1.3617285,-0.4617285,-0.2517285,-3.1217284,-1.1117285,2.7782714,0.9682715,0.17827149,-0.5317285
-1.1317285,-1.2317286,-1.0717285,-1.2117286,-1.0617285,-1.8017285,-1.3617285,-0.88172853,-1.6517285,-2.4217286,-3.2517285,-3.6517286,-5.5517287,-6.0117283,-5.6317286,-3.7317286,-3.5517285,-3.3217285,-2.8217285,-2.7017286,-1.5617285,-1.0917286,-1.7217286,-1.7117286,-2.1517286,-2.3117285,-2.0317285,-1.4417285,-1.5717285,-2.6817286,-2.2517285,0.088271484,1.9282715,2.0282714,0.038271483,-3.2217286,1.1682715,-1.7117286,-1.5617285,-1.0117285,0.22827148
-0.5417285,-0.9617285,-0.75172853,-1.8917285,-2.8017285,-2.4417286,-2.1217284,-1.7017285,-1.5017285,-1.6217285,-2.8017285,-3.4317286,-4.7917285,-5.6917286,-5.2017283,-4.1017284,-2.9017286,-2.4617286,-2.8017285,-2.0117285,-2.3817284,-0.6417285,-0.8417285,-1.4817286,-1.7217286,-2.2117286,-2.3717284,-1.2017285,-1.8517286,-2.5317285,-3.5517285,-2.7017286,-0.88172853,-1.3217285,1.9782715,10.7282715,2.2482715,4.6882715,-0.48172852,-2.1517286,-1.5617285
0.048271485,-0.8317285,-1.6617285,-1.7317286,-2.3417284,-1.9217285,-1.6417285,-1.6417285,-2.0317285,-2.3617284,-2.3717284,-2.2817285,-3.2817285,-3.6017284,-3.7117286,-3.9517286,-3.6117284,-1.8517286,-1.5817285,-1.8917285,-3.1717286,-2.7317286,-0.7117285,-0.94172853,-1.2817285,-1.8317285,-2.8917284,-2.5317285,-3.6517286,-3.1717286,-3.2117286,-4.0317287,-3.3317285,-2.1117284,-0.69172853,-0.8217285,-2.0717285,-2.8017285,1.2982715,0.4082715,1.8582715
0.028271485,-0.9717285,-1.6317285,-1.6617285,-1.7517285,-2.1417284,-1.7717285,-1.2117286,-0.20172852,-1.9317285,-2.5417285,-0.7317285,-2.6917286,-2.8817284,-3.5517285,-2.8417284,-3.1917286,-2.4817286,-2.2017286,-0.7017285,-2.9817286,-2.5317285,-3.1217284,-1.8817285,-1.5117285,0.5982715,0.9082715,-1.5317285,-1.9817286,-3.7117286,-3.2417285,-2.3917284,-1.7217286,-3.6317284,0.50827146,-0.45172852,0.22827148,0.9782715,-1.8517286,-0.08172852,-1.7017285
-0.6617285,-1.5117285,-1.6417285,-2.5917284,-2.7117286,-2.6017284,-3.1617286,-1.9417285,-2.7717285,-2.6917286,-2.5917284,-2.4917285,-0.9817285,-1.8217285,-2.2417285,-2.5217285,-0.7817285,-1.4917285,-1.5617285,-2.1717286,-0.27172852,-2.7017286,-2.2417285,-2.0417285,-1.4417285,-1.2317286,0.17827149,-0.2817285,-0.5717285,-0.50172853,-1.5717285,-2.1617286,-0.2817285,-0.2517285,1.1982715,1.3382715,-2.2817285,-0.08172852,1.1782715,0.5482715,-2.9317286
-1.2817285,-1.5817285,-2.0317285,-1.9217285,-3.1117284,-3.1917286,-2.7917285,-2.8017285,-1.3417286,-0.9717285,-3.8317285,-2.3817284,-2.8317285,0.3182715,0.7982715,-1.7217286,-0.26172853,-0.74172854,-0.63172853,-0.5417285,-0.6717285,-1.1317285,-2.5117285,-2.5817285,1.1382715,-0.24172851,-1.3817285,0.5882715,0.21827148,0.38827148,1.1082715,0.68827146,0.9482715,0.8582715,1.4882715,0.6482715,0.3782715,-1.4217285,-0.8417285,1.8682715,2.9282715
-1.0717285,-2.1317284,-2.8917284,-2.9617286,-3.1217284,-3.3817284,-2.4217286,-2.1917286,-3.1917286,-3.3317285,-2.0117285,-1.5717285,-3.5417285,-2.1017284,-2.7417285,-1.4317285,-2.0117285,-2.0017285,-0.051728517,-1.7017285,-1.1117285,0.7182715,-0.7817285,-0.7917285,-1.2217286,-1.3117285,-0.2817285,-0.5917285,0.7682715,1.2682714,2.0682714,1.8782715,1.0582715,0.24827148,-0.13172852,0.74827147,0.38827148,1.5482715,1.2982715,1.3282715,-0.12172852
-1.3617285,-2.1817286,-1.9917285,-2.5417285,-2.3717284,-2.5817285,-2.6717286,-3.1717286,-3.4917285,-3.0717285,-1.8917285,-2.7517285,-3.5617285,-2.9117286,-3.5917284,-3.4417286,-4.0117283,-2.7117286,0.45827147,-0.33172852,-0.3717285,-1.3417286,-0.69172853,-0.23172851,-0.45172852,-1.6117285,-0.8017285,-0.07172851,1.0682715,1.9582715,1.8682715,2.1082716,1.4382715,1.2182715,0.5982715,-0.35172853,0.3782715,1.9082714,1.7382715,1.7982715,0.6782715
-0.48172852,-1.4617286,-1.9317285,-1.1417285,-1.7517285,-1.6117285,-1.9117285,-2.4217286,-3.4017286,-2.0617285,-1.2717285,-1.0517285,-2.8017285,-3.2417285,-3.9817286,-3.6417284,-3.0617285,-2.9117286,-2.6017284,-0.7317285,-0.30172852,-0.5917285,-1.0617285,-0.6717285,-2.0717285,-2.1717286,-2.0217285,0.4082715,0.9082715,1.7882714,1.9282715,1.9982715,2.0082715,2.4382715,2.2582715,2.4682715,2.0682714,0.9182715,1.1982715,0.5482715,0.3182715
-0.50172853,-1.3317285,-1.6317285,-1.9417285,-1.4517285,-1.4217285,-1.9317285,-2.6317284,-2.1917286,-2.1817286,-0.94172853,-0.5517285,-1.0817285,-2.0017285,-2.8717284,-4.0717287,-3.2817285,-2.9817286,-1.5817285,-1.5017285,-1.9717286,-2.5817285,-2.9117286,-1.3317285,-2.0917284,-2.8317285,-2.6317284,-2.2117286,-1.6617285,-0.48172852,0.23827149,1.3282715,2.3182714,2.8082714,2.1882715,2.8182714,2.5082715,1.9082714,1.5782715,1.8082715,1.1282715
-0.6117285,-1.1717285,-1.0317285,-1.1817285,-1.5817285,-0.75172853,-0.87172854,-1.2217286,-1.1817285,-2.1917286,-1.1417285,0.06827149,0.23827149,-0.7817285,-2.6717286,-2.6517286,-2.9917285,-3.0917284,-2.5017285,-1.0517285,0.008271485,0.26827148,-0.4317285,-0.2817285,-2.0217285,-2.2217286,-2.3017285,-2.5117285,-2.8217285,-3.0217285,-3.5317285,-3.7717285,-0.8617285,1.7182715,2.6282716,2.8682716,4.0282717,4.0782714,3.1982715,4.7482715,1.3982714
