wind_kz.json
{"header": {"discipline":0,"disciplineName":"Meteorological products","gribEdition":2,"gribLength":1025,"center":7,"centerName":"US National Weather Service - NCEP(WMC)","subcenter":0,"refTime":"2023-08-06T06:00:00.000Z","significanceOfRT":1,"significanceOfRTName":"Start of forecast","productStatus":0,"productStatusName":"Operational products","productType":1,"productTypeName":"Forecast products","productDefinitionTemplate":0,"productDefinitionTemplateName":"Analysis/forecast at horizontal level/layer at a point in time","parameterCategory":2,"parameterCategoryName":"UnknownDiscipline_0_Category_2","parameterNumber":2,"parameterNumberName":"UnknownParameter_D0_C2_2","parameterUnit":"Unknown","genProcessType":2,"genProcessTypeName":"Forecast","forecastTime":300,"surface1Type":103,"surface1TypeName":"Specified height level above ground","surface1Value":10.0,"surface2Type":255,"surface2TypeName":"Missing","surface2Value":0.0,"gridDefinitionTemplate":0,"gridDefinitionTemplateName":"Latitude_Longitude","numberPoints":615,"shape":6,"shapeName":"Earth spherical with radius of 6,371,229.0 m","gridUnits":"degrees","resolution":48,"winds":"true","scanMode":64,"nx":41,"ny":15,"basicAngle":0,"lo1":47.0,"la1":41.0,"lo2":87.0,"la2":55.0,"dx":1.0,"dy":1.0}, "data":
[rows 0 to 14 of 15, columns 0 to 40 of 41]
-3.3186817,0.5113184,1.8313184,2.6013184,0.84131837,1.8813183,3.0513184,-0.41868165,4.4513183,-2.5386817,0.42131835,-2.2386816,1.6713184,-1.9786817,-2.3786817,-0.9786816,-3.1986816,-0.5986816,-4.5886817,-1.5886817,-0.83868164,0.60131836,-1.1686816,-0.51868165,2.2313185,-3.1786816,-2.6686816,0.7613184,2.2413185,0.91131836,0.5113184,1.4213184,1.9213184,0.66131836,-1.8686817,-3.9786816,-1.6586816,-4.5486817,-3.8386817,-2.9586816,-2.5486817
1.6313183,1.7313184,3.1413183,2.5413184,2.0213184,1.9013183,1.8313184,-1.6586816,-0.74868166,-0.9286816,-2.2286816,-6.158682,-4.7486815,-4.678682,-2.4486816,3.5813184,-1.0086817,-1.7786816,-2.0786817,-3.5886817,-1.1886816,0.87131834,-0.31868163,-2.1686816,0.84131837,-0.04868164,-1.8886817,0.91131836,-4.3286815,-1.6586816,0.62131834,-0.31868163,0.10131836,-2.2586815,0.19131836,0.02131836,-0.44868165,0.9613184,-0.40868163,1.8413184,-1.3286816
-1.5586816,1.3113184,-1.6086817,0.32131836,1.9013183,2.3413184,2.2613184,1.8213184,1.8413184,3.3213184,0.07131836,-3.8786817,-3.8386817,-3.4186816,-3.2086816,-1.5186816,-3.0386817,1.6613183,-1.4886817,-3.4686816,-1.6686816,2.3113184,0.0113183595,-1.4086816,0.39131835,0.48131835,1.0013183,0.8913184,-3.3686817,-0.47868165,-0.49868163,1.8313184,-1.4186816,0.59131837,2.1813183,0.53131837,-0.16868164,1.1413183,2.8913183,2.7313185,1.4913183
-1.3786817,-0.93868166,-0.5386816,0.30131835,0.14131837,0.78131837,2.0513184,1.0813184,-1.3086816,-2.2486815,-3.3986816,-2.9386816,-3.5986817,-3.0586817,-2.5586817,1.1113183,2.4813185,2.4213183,-1.5086817,-2.6886816,-3.4086816,0.04131836,3.4013183,-1.7486817,-2.1486816,-3.2786818,-3.4886816,-6.1186814,-0.17868164,-1.7386817,-0.86868167,-1.2486817,2.3113184,5.1213183,-2.7986817,-0.83868164,-1.5986817,2.2413185,0.37131837,-1.6686816,-1.6386817
-0.75868165,2.2013183,3.7113183,2.6213183,2.7113183,1.9713184,2.8013184,2.6113183,0.48131835,-0.48868164,-1.4286816,-1.0786816,-2.9986815,0.09131836,2.3813183,1.3113184,2.3713183,3.2113183,3.1313183,3.4213183,0.5113184,0.41131836,1.5113183,1.5113183,-2.7386816,-4.1486816,-4.1186814,-2.1786816,-2.5686817,-2.9086816,-2.0186815,-0.008681641,-1.6086817,1.8813183,0.66131836,1.5413184,-0.34868163,-3.0286818,-3.5486817,-4.3186817,-3.9486816
1.5113183,0.8913184,2.5513184,3.7113183,5.9113183,6.5413184,5.5413184,4.6713185,3.4613183,3.6013184,4.011318,3.6313183,2.8513184,2.9413183,1.4513184,2.3613183,4.551318,4.6013184,5.4713182,3.0513184,5.6813183,0.24131836,0.8913184,1.8813183,-0.7386816,-1.8786817,-2.0986817,-4.3286815,-0.68868166,-0.42868164,1.1313183,1.2813183,1.2013184,-1.0386816,-0.14868164,-0.23868164,0.37131837,0.38131836,-1.2786816,-3.6686816,-3.7886817
0.81131834,-1.6286817,1.1313183,0.17131835,1.9413184,2.8613183,3.6213183,3.3513184,3.4513183,4.1413183,5.741318,4.6513186,5.4113183,4.8713183,3.3713183,4.3613186,1.2813183,-1.1586816,-0.23868164,0.19131836,1.0913184,2.9513183,1.2113184,1.9613184,1.4513184,0.9513184,-0.34868163,0.39131835,1.8413184,2.1113183,1.1013184,-1.6586816,-1.2586817,-1.0286816,-2.4986815,-2.2686815,-1.3586817,2.1613183,-2.9286816,2.9713182,2.8113184
0.86131835,1.3713183,2.6213183,2.0013185,2.3813183,0.99131835,3.2313185,1.8213184,1.1213183,1.7213184,3.0913184,3.6213183,4.0213184,3.8013184,3.5313184,1.7813183,-0.24868163,-1.4686817,-1.9386816,-0.9886816,1.9913183,2.7613184,1.8613183,2.7013183,1.2513183,0.63131833,0.85131836,0.54131836,2.3213184,2.4913185,1.1913184,-1.8386817,-4.0986814,-0.83868164,-2.8286817,-0.51868165,0.7713184,2.7813184,0.43131837,2.9813185,0.41131836
2.6513183,4.1613183,1.5713184,1.7813183,3.4713182,3.3813183,1.8713183,1.3913183,2.9813185,2.1213183,1.5513184,0.15131836,0.31131837,-0.5386816,0.6513184,-1.2586817,-1.2686816,-1.5886817,-2.0286818,-1.6086817,0.5113184,1.2413183,3.6013184,2.0913184,3.7213182,0.5213184,0.10131836,-0.38868165,1.1813184,0.5113184,0.44131836,-1.4286816,-0.7386816,-1.9186816,-1.4686817,-0.94868165,0.37131837,-2.6686816,-0.9886816,0.38131836,-1.2886816
2.4113183,3.0713184,2.6213183,1.8113184,3.6313183,1.1413183,2.2013183,3.9213183,4.2913184,3.3013184,1.6613183,2.5413184,3.6313183,3.8813183,2.9013183,2.6813183,2.2813184,0.09131836,-0.19868164,0.79131836,2.2613184,3.5513184,3.5413184,3.9013183,5.8913183,4.1913185,0.11131836,0.49131835,0.94131833,0.98131835,1.4513184,-0.7386816,-1.1286817,-2.7586815,-1.7186817,-0.88868165,-2.0086815,0.11131836,-2.5986817,-0.64868164,-0.46868163
2.5813184,1.4113183,1.4913183,2.7113183,1.8913183,0.8313184,1.0413184,1.7513183,2.1013184,2.2313185,2.6713183,2.7713184,3.2113183,3.1113183,0.18131836,2.4813185,2.6513183,2.8613183,4.0013185,4.341318,5.1913185,5.6313186,5.801318,4.6313186,4.011318,4.5413184,2.2013183,2.0613184,0.68131834,2.7813184,0.78131837,-1.5086817,-2.2486815,-0.6086816,-0.22868164,-1.8286816,-1.6386817,-0.45868164,-0.99868166,1.1013184,-1.3586817
1.9513184,3.3013184,2.1013184,1.1413183,0.39131835,0.43131837,1.8813183,1.2513183,3.0013185,0.60131836,0.55131835,3.1613183,3.5413184,3.7813184,3.5513184,3.1313183,4.3313184,1.3213184,1.2813183,3.3513184,5.5013185,7.4313183,7.7313185,6.8913183,6.3613186,6.4413185,3.4813185,1.8213184,0.67131835,3.7313185,-0.68868166,-1.6386817,-0.52868164,-2.5186815,-1.9786817,0.56131834,-0.49868163,-0.93868166,-0.38868165,-0.71868163,-0.74868166
3.0713184,3.2613184,0.23131835,1.7013184,1.6513183,2.3113184,2.4313183,2.8413184,-0.14868164,0.42131835,0.8313184,2.3013184,3.4613183,2.6713183,1.8813183,-2.9686816,-0.19868164,0.9513184,3.6613183,5.241318,7.5213184,8.501318,7.8813186,7.6213183,5.781318,5.1313186,3.3813183,3.2413185,-2.1286817,3.6413183,-0.07868164,-2.3086817,-2.8086817,-1.8286816,-1.5086817,-1.6186817,0.25131837,-0.50868165,-1.2786816,-1.3486817,-1.4886817
1.0213183,0.84131837,1.4413184,2.8113184,3.5813184,2.3313184,1.4513184,1.5313183,1.2113184,2.1713183,-0.05868164,1.0813184,0.39131835,-0.40868163,-0.56868166,-0.05868164,0.40131837,1.1913184,2.9413183,4.3513184,4.761318,5.1013184,4.0213184,3.8113184,3.8213184,1.6013184,0.39131835,-0.21868163,-0.20868164,-2.8186817,-4.0886817,-4.9586816,-4.1186814,-3.8186817,-2.2786818,-2.8086817,-1.9686817,-0.69868165,-2.4686816,-0.41868165,-1.5786816
0.98131835,1.1413183,0.72131836,0.9013184,0.7713184,1.2413183,2.1513183,2.0513184,0.25131837,-0.9286816,-0.31868163,0.9513184,1.2413183,-0.20868164,-1.2586817,-0.01868164,1.0913184,2.3613183,2.4913185,2.8613183,2.6113183,2.8113184,1.3813183,-0.21868163,-0.24868163,-3.1786816,-2.7786818,-2.7986817,-5.3386817,-7.0186815,-6.2886815,-4.238682,-3.6086817,-3.8286817,-2.2286816,-1.2686816,-1.8686817,-1.6886816,-2.5886817,-1.9286816,-0.57868165
