wind_kz.json
{"header": {"discipline":0,"disciplineName":"Meteorological products","gribEdition":2,"gribLength":1025,"center":7,"centerName":"US National Weather Service - NCEP(WMC)","subcenter":0,"refTime":"2024-03-19T06:00:00.000Z","significanceOfRT":1,"significanceOfRTName":"Start of forecast","productStatus":0,"productStatusName":"Operational products","productType":1,"productTypeName":"Forecast products","productDefinitionTemplate":0,"productDefinitionTemplateName":"Analysis/forecast at horizontal level/layer at a point in time","parameterCategory":2,"parameterCategoryName":"UnknownDiscipline_0_Category_2","parameterNumber":3,"parameterNumberName":"UnknownParameter_D0_C2_3","parameterUnit":"Unknown","genProcessType":2,"genProcessTypeName":"Forecast","forecastTime":60,"surface1Type":103,"surface1TypeName":"Specified height level above ground","surface1Value":10.0,"surface2Type":255,"surface2TypeName":"Missing","surface2Value":0.0,"gridDefinitionTemplate":0,"gridDefinitionTemplateName":"Latitude_Longitude","numberPoints":615,"shape":6,"shapeName":"Earth spherical with radius of 6,371,229.0 m","gridUnits":"degrees","resolution":48,"winds":"true","scanMode":64,"nx":41,"ny":15,"basicAngle":0,"lo1":47.0,"la1":41.0,"lo2":87.0,"la2":55.0,"dx":1.0,"dy":1.0}, "data":
[rows 0 to 14 of 15, columns 0 to 40 of 41]
3.9885912,-1.3114086,0.7585913,-0.5414087,-1.2814087,-1.3114086,-1.3414087,-2.1214087,-1.6414087,-3.3614087,-3.4314086,-2.8514087,-2.5614088,-1.3814087,-0.3714087,-0.15140869,-0.0014086914,0.5785913,2.1285913,2.5685914,-2.3614087,-1.3914087,-2.0514088,1.3185914,0.008591308,3.2285912,-0.5514087,2.5485914,1.5385913,-2.1714087,-3.6314087,-4.1914086,-1.5114087,-4.911409,-7.641409,-7.4214087,-5.7114086,-2.4714086,-1.6514087,-0.011408691,2.0285914
5.5185914,1.9785913,2.4185913,0.018591309,-0.021408692,-0.5514087,-0.45140868,-1.0814087,-0.0014086914,0.2785913,0.1685913,-1.8214087,-1.6514087,-1.6314087,-1.4214087,-0.051408693,0.41859132,0.6785913,0.4985913,1.7785913,1.2485913,3.7685914,5.008591,4.1885915,4.8085914,4.5185914,0.58859134,3.0085914,1.4185913,3.1185913,4.1685915,2.4585912,-2.0814087,-4.161409,-5.161409,0.47859132,0.4885913,1.7885913,0.05859131,-2.0114088,2.2485914
1.2685913,3.5685914,2.0185914,-0.23140869,-0.9514087,-1.3614087,1.1185913,-1.7614087,-1.2914087,-1.7114087,-1.9714087,-0.4014087,-2.5214088,-2.9214087,-1.4914087,-1.0714087,0.1685913,-0.9814087,-0.72140867,0.2785913,0.65859133,2.1085913,5.1385913,8.138592,4.4285913,-0.6814087,-1.3114086,-0.7014087,-1.4514087,2.1285913,3.5885913,1.8385913,1.3385913,-2.0414088,-1.2414087,0.20859131,-2.3914087,-2.9814086,0.58859134,0.7285913,-0.6414087
1.2285913,0.7385913,-0.021408692,-1.0214087,-0.66140866,-1.8314087,-3.0414088,-1.6614087,-2.3314087,-2.6714087,-2.6514087,-1.6714087,-4.281409,-6.1014085,-3.5214088,-1.5614086,-0.6414087,-2.8314087,-3.8114088,-2.5914087,2.1585913,6.338591,0.9785913,8.898591,7.4285913,2.0085914,0.9285913,-0.42140868,0.5085913,1.9885913,-1.3714087,-1.5314087,-0.6114087,-0.5014087,0.58859134,-0.39140868,0.9185913,1.0085913,-0.4714087,0.2785913,-1.3814087
1.7385913,2.7885914,1.2385913,0.14859131,-1.0814087,-1.7314087,-2.1114087,-0.18140869,-1.2714087,-2.0514088,-1.6514087,-0.6314087,-4.681409,-6.411409,-5.9414086,-4.2714086,-3.4614086,-3.8514087,-5.4414086,-5.951409,-3.4914086,4.1885915,4.3285913,5.6385913,2.3685913,5.028591,6.318591,3.6785913,2.4085913,1.9385914,1.7385913,1.3585913,1.7385913,-0.9814087,-0.4614087,-0.2614087,-0.5114087,-0.5014087,1.3085914,0.07859131,-2.1114087
-2.1714087,0.71859133,2.7085912,0.20859131,-0.1614087,-1.4414086,-2.7314086,-1.5214087,-0.6014087,-2.3014088,-2.1914086,-3.1614087,-4.991409,-7.471409,-5.3614087,-5.3314085,-5.4814086,-6.1514087,-7.6214085,-6.9014087,-7.741409,-7.551409,2.6285913,3.1285913,2.1085913,-1.4214087,-2.0414088,-2.1814086,0.4885913,0.08859131,-2.3214087,-4.2114086,-3.0814087,-0.5414087,0.7285913,2.9985914,0.6885913,0.7585913,1.0185913,1.6685913,0.2885913
-2.1714087,-1.4314086,-1.0914087,2.0685914,0.65859133,0.17859131,0.04859131,-1.1214087,-2.3614087,-2.9414086,-3.1614087,-2.8114088,-4.391409,-5.7514086,-6.0414085,-7.0414085,-6.3214087,-6.1214085,-6.181409,-5.8214087,-8.041409,-7.7714086,-5.801409,-2.7314086,-0.7714087,-1.5514086,-3.8614087,-3.0714087,-4.1314087,-2.1914086,-3.3914087,-4.391409,-5.7114086,-4.4414086,-1.5514086,-1.1514087,-2.4514086,-1.2114087,0.2185913,1.0785913,-0.9814087
-1.9714087,-0.3814087,-1.0014087,-0.3814087,-2.4314086,-2.4014087,-2.1414087,-1.4814087,-1.1614087,-1.3914087,-2.3314087,-1.3614087,-4.391409,-4.971409,-5.9014087,-5.5814085,-5.9614086,-6.2114086,-5.971409,-4.991409,-6.7514086,-6.6714087,-6.8214087,-4.2914085,-2.8914087,-1.0614086,-1.0014087,-1.2714087,-3.3514087,-5.4414086,-5.431409,-4.0414085,-5.1314087,-6.4214087,-1.9714087,0.2885913,-0.8814087,0.23859131,-0.5214087,0.7285913,-0.9314087
-3.2514086,-3.2014086,-2.5714087,-2.2314086,-2.2614088,-1.9014087,-1.3014086,-0.5214087,-0.8714087,-1.2114087,-1.7114087,-2.5314088,-3.0214088,-3.8314087,-4.721409,-5.5614085,-5.031409,-5.2714086,-4.781409,-4.8214087,-2.6914086,-5.551409,-5.951409,-4.0414085,-2.7114086,-2.6514087,-1.0814087,-1.8414087,-0.78140867,-0.7414087,-2.0314088,-3.3314087,-2.3114088,-3.0014086,-1.3014086,-1.9014087,-2.7614088,-1.3914087,-2.3614087,-1.3014086,-2.9214087
-2.1514087,-2.3014088,-1.6114087,-1.5214087,-1.4614087,-1.8614087,-1.2014087,-0.97140867,-1.0314087,-0.2514087,-1.6314087,-1.6214087,-1.9614087,-2.6014087,-3.0414088,-3.8114088,-3.8114088,-3.8314087,-3.0614088,-2.7014086,-2.2714088,-2.5714087,-3.2614088,-3.3114088,-2.7314086,-1.6214087,-1.7014087,-0.9614087,-1.5714087,-2.0414088,-0.42140868,-1.5514086,-2.5814087,-1.5614086,-1.7314087,-0.6314087,-0.5114087,-2.9014087,0.8285913,2.9585912,3.1785913
-2.1214087,-1.5814087,-1.2514087,-1.4114087,-1.2214087,-1.6114087,-1.2814087,-0.4114087,-0.6914087,-0.9314087,-1.0314087,0.12859131,-1.1114087,-1.0014087,-2.5514088,-2.6814086,-3.0114088,-3.0514088,-2.2114086,-2.3014088,-1.5914087,-1.6914086,-2.0814087,-1.4914087,-1.5614086,-0.7614087,-0.8214087,-1.3514087,-1.2614087,-0.5714087,-0.9514087,-1.6214087,-1.7814087,-1.1714087,-1.1414087,0.04859131,-1.1714087,0.23859131,-1.1414087,-1.2914087,-0.6914087
-0.6514087,-0.7714087,-0.5514087,-0.6314087,-0.011408691,-1.3414087,-1.7414087,-1.3514087,-2.3714087,-0.3514087,-0.4314087,-0.4014087,-0.6714087,-0.2914087,-0.8314087,-1.0514086,-1.5014087,-2.0914087,-1.1614087,-1.4914087,-1.0514086,-1.6914086,-1.5314087,-0.6314087,0.1385913,-0.2214087,0.8685913,-0.6714087,-0.081408694,-0.04140869,1.3785913,0.20859131,-0.021408692,-0.4614087,-0.7314087,-1.6714087,-1.0514086,-1.6514087,-0.6814087,-0.8214087,-0.12140869
0.11859131,-0.03140869,-0.53140867,-0.2514087,-0.9614087,-0.3714087,-0.4614087,-0.7314087,-1.1414087,0.2785913,-0.3114087,-0.24140869,1.6785913,0.3985913,0.7685913,0.22859131,-0.0014086914,-0.011408691,0.22859131,-0.011408691,1.2985913,1.2585913,0.9885913,1.1085913,0.4885913,1.5285913,1.5785913,1.3385913,1.5685914,1.8285913,2.3185914,2.5385914,1.6185913,1.3085914,1.5185913,1.1685913,0.9185913,-0.4014087,-0.9214087,-0.53140867,0.07859131
-0.0014086914,-0.0014086914,-0.7714087,0.77859133,-0.12140869,-1.0514086,-0.23140869,0.8085913,1.0285913,0.03859131,1.0085913,-0.4914087,-0.021408692,1.1885914,0.4685913,0.3385913,0.5085913,0.71859133,0.2885913,0.3785913,0.6685913,1.3085914,1.2785913,1.1085913,1.3585913,1.2385913,0.7385913,1.9985913,1.8985913,2.1685913,2.4785912,2.4185913,2.4885912,2.6885912,1.7085913,1.9085913,1.1085913,-0.03140869,-0.5714087,0.77859133,0.4585913
-0.39140868,1.0785913,-0.051408693,0.3185913,-0.7914087,-0.4314087,-0.59140867,-0.2214087,0.5585913,0.3685913,0.6485913,0.8285913,1.1485913,-0.39140868,0.098591305,-0.6714087,-0.7014087,-0.4914087,0.7285913,0.23859131,0.2485913,0.2485913,0.52859133,0.96859133,1.3085914,2.0685914,2.6785913,3.1985912,3.0585914,2.9485912,3.5785913,4.3485913,3.8385913,3.8785913,3.6385913,2.9385912,2.4985914,2.7885914,1.4685913,1.6785913,0.6185913
