wind_kz.json
{"header": {"discipline":0,"disciplineName":"Meteorological products","gribEdition":2,"gribLength":871,"center":7,"centerName":"US National Weather Service - NCEP(WMC)","subcenter":0,"refTime":"2024-02-02T00:00:00.000Z","significanceOfRT":1,"significanceOfRTName":"Start of forecast","productStatus":0,"productStatusName":"Operational products","productType":1,"productTypeName":"Forecast products","productDefinitionTemplate":0,"productDefinitionTemplateName":"Analysis/forecast at horizontal level/layer at a point in time","parameterCategory":0,"parameterCategoryName":"UnknownDiscipline_0_Category_0","parameterNumber":0,"parameterNumberName":"UnknownParameter_D0_C0_0","parameterUnit":"Unknown","genProcessType":2,"genProcessTypeName":"Forecast","forecastTime":0,"surface1Type":1,"surface1TypeName":"Ground or water surface","surface1Value":0.0,"surface2Type":255,"surface2TypeName":"Missing","surface2Value":0.0,"gridDefinitionTemplate":0,"gridDefinitionTemplateName":"Latitude_Longitude","numberPoints":615,"shape":6,"shapeName":"Earth spherical with radius of 6,371,229.0 m","gridUnits":"degrees","resolution":48,"winds":"true","scanMode":64,"nx":41,"ny":15,"basicAngle":0,"lo1":47.0,"la1":41.0,"lo2":87.0,"la2":55.0,"dx":1.0,"dy":1.0}, "data":
[rows 0 to 14 of 15, columns 0 to 40 of 41]
271.59088,264.19086,271.99088,280.59088,280.89087,282.29086,276.59088,274.39087,271.99088,271.99088,271.49088,272.49088,269.89087,269.69086,271.49088,269.99088,271.09088,270.49088,272.29086,270.79086,271.29086,271.09088,271.29086,267.29086,269.29086,271.99088,265.49088,251.69087,244.89087,243.29086,247.99088,248.99088,258.89087,268.59088,269.59088,270.09088,269.89087,269.19086,268.39087,267.09088,268.99088
250.79086,270.79086,280.29086,279.99088,280.89087,281.39087,268.29086,269.99088,269.39087,268.99088,269.29086,266.59088,267.39087,267.19086,269.69086,269.09088,269.59088,269.29086,269.49088,269.19086,271.69086,270.89087,267.39087,259.59088,253.39087,255.19087,259.59088,250.49088,248.19087,242.59087,253.69087,238.49088,258.39087,239.59087,248.89087,264.19086,267.19086,267.59088,266.79086,262.39087,265.19086
271.99088,279.09088,280.29086,280.39087,280.79086,275.19086,269.89087,267.89087,267.19086,265.79086,265.19086,265.99088,267.59088,266.99088,267.09088,266.59088,267.69086,265.89087,266.59088,266.89087,269.39087,267.59088,267.59088,263.19086,265.39087,265.69086,268.39087,266.49088,266.19086,254.79086,248.69087,249.79086,252.59087,254.79086,257.39087,258.99088,256.29086,257.09088,254.19087,253.79086,252.19087
269.79086,275.99088,277.89087,279.29086,278.09088,273.19086,272.39087,267.69086,268.09088,266.99088,267.19086,265.29086,281.19086,281.89087,267.59088,268.39087,267.89087,266.49088,265.39087,266.19086,262.99088,260.09088,264.99088,259.49088,262.39087,263.49088,266.59088,267.49088,265.49088,267.99088,265.89087,263.09088,268.89087,262.19086,264.99088,264.19086,258.79086,254.49088,259.99088,257.79086,255.69087
270.99088,271.49088,270.79086,270.39087,272.09088,271.39087,271.29086,271.39087,268.99088,268.19086,266.59088,267.09088,279.09088,279.09088,278.29086,267.79086,265.49088,262.59088,260.49088,257.99088,257.09088,259.79086,256.79086,257.49088,258.39087,259.39087,260.99088,263.99088,266.39087,269.29086,269.99088,269.19086,255.89087,242.39087,258.89087,261.59088,262.29086,260.69086,256.79086,256.69086,257.09088
271.39087,271.39087,269.39087,270.09088,270.09088,271.49088,272.59088,271.39087,269.79086,269.59088,267.79086,267.09088,277.19086,279.19086,268.19086,264.59088,261.89087,257.79086,255.49088,256.19086,253.39087,255.29086,257.49088,256.79086,258.49088,257.29086,259.59088,263.99088,264.89087,266.79086,267.99088,269.99088,267.79086,266.89087,267.49088,265.69086,262.79086,261.09088,259.89087,255.09087,256.49088
270.99088,271.59088,271.89087,270.69086,270.39087,270.49088,272.29086,271.79086,269.89087,268.89087,268.09088,266.09088,265.49088,265.49088,264.39087,263.19086,259.89087,261.29086,253.09087,249.09087,252.89087,253.09087,255.39087,256.39087,256.79086,257.49088,257.19086,257.49088,262.59088,265.99088,266.49088,268.49088,266.99088,266.79086,265.99088,264.39087,263.69086,261.09088,258.29086,258.29086,259.99088
270.89087,271.39087,271.29086,270.69086,270.39087,270.19086,270.19086,271.49088,270.29086,268.99088,267.29086,265.89087,264.59088,261.99088,263.89087,259.19086,259.89087,258.89087,252.29086,251.09087,256.19086,251.89087,252.89087,257.59088,256.09088,255.79086,255.59087,255.69087,257.79086,263.69086,264.89087,265.59088,267.29086,265.09088,265.19086,260.99088,258.19086,261.99088,259.49088,257.89087,261.09088
272.79086,272.79086,272.29086,270.79086,270.09088,269.99088,269.89087,270.09088,269.99088,268.79086,267.59088,265.09088,264.79086,260.89087,259.49088,258.29086,261.69086,252.69087,252.79086,253.59087,254.39087,255.29086,254.59087,251.49088,255.39087,257.19086,256.89087,256.79086,256.39087,260.79086,263.19086,263.49088,265.69086,266.29086,263.39087,262.19086,264.39087,262.69086,259.49088,258.29086,254.49088
273.19086,272.99088,271.59088,269.69086,268.99088,270.59088,269.89087,268.99088,267.89087,267.39087,265.19086,263.79086,262.29086,260.89087,256.09088,259.29086,255.09087,251.39087,252.09087,257.39087,256.89087,256.09088,257.39087,252.89087,259.19086,259.29086,258.69086,259.29086,259.49088,261.59088,263.59088,265.39087,267.09088,267.49088,264.39087,265.39087,266.49088,263.09088,258.59088,258.19086,253.49088
273.09088,270.79086,269.79086,269.39087,270.29086,270.19086,268.89087,268.19086,267.39087,266.29086,264.29086,262.59088,256.59088,255.89087,259.39087,260.79086,251.39087,251.49088,253.89087,257.19086,258.99088,259.49088,259.19086,257.29086,257.49088,259.79086,261.49088,261.89087,263.09088,264.49088,265.49088,265.99088,266.29086,266.39087,266.19086,267.29086,264.89087,262.89087,258.79086,257.79086,257.29086
268.79086,270.09088,269.79086,270.09088,270.09088,269.29086,268.09088,267.59088,266.99088,262.99088,255.19087,248.59087,252.29086,256.69086,259.79086,255.99088,253.89087,252.09087,252.19087,256.39087,258.39087,260.19086,258.39087,260.49088,258.89087,259.39087,258.49088,259.69086,261.39087,261.69086,259.39087,263.19086,265.19086,266.99088,267.49088,268.89087,265.49088,264.59088,263.19086,260.09088,257.99088
267.69086,268.69086,270.29086,270.29086,270.39087,269.29086,268.19086,266.29086,262.69086,254.49088,249.49088,249.19087,252.69087,257.09088,259.39087,253.39087,250.99088,253.09087,253.19087,254.09087,259.29086,259.29086,259.39087,257.69086,259.69086,256.79086,258.59088,259.89087,259.19086,259.79086,260.69086,264.79086,263.39087,266.39087,265.79086,265.69086,263.49088,263.39087,260.59088,256.59088,254.79086
267.09088,267.69086,269.99088,269.79086,269.29086,268.09088,266.49088,262.89087,256.49088,251.39087,251.39087,252.59087,251.09087,259.99088,254.59087,252.99088,251.19087,250.99088,251.69087,253.79086,259.19086,258.49088,256.09088,257.79086,257.19086,256.89087,252.19087,250.39087,251.59087,254.59087,258.59088,261.69086,262.09088,260.49088,264.19086,262.49088,263.29086,261.89087,260.39087,261.69086,253.29086
268.09088,269.89087,269.59088,268.49088,267.29086,264.79086,257.79086,259.29086,256.99088,258.19086,255.19087,251.29086,255.39087,253.69087,254.79086,253.99088,251.29086,251.09087,253.99088,255.09087,255.79086,254.39087,249.69087,249.99088,252.59087,253.79086,254.59087,249.69087,250.59087,253.49088,258.39087,260.59088,257.79086,258.99088,262.39087,261.69086,261.19086,258.19086,256.29086,254.89087,256.19086
