wind_kz.json
{"header": {"discipline":0,"disciplineName":"Meteorological products","gribEdition":2,"gribLength":1025,"center":7,"centerName":"US National Weather Service - NCEP(WMC)","subcenter":0,"refTime":"2023-08-07T12:00:00.000Z","significanceOfRT":1,"significanceOfRTName":"Start of forecast","productStatus":0,"productStatusName":"Operational products","productType":1,"productTypeName":"Forecast products","productDefinitionTemplate":0,"productDefinitionTemplateName":"Analysis/forecast at horizontal level/layer at a point in time","parameterCategory":2,"parameterCategoryName":"UnknownDiscipline_0_Category_2","parameterNumber":2,"parameterNumberName":"UnknownParameter_D0_C2_2","parameterUnit":"Unknown","genProcessType":2,"genProcessTypeName":"Forecast","forecastTime":60,"surface1Type":103,"surface1TypeName":"Specified height level above ground","surface1Value":10.0,"surface2Type":255,"surface2TypeName":"Missing","surface2Value":0.0,"gridDefinitionTemplate":0,"gridDefinitionTemplateName":"Latitude_Longitude","numberPoints":615,"shape":6,"shapeName":"Earth spherical with radius of 6,371,229.0 m","gridUnits":"degrees","resolution":48,"winds":"true","scanMode":64,"nx":41,"ny":15,"basicAngle":0,"lo1":47.0,"la1":41.0,"lo2":87.0,"la2":55.0,"dx":1.0,"dy":1.0}, "data":
[rows 0 to 14 of 15, columns 0 to 40 of 41]
-2.6881201,-1.0981201,1.0418799,-1.6481202,2.29188,2.74188,-1.4781201,0.061879884,-0.60812014,-1.4781201,-1.8481201,-1.9481201,-2.19812,-1.1881201,-0.80812013,-0.23812012,-0.17812012,2.45188,-1.3381201,3.1418798,3.8718798,3.1618798,1.3918799,-0.4581201,0.031879883,-2.4281201,-2.5881202,-0.24812011,-0.098120116,0.071879886,-1.0881201,0.5218799,0.081879884,0.3618799,-1.0981201,-1.7181201,-1.4581201,-1.4781201,-3.47812,-3.05812,-4.44812
1.7918799,1.9218799,-2.47812,-0.98812014,-1.7881202,-1.4681201,-1.1981201,-1.1881201,0.57187986,-1.5581201,-0.6581201,-1.7381201,-0.3381201,0.76187986,1.1018798,1.1618799,2.55188,1.8718799,1.4518799,2.6618798,3.8918798,1.0518799,-1.3981202,-1.9381201,1.0618799,0.2918799,-0.31812012,1.2218798,-1.4981201,-2.0781202,-0.25812012,-0.018120117,-0.19812012,-2.74812,0.18187988,0.51187986,-0.79812014,0.8518799,-1.4381201,0.4818799,-2.31812
0.8118799,-3.6081202,-3.26812,-2.0881202,-0.9681201,-2.28812,-1.5581201,1.4018799,-0.16812012,0.3818799,1.7918799,2.80188,2.27188,2.6618798,3.45188,2.00188,2.6418798,4.63188,3.8118799,2.9218798,2.76188,-0.9981201,-1.9881201,-1.2881202,0.18187988,0.4818799,0.4818799,-0.73812014,-3.05812,-0.3881201,-1.1181201,1.8218799,-0.7181201,-0.6381201,0.7718799,-0.6381201,-0.2681201,0.19187988,-1.1881201,2.20188,1.5818799
-3.52812,-3.4081202,-3.26812,-0.9481201,-1.4681201,-0.9781201,0.83187985,0.33187988,1.5218799,3.1618798,3.19188,4.03188,4.81188,4.93188,3.48188,2.3418798,2.3118799,2.6518798,4.08188,4.20188,3.3418798,0.22187988,-0.9481201,1.3818799,2.1518798,2.51188,1.1218799,0.37187988,0.89187986,1.5618799,-1.6781201,-2.8781202,-3.3881202,-3.9081202,-2.54812,-2.8881202,-1.5981201,1.8418798,1.8318799,-0.24812011,0.04187988
-2.21812,-2.9381201,-1.1281201,1.5518799,0.5518799,0.69187987,1.3118799,2.00188,2.6018798,0.51187986,1.5218799,2.9018798,2.51188,2.8218799,2.1518798,2.6518798,2.9018798,1.0218799,-0.31812012,0.7318799,-1.1281201,-3.50812,-2.1081202,-1.5681201,-2.51812,0.9818799,0.58187985,2.8318799,3.6318798,1.2918799,-0.058120117,-2.46812,-2.3681202,0.9818799,2.74188,-0.8981201,-2.69812,-3.26812,-2.0981202,-0.79812014,0.051879883
-0.7781201,0.021879883,1.7718799,-0.47812012,-0.5281201,-3.8381202,-2.03812,-0.44812012,0.4818799,2.04188,2.6218798,1.7618799,2.04188,-0.5781201,0.2918799,1.3218799,3.77188,1.9218799,-3.02812,-3.04812,-0.98812014,-2.19812,-0.8381201,-0.7581201,-2.8381202,-4.7681203,-3.1681201,-4.48812,-2.3681202,-3.3381202,-3.25812,-3.1081202,-2.9381201,-1.4581201,-0.23812012,-3.26812,0.7418799,0.6618799,1.5618799,-1.8581201,-3.26812
-1.4681201,-2.8981202,-6.40812,-5.39812,-3.54812,-3.19812,-1.3981202,-0.8181201,-1.3881202,-0.7781201,-1.3681201,-0.24812011,-0.7481201,0.6118799,0.9718799,1.2118798,-1.5181202,0.3218799,-1.8881202,-2.5981202,-2.71812,0.37187988,-0.6981201,-0.43812013,-1.3181201,0.23187989,1.2918799,-3.74812,-2.4281201,-3.25812,-3.75812,-3.76812,-1.3481201,-1.9381201,-3.29812,-2.71812,-1.1881201,2.48188,-0.5181201,0.40187988,0.15187988
-5.93812,-6.96812,-5.86812,-5.83812,-3.1681201,-3.3381202,-3.4081202,-2.26812,-1.6681201,-1.7181201,-1.6981201,0.011879883,-0.41812012,0.4818799,1.0218799,1.8418798,0.76187986,-0.9681201,2.3718798,-1.4381201,0.6018799,0.6218799,0.22187988,0.6718799,1.7718799,0.5618799,0.19187988,-1.3281201,-4.34812,-2.94812,-3.26812,-2.97812,-2.1081202,-0.6281201,-1.8281201,-1.3081201,-1.6881201,-3.54812,-2.75812,-2.4381201,-1.0581201
-5.36812,-5.4781203,-5.60812,-4.13812,-3.9281201,-3.56812,-1.9581201,-2.9181201,-2.3281202,-0.5881201,-0.8881201,-1.5581201,1.4318799,1.1618799,0.13187988,-0.54812014,-0.3681201,0.89187986,2.0818799,2.00188,0.63187987,-2.4081202,2.68188,2.27188,2.1018798,0.7918799,0.28187987,-1.9581201,-2.30812,-2.0781202,-2.4381201,-1.4381201,-1.1681201,-0.16812012,0.44187987,-0.55812013,-0.11812012,-1.5481201,0.5018799,0.20187989,-0.7181201
-5.10812,-4.40812,-3.8281202,-3.25812,-3.29812,-2.8681202,-2.31812,-1.2681202,-1.9881201,-1.8381201,-0.6981201,-0.7081201,1.1018798,1.4918799,-0.55812013,-0.6581201,-4.2881203,-5.92812,-4.00812,-6.04812,-5.25812,0.49187988,1.6518799,-2.3681202,-4.32812,-5.13812,-5.5381203,-3.81812,-2.51812,-1.9981201,-1.1781201,-0.86812013,-0.7781201,-1.4281201,-0.7781201,-1.1881201,-1.7881202,-0.7781201,-0.12812012,0.76187986,0.2918799
-3.19812,-3.45812,-3.0981202,-3.50812,-3.01812,-2.71812,-1.3181201,-1.2681202,-1.2881202,0.04187988,0.061879884,-0.5081201,-0.30812013,-1.1881201,-1.0681201,-0.3281201,-4.08812,-3.44812,-4.07812,-3.22812,-2.5981202,-3.01812,-2.99812,-4.7081203,-3.3781202,-2.73812,-2.0981202,-0.07812012,0.6018799,-0.9381201,-0.9681201,-1.0781201,-1.4181201,-0.8481201,-1.3281201,-1.2081201,-1.0881201,0.9218799,-0.60812014,1.0618799,-0.9981201
-1.8681201,-1.6881201,-2.27812,-3.01812,-2.3581202,-1.6681201,-1.1181201,-0.54812014,-0.31812012,-0.6281201,-1.1181201,-0.5981201,-1.3081201,-2.1781201,-1.2981201,-1.2581201,-1.2681202,-1.5081201,-3.20812,-1.9381201,-2.70812,-2.05812,-4.02812,-3.26812,-2.3281202,-2.1581202,-1.4581201,-1.4181201,-0.5281201,-0.67812014,-1.0081201,-0.3981201,-1.1481202,-1.0881201,0.0018798828,1.1218799,1.8118799,-0.07812012,0.18187988,-0.17812012,-0.34812012
-0.4881201,-1.2781202,-0.27812013,-0.24812011,-0.2681201,-0.8181201,0.3518799,0.4818799,0.89187986,0.061879884,-0.67812014,0.7818799,0.28187987,-1.0781201,0.2918799,-0.7881201,-1.3681201,-1.7281201,-0.6381201,-1.8081201,-2.54812,-1.7181201,-0.6481201,0.7118799,2.3118799,2.0718799,2.23188,2.05188,2.1318798,1.2118798,0.5918799,-0.5681201,1.1818799,1.2518799,1.6618799,1.7818799,1.6618799,0.28187987,1.1618799,-0.3981201,-0.8181201
-0.7881201,-0.038120117,-0.8881201,-0.3381201,-0.7581201,-0.04812012,1.1218799,1.1418799,0.44187987,0.6018799,-0.67812014,-0.22812012,1.4918799,1.0518799,0.37187988,0.071879886,-0.6881201,-1.2181201,-1.4781201,-0.7081201,-1.0181202,-0.85812014,0.5918799,0.09187988,0.37187988,0.21187988,0.4218799,2.22188,1.9218799,2.1218798,2.54188,2.75188,2.47188,2.43188,2.6518798,2.53188,1.7418799,0.9118799,0.5418799,0.9618799,-0.7781201
-1.0981201,-2.01812,-2.44812,-2.79812,-2.5881202,-1.8281201,-0.43812013,-0.7781201,0.23187989,0.2918799,-0.5081201,0.46187988,0.9218799,1.4518799,1.6618799,1.3118799,0.89187986,0.34187987,-0.14812012,0.15187988,0.3218799,-0.068120115,-0.04812012,-0.25812012,-0.54812014,-1.1381202,-0.79812014,-0.7781201,-1.1581202,-0.17812012,1.7618799,2.70188,2.77188,3.1418798,2.54188,3.0818799,1.0918798,1.9418799,1.2818799,0.23187989,-0.49812013
