wind_kz.json
{"header": {"discipline":0,"disciplineName":"Meteorological products","gribEdition":2,"gribLength":948,"center":7,"centerName":"US National Weather Service - NCEP(WMC)","subcenter":0,"refTime":"2023-08-25T18:00:00.000Z","significanceOfRT":1,"significanceOfRTName":"Start of forecast","productStatus":0,"productStatusName":"Operational products","productType":1,"productTypeName":"Forecast products","productDefinitionTemplate":0,"productDefinitionTemplateName":"Analysis/forecast at horizontal level/layer at a point in time","parameterCategory":0,"parameterCategoryName":"UnknownDiscipline_0_Category_0","parameterNumber":0,"parameterNumberName":"UnknownParameter_D0_C0_0","parameterUnit":"Unknown","genProcessType":2,"genProcessTypeName":"Forecast","forecastTime":60,"surface1Type":1,"surface1TypeName":"Ground or water surface","surface1Value":0.0,"surface2Type":255,"surface2TypeName":"Missing","surface2Value":0.0,"gridDefinitionTemplate":0,"gridDefinitionTemplateName":"Latitude_Longitude","numberPoints":615,"shape":6,"shapeName":"Earth spherical with radius of 6,371,229.0 m","gridUnits":"degrees","resolution":48,"winds":"true","scanMode":64,"nx":41,"ny":15,"basicAngle":0,"lo1":47.0,"la1":41.0,"lo2":87.0,"la2":55.0,"dx":1.0,"dy":1.0}, "data":
[rows 0 to 14 of 15, columns 0 to 40 of 41]
306.58502,295.48505,305.08502,299.48505,299.08502,298.28503,311.28503,316.88504,311.18503,310.68503,309.58502,311.88504,312.08502,312.88504,312.88504,317.38504,314.78503,311.98505,318.38504,314.28503,314.48505,309.58502,305.28503,308.78503,308.48505,305.88504,290.08502,288.08502,282.28503,276.38504,276.18503,277.68503,301.38504,308.78503,312.48505,324.08502,324.78503,321.38504,321.28503,323.08502,322.78503
291.38504,304.28503,299.28503,299.48505,299.48505,298.38504,316.98505,312.48505,310.58502,310.08502,311.38504,309.88504,309.98505,308.88504,310.58502,311.68503,317.58502,316.38504,316.08502,314.88504,311.58502,304.88504,303.08502,289.38504,274.18503,277.18503,286.68503,280.98505,289.08502,287.48505,294.58502,273.78503,282.98505,272.38504,291.08502,311.48505,312.78503,318.58502,321.08502,310.58502,284.68503
307.18503,298.98505,299.78503,299.78503,298.28503,309.58502,309.48505,311.48505,309.88504,308.78503,308.68503,310.38504,309.48505,310.38504,311.18503,314.38504,312.98505,312.28503,312.88504,313.58502,310.68503,308.08502,303.48505,297.48505,301.98505,294.98505,289.48505,286.88504,303.68503,291.08502,287.18503,283.28503,290.28503,284.28503,298.28503,299.78503,295.98505,297.58502,300.88504,301.78503,297.28503
308.58502,299.58502,299.78503,299.08502,300.08502,307.98505,308.38504,308.88504,309.68503,308.88504,308.58502,307.08502,295.38504,294.48505,309.68503,311.38504,309.18503,312.08502,313.38504,313.28503,308.28503,306.68503,310.18503,307.18503,302.08502,296.78503,297.88504,288.38504,299.68503,316.88504,311.88504,297.18503,296.38504,296.48505,293.68503,303.58502,298.28503,297.78503,300.08502,309.58502,315.68503
311.08502,299.08502,299.58502,299.48505,303.68503,306.18503,307.58502,310.18503,308.48505,306.18503,308.18503,306.98505,295.28503,293.98505,291.68503,308.38504,308.38504,304.58502,307.08502,307.78503,309.88504,311.48505,313.38504,312.58502,304.68503,301.08502,294.98505,298.78503,310.18503,313.78503,314.08502,302.68503,289.98505,285.18503,285.78503,311.98505,304.08502,323.78503,327.08502,319.28503,320.68503
308.88504,307.08502,297.48505,298.28503,299.28503,298.48505,307.88504,306.48505,304.98505,305.78503,306.78503,306.08502,296.18503,294.68503,298.88504,303.18503,307.58502,307.18503,307.28503,307.28503,308.28503,308.08502,308.98505,308.38504,303.08502,298.48505,308.78503,293.38504,308.48505,310.38504,311.48505,305.78503,304.48505,301.78503,298.08502,297.78503,289.28503,297.98505,313.08502,323.28503,319.68503
306.48505,307.48505,300.98505,303.98505,302.98505,297.68503,299.08502,298.28503,301.28503,303.08502,302.88504,301.98505,303.08502,303.78503,303.78503,302.28503,304.98505,306.58502,305.68503,301.48505,298.08502,300.08502,306.78503,306.08502,302.28503,302.28503,306.88504,309.38504,311.48505,307.08502,307.78503,307.38504,304.28503,299.38504,293.68503,293.38504,294.08502,298.68503,301.08502,304.68503,303.78503
308.28503,308.58502,306.28503,306.58502,307.28503,305.08502,302.18503,304.68503,294.08502,298.48505,302.98505,298.48505,299.58502,295.68503,296.58502,297.88504,301.88504,302.38504,302.88504,301.68503,298.58502,297.18503,302.38504,303.78503,301.98505,299.48505,298.98505,305.18503,304.98505,302.78503,306.48505,304.28503,301.78503,295.68503,293.88504,294.08502,301.38504,289.58502,307.18503,308.38504,304.08502
303.78503,305.38504,305.18503,305.18503,303.58502,298.78503,303.98505,302.38504,299.68503,295.58502,294.18503,292.38504,290.28503,294.58502,296.08502,298.48505,291.18503,291.38504,298.48505,299.28503,298.68503,296.68503,301.38504,303.38504,300.28503,296.98505,296.98505,299.68503,294.18503,297.58502,303.28503,303.28503,302.68503,297.08502,292.58502,289.48505,294.88504,301.38504,297.28503,295.38504,297.18503
303.38504,302.78503,302.88504,301.88504,301.38504,300.88504,300.18503,299.48505,295.98505,294.28503,288.18503,286.08502,286.68503,286.58502,286.68503,286.78503,288.98505,298.48505,296.38504,296.98505,293.58502,293.38504,295.48505,299.38504,300.78503,299.28503,295.18503,296.68503,294.58502,302.78503,305.38504,307.18503,306.78503,298.78503,295.68503,293.18503,292.48505,289.38504,296.78503,296.48505,298.98505
298.68503,298.78503,297.58502,297.28503,295.78503,296.48505,296.68503,297.38504,296.78503,293.28503,286.28503,290.68503,288.38504,284.68503,284.88504,285.98505,286.88504,298.08502,297.68503,295.68503,296.88504,295.88504,294.48505,297.58502,292.78503,297.58502,292.38504,296.28503,301.48505,305.38504,306.58502,306.38504,303.48505,298.78503,292.58502,292.38504,288.98505,286.68503,290.78503,293.78503,294.08502
295.98505,296.18503,294.98505,295.68503,294.28503,292.58502,290.18503,288.78503,292.28503,291.78503,288.58502,289.58502,286.98505,283.58502,288.58502,289.18503,293.98505,295.18503,295.58502,296.38504,293.78503,292.28503,292.28503,292.78503,287.48505,292.88504,296.38504,298.78503,300.28503,302.58502,300.88504,301.78503,299.18503,298.48505,297.28503,294.08502,299.68503,299.28503,299.58502,296.48505,297.18503
286.68503,287.28503,290.88504,289.78503,289.88504,287.38504,285.28503,288.38504,289.48505,286.78503,280.98505,281.18503,285.88504,281.78503,287.98505,284.68503,291.68503,293.18503,294.38504,293.68503,292.48505,290.28503,286.18503,282.38504,284.08502,286.28503,297.48505,299.08502,300.28503,300.68503,301.48505,299.78503,297.08502,300.48505,300.98505,292.68503,300.08502,298.58502,298.38504,292.78503,298.58502
287.48505,285.18503,290.48505,289.18503,286.18503,284.98505,285.18503,284.78503,285.28503,284.58502,281.18503,277.88504,282.58502,287.18503,283.38504,283.38504,288.78503,293.18503,292.78503,293.18503,293.08502,285.08502,283.38504,283.28503,285.18503,297.38504,297.98505,298.98505,300.18503,300.98505,300.38504,298.88504,295.58502,297.38504,298.78503,300.78503,300.48505,294.68503,296.08502,289.58502,297.48505
284.48505,288.88504,290.78503,286.88504,284.68503,284.38504,280.68503,282.38504,285.08502,285.48505,281.58502,281.38504,279.68503,284.28503,281.98505,283.48505,285.78503,292.78503,291.98505,294.18503,293.08502,290.48505,288.98505,286.88504,284.68503,293.78503,295.38504,296.48505,298.68503,299.48505,297.58502,292.28503,295.48505,296.28503,297.28503,299.28503,300.38504,299.78503,290.18503,293.38504,289.48505
