wind_kz.json
{"header": {"discipline":0,"disciplineName":"Meteorological products","gribEdition":2,"gribLength":871,"center":7,"centerName":"US National Weather Service - NCEP(WMC)","subcenter":0,"refTime":"2024-02-02T00:00:00.000Z","significanceOfRT":1,"significanceOfRTName":"Start of forecast","productStatus":0,"productStatusName":"Operational products","productType":1,"productTypeName":"Forecast products","productDefinitionTemplate":0,"productDefinitionTemplateName":"Analysis/forecast at horizontal level/layer at a point in time","parameterCategory":0,"parameterCategoryName":"UnknownDiscipline_0_Category_0","parameterNumber":0,"parameterNumberName":"UnknownParameter_D0_C0_0","parameterUnit":"Unknown","genProcessType":2,"genProcessTypeName":"Forecast","forecastTime":60,"surface1Type":1,"surface1TypeName":"Ground or water surface","surface1Value":0.0,"surface2Type":255,"surface2TypeName":"Missing","surface2Value":0.0,"gridDefinitionTemplate":0,"gridDefinitionTemplateName":"Latitude_Longitude","numberPoints":615,"shape":6,"shapeName":"Earth spherical with radius of 6,371,229.0 m","gridUnits":"degrees","resolution":48,"winds":"true","scanMode":64,"nx":41,"ny":15,"basicAngle":0,"lo1":47.0,"la1":41.0,"lo2":87.0,"la2":55.0,"dx":1.0,"dy":1.0}, "data":
[rows 0 to 14 of 15, columns 0 to 40 of 41]
283.71823,274.11823,279.61823,280.51825,280.81824,282.31824,285.01825,287.41824,284.51825,284.81824,282.81824,282.01825,279.01825,279.01825,278.91824,278.21823,279.11823,279.61823,280.01825,279.01825,281.61823,280.51825,279.41824,273.31824,276.41824,277.41824,267.11823,253.31824,255.81824,252.01823,255.41824,255.31824,259.61823,270.61823,271.11823,271.31824,271.41824,270.91824,271.11823,269.91824,270.61823
261.31824,280.81824,280.71823,280.71823,280.61823,281.31824,285.61823,282.61823,284.11823,284.51825,283.31824,280.91824,280.41824,279.71823,274.71823,273.61823,276.11823,275.21823,274.21823,277.51825,278.51825,277.51825,273.21823,268.51825,255.61824,251.81824,258.21823,249.41824,252.71823,250.21823,258.71823,252.31824,264.41824,245.51823,253.11824,262.11823,260.31824,267.21823,268.91824,262.41824,267.61823
280.01825,279.11823,280.31824,280.51825,280.71823,281.41824,281.81824,281.81824,278.71823,277.21823,276.81824,276.81824,277.11823,277.31824,272.71823,270.61823,271.91824,271.01825,272.51825,272.91824,273.11823,274.61823,274.31824,269.21823,272.41824,271.11823,268.31824,266.61823,268.91824,258.71823,254.11824,253.71823,261.41824,259.81824,258.31824,261.31824,254.51823,253.81824,251.81824,253.21823,248.01823
280.51825,276.11823,277.91824,279.21823,280.11823,279.01825,276.21823,275.51825,274.91824,274.81824,276.91824,276.71823,281.31824,281.91824,273.51825,272.71823,272.21823,270.61823,268.31824,271.01825,271.91824,265.61823,271.11823,269.61823,268.51825,269.81824,270.21823,265.21823,269.61823,270.71823,265.31824,261.81824,269.91824,262.11823,259.51825,261.01825,250.91824,248.41824,258.01825,254.01823,255.41824
279.21823,273.11823,272.21823,273.31824,275.81824,277.81824,275.21823,276.31824,275.91824,274.41824,273.41824,273.31824,278.91824,279.01825,278.21823,273.21823,272.81824,272.51825,271.51825,267.71823,267.31824,267.31824,262.31824,264.01825,265.31824,264.41824,265.81824,267.71823,268.31824,268.71823,268.91824,266.31824,257.61823,248.71823,259.11823,254.61824,256.61823,254.61824,255.41824,256.21823,258.71823
277.91824,277.21823,273.11823,272.91824,272.41824,272.81824,276.81824,275.21823,274.71823,274.71823,272.51825,272.41824,278.01825,279.11823,272.61823,271.71823,268.31824,268.81824,269.91824,270.91824,269.61823,269.91824,265.41824,262.41824,261.71823,261.11823,263.71823,263.81824,263.11823,264.41824,263.61823,266.71823,259.31824,258.11823,260.61823,262.61823,258.31824,259.11823,255.31824,254.11824,255.61824
274.01825,275.41824,277.51825,277.81824,274.11823,275.41824,275.41824,274.31824,273.31824,272.11823,271.61823,270.61823,270.31824,269.71823,269.51825,269.71823,268.31824,267.71823,264.81824,263.61823,270.11823,268.11823,267.81824,265.71823,260.21823,257.51825,257.01825,259.81824,256.31824,257.51825,258.21823,260.51825,261.11823,260.01825,258.41824,257.01825,257.81824,256.71823,252.61824,251.61824,255.01823
273.71823,273.61823,273.31824,273.41824,273.71823,273.81824,273.31824,273.21823,273.01825,272.31824,270.61823,269.91824,269.11823,268.81824,268.91824,268.21823,267.41824,267.51825,267.01825,265.21823,264.81824,266.21823,264.51825,266.31824,265.41824,259.51825,259.01825,252.71823,254.01823,253.91824,257.41824,259.71823,261.11823,256.91824,253.41824,248.01823,249.81824,252.91824,256.01825,258.21823,254.71823
273.31824,273.21823,273.21823,273.21823,273.21823,273.21823,273.21823,273.11823,272.81824,271.81824,271.21823,270.51825,269.11823,269.41824,268.11823,267.51825,266.61823,266.61823,265.51825,262.61823,265.01825,263.91824,265.11823,263.31824,264.71823,264.81824,261.31824,256.31824,259.31824,255.01823,260.61823,263.71823,266.21823,265.81824,260.01825,257.41824,258.91824,257.21823,253.41824,250.51823,247.41824
273.21823,273.21823,273.21823,273.21823,273.21823,273.11823,273.21823,272.51825,271.81824,271.31824,270.31824,269.31824,268.51825,268.21823,267.01825,266.01825,265.11823,265.51825,264.81824,263.91824,264.11823,265.41824,263.41824,264.61823,263.61823,265.01825,265.21823,264.91824,262.91824,263.61823,265.71823,268.81824,269.31824,267.21823,264.61823,263.51825,262.91824,259.61823,255.41824,255.81824,251.81824
273.21823,273.21823,273.11823,273.11823,273.21823,273.01825,272.21823,271.41824,270.51825,269.41824,268.21823,267.71823,267.31824,265.81824,266.41824,265.01825,263.51825,263.51825,262.71823,260.91824,262.41824,262.31824,263.71823,267.81824,267.81824,266.41824,266.01825,264.91824,266.01825,266.91824,267.81824,268.81824,268.61823,268.21823,266.21823,266.81824,265.21823,261.01825,257.11823,258.91824,256.61823
273.21823,273.21823,273.21823,272.71823,271.71823,271.01825,270.11823,269.21823,269.21823,268.21823,267.81824,265.91824,265.61823,265.21823,265.01825,264.51825,263.81824,264.01825,263.01825,261.71823,261.21823,261.41824,262.11823,263.21823,266.71823,266.81824,267.81824,267.01825,267.21823,268.01825,267.91824,269.01825,269.11823,268.41824,267.21823,267.41824,268.31824,267.81824,267.01825,265.01825,262.81824
271.91824,271.41824,271.91824,271.21823,270.41824,270.11823,269.31824,268.41824,267.91824,267.61823,266.61823,263.51825,264.31824,264.51825,264.31824,264.61823,264.21823,263.91824,263.91824,263.11823,263.11823,262.11823,262.41824,262.51825,263.91824,265.91824,267.51825,267.71823,268.11823,269.41824,268.71823,270.31824,269.81824,269.61823,268.31824,267.31824,267.11823,268.21823,267.31824,265.41824,265.81824
270.61823,269.71823,270.31824,269.21823,269.11823,268.51825,267.01825,265.61823,265.11823,264.81824,264.01825,262.41824,262.01825,262.41824,262.41824,264.31824,263.81824,263.91824,263.91824,263.51825,263.11823,262.81824,262.91824,263.81824,264.61823,266.31824,267.21823,270.21823,269.91824,269.81824,269.51825,270.01825,269.21823,268.21823,268.31824,267.71823,267.11823,267.11823,267.31824,266.81824,267.21823
269.71823,268.61823,268.51825,267.01825,266.11823,266.11823,265.31824,263.71823,262.91824,263.51825,265.11823,263.11823,262.01825,263.41824,262.61823,264.11823,262.51825,262.01825,263.21823,262.31824,261.31824,262.01825,263.81824,265.61823,267.51825,268.31824,267.31824,270.41824,270.81824,270.11823,269.81824,268.41824,267.51825,267.21823,267.21823,266.91824,267.41824,266.71823,267.01825,267.41824,267.71823
