wind_kz.json
{"header": {"discipline":0,"disciplineName":"Meteorological products","gribEdition":2,"gribLength":871,"center":7,"centerName":"US National Weather Service - NCEP(WMC)","subcenter":0,"refTime":"2023-09-30T00:00:00.000Z","significanceOfRT":1,"significanceOfRTName":"Start of forecast","productStatus":0,"productStatusName":"Operational products","productType":1,"productTypeName":"Forecast products","productDefinitionTemplate":0,"productDefinitionTemplateName":"Analysis/forecast at horizontal level/layer at a point in time","parameterCategory":0,"parameterCategoryName":"UnknownDiscipline_0_Category_0","parameterNumber":0,"parameterNumberName":"UnknownParameter_D0_C0_0","parameterUnit":"Unknown","genProcessType":2,"genProcessTypeName":"Forecast","forecastTime":180,"surface1Type":1,"surface1TypeName":"Ground or water surface","surface1Value":0.0,"surface2Type":255,"surface2TypeName":"Missing","surface2Value":0.0,"gridDefinitionTemplate":0,"gridDefinitionTemplateName":"Latitude_Longitude","numberPoints":615,"shape":6,"shapeName":"Earth spherical with radius of 6,371,229.0 m","gridUnits":"degrees","resolution":48,"winds":"true","scanMode":64,"nx":41,"ny":15,"basicAngle":0,"lo1":47.0,"la1":41.0,"lo2":87.0,"la2":55.0,"dx":1.0,"dy":1.0}, "data":
[rows 0 to 14 of 15, columns 0 to 40 of 41]
295.20264,282.60263,287.30264,293.80264,293.40265,292.40265,297.00262,302.20264,301.10263,301.60263,300.70264,302.00262,301.30264,301.20264,301.30264,300.60263,300.10263,299.20264,299.80264,300.00262,301.00262,298.70264,298.30264,293.60263,297.60263,297.70264,292.50262,281.00262,279.70264,277.40265,275.50262,275.60263,288.20264,292.80264,294.30264,294.30264,293.00262,293.50262,294.00262,294.50262,291.50262
273.10263,292.90265,293.70264,293.20264,293.40265,291.80264,299.30264,297.00262,297.60263,298.50262,299.90265,299.70264,298.40265,299.10263,296.80264,299.90265,299.40265,298.60263,297.40265,297.90265,298.30264,298.30264,295.90265,285.80264,273.20264,275.70264,286.70264,280.70264,281.00262,277.40265,282.90265,272.20264,280.00262,259.00262,275.30264,291.20264,288.10263,291.20264,293.90265,286.90265,284.00262
299.80264,292.80264,293.20264,292.50262,291.00262,297.70264,297.80264,296.70264,296.30264,297.10263,297.60263,297.90265,298.70264,298.10263,295.10263,298.90265,297.80264,296.90265,296.80264,296.70264,297.00262,296.90265,296.40265,289.80264,293.30264,291.40265,291.20264,291.80264,289.00262,282.10263,274.90265,278.50262,282.40265,283.50262,284.30264,282.60263,274.50262,279.50262,279.70264,274.40265,273.40265
300.20264,292.40265,292.60263,291.70264,292.40265,297.40265,296.00262,295.70264,296.70264,296.70264,295.50262,296.10263,290.30264,289.70264,297.00262,298.00262,297.30264,297.20264,296.80264,296.80264,296.20264,291.60263,296.30264,295.80264,295.10263,294.20264,293.60263,291.70264,290.50262,291.10263,292.20264,291.30264,294.40265,294.20264,292.40265,288.80264,275.70264,266.00262,278.80264,286.70264,290.60263
299.60263,291.40265,291.90265,291.00262,293.30264,295.70264,296.40265,296.50262,295.00262,295.10263,295.50262,294.00262,289.00262,287.80264,286.80264,295.30264,297.30264,296.80264,295.80264,296.30264,296.10263,296.60263,296.30264,295.90265,295.30264,294.20264,290.60263,289.80264,292.10263,292.90265,295.50262,292.60263,281.50262,271.40265,283.70264,290.40265,291.80264,292.90265,292.90265,294.60263,293.00262
298.10263,297.40265,290.20264,291.10263,291.00262,290.60263,295.50262,295.40265,294.60263,294.90265,293.80264,294.00262,289.10263,288.70264,290.80264,294.30264,297.10263,296.10263,295.80264,296.30264,295.40265,295.30264,295.40265,294.90265,293.90265,292.20264,291.80264,287.30264,290.90265,293.10263,293.10263,294.40265,293.50262,291.40265,290.10263,289.00262,283.00262,285.10263,290.50262,291.80264,291.60263
295.50262,295.90265,295.90265,296.80264,294.60263,295.60263,295.00262,293.70264,294.10263,292.70264,292.80264,291.00262,289.40265,291.60263,291.70264,294.30264,295.30264,296.10263,295.40265,294.70264,294.20264,294.70264,294.90265,294.50262,290.60263,291.20264,290.90265,289.40265,289.40265,291.30264,291.40265,290.90265,292.70264,293.40265,290.50262,288.90265,283.40265,279.90265,277.60263,276.30264,287.20264
295.40265,295.20264,295.00262,295.40265,295.40265,294.80264,294.30264,293.10263,292.40265,290.10263,290.00262,287.40265,287.30264,290.40265,291.80264,293.40265,294.40265,295.30264,294.80264,292.70264,292.70264,292.50262,292.20264,290.80264,287.60263,284.70264,285.90265,287.00262,286.30264,289.00262,289.70264,289.60263,289.10263,286.10263,286.60263,287.00262,287.10263,285.40265,285.50262,285.20264,282.50262
294.40265,294.00262,293.50262,293.00262,292.70264,292.90265,292.00262,291.50262,291.40265,289.80264,288.50262,288.00262,286.60263,287.90265,290.10263,292.50262,293.10263,294.60263,293.90265,292.80264,290.50262,290.40265,289.00262,287.10263,284.20264,284.40265,283.70264,283.00262,283.00262,282.50262,286.40265,285.20264,286.10263,286.60263,286.70264,284.40265,283.70264,282.70264,273.60263,273.20264,273.40265
293.10263,288.30264,288.10263,288.60263,287.20264,287.80264,288.00262,288.60263,290.10263,289.20264,288.90265,287.00262,287.10263,286.70264,287.70264,290.80264,292.00262,293.30264,293.80264,293.40265,291.10263,290.40265,289.80264,287.60263,285.80264,284.10263,284.80264,285.40265,285.80264,287.00262,285.10263,286.30264,287.60263,287.20264,285.90265,285.20264,283.40265,277.30264,277.60263,275.40265,272.90265
286.60263,286.50262,286.20264,286.50262,288.10263,284.80264,284.20264,285.00262,287.30264,288.70264,288.90265,287.20264,288.10263,285.70264,288.20264,289.30264,290.00262,292.40265,292.20264,291.50262,291.70264,290.50262,287.60263,288.20264,287.10263,286.40265,285.30264,287.10263,289.40265,288.90265,287.80264,287.80264,286.70264,287.90265,287.30264,284.30264,279.80264,277.50262,277.40265,276.90265,275.80264
288.40265,288.00262,286.20264,287.80264,284.10263,284.70264,281.80264,282.40265,285.30264,287.40265,284.20264,286.10263,285.40265,284.30264,287.20264,289.30264,289.40265,290.70264,291.20264,290.60263,289.40265,288.70264,287.20264,287.80264,286.80264,287.70264,287.60263,289.70264,290.30264,289.40265,288.20264,287.60263,287.80264,284.70264,285.70264,284.00262,284.00262,282.90265,281.50262,281.40265,281.00262
283.60263,284.70264,286.10263,287.20264,286.60263,283.70264,281.40265,282.70264,284.30264,285.30264,283.20264,281.60263,283.50262,284.10263,286.50262,287.40265,288.80264,288.30264,289.70264,289.40265,289.30264,288.40265,287.00262,287.00262,287.90265,288.60263,289.90265,290.10263,290.90265,288.50262,288.20264,288.00262,287.70264,286.70264,286.10263,284.90265,283.40265,285.20264,282.60263,282.10263,282.10263
282.30264,282.80264,283.80264,283.40265,283.70264,280.90265,280.30264,281.30264,283.70264,285.90265,282.10263,278.80264,281.50262,284.10263,286.70264,288.10263,289.00262,289.20264,289.10263,290.20264,289.50262,289.00262,288.60263,288.40265,289.50262,289.10263,288.80264,289.00262,287.90265,287.70264,287.60263,287.10263,286.70264,285.60263,285.90265,284.30264,283.90265,283.10263,282.10263,281.90265,281.60263
278.90265,281.50262,284.70264,280.90265,282.40265,281.40265,280.90265,280.70264,285.70264,284.40265,281.90265,280.30264,282.10263,284.40265,285.30264,287.30264,288.60263,288.90265,289.90265,289.20264,289.60263,288.50262,288.40265,287.60263,287.30264,286.90265,288.20264,287.80264,287.80264,286.90265,285.90265,285.30264,286.50262,285.70264,285.40265,285.40265,284.00262,283.30264,283.80264,282.60263,282.10263
