wind_kz.json
{"header": {"discipline":0,"disciplineName":"Meteorological products","gribEdition":2,"gribLength":871,"center":7,"centerName":"US National Weather Service - NCEP(WMC)","subcenter":0,"refTime":"2023-09-29T06:00:00.000Z","significanceOfRT":1,"significanceOfRTName":"Start of forecast","productStatus":0,"productStatusName":"Operational products","productType":1,"productTypeName":"Forecast products","productDefinitionTemplate":0,"productDefinitionTemplateName":"Analysis/forecast at horizontal level/layer at a point in time","parameterCategory":0,"parameterCategoryName":"UnknownDiscipline_0_Category_0","parameterNumber":0,"parameterNumberName":"UnknownParameter_D0_C0_0","parameterUnit":"Unknown","genProcessType":2,"genProcessTypeName":"Forecast","forecastTime":240,"surface1Type":1,"surface1TypeName":"Ground or water surface","surface1Value":0.0,"surface2Type":255,"surface2TypeName":"Missing","surface2Value":0.0,"gridDefinitionTemplate":0,"gridDefinitionTemplateName":"Latitude_Longitude","numberPoints":615,"shape":6,"shapeName":"Earth spherical with radius of 6,371,229.0 m","gridUnits":"degrees","resolution":48,"winds":"true","scanMode":64,"nx":41,"ny":15,"basicAngle":0,"lo1":47.0,"la1":41.0,"lo2":87.0,"la2":55.0,"dx":1.0,"dy":1.0}, "data":
[rows 0 to 14 of 15, columns 0 to 40 of 41]
288.60004,284.50003,288.7,293.40002,293.2,292.40002,300.00003,297.60004,301.7,300.10004,302.2,303.2,298.00003,303.30002,304.10004,306.50003,306.40002,304.40002,308.10004,307.00003,312.00003,308.10004,310.40002,304.60004,306.00003,300.2,300.40002,288.80002,284.80002,284.50003,284.80002,276.60004,295.80002,304.00003,307.90002,310.2,315.60004,311.7,309.80002,309.40002,313.60004
271.7,283.60004,293.2,293.2,293.30002,291.7,302.50003,300.60004,299.90002,300.7,301.10004,299.90002,303.7,303.90002,305.7,305.80002,307.10004,307.2,306.80002,308.40002,310.80002,307.60004,307.40002,295.30002,273.30002,283.50003,292.80002,284.90002,286.60004,281.00003,288.2,273.60004,282.50003,265.80002,273.2,301.10004,304.7,307.10004,309.50003,299.00003,284.50003
284.40002,292.60004,292.90002,292.40002,290.80002,291.60004,293.60004,297.2,300.10004,299.2,297.80002,301.2,303.10004,303.7,301.30002,303.50003,304.7,306.40002,305.30002,308.10004,311.90002,309.10004,308.10004,298.60004,304.60004,301.60004,300.10004,299.2,297.00003,290.50003,277.50003,280.90002,291.80002,292.30002,294.80002,291.00003,284.00003,283.2,289.10004,283.50003,282.40002
286.2,291.80002,292.50003,291.7,290.90002,292.30002,298.2,300.90002,300.90002,300.00003,300.30002,299.80002,289.7,289.10004,300.90002,305.30002,303.10004,306.10004,307.10004,307.80002,306.7,306.00003,304.2,306.30002,305.2,305.10004,306.80002,305.2,300.90002,298.7,296.80002,298.00003,297.90002,302.40002,301.7,296.40002,279.10004,271.2,290.50003,299.80002,302.2
293.50003,291.00003,291.50003,290.60004,293.00003,297.80002,297.40002,300.50003,301.10004,300.60004,300.2,301.00003,288.60004,287.50003,286.2,303.90002,304.80002,303.40002,305.10004,302.40002,304.30002,307.00003,308.7,307.2,307.10004,308.40002,306.2,300.10004,307.50003,305.40002,298.7,300.7,288.40002,273.10004,292.60004,303.2,299.60004,308.2,308.00003,303.80002,300.10004
295.30002,296.00003,289.50003,290.40002,290.30002,289.80002,298.00003,297.50003,297.7,298.60004,299.40002,299.40002,290.10004,288.30002,295.60004,302.40002,300.60004,304.40002,303.7,303.40002,305.10004,302.50003,304.2,306.00003,301.90002,295.80002,307.90002,286.90002,301.90002,302.80002,304.40002,298.50003,299.40002,300.7,298.2,297.7,291.2,292.00003,301.60004,298.90002,301.7
294.7,295.60004,294.60004,295.40002,294.2,297.60004,297.7,296.30002,297.10004,297.00003,300.50003,298.40002,298.7,299.30002,299.80002,298.80002,300.90002,301.2,303.2,302.10004,300.00003,299.40002,299.2,299.80002,300.40002,301.30002,304.10004,306.10004,304.50003,302.10004,302.90002,301.60004,296.10004,296.2,298.60004,296.00003,294.90002,280.80002,278.80002,278.30002,292.50003
293.80002,294.50003,295.80002,294.2,293.7,294.90002,296.30002,295.90002,295.80002,295.80002,295.60004,294.90002,295.40002,295.80002,298.10004,298.10004,298.00003,298.50003,298.80002,297.7,296.2,298.30002,296.40002,297.2,297.10004,296.30002,296.2,298.30002,297.40002,299.10004,294.90002,289.30002,287.80002,293.00003,292.2,294.50003,297.40002,285.40002,292.10004,290.10004,291.90002
292.60004,293.80002,293.40002,294.00003,292.90002,294.00003,294.7,294.10004,293.50003,293.30002,292.90002,293.10004,292.30002,294.2,294.2,295.90002,295.60004,296.50003,294.80002,294.40002,293.00003,293.30002,294.00003,294.7,292.30002,293.60004,292.90002,293.40002,293.7,293.30002,295.80002,295.90002,295.60004,286.2,291.90002,290.30002,294.00003,295.10004,280.40002,277.40002,282.10004
291.7,291.80002,292.2,292.30002,291.60004,292.40002,292.00003,291.7,290.50003,291.60004,291.40002,290.7,291.60004,291.50003,291.7,291.60004,293.60004,294.00003,292.90002,292.30002,291.7,291.7,292.90002,293.30002,292.80002,291.40002,291.7,292.2,292.60004,293.7,295.2,296.2,298.60004,298.10004,294.60004,284.2,287.7,286.30002,287.80002,283.90002,283.80002
291.90002,292.2,291.7,291.50003,292.60004,292.00003,291.30002,291.90002,290.7,290.90002,289.00003,288.00003,290.00003,288.00003,288.7,289.30002,289.30002,290.30002,292.00003,288.90002,289.50003,289.40002,289.90002,291.30002,290.80002,290.40002,287.7,290.40002,291.7,295.00003,295.40002,296.40002,295.30002,293.00003,294.30002,291.10004,280.7,279.50003,285.00003,286.7,282.30002
291.80002,292.30002,291.7,291.90002,290.90002,290.7,290.50003,289.90002,290.60004,290.00003,287.7,286.80002,286.30002,285.00003,286.2,287.10004,287.90002,287.60004,289.7,288.80002,287.10004,286.7,286.60004,287.90002,288.00003,289.80002,289.40002,289.7,290.2,291.30002,291.80002,293.60004,292.40002,292.7,291.50003,289.30002,291.2,288.60004,287.30002,287.90002,286.2
286.80002,289.60004,291.40002,289.60004,290.50003,288.00003,286.7,285.40002,284.2,284.00003,281.30002,279.90002,283.40002,287.10004,289.00003,288.7,289.90002,289.00003,287.80002,285.7,285.7,286.50003,285.80002,286.30002,287.60004,287.90002,289.30002,288.80002,287.2,289.7,290.7,290.90002,291.7,292.00003,292.10004,291.10004,291.00003,290.2,287.7,287.40002,283.7
289.10004,290.10004,287.30002,290.2,290.2,289.90002,287.90002,286.00003,289.50003,287.60004,281.50003,279.30002,281.80002,282.60004,283.50003,284.2,284.60004,284.2,284.00003,284.50003,285.90002,285.50003,285.2,287.10004,288.2,288.40002,287.30002,287.10004,287.10004,286.10004,287.50003,288.50003,287.30002,288.60004,289.30002,289.7,289.60004,289.30002,289.80002,283.30002,284.60004
286.30002,286.90002,284.40002,285.10004,283.90002,283.40002,286.00003,285.80002,287.80002,285.40002,284.30002,282.40002,281.2,284.40002,285.40002,283.50003,283.50003,283.00003,281.7,280.80002,282.00003,284.10004,283.50003,282.90002,284.80002,285.40002,285.00003,284.60004,285.60004,285.50003,285.60004,285.00003,285.7,287.10004,284.30002,285.60004,289.10004,287.90002,288.50003,289.50003,288.00003
