wind_kz.json
{"header": {"discipline":0,"disciplineName":"Meteorological products","gribEdition":2,"gribLength":1025,"center":7,"centerName":"US National Weather Service - NCEP(WMC)","subcenter":0,"refTime":"2023-08-23T18:00:00.000Z","significanceOfRT":1,"significanceOfRTName":"Start of forecast","productStatus":0,"productStatusName":"Operational products","productType":1,"productTypeName":"Forecast products","productDefinitionTemplate":0,"productDefinitionTemplateName":"Analysis/forecast at horizontal level/layer at a point in time","parameterCategory":2,"parameterCategoryName":"UnknownDiscipline_0_Category_2","parameterNumber":2,"parameterNumberName":"UnknownParameter_D0_C2_2","parameterUnit":"Unknown","genProcessType":2,"genProcessTypeName":"Forecast","forecastTime":0,"surface1Type":103,"surface1TypeName":"Specified height level above ground","surface1Value":10.0,"surface2Type":255,"surface2TypeName":"Missing","surface2Value":0.0,"gridDefinitionTemplate":0,"gridDefinitionTemplateName":"Latitude_Longitude","numberPoints":615,"shape":6,"shapeName":"Earth spherical with radius of 6,371,229.0 m","gridUnits":"degrees","resolution":48,"winds":"true","scanMode":64,"nx":41,"ny":15,"basicAngle":0,"lo1":47.0,"la1":41.0,"lo2":87.0,"la2":55.0,"dx":1.0,"dy":1.0}, "data":
[rows 0 to 14 of 15, columns 0 to 40 of 41]
-5.1632667,0.3067334,1.5567334,0.8167334,1.1267334,1.6667334,3.0767334,3.4767334,1.2267334,2.7167335,2.0367334,3.2167335,2.5567334,1.8467335,2.2367334,-1.3132666,-1.1432666,2.8367333,0.9867334,0.3067334,2.0567334,0.4267334,-2.1832666,-1.3632666,1.7867334,-2.2532666,-2.9932666,-0.0032666016,2.3067334,1.0867333,0.1867334,-0.2032666,-0.5332666,0.4867334,-0.0532666,-0.1932666,-0.3432666,-0.023266602,-1.1832666,-0.103266604,0.5867334
2.1867335,1.8067334,0.5967334,-2.2032666,-0.3432666,2.3867333,4.3967333,2.7567334,5.9167333,3.8767333,4.2167335,3.6567335,2.7767334,2.6067333,2.8767333,2.6367333,2.2867334,0.2567334,0.5367334,1.3167334,-0.5832666,-1.5532666,-0.7732666,-2.2432666,-0.0332666,0.1067334,-1.0232666,0.7367334,-3.5732665,-0.4832666,-0.0532666,0.7567334,-0.5532666,-0.9332666,0.8967334,1.4567333,0.8767334,0.5467334,0.6367334,-0.33326662,-2.3532667
1.3667334,-1.8532666,0.6167334,1.6867334,2.8267334,2.6467333,4.4167333,2.2867334,1.9267334,1.7067333,3.8467333,3.2967334,3.8667333,4.766733,0.016733399,2.3067334,2.1067333,1.7667334,-0.1132666,1.7267334,0.2667334,1.6167334,-0.5132666,0.3867334,1.3967334,1.3067334,0.1867334,0.9167334,-2.6132667,-0.6132666,-0.3032666,2.0667334,0.0667334,-0.33326662,1.1067334,-1.2032666,1.3767334,-0.3232666,0.23673339,1.4667335,0.7967334
0.3267334,3.8367333,5.2767334,4.7867336,2.7467334,1.4467334,0.4267334,1.1967334,2.6567335,4.2967334,4.3967333,5.1367335,4.9067335,3.0267334,1.9267334,3.0667334,2.7867334,1.1967334,1.9267334,2.8367333,2.6767335,1.0067334,4.5367336,0.7267334,-0.3832666,1.1667334,-3.0132666,-4.0932665,-1.2032666,0.8667334,-0.8532666,0.1367334,-2.7732666,-1.8732666,-1.6032666,-2.5332665,-1.3432666,0.6367334,1.2467334,0.1967334,1.8567334
2.8467333,5.5467334,5.9067335,9.606733,4.5267334,2.6467333,1.1167334,3.0467334,4.9467335,4.3867335,5.0867333,1.8467335,0.7867334,3.2567334,1.5067334,2.3367333,3.7467334,3.6267333,3.5667334,1.3967334,2.7267334,4.1267333,4.1067333,4.9467335,2.7567334,2.9967334,-3.7732666,-0.5332666,-1.8632666,-2.2932665,-4.5632668,-2.5232666,-2.4432666,-0.0932666,3.8767333,2.7067335,0.23673339,-3.2132666,-2.5132666,1.4267334,4.3067336
4.8067336,3.5067334,9.566733,7.3867335,7.5667334,4.5367336,3.1467333,2.4967334,0.6167334,2.9767334,3.5267334,3.2767334,5.5567336,4.8167334,4.9067335,4.8367333,3.6767335,2.6867335,2.5767334,2.8567333,3.1767335,3.9567335,4.496733,3.1067333,0.6867334,-3.0332665,-2.8732667,-0.7332666,-2.8432665,-3.2332666,-3.6432667,-3.2432666,-3.3232665,-2.0132666,-0.5032666,-2.0232666,0.3367334,0.5667334,2.1567335,0.7067334,-3.4732666
3.2367334,-0.063266605,0.026733398,-0.6032666,-3.1732666,1.5167334,-3.0032666,-1.5232666,0.7367334,2.3767333,3.3767333,5.0267334,5.476733,6.206733,5.3967333,5.9667335,3.4067335,-0.2232666,3.1567335,1.4367334,2.8367333,4.1067333,3.2867334,4.3067336,1.6967334,-0.013266602,-0.6232666,0.6667334,-0.0432666,0.9867334,-0.4032666,0.2967334,-1.4832666,-3.0732665,-3.9932666,-1.4132667,-1.1232666,2.6867335,-0.5832666,0.7467334,-0.2932666
2.4667335,1.9467334,-0.4432666,-2.3432665,-2.6032667,-2.3732667,-1.9232666,-0.2732666,1.9367334,2.8067334,1.9967334,2.6067333,4.5567336,5.1567335,5.4667335,3.0167334,0.1467334,1.7567334,1.8667334,-3.9632666,-0.6232666,2.7267334,4.0967336,0.7467334,1.4867334,1.2467334,-0.9032666,-1.2732666,1.0367334,3.3167334,-2.2532666,-4.0532665,-3.2232666,-1.8032666,-2.1832666,1.4567333,2.5667334,3.8767333,2.4967334,1.8267334,-1.1832666
0.7467334,-1.5632666,-1.4032665,-2.9132667,-2.7232666,-1.4932666,0.0567334,0.1067334,0.7467334,2.1767335,1.6767334,3.3167334,5.1567335,5.5667334,5.8167334,5.5667334,3.1767335,2.9067335,4.0967336,-3.3232665,-3.2632666,-1.5432667,-0.2832666,3.2367334,-2.0832665,-2.1732666,-2.3332665,-1.9632666,-0.1932666,-1.8032666,-0.6032666,0.2867334,0.7667334,-1.9632666,-0.0332666,-0.6032666,0.8867334,-1.5732666,-1.6432666,0.046733398,-2.4132667
1.5567334,-1.7532666,-1.5032666,-1.2732666,0.1367334,1.2867334,3.0767334,0.6167334,1.5867333,2.1567335,3.3167334,4.6767335,4.456733,4.0967336,6.0267334,5.7367334,4.1667333,3.8067334,2.7867334,0.0867334,0.3267334,-1.9732666,-0.3132666,3.1667335,3.7167335,-2.0532665,0.6267334,-0.5132666,-0.4232666,-2.1132667,0.2667334,-0.3132666,-0.6732666,-1.5432667,-1.0332665,-0.7732666,-1.8532666,-0.1432666,-2.3232665,0.0367334,-0.5932666
-0.5332666,-1.4632666,0.1567334,2.4167335,2.6867335,2.0267334,0.7967334,0.4767334,1.7167335,2.0067334,3.0467334,0.5067334,-0.0732666,0.3867334,-0.4132666,-1.0732666,0.5167334,1.5867333,4.6567335,4.8367333,5.8667336,-0.9532666,-1.8532666,-1.0332665,2.8267334,3.1067333,0.6067334,1.0467334,-1.0932666,0.4667334,-4.0332665,0.3367334,0.0667334,-0.9932666,-0.7032666,-1.3832666,-1.6832666,-0.4232666,-1.0232666,1.1967334,-1.2832665
-1.2432666,-0.3132666,0.9467334,0.1667334,-2.4632666,-1.7332666,-0.2932666,-1.1832666,0.6367334,0.9667334,-0.1932666,1.4467334,0.1867334,0.0067333984,-0.2732666,-1.3632666,0.3967334,0.4067334,2.0467334,-0.2432666,-0.023266602,-0.9332666,-1.5332665,0.6967334,0.5367334,4.0567336,1.6667334,0.7967334,1.1367334,-0.4932666,0.3167334,-0.6432666,1.0767334,-1.0232666,-1.6532665,-1.6132666,-3.0132666,-1.2232666,-0.3432666,-0.4632666,-0.4832666
-0.013266602,-0.6532666,-0.6632666,-0.4932666,-0.9232666,0.23673339,1.1567334,-0.2532666,0.7767334,0.8567334,0.076733395,0.9167334,1.4967334,0.6767334,1.7967334,0.9767334,-0.0032666016,0.0967334,0.7067334,0.8567334,3.2267334,0.3667334,1.4567333,1.2767334,-0.0332666,4.5467334,9.286734,-0.063266605,-1.9432666,-2.1932666,-2.2532666,-2.8032665,-3.3132665,-3.5132666,-2.9832666,-2.7132666,-3.0432665,-1.9432666,-2.0632665,-1.2932667,-1.1832666
-0.8632666,0.5367334,2.4167335,-1.3932666,1.3067334,1.8067334,0.5667334,0.6767334,1.0167334,1.8567334,0.9467334,1.3567334,1.6167334,1.4067334,2.5967333,2.7567334,-0.013266602,0.1867334,0.7467334,0.5867334,0.1367334,0.5167334,3.8167334,2.3467333,-0.4032666,5.476733,4.746733,-1.4732666,-1.1332666,-3.0732665,-3.3932667,-3.2132666,-3.2732666,-3.2432666,-2.4332666,-3.2432666,-2.9232666,-2.6532667,-2.0132666,-0.5732666,-0.5232666
-0.3432666,-0.6232666,-0.2232666,0.9867334,1.8267334,0.1767334,-0.2132666,-0.1932666,1.0967335,2.1267333,0.8767334,1.9267334,0.6967334,1.2167335,0.8367334,1.3267334,2.5467334,1.1867334,1.0767334,1.3867334,1.1467334,0.7367334,0.8367334,1.5667334,0.2567334,2.9767334,4.0267334,0.3267334,-2.6532667,-2.6532667,-3.3132665,-4.0132666,-3.1632667,-2.7332666,-3.5332665,-2.5532665,-1.7932667,-2.2032666,-0.5532666,-0.33326662,-1.1832666
