wind_kz.json
{"header": {"discipline":0,"disciplineName":"Meteorological products","gribEdition":2,"gribLength":871,"center":7,"centerName":"US National Weather Service - NCEP(WMC)","subcenter":0,"refTime":"2023-09-25T06:00:00.000Z","significanceOfRT":1,"significanceOfRTName":"Start of forecast","productStatus":0,"productStatusName":"Operational products","productType":1,"productTypeName":"Forecast products","productDefinitionTemplate":0,"productDefinitionTemplateName":"Analysis/forecast at horizontal level/layer at a point in time","parameterCategory":0,"parameterCategoryName":"UnknownDiscipline_0_Category_0","parameterNumber":0,"parameterNumberName":"UnknownParameter_D0_C0_0","parameterUnit":"Unknown","genProcessType":2,"genProcessTypeName":"Forecast","forecastTime":0,"surface1Type":1,"surface1TypeName":"Ground or water surface","surface1Value":0.0,"surface2Type":255,"surface2TypeName":"Missing","surface2Value":0.0,"gridDefinitionTemplate":0,"gridDefinitionTemplateName":"Latitude_Longitude","numberPoints":615,"shape":6,"shapeName":"Earth spherical with radius of 6,371,229.0 m","gridUnits":"degrees","resolution":48,"winds":"true","scanMode":64,"nx":41,"ny":15,"basicAngle":0,"lo1":47.0,"la1":41.0,"lo2":87.0,"la2":55.0,"dx":1.0,"dy":1.0}, "data":
[rows 0 to 14 of 15, columns 0 to 40 of 41]
300.21494,288.21494,297.11493,294.41495,294.11493,293.21494,302.01495,306.51495,304.11493,307.51495,304.91495,306.51495,305.71494,305.41495,306.01495,307.81494,309.71494,306.21494,309.11493,307.41495,310.91495,308.01495,306.71494,306.81494,307.51495,308.81494,301.41495,295.11493,295.41495,292.71494,288.41495,284.01495,300.31494,307.51495,309.71494,310.01495,315.81494,311.31494,307.81494,305.61493,306.61493
284.61493,294.91495,293.91495,294.11493,293.91495,292.61493,306.71494,302.91495,302.81494,303.31494,305.01495,304.11493,304.71494,304.01495,304.81494,305.61493,311.11493,310.51495,310.21494,308.31494,309.11493,308.21494,306.71494,299.91495,294.91495,293.51495,297.91495,291.81494,298.31494,281.51495,293.81494,274.31494,294.11493,266.51495,291.41495,300.21494,304.81494,303.41495,305.11493,297.31494,284.11493
296.91495,293.71494,294.21494,293.41495,291.71494,301.51495,301.81494,301.91495,302.51495,302.31494,302.31494,303.31494,303.81494,304.21494,301.81494,303.81494,305.11493,306.81494,307.51495,312.31494,310.71494,303.81494,305.41495,296.81494,302.31494,300.51495,301.01495,301.91495,302.21494,292.61493,286.01495,288.91495,293.01495,294.91495,293.51495,291.61493,285.81494,288.51495,287.71494,276.11493,273.71494
299.21494,293.01495,293.71494,292.71494,294.21494,299.51495,299.51495,301.51495,302.01495,302.21494,302.21494,301.01495,291.71494,291.11493,302.11493,304.21494,301.51495,303.21494,304.51495,306.71494,304.61493,301.61493,301.51495,300.81494,300.31494,299.81494,300.71494,297.91495,296.41495,298.21494,300.01495,298.21494,302.51495,302.51495,303.91495,297.01495,283.11493,272.41495,285.31494,291.31494,293.41495
298.21494,292.61493,292.81494,292.31494,295.51495,300.71494,300.71494,301.51495,299.71494,301.01495,301.91495,301.21494,290.71494,289.61493,288.21494,303.01495,302.91495,300.81494,301.61493,299.91495,300.91495,302.11493,302.81494,302.31494,302.61493,302.01495,299.91495,298.11493,303.11493,302.41495,300.31494,297.21494,290.01495,275.91495,292.41495,298.21494,297.11493,301.91495,300.91495,297.11493,295.61493
296.41495,300.31494,291.81494,292.61493,292.81494,292.51495,302.31494,300.91495,299.31494,300.21494,299.11493,298.81494,291.81494,290.61493,296.61493,301.41495,300.91495,302.81494,301.61493,301.91495,302.11493,301.31494,301.71494,301.31494,301.71494,301.71494,303.31494,289.41495,300.91495,301.51495,304.11493,302.01495,300.71494,298.81494,293.81494,295.31494,289.31494,288.01495,299.81494,298.31494,292.31494
299.71494,300.51495,300.31494,301.91495,299.41495,303.51495,301.71494,299.61493,299.31494,298.71494,299.51495,297.71494,297.91495,297.91495,298.61493,299.91495,301.71494,302.01495,303.61493,301.91495,302.31494,302.41495,301.01495,299.31494,298.41495,299.41495,302.61493,303.61493,298.21494,304.31494,300.61493,294.21494,297.31494,291.31494,288.61493,285.81494,287.31494,286.51495,284.11493,282.51495,282.91495
302.41495,303.41495,305.11493,297.81494,301.61493,301.61493,302.51495,301.41495,300.71494,299.61493,298.81494,297.41495,298.01495,296.61493,298.61493,299.41495,300.01495,300.91495,301.71494,301.81494,300.41495,302.51495,301.71494,300.41495,299.11493,293.21494,288.41495,290.11493,290.61493,291.51495,295.71494,291.31494,284.31494,291.11493,278.81494,280.21494,283.31494,287.61493,290.51495,287.91495,288.31494
301.61493,301.61493,302.21494,296.61493,298.31494,301.81494,303.11493,302.91495,302.01495,300.91495,299.91495,300.31494,299.01495,299.61493,299.01495,300.41495,300.01495,301.41495,299.41495,299.41495,298.61493,299.31494,299.61493,293.51495,290.11493,292.61493,290.01495,290.91495,292.41495,291.61493,292.21494,287.81494,288.61493,282.21494,281.61493,278.71494,277.11493,281.61493,278.71494,279.01495,281.61493
301.31494,297.51495,302.11493,299.21494,302.21494,298.51495,304.31494,295.81494,293.91495,294.21494,296.61493,300.41495,301.71494,300.51495,299.81494,299.41495,300.91495,301.71494,300.71494,295.51495,289.91495,289.41495,288.81494,288.81494,289.21494,288.61493,288.21494,286.21494,284.81494,286.21494,286.61493,288.81494,285.41495,283.81494,282.01495,279.71494,275.41495,276.61493,275.11493,281.41495,277.81494
297.41495,299.91495,300.71494,301.71494,303.11493,301.01495,297.21494,300.41495,304.01495,295.81494,300.11493,296.21494,299.41495,291.41495,291.31494,291.61493,299.41495,300.51495,298.21494,298.11493,291.81494,298.71494,298.41495,299.01495,292.11493,289.51495,286.61493,287.51495,287.01495,287.91495,288.11493,290.41495,283.81494,288.01495,283.31494,278.81494,273.51495,276.41495,280.51495,277.61493,276.81494
299.71494,300.71494,301.91495,301.11493,300.61493,301.91495,300.11493,300.11493,300.81494,296.61493,297.01495,297.21494,294.31494,291.11493,295.01495,300.51495,299.51495,299.21494,298.71494,298.31494,296.61493,296.31494,289.41495,289.51495,291.71494,297.61493,296.71494,292.71494,290.71494,289.01495,293.11493,293.01495,291.21494,286.41495,282.01495,280.61493,279.51495,278.21494,276.61493,279.21494,280.31494
295.01495,296.61493,297.51495,297.31494,297.41495,297.21494,298.71494,300.01495,299.51495,297.71494,294.81494,293.81494,296.31494,295.51495,296.91495,297.51495,298.11493,297.11493,297.81494,295.81494,296.31494,295.41495,292.01495,288.01495,289.31494,292.61493,290.21494,288.41495,291.51495,295.11493,294.61493,293.11493,285.71494,282.51495,281.61493,281.11493,280.31494,279.61493,278.81494,277.21494,274.91495
294.71494,295.31494,291.61493,296.21494,296.21494,296.81494,296.21494,295.41495,296.81494,296.31494,293.41495,291.41495,293.81494,294.21494,295.21494,296.11493,296.21494,295.81494,296.21494,296.31494,296.71494,296.41495,296.61493,296.31494,296.91495,291.81494,289.91495,289.41495,293.01495,293.01495,289.61493,285.91495,282.61493,280.71494,280.41495,279.41495,278.91495,277.71494,277.91495,276.81494,276.21494
292.51495,294.91495,287.01495,295.11493,295.41495,295.11493,295.01495,295.01495,296.81494,296.21494,293.01495,294.41495,292.01495,293.41495,294.51495,295.91495,295.61493,295.51495,297.11493,296.21494,297.51495,297.31494,297.31494,296.61493,296.41495,296.31494,295.21494,293.51495,295.11493,289.21494,287.51495,283.21494,280.41495,279.51495,279.11493,277.81494,278.01495,278.71494,276.51495,279.91495,276.91495
