wind_kz.json
{"header": {"discipline":0,"disciplineName":"Meteorological products","gribEdition":2,"gribLength":1025,"center":7,"centerName":"US National Weather Service - NCEP(WMC)","subcenter":0,"refTime":"2023-08-23T18:00:00.000Z","significanceOfRT":1,"significanceOfRTName":"Start of forecast","productStatus":0,"productStatusName":"Operational products","productType":1,"productTypeName":"Forecast products","productDefinitionTemplate":0,"productDefinitionTemplateName":"Analysis/forecast at horizontal level/layer at a point in time","parameterCategory":2,"parameterCategoryName":"UnknownDiscipline_0_Category_2","parameterNumber":3,"parameterNumberName":"UnknownParameter_D0_C2_3","parameterUnit":"Unknown","genProcessType":2,"genProcessTypeName":"Forecast","forecastTime":240,"surface1Type":103,"surface1TypeName":"Specified height level above ground","surface1Value":10.0,"surface2Type":255,"surface2TypeName":"Missing","surface2Value":0.0,"gridDefinitionTemplate":0,"gridDefinitionTemplateName":"Latitude_Longitude","numberPoints":615,"shape":6,"shapeName":"Earth spherical with radius of 6,371,229.0 m","gridUnits":"degrees","resolution":48,"winds":"true","scanMode":64,"nx":41,"ny":15,"basicAngle":0,"lo1":47.0,"la1":41.0,"lo2":87.0,"la2":55.0,"dx":1.0,"dy":1.0}, "data":
[rows 0 to 14 of 15, columns 0 to 40 of 41]
-1.1488714,-3.1588714,0.33112854,3.8311286,-0.59887147,-4.6488714,-1.0188714,0.46112853,-1.2688714,-1.2388715,-2.0788715,1.1911285,0.11112854,-1.8888714,-3.2188714,-4.2188716,-4.4388714,-3.2288713,-5.0188713,-3.4888716,-2.7588716,-1.6388714,-1.6688714,-1.4988714,-1.7888714,-0.45887145,-0.18887146,0.44112855,0.74112856,3.2111285,1.0511285,-1.1488714,-0.02887146,-0.7788715,-1.3988714,-2.0088716,-3.5388715,-3.0288715,-4.3088713,-4.4188714,0.31112853
4.5311284,-2.6688714,-7.1388717,2.3811285,-1.6588714,-3.7988715,1.0511285,0.90112853,-0.13887146,-0.8288715,0.03112854,0.50112855,-0.5888715,-2.0688715,-4.1088715,-4.4088717,-5.0788713,-7.0688715,-5.2188716,-5.6388717,-5.1588717,-4.1088715,-2.3588715,1.6311285,1.1511285,0.27112854,-2.8288715,0.87112856,-1.1188715,-0.16887146,0.39112854,2.2611284,-1.1488714,-2.1088715,-2.1888714,-1.3188715,-2.0888715,-4.2388716,-3.7288713,-2.6888714,0.77112854
0.23112854,-8.528872,-2.0988715,0.51112854,-0.12887146,-1.8488715,2.3711286,1.8311286,0.51112854,-2.5588715,-0.06887146,0.33112854,-0.75887144,-1.1488714,-2.4788713,-3.5188715,-3.9788713,-4.8188715,-5.0088716,-4.0288715,-3.5588715,-4.0188713,-6.0788713,-2.1188715,-1.0588715,-0.08887146,-0.86887145,-0.7188715,-0.6488715,1.6211286,3.5111284,1.5411285,2.2511284,-0.8988715,-1.1388714,3.1711285,3.1311285,-0.35887146,0.46112853,-2.3588715,-1.5588715
-1.0688715,-6.2988715,6.8611283,3.6211286,0.6711285,2.0611286,3.3411286,3.9811285,2.1811285,0.9711285,-0.08887146,-0.5288715,-1.1088715,-2.1288714,-1.9188714,-3.1388714,-3.8288715,-4.8288713,-4.4488716,-4.5188713,-4.3788714,-2.8288715,-1.4288715,-4.1488714,-4.3988714,-3.7688715,-3.1688714,-4.6088715,-2.8388715,-3.8688715,-2.0988715,-1.6488714,-2.0788715,-1.2888714,-0.29887146,-3.9888716,-2.0188715,0.20112854,2.8911285,1.5811286,2.5411286
-2.1788714,-5.2788715,7.5611286,5.4211287,-0.44887146,3.2011285,2.0411286,4.3611283,3.4611285,4.3311286,2.9511285,0.9111285,-1.0788715,-2.9588714,-1.6288714,-1.8488715,-3.1188715,-3.7488716,-3.5788715,-3.6088715,-4.0888715,-2.6088715,-1.4488715,-2.4288714,-3.8088715,-3.3988714,-3.4388714,-3.0188715,-3.0488715,-3.5188715,-4.7588716,-1.7888714,2.2111285,3.2611284,-1.3888714,-0.7088715,0.06112854,-1.5188714,2.0511286,2.9311285,4.0411286
-3.6988714,5.7211285,5.7011285,3.9611285,1.8311286,5.151129,3.4711285,2.2711287,1.4111285,4.2111287,3.1311285,1.5811286,-0.32887146,-2.0888715,0.18112855,-0.03887146,-2.4588714,-3.0988715,-3.4888716,-3.2088714,-4.2288713,-3.2988715,-0.41887146,0.63112855,-0.48887146,-1.7288715,-1.9188714,-2.7288713,-2.8388715,-3.1988714,-3.8088715,-4.0088716,-4.5588713,-2.4088714,1.9611286,1.1211286,3.1611285,2.8011286,2.9911284,2.8211286,2.3411286
1.9711286,5.6711287,6.0011287,3.8211286,3.8111286,4.2211285,3.3511286,3.0411286,3.2011285,6.0611286,5.3311286,3.4111285,2.7211285,1.7711285,0.32112855,-0.01887146,-0.5288715,-2.8288715,-1.7488714,-1.3588715,-2.4888716,-3.5088716,-4.0088716,0.18112855,1.5411285,1.4111285,0.22112854,-1.1788715,-2.0188715,-1.9688715,-4.2488713,-3.9688714,-5.6988716,-4.7288713,-1.0788715,-2.1788714,-2.8288715,-1.1488714,1.5011286,0.48112854,1.5111285
7.6311283,7.0611286,7.6211286,5.6011286,4.0511284,3.3011286,3.9411285,3.5111284,3.6511285,5.3011284,6.1911287,4.1011286,3.5411286,2.5911286,2.7111285,1.4211285,2.2611284,0.11112854,-1.9288715,0.12112854,-1.0688715,-1.4088714,-2.4288714,-2.2188714,-2.0788715,-0.53887147,2.2811286,1.5711285,1.3811285,1.1511285,-0.9088715,-1.3588715,-3.2788715,-3.7288713,-1.4888715,-0.9588715,-2.7688715,-0.59887147,0.83112854,0.27112854,-1.8388715
1.6511285,8.511128,7.1911287,7.0811286,5.3911285,4.5911283,4.2611284,3.9411285,3.7711287,4.0911283,4.2011285,4.2911286,3.3011286,3.8511286,3.7411284,3.4211285,3.2911286,2.8011286,2.1411285,0.23112854,0.77112854,1.8211285,1.5511285,-0.98887146,-0.28887147,-0.78887147,0.28112853,0.21112853,0.10112854,0.32112855,2.1811285,1.8711286,2.3911285,-0.25887147,-0.04887146,-1.4488715,-3.2988715,-0.84887147,0.07112854,-0.37887147,-0.94887143
-7.9688716,-1.1488714,5.1711287,7.2811284,4.8611283,5.7311287,4.3311286,3.7411284,3.9911284,4.0411286,3.9711285,4.0911283,3.9511285,4.2711287,4.7411284,4.1711287,3.7211285,3.1311285,3.3511286,2.8711286,1.9511285,0.94112855,1.1511285,2.9911284,2.0811286,0.21112853,-0.06887146,0.58112854,1.1111286,1.2511286,1.5911286,2.8011286,3.2611284,2.2411284,0.93112856,0.43112853,-0.09887146,-2.3988714,-0.16887146,2.7311285,1.8511286
-5.1288714,-7.1788716,-4.4488716,3.2611284,4.5111284,4.8611283,5.2811284,4.9411287,4.4211287,3.6711285,3.4111285,3.4811285,3.8111286,3.7511284,3.5911286,4.3411283,4.3711286,4.2811284,3.9611285,3.7011285,3.1911285,3.0511286,2.3011286,3.1811285,3.4411285,3.4411285,2.3011286,1.6911285,2.4911284,2.4011285,2.6011286,3.6811285,3.8611286,3.1711285,3.5011284,1.2511286,0.18112855,1.6211286,0.89112854,0.7311285,0.08112854
-6.6488714,-4.7888713,-4.5288715,-4.9488716,-3.7088714,-3.4288714,-1.3488715,1.6411285,3.2711287,3.7511284,3.4111285,3.0411286,3.5511286,4.0011287,3.5511286,4.0711284,4.6711287,4.7811284,5.4411287,4.7811284,4.2811284,3.4911284,3.1311285,3.3511286,3.5311286,4.3611283,4.5811286,5.0411286,4.0611286,3.7711287,3.1411285,3.7111285,3.7211285,3.9811285,3.4211285,3.5011284,3.4011285,3.2511284,2.7511284,1.8111285,0.88112855
-3.1988714,-5.0688715,-3.7788715,-4.4688716,-4.9388714,-2.6388714,-4.5388713,-3.5488715,-3.9788713,-1.2788714,-0.13887146,-1.0488715,1.2211286,1.0911286,0.08112854,0.36112854,1.4911286,2.1011286,3.0611286,3.5711286,4.8911285,5.1411285,4.6711287,4.5011287,4.1611285,4.9411287,5.1411285,4.9511285,5.5111284,6.1211286,5.2411284,4.4911284,3.5811286,3.5311286,5.2811284,4.9111285,3.6911285,2.2711287,3.5011284,2.5011284,1.2511286
-3.4188714,-4.4188714,-5.0388713,-4.8188715,-4.3588715,-4.3088713,-4.5788713,-3.8788714,-3.6688714,-3.4788713,-0.32887146,1.2811285,-0.53887147,-3.7288713,-1.3688715,1.0911286,2.2411284,-1.0888715,-0.32887146,1.7811285,3.3211286,4.9711285,4.5211287,3.8911285,4.0411286,3.9511285,4.3511286,5.2711287,5.9111285,6.6011286,7.4711285,6.5111284,5.4611287,4.7311287,3.8611286,4.4111285,3.8511286,2.6911285,2.2211285,2.3511286,2.7211285
-2.8588715,-3.7088714,-5.1188717,-3.6988714,-3.8288715,-3.0288715,-2.9288714,-3.0788715,-3.9188714,-3.8888714,-1.7788714,-2.3388715,-2.0688715,-0.68887144,-3.4888716,-4.1488714,-3.5488715,-2.8388715,-2.9688714,-3.3688715,0.7311285,2.5611286,2.4411285,2.0711286,2.1211286,2.7411284,3.7811286,4.7811284,5.4511285,6.0111284,6.5711284,8.261128,5.9111285,3.8411286,4.0811286,5.5211287,4.2211285,3.9611285,3.6311285,3.7211285,1.3311286
