wind_kz.json
{"header": {"discipline":0,"disciplineName":"Meteorological products","gribEdition":2,"gribLength":1025,"center":7,"centerName":"US National Weather Service - NCEP(WMC)","subcenter":0,"refTime":"2023-09-09T12:00:00.000Z","significanceOfRT":1,"significanceOfRTName":"Start of forecast","productStatus":0,"productStatusName":"Operational products","productType":1,"productTypeName":"Forecast products","productDefinitionTemplate":0,"productDefinitionTemplateName":"Analysis/forecast at horizontal level/layer at a point in time","parameterCategory":2,"parameterCategoryName":"UnknownDiscipline_0_Category_2","parameterNumber":2,"parameterNumberName":"UnknownParameter_D0_C2_2","parameterUnit":"Unknown","genProcessType":2,"genProcessTypeName":"Forecast","forecastTime":180,"surface1Type":103,"surface1TypeName":"Specified height level above ground","surface1Value":10.0,"surface2Type":255,"surface2TypeName":"Missing","surface2Value":0.0,"gridDefinitionTemplate":0,"gridDefinitionTemplateName":"Latitude_Longitude","numberPoints":615,"shape":6,"shapeName":"Earth spherical with radius of 6,371,229.0 m","gridUnits":"degrees","resolution":48,"winds":"true","scanMode":64,"nx":41,"ny":15,"basicAngle":0,"lo1":47.0,"la1":41.0,"lo2":87.0,"la2":55.0,"dx":1.0,"dy":1.0}, "data":
[rows 0 to 14 of 15, columns 0 to 40 of 41]
-1.8972412,-0.7972412,2.342759,-2.6372411,-4.4672413,-5.977241,-3.0472412,-3.5272412,-4.1572413,-2.6072412,-3.9372413,-3.907241,-4.1972413,-3.6072412,-3.1272411,-2.5872412,-1.4972413,-0.3572412,-3.2772412,-0.3072412,2.8227587,2.0327587,1.5227588,0.7727588,2.0027587,-3.0672412,-2.6772413,1.6927588,0.7627588,0.72275877,-0.25724122,-0.7372412,-0.10724121,-0.4372412,-4.017241,-3.647241,-3.6972413,-3.8472412,-4.2172413,-1.8672413,-0.5372412
1.9027588,1.7727588,-5.877241,-5.047241,-4.517241,-2.9372413,-2.3772411,-3.9672413,-3.3672411,-3.2272413,-3.167241,-3.3272412,-3.2672412,-2.4372413,-1.7872412,-1.5872412,-0.2772412,-0.77724123,0.17275879,0.7127588,1.8527588,1.8327588,0.72275877,1.1327587,2.3827589,1.0927588,0.7027588,3.0527587,0.98275876,-0.9672412,0.5927588,-0.34724122,-0.4672412,0.5627588,0.7027588,-1.0772412,-1.2772412,-1.4972413,1.0927588,1.0527588,-3.9472413
0.20275879,-4.6572413,-5.667241,-4.267241,-4.297241,-4.1372414,-3.5972412,-3.3672411,-4.457241,-3.4872413,-2.7272413,-2.8172412,-1.6372412,-0.9072412,-0.007241211,0.2627588,0.8127588,1.9227588,2.5327587,2.5327587,3.0227587,3.592759,-0.6872412,0.54275876,1.3427588,2.5727587,4.6527586,2.1527588,-1.4372412,-0.15724121,0.5327588,-0.5472412,1.0927588,2.3127587,0.98275876,-1.5972412,-0.6372412,-0.007241211,-1.0672412,0.09275879,2.1727588
-3.657241,-4.877241,-4.277241,-5.627241,-4.877241,-3.5972412,-2.5072412,-3.5272412,-2.7172413,-2.5272412,-2.2472413,0.04275879,0.4827588,1.5627588,1.3327588,1.3827587,2.0427587,2.5227587,2.2727587,2.2927587,1.8527588,-0.5472412,2.2127588,1.6227587,0.7427588,4.0327587,3.4027588,2.342759,6.952759,3.5727587,2.7327588,2.4727588,6.6327586,3.8027587,-0.8572412,-0.19724122,-1.2172412,1.7527587,0.16275878,1.2127588,2.8827589
-2.0872412,-2.9372413,-3.3372412,-4.607241,-3.7472413,-3.0272412,-3.0372412,0.05275879,-0.7372412,-0.37724122,1.5727588,2.8627589,2.2227588,1.6227587,0.7727588,1.4627588,1.8027588,2.6127589,3.1327589,3.582759,3.6327589,3.3127587,3.7227588,3.1527588,2.092759,1.5927588,0.98275876,4.272759,3.7727587,2.332759,2.352759,0.7527588,-0.4372412,2.3127587,0.7027588,-2.5072412,3.6327589,0.2627588,-2.3672411,0.8827588,-1.4072412
-1.8072412,-1.2872412,-0.6172412,-0.15724121,-0.9872412,-0.8572412,-0.3072412,1.1027588,1.0227588,2.1827588,0.1827588,0.6127588,1.8727587,3.102759,2.5127587,3.2827587,3.3727589,3.352759,2.6227589,3.1627588,3.2727587,3.6627588,4.1727586,3.8627589,3.7727587,2.602759,3.7827587,5.8827586,4.452759,2.9427588,1.7927588,3.0527587,3.9927588,2.1327589,0.66275877,1.1727588,0.012758789,0.3527588,0.8327588,1.0427588,-4.587241
-1.0772412,0.4727588,1.0627588,0.7427588,2.4827588,1.8727587,2.7627587,2.7727587,1.7227588,0.012758789,1.2327588,1.9927588,1.6327587,3.1127589,3.2327588,2.7527587,3.1627588,3.7627587,2.6127589,2.1327589,2.9427588,3.2927587,3.7527587,3.8027587,4.332759,5.522759,7.662759,5.752759,7.7627587,1.8727587,0.7527588,1.3127588,1.6327587,0.05275879,-2.3072412,-0.3372412,-1.0872412,0.10275879,-0.47724122,1.0927588,1.7427588
3.7427588,1.1827588,1.9527588,1.0427588,2.842759,3.1727588,3.0427587,1.2427588,1.5627588,1.5027587,1.8027588,2.602759,2.7527587,2.7627587,3.0627587,2.9027588,3.4327588,3.5727587,2.8927588,1.5427588,3.3627589,3.8827589,3.5127587,2.7727587,3.8927588,6.0527587,5.9227586,3.2127588,5.972759,2.3927588,3.852759,1.4327588,-0.8572412,0.37275878,1.1927588,2.6627588,0.10275879,-4.767241,-2.4872413,-0.4972412,-0.7372412
2.602759,0.7827588,1.7927588,0.7027588,-0.5572412,0.112758785,-0.07724121,0.2627588,1.7227588,2.1527588,3.0127587,1.5327588,2.6427588,2.5227587,2.7327588,2.6527588,2.7527587,3.102759,3.4927588,3.0127587,3.1827588,3.1927588,3.6727588,3.3927588,3.4627588,4.162759,3.4127588,3.4327588,3.7527587,1.9327588,1.4927588,2.4727588,2.4227588,1.0827588,0.08275879,0.19275878,-0.83724123,-2.167241,-1.5572412,-0.8172412,-0.58724123
-2.8372412,1.3827587,-3.0872412,-1.6072412,-0.51724124,-1.1072412,-0.47724122,0.54275876,1.2427588,2.5127587,2.7427588,2.9127588,2.5727587,3.3127587,2.6927588,3.082759,2.7727587,2.7127588,2.5027587,2.9427588,3.8227587,4.7427588,5.392759,4.5927587,3.3827589,3.332759,3.4727588,5.182759,3.8027587,3.9827588,2.1627588,2.8227587,2.7427588,1.3427588,0.2527588,-1.4372412,-1.8572412,-1.1772412,-1.8372412,0.5727588,-0.6172412
-2.0972412,-5.4472413,-5.1972413,-2.0772412,-0.77724123,-0.28724122,-0.34724122,1.3727587,1.5827588,0.60275877,2.1127589,2.5427587,2.7827587,2.4227588,2.4027588,2.6827588,3.2427588,3.592759,2.6327589,3.2027588,3.7227588,3.6127589,4.4227586,3.7227588,2.342759,3.3927588,3.0127587,3.5727587,3.5727587,2.7627587,2.1927588,2.8127587,1.7927588,1.1927588,1.5627588,-1.4672412,-1.6972412,-0.19724122,-1.0972412,0.032758787,-0.9372412
-6.1172414,-4.607241,1.6427588,-0.76724124,0.98275876,1.0027587,0.7827588,0.8027588,0.09275879,-0.16724122,0.3927588,2.2127588,0.98275876,2.2027588,3.4427588,3.5027587,3.9927588,3.8927588,2.7127588,3.2927587,3.9327588,4.5527587,3.092759,2.9927588,3.4527588,3.1327589,3.1327589,3.4727588,2.9627588,2.5227587,-0.34724122,-1.6972412,0.17275879,1.2827588,0.012758789,0.2627588,-1.8272412,-1.3272412,0.22275878,-0.7972412,-0.7172412
1.1727588,1.1527588,-0.5472412,-0.6572412,-0.03724121,-0.2972412,0.3827588,0.8427588,1.5927588,0.3227588,0.49275878,1.3827587,2.1627588,3.0127587,3.5227587,4.042759,3.1727588,2.8627589,2.3627589,2.7927587,1.5927588,1.4527588,1.9627588,2.0527587,3.082759,2.7727587,2.5527587,2.7727587,1.8027588,1.4427588,0.8927588,0.4127588,-0.9672412,-1.5372412,-0.6572412,1.4227588,-0.95724124,-0.7172412,-1.6272413,-1.6572412,-1.4772412
-1.1372412,-1.8272412,0.3927588,0.2927588,0.9227588,1.1227587,0.8327588,1.6627588,1.4227588,1.3727587,0.6427588,1.0327588,2.2027588,2.9027588,3.1327589,3.2627587,2.6727588,2.5527587,2.1327589,2.1927588,1.8327588,1.8727587,2.2927587,2.5127587,2.2227588,1.7827588,1.0727588,1.4327588,1.7527587,1.4427588,1.2727588,0.12275879,-0.21724121,0.6227588,1.2827588,-0.83724123,-0.89724123,-0.8472412,-1.5972412,0.002758789,-1.2872412
-1.2672412,-0.5372412,-0.77724123,-0.13724121,1.1727588,0.8827588,2.0527587,1.9927588,2.602759,1.4527588,0.3127588,1.4727588,1.4827588,2.3927588,2.9427588,3.3127587,2.6527588,2.6927588,1.7227588,2.2127588,1.8427588,1.7627587,1.7327588,1.8927588,1.6427588,0.5327588,1.0927588,0.73275876,0.2127588,-0.057241213,-0.6572412,-0.6672412,0.40275878,0.5927588,0.43275878,0.3127588,-0.08724121,0.60275877,-0.2972412,-0.4972412,-1.5872412
