wind_kz.json
{"header": {"discipline":0,"disciplineName":"Meteorological products","gribEdition":2,"gribLength":948,"center":7,"centerName":"US National Weather Service - NCEP(WMC)","subcenter":0,"refTime":"2023-08-18T18:00:00.000Z","significanceOfRT":1,"significanceOfRTName":"Start of forecast","productStatus":0,"productStatusName":"Operational products","productType":1,"productTypeName":"Forecast products","productDefinitionTemplate":0,"productDefinitionTemplateName":"Analysis/forecast at horizontal level/layer at a point in time","parameterCategory":0,"parameterCategoryName":"UnknownDiscipline_0_Category_0","parameterNumber":0,"parameterNumberName":"UnknownParameter_D0_C0_0","parameterUnit":"Unknown","genProcessType":2,"genProcessTypeName":"Forecast","forecastTime":60,"surface1Type":1,"surface1TypeName":"Ground or water surface","surface1Value":0.0,"surface2Type":255,"surface2TypeName":"Missing","surface2Value":0.0,"gridDefinitionTemplate":0,"gridDefinitionTemplateName":"Latitude_Longitude","numberPoints":615,"shape":6,"shapeName":"Earth spherical with radius of 6,371,229.0 m","gridUnits":"degrees","resolution":48,"winds":"true","scanMode":64,"nx":41,"ny":15,"basicAngle":0,"lo1":47.0,"la1":41.0,"lo2":87.0,"la2":55.0,"dx":1.0,"dy":1.0}, "data":
[rows 0 to 14 of 15, columns 0 to 40 of 41]
314.31516,299.71515,310.21515,300.61517,299.51517,298.21515,313.61517,322.41516,317.81516,318.71515,316.31516,317.31516,317.51517,317.51517,320.21515,322.91516,314.91516,311.51517,321.41516,324.01517,331.51517,321.71515,318.41516,319.71515,320.71515,318.21515,317.31516,309.01517,307.71515,301.91516,303.51517,299.91516,313.31516,324.41516,332.21515,330.21515,333.01517,331.41516,329.21515,330.11517,329.71515
287.61517,308.31516,300.01517,300.41516,300.61517,298.41516,321.81516,320.51517,317.41516,316.81516,316.71515,317.61517,318.01517,318.81516,325.11517,327.51517,320.01517,315.81516,315.31516,332.71515,328.41516,323.01517,320.71515,312.61517,302.01517,302.11517,312.21515,309.31516,307.61517,294.61517,300.31516,296.91516,305.11517,273.31516,301.41516,317.61517,318.91516,320.31516,323.81516,314.91516,286.01517
311.91516,299.91516,300.61517,300.21515,298.11517,318.21515,317.81516,318.91516,317.41516,316.31516,315.71515,317.41516,320.41516,317.21515,321.51517,323.61517,321.51517,306.51517,320.71515,326.81516,324.51517,324.51517,325.51517,316.91516,319.41516,319.21515,319.21515,317.71515,317.41516,305.51517,299.01517,299.01517,306.21515,309.11517,308.71515,306.81516,300.11517,298.91516,304.01517,297.81516,296.51517
315.11517,300.51517,300.21515,299.61517,303.61517,317.51517,317.31516,317.41516,319.11517,318.21515,318.71515,318.21515,296.81516,296.31516,323.11517,307.91516,310.31516,306.71515,314.41516,321.91516,322.51517,319.21515,319.41516,320.41516,323.31516,320.61517,322.21515,318.51517,318.51517,318.91516,321.91516,320.71515,320.31516,325.41516,321.11517,315.01517,301.51517,299.91516,302.41516,314.01517,318.91516
316.01517,300.91516,300.81516,300.61517,308.01517,318.31516,321.91516,323.01517,319.91516,317.61517,319.01517,317.51517,297.21515,295.81516,292.81516,303.11517,300.71515,304.51517,310.11517,308.21515,318.81516,319.11517,321.11517,322.11517,322.71515,322.91516,320.01517,312.81516,322.01517,320.21515,319.31516,316.41516,306.01517,298.11517,305.81516,316.71515,313.01517,325.21515,326.61517,322.61517,323.41516
317.21515,316.31516,299.21515,299.71515,300.51517,300.51517,325.31516,323.41516,319.91516,318.21515,317.01517,317.61517,299.21515,295.91516,306.01517,308.11517,308.81516,308.41516,307.01517,305.71515,312.51517,320.21515,320.01517,319.71515,320.31516,319.31516,320.41516,295.21515,320.91516,319.21515,319.41516,317.11517,318.11517,316.11517,311.31516,308.61517,306.91516,309.21515,323.81516,324.51517,320.71515
316.31516,308.71515,310.81516,315.51517,313.01517,320.71515,324.51517,324.71515,320.71515,315.91516,317.71515,318.61517,317.71515,318.41516,317.11517,312.81516,308.81516,308.11517,308.61517,309.01517,313.91516,317.81516,319.41516,320.41516,318.71515,319.81516,321.11517,319.71515,322.91516,324.11517,319.21515,319.81516,320.21515,317.71515,317.21515,313.81516,312.01517,305.91516,303.41516,304.91516,313.41516
309.01517,318.71515,319.71515,320.41516,319.41516,319.91516,322.01517,318.91516,315.91516,315.11517,318.01517,315.31516,317.81516,319.41516,318.91516,317.71515,318.51517,314.91516,311.11517,317.21515,317.61517,316.91516,318.71515,317.71515,316.11517,313.61517,313.31516,315.11517,316.31516,318.01517,316.91516,317.01517,317.71515,312.81516,312.31516,315.71515,315.51517,289.81516,312.81516,315.11517,311.31516
319.51517,318.91516,319.01517,317.51517,318.01517,315.31516,318.11517,316.91516,316.41516,314.31516,313.71515,314.11517,314.41516,316.81516,317.01517,321.81516,318.91516,320.71515,319.01517,320.61517,316.51517,315.21515,317.51517,317.61517,315.31516,313.21515,304.81516,310.31516,308.01517,309.11517,311.31516,311.01517,311.51517,310.61517,310.11517,307.11517,307.71515,305.31516,299.71515,295.31516,297.31516
314.01517,314.21515,314.81516,317.11517,317.11517,314.01517,312.31516,312.01517,311.61517,310.71515,308.41516,308.51517,310.51517,310.31516,312.31516,315.91516,310.61517,317.11517,313.41516,318.01517,314.01517,317.11517,318.81516,317.31516,316.81516,313.51517,311.11517,311.81516,309.51517,311.21515,312.21515,313.01517,312.41516,311.91516,310.11517,307.01517,298.21515,298.41516,299.21515,295.51517,292.61517
308.61517,309.61517,309.01517,310.91516,310.71515,310.81516,312.01517,311.01517,308.11517,307.01517,306.01517,306.31516,307.61517,307.61517,311.71515,315.11517,314.31516,315.61517,320.01517,315.41516,316.81516,318.01517,312.81516,315.21515,313.51517,309.31516,306.41516,309.11517,308.71515,310.01517,310.01517,313.31516,310.31516,305.61517,304.61517,302.31516,296.31516,294.41516,298.91516,292.01517,294.91516
306.31516,308.11517,308.71515,308.71515,306.31516,304.71515,305.01517,306.21515,308.81516,305.21515,302.21515,304.01517,304.61517,303.91516,303.01517,304.61517,306.41516,307.71515,309.51517,311.41516,307.41516,304.01517,305.81516,303.81516,304.11517,305.51517,306.61517,307.71515,308.11517,307.21515,303.21515,308.41516,305.31516,301.41516,300.61517,293.71515,295.91516,292.51517,296.91516,298.51517,292.71515
300.61517,299.01517,304.51517,308.81516,305.21515,304.61517,306.01517,306.31516,306.41516,305.41516,296.11517,295.31516,299.81516,300.21515,302.11517,301.11517,300.91516,304.01517,305.11517,303.41516,304.61517,303.41516,303.31516,303.41516,304.21515,305.51517,307.01517,304.51517,305.31516,305.11517,309.51517,307.61517,303.61517,301.61517,301.41516,298.01517,290.21515,292.81516,294.31516,292.81516,290.81516
287.61517,294.01517,294.81516,299.61517,297.11517,300.21515,297.91516,298.61517,292.21515,291.21515,288.41516,286.01517,287.51517,290.81516,291.51517,294.21515,295.51517,298.51517,302.41516,302.11517,301.51517,301.61517,302.11517,302.21515,302.51517,304.61517,302.71515,299.81516,297.51517,298.01517,301.41516,302.91516,296.71515,291.61517,293.81516,295.81516,295.41516,294.01517,293.41516,289.41516,290.51517
286.81516,288.51517,291.81516,286.71515,286.51517,286.31516,287.31516,290.51517,290.71515,291.91516,292.61517,290.21515,291.71515,293.51517,293.41516,294.31516,296.21515,297.81516,300.61517,296.41516,292.91516,300.71515,299.51517,301.61517,301.51517,300.21515,299.51517,299.11517,298.51517,299.71515,294.51517,291.71515,294.61517,290.51517,289.21515,290.31516,296.41516,291.71515,292.51517,290.91516,295.61517
