wind_kz.json
{"header": {"discipline":0,"disciplineName":"Meteorological products","gribEdition":2,"gribLength":1025,"center":7,"centerName":"US National Weather Service - NCEP(WMC)","subcenter":0,"refTime":"2023-09-30T12:00:00.000Z","significanceOfRT":1,"significanceOfRTName":"Start of forecast","productStatus":0,"productStatusName":"Operational products","productType":1,"productTypeName":"Forecast products","productDefinitionTemplate":0,"productDefinitionTemplateName":"Analysis/forecast at horizontal level/layer at a point in time","parameterCategory":2,"parameterCategoryName":"UnknownDiscipline_0_Category_2","parameterNumber":2,"parameterNumberName":"UnknownParameter_D0_C2_2","parameterUnit":"Unknown","genProcessType":2,"genProcessTypeName":"Forecast","forecastTime":0,"surface1Type":103,"surface1TypeName":"Specified height level above ground","surface1Value":10.0,"surface2Type":255,"surface2TypeName":"Missing","surface2Value":0.0,"gridDefinitionTemplate":0,"gridDefinitionTemplateName":"Latitude_Longitude","numberPoints":615,"shape":6,"shapeName":"Earth spherical with radius of 6,371,229.0 m","gridUnits":"degrees","resolution":48,"winds":"true","scanMode":64,"nx":41,"ny":15,"basicAngle":0,"lo1":47.0,"la1":41.0,"lo2":87.0,"la2":55.0,"dx":1.0,"dy":1.0}, "data":
[rows 0 to 14 of 15, columns 0 to 40 of 41]
0.7755652,1.7055652,-2.1044347,-5.764435,-3.444435,-1.1344348,3.3655653,1.6755652,1.1755652,0.10556518,1.2855651,1.6055652,2.1755652,2.0155652,3.2555652,3.4455652,4.725565,5.1755652,6.275565,6.025565,6.465565,2.7155652,5.455565,3.7955651,4.705565,2.3955653,3.305565,3.3655653,0.5255652,0.4855652,1.1055652,1.0855652,0.5255652,1.1755652,-0.9444348,0.94556516,1.9755652,-1.4344348,-1.6644348,-0.24443482,1.6455652
-0.29443482,-3.0444348,-5.2344346,-4.804435,-3.3844347,-0.17443481,1.3655652,0.015565186,1.8755652,1.0855652,2.5255651,3.9355652,3.8755653,4.225565,3.9555652,4.3455653,4.945565,6.475565,6.775565,5.2855654,5.945565,4.045565,5.9055653,3.1155653,0.9655652,0.9355652,0.6155652,2.7355652,2.6655653,1.7155652,1.0255651,0.39556518,-0.67443484,1.9755652,0.45556518,3.2655652,2.575565,1.7955651,1.6455652,-1.6944348,0.51556516
-4.6944346,-5.514435,-4.584435,-3.3644347,-0.8544348,3.1255653,1.7955651,1.0555652,2.845565,2.105565,2.2955651,2.805565,4.315565,2.8955653,3.0155652,5.255565,5.705565,5.875565,5.8255653,4.295565,3.4055653,2.2755651,4.3655653,3.595565,-2.4944348,0.5455652,0.7055652,-1.4444348,2.315565,-1.4544349,-0.0044348147,-0.09443481,-0.74443483,3.075565,2.4755652,-0.114434816,1.4255652,-1.0844349,1.7255652,-0.8444348,-1.8444349
-6.474435,-4.354435,-2.8144348,-0.32443482,3.5055652,1.9555652,0.18556519,1.8155652,1.5655652,1.8155652,2.355565,3.5455651,-1.5344348,2.565565,4.605565,7.105565,3.065565,3.8755653,5.435565,4.3655653,-0.9544348,4.355565,0.24556519,1.5555652,-1.5244348,-0.4544348,0.8355652,1.6255652,1.8255652,1.0055652,-3.2044349,1.5055652,1.1755652,2.0355651,1.1155652,3.055565,2.1155653,-1.2444348,0.8555652,-0.114434816,1.7555652
-3.8044348,-1.1244348,1.0355651,2.4755652,3.5355651,4.4055653,4.9955654,5.695565,4.685565,4.005565,4.165565,3.4355652,0.6055652,2.6955652,3.855565,7.6555653,4.185565,3.585565,3.555565,0.9255652,-0.6644348,-3.2444348,0.3855652,0.8755652,1.6755652,2.845565,4.3655653,3.9255652,3.825565,4.7455654,5.065565,3.4955652,1.0855652,1.1355652,0.5455652,2.2855651,3.9355652,5.8255653,4.985565,1.9155651,2.0055652
0.14556518,2.1655653,0.9555652,2.3855653,2.8655653,3.1155653,3.9555652,1.6655651,0.7255652,1.9555652,2.9055653,2.7155652,2.3655653,1.6455652,4.215565,5.9955654,2.7155652,-1.5344348,-1.6844348,-2.5044348,-0.67443484,3.3755653,3.5155652,4.5555654,3.9155653,5.375565,6.315565,2.805565,4.085565,6.295565,3.2655652,3.9555652,4.7455654,5.955565,3.9655652,-2.4844348,2.2055652,9.975565,8.785565,1.9955652,2.2455652
-0.8844348,-0.0044348147,0.69556516,1.4055651,1.6455652,3.7755651,3.9455652,2.105565,2.805565,2.595565,1.5355651,2.1355653,1.3555652,2.085565,3.0055652,2.7155652,3.1555653,-1.6244348,-1.0344348,-0.054434814,1.4255652,2.2955651,4.205565,5.1355653,5.775565,2.9755652,2.575565,3.8955653,2.1855652,5.3255653,6.645565,7.8255653,7.375565,7.935565,7.415565,4.755565,2.9355652,2.315565,4.965565,0.6155652,-1.9044348
-1.6344348,-0.13443482,0.33556518,1.0655652,0.5455652,0.46556517,1.4555652,3.6755652,4.9055653,0.035565186,2.845565,1.9755652,0.8755652,0.9955652,2.105565,-0.5944348,-1.3144348,-3.7344348,-0.21443482,2.335565,2.825565,3.0255651,-2.2644348,0.5955652,1.6355652,1.9155651,2.2155652,2.9955652,2.7555652,3.6455653,7.1355653,7.7855654,6.4055653,6.8055654,6.145565,8.185565,5.6355653,0.14556518,0.08556519,-0.23443481,-0.29443482
-2.7944348,-2.2444348,-1.1244348,-0.4344348,-0.29443482,0.75556517,2.2255652,1.3355652,-0.06443481,1.1855652,3.065565,1.0255651,4.185565,-0.6444348,0.2655652,-1.0644348,1.2455652,1.5255651,3.595565,1.5655652,1.7955651,1.4455652,-0.37443483,-1.2044349,-0.7944348,1.4955652,1.1355652,-0.7944348,-0.6644348,0.7255652,-0.5044348,-0.73443484,1.5355651,1.9855652,2.1755652,6.3255653,4.465565,0.23556519,0.30556518,0.2555652,1.7955651
-2.3344347,-1.8044348,-1.2844348,-1.1644348,-1.7244349,-2.2944348,0.08556519,-0.47443482,-1.5644348,0.17556518,0.3555652,-0.10443482,0.2855652,-0.9644348,1.9655652,-1.7244349,0.7455652,1.7955651,-0.4544348,-2.194435,-1.2844348,-2.654435,-1.4544349,1.2855651,0.9155652,1.8355652,2.805565,1.5055652,-0.18443482,0.4155652,-1.0744348,-1.7244349,0.2855652,-0.024434814,2.5455651,2.2055652,-0.23443481,-0.99443483,0.6455652,-0.13443482,-0.37443483
-1.0644348,-1.6044348,-0.98443484,-0.9544348,-2.3644347,-1.0444348,-1.0044348,-1.0244348,-1.9144348,-1.3044348,-1.3144348,-2.5744348,-1.8644348,-2.0644348,-0.67443484,-0.29443482,0.9955652,-0.47443482,-1.7244349,-0.7744348,0.46556517,-1.3244348,1.1155652,2.1655653,1.7555652,1.3655652,2.095565,1.2955651,-1.9944348,-0.044434816,0.12556519,2.5455651,1.0455651,-0.23443481,-1.0144348,1.6255652,1.2855651,1.7855651,0.27556518,1.3455652,0.22556518
-0.7244348,-1.7044349,-0.5444348,-0.4944348,0.13556519,-0.8944348,-0.5244348,-1.1344348,-1.8644348,-3.2744348,-2.694435,-4.014435,-3.0244348,-2.0244348,-1.5344348,-1.2844348,-2.1144347,-2.8644347,-1.4744349,-0.5844348,-1.5644348,-1.1444348,-0.34443483,1.3355652,0.94556516,1.7055652,-0.2644348,0.5855652,1.6655651,1.0555652,1.6255652,0.13556519,1.1855652,-0.4344348,-0.4244348,1.3255652,-0.7744348,-1.4444348,-1.1644348,-0.024434814,-0.084434815
-0.41443482,-1.1044348,-0.7544348,-0.9044348,-0.61443484,-0.3944348,-1.3044348,-2.154435,-3.1344347,-0.86443484,-1.9144348,-2.9744349,-2.7744348,-3.2744348,-3.1044347,-3.944435,-2.7744348,-1.4144348,-4.124435,-3.2444348,-1.1544348,-0.8344348,2.095565,-0.6944348,-1.1444348,0.24556519,1.2255652,-1.4644349,0.19556518,0.21556519,1.1555651,1.7655652,1.8655652,2.9955652,1.2255652,1.9755652,2.075565,0.055565186,1.9755652,1.8855652,1.0855652
0.12556519,-1.4344348,1.0255651,-0.7744348,-0.7944348,-2.174435,-2.7244349,-1.9644349,-1.6744348,-0.8544348,-0.2644348,-2.0844347,-3.4844348,-3.0444348,-4.334435,-3.2344348,-2.644435,-2.1344347,-1.5744348,0.10556518,-2.944435,0.33556518,0.18556519,1.1255652,0.3255652,0.07556519,0.43556517,0.4755652,0.7455652,-0.8244348,-0.68443483,0.8955652,1.2755651,2.2555652,2.095565,2.555565,2.075565,2.5055652,2.4955652,1.6955652,2.075565
0.4755652,-0.16443482,-0.7944348,0.10556518,-0.98443484,-1.8344349,-2.154435,-2.2544348,-2.7244349,-2.7444348,-2.7044349,-2.8044348,-1.4044348,-1.9744349,-2.2544348,-1.6144348,-1.9944348,-2.0444348,-1.6444348,-2.904435,-2.5044348,-2.4744349,-3.434435,-2.7444348,-2.3344347,-2.414435,-2.3744347,-3.2344348,-3.7744348,-2.7044349,-1.9744349,-2.904435,-1.7844348,-0.93443483,-0.5344348,-0.4844348,-0.35443482,0.9755652,2.855565,2.825565,1.1355652
