wind_kz.json
{"header": {"discipline":0,"disciplineName":"Meteorological products","gribEdition":2,"gribLength":1025,"center":7,"centerName":"US National Weather Service - NCEP(WMC)","subcenter":0,"refTime":"2023-09-30T00:00:00.000Z","significanceOfRT":1,"significanceOfRTName":"Start of forecast","productStatus":0,"productStatusName":"Operational products","productType":1,"productTypeName":"Forecast products","productDefinitionTemplate":0,"productDefinitionTemplateName":"Analysis/forecast at horizontal level/layer at a point in time","parameterCategory":2,"parameterCategoryName":"UnknownDiscipline_0_Category_2","parameterNumber":3,"parameterNumberName":"UnknownParameter_D0_C2_3","parameterUnit":"Unknown","genProcessType":2,"genProcessTypeName":"Forecast","forecastTime":300,"surface1Type":103,"surface1TypeName":"Specified height level above ground","surface1Value":10.0,"surface2Type":255,"surface2TypeName":"Missing","surface2Value":0.0,"gridDefinitionTemplate":0,"gridDefinitionTemplateName":"Latitude_Longitude","numberPoints":615,"shape":6,"shapeName":"Earth spherical with radius of 6,371,229.0 m","gridUnits":"degrees","resolution":48,"winds":"true","scanMode":64,"nx":41,"ny":15,"basicAngle":0,"lo1":47.0,"la1":41.0,"lo2":87.0,"la2":55.0,"dx":1.0,"dy":1.0}, "data":
[rows 0 to 14 of 15, columns 0 to 40 of 41]
1.0245166,1.7645166,-0.6754834,0.4845166,-0.3454834,-0.7154834,-1.1554834,-1.6354834,-1.5654835,-1.8654834,-3.1154833,-2.5054834,-3.1854835,-2.7954834,-3.3454833,-4.485483,-4.6354833,-3.7154834,0.024516601,-2.6754835,-2.8154833,-1.6154834,-1.6454834,2.0645165,2.3445165,1.1545166,0.9445166,1.4145166,-1.6954834,-0.5454834,-3.3854835,-1.4054834,-1.7754834,-0.2954834,-1.3554834,-1.9554834,-0.4054834,-1.3354834,-1.5554833,-2.7854834,-2.4054835
0.1145166,0.6845166,1.8345166,1.5045166,1.3645166,-2.4354835,-1.3554834,-1.0654835,-1.4654834,-2.3154833,-2.5554833,-2.9154835,-3.0654833,-4.2954836,-4.7854834,-5.1254835,-4.7754836,-1.2854834,-1.9154834,-2.6654835,-1.6054834,-1.7354834,-2.0054834,0.054516602,0.7845166,2.2145166,0.2445166,2.4345167,0.0045166016,-1.3454834,-0.4854834,-2.0154834,-2.2554834,-3.4754834,-1.6654834,1.1845165,1.5145166,1.2645166,1.8845166,0.3445166,-1.2454834
0.1445166,2.9045167,2.8945167,2.4045167,2.2245166,1.9445167,0.8545166,-0.0654834,0.2245166,-0.3154834,-2.0254834,-3.0254834,-3.9854834,-5.2954836,-4.3754835,-4.7254834,-5.215483,-4.465483,-3.6454835,-1.2854834,-0.5054834,-0.5354834,-1.2754834,0.8445166,-2.2554834,-1.3754834,-0.7154834,-1.7954834,-1.5954834,0.8945166,-0.5354834,-0.3654834,-1.3154835,1.0045166,-0.3954834,0.6445166,-0.1454834,-3.6354835,-1.2054834,0.6045166,0.8645166
2.0945165,2.4545166,2.7145166,2.6945167,0.4845166,0.9045166,1.8245167,1.7345166,1.1945167,0.8445166,-0.1454834,-0.8654834,-2.5054834,-3.5754833,-5.6454835,-3.8754835,-4.8454833,-5.7054834,-5.6054835,-2.9154835,1.1545166,-0.1354834,-0.4754834,-1.5554833,-0.7654834,-1.5354834,-2.5354834,-3.3854835,-1.9554834,-1.8054833,-1.7054834,-0.2154834,1.4745166,0.024516601,-1.1354834,-0.2954834,0.2345166,2.7245166,-0.2654834,-1.0254834,-1.4654834
3.4145167,3.2445166,2.4345167,2.4845166,-0.20548339,0.5345166,2.4445167,2.1645167,2.9145167,1.7045166,1.1445166,1.0045166,-1.0654835,-2.7354834,-3.6354835,-3.5254834,-4.4954834,-4.4354835,-4.8354836,-3.6454835,-0.9654834,0.1245166,0.1045166,0.6345166,0.7545166,-1.1754833,-2.7754834,-2.3854835,-1.5154834,-2.0654833,-2.1554835,-1.7254834,0.8445166,0.9645166,0.2945166,-0.1954834,0.2545166,-1.7454834,-2.2254834,-0.9854834,-1.0254834
0.6945166,0.7745166,6.8745165,4.9845166,3.2645166,2.5645165,1.1745166,3.6545167,4.284517,3.2245166,2.5845165,1.0945166,3.0145166,0.6245166,-2.0954833,-2.8354833,-3.2354834,-1.8454834,-2.7654834,-3.3254833,-1.1954834,-1.1254834,-1.7254834,-0.7154834,0.3445166,0.5445166,-1.2054834,-4.5354834,-1.1854835,-1.6354834,-2.8854835,-4.6354833,-2.1454835,-3.5854833,0.4145166,6.9745164,-0.1054834,3.1645167,2.8545165,-0.0754834,-0.4254834
1.4245166,0.7545166,1.1145166,0.8545166,5.1545167,4.3845167,5.1145167,3.4945166,4.1345167,3.5645165,3.1245165,1.5745167,1.5845166,0.4245166,-0.2654834,-1.0254834,-1.9854834,-2.0054834,-0.9554834,-1.2454834,-1.2454834,-1.4254833,-0.8854834,-0.4554834,-0.5154834,0.024516601,0.5345166,-0.3954834,-1.5054834,-0.38548338,-1.0054834,-1.1554834,-0.7054834,-0.9254834,-0.2454834,-0.1954834,-1.0954834,-2.4554834,-1.2054834,1.1645166,-3.1854835
1.3645166,1.4845166,1.9645166,2.5145166,1.6545166,2.8445165,4.4245167,5.324517,4.9745164,4.5945168,4.3445168,3.4445167,2.4545166,2.4445167,1.7945166,1.2545166,0.36451662,-0.1554834,0.054516602,0.8345166,1.1745166,0.7345166,-0.055483397,-0.1854834,0.2345166,1.4945166,1.8145165,0.2445166,-0.1054834,-1.9654834,-1.3554834,-1.5754834,-2.3654833,-3.4254835,-1.4954834,-0.1554834,-0.1854834,-0.6654834,2.4345167,0.3845166,-1.2654834
1.1545166,1.6145166,1.9345165,2.0445166,2.7345166,3.4045167,4.4645166,5.074517,4.8145165,5.1145167,4.8445168,4.4445167,3.5245166,4.1945167,3.3245165,3.1545167,2.7745166,1.9045166,1.9445167,1.3745166,0.5245166,1.1245166,1.8945166,1.3345166,1.2945166,0.9245166,1.4045166,0.6545166,0.9945166,1.2045166,0.4045166,-1.6354834,-0.3654834,-1.8754834,-2.1254835,-2.2554834,1.0445166,-2.2354834,-1.5654835,-2.2154834,-3.6754835
-1.1354834,0.5845166,2.1145165,3.0945165,3.5145166,4.3845167,4.3445168,4.8345165,5.9245167,5.7945166,6.0645165,5.534517,5.304517,4.9445167,5.074517,4.0845165,3.8645165,3.5845165,2.9745166,2.2545166,2.1845167,1.5845166,2.6745167,1.8845166,1.4045166,1.4445167,1.1945167,0.1445166,0.18451661,0.5145166,0.18451661,0.4145166,-0.0854834,-0.6354834,-1.2154834,-0.6554834,-0.6754834,-0.9754834,-0.0954834,0.6945166,0.1045166
-4.215483,-1.3854834,1.1545166,2.8645165,3.5645165,3.5445166,4.8945165,5.2445164,5.3445168,6.3345165,6.0245166,7.0445166,5.3345165,6.264517,5.7945166,5.824517,5.5445166,5.3445168,4.8845167,4.6945167,3.6845167,2.5545166,2.2445166,3.0045166,2.4845166,2.1845167,1.8245167,1.7045166,1.4345165,0.9145166,0.2945166,1.3645166,0.5945166,0.6645166,-0.7854834,1.0945166,0.5745166,1.2545166,-0.8154834,-0.6954834,-0.2154834
-2.2254834,-3.4754834,-1.7854834,0.2945166,1.1445166,5.3845167,4.054517,5.1245165,5.6745167,5.784517,6.1545167,6.304517,6.7945166,6.6345167,6.304517,6.2945166,6.804517,6.1645164,6.4145164,5.8545165,4.9745164,4.4645166,3.5345166,2.9645166,2.8345165,3.0645165,2.7445166,2.6245165,2.0345166,1.9845166,2.1745167,2.3345165,1.7245166,1.6445166,0.4845166,1.0745167,0.2645166,-0.6754834,0.1145166,-0.2354834,-0.3454834
-2.2454834,-2.1754835,-0.9054834,-2.1954834,2.0045166,1.3145165,2.0645165,3.6145165,5.2445164,6.0245166,4.9845166,4.4345164,6.6645164,6.6745167,7.0245166,6.054517,6.3745165,6.3945165,6.8445168,6.1145167,6.4745164,5.9745164,6.0845165,5.2545166,4.7345166,3.8845167,3.0645165,3.3545165,3.6645167,3.2545166,2.9645166,2.8245165,2.0645165,0.064516604,0.014516601,0.064516604,-0.38548338,-0.20548339,-1.1154834,-1.2054834,0.6145166
-3.9254835,-3.1854835,-0.0654834,1.8945166,2.0245166,0.3045166,0.9045166,2.2645166,3.9845166,5.7245164,5.6245165,4.0945168,4.264517,5.2145166,6.2745166,6.1045165,6.5845165,6.2545166,5.9245167,6.6945167,5.9445167,5.6745167,5.7345166,5.3945165,5.3945165,4.5945168,4.4445167,4.1145167,3.9245167,3.9345167,3.2745166,2.7645166,1.8345166,1.7745166,0.5545166,0.6445166,0.6745166,-0.1554834,-0.0654834,-0.7454834,-2.2054834
-2.5154834,-3.8354833,-0.20548339,-0.20548339,-0.2254834,-1.1554834,1.1345166,3.1845167,4.7545166,6.9345164,6.014517,7.8445168,4.7045164,4.1645164,5.4445167,5.6045165,5.574517,5.9345164,6.1745167,5.5445166,4.7945166,5.6745167,4.6745167,4.3945165,4.9645166,4.4945164,4.5445166,5.074517,5.2245164,5.1645164,4.9545164,3.9945166,2.4745166,2.4845166,2.0745165,0.2645166,0.3545166,-0.4454834,-0.5454834,-0.0954834,0.97451663
