wind.json
{"header": {"discipline":0,"disciplineName":"Meteorological products","gribEdition":2,"gribLength":1125,"center":7,"centerName":"US National Weather Service - NCEP(WMC)","subcenter":0,"refTime":"2023-06-27T18:00:00.000Z","significanceOfRT":1,"significanceOfRTName":"Start of forecast","productStatus":0,"productStatusName":"Operational products","productType":1,"productTypeName":"Forecast products","productDefinitionTemplate":0,"productDefinitionTemplateName":"Analysis/forecast at horizontal level/layer at a point in time","parameterCategory":2,"parameterCategoryName":"UnknownDiscipline_0_Category_2","parameterNumber":2,"parameterNumberName":"UnknownParameter_D0_C2_2","parameterUnit":"Unknown","genProcessType":2,"genProcessTypeName":"Forecast","forecastTime":60,"surface1Type":103,"surface1TypeName":"Specified height level above ground","surface1Value":10.0,"surface2Type":255,"surface2TypeName":"Missing","surface2Value":0.0,"gridDefinitionTemplate":0,"gridDefinitionTemplateName":"Latitude_Longitude","numberPoints":688,"shape":6,"shapeName":"Earth spherical with radius of 6,371,229.0 m","gridUnits":"degrees","resolution":48,"winds":"true","scanMode":64,"nx":43,"ny":16,"basicAngle":0,"lo1":45.0,"la1":40.0,"lo2":87.0,"la2":55.0,"dx":1.0,"dy":1.0}, "data":
[rows 0 to 15 of 16, columns 0 to 42 of 43]
1.994383,-0.8856171,-1.7056171,3.5243828,1.864383,1.504383,4.984383,4.054383,4.914383,2.644383,0.76438296,0.88438296,-3.4856172,-6.435617,-7.3856173,-7.195617,-6.185617,-4.685617,-4.685617,-3.605617,-3.385617,-1.5456171,-3.7456172,0.31438294,3.194383,2.664383,1.4643829,0.33438292,0.77438295,1.004383,1.134383,0.72438294,2.404383,-0.97561705,-2.065617,-2.145617,-2.105617,-2.0056171,-2.115617,-0.34561706,-0.40561706,-2.085617,-3.605617
-0.83561707,7.104383,1.7243829,0.91438293,-0.42561707,6.414383,7.504383,6.6343827,6.144383,2.304383,-0.8256171,-4.655617,-5.525617,-6.515617,-7.3856173,-6.665617,-6.575617,-6.125617,-5.045617,-6.035617,-4.645617,-4.125617,-2.045617,0.6143829,3.194383,3.4943829,0.6243829,1.5343829,4.764383,3.614383,2.2543828,1.494383,2.654383,0.26438293,-0.20561707,-1.8356171,0.06438293,2.2243829,3.404383,2.564383,2.624383,0.7543829,4.564383
2.154383,1.0943829,0.82438296,-1.1956171,4.824383,6.474383,6.394383,5.814383,1.604383,1.7943829,-0.5556171,-3.445617,-5.175617,-6.535617,-5.945617,-6.415617,-5.835617,-6.075617,-4.655617,-4.705617,-4.215617,-4.165617,-3.535617,-1.8056171,1.6643829,4.984383,1.5843829,-0.27561706,1.0543829,2.214383,3.704383,2.2243829,0.83438295,0.7443829,0.35438293,-0.015617065,-0.07561707,1.4143829,0.8143829,0.11438294,-0.8156171,-2.7456172,-2.9756172
0.9443829,1.024383,3.7743828,7.184383,5.8643827,6.1543827,4.214383,2.324383,0.32438293,0.91438293,-3.045617,-6.025617,-5.045617,-4.065617,-3.935617,-6.985617,-5.195617,-5.645617,-4.605617,-3.415617,-3.385617,-3.2556171,-2.2556171,-5.145617,-6.205617,-6.735617,-1.605617,-3.405617,-2.5156171,-1.395617,3.884383,-1.1856171,2.384383,-1.985617,-0.89561707,0.31438294,-0.98561704,1.4543829,1.3343829,0.14438294,6.054383,8.294383,3.9943829
2.354383,2.9843829,2.454383,5.304383,4.454383,3.5043828,2.444383,-0.7556171,-0.9356171,-1.5256171,-5.105617,-7.155617,-4.6156173,-3.205617,-4.495617,-4.455617,-5.1356173,-5.465617,-4.585617,-2.955617,-4.085617,-5.3656173,-6.555617,-8.585617,-4.965617,-6.185617,-6.515617,-6.295617,-7.195617,-8.875617,-6.985617,-3.7156172,0.024382934,-0.5056171,-3.2756171,0.19438294,1.264383,1.364383,1.6943829,1.8143829,-3.045617,-1.6956171,-0.045617066
1.3443829,4.944383,0.7443829,2.204383,2.9843829,1.7843829,1.254383,-1.885617,-4.225617,-5.005617,-6.225617,-5.065617,-2.075617,-4.325617,-5.265617,-2.5256171,-4.315617,-5.125617,-4.3656173,-3.915617,-4.225617,-4.805617,-4.995617,-5.775617,-6.895617,-6.995617,-7.005617,-7.6356173,-8.165617,-5.1156173,-6.075617,-5.775617,-5.945617,-2.905617,1.404383,2.844383,-2.2756171,-0.19561706,0.8643829,0.77438295,2.694383,2.354383,1.4243829
3.954383,3.4943829,3.354383,2.9943829,1.9243829,1.404383,-1.225617,-1.8056171,-2.665617,-3.4656172,-3.2756171,-2.845617,-3.7656171,-3.695617,-2.5056171,-3.365617,-1.375617,-3.295617,-3.0056171,-3.665617,-4.965617,-4.065617,-3.2556171,-3.055617,-3.065617,-3.5056171,-4.225617,-4.765617,-7.265617,-2.585617,-5.015617,-4.755617,-4.3856173,-3.795617,-3.125617,-3.345617,-3.835617,3.914383,1.5743829,3.794383,2.424383,4.044383,2.154383
4.984383,3.5143828,5.064383,6.754383,4.734383,0.76438296,0.19438294,-0.7456171,-1.895617,-2.335617,0.33438292,-2.2356172,-2.565617,-2.9856172,-2.925617,-2.665617,-2.7456172,-2.605617,-2.285617,-1.0756171,0.19438294,-2.0156171,-3.405617,-3.2656171,-3.325617,-2.655617,-2.7756171,-2.435617,-3.075617,-3.2756171,-3.865617,-3.105617,-2.575617,-2.135617,-1.635617,0.59438294,2.344383,3.394383,2.7243829,-2.545617,4.214383,-1.9556171,-0.48561707
5.694383,4.564383,4.894383,5.104383,3.644383,1.7243829,1.364383,1.0543829,1.234383,1.004383,-1.115617,-2.415617,-2.5056171,-3.415617,-3.315617,-3.815617,-2.875617,-1.995617,-0.7656171,-0.92561704,0.23438293,-0.41561708,-2.035617,-1.0456171,-1.595617,0.19438294,1.0343829,3.084383,1.4343829,0.85438293,0.9243829,1.2143829,0.53438294,0.58438295,0.53438294,-1.0856171,-0.8156171,-1.4456171,-0.98561704,3.174383,6.294383,5.724383,5.1343827
3.814383,4.314383,3.954383,3.644383,3.934383,1.984383,1.614383,-0.06561706,-0.58561707,-1.2956171,-2.4856172,-3.395617,-4.055617,-3.945617,-3.7756171,-2.5156171,-1.6956171,-0.29561707,0.6243829,0.20438294,0.37438294,0.45438293,0.72438294,1.9743829,1.7943829,1.7843829,2.164383,1.364383,3.0343828,3.134383,4.284383,3.574383,2.074383,1.2143829,0.64438295,0.82438296,0.43438295,0.22438294,2.0143828,-0.28561705,1.114383,-0.33561707,2.124383
3.884383,3.7343829,3.894383,1.3443829,3.584383,1.8243829,0.9243829,-1.745617,-3.7156172,-4.545617,-4.435617,-4.785617,-4.835617,-4.255617,-3.035617,-1.9156171,-1.985617,-1.1756171,0.124382935,0.23438293,1.614383,0.9243829,3.314383,3.5343828,2.9843829,2.334383,4.204383,3.594383,3.0143828,5.4043827,2.614383,4.814383,4.674383,3.584383,1.754383,2.804383,2.7343829,1.0643829,1.114383,0.11438294,3.174383,0.88438296,1.3143829
2.2643828,4.334383,2.2743828,-1.855617,4.094383,2.084383,0.96438295,-1.595617,-3.815617,-5.435617,-5.505617,-5.575617,-4.605617,-4.405617,-2.955617,-1.5556171,0.51438296,0.5443829,1.6643829,0.8143829,1.0643829,1.3343829,2.834383,3.584383,3.374383,2.164383,1.874383,4.874383,6.104383,5.954383,7.284383,5.804383,5.6143827,5.544383,5.524383,5.1143827,4.674383,3.2843828,1.744383,1.624383,0.07438293,0.60438293,1.7943829
2.214383,4.534383,1.9443829,-0.58561707,3.814383,4.1143827,-0.5756171,-2.845617,-3.7656171,-4.325617,-3.625617,-3.385617,-3.455617,-2.4956172,-2.075617,-1.7156171,-1.875617,-0.79561704,0.08438294,1.364383,2.364383,3.304383,3.564383,4.1143827,4.1543827,2.424383,2.924383,1.0643829,2.0243828,2.7643828,5.354383,5.004383,7.604383,6.214383,5.3643827,5.694383,5.094383,6.094383,6.394383,4.514383,3.594383,2.2343829,1.5643829
2.2443829,3.5243828,-0.35561708,-1.3356171,4.274383,3.0143828,-0.8756171,-1.765617,-2.095617,-1.8056171,-1.5656171,-1.0456171,-0.12561707,-1.3356171,0.21438293,-0.77561706,-0.9356171,-1.0256171,-0.32561707,1.3043829,1.5343829,2.194383,1.8043829,1.2943829,2.2543828,2.544383,3.204383,3.364383,3.684383,4.994383,5.334383,4.524383,4.074383,4.064383,5.554383,5.554383,5.034383,4.964383,5.224383,2.954383,1.1643829,5.274383,3.174383
3.564383,-0.29561707,-2.205617,2.7643828,0.33438292,-1.0556171,-2.075617,-2.945617,-1.7856171,-1.9456171,-0.6856171,-0.10561707,0.29438293,-0.5556171,-0.52561706,0.77438295,-0.12561707,-0.27561706,-0.16561706,0.5643829,1.3143829,1.364383,-0.13561706,-0.89561707,-0.41561708,1.0643829,1.9143829,2.314383,2.894383,3.464383,4.774383,5.1143827,5.6143827,5.314383,5.674383,5.414383,4.164383,5.264383,3.954383,2.2843828,1.4443829,0.90438294,0.6943829
-0.035617065,-1.5856171,-1.2856171,-0.23561707,0.25438294,-1.0656171,-1.2956171,-1.6956171,-2.035617,-1.9456171,-1.4456171,-1.115617,-0.5156171,-1.6856171,0.08438294,-0.43561706,-1.605617,-2.035617,-2.675617,-2.565617,-2.675617,-2.385617,-1.5856171,-0.71561706,0.30438292,0.9343829,2.7743828,3.7243829,4.394383,5.064383,5.004383,5.264383,5.594383,5.844383,5.164383,5.034383,5.024383,5.374383,3.5243828,5.144383,5.684383,3.064383,-1.2956171
