wind_kz.json
{"header": {"discipline":0,"disciplineName":"Meteorological products","gribEdition":2,"gribLength":871,"center":7,"centerName":"US National Weather Service - NCEP(WMC)","subcenter":0,"refTime":"2023-08-22T12:00:00.000Z","significanceOfRT":1,"significanceOfRTName":"Start of forecast","productStatus":0,"productStatusName":"Operational products","productType":1,"productTypeName":"Forecast products","productDefinitionTemplate":0,"productDefinitionTemplateName":"Analysis/forecast at horizontal level/layer at a point in time","parameterCategory":0,"parameterCategoryName":"UnknownDiscipline_0_Category_0","parameterNumber":0,"parameterNumberName":"UnknownParameter_D0_C0_0","parameterUnit":"Unknown","genProcessType":2,"genProcessTypeName":"Forecast","forecastTime":120,"surface1Type":1,"surface1TypeName":"Ground or water surface","surface1Value":0.0,"surface2Type":255,"surface2TypeName":"Missing","surface2Value":0.0,"gridDefinitionTemplate":0,"gridDefinitionTemplateName":"Latitude_Longitude","numberPoints":615,"shape":6,"shapeName":"Earth spherical with radius of 6,371,229.0 m","gridUnits":"degrees","resolution":48,"winds":"true","scanMode":64,"nx":41,"ny":15,"basicAngle":0,"lo1":47.0,"la1":41.0,"lo2":87.0,"la2":55.0,"dx":1.0,"dy":1.0}, "data":
[rows 0 to 14 of 15, columns 0 to 40 of 41]
316.28214,300.38214,306.88214,299.38214,299.18213,298.88214,310.28214,319.38214,313.58212,312.08212,310.48212,311.58212,310.98212,309.68213,309.28214,309.18213,310.18213,309.78214,310.78214,310.68213,312.58212,308.38214,308.48212,299.68213,305.18213,303.98212,304.18213,291.38214,289.98212,286.48212,283.08212,286.68213,297.48212,305.58212,307.38214,308.18213,308.68213,309.78214,308.98212,308.98212,308.38214
290.88214,306.38214,299.98212,299.58212,299.48212,298.88214,316.28214,312.38214,303.58212,301.18213,310.78214,309.38214,307.78214,306.28214,306.68213,305.98212,307.08212,308.28214,308.58212,309.58212,304.38214,308.48212,303.98212,290.78214,279.08212,278.08212,298.18213,291.28214,293.98212,284.78214,287.18213,274.18213,290.18213,269.78214,283.98212,303.28214,303.18213,306.68213,310.08212,300.58212,287.48212
308.48212,299.18213,299.38214,300.08212,299.78214,311.28214,305.88214,309.38214,302.38214,307.28214,307.88214,307.28214,304.88214,305.58212,304.68213,303.68213,303.78214,305.58212,306.38214,306.58212,307.38214,305.18213,306.48212,298.58212,302.38214,292.28214,291.18213,295.38214,296.58212,284.48212,280.18213,283.88214,288.28214,294.78214,296.88214,293.68213,287.18213,289.48212,290.98212,286.08212,285.68213
309.08212,300.08212,299.48212,298.28214,300.68213,309.88214,310.38214,310.08212,310.28214,307.38214,305.88214,304.58212,295.48212,294.88214,301.08212,302.58212,302.68213,303.78214,305.68213,307.48212,305.78214,300.88214,302.08212,301.68213,303.78214,299.88214,302.78214,297.68213,292.98212,301.08212,300.48212,297.78214,302.38214,303.98212,303.88214,300.38214,290.28214,286.28214,290.88214,302.38214,306.58212
312.78214,299.78214,299.68213,299.08212,303.98212,309.08212,308.98212,310.58212,308.08212,306.48212,306.28214,304.88214,295.68213,294.28214,291.88214,301.78214,303.68213,301.28214,302.28214,304.58212,303.78214,305.78214,304.98212,303.88214,301.48212,305.08212,299.18213,296.98212,299.08212,299.48212,302.38214,298.08212,284.18213,282.68213,292.88214,304.68213,302.28214,311.38214,310.18213,308.58212,309.48212
314.98212,310.08212,297.68213,298.68213,299.18213,298.28214,310.18213,308.98212,306.98212,304.98212,305.98212,305.48212,296.18213,294.78214,298.38214,298.58212,298.48212,302.58212,303.78214,298.38214,297.78214,302.98212,304.08212,303.18213,300.38214,299.78214,304.68213,293.38214,303.08212,300.98212,300.88214,298.98212,298.68213,294.88214,293.68213,296.28214,290.98212,300.78214,307.78214,309.18213,306.58212
306.58212,305.58212,311.88214,310.78214,306.48212,308.18213,310.38214,307.78214,306.38214,304.88214,303.78214,303.28214,301.78214,301.88214,302.58212,296.58212,299.28214,298.18213,301.58212,293.68213,294.98212,301.48212,301.28214,301.88214,299.08212,302.08212,302.38214,299.38214,301.08212,301.18213,298.68213,297.88214,297.18213,299.78214,300.58212,298.58212,293.38214,296.88214,291.68213,290.58212,302.28214
309.78214,308.98212,308.58212,308.28214,308.78214,308.08212,307.78214,305.08212,303.68213,302.88214,301.88214,302.38214,302.68213,302.08212,300.68213,298.88214,294.38214,295.28214,301.48212,295.78214,299.18213,297.48212,301.08212,301.98212,298.78214,296.98212,298.18213,298.78214,298.18213,298.38214,296.58212,293.88214,293.28214,292.68213,295.88214,303.88214,304.48212,290.78214,304.28214,305.58212,300.78214
308.78214,306.88214,298.08212,305.38214,304.18213,305.48212,302.48212,301.68213,301.38214,300.98212,299.68213,299.68213,292.98212,299.38214,296.08212,295.18213,296.68213,295.08212,291.98212,293.78214,292.78214,292.58212,292.18213,295.38214,299.48212,293.58212,291.28214,292.68213,295.18213,291.38214,292.58212,290.88214,290.48212,293.08212,297.18213,300.48212,301.48212,300.88214,289.38214,287.78214,286.88214
305.28214,303.98212,304.08212,300.68213,301.58212,301.28214,299.88214,297.98212,298.18213,298.28214,297.68213,292.88214,292.48212,291.58212,288.98212,292.28214,288.98212,290.38214,289.98212,290.28214,293.68213,290.88214,292.18213,296.68213,297.18213,297.98212,296.38214,296.98212,292.48212,292.68213,292.58212,295.08212,294.78214,293.18213,296.58212,297.98212,297.98212,295.48212,291.38214,285.88214,287.58212
301.98212,300.08212,298.68213,294.48212,296.58212,298.18213,296.98212,295.58212,295.68213,294.08212,290.58212,294.58212,295.78214,290.18213,291.58212,287.78214,286.58212,290.58212,293.98212,294.78214,295.58212,294.18213,293.58212,296.98212,295.78214,295.38214,291.58212,297.08212,297.88214,292.68213,295.38214,292.58212,293.88214,291.08212,295.88214,295.58212,293.58212,293.08212,294.68213,293.08212,291.78214
295.08212,292.38214,297.98212,295.48212,292.68213,293.78214,291.98212,293.08212,290.28214,293.28214,289.18213,290.68213,290.68213,291.68213,288.48212,285.38214,284.88214,291.08212,295.38214,294.58212,292.58212,294.58212,295.18213,290.58212,288.08212,294.98212,294.98212,296.58212,295.38214,294.38214,293.18213,292.08212,292.18213,294.48212,293.78214,294.58212,295.18213,295.58212,294.38214,295.78214,294.98212
289.88214,292.28214,290.98212,291.58212,292.28214,291.18213,290.48212,290.08212,291.18213,291.58212,286.58212,286.48212,284.08212,286.98212,284.88214,284.28214,284.58212,286.08212,289.78214,289.48212,289.78214,291.38214,286.88214,291.88214,288.58212,291.68213,292.18213,291.78214,292.58212,290.48212,290.48212,290.48212,291.48212,294.48212,294.58212,293.78214,294.28214,295.38214,294.78214,294.48212,294.48212
287.88214,290.88214,291.48212,294.78214,292.78214,289.88214,289.28214,286.58212,286.58212,289.38214,286.18213,284.88214,289.08212,287.88214,290.28214,285.88214,284.68213,288.08212,290.98212,286.08212,285.88214,287.08212,288.28214,287.08212,287.28214,287.48212,288.28214,288.58212,291.08212,291.18213,291.38214,291.38214,292.38214,292.98212,291.98212,292.78214,293.38214,293.38214,293.78214,292.48212,293.18213
288.08212,290.88214,290.98212,293.38214,291.18213,291.78214,291.38214,287.68213,292.98212,286.18213,288.28214,286.58212,285.28214,287.98212,288.58212,289.88214,291.38214,290.38214,292.68213,292.08212,285.98212,286.08212,285.38214,285.68213,288.18213,290.88214,291.98212,291.78214,292.18213,291.68213,291.28214,289.38214,292.78214,292.38214,291.78214,291.18213,292.38214,291.48212,292.08212,291.78214,291.08212
