wind.json
{"header": {"discipline":0,"disciplineName":"Meteorological products","gribEdition":2,"gribLength":1211,"center":7,"centerName":"US National Weather Service - NCEP(WMC)","subcenter":0,"refTime":"2023-07-01T00:00:00.000Z","significanceOfRT":1,"significanceOfRTName":"Start of forecast","productStatus":0,"productStatusName":"Operational products","productType":1,"productTypeName":"Forecast products","productDefinitionTemplate":0,"productDefinitionTemplateName":"Analysis/forecast at horizontal level/layer at a point in time","parameterCategory":2,"parameterCategoryName":"UnknownDiscipline_0_Category_2","parameterNumber":3,"parameterNumberName":"UnknownParameter_D0_C2_3","parameterUnit":"Unknown","genProcessType":2,"genProcessTypeName":"Forecast","forecastTime":240,"surface1Type":103,"surface1TypeName":"Specified height level above ground","surface1Value":10.0,"surface2Type":255,"surface2TypeName":"Missing","surface2Value":0.0,"gridDefinitionTemplate":0,"gridDefinitionTemplateName":"Latitude_Longitude","numberPoints":688,"shape":6,"shapeName":"Earth spherical with radius of 6,371,229.0 m","gridUnits":"degrees","resolution":48,"winds":"true","scanMode":64,"nx":43,"ny":16,"basicAngle":0,"lo1":45.0,"la1":40.0,"lo2":87.0,"la2":55.0,"dx":1.0,"dy":1.0}, "data":
[rows 0 to 15 of 16, columns 0 to 42 of 43]
-3.443843,3.0961573,0.90615726,-0.95384276,-1.7938428,-14.943843,-12.923842,-9.893843,-1.4238428,-1.0738428,0.6461572,-2.9338427,-2.193843,-1.3738427,-2.3638427,-2.7438428,-2.3938427,-3.6638427,-2.6638427,-4.073843,-4.073843,0.61615723,-0.31384277,0.9461572,2.2461572,2.5161572,2.9461572,3.4161572,2.2961571,-0.8138428,-2.8438427,1.1961572,-2.8738427,0.40615723,-0.15384278,-4.793843,-3.4338427,-3.6038427,-2.1538427,3.7161572,1.5761572,-0.48384276,-0.3938428
1.4561572,-3.3138428,-0.77384275,-2.8938427,-0.90384275,-9.673842,-9.803843,-8.133842,-2.9738429,1.1861572,-1.2038428,0.72615725,-2.9838428,-1.1338428,-1.7338427,-3.0138428,-2.0938427,-3.9138427,-3.8538427,-1.3538427,-3.2738428,-2.4938428,-1.1838428,-2.5538428,-0.95384276,-1.1338428,0.09615722,-2.4138427,-1.8938428,0.5661572,-0.7238428,-0.8138428,-1.5438428,-2.2638428,1.2261572,-1.1038427,-0.9938428,-3.4838428,-4.9938426,0.20615722,-1.5438428,-0.043842774,3.3661573
0.34615722,-4.1038427,2.4161572,0.23615722,-4.4938426,-7.6438427,-7.193843,-6.3038425,-0.82384276,1.7561573,1.5461572,0.79615724,0.086157225,-3.1738427,-1.4638427,-2.3638427,-3.2138429,-2.5038428,-1.0938427,-3.0138428,-5.673843,-3.5838428,-4.7038426,-4.773843,0.18615723,1.4161572,-0.7538428,-2.2138429,-2.5438428,-1.2838428,-0.14384277,-2.1138427,-0.29384276,-1.2838428,-1.9338428,-0.38384277,-3.2138429,-3.2238429,-2.9738429,-4.3038425,-1.9538428,-2.9938428,1.7261572
-1.2638428,-0.9838428,-2.2038429,-7.133843,-4.523843,-6.2038426,-5.0138426,-3.8438427,0.24615723,2.8661573,2.8661573,1.6461573,1.3661572,0.49615723,-1.8038428,0.0061572264,-1.8738427,-1.9038428,-0.84384274,-2.1438427,-1.5638428,-2.9038427,-3.7738428,-4.7638426,-3.4038427,-2.7138429,0.046157226,1.1961572,0.19615723,2.2561572,-0.14384277,0.26615724,-0.35384277,0.17615722,1.7161572,-1.3538427,-0.3938428,2.6661572,0.056157228,-1.3538427,0.59615725,-0.3938428,-0.43384278
-3.2238429,-5.823843,-2.3938427,-7.023843,-7.293843,-6.3338428,-3.8838427,-2.1438427,-2.0338428,5.076157,3.9261572,3.7261572,2.4461572,0.65615726,-2.3338428,1.4961572,-0.33384278,-2.0638428,-1.6938428,-2.2338428,-3.2738428,-0.8638428,-1.2738428,-2.4638429,1.2461572,-1.9238428,-2.5638428,-2.3838427,-1.2038428,-1.1538428,0.016157227,-0.9838428,-2.6438427,-2.5738428,-1.3638427,0.7661572,0.046157226,-2.3638427,-0.6838428,2.3161573,0.40615723,1.2661573,-1.2938428
-2.0238428,-2.0738428,-4.793843,-9.653843,-8.633842,-5.7238426,-4.443843,-3.5838428,-2.3238428,4.0061574,5.616157,4.406157,3.6761572,2.4661572,-0.82384276,0.16615723,-0.45384276,-2.2138429,-2.3638427,-2.3938427,-1.0738428,-2.2838428,1.8361572,-0.21384278,-1.0038428,-1.0738428,-1.3838428,-2.9338427,-2.8638427,-0.63384277,-0.71384275,-1.4738427,-4.4138427,-2.0538428,-1.7538428,-0.84384274,-1.3138428,-2.0438428,-5.963843,1.7261572,0.5861572,-3.443843,0.54615724
-1.8338428,-4.0538425,-3.4938428,-0.9138428,-6.403843,-7.903843,-4.2638426,-4.883843,-2.7038429,3.5861573,6.9861574,4.136157,3.2861571,2.8361573,-0.20384277,0.8261572,-0.0038427734,-0.70384276,-1.2938428,-2.5838428,-2.9938428,-1.8338428,-2.7338428,-1.3338428,0.47615722,-1.3638427,-2.3438427,-2.5238428,-3.6638427,0.20615722,-0.32384276,-1.2738428,-2.3138428,-2.2938428,-1.5438428,0.17615722,2.6361573,-1.4438428,0.55615723,-0.82384276,-4.613843,-4.7838426,2.7961571
-0.7838428,-2.2738428,-2.6438427,-2.6238427,-3.5538428,-5.2238426,-4.6038427,-2.8838427,-2.443843,3.7861571,7.116157,4.926157,3.7361572,3.1161573,1.7761573,1.6961572,-0.27384278,0.66615725,0.97615725,0.37615722,-0.82384276,-1.1738428,-2.0438428,-2.3638427,-2.3738427,-1.4438428,-1.3438427,-0.9238428,-2.2738428,-2.0438428,-2.7838428,-2.5038428,-3.3938427,-5.7838426,-5.3538427,-6.653843,-1.7238427,-2.5038428,-4.7038426,-3.8038428,-1.8538427,-2.4038427,-2.8538427
-3.7038429,-2.0738428,-0.8038428,-0.95384276,-1.4238428,-2.443843,-2.3538427,-4.1838427,-3.0638428,-2.2538428,4.286157,4.1961575,4.036157,3.2661572,3.5161572,2.4461572,1.9361572,0.7561572,1.8561572,1.2561573,1.0761572,1.0361573,-0.9738428,-0.5338428,-1.2238427,-0.0038427734,0.19615723,-0.10384277,0.45615724,-1.7638428,-1.5538428,-3.0538428,-2.7538428,-2.9338427,-4.043843,-3.4538429,-1.5038428,-0.31384277,-0.5638428,-0.47384277,-0.22384277,0.7461572,-0.7838428
-4.323843,-3.2738428,0.016157227,1.4961572,1.0961572,-0.0038427734,0.5661572,-0.033842772,-3.1138427,-1.0238428,-3.2638428,-0.45384276,4.5061574,3.6561573,3.4061573,2.7961571,3.7561572,2.6661572,1.9561572,2.5161572,2.0861573,2.7061572,2.5961573,0.85615724,1.0961572,0.7461572,0.8361572,0.97615725,0.5061572,0.5161572,-0.22384277,-0.7938428,-2.2038429,-2.1038427,-1.0938427,-1.7138427,-1.3538427,-1.3438427,-2.6738427,-2.6538427,-4.193843,-3.5538428,-3.2738428
-5.733843,-6.023843,0.036157228,1.5961572,1.9461572,0.9361572,1.8061572,2.3161573,2.9061573,-2.6738427,0.22615723,-1.1638428,-1.1638428,4.036157,5.426157,4.656157,4.5861573,3.5961573,3.1461573,2.5661573,2.5961573,2.7461572,2.9761572,3.0261571,2.3961573,2.2561572,1.8461572,1.7861573,1.7861573,1.5761572,0.86615723,0.23615722,-0.28384277,0.026157226,0.086157225,-2.0338428,-2.1038427,-1.0538428,-0.5538428,-2.6838427,-2.1238427,-0.8538428,-0.90384275
-4.633843,-5.503843,-4.2438426,-0.20384277,1.5861572,1.2661573,2.7961571,3.3461573,3.1461573,3.6661572,1.5061573,-1.3938428,2.3761573,1.9261572,4.406157,6.886157,4.6461573,4.286157,3.6661572,3.7761571,3.0761573,3.7061572,2.9961572,3.3961573,2.9561572,2.6661572,1.2161572,0.90615726,1.7261572,1.1761572,0.59615725,-0.37384278,0.86615723,0.73615724,-0.043842774,-1.6338428,-1.8038428,-0.07384277,-1.2938428,0.25615722,0.55615723,0.7761572,-0.19384277
-3.3638427,-3.9538429,-5.313843,-3.2738428,-2.3138428,-1.2238427,1.8261572,1.9261572,1.2761573,1.0861572,1.1461573,1.3061572,-0.6638428,0.22615723,4.0061574,6.116157,5.226157,4.436157,4.5661573,4.056157,3.6061573,3.6961572,4.116157,3.3461573,2.1661572,2.7261572,1.5061573,1.7861573,2.8761573,3.1961572,2.8661573,1.6361573,1.1961572,1.5161573,0.016157227,-1.8138428,-1.2438427,-1.8138428,1.3361572,1.8061572,2.0661573,2.2561572,1.0361573
-1.6338428,-2.2238429,-3.2338428,-3.3738427,-2.8838427,0.10615723,0.5261572,0.30615723,0.9561572,1.9461572,-0.44384277,0.9461572,1.6061572,2.5661573,4.4661574,4.9861574,4.7561574,4.766157,3.8661573,3.4061573,3.4361572,3.7061572,3.9661572,3.5661573,3.0061572,3.1361573,2.8361573,3.5261571,2.9661572,3.1061573,2.7761571,2.3961573,2.1961572,2.2261572,-0.6038428,-0.6138428,-0.3938428,-0.35384277,-0.41384277,0.7161572,0.6261572,0.67615724,0.40615723
-1.5838428,-0.43384278,-1.3138428,-2.4838428,-4.213843,-4.293843,0.80615723,1.5561572,2.806157,3.3461573,4.8361573,4.8161573,3.806157,1.5861572,3.0461571,4.386157,4.996157,4.206157,4.0461574,4.036157,3.5861573,3.4661572,3.4161572,3.3161573,2.7561572,2.3761573,3.556157,3.5361571,2.7461572,2.8861573,2.4161572,2.4761572,1.9961572,2.0461571,0.48615724,-0.14384277,-0.9338428,-1.2838428,-0.5538428,1.1761572,0.9561572,1.2561573,0.8161572
-1.9638427,-1.1138427,-0.3938428,-0.7438428,-4.4138427,-2.6138427,-2.5038428,0.27615723,0.0061572264,1.3861573,3.6161573,3.4361572,1.6061572,4.3561573,2.8561573,2.8561573,5.436157,4.636157,4.2161574,3.7461572,3.556157,3.1961572,2.6761572,3.306157,3.6561573,3.6761572,3.7061572,3.5861573,3.3761573,3.2561572,3.1961572,2.9061573,2.1061573,1.4561572,0.40615723,-0.0038427734,0.14615722,-0.25384277,1.3361572,2.0361571,1.2161572,1.9061573,0.33615723
