wind_kz.json
{"header": {"discipline":0,"disciplineName":"Meteorological products","gribEdition":2,"gribLength":1025,"center":7,"centerName":"US National Weather Service - NCEP(WMC)","subcenter":0,"refTime":"2023-09-28T00:00:00.000Z","significanceOfRT":1,"significanceOfRTName":"Start of forecast","productStatus":0,"productStatusName":"Operational products","productType":1,"productTypeName":"Forecast products","productDefinitionTemplate":0,"productDefinitionTemplateName":"Analysis/forecast at horizontal level/layer at a point in time","parameterCategory":2,"parameterCategoryName":"UnknownDiscipline_0_Category_2","parameterNumber":3,"parameterNumberName":"UnknownParameter_D0_C2_3","parameterUnit":"Unknown","genProcessType":2,"genProcessTypeName":"Forecast","forecastTime":300,"surface1Type":103,"surface1TypeName":"Specified height level above ground","surface1Value":10.0,"surface2Type":255,"surface2TypeName":"Missing","surface2Value":0.0,"gridDefinitionTemplate":0,"gridDefinitionTemplateName":"Latitude_Longitude","numberPoints":615,"shape":6,"shapeName":"Earth spherical with radius of 6,371,229.0 m","gridUnits":"degrees","resolution":48,"winds":"true","scanMode":64,"nx":41,"ny":15,"basicAngle":0,"lo1":47.0,"la1":41.0,"lo2":87.0,"la2":55.0,"dx":1.0,"dy":1.0}, "data":
[rows 0 to 14 of 15, columns 0 to 40 of 41]
1.4380127,1.0980127,-2.0219872,3.4080126,3.3080127,0.67801267,4.008013,2.0780127,1.7180127,0.6680127,-0.7519873,-0.9719873,-1.0219873,-1.5219873,-3.2019873,-3.2819872,-4.151987,-1.4419873,-4.111987,-3.9519873,-3.5419874,-2.7819872,-1.7819873,0.4480127,1.5380127,2.0680127,1.2180127,1.0980127,1.0280128,2.1280127,0.018012695,0.5380127,-0.5619873,0.31801268,-0.2119873,0.4280127,-0.2119873,-1.6519873,-1.6919873,-0.9419873,0.6280127
2.7480128,-4.111987,3.6580126,3.9680128,2.7580128,2.5880127,3.8880126,2.5980127,1.6280127,0.5680127,0.7080127,-0.5119873,-1.3819873,-2.1019874,-4.1419873,-4.241987,-2.1119874,-0.9319873,-3.8719873,-5.131987,-5.9319873,-1.9219873,-1.7119873,-1.6519873,-0.9119873,-2.6119874,-0.8519873,-0.1519873,-2.9519873,-1.4019873,-0.3719873,1.7580127,-1.9119873,-1.3619874,0.1680127,2.8380127,2.0880127,1.2080127,0.0780127,1.6280127,-0.5619873
-3.0419874,3.6380126,2.9380126,1.5680127,1.9080127,2.5080128,2.6980126,2.2080126,1.8780127,0.4580127,-0.9919873,-1.0019873,-0.2619873,-1.5919873,-3.6119874,-5.5019875,-4.4219875,-3.4719872,-4.901987,-4.611987,-2.7019873,-4.6819873,-4.531987,-1.0819873,-3.2319872,-1.0419873,0.2980127,-3.4519873,-2.5019872,-2.2219872,1.1380126,-0.49198732,-2.2619872,1.7180127,0.6580127,-0.49198732,-0.9519873,-3.3219874,-1.0819873,-1.4519873,-2.2619872
2.3880126,4.2080126,4.258013,2.8980126,3.5780127,2.8480127,2.9080126,1.7180127,1.2980127,0.5180127,-0.6219873,-3.0419874,-4.881987,-5.9519873,-4.0419874,-4.5219874,-4.6219873,-4.841987,-5.281987,-5.031987,-3.7519872,-3.6219873,-1.7719873,-2.9619873,-3.2419872,-4.531987,-3.3319874,-3.0819874,-2.7019873,-3.3119874,-1.2119873,-0.27198732,1.0580127,-0.8519873,-0.5419873,0.7480127,0.1480127,0.8180127,-0.5019873,-1.0519873,-2.0419874
3.7680128,3.1680126,0.9180127,-0.3919873,2.2880127,1.9680127,1.0380127,0.7980127,0.8080127,0.6480127,0.5080127,-1.4019873,-3.4119873,-5.1619873,-5.0619874,-4.6919875,-4.241987,-4.0819874,-4.1919875,-2.4819872,-2.1419873,-1.5719873,-1.9419873,-2.6819873,-1.9119873,-2.6819873,-4.491987,-3.3919873,-3.2719872,-3.8219874,-4.6419873,-4.4719872,-1.0419873,0.028012695,0.1280127,2.2080126,-4.5619874,0.5880127,0.028012695,-1.5819873,-2.1119874
4.9180126,3.3580127,0.2680127,0.5380127,0.018012695,-0.2819873,1.6280127,1.4080127,0.7180127,0.9580127,0.4980127,0.2780127,-1.0819873,-2.4719872,-5.6619873,-3.2819872,-3.0619874,-3.5619874,-2.9319873,-2.5419874,-2.2319872,-3.0519874,-2.7519872,-2.4819872,-2.0519874,-0.6919873,-0.49198732,-3.5719874,-3.4219873,-2.5819874,-2.9119873,-3.6519873,-3.8919873,-3.0319872,-0.6519873,-0.3819873,-1.1619873,-1.9719872,-1.5519873,-1.1319873,0.4980127
5.5380125,5.508013,4.6680126,4.008013,3.8580127,3.3580127,1.6180127,1.3080127,1.2580127,0.86801267,0.13801269,-0.4219873,-1.6019874,-2.1319873,-2.3019874,-3.1219873,-2.8319874,-2.7019873,-2.3219874,-1.5619873,-1.6219873,-2.1819873,-2.2319872,-1.9519873,-1.0419873,-1.2219872,-1.6519873,-2.0719874,-2.5719874,-3.2519872,-3.1319873,-2.7419872,-3.1319873,-2.6619873,-1.0019873,-0.2319873,0.2680127,-0.43198732,-2.0619874,1.4080127,-2.9219873
4.8780127,5.3380127,4.9780126,3.5980127,2.5380127,1.9080127,1.1980127,1.1380126,1.1880127,0.7780127,-0.5919873,-0.3119873,-0.8719873,-1.0819873,-1.8719873,-2.2619872,-2.7219872,-2.3819873,-2.3519874,-0.7219873,-1.2819873,-1.1719873,-2.0719874,-2.4719872,-2.8219874,-2.5219872,-2.3919873,-2.2119873,-1.5019873,-1.1719873,-2.0519874,-1.9419873,-2.4519873,-3.6319873,-2.4119873,-2.7919874,-2.7419872,-0.1919873,1.2180127,2.1880126,-0.6219873
5.348013,4.5680127,3.7380128,2.8980126,1.5380127,0.2280127,0.1080127,-1.0019873,-0.5519873,-0.041987304,0.2780127,-0.2519873,0.038012695,-0.7919873,-1.6819873,-1.3019873,-1.8319873,-1.5219873,-1.5319873,-1.9719872,-0.9819873,-1.1119874,-2.1819873,-2.2819872,-2.1019874,-2.2419872,-2.1319873,-2.3519874,-2.3019874,-2.5619874,-3.2219872,-2.8019874,-2.8719873,-2.6919873,-2.0219872,-1.9019873,-2.6719873,-1.8019873,-3.7819872,-2.9519873,-2.7419872
4.6680126,3.9080126,2.1680126,0.8580127,-0.3719873,-0.7819873,-0.3019873,-0.4719873,0.15801269,-0.3319873,-0.021987304,0.4180127,-0.4719873,-0.9619873,-1.0419873,-0.5419873,-0.8619873,-0.3919873,-0.5319873,-0.5119873,-1.0819873,-1.1719873,-1.3119873,-1.6519873,-1.9419873,-2.0919874,-1.9119873,-1.7519873,-1.7319874,-2.0719874,-2.1119874,-2.3719873,-1.8819873,-1.3019873,-1.1619873,-0.8919873,-0.5519873,-0.021987304,0.6880127,1.9380127,1.7480127
3.6880126,2.7280128,1.7280127,0.4180127,-0.3919873,-0.5819873,-0.4519873,-0.4019873,0.4880127,0.3580127,-0.5219873,-1.1919873,-0.7919873,-1.2819873,-1.1319873,-0.49198732,-0.8519873,-0.7119873,-0.5919873,-0.63198733,-1.4219873,-1.4319873,-1.5119873,-1.6819873,-1.6119874,-1.3219873,-1.2919873,-2.0519874,-1.8119873,-1.8419873,-1.8319873,-1.5419873,-0.8519873,0.028012695,0.4480127,1.4280127,2.0280128,1.9480127,1.6480126,0.1080127,-0.3419873
2.5780127,1.8180127,1.4780127,0.9180127,0.3980127,-0.041987304,-0.0719873,0.4380127,0.5080127,-0.7119873,-1.8319873,-1.0219873,-0.8519873,-0.5219873,-0.6019873,-0.031987306,0.18801269,-0.2819873,-0.4119873,-0.9619873,-1.6219873,-1.7519873,-1.3019873,-0.7119873,-0.8319873,-1.1319873,-1.4419873,-1.7119873,-1.4119873,-1.3019873,-1.1319873,-0.7219873,-0.17198731,0.048012696,0.7080127,1.7780128,2.7680128,2.2780128,0.8280127,0.3380127,1.0480127
2.0280128,2.1980126,1.0780127,0.5480127,0.47801268,-0.031987306,0.4480127,0.018012695,-0.3019873,-0.8419873,-0.82198733,-1.4819874,-0.1319873,-0.17198731,0.4080127,1.1480126,-0.041987304,-0.8419873,-0.2219873,-1.0619873,-1.1419873,-1.3319873,-1.0819873,-1.5319873,-1.9119873,-1.8619874,-2.3119874,-1.9719872,-1.5519873,-1.5119873,-1.0119873,-0.57198733,-0.2119873,0.6280127,1.0180126,0.5280127,0.7180127,1.1980127,2.1080127,2.2380128,1.9680127
2.2680128,1.8780127,2.3780127,1.2380127,0.9680127,1.3880126,0.6280127,0.21801269,0.2380127,0.038012695,-0.57198733,-0.9119873,0.9080127,-0.9919873,1.6980127,-0.3719873,-1.0219873,-1.0019873,-0.8319873,-0.8319873,-0.7219873,-0.6919873,-0.8019873,-1.1019874,-1.2819873,-1.6519873,-1.6819873,-1.7619873,-1.6219873,-1.9619873,-1.9819874,-1.5019873,-1.3419873,-1.0119873,-0.5519873,0.1980127,0.4080127,0.7280127,1.5080127,0.7380127,1.2280127
1.5080127,1.8280127,3.2380128,1.2280127,1.4580127,1.0880127,0.8080127,0.3480127,0.2080127,1.0080127,0.7580127,-0.1519873,-0.2419873,-1.5319873,-0.7919873,-1.4719872,-1.0419873,-0.7819873,-0.7119873,-0.7719873,-0.9519873,-1.3519874,-1.1919873,-1.2619873,-1.5319873,-1.7119873,-1.9619873,-2.2719872,-2.1819873,-2.3219874,-2.8619874,-3.2119873,-2.4019873,-2.2819872,-2.4619873,-2.5319872,-2.2219872,-2.0819874,-2.2419872,-1.6019874,-0.14198731
