wind.json
{"header": {"discipline":0,"disciplineName":"Meteorological products","gribEdition":2,"gribLength":1039,"center":7,"centerName":"US National Weather Service - NCEP(WMC)","subcenter":0,"refTime":"2023-05-30T18:00:00.000Z","significanceOfRT":1,"significanceOfRTName":"Start of forecast","productStatus":0,"productStatusName":"Operational products","productType":1,"productTypeName":"Forecast products","productDefinitionTemplate":0,"productDefinitionTemplateName":"Analysis/forecast at horizontal level/layer at a point in time","parameterCategory":0,"parameterCategoryName":"UnknownDiscipline_0_Category_0","parameterNumber":0,"parameterNumberName":"UnknownParameter_D0_C0_0","parameterUnit":"Unknown","genProcessType":2,"genProcessTypeName":"Forecast","forecastTime":180,"surface1Type":1,"surface1TypeName":"Ground or water surface","surface1Value":0.0,"surface2Type":255,"surface2TypeName":"Missing","surface2Value":0.0,"gridDefinitionTemplate":0,"gridDefinitionTemplateName":"Latitude_Longitude","numberPoints":688,"shape":6,"shapeName":"Earth spherical with radius of 6,371,229.0 m","gridUnits":"degrees","resolution":48,"winds":"true","scanMode":64,"nx":43,"ny":16,"basicAngle":0,"lo1":45.0,"la1":40.0,"lo2":87.0,"la2":55.0,"dx":1.0,"dy":1.0}, "data":
[rows 0 to 15 of 16, columns 0 to 42 of 43]
291.3776,288.57758,298.07758,296.3776,302.57758,294.07758,292.8776,292.57758,312.07758,317.7776,318.8776,312.67758,319.07758,317.3776,318.7776,321.17758,324.9776,326.2776,326.9776,331.67758,330.9776,326.2776,320.8776,321.57758,318.9776,316.4776,315.7776,304.2776,302.2776,302.9776,303.07758,315.8776,318.3776,324.57758,324.57758,327.7776,326.07758,328.8776,324.7776,326.17758,329.57758,330.4776,331.3776
287.9776,296.4776,295.7776,288.2776,295.67758,291.57758,291.7776,291.57758,309.57758,321.2776,319.67758,319.3776,320.2776,320.07758,320.67758,321.3776,325.7776,327.7776,326.07758,332.4776,338.7776,329.7776,328.9776,331.17758,319.17758,314.8776,322.07758,322.2776,314.17758,296.4776,300.8776,297.9776,295.17758,286.7776,310.8776,319.9776,326.8776,330.4776,332.3776,330.07758,326.67758,328.67758,332.3776
286.9776,286.4776,286.57758,296.2776,291.17758,291.57758,291.17758,290.9776,319.9776,315.3776,315.4776,316.3776,318.8776,321.07758,320.8776,320.4776,325.57758,326.7776,329.9776,336.57758,333.67758,334.57758,326.9776,325.9776,321.57758,304.4776,295.7776,295.7776,300.67758,302.07758,300.3776,293.57758,301.9776,288.9776,299.2776,273.17758,296.07758,319.57758,320.67758,324.07758,326.07758,317.7776,286.2776
290.4776,293.4776,301.2776,292.17758,291.07758,291.07758,290.8776,310.8776,314.9776,316.07758,314.4776,314.57758,314.3776,316.57758,317.3776,320.17758,323.07758,328.4776,330.4776,333.17758,331.4776,333.7776,329.57758,329.7776,327.7776,314.8776,320.3776,319.07758,314.7776,318.7776,316.2776,298.7776,293.4776,295.7776,296.2776,300.7776,299.67758,300.9776,297.8776,304.4776,303.9776,296.07758,284.7776
299.67758,304.9776,306.3776,293.9776,292.2776,291.9776,297.67758,311.57758,310.07758,315.7776,316.8776,316.57758,314.9776,313.7776,292.17758,292.3776,317.17758,325.57758,326.7776,331.4776,329.9776,333.7776,327.9776,321.17758,327.17758,326.17758,323.8776,323.9776,326.67758,323.4776,322.4776,320.17758,319.4776,316.07758,320.9776,323.3776,320.67758,309.3776,296.4776,294.17758,302.57758,314.4776,318.3776
304.2776,305.4776,307.4776,295.17758,294.67758,295.17758,302.4776,312.57758,311.07758,317.3776,313.2776,313.17758,315.67758,311.9776,293.57758,292.67758,290.2776,323.8776,329.57758,326.4776,328.07758,325.07758,329.57758,330.8776,330.2776,331.3776,333.3776,333.2776,331.2776,317.3776,325.67758,326.9776,327.8776,320.67758,299.17758,296.7776,306.17758,317.9776,313.2776,327.2776,329.4776,326.7776,322.3776
302.57758,306.4776,304.67758,304.2776,295.67758,295.07758,294.8776,294.9776,313.07758,312.7776,315.7776,312.07758,298.3776,301.2776,296.2776,292.4776,304.17758,318.57758,320.67758,325.7776,325.7776,326.07758,325.67758,326.67758,326.8776,328.8776,328.4776,325.07758,325.9776,292.2776,325.67758,326.8776,328.67758,323.07758,321.2776,315.8776,307.7776,305.07758,301.2776,306.17758,322.4776,327.7776,321.4776
304.17758,304.57758,305.67758,304.07758,305.57758,305.8776,305.2776,311.67758,314.9776,315.8776,311.67758,307.2776,298.57758,294.2776,295.4776,310.4776,313.2776,315.07758,317.67758,306.4776,323.07758,322.9776,322.9776,325.07758,322.2776,325.07758,321.4776,323.2776,326.57758,325.2776,326.7776,325.3776,326.4776,328.07758,321.7776,319.8776,315.2776,308.67758,303.2776,301.2776,298.4776,297.57758,317.3776
301.57758,300.7776,303.67758,306.67758,302.2776,303.9776,306.07758,310.07758,312.9776,311.07758,309.8776,307.2776,293.3776,305.3776,295.3776,302.9776,311.17758,312.2776,315.07758,316.3776,316.9776,318.4776,320.7776,323.3776,321.07758,323.8776,319.4776,318.17758,319.8776,319.57758,317.17758,321.2776,317.57758,320.57758,317.57758,311.8776,309.17758,318.07758,319.67758,286.9776,313.07758,314.4776,309.3776
288.07758,299.17758,299.7776,302.17758,299.7776,300.8776,301.7776,305.07758,306.8776,307.57758,306.57758,303.9776,301.8776,300.7776,302.57758,289.8776,291.8776,308.8776,306.8776,309.17758,312.3776,314.3776,315.3776,318.17758,318.7776,317.7776,315.07758,315.7776,309.9776,310.57758,309.9776,310.4776,315.07758,312.8776,315.67758,314.3776,312.9776,304.8776,305.07758,304.57758,294.2776,295.4776,294.3776
293.4776,298.17758,297.9776,294.2776,299.9776,301.2776,300.7776,302.17758,303.07758,303.3776,303.07758,301.67758,299.8776,300.07758,299.07758,289.57758,285.4776,294.07758,300.3776,303.67758,306.57758,310.67758,313.7776,317.3776,317.7776,315.57758,315.4776,312.2776,312.9776,310.9776,310.8776,306.3776,312.9776,317.4776,314.17758,315.7776,313.2776,312.4776,301.8776,299.2776,302.57758,300.17758,298.67758
289.2776,292.2776,296.7776,297.4776,294.07758,298.9776,297.7776,298.4776,300.2776,299.8776,299.3776,298.67758,296.7776,296.07758,298.67758,297.17758,288.4776,287.3776,297.9776,297.7776,295.7776,299.9776,301.57758,308.07758,311.2776,310.67758,307.9776,310.67758,306.17758,310.2776,313.07758,313.3776,316.07758,319.2776,323.3776,314.9776,309.9776,304.8776,301.57758,300.57758,302.7776,301.2776,301.8776
293.57758,292.7776,294.7776,295.9776,296.67758,297.8776,296.4776,296.2776,295.67758,296.57758,297.2776,296.9776,293.17758,294.07758,296.9776,296.57758,294.17758,294.7776,296.57758,291.57758,293.4776,295.17758,301.67758,303.7776,304.3776,303.3776,302.07758,306.67758,306.17758,309.8776,311.7776,316.2776,310.2776,316.2776,314.3776,313.2776,311.57758,313.57758,308.57758,303.9776,301.8776,302.2776,304.07758
294.07758,288.4776,288.7776,290.3776,294.7776,294.7776,291.57758,295.17758,295.57758,296.8776,295.07758,294.9776,292.8776,291.17758,294.7776,293.9776,295.57758,292.7776,292.7776,293.3776,297.17758,296.4776,296.17758,296.57758,296.9776,296.67758,302.9776,304.07758,308.9776,308.67758,308.07758,307.57758,311.17758,312.57758,314.2776,312.4776,310.17758,309.9776,308.17758,306.07758,305.07758,304.4776,303.67758
288.3776,292.2776,290.07758,291.4776,288.4776,293.2776,289.67758,289.67758,293.8776,293.8776,294.9776,289.9776,293.2776,294.07758,294.3776,296.3776,295.9776,295.8776,295.7776,293.17758,292.17758,294.2776,294.4776,295.07758,298.67758,300.17758,302.7776,302.17758,305.3776,304.4776,302.57758,304.07758,307.67758,306.3776,305.3776,305.4776,308.3776,306.8776,306.8776,306.4776,303.9776,305.7776,306.3776
288.7776,288.3776,289.07758,290.07758,285.7776,290.17758,289.7776,288.9776,290.57758,293.7776,294.67758,294.8776,293.8776,293.57758,291.8776,296.57758,295.57758,296.9776,296.3776,295.17758,295.3776,294.3776,294.07758,295.4776,295.3776,296.07758,296.8776,297.07758,298.17758,299.17758,299.4776,300.2776,300.9776,294.3776,302.4776,300.9776,301.9776,294.7776,306.4776,302.7776,306.7776,306.07758,305.8776
