wind.json
{"header": {"discipline":0,"disciplineName":"Meteorological products","gribEdition":2,"gribLength":867,"center":7,"centerName":"US National Weather Service - NCEP(WMC)","subcenter":0,"refTime":"2023-05-30T00:00:00.000Z","significanceOfRT":1,"significanceOfRTName":"Start of forecast","productStatus":0,"productStatusName":"Operational products","productType":1,"productTypeName":"Forecast products","productDefinitionTemplate":0,"productDefinitionTemplateName":"Analysis/forecast at horizontal level/layer at a point in time","parameterCategory":2,"parameterCategoryName":"UnknownDiscipline_0_Category_2","parameterNumber":3,"parameterNumberName":"UnknownParameter_D0_C2_3","parameterUnit":"Unknown","genProcessType":2,"genProcessTypeName":"Forecast","forecastTime":240,"surface1Type":103,"surface1TypeName":"Specified height level above ground","surface1Value":10.0,"surface2Type":255,"surface2TypeName":"Missing","surface2Value":0.0,"gridDefinitionTemplate":0,"gridDefinitionTemplateName":"Latitude_Longitude","numberPoints":688,"shape":6,"shapeName":"Earth spherical with radius of 6,371,229.0 m","gridUnits":"degrees","resolution":48,"winds":"true","scanMode":64,"nx":43,"ny":16,"basicAngle":0,"lo1":45.0,"la1":40.0,"lo2":87.0,"la2":55.0,"dx":1.0,"dy":1.0}, "data":
[rows 0 to 15 of 16, columns 0 to 42 of 43]
-0.61876374,2.5812364,0.38123626,-5.3187637,0.18123627,-5.9187636,-5.118764,-4.718764,-8.118764,-6.0187635,-3.0187638,-2.7187638,-2.0187638,-2.3187637,-2.1187637,-1.5187638,-2.4187636,-3.7187638,-5.0187635,-2.8187637,-1.7187637,1.9812362,-0.81876373,2.0812364,3.3812363,2.6812363,2.4812362,3.3812363,2.4812362,-1.8187637,-4.0187635,-3.9187636,-2.5187638,-2.2187638,-2.7187638,-2.5187638,0.7812363,1.0812362,-1.5187638,0.88123626,0.58123624,0.48123628,0.18123627
2.0812364,-1.6187637,-2.5187638,-2.0187638,-0.31876373,-5.8187637,-0.91876376,-2.6187637,-3.8187637,-3.3187637,1.1812363,-0.81876373,-2.8187637,-1.9187638,-2.5187638,-2.4187636,-3.2187638,-4.5187635,-6.218764,-2.7187638,-3.1187637,-0.41876373,1.1812363,-1.6187637,1.3812363,-1.3187637,-0.41876373,-1.5187638,-1.5187638,0.88123626,1.5812362,-0.5187637,-2.4187636,-4.5187635,0.7812363,-1.1187637,-3.5187638,-3.0187638,-2.2187638,-3.5187638,0.18123627,-6.118764,2.2812362
-0.018763732,-3.1187637,6.1812363,1.0812362,-3.0187638,-3.9187636,-1.7187637,-2.5187638,-2.5187638,-2.5187638,1.6812363,0.38123626,-0.61876374,-2.9187636,-3.3187637,-2.6187637,-4.0187635,-4.9187636,-5.218764,-6.618764,-4.5187635,-1.4187638,-2.4187636,-2.9187636,-0.11876373,1.8812363,-2.3187637,-3.3187637,-4.3187637,-0.21876374,0.28123626,0.38123626,2.8812363,0.88123626,-1.2187637,-2.8187637,-5.9187636,-3.2187638,-3.3187637,-5.0187635,-3.6187637,-3.1187637,0.28123626
0.88123626,0.7812363,-0.018763732,-5.618764,-3.1187637,-2.0187638,0.081236266,-0.61876374,-0.21876374,-1.3187637,2.9812362,0.68123627,-1.0187638,-0.91876376,-2.7187638,-3.0187638,-3.8187637,-2.1187637,-1.7187637,-4.4187636,-4.218764,-4.618764,0.68123627,-0.11876373,-4.5187635,-1.5187638,0.48123628,1.6812363,2.3812363,0.38123626,0.081236266,3.4812362,1.7812363,1.1812363,3.1812363,-1.3187637,-0.31876373,2.6812363,2.6812363,0.38123626,0.38123626,-1.0187638,-2.7187638
-1.8187637,-0.91876376,-0.5187637,-1.0187638,0.081236266,2.7812362,1.6812363,1.8812363,2.7812362,4.281236,3.5812364,2.4812362,1.2812363,-1.1187637,-1.6187637,-2.8187637,-3.3187637,-2.0187638,-1.4187638,-2.7187638,-3.7187638,-5.9187636,-5.218764,-1.9187638,-1.5187638,-0.91876376,-2.5187638,-4.3187637,-1.4187638,1.9812362,-0.018763732,-0.81876373,2.9812362,-0.7187637,-1.7187637,-0.41876373,-0.018763732,-2.8187637,-2.0187638,0.9812363,3.8812363,3.9812362,2.4812362
-2.6187637,-2.0187638,-2.7187638,-6.218764,-6.8187637,-2.7187638,1.6812363,4.281236,5.0812364,6.9812365,4.9812365,1.6812363,1.0812362,-0.81876373,-3.2187638,-3.3187637,-4.3187637,-1.5187638,-1.1187637,-2.3187637,-3.2187638,-4.218764,-3.0187638,-1.7187637,-2.2187638,-2.3187637,-1.4187638,-4.118764,-4.218764,-1.4187638,-0.91876376,3.5812364,1.7812363,2.3812363,2.2812362,0.28123626,-1.2187637,-1.9187638,0.7812363,0.68123627,0.081236266,-0.61876374,0.58123624
-4.218764,-2.9187636,-1.0187638,-3.2187638,-5.9187636,-8.118764,-9.518764,-7.3187637,-3.4187636,0.28123626,0.7812363,0.48123628,-0.7187637,-1.5187638,-2.9187636,-2.4187636,-2.0187638,-2.1187637,-2.6187637,-3.9187636,-4.0187635,-3.3187637,-3.4187636,-2.7187638,-3.2187638,-2.6187637,-0.81876373,-4.3187637,-3.3187637,-3.6187637,-4.5187635,-4.9187636,1.7812363,3.0812364,1.0812362,2.0812364,2.9812362,-0.5187637,2.7812362,1.6812363,-2.3187637,-2.8187637,0.38123626
-6.218764,-7.0187635,-3.3187637,0.58123624,-1.6187637,-0.61876374,-5.3187637,-6.3187637,-2.6187637,-0.81876373,-1.7187637,-0.81876373,-1.0187638,-0.61876374,-1.5187638,-2.8187637,-2.9187636,-3.5187638,-3.9187636,-3.8187637,-4.218764,-3.7187638,-3.5187638,-3.9187636,-3.5187638,-2.4187636,-2.8187637,-1.8187637,0.18123627,-2.8187637,-2.5187638,-3.4187636,-0.61876374,1.3812363,-1.2187637,2.1812363,0.28123626,-1.3187637,-2.6187637,-1.1187637,-1.8187637,-1.9187638,-1.8187637
-7.3187637,-7.118764,-5.4187636,-4.5187635,1.9812362,0.58123624,1.0812362,-1.4187638,-5.618764,-3.0187638,-0.41876373,-1.8187637,-1.4187638,-0.61876374,-1.3187637,-1.8187637,-3.3187637,-3.2187638,-3.0187638,-3.2187638,-3.3187637,-3.8187637,-3.4187636,-3.7187638,-3.7187638,-3.7187638,-3.3187637,-2.5187638,-0.91876376,-1.2187637,-1.6187637,-3.2187638,-1.1187637,1.5812362,0.7812363,0.18123627,1.7812363,0.48123628,-1.7187637,1.5812362,0.18123627,-0.61876374,-1.0187638
-6.4187636,-8.018764,-8.418764,-0.7187637,5.0812364,-0.21876374,0.9812363,0.68123627,-1.3187637,-1.7187637,-3.4187636,-1.5187638,-1.3187637,-0.81876373,-1.3187637,-2.7187638,-3.2187638,-3.7187638,-3.7187638,-4.0187635,-3.8187637,-3.5187638,-2.6187637,-2.9187636,-2.4187636,-2.6187637,-1.7187637,-2.7187638,-0.5187637,0.68123627,-0.91876376,-0.91876376,1.4812362,0.38123626,0.88123626,1.3812363,-0.5187637,-0.7187637,-1.6187637,-0.7187637,-0.5187637,-2.0187638,-2.0187638
-2.1187637,-3.9187636,-3.3187637,-3.4187636,-1.1187637,-0.21876374,0.18123627,-0.81876373,-1.7187637,-2.7187638,-2.4187636,-0.91876376,-0.61876374,-0.41876373,-1.2187637,-2.5187638,-3.4187636,-3.8187637,-3.6187637,-3.9187636,-4.218764,-3.7187638,-4.618764,-2.1187637,-2.2187638,-1.5187638,0.28123626,-1.0187638,-0.31876373,0.18123627,-1.5187638,-2.2187638,0.58123624,-1.9187638,-2.4187636,-0.21876374,-0.7187637,-0.21876374,0.88123626,-0.41876373,0.38123626,1.0812362,1.5812362
-1.6187637,-3.2187638,-4.4187636,-4.618764,-3.3187637,0.081236266,0.68123627,-0.21876374,-0.31876373,-1.0187638,-2.0187638,-1.0187638,-1.1187637,-1.0187638,-1.1187637,-2.3187637,-3.6187637,-4.0187635,-5.218764,-4.118764,-5.618764,-6.8187637,-5.718764,-3.9187636,-2.0187638,-0.41876373,-0.91876376,-0.11876373,-0.31876373,1.4812362,0.18123627,-0.61876374,-1.4187638,-0.7187637,-1.7187637,-2.7187638,-3.6187637,-0.31876373,0.48123628,1.1812363,1.3812363,1.3812363,0.28123626
-2.9187636,-2.5187638,-2.0187638,-3.9187636,-4.3187637,-2.1187637,-0.018763732,-0.5187637,-0.5187637,-1.6187637,-3.0187638,-1.2187637,-0.31876373,-1.3187637,-2.4187636,-2.7187638,-3.8187637,-3.7187638,-4.218764,-6.118764,-6.0187635,-6.0187635,-5.718764,-5.118764,-2.8187637,-0.11876373,0.28123626,-0.91876376,1.4812362,1.8812363,1.6812363,-0.61876374,-2.0187638,-3.2187638,-2.7187638,-1.7187637,-2.3187637,-3.5187638,-2.6187637,-1.4187638,-0.5187637,0.28123626,0.38123626
-1.9187638,-2.1187637,-2.4187636,-3.1187637,-2.6187637,-2.2187638,-2.1187637,0.28123626,-0.31876373,-0.7187637,-1.3187637,-0.91876376,-0.21876374,-0.41876373,-1.3187637,-3.2187638,-3.2187638,-3.9187636,-5.218764,-5.5187635,-6.3187637,-6.0187635,-5.8187637,-6.218764,-4.8187637,-2.8187637,-3.2187638,-3.0187638,-3.2187638,-1.8187637,-1.2187637,-1.3187637,-0.61876374,-2.1187637,-1.9187638,-2.6187637,-2.8187637,-2.9187636,-3.7187638,-2.3187637,-3.3187637,-1.4187638,-0.11876373
-1.4187638,-0.81876373,-1.7187637,-2.3187637,-3.0187638,-2.4187636,-2.0187638,-1.3187637,0.18123627,0.58123624,-0.21876374,-0.91876376,0.18123627,0.081236266,-0.7187637,-1.8187637,-2.7187638,-3.8187637,-4.4187636,-4.618764,-5.0187635,-5.5187635,-6.0187635,-5.718764,-5.0187635,-4.0187635,-3.6187637,-3.3187637,-3.1187637,-2.7187638,-3.0187638,-2.4187636,-2.2187638,-2.4187636,-3.2187638,-3.0187638,-3.4187636,-4.5187635,-4.5187635,-4.4187636,-3.8187637,-3.0187638,-1.2187637
0.18123627,0.9812363,-0.91876376,-2.4187636,-4.0187635,-3.0187638,-1.3187637,-1.3187637,-1.7187637,-0.018763732,0.48123628,-0.31876373,0.18123627,0.7812363,0.9812363,-0.91876376,-2.7187638,-3.0187638,-3.4187636,-4.4187636,-4.718764,-4.718764,-4.718764,-4.9187636,-4.618764,-4.5187635,-4.218764,-4.4187636,-3.5187638,-4.0187635,-3.9187636,-3.2187638,-2.4187636,-2.3187637,-2.2187638,-3.0187638,-3.4187636,-4.3187637,-4.5187635,-4.718764,-4.9187636,-6.718764,-3.5187638
