wind_kz.json
{"header": {"discipline":0,"disciplineName":"Meteorological products","gribEdition":2,"gribLength":1025,"center":7,"centerName":"US National Weather Service - NCEP(WMC)","subcenter":0,"refTime":"2023-08-19T12:00:00.000Z","significanceOfRT":1,"significanceOfRTName":"Start of forecast","productStatus":0,"productStatusName":"Operational products","productType":1,"productTypeName":"Forecast products","productDefinitionTemplate":0,"productDefinitionTemplateName":"Analysis/forecast at horizontal level/layer at a point in time","parameterCategory":2,"parameterCategoryName":"UnknownDiscipline_0_Category_2","parameterNumber":3,"parameterNumberName":"UnknownParameter_D0_C2_3","parameterUnit":"Unknown","genProcessType":2,"genProcessTypeName":"Forecast","forecastTime":60,"surface1Type":103,"surface1TypeName":"Specified height level above ground","surface1Value":10.0,"surface2Type":255,"surface2TypeName":"Missing","surface2Value":0.0,"gridDefinitionTemplate":0,"gridDefinitionTemplateName":"Latitude_Longitude","numberPoints":615,"shape":6,"shapeName":"Earth spherical with radius of 6,371,229.0 m","gridUnits":"degrees","resolution":48,"winds":"true","scanMode":64,"nx":41,"ny":15,"basicAngle":0,"lo1":47.0,"la1":41.0,"lo2":87.0,"la2":55.0,"dx":1.0,"dy":1.0}, "data":
[rows 0 to 14 of 15, columns 0 to 40 of 41]
1.5321362,-1.9178637,1.9021362,5.0321364,0.79213625,-2.9278638,-1.6478637,0.6921362,-0.01786377,0.86213624,1.5221362,2.0821362,-2.0978637,-3.6478639,-3.4178638,-3.7878637,-4.107864,0.7721362,0.01213623,2.2021363,-0.43786377,-0.77786374,3.1721363,0.8921362,-0.007863769,-0.41786376,-1.2678638,1.6521362,1.2421362,2.1621363,0.7121362,-0.51786375,1.3321363,-0.8678638,-0.31786376,-0.5378638,-0.07786377,-1.1278638,-1.6978638,2.3621361,2.1821363
3.5021362,1.3421363,3.2921362,2.7121363,0.43213624,-0.69786376,-1.1478637,-0.22786377,-0.6678638,1.1321362,2.5821362,0.08213623,-2.4578638,-3.127864,-3.1178637,-1.0278637,-2.3378637,-1.0378637,-0.007863769,0.9021362,-1.4678638,-0.6778638,0.35213622,1.4021362,-0.21786377,-0.30786377,-2.1978638,1.1621362,-0.16786377,1.6021363,2.6721363,2.9621363,-0.31786376,-1.8478638,-1.8878638,-2.0778637,-2.2778637,-3.2478638,-1.9678638,-1.3478638,-0.42786378
2.2321362,4.142136,2.4221363,2.6621363,0.14213623,-3.7878637,-1.2678638,-0.5578638,2.3921363,0.40213624,3.2421362,1.1121362,-2.5178638,-3.7378638,-5.9278636,-3.7178638,-1.3178638,-2.8978639,-1.6378638,-2.8878639,-1.4178637,-2.5678637,-2.877864,1.5721363,1.4921362,1.6821362,-0.09786377,0.15213624,-0.07786377,0.85213625,2.7121363,0.8221362,2.4521363,-1.3278638,-0.46786377,1.7921362,2.2021363,-0.22786377,-0.10786377,0.08213623,-0.48786378
2.4221363,3.8021362,3.2221363,0.07213623,-1.9778638,-1.9878638,-4.2878637,1.8621362,1.0221362,2.622136,2.9821362,0.11213623,-1.6778637,-4.747864,-4.997864,-2.7278638,-0.08786377,-0.88786376,-1.8178638,-2.2878637,-0.6778638,1.2021363,-1.5878638,-3.2778637,1.2721362,1.2821362,-0.95786375,-1.9278637,-0.20786376,0.39213622,-1.5378637,-1.9478638,-0.7978638,-1.0678638,-0.6178638,-3.2678638,-0.8678638,2.5521362,1.9821362,1.6321362,-0.6078638
1.7521362,2.1421363,0.06213623,-1.4878638,-1.8978637,-0.6178638,-2.6478639,-1.8478638,1.4021362,2.3421361,2.2621362,1.1121362,0.40213624,-2.5778637,-4.9078636,-4.547864,-4.1778636,-2.3078637,0.99213624,-4.167864,-4.5978637,-2.6778638,0.07213623,0.74213624,1.6521362,0.5321362,1.2821362,0.9621362,1.1921363,-1.8178638,-2.5878637,-0.08786377,1.7321362,2.5721362,-0.83786374,-1.7978637,-0.7178638,0.5221362,-2.8878639,1.9921362,-0.38786376
1.5221362,-0.81786376,-1.1678637,0.06213623,1.0521362,2.9221363,-0.5478638,-1.9378638,2.8821363,2.1721363,0.7721362,-0.19786377,0.19213623,0.29213622,-2.0978637,-3.0978637,-3.8578637,-2.9978638,-4.877864,-3.0978637,-4.147864,-1.0778638,-0.33786377,0.43213624,1.9421363,0.7121362,0.42213622,0.7821362,0.8421362,-0.19786377,-1.2378638,-2.2778637,-0.47786376,-0.37786376,1.9821362,-1.8278638,3.2421362,0.56213623,-1.6078638,0.72213626,-0.99786377
2.0121362,1.5521362,-0.07786377,-0.39786378,-1.3278638,4.1721363,2.5121362,-1.2678638,0.34213623,0.9621362,-0.36786377,1.7021363,1.3521363,-0.6778638,-0.24786377,-1.2578638,-2.2978637,-2.0978637,-1.2578638,-2.9678638,-3.6678638,-5.127864,-4.4478636,-4.817864,1.5121362,2.2921362,1.0221362,1.1721362,-1.2278638,-1.0278637,-2.4778638,-1.3178638,-1.7978637,0.7621362,-0.7978638,-1.8778638,-3.8678637,-2.7778637,-2.1478639,-2.8378637,-2.0978637
3.5621362,2.1121361,1.4921362,-1.5478637,0.5921362,0.30213624,1.1821362,2.8421361,1.5321362,1.6121362,0.37213624,-0.14786378,0.49213624,2.0821362,-0.7178638,0.03213623,0.43213624,-0.40786377,-1.7078638,-1.9378638,-3.4278638,-2.5678637,-1.6878638,3.0621362,1.0021362,3.2221363,3.2221363,-0.83786374,-0.56786376,1.1021363,-0.39786378,2.7121363,0.18213624,-1.4078637,0.50213623,-0.06786377,-1.0378637,-1.3178638,-0.43786377,0.04213623,-1.6678637
-2.0078638,-2.8478637,-1.1578637,-0.14786378,-2.3278637,-2.2778637,-1.7078638,0.85213625,-0.01786377,-0.12786376,-1.0278637,-1.1478637,1.2321362,2.7921362,2.0921361,-1.3478638,-0.41786376,1.2421362,2.4421363,1.3821362,1.4621363,0.5821362,-0.74786377,-4.3678637,1.7121363,3.6321363,1.6721362,2.9321363,2.2721362,1.5121362,3.3021362,3.6321363,2.5121362,3.122136,1.4321362,0.04213623,-2.7278638,-0.8578638,-2.3678637,-2.2178638,-2.4578638
0.37213624,-0.24786377,-1.6978638,-2.1878638,-1.7378638,-2.2678638,-0.46786377,1.4321362,0.67213625,0.45213622,-1.0978638,-1.8278638,-0.93786377,1.3121362,3.1321363,-0.87786376,-2.4078639,-0.35786378,3.6621363,3.3021362,2.6121361,2.8121362,3.2521362,-1.3878638,0.22213623,1.9121362,0.68213624,0.24213623,-0.29786378,1.8121362,3.1321363,2.1321363,1.9021362,0.21213622,0.18213624,0.43213624,0.07213623,-2.3678637,-0.5978638,1.1021363,2.0021362
-2.1078637,-2.1878638,-2.1178637,-2.4978638,-2.9078639,-3.0478637,-2.7878637,-2.3678637,-2.5278637,-2.4478638,-0.17786378,-0.9678638,-2.7878637,1.6521362,2.122136,-0.23786376,-1.4078637,-2.7978637,-2.9678638,-0.69786376,0.13213623,4.352136,4.582136,4.4421363,1.4021362,2.1121361,0.80213624,-0.007863769,-1.3778638,0.80213624,2.6521363,1.9821362,1.4321362,-0.007863769,-0.6578638,0.37213624,0.72213626,1.9621363,1.6421362,1.6021363,0.21213622
-1.5978638,-2.0878637,-1.3578638,-1.9778638,-1.9678638,-2.4278638,-2.0678637,-2.3878639,-2.9278638,-2.5878637,-0.70786375,-2.2678638,-0.6078638,1.0021362,0.5921362,-1.7978637,-2.5278637,-3.7078638,-1.7978637,-1.6778637,-0.6178638,-1.1478637,-0.23786376,1.9321362,1.8221363,3.1721363,3.1121361,2.372136,1.7521362,1.6121362,1.5621362,1.1221362,0.8821362,0.68213624,0.41213623,-0.9878638,0.04213623,1.2521362,1.6621362,1.7821362,0.99213624
-1.1078638,-1.4778638,-1.7178638,-1.2578638,-2.1578639,-1.5578637,-1.9778638,-2.0778637,-2.3078637,-2.0878637,-0.9078638,-0.01786377,-0.9178638,-2.127864,-2.7778637,-0.26786378,-0.94786376,-1.0778638,-1.9178637,-2.6078637,-1.4178637,-0.9878638,-0.19786377,1.5521362,2.6921363,1.7921362,1.1621362,1.6121362,3.4021363,2.7821362,2.2921362,1.9021362,1.0821363,1.1021363,1.3321363,0.61213624,-0.83786374,-0.6078638,0.42213622,0.43213624,0.01213623
-1.6478637,-1.8478638,-1.7878637,-1.8078637,-1.0478637,-0.9178638,-0.88786376,-1.2478638,-1.2178638,-1.5278637,-0.68786377,-0.5378638,-1.2378638,-1.3378638,-1.9478638,-1.1278638,-1.1778637,-1.0778638,-0.6678638,-0.23786376,-1.0078638,-0.9278638,-1.4178637,-1.5878638,0.45213622,2.3521361,3.7721362,3.5321362,4.4221363,3.9921362,2.8921363,2.8421361,2.9021363,2.7421362,1.5321362,0.80213624,-0.027863769,-1.0378637,-0.7378638,-0.04786377,-0.30786377
-0.36786377,-1.1178638,-2.2678638,-1.9578638,-2.5478637,-2.1578639,-1.2478638,-0.30786377,1.2621362,0.99213624,0.13213623,1.0621362,1.1421362,-0.5978638,-1.3778638,-1.6278638,-0.45786378,-0.12786376,-0.5578638,-0.42786378,-1.1378638,-1.1278638,-1.6678637,-2.2778637,-0.82786375,2.3821363,4.252136,4.872136,4.722136,3.9421363,3.3521361,4.102136,2.7421362,2.5721362,2.3521361,1.5221362,0.14213623,0.05213623,-1.0278637,-0.7178638,0.11213623
