wind_kz.json
{"header": {"discipline":0,"disciplineName":"Meteorological products","gribEdition":2,"gribLength":1025,"center":7,"centerName":"US National Weather Service - NCEP(WMC)","subcenter":0,"refTime":"2024-02-03T00:00:00.000Z","significanceOfRT":1,"significanceOfRTName":"Start of forecast","productStatus":0,"productStatusName":"Operational products","productType":1,"productTypeName":"Forecast products","productDefinitionTemplate":0,"productDefinitionTemplateName":"Analysis/forecast at horizontal level/layer at a point in time","parameterCategory":2,"parameterCategoryName":"UnknownDiscipline_0_Category_2","parameterNumber":3,"parameterNumberName":"UnknownParameter_D0_C2_3","parameterUnit":"Unknown","genProcessType":2,"genProcessTypeName":"Forecast","forecastTime":120,"surface1Type":103,"surface1TypeName":"Specified height level above ground","surface1Value":10.0,"surface2Type":255,"surface2TypeName":"Missing","surface2Value":0.0,"gridDefinitionTemplate":0,"gridDefinitionTemplateName":"Latitude_Longitude","numberPoints":615,"shape":6,"shapeName":"Earth spherical with radius of 6,371,229.0 m","gridUnits":"degrees","resolution":48,"winds":"true","scanMode":64,"nx":41,"ny":15,"basicAngle":0,"lo1":47.0,"la1":41.0,"lo2":87.0,"la2":55.0,"dx":1.0,"dy":1.0}, "data":
[rows 0 to 14 of 15, columns 0 to 40 of 41]
-2.616311,-3.346311,2.423689,5.343689,6.433689,4.693689,3.053689,2.083689,1.1436889,0.73368895,-0.15631104,-1.0963111,-0.57631105,-0.90631104,-0.29631102,-1.076311,0.73368895,1.163689,0.73368895,1.933689,1.593689,1.843689,-0.926311,-0.546311,-1.4863111,-2.846311,-3.486311,2.123689,2.4636889,2.743689,0.30368897,-1.556311,3.113689,0.053688966,-0.96631104,0.893689,0.753689,1.053689,1.1236889,0.67368895,-0.676311
6.353689,2.033689,6.013689,5.673689,5.703689,5.013689,2.753689,3.623689,2.223689,1.8736889,1.3836889,-0.22631103,0.55368894,1.323689,3.043689,1.573689,1.333689,-0.31631103,-0.19631104,1.323689,-1.166311,4.8336887,2.733689,6.353689,4.253689,3.863689,0.55368894,3.063689,0.49368897,2.973689,7.713689,6.5836887,0.10368896,-0.40631104,-5.4363112,-2.456311,-1.456311,-1.886311,-1.296311,-0.33631104,-0.15631104
3.4536889,8.8236885,8.0736885,6.643689,5.3336887,3.173689,2.733689,3.4636889,2.503689,-0.63631105,1.553689,1.813689,1.323689,2.593689,2.873689,3.243689,3.073689,2.803689,1.943689,3.563689,3.793689,3.393689,6.103689,5.3136888,2.123689,0.66368896,1.973689,1.663689,-1.396311,-0.746311,4.8336887,3.763689,2.563689,-2.936311,0.13368897,3.4336889,7.123689,-0.016311035,1.043689,-1.9963111,-1.036311
3.763689,6.943689,7.023689,5.993689,4.253689,5.203689,3.7136889,3.293689,1.563689,0.85368896,0.41368896,-0.116311036,-1.2363111,-1.056311,1.7736889,3.9336889,5.193689,5.493689,5.533689,4.553689,4.273689,3.913689,1.063689,5.843689,4.943689,6.933689,3.873689,2.293689,1.583689,0.60368896,-1.336311,-3.896311,-1.526311,0.893689,-1.576311,-3.206311,-2.756311,3.153689,6.683689,1.2636889,1.543689
4.173689,4.473689,4.363689,4.123689,4.003689,2.793689,2.893689,2.783689,1.953689,2.303689,1.793689,1.1536889,-0.736311,-0.736311,-0.19631104,0.563689,3.083689,4.953689,5.8336887,6.613689,6.343689,5.053689,3.083689,2.833689,6.233689,6.723689,7.073689,4.883689,3.243689,1.423689,0.55368894,0.66368896,0.67368895,5.213689,-1.696311,-0.17631103,-0.116311036,-0.796311,-0.89631104,0.49368897,0.573689
4.233689,4.593689,4.543689,5.463689,4.073689,3.323689,2.673689,2.473689,2.233689,2.1836889,1.853689,1.313689,0.37368897,0.85368896,0.633689,1.2736889,2.253689,3.853689,5.963689,6.153689,6.913689,6.653689,5.253689,4.503689,1.963689,4.0636888,5.573689,5.193689,4.073689,2.973689,1.413689,0.41368896,-0.016311035,2.973689,3.093689,9.053689,0.503689,4.533689,-0.15631104,-1.836311,-1.1063111
4.733689,5.013689,5.373689,4.3136888,3.643689,3.113689,2.763689,2.263689,1.913689,1.813689,1.573689,1.453689,1.6536889,1.6236889,2.7136889,3.793689,4.453689,4.0836887,5.393689,6.793689,7.223689,6.243689,6.713689,6.203689,5.403689,3.053689,2.273689,2.423689,3.783689,3.343689,0.773689,1.1436889,1.2536889,1.7636889,2.863689,0.99368894,-2.896311,2.253689,0.893689,-0.916311,2.823689
4.343689,5.243689,3.893689,4.023689,3.263689,2.523689,1.9036889,1.713689,2.483689,1.083689,1.683689,2.393689,1.533689,2.543689,3.233689,3.9436889,5.233689,5.983689,6.733689,7.073689,7.473689,8.3236885,7.723689,7.803689,7.843689,7.203689,6.393689,4.133689,4.263689,2.923689,1.573689,1.103689,0.123688966,1.733689,-0.10631104,-0.23631103,-0.96631104,3.033689,-2.856311,1.043689,-0.94631106
5.633689,4.643689,3.753689,2.733689,1.943689,1.603689,1.603689,1.823689,1.583689,1.8936889,1.3936889,2.073689,1.5136889,2.6836889,3.593689,4.503689,5.683689,7.253689,8.673689,8.483689,7.243689,9.113689,9.933689,8.683689,9.0736885,8.033689,6.113689,6.773689,7.633689,4.233689,3.9636889,4.503689,2.593689,3.1836889,3.993689,7.683689,-2.736311,1.0236889,1.7636889,1.363689,-3.006311
4.593689,3.633689,2.813689,1.8836889,1.5136889,1.563689,1.243689,1.443689,1.6236889,2.133689,1.7736889,1.933689,2.6836889,1.863689,2.993689,3.733689,4.983689,6.663689,8.263689,8.363689,8.343689,8.333689,9.773689,10.343689,9.643689,9.383689,7.653689,5.923689,4.633689,4.773689,4.483689,4.0636888,4.873689,5.143689,7.423689,1.063689,0.93368894,-2.7963111,-0.34631103,3.873689,4.703689
3.863689,3.253689,2.043689,1.103689,1.053689,1.053689,0.97368896,1.443689,1.6236889,1.663689,2.403689,2.903689,2.323689,3.783689,3.9436889,4.943689,5.953689,6.403689,7.453689,9.543689,8.253689,9.443689,9.583689,11.953689,9.453689,8.953689,7.653689,7.5836887,5.513689,6.423689,4.983689,3.423689,3.603689,5.153689,7.353689,1.453689,0.30368897,2.923689,1.333689,1.933689,-0.40631104
2.143689,2.163689,1.563689,1.323689,0.60368896,0.41368896,0.42368898,0.0036889648,0.513689,1.3936889,1.8936889,1.5136889,2.783689,4.233689,4.603689,5.763689,7.0636888,7.213689,7.713689,7.763689,8.543689,8.5736885,9.403689,10.273689,9.223689,8.713689,7.893689,7.403689,6.443689,4.713689,4.423689,4.473689,3.033689,4.493689,4.493689,2.553689,1.1536889,1.833689,2.823689,2.593689,0.91368896
2.243689,1.853689,1.7736889,1.183689,0.823689,-0.056311034,-0.806311,-0.30631104,-0.71631104,0.72368896,2.033689,0.503689,2.063689,4.473689,4.623689,5.933689,6.5636888,6.693689,7.403689,7.953689,8.233689,9.003689,8.533689,9.693689,8.433689,7.723689,5.783689,5.203689,4.5636888,4.263689,3.863689,3.823689,3.383689,3.643689,2.843689,5.283689,1.433689,0.54368895,1.313689,0.643689,0.503689
2.253689,1.5136889,0.023688965,0.13368897,-0.50631106,-1.756311,-1.276311,-0.796311,-1.1263111,-0.96631104,2.233689,0.36368898,0.753689,3.143689,5.323689,6.133689,5.963689,6.183689,7.0636888,7.173689,7.183689,7.503689,7.153689,4.673689,6.023689,5.353689,4.8136888,4.983689,3.743689,3.583689,3.803689,3.473689,3.583689,4.503689,3.403689,2.903689,2.033689,0.37368897,-0.086311035,0.823689,0.71368897
1.423689,0.693689,-0.14631103,-0.36631104,-1.0963111,-0.51631105,-1.176311,-1.806311,-2.016311,-1.536311,0.20368896,1.3736889,1.283689,-0.76631105,3.7036889,4.993689,5.653689,6.053689,6.243689,6.133689,5.913689,6.003689,5.543689,5.323689,5.203689,5.243689,4.743689,4.0836887,3.4436889,2.973689,3.1936889,3.893689,3.773689,3.653689,4.093689,3.573689,2.323689,1.103689,0.78368896,0.49368897,0.15368897
