wind_kz.json
{"header": {"discipline":0,"disciplineName":"Meteorological products","gribEdition":2,"gribLength":871,"center":7,"centerName":"US National Weather Service - NCEP(WMC)","subcenter":0,"refTime":"2023-09-20T18:00:00.000Z","significanceOfRT":1,"significanceOfRTName":"Start of forecast","productStatus":0,"productStatusName":"Operational products","productType":1,"productTypeName":"Forecast products","productDefinitionTemplate":0,"productDefinitionTemplateName":"Analysis/forecast at horizontal level/layer at a point in time","parameterCategory":0,"parameterCategoryName":"UnknownDiscipline_0_Category_0","parameterNumber":0,"parameterNumberName":"UnknownParameter_D0_C0_0","parameterUnit":"Unknown","genProcessType":2,"genProcessTypeName":"Forecast","forecastTime":0,"surface1Type":1,"surface1TypeName":"Ground or water surface","surface1Value":0.0,"surface2Type":255,"surface2TypeName":"Missing","surface2Value":0.0,"gridDefinitionTemplate":0,"gridDefinitionTemplateName":"Latitude_Longitude","numberPoints":615,"shape":6,"shapeName":"Earth spherical with radius of 6,371,229.0 m","gridUnits":"degrees","resolution":48,"winds":"true","scanMode":64,"nx":41,"ny":15,"basicAngle":0,"lo1":47.0,"la1":41.0,"lo2":87.0,"la2":55.0,"dx":1.0,"dy":1.0}, "data":
[rows 0 to 14 of 15, columns 0 to 40 of 41]
292.64355,283.14355,286.64355,294.84357,294.94354,294.54355,294.74356,294.94354,291.94354,292.24356,290.94354,292.04355,291.44354,291.44354,291.64355,289.84357,290.34357,291.14355,287.74356,290.94354,292.04355,289.54355,288.14355,289.04355,286.54355,287.24356,286.44354,271.94354,269.34357,271.74356,272.94354,275.74356,285.94354,293.44354,294.54355,294.74356,292.64355,293.84357,292.14355,292.64355,291.84357
272.24356,286.14355,294.74356,294.74356,294.64355,293.14355,294.24356,292.34357,291.34357,290.84357,292.34357,291.04355,290.84357,289.14355,288.44354,289.54355,290.64355,294.44354,292.64355,287.44354,286.84357,289.74356,287.94354,280.44354,263.04355,272.84357,279.94354,271.04355,270.94354,268.54355,275.34357,270.04355,277.34357,258.94354,272.44354,289.14355,288.54355,290.14355,295.54355,285.54355,283.94354
288.04355,293.74356,294.84357,294.44354,292.04355,292.04355,292.14355,291.24356,290.84357,290.34357,289.94354,290.64355,287.34357,287.84357,290.14355,287.34357,289.34357,291.84357,292.54355,289.44354,287.64355,291.24356,288.04355,283.24356,286.04355,287.44354,286.84357,287.54355,284.54355,276.64355,267.84357,271.14355,277.94354,276.94354,277.54355,278.24356,273.74356,275.94354,276.74356,275.64355,275.64355
291.34357,293.74356,295.04355,293.84357,292.44354,291.84357,292.74356,291.74356,291.84357,291.14355,290.54355,293.24356,292.54355,291.74356,289.74356,288.84357,291.14355,287.84357,289.04355,288.34357,289.94354,282.04355,289.54355,291.94354,286.84357,289.44354,292.34357,285.94354,284.94354,286.44354,286.74356,282.74356,287.14355,284.94354,283.84357,283.64355,273.74356,269.24356,278.94354,286.94354,289.24356
291.44354,293.44354,294.24356,293.24356,292.84357,291.94354,292.94354,291.64355,290.84357,290.74356,293.04355,290.74356,291.54355,290.44354,288.74356,289.74356,291.44354,291.84357,292.14355,290.54355,290.84357,291.54355,289.14355,290.64355,287.44354,286.34357,285.04355,287.64355,286.34357,286.14355,288.74356,286.24356,276.84357,265.24356,278.74356,287.14355,289.34357,290.84357,292.14355,291.94354,293.94354
290.64355,288.74356,292.24356,292.34357,293.04355,292.44354,290.54355,292.04355,289.74356,290.04355,290.94354,290.84357,291.74356,291.24356,290.44354,289.44354,292.14355,289.94354,293.24356,293.64355,289.44354,289.14355,289.14355,288.64355,287.44354,284.34357,285.64355,289.74356,288.14355,288.14355,287.14355,288.84357,287.94354,285.74356,282.44354,286.14355,278.94354,283.04355,289.04355,293.04355,291.74356
291.34357,290.34357,293.84357,293.94354,292.04355,290.74356,291.34357,290.14355,290.74356,291.94354,289.44354,291.34357,290.94354,289.04355,289.54355,290.84357,291.74356,292.24356,290.54355,291.94354,290.64355,291.14355,287.64355,288.84357,285.54355,284.54355,285.84357,285.44354,286.74356,286.24356,285.44354,285.94354,288.74356,286.74356,286.04355,283.54355,282.34357,281.04355,279.44354,279.04355,289.54355
291.44354,290.44354,292.04355,291.94354,291.84357,290.94354,290.14355,289.14355,289.14355,289.24356,289.84357,289.14355,289.14355,288.94354,290.34357,289.74356,291.44354,290.44354,290.74356,286.64355,288.54355,289.24356,285.74356,286.04355,283.54355,281.24356,283.84357,284.54355,283.84357,285.44354,285.54355,286.34357,284.84357,282.24356,283.24356,285.24356,286.54355,288.54355,287.74356,289.54355,287.24356
289.84357,289.04355,289.24356,288.84357,290.04355,288.24356,287.34357,287.64355,287.14355,286.94354,286.54355,286.84357,287.34357,289.44354,288.64355,287.64355,287.94354,287.84357,286.74356,287.74356,283.84357,284.04355,285.64355,284.74356,281.04355,285.64355,283.74356,283.14355,283.24356,281.74356,283.24356,284.24356,285.74356,286.44354,286.54355,284.74356,284.84357,284.54355,276.34357,276.64355,273.94354
288.84357,288.54355,288.24356,287.44354,287.14355,286.54355,285.94354,285.74356,286.04355,285.64355,284.94354,284.74356,285.04355,285.04355,284.84357,285.44354,285.84357,285.64355,285.04355,285.84357,284.94354,285.64355,285.34357,285.34357,283.44354,284.84357,284.94354,282.94354,284.94354,284.14355,285.74356,286.44354,288.24356,287.44354,287.14355,286.54355,283.24356,279.94354,277.64355,277.24356,275.64355
287.74356,286.54355,286.24356,285.44354,285.04355,284.64355,284.84357,284.04355,283.94354,284.14355,283.54355,282.84357,282.74356,282.04355,282.44354,282.94354,283.94354,284.44354,284.34357,284.64355,286.24356,284.14355,285.14355,283.44354,285.64355,285.34357,283.94354,286.84357,287.14355,286.74356,288.74356,290.24356,288.74356,288.74356,287.54355,284.74356,281.34357,278.74356,278.64355,278.64355,275.94354
284.34357,285.54355,285.14355,284.64355,283.74356,282.84357,281.24356,281.34357,281.84357,282.04355,279.94354,280.64355,281.74356,280.64355,281.44354,281.74356,283.44354,282.24356,283.34357,282.64355,283.24356,283.24356,284.34357,283.54355,284.14355,285.74356,286.94354,285.44354,288.14355,286.94354,288.24356,286.84357,286.34357,285.84357,285.44354,285.34357,285.24356,283.84357,283.04355,282.24356,281.64355
284.84357,284.04355,284.04355,283.14355,283.84357,282.64355,280.74356,280.54355,278.74356,278.54355,278.34357,277.14355,280.24356,278.84357,280.34357,281.14355,281.64355,281.14355,282.54355,281.94354,283.64355,281.24356,281.24356,284.14355,285.34357,287.44354,287.24356,287.94354,286.84357,285.74356,285.14355,285.34357,285.34357,284.74356,284.24356,283.94354,283.34357,284.24356,282.64355,281.74356,281.74356
284.34357,285.24356,286.54355,284.54355,282.34357,281.74356,281.44354,281.14355,280.04355,278.74356,278.24356,276.74356,277.44354,278.74356,279.44354,280.14355,280.74356,280.34357,280.54355,280.44354,280.74356,281.14355,282.64355,283.14355,284.24356,285.14355,285.24356,288.14355,287.64355,285.34357,284.64355,283.74356,283.94354,283.44354,283.64355,282.44354,282.64355,282.34357,282.04355,281.04355,281.24356
284.94354,285.94354,287.64355,287.14355,284.14355,282.14355,282.84357,280.74356,281.34357,280.14355,280.34357,278.24356,278.44354,278.04355,278.54355,279.74356,279.74356,280.24356,280.04355,280.14355,280.64355,280.74356,280.64355,281.24356,281.54355,282.04355,282.74356,284.84357,285.94354,284.34357,287.54355,283.24356,283.04355,283.44354,282.24356,283.84357,282.34357,281.84357,285.04355,282.14355,281.84357
