wind_kz.json
{"header": {"discipline":0,"disciplineName":"Meteorological products","gribEdition":2,"gribLength":1025,"center":7,"centerName":"US National Weather Service - NCEP(WMC)","subcenter":0,"refTime":"2023-08-22T18:00:00.000Z","significanceOfRT":1,"significanceOfRTName":"Start of forecast","productStatus":0,"productStatusName":"Operational products","productType":1,"productTypeName":"Forecast products","productDefinitionTemplate":0,"productDefinitionTemplateName":"Analysis/forecast at horizontal level/layer at a point in time","parameterCategory":2,"parameterCategoryName":"UnknownDiscipline_0_Category_2","parameterNumber":2,"parameterNumberName":"UnknownParameter_D0_C2_2","parameterUnit":"Unknown","genProcessType":2,"genProcessTypeName":"Forecast","forecastTime":180,"surface1Type":103,"surface1TypeName":"Specified height level above ground","surface1Value":10.0,"surface2Type":255,"surface2TypeName":"Missing","surface2Value":0.0,"gridDefinitionTemplate":0,"gridDefinitionTemplateName":"Latitude_Longitude","numberPoints":615,"shape":6,"shapeName":"Earth spherical with radius of 6,371,229.0 m","gridUnits":"degrees","resolution":48,"winds":"true","scanMode":64,"nx":41,"ny":15,"basicAngle":0,"lo1":47.0,"la1":41.0,"lo2":87.0,"la2":55.0,"dx":1.0,"dy":1.0}, "data":
[rows 0 to 14 of 15, columns 0 to 40 of 41]
-4.739433,1.950567,0.930567,-0.539433,-2.909433,-3.969433,-1.4894329,-1.349433,-2.939433,-2.079433,-1.229433,-1.319433,0.28056702,0.98056704,0.80056703,0.08056702,-0.22943299,-0.94943297,-3.729433,-0.82943296,2.060567,1.720567,4.050567,1.440567,0.98056704,-0.16943298,1.970567,2.970567,-0.359433,-0.16943298,-2.629433,-0.07943299,-0.69943297,-3.6694329,-4.569433,-1.329433,-0.689433,-0.929433,-1.349433,-0.939433,-0.399433
0.960567,1.080567,3.110567,0.970567,0.30056703,-1.939433,-0.969433,-1.999433,-1.029433,-0.14943299,1.770567,1.870567,2.3205671,2.400567,3.190567,2.350567,-0.43943298,1.600567,1.900567,1.710567,2.490567,1.6405671,2.200567,0.810567,2.390567,-0.019432984,0.830567,-0.23943299,3.850567,2.680567,1.220567,-0.95943296,-1.279433,1.060567,0.840567,-2.329433,-0.719433,0.840567,2.460567,-0.389433,-0.21943298
-1.589433,2.620567,1.450567,2.530567,1.030567,2.850567,3.0705671,2.910567,4.190567,2.140567,3.010567,4.220567,5.030567,5.830567,5.940567,5.230567,5.060567,4.350567,3.270567,3.8305671,3.230567,4.860567,4.720567,5.770567,-0.58943295,5.350567,6.400567,-2.049433,2.220567,0.290567,0.91056705,1.770567,1.720567,-0.669433,0.020567017,1.910567,1.250567,0.60056704,0.760567,2.980567,1.080567
-0.909433,0.090567015,1.270567,2.340567,1.850567,2.400567,2.600567,5.050567,4.310567,4.920567,5.550567,5.900567,6.560567,7.310567,6.960567,7.660567,7.070567,6.810567,6.770567,5.360567,4.010567,4.260567,1.940567,3.560567,2.280567,6.150567,4.750567,3.120567,-0.009432984,-2.489433,-6.779433,-6.339433,-4.459433,-1.999433,-3.029433,-2.629433,0.050567016,1.910567,-2.409433,-2.189433,-2.959433
-1.2394329,-0.23943299,1.490567,1.3905671,3.170567,0.640567,1.730567,5.120567,6.730567,7.050567,7.630567,8.480567,8.410567,8.220567,8.050567,7.820567,7.720567,7.380567,7.710567,6.760567,6.420567,6.300567,5.810567,6.240567,6.890567,7.010567,5.540567,2.240567,4.940567,-0.51943296,-0.019432984,-0.25943297,1.660567,2.470567,-3.509433,-2.129433,-2.139433,-4.229433,-3.609433,-2.539433,-1.499433
-1.629433,-0.429433,-0.13943298,2.050567,3.340567,4.150567,5.860567,4.820567,5.270567,7.750567,8.700567,8.920567,9.510567,9.960567,10.240566,8.700567,8.350567,8.240567,7.840567,7.800567,7.500567,6.960567,7.150567,5.880567,6.720567,6.850567,6.230567,1.500567,7.590567,1.120567,2.140567,0.950567,-1.069433,-1.829433,-2.029433,-6.249433,-0.929433,-4.499433,-2.899433,-1.449433,-1.909433
-0.659433,0.260567,1.700567,2.250567,2.230567,3.170567,4.220567,5.550567,6.710567,6.940567,7.620567,8.010567,8.710567,9.330567,9.410567,10.020567,9.630567,9.500567,8.850567,8.320567,8.190567,7.600567,7.310567,6.750567,6.510567,6.050567,6.090567,4.040567,1.990567,-1.149433,-1.379433,-2.059433,-4.029433,-8.899433,-6.479433,-6.519433,-2.359433,0.090567015,-1.629433,1.060567,-1.409433
-0.269433,0.530567,1.220567,2.500567,3.680567,4.780567,5.190567,5.610567,6.010567,7.160567,7.740567,8.180567,8.910567,8.370567,8.590567,8.750567,10.060567,9.670567,9.640567,9.090567,9.080567,7.660567,6.870567,6.930567,6.230567,6.170567,6.310567,2.740567,4.400567,1.920567,2.700567,-2.4294329,-4.329433,-2.389433,-1.309433,-4.789433,-4.229433,-3.529433,-7.199433,-6.679433,-0.21943298
0.91056705,1.330567,1.660567,2.380567,3.780567,4.400567,4.320567,5.380567,5.800567,5.860567,5.000567,6.630567,6.740567,5.470567,7.130567,8.920567,9.800567,9.370567,9.170567,7.560567,8.900567,8.290567,6.610567,6.370567,6.120567,5.820567,5.940567,4.710567,1.970567,0.870567,4.100567,-0.789433,-1.879433,-1.639433,-4.369433,-4.429433,-2.539433,0.67056704,0.820567,-1.019433,1.560567
0.92056704,1.480567,2.610567,3.340567,3.850567,3.790567,4.180567,4.290567,3.840567,3.970567,4.270567,5.040567,2.840567,4.060567,4.760567,4.940567,6.4505672,9.060567,10.010567,9.390567,6.510567,7.490567,5.760567,6.020567,5.110567,4.430567,5.650567,5.280567,3.520567,3.930567,4.850567,1.150567,-2.799433,-2.539433,-1.569433,-0.57943296,-2.069433,-1.4894329,2.860567,1.350567,-0.909433
1.120567,1.700567,2.530567,2.770567,3.210567,3.3205671,3.370567,3.210567,2.660567,3.390567,3.920567,2.5805671,3.350567,2.780567,2.050567,3.610567,1.780567,3.780567,7.050567,7.250567,3.180567,4.790567,2.730567,4.580567,3.400567,3.850567,4.730567,4.530567,1.790567,5.310567,5.070567,-3.339433,-4.159433,-2.839433,-3.239433,-1.799433,-0.089432985,0.44056702,1.360567,-0.459433,1.3805671
1.3805671,1.080567,1.770567,2.440567,2.930567,2.220567,2.300567,2.430567,1.150567,1.500567,2.630567,2.250567,3.720567,3.3305671,2.550567,2.630567,1.540567,1.530567,-2.939433,-5.429433,-3.369433,0.950567,0.870567,2.170567,2.670567,4.140567,4.190567,4.500567,3.010567,4.090567,-0.989433,-1.919433,-3.559433,-4.809433,-4.059433,-3.999433,-2.529433,-1.919433,-0.43943298,0.18056701,-1.539433
0.73056704,0.79056704,1.190567,1.3905671,1.480567,1.190567,1.370567,0.890567,0.13056701,0.950567,2.210567,3.510567,3.030567,3.410567,3.020567,1.920567,2.810567,-0.83943295,-1.309433,-0.669433,0.23056702,-0.20943299,1.090567,1.850567,3.220567,3.020567,2.800567,1.350567,0.630567,0.820567,-3.029433,-6.319433,-3.979433,-5.369433,-5.499433,-5.109433,-4.759433,-3.379433,-4.249433,-3.809433,-1.949433
2.760567,1.340567,0.890567,1.3805671,0.98056704,0.640567,0.530567,0.090567015,1.680567,1.550567,1.3905671,1.870567,-0.509433,0.08056702,1.930567,3.230567,2.760567,1.840567,1.740567,-0.779433,0.24056701,1.120567,1.860567,1.590567,0.07056702,-1.299433,-0.10943298,-1.4894329,0.44056702,0.870567,-5.609433,-3.339433,-2.769433,-4.879433,-5.399433,-4.939433,-4.169433,-3.9194329,-3.139433,-2.589433,-2.329433
1.150567,0.320567,-0.23943299,0.320567,0.740567,0.290567,-0.039432984,-0.28943297,0.360567,0.79056704,0.30056703,0.010567017,1.410567,-0.17943299,2.240567,3.910567,3.840567,3.870567,2.980567,2.230567,0.500567,-0.18943298,0.380567,-1.139433,-2.409433,-2.759433,-2.399433,-3.619433,-1.349433,-2.869433,-6.489433,-1.459433,-3.4294329,-4.899433,-5.129433,-5.139433,-3.409433,-4.579433,-4.249433,-3.109433,-1.259433
