wind_kz.json
{"header": {"discipline":0,"disciplineName":"Meteorological products","gribEdition":2,"gribLength":1025,"center":7,"centerName":"US National Weather Service - NCEP(WMC)","subcenter":0,"refTime":"2024-02-03T12:00:00.000Z","significanceOfRT":1,"significanceOfRTName":"Start of forecast","productStatus":0,"productStatusName":"Operational products","productType":1,"productTypeName":"Forecast products","productDefinitionTemplate":0,"productDefinitionTemplateName":"Analysis/forecast at horizontal level/layer at a point in time","parameterCategory":2,"parameterCategoryName":"UnknownDiscipline_0_Category_2","parameterNumber":3,"parameterNumberName":"UnknownParameter_D0_C2_3","parameterUnit":"Unknown","genProcessType":2,"genProcessTypeName":"Forecast","forecastTime":300,"surface1Type":103,"surface1TypeName":"Specified height level above ground","surface1Value":10.0,"surface2Type":255,"surface2TypeName":"Missing","surface2Value":0.0,"gridDefinitionTemplate":0,"gridDefinitionTemplateName":"Latitude_Longitude","numberPoints":615,"shape":6,"shapeName":"Earth spherical with radius of 6,371,229.0 m","gridUnits":"degrees","resolution":48,"winds":"true","scanMode":64,"nx":41,"ny":15,"basicAngle":0,"lo1":47.0,"la1":41.0,"lo2":87.0,"la2":55.0,"dx":1.0,"dy":1.0}, "data":
[rows 0 to 14 of 15, columns 0 to 40 of 41]
-0.3820215,-1.3520215,0.6879785,2.2979784,2.0579786,0.47797853,0.84797853,1.5079786,-0.012021485,-0.26202148,-2.3420215,-0.65202147,-0.96202147,-1.6720215,-2.0220215,-2.3620214,-1.9420215,-1.8920215,-4.2920213,-2.4720216,-1.9720215,-3.0920215,-1.2620215,-2.1220214,-0.78202146,-2.1120214,-2.4120214,-0.30202147,2.0279784,1.3879786,-4.5020213,-5.7320213,0.7379785,-0.8020215,-0.3120215,-0.24202149,-0.22202149,0.26797852,0.24797851,0.25797853,0.8679785
5.6079783,1.4579785,-2.0920215,4.0979786,5.1779785,5.1579785,0.21797852,2.7379785,0.7379785,-0.3420215,-0.8020215,-2.4620216,-1.9920214,-0.60202146,-3.5920215,-1.5420215,-0.5820215,-2.1620214,-3.5120215,-4.4320216,-3.4020214,-3.8320215,-0.9520215,1.6879785,-3.9520216,-4.7020216,-4.1820216,-0.3820215,1.1379786,-1.2120215,4.9579787,2.2079785,-1.8620214,-6.0120215,-4.8720217,-0.8820215,0.7979785,0.077978514,0.47797853,-1.8520215,0.42797852
0.47797853,-0.6720215,3.2179785,6.4879785,5.4479785,4.1479783,3.0079784,2.5279784,3.6979785,1.0479785,-1.2120215,-0.8920215,-1.8520215,-2.0720215,-3.0120215,-3.2320216,-2.5220215,-1.7720215,-2.6220214,-2.4620216,-1.6820215,-3.6620214,-7.8520217,-2.9820216,-0.20202148,0.41797853,-0.17202148,-0.2820215,-1.3620214,1.3779786,2.9079785,1.0779785,1.9579785,-1.8520215,-0.5620215,2.8679786,4.9279785,-0.5720215,0.8079785,-2.5320215,-2.7920215
-0.65202147,2.2079785,8.4679785,8.077978,5.5379786,7.1279783,7.1979785,4.3379784,3.5479784,3.0779786,1.1479785,0.067978516,-0.30202147,-0.5620215,-1.7820215,-2.5020216,-2.7520216,-3.3720214,-4.2520213,-3.8720214,-2.8520215,-4.1320214,2.6679785,-1.7320215,-2.6020215,-3.7620215,-3.9620216,-2.3120215,2.5279784,2.5179784,0.6379785,-1.1720215,-1.9120215,0.17797852,-1.2220215,-4.4820213,-4.7720213,-0.9920215,1.5979785,2.4079785,1.8579785
0.28797853,1.7379785,2.7779784,1.8479785,3.0679786,3.5579786,3.8079786,4.5479784,4.5479784,2.0879786,2.3479786,1.6179786,0.22797851,0.067978516,-0.8620215,-1.9020215,-2.1020215,-2.4620216,-2.9720216,-3.2020216,-1.2720215,0.11797851,-0.78202146,-1.4920214,-2.4420214,-2.6920214,-4.0920215,-2.7520216,-1.8220215,-2.3820214,-3.2120216,0.5179785,1.9179785,0.48797852,-1.7520214,-2.3720214,-0.22202149,-1.0420215,-1.0820215,0.45797852,-0.7920215
2.0479784,2.5379784,2.0679786,2.4079785,3.2479784,3.7579784,4.3179784,4.1279783,3.3379786,3.5379784,2.3379786,1.3379785,-0.9320215,-1.3320215,-1.5220215,-0.8620215,-0.9520215,-1.2620215,-1.4320215,-1.1720215,-1.8320215,-0.84202147,0.52797854,-0.7720215,-1.5920215,-2.3520215,-3.0020216,-3.5620215,-2.6020215,-2.6320214,-3.4020214,-3.6520214,-1.5620215,-2.6720214,2.3179786,9.607979,4.5979786,5.0179787,1.7779785,-1.3020215,-1.7920215
0.9479785,2.2279785,3.3279786,4.3379784,4.6379786,4.9679785,4.9979787,4.5379786,2.8579786,2.9779785,2.3279786,1.2179785,0.53797853,-1.7020215,-2.0220215,-1.2420214,-0.2520215,0.16797851,0.26797852,-0.27202147,-2.0420215,-1.7920215,-0.49202147,0.90797853,1.5479785,0.13797851,-2.9220214,-2.6920214,-3.2620215,-2.2620215,-2.5120215,-4.0120215,-4.6020217,-1.9820215,-1.5420215,-2.5520215,-4.0820217,-2.3620214,-0.09202149,-2.3820214,1.0979785
0.44797853,1.7879785,3.6379786,4.1779785,4.4079785,4.9579787,5.0979786,4.6079783,4.4979787,3.9479785,2.0079784,2.1979785,-0.4120215,-0.6720215,-2.4120214,-0.22202149,-0.5220215,-0.2520215,-0.16202149,3.2579784,-0.84202147,-0.48202148,-1.4120215,-0.08202148,1.9379785,2.1679785,2.6479785,-0.91202146,-1.6820215,-3.0320215,-1.9320215,-1.5120215,-2.2520216,-2.4820216,0.64797854,0.4679785,-0.42202148,0.067978516,-1.0620215,0.9779785,-1.3620214
1.6779785,2.4979784,3.0279784,3.9279785,4.2479787,4.7179785,4.2579784,3.9579785,4.2579784,3.9379785,2.9579785,2.7379785,1.8579785,-0.59202147,-0.11202148,-1.5520215,0.4679785,0.7679785,1.2179785,1.3979785,2.7179785,0.7279785,1.4179785,0.52797854,1.2879785,3.4479785,1.6279786,1.4679785,2.1479785,1.1979785,1.5679785,3.0279784,2.1479785,3.6579785,3.7579784,3.5279784,-2.8820214,1.4979786,-0.052021485,-0.6920215,-3.9520216
2.1179786,2.3479786,2.7079785,4.0779786,3.6379786,3.2779784,3.8079786,3.9279785,4.3479786,3.3679786,3.7979784,3.1979785,2.6479785,1.7179785,1.4879785,-0.4320215,-0.3120215,0.077978514,0.6379785,0.3179785,2.3679786,3.6779785,2.7579784,1.9779785,2.8279786,1.9579785,1.0279785,1.0879785,1.5379785,1.5879785,2.3579786,2.6279786,3.6679785,4.1379786,3.1279786,1.7579786,1.2479786,-2.9720216,-0.66202146,3.2679784,4.5079784
3.0379784,2.4779785,4.1879787,3.6979785,3.4079785,4.8279786,4.4079785,3.2179785,2.6079786,4.4579787,0.90797853,0.7079785,2.4879785,3.4379785,2.4479785,1.5179785,2.0679786,0.4979785,1.0079786,0.8579785,1.2279785,3.2079785,3.0579786,3.3179786,1.9179785,2.3979785,1.4579785,2.6779785,2.6879785,0.6979785,2.0579786,2.2579784,3.7679784,4.9279785,4.9379787,1.7179785,0.7079785,2.7779784,1.7879785,2.1379786,-0.36202148
1.2979785,0.90797853,2.6579785,4.6879787,5.5379786,4.8179784,5.0179787,4.8479786,1.9279785,2.3379786,0.5479785,-0.5620215,0.8179785,3.0079784,3.3279786,2.9279785,2.8979785,2.2579784,1.4579785,2.8279786,2.8379786,2.1779785,1.6479785,1.7879785,2.4479785,2.2979784,3.4979784,2.5879786,2.1479785,2.4079785,2.7179785,3.8279786,3.7279785,4.1279783,4.1679783,2.6879785,2.1479785,2.9179785,2.6479785,2.2779784,0.8079785
2.7879784,2.5979786,2.4779785,3.5179784,3.2679784,3.8179786,4.5979786,5.2879786,6.5279784,1.9079785,0.17797852,0.96797854,2.5379784,2.4979784,3.0279784,2.7779784,2.5779786,2.8579786,3.1179786,2.5779786,3.2779784,3.1579785,2.3979785,2.6379786,2.0479784,2.3379786,1.7079785,2.0079784,2.5879786,2.7279785,3.5779786,4.1279783,4.5479784,4.6979785,4.3779783,4.2979784,3.8679786,1.3179785,2.7679784,2.4779785,1.5979785
2.2379785,3.0479784,2.9679785,4.4979787,4.0979786,4.1479783,4.8479786,6.7279787,4.9579787,2.5079784,1.2979785,0.14797851,2.7479784,3.7979784,3.4479785,3.8779786,3.6879785,3.8879786,3.5579786,3.1179786,3.1279786,3.0279784,2.3479786,1.8179785,1.7479786,1.6079785,1.4279785,2.2879784,2.6679785,3.6179786,4.1679783,4.5979786,5.3579783,5.6279783,4.1979785,4.5279784,3.5779786,2.5879786,1.9879785,2.8179786,2.4779785
1.4979786,3.7379785,3.0279784,4.3679786,4.2779784,4.4779787,4.5979786,5.7079787,5.8379784,1.7779785,0.3179785,1.4879785,2.1579785,0.8879785,5.1279783,5.1079783,4.7279787,4.2479787,4.5279784,3.5179784,3.1679785,2.9479785,2.5279784,2.1679785,1.9779785,1.9179785,2.0379784,2.2479784,2.6679785,3.4379785,4.2979784,5.3179784,5.0179787,5.2179785,5.4579787,5.5979786,6.2879786,5.7179785,4.4679785,5.2879786,2.3479786
