wind_kz.json
{"header": {"discipline":0,"disciplineName":"Meteorological products","gribEdition":2,"gribLength":1025,"center":7,"centerName":"US National Weather Service - NCEP(WMC)","subcenter":0,"refTime":"2024-04-09T06:00:00.000Z","significanceOfRT":1,"significanceOfRTName":"Start of forecast","productStatus":0,"productStatusName":"Operational products","productType":1,"productTypeName":"Forecast products","productDefinitionTemplate":0,"productDefinitionTemplateName":"Analysis/forecast at horizontal level/layer at a point in time","parameterCategory":2,"parameterCategoryName":"UnknownDiscipline_0_Category_2","parameterNumber":2,"parameterNumberName":"UnknownParameter_D0_C2_2","parameterUnit":"Unknown","genProcessType":2,"genProcessTypeName":"Forecast","forecastTime":180,"surface1Type":103,"surface1TypeName":"Specified height level above ground","surface1Value":10.0,"surface2Type":255,"surface2TypeName":"Missing","surface2Value":0.0,"gridDefinitionTemplate":0,"gridDefinitionTemplateName":"Latitude_Longitude","numberPoints":615,"shape":6,"shapeName":"Earth spherical with radius of 6,371,229.0 m","gridUnits":"degrees","resolution":48,"winds":"true","scanMode":64,"nx":41,"ny":15,"basicAngle":0,"lo1":47.0,"la1":41.0,"lo2":87.0,"la2":55.0,"dx":1.0,"dy":1.0}, "data":
[rows 0 to 14 of 15, columns 0 to 40 of 41]
-2.4848554,1.0251447,2.7151446,-1.3848554,-1.4448553,-0.54485536,1.8251446,2.7951446,-0.61485535,1.0951446,-0.47485533,1.5951446,0.28514466,0.41514465,1.9651446,-2.0148554,-2.0448554,-2.0348554,-0.7048553,0.43514466,-4.0548553,-3.3748553,-3.3248553,-1.2948554,-2.0748553,-2.4248552,-2.7648554,2.0951447,0.56514466,1.0151447,0.7251446,0.46514466,-0.25485533,2.0151446,0.99514467,0.19514465,0.70514464,-1.6648554,-3.0948553,-2.6348553,-3.7948554
2.2951446,-0.21485534,-7.0648556,-5.924855,-2.8948553,-0.44485533,2.2951446,3.4851446,-2.3548553,-3.3448553,-1.6048553,-2.8648553,-5.3248553,-3.9848554,-2.9048553,-3.1948555,0.44514465,-1.1548554,1.2351446,1.2751447,-2.3148553,-1.5148554,-2.1848555,-1.6448554,0.7851446,0.47514465,0.25514466,2.8351448,3.0951447,0.9251447,-0.31485534,0.39514464,1.3151447,-2.9148552,-0.35485536,0.77514464,-1.4048554,-0.88485533,0.22514465,0.17514466,-3.9048553
-1.7348553,-8.324856,-8.524856,-5.5648556,-2.3648553,-0.48485535,1.4751446,-1.4748553,-0.6548554,2.3751447,-3.7048554,-5.794855,-4.1048555,-3.1148553,-1.9348553,-0.18485534,0.71514463,2.1651447,-2.2948554,0.45514464,-4.254855,-1.8048553,-2.3448553,0.14514466,-1.3548553,2.5251446,1.4951446,1.8551446,1.9051447,0.21514465,-0.66485536,1.1251446,-0.8948553,1.8251446,0.39514464,-2.1048553,-0.40485534,-0.48485535,2.9351447,0.13514465,1.5151447
-7.754855,-6.9348555,-5.5148554,-3.5048554,-2.0148554,0.14514466,-2.9148552,1.0351447,-2.4048553,-2.0248554,-0.63485533,-3.5448554,-3.3048553,-1.6348554,1.3251446,1.6451447,2.3451447,3.1351447,0.12514466,1.4551446,-3.6848555,-0.034855347,-2.3848553,1.9151447,5.3851447,6.6551447,6.0051446,1.9451447,3.9651446,2.2651446,2.3251448,4.3551445,9.015144,11.255144,8.995145,5.535145,-0.8948553,2.0751448,0.71514463,-0.69485533,-1.5148554
-6.0348554,-5.1148553,-3.0548553,-1.9548553,-2.1748552,-4.424855,-2.6448553,-2.4248552,-2.6048553,-1.4048554,0.31514466,0.035144653,1.5751446,2.6751447,2.8251448,3.2351446,2.6651447,0.74514467,3.2251446,0.5451447,1.3251446,-3.2548554,-0.53485537,4.535145,7.6851444,9.085145,5.3851447,4.2951446,2.8851447,1.6851447,3.2951446,5.3951445,1.1451447,0.5451447,2.3451447,0.80514467,-0.42485535,-1.4448553,-2.0948553,-3.5248554,-3.4648554
-2.8348553,-1.9048554,-0.8248553,-0.19485535,-0.34485534,-2.0948553,-0.84485537,0.6651447,0.80514467,2.4851446,1.7551446,1.4851446,2.0651445,3.6551447,2.4451447,3.4851446,3.9551446,3.2751446,2.5151446,-1.2948554,-1.0048554,-2.1648552,2.3651447,3.8351448,3.4251447,3.3851447,3.1351447,0.115144655,0.33514464,1.9551446,8.265144,4.705145,4.0651445,2.4251447,3.0351446,0.58514464,0.68514466,1.7151446,0.8551447,-4.504855,-4.1848555
-1.0448554,0.045144655,0.86514467,1.6551447,2.5551445,2.3851447,2.0651445,3.2751446,4.075145,3.9951446,3.6351447,3.0151446,3.0451446,2.1751447,2.4651446,2.2551446,2.5151446,3.5951447,3.8651447,2.4951446,0.06514465,1.3051447,1.1851447,1.1551447,-1.2448554,-1.8748554,-1.9248554,-1.2748554,1.1451447,6.475145,9.935144,6.0851445,1.3851447,0.09514465,0.14514466,-1.2048553,-1.1648554,0.52514464,-0.40485534,1.1751447,1.5651447
-0.29485536,0.9851447,0.5951446,2.8151445,4.305145,3.8951447,4.575145,4.4051447,6.495145,4.0951447,2.6851447,3.6851447,3.3751447,3.5651445,3.1151447,1.6651447,2.9951446,3.1751447,3.9751446,3.4451447,0.82514465,2.1251447,3.7951446,0.22514465,1.0651447,-2.2348554,0.34514466,1.0251447,4.3651447,5.9451447,9.035145,2.1951447,-1.3348553,-1.5348554,-1.9648553,1.2651447,2.8151445,3.0351446,2.9951446,3.7251446,-1.0548553
0.9851447,1.7651447,1.6451447,2.2251446,2.5551445,2.3551447,1.8651446,0.74514467,1.2851447,2.2451446,3.1751447,2.7951446,4.3151445,3.6851447,4.6451445,2.0751448,2.2651446,3.1051447,2.0451446,3.5751448,2.0551445,1.8351446,2.6251447,1.2151446,1.0851446,1.2751447,0.82514465,1.4651446,3.5251446,-0.07485535,0.56514466,-0.74485534,-1.1148553,-2.2048554,-1.7448554,0.30514467,0.23514466,-2.1948555,-0.81485534,1.1451447,-1.7448554
1.2451446,1.7851447,1.5651447,1.7551446,-0.7148554,-0.33485535,1.6651447,1.5551447,1.8851447,2.1751447,2.6651447,3.5851448,3.4451447,3.7951446,2.0051446,2.4451447,0.56514466,4.5251446,3.4051447,1.9551446,2.5351446,2.6951447,0.34514466,3.5951447,-1.0248554,-2.3348553,-2.1048553,-2.0848553,-2.4748554,-2.9048553,-2.8848553,-3.9448555,-3.8348553,-3.3348553,-2.2148554,0.06514465,-1.2348553,0.16514465,-1.9548553,1.0851446,-0.72485536
2.0251446,2.6751447,1.4351447,-0.054855347,0.7251446,1.0251447,1.7351446,2.1151447,1.2951447,1.2651447,2.0851448,2.7351446,3.1451447,4.4151444,5.1151447,6.0651445,2.0851448,2.1051447,4.3951445,3.1051447,3.2851446,2.9151447,2.3251448,-1.2748554,-1.5748553,-2.1248553,-2.5648553,-3.9148552,-3.9148552,-3.5748553,-4.1548553,-3.6448553,-4.3248553,-3.4048553,-2.6948555,-0.92485535,-1.1548554,0.96514463,0.44514465,-0.19485535,-0.36485535
0.25514466,0.045144655,-0.25485533,-0.24485534,1.3751446,1.4451447,-0.28485534,0.8451446,1.8751446,1.5751446,1.6551447,3.9351447,2.6751447,3.9451447,4.745145,4.765145,2.2551446,1.0451447,2.8051445,4.2951446,2.7651446,3.5451446,-1.0848553,-1.9248554,-1.7148553,-2.3948553,-4.5548553,-4.8448553,-5.4348555,-4.7648554,-3.9048553,-4.2048554,-2.7648554,-3.6348553,-2.9248552,-2.3248553,-2.5748553,-1.7848554,-1.2948554,0.20514466,0.65514463
1.3351446,0.17514466,0.28514466,0.57514465,0.35514465,0.27514467,0.39514464,0.51514465,1.9951446,0.5951446,0.44514465,2.2451446,2.1851447,3.6451447,3.8751447,3.5851448,3.7451446,3.6751447,1.9951446,4.2551446,0.68514466,-0.18485534,-0.66485536,-1.1048553,-2.1548553,-5.254855,-5.0148554,-5.254855,-4.8948555,-4.0848556,-3.9048553,-3.8348553,-3.4348555,-2.9348555,-2.5948553,-2.8648553,-2.4648554,-1.3648553,-2.5748553,-1.6448554,-0.67485535
1.2851447,1.1351447,0.27514467,-1.3248553,-1.1148553,0.22514465,1.2851447,1.0051446,0.95514464,2.5151446,0.62514466,1.5551447,2.0551445,2.8551447,3.7751446,3.6051447,3.0651445,3.6051447,2.2951446,3.2451446,0.48514464,0.075144656,0.22514465,-2.1648552,-4.5148554,-4.7448554,-4.5348554,-4.3948555,-4.0548553,-3.3148553,-3.3548553,-3.0748553,-2.7248554,-2.5248554,-2.1348553,-2.5148554,-1.7048553,-2.1948555,-2.0048554,-1.0348554,-0.7048553
-1.2548554,-2.7248554,-0.9048554,1.1451447,0.96514463,-0.08485535,1.3651446,1.8751446,2.3451447,2.1151447,0.7351447,1.4051447,1.7851447,1.2251446,3.0951447,3.1851447,2.4951446,2.3451447,1.8251446,-0.49485534,2.8151445,-0.54485536,-1.9648553,-3.4748554,-4.2048554,-3.9748554,-3.9148552,-3.2848554,-3.0748553,-2.8848553,-2.5048554,-2.2048554,-1.9048554,-1.5848553,-1.1248554,-0.91485536,-1.1948553,-1.0748553,-1.2048553,-1.5048554,-0.69485533
