wind_kz.json
{"header": {"discipline":0,"disciplineName":"Meteorological products","gribEdition":2,"gribLength":1025,"center":7,"centerName":"US National Weather Service - NCEP(WMC)","subcenter":0,"refTime":"2023-08-17T18:00:00.000Z","significanceOfRT":1,"significanceOfRTName":"Start of forecast","productStatus":0,"productStatusName":"Operational products","productType":1,"productTypeName":"Forecast products","productDefinitionTemplate":0,"productDefinitionTemplateName":"Analysis/forecast at horizontal level/layer at a point in time","parameterCategory":2,"parameterCategoryName":"UnknownDiscipline_0_Category_2","parameterNumber":2,"parameterNumberName":"UnknownParameter_D0_C2_2","parameterUnit":"Unknown","genProcessType":2,"genProcessTypeName":"Forecast","forecastTime":120,"surface1Type":103,"surface1TypeName":"Specified height level above ground","surface1Value":10.0,"surface2Type":255,"surface2TypeName":"Missing","surface2Value":0.0,"gridDefinitionTemplate":0,"gridDefinitionTemplateName":"Latitude_Longitude","numberPoints":615,"shape":6,"shapeName":"Earth spherical with radius of 6,371,229.0 m","gridUnits":"degrees","resolution":48,"winds":"true","scanMode":64,"nx":41,"ny":15,"basicAngle":0,"lo1":47.0,"la1":41.0,"lo2":87.0,"la2":55.0,"dx":1.0,"dy":1.0}, "data":
[rows 0 to 14 of 15, columns 0 to 40 of 41]
-2.026584,-1.0465839,3.1634161,2.6234162,2.763416,0.48341614,2.6034162,2.8034163,0.023416137,-3.0865839,-3.9265838,-2.9065838,-0.7965839,1.4634161,3.023416,0.41341615,-0.36658385,1.0934161,-2.556584,-1.8165839,0.18341614,1.2134161,-0.5665839,-0.71658385,3.763416,-2.4165838,-2.8765838,1.0034162,2.023416,0.9534161,0.8234161,1.0134162,2.443416,1.2934161,-3.256584,-6.7765837,-1.3565838,2.793416,-4.4465837,6.793416,-4.206584
1.4934162,3.1634161,1.1434162,3.6334162,3.4234161,0.8834161,2.3134162,1.8234161,-2.486584,-3.966584,-2.6165838,1.5634161,-3.776584,-3.246584,-1.8565838,-1.8165839,0.023416137,-1.2165838,-1.3465838,-0.17658386,0.34341612,3.6134162,1.7534162,-1.9765838,-0.40658388,0.10341614,-1.5865839,-0.5665839,-4.9865837,-1.7165838,-0.34658387,0.15341614,0.9534161,-0.21658386,1.0334162,-3.276584,-0.88658386,1.0234162,-0.6265839,-0.9965839,-6.036584
1.8934162,0.71341616,2.1334162,2.0534163,2.3834162,2.8634162,2.6034162,0.49341613,-2.1865838,-0.42658386,2.493416,-3.1565838,-3.8465838,-2.756584,-1.2665839,-0.21658386,0.61341614,1.2734162,-2.726584,-0.91658384,1.2434162,-0.39658386,-2.996584,-0.43658388,-1.8565838,-0.91658384,-0.90658385,-2.6765838,-3.5865839,-0.19658387,0.16341613,2.3434162,0.92341614,0.60341614,0.053416137,-1.0965838,1.4334161,0.16341613,6.253416,1.1234162,1.1334162
-1.5865839,2.033416,2.513416,2.3334162,2.1734161,0.48341614,1.2834162,-2.0965838,-0.15658386,-7.3165836,-2.266584,-4.156584,-3.736584,-1.8765838,0.71341616,2.4134161,2.6634161,3.273416,1.4434161,-2.006584,-0.27658385,-1.5065838,1.3734162,-2.5965838,-2.526584,-3.3765838,-1.7565838,-3.466584,1.7434162,3.523416,0.9334161,0.34341612,1.1134162,1.7334161,-3.1165838,-2.6865838,-0.84658384,0.9534161,-0.8165839,4.7834163,3.1334162
-0.91658384,-0.5665839,0.7634161,3.513416,3.983416,1.7934161,-0.066583864,0.9534161,-2.476584,-6.956584,5.423416,5.2834163,0.5134161,3.8134162,2.963416,3.283416,3.6734161,4.343416,-2.6065838,-1.0565839,0.34341612,-1.6665839,-2.756584,-1.5565839,-0.72658384,-2.796584,-3.476584,-1.9865838,-2.3165839,-0.056583863,-1.0165839,-3.026584,-2.276584,1.4734161,1.8134161,1.9634161,2.693416,7.133416,4.123416,2.993416,4.293416
0.8834161,1.2534162,2.4134161,4.083416,5.093416,4.403416,0.04341614,-0.6165839,2.0534163,1.8634162,4.5534163,-0.82658386,1.7634162,3.983416,4.2034163,2.443416,0.19341613,1.5134162,-0.82658386,-0.5465839,1.5534161,1.1534162,1.0934161,1.2034161,-1.8065839,-3.256584,-0.28658387,-4.5665836,-1.7565838,-0.13658386,-0.7365839,-1.9465839,-4.2965837,-3.3965838,-0.7465839,0.7034161,1.7034161,2.6534162,6.313416,6.463416,-1.0065838
4.2634163,2.693416,3.943416,2.453416,3.9034162,3.443416,3.213416,1.3134161,3.4234161,0.9534161,1.9534161,0.25341615,0.26341614,-2.506584,-2.6965837,-1.0665839,-3.3565838,-2.026584,-3.1565838,0.37341613,1.7634162,2.453416,2.213416,-0.07658386,-3.0665839,-0.66658384,-2.8865838,-3.006584,-3.266584,-1.5665839,-3.1365838,-2.3765838,-3.786584,-3.6665838,0.023416137,-1.1465839,-0.71658385,2.453416,1.5334162,1.1034161,8.253416
3.0834162,3.013416,3.1134162,3.243416,3.283416,3.3634162,5.143416,2.693416,2.193416,3.5734162,4.733416,0.09341614,0.6334161,-0.49658385,-3.256584,-4.4465837,-3.486584,-1.7565838,-2.8865838,-2.1165838,-1.5065838,-4.086584,-2.756584,-2.9065838,-2.756584,-1.5665839,-3.026584,-1.6965839,-1.9265839,-4.076584,-4.146584,-2.8765838,-0.25658387,-0.20658386,-1.1965839,2.0534163,2.8334162,4.543416,3.8834162,6.2834163,1.8034161
3.4234161,3.043416,1.9034162,9.123416,-1.1165838,-3.526584,-0.04658386,-0.6865839,1.6434162,4.7834163,1.5134162,0.43341613,2.4234161,-1.4465839,-2.1965837,-3.986584,-3.8465838,-2.706584,-3.546584,-2.776584,-3.996584,-3.206584,-3.1365838,-3.466584,-1.8865838,-2.8365839,-1.5165839,-0.24658386,-0.70658386,-1.5465839,-1.4465839,-1.5365839,1.5834161,0.31341612,-0.12658386,1.5034162,0.48341614,0.65341616,0.7634161,1.2834162,-0.17658386
2.013416,0.98341614,0.09341614,-2.1265838,1.6934161,1.0934161,-0.5565839,2.6134162,-1.3865838,0.65341616,-1.4865838,-0.83658385,0.85341614,-2.236584,-1.2965839,-3.216584,-3.1365838,-3.976584,-3.8165839,-3.0765839,-3.0865839,-2.306584,-1.7965839,-1.0865839,-1.5565839,-3.4265838,-3.5865839,-4.6965837,-4.576584,-4.866584,-4.076584,-3.8965838,-1.6665839,-2.0965838,0.52341616,1.5034162,0.28341615,0.79341614,-0.9965839,0.8234161,-0.11658386
2.203416,2.6434162,1.5734161,1.3334161,-0.63658386,5.633416,5.093416,2.1734161,2.0634162,1.3934162,2.793416,-1.0565839,-1.2165838,-1.6465839,-2.206584,-2.1865838,-2.0965838,-2.4365838,-3.786584,-2.5865839,-2.3665838,-2.246584,-0.34658387,-0.07658386,-2.4265838,-3.1765838,-4.306584,-5.146584,-4.596584,-3.956584,-3.526584,-3.6165838,-3.1765838,-2.046584,-0.95658386,-0.25658387,-0.53658384,0.5734161,0.14341614,0.59341615,-0.6765839
4.0334163,0.91341615,3.3134162,2.963416,2.703416,4.7634163,8.033416,3.8334162,2.0634162,3.5534163,-1.3765838,-0.10658386,-1.3265839,-1.0665839,-1.7265838,-2.056584,-0.6865839,-2.966584,-4.096584,-3.4365838,-2.266584,0.013416138,1.2034161,0.033416137,-2.736584,-2.3965838,-2.276584,-2.8365839,-3.026584,-3.6265838,-2.8165839,-1.4065839,-1.3665838,-2.496584,-1.3265839,-1.0065838,-1.4865838,-0.12658386,0.44341615,0.6934161,0.47341615
2.6634161,2.8134162,1.5934161,2.6434162,0.73341614,1.3634162,2.043416,4.063416,3.5834162,1.6034161,-0.9865839,-0.48658386,-0.75658387,0.09341614,-1.6565839,-3.0665839,-2.6765838,-2.716584,-2.046584,-2.0965838,-1.9165839,-1.8565838,0.25341615,0.79341614,0.24341613,-2.4265838,-2.706584,-5.1965837,-4.516584,-3.6265838,-4.5465837,-3.716584,-3.246584,-2.766584,-1.9365839,-1.1565839,0.36341614,0.21341614,0.24341613,0.9334161,0.53341615
3.033416,0.5634161,1.2734162,2.6834161,0.26341614,1.6534162,-0.9865839,-0.48658386,-1.5965838,2.043416,-0.96658385,-1.5465839,0.48341614,-0.31658387,-1.5865839,-3.1465838,-3.216584,-1.2165838,-1.3765838,-0.71658385,-1.6665839,-2.4165838,-2.1865838,-0.34658387,1.6334162,-0.59658384,-0.96658385,-2.3365839,-2.3765838,-3.0865839,-3.0765839,-2.746584,-2.726584,-2.3465838,-0.90658385,-0.65658385,0.19341613,0.0034161378,-1.0165839,0.033416137,1.9734161
2.1334162,3.943416,4.1834164,2.6134162,2.963416,2.463416,3.6034162,0.46341613,-0.33658385,-1.0865839,-1.5465839,-1.1665839,0.21341614,1.3434161,-2.6765838,-2.236584,-1.6465839,-0.22658387,-0.27658385,-0.65658385,-1.1765839,-3.016584,-1.4365839,0.85341614,2.493416,2.9234161,1.4734161,-0.12658386,-1.8365839,-1.3265839,-0.7465839,-0.96658385,-0.91658384,-0.91658384,-0.58658385,0.32341614,-0.59658384,0.26341614,0.47341615,0.16341613,0.41341615
