wind_kz.json
{"header": {"discipline":0,"disciplineName":"Meteorological products","gribEdition":2,"gribLength":871,"center":7,"centerName":"US National Weather Service - NCEP(WMC)","subcenter":0,"refTime":"2023-08-10T18:00:00.000Z","significanceOfRT":1,"significanceOfRTName":"Start of forecast","productStatus":0,"productStatusName":"Operational products","productType":1,"productTypeName":"Forecast products","productDefinitionTemplate":0,"productDefinitionTemplateName":"Analysis/forecast at horizontal level/layer at a point in time","parameterCategory":0,"parameterCategoryName":"UnknownDiscipline_0_Category_0","parameterNumber":0,"parameterNumberName":"UnknownParameter_D0_C0_0","parameterUnit":"Unknown","genProcessType":2,"genProcessTypeName":"Forecast","forecastTime":240,"surface1Type":1,"surface1TypeName":"Ground or water surface","surface1Value":0.0,"surface2Type":255,"surface2TypeName":"Missing","surface2Value":0.0,"gridDefinitionTemplate":0,"gridDefinitionTemplateName":"Latitude_Longitude","numberPoints":615,"shape":6,"shapeName":"Earth spherical with radius of 6,371,229.0 m","gridUnits":"degrees","resolution":48,"winds":"true","scanMode":64,"nx":41,"ny":15,"basicAngle":0,"lo1":47.0,"la1":41.0,"lo2":87.0,"la2":55.0,"dx":1.0,"dy":1.0}, "data":
[rows 0 to 14 of 15, columns 0 to 40 of 41]
300.72247,288.42245,292.82245,298.82245,298.92245,298.22247,299.32245,304.02246,303.62247,306.62247,304.82245,305.62247,305.92245,305.92245,304.52246,299.82245,300.12247,300.72247,300.92245,301.42245,301.62247,298.02246,296.02246,290.52246,293.52246,294.32245,292.52246,278.22247,278.82245,278.22247,279.82245,282.82245,291.62247,298.92245,302.72247,303.12247,300.42245,302.42245,301.82245,300.82245,303.82245
278.62247,293.62247,298.72247,299.32245,299.12247,297.22247,302.52246,302.32245,302.82245,303.32245,304.92245,302.92245,300.72247,300.22247,300.82245,302.42245,299.72247,300.62247,299.92245,300.12247,300.42245,300.12247,296.82245,289.02246,279.92245,279.32245,289.02246,277.02246,281.02246,275.52246,281.72247,275.02246,284.52246,266.12247,281.02246,298.12247,296.82245,297.22247,301.02246,293.12247,284.12247
294.52246,298.62247,299.42245,299.32245,296.32245,303.12247,303.52246,302.42245,303.02246,301.72247,301.22247,301.52246,297.62247,298.82245,304.42245,303.22247,300.02246,299.02246,298.82245,300.22247,302.12247,301.92245,301.32245,294.82245,295.62247,294.92245,293.62247,292.52246,291.82245,282.32245,274.42245,277.02246,285.52246,282.52246,284.92245,284.92245,276.42245,278.32245,281.82245,278.72247,277.92245
294.82245,298.92245,299.72247,298.62247,298.12247,301.52246,302.02246,302.62247,302.92245,302.22247,300.92245,300.02246,296.42245,295.52246,300.12247,298.32245,301.12247,300.82245,299.52246,299.72247,297.52246,295.02246,300.32245,299.82245,297.02246,297.82245,297.52246,296.42245,294.12247,294.02246,292.72247,291.22247,296.52246,296.12247,289.72247,289.62247,277.82245,279.02246,283.32245,293.42245,297.32245
300.92245,299.32245,299.92245,299.62247,299.32245,301.22247,301.32245,303.62247,302.42245,303.52246,301.62247,298.82245,296.62247,295.32245,292.52246,300.72247,300.72247,299.82245,294.72247,302.02246,303.72247,301.42245,299.52246,299.22247,297.42245,296.22247,294.02246,294.62247,293.42245,293.62247,294.62247,289.42245,281.12247,272.82245,284.42245,294.52246,295.82245,299.72247,299.92245,300.22247,300.72247
302.72247,298.82245,298.82245,299.12247,299.62247,298.72247,301.42245,302.72247,304.42245,304.22247,301.82245,301.22247,296.12247,295.62247,297.42245,299.42245,301.92245,300.92245,303.62247,303.82245,301.22247,302.02246,298.82245,299.22247,297.92245,295.72247,295.32245,293.72247,296.72247,298.42245,295.82245,296.02246,294.22247,290.32245,289.52246,290.62247,284.92245,288.62247,296.42245,298.42245,299.22247
304.72247,302.52246,302.82245,303.22247,301.62247,300.92245,300.92245,300.02246,300.82245,303.72247,302.82245,300.12247,298.72247,298.62247,300.42245,303.32245,302.92245,302.92245,301.72247,301.82245,298.92245,299.72247,301.12247,299.82245,299.22247,298.32245,296.62247,297.62247,297.02246,296.62247,295.62247,295.32245,295.22247,295.32245,292.22247,291.02246,286.22247,283.32245,278.72247,279.92245,294.32245
304.32245,303.42245,301.12247,302.72247,308.02246,303.52246,302.42245,302.62247,302.42245,303.42245,300.52246,299.52246,299.02246,300.42245,303.12247,305.82245,302.72247,302.82245,301.92245,297.62247,299.02246,298.32245,299.22247,298.52246,298.42245,294.52246,294.62247,295.02246,292.92245,293.52246,291.42245,292.12247,290.12247,288.82245,285.92245,290.12247,292.62247,289.32245,292.22247,294.02246,285.42245
302.62247,299.32245,301.62247,299.32245,302.22247,302.32245,301.12247,302.92245,303.52246,299.82245,297.72247,297.72247,296.72247,298.32245,299.32245,299.32245,300.82245,300.52246,299.72247,298.32245,295.52246,295.32245,295.32245,295.92245,294.42245,294.62247,291.12247,289.72247,287.42245,285.72247,287.72247,288.32245,288.92245,290.12247,288.92245,285.82245,288.12247,288.42245,277.32245,279.22247,277.12247
300.32245,303.62247,299.72247,303.42245,302.02246,301.32245,300.62247,300.72247,300.62247,298.92245,297.22247,296.52246,298.12247,297.62247,298.32245,298.52246,299.12247,298.62247,299.42245,297.82245,297.52246,295.32245,295.52246,295.22247,294.52246,292.52246,291.62247,290.92245,289.42245,288.12247,287.62247,291.22247,291.82245,291.32245,290.52246,287.72247,285.22247,283.92245,278.92245,275.82245,276.82245
301.62247,299.12247,298.02246,302.52246,302.22247,300.42245,300.42245,298.32245,299.62247,298.42245,297.02246,294.72247,298.22247,297.02246,300.52246,300.02246,300.52246,298.42245,298.52246,297.02246,298.62247,294.52246,294.02246,293.02246,294.32245,291.92245,289.82245,292.32245,292.62247,293.82245,294.92245,293.32245,292.02246,291.52246,289.42245,288.12247,284.12247,280.12247,278.02246,280.52246,278.52246
295.52246,301.02246,297.72247,297.92245,298.52246,297.52246,297.22247,296.12247,296.62247,298.72247,295.52246,294.52246,297.22247,295.72247,297.32245,296.22247,296.72247,297.32245,298.12247,295.82245,294.72247,293.32245,295.12247,291.92245,296.52246,296.42245,296.72247,296.92245,298.72247,296.42245,294.82245,294.72247,294.32245,290.22247,289.92245,288.32245,288.02246,286.72247,286.12247,285.52246,284.92245
294.02246,294.62247,297.42245,300.82245,298.22247,300.12247,300.02246,298.82245,296.22247,296.02246,295.42245,294.92245,294.82245,293.22247,294.92245,294.82245,295.12247,294.72247,296.02246,294.92245,294.12247,290.52246,291.02246,291.42245,293.72247,294.42245,296.12247,295.42245,295.52246,298.72247,297.12247,295.02246,296.12247,293.12247,291.02246,289.82245,288.62247,289.02246,287.72247,286.22247,286.22247
292.32245,296.22247,294.82245,300.02246,299.22247,298.42245,298.42245,296.62247,295.22247,293.82245,291.92245,289.12247,289.12247,291.02246,291.92245,292.32245,292.02246,291.62247,291.92245,291.72247,291.72247,292.52246,292.22247,291.92245,292.52246,293.62247,292.02246,291.82245,292.72247,291.92245,292.12247,291.42245,291.82245,290.42245,290.12247,289.32245,288.52246,290.42245,287.22247,287.32245,285.82245
291.62247,295.52246,292.22247,296.42245,295.42245,295.92245,293.62247,295.02246,293.32245,293.02246,292.92245,288.42245,288.52246,288.72247,289.52246,290.22247,290.82245,291.42245,291.52246,291.22247,290.32245,289.42245,289.32245,289.02246,289.02246,289.32245,290.22247,291.32245,290.72247,291.32245,290.62247,288.22247,291.32245,289.92245,290.92245,289.82245,288.92245,289.32245,288.02246,288.42245,288.62247
