wind_kz.json
{"header": {"discipline":0,"disciplineName":"Meteorological products","gribEdition":2,"gribLength":1025,"center":7,"centerName":"US National Weather Service - NCEP(WMC)","subcenter":0,"refTime":"2023-09-09T00:00:00.000Z","significanceOfRT":1,"significanceOfRTName":"Start of forecast","productStatus":0,"productStatusName":"Operational products","productType":1,"productTypeName":"Forecast products","productDefinitionTemplate":0,"productDefinitionTemplateName":"Analysis/forecast at horizontal level/layer at a point in time","parameterCategory":2,"parameterCategoryName":"UnknownDiscipline_0_Category_2","parameterNumber":2,"parameterNumberName":"UnknownParameter_D0_C2_2","parameterUnit":"Unknown","genProcessType":2,"genProcessTypeName":"Forecast","forecastTime":300,"surface1Type":103,"surface1TypeName":"Specified height level above ground","surface1Value":10.0,"surface2Type":255,"surface2TypeName":"Missing","surface2Value":0.0,"gridDefinitionTemplate":0,"gridDefinitionTemplateName":"Latitude_Longitude","numberPoints":615,"shape":6,"shapeName":"Earth spherical with radius of 6,371,229.0 m","gridUnits":"degrees","resolution":48,"winds":"true","scanMode":64,"nx":41,"ny":15,"basicAngle":0,"lo1":47.0,"la1":41.0,"lo2":87.0,"la2":55.0,"dx":1.0,"dy":1.0}, "data":
[rows 0 to 14 of 15, columns 0 to 40 of 41]
1.107124,1.857124,-1.402876,-3.412876,-3.6928759,-0.032875977,-2.662876,-3.632876,-4.3128757,-2.792876,-2.522876,-1.092876,-0.89287597,0.58712405,1.557124,0.737124,1.1371241,0.27712402,-0.802876,0.23712403,1.217124,0.017124023,2.787124,3.917124,0.0071240235,3.867124,-2.1928759,2.647124,1.7471241,1.577124,2.5571241,-2.792876,-2.392876,-5.052876,-5.452876,-3.992876,-1.932876,-3.142876,-6.092876,-0.672876,-9.832876
-0.982876,-1.762876,-7.122876,-6.322876,-4.692876,-0.42287597,-3.342876,-4.602876,-3.552876,-2.342876,0.797124,-1.452876,1.447124,-0.042875975,1.957124,1.677124,1.227124,3.397124,2.247124,0.957124,1.347124,1.3871241,3.0571241,2.587124,1.207124,0.32712403,-0.12287597,3.177124,6.817124,0.987124,-0.12287597,0.567124,-1.562876,0.85712403,0.757124,-3.732876,-1.212876,0.13712402,2.077124,-1.8728759,-7.922876
-6.012876,-8.482876,-7.212876,-6.282876,-4.232876,-2.602876,-4.022876,-3.072876,-2.222876,-1.642876,-1.142876,0.517124,1.057124,-0.082875974,2.227124,2.0671241,0.90712404,1.707124,2.147124,4.027124,4.837124,4.287124,3.697124,6.887124,6.007124,5.807124,0.797124,0.66712403,2.027124,-0.942876,0.46712402,-2.222876,-0.42287597,2.957124,1.157124,1.3671241,1.2571241,-1.402876,4.077124,0.057124022,-2.112876
-6.772876,-7.602876,-5.512876,-4.282876,2.357124,-2.122876,-2.512876,-1.332876,-0.692876,-0.13287598,-0.06287598,0.937124,-1.1328759,0.957124,3.337124,4.007124,3.497124,1.5071241,4.547124,5.1871243,2.647124,5.427124,6.677124,6.927124,6.357124,8.167124,8.537124,7.377124,7.197124,4.367124,1.6271241,1.717124,7.367124,5.047124,-1.692876,2.697124,0.44712403,-0.47287598,0.15712403,1.147124,6.667124
-6.782876,-6.992876,-5.162876,-5.182876,-1.852876,-1.272876,-1.072876,-1.762876,-0.822876,0.697124,0.66712403,1.547124,0.52712405,1.557124,3.417124,2.357124,2.017124,2.337124,3.217124,2.907124,5.267124,6.987124,5.467124,5.537124,7.977124,9.117124,10.157124,9.137124,8.227124,7.347124,6.637124,2.707124,2.227124,1.957124,0.07712402,2.467124,1.917124,5.327124,4.307124,4.397124,4.157124
-4.642876,-4.442876,-4.082876,-4.0628757,-3.122876,-1.332876,1.667124,0.21712403,0.35712403,0.407124,0.767124,1.897124,2.387124,1.327124,0.11712402,-0.71287596,3.417124,0.19712402,1.517124,4.017124,4.457124,4.417124,5.257124,6.987124,7.957124,9.187124,8.677124,9.777124,9.077124,9.437124,7.297124,5.4371243,2.5671241,1.097124,3.207124,1.847124,2.147124,4.117124,3.367124,0.22712402,3.717124
-2.382876,-2.572876,-0.71287596,-1.672876,-0.71287596,1.927124,1.157124,0.36712402,1.487124,0.72712404,-0.692876,0.59712404,-0.882876,-1.412876,-1.322876,0.36712402,1.347124,3.787124,1.5071241,1.897124,4.347124,3.017124,3.477124,5.697124,7.777124,7.717124,8.277124,8.107124,8.547124,9.517124,8.977124,3.727124,3.5671241,0.877124,-0.792876,3.107124,2.857124,-0.042875975,3.157124,0.797124,2.107124
-0.822876,-0.882876,-0.48287597,-0.49287596,0.15712403,0.627124,0.10712402,1.227124,0.14712402,0.10712402,0.38712403,-0.07287598,-2.072876,0.85712403,-0.29287598,-0.792876,2.637124,-1.572876,2.727124,2.077124,3.417124,3.497124,1.457124,1.817124,3.337124,5.137124,7.097124,5.017124,5.917124,4.757124,6.717124,7.417124,1.307124,2.857124,5.697124,5.027124,-0.46287596,1.857124,4.087124,4.837124,5.217124
-0.06287598,0.42712402,0.36712402,0.927124,0.957124,1.307124,1.457124,0.317124,1.357124,0.66712403,-0.25287598,-0.91287595,-0.27287596,-2.292876,-0.25287598,-1.072876,0.71712404,0.867124,0.46712402,1.057124,0.23712403,1.347124,1.3871241,3.227124,1.3771241,1.417124,0.08712402,1.427124,1.777124,2.647124,4.737124,5.527124,4.087124,6.347124,0.27712402,4.877124,3.147124,0.32712403,0.39712402,0.32712403,0.60712403
2.357124,1.687124,2.017124,1.907124,1.807124,1.777124,2.487124,2.467124,1.017124,0.11712402,-0.58287597,-0.47287598,-1.902876,-0.35287598,1.0071241,0.687124,2.217124,2.717124,1.037124,0.937124,0.957124,-0.402876,2.237124,3.877124,2.707124,0.947124,0.07712402,-0.16287598,0.547124,2.957124,3.197124,-2.492876,5.827124,7.637124,0.59712404,0.797124,-1.222876,-0.33287597,1.1171241,1.037124,0.547124
4.1871243,2.857124,3.197124,2.0571241,2.467124,2.147124,2.867124,2.947124,1.907124,-0.66287595,-0.612876,0.07712402,0.707124,0.26712403,1.897124,1.1271241,-1.902876,1.0071241,0.48712403,-2.462876,0.677124,0.567124,1.6171241,0.12712403,0.377124,1.487124,0.89712405,-0.612876,1.0071241,-1.6328759,-0.06287598,4.6871243,5.707124,0.27712402,1.527124,-0.932876,-1.442876,0.707124,0.757124,-0.572876,0.767124
3.367124,3.777124,3.407124,3.737124,3.417124,2.947124,3.277124,3.527124,2.5571241,-0.022875976,0.59712404,1.737124,1.317124,1.067124,1.577124,1.987124,1.957124,0.737124,0.58712405,-0.672876,0.867124,2.007124,0.687124,1.0071241,0.697124,1.567124,0.28712404,2.857124,0.44712403,1.027124,1.077124,1.6371241,1.727124,2.3171241,-0.24287598,0.797124,1.587124,1.587124,1.727124,0.347124,4.317124
3.737124,4.087124,3.457124,2.8071241,3.197124,2.997124,4.007124,3.787124,4.287124,-0.082875974,1.347124,2.037124,1.677124,3.027124,0.83712405,1.047124,1.267124,1.187124,-0.18287598,0.29712403,0.037124023,0.52712405,1.067124,1.5071241,-0.732876,-2.9328759,-1.972876,-3.322876,-0.28287598,0.927124,1.8871241,1.667124,-0.19287598,0.557124,1.437124,1.177124,1.7471241,1.767124,2.417124,2.177124,-0.032875977
4.327124,5.197124,1.897124,3.607124,4.047124,3.607124,3.577124,3.497124,3.727124,0.71712404,1.697124,1.457124,1.4971241,1.947124,0.78712404,1.2471241,1.847124,1.787124,-0.22287598,-1.2528759,-0.052875977,-0.60287595,0.737124,-1.022876,-1.222876,-2.622876,-2.842876,-3.162876,-3.042876,-3.632876,-3.1928759,-3.892876,-3.042876,-0.07287598,1.4971241,0.85712403,0.817124,0.84712404,1.027124,1.277124,1.797124
4.127124,4.837124,6.287124,2.417124,3.617124,3.107124,2.437124,2.837124,3.527124,1.547124,1.527124,2.777124,0.38712403,0.377124,2.3071241,1.817124,1.8671241,1.467124,0.677124,0.28712404,-0.30287597,-0.16287598,-1.1128759,-3.132876,-2.402876,-1.712876,-2.792876,-3.6828759,-4.122876,-3.162876,-2.482876,-2.6828759,-1.832876,-0.78287596,0.067124024,-0.65287596,-0.35287598,2.3071241,-0.432876,-1.092876,-0.32287598
