wind.json
{"header": {"discipline":0,"disciplineName":"Meteorological products","gribEdition":2,"gribLength":1125,"center":7,"centerName":"US National Weather Service - NCEP(WMC)","subcenter":0,"refTime":"2023-07-02T06:00:00.000Z","significanceOfRT":1,"significanceOfRTName":"Start of forecast","productStatus":0,"productStatusName":"Operational products","productType":1,"productTypeName":"Forecast products","productDefinitionTemplate":0,"productDefinitionTemplateName":"Analysis/forecast at horizontal level/layer at a point in time","parameterCategory":2,"parameterCategoryName":"UnknownDiscipline_0_Category_2","parameterNumber":2,"parameterNumberName":"UnknownParameter_D0_C2_2","parameterUnit":"Unknown","genProcessType":2,"genProcessTypeName":"Forecast","forecastTime":60,"surface1Type":103,"surface1TypeName":"Specified height level above ground","surface1Value":10.0,"surface2Type":255,"surface2TypeName":"Missing","surface2Value":0.0,"gridDefinitionTemplate":0,"gridDefinitionTemplateName":"Latitude_Longitude","numberPoints":688,"shape":6,"shapeName":"Earth spherical with radius of 6,371,229.0 m","gridUnits":"degrees","resolution":48,"winds":"true","scanMode":64,"nx":43,"ny":16,"basicAngle":0,"lo1":45.0,"la1":40.0,"lo2":87.0,"la2":55.0,"dx":1.0,"dy":1.0}, "data":
[rows 0 to 15 of 16, columns 0 to 42 of 43]
-4.2742352,-1.9942353,1.4457648,-3.8642352,-5.3242354,-2.7442353,-2.7342353,-1.7242352,1.5557648,-6.374235,-4.544235,-3.6442351,-2.4842353,-1.1842352,-0.38423523,1.1157647,-1.6242353,0.97576475,-1.1642352,1.3257648,-1.2942352,-1.8642353,-2.8742352,-0.95423526,0.18576477,1.8557647,2.4457648,-0.91423523,-0.9342352,1.8357648,3.1157649,0.19576477,-3.0942352,-0.5042352,-4.294235,-3.7042353,-1.5242352,-3.7542353,-5.084235,-8.944235,-5.874235,-1.3042352,-9.554235
1.3857647,1.8557647,-1.0542352,-0.83423525,1.6957648,2.6857648,-1.4342352,-0.6242352,1.4357648,4.4957647,-2.8442352,-2.5042353,-0.11423523,-0.25423524,-5.8042355,-4.854235,-2.8342352,-0.70423526,-0.49423522,2.6757648,1.3757647,0.34576476,-0.77423525,-2.3642352,-0.59423524,-0.58423525,5.235765,1.4357648,-3.2542353,1.6157647,0.7457648,2.0357647,3.1957648,-1.2642353,-0.70423526,8.905765,4.105765,-1.4542352,-0.8742352,-2.2742352,-7.3042355,-5.684235,-3.8842351
-1.2442353,-1.7542353,1.6257647,1.9957647,2.4057648,0.055764772,-1.0342352,-0.08423523,2.3057647,-1.9442352,-2.7342353,-2.5642352,-0.51423526,1.7857648,-3.4242353,-2.4242353,0.09576477,1.7457647,1.4757648,0.6157648,1.7457647,-1.1642352,-1.3242352,-2.5542352,-0.06423523,-2.1242352,0.66576475,-0.40423524,-0.9942352,1.8957648,0.6957648,-0.16423523,0.8157648,0.04576477,0.18576477,-2.6742353,0.89576477,0.25576478,0.03576477,0.40576476,-0.39423522,0.48576477,-1.6542352
0.08576477,0.40576476,-1.4142352,-1.2242352,-2.2342353,-0.19423524,0.8157648,1.8957648,2.6457648,-0.6242352,-0.7442352,0.6357648,-1.3242352,-3.4342353,-3.2742352,-0.37423524,1.5357648,1.5557648,2.2457647,3.5957649,4.1957645,-0.33423522,0.21576478,-0.47423524,1.8557647,-0.35423523,2.4257648,2.7357647,2.7657647,-0.04423523,0.13576478,-0.15423523,-0.9942352,2.7557647,0.7057648,0.8257648,1.7457647,-1.2942352,1.9157648,0.6157648,0.32576478,0.9357648,-0.034235228
-3.164235,-3.3442352,-2.3742352,-2.6742353,-2.7042353,-2.1342351,-2.2242353,-4.204235,-2.7542353,-0.28423524,-1.6742352,-1.0242352,-0.36423522,-0.85423523,0.07576477,4.2457647,3.6157649,3.8857648,3.835765,4.9757648,1.4257648,0.26576477,1.8857647,0.97576475,3.4557648,3.6857648,2.1757648,3.3257647,1.5557648,-0.91423523,2.2857647,3.6557648,-0.39423522,-0.52423525,5.525765,7.1157646,-2.6242352,-2.0442352,-2.2742352,2.6057649,0.39576477,1.9857647,3.7757647
-2.5142353,-1.9842353,-0.8042352,0.09576477,0.08576477,-0.17423522,0.47576478,-0.59423524,0.39576477,2.6157649,1.8557647,3.4957647,1.2257648,0.5557648,3.7857647,7.045765,6.9057646,5.835765,4.3257647,-1.0042353,1.3657647,2.8657649,-0.23423523,1.2657647,-0.76423526,-0.65423524,-1.2242352,0.91576475,2.9557648,3.2357647,4.435765,0.5557648,2.6157649,1.1557648,-1.0342352,1.2157648,3.5457647,3.8057647,4.755765,10.615765,9.195765,7.3257647,4.9457645
-2.4442353,-0.26423523,0.6257648,1.6557648,3.4357648,4.3857646,5.085765,3.2057648,2.4657648,4.165765,5.4457645,0.6957648,-0.66423523,-0.37423524,1.8957648,2.8657649,3.5457647,1.7957648,1.4857647,2.2457647,-1.8842353,1.3157648,0.8257648,-0.34423524,0.09576477,1.7657647,1.5157647,1.8057648,2.9157648,6.1157646,4.005765,4.375765,3.7957647,4.215765,1.7857648,2.835765,0.65576476,0.84576476,1.4557648,1.3057648,7.755765,-3.9842353,-6.224235
0.37576476,-1.0042353,-2.6542351,1.2857648,3.2257648,3.6357648,3.9757648,1.5857648,3.7557647,6.355765,-1.4742352,-2.0642352,-2.6242352,-1.2042352,-2.0942352,0.39576477,-2.8742352,-0.52423525,1.8157648,-0.20423523,0.49576476,1.1557648,0.7457648,0.40576476,2.0257647,-0.10423523,1.8757647,-0.24423523,2.5457647,-0.16423523,-6.9642353,-2.0342352,3.8457649,7.1157646,7.775765,4.025765,-0.41423523,-1.7242352,-1.3642353,2.5957649,-0.12423523,0.89576477,3.3957648
-2.1442351,0.06576477,-2.7842352,-2.6242352,0.9457648,-2.7742352,0.19576477,3.8157647,-1.1142353,-2.4742353,-0.22423524,-2.2942352,-1.3542352,-0.7942352,-0.8642352,-3.2642353,-0.28423524,-0.6342352,0.58576477,2.2957647,-2.7542353,-1.8542352,1.8557647,-0.6142352,0.23576477,-0.5542352,0.6957648,-1.0742352,-1.9042352,-3.4942353,-1.2942352,-5.084235,-6.5742354,-3.1242352,-8.2642355,-3.7942352,-3.3942351,-0.24423523,1.1657648,4.5957646,4.0357647,4.715765,-0.07423523
-1.0042353,-2.8842351,-2.2842352,-3.0242352,1.8557647,4.775765,2.0157647,-3.8642352,-3.5142353,-3.0542352,-2.5742352,-1.0042353,-0.6942352,-0.12423523,1.2557647,0.58576477,1.7957648,0.39576477,1.3857647,0.65576476,2.6957648,-0.6842352,-2.8742352,-0.014235229,-0.6242352,-0.71423525,0.19576477,-1.7742352,-2.1342351,-2.8542352,-0.41423523,-2.8042352,-2.1242352,0.47576478,-4.8842354,-3.0542352,-0.07423523,1.5557648,1.1457648,-0.8642352,-0.6142352,0.44576478,-1.1542352
-1.3042352,-1.5542352,0.6157648,2.2057648,2.835765,5.125765,-0.034235228,-3.3842351,-2.1042352,-1.0742352,-0.14423522,-0.22423524,0.48576477,-0.17423522,0.8157648,2.3857648,1.2257648,3.335765,1.9057648,1.8557647,0.9357648,-2.6042352,1.1557648,0.055764772,-0.41423523,-2.3942351,-2.0342352,-3.3242352,-2.8242352,-3.7242353,-1.0842352,-0.37423524,-1.9142352,-6.064235,-4.7742352,-2.9442353,-0.11423523,2.2557647,-0.14423522,0.23576477,-2.5142353,-0.25423524,-1.4342352
-1.0342352,0.5057648,-0.53423524,1.6057647,0.14576477,-0.8242352,-0.38423523,-2.2042353,-1.1442353,-0.27423522,-1.0042353,-0.5442352,0.44576478,1.4557648,1.4757648,1.9657648,2.0557647,0.27576476,-2.5342352,-1.1242353,-1.1042352,-1.0242352,-1.2442353,3.2257648,0.45576477,-1.7442353,-2.0442352,-2.4742353,-2.0542352,-1.7942352,-4.414235,-5.494235,-5.3442354,-5.1942353,-4.1742353,-2.2842352,-1.5542352,-1.5742352,-1.2442353,0.13576478,-0.20423523,0.28576478,-1.1542352
-0.64423525,0.98576474,0.33576477,0.5157648,-0.33423522,0.5557648,-2.4442353,-1.9642352,-0.35423523,-0.42423522,-0.7442352,-1.1242353,-0.9942352,2.0457647,-0.8042352,0.16576476,0.45576477,1.0257648,-0.39423522,-1.8342352,-0.8742352,-1.1242353,-4.124235,-7.2542353,-2.0742352,-2.4642353,-4.1142354,-0.42423522,-0.5542352,-4.744235,-2.664235,-6.3442354,-4.994235,-3.9942353,-1.8542352,-2.2142353,-1.6642352,-1.4942353,-1.1142353,-0.31423524,0.9457648,0.53576475,-0.02423523
0.60576475,0.79576474,1.3257648,1.2357647,-0.9442352,-0.9242352,-0.25423524,-0.53423524,-0.37423524,-0.13423523,-1.3342352,-0.8642352,-0.18423523,0.8657648,0.45576477,0.15576477,2.1257648,-1.1742352,-0.10423523,-0.71423525,1.3357648,0.45576477,-4.514235,-4.6542354,0.27576476,-0.16423523,1.0057647,-6.1142354,-6.394235,-4.084235,-3.1442351,-4.834235,-4.124235,-2.9242353,-2.7842352,-2.9542353,-1.4542352,-2.4742353,-1.3142352,-1.7642353,-2.7542353,-2.2142353,-1.8542352
1.7257648,1.3257648,1.6257647,0.9257648,-1.4142352,-2.0742352,-0.48423523,-0.07423523,1.3257648,-0.02423523,0.73576474,0.44576478,-0.64423525,-0.24423523,1.2257648,0.35576478,1.1157647,0.48576477,-0.32423523,-1.0742352,-2.1942353,-2.7542353,-2.9842353,-3.4842353,-4.4042354,-3.5142353,-3.8142352,-5.064235,-5.104235,-5.3642354,-4.6942353,-5.644235,-3.5442352,-2.7042353,-2.4742353,-2.6942353,-2.4042351,-2.4242353,-1.9542352,-1.8942353,-2.7042353,-0.9842352,-1.3242352
-0.9342352,0.30576476,-0.77423525,-0.25423524,0.36576477,0.18576477,-0.09423523,0.65576476,2.9457648,0.8757648,0.6857648,0.055764772,-1.0442352,-0.0042352295,0.7457648,1.6557648,1.6157647,0.84576476,-0.05423523,-0.28423524,-1.7042352,-2.2542353,-2.2442353,-3.5142353,-3.5142353,-3.5642352,-3.3942351,-3.1142352,-3.2742352,-3.4942353,-3.4442353,-3.8942351,-3.5142353,-2.6242352,-2.0842352,-2.1742353,-2.6842353,-2.0942352,-2.0542352,-4.1342354,-3.3142352,-3.7942352,-3.2942352
