wind_kz.json
{"header": {"discipline":0,"disciplineName":"Meteorological products","gribEdition":2,"gribLength":1102,"center":7,"centerName":"US National Weather Service - NCEP(WMC)","subcenter":0,"refTime":"2023-08-27T18:00:00.000Z","significanceOfRT":1,"significanceOfRTName":"Start of forecast","productStatus":0,"productStatusName":"Operational products","productType":1,"productTypeName":"Forecast products","productDefinitionTemplate":0,"productDefinitionTemplateName":"Analysis/forecast at horizontal level/layer at a point in time","parameterCategory":2,"parameterCategoryName":"UnknownDiscipline_0_Category_2","parameterNumber":3,"parameterNumberName":"UnknownParameter_D0_C2_3","parameterUnit":"Unknown","genProcessType":2,"genProcessTypeName":"Forecast","forecastTime":300,"surface1Type":103,"surface1TypeName":"Specified height level above ground","surface1Value":10.0,"surface2Type":255,"surface2TypeName":"Missing","surface2Value":0.0,"gridDefinitionTemplate":0,"gridDefinitionTemplateName":"Latitude_Longitude","numberPoints":615,"shape":6,"shapeName":"Earth spherical with radius of 6,371,229.0 m","gridUnits":"degrees","resolution":48,"winds":"true","scanMode":64,"nx":41,"ny":15,"basicAngle":0,"lo1":47.0,"la1":41.0,"lo2":87.0,"la2":55.0,"dx":1.0,"dy":1.0}, "data":
[rows 0 to 14 of 15, columns 0 to 40 of 41]
-1.5881872,0.43181273,-3.8881872,-14.198187,-11.238187,-8.738187,-5.2381873,-1.0081873,0.81181276,-2.4881873,-5.3481874,-6.6581874,-2.6081872,-1.2781873,-2.1281872,-3.2281873,-4.6581874,-2.7681873,-5.668187,-2.9581873,-1.6481873,-4.0781875,-0.53818727,0.8518127,2.2518127,0.43181273,0.32181275,2.0918128,0.16181274,-0.30818725,2.0018127,2.4218128,0.7818127,1.4218128,1.8418127,2.3918128,2.1618128,1.7318127,-0.60818726,0.7918127,0.0018127442
-2.0981872,-0.69818723,-13.338187,-11.638187,-10.598187,-10.208187,-5.3881874,-5.4881873,-3.8181872,-3.9181871,-4.438187,-5.208187,-4.9681873,-0.09818725,-2.0081873,-2.2281873,-0.18818726,-3.9981873,-4.2181873,-3.9881873,-4.568187,-5.2581873,-5.128187,-0.50818723,5.711813,3.6718128,3.2718127,3.5918128,-0.44818726,3.7318127,1.2818128,3.6118128,1.7018127,1.3918128,3.0818129,3.5218127,0.81181276,3.4018128,0.87181276,1.9618127,-0.038187254
-4.208187,-9.348187,-9.428187,-6.7781873,-6.0481873,-8.238187,-5.1981874,-4.168187,-2.9981873,-5.1981874,-3.8381872,0.36181274,-3.3781872,-3.4081872,-2.7681873,-3.2981873,-4.3281875,-5.378187,-6.1581874,-6.4481874,-3.0581872,-0.66818726,0.43181273,0.88181275,-1.2681873,-1.4681872,-3.1881874,-3.0781872,-2.1981874,-1.7181872,-1.0781872,3.3718128,-2.4581873,0.81181276,1.4118128,-2.9181871,-0.72818726,2.7818127,-1.3881873,1.9418128,0.40181273
-3.0781872,-3.2681873,-4.2381873,-1.9681872,-4.4881873,-5.4281874,-4.4081874,-3.0981872,-3.4181871,-2.9481874,-4.378187,-4.748187,-4.8081875,-3.1981874,-3.2381873,-4.5481873,-5.2781873,-5.0481873,-6.0081873,-6.838187,-5.6381874,-0.6381872,-2.5281873,-0.37818727,-0.47818726,1.0118127,1.3118128,0.47181275,2.9818127,2.3818128,3.4618127,1.0718127,1.2318127,0.8618128,0.19181274,2.1718128,4.0318127,3.4818127,-2.7081873,-1.6981872,-2.0181873
-4.9081874,-3.8881872,-4.628187,-3.9381874,-6.0981874,-4.068187,0.88181275,0.80181277,0.061812744,-1.6681873,-2.0181873,-2.1281872,-4.538187,-5.0281873,-3.4681873,-4.5481873,-4.5581875,-4.148187,-5.0781875,-5.7981873,-5.5981874,-4.728187,-2.8381872,-0.91818726,0.7318127,-0.26818725,1.6918128,1.5518128,4.081813,2.6918128,-0.62818724,-0.48818725,1.7618127,0.6118128,0.5418127,1.4418128,0.7218127,-0.24818726,-1.1681873,-1.7781873,-1.2381873
-6.3681874,-5.1581874,-7.168187,-7.978187,-8.278187,-8.468187,-4.9881873,-0.94818723,-1.1181873,-2.2681873,-0.80818725,-1.6081872,-2.4681873,-3.1881874,-5.7181873,-5.6181874,-5.3681874,-4.4281874,-5.0281873,-2.9481874,-5.918187,-5.7981873,-6.338187,-1.0781872,2.1618128,1.7818128,2.8118126,-1.0181873,2.2218127,1.5918127,-0.49818724,-1.3481872,-1.6681873,-2.1481872,-2.2781873,-0.5781872,-2.5981872,1.3018128,0.9718127,1.5918127,-0.5181873
-6.068187,-6.5981874,-7.0481873,-7.268187,-7.338187,-7.438187,-7.068187,-5.4481874,-4.5081873,-4.958187,-1.8581872,-2.2981873,-4.2181873,-4.398187,-5.2181873,-3.3181872,-0.75818723,-2.7781873,-3.6081872,-2.7281873,-5.0081873,-7.2981873,-7.0081873,-3.7881873,2.6918128,3.9818127,3.3818128,2.0118127,0.88181275,1.2118127,1.0418128,0.65181273,-0.16818726,1.1618128,1.9618127,3.3018126,3.3818128,5.0318127,4.7218127,5.0118127,-0.6481873
-4.668187,-4.8881874,-5.2581873,-5.8481874,-6.8281875,-7.128187,-6.338187,-5.6381874,-4.588187,-4.4881873,-4.7381873,-3.6481872,-5.588187,-6.0081873,-6.918187,-7.1181874,-6.0081873,-2.0681872,-1.2781873,-0.59818727,-2.4481874,-5.398187,-5.748187,-6.0981874,0.011812744,4.081813,4.4918127,3.1418128,1.6818128,1.0718127,2.1818128,2.0118127,1.6218127,-2.3781872,-1.1581873,-1.3381872,-1.9181873,-1.3881873,-0.088187255,0.25181276,0.93181276
-4.768187,-3.7181873,-3.9481874,-3.0881872,-4.4281874,-4.438187,-5.0281873,-5.1581874,-5.0781875,-4.6981874,-4.3481874,-5.018187,-5.478187,-5.838187,-6.518187,-6.748187,-6.7381873,-6.228187,-5.268187,-5.0281873,0.43181273,-2.1281872,-4.398187,-5.248187,-4.5481873,3.6418128,5.521813,4.661813,3.5218127,4.1918125,3.7418127,1.5618128,0.28181276,-2.2281873,-2.8281872,-2.3581872,2.1018128,-0.22818726,4.481813,3.7618127,2.6718128
-4.378187,-4.188187,-3.6481872,-2.7581873,-1.8881873,-2.9981873,-4.0781875,-4.3081875,-4.8081875,-4.1781874,-4.438187,-4.6581874,-5.288187,-5.358187,-5.538187,-5.498187,-5.418187,-4.858187,-3.4281874,-4.2381873,-3.2281873,-3.3181872,-4.728187,-4.0281873,-4.1781874,0.22181274,4.001813,2.7318127,3.6618128,5.311813,5.251813,2.5118127,-0.27818725,-2.2481873,-2.9681873,-1.2881873,0.56181276,2.3918128,2.0418127,1.1218127,1.9218128
-3.9081872,-4.068187,-4.668187,-3.8981872,-2.9981873,-3.4581873,-3.3681872,-2.0681872,-2.9581873,-3.5081873,-3.5781872,-3.4281874,-4.1381874,-4.6981874,-5.208187,-5.4481874,-5.8681874,-5.4481874,-4.7981873,-3.0381873,-1.9581872,-3.4381874,-4.7381873,-6.628187,-3.9081872,-2.0281873,0.80181277,2.1218128,3.5918128,5.371813,5.7218127,3.7318127,0.62181276,-1.6681873,-3.3681872,-2.7581873,0.52181274,-0.048187256,1.2418127,0.96181273,0.88181275
-2.7481873,-2.4881873,-3.4281874,-3.6781874,-3.7081873,-3.4081872,-3.8181872,-3.4781873,-2.7481873,-2.2681873,-3.4081872,-2.7381873,-3.2281873,-3.7781873,-4.318187,-4.768187,-5.1581874,-5.2381873,-4.648187,-4.168187,-3.5481873,-3.0281873,-2.3881872,-2.6681871,-5.3481874,-2.9281874,-0.48818725,1.9918127,5.6718125,6.831813,5.041813,3.9718127,1.1918128,-1.3581872,-1.9381872,-2.2281873,-3.1181872,-2.5881872,-2.1681871,-1.7881873,-0.73818725
-2.2881873,-3.4181871,-3.1981874,-1.7581873,-1.5081873,-0.18818726,-0.65818727,-1.9681872,-1.9581872,-2.0981872,-1.7781873,-2.7581873,-1.5081873,-2.8781872,-3.1181872,-3.5181873,-4.3681874,-5.168187,-4.9881873,-3.6881874,-3.0681872,-3.0481873,-1.4181873,-3.0681872,-2.5281873,-4.8481874,0.59181273,2.0918128,2.9018128,2.8018126,3.3618128,2.8718128,1.2718128,-0.45818725,-2.2681873,-0.40818727,-2.0781872,-1.8881873,-1.0481873,-1.0281873,-0.91818726
-2.8381872,-3.2481873,-3.7081873,-3.2181873,-3.3581872,-3.1281872,-1.3581872,-1.9981873,-0.36818725,0.26181275,0.49181274,-0.8881872,-0.78818727,-1.1381873,-1.5181873,-2.0481873,-2.5181873,-3.1181872,-3.6881874,-3.4481874,-2.9281874,-3.4581873,-0.97818726,-1.3981873,-2.7381873,-2.0681872,-3.9881873,-3.1481872,-0.56818724,-1.1281873,1.4618127,2.6918128,0.46181273,1.3318127,0.36181274,-0.06818726,-1.0881872,-1.1081872,-0.36818725,0.59181273,-1.8581872
-1.2881873,-2.6381872,-2.9981873,-2.6681871,-2.6981874,-2.0781872,-3.1581872,-2.1581872,-0.90818727,0.9218128,1.3318127,0.34181273,0.9218128,-0.65818727,-1.6681873,-1.4881873,-1.2981873,-2.2581873,-2.5881872,-3.1081872,-2.6081872,-1.9881873,-2.2881873,1.9518127,0.82181275,1.1118127,0.17181274,-2.6081872,-3.5981872,0.56181276,2.8118126,2.0318127,1.2918128,0.96181273,0.51181275,1.3918128,-1.1881872,-0.56818724,-1.0481873,0.7218127,-0.18818726
