wind_kz.json
{"header": {"discipline":0,"disciplineName":"Meteorological products","gribEdition":2,"gribLength":871,"center":7,"centerName":"US National Weather Service - NCEP(WMC)","subcenter":0,"refTime":"2023-08-07T12:00:00.000Z","significanceOfRT":1,"significanceOfRTName":"Start of forecast","productStatus":0,"productStatusName":"Operational products","productType":1,"productTypeName":"Forecast products","productDefinitionTemplate":0,"productDefinitionTemplateName":"Analysis/forecast at horizontal level/layer at a point in time","parameterCategory":0,"parameterCategoryName":"UnknownDiscipline_0_Category_0","parameterNumber":0,"parameterNumberName":"UnknownParameter_D0_C0_0","parameterUnit":"Unknown","genProcessType":2,"genProcessTypeName":"Forecast","forecastTime":60,"surface1Type":1,"surface1TypeName":"Ground or water surface","surface1Value":0.0,"surface2Type":255,"surface2TypeName":"Missing","surface2Value":0.0,"gridDefinitionTemplate":0,"gridDefinitionTemplateName":"Latitude_Longitude","numberPoints":615,"shape":6,"shapeName":"Earth spherical with radius of 6,371,229.0 m","gridUnits":"degrees","resolution":48,"winds":"true","scanMode":64,"nx":41,"ny":15,"basicAngle":0,"lo1":47.0,"la1":41.0,"lo2":87.0,"la2":55.0,"dx":1.0,"dy":1.0}, "data":
[rows 0 to 14 of 15, columns 0 to 40 of 41]
298.79562,290.59564,294.99564,298.19562,297.69562,296.99564,299.49564,303.09564,301.59564,302.49564,300.39563,301.49564,301.19562,300.89563,300.59564,298.39563,298.59564,298.99564,296.99564,298.79562,298.89563,296.19562,293.09564,290.29562,294.39563,294.79562,292.29562,277.69562,276.19562,277.89563,279.09564,280.59564,289.29562,295.69562,298.19562,298.79562,299.09564,299.99564,299.89563,300.19562,300.09564
278.59564,296.09564,297.99564,298.69562,298.59564,296.79562,301.79562,300.69562,299.99564,299.59564,300.79562,299.59564,298.49564,297.59564,296.49564,295.49564,296.89563,295.89563,296.19562,296.99564,296.39563,298.29562,296.69562,287.99564,276.69562,276.99564,286.89563,276.99564,278.39563,273.69562,281.09564,272.69562,281.59564,260.29562,277.59564,292.79562,292.39563,295.79562,300.29562,292.19562,283.89563
297.89563,297.99564,298.59564,298.59564,296.29562,300.69562,299.99564,299.69562,298.89563,298.59564,298.39563,298.59564,295.79562,296.99564,297.49564,295.39563,294.99564,295.09564,295.79562,297.19562,298.19562,296.89563,296.39563,291.29562,294.29562,292.49564,293.69562,291.69562,292.09564,284.39563,275.19562,277.39563,282.29562,282.09564,283.49564,286.19562,277.29562,277.99564,279.99564,276.99564,278.69562
298.09564,298.69562,298.79562,298.59564,298.09564,298.89563,299.09564,298.29562,298.99564,298.59564,298.29562,297.39563,296.69562,295.89563,295.79562,294.29562,297.99564,297.49564,299.19562,299.39563,297.59564,296.69562,299.29562,298.59564,297.19562,297.19562,298.19562,294.09564,295.19562,295.69562,295.69562,292.59564,294.99564,293.59564,292.39563,291.29562,278.29562,276.79562,283.59564,291.79562,295.59564
300.19562,299.69562,299.89563,299.99564,299.79562,299.29562,299.69562,299.59564,298.49564,298.19562,297.39563,296.39563,297.39563,296.29562,293.19562,296.59564,298.39563,296.79562,295.89563,298.59564,299.09564,300.19562,299.19562,300.29562,298.39563,297.19562,295.79562,295.69562,297.29562,297.99564,299.39563,295.99564,286.19562,273.19562,284.69562,293.59564,295.39563,297.59564,297.19562,297.49564,297.99564
300.99564,297.99564,299.59564,299.69562,299.79562,299.19562,298.99564,296.99564,298.39563,297.59564,296.89563,296.69562,296.09564,296.09564,295.09564,295.09564,296.69562,296.39563,298.89563,297.39563,296.49564,296.89563,295.09564,299.19562,297.49564,298.09564,296.89563,293.69562,297.79562,298.89563,297.39563,298.09564,295.49564,294.09564,292.89563,294.39563,288.29562,289.19562,293.69562,296.39563,295.69562
300.99564,299.19562,302.49564,301.39563,299.39563,298.29562,297.19562,295.99564,295.99564,295.79562,295.99564,295.39563,295.19562,295.39563,295.29562,298.29562,297.39563,297.09564,296.09564,297.09564,294.89563,295.59564,295.39563,295.39563,294.39563,295.09564,297.29562,296.39563,295.49564,298.09564,295.99564,295.59564,295.39563,296.19562,294.59564,293.09564,288.39563,285.79562,282.29562,280.89563,292.39563
301.89563,300.39563,300.49564,299.69562,299.19562,297.69562,296.39563,295.09564,294.09564,293.19562,291.89563,291.79562,292.09564,292.99564,293.99564,294.69562,296.09564,297.29562,297.49564,292.89563,292.39563,293.69562,293.79562,292.69562,292.99564,291.19562,292.09564,293.09564,293.39563,294.59564,291.69562,292.79562,292.19562,289.49564,291.19562,290.49564,291.69562,289.19562,291.79562,291.69562,288.89563
298.19562,298.69562,298.39563,295.99564,296.29562,295.19562,293.29562,293.79562,292.59564,291.19562,290.09564,290.09564,289.69562,291.49564,292.09564,292.49564,293.79562,293.49564,294.09564,294.09564,289.89563,290.19562,290.29562,292.39563,292.19562,293.69562,290.39563,289.29562,289.99564,286.09564,287.39563,288.39563,288.99564,289.69562,289.89563,288.59564,289.59564,288.39563,278.39563,279.89563,279.59564
297.19562,297.09564,295.89563,293.89563,292.99564,292.89563,291.89563,291.49564,291.49564,290.29562,288.59564,288.69562,289.29562,289.69562,290.59564,291.69562,292.09564,292.29562,293.39563,292.39563,289.19562,288.89563,290.59564,292.99564,294.49564,293.19562,293.69562,289.89563,288.19562,286.79562,286.29562,289.59564,290.79562,291.89563,290.09564,289.19562,286.89563,285.39563,284.69562,281.49564,280.29562
292.99564,294.19562,293.09564,292.59564,291.09564,291.09564,290.59564,290.29562,289.59564,289.49564,288.79562,287.49564,289.29562,287.79562,288.99564,289.69562,289.39563,290.69562,291.69562,289.19562,288.29562,289.29562,293.39563,294.89563,295.09564,293.09564,288.49564,288.59564,288.99564,291.79562,292.79562,291.19562,289.49564,291.49564,292.29562,291.19562,286.49564,284.69562,284.69562,283.29562,280.59564
290.29562,291.89563,291.59564,291.39563,289.89563,288.99564,287.99564,288.09564,288.39563,287.89563,286.39563,288.39563,288.09564,287.09564,287.79562,288.29562,289.09564,290.09564,292.89563,292.19562,291.29562,290.39563,290.89563,290.09564,290.89563,290.59564,290.69562,292.09564,295.99564,294.09564,293.79562,293.79562,293.19562,288.79562,289.39563,288.99564,288.29562,288.49564,287.99564,287.89563,286.19562
291.89563,289.89563,289.39563,289.29562,289.89563,289.19562,287.19562,287.09564,286.99564,285.69562,284.99564,283.99564,285.49564,286.39563,286.19562,286.19562,287.19562,288.09564,289.49564,288.59564,289.09564,290.59564,287.09564,286.79562,289.19562,289.59564,291.49564,290.19562,290.59564,290.19562,290.29562,289.59564,289.09564,288.59564,288.59564,287.79562,288.89563,288.99564,288.49564,288.99564,287.79562
289.59564,289.89563,290.99564,289.99564,288.89563,287.79562,287.99564,288.49564,287.19562,286.39563,285.19562,284.89563,284.09564,285.59564,286.69562,287.39563,288.09564,287.99564,288.59564,288.49564,288.99564,290.29562,291.59564,291.99564,292.49564,291.19562,290.39563,290.09564,290.19562,290.79562,290.99564,289.29562,288.39563,287.89563,287.59564,287.69562,287.29562,287.29562,287.59564,286.99564,286.89563
290.79562,290.09564,292.49564,290.49564,290.39563,289.39563,288.09564,288.29562,288.19562,288.19562,287.59564,284.39563,284.59564,286.09564,286.79562,287.49564,287.99564,288.59564,288.49564,288.89563,288.79562,288.99564,289.09564,288.99564,289.29562,291.09564,289.79562,289.49564,288.99564,289.09564,288.39563,287.09564,287.79562,287.29562,287.09564,286.69562,286.49564,286.19562,286.39563,287.79562,287.19562
