wind_kz.json
{"header": {"discipline":0,"disciplineName":"Meteorological products","gribEdition":2,"gribLength":948,"center":7,"centerName":"US National Weather Service - NCEP(WMC)","subcenter":0,"refTime":"2023-08-25T00:00:00.000Z","significanceOfRT":1,"significanceOfRTName":"Start of forecast","productStatus":0,"productStatusName":"Operational products","productType":1,"productTypeName":"Forecast products","productDefinitionTemplate":0,"productDefinitionTemplateName":"Analysis/forecast at horizontal level/layer at a point in time","parameterCategory":2,"parameterCategoryName":"UnknownDiscipline_0_Category_2","parameterNumber":3,"parameterNumberName":"UnknownParameter_D0_C2_3","parameterUnit":"Unknown","genProcessType":2,"genProcessTypeName":"Forecast","forecastTime":240,"surface1Type":103,"surface1TypeName":"Specified height level above ground","surface1Value":10.0,"surface2Type":255,"surface2TypeName":"Missing","surface2Value":0.0,"gridDefinitionTemplate":0,"gridDefinitionTemplateName":"Latitude_Longitude","numberPoints":615,"shape":6,"shapeName":"Earth spherical with radius of 6,371,229.0 m","gridUnits":"degrees","resolution":48,"winds":"true","scanMode":64,"nx":41,"ny":15,"basicAngle":0,"lo1":47.0,"la1":41.0,"lo2":87.0,"la2":55.0,"dx":1.0,"dy":1.0}, "data":
[rows 0 to 14 of 15, columns 0 to 40 of 41]
-0.7528613,-3.2928612,2.0371387,0.7271387,2.8371387,1.4671386,0.70713866,0.59713864,-0.29286134,0.29713866,-1.0128614,-1.5328614,-2.0628614,-1.8728614,-2.3728614,-3.5628614,-2.9928613,-1.5128614,-3.1328614,-1.6328614,-2.1628613,-1.2228613,0.8171387,-1.7828614,-0.30286133,-1.4828613,-1.5328614,1.2771387,0.8671387,3.6471386,-1.1528614,-1.8928614,1.4871386,-1.7028613,0.007138672,1.3071387,0.89713866,-0.042861328,-0.9628613,0.9771387,-0.98286134
4.717139,0.5671387,2.5071387,1.3671386,2.7971387,2.4971387,-0.6228613,0.50713867,-0.06286133,0.90713865,-0.5828613,-2.0628614,-1.9928613,-1.8328613,-3.4828613,-3.0228612,-0.8928613,-3.1728613,-3.5028613,-3.7228613,-3.8728614,-2.9528613,0.06713867,1.6971387,-0.45286134,-0.91286135,-2.1428614,1.0771387,0.23713867,1.9171387,4.1471386,5.427139,-0.6228613,0.19713867,-2.4428613,-0.84286135,0.5371387,-0.79286134,0.017138671,-2.0028613,1.8071387
1.2371386,2.9071386,1.5471387,3.2771387,2.1371386,0.44713867,0.31713867,-0.16286133,0.57713866,0.49713868,-0.18286133,-0.47286132,-1.1428614,-1.7528614,-2.2028613,-2.1728613,-1.8128613,-2.5528612,-3.0228612,-3.9828613,-3.8228614,-3.3628614,-3.9928613,-1.0428613,-0.08286133,0.15713868,0.52713865,0.9771387,-0.41286132,1.2971387,3.8671386,2.0671387,2.2471387,-1.2128613,-0.07286133,2.2371387,4.677139,-0.06286133,0.36713868,-1.1028613,-0.27286133
-0.17286132,1.1671387,0.30713868,-0.022861328,0.07713867,-0.0028613282,1.5071387,2.0371387,2.8471386,2.3171387,0.9371387,0.23713867,-0.05286133,-0.86286134,-2.0328612,-2.2828612,-2.1328614,-2.1928613,-3.4428613,-3.7528613,-3.4228613,-2.4628613,1.8171387,0.09713867,-0.6228613,-1.1528614,-1.7628614,-1.2728614,0.9771387,-1.2528614,0.14713867,-0.61286134,-1.0028614,0.38713866,-0.022861328,-2.8728614,-1.2528614,2.4671388,0.44713867,0.8171387,0.24713868
-1.4828613,-0.73286134,-0.6428613,-0.78286135,-0.46286133,0.11713867,0.5371387,1.0571387,3.7271388,3.3771386,2.6271386,1.3871387,-0.26286134,-1.7528614,-2.4428613,-2.3528614,-2.5528612,-2.8028612,-3.0428612,-2.5328612,-1.6728613,0.06713867,0.70713866,-0.012861328,0.27713868,-0.38286132,-0.28286132,0.46713868,-0.25286132,-1.1428614,-2.2728612,0.16713867,1.6971387,3.0871387,-1.0728613,-2.3128614,1.0671387,-1.8828614,-0.092861325,1.6571387,0.9171387
-1.9928613,-2.3828614,-4.4328613,-3.4428613,-3.1728613,-3.2028613,-2.2628613,-2.9828613,-2.7928612,0.5571387,0.82713866,-0.10286133,-2.2928612,-0.54286134,-0.99286133,-1.1328614,-1.6828613,-2.4328613,-2.6928613,-1.9928613,-2.0828614,-1.3528613,0.17713867,3.4671388,2.2271388,0.84713864,-1.1028613,0.45713866,-0.19286133,-0.7528613,-1.8128613,-1.5428613,-0.23286133,-0.16286133,1.4571387,1.2171386,3.0371387,3.7371387,0.6271387,-0.0028613282,2.0471387
-2.0928614,-2.1028614,-1.8228613,-2.4128613,-3.6028614,-3.2728612,-3.6528614,-2.7528613,-2.4928613,-3.0728614,-3.1528614,-1.6128613,-3.0128613,-2.8828614,-1.4228613,0.087138675,-0.21286133,-0.22286133,-0.17286132,-0.35286132,-0.8928613,-0.46286133,-0.66286135,0.83713865,0.96713865,2.5471387,1.3271387,0.5571387,0.027138673,-1.2728614,-2.4928613,-3.0828614,-3.1028614,0.95713866,-0.5828613,-1.9028614,-3.5628614,-1.9728613,1.0271387,0.69713867,-0.36286134
-2.4128613,-2.9628613,-2.9028614,-2.7428613,-2.7928612,-2.9628613,-2.6628613,-2.2628613,-1.8228613,-2.8328614,-3.0728614,-2.3528614,-3.5128613,-3.2528613,-4.152861,-2.7228613,-2.7728612,-2.5328612,-3.3528614,0.46713868,1.7971387,3.2371387,1.5971386,0.9171387,0.07713867,2.9671388,2.5871387,1.2571387,2.0671387,1.2071387,0.6871387,0.21713868,-0.72286135,-1.5728613,0.27713868,0.35713866,-0.86286134,-1.3528613,-0.06286133,0.24713868,-1.7428613
-0.67286134,-0.5828613,-0.99286133,-1.1728613,-1.2628614,-1.3328613,-1.2128613,-1.1828613,-1.7728614,-2.1528614,-2.7328613,-2.6828613,-2.9528613,-3.9628613,-4.2728615,-4.422861,-3.5628614,-0.97286135,-0.6828613,-1.4428613,0.6771387,1.4171387,0.25713867,-0.5828613,1.3171387,-0.012861328,0.9871387,2.2971387,3.6571386,1.9871386,2.0071387,3.0571387,2.8771386,2.0571387,2.5471387,1.7271386,-2.2128613,-0.6828613,-1.7128613,-1.4428613,-1.8728614
-1.3028613,-1.9728613,-2.2628613,-2.1528614,-1.1528614,-0.19286133,-0.46286133,-1.3928614,-1.1528614,0.19713867,-1.0628613,-1.4528613,-2.4128613,-3.1128614,-3.3728614,-3.3228614,-3.0828614,-3.8028612,-2.1328614,0.32713866,-1.1828613,-1.1528614,-0.9528613,-0.39286134,2.1671386,2.8571386,3.5871387,0.65713865,-1.3428613,-1.4528613,1.7271386,2.0571387,1.2671387,-0.06286133,-0.48286134,0.7371387,0.76713866,-1.9628613,-0.26286134,1.2371386,2.3671386
-2.2828612,-2.4328613,-2.4428613,-3.3528614,-3.3228614,-3.4328613,-1.8028613,-2.0728614,-0.80286133,-0.41286132,0.26713866,-0.20286132,-2.0828614,-2.1628613,-2.9728613,-3.0428612,-2.2528613,-2.8428614,-1.2628614,-1.4128613,-1.5728613,-1.9928613,-2.9128613,-0.13286133,1.0071387,1.3071387,1.5871387,3.0771387,2.2771387,0.6071387,1.5071387,2.1771386,1.0871387,-0.60286134,-1.3928614,-0.45286134,0.59713864,2.5971386,1.9471387,1.6971387,0.23713867
-2.5628614,-2.5328612,-3.2828612,-3.2728612,-2.8228614,-2.6428614,-2.3928614,-2.1328614,-3.1028614,-0.8928613,-1.2028613,-1.4228613,-1.9128613,-2.3228614,-2.4128613,-1.9328613,-2.3828614,-4.032861,-2.7628613,-2.7628613,-2.5428612,-0.59286135,-1.0028614,-0.8828613,-1.3128613,-2.1528614,-0.10286133,2.4671388,1.6571387,3.1771386,1.5271387,1.5171387,0.7871387,0.52713865,-0.08286133,-0.5828613,0.35713866,1.2471386,1.2271386,0.84713864,0.13713866
-1.8228613,-1.2328613,-2.8728614,-2.5428612,-2.3228614,-1.3028613,-1.0328614,-2.0828614,-1.5428613,-0.7728613,-0.79286134,-1.1828613,-2.0328612,-1.9728613,0.50713867,1.1671387,-0.06286133,-2.5728614,-2.8728614,-2.9128613,-2.9928613,-2.6928613,-2.0628614,-0.8328613,-1.1628613,0.06713867,-0.5828613,1.7871387,1.5071387,1.3171387,0.89713866,-0.07286133,-0.5628613,-0.38286132,-0.21286133,-0.05286133,-0.5728613,0.63713866,0.5671387,0.6171387,0.41713867
-1.3328613,-1.5328614,-3.3228614,-2.7528613,-2.2428613,-1.6728613,-0.99286133,-0.7628613,-0.122861326,-0.74286133,0.9271387,-0.42286134,-0.78286135,-0.7128613,-0.27286133,-1.8428613,-1.9328613,-0.5228613,-1.0128614,-1.9628613,-2.6628613,-2.8828614,-2.4828613,-2.4628613,-0.8328613,-1.3428613,0.88713866,0.65713865,1.4171387,1.6071386,1.2171386,0.05713867,-0.5628613,-0.73286134,-0.40286133,-0.24286133,0.7871387,0.96713865,1.8171387,2.1171386,1.3071387
-0.80286133,-1.7128613,-2.8728614,-2.4428613,-2.5928614,-1.6228614,-0.97286135,-0.7728613,-1.5928613,-1.3328613,1.0671387,1.0171387,1.3571386,-0.39286134,-1.1528614,-1.2128613,-1.3728614,0.15713868,1.2471386,-1.5828613,-1.8928614,-2.9128613,-3.1428614,-2.2428613,-2.2328613,-0.46286133,1.0371387,0.18713868,0.9771387,1.7371386,0.35713866,-0.08286133,-1.3728614,-0.8928613,-0.65286136,0.83713865,0.90713865,2.1071386,1.1471387,3.3871386,2.6271386
