wind_kz.json
{"header": {"discipline":0,"disciplineName":"Meteorological products","gribEdition":2,"gribLength":1025,"center":7,"centerName":"US National Weather Service - NCEP(WMC)","subcenter":0,"refTime":"2023-09-09T00:00:00.000Z","significanceOfRT":1,"significanceOfRTName":"Start of forecast","productStatus":0,"productStatusName":"Operational products","productType":1,"productTypeName":"Forecast products","productDefinitionTemplate":0,"productDefinitionTemplateName":"Analysis/forecast at horizontal level/layer at a point in time","parameterCategory":2,"parameterCategoryName":"UnknownDiscipline_0_Category_2","parameterNumber":2,"parameterNumberName":"UnknownParameter_D0_C2_2","parameterUnit":"Unknown","genProcessType":2,"genProcessTypeName":"Forecast","forecastTime":180,"surface1Type":103,"surface1TypeName":"Specified height level above ground","surface1Value":10.0,"surface2Type":255,"surface2TypeName":"Missing","surface2Value":0.0,"gridDefinitionTemplate":0,"gridDefinitionTemplateName":"Latitude_Longitude","numberPoints":615,"shape":6,"shapeName":"Earth spherical with radius of 6,371,229.0 m","gridUnits":"degrees","resolution":48,"winds":"true","scanMode":64,"nx":41,"ny":15,"basicAngle":0,"lo1":47.0,"la1":41.0,"lo2":87.0,"la2":55.0,"dx":1.0,"dy":1.0}, "data":
[rows 0 to 14 of 15, columns 0 to 40 of 41]
-1.6449902,1.4150097,-0.84499025,-2.3949902,-1.5449902,-0.23499024,5.0650096,3.1350098,2.1850097,2.4850097,2.4750097,3.2950099,5.6050096,3.5350099,2.4550097,5.55501,3.2850099,3.4550097,3.6850097,2.3850098,1.9850098,1.0150098,2.6250098,3.2150097,2.7750099,3.5650098,3.6550097,3.5950098,1.9050097,0.70500976,1.4850098,0.035009764,2.6150098,-4.27499,-3.5749903,-3.5049903,-4.3449903,-3.1349902,-1.8349903,-2.4649901,-0.28499022
1.0150098,-2.5249903,-0.54499024,0.91500974,3.0950098,4.18501,5.3750095,6.3150096,5.66501,5.82501,6.0450096,5.74501,5.53501,6.45501,5.16501,4.99501,5.2750096,7.8750095,6.7350097,5.2950096,4.4850097,1.4950098,2.1750097,2.8650098,2.6550097,0.48500976,1.3750098,3.1650097,3.9050097,3.1950097,1.5250098,1.1750097,-3.0349903,0.64500976,0.5450098,-0.12499023,1.8350098,-1.2549902,1.6850097,1.1350098,-0.83499026
-5.3949904,-3.0149903,-0.13499023,2.5150099,3.2850099,6.91501,7.3750095,6.6050096,6.97501,6.8750095,6.9250097,7.1550097,6.4450097,6.5850096,5.57501,5.8550096,7.2350097,7.7150097,5.11501,3.8850098,4.72501,4.1050096,4.57501,4.68501,-0.38499025,-1.1449902,-1.2349902,0.82500976,2.5250099,-1.5849903,-0.09499023,-3.0749903,-0.53499025,1.0050098,-5.52499,-0.54499024,0.45500976,-0.77499026,3.7150097,6.88501,2.0250099
-2.3749902,-0.55499023,2.3750098,3.5250099,6.74501,5.2150097,6.0050097,7.6050096,8.30501,7.93501,8.12501,8.08501,4.0650096,3.4650097,6.9650097,7.70501,9.30501,9.325009,7.7950096,6.70501,3.9750097,6.22501,-0.48499024,-0.5049902,-1.9249902,-0.45499024,-0.31499022,-6.06499,-5.38499,-3.3849902,-0.52499026,-1.2849902,5.7150097,3.0650098,2.6550097,2.4050097,1.2950097,1.9450097,-1.7749902,-3.7249901,-1.9049902
2.1850097,0.5550098,4.36501,3.1050098,4.4650097,5.07501,5.6550097,7.0250096,8.46501,7.43501,8.09501,10.245009,6.68501,4.5450096,5.59501,9.64501,9.94501,10.19501,8.48501,7.1950097,5.59501,7.9050097,1.3850098,-1.0449902,-1.2749902,-1.8449903,-6.02499,1.7450098,-4.90499,-3.5249903,-3.0749903,-2.3349903,0.5650098,2.5650098,-3.6849902,-2.5549903,4.3350096,-2.6449902,-2.9149902,-1.3149903,-0.34499022
2.9050097,4.3550096,-0.014990235,3.8750098,4.2550097,5.8350096,6.80501,7.2550097,5.3750095,7.01501,8.59501,8.64501,7.9050097,8.955009,9.575009,9.455009,9.615009,10.54501,9.15501,3.0450099,4.8550096,3.4150097,0.71500975,-0.20499024,-1.8749902,-3.9849901,-4.15499,-4.02499,-3.4249902,-2.7949903,-3.4049902,-2.5849903,0.25500977,-0.9449902,-1.6449902,1.4450097,0.6250098,2.6050098,3.3950098,-0.5149902,-1.2249902
2.5050097,1.4350097,2.1950097,2.5650098,2.8750098,4.6950097,5.8150096,7.2150097,7.6250095,7.9650097,6.2550097,4.1950097,8.825009,7.7550097,7.8750095,10.38501,8.35501,9.705009,8.1650095,-0.39499024,5.4650097,0.21500976,0.83500975,-0.60499024,-1.8949902,-2.2849903,-2.6549902,-0.73499024,-0.58499026,-0.5149902,-1.3149903,-0.55499023,-1.5549903,-0.21499023,2.6050098,2.7550097,2.1250098,-0.96499026,4.43501,0.5450098,-0.46499023
0.94500977,1.9350097,2.1350098,2.1150098,2.8950098,3.3450098,2.8850098,2.1850097,4.8750095,6.99501,6.80501,7.93501,6.97501,7.84501,7.1950097,8.365009,8.50501,9.59501,-1.8749902,-2.9349902,5.24501,-0.42499024,-0.6249902,-1.0149902,-0.91499025,-0.52499026,-1.4649903,-1.5149902,-2.3149903,-2.4249902,-1.5949903,-0.33499023,0.94500977,-2.0549903,1.2650098,-3.5749903,-3.3249903,3.5350099,4.3750095,4.01501,3.5450099
-0.8749902,-0.58499026,1.4650098,0.9850098,0.16500977,-0.20499024,2.4150097,2.7250097,2.4250097,4.72501,6.49501,5.9450097,6.3750095,-1.2549902,5.11501,8.865009,11.48501,-5.1649904,-4.2849903,-5.15499,0.25500977,2.7250097,-1.4449903,-1.4649903,-1.4649903,-1.5049902,-0.20499024,0.23500976,0.36500975,0.29500976,-0.034990236,-0.49499023,0.27500975,0.035009764,0.0050097657,0.27500975,-2.3349903,-0.30499023,-0.8149902,0.28500977,0.57500976
1.1150098,-0.10499024,0.95500976,0.45500976,2.2650099,3.0950098,2.4050097,2.1650097,-0.45499024,2.2150097,2.7950099,2.8450098,-4.8249903,1.6450098,-1.8049903,-7.92499,-7.6649904,-5.52499,-3.3249903,-2.8349903,6.09501,2.5850098,-0.92499024,-0.49499023,-0.10499024,-0.21499023,0.11500976,0.9250098,-1.2049903,2.4850097,0.42500976,1.4550098,1.1250098,1.4650098,2.9450097,-0.83499026,-0.28499022,0.8050098,1.2950097,1.2350098,0.43500978
1.7050098,1.7450098,1.0550097,1.1650097,2.7150097,2.8950098,1.6450098,3.0850098,-2.3849902,-1.0349902,-2.1349902,-4.1449904,-1.7649902,-0.72499025,-5.23499,-6.27499,-3.3349903,4.26501,-0.72499025,5.28501,1.9150097,-0.90499026,-1.2849902,0.88500977,-1.0049902,1.1450098,1.2550098,1.5650097,1.8850098,2.6850097,1.9150097,2.6350098,0.7350098,0.9950098,1.6450098,-1.3349903,0.035009764,1.1550097,0.35500976,-0.40499023,1.0550097
1.2450098,0.48500976,1.9450097,2.7150097,2.4250097,1.8150097,0.9250098,-1.3949902,-0.73499024,-0.98499024,-2.4349902,-2.7949903,-3.7949903,-3.1449902,-2.3049903,-1.6749902,-2.1749902,-4.75499,-3.0749903,-2.9849901,-3.1949902,0.18500976,0.065009765,0.17500977,0.19500977,2.3550098,2.1850097,2.1750097,3.2050097,2.7250097,1.1150098,2.8050098,1.1050098,1.1850097,0.0150097655,1.0050098,-0.044990234,1.4050097,1.0850098,-0.48499024,0.58500975
2.1350098,3.3250098,2.6350098,2.7850099,1.0150098,1.6350098,0.46500978,0.22500977,-0.7049902,-0.24499023,-0.054990236,-2.0449903,-1.7149903,-2.5449903,-2.3149903,-1.2149903,-1.2849902,-1.6749902,-0.45499024,-0.85499024,-0.41499025,1.3550098,0.41500977,0.8750098,4.4250097,2.4350097,5.5450096,2.7450097,4.64501,0.6250098,2.1850097,1.8550098,1.5450097,1.3550098,-0.12499023,1.7050098,1.7150098,1.1250098,1.9150097,0.48500976,-0.41499025
4.1250095,2.4350097,3.4050097,2.5950098,2.5650098,1.1550097,0.70500976,2.0950098,1.0050098,1.5950098,0.6150098,-0.58499026,-3.4149902,-1.8849902,-1.9149902,-2.9549901,-2.9049902,-1.8049903,0.0150097655,-0.30499023,0.63500977,1.0550097,0.6250098,0.29500976,-0.86499023,1.0350097,0.84500974,0.47500977,0.7350098,0.6750098,0.11500976,0.91500974,1.3550098,0.76500976,1.4250097,1.1850097,0.045009766,0.12500976,0.53500974,-0.83499026,-1.8049903
3.3750098,4.6050096,0.7550098,3.5850098,2.8350098,2.6550097,2.4850097,2.9650097,-1.8849902,-0.15499024,-1.9549903,-0.85499024,-1.6949903,-0.34499022,-1.8349903,-2.9049902,-2.0749903,-2.5149903,-1.8349903,-1.7149903,-0.54499024,0.39500976,1.2350098,0.66500974,1.3350098,0.71500975,1.4550098,0.90500975,-0.25499022,0.40500978,-0.40499023,0.5450098,0.24500977,1.2250098,1.4550098,-1.1349902,-0.78499025,-1.2449902,-2.3349903,-1.5049902,0.52500975
