wind_kz.json
{"header": {"discipline":0,"disciplineName":"Meteorological products","gribEdition":2,"gribLength":1025,"center":7,"centerName":"US National Weather Service - NCEP(WMC)","subcenter":0,"refTime":"2023-08-18T12:00:00.000Z","significanceOfRT":1,"significanceOfRTName":"Start of forecast","productStatus":0,"productStatusName":"Operational products","productType":1,"productTypeName":"Forecast products","productDefinitionTemplate":0,"productDefinitionTemplateName":"Analysis/forecast at horizontal level/layer at a point in time","parameterCategory":2,"parameterCategoryName":"UnknownDiscipline_0_Category_2","parameterNumber":3,"parameterNumberName":"UnknownParameter_D0_C2_3","parameterUnit":"Unknown","genProcessType":2,"genProcessTypeName":"Forecast","forecastTime":300,"surface1Type":103,"surface1TypeName":"Specified height level above ground","surface1Value":10.0,"surface2Type":255,"surface2TypeName":"Missing","surface2Value":0.0,"gridDefinitionTemplate":0,"gridDefinitionTemplateName":"Latitude_Longitude","numberPoints":615,"shape":6,"shapeName":"Earth spherical with radius of 6,371,229.0 m","gridUnits":"degrees","resolution":48,"winds":"true","scanMode":64,"nx":41,"ny":15,"basicAngle":0,"lo1":47.0,"la1":41.0,"lo2":87.0,"la2":55.0,"dx":1.0,"dy":1.0}, "data":
[rows 0 to 14 of 15, columns 0 to 40 of 41]
0.70639646,-2.9836035,2.7163966,-1.6536036,2.9363966,2.7263966,0.28639647,0.24639648,-0.8936035,-0.4236035,-3.5036035,-2.8536036,-3.8636036,-3.6436036,-3.1136036,-3.6736035,-5.2036037,-1.3436035,-4.3136034,-2.7436035,-3.2436035,-2.1936035,0.25639647,-1.0436035,-0.79360354,-0.7536035,-1.5136036,1.5863965,2.7863965,4.2963963,0.88639647,-1.2736036,1.5663965,0.24639648,-0.15360351,0.9163965,1.3463964,0.94639647,0.63639647,2.6063964,1.6763965
5.5163965,2.1963966,3.4963965,1.2263964,2.7563965,2.1663964,-0.37360352,1.2563965,0.14639649,-0.083603516,-1.7636036,-3.2336035,-3.6336036,-3.2836034,-4.7436037,-2.0936036,-0.85360354,-3.4736035,-7.5536036,-5.4836035,-4.5136037,-5.9636035,1.4963965,1.7963965,0.2663965,-0.23360352,-2.7536035,2.1663964,0.5463965,2.5063965,5.5563965,5.9863963,-0.3336035,-1.9736035,-4.7136035,-1.7636036,-1.1036035,-2.0536034,-0.5336035,1.0163965,-0.23360352
3.1763964,6.4663963,2.2863965,0.3663965,3.3663964,2.3463964,1.3363965,0.6763965,1.1363965,-0.7236035,-1.2236035,-1.0836035,-2.1136036,-2.8336036,-2.5036035,-2.2436035,-1.7736036,-4.1936035,-4.6536036,-6.3736033,-4.7536035,-4.6736035,-8.9836035,-1.7136035,-0.37360352,-0.5836035,-0.17360352,1.7063965,-0.2636035,1.7263964,3.1163964,1.4263965,2.5763965,-1.1836035,0.07639649,3.8663964,6.4063964,1.4963965,0.8663965,-0.80360353,0.19639648
1.0063965,3.9163964,3.3263965,1.6263965,1.8663964,1.6063964,2.4063964,2.1363964,2.1663964,1.3263965,0.12639648,-0.54360354,-1.5236036,-2.2036035,-0.27360353,-0.5736035,-0.7536035,-2.3736036,-3.7136035,-5.6636033,-6.5736036,-3.6836035,-2.1236036,-4.0536036,-4.2436037,-4.2036037,-4.2936034,-2.5436034,-0.16360351,-1.8636035,0.11639649,-0.5136035,-1.1036035,-0.7836035,-0.033603515,-3.5236034,-1.5136036,2.4763966,4.5263963,1.8663964,1.2763965
0.3363965,2.5863965,3.3363965,2.7563965,2.2863965,2.1863966,2.4363966,2.9263964,3.7463965,2.3563964,1.4863964,0.5963965,-2.0036035,-3.8336036,1.7163965,1.6063964,-0.0036035157,-1.2136035,-2.5336034,-3.4736035,-3.0736036,-2.8836036,-4.3536034,-4.7636037,-5.4036036,-4.7536035,-4.2736034,-3.7436035,-1.5536035,-1.9936035,-1.9936035,-0.49360353,1.6163964,2.8763964,-0.8736035,-2.3436036,1.2263964,-2.1136036,-0.8936035,1.4163965,0.6563965
-0.123603515,0.15639648,1.7663965,1.3663964,2.7063966,2.5663965,2.9863966,2.7863965,2.2163966,1.6163964,1.5463965,0.7463965,-0.86360353,-1.7036035,1.0163965,2.1963966,1.8663964,0.5263965,-1.2736036,-1.9136035,-4.0536036,-4.3736033,-3.8336036,-3.6136036,-4.1236033,-4.2136035,-4.3736033,-6.2336035,-2.2836034,-1.5236036,-1.0236036,-0.20360352,-0.9336035,0.18639648,1.7863965,2.6463964,3.3563964,3.9163964,-0.49360353,-1.2636036,0.6263965
0.4563965,0.43639648,0.16639648,0.2963965,0.70639646,0.57639647,0.4863965,-0.8936035,-2.0836036,-2.0836036,-1.9936035,-1.6236035,-0.8836035,-1.9436035,1.8263965,1.9363965,1.2163965,1.0763965,0.37639648,-0.7636035,-2.3336036,-2.9336035,-3.0936036,-3.5536034,-4.5836034,-4.3736033,-4.9436035,-5.7636037,-5.7136035,-1.1536036,-1.8436035,-2.9636035,-2.7436035,-1.2436035,-0.2636035,-1.2236035,-3.2436035,0.31639647,1.7563965,0.18639648,3.0063965
1.7963965,1.4763964,0.5363965,0.76639646,0.43639648,-0.60360354,-1.1036035,-1.0536035,-0.8236035,-1.8736035,-1.9136035,0.31639647,-1.9436035,-1.8436035,-3.7836034,-0.06360351,0.3863965,-0.49360353,-1.3236035,0.25639647,-2.2736034,-2.7236035,-3.0236034,-2.6036036,-3.5336034,-3.2236035,-4.3936033,-3.4336035,-2.7436035,-4.9836035,-4.6136036,-3.9936035,-4.8736033,-5.5636034,-1.3736035,-1.7736036,-0.9436035,1.6363965,-1.1436036,-0.053603515,-2.0236034
1.5463965,2.2963965,1.5863965,1.1363965,1.0463965,0.8563965,0.11639649,-0.3936035,-1.4636035,-2.0436034,-2.9936035,0.3263965,-0.15360351,-2.1036036,-1.6236035,-1.8636035,-0.85360354,-1.2036035,-0.8836035,-0.9436035,0.4163965,-2.3236036,-1.9036036,-1.8836036,-2.3036034,-2.6436036,-2.0736036,-2.8136034,-3.7536035,-2.4336035,-4.1036034,-5.8636036,-4.0336037,-5.8936033,-3.5636034,-1.6336036,-1.1636035,1.1263965,1.9563965,1.5963964,0.15639648
3.2863965,3.1063964,2.4463966,1.9063965,1.7163965,1.2163965,0.6563965,-0.46360353,-1.3536035,-1.3036035,-1.7536035,0.46639648,1.2463965,0.7163965,-0.3536035,0.51639646,0.3663965,0.3363965,-0.27360353,-0.5636035,-0.55360353,-0.3936035,-0.8436035,-1.5136036,-1.7136035,-1.0636035,-1.8036035,-1.4636035,-2.0636034,-2.4336035,-2.6136036,-3.8636036,-5.0036035,-5.4536037,-3.0836036,-0.3636035,-1.8236035,-1.8236035,1.5663965,3.5063965,3.0663965
3.3163965,3.3263965,4.0163965,2.6063964,2.3363965,2.3063965,1.8263965,0.7163965,-0.79360354,-2.1436036,-1.0236036,-0.0036035157,-2.0136034,-0.8936035,3.3263965,3.5363965,3.4963965,2.7663965,1.5963964,0.9363965,1.1563965,0.6163965,0.016396485,-0.06360351,-0.6936035,-1.4136035,-1.2036035,-2.2036035,-2.5136034,-1.5336035,-2.6136036,-3.0336034,-3.1636035,-3.1136036,-3.3336036,-1.8136035,-0.3936035,1.0563965,-1.6136035,0.23639649,0.8763965
1.7663965,3.0263965,3.8463964,3.8963964,3.4563966,3.1763964,2.0163965,1.3063965,-0.6436035,-0.4236035,-0.23360352,-1.7336035,-2.9036036,-1.9536035,1.5363965,2.4563966,2.2263966,1.0363965,0.9863965,0.63639647,0.5963965,-0.06360351,0.43639648,0.7763965,-0.21360351,-2.0036035,-1.4136035,-2.1336036,-2.5036035,-1.9936035,-2.3036034,-2.7536035,-2.0736036,-3.1936035,-2.4236035,-2.4736035,0.11639649,1.1863965,1.5363965,1.0163965,0.9263965
4.5563965,5.6263967,4.5763965,4.7263966,3.7363966,2.0463965,1.9563965,1.9463965,1.0263965,0.4263965,-0.07360352,0.3563965,-0.7736035,-0.7436035,-0.5036035,-0.22360352,-0.5836035,-0.9936035,-1.1936035,-1.2836035,0.24639648,0.5963965,0.6863965,-0.22360352,-1.5536035,-1.6536036,-2.4136035,-2.8236036,-3.0036035,-2.5936036,-1.8236035,-1.8636035,-2.2936034,-2.8036034,-3.1536036,-3.1336036,-2.9236035,-1.1936035,-1.3336035,-0.3936035,-0.3636035
3.3463964,4.4563966,6.5463963,5.3963966,3.4263964,3.6463964,2.8063965,3.1763964,2.3063965,1.8663964,0.9763965,0.09639648,0.24639648,1.5763965,1.0063965,0.8563965,0.43639648,-1.0036035,-1.1836035,1.5963964,1.4763964,1.8463964,0.4563965,0.51639646,-0.8436035,-1.5436035,-1.6936035,-1.7536035,-1.8536035,-1.8236035,-1.7736036,-1.6036035,-0.9936035,-1.3536035,-1.4336035,-2.2536035,-2.8636036,-2.4636035,-1.5436035,-0.61360353,0.15639648
1.4363965,3.7863965,7.1863966,6.0263963,6.1063967,4.5363965,3.6263964,3.1563964,3.1163964,1.5363965,0.7863965,1.4163965,1.6863965,1.0063965,2.9463966,2.2863965,1.4763964,0.8663965,0.5363965,-0.54360354,-1.0436035,1.9663965,2.3763964,1.3163965,1.1463965,0.6763965,0.94639647,0.13639648,-0.21360351,-0.123603515,-0.28360352,-1.3336035,-0.86360353,-0.47360352,-0.31360352,-0.22360352,-0.73360354,-0.7236035,-1.4536035,-0.8436035,0.31639647
