wind_kz.json
{"header": {"discipline":0,"disciplineName":"Meteorological products","gribEdition":2,"gribLength":871,"center":7,"centerName":"US National Weather Service - NCEP(WMC)","subcenter":0,"refTime":"2024-01-31T06:00:00.000Z","significanceOfRT":1,"significanceOfRTName":"Start of forecast","productStatus":0,"productStatusName":"Operational products","productType":1,"productTypeName":"Forecast products","productDefinitionTemplate":0,"productDefinitionTemplateName":"Analysis/forecast at horizontal level/layer at a point in time","parameterCategory":0,"parameterCategoryName":"UnknownDiscipline_0_Category_0","parameterNumber":0,"parameterNumberName":"UnknownParameter_D0_C0_0","parameterUnit":"Unknown","genProcessType":2,"genProcessTypeName":"Forecast","forecastTime":60,"surface1Type":1,"surface1TypeName":"Ground or water surface","surface1Value":0.0,"surface2Type":255,"surface2TypeName":"Missing","surface2Value":0.0,"gridDefinitionTemplate":0,"gridDefinitionTemplateName":"Latitude_Longitude","numberPoints":615,"shape":6,"shapeName":"Earth spherical with radius of 6,371,229.0 m","gridUnits":"degrees","resolution":48,"winds":"true","scanMode":64,"nx":41,"ny":15,"basicAngle":0,"lo1":47.0,"la1":41.0,"lo2":87.0,"la2":55.0,"dx":1.0,"dy":1.0}, "data":
[rows 0 to 14 of 15, columns 0 to 40 of 41]
273.48517,265.28516,272.78516,280.38516,280.48517,282.08514,278.38516,277.38516,275.48517,275.18515,273.88516,273.58514,272.78516,273.48517,272.88516,271.78516,273.28516,272.38516,275.18515,274.08514,273.68515,273.48517,272.98517,268.88516,270.08514,272.38516,263.78516,245.68515,245.28516,245.28516,243.58516,245.48515,258.88516,266.98517,269.38516,267.78516,268.18515,268.58514,269.18515,269.58514,271.48517
252.68515,272.68515,280.18515,279.78516,280.18515,280.88516,275.38516,274.68515,273.88516,273.58514,274.08514,271.98517,272.08514,272.18515,271.38516,271.28516,272.28516,272.58514,272.38516,272.18515,272.08514,271.48517,267.18515,259.58514,241.08516,243.28516,255.28516,246.78516,248.88516,242.68515,253.18515,237.08516,253.08516,231.08516,242.78516,262.38516,266.08514,268.58514,270.18515,264.08514,267.88516
273.28516,278.48517,280.28516,280.38516,280.28516,278.48517,272.58514,272.58514,270.78516,270.28516,270.38516,269.98517,270.68515,270.78516,268.28516,267.88516,269.58514,268.88516,269.98517,270.38516,271.78516,269.78516,268.78516,259.48517,267.68515,263.18515,261.48517,262.18515,267.28516,254.58516,247.28516,248.38516,251.28516,251.98515,251.28516,255.88516,247.28516,253.38516,253.38516,255.98515,255.48515
273.98517,276.18515,278.28516,279.28516,278.08514,274.18515,272.28516,270.68515,270.88516,270.08514,269.68515,268.28516,281.18515,281.88516,268.48517,268.18515,268.18515,268.28516,266.88516,268.48517,265.28516,259.28516,268.28516,264.98517,265.58514,265.88516,265.48517,261.88516,261.08514,264.78516,262.68515,263.88516,269.28516,266.48517,258.88516,259.08514,250.28516,248.08516,255.88516,261.38516,263.58514
273.08514,272.28516,271.38516,270.78516,272.38516,273.68515,273.88516,271.98517,271.48517,270.48517,268.78516,268.08514,279.08514,279.08514,278.18515,266.78516,266.58514,265.98517,265.28516,263.78516,261.48517,266.28516,263.88516,263.98517,263.28516,261.38516,262.78516,259.98517,265.88516,266.78516,268.38516,266.48517,258.08514,246.68515,256.38516,259.18515,259.98517,256.88516,255.38516,259.28516,260.98517
272.78516,272.88516,271.08514,270.58514,270.08514,270.28516,272.58514,273.08514,272.58514,271.68515,270.48517,269.78516,277.78516,279.28516,271.48517,268.48517,267.68515,266.28516,266.18515,264.68515,263.48517,264.38516,264.08514,262.18515,261.98517,259.88516,261.78516,263.58514,261.58514,264.18515,260.78516,265.58514,262.88516,265.18515,263.08514,261.98517,256.78516,259.48517,256.78516,256.68515,257.38516
271.38516,271.68515,271.98517,271.88516,270.48517,269.68515,269.28516,270.38516,271.48517,272.98517,272.38516,271.68515,271.28516,270.48517,271.68515,270.78516,269.58514,267.88516,266.48517,266.28516,266.38516,266.48517,265.08514,265.38516,264.68515,265.18515,260.28516,263.78516,262.68515,258.68515,256.58514,255.58516,257.88516,261.28516,263.38516,263.58514,261.08514,261.28516,259.78516,256.48517,261.98517
272.88516,271.38516,271.48517,270.28516,270.98517,270.58514,268.98517,269.28516,271.48517,271.88516,273.08514,272.78516,272.88516,272.18515,271.88516,272.18515,271.78516,270.68515,269.08514,267.28516,266.88516,267.78516,268.08514,268.28516,267.38516,264.18515,261.58514,262.28516,252.18515,254.38516,252.68515,256.08514,253.38516,255.98515,262.48517,250.28516,252.68515,261.28516,260.88516,262.38516,263.68515
272.58514,272.48517,272.68515,272.98517,271.18515,270.68515,271.18515,268.18515,272.08514,271.88516,272.08514,272.28516,272.38516,273.08514,272.58514,271.98517,271.98517,272.08514,270.78516,269.78516,268.68515,267.78516,268.38516,267.98517,266.08514,264.68515,259.78516,258.78516,256.88516,255.88516,252.28516,253.18515,258.58514,262.28516,257.68515,259.28516,257.88516,260.38516,251.88516,252.68515,258.18515
272.28516,272.88516,272.98517,273.18515,273.18515,273.08514,272.78516,272.18515,271.88516,271.78516,271.08514,270.28516,270.48517,269.98517,272.68515,272.08514,271.88516,271.58514,271.48517,271.38516,269.78516,268.68515,267.78516,266.48517,264.28516,261.38516,261.48517,260.58514,255.88516,251.88516,256.68515,261.08514,262.28516,261.98517,257.18515,261.38516,264.38516,259.58514,261.58514,256.98517,257.08514
266.18515,271.48517,272.68515,272.88516,272.98517,272.48517,272.18515,272.38516,272.08514,271.68515,270.48517,266.88516,266.78516,268.88516,268.28516,270.18515,270.28516,269.88516,270.28516,269.18515,268.88516,267.18515,263.98517,260.98517,258.58514,256.88516,253.58516,255.58516,256.08514,255.98515,258.98517,259.28516,260.58514,261.08514,260.08514,262.28516,263.78516,260.78516,251.88516,257.48517,261.58514
270.08514,265.78516,271.98517,272.88516,271.38516,272.28516,272.28516,272.18515,272.28516,270.68515,266.48517,258.88516,263.98517,265.68515,266.78516,268.48517,268.28516,266.98517,267.08514,264.78516,260.28516,257.98517,257.78516,254.38516,253.08516,251.98515,253.88516,254.88516,256.28516,258.08514,259.58514,258.48517,260.08514,257.68515,261.28516,261.98517,265.48517,267.58514,263.78516,261.38516,260.68515
268.98517,269.58514,269.18515,272.88516,272.98517,272.78516,272.58514,272.18515,269.58514,267.78516,263.48517,259.68515,260.38516,262.68515,265.38516,265.48517,263.78516,262.88516,261.58514,258.78516,258.68515,256.18515,256.78516,251.98515,253.28516,252.68515,253.88516,253.48515,255.98515,259.88516,260.78516,261.18515,258.78516,261.78516,262.68515,265.48517,264.68515,267.38516,267.58514,258.98517,259.38516
268.68515,269.48517,265.28516,271.98517,271.78516,271.48517,271.78516,270.58514,269.68515,269.28516,266.38516,261.78516,258.78516,259.88516,261.48517,262.38516,261.08514,257.78516,257.38516,254.88516,254.28516,253.98515,252.28516,250.58516,248.68515,248.48515,250.58516,253.18515,257.18515,260.48517,262.48517,262.18515,259.68515,257.08514,260.58514,262.38516,265.58514,264.58514,266.78516,263.58514,261.28516
267.08514,266.08514,268.88516,270.78516,271.38516,271.08514,269.38516,269.68515,268.68515,269.68515,268.78516,263.08514,261.58514,260.08514,259.48517,259.68515,257.28516,253.78516,253.78516,253.68515,252.08516,251.38516,249.38516,247.08516,247.58516,248.48515,253.08516,249.88516,254.88516,260.18515,262.78516,261.28516,259.58514,257.88516,259.08514,260.28516,263.18515,266.68515,263.88516,264.58514,267.58514
