wind_kz.json
[{"header":{"discipline":0,"disciplineName":"Meteorological products","gribEdition":2,"gribLength":871,"center":7,"centerName":"US National Weather Service - NCEP(WMC)","subcenter":0,"refTime":"2024-01-31T06:00:00.000Z","significanceOfRT":1,"significanceOfRTName":"Start of forecast","productStatus":0,"productStatusName":"Operational products","productType":1,"productTypeName":"Forecast products","productDefinitionTemplate":0,"productDefinitionTemplateName":"Analysis/forecast at horizontal level/layer at a point in time","parameterCategory":0,"parameterCategoryName":"UnknownDiscipline_0_Category_0","parameterNumber":0,"parameterNumberName":"UnknownParameter_D0_C0_0","parameterUnit":"Unknown","genProcessType":2,"genProcessTypeName":"Forecast","forecastTime":120,"surface1Type":1,"surface1TypeName":"Ground or water surface","surface1Value":0.0,"surface2Type":255,"surface2TypeName":"Missing","surface2Value":0.0,"gridDefinitionTemplate":0,"gridDefinitionTemplateName":"Latitude_Longitude","numberPoints":615,"shape":6,"shapeName":"Earth spherical with radius of 6,371,229.0 m","gridUnits":"degrees","resolution":48,"winds":"true","scanMode":64,"nx":41,"ny":15,"basicAngle":0,"lo1":47.0,"la1":41.0,"lo2":87.0,"la2":55.0,"dx":1.0,"dy":1.0},"data":[279.7,272.5,278.2,280.2,280.4,282.2,283.4,283.3,280.8,281.1,281.2,280.7,280.9,280.4,280.1,279.8,279.6,278.7,281.2,282.1,282.0,282.8,281.5,278.6,282.0,285.3,274.7,264.2,264.1,262.9,264.8,259.7,269.5,282.3,279.5,282.3,283.3,280.3,280.0,276.3,276.6,258.8,277.5,280.2,279.9,280.2,281.0,279.5,281.0,280.8,280.0,281.6,280.5,281.0,280.8,279.8,278.7,279.7,280.4,279.0,280.0,278.5,280.7,276.3,271.4,262.3,266.0,267.0,263.6,263.5,260.3,268.3,257.7,274.8,251.6,261.0,269.7,272.3,272.2,275.7,271.5,273.1,278.0,278.5,280.2,280.3,280.3,281.1,276.9,278.4,278.4,278.7,279.9,279.4,280.1,280.8,273.5,272.0,273.7,273.4,274.2,274.5,276.2,279.8,279.8,272.3,276.6,273.3,273.3,273.8,277.9,269.6,266.1,268.6,265.3,264.9,263.7,268.8,267.1,262.5,262.2,264.2,262.6,277.4,276.0,278.2,279.2,279.1,278.5,276.4,278.3,278.8,277.9,278.3,277.5,281.2,281.8,275.6,272.8,273.7,273.0,272.2,273.6,275.4,272.3,275.8,273.5,273.2,272.7,273.3,273.1,273.4,273.8,272.7,270.8,275.5,273.6,273.2,271.2,264.6,261.6,269.3,269.1,268.9,276.3,272.8,272.1,272.8,274.9,277.2,276.1,278.3,276.1,274.9,273.7,275.8,279.2,279.1,278.3,273.2,273.3,274.0,274.2,271.4,271.3,272.6,270.1,270.9,271.0,270.2,271.4,269.5,275.5,277.2,273.7,274.7,269.3,262.3,269.0,267.9,267.8,269.0,270.5,268.7,267.0,275.6,276.8,273.2,272.3,272.6,272.0,277.8,275.7,275.5,274.7,273.0,273.2,278.2,279.2,273.3,272.2,270.3,272.5,272.1,272.2,271.9,271.2,269.0,267.4,268.0,266.8,270.2,266.1,268.5,269.5,270.4,271.9,270.4,270.3,272.6,272.3,269.5,269.4,267.2,264.9,264.9,274.2,274.6,277.6,276.9,274.4,276.2,276.4,273.9,272.3,271.5,270.6,270.5,272.2,272.8,271.1,270.1,267.9,267.2,265.7,265.0,263.8,264.7,264.3,264.6,263.4,263.1,261.5,263.7,264.3,265.1,265.0,266.1,269.7,271.1,269.6,269.6,266.8,268.0,266.6,266.5,267.0,274.0,274.2,273.3,273.5,273.7,274.0,273.5,273.2,272.6,272.2,270.4,270.6,269.6,269.2,269.3,268.8,266.6,265.1,263.3,262.6,262.4,260.1,259.9,261.4,262.8,262.7,262.8,259.4,261.1,259.5,262.0,262.6,262.2,266.0,268.9,265.5,265.8,265.1,266.0,266.2,266.8,273.3,273.2,273.2,273.2,273.1,273.2,273.2,273.2,273.1,271.3,270.3,269.1,268.8,267.9,266.6,265.9,265.2,264.6,263.0,262.9,262.2,259.7,259.7,258.5,259.8,259.6,261.5,260.8,261.9,262.6,260.8,260.7,270.9,270.6,267.1,264.4,263.0,264.4,264.0,264.4,264.2,273.2,273.1,273.2,273.2,273.1,273.2,273.2,273.2,273.2,272.4,271.0,270.1,269.4,267.6,265.7,264.6,263.9,263.5,262.9,262.0,262.1,262.4,261.4,259.9,260.0,259.2,261.4,261.5,260.5,260.5,267.6,270.7,273.3,270.5,266.9,266.6,268.0,267.4,267.1,267.1,262.7,273.1,273.2,273.2,273.2,273.1,273.2,273.2,273.2,273.2,272.6,271.8,270.4,270.5,269.4,265.7,265.3,263.2,262.7,262.0,260.1,261.6,260.7,260.0,259.6,259.6,259.3,259.0,262.4,264.1,267.6,267.2,268.8,269.4,271.5,268.8,266.8,266.7,268.6,265.9,266.4,266.8,273.1,273.2,273.1,273.2,273.2,273.2,273.0,272.7,272.9,272.7,271.5,269.9,269.4,268.0,267.5,265.4,264.4,264.2,262.5,261.9,261.5,260.6,260.4,259.6,260.2,260.1,260.3,262.7,264.3,264.5,265.1,263.9,269.2,266.0,270.1,267.5,269.2,270.0,270.8,271.0,271.6,271.9,272.6,273.2,273.2,273.2,273.2,273.2,272.8,272.5,272.2,270.6,268.9,268.3,267.8,267.9,267.8,266.4,265.5,263.4,263.6,262.9,263.3,263.7,262.4,262.3,262.2,262.1,260.9,261.2,262.6,262.3,262.5,263.7,265.0,266.9,268.2,269.3,270.6,270.3,270.6,271.8,270.4,269.7,268.1,271.8,273.2,273.0,272.8,272.3,273.1,272.1,270.7,268.6,268.4,267.2,268.3,267.9,267.6,266.9,266.4,264.4,264.4,264.9,265.5,265.7,265.1,264.0,262.8,261.2,261.4,261.1,261.2,261.7,263.0,264.3,267.6,269.2,270.3,270.8,270.1,269.4,271.2,268.6,268.6,261.9,266.0,270.5,270.7,270.2,272.0,272.7,272.3,271.1,270.1,268.6,268.3,268.1,268.4,268.0,268.0,267.7,266.4,265.6,265.3,265.3,265.5,264.8,263.6,263.0,261.7,261.3,261.2,260.5,261.1,262.2,264.6,266.9,268.9,270.5,270.4,270.4,270.4,270.9]},{"header":{"discipline":0,"disciplineName":"Meteorological products","gribEdition":2,"gribLength":1025,"center":7,"centerName":"US National Weather Service - NCEP(WMC)","subcenter":0,"refTime":"2024-01-31T06:00:00.000Z","significanceOfRT":1,"significanceOfRTName":"Start of forecast","productStatus":0,"productStatusName":"Operational products","productType":1,"productTypeName":"Forecast products","productDefinitionTemplate":0,"productDefinitionTemplateName":"Analysis/forecast at horizontal level/layer at a point in time","parameterCategory":2,"parameterCategoryName":"UnknownDiscipline_0_Category_2","parameterNumber":2,"parameterNumberName":"UnknownParameter_D0_C2_2","parameterUnit":"Unknown","genProcessType":2,"genProcessTypeName":"Forecast","forecastTime":120,"surface1Type":103,"surface1TypeName":"Specified height level above ground","surface1Value":10.0,"surface2Type":255,"surface2TypeName":"Missing","surface2Value":0.0,"gridDefinitionTemplate":0,"gridDefinitionTemplateName":"Latitude_Longitude","numberPoints":615,"shape":6,"shapeName":"Earth spherical with radius of 6,371,229.0 m","gridUnits":"degrees","resolution":48,"winds":"true","scanMode":64,"nx":41,"ny":15,"basicAngle":0,"lo1":47.0,"la1":41.0,"lo2":87.0,"la2":55.0,"dx":1.0,"dy":1.0},"data":[4.7554417,-0.13455811,-0.014558106,1.2954419,2.6154418,5.415442,-0.7745581,-1.914558,-3.3745582,-2.604558,-3.6945581,-3.8845582,-3.9445581,-2.9345582,-2.824558,-2.604558,-2.744558,-2.574558,-1.6145581,-3.014558,-5.704558,-1.8845581,-0.7745581,-1.534558,-1.9945581,-0.7245581,-1.8145581,-2.4545581,-0.89455813,-0.11455811,0.1054419,-0.64455813,0.2454419,0.2554419,-0.044558104,0.5154419,0.5554419,-0.034558106,0.1654419,-0.1445581,1.2654419,2.1254418,-0.094558105,2.215442,4.355442,2.165442,-1.034558,-3.294558,-0.8645581,-2.264558,-2.4545581,-2.754558,-3.074558,-2.814558,-2.804558,-1.6945581,-1.9445581,-1.7645581,-1.5545582,-2.844558,-3.554558,-3.3845582,-2.224558,-0.9745581,-1.1245581,-1.3345581,-0.3545581,-0.34455812,-1.164558,0.46544188,-1.2245581,0.025441894,-0.034558106,0.9654419,0.1654419,-0.16455811,0.85544187,0.7154419,-0.07455811,-1.0545582,-1.0945581,-0.6245581,0.17544189,-1.9545581,-1.7745581,-2.074558,-0.7145581,-5.0945582,-4.3045583,-1.8845581,-2.9145582,-2.054558,-1.3145581,-2.6245582,-2.3645582,-2.8845582,-2.314558,-2.014558,-1.0745581,-1.5645581,-2.544558,-2.484558,-3.074558,-3.1845582,-0.70455813,-2.574558,-1.8545581,-3.9645581,-3.754558,-1.8845581,-0.21455811,-1.1045581,0.60544187,-0.7345581,-0.8845581,0.1054419,0.06544189,0.7154419,-0.054558106,-0.014558106,-1.544558,2.1054418,-1.0645581,-1.0545582,-1.4945581,-3.044558,-3.294558,-3.574558,-1.8045582,-2.6745582,-0.1045581,-1.1845582,-1.8745581,-2.834558,-2.744558,-2.8645582,-3.6245582,-2.7145581,-2.344558,-2.9545581,-3.4045582,-3.274558,-3.064558,-3.1445582,-0.5645581,-4.5545583,-4.624558,-4.754558,-4.124558,-2.4345582,-2.284558,-1.9945581,-2.974558,-3.784558,-3.104558,-5.0945582,-2.6345582,-0.6045581,-0.70455813,-0.6845581,1.085442,-1.1445581,0.4554419,-0.47455812,-1.7645581,1.5254419,1.0654418,1.4254419,-0.024558105,-0.1045581,-0.3645581,-0.4145581,-1.7245581,-1.4045581,-2.054558,-1.4345582,-0.8245581,-3.264558,-2.4645581,-2.484558,-2.724558,-2.8745582,-3.104558,-3.1445582,-5.004558,-4.854558,-4.444558,-3.574558,-3.234558,-2.6745582,-2.354558,-0.8145581,0.1554419,0.7054419,2.0454419,1.8854419,0.7654419,1.4154419,-0.8145581,-0.0645581,0.3454419,-0.5745581,-0.6845581,-0.7245581,-1.284558,6.955442,5.525442,3.2854419,1.8254418,1.6854419,0.0154418945,1.0254419,0.1654419,-0.9045581,-0.3945581,-0.5145581,-0.7645581,1.585442,-0.7545581,-2.6245582,-0.6245581,-1.284558,-1.7545581,-2.474558,-3.7045581,-2.4545581,-0.8845581,-1.3445581,-2.1245582,-2.554558,-2.6645582,-0.7345581,0.3354419,1.455442,1.715442,2.5354419,3.755442,2.175442,1.0154419,1.8754419,-0.9445581,0.9754419,2.725442,-1.7745581,-1.3045582,-0.7545581,5.1754417,5.025442,6.415442,5.2154417,3.275442,2.5854418,2.0854418,0.5754419,0.025441894,-0.014558106,-0.9245581,-0.4945581,0.6454419,-0.1545581,-0.7445581,-1.0245581,-1.2645581,-1.8545581,-2.104558,-3.3945582,-1.8745581,-1.6545581,-1.5045581,-1.1845582,-1.8845581,-1.9545581,-1.0245581,-0.7345581,-1.2745581,-0.6245581,-0.4945581,0.7354419,1.1454419,0.2954419,-4.084558,-1.5045581,-0.9245581,1.5054419,2.735442,-0.6345581,-0.7245581,6.2354417,6.5054417,5.555442,5.7154417,4.935442,3.705442,2.165442,1.2854419,2.2854419,1.1654419,0.1854419,2.0354419,1.1054419,1.6154419,0.8354419,0.2654419,-0.8345581,-1.8045582,-1.5045581,-2.254558,-0.8145581,-0.9445581,-0.094558105,0.0054418948,-0.4445581,-0.5245581,-0.1445581,-1.2445581,-0.6745581,-1.0945581,-0.4845581,0.5154419,-0.054558106,1.3454419,3.7954419,-2.1945581,-1.6245581,-2.274558,-5.944558,-7.394558,-1.3145581,6.6954417,5.475442,5.595442,5.415442,4.865442,4.5054417,3.725442,3.6154418,2.765442,2.775442,2.0854418,1.1454419,3.525442,1.9154419,0.8354419,0.8754419,0.27544188,-0.2645581,0.40544188,0.5654419,-0.9045581,0.9954419,0.8654419,0.40544188,0.8654419,-0.2245581,0.7754419,0.025441894,0.8454419,0.5354419,0.7254419,1.2754419,2.015442,2.3854418,2.495442,-1.794558,-0.9845581,1.1754419,-0.3845581,-0.1445581,1.0954419,5.145442,6.015442,4.805442,4.335442,4.455442,4.115442,4.025442,4.385442,4.555442,4.6954417,5.2554417,5.2354417,4.165442,2.0754418,2.3454418,1.2654419,1.7454419,1.0754418,1.0654418,0.3954419,2.6354418,1.6754419,0.6154419,1.2654419,1.1354419,0.3154419,2.425442,1.8554419,1.335442,4.495442,2.665442,3.995442,2.475442,2.5654418,0.22544189,1.6354419,-1.5545582,-0.9445581,1.835442,1.2554419,-1.2645581,4.4254417,5.095442,4.6754417,3.7854419,3.475442,3.705442,3.945442,4.785442,5.205442,5.2154417,5.535442,6.295442,3.755442,4.305442,3.395442,2.6154418,2.2854419,2.945442,1.3754419,1.9854419,3.905442,1.8554419,1.7654419,1.6854419,2.0654418,1.6054419,3.965442,4.075442,5.105442,6.045442,5.605442,5.035442,5.075442,4.285442,2.0754418,0.6454419,1.2854419,1.0354419,-0.31455812,0.4554419,0.7254419,4.185442,4.075442,4.185442,3.425442,3.505442,3.255442,3.6354418,4.015442,4.1554418,3.915442,3.8054419,5.515442,3.5454419,4.4854417,4.355442,3.5754418,3.8554418,3.5954418,2.5654418,4.355442,3.8654418,3.8354418,2.445442,2.2854419,4.245442,3.5954418,5.525442,5.875442,5.4454417,4.9054418,3.965442,4.345442,5.045442,4.385442,4.225442,4.355442,6.1754417,8.195442,1.1654419,1.0054419,0.0054418948,2.3254418,2.8454418,2.175442,3.1154418,2.8454418,2.215442,3.265442,3.6254418,4.705442,2.445442,2.3854418,4.025442,3.0454419,5.165442,4.745442,3.695442,4.165442,3.7854419,3.5754418,4.285442,3.8454418,4.4254417,4.665442,3.3454418,6.185442,5.265442,4.765442,5.305442,4.865442,4.6954417,4.605442,4.815442,4.495442,5.075442,5.955442,7.4454417,5.825442,4.995442,7.095442,7.4054418,2.975442,1.965442,1.6254419,1.6354419,1.2754419,1.1054419,2.525442,2.515442,3.5754418,3.3854418,1.9854419,1.6854419,2.425442,2.3854418,4.495442,4.225442,4.475442,4.1954417,4.275442,3.395442,5.115442,4.855442,5.805442,6.135442,5.305442,4.745442,2.3154418,1.1854419,3.2854419,3.3154418,3.6054418,4.2154417,4.1754417,4.615442,5.6954417,6.015442,7.335442,6.4454417,7.045442,6.065442,4.805442,5.015442,1.4054419,2.505442,2.0654418,-0.4645581,2.225442,0.8054419,0.8354419,1.0154419,0.3754419,0.5654419,0.9554419,2.015442,1.5654418,1.085442,3.5454419,4.105442,4.5054417,4.825442,3.995442,4.565442,4.775442,4.545442,4.075442,3.925442,3.525442,2.725442,2.8754418,2.725442,3.235442,3.1154418,3.8454418,5.455442,5.385442,6.2554417,6.995442,8.145442,6.375442,8.055442,5.205442,4.205442,2.5554419]},{"header":{"discipline":0,"disciplineName":"Meteorological products","gribEdition":2,"gribLength":1025,"center":7,"centerName":"US National Weather Service - NCEP(WMC)","subcenter":0,"refTime":"2024-01-31T06:00:00.000Z","significanceOfRT":1,"significanceOfRTName":"Start of forecast","productStatus":0,"productStatusName":"Operational products","productType":1,"productTypeName":"Forecast products","productDefinitionTemplate":0,"productDefinitionTemplateName":"Analysis/forecast at horizontal level/layer at a point in time","parameterCategory":2,"parameterCategoryName":"UnknownDiscipline_0_Category_2","parameterNumber":3,"parameterNumberName":"UnknownParameter_D0_C2_3","parameterUnit":"Unknown","genProcessType":2,"genProcessTypeName":"Forecast","forecastTime":120,"surface1Type":103,"surface1TypeName":"Specified height level above ground","surface1Value":10.0,"surface2Type":255,"surface2TypeName":"Missing","surface2Value":0.0,"gridDefinitionTemplate":0,"gridDefinitionTemplateName":"Latitude_Longitude","numberPoints":615,"shape":6,"shapeName":"Earth spherical with radius of 6,371,229.0 m","gridUnits":"degrees","resolution":48,"winds":"true","scanMode":64,"nx":41,"ny":15,"basicAngle":0,"lo1":47.0,"la1":41.0,"lo2":87.0,"la2":55.0,"dx":1.0,"dy":1.0},"data":[-3.2557201,0.06427979,0.5542798,-0.18572022,1.0242798,6.03428,6.33428,3.4942799,2.0342798,2.3342798,3.5742798,3.2842798,3.5442798,2.7542799,3.0742798,3.2442799,4.0642796,1.4242798,0.21427979,0.4442798,3.70428,0.5242798,-1.5657202,-0.09572022,0.5442798,-0.8657202,-0.7557202,-0.7657202,0.33427978,1.1142797,1.0342798,0.9242798,-0.7957202,-0.84572023,-0.8157202,-0.9557202,0.29427978,-0.24572021,-0.21572022,-0.9157202,0.72427976,5.99428,0.6842798,-0.8157202,0.3442798,1.9142798,6.57428,3.7842798,6.2942796,5.8642797,4.49428,3.7442799,3.5342798,3.8742797,3.4842799,2.6242797,2.9342797,2.0642798,0.9842798,2.7642798,2.5842798,1.7342798,-1.0057203,-0.25572023,0.6442798,1.6842798,2.2242799,1.1742798,0.8242798,-0.12572022,1.7542797,0.6742798,3.0342798,1.5442798,1.7142798,0.7642798,0.9442798,1.1942798,0.6442798,1.3542798,0.114279784,-0.45572022,2.6342797,3.9242797,0.4142798,1.7842798,3.7442799,5.1542797,2.3542798,3.3042798,5.5042796,4.84428,5.3642797,5.03428,3.9742799,3.71428,2.3942797,2.6042798,2.5742798,3.1342797,2.8742797,1.8542798,1.9542798,0.7442798,-1.3857203,-0.16572021,-0.8757202,-0.58572024,-0.9357202,-0.9257202,0.4342798,-0.6257202,1.4442798,1.0842798,0.9342798,0.4742798,0.4142798,-1.6557202,-1.5457202,1.0242798,-0.035720214,-0.6257202,-1.0957202,1.2442797,4.26428,5.01428,4.1742797,3.0542798,3.8442798,3.6642797,5.95428,5.51428,5.0442796,4.87428,4.5242796,5.8642797,5.7942796,2.95428,2.1542797,2.5042799,2.1442797,2.1942797,2.4842799,2.4442797,0.85427976,3.3542798,1.8942798,0.46427977,-0.6257202,-1.5257202,-1.6357203,1.1442798,2.6942797,3.1142797,0.044279784,-0.35572022,0.014279786,0.2542798,0.5742798,2.0542798,0.85427976,-1.4757202,-1.4957203,-1.0757202,1.2842798,1.0842798,0.48427978,2.4942799,4.1742797,4.08428,5.18428,5.95428,5.9442797,5.5042796,5.4042797,4.93428,6.9442797,6.85428,5.12428,2.4842799,3.0042799,3.7542799,3.1842797,1.9542798,2.2242799,2.1842797,0.6842798,-0.035720214,0.7742798,0.044279784,-1.3857203,-2.7757201,-0.9157202,0.14427978,0.49427977,-0.5457202,1.4342798,1.1242797,0.39427978,0.8342798,0.4442798,0.85427976,1.0842798,0.12427978,0.5642798,1.1042798,1.2542797,4.57428,4.4842796,3.9942799,4.85428,6.12428,5.5042796,4.97428,5.1742797,4.3142796,5.12428,5.6142797,7.93428,5.7542796,4.5642796,3.0742798,3.70428,3.5342798,2.7742798,2.7542799,2.2342799,3.1342797,2.7242799,2.0042799,0.6142798,-1.0057203,-2.4057202,-1.2457203,-0.7657202,0.24427979,0.14427978,0.27427977,2.0542798,0.09427979,0.8942798,-1.6457202,-2.3057203,-0.005720215,0.014279786,0.9242798,5.30428,5.9842796,5.9042797,6.3642797,6.64428,6.6742797,7.0242796,6.26428,6.08428,5.78428,5.10428,4.97428,4.95428,4.4842796,5.5042796,5.1342797,4.7942796,3.2242799,3.7842798,3.0742798,2.5442798,2.8942797,2.6942797,3.0642798,2.6942797,1.4042798,0.114279784,-2.04572,-1.5357202,-1.8457202,-0.7657202,-0.58572024,-0.2757202,1.0842798,2.3142798,1.5642798,0.6242798,2.45428,-0.045720216,0.45427978,1.7742798,3.9842799,5.60428,6.6542797,6.93428,7.37428,8.67428,8.184279,7.9242797,7.7942796,6.99428,7.39428,6.5642796,5.59428,5.6942797,5.08428,6.28428,5.60428,4.9842796,5.08428,5.47428,4.60428,3.4742799,2.6842797,3.5642798,3.3142798,2.8842797,2.3142798,0.39427978,-0.4357202,-1.1857202,-0.11572021,-0.9157202,-0.4357202,2.1642797,4.39428,-0.23572022,-0.035720214,1.2542797,-1.2157202,0.48427978,2.6042798,4.20428,5.1342797,5.4642797,6.85428,7.3142796,7.97428,8.86428,9.49428,9.69428,9.33428,8.434279,7.72428,6.68428,5.9242797,6.07428,6.0042796,6.85428,6.66428,6.7342796,6.53428,2.5842798,4.33428,4.70428,3.9942799,4.03428,3.7842798,3.0342798,2.6042798,2.2542799,1.4642798,1.3242798,2.5442798,1.6742798,2.1942797,2.7442799,2.8442798,0.5642798,1.1942798,3.9942799,2.5842798,1.6542798,4.03428,4.37428,5.03428,5.99428,6.8142796,7.2942796,7.97428,8.8542795,9.56428,10.12428,10.92428,9.934279,9.28428,7.87428,8.02428,7.2942796,7.35428,7.0242796,6.7142797,6.01428,5.8642797,5.62428,5.5642796,5.60428,4.32428,4.1942797,4.07428,3.0942798,2.7842798,2.9842799,2.5642798,3.2742798,1.1642798,0.7042798,3.5042799,3.9942799,1.8742797,1.7942798,1.7642798,3.4042797,3.9342797,4.2342796,3.9042797,5.14428,5.35428,5.5642796,6.5642796,7.60428,8.23428,8.57428,9.11428,9.24428,9.304279,8.94428,9.65428,9.32428,9.304279,9.75428,9.014279,7.9642797,7.95428,7.0642796,6.1942797,5.49428,5.74428,5.20428,5.18428,3.8542798,5.2742796,5.30428,3.2642798,2.8342798,2.5042799,1.3142798,1.5742798,3.4742799,5.10428,4.1342797,2.6642797,3.7342799,2.0742798,1.3642797,3.96428,3.7442799,3.95428,5.1142797,5.59428,5.9242797,6.10428,6.72428,7.07428,7.26428,7.47428,7.6142797,8.33428,9.184279,9.09428,9.57428,10.6042795,10.58428,9.82428,9.054279,8.15428,7.1942797,6.07428,5.8642797,5.83428,5.66428,6.53428,5.41428,4.3142796,3.3642797,3.3342798,3.6742797,2.4242797,3.0742798,2.5342798,5.7542796,6.60428,4.16428,-0.3357202,-0.3157202,-0.07572021,2.46428,3.7842798,3.6042798,3.9142797,4.5442796,3.8742797,5.4442797,6.35428,7.7942796,7.0242796,5.2942796,5.5242796,7.84428,8.20428,8.3942795,8.49428,9.3542795,9.52428,10.474279,9.31428,9.66428,8.71428,8.03428,7.60428,7.55428,6.4642797,6.33428,4.99428,4.6942797,3.9842799,3.9342797,3.9942799,3.7242799,3.6342797,3.70428,4.12428,5.2142797,3.96428,4.8842797,3.8342798,1.5942798,2.3842797,2.2442799,1.4742798,1.2942798,2.3742797,3.8842797,4.55428,5.12428,5.8142796,7.28428,4.7742796,3.7942798,5.35428,8.06428,7.4642797,8.07428,8.59428,9.04428,9.514279,9.724279,9.31428,8.73428,8.09428,7.03428,6.30428,5.6742797,5.74428,5.7542796,5.05428,4.9842796,4.2942796,3.8642797,3.8042798,3.5942798,2.8742797,3.6642797,3.70428,4.47428,5.53428,5.01428,5.9042797,3.3442798,3.0642798,0.97427976,2.7242799,2.21428,1.3242798,1.4242798,1.2842798,2.4142797,4.7142797,4.33428,5.10428,3.2242799,2.8042798,6.8142796,7.0642796,7.49428,7.78428,8.44428,8.66428,8.74428,8.59428,7.8842797,7.32428,6.55428,6.2542796,5.6142797,4.9042797,4.3842797,4.3842797,4.2142797,4.1342797,3.2542799,3.4142797,3.4042797,3.1542797,3.8042798,5.0642796,6.4042797,6.3642797,4.68428]}]