wind_kz.json
{"header": {"discipline":0,"disciplineName":"Meteorological products","gribEdition":2,"gribLength":871,"center":7,"centerName":"US National Weather Service - NCEP(WMC)","subcenter":0,"refTime":"2023-08-26T00:00:00.000Z","significanceOfRT":1,"significanceOfRTName":"Start of forecast","productStatus":0,"productStatusName":"Operational products","productType":1,"productTypeName":"Forecast products","productDefinitionTemplate":0,"productDefinitionTemplateName":"Analysis/forecast at horizontal level/layer at a point in time","parameterCategory":0,"parameterCategoryName":"UnknownDiscipline_0_Category_0","parameterNumber":0,"parameterNumberName":"UnknownParameter_D0_C0_0","parameterUnit":"Unknown","genProcessType":2,"genProcessTypeName":"Forecast","forecastTime":0,"surface1Type":1,"surface1TypeName":"Ground or water surface","surface1Value":0.0,"surface2Type":255,"surface2TypeName":"Missing","surface2Value":0.0,"gridDefinitionTemplate":0,"gridDefinitionTemplateName":"Latitude_Longitude","numberPoints":615,"shape":6,"shapeName":"Earth spherical with radius of 6,371,229.0 m","gridUnits":"degrees","resolution":48,"winds":"true","scanMode":64,"nx":41,"ny":15,"basicAngle":0,"lo1":47.0,"la1":41.0,"lo2":87.0,"la2":55.0,"dx":1.0,"dy":1.0}, "data":
[rows 0 to 14 of 15, columns 0 to 40 of 41]
292.83292,286.5329,290.2329,299.43292,299.33292,298.5329,298.0329,297.33292,299.1329,299.83292,298.5329,299.7329,301.1329,301.1329,299.0329,295.43292,294.93292,295.43292,293.6329,295.2329,296.0329,293.2329,290.83292,287.6329,290.83292,293.1329,290.83292,277.7329,280.1329,278.7329,278.6329,278.2329,287.0329,294.2329,295.5329,294.6329,294.83292,295.43292,296.1329,296.0329,295.83292
277.5329,291.1329,299.43292,299.6329,299.6329,298.5329,297.6329,297.1329,297.43292,296.83292,298.7329,298.2329,298.2329,297.6329,292.0329,293.2329,292.33292,293.2329,291.7329,292.2329,292.43292,294.6329,293.6329,285.1329,275.43292,275.1329,284.7329,277.1329,278.83292,275.5329,282.2329,275.83292,282.5329,265.43292,276.83292,291.93292,290.5329,293.0329,296.33292,288.83292,283.93292
289.83292,299.1329,300.1329,299.93292,298.6329,295.5329,293.93292,295.1329,293.43292,295.33292,294.7329,295.43292,293.33292,295.1329,294.2329,290.6329,292.1329,289.7329,290.6329,291.5329,292.5329,293.83292,293.83292,288.83292,289.33292,289.6329,291.1329,289.7329,289.5329,282.43292,276.5329,278.5329,286.7329,284.93292,284.1329,284.93292,277.5329,276.7329,278.7329,275.7329,275.0329
291.83292,299.7329,300.0329,299.33292,296.43292,292.83292,293.5329,293.0329,292.93292,294.2329,293.93292,293.43292,295.7329,295.0329,293.43292,290.33292,293.93292,290.33292,290.6329,291.5329,292.2329,288.2329,293.6329,293.83292,290.7329,292.43292,297.0329,294.2329,290.5329,291.0329,291.5329,291.1329,295.33292,294.33292,291.93292,288.93292,278.33292,276.43292,282.6329,291.33292,294.0329
296.7329,299.2329,299.83292,299.6329,298.1329,294.0329,292.6329,293.43292,292.6329,293.43292,292.43292,292.43292,295.7329,294.33292,291.83292,294.83292,293.5329,291.6329,288.83292,291.7329,292.43292,293.1329,292.93292,293.6329,292.7329,293.0329,291.1329,292.0329,293.5329,294.5329,294.93292,292.33292,282.33292,274.6329,283.83292,293.0329,294.0329,297.83292,296.93292,297.43292,297.43292
294.33292,291.0329,297.5329,298.2329,299.5329,298.6329,297.0329,295.83292,293.83292,293.43292,292.33292,292.1329,294.43292,294.93292,293.6329,294.5329,293.93292,292.93292,291.1329,292.33292,290.83292,290.7329,291.2329,294.0329,293.2329,292.0329,291.0329,293.5329,292.6329,293.5329,293.7329,295.33292,294.5329,291.6329,292.0329,291.93292,287.6329,290.0329,295.0329,296.43292,295.1329
290.6329,288.83292,290.83292,292.5329,294.0329,291.6329,294.33292,293.43292,294.0329,294.7329,292.6329,291.93292,293.2329,294.0329,290.5329,294.2329,292.7329,296.7329,292.83292,291.1329,290.2329,290.2329,289.83292,289.7329,288.7329,288.7329,288.7329,290.83292,291.1329,291.2329,291.6329,291.7329,292.1329,294.43292,295.93292,292.1329,289.6329,286.33292,282.2329,280.33292,293.43292
289.0329,288.2329,290.33292,289.43292,292.1329,292.7329,292.2329,291.2329,290.0329,292.33292,288.1329,288.93292,288.93292,293.2329,293.43292,294.0329,295.2329,294.93292,294.0329,289.83292,288.2329,288.1329,287.7329,288.1329,286.7329,283.0329,284.43292,286.7329,286.1329,288.1329,287.0329,287.93292,287.2329,285.1329,286.0329,288.83292,290.7329,289.43292,292.33292,293.1329,290.7329
287.2329,289.83292,290.2329,287.93292,291.5329,291.7329,290.5329,291.0329,289.5329,289.5329,288.2329,287.7329,289.33292,288.1329,289.0329,290.6329,293.7329,294.6329,293.93292,292.33292,289.2329,286.33292,286.7329,286.6329,284.6329,285.33292,281.0329,281.2329,280.33292,285.2329,285.83292,284.0329,284.83292,286.33292,285.7329,287.93292,286.7329,287.5329,281.2329,279.6329,277.6329
288.93292,289.93292,289.83292,286.5329,287.0329,287.6329,286.83292,288.7329,288.6329,288.1329,288.5329,288.2329,287.93292,286.83292,286.5329,287.7329,287.93292,288.33292,289.5329,291.43292,290.43292,288.83292,288.1329,287.43292,286.5329,284.6329,283.6329,282.6329,281.1329,281.0329,281.6329,284.5329,287.33292,289.6329,288.83292,285.93292,287.6329,282.83292,281.7329,282.5329,280.0329
287.43292,287.93292,287.93292,287.83292,287.6329,286.2329,283.1329,282.2329,284.1329,282.6329,285.6329,282.93292,285.0329,286.33292,285.5329,286.33292,285.43292,287.7329,288.0329,287.0329,289.1329,290.1329,286.93292,286.1329,285.33292,285.43292,282.6329,284.33292,283.6329,284.83292,284.33292,284.0329,284.1329,285.5329,284.83292,285.93292,285.93292,283.1329,281.6329,282.6329,282.83292
280.43292,282.93292,283.1329,282.0329,283.2329,283.6329,282.6329,281.33292,285.7329,281.2329,280.6329,284.83292,286.33292,282.43292,284.93292,287.2329,286.5329,284.7329,285.6329,286.7329,285.93292,284.5329,286.33292,285.0329,286.83292,285.1329,285.43292,286.2329,286.1329,285.5329,283.33292,282.5329,283.93292,282.33292,283.5329,283.93292,285.0329,287.1329,287.7329,289.1329,288.5329
283.5329,283.83292,285.7329,285.7329,285.83292,284.1329,285.0329,284.83292,282.2329,283.33292,279.33292,275.7329,281.6329,282.43292,282.43292,282.5329,282.6329,282.0329,282.0329,283.33292,285.43292,284.5329,284.2329,285.0329,287.2329,285.5329,286.6329,284.7329,284.93292,283.43292,283.5329,282.6329,281.6329,282.93292,281.83292,282.43292,283.83292,287.5329,288.1329,288.43292,288.83292
283.6329,284.5329,288.1329,284.7329,284.43292,283.43292,281.93292,278.5329,278.6329,280.2329,279.7329,275.43292,275.5329,278.7329,282.93292,282.0329,280.83292,283.1329,284.5329,282.7329,285.5329,285.6329,285.7329,287.2329,286.93292,286.33292,285.93292,283.7329,282.43292,282.43292,282.43292,281.2329,281.0329,281.43292,281.6329,281.33292,282.33292,284.43292,287.2329,286.1329,288.43292
283.2329,284.5329,291.0329,284.5329,284.0329,282.7329,282.6329,280.6329,278.1329,278.0329,278.43292,279.7329,278.7329,277.1329,277.5329,278.43292,278.7329,278.93292,279.0329,280.7329,283.43292,284.1329,281.5329,284.6329,282.33292,282.83292,282.2329,284.6329,284.5329,280.93292,281.1329,281.93292,280.33292,280.1329,281.33292,281.5329,281.7329,282.1329,284.93292,287.33292,287.43292
