wind_kz.json
{"header": {"discipline":0,"disciplineName":"Meteorological products","gribEdition":2,"gribLength":1025,"center":7,"centerName":"US National Weather Service - NCEP(WMC)","subcenter":0,"refTime":"2024-02-01T06:00:00.000Z","significanceOfRT":1,"significanceOfRTName":"Start of forecast","productStatus":0,"productStatusName":"Operational products","productType":1,"productTypeName":"Forecast products","productDefinitionTemplate":0,"productDefinitionTemplateName":"Analysis/forecast at horizontal level/layer at a point in time","parameterCategory":2,"parameterCategoryName":"UnknownDiscipline_0_Category_2","parameterNumber":2,"parameterNumberName":"UnknownParameter_D0_C2_2","parameterUnit":"Unknown","genProcessType":2,"genProcessTypeName":"Forecast","forecastTime":0,"surface1Type":103,"surface1TypeName":"Specified height level above ground","surface1Value":10.0,"surface2Type":255,"surface2TypeName":"Missing","surface2Value":0.0,"gridDefinitionTemplate":0,"gridDefinitionTemplateName":"Latitude_Longitude","numberPoints":615,"shape":6,"shapeName":"Earth spherical with radius of 6,371,229.0 m","gridUnits":"degrees","resolution":48,"winds":"true","scanMode":64,"nx":41,"ny":15,"basicAngle":0,"lo1":47.0,"la1":41.0,"lo2":87.0,"la2":55.0,"dx":1.0,"dy":1.0}, "data":
[rows 0 to 14 of 15, columns 0 to 40 of 41]
-0.16608094,0.38391906,-0.25608093,-3.356081,-1.016081,0.013919068,-3.0360808,-0.8360809,0.043919068,0.15391907,1.0039191,1.7539191,3.353919,4.0739193,5.893919,6.953919,6.973919,7.983919,7.563919,9.513919,5.913919,5.0739193,-0.14608093,0.09391907,-0.55608094,-1.916081,-0.84608096,1.5239191,-0.23608093,0.32391906,-1.8460809,-0.43608093,-0.0060809324,-0.55608094,-0.5760809,-0.87608093,-1.4660809,-2.866081,-2.906081,-2.7860808,-2.336081
0.8639191,-1.6160809,-4.1360807,-2.486081,-0.5260809,-1.516081,-2.726081,-1.3360809,0.81391907,1.6539191,2.913919,3.553919,4.483919,4.773919,5.833919,6.223919,6.923919,6.8839192,9.133919,8.983919,9.343919,8.3739195,4.213919,-0.21608093,0.9139191,0.12391907,0.52391905,-0.13608094,1.6539191,-1.3460809,-0.22608094,-0.5760809,1.1639191,0.59391904,-0.15608093,-1.0660809,-0.6460809,-2.176081,-1.546081,-1.026081,-0.23608093
-0.15608093,-2.7560809,-1.5760809,-0.53608096,-0.99608094,-1.9560809,-0.106080934,1.0039191,1.9239191,2.673919,4.023919,5.803919,5.953919,7.743919,8.143919,7.683919,7.953919,8.393919,8.313919,8.133919,7.173919,6.893919,6.203919,7.703919,4.283919,-1.296081,0.42391908,0.8539191,1.0439191,0.76391906,0.40391907,1.1339191,-1.6160809,0.26391906,1.0639191,1.203919,-1.7060809,-0.036080934,-0.86608094,-1.146081,0.15391907
1.373919,1.463919,0.87391907,0.9839191,-2.706081,0.073919065,0.35391906,2.863919,3.293919,4.773919,5.763919,6.453919,8.693919,9.613919,7.933919,6.813919,8.413919,9.393919,8.943919,8.3739195,6.6139193,8.033919,7.483919,9.313919,7.213919,3.643919,0.9139191,0.6739191,-2.616081,-1.8460809,1.203919,-2.876081,-4.566081,-2.696081,-0.44608092,-0.91608095,-1.1860809,0.76391906,-2.0360808,-0.5760809,-0.86608094
2.603919,2.2439191,2.553919,2.423919,1.5339191,2.053919,3.2339191,4.513919,5.153919,5.763919,6.023919,7.433919,8.183919,8.473919,9.153919,5.8839192,7.393919,8.163919,7.963919,8.183919,7.183919,7.453919,6.693919,5.303919,5.083919,4.123919,4.283919,1.9239191,0.90391904,-2.696081,-3.7960808,-1.4460809,-1.0860809,-1.166081,-0.73608094,-0.99608094,-2.176081,-2.706081,-1.9960809,-1.676081,-2.066081
1.6839191,1.333919,2.013919,2.543919,2.653919,2.353919,4.223919,4.483919,3.163919,5.163919,4.963919,4.913919,6.653919,7.243919,5.723919,5.3639193,6.8439193,8.293919,8.573919,8.663919,7.163919,6.333919,4.853919,3.903919,4.3239193,2.9539192,5.213919,0.47391906,0.06391907,-1.5760809,-2.366081,-3.156081,-2.926081,-4.016081,-3.2760808,-5.816081,-1.4760809,-2.066081,-1.916081,-1.8360809,-2.146081
1.6939191,1.9439191,3.333919,3.273919,2.9939191,3.113919,4.003919,3.903919,3.113919,3.683919,3.663919,3.9939191,5.813919,3.623919,4.763919,5.743919,6.703919,7.8639193,7.803919,6.913919,5.873919,5.5739193,3.4539192,2.093919,2.263919,2.5039191,3.2439191,1.5239191,1.3839191,-0.36608094,-2.2460809,-2.406081,-1.626081,-3.426081,-3.146081,-0.55608094,-0.43608093,0.17391907,-1.156081,0.12391907,-1.4460809
2.5039191,2.523919,3.9439192,3.4939191,2.823919,2.7439191,3.313919,2.863919,3.133919,3.2439191,2.603919,3.4739192,2.653919,2.573919,4.3239193,5.103919,5.8639193,5.873919,5.5739193,4.433919,4.043919,6.313919,1.3139191,0.39391908,0.71391904,2.153919,2.563919,1.7839191,-0.026080932,-0.8860809,-0.35608092,-1.016081,-1.3660809,0.27391908,-0.7660809,-0.43608093,-1.5960809,-2.916081,-6.976081,-8.196081,-1.666081
2.423919,3.153919,3.803919,3.653919,2.263919,2.9639192,2.913919,2.323919,2.903919,2.683919,3.053919,1.9439191,3.073919,1.993919,3.553919,3.283919,3.7139192,3.143919,4.103919,0.76391906,3.903919,-2.596081,-1.8660809,-0.8860809,-0.09608093,0.51391906,1.483919,1.573919,0.19391906,-0.9560809,0.88391906,0.053919066,2.653919,-0.46608093,-2.4960809,-2.976081,-0.036080934,0.17391907,-0.79608095,-0.90608096,0.26391906
2.623919,2.9839191,3.163919,2.933919,1.7939191,3.153919,1.7639191,1.5039191,2.423919,1.9239191,2.643919,1.973919,1.4239191,2.343919,2.033919,2.063919,0.7439191,-0.47608092,-1.7060809,-2.126081,-3.5560808,-2.906081,-2.0160809,-0.93608093,-0.98608094,-0.026080932,0.59391904,1.493919,1.243919,1.113919,1.4139191,1.853919,1.9139191,0.9839191,-1.176081,-1.156081,-2.0460808,-0.92608094,2.013919,0.39391908,-1.4660809
1.823919,2.2239192,2.173919,1.1939191,1.223919,2.183919,1.4139191,1.823919,1.6839191,1.7739191,1.723919,1.6839191,1.203919,1.363919,1.573919,0.6639191,-0.5160809,-0.41608092,-1.5760809,-2.7660809,-2.5360808,-1.916081,-1.9760809,-1.266081,-1.1060809,0.09391907,0.08391907,0.5539191,0.77391905,2.2039192,-0.11608093,-0.15608093,-0.016080933,0.47391906,0.34391907,0.0039190673,0.5439191,0.10391907,-0.42608094,0.023919068,-0.15608093
0.57391906,1.463919,1.2639191,0.70391905,0.57391906,1.463919,0.23391907,0.24391907,0.45391905,-0.62608093,0.6739191,1.623919,0.7339191,0.7239191,2.013919,0.96391904,0.12391907,-1.026081,-1.9760809,-1.8160809,-2.426081,-2.436081,-1.906081,-0.37608093,0.27391908,0.33391908,0.41391906,0.44391906,0.30391908,-1.156081,-0.7560809,-0.5260809,-0.026080932,-0.67608094,0.5339191,2.2339191,3.313919,-1.156081,-1.2060809,0.043919068,0.17391907
1.473919,0.7439191,1.1339191,-0.11608093,0.0039190673,-0.80608094,-1.016081,0.33391908,0.29391906,-0.46608093,-0.49608094,0.88391906,0.70391905,1.0039191,0.95391905,1.223919,0.37391907,-0.79608095,-0.5860809,-1.396081,-1.5560809,-0.72608095,-0.8360809,-0.72608095,-0.41608092,-0.85608095,-2.216081,-2.576081,-1.766081,-1.2160809,-0.92608094,-0.55608094,-0.49608094,0.13391906,0.6839191,1.323919,2.7339191,2.533919,3.513919,-0.7160809,0.46391907
1.1739191,0.30391908,0.08391907,-1.046081,-1.1960809,-1.026081,0.20391907,1.123919,1.3039191,-0.016080933,-0.026080932,0.053919066,1.1939191,1.2739191,0.71391904,0.59391904,1.073919,0.5439191,-0.6360809,-0.8260809,-1.2160809,-1.6060809,-1.3060809,-0.59608096,-0.12608093,-1.0760809,-1.296081,-0.74608094,-0.45608094,-0.15608093,0.023919068,0.48391905,0.75391906,0.9739191,1.3939191,2.643919,2.413919,2.843919,2.433919,2.073919,-1.0660809
0.16391906,0.053919066,-0.33608094,-1.3560809,-0.28608093,0.21391907,0.52391905,0.7939191,0.88391906,-1.0760809,-0.106080934,-0.38608092,0.42391908,0.9739191,0.9739191,-0.40608093,0.5339191,0.8039191,0.25391906,-1.2260809,-1.286081,-0.97608095,-0.92608094,-1.4760809,-1.2460809,-1.3060809,-0.62608093,0.40391907,0.34391907,0.043919068,0.17391907,0.59391904,0.89391905,1.3139191,1.7539191,1.473919,1.2939191,1.993919,1.1339191,-0.39608094,-1.2360809
