wind_kz.json
{"header": {"discipline":0,"disciplineName":"Meteorological products","gribEdition":2,"gribLength":1025,"center":7,"centerName":"US National Weather Service - NCEP(WMC)","subcenter":0,"refTime":"2023-09-18T18:00:00.000Z","significanceOfRT":1,"significanceOfRTName":"Start of forecast","productStatus":0,"productStatusName":"Operational products","productType":1,"productTypeName":"Forecast products","productDefinitionTemplate":0,"productDefinitionTemplateName":"Analysis/forecast at horizontal level/layer at a point in time","parameterCategory":2,"parameterCategoryName":"UnknownDiscipline_0_Category_2","parameterNumber":3,"parameterNumberName":"UnknownParameter_D0_C2_3","parameterUnit":"Unknown","genProcessType":2,"genProcessTypeName":"Forecast","forecastTime":240,"surface1Type":103,"surface1TypeName":"Specified height level above ground","surface1Value":10.0,"surface2Type":255,"surface2TypeName":"Missing","surface2Value":0.0,"gridDefinitionTemplate":0,"gridDefinitionTemplateName":"Latitude_Longitude","numberPoints":615,"shape":6,"shapeName":"Earth spherical with radius of 6,371,229.0 m","gridUnits":"degrees","resolution":48,"winds":"true","scanMode":64,"nx":41,"ny":15,"basicAngle":0,"lo1":47.0,"la1":41.0,"lo2":87.0,"la2":55.0,"dx":1.0,"dy":1.0}, "data":
[rows 0 to 14 of 15, columns 0 to 40 of 41]
0.7304394,0.050439455,0.64043945,-3.3695605,-3.2495606,-5.4895606,-5.9595604,-0.24956055,-1.8295605,-2.1995606,-1.7995605,-2.2695606,-2.5895605,-0.9495605,-1.0095606,-3.3895605,-3.5495605,-3.6495605,-3.9795606,-2.1895607,-2.0395606,-3.1095605,-2.5895605,-0.27956054,-2.6095605,0.77043945,-0.05956055,1.1304394,2.8804395,5.2304397,1.6204394,2.0404394,-0.11956055,-1.0395606,-0.25956056,-0.39956054,-1.5795605,-1.5695605,-0.43956053,-0.029560547,1.5604395
-0.39956054,0.64043945,-0.49956053,-2.2695606,-3.9795606,-4.8195605,-4.1595607,-0.72956055,2.0004394,1.3604394,-2.2495606,-2.9495606,-2.2795606,-2.5195606,-3.5295606,-4.3495607,-1.8195605,-4.0195603,-4.7195606,-4.3695607,-3.5595605,-2.2995605,0.43043944,1.5104394,1.6504395,1.4604394,-1.4995606,2.1004395,0.07043945,2.2904394,4.2604394,4.3404393,1.1404395,-1.5395606,-4.0495605,0.32043946,-0.29956055,-0.8995606,-1.4895606,-1.1795605,-0.47956055
0.5504395,0.9204395,-1.2595606,-2.2295606,-3.1095605,-3.9095604,-4.3895607,0.24043946,-1.6195606,0.19043945,1.2304394,0.90043944,1.9504395,-0.92956054,-2.8495605,-3.5295606,-3.7795606,-2.0995605,-3.0595605,-3.8795605,-3.6295605,-2.3195605,0.41043946,1.9204395,0.46043944,1.6404395,1.2804395,1.1904395,0.38043946,2.8804395,4.2704396,1.5104394,2.3904395,-1.0895605,-0.19956055,3.4904394,6.0004396,1.1904395,1.5904394,-1.3495605,-1.0695605
1.2104394,0.58043945,-1.2795606,-3.2395606,-2.5195606,-3.3395605,-2.3895605,-2.1895607,-2.0095606,-1.6495606,-2.5195606,-2.0295606,2.9304395,1.6504395,-0.14956054,-1.6695606,-2.1495605,-1.5295606,-1.7795606,-3.3895605,-3.8895605,-0.91956055,-1.8095605,0.94043946,-0.34956056,3.3204393,2.0404394,1.0504395,4.4504395,3.7504394,-0.14956054,-1.1095605,-2.2995605,1.2104394,0.8004395,-3.4195604,-2.3195605,2.5904396,5.7304397,-0.14956054,0.27043945
3.2604394,3.4804394,2.3204393,1.1204394,0.52043945,-1.4095606,-2.3495605,-1.1395606,-2.1795607,-0.67956054,-0.26956055,-0.43956053,2.4104395,2.3804395,1.4504395,-0.009560547,-1.3195605,0.64043945,-0.039560545,-2.3195605,-3.1395605,-3.3595605,-3.5495605,-1.9395605,-0.78956056,-0.089560546,2.4004395,2.0204394,2.2804394,0.95043945,0.23043945,1.0104394,2.7004395,3.6404395,-1.2495606,-3.1095605,0.25043947,-2.3095605,-0.65956056,0.07043945,-0.23956054
-0.009560547,2.6604395,1.5404395,3.6704395,2.3404396,2.9404395,1.6304394,0.76043946,0.5504395,0.7904394,0.88043946,0.83043945,0.14043945,1.7004395,2.5804396,1.6304394,1.0104394,-0.62956053,2.5104394,-1.2695606,-2.5395606,-1.9495605,-2.3795605,-1.7195605,1.6104394,2.0204394,0.9304395,2.1004395,1.1404395,0.7404395,0.64043945,-0.6995605,0.25043947,1.2704395,2.5304394,11.4104395,3.5504394,4.190439,0.7904394,-1.1395606,0.46043944
-2.9495606,-3.1195605,-3.7295606,-1.0095606,-0.59956056,0.5504395,0.64043945,0.46043944,0.65043944,1.0404395,1.2104394,2.6404395,2.2904394,1.7704395,1.7404394,2.2004395,2.8304396,2.2504394,3.3504395,2.5104394,0.030439453,-2.1595604,-2.7595606,-1.0195606,2.2604394,1.9704394,0.63043946,1.5204395,0.7904394,1.2904395,0.36043945,-1.0595605,-0.42956054,-0.30956054,0.13043946,-1.3895606,-3.1095605,-0.65956056,1.8304394,0.53043944,2.6604395
-2.7895606,-2.8295605,-2.6095605,-2.8595605,-2.8195605,-3.3695605,-3.0195606,-2.9795606,-2.6195605,-3.2095606,-3.0895605,-3.6895607,-4.3995605,1.2304394,0.5504395,-0.26956055,1.5804394,2.5304394,2.6004395,4.0704393,1.1104394,1.1004394,-1.5695605,-1.7495606,3.9904394,2.5804396,3.5304394,2.4904394,2.0904396,2.8904395,1.0704395,1.6304394,0.40043944,-1.5295606,0.96043944,0.82043946,-0.06956055,1.5904394,-2.5795605,0.030439453,-1.6395606
-1.3695606,-2.0495605,-2.5495605,-2.2095606,-2.0295606,-2.1295605,-2.0095606,-1.9795605,-2.0595605,-1.8395605,-0.58956057,-0.40956056,-1.4395605,-2.3995605,-0.07956055,-1.4295605,0.75043947,0.21043946,2.0104394,3.9904394,3.9904394,2.7104394,2.4204395,0.48043945,2.7804394,3.7104394,2.7204394,3.3804395,2.3504395,2.5004394,3.0404394,2.8204393,2.5404394,3.3604395,3.6504395,2.6504395,-1.7095605,0.8604395,0.97043943,0.53043944,-3.0795605
-1.5595605,-1.5695605,-1.2695606,-1.3995606,-1.8795606,-1.9895606,-2.1095605,-2.2995605,-0.6495606,-1.4095606,-3.7795606,-3.2495606,-0.41956055,-0.97956055,-0.13956055,-0.019560548,-0.59956056,0.64043945,2.6004395,1.0804394,4.1504393,2.8304396,2.4904394,3.6904395,2.9304395,3.1104395,3.1004395,3.1004395,2.9604394,3.0504394,3.8004394,3.0004394,3.4004395,4.1604395,2.7104394,1.3304394,0.6104395,-2.7395606,4.394531E-4,3.3704395,2.9804394
-1.2995605,-1.4095606,-1.3495605,-0.99956053,-0.87956053,-1.3695606,-1.6895605,-2.1495605,-1.3795606,-0.58956057,0.35043946,-1.1395606,-2.1795607,-2.2695606,-1.6595606,-1.5195606,0.7404395,0.21043946,2.4004395,3.4104395,3.0504394,3.5704393,4.2004395,-0.23956054,3.5704393,3.6004395,2.5804396,2.8804395,2.8404396,3.2104394,3.2404394,4.5304394,3.6304395,4.0604396,4.5704393,1.8404394,0.91043943,2.3604395,1.5004394,1.3904395,0.31043947
-0.38956055,-1.1095605,-1.1195606,-1.2195605,-1.0495605,-1.5595605,0.09043945,-0.87956053,-2.0995605,-2.7195606,-1.0595605,-1.2595606,-2.7195606,-1.6995605,-2.0195606,-1.0195606,0.34043944,0.37043944,1.4504395,3.2204394,3.3104393,5.3404393,4.6104393,4.0404396,1.5804394,3.7804394,4.0104394,4.3804393,3.9704394,3.6404395,4.2604394,4.2904396,3.2204394,3.6704395,3.4004395,3.2204394,3.1004395,3.3004394,2.8004394,2.4904394,1.2504394
0.49043944,0.32043946,-0.41956055,0.66043943,0.040439453,-0.42956054,-0.9495605,0.39043945,-1.3895606,-1.1495606,-0.34956056,-0.42956054,-0.42956054,-1.1695606,-0.78956056,-0.5695605,0.20043945,1.6804395,1.2604394,2.5804396,4.8804393,4.2904396,5.6104393,5.7604394,2.8604395,3.8704395,5.0304394,3.3804395,3.8804395,4.5304394,4.8504395,4.440439,3.9404395,3.8004394,3.6404395,3.6904395,3.3704395,2.2004395,3.1404395,2.6304395,0.91043943
1.4704394,0.76043946,0.25043947,0.17043945,1.6004394,0.82043946,-0.8895605,-1.4595605,-1.6895605,-1.1695606,-0.5195606,-0.32956055,-0.009560547,-0.8895605,-1.0095606,-1.5295606,-0.90956056,0.37043944,1.3804394,1.4104395,2.2904394,3.7404394,3.6304395,4.6604395,7.0004396,3.6004395,3.3304396,4.0104394,2.9904394,4.1004395,4.3204393,3.9404395,4.0504394,3.8204393,2.8404396,3.1904395,2.5304394,2.3904395,2.1804395,2.7004395,1.7404394
1.7204394,1.1804395,0.32043946,2.3604395,1.3504394,1.0104394,-1.0295606,-0.78956056,-1.9895606,-1.1595606,-0.42956054,0.45043945,-0.62956053,-0.23956054,0.47043946,0.33043945,-0.5795605,-0.7695606,0.8504394,1.2304394,0.51043946,3.0004394,4.0604396,4.8504395,1.7304394,1.3304394,4.7604394,5.5004396,3.3904395,4.8304396,6.1504393,6.4004393,3.8604395,3.7504394,3.4504395,3.5504394,4.4204392,4.1704392,2.7804394,3.3104393,1.6304394
