wind_kz.json
{"header": {"discipline":0,"disciplineName":"Meteorological products","gribEdition":2,"gribLength":1025,"center":7,"centerName":"US National Weather Service - NCEP(WMC)","subcenter":0,"refTime":"2023-08-07T12:00:00.000Z","significanceOfRT":1,"significanceOfRTName":"Start of forecast","productStatus":0,"productStatusName":"Operational products","productType":1,"productTypeName":"Forecast products","productDefinitionTemplate":0,"productDefinitionTemplateName":"Analysis/forecast at horizontal level/layer at a point in time","parameterCategory":2,"parameterCategoryName":"UnknownDiscipline_0_Category_2","parameterNumber":3,"parameterNumberName":"UnknownParameter_D0_C2_3","parameterUnit":"Unknown","genProcessType":2,"genProcessTypeName":"Forecast","forecastTime":180,"surface1Type":103,"surface1TypeName":"Specified height level above ground","surface1Value":10.0,"surface2Type":255,"surface2TypeName":"Missing","surface2Value":0.0,"gridDefinitionTemplate":0,"gridDefinitionTemplateName":"Latitude_Longitude","numberPoints":615,"shape":6,"shapeName":"Earth spherical with radius of 6,371,229.0 m","gridUnits":"degrees","resolution":48,"winds":"true","scanMode":64,"nx":41,"ny":15,"basicAngle":0,"lo1":47.0,"la1":41.0,"lo2":87.0,"la2":55.0,"dx":1.0,"dy":1.0}, "data":
[rows 0 to 14 of 15, columns 0 to 40 of 41]
0.32959777,-2.0904021,3.0295978,4.349598,3.2795978,1.8295978,0.41959777,-0.9204022,-1.6104022,-0.5804022,-2.3204021,-1.9504023,-2.6204023,-3.600402,-3.850402,-4.570402,-5.340402,-5.590402,-6.670402,-3.2104023,-2.8204021,-2.5004022,3.2795978,-1.5104022,-2.3204021,-1.5404022,-1.5904022,-0.040402222,1.0395977,1.2895977,-2.4804022,-3.9404023,-2.110402,-1.0304022,-2.9804022,-4.900402,-4.7704024,-3.9904022,-2.7504022,-5.8304024,0.47959778
0.8295978,1.9395977,4.849598,6.6495976,5.039598,2.0095978,-1.1504022,1.1395978,-0.45040223,-0.6204022,-1.3204023,-2.850402,-2.7004023,-2.9304023,-4.420402,-4.1004024,-4.1404023,-5.1204023,-6.230402,-7.230402,-8.370402,-7.4304023,-0.9304022,0.8895978,-0.59040225,-2.0004022,-1.6404022,-1.0804023,-0.15040222,-0.4404022,0.95959777,1.1195978,-2.0504022,-4.070402,-4.050402,-4.210402,-2.9004023,-6.4704022,-4.0804024,-3.3804023,1.6295978
1.4195977,7.0695977,4.2795978,7.0295978,4.159598,1.9395977,1.1795977,0.2795978,0.9495978,-0.71040225,-1.4004022,-0.84040225,-1.3404022,-2.0304022,-2.3904023,-3.1804023,-3.360402,-3.860402,-4.9504023,-6.2204022,-3.7804022,-6.6204023,-4.130402,-2.7004023,-1.0704023,0.6695978,-0.18040222,0.19959778,-0.59040225,1.1895977,3.4995978,1.4995978,1.7995977,-0.71040225,-0.54040223,0.13959777,0.39959776,-2.6304023,-1.6504022,-1.5004022,-1.3504022
4.7495975,5.889598,3.6695979,6.509598,2.1795979,2.4995978,2.6795979,2.4895978,2.3795977,1.6095978,-0.060402222,-1.6304022,0.64959776,-0.05040222,-1.6704022,-2.7204022,-3.1704023,-3.4504023,-3.5504022,-4.320402,-4.320402,-5.800402,0.5095978,-1.2304022,-1.0804023,-0.7404022,-1.0204022,-1.4204022,1.6595978,2.1195977,-0.09040222,-0.13040222,-1.4904022,-0.05040222,-0.37040222,-1.2704022,1.0895978,2.9395978,-1.5304022,-0.9904022,-2.4404023
3.149598,4.159598,3.1295977,3.7895977,3.7895977,4.0695977,4.0695977,3.8595977,3.5995977,2.7895977,1.8295978,-0.6704022,-0.9404022,0.5795978,-1.0204022,-1.3004022,-1.8204023,-2.8204021,-2.9504023,-2.7304022,-2.9804022,-1.3204023,-0.78040224,-0.45040223,-0.2504022,-0.30040222,1.2895977,1.6895977,1.6195978,1.8295978,-0.060402222,0.24959777,1.8295978,2.3695977,0.2795978,-0.16040222,-1.8604022,1.1795977,1.3395978,-0.7404022,-3.0204022
1.4595978,2.0095978,3.0895977,2.6795979,5.7495975,6.989598,4.389598,4.099598,3.149598,2.7995977,1.8695978,1.1695977,-0.7004022,0.05959778,0.6695978,-1.0704023,-1.1204022,-1.9804022,-1.8004022,-0.3804022,-1.8704022,-1.3304023,-1.0004022,-0.6304022,-0.7404022,-0.020402221,1.6695977,3.7595978,2.4295979,2.1195977,2.4895978,1.6895977,2.3495977,2.5095978,2.5395977,4.539598,1.2995977,-2.4704022,-3.6604023,-1.4104022,-0.60040224
2.899598,3.0295978,2.3495977,1.7995977,4.579598,4.7295976,5.3795977,4.719598,3.9195979,3.7595978,2.9395978,1.5795978,1.0095978,-0.03040222,-0.8004022,-0.22040223,-0.20040222,-1.9404023,-2.7404022,-1.6604022,-2.1704023,0.71959776,0.38959777,-0.060402222,-1.3804022,-1.3804022,-3.3404021,-2.2404022,2.7795978,2.9495978,2.4595978,1.9495978,1.7695978,2.2195978,-0.6804022,-1.6904023,-2.3304021,-0.79040223,-1.2304022,-1.9004022,-6.570402
3.1695979,3.5995977,3.1695979,2.8695977,3.2395978,4.2795978,4.829598,4.539598,4.5495977,3.3195977,3.1095977,3.2195978,1.3795978,1.7495978,0.89959776,1.2995977,1.3195977,-0.09040222,-1.1604022,-1.5704023,-2.1304023,-1.4204022,-0.010402221,0.5495978,0.59959775,0.6895978,0.23959778,-1.5504022,-2.2104023,0.9495978,0.6295978,3.2695978,3.2095978,2.1595979,3.0795977,1.8995978,1.0095978,-0.8904022,-0.42040223,0.049597777,-1.0604023
3.4295979,3.0395977,2.389598,3.5895977,3.7295978,4.1695976,4.219598,4.0695977,2.7595978,3.2595978,2.3295977,1.4895978,0.4695978,2.0295978,1.7795978,1.1895977,1.2095978,1.4595978,1.8495978,1.2895977,1.8195977,-0.84040225,-0.3804022,-0.42040223,1.1095978,1.9895978,2.3595977,2.3795977,0.31959778,1.0695977,1.6095978,2.4095979,4.4795976,3.4495978,3.4095979,2.2495978,-1.5004022,0.8695978,-2.3304021,-2.2004023,-1.3304023
-3.7104023,2.4495978,5.329598,4.119598,3.649598,4.0295978,4.1495976,3.2595978,3.4995978,3.3795977,3.0895977,2.639598,1.9295977,0.009597778,0.8795978,0.7295978,1.1495978,0.6095978,0.6995978,0.44959778,1.1395978,1.4795978,0.6795978,0.18959779,0.44959778,0.8795978,2.8495977,2.6195977,2.0195978,2.2695978,2.7795978,2.7895977,0.12959778,2.7195978,3.1095977,1.9695978,0.7595978,-0.32040223,0.8895978,0.7995978,1.1395978
-3.1304023,-3.4404023,-5.3104024,3.4195979,4.4795976,3.6995978,4.4795976,4.2495975,3.2195978,2.4595978,3.6195977,3.4295979,1.7495978,1.6595978,-0.53040224,0.6295978,0.5095978,0.12959778,0.37959778,0.15959778,-0.6804022,-0.97040224,-1.4204022,-1.1704022,-0.6104022,0.9895978,1.1095978,3.5095978,3.7895977,2.3495977,3.1795979,3.3095977,0.4695978,3.4095979,3.8595977,2.0995977,1.5195978,2.0995977,1.6295978,0.65959775,1.0595977
-1.5104022,-2.2504022,-3.1204023,-3.2204022,1.9695978,5.449598,5.239598,3.9995978,3.1995978,2.9595978,3.0095978,1.8395978,1.8495978,1.7395978,0.58959776,0.3395978,1.0295978,0.5095978,2.1195977,1.0095978,0.7395978,-1.2104023,-1.5404022,-0.35040224,-0.20040222,-1.1804023,3.1995978,3.0395977,4.1095977,3.7195978,3.6795979,3.3695977,1.2595978,3.0295978,2.7295978,2.4295979,2.9695978,3.3695977,2.4495978,2.0295978,1.3995978
-0.7704022,-0.43040222,-1.7104023,-1.5804023,-2.0804021,0.77959776,2.4995978,4.8195977,4.239598,2.7095978,2.3795977,2.0695977,2.6295977,2.0795977,0.90959775,0.21959777,0.9995978,0.51959777,2.0095978,1.5495977,2.2995977,1.9195977,1.1495978,0.15959778,-1.4804022,-0.5804022,-1.0104022,2.0995977,4.0295978,3.5795977,3.889598,3.6195977,2.8495977,2.6595979,3.3595977,2.6995978,2.2495978,2.2695978,3.0195978,2.4095979,1.3495978
-0.060402222,0.44959778,-0.45040223,-1.3904022,-1.8004022,-1.4804022,0.5495978,2.5495977,1.9495978,3.4195979,3.6095977,1.3795978,0.6295978,2.6095977,1.7895977,1.5395977,1.8595978,2.8595977,2.0895977,1.9495978,1.2195978,1.1095978,0.9795978,0.6695978,0.20959778,-0.78040224,-0.26040223,1.7995977,3.3695977,3.5695977,2.9995978,3.8495977,3.3395977,2.4395978,2.6595979,2.8095977,1.6695977,1.9595978,1.8195977,2.1095977,2.5895977
0.83959776,1.1695977,0.84959775,1.3195977,-0.120402224,-0.07040222,-0.3104022,0.3095978,0.8195978,0.53959775,1.0895978,2.4595978,2.8595977,0.52959776,2.3295977,1.7095978,1.4395977,1.6595978,3.2895977,1.8795978,0.9895978,0.41959777,-0.14040223,0.6795978,0.42959777,-0.27040222,0.10959778,1.2695978,3.0595977,3.3095977,3.6095977,4.009598,3.399598,3.4595978,2.2495978,3.7495978,3.139598,2.8795977,2.6795979,2.2595978,1.3095977
