wind.json
{"header": {"discipline":0,"disciplineName":"Meteorological products","gribEdition":2,"gribLength":1125,"center":7,"centerName":"US National Weather Service - NCEP(WMC)","subcenter":0,"refTime":"2023-06-27T18:00:00.000Z","significanceOfRT":1,"significanceOfRTName":"Start of forecast","productStatus":0,"productStatusName":"Operational products","productType":1,"productTypeName":"Forecast products","productDefinitionTemplate":0,"productDefinitionTemplateName":"Analysis/forecast at horizontal level/layer at a point in time","parameterCategory":2,"parameterCategoryName":"UnknownDiscipline_0_Category_2","parameterNumber":3,"parameterNumberName":"UnknownParameter_D0_C2_3","parameterUnit":"Unknown","genProcessType":2,"genProcessTypeName":"Forecast","forecastTime":120,"surface1Type":103,"surface1TypeName":"Specified height level above ground","surface1Value":10.0,"surface2Type":255,"surface2TypeName":"Missing","surface2Value":0.0,"gridDefinitionTemplate":0,"gridDefinitionTemplateName":"Latitude_Longitude","numberPoints":688,"shape":6,"shapeName":"Earth spherical with radius of 6,371,229.0 m","gridUnits":"degrees","resolution":48,"winds":"true","scanMode":64,"nx":43,"ny":16,"basicAngle":0,"lo1":45.0,"la1":40.0,"lo2":87.0,"la2":55.0,"dx":1.0,"dy":1.0}, "data":
[rows 0 to 15 of 16, columns 0 to 42 of 43]
-3.8838744,2.1561255,2.7461255,4.3961253,2.0361254,3.1761255,0.12612548,-4.8238745,-7.4838743,-4.2438745,-3.9738746,-1.8038745,-3.1938746,-2.7738745,-3.2338746,-3.1538744,-3.9738746,-4.5738745,-7.7738743,-8.233874,-9.023874,-3.5438745,-3.0638745,0.03612549,3.1261256,2.5261254,3.2261255,1.2161255,2.2061255,-0.2838745,-0.51387453,-1.1538745,-1.5538745,-1.4638745,1.6861255,1.3461255,2.5561254,0.47612548,-2.0538745,2.0161254,-0.8138745,-0.69387454,0.086125486
1.3661255,-0.2838745,3.7261255,-2.5538745,3.1461256,8.116125,3.7661254,-3.1538744,-5.6138744,-5.6338744,-3.1038744,-2.9738746,-2.9438746,-2.9438746,-2.2138746,-3.3338745,-3.7638745,-4.3438745,-7.5338745,-8.453875,-7.2538743,-6.6838746,-7.5138745,-3.4438746,-1.4938745,-2.0938745,-2.2738745,-0.3238745,-0.9738745,2.0261254,1.9461255,-0.6838745,-1.4538745,-0.4738745,1.2561255,-2.4438746,0.86612546,0.9461255,-0.50387454,-1.3738745,0.7261255,-1.1538745,-1.8238745
-0.5838745,-3.0538745,4.9961257,-0.23387451,6.3361254,5.6361256,3.3961256,-0.88387454,-2.9738746,-4.0938745,-3.1438744,-2.6438744,-2.6238744,-2.5338745,-2.9438746,-2.7538745,-2.9938745,-3.9738746,-2.9838746,-4.0238743,-7.4938745,-7.6038747,-7.5138745,-7.5938745,-1.1138746,0.7061255,-0.5438745,-3.9038744,-4.9238744,-1.3438745,-0.0038745117,1.1661255,2.4261255,0.8861255,-1.2138745,-1.9138745,-2.7738745,-1.9438745,-1.1638745,-2.0438745,-1.0038745,-2.2238746,3.2161255
2.6661255,2.5761254,2.3961256,3.2261255,2.9561255,3.7361255,2.1061256,-0.27387452,-1.1038746,0.09612549,-1.6838745,-1.7138745,-2.6238744,-3.1338744,-1.8938745,1.9061255,-1.0838745,-2.2238746,-2.1538744,-2.3438745,-3.7938745,-4.9838743,-5.1238747,-4.2538743,-1.2838745,3.6561255,0.2261255,3.6161256,4.9661255,-0.33387452,0.07612549,3.2561255,2.5361254,0.92612547,2.6961255,-2.2938745,-0.33387452,3.9561255,3.1061256,-0.4238745,0.7261255,0.046125486,0.7861255
3.3861256,2.6861255,2.0661254,4.1961255,3.9661255,3.3861256,0.80612546,-0.36387452,-4.7538743,-4.5638747,-5.6138744,-3.8338745,-3.5138745,-3.0038745,-2.1138744,1.8861254,0.6061255,-0.39387453,-1.6438745,-1.8238745,-2.3338745,-2.5338745,-3.5938745,-1.8838745,-7.2838745,-0.8738745,-2.0838745,-1.9938745,3.0161254,0.61612546,2.0461254,-0.5838745,-0.43387452,-2.0038745,-2.0338745,1.6461254,0.9361255,-3.9838746,-1.0138745,2.5361254,1.2661254,1.7861255,2.6661255
1.1061255,6.8361254,7.2161255,7.3261256,6.4161253,5.2261257,1.8761255,-1.1138746,-1.4238745,-2.0638745,-2.2838745,-2.3938744,-2.3938744,-1.4238745,-0.11387451,2.0761254,2.6561255,0.5161255,-0.6438745,-2.6038744,-2.4438746,-2.6438744,-1.5438745,-0.7138745,-3.6938746,-4.0338745,-4.7838745,1.7061255,-0.0038745117,-0.6138745,-2.4538746,-2.7238746,-2.3838744,-0.093874514,2.8261254,2.7861254,-0.57387453,-2.1038744,-0.9338745,-1.1838745,3.5061255,2.8461256,0.5461255
-1.4338745,0.16612549,3.2161255,5.8261256,6.9261255,5.6961255,4.3561254,3.0661254,0.9561255,-0.3438745,-2.1838746,-1.7138745,-0.9738745,-1.2438745,-1.6938745,-2.5938745,0.1461255,2.7461255,0.8961255,-2.9638746,-4.9838743,-5.0938745,-3.2538745,-3.1138744,-4.2838745,0.6861255,4.4061255,0.4061255,-0.17387451,0.056125488,-0.2838745,-1.6838745,-3.0238745,-4.7238746,-2.2238746,-0.03387451,2.0261254,-0.63387454,3.9761255,1.2761254,-1.9938745,-0.7038745,-0.9338745
-0.23387451,-0.23387451,0.03612549,0.7261255,0.5661255,2.0261254,6.6261253,3.6261256,3.5961256,2.3061254,1.2661254,1.0261254,-1.4038745,-3.0338745,-3.3838744,-2.8938744,-5.1938744,-0.82387453,1.5661255,-2.4738746,-4.8738747,-4.1138744,3.2961254,-2.0638745,-4.8338747,3.5261254,5.0361257,1.4461255,0.3661255,0.06612549,-0.5338745,-0.9838745,-3.6238744,-6.2638745,-7.0638747,-2.7038746,-2.2538745,-2.2138746,-5.1938744,-3.5038745,-0.5338745,1.5261254,-2.6638746
-0.7438745,-0.21387452,-0.013874512,-0.7038745,-3.4038744,-4.4738746,-3.8738744,0.12612548,-0.23387451,-0.7138745,-1.2538745,-0.51387453,-1.7838745,-2.0238745,-3.0838745,-4.6138744,-7.2338743,-5.3338747,-1.4038745,-1.7638745,-6.1638746,0.6461255,0.06612549,1.2961255,-1.9838746,6.9061255,4.8161254,2.1461256,3.0561254,0.35612547,-0.20387451,-0.5538745,-1.9938745,-2.7338746,-4.7638745,-4.8238745,-1.7338746,1.5461255,0.17612548,-2.1138744,1.4161255,1.0861255,-1.5738745
1.2761254,0.7761255,-1.3538746,-1.6738745,-0.6038745,-2.1738746,-1.5138745,-2.0738745,-1.0438745,0.07612549,-1.4838746,-2.2038746,1.4261255,-0.2838745,-1.3638746,-2.8438745,-4.1238747,-6.0838747,-6.4838743,-3.3438745,-4.3838744,-3.5338745,-1.9538745,-2.9738746,0.21612549,4.4961257,3.1561255,3.3161254,3.0061255,2.6761255,3.6361256,1.1461254,-0.9538745,-1.2138745,-0.9638745,-2.8938744,-1.8238745,-0.6838745,-4.0938745,-0.7038745,-1.5638745,-2.1638746,-3.4838746
1.7961255,2.5161254,2.6061256,-0.37387452,-1.5638745,-1.2138745,-0.39387453,-0.3538745,-0.0038745117,1.2561255,0.5461255,0.34612548,-2.5238745,2.5161254,-0.2538745,-1.8938745,-2.5338745,-3.7138746,-5.8938746,-5.6438746,-5.1538744,-0.21387452,-3.2138746,-4.6038747,5.0361257,0.7261255,1.8061255,1.2061255,1.8061255,3.5961256,2.8061254,1.0961255,1.1161255,0.3061255,-1.7538745,-3.6438744,-2.8938744,-0.2838745,0.3261255,-4.1638746,-2.0238745,0.37612548,0.5361255
1.2961255,-0.9738745,-2.0638745,-0.9138745,-0.36387452,-0.043874513,-0.7238745,-0.4838745,0.21612549,0.7561255,0.73612547,-0.5838745,2.1061256,2.6861255,1.5161254,0.6561255,-0.43387452,-1.7138745,-3.1638746,-5.1438746,-6.4038744,-2.9038744,-6.0238743,-0.40387452,3.6661255,2.4861255,1.0361255,2.3961256,2.1161256,3.6261256,2.3861256,1.6961255,1.3961254,0.3361255,-1.1638745,-2.7838745,-3.5338745,-2.6538744,-0.5438745,1.8961254,-0.14387451,-0.36387452,-0.39387453
-0.11387451,-0.023874512,-0.123874515,-0.03387451,-0.10387451,0.11612549,0.4261255,1.0861255,0.3661255,0.5061255,-0.17387451,1.6961255,-1.1638745,0.47612548,1.5561255,1.9461255,0.8461255,0.99612546,-0.15387452,-2.7738745,-3.6938746,-0.3438745,-2.9538746,-6.2938747,3.7661254,2.8861256,2.7161255,1.4861255,4.0261254,4.1261253,2.6361256,2.5161254,1.6661255,1.0761255,-0.3538745,-1.8538746,-1.6938745,-2.5938745,-1.6938745,0.31612548,1.6461254,1.0961255,0.8261255
1.5561255,1.0461255,0.9061255,0.6461255,-0.1638745,0.6261255,0.5661255,0.3061255,0.6461255,0.73612547,2.0461254,1.8661255,1.1961255,1.2861255,2.4661255,1.4261255,1.1161255,0.80612546,-0.07387451,0.35612547,-2.6138744,-2.4138746,-0.9238745,-0.093874514,5.0361257,4.3261256,3.4361255,4.5061255,4.8461256,2.8261254,3.5661254,2.3261254,1.9961255,2.1361256,0.9061255,-0.7038745,-1.1138746,-1.6938745,-2.2338746,-1.1238745,-1.9738746,-0.9938745,0.38612548
1.0561255,1.5161254,1.5461255,1.1261255,0.6661255,0.3961255,0.47612548,0.41612548,1.7661254,0.9561255,1.9461255,2.8461256,2.1161256,1.1961255,1.3661255,2.4661255,2.6161256,2.2361255,1.9461255,0.4561255,-1.4738746,1.2261255,-2.1738746,1.2361255,2.3761256,5.3661256,3.6061256,4.6261253,4.1061254,3.3861256,4.0061255,3.1161256,2.3061254,2.5961256,1.2861255,1.6861255,-0.5538745,-1.2838745,-0.5438745,-1.3238745,-2.3938744,-1.7038745,-1.2638745
-0.22387451,-0.2538745,0.11612549,0.4661255,-0.5338745,0.41612548,0.5261255,1.2161255,2.2361255,1.8761255,1.5461255,1.7461255,2.2161255,2.8661256,2.5161254,0.2961255,3.5661254,3.2161255,3.4561255,3.0461254,1.2461255,0.10612549,1.5061255,3.2361255,1.8561255,4.9361253,4.4861255,4.5261254,4.7361255,3.6061256,2.7361255,2.7861254,3.5561254,2.2961254,2.5461254,2.0661254,1.6161255,1.0161254,0.5961255,0.1461255,0.28612548,-1.9638745,-1.4738746
