wind_kz.json
{"header": {"discipline":0,"disciplineName":"Meteorological products","gribEdition":2,"gribLength":1102,"center":7,"centerName":"US National Weather Service - NCEP(WMC)","subcenter":0,"refTime":"2025-04-06T00:00:00.000Z","significanceOfRT":1,"significanceOfRTName":"Start of forecast","productStatus":0,"productStatusName":"Operational products","productType":1,"productTypeName":"Forecast products","productDefinitionTemplate":0,"productDefinitionTemplateName":"Analysis/forecast at horizontal level/layer at a point in time","parameterCategory":2,"parameterCategoryName":"UnknownDiscipline_0_Category_2","parameterNumber":3,"parameterNumberName":"UnknownParameter_D0_C2_3","parameterUnit":"Unknown","genProcessType":2,"genProcessTypeName":"Forecast","forecastTime":120,"surface1Type":103,"surface1TypeName":"Specified height level above ground","surface1Value":10.0,"surface2Type":255,"surface2TypeName":"Missing","surface2Value":0.0,"gridDefinitionTemplate":0,"gridDefinitionTemplateName":"Latitude_Longitude","numberPoints":615,"shape":6,"shapeName":"Earth spherical with radius of 6,371,229.0 m","gridUnits":"degrees","resolution":48,"winds":"true","scanMode":64,"nx":41,"ny":15,"basicAngle":0,"lo1":47.0,"la1":41.0,"lo2":87.0,"la2":55.0,"dx":1.0,"dy":1.0}, "data":
[rows 0 to 14 of 15, columns 0 to 40 of 41]
-2.7103467,2.2896533,-3.7703466,-12.440347,-12.040347,-12.050346,-7.050347,-1.0303466,0.25965333,-4.9503465,-3.7903466,7.1896534,7.369653,4.389653,3.2096534,2.9096534,2.1396532,-0.69034666,-0.6003467,-0.20034668,1.1496533,0.7896533,-0.6603467,-1.9703467,-1.9203467,-1.3203467,-1.8403467,1.0096533,2.2296534,3.5596533,0.21965332,0.7696533,1.4896533,-2.7603467,-3.9403467,-2.4603467,-0.5303467,0.18965332,-0.14034668,1.1296533,2.8196533
4.489653,-1.2003467,-10.440347,-10.740347,-11.700347,-11.120347,-6.4703465,4.8996534,-4.490347,-5.880347,1.0796533,2.2396533,6.1096535,4.8796535,4.3296533,2.6296532,1.4096533,0.29965332,-0.40034667,0.23965332,-0.12034668,-1.5903467,0.9496533,1.6796533,-2.6903467,-0.48034668,-2.3103466,1.5896534,0.6396533,2.0696533,5.199653,5.3996534,1.2796533,1.4696534,2.6396532,-0.04034668,-0.8303467,-3.7603467,-1.5203466,-2.4503467,1.1896533
-3.4303467,-9.230347,-9.700347,-10.880346,-10.150347,-7.2003465,-6.820347,-0.10034668,3.3296533,-4.6403465,2.1996534,4.009653,3.8496532,6.259653,5.509653,4.4996533,2.6696534,3.1196532,2.2696533,1.3096533,0.29965332,-1.1003467,-2.4303467,-1.2303467,0.109653324,0.55965334,-0.2503467,-0.3403467,-0.35034668,1.2596533,4.3196535,1.5196533,0.9496533,-0.19034667,-1.0503467,1.7796533,6.239653,0.29965332,1.2696533,-2.4603467,-2.3303466
-2.3603468,-7.800347,-8.390347,-9.470346,-8.830347,-9.370347,-7.2003465,-5.6403465,-5.380347,-3.0003467,-2.6903467,2.4696534,5.909653,6.3596535,5.4396534,4.139653,3.6496534,3.4996533,2.3996534,1.1196533,-1.8503467,-1.4803467,2.1796534,0.4996533,-0.7003467,-1.4103466,-2.0103467,-2.0703466,0.9096533,-0.19034667,-0.4103467,0.32965332,-1.6403466,-0.35034668,-0.62034667,-4.7503467,-4.010347,0.28965333,2.9996533,2.2496533,2.0896533
-2.5903466,-7.0003467,-7.8303466,-8.4303465,-6.9403467,-7.0403466,-6.010347,-1.3603467,-0.9703467,-2.1703467,-3.8603468,3.8296533,6.0196533,6.5796533,5.969653,5.7696533,4.2796535,2.9596534,1.2096534,0.5196533,1.2796533,1.5696533,0.5396533,-0.20034668,-0.35034668,-2.0003467,-2.4003468,-2.3303466,-2.2803466,-2.6503468,-0.9103467,0.42965332,1.8696533,4.3996534,-1.1603466,-1.6603466,0.24965332,-2.4703467,0.50965333,2.7296534,1.7996533
-2.1403468,-4.030347,-5.9203467,-6.7903466,-6.4303465,-7.5603466,-6.6003466,-7.7903466,-1.0003467,-0.32034668,-0.16034669,3.2496533,1.1596533,7.8996534,6.3196535,5.5196533,4.4796534,4.6696534,4.1696534,2.4496534,2.2796533,3.1496534,1.9596534,0.75965333,-0.14034668,-1.0003467,-1.6903467,-3.1603467,-3.4103467,-3.7103467,-3.2103467,-3.9003468,-2.5103467,-2.3603468,1.3996533,2.0996532,4.409653,4.3796535,-0.18034668,1.6196533,2.2196534
-1.7403467,-3.3703468,-5.380347,-4.7703466,-6.130347,-6.2203465,-7.1903467,-6.1603465,-4.070347,-1.0003467,-1.7903466,3.5696533,6.4796534,7.5296535,8.149653,7.8596535,7.7496533,6.0996532,5.4796534,4.2496533,3.0896533,1.8096533,2.5696533,1.9496533,0.92965335,0.28965333,-1.5603467,-2.2503467,-3.6603467,-2.9003468,-3.4103467,-4.610347,-4.2303467,-3.2403467,-2.1803467,-2.3403466,-3.5303466,-1.2803466,1.5196533,0.2796533,1.3496534
-1.6303467,-1.7803466,-4.5603466,-4.800347,-4.9703465,-6.240347,-5.4603467,-5.340347,-4.0003467,-1.3803467,-1.3603467,6.0196533,3.5196533,6.6896534,7.1696534,6.8996534,8.219653,7.8396535,6.2496533,6.6096535,3.1696534,2.5896533,2.4396534,2.6096532,2.7496533,2.1096532,1.6696533,-0.88034666,-1.9903467,-3.6803467,-2.6003466,-2.6503468,-2.5203466,-4.2103467,-0.88034666,0.15965332,-0.9103467,0.06965332,-0.27034667,0.6696533,-1.3103467
-3.0603466,-2.7003467,-3.4403467,-4.9003468,-5.5803466,-4.9203467,-4.7303467,-3.1503468,-2.6403468,-2.7503467,-0.07034668,4.5796533,2.8596532,3.7896533,6.3496532,7.0396533,8.589653,9.659654,8.429653,7.8996534,6.5896535,5.0896535,4.4796534,3.8296533,3.1896534,3.6996534,1.9296533,2.0196533,1.2596533,0.2796533,-0.82034665,-1.3803467,1.3096533,-0.8903467,-0.37034667,0.02965332,-2.4603467,-1.2603467,-0.7103467,-2.0103467,-3.7003467
-2.2103467,-3.0103467,-2.8903468,-3.8803468,-5.0803466,-5.9603467,-6.1703467,-5.0203466,-4.610347,-2.9503467,-0.3103467,1.4896533,3.9896533,4.7496533,5.6296535,7.0896535,8.339653,8.969653,8.979653,7.9396534,6.2696533,6.5196533,4.259653,4.7896533,4.3096533,3.8396533,3.1496534,2.0896533,2.0796533,2.7896533,2.6396532,2.1196532,2.1196532,-0.12034668,-0.12034668,0.14965332,-0.08034668,-2.4103467,-1.0903467,2.5696533,3.2496533
-0.12034668,-2.3903468,-3.4203467,-4.6203465,-4.610347,-5.2003465,-5.780347,-5.7303467,-3.9203467,-3.2803466,-1.7503467,1.4496533,3.9896533,8.679653,5.0596533,8.429653,7.5696535,6.7096534,9.579654,7.9796534,7.1296535,7.0496535,6.6496534,5.4996533,4.369653,4.219653,2.6896534,3.0196533,3.4296534,3.6396532,4.0696535,3.6196532,2.4296534,0.8996533,0.55965334,0.56965333,0.3696533,1.6296533,1.4696534,1.5296533,-0.14034668
0.2796533,-0.8503467,-1.9503467,-3.1203468,-4.1803465,-4.0403466,-5.2903466,-5.6903467,-4.1803465,-3.2903466,-1.5003467,1.0296533,3.8596532,6.159653,7.1896534,7.5896535,6.4596534,5.2996535,7.0396533,6.3596535,7.5396533,6.8496532,5.5496535,5.7096534,5.1296535,5.199653,4.489653,4.6096535,4.449653,3.8796532,4.1096535,4.0596533,2.7396533,2.3896532,0.81965333,-0.9003467,-0.15034668,1.2096534,1.8596534,1.6596533,0.7896533
0.67965335,-0.5503467,-2.1803467,-1.8603467,-1.8703467,-3.1803467,-4.300347,-5.5003467,-6.840347,-5.0203466,-1.9603467,0.9696533,4.259653,6.659653,6.869653,6.929653,7.369653,7.7496533,6.389653,6.869653,6.7796535,8.889653,8.049653,6.5196533,6.759653,5.679653,5.2496533,4.1896534,4.4596534,4.429653,4.2996535,4.2796535,3.9096534,3.0796533,2.9696534,2.7296534,1.7996533,0.6996533,1.3496534,0.86965334,0.4696533
0.80965334,0.3096533,-0.9203467,-1.3903466,-1.4403467,-1.2203467,-4.5803466,-4.9303465,-4.550347,-4.3103466,-0.7203467,-0.4403467,0.86965334,4.2996535,7.139653,8.739654,7.409653,9.169653,10.669653,10.879653,8.779654,8.599653,8.119654,8.109653,6.3796535,6.2696533,4.6296535,5.369653,4.8496532,5.179653,4.659653,4.429653,4.219653,4.3096533,2.9496534,3.3496532,2.4896533,1.6596533,1.6196533,1.7896533,1.1096534
1.0896534,0.7096533,-0.020346679,-1.7503467,-2.2703466,-1.1303467,-1.2603467,-5.2203465,-5.2203465,-3.6303468,-0.9203467,1.7796533,1.0596533,0.8496533,5.3796535,7.6096535,9.189653,9.099653,9.199654,9.109653,7.7996535,7.889653,7.6896534,7.7796535,6.9596534,6.5196533,6.409653,5.9996533,5.3996534,5.389653,4.8196535,5.239653,4.3496532,3.9596534,4.199653,4.5196533,3.8396533,3.3396533,2.3296533,3.2196534,1.2496533
