wind_kz.json
{"header": {"discipline":0,"disciplineName":"Meteorological products","gribEdition":2,"gribLength":871,"center":7,"centerName":"US National Weather Service - NCEP(WMC)","subcenter":0,"refTime":"2023-08-17T18:00:00.000Z","significanceOfRT":1,"significanceOfRTName":"Start of forecast","productStatus":0,"productStatusName":"Operational products","productType":1,"productTypeName":"Forecast products","productDefinitionTemplate":0,"productDefinitionTemplateName":"Analysis/forecast at horizontal level/layer at a point in time","parameterCategory":0,"parameterCategoryName":"UnknownDiscipline_0_Category_0","parameterNumber":0,"parameterNumberName":"UnknownParameter_D0_C0_0","parameterUnit":"Unknown","genProcessType":2,"genProcessTypeName":"Forecast","forecastTime":240,"surface1Type":1,"surface1TypeName":"Ground or water surface","surface1Value":0.0,"surface2Type":255,"surface2TypeName":"Missing","surface2Value":0.0,"gridDefinitionTemplate":0,"gridDefinitionTemplateName":"Latitude_Longitude","numberPoints":615,"shape":6,"shapeName":"Earth spherical with radius of 6,371,229.0 m","gridUnits":"degrees","resolution":48,"winds":"true","scanMode":64,"nx":41,"ny":15,"basicAngle":0,"lo1":47.0,"la1":41.0,"lo2":87.0,"la2":55.0,"dx":1.0,"dy":1.0}, "data":
[rows 0 to 14 of 15, columns 0 to 40 of 41]
301.0877,291.9877,295.68768,299.0877,298.5877,297.4877,299.7877,303.5877,302.18768,303.3877,301.5877,303.3877,302.68768,302.0877,301.5877,297.8877,297.18768,297.0877,297.0877,298.3877,298.2877,295.18768,294.9877,290.7877,294.68768,294.0877,291.18768,276.5877,279.18768,279.4877,276.0877,276.9877,289.9877,296.18768,298.4877,297.18768,298.8877,300.2877,300.5877,300.68768,299.7877
278.3877,298.2877,298.4877,298.7877,298.7877,297.2877,301.18768,301.0877,301.2877,300.9877,301.18768,300.18768,298.8877,297.18768,294.8877,295.9877,295.0877,295.2877,293.8877,295.8877,296.0877,296.4877,293.5877,286.7877,277.9877,276.7877,286.2877,278.8877,280.68768,274.8877,280.5877,272.8877,282.9877,259.4877,280.0877,296.2877,294.68768,297.8877,301.4877,293.0877,284.2877
298.18768,298.68768,299.2877,298.7877,296.4877,298.68768,299.7877,300.4877,300.0877,299.3877,298.9877,298.7877,294.68768,296.7877,296.8877,294.68768,294.9877,292.68768,292.9877,294.2877,294.4877,294.2877,293.2877,290.18768,290.68768,291.18768,291.3877,291.4877,290.7877,283.2877,275.8877,276.9877,281.9877,280.7877,283.9877,284.9877,277.4877,278.8877,280.18768,276.7877,277.18768
300.4877,299.3877,299.0877,297.9877,296.2877,297.0877,299.5877,299.68768,303.5877,299.8877,299.0877,296.7877,295.4877,294.5877,295.18768,295.8877,297.4877,293.8877,292.68768,293.3877,290.68768,289.5877,296.2877,296.5877,293.2877,294.5877,295.9877,294.4877,292.8877,294.18768,292.5877,292.3877,296.18768,292.68768,289.18768,289.7877,276.3877,275.5877,281.18768,289.68768,293.0877
294.2877,299.3877,299.3877,298.68768,298.3877,299.3877,299.5877,301.18768,301.0877,300.9877,299.4877,296.9877,295.68768,294.2877,291.5877,294.68768,295.3877,293.8877,287.68768,294.8877,295.2877,295.4877,293.7877,294.9877,293.9877,295.0877,293.18768,293.7877,292.68768,294.0877,297.18768,291.8877,281.5877,272.0877,283.18768,292.5877,294.8877,296.9877,296.68768,297.0877,296.5877
289.7877,289.18768,297.9877,298.0877,298.3877,298.2877,298.4877,301.2877,302.4877,301.4877,300.7877,297.7877,294.8877,294.8877,293.68768,292.5877,295.0877,294.7877,292.68768,294.4877,293.18768,292.9877,293.18768,292.8877,292.3877,292.18768,291.8877,293.5877,294.8877,296.2877,294.2877,295.68768,293.2877,291.0877,289.2877,292.2877,285.0877,286.7877,293.3877,294.7877,293.7877
287.18768,287.68768,291.18768,298.5877,298.0877,297.9877,297.8877,298.7877,300.3877,301.7877,300.0877,297.8877,296.0877,294.5877,292.8877,294.4877,295.3877,295.8877,294.3877,293.5877,293.2877,293.8877,293.9877,293.7877,291.8877,291.5877,291.7877,293.2877,292.0877,291.9877,292.9877,292.9877,293.0877,293.5877,291.3877,290.18768,284.4877,281.4877,278.8877,277.9877,288.68768
286.8877,286.68768,289.2877,290.68768,295.4877,293.18768,291.9877,291.68768,293.3877,294.2877,292.3877,292.2877,290.7877,292.2877,293.18768,293.2877,294.0877,294.4877,293.9877,291.7877,291.5877,291.3877,291.68768,291.68768,289.8877,287.18768,287.8877,288.5877,288.4877,290.5877,289.4877,290.5877,288.68768,285.9877,285.7877,288.4877,289.68768,289.2877,288.0877,288.5877,284.2877
284.0877,283.8877,285.0877,285.0877,286.4877,287.0877,286.5877,286.8877,287.2877,287.3877,287.0877,287.7877,287.8877,289.2877,289.3877,290.3877,289.0877,288.8877,290.4877,288.9877,290.0877,291.9877,292.0877,292.18768,288.8877,287.9877,285.18768,283.68768,283.0877,282.8877,285.68768,286.7877,287.9877,288.7877,287.4877,285.9877,285.0877,284.4877,272.68768,272.7877,270.3877
283.8877,283.7877,284.2877,284.18768,284.0877,284.5877,284.9877,284.8877,284.3877,284.18768,283.8877,283.9877,284.8877,285.7877,287.18768,288.5877,288.4877,288.18768,288.0877,288.3877,287.8877,289.4877,289.4877,293.5877,292.4877,290.5877,289.0877,287.4877,286.4877,286.18768,283.68768,287.2877,289.2877,289.4877,288.0877,285.5877,283.9877,278.4877,275.2877,276.7877,274.8877
283.68768,284.68768,284.5877,285.9877,285.9877,286.2877,285.68768,286.4877,285.7877,286.0877,285.3877,285.7877,286.5877,285.7877,286.4877,285.4877,284.7877,285.0877,285.9877,285.7877,286.0877,286.68768,287.0877,288.2877,290.7877,288.68768,285.5877,288.4877,288.68768,290.18768,289.3877,290.3877,289.0877,288.3877,287.4877,285.2877,280.8877,277.4877,277.0877,277.2877,275.0877
284.68768,285.9877,286.18768,286.7877,283.8877,283.5877,283.4877,283.8877,284.18768,283.68768,280.7877,282.0877,282.9877,282.3877,282.3877,283.0877,283.68768,283.5877,283.4877,282.9877,283.8877,284.2877,284.0877,286.18768,286.9877,287.7877,287.3877,288.8877,290.9877,291.2877,289.3877,289.18768,288.9877,286.0877,286.18768,284.3877,283.7877,282.3877,282.2877,282.3877,282.3877
283.7877,284.5877,284.2877,284.5877,285.9877,283.18768,281.3877,281.2877,280.2877,278.68768,276.7877,274.0877,278.0877,277.3877,279.4877,279.5877,280.7877,280.9877,281.8877,280.18768,280.7877,281.8877,283.0877,285.18768,286.9877,287.18768,288.0877,287.68768,289.18768,288.9877,287.3877,287.2877,285.7877,284.4877,284.0877,283.8877,283.3877,283.8877,281.8877,282.0877,282.8877
284.2877,285.0877,287.8877,284.7877,284.2877,284.18768,280.7877,279.18768,278.0877,277.18768,275.18768,272.7877,274.5877,276.9877,278.18768,279.3877,279.68768,281.8877,282.18768,281.0877,279.7877,281.2877,284.3877,285.18768,286.0877,287.18768,286.4877,288.18768,286.9877,286.3877,285.4877,284.2877,283.7877,282.18768,281.8877,281.0877,282.4877,282.5877,281.9877,282.0877,283.0877
284.18768,285.4877,290.7877,283.0877,282.9877,282.4877,279.9877,280.8877,278.4877,278.0877,277.4877,275.9877,276.4877,280.4877,279.3877,280.7877,282.0877,281.8877,282.68768,282.2877,281.3877,281.18768,283.18768,284.3877,284.3877,284.5877,286.4877,286.18768,286.8877,283.8877,283.18768,282.9877,281.5877,281.5877,281.68768,283.8877,285.7877,283.5877,285.5877,283.5877,283.7877
