wind_kz.json
{"header": {"discipline":0,"disciplineName":"Meteorological products","gribEdition":2,"gribLength":1025,"center":7,"centerName":"US National Weather Service - NCEP(WMC)","subcenter":0,"refTime":"2023-09-23T06:00:00.000Z","significanceOfRT":1,"significanceOfRTName":"Start of forecast","productStatus":0,"productStatusName":"Operational products","productType":1,"productTypeName":"Forecast products","productDefinitionTemplate":0,"productDefinitionTemplateName":"Analysis/forecast at horizontal level/layer at a point in time","parameterCategory":2,"parameterCategoryName":"UnknownDiscipline_0_Category_2","parameterNumber":3,"parameterNumberName":"UnknownParameter_D0_C2_3","parameterUnit":"Unknown","genProcessType":2,"genProcessTypeName":"Forecast","forecastTime":180,"surface1Type":103,"surface1TypeName":"Specified height level above ground","surface1Value":10.0,"surface2Type":255,"surface2TypeName":"Missing","surface2Value":0.0,"gridDefinitionTemplate":0,"gridDefinitionTemplateName":"Latitude_Longitude","numberPoints":615,"shape":6,"shapeName":"Earth spherical with radius of 6,371,229.0 m","gridUnits":"degrees","resolution":48,"winds":"true","scanMode":64,"nx":41,"ny":15,"basicAngle":0,"lo1":47.0,"la1":41.0,"lo2":87.0,"la2":55.0,"dx":1.0,"dy":1.0}, "data":
[rows 0 to 14 of 15, columns 0 to 40 of 41]
1.5747753,-1.7652246,4.2147756,3.5547755,1.7047753,0.4447754,-0.46522462,-0.6352246,-1.3752246,-1.3852246,-1.1252246,-1.4852246,-2.7952247,-3.1952245,-3.6952245,-4.195225,-3.9052246,-3.7552247,-4.5052247,-2.5052247,-5.5452247,-2.5352247,-1.9552246,1.3347754,0.43477538,-1.7252246,1.6347754,2.6547754,-0.11522461,2.9547753,2.1747754,2.0347755,0.5747754,2.6647754,3.0647755,2.7447753,0.85477537,0.79477537,-1.4152246,-2.8852246,3.1847754
4.4147754,-1.0852246,6.7947755,2.3747754,0.6947754,1.7047753,0.12477539,0.06477539,-0.4752246,-2.9052246,-2.4052246,-3.1852245,-4.2652245,-4.2952247,-3.9452245,-3.6952245,-3.7352247,-4.5152245,-4.695225,-5.0452247,-4.5852246,-2.8752246,-2.3352246,1.2947754,2.8447754,-1.7152246,1.7047753,2.1447754,-1.2452246,1.5547754,0.05477539,2.4047754,0.7247754,-0.4952246,-0.9152246,-0.5452246,-0.9152246,-0.9252246,-0.19522461,-1.3352246,0.8747754
2.1947753,6.0347753,3.7147753,3.5047753,3.0447755,2.0547755,0.7747754,0.60477537,0.2547754,-0.07522461,-1.5052246,-2.1552246,-3.3552246,-3.8452246,-4.5952244,-4.6852245,-3.2952247,-4.2452245,-3.6552246,-3.1752245,-4.135225,-3.6352246,-2.0152247,-1.6652246,-0.13522461,0.5047754,5.0847754,1.0247754,0.3247754,-1.6952246,0.11477539,-1.9152246,-0.8852246,1.3647754,-2.2152245,-1.1252246,-0.6152246,-2.9752245,-1.0952246,0.67477536,0.014775391
3.4847753,4.7347755,3.1547754,2.8547754,1.4047754,0.3947754,0.9447754,-0.5352246,-0.8552246,2.2547753,0.8247754,-1.0052246,-2.5952246,-4.6852245,-4.135225,-3.2052245,-3.8552246,-2.7652247,-2.6352246,-2.8952246,-2.9252245,-1.1852247,-1.7352246,-3.5252247,-2.4952247,1.5447754,5.0347753,0.28477538,2.9647753,-0.9952246,-3.3352246,-2.3552246,-0.24522461,1.3847754,0.4447754,0.12477539,-0.2352246,-0.25522462,-0.4552246,1.2247754,0.8947754
1.1647754,0.9347754,2.6147754,2.1647754,0.5147754,0.40477538,0.6947754,1.4447753,0.5247754,-0.1252246,1.8647754,1.6047754,-1.0852246,-3.4852247,-4.8252244,-3.5952246,-3.9352245,-3.4052246,-2.8752246,-3.0952246,-1.0652246,-1.8552246,-1.4352247,-3.5352247,-2.8352246,-3.6952245,-2.1252246,3.0047753,4.4247756,-0.3952246,-2.1652246,-1.5052246,0.4847754,3.1147754,-0.2752246,-1.3252246,-2.3152246,-0.2752246,-0.5552246,-3.0252247,-3.2252245
0.37477538,-0.085224606,1.4447753,1.4147754,1.3647754,1.8247753,0.14477539,0.6847754,-0.16522461,-1.3552246,-0.8152246,-0.5952246,1.6747754,-2.8652246,-3.1152246,-3.4052246,-4.635225,-5.7452245,-1.7052246,-3.0452247,-4.1452246,1.1147754,-1.0352246,-2.1652246,-2.9852247,-0.9752246,-2.9452245,-2.4952247,1.2447754,0.85477537,1.1347754,-1.8452246,-1.9452246,0.4547754,0.8047754,1.6447754,0.8647754,-0.9052246,1.2247754,-0.4152246,-3.0652246
1.8547754,1.3147753,1.6847754,1.6547754,2.2847755,1.8347754,1.9447753,1.3247753,0.5747754,0.5047754,-0.19522461,0.13477539,-2.1152246,-2.3552246,-3.0852246,-3.7252245,-5.1052246,-5.175225,-6.6452246,-3.7052245,-3.4752245,-2.5352247,-0.8152246,-1.2552246,-1.7652246,-1.8652246,-2.6852245,-3.1252246,-1.6552246,0.4247754,-1.0252246,-2.2452247,-2.1252246,-1.4552246,-1.8052247,0.8647754,0.2547754,-0.7452246,-0.3052246,-1.0552247,-1.9452246
3.8347754,3.4647753,3.3747754,3.0847754,2.6047754,2.8647754,3.0347755,2.7947755,2.3547754,1.5947754,-0.3652246,0.7247754,-0.5552246,-1.9652246,-2.9052246,-3.2052245,-3.9852247,-4.3352246,-4.2452245,-4.2252245,-3.9152246,-3.8452246,-2.8952246,-1.5752246,-0.13522461,-0.1552246,0.3947754,-0.51522464,-0.6752246,-0.04522461,-0.06522461,0.1847754,-2.5152247,-2.2552247,-2.0652246,-0.085224606,-0.5352246,-0.1552246,0.7447754,1.0947754,-2.0552247
3.2747755,3.6947753,2.9447753,2.2347753,2.3947754,2.5647755,2.4747753,1.9147754,0.9447754,1.4847754,0.5347754,0.4747754,-0.10522461,-0.6252246,-1.8152246,-2.4252245,-2.7952247,-3.1752245,-3.4452245,-3.2852247,-2.6952245,-3.7452247,-5.0252247,-4.445225,0.06477539,-1.8752246,0.4147754,1.5447754,1.5247754,0.9647754,0.8747754,1.5247754,1.5747753,0.6947754,0.5347754,-1.0352246,-2.9552245,-1.2552246,-1.4652246,-1.8552246,-3.3452246
3.3047755,3.4147754,3.3947754,3.2147753,2.8847754,2.4747753,1.6247754,1.0547754,0.92477536,0.5947754,-0.19522461,-0.6252246,-1.0552247,0.46477538,-1.1652246,-1.0752246,-1.9552246,-2.1552246,-3.0352247,-3.4752245,-3.3852246,-3.2352247,-2.7952247,-3.8652246,-3.8952246,-3.6452246,-1.2852246,0.2747754,-0.89522463,-0.3252246,0.8647754,1.3647754,1.6847754,1.4647754,2.8147755,1.4347754,0.3547754,-2.6252246,0.5947754,3.0547755,3.3347754
2.6947753,3.1447754,3.4847753,2.2147753,1.7447754,2.0247755,1.9747754,1.2147754,1.0047754,-0.3552246,0.6347754,0.3247754,-1.4352247,0.4547754,0.5947754,-0.1552246,-0.3952246,-1.0252246,-1.5152246,-2.0252247,-2.1452246,-2.5252247,-2.6852245,-2.7152245,-2.7652247,-2.5352247,-1.7752246,-2.1752245,-2.2852247,0.37477538,-0.9252246,1.4847754,0.1547754,-1.3252246,1.4847754,1.0947754,0.9347754,2.4047754,1.7947754,1.6747754,-0.1552246
2.0947754,2.4047754,3.0947754,3.3747754,2.8547754,1.6747754,1.3347754,0.98477536,0.8047754,0.8147754,1.0347754,-0.3352246,-1.4552246,-1.2652246,0.9547754,1.0047754,0.73477536,-0.11522461,-0.14522462,-0.4752246,-0.8352246,-1.4352247,-1.8152246,-1.5052246,-1.1352246,-1.2652246,-1.3852246,-2.3352246,-1.9152246,-2.5552247,-2.4952247,-1.8152246,0.2747754,0.3547754,-0.4552246,-0.6252246,1.5347754,2.6247754,2.6947753,3.1647754,1.8147753
2.8747754,3.2247753,3.4047754,2.9847753,2.4847753,1.5447754,1.5647753,2.1247754,1.9747754,1.5947754,0.8947754,0.12477539,0.0047753905,-1.1052246,-0.04522461,1.0847754,0.9647754,0.6647754,0.13477539,0.2947754,0.4747754,0.37477538,0.4147754,0.3547754,0.3647754,1.0747753,0.79477537,-0.4252246,-1.4152246,-2.0352247,-1.9452246,-1.3152246,-1.2952247,-1.0952246,-0.6552246,-0.4452246,-0.5352246,1.1247754,0.9747754,1.1347754,1.5847754
2.9647753,3.0847754,3.5847754,4.2647753,2.8847754,2.8047755,2.2947755,2.6347754,2.4547753,2.3547754,2.2447753,0.19477539,-0.16522461,0.06477539,-1.0652246,0.5147754,0.2747754,0.3247754,-0.16522461,0.37477538,0.5347754,0.7647754,0.8947754,1.0347754,0.7447754,1.4047754,1.7947754,1.6147754,1.0247754,0.3347754,0.13477539,0.37477538,-0.0052246093,-0.9252246,-1.1752247,-1.4952246,-1.5952246,-0.51522464,0.3947754,1.1547754,1.0647753
3.1647754,3.5247755,3.5947754,3.8247755,4.4747753,4.4247756,3.9847753,3.3047755,3.0147753,2.5647755,2.1947753,3.1347754,2.4947753,1.0247754,0.73477536,0.4247754,-0.05522461,0.1547754,0.3647754,0.40477538,0.12477539,0.40477538,-0.16522461,0.024775391,0.7847754,0.8347754,1.5647753,2.2247753,2.1147754,1.5847754,0.9347754,2.3447754,1.5447754,0.6247754,0.3047754,0.2747754,-0.09522461,0.19477539,-0.3052246,-0.6652246,0.73477536
