wind_kz.json
{"header": {"discipline":0,"disciplineName":"Meteorological products","gribEdition":2,"gribLength":1025,"center":7,"centerName":"US National Weather Service - NCEP(WMC)","subcenter":0,"refTime":"2025-04-05T12:00:00.000Z","significanceOfRT":1,"significanceOfRTName":"Start of forecast","productStatus":0,"productStatusName":"Operational products","productType":1,"productTypeName":"Forecast products","productDefinitionTemplate":0,"productDefinitionTemplateName":"Analysis/forecast at horizontal level/layer at a point in time","parameterCategory":2,"parameterCategoryName":"UnknownDiscipline_0_Category_2","parameterNumber":3,"parameterNumberName":"UnknownParameter_D0_C2_3","parameterUnit":"Unknown","genProcessType":2,"genProcessTypeName":"Forecast","forecastTime":60,"surface1Type":103,"surface1TypeName":"Specified height level above ground","surface1Value":10.0,"surface2Type":255,"surface2TypeName":"Missing","surface2Value":0.0,"gridDefinitionTemplate":0,"gridDefinitionTemplateName":"Latitude_Longitude","numberPoints":615,"shape":6,"shapeName":"Earth spherical with radius of 6,371,229.0 m","gridUnits":"degrees","resolution":48,"winds":"true","scanMode":64,"nx":41,"ny":15,"basicAngle":0,"lo1":47.0,"la1":41.0,"lo2":87.0,"la2":55.0,"dx":1.0,"dy":1.0}, "data":
[rows 0 to 14 of 15, columns 0 to 40 of 41]
-3.171377,-2.611377,4.308623,10.678623,8.288623,5.138623,3.088623,2.558623,1.838623,2.0086231,0.35862306,-0.111376956,-1.0713769,-2.061377,-2.921377,-4.121377,-4.851377,-2.161377,-4.6313767,-3.071377,-3.451377,-3.971377,-2.901377,-1.4713769,-1.9313769,-1.8113769,-1.741377,1.758623,2.178623,1.858623,-2.7713768,-2.691377,-0.121376954,-1.661377,-2.351377,-0.79137695,1.638623,1.8086231,1.2986231,-0.80137694,0.06862304
7.138623,4.808623,0.81862307,3.268623,7.288623,8.428623,2.9686232,5.978623,4.808623,3.618623,1.378623,-0.14137696,-0.5613769,-0.49137697,-2.601377,-2.5113769,-2.321377,-2.041377,-3.881377,-3.801377,-3.401377,-3.791377,-1.7013769,1.6586231,-2.2613769,0.39862305,-1.011377,2.338623,1.2786231,2.418623,6.5986233,5.288623,-1.0613769,-2.831377,-5.4013767,-2.181377,-2.2513769,-4.271377,-3.711377,-1.651377,1.0686231
0.9386231,-1.631377,0.32862306,3.058623,5.958623,5.928623,3.098623,4.238623,5.148623,3.2586231,2.7286232,2.378623,0.77862304,0.45862305,-1.0913769,-2.541377,-2.841377,-2.411377,-1.991377,-1.991377,-2.101377,-2.431377,-0.87137693,1.878623,1.018623,-1.3213769,0.63862306,1.378623,0.24862304,2.168623,4.448623,1.9086231,2.358623,-0.92137694,-0.07137695,0.10862305,1.248623,-1.3013769,0.35862306,-0.78137696,-0.30137694
0.34862304,-1.3313769,1.078623,3.518623,3.458623,2.638623,4.668623,4.788623,3.4786232,3.118623,2.528623,1.9286231,1.368623,-0.041376952,-0.631377,-2.4913769,-2.831377,-2.371377,-2.121377,-1.4513769,0.5586231,1.9486231,-1.791377,-1.9513769,-1.391377,1.388623,1.8086231,2.908623,4.268623,5.238623,5.948623,-0.571377,-2.401377,-2.561377,-1.3213769,-0.87137693,0.69862306,3.838623,4.028623,1.368623,2.288623
0.37862304,0.39862305,-0.15137695,-0.30137694,1.958623,1.0486231,0.45862305,2.558623,2.638623,2.168623,2.418623,3.158623,0.77862304,1.338623,-1.031377,-2.7613769,-2.7613769,-1.981377,-0.67137694,0.098623045,1.258623,0.53862303,2.178623,1.1986231,1.1586231,1.338623,2.878623,2.138623,2.708623,4.0986233,7.588623,3.818623,3.798623,3.5086231,-1.131377,-1.661377,0.22862305,0.24862304,2.198623,2.518623,-0.27137697
1.6786231,0.63862306,-0.6913769,-0.031376954,-0.35137695,0.34862304,1.1986231,2.098623,1.7786231,2.428623,1.708623,0.90862304,-1.911377,0.058623046,-0.52137697,-1.5913769,-1.541377,-0.891377,-2.191377,-2.291377,-1.121377,0.77862304,1.328623,2.268623,3.198623,3.848623,3.658623,4.138623,2.788623,2.638623,7.1186233,5.168623,3.148623,1.888623,3.188623,2.9986231,2.838623,2.128623,-0.91137695,-1.601377,-0.38137695
1.248623,1.7886231,1.5286231,1.088623,0.70862305,0.81862307,1.1986231,1.0586231,0.798623,1.598623,1.768623,1.728623,1.0386231,-1.411377,-2.411377,-0.62137693,-1.041377,-1.281377,-2.891377,-3.851377,-1.761377,-0.10137695,0.9386231,0.91862303,2.4886231,2.658623,3.9986231,2.308623,1.328623,4.878623,4.308623,3.088623,1.098623,3.828623,-0.33137694,-1.4413769,-2.5013769,0.52862304,0.30862305,0.40862304,0.70862305
2.868623,2.4886231,2.288623,1.748623,1.898623,1.258623,0.12862305,1.0686231,1.978623,2.7186232,1.348623,0.988623,-1.2113769,-1.261377,-0.78137696,-1.3413769,-1.881377,-1.3113769,-3.341377,-2.321377,-2.691377,-1.391377,0.548623,3.058623,3.918623,4.108623,5.378623,2.888623,1.748623,3.928623,4.738623,6.198623,3.458623,2.548623,1.4386231,0.8086231,-0.26137695,1.6686231,-0.66137695,0.64862305,-1.911377
3.5086231,3.588623,2.848623,2.638623,1.998623,1.9486231,1.488623,1.508623,0.70862305,-0.09137695,-1.121377,-0.21137695,-0.43137696,-1.501377,-1.481377,0.53862303,-1.0913769,-0.631377,-1.781377,-1.381377,-1.151377,0.08862305,0.59862304,3.418623,5.408623,6.588623,4.108623,6.548623,6.8686233,4.418623,5.918623,7.918623,5.418623,4.058623,3.568623,3.278623,-1.391377,1.2786231,0.9986231,0.39862305,-3.4913769
3.4986231,3.2186232,3.4686232,2.708623,2.368623,3.438623,3.558623,2.888623,0.9386231,0.858623,0.098623045,-1.0613769,-1.121377,-1.8213769,-2.071377,-1.411377,-2.201377,-4.081377,-2.7613769,-4.771377,-2.571377,0.53862303,-0.09137695,0.07862305,3.9986231,4.328623,6.258623,4.838623,2.4886231,2.408623,6.928623,4.178623,3.7386231,4.258623,3.158623,1.518623,1.0686231,-1.761377,-0.34137696,2.4686232,3.2286232
2.948623,3.788623,3.828623,2.818623,2.638623,2.938623,3.438623,2.358623,0.048623048,-0.28137696,0.56862307,0.82862306,-1.541377,-1.411377,-1.7113769,-1.781377,-3.691377,-3.2813768,-1.5713769,-2.931377,-7.511377,-4.041377,-2.121377,-0.46137697,0.30862305,3.898623,3.2586231,3.648623,2.278623,3.2586231,3.828623,3.7586231,4.378623,5.378623,4.638623,2.208623,1.348623,2.658623,1.998623,1.7986231,0.77862304
3.568623,4.1186233,3.9986231,3.938623,3.4786232,2.938623,2.648623,1.588623,-0.121376954,0.548623,-0.121376954,-1.3313769,-1.7013769,-1.5813769,-1.731377,-1.651377,-1.8113769,-2.731377,0.89862305,-1.121377,-2.541377,-2.671377,-2.611377,-1.611377,-0.17137696,0.72862303,3.458623,3.268623,3.038623,3.078623,3.528623,5.068623,4.438623,3.388623,3.288623,2.308623,2.028623,2.578623,2.688623,2.658623,1.718623
3.168623,1.9086231,2.598623,3.2586231,2.808623,1.458623,1.4186231,1.0686231,0.26862305,0.34862304,-0.051376954,-0.44137695,-1.041377,-2.621377,-3.0013769,-3.091377,-2.671377,-3.071377,-4.291377,-0.79137695,1.0486231,0.43862304,-0.14137696,0.12862305,0.91862303,1.898623,1.7886231,2.2486231,3.118623,3.308623,3.678623,4.298623,3.858623,3.668623,3.538623,3.2586231,2.458623,1.868623,2.358623,2.148623,1.6786231
2.398623,2.908623,3.028623,2.938623,2.138623,2.658623,2.178623,2.418623,0.8086231,0.10862305,0.76862305,-0.5013769,-0.77137697,-1.521377,-3.921377,-4.091377,-3.351377,-3.391377,-4.141377,-3.821377,-0.8113769,-0.09137695,0.71862304,1.228623,0.87862307,1.008623,1.258623,2.678623,3.2386231,3.528623,3.4886231,3.558623,3.888623,3.888623,2.828623,3.2286232,2.018623,0.738623,0.8086231,1.268623,0.95862305
2.018623,2.518623,1.868623,3.148623,3.428623,2.648623,2.4686232,1.988623,1.728623,1.2886231,0.47862303,-0.22137696,-0.10137695,-1.131377,-4.081377,-5.261377,-4.831377,-4.591377,-4.271377,-3.981377,-3.7713768,-1.411377,0.53862303,1.708623,1.9386231,1.748623,2.058623,3.2586231,3.418623,3.4686232,3.428623,3.818623,3.288623,3.038623,2.9886231,2.398623,1.388623,1.4186231,1.2786231,1.328623,0.9386231
