wind_kz.json
{"header": {"discipline":0,"disciplineName":"Meteorological products","gribEdition":2,"gribLength":1025,"center":7,"centerName":"US National Weather Service - NCEP(WMC)","subcenter":0,"refTime":"2023-08-20T00:00:00.000Z","significanceOfRT":1,"significanceOfRTName":"Start of forecast","productStatus":0,"productStatusName":"Operational products","productType":1,"productTypeName":"Forecast products","productDefinitionTemplate":0,"productDefinitionTemplateName":"Analysis/forecast at horizontal level/layer at a point in time","parameterCategory":2,"parameterCategoryName":"UnknownDiscipline_0_Category_2","parameterNumber":2,"parameterNumberName":"UnknownParameter_D0_C2_2","parameterUnit":"Unknown","genProcessType":2,"genProcessTypeName":"Forecast","forecastTime":300,"surface1Type":103,"surface1TypeName":"Specified height level above ground","surface1Value":10.0,"surface2Type":255,"surface2TypeName":"Missing","surface2Value":0.0,"gridDefinitionTemplate":0,"gridDefinitionTemplateName":"Latitude_Longitude","numberPoints":615,"shape":6,"shapeName":"Earth spherical with radius of 6,371,229.0 m","gridUnits":"degrees","resolution":48,"winds":"true","scanMode":64,"nx":41,"ny":15,"basicAngle":0,"lo1":47.0,"la1":41.0,"lo2":87.0,"la2":55.0,"dx":1.0,"dy":1.0}, "data":
[rows 0 to 14 of 15, columns 0 to 40 of 41]
1.9403211,0.700321,-2.849679,3.430321,0.41032106,1.3203211,-7.3796787,-8.689679,-8.969679,-7.6296787,-6.999679,-6.049679,-5.399679,-3.819679,-3.539679,-2.4996789,-0.62967896,0.37032104,0.010321045,-1.079679,1.380321,1.770321,3.930321,5.560321,5.1203213,3.730321,3.5203211,1.150321,1.420321,3.720321,-1.709679,3.210321,-0.30967894,-1.6796789,-1.9096789,-1.149679,-1.899679,-2.549679,-0.71967894,-1.1596789,0.10032105
1.7103211,-1.6696789,2.440321,2.590321,-1.399679,-1.769679,-6.679679,-7.509679,-7.689679,-6.789679,-5.399679,-4.939679,-5.719679,-4.059679,-4.339679,-3.439679,-2.639679,-1.749679,-0.609679,-2.099679,-3.7396789,-0.13967896,1.750321,3.560321,-3.409679,-1.6996789,-1.389679,0.50032103,-4.349679,-0.739679,-0.90967894,-1.009679,0.570321,0.65032107,0.09032104,-0.63967896,1.0603211,0.68032104,1.3403211,0.12032104,-1.379679
3.900321,-4.489679,-0.70967895,-0.82967895,-4.239679,-5.089679,-6.449679,-6.099679,-6.8796787,-6.329679,-5.399679,-6.259679,-5.459679,-4.309679,-5.1096787,-5.6296787,-5.899679,-5.099679,-4.269679,-1.369679,-0.78967893,-8.639679,-7.519679,-9.039679,-4.969679,-4.939679,-2.369679,-3.679679,2.980321,-0.63967896,0.30032104,1.040321,3.720321,-1.579679,-1.0496789,1.7103211,0.68032104,3.9903212,5.270321,-1.8196789,0.09032104
3.460321,-1.0596789,-1.099679,1.370321,1.420321,-4.589679,-5.1096787,-6.319679,-6.179679,-6.269679,-7.6296787,-7.189679,-2.2296789,-1.389679,-4.439679,-6.779679,-6.929679,-7.079679,-7.289679,-8.059679,-8.439679,-10.289679,-6.499679,-7.389679,-6.8596787,-6.779679,-6.229679,-6.8796787,-5.389679,-2.349679,0.90032107,3.580321,8.030321,3.900321,2.920321,3.910321,-0.07967895,-0.929679,1.530321,-2.769679,-2.9896789
4.580321,-2.279679,-1.4296789,4.070321,-0.58967894,-4.569679,-5.949679,-6.139679,-5.869679,-6.439679,-7.639679,-6.409679,-3.849679,-1.6896789,2.060321,-6.669679,-6.939679,-6.589679,-5.979679,-6.919679,-7.659679,-7.489679,-7.509679,-8.449679,-8.989679,-8.489679,-7.929679,-4.469679,-5.649679,-4.789679,-3.879679,-1.739679,-0.76967895,-1.579679,-2.199679,-1.969679,2.190321,-2.639679,-3.049679,-1.5396789,-1.749679
5.220321,-1.499679,-1.639679,-0.549679,-7.679679,-6.479679,-7.119679,-5.849679,-5.899679,-7.299679,-5.889679,-6.949679,-5.519679,-3.039679,-4.029679,-5.789679,-6.579679,-6.559679,-7.219679,-7.209679,-7.979679,-7.8596787,-8.139679,-8.459679,-8.749679,-8.959679,-8.699679,-3.2396789,-7.019679,-7.089679,-6.079679,-5.299679,-3.079679,-0.039678954,1.7003211,0.46032104,0.820321,3.630321,-2.359679,-2.899679,-2.519679
5.540321,-2.659679,-3.839679,-5.229679,-6.939679,-5.979679,-6.249679,-6.199679,-5.709679,-5.909679,-6.319679,-6.369679,-6.479679,-6.6096787,-6.439679,-5.199679,-6.309679,-6.6096787,-7.039679,-7.789679,-7.729679,-6.979679,-6.989679,-6.8796787,-7.6296787,-7.759679,-8.149679,-8.229679,-8.289679,-7.979679,-7.779679,-7.049679,-5.689679,-3.319679,-0.59967893,0.17032105,-0.619679,-1.469679,2.940321,-0.38967896,3.630321
-0.739679,-5.319679,-5.229679,-4.199679,-4.369679,-6.429679,-6.159679,-5.569679,-5.669679,-5.589679,-5.889679,-6.279679,-6.529679,-6.829679,-6.709679,-6.799679,-5.539679,-6.169679,-6.8596787,-7.279679,-7.6296787,-7.249679,-7.189679,-6.8796787,-6.939679,-6.759679,-7.469679,-7.989679,-8.529679,-8.069679,-7.779679,-7.019679,-5.199679,-4.819679,-3.139679,0.7703211,-0.109678954,7.220321,5.170321,6.520321,5.300321
-6.799679,-5.599679,-5.009679,-3.4696789,-5.389679,-5.699679,-5.579679,-5.249679,-4.909679,-5.189679,-5.009679,-5.529679,-6.259679,-5.769679,-6.219679,-5.969679,-5.789679,-4.979679,-5.069679,-6.149679,-6.889679,-6.739679,-6.399679,-6.589679,-6.889679,-6.529679,-7.089679,-6.619679,-6.529679,-5.689679,-6.269679,-5.3596787,-4.399679,-3.329679,-1.579679,3.2104494E-4,-0.70967895,0.29032105,-0.75967896,1.2003211,1.520321
-5.409679,-5.059679,-4.559679,-4.559679,-4.449679,-4.839679,-5.229679,-4.6096787,-3.859679,-4.139679,-4.779679,-4.649679,-4.929679,-4.669679,-4.949679,-4.949679,-4.749679,-4.909679,-4.709679,-4.449679,-4.759679,-4.569679,-4.489679,-4.429679,-4.589679,-4.939679,-5.219679,-5.309679,-4.6096787,-5.009679,-4.569679,-4.349679,-3.689679,-3.809679,-2.059679,-0.30967894,1.4603211,-1.009679,-1.869679,-1.209679,0.81032103
-5.059679,-5.819679,-4.739679,-4.549679,-3.939679,-3.379679,-3.789679,-3.839679,-2.9996789,-3.929679,-3.449679,-3.709679,-3.4696789,-4.209679,-3.269679,-3.669679,-3.699679,-3.079679,-2.529679,-2.879679,-2.649679,-2.409679,-1.209679,-0.58967894,-1.479679,-1.479679,-2.809679,-1.6696789,-1.749679,-1.129679,-0.039678954,-1.4396789,-2.909679,-2.2396789,-3.309679,-2.209679,-1.839679,-0.95967895,-0.58967894,0.12032104,-0.78967893
-6.3596787,-4.809679,-1.9496789,-2.389679,-2.369679,-1.0696789,-2.949679,-2.389679,-2.2396789,-2.929679,-2.629679,-2.7396789,-2.9896789,-2.7296789,-1.7896789,-1.979679,-1.849679,-1.719679,-0.76967895,-0.33967894,0.14032105,0.91032106,1.220321,1.390321,-0.46967897,0.19032104,1.240321,1.870321,2.870321,2.200321,3.210321,0.96032107,0.81032103,-0.43967897,-0.99967897,-2.609679,-1.739679,-2.769679,-2.179679,-1.1996789,-0.64967895
-4.099679,-3.4896789,-4.549679,-0.50967896,0.110321045,-0.13967896,-0.43967897,-1.499679,-0.9796789,0.93032104,-1.089679,-2.299679,-1.829679,-1.869679,-1.009679,0.49032104,0.47032106,1.270321,1.140321,2.720321,1.250321,1.8103211,1.130321,1.390321,1.880321,2.0103211,1.000321,2.370321,3.2703211,4.420321,3.5203211,3.580321,2.650321,1.4403211,1.280321,0.39032105,-0.76967895,0.7703211,1.2103211,0.40032104,0.78032106
-5.139679,-4.799679,-5.289679,-3.579679,-0.28967896,-3.809679,0.080321044,0.37032104,0.54032105,-1.3196789,-0.30967894,-1.639679,-1.269679,-0.50967896,-0.20967895,1.7103211,2.420321,1.9403211,2.410321,1.920321,1.140321,1.880321,1.220321,0.16032104,1.3103211,1.780321,1.920321,2.300321,3.730321,4.200321,4.1203213,4.180321,0.59032106,3.7803211,1.770321,1.470321,0.59032106,0.23032105,0.760321,1.000321,2.2603211
-3.659679,-5.1096787,-4.279679,-4.6296787,-5.569679,-3.079679,-2.069679,-2.4696789,1.100321,-2.309679,-1.399679,0.020321045,-0.63967896,-0.51967895,0.46032104,-0.42967895,-0.21967895,-2.359679,-1.5396789,-3.329679,-2.7596788,-1.859679,-1.129679,-0.019678956,1.1803211,1.8103211,2.7503211,2.220321,2.730321,2.070321,1.730321,2.180321,3.570321,3.440321,-0.25967896,1.510321,0.38032106,2.200321,2.130321,1.260321,0.33032104
