wind_kz.json
{"header": {"discipline":0,"disciplineName":"Meteorological products","gribEdition":2,"gribLength":1025,"center":7,"centerName":"US National Weather Service - NCEP(WMC)","subcenter":0,"refTime":"2024-02-03T06:00:00.000Z","significanceOfRT":1,"significanceOfRTName":"Start of forecast","productStatus":0,"productStatusName":"Operational products","productType":1,"productTypeName":"Forecast products","productDefinitionTemplate":0,"productDefinitionTemplateName":"Analysis/forecast at horizontal level/layer at a point in time","parameterCategory":2,"parameterCategoryName":"UnknownDiscipline_0_Category_2","parameterNumber":3,"parameterNumberName":"UnknownParameter_D0_C2_3","parameterUnit":"Unknown","genProcessType":2,"genProcessTypeName":"Forecast","forecastTime":120,"surface1Type":103,"surface1TypeName":"Specified height level above ground","surface1Value":10.0,"surface2Type":255,"surface2TypeName":"Missing","surface2Value":0.0,"gridDefinitionTemplate":0,"gridDefinitionTemplateName":"Latitude_Longitude","numberPoints":615,"shape":6,"shapeName":"Earth spherical with radius of 6,371,229.0 m","gridUnits":"degrees","resolution":48,"winds":"true","scanMode":64,"nx":41,"ny":15,"basicAngle":0,"lo1":47.0,"la1":41.0,"lo2":87.0,"la2":55.0,"dx":1.0,"dy":1.0}, "data":
[rows 0 to 14 of 15, columns 0 to 40 of 41]
-1.6058228,-0.53582275,2.1441772,10.614178,11.554177,9.054177,5.254177,4.5541773,3.1241772,2.9541771,3.2441773,1.7941773,2.6341772,2.0041773,1.5541773,2.0141773,2.8641772,1.4341773,1.9041772,0.95417726,0.07417724,0.95417726,-0.84582275,1.4241773,-0.055822752,2.3941772,0.79417723,3.2741773,1.2941773,1.1041772,1.1841773,0.054177247,0.18417725,1.9441773,0.30417725,-0.19582276,0.48417723,0.65417725,-0.08582275,-0.13582276,-0.9958227
5.114177,1.2641772,1.6741773,4.3041773,8.884177,7.4941773,7.114177,8.194178,5.544177,5.7041774,4.4541774,3.4141772,3.0341773,3.0741773,2.5941772,2.9141772,2.4041772,2.3141773,2.1041772,2.6541772,2.5141773,3.2141771,5.214177,4.3041773,3.8341773,3.8541772,2.0741773,3.8141773,0.11417725,4.634177,5.334177,2.9941773,1.1041772,-0.015822753,-1.9658227,0.8741772,0.8641772,0.97417724,0.51417726,1.6641773,-0.36582276
4.234177,7.174177,6.3741775,6.2641773,5.884177,4.9141774,5.814177,6.714177,6.064177,6.1641774,5.4741774,4.694177,4.464177,3.5741773,3.6541772,3.9041772,4.524177,4.2441773,4.3541775,4.3541775,3.7041771,4.2641773,4.4541774,3.8141773,-1.7458228,-0.24582276,-1.5658227,0.094177246,1.8041773,1.4741772,-1.1158228,0.27417725,-1.6958227,-1.6558228,0.15417725,-0.49582276,3.2741773,2.1641772,0.52417725,0.38417724,1.2341772
4.484177,9.174177,7.6641774,6.9741774,5.7641773,5.8541775,5.9741774,6.734177,6.8241773,5.814177,4.524177,4.044177,4.504177,4.464177,5.714177,6.004177,5.754177,6.134177,5.584177,5.8041773,5.2441773,8.534177,1.2441772,5.9741774,2.6241772,0.84417725,1.1041772,0.5641773,2.7641773,0.94417727,2.9141772,-2.4158227,0.85417724,3.7441773,-1.1358228,0.72417724,2.6141772,3.9941773,1.5841773,-1.8258227,-2.5758228
4.5341773,5.294177,5.7641773,4.5541773,5.0741773,6.004177,6.3741775,7.1441774,6.4341774,5.1041775,4.9541774,4.024177,1.9441773,1.0541773,1.0841773,1.2641772,3.3441772,4.944177,6.194177,6.6641774,7.274177,6.774177,6.944177,5.5741773,3.6941772,2.5041773,2.1141772,0.63417727,-0.35582274,4.044177,5.7041774,4.1241775,3.2241774,-2.2258227,0.07417724,-1.4758228,0.88417727,0.13417725,-1.8458228,-1.2058227,-0.045822755
5.6041775,5.0541773,5.2641773,5.174177,5.0141773,6.2841773,7.3441772,6.274177,5.964177,5.174177,4.364177,4.0941772,1.3541772,0.98417723,0.88417727,1.6641773,2.5441773,3.9641771,5.9941773,6.654177,7.154177,8.004177,7.7841773,7.364177,6.3441772,4.0741773,1.6241772,1.2341772,0.054177247,5.9541774,6.1041775,4.8041773,2.8641772,4.3941774,1.3341773,7.584177,-0.5758228,-1.4458227,-0.71582276,-0.21582276,-0.26582277
6.0341773,5.8041773,6.294177,6.424177,6.194177,6.654177,7.024177,6.634177,6.2241774,5.334177,4.794177,3.5041773,2.5841773,2.6641772,3.0341773,3.3441772,4.1641774,4.424177,4.8241773,7.2041774,8.004177,8.464177,8.704177,7.904177,6.6241775,4.734177,2.7941773,0.104177244,-0.83582276,5.444177,5.2241774,3.9541771,3.7541773,2.8341773,2.1241772,3.2141771,1.0341773,4.674177,2.8341773,3.1441772,2.7341774
5.4741774,5.834177,6.2041774,7.134177,6.424177,6.754177,6.944177,7.114177,6.294177,4.6641774,3.9941773,3.6141772,2.3241773,2.3441772,2.5541773,3.2241774,3.9041772,4.3241773,5.2241774,6.6841774,6.0141773,8.8141775,9.374177,9.084177,8.124177,6.9341774,4.7441773,2.8141773,1.0141772,1.7841773,2.4341772,1.7641772,3.0541773,4.214177,2.9041772,-3.0158226,0.52417725,3.3141773,-0.91582274,0.76417726,1.2541772
5.1041775,6.154177,6.4141774,7.0141773,6.9141774,7.2241774,7.004177,6.3541775,5.0741773,4.3041773,3.1541772,2.2441773,1.9841772,1.2541772,1.6241772,3.0241773,4.294177,5.2241774,6.1241775,6.3941774,7.1841774,7.024177,10.414177,9.634177,9.394177,7.9741774,6.714177,5.3741775,4.8541775,3.1541772,2.9741774,3.3141773,1.9941772,5.524177,3.7141771,7.4141774,-0.8858228,1.1641773,2.4941773,1.9241773,0.76417726
5.6841774,5.8541775,6.274177,6.3041773,6.904177,7.294177,6.794177,5.674177,4.864177,3.8641772,3.2341774,2.5841773,2.2041771,0.41417724,1.7541772,2.3441772,4.294177,5.584177,6.0941772,5.814177,6.2241774,8.294177,8.754177,9.434177,9.304177,8.284177,6.794177,5.8441772,5.464177,3.8541772,2.9941773,3.2641773,1.1541772,4.8241773,6.3241773,0.78417724,0.44417724,1.4641773,-0.59582275,0.82417727,3.9741774
5.774177,6.0541773,6.5141773,6.5941772,6.7841773,7.024177,5.8041773,4.884177,3.8741772,2.9841774,3.2441773,2.6441772,0.41417724,1.1941773,1.3841772,2.7641773,4.8241773,6.254177,6.564177,6.8941774,6.674177,8.724177,8.594177,9.404178,7.9941773,8.004177,7.334177,7.114177,7.174177,4.6841774,3.7541773,3.5341773,2.0241773,3.1141772,5.114177,1.2941773,0.76417726,-0.61582273,1.6741773,2.3741772,0.8041772
6.0941772,5.9741774,6.3741775,6.8041773,6.814177,4.884177,3.9341772,3.2841773,2.9241772,2.1441772,1.4441773,0.70417726,0.69417727,1.9641773,1.4641773,2.8041773,4.944177,6.7241774,7.4141774,6.984177,8.114178,7.9941773,8.224177,8.494177,8.104177,7.884177,7.234177,7.484177,7.2841773,6.0341773,3.8741772,4.5541773,1.5841773,2.1341772,3.0541773,3.0241773,1.5741773,0.73417723,-1.2958227,1.0941772,-0.31582275
5.754177,5.7241774,5.384177,5.6041775,4.7241774,2.9741774,2.7641773,2.9641771,2.0141773,3.0541773,0.79417723,0.36417726,0.5041773,0.42417726,-0.09582275,0.66417724,4.904177,6.6841774,7.464177,6.7241774,8.114178,8.334177,8.024178,8.264177,7.234177,7.294177,7.3941774,5.544177,5.234177,4.4741774,3.7641773,4.714177,3.1541772,2.3041773,1.6341772,1.8841772,3.1341772,0.07417724,0.32417724,-0.045822755,-0.26582277
6.754177,6.9541774,6.774177,5.8441772,3.8641772,4.1241775,3.1941772,3.5641773,3.1441772,3.0741773,1.8641772,0.43417725,-0.24582276,0.42417726,-0.65582275,0.60417724,2.9041772,4.5941772,5.944177,6.234177,6.504177,6.0741773,5.6241775,6.274177,6.004177,5.8241773,4.674177,4.614177,4.7041774,4.5741773,4.3041773,3.8441772,3.1141772,2.4241772,2.0641773,2.7641773,2.5641773,0.66417724,1.1541772,0.37417725,0.6841772
4.484177,6.3541775,6.984177,6.6441774,5.674177,3.9241772,3.3141773,2.9541771,1.9641773,1.9441773,2.3541772,1.0441773,0.44417724,0.25417724,1.0041772,1.8741772,2.4441772,4.1041775,4.1841774,5.1841774,5.134177,5.614177,5.044177,5.3041773,5.614177,5.294177,5.5341773,5.3741775,5.0541773,4.584177,4.9741774,4.364177,3.9541771,3.2041771,3.5141773,3.2641773,3.8841772,2.1641772,0.51417726,1.1941773,0.32417724
