wind_kz.json
{"header": {"discipline":0,"disciplineName":"Meteorological products","gribEdition":2,"gribLength":1025,"center":7,"centerName":"US National Weather Service - NCEP(WMC)","subcenter":0,"refTime":"2024-02-03T00:00:00.000Z","significanceOfRT":1,"significanceOfRTName":"Start of forecast","productStatus":0,"productStatusName":"Operational products","productType":1,"productTypeName":"Forecast products","productDefinitionTemplate":0,"productDefinitionTemplateName":"Analysis/forecast at horizontal level/layer at a point in time","parameterCategory":2,"parameterCategoryName":"UnknownDiscipline_0_Category_2","parameterNumber":3,"parameterNumberName":"UnknownParameter_D0_C2_3","parameterUnit":"Unknown","genProcessType":2,"genProcessTypeName":"Forecast","forecastTime":60,"surface1Type":103,"surface1TypeName":"Specified height level above ground","surface1Value":10.0,"surface2Type":255,"surface2TypeName":"Missing","surface2Value":0.0,"gridDefinitionTemplate":0,"gridDefinitionTemplateName":"Latitude_Longitude","numberPoints":615,"shape":6,"shapeName":"Earth spherical with radius of 6,371,229.0 m","gridUnits":"degrees","resolution":48,"winds":"true","scanMode":64,"nx":41,"ny":15,"basicAngle":0,"lo1":47.0,"la1":41.0,"lo2":87.0,"la2":55.0,"dx":1.0,"dy":1.0}, "data":
[rows 0 to 14 of 15, columns 0 to 40 of 41]
-5.323357,0.41664305,-1.363357,0.026643066,11.906643,10.836643,6.766643,2.9166431,0.32664308,0.9766431,1.676643,3.6766431,2.6566432,2.6266432,3.846643,4.7766433,5.836643,4.346643,1.4666431,0.26664308,2.206643,1.9366431,-0.043356933,-0.55335695,0.36664307,1.3266431,-1.1733569,0.15664306,1.646643,2.486643,0.51664305,-2.663357,1.4666431,2.106643,1.4366431,0.58664304,0.5966431,1.406643,-0.75335693,-0.85335696,0.9766431
5.076643,0.56664306,0.106643066,-4.573357,7.486643,7.686643,6.686643,4.666643,1.256643,2.226643,4.166643,2.816643,3.456643,3.6366432,4.116643,4.416643,5.386643,4.146643,2.586643,3.226643,3.6566432,0.41664305,-0.49335694,1.1066431,-0.8933569,-0.15335694,-2.1133568,1.146643,-0.28335693,1.4766431,4.556643,5.426643,0.13664307,-1.0133569,-4.283357,-2.433357,1.5866431,-1.0633569,-0.12335693,-0.40335694,0.38664305
0.8566431,6.146643,3.106643,1.7166431,3.546643,2.846643,1.9366431,2.6266432,3.736643,2.6366432,2.3766432,2.056643,2.6666431,3.986643,3.726643,3.856643,3.816643,4.0466433,3.726643,2.606643,2.016643,0.57664305,-0.97335696,0.47664306,0.20664306,1.276643,0.37664306,0.19664307,-0.62335694,1.396643,3.006643,1.4466431,2.6666431,-2.203357,-0.20335694,1.776643,5.936643,-0.7733569,0.77664304,0.52664304,0.52664304
3.696643,8.856643,5.456643,5.206643,3.766643,5.5066433,4.366643,1.6966431,0.29664308,0.82664305,2.536643,2.076643,4.736643,6.916643,5.236643,4.5266433,4.246643,3.956643,3.856643,3.776643,3.1866431,2.586643,0.20664306,2.016643,1.276643,1.0666431,-0.56335694,-1.943357,2.766643,2.4066432,-1.0633569,-1.8933569,-0.69335693,0.46664307,-1.613357,-3.983357,-3.043357,1.2466431,2.296643,1.426643,1.6166431
5.956643,5.0466433,7.246643,6.306643,5.926643,5.226643,4.056643,3.536643,3.566643,2.986643,3.006643,3.236643,4.586643,6.746643,8.3066435,5.596643,5.036643,4.626643,4.226643,3.816643,2.596643,1.6166431,1.036643,1.2166431,0.74664307,0.31664306,-0.49335694,-1.953357,-0.033356935,0.5466431,-1.6733569,-0.9033569,1.8666431,2.6366432,-1.5033569,-1.0333569,-0.35335693,-2.023357,-1.1433569,-1.083357,-0.39335692
8.116643,7.146643,6.066643,6.956643,7.576643,5.986643,4.916643,4.286643,4.826643,4.036643,4.036643,4.206643,5.906643,8.646643,6.7766433,6.266643,6.446643,5.456643,4.596643,3.6266432,3.4266431,3.546643,3.226643,2.486643,1.8566431,0.83664304,-0.11335693,-2.433357,-1.6633569,-1.5233569,-1.483357,-1.953357,-1.463357,-1.9133569,1.8566431,8.656643,4.216643,4.116643,0.34664306,-1.223357,-1.1233569
6.176643,6.0066433,8.416643,8.256643,7.706643,6.536643,6.0466433,5.166643,3.8866432,4.516643,5.666643,4.936643,5.866643,6.426643,6.946643,7.366643,7.736643,6.736643,6.566643,5.786643,4.666643,3.3966432,3.616643,3.736643,2.6266432,1.8566431,-1.2833569,-1.2533569,-2.193357,-0.85335696,-0.23335694,-2.433357,-3.643357,-0.97335696,-1.193357,-1.6833569,-3.413357,-0.8833569,0.47664306,-1.4033569,1.4966431
4.966643,5.516643,7.416643,6.316643,5.126643,4.116643,4.876643,4.536643,5.116643,5.2566433,6.816643,5.986643,6.036643,7.516643,8.616643,8.3066435,8.376643,8.156643,8.3066435,8.246643,6.806643,5.036643,3.276643,4.386643,4.386643,3.026643,3.796643,0.17664307,0.44664305,-0.74335694,-0.7133569,0.14664307,-0.9533569,-0.23335694,0.37664306,0.58664304,-0.9033569,-2.033357,-1.5233569,-0.12335693,-0.6333569
3.8766432,4.236643,4.416643,4.596643,5.596643,3.766643,3.736643,4.696643,5.016643,5.066643,5.386643,5.836643,6.176643,8.276643,7.726643,8.596643,9.906643,10.006643,9.816643,9.156643,7.086643,7.736643,7.336643,5.146643,5.2566433,3.8866432,1.9666431,2.486643,2.9166431,2.326643,2.4366431,4.066643,2.716643,4.176643,2.9266431,3.456643,-2.783357,1.4866431,0.17664307,-0.043356933,-3.213357
5.056643,4.376643,4.676643,4.246643,4.636643,5.146643,4.516643,4.556643,4.946643,5.0266433,5.2766433,5.326643,6.836643,8.3066435,8.596643,8.546643,9.566643,10.576643,9.886643,9.206643,8.896643,9.026643,8.236643,7.656643,6.436643,5.376643,3.996643,3.286643,3.4366431,2.736643,3.036643,3.066643,4.556643,3.976643,3.806643,1.8766431,1.396643,-3.043357,0.12664306,4.316643,3.596643
5.466643,5.186643,4.866643,5.036643,4.5066433,5.226643,4.456643,3.486643,3.556643,4.906643,4.856643,4.2766433,6.016643,7.7566433,9.316643,9.626643,10.476643,10.596643,10.366643,10.736643,9.676643,8.706643,8.636643,8.416643,6.736643,6.326643,6.106643,5.626643,5.2566433,3.306643,3.546643,3.556643,3.346643,4.436643,5.496643,1.6066431,1.3666431,2.946643,1.8166431,1.266643,-0.043356933
5.596643,5.196643,4.736643,3.6366432,3.526643,4.186643,3.766643,3.566643,3.8866432,3.516643,3.856643,3.026643,4.616643,6.956643,8.166643,9.266644,10.156643,10.186643,10.106643,10.286643,10.246643,8.916643,8.376643,7.886643,7.426643,7.196643,7.486643,6.216643,5.886643,4.476643,4.126643,4.146643,2.966643,4.086643,4.426643,3.486643,1.416643,2.266643,2.066643,1.2366431,0.20664306
5.7766433,6.286643,5.736643,4.766643,4.726643,2.786643,4.5266433,4.316643,4.906643,3.826643,3.1666431,2.046643,5.246643,6.676643,7.406643,7.836643,9.026643,9.226643,10.3066435,9.596643,10.026643,9.326643,8.596643,8.746643,8.546643,7.496643,7.356643,6.496643,5.736643,6.306643,5.696643,4.806643,4.126643,4.476643,4.5466433,4.706643,3.246643,2.1766431,3.026643,1.4766431,0.57664305
5.896643,5.736643,5.676643,5.086643,4.746643,5.646643,5.206643,4.966643,4.946643,3.736643,3.586643,1.776643,2.9366431,6.636643,6.5066433,8.016644,8.166643,8.826643,8.676643,9.606643,9.366643,9.116643,8.596643,7.7566433,7.596643,7.846643,7.2566433,7.516643,6.996643,7.036643,6.346643,5.5066433,5.736643,6.036643,4.536643,4.706643,3.846643,3.526643,1.656643,3.4066432,2.616643
3.696643,4.486643,4.7566433,5.016643,5.196643,4.996643,5.386643,4.836643,5.446643,4.566643,3.6866431,3.266643,1.806643,1.9766431,6.376643,6.846643,7.606643,8.476643,8.766644,8.356643,8.846643,8.316643,7.986643,7.2566433,7.266643,7.536643,7.606643,7.076643,7.056643,6.956643,6.786643,6.716643,5.7766433,5.496643,5.476643,5.486643,5.436643,5.176643,3.6666431,4.446643,2.9366431
