wind_kz.json
{"header": {"discipline":0,"disciplineName":"Meteorological products","gribEdition":2,"gribLength":1025,"center":7,"centerName":"US National Weather Service - NCEP(WMC)","subcenter":0,"refTime":"2024-01-31T12:00:00.000Z","significanceOfRT":1,"significanceOfRTName":"Start of forecast","productStatus":0,"productStatusName":"Operational products","productType":1,"productTypeName":"Forecast products","productDefinitionTemplate":0,"productDefinitionTemplateName":"Analysis/forecast at horizontal level/layer at a point in time","parameterCategory":2,"parameterCategoryName":"UnknownDiscipline_0_Category_2","parameterNumber":2,"parameterNumberName":"UnknownParameter_D0_C2_2","parameterUnit":"Unknown","genProcessType":2,"genProcessTypeName":"Forecast","forecastTime":60,"surface1Type":103,"surface1TypeName":"Specified height level above ground","surface1Value":10.0,"surface2Type":255,"surface2TypeName":"Missing","surface2Value":0.0,"gridDefinitionTemplate":0,"gridDefinitionTemplateName":"Latitude_Longitude","numberPoints":615,"shape":6,"shapeName":"Earth spherical with radius of 6,371,229.0 m","gridUnits":"degrees","resolution":48,"winds":"true","scanMode":64,"nx":41,"ny":15,"basicAngle":0,"lo1":47.0,"la1":41.0,"lo2":87.0,"la2":55.0,"dx":1.0,"dy":1.0}, "data":
[rows 0 to 14 of 15, columns 0 to 40 of 41]
1.0287207,-1.3412793,0.5687207,1.2787207,2.1187208,1.3587207,0.5787207,-1.0112793,-1.5812793,0.018720703,-1.9012793,-3.3612792,-3.7912793,-4.1012793,-3.9412794,-3.5912793,-1.8112793,-6.8312793,-11.12128,-13.221279,-4.221279,-2.5512793,-1.6912793,-4.5912795,0.1887207,-1.9512793,-5.0612793,-4.6012793,1.3287207,0.4587207,-1.9612793,2.9087207,-0.4312793,1.1687207,-1.6012793,-1.7112793,-2.1612792,-0.9812793,-0.1212793,-0.5312793,-0.3412793
2.3287208,1.2487206,1.1387208,0.9887207,1.8287207,2.1287208,0.5087207,-2.1812792,-2.5112793,-2.0412793,-3.0512793,-3.7212794,-3.5012794,-2.1612792,-2.9412794,-3.9412794,-4.8612795,-5.8512793,-4.931279,-5.0712795,-4.011279,-2.8412793,-1.7212793,-5.7912793,-1.0112793,0.5387207,-1.9512793,0.1387207,-3.2712793,-2.7312794,0.058720704,-1.0512793,2.0787208,-1.7712793,-0.2112793,0.26872072,-0.1212793,0.4387207,-0.6312793,1.9587207,0.4987207
-0.5812793,1.5287207,2.2487206,2.4387207,2.0287206,1.6787207,0.6787207,0.3487207,-1.7412792,-1.9512793,-1.6112792,-2.8912792,-3.0912793,-3.3212793,-3.2712793,-3.3112793,-5.261279,-4.5612793,-4.141279,-4.1312795,-3.6712792,-1.5112793,-3.1112792,-4.141279,0.4587207,-2.2612793,-2.6712792,-3.1012793,-2.5112793,-1.0012794,-2.3912792,3.2087207,-0.2712793,-0.5812793,0.7687207,-0.26127928,-0.8712793,0.22872071,0.65872073,2.2587206,1.7687207
2.3487208,6.2487206,6.008721,6.3487206,2.9887207,1.8887208,2.1087208,2.0187206,1.2987207,-0.011279297,-0.9712793,-0.9512793,-0.7212793,-2.1612792,-2.5112793,-3.2412794,-3.5312793,-3.8612792,-4.1012793,-3.5712793,-0.7712793,-1.6112792,-2.8712792,-4.5812793,-4.6912794,-4.661279,-3.7812793,-3.6312792,-2.1612792,-4.3612795,-5.0012794,-7.6312795,-4.5412793,-1.2712793,-1.4012793,-2.5612793,-2.6612792,2.3887208,0.4287207,0.1587207,0.7787207
5.7287207,5.7887206,5.028721,4.5787206,3.9187207,3.8187208,3.5687208,2.4287207,1.9387207,1.5287207,0.8487207,2.4087207,2.0887208,1.4087207,-0.3412793,-1.3412793,-1.5712793,-1.9012793,-2.2812793,-3.2612793,-3.8012793,-4.201279,-4.6712794,-4.801279,-4.701279,-3.8412793,-5.5712795,-2.1212792,-5.0812793,-3.5912793,-4.451279,-2.6512792,-3.3612792,0.6387207,2.9887207,-0.071279295,-3.6312792,-1.6912793,-2.0712793,-1.0812793,-1.5012794
5.9787207,5.7687206,4.4787207,4.028721,4.2287207,3.5587206,3.6887207,3.3187208,1.0887207,1.3487207,2.1487207,1.5087208,4.1787205,4.2287207,0.2187207,0.7387207,0.5287207,-0.5812793,-1.3312793,-1.4912792,-2.2712793,-1.7712793,-2.8612792,-3.7812793,-3.8912792,-4.5012794,-3.1612792,-3.4812794,-3.8712792,-4.1312795,-4.0412793,-3.5812793,-4.8112793,-3.3412793,-1.9012793,-4.2112794,-0.5412793,-0.8312793,-0.26127928,-0.9912793,-2.0512793
5.448721,5.568721,6.0587206,5.588721,4.698721,3.9787207,3.6687207,2.6287208,2.2587206,1.7687207,1.1487207,1.0087208,1.8587207,2.8587208,1.8287207,1.3787208,1.0887207,1.1787207,-0.59127927,-0.7712793,0.068720706,-0.4012793,-0.9012793,-1.5412793,-2.4112792,-3.7512794,-1.4712793,-2.9612794,-2.5512793,-3.9712794,-4.031279,-3.4512794,-1.5712793,-3.7212794,-3.1412792,-2.0412793,-1.1512793,1.4387207,-0.2412793,-0.3512793,-0.3112793
6.4087205,6.068721,6.2487206,5.588721,5.238721,4.7287207,2.9187207,0.9287207,2.1687207,1.1287208,1.8487207,3.0087206,3.0187206,3.6587207,2.9887207,4.048721,2.4287207,2.1687207,0.65872073,1.0187207,2.0787208,0.8987207,0.9487207,0.1587207,-0.1412793,-0.0912793,1.0487207,-1.6312793,-1.2312793,-1.2612793,-1.3412793,-1.3612792,-2.1712792,0.6187207,-1.8512793,1.7387207,1.7987207,-2.1112792,-5.1312795,-5.8112793,-1.2512794
6.6587205,5.6787205,5.7087207,5.8087206,5.2287207,4.488721,2.6787207,0.8487207,0.1787207,1.7087207,1.8087207,3.4387207,6.7687206,4.448721,5.2287207,3.8787208,5.358721,4.5587206,4.2287207,4.0787206,5.4987206,4.588721,4.068721,3.6087208,4.008721,3.4087207,1.5387207,0.7487207,1.9287207,-0.021279298,2.2887206,2.0687208,5.778721,0.1587207,-0.9112793,-2.0112793,-0.2512793,-1.5112793,-1.4212793,0.4987207,-1.0412793
5.6687207,4.608721,4.5587206,5.988721,4.8787208,3.3687208,2.3387208,2.0287206,1.3687207,2.4087207,3.5087206,4.1487207,3.5487206,3.5987208,4.7687206,4.7887206,5.2087207,4.4787207,4.358721,4.4787207,6.2087207,6.6787205,5.278721,5.5787206,5.1387205,4.3687205,4.1287208,3.1987207,2.5987208,3.0887208,2.2987206,2.9387207,3.1087208,0.2087207,-1.2712793,-0.3012793,-2.5512793,-0.9612793,0.7987207,0.4287207,-1.5012794
4.198721,2.7487206,3.2687206,4.5387206,4.3287206,3.7487206,2.8087206,1.9287207,1.6987207,1.9087207,2.8387208,3.7487206,2.5987208,3.9387207,2.8187208,2.7487206,3.4087207,3.7087207,3.7987206,4.008721,4.4087205,3.8287208,3.8487208,3.8087206,3.5287206,2.2187207,2.5487206,2.1487207,2.2187207,1.0987207,0.5787207,-1.0512793,-1.6412793,-0.2212793,-0.5712793,-0.4112793,0.3287207,0.4087207,-1.5112793,1.0787207,-1.4812793
2.2987206,1.8287207,2.0587206,2.8687208,5.1187205,3.3587208,2.4987206,2.3387208,1.7487206,1.2887207,2.0887208,2.5987208,0.3587207,2.2687206,2.8287208,2.5587206,2.3687208,1.9887207,1.3787208,0.008720703,0.058720704,-1.2912793,-2.6412792,-2.2312794,-1.3212793,-0.9512793,-0.2412793,-0.13127929,-0.101279296,-1.3912793,-1.0112793,-0.9612793,-0.5712793,-1.2712793,-0.2012793,1.5487207,3.1687207,-1.1412793,-1.5212793,-0.9412793,-0.1812793
1.0487207,1.5887207,1.8087207,2.3787208,3.5287206,1.7087207,1.1887207,1.5887207,1.3287207,0.7987207,0.8487207,0.2387207,0.5887207,2.2587206,1.8987207,0.6487207,-0.2812793,-1.0512793,-2.0012794,-2.0812793,-2.1512792,-1.6712793,-1.0712793,-1.7412792,-0.8912793,-1.3812793,-1.7312793,-1.0512793,-1.1812793,-1.0512793,-0.6412793,-0.2512793,-0.0012792968,0.1887207,0.2187207,1.0287207,1.6687207,1.2887207,0.3387207,-0.5212793,-0.5112793
1.9487207,1.6587207,2.0087206,2.0587206,2.6387208,2.4487207,1.6187207,1.4787207,1.2087207,0.1687207,-0.9412793,-0.8812793,0.7787207,0.8287207,-0.2012793,-1.1712793,-1.9612793,-2.0512793,-2.5112793,-2.5312793,-2.6712792,-2.3512793,-2.5112793,-2.4912794,-2.2512794,-2.1212792,-1.8212793,-0.7012793,-0.7512793,0.0887207,0.1687207,0.5587207,1.1087207,1.1887207,0.5087207,0.9587207,0.9887207,0.7587207,-0.031279296,1.3987207,1.0687207
1.1887207,2.1887207,2.7787206,2.2187207,2.3687208,2.3287208,1.4787207,1.2987207,0.2387207,-0.7912793,-1.1912793,-1.2112793,-0.59127927,0.4187207,-1.2312793,-2.0212793,-2.3412793,-2.5312793,-2.3612792,-2.8212793,-2.7712793,-2.8812792,-2.5312793,-2.6612792,-2.3812792,-1.6812793,-0.6612793,0.1187207,1.2787207,1.3787208,2.1987207,1.8687207,0.8287207,0.3087207,0.3087207,0.7487207,0.7387207,2.1987207,0.1587207,1.5187207,-1.2112793
