wind_kz.json
{"header": {"discipline":0,"disciplineName":"Meteorological products","gribEdition":2,"gribLength":1025,"center":7,"centerName":"US National Weather Service - NCEP(WMC)","subcenter":0,"refTime":"2023-10-02T06:00:00.000Z","significanceOfRT":1,"significanceOfRTName":"Start of forecast","productStatus":0,"productStatusName":"Operational products","productType":1,"productTypeName":"Forecast products","productDefinitionTemplate":0,"productDefinitionTemplateName":"Analysis/forecast at horizontal level/layer at a point in time","parameterCategory":2,"parameterCategoryName":"UnknownDiscipline_0_Category_2","parameterNumber":3,"parameterNumberName":"UnknownParameter_D0_C2_3","parameterUnit":"Unknown","genProcessType":2,"genProcessTypeName":"Forecast","forecastTime":120,"surface1Type":103,"surface1TypeName":"Specified height level above ground","surface1Value":10.0,"surface2Type":255,"surface2TypeName":"Missing","surface2Value":0.0,"gridDefinitionTemplate":0,"gridDefinitionTemplateName":"Latitude_Longitude","numberPoints":615,"shape":6,"shapeName":"Earth spherical with radius of 6,371,229.0 m","gridUnits":"degrees","resolution":48,"winds":"true","scanMode":64,"nx":41,"ny":15,"basicAngle":0,"lo1":47.0,"la1":41.0,"lo2":87.0,"la2":55.0,"dx":1.0,"dy":1.0}, "data":
[rows 0 to 14 of 15, columns 0 to 40 of 41]
-1.9941236,1.4758765,-1.0641235,8.955876,6.5258765,4.6058764,4.7258763,3.8858764,2.4258764,1.4258765,-0.044123534,0.29587647,1.9458765,0.5058765,-2.4541235,-4.3041234,0.84587646,0.19587646,2.0858765,-0.20412354,1.4358765,1.0958765,-2.3241236,0.49587646,2.7758765,1.2558764,0.7558765,-0.5541235,-0.024123535,4.1458764,2.1358764,2.1558764,-0.5541235,-1.2041235,-0.6141235,-0.21412353,-0.18412353,-0.31412354,0.91587645,1.7858765,1.8358765
0.09587646,-2.2441235,-0.16412354,11.015877,7.7958765,4.8358765,3.4758766,5.1158767,3.2058764,1.3658764,-0.22412354,0.61587644,1.4658765,1.0558765,-1.7841235,-2.9641235,-0.9841235,-0.33412352,1.0858765,0.7558765,1.6458764,1.6458764,0.8758765,2.2158766,2.9158764,2.2358766,3.1858764,1.3958764,0.58587646,2.1158764,0.32587647,2.7858765,2.4158764,2.5958765,2.6258764,2.6858764,2.4258764,1.5858765,1.2558764,1.6658765,-0.26412353
-3.6341236,-6.4141235,5.6558766,6.9258766,4.9158764,4.9558764,3.3758764,3.8558764,3.5758765,2.6058764,0.92587644,0.22587647,1.4858764,0.95587647,-0.53412354,-1.4841236,-1.1541235,-1.0741235,-1.6741235,0.78587645,3.7958765,2.6158764,1.7858765,4.1058764,0.53587645,1.1658765,2.2058764,-1.7041235,-1.3441235,-2.2041235,0.85587645,0.20587647,-3.2041235,2.0358765,-0.024123535,-2.9341235,-0.53412354,2.1058764,-0.9941235,1.2858765,0.8058765
-4.0341234,2.7258766,4.4558764,5.575876,5.0558763,4.0458765,3.9358764,3.7758765,3.2958765,3.3458765,2.6258764,1.5758765,-0.49412355,-1.4241235,-1.1041236,-1.1341236,-0.8041235,-1.1741235,-1.2741235,-0.82412356,4.4658766,5.3158765,-0.6841235,1.9358765,3.1458764,4.0358763,0.6258765,-0.60412353,0.47587645,1.2458764,3.1358764,-1.1741235,1.6158764,1.0258765,-0.64412355,0.17587647,2.5558765,1.8858764,-3.0941236,-2.4441235,-1.5141236
-6.5341234,-2.6641235,4.2558765,6.3658767,5.9858766,4.2258763,3.9458764,2.9758766,3.8958764,3.2558765,3.4458764,1.9558765,-1.4041235,-2.2641234,0.045876466,-0.88412356,-1.6741235,-1.8041235,-2.1741235,-0.124123536,4.3158765,1.9458765,1.8658764,2.8158765,3.2658765,3.1658764,3.9658766,-0.57412356,-2.7541234,-1.6741235,-1.3841236,-1.1741235,-0.08412354,1.0758765,0.61587644,1.5458765,0.67587644,0.18587646,-1.1241236,-2.1041236,-2.2441235
-4.1541233,-4.3941236,1.4958764,5.1758766,6.4858766,6.1158767,4.2858763,4.7658763,4.6858764,3.5258765,3.5758765,2.4058764,0.33587646,-1.2841235,-0.9841235,-1.1741235,-2.5441236,-2.6041236,-2.6741235,-1.4741235,-0.27412355,-0.7341235,-1.7941235,3.5558765,4.2458763,5.2258763,4.8758764,5.2158766,2.0258765,-1.3141235,-1.0641235,-1.1241236,-1.6241236,0.31587645,-1.2341236,-2.2141235,-2.9841235,-2.3541236,1.5658765,-0.37412354,-2.3941236
-3.8041236,-2.4341235,-1.9041235,3.9058764,6.0058765,6.6358767,6.4658766,5.6858764,6.1358767,4.5058765,3.8458765,2.9958766,1.8958764,1.7258765,-0.76412356,-1.1041236,-2.4141235,-3.2641234,-3.3341236,-2.6741235,-1.5241235,-0.094123535,-0.51412356,0.31587645,3.5658765,3.3558764,1.9258765,4.6758766,4.9058766,1.4558765,4.0358763,2.7758765,0.8858765,1.3458765,1.9758765,1.6458764,2.6358764,2.9158764,-0.5541235,1.4658765,-0.9441235
-5.0741234,-3.9741235,0.66587645,-0.70412356,4.825876,5.6458764,6.6058764,7.5258765,7.3658767,5.8158765,5.6958766,4.0658765,2.9758766,2.3058765,0.84587646,-0.10412353,-1.3441235,-3.3641236,-3.1941235,-3.4541235,-1.9141235,-0.36412352,-0.8141235,-1.4441235,2.6058764,4.4658766,4.575876,4.3658767,0.58587646,0.5058765,0.06587646,-0.57412356,-1.1141236,0.48587647,2.3658764,0.29587647,-0.22412354,1.2358764,0.30587646,-0.16412354,-0.13412353
-3.4841235,-3.2941236,-3.2841234,3.3058765,2.2858765,0.26587647,4.6858764,6.2758765,6.7258763,6.8058763,5.8658767,6.0058765,4.2358766,3.5658765,2.8858764,0.66587645,0.10587647,-1.1841235,-2.5341234,-2.9241235,-2.6541235,-2.9641235,-2.4741235,-2.1641235,1.5658765,3.3158765,6.2058764,3.0758765,2.0658765,1.9958764,2.9358764,3.0458765,0.7458765,1.8258765,2.5158765,4.3758764,2.0758765,-0.7341235,1.3558764,1.0958765,1.0458765
-4.0541234,-2.3141236,-2.7941236,-2.2641234,3.9758766,7.1758766,5.4358764,5.2658763,5.5658765,6.1758766,5.8758764,6.6058764,5.8158765,4.2358766,3.0458765,1.7658764,1.4758765,-0.17412354,-0.78412354,-0.77412355,-1.8041235,-3.4941235,-2.9541235,-0.53412354,-0.06412353,2.3058765,3.4758766,3.3058765,3.9358764,2.3758764,2.2258766,3.7258766,3.8758764,2.7858765,1.5458765,1.9158765,1.9558765,2.1758764,1.1858765,0.64587647,2.1258764
-3.3941236,-2.8941236,-2.1741235,0.09587646,1.1858765,5.1358767,5.7158766,5.8858767,4.9158764,5.5658765,5.9658766,6.3158765,7.0258765,6.4658766,4.7858763,3.1858764,1.8258765,-0.044123534,-0.21412353,-0.95412356,-0.5041235,-1.9841236,-4.2641234,-1.1241236,0.29587647,1.8158765,2.3458765,3.2558765,2.8658764,0.67587644,2.2258766,4.3658767,4.2958765,3.0158765,2.7458766,2.6258764,2.5758765,1.2858765,1.7258765,1.3958764,0.64587647
-2.0141234,-1.1241236,-1.2541236,-0.23412353,1.3058765,3.8458765,5.4958763,6.2158766,4.9158764,5.0058765,5.1258764,5.1358767,5.9958763,5.0458765,4.7458763,3.3958764,2.1258764,0.27587646,0.8058765,0.26587647,-1.6741235,-1.2041235,-1.8141235,-1.7041235,-0.43412355,-0.17412354,1.4758765,0.29587647,1.4658765,3.3158765,4.3858767,4.8658767,3.1658764,3.0958765,2.2558765,2.3758764,1.5158764,-0.5641235,-0.9441235,0.40587646,0.025876464
-1.8341235,-1.4141235,0.015876465,1.7058765,1.0258765,2.4258764,4.7758765,7.4458766,6.1458764,6.1158767,4.1058764,4.7058764,5.5158763,6.075876,4.9558764,3.3958764,2.8058765,1.8258765,0.96587646,0.22587647,-0.07412353,-0.28412354,0.17587647,-0.91412354,-1.4841236,-1.6241236,-0.28412354,0.085876465,1.7158765,4.5058765,5.2658763,4.9658766,3.7258766,2.7858765,2.4158764,2.2158766,1.8458765,1.2358764,2.0658765,1.8158765,0.66587645
-1.0941235,-0.58412355,-1.3541236,1.4558765,2.6958764,3.4558764,6.0558763,7.5658765,6.4658766,7.4458766,3.0558765,0.90587646,3.3358765,5.5858765,4.7458763,4.4358764,3.5958765,2.1958764,0.47587645,-0.84412354,-0.97412354,-0.11412354,0.79587644,1.5958765,1.1658765,-1.3941236,0.9958765,1.0958765,2.7858765,4.8458767,5.4958763,5.2558765,4.4458766,3.8558764,3.0658765,2.9558764,2.1758764,1.6558765,1.8758764,1.4458765,1.6858765
-1.1741235,-0.58412355,0.9358765,1.6358764,4.8858767,6.0958767,7.2158766,8.025876,7.2758765,6.7658763,3.9058764,3.9958766,1.4658765,2.7858765,5.9958763,5.1258764,3.9958766,2.2158766,0.30587646,-1.1841235,-1.7341236,-0.37412354,1.0758765,1.0658765,2.4858766,3.6758764,-2.0341234,1.3658764,3.7258766,4.9258766,4.7158766,5.075876,4.7458763,4.1158767,3.5758765,3.1258764,3.2758765,2.4658766,1.7858765,2.2858765,1.1558765
