wind_kz.json
{"header": {"discipline":0,"disciplineName":"Meteorological products","gribEdition":2,"gribLength":1025,"center":7,"centerName":"US National Weather Service - NCEP(WMC)","subcenter":0,"refTime":"2023-09-19T12:00:00.000Z","significanceOfRT":1,"significanceOfRTName":"Start of forecast","productStatus":0,"productStatusName":"Operational products","productType":1,"productTypeName":"Forecast products","productDefinitionTemplate":0,"productDefinitionTemplateName":"Analysis/forecast at horizontal level/layer at a point in time","parameterCategory":2,"parameterCategoryName":"UnknownDiscipline_0_Category_2","parameterNumber":2,"parameterNumberName":"UnknownParameter_D0_C2_2","parameterUnit":"Unknown","genProcessType":2,"genProcessTypeName":"Forecast","forecastTime":300,"surface1Type":103,"surface1TypeName":"Specified height level above ground","surface1Value":10.0,"surface2Type":255,"surface2TypeName":"Missing","surface2Value":0.0,"gridDefinitionTemplate":0,"gridDefinitionTemplateName":"Latitude_Longitude","numberPoints":615,"shape":6,"shapeName":"Earth spherical with radius of 6,371,229.0 m","gridUnits":"degrees","resolution":48,"winds":"true","scanMode":64,"nx":41,"ny":15,"basicAngle":0,"lo1":47.0,"la1":41.0,"lo2":87.0,"la2":55.0,"dx":1.0,"dy":1.0}, "data":
[rows 0 to 14 of 15, columns 0 to 40 of 41]
-2.0073187,-0.027318725,2.0126812,-2.6873188,-2.6673188,-2.7773187,-1.5773187,-2.5873187,-2.5173187,-1.0073187,-0.35731873,0.42268127,0.7126813,1.7426813,3.0126812,1.9626813,2.4926813,3.9826813,3.6326814,5.162681,2.0126812,1.3226813,-0.74731874,-1.4373187,1.2126813,-1.4373187,-2.7473187,0.07268128,-0.32731873,0.6726813,-0.7273187,2.0626812,1.2626812,0.55268127,-0.34731874,-0.7773187,-0.94731873,-1.0873188,-0.9573187,-1.0173187,2.8026812
2.7126813,0.41268128,-3.0873187,-2.4773188,-2.0773187,-2.1673188,-0.23731872,-1.4073187,-0.5173187,0.80268127,2.0126812,0.9526813,1.6026813,1.9426813,2.5326812,3.5526812,4.1726813,5.8226814,2.4026814,5.4626813,4.292681,1.4926813,-0.4673187,-2.4773188,0.55268127,0.5826813,-0.31731874,0.76268125,-0.11731873,-0.48731872,0.19268127,-0.19731873,-0.8973187,-1.7873187,0.61268127,-0.07731873,0.15268128,0.62268126,-0.057318725,0.8926813,-1.8673187
0.7026813,-1.7673187,0.21268128,0.55268127,0.38268128,-0.017318726,-0.007318726,1.1826813,1.0126812,1.7726812,2.6026812,2.5026813,3.2026813,3.5726812,3.8826814,4.162681,4.702681,6.3026814,6.9026814,4.452681,9.892681,7.7826815,1.3526813,0.9826813,0.7326813,0.9026813,-0.74731874,-2.0073187,-4.127319,-0.39731872,0.042681273,-0.037318725,-0.17731872,-0.4373187,-0.5373187,-0.92731875,0.49268126,0.11268128,-0.037318725,0.15268128,2.4126813
-0.9573187,0.7726813,2.7926812,3.5726812,2.6926813,1.2226813,2.4826813,3.0226812,3.1226814,3.1426814,3.4526813,3.6626813,6.2526813,4.8226814,4.022681,4.3026814,5.5326815,5.082681,7.3426814,5.8626814,5.722681,7.082681,0.68268126,2.9426813,4.522681,2.8426812,1.9126812,-2.3673186,-0.19731873,-0.16731873,0.86268127,-1.0773187,2.4926813,1.3226813,-3.1873188,-1.9073187,-0.8973187,2.4726813,-0.22731872,1.3826813,2.0926812
2.3926814,3.9726813,5.6726813,5.1926813,5.142681,2.9826813,3.2826812,3.3426812,3.7926812,3.8426812,3.7926812,3.6226814,5.2826815,5.6726813,4.432681,2.1326814,4.0526814,4.5726814,5.0526814,6.3626814,5.542681,5.972681,6.392681,1.5426812,3.3426812,2.6026812,0.30268127,2.2526813,-0.087318726,0.5426813,0.022681274,-2.6773188,-0.5473187,0.43268126,1.9426813,0.27268127,-0.18731873,-1.4973187,-0.22731872,0.29268128,-3.1073186
2.8426812,2.7026813,4.8826814,5.8826814,6.3026814,6.312681,5.082681,3.5826812,3.4526813,3.2926812,4.0026813,4.522681,5.702681,6.772681,4.892681,3.0026813,3.6226814,3.8226812,4.3826814,5.5126815,5.082681,5.892681,4.472681,2.0826812,1.4826813,0.6626813,1.9026812,0.6626813,0.36268127,-2.1173186,-3.6973188,0.86268127,3.4926813,2.9426813,1.2326813,-2.2273188,0.48268127,-2.7273188,1.0926813,-3.2173188,-3.9073188
5.0126815,4.5126815,4.5026813,4.312681,4.5026813,3.1426814,2.9226813,2.4626813,2.8126812,3.6626813,3.3026812,3.2826812,3.4726813,3.1726813,2.9526813,3.8826814,2.9326813,3.8426812,4.202681,6.1526814,6.2526813,5.5726814,3.2226813,1.7526813,0.87268126,0.9626813,-0.23731872,1.0426812,0.6526813,-1.4673188,-3.8773186,-0.4073187,2.1126814,-0.87731874,-5.207319,-3.2273188,0.10268127,2.5326812,-3.6673188,1.9526813,-0.5773187
7.3026814,4.792681,5.062681,4.062681,3.3526812,5.912681,3.6226814,0.6526813,3.3326812,3.2226813,3.7726812,4.4926815,3.2326813,3.6226814,3.6926813,4.4226813,2.6026812,3.2026813,3.1726813,5.272681,6.582681,5.412681,5.5026813,1.9726813,1.6926813,0.38268128,0.24268128,-1.5673187,-0.007318726,-0.5473187,-0.80731875,3.0526812,3.1226814,2.2026813,0.10268127,0.7026813,1.5726813,-4.707319,-6.0773187,-6.2173185,-3.1173186
7.0126815,6.832681,4.812681,1.1126813,5.4826813,5.582681,2.0826812,3.5926812,2.5126812,2.2326813,2.9026814,2.3426812,4.1326814,4.042681,4.4226813,5.2426815,1.0926813,1.7326813,2.6726813,3.7926812,5.772681,6.2526813,6.0726814,2.7826812,1.5326812,1.2426813,-0.32731873,-1.1473187,-0.74731874,-0.19731873,0.22268127,2.5326812,6.4026814,0.74268126,-1.3073187,-2.0673187,-1.0373187,-1.8173187,-2.2573187,-0.027318725,-2.5973186
6.142681,6.162681,5.3426814,3.0326812,2.2226813,7.1726813,7.4826813,2.4926813,2.4026814,2.8626814,2.8526812,2.9726813,3.0926812,4.452681,4.542681,-1.0373187,0.10268127,1.7026813,1.6926813,3.8026812,4.662681,5.7426815,5.6526814,5.022681,3.7226813,1.3926812,1.2626812,0.5826813,0.46268126,1.7626812,1.8126813,4.202681,3.0826812,-0.21731873,0.012681275,-0.47731873,-2.4173188,-0.9673187,-1.9473187,-0.06731872,-1.6673187
6.8826814,7.932681,6.9226813,4.892681,4.5726814,5.2126813,3.4926813,2.2626812,1.6526812,1.6026813,1.9526813,2.3326812,2.4726813,4.0326815,-1.2473187,-0.28731874,0.9026813,2.6126814,1.3926812,3.0726812,4.4626813,5.1926813,6.5126815,5.312681,5.272681,2.8626814,1.8726813,1.7426813,0.6526813,1.4126812,1.8426813,3.4326813,-0.9073187,-0.25731874,0.14268127,-1.8473188,-1.7173188,0.06268127,-1.3573188,0.45268127,-1.4973187
5.832681,6.6526814,7.4426813,6.5326815,3.4326813,2.6626813,2.2826812,3.4826813,0.37268126,-0.62731874,-0.36731872,1.2326813,1.7926812,-0.10731873,0.20268127,0.93268126,0.41268128,2.0026813,1.5626813,2.4226813,2.4826813,3.4826813,3.3626814,2.9026814,5.6326814,3.6826813,3.0226812,1.6926813,2.2326813,1.9226813,1.1326813,1.2126813,0.5826813,-1.4573188,0.5426813,2.0826812,-0.07731873,-1.1473187,-0.39731872,-0.6673187,-0.8373187
5.642681,5.472681,6.2626815,3.5826812,0.10268127,0.06268127,2.4326813,0.22268127,-1.5573187,-1.4273187,-0.7773187,-0.027318725,-0.99731874,-0.7973187,1.0026813,1.4626813,0.5826813,1.7026813,1.1926813,1.2326813,1.4926813,2.3426812,2.6126814,2.3826814,2.4126813,2.7426813,4.332681,1.7826812,2.0326812,1.5326812,1.3026813,1.6626812,1.0526813,0.33268127,0.5926813,0.7726813,0.9526813,-1.3073187,-1.7873187,-1.4873188,-1.4073187
6.0726814,5.0026813,5.972681,-0.50731874,-0.9673187,-0.99731874,0.30268127,-1.8673187,-1.6673187,-1.1773187,-0.94731873,-0.41731873,0.22268127,-0.55731875,0.20268127,1.2326813,2.2426813,0.9026813,1.2326813,1.1326813,0.41268128,2.6326814,2.9026814,2.9026814,3.5926812,1.7926812,0.61268127,2.7126813,2.0026813,1.2526813,1.2526813,0.5826813,0.42268127,-0.017318726,0.56268126,-0.69731873,-1.0973188,-0.5973187,-2.3873186,-0.8473187,-1.0673187
4.4626813,4.7426815,0.9826813,-2.2473187,-2.5273187,-1.6873187,-0.73731875,-3.1573188,-2.5473187,-2.0573187,-1.5373187,-0.98731875,-0.6673187,-0.39731872,1.1626812,0.7026813,0.45268127,0.5426813,1.5926813,1.8126813,1.5326812,1.9226813,1.9626813,2.2226813,2.4926813,3.1026812,0.38268128,0.68268126,2.7626812,1.6826813,1.0426812,0.7926813,0.43268126,0.2526813,0.22268127,0.93268126,-0.68731874,0.75268126,1.3926812,0.46268126,-1.8973187
