wind_kz.json
{"header": {"discipline":0,"disciplineName":"Meteorological products","gribEdition":2,"gribLength":1025,"center":7,"centerName":"US National Weather Service - NCEP(WMC)","subcenter":0,"refTime":"2023-10-02T18:00:00.000Z","significanceOfRT":1,"significanceOfRTName":"Start of forecast","productStatus":0,"productStatusName":"Operational products","productType":1,"productTypeName":"Forecast products","productDefinitionTemplate":0,"productDefinitionTemplateName":"Analysis/forecast at horizontal level/layer at a point in time","parameterCategory":2,"parameterCategoryName":"UnknownDiscipline_0_Category_2","parameterNumber":3,"parameterNumberName":"UnknownParameter_D0_C2_3","parameterUnit":"Unknown","genProcessType":2,"genProcessTypeName":"Forecast","forecastTime":60,"surface1Type":103,"surface1TypeName":"Specified height level above ground","surface1Value":10.0,"surface2Type":255,"surface2TypeName":"Missing","surface2Value":0.0,"gridDefinitionTemplate":0,"gridDefinitionTemplateName":"Latitude_Longitude","numberPoints":615,"shape":6,"shapeName":"Earth spherical with radius of 6,371,229.0 m","gridUnits":"degrees","resolution":48,"winds":"true","scanMode":64,"nx":41,"ny":15,"basicAngle":0,"lo1":47.0,"la1":41.0,"lo2":87.0,"la2":55.0,"dx":1.0,"dy":1.0}, "data":
[rows 0 to 14 of 15, columns 0 to 40 of 41]
-1.9337524,0.13624756,-2.7337525,-11.293753,-13.363752,0.14624757,4.3562474,1.0562476,-2.6737525,-5.0637527,-5.7637525,-0.6837524,-1.4537524,-1.9437524,-3.2537525,-3.9737525,-2.5337524,-1.8137524,-4.1037526,-2.2337525,-0.77375245,-2.8037524,-0.42375243,1.1162475,1.2862476,0.77624756,-0.27375245,1.0162475,-0.40375245,-1.2837524,-0.32375243,0.6962476,-0.13375244,-0.52375245,0.89624757,-0.60375243,1.1362475,1.5862476,0.61624753,1.4462476,3.4862475
-2.6537523,-0.78375244,-7.023752,-11.633753,-10.383753,-2.2837524,1.8562475,1.7362475,2.5762475,0.6962476,-2.9137526,-5.4037523,-1.4937525,-2.8437524,-4.1237526,-2.7437525,-1.0737524,-3.0637524,-4.1137524,-3.5437524,-1.1637524,-1.9437524,-2.3737524,1.2662475,2.9162476,2.9062476,2.8162475,1.7162476,-0.06375244,1.6862476,-0.8137524,0.36624756,1.5562476,1.4262476,1.9562476,1.8762475,2.2062476,1.7662475,2.8762476,2.1762476,0.8162476
-1.2137524,-2.5837524,-5.503752,-10.143752,-9.373753,-4.6237526,-2.1637526,-0.21375245,2.8462477,4.0062475,5.0262475,3.2062476,1.1462475,-0.45375243,-1.5437524,-2.4937525,-3.0537524,-3.7737525,-4.9637523,-3.1537523,0.28624755,-0.85375243,0.37624756,1.0462476,-1.9537524,-2.0237525,-1.1237525,-2.2337525,-0.78375244,-1.7737525,-0.9237524,0.44624755,-1.0337524,0.8862476,0.5662476,-2.2237525,-3.0537524,1.5562476,-1.8937525,0.02624756,0.14624757
-0.51375246,0.02624756,-3.8237524,-7.3937526,-5.7637525,-4.5837526,-3.9037523,-0.58375245,2.6362476,2.6662476,1.7162476,0.9362476,-0.15375245,-1.0037525,-1.4037524,-3.1637526,-3.0837524,-4.0437527,-4.9437523,-3.8237524,0.05624756,-1.2337525,-0.6837524,-0.41375244,-0.50375247,-0.8737524,-0.77375245,-0.89375246,0.59624755,0.13624756,-0.39375246,0.23624755,0.70624757,0.25624755,0.92624754,2.1562476,3.3762476,2.6062477,-3.1537523,-1.6937524,-0.6837524
-0.27375245,-1.8037524,-2.0237525,-1.5237525,-3.9937525,-4.0437527,-3.4837525,-1.4937525,2.8162475,2.0662475,2.2862475,1.1062475,-0.7337524,-1.9537524,-1.9437524,-2.4637525,-2.8537524,-2.8937523,-3.7337525,-3.6937525,-1.5237525,-0.19375244,-0.9237524,-0.9937524,-0.57375246,-0.54375243,-1.9337524,-1.6137525,-1.3437524,-2.3837523,-2.6537523,-1.4937525,2.3062475,1.5362476,0.49624756,1.5162475,3.0662475,-0.50375247,-1.9637524,-0.16375244,0.43624756
1.3062476,0.7562476,-0.8037524,-2.0537524,-1.7937524,-2.9337525,-3.1637526,1.0762476,2.8562477,1.9462476,2.2662475,1.4962475,-0.08375244,-2.3337524,-2.1137524,-2.6037524,-3.1037524,-2.6237524,-2.3737524,-1.2337525,-1.0837524,-1.5737524,-0.013752442,-0.05375244,-0.36375245,0.21624756,-0.36375245,-3.0237525,-1.1237525,-1.9937525,-2.1437523,-2.0637524,-1.8337524,-2.7437525,-2.3337524,6.6062474,-2.0537524,4.476248,-0.24375243,-0.15375245,-0.25375244
-1.2637525,3.1262476,1.7462475,-0.22375244,-1.9037524,-1.7337525,-1.8537525,0.5062476,2.2362475,2.2862475,2.0462475,0.90624756,-0.34375244,-1.8537525,-2.3537524,-2.3137524,-3.1337523,-2.3237524,-0.38375244,-0.5637524,-0.94375247,-0.19375244,0.14624757,0.92624754,1.0862476,1.0462476,0.45624757,0.43624756,-0.27375245,-1.5437524,-1.5537524,-1.4637524,-1.5837524,-0.05375244,1.7062476,1.4262476,2.2062476,2.5262475,1.6962476,2.4862475,1.2462475
-0.42375243,3.0062475,4.1362476,2.8862476,1.1462475,-0.72375244,-0.79375243,-0.32375243,0.48624757,2.6262476,1.9062476,1.4462476,0.15624756,0.36624756,-1.2137524,-1.6337525,-1.8837525,-1.8637525,-1.2837524,1.2662475,-0.123752445,-0.50375247,-0.45375243,0.43624756,0.10624756,0.80624753,1.3262476,0.66624755,0.13624756,-0.54375243,-1.1737524,-1.6637524,0.07624756,-1.9437524,0.30624756,0.46624756,-2.1037524,-0.72375244,-0.44375244,0.25624755,1.0362476
1.4062476,-0.29375243,4.8862476,4.2362475,3.6662476,2.2462475,0.72624755,0.18624756,1.5762476,1.5462476,1.9262476,1.1962476,1.0862476,0.46624756,0.5162476,-0.37375244,-0.79375243,-1.0237525,-0.83375245,-0.31375244,2.0662475,0.12624756,-1.0637524,0.02624756,-0.41375244,-0.5637524,0.46624756,0.8162476,0.29624757,0.40624756,-0.14375244,-1.1837524,0.046247557,-0.34375244,0.59624755,1.6062475,0.8162476,-0.31375244,1.7962476,1.2862476,0.66624755
2.3262475,2.3762476,1.7362475,3.7362475,4.5862474,4.4162474,3.8962476,2.7662475,2.3562477,1.9362476,2.4262476,1.8862475,1.1262475,1.3862475,1.8962475,1.4462476,1.1662476,0.5062476,-0.19375244,0.31624755,0.79624754,0.29624757,-0.22375244,-0.69375247,-0.6237524,-0.6137524,-0.49375245,0.48624757,1.0662476,0.5062476,-0.5637524,0.43624756,1.9762475,1.4662476,0.19624756,0.23624755,0.61624753,1.9862475,0.95624757,0.29624757,2.0062475
4.0562477,3.7862475,2.9462476,3.1562476,3.5962477,4.7362475,4.4362473,3.8062475,3.0262475,2.9962475,2.8462477,1.9962475,2.0162475,1.9762475,1.9762475,1.9262476,3.2662475,2.8262475,2.6462476,2.0762475,1.7362475,1.2662475,0.49624756,-0.11375244,-0.45375243,-0.25375244,-0.0037524414,-0.45375243,-0.43375245,-0.79375243,-0.11375244,2.0162475,2.5662475,2.0862474,1.9662476,1.5862476,1.0462476,-0.40375245,0.38624755,1.1462475,0.19624756
3.8362474,4.0462475,4.4462476,4.0462475,4.0662475,4.3762474,4.2562475,3.7562475,3.8162475,3.3962476,2.0962477,2.1362476,2.1462476,2.5262475,2.5162475,2.6862476,3.2762475,2.9362476,3.7462475,3.1662476,2.9662476,2.4562476,1.8262476,1.3062476,0.71624756,0.78624755,1.0662476,0.5762476,-0.36375245,-0.97375244,0.61624753,1.5562476,1.6362475,2.6062477,1.2162476,1.0862476,1.5962476,-0.023752442,-0.91375244,-0.013752442,-0.58375245
2.0462475,3.4062476,4.6262474,4.0962477,4.9462476,3.3562477,4.1062474,4.4262476,4.8962474,4.2162476,2.1962476,2.1662476,2.7762475,2.2862475,2.4862475,2.8362474,3.6962476,3.5062475,4.3862476,3.1762476,4.0062475,3.7662475,2.7162476,2.3962476,1.8562475,2.1962476,1.5362476,1.8962475,1.5962476,1.4862475,1.4762475,2.1062477,1.8162476,1.3362476,1.7662475,2.3862476,2.4962475,1.4562476,2.4562476,2.2462475,1.1162475
0.8862476,2.3562477,1.9262476,3.5862474,4.3862476,5.3862476,5.3562474,5.246248,4.8562474,5.4662476,3.2862475,1.7662475,1.9162476,2.8562477,2.8162475,2.9562476,3.3262475,3.6962476,3.8362474,3.6562476,3.3462477,3.5062475,3.2662475,2.4062476,2.1962476,2.8462477,3.0862474,3.0962477,2.9462476,2.8562477,2.6262476,2.5262475,2.5562475,2.8062475,2.2962475,2.8962476,2.2562475,2.7562475,2.8562477,2.6862476,3.0762475
0.60624754,0.35624754,1.4262476,3.1162477,3.9462476,3.9362476,4.496248,5.7762475,5.476248,5.6262474,4.4262476,4.7662477,3.0062475,2.4062476,3.6162477,3.3862476,3.5162475,3.7362475,3.9462476,4.0262475,3.8162475,3.5762475,3.1062477,2.9762475,2.8962476,3.1262476,3.5762475,3.1362476,3.1862476,3.3762476,3.8762476,4.1362476,2.6962476,3.2462475,3.1562476,3.1162477,4.0562477,4.1562476,3.4962475,4.0862474,3.6062477
