wind_kz.json
{"header": {"discipline":0,"disciplineName":"Meteorological products","gribEdition":2,"gribLength":1102,"center":7,"centerName":"US National Weather Service - NCEP(WMC)","subcenter":0,"refTime":"2023-08-28T00:00:00.000Z","significanceOfRT":1,"significanceOfRTName":"Start of forecast","productStatus":0,"productStatusName":"Operational products","productType":1,"productTypeName":"Forecast products","productDefinitionTemplate":0,"productDefinitionTemplateName":"Analysis/forecast at horizontal level/layer at a point in time","parameterCategory":2,"parameterCategoryName":"UnknownDiscipline_0_Category_2","parameterNumber":2,"parameterNumberName":"UnknownParameter_D0_C2_2","parameterUnit":"Unknown","genProcessType":2,"genProcessTypeName":"Forecast","forecastTime":60,"surface1Type":103,"surface1TypeName":"Specified height level above ground","surface1Value":10.0,"surface2Type":255,"surface2TypeName":"Missing","surface2Value":0.0,"gridDefinitionTemplate":0,"gridDefinitionTemplateName":"Latitude_Longitude","numberPoints":615,"shape":6,"shapeName":"Earth spherical with radius of 6,371,229.0 m","gridUnits":"degrees","resolution":48,"winds":"true","scanMode":64,"nx":41,"ny":15,"basicAngle":0,"lo1":47.0,"la1":41.0,"lo2":87.0,"la2":55.0,"dx":1.0,"dy":1.0}, "data":
[rows 0 to 14 of 15, columns 0 to 40 of 41]
-4.354873,1.4251269,-2.6348732,-2.1648731,-1.394873,-0.79487306,7.375127,2.445127,1.765127,2.305127,2.665127,3.8651268,5.715127,5.345127,6.615127,5.185127,5.545127,4.405127,5.425127,7.775127,4.525127,0.55512697,-1.644873,3.215127,6.025127,3.0851269,4.515127,4.085127,-0.024873046,0.13512695,-1.144873,0.8451269,-0.44487303,-0.61487305,3.805127,0.50512695,2.5951269,3.515127,3.8551269,2.395127,2.175127
0.855127,-2.834873,-3.054873,-2.3748732,-2.174873,0.86512697,2.405127,0.89512694,1.945127,2.235127,3.265127,3.935127,4.525127,5.215127,5.925127,6.875127,5.365127,6.505127,4.145127,6.325127,6.165127,6.735127,-3.864873,-3.754873,2.955127,-0.08487305,0.52512693,2.215127,1.3051269,1.965127,0.50512695,-1.264873,-0.61487305,-1.4748731,-0.49487305,2.535127,2.985127,3.6251268,4.585127,0.80512697,-1.8248731
-6.854873,-4.5248733,-3.104873,-1.414873,1.6751269,1.4351269,2.005127,2.155127,4.175127,4.005127,4.255127,4.4951267,4.625127,3.3651268,5.575127,6.465127,7.9751267,8.205127,7.685127,4.405127,6.425127,3.6151268,1.5551269,2.725127,12.515127,5.905127,2.8551269,2.415127,4.935127,0.005126953,0.26512694,-2.174873,-0.61487305,-0.08487305,-0.644873,0.89512694,0.735127,-0.704873,3.665127,3.825127,-2.864873
-6.934873,-4.324873,-2.8848732,0.45512694,3.645127,1.455127,2.565127,3.985127,4.905127,6.305127,6.685127,7.095127,4.405127,5.795127,7.175127,7.545127,8.285127,8.935127,8.295127,8.165127,3.915127,6.965127,5.435127,6.865127,8.965127,6.825127,12.925127,6.435127,0.69512695,-1.794873,-1.754873,-0.21487305,2.055127,2.565127,2.775127,2.465127,0.20512696,0.25512695,-1.884873,-0.79487306,2.295127
-5.494873,-3.024873,-2.1448731,-0.30487305,1.595127,2.945127,4.465127,6.335127,6.755127,7.115127,7.805127,7.175127,7.2251267,8.585127,7.955127,9.965127,9.775127,8.615127,8.2351265,7.965127,9.285127,7.535127,8.715127,4.665127,6.565127,10.505127,19.065126,8.895127,6.445127,0.61512697,0.92512697,-1.424873,-0.45487306,-0.91487306,-2.074873,-2.174873,2.045127,-2.1348732,-1.3248731,0.41512695,0.95512694
-2.434873,1.865127,0.92512697,4.125127,4.015127,5.605127,8.185127,7.535127,6.855127,8.165127,7.885127,7.655127,8.565127,9.675127,9.655127,6.905127,10.345127,10.865127,8.995127,9.155127,9.155127,10.045127,7.2251267,8.755127,6.285127,3.555127,6.7251267,0.32512695,6.115127,0.68512696,0.8451269,-1.384873,0.09512696,-0.63487303,-1.864873,-3.204873,0.82512695,-3.094873,-0.93487304,1.6751269,1.335127
2.305127,4.405127,4.355127,5.115127,4.405127,4.965127,5.365127,6.9751267,5.425127,6.385127,8.385127,7.585127,8.495127,7.845127,9.815127,9.255127,8.875127,9.635127,11.695127,9.085127,8.995127,9.785127,8.405127,6.015127,9.045127,5.575127,8.925127,8.635127,2.3351269,2.985127,0.7851269,0.96512693,0.24512695,-1.7048731,-0.514873,-1.5648731,-0.78487307,0.34512696,0.68512696,0.40512696,-0.54487306
2.455127,3.485127,4.415127,5.185127,5.685127,5.9751267,6.655127,6.825127,5.585127,6.535127,7.375127,8.185127,9.395127,10.355127,8.9851265,9.805127,8.975127,9.645127,8.905127,8.655127,9.105127,10.185127,9.295127,7.235127,7.2251267,10.345127,5.605127,10.765127,7.515127,3.725127,5.565127,1.755127,1.7751269,1.195127,3.275127,-3.854873,-1.3548731,2.705127,-0.16487305,-4.544873,-3.934873
3.765127,4.465127,4.455127,4.635127,4.9751267,5.455127,5.945127,3.725127,4.035127,7.055127,5.895127,9.475127,9.355127,8.935127,9.555127,8.945127,11.585127,7.715127,7.055127,6.9751267,8.695127,10.425127,9.405127,7.165127,7.935127,9.195127,8.2351265,9.035127,4.425127,5.685127,5.2451267,2.3351269,2.635127,2.715127,0.39512694,-0.14487305,0.545127,1.0551269,-0.13487305,0.17512695,-0.37487304
3.575127,3.705127,4.765127,4.525127,4.785127,4.815127,5.235127,3.005127,5.085127,4.095127,7.325127,9.405127,8.615127,9.255127,8.855127,7.705127,7.615127,6.9751267,5.115127,6.295127,7.895127,8.295127,9.855127,8.4851265,7.485127,7.635127,8.075127,8.555127,4.845127,6.195127,-0.13487305,2.575127,4.085127,-2.604873,-1.524873,-1.764873,-1.8148731,-0.22487305,1.105127,0.71512693,1.3951269
3.895127,3.775127,3.315127,4.135127,4.455127,4.785127,4.445127,5.155127,3.885127,6.905127,6.135127,8.7351265,6.685127,7.9951267,9.045127,7.575127,3.8751268,7.555127,5.685127,3.815127,5.7251267,6.395127,3.825127,7.065127,3.055127,4.915127,7.105127,6.685127,3.6051269,0.32512695,2.405127,-3.264873,-3.6248732,-2.604873,-2.354873,-1.924873,0.065126956,1.125127,1.265127,0.50512695,1.1451269
3.065127,2.535127,3.995127,2.815127,3.8651268,3.885127,3.565127,3.8751268,3.895127,4.945127,5.825127,5.685127,6.255127,8.195127,6.665127,0.40512696,-1.9648731,4.875127,0.82512695,1.4051269,2.0851269,0.80512697,4.355127,3.3451269,4.155127,7.025127,7.255127,6.505127,-0.61487305,-1.014873,-5.014873,-4.694873,-0.764873,-2.174873,-3.1248732,-3.504873,-3.194873,-4.154873,-1.5648731,-1.264873,-0.584873
2.235127,2.485127,1.015127,4.055127,2.915127,2.665127,3.485127,1.965127,6.215127,1.8151269,3.255127,4.235127,2.635127,-1.8148731,-2.074873,-1.554873,0.31512696,0.51512694,1.495127,1.6651269,0.915127,2.545127,3.415127,3.035127,3.405127,6.185127,6.355127,6.9951267,3.665127,-7.724873,-5.904873,-2.084873,-4.674873,-5.494873,-4.154873,-3.194873,-2.8848732,-1.9548731,-2.974873,-2.264873,-0.80487305
2.185127,2.445127,3.305127,2.305127,2.185127,2.3651268,2.545127,2.215127,3.6051269,1.705127,1.745127,2.985127,-0.24487305,-2.544873,0.30512697,-0.764873,-1.774873,-1.3148731,1.1851269,0.86512697,1.3051269,1.9151269,4.105127,0.71512693,4.005127,4.405127,5.685127,3.945127,2.165127,-6.184873,-4.364873,-5.914873,-4.724873,-5.674873,-3.464873,-3.684873,-2.784873,-2.494873,-2.294873,-1.874873,-0.85487306
2.215127,2.415127,1.4151269,2.525127,1.705127,1.455127,2.165127,1.385127,-1.0848731,0.665127,1.4351269,1.375127,1.095127,-0.21487305,2.075127,1.995127,1.4051269,2.005127,1.465127,0.49512696,1.9151269,2.065127,-0.09487305,2.075127,3.755127,5.295127,-1.5848731,3.175127,-3.444873,-6.264873,-7.394873,-7.214873,-6.694873,-4.994873,-5.644873,-3.4148731,-2.564873,-2.444873,-2.3748732,-2.504873,-2.9048731
