wind_kz.json
{"header": {"discipline":0,"disciplineName":"Meteorological products","gribEdition":2,"gribLength":1025,"center":7,"centerName":"US National Weather Service - NCEP(WMC)","subcenter":0,"refTime":"2023-10-05T00:00:00.000Z","significanceOfRT":1,"significanceOfRTName":"Start of forecast","productStatus":0,"productStatusName":"Operational products","productType":1,"productTypeName":"Forecast products","productDefinitionTemplate":0,"productDefinitionTemplateName":"Analysis/forecast at horizontal level/layer at a point in time","parameterCategory":2,"parameterCategoryName":"UnknownDiscipline_0_Category_2","parameterNumber":2,"parameterNumberName":"UnknownParameter_D0_C2_2","parameterUnit":"Unknown","genProcessType":2,"genProcessTypeName":"Forecast","forecastTime":240,"surface1Type":103,"surface1TypeName":"Specified height level above ground","surface1Value":10.0,"surface2Type":255,"surface2TypeName":"Missing","surface2Value":0.0,"gridDefinitionTemplate":0,"gridDefinitionTemplateName":"Latitude_Longitude","numberPoints":615,"shape":6,"shapeName":"Earth spherical with radius of 6,371,229.0 m","gridUnits":"degrees","resolution":48,"winds":"true","scanMode":64,"nx":41,"ny":15,"basicAngle":0,"lo1":47.0,"la1":41.0,"lo2":87.0,"la2":55.0,"dx":1.0,"dy":1.0}, "data":
[rows 0 to 14 of 15, columns 0 to 40 of 41]
0.1432666,-1.4167334,0.6732666,0.2132666,-2.6467333,-6.496733,-6.6467333,-7.1567335,-8.046734,-4.0567336,-4.6767335,-4.5267334,-4.8767333,-4.5967336,-3.8367333,-3.5067334,-2.4767334,-3.4267335,-3.7667334,-3.0967333,-2.1967335,0.7632666,-0.55673337,-1.8667334,-0.3367334,-1.2467334,-3.1867335,-3.5967333,0.3032666,1.0832666,1.2432666,3.1832666,2.1932666,2.5332665,1.0832666,-0.9067334,-2.8167334,-7.0467334,-6.4067335,-7.706733,-1.5567334
1.7132666,1.1232666,0.4332666,-0.3367334,-6.8667336,-7.9667335,-4.6967335,-8.096733,-5.2167335,-4.6967335,-3.9267335,-4.496733,-4.0867333,-3.2467334,-2.7867334,-3.3267334,-2.1767335,-3.2367334,-2.6867335,-3.1267333,-2.9167335,-0.9467334,0.0532666,-2.3967333,-0.7967334,-0.12673339,-0.7467334,0.3732666,-2.3767333,-2.2967334,-0.026733398,-0.076733395,1.8032666,-2.1067333,1.0032666,0.1332666,-0.076733395,0.6132666,-0.9867334,2.1932666,2.7932665
-0.2567334,-3.3867333,-6.476733,-8.216733,-8.526733,-6.7967334,-5.6867332,-3.8467333,-5.2867336,-4.456733,-4.3767333,-4.2967334,-3.7767334,-3.9067335,-3.7167335,-3.6167333,-4.1767335,-2.6567335,-0.8867334,0.9632666,1.0132666,-1.4067334,-4.226733,-4.2167335,0.9332666,-2.5867333,-2.9667335,-3.0267334,-1.2467334,-0.6467334,-1.6867334,3.3132665,0.1232666,-0.8567334,0.2832666,-1.9167334,0.1332666,0.8832666,3.8532667,3.2732666,1.9432666
-3.4667335,-6.4867334,-7.1267333,-7.516733,-6.0867333,-4.7367334,-2.9467335,-4.3367333,-3.8167334,-3.8167334,-3.6367333,-3.7367334,-3.9267335,-4.3767333,-3.4767334,-3.2867334,-3.7167335,-3.0067334,-2.4167335,-2.3067334,-2.1967335,-3.0767334,-2.0767334,-3.6467333,-3.5467334,-3.5167334,-3.1467333,-5.8667336,-3.4067335,-4.1567335,-3.9267335,-7.5067334,-5.5867333,-3.9267335,-2.8867333,-2.8567333,-2.3567333,3.0532665,2.4832666,-0.2767334,-0.046733398
-4.0767336,-6.1967335,-5.746733,-5.206733,-4.3367333,-3.5367334,-2.6167333,-2.1267333,-2.6167333,-2.1967335,-2.3567333,-2.2867334,-3.3367333,-2.5667334,-3.0867333,-2.7367334,-3.2467334,-3.1367333,-3.0067334,-4.5467334,-4.9467335,-4.5467334,-4.3167334,-3.7567334,-3.7867334,-4.0067334,-5.2167335,-3.8467333,-3.4967334,-1.9567333,-2.4267335,-2.6167333,-3.2367334,1.0232666,2.1432667,0.3932666,2.1832666,0.5932666,0.9232666,3.6832666,4.543267
-3.5567334,-2.8967333,-4.3567333,-4.3967333,-3.3167334,-2.9867334,-2.3967333,-1.8167334,-1.3567334,-2.0067334,-1.7167335,-0.9967334,-0.9667334,-0.6467334,-1.4367334,-0.8367334,-1.6367334,-2.3467333,-2.9467335,-2.6167333,-2.9967334,-2.8267334,-2.7567334,-2.7467334,-2.8667333,-2.8167334,-0.9367334,-1.3567334,-0.2467334,-0.4867334,-1.2867334,-1.5767334,-1.9067334,-1.2867334,-0.3167334,-2.6567335,1.1332666,3.0332665,6.0832667,2.9732666,-2.4567335
-3.1667335,-3.0967333,-3.0067334,-2.8667333,-3.1567335,-2.5767334,-1.7167335,-1.4367334,-0.6067334,-0.1967334,0.1332666,0.3732666,1.3132666,2.0832665,2.3032665,2.4432666,1.8032666,1.7732666,0.5032666,0.3132666,0.6432666,0.9632666,0.9732666,1.0932666,1.3132666,1.7932667,2.1132667,2.7332666,2.5832665,2.1032667,1.3832666,1.5732666,2.4032667,0.0432666,-2.3667333,-1.1467334,-1.5567334,0.5932666,-0.4967334,1.1532665,2.3032665
-1.0267334,-0.5667334,-0.4767334,-0.2867334,-0.0067333984,0.3732666,0.33326662,0.0532666,1.0932666,0.6632666,1.0632666,2.4332666,2.6032667,3.1332667,3.4332666,3.5932665,3.1932666,2.7632666,1.9332666,1.9332666,3.7032666,3.0632665,3.0932665,2.5132666,2.6932666,2.0332665,3.7532666,2.6132667,4.2632666,3.4532666,4.8232665,4.6632667,2.0332665,1.5632666,2.9132667,2.0532665,-0.1967334,0.1332666,3.0732665,5.8032665,1.0232666
0.6432666,1.5532666,1.5532666,1.9632666,2.0132666,2.0132666,2.2232666,1.7932667,1.6732666,2.3432665,2.9232666,2.8132665,4.4232664,3.5032666,4.1332664,3.6232667,3.9432666,3.1132667,3.2432666,2.6232667,4.6232667,5.0632668,4.3932667,3.8432665,4.1932664,4.4432664,4.3232665,4.2232666,5.6832666,4.0532665,5.773267,5.8232665,8.943267,4.1632667,4.7132664,-0.7367334,-0.9767334,-0.5267334,0.7532666,0.8932666,-0.5767334
1.1932666,1.4732666,2.1032667,2.1432667,2.3832667,2.3532667,2.5632665,2.4532666,2.6532667,3.0132666,3.5832665,4.0932665,3.8832667,5.2632666,5.2132664,5.1832666,4.5632668,4.3932667,3.9632666,3.4832666,6.0632668,7.4232664,7.023267,5.8432665,5.253267,5.7232666,6.3732667,7.3832664,7.4532666,8.393267,7.6732664,6.5332665,4.3132668,6.0732665,3.1132667,1.8332666,-2.3367333,-1.3167334,0.15326661,1.4432666,-0.0367334
1.9632666,2.6632667,2.6632667,2.6832666,2.7732666,2.4432666,2.9432666,3.1932666,2.9432666,3.5332665,4.023267,3.7032666,3.5232666,5.0632668,6.3132668,5.5532665,4.7432666,5.503267,4.4532666,4.983267,5.6032667,6.6132665,6.3932667,6.253267,5.9232664,6.0532665,7.3632665,8.3432665,8.743267,9.523267,7.8932667,6.793267,4.5732665,3.2132666,2.0232666,1.2232666,-0.4767334,0.3132666,-0.1867334,0.9532666,-0.6067334
1.6632667,1.7432666,2.0932665,1.9632666,2.6132667,1.8032666,1.8832666,2.2532666,2.3732667,2.6932666,2.7332666,3.7932665,4.0832667,4.6732664,4.5332665,4.4132667,4.5732665,4.0732665,2.6832666,3.8832667,4.3732667,5.273267,5.2432666,5.7432666,6.5632668,6.0332665,7.1732664,8.233267,7.5532665,7.2032666,5.6432667,4.9932666,3.6932666,3.7232666,2.3532667,4.1832666,4.9632664,0.4032666,-0.2067334,-0.7467334,-0.6567334
0.5232666,0.5232666,0.4232666,1.7732666,1.4332666,1.0432667,1.5332665,1.2632666,1.3332666,0.9232666,0.8232666,2.2232666,3.1932666,3.6132667,3.6432667,3.4632666,3.3632667,3.6032667,3.5032666,4.003267,3.7632666,4.543267,5.4632664,5.6232667,6.1332664,5.4632664,4.6732664,5.233267,5.5832667,4.3932667,4.9632664,4.9932666,4.9732666,4.0532665,3.9232666,3.8632667,4.3632665,3.0832665,1.1632667,-0.6167334,-0.8167334
0.15326661,0.4432666,0.6632666,1.2932667,0.9132666,0.7932666,0.5432666,1.0332665,0.8432666,0.8232666,0.5832666,1.3132666,2.0632665,3.0932665,3.1532667,3.0632665,3.2232666,3.4232666,3.2932665,4.1932664,4.5732665,4.5932665,5.4632664,5.753267,5.7432666,5.7132664,5.0832667,5.3632665,4.7232666,4.3232665,3.4332666,3.5132666,3.4432666,3.4632666,3.8032665,3.1332667,2.4832666,3.2732666,3.7232666,2.6532667,1.5832666
-0.1767334,0.2632666,0.6532666,0.1932666,0.7132666,0.6032666,0.9132666,1.1432666,1.8432666,0.9932666,0.0032666016,1.4532666,1.7832665,2.1832666,4.1632667,4.1032667,3.9632666,3.7532666,3.4432666,4.6632667,4.6832666,4.983267,4.5732665,5.0732665,5.4932666,5.3932667,5.3032665,4.8532667,4.4432664,3.8632667,4.9232664,6.1432667,3.1532667,3.4332666,3.8532667,3.9432666,3.6632667,3.7032666,3.1832666,2.6132667,0.3432666
