wind_kz.json
{"header": {"discipline":0,"disciplineName":"Meteorological products","gribEdition":2,"gribLength":1025,"center":7,"centerName":"US National Weather Service - NCEP(WMC)","subcenter":0,"refTime":"2023-08-27T18:00:00.000Z","significanceOfRT":1,"significanceOfRTName":"Start of forecast","productStatus":0,"productStatusName":"Operational products","productType":1,"productTypeName":"Forecast products","productDefinitionTemplate":0,"productDefinitionTemplateName":"Analysis/forecast at horizontal level/layer at a point in time","parameterCategory":2,"parameterCategoryName":"UnknownDiscipline_0_Category_2","parameterNumber":2,"parameterNumberName":"UnknownParameter_D0_C2_2","parameterUnit":"Unknown","genProcessType":2,"genProcessTypeName":"Forecast","forecastTime":240,"surface1Type":103,"surface1TypeName":"Specified height level above ground","surface1Value":10.0,"surface2Type":255,"surface2TypeName":"Missing","surface2Value":0.0,"gridDefinitionTemplate":0,"gridDefinitionTemplateName":"Latitude_Longitude","numberPoints":615,"shape":6,"shapeName":"Earth spherical with radius of 6,371,229.0 m","gridUnits":"degrees","resolution":48,"winds":"true","scanMode":64,"nx":41,"ny":15,"basicAngle":0,"lo1":47.0,"la1":41.0,"lo2":87.0,"la2":55.0,"dx":1.0,"dy":1.0}, "data":
[rows 0 to 14 of 15, columns 0 to 40 of 41]
-2.0529833,-1.4829834,0.3270166,0.2970166,-4.6829834,-9.892983,-9.222983,-8.952984,-10.502983,-6.9129834,-7.4329834,-6.172983,-5.6629834,-4.5929832,-3.4629834,-2.4229834,-1.6529834,-0.8529834,-2.3029833,-1.1629834,-3.3529835,-1.1329834,-2.1229835,-2.2829833,0.0670166,-2.1329834,-2.8829834,-0.3129834,0.5270166,-1.0929834,-0.6229834,2.0470166,-0.7229834,-3.3229835,-7.7229834,-5.5629835,0.78701663,-0.0029833985,-3.1729834,-0.7529834,2.5870166
1.3270166,-0.8329834,-3.2229834,-3.7129834,-8.952984,-8.722983,-8.032984,-8.222983,-6.8529835,-4.5829835,-6.9729834,-5.9329834,-3.9329834,-3.0729835,-2.9329834,-2.5929835,-1.4529834,-3.8929834,-3.0829835,-1.1429834,-0.7529834,0.5270166,-0.9129834,-2.1929834,0.3770166,0.8270166,-0.2729834,1.5870166,-1.8629833,-1.2929834,0.047016602,-0.32298338,1.1070166,-1.6629834,1.2770166,-0.4929834,0.1470166,1.8470166,0.1970166,1.5070167,0.9270166
-2.0529833,-4.652983,-3.7529833,-5.3129835,-5.0629835,-6.0229836,-6.4929833,-4.0729833,-4.7729836,-4.5929832,-6.4529834,-5.3329835,-3.8029833,-3.5929835,-2.4629834,-2.9329834,-2.7429833,-3.3529835,-2.5729835,-1.2629834,-0.4729834,-0.8829834,-4.1829834,-4.672983,0.1070166,-2.9929833,-1.7629834,2.1170166,-2.2229834,-0.2229834,-1.4029834,0.9770166,-0.1029834,-1.1029834,0.1670166,-1.0929834,-0.1129834,-0.7029834,3.7770166,2.1270165,1.4670166
-3.8529835,-4.922983,-5.1229835,-3.5029833,-2.2929833,-2.3729835,-1.2229834,-2.1529834,-3.7429833,-5.1429834,-5.2229834,-4.362983,-5.9129834,-5.5429835,-1.7829834,-2.9129834,-3.9029834,-2.7929833,-2.4429834,-1.5629834,-2.3029833,-3.1729834,-2.0129833,-3.6729834,-4.1429834,-2.7129834,-1.3229834,-3.6429834,-0.6729834,-0.1929834,-1.9929833,-2.2729833,0.6270166,0.9870166,-2.3029833,-2.2129834,-1.6829834,1.5870166,0.3670166,-0.0529834,0.2870166
-2.8329835,-3.3829834,-2.7729833,-1.9129834,-1.6429834,-0.9829834,0.24701661,-0.4529834,-1.2829834,-2.7529833,-3.0629835,-1.9429834,-2.4929833,-3.4729834,-2.9029834,-3.1329834,-2.9229834,-1.9929833,-1.2029834,-0.9229834,-3.3829834,-3.2729833,-3.1129835,-2.2129834,-1.8929834,-2.2729833,-3.0829835,-2.9729834,-3.3329835,-3.3529835,-5.5129833,-3.1029835,-2.2029834,0.8470166,0.9870166,1.4770166,-1.5429834,1.6170166,0.8970166,1.2070166,-0.5529834
-0.9229834,0.5770166,2.6970167,2.6870165,2.9070165,2.1770165,2.4870167,2.4770167,1.3970166,2.1270165,-0.2229834,-1.4629834,-0.8729834,-2.3829834,-2.9329834,-2.7929833,-2.1329834,-2.0929835,-0.8529834,-0.5929834,-2.9129834,-2.7629833,-1.9729834,-2.1929834,-3.1429834,-1.9129834,-1.2529835,-5.0329833,-2.5429833,-1.5029835,-1.6729834,-2.5929835,-2.1229835,0.1670166,0.7470166,-3.2129834,-0.2529834,-0.1829834,3.4470167,1.7970166,-0.042983398
-2.5029833,-1.3629833,-1.9429834,-1.1029834,0.42701662,1.2770166,-1.4229834,3.8270166,1.5970166,0.8670166,1.4470166,-2.8329835,-0.7829834,-1.6529834,-0.8329834,-1.7629834,-2.1429834,0.2570166,0.1570166,-0.4129834,-0.6929834,-1.5829834,-3.3929834,-3.1829834,-1.9829834,-3.4729834,-3.7929833,-2.4129834,-4.2929835,-3.1029835,-2.5429833,-1.3629833,-1.0629834,1.8870167,-0.5529834,-2.5829835,-1.5229834,2.3970165,-0.96298337,2.0270166,2.4870167
-2.1829834,-1.1029834,-1.5229834,-2.1329834,-2.3229835,-2.0929835,-1.6829834,0.1370166,1.2770166,2.5670166,1.3370166,-0.5429834,0.21701661,-1.5429834,0.0770166,-2.0329833,-1.1629834,-3.0329833,-2.1229835,-2.2229834,-1.1029834,-2.8129835,-3.4629834,-2.2529833,-2.2429833,-2.4029834,-2.6029835,-3.5729835,-1.3629833,-0.8129834,-2.5029833,-2.2829833,-3.8129835,0.3170166,-0.8629834,1.6870166,-1.0229834,-2.0829835,0.5270166,2.5470166,-0.6029834
-3.1629834,-1.5529834,-1.8929834,-1.9829834,-1.4529834,-1.3929834,-1.3529834,0.1470166,0.0570166,-1.1829834,-0.6629834,-3.6129835,-5.6629834,-6.882983,-0.3829834,-2.4229834,-3.3429835,-3.0429833,-1.9629834,-1.5429834,-2.4829834,-2.0329833,-2.2729833,-2.5429833,-2.0229833,-1.6729834,-1.0829834,-1.2329834,0.4170166,-0.3529834,-1.2929834,-1.5529834,0.2070166,-1.2429833,-0.5929834,-0.1529834,0.0370166,-2.1029835,-1.1129833,0.6970166,-0.122983396
-2.1229835,-2.5829835,-2.0129833,-1.7329834,-1.7629834,-0.9229834,-1.9029834,-2.4429834,-2.3229835,-4.8529835,-5.3429832,-8.472983,-5.862983,2.5470166,-3.7629833,-2.8129835,-2.1829834,-2.7529833,-1.7029834,-1.0629834,-1.3829834,0.6470166,-0.3329834,-0.5129834,0.3670166,-0.2829834,0.4570166,0.7170166,-0.1929834,-0.1729834,-1.0129834,-1.8729835,-1.2229834,-0.5129834,0.9770166,0.9170166,-1.8729835,-0.1729834,-1.3829834,0.6570166,0.9470166
-1.7429833,1.4070166,0.7170166,-0.5929834,-1.0829834,-2.2829833,-2.6829834,-2.8829834,-2.8829834,-4.132983,-3.7929833,-4.5429835,-5.3029833,-4.7829833,-4.2429833,-3.0729835,-2.6229835,-1.7529835,-1.1229835,-0.4629834,-1.5429834,-0.1929834,1.2770166,2.4770167,1.1670166,2.1570165,2.1670165,2.4770167,2.2670166,0.6570166,1.9270166,2.5370166,2.1470165,1.6270165,1.2870166,1.3870167,-1.2329834,-0.0129833985,-0.71298337,1.0070167,-1.2129834
-1.3329834,-1.2529835,-1.2429833,0.8770166,1.3770165,-1.5829834,-1.9129834,-2.5929835,0.2070166,-1.9529834,-2.0329833,-2.1529834,-2.9129834,-2.6429834,-2.5329833,-1.9729834,-0.0329834,-0.2929834,-1.6029834,0.4370166,1.5570166,1.2770166,2.2770166,2.1070166,2.0770166,2.3270166,2.4970167,3.2870166,3.4770167,3.2770166,3.3370166,3.4170165,2.6370165,2.4870167,2.1970167,3.3970165,0.5870166,-0.9929834,-0.4129834,-0.1129834,-0.1029834
0.1670166,-0.32298338,-0.3529834,-1.9829834,-1.8529834,-1.6029834,-1.3429834,-1.9629834,-4.7129836,-0.4329834,-1.2629834,-0.9529834,-1.8229834,-2.5229833,-2.1629834,-0.4029834,0.8170166,0.3670166,-0.9929834,0.5970166,-0.14298339,0.78701663,1.2570167,1.9970165,3.0370166,3.5670166,4.3070164,4.0670166,5.0270166,6.0570164,5.9470167,5.0870166,2.6570165,1.6570166,1.2670166,3.9970167,-0.4129834,-0.9029834,-1.9629834,-1.1629834,-0.1729834
-1.0129834,-0.96298337,0.1570166,-0.3029834,-1.3629833,-1.7129834,-2.5429833,-3.7929833,-1.6829834,-1.9429834,-1.0729834,-1.8429834,-0.6129834,-0.7929834,-0.3729834,0.4870166,-2.2629833,-1.2129834,-0.3729834,1.1770166,1.9270166,2.5270166,3.8170166,4.3370166,4.8070164,5.077017,4.637017,4.3770165,3.3770165,4.1970167,2.9470167,0.8770166,0.0170166,-0.5929834,-0.7329834,-1.0629834,-0.96298337,-0.6429834,-1.3629833,-0.0329834,-1.1329834
-0.5029834,-1.2929834,-4.0829835,-2.7829833,-3.0729835,-3.2129834,-2.5729835,-3.1729834,-1.2329834,0.1470166,-1.6829834,-0.9229834,-1.1829834,0.7070166,-0.2529834,-0.2629834,0.5170166,1.1570166,1.1670166,2.1070166,2.2070167,1.7270166,1.1670166,1.0070167,1.4170166,2.3870165,2.7570167,2.2670166,2.0870166,1.9370166,2.0370166,-2.2829833,-1.6929834,-1.6129833,-1.2229834,-0.5129834,-1.1429834,-1.1429834,-2.0629835,-1.3229834,-1.2229834
