wind.json
{"header": {"discipline":0,"disciplineName":"Meteorological products","gribEdition":2,"gribLength":1039,"center":7,"centerName":"US National Weather Service - NCEP(WMC)","subcenter":0,"refTime":"2023-06-27T12:00:00.000Z","significanceOfRT":1,"significanceOfRTName":"Start of forecast","productStatus":0,"productStatusName":"Operational products","productType":1,"productTypeName":"Forecast products","productDefinitionTemplate":0,"productDefinitionTemplateName":"Analysis/forecast at horizontal level/layer at a point in time","parameterCategory":0,"parameterCategoryName":"UnknownDiscipline_0_Category_0","parameterNumber":0,"parameterNumberName":"UnknownParameter_D0_C0_0","parameterUnit":"Unknown","genProcessType":2,"genProcessTypeName":"Forecast","forecastTime":120,"surface1Type":1,"surface1TypeName":"Ground or water surface","surface1Value":0.0,"surface2Type":255,"surface2TypeName":"Missing","surface2Value":0.0,"gridDefinitionTemplate":0,"gridDefinitionTemplateName":"Latitude_Longitude","numberPoints":688,"shape":6,"shapeName":"Earth spherical with radius of 6,371,229.0 m","gridUnits":"degrees","resolution":48,"winds":"true","scanMode":64,"nx":43,"ny":16,"basicAngle":0,"lo1":45.0,"la1":40.0,"lo2":87.0,"la2":55.0,"dx":1.0,"dy":1.0}, "data":
[rows 0 to 15 of 16, columns 0 to 42 of 43]
295.5441,287.74408,310.74408,318.3441,316.8441,298.3441,300.6441,297.3441,316.24408,321.0441,321.9441,321.0441,321.0441,319.6441,318.6441,317.9441,317.1441,317.6441,318.9441,319.8441,317.4441,318.1441,310.0441,318.24408,316.0441,311.24408,310.9441,293.3441,290.24408,293.4441,298.9441,305.6441,303.5441,311.8441,316.5441,316.3441,316.3441,312.9441,314.24408,313.74408,311.5441,312.4441,312.24408
294.4441,312.1441,311.6441,297.8441,304.1441,297.74408,299.3441,297.5441,309.6441,319.74408,320.0441,321.24408,318.8441,318.3441,317.1441,317.4441,317.6441,317.9441,317.8441,317.9441,320.74408,321.0441,318.1441,315.9441,318.4441,313.0441,316.24408,316.4441,313.5441,291.9441,293.6441,293.0441,287.24408,288.24408,303.5441,310.3441,315.1441,313.6441,312.8441,312.74408,311.74408,311.5441,311.9441
294.9441,292.5441,290.74408,300.8441,297.1441,297.6441,297.4441,295.5441,318.4441,317.24408,317.1441,316.74408,317.24408,316.4441,316.24408,314.74408,317.1441,315.3441,316.74408,318.1441,318.5441,320.9441,317.3441,315.0441,317.5441,306.1441,288.4441,285.5441,301.74408,294.3441,296.24408,282.0441,294.0441,286.6441,298.0441,266.3441,280.3441,306.9441,305.6441,307.8441,311.24408,304.24408,287.3441
294.3441,299.4441,308.3441,297.8441,297.4441,297.6441,296.4441,314.8441,316.1441,316.4441,315.3441,314.3441,314.4441,315.74408,312.1441,315.5441,313.6441,313.5441,314.1441,315.8441,318.1441,317.74408,322.0441,315.24408,318.74408,312.6441,317.0441,315.3441,317.4441,303.9441,307.8441,296.0441,289.24408,290.8441,297.74408,296.8441,297.9441,298.9441,288.24408,291.1441,290.9441,286.24408,280.3441
309.8441,315.3441,317.4441,298.8441,297.6441,296.8441,300.9441,315.1441,315.9441,314.6441,312.9441,315.1441,314.4441,313.8441,295.8441,294.6441,311.9441,312.8441,313.24408,315.24408,317.0441,320.3441,318.24408,307.3441,320.1441,316.4441,321.9441,321.8441,320.3441,315.5441,314.24408,314.0441,314.8441,310.8441,315.6441,312.74408,313.24408,306.74408,290.5441,290.74408,291.4441,302.24408,305.0441
312.74408,315.24408,316.1441,297.9441,297.6441,297.9441,304.6441,313.6441,315.3441,316.0441,313.9441,314.24408,314.5441,314.0441,296.1441,294.8441,292.0441,312.0441,314.9441,313.3441,311.8441,316.0441,317.1441,318.5441,320.9441,321.5441,319.9441,319.9441,316.4441,308.9441,314.3441,313.5441,315.4441,312.5441,296.9441,288.1441,296.4441,306.74408,305.9441,315.24408,313.9441,311.24408,310.0441
311.24408,312.9441,312.9441,313.1441,298.5441,296.9441,297.1441,296.9441,314.5441,313.4441,313.6441,313.6441,315.0441,314.74408,297.24408,294.4441,302.74408,311.6441,315.9441,315.5441,313.24408,312.24408,315.3441,318.5441,318.8441,319.6441,316.4441,313.1441,313.1441,290.8441,313.24408,312.74408,310.6441,310.1441,310.4441,307.6441,305.0441,301.3441,299.1441,299.9441,311.24408,312.0441,309.74408
306.8441,306.4441,305.8441,306.24408,310.74408,307.24408,303.9441,305.1441,307.0441,304.4441,307.1441,313.74408,313.4441,311.8441,314.0441,314.1441,314.4441,316.24408,307.5441,311.6441,319.9441,309.74408,313.1441,311.9441,316.3441,315.74408,311.9441,310.9441,311.4441,313.0441,314.0441,314.74408,312.4441,311.1441,310.6441,310.24408,310.0441,306.4441,297.9441,292.9441,288.4441,291.5441,301.0441
304.8441,303.5441,302.1441,302.9441,305.74408,308.0441,307.4441,307.4441,301.9441,302.5441,306.0441,302.3441,307.3441,303.9441,311.24408,309.3441,311.9441,313.8441,312.5441,311.74408,309.9441,309.74408,310.9441,311.9441,314.0441,313.1441,310.74408,308.74408,308.9441,310.4441,308.24408,309.6441,306.4441,307.0441,304.0441,301.8441,303.24408,306.3441,307.0441,288.5441,304.24408,301.5441,298.8441
293.8441,308.5441,308.0441,309.4441,310.0441,301.74408,299.9441,299.24408,305.0441,303.9441,302.24408,293.5441,303.9441,302.8441,304.6441,300.5441,311.6441,306.1441,309.74408,304.9441,306.24408,310.3441,308.8441,311.4441,311.5441,310.4441,309.4441,310.8441,307.3441,305.74408,304.3441,301.1441,300.9441,300.6441,301.24408,301.5441,302.0441,300.6441,299.4441,298.24408,285.6441,285.24408,285.3441
303.9441,302.1441,301.8441,301.9441,302.6441,301.1441,300.6441,300.1441,298.6441,290.9441,294.24408,302.1441,291.5441,301.1441,295.24408,296.8441,308.6441,305.24408,304.1441,305.4441,306.4441,312.1441,310.3441,311.0441,311.0441,310.74408,310.74408,309.24408,308.4441,304.6441,302.6441,302.24408,301.4441,303.24408,303.74408,303.6441,301.8441,300.6441,297.5441,292.0441,288.6441,287.4441,282.8441
297.5441,293.24408,296.8441,297.6441,299.1441,296.4441,295.74408,300.4441,297.4441,300.0441,298.3441,294.6441,292.3441,296.9441,299.1441,293.6441,305.6441,298.6441,305.1441,303.3441,308.4441,306.5441,309.24408,309.0441,308.3441,306.8441,306.74408,304.74408,301.9441,305.1441,305.0441,305.3441,304.6441,305.0441,304.1441,301.5441,298.4441,298.0441,292.8441,291.1441,289.5441,289.24408,284.6441
294.8441,293.8441,296.3441,297.0441,298.8441,297.5441,291.4441,295.5441,294.8441,295.0441,295.74408,295.6441,289.24408,295.4441,296.9441,293.5441,302.0441,297.8441,300.6441,300.9441,303.74408,302.3441,303.8441,303.4441,305.4441,305.9441,305.0441,305.0441,304.4441,305.9441,306.1441,304.74408,302.5441,302.5441,301.9441,299.1441,298.0441,298.1441,297.0441,296.4441,293.3441,293.0441,292.6441
295.0441,291.0441,292.4441,293.5441,293.74408,294.8441,295.4441,293.9441,295.1441,296.74408,294.3441,292.5441,292.8441,290.9441,292.3441,292.3441,299.4441,300.1441,299.9441,298.0441,302.9441,300.5441,298.1441,301.24408,303.4441,303.9441,305.0441,305.5441,306.3441,303.6441,302.0441,300.8441,300.4441,300.1441,299.3441,298.9441,298.4441,296.9441,297.6441,297.4441,295.1441,292.74408,294.4441
295.0441,295.24408,294.0441,292.9441,292.1441,291.3441,291.9441,294.6441,293.6441,292.4441,295.3441,295.6441,294.4441,291.9441,295.0441,295.0441,297.8441,295.9441,296.6441,296.9441,301.6441,301.24408,302.0441,302.1441,304.8441,303.3441,302.3441,303.24408,301.1441,299.1441,297.3441,298.8441,299.9441,299.4441,299.3441,297.74408,297.8441,296.9441,296.24408,296.5441,295.5441,292.9441,292.3441
295.0441,294.4441,295.6441,292.5441,290.5441,291.6441,292.0441,288.74408,294.24408,291.6441,294.24408,293.74408,296.1441,291.6441,290.5441,296.3441,298.0441,295.3441,297.24408,300.74408,302.1441,300.9441,301.3441,300.74408,301.5441,299.4441,298.0441,295.3441,296.24408,297.0441,297.8441,297.74408,296.9441,293.4441,299.1441,297.9441,296.6441,296.1441,294.74408,292.6441,292.5441,293.6441,294.4441
