wind_kz.json
{"header": {"discipline":0,"disciplineName":"Meteorological products","gribEdition":2,"gribLength":871,"center":7,"centerName":"US National Weather Service - NCEP(WMC)","subcenter":0,"refTime":"2023-09-09T12:00:00.000Z","significanceOfRT":1,"significanceOfRTName":"Start of forecast","productStatus":0,"productStatusName":"Operational products","productType":1,"productTypeName":"Forecast products","productDefinitionTemplate":0,"productDefinitionTemplateName":"Analysis/forecast at horizontal level/layer at a point in time","parameterCategory":0,"parameterCategoryName":"UnknownDiscipline_0_Category_0","parameterNumber":0,"parameterNumberName":"UnknownParameter_D0_C0_0","parameterUnit":"Unknown","genProcessType":2,"genProcessTypeName":"Forecast","forecastTime":240,"surface1Type":1,"surface1TypeName":"Ground or water surface","surface1Value":0.0,"surface2Type":255,"surface2TypeName":"Missing","surface2Value":0.0,"gridDefinitionTemplate":0,"gridDefinitionTemplateName":"Latitude_Longitude","numberPoints":615,"shape":6,"shapeName":"Earth spherical with radius of 6,371,229.0 m","gridUnits":"degrees","resolution":48,"winds":"true","scanMode":64,"nx":41,"ny":15,"basicAngle":0,"lo1":47.0,"la1":41.0,"lo2":87.0,"la2":55.0,"dx":1.0,"dy":1.0}, "data":
[rows 0 to 14 of 15, columns 0 to 40 of 41]
304.36337,292.1634,297.1634,296.86337,296.86337,295.86337,302.86337,304.96338,304.6634,306.46338,304.76337,305.26337,304.76337,304.26337,303.76337,303.0634,302.96338,302.76337,303.5634,303.36337,305.0634,301.26337,301.76337,297.6634,302.36337,303.26337,299.5634,284.96338,284.46338,281.96338,280.26337,279.36337,292.6634,299.26337,298.5634,298.36337,298.1634,297.76337,296.5634,296.36337,296.0634
280.46338,296.1634,296.36337,296.46338,296.36337,294.6634,305.1634,301.96338,300.6634,301.86337,304.5634,304.86337,304.26337,302.76337,302.36337,302.36337,302.86337,303.0634,301.76337,301.96338,301.86337,300.96338,299.6634,291.76337,283.26337,282.86337,292.5634,285.46338,287.46338,278.0634,284.5634,275.26337,283.36337,267.1634,274.86337,295.1634,293.5634,295.76337,298.96338,291.6634,285.1634
298.76337,296.0634,296.76337,296.36337,294.26337,304.0634,302.0634,302.0634,301.6634,300.96338,301.26337,302.6634,301.86337,302.86337,301.96338,301.26337,300.86337,300.46338,300.46338,300.6634,300.6634,299.96338,301.46338,295.0634,297.36337,296.0634,297.36337,297.76337,295.46338,287.36337,277.46338,278.26337,285.1634,284.5634,286.26337,286.26337,277.76337,279.6634,282.1634,276.26337,275.86337
297.86337,295.36337,296.26337,295.46338,297.0634,304.0634,303.5634,302.1634,301.76337,301.96338,300.46338,298.76337,292.96338,292.1634,300.36337,301.86337,300.96338,300.5634,300.46338,299.46338,297.86337,294.96338,298.5634,298.86337,298.86337,299.46338,300.26337,298.0634,296.36337,298.26337,298.86337,293.6634,297.5634,296.36337,296.96338,292.6634,279.26337,276.5634,280.0634,289.96338,293.5634
294.76337,293.1634,294.46338,293.1634,297.5634,303.6634,304.5634,303.0634,303.26337,302.46338,299.86337,298.96338,292.76337,291.6634,289.5634,301.5634,301.1634,299.1634,297.5634,297.5634,297.96338,298.76337,298.0634,298.26337,297.86337,298.36337,298.1634,296.6634,298.96338,299.1634,300.6634,296.26337,283.36337,273.46338,284.46338,292.1634,294.1634,295.76337,296.36337,296.96338,297.1634
294.26337,291.1634,292.26337,292.5634,292.36337,291.5634,304.36337,304.46338,300.0634,301.0634,300.5634,300.86337,293.5634,292.46338,295.96338,298.6634,300.46338,299.26337,297.5634,297.36337,297.46338,297.1634,297.46338,296.86337,296.76337,295.0634,298.1634,290.0634,299.26337,299.76337,297.26337,298.0634,296.1634,293.96338,292.26337,292.96338,285.76337,285.5634,292.46338,294.46338,295.0634
299.1634,299.86337,304.0634,305.1634,301.1634,306.6634,307.46338,304.46338,304.1634,303.0634,300.1634,299.1634,297.96338,297.86337,298.1634,299.46338,299.36337,298.0634,296.76337,296.0634,295.5634,296.76337,296.5634,295.6634,293.86337,294.36337,289.96338,291.86337,296.96338,297.6634,297.1634,296.5634,296.0634,295.96338,293.6634,291.5634,284.76337,282.76337,280.36337,278.5634,289.86337
300.96338,306.6634,306.96338,307.46338,307.96338,306.96338,306.76337,304.0634,301.96338,300.6634,299.46338,297.5634,297.36337,296.5634,296.86337,297.86337,296.6634,295.36337,295.1634,292.46338,292.5634,291.76337,291.6634,292.0634,292.46338,289.86337,290.36337,291.26337,291.36337,295.1634,294.1634,294.6634,292.76337,291.26337,290.26337,289.26337,290.1634,288.6634,289.6634,289.26337,286.0634
303.96338,305.26337,305.96338,306.26337,304.46338,304.26337,303.86337,301.76337,299.96338,298.96338,298.36337,297.26337,296.46338,297.0634,296.0634,296.1634,294.86337,294.5634,292.46338,291.46338,287.96338,289.46338,291.0634,289.6634,288.86337,290.46338,286.76337,287.36337,285.96338,286.1634,288.36337,289.76337,291.36337,291.86337,289.96338,287.0634,285.26337,285.26337,272.96338,273.76337,270.86337
305.26337,303.0634,304.96338,303.76337,303.1634,300.96338,298.6634,297.6634,298.0634,295.6634,295.86337,293.86337,294.26337,294.6634,294.86337,294.5634,293.86337,292.6634,291.1634,290.5634,287.0634,286.0634,289.5634,288.96338,288.1634,288.5634,288.76337,287.6634,286.6634,285.6634,287.96338,290.5634,292.36337,291.5634,290.76337,289.36337,284.5634,278.1634,275.0634,274.76337,273.1634
303.0634,302.5634,302.0634,299.36337,299.0634,296.36337,296.26337,296.0634,295.76337,295.46338,293.6634,292.86337,293.26337,292.0634,292.86337,293.36337,292.26337,291.6634,290.26337,289.1634,288.5634,286.86337,288.76337,287.36337,287.36337,287.1634,286.0634,287.96338,287.1634,290.46338,290.6634,292.96338,290.76337,290.36337,289.5634,286.26337,281.36337,278.36337,279.86337,278.36337,275.26337
300.0634,301.36337,301.6634,296.5634,293.6634,296.0634,294.0634,294.1634,293.26337,292.46338,289.36337,288.96338,289.6634,291.36337,290.36337,290.76337,290.76337,290.5634,289.1634,287.5634,285.46338,285.36337,285.26337,284.76337,285.1634,287.86337,287.36337,287.86337,288.86337,289.6634,289.1634,291.0634,289.5634,288.26337,288.86337,287.96338,286.5634,285.26337,283.5634,284.1634,283.1634
295.5634,297.76337,297.1634,297.6634,296.6634,295.36337,295.26337,295.26337,294.26337,293.26337,290.1634,288.46338,288.6634,287.96338,290.1634,290.0634,288.36337,288.0634,289.1634,286.6634,285.46338,284.26337,283.96338,283.76337,283.26337,284.96338,286.86337,286.0634,287.5634,288.1634,289.46338,289.0634,289.86337,289.0634,288.46338,287.46338,287.5634,285.26337,283.6634,283.36337,283.26337
297.46338,297.26337,292.1634,296.1634,295.46338,294.5634,293.76337,292.26337,292.6634,291.5634,288.6634,286.26337,287.6634,288.5634,288.6634,289.0634,289.0634,288.6634,288.5634,287.46338,286.36337,285.36337,285.1634,284.5634,284.96338,284.36337,285.5634,285.0634,285.26337,286.5634,288.36337,287.96338,287.1634,286.36337,287.0634,285.96338,285.36337,285.1634,283.76337,282.46338,282.1634
294.1634,296.1634,288.5634,294.6634,294.0634,292.76337,291.86337,291.0634,291.96338,291.5634,290.46338,288.1634,286.26337,287.1634,287.5634,288.6634,288.36337,288.36337,288.76337,287.6634,287.26337,286.0634,285.36337,284.6634,283.86337,284.5634,282.86337,283.6634,283.1634,284.5634,286.36337,284.96338,285.46338,285.46338,284.96338,285.76337,285.96338,284.0634,284.26337,284.1634,282.76337
