wind_kz.json
{"header": {"discipline":0,"disciplineName":"Meteorological products","gribEdition":2,"gribLength":1025,"center":7,"centerName":"US National Weather Service - NCEP(WMC)","subcenter":0,"refTime":"2023-10-01T18:00:00.000Z","significanceOfRT":1,"significanceOfRTName":"Start of forecast","productStatus":0,"productStatusName":"Operational products","productType":1,"productTypeName":"Forecast products","productDefinitionTemplate":0,"productDefinitionTemplateName":"Analysis/forecast at horizontal level/layer at a point in time","parameterCategory":2,"parameterCategoryName":"UnknownDiscipline_0_Category_2","parameterNumber":2,"parameterNumberName":"UnknownParameter_D0_C2_2","parameterUnit":"Unknown","genProcessType":2,"genProcessTypeName":"Forecast","forecastTime":60,"surface1Type":103,"surface1TypeName":"Specified height level above ground","surface1Value":10.0,"surface2Type":255,"surface2TypeName":"Missing","surface2Value":0.0,"gridDefinitionTemplate":0,"gridDefinitionTemplateName":"Latitude_Longitude","numberPoints":615,"shape":6,"shapeName":"Earth spherical with radius of 6,371,229.0 m","gridUnits":"degrees","resolution":48,"winds":"true","scanMode":64,"nx":41,"ny":15,"basicAngle":0,"lo1":47.0,"la1":41.0,"lo2":87.0,"la2":55.0,"dx":1.0,"dy":1.0}, "data":
[rows 0 to 14 of 15, columns 0 to 40 of 41]
1.1775104,-0.15248962,1.8075104,5.73751,5.6275105,7.5675106,6.4375105,1.0075104,-4.7924895,-4.1024895,-4.4224896,-4.51249,-3.3924897,-3.0924897,-2.6524897,-3.5624895,-4.3824897,-4.9324894,-5.2524896,-3.7124896,-1.0024896,-0.22248963,1.9175104,3.0175104,-1.6524897,-0.07248963,1.6175103,3.4675105,0.6675104,0.64751035,1.5275104,1.2575104,0.36751038,-0.48248962,-0.4524896,-0.14248963,1.1775104,1.5175104,0.62751037,0.48751038,0.50751036
-0.92248964,0.9075104,3.4775105,4.5875106,5.00751,0.20751038,-4.47249,-2.3724897,-4.8324895,-4.2724895,-3.9224896,-2.9224896,-0.22248963,-0.73248965,-2.6324897,-4.3324895,-4.3624897,-4.3724895,-2.4024897,-0.10248962,1.4875103,3.0275104,2.1175103,3.3275104,1.2375103,0.20751038,0.70751035,0.16751038,2.8275104,1.6775104,1.2175103,0.9175104,-0.43248963,1.0175104,0.26751038,0.69751036,1.1775104,0.5275104,-0.082489625,-1.1624897,-0.5124896
-0.07248963,2.3875103,2.1575103,2.1975105,0.8575104,-7.3924894,-7.03249,-5.26249,-4.8024898,-4.49249,-3.8124895,-2.9324896,-2.6224897,-3.4124897,-3.2624896,-3.7024896,-4.20249,-2.4824896,-0.66248965,1.5475104,0.6875104,-1.4424896,-1.0024896,0.9775104,-0.87248963,-3.9924896,-2.9924896,-1.8624896,2.8675103,-0.46248963,1.5575104,-1.6524897,-0.99248964,0.57751036,0.14751038,1.4275104,1.1375104,0.6175104,0.5375104,4.6175103,4.6275105
0.56751037,0.20751038,0.49751037,0.6675104,-1.5824896,-5.8824897,-4.9324894,-6.24249,-4.2924895,-2.4524896,-2.6324897,-3.5824897,-3.9224896,-3.3824897,-4.0524898,-3.1824896,-3.4124897,-1.6224896,-1.0524896,-0.92248964,-0.14248963,-2.1324897,-3.9124897,-5.6624894,-5.4624896,-4.5924897,-2.7524896,-4.3324895,-3.9624896,-2.6124897,-0.062489625,-0.21248962,-0.9724896,-0.48248962,0.8075104,2.1375103,1.6675104,1.8875104,-2.1224897,-0.8824896,0.007510376
0.70751035,0.87751037,-0.012489624,-1.6724896,-3.2024896,-4.24249,-7.3624897,-5.2524896,-4.01249,-1.9924896,-2.4224896,-3.2424896,-3.5724897,-4.3224897,-4.5924897,-3.1724896,-2.3724897,-1.6324897,-2.3724897,-3.2024896,-5.2324896,-3.5724897,-3.1824896,-3.1324897,-2.8824897,-2.6724896,-3.8724897,-3.3824897,-2.2324896,-1.9224896,-1.3924897,0.15751037,2.6075103,2.7975104,-1.6824896,-0.99248964,0.43751037,1.4575104,1.6175103,0.6675104,0.6775104
0.11751038,-0.07248963,1.5675104,-0.23248963,-3.4124897,-5.6724896,-3.5924897,-1.5824896,-1.3724896,-1.3624896,-1.4624896,-1.5624896,-3.2624896,-5.1324897,-2.8124895,-2.2124896,-1.4724896,-1.4624896,-1.9124897,-2.0824897,-2.9224896,-2.4924896,-1.5024896,-2.2424896,-2.5424895,-2.6724896,-2.3224897,-1.8124896,-1.8924897,-0.43248963,0.30751038,1.3075104,1.5275104,2.2075105,2.6075103,3.4375105,2.6375103,3.4875104,2.3675103,2.0275104,0.6575104
2.8575103,1.6875104,1.8975104,0.63751036,-2.3424897,0.25751036,-2.3624897,1.8375103,0.9275104,-0.5824896,-1.1824896,-3.5024896,-4.0424895,-3.6824896,-2.6324897,-1.9124897,-1.6724896,-1.1324897,-1.7324896,-2.9124897,-3.1624897,-3.0624895,-2.4824896,-1.3724896,-2.3824897,-2.5124896,-2.4124897,-2.5124896,-2.5924897,-1.6524897,-2.6024897,-2.0624895,-0.86248964,1.0075104,0.25751036,2.3275104,2.5675104,-0.62248963,4.73751,1.3275104,0.45751038
1.5675104,2.0375104,1.9575104,1.1575104,2.0475104,1.4675103,-1.6324897,-4.8324895,-3.0824897,-2.9924896,-1.2424896,-1.5924896,-1.0924896,-1.5624896,-1.2724897,-1.8324896,-1.8424896,-1.3824897,-0.6524896,-1.8124896,-2.8524897,-2.8524897,-3.2524896,-2.6024897,-0.66248965,-0.85248965,-1.8624896,-2.0824897,-3.5924897,-2.6124897,-1.9824896,-1.2424896,-1.6424897,-1.5124897,-0.21248962,-0.41248962,-0.48248962,-0.012489624,1.1275104,3.3675103,1.6775104
-0.48248962,-0.7824896,0.16751038,1.4475104,1.2775104,1.5175104,1.3675103,-0.17248963,-1.5524896,-2.3024895,-2.5424895,-0.31248963,0.17751038,0.94751036,0.34751037,-0.5024896,-1.2324896,-0.62248963,-0.122489624,0.33751038,-1.3224896,-1.6324897,-2.0124896,-2.4024897,-1.7324896,-0.7124896,-0.73248965,-0.5124896,-1.8724896,-1.5624896,-1.9624896,-2.5324895,-0.9424896,-1.1824896,-0.27248964,-2.0124896,-0.6924896,0.7475104,-0.29248962,-1.2024896,0.31751037
1.0975103,0.3875104,0.027510377,-0.4224896,-0.002489624,0.9875104,2.2975104,3.3075104,2.5175104,3.1175103,3.7575104,1.6575104,0.9075104,2.2575104,2.9275103,1.8875104,0.89751035,0.19751038,0.43751037,0.64751035,0.16751038,-0.17248963,-0.46248963,-0.8324896,-1.7524896,-2.1824896,-2.5324895,-2.1324897,-2.7124896,-2.1424897,-0.47248963,0.11751038,0.3875104,1.2275103,2.5775104,1.1675104,1.2275103,0.75751036,1.6375104,0.37751037,-0.4224896
1.5675104,1.5875103,0.5275104,0.9275104,1.7475104,1.1675104,1.8675103,2.3875103,2.3475103,3.5175104,2.8775103,4.4775105,6.3075104,5.0875106,4.1475105,3.3475103,2.4575105,1.8475103,1.1175103,1.0975103,0.8675104,0.82751036,0.37751037,0.94751036,0.14751038,-0.5624896,-0.122489624,-0.112489626,-0.26248962,-0.10248962,0.83751035,0.8075104,0.8475104,-0.40248963,0.39751038,2.3575103,1.3075104,0.5575104,0.3875104,-0.19248962,0.43751037
2.2675104,2.5275104,2.1675103,1.5175104,1.0375104,2.2375104,2.2375104,3.1975105,3.9675105,3.4375105,3.7675104,6.4375105,5.3275104,5.79751,6.27751,4.77751,3.9875104,3.6075103,2.2675104,2.1275103,2.2175105,2.0675104,1.5275104,1.2975104,1.9775103,1.4475104,0.9375104,0.22751038,-0.14248963,-0.21248962,-0.28248963,-0.8324896,-0.9024896,-1.1624897,-1.5824896,-1.7024896,-1.9324896,-0.5324896,0.08751038,0.26751038,-0.16248962
3.2675104,3.6875105,2.3875103,2.8375103,0.9875104,0.34751037,-0.38248962,1.2375103,3.1575103,1.2575104,0.8575104,3.9275103,4.04751,5.2075105,5.6275105,4.9075103,4.04751,4.0375104,3.3575103,3.3075104,2.4875104,2.7275105,3.0475104,2.5075104,2.7875104,2.2575104,0.5475104,-0.10248962,0.6775104,-0.022489624,-0.9024896,-1.2824897,-2.2424896,-1.6124896,-2.1424897,-2.0724897,-1.8024896,-1.1024896,-1.9524896,-1.2724897,-0.18248962
4.21751,4.1175103,3.9875104,3.6875105,2.7275105,2.5875103,2.2575104,2.2675104,1.5175104,0.9975104,1.2175103,1.8075104,4.27751,4.8175106,4.5675106,5.00751,4.8975105,3.7975104,2.6775103,3.2875104,4.1975102,4.1875105,3.9475105,2.7675104,2.3975103,1.9375104,1.6375104,1.3475103,1.4475104,0.88751036,0.63751036,0.057510376,0.097510375,-0.5924896,-0.7024896,-1.4924896,-1.4524896,-1.4624896,-1.5024896,-1.4924896,-0.55248964
2.9275103,4.6875105,4.4475102,4.0675106,3.7675104,3.3375103,3.5475104,3.4175103,3.8075104,2.4775105,1.6775104,3.9675105,3.6175103,3.3575103,4.6575103,4.4375105,4.73751,4.8175106,2.4175103,4.27751,4.23751,4.3875103,3.9175103,3.5275104,2.7975104,2.0875103,2.8375103,2.6475103,1.9575104,1.8775104,1.5675104,2.2175105,1.3575103,1.4575104,1.3575103,1.3975104,1.4075104,0.6575104,0.27751037,0.5575104,0.7275104
