wind_kz.json
{"header": {"discipline":0,"disciplineName":"Meteorological products","gribEdition":2,"gribLength":871,"center":7,"centerName":"US National Weather Service - NCEP(WMC)","subcenter":0,"refTime":"2023-09-25T12:00:00.000Z","significanceOfRT":1,"significanceOfRTName":"Start of forecast","productStatus":0,"productStatusName":"Operational products","productType":1,"productTypeName":"Forecast products","productDefinitionTemplate":0,"productDefinitionTemplateName":"Analysis/forecast at horizontal level/layer at a point in time","parameterCategory":0,"parameterCategoryName":"UnknownDiscipline_0_Category_0","parameterNumber":0,"parameterNumberName":"UnknownParameter_D0_C0_0","parameterUnit":"Unknown","genProcessType":2,"genProcessTypeName":"Forecast","forecastTime":60,"surface1Type":1,"surface1TypeName":"Ground or water surface","surface1Value":0.0,"surface2Type":255,"surface2TypeName":"Missing","surface2Value":0.0,"gridDefinitionTemplate":0,"gridDefinitionTemplateName":"Latitude_Longitude","numberPoints":615,"shape":6,"shapeName":"Earth spherical with radius of 6,371,229.0 m","gridUnits":"degrees","resolution":48,"winds":"true","scanMode":64,"nx":41,"ny":15,"basicAngle":0,"lo1":47.0,"la1":41.0,"lo2":87.0,"la2":55.0,"dx":1.0,"dy":1.0}, "data":
[rows 0 to 14 of 15, columns 0 to 40 of 41]
287.33734,280.13736,284.63736,293.93735,293.73737,292.83734,292.43735,292.73737,290.33734,287.43735,289.03735,289.73737,289.43735,289.43735,289.13736,287.83734,288.33734,288.03735,285.63736,287.93735,291.13736,290.33734,290.33734,287.63736,289.13736,290.33734,288.23737,274.63736,272.73737,274.53735,271.63736,273.33734,280.73737,285.93735,286.63736,287.13736,286.03735,286.93735,287.73737,287.83734,286.43735
270.73737,284.73737,293.33734,293.73737,293.53735,292.23737,290.23737,289.53735,288.33734,288.23737,289.13736,288.33734,288.03735,287.33734,287.53735,287.63736,286.63736,284.43735,286.23737,286.33734,286.03735,289.83734,288.93735,282.43735,273.43735,273.93735,280.63736,276.03735,276.33734,272.43735,276.13736,268.33734,273.93735,252.13736,271.33734,284.03735,281.53735,284.73737,287.13736,279.93735,283.63736
286.43735,293.33734,293.73737,293.03735,291.33734,290.13736,289.53735,288.53735,288.03735,287.73737,287.93735,288.03735,286.53735,287.63736,288.73737,288.13736,285.43735,285.33734,286.73737,286.43735,286.83734,284.43735,287.33734,283.43735,284.83734,285.83734,287.03735,286.33734,285.33734,276.93735,270.63736,271.43735,275.03735,274.93735,276.73737,277.03735,271.13736,269.83734,269.83734,268.53735,266.63736
288.13736,292.53735,293.23737,292.43735,291.23737,289.33734,290.03735,288.73737,289.43735,289.33734,288.83734,291.53735,291.43735,290.73737,288.53735,288.23737,288.83734,287.83734,287.33734,286.63736,287.73737,281.43735,286.93735,286.43735,286.63736,287.93735,289.13736,287.23737,284.93735,283.93735,284.33734,282.83734,286.03735,284.43735,282.93735,280.93735,269.63736,261.43735,272.03735,279.63736,282.23737
289.03735,292.03735,292.23737,291.93735,290.93735,289.93735,290.73737,290.03735,289.63736,290.43735,289.33734,289.23737,290.33734,289.13736,287.93735,288.83734,289.63736,289.33734,289.83734,288.23737,288.13736,287.93735,287.13736,285.13736,286.13736,286.93735,285.83734,286.13736,285.03735,284.53735,286.13736,283.53735,274.93735,265.43735,273.93735,282.13736,287.03735,285.13736,284.93735,284.33734,283.33734
288.53735,287.43735,291.13736,292.13736,292.33734,292.13736,290.23737,291.03735,289.23737,289.43735,289.83734,289.03735,289.83734,290.23737,288.83734,287.63736,289.83734,288.93735,289.33734,288.73737,288.13736,287.33734,288.03735,287.43735,286.33734,285.33734,284.83734,288.73737,286.43735,286.03735,283.23737,283.33734,281.73737,280.93735,280.33734,283.83734,276.13736,277.33734,280.23737,282.33734,281.83734
288.13736,289.83734,292.43735,292.03735,291.73737,289.13736,289.83734,289.03735,289.33734,289.93735,289.13736,288.23737,288.63736,290.33734,290.33734,289.03735,288.03735,288.13736,287.23737,286.73737,285.83734,285.23737,286.53735,286.53735,287.83734,288.03735,283.33734,284.83734,284.93735,285.33734,283.73737,283.23737,281.63736,281.43735,280.93735,279.83734,275.83734,272.73737,265.83734,269.73737,277.13736
290.93735,290.83734,290.73737,293.03735,291.43735,290.23737,289.33734,288.53735,287.73737,288.13736,287.63736,288.03735,288.73737,289.83734,288.03735,287.63736,287.43735,287.93735,287.33734,284.73737,283.23737,282.63736,283.53735,284.13736,285.53735,283.83734,285.43735,285.33734,286.83734,286.23737,286.63736,282.53735,279.13736,275.73737,273.83734,275.23737,277.03735,287.03735,276.33734,275.53735,271.23737
288.33734,289.93735,289.03735,289.63736,290.93735,288.23737,286.83734,287.43735,287.93735,287.73737,287.63736,288.73737,287.13736,286.13736,285.53735,286.23737,285.93735,286.23737,286.53735,286.23737,281.23737,281.53735,282.63736,286.23737,285.73737,284.43735,284.33734,281.43735,283.73737,283.03735,284.03735,284.53735,279.73737,278.73737,276.63736,274.93735,274.03735,273.03735,259.93735,260.43735,259.13736
284.93735,286.43735,286.63736,285.73737,285.93735,286.43735,286.23737,285.83734,285.73737,285.53735,285.73737,285.93735,285.83734,284.63736,284.43735,284.73737,284.83734,284.83734,285.13736,284.93735,282.43735,284.63736,283.03735,283.53735,282.83734,284.93735,283.53735,283.03735,282.33734,282.13736,283.23737,282.83734,283.93735,280.03735,277.83734,275.13736,273.73737,269.03735,265.73737,264.33734,261.93735
284.53735,283.33734,284.73737,284.53735,284.03735,283.83734,283.83734,283.43735,283.03735,283.23737,283.73737,283.93735,285.23737,285.13736,284.03735,283.73737,283.33734,284.03735,284.13736,283.93735,283.03735,284.23737,284.33734,284.43735,283.53735,285.53735,281.03735,282.33734,282.63736,284.73737,284.53735,283.83734,284.23737,281.63736,279.23737,276.43735,270.63736,266.93735,269.23737,267.73737,265.53735
282.63736,283.23737,282.53735,282.33734,281.73737,282.03735,281.43735,281.03735,281.93735,281.63736,280.23737,281.53735,282.73737,282.63736,282.73737,282.23737,282.23737,282.23737,283.03735,283.23737,282.33734,280.73737,283.43735,284.33734,283.73737,284.73737,283.53735,285.33734,285.13736,283.33734,282.53735,283.83734,281.93735,278.63736,278.43735,277.03735,278.03735,275.33734,275.73737,275.83734,274.03735
280.13736,279.33734,281.33734,281.03735,281.53735,281.53735,280.43735,280.03735,279.83734,279.03735,278.33734,277.23737,281.03735,279.23737,281.13736,281.73737,281.63736,281.43735,282.33734,281.83734,282.63736,281.43735,280.33734,277.83734,281.73737,284.53735,285.03735,284.33734,284.83734,284.23737,283.63736,283.53735,282.53735,280.63736,281.63736,281.23737,279.93735,279.73737,276.03735,275.83734,275.33734
278.03735,279.93735,283.53735,280.53735,279.73737,279.13736,279.53735,279.63736,279.13736,279.13736,278.83734,277.53735,277.53735,282.43735,281.53735,283.93735,284.23737,283.73737,284.03735,283.83734,282.93735,283.03735,283.53735,283.23737,282.33734,281.03735,279.83734,279.33734,278.23737,278.23737,278.13736,278.13736,278.23737,277.53735,279.03735,280.23737,279.93735,279.23737,277.73737,277.53735,277.13736
278.83734,280.33734,286.23737,279.63736,279.83734,278.73737,279.33734,278.13736,279.13736,278.93735,279.03735,277.23737,280.23737,278.53735,280.03735,281.43735,281.53735,282.93735,282.13736,282.53735,281.63736,281.73737,282.33734,282.53735,282.63736,281.43735,281.53735,280.63736,280.03735,278.73737,279.33734,280.93735,280.53735,279.93735,279.13736,277.83734,280.43735,279.33734,279.93735,279.73737,278.03735
