wind_kz.json
{"header": {"discipline":0,"disciplineName":"Meteorological products","gribEdition":2,"gribLength":948,"center":7,"centerName":"US National Weather Service - NCEP(WMC)","subcenter":0,"refTime":"2023-08-25T06:00:00.000Z","significanceOfRT":1,"significanceOfRTName":"Start of forecast","productStatus":0,"productStatusName":"Operational products","productType":1,"productTypeName":"Forecast products","productDefinitionTemplate":0,"productDefinitionTemplateName":"Analysis/forecast at horizontal level/layer at a point in time","parameterCategory":0,"parameterCategoryName":"UnknownDiscipline_0_Category_0","parameterNumber":0,"parameterNumberName":"UnknownParameter_D0_C0_0","parameterUnit":"Unknown","genProcessType":2,"genProcessTypeName":"Forecast","forecastTime":120,"surface1Type":1,"surface1TypeName":"Ground or water surface","surface1Value":0.0,"surface2Type":255,"surface2TypeName":"Missing","surface2Value":0.0,"gridDefinitionTemplate":0,"gridDefinitionTemplateName":"Latitude_Longitude","numberPoints":615,"shape":6,"shapeName":"Earth spherical with radius of 6,371,229.0 m","gridUnits":"degrees","resolution":48,"winds":"true","scanMode":64,"nx":41,"ny":15,"basicAngle":0,"lo1":47.0,"la1":41.0,"lo2":87.0,"la2":55.0,"dx":1.0,"dy":1.0}, "data":
[rows 0 to 14 of 15, columns 0 to 40 of 41]
304.9754,290.2754,290.2754,299.2754,299.07538,298.2754,306.8754,314.7754,310.57538,309.7754,307.07538,309.8754,313.7754,317.07538,313.8754,305.9754,317.2754,313.07538,315.2754,317.8754,323.2754,317.7754,316.2754,320.17538,315.8754,319.8754,312.2754,304.9754,301.17538,297.2754,285.9754,285.3754,306.07538,317.4754,324.2754,326.9754,324.3754,315.3754,319.9754,323.8754,324.57538
287.4754,287.7754,298.9754,299.07538,299.2754,297.9754,300.4754,296.2754,302.9754,305.8754,306.7754,303.3754,298.4754,300.57538,306.3754,319.3754,321.17538,321.57538,321.07538,312.07538,316.9754,314.67538,314.4754,305.17538,293.7754,297.7754,305.9754,301.8754,304.57538,292.07538,299.67538,274.9754,300.67538,271.17538,290.2754,313.7754,314.07538,305.9754,317.2754,312.9754,287.7754
290.17538,298.57538,299.2754,299.2754,297.9754,296.67538,301.17538,305.3754,302.2754,301.9754,301.3754,298.7754,298.67538,301.8754,304.67538,311.67538,315.4754,316.07538,319.7754,322.07538,315.57538,313.2754,313.07538,309.07538,322.57538,315.2754,314.2754,312.07538,313.4754,302.3754,294.2754,293.8754,303.4754,304.17538,305.07538,301.4754,297.17538,294.4754,301.67538,296.2754,289.2754
304.9754,299.17538,299.2754,298.4754,298.7754,303.07538,302.67538,303.2754,305.07538,305.07538,305.2754,292.67538,295.07538,294.3754,300.7754,305.7754,304.3754,312.3754,317.7754,320.2754,314.4754,309.57538,317.2754,314.9754,316.57538,316.9754,318.4754,316.17538,316.7754,314.07538,309.8754,310.67538,314.2754,317.9754,316.8754,311.3754,297.8754,289.2754,299.57538,313.4754,316.3754
304.4754,298.4754,298.9754,298.9754,300.67538,302.07538,301.8754,303.4754,302.8754,302.8754,304.2754,303.17538,294.9754,293.57538,291.17538,305.07538,296.2754,305.7754,302.57538,313.67538,314.67538,316.4754,316.17538,318.8754,316.2754,316.2754,318.67538,311.67538,316.7754,317.3754,315.57538,316.2754,302.9754,290.7754,304.4754,308.4754,304.4754,316.9754,322.9754,319.4754,319.3754
303.2754,300.2754,296.8754,297.7754,298.4754,297.9754,302.67538,300.8754,300.17538,300.57538,300.7754,300.67538,294.9754,294.2754,295.9754,291.07538,296.57538,301.8754,297.57538,308.57538,309.9754,308.67538,316.07538,307.7754,314.3754,313.2754,311.7754,293.4754,313.8754,314.9754,317.07538,313.17538,315.8754,314.9754,309.07538,303.17538,298.57538,302.67538,319.7754,323.67538,317.57538
301.9754,301.07538,302.17538,302.07538,300.17538,301.17538,302.4754,300.57538,299.3754,297.9754,298.17538,296.4754,296.7754,297.07538,299.17538,301.4754,298.17538,291.3754,300.2754,301.4754,300.67538,307.2754,303.2754,307.3754,307.3754,310.7754,309.7754,309.2754,311.3754,314.67538,313.57538,314.9754,314.07538,312.7754,309.17538,305.07538,302.2754,303.17538,302.67538,299.07538,310.9754
300.4754,300.67538,301.17538,300.67538,300.8754,300.07538,300.17538,298.07538,297.3754,296.07538,297.2754,296.07538,297.9754,297.57538,300.2754,297.8754,301.2754,299.3754,289.67538,298.8754,302.17538,304.57538,306.9754,308.8754,309.17538,306.17538,306.57538,305.7754,305.8754,309.07538,310.4754,311.07538,309.7754,309.17538,297.4754,305.17538,304.67538,290.4754,314.67538,313.67538,311.3754
298.9754,298.8754,299.2754,299.07538,297.67538,298.8754,299.7754,291.4754,289.67538,288.9754,294.4754,297.3754,297.8754,298.17538,297.3754,300.17538,300.3754,301.7754,288.2754,287.67538,290.3754,301.4754,305.17538,305.8754,305.8754,306.17538,304.17538,301.3754,302.17538,301.4754,305.3754,307.9754,311.8754,309.8754,304.67538,299.2754,301.67538,302.17538,298.67538,294.4754,296.8754
297.7754,291.17538,290.07538,289.17538,291.4754,297.9754,292.67538,292.07538,291.67538,292.8754,292.67538,294.57538,296.67538,296.7754,296.2754,296.7754,298.4754,301.07538,302.57538,286.2754,284.9754,290.8754,298.17538,303.67538,304.9754,306.17538,304.7754,303.3754,303.2754,304.2754,306.7754,309.3754,310.9754,309.9754,310.57538,305.57538,301.07538,298.07538,300.07538,298.4754,295.57538
291.67538,295.2754,291.8754,288.4754,288.67538,293.9754,295.07538,294.17538,289.7754,284.07538,282.57538,289.8754,292.2754,292.17538,293.9754,295.17538,295.57538,297.8754,298.8754,298.3754,285.2754,283.3754,290.07538,294.67538,302.17538,304.17538,302.67538,305.07538,306.17538,308.57538,310.07538,309.17538,308.8754,306.9754,307.2754,303.7754,297.07538,298.3754,299.3754,296.7754,296.57538
291.07538,294.4754,288.2754,291.57538,287.8754,286.57538,287.17538,290.07538,290.4754,283.17538,280.07538,281.4754,283.7754,288.9754,290.3754,292.2754,293.57538,294.2754,294.07538,294.67538,293.07538,282.9754,281.9754,288.67538,295.17538,301.8754,304.3754,306.57538,307.4754,307.4754,306.07538,306.67538,305.17538,304.8754,303.07538,304.07538,303.57538,304.17538,301.4754,300.7754,298.8754
287.8754,291.4754,288.8754,286.07538,285.7754,284.57538,285.7754,283.9754,287.7754,282.57538,280.07538,279.4754,282.3754,281.4754,288.17538,286.4754,289.3754,290.9754,292.17538,290.57538,290.8754,289.17538,282.2754,281.57538,286.4754,295.9754,305.57538,304.67538,304.7754,304.57538,305.57538,305.2754,305.4754,306.2754,304.4754,301.17538,302.4754,302.07538,302.07538,299.17538,298.2754
290.57538,288.4754,289.7754,286.17538,285.9754,285.2754,284.3754,282.9754,285.9754,284.7754,281.2754,279.3754,280.3754,281.07538,281.2754,281.17538,282.07538,281.57538,284.67538,283.8754,284.17538,290.17538,291.07538,286.2754,282.9754,293.07538,296.2754,301.2754,303.07538,302.3754,302.7754,303.07538,300.9754,301.17538,301.4754,301.07538,300.17538,300.67538,301.4754,297.57538,297.8754
288.57538,290.9754,290.57538,288.2754,286.3754,284.3754,283.7754,283.3754,283.7754,284.9754,283.17538,281.8754,280.8754,282.9754,282.3754,282.8754,282.4754,283.17538,282.4754,283.4754,283.8754,283.9754,286.57538,289.9754,289.2754,283.4754,288.8754,295.9754,297.9754,299.4754,297.57538,293.07538,299.57538,298.67538,299.07538,299.17538,300.4754,299.8754,301.2754,300.2754,300.2754
