wind_kz.json
{"header": {"discipline":0,"disciplineName":"Meteorological products","gribEdition":2,"gribLength":948,"center":7,"centerName":"US National Weather Service - NCEP(WMC)","subcenter":0,"refTime":"2023-08-21T18:00:00.000Z","significanceOfRT":1,"significanceOfRTName":"Start of forecast","productStatus":0,"productStatusName":"Operational products","productType":1,"productTypeName":"Forecast products","productDefinitionTemplate":0,"productDefinitionTemplateName":"Analysis/forecast at horizontal level/layer at a point in time","parameterCategory":0,"parameterCategoryName":"UnknownDiscipline_0_Category_0","parameterNumber":0,"parameterNumberName":"UnknownParameter_D0_C0_0","parameterUnit":"Unknown","genProcessType":2,"genProcessTypeName":"Forecast","forecastTime":180,"surface1Type":1,"surface1TypeName":"Ground or water surface","surface1Value":0.0,"surface2Type":255,"surface2TypeName":"Missing","surface2Value":0.0,"gridDefinitionTemplate":0,"gridDefinitionTemplateName":"Latitude_Longitude","numberPoints":615,"shape":6,"shapeName":"Earth spherical with radius of 6,371,229.0 m","gridUnits":"degrees","resolution":48,"winds":"true","scanMode":64,"nx":41,"ny":15,"basicAngle":0,"lo1":47.0,"la1":41.0,"lo2":87.0,"la2":55.0,"dx":1.0,"dy":1.0}, "data":
[rows 0 to 14 of 15, columns 0 to 40 of 41]
300.04892,288.64893,300.54892,299.34894,298.9489,297.84894,308.74893,316.04892,311.74893,310.84894,312.4489,312.74893,313.24893,313.74893,314.54892,316.4489,315.14893,312.9489,308.54892,296.24893,302.24893,310.34894,312.14893,312.54892,311.14893,315.24893,309.84894,301.64893,301.9489,297.04892,291.64893,285.74893,305.54892,316.84894,323.14893,316.24893,324.54892,328.14893,329.34894,330.04892,329.64893
290.14893,296.14893,299.04892,298.9489,298.84894,297.64893,310.54892,308.04892,307.14893,307.14893,308.4489,306.84894,307.24893,308.24893,311.64893,313.14893,313.9489,314.24893,314.14893,316.54892,315.64893,295.14893,305.9489,294.54892,284.64893,282.64893,297.54892,296.4489,302.9489,292.04892,300.14893,281.4489,300.74893,272.4489,291.14893,303.4489,313.9489,320.14893,324.14893,317.4489,288.24893
295.64893,298.74893,298.9489,298.74893,297.4489,304.74893,303.84894,304.4489,304.14893,302.84894,303.24893,301.34894,297.9489,293.54892,303.9489,296.14893,301.64893,296.4489,302.4489,305.54892,307.54892,308.14893,296.14893,293.24893,301.9489,307.04892,310.74893,310.74893,309.64893,302.14893,295.24893,293.74893,303.34894,303.34894,299.9489,299.14893,293.9489,297.4489,306.34894,300.24893,296.14893
297.04892,299.74893,299.04892,297.9489,297.64893,300.24893,302.14893,300.34894,299.04892,300.64893,301.9489,301.84894,295.34894,294.64893,296.14893,301.34894,292.74893,306.34894,299.54892,307.14893,296.64893,294.54892,297.64893,295.84894,292.9489,300.24893,308.14893,314.9489,315.14893,313.74893,312.24893,312.24893,313.14893,313.24893,308.34894,303.4489,296.14893,297.34894,300.84894,314.64893,317.84894
304.64893,298.9489,299.24893,298.84894,301.24893,301.84894,302.04892,304.4489,301.9489,300.9489,302.14893,302.04892,295.24893,293.84894,291.54892,303.84894,304.24893,301.64893,300.9489,302.64893,303.04892,304.74893,296.64893,294.64893,289.84894,289.84894,294.34894,307.24893,316.24893,312.84894,314.54892,318.54892,304.34894,290.64893,299.24893,310.24893,302.74893,322.4489,327.14893,323.64893,320.24893
301.24893,299.64893,297.24893,298.14893,298.64893,297.9489,305.04892,300.24893,300.74893,300.64893,296.34894,294.14893,294.4489,294.4489,297.34894,299.9489,302.84894,304.84894,303.9489,305.04892,293.4489,289.64893,295.54892,287.74893,290.9489,290.84894,290.54892,293.24893,309.9489,312.14893,314.24893,310.9489,313.54892,313.74893,306.24893,302.84894,292.54892,302.14893,323.54892,324.4489,324.04892
299.74893,300.54892,302.64893,302.54892,300.74893,302.24893,303.24893,302.14893,300.34894,299.14893,300.34894,293.9489,293.9489,287.14893,289.04892,299.9489,301.84894,302.54892,303.4489,302.54892,301.04892,302.64893,295.14893,289.14893,286.84894,287.9489,291.64893,293.64893,297.84894,309.34894,311.74893,311.84894,314.4489,313.84894,314.54892,306.24893,298.64893,301.04892,297.9489,301.04892,317.4489
300.14893,301.74893,300.84894,300.24893,300.64893,300.14893,300.54892,299.24893,298.54892,297.24893,298.04892,294.24893,287.84894,289.84894,288.14893,288.9489,302.9489,300.74893,298.34894,298.04892,301.64893,302.54892,304.34894,295.14893,299.14893,285.54892,288.04892,294.04892,296.64893,307.64893,307.74893,307.74893,307.74893,306.04892,305.84894,300.14893,307.74893,289.54892,312.64893,316.14893,312.4489
299.84894,299.4489,299.9489,298.54892,298.4489,298.74893,299.04892,297.74893,297.24893,297.34894,297.74893,296.64893,288.54892,288.34894,286.74893,288.74893,301.24893,295.64893,300.34894,301.04892,300.14893,301.4489,301.74893,297.54892,287.04892,285.84894,285.04892,293.4489,298.64893,299.64893,302.04892,303.74893,304.64893,300.34894,290.64893,298.24893,297.64893,300.34894,299.14893,296.4489,299.04892
297.74893,297.34894,297.34894,297.34894,296.4489,297.54892,298.04892,297.14893,296.34894,298.04892,296.14893,296.14893,295.14893,292.24893,287.24893,285.9489,288.34894,298.04892,298.54892,300.34894,300.34894,302.54892,291.84894,284.74893,285.9489,285.54892,288.54892,293.34894,300.64893,297.9489,301.84894,301.84894,300.34894,302.14893,300.4489,293.14893,290.34894,292.24893,293.4489,297.54892,295.74893
295.14893,295.9489,295.54892,295.04892,295.64893,296.34894,296.4489,297.24893,295.54892,295.14893,294.24893,294.84894,294.9489,293.34894,287.4489,284.4489,284.54892,284.84894,293.34894,295.4489,298.34894,300.34894,300.04892,298.14893,296.24893,290.9489,288.64893,293.74893,301.4489,305.24893,305.74893,305.74893,301.74893,294.04892,296.24893,295.4489,291.34894,294.64893,298.04892,296.14893,296.24893
293.9489,295.14893,295.4489,295.54892,294.4489,294.9489,294.04892,294.04892,295.04892,293.84894,290.9489,292.04892,291.84894,290.64893,289.74893,283.74893,284.9489,290.24893,285.64893,289.24893,291.54892,292.9489,296.74893,296.24893,295.34894,300.04892,295.34894,304.9489,306.24893,306.64893,300.9489,302.04892,294.84894,292.64893,294.24893,295.14893,296.34894,300.74893,299.64893,301.14893,298.84894
289.9489,292.14893,293.54892,293.84894,292.4489,291.64893,293.04892,294.84894,294.24893,290.64893,288.34894,288.04892,290.14893,288.9489,289.04892,287.14893,283.04892,284.04892,287.34894,284.64893,283.84894,290.34894,292.4489,292.34894,295.04892,297.04892,299.9489,298.74893,301.14893,303.34894,307.64893,303.54892,301.74893,301.24893,298.4489,298.34894,295.04892,300.04892,299.54892,299.04892,298.64893
290.64893,292.4489,292.04892,292.9489,292.9489,293.14893,293.04892,291.74893,292.74893,290.24893,283.24893,284.84894,288.54892,287.54892,288.14893,288.84894,284.84894,283.64893,285.04892,284.9489,286.54892,282.14893,286.34894,293.9489,294.64893,295.74893,296.04892,295.74893,294.64893,296.04892,300.64893,300.4489,299.84894,298.04892,299.34894,300.24893,298.34894,298.84894,298.14893,296.9489,298.34894
288.84894,292.74893,290.64893,291.74893,291.74893,290.54892,289.84894,289.24893,291.74893,292.14893,288.74893,288.64893,283.84894,286.54892,287.34894,288.54892,290.64893,283.4489,285.34894,283.9489,284.34894,286.14893,282.24893,286.14893,294.14893,293.34894,294.24893,293.9489,292.54892,292.64893,293.34894,290.4489,297.9489,296.74893,296.74893,299.9489,300.24893,298.84894,298.84894,299.24893,297.54892
