wind_kz.json
{"header": {"discipline":0,"disciplineName":"Meteorological products","gribEdition":2,"gribLength":1025,"center":7,"centerName":"US National Weather Service - NCEP(WMC)","subcenter":0,"refTime":"2023-10-01T00:00:00.000Z","significanceOfRT":1,"significanceOfRTName":"Start of forecast","productStatus":0,"productStatusName":"Operational products","productType":1,"productTypeName":"Forecast products","productDefinitionTemplate":0,"productDefinitionTemplateName":"Analysis/forecast at horizontal level/layer at a point in time","parameterCategory":2,"parameterCategoryName":"UnknownDiscipline_0_Category_2","parameterNumber":2,"parameterNumberName":"UnknownParameter_D0_C2_2","parameterUnit":"Unknown","genProcessType":2,"genProcessTypeName":"Forecast","forecastTime":180,"surface1Type":103,"surface1TypeName":"Specified height level above ground","surface1Value":10.0,"surface2Type":255,"surface2TypeName":"Missing","surface2Value":0.0,"gridDefinitionTemplate":0,"gridDefinitionTemplateName":"Latitude_Longitude","numberPoints":615,"shape":6,"shapeName":"Earth spherical with radius of 6,371,229.0 m","gridUnits":"degrees","resolution":48,"winds":"true","scanMode":64,"nx":41,"ny":15,"basicAngle":0,"lo1":47.0,"la1":41.0,"lo2":87.0,"la2":55.0,"dx":1.0,"dy":1.0}, "data":
[rows 0 to 14 of 15, columns 0 to 40 of 41]
2.371451,2.5614507,-1.7585492,3.0314507,0.3214508,1.3514508,6.601451,-3.0985491,-5.878549,-6.088549,-5.258549,-5.068549,-4.3885493,-3.858549,-3.1785493,-1.8585492,-0.3885492,-1.4085492,0.2414508,-0.058549196,-2.5085492,-1.2685492,0.8214508,2.7114508,1.0214508,2.111451,2.1614509,1.6714509,0.9814508,0.9314508,-1.4485492,1.7814507,-0.5285492,-0.4685492,0.8414508,1.1414508,3.0714507,-1.5185492,0.23145081,-1.9985492,0.5814508
3.5814507,-0.06854919,4.041451,1.5814508,-2.628549,1.1714509,0.1314508,-3.5285492,-4.438549,-5.458549,-5.818549,-4.478549,-3.0785491,-4.518549,-2.8085492,-1.0885491,0.10145081,-1.2385492,-2.6585493,-2.0885491,-1.3485492,0.9314508,0.2614508,0.8514508,0.111450806,0.15145081,0.051450804,1.2814507,1.4814508,1.0114508,0.15145081,0.4214508,-0.3885492,-1.2785492,0.0914508,-0.048549194,-0.2785492,-0.9285492,-0.7185492,-1.3385491,0.9814508
5.521451,6.491451,2.8414507,0.6414508,-1.4285492,2.2714508,4.7114506,-3.3285491,-4.8485494,-4.6585493,-4.0785494,-3.7685492,-4.628549,-4.438549,-3.5185492,-2.6685493,-2.2285492,-0.3485492,0.3114508,-0.7285492,-1.0685492,-2.648549,-0.41854918,-3.388549,-0.4685492,-4.338549,-2.0685492,-1.4885492,1.7514508,-0.5385492,0.14145081,-1.4885492,0.8114508,-0.2285492,-2.1985493,-1.0285492,0.0914508,1.0214508,0.7514508,0.111450806,-1.9885492
3.0914507,4.0314507,1.7414508,1.5014508,2.5814507,2.9814508,2.9914508,-1.7585492,-2.3085492,-3.0885491,-3.6785493,-7.028549,-6.768549,-3.878549,-3.6985493,-3.8085492,-2.888549,-1.5285492,-0.048549194,-2.2085493,1.6714509,-2.608549,-4.648549,-5.998549,-6.4085493,-6.9485493,-7.1785493,-7.1985493,-6.068549,-3.3385491,-2.108549,0.9614508,1.0414509,2.9914508,2.9014509,-0.4885492,-0.4285492,1.3614508,-1.2485492,-1.8085492,-1.0085492
3.4214509,4.8214507,0.7614508,1.1114508,3.6814508,3.8414507,1.4314508,-0.3885492,-1.7185493,-1.7485492,-1.0885491,-5.0785494,-4.1785493,-2.4285493,-1.2885492,-4.1785493,-4.918549,-5.028549,-5.6785493,-6.728549,-7.148549,-7.1185493,-6.608549,-6.6785493,-7.318549,-7.998549,-7.398549,-6.5585494,-5.938549,-5.1385493,-4.938549,-3.388549,-1.9385492,-0.058549196,-1.6785492,-2.3385491,1.3714508,-1.9585491,-2.0885491,-2.1585493,-1.3385491
1.8314508,2.7614508,5.371451,0.2114508,0.8314508,-1.2285492,1.4114509,-2.0185492,-1.8385491,-1.2885492,-0.6385492,-4.4485493,-1.8885492,-1.0085492,3.4514508,-3.2985492,-5.068549,-6.0785494,-6.728549,-6.028549,-6.688549,-6.338549,-5.8485494,-6.338549,-7.168549,-7.5985494,-6.978549,-5.648549,-5.8485494,-5.938549,-5.9285493,-4.498549,-4.478549,-3.0385492,-1.9485492,0.9914508,-1.4885492,0.7314508,-2.4285493,-0.4085492,-2.9285493
0.7514508,2.8114507,4.4414506,3.4514508,0.49145082,1.5214508,-3.7285492,-2.2385492,-0.7885492,-0.9885492,-0.7685492,-1.5985492,-0.8885492,-1.1985492,-0.44854918,-2.2885492,-3.9785492,-3.4685493,-4.648549,-4.818549,-5.068549,-4.6385493,-4.3485494,-4.6985493,-5.2885494,-5.1385493,-5.148549,-4.738549,-3.9485493,-4.3285494,-4.358549,-3.4685493,-3.9085493,-0.9985492,0.3414508,1.3914508,0.6814508,-0.9785492,1.0114508,-0.7785492,0.051450804
3.1514509,2.5114508,4.9014506,2.871451,3.4114509,0.8414508,1.0614508,-0.4285492,0.1314508,0.2214508,0.041450806,-0.12854919,-0.1485492,-0.23854919,-0.28854918,-1.4685493,-2.868549,-2.8485491,-1.9085492,-3.3185492,-3.4085493,-2.9985492,-3.2285492,-2.1785493,-2.1785493,-2.4785492,-3.0485492,-2.4385493,-3.358549,-2.5085492,-3.0885491,-1.5185492,-2.7385492,-1.0485492,-2.0585492,-1.5885491,-0.61854917,2.5514507,3.4014509,3.861451,2.601451
4.2814507,3.131451,2.3314507,6.541451,3.0414507,2.0514507,1.1614509,2.9514508,1.4814508,0.6014508,0.3514508,-0.1385492,0.1614508,-0.7985492,-0.9585492,-1.0285492,-1.3085492,-1.2885492,-1.6385492,-1.4885492,-1.3385491,-1.5585492,-2.3385491,-2.7385492,-2.5085492,-2.4785492,-2.8185492,-2.3285491,-2.2485492,-0.5285492,-1.3385491,-1.4485492,-1.8785492,-1.2985492,-1.0285492,0.6114508,1.6614509,-0.8885492,-0.4085492,0.7414508,1.0714508
6.1714506,5.1314507,4.581451,4.261451,7.331451,2.7614508,2.9314508,1.8514508,2.9914508,2.2314508,2.0414507,1.5214508,0.3714508,0.1814508,0.4814508,-0.15854919,-0.5885492,-0.61854917,-1.1485492,-0.6785492,0.8214508,-1.2885492,-2.148549,-1.8185492,-1.7985492,-2.1985493,-1.4985492,-1.1185492,-0.2785492,-0.008549195,-0.0885492,-0.7485492,0.46145082,0.8714508,0.5014508,-0.2985492,0.49145082,1.7214508,0.6614508,1.2814507,1.1414508
4.2114506,6.641451,4.731451,4.971451,4.621451,4.9014506,2.8214507,4.411451,2.9214509,3.361451,3.4814508,1.9114509,1.9814508,0.9914508,1.4014508,1.0214508,0.8014508,0.111450806,-0.7985492,-0.7285492,-0.44854918,-1.1785492,-0.8885492,-0.9885492,-0.3685492,-0.06854919,0.5214508,0.3414508,0.9014508,1.1014508,0.94145083,1.5814508,2.0714507,2.2214508,2.1514509,-1.9185492,0.1614508,1.1414508,1.9314508,1.4714508,0.4314508
7.411451,4.2114506,5.501451,4.511451,4.9414506,3.4514508,3.7614508,3.0414507,4.4214506,4.3014507,3.2614508,3.2314508,2.9714508,2.5614507,1.7014508,1.6814508,1.7314508,0.46145082,0.33145082,0.011450806,-0.4285492,-0.3285492,-0.6585492,-0.3885492,-0.1685492,0.5514508,1.1914508,0.9214508,1.3014508,1.2014508,1.8214508,2.7614508,2.4314508,2.6514509,2.0314507,0.7214508,2.8214507,5.751451,4.221451,3.2514508,1.6414508
6.0914507,7.061451,4.001451,4.1314507,3.9414508,2.9014509,4.5514507,1.7414508,5.021451,3.9214509,2.0014508,2.351451,3.0414507,2.6914508,1.3414508,1.1614509,1.3314508,0.6814508,0.4214508,-0.4585492,0.1814508,0.1814508,0.3114508,0.0014508057,0.6814508,0.7114508,0.8314508,0.5814508,2.2014508,2.5614507,2.7714508,3.0214508,3.0214508,3.2314508,3.5214508,4.141451,2.601451,3.9814508,5.9214506,6.9414506,1.7314508
7.4614506,7.0714507,6.561451,4.561451,2.7214508,3.1814508,4.3814507,3.601451,2.601451,3.0414507,1.8814508,2.3414507,3.371451,3.101451,1.4714508,0.9314508,0.4114508,0.4514508,-0.10854919,-0.3985492,0.33145082,-0.2985492,-0.41854918,-0.4885492,0.121450804,-0.2485492,0.8914508,1.6214508,1.5414509,2.5314507,2.7014508,3.1514509,3.1614509,3.371451,4.2814507,4.201451,4.911451,5.931451,5.161451,1.0514508,3.1914508
4.7814507,6.6114507,9.251451,6.811451,4.491451,2.2614508,2.5014508,4.0314507,3.6614509,3.3314507,1.0914508,1.2914509,2.1714509,0.8514508,2.1514509,0.6214508,-0.2485492,-0.3885492,0.111450806,0.14145081,-0.5685492,-0.4085492,-0.5985492,-0.1485492,0.121450804,0.4514508,1.3114508,1.5414509,1.7014508,2.3414507,3.3014507,5.101451,3.2214508,4.311451,4.501451,6.1914506,5.371451,2.5714507,2.9214509,1.8114508,1.0714508
