wind_kz.json
{"header": {"discipline":0,"disciplineName":"Meteorological products","gribEdition":2,"gribLength":871,"center":7,"centerName":"US National Weather Service - NCEP(WMC)","subcenter":0,"refTime":"2024-01-30T18:00:00.000Z","significanceOfRT":1,"significanceOfRTName":"Start of forecast","productStatus":0,"productStatusName":"Operational products","productType":1,"productTypeName":"Forecast products","productDefinitionTemplate":0,"productDefinitionTemplateName":"Analysis/forecast at horizontal level/layer at a point in time","parameterCategory":0,"parameterCategoryName":"UnknownDiscipline_0_Category_0","parameterNumber":0,"parameterNumberName":"UnknownParameter_D0_C0_0","parameterUnit":"Unknown","genProcessType":2,"genProcessTypeName":"Forecast","forecastTime":120,"surface1Type":1,"surface1TypeName":"Ground or water surface","surface1Value":0.0,"surface2Type":255,"surface2TypeName":"Missing","surface2Value":0.0,"gridDefinitionTemplate":0,"gridDefinitionTemplateName":"Latitude_Longitude","numberPoints":615,"shape":6,"shapeName":"Earth spherical with radius of 6,371,229.0 m","gridUnits":"degrees","resolution":48,"winds":"true","scanMode":64,"nx":41,"ny":15,"basicAngle":0,"lo1":47.0,"la1":41.0,"lo2":87.0,"la2":55.0,"dx":1.0,"dy":1.0}, "data":
[rows 0 to 14 of 15, columns 0 to 40 of 41]
277.0781,265.5781,271.0781,280.3781,280.4781,282.2781,279.1781,279.0781,276.2781,277.2781,276.4781,276.9781,275.9781,275.5781,274.8781,274.4781,274.8781,274.0781,276.8781,273.8781,274.4781,274.6781,272.9781,270.2781,271.9781,276.0781,268.2781,254.4781,250.1781,248.2781,248.1781,252.6781,256.9781,267.3781,269.7781,270.3781,271.1781,271.3781,271.1781,270.0781,270.9781
253.5781,270.7781,279.9781,279.8781,280.3781,281.0781,278.3781,277.2781,275.8781,277.2781,278.5781,277.6781,275.4781,273.8781,272.3781,272.1781,275.3781,274.5781,274.3781,274.4781,272.8781,273.3781,270.8781,264.0781,252.5781,248.2781,260.0781,250.6781,252.7781,246.8781,256.3781,237.1781,249.9781,242.2781,249.6781,263.9781,266.5781,268.6781,269.8781,263.8781,268.2781
271.6781,278.5781,280.3781,280.2781,280.3781,274.9781,275.9781,277.2781,275.1781,272.3781,273.0781,274.4781,274.6781,274.8781,271.6781,271.0781,271.9781,270.9781,271.8781,272.0781,272.0781,271.7781,270.9781,262.5781,271.8781,270.5781,268.8781,267.8781,270.2781,257.3781,249.1781,248.1781,257.7781,257.2781,257.1781,260.8781,252.8781,254.7781,253.4781,254.8781,251.5781
275.5781,276.0781,277.9781,279.2781,277.6781,271.6781,272.7781,272.2781,273.8781,275.2781,276.0781,275.6781,281.2781,281.8781,272.3781,271.7781,272.3781,272.1781,271.5781,271.1781,269.8781,259.9781,270.1781,266.0781,267.2781,269.1781,269.3781,265.1781,269.2781,269.1781,268.4781,267.3781,270.0781,265.5781,261.8781,261.9781,256.0781,254.8781,260.1781,257.1781,256.7781
273.9781,272.7781,272.2781,272.1781,272.2781,273.2781,272.9781,273.0781,272.3781,272.6781,272.8781,271.1781,279.1781,279.0781,278.1781,268.9781,271.7781,271.8781,271.6781,270.9781,271.1781,270.9781,270.1781,269.2781,268.8781,263.5781,264.0781,266.2781,269.5781,270.7781,270.7781,269.0781,261.6781,254.7781,262.6781,258.7781,258.8781,255.2781,256.7781,256.0781,256.9781
274.6781,274.1781,272.3781,272.1781,271.8781,271.0781,273.8781,272.7781,271.9781,271.4781,269.1781,269.6781,277.6781,279.1781,269.7781,268.1781,265.4781,263.5781,262.5781,262.1781,257.6781,260.1781,268.9781,268.8781,259.9781,258.3781,262.4781,265.7781,265.9781,268.2781,268.4781,269.6781,267.2781,265.9781,264.2781,264.2781,260.0781,262.5781,260.2781,254.2781,254.5781
273.4781,273.7781,274.3781,274.3781,272.7781,273.2781,272.9781,271.7781,269.6781,268.1781,266.3781,264.0781,264.1781,264.1781,266.4781,266.5781,264.0781,260.6781,258.4781,255.3781,252.2781,253.0781,253.8781,256.9781,266.7781,254.3781,254.2781,257.5781,256.0781,258.0781,262.3781,263.1781,264.1781,262.7781,262.8781,261.2781,260.0781,260.8781,256.9781,253.8781,255.1781
273.7781,273.3781,273.1781,272.9781,272.6781,272.5781,272.0781,271.2781,268.8781,266.4781,264.4781,264.0781,261.9781,261.6781,262.0781,263.5781,264.1781,260.7781,259.1781,260.4781,260.9781,250.0781,252.5781,250.9781,261.6781,264.8781,254.5781,251.9781,252.1781,251.6781,256.2781,258.2781,259.6781,261.5781,258.2781,253.0781,252.6781,254.9781,257.7781,255.6781,254.9781
273.2781,273.1781,273.1781,273.1781,272.6781,272.4781,271.7781,271.0781,269.0781,266.6781,263.9781,262.2781,262.4781,263.2781,262.6781,262.0781,260.9781,259.1781,257.9781,256.0781,255.4781,249.8781,250.7781,249.6781,251.5781,256.3781,262.9781,255.5781,258.3781,253.1781,259.4781,262.1781,266.7781,265.7781,261.7781,258.8781,257.2781,257.7781,253.7781,247.8781,246.3781
273.0781,273.1781,273.1781,273.1781,273.1781,272.4781,272.2781,270.5781,268.0781,267.2781,264.9781,262.9781,262.5781,261.4781,260.9781,261.8781,260.9781,258.7781,257.7781,255.6781,256.3781,256.2781,254.8781,253.8781,254.4781,255.2781,264.3781,260.6781,262.5781,262.3781,264.6781,267.8781,269.5781,266.4781,263.8781,260.6781,262.2781,257.1781,252.0781,255.0781,249.1781
273.1781,273.1781,273.0781,273.0781,273.1781,272.9781,271.7781,270.4781,269.1781,267.7781,265.5781,264.4781,264.9781,263.2781,261.3781,262.3781,260.6781,260.8781,257.6781,255.3781,257.5781,255.7781,255.5781,255.2781,256.9781,257.6781,262.8781,261.7781,263.8781,267.5781,267.4781,268.4781,266.2781,267.3781,265.8781,266.1781,263.3781,259.4781,255.4781,259.6781,258.5781
273.0781,273.1781,273.1781,273.0781,272.9781,272.6781,271.5781,270.1781,269.4781,268.5781,266.3781,264.6781,264.7781,264.1781,264.1781,263.4781,263.4781,262.6781,260.1781,259.7781,257.9781,256.2781,256.1781,256.7781,257.9781,259.3781,260.8781,262.9781,264.0781,267.6781,268.6781,266.5781,266.9781,266.7781,267.1781,267.7781,269.6781,267.0781,267.7781,266.9781,263.7781
272.8781,272.8781,273.1781,273.1781,272.7781,272.2781,271.4781,269.9781,268.7781,268.2781,266.2781,264.7781,265.3781,264.8781,265.2781,265.1781,264.6781,263.1781,261.4781,261.1781,259.2781,258.4781,258.8781,257.7781,258.9781,260.0781,261.6781,261.9781,263.8781,267.4781,269.0781,267.5781,267.0781,268.0781,268.1781,267.2781,268.2781,269.5781,267.4781,266.7781,266.4781
265.9781,265.8781,267.2781,269.2781,270.7781,271.4781,270.7781,269.5781,269.4781,268.7781,267.0781,265.0781,265.2781,265.2781,265.8781,265.3781,265.0781,264.5781,263.6781,261.9781,260.2781,260.0781,259.5781,259.2781,259.0781,259.3781,260.3781,262.0781,263.6781,266.6781,269.3781,268.8781,268.3781,268.0781,268.2781,267.9781,268.9781,268.5781,268.5781,267.5781,267.9781
260.6781,264.3781,263.7781,264.8781,267.0781,270.3781,270.5781,269.8781,269.5781,269.2781,268.3781,267.4781,265.7781,265.2781,265.4781,266.2781,265.6781,264.5781,263.4781,262.3781,261.0781,259.9781,258.9781,258.8781,258.9781,259.5781,260.7781,265.2781,265.6781,267.0781,269.8781,269.4781,269.4781,269.4781,269.6781,269.8781,269.9781,268.7781,268.6781,268.5781,268.6781
