wind_kz.json
{"header": {"discipline":0,"disciplineName":"Meteorological products","gribEdition":2,"gribLength":1102,"center":7,"centerName":"US National Weather Service - NCEP(WMC)","subcenter":0,"refTime":"2023-08-23T12:00:00.000Z","significanceOfRT":1,"significanceOfRTName":"Start of forecast","productStatus":0,"productStatusName":"Operational products","productType":1,"productTypeName":"Forecast products","productDefinitionTemplate":0,"productDefinitionTemplateName":"Analysis/forecast at horizontal level/layer at a point in time","parameterCategory":2,"parameterCategoryName":"UnknownDiscipline_0_Category_2","parameterNumber":3,"parameterNumberName":"UnknownParameter_D0_C2_3","parameterUnit":"Unknown","genProcessType":2,"genProcessTypeName":"Forecast","forecastTime":0,"surface1Type":103,"surface1TypeName":"Specified height level above ground","surface1Value":10.0,"surface2Type":255,"surface2TypeName":"Missing","surface2Value":0.0,"gridDefinitionTemplate":0,"gridDefinitionTemplateName":"Latitude_Longitude","numberPoints":615,"shape":6,"shapeName":"Earth spherical with radius of 6,371,229.0 m","gridUnits":"degrees","resolution":48,"winds":"true","scanMode":64,"nx":41,"ny":15,"basicAngle":0,"lo1":47.0,"la1":41.0,"lo2":87.0,"la2":55.0,"dx":1.0,"dy":1.0}, "data":
[rows 0 to 14 of 15, columns 0 to 40 of 41]
2.661472,3.8414721,-2.8985279,-3.8785279,-3.588528,-3.808528,-4.058528,-3.868528,-2.348528,-1.4885278,-1.7085278,-0.37852782,-2.068528,-2.1485279,-2.9785278,-4.718528,-5.888528,-4.2585278,-4.388528,-5.118528,-2.7985277,-0.65852785,-3.368528,-2.088528,6.4914722,2.441472,1.6214721,2.0014722,-3.2385278,-3.6285279,-3.6485279,3.3514721,-4.428528,-1.5785278,-0.6185278,-3.9485278,-4.658528,-5.2985277,-0.33852783,-4.038528,-2.4385278
-0.6285278,-2.328528,-3.838528,-5.288528,-3.558528,-2.7085278,-5.728528,-5.938528,-3.6585279,-2.858528,-1.5685278,-0.11852783,-0.25852785,0.041472167,0.60147214,-1.2385278,-3.108528,-2.348528,-3.0185277,-4.948528,-2.7485278,-2.1885278,-2.9085279,-3.578528,-1.1085278,-1.4385278,-5.888528,-2.6385279,-5.578528,-1.7385278,-1.7985278,-3.358528,1.3114722,-2.6785278,1.2714722,1.8914722,1.2414721,-5.6685276,-4.308528,-0.83852786,-1.4785278
-5.288528,-0.10852783,-2.7185278,-4.198528,-4.938528,-2.368528,-1.5485278,-3.6485279,-3.1885278,-1.7585279,-0.48852783,0.46147215,1.3614721,-1.0685278,3.3414721,0.6314722,-0.77852786,-3.588528,-4.938528,-5.8985276,-4.7585278,-2.6685278,-0.71852785,-0.9485278,-4.3585277,-3.058528,-0.85852784,1.0214722,-1.8685279,0.19147217,-0.72852784,0.15147217,2.881472,1.7914722,0.39147216,2.391472,-0.35852784,-2.1985278,-2.1885278,-1.4985279,-0.64852786
-2.1385279,-0.028527832,-2.6285279,-3.4785278,-2.0385277,-6.328528,-5.958528,-4.0885277,-3.9285278,-2.2485278,-2.5085278,-0.8785278,-1.6285279,-3.578528,-5.558528,0.89147216,2.2614722,-0.6385278,-4.7785277,-4.578528,-5.368528,1.2114722,-2.2485278,-0.34852782,-0.5585278,-4.208528,-4.0685277,-1.9085279,-2.9085279,-3.838528,-3.828528,-4.9185276,-2.5385277,4.7014723,-4.308528,-3.838528,-5.5085278,-2.1285279,3.7314723,2.151472,2.5814722
-3.358528,6.961472,3.6114721,1.1714722,-2.1385279,-5.728528,-5.558528,-4.488528,-4.958528,-1.8485278,-1.5285279,-2.1385279,2.7414722,-1.5685278,-1.6385279,0.38147217,-1.6585279,-0.028527832,-2.088528,-3.828528,-1.8285278,0.5414722,0.41147217,3.391472,-0.8885278,3.1014721,0.5014722,-6.638528,-3.578528,-4.828528,-4.8785276,-6.488528,-3.578528,-1.3285278,0.91147214,-5.3785276,-0.36852783,2.2714722,3.2714722,0.24147217,-0.67852783
-4.1285276,-4.8985276,0.82147217,4.9114723,1.2214721,-2.558528,-2.7285278,-3.9185278,-2.618528,-1.9885278,2.4814723,0.27147216,3.9914722,5.611472,2.9714723,-0.98852783,0.76147217,0.081472166,0.72147214,1.2514721,2.391472,1.6814722,-2.9785278,2.7114723,0.41147217,1.0014721,5.1414723,-0.24852782,-4.988528,0.44147217,-3.848528,-5.138528,-5.468528,-4.1485276,0.16147217,0.89147216,-3.308528,-4.188528,-3.338528,-6.998528,-7.438528
-0.35852784,-1.0485278,0.21147217,-0.83852786,-3.0085278,-4.768528,-5.0685277,-4.958528,-5.308528,-5.178528,-3.6785278,-4.118528,-0.71852785,-1.3585278,7.151472,5.541472,1.1314721,0.8614722,2.3414721,1.0114722,0.19147217,3.1114721,2.0614722,0.49147215,3.5814722,5.771472,3.2714722,4.311472,-0.25852785,3.3314722,0.14147216,1.9514722,-3.118528,-2.4585278,-3.078528,-1.6685278,-4.958528,-3.6485279,-0.41852784,-1.1585279,-0.048527833
-6.6485276,-5.938528,-1.7185278,-2.858528,-3.9185278,-4.078528,-4.788528,-4.8185277,-3.7385278,-2.328528,-2.0285277,-1.7485279,0.59147215,-0.52852786,2.2014723,-11.768528,4.3714724,4.861472,3.8114722,2.881472,2.7314723,1.3614721,2.7214723,1.0214722,0.89147216,1.7814722,2.381472,-6.3385277,1.1314721,-1.1285279,-1.2085278,0.6214722,-1.7085278,-2.818528,-2.6585279,-0.45852783,5.9114723,6.511472,1.9114722,0.5414722,0.65147215
-1.5285279,1.3014722,0.5614722,-0.5685278,-1.8885279,-3.9985278,-5.218528,-4.5885277,-4.2585278,-3.9385278,-3.328528,-1.4485278,-0.08852783,1.1614722,1.5114722,13.771472,-4.618528,-7.1285276,5.301472,3.171472,3.681472,5.2214723,-2.348528,-5.0085278,2.7914722,-2.0185277,4.0814724,1.7414721,1.7414721,1.3214722,2.0114722,-0.48852783,0.45147216,-2.5185277,-3.328528,-3.318528,-0.9485278,-3.5285277,-3.3785279,-1.9985279,-2.848528
-3.7885277,-3.1385279,-1.4885278,-2.2985277,-3.3885279,-3.9485278,-5.208528,-6.0485277,-4.8185277,-6.0485277,-5.408528,-5.218528,-0.89852786,0.39147216,1.1114721,0.5014722,-1.4385278,-6.118528,-7.598528,3.431472,4.731472,3.2814722,-0.11852783,0.30147216,-0.14852783,5.9314723,-1.7785279,-0.7485278,-1.6385279,0.021472167,0.8614722,0.70147216,3.2814722,-0.048527833,-0.8685278,-1.9585278,-1.1985278,-1.4185278,-0.6885278,-2.2085278,-1.7985278
-3.1685278,-1.2285278,-1.2985278,-3.368528,1.5114722,-4.328528,-3.868528,-4.638528,-4.5285277,-4.958528,-4.678528,-2.7385278,-2.1885278,-1.0185279,-2.318528,-1.6985278,6.6214724,6.441472,1.9114722,-1.1485279,7.1814723,5.2014723,4.211472,7.3714724,3.391472,1.5414722,9.371472,3.391472,1.6314721,1.0514722,-1.8685279,-1.0885278,0.001472168,2.181472,0.76147217,0.6214722,-1.3385278,-0.84852785,-1.3685279,-1.6485279,-2.4785278
-2.7785277,-3.2485278,-1.2285278,-0.36852783,-2.7185278,-3.1285279,-3.1385279,-4.058528,-4.7985277,-5.868528,-5.448528,-4.968528,-6.8985276,-6.6485276,-5.848528,-6.038528,-4.948528,3.171472,-1.9385278,-8.458528,3.921472,5.1814723,5.731472,4.3514724,2.2814722,3.2114723,1.0914721,1.3914722,4.211472,2.5314722,2.1214721,0.53147215,0.39147216,-2.6985278,1.2914722,0.26147217,-2.088528,-2.568528,-0.96852785,-1.4985279,-0.77852786
-1.6485279,-1.0285279,-3.1985278,-4.728528,-3.4085279,-3.5185277,-4.098528,-6.248528,-6.7585278,-6.018528,-4.228528,-1.9685278,-2.7885277,-5.388528,-6.5685277,-7.0485277,-7.1685276,-5.158528,3.441472,8.231472,-2.9585278,5.401472,6.011472,3.651472,3.641472,-1.3785279,6.731472,-7.558528,6.301472,4.8514724,3.8414721,3.0014722,0.7314722,-1.4785278,-0.54852784,-0.90852785,-0.048527833,-0.43852782,-0.29852784,0.91147214,-0.90852785
-3.2685277,-2.5385277,-3.6585279,-4.458528,-3.068528,-2.078528,-4.208528,-4.708528,-4.488528,-4.728528,-4.888528,-3.6685278,-3.5185277,-4.0885277,-3.608528,-4.098528,-5.8385277,-6.3785276,-6.768528,-5.0285277,-2.4585278,2.7014723,0.40147218,1.3414721,2.7914722,4.461472,6.981472,6.941472,7.591472,6.291472,4.6814723,3.5914721,2.0214722,0.8114722,0.03147217,0.33147216,-1.7885278,-2.598528,-1.0785278,0.8614722,1.0214722
-1.4785278,-4.248528,-0.31852782,-3.4185278,-3.4785278,-2.0385277,-4.1285276,-2.7485278,-3.7385278,-3.6285279,-3.2085278,-2.7385278,-2.7085278,-3.2185278,-5.038528,-2.6285279,-3.578528,-4.388528,-5.1685276,-6.198528,-6.188528,-2.6985278,-2.2285278,1.8614721,3.7114723,3.4814723,3.4914722,11.341473,6.861472,6.2414722,3.0014722,3.931472,3.0814722,1.3014722,0.39147216,-0.21852784,1.7514721,1.0414722,-0.7485278,-1.9685278,1.0214722
