wind_kz.json
{"header": {"discipline":0,"disciplineName":"Meteorological products","gribEdition":2,"gribLength":1025,"center":7,"centerName":"US National Weather Service - NCEP(WMC)","subcenter":0,"refTime":"2024-04-08T06:00:00.000Z","significanceOfRT":1,"significanceOfRTName":"Start of forecast","productStatus":0,"productStatusName":"Operational products","productType":1,"productTypeName":"Forecast products","productDefinitionTemplate":0,"productDefinitionTemplateName":"Analysis/forecast at horizontal level/layer at a point in time","parameterCategory":2,"parameterCategoryName":"UnknownDiscipline_0_Category_2","parameterNumber":2,"parameterNumberName":"UnknownParameter_D0_C2_2","parameterUnit":"Unknown","genProcessType":2,"genProcessTypeName":"Forecast","forecastTime":0,"surface1Type":103,"surface1TypeName":"Specified height level above ground","surface1Value":10.0,"surface2Type":255,"surface2TypeName":"Missing","surface2Value":0.0,"gridDefinitionTemplate":0,"gridDefinitionTemplateName":"Latitude_Longitude","numberPoints":615,"shape":6,"shapeName":"Earth spherical with radius of 6,371,229.0 m","gridUnits":"degrees","resolution":48,"winds":"true","scanMode":64,"nx":41,"ny":15,"basicAngle":0,"lo1":47.0,"la1":41.0,"lo2":87.0,"la2":55.0,"dx":1.0,"dy":1.0}, "data":
[rows 0 to 14 of 15, columns 0 to 40 of 41]
-1.0376049,0.22239502,1.4623951,1.362395,-2.487605,-4.287605,-4.807605,-3.637605,-5.077605,-3.017605,-4.267605,-2.777605,-5.087605,-5.727605,-5.567605,-5.0976048,-0.987605,-2.057605,-2.337605,-2.987605,-3.807605,-2.547605,-1.897605,-0.45760497,-1.9176049,-1.5276049,-0.09760498,-0.767605,-0.22760499,0.042395018,1.292395,0.09239502,-0.39760497,-1.047605,-0.20760497,0.312395,2.542395,0.10239502,0.702395,-1.427605,-2.597605
-1.2776049,-2.407605,-0.19760498,-1.247605,-2.177605,-2.107605,-5.367605,-5.907605,-4.687605,-3.657605,-2.807605,-3.817605,-1.237605,-1.107605,-2.647605,-3.647605,-3.837605,-2.937605,1.252395,-0.04760498,-0.407605,0.93239504,2.302395,-1.087605,-0.317605,0.702395,-0.01760498,-0.50760496,1.502395,-0.517605,0.402395,0.782395,1.232395,1.542395,0.532395,-0.14760499,-1.387605,-1.497605,-0.15760498,2.172395,-0.04760498
-4.327605,-3.557605,-2.397605,-2.417605,-2.7276049,-3.737605,-3.407605,-2.657605,-1.947605,-1.487605,-1.397605,-0.527605,-0.81760496,-1.7876049,-0.39760497,1.7123951,2.502395,1.852395,0.522395,4.032395,2.352395,-0.03760498,-0.07760498,3.352395,2.322395,0.68239504,-1.6676049,-2.917605,-0.577605,-0.467605,1.302395,1.362395,1.022395,0.892395,0.042395018,0.042395018,0.33239502,0.21239501,1.302395,3.122395,2.442395
-4.887605,-2.517605,-2.147605,-0.69760495,-0.38760498,-0.44760498,0.13239501,0.662395,1.152395,1.792395,1.762395,1.7123951,1.012395,1.5923951,2.692395,2.302395,3.262395,3.792395,5.922395,3.422395,4.582395,4.602395,1.9623951,1.622395,1.362395,2.072395,0.44239503,0.582395,-0.837605,-3.147605,-7.327605,-6.087605,-7.207605,-4.677605,-4.207605,-2.137605,-0.377605,1.812395,-1.397605,-0.03760498,-0.87760496
-3.257605,-2.627605,-2.867605,-2.627605,-1.807605,-1.2876049,-0.677605,1.122395,2.452395,2.962395,3.882395,4.442395,2.542395,2.852395,3.322395,5.522395,5.412395,4.522395,4.802395,5.672395,7.042395,8.582395,5.442395,2.652395,1.192395,0.462395,1.392395,0.772395,1.452395,-0.93760496,-1.007605,-0.20760497,1.822395,1.012395,-2.547605,1.872395,2.372395,2.882395,1.882395,3.382395,1.512395
-2.067605,-1.847605,-1.257605,-0.21760498,0.94239503,1.272395,1.872395,2.132395,3.332395,4.102395,3.932395,4.612395,5.122395,5.492395,4.192395,6.942395,6.842395,7.232395,6.362395,5.782395,5.222395,7.462395,3.252395,0.50239503,4.302395,2.112395,0.282395,0.61239505,0.01239502,1.932395,1.602395,-0.35760498,-0.94760495,-1.887605,-2.667605,2.5323951,0.62239504,2.812395,-0.87760496,-0.23760498,0.762395
-0.69760495,0.50239503,0.74239504,1.882395,2.342395,2.542395,3.112395,3.912395,4.852395,4.572395,4.392395,5.292395,5.472395,6.1523952,5.982395,6.602395,8.212395,7.862395,7.762395,7.422395,5.322395,2.842395,4.842395,-0.377605,2.672395,5.392395,2.442395,0.882395,-0.12760498,-0.587605,0.13239501,0.17239502,0.962395,-1.437605,-1.747605,0.0023950196,0.86239505,-1.607605,1.942395,-0.87760496,2.102395
1.102395,0.55239505,1.272395,1.612395,1.752395,2.842395,3.312395,3.952395,5.212395,5.662395,5.972395,5.022395,6.222395,6.452395,6.072395,7.122395,8.032395,8.362395,7.872395,7.482395,6.892395,5.192395,-1.1676049,-0.49760497,1.872395,4.122395,3.862395,0.24239501,2.702395,2.012395,2.962395,4.712395,3.112395,3.222395,4.542395,-0.647605,-1.987605,1.162395,4.332395,2.942395,0.892395
1.3323951,1.402395,2.132395,2.102395,2.222395,2.842395,3.112395,3.622395,3.952395,5.092395,6.232395,6.742395,6.122395,6.782395,6.302395,7.682395,7.552395,7.772395,8.212395,7.662395,6.492395,5.612395,3.402395,-0.537605,2.112395,3.722395,1.622395,4.182395,1.512395,2.802395,4.432395,4.982395,4.542395,2.132395,0.532395,-1.887605,-0.437605,-2.177605,-0.527605,-0.08760498,0.68239504
2.992395,2.422395,2.832395,2.402395,2.992395,3.352395,2.802395,3.052395,2.832395,4.632395,4.692395,5.092395,5.492395,6.832395,6.552395,6.702395,5.702395,6.342395,6.092395,7.102395,5.222395,5.882395,4.522395,3.972395,2.5223951,-1.007605,3.2723951,3.5323951,4.532395,2.702395,2.892395,1.532395,-0.17760497,-2.367605,-1.897605,-2.837605,-1.717605,-0.27760497,1.352395,0.93239504,-0.44760498
3.502395,3.732395,3.752395,4.472395,3.712395,4.132395,4.202395,3.402395,3.042395,2.462395,4.622395,5.802395,5.432395,4.832395,4.772395,4.872395,4.432395,2.572395,2.472395,2.422395,3.412395,3.802395,4.232395,4.342395,4.922395,4.282395,2.872395,6.082395,5.302395,3.092395,-0.01760498,-2.047605,-1.977605,-1.297605,-1.0376049,-0.617605,-0.29760498,1.172395,0.30239502,-0.377605,1.292395
2.882395,4.362395,4.712395,4.312395,4.122395,4.262395,4.582395,3.572395,4.052395,2.252395,2.992395,4.1523952,3.922395,2.422395,3.652395,2.822395,2.892395,0.10239502,-1.557605,-1.807605,-0.01760498,0.522395,-0.437605,0.542395,3.372395,2.892395,3.442395,2.892395,1.112395,-0.62760496,-2.117605,-1.767605,-1.117605,-0.32760498,-0.18760498,1.062395,2.612395,0.87239504,0.522395,-0.257605,-0.647605
3.312395,3.062395,2.402395,1.782395,1.182395,2.312395,2.822395,0.99239504,2.552395,1.9723951,1.4623951,3.192395,5.082395,4.302395,1.502395,1.172395,1.052395,-0.957605,-0.907605,-0.16760498,1.352395,0.99239504,1.932395,1.822395,2.852395,-1.4176049,-1.137605,-2.347605,-2.837605,-2.327605,-2.247605,-2.007605,-2.057605,-0.987605,-0.647605,-0.27760497,-0.767605,0.22239502,0.522395,-1.577605,-1.107605
4.072395,1.902395,0.86239505,1.932395,2.5223951,1.692395,1.9623951,2.342395,2.482395,1.502395,1.062395,3.042395,2.222395,1.0823951,1.492395,1.652395,1.8323951,0.402395,0.02239502,0.902395,1.152395,1.292395,-0.437605,-1.347605,-1.837605,-3.207605,-3.857605,-4.0976048,-2.747605,-3.067605,-2.787605,-2.617605,-1.827605,-1.897605,-1.737605,-1.837605,-1.307605,-1.557605,-0.44760498,-0.11760498,-1.067605
2.542395,3.102395,2.402395,2.882395,2.2723951,2.492395,2.912395,2.622395,2.692395,3.052395,2.142395,3.572395,2.0323951,3.7723951,2.972395,2.952395,1.982395,0.962395,1.412395,1.0823951,0.922395,-0.537605,-1.497605,-2.237605,-3.107605,-3.7276049,-3.4776049,-3.447605,-2.897605,-2.157605,-3.917605,-2.707605,-2.4776049,-2.9776049,-2.7276049,-2.547605,-1.597605,-1.987605,-2.057605,-0.867605,-0.407605
