wind_kz.json
{"header": {"discipline":0,"disciplineName":"Meteorological products","gribEdition":2,"gribLength":1102,"center":7,"centerName":"US National Weather Service - NCEP(WMC)","subcenter":0,"refTime":"2025-04-05T00:00:00.000Z","significanceOfRT":1,"significanceOfRTName":"Start of forecast","productStatus":0,"productStatusName":"Operational products","productType":1,"productTypeName":"Forecast products","productDefinitionTemplate":0,"productDefinitionTemplateName":"Analysis/forecast at horizontal level/layer at a point in time","parameterCategory":2,"parameterCategoryName":"UnknownDiscipline_0_Category_2","parameterNumber":2,"parameterNumberName":"UnknownParameter_D0_C2_2","parameterUnit":"Unknown","genProcessType":2,"genProcessTypeName":"Forecast","forecastTime":180,"surface1Type":103,"surface1TypeName":"Specified height level above ground","surface1Value":10.0,"surface2Type":255,"surface2TypeName":"Missing","surface2Value":0.0,"gridDefinitionTemplate":0,"gridDefinitionTemplateName":"Latitude_Longitude","numberPoints":615,"shape":6,"shapeName":"Earth spherical with radius of 6,371,229.0 m","gridUnits":"degrees","resolution":48,"winds":"true","scanMode":64,"nx":41,"ny":15,"basicAngle":0,"lo1":47.0,"la1":41.0,"lo2":87.0,"la2":55.0,"dx":1.0,"dy":1.0}, "data":
[rows 0 to 14 of 15, columns 0 to 40 of 41]
4.015503,2.065503,7.895503,-2.184497,-1.8244971,2.465503,5.675503,-6.204497,-7.434497,-6.5544972,-6.644497,-5.954497,-5.194497,-5.414497,-4.874497,-3.504497,-2.3644972,-0.5844971,-2.434497,0.00550293,-2.3644972,-1.1144971,0.57550293,2.745503,-0.10449707,-0.10449707,1.2855029,2.485503,0.41550294,0.9055029,-0.47449708,0.5255029,0.21550293,0.20550293,2.545503,4.645503,6.835503,2.555503,2.525503,2.155503,2.955503
3.6055028,-1.9844971,-3.8944972,-9.274497,-3.224497,1.6755029,-4.984497,-5.374497,-7.114497,-6.874497,-6.424497,-6.094497,-6.124497,-5.124497,-4.324497,-3.494497,-1.3144971,-2.454497,-1.124497,-0.06449707,-0.23449707,0.82550293,-0.57449704,0.86550295,-0.29449707,-0.27449706,-0.19449706,2.6355028,2.305503,-2.3744972,2.6155028,-0.68449706,-1.2444971,0.86550295,-0.02449707,2.945503,4.595503,3.055503,3.755503,2.745503,-0.88449705
5.035503,-4.454497,-9.954497,-7.964497,-3.8844972,-1.384497,-7.354497,-6.914497,-7.0544972,-7.134497,-7.2844973,-6.954497,-5.864497,-4.374497,-3.474497,-2.704497,-2.714497,-1.134497,-0.51449704,-0.34449708,0.88550293,3.005503,0.73550296,1.375503,-0.5944971,2.545503,1.095503,0.11550293,3.0755029,0.7155029,1.335503,-0.30449706,2.945503,3.765503,-1.1744971,-1.904497,-0.80449706,1.125503,-0.43449706,-0.76449704,-0.69449705
-2.294497,-3.584497,-9.5444975,-5.974497,-2.464497,-6.704497,-6.274497,-7.364497,-6.914497,-6.964497,-7.614497,-7.424497,-5.5344973,-3.844497,-0.43449706,-1.8144971,-1.8144971,-0.62449706,-0.69449705,-0.87449706,1.7955029,0.48550293,0.33550292,0.33550292,-0.7044971,-1.0644971,0.6555029,1.9455029,-3.184497,-3.104497,0.03550293,-0.6044971,-4.144497,-4.404497,-4.464497,-2.934497,-1.124497,0.99550295,-2.6744971,-4.0144973,-2.774497
-5.294497,-6.454497,-7.3044972,-2.824497,-8.224497,-7.0144973,-7.644497,-7.504497,-7.204497,-6.044497,-6.394497,-6.594497,-5.134497,-2.704497,3.295503,-2.304497,-1.3144971,-0.18449707,0.42550293,0.5955029,2.475503,2.8355029,4.395503,0.99550295,-1.894497,-1.4944971,-4.134497,0.55550295,-3.8844972,-3.344497,-3.6244972,-2.714497,-1.9244971,-1.504497,-2.204497,-2.064497,-4.584497,-4.224497,-3.254497,-2.8944972,-2.714497
-5.314497,-7.334497,-10.954497,-11.0444975,-10.574497,-7.594497,-7.964497,-7.474497,-6.484497,-5.974497,-5.774497,-4.814497,-1.794497,-2.964497,-1.644497,-2.254497,-1.394497,-0.40449706,0.10550293,1.6955029,0.6655029,1.5355029,2.185503,0.8955029,-2.044497,-3.754497,-3.214497,-2.4244971,-3.484497,-2.564497,-1.254497,-0.39449707,-1.3144971,-3.804497,-1.4744971,-5.394497,-1.5644971,-4.384497,-2.314497,-1.7044971,-2.234497
-4.934497,-7.0544972,-7.844497,-8.694497,-8.254498,-7.424497,-7.7844973,-7.344497,-7.394497,-6.484497,-5.324497,-5.084497,-4.0544972,-4.194497,-3.3944972,-2.544497,-1.5644971,-0.39449707,0.06550293,1.2755029,-0.05449707,-1.014497,1.1755029,1.7955029,0.81550294,-1.254497,1.0455029,0.07550293,0.63550293,0.93550295,0.09550293,-3.024497,-5.084497,-5.574497,-3.574497,-6.634497,-1.544497,-0.10449707,-1.4444971,0.9155029,-3.054497
-4.894497,-6.214497,-6.254497,-4.8044972,-7.2444973,-7.254497,-7.594497,-7.404497,-7.174497,-6.444497,-5.584497,-5.164497,-4.774497,-3.9144971,-2.8644972,-2.564497,-1.5844971,-1.034497,-0.45449707,0.19550294,0.86550295,0.9755029,-0.36449707,2.215503,1.4355029,1.0055029,0.9555029,1.5055029,0.74550295,1.2755029,-0.19449706,-2.8844972,-4.2444973,-1.7244971,-5.504497,-5.454497,-4.8044972,-6.714497,-7.254497,-5.714497,-1.154497
-4.454497,-5.104497,-5.524497,-5.954497,-5.854497,-5.854497,-6.294497,-5.774497,-5.484497,-5.104497,-4.404497,-3.474497,-3.354497,-2.6544971,-1.9544971,-1.5544971,-1.014497,-0.13449708,0.39550292,0.9155029,2.005503,1.625503,1.7555029,1.0355029,3.935503,2.155503,1.335503,2.235503,2.185503,1.465503,0.32550293,0.08550293,0.88550293,-1.9944971,-3.444497,-4.134497,-1.3244971,-0.76449704,-2.1144972,0.20550293,-2.4244971
-3.9244971,-3.844497,-3.344497,-3.524497,-3.524497,-3.1244972,-3.1544971,-2.554497,-2.454497,-1.9944971,-1.874497,-0.9844971,-0.5244971,0.37550294,0.55550295,0.92550296,1.0355029,0.67550296,1.595503,2.8355029,3.745503,4.045503,4.655503,4.935503,4.105503,3.945503,4.0055027,2.685503,3.755503,4.385503,3.545503,1.6855029,-2.534497,-3.6244972,-1.7444971,-2.334497,-1.6944971,-0.50449705,-0.28449708,0.24550293,-1.2444971
-3.004497,-2.194497,-1.8244971,-1.6844971,-0.43449706,0.40550292,0.81550294,0.9155029,1.4455029,1.8055029,2.495503,2.675503,2.785503,2.815503,3.525503,3.715503,3.675503,3.6155028,3.645503,3.985503,5.535503,5.435503,5.935503,5.845503,5.915503,6.315503,4.535503,5.385503,4.435503,4.595503,4.655503,2.3355029,-1.8344971,-0.68449706,0.06550293,0.02550293,0.19550294,0.33550292,-0.35449708,-0.39449707,-0.57449704
-0.61449707,-0.50449705,0.34550294,0.99550295,1.335503,2.265503,2.475503,3.535503,3.8755028,3.925503,4.455503,5.565503,5.425503,5.645503,5.515503,5.705503,6.095503,6.375503,5.875503,6.045503,5.995503,6.955503,6.6955028,6.335503,6.2555027,6.595503,7.4455028,6.575503,5.935503,4.4855027,3.895503,3.195503,2.055503,1.475503,0.93550295,1.0355029,1.475503,-0.28449708,-0.9044971,-1.1944971,-0.6644971
1.2955029,1.235503,3.1155028,2.805503,3.155503,3.1055028,4.6955028,4.705503,6.305503,5.745503,4.355503,5.905503,7.615503,8.115503,7.2155027,7.375503,7.295503,7.165503,7.415503,7.495503,7.815503,7.865503,7.955503,8.065503,7.7555027,6.345503,6.765503,8.305503,5.265503,5.785503,4.615503,4.315503,2.695503,2.685503,2.0955029,0.7955029,0.32550293,-0.33449706,-1.4744971,-1.2244971,-1.0844971
2.435503,3.0955029,2.405503,3.205503,5.125503,4.345503,5.565503,4.575503,5.475503,5.745503,4.795503,5.9655027,7.635503,8.4555025,8.725503,8.075503,8.625503,8.375503,8.865503,9.225503,8.915503,9.095503,9.165503,9.045503,8.925503,8.515503,7.025503,8.395503,6.845503,5.955503,4.155503,3.465503,2.565503,2.485503,1.845503,1.4255029,0.16550294,-0.68449706,-1.4344971,0.09550293,-1.374497
2.745503,5.1955028,2.035503,3.915503,4.785503,5.425503,6.7355027,6.2555027,5.525503,5.135503,4.475503,7.565503,6.395503,5.355503,8.045503,8.875503,9.415503,9.485503,9.335503,10.055503,10.045503,9.795503,9.035503,8.945503,8.765503,8.445503,8.425503,7.9655027,7.055503,6.9455028,3.405503,3.8255029,3.3355029,3.205503,2.665503,2.305503,0.82550293,0.9755029,0.33550292,0.37550294,-1.7244971
