wind_kz.json
{"header": {"discipline":0,"disciplineName":"Meteorological products","gribEdition":2,"gribLength":1025,"center":7,"centerName":"US National Weather Service - NCEP(WMC)","subcenter":0,"refTime":"2023-09-28T00:00:00.000Z","significanceOfRT":1,"significanceOfRTName":"Start of forecast","productStatus":0,"productStatusName":"Operational products","productType":1,"productTypeName":"Forecast products","productDefinitionTemplate":0,"productDefinitionTemplateName":"Analysis/forecast at horizontal level/layer at a point in time","parameterCategory":2,"parameterCategoryName":"UnknownDiscipline_0_Category_2","parameterNumber":3,"parameterNumberName":"UnknownParameter_D0_C2_3","parameterUnit":"Unknown","genProcessType":2,"genProcessTypeName":"Forecast","forecastTime":60,"surface1Type":103,"surface1TypeName":"Specified height level above ground","surface1Value":10.0,"surface2Type":255,"surface2TypeName":"Missing","surface2Value":0.0,"gridDefinitionTemplate":0,"gridDefinitionTemplateName":"Latitude_Longitude","numberPoints":615,"shape":6,"shapeName":"Earth spherical with radius of 6,371,229.0 m","gridUnits":"degrees","resolution":48,"winds":"true","scanMode":64,"nx":41,"ny":15,"basicAngle":0,"lo1":47.0,"la1":41.0,"lo2":87.0,"la2":55.0,"dx":1.0,"dy":1.0}, "data":
[rows 0 to 14 of 15, columns 0 to 40 of 41]
2.294488,2.1944878,-1.2955121,0.5244879,-0.3155121,-0.33551207,-2.675512,-2.8755121,-1.0155121,-1.6355121,-1.715512,-2.185512,-2.0455122,-1.8155121,-1.5455121,-2.535512,-2.435512,-1.3155121,-0.005512085,0.024487915,-3.015512,-3.6155121,-1.075512,-0.6455121,3.8844879,1.8144879,0.74448794,1.3544879,1.274488,-1.3655121,-1.595512,0.10448792,3.4244878,5.424488,3.074488,1.7544879,0.7944879,0.22448792,-0.8455121,-3.255512,-0.38551208
-2.6155121,-0.5755121,0.3744879,0.4744879,-0.74551207,-3.975512,-2.245512,-2.8155122,-1.2355121,-2.455512,-3.185512,-1.8555121,-1.3755121,-1.205512,-2.535512,-2.215512,-1.3955121,-1.725512,-0.56551206,-0.5355121,1.914488,2.4144878,0.33448792,2.304488,1.9744879,1.9544879,1.9444879,1.9644879,0.5744879,2.304488,-0.6155121,-2.405512,0.68448794,-1.2655121,0.9844879,3.4344878,2.584488,2.464488,-0.9555121,0.8444879,-0.15551208
0.5344879,1.0944879,-0.62551206,-0.2855121,-0.2855121,0.9744879,-1.5155121,-1.3755121,-2.0655122,-2.405512,-3.405512,-3.165512,-2.5655122,-4.335512,-2.725512,-2.6155121,-2.445512,-3.235512,0.8544879,2.234488,1.2344879,2.844488,0.7744879,-0.5455121,-2.485512,-2.405512,-1.4155121,-1.9955121,1.544488,0.034487914,-2.0755122,-2.3255122,0.5144879,-1.2655121,-3.1155121,-2.5555122,-3.5555122,-6.905512,-0.9155121,2.114488,0.8444879
-0.33551207,-0.19551209,-0.4055121,-0.4955121,-0.07551208,-1.8955121,-2.515512,-1.345512,-2.0655122,-2.685512,-2.745512,-2.025512,-1.955512,-3.165512,-3.0555122,-4.065512,-1.9855121,-3.475512,-2.285512,0.93448794,1.8344879,5.504488,-1.595512,-2.535512,-2.975512,-2.0755122,-2.0755122,-1.1255121,-1.6755121,-1.8055121,4.2644877,-0.5355121,2.4344878,7.104488,1.0644879,0.55448794,0.32448792,0.4744879,-2.015512,-1.945512,-3.015512
1.2244879,1.034488,0.6444879,-0.7355121,-3.385512,-1.6255121,-1.225512,-2.0855122,-2.435512,-2.235512,-2.5855122,-3.015512,0.8644879,-2.225512,-1.6455121,-0.75551206,-1.9155121,-2.645512,-5.4655123,-3.225512,-3.185512,-0.41551208,-0.5555121,-2.275512,-4.605512,-2.445512,-1.1455121,0.5744879,0.054487914,-0.5755121,0.20448792,3.494488,1.8844879,-0.45551208,0.29448792,1.4744879,-6.765512,-3.425512,-0.06551208,-1.2655121,-2.185512
-1.585512,-1.0455121,6.224488,2.264488,0.24448791,-0.035512086,0.084487915,-2.3655121,-1.3555121,-1.575512,-2.155512,-2.745512,2.094488,2.4444878,-1.3855121,-4.845512,-4.065512,-2.395512,-0.45551208,-0.35551208,-0.10551208,2.1544878,0.4744879,-1.6155121,-1.1455121,-0.6155121,0.5144879,4.254488,2.6844878,-0.41551208,-1.965512,-2.195512,6.444488,4.214488,3.4444878,3.4344878,-2.5755122,-1.9255121,-3.725512,-2.5955122,-2.0455122
-2.635512,-3.475512,-3.135512,-3.475512,-1.9055121,-2.695512,-0.5755121,-1.825512,-0.99551207,-0.4455121,-0.39551207,-1.0455121,-2.5755122,-1.455512,-2.1255121,-1.9255121,-2.0655122,-2.5555122,-0.56551206,-1.5255121,0.4644879,-0.6755121,-1.3155121,-1.6055121,-1.6855121,-1.965512,-1.3655121,0.99448794,0.3044879,0.2744879,-1.7655121,2.354488,2.014488,3.1344879,0.6544879,0.7344879,1.4744879,3.4144878,0.3144879,-0.7355121,-0.3755121
-3.695512,-3.8055122,-4.405512,-4.555512,-4.625512,-4.405512,-4.225512,-3.245512,-3.245512,-2.415512,-1.6755121,-0.9255121,-0.4955121,-0.5555121,-0.6555121,-2.945512,-2.905512,-1.7555121,-1.6755121,-1.6655121,-0.8355121,-0.4455121,-1.3555121,-0.5755121,-1.1455121,0.4644879,3.064488,-1.825512,-3.0855122,-3.8355122,-4.345512,-0.35551208,0.48448792,3.294488,6.084488,6.864488,2.854488,2.764488,0.07448792,1.2444879,0.8844879
-3.495512,-4.285512,-4.635512,-4.935512,-4.955512,-5.555512,-5.7355123,-4.9655123,-1.7655121,-1.5055121,-3.475512,-3.3455122,-2.235512,1.054488,0.2744879,-0.68551207,-4.185512,-1.7655121,-0.93551207,-2.6155121,-1.5055121,-1.9355121,-3.245512,-1.7955121,-3.0455122,-3.435512,-2.685512,-2.3455122,-2.8555121,-3.1055121,-7.9255123,-5.815512,-3.1155121,-1.9855121,-4.435512,7.114488,4.154488,4.714488,2.734488,1.774488,0.07448792
-3.0955122,-3.725512,-4.975512,-5.2155123,-5.005512,-5.365512,-5.255512,-4.785512,-4.255512,-2.6055121,-2.3355122,-1.725512,-3.725512,-2.6155121,-2.1255121,-0.6555121,-0.93551207,-0.6655121,0.26448792,-0.45551208,-1.5455121,-0.50551206,-0.7155121,-1.465512,-1.9255121,-2.215512,-3.755512,-0.6355121,-1.1755121,-1.345512,-0.35551208,-4.045512,-6.615512,-3.665512,-2.655512,-1.5455121,2.504488,-0.4455121,3.6744878,4.624488,3.3944879
-2.8655121,-3.495512,-4.145512,-4.9655123,-5.415512,-5.815512,-5.245512,-4.005512,-3.1255121,-2.6055121,-1.465512,-0.7955121,-2.255512,-1.085512,-2.475512,-3.3655121,-2.3255122,-0.87551206,0.06448791,-1.335512,-1.7755121,-0.69551206,-1.975512,0.4044879,-1.085512,-2.255512,-2.495512,-2.425512,1.3444879,-3.0855122,-3.6055121,-2.895512,0.014487915,-3.885512,-4.955512,-3.165512,2.1544878,2.4144878,3.614488,2.1444879,1.9744879
-2.025512,-2.1155121,-3.705512,-4.515512,-4.045512,-3.935512,-4.515512,-3.395512,-2.975512,-0.74551207,1.2544879,-1.1055121,-2.435512,-2.905512,-3.3155122,-2.475512,-2.695512,-1.205512,1.054488,0.3444879,0.3744879,-1.3555121,-0.81551206,0.45448792,0.15448791,-0.19551209,-1.4855121,-2.785512,-2.5955122,-3.515512,-3.205512,-4.595512,-2.245512,-3.185512,-1.6355121,-3.205512,-2.945512,-1.8055121,0.084487915,0.07448792,-0.7155121
-1.965512,-2.205512,-2.445512,-3.415512,-2.915512,-2.675512,-3.145512,-2.3755121,-2.445512,-2.1055121,0.07448792,-0.9655121,-2.635512,-2.205512,-2.5655122,-1.3955121,-0.7355121,0.50448793,0.4944879,1.4544879,-0.4755121,-0.8955121,-2.225512,-3.485512,-3.205512,-3.3555121,-4.515512,-3.685512,-2.655512,-4.205512,-0.6555121,1.3144879,-2.915512,-3.775512,-2.905512,1.5144879,1.7044879,0.29448792,-2.505512,1.7244879,1.674488
-0.7655121,-1.1455121,-1.455512,-2.935512,-2.515512,-2.5955122,-1.9055121,-2.255512,-2.1155121,-0.8455121,-0.48551208,-0.39551207,-2.0855122,-1.6655121,-1.8755121,-2.5755122,-3.035512,-1.8655121,-0.5755121,-0.5955121,-0.08551209,0.35448793,-1.7955121,-3.175512,-3.245512,-2.975512,-3.3055122,-4.895512,-4.415512,-4.075512,-4.325512,-4.595512,-4.765512,-3.195512,-2.025512,-2.1055121,-2.515512,-1.9355121,2.1244879,0.4944879,-1.7355121
1.2144879,0.21448791,1.1244879,-2.0655122,-1.9955121,-1.585512,-1.835512,-1.6755121,-1.825512,-1.1055121,-1.2755121,-0.7855121,1.1144879,-0.6155121,-2.195512,-2.3055122,-3.255512,-2.885512,-2.695512,-3.135512,-2.535512,-2.915512,-2.915512,-3.395512,-4.1755123,-4.285512,-4.765512,-4.705512,-4.935512,-4.935512,-5.655512,-6.4255123,-5.595512,-6.055512,-5.995512,-6.325512,-7.005512,-3.015512,-2.155512,-1.825512,0.8444879
