wind_kz.json
{"header": {"discipline":0,"disciplineName":"Meteorological products","gribEdition":2,"gribLength":1025,"center":7,"centerName":"US National Weather Service - NCEP(WMC)","subcenter":0,"refTime":"2023-08-20T18:00:00.000Z","significanceOfRT":1,"significanceOfRTName":"Start of forecast","productStatus":0,"productStatusName":"Operational products","productType":1,"productTypeName":"Forecast products","productDefinitionTemplate":0,"productDefinitionTemplateName":"Analysis/forecast at horizontal level/layer at a point in time","parameterCategory":2,"parameterCategoryName":"UnknownDiscipline_0_Category_2","parameterNumber":2,"parameterNumberName":"UnknownParameter_D0_C2_2","parameterUnit":"Unknown","genProcessType":2,"genProcessTypeName":"Forecast","forecastTime":300,"surface1Type":103,"surface1TypeName":"Specified height level above ground","surface1Value":10.0,"surface2Type":255,"surface2TypeName":"Missing","surface2Value":0.0,"gridDefinitionTemplate":0,"gridDefinitionTemplateName":"Latitude_Longitude","numberPoints":615,"shape":6,"shapeName":"Earth spherical with radius of 6,371,229.0 m","gridUnits":"degrees","resolution":48,"winds":"true","scanMode":64,"nx":41,"ny":15,"basicAngle":0,"lo1":47.0,"la1":41.0,"lo2":87.0,"la2":55.0,"dx":1.0,"dy":1.0}, "data":
[rows 0 to 14 of 15, columns 0 to 40 of 41]
-1.342768,1.8772321,-2.822768,0.70723206,-1.562768,-0.6227679,-3.2127678,0.72723204,2.867232,2.137232,-0.17276794,-0.16276795,-0.39276794,-1.972768,-1.8827679,-1.312768,-0.6327679,0.69723207,0.38723207,1.797232,3.957232,2.627232,2.447232,3.257232,0.34723204,0.26723206,3.707232,2.617232,-0.15276794,1.2172321,2.007232,0.35723206,-0.13276795,-1.042768,-2.6727679,-3.1927679,-2.642768,-3.782768,-5.0727677,-3.612768,-2.062768
1.4872321,-3.752768,-1.7527679,-3.562768,-4.122768,-2.662768,-6.272768,-6.8027678,-5.542768,-4.022768,-3.7027678,-2.492768,-1.182768,-0.96276796,-0.7527679,0.027232056,0.57723206,0.027232056,0.927232,1.8372321,1.167232,0.40723205,1.9772321,4.007232,0.46723205,0.22723205,1.147232,0.63723207,3.207232,2.0672321,0.677232,0.47723207,0.057232056,0.48723206,0.27723205,-1.7627679,-3.062768,-5.192768,-0.24276794,-1.6127679,2.427232
-4.512768,-3.752768,-3.2127678,-3.9527678,-3.802768,-6.0727677,-5.8027678,-5.112768,-6.0527678,-5.132768,-5.242768,-4.432768,-2.062768,0.117232054,0.41723207,0.53723204,0.69723207,0.8072321,1.7372321,1.4672321,1.7472321,2.127232,-0.21276794,1.807232,1.207232,0.09723206,0.24723205,-1.352768,2.867232,0.29723206,1.7472321,-0.20276794,-0.65276796,-0.062767945,-1.852768,1.8372321,0.8172321,0.5672321,0.06723206,1.527232,0.43723205
-4.692768,-3.542768,-2.772768,-2.4227679,-2.552768,-3.252768,-1.8827679,-3.662768,-3.282768,-3.4527678,-4.0927677,-5.362768,-1.4927679,-1.442768,0.9372321,1.2672321,1.937232,1.647232,2.447232,2.5572321,1.947232,0.48723206,-3.992768,-3.232768,-4.662768,-4.5527678,-4.0727677,-6.362768,-4.372768,-1.9027679,-2.892768,-5.142768,-6.012768,-4.192768,-3.742768,-0.21276794,1.317232,0.24723205,-2.602768,-4.002768,-4.462768
-1.432768,-0.65276796,-0.46276796,-0.33276793,0.97723204,1.407232,1.647232,1.937232,1.157232,-0.14276795,-1.542768,-2.6827679,-1.802768,-1.432768,1.067232,0.83723205,3.3172321,3.0572321,1.5872321,-0.6327679,-5.172768,-4.892768,-5.242768,-5.332768,-5.862768,-7.3427677,-7.8027678,-4.5527678,-5.0527678,-4.862768,-2.992768,1.7572321,3.0572321,0.8172321,-2.312768,-2.802768,0.17723206,-5.012768,-3.152768,-3.762768,-2.412768
2.847232,2.517232,0.23723206,2.3272321,3.5772321,5.637232,6.637232,5.307232,4.107232,2.5472322,2.117232,1.147232,-0.35276794,-0.92276794,-0.6227679,-0.79276794,1.8372321,4.1572323,2.8172321,0.51723206,-1.352768,-2.752768,-3.882768,-4.5927677,-5.772768,-7.132768,-7.402768,-4.0527678,-5.312768,-5.312768,-4.542768,-1.972768,-0.91276795,-2.822768,-1.722768,1.897232,0.46723205,-4.062768,-3.2127678,-2.772768,-2.772768
4.387232,2.337232,2.587232,3.5672321,4.1572323,2.3272321,3.757232,3.757232,4.287232,3.737232,3.2972322,2.5372322,0.89723206,1.657232,2.5272322,2.637232,1.937232,2.987232,4.517232,2.217232,0.8772321,-0.46276796,-1.422768,-2.512768,-3.982768,-4.732768,-4.972768,-5.362768,-5.872768,-5.582768,-5.102768,-5.062768,-4.502768,-2.572768,-3.322768,-1.8927679,-0.60276794,0.10723206,2.387232,0.95723206,0.16723205
2.697232,3.127232,3.847232,4.357232,4.277232,3.907232,2.487232,1.7272321,1.437232,2.3272321,3.677232,3.867232,4.497232,4.637232,4.377232,5.367232,5.4472322,4.827232,4.727232,4.837232,3.177232,1.567232,1.0072321,0.71723205,-0.67276794,-1.6227679,-2.812768,-3.142768,-4.722768,-3.9627678,-4.902768,-4.642768,-5.062768,-4.912768,-3.502768,-3.052768,-1.202768,-0.16276795,2.7972322,2.457232,3.5372322
-0.28276795,-2.022768,-2.122768,-0.8827679,0.08723205,0.91723204,2.607232,3.397232,4.617232,5.377232,5.817232,6.647232,7.857232,7.1772323,7.237232,6.237232,6.767232,6.6972322,5.817232,6.737232,6.6972322,4.357232,2.837232,2.5372322,2.167232,1.647232,0.79723203,0.45723206,-1.0227679,-2.102768,-4.0527678,-4.232768,-4.272768,-3.822768,-3.102768,-1.342768,-2.752768,0.60723203,1.577232,-0.80276793,1.3672321
0.60723203,0.36723205,0.82723206,1.797232,3.5772321,4.417232,5.6572323,7.107232,7.937232,8.677232,9.477232,9.727232,9.567232,8.727232,8.357232,7.877232,7.087232,7.597232,7.327232,6.457232,7.867232,7.297232,6.147232,5.067232,4.617232,3.3072321,3.647232,3.427232,2.0572321,1.2672321,-0.85276794,-1.192768,-2.142768,-2.282768,-2.4727678,-2.4527678,0.35723206,-0.762768,1.8872321,0.88723207,0.45723206
1.577232,0.90723205,2.2872322,2.937232,4.057232,5.137232,6.337232,7.917232,8.767232,9.827232,10.587232,10.787231,10.527231,10.257232,10.4572315,9.057232,8.737232,8.637232,7.917232,7.977232,7.587232,8.077232,6.277232,6.067232,5.767232,5.467232,5.167232,5.547232,4.417232,3.747232,1.427232,0.21723205,-0.15276794,-0.46276796,-1.1327679,-1.352768,0.08723205,-0.16276795,0.38723207,-0.55276793,1.577232
-0.572768,0.50723207,1.9672321,2.967232,4.977232,5.987232,6.997232,7.787232,8.137232,8.907232,9.907232,10.347232,9.967232,9.717232,9.727232,9.367232,9.947232,9.907232,9.367232,8.867232,8.357232,7.007232,6.817232,5.807232,5.257232,6.357232,6.707232,6.767232,5.587232,4.237232,1.667232,1.1072321,0.6272321,-0.25276795,-0.91276795,-1.822768,-1.7427679,-1.9027679,-0.90276796,-0.49276793,-0.46276796
-1.302768,-0.27276793,1.817232,2.497232,3.607232,4.277232,7.1572323,8.067232,9.517232,6.6572323,5.257232,7.287232,9.227232,8.207232,8.827232,9.547232,8.767232,9.637232,8.877232,9.217232,7.817232,7.517232,5.727232,5.567232,5.367232,5.6772323,5.937232,4.6972322,4.287232,3.5372322,1.957232,-1.332768,-0.90276796,-0.09276795,-2.002768,-1.822768,-2.7027678,-1.7327679,-1.842768,-2.012768,-1.1527679
-1.062768,0.057232056,1.2672321,1.687232,2.657232,3.617232,3.977232,4.497232,5.017232,4.317232,3.237232,2.987232,6.207232,7.147232,7.127232,5.1972322,5.957232,6.937232,7.247232,7.737232,7.357232,6.537232,6.137232,5.9472322,5.9472322,1.2472321,0.027232056,-1.6427679,-4.202768,-5.712768,-3.142768,-1.712768,-0.39276794,-0.86276793,-0.53276795,-2.822768,-0.17276794,-2.1927679,-1.672768,-0.30276793,-1.2427679
-0.72276795,-0.7527679,-0.9327679,0.24723205,1.067232,1.8572321,2.707232,2.867232,2.447232,3.477232,2.617232,3.627232,1.5072321,-0.762768,0.12723206,-0.45276794,-0.77276796,0.48723206,-1.6627679,1.417232,4.327232,4.877232,3.507232,3.447232,1.307232,-1.822768,-2.092768,-2.112768,-3.262768,-3.1727679,-4.732768,-3.412768,-2.9727678,0.21723205,-2.1727679,-2.282768,-2.152768,-2.162768,-2.4727678,-1.2527679,0.06723206
