wind_kz.json
{"header": {"discipline":0,"disciplineName":"Meteorological products","gribEdition":2,"gribLength":1025,"center":7,"centerName":"US National Weather Service - NCEP(WMC)","subcenter":0,"refTime":"2023-09-22T18:00:00.000Z","significanceOfRT":1,"significanceOfRTName":"Start of forecast","productStatus":0,"productStatusName":"Operational products","productType":1,"productTypeName":"Forecast products","productDefinitionTemplate":0,"productDefinitionTemplateName":"Analysis/forecast at horizontal level/layer at a point in time","parameterCategory":2,"parameterCategoryName":"UnknownDiscipline_0_Category_2","parameterNumber":2,"parameterNumberName":"UnknownParameter_D0_C2_2","parameterUnit":"Unknown","genProcessType":2,"genProcessTypeName":"Forecast","forecastTime":240,"surface1Type":103,"surface1TypeName":"Specified height level above ground","surface1Value":10.0,"surface2Type":255,"surface2TypeName":"Missing","surface2Value":0.0,"gridDefinitionTemplate":0,"gridDefinitionTemplateName":"Latitude_Longitude","numberPoints":615,"shape":6,"shapeName":"Earth spherical with radius of 6,371,229.0 m","gridUnits":"degrees","resolution":48,"winds":"true","scanMode":64,"nx":41,"ny":15,"basicAngle":0,"lo1":47.0,"la1":41.0,"lo2":87.0,"la2":55.0,"dx":1.0,"dy":1.0}, "data":
[rows 0 to 14 of 15, columns 0 to 40 of 41]
-1.7459741,-0.8059741,0.7340259,-4.685974,-3.3959742,-5.145974,-8.245975,-9.105974,-9.765974,-7.125974,-6.2759743,-4.905974,-4.615974,-4.645974,-3.965974,-3.6459742,-2.8459742,-3.1859741,-1.9459741,-3.1759741,-2.1559741,-0.43597412,0.08402588,-2.015974,-0.39597413,-1.5659741,-2.225974,1.1840259,0.02402588,1.0740259,1.7140259,-0.5159741,0.06402588,-0.14597411,-3.975974,-2.5959742,-1.4859741,-2.1859741,-4.5059743,-1.0459741,-3.025974
1.8440259,0.35402587,-5.2359743,-4.855974,-4.815974,-6.785974,-7.7359743,-9.2859745,-7.455974,-5.335974,-4.745974,-4.815974,-4.325974,-3.555974,-2.1559741,-3.6259742,-4.0459743,-3.1359742,-2.015974,-2.535974,-2.945974,-4.055974,-2.205974,-2.215974,-0.17597412,0.08402588,-0.53597414,0.014025879,-1.6559741,0.82402587,1.3340259,0.52402586,-0.9459741,-1.5059742,0.2740259,-1.1059741,-1.2159741,0.37402588,-0.7159741,-0.3559741,-4.835974
-0.4159741,-3.235974,-3.965974,-4.135974,-8.525974,-9.385974,-8.675974,-6.665974,-6.855974,-4.915974,-6.4459743,-5.9459743,-4.395974,-3.1459742,-4.685974,-4.4659743,-3.945974,-2.3659742,-2.955974,-4.085974,-4.035974,-3.6659741,-4.455974,-4.725974,-1.6459742,-0.8359741,0.82402587,-0.18597412,-2.265974,-1.0559741,-1.6859741,1.9840258,0.29402587,1.9940258,0.3040259,-0.13597412,0.25402588,-0.7159741,3.694026,0.83402586,0.32402587
-3.3259742,-5.405974,-5.595974,-8.095974,-9.395974,-8.415974,-6.395974,-5.5259743,-7.385974,-7.385974,-6.855974,-5.0459743,-5.935974,-5.015974,-3.3659742,-3.3659742,-3.735974,-3.6059742,-3.805974,-3.945974,-3.535974,-3.4159741,-1.9859741,-3.475974,-6.7159743,-4.785974,-4.865974,-5.165974,-3.6359742,-2.0659742,-0.7659741,-0.3559741,2.8840258,4.5140257,1.8840259,0.96402586,0.18402588,0.7440259,0.96402586,1.1240258,2.724026
-5.2559743,-6.7159743,-7.7359743,-9.775974,-7.085974,-6.015974,-6.425974,-5.185974,-6.955974,-6.675974,-6.155974,-4.4459743,-4.6959743,-3.4259741,-4.955974,-3.495974,-3.5859742,-2.8559742,-2.5959742,-3.725974,-3.8559742,-2.945974,-1.8659741,-2.1559741,-3.8459742,-3.8459742,-4.225974,-2.505974,-2.8559742,-2.805974,-2.3259742,-1.2559742,-1.2959741,0.9440259,1.9740258,2.524026,5.254026,2.204026,1.7140259,0.34402588,-3.6159742
-5.885974,-5.225974,-9.455975,-8.745975,-8.305974,-8.455975,-5.345974,-6.055974,-6.875974,-5.415974,-3.955974,-3.8659742,-3.805974,-4.245974,-4.055974,-3.1059742,-3.035974,-2.8659742,-1.9159741,-3.505974,-3.795974,-2.485974,-1.6159741,-1.2259741,-2.215974,-3.215974,-2.265974,-2.745974,-2.6059742,-3.6459742,-2.765974,-2.5659742,-1.2359741,1.2640259,1.9140259,0.9340259,0.9740259,2.1340258,6.2640257,-1.8959742,-4.745974
-5.4859743,-4.925974,-6.065974,-6.2959743,-6.065974,-4.565974,-4.4459743,-5.825974,-4.455974,-3.445974,-3.725974,-2.9159741,-3.6659741,-3.6659741,-3.485974,-3.045974,-2.8159742,-2.535974,-3.735974,-3.8159742,-3.045974,-2.0959742,-1.9859741,-1.1759741,-1.8959742,-3.4359741,-0.7559741,-2.9359741,-4.085974,-3.805974,-2.945974,-1.2659742,1.1240258,2.6240258,-0.97597414,-1.2359741,-1.0859741,1.1640259,0.8540259,0.64402586,1.2840259
-4.845974,-4.475974,-4.265974,-3.6259742,-3.6159742,-3.765974,-3.9159741,-4.815974,-3.6259742,-3.8459742,-3.1759741,-3.205974,-3.495974,-3.495974,-2.705974,-2.6159742,-3.245974,-2.765974,-2.995974,-3.6659741,-2.9159741,-2.495974,-2.025974,-2.3959742,-1.5159742,-2.305974,-2.4059741,-3.8759742,-3.725974,-2.8459742,-1.4959741,0.6640259,0.02402588,-0.9459741,-0.79597414,2.1840258,4.064026,5.944026,3.534026,3.8540258,1.5940259
-3.8359742,-3.465974,-2.755974,-3.035974,-3.045974,-2.6259742,-2.6859741,-3.205974,-3.1359742,-1.8359741,-1.6959741,-2.215974,-1.3959742,-1.3959742,-2.0659742,-1.7059741,-2.3159742,-2.6159742,-2.475974,-3.1359742,-3.3259742,-2.3959742,-2.495974,-2.9059741,-3.005974,-3.5859742,-2.5659742,-2.6659741,-1.1659741,-0.8759741,-0.065974124,-0.065974124,2.194026,1.0740259,2.0840259,1.1740259,0.40402588,-2.455974,-1.7459741,0.47402588,-2.215974
-3.6259742,-3.695974,-3.445974,-3.1359742,-3.1259742,-3.295974,-3.3559742,-2.735974,-2.1059742,-0.9659741,-0.5159741,-2.025974,-1.0459741,0.22402588,0.51402587,0.38402587,0.34402588,-0.8259741,-0.6259741,-1.6859741,-2.0859742,-1.6059741,-1.6359742,-2.515974,-2.525974,-3.4059741,-3.295974,-2.8559742,-2.195974,-1.4859741,0.07402588,0.6040259,1.1140258,1.4840258,1.8540258,1.3840259,-0.9459741,-0.10597412,-2.9159741,-0.9359741,-1.4059741
-3.4259741,-3.505974,-3.295974,-3.245974,-3.1159742,-2.725974,-2.195974,-1.3459741,-1.1159741,-0.9959741,-0.9959741,-0.6959741,-1.2559742,-0.8859741,-0.49597412,0.52402586,1.6540259,1.4540259,-0.54597414,0.3640259,0.7440259,0.28402588,-0.2559741,-1.5459741,-1.1959741,-1.4059741,-1.0059742,-1.3559741,-0.72597414,-1.1959741,-1.5659741,-1.0059742,-0.45597413,0.09402588,0.96402586,-0.7159741,-1.2559742,-0.9959741,-1.0259742,0.8140259,-1.4259741
-1.5959741,-2.3159742,-2.1759741,-2.3459742,-1.7959741,-1.4559741,-0.97597414,-0.78597414,-0.24597412,-1.1759741,-1.2059741,0.70402586,1.3240259,1.2140259,2.544026,2.6040258,2.524026,2.6340258,1.6640259,1.1040258,0.8040259,1.2540259,0.35402587,0.8540259,0.6340259,0.8540259,-0.72597414,-0.7659741,-0.8759741,-1.2959741,-1.3759742,-1.4859741,-0.7659741,-1.2759742,-0.66597414,-1.7059741,-2.3759742,-1.8059741,-0.29597414,-0.45597413,-0.6259741
-1.8659741,-1.2759742,-0.72597414,0.8140259,0.5640259,-0.43597412,-0.43597412,-0.04597412,0.38402587,-0.49597412,-0.6859741,0.7540259,1.2540259,2.444026,2.964026,2.724026,2.274026,2.254026,2.054026,2.4040258,0.76402587,0.9740259,1.4340259,1.2640259,2.5640259,1.2240258,-0.005974121,-0.17597412,-0.12597412,-0.5059741,-0.65597415,-0.9959741,-1.1159741,-1.3059741,-0.90597415,-1.7259741,-1.6759741,-1.2359741,-2.5859742,-1.7259741,-1.1559741
1.2440258,1.5540259,0.64402586,-1.0659741,-0.8959741,-1.7959741,-1.6259742,1.0040259,0.18402588,0.65402585,0.02402588,0.29402587,1.6740259,2.714026,2.974026,3.244026,3.044026,2.554026,2.3940258,2.8840258,2.244026,1.8740258,2.3540258,2.5740259,1.7740259,0.70402586,0.44402587,0.8140259,0.76402587,0.7940259,0.5440259,0.21402588,0.014025879,-0.19597413,-0.26597413,-0.5059741,-0.8159741,-1.0459741,-1.1159741,-0.7659741,-0.5159741
0.6140259,1.4740258,1.9540259,0.9140259,0.71402586,0.47402588,1.1740259,0.9340259,1.2340258,1.0540259,0.3340259,1.4740258,1.1440259,1.3440259,3.234026,2.9240258,3.1040258,3.284026,2.464026,3.014026,2.6440258,2.3740258,1.8740258,1.9540259,1.6240258,1.1840259,1.2640259,1.3240259,1.5440259,1.7240258,1.8540258,1.3440259,1.1540259,1.2440258,1.0540259,1.3640258,0.37402588,0.7340259,0.40402588,0.16402587,-0.60597414
