wind_kz.json
{"header": {"discipline":0,"disciplineName":"Meteorological products","gribEdition":2,"gribLength":1025,"center":7,"centerName":"US National Weather Service - NCEP(WMC)","subcenter":0,"refTime":"2023-08-27T18:00:00.000Z","significanceOfRT":1,"significanceOfRTName":"Start of forecast","productStatus":0,"productStatusName":"Operational products","productType":1,"productTypeName":"Forecast products","productDefinitionTemplate":0,"productDefinitionTemplateName":"Analysis/forecast at horizontal level/layer at a point in time","parameterCategory":2,"parameterCategoryName":"UnknownDiscipline_0_Category_2","parameterNumber":2,"parameterNumberName":"UnknownParameter_D0_C2_2","parameterUnit":"Unknown","genProcessType":2,"genProcessTypeName":"Forecast","forecastTime":180,"surface1Type":103,"surface1TypeName":"Specified height level above ground","surface1Value":10.0,"surface2Type":255,"surface2TypeName":"Missing","surface2Value":0.0,"gridDefinitionTemplate":0,"gridDefinitionTemplateName":"Latitude_Longitude","numberPoints":615,"shape":6,"shapeName":"Earth spherical with radius of 6,371,229.0 m","gridUnits":"degrees","resolution":48,"winds":"true","scanMode":64,"nx":41,"ny":15,"basicAngle":0,"lo1":47.0,"la1":41.0,"lo2":87.0,"la2":55.0,"dx":1.0,"dy":1.0}, "data":
[rows 0 to 14 of 15, columns 0 to 40 of 41]
-0.5707245,1.3892756,0.20927551,1.7992755,-5.0507245,-7.3807244,-6.9307246,-7.2507243,-7.5907245,-4.3707247,-5.2707243,-5.0407243,-3.9607246,-2.3307245,-0.7307245,-0.15072449,-0.3707245,-2.6507244,-3.4307244,-3.6707244,-2.3607244,-0.9407245,1.4392755,2.3992755,0.15927552,0.2792755,2.8992755,3.7092755,0.6292755,0.3692755,0.9992755,0.64927554,-0.13072449,-0.3407245,4.1092753,-4.4607244,-1.0107245,-2.5107245,-5.4107246,-3.5307245,-5.2307243
-0.2507245,-2.1207244,0.9992755,-4.7707243,-6.2907243,-4.6307244,-5.0507245,-6.8607244,-6.6307244,-6.4507246,-5.9007244,-5.3507247,-2.5007246,-0.7307245,-1.1007245,-1.0507245,-2.2307246,-3.5507245,-2.2107246,-1.5707245,-0.17072448,0.7092755,0.5792755,3.7592754,1.5492755,-7.244873E-4,1.3592755,1.2192755,4.3892756,2.6292756,1.8492755,2.2692754,1.7592756,1.4692755,0.5192755,0.9292755,0.18927552,1.0692755,0.7092755,-1.9107245,0.5792755
-3.6307244,-1.6707245,-4.7107244,-6.5107245,-5.4107246,-5.6107244,-4.7407246,-4.5907245,-5.3907247,-5.2107244,-5.5807247,-5.0207243,-3.9207244,-4.3607244,-4.7707243,-5.4107246,-5.0107245,-2.7207246,-0.97072446,1.0992755,2.5392754,3.9292755,3.1592755,4.2992754,0.3192755,-1.8507245,-2.9007244,-1.4407245,3.8192756,-0.9807245,1.8292755,-2.3407245,-1.7807245,-1.5207245,-2.0607245,-0.8707245,-0.97072446,0.1692755,-0.9407245,2.6692755,1.6292756
-7.8207245,-8.360724,-7.4007244,-5.7407246,-4.0507245,-3.2807245,-2.5407245,-2.7607245,-3.1607244,-3.2307246,-3.0607245,-4.7007246,-4.9207244,-4.1407247,-4.2707243,-4.3507247,-3.7107246,-2.9807246,-2.4307244,-0.42072448,1.2392755,-1.3607244,2.0192754,0.21927552,-0.030724488,-0.3807245,0.3992755,1.8692756,0.4092755,-0.66072446,1.0192755,0.3092755,2.3592756,1.5592755,1.9292755,2.6392756,-0.11072449,0.7392755,-1.4707245,1.1592755,3.0392754
-7.5207243,-6.8707247,-5.8707247,-4.6207247,-2.4807246,-1.6107244,-2.2807245,-2.2507246,-1.1407245,0.15927552,0.2492755,-1.7507244,-3.1207244,-3.8407245,-2.1107244,-3.1607244,-2.1707244,-1.5407245,-1.5807245,-1.0207245,-1.1207244,0.14927551,1.6492755,2.7592754,2.8092756,1.6392756,1.7192755,-0.7607245,1.2792755,1.9692755,2.8092756,4.5292754,3.7492754,3.6192756,-3.1207244,-2.2907245,4.7392755,-1.7807245,-1.2807245,0.96927553,-2.9407244
-6.4907246,-5.3907247,-6.1707244,-6.3607244,-6.4807243,-5.7607245,-2.8807244,-0.8307245,1.3992755,0.9992755,1.2192755,1.3992755,0.12927552,-0.6307245,1.3192755,1.9392755,1.0192755,0.6292755,1.1492755,-0.21072449,-0.7307245,0.3692755,1.5592755,2.0092754,1.9192755,3.6692755,3.4992754,1.3492755,3.0592756,3.4492755,4.4392757,5.7592754,7.8092756,6.8092756,4.5392756,0.1692755,0.05927551,4.4192753,3.9092755,-4.9407244,-5.5607243
-6.2007246,-5.8907247,-5.9607244,-5.9307246,-5.2407246,-4.5707245,-4.2807245,-4.0807247,-4.7407246,-3.8307245,-3.0107245,-3.2607245,-3.4507246,-2.3807244,-4.5707245,-4.2207246,-1.2507244,-0.030724488,0.5192755,1.3292755,3.0992756,3.2492754,1.9292755,2.5292754,3.8792756,4.1392756,4.6092753,3.3592756,3.9992754,4.5492754,4.4092755,4.4192753,5.0992756,6.2392755,5.1592755,4.9192753,4.3092756,0.7592755,4.7592754,0.3492755,0.10927551
-4.7307243,-4.8007245,-4.9407244,-5.2007246,-4.6707244,-4.0807247,-3.9707246,-4.6607246,-4.1707244,-3.2707245,-2.4307244,-3.0707245,-3.3007245,-3.5507245,-3.3707244,-3.2007246,-2.3907244,-0.080724485,1.4892755,2.8592756,3.6292756,2.0392754,3.0192754,3.4192755,2.3392756,3.8892756,3.3692756,1.8592755,2.9292755,3.2992754,3.8392756,2.3192756,2.7592754,3.9292755,7.3692756,7.8792753,8.759275,3.4092755,4.0792756,1.9892755,1.8292755
-4.0707245,-4.2707243,-3.3507245,-3.3707244,-3.7607245,-4.9207244,-4.9007244,-3.8607244,-2.6707244,-1.4607245,-1.4307245,-0.6807245,-2.0107245,-2.5707245,-3.5507245,-0.8107245,-1.3007245,-0.7607245,0.18927552,1.0292755,2.0992756,0.18927552,0.7892755,2.2492754,1.5192755,-0.66072446,2.1592755,2.4092755,2.7692754,4.1792755,4.8992753,5.1992755,4.0192757,3.9492755,5.2992754,5.6192756,6.8692756,6.9092755,3.5792756,3.8492756,2.3092756
-2.5407245,-2.3107245,-2.1107244,-1.8907245,-1.4207245,-1.0507245,0.019275513,-0.9407245,-1.4007245,-1.4207245,-1.5207245,-2.1907244,-2.7707245,-2.2707245,-1.4507245,-0.45072448,-0.11072449,-0.09072449,0.71927553,1.6192756,3.2992754,4.0092754,3.3492756,2.8692756,3.5392754,4.2092757,5.0192757,5.1892757,5.6592755,6.0992756,6.4692755,6.8492756,6.7392755,5.1792755,4.3692756,7.5892754,6.0592756,2.0292754,4.7392755,2.7692754,0.6192755
-0.66072446,0.029275512,0.099275514,-0.11072449,1.1592755,1.1592755,1.3792756,1.7092755,1.2892755,-0.010724488,-1.0507245,-2.3907244,-2.6107244,-1.5207245,-1.2107245,-1.0107245,-0.16072449,-0.2507245,1.3892756,0.7592755,1.8492755,1.0992755,1.7592756,3.4892755,5.4992757,5.7892756,6.8092756,7.2792754,6.7392755,6.9592757,7.5092754,7.1592755,6.4192753,3.4992754,3.1892755,4.6992755,2.1392756,2.1092756,2.7392755,1.7192755,0.4092755
-1.3807244,-1.5307245,-0.8307245,-0.9607245,-1.2007245,-2.3407245,-2.4307244,-1.8307245,-1.9007245,-1.3707244,-0.9307245,-2.3107245,-2.0507245,-1.8307245,-0.97072446,-0.8107245,0.5592755,1.0592755,1.6492755,1.5892755,1.8692756,3.2092755,4.4392757,4.3792753,5.2692757,6.9292755,7.2492757,8.169275,8.349276,7.3892756,8.039275,7.2592754,4.5992756,4.0992756,2.3892756,3.0492754,6.4292755,5.0892754,5.5792756,0.7092755,-1.0107245
-1.9107245,-2.3307245,-1.8207245,-2.6807244,-2.7407246,-2.2107246,-3.1407244,-3.0707245,-3.9907246,-1.1807245,-0.8107245,-1.7007245,-2.4007244,-2.3207245,-0.7307245,-0.14072448,0.71927553,1.0892755,1.7392755,2.7392755,3.5392754,4.8692756,5.1592755,6.1192756,7.1392756,7.0492754,7.3792753,6.7192755,7.0992756,7.0792756,5.1692753,5.6892757,3.0392754,3.4392755,2.8192756,1.7192755,5.6192756,1.1092755,1.5492755,-1.1807245,0.029275512
-2.2507246,-2.7407246,-3.1807244,-3.6107244,-3.4807246,-3.0007246,-3.1307244,-3.0307245,-2.0507245,-1.5807245,0.2492755,0.29927552,-2.6107244,-1.1807245,-0.18072449,0.08927551,0.6292755,1.4092755,2.0192754,3.7292755,3.4292755,4.5392756,5.2392755,5.2292757,5.3892756,3.4792755,2.0792756,1.3092755,-1.0207245,0.2492755,0.65927553,2.2392755,1.9592755,2.4292755,-0.8707245,0.41927552,-0.84072447,-1.7407244,0.7992755,1.7692755,-0.42072448
-1.1307244,-2.1707244,-3.2107246,-4.1407247,-2.7007246,-3.1507244,-2.9607246,-3.0707245,-3.0907245,-3.7507246,-3.1207244,-2.0007246,-0.6907245,-0.45072448,-0.4007245,-0.6307245,1.2292755,2.0092754,2.2892754,3.7492754,3.0592756,2.3992755,2.3692756,2.2492754,0.8292755,-0.53072447,-0.7907245,0.6392755,2.5192754,-2.8607244,-2.5307245,-1.0907245,0.06927551,-3.5507245,2.0392754,1.2592756,0.5192755,-1.8007245,-1.3607244,-0.5807245,-0.7407245
