wind_kz.json
{"header": {"discipline":0,"disciplineName":"Meteorological products","gribEdition":2,"gribLength":1025,"center":7,"centerName":"US National Weather Service - NCEP(WMC)","subcenter":0,"refTime":"2023-09-29T06:00:00.000Z","significanceOfRT":1,"significanceOfRTName":"Start of forecast","productStatus":0,"productStatusName":"Operational products","productType":1,"productTypeName":"Forecast products","productDefinitionTemplate":0,"productDefinitionTemplateName":"Analysis/forecast at horizontal level/layer at a point in time","parameterCategory":2,"parameterCategoryName":"UnknownDiscipline_0_Category_2","parameterNumber":3,"parameterNumberName":"UnknownParameter_D0_C2_3","parameterUnit":"Unknown","genProcessType":2,"genProcessTypeName":"Forecast","forecastTime":60,"surface1Type":103,"surface1TypeName":"Specified height level above ground","surface1Value":10.0,"surface2Type":255,"surface2TypeName":"Missing","surface2Value":0.0,"gridDefinitionTemplate":0,"gridDefinitionTemplateName":"Latitude_Longitude","numberPoints":615,"shape":6,"shapeName":"Earth spherical with radius of 6,371,229.0 m","gridUnits":"degrees","resolution":48,"winds":"true","scanMode":64,"nx":41,"ny":15,"basicAngle":0,"lo1":47.0,"la1":41.0,"lo2":87.0,"la2":55.0,"dx":1.0,"dy":1.0}, "data":
[rows 0 to 14 of 15, columns 0 to 40 of 41]
0.47354552,0.03354553,1.1935456,2.7835455,0.06354553,-2.9164546,-1.8764545,2.1735456,-0.35645446,-0.37645447,-1.3564545,-1.8064544,-1.5164545,-2.5964544,-2.9764545,-3.6164544,-3.1764545,-2.9864545,-3.2664545,-1.3764545,-2.0064545,-4.1364546,-2.9464545,-0.47645447,-1.0564544,-0.47645447,-0.88645446,1.0735456,2.9735456,3.9535456,0.36354554,-0.10645447,0.27354553,-1.1364545,0.8335455,2.2135456,2.1935456,2.6335456,1.3635455,1.9235455,1.4435456
3.1035454,1.4735456,2.3935456,1.3435456,-0.41645446,-3.0364544,-2.5864544,0.42354554,0.43354553,-0.6664545,-2.6864545,-2.4864545,-1.7164545,-2.8464544,-4.6064544,-4.0364547,-2.2564545,-2.4364545,-3.0464544,-2.9364545,-3.2664545,-2.8664544,-1.4264544,1.5135455,1.6635455,0.25354552,-1.2964544,2.8635454,0.47354552,2.5435455,3.1935456,5.3535457,1.7335455,0.54354554,-1.4264544,-0.9364545,-1.4464545,-1.0164545,-0.53645444,-1.7464545,-0.44645447
1.7235456,4.0835457,2.0635455,-0.18645447,-2.6264544,-0.6764545,-0.35645446,-1.4464545,1.3835455,0.90354556,0.37354553,-0.026454467,-2.3464544,-3.8664544,-4.2764544,-4.5464544,-2.0464544,-3.7364545,-3.8664544,-4.2564545,-3.8964546,-1.1364545,-1.2764544,1.1035455,0.17354554,0.20354553,-0.14645447,1.2235456,0.29354554,2.1535456,4.5435457,1.8535455,1.5035455,-0.25645447,-1.0264544,2.6335456,4.5435457,-0.10645447,1.1035455,-0.12645447,1.1735455
0.20354553,0.97354555,-0.9964545,-2.0864544,-0.9764545,-0.78645444,-2.0764544,0.29354554,-0.16645446,1.4835455,2.7535455,0.40354553,-1.8964545,-4.5464544,-4.2764544,-4.0164547,-3.2464545,-4.3864546,-4.0164547,-3.8064544,-3.8864546,-2.0664544,-0.49645448,0.25354552,-1.5864545,-2.1264544,-2.6864545,0.7635455,1.7735455,0.61354554,-1.2264545,-1.1664544,-1.4264544,-0.70645446,-0.6164545,-3.5764544,-0.7964545,2.3635454,0.43354553,0.97354555,1.8035455
1.1035455,0.9435455,-0.46645448,-1.5464544,-1.7664545,-2.2764544,-3.0464544,-1.7464545,-1.2264545,0.43354553,2.9435456,1.8135456,-1.2764544,-4.3364544,-5.0064545,-4.4364543,-3.6164544,-3.4764545,-3.3564544,-2.7364545,-4.2864547,-6.1464543,-0.33645448,1.5335455,0.9535455,-1.0764545,0.47354552,3.0635455,1.8735455,0.24354553,-1.8964545,-0.45645446,1.8235456,2.9335456,-0.90645444,-1.6564544,0.26354554,-1.3264545,-0.50645447,0.10354553,-1.0264544
2.2735455,0.86354554,1.3435456,0.45354554,-1.5764545,-2.8664544,-2.8464544,-0.44645447,-0.33645448,2.1035454,3.4135456,1.4235455,-0.30645448,-4.5464544,-3.3164544,-2.5864544,-4.1164546,-4.0764546,-3.1764545,-0.53645444,-2.8464544,-4.8164544,-6.5164547,2.1535456,3.2335455,2.1735456,4.1835456,1.7535455,0.7535455,-0.29645446,-2.2764544,-2.9864545,-2.0364544,-2.1664546,1.7435455,0.8235455,2.9535456,3.7835455,-0.6064545,-2.1564546,-2.0764544
3.9735456,3.0935454,2.1235456,1.0635456,-0.70645446,-2.7864544,2.3935456,-0.8664545,-0.56645447,0.46354553,0.5235455,-1.2264545,-1.0364544,-3.1764545,-5.3964543,-3.9464545,-3.8864546,-4.6764545,-5.0064545,-2.4464545,-3.8664544,-4.0664544,-6.0664544,-5.4164543,0.18354553,2.4035456,0.8835455,1.2435455,-0.78645444,-1.2164545,-2.4764545,-4.7864547,-5.2564545,-4.8564544,-0.9964545,-2.0664544,-2.9964545,-1.3964545,2.3035455,1.5535455,-0.40645447
1.5335455,1.1335455,0.59354556,-0.69645447,-2.3864546,-2.4964545,-0.9364545,0.8235455,0.55354553,-0.28645447,-0.16645446,-1.4564545,-2.0664544,-2.6964545,-3.8764544,-4.0564547,-3.7064545,-5.7364545,-3.7164545,-1.3964545,-4.3464546,-3.0764544,-4.1164546,-4.0364547,-4.6664543,1.6735455,1.0835456,-0.7464545,-1.8164544,-3.4564545,-3.5364544,-2.9364545,-4.0964546,-4.7164545,-2.3664544,-1.5964545,-2.7464545,0.03354553,0.123545535,0.61354554,-1.4464545
1.5535455,1.7135456,1.2035456,-0.09645447,-1.3964545,-1.3664545,-1.4064544,2.1135454,1.1935456,1.3135456,0.043545533,0.59354556,-0.83645445,-1.7864544,-2.3964546,-3.4264545,-4.1964545,-4.3264546,-3.2264545,-3.0964544,-2.6264544,-4.1864543,-2.2864544,-0.27645448,-0.06645447,-1.8664545,-1.5264544,-0.49645448,1.8135456,0.26354554,-1.1164545,-1.6164545,-0.78645444,-1.6864544,-1.3364545,-1.4664545,-2.9864545,-0.76645446,0.74354553,-0.13645446,-1.7564545
2.2435455,1.9335456,1.9335456,1.0835456,-0.35645446,-0.6164545,-0.94645447,0.09354553,0.35354555,-0.7464545,1.5235455,0.60354555,0.10354553,-1.0564544,-1.7964544,-3.2264545,-3.2864544,-2.5964544,-2.3264544,-1.0364544,-0.46645448,-5.0364547,-2.0064545,-1.0764545,0.24354553,0.42354554,0.85354555,0.67354554,-0.03645447,-0.33645448,0.18354553,-0.9364545,-2.8164544,-2.3164544,-1.4864545,-0.95645446,0.0035455322,-1.3164544,-1.2164545,0.91354555,0.6335455
2.9735456,2.6035454,2.4635456,1.7635455,1.0435455,0.97354555,0.96354556,1.0135455,0.27354553,0.5035455,0.023545532,0.013545532,-0.03645447,-1.2964544,-0.7464545,-1.6964545,-2.8364544,-2.8264544,0.0035455322,-1.9864545,-2.5064545,-2.8364544,-3.0264544,-1.8564545,-1.5864545,-0.58645445,-0.57645446,-0.82645446,-0.9964545,-1.1064545,-1.9464545,-2.2764544,-0.34645447,-1.4164544,-2.2564545,-1.9464545,-0.7264545,1.3835455,0.85354555,0.84354556,-0.6064545
2.8435454,3.4135456,3.5235455,3.2135456,2.9835455,2.0335455,1.2435455,1.5435455,0.40354553,1.1035455,0.48354554,-0.11645447,0.22354554,0.32354555,1.1535455,-0.30645448,-1.3664545,-1.7764544,-0.88645446,-1.2164545,-1.6064545,-2.1864545,-2.2664545,-1.6664544,-1.3864545,-1.9564545,-0.7964545,0.38354552,-0.14645447,-0.96645445,-0.15645447,-1.4664545,-1.3964545,-0.82645446,-1.0564544,-2.1564546,-1.9364544,-0.006454468,0.7535455,0.7535455,0.15354553
3.1035454,3.9235456,4.0335455,3.5435455,3.4335456,2.1535456,2.1035454,2.5035455,2.8935456,1.2735455,0.45354554,0.38354552,0.26354554,1.0535455,0.99354553,0.92354554,0.5235455,-0.56645447,1.4135455,0.54354554,0.33354554,1.2135456,0.5735455,0.16354553,0.36354554,0.80354553,0.96354556,-0.10645447,-0.5464545,-0.9364545,-1.1464545,0.38354552,0.10354553,0.38354552,-0.14645447,-0.24645446,-0.7264545,-0.8064545,-0.7264545,-0.34645447,-0.57645446
3.7335455,4.6135454,5.1235456,5.2735457,3.3835456,3.6935456,3.3635454,3.4935455,3.1035454,2.7235456,1.7435455,1.3935455,2.4135456,1.4435456,0.34354553,2.5235455,0.92354554,1.0935456,-0.16645446,1.2435455,1.7035456,1.7835455,1.4435456,1.2635455,0.6435455,0.043545533,-0.16645446,0.7735455,0.8235455,0.32354555,-0.15645447,-0.17645447,0.35354555,1.1135455,0.16354553,0.35354555,0.013545532,-0.06645447,-0.40645447,0.26354554,-0.40645447
4.2335453,4.5235457,6.2535458,6.6435456,5.8535457,5.4135456,5.0435457,3.9435456,3.7435455,3.4635456,1.5935456,2.4235456,2.3035455,1.6335455,3.4835455,1.7335455,2.7935455,2.7735455,1.4835455,3.1035454,3.0435455,2.7935455,1.9935455,2.3335454,1.9735456,1.5435455,1.4335456,1.1935456,1.2435455,1.2135456,0.043545533,1.0335455,1.0235455,1.2335455,1.4135455,0.91354555,0.53354555,1.0635456,1.0435455,0.5135455,0.28354552
