wind_kz.json
{"header": {"discipline":0,"disciplineName":"Meteorological products","gribEdition":2,"gribLength":1025,"center":7,"centerName":"US National Weather Service - NCEP(WMC)","subcenter":0,"refTime":"2024-01-31T00:00:00.000Z","significanceOfRT":1,"significanceOfRTName":"Start of forecast","productStatus":0,"productStatusName":"Operational products","productType":1,"productTypeName":"Forecast products","productDefinitionTemplate":0,"productDefinitionTemplateName":"Analysis/forecast at horizontal level/layer at a point in time","parameterCategory":2,"parameterCategoryName":"UnknownDiscipline_0_Category_2","parameterNumber":2,"parameterNumberName":"UnknownParameter_D0_C2_2","parameterUnit":"Unknown","genProcessType":2,"genProcessTypeName":"Forecast","forecastTime":300,"surface1Type":103,"surface1TypeName":"Specified height level above ground","surface1Value":10.0,"surface2Type":255,"surface2TypeName":"Missing","surface2Value":0.0,"gridDefinitionTemplate":0,"gridDefinitionTemplateName":"Latitude_Longitude","numberPoints":615,"shape":6,"shapeName":"Earth spherical with radius of 6,371,229.0 m","gridUnits":"degrees","resolution":48,"winds":"true","scanMode":64,"nx":41,"ny":15,"basicAngle":0,"lo1":47.0,"la1":41.0,"lo2":87.0,"la2":55.0,"dx":1.0,"dy":1.0}, "data":
[rows 0 to 14 of 15, columns 0 to 40 of 41]
0.46810302,1.5581031,-2.291897,-8.061897,-7.691897,-8.081897,-7.981897,-7.981897,-7.531897,-5.901897,-5.461897,-4.891897,-4.471897,-4.591897,-4.201897,-3.371897,-3.7518969,-4.431897,-5.311897,-3.691897,-1.5618969,1.368103,3.5181031,2.0181031,0.708103,1.5581031,1.248103,1.8281031,1.108103,0.03810303,0.44810304,3.588103,-1.471897,-3.111897,-4.281897,-4.291897,-4.481897,-5.441897,-5.851897,-5.171897,-5.221897
1.368103,-4.771897,-8.541897,-8.451897,-7.961897,-5.6218967,-8.071897,-8.081897,-7.151897,-6.1218967,-5.881897,-5.991897,-5.831897,-5.261897,-5.241897,-5.271897,-4.861897,-5.431897,-3.7318969,-1.331897,-0.48189697,-2.011897,0.21810302,0.97810304,2.138103,0.48810303,0.34810302,1.468103,0.03810303,0.65810305,0.948103,0.638103,4.018103,0.21810302,0.16810302,-0.42189696,-1.401897,-2.551897,-2.141897,-1.6718969,-5.921897
-6.361897,-10.761897,-9.631897,-9.091897,-9.251897,-8.011897,-7.851897,-7.021897,-7.571897,-6.901897,-6.881897,-6.651897,-5.861897,-5.971897,-5.641897,-5.571897,-6.081897,-4.951897,-3.9918969,-2.901897,-1.251897,-4.581897,-7.291897,-6.001897,-1.9418969,-2.851897,-1.981897,0.768103,2.108103,-0.32189697,0.36810303,-1.1918969,0.32810304,0.028103027,-0.91189694,0.12810303,-0.941897,-0.691897,2.958103,3.7481031,3.2681031
-10.801897,-10.931897,-9.801897,-8.181897,-6.531897,-6.651897,-5.891897,-6.911897,-6.931897,-6.741897,-7.131897,-7.281897,-7.731897,-7.221897,-5.501897,-5.141897,-4.921897,-5.051897,-5.131897,-5.481897,-5.3718967,-3.901897,-2.891897,-4.211897,-3.941897,-4.541897,-3.821897,-5.231897,-3.701897,-1.601897,0.44810304,0.868103,2.2581031,0.17810303,0.35810304,-0.681897,-2.151897,2.5181031,-0.45189697,-1.591897,1.718103
-9.991897,-8.921897,-7.011897,-5.881897,-6.041897,-6.571897,-6.441897,-6.271897,-6.431897,-5.951897,-6.211897,-6.341897,-6.051897,-5.841897,-5.541897,-4.151897,-3.851897,-3.691897,-4.001897,-3.761897,-5.1218967,-5.651897,-3.941897,-4.201897,-3.541897,-4.211897,-4.771897,-1.7918969,-2.9818969,-2.071897,-1.851897,-1.611897,0.518103,2.238103,-2.2318969,-0.03189697,-1.091897,-0.021896973,-0.051896974,-2.351897,-2.5018969
-7.8718967,-7.601897,-7.191897,-6.671897,-6.441897,-4.531897,-6.421897,-5.771897,-5.611897,-5.221897,-4.571897,-3.661897,-3.7518969,-4.281897,-2.311897,-2.691897,-1.631897,-2.671897,-2.011897,-2.621897,-3.181897,-3.111897,-2.261897,-2.141897,-2.091897,-2.531897,-2.381897,-1.831897,-2.101897,-1.361897,-1.1818969,-2.191897,-1.281897,-2.0018969,-1.631897,0.16810302,-0.18189697,-0.501897,-2.141897,-3.691897,-4.731897
-7.141897,-7.231897,-7.811897,-6.981897,-5.801897,-5.721897,-6.041897,-5.831897,-4.991897,-3.9818969,-3.031897,-3.041897,-1.861897,-1.871897,-1.3018969,-1.581897,-1.201897,-0.851897,-0.42189696,-1.111897,-2.121897,-1.981897,-1.831897,-0.76189697,-0.53189695,0.27810302,-0.09189697,-0.691897,0.12810303,-0.941897,-1.001897,-1.131897,-0.34189698,0.028103027,-0.941897,-2.321897,-1.471897,2.558103,-1.5418969,1.148103,1.128103
-6.561897,-6.721897,-6.281897,-5.831897,-5.471897,-5.461897,-5.271897,-4.131897,-3.581897,-2.831897,-2.2318969,-1.821897,-1.361897,-0.89189696,-0.611897,-0.64189696,-0.881897,-0.91189694,-0.76189697,-1.631897,-0.851897,-1.161897,-1.071897,-1.201897,-0.70189697,-0.23189697,0.41810304,1.128103,1.168103,-0.24189697,0.20810303,-0.43189698,-0.36189696,1.608103,-0.09189697,0.32810304,0.13810302,1.388103,2.058103,1.888103,-1.861897
-5.461897,-5.411897,-5.011897,-4.721897,-4.501897,-4.171897,-4.211897,-3.571897,-3.011897,-2.021897,-1.361897,-0.921897,-0.51189697,-0.76189697,-0.861897,-0.861897,-0.611897,-0.851897,-1.281897,-1.021897,-0.571897,-0.22189698,-0.23189697,0.44810304,0.47810304,1.228103,1.168103,1.3081031,1.668103,1.648103,1.108103,1.388103,2.318103,3.178103,0.13810302,-0.41189697,0.73810303,-1.841897,-1.471897,0.41810304,-1.731897
-4.151897,-4.001897,-3.941897,-3.681897,-3.701897,-3.321897,-2.911897,-2.611897,-2.381897,-1.211897,-0.931897,-0.981897,-0.741897,-0.42189696,-0.681897,-0.541897,-0.30189696,-0.42189696,-0.72189695,-0.34189698,0.48810303,1.5581031,1.768103,2.068103,1.9481031,2.078103,2.568103,2.808103,3.168103,4.078103,5.088103,5.748103,4.908103,4.768103,2.988103,0.24810302,-1.5618969,-0.20189697,-0.851897,0.59810305,-0.32189697
-3.341897,-3.351897,-3.811897,-3.521897,-2.661897,-2.171897,-1.861897,-2.181897,-1.381897,-0.741897,-0.09189697,0.678103,-0.33189696,0.29810303,-0.09189697,-0.19189698,0.06810303,0.49810302,0.648103,0.84810305,1.228103,1.918103,2.168103,2.138103,2.148103,2.238103,3.448103,3.348103,3.638103,5.258103,5.018103,4.928103,4.508103,4.388103,3.648103,2.048103,0.78810304,0.958103,-0.881897,1.218103,-0.17189698
-2.411897,-2.061897,-2.301897,-2.401897,-2.351897,-1.4318969,-1.151897,-0.72189695,-0.791897,-0.21189697,1.348103,-0.18189697,0.15810303,1.548103,2.058103,1.798103,1.9381031,2.478103,0.818103,1.748103,1.528103,2.168103,2.278103,2.078103,2.438103,1.978103,2.488103,3.668103,4.6281033,4.648103,4.938103,5.398103,4.458103,4.608103,3.848103,5.238103,6.208103,6.858103,2.128103,-0.611897,0.41810304
0.098103024,-0.58189696,-0.65189695,-1.001897,-0.681897,-0.58189696,-0.32189697,-0.24189697,-0.0018969727,0.24810302,0.758103,1.418103,-0.03189697,2.318103,2.2481031,1.628103,1.838103,2.2581031,1.648103,1.9581031,1.618103,1.678103,1.9481031,1.6881031,2.208103,2.708103,3.528103,3.958103,3.928103,4.298103,4.488103,5.308103,5.218103,5.1281033,4.708103,5.488103,5.908103,3.688103,6.208103,5.968103,4.018103
1.348103,0.868103,-0.26189697,-0.34189698,-0.36189696,0.19810303,0.97810304,1.048103,1.378103,0.15810303,0.97810304,0.938103,1.1881031,1.838103,1.648103,2.308103,2.448103,2.458103,1.4481031,2.348103,1.758103,1.968103,2.358103,2.638103,2.828103,2.778103,2.388103,3.208103,3.328103,3.468103,3.408103,3.378103,4.228103,4.898103,4.428103,4.778103,4.488103,5.118103,5.258103,4.198103,4.828103
1.348103,0.98810303,1.018103,1.408103,1.528103,1.738103,2.088103,1.5581031,0.768103,-0.30189696,0.79810303,1.668103,0.998103,0.48810303,1.488103,1.598103,2.658103,2.808103,1.758103,1.9381031,1.748103,1.7081031,1.9481031,2.108103,2.318103,2.308103,2.358103,3.028103,2.958103,3.078103,3.288103,3.2481031,3.0181031,3.528103,3.648103,4.588103,4.498103,5.838103,5.608103,5.218103,3.078103
