wind_kz.json
{"header": {"discipline":0,"disciplineName":"Meteorological products","gribEdition":2,"gribLength":1025,"center":7,"centerName":"US National Weather Service - NCEP(WMC)","subcenter":0,"refTime":"2024-04-08T12:00:00.000Z","significanceOfRT":1,"significanceOfRTName":"Start of forecast","productStatus":0,"productStatusName":"Operational products","productType":1,"productTypeName":"Forecast products","productDefinitionTemplate":0,"productDefinitionTemplateName":"Analysis/forecast at horizontal level/layer at a point in time","parameterCategory":2,"parameterCategoryName":"UnknownDiscipline_0_Category_2","parameterNumber":2,"parameterNumberName":"UnknownParameter_D0_C2_2","parameterUnit":"Unknown","genProcessType":2,"genProcessTypeName":"Forecast","forecastTime":0,"surface1Type":103,"surface1TypeName":"Specified height level above ground","surface1Value":10.0,"surface2Type":255,"surface2TypeName":"Missing","surface2Value":0.0,"gridDefinitionTemplate":0,"gridDefinitionTemplateName":"Latitude_Longitude","numberPoints":615,"shape":6,"shapeName":"Earth spherical with radius of 6,371,229.0 m","gridUnits":"degrees","resolution":48,"winds":"true","scanMode":64,"nx":41,"ny":15,"basicAngle":0,"lo1":47.0,"la1":41.0,"lo2":87.0,"la2":55.0,"dx":1.0,"dy":1.0}, "data":
[rows 0 to 14 of 15, columns 0 to 40 of 41]
-1.2626806,0.8273193,-0.26268065,2.3073194,1.6073194,1.0373193,-3.6426806,-1.4126806,-3.9226806,0.7673193,-2.0626807,-1.7126807,-0.33268067,2.2373192,1.0973194,0.14731933,0.097319335,-0.5926807,-2.1926806,-1.8926806,-2.9426806,-1.3026806,1.0473193,2.6473193,-0.13268067,0.13731934,1.0073193,0.80731934,0.35731933,-0.23268066,-1.0326806,-0.15268067,-2.5326807,-0.16268067,-1.1126807,1.4373193,3.2173193,4.9373193,3.5673194,6.057319,3.5173194
-0.96268064,-4.4726806,-2.4626806,0.08731934,0.14731933,0.61731935,-3.0126808,-2.6326807,-2.0326807,-1.2826806,-0.93268067,-1.7126807,-0.76268065,1.0373193,-0.27268067,2.9873192,2.7673194,0.78731936,-0.052680664,-0.52268064,-0.58268064,0.13731934,-0.33268067,-2.6526806,0.61731935,1.1173193,-0.13268067,0.037319336,0.057319336,-0.65268064,0.53731936,-0.56268066,-0.48268068,-1.4626807,0.8373193,2.3473194,-0.31268066,0.6973193,1.1673193,0.29731932,3.7773194
-6.3526807,-4.962681,-3.3426807,-0.5426807,2.4873192,0.46731934,-0.29268065,0.78731936,1.1073194,0.98731935,1.7173194,2.2473192,1.3873193,0.6373193,2.6173193,3.0473194,3.8373194,5.6573195,5.4773192,5.1873193,4.6673193,3.1573193,2.0973194,3.7973194,2.6873193,4.2173195,1.5173193,1.0273193,2.5773194,-0.26268065,-0.13268067,0.18731934,0.5273193,0.85731936,-0.9826807,-1.1026807,0.13731934,-1.5526806,3.0873194,2.0973194,2.4673193
-6.9126806,-3.8026807,-1.9226806,1.9573194,2.6073194,-0.9826807,0.28731933,0.48731935,1.9873194,2.7073193,3.2473192,4.5673194,-2.2426805,1.0873194,3.8373194,5.4873195,6.117319,6.2573195,5.6373196,6.097319,5.9073195,6.1673193,1.5173193,2.3973193,5.6873193,7.1073194,6.597319,2.9073193,6.117319,1.1673193,-3.2526808,-3.9426806,-4.5826807,-2.2626808,-1.7826806,-0.87268066,-0.89268064,1.9473194,-2.0526807,-1.9726807,-2.3726807
-5.1126804,-2.9426806,-2.6926806,-2.1426806,-0.7326807,-0.39268067,1.5173193,1.1773193,2.6573193,3.0773194,3.4973192,4.6373196,1.1673193,4.2273192,5.347319,7.247319,7.5873194,7.057319,7.0073195,7.1873193,5.747319,6.4673195,4.9473195,5.577319,5.9373193,7.7373195,6.577319,4.867319,0.67731935,2.2773194,3.0173194,2.3873193,0.59731936,1.4173193,-2.9626806,-1.2726806,0.34731933,1.1973194,-2.6126807,0.21731934,1.5973194
-3.4026806,-1.4526807,0.17731933,-0.13268067,0.8973193,2.6973193,4.0473194,3.7773194,3.9873192,4.3973193,4.7073193,4.7373195,3.9573193,3.3973193,4.1473193,5.0873194,5.3573194,6.7973194,8.117319,8.157319,9.14732,8.237319,5.577319,4.4873195,3.4773192,6.997319,9.38732,1.1773193,3.3773193,6.8873196,-0.93268067,-1.6126807,-2.3226807,-2.8126807,-2.8826807,1.5373193,-1.1726806,-0.032680664,-3.5526807,-2.1126807,2.3073194
-1.4726807,-1.0426806,0.14731933,0.6373193,0.87731934,1.5773194,2.0773194,3.2973194,4.017319,3.1973193,4.7573195,6.4573193,5.747319,6.0873194,5.497319,6.5473194,5.247319,6.6373196,6.7373195,8.72732,8.907319,10.18732,8.777319,2.5373194,2.6273193,5.6873193,8.197319,5.4273195,2.5473194,1.5873194,-1.6426806,-0.9126807,1.3673193,-3.2226806,-1.0326806,0.28731933,0.60731936,0.56731933,0.07731934,-0.96268064,1.7773193
1.3573194,0.9473193,1.2273194,1.6673193,1.7673193,2.1073194,2.2373192,2.5373194,3.5373194,3.0373194,4.0473194,6.2173195,5.327319,4.117319,7.6073194,4.4673195,7.7073193,5.8773193,7.117319,7.4373193,9.567319,9.447319,10.42732,3.6773193,2.7673194,0.08731934,3.5573194,5.077319,2.6773193,2.8473194,2.3573194,2.6073194,1.0173193,1.2973193,1.9473194,-0.96268064,-2.9526806,-2.3626807,0.93731934,0.46731934,0.84731936
2.8073194,2.8473194,2.6473193,2.9773192,2.7873194,3.1973193,3.4373193,3.4373193,4.307319,4.2273192,3.2073193,4.117319,6.017319,6.2973194,4.6273193,5.7273192,6.4073195,6.3973193,6.7173195,6.2573195,8.39732,10.107319,10.007319,2.1973193,5.5873194,4.4373193,3.7273192,6.597319,6.747319,3.6473193,3.5873194,3.3273194,3.0973194,3.7773194,2.8473194,-3.0626807,-0.39268067,-2.4426806,-1.3626807,-0.33268067,-0.62268066
4.077319,4.7573195,4.7073193,4.8573194,4.807319,4.8773193,4.497319,4.497319,7.0073195,5.4773192,5.4473195,5.2773194,5.2973194,4.9873195,6.1773195,5.4873195,5.4673195,6.597319,7.1373196,4.8373194,7.367319,9.047319,8.207319,3.4673193,9.527319,2.1873193,2.9973192,4.0473194,5.6973195,6.8973193,5.077319,4.1273193,1.7573193,3.0973194,2.9473193,-2.5526807,-2.9426806,-1.2326807,0.097319335,0.79731935,-0.25268066
4.5673194,5.3573194,5.747319,6.037319,5.5273194,5.1373196,3.5473194,4.9073195,5.017319,5.057319,5.537319,5.4273195,4.1573195,6.117319,5.3373194,3.9873192,3.6773193,4.6973195,4.7973194,3.4373193,3.8573194,7.037319,1.3973193,2.6373193,0.72731936,2.8173194,1.7473193,2.6173193,3.0573194,5.3873196,-3.6326807,-0.21268067,0.8973193,1.6573193,0.13731934,-3.3826807,-1.2826806,0.60731936,0.8373193,1.5573193,-0.26268065
5.6573195,5.847319,5.9073195,5.7773194,5.5673194,5.517319,4.6673193,4.327319,3.1073194,2.6073194,3.7673194,5.3773193,4.5073195,4.577319,3.8273194,2.2273192,3.0773194,4.077319,0.66731936,0.07731934,-0.082680665,1.4173193,-0.06268066,1.0273193,3.3273194,4.1473193,2.8373194,2.9673193,3.6173193,2.5973194,1.7073194,-0.51268065,0.6373193,-0.25268066,-0.28268066,0.80731934,1.0573193,-0.82268065,-1.1626806,-1.4926807,-0.7226807
4.2773194,5.537319,4.557319,4.077319,4.8173194,3.5773194,4.2073193,2.3173194,2.4873192,3.5073195,3.4673193,4.4773192,3.7473192,3.1573193,1.7173194,1.7573193,1.7773193,2.8473194,1.4173193,1.5073193,2.2673194,1.5173193,3.2773194,2.5673194,2.8273194,2.4473193,3.1073194,1.9273193,0.8973193,1.8373194,5.3173194,0.75731933,0.18731934,-0.112680666,-0.39268067,-0.122680664,0.15731934,0.50731933,1.0873194,-0.15268067,-0.13268067
5.1273193,3.8573194,4.787319,3.8973193,4.4573193,3.7073193,3.2073193,3.4173193,4.7373195,4.1973195,3.3273194,3.9073193,1.9673194,1.3473194,2.5773194,2.8173194,2.4073193,2.3773193,3.5273194,3.0973194,2.6973193,3.1173193,3.3473194,-0.51268065,1.2773193,0.26731932,0.45731935,0.24731934,-1.3326807,-2.2326806,-0.47268066,-0.48268068,-1.5226806,0.22731933,-1.2326807,-1.7626806,-2.4526806,-0.90268064,-0.6026807,-0.56268066,-0.26268065
4.557319,4.2973194,1.5473193,2.7973194,2.4173193,3.0873194,2.5473194,2.9373193,5.2073193,4.5073195,3.1573193,5.347319,4.5473194,3.9273193,3.8873193,4.2073193,4.1373196,3.4573193,3.1873193,2.9173193,2.5673194,1.3073193,1.8173194,-0.25268066,-0.30268067,0.097319335,-0.6626807,-2.1526806,-2.6426806,-2.9326806,-2.7326806,-2.3226807,-1.6326807,-2.5126808,-1.6226807,-2.0526807,-0.19268066,0.32731932,-0.47268066,-1.3526807,-0.06268066
