wind.json
{"header": {"discipline":0,"disciplineName":"Meteorological products","gribEdition":2,"gribLength":1211,"center":7,"centerName":"US National Weather Service - NCEP(WMC)","subcenter":0,"refTime":"2023-06-27T12:00:00.000Z","significanceOfRT":1,"significanceOfRTName":"Start of forecast","productStatus":0,"productStatusName":"Operational products","productType":1,"productTypeName":"Forecast products","productDefinitionTemplate":0,"productDefinitionTemplateName":"Analysis/forecast at horizontal level/layer at a point in time","parameterCategory":2,"parameterCategoryName":"UnknownDiscipline_0_Category_2","parameterNumber":3,"parameterNumberName":"UnknownParameter_D0_C2_3","parameterUnit":"Unknown","genProcessType":2,"genProcessTypeName":"Forecast","forecastTime":120,"surface1Type":103,"surface1TypeName":"Specified height level above ground","surface1Value":10.0,"surface2Type":255,"surface2TypeName":"Missing","surface2Value":0.0,"gridDefinitionTemplate":0,"gridDefinitionTemplateName":"Latitude_Longitude","numberPoints":688,"shape":6,"shapeName":"Earth spherical with radius of 6,371,229.0 m","gridUnits":"degrees","resolution":48,"winds":"true","scanMode":64,"nx":43,"ny":16,"basicAngle":0,"lo1":45.0,"la1":40.0,"lo2":87.0,"la2":55.0,"dx":1.0,"dy":1.0}, "data":
[rows 0 to 15 of 16, columns 0 to 42 of 43]
1.8497571,-0.95024294,1.2097571,3.579757,7.149757,5.629757,1.6697571,-3.1102428,-8.2202425,-5.150243,-4.200243,-4.350243,-5.630243,-4.9802427,-6.090243,-6.890243,-7.830243,-7.220243,-6.420243,-6.570243,-7.310243,-2.030243,-3.070243,-9.560243,-6.630243,-4.350243,4.429757,5.619757,-0.12024292,-3.6502428,0.5797571,-3.780243,-12.930243,3.1297572,0.22975709,-0.70024294,-0.7202429,-3.3602428,-1.9202429,-1.8102429,-4.120243,-0.3502429,-0.24024291
-1.1802429,0.4297571,1.389757,1.259757,0.09975708,3.269757,2.299757,-1.3002429,-4.180243,-5.120243,-4.490243,-4.600243,-4.800243,-5.0202427,-5.360243,-6.110243,-6.790243,-7.680243,-7.220243,-4.420243,-4.090243,1.4497571,-0.19024292,-7.7102427,-2.790243,1.0897571,2.489757,-8.960243,1.5797571,1.869757,-3.6102428,-2.450243,-1.3102429,-1.6602429,-0.15024292,1.4397571,1.3597571,-0.49024293,-3.3502429,-1.0502429,-1.7102429,-2.470243,-0.83024293
0.28975707,2.679757,-0.7202429,0.9097571,-0.07024292,-1.5802429,-2.040243,-1.980243,-4.2302427,-4.830243,-4.2302427,-4.650243,-4.540243,-3.270243,-5.300243,-5.510243,-6.570243,-8.740243,-7.180243,-5.140243,-3.5902429,1.529757,1.5597571,0.13975708,0.18975708,1.8097571,-1.6602429,-4.100243,0.6397571,0.61975706,-0.58024293,0.02975708,-2.280243,-3.220243,-3.950243,-3.200243,1.3097571,3.1097572,1.249757,4.4997573,3.179757,2.0997572,2.459757
-1.7702429,-2.680243,0.5097571,4.649757,2.1097572,-0.13024291,-0.9802429,-1.2102429,-1.250243,-3.560243,-3.980243,-4.390243,-4.260243,-4.5002427,-3.700243,-5.610243,-7.370243,-7.940243,-6.830243,-4.240243,-1.9202429,-2.500243,-3.6002429,-0.31024292,-0.6802429,0.5997571,-2.3902428,-2.280243,-2.8902428,10.079757,5.7697573,-3.310243,-3.190243,-1.730243,-1.5602429,-2.170243,2.9197571,1.499757,-2.970243,-3.1202428,-2.450243,0.98975706,-2.8702428
-1.8902429,-0.63024294,-1.1402429,3.0997572,1.2897571,0.6397571,0.2697571,-0.41024292,-7.2102427,-3.6302428,-5.0002427,-4.540243,-3.660243,-3.710243,0.8897571,0.6297571,-4.550243,-5.650243,-5.5202427,-4.950243,-3.1502428,1.649757,-2.4002428,1.5497571,-1.7602429,-0.08024292,-0.5902429,-1.5202429,-3.480243,-2.990243,-2.440243,-2.950243,-4.180243,-0.5402429,4.2297573,2.319757,0.6897571,0.05975708,-2.570243,-1.0502429,-2.430243,-4.490243,-5.950243
-0.64024293,-1.5102429,-0.8502429,7.079757,5.679757,4.0197573,1.5697571,-2.1102428,-3.6202428,-5.880243,-5.0002427,-4.010243,-3.4002428,-3.670243,3.939757,3.189757,0.7697571,-3.180243,-1.5502429,-2.220243,2.759757,3.489757,-3.450243,-3.3502429,0.5397571,-1.2102429,-0.34024292,1.1797571,-0.46024293,-1.740243,-2.1402428,-2.310243,-3.240243,-4.760243,-2.3602428,-2.0802429,0.47975707,1.6597571,1.2997571,0.61975706,2.3897572,0.13975708,-3.160243
-1.360243,-1.490243,-0.94024295,-1.4502429,5.139757,6.619757,5.669757,4.599757,2.299757,-1.480243,-2.6302428,-2.8402429,-2.910243,-2.790243,-2.690243,5.709757,1.1697571,-3.570243,-2.8702428,-0.57024294,5.759757,8.799757,7.219757,1.009757,4.059757,3.6197572,1.879757,3.329757,0.3697571,-5.970243,0.31975707,-0.8002429,-2.770243,-5.070243,-2.770243,-3.920243,-2.1302428,-0.9202429,-3.440243,-3.5802429,-5.5202427,-2.570243,0.17975707
-3.920243,-0.51024294,-4.700243,-3.270243,-5.690243,-4.890243,-0.69024295,4.7697573,3.6297572,2.999757,0.47975707,-1.6402429,-2.070243,-2.6202428,-2.750243,-3.260243,-4.600243,-3.970243,-2.3402429,-0.44024292,0.15975708,5.359757,6.409757,4.659757,4.7497573,5.459757,6.079757,5.879757,4.9797573,5.449757,4.319757,0.3297571,-2.1202428,-3.8802428,-5.720243,-6.630243,2.3797572,-6.240243,-5.760243,-5.080243,-5.2702427,0.14975709,-9.030243
-4.850243,-5.580243,0.03975708,-2.6002429,-3.310243,-5.830243,-6.4802427,-4.740243,0.2697571,-0.50024295,0.73975706,-1.0102429,-0.28024292,0.5797571,-1.740243,-4.200243,-3.8502429,-2.730243,0.08975708,-5.600243,-3.800243,9.369757,5.379757,5.9997573,6.909757,7.339757,6.939757,4.989757,3.689757,2.519757,1.6897571,-0.3802429,-2.040243,-3.430243,-4.920243,-6.370243,-4.7302427,-2.8602428,-1.860243,-2.530243,-2.9002428,2.279757,-0.3802429
-3.8302429,-3.740243,-3.710243,-2.9002428,-4.7302427,-2.250243,1.1597571,1.9797571,-0.8002429,3.549757,1.9697571,-0.5602429,-0.10024292,-2.290243,-2.010243,-4.080243,-1.4502429,-3.520243,3.539757,0.9597571,-3.6102428,6.0197573,6.909757,7.079757,6.989757,6.639757,5.889757,4.839757,3.8697572,2.189757,2.529757,1.019757,-1.2802429,-2.6102428,-3.290243,-4.890243,-6.430243,-4.410243,-5.0202427,-5.5002427,-5.630243,-3.300243,-2.710243
-4.070243,-4.680243,-4.150243,-4.050243,-2.260243,-5.490243,-5.600243,-1.0702429,-4.2302427,-2.930243,-1.230243,3.679757,-2.6302428,-0.11024292,0.4297571,-3.420243,-0.6502429,-0.6702429,7.199757,4.879757,-4.810243,5.799757,7.2697573,7.2297573,4.919757,3.809757,2.8797572,3.429757,1.8597571,1.1597571,1.1997571,1.5497571,0.3297571,-1.5702429,-3.1502428,-4.900243,-6.140243,-6.430243,-0.6002429,-0.76024294,-3.910243,-2.020243,-2.540243
-2.3602428,-2.3702428,-3.290243,-3.8902428,-4.640243,-3.470243,-0.69024295,-0.5302429,-1.8902429,0.74975705,2.319757,1.879757,2.8597572,2.329757,0.47975707,-1.6602429,-0.6002429,0.7597571,1.4597571,-2.210243,-3.180243,-5.7102427,6.5397573,6.0197573,5.119757,3.049757,1.4297571,2.3697572,1.889757,2.249757,2.279757,2.189757,0.43975708,-1.1602429,-1.5202429,-2.970243,-4.5202427,-5.930243,-3.6202428,-2.170243,-3.670243,-1.850243,-1.1402429
-4.290243,-4.370243,-5.200243,-3.050243,-2.920243,-4.490243,0.47975707,-0.14024292,3.6697571,3.739757,4.329757,5.209757,2.449757,3.6697571,1.9197571,1.2097571,2.3797572,4.679757,0.21975708,5.649757,-2.0802429,-6.150243,-3.250243,4.349757,5.649757,4.649757,3.179757,3.3597572,3.299757,3.489757,3.509757,2.529757,1.019757,-0.69024295,-1.0602429,-3.270243,-1.7002429,-2.810243,-2.200243,-0.88024294,-1.4402429,-2.060243,-0.43024293
-4.540243,-2.8902428,-4.170243,-4.900243,-2.8602428,-3.8702428,-0.44024292,-1.350243,0.7897571,4.759757,5.129757,2.839757,3.719757,2.4197571,2.6497571,1.279757,3.539757,3.579757,2.6297572,7.099757,0.12975708,-2.8802428,-3.010243,5.329757,4.2297573,4.799757,4.629757,4.129757,4.239757,3.3997571,2.8497572,2.1697571,1.2997571,0.41975707,-0.14024292,-0.47024292,-1.0602429,-1.3102429,-1.9602429,-0.10024292,-1.3302429,-1.6802429,-1.0102429
-4.0002427,-4.300243,-5.580243,-4.240243,-4.530243,-3.3902428,-1.0402429,-0.88024294,1.7297571,3.8897572,5.2697573,5.839757,4.599757,2.009757,3.1697571,4.389757,4.989757,4.4797573,4.379757,5.9797573,2.9097571,2.3797572,1.8497571,5.319757,5.889757,4.929757,4.599757,4.349757,4.159757,2.589757,2.579757,2.1697571,2.499757,1.6597571,0.5897571,-1.480243,-2.300243,-1.6402429,-2.5802429,-2.500243,-1.360243,-2.710243,-2.500243
-4.380243,-4.450243,-3.010243,-5.640243,-5.880243,-3.040243,0.3997571,1.279757,1.8597571,2.929757,3.829757,5.199757,3.979757,2.3897572,-0.6502429,4.599757,5.599757,6.119757,5.0197573,3.6197572,2.049757,0.8397571,3.969757,3.9197571,5.179757,4.649757,3.999757,3.1397572,3.519757,3.3797572,3.8797572,2.029757,1.6097571,1.0397571,1.7297571,0.8297571,-0.94024295,-1.0902429,-2.540243,-3.050243,-2.520243,-2.1002429,-2.4002428
