wind.json
{"header": {"discipline":0,"disciplineName":"Meteorological products","gribEdition":2,"gribLength":1211,"center":7,"centerName":"US National Weather Service - NCEP(WMC)","subcenter":0,"refTime":"2023-07-02T00:00:00.000Z","significanceOfRT":1,"significanceOfRTName":"Start of forecast","productStatus":0,"productStatusName":"Operational products","productType":1,"productTypeName":"Forecast products","productDefinitionTemplate":0,"productDefinitionTemplateName":"Analysis/forecast at horizontal level/layer at a point in time","parameterCategory":2,"parameterCategoryName":"UnknownDiscipline_0_Category_2","parameterNumber":3,"parameterNumberName":"UnknownParameter_D0_C2_3","parameterUnit":"Unknown","genProcessType":2,"genProcessTypeName":"Forecast","forecastTime":60,"surface1Type":103,"surface1TypeName":"Specified height level above ground","surface1Value":10.0,"surface2Type":255,"surface2TypeName":"Missing","surface2Value":0.0,"gridDefinitionTemplate":0,"gridDefinitionTemplateName":"Latitude_Longitude","numberPoints":688,"shape":6,"shapeName":"Earth spherical with radius of 6,371,229.0 m","gridUnits":"degrees","resolution":48,"winds":"true","scanMode":64,"nx":43,"ny":16,"basicAngle":0,"lo1":45.0,"la1":40.0,"lo2":87.0,"la2":55.0,"dx":1.0,"dy":1.0}, "data":
[rows 0 to 15 of 16, columns 0 to 42 of 43]
1.1653638,-0.61463624,-0.23463623,2.4553638,0.6153638,-3.7246363,-0.40463623,2.2553637,1.7353637,-2.5746362,-0.91463625,-4.0446362,-3.4946363,-2.5046363,-4.3846364,-6.0246363,-6.5746365,-7.624636,-7.9046364,-7.814636,-8.014636,-7.474636,-6.3646364,-5.764636,-5.014636,4.8853636,5.5153637,3.2953637,2.8353639,-0.74463624,-6.934636,6.105364,-1.8546362,3.9553638,-0.67463624,0.77536374,-4.2146363,-6.834636,-5.9046364,-9.444636,-4.0946364,-3.6746361,-1.0746362
-0.8446362,-1.1046362,3.0253637,2.6953638,-2.2746363,-3.1246362,-1.6246362,-1.3546362,-2.7046363,-4.204636,-1.8746362,-3.1946363,-4.014636,-4.014636,-4.704636,-4.104636,-5.914636,-5.664636,-7.604636,-6.914636,-6.9646363,-5.814636,-6.304636,-7.394636,-6.354636,-2.2446363,4.2853637,6.7853637,3.3253639,3.7353637,-3.6046362,-4.6346364,-3.9846363,1.9253638,-1.2546363,-13.624637,-8.454637,-11.354636,-7.0046363,-7.1746364,-8.774636,-1.7146362,0.8553638
-0.19463623,2.7853637,-1.7546363,-1.2746363,-1.7246362,-2.3846362,-1.9646362,-3.934636,-5.3446364,-4.8646364,-3.3846362,-4.2346363,-4.454636,-5.7146363,-5.4646363,-3.7446363,-4.374636,-5.7346363,-3.6146362,-3.8946362,-6.554636,-3.6446362,-6.4046364,-6.7946362,-5.954636,-3.5546362,-0.15463623,-0.07463623,-5.514636,-4.684636,-5.974636,-2.4746363,-0.25463623,-4.7946362,-3.1246362,-1.6446363,1.2353637,-0.73463625,-1.0346363,-3.2746363,-2.1646361,-2.3646362,-5.0446362
-1.4446362,-1.6446363,0.33536378,-0.56463623,-2.8746362,-2.2446363,-1.4846362,2.2253637,-1.5446362,-3.2946362,-3.8146362,-5.4046364,-4.744636,-5.0046363,-4.564636,-9.454637,-8.164637,-8.894636,-7.974636,-7.1146364,-4.664636,-4.144636,-7.914636,-3.8246362,-4.0246363,0.87536377,-7.244636,-5.954636,-2.9546363,7.875364,1.8553637,1.3753638,-1.7346362,-3.2246363,-0.38463622,-0.31463623,1.1453638,0.52536374,-2.7746363,2.1353638,-2.3646362,-3.5346363,-1.2546363
-0.26463622,1.9453638,0.24536377,-1.1846362,-3.1446362,-6.124636,-1.6446363,-1.4546362,-4.144636,-4.414636,-3.5246363,-3.4746363,-5.014636,-5.7346363,0.6053638,-2.5246363,-5.4446363,-6.374636,-7.394636,-4.1146364,-5.8846364,-8.704637,-3.2346363,-5.244636,-3.9646363,-4.084636,-4.624636,-4.624636,-2.9446363,-1.8746362,-3.0246363,-3.8546362,-2.4246361,-6.684636,4.465364,9.275364,-0.80463624,-2.7446363,-7.724636,-1.5646362,-1.2046362,-3.3646362,-0.17463623
1.1753638,3.0353637,3.1253638,1.8353637,-0.29463622,-3.3346362,-5.064636,-6.204636,-7.104636,-5.9446363,-5.454636,-7.624636,-5.3646364,-6.9446363,2.815364,2.7453637,-0.7546362,-3.684636,-7.664636,-5.3446364,-1.7546363,-5.304636,-2.6346362,-5.164636,-2.7746363,-1.1646363,-3.0446362,-2.6946363,-0.46463624,0.095363766,-3.0346363,-3.0946362,-5.534636,-3.6546361,-2.0846362,-0.49463624,0.9953638,-2.3946362,0.8653638,2.8653638,-2.8146362,-1.3046362,-3.4846363
2.065364,1.0653638,1.7253637,6.735364,4.485364,1.3853638,0.82536376,-0.10463623,-1.7546363,-4.184636,-1.2546363,-5.354636,-6.0246363,-8.524636,-6.144636,5.9953637,3.9353638,-4.0746365,-5.494636,-5.4246364,-7.494636,-6.3846364,-7.9846363,-6.8846364,-4.0246363,-4.084636,-1.2546363,-1.1946362,-0.7746362,5.065364,0.21536377,-2.3446362,-1.3846363,-0.48463622,-3.0246363,0.6153638,5.045364,3.4253638,-2.7146363,-4.014636,-3.0246363,-8.124637,-7.644636
-3.1346362,-2.3646362,-5.0446362,-2.4146361,-2.7446363,2.4353638,5.4553638,2.8053637,2.4853637,-2.9746363,-5.014636,-6.6546364,-7.9646363,-8.214636,-7.554636,-8.884636,-6.624636,-7.224636,-8.194636,-7.684636,-6.704636,-3.0546362,-2.2446363,-0.29463622,-2.7646363,-3.8946362,-3.8046362,-0.5946362,0.29536378,-1.7946362,7.085364,5.855364,4.5153637,3.9553638,5.665364,5.485364,2.565364,1.1553638,-1.2646363,-3.434636,-2.1246362,-2.7146363,-6.3646364
-2.5046363,-2.4746363,-3.1946363,-3.7446363,-2.8546362,-3.7546363,-4.224636,-3.7546363,-3.6046362,-4.6746364,-5.604636,-6.2346363,-5.6346364,-6.3846364,-6.3646364,-6.144636,-7.684636,-6.9246364,-5.6346364,-4.454636,-4.6746364,-4.014636,1.4053638,-0.37463623,4.2053638,2.4253638,-0.9446362,-1.9646362,1.3453637,-1.5346363,-2.4746363,-3.6046362,-0.38463622,-1.9446362,-5.2146363,-7.934636,-7.8646364,-9.594636,-8.074636,5.5953636,0.49536377,-1.8746362,-2.0746362
-1.1446363,-2.6546361,-3.2346363,-2.9646363,-2.1546361,-4.184636,-4.374636,-4.8646364,-4.7746363,-5.564636,-5.3246365,-7.334636,-6.974636,-7.584636,-5.9246364,-8.114636,-7.8246365,-7.664636,-6.244636,-2.3046362,-2.4146361,2.5953639,-2.2746363,-2.7046363,-5.564636,0.81536376,0.57536376,-4.6146364,-0.85463625,-1.2246362,-3.5746362,-4.314636,0.57536376,-5.164636,-5.8846364,-6.7346363,-7.054636,-6.314636,-5.664636,-3.7646363,-3.4446363,-2.5246363,1.0453638
-2.9746363,-1.9946362,0.6753638,-2.5446362,-1.3946363,-3.9746363,-4.704636,-5.3646364,-4.744636,-3.6446362,-5.0246363,-4.6746364,-6.144636,-6.624636,-6.934636,-7.724636,-6.9246364,-9.074636,-6.7746363,-3.1546361,-3.8646362,-2.4246361,-2.7346363,-1.8946363,-6.784636,0.83536375,-8.844636,-1.2846363,-4.1146364,-5.584636,-4.224636,0.6653638,-2.9946363,-4.1146364,-4.744636,-6.334636,-7.314636,-7.104636,-3.5246363,0.37536377,-0.8946362,-4.1746364,0.5353638
-0.5046362,0.25536376,-2.8846362,-0.18463624,-3.4846363,-3.4846363,-3.9146361,-4.764636,-2.0546362,-4.644636,-3.5646362,-4.434636,-3.9146361,-5.354636,-6.244636,-5.244636,-8.684636,-5.9046364,-4.644636,-3.2746363,-4.4846363,-4.244636,-6.284636,-1.3546362,6.5153637,0.32536376,0.36536378,-2.184636,10.655364,-2.4946363,-3.0146363,-2.9946363,-4.5046363,-5.414636,-7.414636,-3.9946363,-6.854636,-7.264636,-4.184636,-2.4646363,-2.0746362,-3.2046363,-3.3446362
-2.2646363,-2.3246362,-3.4646363,-3.1546361,-3.5746362,-3.9546363,-4.204636,-4.554636,-3.3446362,-2.2746363,-3.0446362,-2.184636,-4.5746365,-3.6646361,-5.084636,-7.0946364,-6.854636,-5.304636,-3.7846363,-5.8846364,-5.894636,-7.664636,-2.3946362,3.8453639,1.3653637,-2.2246363,8.475364,1.1353638,-0.53463626,-1.4146363,-2.7146363,-4.1346364,-4.5446362,-6.5046363,-5.1346364,-4.534636,-3.9146361,-5.5046363,-4.894636,-3.434636,-3.6646361,-3.2946362,-2.7746363
-1.8946363,-1.7046362,-1.3546362,-1.5046363,-2.5646362,-2.2746363,-3.1246362,-2.8846362,-2.7446363,-2.3246362,-5.354636,-3.4446363,-3.1246362,-2.8546362,-2.6546361,-4.514636,-3.4746363,-2.8346362,-2.5346363,-3.9946363,-5.664636,-4.3646364,0.40536377,-0.24463624,5.1153636,2.5253637,-1.7346362,-3.184636,-4.2546363,-3.5746362,-3.1946363,-3.1646361,-3.3246362,-2.934636,-4.4246364,-4.584636,-3.8246362,-2.2746363,-5.0046363,-2.1646361,-3.8046362,-4.954636,-2.684636
-0.73463625,-1.7246362,-2.8646362,-1.4046363,-1.5846362,-2.3746362,-3.9946363,-1.4446362,-1.4246362,-1.6546363,-2.6646361,-2.4446363,-2.0046363,-2.5646362,-3.3246362,-2.4046361,-4.374636,-3.9446363,-0.81463623,-2.6646361,-4.1346364,-3.6146362,-3.8246362,-1.7046362,-0.81463623,-1.9746362,-3.2146363,-3.5746362,-3.3546362,-3.3346362,-3.7846363,-3.8846362,-4.564636,-3.0046363,-3.4146361,-3.0646362,-3.3446362,-4.2946362,-3.6946363,-3.8846362,-3.434636,-4.3246365,-5.374636
-0.9046362,-1.4746362,0.03536377,-0.92463624,-2.7846363,-2.6946363,-3.7346363,0.20536377,-1.2246362,-1.8846363,-3.1946363,-1.3146362,-1.2546363,-0.61463624,-3.1046362,-4.0046363,-3.4646363,-3.9646363,-3.1346362,-0.7746362,-0.7646362,-2.7046363,-0.78463626,-0.32463622,-0.07463623,-0.15463623,-1.7346362,-2.3046362,-2.6046362,-1.3446362,0.01536377,-0.6346362,-3.4246361,-1.7346362,-4.664636,-1.9546362,-1.6846362,-3.2046363,-3.4446363,-1.7246362,-2.2946362,-2.6246362,-1.6346363
