wind_kz.json
{"header": {"discipline":0,"disciplineName":"Meteorological products","gribEdition":2,"gribLength":1025,"center":7,"centerName":"US National Weather Service - NCEP(WMC)","subcenter":0,"refTime":"2024-02-03T12:00:00.000Z","significanceOfRT":1,"significanceOfRTName":"Start of forecast","productStatus":0,"productStatusName":"Operational products","productType":1,"productTypeName":"Forecast products","productDefinitionTemplate":0,"productDefinitionTemplateName":"Analysis/forecast at horizontal level/layer at a point in time","parameterCategory":2,"parameterCategoryName":"UnknownDiscipline_0_Category_2","parameterNumber":2,"parameterNumberName":"UnknownParameter_D0_C2_2","parameterUnit":"Unknown","genProcessType":2,"genProcessTypeName":"Forecast","forecastTime":240,"surface1Type":103,"surface1TypeName":"Specified height level above ground","surface1Value":10.0,"surface2Type":255,"surface2TypeName":"Missing","surface2Value":0.0,"gridDefinitionTemplate":0,"gridDefinitionTemplateName":"Latitude_Longitude","numberPoints":615,"shape":6,"shapeName":"Earth spherical with radius of 6,371,229.0 m","gridUnits":"degrees","resolution":48,"winds":"true","scanMode":64,"nx":41,"ny":15,"basicAngle":0,"lo1":47.0,"la1":41.0,"lo2":87.0,"la2":55.0,"dx":1.0,"dy":1.0}, "data":
[rows 0 to 14 of 15, columns 0 to 40 of 41]
0.744602,1.084602,-0.82539797,-4.5653977,-3.065398,-2.085398,-6.755398,-9.635398,-10.005398,-8.235398,-8.045398,-7.425398,-7.255398,-6.645398,-5.3353977,-3.735398,-3.745398,-2.725398,-3.895398,-1.6353979,0.36460206,0.66460204,1.704602,2.734602,1.1446021,-1.595398,-1.685398,5.774602,8.984602,5.264602,9.084602,2.844602,0.05460205,-0.505398,0.02460205,0.37460205,0.5646021,0.83460206,-0.26539794,-1.3553979,-1.845398
2.524602,-3.595398,-2.785398,-5.995398,-5.535398,-4.175398,-7.0853977,-9.095398,-9.635398,-8.915398,-8.935398,-8.595398,-7.655398,-6.365398,-6.185398,-5.975398,-5.445398,-6.055398,-3.645398,-2.1753979,-0.885398,-0.31539795,-1.5053979,0.16460206,2.764602,0.76460207,-0.18539795,3.424602,1.074602,2.174602,0.02460205,1.684602,0.47460204,2.124602,1.1146021,-0.10539795,1.044602,0.39460206,-1.9953979,0.97460204,0.684602
-0.8753979,-2.575398,-8.065398,-8.245398,-6.695398,-8.505398,-8.415398,-8.675398,-10.085398,-9.565398,-9.315398,-8.745398,-7.5853977,-7.875398,-7.165398,-6.435398,-6.5653977,-4.725398,-3.395398,-1.945398,0.71460205,2.354602,-6.485398,0.85460204,0.37460205,2.204602,2.464602,2.764602,3.694602,1.044602,1.6246021,1.164602,-1.6253979,1.194602,1.0946021,-0.14539795,0.30460206,-0.34539795,3.2846022,2.5646021,2.274602
-7.005398,-8.965398,-9.165398,-6.485398,-6.845398,-8.5753975,-6.675398,-9.435398,-9.805398,-9.225398,-9.735398,-10.3253975,-10.275398,-9.5753975,-7.675398,-7.2953978,-6.185398,-5.245398,-4.895398,-4.0853977,-4.345398,-3.255398,-0.075397946,-0.26539794,0.40460205,1.3646021,2.654602,2.264602,2.244602,3.514602,3.3246021,2.464602,7.394602,7.484602,4.384602,2.164602,1.054602,3.484602,0.60460204,0.15460205,2.624602
-8.345398,-7.625398,-7.425398,-5.145398,-6.5853977,-7.595398,-9.265398,-9.765398,-9.295398,-8.875398,-10.455398,-10.905398,-10.375398,-10.0753975,-9.355398,-7.215398,-6.8153977,-5.555398,-6.245398,-6.455398,-6.775398,-5.475398,-3.7153978,-1.5253979,-0.73539793,-0.24539796,-1.665398,-1.445398,1.424602,1.714602,1.8446021,1.8546021,1.564602,4.4546022,-1.595398,1.544602,2.3046021,1.684602,-1.685398,1.7246021,0.26460207
-8.235398,-7.525398,-6.975398,-6.5653977,-6.495398,-6.395398,-10.255398,-9.505398,-8.565398,-9.0753975,-9.8253975,-9.705398,-9.645398,-10.435398,-7.455398,-7.105398,-6.785398,-6.455398,-6.485398,-6.735398,-6.225398,-5.395398,-2.9653978,-2.665398,-2.335398,-2.615398,-2.645398,-0.22539794,-1.095398,-0.90539795,-1.195398,-0.40539795,0.38460204,3.364602,5.714602,3.474602,2.894602,3.454602,1.784602,-0.33539796,-1.0053979
-8.295398,-8.425398,-9.505398,-10.405398,-7.945398,-8.615398,-9.845398,-9.255398,-9.715398,-9.855398,-8.915398,-9.515398,-8.205398,-8.445398,-7.575398,-7.055398,-5.205398,-4.725398,-4.735398,-5.325398,-4.8353977,-3.855398,-3.375398,-2.4453979,-2.285398,-1.545398,-1.805398,-0.91539794,-1.2353979,-1.6053979,-1.305398,-1.455398,-0.33539796,0.11460205,4.384602,4.864602,1.3546021,0.14460205,4.834602,0.63460207,1.204602
-8.0753975,-7.855398,-6.945398,-8.045398,-8.185398,-8.045398,-8.195398,-8.265398,-8.685398,-8.375398,-7.705398,-8.315398,-6.405398,-6.485398,-5.435398,-4.845398,-4.685398,-4.385398,-3.305398,-3.535398,-3.035398,-2.2053978,-2.095398,-1.4953979,-1.2753979,-0.15539795,-0.03539795,0.49460205,0.104602054,0.12460205,-0.015397949,0.41460204,0.29460204,-1.715398,-0.8053979,2.254602,5.014602,5.374602,7.674602,2.634602,-0.25539795
-6.225398,-6.405398,-6.425398,-7.365398,-6.885398,-7.495398,-7.735398,-8.115398,-7.535398,-7.375398,-7.095398,-6.765398,-6.075398,-3.985398,-4.2953978,-3.4653978,-3.815398,-3.6953979,-2.775398,-2.285398,-2.225398,-1.325398,-0.76539797,0.06460205,-0.04539795,0.57460207,0.32460204,0.92460203,1.1446021,1.274602,2.224602,1.064602,2.184602,1.964602,1.444602,3.204602,1.954602,-0.03539795,1.4946021,0.71460205,1.5046021
-5.665398,-5.705398,-5.925398,-6.325398,-6.825398,-7.015398,-6.995398,-7.155398,-6.905398,-6.485398,-6.755398,-6.8353977,-4.125398,-3.2053978,-3.305398,-2.615398,-2.515398,-2.105398,-1.095398,-1.045398,-0.97539794,0.36460206,1.6046021,1.2646021,1.584602,1.674602,2.194602,3.204602,2.924602,3.674602,5.044602,5.114602,4.354602,4.064602,1.674602,2.384602,2.5746021,2.0546021,1.574602,1.5146021,0.9446021
-4.745398,-5.525398,-5.785398,-5.855398,-5.5653977,-5.885398,-5.925398,-6.665398,-6.0653977,-5.485398,-5.385398,-4.7953978,-2.815398,-3.225398,-2.915398,-1.8853979,-1.345398,-0.695398,-0.31539795,-0.53539795,0.934602,1.454602,2.164602,2.024602,2.754602,2.904602,4.4346023,4.514602,5.314602,6.624602,6.614602,6.324602,5.714602,4.6846023,4.754602,0.6246021,1.464602,1.3646021,1.304602,0.20460205,0.31460205
-3.785398,-3.855398,-4.3353977,-4.985398,-5.415398,-4.955398,-5.195398,-5.735398,-4.475398,-4.005398,-3.485398,-1.9953979,-1.685398,-1.825398,-1.465398,-0.96539795,0.22460204,-0.565398,-0.075397946,1.034602,1.404602,2.154602,2.884602,2.184602,3.354602,4.004602,4.834602,6.044602,6.724602,6.594602,5.844602,5.9546022,4.844602,4.744602,3.994602,3.464602,3.424602,4.464602,2.644602,0.89460206,1.414602
-2.1753979,-2.545398,-2.885398,-3.4353979,-3.295398,-3.045398,-3.725398,-3.125398,-2.9553978,-1.7553979,-1.165398,-0.79539794,0.30460206,-0.23539795,0.38460204,0.78460205,0.8746021,1.274602,1.0046021,1.684602,1.714602,2.204602,2.714602,3.274602,5.644602,5.354602,6.404602,6.294602,5.524602,5.284602,5.234602,5.494602,5.504602,5.674602,4.854602,4.634602,4.384602,2.634602,2.8046021,1.7646021,0.45460206
-1.7553979,-1.555398,-2.065398,-2.6753979,-3.345398,-3.035398,-1.5253979,-1.335398,0.014602051,1.024602,0.06460205,0.18460205,0.20460205,1.044602,0.76460207,1.044602,1.6046021,1.824602,1.674602,2.224602,2.764602,3.354602,4.324602,4.7046022,4.804602,4.564602,4.624602,4.604602,4.014602,4.264602,4.194602,4.354602,4.174602,4.344602,4.094602,3.194602,2.274602,2.714602,2.0346022,1.784602,1.444602
-0.85539794,-1.5253979,-1.305398,-1.7453979,-1.095398,-0.43539795,-0.45539796,-0.09539795,-1.215398,-0.8753979,0.53460205,0.24460205,0.96460205,0.104602054,0.57460207,0.6946021,1.574602,1.714602,1.834602,2.5546021,2.644602,3.004602,3.254602,3.634602,3.444602,3.464602,3.654602,3.5746021,3.434602,3.7846022,3.5346022,3.374602,3.254602,2.864602,2.614602,2.274602,-0.06539795,0.82460207,1.334602,0.27460206,-0.27539796
