wind_kz.json
{"header": {"discipline":0,"disciplineName":"Meteorological products","gribEdition":2,"gribLength":871,"center":7,"centerName":"US National Weather Service - NCEP(WMC)","subcenter":0,"refTime":"2023-08-22T06:00:00.000Z","significanceOfRT":1,"significanceOfRTName":"Start of forecast","productStatus":0,"productStatusName":"Operational products","productType":1,"productTypeName":"Forecast products","productDefinitionTemplate":0,"productDefinitionTemplateName":"Analysis/forecast at horizontal level/layer at a point in time","parameterCategory":0,"parameterCategoryName":"UnknownDiscipline_0_Category_0","parameterNumber":0,"parameterNumberName":"UnknownParameter_D0_C0_0","parameterUnit":"Unknown","genProcessType":2,"genProcessTypeName":"Forecast","forecastTime":300,"surface1Type":1,"surface1TypeName":"Ground or water surface","surface1Value":0.0,"surface2Type":255,"surface2TypeName":"Missing","surface2Value":0.0,"gridDefinitionTemplate":0,"gridDefinitionTemplateName":"Latitude_Longitude","numberPoints":615,"shape":6,"shapeName":"Earth spherical with radius of 6,371,229.0 m","gridUnits":"degrees","resolution":48,"winds":"true","scanMode":64,"nx":41,"ny":15,"basicAngle":0,"lo1":47.0,"la1":41.0,"lo2":87.0,"la2":55.0,"dx":1.0,"dy":1.0}, "data":
[rows 0 to 14 of 15, columns 0 to 40 of 41]
298.59708,289.49707,293.79706,298.39706,298.19708,297.59708,300.09708,300.39706,297.99707,297.59708,296.09708,297.89706,297.49707,297.49707,297.39706,293.69708,294.09708,294.39706,294.79706,295.29706,296.79706,293.99707,293.49707,288.39706,293.69708,293.69708,291.39706,277.19708,277.29706,276.79706,277.49707,279.69708,288.79706,294.99707,295.49707,295.09708,293.39706,293.09708,293.19708,292.29706,293.29706
279.19708,293.09708,298.39706,298.29706,298.29706,297.19708,300.29706,298.29706,296.99707,296.39706,298.69708,296.39706,294.69708,293.59708,292.99707,292.99707,293.49707,295.39706,293.59708,294.09708,294.39706,293.99707,292.99707,286.59708,278.29706,277.29706,286.89706,277.29706,279.79706,272.29706,279.19708,270.59708,282.09708,256.99707,275.99707,290.89706,289.39706,291.99707,294.49707,285.79706,284.59708
297.29706,298.09708,298.39706,298.29706,296.99707,297.79706,299.09708,298.49707,296.99707,297.39706,296.39706,296.69708,292.59708,293.49707,294.59708,293.29706,292.89706,291.69708,292.09708,293.49707,294.59708,295.99707,295.99707,288.99707,289.59708,289.79706,290.09708,288.09708,289.99707,281.69708,273.69708,276.39706,280.79706,279.89706,281.69708,282.99707,273.79706,275.69708,280.19708,278.19708,274.89706
296.39706,299.19708,298.69708,297.29706,295.29706,296.79706,300.29706,298.79706,299.59708,299.09708,297.79706,296.09708,294.79706,294.19708,294.39706,294.39706,295.49707,292.69708,292.29706,292.49707,291.99707,288.09708,292.19708,293.59708,290.39706,292.59708,292.89706,292.39706,288.99707,289.89706,291.69708,289.49707,294.69708,290.59708,287.49707,287.69708,273.89706,277.19708,280.59708,287.39706,292.49707
300.59708,298.69708,298.79706,298.09708,297.89706,299.79706,301.19708,301.09708,301.19708,300.49707,298.99707,295.89706,294.59708,293.29706,291.19708,296.59708,295.59708,293.59708,292.49707,294.89706,294.39706,293.79706,292.69708,291.79706,291.19708,291.19708,288.59708,290.69708,289.89706,290.49707,293.89706,287.29706,280.19708,272.39706,281.49707,290.39706,293.49707,294.39706,293.49707,293.69708,294.09708
298.89706,297.99707,296.69708,297.49707,297.89706,297.19708,299.69708,302.29706,301.69708,300.79706,299.99707,296.89706,293.99707,294.09708,294.19708,295.19708,294.99707,295.99707,294.99707,295.89706,295.29706,294.39706,293.49707,292.39706,290.99707,290.69708,290.09708,292.59708,291.69708,292.89706,291.79706,292.69708,290.09708,286.49707,286.39706,290.19708,283.39706,287.09708,293.39706,293.79706,292.79706
297.99707,297.59708,300.89706,299.09708,295.89706,296.19708,299.29706,301.79706,301.19708,301.99707,299.99707,297.99707,296.39706,296.29706,295.49707,296.49707,297.29706,298.09708,297.39706,295.99707,294.39706,295.49707,294.49707,294.79706,292.19708,292.59708,292.19708,293.69708,292.19708,292.29706,291.79706,292.49707,291.99707,291.79706,289.49707,287.89706,283.49707,279.99707,277.29706,277.89706,289.19708
298.09708,297.49707,300.99707,302.49707,301.29706,299.89706,301.49707,300.39706,298.99707,299.29706,298.79706,298.59708,297.39706,297.99707,297.49707,298.29706,297.59708,297.59708,296.99707,293.89706,294.29706,293.49707,293.69708,293.39706,292.19708,288.29706,289.59708,290.89706,289.99707,291.49707,290.29706,290.79706,288.59708,285.19708,286.69708,287.89706,288.69708,289.19708,285.09708,285.19708,283.99707
295.89706,296.49707,298.29706,297.59708,300.49707,300.09708,298.79706,298.19708,298.89706,299.09708,297.29706,297.59708,296.89706,297.39706,297.49707,297.99707,297.79706,296.69708,296.39706,294.99707,292.29706,292.39706,293.09708,292.49707,290.49707,291.19708,288.59708,287.19708,286.79706,284.69708,286.99707,287.99707,289.59708,289.79706,287.79706,285.39706,284.09708,284.09708,271.09708,272.89706,270.19708
293.19708,295.09708,296.59708,297.79706,297.59708,298.09708,297.59708,296.59708,296.99707,298.09708,297.49707,296.39706,297.19708,294.89706,293.59708,293.09708,292.19708,291.89706,292.09708,292.39706,290.69708,290.79706,291.59708,291.19708,290.89706,290.19708,289.89706,290.29706,289.29706,288.99707,288.49707,290.69708,291.49707,290.29706,288.19708,285.19708,283.89706,278.59708,271.39706,275.89706,274.59708
292.39706,292.89706,293.99707,295.79706,296.79706,296.89706,295.59708,294.49707,295.69708,297.89706,295.59708,293.09708,291.89706,290.09708,288.69708,288.69708,288.29706,288.59708,288.89706,287.39706,287.79706,287.49707,287.89706,288.69708,287.69708,288.39706,287.19708,289.39706,290.09708,292.59708,291.99707,293.09708,291.99707,291.29706,290.19708,285.79706,281.29706,279.39706,281.29706,278.29706,275.99707
289.39706,292.69708,293.89706,294.69708,294.49707,293.99707,293.39706,292.99707,293.89706,293.79706,288.89706,287.79706,288.29706,285.79706,286.29706,285.59708,285.59708,286.59708,285.49707,284.39706,283.59708,282.59708,283.19708,283.79706,283.19708,284.09708,285.29706,285.89706,287.89706,289.19708,289.59708,289.99707,292.49707,291.69708,291.49707,290.69708,289.49707,288.89706,287.09708,284.29706,284.09708
287.69708,290.89706,290.39706,289.39706,291.29706,289.79706,289.89706,289.99707,289.49707,289.59708,284.79706,281.89706,283.59708,282.89706,283.19708,284.09708,283.39706,282.49707,282.19708,281.49707,281.49707,279.99707,281.99707,281.79706,281.69708,282.49707,283.79706,283.59708,285.09708,284.99707,287.69708,288.69708,288.99707,288.59708,291.79706,290.59708,289.29706,289.59708,287.29706,285.69708,285.39706
286.99707,288.99707,289.79706,290.39706,288.19708,286.89706,287.69708,286.79706,287.39706,286.19708,284.39706,282.29706,282.99707,282.59708,280.89706,284.09708,280.89706,280.19708,280.39706,279.79706,279.59708,279.19708,279.59708,279.79706,280.59708,282.59708,282.99707,283.49707,283.29706,284.09708,286.09708,287.09708,287.69708,286.09708,285.79706,284.69708,284.49707,284.29706,284.59708,283.49707,284.29706
285.89706,287.89706,290.19708,288.69708,288.29706,287.89706,286.99707,286.49707,286.39706,285.69708,284.49707,279.79706,279.29706,278.79706,279.49707,280.09708,279.79706,279.09708,278.59708,278.69708,279.09708,278.69708,279.19708,278.59708,280.89706,281.19708,281.59708,282.59708,282.69708,283.59708,285.49707,285.09708,284.99707,284.69708,284.59708,284.49707,284.89706,284.39706,284.79706,284.89706,283.49707
