wind_kz.json
{"header": {"discipline":0,"disciplineName":"Meteorological products","gribEdition":2,"gribLength":1025,"center":7,"centerName":"US National Weather Service - NCEP(WMC)","subcenter":0,"refTime":"2024-04-08T06:00:00.000Z","significanceOfRT":1,"significanceOfRTName":"Start of forecast","productStatus":0,"productStatusName":"Operational products","productType":1,"productTypeName":"Forecast products","productDefinitionTemplate":0,"productDefinitionTemplateName":"Analysis/forecast at horizontal level/layer at a point in time","parameterCategory":2,"parameterCategoryName":"UnknownDiscipline_0_Category_2","parameterNumber":3,"parameterNumberName":"UnknownParameter_D0_C2_3","parameterUnit":"Unknown","genProcessType":2,"genProcessTypeName":"Forecast","forecastTime":60,"surface1Type":103,"surface1TypeName":"Specified height level above ground","surface1Value":10.0,"surface2Type":255,"surface2TypeName":"Missing","surface2Value":0.0,"gridDefinitionTemplate":0,"gridDefinitionTemplateName":"Latitude_Longitude","numberPoints":615,"shape":6,"shapeName":"Earth spherical with radius of 6,371,229.0 m","gridUnits":"degrees","resolution":48,"winds":"true","scanMode":64,"nx":41,"ny":15,"basicAngle":0,"lo1":47.0,"la1":41.0,"lo2":87.0,"la2":55.0,"dx":1.0,"dy":1.0}, "data":
[rows 0 to 14 of 15, columns 0 to 40 of 41]
-1.7958808,-2.2058806,-0.28588074,2.8441193,-3.1358807,-1.9258808,-0.84588075,-1.1858808,-1.4858807,-1.4058807,-1.4858807,-0.8658807,-1.7758807,-2.4758806,-3.1558807,-3.2758808,-2.7658808,-3.0658808,-4.0858808,-1.9858807,-1.8258808,-3.2758808,-2.7258806,-2.4958808,-1.6858808,-2.1158807,-2.3658807,1.2341193,1.6841192,2.2441192,-2.9258807,-3.4058807,-0.44588074,-1.5458808,-1.6358807,-2.2258806,-0.65588075,-2.7858808,-2.8958807,-2.9558806,-1.0258807
-1.0058807,-1.8158808,-0.8758807,0.12411926,-2.6358807,-1.6458807,-1.8258808,-1.0058807,-1.0958807,-1.2858807,-1.4958807,-1.9858807,-1.9558808,-2.8958807,-3.6558807,-2.9958808,-2.3758807,-2.5558808,-2.8858807,-2.1358807,-3.5458808,-3.1358807,-0.82588077,1.9941193,-2.7158806,-1.5058807,-4.505881,0.9941193,0.44411927,1.4341192,5.264119,4.434119,-1.5258807,-2.6858807,-5.295881,-2.7658808,-2.5658808,-6.005881,-4.3458805,-2.5658808,0.8141193
1.0141193,-1.0558808,-3.5658808,-4.405881,-3.5158808,-1.2158808,-0.6358807,0.57411927,0.07411926,-1.5158807,-2.2358809,-2.0458808,-3.5958807,-2.7158806,-2.7958808,-2.2758808,-2.1158807,-1.9358808,-1.8958807,-2.2258806,-3.0458808,-0.27588072,-3.5458808,-0.72588074,0.92411923,0.83411926,0.6141193,0.72411925,-0.16588074,1.4441192,3.6441193,1.4841193,1.1941192,0.59411925,-1.0758808,1.6141193,3.8941193,-0.95588076,-0.31588075,0.19411926,1.3041192
-0.66588074,-2.3458807,-3.4958808,-4.8458805,-0.8158807,-0.8858807,-0.6358807,1.1341193,1.7741193,1.5041193,0.034119263,0.07411926,-0.57588077,-2.5958807,-3.2158806,-3.2458808,-0.19588074,-2.1258807,-0.39588073,-1.1658807,-4.0358806,-1.2758807,1.8641193,0.5541193,-0.09588074,-0.53588074,-1.3558807,-0.45588073,0.094119266,-1.0658808,0.36411926,-0.51588076,-0.76588076,0.6141193,0.024119264,-1.9658808,-0.44588074,4.264119,1.9841193,1.7941192,2.4141192
-1.2458807,-2.1358807,-2.7558808,-4.655881,-4.045881,-3.6758807,-2.2258806,-1.0358807,2.1941192,2.9941192,4.6041193,3.4641192,2.9041193,1.8641193,0.14411926,-1.3658807,-2.5158808,1.6341193,-0.18588074,1.3341193,1.8841193,0.11411926,0.094119266,0.53411925,1.2941192,2.8141193,2.8641193,1.8741193,1.4441192,0.16411926,-0.075880736,0.33411926,3.1741192,3.0841193,0.35411927,-0.9358807,-3.8958807,-0.39588073,0.84411925,1.1841192,2.6041193
1.4941193,0.44411927,-0.84588075,-1.2458807,-3.2958808,-4.615881,-4.0858808,-3.1858807,-1.8858807,0.25411928,-0.005880737,0.42411926,3.4441192,3.0741193,2.2141192,0.6341193,-0.78588074,-0.91588074,-0.6258807,0.6141193,-1.2258807,-1.3758807,0.28411925,1.6441193,1.5141193,-0.43588075,0.51411927,-0.04588074,-0.10588074,-1.1758808,-0.6958807,1.6741192,2.2441192,4.1941195,2.5241194,-0.53588074,-0.085880734,-2.2758808,-3.2258806,-2.4358807,0.59411925
-2.8358808,-2.0958807,-1.2458807,2.1341193,0.9941193,-0.25588074,-1.6158807,-2.2258806,-2.6158807,-1.5358807,-0.8858807,1.2641193,0.45411927,0.46411926,3.3441193,3.1041193,1.9541192,3.0741193,2.0841193,1.6141193,1.1141193,0.84411925,2.4541192,2.2041192,1.3141192,0.28411925,0.16411926,-0.21588074,1.7541193,2.7741194,2.4941192,-0.54588073,2.1041193,0.33411926,2.2841194,0.28411925,0.79411924,2.8941193,-0.53588074,1.6241193,-0.6258807
-2.0358808,-2.0058808,-1.6658807,-1.6558807,-0.58588076,2.2341192,1.4841193,0.66411924,1.0841193,-0.015880737,0.12411926,0.89411926,1.1141193,2.2241192,2.2041192,3.5441194,0.48411927,-0.46588075,2.1341193,2.6741192,0.82411927,0.22411926,2.0241194,3.9641192,3.3541193,2.6741192,1.6941192,-0.005880737,0.39411926,-0.12588073,0.97411925,1.8941193,2.0341194,3.0841193,2.4141192,2.1741192,2.0741193,-0.035880737,0.30411926,0.57411927,0.26411927
-0.13588074,-0.49588072,-0.91588074,-1.8958807,-3.9758806,-4.4958806,-4.505881,-2.4658806,-2.7458808,-1.2658807,-0.24588074,0.49411926,1.2841192,1.8141192,3.7841194,2.7241192,1.5841193,1.6941192,2.5141191,4.1041193,3.4941192,0.014119263,-0.85588074,-0.09588074,1.0141193,1.1041193,0.8041193,0.64411926,0.95411927,0.6241193,-0.24588074,0.46411926,-0.29588073,-2.3558807,3.3941193,4.014119,1.2341193,4.2341194,3.9941192,2.8441193,3.3741193
-3.5658808,-3.4158807,-3.2358809,-3.8758807,-4.925881,-5.235881,-5.1258807,-4.2258806,-4.5158806,-3.8958807,-4.885881,-4.9758806,-6.5758805,-6.2458806,-4.9358807,-2.9858809,-1.0558808,-0.8858807,-0.43588075,0.70411927,0.39411926,-1.1558807,-0.22588074,-0.075880736,1.5541192,2.2141192,0.33411926,1.9841193,1.8041192,-0.82588077,-1.0558808,-1.0658808,-1.4858807,-1.3158808,-0.52588075,0.89411926,2.7341192,0.7541193,3.3641193,3.8841193,2.9741192
-3.2358809,-3.0358808,-3.1958807,-3.2858808,-3.4958808,-3.4658806,-3.2058806,-3.0058808,-2.0458808,-2.5158808,-2.2758808,-1.3058808,-1.4058807,-1.9458808,-1.6358807,-2.2658808,-0.06588074,-2.0658808,-1.5858808,-2.3658807,-2.9058807,-2.7758808,-2.3258808,-1.8758807,0.8641193,0.15411927,0.25411928,0.0041192626,-0.38588074,0.91411924,0.21411926,-0.5058807,-2.1558807,-1.2558807,-0.26588073,3.3341193,4.034119,2.3841193,2.6941192,1.4541192,1.5441192
-1.9458808,-2.8058808,-2.7358809,-3.0358808,-2.8858807,-2.9258807,-2.7258806,-2.3858807,-3.7558808,-2.2358809,-2.1958807,-2.6058807,-5.655881,-3.6458807,-3.5158808,-4.4158807,-2.8258808,-2.3758807,-2.5258808,-2.8058808,-2.2958808,-2.3058808,-1.9258808,-1.4658808,-1.1158807,-0.64588076,0.19411926,0.11411926,-1.4058807,-1.8158808,0.10411926,-0.66588074,-2.0758808,-2.2458808,-4.985881,2.7841194,3.5041192,2.0541193,1.3841193,0.42411926,0.8841193
-0.49588072,-1.7558807,-3.4158807,-2.9758806,-3.1058807,-2.3658807,-2.7258806,-3.9458807,-6.195881,-4.235881,-1.9658808,-2.0158808,-2.7158806,-1.9558808,-2.1358807,-1.8458807,-2.5158808,-2.4558806,-2.5458808,-2.8958807,-2.2258806,-1.9158807,-1.6558807,-1.3158808,-1.6658807,-1.3858807,-1.4258808,-0.60588074,-1.1258807,-0.6358807,-0.13588074,-1.7258807,-1.7358807,-1.9658808,-2.1358807,0.45411927,0.30411926,-0.41588074,0.15411927,-1.1458807,1.8741193
-0.27588072,-1.5258807,-2.8558807,-3.2858808,-2.9758806,-2.3458807,-3.9558806,-2.2158806,-3.4758806,-4.925881,-1.4658808,-1.0658808,-0.40588075,-3.2358809,-4.445881,-2.6458807,-2.2958808,-2.7158806,-3.1058807,-3.0058808,-2.8758807,-2.4658806,-2.3858807,-1.9458808,-0.90588075,-0.83588076,-0.83588076,-0.90588075,-0.28588074,-0.48588073,-0.5558807,-1.1958808,-2.1758807,-3.1258807,-2.1458807,-1.6758808,-0.53588074,0.12411926,0.29411927,-0.21588074,-1.4358808
-0.90588075,-1.1258807,-1.9158807,-2.6658807,-3.2558808,-2.7958808,-2.6658807,-3.3258808,-3.9558806,-4.2458806,-2.5058808,-2.9458807,-1.1858808,-1.9658808,-3.7558808,-2.6758807,-1.9558808,-2.4558806,-2.2758808,-2.8558807,-3.5158808,-3.7458808,-2.6258807,-1.9858807,-1.9658808,-1.0258807,-0.47588074,-0.8858807,-1.5158807,-1.3858807,-1.1258807,-1.5058807,-1.5858808,-1.6458807,-1.9458808,-2.5058808,-2.9558806,-2.5358808,-2.3958807,-2.5358808,-1.4958807
