wind_kz.json
{"header": {"discipline":0,"disciplineName":"Meteorological products","gribEdition":2,"gribLength":1025,"center":7,"centerName":"US National Weather Service - NCEP(WMC)","subcenter":0,"refTime":"2023-08-26T18:00:00.000Z","significanceOfRT":1,"significanceOfRTName":"Start of forecast","productStatus":0,"productStatusName":"Operational products","productType":1,"productTypeName":"Forecast products","productDefinitionTemplate":0,"productDefinitionTemplateName":"Analysis/forecast at horizontal level/layer at a point in time","parameterCategory":2,"parameterCategoryName":"UnknownDiscipline_0_Category_2","parameterNumber":3,"parameterNumberName":"UnknownParameter_D0_C2_3","parameterUnit":"Unknown","genProcessType":2,"genProcessTypeName":"Forecast","forecastTime":240,"surface1Type":103,"surface1TypeName":"Specified height level above ground","surface1Value":10.0,"surface2Type":255,"surface2TypeName":"Missing","surface2Value":0.0,"gridDefinitionTemplate":0,"gridDefinitionTemplateName":"Latitude_Longitude","numberPoints":615,"shape":6,"shapeName":"Earth spherical with radius of 6,371,229.0 m","gridUnits":"degrees","resolution":48,"winds":"true","scanMode":64,"nx":41,"ny":15,"basicAngle":0,"lo1":47.0,"la1":41.0,"lo2":87.0,"la2":55.0,"dx":1.0,"dy":1.0}, "data":
[rows 0 to 14 of 15, columns 0 to 40 of 41]
4.1591773,-1.2808228,2.9191773,3.2091773,-2.8708227,1.0291772,-0.08082275,-0.12082276,-0.59082276,-0.54082274,-0.99082273,-2.8008227,-3.0008228,-3.7508228,-4.4208226,-4.0708227,-5.080823,-7.370823,-5.3008227,-3.4908228,-6.950823,-3.4308228,-0.5608227,-0.7608228,-1.1808227,0.6291773,-0.13082275,1.2791772,-0.71082276,-1.1308228,-3.1808228,-1.8508228,-0.66082275,-2.3708227,5.919177,0.7391772,0.49917725,1.1791773,-1.3808228,-2.6008227,4.4291773
2.8791773,0.75917727,3.8791773,2.6891773,-0.010822754,1.9091773,0.83917725,0.9391773,-2.4408228,-2.9908228,-4.1708226,-5.4208226,-5.790823,-5.1508226,-4.470823,-3.5308228,-3.8908226,-5.3008227,-7.560823,-4.8008227,-5.410823,-5.890823,-3.5608227,1.7191772,0.69917727,-0.34082276,-2.3608227,-0.79082274,-0.91082275,-1.1508228,0.44917724,-1.5108228,-2.3608227,-2.5308228,-1.7408228,-0.13082275,0.18917724,-1.3908228,-0.32082275,-1.1208228,-1.0508227
1.9791772,4.589177,3.6491773,2.1691773,1.1991773,2.0391772,1.1591773,0.48917726,-1.5608227,-3.0508227,-3.3508227,-3.6408226,-4.5708227,-4.4408226,-3.9608228,-3.6908228,-3.3708227,-3.3008227,-3.6308227,-3.8608227,-4.290823,-4.7508225,-4.260823,-3.0808227,-1.4308227,-0.54082274,-0.77082276,-0.010822754,-0.25082275,1.0591773,1.4991772,0.49917725,1.4591773,-1.6008228,-0.84082276,1.7191772,-1.2908227,-2.2708228,-0.19082275,-0.91082275,-1.5808227
2.6791773,3.7391772,3.3991773,-0.5708228,2.0191772,2.1591773,1.9091773,2.5191772,2.2291772,0.38917723,-2.1808228,-4.1508226,-6.3808227,-6.310823,-3.6108227,-3.6908228,-4.560823,-3.6508226,-3.8408227,-3.6308227,-3.8508227,-3.2408228,-0.21082276,-1.0608227,-1.6708227,-2.6208227,-3.1408226,-3.1908228,-0.8208228,-1.0208228,-2.9208229,-4.3408227,-2.1408226,2.0091772,-0.45082274,-2.0008228,0.81917727,1.3591772,0.40917724,1.2591772,1.7491772
3.6791773,3.3091772,-1.0208228,-4.540823,-0.040822756,2.1991773,2.5891771,3.0791771,4.1391773,2.1391773,0.019177247,-1.7408228,-4.0908227,-5.4208226,-5.810823,-4.0308228,-4.760823,-4.100823,-3.7208228,-4.0908227,-4.5008225,-4.140823,-3.9908228,1.3291773,0.44917724,-0.43082276,-1.7408228,-2.0508227,-2.0908227,-1.1008228,-2.4608228,-0.46082276,-0.37082276,0.50917727,-0.30082276,-1.2208228,-3.4008226,1.0691773,1.9491773,3.1791773,0.8691772
1.0291772,0.49917725,-0.13082275,-0.23082276,-0.8208228,1.3491772,2.1591773,0.36917725,1.5791773,3.8191772,2.8291771,1.3791772,-1.0808227,-3.6608229,-3.6708229,-3.7408228,-4.7508225,-5.0708227,-4.5908227,-3.5108228,-3.7908227,-4.0308228,-4.600823,-4.680823,3.4191773,1.6091772,0.6791772,-1.2408228,-2.8708227,-2.8108227,-4.1908226,-2.9308228,-3.0908227,-0.33082277,2.0991774,0.90917724,1.9291773,-0.45082274,-2.3308227,2.2591772,3.2291772
3.1091774,2.5591772,1.9291773,0.75917727,0.17917724,0.56917727,0.36917725,1.6791773,1.4691772,1.8291773,0.57917726,0.6191772,0.9291772,0.50917727,-0.55082273,-0.45082274,-2.7508228,-2.9208229,-4.5508227,-4.5908227,-2.9508228,-2.9708228,-4.200823,-3.6108227,-3.2408228,-3.8508227,-4.1908226,-5.2308226,-2.2208228,-2.7408228,-3.2208228,-3.5308228,-4.760823,-5.620823,-2.2508228,-2.2408228,-4.2308226,-3.2608228,-2.5108228,-0.73082274,-2.0208228
4.439177,5.5991774,4.259177,3.1291773,2.2191772,0.50917727,-1.4108227,1.3691772,1.2991773,2.6791773,0.44917724,-1.8308227,1.4291773,-0.58082277,-1.6608227,-1.8808228,-2.3708227,-3.0208228,-1.5408227,-2.0008228,-3.2908227,-2.3608227,-2.9808228,-3.1308227,-2.8708227,-0.8708227,-1.2008227,-2.2308228,-1.9908228,-2.4108229,-1.5008228,-1.4308227,-2.9908228,-3.6208227,-1.8408227,-1.0308228,-1.4508227,-1.3508228,1.6491772,2.8491774,-0.48082274
4.5591774,6.399177,5.2191772,4.3691773,3.5591772,3.3091772,2.1191773,2.0191772,-1.0608227,0.9291772,-0.36082277,-2.9708228,-1.8608228,-2.0908227,-1.2508228,-3.1508226,-2.8608227,-3.3308227,-3.5408227,-2.5208228,-1.0908227,-1.3408227,-1.3808228,-0.8808228,-0.68082273,-2.0408227,-1.0708227,0.52917725,0.6191772,0.22917725,0.51917726,1.4591773,1.3791772,0.46917725,0.30917725,-0.66082275,-2.5308228,-1.2608228,-3.4808228,-2.7108228,-2.3408227
0.40917724,3.8591774,4.1791773,4.509177,3.1991773,2.6591773,2.7491772,1.7991773,-0.09082276,-0.80082273,-2.5608227,-2.2508228,-2.9508228,-2.5508227,-2.1008227,-3.3508227,-3.4908228,-3.0808227,-2.5008228,-2.9508228,-2.6908228,-2.7708228,-2.5308228,0.26917726,1.4391773,0.45917726,-1.0208228,-0.5108228,1.4491773,0.60917723,0.52917725,2.4691772,2.0991774,2.6091774,2.0791771,1.9491773,1.1291772,-1.0308228,1.1291772,1.6591773,0.71917725
-0.6308228,1.3791772,3.3791773,1.1091772,1.0891773,0.48917726,-1.0408227,2.8091772,0.89917725,-0.8808228,-1.3908228,-0.9508228,-2.8008227,-2.1808228,-0.61082274,-1.6408228,-2.4108229,-2.5908227,-2.9208229,-2.7508228,-2.2008228,-2.6808228,-2.5708227,-2.6208227,-1.2208228,0.36917725,0.6891773,-2.3208227,1.0191772,-1.3208227,0.18917724,-1.0308228,0.96917725,0.64917725,1.7191772,2.1591773,1.8291773,1.7791772,1.2891773,1.6891773,0.88917726
0.22917725,-1.8408227,3.9391773,4.189177,3.3791773,2.7891772,1.3791772,-0.5708228,0.97917724,1.3891772,0.09917725,-1.6108228,-1.8708228,-3.0708227,-1.0408227,-0.90082276,-2.0908227,-2.6308227,-1.9808228,-2.3108227,-2.0208228,-2.1408226,-2.3508227,-2.1608229,-1.4208227,-1.0208228,1.7191772,1.5591773,2.6291773,1.1591773,-1.3808228,-1.6508228,1.9691772,2.3691773,1.3091773,2.6891773,2.4391773,2.7691772,1.8791772,1.8991772,1.5591773
0.70917726,1.0291772,3.6091774,3.1091774,2.5691772,1.6291772,1.0091772,-1.1608227,2.1491773,1.5591773,0.49917725,-0.13082275,-1.3208227,-2.1408226,-1.5908227,-1.2008227,-1.7708228,-2.2908227,-2.7008228,-2.4108229,-2.1308227,-1.7408228,-0.66082275,-1.5208228,-3.4308228,-1.3708228,-2.8308227,-2.3408227,-2.5608227,-1.6708227,0.45917726,-1.2008227,1.3991772,1.9891772,2.6491773,2.5291772,2.0691772,1.7391772,2.6891773,2.7591772,2.3391771
1.1691773,1.1591773,0.7991772,2.1291773,0.81917727,-0.21082276,1.3691772,1.6591773,1.1391772,1.0391773,1.6791773,0.13917725,-0.72082275,-1.0308228,-1.7808228,-2.5508227,-2.2508228,-3.2508228,-3.7708228,-2.9108229,-3.1308227,-2.8608227,-2.4008226,-3.0508227,-3.0808227,-3.2708228,-3.0108228,-1.7408228,-1.5308228,-2.2808228,-2.0008228,-1.3508228,0.06917725,3.0591772,1.8491772,2.4691772,2.4991772,2.0191772,1.8491772,2.0591772,1.7991773
-0.5008228,0.15917724,-0.40082276,-3.0008228,-0.44082275,-1.0908227,3.0791771,1.6691773,1.1391772,-0.90082276,0.17917724,1.2791772,1.6191772,-0.66082275,-2.8808227,-1.9808228,-2.5108228,-3.3508227,-3.2308228,-3.3308227,-3.3908226,-3.7108228,-3.1808228,-3.0308228,-2.8708227,-2.7208228,-2.5708227,-1.9408227,-2.0508227,-1.7708228,-1.8808228,-1.9608227,-1.4508227,-0.26082274,0.6791772,0.6291773,1.9491773,2.3491774,1.9591773,2.1891773,1.6191772
