wind_kz.json
{"header": {"discipline":0,"disciplineName":"Meteorological products","gribEdition":2,"gribLength":794,"center":7,"centerName":"US National Weather Service - NCEP(WMC)","subcenter":0,"refTime":"2023-10-02T12:00:00.000Z","significanceOfRT":1,"significanceOfRTName":"Start of forecast","productStatus":0,"productStatusName":"Operational products","productType":1,"productTypeName":"Forecast products","productDefinitionTemplate":0,"productDefinitionTemplateName":"Analysis/forecast at horizontal level/layer at a point in time","parameterCategory":2,"parameterCategoryName":"UnknownDiscipline_0_Category_2","parameterNumber":2,"parameterNumberName":"UnknownParameter_D0_C2_2","parameterUnit":"Unknown","genProcessType":2,"genProcessTypeName":"Forecast","forecastTime":300,"surface1Type":103,"surface1TypeName":"Specified height level above ground","surface1Value":10.0,"surface2Type":255,"surface2TypeName":"Missing","surface2Value":0.0,"gridDefinitionTemplate":0,"gridDefinitionTemplateName":"Latitude_Longitude","numberPoints":615,"shape":6,"shapeName":"Earth spherical with radius of 6,371,229.0 m","gridUnits":"degrees","resolution":48,"winds":"true","scanMode":64,"nx":41,"ny":15,"basicAngle":0,"lo1":47.0,"la1":41.0,"lo2":87.0,"la2":55.0,"dx":1.0,"dy":1.0}, "data":
[rows 0 to 14 of 15, columns 0 to 40 of 41]
-0.47994384,-0.87994385,1.3200562,-0.7799438,-2.779944,-5.279944,-4.879944,-4.879944,-5.179944,-2.9799438,-3.1799438,-4.0799437,-3.779944,-3.1799438,-2.779944,-2.9799438,-2.079944,-1.8799438,-3.079944,-2.9799438,-2.279944,-0.27994385,0.62005615,-1.1799438,-1.8799438,-1.6799438,-2.579944,-0.07994385,0.020056153,1.0200561,-0.07994385,1.5200561,0.7200562,-0.07994385,-2.4799438,-3.1799438,-3.3799438,-3.279944,-4.0799437,-4.9799438,-4.0799437
1.7200562,0.92005616,2.3200562,-1.1799438,-3.279944,-4.9799438,-2.9799438,-4.879944,-3.8799438,-3.8799438,-3.3799438,-3.779944,-3.279944,-2.3799438,-2.079944,-2.6799438,-0.57994384,-2.6799438,-1.8799438,-1.6799438,-1.8799438,0.12005615,-0.37994385,-2.4799438,-0.27994385,0.32005614,0.7200562,1.1200562,-0.87994385,-0.17994384,-0.37994385,-0.17994384,0.42005616,-2.779944,-0.67994386,0.12005615,-1.4799439,-0.07994385,0.12005615,0.020056153,-2.779944
1.0200561,3.420056,-0.87994385,-4.9799438,-3.3799438,-4.379944,-3.779944,-2.1799438,-3.8799438,-3.3799438,-3.1799438,-3.279944,-2.6799438,-2.9799438,-2.8799438,-2.579944,-3.1799438,-2.079944,-0.27994385,0.92005616,-0.67994386,-1.1799438,-2.6799438,-3.079944,-1.9799439,0.020056153,4.9200563,2.5200562,-0.17994384,0.42005616,-0.67994386,1.0200561,-0.9799439,-1.1799438,-0.27994385,-0.07994385,-0.47994384,0.42005616,0.22005615,2.5200562,1.7200562
-0.17994384,-1.8799438,-6.4799438,-4.9799438,-3.079944,-2.3799438,-2.1799438,-1.8799438,-2.1799438,-2.6799438,-2.4799438,-2.579944,-3.6799438,-3.779944,-2.6799438,-2.579944,-2.4799438,-2.1799438,-1.9799439,-2.779944,-2.579944,-2.1799438,-2.4799438,-4.179944,-3.8799438,-0.9799439,-0.67994386,-5.379944,-2.579944,0.62005615,0.92005616,-3.1799438,-2.6799438,-2.9799438,-2.079944,-2.279944,-1.7799438,2.420056,0.42005616,-0.57994384,-0.7799438
-2.279944,-3.579944,-3.279944,-3.8799438,-2.079944,-0.47994384,0.020056153,-0.37994385,-1.6799438,-1.2799438,-1.5799439,-1.0799439,-1.9799439,-2.3799438,-2.8799438,-2.079944,-2.079944,-2.3799438,-2.6799438,-3.579944,-3.9799438,-4.279944,-4.5799437,-3.8799438,-3.579944,-3.1799438,-4.379944,-3.6799438,-2.9799438,-2.579944,-2.579944,-1.6799438,-1.7799438,-0.07994385,-1.3799438,-1.5799439,-2.8799438,-4.279944,-1.4799439,-3.9799438,-6.279944
-1.6799438,-1.8799438,-1.3799438,-0.07994385,1.0200561,1.8200562,0.62005615,-1.0799439,-1.4799439,-1.8799438,-1.4799439,-0.37994385,-0.17994384,0.42005616,-1.1799438,-0.57994384,-1.0799439,-1.8799438,-2.579944,-2.279944,-3.4799438,-3.1799438,-3.279944,-3.579944,-3.6799438,-3.779944,-2.4799438,-4.279944,-2.6799438,-2.579944,-2.779944,-3.3799438,-3.279944,-2.9799438,-3.079944,-1.8799438,0.32005614,-0.07994385,-1.2799438,-1.8799438,-4.5799437
0.5200561,0.32005614,-0.17994384,0.42005616,0.5200561,0.92005616,0.020056153,-1.1799438,-1.3799438,-0.67994386,-0.47994384,0.12005615,1.2200562,2.420056,2.220056,2.3200562,1.6200562,1.3200562,-1.2799438,-2.1799438,-1.8799438,-2.1799438,-2.279944,-1.7799438,-1.2799438,-1.1799438,-0.67994386,-0.37994385,-0.9799439,-2.079944,-2.279944,-2.4799438,-1.8799438,-2.8799438,-4.279944,-1.8799438,-1.0799439,1.9200561,0.020056153,1.8200562,0.42005616
-0.57994384,-0.07994385,1.1200562,0.7200562,-1.1799438,0.12005615,0.32005614,-1.0799439,-0.27994385,-0.07994385,0.7200562,2.220056,2.8200562,3.0200562,3.5200562,3.6200562,2.920056,2.1200562,1.1200562,0.82005614,1.6200562,1.0200561,1.0200561,0.22005615,0.12005615,0.12005615,0.020056153,0.32005614,0.42005616,0.7200562,0.82005614,0.32005614,-0.67994386,-1.1799438,-1.5799439,-0.47994384,-0.57994384,3.0200562,2.8200562,2.6200562,0.22005615
1.7200562,1.4200561,1.8200562,1.2200562,0.42005616,-0.57994384,-1.8799438,-0.87994385,0.12005615,1.5200561,2.5200562,2.6200562,4.320056,3.220056,3.6200562,3.3200562,3.5200562,2.5200562,2.420056,2.1200562,2.420056,2.3200562,2.220056,1.8200562,1.6200562,1.2200562,1.3200562,1.0200561,1.0200561,0.62005615,0.82005614,1.3200562,1.0200561,0.020056153,0.12005615,-0.87994385,-0.27994385,-2.6799438,-1.4799439,0.62005615,-1.1799438
1.9200561,2.220056,2.220056,2.1200562,2.1200562,1.8200562,1.0200561,1.0200561,1.4200561,1.7200562,2.5200562,2.8200562,2.720056,3.420056,3.420056,3.5200562,3.3200562,3.1200562,2.720056,2.420056,3.3200562,4.120056,3.3200562,2.5200562,2.5200562,2.3200562,2.5200562,2.6200562,3.0200562,4.0200562,2.1200562,2.720056,2.1200562,1.3200562,-0.27994385,-1.0799439,-1.9799439,-0.9799439,-0.47994384,-0.07994385,0.020056153
1.4200561,2.0200562,1.8200562,2.220056,2.1200562,2.1200562,2.5200562,2.6200562,2.0200562,2.420056,2.6200562,2.720056,3.220056,3.8200562,3.8200562,3.720056,3.920056,4.0200562,2.920056,3.3200562,4.120056,3.5200562,4.320056,4.120056,3.720056,3.720056,4.5200562,3.6200562,4.9200563,3.920056,4.220056,3.920056,2.3200562,1.6200562,-0.07994385,-1.5799439,-1.1799438,0.92005616,-0.57994384,0.62005615,0.42005616
1.0200561,1.8200562,2.5200562,2.220056,2.5200562,1.8200562,1.5200561,1.9200561,1.8200562,1.4200561,1.3200562,4.0200562,3.220056,4.0200562,4.5200562,3.8200562,4.4200563,4.720056,3.220056,4.320056,4.320056,4.720056,3.8200562,3.8200562,4.820056,5.0200562,4.720056,4.9200563,4.9200563,4.0200562,3.1200562,3.0200562,2.1200562,1.0200561,1.1200562,2.6200562,2.220056,-0.57994384,-0.07994385,-0.67994386,-0.7799438
1.7200562,2.0200562,2.420056,2.420056,2.220056,1.5200561,1.9200561,2.1200562,3.220056,2.5200562,1.3200562,4.9200563,4.620056,5.220056,4.720056,4.820056,6.0200562,6.0200562,5.620056,5.4200563,5.320056,5.220056,5.5200562,4.9200563,6.5200562,5.320056,5.5200562,4.9200563,4.320056,3.420056,2.720056,2.5200562,2.0200562,0.62005615,2.720056,2.3200562,3.0200562,2.220056,3.1200562,1.8200562,0.32005614
2.720056,2.6200562,2.920056,2.8200562,2.1200562,2.1200562,1.7200562,2.5200562,1.8200562,2.0200562,1.3200562,2.420056,2.3200562,3.220056,4.4200563,4.220056,4.120056,3.8200562,3.3200562,4.820056,5.0200562,5.220056,5.720056,6.0200562,5.320056,4.220056,3.5200562,3.420056,2.5200562,2.420056,1.9200561,2.220056,1.9200561,1.6200562,1.5200561,1.5200561,1.3200562,1.5200561,1.7200562,1.4200561,0.42005616
1.5200561,2.6200562,5.4200563,2.920056,3.1200562,2.6200562,3.720056,3.1200562,3.6200562,2.8200562,1.3200562,4.120056,4.220056,4.5200562,3.420056,4.0200562,4.620056,5.0200562,4.0200562,4.720056,4.720056,5.0200562,4.9200563,4.820056,3.720056,3.0200562,3.3200562,2.720056,2.720056,2.3200562,3.420056,3.3200562,1.4200561,1.3200562,1.2200562,1.5200561,0.92005616,1.4200561,1.7200562,1.9200561,-0.07994385
