wind_kz.json
[{"header":{"discipline":0,"disciplineName":"Meteorological products","gribEdition":2,"gribLength":871,"center":7,"centerName":"US National Weather Service - NCEP(WMC)","subcenter":0,"refTime":"2023-10-04T12:00:00.000Z","significanceOfRT":1,"significanceOfRTName":"Start of forecast","productStatus":0,"productStatusName":"Operational products","productType":1,"productTypeName":"Forecast products","productDefinitionTemplate":0,"productDefinitionTemplateName":"Analysis/forecast at horizontal level/layer at a point in time","parameterCategory":0,"parameterCategoryName":"UnknownDiscipline_0_Category_0","parameterNumber":0,"parameterNumberName":"UnknownParameter_D0_C0_0","parameterUnit":"Unknown","genProcessType":2,"genProcessTypeName":"Forecast","forecastTime":240,"surface1Type":1,"surface1TypeName":"Ground or water surface","surface1Value":0.0,"surface2Type":255,"surface2TypeName":"Missing","surface2Value":0.0,"gridDefinitionTemplate":0,"gridDefinitionTemplateName":"Latitude_Longitude","numberPoints":615,"shape":6,"shapeName":"Earth spherical with radius of 6,371,229.0 m","gridUnits":"degrees","resolution":48,"winds":"true","scanMode":64,"nx":41,"ny":15,"basicAngle":0,"lo1":47.0,"la1":41.0,"lo2":87.0,"la2":55.0,"dx":1.0,"dy":1.0},"data":[299.0,288.7,293.9,293.1,292.7,291.7,298.6,301.5,297.8,297.6,296.0,296.1,294.8,294.5,293.7,293.3,293.3,294.1,295.6,296.4,297.0,294.6,295.8,289.2,294.3,295.3,290.3,278.4,276.5,274.4,273.5,267.9,283.5,288.6,289.1,288.7,286.5,286.7,288.7,287.5,289.4,274.1,294.1,292.6,292.4,292.4,291.2,302.8,299.3,297.0,295.8,295.7,293.8,294.8,293.9,293.1,292.8,293.1,293.0,292.3,292.8,293.9,293.8,292.9,286.1,276.8,278.6,284.2,277.9,277.9,271.5,277.1,268.8,276.2,252.2,259.7,286.0,282.8,283.2,288.0,279.1,283.5,297.6,292.0,292.0,291.6,290.0,299.1,297.6,297.4,296.0,294.8,293.7,293.9,293.8,294.0,292.3,291.3,290.7,290.3,290.8,291.7,291.7,292.6,293.6,289.0,290.4,288.4,289.0,286.4,284.5,277.9,268.1,269.4,275.3,276.2,278.1,276.8,261.5,266.8,270.3,267.9,266.0,297.8,290.8,291.5,290.7,292.3,297.6,296.4,298.1,297.7,296.4,294.3,293.1,288.7,288.1,291.0,291.7,290.5,290.0,290.4,290.9,290.6,288.8,290.7,290.8,290.6,290.4,291.0,287.9,286.3,285.8,286.7,282.6,287.2,284.1,282.9,279.7,264.4,257.6,268.7,282.4,285.9,298.1,290.2,290.4,289.9,294.0,297.8,295.8,298.5,296.2,295.2,295.3,294.4,287.6,286.5,285.3,291.6,291.4,290.2,289.2,289.5,290.3,290.4,288.9,288.9,288.3,288.7,286.7,286.1,285.6,286.1,289.2,284.9,272.6,264.0,277.0,285.1,287.0,288.4,288.4,287.7,288.4,298.9,297.4,288.4,288.9,289.2,288.6,297.4,297.2,295.2,295.0,293.6,293.3,288.0,287.1,288.0,290.3,290.8,289.9,289.9,289.6,288.9,287.6,287.3,286.6,285.6,285.1,285.3,285.4,286.4,287.5,285.1,287.9,285.2,282.7,281.1,283.6,276.0,278.5,284.7,285.6,286.8,298.7,298.1,298.5,297.9,293.6,296.2,295.3,294.4,293.9,294.1,293.1,291.9,291.8,291.8,291.2,290.3,290.1,290.0,289.1,288.0,287.5,288.0,287.7,287.5,285.9,285.4,284.7,286.1,283.4,284.3,284.3,284.8,283.6,285.6,283.2,281.2,276.5,274.6,272.8,273.4,282.6,297.9,296.8,297.2,297.1,296.9,296.1,296.5,295.2,292.9,292.4,291.7,290.9,290.3,290.1,291.0,290.8,289.8,289.8,288.6,286.4,286.3,286.2,286.0,285.0,283.5,281.5,282.1,282.5,280.9,282.5,281.7,282.3,281.1,278.7,279.0,281.8,280.7,283.8,280.2,280.1,277.2,296.9,295.4,295.7,296.0,295.6,295.6,295.1,294.5,293.2,292.1,291.4,290.2,289.0,289.5,289.4,290.6,289.6,288.7,287.7,285.8,283.4,283.9,285.0,285.4,283.7,283.2,281.2,280.5,280.6,279.2,279.5,280.0,281.3,280.9,280.5,277.9,276.9,276.1,269.5,270.4,264.3,297.3,297.3,296.6,296.3,296.2,296.2,294.7,293.4,292.3,291.5,290.7,288.6,289.4,287.9,287.4,288.1,288.5,288.4,287.5,286.7,284.3,283.6,283.7,284.7,284.2,284.0,283.4,282.5,281.5,281.2,281.8,283.0,285.5,284.0,282.7,279.8,276.7,272.5,270.3,270.0,269.1,296.9,296.1,295.7,295.2,295.6,295.0,294.7,294.1,293.0,291.0,287.5,287.2,288.5,286.6,285.7,286.2,286.0,286.3,285.8,283.3,283.8,283.2,282.7,282.7,281.3,280.9,279.6,282.4,283.6,284.7,284.0,283.8,282.8,282.1,283.3,283.0,275.8,272.8,272.8,273.6,271.6,296.8,296.0,296.3,295.4,293.5,293.0,291.8,289.1,290.8,289.7,285.3,284.6,285.3,283.7,284.5,284.7,284.5,284.8,284.2,283.4,282.2,281.5,281.1,281.0,280.4,281.1,281.0,281.8,281.9,281.8,281.4,281.3,281.1,280.2,280.0,280.7,283.1,283.7,280.0,280.0,278.2,292.8,293.8,293.5,292.4,291.7,288.9,289.4,288.0,287.7,287.9,283.9,282.3,284.3,284.0,284.9,285.1,284.8,284.3,283.5,282.9,282.7,281.8,281.5,281.2,281.7,281.6,282.0,280.9,280.8,280.8,280.7,280.7,280.6,280.4,280.2,279.4,279.5,280.5,280.6,280.6,278.6,290.6,289.6,285.8,286.8,286.2,285.4,284.0,282.8,282.2,281.4,279.9,278.2,281.0,282.8,282.7,282.0,281.5,280.8,280.9,280.8,281.0,281.0,281.6,282.4,282.6,282.8,282.3,281.7,281.2,281.4,281.1,280.5,280.3,279.4,279.6,278.3,278.8,278.8,278.7,276.6,277.9,286.7,285.7,283.6,285.5,282.8,281.6,281.8,281.8,282.8,283.0,281.2,279.7,278.3,279.6,280.8,281.8,281.6,281.4,281.8,281.1,281.4,280.8,281.1,280.9,281.1,281.0,281.1,281.5,281.6,281.7,282.3,282.9,282.0,281.7,281.5,281.1,281.3,279.2,279.3,278.3,277.5]},{"header":{"discipline":0,"disciplineName":"Meteorological products","gribEdition":2,"gribLength":1025,"center":7,"centerName":"US National Weather Service - NCEP(WMC)","subcenter":0,"refTime":"2023-10-04T12:00:00.000Z","significanceOfRT":1,"significanceOfRTName":"Start of forecast","productStatus":0,"productStatusName":"Operational products","productType":1,"productTypeName":"Forecast products","productDefinitionTemplate":0,"productDefinitionTemplateName":"Analysis/forecast at horizontal level/layer at a point in time","parameterCategory":2,"parameterCategoryName":"UnknownDiscipline_0_Category_2","parameterNumber":2,"parameterNumberName":"UnknownParameter_D0_C2_2","parameterUnit":"Unknown","genProcessType":2,"genProcessTypeName":"Forecast","forecastTime":240,"surface1Type":103,"surface1TypeName":"Specified height level above ground","surface1Value":10.0,"surface2Type":255,"surface2TypeName":"Missing","surface2Value":0.0,"gridDefinitionTemplate":0,"gridDefinitionTemplateName":"Latitude_Longitude","numberPoints":615,"shape":6,"shapeName":"Earth spherical with radius of 6,371,229.0 m","gridUnits":"degrees","resolution":48,"winds":"true","scanMode":64,"nx":41,"ny":15,"basicAngle":0,"lo1":47.0,"la1":41.0,"lo2":87.0,"la2":55.0,"dx":1.0,"dy":1.0},"data":[0.5000366,1.5900366,-2.6999633,-4.3799634,-3.3699634,-1.5999634,-6.0499635,-7.1299634,-6.6599636,-5.1299634,-5.0899634,-4.2499633,-3.2499633,-2.8499634,-2.4899633,-1.6599634,-0.92996335,0.24003662,-1.8299633,-1.7099633,-1.8699634,0.3600366,3.2900367,1.0100366,2.5000367,3.1400366,2.8500366,1.4500366,-0.06996338,0.77003664,1.6700367,2.1600366,-1.4199634,-3.7599633,-2.9599633,-4.059963,-4.559963,-2.3499634,-2.0999634,-4.3999634,-2.4699633,-0.009963379,-3.5599635,-4.1799636,-5.059963,-3.8399634,-0.39996338,-4.0399632,-5.599963,-5.5699635,-4.9399633,-3.8699634,-3.2199633,-3.5299635,-2.8899634,-2.6599634,-2.1399634,-1.0099634,-1.8399634,-0.29996338,0.8500366,-0.07996338,1.1400366,1.3500366,1.3700366,0.7200366,-0.9699634,0.52003664,-0.15996338,1.9500366,0.3000366,0.040036622,0.5400366,0.9700366,-1.8999634,0.41003662,0.76003665,-1.3799634,0.59003663,-0.26996338,2.6000366,6.880037,-2.9299634,-4.6799636,-4.1099634,-4.8799634,-3.2099633,-2.3299634,-4.0499635,-3.8799634,-3.8999634,-2.7999635,-2.8899634,-2.1799634,-2.7399633,-2.4099634,-1.6199634,-1.9399633,-2.4399633,-1.4099634,-0.5899634,0.9100366,1.6700367,2.2800367,0.41003662,1.9000366,-0.72996336,-0.14996338,-1.3799634,-0.39996338,2.1800365,0.6700366,-1.1299634,0.28003663,0.3900366,-0.13996337,-1.2899634,-1.4099634,0.8500366,0.43003663,3.9900367,2.7600367,0.09003662,-5.579963,-4.0899634,-4.4699636,-3.1899633,1.1000366,-1.6999633,-2.2699633,-0.54996336,-0.9499634,-1.5599633,-1.4199634,-1.7699634,-2.4099634,-1.0799633,0.8500366,-0.90996337,-1.5099634,-1.2299634,-1.7899634,-1.1699634,-0.36996338,-2.0499635,-1.5999634,-2.4799633,-2.0399635,-0.5699634,-0.4799634,-0.49996337,-2.5499635,-3.8199635,-1.1599634,-2.7299633,-3.4099634,-1.5699633,-1.8699634,-1.7599634,-1.5399634,2.5400367,1.0500367,-0.8299634,0.29003662,-4.4699636,-4.0099635,-2.9399633,-0.53996336,-0.5299634,-0.27996337,0.57003665,0.89003664,0.25003663,0.7500366,1.2000366,0.040036622,1.0600367,1.8000367,2.3300366,2.5100367,0.40003663,-0.11996338,-0.91996336,-1.5899634,-2.3299634,-2.2199633,-1.9199634,-1.3499634,-1.2899634,-2.0999634,-3.7299633,-0.22996338,-2.4999633,-2.8299634,-1.0299634,0.24003662,-1.2199634,1.7000366,-0.5699634,-0.8399634,1.7500366,1.2300366,0.3300366,1.7800366,2.1500366,-1.6799634,-0.23996338,-0.42996338,0.40003663,1.0400367,0.40003663,2.6500366,1.9800366,2.1300366,2.9100366,3.2200365,3.5400367,1.3600366,3.7700367,4.4900365,4.2200365,2.9400365,2.8700366,2.0600367,1.2300366,-0.21996337,-0.6299634,0.17003661,0.46003664,3.6621095E-5,0.5500366,-2.2999635,-1.7099633,-1.8899634,-0.9999634,-1.4799634,-1.5199634,-1.5399634,-2.6999633,-1.5099634,2.1200366,0.8500366,0.57003665,0.010036621,-2.0299635,-0.24996337,1.4800366,2.2700367,1.8600366,3.3100367,2.8100367,3.7100365,3.9000366,4.5500364,4.3500366,5.2600365,5.2600365,5.9300365,5.9100366,6.1400366,5.3900366,5.360037,5.4800367,4.7000365,4.130037,4.0900364,3.9100366,3.0100367,3.2100365,2.6200366,2.8400366,2.7700367,1.9300367,0.82003665,1.4500366,1.3000367,1.5200366,1.5500367,0.41003662,-0.9999634,-0.46996337,-0.049963377,0.040036622,1.0000366,0.65003663,0.38003662,-1.2999634,3.3400366,3.9900367,4.0200367,4.8900366,5.2300367,5.880037,5.940037,5.940037,5.8900366,6.0300364,6.6200366,6.7500367,6.7800364,7.440037,6.7000365,6.7500367,6.3400364,5.900037,5.650037,5.5300364,6.4800367,5.5600367,4.5100365,3.6300366,4.2000365,4.2500367,4.6200366,2.9900367,4.920037,3.7400367,4.5500364,3.7500367,2.4800367,2.2800367,3.0100367,0.4200366,-3.4899633,-0.2599634,2.2000365,0.7300366,0.5500366,5.110037,5.0500364,5.7600365,6.5200367,6.8300366,6.8000364,6.9600368,6.9500365,7.0800366,7.5700364,7.8400364,7.5900364,9.730037,7.5200367,8.010036,7.5400367,7.5000367,7.2400365,7.5900364,7.5800366,8.030037,7.7400365,7.630037,6.360037,6.5400367,6.0800366,6.7300367,6.2000365,7.110037,6.1400366,6.690037,6.150037,7.0900364,2.8800366,2.5200367,-0.97996336,-1.1199634,0.77003664,0.5000366,0.71003664,-0.06996338,6.2900367,6.880037,6.690037,7.150037,7.3700366,7.400037,7.130037,7.900037,8.400037,8.4700365,9.790036,9.490037,8.680037,9.050036,8.680037,9.060037,8.530037,8.880036,8.950037,9.050036,9.7200365,10.850037,9.280037,7.5300364,7.8300366,8.740037,8.550036,8.440037,9.020037,9.240037,8.480037,6.3300366,3.1900365,3.7700367,1.2300366,0.21003662,-2.5699635,-0.9699634,0.47003663,1.3100367,-0.27996337,6.5800366,7.0500364,7.3200364,7.380037,7.0100365,7.2200365,7.5900364,8.300036,8.440037,8.850037,8.090036,8.410037,8.950037,9.700037,9.260036,9.210036,8.760036,9.710036,8.550036,9.330036,10.620037,10.880036,11.070037,10.280037,9.010036,9.040036,10.250036,11.120037,11.100037,11.030037,8.250036,6.5900364,5.170037,4.4900365,5.610037,0.9400366,-0.08996338,1.0400367,-1.0499634,1.4300367,-0.54996336,6.6400366,6.5500364,7.400037,6.940037,6.8100367,6.3500366,5.9900365,4.7800364,6.9300365,6.360037,6.1800365,7.610037,6.630037,7.3700366,9.030037,8.190037,8.360037,8.390037,7.880037,7.8500366,8.640037,9.670036,9.920036,9.950037,10.320037,10.980037,11.190037,11.850037,10.990037,9.390037,7.6200366,7.380037,5.7800364,6.2900367,4.7200365,6.0800366,8.230037,8.480037,-0.8799634,-0.31996337,-0.19996338,5.630037,7.5200367,6.360037,6.0400367,5.4500365,3.0100367,5.9300365,6.0800366,7.4100366,5.4100366,4.5500364,5.3300366,5.2200365,7.3000364,6.5700364,6.7100368,4.9800367,3.1900365,2.6200366,5.7000365,7.4900365,8.010036,8.070037,9.090036,9.790036,9.930037,10.080036,8.980037,8.110037,7.0200367,6.6200366,6.2400365,6.2300367,5.6200366,5.420037,5.7300367,6.2900367,5.4100366,8.070037,5.8700366,2.4000366,5.8300366,6.3900366,6.7700367,4.3700366,4.0900364,3.6400366,1.5700366,2.9300365,-0.05996338,-0.27996337,0.020036621,1.1500366,3.2700367,4.860037,2.8500366,2.5300367,3.6000366,4.5100365,4.8400364,5.7300367,5.8400364,6.2400365,5.3700366,6.420037,6.3700366,6.6400366,6.2500367,6.2300367,6.1200366,6.0900364,5.610037,5.3100367,5.1800365,4.7800364,4.8400364,4.920037,4.4800367,5.0100365,5.380037,3.9900367,4.2000365,3.9700365,6.6600366,8.480037,6.5500364,2.4800367,3.6621095E-5,-0.26996338,0.84003663,1.5200366,1.5700366,1.2300366,3.6600366,3.6300366,3.2700367,5.130037,5.2600365,5.3000364,5.9600368,5.7200365,6.1800365,5.900037,6.110037,6.130037,6.5200367,6.3000364,6.3100367,6.5200367,6.6000366,7.6000366,7.4800367,8.080036,8.520037,5.920037,5.920037,5.3100367,5.5200367,5.3200364,5.3900366,5.3700366,5.0300364,2.6900365]},{"header":{"discipline":0,"disciplineName":"Meteorological products","gribEdition":2,"gribLength":1025,"center":7,"centerName":"US National Weather Service - NCEP(WMC)","subcenter":0,"refTime":"2023-10-04T12:00:00.000Z","significanceOfRT":1,"significanceOfRTName":"Start of forecast","productStatus":0,"productStatusName":"Operational products","productType":1,"productTypeName":"Forecast products","productDefinitionTemplate":0,"productDefinitionTemplateName":"Analysis/forecast at horizontal level/layer at a point in time","parameterCategory":2,"parameterCategoryName":"UnknownDiscipline_0_Category_2","parameterNumber":3,"parameterNumberName":"UnknownParameter_D0_C2_3","parameterUnit":"Unknown","genProcessType":2,"genProcessTypeName":"Forecast","forecastTime":240,"surface1Type":103,"surface1TypeName":"Specified height level above ground","surface1Value":10.0,"surface2Type":255,"surface2TypeName":"Missing","surface2Value":0.0,"gridDefinitionTemplate":0,"gridDefinitionTemplateName":"Latitude_Longitude","numberPoints":615,"shape":6,"shapeName":"Earth spherical with radius of 6,371,229.0 m","gridUnits":"degrees","resolution":48,"winds":"true","scanMode":64,"nx":41,"ny":15,"basicAngle":0,"lo1":47.0,"la1":41.0,"lo2":87.0,"la2":55.0,"dx":1.0,"dy":1.0},"data":[1.6345093,1.4145093,-0.5754907,0.8145093,0.71450925,-2.9654908,1.5545093,0.9845093,0.7945093,-0.72549075,-2.1154907,-2.4854908,-3.2254908,-4.2254906,-5.445491,-5.345491,-5.7654905,-6.155491,-5.2654905,-4.7454906,-2.8754907,-1.9454907,-1.3654907,1.9345093,2.2845092,0.9345093,0.77450925,-0.7754907,-1.8254907,-1.9354907,-1.6654907,-4.5354905,-2.2354908,1.7845093,1.8745093,0.004509277,-1.6054907,-5.075491,-6.7954907,-10.5554905,0.7845093,-0.36549073,1.5645093,2.1145093,3.5645094,2.6645093,-2.4154906,1.5545093,1.0545093,0.71450925,-0.34549072,-0.085490726,-1.7654908,-2.5154908,-3.6754906,-5.2054906,-5.5854907,-5.5354905,-5.2454906,-4.905491,-3.4654908,-3.1154907,-3.4654908,-2.7254908,-1.5754907,1.7145092,-0.6354907,0.4545093,-0.46549073,-0.05549072,-1.8754907,0.03450928,-1.7854908,-2.6754906,-5.2954907,-6.1654906,1.4945092,-1.8354907,-3.6154907,-4.0554905,-4.595491,0.094509274,0.18450928,4.8345094,3.2445092,4.2545094,2.9745092,3.2545092,2.7445092,2.5545092,2.5945094,1.6445093,0.094509274,-0.9354907,-1.9354907,-2.7254908,-3.4154906,-4.4954906,-5.095491,-5.925491,-6.5854907,-4.5254908,-2.5254908,-2.4754908,-2.6054907,-0.31549072,-1.2754908,-1.8954908,-0.27549073,-0.98549074,-0.5654907,0.8145093,1.4245093,0.9845093,-0.13549072,1.1945093,-0.97549075,0.75450927,2.3545094,-2.5254908,0.34450927,-1.2754908,-3.4554908,2.9545093,3.3145094,4.6945095,4.4345093,3.4245093,3.5445092,3.2545092,2.9445093,2.4445093,1.7845093,0.49450928,0.36450928,-1.5054908,-2.6454906,-4.6254907,-3.9354906,-3.8154907,-4.7454906,-5.925491,-7.8154907,-2.2654908,-1.7654908,-0.7754907,-1.6954907,-1.2454907,-1.8254907,0.9345093,0.58450925,2.1545093,3.1545093,2.1445093,0.57450926,0.27450928,-1.6854907,-0.3254907,-0.53549075,-0.6354907,0.6145093,3.2945092,-0.98549074,-1.8154907,3.7145092,2.5145092,3.7645092,2.0245092,-0.9554907,2.0745094,2.4945092,1.7845093,2.3445094,1.2945093,0.6545093,-0.17549072,1.7845093,-0.18549073,-2.0854907,-2.1154907,-3.2654908,-3.9154906,-3.8954906,-4.2254906,-3.1054907,-1.8254907,-1.4854907,-1.7854908,-1.0054908,-0.74549073,-0.85549074,-4.2954907,0.96450925,-0.66549075,-1.0254908,-0.86549073,2.0645094,1.0245093,0.19450928,1.4245093,0.8045093,1.7745093,0.8645093,-1.7154907,-0.14549072,4.994509,5.014509,4.284509,3.4245093,2.5245092,1.4245093,0.44450927,2.2145092,2.6545093,1.6145092,1.5245093,0.9845093,4.674509,4.534509,1.3945093,-1.3354907,-1.7954907,-1.9954907,-2.4254906,-2.6254907,-1.7154907,-1.2754908,-1.7754908,-1.0754907,-0.5954907,0.43450928,1.8645092,-3.4054906,0.7245093,0.49450928,-0.3254907,-0.9554907,-0.41549072,-1.0354908,0.41450927,-1.0854907,0.9045093,-0.24549073,-1.5554907,-1.4154907,0.47450927,4.4745092,4.244509,3.9345093,5.0045094,4.4445095,3.3545094,3.8945093,2.4645092,2.2645092,2.1145093,1.2045093,1.2745093,0.8145093,0.9245093,1.7645093,2.5745094,1.7445092,1.0945092,0.75450927,-0.4554907,-0.66549075,0.52450925,0.44450927,0.83450925,0.7345093,0.34450927,2.0045092,2.9045093,2.6245093,2.5145092,2.9645092,2.6045094,2.1245093,1.8345093,1.7545093,0.4545093,0.4545093,1.8945093,-0.3554907,2.1045094,1.5645093,4.1945095,4.174509,4.094509,3.8045092,3.5545092,3.2245092,3.1245093,2.6545093,2.1845093,2.0545092,1.8245093,0.9845093,1.4245093,2.1345093,1.9045093,2.1445093,2.4145093,3.0845094,2.3545094,2.3645093,1.2245092,1.5445093,2.7045093,2.6545093,1.8345093,1.7345092,2.0845094,2.5845094,2.9745092,3.5545092,3.2845092,2.9845092,2.8245094,3.6745093,2.5345092,-0.54549074,-0.6354907,0.24450928,0.37450927,-0.6854907,-0.44549072,4.014509,3.8745093,3.9645092,4.1645093,3.8645093,3.8045092,3.8045092,3.3145094,3.3345094,3.1345093,2.6545093,2.7145092,1.5145093,2.5045092,1.7945093,3.2145092,3.8445094,3.9145093,4.4545093,4.494509,4.4145093,3.5045092,3.1245093,3.6545093,4.8345094,4.364509,4.054509,3.3145094,4.2245092,4.3745093,4.7345095,5.6245093,5.1245093,4.8945093,4.634509,2.8545094,1.1445093,1.2545093,2.4945092,1.2045093,-1.4854907,4.6445093,4.404509,4.2545094,3.9945092,3.8345094,3.7545092,4.1445093,3.8245094,4.0045094,3.4445093,3.4845092,2.6345093,2.4645092,1.6145092,2.8345094,1.8345093,3.4545093,4.1845093,4.0045094,4.804509,5.864509,5.344509,5.244509,6.304509,4.864509,4.3145094,5.4545093,5.514509,5.0045094,5.0245094,5.2945094,4.2145095,2.3245094,3.9045093,5.6245093,3.1945093,1.7945093,-0.28549072,2.2745092,4.4645095,3.3445094,3.5945094,4.5445094,3.5145092,3.9845092,3.6045094,3.4445093,3.8645093,3.3045092,2.5345092,3.2845092,3.3445094,2.9645092,1.1745093,2.1345093,1.6045092,1.4445093,1.5745093,2.5245092,2.7445092,4.4645095,4.9545093,4.744509,3.1845093,4.5645094,6.1445093,6.364509,7.0445094,6.174509,6.7545094,6.0045094,4.7745094,4.384509,4.1945095,4.9545093,3.1145093,6.0645094,5.6245093,3.6945093,4.384509,2.1245093,1.3745093,3.8645093,4.3945093,4.2545094,4.5645094,4.244509,3.3145094,2.4445093,1.9645092,1.8645092,1.8745093,2.1345093,2.7045093,2.3045092,2.3145094,1.7445092,1.5145093,1.4845092,1.5145093,1.7845093,2.4845092,3.9145093,4.1945095,3.8945093,3.9945092,4.3545094,4.9745092,5.8545094,5.634509,5.494509,5.0045094,5.3745093,7.0645094,5.904509,6.9845095,6.6845093,8.084509,7.3345094,6.7545094,1.8045093,1.7245092,0.07450928,3.2045093,4.2945094,4.3745093,4.7545094,4.2045093,1.9745092,3.2145092,2.5745094,2.1345093,1.3345093,1.3745093,1.5045093,3.0545092,2.3245094,1.6145092,0.71450925,0.10450928,-0.60549074,-1.7154907,-0.38549072,2.0245092,3.2445092,3.4145093,3.2145092,3.3745093,4.0045094,4.2345095,4.384509,4.6945095,4.784509,5.344509,5.804509,5.7045093,6.3545094,6.6945095,7.4345093,7.9845095,4.514509,3.9545093,5.9645095,1.3045093,2.2845092,1.6245093,1.0645093,3.9245093,3.8945093,3.8145094,2.8545094,1.9945092,2.3445094,2.2445092,0.9745093,0.014509277,1.2145092,1.2545093,-0.19549072,0.22450928,0.7445093,0.10450928,0.18450928,0.58450925,0.34450927,0.13450928,-0.79549074,-1.1454908,2.0245092,2.7545092,4.264509,4.494509,4.674509,5.1445093,5.6845093,5.614509,5.7045093,6.2745094,5.8545094,6.924509,6.4345093,6.384509,5.6445093,4.784509,6.6645093,2.6345093,3.3945093,4.5845094,5.4545093,5.1945095,3.6645093,2.5945094,2.4645092,2.5545092,2.5545092,2.2045093,1.9745092,0.76450926,-0.03549072,-0.36549073,-0.5754907,-0.92549074,-1.1454908,-0.5754907,-0.5254907,-0.5154907,0.34450927,1.5745093,1.0345093,1.0145093,1.3045093,1.1345093,1.6245093,1.9645092,1.9945092,3.2945092,6.904509,5.744509,5.8545094,5.9145093,5.9745092,7.744509,7.4845095,6.9445095,6.634509,5.384509]}]