wind.json
{"header": {"discipline":0,"disciplineName":"Meteorological products","gribEdition":2,"gribLength":1211,"center":7,"centerName":"US National Weather Service - NCEP(WMC)","subcenter":0,"refTime":"2023-06-28T18:00:00.000Z","significanceOfRT":1,"significanceOfRTName":"Start of forecast","productStatus":0,"productStatusName":"Operational products","productType":1,"productTypeName":"Forecast products","productDefinitionTemplate":0,"productDefinitionTemplateName":"Analysis/forecast at horizontal level/layer at a point in time","parameterCategory":2,"parameterCategoryName":"UnknownDiscipline_0_Category_2","parameterNumber":3,"parameterNumberName":"UnknownParameter_D0_C2_3","parameterUnit":"Unknown","genProcessType":2,"genProcessTypeName":"Forecast","forecastTime":60,"surface1Type":103,"surface1TypeName":"Specified height level above ground","surface1Value":10.0,"surface2Type":255,"surface2TypeName":"Missing","surface2Value":0.0,"gridDefinitionTemplate":0,"gridDefinitionTemplateName":"Latitude_Longitude","numberPoints":688,"shape":6,"shapeName":"Earth spherical with radius of 6,371,229.0 m","gridUnits":"degrees","resolution":48,"winds":"true","scanMode":64,"nx":43,"ny":16,"basicAngle":0,"lo1":45.0,"la1":40.0,"lo2":87.0,"la2":55.0,"dx":1.0,"dy":1.0}, "data":
[rows 0 to 15 of 16, columns 0 to 42 of 43]
0.6826758,-1.1673242,-0.3873242,-4.917324,3.2926757,-11.247324,-11.117324,-10.537324,-9.997324,-3.0473242,-1.0973243,3.4626758,3.0026758,5.5326757,4.472676,3.5426757,2.1826758,0.25267577,-3.0373242,-6.0773244,-0.61732423,-1.5873243,-0.7173242,-2.3473241,-3.0473242,-2.9673243,-2.7873242,-4.247324,-3.5073242,-3.5673242,-2.8173242,0.6826758,1.9026757,1.6226758,-0.8173242,-0.24732421,0.14267579,0.57267576,-4.087324,-4.6573243,-4.207324,-2.2873242,-1.2173243
-1.6373242,-3.4973242,-0.5173242,2.9526758,0.10267578,-8.587324,-9.907324,-10.357325,-9.177324,-3.2873242,1.3226758,3.1026757,7.0326757,5.9226756,5.102676,3.872676,3.4026759,1.1426758,-1.6573242,-3.9873242,-3.9773242,-2.8273242,-1.8273243,1.1126758,3.4226758,0.16267578,2.122676,0.6726758,0.25267577,-0.5773242,-4.837324,-4.397324,-1.9173242,0.6726758,-2.6573243,0.58267576,-1.9573243,-3.627324,0.03267578,2.3526757,1.7826757,-1.4073242,-1.7373242
-0.03732422,2.2826757,-1.0773243,0.8726758,-0.7673242,-7.5573244,-10.207324,-10.077324,-9.157324,-5.1373243,0.6126758,10.172676,9.452676,7.0926757,5.8426757,3.9626758,3.9326758,2.382676,-0.46732423,-1.9673243,-3.2073243,-4.377324,-4.297324,-0.55732423,2.6926758,-0.18732423,2.8226757,2.7926757,3.6026757,-1.1673242,0.17267579,-1.3273243,-2.2973242,-3.5973241,-0.47732422,-2.4973242,1.7226758,-6.997324,0.13267578,0.6626758,2.0026758,-0.11732422,-0.8273242
-2.1673243,-2.0473242,-3.1573243,0.46267578,-3.3873243,-6.957324,-9.987324,-8.807324,-11.087324,-10.777325,2.8526757,13.412676,12.072676,8.172676,6.452676,5.062676,4.432676,1.3026757,0.8626758,-1.1173242,-3.127324,-3.5473242,-2.1373243,-2.5473242,-2.3573241,-2.127324,-3.4173243,-2.2073243,-0.5973242,-2.5573242,-2.117324,-3.127324,-4.207324,-1.3873242,-2.3973243,0.23267578,1.3526758,-2.0573242,-3.5273242,-3.3373241,-1.4373242,2.5326757,-0.13732421
-0.7773242,-2.7373242,-2.0973241,-2.5873241,-2.7373242,-3.2673242,-6.5973244,-9.707324,-12.387324,-10.327324,5.9026756,14.432675,11.452676,8.352675,3.0926757,3.2526758,5.142676,3.5426757,1.2126758,0.31267577,-1.7473242,-3.5573242,-0.9473242,-2.367324,1.2826757,-1.0573242,-2.2373242,-2.8573241,-2.2373242,-1.8873242,-1.6473242,-2.2773242,-5.0173244,-4.3473244,1.5226758,1.0826758,2.2926757,1.2626758,3.0826757,0.9926758,-4.107324,-2.9473243,-2.3373241
-1.0173242,-2.0773242,-1.4873242,-1.9173242,-1.0373242,2.0826757,-5.3873243,-6.5573244,-9.067325,-6.357324,10.082676,10.132676,9.702676,5.952676,4.1326756,0.6526758,1.7026758,4.022676,3.4226758,1.3126758,-0.36732423,0.9926758,1.1926758,2.3626757,1.9526758,0.6226758,1.7426758,0.7226758,-1.1873242,-3.7973242,-1.6973243,-2.5273242,-3.6073241,-6.1173244,-4.027324,-4.297324,0.5926758,1.1426758,-3.9073243,1.0826758,-0.6873242,-0.5173242,-1.8373243
-0.15732422,0.03267578,-0.8173242,-0.73732424,0.64267576,4.102676,-1.0873243,-5.627324,-9.417324,-6.417324,5.742676,7.812676,6.7826757,7.1126757,4.992676,2.0126758,3.3926759,4.1926756,3.6126757,3.3026757,1.1826758,1.8926758,1.3526758,0.23267578,0.23267578,0.69267577,0.41267577,0.46267578,-0.24732421,-4.247324,-2.1873243,-2.8473241,-2.9973242,-4.0173244,-4.4673243,-3.3073242,-4.817324,-1.6673242,-3.0073242,-5.257324,-2.5973241,-1.3373243,0.9626758
1.3426758,1.7426758,0.4826758,-0.18732423,1.0126758,4.952676,1.7726758,-0.34732422,-6.5573244,-5.4673243,0.23267578,11.582676,12.692676,5.252676,5.0926757,5.742676,4.832676,5.5326757,5.0326757,3.1026757,2.1726758,1.9026757,1.5226758,0.40267578,0.40267578,-1.1073242,-0.85732424,0.2626758,-0.21732421,-1.0473242,-2.2073243,-3.8073242,-4.337324,-4.3073244,-5.3873243,-4.2673244,-3.2773242,1.8426758,1.1226758,-0.6373242,-0.85732424,2.1126757,-2.9973242
2.9526758,2.4626758,1.4426758,1.9026757,2.382676,6.3226757,3.9126759,1.5126758,-6.027324,-5.8273244,1.1826758,8.852675,12.642675,11.962676,7.352676,6.762676,6.272676,5.992676,4.062676,3.7126758,2.6826758,1.4126757,0.7226758,-0.10732422,-1.2073243,-1.1373242,-0.22732422,-1.3573242,-2.8073242,-3.2273242,-4.1173244,-3.6373243,-5.0773244,-4.417324,-4.187324,-5.047324,-4.6173244,-5.707324,-4.357324,-2.4473243,0.082675785,0.5326758,-0.33732423
1.4726758,2.3926759,2.622676,3.6526759,4.1926756,6.0326757,3.3526757,-1.2873242,-3.7173243,-3.5073242,2.4326758,10.912676,9.322676,7.312676,6.5526757,8.382676,7.872676,6.5926757,5.682676,4.4626756,3.1426759,1.5426757,1.1226758,1.5726758,-0.19732422,0.07267578,-1.2573242,-2.8573241,-3.4273243,-3.1773243,-3.9273243,-4.727324,-5.047324,-4.3673244,-6.127324,-4.897324,-5.897324,-6.207324,-4.317324,-4.147324,-0.047324218,1.3326758,4.1326756
1.6126758,1.8726758,3.8026757,4.222676,4.582676,6.722676,3.4126759,-1.4973242,-3.4773242,-2.1973243,6.7126756,9.112676,9.532676,8.302676,10.152676,6.8226757,7.372676,7.752676,5.8026757,3.6526759,3.0726757,2.1026757,1.1226758,1.5126758,0.6726758,-0.8973242,-1.7173243,-1.6673242,-2.3573241,-2.6473243,-3.377324,-3.9573243,-4.2673244,-5.187324,-5.297324,-5.1573243,-5.8273244,-4.4273243,-3.2973242,0.4226758,2.8526757,2.2526758,-0.5673242
2.0426757,1.8226758,3.3426757,4.372676,4.892676,3.9626758,3.7526758,0.19267578,-3.877324,-4.6573243,7.062676,10.202676,8.5226755,10.132676,7.272676,5.622676,7.182676,6.752676,7.202676,4.7826757,3.7726758,3.632676,2.632676,1.9526758,0.70267576,-0.09732422,-0.86732423,-0.9473242,-0.6473242,-2.0373242,-2.8573241,-4.007324,-4.417324,-5.107324,-5.0973244,-4.1973243,-4.167324,-2.7973242,-1.9573243,-2.1473243,-3.8473241,-1.3673242,0.9326758
1.9626758,2.2626758,3.7226758,4.122676,5.0926757,4.3626757,4.6126757,0.21267578,-3.367324,-0.67732424,6.742676,7.512676,7.6326756,9.962676,10.512676,7.2826757,4.812676,7.602676,6.002676,5.142676,4.9026756,4.452676,3.4126759,2.882676,2.5626757,2.2426758,1.8526758,0.89267576,-1.5073242,-1.4173242,-3.5573242,-3.8873243,-3.627324,-4.527324,-3.5573242,-4.4273243,-3.3973243,-2.6873243,-2.5373242,-2.0873241,-1.6173242,-0.9473242,-1.2573242
2.1726758,3.1626759,2.7426758,4.752676,4.512676,3.0326757,5.432676,1.9826758,-0.79732424,-1.6173242,8.5226755,5.312676,-0.4573242,4.8426757,7.002676,6.352676,7.4026756,7.262676,6.6126757,5.972676,5.4626756,4.602676,3.8026757,3.4026759,2.6626759,2.4626758,2.1126757,0.19267578,-0.60732424,-2.0873241,-3.5573242,-3.5673242,-3.7473242,-3.8473241,-3.8873243,-3.127324,-3.9573243,-2.1673243,-2.0373242,-0.97732425,-1.3973242,0.19267578,1.6626757
2.2626758,2.0026758,3.5226758,4.0326757,4.142676,4.1326756,3.8126757,2.3026757,1.0926758,-1.6473242,4.2126756,8.012676,4.1526756,1.9126757,4.492676,5.7326756,6.722676,7.3626757,6.182676,6.1526756,5.662676,4.992676,3.7126758,2.9126759,3.382676,2.8126757,2.6426759,0.5426758,-0.31732422,-1.7273242,-1.2973242,-3.117324,-4.207324,-5.277324,-4.997324,-3.4873242,-4.0973244,-2.7673242,-2.2673242,-2.4573243,-1.1073242,0.0026757813,-0.4573242
2.4726758,2.6126757,1.8526758,3.6826758,3.9426758,4.472676,2.9226758,1.9826758,-0.17732422,1.4426758,2.7726758,5.4426756,4.0526757,4.4826756,3.8026757,5.5926757,8.512676,7.912676,7.2826757,6.262676,5.8426757,5.1726756,4.762676,4.7826757,4.352676,3.622676,1.9326758,0.70267576,-0.85732424,-2.1973243,-2.877324,-2.4273243,-1.8773242,-2.5173242,-2.8873243,-2.8473241,-2.3073242,-3.2373242,-3.1573243,-3.7273242,-3.7373242,-1.7273242,1.2626758
