wind_kz.json
{"header": {"discipline":0,"disciplineName":"Meteorological products","gribEdition":2,"gribLength":871,"center":7,"centerName":"US National Weather Service - NCEP(WMC)","subcenter":0,"refTime":"2023-09-19T06:00:00.000Z","significanceOfRT":1,"significanceOfRTName":"Start of forecast","productStatus":0,"productStatusName":"Operational products","productType":1,"productTypeName":"Forecast products","productDefinitionTemplate":0,"productDefinitionTemplateName":"Analysis/forecast at horizontal level/layer at a point in time","parameterCategory":0,"parameterCategoryName":"UnknownDiscipline_0_Category_0","parameterNumber":0,"parameterNumberName":"UnknownParameter_D0_C0_0","parameterUnit":"Unknown","genProcessType":2,"genProcessTypeName":"Forecast","forecastTime":180,"surface1Type":1,"surface1TypeName":"Ground or water surface","surface1Value":0.0,"surface2Type":255,"surface2TypeName":"Missing","surface2Value":0.0,"gridDefinitionTemplate":0,"gridDefinitionTemplateName":"Latitude_Longitude","numberPoints":615,"shape":6,"shapeName":"Earth spherical with radius of 6,371,229.0 m","gridUnits":"degrees","resolution":48,"winds":"true","scanMode":64,"nx":41,"ny":15,"basicAngle":0,"lo1":47.0,"la1":41.0,"lo2":87.0,"la2":55.0,"dx":1.0,"dy":1.0}, "data":
[rows 0 to 14 of 15, columns 0 to 40 of 41]
291.95593,282.45593,285.75592,294.15594,294.15594,293.85593,294.65594,294.15594,291.75592,292.25592,291.45593,291.85593,291.05594,290.85593,290.35593,287.85593,288.45593,289.95593,288.55594,289.15594,290.85593,285.95593,286.05594,283.75592,290.05594,289.45593,287.85593,275.15594,273.95593,274.35593,273.35593,274.45593,282.45593,286.95593,286.95593,286.95593,287.05594,286.85593,285.25592,286.05594,283.95593
276.95593,286.75592,293.75592,293.95593,293.65594,292.15594,292.95593,292.25592,290.65594,291.15594,291.55594,290.25592,289.55594,290.75592,289.05594,288.85593,288.85593,287.95593,287.85593,287.45593,287.95593,288.45593,287.65594,281.95593,272.25592,273.75592,281.75592,274.85593,276.35593,268.65594,274.25592,268.85593,276.25592,252.25594,261.45593,283.85593,282.15594,284.05594,286.85593,279.05594,283.75592
288.55594,292.95593,294.05594,293.65594,291.65594,292.85593,292.85593,291.65594,289.45593,288.75592,287.75592,289.55594,288.55594,289.55594,291.05594,289.55594,288.25592,287.75592,286.75592,286.45593,291.65594,290.35593,289.15594,282.35593,283.05594,283.25592,284.25592,282.65594,282.65594,275.35593,269.55594,271.05594,274.35593,275.15594,277.25592,276.85593,261.65594,268.05594,269.75592,260.25592,256.25592
289.15594,292.55594,293.85593,292.75592,291.85593,291.75592,292.65594,290.55594,290.55594,289.45593,288.45593,288.95593,291.65594,291.05594,290.75592,290.75592,290.05594,287.65594,287.55594,287.55594,290.45593,284.15594,287.75592,288.15594,288.25592,288.15594,288.05594,285.75592,282.85593,283.85593,284.95593,282.65594,286.35593,284.35593,282.65594,279.75592,260.75592,254.45593,264.15594,276.75592,280.65594
290.35593,291.15594,292.35593,291.55594,291.15594,291.35593,292.35593,291.65594,290.75592,290.15594,289.75592,288.85593,290.55594,289.45593,287.95593,290.25592,289.75592,289.25592,288.65594,289.85593,290.05594,289.55594,288.35593,287.45593,287.15594,287.05594,285.45593,286.95593,284.45593,284.75592,286.35593,282.35593,273.95593,262.85593,273.45593,280.15594,285.75592,282.95593,283.55594,284.35593,284.35593
288.95593,286.55594,290.65594,290.25592,291.05594,290.45593,291.45593,292.35593,290.15594,290.55594,291.05594,290.75592,290.35593,290.35593,289.95593,289.95593,291.15594,289.75592,290.45593,290.05594,289.25592,288.55594,288.05594,287.55594,286.85593,285.35593,285.45593,287.95593,286.75592,286.25592,284.25592,284.85593,283.85593,282.65594,278.65594,284.25592,274.75592,275.15594,280.45593,281.65594,281.15594
288.75592,287.55594,290.95593,290.95593,290.15594,290.35593,291.35593,290.55594,291.25592,291.65594,289.65594,289.85593,289.45593,289.45593,289.25592,290.55594,290.25592,291.05594,290.15594,288.55594,288.35593,289.35593,289.25592,289.15594,287.25592,286.95593,285.75592,286.25592,284.75592,285.75592,284.55594,283.15594,282.85593,283.05594,281.65594,280.05594,275.65594,269.75592,266.65594,264.85593,278.45593
289.05594,287.95593,291.15594,292.05594,292.35593,292.25592,291.45593,290.05594,288.85593,289.55594,288.65594,288.75592,287.95593,288.85593,289.25592,289.85593,289.25592,290.25592,289.65594,287.55594,287.25592,287.35593,287.55594,287.65594,286.25592,283.35593,283.95593,284.45593,283.75592,284.65594,283.15594,283.05594,280.85593,277.25592,276.95593,277.65594,278.45593,287.05594,277.25592,277.15594,275.45593
288.65594,288.15594,289.15594,288.65594,290.65594,290.05594,289.35593,289.65594,288.35593,287.75592,287.85593,287.55594,287.15594,287.85593,287.35593,288.45593,288.15594,288.25592,287.85593,287.25592,285.85593,285.85593,286.55594,286.65594,285.45593,286.25592,282.55594,281.35593,280.25592,278.75592,280.65594,280.25592,280.05594,279.75592,278.05594,276.05594,275.85593,274.45593,261.85593,262.25592,261.65594
287.45593,288.55594,288.35593,288.15594,288.55594,287.45593,287.25592,287.85593,289.15594,288.35593,288.45593,288.15594,288.15594,288.05594,287.25592,287.75592,287.05594,286.65594,286.15594,287.35593,286.45593,285.65594,286.65594,286.95593,286.55594,284.75592,288.45593,284.35593,281.55594,280.35593,280.35593,283.25592,282.75592,281.45593,279.35593,277.25592,274.95593,270.95593,267.95593,265.25592,264.05594
289.45593,288.85593,289.05594,287.25592,288.25592,287.25592,289.05594,289.15594,289.05594,288.45593,288.35593,287.75592,287.75592,286.95593,287.15594,287.15594,287.35593,287.85593,286.85593,285.95593,286.65594,286.05594,286.15594,285.75592,285.55594,285.45593,283.55594,284.95593,288.55594,284.45593,285.25592,284.95593,283.15594,282.85593,281.45593,277.75592,273.35593,270.55594,268.35593,268.75592,267.05594
288.55594,290.35593,289.85593,289.65594,289.45593,289.35593,288.25592,287.65594,289.15594,288.85593,285.85593,287.15594,287.65594,286.45593,287.05594,286.55594,286.55594,286.85593,287.05594,286.85593,285.75592,285.25592,285.05594,285.45593,285.05594,286.35593,289.25592,286.75592,286.65594,286.75592,284.95593,284.35593,283.75592,281.15594,281.45593,280.05594,279.35593,277.55594,276.65594,275.45593,273.85593
287.15594,287.65594,289.45593,288.55594,288.85593,288.75592,287.15594,287.85593,285.35593,285.95593,284.85593,282.65594,286.95593,289.05594,287.25592,287.55594,287.25592,286.85593,287.05594,286.25592,285.85593,284.65594,284.25592,283.95593,286.15594,286.65594,287.95593,287.25592,287.35593,286.75592,286.15594,284.95593,283.55594,282.65594,282.25592,281.25592,279.65594,279.35593,278.05594,279.75592,278.25592
286.15594,287.95593,287.45593,288.95593,288.05594,287.35593,287.15594,287.15594,286.65594,286.35593,285.15594,282.65594,283.55594,285.55594,286.95593,289.85593,287.45593,287.05594,287.25592,287.65594,287.45593,287.15594,287.35593,287.15594,287.35593,287.45593,287.15594,287.25592,286.65594,286.75592,286.45593,285.25592,284.25592,282.35593,281.55594,280.05594,280.05594,280.75592,280.45593,279.15594,279.95593
287.45593,288.45593,286.75592,287.95593,288.45593,287.25592,287.95593,286.55594,287.15594,285.65594,287.75592,284.35593,286.45593,284.45593,288.25592,289.35593,288.75592,286.25592,286.05594,286.45593,286.55594,286.75592,286.75592,286.65594,287.15594,287.05594,286.45593,286.55594,286.65594,286.55594,286.45593,284.55594,284.35593,283.45593,282.85593,282.15594,281.35593,280.35593,279.65594,279.35593,279.65594
