wind_kz.json
{"header": {"discipline":0,"disciplineName":"Meteorological products","gribEdition":2,"gribLength":1025,"center":7,"centerName":"US National Weather Service - NCEP(WMC)","subcenter":0,"refTime":"2023-08-19T00:00:00.000Z","significanceOfRT":1,"significanceOfRTName":"Start of forecast","productStatus":0,"productStatusName":"Operational products","productType":1,"productTypeName":"Forecast products","productDefinitionTemplate":0,"productDefinitionTemplateName":"Analysis/forecast at horizontal level/layer at a point in time","parameterCategory":2,"parameterCategoryName":"UnknownDiscipline_0_Category_2","parameterNumber":3,"parameterNumberName":"UnknownParameter_D0_C2_3","parameterUnit":"Unknown","genProcessType":2,"genProcessTypeName":"Forecast","forecastTime":240,"surface1Type":103,"surface1TypeName":"Specified height level above ground","surface1Value":10.0,"surface2Type":255,"surface2TypeName":"Missing","surface2Value":0.0,"gridDefinitionTemplate":0,"gridDefinitionTemplateName":"Latitude_Longitude","numberPoints":615,"shape":6,"shapeName":"Earth spherical with radius of 6,371,229.0 m","gridUnits":"degrees","resolution":48,"winds":"true","scanMode":64,"nx":41,"ny":15,"basicAngle":0,"lo1":47.0,"la1":41.0,"lo2":87.0,"la2":55.0,"dx":1.0,"dy":1.0}, "data":
[rows 0 to 14 of 15, columns 0 to 40 of 41]
-1.7881763,-1.5281763,0.30182374,-7.478176,-10.118176,-6.9481764,1.9018238,1.7018237,0.07182373,0.9618237,-1.0781763,-0.30817628,-1.4281763,-1.7181762,-2.1481762,-1.6081762,-0.90817624,-1.5081763,-3.2381763,-1.8081763,-2.0281763,-1.3581762,0.05182373,-1.4781762,-1.0481763,-0.96817625,-1.8681762,0.10182373,1.4118237,3.3918238,-3.2481763,-3.9281762,0.8118237,-1.9881762,-3.1481762,-6.0481763,-3.9381762,-6.2381763,-3.8981762,-3.2481763,-0.58817625
1.6518238,1.1218238,-2.9781764,-6.0681763,-8.158176,-4.3681765,-2.2481763,0.8118237,0.37182373,0.32182372,-0.56817627,-1.5081763,-1.2581763,-0.7981763,-2.3881762,-0.83817625,0.65182376,-2.0781763,-2.1381762,-2.2781763,-1.6581763,-1.9481763,-0.9781763,1.3218237,-1.2881763,-2.1281762,-2.6081762,1.3518237,0.26182374,1.8118237,5.3218236,4.831824,1.2618238,1.4618237,1.5718237,-4.0681763,-2.3581762,-10.968176,-4.108176,-2.8081763,0.24182373
1.9318237,1.6118237,-2.0181763,-4.0781765,-6.728176,-2.7281764,0.9618237,-0.64817625,0.68182373,2.0718238,1.3918238,1.4418237,0.9618237,0.90182376,0.10182373,-0.6881763,-0.34817627,-0.5381763,-1.8181763,-3.2681763,-3.2781763,-1.2981763,0.35182372,-0.49817628,1.2418237,1.0718237,0.68182373,1.1418238,0.26182374,2.8718238,4.391824,2.5718238,2.7618237,-1.0381763,-0.82817626,0.78182375,2.6718237,0.86182374,1.0818237,1.2118237,1.8218237
0.7518237,-2.4981763,-2.1381762,-4.668176,-4.4881763,-1.8681762,-2.0081763,3.0418236,3.2718236,3.4218237,3.4018238,2.0118237,2.5418236,2.3818238,0.8818237,-0.51817626,-1.4281763,-1.0181763,-1.7781763,-2.6881762,-2.0981762,-0.88817626,2.2618237,-0.07817627,0.08182373,-0.20817627,-0.018176269,-1.1781763,0.6418237,-0.6181763,-0.32817626,-0.8581763,-1.6481763,-1.7981763,1.3118237,-1.2381762,0.19182374,2.7118237,-0.04817627,0.46182373,-0.33817628
1.9118237,-0.84817624,-3.0081763,-3.0981762,-2.8181763,-3.1181762,-3.7481763,-2.6381762,4.851824,4.9018235,4.351824,4.101824,3.0718238,1.7118237,1.9318237,0.25182372,-1.2581763,-1.9281763,-2.6581762,-1.5281763,0.18182373,0.6318237,0.09182373,-0.58817625,-0.5581763,-0.7381763,-0.36817628,0.35182372,-0.30817628,-1.1081762,-1.8781762,0.14182372,1.5218238,0.8718237,-0.16817626,-2.3081763,-4.058176,0.30182374,0.6918237,1.6218238,0.11182373
1.3718238,0.04182373,0.42182374,-0.8781763,-1.7581763,-4.5681763,-4.0081763,-5.378176,-4.188176,6.5118237,3.8718238,3.6818237,3.6518238,3.5318236,2.4218237,1.3118237,-0.09817627,-1.1181762,-2.5081763,-0.30817628,-1.1081762,1.3718238,1.6418238,-0.15817627,0.61182374,0.17182373,-0.94817626,-0.9781763,-0.6781763,-0.70817626,-1.1681763,-1.1081762,-1.1881763,-1.4181763,0.97182375,1.1018237,0.08182373,0.5118237,-0.51817626,-0.69817626,-0.81817627
-1.8281763,-1.1081762,-1.8281763,-2.3181763,-2.8181763,-2.4681764,-3.4481764,-3.4081762,-3.1981764,-3.8881762,2.0118237,3.4718237,4.691824,3.3118238,2.8318238,2.1518238,1.0118238,0.7118237,0.5818237,0.60182375,0.5118237,0.60182375,0.78182375,2.7718236,1.3818238,0.8918237,-0.32817626,-1.2881763,-2.3581762,-2.6681762,-1.4981762,-3.5381763,-2.9981763,-2.5081763,1.0418237,0.35182372,-1.1181762,-1.6881763,0.19182374,0.99182373,-1.7881763
-1.0781763,-1.9381763,-2.6981764,-2.5281763,-2.8781762,-3.7481763,-3.8181763,-3.6081762,-2.9281762,-2.1281762,-1.8281763,-2.0281763,2.9418237,3.6218238,3.6118238,3.6818237,1.4718237,0.6218237,2.4118237,2.8518238,1.8918238,1.9518237,1.3418237,1.5618237,3.3818238,1.9318237,2.2918236,-0.20817627,-1.9181763,-3.1881762,-1.4981762,-0.7981763,-1.9081763,-3.3581762,-1.0981762,-0.52817625,-0.49817628,0.7518237,0.21182373,0.8318237,-0.9281763
-0.36817628,-1.5681763,-2.6481762,-2.5081763,-2.7081764,-2.4081762,-2.8181763,-2.4781764,-3.1381762,-2.4881763,-2.0281763,-0.89817625,-0.10817627,-1.8481762,1.7118237,1.2918237,4.6318235,4.271824,3.8418238,3.1018238,2.7018237,2.3318238,2.9418237,2.4718237,2.0518236,3.0218236,1.5318238,1.7518238,1.4618237,-0.43817627,-0.57817626,2.0518236,2.3818238,0.11182373,-0.12817627,-1.7981763,-2.8981762,-0.8781763,0.45182374,0.031823732,-0.34817627
-0.35817626,-0.7281763,-1.7081763,-2.7781763,-3.0181763,-2.4281762,-2.0481763,-2.8881762,-2.3881762,-1.1581763,-1.7981763,-2.9381762,-3.7381763,-2.9681764,-1.8081763,-2.2581763,-1.9181763,-0.49817628,3.5018237,3.5618238,5.351824,4.3018236,4.1818237,3.8618238,3.5718238,3.5018237,2.4318237,2.0518236,2.0318236,1.8818238,1.9518237,2.6618237,2.8918238,1.9718237,0.10182373,0.0018237304,0.06182373,-2.4081762,-0.18817627,1.5018238,1.5318238
-2.2681763,-2.2081764,-2.2781763,-2.9081762,-3.1381762,-1.7681763,-2.0781763,-0.5381763,-0.8781763,0.25182372,-0.30817628,-0.22817627,-1.1981763,-1.2881763,-2.7581763,-1.3681762,-1.3581762,-2.2581763,-3.1081762,2.6218238,3.0618238,2.0318236,3.5318236,4.0318236,3.3918238,3.3018236,2.5518236,3.5718238,3.1818237,0.92182374,2.9218237,3.5118237,3.0718238,1.9818237,1.0018238,0.42182374,0.04182373,1.7118237,0.7718237,0.48182374,0.37182373
-2.5181763,-2.5881763,-1.8781762,-2.7581763,-3.4081762,-3.7681763,-2.1281762,-1.1481763,-1.0381763,-1.6681763,-0.8781763,-1.7181762,-1.2281762,-1.1581763,-1.4081763,-1.2881763,-1.5281763,-1.7781763,-0.6181763,1.1218238,1.0018238,0.6918237,2.3018236,1.8518237,2.9718237,2.4518237,3.5718238,2.8718238,3.0418236,2.6318238,3.5018237,4.641824,3.3418238,3.2918236,1.8018237,-0.08817627,0.6918237,1.7218237,1.5918237,1.6118237,0.5718237
-1.7181762,-1.6481763,-2.4081762,-1.0581763,-1.9781762,-1.7881763,-1.5581763,-0.8081763,0.7518237,-0.7281763,-0.57817626,-0.34817627,0.48182374,-1.3781762,-0.31817627,-0.33817628,0.25182372,0.16182373,0.18182373,0.9418237,1.8618237,1.5218238,1.1018237,1.4018238,1.8118237,1.0818237,1.3918238,1.4418237,2.1218238,2.1218238,3.8518238,5.5918236,4.621824,3.7618237,3.4518237,2.9318237,1.8118237,0.54182374,-0.00817627,-0.6181763,-0.35817626
-1.2181762,-1.8181763,-2.6181762,-1.7481762,-1.7081763,-1.0781763,-0.8581763,-0.6881763,-0.13817626,-0.10817627,1.1218238,-0.37817627,-0.48817626,-0.14817627,-1.2181762,-0.8581763,-0.6181763,-0.11817627,0.92182374,1.7218237,1.6318238,1.8918238,1.9318237,1.8518237,1.4618237,1.0618237,0.7118237,1.4218237,1.7818238,2.7718236,3.5218236,4.3618236,6.3418236,5.771824,3.2118237,3.2618237,1.9918237,0.8118237,0.07182373,0.40182373,-0.6681763
-1.4081763,-2.2581763,-3.8881762,-1.8481762,-1.1081762,-0.21817628,-0.31817627,0.08182373,0.10182373,0.6318237,1.5418237,1.4118237,0.73182374,0.08182373,-0.14817627,-0.28817627,0.18182373,1.1518238,1.6418238,1.3518237,1.5818237,1.9318237,2.5118237,2.5618238,2.6818237,2.2918236,2.1618237,1.2518238,1.5018238,2.4918237,3.7818236,4.831824,5.5318236,6.311824,5.6118236,4.811824,3.3818238,2.6018238,2.3418238,1.3518237,0.05182373
