wind_kz.json
{"header": {"discipline":0,"disciplineName":"Meteorological products","gribEdition":2,"gribLength":871,"center":7,"centerName":"US National Weather Service - NCEP(WMC)","subcenter":0,"refTime":"2023-08-20T12:00:00.000Z","significanceOfRT":1,"significanceOfRTName":"Start of forecast","productStatus":0,"productStatusName":"Operational products","productType":1,"productTypeName":"Forecast products","productDefinitionTemplate":0,"productDefinitionTemplateName":"Analysis/forecast at horizontal level/layer at a point in time","parameterCategory":0,"parameterCategoryName":"UnknownDiscipline_0_Category_0","parameterNumber":0,"parameterNumberName":"UnknownParameter_D0_C0_0","parameterUnit":"Unknown","genProcessType":2,"genProcessTypeName":"Forecast","forecastTime":0,"surface1Type":1,"surface1TypeName":"Ground or water surface","surface1Value":0.0,"surface2Type":255,"surface2TypeName":"Missing","surface2Value":0.0,"gridDefinitionTemplate":0,"gridDefinitionTemplateName":"Latitude_Longitude","numberPoints":615,"shape":6,"shapeName":"Earth spherical with radius of 6,371,229.0 m","gridUnits":"degrees","resolution":48,"winds":"true","scanMode":64,"nx":41,"ny":15,"basicAngle":0,"lo1":47.0,"la1":41.0,"lo2":87.0,"la2":55.0,"dx":1.0,"dy":1.0}, "data":
[rows 0 to 14 of 15, columns 0 to 40 of 41]
317.72885,300.02887,307.12885,300.32886,300.02887,299.02887,311.02887,317.12885,310.22885,317.02887,312.72885,316.42886,316.62885,316.22885,318.72885,319.62885,318.22885,319.72885,320.72885,320.62885,320.42886,313.62885,312.92886,310.02887,311.32886,313.72885,309.22885,295.12885,293.62885,291.62885,291.22885,291.02887,301.92886,311.02887,313.02887,312.32886,311.62885,311.12885,310.22885,310.52887,309.42886
283.42886,308.92886,299.92886,300.12885,300.22885,299.32886,318.92886,315.92886,306.22885,310.32886,316.12885,312.32886,313.72885,312.32886,316.62885,318.62885,321.42886,320.92886,320.62885,320.92886,318.62885,315.02887,311.92886,303.62885,293.62885,292.82886,302.22885,294.22885,296.62885,287.82886,292.52887,284.82886,293.62885,272.22885,288.62885,305.02887,304.82886,305.32886,308.92886,300.72885,287.42886
312.52887,300.22885,300.62885,300.52887,299.52887,317.62885,313.62885,316.32886,315.32886,315.52887,315.52887,314.82886,309.82886,312.72885,313.32886,318.92886,318.72885,317.52887,318.62885,317.52887,317.02887,315.32886,313.72885,307.12885,311.12885,310.22885,310.72885,310.52887,307.82886,296.52887,286.62885,287.92886,296.42886,294.82886,297.12885,295.82886,284.82886,285.82886,286.02887,285.42886,285.82886
315.92886,301.22885,300.82886,299.52887,302.12885,315.92886,318.92886,319.02887,319.02887,318.82886,319.02887,314.02887,297.02887,296.02887,315.92886,316.32886,315.12885,317.02887,317.22885,315.82886,311.62885,310.12885,313.62885,313.72885,314.02887,312.22885,312.92886,309.92886,309.22885,309.22885,309.82886,306.22885,310.02887,310.02887,308.92886,303.42886,290.22885,288.52887,290.52887,300.82886,304.32886
319.02887,301.22885,300.92886,300.62885,306.92886,316.72885,314.82886,310.22885,312.32886,312.12885,312.52887,313.32886,297.12885,295.42886,292.82886,310.72885,312.12885,313.02887,313.12885,314.42886,314.62885,316.32886,314.32886,314.22885,313.72885,314.02887,309.92886,303.42886,310.62885,308.82886,310.42886,307.52887,293.92886,284.82886,294.92886,303.92886,304.02887,309.92886,309.62885,308.52887,307.52887
320.12885,311.72885,299.92886,300.22885,301.12885,300.72885,315.92886,319.32886,316.72885,313.72885,312.02887,310.32886,299.02887,296.52887,304.82886,306.42886,309.32886,314.82886,314.42886,315.72885,316.42886,314.52887,315.22885,314.02887,313.12885,311.42886,309.82886,296.32886,310.02887,310.72885,309.22885,308.82886,307.02887,304.92886,301.22885,300.92886,295.32886,298.12885,308.32886,307.82886,306.02887
320.92886,319.62885,320.42886,321.72885,314.12885,319.12885,322.02887,320.82886,319.82886,319.52887,319.02887,318.32886,313.72885,316.32886,317.02887,318.12885,316.72885,316.42886,316.42886,314.42886,314.02887,314.52887,314.22885,313.92886,312.32886,311.92886,311.72885,312.32886,311.52887,311.12885,309.72885,310.02887,309.02887,307.82886,305.32886,302.42886,297.12885,293.42886,290.82886,289.42886,301.12885
321.02887,321.92886,321.52887,320.12885,320.22885,320.12885,320.72885,318.02887,317.22885,317.52887,319.82886,317.92886,318.02887,317.72885,318.52887,318.42886,318.12885,318.12885,316.82886,313.12885,313.52887,312.42886,312.92886,311.62885,309.62885,306.22885,305.92886,308.22885,305.42886,307.12885,306.02887,306.72885,304.42886,301.52887,300.62885,303.12885,303.52887,290.22885,301.82886,302.02887,298.52887
320.02887,316.82886,317.52887,316.22885,318.42886,318.52887,317.22885,316.22885,315.82886,314.82886,314.82886,313.62885,315.52887,318.32886,317.52887,318.72885,316.92886,316.22885,314.42886,313.42886,305.82886,308.22885,308.62885,302.72885,306.42886,305.62885,302.62885,301.42886,300.82886,297.32886,299.22885,300.82886,302.32886,301.72885,301.42886,297.92886,297.72885,296.72885,287.22885,286.22885,285.72885
316.82886,315.22885,315.82886,315.02887,313.92886,315.52887,314.32886,312.72885,313.62885,312.92886,311.22885,309.12885,309.62885,310.22885,311.82886,311.92886,313.52887,307.62885,304.52887,311.52887,308.12885,306.52887,305.72885,303.52887,308.32886,305.32886,303.92886,303.22885,293.92886,301.32886,294.72885,299.32886,304.32886,303.62885,302.92886,299.52887,295.12885,291.82886,289.12885,287.22885,285.02887
312.62885,314.22885,313.62885,313.22885,311.32886,312.02887,311.72885,310.62885,310.62885,308.72885,307.72885,311.02887,310.92886,309.32886,309.12885,308.92886,308.72885,309.42886,309.22885,306.12885,304.32886,300.02887,299.82886,301.22885,299.32886,298.52887,302.22885,302.22885,305.22885,303.42886,303.92886,303.62885,302.42886,301.92886,301.22885,298.22885,291.72885,287.72885,291.72885,286.62885,286.22885
310.92886,310.52887,311.42886,304.32886,305.12885,303.12885,305.52887,306.42886,306.42886,305.72885,305.12885,303.42886,300.62885,304.82886,298.82886,300.82886,303.02887,301.02887,304.52887,304.02887,302.22885,297.72885,294.12885,294.52887,289.22885,292.72885,294.22885,297.72885,303.22885,297.92886,300.22885,301.32886,300.72885,299.12885,296.82886,296.32886,294.52887,296.62885,295.22885,291.42886,289.82886
304.52887,308.92886,307.32886,307.42886,304.72885,303.32886,303.92886,305.22885,304.72885,303.22885,299.32886,298.02887,297.02887,294.02887,298.52887,299.12885,298.52887,296.22885,299.22885,296.22885,297.02887,295.82886,295.42886,294.02887,294.02887,294.32886,297.82886,294.72885,298.82886,298.22885,299.52887,298.02887,296.62885,296.12885,295.22885,294.42886,294.82886,296.52887,294.02887,293.22885,291.92886
305.02887,306.42886,300.32886,304.42886,303.92886,303.82886,303.42886,300.82886,302.02887,302.92886,296.62885,292.62885,294.72885,293.12885,291.12885,292.32886,293.52887,297.62885,299.42886,297.22885,298.02887,298.72885,298.82886,298.32886,297.82886,298.02887,296.52887,296.02887,295.72885,295.52887,294.72885,293.82886,293.22885,292.72885,292.82886,292.02887,292.32886,292.72885,292.72885,290.82886,288.12885
299.42886,303.22885,292.82886,300.92886,301.72885,296.92886,294.32886,294.02887,298.82886,298.42886,297.52887,295.22885,292.12885,290.62885,294.12885,296.72885,299.12885,301.02887,300.42886,298.32886,297.82886,297.72885,298.22885,297.72885,297.02887,296.12885,295.52887,295.22885,293.32886,292.72885,291.42886,287.92886,289.72885,289.12885,290.12885,291.72885,291.92886,291.12885,291.42886,291.22885,287.12885
