wind_kz.json
{"header": {"discipline":0,"disciplineName":"Meteorological products","gribEdition":2,"gribLength":1025,"center":7,"centerName":"US National Weather Service - NCEP(WMC)","subcenter":0,"refTime":"2023-08-27T06:00:00.000Z","significanceOfRT":1,"significanceOfRTName":"Start of forecast","productStatus":0,"productStatusName":"Operational products","productType":1,"productTypeName":"Forecast products","productDefinitionTemplate":0,"productDefinitionTemplateName":"Analysis/forecast at horizontal level/layer at a point in time","parameterCategory":2,"parameterCategoryName":"UnknownDiscipline_0_Category_2","parameterNumber":3,"parameterNumberName":"UnknownParameter_D0_C2_3","parameterUnit":"Unknown","genProcessType":2,"genProcessTypeName":"Forecast","forecastTime":120,"surface1Type":103,"surface1TypeName":"Specified height level above ground","surface1Value":10.0,"surface2Type":255,"surface2TypeName":"Missing","surface2Value":0.0,"gridDefinitionTemplate":0,"gridDefinitionTemplateName":"Latitude_Longitude","numberPoints":615,"shape":6,"shapeName":"Earth spherical with radius of 6,371,229.0 m","gridUnits":"degrees","resolution":48,"winds":"true","scanMode":64,"nx":41,"ny":15,"basicAngle":0,"lo1":47.0,"la1":41.0,"lo2":87.0,"la2":55.0,"dx":1.0,"dy":1.0}, "data":
[rows 0 to 14 of 15, columns 0 to 40 of 41]
1.7203498,2.0503497,-1.0696503,0.32034972,-1.6496502,-3.0996504,-0.47965026,2.5303497,2.2103498,1.2403498,-0.10965027,-0.74965024,-1.7096503,-1.7996503,0.15034974,-0.07965027,-1.1496502,-1.4996502,-4.3696504,-3.2096503,-2.9296503,-2.8596504,-3.0596502,2.2703497,1.7903497,2.6803498,0.040349733,0.77034974,-1.5996503,2.1303496,-1.5196502,-0.8196503,-2.7296503,-2.2596502,0.14034973,0.71034974,1.8703498,1.3203497,0.7403497,0.78034973,2.0103498
-1.7296503,0.84034973,0.38034973,-0.5296503,-1.0896503,-1.2796502,-1.8396503,-0.61965024,0.020349732,-0.71965027,-0.8396503,-0.37965026,-0.36965027,-0.7096503,0.77034974,1.2503498,0.07034973,-0.40965027,-2.9296503,-3.3096502,-2.8696504,-1.9796503,-1.2296503,1.0803497,5.74035,3.8403497,4.04035,3.3003497,-0.22965027,3.0603497,0.51034975,5.5903497,1.6803497,2.8203497,2.1803498,0.78034973,4.0703497,1.7803497,2.6903498,-1.4696503,-0.86965024
0.75034976,2.6703498,0.24034972,0.18034974,0.11034973,-0.21965027,-1.1896503,-2.2996502,-1.8096503,-2.5296502,-3.0496502,-3.2796502,-2.8696504,-2.8396502,-1.6796503,0.07034973,1.2703497,-0.36965027,-2.0696502,-2.7196503,-1.8596503,-1.8096503,0.7303497,1.6403497,-1.6496502,-2.4596503,-2.5696502,-2.2696502,-1.2596502,-2.3896503,1.2903497,4.12035,-1.1796503,2.1503496,-0.17965026,-0.6396503,4.0203495,2.6503496,-0.5096503,4.58035,2.8703496
1.6103498,1.5603497,0.33034974,-0.26965028,0.18034974,-1.3696502,-2.0696502,-2.6696503,-2.5396502,-3.0296502,-3.4396503,-4.0396504,-5.29965,-4.5996504,-4.0796504,-0.90965027,1.1303498,0.59034973,0.7403497,-0.46965027,-0.91965026,1.0803497,-4.16965,0.22034973,0.30034974,0.52034974,1.6203498,0.6103497,0.8603497,-1.4596503,-4.3096504,-1.7496502,1.5403497,0.9103497,0.17034973,2.3203497,3.5903497,3.2103498,-3.6996503,-3.3196502,-2.5596502
1.8103497,1.4803498,0.43034974,-0.60965025,-1.7796502,-1.4696503,-2.0496502,-1.9996502,-2.7296503,-2.7096503,-3.8596504,-4.8096504,-6.58965,-5.7896504,-4.7196503,-3.5896502,0.7403497,1.0603497,1.5603497,0.71034974,1.1903497,-0.07965027,-1.0696503,0.38034973,1.2603498,3.9303498,3.7803497,1.7703497,1.1503497,-1.2496502,-2.4596503,-2.3596504,-1.3796502,4.1303496,0.24034972,2.3203497,-0.37965026,1.0203497,0.7203497,0.69034976,-4.60965
0.65034974,0.47034973,-0.61965024,-3.0096502,-3.5396502,-4.16965,-4.3896503,-2.9396503,-3.4796503,-2.8296502,-2.9796503,-3.5596502,-4.2896504,-4.85965,-3.9396503,-3.5396502,-2.6696503,0.36034974,2.1903498,0.120349735,1.9503497,0.6203497,0.34034973,0.7403497,2.9403498,5.5903497,5.0703497,5.1103497,0.07034973,0.16034973,-1.0596503,0.11034973,0.38034973,-2.0396502,-3.2496502,-2.4896502,-3.7796502,-0.40965027,-0.21965027,0.8603497,-1.3296503
-1.6396502,-1.3596503,-2.4696503,-3.1596503,-3.3396502,-3.6596503,-4.95965,-5.18965,-5.2696505,-5.1796503,-4.7296505,-4.1196504,-3.9696503,-4.3896503,-3.6196504,-2.6296504,-1.8196503,0.36034974,0.82034975,1.6303498,2.0103498,-0.15965027,0.14034973,3.2003498,1.3703498,3.7303498,6.4203496,5.9803495,6.6903496,4.35035,2.7603498,0.75034976,0.70034975,-0.13965027,-1.0396503,0.7203497,3.2703497,1.8803498,4.91035,5.22035,-4.8896503
-0.67965025,-1.6996503,-3.2396502,-3.5696502,-3.6596503,-4.27965,-5.37965,-5.9496503,-6.7396502,-5.14965,-4.7396502,-5.0396504,-4.66965,-4.3896503,-3.4296503,-3.4596503,-2.5296502,0.14034973,0.6103497,2.6303496,1.5003498,0.5603497,2.5003498,1.4303497,2.6903498,3.8603497,6.29035,7.33035,5.7803497,5.5003495,4.7103496,3.5503497,0.33034974,2.5203497,1.5403497,1.7203498,-1.8196503,-0.7696503,-1.1696503,0.16034973,-0.009650269
-1.0596503,-1.9596503,-3.2996502,-2.7596502,-3.8196502,-5.8496504,-5.85965,-5.6196504,-4.95965,-5.5996504,-5.4896502,-4.8496504,-5.7896504,-5.4296503,-3.9896502,-3.1696503,-1.5996503,-0.06965027,-0.32965028,0.77034974,1.4003497,1.4403497,1.3803498,1.7703497,2.9403498,5.31035,6.72035,5.7303495,7.33035,6.12035,5.8603497,4.0503497,2.9503498,3.3103497,3.1303496,2.8103497,0.7303497,-3.3296502,0.6703497,0.010349732,2.3003497
-0.5196503,-1.2896503,-3.1296504,-4.04965,-5.52965,-4.79965,-6.3696504,-5.33965,-6.0996504,-5.66965,-5.91965,-6.7696505,-5.85965,-5.1196504,-4.4496503,-3.8596504,-2.2096503,-1.7796502,-0.90965027,2.0503497,3.6803498,3.9203498,3.5203497,2.6603498,3.3503497,3.7203498,8.510349,6.5103498,6.5303497,6.33035,4.7703495,3.2003498,3.7003498,3.1003497,4.4003496,3.8703496,2.5103498,1.5103498,1.0003498,-0.01965027,1.0003498
-1.0796503,-2.4796503,-3.7096503,-5.2196503,-5.3696504,-4.9796505,-6.0996504,-5.93965,-6.18965,-6.9796505,-5.83965,-4.6996503,-5.43965,-4.0396504,-4.45965,-4.3296504,-4.25965,-2.9096503,-0.21965027,1.1303498,0.59034973,1.3403497,1.3003497,1.6703497,3.0603497,7.4003496,5.12035,7.0903497,8.08035,6.56035,5.99035,3.9903498,5.2603498,3.5303497,3.7503498,5.08035,4.72035,2.4503498,6.8203497,2.6403496,-0.7596503
-2.5296502,-2.9096503,-4.7496505,-5.9096503,-5.60965,-6.1596503,-6.29965,-6.8296504,-6.89965,-6.6996503,-6.70965,-5.45965,-4.2496505,-3.9496503,-3.0696502,-2.7896502,-2.6296504,-0.46965027,-0.03965027,0.77034974,0.9303497,1.2803497,-0.42965028,0.83034974,5.41035,6.95035,5.6703496,7.24035,7.68035,6.83035,5.97035,5.7603498,5.2703495,4.62035,3.5003498,3.4003496,0.6103497,2.7403498,-3.0796502,-2.4796503,0.82034975
-1.8996502,-2.5796502,-3.9796503,-5.00965,-5.16965,-4.58965,-6.18965,-7.4496503,-7.68965,-7.0196505,-3.6996503,-4.8696504,-4.60965,-4.83965,-4.8096504,-3.7796502,-2.8196502,-2.1596503,1.6803497,0.48034972,0.45034972,1.2203498,-0.7596503,0.69034976,0.78034973,6.4203496,7.0303497,6.58035,5.54035,6.20035,6.7103496,7.1903496,5.54035,3.9503498,4.9603496,4.5203495,2.8203497,0.75034976,0.40034974,1.2503498,0.5403497
-2.4296503,-2.7396502,-4.45965,-4.4496503,-5.06965,-6.4696503,-6.56965,-7.9796505,-6.43965,-6.27965,-2.7396502,-1.3596503,-5.64965,-4.9496503,-4.64965,-3.6596503,-3.0996504,-0.46965027,-0.19965027,-1.0996503,0.9803497,2.4403498,2.3403497,0.22034973,-1.4196503,4.08035,5.5903497,6.8603497,5.3403497,5.0503497,4.64035,6.0503497,5.9203496,6.10035,5.5703497,5.60035,3.4303498,1.7803497,1.4003497,3.2003498,3.1203496
-0.7696503,-2.7996502,-4.00965,-3.8096502,-4.39965,-5.08965,-6.2196503,-7.2196503,-6.7396502,-6.5996504,-4.0996504,-4.1796503,-3.1896503,-3.7496502,-5.9296503,-5.41965,-2.3596504,0.5603497,0.44034973,-0.65965027,0.07034973,1.3403497,3.0803497,2.3703496,2.0703497,0.07034973,1.5003498,6.1503496,5.7103496,4.4203496,2.1003497,2.1303496,5.0003495,5.2103496,4.81035,4.06035,5.0103498,4.24035,4.70035,5.2803497,2.9903498
