wind_kz.json
{"header": {"discipline":0,"disciplineName":"Meteorological products","gribEdition":2,"gribLength":1025,"center":7,"centerName":"US National Weather Service - NCEP(WMC)","subcenter":0,"refTime":"2023-10-01T18:00:00.000Z","significanceOfRT":1,"significanceOfRTName":"Start of forecast","productStatus":0,"productStatusName":"Operational products","productType":1,"productTypeName":"Forecast products","productDefinitionTemplate":0,"productDefinitionTemplateName":"Analysis/forecast at horizontal level/layer at a point in time","parameterCategory":2,"parameterCategoryName":"UnknownDiscipline_0_Category_2","parameterNumber":3,"parameterNumberName":"UnknownParameter_D0_C2_3","parameterUnit":"Unknown","genProcessType":2,"genProcessTypeName":"Forecast","forecastTime":120,"surface1Type":103,"surface1TypeName":"Specified height level above ground","surface1Value":10.0,"surface2Type":255,"surface2TypeName":"Missing","surface2Value":0.0,"gridDefinitionTemplate":0,"gridDefinitionTemplateName":"Latitude_Longitude","numberPoints":615,"shape":6,"shapeName":"Earth spherical with radius of 6,371,229.0 m","gridUnits":"degrees","resolution":48,"winds":"true","scanMode":64,"nx":41,"ny":15,"basicAngle":0,"lo1":47.0,"la1":41.0,"lo2":87.0,"la2":55.0,"dx":1.0,"dy":1.0}, "data":
[rows 0 to 14 of 15, columns 0 to 40 of 41]
-1.2124121,-1.0224121,3.037588,9.307588,4.6675878,-0.4824121,-2.9024122,-1.4324121,-0.3624121,3.3575878,3.5975878,3.3875878,2.217588,-0.07241211,-0.19241211,-2.212412,-3.252412,-5.452412,-4.202412,-1.152412,1.7575879,-1.532412,-2.262412,0.28758788,-1.0524122,0.4075879,-0.9324121,1.5375879,-0.9724121,2.5675879,0.12758788,-0.46241212,0.7775879,0.7975879,0.4275879,-0.5624121,-0.4124121,-1.0124121,-0.69241214,1.2975879,1.2975879
3.3775878,0.6275879,6.737588,7.9775877,5.587588,0.8475879,-2.512412,-0.4724121,-1.3224121,1.5475879,2.187588,3.8575878,1.6475879,-1.2124121,0.23758788,-0.8424121,-2.4224122,-2.8824122,-3.722412,-2.1124122,1.7075878,2.037588,0.5675879,1.7875879,3.3275878,2.717588,-2.242412,1.9175879,0.13758789,2.007588,3.437588,3.3175879,0.7475879,-0.052412108,-3.272412,-0.3924121,-0.5324121,-1.2724121,-0.5224121,-1.4624121,-0.07241211
1.4975879,3.727588,4.837588,5.9975877,4.507588,1.4475878,0.4875879,0.7775879,-1.7724121,-0.2124121,-0.9224121,0.9075879,1.8175879,0.6075879,0.5775879,-1.4124122,-3.1424122,-2.782412,-1.0424122,-0.032412108,-0.3424121,2.507588,0.3275879,1.1975878,-0.63241214,-0.6724121,1.0275879,-1.782412,-0.23241211,2.3475878,0.4975879,-0.032412108,0.3675879,-1.4924121,-0.5224121,3.157588,2.907588,-0.08241211,-0.06241211,1.0875878,1.3175879
1.967588,4.877588,5.9575877,5.317588,2.927588,0.4975879,1.7775879,0.9575879,2.5775878,1.1275879,-0.19241211,-0.2824121,1.6375879,-0.5024121,-1.1224121,-2.4124122,-2.992412,-1.9624121,-0.7524121,3.1275878,1.5575879,2.0675879,0.15758789,2.7975879,0.44758788,0.07758789,-1.3724121,-0.5624121,-0.8624121,-2.4524121,-2.822412,0.4575879,0.8375879,2.507588,0.8775879,-4.172412,-1.0224121,2.2975879,0.13758789,0.6875879,0.06758789
3.3375878,4.537588,5.447588,5.327588,2.967588,-0.19241211,0.07758789,2.407588,1.9975879,2.3375878,1.4275879,3.457588,3.5675879,2.8475878,1.3875879,-0.63241214,-1.0124121,-2.1424122,-1.8024122,3.6275878,2.6475878,1.0075879,1.1975878,0.3875879,2.8575878,1.1775879,0.7175879,0.3375879,-1.7524121,-1.5924121,0.19758789,-0.4524121,1.4475878,1.097588,0.06758789,-2.482412,0.10758789,-1.5024121,0.28758788,-0.7424121,-2.462412
3.187588,2.287588,4.1675878,3.907588,2.6375878,1.5075879,1.0575879,1.2275879,2.967588,3.477588,2.527588,2.027588,3.5975878,1.597588,1.5775878,0.3375879,0.44758788,-0.57241213,-1.5524122,-0.012412109,3.1275878,2.3275878,4.027588,3.3675878,1.7575879,1.3775879,4.197588,2.1075878,1.6475879,0.21758789,-1.7624121,-1.4824121,-2.072412,-0.4424121,2.5775878,10.057588,3.037588,4.2275877,0.4875879,-1.5124121,-2.302412
3.3275878,1.7575879,3.977588,3.037588,1.8175879,0.86758786,2.3875878,2.717588,1.6775879,3.0675879,2.6275878,3.197588,2.937588,0.9575879,0.16758789,1.9775879,-0.3224121,0.3675879,-1.8624121,-3.302412,-1.6324121,0.08758789,4.637588,3.947588,2.5575879,1.6775879,1.467588,3.717588,2.247588,-0.12241211,-0.12241211,-1.9424121,-2.512412,0.6075879,-0.9324121,-1.1624122,-3.212412,-0.3824121,1.5075879,0.07758789,1.5075879
4.217588,4.1675878,3.787588,3.8275878,2.657588,0.24758789,-1.8224121,-2.002412,1.2975879,2.6475878,3.517588,3.227588,3.997588,1.9175879,0.6875879,3.527588,-0.012412109,-0.8724121,-1.5124121,-3.342412,-5.112412,-1.9524121,2.927588,1.1075879,1.6375879,-0.4124121,2.3375878,1.8775879,0.4075879,-1.402412,-0.7224121,-1.7124121,-0.6724121,-2.3924122,0.7875879,0.07758789,-1.3324121,0.7775879,-1.6624122,0.21758789,-1.8424121
4.877588,3.527588,3.977588,4.127588,3.8775878,3.0975878,0.80758786,-0.7324121,-1.4124122,-1.4524121,0.61758786,0.9775879,2.6275878,3.3575878,1.5375879,3.3075879,2.407588,-0.4224121,-0.88241214,-2.482412,-3.2024121,-4.222412,1.8775879,4.377588,-0.4524121,-1.9224122,-0.63241214,1.9875879,2.3475878,0.6575879,0.4075879,1.6875879,1.8175879,2.947588,2.757588,2.5575879,-2.322412,0.4875879,1.347588,0.9775879,-1.6824121
4.137588,4.147588,3.287588,3.3975878,3.477588,3.657588,2.907588,0.34758788,-0.1824121,0.98758787,-0.4224121,-1.3724121,-1.7024121,0.61758786,1.5575879,2.997588,3.677588,2.6275878,-1.4424121,-2.252412,-1.652412,-5.392412,-4.122412,-2.252412,4.087588,5.1675878,3.8675878,1.7975879,1.4175879,2.267588,2.927588,1.6975878,2.187588,3.3175879,2.1375878,0.8575879,0.5475879,-2.6924121,0.06758789,3.687588,3.197588
3.417588,4.177588,3.717588,3.1375878,3.277588,3.447588,3.177588,2.257588,1.2575879,1.0875878,2.0775878,1.717588,-0.052412108,-0.4724121,-0.12241211,2.5775878,3.1275878,2.6475878,1.9375879,-1.5624121,-0.11241211,0.6975879,-4.442412,-1.6024121,1.1175879,2.477588,1.847588,1.6675879,2.037588,2.757588,3.757588,2.8075879,2.527588,2.0675879,2.237588,1.0275879,0.7875879,2.247588,1.4575878,1.5575879,0.5175879
2.6175878,4.097588,4.467588,4.077588,3.947588,3.417588,2.237588,2.0475879,1.8975879,1.9075879,2.017588,0.5675879,0.18758789,0.3075879,-1.282412,0.2075879,4.1675878,3.3475878,2.8175879,1.9375879,0.21758789,-1.152412,-1.6924121,-2.1924121,1.8875879,2.007588,2.8575878,2.717588,3.0675879,3.737588,3.3075879,2.747588,1.9175879,1.9875879,1.4975879,0.44758788,1.3675879,2.497588,2.1175878,2.037588,0.9575879
-1.0924121,3.437588,5.0175877,4.597588,4.447588,2.467588,2.157588,1.597588,2.5875878,2.487588,2.037588,1.9375879,1.7675879,-0.43241212,-0.5324121,0.18758789,2.157588,2.657588,2.477588,1.8775879,2.717588,1.5875878,0.6975879,1.0475879,1.6875879,1.7975879,1.2875879,1.5075879,3.487588,3.777588,3.537588,3.227588,2.467588,2.737588,2.5475879,1.9075879,1.4475878,0.6275879,0.3575879,-0.14241211,0.1475879
2.217588,2.677588,-2.522412,0.9175879,6.147588,5.7075877,3.537588,1.8075879,2.417588,1.9075879,2.257588,1.5675879,1.3075879,1.5875878,1.2775879,0.8575879,0.8875879,1.6675879,2.6075878,2.5775878,2.527588,2.8375878,0.4575879,-1.3724121,1.8875879,2.3975878,2.1475878,2.457588,3.007588,3.667588,3.8375878,3.5875878,3.417588,3.227588,2.5575879,2.407588,1.597588,0.5375879,-0.08241211,0.4275879,-0.23241211
2.017588,2.957588,3.1475878,4.647588,5.087588,3.0975878,2.8875878,2.6275878,3.027588,1.967588,2.0875878,3.037588,2.537588,1.4575878,1.6875879,1.0475879,1.1075879,0.37758788,1.4975879,2.197588,2.787588,3.457588,2.8475878,0.28758788,-1.5524122,3.257588,3.507588,3.507588,3.277588,3.477588,4.397588,4.367588,3.3975878,3.287588,3.257588,3.3375878,2.487588,2.3275878,1.5875878,1.717588,0.21758789
