wind_kz.json
{"header": {"discipline":0,"disciplineName":"Meteorological products","gribEdition":2,"gribLength":1102,"center":7,"centerName":"US National Weather Service - NCEP(WMC)","subcenter":0,"refTime":"2025-04-05T18:00:00.000Z","significanceOfRT":1,"significanceOfRTName":"Start of forecast","productStatus":0,"productStatusName":"Operational products","productType":1,"productTypeName":"Forecast products","productDefinitionTemplate":0,"productDefinitionTemplateName":"Analysis/forecast at horizontal level/layer at a point in time","parameterCategory":2,"parameterCategoryName":"UnknownDiscipline_0_Category_2","parameterNumber":2,"parameterNumberName":"UnknownParameter_D0_C2_2","parameterUnit":"Unknown","genProcessType":2,"genProcessTypeName":"Forecast","forecastTime":60,"surface1Type":103,"surface1TypeName":"Specified height level above ground","surface1Value":10.0,"surface2Type":255,"surface2TypeName":"Missing","surface2Value":0.0,"gridDefinitionTemplate":0,"gridDefinitionTemplateName":"Latitude_Longitude","numberPoints":615,"shape":6,"shapeName":"Earth spherical with radius of 6,371,229.0 m","gridUnits":"degrees","resolution":48,"winds":"true","scanMode":64,"nx":41,"ny":15,"basicAngle":0,"lo1":47.0,"la1":41.0,"lo2":87.0,"la2":55.0,"dx":1.0,"dy":1.0}, "data":
[rows 0 to 14 of 15, columns 0 to 40 of 41]
3.2110114,4.2810116,9.161012,0.72101134,2.5710113,0.18101135,3.0010114,-2.5489886,-5.008989,-3.6089888,-4.9589887,-6.4289885,-7.508989,-6.7689886,-5.7489886,-4.5189886,-5.5789886,-6.4989886,-6.8989887,-7.1589885,-4.238989,-2.4989886,-0.72898865,0.31101134,-2.1989887,-1.6089886,-0.23898865,0.85101134,0.121011354,0.49101135,0.85101134,0.30101135,-0.36898863,-2.4389887,-4.6389885,-3.1489887,-1.1489886,-0.25898865,0.57101136,0.44101134,1.0310113
4.9610114,0.76101136,2.0810113,3.2010114,0.051011354,-3.1889887,0.97101134,-0.28898865,-3.8089886,-4.8989887,-5.9089885,-7.068989,-6.4989886,-6.2189884,-5.608989,-5.358989,-6.1689887,-6.4789886,-5.2889886,-4.5989885,-3.4289887,-2.8689888,-2.1389887,1.2810113,-0.42898864,-0.13898864,-0.76898867,0.5010114,0.83101135,0.54101133,0.8710114,0.57101136,0.8710114,1.4010113,-0.098988645,0.52101135,0.88101137,-1.0389886,-2.6989887,-1.6089886,-1.0589887
0.40101135,4.1110115,4.8410115,4.011011,-0.43898866,-2.2889886,-1.2089887,-1.2789886,-5.6389885,-5.4289885,-5.028989,-6.1889887,-6.1789885,-6.238989,-5.8789887,-5.258989,-5.528989,-3.9889886,-3.0789886,-2.2389886,-0.91898865,1.2110114,0.64101136,1.7510114,-0.10898865,0.77101135,0.8110114,1.1710113,0.94101137,0.24101135,0.8010113,1.6610113,-0.028988648,-0.048988648,-0.86898863,0.95101136,-0.07898865,-0.28898865,-0.34898865,4.1310115,1.2210114
3.9110115,4.5410113,4.1910114,2.7510114,0.13101135,-0.9489887,-1.7789886,-2.7789886,-4.3889885,-5.6389885,-6.3989887,-6.008989,-5.5389886,-3.9289887,-4.278989,-3.7289886,-2.1989887,-0.85898864,-0.44898865,0.30101135,0.7510114,-0.038988646,2.7310114,3.8910112,4.4010115,4.431011,5.5710115,4.8310113,8.151011,3.5210114,-5.9789886,-5.028989,-5.358989,-3.3589888,-3.1789887,-1.3489887,-0.90898865,1.6310114,-1.3589886,-2.1089888,-2.6889887
3.4810114,0.46101135,0.8110114,0.6710113,0.85101134,-4.7889886,-3.9189887,-5.8689885,-7.008989,-6.2089887,-5.6389885,-5.5789886,-3.5689886,-2.8689888,-2.8189886,-1.7389886,-0.28898865,1.0910114,2.5210114,3.1110113,4.0510116,5.241011,5.911011,7.0810113,8.081012,8.001011,8.571012,8.291012,8.171011,6.1910114,6.3710113,4.2810116,1.8610114,2.4610114,-2.6489887,-1.2389886,-1.7189887,-2.0889885,-2.5689886,-1.9889886,-1.9089886
0.42101136,-1.2189887,-2.6389887,-6.2889886,-8.318989,-8.858989,-9.118989,-9.068989,-7.4289885,-6.4389887,-5.1789885,-3.7289886,-1.7889886,-1.7889886,0.47101134,0.63101137,2.3510113,3.6710114,4.5010114,4.681011,5.701011,6.0710115,6.221011,6.6210113,8.421011,10.741011,11.041011,2.4510114,8.651011,9.081012,9.441011,9.571012,9.721011,9.211011,5.161011,1.9410113,4.8210115,-0.12898865,-1.2089887,-0.7589886,0.27101135
-2.6089888,-4.4289885,-6.4789886,-8.228989,-10.068989,-9.488989,-8.718988,-7.9089885,-6.6489887,-4.6689887,-3.8589888,-1.8889886,-0.91898865,0.111011356,2.3010113,2.6810114,3.6510115,4.9410114,5.141011,6.0010114,6.4410114,6.4010115,6.8810115,7.681011,10.041012,8.541012,12.041011,10.611011,8.281012,7.931011,9.041012,9.991012,8.841011,7.2510114,-0.8789886,-2.4289887,-1.1189886,2.6210113,0.25101134,2.2510114,-1.7589886
-0.66898865,-2.7789886,-4.4489884,-5.6489887,-6.8089886,-7.108989,-6.1889887,-5.3989887,-4.7289886,-2.8289886,-0.97898865,-0.89898866,0.9910114,2.5410113,3.2910113,4.1010113,4.7510114,5.4810114,6.1510115,7.5610113,7.4610114,8.281012,9.081012,9.631011,8.401011,10.231011,10.541011,8.961011,10.201012,6.4010115,8.771011,9.841011,7.8810115,5.3210115,5.3410115,1.7010113,-5.6589885,-7.738989,-9.688989,-9.238989,-2.7989886
-1.1189886,-1.0889887,-2.8989887,-3.5989885,-4.4389887,-4.318989,-3.6189888,-3.0889885,-2.3989887,-0.98898864,-0.25898865,1.0810113,4.221011,3.8310113,4.3710113,4.6910114,6.0310116,6.6910114,7.6310115,7.3210115,7.5910115,10.631011,11.031011,10.241011,9.081012,7.641011,7.411011,6.3310113,6.2510114,6.6010113,8.301011,8.431011,8.291012,7.2710114,3.4310114,-6.298989,-2.1889887,-1.3189887,-2.1589887,-0.80898863,0.71101135
-0.28898865,-0.17898865,-1.4789886,-2.1989887,-2.7989886,-2.5389886,-2.3789887,-1.7089887,-0.06898865,0.69101137,2.3210113,2.8610113,3.8110113,4.7910113,6.1710114,6.761011,6.451011,6.181011,4.3810115,7.3510113,8.821012,10.091011,9.221011,8.801011,7.241011,6.261011,6.4810114,6.3010116,6.3610115,5.3810115,4.1010113,8.301011,7.0410113,5.8610115,-2.6089888,-1.2889886,-4.5589886,-2.3589888,0.89101136,0.69101137,-1.6189886
-1.7489886,0.09101135,-1.0189886,-1.7289886,-0.79898864,-1.2989887,-0.96898866,0.14101136,-0.048988648,0.16101135,1.5610113,3.6110113,3.5810113,5.411011,6.511011,6.011011,5.1310115,3.6010113,1.8210113,2.0810113,1.9210113,2.6910114,2.8010113,1.5410113,1.5610113,3.2010114,4.641011,4.3710113,3.2110114,3.2010114,1.2510114,2.3710113,-1.9589887,-2.6889887,-1.8889886,-2.4089887,-1.2889886,-0.73898864,0.94101137,-0.36898863,0.32101136
-0.24898864,0.47101134,0.111011356,-1.4089886,-1.3089887,-0.28898865,-0.64898866,-0.58898866,-0.8889887,-0.65898865,1.7710114,3.4810114,3.3810112,4.1210113,5.991011,5.5910115,4.991011,3.3710113,2.1310112,4.2110114,3.4810114,1.7310114,1.0610113,-0.44898865,-0.008988648,0.51101136,1.0610113,2.4110115,2.1310112,0.33101135,0.43101135,0.30101135,-1.3189887,-2.1289887,-0.91898865,-0.058988646,-1.9989886,-1.4389887,0.041011352,-0.14898865,-1.3589886
-1.4789886,-1.0789887,0.40101135,-0.38898864,-0.9989886,-1.0389886,-0.18898864,-1.4189887,-0.86898863,-0.7589886,1.3910114,2.9610114,0.9210113,2.2910113,0.59101135,0.8110114,3.5310113,3.3110113,3.3610113,2.3410113,1.8810114,0.90101135,-0.27898866,0.35101137,0.29101136,0.09101135,-1.3789886,-3.1889887,-2.9389887,-3.3089886,-3.7489886,-4.1889887,-5.028989,-3.0489886,-2.4089887,-1.8889886,-3.4289887,-1.7789886,-1.9889886,-1.7489886,-0.98898864
-0.9989886,-3.6389887,-1.0189886,-1.6689887,-1.5889887,-0.41898865,-0.53898865,-1.8389887,-0.83898866,-0.26898864,0.66101134,1.8410114,1.8710114,-1.0289886,-1.0389886,0.34101135,-0.60898864,-0.22898865,1.3510114,1.9610114,1.0510113,0.7410114,0.26101136,-0.70898867,-1.2689886,-1.5089886,-2.3589888,-2.3589888,-2.4589887,-3.3489885,-2.6289887,-2.4789886,-4.338989,1.7810113,-1.2589886,-1.5689887,-0.22898865,0.82101136,0.031011352,1.0210114,-0.48898864
-2.0189886,-3.4389887,-0.89898866,-1.3789886,-1.3189887,-0.40898865,-0.80898863,-1.2189887,-1.7289886,-1.6389886,-0.14898865,0.051011354,0.63101137,1.0610113,-0.65898865,1.0310113,0.15101135,0.21101135,-0.73898864,-0.33898866,1.1310114,0.27101135,0.09101135,-0.098988645,-1.2089887,-2.0789886,-2.9389887,-2.8589888,-3.2289886,-2.8489885,-3.0089886,-2.0389886,-2.0689886,-2.0989885,-1.5989887,-0.92898864,0.121011354,1.0010114,-0.9389886,-0.6289886,0.051011354
