wind_kz.json
{"header": {"discipline":0,"disciplineName":"Meteorological products","gribEdition":2,"gribLength":1025,"center":7,"centerName":"US National Weather Service - NCEP(WMC)","subcenter":0,"refTime":"2023-08-20T12:00:00.000Z","significanceOfRT":1,"significanceOfRTName":"Start of forecast","productStatus":0,"productStatusName":"Operational products","productType":1,"productTypeName":"Forecast products","productDefinitionTemplate":0,"productDefinitionTemplateName":"Analysis/forecast at horizontal level/layer at a point in time","parameterCategory":2,"parameterCategoryName":"UnknownDiscipline_0_Category_2","parameterNumber":2,"parameterNumberName":"UnknownParameter_D0_C2_2","parameterUnit":"Unknown","genProcessType":2,"genProcessTypeName":"Forecast","forecastTime":60,"surface1Type":103,"surface1TypeName":"Specified height level above ground","surface1Value":10.0,"surface2Type":255,"surface2TypeName":"Missing","surface2Value":0.0,"gridDefinitionTemplate":0,"gridDefinitionTemplateName":"Latitude_Longitude","numberPoints":615,"shape":6,"shapeName":"Earth spherical with radius of 6,371,229.0 m","gridUnits":"degrees","resolution":48,"winds":"true","scanMode":64,"nx":41,"ny":15,"basicAngle":0,"lo1":47.0,"la1":41.0,"lo2":87.0,"la2":55.0,"dx":1.0,"dy":1.0}, "data":
[rows 0 to 14 of 15, columns 0 to 40 of 41]
-1.054192,-2.124192,2.9058082,4.075808,1.1458081,0.4958081,2.7258081,2.7258081,-1.0441918,0.8458081,1.7158082,-1.1041919,-1.2341919,-0.14419189,-0.5241919,-1.0741919,-1.804192,-0.6241919,-2.414192,-1.684192,-1.7141919,0.8658081,-1.434192,-1.0441918,0.9558081,-2.5741918,-3.204192,-0.40419188,0.07580811,0.25580812,0.6358081,0.67580813,0.055808105,-0.1341919,-1.5141919,0.2758081,-0.6641919,-4.104192,-4.304192,-1.5341918,-5.6441917
1.1158081,3.2158082,2.815808,-0.6241919,-0.1541919,1.3658081,1.9358081,0.4658081,2.075808,2.2158082,-1.0941919,-2.2941918,-1.4841919,0.7858081,1.0358081,1.325808,-2.494192,-2.914192,-1.674192,-2.5241919,-0.9241919,-0.9341919,-1.0741919,-2.894192,0.5458081,1.2558081,-0.8341919,-0.6541919,-2.864192,-0.9841919,0.2658081,-0.3141919,0.0658081,-0.9641919,0.5958081,-0.054191895,0.16580811,-1.3341919,0.2958081,1.3558081,-3.5541918
2.6658082,3.835808,2.615808,0.4258081,0.5658081,1.9958081,2.355808,3.025808,2.875808,-1.5141919,1.4658082,-0.9841919,0.085808106,-2.404192,-1.4841919,-1.6541919,-1.6241919,-1.7341919,-1.5141919,-1.3941919,-0.054191895,-1.6641918,-3.124192,-0.6241919,0.6358081,1.3558081,1.9358081,-0.014191895,-2.904192,-0.5341919,-0.9041919,2.4458082,0.11580811,-0.7541919,0.2658081,-0.3041919,-0.2741919,-0.1141919,2.835808,2.005808,0.7758081
4.485808,5.535808,3.4458082,2.4958081,1.9858081,1.8058081,2.1458082,1.9758081,-0.7141919,1.2658081,-1.3841919,-0.7341919,1.5358081,-2.5941918,-1.7841918,0.5158081,0.5658081,-0.7541919,1.3758081,0.9158081,0.5558081,-0.6241919,3.4458082,2.615808,-0.4441919,-1.3341919,2.885808,0.8158081,-0.5841919,0.5858081,-0.6641919,-1.1441919,0.4058081,-3.654192,-3.144192,-2.3241918,-0.3441919,2.045808,0.07580811,1.1658081,0.3058081
-0.2541919,3.2158082,5.215808,5.645808,4.345808,3.045808,3.505808,2.045808,-2.7841918,-2.0241919,1.0858082,1.315808,1.1758081,-0.8941919,-0.5641919,2.315808,2.355808,2.845808,2.115808,2.805808,3.055808,2.585808,2.595808,1.9758081,2.105808,-2.474192,-4.334192,-1.9541919,-2.984192,-3.144192,-3.7941918,-3.234192,-2.464192,1.3758081,3.365808,1.1558081,-0.40419188,-1.5241919,-0.7741919,-3.5841918,-2.444192
2.9558082,2.325808,4.3558083,7.205808,6.7958083,6.8158083,3.005808,2.9958081,0.9558081,-0.2341919,1.1458081,1.945808,1.4858081,2.6758082,0.4558081,3.9858081,2.255808,1.8858081,2.595808,2.505808,2.6758082,2.115808,1.1458081,1.6758081,0.8958081,-0.6941919,-1.9741919,-2.8341918,-3.114192,-3.0641918,-3.934192,-4.514192,-3.174192,-1.2841918,0.6058081,-1.3841919,1.3358082,1.695808,1.5158081,-3.414192,-4.564192
2.1558082,3.035808,3.4258082,4.2958083,5.865808,5.805808,3.775808,4.415808,3.1658082,3.1958082,2.525808,0.0058081057,-0.124191895,0.9358081,2.125808,4.325808,3.2358081,2.8958082,2.4258082,2.815808,2.7058082,1.2258081,1.5158081,-1.934192,-1.6641918,-0.6641919,-2.8541918,-3.2741919,-3.5041919,-3.884192,-5.3741918,-4.054192,-0.2441919,-3.5741918,-0.51419187,-1.1041919,-0.8941919,2.095808,-1.4541919,0.8858081,3.555808
2.4658082,2.845808,3.9558082,3.9858081,4.725808,6.615808,5.285808,2.9958081,3.505808,1.7758081,2.2058082,2.355808,2.6658082,3.1858082,3.1658082,3.545808,1.7558081,3.065808,1.945808,2.025808,3.015808,1.1658081,-0.6841919,1.315808,-1.184192,-1.174192,-0.8941919,-0.9941919,-1.6641918,-1.0341918,-1.7441919,-0.4141919,0.8658081,-1.0741919,0.4058081,0.5958081,2.9958081,4.965808,3.575808,1.7458081,0.015808105
3.105808,2.775808,3.2058082,3.825808,4.735808,4.635808,4.1058083,4.3358083,3.4458082,3.625808,2.765808,1.6658081,4.515808,3.505808,3.625808,2.105808,3.615808,1.9158081,0.5558081,1.1558081,-0.8141919,-1.5741919,-1.6641918,0.28580812,-0.3841919,-0.51419187,-0.4441919,-0.6041919,0.19580811,0.34580812,1.4158081,0.9658081,0.5258081,0.8058081,2.565808,0.5058081,0.28580812,-1.2841918,0.21580811,0.67580813,-0.7441919
0.6558081,1.8758081,2.135808,2.9558082,3.885808,4.745808,4.905808,4.755808,5.325808,4.475808,3.9358082,2.845808,1.8358082,2.305808,3.025808,2.9558082,3.565808,2.085808,-1.424192,-2.0741918,-2.114192,-2.3141918,-2.5841918,-2.864192,-2.7541919,-1.5041919,0.3358081,1.065808,1.8358082,2.6558082,1.4658082,1.4258081,2.365808,1.4958081,0.6658081,-0.3241919,-1.1141919,-0.10419189,-1.5241919,-0.1841919,-0.4541919
1.2458081,1.2858081,1.4358081,1.6658081,1.9858081,2.265808,1.3458081,0.67580813,-0.7741919,-1.9841919,-0.22419189,1.9858081,1.695808,3.4158082,3.6558082,4.445808,3.6558082,0.4658081,-1.304192,-0.8441919,-1.3341919,-1.3741919,-2.244192,-2.144192,-1.7541919,-1.6241919,-0.7241919,0.6958081,3.4258082,3.2458081,1.0558081,1.4158081,-0.5541919,-1.5741919,-0.2141919,-1.1241919,-1.1241919,-0.10419189,-0.7941919,0.7958081,-1.1041919
0.28580812,0.6058081,0.9658081,0.5458081,0.5458081,0.0658081,1.6258081,1.8458081,0.8958081,-0.49419188,-1.2041919,-0.024191894,3.555808,2.6458082,2.855808,2.9858081,3.2458081,0.3658081,-0.5041919,-0.2641919,-2.0041919,-1.434192,-2.474192,-2.114192,-1.7641919,-1.7641919,-1.5441918,-0.7241919,1.3458081,1.3758081,0.2258081,1.4558082,0.085808106,-2.394192,-1.4941919,-1.8341919,-1.4141918,-0.5841919,0.015808105,-0.5241919,-0.6941919
1.695808,1.1358081,1.2358081,0.9658081,-0.3541919,-0.084191896,-1.1341919,-1.6041919,-1.7441919,0.6658081,0.5858081,2.6558082,1.8058081,3.505808,2.805808,3.4258082,3.765808,2.385808,0.025808105,-0.5241919,-1.2541919,-1.304192,-0.8941919,-1.2841918,0.1858081,1.1558081,0.7558081,-1.2941918,-0.5341919,1.9758081,3.075808,1.9658082,-0.4141919,-2.224192,-1.7041919,-2.384192,-2.434192,-1.674192,-2.664192,-1.3841919,-0.8341919
0.6858081,-0.044191893,0.1258081,0.5258081,0.34580812,-0.2441919,-0.82419187,-1.174192,0.3858081,0.5058081,-0.1841919,-0.7041919,-1.3341919,-0.6041919,0.1258081,1.5358081,1.2458081,0.4658081,-1.4941919,-2.8141918,-2.644192,-1.7541919,-0.8441919,0.3858081,1.8458081,0.5258081,-0.9041919,-1.3941919,-1.174192,-0.3441919,-0.14419189,-1.5941919,-1.8741919,-1.4941919,-1.8141919,-1.8741919,-1.804192,-1.8941919,-1.3441919,-0.9541919,-0.9141919
-0.5041919,-0.094191894,-0.9741919,-0.7341919,0.0958081,0.1458081,0.8158081,0.4058081,0.9958081,0.16580811,-0.3841919,-0.6341919,-0.2541919,-0.1641919,-0.1141919,-1.7541919,-1.7441919,-0.06419189,-0.22419189,-2.734192,-2.0741918,-2.0141919,-1.7041919,-1.5941919,-1.3641919,-1.2041919,-1.4041919,-0.2841919,-2.654192,-1.6641918,-1.8841919,-2.154192,-2.654192,-0.51419187,-1.5341918,-0.3341919,-0.8041919,-0.3541919,-1.3741919,-1.7141919,-1.0941919
