wind_kz.json
{"header": {"discipline":0,"disciplineName":"Meteorological products","gribEdition":2,"gribLength":871,"center":7,"centerName":"US National Weather Service - NCEP(WMC)","subcenter":0,"refTime":"2023-09-07T00:00:00.000Z","significanceOfRT":1,"significanceOfRTName":"Start of forecast","productStatus":0,"productStatusName":"Operational products","productType":1,"productTypeName":"Forecast products","productDefinitionTemplate":0,"productDefinitionTemplateName":"Analysis/forecast at horizontal level/layer at a point in time","parameterCategory":0,"parameterCategoryName":"UnknownDiscipline_0_Category_0","parameterNumber":0,"parameterNumberName":"UnknownParameter_D0_C0_0","parameterUnit":"Unknown","genProcessType":2,"genProcessTypeName":"Forecast","forecastTime":300,"surface1Type":1,"surface1TypeName":"Ground or water surface","surface1Value":0.0,"surface2Type":255,"surface2TypeName":"Missing","surface2Value":0.0,"gridDefinitionTemplate":0,"gridDefinitionTemplateName":"Latitude_Longitude","numberPoints":615,"shape":6,"shapeName":"Earth spherical with radius of 6,371,229.0 m","gridUnits":"degrees","resolution":48,"winds":"true","scanMode":64,"nx":41,"ny":15,"basicAngle":0,"lo1":47.0,"la1":41.0,"lo2":87.0,"la2":55.0,"dx":1.0,"dy":1.0}, "data":
[rows 0 to 14 of 15, columns 0 to 40 of 41]
299.18817,283.38818,290.28818,296.88818,297.18817,295.9882,303.5882,305.0882,304.78818,306.18817,303.78818,304.4882,304.68817,304.4882,304.18817,303.38818,303.4882,303.38818,304.88818,304.4882,305.9882,302.18817,301.5882,297.0882,300.78818,303.78818,298.88818,284.88818,283.4882,282.9882,281.78818,283.88818,294.78818,300.28818,299.28818,298.28818,298.0882,297.38818,297.78818,297.18817,297.38818
277.68817,291.5882,296.18817,296.38818,296.38818,294.88818,309.9882,307.78818,306.0882,306.0882,306.4882,304.68817,304.9882,303.18817,302.5882,302.9882,303.28818,304.18817,303.28818,304.38818,305.38818,302.5882,299.88818,290.68817,282.88818,281.88818,290.68817,284.0882,286.78818,278.4882,280.28818,274.28818,282.9882,259.88818,278.38818,296.38818,294.4882,296.28818,298.78818,291.4882,284.9882
297.4882,295.78818,296.4882,296.28818,294.78818,306.78818,305.88818,306.0882,304.88818,303.78818,303.5882,304.18817,302.18817,301.4882,301.78818,302.4882,301.68817,301.38818,302.0882,302.78818,303.68817,301.38818,300.5882,294.4882,298.5882,297.18817,298.9882,298.38818,295.68817,285.5882,274.68817,276.28818,285.78818,284.78818,285.68817,284.88818,275.38818,278.38818,278.0882,274.88818,275.78818
300.28818,295.28818,296.38818,295.78818,297.28818,302.4882,303.28818,303.0882,304.0882,304.18817,303.9882,303.38818,293.4882,292.5882,300.78818,302.0882,301.4882,301.4882,301.5882,301.5882,300.38818,296.4882,299.68817,299.88818,299.9882,300.18817,300.78818,297.78818,296.9882,297.9882,299.28818,294.88818,299.18817,297.68817,294.9882,289.4882,277.28818,272.5882,279.28818,287.18817,291.28818
303.68817,294.0882,294.88818,294.28818,298.0882,304.0882,304.4882,303.4882,302.78818,303.68817,303.9882,302.78818,292.38818,291.18817,289.5882,300.38818,301.4882,300.9882,300.18817,300.18817,300.18817,300.18817,299.28818,299.5882,299.68817,299.78818,298.0882,296.9882,299.28818,298.9882,300.68817,296.9882,282.68817,272.78818,284.68817,292.9882,294.38818,294.9882,292.88818,293.88818,293.88818
304.38818,301.28818,293.18817,293.9882,293.28818,292.4882,303.0882,305.5882,301.38818,301.38818,302.28818,301.68817,292.9882,292.28818,295.4882,298.28818,299.78818,299.18817,298.78818,300.9882,298.9882,298.9882,298.88818,298.4882,298.88818,297.4882,298.88818,290.5882,299.78818,299.9882,298.28818,298.9882,296.28818,295.0882,292.88818,294.28818,284.88818,286.88818,293.68817,293.0882,292.28818
307.28818,307.0882,307.4882,307.5882,302.38818,303.5882,304.88818,302.5882,302.5882,301.9882,299.28818,299.18817,298.5882,297.18817,297.38818,297.88818,297.9882,297.78818,294.9882,294.0882,295.5882,296.78818,297.78818,297.88818,295.68817,296.28818,295.9882,296.9882,297.0882,296.9882,297.18817,296.68817,296.4882,296.68817,293.9882,291.78818,286.0882,282.78818,279.68817,278.18817,287.5882
306.28818,305.78818,305.5882,305.18817,305.0882,303.0882,303.38818,300.88818,298.0882,298.28818,298.28818,296.9882,296.38818,296.18817,296.68817,296.68817,292.9882,293.68817,293.0882,290.78818,289.38818,289.68817,291.9882,293.0882,293.88818,290.28818,289.5882,292.4882,291.4882,294.88818,293.68817,294.18817,292.28818,290.5882,289.38818,291.18817,292.38818,288.5882,290.4882,291.28818,289.88818
305.38818,304.5882,303.88818,303.5882,302.28818,302.28818,301.68817,300.18817,297.68817,296.68817,296.5882,295.5882,294.4882,294.88818,294.68817,296.18817,292.4882,291.78818,291.18817,290.4882,290.28818,289.4882,289.78818,288.9882,289.88818,291.5882,289.38818,288.5882,288.0882,286.18817,286.88818,288.4882,289.4882,290.0882,289.68817,287.0882,287.38818,285.9882,275.88818,274.88818,275.0882
304.9882,303.78818,303.28818,302.9882,301.78818,301.0882,300.38818,298.38818,297.18817,295.78818,294.4882,293.4882,293.68817,293.38818,292.78818,289.4882,291.38818,290.9882,290.38818,289.78818,288.5882,287.68817,287.88818,287.18817,288.18817,286.78818,290.0882,289.9882,289.28818,288.78818,288.88818,290.78818,291.0882,289.68817,289.68817,287.5882,285.28818,279.9882,276.38818,274.9882,274.0882
302.88818,302.68817,301.68817,300.88818,300.38818,299.18817,298.18817,297.4882,295.28818,294.88818,294.0882,292.88818,292.88818,290.68817,289.9882,288.38818,288.28818,288.4882,289.68817,286.38818,287.38818,287.78818,286.5882,286.68817,287.68817,287.28818,286.5882,289.4882,291.18817,292.78818,292.9882,291.5882,290.78818,288.78818,289.28818,286.78818,281.4882,278.5882,279.88818,279.88818,277.28818
301.4882,300.78818,302.4882,301.0882,299.18817,297.4882,295.4882,294.9882,294.28818,293.38818,291.68817,291.38818,290.4882,288.0882,287.28818,287.68817,287.38818,287.78818,287.5882,287.0882,284.88818,284.78818,283.9882,282.68817,283.68817,285.68817,288.28818,291.68817,291.9882,292.4882,290.88818,290.5882,289.28818,288.78818,288.68817,289.28818,288.78818,287.38818,284.18817,284.38818,283.78818
299.0882,300.18817,300.38818,298.18817,296.68817,294.9882,294.9882,294.9882,292.9882,290.18817,287.18817,286.78818,288.28818,286.9882,286.88818,286.5882,286.18817,285.68817,286.4882,285.4882,285.28818,282.38818,281.18817,280.38818,282.18817,285.88818,289.68817,290.5882,290.4882,290.38818,290.9882,290.0882,289.18817,288.5882,288.68817,288.88818,286.5882,287.28818,287.4882,284.38818,283.9882
300.28818,300.4882,293.18817,298.28818,297.18817,295.28818,294.0882,291.5882,291.18817,288.9882,285.78818,284.88818,286.18817,286.68817,286.5882,285.0882,284.38818,284.0882,283.68817,283.0882,284.0882,282.88818,282.5882,281.78818,283.28818,286.0882,287.4882,289.4882,288.5882,289.38818,288.9882,288.9882,288.38818,287.4882,287.38818,286.78818,286.5882,287.5882,285.4882,283.38818,283.9882
296.88818,298.68817,289.28818,296.68817,296.78818,295.0882,293.28818,290.68817,291.28818,289.4882,288.28818,286.38818,284.68817,285.9882,285.68817,285.78818,283.68817,282.68817,283.18817,282.78818,283.4882,282.5882,282.68817,280.9882,281.88818,284.28818,286.78818,286.38818,288.38818,287.88818,287.78818,286.0882,287.4882,287.5882,286.18817,286.5882,286.68817,286.4882,286.9882,285.38818,284.78818
