wind_kz.json
{"header": {"discipline":0,"disciplineName":"Meteorological products","gribEdition":2,"gribLength":871,"center":7,"centerName":"US National Weather Service - NCEP(WMC)","subcenter":0,"refTime":"2023-09-22T12:00:00.000Z","significanceOfRT":1,"significanceOfRTName":"Start of forecast","productStatus":0,"productStatusName":"Operational products","productType":1,"productTypeName":"Forecast products","productDefinitionTemplate":0,"productDefinitionTemplateName":"Analysis/forecast at horizontal level/layer at a point in time","parameterCategory":0,"parameterCategoryName":"UnknownDiscipline_0_Category_0","parameterNumber":0,"parameterNumberName":"UnknownParameter_D0_C0_0","parameterUnit":"Unknown","genProcessType":2,"genProcessTypeName":"Forecast","forecastTime":180,"surface1Type":1,"surface1TypeName":"Ground or water surface","surface1Value":0.0,"surface2Type":255,"surface2TypeName":"Missing","surface2Value":0.0,"gridDefinitionTemplate":0,"gridDefinitionTemplateName":"Latitude_Longitude","numberPoints":615,"shape":6,"shapeName":"Earth spherical with radius of 6,371,229.0 m","gridUnits":"degrees","resolution":48,"winds":"true","scanMode":64,"nx":41,"ny":15,"basicAngle":0,"lo1":47.0,"la1":41.0,"lo2":87.0,"la2":55.0,"dx":1.0,"dy":1.0}, "data":
[rows 0 to 14 of 15, columns 0 to 40 of 41]
286.2683,278.6683,285.0683,293.6683,293.96832,293.2683,291.86832,291.5683,288.6683,287.1683,286.86832,287.86832,287.96832,288.0683,287.86832,286.2683,287.0683,287.6683,288.2683,287.36832,287.5683,285.96832,285.36832,283.46832,284.6683,286.6683,285.0683,273.0683,272.6683,272.86832,271.7683,273.46832,280.96832,287.0683,288.36832,288.7683,288.86832,287.2683,286.0683,286.86832,286.46832
271.5683,284.96832,293.0683,293.36832,293.36832,292.0683,290.36832,289.7683,287.7683,287.36832,287.46832,287.0683,286.5683,286.1683,286.46832,286.2683,285.5683,284.96832,285.46832,285.36832,288.5683,287.46832,283.7683,278.5683,268.86832,274.1683,279.1683,272.46832,274.6683,270.7683,274.7683,267.36832,274.7683,253.9683,270.86832,285.1683,283.36832,285.96832,287.86832,281.5683,283.6683
285.96832,292.5683,293.2683,293.1683,291.2683,289.86832,289.7683,288.96832,287.2683,286.86832,289.46832,289.5683,285.7683,289.6683,287.0683,284.5683,283.5683,282.46832,283.2683,284.7683,287.2683,284.96832,287.7683,280.86832,283.46832,282.7683,285.7683,285.1683,284.0683,275.86832,269.2683,271.86832,275.6683,276.1683,278.5683,277.5683,269.6683,274.2683,276.5683,271.1683,268.7683
290.46832,292.1683,293.36832,292.36832,291.0683,288.96832,290.5683,289.2683,288.7683,288.6683,288.46832,289.5683,291.0683,290.5683,286.5683,285.46832,285.36832,283.5683,284.0683,284.0683,285.2683,280.1683,285.46832,285.7683,286.7683,287.1683,287.7683,284.96832,284.1683,285.46832,286.0683,283.7683,287.0683,285.6683,287.1683,282.0683,270.46832,263.7683,275.1683,281.5683,284.6683
290.46832,291.7683,292.2683,291.2683,291.0683,290.1683,291.0683,290.1683,289.86832,289.2683,288.5683,287.2683,289.86832,288.86832,287.36832,285.46832,284.86832,284.7683,283.1683,285.0683,284.7683,284.7683,283.5683,284.0683,285.0683,286.86832,284.96832,286.5683,285.6683,286.2683,288.36832,286.0683,275.1683,266.36832,277.0683,284.96832,289.1683,288.1683,288.36832,287.96832,288.2683
289.1683,287.86832,290.7683,291.0683,291.1683,291.0683,289.96832,290.36832,288.46832,288.2683,288.5683,288.1683,289.2683,289.6683,287.46832,285.0683,285.86832,284.96832,286.2683,285.96832,283.6683,284.36832,285.96832,283.36832,282.6683,282.5683,284.2683,287.46832,286.7683,288.6683,287.46832,287.36832,286.0683,284.46832,283.5683,286.96832,279.36832,281.46832,287.6683,286.86832,285.86832
287.7683,287.5683,289.86832,289.5683,288.96832,287.86832,288.7683,288.46832,288.86832,288.86832,286.96832,286.46832,285.86832,285.2683,284.7683,285.6683,285.2683,285.46832,285.0683,285.7683,285.36832,283.2683,285.86832,284.7683,281.96832,283.6683,286.1683,285.36832,285.2683,286.6683,286.5683,286.6683,287.2683,286.36832,285.0683,284.0683,279.0683,276.2683,273.5683,274.1683,284.0683
287.7683,287.36832,288.2683,288.6683,288.7683,288.5683,288.0683,286.96832,285.96832,286.1683,285.1683,284.7683,284.0683,284.86832,284.7683,287.46832,285.5683,285.0683,284.2683,282.7683,282.36832,282.0683,282.2683,284.36832,283.96832,280.96832,281.1683,282.36832,281.1683,283.46832,282.7683,284.0683,283.7683,280.0683,280.7683,280.86832,281.5683,286.6683,280.6683,282.36832,279.7683
286.6683,286.1683,286.5683,286.0683,287.0683,287.0683,285.86832,285.96832,285.1683,283.86832,283.0683,282.96832,282.36832,283.5683,283.2683,284.2683,284.7683,285.2683,283.0683,282.36832,280.5683,280.2683,280.5683,280.5683,282.0683,282.7683,281.6683,280.6683,281.7683,278.6683,279.2683,280.1683,281.46832,282.86832,282.36832,281.46832,282.0683,279.46832,271.5683,274.0683,272.96832
285.46832,285.96832,285.5683,285.0683,284.96832,285.36832,285.0683,284.5683,284.2683,282.7683,281.1683,280.86832,281.7683,281.96832,282.46832,282.96832,283.2683,282.86832,283.0683,284.36832,280.86832,279.96832,280.46832,279.96832,279.5683,280.6683,281.6683,281.36832,280.5683,280.36832,281.0683,282.46832,283.5683,283.36832,283.6683,282.96832,279.86832,275.5683,270.86832,271.7683,268.2683
284.5683,284.2683,284.86832,283.86832,283.96832,284.2683,283.86832,282.46832,282.6683,281.86832,282.1683,281.5683,281.5683,280.6683,281.1683,281.7683,281.7683,282.0683,283.6683,281.46832,280.96832,279.86832,279.46832,278.7683,278.36832,278.0683,277.1683,279.1683,281.96832,282.36832,283.5683,284.6683,280.5683,281.0683,280.86832,281.86832,279.86832,275.1683,278.2683,275.6683,273.36832
282.7683,283.7683,284.0683,283.86832,283.46832,282.7683,281.86832,281.5683,281.5683,281.36832,279.7683,280.7683,281.6683,280.86832,280.86832,280.36832,280.1683,281.1683,285.36832,281.0683,279.46832,278.1683,277.96832,277.6683,277.6683,281.36832,277.36832,278.1683,278.1683,279.2683,282.36832,283.36832,283.2683,278.6683,278.7683,278.2683,278.96832,278.96832,279.36832,280.6683,278.86832
283.46832,282.96832,283.5683,283.0683,283.96832,283.46832,281.86832,281.36832,279.96832,280.0683,279.0683,277.2683,280.46832,280.0683,280.7683,280.7683,280.86832,280.1683,281.46832,282.7683,278.7683,276.86832,276.0683,275.2683,277.36832,281.36832,281.86832,280.96832,279.6683,281.5683,281.6683,282.0683,282.0683,278.86832,278.0683,277.96832,276.5683,277.0683,276.2683,275.96832,275.96832
282.5683,283.46832,284.7683,284.2683,282.96832,282.36832,282.1683,282.1683,281.86832,281.1683,279.86832,276.86832,277.46832,279.5683,280.2683,280.6683,280.6683,280.1683,280.36832,280.1683,279.46832,279.2683,278.96832,279.2683,278.86832,278.2683,278.1683,281.2683,280.6683,280.5683,280.6683,279.86832,279.1683,274.86832,274.36832,273.1683,273.2683,272.6683,272.46832,271.96832,272.86832
283.5683,284.36832,286.0683,284.1683,283.96832,282.6683,283.6683,282.46832,282.46832,280.6683,279.7683,278.0683,278.96832,278.0683,280.1683,280.6683,280.2683,279.86832,279.96832,279.7683,279.5683,280.0683,281.7683,279.36832,278.2683,276.6683,276.1683,278.1683,275.5683,279.7683,280.2683,280.6683,273.6683,272.2683,271.96832,272.0683,271.46832,270.0683,270.1683,270.6683,271.36832
