wind_kz.json
{"header": {"discipline":0,"disciplineName":"Meteorological products","gribEdition":2,"gribLength":1025,"center":7,"centerName":"US National Weather Service - NCEP(WMC)","subcenter":0,"refTime":"2023-09-23T06:00:00.000Z","significanceOfRT":1,"significanceOfRTName":"Start of forecast","productStatus":0,"productStatusName":"Operational products","productType":1,"productTypeName":"Forecast products","productDefinitionTemplate":0,"productDefinitionTemplateName":"Analysis/forecast at horizontal level/layer at a point in time","parameterCategory":2,"parameterCategoryName":"UnknownDiscipline_0_Category_2","parameterNumber":2,"parameterNumberName":"UnknownParameter_D0_C2_2","parameterUnit":"Unknown","genProcessType":2,"genProcessTypeName":"Forecast","forecastTime":120,"surface1Type":103,"surface1TypeName":"Specified height level above ground","surface1Value":10.0,"surface2Type":255,"surface2TypeName":"Missing","surface2Value":0.0,"gridDefinitionTemplate":0,"gridDefinitionTemplateName":"Latitude_Longitude","numberPoints":615,"shape":6,"shapeName":"Earth spherical with radius of 6,371,229.0 m","gridUnits":"degrees","resolution":48,"winds":"true","scanMode":64,"nx":41,"ny":15,"basicAngle":0,"lo1":47.0,"la1":41.0,"lo2":87.0,"la2":55.0,"dx":1.0,"dy":1.0}, "data":
[rows 0 to 14 of 15, columns 0 to 40 of 41]
0.4027417,1.5527416,-1.4872583,-1.7372583,-3.4172583,-5.0272584,-3.1272583,-3.0472584,-2.3172584,-0.3772583,-0.9072583,-0.6472583,-0.5072583,-0.0072583007,0.2027417,1.3127418,0.3527417,1.1027417,0.7127417,2.0927417,4.542742,3.8927417,2.3727417,2.9827416,-1.3172584,3.8227417,2.0727417,3.5027418,-0.1072583,-0.1772583,-2.2172582,1.5927417,-0.2372583,-1.6972584,-2.5272584,-2.0672584,-2.6672583,-1.7172583,-1.5572582,-2.2972584,-2.8372583
0.3427417,-2.6872582,-0.6172583,-2.3072584,-3.9372582,-3.0972583,-2.3972583,-1.0972583,-0.48725832,1.1727417,1.8127418,0.3927417,-0.2172583,-0.4672583,0.0627417,0.3427417,0.6927417,1.1427417,2.8627417,3.0627418,5.272742,6.5527415,4.3127418,4.1427417,1.5527416,-0.0072583007,-1.3672583,0.6327417,3.2427416,1.9227417,0.6527417,-0.2072583,-1.5672584,-0.017258301,0.2727417,0.3827417,0.2427417,-0.8472583,-1.1872582,-1.2772583,-0.4972583
-4.5272584,-4.2172585,-6.2572584,-5.6872582,-4.3972583,-3.1972582,-2.7572584,-1.9772583,0.2127417,0.012741699,0.8027417,2.5027418,2.9027417,0.7827417,0.19274169,0.3527417,0.6227417,2.1427417,2.6327417,2.7427416,2.1327417,0.4927417,2.2927418,4.8727417,2.7127416,1.3627417,-0.6572583,-0.6772583,3.5827417,0.5927417,1.3727417,-2.5572584,-0.3872583,-0.8772583,-1.3172584,0.9627417,-0.6672583,-0.017258301,-0.5172583,3.9727416,1.4527417
-7.477258,-6.307258,-6.287258,-5.577258,-4.227258,-2.7672584,-0.0972583,0.9527417,2.7427416,3.3227417,3.0627418,2.5127418,2.1027417,2.4827416,2.1327417,-0.1472583,0.6227417,1.7627417,1.8627417,1.8227417,1.5827417,-0.1872583,1.0927417,1.5527416,0.5727417,-0.017258301,0.7827417,0.3527417,-1.6172583,0.4327417,0.6827417,0.2327417,-1.6472583,-0.0072583007,-1.8372583,-1.4772583,-1.4572583,1.1027417,-2.1072583,-1.3072582,-3.0872583
-8.217258,-6.6572585,-5.1472583,-3.8672583,-2.0572584,0.0827417,0.9327417,0.1127417,0.8427417,1.0827417,2.1327417,3.0427418,-1.4072583,-3.2972584,-2.1272583,-0.8272583,0.8827417,1.8927417,1.3227417,1.3627417,-0.4572583,-0.7472583,-1.5372583,-2.4272583,-4.1072583,-3.5972583,-4.3572583,-3.3472583,-4.957258,-1.2272583,0.1827417,2.3627417,2.7727418,0.8527417,-2.7372582,-2.7772584,-4.2572584,-4.577258,-3.6372583,-2.5472584,-1.4472584
-5.0272584,-2.7872584,-2.1372583,-4.2572584,-4.577258,-3.9272583,-2.2772584,-0.8472583,0.5827417,1.5927417,1.6027417,-0.9272583,-3.5172584,-3.5872583,-2.4472582,-1.2172583,1.1527417,1.2327417,0.26274168,-1.4372582,-0.7772583,-1.9572583,-2.8772583,-3.0872583,-3.0972583,-4.7572584,-4.7572584,-3.5572584,-4.3872585,-2.7872584,-2.5372584,-1.5072583,0.2327417,-0.6472583,-0.1772583,-4.9072585,-0.2572583,-2.2872584,-2.6872582,-3.0672584,-3.2672584
-5.6572585,-4.597258,-4.1772585,-4.117258,-3.3972583,-2.7372582,-1.8772583,-0.8572583,-0.1572583,0.0927417,-1.9972583,-3.1472583,-2.4772582,-1.7672583,-1.9272583,-1.2572583,-0.3672583,0.3427417,0.7327417,-0.2472583,-0.8272583,-2.2172582,-1.3772583,-1.8572583,-2.3972583,-2.7772584,-3.7272582,-2.9072583,-2.9272583,-3.3972583,-2.6672583,-4.307258,-4.497258,-5.8372583,-5.117258,-2.1372583,-0.3172583,-1.7972583,-0.7372583,0.4627417,-1.9372582
-4.8372583,-4.5072584,-3.8172584,-2.9672582,-1.8272583,-1.2672583,-0.8072583,-1.1372583,-1.8772583,-2.3572583,-2.2172582,-1.2072583,-0.9172583,-0.2372583,-0.5372583,0.5427417,-0.1972583,0.6727417,0.7627417,0.3427417,-1.4072583,-1.7972583,-2.1072583,-1.6772583,2.3327417,0.4727417,0.3727417,-1.0772583,-2.0672584,-1.7972583,-2.4972582,-1.9972583,-0.5072583,-1.1772583,-2.1072583,-4.7772584,-6.017258,-5.8172584,-6.997258,-6.9372582,-1.8272583
-3.5672584,-3.9972582,-3.7372582,-3.0972583,-2.2272582,-1.8672583,-1.2772583,-0.5072583,-0.2372583,0.4527417,0.19274169,0.3227417,1.0027417,1.0627418,0.7427417,0.0427417,-0.077258304,-0.3472583,-0.5172583,-1.4072583,-1.0472583,-2.0872583,-1.5772583,-0.5072583,2.1727417,-0.6672583,-0.0972583,-0.9272583,-0.8172583,0.0627417,-0.1572583,-1.1972584,-3.0272584,-1.6972584,-3.8972583,-3.5672584,-2.8172584,0.3127417,-0.6872583,-0.4172583,-0.5272583
-3.3972583,-3.5172584,-3.0272584,-2.1972582,-2.0672584,-1.6472583,-0.9472583,-0.7372583,-0.5672583,0.5027417,0.5227417,1.4927417,1.7727417,2.8727417,3.0227418,0.4727417,-0.077258304,-0.6972583,-0.6872583,-0.4272583,-3.4872582,-1.3472583,0.4927417,2.0327418,1.8927417,1.6327417,2.3227417,2.2027416,0.4527417,-0.9372583,0.4127417,-1.0972583,-1.4372582,-2.1572583,-1.3572583,-2.5872583,-1.1172583,-1.0872583,0.3027417,0.3127417,-1.1772583
-3.9972582,-3.8872583,-2.5472584,-2.4672582,-1.7972583,-1.1472583,-0.9272583,-0.8372583,-0.7272583,0.0727417,1.2727417,1.2527417,0.9727417,1.5127417,1.7427417,1.5627418,-0.3172583,-1.8172584,0.26274168,-1.4072583,-0.5872583,-1.6072583,-1.2172583,-0.7672583,-0.6772583,-1.7572583,-3.0272584,-1.6472583,-2.4372582,-0.5472583,-2.9772582,-2.3172584,-1.7572583,-1.5372583,-1.8572583,-0.6572583,0.0227417,-0.0672583,-1.7172583,-0.1872583,0.1827417
-2.8072584,-2.7772584,-1.6272583,-1.4372582,-0.9472583,-1.0572582,-1.3372583,-0.9472583,-0.9272583,0.0527417,1.0427417,0.5627417,0.2727417,0.1527417,-0.2872583,0.8927417,1.8927417,-1.2472583,-0.8672583,1.9327416,0.3027417,-0.1572583,-0.9872583,-2.3772583,-2.4372582,-3.7472582,-2.8272583,-3.7572584,-3.9872582,-2.4972582,-4.617258,-3.5572584,-2.0172584,-0.3372583,-0.2372583,-0.6172583,-0.3372583,-1.2972583,-1.2572583,-0.1172583,-0.9972583
-1.6672583,-1.4272583,-1.0972583,-1.0972583,-0.4272583,-0.3672583,-0.6972583,-0.7172583,-0.7172583,0.6627417,0.4227417,0.8927417,-0.5072583,-0.8272583,0.3127417,0.2127417,-1.0772583,-0.0672583,2.8627417,3.8027418,2.8327417,1.0027417,0.5527417,0.3527417,-1.3472583,-2.2372582,-1.9972583,-3.4572582,-4.2572584,-4.477258,-3.8972583,-3.8372583,-2.7272582,-2.6072583,-1.4372582,0.2427417,-0.5872583,-0.8572583,-1.2072583,-1.5272583,-0.1772583
-0.8472583,-0.6372583,0.3127417,-0.1372583,-0.0072583007,0.2527417,-0.4972583,-0.0072583007,0.1827417,0.2427417,1.0127417,1.2427417,0.5127417,1.1727417,0.5927417,1.0227417,1.1227417,0.7227417,-1.6572583,-0.48725832,0.6027417,-1.1372583,2.8327417,0.3727417,0.5227417,-0.1072583,-1.5872583,-2.4972582,-2.1972582,-2.8472583,-2.3472583,-3.1772583,-2.4172583,-2.3472583,-1.7972583,-1.5472583,-0.8472583,-0.4972583,-0.5372583,0.4027417,-0.7872583
-0.0972583,0.102741696,-0.1172583,0.3727417,-0.047258303,-0.1172583,0.4427417,0.5427417,0.3327417,0.3827417,1.3327417,1.0327417,1.4027417,2.0427418,1.4627417,1.5727417,1.9327416,1.4927417,1.2627417,0.6127417,1.2827417,1.6927418,1.2027417,-0.1172583,-0.077258304,-0.7672583,-0.6472583,-1.5472583,-1.9872583,-1.9272583,-2.8372583,-2.6172583,-2.3672583,-2.5072584,-2.4772582,-2.0972583,-1.4872583,-1.3072582,0.7827417,0.3927417,-0.2572583
