wind_kz.json
{"header": {"discipline":0,"disciplineName":"Meteorological products","gribEdition":2,"gribLength":1025,"center":7,"centerName":"US National Weather Service - NCEP(WMC)","subcenter":0,"refTime":"2024-03-19T06:00:00.000Z","significanceOfRT":1,"significanceOfRTName":"Start of forecast","productStatus":0,"productStatusName":"Operational products","productType":1,"productTypeName":"Forecast products","productDefinitionTemplate":0,"productDefinitionTemplateName":"Analysis/forecast at horizontal level/layer at a point in time","parameterCategory":2,"parameterCategoryName":"UnknownDiscipline_0_Category_2","parameterNumber":3,"parameterNumberName":"UnknownParameter_D0_C2_3","parameterUnit":"Unknown","genProcessType":2,"genProcessTypeName":"Forecast","forecastTime":240,"surface1Type":103,"surface1TypeName":"Specified height level above ground","surface1Value":10.0,"surface2Type":255,"surface2TypeName":"Missing","surface2Value":0.0,"gridDefinitionTemplate":0,"gridDefinitionTemplateName":"Latitude_Longitude","numberPoints":615,"shape":6,"shapeName":"Earth spherical with radius of 6,371,229.0 m","gridUnits":"degrees","resolution":48,"winds":"true","scanMode":64,"nx":41,"ny":15,"basicAngle":0,"lo1":47.0,"la1":41.0,"lo2":87.0,"la2":55.0,"dx":1.0,"dy":1.0}, "data":
[rows 0 to 14 of 15, columns 0 to 40 of 41]
2.5158668,1.3158667,-2.6641333,-5.4841332,-5.7141333,-3.8041334,-5.8441334,-5.504133,-3.5841334,-4.9641333,-6.164133,-4.5141335,5.165867,6.895867,7.335867,3.6958666,2.0858667,-2.8641334,0.5358667,-0.6541333,-2.0541334,-3.2641332,0.8958667,1.0958667,2.1058667,0.9958667,0.9358667,0.3658667,2.2358668,4.685867,1.9358667,2.3358667,-0.2241333,1.0358667,0.2658667,0.2358667,0.3358667,0.0658667,-0.3041333,-0.0641333,-0.3541333
-0.3441333,-1.5241333,-3.2941332,-3.8241334,-3.6941333,-4.044133,-5.664133,-6.1341333,-6.8641334,-6.4941335,-6.6541333,-5.1341333,0.6358667,4.245867,3.7358668,5.5358667,0.7358667,-1.7541333,-3.0241332,-3.9041333,-4.3841333,-4.6841335,-1.6241333,-0.9641333,0.8858667,0.8958667,1.5258667,0.5658667,0.8158667,2.8958666,3.4258666,4.495867,0.8258667,0.6558667,0.4058667,2.5258667,0.5858667,2.7458668,1.2258667,1.6358666,-0.1341333
-0.5341333,-2.7741332,-3.3741333,-3.8841333,-4.064133,-5.3641334,-5.664133,-6.3241334,-6.7441335,-8.504133,-8.174133,-6.0141335,-3.0441332,0.4358667,1.8658667,2.7358668,2.6458666,-1.0341333,-2.0041332,-1.7041333,-3.1141334,-2.1441333,-1.0141333,-0.1741333,-1.9941334,-2.0141332,-1.4041333,-1.7641333,-0.8441333,-0.3341333,0.6458667,2.1058667,2.5458667,0.7258667,0.0658667,-0.5041333,3.1658666,2.1558666,0.14586669,2.0258667,2.4158666
-0.7241333,-2.2441332,-4.0541334,-4.664133,-4.4741335,-4.4241333,-5.624133,-6.4341335,-6.9341335,-6.374133,-5.084133,-6.4941335,-6.504133,-5.0141335,-0.6741333,-0.2341333,-0.9341333,-2.1341333,-2.7741332,-2.9841332,-1.6741333,-0.8241333,0.1658667,-0.7841333,-1.5441333,-1.4541333,-0.0241333,-1.8541332,0.025866698,2.5458667,1.2958667,0.7358667,1.2258667,-0.6141333,1.2058667,1.2458667,-0.3541333,3.1658666,-1.7841333,-0.8741333,-1.8841333
0.8658667,-0.6241333,-1.9941334,-2.6741333,-4.644133,-5.6941333,-5.6141334,-4.604133,-3.3141334,-5.294133,-5.394133,-4.9941335,-5.874133,-5.9941335,-3.8941333,-3.6341333,-2.7741332,-2.4041333,-2.5341332,-2.4241333,-0.4541333,0.3358667,0.2058667,-0.4141333,-0.5941333,-0.9841333,-1.1841333,-2.6741333,-1.5341333,-1.9441333,-2.3641334,-1.9441333,0.9858667,1.5858667,-0.3641333,-0.2041333,2.4858668,-0.2541333,-1.4941334,0.2258667,-0.4741333
-0.3541333,0.025866698,-0.1541333,-1.0941333,-3.1841333,-4.8841333,-6.4841332,-5.8041334,-4.3441334,-3.7741332,-2.9641333,-5.044133,-3.9641333,-5.4441333,-4.5141335,-3.7941332,-2.1941333,-1.9941334,-1.6741333,-1.2641333,-1.5241333,-1.2841333,-0.1041333,0.4358667,0.3058667,-0.2541333,-1.3041333,-3.3541334,-2.7841332,-2.9741333,-3.2141333,-2.2041333,-0.7541333,-2.1941333,-0.6341333,11.225866,2.3858666,4.645867,0.9758667,0.2058667,0.025866698
-2.9941332,-2.3641334,-1.8241333,-1.4141333,-3.4641333,-5.4541335,-6.4541335,-6.7441335,-4.7341332,-3.4241333,-3.2941332,-2.4341333,-2.8641334,-4.4241333,-4.5541334,-4.394133,-2.9641333,-1.0641333,-0.5741333,-0.5441333,-1.2841333,-1.8941333,-1.4741333,0.3258667,0.3458667,0.7058667,-1.7141333,-2.0641334,-3.7041333,-1.9241333,-1.1941333,-1.4641333,-1.4041333,2.8358667,2.0658667,0.5658667,-0.4241333,1.8858666,2.2158668,2.7058668,5.375867
-2.3441334,-2.5241332,-1.7441334,-1.8941333,-3.4141333,-4.9041333,-6.064133,-6.064133,-5.254133,-4.5741334,-3.8541334,-3.3341334,-2.3141334,-2.4641333,-2.8741333,-2.3841333,-1.5341333,0.3358667,0.5558667,1.4058667,0.9958667,0.1158667,-1.4241333,-1.1241333,0.1858667,1.7258667,1.3258667,-0.0941333,-0.4341333,-2.5941334,-1.0641333,-1.3741333,0.4158667,-1.6341333,-0.3541333,-1.2241333,0.3958667,0.6258667,0.1758667,2.1358666,0.9958667
-1.0041333,-1.6341333,-1.8541332,-2.0141332,-2.4241333,-3.1941333,-4.164133,-4.3041334,-4.5941334,-4.874133,-4.664133,-4.1141334,-3.0541334,-3.2141333,-4.254133,-2.6941333,-1.8241333,0.3958667,2.5958667,2.9858668,1.5558667,2.3558667,2.1358666,0.2758667,0.1658667,0.4358667,0.8858667,-0.4041333,0.3058667,1.1658667,0.4558667,1.1858667,0.4158667,0.8658667,4.605867,5.0658665,-0.2341333,-0.0741333,2.7758667,2.2358668,1.5758667
-0.124133304,-0.7041333,-1.2241333,-1.4441333,-1.6941333,-1.6341333,-1.9941334,-1.9741333,-2.1941333,-3.5941334,-2.8641334,-3.2041333,-2.4741333,-2.0941334,-1.8841333,-1.4041333,-1.7641333,-1.7441334,-0.8641333,0.5058667,3.8658667,1.6758667,2.1258667,0.9558667,1.0258667,1.5558667,1.7158667,1.5258667,1.1658667,1.2258667,1.4758667,1.1258667,0.14586669,1.2258667,3.3658667,0.6958667,1.4958667,0.6658667,1.7358667,3.0958667,3.9458666
-0.4141333,-0.5141333,-0.3841333,-0.7041333,-0.8441333,-1.0641333,-1.1441333,-1.1541333,-1.2541333,-0.8441333,-0.8241333,-0.3641333,-1.1741333,-0.5041333,-0.5241333,0.2058667,-0.2241333,0.5258667,0.4358667,0.9358667,1.8158667,3.1058667,2.4458666,3.4258666,1.8258667,1.8958668,1.1658667,1.3858666,1.0058666,0.2158667,-0.1441333,-0.004133301,0.2058667,1.4558667,2.9358666,3.9258666,3.2158668,2.4558668,5.5458665,2.3158667,0.9458667
-0.0441333,0.4458667,-0.1041333,-0.5341333,-1.0941333,0.0958667,0.6358667,0.3058667,0.2758667,-0.3941333,-1.0241333,-1.3541332,0.9958667,1.0558667,0.46586668,1.7958667,2.6558666,3.1858666,4.7358665,4.0958667,4.455867,3.7658668,2.7258668,2.5658667,2.5958667,2.6158667,3.2558668,1.6658667,0.6458667,0.1158667,0.1858667,1.9458667,1.2558666,2.0458667,2.3958666,3.6558666,3.9858668,1.5858667,-0.2341333,-1.4041333,-1.3441333
-0.4941333,-0.5441333,-0.2241333,-0.6741333,-1.0441333,-1.5141333,-0.28413332,0.6558667,-1.0741333,0.9258667,-0.1441333,-1.2741333,-0.7541333,-0.5241333,1.1358666,1.5758667,2.5658667,3.5258667,5.0358667,4.685867,5.4658666,5.4458666,5.0058665,4.185867,3.4058666,3.5158668,2.8858666,2.2158668,2.1758666,1.6758667,1.7258667,1.7758667,1.8258667,2.5958667,3.1458666,3.5158668,3.4358666,2.6358666,2.4758668,1.7758667,1.2958667
-0.2541333,-0.3741333,-1.4241333,-0.7641333,-0.7741333,-0.6941333,-0.9941333,-0.3941333,-1.5341333,-0.5141333,-0.1541333,-1.4641333,-0.7641333,2.5058668,-0.3441333,0.7658667,1.9458667,2.3958666,3.2958667,4.335867,4.705867,4.6558666,4.0958667,3.6658666,4.0058665,2.6758666,2.7258668,2.6458666,2.3958666,2.4158666,2.6458666,3.0858667,3.1658666,3.2058668,2.6258667,3.0358667,2.8758667,3.4358666,4.2558665,3.8858666,5.0558667
-0.9541333,-1.9941334,-2.1341333,-3.1241333,-3.8741333,-3.7841332,-3.7341332,-3.5941334,-2.4541333,-1.2841333,-0.0741333,0.4858667,-1.1841333,-1.9441333,-0.6441333,0.1058667,0.5658667,2.4958668,2.8058667,4.1958666,4.355867,4.7658668,3.8358667,3.2058668,2.9758668,2.8358667,2.4458666,1.6658667,1.8658667,1.8558667,1.9458667,2.5058668,2.2958667,2.5758667,2.9458666,2.8558667,2.7158668,3.1458666,3.1158667,3.3758667,4.0958667
