wind_kz.json
{"header": {"discipline":0,"disciplineName":"Meteorological products","gribEdition":2,"gribLength":1102,"center":7,"centerName":"US National Weather Service - NCEP(WMC)","subcenter":0,"refTime":"2023-09-24T18:00:00.000Z","significanceOfRT":1,"significanceOfRTName":"Start of forecast","productStatus":0,"productStatusName":"Operational products","productType":1,"productTypeName":"Forecast products","productDefinitionTemplate":0,"productDefinitionTemplateName":"Analysis/forecast at horizontal level/layer at a point in time","parameterCategory":2,"parameterCategoryName":"UnknownDiscipline_0_Category_2","parameterNumber":2,"parameterNumberName":"UnknownParameter_D0_C2_2","parameterUnit":"Unknown","genProcessType":2,"genProcessTypeName":"Forecast","forecastTime":0,"surface1Type":103,"surface1TypeName":"Specified height level above ground","surface1Value":10.0,"surface2Type":255,"surface2TypeName":"Missing","surface2Value":0.0,"gridDefinitionTemplate":0,"gridDefinitionTemplateName":"Latitude_Longitude","numberPoints":615,"shape":6,"shapeName":"Earth spherical with radius of 6,371,229.0 m","gridUnits":"degrees","resolution":48,"winds":"true","scanMode":64,"nx":41,"ny":15,"basicAngle":0,"lo1":47.0,"la1":41.0,"lo2":87.0,"la2":55.0,"dx":1.0,"dy":1.0}, "data":
[rows 0 to 14 of 15, columns 0 to 40 of 41]
-2.2683227,-0.38832274,1.2816772,-2.3683228,-6.678323,-7.5883226,-6.1283226,-6.828323,-6.948323,-4.328323,-3.9283228,-4.1083226,-2.9483228,-2.0283227,-0.92832273,-2.4283228,-3.4583228,-3.3383226,-1.5983227,-3.7283227,-1.7783227,-0.77832276,-0.35832274,-1.8483227,-1.3983227,-1.2383227,-2.4483228,-0.31832275,0.21167725,0.77167726,0.5016773,1.2716773,-0.72832274,-0.73832273,-0.32832277,-0.14832276,1.1516773,2.4716773,2.2516773,2.6516771,2.8416772
1.9316772,0.5516772,-7.0283227,-5.198323,-6.478323,-7.2183228,-6.2383227,-5.598323,-4.7583227,-5.228323,-5.4183226,-4.6483226,-2.6083229,-1.0083227,-3.4983227,-3.7783227,-4.4883227,-4.1883225,-2.8283226,-2.0583227,-5.9583225,-4.7783227,-2.1683228,-2.3283226,-1.2183228,0.77167726,-1.1883228,0.28167725,-4.448323,-1.0083227,0.021677246,-0.018322755,1.0316772,-1.6583228,0.5016773,0.89167726,1.9916773,1.5216773,2.2916772,-0.64832276,-4.1483226
-2.5283227,-8.678323,-7.7583227,-6.348323,-7.268323,-4.998323,-4.3783226,-4.268323,-5.828323,-6.0083227,-4.4183226,-3.6883228,-1.7283227,-1.9683228,-4.2083225,-3.8383226,-3.7083228,-2.5983229,-2.5483227,-3.7983227,-8.028323,-9.878323,-7.2383227,-10.478323,-4.448323,-5.448323,-3.5783226,-2.0283227,-2.1883228,-1.1683228,-0.73832273,0.84167725,0.14167725,1.2116772,-0.44832274,-0.7583228,1.7116772,0.0016772461,5.231677,7.4116774,2.9516773
-7.4683228,-7.7083225,-6.9683228,-4.5083227,-4.428323,-3.8083227,-2.8783228,-3.8883228,-5.868323,-6.0483227,-3.7583227,-3.8183227,-3.6383228,-4.348323,-5.198323,-4.228323,-3.6483228,-3.3483229,-3.9183228,-4.5883226,-6.908323,-5.1883225,-6.4583225,-8.718323,-8.528323,-8.658322,-7.118323,-9.888323,-6.078323,-3.1283228,-1.2183228,-0.018322755,5.691677,10.101677,3.6116772,-0.18832275,-0.84832275,3.0816772,-0.72832274,-2.2883227,1.5016773
-7.658323,-8.158322,-8.128323,-8.878323,-6.248323,-4.9883227,-4.698323,-4.888323,-6.848323,-5.2983227,-4.248323,-4.288323,-5.2583227,-5.308323,-4.9383225,-4.1083226,-3.5483227,-3.6683228,-4.0283227,-5.9683228,-7.2083225,-6.788323,-7.6683226,-7.638323,-7.428323,-6.5483227,-7.768323,-6.4183226,-3.5083227,-3.2183228,-3.5683227,-1.8583227,-2.0683227,1.6616772,-1.0083227,-3.0083227,9.841678,-0.36832276,3.4416773,5.571677,7.1816773
-6.3983226,-3.7683227,-5.9583225,-6.2983227,-4.998323,-4.6683226,-4.6483226,-3.9183228,-4.4383225,-3.4283228,-3.8283226,-3.4283228,-4.578323,-5.388323,-4.408323,-3.0083227,-3.6483228,-4.1083226,-5.2083225,-4.8583226,-5.3783226,-3.9783227,-4.448323,-4.768323,-4.1883225,-3.9683228,-3.1483228,-4.598323,-2.3683228,-1.7683227,-1.1183227,-0.6883228,-0.31832275,1.3416772,2.0216773,0.7516773,5.301677,8.831677,6.401677,6.3516774,-5.558323
-4.1283226,-3.4483228,-2.9083228,-1.6483227,-1.9483228,-1.5283227,-4.1483226,-4.558323,-3.6583228,-5.2183228,-4.268323,-4.2583227,-3.5183227,-3.3683228,-2.9283228,-2.8683228,-2.9283228,-3.4083228,-4.1883225,-4.2983227,-4.6483226,-4.2383227,-4.7983227,-4.308323,-4.4183226,-3.5683227,-2.5883226,-1.3883227,-2.1383228,-1.5383228,-0.34832275,0.021677246,-3.0783226,-1.5683228,1.5616772,0.41167724,-0.59832275,0.72167724,1.4416772,0.18167725,-0.19832276
-2.0283227,-0.78832275,1.4616772,2.0416772,-3.4683228,-4.6883225,-3.6283228,-3.2783227,-2.3783228,-3.4583228,-3.4983227,-3.5183227,-3.3983228,-3.4583228,-2.6583228,-2.7683227,-3.0183227,-3.4383228,-3.2583227,-3.7783227,-3.3583229,-3.1983228,-2.6183228,-2.8483229,-2.4783227,-0.67832273,0.5016773,1.2516773,1.4816773,0.37167725,1.2616773,2.3516772,1.0716772,0.37167725,1.0316772,2.9516773,3.1016772,7.2016773,6.231677,9.331677,4.521677
-3.0583227,-3.3983228,-3.4183228,-3.3383226,-3.0583227,-3.9683228,-2.1083229,-2.3083227,-2.2383227,-3.2483227,-2.8583229,-2.7683227,-2.1883228,-2.8883228,-2.7583227,-2.6083229,-2.5383227,-2.6983228,-2.5583227,-2.6683228,-2.6583228,-1.5383228,-0.91832274,0.24167724,1.5816772,2.1616774,1.7416773,2.4016771,3.9216774,2.7116773,4.1616774,3.7416773,3.8516772,2.6216772,2.8016772,1.8616773,2.1316772,1.5616772,-0.8083227,1.0216773,-0.67832273
-3.5383227,-3.3283226,-2.8183227,-2.8183227,-3.1383228,-2.9283228,-2.5183227,-2.4483228,-1.0083227,-3.0783226,-2.4383228,-1.7883228,-1.1783228,-0.85832274,-0.89832276,-0.85832274,-0.82832277,-0.6283228,-0.9983227,-0.008322754,1.1016773,1.9416772,2.8516772,3.0416772,2.9816773,3.0016773,3.1416771,4.1816773,4.2016773,5.1216774,6.361677,4.481677,4.211677,2.7716773,2.0616772,1.8216772,-0.85832274,0.20167725,-0.058322754,0.8116772,0.28167725
-2.4083228,-1.5983227,-0.18832275,-0.90832275,-1.6883228,-2.1483228,-1.4483228,-3.2083228,-2.4083228,-1.4383228,-0.7483227,0.5016773,-0.40832275,-0.67832273,-0.6383228,0.92167723,1.6316773,2.3916771,1.9416772,2.5216773,2.8816772,3.0316772,3.1016772,3.1616774,3.4416773,3.8916771,5.6016774,4.091677,3.7816772,5.441677,4.8516774,3.6916773,3.7516773,2.5616772,1.2616773,0.59167725,-0.9983227,0.8616772,-0.11832275,0.76167727,-0.59832275
-0.6383228,0.45167723,1.2516773,0.16167724,0.5016773,-2.2783227,-2.1783228,-2.2283227,-0.66832274,-0.7483227,-0.51832277,1.5616772,0.21167725,1.7916772,2.1916773,2.4016771,3.1916773,3.4816773,2.5516772,3.5316772,3.2716773,3.8316772,3.4616773,2.8616772,3.4216774,4.4316773,4.0116773,4.2816772,2.7316773,1.2816772,3.2216773,2.9316773,2.3116772,1.8816773,1.3516773,2.3716772,1.0416772,1.4416772,1.3016772,0.79167724,-0.31832275
0.73167723,1.2316773,1.2316773,1.8516773,-0.39832276,-1.0483228,-0.31832275,0.90167725,-0.09832276,-0.44832274,-0.108322755,0.89167726,-0.08832275,0.57167727,0.19167724,1.2716773,1.9216772,2.8116772,2.9516773,3.1416771,2.7016773,2.7316773,2.8716772,3.2516773,4.7216773,4.3116775,3.9916773,3.3716772,2.3316772,2.3616772,2.8416772,2.4016771,2.3316772,2.3316772,2.5316772,2.6916773,2.1716774,1.1316773,0.92167723,2.3716772,0.70167726
2.2416773,1.5416772,1.6616772,-0.45832276,0.28167725,0.7416772,1.1616772,1.0416772,0.13167724,-0.26832277,-0.79832274,0.041677248,1.2916772,0.95167726,1.8316772,2.8316772,3.2116773,3.0916772,2.7016773,3.4016771,3.1616774,3.4816773,4.4916773,4.271677,4.1816773,3.8616772,2.7616773,2.0816772,1.7016772,2.5416772,2.1616774,2.3416772,2.3216772,2.2016773,1.9216772,2.1216772,2.3116772,1.8116772,1.2716773,1.2616773,1.9216772
0.66167724,1.7616773,1.2916772,1.0016773,1.9616772,1.8116772,2.0216773,1.2816772,1.5216773,0.48167723,-0.78832275,0.44167724,1.1816772,1.8516773,3.9616773,3.7716773,3.6516771,3.6816773,2.9516773,3.5616772,3.0616772,3.1316772,2.7016773,2.6116772,2.6016772,2.5416772,0.79167724,1.5416772,1.9916773,2.0616772,2.1416771,2.5416772,2.3116772,2.3916771,2.4516773,2.4016771,1.5216773,0.8716772,1.3916773,1.6516773,0.84167725
