wind_kz.json
{"header": {"discipline":0,"disciplineName":"Meteorological products","gribEdition":2,"gribLength":871,"center":7,"centerName":"US National Weather Service - NCEP(WMC)","subcenter":0,"refTime":"2023-08-23T12:00:00.000Z","significanceOfRT":1,"significanceOfRTName":"Start of forecast","productStatus":0,"productStatusName":"Operational products","productType":1,"productTypeName":"Forecast products","productDefinitionTemplate":0,"productDefinitionTemplateName":"Analysis/forecast at horizontal level/layer at a point in time","parameterCategory":0,"parameterCategoryName":"UnknownDiscipline_0_Category_0","parameterNumber":0,"parameterNumberName":"UnknownParameter_D0_C0_0","parameterUnit":"Unknown","genProcessType":2,"genProcessTypeName":"Forecast","forecastTime":120,"surface1Type":1,"surface1TypeName":"Ground or water surface","surface1Value":0.0,"surface2Type":255,"surface2TypeName":"Missing","surface2Value":0.0,"gridDefinitionTemplate":0,"gridDefinitionTemplateName":"Latitude_Longitude","numberPoints":615,"shape":6,"shapeName":"Earth spherical with radius of 6,371,229.0 m","gridUnits":"degrees","resolution":48,"winds":"true","scanMode":64,"nx":41,"ny":15,"basicAngle":0,"lo1":47.0,"la1":41.0,"lo2":87.0,"la2":55.0,"dx":1.0,"dy":1.0}, "data":
[rows 0 to 14 of 15, columns 0 to 40 of 41]
314.29507,300.49506,309.69507,299.39508,299.09506,298.49506,310.09506,318.69507,314.89508,313.89508,312.59506,312.79507,312.49506,312.09506,310.99506,311.59506,310.09506,310.39508,311.39508,310.89508,311.99506,306.79507,307.49506,300.79507,298.89508,299.69507,292.89508,282.29507,281.19507,274.49506,274.89508,283.09506,292.59506,302.09506,306.89508,305.29507,306.49506,310.09506,309.29507,309.09506,308.29507
291.69507,307.39508,299.99506,299.49506,299.29507,297.89508,317.79507,315.69507,314.09506,312.09506,312.79507,311.79507,310.39508,308.69507,310.29507,309.59506,308.69507,309.39508,308.79507,308.79507,309.89508,307.69507,304.69507,294.09506,286.09506,281.49506,288.99506,281.99506,285.49506,273.69507,281.59506,273.29507,283.29507,270.69507,284.69507,299.69507,299.39508,305.69507,309.19507,299.39508,284.59506
310.69507,300.09506,299.59506,299.69507,298.09506,311.19507,312.19507,313.59506,311.89508,309.79507,309.19507,310.19507,308.29507,308.79507,309.49506,308.09506,307.19507,307.59506,307.99506,308.09506,307.39508,305.39508,303.49506,296.09506,302.69507,300.89508,298.79507,294.39508,292.19507,281.89508,272.59506,273.99506,280.59506,282.59506,284.69507,288.29507,280.29507,284.69507,288.49506,285.59506,284.49506
310.79507,300.19507,299.99506,299.09506,298.79507,311.19507,312.19507,311.89508,311.89508,310.69507,309.19507,307.69507,295.99506,295.69507,306.99506,305.89508,306.09506,307.19507,306.79507,306.69507,304.19507,300.09506,303.99506,304.59506,304.49506,304.39508,306.29507,298.29507,295.59506,293.99506,291.29507,287.29507,290.79507,290.89508,292.29507,288.99506,281.39508,282.79507,288.39508,299.99506,303.19507
313.59506,299.89508,299.99506,299.79507,305.09506,311.89508,311.69507,311.99506,310.69507,309.59506,308.39508,306.79507,295.59506,294.19507,291.99506,303.09506,304.59506,303.39508,303.49506,303.89508,304.59506,305.39508,304.19507,303.39508,303.29507,303.39508,302.49506,299.39508,302.09506,299.59506,297.19507,294.39508,281.69507,274.59506,287.29507,296.89508,296.59506,304.69507,304.89508,308.79507,307.29507
316.69507,310.29507,298.09506,299.09506,299.49506,298.69507,310.19507,310.09506,309.69507,308.59506,306.69507,305.89508,296.09506,294.79507,297.09506,299.09506,301.19507,303.19507,303.69507,303.89508,303.19507,302.99506,302.19507,301.39508,300.89508,300.29507,302.09506,293.19507,299.59506,300.59506,299.09506,299.89508,296.49506,296.29507,290.99506,291.49506,284.99506,288.39508,296.79507,303.69507,305.19507
313.39508,302.79507,301.99506,299.69507,306.49506,304.29507,309.39508,298.99506,297.39508,296.59506,294.49506,293.39508,294.39508,297.09506,294.39508,295.69507,297.39508,300.79507,302.49506,300.69507,300.19507,301.39508,300.69507,299.19507,296.99506,294.29507,297.99506,299.99506,299.59506,298.79507,296.49506,297.09506,298.89508,296.59506,294.49506,291.59506,289.49506,285.79507,285.19507,290.89508,297.19507
301.69507,308.09506,301.99506,299.99506,307.79507,298.49506,295.69507,292.49506,291.19507,290.79507,291.89508,291.29507,291.79507,293.49506,292.99506,290.79507,292.29507,293.29507,296.39508,295.59506,296.39508,297.09506,298.39508,295.49506,291.79507,290.29507,293.49506,294.19507,292.29507,295.99506,294.09506,295.69507,294.89508,291.09506,292.99506,294.09506,292.49506,289.49506,295.59506,296.89508,296.69507
307.59506,300.49506,296.19507,293.89508,292.59506,293.69507,294.09506,294.39508,293.89508,292.89508,297.99506,291.59506,292.09506,294.49506,293.99506,289.99506,288.69507,288.69507,288.89508,291.69507,292.69507,292.09506,295.19507,292.49506,290.29507,294.39508,287.09506,291.09506,288.89508,289.59506,290.29507,292.79507,295.69507,295.69507,295.29507,290.59506,288.49506,287.59506,283.99506,289.19507,289.09506
303.09506,301.99506,302.29507,300.79507,299.49506,301.99506,300.99506,299.79507,296.39508,294.49506,294.39508,292.49506,294.69507,295.59506,289.09506,293.39508,293.79507,288.19507,289.09506,287.69507,287.99506,289.39508,291.29507,293.49506,292.69507,292.99506,292.89508,289.59506,287.39508,291.39508,293.29507,295.39508,297.99506,298.19507,294.79507,292.39508,287.29507,286.09506,287.59506,289.09506,289.29507
301.49506,299.59506,298.19507,297.69507,296.99506,296.79507,296.49506,296.19507,294.89508,293.69507,291.69507,291.99506,293.29507,292.19507,293.69507,294.09506,291.09506,293.29507,292.79507,286.39508,286.09506,286.69507,288.89508,290.79507,290.59506,292.59506,290.49506,294.49506,290.59506,296.29507,297.09506,295.49506,297.99506,298.59506,290.09506,292.39508,285.89508,285.09506,286.59506,287.19507,287.49506
295.89508,296.59506,296.39508,293.89508,293.59506,289.39508,286.09506,286.09506,288.89508,285.89508,287.19507,285.99506,288.49506,284.99506,285.59506,291.29507,289.59506,286.59506,286.69507,284.79507,284.19507,284.09506,287.29507,288.79507,288.79507,290.19507,293.99506,295.89508,296.49506,296.19507,294.79507,294.29507,297.39508,296.79507,296.29507,294.39508,290.89508,291.89508,289.79507,292.59506,290.89508
289.09506,290.99506,291.59506,286.29507,287.19507,285.59506,287.89508,285.49506,286.59506,284.99506,279.29507,278.49506,283.49506,284.59506,285.79507,287.69507,288.19507,287.59506,286.79507,283.59506,283.19507,283.59506,288.39508,288.39508,290.29507,289.59506,291.89508,294.39508,295.19507,293.79507,293.89508,293.99506,295.19507,297.19507,297.79507,294.79507,293.19507,293.69507,291.89508,292.89508,292.59506
287.59506,285.79507,288.59506,284.69507,284.49506,284.89508,284.09506,282.69507,284.49506,285.29507,279.89508,277.19507,279.29507,279.29507,282.69507,282.29507,285.69507,283.29507,283.69507,283.49506,284.79507,285.39508,288.59506,291.79507,290.89508,289.79507,290.69507,291.49506,291.29507,290.79507,291.89508,294.79507,296.09506,294.29507,295.99506,296.29507,295.59506,293.09506,292.59506,290.49506,292.89508
285.49506,288.49506,290.79507,285.79507,281.39508,280.49506,281.99506,283.29507,285.99506,282.09506,280.49506,279.19507,278.89508,280.39508,282.79507,285.09506,283.49506,282.99506,284.29507,285.49506,285.59506,290.29507,291.59506,288.49506,288.79507,289.19507,290.49506,289.19507,285.89508,288.59506,291.29507,288.89508,288.89508,295.49506,295.59506,294.59506,293.99506,294.19507,292.99506,292.79507,291.59506
