wind_kz.json
{"header": {"discipline":0,"disciplineName":"Meteorological products","gribEdition":2,"gribLength":871,"center":7,"centerName":"US National Weather Service - NCEP(WMC)","subcenter":0,"refTime":"2023-09-24T18:00:00.000Z","significanceOfRT":1,"significanceOfRTName":"Start of forecast","productStatus":0,"productStatusName":"Operational products","productType":1,"productTypeName":"Forecast products","productDefinitionTemplate":0,"productDefinitionTemplateName":"Analysis/forecast at horizontal level/layer at a point in time","parameterCategory":0,"parameterCategoryName":"UnknownDiscipline_0_Category_0","parameterNumber":0,"parameterNumberName":"UnknownParameter_D0_C0_0","parameterUnit":"Unknown","genProcessType":2,"genProcessTypeName":"Forecast","forecastTime":240,"surface1Type":1,"surface1TypeName":"Ground or water surface","surface1Value":0.0,"surface2Type":255,"surface2TypeName":"Missing","surface2Value":0.0,"gridDefinitionTemplate":0,"gridDefinitionTemplateName":"Latitude_Longitude","numberPoints":615,"shape":6,"shapeName":"Earth spherical with radius of 6,371,229.0 m","gridUnits":"degrees","resolution":48,"winds":"true","scanMode":64,"nx":41,"ny":15,"basicAngle":0,"lo1":47.0,"la1":41.0,"lo2":87.0,"la2":55.0,"dx":1.0,"dy":1.0}, "data":
[rows 0 to 14 of 15, columns 0 to 40 of 41]
287.78824,280.98822,283.48822,293.08823,293.18823,292.48822,291.58823,293.38824,291.88824,293.68823,293.48822,294.88824,294.68823,294.98822,294.68823,291.88824,292.48822,293.28824,291.58823,294.88824,293.78824,291.28824,292.18823,289.08823,291.08823,293.08823,293.78824,278.18823,274.08823,276.38824,274.38824,275.38824,283.48822,289.58823,290.38824,290.18823,290.28824,289.18823,288.68823,289.18823,287.28824
271.08823,284.88824,292.38824,292.78824,292.88824,291.78824,291.98822,291.08823,291.28824,292.28824,293.88824,293.78824,294.38824,293.38824,291.98822,290.18823,291.58823,290.98822,287.88824,290.18823,291.78824,294.58823,291.98822,285.88824,275.88824,276.48822,283.28824,276.48822,275.98822,270.48822,278.68823,270.18823,275.48822,256.08823,271.18823,286.68823,284.98822,287.28824,290.18823,283.58823,283.58823
284.08823,292.08823,292.68823,292.08823,290.58823,291.48822,291.58823,291.58823,290.88824,291.58823,292.18823,293.48822,291.88824,292.78824,294.08823,291.68823,290.98822,289.58823,289.08823,289.88824,290.18823,291.18823,292.18823,285.98822,291.78824,290.58823,291.68823,290.58823,288.88824,280.38824,271.38824,275.88824,280.88824,281.78824,283.18823,281.88824,273.18823,274.28824,274.88824,270.68823,270.88824
287.88824,291.28824,292.18823,291.38824,290.88824,290.68823,291.78824,290.28824,290.98822,291.58823,292.48822,291.98822,290.28824,289.68823,293.68823,291.78824,292.38824,288.88824,290.58823,289.58823,289.18823,283.68823,291.08823,292.88824,292.08823,292.88824,294.58823,292.38824,291.08823,291.78824,292.38824,289.38824,293.28824,291.88824,288.98822,284.68823,272.48822,264.18823,276.88824,282.18823,285.88824
288.38824,290.58823,290.98822,290.28824,289.88824,290.68823,291.18823,291.08823,291.68823,291.38824,291.88824,291.78824,288.98822,287.98822,286.58823,290.98822,291.28824,290.68823,288.28824,290.28824,290.28824,290.98822,290.78824,289.58823,289.08823,291.48822,290.28824,287.88824,291.38824,291.78824,293.38824,290.48822,280.48822,271.08823,278.08823,284.38824,287.58823,287.38824,288.58823,289.18823,289.08823
286.38824,288.28824,289.48822,290.08823,290.18823,289.98822,290.18823,292.48822,292.18823,292.08823,290.68823,293.48822,289.18823,288.78824,289.18823,289.68823,292.58823,290.28824,289.08823,288.08823,287.78824,288.98822,288.78824,289.18823,288.68823,286.08823,286.98822,286.68823,289.48822,289.58823,286.68823,288.08823,286.48822,285.78824,285.28824,287.78824,279.98822,280.88824,285.68823,287.38824,287.48822
285.58823,283.38824,286.68823,286.88824,287.18823,288.98822,290.08823,292.08823,292.38824,291.48822,289.18823,292.48822,292.88824,293.18823,292.98822,291.78824,292.18823,290.28824,287.48822,287.58823,287.88824,289.48822,290.88824,289.78824,287.78824,288.08823,286.08823,286.88824,287.08823,287.68823,286.78824,286.48822,286.28824,286.88824,286.28824,285.18823,280.78824,278.48822,275.38824,274.08823,283.98822
282.08823,284.78824,285.68823,285.38824,286.68823,288.28824,288.28824,288.58823,288.68823,288.68823,289.58823,290.78824,290.48822,292.48822,293.38824,291.78824,291.98822,289.28824,288.88824,287.68823,286.78824,287.38824,287.78824,288.18823,287.18823,284.28824,284.18823,284.78824,283.48822,285.08823,283.88824,283.98822,283.68823,281.38824,281.38824,281.68823,282.38824,285.78824,281.38824,282.98822,281.98822
283.08823,283.38824,283.48822,283.58823,285.28824,287.08823,287.28824,287.48822,287.88824,287.58823,287.58823,288.08823,288.58823,290.58823,291.48822,290.68823,291.08823,288.88824,287.48822,287.38824,285.18823,284.48822,286.48822,286.38824,285.28824,285.78824,283.28824,283.18823,281.68823,280.58823,280.98822,281.28824,281.28824,282.58823,281.78824,280.58823,281.08823,280.38824,267.98822,268.78824,267.18823
282.58823,282.38824,284.68823,284.18823,285.68823,285.18823,285.58823,286.18823,284.88824,285.78824,286.18823,285.78824,286.78824,286.88824,288.68823,288.88824,290.28824,289.38824,288.28824,287.08823,286.28824,285.98822,286.48822,286.98822,286.68823,285.68823,285.88824,284.98822,283.58823,282.28824,282.08823,283.38824,284.78824,284.08823,282.78824,281.68823,280.48822,277.08823,271.38824,272.18823,269.78824
281.48822,282.08823,283.58823,284.68823,284.58823,282.98822,284.38824,285.08823,285.98822,285.68823,284.88824,285.28824,285.98822,285.98822,287.18823,288.08823,288.48822,288.18823,288.38824,286.78824,286.98822,286.98822,285.98822,285.78824,285.68823,286.38824,283.88824,285.38824,283.48822,283.68823,283.78824,283.98822,283.28824,282.88824,282.08823,280.08823,277.38824,275.18823,274.78824,275.08823,272.88824
279.98822,281.08823,282.38824,281.28824,281.98822,284.18823,283.18823,282.78824,284.08823,284.18823,283.48822,283.68823,284.58823,284.18823,284.58823,284.98822,285.78824,286.18823,287.18823,286.68823,285.68823,285.28824,284.68823,284.28824,283.08823,283.48822,283.48822,283.58823,283.48822,283.48822,282.28824,281.98822,281.88824,281.98822,280.88824,279.98822,280.18823,279.38824,277.98822,278.28824,281.68823
277.98822,278.98822,280.58823,281.18823,282.68823,283.38824,284.08823,283.78824,283.88824,283.08823,280.08823,276.78824,280.48822,281.58823,283.58823,283.98822,283.98822,283.78824,284.68823,283.58823,283.58823,282.28824,280.68823,279.88824,280.78824,280.78824,281.98822,281.38824,280.98822,279.68823,279.38824,279.48822,278.98822,278.58823,278.78824,278.38824,277.48822,278.08823,276.78824,276.48822,276.48822
277.38824,278.08823,282.08823,278.18823,278.98822,282.18823,281.38824,281.68823,282.38824,283.68823,280.08823,276.68823,275.08823,277.28824,278.78824,280.38824,279.88824,279.38824,279.38824,279.08823,278.78824,278.08823,277.78824,277.28824,277.08823,277.18823,277.48822,277.98822,277.98822,277.78824,276.78824,276.08823,274.88824,273.88824,274.18823,273.48822,273.88824,273.78824,273.68823,271.98822,273.78824
276.68823,277.78824,284.98822,277.28824,276.98822,276.08823,277.78824,278.78824,279.28824,278.88824,278.18823,278.18823,274.88824,274.08823,276.08823,276.58823,276.38824,275.98822,276.58823,275.68823,275.58823,275.28824,275.28824,274.58823,275.28824,276.38824,276.58823,275.98822,275.98822,275.88824,275.08823,277.68823,273.28824,272.48822,272.48822,272.28824,272.28824,271.48822,271.88824,271.98822,272.08823
