wind_kz.json
{"header": {"discipline":0,"disciplineName":"Meteorological products","gribEdition":2,"gribLength":1025,"center":7,"centerName":"US National Weather Service - NCEP(WMC)","subcenter":0,"refTime":"2024-04-07T00:00:00.000Z","significanceOfRT":1,"significanceOfRTName":"Start of forecast","productStatus":0,"productStatusName":"Operational products","productType":1,"productTypeName":"Forecast products","productDefinitionTemplate":0,"productDefinitionTemplateName":"Analysis/forecast at horizontal level/layer at a point in time","parameterCategory":2,"parameterCategoryName":"UnknownDiscipline_0_Category_2","parameterNumber":3,"parameterNumberName":"UnknownParameter_D0_C2_3","parameterUnit":"Unknown","genProcessType":2,"genProcessTypeName":"Forecast","forecastTime":240,"surface1Type":103,"surface1TypeName":"Specified height level above ground","surface1Value":10.0,"surface2Type":255,"surface2TypeName":"Missing","surface2Value":0.0,"gridDefinitionTemplate":0,"gridDefinitionTemplateName":"Latitude_Longitude","numberPoints":615,"shape":6,"shapeName":"Earth spherical with radius of 6,371,229.0 m","gridUnits":"degrees","resolution":48,"winds":"true","scanMode":64,"nx":41,"ny":15,"basicAngle":0,"lo1":47.0,"la1":41.0,"lo2":87.0,"la2":55.0,"dx":1.0,"dy":1.0}, "data":
[rows 0 to 14 of 15, columns 0 to 40 of 41]
0.29319093,-1.6568091,0.8431909,4.403191,-0.23680907,-2.5468092,-3.436809,-3.406809,-2.706809,-3.2968092,-2.936809,-2.3768091,-0.13680908,1.913191,1.2031909,0.08319092,-0.8268091,-0.056809083,0.44319093,1.9731909,-1.9068091,-3.0568092,0.63319093,-1.326809,0.22319092,-1.216809,-1.2868091,-0.6768091,0.80319095,1.413191,-1.6768091,-2.5868092,1.3431909,-2.6168091,-1.1468091,-2.2968092,-2.696809,-3.5768092,4.343191,1.4731909,2.6731908
3.6931908,0.9731909,-0.9568091,0.6431909,-2.756809,-2.666809,-3.5668092,-3.0568092,-3.286809,-3.466809,-2.716809,-1.966809,-2.2968092,-0.26680908,0.6031909,1.1031909,1.2231909,-0.15680908,-0.61680907,2.753191,1.0931909,-3.3368092,1.9831909,2.273191,-0.5868091,-1.4068091,-3.526809,1.4631909,-0.026809081,0.8631909,3.823191,4.253191,-1.1868091,-0.16680908,-4.726809,-3.236809,-2.676809,-4.9868093,-2.236809,-1.586809,0.053190917
2.493191,3.543191,1.053191,-1.2468091,-2.6168091,-2.666809,-3.686809,-3.7968092,-3.726809,-4.086809,-3.6068091,-4.386809,-2.0668092,-1.4868091,-1.2468091,-0.23680907,2.4131908,1.553191,-0.38680908,-0.9668091,4.213191,1.0931909,0.6631909,1.523191,2.573191,0.5831909,0.7731909,0.7131909,0.023190917,1.933191,5.083191,2.073191,1.9531909,0.2531909,0.35319093,-0.5268091,2.1231909,-1.5368091,-1.1868091,-0.7668091,-0.5968091
1.7131909,1.6431909,0.35319093,-0.81680906,-2.746809,-2.406809,-3.6168091,-4.016809,-3.676809,-3.986809,-3.146809,-3.286809,-5.066809,-5.586809,-0.5768091,1.3731909,0.56319094,0.9131909,0.9731909,-0.5368091,5.223191,4.133191,-3.726809,1.2631909,3.9031909,3.6831908,1.0731909,-1.3868091,2.1531909,2.1831908,-0.9068091,-1.1568091,-1.8568091,-1.2768091,-0.9868091,-1.1868091,1.663191,1.2431909,-0.62680906,-0.20680909,-0.45680907
2.243191,2.073191,0.19319092,-0.8968091,-2.756809,-2.8468091,-2.6068091,-2.676809,-3.726809,-4.396809,-6.036809,-6.876809,-8.006809,-6.146809,-3.766809,-2.196809,1.3931909,1.9531909,0.7031909,-0.5968091,0.5931909,1.293191,5.923191,1.523191,3.533191,2.9131908,1.913191,2.083191,2.543191,1.7231909,1.033191,0.9531909,1.2231909,2.4231908,-0.8868091,-0.116809085,-4.686809,1.8231909,-0.56680906,0.093190916,-1.3968091
2.1931908,1.0131909,0.3431909,-2.466809,-3.526809,-1.8968091,-3.3768091,-4.756809,-4.376809,-4.746809,-5.826809,-6.436809,-8.546809,-5.9868093,-0.23680907,0.50319093,2.513191,2.333191,1.0931909,3.6631908,3.273191,3.3931909,3.713191,1.173191,4.113191,3.053191,2.1531909,1.173191,1.773191,-0.4368091,-0.45680907,-1.836809,-0.29680908,-0.4368091,0.6631909,-1.596809,0.39319092,-3.266809,-4.316809,3.563191,1.6231909
2.543191,3.033191,1.9631909,-0.45680907,-1.8568091,-1.816809,-3.466809,-4.316809,-4.006809,-5.636809,-5.246809,-5.526809,-8.236809,-7.256809,-3.386809,-1.6868091,0.9731909,-0.16680908,-0.44680908,1.153191,0.39319092,1.1431909,3.973191,1.8631909,2.483191,2.313191,0.26319093,0.32319093,-0.81680906,0.27319092,0.04319092,-0.26680908,-2.0968091,-3.236809,-0.5368091,-1.076809,0.6631909,0.6131909,-1.2768091,-0.68680906,-4.206809
0.14319092,3.1231909,1.5931909,0.8931909,0.10319092,-1.7668091,-3.386809,-3.7968092,-3.946809,-5.306809,-5.4868093,-5.106809,-7.066809,-6.046809,-6.086809,-3.966809,-3.946809,-3.0668092,-0.99680907,1.1231909,-2.3268092,-2.3568091,-3.036809,3.023191,3.293191,2.4131908,4.3031907,0.5231909,-0.4668091,-0.7868091,-0.12680908,-0.56680906,-1.1268091,-2.5768092,-1.6168091,-1.336809,-0.80680907,-0.13680908,0.08319092,1.783191,-0.8868091
1.8631909,1.9631909,1.673191,0.87319094,0.9731909,-1.0368091,-2.726809,-3.6268091,-4.386809,-4.056809,-5.6968093,-5.876809,-6.276809,-6.396809,-5.476809,-4.556809,-3.8768091,-3.396809,-1.6668091,-1.9868091,0.21319091,-3.1268091,-3.646809,-2.276809,0.88319093,2.553191,1.3331909,2.1231909,1.913191,2.023191,1.413191,-1.0168091,-1.2468091,-0.9768091,-1.566809,-2.406809,-1.7868091,0.063190915,-0.5268091,-0.62680906,-1.586809
2.793191,2.4131908,2.3931909,2.213191,2.323191,0.2531909,-1.5068091,-2.8768091,-3.8768091,-3.8168092,-4.1768093,-5.116809,-5.586809,-5.406809,-5.616809,-5.056809,-3.8268092,-3.776809,-2.636809,-1.326809,-1.0068091,-1.586809,-2.5668092,-2.246809,-2.1268091,-0.5368091,-1.206809,0.2531909,0.12319092,-1.216809,0.093190916,-0.87680906,-1.6068091,-0.3768091,0.8331909,1.8331909,0.13319091,-1.6368091,0.30319092,2.4031909,2.343191
3.6431909,3.4131908,3.313191,2.6831908,2.223191,2.1931908,0.8431909,-0.3168091,-2.216809,-3.026809,-3.016809,-2.206809,-3.8168092,-3.5468092,-4.706809,-5.246809,-4.496809,-4.206809,-2.0668092,-1.566809,-1.346809,-1.456809,-2.3368092,-2.656809,-2.476809,-1.466809,-0.62680906,-1.566809,-1.6268091,-1.0568091,-2.016809,-2.5868092,-3.156809,-2.236809,-0.74680907,1.9831909,1.8431909,1.8931909,1.303191,1.5131909,0.7631909
2.233191,3.043191,3.303191,3.3931909,3.323191,1.7531909,0.9631909,0.5131909,0.14319092,-1.0268091,-1.6168091,-2.926809,-3.8368092,-3.456809,-3.686809,-3.496809,-2.5868092,-3.006809,-1.6768091,-1.326809,-0.8268091,-1.7568091,-1.2768091,-1.4868091,-0.7268091,-1.6868091,-0.8968091,-1.2568091,-1.7768091,-2.436809,-3.0868092,-3.986809,-3.936809,-3.8568091,-2.8568091,-3.036809,-2.3668091,-0.7668091,0.12319092,0.3131909,-0.41680908
2.9531908,3.4331908,3.493191,2.9531908,2.963191,1.8631909,1.3931909,1.423191,1.8831909,1.0031909,-0.24680908,-1.5268091,-2.156809,-2.6068091,-2.536809,-2.5568092,-2.186809,-2.276809,-1.8768091,-1.0268091,0.04319092,0.4931909,0.44319093,-0.2768091,-0.2868091,-0.8268091,-0.7768091,-0.8468091,-1.4068091,-1.706809,-2.6268091,-3.5468092,-3.996809,-4.286809,-4.4868093,-3.916809,-3.8368092,-1.956809,-2.0568092,-1.196809,0.6631909
3.3731909,3.323191,3.9331908,4.403191,2.9531908,3.273191,2.9331908,2.773191,2.1931908,2.743191,1.4731909,0.18319091,-0.35680908,-0.3468091,-0.8868091,-0.6668091,0.33319092,-0.3768091,-0.22680908,0.24319091,0.41319093,0.7931909,1.0031909,1.2131909,0.9731909,-0.026809081,-0.7368091,-0.8468091,-1.346809,-1.446809,-1.7968091,-2.236809,-2.636809,-3.1068091,-3.3468091,-3.976809,-3.5768092,-3.3768091,-2.5668092,-0.9868091,-0.116809085
2.583191,3.313191,3.473191,5.333191,5.5131907,4.753191,4.833191,3.963191,3.3931909,2.9131908,1.8931909,2.363191,2.4131908,0.16319092,2.2031908,1.9531909,2.083191,1.6231909,1.7131909,2.013191,1.933191,1.803191,1.773191,1.2131909,0.93319094,0.7131909,0.7731909,0.35319093,0.21319091,-0.21680908,-0.7068091,-1.5168091,-1.9068091,-2.486809,-2.666809,-3.226809,-3.1268091,-2.886809,-2.216809,-3.266809,-0.55680907
