wind_kz.json
{"header": {"discipline":0,"disciplineName":"Meteorological products","gribEdition":2,"gribLength":871,"center":7,"centerName":"US National Weather Service - NCEP(WMC)","subcenter":0,"refTime":"2023-08-18T00:00:00.000Z","significanceOfRT":1,"significanceOfRTName":"Start of forecast","productStatus":0,"productStatusName":"Operational products","productType":1,"productTypeName":"Forecast products","productDefinitionTemplate":0,"productDefinitionTemplateName":"Analysis/forecast at horizontal level/layer at a point in time","parameterCategory":0,"parameterCategoryName":"UnknownDiscipline_0_Category_0","parameterNumber":0,"parameterNumberName":"UnknownParameter_D0_C0_0","parameterUnit":"Unknown","genProcessType":2,"genProcessTypeName":"Forecast","forecastTime":120,"surface1Type":1,"surface1TypeName":"Ground or water surface","surface1Value":0.0,"surface2Type":255,"surface2TypeName":"Missing","surface2Value":0.0,"gridDefinitionTemplate":0,"gridDefinitionTemplateName":"Latitude_Longitude","numberPoints":615,"shape":6,"shapeName":"Earth spherical with radius of 6,371,229.0 m","gridUnits":"degrees","resolution":48,"winds":"true","scanMode":64,"nx":41,"ny":15,"basicAngle":0,"lo1":47.0,"la1":41.0,"lo2":87.0,"la2":55.0,"dx":1.0,"dy":1.0}, "data":
[rows 0 to 14 of 15, columns 0 to 40 of 41]
294.17114,288.87115,294.57114,299.47113,298.87115,297.87115,299.37115,301.57114,299.87115,300.37115,299.57114,301.07114,300.07114,299.97113,299.67114,295.97113,295.77115,296.47113,295.97113,295.17114,295.37115,290.37115,289.27115,288.37115,289.57114,292.77115,290.47113,275.67114,273.77115,273.77115,274.67114,276.17114,286.87115,293.47113,296.17114,297.47113,296.37115,297.87115,299.07114,300.07114,300.77115
276.47113,293.37115,299.17114,299.47113,299.27115,297.77115,299.47113,299.37115,298.47113,299.97113,300.17114,298.47113,297.37115,297.27115,294.27115,294.17114,294.37115,293.57114,295.87115,295.87115,294.87115,294.47113,293.87115,285.97113,273.97113,275.57114,284.77115,274.07114,276.37115,272.17114,277.97113,269.37115,278.97113,259.87115,276.17114,291.97113,290.67114,293.27115,297.97113,288.47113,284.07114
294.67114,299.17114,299.67114,299.27115,297.07114,297.27115,298.27115,299.57114,300.97113,297.87115,297.97113,298.47113,296.87115,297.47113,296.47113,296.27115,294.47113,294.17114,294.67114,295.37115,296.27115,294.67114,296.07114,291.07114,289.57114,289.77115,290.77115,289.57114,290.77115,282.27115,275.17114,275.07114,280.27115,280.37115,281.47113,282.67114,277.77115,278.77115,281.47113,276.77115,274.97113
293.47113,300.07114,299.57114,298.67114,296.47113,295.97113,297.07114,297.87115,298.67114,298.67114,298.57114,298.07114,296.17114,295.07114,294.07114,294.17114,296.37115,296.67114,296.37115,294.07114,295.37115,291.47113,296.27115,295.97113,293.07114,294.57114,295.37115,293.47113,290.07114,291.47113,292.07114,288.37115,294.47113,288.57114,289.77115,286.97113,278.77115,276.87115,283.87115,293.87115,296.97113
296.97113,300.07114,299.87115,299.27115,298.17114,297.37115,298.47113,300.07114,299.17114,299.17114,297.87115,296.47113,296.47113,294.97113,292.17114,297.17114,297.27115,296.87115,294.57114,296.37115,296.77115,297.37115,295.67114,295.67114,295.37115,293.27115,291.57114,292.17114,288.97113,292.37115,294.67114,291.17114,280.07114,270.87115,284.37115,292.27115,292.87115,296.17114,299.47113,300.37115,299.77115
297.27115,295.27115,298.77115,298.87115,299.17114,299.07114,298.47113,299.37115,299.07114,298.57114,298.27115,297.97113,295.47113,295.37115,294.87115,295.07114,296.37115,296.07114,296.27115,297.57114,296.47113,295.87115,295.57114,293.57114,292.57114,292.77115,292.07114,294.07114,294.27115,295.97113,295.07114,296.97113,293.67114,290.27115,290.97113,292.57114,288.57114,289.47113,296.67114,300.27115,298.07114
300.17114,296.07114,296.77115,297.07114,298.67114,296.57114,296.97113,300.07114,300.57114,300.97113,298.27115,297.37115,297.27115,296.47113,295.97113,296.97113,294.97113,295.47113,295.47113,295.47113,295.27115,296.07114,296.17114,295.27115,295.27115,294.07114,293.27115,293.47113,292.67114,292.67114,293.17114,293.57114,295.17114,294.37115,291.37115,290.17114,288.07114,285.97113,281.67114,282.67114,292.47113
298.87115,297.67114,298.67114,299.17114,300.77115,299.97113,297.37115,297.07114,297.17114,297.87115,296.37115,295.47113,296.17114,297.27115,296.67114,296.57114,295.37115,294.77115,294.57114,292.77115,293.27115,293.77115,293.87115,295.07114,294.07114,290.27115,290.67114,291.07114,289.37115,291.57114,292.57114,290.97113,292.57114,287.87115,286.47113,290.27115,293.47113,289.27115,291.87115,291.67114,287.17114
296.57114,296.47113,296.77115,297.77115,300.47113,299.87115,298.37115,299.17114,297.67114,297.47113,297.97113,297.27115,295.87115,296.57114,295.37115,295.77115,294.97113,293.97113,293.07114,291.37115,290.07114,290.77115,291.57114,292.27115,290.67114,290.77115,287.47113,286.77115,285.57114,284.07114,286.77115,287.57114,288.17114,289.57114,288.97113,287.77115,288.37115,288.27115,277.77115,279.67114,278.57114
294.57114,295.87115,295.87115,295.97113,295.87115,296.57114,297.17114,296.47113,297.57114,297.97113,294.57114,293.07114,294.87115,295.27115,295.77115,295.67114,294.07114,293.17114,292.27115,291.27115,289.67114,289.87115,290.07114,290.17114,290.37115,288.47113,288.27115,287.87115,287.27115,286.27115,286.37115,289.77115,291.27115,290.77115,289.87115,288.37115,287.07114,284.57114,279.47113,278.17114,278.37115
293.57114,293.57114,294.97113,294.37115,294.27115,293.57114,296.37115,294.17114,291.67114,292.47113,292.17114,292.47113,292.87115,293.07114,294.77115,295.47113,294.17114,293.47113,292.37115,290.37115,290.07114,289.67114,288.17114,286.77115,287.97113,287.57114,286.17114,287.87115,288.67114,289.27115,289.27115,289.77115,289.47113,288.67114,288.07114,288.17114,284.57114,280.97113,280.57114,281.47113,282.37115
289.37115,291.37115,291.87115,291.27115,293.17114,292.87115,291.07114,290.67114,291.87115,291.17114,288.37115,289.87115,290.87115,291.17114,292.27115,294.07114,293.67114,294.17114,294.17114,291.47113,288.97113,287.57114,287.37115,287.87115,287.27115,287.77115,287.67114,288.97113,288.97113,287.97113,285.77115,287.07114,286.47113,285.67114,285.27115,285.07114,285.07114,284.77115,285.67114,286.07114,285.77115
288.07114,288.57114,289.87115,289.67114,289.77115,289.57114,290.17114,288.77115,288.27115,288.17114,284.97113,283.97113,287.07114,288.37115,291.17114,290.07114,289.77115,292.97113,294.07114,293.67114,292.27115,290.37115,287.77115,286.07114,287.07114,287.97113,289.07114,287.87115,287.67114,285.77115,285.37115,284.27115,283.77115,283.77115,284.07114,283.77115,283.97113,284.97113,285.27115,283.87115,283.67114
286.57114,288.77115,290.37115,290.17114,289.57114,289.67114,289.67114,289.17114,288.97113,288.47113,287.37115,285.07114,286.27115,286.17114,285.97113,287.47113,287.97113,288.07114,288.87115,291.97113,293.97113,292.37115,290.87115,290.07114,287.47113,289.07114,286.77115,286.87115,285.77115,284.67114,283.67114,282.87115,282.37115,281.87115,281.37115,281.17114,281.17114,280.87115,280.37115,280.37115,281.67114
286.77115,286.87115,291.67114,289.47113,287.77115,287.37115,288.47113,288.37115,288.47113,288.07114,287.77115,286.57114,285.27115,284.97113,285.27115,285.57114,286.57114,285.77115,288.17114,289.67114,291.37115,290.57114,290.37115,289.67114,290.07114,287.77115,286.27115,285.97113,284.47113,284.27115,286.17114,285.07114,284.07114,281.57114,280.87115,280.57114,280.57114,280.17114,280.57114,280.97113,281.17114
