wind_kz.json
{"header": {"discipline":0,"disciplineName":"Meteorological products","gribEdition":2,"gribLength":1025,"center":7,"centerName":"US National Weather Service - NCEP(WMC)","subcenter":0,"refTime":"2023-08-23T00:00:00.000Z","significanceOfRT":1,"significanceOfRTName":"Start of forecast","productStatus":0,"productStatusName":"Operational products","productType":1,"productTypeName":"Forecast products","productDefinitionTemplate":0,"productDefinitionTemplateName":"Analysis/forecast at horizontal level/layer at a point in time","parameterCategory":2,"parameterCategoryName":"UnknownDiscipline_0_Category_2","parameterNumber":2,"parameterNumberName":"UnknownParameter_D0_C2_2","parameterUnit":"Unknown","genProcessType":2,"genProcessTypeName":"Forecast","forecastTime":0,"surface1Type":103,"surface1TypeName":"Specified height level above ground","surface1Value":10.0,"surface2Type":255,"surface2TypeName":"Missing","surface2Value":0.0,"gridDefinitionTemplate":0,"gridDefinitionTemplateName":"Latitude_Longitude","numberPoints":615,"shape":6,"shapeName":"Earth spherical with radius of 6,371,229.0 m","gridUnits":"degrees","resolution":48,"winds":"true","scanMode":64,"nx":41,"ny":15,"basicAngle":0,"lo1":47.0,"la1":41.0,"lo2":87.0,"la2":55.0,"dx":1.0,"dy":1.0}, "data":
[rows 0 to 14 of 15, columns 0 to 40 of 41]
-0.2634082,-1.9834082,3.386592,2.6865919,4.766592,-0.2734082,2.7365918,3.156592,-0.5334082,2.5365918,1.0065918,0.9165918,-1.1334082,-1.7934082,-1.6034082,-1.0334082,-1.2834082,-1.1334082,-3.2834082,-2.0434082,-1.3234082,1.0565917,-1.8634082,-1.4134082,-0.9234082,-2.7834082,-3.1834083,-0.8534082,0.8965918,1.1965919,1.0165918,1.3265918,0.8665918,-0.2634082,0.2765918,-1.0434082,-0.3734082,-1.8634082,-4.0234084,-1.9134082,-6.0434084
1.1765918,3.3165917,4.116592,3.406592,1.1965919,-0.3934082,1.4465919,1.4565918,1.7565918,0.7765918,2.8665917,2.2065918,2.666592,-0.6534082,0.4465918,-1.1934083,-0.1034082,-1.4134082,0.5265918,1.4365917,0.036591798,-0.3334082,-1.8434082,-2.7334082,0.53659177,0.1865918,-0.4934082,0.086591795,-1.2734082,-0.0534082,-0.1534082,0.1665918,-0.3434082,-0.7234082,0.39659178,0.1165918,-0.35340822,0.5265918,-1.0234082,0.1065918,-6.2034082
2.646592,4.0465918,2.2965918,1.3065917,-0.123408206,0.7365918,2.4665918,3.1165917,2.4965918,-0.08340821,1.3865918,2.0365918,2.136592,1.4465919,0.3765918,1.8665918,0.016591797,1.9665918,1.6565918,2.646592,1.9065918,0.2965918,-1.0134082,-0.4834082,-0.2334082,1.1665918,1.5565917,-0.1634082,-2.3734083,-0.6634082,-1.1234082,1.5765918,0.1465918,-0.033408202,0.5265918,-0.3834082,0.1465918,0.036591798,1.4965918,2.0465918,0.7465918
3.3265917,5.6465917,4.576592,2.7365918,0.5065918,1.3965918,1.8865918,0.2665918,-2.1234083,-1.8134083,-3.5334082,-3.1834083,2.6265917,1.5265918,1.0265918,2.8765917,0.8965918,1.9965918,1.5265918,0.8965918,-0.6934082,0.3365918,1.5365918,3.4265919,1.5365918,2.6265917,-2.5334082,-0.6234082,-0.123408206,0.1765918,-1.0134082,-1.8334082,0.7265918,-2.9734082,-2.2034082,-1.8134083,-1.6234082,1.1465918,-0.5134082,1.5365918,2.656592
3.3465917,5.716592,5.656592,5.576592,4.676592,3.3665917,2.906592,2.9965918,2.3765917,-0.023408202,-3.0334082,-2.3934083,-2.6434083,-1.9234082,0.2065918,1.6165918,2.3265917,2.2665918,1.8065917,-1.4334083,1.1965919,1.7865918,-1.7434082,-2.4234083,-1.4134082,-0.3634082,-3.1834083,0.4665918,-3.0034082,-2.8234081,-3.6634083,-2.9734082,-2.113408,0.7665918,3.2265918,0.7665918,0.3265918,0.5065918,2.5965917,-0.9234082,-0.1134082
3.4965918,3.1065917,4.756592,6.216592,6.906592,6.9565916,6.236592,2.8565917,3.0865917,2.8165917,2.0565917,0.6565918,-1.0034082,0.1065918,-4.2734084,0.4965918,2.0565917,2.8565917,1.9665918,1.9765918,-1.0934082,-2.603408,-3.343408,-2.343408,-0.7234082,-3.2434082,-3.353408,-3.9034083,-3.343408,-4.8134084,-1.9334083,-2.093408,-2.5034082,0.056591798,-0.2034082,-0.5534082,0.7965918,1.7765918,3.396592,-4.303408,-2.7534082
3.7765918,4.016592,0.4965918,-1.4634082,-0.2534082,5.1265917,6.716592,4.9165916,4.446592,4.486592,4.136592,2.2665918,2.4465919,2.2865918,2.2765918,1.5865918,2.166592,3.2165918,3.0465918,2.4265919,0.2565918,-0.7934082,-0.3434082,-1.2134082,-1.8134083,-1.2234082,-1.6034082,-2.7234082,-3.4034083,-2.613408,-2.0634081,-1.8134083,0.4165918,-1.9234082,-3.5234082,-1.3134083,-1.0134082,2.6865919,-0.35340822,1.3565918,5.636592
-1.0834082,-1.4034082,-0.9534082,-0.1934082,-0.033408202,1.6265918,1.2565918,1.9965918,5.7965918,3.5965917,2.4265919,4.176592,2.1865919,2.4265919,3.3665917,0.21659179,1.9465919,-0.1034082,2.4565918,0.7765918,1.6665918,1.3565918,-0.5734082,-1.6934083,-2.0434082,-0.6934082,0.2365918,-0.9234082,-1.7134082,-1.0634083,-0.5834082,0.6665918,1.3965918,0.4665918,-2.0434082,1.4465919,2.7365918,2.6065917,2.5565917,2.5265918,-0.033408202
0.2365918,0.5165918,-0.2834082,1.2265918,2.2565918,2.7265918,3.7065918,2.9365919,3.7965918,6.4765916,1.4865918,1.2665918,4.806592,2.4865918,3.0865917,4.326592,3.8465917,3.1765919,1.4965918,-0.7034082,-0.08340821,1.7365918,0.2565918,-0.7534082,-0.08340821,0.4365918,-0.14340821,-0.3434082,1.4965918,0.5265918,1.6165918,2.8565917,2.6865919,-1.2034082,-0.1034082,-0.4034082,-0.0634082,-2.0234082,-1.2734082,1.1965919,-1.2134082
-0.3334082,-0.1334082,0.6365918,2.0165918,3.2565918,3.636592,4.5465918,5.556592,3.9765918,3.166592,3.0565917,3.0165918,2.156592,1.4165918,3.416592,2.2265918,4.386592,2.166592,0.016591797,-1.3334082,-0.29340822,1.2965918,-0.2534082,-0.8034082,-2.113408,-1.7334082,-0.9834082,0.5165918,1.8865918,2.7265918,1.7165918,2.0365918,0.9265918,-0.4134082,-0.96340823,-1.2234082,-1.8834082,-0.2534082,-1.4234082,-0.1934082,0.1765918
1.7365918,1.9565918,1.8665918,1.9965918,1.6765918,2.896592,4.016592,4.036592,2.8165917,3.2665918,2.4765918,2.4365919,2.5765917,2.386592,3.6165917,2.906592,2.406592,2.2365918,0.2265918,3.1165917,2.0665917,0.4365918,-0.9434082,-0.7334082,-0.7734082,-1.5234082,-1.1834083,-1.0834082,-1.7834082,-0.7834082,0.3365918,0.24659179,-1.2634082,0.6265918,0.6465918,0.1565918,-1.7534082,0.1465918,-0.9834082,0.9865918,-1.1134082
2.146592,2.4865918,2.3565917,1.6365918,1.9765918,1.4765918,-0.3634082,-2.103408,-0.3734082,1.3065917,2.4265919,4.966592,5.6865916,5.8165917,5.1465917,2.6165917,4.0665917,3.156592,2.3765917,0.9865918,0.3565918,0.2565918,-1.9634082,-0.4534082,-0.1334082,-0.4234082,-1.5734082,-1.2534082,-1.5234082,-2.1434083,-1.5234082,-1.4234082,-0.5634082,1.6165918,1.2065918,1.2565918,0.1765918,-0.8634082,0.24659179,-0.3734082,-0.5434082
1.0165918,0.6765918,0.1265918,1.2665918,1.5065918,1.1665918,0.6965918,-0.2234082,-0.3634082,1.6365918,0.42659178,2.8665917,3.4965918,6.9765916,2.3265917,1.4965918,2.3565917,1.8865918,0.4065918,0.3465918,0.6465918,0.2865918,0.7065918,-0.5434082,0.5565918,-1.9734082,-2.2234082,-2.3734083,-2.2434082,-2.2934082,-2.4034083,-1.2934082,-0.1134082,-0.1034082,2.5265918,2.1965919,-0.3334082,-0.6734082,-0.5934082,-0.6634082,-0.8034082
1.5765918,1.6165918,3.4365919,1.5765918,1.2965918,0.8065918,0.6265918,0.6965918,1.1865917,1.1765918,0.21659179,0.2965918,1.5565917,-1.2434082,-0.6634082,-0.3734082,-2.2234082,-2.853408,-3.0734081,-3.2834082,0.046591796,-2.2534082,-1.9334083,-2.4734082,-2.4734082,-2.4434083,-2.1934083,-1.9234082,-2.843408,-2.8834083,-2.5134082,-0.6334082,0.016591797,0.9465918,1.1765918,1.4065918,0.4065918,-0.0734082,-1.1234082,0.1665918,-0.6134082
1.4465919,2.3165917,3.646592,2.1765919,2.2265918,1.3765918,1.3465918,0.086591795,0.7965918,-0.5634082,0.4865918,0.7465918,-0.3034082,-0.1934082,-1.2334082,-0.4934082,-1.0234082,-2.353408,-4.733408,-5.5434084,-5.1234083,-4.863408,-3.3834083,-3.2734082,-1.9334083,-1.1534082,-1.3634082,-1.4634082,-1.5634083,-1.3534082,-0.7634082,-0.6734082,1.0565917,1.8965918,2.8065917,2.1165917,0.7765918,1.4865918,-0.1834082,-0.9534082,-1.3734082
