wind_kz.json
{"header": {"discipline":0,"disciplineName":"Meteorological products","gribEdition":2,"gribLength":1025,"center":7,"centerName":"US National Weather Service - NCEP(WMC)","subcenter":0,"refTime":"2023-08-25T12:00:00.000Z","significanceOfRT":1,"significanceOfRTName":"Start of forecast","productStatus":0,"productStatusName":"Operational products","productType":1,"productTypeName":"Forecast products","productDefinitionTemplate":0,"productDefinitionTemplateName":"Analysis/forecast at horizontal level/layer at a point in time","parameterCategory":2,"parameterCategoryName":"UnknownDiscipline_0_Category_2","parameterNumber":3,"parameterNumberName":"UnknownParameter_D0_C2_3","parameterUnit":"Unknown","genProcessType":2,"genProcessTypeName":"Forecast","forecastTime":60,"surface1Type":103,"surface1TypeName":"Specified height level above ground","surface1Value":10.0,"surface2Type":255,"surface2TypeName":"Missing","surface2Value":0.0,"gridDefinitionTemplate":0,"gridDefinitionTemplateName":"Latitude_Longitude","numberPoints":615,"shape":6,"shapeName":"Earth spherical with radius of 6,371,229.0 m","gridUnits":"degrees","resolution":48,"winds":"true","scanMode":64,"nx":41,"ny":15,"basicAngle":0,"lo1":47.0,"la1":41.0,"lo2":87.0,"la2":55.0,"dx":1.0,"dy":1.0}, "data":
[rows 0 to 14 of 15, columns 0 to 40 of 41]
-0.12483887,-1.5648389,2.3051612,7.805161,4.535161,-1.4048389,-2.8748388,-3.7048388,2.1351612,2.3651612,2.8251612,2.265161,0.77516115,1.6651611,1.6151612,-0.10483887,-1.9348389,-2.744839,-2.3848388,-0.84483886,-1.0248389,0.04516113,-4.104839,1.4751611,-1.2948389,-1.5648389,-0.38483888,0.29516113,-1.6148388,1.5551611,0.115161136,-1.8848388,0.85516113,-2.1848388,0.07516113,-2.4248388,-0.23483887,-3.254839,-2.8348389,-2.494839,0.085161135
0.97516114,1.0151612,1.9951612,6.5051613,3.235161,-1.6148388,-1.9648389,-1.7348388,0.17516114,1.7251611,2.185161,1.9551611,1.0251611,2.505161,0.95516115,0.035161134,-0.96483886,-1.1448388,-1.8748388,-1.0448389,-0.79483885,1.5451611,1.3151611,2.1751611,2.4051611,-0.19483887,0.9951611,1.7951611,-0.36483887,2.3251612,1.9351611,1.9151611,1.4951612,0.5651611,-0.36483887,-1.1948389,-1.6448388,-4.594839,-1.3548388,-2.4048388,1.4651611
2.035161,5.245161,3.695161,2.535161,0.29516113,-1.0148388,-0.48483887,-0.6348389,1.6651611,2.3351612,2.485161,2.4051611,2.225161,1.0851611,0.6851611,0.22516114,-0.11483887,-0.36483887,-0.36483887,-0.47483885,-0.7048389,-0.37483886,0.25516114,4.605161,3.185161,1.3851612,1.2351612,2.8351612,0.04516113,0.19516113,0.115161136,0.6951611,1.2251611,-0.48483887,-0.84483886,-0.34483886,-0.37483886,-4.124839,-0.83483887,-0.58483887,1.1351612
1.9051611,5.605161,4.7951612,3.705161,1.8851612,1.3051611,1.4851612,2.0851612,1.5151612,2.5551612,3.035161,2.1151612,1.4051611,0.43516114,0.38516113,-0.22483887,0.31516114,-0.22483887,-1.3248389,1.0951611,0.48516113,0.6751611,-2.974839,0.22516114,3.0551612,4.4651613,3.8851612,3.1151612,2.8251612,3.755161,2.775161,-2.6748388,0.9351611,1.7051611,-0.5748389,0.88516116,1.4851612,2.245161,0.5051611,0.53516114,0.36516112
3.265161,6.285161,5.475161,4.585161,3.2951612,2.255161,2.5551612,2.275161,1.9951612,1.7851611,2.0951612,1.9751611,0.14516114,-1.0648389,-0.89483887,-0.7048389,-2.1148388,-0.23483887,0.24516113,-0.77483886,0.5051611,-0.19483887,-0.59483886,-1.0448389,4.9651613,5.415161,4.565161,5.375161,3.1651611,2.6151612,4.835161,1.8851612,-0.6948389,1.6151612,-0.5548389,-3.3248389,-8.744839,-4.7048388,-2.3648388,0.64516115,-1.2748389
2.975161,2.475161,3.9051611,3.3551612,3.3651612,3.6251612,2.985161,3.025161,1.5751611,1.8051611,0.7451611,1.7451612,1.9251611,-0.13483886,2.8251612,1.0051612,-1.3848388,-2.234839,-1.2148389,-1.5548389,-0.044838868,-0.9348389,0.22516114,-0.6848389,1.0951611,3.245161,2.4051611,4.455161,3.6351612,4.845161,6.975161,5.745161,3.4251611,1.8551612,1.2651612,-5.334839,-0.33483887,-6.714839,-6.674839,-4.4548388,-2.794839
4.325161,4.825161,4.975161,4.115161,1.2451612,1.9651611,3.9151611,4.835161,4.1751614,2.6451612,2.5651612,3.5851612,3.445161,3.485161,2.515161,1.0551611,0.09516113,-0.7448389,-1.2848389,-0.91483885,-0.59483886,-0.9348389,-3.794839,-0.064838864,2.975161,2.715161,1.5851611,3.495161,4.315161,3.745161,6.185161,5.855161,6.225161,0.57516116,-1.7848389,0.7451611,1.0551611,2.005161,-1.3148389,-4.614839,-9.834839
1.9151611,3.255161,3.5651612,4.105161,3.215161,3.5551612,3.5851612,3.6751611,5.555161,4.125161,5.375161,5.625161,3.985161,4.395161,2.6051612,1.5151612,-0.22483887,1.0351611,-0.5648389,-0.22483887,-1.0248389,-0.12483887,-2.504839,0.51516116,2.8851612,3.785161,4.1951613,3.695161,2.5751612,4.265161,6.2751613,4.955161,4.975161,2.3051612,2.3351612,1.3551612,2.475161,0.24516113,-4.4548388,2.435161,0.5651611
-2.3748388,-2.534839,-1.1448388,0.085161135,0.6951611,2.0851612,3.8951612,3.0651612,4.2551613,3.6151612,3.8951612,4.9851613,4.9851613,4.055161,2.8851612,0.44516113,1.0951611,0.82516116,1.5451611,0.30516112,0.6751611,-1.0648389,-2.1648388,-4.4748387,3.955161,3.695161,5.1951613,3.1151612,4.0051613,2.8151612,6.105161,7.225161,6.855161,4.055161,1.3951612,-2.0948389,-0.84483886,-0.064838864,-4.524839,0.085161135,-0.35483888
-2.5948389,-2.1548388,-3.014839,-4.314839,-3.6148388,-0.8748389,-0.65483886,1.1551611,2.1551611,3.0651612,2.1151612,2.495161,3.3951612,2.6151612,3.255161,2.9251611,2.1251612,1.1451612,2.1351612,1.0551611,-0.96483886,-0.86483884,0.6151611,-1.8348389,-2.1248388,2.535161,3.285161,3.6151612,3.695161,3.5851612,3.285161,1.8551612,5.4851613,3.6051612,1.0951611,1.7551612,0.83516115,-2.6048388,2.3951612,1.9251611,3.535161
-3.2048388,-3.1048388,-3.714839,-3.6248388,-2.8748388,-2.7048388,-2.4048388,-1.3148389,0.14516114,0.6851611,3.235161,4.205161,4.4651613,3.535161,2.975161,3.535161,2.9251611,2.3751612,2.1451612,1.6151612,0.59516114,0.88516116,-1.2548388,-1.3148389,-2.5848389,2.4151611,2.765161,2.5951612,3.9251611,2.5851612,2.015161,0.63516116,2.0851612,3.4151611,2.1151612,3.025161,1.3351611,2.3951612,-1.5548389,0.85516113,0.49516115
-1.9348389,-3.024839,-3.2048388,-2.8748388,-2.534839,-2.9248388,-3.3748388,-2.524839,-1.7348388,-1.1548389,2.185161,1.5251611,2.935161,2.8951612,4.415161,3.755161,3.3951612,2.8451612,2.715161,1.7051611,-0.054838866,-1.3548388,0.42516112,-1.2848389,-4.164839,-1.7348388,1.8551612,2.3751612,1.6851611,1.3051611,2.025161,2.3751612,0.88516116,0.24516113,1.7951611,3.3151612,4.915161,2.0651612,1.8551612,0.055161133,0.78516114
-1.1448388,-0.6948389,-1.7048389,-0.26483887,-1.2248389,-1.4048389,-2.034839,-1.8748388,-1.0948389,0.37516114,0.10516113,1.1551611,2.8251612,2.8151612,3.3551612,3.3951612,3.1651611,3.3751612,2.465161,2.455161,2.0451612,0.8651611,-0.35483888,-0.7448389,-2.6248388,-2.6448388,-1.3148389,-2.304839,-2.4248388,-1.6448388,2.185161,3.035161,0.52516115,0.91516113,-1.9048389,5.405161,4.115161,0.70516115,-3.054839,0.29516113,-0.38483888
-0.96483886,-2.244839,-3.1648388,-2.524839,-2.4548388,-2.1848388,-2.6448388,-2.8348389,-1.7448388,-0.52483886,-0.28483886,0.14516114,0.88516116,4.385161,2.3951612,3.1651611,3.5451612,3.485161,3.0651612,2.1351612,2.1051612,1.3951612,0.6151611,-0.12483887,-2.004839,-2.6348388,-1.6648389,-1.9948388,-2.1348388,-2.254839,2.3151612,3.1451612,2.965161,4.665161,2.1151612,-0.054838866,-0.21483886,0.57516116,-1.7948389,-1.1148388,2.025161
-0.6948389,-3.6248388,-5.3248386,-3.3648388,-3.034839,-2.5948389,-3.314839,-2.2048388,-2.6848388,-0.29483888,0.35516113,1.8851612,0.43516114,1.4151611,3.0851612,3.035161,3.015161,2.8751612,2.465161,2.3751612,1.7951611,1.7951611,1.4651611,-0.7048389,-1.6048388,-1.5948389,-1.3348389,-2.034839,-1.7248389,-0.58483887,1.5051612,1.5251611,1.5151612,1.9351611,1.4051611,1.0451611,-0.044838868,0.41516113,0.41516113,-1.7748389,-1.5348389
