wind_kz.json
{"header": {"discipline":0,"disciplineName":"Meteorological products","gribEdition":2,"gribLength":1025,"center":7,"centerName":"US National Weather Service - NCEP(WMC)","subcenter":0,"refTime":"2023-08-06T12:00:00.000Z","significanceOfRT":1,"significanceOfRTName":"Start of forecast","productStatus":0,"productStatusName":"Operational products","productType":1,"productTypeName":"Forecast products","productDefinitionTemplate":0,"productDefinitionTemplateName":"Analysis/forecast at horizontal level/layer at a point in time","parameterCategory":2,"parameterCategoryName":"UnknownDiscipline_0_Category_2","parameterNumber":3,"parameterNumberName":"UnknownParameter_D0_C2_3","parameterUnit":"Unknown","genProcessType":2,"genProcessTypeName":"Forecast","forecastTime":240,"surface1Type":103,"surface1TypeName":"Specified height level above ground","surface1Value":10.0,"surface2Type":255,"surface2TypeName":"Missing","surface2Value":0.0,"gridDefinitionTemplate":0,"gridDefinitionTemplateName":"Latitude_Longitude","numberPoints":615,"shape":6,"shapeName":"Earth spherical with radius of 6,371,229.0 m","gridUnits":"degrees","resolution":48,"winds":"true","scanMode":64,"nx":41,"ny":15,"basicAngle":0,"lo1":47.0,"la1":41.0,"lo2":87.0,"la2":55.0,"dx":1.0,"dy":1.0}, "data":
[rows 0 to 14 of 15, columns 0 to 40 of 41]
3.3313062,3.1013062,-2.798694,-4.598694,-5.5086937,-6.288694,-5.288694,-0.25869384,2.8913062,-1.0686939,-2.4686937,-3.6986938,-3.4186938,-1.6986939,-3.498694,-5.248694,-7.118694,-6.248694,-6.708694,-5.678694,-6.128694,-3.8986938,-2.1186938,1.2613062,3.3713062,2.1113062,1.0913062,1.4213061,-3.0886939,2.4213061,-0.13869385,-3.048694,-3.768694,-10.258694,-1.6386938,0.05130615,-1.0986938,0.22130615,-0.20869385,-0.078693844,0.28130615
-1.8986938,-1.5686939,-2.6686938,-4.2586937,-5.0086937,-4.368694,-2.2086937,2.3313062,1.7613062,1.7613062,-2.1686938,-2.3186939,2.4213061,-1.9086938,-2.8586938,-5.158694,-4.9686937,-5.678694,-6.658694,-6.638694,-7.178694,-8.688694,-3.4086938,-3.6186938,1.4613061,0.41130614,1.3513062,-1.8086939,-2.9586937,-3.788694,-2.4686937,1.8513062,-0.39869386,-3.788694,-1.9386939,-3.7086937,-8.038693,2.721306,2.5413063,2.5513062,-0.54869384
-0.9486939,-0.29869384,-2.488694,-4.2986937,-4.628694,-3.3286939,2.991306,-0.92869383,-0.30869386,1.4513061,0.85130614,0.24130616,0.41130614,1.2013061,-2.6886938,-4.9686937,-4.348694,-4.938694,-6.358694,-6.9686937,-2.3386939,-6.2186937,-6.398694,-4.708694,-5.3386936,-2.798694,-1.8986938,-2.9086938,-3.8886938,-2.9286938,-3.528694,-1.5786939,-3.3186939,0.58130616,-1.1086938,-1.3486938,-3.4386938,-0.35869384,-2.3486938,0.12130615,-0.36869386
-0.8186939,0.22130615,-1.8286939,-4.438694,-2.6786938,-4.2186937,-5.2786937,-1.4586939,0.49130616,1.1313062,1.8113061,2.1713061,0.08130615,-1.8386939,-4.398694,-1.5186938,-3.0786939,-3.4386938,-4.5886936,-6.118694,-4.908694,-4.7386937,-3.288694,-3.3286939,-3.4286938,-3.488694,-4.118694,-3.9686937,-3.788694,-4.5086937,-5.908694,-4.378694,-0.078693844,3.3813062,0.5013062,-1.0286938,-3.278694,-1.1486938,-2.518694,-3.288694,-5.788694
5.391306,2.711306,0.23130615,-1.6786939,-3.1086938,-5.2786937,-6.2986937,-5.908694,-3.768694,-3.288694,-1.4886938,3.221306,6.521306,4.041306,2.201306,-1.0786939,-1.9086938,-3.1886938,-4.0686936,-1.8686938,-2.6686938,-2.6186938,-1.2786938,-2.998694,-2.8886938,-1.8886938,-2.6086938,-7.538694,-3.228694,-4.268694,-5.7386937,-7.0486937,-3.6286938,-2.988694,1.3813062,2.011306,0.021306152,-0.45869386,-2.978694,-2.9686937,-3.3786938
-4.848694,-4.928694,5.921306,4.041306,2.261306,1.0613061,-0.7586939,-3.2186937,-2.508694,-1.7186939,0.05130615,2.4213061,4.901306,6.341306,4.691306,1.9413061,0.66130614,-0.52869385,-1.6386938,1.4013062,-0.48869383,-1.0086938,-2.0686939,-1.1986939,-1.1786939,-1.1486938,2.6213062,2.0613062,-2.978694,-3.9286938,-3.488694,-3.1986938,-5.078694,-3.8986938,-3.988694,-0.6986939,-2.2086937,-2.8986938,2.2813063,-0.91869384,-2.4586937
-4.878694,-5.428694,-4.608694,-4.858694,-4.248694,-3.5786939,-4.228694,-1.0886939,-1.1986939,-2.028694,-2.8286939,1.4413061,3.721306,5.4713063,4.7413063,4.9513063,-0.048693847,-2.1886938,-3.038694,-0.59869385,1.6113062,2.201306,2.4113061,0.95130616,0.21130615,-0.5086939,0.071306154,-0.91869384,4.791306,2.5313063,-4.098694,-3.0886939,2.711306,-2.1986938,-4.0286937,0.38130614,1.4913062,-2.3586938,-2.798694,-1.3486938,-2.3986938
-5.5486937,-5.7186937,-5.378694,-5.478694,-4.828694,-3.9286938,-2.8486938,-1.2986939,-0.60869384,-1.1586938,1.5113062,3.0913062,1.9213061,3.451306,6.0313063,0.061306152,-0.43869385,0.97130615,0.98130614,-0.028693847,-1.4886938,1.8213061,2.5613062,3.8513062,2.3513062,-1.6986939,-2.3286939,-2.2186937,-1.1086938,-0.05869385,-1.6386938,-1.6486938,-1.0386939,-1.1486938,-3.1686938,-3.548694,-0.34869385,0.58130616,-1.8486938,-1.3186939,-0.49869385
-5.7986937,-6.248694,-5.9886937,-5.478694,-4.388694,-2.9386938,-2.768694,-0.5586938,-0.08869385,-0.98869383,2.981306,2.3213062,-0.32869384,-0.36869386,1.2913061,0.85130614,3.4013062,-0.38869384,1.5413061,-1.1986939,1.9913062,-1.1486938,1.7513062,-6.828694,1.8513062,-0.13869385,-1.4386939,-2.8486938,-3.238694,-3.1386938,-2.798694,-1.6786939,-2.9486938,-0.9386938,-0.21869385,-0.8186939,-2.038694,-3.0686939,-3.038694,-1.9386939,0.89130616
-5.5086937,-6.0086937,-5.248694,-4.5086937,-3.1686938,-2.6186938,-2.498694,-0.91869384,0.5013062,1.0413061,1.2313062,1.6813061,2.8413062,-1.0086938,1.7813061,-0.09869385,2.271306,3.5713062,2.3713062,2.251306,2.251306,1.5313061,-3.2186937,1.4513061,1.6813061,1.6913061,0.22130615,-1.6086938,-0.84869385,-1.8286939,-3.788694,-3.3786938,-3.1486938,0.26130617,1.4413061,1.3413062,0.46130615,-0.76869386,2.6513062,2.5413063,1.1013062
-3.8586938,-4.378694,-4.5686936,-3.4686937,-2.4286938,-2.6686938,-4.828694,-4.9686937,-2.1986938,-1.7086939,2.0413063,1.6913061,3.471306,1.2613062,0.9313061,-0.018693848,3.3013062,4.621306,4.7413063,-0.9486939,-5.168694,-3.298694,-1.9686939,1.7013061,0.58130616,1.5513061,1.3513062,-3.508694,-3.6186938,-4.478694,-3.6186938,-2.8186939,-3.548694,-0.27869385,-1.9286939,2.451306,2.6613061,1.9013062,2.201306,1.7813061,0.011306153
-4.6986938,-4.328694,-2.5986938,-2.8286939,-4.918694,-4.368694,-4.108694,-5.578694,-4.2386937,-5.328694,-3.3386939,-3.038694,3.1813061,-0.77869385,-1.8186939,2.0313063,3.6313062,2.2913063,2.1213062,0.36130616,0.5613062,7.751306,5.7013063,4.2613063,-0.24869385,1.0913062,-0.63869387,-3.048694,-3.3886938,-3.538694,-2.6686938,-3.298694,-2.4486938,-2.4586937,-3.038694,-0.078693844,5.021306,3.8013062,2.461306,2.241306,1.6913061
-3.3786938,-4.808694,-5.618694,-4.728694,-5.768694,-2.4286938,-6.1986938,-5.1986938,-3.5786939,-5.0086937,-4.5086937,-3.038694,-1.5686939,-1.7186939,-3.6886938,-2.3786938,0.48130617,-0.09869385,3.261306,2.441306,3.0413063,3.0313063,3.741306,2.5413063,1.6213062,-1.2586938,-0.41869384,0.70130616,-0.48869383,-1.2486938,-1.9886938,-1.6286938,-0.27869385,0.44130614,0.22130615,1.5813061,1.9113061,0.8813062,3.8613062,3.0613062,1.8013061
-3.3986938,-4.518694,-2.6886938,-2.6586938,-2.518694,-2.808694,-4.878694,-4.0886936,-5.998694,-3.8986938,-3.538694,-3.498694,-5.7786937,-1.7186939,1.0813061,1.7713062,0.34130615,-1.2086939,-1.7786938,-3.6386938,-6.5886936,1.6113062,0.43130615,0.6813061,0.83130616,0.9313061,2.1013062,0.7413061,-1.0586939,-2.508694,-3.4486938,-4.2386937,-4.728694,-2.288694,-2.4486938,-1.9386939,1.0213062,-1.2386938,-1.7186939,-1.3086939,0.7413061
-3.048694,-3.3686938,-2.498694,-2.248694,-2.508694,-2.6186938,-3.9586937,-6.098694,-4.8186936,-4.188694,0.5013062,-3.5886939,-1.6386938,-1.5586939,1.4013062,2.5513062,1.3213061,-1.0086938,-4.9486938,-1.3586938,5.5113063,-3.8786938,-1.6786939,2.6613061,2.3713062,-0.45869386,1.3613062,1.2513062,-0.90869385,-0.73869383,3.511306,0.89130616,-1.3886938,-3.548694,-3.8986938,-3.6186938,-3.488694,-3.0686939,-1.9786938,-2.0786939,0.24130616
