wind_kz.json
{"header": {"discipline":0,"disciplineName":"Meteorological products","gribEdition":2,"gribLength":1025,"center":7,"centerName":"US National Weather Service - NCEP(WMC)","subcenter":0,"refTime":"2024-04-08T00:00:00.000Z","significanceOfRT":1,"significanceOfRTName":"Start of forecast","productStatus":0,"productStatusName":"Operational products","productType":1,"productTypeName":"Forecast products","productDefinitionTemplate":0,"productDefinitionTemplateName":"Analysis/forecast at horizontal level/layer at a point in time","parameterCategory":2,"parameterCategoryName":"UnknownDiscipline_0_Category_2","parameterNumber":3,"parameterNumberName":"UnknownParameter_D0_C2_3","parameterUnit":"Unknown","genProcessType":2,"genProcessTypeName":"Forecast","forecastTime":0,"surface1Type":103,"surface1TypeName":"Specified height level above ground","surface1Value":10.0,"surface2Type":255,"surface2TypeName":"Missing","surface2Value":0.0,"gridDefinitionTemplate":0,"gridDefinitionTemplateName":"Latitude_Longitude","numberPoints":615,"shape":6,"shapeName":"Earth spherical with radius of 6,371,229.0 m","gridUnits":"degrees","resolution":48,"winds":"true","scanMode":64,"nx":41,"ny":15,"basicAngle":0,"lo1":47.0,"la1":41.0,"lo2":87.0,"la2":55.0,"dx":1.0,"dy":1.0}, "data":
[rows 0 to 14 of 15, columns 0 to 40 of 41]
1.4600122,-1.3999878,-1.1399878,-5.259988,-5.559988,-2.8399878,-3.1699877,-2.0699878,-3.5799878,-3.0699878,-5.699988,-6.0399876,-5.8999877,-2.2399879,-2.189988,-2.2199879,-0.4599878,-1.7699878,-0.8599878,0.2000122,0.92001224,0.3700122,-0.4299878,-2.2399879,-1.7899878,-1.6399878,-1.6099877,0.9400122,2.0000122,2.3900123,-4.219988,-4.0199876,0.3600122,-0.7599878,-0.7199878,-1.6499878,-1.8399878,0.020012207,-0.5099878,3.4100122,2.7000122
1.1100122,0.9700122,-2.2399879,-5.259988,-6.5899878,-4.6099877,-4.1699877,-1.5299878,-1.5799878,-2.949988,-2.7399879,-2.5999877,-4.5899878,-5.029988,-4.989988,-4.079988,-1.9099878,-0.1999878,0.7000122,1.7000122,1.1800122,-0.12998779,1.7800122,2.4700122,-3.2499878,-2.7899878,-3.5299878,1.4400122,0.6300122,1.3000122,6.7100124,5.340012,-1.2699878,-2.7999878,-5.6099877,-1.7399879,-1.9999878,-3.8499877,-1.9199878,0.9700122,0.3700122
2.050012,1.6100122,-1.2199878,-3.2099879,-4.659988,-4.009988,-4.8999877,-4.699988,-5.4799876,-6.559988,-6.599988,-4.409988,-4.599988,-2.3099878,-4.6699877,-5.3599877,-3.7999878,-3.439988,3.6500123,3.7000122,2.4600122,0.7000122,1.5000122,0.6800122,2.0800123,2.0900123,1.4500122,1.3600122,-0.019987794,2.9000123,5.280012,3.320012,2.9000123,-0.029987793,-1.2599878,2.320012,2.9600122,-1.2199878,-0.109987795,-0.5399878,1.8900123
1.2900122,0.67001224,-3.2499878,-4.5399876,-4.2899876,-2.7999878,-3.9999878,-4.2099876,-3.7499878,-3.7999878,-3.8899877,-4.2099876,-5.849988,-6.1899877,-1.2599878,2.1700122,-3.9099877,-3.689988,-0.4199878,3.7200122,3.810012,1.6200122,2.1100123,2.300012,1.8700122,3.5300121,2.6400123,0.3600122,4.0400124,3.8700123,4.570012,-0.63998777,-1.6299878,-1.7699878,-0.4599878,0.030012207,3.2900121,2.1000123,1.8200122,0.6300122,0.92001224
-0.4499878,-1.3599877,-2.8099878,-3.2399879,-2.6299877,-1.7199878,-1.6899878,-0.2299878,-1.7899878,-2.1199877,-2.5899878,-3.1399877,-3.929988,-4.5399876,-4.279988,-2.7299879,-0.2899878,0.7300122,-0.43998778,3.5400121,2.050012,-0.9799878,2.4500122,2.300012,1.8500122,1.7300122,2.300012,0.8100122,1.5600122,3.7700121,2.070012,1.8600122,1.5200123,2.570012,-0.9199878,-1.4899879,-1.1599878,0.7600122,1.2200122,1.0800122,0.9300122
-0.7499878,-0.15998779,-1.2499878,-1.2099878,-2.3899877,-2.6599877,-2.5899878,-2.1399877,-1.2799878,-0.82998776,-1.7799878,-2.0999877,-3.0099878,-2.0599878,-2.3399878,-1.9699878,-1.1299878,0.25001222,-0.069987796,2.2900121,3.7700121,2.800012,2.4800122,3.4600122,3.6200123,2.2900121,1.4000123,1.7600121,0.1700122,0.7200122,-0.6599878,2.070012,2.320012,2.6500123,2.4300122,-2.2499878,2.5200121,0.15001221,-3.449988,-3.3899877,2.1200123
0.9400122,0.3800122,0.47001222,-0.5199878,-1.1599878,-1.8299878,-2.0899878,-1.4499878,-1.9599878,-1.8599877,-2.1599877,-2.6699877,-1.3599877,-0.6499878,-1.0699878,-1.5399878,-1.0499878,0.9600122,1.0400122,2.3800123,2.800012,3.3700123,3.550012,3.8500123,3.4500122,2.0100121,0.3600122,2.9800122,1.2600121,-0.49998778,-0.7799878,0.6500122,2.070012,1.9400122,-0.2199878,-1.1699878,-2.4699879,-1.0799878,-1.7799878,-0.3199878,-2.2899878
-1.4699878,-0.9699878,-1.7199878,-1.5799878,-1.8499877,-1.5399878,-1.7099878,-0.9599878,-0.57998776,-0.6099878,-1.5899878,-1.7999878,-2.8699877,0.1700122,0.5700122,0.2900122,0.5300122,0.2900122,1.9800122,4.380012,3.050012,2.7400122,3.6600122,2.820012,3.8700123,3.6800122,4.6400123,0.8700122,0.3900122,-1.5799878,1.5200123,2.9200122,1.3700122,0.7900122,1.5400122,1.4300122,-0.8599878,-0.3599878,0.08001221,0.1600122,-1.4199878
-1.2899878,-2.0899878,-2.4899879,-2.4999878,-2.0199878,-2.429988,-2.7699878,-1.5499878,0.040012207,0.3600122,-0.7099878,-0.8799878,-2.8499877,-0.7799878,1.6200122,0.31001222,1.1800122,2.6400123,4.130012,4.050012,3.5000122,0.61001223,3.5800123,4.280012,-0.17998779,1.9800122,2.1100123,2.310012,2.4100122,1.7100122,2.1700122,2.310012,2.4900122,0.5800122,0.6300122,0.040012207,-3.2099879,-0.1399878,-1.7599878,-2.0699878,-3.3899877
-1.3199878,-1.3899878,-2.2599878,-2.1599877,-2.5799878,-2.3299878,-2.5999877,-2.699988,-2.1399877,-0.7899878,-0.7199878,-0.8499878,-0.4499878,-1.7399879,-1.3899878,-0.3999878,2.5000122,2.3500123,2.2700121,2.8500123,4.610012,4.420012,4.5800123,7.130012,6.690012,4.0400124,3.2900121,2.2100122,2.7900121,3.060012,3.0800123,2.1600122,1.3200122,0.7400122,0.3900122,0.13001221,0.5600122,-2.949988,-0.1899878,1.6200122,0.92001224
-0.4899878,-1.6999878,-1.7799878,-2.2999878,-2.0199878,-2.3599877,-2.6099877,-2.9799879,-3.3499877,-2.9199877,-2.5099878,-0.3499878,-0.9999878,-1.6599878,-1.3399878,-0.9899878,2.7800121,2.9200122,3.0400121,2.0300121,1.6900122,3.1900122,4.190012,3.7900121,3.320012,4.720012,1.6200122,3.0100121,1.7900122,2.4700122,2.1800122,1.9700122,1.9700122,1.4500122,1.9300122,1.6400123,0.67001224,2.2700121,1.4200122,1.1700122,-0.27998778
0.08001221,0.3400122,-0.09998779,-0.82998776,-0.7199878,-1.4399878,-2.4199877,-4.6499877,-4.8599877,-3.0299878,-0.6699878,-1.9199878,-1.7099878,-3.5299878,-3.0499878,0.060012206,2.8300123,2.570012,1.8000122,1.4900122,2.3700123,2.9300122,2.6500123,1.2500122,3.4600122,2.3900123,2.5300121,3.5900123,2.7900121,2.2300122,2.0400121,2.0300121,0.9300122,1.2400122,0.7700122,-0.4799878,0.31001222,-0.7099878,0.13001221,-0.7899878,0.5100122
0.5400122,0.6900122,0.7600122,0.070012204,0.1700122,0.23001221,0.6500122,-0.2199878,-4.929988,-2.3799877,-0.03998779,-0.8599878,-0.88998777,-2.7399879,-2.8099878,-0.079987794,1.4700122,1.7300122,1.7500122,1.2700123,2.800012,2.4100122,3.2200122,2.9600122,3.3400123,3.2000122,2.8700123,2.8300123,2.5900123,1.9500122,1.8400122,1.3400122,0.3600122,-0.4799878,-0.11998779,0.1700122,-0.6299878,-1.0099878,-1.0999877,-1.0799878,-0.5199878
0.2600122,-0.049987793,-2.0799878,-1.6299878,-1.6899878,-0.8999878,-1.4799877,0.010012207,-1.6199878,-3.0599878,-0.2599878,-0.11998779,-0.11998779,0.2700122,-1.6499878,-0.5199878,1.8400122,1.3300122,0.6200122,0.3800122,0.6500122,1.2200122,1.3800122,2.5200121,2.4300122,2.4000123,2.2800121,2.0000122,1.8100122,1.7800122,1.2700123,1.0000122,0.5400122,0.7000122,-0.5899878,-0.5599878,-0.82998776,-1.4099878,-1.7899878,-1.2399879,-1.5099878
0.5900122,-0.5099878,-1.3299878,-2.1399877,-2.9999878,-3.3699877,-3.2799878,-2.3699877,-2.3499877,-1.8199878,-1.2599878,-0.2999878,-0.109987795,-0.3799878,0.7300122,0.6800122,1.6700122,2.2100122,1.4400122,1.6000122,1.1300122,1.5200123,2.1900122,2.1600122,2.0400121,2.2100122,2.3600123,1.8900123,2.0100121,1.4300122,1.1900122,0.3400122,0.18001221,0.1400122,-0.2499878,-0.109987795,-0.9999878,-1.0499878,-1.4099878,-3.3699877,-0.5499878
