wind.json
{"header": {"discipline":0,"disciplineName":"Meteorological products","gribEdition":2,"gribLength":1211,"center":7,"centerName":"US National Weather Service - NCEP(WMC)","subcenter":0,"refTime":"2023-05-29T18:00:00.000Z","significanceOfRT":1,"significanceOfRTName":"Start of forecast","productStatus":0,"productStatusName":"Operational products","productType":1,"productTypeName":"Forecast products","productDefinitionTemplate":0,"productDefinitionTemplateName":"Analysis/forecast at horizontal level/layer at a point in time","parameterCategory":2,"parameterCategoryName":"UnknownDiscipline_0_Category_2","parameterNumber":2,"parameterNumberName":"UnknownParameter_D0_C2_2","parameterUnit":"Unknown","genProcessType":2,"genProcessTypeName":"Forecast","forecastTime":60,"surface1Type":103,"surface1TypeName":"Specified height level above ground","surface1Value":10.0,"surface2Type":255,"surface2TypeName":"Missing","surface2Value":0.0,"gridDefinitionTemplate":0,"gridDefinitionTemplateName":"Latitude_Longitude","numberPoints":688,"shape":6,"shapeName":"Earth spherical with radius of 6,371,229.0 m","gridUnits":"degrees","resolution":48,"winds":"true","scanMode":64,"nx":43,"ny":16,"basicAngle":0,"lo1":45.0,"la1":40.0,"lo2":87.0,"la2":55.0,"dx":1.0,"dy":1.0}, "data":
[rows 0 to 15 of 16, columns 0 to 42 of 43]
2.4341285,1.6841284,-2.2958715,4.3041286,-1.6358715,-0.18587159,2.4841285,4.034128,3.6841285,1.0541284,-3.7158716,-0.13587159,-2.1958716,-4.0158715,-6.1858716,-6.4158716,-6.0958714,-5.2858715,-5.9758716,-5.2658715,-3.4658716,-1.4758716,-1.6658716,1.2141284,3.8041284,1.0941284,0.17412841,0.5441284,-0.36587158,-1.4758716,-0.65587157,-0.4458716,-0.3158716,-2.6258717,-4.1558714,-3.3258715,-2.0558715,-4.7858715,-5.0958714,-5.9558716,-7.0958714,-7.8458714,-8.725872
0.024128418,7.244128,4.1841283,1.3341284,-1.0958716,5.534128,4.2041283,4.9541283,6.8241286,2.5841284,-4.9158716,-4.1858716,-4.0358715,-6.2858715,-7.6558714,-8.235871,-8.015872,-8.415872,-7.7858715,-7.3658714,-6.5958714,-3.4558716,2.0541284,3.6241283,2.4941285,4.0041285,0.35412842,-1.1858716,1.9741284,1.0341284,1.2641284,1.8141284,1.4141284,0.96412843,-2.4758716,-8.605871,-6.0758715,-5.2258716,-5.0658717,-5.3758717,-4.8258715,-6.6858716,-4.6858716
2.8841283,0.7541284,1.7741284,-2.6458716,2.0441284,4.3841286,4.1441283,5.3841286,0.7441284,-1.4358716,-3.3758717,-5.4458714,-6.3158717,-7.6758714,-7.0858717,-7.2058716,-7.505872,-7.7958717,-7.965872,-7.3258715,-4.6858716,-7.3858714,-6.5858717,-5.2758718,0.31412843,2.7441285,0.6641284,-0.085871585,0.9441284,0.5741284,1.8741285,2.0241284,-0.09587158,-0.3158716,0.8241284,2.4941285,-1.0258716,-4.3458714,-3.5858717,-2.7658715,-0.11587158,-2.7258716,-1.5858716
1.6341285,2.0741284,4.8541284,9.154128,8.014129,6.0941286,5.5541286,5.1441283,0.5641284,-3.4258716,-5.5958714,-5.7758718,-5.985872,-6.2258716,-7.1558714,-6.3558717,-6.0458717,-5.9358716,-8.465872,-9.225872,-9.725872,-8.475872,-6.5158715,-12.735871,-10.525871,-12.145871,-6.6558714,-6.9358716,-4.5258718,-0.79587156,0.28412843,-1.4958715,1.0941284,-2.2258716,-0.30587158,1.6641284,-1.4458716,1.0141284,2.5241284,1.2241284,5.4441285,7.1141286,3.2241285
5.1441283,7.9141283,7.744128,7.744128,8.604129,8.264129,7.1541286,4.4841285,-1.6458716,-2.7358716,-4.485872,-5.6458716,-6.1858716,-5.3158717,-5.6758714,-1.5758716,-3.7958715,-5.4258714,-7.5158715,-9.855871,-10.5358715,-11.905871,-12.905871,-16.195871,-11.625872,-11.995872,-11.295872,-10.885872,-10.575871,-10.695871,-8.835872,-4.6858716,-0.5658716,2.0241284,4.3641286,3.8641284,4.4441285,4.1641283,2.2241285,2.4641285,-2.3358717,-5.5258718,-4.7958717
5.6241283,7.9641285,9.984128,15.444128,10.684129,11.174129,9.594129,6.244128,0.7441284,-3.4958715,-3.7358716,-4.9558716,-4.3958716,-4.1758714,-2.3458717,-1.8058716,-1.7058716,-4.6558714,-6.005872,-7.3858714,-8.915872,-10.375872,-11.755872,-11.115871,-10.795872,-10.755872,-11.555872,-11.225872,-11.385872,-8.865871,-8.585872,-7.755872,-6.5458717,-4.0758715,-1.1958716,1.1341285,-3.5758715,-3.8058715,0.4941284,-2.5158715,-5.1558714,-2.5158715,-3.1458716
8.554129,6.9541283,7.2041283,3.7341285,2.4541285,5.1441283,6.7241282,2.3041284,-0.5558716,-3.6258717,-3.4958715,-3.2058716,-2.7858715,-2.8558717,-0.07587158,-1.9058716,-1.7358716,-3.2358716,-3.9958715,-5.1758714,-6.8158717,-6.5658717,-7.0958714,-7.1258717,-6.735872,-7.1958714,-7.985872,-9.2858715,-10.275871,-5.0458717,-7.7258716,-7.8358717,-8.325871,-7.965872,-6.3358717,-2.5658715,-0.19587158,4.5241284,1.6641284,1.0341284,-2.8458717,-2.9858716,-3.0058715
4.7241282,5.6241283,2.5541284,-2.7258716,-3.2358716,-0.34587157,0.18412842,-1.7958716,-3.8858716,-3.6458716,-2.9858716,-2.7158716,-4.1658716,-2.8758717,-2.9958715,-4.0858717,-4.5258718,-3.8958716,-3.4658716,-3.1958716,-3.4058716,-3.6858716,-3.9358716,-3.5958717,-3.2158716,-3.0958717,-4.3758717,-5.4258714,-6.4058714,-6.0658717,-6.1458716,-6.215872,-5.6758714,-5.6158714,-4.8758717,-2.3558717,-0.5058716,2.6641283,1.9341284,-0.7458716,1.6941284,0.3641284,4.2341285
1.0141284,1.1441284,-3.2058716,-7.235872,-5.6158714,-4.1658716,-5.6458716,-4.8458714,-5.0658717,-3.4258716,-3.0758715,-3.1958716,-3.7358716,-4.3958716,-4.4058714,-5.255872,-5.3458714,-6.2758718,-6.8858714,-5.6458716,-4.8058715,-5.8858714,-6.4458714,-6.6058717,-5.235872,-3.3358717,-1.1858716,-2.8258715,-4.2058716,-4.2658715,-4.8558717,-4.2658715,-5.0158715,-4.2758718,-3.4358716,-2.6558716,-1.9958715,-2.5758715,-0.8858716,2.1541283,2.3641284,2.9041283,3.8141284
-0.59587157,0.7241284,-1.4758716,-3.9358716,-5.6358714,-4.6258717,-3.1458716,-5.5258718,-4.3258715,-4.0458717,-3.3958716,-3.9958715,-3.7058716,-3.6558716,-2.6458716,-4.3258715,-4.7958717,-5.3958716,-4.8158717,-4.3458714,-3.6958716,-3.9558716,-3.4158716,-4.2858715,-5.0158715,-4.485872,-4.6758714,-3.3958716,-3.4258716,-3.9258716,-4.4258714,-4.7858715,-5.0258718,-3.9458716,-2.8658717,-2.1458716,-1.5358716,0.47412843,-3.4658716,-0.9358716,-1.0458716,-1.5258716,-1.5258716
-1.4758716,-0.03587158,-2.0858717,-1.4358716,-2.3758717,-3.9958715,-3.5158715,-0.5558716,-3.0458715,-2.7558715,-2.2658715,-2.2058716,-2.1858716,-2.7258716,-1.7058716,-1.8058716,-3.3358717,-4.0758715,-4.7858715,-4.0858717,-2.7058716,-2.2058716,-2.8458717,-2.7158716,-3.5558715,-4.1658716,-4.1958714,-3.9458716,-3.7958715,-3.8258715,-4.735872,-5.5358715,-4.9258714,-4.4458714,-3.6458716,-3.2058716,-2.4958715,-0.97587156,2.3741283,0.08412842,-1.7558715,-1.0158715,0.6041284
0.58412844,0.7841284,0.21412842,-0.07587158,-2.1958716,-0.72587156,-1.6258715,-2.8358717,-0.97587156,0.96412843,-0.23587158,-0.20587158,-0.8058716,0.41412842,0.6941284,0.06412842,0.40412843,-0.3158716,-1.3158716,-2.1658716,-1.9858716,-3.0158715,-2.7458715,-1.6758716,-2.1158717,-2.7258716,-3.7958715,-4.1358714,-3.8758717,-3.4758716,-4.4958715,-5.1358714,-4.9458714,-5.0558715,-4.4558716,-5.2058716,-4.7858715,-3.6558716,-0.2558716,-1.0458716,0.004128418,-1.2158716,-0.19587158
1.8441284,2.1341283,1.1641284,0.3641284,0.23412842,0.3941284,0.13412842,-0.3158716,-1.4158716,0.65412843,1.2641284,-1.4558716,0.3941284,1.5141284,0.7441284,1.6941284,2.7341285,3.0741284,1.9041284,1.2241284,1.2241284,-1.1858716,-2.3758717,-2.7258716,-1.3358716,-0.7158716,-1.5358716,-2.4358716,-2.8158715,-2.1958716,-3.6558716,-3.6758716,-4.0658717,-5.4558716,-4.4058714,-5.2858715,-5.4258714,-6.5458717,-6.4958715,-5.5758715,-3.2858715,-1.5358716,-1.3458716
3.3541284,3.3941283,3.0141284,2.5441284,2.2641284,2.2741284,1.4441284,1.6741284,1.7141284,1.1841284,2.8641284,2.2641284,0.7941284,2.2541285,2.8841283,2.7141285,2.5341284,2.0741284,3.6341283,4.7941284,2.2141285,1.6841284,0.08412842,-1.2558715,-1.0758716,-0.97587156,0.9241284,-2.0458715,-1.6058716,-2.3658717,-1.7058716,-3.1658716,-3.0058715,-3.8758717,-4.3858714,-4.6858716,-4.5158715,-5.1358714,-4.8158717,-3.6158717,-4.2458715,-3.8458717,-3.2258716
5.4341283,3.6441283,3.6841285,3.9441285,2.1941285,3.2441285,2.8841283,2.9741285,3.4541285,3.0541284,0.9941284,3.3741283,3.3941283,2.6041284,2.0041285,2.6741285,3.3741283,2.3441284,2.5041285,2.2841284,3.8441284,2.2341285,1.3941284,0.014128418,0.6341284,-0.025871582,0.7341284,1.0141284,-0.16587158,0.13412842,-0.43587157,-0.5658716,-1.1058716,-2.3758717,-2.6658716,-2.9758716,-3.2258716,-4.2458715,-3.2758715,-2.5858717,-3.8558717,-3.2358716,-1.7758716
4.3741283,4.4141283,3.6641283,4.3941283,4.0841284,3.3841283,3.8541284,3.4741285,4.4741282,3.9341285,3.6741285,2.4641285,2.6941285,4.2041283,2.3541284,2.1241283,3.0841284,3.7641284,2.8141284,2.1441283,1.4741284,3.8441284,0.7841284,1.5441284,0.5541284,1.2141284,0.4341284,1.5041285,1.6141285,0.41412842,0.7841284,1.0441284,-0.18587159,2.8241284,1.5341284,-1.2658715,-1.4758716,-2.0958717,-2.9058716,-2.3058715,-2.1058717,-2.0158715,-0.5558716
